SOL,TIMESTAMP,LMST,LTST,AMBIENT_TEMP,PRESSURE,HORIZONTAL_WIND_SPEED,VERTICAL_WIND_SPEED,WIND_DIRECTION,WS_CONFIDENCE_LEVEL,PRESSURE_UNCERTAINTY,VOLUME_MIXING_RATIO,LOCAL_RELATIVE_HUMIDITY
532,444674504,"00532M00:00:45.462","00532 00:13:46",197.07,888.00,,,,"     ",3.60,,
532,444674505,"00532M00:00:46.435","00532 00:13:47",197.12,887.98,,,,"     ",3.60,17.57,15.53
532,444674506,"00532M00:00:47.408","00532 00:13:48",197.16,888.02,,,,"     ",3.60,17.58,15.48
532,444674507,"00532M00:00:48.381","00532 00:13:49",197.19,887.96,,,,"     ",3.60,17.62,15.46
532,444674508,"00532M00:00:49.355","00532 00:13:50",197.22,887.98,,,,"     ",3.60,17.67,15.45
532,444674509,"00532M00:00:50.328","00532 00:13:51",197.24,887.91,,,,"     ",3.60,17.70,15.42
532,444674510,"00532M00:00:51.301","00532 00:13:52",197.25,888.00,,,,"     ",3.60,17.74,15.40
532,444674511,"00532M00:00:52.274","00532 00:13:53",197.25,888.01,,,,"     ",3.60,17.69,15.31
532,444674512,"00532M00:00:53.248","00532 00:13:54",197.25,887.90,,,,"     ",3.60,17.72,15.29
532,444674513,"00532M00:00:54.221","00532 00:13:55",197.25,887.88,,,,"     ",3.60,17.81,15.31
532,444674514,"00532M00:00:55.194","00532 00:13:56",197.25,887.85,,,,"     ",3.60,17.71,15.17
532,444674515,"00532M00:00:56.167","00532 00:13:57",197.24,887.88,,,,"     ",3.60,17.78,15.19
532,444674516,"00532M00:00:57.141","00532 00:13:58",197.50,887.91,,,,"     ",3.60,17.75,15.12
532,444674517,"00532M00:00:58.114","00532 00:13:59",197.48,887.88,,,,"     ",3.60,17.87,15.18
532,444674518,"00532M00:00:59.087","00532 00:14:00",197.45,887.91,,,,"     ",3.60,17.89,15.16
532,444674519,"00532M00:01:00.060","00532 00:14:01",197.43,888.04,,,,"     ",3.60,17.85,15.07
532,444674520,"00532M00:01:01.034","00532 00:14:02",197.39,887.99,,,,"     ",3.60,17.87,15.05
532,444674521,"00532M00:01:02.007","00532 00:14:03",197.35,887.96,,,,"     ",3.60,17.88,15.01
532,444674522,"00532M00:01:02.980","00532 00:14:04",197.30,887.93,,,,"     ",3.60,17.93,15.02
532,444674523,"00532M00:01:03.953","00532 00:14:05",197.25,887.85,,,,"     ",3.60,17.90,14.95
532,444674524,"00532M00:01:04.927","00532 00:14:06",197.19,887.88,,,,"     ",3.60,17.90,14.91
532,444674525,"00532M00:01:05.900","00532 00:14:07",197.16,887.90,,,,"     ",3.60,18.08,15.03
532,444674526,"00532M00:01:06.873","00532 00:14:08",197.14,887.91,,,,"     ",3.60,17.98,14.90
532,444674527,"00532M00:01:07.846","00532 00:14:09",197.14,887.93,,,,"     ",3.60,17.97,14.86
532,444674528,"00532M00:01:08.820","00532 00:14:10",197.16,887.96,,,,"     ",3.60,17.94,14.79
532,444674529,"00532M00:01:09.793","00532 00:14:10",197.18,887.93,,,,"     ",3.60,17.95,14.77
532,444674530,"00532M00:01:10.766","00532 00:14:11",197.20,887.94,,,,"     ",3.60,17.96,14.75
532,444674531,"00532M00:01:11.739","00532 00:14:12",197.23,887.97,,,,"     ",3.60,17.94,14.69
532,444674532,"00532M00:01:12.713","00532 00:14:13",197.25,887.95,,,,"     ",3.60,17.92,14.65
532,444674533,"00532M00:01:13.686","00532 00:14:14",197.28,887.96,,,,"     ",3.60,18.02,14.69
532,444674534,"00532M00:01:14.659","00532 00:14:15",197.31,887.99,,,,"     ",3.60,17.99,14.64
532,444674535,"00532M00:01:15.632","00532 00:14:16",197.33,887.92,,,,"     ",3.60,18.11,14.70
532,444674536,"00532M00:01:16.606","00532 00:14:17",197.35,887.89,,,,"     ",3.60,18.08,14.64
532,444674537,"00532M00:01:17.579","00532 00:14:18",197.21,887.93,,,,"     ",3.60,18.04,14.58
532,444674538,"00532M00:01:18.552","00532 00:14:19",197.24,887.87,,,,"     ",3.60,18.08,14.58
532,444674539,"00532M00:01:19.525","00532 00:14:20",197.27,887.84,,,,"     ",3.60,18.10,14.58
532,444674540,"00532M00:01:20.499","00532 00:14:21",197.29,887.75,,,,"     ",3.60,18.11,14.55
532,444674541,"00532M00:01:21.472","00532 00:14:22",197.29,887.80,,,,"     ",3.60,17.96,14.41
532,444674542,"00532M00:01:22.445","00532 00:14:23",197.27,887.81,,,,"     ",3.60,18.12,14.51
532,444674543,"00532M00:01:23.418","00532 00:14:24",197.42,887.83,,,,"     ",3.60,18.14,14.49
532,444674544,"00532M00:01:24.392","00532 00:14:25",197.39,887.95,,,,"     ",3.60,18.07,14.41
532,444674545,"00532M00:01:25.365","00532 00:14:26",197.35,887.88,,,,"     ",3.60,18.17,14.47
532,444674546,"00532M00:01:26.338","00532 00:14:27",197.30,887.80,,,,"     ",3.60,18.27,14.52
532,444674547,"00532M00:01:27.311","00532 00:14:28",197.26,887.84,,,,"     ",3.60,18.11,14.37
532,444674548,"00532M00:01:28.285","00532 00:14:29",197.22,887.89,,,,"     ",3.60,18.18,14.41
532,444674549,"00532M00:01:29.258","00532 00:14:30",197.19,888.01,,,,"     ",3.60,18.14,14.35
532,444674550,"00532M00:01:30.231","00532 00:14:31",197.16,887.91,,,,"     ",3.60,18.18,14.35
532,444674551,"00532M00:01:31.204","00532 00:14:32",197.12,888.03,,,,"     ",3.60,18.14,14.30
532,444674552,"00532M00:01:32.178","00532 00:14:33",197.09,888.03,,,,"     ",3.60,18.17,14.30
532,444674553,"00532M00:01:33.151","00532 00:14:34",197.06,888.01,,,,"     ",3.60,18.21,14.31
532,444674554,"00532M00:01:34.124","00532 00:14:35",197.03,888.00,,,,"     ",3.60,18.23,14.30
532,444674555,"00532M00:01:35.097","00532 00:14:36",197.00,888.09,,,,"     ",3.60,18.22,14.28
532,444674556,"00532M00:01:36.071","00532 00:14:37",196.97,887.97,,,,"     ",3.60,18.15,14.19
532,444674557,"00532M00:01:37.044","00532 00:14:38",196.94,887.93,,,,"     ",3.60,18.22,14.23
532,444674558,"00532M00:01:38.017","00532 00:14:39",196.92,887.89,,,,"     ",3.60,18.20,14.19
532,444674559,"00532M00:01:38.990","00532 00:14:40",196.90,887.92,,,,"     ",3.60,18.42,14.35
532,444674560,"00532M00:01:39.964","00532 00:14:41",196.88,887.96,,,,"     ",3.60,18.27,14.21
532,444674561,"00532M00:01:40.937","00532 00:14:42",196.87,887.90,,,,"     ",3.60,18.19,14.12
532,444674562,"00532M00:01:41.910","00532 00:14:43",196.87,887.94,,,,"     ",3.60,18.15,14.07
532,444674563,"00532M00:01:42.883","00532 00:14:44",196.87,887.97,,,,"     ",3.60,18.30,14.17
532,444674564,"00532M00:01:43.857","00532 00:14:45",196.88,887.95,,,,"     ",3.60,18.05,13.96
532,444674565,"00532M00:01:44.830","00532 00:14:46",196.88,887.99,,,,"     ",3.60,18.30,14.14
532,444674566,"00532M00:01:45.803","00532 00:14:46",196.87,887.98,,,,"     ",3.60,18.27,14.09
532,444674567,"00532M00:01:46.776","00532 00:14:47",196.87,887.83,,,,"     ",3.60,18.23,14.05
532,444674568,"00532M00:01:47.750","00532 00:14:48",196.86,887.81,,,,"     ",3.60,18.02,13.86
532,444674569,"00532M00:01:48.723","00532 00:14:49",196.86,888.04,,,,"     ",3.60,18.28,14.04
532,444674570,"00532M00:01:49.696","00532 00:14:50",196.85,888.03,,,,"     ",3.60,18.37,14.10
532,444674571,"00532M00:01:50.669","00532 00:14:51",196.85,888.11,,,,"     ",3.60,18.30,14.03
532,444674572,"00532M00:01:51.643","00532 00:14:52",196.83,888.21,,,,"     ",3.60,18.29,14.00
532,444674573,"00532M00:01:52.616","00532 00:14:53",196.81,888.13,,,,"     ",3.60,18.44,14.10
532,444674574,"00532M00:01:53.589","00532 00:14:54",196.79,887.99,,,,"     ",3.60,18.28,13.95
532,444674575,"00532M00:01:54.563","00532 00:14:55",196.77,888.04,,,,"     ",3.60,18.33,13.98
532,444674576,"00532M00:01:55.536","00532 00:14:56",196.74,887.96,,,,"     ",3.60,18.31,13.95
532,444674577,"00532M00:01:56.509","00532 00:14:57",196.72,887.99,,,,"     ",3.60,18.31,13.93
532,444674578,"00532M00:01:57.482","00532 00:14:58",196.69,887.94,,,,"     ",3.60,18.35,13.94
532,444674579,"00532M00:01:58.456","00532 00:14:59",196.67,887.94,,,,"     ",3.60,18.38,13.95
532,444674580,"00532M00:01:59.429","00532 00:15:00",196.66,887.93,,,,"     ",3.60,18.40,13.96
532,444674581,"00532M00:02:00.402","00532 00:15:01",196.64,887.95,,,,"     ",3.60,18.32,13.87
532,444674582,"00532M00:02:01.375","00532 00:15:02",196.64,887.97,,,,"     ",3.60,18.34,13.88
532,444674583,"00532M00:02:02.349","00532 00:15:03",196.64,887.91,,,,"     ",3.60,18.40,13.90
532,444674584,"00532M00:02:03.322","00532 00:15:04",196.65,887.97,,,,"     ",3.60,18.39,13.88
532,444674585,"00532M00:02:04.295","00532 00:15:05",196.67,887.93,,,,"     ",3.60,18.40,13.88
532,444674586,"00532M00:02:05.268","00532 00:15:06",196.68,887.97,,,,"     ",3.60,18.41,13.86
532,444674587,"00532M00:02:06.242","00532 00:15:07",196.70,888.03,,,,"     ",3.60,18.41,13.86
532,444674588,"00532M00:02:07.215","00532 00:15:08",196.72,888.08,,,,"     ",3.60,18.37,13.80
532,444674589,"00532M00:02:08.188","00532 00:15:09",196.74,888.01,,,,"     ",3.60,18.42,13.84
532,444674590,"00532M00:02:09.161","00532 00:15:10",196.76,887.95,,,,"     ",3.60,18.44,13.83
532,444674591,"00532M00:02:10.135","00532 00:15:11",196.77,887.92,,,,"     ",3.60,18.46,13.83
532,444674592,"00532M00:02:11.108","00532 00:15:12",196.79,887.96,,,,"     ",3.60,18.38,13.76
532,444674593,"00532M00:02:12.081","00532 00:15:13",196.80,887.92,,,,"     ",3.60,18.41,13.76
532,444674594,"00532M00:02:13.054","00532 00:15:14",196.80,888.03,,,,"     ",3.60,18.37,13.72
532,444674595,"00532M00:02:14.028","00532 00:15:15",196.80,888.09,,,,"     ",3.60,18.36,13.70
532,444674596,"00532M00:02:15.001","00532 00:15:16",196.80,888.04,,,,"     ",3.60,18.39,13.71
532,444674597,"00532M00:02:15.974","00532 00:15:17",196.78,888.00,,,,"     ",3.60,18.39,13.69
532,444674598,"00532M00:02:16.947","00532 00:15:18",196.77,888.23,,,,"     ",3.60,18.45,13.73
532,444674599,"00532M00:02:17.921","00532 00:15:19",196.74,888.07,,,,"     ",3.60,18.43,13.70
532,444674600,"00532M00:02:18.894","00532 00:15:20",196.72,888.03,,,,"     ",3.60,18.48,13.72
532,444674601,"00532M00:02:19.867","00532 00:15:21",196.69,887.95,,,,"     ",3.60,18.47,13.70
532,444674602,"00532M00:02:20.840","00532 00:15:22",196.66,887.91,,,,"     ",3.60,18.37,13.61
532,444674603,"00532M00:02:21.814","00532 00:15:23",196.64,887.68,,,,"     ",3.60,18.38,13.60
532,444674604,"00532M00:02:22.787","00532 00:15:23",196.62,887.79,,,,"     ",3.60,18.45,13.65
532,444674605,"00532M00:02:23.760","00532 00:15:24",196.60,887.91,,,,"     ",3.60,18.42,13.61
532,444674606,"00532M00:02:24.733","00532 00:15:25",196.59,887.92,,,,"     ",3.60,18.52,13.68
532,444674607,"00532M00:02:25.707","00532 00:15:26",196.58,887.92,,,,"     ",3.60,18.51,13.66
532,444674608,"00532M00:02:26.680","00532 00:15:27",196.57,887.89,,,,"     ",3.60,18.52,13.65
532,444674609,"00532M00:02:27.653","00532 00:15:28",196.56,887.99,,,,"     ",3.60,18.51,13.63
532,444674610,"00532M00:02:28.626","00532 00:15:29",196.55,888.00,,,,"     ",3.60,18.50,13.61
532,444674611,"00532M00:02:29.600","00532 00:15:30",196.54,888.02,,,,"     ",3.60,18.49,13.59
532,444674612,"00532M00:02:30.573","00532 00:15:31",196.54,888.01,,,,"     ",3.60,18.49,13.58
532,444674613,"00532M00:02:31.546","00532 00:15:32",196.54,888.00,,,,"     ",3.60,18.46,13.54
532,444674614,"00532M00:02:32.519","00532 00:15:33",196.54,887.97,,,,"     ",3.60,18.55,13.60
532,444674615,"00532M00:02:33.493","00532 00:15:34",196.53,887.99,,,,"     ",3.60,18.49,13.54
532,444674616,"00532M00:02:34.466","00532 00:15:35",196.52,888.03,,,,"     ",3.60,18.50,13.53
532,444674617,"00532M00:02:35.439","00532 00:15:36",196.50,888.03,,,,"     ",3.60,18.56,13.57
532,444674618,"00532M00:02:36.412","00532 00:15:37",196.48,888.04,,,,"     ",3.60,18.54,13.54
532,444674619,"00532M00:02:37.386","00532 00:15:38",196.45,888.04,,,,"     ",3.60,18.56,13.54
532,444674620,"00532M00:02:38.359","00532 00:15:39",196.42,888.08,,,,"     ",3.60,18.59,13.55
532,444674621,"00532M00:02:39.332","00532 00:15:40",196.38,888.10,,,,"     ",3.60,18.53,13.49
532,444674622,"00532M00:02:40.305","00532 00:15:41",196.34,888.05,,,,"     ",3.60,18.57,13.51
532,444674623,"00532M00:02:41.279","00532 00:15:42",196.30,888.05,,,,"     ",3.60,18.53,13.47
532,444674624,"00532M00:02:42.252","00532 00:15:43",196.27,888.03,,,,"     ",3.60,18.54,13.46
532,444674625,"00532M00:02:43.225","00532 00:15:44",196.23,888.00,,,,"     ",3.60,18.54,13.45
532,444674626,"00532M00:02:44.198","00532 00:15:45",196.20,887.98,,,,"     ",3.60,18.52,13.42
532,444674627,"00532M00:02:45.172","00532 00:15:46",196.18,888.02,,,,"     ",3.60,18.53,13.42
532,444674628,"00532M00:02:46.145","00532 00:15:47",196.16,887.92,,,,"     ",3.60,18.55,13.42
532,444674629,"00532M00:02:47.118","00532 00:15:48",196.14,887.93,,,,"     ",3.60,18.49,13.36
532,444674630,"00532M00:02:48.091","00532 00:15:49",196.13,888.14,,,,"     ",3.60,18.58,13.42
532,444674631,"00532M00:02:49.065","00532 00:15:50",196.13,888.04,,,,"     ",3.60,18.69,13.49
532,444674632,"00532M00:02:50.038","00532 00:15:51",196.13,888.04,,,,"     ",3.60,18.56,13.38
532,444674633,"00532M00:02:51.011","00532 00:15:52",196.14,888.04,,,,"     ",3.60,18.53,13.35
532,444674634,"00532M00:02:51.984","00532 00:15:53",196.16,887.98,,,,"     ",3.60,18.81,13.54
532,444674635,"00532M00:02:52.958","00532 00:15:54",196.18,888.00,,,,"     ",3.60,18.54,13.33
532,444674636,"00532M00:02:53.931","00532 00:15:55",195.75,888.09,,,,"     ",3.60,18.66,13.41
532,444674637,"00532M00:02:54.904","00532 00:15:56",195.82,888.12,,,,"     ",3.60,18.62,13.37
532,444674638,"00532M00:02:55.877","00532 00:15:57",195.90,888.11,,,,"     ",3.60,18.59,13.34
532,444674639,"00532M00:02:56.851","00532 00:15:58",195.98,888.12,,,,"     ",3.60,18.58,13.32
532,444674640,"00532M00:02:57.824","00532 00:15:59",196.05,888.10,,,,"     ",3.60,18.61,13.33
532,444674641,"00532M00:02:58.797","00532 00:15:59",196.12,888.05,,,,"     ",3.60,18.53,13.26
532,444674642,"00532M00:02:59.770","00532 00:16:00",196.17,888.06,,,,"     ",3.60,18.59,13.30
532,444674643,"00532M00:03:00.744","00532 00:16:01",196.21,888.07,,,,"     ",3.60,18.64,13.32
532,444674644,"00532M00:03:01.717","00532 00:16:02",196.23,888.07,,,,"     ",3.60,18.56,13.25
532,444674645,"00532M00:03:02.690","00532 00:16:03",196.22,887.93,,,,"     ",3.60,18.62,13.28
532,444674646,"00532M00:03:03.664","00532 00:16:04",196.20,888.03,,,,"     ",3.60,18.60,13.26
532,444674647,"00532M00:03:04.637","00532 00:16:05",196.15,888.06,,,,"     ",3.60,18.60,13.25
532,444674648,"00532M00:03:05.610","00532 00:16:06",196.09,888.14,,,,"     ",3.60,18.64,13.27
532,444674649,"00532M00:03:06.583","00532 00:16:07",196.02,888.10,,,,"     ",3.60,18.62,13.24
532,444674650,"00532M00:03:07.557","00532 00:16:08",195.95,888.08,,,,"     ",3.60,18.66,13.26
532,444674651,"00532M00:03:08.530","00532 00:16:09",195.88,888.02,,,,"     ",3.60,18.71,13.28
532,444674652,"00532M00:03:09.503","00532 00:16:10",195.82,888.08,,,,"     ",3.60,18.67,13.24
532,444674653,"00532M00:03:10.476","00532 00:16:11",195.78,888.06,,,,"     ",3.60,18.63,13.20
532,444674654,"00532M00:03:11.450","00532 00:16:12",196.28,888.07,,,,"     ",3.60,18.66,13.21
532,444674655,"00532M00:03:12.423","00532 00:16:13",196.28,888.14,,,,"     ",3.60,18.70,13.23
532,444674656,"00532M00:03:13.396","00532 00:16:14",195.77,888.07,,,,"     ",3.60,18.65,13.19
532,444674657,"00532M00:03:14.369","00532 00:16:15",195.79,888.16,,,,"     ",3.60,18.81,13.30
532,444674658,"00532M00:03:15.343","00532 00:16:16",195.81,888.05,,,,"     ",3.60,18.67,13.18
532,444674659,"00532M00:03:16.316","00532 00:16:17",195.83,888.09,,,,"     ",3.60,18.62,13.14
532,444674660,"00532M00:03:17.289","00532 00:16:18",195.85,888.08,,,,"     ",3.60,18.62,13.12
532,444674661,"00532M00:03:18.262","00532 00:16:19",195.88,888.05,,,,"     ",3.60,18.62,13.11
532,444674662,"00532M00:03:19.236","00532 00:16:20",195.92,888.00,,,,"     ",3.60,18.72,13.17
532,444674663,"00532M00:03:20.209","00532 00:16:21",195.98,887.95,,,,"     ",3.60,18.66,13.11
532,444674664,"00532M00:03:21.182","00532 00:16:22",196.04,888.13,,,,"     ",3.60,18.66,13.11
532,444674665,"00532M00:03:22.155","00532 00:16:23",196.13,888.06,,,,"     ",3.60,18.73,13.15
532,444674666,"00532M00:03:23.129","00532 00:16:24",196.22,888.15,,,,"     ",3.60,18.75,13.15
532,444674667,"00532M00:03:24.102","00532 00:16:25",196.32,888.21,,,,"     ",3.60,18.71,13.12
532,444674668,"00532M00:03:25.075","00532 00:16:26",196.42,888.18,,,,"     ",3.60,18.77,13.14
532,444674669,"00532M00:03:26.048","00532 00:16:27",196.51,888.10,,,,"     ",3.60,18.70,13.09
532,444674670,"00532M00:03:27.022","00532 00:16:28",196.60,888.04,,,,"     ",3.60,18.74,13.11
532,444674671,"00532M00:03:27.995","00532 00:16:29",196.67,887.98,,,,"     ",3.60,18.76,13.10
532,444674672,"00532M00:03:28.968","00532 00:16:30",196.72,888.04,,,,"     ",3.60,18.78,13.11
532,444674673,"00532M00:03:29.941","00532 00:16:31",196.76,887.99,,,,"     ",3.60,18.79,13.10
532,444674674,"00532M00:03:30.915","00532 00:16:32",196.78,888.09,,,,"     ",3.60,18.67,13.01
532,444674675,"00532M00:03:31.888","00532 00:16:33",196.80,888.07,,,,"     ",3.60,18.79,13.08
532,444674676,"00532M00:03:32.861","00532 00:16:34",196.82,888.16,,,,"     ",3.60,18.80,13.08
532,444674677,"00532M00:03:33.834","00532 00:16:35",196.84,888.16,,,,"     ",3.60,18.78,13.05
532,444674678,"00532M00:03:34.808","00532 00:16:36",196.87,888.04,,,,"     ",3.60,18.83,13.07
532,444674679,"00532M00:03:35.781","00532 00:16:36",196.90,888.08,,,,"     ",3.60,18.75,13.01
532,444674680,"00532M00:03:36.754","00532 00:16:37",196.93,887.99,,,,"     ",3.60,18.78,13.02
532,444674681,"00532M00:03:37.727","00532 00:16:38",196.95,888.08,,,,"     ",3.60,18.79,13.01
532,444674682,"00532M00:03:38.701","00532 00:16:39",196.96,888.01,,,,"     ",3.60,18.83,13.03
532,444674683,"00532M00:03:39.674","00532 00:16:40",196.96,888.04,,,,"     ",3.60,18.79,12.99
532,444674684,"00532M00:03:40.647","00532 00:16:41",196.94,888.06,,,,"     ",3.60,18.88,13.05
532,444674685,"00532M00:03:41.620","00532 00:16:42",196.92,888.01,,,,"     ",3.60,18.81,12.98
532,444674686,"00532M00:03:42.594","00532 00:16:43",196.89,888.05,,,,"     ",3.60,18.74,12.92
532,444674687,"00532M00:03:43.567","00532 00:16:44",196.87,888.00,,,,"     ",3.60,18.77,12.94
532,444674688,"00532M00:03:44.540","00532 00:16:45",196.87,888.02,,,,"     ",3.60,18.76,12.92
532,444674689,"00532M00:03:45.513","00532 00:16:46",196.87,888.03,,,,"     ",3.60,18.75,12.90
532,444674690,"00532M00:03:46.487","00532 00:16:47",196.90,888.03,,,,"     ",3.60,18.88,12.98
532,444674691,"00532M00:03:47.460","00532 00:16:48",196.93,888.09,,,,"     ",3.60,18.86,12.96
532,444674692,"00532M00:03:48.433","00532 00:16:49",196.97,888.10,,,,"     ",3.60,18.85,12.94
532,444674693,"00532M00:03:49.406","00532 00:16:50",197.02,888.05,,,,"     ",3.60,18.92,12.97
532,444674694,"00532M00:03:50.380","00532 00:16:51",197.06,888.11,,,,"     ",3.60,18.85,12.92
532,444674695,"00532M00:03:51.353","00532 00:16:52",197.10,888.09,,,,"     ",3.60,18.88,12.93
532,444674696,"00532M00:03:52.326","00532 00:16:53",197.14,888.01,,,,"     ",3.60,18.84,12.88
532,444674697,"00532M00:03:53.299","00532 00:16:54",197.17,888.05,,,,"     ",3.60,18.85,12.88
532,444674698,"00532M00:03:54.273","00532 00:16:55",197.19,888.07,,,,"     ",3.60,19.02,12.99
532,444674699,"00532M00:03:55.246","00532 00:16:56",197.22,888.01,,,,"     ",3.60,18.85,12.87
532,444674700,"00532M00:03:56.219","00532 00:16:57",197.25,888.10,,,,"     ",3.60,18.84,12.84
532,444674701,"00532M00:03:57.192","00532 00:16:58",197.27,887.96,,,,"     ",3.60,18.87,12.85
532,444674702,"00532M00:03:58.166","00532 00:16:59",197.29,888.10,,,,"     ",3.60,18.86,12.84
532,444674703,"00532M00:03:59.139","00532 00:17:00",197.31,888.04,,,,"     ",3.60,18.86,12.82
532,444674704,"00532M00:04:00.112","00532 00:17:01",197.31,888.14,,,,"     ",3.60,19.10,13.00
532,444674705,"00532M00:04:01.085","00532 00:17:02",197.31,887.96,,,,"     ",3.60,18.89,12.82
532,444674706,"00532M00:04:02.059","00532 00:17:03",197.30,887.99,,,,"     ",3.60,18.89,12.82
532,444674707,"00532M00:04:03.032","00532 00:17:04",197.28,888.05,,,,"     ",3.60,18.82,12.76
532,444674708,"00532M00:04:04.005","00532 00:17:05",197.24,887.97,,,,"     ",3.60,18.84,12.76
532,444674709,"00532M00:04:04.978","00532 00:17:06",197.19,888.03,,,,"     ",3.60,18.93,12.81
532,444674710,"00532M00:04:05.952","00532 00:17:07",197.15,888.04,,,,"     ",3.60,18.97,12.82
532,444674711,"00532M00:04:06.925","00532 00:17:08",197.10,887.98,,,,"     ",3.60,18.85,12.73
532,444674712,"00532M00:04:07.898","00532 00:17:09",197.06,888.10,,,,"     ",3.60,19.14,12.93
532,444674713,"00532M00:04:08.871","00532 00:17:10",197.02,888.08,,,,"     ",3.60,18.83,12.70
532,444674714,"00532M00:04:09.845","00532 00:17:11",197.00,888.09,,,,"     ",3.60,18.85,12.70
532,444674715,"00532M00:04:10.818","00532 00:17:12",197.00,888.15,,,,"     ",3.60,18.80,12.66
532,444674716,"00532M00:04:11.791","00532 00:17:12",197.01,888.07,,,,"     ",3.60,18.92,12.73
532,444674717,"00532M00:04:12.765","00532 00:17:13",197.04,888.01,,,,"     ",3.60,18.88,12.69
532,444674718,"00532M00:04:13.738","00532 00:17:14",197.07,888.04,,,,"     ",3.60,18.87,12.67
532,444674719,"00532M00:04:14.711","00532 00:17:15",197.12,888.09,,,,"     ",3.60,18.92,12.70
532,444674720,"00532M00:04:15.684","00532 00:17:16",197.18,888.07,,,,"     ",3.60,18.89,12.67
532,444674721,"00532M00:04:16.658","00532 00:17:17",197.24,888.06,,,,"     ",3.60,18.92,12.67
532,444674722,"00532M00:04:17.631","00532 00:17:18",197.32,888.13,,,,"     ",3.60,18.94,12.67
532,444674723,"00532M00:04:18.604","00532 00:17:19",197.40,888.09,,,,"     ",3.60,18.90,12.63
532,444674724,"00532M00:04:19.577","00532 00:17:20",197.48,888.09,,,,"     ",3.60,18.93,12.65
532,444674725,"00532M00:04:20.551","00532 00:17:21",197.56,888.11,,,,"     ",3.60,18.86,12.59
532,444674726,"00532M00:04:21.524","00532 00:17:22",197.62,888.05,,,,"     ",3.60,18.91,12.61
532,444674727,"00532M00:04:22.497","00532 00:17:23",197.68,888.08,,,,"     ",3.60,19.00,12.66
532,444674728,"00532M00:04:23.470","00532 00:17:24",197.73,888.23,,,,"     ",3.60,18.90,12.59
532,444674729,"00532M00:04:24.444","00532 00:17:25",197.76,888.11,,,,"     ",3.60,18.89,12.57
532,444674730,"00532M00:04:25.417","00532 00:17:26",197.78,888.17,,,,"     ",3.60,19.01,12.64
532,444674731,"00532M00:04:26.390","00532 00:17:27",197.77,888.01,,,,"     ",3.60,18.91,12.56
532,444674732,"00532M00:04:27.363","00532 00:17:28",197.74,888.04,,,,"     ",3.60,18.93,12.56
532,444674733,"00532M00:04:28.337","00532 00:17:29",197.70,888.00,,,,"     ",3.60,18.97,12.58
532,444674734,"00532M00:04:29.310","00532 00:17:30",197.66,888.08,,,,"     ",3.60,18.96,12.56
532,444674735,"00532M00:04:30.283","00532 00:17:31",197.61,887.97,,,,"     ",3.60,18.99,12.57
532,444674736,"00532M00:04:31.256","00532 00:17:32",197.57,888.06,,,,"     ",3.60,18.97,12.55
532,444674737,"00532M00:04:32.230","00532 00:17:33",197.54,887.99,,,,"     ",3.60,18.95,12.53
532,444674738,"00532M00:04:33.203","00532 00:17:34",197.51,888.29,,,,"     ",3.60,19.01,12.56
532,444674739,"00532M00:04:34.176","00532 00:17:35",197.50,888.22,,,,"     ",3.60,19.01,12.55
532,444674740,"00532M00:04:35.149","00532 00:17:36",197.51,888.13,,,,"     ",3.60,19.04,12.56
532,444674741,"00532M00:04:36.123","00532 00:17:37",197.52,888.08,,,,"     ",3.60,19.00,12.52
532,444674742,"00532M00:04:37.096","00532 00:17:38",197.54,888.11,,,,"     ",3.60,19.21,12.65
532,444674743,"00532M00:04:38.069","00532 00:17:39",197.56,887.97,,,,"     ",3.60,18.87,12.41
532,444674744,"00532M00:04:39.042","00532 00:17:40",197.57,888.04,,,,"     ",3.60,19.00,12.49
532,444674745,"00532M00:04:40.016","00532 00:17:41",197.58,888.07,,,,"     ",3.60,18.77,12.33
532,444674746,"00532M00:04:40.989","00532 00:17:42",197.59,888.08,,,,"     ",3.60,18.98,12.46
532,444674747,"00532M00:04:41.962","00532 00:17:43",197.59,888.06,,,,"     ",3.60,19.00,12.46
532,444674748,"00532M00:04:42.935","00532 00:17:44",197.59,888.03,,,,"     ",3.60,18.98,12.44
532,444674749,"00532M00:04:43.909","00532 00:17:45",197.59,888.06,,,,"     ",3.60,19.03,12.46
532,444674750,"00532M00:04:44.882","00532 00:17:46",197.59,888.01,,,,"     ",3.60,19.01,12.44
532,444674751,"00532M00:04:45.855","00532 00:17:47",197.58,888.02,,,,"     ",3.60,18.97,12.41
532,444674752,"00532M00:04:46.828","00532 00:17:48",197.58,887.97,,,,"     ",3.60,19.00,12.41
532,444674753,"00532M00:04:47.802","00532 00:17:49",197.57,888.01,,,,"     ",3.60,19.02,12.42
532,444674754,"00532M00:04:48.775","00532 00:17:49",197.56,888.03,,,,"     ",3.60,19.01,12.39
532,444674755,"00532M00:04:49.748","00532 00:17:50",197.54,888.00,,,,"     ",3.60,18.95,12.35
532,444674756,"00532M00:04:50.721","00532 00:17:51",197.52,888.10,,,,"     ",3.60,18.99,12.37
532,444674757,"00532M00:04:51.695","00532 00:17:52",197.50,888.11,,,,"     ",3.60,18.97,12.34
532,444674758,"00532M00:04:52.668","00532 00:17:53",197.48,888.03,,,,"     ",3.60,19.05,12.38
532,444674759,"00532M00:04:53.641","00532 00:17:54",197.47,888.06,,,,"     ",3.60,18.98,12.33
532,444674760,"00532M00:04:54.614","00532 00:17:55",197.45,888.03,,,,"     ",3.60,19.04,12.36
532,444674761,"00532M00:04:55.588","00532 00:17:56",197.43,888.09,,,,"     ",3.60,18.96,12.30
532,444674762,"00532M00:04:56.561","00532 00:17:57",197.40,887.99,,,,"     ",3.60,19.07,12.37
532,444674763,"00532M00:04:57.534","00532 00:17:58",197.37,887.96,,,,"     ",3.60,18.97,12.29
532,444674764,"00532M00:04:58.507","00532 00:17:59",197.35,887.97,,,,"     ",3.60,19.09,12.35
532,444674765,"00532M00:04:59.481","00532 00:18:00",197.31,888.01,,,,"     ",3.60,19.03,12.31
532,444674766,"00532M00:05:00.454","00532 00:18:01",197.27,888.06,,,,"     ",3.60,19.03,12.30
532,444674767,"00532M00:05:01.427","00532 00:18:02",197.23,888.07,,,,"     ",3.60,18.97,12.25
532,444674768,"00532M00:05:02.400","00532 00:18:03",197.18,888.06,,,,"     ",3.60,19.01,12.27
532,444674769,"00532M00:05:03.374","00532 00:18:04",197.12,888.10,,,,"     ",3.60,18.98,12.24
532,444674770,"00532M00:05:04.347","00532 00:18:05",197.06,888.01,,,,"     ",3.60,19.28,12.42
532,444674771,"00532M00:05:05.320","00532 00:18:06",197.00,887.98,,,,"     ",3.60,19.02,12.25
532,444674772,"00532M00:05:06.293","00532 00:18:07",196.95,888.04,,,,"     ",3.60,19.01,12.24
532,444674773,"00532M00:05:07.267","00532 00:18:08",196.90,887.99,,,,"     ",3.60,18.99,12.21
532,444674774,"00532M00:05:08.240","00532 00:18:09",196.86,888.01,,,,"     ",3.60,19.01,12.21
532,444674775,"00532M00:05:09.213","00532 00:18:10",196.84,887.89,,,,"     ",3.60,18.98,12.19
532,444674776,"00532M00:05:10.186","00532 00:18:11",196.82,887.73,,,,"     ",3.60,19.06,12.24
532,444674777,"00532M00:05:11.160","00532 00:18:12",196.82,887.71,,,,"     ",3.60,18.74,12.01
532,444674778,"00532M00:05:12.133","00532 00:18:13",196.82,887.97,,,,"     ",3.60,19.01,12.18
532,444674779,"00532M00:05:13.106","00532 00:18:14",196.82,887.96,,,,"     ",3.60,19.05,12.21
532,444674780,"00532M00:05:14.079","00532 00:18:15",196.82,887.94,,,,"     ",3.60,18.97,12.14
532,444674781,"00532M00:05:15.053","00532 00:18:16",196.81,887.94,,,,"     ",3.60,19.07,12.20
532,444674782,"00532M00:05:16.026","00532 00:18:17",196.80,887.86,,,,"     ",3.60,19.07,12.19
532,444674783,"00532M00:05:16.999","00532 00:18:18",196.79,887.94,,,,"     ",3.60,18.96,12.11
532,444674784,"00532M00:05:17.972","00532 00:18:19",196.76,887.92,,,,"     ",3.60,19.05,12.16
532,444674785,"00532M00:05:18.946","00532 00:18:20",196.73,888.01,,,,"     ",3.60,19.00,12.12
532,444674786,"00532M00:05:19.919","00532 00:18:21",196.69,887.96,,,,"     ",3.60,18.97,12.09
532,444674787,"00532M00:05:20.892","00532 00:18:22",196.64,888.01,,,,"     ",3.60,19.01,12.12
532,444674788,"00532M00:05:21.866","00532 00:18:23",196.60,888.06,,,,"     ",3.60,19.03,12.12
532,444674789,"00532M00:05:22.839","00532 00:18:24",196.55,887.98,,,,"     ",3.60,19.04,12.12
532,444674790,"00532M00:05:23.812","00532 00:18:25",196.50,887.83,,,,"     ",3.60,19.02,12.09
532,444674791,"00532M00:05:24.785","00532 00:18:25",196.45,887.90,,,,"     ",3.60,19.00,12.07
532,444674792,"00532M00:05:25.759","00532 00:18:26",196.41,887.88,,,,"     ",3.60,19.03,12.09
532,444674793,"00532M00:05:26.732","00532 00:18:27",196.39,887.89,,,,"     ",3.60,19.03,12.08
532,444674794,"00532M00:05:27.705","00532 00:18:28",196.37,888.00,,,,"     ",3.60,19.03,12.07
532,444674795,"00532M00:05:28.678","00532 00:18:29",196.36,888.05,,,,"     ",3.60,19.06,12.08
532,444674796,"00532M00:05:29.652","00532 00:18:30",196.35,888.09,,,,"     ",3.60,19.03,12.05
532,444674797,"00532M00:05:30.625","00532 00:18:31",196.34,888.07,,,,"     ",3.60,19.02,12.05
532,444674798,"00532M00:05:31.598","00532 00:18:32",196.34,888.04,,,,"     ",3.60,19.00,12.02
532,444674799,"00532M00:05:32.571","00532 00:18:33",196.34,888.02,,,,"     ",3.60,18.96,11.99
532,444674800,"00532M00:05:33.545","00532 00:18:34",196.34,888.01,,,,"     ",3.60,19.20,12.14
532,444674801,"00532M00:05:34.518","00532 00:18:35",196.34,887.93,,,,"     ",3.60,19.08,12.05
532,444674802,"00532M00:05:35.491","00532 00:18:36",196.35,888.01,,,,"     ",3.60,19.00,11.99
532,444674803,"00532M00:05:36.464","00532 00:18:37",196.36,888.04,,,,"     ",3.60,19.05,12.02
532,444674804,"00532M00:05:37.438","00532 00:18:38",196.38,887.94,,,,"     ",3.60,18.87,11.89
532,444674805,"00532M00:05:38.411","00532 00:18:39",196.39,888.04,,,,"     ",3.60,19.03,12.00
532,444674806,"00532M00:05:39.384","00532 00:18:40",196.41,888.02,,,,"     ",3.60,19.05,11.99
532,444674807,"00532M00:05:40.357","00532 00:18:41",196.44,888.05,,,,"     ",3.60,19.06,12.00
532,444674808,"00532M00:05:41.331","00532 00:18:42",196.46,888.02,,,,"     ",3.60,19.07,11.99
532,444674809,"00532M00:05:42.304","00532 00:18:43",196.49,888.01,,,,"     ",3.60,19.06,11.98
532,444674810,"00532M00:05:43.277","00532 00:18:44",196.53,888.10,,,,"     ",3.60,19.04,11.96
532,444674811,"00532M00:05:44.250","00532 00:18:45",196.56,888.06,,,,"     ",3.60,19.08,11.97
532,444678218,"00532M01:01:00.125","00532 01:14:01",192.06,892.41,,,,"     ",3.60,,
532,444678219,"00532M01:01:01.098","00532 01:14:02",192.12,892.51,,,,"     ",3.60,15.95,19.01
532,444678220,"00532M01:01:02.071","00532 01:14:03",192.18,892.51,,,,"     ",3.60,15.96,18.97
532,444678221,"00532M01:01:03.045","00532 01:14:04",192.22,892.50,,,,"     ",3.60,15.98,18.92
532,444678222,"00532M01:01:04.018","00532 01:14:05",192.27,892.47,,,,"     ",3.60,16.00,18.88
532,444678223,"00532M01:01:04.991","00532 01:14:06",192.30,892.43,,,,"     ",3.60,15.99,18.81
532,444678224,"00532M01:01:05.964","00532 01:14:07",192.33,892.58,,,,"     ",3.60,16.04,18.80
532,444678225,"00532M01:01:06.938","00532 01:14:08",192.35,892.49,,,,"     ",3.60,16.02,18.71
532,444678226,"00532M01:01:07.911","00532 01:14:09",192.36,892.45,,,,"     ",3.60,16.05,18.70
532,444678227,"00532M01:01:08.884","00532 01:14:10",192.37,892.44,,,,"     ",3.60,16.06,18.65
532,444678228,"00532M01:01:09.857","00532 01:14:11",192.37,892.48,,,,"     ",3.60,16.13,18.67
532,444678229,"00532M01:01:10.831","00532 01:14:12",192.37,892.47,,,,"     ",3.60,16.08,18.55
532,444678230,"00532M01:01:11.804","00532 01:14:13",192.36,892.37,,,,"     ",3.60,16.15,18.58
532,444678231,"00532M01:01:12.777","00532 01:14:14",192.34,892.45,,,,"     ",3.60,16.10,18.48
532,444678232,"00532M01:01:13.750","00532 01:14:15",192.32,892.61,,,,"     ",3.60,16.17,18.50
532,444678233,"00532M01:01:14.724","00532 01:14:16",192.29,892.55,,,,"     ",3.60,16.20,18.48
532,444678234,"00532M01:01:15.697","00532 01:14:17",192.26,892.69,,,,"     ",3.60,16.20,18.44
532,444678235,"00532M01:01:16.670","00532 01:14:18",192.22,892.61,,,,"     ",3.60,16.12,18.30
532,444678236,"00532M01:01:17.644","00532 01:14:19",192.17,892.59,,,,"     ",3.60,16.24,18.39
532,444678237,"00532M01:01:18.617","00532 01:14:20",192.12,892.65,,,,"     ",3.60,16.19,18.28
532,444678238,"00532M01:01:19.590","00532 01:14:21",192.06,892.56,,,,"     ",3.60,16.25,18.30
532,444678239,"00532M01:01:20.563","00532 01:14:22",191.99,892.54,,,,"     ",3.60,16.22,18.22
532,444678240,"00532M01:01:21.537","00532 01:14:23",191.93,892.59,,,,"     ",3.60,16.27,18.24
532,444678241,"00532M01:01:22.510","00532 01:14:24",191.86,892.53,,,,"     ",3.60,16.29,18.21
532,444678242,"00532M01:01:23.483","00532 01:14:25",191.81,892.52,,,,"     ",3.60,16.28,18.15
532,444678243,"00532M01:01:24.456","00532 01:14:26",191.77,892.50,,,,"     ",3.60,16.30,18.13
532,444678244,"00532M01:01:25.430","00532 01:14:27",191.75,892.45,,,,"     ",3.60,16.26,18.05
532,444678245,"00532M01:01:26.403","00532 01:14:27",191.75,892.51,,,,"     ",3.60,16.30,18.05
532,444678246,"00532M01:01:27.376","00532 01:14:28",191.77,892.44,,,,"     ",3.60,16.33,18.03
532,444678247,"00532M01:01:28.349","00532 01:14:29",191.82,892.47,,,,"     ",3.60,16.34,18.01
532,444678248,"00532M01:01:29.323","00532 01:14:30",191.90,892.49,,,,"     ",3.60,16.33,17.96
532,444678249,"00532M01:01:30.296","00532 01:14:31",191.99,892.48,,,,"     ",3.60,16.35,17.94
532,444678250,"00532M01:01:31.269","00532 01:14:32",192.08,892.56,,,,"     ",3.60,16.31,17.86
532,444678251,"00532M01:01:32.242","00532 01:14:33",192.18,892.54,,,,"     ",3.60,16.34,17.86
532,444678252,"00532M01:01:33.216","00532 01:14:34",192.27,892.49,,,,"     ",3.60,16.35,17.83
532,444678253,"00532M01:01:34.189","00532 01:14:35",192.34,892.56,,,,"     ",3.60,16.35,17.79
532,444678254,"00532M01:01:35.162","00532 01:14:36",192.40,892.63,,,,"     ",3.60,16.41,17.83
532,444678255,"00532M01:01:36.135","00532 01:14:37",192.44,892.54,,,,"     ",3.60,16.42,17.80
532,444678256,"00532M01:01:37.109","00532 01:14:38",192.48,892.70,,,,"     ",3.60,16.29,17.63
532,444678257,"00532M01:01:38.082","00532 01:14:39",192.51,892.78,,,,"     ",3.60,16.40,17.72
532,444678258,"00532M01:01:39.055","00532 01:14:40",192.53,892.53,,,,"     ",3.60,16.43,17.71
532,444678259,"00532M01:01:40.028","00532 01:14:41",192.55,892.53,,,,"     ",3.60,16.40,17.65
532,444678260,"00532M01:01:41.002","00532 01:14:42",192.56,892.58,,,,"     ",3.60,16.38,17.59
532,444678261,"00532M01:01:41.975","00532 01:14:43",192.57,892.65,,,,"     ",3.60,16.48,17.67
532,444678262,"00532M01:01:42.948","00532 01:14:44",192.59,892.62,,,,"     ",3.60,16.48,17.64
532,444678263,"00532M01:01:43.921","00532 01:14:45",192.60,892.64,,,,"     ",3.60,16.47,17.60
532,444678264,"00532M01:01:44.895","00532 01:14:46",192.60,892.65,,,,"     ",3.60,16.46,17.56
532,444678265,"00532M01:01:45.868","00532 01:14:47",192.59,892.57,,,,"     ",3.60,16.45,17.52
532,444678266,"00532M01:01:46.841","00532 01:14:48",192.58,892.58,,,,"     ",3.60,16.50,17.54
532,444678267,"00532M01:01:47.814","00532 01:14:49",192.57,892.57,,,,"     ",3.60,16.52,17.53
532,444678268,"00532M01:01:48.788","00532 01:14:50",192.55,892.61,,,,"     ",3.60,16.53,17.51
532,444678269,"00532M01:01:49.761","00532 01:14:51",192.54,892.61,,,,"     ",3.60,16.59,17.55
532,444678270,"00532M01:01:50.734","00532 01:14:52",192.53,892.61,,,,"     ",3.60,16.51,17.44
532,444678271,"00532M01:01:51.707","00532 01:14:53",192.53,892.61,,,,"     ",3.60,16.53,17.43
532,444678272,"00532M01:01:52.681","00532 01:14:54",192.55,892.57,,,,"     ",3.60,16.53,17.39
532,444678273,"00532M01:01:53.654","00532 01:14:55",192.58,892.62,,,,"     ",3.60,16.57,17.42
532,444678274,"00532M01:01:54.627","00532 01:14:56",192.61,892.56,,,,"     ",3.60,16.54,17.36
532,444678275,"00532M01:01:55.600","00532 01:14:57",192.64,892.59,,,,"     ",3.60,16.44,17.23
532,444678276,"00532M01:01:56.574","00532 01:14:58",192.67,892.52,,,,"     ",3.60,16.57,17.33
532,444678277,"00532M01:01:57.547","00532 01:14:59",192.68,892.72,,,,"     ",3.60,16.62,17.37
532,444678278,"00532M01:01:58.520","00532 01:15:00",192.68,892.62,,,,"     ",3.60,16.55,17.27
532,444678279,"00532M01:01:59.493","00532 01:15:01",192.66,892.65,,,,"     ",3.60,16.57,17.27
532,444678280,"00532M01:02:00.467","00532 01:15:02",192.62,892.60,,,,"     ",3.60,16.61,17.28
532,444678281,"00532M01:02:01.440","00532 01:15:03",192.57,892.78,,,,"     ",3.60,16.58,17.23
532,444678282,"00532M01:02:02.413","00532 01:15:04",192.51,892.49,,,,"     ",3.60,16.59,17.21
532,444678283,"00532M01:02:03.386","00532 01:15:04",192.45,892.56,,,,"     ",3.60,16.65,17.25
532,444678284,"00532M01:02:04.360","00532 01:15:05",192.38,892.56,,,,"     ",3.60,16.58,17.16
532,444678285,"00532M01:02:05.333","00532 01:15:06",192.32,892.57,,,,"     ",3.60,16.64,17.20
532,444678286,"00532M01:02:06.306","00532 01:15:07",192.26,892.61,,,,"     ",3.60,16.64,17.17
532,444678287,"00532M01:02:07.279","00532 01:15:08",192.19,892.74,,,,"     ",3.60,16.61,17.12
532,444678288,"00532M01:02:08.253","00532 01:15:09",192.12,892.58,,,,"     ",3.60,16.62,17.11
532,444678289,"00532M01:02:09.226","00532 01:15:10",192.04,892.69,,,,"     ",3.60,16.66,17.13
532,444678290,"00532M01:02:10.199","00532 01:15:11",191.95,892.72,,,,"     ",3.60,16.65,17.09
532,444678291,"00532M01:02:11.172","00532 01:15:12",191.86,892.65,,,,"     ",3.60,16.67,17.10
532,444678292,"00532M01:02:12.146","00532 01:15:13",191.78,892.65,,,,"     ",3.60,16.66,17.07
532,444678293,"00532M01:02:13.119","00532 01:15:14",191.70,892.57,,,,"     ",3.60,16.66,17.04
532,444678294,"00532M01:02:14.092","00532 01:15:15",191.65,892.53,,,,"     ",3.60,16.67,17.03
532,444678295,"00532M01:02:15.065","00532 01:15:16",191.60,892.63,,,,"     ",3.60,16.56,16.89
532,444678296,"00532M01:02:16.039","00532 01:15:17",191.59,892.54,,,,"     ",3.60,16.70,17.02
532,444678297,"00532M01:02:17.012","00532 01:15:18",191.60,892.67,,,,"     ",3.60,16.69,16.99
532,444678298,"00532M01:02:17.985","00532 01:15:19",191.65,892.63,,,,"     ",3.60,16.67,16.95
532,444678299,"00532M01:02:18.958","00532 01:15:20",192.61,892.55,,,,"     ",3.60,16.71,16.98
532,444678300,"00532M01:02:19.932","00532 01:15:21",192.69,892.56,,,,"     ",3.60,16.75,17.00
532,444678301,"00532M01:02:20.905","00532 01:15:22",192.77,892.70,,,,"     ",3.60,16.72,16.95
532,444678302,"00532M01:02:21.878","00532 01:15:23",192.07,892.40,,,,"     ",3.60,16.70,16.89
532,444678303,"00532M01:02:22.851","00532 01:15:24",192.20,892.59,,,,"     ",3.60,16.74,16.92
532,444678304,"00532M01:02:23.825","00532 01:15:25",192.33,892.56,,,,"     ",3.60,16.73,16.89
532,444678305,"00532M01:02:24.798","00532 01:15:26",192.45,892.68,,,,"     ",3.60,16.75,16.91
532,444678306,"00532M01:02:25.771","00532 01:15:27",192.56,892.69,,,,"     ",3.60,16.78,16.92
532,444678307,"00532M01:02:26.745","00532 01:15:28",192.66,892.79,,,,"     ",3.60,16.75,16.86
532,444678308,"00532M01:02:27.718","00532 01:15:29",192.75,892.51,,,,"     ",3.60,16.73,16.82
532,444678309,"00532M01:02:28.691","00532 01:15:30",192.81,892.60,,,,"     ",3.60,16.75,16.83
532,444678310,"00532M01:02:29.664","00532 01:15:31",192.86,892.55,,,,"     ",3.60,16.70,16.76
532,444678311,"00532M01:02:30.638","00532 01:15:32",192.88,892.49,,,,"     ",3.60,16.75,16.79
532,444678312,"00532M01:02:31.611","00532 01:15:33",192.88,892.62,,,,"     ",3.60,16.83,16.86
532,444678313,"00532M01:02:32.584","00532 01:15:34",192.86,892.44,,,,"     ",3.60,16.79,16.79
532,444678314,"00532M01:02:33.557","00532 01:15:35",192.83,892.61,,,,"     ",3.60,16.84,16.83
532,444678315,"00532M01:02:34.531","00532 01:15:36",192.78,892.62,,,,"     ",3.60,16.78,16.75
532,444678316,"00532M01:02:35.504","00532 01:15:37",192.73,892.57,,,,"     ",3.60,16.82,16.77
532,444678317,"00532M01:02:36.477","00532 01:15:38",192.68,892.62,,,,"     ",3.60,16.81,16.75
532,444678318,"00532M01:02:37.450","00532 01:15:39",192.64,892.62,,,,"     ",3.60,16.87,16.79
532,444678319,"00532M01:02:38.424","00532 01:15:40",192.60,892.53,,,,"     ",3.60,16.79,16.70
532,444678320,"00532M01:02:39.397","00532 01:15:41",192.58,892.54,,,,"     ",3.60,16.79,16.67
532,444678321,"00532M01:02:40.370","00532 01:15:41",192.56,892.59,,,,"     ",3.60,16.77,16.64
532,444678322,"00532M01:02:41.343","00532 01:15:42",192.55,892.50,,,,"     ",3.60,16.82,16.68
532,444678323,"00532M01:02:42.317","00532 01:15:43",192.55,892.64,,,,"     ",3.60,16.80,16.64
532,444678324,"00532M01:02:43.290","00532 01:15:44",192.57,892.61,,,,"     ",3.60,16.80,16.63
532,444678325,"00532M01:02:44.263","00532 01:15:45",192.60,892.61,,,,"     ",3.60,16.88,16.68
532,444678326,"00532M01:02:45.236","00532 01:15:46",192.64,892.61,,,,"     ",3.60,16.79,16.58
532,444678327,"00532M01:02:46.210","00532 01:15:47",192.68,892.56,,,,"     ",3.60,16.82,16.60
532,444678328,"00532M01:02:47.183","00532 01:15:48",192.72,892.62,,,,"     ",3.60,16.79,16.55
532,444678329,"00532M01:02:48.156","00532 01:15:49",192.75,892.55,,,,"     ",3.60,16.83,16.58
532,444678330,"00532M01:02:49.129","00532 01:15:50",192.78,892.50,,,,"     ",3.60,16.66,16.39
532,444678331,"00532M01:02:50.103","00532 01:15:51",192.79,892.60,,,,"     ",3.60,16.85,16.57
532,444678332,"00532M01:02:51.076","00532 01:15:52",192.79,892.64,,,,"     ",3.60,16.84,16.54
532,444678333,"00532M01:02:52.049","00532 01:15:53",192.78,892.73,,,,"     ",3.60,16.87,16.56
532,444678334,"00532M01:02:53.022","00532 01:15:54",192.76,892.75,,,,"     ",3.60,17.02,16.68
532,444678335,"00532M01:02:53.996","00532 01:15:55",192.74,892.67,,,,"     ",3.60,17.04,16.69
532,444678336,"00532M01:02:54.969","00532 01:15:56",192.71,892.66,,,,"     ",3.60,16.90,16.53
532,444678337,"00532M01:02:55.942","00532 01:15:57",192.68,892.54,,,,"     ",3.60,16.94,16.56
532,444678338,"00532M01:02:56.915","00532 01:15:58",192.64,892.63,,,,"     ",3.60,16.91,16.51
532,444678339,"00532M01:02:57.889","00532 01:15:59",192.61,892.63,,,,"     ",3.60,16.91,16.51
532,444678340,"00532M01:02:58.862","00532 01:16:00",192.58,892.66,,,,"     ",3.60,16.92,16.50
532,444678341,"00532M01:02:59.835","00532 01:16:01",192.56,892.72,,,,"     ",3.60,16.89,16.46
532,444678342,"00532M01:03:00.808","00532 01:16:02",192.55,892.73,,,,"     ",3.60,16.91,16.46
532,444678343,"00532M01:03:01.782","00532 01:16:03",192.55,892.72,,,,"     ",3.60,16.85,16.38
532,444678344,"00532M01:03:02.755","00532 01:16:04",192.56,892.68,,,,"     ",3.60,16.89,16.41
532,444678345,"00532M01:03:03.728","00532 01:16:05",192.58,892.69,,,,"     ",3.60,16.92,16.43
532,444678346,"00532M01:03:04.701","00532 01:16:06",192.60,892.79,,,,"     ",3.60,16.92,16.41
532,444678347,"00532M01:03:05.675","00532 01:16:07",192.62,892.75,,,,"     ",3.60,16.97,16.44
532,444678348,"00532M01:03:06.648","00532 01:16:08",192.63,892.74,,,,"     ",3.60,16.98,16.43
532,444678349,"00532M01:03:07.621","00532 01:16:09",192.64,892.77,,,,"     ",3.60,16.95,16.39
532,444678350,"00532M01:03:08.594","00532 01:16:10",192.65,892.77,,,,"     ",3.60,16.93,16.36
532,444678351,"00532M01:03:09.568","00532 01:16:11",192.66,892.75,,,,"     ",3.60,16.96,16.38
532,444678352,"00532M01:03:10.541","00532 01:16:12",192.66,892.81,,,,"     ",3.60,16.98,16.38
532,444678353,"00532M01:03:11.514","00532 01:16:13",192.67,892.74,,,,"     ",3.60,16.94,16.32
532,444678354,"00532M01:03:12.487","00532 01:16:14",192.68,892.72,,,,"     ",3.60,16.95,16.32
532,444678355,"00532M01:03:13.461","00532 01:16:15",192.67,892.70,,,,"     ",3.60,17.01,16.36
532,444678356,"00532M01:03:14.434","00532 01:16:16",192.67,892.73,,,,"     ",3.60,16.95,16.29
532,444678357,"00532M01:03:15.407","00532 01:16:17",192.66,892.70,,,,"     ",3.60,17.19,16.50
532,444678358,"00532M01:03:16.380","00532 01:16:17",192.66,892.66,,,,"     ",3.60,17.03,16.34
532,444678359,"00532M01:03:17.354","00532 01:16:18",192.67,892.65,,,,"     ",3.60,17.08,16.38
532,444678360,"00532M01:03:18.327","00532 01:16:19",192.70,892.78,,,,"     ",3.60,16.92,16.20
532,444678361,"00532M01:03:19.300","00532 01:16:20",192.75,892.70,,,,"     ",3.60,16.99,16.26
532,444678362,"00532M01:03:20.273","00532 01:16:21",192.82,892.72,,,,"     ",3.60,17.04,16.29
532,444678363,"00532M01:03:21.247","00532 01:16:22",192.89,892.71,,,,"     ",3.60,16.99,16.23
532,444678364,"00532M01:03:22.220","00532 01:16:23",192.96,892.79,,,,"     ",3.60,17.07,16.30
532,444678365,"00532M01:03:23.193","00532 01:16:24",193.03,892.73,,,,"     ",3.60,17.07,16.29
532,444678366,"00532M01:03:24.166","00532 01:16:25",193.09,892.78,,,,"     ",3.60,17.02,16.23
532,444678367,"00532M01:03:25.140","00532 01:16:26",193.15,892.84,,,,"     ",3.60,17.03,16.22
532,444678368,"00532M01:03:26.113","00532 01:16:27",193.21,892.77,,,,"     ",3.60,17.01,16.19
532,444678369,"00532M01:03:27.086","00532 01:16:28",193.26,892.72,,,,"     ",3.60,17.07,16.23
532,444678370,"00532M01:03:28.059","00532 01:16:29",193.32,892.74,,,,"     ",3.60,17.05,16.20
532,444678371,"00532M01:03:29.033","00532 01:16:30",193.36,892.66,,,,"     ",3.60,17.05,16.18
532,444678372,"00532M01:03:30.006","00532 01:16:31",193.40,892.65,,,,"     ",3.60,17.04,16.16
532,444678373,"00532M01:03:30.979","00532 01:16:32",193.43,892.68,,,,"     ",3.60,17.03,16.14
532,444678374,"00532M01:03:31.952","00532 01:16:33",193.45,892.68,,,,"     ",3.60,17.04,16.14
532,444678375,"00532M01:03:32.926","00532 01:16:34",193.45,892.64,,,,"     ",3.60,17.06,16.14
532,444678376,"00532M01:03:33.899","00532 01:16:35",193.44,892.65,,,,"     ",3.60,17.09,16.16
532,444678377,"00532M01:03:34.872","00532 01:16:36",193.42,892.62,,,,"     ",3.60,17.08,16.14
532,444678378,"00532M01:03:35.846","00532 01:16:37",193.39,892.70,,,,"     ",3.60,17.08,16.13
532,444678379,"00532M01:03:36.819","00532 01:16:38",193.36,892.66,,,,"     ",3.60,17.05,16.08
532,444678380,"00532M01:03:37.792","00532 01:16:39",193.33,892.77,,,,"     ",3.60,17.10,16.12
532,444678381,"00532M01:03:38.765","00532 01:16:40",193.29,892.69,,,,"     ",3.60,17.13,16.14
532,444678382,"00532M01:03:39.739","00532 01:16:41",193.26,892.79,,,,"     ",3.60,17.13,16.13
532,444678383,"00532M01:03:40.712","00532 01:16:42",193.23,892.78,,,,"     ",3.60,17.02,16.01
532,444678384,"00532M01:03:41.685","00532 01:16:43",193.19,892.77,,,,"     ",3.60,17.04,16.01
532,444678385,"00532M01:03:42.658","00532 01:16:44",193.16,892.73,,,,"     ",3.60,17.05,16.01
532,444678386,"00532M01:03:43.632","00532 01:16:45",193.14,892.71,,,,"     ",3.60,17.05,16.00
532,444678387,"00532M01:03:44.605","00532 01:16:46",193.12,892.70,,,,"     ",3.60,17.05,15.99
532,444678388,"00532M01:03:45.578","00532 01:16:47",193.12,892.63,,,,"     ",3.60,17.09,16.02
532,444678389,"00532M01:03:46.551","00532 01:16:48",193.12,892.65,,,,"     ",3.60,17.08,15.99
532,444678390,"00532M01:03:47.525","00532 01:16:49",193.12,892.80,,,,"     ",3.60,17.08,15.98
532,444678391,"00532M01:03:48.498","00532 01:16:50",193.13,892.79,,,,"     ",3.60,17.06,15.95
532,444678392,"00532M01:03:49.471","00532 01:16:51",193.14,892.89,,,,"     ",3.60,17.07,15.95
532,444678393,"00532M01:03:50.444","00532 01:16:52",193.14,892.96,,,,"     ",3.60,17.14,16.01
532,444678394,"00532M01:03:51.418","00532 01:16:53",193.14,893.04,,,,"     ",3.60,17.10,15.96
532,444678395,"00532M01:03:52.391","00532 01:16:54",193.13,892.77,,,,"     ",3.60,17.12,15.96
532,444678396,"00532M01:03:53.364","00532 01:16:54",193.14,892.74,,,,"     ",3.60,17.07,15.90
532,444678397,"00532M01:03:54.337","00532 01:16:55",193.15,892.83,,,,"     ",3.60,17.08,15.89
532,444678398,"00532M01:03:55.311","00532 01:16:56",193.17,892.79,,,,"     ",3.60,17.09,15.90
532,444678399,"00532M01:03:56.284","00532 01:16:57",193.18,892.83,,,,"     ",3.60,17.14,15.94
532,444678400,"00532M01:03:57.257","00532 01:16:58",193.18,892.82,,,,"     ",3.60,17.15,15.92
532,444678401,"00532M01:03:58.230","00532 01:16:59",193.18,892.78,,,,"     ",3.60,17.17,15.93
532,444678402,"00532M01:03:59.204","00532 01:17:00",193.18,892.82,,,,"     ",3.60,17.06,15.82
532,444678403,"00532M01:04:00.177","00532 01:17:01",193.18,892.79,,,,"     ",3.60,17.09,15.84
532,444678404,"00532M01:04:01.150","00532 01:17:02",193.19,892.79,,,,"     ",3.60,17.15,15.88
532,444678405,"00532M01:04:02.123","00532 01:17:03",193.20,892.66,,,,"     ",3.60,17.30,16.00
532,444678406,"00532M01:04:03.097","00532 01:17:04",193.21,892.73,,,,"     ",3.60,17.13,15.84
532,444678407,"00532M01:04:04.070","00532 01:17:05",193.22,892.76,,,,"     ",3.60,17.13,15.82
532,444678408,"00532M01:04:05.043","00532 01:17:06",193.22,892.83,,,,"     ",3.60,17.11,15.79
532,444678409,"00532M01:04:06.016","00532 01:17:07",193.21,892.85,,,,"     ",3.60,17.17,15.84
532,444678410,"00532M01:04:06.990","00532 01:17:08",193.21,892.86,,,,"     ",3.60,17.16,15.83
532,444678411,"00532M01:04:07.963","00532 01:17:09",193.21,892.79,,,,"     ",3.60,17.16,15.80
532,444678412,"00532M01:04:08.936","00532 01:17:10",193.22,892.84,,,,"     ",3.60,17.14,15.78
532,444678413,"00532M01:04:09.909","00532 01:17:11",193.23,892.81,,,,"     ",3.60,17.24,15.85
532,444678414,"00532M01:04:10.883","00532 01:17:12",193.24,892.84,,,,"     ",3.60,17.23,15.83
532,444678415,"00532M01:04:11.856","00532 01:17:13",193.26,892.75,,,,"     ",3.60,17.20,15.79
532,444678416,"00532M01:04:12.829","00532 01:17:14",193.28,892.78,,,,"     ",3.60,17.25,15.83
532,444678417,"00532M01:04:13.802","00532 01:17:15",193.31,892.89,,,,"     ",3.60,17.18,15.76
532,444678418,"00532M01:04:14.776","00532 01:17:16",193.34,892.83,,,,"     ",3.60,17.26,15.81
532,444678419,"00532M01:04:15.749","00532 01:17:17",193.38,892.91,,,,"     ",3.60,17.25,15.79
532,444678420,"00532M01:04:16.722","00532 01:17:18",193.43,892.85,,,,"     ",3.60,17.27,15.80
532,444678421,"00532M01:04:17.695","00532 01:17:19",193.49,893.06,,,,"     ",3.60,17.18,15.70
532,444678422,"00532M01:04:18.669","00532 01:17:20",193.54,892.91,,,,"     ",3.60,17.21,15.72
532,444678423,"00532M01:04:19.642","00532 01:17:21",193.60,892.74,,,,"     ",3.60,17.21,15.70
532,444678424,"00532M01:04:20.615","00532 01:17:22",193.65,892.89,,,,"     ",3.60,17.19,15.68
532,444678425,"00532M01:04:21.588","00532 01:17:23",193.69,892.92,,,,"     ",3.60,17.42,15.88
532,444678426,"00532M01:04:22.562","00532 01:17:24",193.74,892.75,,,,"     ",3.60,17.26,15.71
532,444678427,"00532M01:04:23.535","00532 01:17:25",193.77,892.79,,,,"     ",3.60,17.28,15.72
532,444678428,"00532M01:04:24.508","00532 01:17:26",193.80,892.72,,,,"     ",3.60,17.19,15.62
532,444678429,"00532M01:04:25.481","00532 01:17:27",193.82,892.83,,,,"     ",3.60,17.30,15.71
532,444678430,"00532M01:04:26.455","00532 01:17:28",193.84,892.81,,,,"     ",3.60,17.32,15.73
532,444678431,"00532M01:04:27.428","00532 01:17:29",193.85,892.85,,,,"     ",3.60,17.24,15.65
532,444678432,"00532M01:04:28.401","00532 01:17:30",193.86,892.85,,,,"     ",3.60,17.25,15.64
532,444678433,"00532M01:04:29.374","00532 01:17:30",193.87,892.89,,,,"     ",3.60,17.31,15.68
532,444678434,"00532M01:04:30.348","00532 01:17:31",193.88,892.90,,,,"     ",3.60,17.34,15.69
532,444678435,"00532M01:04:31.321","00532 01:17:32",193.88,892.87,,,,"     ",3.60,17.31,15.65
532,444678436,"00532M01:04:32.294","00532 01:17:33",193.88,892.90,,,,"     ",3.60,17.25,15.60
532,444678437,"00532M01:04:33.267","00532 01:17:34",193.86,892.89,,,,"     ",3.60,17.30,15.63
532,444678438,"00532M01:04:34.241","00532 01:17:35",193.85,892.82,,,,"     ",3.60,17.33,15.64
532,444678439,"00532M01:04:35.214","00532 01:17:36",193.85,892.94,,,,"     ",3.60,17.28,15.58
532,444678440,"00532M01:04:36.187","00532 01:17:37",193.85,892.83,,,,"     ",3.60,17.27,15.55
532,444678441,"00532M01:04:37.160","00532 01:17:38",193.85,892.84,,,,"     ",3.60,17.31,15.58
532,444678442,"00532M01:04:38.134","00532 01:17:39",193.86,892.83,,,,"     ",3.60,17.30,15.55
532,444678443,"00532M01:04:39.107","00532 01:17:40",193.88,892.85,,,,"     ",3.60,17.34,15.58
532,444678444,"00532M01:04:40.080","00532 01:17:41",193.89,892.83,,,,"     ",3.60,17.37,15.59
532,444678445,"00532M01:04:41.053","00532 01:17:42",193.89,892.85,,,,"     ",3.60,17.35,15.57
532,444678446,"00532M01:04:42.027","00532 01:17:43",193.90,892.87,,,,"     ",3.60,17.32,15.52
532,444678447,"00532M01:04:43.000","00532 01:17:44",193.92,892.87,,,,"     ",3.60,17.33,15.53
532,444678448,"00532M01:04:43.973","00532 01:17:45",193.94,892.86,,,,"     ",3.60,17.35,15.53
532,444678449,"00532M01:04:44.947","00532 01:17:46",193.96,892.89,,,,"     ",3.60,17.36,15.53
532,444678450,"00532M01:04:45.920","00532 01:17:47",193.98,892.88,,,,"     ",3.60,17.36,15.52
532,444678451,"00532M01:04:46.893","00532 01:17:48",194.00,892.97,,,,"     ",3.60,17.40,15.54
532,444678452,"00532M01:04:47.866","00532 01:17:49",194.02,892.95,,,,"     ",3.60,17.19,15.35
532,444678453,"00532M01:04:48.840","00532 01:17:50",194.04,893.15,,,,"     ",3.60,17.41,15.53
532,444678454,"00532M01:04:49.813","00532 01:17:51",194.07,893.09,,,,"     ",3.60,17.36,15.47
532,444678455,"00532M01:04:50.786","00532 01:17:52",194.10,893.02,,,,"     ",3.60,17.51,15.59
532,444678456,"00532M01:04:51.759","00532 01:17:53",194.14,893.02,,,,"     ",3.60,17.35,15.44
532,444678457,"00532M01:04:52.733","00532 01:17:54",194.20,892.83,,,,"     ",3.60,17.38,15.45
532,444678458,"00532M01:04:53.706","00532 01:17:55",194.26,892.89,,,,"     ",3.60,17.42,15.48
532,444678459,"00532M01:04:54.679","00532 01:17:56",194.32,892.91,,,,"     ",3.60,17.36,15.41
532,444678460,"00532M01:04:55.652","00532 01:17:57",194.37,892.92,,,,"     ",3.60,17.41,15.44
532,444678461,"00532M01:04:56.626","00532 01:17:58",194.41,892.93,,,,"     ",3.60,17.39,15.41
532,444678462,"00532M01:04:57.599","00532 01:17:59",194.44,892.96,,,,"     ",3.60,17.40,15.41
532,444678463,"00532M01:04:58.572","00532 01:18:00",194.46,893.00,,,,"     ",3.60,17.45,15.44
532,444678464,"00532M01:04:59.545","00532 01:18:01",194.47,893.01,,,,"     ",3.60,17.37,15.35
532,444678465,"00532M01:05:00.519","00532 01:18:02",194.48,892.93,,,,"     ",3.60,17.44,15.41
532,444678466,"00532M01:05:01.492","00532 01:18:03",194.47,892.92,,,,"     ",3.60,17.47,15.43
532,444678467,"00532M01:05:02.465","00532 01:18:04",194.47,892.90,,,,"     ",3.60,17.41,15.36
532,444678468,"00532M01:05:03.438","00532 01:18:05",194.46,892.86,,,,"     ",3.60,17.44,15.37
532,444678469,"00532M01:05:04.412","00532 01:18:06",194.46,892.97,,,,"     ",3.60,17.43,15.35
532,444678470,"00532M01:05:05.385","00532 01:18:07",194.45,892.88,,,,"     ",3.60,17.49,15.39
532,444678471,"00532M01:05:06.358","00532 01:18:07",194.44,892.91,,,,"     ",3.60,17.48,15.37
532,444678472,"00532M01:05:07.331","00532 01:18:08",194.43,892.90,,,,"     ",3.60,17.50,15.38
532,444678473,"00532M01:05:08.305","00532 01:18:09",194.42,892.90,,,,"     ",3.60,17.51,15.37
532,444678474,"00532M01:05:09.278","00532 01:18:10",194.41,892.94,,,,"     ",3.60,17.48,15.33
532,444678475,"00532M01:05:10.251","00532 01:18:11",194.41,892.99,,,,"     ",3.60,17.48,15.32
532,444678476,"00532M01:05:11.224","00532 01:18:12",194.41,892.97,,,,"     ",3.60,17.48,15.31
532,444678477,"00532M01:05:12.198","00532 01:18:13",194.43,892.94,,,,"     ",3.60,17.50,15.32
532,444678478,"00532M01:05:13.171","00532 01:18:14",194.45,892.92,,,,"     ",3.60,17.51,15.30
532,444678479,"00532M01:05:14.144","00532 01:18:15",194.48,892.96,,,,"     ",3.60,17.55,15.34
532,444678480,"00532M01:05:15.117","00532 01:18:16",194.53,893.02,,,,"     ",3.60,17.51,15.29
532,444678481,"00532M01:05:16.091","00532 01:18:17",194.60,892.91,,,,"     ",3.60,17.49,15.25
532,444678482,"00532M01:05:17.064","00532 01:18:18",194.67,892.91,,,,"     ",3.60,17.48,15.23
532,444678483,"00532M01:05:18.037","00532 01:18:19",194.75,892.94,,,,"     ",3.60,17.51,15.25
532,444678484,"00532M01:05:19.010","00532 01:18:20",194.84,892.87,,,,"     ",3.60,17.52,15.24
532,444678485,"00532M01:05:19.984","00532 01:18:21",194.93,892.83,,,,"     ",3.60,17.36,15.09
532,444678486,"00532M01:05:20.957","00532 01:18:22",195.03,893.03,,,,"     ",3.60,17.50,15.20
532,444678487,"00532M01:05:21.930","00532 01:18:23",195.13,892.99,,,,"     ",3.60,17.51,15.20
532,444678488,"00532M01:05:22.903","00532 01:18:24",195.22,893.03,,,,"     ",3.60,17.48,15.15
532,444678489,"00532M01:05:23.877","00532 01:18:25",195.31,893.16,,,,"     ",3.60,17.46,15.13
532,444678490,"00532M01:05:24.850","00532 01:18:26",195.38,893.07,,,,"     ",3.60,17.64,15.27
532,444678491,"00532M01:05:25.823","00532 01:18:27",195.43,892.99,,,,"     ",3.60,17.56,15.19
532,444678492,"00532M01:05:26.796","00532 01:18:28",195.47,892.95,,,,"     ",3.60,17.50,15.12
532,444678493,"00532M01:05:27.770","00532 01:18:29",195.50,892.94,,,,"     ",3.60,17.53,15.13
532,444678494,"00532M01:05:28.743","00532 01:18:30",195.54,892.92,,,,"     ",3.60,17.53,15.12
532,444678495,"00532M01:05:29.716","00532 01:18:31",195.57,892.91,,,,"     ",3.60,17.57,15.14
532,444678496,"00532M01:05:30.689","00532 01:18:32",195.59,892.96,,,,"     ",3.60,17.51,15.08
532,444678497,"00532M01:05:31.663","00532 01:18:33",195.61,892.98,,,,"     ",3.60,17.50,15.06
532,444678498,"00532M01:05:32.636","00532 01:18:34",195.61,892.96,,,,"     ",3.60,17.54,15.08
532,444678499,"00532M01:05:33.609","00532 01:18:35",195.60,892.92,,,,"     ",3.60,17.57,15.09
532,444678500,"00532M01:05:34.582","00532 01:18:36",195.58,892.97,,,,"     ",3.60,17.62,15.13
532,444678501,"00532M01:05:35.556","00532 01:18:37",195.56,892.93,,,,"     ",3.60,17.56,15.06
532,444678502,"00532M01:05:36.529","00532 01:18:38",195.53,893.01,,,,"     ",3.60,17.53,15.02
532,444678503,"00532M01:05:37.502","00532 01:18:39",195.50,893.03,,,,"     ",3.60,17.56,15.03
532,444678504,"00532M01:05:38.475","00532 01:18:40",195.48,893.04,,,,"     ",3.60,17.53,15.00
532,444678505,"00532M01:05:39.449","00532 01:18:41",195.45,893.04,,,,"     ",3.60,17.58,15.02
532,444678506,"00532M01:05:40.422","00532 01:18:42",195.44,893.01,,,,"     ",3.60,17.54,14.98
532,444678507,"00532M01:05:41.395","00532 01:18:43",195.42,893.00,,,,"     ",3.60,17.59,15.01
532,444678508,"00532M01:05:42.368","00532 01:18:43",195.39,893.06,,,,"     ",3.60,17.62,15.02
532,444678509,"00532M01:05:43.342","00532 01:18:44",195.36,892.94,,,,"     ",3.60,17.55,14.95
532,444678510,"00532M01:05:44.315","00532 01:18:45",195.33,893.05,,,,"     ",3.60,17.53,14.92
532,444678511,"00532M01:05:45.288","00532 01:18:46",195.29,892.97,,,,"     ",3.60,17.51,14.88
532,444678512,"00532M01:05:46.261","00532 01:18:47",195.26,892.96,,,,"     ",3.60,17.56,14.91
532,444678513,"00532M01:05:47.235","00532 01:18:48",195.22,892.94,,,,"     ",3.60,17.52,14.86
532,444678514,"00532M01:05:48.208","00532 01:18:49",195.18,892.91,,,,"     ",3.60,17.54,14.87
532,444678515,"00532M01:05:49.181","00532 01:18:50",195.13,892.91,,,,"     ",3.60,17.64,14.95
532,444678516,"00532M01:05:50.154","00532 01:18:51",195.09,892.81,,,,"     ",3.60,17.63,14.92
532,444678517,"00532M01:05:51.128","00532 01:18:52",195.04,892.68,,,,"     ",3.60,17.59,14.88
532,444678518,"00532M01:05:52.101","00532 01:18:53",195.00,892.76,,,,"     ",3.60,17.61,14.88
532,444678519,"00532M01:05:53.074","00532 01:18:54",194.94,892.91,,,,"     ",3.60,17.58,14.85
532,444678520,"00532M01:05:54.048","00532 01:18:55",194.89,892.95,,,,"     ",3.60,17.64,14.89
532,444678521,"00532M01:05:55.021","00532 01:18:56",194.84,892.94,,,,"     ",3.60,17.67,14.89
532,444678522,"00532M01:05:55.994","00532 01:18:57",194.78,893.13,,,,"     ",3.60,17.65,14.87
532,444678523,"00532M01:05:56.967","00532 01:18:58",194.72,893.13,,,,"     ",3.60,17.87,15.06
532,444678524,"00532M01:05:57.941","00532 01:18:59",194.66,892.94,,,,"     ",3.60,17.59,14.80
532,444678525,"00532M01:05:58.914","00532 01:19:00",194.59,892.98,,,,"     ",3.60,17.60,14.80
532,444678526,"00532M01:05:59.887","00532 01:19:01",194.65,892.91,,,,"     ",3.60,17.63,14.81
532,444678527,"00532M01:06:00.860","00532 01:19:02",194.71,892.93,,,,"     ",3.60,17.57,14.75
532,444678528,"00532M01:06:01.834","00532 01:19:03",194.77,892.95,,,,"     ",3.60,17.63,14.80
532,444678529,"00532M01:06:02.807","00532 01:19:04",194.82,892.99,,,,"     ",3.60,17.74,14.87
532,444678530,"00532M01:06:03.780","00532 01:19:05",194.87,893.02,,,,"     ",3.60,17.62,14.76
532,444678531,"00532M01:06:04.753","00532 01:19:06",194.91,892.93,,,,"     ",3.60,17.63,14.76
532,444678532,"00532M01:06:05.727","00532 01:19:07",194.94,892.97,,,,"     ",3.60,17.62,14.74
532,444678533,"00532M01:06:06.700","00532 01:19:08",194.97,892.97,,,,"     ",3.60,17.64,14.75
532,444678534,"00532M01:06:07.673","00532 01:19:09",194.99,893.03,,,,"     ",3.60,17.60,14.70
532,444678535,"00532M01:06:08.646","00532 01:19:10",195.01,892.97,,,,"     ",3.60,17.60,14.70
532,444678536,"00532M01:06:09.620","00532 01:19:11",195.02,893.04,,,,"     ",3.60,17.70,14.77
532,444678537,"00532M01:06:10.593","00532 01:19:12",195.03,892.97,,,,"     ",3.60,17.43,14.54
532,444678538,"00532M01:06:11.566","00532 01:19:13",195.03,893.01,,,,"     ",3.60,17.67,14.73
532,444678539,"00532M01:06:12.539","00532 01:19:14",195.03,892.90,,,,"     ",3.60,17.67,14.72
532,444678540,"00532M01:06:13.513","00532 01:19:15",195.02,892.91,,,,"     ",3.60,17.62,14.66
532,444678541,"00532M01:06:14.486","00532 01:19:16",195.00,892.94,,,,"     ",3.60,17.64,14.67
532,444678542,"00532M01:06:15.459","00532 01:19:17",194.98,892.92,,,,"     ",3.60,17.61,14.64
532,444678543,"00532M01:06:16.432","00532 01:19:18",194.95,892.87,,,,"     ",3.60,17.60,14.62
532,444678544,"00532M01:06:17.406","00532 01:19:19",194.91,892.89,,,,"     ",3.60,17.67,14.67
532,444678545,"00532M01:06:18.379","00532 01:19:20",194.87,892.95,,,,"     ",3.60,17.60,14.61
532,444678546,"00532M01:06:19.352","00532 01:19:20",194.83,893.02,,,,"     ",3.60,17.69,14.67
532,444678547,"00532M01:06:20.325","00532 01:19:21",194.81,893.01,,,,"     ",3.60,17.62,14.61
532,444678548,"00532M01:06:21.299","00532 01:19:22",194.78,892.94,,,,"     ",3.60,17.73,14.69
532,444678549,"00532M01:06:22.272","00532 01:19:23",194.76,892.91,,,,"     ",3.60,17.64,14.60
532,444678550,"00532M01:06:23.245","00532 01:19:24",194.74,892.97,,,,"     ",3.60,17.63,14.59
532,444678551,"00532M01:06:24.218","00532 01:19:25",194.72,892.99,,,,"     ",3.60,17.69,14.63
532,444678552,"00532M01:06:25.192","00532 01:19:26",194.70,892.83,,,,"     ",3.60,17.61,14.55
532,444678553,"00532M01:06:26.165","00532 01:19:27",194.69,893.06,,,,"     ",3.60,17.73,14.64
532,444678554,"00532M01:06:27.138","00532 01:19:28",194.68,893.04,,,,"     ",3.60,17.65,14.57
532,444678555,"00532M01:06:28.111","00532 01:19:29",194.66,892.92,,,,"     ",3.60,17.65,14.56
532,444678556,"00532M01:06:29.085","00532 01:19:30",194.64,893.05,,,,"     ",3.60,17.64,14.55
532,444678557,"00532M01:06:30.058","00532 01:19:31",194.61,893.13,,,,"     ",3.60,17.56,14.47
532,444678558,"00532M01:06:31.031","00532 01:19:32",194.56,892.88,,,,"     ",3.60,17.67,14.55
532,444678559,"00532M01:06:32.004","00532 01:19:33",194.51,892.94,,,,"     ",3.60,17.90,14.74
532,444678560,"00532M01:06:32.978","00532 01:19:34",194.45,892.98,,,,"     ",3.60,17.71,14.57
532,444678561,"00532M01:06:33.951","00532 01:19:35",194.40,892.90,,,,"     ",3.60,17.69,14.55
532,444678562,"00532M01:06:34.924","00532 01:19:36",194.36,892.93,,,,"     ",3.60,17.65,14.50
532,444678563,"00532M01:06:35.897","00532 01:19:37",194.32,892.95,,,,"     ",3.60,17.70,14.54
532,444678564,"00532M01:06:36.871","00532 01:19:38",194.29,892.90,,,,"     ",3.60,17.71,14.54
532,444678565,"00532M01:06:37.844","00532 01:19:39",194.26,893.04,,,,"     ",3.60,17.69,14.52
532,444678566,"00532M01:06:38.817","00532 01:19:40",194.22,893.00,,,,"     ",3.60,17.69,14.51
532,444678567,"00532M01:06:39.790","00532 01:19:41",194.19,893.06,,,,"     ",3.60,17.72,14.53
532,444678568,"00532M01:06:40.764","00532 01:19:42",194.17,893.03,,,,"     ",3.60,17.74,14.53
532,444678569,"00532M01:06:41.737","00532 01:19:43",194.14,893.02,,,,"     ",3.60,17.71,14.51
532,444678570,"00532M01:06:42.710","00532 01:19:44",194.11,893.03,,,,"     ",3.60,17.67,14.46
532,444678571,"00532M01:06:43.683","00532 01:19:45",194.07,893.02,,,,"     ",3.60,17.67,14.45
532,444678572,"00532M01:06:44.657","00532 01:19:46",194.02,893.00,,,,"     ",3.60,17.68,14.46
532,444678573,"00532M01:06:45.630","00532 01:19:47",193.97,893.07,,,,"     ",3.60,17.65,14.42
532,444678574,"00532M01:06:46.603","00532 01:19:48",193.90,892.96,,,,"     ",3.60,17.74,14.49
532,444678575,"00532M01:06:47.576","00532 01:19:49",193.84,892.96,,,,"     ",3.60,17.62,14.38
532,444678576,"00532M01:06:48.550","00532 01:19:50",193.77,892.96,,,,"     ",3.60,17.70,14.44
532,444678577,"00532M01:06:49.523","00532 01:19:51",193.70,892.96,,,,"     ",3.60,17.64,14.38
532,444678578,"00532M01:06:50.496","00532 01:19:52",193.63,893.00,,,,"     ",3.60,17.75,14.47
532,444678579,"00532M01:06:51.469","00532 01:19:53",193.55,893.04,,,,"     ",3.60,17.70,14.43
532,444678580,"00532M01:06:52.443","00532 01:19:54",193.48,893.04,,,,"     ",3.60,17.68,14.40
532,444678581,"00532M01:06:53.416","00532 01:19:55",193.40,893.01,,,,"     ",3.60,17.65,14.37
532,444678582,"00532M01:06:54.389","00532 01:19:56",193.33,893.00,,,,"     ",3.60,17.68,14.38
532,444678583,"00532M01:06:55.362","00532 01:19:56",193.27,893.04,,,,"     ",3.60,17.70,14.39
532,444678584,"00532M01:06:56.336","00532 01:19:57",193.21,893.00,,,,"     ",3.60,17.65,14.35
532,444678585,"00532M01:06:57.309","00532 01:19:58",193.16,893.05,,,,"     ",3.60,17.65,14.34
532,444678586,"00532M01:06:58.282","00532 01:19:59",193.12,892.98,,,,"     ",3.60,17.82,14.47
532,444678587,"00532M01:06:59.255","00532 01:20:00",193.10,892.95,,,,"     ",3.60,17.73,14.39
532,444678588,"00532M01:07:00.229","00532 01:20:01",193.08,892.89,,,,"     ",3.60,17.77,14.42
532,444678589,"00532M01:07:01.202","00532 01:20:02",193.09,893.03,,,,"     ",3.60,17.66,14.32
532,444678590,"00532M01:07:02.175","00532 01:20:03",193.11,892.98,,,,"     ",3.60,17.69,14.34
532,444678591,"00532M01:07:03.148","00532 01:20:04",193.14,892.98,,,,"     ",3.60,17.68,14.33
532,444678592,"00532M01:07:04.122","00532 01:20:05",193.18,893.02,,,,"     ",3.60,17.68,14.31
532,444678593,"00532M01:07:05.095","00532 01:20:06",193.21,892.89,,,,"     ",3.60,17.87,14.46
532,444678594,"00532M01:07:06.068","00532 01:20:07",193.24,892.93,,,,"     ",3.60,17.67,14.29
532,444678595,"00532M01:07:07.042","00532 01:20:08",193.26,892.96,,,,"     ",3.60,17.70,14.31
532,444678596,"00532M01:07:08.015","00532 01:20:09",193.28,893.02,,,,"     ",3.60,17.62,14.24
532,444678597,"00532M01:07:08.988","00532 01:20:10",193.30,892.98,,,,"     ",3.60,17.67,14.28
532,444678598,"00532M01:07:09.961","00532 01:20:11",193.32,892.88,,,,"     ",3.60,17.69,14.28
532,444678599,"00532M01:07:10.935","00532 01:20:12",193.34,892.86,,,,"     ",3.60,17.69,14.27
532,444678600,"00532M01:07:11.908","00532 01:20:13",193.36,892.82,,,,"     ",3.60,17.67,14.25
532,444678601,"00532M01:07:12.881","00532 01:20:14",193.38,892.84,,,,"     ",3.60,17.65,14.23
532,444678602,"00532M01:07:13.854","00532 01:20:15",193.39,892.86,,,,"     ",3.60,17.66,14.24
532,444678603,"00532M01:07:14.828","00532 01:20:16",193.38,892.94,,,,"     ",3.60,17.66,14.23
532,444678604,"00532M01:07:15.801","00532 01:20:17",193.37,893.01,,,,"     ",3.60,17.79,14.33
532,444678605,"00532M01:07:16.774","00532 01:20:18",193.36,892.98,,,,"     ",3.60,17.62,14.18
532,444678606,"00532M01:07:17.747","00532 01:20:19",193.33,893.03,,,,"     ",3.60,17.65,14.19
532,444678607,"00532M01:07:18.721","00532 01:20:20",193.30,892.99,,,,"     ",3.60,17.65,14.19
532,444678608,"00532M01:07:19.694","00532 01:20:21",193.25,892.98,,,,"     ",3.60,17.69,14.21
532,444678609,"00532M01:07:20.667","00532 01:20:22",193.20,892.94,,,,"     ",3.60,17.69,14.21
532,444678610,"00532M01:07:21.640","00532 01:20:23",193.16,892.91,,,,"     ",3.60,17.70,14.21
532,444678611,"00532M01:07:22.614","00532 01:20:24",193.13,892.92,,,,"     ",3.60,17.67,14.18
532,444678612,"00532M01:07:23.587","00532 01:20:25",193.10,892.96,,,,"     ",3.60,17.72,14.22
532,444678613,"00532M01:07:24.560","00532 01:20:26",193.09,892.99,,,,"     ",3.60,17.86,14.32
532,444678614,"00532M01:07:25.533","00532 01:20:27",193.09,893.01,,,,"     ",3.60,17.67,14.16
532,444678615,"00532M01:07:26.507","00532 01:20:28",193.09,893.00,,,,"     ",3.60,17.70,14.18
532,444678616,"00532M01:07:27.480","00532 01:20:29",193.10,893.02,,,,"     ",3.60,17.73,14.20
532,444678617,"00532M01:07:28.453","00532 01:20:30",193.12,893.01,,,,"     ",3.60,17.63,14.11
532,444678618,"00532M01:07:29.426","00532 01:20:31",193.14,893.02,,,,"     ",3.60,17.72,14.17
532,444678619,"00532M01:07:30.400","00532 01:20:32",193.16,893.02,,,,"     ",3.60,17.74,14.19
532,444678620,"00532M01:07:31.373","00532 01:20:33",193.18,892.99,,,,"     ",3.60,17.69,14.13
532,444678621,"00532M01:07:32.346","00532 01:20:33",193.19,893.02,,,,"     ",3.60,17.72,14.15
532,444678622,"00532M01:07:33.319","00532 01:20:34",193.19,892.91,,,,"     ",3.60,17.68,14.11
532,444678623,"00532M01:07:34.293","00532 01:20:35",193.19,892.97,,,,"     ",3.60,17.74,14.15
532,444678624,"00532M01:07:35.266","00532 01:20:36",193.19,893.12,,,,"     ",3.60,17.71,14.12
532,444678625,"00532M01:07:36.239","00532 01:20:37",193.19,893.17,,,,"     ",3.60,17.70,14.11
532,444678626,"00532M01:07:37.212","00532 01:20:38",193.19,893.14,,,,"     ",3.60,17.73,14.14
532,444678627,"00532M01:07:38.186","00532 01:20:39",193.19,893.07,,,,"     ",3.60,17.70,14.10
532,444678628,"00532M01:07:39.159","00532 01:20:40",193.18,893.08,,,,"     ",3.60,17.97,14.30
532,444678629,"00532M01:07:40.132","00532 01:20:41",193.16,892.94,,,,"     ",3.60,17.67,14.06
532,444678630,"00532M01:07:41.105","00532 01:20:42",193.13,892.99,,,,"     ",3.60,17.68,14.06
532,444678631,"00532M01:07:42.079","00532 01:20:43",193.10,893.03,,,,"     ",3.60,17.71,14.07
532,444678632,"00532M01:07:43.052","00532 01:20:44",193.06,893.04,,,,"     ",3.60,17.72,14.09
532,444678633,"00532M01:07:44.025","00532 01:20:45",193.02,893.01,,,,"     ",3.60,17.70,14.06
532,444678634,"00532M01:07:44.998","00532 01:20:46",192.99,893.10,,,,"     ",3.60,17.79,14.12
532,444678635,"00532M01:07:45.972","00532 01:20:47",192.96,893.03,,,,"     ",3.60,17.71,14.05
532,444678636,"00532M01:07:46.945","00532 01:20:48",192.94,893.10,,,,"     ",3.60,17.69,14.03
532,444678637,"00532M01:07:47.918","00532 01:20:49",192.93,893.05,,,,"     ",3.60,17.67,14.01
532,444678638,"00532M01:07:48.891","00532 01:20:50",192.93,893.10,,,,"     ",3.60,17.71,14.03
532,444678639,"00532M01:07:49.865","00532 01:20:51",192.94,893.09,,,,"     ",3.60,17.68,14.01
532,444678640,"00532M01:07:50.838","00532 01:20:52",192.94,892.96,,,,"     ",3.60,17.93,14.20
532,444678641,"00532M01:07:51.811","00532 01:20:53",192.95,892.98,,,,"     ",3.60,17.72,14.02
532,444678642,"00532M01:07:52.784","00532 01:20:54",192.97,892.96,,,,"     ",3.60,17.70,14.00
532,444678643,"00532M01:07:53.758","00532 01:20:55",192.98,892.95,,,,"     ",3.60,17.74,14.03
532,444678644,"00532M01:07:54.731","00532 01:20:56",193.01,892.98,,,,"     ",3.60,17.71,13.99
532,444678645,"00532M01:07:55.704","00532 01:20:57",193.04,893.04,,,,"     ",3.60,17.74,14.01
532,444678646,"00532M01:07:56.677","00532 01:20:58",193.08,893.10,,,,"     ",3.60,17.73,14.00
532,444678647,"00532M01:07:57.651","00532 01:20:59",193.12,893.10,,,,"     ",3.60,17.76,14.02
532,444678648,"00532M01:07:58.624","00532 01:21:00",193.15,893.11,,,,"     ",3.60,17.71,13.97
532,444678649,"00532M01:07:59.597","00532 01:21:01",193.19,892.99,,,,"     ",3.60,17.67,13.92
532,444678650,"00532M01:08:00.570","00532 01:21:02",193.21,892.93,,,,"     ",3.60,17.68,13.93
532,444678651,"00532M01:08:01.544","00532 01:21:03",193.21,892.90,,,,"     ",3.60,17.70,13.94
532,444678652,"00532M01:08:02.517","00532 01:21:04",193.21,893.03,,,,"     ",3.60,17.69,13.92
532,444678653,"00532M01:08:03.490","00532 01:21:05",193.19,892.94,,,,"     ",3.60,17.74,13.95
532,444678654,"00532M01:08:04.463","00532 01:21:06",193.18,893.02,,,,"     ",3.60,17.76,13.97
532,444678655,"00532M01:08:05.437","00532 01:21:07",193.17,893.05,,,,"     ",3.60,17.71,13.92
532,444678656,"00532M01:08:06.410","00532 01:21:08",193.16,892.93,,,,"     ",3.60,17.72,13.92
532,444678657,"00532M01:08:07.383","00532 01:21:09",193.14,893.00,,,,"     ",3.60,17.72,13.91
532,444678658,"00532M01:08:08.356","00532 01:21:09",193.12,893.00,,,,"     ",3.60,17.77,13.95
532,444678659,"00532M01:08:09.330","00532 01:21:10",193.09,893.04,,,,"     ",3.60,17.72,13.91
532,444678660,"00532M01:08:10.303","00532 01:21:11",193.05,893.18,,,,"     ",3.60,17.72,13.90
532,444678661,"00532M01:08:11.276","00532 01:21:12",193.00,893.18,,,,"     ",3.60,17.71,13.89
532,444678662,"00532M01:08:12.249","00532 01:21:13",192.94,893.06,,,,"     ",3.60,17.71,13.88
532,444678663,"00532M01:08:13.223","00532 01:21:14",192.88,893.04,,,,"     ",3.60,17.78,13.93
532,444678664,"00532M01:08:14.196","00532 01:21:15",192.81,893.06,,,,"     ",3.60,17.96,14.06
532,444678665,"00532M01:08:15.169","00532 01:21:16",192.73,892.90,,,,"     ",3.60,17.74,13.88
532,444678666,"00532M01:08:16.143","00532 01:21:17",192.64,893.00,,,,"     ",3.60,17.72,13.87
532,444678667,"00532M01:08:17.116","00532 01:21:18",192.56,893.05,,,,"     ",3.60,17.71,13.85
532,444678668,"00532M01:08:18.089","00532 01:21:19",192.48,892.94,,,,"     ",3.60,17.79,13.90
532,444678669,"00532M01:08:19.062","00532 01:21:20",192.40,892.92,,,,"     ",3.60,17.73,13.85
532,444678670,"00532M01:08:20.036","00532 01:21:21",192.33,892.95,,,,"     ",3.60,17.73,13.84
532,444678671,"00532M01:08:21.009","00532 01:21:22",192.28,893.04,,,,"     ",3.60,17.83,13.92
532,444678672,"00532M01:08:21.982","00532 01:21:23",192.23,893.00,,,,"     ",3.60,17.50,13.65
532,444678673,"00532M01:08:22.955","00532 01:21:24",192.18,892.98,,,,"     ",3.60,17.76,13.85
532,444678674,"00532M01:08:23.929","00532 01:21:25",192.14,892.97,,,,"     ",3.60,17.71,13.80
532,444678675,"00532M01:08:24.902","00532 01:21:26",192.09,893.05,,,,"     ",3.60,17.73,13.81
532,444678676,"00532M01:08:25.875","00532 01:21:27",192.04,892.99,,,,"     ",3.60,17.73,13.81
532,444678677,"00532M01:08:26.848","00532 01:21:28",191.98,893.03,,,,"     ",3.60,17.70,13.78
532,444678678,"00532M01:08:27.822","00532 01:21:29",191.93,893.03,,,,"     ",3.60,17.75,13.81
532,444678679,"00532M01:08:28.795","00532 01:21:30",191.89,892.98,,,,"     ",3.60,17.72,13.79
532,444678680,"00532M01:08:29.768","00532 01:21:31",191.86,892.99,,,,"     ",3.60,17.73,13.79
532,444678681,"00532M01:08:30.741","00532 01:21:32",191.84,892.95,,,,"     ",3.60,17.70,13.76
532,444678682,"00532M01:08:31.715","00532 01:21:33",191.83,892.99,,,,"     ",3.60,17.73,13.77
532,444678683,"00532M01:08:32.688","00532 01:21:34",191.84,893.00,,,,"     ",3.60,17.71,13.75
532,444678684,"00532M01:08:33.661","00532 01:21:35",191.86,892.96,,,,"     ",3.60,17.73,13.77
532,444678685,"00532M01:08:34.634","00532 01:21:36",191.87,892.93,,,,"     ",3.60,17.67,13.71
532,444678686,"00532M01:08:35.608","00532 01:21:37",191.88,892.92,,,,"     ",3.60,17.64,13.67
532,444678687,"00532M01:08:36.581","00532 01:21:38",191.88,892.98,,,,"     ",3.60,17.68,13.71
532,444678688,"00532M01:08:37.554","00532 01:21:39",191.87,892.98,,,,"     ",3.60,17.68,13.70
532,444678689,"00532M01:08:38.527","00532 01:21:40",191.85,893.11,,,,"     ",3.60,17.68,13.70
532,444678690,"00532M01:08:39.501","00532 01:21:41",191.83,892.97,,,,"     ",3.60,17.67,13.68
532,444678691,"00532M01:08:40.474","00532 01:21:42",191.82,893.00,,,,"     ",3.60,17.68,13.69
532,444678692,"00532M01:08:41.447","00532 01:21:43",191.81,892.98,,,,"     ",3.60,17.72,13.72
532,444678693,"00532M01:08:42.420","00532 01:21:44",191.81,893.01,,,,"     ",3.60,17.66,13.66
532,444678694,"00532M01:08:43.394","00532 01:21:45",191.81,893.02,,,,"     ",3.60,17.73,13.71
532,444678695,"00532M01:08:44.367","00532 01:21:46",191.82,892.98,,,,"     ",3.60,17.71,13.69
532,444678696,"00532M01:08:45.340","00532 01:21:46",191.83,893.03,,,,"     ",3.60,17.72,13.70
532,444678697,"00532M01:08:46.313","00532 01:21:47",191.84,892.88,,,,"     ",3.60,17.73,13.69
532,444678698,"00532M01:08:47.287","00532 01:21:48",191.85,892.94,,,,"     ",3.60,17.49,13.51
532,444678699,"00532M01:08:48.260","00532 01:21:49",191.87,892.94,,,,"     ",3.60,17.67,13.64
532,444678700,"00532M01:08:49.233","00532 01:21:50",191.88,893.16,,,,"     ",3.60,17.65,13.62
532,444678701,"00532M01:08:50.206","00532 01:21:51",191.89,893.29,,,,"     ",3.60,17.67,13.63
532,444678702,"00532M01:08:51.180","00532 01:21:52",191.89,893.31,,,,"     ",3.60,17.69,13.64
532,444678703,"00532M01:08:52.153","00532 01:21:53",191.90,893.06,,,,"     ",3.60,17.63,13.59
532,444678704,"00532M01:08:53.126","00532 01:21:54",191.91,893.03,,,,"     ",3.60,17.70,13.64
532,444678705,"00532M01:08:54.099","00532 01:21:55",191.93,893.11,,,,"     ",3.60,17.68,13.61
532,444678706,"00532M01:08:55.073","00532 01:21:56",191.94,893.05,,,,"     ",3.60,17.64,13.58
532,444678707,"00532M01:08:56.046","00532 01:21:57",191.97,893.04,,,,"     ",3.60,17.66,13.59
532,444678708,"00532M01:08:57.019","00532 01:21:58",192.00,892.99,,,,"     ",3.60,17.63,13.56
532,444678709,"00532M01:08:57.992","00532 01:21:59",192.02,892.97,,,,"     ",3.60,17.65,13.57
532,444678710,"00532M01:08:58.966","00532 01:22:00",192.05,892.92,,,,"     ",3.60,17.73,13.63
532,444678711,"00532M01:08:59.939","00532 01:22:01",192.07,892.99,,,,"     ",3.60,17.69,13.60
532,444678712,"00532M01:09:00.912","00532 01:22:02",192.08,892.88,,,,"     ",3.60,17.69,13.59
532,444678713,"00532M01:09:01.885","00532 01:22:03",192.07,892.99,,,,"     ",3.60,17.64,13.55
532,444678714,"00532M01:09:02.859","00532 01:22:04",192.05,892.96,,,,"     ",3.60,17.73,13.62
532,444678715,"00532M01:09:03.832","00532 01:22:05",192.02,892.98,,,,"     ",3.60,17.69,13.58
532,444678716,"00532M01:09:04.805","00532 01:22:06",191.99,893.03,,,,"     ",3.60,17.61,13.51
532,444678717,"00532M01:09:05.778","00532 01:22:07",191.95,893.06,,,,"     ",3.60,17.64,13.53
532,444678718,"00532M01:09:06.752","00532 01:22:08",191.91,892.99,,,,"     ",3.60,17.62,13.51
532,444678719,"00532M01:09:07.725","00532 01:22:09",191.86,893.04,,,,"     ",3.60,17.69,13.56
532,444678720,"00532M01:09:08.698","00532 01:22:10",191.82,893.04,,,,"     ",3.60,17.67,13.54
532,444678721,"00532M01:09:09.671","00532 01:22:11",191.78,893.05,,,,"     ",3.60,17.70,13.56
532,444678722,"00532M01:09:10.645","00532 01:22:12",191.73,893.00,,,,"     ",3.60,17.66,13.52
532,444678723,"00532M01:09:11.618","00532 01:22:13",191.68,892.97,,,,"     ",3.60,17.91,13.70
532,444678724,"00532M01:09:12.591","00532 01:22:14",191.64,892.98,,,,"     ",3.60,17.66,13.52
532,444678725,"00532M01:09:13.564","00532 01:22:15",191.60,893.05,,,,"     ",3.60,17.67,13.52
532,444678726,"00532M01:09:14.538","00532 01:22:16",191.55,892.98,,,,"     ",3.60,17.72,13.54
532,444678727,"00532M01:09:15.511","00532 01:22:17",191.51,893.06,,,,"     ",3.60,17.70,13.53
532,444678728,"00532M01:09:16.484","00532 01:22:18",191.47,892.99,,,,"     ",3.60,17.68,13.51
532,444678729,"00532M01:09:17.457","00532 01:22:19",191.43,893.05,,,,"     ",3.60,17.66,13.49
532,444678730,"00532M01:09:18.431","00532 01:22:20",191.39,893.05,,,,"     ",3.60,17.68,13.50
532,444678731,"00532M01:09:19.404","00532 01:22:21",191.36,893.07,,,,"     ",3.60,17.69,13.50
532,444678732,"00532M01:09:20.377","00532 01:22:22",191.33,893.02,,,,"     ",3.60,17.65,13.47
532,444678733,"00532M01:09:21.350","00532 01:22:23",191.29,893.00,,,,"     ",3.60,17.72,13.52
532,444678734,"00532M01:09:22.324","00532 01:22:23",191.26,892.93,,,,"     ",3.60,17.63,13.44
532,444678735,"00532M01:09:23.297","00532 01:22:24",191.23,893.00,,,,"     ",3.60,17.62,13.43
532,444678736,"00532M01:09:24.270","00532 01:22:25",191.20,892.96,,,,"     ",3.60,17.38,13.24
532,444678737,"00532M01:09:25.244","00532 01:22:26",191.17,893.11,,,,"     ",3.60,17.63,13.43
532,444678738,"00532M01:09:26.217","00532 01:22:27",191.16,893.17,,,,"     ",3.60,17.62,13.42
532,444678739,"00532M01:09:27.190","00532 01:22:28",191.15,893.09,,,,"     ",3.60,17.68,13.46
532,444678740,"00532M01:09:28.163","00532 01:22:29",191.16,893.14,,,,"     ",3.60,17.67,13.45
532,444678741,"00532M01:09:29.137","00532 01:22:30",191.17,892.91,,,,"     ",3.60,17.65,13.42
532,444678742,"00532M01:09:30.110","00532 01:22:31",191.19,893.03,,,,"     ",3.60,17.69,13.45
532,444678743,"00532M01:09:31.083","00532 01:22:32",191.22,892.99,,,,"     ",3.60,17.73,13.48
532,444678744,"00532M01:09:32.056","00532 01:22:33",191.24,893.06,,,,"     ",3.60,17.63,13.40
532,444678745,"00532M01:09:33.030","00532 01:22:34",191.27,893.04,,,,"     ",3.60,17.64,13.40
532,444678746,"00532M01:09:34.003","00532 01:22:35",191.28,892.92,,,,"     ",3.60,17.64,13.39
532,444678747,"00532M01:09:34.976","00532 01:22:36",191.29,892.96,,,,"     ",3.60,17.67,13.41
532,444678748,"00532M01:09:35.949","00532 01:22:37",191.29,893.01,,,,"     ",3.60,17.64,13.39
532,444678749,"00532M01:09:36.923","00532 01:22:38",191.29,893.03,,,,"     ",3.60,17.62,13.37
532,444678750,"00532M01:09:37.896","00532 01:22:39",191.27,893.00,,,,"     ",3.60,17.63,13.38
532,444678751,"00532M01:09:38.869","00532 01:22:40",191.24,893.01,,,,"     ",3.60,17.89,13.58
532,444678752,"00532M01:09:39.842","00532 01:22:41",191.21,893.05,,,,"     ",3.60,17.67,13.39
532,444678753,"00532M01:09:40.816","00532 01:22:42",191.18,893.05,,,,"     ",3.60,17.71,13.42
532,444678754,"00532M01:09:41.789","00532 01:22:43",191.15,892.94,,,,"     ",3.60,17.67,13.38
532,444678755,"00532M01:09:42.762","00532 01:22:44",191.12,892.96,,,,"     ",3.60,17.68,13.39
532,444678756,"00532M01:09:43.735","00532 01:22:45",191.09,892.99,,,,"     ",3.60,17.61,13.33
532,444678757,"00532M01:09:44.709","00532 01:22:46",191.06,893.01,,,,"     ",3.60,17.62,13.33
532,444678758,"00532M01:09:45.682","00532 01:22:47",191.03,893.00,,,,"     ",3.60,17.66,13.36
532,444678759,"00532M01:09:46.655","00532 01:22:48",191.01,893.00,,,,"     ",3.60,17.61,13.32
532,444678760,"00532M01:09:47.628","00532 01:22:49",190.99,893.02,,,,"     ",3.60,17.56,13.27
532,444678761,"00532M01:09:48.602","00532 01:22:50",190.97,893.03,,,,"     ",3.60,17.64,13.33
532,444678762,"00532M01:09:49.575","00532 01:22:51",190.97,893.10,,,,"     ",3.60,17.66,13.34
532,444678763,"00532M01:09:50.548","00532 01:22:52",190.97,893.11,,,,"     ",3.60,17.63,13.31
532,444678764,"00532M01:09:51.521","00532 01:22:53",190.99,893.06,,,,"     ",3.60,17.67,13.34
532,444678765,"00532M01:09:52.495","00532 01:22:54",191.02,893.08,,,,"     ",3.60,17.59,13.27
532,444678766,"00532M01:09:53.468","00532 01:22:55",191.06,893.10,,,,"     ",3.60,17.62,13.29
532,444678767,"00532M01:09:54.441","00532 01:22:56",191.11,893.03,,,,"     ",3.60,17.61,13.28
532,444678768,"00532M01:09:55.414","00532 01:22:57",191.16,893.03,,,,"     ",3.60,17.66,13.31
532,444678769,"00532M01:09:56.388","00532 01:22:58",191.22,893.13,,,,"     ",3.60,17.67,13.31
532,444678770,"00532M01:09:57.361","00532 01:22:59",191.26,893.18,,,,"     ",3.60,17.69,13.33
532,444678771,"00532M01:09:58.334","00532 01:22:59",191.29,893.14,,,,"     ",3.60,17.66,13.30
532,444678772,"00532M01:09:59.307","00532 01:23:00",191.31,893.03,,,,"     ",3.60,17.64,13.28
532,444678773,"00532M01:10:00.281","00532 01:23:01",191.31,892.97,,,,"     ",3.60,17.68,13.30
532,444678774,"00532M01:10:01.254","00532 01:23:02",191.29,893.19,,,,"     ",3.60,17.62,13.26
532,444678775,"00532M01:10:02.227","00532 01:23:03",191.26,893.11,,,,"     ",3.60,17.59,13.23
532,444678776,"00532M01:10:03.200","00532 01:23:04",191.21,893.12,,,,"     ",3.60,17.62,13.25
532,444678777,"00532M01:10:04.174","00532 01:23:05",191.15,893.16,,,,"     ",3.60,17.66,13.27
532,444678778,"00532M01:10:05.147","00532 01:23:06",191.10,893.01,,,,"     ",3.60,17.76,13.34
532,444678779,"00532M01:10:06.120","00532 01:23:07",191.06,893.11,,,,"     ",3.60,17.60,13.22
532,444678780,"00532M01:10:07.093","00532 01:23:08",191.02,893.08,,,,"     ",3.60,17.65,13.26
532,444678781,"00532M01:10:08.067","00532 01:23:09",191.00,893.04,,,,"     ",3.60,17.68,13.27
532,444678782,"00532M01:10:09.040","00532 01:23:10",190.99,893.04,,,,"     ",3.60,17.63,13.22
532,444678783,"00532M01:10:10.013","00532 01:23:11",190.98,893.02,,,,"     ",3.60,17.62,13.21
532,444678784,"00532M01:10:10.986","00532 01:23:12",190.98,893.05,,,,"     ",3.60,17.59,13.18
532,444678785,"00532M01:10:11.960","00532 01:23:13",190.99,893.18,,,,"     ",3.60,17.67,13.24
532,444678786,"00532M01:10:12.933","00532 01:23:14",190.99,893.10,,,,"     ",3.60,17.61,13.19
532,444678787,"00532M01:10:13.906","00532 01:23:15",190.99,893.09,,,,"     ",3.60,17.54,13.13
532,444678788,"00532M01:10:14.879","00532 01:23:16",190.99,893.13,,,,"     ",3.60,17.57,13.15
532,444678789,"00532M01:10:15.853","00532 01:23:17",190.99,893.16,,,,"     ",3.60,17.60,13.17
532,444678790,"00532M01:10:16.826","00532 01:23:18",190.99,893.06,,,,"     ",3.60,17.62,13.18
532,444678791,"00532M01:10:17.799","00532 01:23:19",190.99,893.10,,,,"     ",3.60,17.61,13.17
532,444678792,"00532M01:10:18.772","00532 01:23:20",190.99,893.12,,,,"     ",3.60,17.64,13.19
532,444678793,"00532M01:10:19.746","00532 01:23:21",190.99,893.08,,,,"     ",3.60,17.65,13.19
532,444678794,"00532M01:10:20.719","00532 01:23:22",191.00,893.03,,,,"     ",3.60,17.60,13.14
532,444678795,"00532M01:10:21.692","00532 01:23:23",191.00,893.01,,,,"     ",3.60,17.59,13.14
532,444678796,"00532M01:10:22.665","00532 01:23:24",191.02,893.08,,,,"     ",3.60,17.58,13.13
532,444678797,"00532M01:10:23.639","00532 01:23:25",191.04,893.09,,,,"     ",3.60,17.59,13.12
532,444678798,"00532M01:10:24.612","00532 01:23:26",191.06,893.04,,,,"     ",3.60,17.56,13.10
532,444678799,"00532M01:10:25.585","00532 01:23:27",191.07,893.10,,,,"     ",3.60,17.56,13.10
532,444678800,"00532M01:10:26.558","00532 01:23:28",191.08,893.18,,,,"     ",3.60,17.56,13.09
532,444678801,"00532M01:10:27.532","00532 01:23:29",191.08,893.16,,,,"     ",3.60,17.60,13.11
532,444678802,"00532M01:10:28.505","00532 01:23:30",191.07,893.15,,,,"     ",3.60,17.62,13.13
532,444678803,"00532M01:10:29.478","00532 01:23:31",191.04,893.14,,,,"     ",3.60,17.62,13.12
532,444678804,"00532M01:10:30.451","00532 01:23:32",191.00,893.10,,,,"     ",3.60,17.58,13.09
532,444678805,"00532M01:10:31.425","00532 01:23:33",190.97,893.09,,,,"     ",3.60,17.64,13.13
532,444678806,"00532M01:10:32.398","00532 01:23:34",190.93,893.01,,,,"     ",3.60,17.61,13.10
532,444678807,"00532M01:10:33.371","00532 01:23:35",190.90,893.06,,,,"     ",3.60,17.61,13.10
532,444678808,"00532M01:10:34.345","00532 01:23:36",190.86,893.10,,,,"     ",3.60,17.58,13.07
532,444678809,"00532M01:10:35.318","00532 01:23:36",190.83,893.05,,,,"     ",3.60,17.63,13.10
532,444678810,"00532M01:10:36.291","00532 01:23:37",190.79,893.04,,,,"     ",3.60,17.66,13.12
532,444678811,"00532M01:10:37.264","00532 01:23:38",190.75,893.03,,,,"     ",3.60,17.60,13.07
532,444678812,"00532M01:10:38.238","00532 01:23:39",190.71,893.22,,,,"     ",3.60,17.43,12.94
532,444678813,"00532M01:10:39.211","00532 01:23:40",190.66,893.23,,,,"     ",3.60,17.61,13.07
532,444678814,"00532M01:10:40.184","00532 01:23:41",190.62,893.09,,,,"     ",3.60,17.62,13.07
532,444678815,"00532M01:10:41.157","00532 01:23:42",190.59,893.05,,,,"     ",3.60,17.69,13.12
532,444678816,"00532M01:10:42.131","00532 01:23:43",190.58,893.13,,,,"     ",3.60,17.67,13.10
532,444678817,"00532M01:10:43.104","00532 01:23:44",190.57,892.94,,,,"     ",3.60,17.60,13.04
532,444678818,"00532M01:10:44.077","00532 01:23:45",190.58,892.91,,,,"     ",3.60,17.63,13.06
532,444678819,"00532M01:10:45.050","00532 01:23:46",190.59,893.06,,,,"     ",3.60,17.66,13.08
532,444678820,"00532M01:10:46.024","00532 01:23:47",190.61,893.05,,,,"     ",3.60,17.60,13.03
532,444678821,"00532M01:10:46.997","00532 01:23:48",190.64,893.14,,,,"     ",3.60,17.60,13.02
532,444678822,"00532M01:10:47.970","00532 01:23:49",190.67,893.07,,,,"     ",3.60,17.58,13.00
532,444678823,"00532M01:10:48.943","00532 01:23:50",190.72,893.09,,,,"     ",3.60,17.65,13.05
532,444678824,"00532M01:10:49.917","00532 01:23:51",190.77,893.08,,,,"     ",3.60,17.66,13.06
532,444678825,"00532M01:10:50.890","00532 01:23:52",190.83,893.12,,,,"     ",3.60,17.59,13.00
532,444678826,"00532M01:10:51.863","00532 01:23:53",190.90,893.07,,,,"     ",3.60,17.63,13.02
532,444678827,"00532M01:10:52.836","00532 01:23:54",190.97,893.13,,,,"     ",3.60,17.61,13.00
532,444678828,"00532M01:10:53.810","00532 01:23:55",191.06,893.14,,,,"     ",3.60,17.62,13.01
532,444678829,"00532M01:10:54.783","00532 01:23:56",191.15,893.13,,,,"     ",3.60,17.57,12.96
532,444678830,"00532M01:10:55.756","00532 01:23:57",191.25,893.19,,,,"     ",3.60,17.59,12.98
532,444678831,"00532M01:10:56.729","00532 01:23:58",191.37,893.11,,,,"     ",3.60,17.63,13.00
532,444678832,"00532M01:10:57.703","00532 01:23:59",191.48,893.11,,,,"     ",3.60,17.60,12.98
532,444678833,"00532M01:10:58.676","00532 01:24:00",191.61,893.12,,,,"     ",3.60,17.60,12.97
532,444678834,"00532M01:10:59.649","00532 01:24:01",191.21,893.16,,,,"     ",3.60,17.55,12.93
532,444678835,"00532M01:11:00.622","00532 01:24:02",191.20,893.14,,,,"     ",3.60,17.63,12.99
532,444678836,"00532M01:11:01.596","00532 01:24:03",191.19,893.09,,,,"     ",3.60,17.78,13.09
532,444678837,"00532M01:11:02.569","00532 01:24:04",191.18,893.05,,,,"     ",3.60,17.62,12.96
532,444678838,"00532M01:11:03.542","00532 01:24:05",191.18,893.07,,,,"     ",3.60,17.61,12.95
532,444678839,"00532M01:11:04.515","00532 01:24:06",191.17,893.10,,,,"     ",3.60,17.63,12.96
532,444678840,"00532M01:11:05.489","00532 01:24:07",191.16,893.14,,,,"     ",3.60,17.61,12.94
532,444678841,"00532M01:11:06.462","00532 01:24:08",191.15,893.13,,,,"     ",3.60,17.65,12.97
532,444678842,"00532M01:11:07.435","00532 01:24:09",191.14,893.05,,,,"     ",3.60,17.52,12.87
532,444678843,"00532M01:11:08.408","00532 01:24:10",191.13,893.05,,,,"     ",3.60,17.61,12.93
532,444678844,"00532M01:11:09.382","00532 01:24:11",191.12,893.16,,,,"     ",3.60,17.60,12.92
532,444678845,"00532M01:11:10.355","00532 01:24:12",191.11,893.14,,,,"     ",3.60,17.59,12.91
532,444678846,"00532M01:11:11.328","00532 01:24:12",191.11,893.19,,,,"     ",3.60,17.63,12.93
532,444678847,"00532M01:11:12.301","00532 01:24:13",191.09,893.21,,,,"     ",3.60,17.63,12.93
532,444678848,"00532M01:11:13.275","00532 01:24:14",191.07,893.10,,,,"     ",3.60,17.62,12.91
532,444678849,"00532M01:11:14.248","00532 01:24:15",191.06,893.00,,,,"     ",3.60,17.61,12.90
532,444678850,"00532M01:11:15.221","00532 01:24:16",191.05,893.03,,,,"     ",3.60,17.44,12.77
532,444678851,"00532M01:11:16.194","00532 01:24:17",191.03,893.06,,,,"     ",3.60,17.66,12.93
532,444678852,"00532M01:11:17.168","00532 01:24:18",191.00,893.19,,,,"     ",3.60,17.65,12.92
532,444678853,"00532M01:11:18.141","00532 01:24:19",190.96,893.20,,,,"     ",3.60,17.61,12.88
532,444678854,"00532M01:11:19.114","00532 01:24:20",190.91,893.30,,,,"     ",3.60,17.64,12.91
532,444678855,"00532M01:11:20.087","00532 01:24:21",190.85,893.16,,,,"     ",3.60,17.60,12.87
532,444678856,"00532M01:11:21.061","00532 01:24:22",190.77,893.04,,,,"     ",3.60,17.65,12.91
532,444678857,"00532M01:11:22.034","00532 01:24:23",190.69,893.06,,,,"     ",3.60,17.59,12.84
532,444678858,"00532M01:11:23.007","00532 01:24:24",190.61,893.13,,,,"     ",3.60,17.61,12.86
532,444678859,"00532M01:11:23.980","00532 01:24:25",190.53,893.03,,,,"     ",3.60,17.62,12.86
532,444678860,"00532M01:11:24.954","00532 01:24:26",190.47,893.08,,,,"     ",3.60,17.67,12.90
532,444678861,"00532M01:11:25.927","00532 01:24:27",190.43,893.07,,,,"     ",3.60,17.62,12.85
532,444678862,"00532M01:11:26.900","00532 01:24:28",190.40,893.17,,,,"     ",3.60,17.63,12.86
532,444678863,"00532M01:11:27.873","00532 01:24:29",190.39,893.05,,,,"     ",3.60,17.56,12.80
532,444678864,"00532M01:11:28.847","00532 01:24:30",190.41,893.14,,,,"     ",3.60,17.63,12.85
532,444678865,"00532M01:11:29.820","00532 01:24:31",190.45,893.07,,,,"     ",3.60,17.66,12.87
532,444678866,"00532M01:11:30.793","00532 01:24:32",190.52,893.17,,,,"     ",3.60,17.61,12.83
532,444678867,"00532M01:11:31.766","00532 01:24:33",190.62,893.17,,,,"     ",3.60,17.65,12.85
532,444678868,"00532M01:11:32.740","00532 01:24:34",190.74,893.21,,,,"     ",3.60,17.69,12.88
532,444678869,"00532M01:11:33.713","00532 01:24:35",190.86,893.10,,,,"     ",3.60,17.37,12.64
532,444678870,"00532M01:11:34.686","00532 01:24:36",190.98,893.20,,,,"     ",3.60,17.56,12.77
532,444678871,"00532M01:11:35.659","00532 01:24:37",191.07,893.16,,,,"     ",3.60,17.59,12.79
532,444678872,"00532M01:11:36.633","00532 01:24:38",191.13,893.11,,,,"     ",3.60,17.61,12.80
532,444678873,"00532M01:11:37.606","00532 01:24:39",191.14,893.15,,,,"     ",3.60,17.67,12.84
532,444678874,"00532M01:11:38.579","00532 01:24:40",191.13,893.09,,,,"     ",3.60,17.66,12.83
532,444678875,"00532M01:11:39.552","00532 01:24:41",191.07,893.20,,,,"     ",3.60,17.58,12.77
532,444678876,"00532M01:11:40.526","00532 01:24:42",191.00,893.12,,,,"     ",3.60,17.63,12.80
532,444678877,"00532M01:11:41.499","00532 01:24:43",190.93,893.10,,,,"     ",3.60,17.65,12.81
532,444678878,"00532M01:11:42.472","00532 01:24:44",190.87,893.14,,,,"     ",3.60,17.64,12.79
532,444678879,"00532M01:11:43.446","00532 01:24:45",190.82,893.09,,,,"     ",3.60,17.65,12.79
532,444678880,"00532M01:11:44.419","00532 01:24:46",190.79,893.22,,,,"     ",3.60,17.59,12.75
532,444678881,"00532M01:11:45.392","00532 01:24:47",190.78,893.17,,,,"     ",3.60,17.72,12.84
532,444678882,"00532M01:11:46.365","00532 01:24:48",190.80,893.06,,,,"     ",3.60,17.70,12.82
532,444678883,"00532M01:11:47.339","00532 01:24:49",190.85,893.14,,,,"     ",3.60,17.63,12.77
532,444678884,"00532M01:11:48.312","00532 01:24:49",190.92,893.13,,,,"     ",3.60,17.64,12.77
532,444678885,"00532M01:11:49.285","00532 01:24:50",191.01,893.02,,,,"     ",3.60,17.70,12.80
532,444678886,"00532M01:11:50.258","00532 01:24:51",191.11,893.12,,,,"     ",3.60,17.68,12.78
532,444678887,"00532M01:11:51.232","00532 01:24:52",191.20,893.15,,,,"     ",3.60,17.65,12.76
532,444678888,"00532M01:11:52.205","00532 01:24:53",191.29,893.04,,,,"     ",3.60,17.71,12.80
532,444678889,"00532M01:11:53.178","00532 01:24:54",191.33,893.28,,,,"     ",3.60,17.71,12.80
532,444678890,"00532M01:11:54.151","00532 01:24:55",191.34,893.20,,,,"     ",3.60,17.65,12.75
532,444678891,"00532M01:11:55.125","00532 01:24:56",191.32,893.08,,,,"     ",3.60,17.68,12.77
532,444678892,"00532M01:11:56.098","00532 01:24:57",191.26,893.09,,,,"     ",3.60,17.62,12.72
532,444678893,"00532M01:11:57.071","00532 01:24:58",191.19,893.07,,,,"     ",3.60,17.83,12.86
532,444678894,"00532M01:11:58.044","00532 01:24:59",191.11,892.98,,,,"     ",3.60,17.62,12.71
532,444678895,"00532M01:11:59.018","00532 01:25:00",191.01,893.12,,,,"     ",3.60,17.66,12.74
532,444678896,"00532M01:11:59.991","00532 01:25:01",190.92,893.09,,,,"     ",3.60,17.65,12.72
532,444678897,"00532M01:12:00.964","00532 01:25:02",190.81,893.11,,,,"     ",3.60,17.60,12.68
532,444678898,"00532M01:12:01.937","00532 01:25:03",190.70,893.08,,,,"     ",3.60,17.58,12.67
532,444678899,"00532M01:12:02.911","00532 01:25:04",190.59,893.12,,,,"     ",3.60,17.70,12.74
532,444678900,"00532M01:12:03.884","00532 01:25:05",190.51,893.10,,,,"     ",3.60,17.66,12.72
532,444678901,"00532M01:12:04.857","00532 01:25:06",190.46,893.18,,,,"     ",3.60,17.68,12.72
532,444678902,"00532M01:12:05.830","00532 01:25:07",190.43,893.09,,,,"     ",3.60,17.65,12.70
532,444678903,"00532M01:12:06.804","00532 01:25:08",190.43,893.12,,,,"     ",3.60,17.57,12.63
532,444678904,"00532M01:12:07.777","00532 01:25:09",190.44,893.11,,,,"     ",3.60,17.72,12.75
532,444678905,"00532M01:12:08.750","00532 01:25:10",190.47,893.07,,,,"     ",3.60,17.66,12.69
532,444678906,"00532M01:12:09.723","00532 01:25:11",190.50,893.08,,,,"     ",3.60,17.69,12.71
532,444678907,"00532M01:12:10.697","00532 01:25:12",190.55,893.15,,,,"     ",3.60,17.61,12.65
532,444678908,"00532M01:12:11.670","00532 01:25:13",190.63,893.12,,,,"     ",3.60,17.58,12.63
532,444678909,"00532M01:12:12.643","00532 01:25:14",190.72,893.16,,,,"     ",3.60,17.72,12.72
532,444678910,"00532M01:12:13.616","00532 01:25:15",190.84,893.22,,,,"     ",3.60,17.65,12.67
532,444678911,"00532M01:12:14.590","00532 01:25:16",190.96,893.19,,,,"     ",3.60,17.63,12.64
532,444678912,"00532M01:12:15.563","00532 01:25:17",191.07,893.28,,,,"     ",3.60,17.70,12.70
532,444678913,"00532M01:12:16.536","00532 01:25:18",191.16,893.21,,,,"     ",3.60,17.65,12.65
532,444678914,"00532M01:12:17.509","00532 01:25:19",191.21,893.22,,,,"     ",3.60,17.70,12.68
532,444678915,"00532M01:12:18.483","00532 01:25:20",191.23,893.20,,,,"     ",3.60,17.71,12.69
532,444678916,"00532M01:12:19.456","00532 01:25:21",191.21,893.23,,,,"     ",3.60,17.71,12.69
532,444678917,"00532M01:12:20.429","00532 01:25:22",191.16,893.21,,,,"     ",3.60,17.70,12.67
532,444678918,"00532M01:12:21.402","00532 01:25:23",191.09,893.10,,,,"     ",3.60,17.72,12.69
532,444678919,"00532M01:12:22.376","00532 01:25:24",191.01,893.14,,,,"     ",3.60,17.65,12.63
532,444678920,"00532M01:12:23.349","00532 01:25:25",190.93,893.24,,,,"     ",3.60,17.72,12.68
532,444678921,"00532M01:12:24.322","00532 01:25:25",190.83,893.19,,,,"     ",3.60,17.67,12.64
532,444678922,"00532M01:12:25.295","00532 01:25:26",190.72,893.06,,,,"     ",3.60,17.92,12.81
532,444678923,"00532M01:12:26.269","00532 01:25:27",190.60,893.09,,,,"     ",3.60,17.64,12.61
532,444678924,"00532M01:12:27.242","00532 01:25:28",190.51,893.07,,,,"     ",3.60,17.63,12.60
532,444678925,"00532M01:12:28.215","00532 01:25:29",190.45,893.07,,,,"     ",3.60,17.63,12.59
532,444678926,"00532M01:12:29.188","00532 01:25:30",190.42,893.09,,,,"     ",3.60,17.66,12.61
532,444678927,"00532M01:12:30.162","00532 01:25:31",190.44,893.06,,,,"     ",3.60,17.75,12.67
532,444678928,"00532M01:12:31.135","00532 01:25:32",190.48,893.30,,,,"     ",3.60,17.64,12.59
532,444678929,"00532M01:12:32.108","00532 01:25:33",190.55,893.20,,,,"     ",3.60,17.66,12.60
532,444678930,"00532M01:12:33.081","00532 01:25:34",190.63,893.19,,,,"     ",3.60,17.66,12.60
532,444678931,"00532M01:12:34.055","00532 01:25:35",190.69,893.12,,,,"     ",3.60,17.60,12.55
532,444678932,"00532M01:12:35.028","00532 01:25:36",190.75,893.21,,,,"     ",3.60,17.95,12.79
532,444678933,"00532M01:12:36.001","00532 01:25:37",190.79,893.11,,,,"     ",3.60,17.75,12.65
532,444678934,"00532M01:12:36.974","00532 01:25:38",190.83,893.15,,,,"     ",3.60,17.76,12.65
532,444678935,"00532M01:12:37.948","00532 01:25:39",190.87,893.19,,,,"     ",3.60,17.74,12.63
532,444678936,"00532M01:12:38.921","00532 01:25:40",190.90,893.23,,,,"     ",3.60,17.65,12.57
532,444678937,"00532M01:12:39.894","00532 01:25:41",190.91,893.23,,,,"     ",3.60,17.72,12.61
532,444678938,"00532M01:12:40.867","00532 01:25:42",190.92,893.12,,,,"     ",3.60,17.72,12.61
532,444678939,"00532M01:12:41.841","00532 01:25:43",190.91,893.14,,,,"     ",3.60,17.71,12.59
532,444678940,"00532M01:12:42.814","00532 01:25:44",190.90,893.14,,,,"     ",3.60,17.68,12.57
532,444678941,"00532M01:12:43.787","00532 01:25:45",190.89,893.14,,,,"     ",3.60,17.72,12.60
532,444678942,"00532M01:12:44.760","00532 01:25:46",190.89,893.12,,,,"     ",3.60,17.70,12.58
532,444678943,"00532M01:12:45.734","00532 01:25:47",190.89,893.16,,,,"     ",3.60,17.70,12.58
532,444678944,"00532M01:12:46.707","00532 01:25:48",190.92,893.17,,,,"     ",3.60,17.66,12.54
532,444678945,"00532M01:12:47.680","00532 01:25:49",190.97,893.19,,,,"     ",3.60,17.65,12.54
532,444678946,"00532M01:12:48.653","00532 01:25:50",191.03,893.15,,,,"     ",3.60,17.65,12.53
532,444678947,"00532M01:12:49.627","00532 01:25:51",191.08,893.17,,,,"     ",3.60,17.81,12.64
532,444678948,"00532M01:12:50.600","00532 01:25:52",191.13,893.13,,,,"     ",3.60,17.81,12.64
532,444678949,"00532M01:12:51.573","00532 01:25:53",191.17,893.16,,,,"     ",3.60,17.77,12.61
532,444678950,"00532M01:12:52.546","00532 01:25:54",191.18,893.19,,,,"     ",3.60,17.74,12.58
532,444678951,"00532M01:12:53.520","00532 01:25:55",191.18,893.21,,,,"     ",3.60,18.00,12.76
532,444678952,"00532M01:12:54.493","00532 01:25:56",191.16,893.18,,,,"     ",3.60,17.61,12.48
532,444678953,"00532M01:12:55.466","00532 01:25:57",191.14,893.15,,,,"     ",3.60,17.53,12.42
532,444678954,"00532M01:12:56.440","00532 01:25:58",191.11,893.17,,,,"     ",3.60,17.66,12.51
532,444678955,"00532M01:12:57.413","00532 01:25:59",191.08,893.13,,,,"     ",3.60,17.72,12.55
532,444678956,"00532M01:12:58.386","00532 01:26:00",191.03,893.13,,,,"     ",3.60,17.80,12.60
532,444678957,"00532M01:12:59.359","00532 01:26:01",190.96,893.21,,,,"     ",3.60,17.77,12.58
532,444678958,"00532M01:13:00.333","00532 01:26:02",190.89,893.16,,,,"     ",3.60,17.77,12.57
532,444678959,"00532M01:13:01.306","00532 01:26:02",190.82,893.17,,,,"     ",3.60,17.71,12.53
532,444678960,"00532M01:13:02.279","00532 01:26:03",190.78,893.18,,,,"     ",3.60,17.79,12.59
532,444678961,"00532M01:13:03.252","00532 01:26:04",190.74,893.16,,,,"     ",3.60,17.80,12.59
532,444678962,"00532M01:13:04.226","00532 01:26:05",190.72,893.13,,,,"     ",3.60,17.74,12.54
532,444678963,"00532M01:13:05.199","00532 01:26:06",190.70,893.09,,,,"     ",3.60,17.78,12.56
532,444678964,"00532M01:13:06.172","00532 01:26:07",190.71,893.03,,,,"     ",3.60,17.73,12.53
532,444678965,"00532M01:13:07.145","00532 01:26:08",190.73,893.02,,,,"     ",3.60,17.79,12.56
532,444678966,"00532M01:13:08.119","00532 01:26:09",190.75,893.09,,,,"     ",3.60,17.75,12.54
532,444678967,"00532M01:13:09.092","00532 01:26:10",190.78,893.04,,,,"     ",3.60,17.72,12.51
532,444678968,"00532M01:13:10.065","00532 01:26:11",190.81,893.25,,,,"     ",3.60,17.65,12.46
532,444678969,"00532M01:13:11.038","00532 01:26:12",190.83,893.14,,,,"     ",3.60,17.62,12.43
532,444678970,"00532M01:13:12.012","00532 01:26:13",190.83,893.16,,,,"     ",3.60,17.69,12.48
532,444678971,"00532M01:13:12.985","00532 01:26:14",190.81,893.15,,,,"     ",3.60,17.70,12.48
532,444678972,"00532M01:13:13.958","00532 01:26:15",190.79,893.04,,,,"     ",3.60,17.77,12.53
532,444678973,"00532M01:13:14.931","00532 01:26:16",190.78,893.01,,,,"     ",3.60,17.83,12.56
532,444678974,"00532M01:13:15.905","00532 01:26:17",190.78,893.12,,,,"     ",3.60,17.82,12.56
532,444678975,"00532M01:13:16.878","00532 01:26:18",190.79,893.14,,,,"     ",3.60,17.76,12.51
532,444678976,"00532M01:13:17.851","00532 01:26:19",190.80,893.21,,,,"     ",3.60,17.84,12.57
532,444678977,"00532M01:13:18.824","00532 01:26:20",190.82,893.14,,,,"     ",3.60,17.81,12.54
532,444678978,"00532M01:13:19.798","00532 01:26:21",190.85,893.22,,,,"     ",3.60,17.78,12.52
532,444678979,"00532M01:13:20.771","00532 01:26:22",190.89,893.26,,,,"     ",3.60,17.71,12.47
532,444678980,"00532M01:13:21.744","00532 01:26:23",190.91,893.16,,,,"     ",3.60,17.97,12.65
532,444678981,"00532M01:13:22.717","00532 01:26:24",190.93,893.16,,,,"     ",3.60,17.63,12.40
532,444678982,"00532M01:13:23.691","00532 01:26:25",190.95,893.23,,,,"     ",3.60,17.65,12.42
532,444678983,"00532M01:13:24.664","00532 01:26:26",190.96,893.25,,,,"     ",3.60,17.63,12.40
532,444678984,"00532M01:13:25.637","00532 01:26:27",190.98,893.22,,,,"     ",3.60,17.63,12.40
532,444678985,"00532M01:13:26.610","00532 01:26:28",190.99,893.26,,,,"     ",3.60,17.77,12.49
532,444678986,"00532M01:13:27.584","00532 01:26:29",191.00,893.19,,,,"     ",3.60,17.73,12.46
532,444678987,"00532M01:13:28.557","00532 01:26:30",190.98,893.22,,,,"     ",3.60,17.78,12.49
532,444678988,"00532M01:13:29.530","00532 01:26:31",190.94,893.23,,,,"     ",3.60,17.73,12.46
532,444678989,"00532M01:13:30.503","00532 01:26:32",190.90,893.17,,,,"     ",3.60,17.80,12.50
532,444678990,"00532M01:13:31.477","00532 01:26:33",190.84,893.12,,,,"     ",3.60,17.78,12.48
532,444678991,"00532M01:13:32.450","00532 01:26:34",190.79,893.12,,,,"     ",3.60,17.78,12.48
532,444678992,"00532M01:13:33.423","00532 01:26:35",190.74,893.12,,,,"     ",3.60,17.86,12.53
532,444678993,"00532M01:13:34.396","00532 01:26:36",190.70,893.20,,,,"     ",3.60,17.70,12.42
532,444678994,"00532M01:13:35.370","00532 01:26:37",190.65,893.17,,,,"     ",3.60,17.72,12.43
532,444678995,"00532M01:13:36.343","00532 01:26:38",190.58,893.21,,,,"     ",3.60,17.72,12.42
532,444678996,"00532M01:13:37.316","00532 01:26:38",190.51,893.22,,,,"     ",3.60,17.75,12.44
532,444678997,"00532M01:13:38.289","00532 01:26:39",190.44,893.19,,,,"     ",3.60,17.79,12.47
532,444678998,"00532M01:13:39.263","00532 01:26:40",190.37,893.16,,,,"     ",3.60,17.85,12.51
532,444678999,"00532M01:13:40.236","00532 01:26:41",190.30,893.17,,,,"     ",3.60,17.80,12.47
532,444679000,"00532M01:13:41.209","00532 01:26:42",190.24,893.29,,,,"     ",3.60,17.68,12.38
532,444679001,"00532M01:13:42.182","00532 01:26:43",190.19,893.20,,,,"     ",3.60,17.76,12.44
532,444679002,"00532M01:13:43.156","00532 01:26:44",190.18,893.17,,,,"     ",3.60,17.73,12.41
532,444679003,"00532M01:13:44.129","00532 01:26:45",190.19,893.28,,,,"     ",3.60,17.75,12.43
532,444679004,"00532M01:13:45.102","00532 01:26:46",190.23,893.20,,,,"     ",3.60,17.72,12.40
532,444679005,"00532M01:13:46.075","00532 01:26:47",190.29,893.21,,,,"     ",3.60,17.81,12.46
532,444679006,"00532M01:13:47.049","00532 01:26:48",190.35,893.21,,,,"     ",3.60,17.65,12.34
532,444679007,"00532M01:13:48.022","00532 01:26:49",190.40,893.20,,,,"     ",3.60,17.74,12.40
532,444679008,"00532M01:13:48.995","00532 01:26:50",190.44,893.37,,,,"     ",3.60,17.62,12.32
532,444679009,"00532M01:13:49.968","00532 01:26:51",190.46,893.30,,,,"     ",3.60,17.78,12.43
532,444679010,"00532M01:13:50.942","00532 01:26:52",190.47,893.21,,,,"     ",3.60,17.64,12.33
532,444679011,"00532M01:13:51.915","00532 01:26:53",190.46,893.20,,,,"     ",3.60,17.67,12.34
532,444679012,"00532M01:13:52.888","00532 01:26:54",190.46,893.27,,,,"     ",3.60,17.88,12.50
532,444679013,"00532M01:13:53.861","00532 01:26:55",190.46,893.12,,,,"     ",3.60,17.64,12.32
532,444679014,"00532M01:13:54.835","00532 01:26:56",190.47,893.20,,,,"     ",3.60,17.68,12.34
532,444679015,"00532M01:13:55.808","00532 01:26:57",190.47,893.33,,,,"     ",3.60,17.70,12.36
532,444679016,"00532M01:13:56.781","00532 01:26:58",190.46,893.23,,,,"     ",3.60,17.69,12.34
532,444679017,"00532M01:13:57.754","00532 01:26:59",190.43,893.24,,,,"     ",3.60,17.72,12.36
532,444679018,"00532M01:13:58.728","00532 01:27:00",190.40,893.22,,,,"     ",3.60,17.81,12.42
532,444679019,"00532M01:13:59.701","00532 01:27:01",190.36,893.18,,,,"     ",3.60,17.59,12.26
532,444679020,"00532M01:14:00.674","00532 01:27:02",190.34,893.22,,,,"     ",3.60,17.66,12.32
532,444679021,"00532M01:14:01.647","00532 01:27:03",190.33,893.21,,,,"     ",3.60,17.66,12.31
532,444679022,"00532M01:14:02.621","00532 01:27:04",190.32,893.20,,,,"     ",3.60,17.80,12.41
532,444679023,"00532M01:14:03.594","00532 01:27:05",190.30,893.18,,,,"     ",3.60,17.75,12.37
532,444679024,"00532M01:14:04.567","00532 01:27:06",190.26,893.24,,,,"     ",3.60,17.77,12.38
532,444679025,"00532M01:14:05.541","00532 01:27:07",190.21,893.26,,,,"     ",3.60,17.72,12.34
532,444679026,"00532M01:14:06.514","00532 01:27:08",190.16,893.21,,,,"     ",3.60,17.75,12.36
532,444679027,"00532M01:14:07.487","00532 01:27:09",190.13,893.21,,,,"     ",3.60,17.73,12.34
532,444679028,"00532M01:14:08.460","00532 01:27:10",190.12,893.26,,,,"     ",3.60,17.72,12.33
532,444679029,"00532M01:14:09.434","00532 01:27:11",190.13,893.25,,,,"     ",3.60,17.67,12.30
532,444679030,"00532M01:14:10.407","00532 01:27:12",190.16,893.24,,,,"     ",3.60,17.73,12.34
532,444679031,"00532M01:14:11.380","00532 01:27:13",190.20,893.25,,,,"     ",3.60,17.71,12.32
532,444679032,"00532M01:14:12.353","00532 01:27:14",190.22,893.23,,,,"     ",3.60,17.74,12.34
532,444679033,"00532M01:14:13.327","00532 01:27:15",190.23,893.28,,,,"     ",3.60,17.74,12.34
532,444679034,"00532M01:14:14.300","00532 01:27:15",190.22,893.20,,,,"     ",3.60,17.73,12.32
532,444679035,"00532M01:14:15.273","00532 01:27:16",190.21,893.25,,,,"     ",3.60,17.74,12.33
532,444679036,"00532M01:14:16.246","00532 01:27:17",190.21,893.26,,,,"     ",3.60,17.84,12.39
532,444679037,"00532M01:14:17.220","00532 01:27:18",190.22,893.29,,,,"     ",3.60,17.76,12.34
532,444679038,"00532M01:14:18.193","00532 01:27:19",190.23,893.23,,,,"     ",3.60,17.63,12.25
532,444679039,"00532M01:14:19.166","00532 01:27:20",190.25,893.25,,,,"     ",3.60,17.61,12.23
532,444679040,"00532M01:14:20.139","00532 01:27:21",190.28,893.21,,,,"     ",3.60,17.63,12.23
532,444679041,"00532M01:14:21.113","00532 01:27:22",190.32,893.22,,,,"     ",3.60,17.63,12.24
532,444679042,"00532M01:14:22.086","00532 01:27:23",190.36,893.14,,,,"     ",3.60,17.61,12.22
532,444679043,"00532M01:14:23.059","00532 01:27:24",190.39,893.16,,,,"     ",3.60,17.64,12.24
532,444679044,"00532M01:14:24.032","00532 01:27:25",190.42,893.25,,,,"     ",3.60,17.73,12.31
532,444679045,"00532M01:14:25.006","00532 01:27:26",190.46,893.17,,,,"     ",3.60,17.70,12.27
532,444679046,"00532M01:14:25.979","00532 01:27:27",190.48,893.28,,,,"     ",3.60,17.66,12.24
532,444679047,"00532M01:14:26.952","00532 01:27:28",190.48,893.28,,,,"     ",3.60,17.70,12.27
532,444679048,"00532M01:14:27.925","00532 01:27:29",190.48,893.43,,,,"     ",3.60,17.57,12.18
532,444679049,"00532M01:14:28.899","00532 01:27:30",190.47,893.36,,,,"     ",3.60,17.58,12.18
532,444679050,"00532M01:14:29.872","00532 01:27:31",190.44,893.35,,,,"     ",3.60,17.66,12.24
532,444679051,"00532M01:14:30.845","00532 01:27:32",190.39,893.20,,,,"     ",3.60,17.66,12.23
532,444679052,"00532M01:14:31.818","00532 01:27:33",190.33,893.30,,,,"     ",3.60,17.87,12.38
532,444679053,"00532M01:14:32.792","00532 01:27:34",190.29,893.18,,,,"     ",3.60,17.75,12.29
532,444679054,"00532M01:14:33.765","00532 01:27:35",190.26,893.16,,,,"     ",3.60,17.70,12.25
532,444679055,"00532M01:14:34.738","00532 01:27:36",190.28,893.21,,,,"     ",3.60,17.73,12.27
532,444679056,"00532M01:14:35.711","00532 01:27:37",190.31,893.14,,,,"     ",3.60,17.66,12.22
532,444679057,"00532M01:14:36.685","00532 01:27:38",190.35,893.23,,,,"     ",3.60,17.67,12.22
532,444679058,"00532M01:14:37.658","00532 01:27:39",190.39,893.29,,,,"     ",3.60,17.73,12.27
532,444679059,"00532M01:14:38.631","00532 01:27:40",190.42,893.28,,,,"     ",3.60,17.63,12.19
532,444679060,"00532M01:14:39.604","00532 01:27:41",190.45,893.28,,,,"     ",3.60,17.69,12.23
532,444679061,"00532M01:14:40.578","00532 01:27:42",190.48,893.28,,,,"     ",3.60,17.68,12.23
532,444679062,"00532M01:14:41.551","00532 01:27:43",190.51,893.27,,,,"     ",3.60,17.64,12.19
532,444679063,"00532M01:14:42.524","00532 01:27:44",190.52,893.19,,,,"     ",3.60,17.72,12.24
532,444679064,"00532M01:14:43.497","00532 01:27:45",190.52,893.20,,,,"     ",3.60,17.63,12.18
532,444679065,"00532M01:14:44.471","00532 01:27:46",190.50,893.17,,,,"     ",3.60,17.79,12.29
532,444679066,"00532M01:14:45.444","00532 01:27:47",190.47,893.27,,,,"     ",3.60,17.66,12.19
532,444679067,"00532M01:14:46.417","00532 01:27:48",190.45,893.31,,,,"     ",3.60,17.74,12.25
532,444679068,"00532M01:14:47.390","00532 01:27:49",190.43,893.26,,,,"     ",3.60,17.66,12.19
532,444679069,"00532M01:14:48.364","00532 01:27:50",190.41,893.22,,,,"     ",3.60,17.55,12.11
532,444679070,"00532M01:14:49.337","00532 01:27:51",190.39,893.16,,,,"     ",3.60,17.63,12.16
532,444679071,"00532M01:14:50.310","00532 01:27:51",190.37,893.19,,,,"     ",3.60,17.66,12.18
532,444679072,"00532M01:14:51.283","00532 01:27:52",190.37,893.22,,,,"     ",3.60,17.39,11.99
532,444679073,"00532M01:14:52.257","00532 01:27:53",190.40,893.28,,,,"     ",3.60,17.63,12.16
532,444679074,"00532M01:14:53.230","00532 01:27:54",190.45,893.23,,,,"     ",3.60,17.70,12.21
532,444679075,"00532M01:14:54.203","00532 01:27:55",190.50,893.17,,,,"     ",3.60,17.62,12.14
532,444679076,"00532M01:14:55.176","00532 01:27:56",190.52,893.23,,,,"     ",3.60,17.65,12.17
532,444679077,"00532M01:14:56.150","00532 01:27:57",190.50,893.25,,,,"     ",3.60,17.76,12.23
532,444679078,"00532M01:14:57.123","00532 01:27:58",190.47,893.16,,,,"     ",3.60,17.71,12.20
532,444679079,"00532M01:14:58.096","00532 01:27:59",190.44,893.16,,,,"     ",3.60,17.62,12.13
532,444679080,"00532M01:14:59.069","00532 01:28:00",190.44,893.22,,,,"     ",3.60,17.68,12.17
532,444679081,"00532M01:15:00.043","00532 01:28:01",190.47,893.24,,,,"     ",3.60,17.63,12.13
532,444679082,"00532M01:15:01.016","00532 01:28:02",190.50,893.26,,,,"     ",3.60,17.65,12.14
532,444679083,"00532M01:15:01.989","00532 01:28:03",190.52,893.23,,,,"     ",3.60,17.59,12.10
532,444679084,"00532M01:15:02.962","00532 01:28:04",190.53,893.30,,,,"     ",3.60,17.60,12.11
532,444679085,"00532M01:15:03.936","00532 01:28:05",190.52,893.26,,,,"     ",3.60,17.61,12.11
532,444679086,"00532M01:15:04.909","00532 01:28:06",190.52,893.29,,,,"     ",3.60,17.64,12.13
532,444679087,"00532M01:15:05.882","00532 01:28:07",190.52,893.23,,,,"     ",3.60,17.69,12.16
532,444679088,"00532M01:15:06.855","00532 01:28:08",190.54,893.40,,,,"     ",3.60,17.55,12.07
532,444679089,"00532M01:15:07.829","00532 01:28:09",190.57,893.39,,,,"     ",3.60,17.66,12.14
532,444679090,"00532M01:15:08.802","00532 01:28:10",190.59,893.22,,,,"     ",3.60,17.62,12.10
532,444679091,"00532M01:15:09.775","00532 01:28:11",190.60,893.20,,,,"     ",3.60,17.70,12.15
532,444679092,"00532M01:15:10.748","00532 01:28:12",190.62,893.25,,,,"     ",3.60,17.61,12.09
532,444679093,"00532M01:15:11.722","00532 01:28:13",190.63,893.08,,,,"     ",3.60,17.63,12.11
532,444679094,"00532M01:15:12.695","00532 01:28:14",190.62,893.14,,,,"     ",3.60,17.73,12.17
532,444679095,"00532M01:15:13.668","00532 01:28:15",190.58,893.22,,,,"     ",3.60,17.66,12.12
532,444679096,"00532M01:15:14.642","00532 01:28:16",190.51,893.18,,,,"     ",3.60,17.59,12.07
532,444679097,"00532M01:15:15.615","00532 01:28:17",190.44,893.20,,,,"     ",3.60,17.95,12.31
532,444679098,"00532M01:15:16.588","00532 01:28:18",190.39,893.22,,,,"     ",3.60,17.62,12.08
532,444679099,"00532M01:15:17.561","00532 01:28:19",190.35,893.22,,,,"     ",3.60,17.64,12.10
532,444679100,"00532M01:15:18.535","00532 01:28:20",190.32,893.27,,,,"     ",3.60,17.62,12.08
532,444679101,"00532M01:15:19.508","00532 01:28:21",190.30,893.20,,,,"     ",3.60,17.64,12.09
532,444679102,"00532M01:15:20.481","00532 01:28:22",190.29,893.24,,,,"     ",3.60,17.66,12.10
532,444679103,"00532M01:15:21.454","00532 01:28:23",190.29,893.21,,,,"     ",3.60,17.64,12.09
532,444679104,"00532M01:15:22.428","00532 01:28:24",190.30,893.20,,,,"     ",3.60,17.61,12.06
532,444679105,"00532M01:15:23.401","00532 01:28:25",190.32,893.28,,,,"     ",3.60,17.68,12.11
532,444679106,"00532M01:15:24.374","00532 01:28:26",190.36,893.23,,,,"     ",3.60,17.61,12.05
532,444679107,"00532M01:15:25.347","00532 01:28:27",190.40,893.17,,,,"     ",3.60,17.64,12.08
532,444679108,"00532M01:15:26.321","00532 01:28:28",190.45,893.23,,,,"     ",3.60,17.71,12.12
532,444679109,"00532M01:15:27.294","00532 01:28:28",190.51,893.20,,,,"     ",3.60,17.69,12.10
532,444679110,"00532M01:15:28.267","00532 01:28:29",190.57,893.25,,,,"     ",3.60,17.72,12.12
532,444679111,"00532M01:15:29.240","00532 01:28:30",190.63,893.30,,,,"     ",3.60,17.66,12.08
532,444679112,"00532M01:15:30.214","00532 01:28:31",190.69,893.29,,,,"     ",3.60,17.69,12.10
532,444679113,"00532M01:15:31.187","00532 01:28:32",190.76,893.26,,,,"     ",3.60,17.63,12.05
532,444679114,"00532M01:15:32.160","00532 01:28:33",190.82,893.23,,,,"     ",3.60,17.70,12.09
532,444679115,"00532M01:15:33.133","00532 01:28:34",190.87,893.27,,,,"     ",3.60,17.67,12.07
532,444679116,"00532M01:15:34.107","00532 01:28:35",190.91,893.20,,,,"     ",3.60,17.64,12.05
532,444679117,"00532M01:15:35.080","00532 01:28:36",190.96,893.19,,,,"     ",3.60,17.67,12.06
532,444679118,"00532M01:15:36.053","00532 01:28:37",191.01,893.19,,,,"     ",3.60,17.73,12.10
532,444679119,"00532M01:15:37.026","00532 01:28:38",191.05,893.29,,,,"     ",3.60,17.63,12.04
532,444679120,"00532M01:15:38.000","00532 01:28:39",191.06,893.25,,,,"     ",3.60,17.64,12.03
532,444679121,"00532M01:15:38.973","00532 01:28:40",191.03,893.29,,,,"     ",3.60,17.65,12.04
532,444679122,"00532M01:15:39.946","00532 01:28:41",190.98,893.24,,,,"     ",3.60,17.73,12.10
532,444679123,"00532M01:15:40.919","00532 01:28:42",190.88,893.28,,,,"     ",3.60,17.66,12.04
532,444679124,"00532M01:15:41.893","00532 01:28:43",190.76,893.27,,,,"     ",3.60,17.69,12.06
532,444679125,"00532M01:15:42.866","00532 01:28:44",190.63,893.23,,,,"     ",3.60,17.65,12.04
532,444679126,"00532M01:15:43.839","00532 01:28:45",190.50,893.28,,,,"     ",3.60,17.71,12.07
532,444679127,"00532M01:15:44.812","00532 01:28:46",190.39,893.26,,,,"     ",3.60,17.60,11.99
532,444679128,"00532M01:15:45.786","00532 01:28:47",190.36,893.22,,,,"     ",3.60,17.60,11.99
532,444679129,"00532M01:15:46.759","00532 01:28:48",190.37,893.09,,,,"     ",3.60,17.63,12.01
532,444679130,"00532M01:15:47.732","00532 01:28:49",190.40,893.17,,,,"     ",3.60,17.62,12.00
532,444679131,"00532M01:15:48.705","00532 01:28:50",190.41,893.24,,,,"     ",3.60,17.40,11.84
532,444679132,"00532M01:15:49.679","00532 01:28:51",190.42,893.33,,,,"     ",3.60,17.63,12.00
532,444679133,"00532M01:15:50.652","00532 01:28:52",190.43,893.29,,,,"     ",3.60,17.65,12.01
532,444679134,"00532M01:15:51.625","00532 01:28:53",190.44,893.46,,,,"     ",3.60,17.67,12.02
532,444679135,"00532M01:15:52.598","00532 01:28:54",190.45,893.19,,,,"     ",3.60,17.62,11.98
532,444679136,"00532M01:15:53.572","00532 01:28:55",190.46,893.28,,,,"     ",3.60,17.63,11.99
532,444679137,"00532M01:15:54.545","00532 01:28:56",190.48,893.22,,,,"     ",3.60,17.71,12.04
532,444679138,"00532M01:15:55.518","00532 01:28:57",190.50,893.20,,,,"     ",3.60,17.73,12.05
532,444679139,"00532M01:15:56.491","00532 01:28:58",190.52,893.28,,,,"     ",3.60,17.65,11.99
532,444679140,"00532M01:15:57.465","00532 01:28:59",190.55,893.27,,,,"     ",3.60,17.69,12.02
532,444679141,"00532M01:15:58.438","00532 01:29:00",190.57,893.26,,,,"     ",3.60,17.67,12.01
532,444679142,"00532M01:15:59.411","00532 01:29:01",191.03,893.27,,,,"     ",3.60,17.65,11.99
532,444679143,"00532M01:16:00.384","00532 01:29:02",191.01,893.23,,,,"     ",3.60,17.69,12.02
532,444679144,"00532M01:16:01.358","00532 01:29:03",191.00,893.30,,,,"     ",3.60,17.62,11.96
532,444679145,"00532M01:16:02.331","00532 01:29:04",190.98,893.27,,,,"     ",3.60,17.65,11.98
532,444679146,"00532M01:16:03.304","00532 01:29:05",190.97,893.31,,,,"     ",3.60,17.66,11.98
532,444679147,"00532M01:16:04.277","00532 01:29:05",190.95,893.20,,,,"     ",3.60,17.69,12.00
532,444679148,"00532M01:16:05.251","00532 01:29:06",190.93,893.30,,,,"     ",3.60,17.62,11.95
532,444679149,"00532M01:16:06.224","00532 01:29:07",190.92,893.32,,,,"     ",3.60,17.68,11.99
532,444679150,"00532M01:16:07.197","00532 01:29:08",190.90,893.25,,,,"     ",3.60,17.69,11.99
532,444679151,"00532M01:16:08.170","00532 01:29:09",190.88,893.31,,,,"     ",3.60,17.70,12.00
532,444679152,"00532M01:16:09.144","00532 01:29:10",190.87,893.30,,,,"     ",3.60,17.60,11.92
532,444679153,"00532M01:16:10.117","00532 01:29:11",190.85,893.22,,,,"     ",3.60,17.71,12.00
532,444679154,"00532M01:16:11.090","00532 01:29:12",190.83,893.25,,,,"     ",3.60,17.66,11.96
532,444679155,"00532M01:16:12.063","00532 01:29:13",190.82,893.22,,,,"     ",3.60,17.70,11.99
532,444679156,"00532M01:16:13.037","00532 01:29:14",190.80,893.18,,,,"     ",3.60,17.96,12.16
532,444679157,"00532M01:16:14.010","00532 01:29:15",190.79,893.09,,,,"     ",3.60,17.65,11.95
532,444679158,"00532M01:16:14.983","00532 01:29:16",190.77,893.09,,,,"     ",3.60,17.64,11.94
532,444679159,"00532M01:16:15.956","00532 01:29:17",190.75,893.11,,,,"     ",3.60,17.65,11.94
532,444679160,"00532M01:16:16.930","00532 01:29:18",190.74,893.15,,,,"     ",3.60,17.63,11.92
532,444679161,"00532M01:16:17.903","00532 01:29:19",190.72,893.14,,,,"     ",3.60,17.70,11.97
532,444679162,"00532M01:16:18.876","00532 01:29:20",190.69,893.24,,,,"     ",3.60,17.69,11.96
532,444679163,"00532M01:16:19.849","00532 01:29:21",190.65,893.28,,,,"     ",3.60,17.72,11.98
532,444679164,"00532M01:16:20.823","00532 01:29:22",190.61,893.25,,,,"     ",3.60,17.63,11.92
532,444679165,"00532M01:16:21.796","00532 01:29:23",190.59,893.16,,,,"     ",3.60,17.69,11.95
532,444679166,"00532M01:16:22.769","00532 01:29:24",190.56,893.25,,,,"     ",3.60,17.70,11.96
532,444679167,"00532M01:16:23.743","00532 01:29:25",190.55,893.21,,,,"     ",3.60,17.68,11.95
532,444679168,"00532M01:16:24.716","00532 01:29:26",190.54,893.15,,,,"     ",3.60,17.70,11.95
532,444679169,"00532M01:16:25.689","00532 01:29:27",190.54,893.12,,,,"     ",3.60,17.69,11.94
532,444679170,"00532M01:16:26.662","00532 01:29:28",190.56,893.11,,,,"     ",3.60,17.59,11.87
532,444679171,"00532M01:16:27.636","00532 01:29:29",190.58,893.06,,,,"     ",3.60,17.58,11.85
532,444679172,"00532M01:16:28.609","00532 01:29:30",190.61,893.35,,,,"     ",3.60,17.64,11.90
532,444679173,"00532M01:16:29.582","00532 01:29:31",190.66,893.34,,,,"     ",3.60,17.63,11.89
532,444679174,"00532M01:16:30.555","00532 01:29:32",190.71,893.24,,,,"     ",3.60,17.70,11.94
532,444679175,"00532M01:16:31.529","00532 01:29:33",190.78,893.21,,,,"     ",3.60,17.59,11.86
532,444679176,"00532M01:16:32.502","00532 01:29:34",190.84,893.09,,,,"     ",3.60,17.77,11.98
532,444679177,"00532M01:16:33.475","00532 01:29:35",190.91,893.19,,,,"     ",3.60,17.65,11.90
532,444679178,"00532M01:16:34.448","00532 01:29:36",190.96,893.23,,,,"     ",3.60,17.69,11.92
532,444679179,"00532M01:16:35.422","00532 01:29:37",191.01,893.27,,,,"     ",3.60,17.73,11.95
532,444679180,"00532M01:16:36.395","00532 01:29:38",191.04,893.29,,,,"     ",3.60,17.73,11.95
532,444679181,"00532M01:16:37.368","00532 01:29:39",191.06,893.27,,,,"     ",3.60,17.72,11.93
532,444679182,"00532M01:16:38.341","00532 01:29:40",191.06,893.18,,,,"     ",3.60,17.72,11.93
532,444679183,"00532M01:16:39.315","00532 01:29:41",191.06,893.25,,,,"     ",3.60,17.68,11.91
532,444679184,"00532M01:16:40.288","00532 01:29:41",191.04,893.23,,,,"     ",3.60,17.64,11.87
532,444679185,"00532M01:16:41.261","00532 01:29:42",191.03,893.20,,,,"     ",3.60,17.59,11.83
532,444679186,"00532M01:16:42.234","00532 01:29:43",191.01,893.26,,,,"     ",3.60,17.72,11.92
532,444679187,"00532M01:16:43.208","00532 01:29:44",190.98,893.26,,,,"     ",3.60,17.68,11.90
532,444679188,"00532M01:16:44.181","00532 01:29:45",190.95,893.29,,,,"     ",3.60,17.60,11.84
532,444679189,"00532M01:16:45.154","00532 01:29:46",190.92,893.32,,,,"     ",3.60,17.67,11.88
532,444679190,"00532M01:16:46.127","00532 01:29:47",190.88,893.31,,,,"     ",3.60,17.52,11.78
532,444679191,"00532M01:16:47.101","00532 01:29:48",190.84,893.35,,,,"     ",3.60,17.63,11.85
532,444679192,"00532M01:16:48.074","00532 01:29:49",190.80,893.37,,,,"     ",3.60,17.68,11.88
532,444679193,"00532M01:16:49.047","00532 01:29:50",190.76,893.27,,,,"     ",3.60,17.73,11.92
532,444679194,"00532M01:16:50.020","00532 01:29:51",190.72,893.32,,,,"     ",3.60,17.72,11.91
532,444679195,"00532M01:16:50.994","00532 01:29:52",190.68,893.24,,,,"     ",3.60,17.71,11.90
532,444679196,"00532M01:16:51.967","00532 01:29:53",190.64,893.31,,,,"     ",3.60,17.67,11.86
532,444679197,"00532M01:16:52.940","00532 01:29:54",190.61,893.33,,,,"     ",3.60,17.70,11.88
532,444679198,"00532M01:16:53.913","00532 01:29:55",190.59,893.30,,,,"     ",3.60,17.78,11.94
532,444679199,"00532M01:16:54.887","00532 01:29:56",190.58,893.28,,,,"     ",3.60,17.63,11.83
532,444679200,"00532M01:16:55.860","00532 01:29:57",190.58,893.23,,,,"     ",3.60,17.70,11.88
532,444679201,"00532M01:16:56.833","00532 01:29:58",190.59,893.16,,,,"     ",3.60,17.69,11.86
532,444679202,"00532M01:16:57.806","00532 01:29:59",190.61,893.20,,,,"     ",3.60,17.66,11.85
532,444679203,"00532M01:16:58.780","00532 01:30:00",190.65,893.20,,,,"     ",3.60,17.76,11.91
532,444679204,"00532M01:16:59.753","00532 01:30:01",190.69,893.22,,,,"     ",3.60,17.70,11.87
532,444679205,"00532M01:17:00.726","00532 01:30:02",190.74,893.30,,,,"     ",3.60,17.69,11.86
532,444679206,"00532M01:17:01.699","00532 01:30:03",190.78,893.24,,,,"     ",3.60,17.65,11.83
532,444679207,"00532M01:17:02.673","00532 01:30:04",190.82,893.22,,,,"     ",3.60,17.72,11.88
532,444679208,"00532M01:17:03.646","00532 01:30:05",190.83,893.26,,,,"     ",3.60,17.71,11.87
532,444679209,"00532M01:17:04.619","00532 01:30:06",190.85,893.28,,,,"     ",3.60,17.72,11.88
532,444679210,"00532M01:17:05.592","00532 01:30:07",190.86,893.28,,,,"     ",3.60,17.68,11.84
532,444679211,"00532M01:17:06.566","00532 01:30:08",190.87,893.28,,,,"     ",3.60,17.67,11.84
532,444679212,"00532M01:17:07.539","00532 01:30:09",190.88,893.23,,,,"     ",3.60,17.74,11.88
532,444679213,"00532M01:17:08.512","00532 01:30:10",190.87,893.20,,,,"     ",3.60,17.65,11.82
532,444679214,"00532M01:17:09.485","00532 01:30:11",190.87,893.34,,,,"     ",3.60,17.66,11.82
532,444679215,"00532M01:17:10.459","00532 01:30:12",190.85,893.40,,,,"     ",3.60,17.85,11.96
532,444679216,"00532M01:17:11.432","00532 01:30:13",190.84,893.31,,,,"     ",3.60,17.63,11.80
532,444679217,"00532M01:17:12.405","00532 01:30:14",190.82,893.31,,,,"     ",3.60,17.62,11.79
532,444679218,"00532M01:17:13.378","00532 01:30:15",190.79,893.29,,,,"     ",3.60,17.90,11.97
532,444679219,"00532M01:17:14.352","00532 01:30:16",190.76,893.28,,,,"     ",3.60,17.67,11.82
532,444679220,"00532M01:17:15.325","00532 01:30:17",190.73,893.24,,,,"     ",3.60,17.73,11.86
532,444679221,"00532M01:17:16.298","00532 01:30:18",190.69,893.25,,,,"     ",3.60,17.67,11.82
532,444679222,"00532M01:17:17.271","00532 01:30:18",190.64,893.31,,,,"     ",3.60,17.72,11.85
532,444679223,"00532M01:17:18.245","00532 01:30:19",190.59,893.23,,,,"     ",3.60,17.71,11.84
532,444679224,"00532M01:17:19.218","00532 01:30:20",190.55,893.26,,,,"     ",3.60,17.68,11.82
532,444679225,"00532M01:17:20.191","00532 01:30:21",190.51,893.30,,,,"     ",3.60,17.74,11.86
532,444679226,"00532M01:17:21.164","00532 01:30:22",190.48,893.35,,,,"     ",3.60,17.69,11.82
532,444679227,"00532M01:17:22.138","00532 01:30:23",190.47,893.39,,,,"     ",3.60,17.64,11.79
532,444679228,"00532M01:17:23.111","00532 01:30:24",190.48,893.32,,,,"     ",3.60,17.70,11.83
532,444679229,"00532M01:17:24.084","00532 01:30:25",190.50,893.34,,,,"     ",3.60,17.68,11.81
532,444679230,"00532M01:17:25.057","00532 01:30:26",190.53,893.36,,,,"     ",3.60,17.66,11.79
532,444679231,"00532M01:17:26.031","00532 01:30:27",190.56,893.25,,,,"     ",3.60,17.63,11.77
532,444679232,"00532M01:17:27.004","00532 01:30:28",190.61,893.30,,,,"     ",3.60,17.73,11.84
532,444679233,"00532M01:17:27.977","00532 01:30:29",190.65,893.20,,,,"     ",3.60,17.68,11.80
532,444679234,"00532M01:17:28.950","00532 01:30:30",190.68,893.25,,,,"     ",3.60,17.68,11.80
532,444679235,"00532M01:17:29.924","00532 01:30:31",190.70,893.34,,,,"     ",3.60,17.68,11.80
532,444679236,"00532M01:17:30.897","00532 01:30:32",190.71,893.34,,,,"     ",3.60,17.68,11.80
532,444679237,"00532M01:17:31.870","00532 01:30:33",190.71,893.29,,,,"     ",3.60,17.65,11.78
532,444679238,"00532M01:17:32.844","00532 01:30:34",190.72,893.32,,,,"     ",3.60,17.69,11.80
532,444679239,"00532M01:17:33.817","00532 01:30:35",190.72,893.25,,,,"     ",3.60,17.66,11.78
532,444679240,"00532M01:17:34.790","00532 01:30:36",190.74,893.35,,,,"     ",3.60,17.67,11.79
532,444679241,"00532M01:17:35.763","00532 01:30:37",190.76,893.38,,,,"     ",3.60,17.72,11.82
532,444679242,"00532M01:17:36.737","00532 01:30:38",190.79,893.38,,,,"     ",3.60,17.71,11.81
532,444679243,"00532M01:17:37.710","00532 01:30:39",190.82,893.39,,,,"     ",3.60,17.64,11.76
532,444679244,"00532M01:17:38.683","00532 01:30:40",190.83,893.35,,,,"     ",3.60,17.70,11.80
532,444679245,"00532M01:17:39.656","00532 01:30:41",190.84,893.32,,,,"     ",3.60,17.90,11.93
532,444679246,"00532M01:17:40.630","00532 01:30:42",190.84,893.35,,,,"     ",3.60,17.65,11.76
532,444679247,"00532M01:17:41.603","00532 01:30:43",190.84,893.31,,,,"     ",3.60,17.63,11.75
532,444679248,"00532M01:17:42.576","00532 01:30:44",190.83,893.28,,,,"     ",3.60,17.65,11.76
532,444679249,"00532M01:17:43.549","00532 01:30:45",190.81,893.34,,,,"     ",3.60,17.43,11.60
532,444679250,"00532M01:17:44.523","00532 01:30:46",190.79,893.33,,,,"     ",3.60,17.68,11.77
532,444679251,"00532M01:17:45.496","00532 01:30:47",190.76,893.42,,,,"     ",3.60,17.64,11.75
532,444679252,"00532M01:17:46.469","00532 01:30:48",190.74,893.39,,,,"     ",3.60,17.65,11.75
532,444679253,"00532M01:17:47.442","00532 01:30:49",190.71,893.28,,,,"     ",3.60,17.65,11.75
532,444679254,"00532M01:17:48.416","00532 01:30:50",190.69,893.28,,,,"     ",3.60,17.73,11.80
532,444679255,"00532M01:17:49.389","00532 01:30:51",190.68,893.29,,,,"     ",3.60,17.67,11.76
532,444679256,"00532M01:17:50.362","00532 01:30:52",190.68,893.26,,,,"     ",3.60,17.61,11.72
532,444679257,"00532M01:17:51.335","00532 01:30:53",190.68,893.44,,,,"     ",3.60,17.68,11.77
532,444679258,"00532M01:17:52.309","00532 01:30:54",190.69,893.37,,,,"     ",3.60,17.65,11.74
532,444679259,"00532M01:17:53.282","00532 01:30:54",190.70,893.28,,,,"     ",3.60,17.64,11.73
532,444679260,"00532M01:17:54.255","00532 01:30:55",190.72,893.30,,,,"     ",3.60,17.69,11.77
532,444679261,"00532M01:17:55.228","00532 01:30:56",190.72,893.27,,,,"     ",3.60,17.77,11.82
532,444679262,"00532M01:17:56.202","00532 01:30:57",190.72,893.20,,,,"     ",3.60,17.66,11.74
532,444679263,"00532M01:17:57.175","00532 01:30:58",190.72,893.29,,,,"     ",3.60,17.65,11.73
532,444679264,"00532M01:17:58.148","00532 01:30:59",190.71,893.34,,,,"     ",3.60,17.61,11.70
532,444679265,"00532M01:17:59.121","00532 01:31:00",190.69,893.32,,,,"     ",3.60,17.65,11.73
532,444679266,"00532M01:18:00.095","00532 01:31:01",190.66,893.35,,,,"     ",3.60,17.66,11.74
532,444679267,"00532M01:18:01.068","00532 01:31:02",190.62,893.34,,,,"     ",3.60,17.70,11.76
532,444679268,"00532M01:18:02.041","00532 01:31:03",190.58,893.38,,,,"     ",3.60,17.67,11.74
532,444679269,"00532M01:18:03.014","00532 01:31:04",190.54,893.31,,,,"     ",3.60,17.75,11.80
532,444679270,"00532M01:18:03.988","00532 01:31:05",190.51,893.34,,,,"     ",3.60,17.69,11.75
532,444679271,"00532M01:18:04.961","00532 01:31:06",190.48,893.33,,,,"     ",3.60,17.70,11.75
532,444679272,"00532M01:18:05.934","00532 01:31:07",190.46,893.38,,,,"     ",3.60,17.60,11.68
532,444679273,"00532M01:18:06.907","00532 01:31:08",190.44,893.34,,,,"     ",3.60,17.69,11.75
532,444679274,"00532M01:18:07.881","00532 01:31:09",190.42,893.35,,,,"     ",3.60,17.65,11.72
532,444679275,"00532M01:18:08.854","00532 01:31:10",190.40,893.30,,,,"     ",3.60,17.62,11.69
532,444679276,"00532M01:18:09.827","00532 01:31:11",190.38,893.33,,,,"     ",3.60,17.68,11.74
532,444679277,"00532M01:18:10.800","00532 01:31:12",190.36,893.28,,,,"     ",3.60,17.61,11.69
532,444679278,"00532M01:18:11.774","00532 01:31:13",190.34,893.19,,,,"     ",3.60,17.72,11.75
532,444679279,"00532M01:18:12.747","00532 01:31:14",190.33,893.21,,,,"     ",3.60,17.36,11.51
532,444679280,"00532M01:18:13.720","00532 01:31:15",190.32,893.18,,,,"     ",3.60,17.68,11.72
532,444679281,"00532M01:18:14.693","00532 01:31:16",190.32,893.20,,,,"     ",3.60,17.71,11.74
532,444679282,"00532M01:18:15.667","00532 01:31:17",190.32,893.20,,,,"     ",3.60,17.74,11.76
532,444679283,"00532M01:18:16.640","00532 01:31:18",190.34,893.19,,,,"     ",3.60,17.72,11.74
532,444679284,"00532M01:18:17.613","00532 01:31:19",190.38,893.25,,,,"     ",3.60,17.67,11.71
532,444679285,"00532M01:18:18.586","00532 01:31:20",190.43,893.31,,,,"     ",3.60,17.77,11.77
532,444679286,"00532M01:18:19.560","00532 01:31:21",190.49,893.42,,,,"     ",3.60,17.75,11.76
532,444679287,"00532M01:18:20.533","00532 01:31:22",190.55,893.39,,,,"     ",3.60,17.61,11.67
532,444679288,"00532M01:18:21.506","00532 01:31:23",190.62,893.38,,,,"     ",3.60,17.70,11.72
532,444679289,"00532M01:18:22.479","00532 01:31:24",190.69,893.38,,,,"     ",3.60,17.66,11.69
532,444679290,"00532M01:18:23.453","00532 01:31:25",190.75,893.33,,,,"     ",3.60,17.72,11.73
532,444679291,"00532M01:18:24.426","00532 01:31:26",190.82,893.26,,,,"     ",3.60,17.61,11.65
532,444679292,"00532M01:18:25.399","00532 01:31:27",190.89,893.18,,,,"     ",3.60,17.67,11.69
532,444679293,"00532M01:18:26.372","00532 01:31:28",190.95,893.35,,,,"     ",3.60,17.66,11.69
532,444679294,"00532M01:18:27.346","00532 01:31:29",191.01,893.35,,,,"     ",3.60,17.61,11.65
532,444679295,"00532M01:18:28.319","00532 01:31:30",191.06,893.34,,,,"     ",3.60,17.65,11.67
532,444679296,"00532M01:18:29.292","00532 01:31:31",191.10,893.34,,,,"     ",3.60,17.71,11.71
532,444679297,"00532M01:18:30.265","00532 01:31:31",191.12,893.31,,,,"     ",3.60,17.67,11.69
532,444679298,"00532M01:18:31.239","00532 01:31:32",191.14,893.19,,,,"     ",3.60,17.70,11.70
532,444679299,"00532M01:18:32.212","00532 01:31:33",191.14,893.22,,,,"     ",3.60,17.42,11.52
532,444679300,"00532M01:18:33.185","00532 01:31:34",191.14,893.33,,,,"     ",3.60,17.64,11.67
532,444679301,"00532M01:18:34.158","00532 01:31:35",191.11,893.36,,,,"     ",3.60,17.66,11.67
532,444679302,"00532M01:18:35.132","00532 01:31:36",191.07,893.36,,,,"     ",3.60,17.66,11.67
532,444679303,"00532M01:18:36.105","00532 01:31:37",191.02,893.32,,,,"     ",3.60,17.69,11.69
532,444679304,"00532M01:18:37.078","00532 01:31:38",190.96,893.22,,,,"     ",3.60,17.75,11.73
532,444679305,"00532M01:18:38.051","00532 01:31:39",190.90,893.24,,,,"     ",3.60,17.68,11.67
532,444679306,"00532M01:18:39.025","00532 01:31:40",190.85,893.37,,,,"     ",3.60,17.66,11.66
532,444679307,"00532M01:18:39.998","00532 01:31:41",190.80,893.38,,,,"     ",3.60,17.72,11.70
532,444679308,"00532M01:18:40.971","00532 01:31:42",190.76,893.45,,,,"     ",3.60,17.70,11.68
532,444679309,"00532M01:18:41.945","00532 01:31:43",190.74,893.44,,,,"     ",3.60,17.47,11.53
532,444679310,"00532M01:18:42.918","00532 01:31:44",190.72,893.39,,,,"     ",3.60,17.67,11.66
532,444679311,"00532M01:18:43.891","00532 01:31:45",190.72,893.44,,,,"     ",3.60,17.67,11.66
532,444679312,"00532M01:18:44.864","00532 01:31:46",190.73,893.40,,,,"     ",3.60,17.67,11.66
532,444679313,"00532M01:18:45.838","00532 01:31:47",190.75,893.43,,,,"     ",3.60,17.69,11.66
532,444679314,"00532M01:18:46.811","00532 01:31:48",190.77,893.37,,,,"     ",3.60,17.69,11.66
532,444679315,"00532M01:18:47.784","00532 01:31:49",190.80,893.38,,,,"     ",3.60,17.74,11.69
532,444679316,"00532M01:18:48.757","00532 01:31:50",190.83,893.32,,,,"     ",3.60,17.74,11.69
532,444679317,"00532M01:18:49.731","00532 01:31:51",190.86,893.35,,,,"     ",3.60,17.76,11.70
532,444679318,"00532M01:18:50.704","00532 01:31:52",190.89,893.37,,,,"     ",3.60,17.69,11.66
532,444679319,"00532M01:18:51.677","00532 01:31:53",190.92,893.39,,,,"     ",3.60,17.66,11.63
532,444679320,"00532M01:18:52.650","00532 01:31:54",190.93,893.41,,,,"     ",3.60,17.72,11.67
532,444679321,"00532M01:18:53.624","00532 01:31:55",190.93,893.32,,,,"     ",3.60,17.62,11.60
532,444679322,"00532M01:18:54.597","00532 01:31:56",190.92,893.35,,,,"     ",3.60,17.78,11.71
532,444679323,"00532M01:18:55.570","00532 01:31:57",190.89,893.42,,,,"     ",3.60,17.60,11.59
532,444679324,"00532M01:18:56.543","00532 01:31:58",190.86,893.42,,,,"     ",3.60,17.74,11.67
532,444679325,"00532M01:18:57.517","00532 01:31:59",190.83,893.44,,,,"     ",3.60,17.74,11.68
532,444679326,"00532M01:18:58.490","00532 01:32:00",190.79,893.46,,,,"     ",3.60,17.64,11.60
532,444679327,"00532M01:18:59.463","00532 01:32:01",190.76,893.39,,,,"     ",3.60,17.70,11.64
532,444679328,"00532M01:19:00.436","00532 01:32:02",190.73,893.41,,,,"     ",3.60,17.69,11.63
532,444679329,"00532M01:19:01.410","00532 01:32:03",190.70,893.43,,,,"     ",3.60,17.78,11.69
532,444679330,"00532M01:19:02.383","00532 01:32:04",190.67,893.42,,,,"     ",3.60,17.68,11.62
532,444679331,"00532M01:19:03.356","00532 01:32:05",190.63,893.36,,,,"     ",3.60,17.69,11.63
532,444679332,"00532M01:19:04.329","00532 01:32:06",190.60,893.34,,,,"     ",3.60,17.73,11.64
532,444679333,"00532M01:19:05.303","00532 01:32:07",190.56,893.34,,,,"     ",3.60,17.74,11.65
532,444679334,"00532M01:19:06.276","00532 01:32:07",190.54,893.30,,,,"     ",3.60,17.72,11.64
532,444679335,"00532M01:19:07.249","00532 01:32:08",190.53,893.39,,,,"     ",3.60,17.69,11.62
532,444679336,"00532M01:19:08.222","00532 01:32:09",190.53,893.40,,,,"     ",3.60,17.68,11.60
532,444679337,"00532M01:19:09.196","00532 01:32:10",190.53,893.34,,,,"     ",3.60,17.66,11.59
532,444679338,"00532M01:19:10.169","00532 01:32:11",190.55,893.39,,,,"     ",3.60,17.69,11.62
532,444679339,"00532M01:19:11.142","00532 01:32:12",190.58,893.41,,,,"     ",3.60,17.53,11.50
532,444679340,"00532M01:19:12.115","00532 01:32:13",190.62,893.39,,,,"     ",3.60,17.72,11.62
532,444679341,"00532M01:19:13.089","00532 01:32:14",190.67,893.36,,,,"     ",3.60,17.73,11.63
532,444679342,"00532M01:19:14.062","00532 01:32:15",190.73,893.53,,,,"     ",3.60,17.71,11.61
532,444679343,"00532M01:19:15.035","00532 01:32:16",190.80,893.49,,,,"     ",3.60,17.75,11.64
532,444679344,"00532M01:19:16.008","00532 01:32:17",190.85,893.46,,,,"     ",3.60,17.75,11.64
532,444679345,"00532M01:19:16.982","00532 01:32:18",190.91,893.52,,,,"     ",3.60,17.77,11.65
532,444679346,"00532M01:19:17.955","00532 01:32:19",190.96,893.52,,,,"     ",3.60,18.05,11.82
532,444679347,"00532M01:19:18.928","00532 01:32:20",191.01,893.42,,,,"     ",3.60,17.69,11.59
532,444679348,"00532M01:19:19.901","00532 01:32:21",191.06,893.42,,,,"     ",3.60,17.77,11.64
532,444679349,"00532M01:19:20.875","00532 01:32:22",191.10,893.47,,,,"     ",3.60,17.68,11.58
532,444679350,"00532M01:19:21.848","00532 01:32:23",191.13,893.43,,,,"     ",3.60,17.72,11.60
532,444679351,"00532M01:19:22.821","00532 01:32:24",191.15,893.53,,,,"     ",3.60,17.76,11.63
532,444679352,"00532M01:19:23.794","00532 01:32:25",191.17,893.55,,,,"     ",3.60,17.79,11.65
532,444679353,"00532M01:19:24.768","00532 01:32:26",191.18,893.52,,,,"     ",3.60,17.74,11.61
532,444679354,"00532M01:19:25.741","00532 01:32:27",191.17,893.50,,,,"     ",3.60,17.76,11.62
532,444679355,"00532M01:19:26.714","00532 01:32:28",191.15,893.51,,,,"     ",3.60,17.76,11.62
532,444679356,"00532M01:19:27.687","00532 01:32:29",191.12,893.49,,,,"     ",3.60,17.78,11.63
532,444679357,"00532M01:19:28.661","00532 01:32:30",191.09,893.49,,,,"     ",3.60,17.73,11.59
532,444679358,"00532M01:19:29.634","00532 01:32:31",191.05,893.63,,,,"     ",3.60,17.74,11.60
532,444679359,"00532M01:19:30.607","00532 01:32:32",191.03,893.54,,,,"     ",3.60,17.77,11.61
532,444679360,"00532M01:19:31.580","00532 01:32:33",191.01,893.55,,,,"     ",3.60,17.77,11.62
532,444679361,"00532M01:19:32.554","00532 01:32:34",191.00,893.63,,,,"     ",3.60,17.79,11.63
532,444679362,"00532M01:19:33.527","00532 01:32:35",191.01,893.55,,,,"     ",3.60,17.73,11.58
532,444679363,"00532M01:19:34.500","00532 01:32:36",191.02,893.54,,,,"     ",3.60,17.79,11.62
532,444679364,"00532M01:19:35.473","00532 01:32:37",191.04,893.52,,,,"     ",3.60,17.82,11.63
532,444679365,"00532M01:19:36.447","00532 01:32:38",191.05,893.53,,,,"     ",3.60,17.81,11.63
532,444679366,"00532M01:19:37.420","00532 01:32:39",191.06,893.54,,,,"     ",3.60,17.74,11.58
532,444679367,"00532M01:19:38.393","00532 01:32:40",191.08,893.46,,,,"     ",3.60,17.78,11.60
532,444679368,"00532M01:19:39.366","00532 01:32:41",191.09,893.48,,,,"     ",3.60,17.77,11.59
532,444679369,"00532M01:19:40.340","00532 01:32:42",191.11,893.56,,,,"     ",3.60,17.60,11.48
532,444679370,"00532M01:19:41.313","00532 01:32:43",191.13,893.53,,,,"     ",3.60,17.80,11.60
532,444679371,"00532M01:19:42.286","00532 01:32:44",191.14,893.52,,,,"     ",3.60,17.78,11.59
532,444679372,"00532M01:19:43.259","00532 01:32:44",191.15,893.62,,,,"     ",3.60,17.78,11.59
532,444679373,"00532M01:19:44.233","00532 01:32:45",191.14,893.55,,,,"     ",3.60,17.83,11.62
532,444679374,"00532M01:19:45.206","00532 01:32:46",191.14,893.46,,,,"     ",3.60,17.80,11.59
532,444679375,"00532M01:19:46.179","00532 01:32:47",191.13,893.44,,,,"     ",3.60,17.81,11.60
532,444679376,"00532M01:19:47.152","00532 01:32:48",191.12,893.52,,,,"     ",3.60,17.75,11.56
532,444679377,"00532M01:19:48.126","00532 01:32:49",191.11,893.50,,,,"     ",3.60,17.82,11.60
532,444679378,"00532M01:19:49.099","00532 01:32:50",191.10,893.56,,,,"     ",3.60,17.73,11.54
532,444679379,"00532M01:19:50.072","00532 01:32:51",191.11,893.48,,,,"     ",3.60,17.83,11.60
532,444679380,"00532M01:19:51.045","00532 01:32:52",191.11,893.54,,,,"     ",3.60,17.72,11.53
532,444679381,"00532M01:19:52.019","00532 01:32:53",191.13,893.45,,,,"     ",3.60,17.85,11.61
532,444679382,"00532M01:19:52.992","00532 01:32:54",191.15,893.49,,,,"     ",3.60,17.83,11.60
532,444679383,"00532M01:19:53.965","00532 01:32:55",191.18,893.48,,,,"     ",3.60,17.77,11.55
532,444679384,"00532M01:19:54.939","00532 01:32:56",191.22,893.44,,,,"     ",3.60,17.78,11.56
532,444679385,"00532M01:19:55.912","00532 01:32:57",191.26,893.65,,,,"     ",3.60,17.82,11.59
532,444679386,"00532M01:19:56.885","00532 01:32:58",191.31,893.66,,,,"     ",3.60,17.79,11.56
532,444679387,"00532M01:19:57.858","00532 01:32:59",191.35,893.46,,,,"     ",3.60,17.78,11.55
532,444679388,"00532M01:19:58.832","00532 01:33:00",191.38,893.69,,,,"     ",3.60,17.79,11.56
532,444679389,"00532M01:19:59.805","00532 01:33:01",191.39,893.66,,,,"     ",3.60,18.02,11.71
532,444679390,"00532M01:20:00.778","00532 01:33:02",191.40,893.50,,,,"     ",3.60,17.77,11.53
532,444679391,"00532M01:20:01.751","00532 01:33:03",191.39,893.54,,,,"     ",3.60,17.79,11.54
532,444679392,"00532M01:20:02.725","00532 01:33:04",191.38,893.52,,,,"     ",3.60,17.87,11.60
532,444679393,"00532M01:20:03.698","00532 01:33:05",191.36,893.50,,,,"     ",3.60,17.91,11.62
532,444679394,"00532M01:20:04.671","00532 01:33:06",191.35,893.51,,,,"     ",3.60,17.83,11.56
532,444679395,"00532M01:20:05.644","00532 01:33:07",191.33,893.53,,,,"     ",3.60,17.77,11.53
532,444679396,"00532M01:20:06.618","00532 01:33:08",191.32,893.53,,,,"     ",3.60,17.91,11.62
532,444679397,"00532M01:20:07.591","00532 01:33:09",191.30,893.50,,,,"     ",3.60,17.84,11.57
532,444679398,"00532M01:20:08.564","00532 01:33:10",191.28,893.51,,,,"     ",3.60,17.80,11.54
532,444679399,"00532M01:20:09.537","00532 01:33:11",191.25,893.59,,,,"     ",3.60,17.64,11.43
532,444679400,"00532M01:20:10.511","00532 01:33:12",191.22,893.55,,,,"     ",3.60,17.83,11.55
532,444679401,"00532M01:20:11.484","00532 01:33:13",191.18,893.62,,,,"     ",3.60,17.88,11.58
532,444679402,"00532M01:20:12.457","00532 01:33:14",191.14,893.62,,,,"     ",3.60,17.84,11.55
532,444679403,"00532M01:20:13.430","00532 01:33:15",191.12,893.57,,,,"     ",3.60,17.86,11.57
532,444679404,"00532M01:20:14.404","00532 01:33:16",191.10,893.64,,,,"     ",3.60,17.91,11.60
532,444679405,"00532M01:20:15.377","00532 01:33:17",191.10,893.63,,,,"     ",3.60,17.85,11.55
532,444679406,"00532M01:20:16.350","00532 01:33:18",191.11,893.61,,,,"     ",3.60,17.83,11.54
532,444679407,"00532M01:20:17.323","00532 01:33:19",191.13,893.67,,,,"     ",3.60,17.85,11.55
532,444679408,"00532M01:20:18.297","00532 01:33:20",191.17,893.58,,,,"     ",3.60,17.86,11.56
532,444679409,"00532M01:20:19.270","00532 01:33:20",191.19,893.63,,,,"     ",3.60,17.80,11.51
532,444679410,"00532M01:20:20.243","00532 01:33:21",191.21,893.60,,,,"     ",3.60,17.92,11.59
532,444679411,"00532M01:20:21.216","00532 01:33:22",191.23,893.66,,,,"     ",3.60,17.85,11.54
532,444679412,"00532M01:20:22.190","00532 01:33:23",191.24,893.70,,,,"     ",3.60,17.89,11.56
532,444679413,"00532M01:20:23.163","00532 01:33:24",191.25,893.62,,,,"     ",3.60,17.83,11.52
532,444679414,"00532M01:20:24.136","00532 01:33:25",191.25,893.56,,,,"     ",3.60,17.93,11.58
532,444679415,"00532M01:20:25.109","00532 01:33:26",191.26,893.57,,,,"     ",3.60,17.84,11.52
532,444679416,"00532M01:20:26.083","00532 01:33:27",191.28,893.59,,,,"     ",3.60,17.85,11.53
532,444679417,"00532M01:20:27.056","00532 01:33:28",191.31,893.61,,,,"     ",3.60,17.81,11.49
532,444679418,"00532M01:20:28.029","00532 01:33:29",191.35,893.64,,,,"     ",3.60,17.83,11.51
532,444679419,"00532M01:20:29.002","00532 01:33:30",191.38,893.64,,,,"     ",3.60,17.88,11.54
532,444679420,"00532M01:20:29.976","00532 01:33:31",191.42,893.59,,,,"     ",3.60,17.86,11.52
532,444679421,"00532M01:20:30.949","00532 01:33:32",191.45,893.59,,,,"     ",3.60,17.84,11.51
532,444679422,"00532M01:20:31.922","00532 01:33:33",191.47,893.61,,,,"     ",3.60,17.88,11.53
532,444679423,"00532M01:20:32.895","00532 01:33:34",191.49,893.60,,,,"     ",3.60,17.90,11.54
532,444679424,"00532M01:20:33.869","00532 01:33:35",191.48,893.63,,,,"     ",3.60,17.93,11.56
532,444679425,"00532M01:20:34.842","00532 01:33:36",191.47,893.63,,,,"     ",3.60,17.88,11.52
532,444679426,"00532M01:20:35.815","00532 01:33:37",191.45,893.60,,,,"     ",3.60,17.87,11.52
532,444679427,"00532M01:20:36.788","00532 01:33:38",191.43,893.64,,,,"     ",3.60,17.93,11.55
532,444679428,"00532M01:20:37.762","00532 01:33:39",191.41,893.52,,,,"     ",3.60,17.83,11.49
532,444679429,"00532M01:20:38.735","00532 01:33:40",191.41,893.57,,,,"     ",3.60,17.39,11.20
532,444679430,"00532M01:20:39.708","00532 01:33:41",191.45,893.73,,,,"     ",3.60,17.83,11.48
532,444679431,"00532M01:20:40.681","00532 01:33:42",191.50,893.67,,,,"     ",3.60,17.87,11.50
532,444679432,"00532M01:20:41.655","00532 01:33:43",191.54,893.67,,,,"     ",3.60,17.90,11.52
532,444679433,"00532M01:20:42.628","00532 01:33:44",191.58,893.75,,,,"     ",3.60,17.97,11.56
532,444679434,"00532M01:20:43.601","00532 01:33:45",191.61,893.48,,,,"     ",3.60,17.93,11.53
532,444679435,"00532M01:20:44.574","00532 01:33:46",191.64,893.60,,,,"     ",3.60,17.92,11.52
532,444679436,"00532M01:20:45.548","00532 01:33:47",191.67,893.62,,,,"     ",3.60,17.92,11.52
532,444679437,"00532M01:20:46.521","00532 01:33:48",191.71,893.65,,,,"     ",3.60,17.93,11.52
532,444679438,"00532M01:20:47.494","00532 01:33:49",191.74,893.69,,,,"     ",3.60,17.95,11.53
532,444679439,"00532M01:20:48.467","00532 01:33:50",191.77,893.73,,,,"     ",3.60,17.91,11.51
532,444679440,"00532M01:20:49.441","00532 01:33:51",191.80,893.65,,,,"     ",3.60,17.95,11.53
532,444679441,"00532M01:20:50.414","00532 01:33:52",191.84,893.71,,,,"     ",3.60,17.91,11.50
532,444679442,"00532M01:20:51.387","00532 01:33:53",191.88,893.67,,,,"     ",3.60,17.94,11.52
532,444679443,"00532M01:20:52.360","00532 01:33:54",191.91,893.69,,,,"     ",3.60,18.02,11.57
532,444679444,"00532M01:20:53.334","00532 01:33:55",191.95,893.65,,,,"     ",3.60,17.97,11.53
532,444679445,"00532M01:20:54.307","00532 01:33:56",191.99,893.65,,,,"     ",3.60,17.94,11.51
532,444679446,"00532M01:20:55.280","00532 01:33:57",192.03,893.66,,,,"     ",3.60,17.90,11.48
532,444679447,"00532M01:20:56.253","00532 01:33:57",192.07,893.57,,,,"     ",3.60,17.92,11.49
532,444679448,"00532M01:20:57.227","00532 01:33:58",192.11,893.62,,,,"     ",3.60,17.98,11.52
532,444679449,"00532M01:20:58.200","00532 01:33:59",192.15,893.59,,,,"     ",3.60,17.93,11.49
532,444679450,"00532M01:20:59.173","00532 01:34:00",191.71,893.59,,,,"     ",3.60,17.94,11.49
532,444679451,"00532M01:21:00.146","00532 01:34:01",191.75,893.64,,,,"     ",3.60,18.01,11.53
532,444679452,"00532M01:21:01.120","00532 01:34:02",191.79,893.69,,,,"     ",3.60,17.95,11.49
532,444679453,"00532M01:21:02.093","00532 01:34:03",191.83,893.62,,,,"     ",3.60,17.91,11.46
532,444679454,"00532M01:21:03.066","00532 01:34:04",191.87,893.72,,,,"     ",3.60,17.89,11.44
532,444679455,"00532M01:21:04.040","00532 01:34:05",191.91,893.72,,,,"     ",3.60,18.13,11.59
532,444679456,"00532M01:21:05.013","00532 01:34:06",191.95,893.64,,,,"     ",3.60,17.98,11.49
532,444679457,"00532M01:21:05.986","00532 01:34:07",191.99,893.68,,,,"     ",3.60,17.95,11.47
532,444679458,"00532M01:21:06.959","00532 01:34:08",192.03,893.67,,,,"     ",3.60,17.98,11.49
532,444679459,"00532M01:21:07.933","00532 01:34:09",192.07,893.71,,,,"     ",3.60,17.71,11.30
532,444679460,"00532M01:21:08.906","00532 01:34:10",192.11,893.73,,,,"     ",3.60,17.94,11.45
532,444679461,"00532M01:21:09.879","00532 01:34:11",192.16,893.72,,,,"     ",3.60,17.98,11.47
532,444679462,"00532M01:21:10.852","00532 01:34:12",192.20,893.69,,,,"     ",3.60,17.95,11.45
532,444679463,"00532M01:21:11.826","00532 01:34:13",192.25,893.70,,,,"     ",3.60,17.98,11.47
532,444679464,"00532M01:21:12.799","00532 01:34:14",192.29,893.67,,,,"     ",3.60,18.04,11.50
532,444679465,"00532M01:21:13.772","00532 01:34:15",192.34,893.64,,,,"     ",3.60,18.03,11.49
532,444679466,"00532M01:21:14.745","00532 01:34:16",192.38,893.68,,,,"     ",3.60,17.95,11.44
532,444679467,"00532M01:21:15.719","00532 01:34:17",192.42,893.67,,,,"     ",3.60,17.98,11.45
532,444679468,"00532M01:21:16.692","00532 01:34:18",192.47,893.66,,,,"     ",3.60,17.96,11.43
532,444679469,"00532M01:21:17.665","00532 01:34:19",192.51,893.64,,,,"     ",3.60,18.03,11.48
532,444679470,"00532M01:21:18.638","00532 01:34:20",192.57,893.69,,,,"     ",3.60,17.97,11.43
532,444679471,"00532M01:21:19.612","00532 01:34:21",192.64,893.67,,,,"     ",3.60,18.01,11.45
532,444679472,"00532M01:21:20.585","00532 01:34:22",192.72,893.73,,,,"     ",3.60,17.82,11.33
532,444679473,"00532M01:21:21.558","00532 01:34:23",192.80,893.80,,,,"     ",3.60,18.00,11.44
532,444679474,"00532M01:21:22.531","00532 01:34:24",192.87,893.78,,,,"     ",3.60,18.05,11.47
532,444679475,"00532M01:21:23.505","00532 01:34:25",192.93,893.70,,,,"     ",3.60,18.03,11.45
532,444679476,"00532M01:21:24.478","00532 01:34:26",192.98,893.76,,,,"     ",3.60,17.94,11.39
532,444679477,"00532M01:21:25.451","00532 01:34:27",193.02,893.59,,,,"     ",3.60,18.10,11.49
532,444679478,"00532M01:21:26.424","00532 01:34:28",193.04,893.73,,,,"     ",3.60,18.02,11.44
532,444679479,"00532M01:21:27.398","00532 01:34:29",193.04,893.72,,,,"     ",3.60,18.01,11.43
532,444679480,"00532M01:21:28.371","00532 01:34:30",193.03,893.77,,,,"     ",3.60,17.98,11.40
532,444679481,"00532M01:21:29.344","00532 01:34:31",193.00,893.74,,,,"     ",3.60,18.08,11.46
532,444679482,"00532M01:21:30.317","00532 01:34:32",192.96,893.73,,,,"     ",3.60,17.98,11.39
532,444679483,"00532M01:21:31.291","00532 01:34:33",192.90,893.73,,,,"     ",3.60,18.04,11.43
532,444679484,"00532M01:21:32.264","00532 01:34:33",192.82,893.75,,,,"     ",3.60,18.01,11.40
532,444679485,"00532M01:21:33.237","00532 01:34:34",192.74,893.77,,,,"     ",3.60,18.29,11.59
532,444679486,"00532M01:21:34.210","00532 01:34:35",192.66,893.78,,,,"     ",3.60,18.05,11.43
532,444679487,"00532M01:21:35.184","00532 01:34:36",192.59,893.83,,,,"     ",3.60,18.02,11.40
532,444679488,"00532M01:21:36.157","00532 01:34:37",192.53,893.76,,,,"     ",3.60,18.05,11.42
532,444679489,"00532M01:21:37.130","00532 01:34:38",192.48,893.69,,,,"     ",3.60,18.04,11.41
532,444679490,"00532M01:21:38.103","00532 01:34:39",192.45,893.75,,,,"     ",3.60,17.99,11.37
532,444679491,"00532M01:21:39.077","00532 01:34:40",192.43,893.73,,,,"     ",3.60,18.08,11.42
532,444679492,"00532M01:21:40.050","00532 01:34:41",192.43,893.74,,,,"     ",3.60,18.09,11.43
532,444679493,"00532M01:21:41.023","00532 01:34:42",192.44,893.76,,,,"     ",3.60,18.07,11.42
532,444679494,"00532M01:21:41.996","00532 01:34:43",192.47,893.78,,,,"     ",3.60,18.08,11.41
532,444679495,"00532M01:21:42.970","00532 01:34:44",192.51,893.71,,,,"     ",3.60,18.03,11.38
532,444679496,"00532M01:21:43.943","00532 01:34:45",192.56,893.70,,,,"     ",3.60,18.07,11.41
532,444679497,"00532M01:21:44.916","00532 01:34:46",192.60,893.64,,,,"     ",3.60,18.01,11.36
532,444679498,"00532M01:21:45.889","00532 01:34:47",192.66,893.68,,,,"     ",3.60,18.06,11.39
532,444679499,"00532M01:21:46.863","00532 01:34:48",192.72,893.65,,,,"     ",3.60,18.05,11.38
532,444679500,"00532M01:21:47.836","00532 01:34:49",192.78,893.64,,,,"     ",3.60,18.02,11.36
532,444679501,"00532M01:21:48.809","00532 01:34:50",192.84,893.67,,,,"     ",3.60,18.06,11.38
532,444679502,"00532M01:21:49.782","00532 01:34:51",192.90,893.68,,,,"     ",3.60,18.10,11.40
532,444679503,"00532M01:21:50.756","00532 01:34:52",192.95,893.75,,,,"     ",3.60,18.02,11.35
532,444679504,"00532M01:21:51.729","00532 01:34:53",192.99,893.73,,,,"     ",3.60,18.09,11.40
532,444679505,"00532M01:21:52.702","00532 01:34:54",193.02,893.70,,,,"     ",3.60,18.11,11.40
532,444679506,"00532M01:21:53.675","00532 01:34:55",193.05,893.65,,,,"     ",3.60,18.08,11.38
532,444679507,"00532M01:21:54.649","00532 01:34:56",193.06,893.71,,,,"     ",3.60,18.08,11.38
532,444679508,"00532M01:21:55.622","00532 01:34:57",193.08,893.66,,,,"     ",3.60,18.07,11.37
532,444679509,"00532M01:21:56.595","00532 01:34:58",193.08,893.62,,,,"     ",3.60,18.09,11.38
532,444679510,"00532M01:21:57.568","00532 01:34:59",193.08,893.65,,,,"     ",3.60,18.09,11.38
532,444679511,"00532M01:21:58.542","00532 01:35:00",193.07,893.65,,,,"     ",3.60,18.06,11.36
532,444679512,"00532M01:21:59.515","00532 01:35:01",193.06,893.62,,,,"     ",3.60,18.08,11.36
532,444679513,"00532M01:22:00.488","00532 01:35:02",193.05,893.60,,,,"     ",3.60,18.13,11.39
532,444679514,"00532M01:22:01.461","00532 01:35:03",193.04,893.42,,,,"     ",3.60,18.11,11.37
532,444679515,"00532M01:22:02.435","00532 01:35:04",193.03,893.75,,,,"     ",3.60,18.09,11.37
532,444679516,"00532M01:22:03.408","00532 01:35:05",193.01,893.64,,,,"     ",3.60,18.09,11.36
532,444679517,"00532M01:22:04.381","00532 01:35:06",193.00,893.70,,,,"     ",3.60,18.12,11.38
532,444679518,"00532M01:22:05.354","00532 01:35:07",192.98,893.78,,,,"     ",3.60,18.09,11.36
532,444679519,"00532M01:22:06.328","00532 01:35:08",192.95,893.74,,,,"     ",3.60,18.38,11.54
532,444679520,"00532M01:22:07.301","00532 01:35:09",192.91,893.81,,,,"     ",3.60,18.11,11.37
532,444679521,"00532M01:22:08.274","00532 01:35:10",192.87,893.68,,,,"     ",3.60,18.15,11.39
532,444679522,"00532M01:22:09.247","00532 01:35:10",192.84,893.61,,,,"     ",3.60,18.14,11.38
532,444679523,"00532M01:22:10.221","00532 01:35:11",192.80,893.67,,,,"     ",3.60,18.13,11.37
532,444679524,"00532M01:22:11.194","00532 01:35:12",192.78,893.65,,,,"     ",3.60,18.18,11.40
532,444679525,"00532M01:22:12.167","00532 01:35:13",192.76,893.69,,,,"     ",3.60,18.10,11.35
532,444679526,"00532M01:22:13.141","00532 01:35:14",192.74,893.74,,,,"     ",3.60,18.21,11.42
532,444679527,"00532M01:22:14.114","00532 01:35:15",192.73,893.80,,,,"     ",3.60,18.18,11.40
532,444679528,"00532M01:22:15.087","00532 01:35:16",192.73,893.79,,,,"     ",3.60,18.14,11.37
532,444679529,"00532M01:22:16.060","00532 01:35:17",192.74,893.67,,,,"     ",3.60,18.11,11.34
532,444679530,"00532M01:22:17.034","00532 01:35:18",192.76,893.70,,,,"     ",3.60,18.09,11.33
532,444679531,"00532M01:22:18.007","00532 01:35:19",192.78,893.69,,,,"     ",3.60,18.19,11.39
532,444679532,"00532M01:22:18.980","00532 01:35:20",192.81,893.75,,,,"     ",3.60,18.10,11.33
532,444679533,"00532M01:22:19.953","00532 01:35:21",192.84,893.84,,,,"     ",3.60,18.21,11.40
532,444679534,"00532M01:22:20.927","00532 01:35:22",192.88,893.78,,,,"     ",3.60,18.22,11.40
532,444679535,"00532M01:22:21.900","00532 01:35:23",192.91,893.82,,,,"     ",3.60,18.21,11.40
532,444679536,"00532M01:22:22.873","00532 01:35:24",192.93,893.73,,,,"     ",3.60,18.24,11.41
532,444679537,"00532M01:22:23.846","00532 01:35:25",192.94,893.78,,,,"     ",3.60,18.20,11.39
532,444679538,"00532M01:22:24.820","00532 01:35:26",192.95,893.78,,,,"     ",3.60,18.07,11.30
532,444679539,"00532M01:22:25.793","00532 01:35:27",192.96,893.78,,,,"     ",3.60,18.16,11.35
532,444679540,"00532M01:22:26.766","00532 01:35:28",192.95,893.74,,,,"     ",3.60,18.14,11.34
532,444679541,"00532M01:22:27.739","00532 01:35:29",192.95,893.76,,,,"     ",3.60,18.17,11.36
532,444679542,"00532M01:22:28.713","00532 01:35:30",192.93,893.78,,,,"     ",3.60,18.19,11.37
532,444679543,"00532M01:22:29.686","00532 01:35:31",192.90,893.71,,,,"     ",3.60,18.19,11.37
532,444679544,"00532M01:22:30.659","00532 01:35:32",192.88,893.67,,,,"     ",3.60,18.16,11.35
532,444679545,"00532M01:22:31.632","00532 01:35:33",192.85,893.75,,,,"     ",3.60,18.18,11.35
532,444679546,"00532M01:22:32.606","00532 01:35:34",192.81,893.66,,,,"     ",3.60,18.19,11.36
532,444679547,"00532M01:22:33.579","00532 01:35:35",192.78,893.60,,,,"     ",3.60,18.21,11.37
532,444679548,"00532M01:22:34.552","00532 01:35:36",192.74,893.70,,,,"     ",3.60,18.14,11.32
532,444679549,"00532M01:22:35.525","00532 01:35:37",192.70,893.74,,,,"     ",3.60,18.20,11.36
532,444679550,"00532M01:22:36.499","00532 01:35:38",192.68,893.79,,,,"     ",3.60,17.99,11.23
532,444679551,"00532M01:22:37.472","00532 01:35:39",192.66,893.80,,,,"     ",3.60,18.30,11.42
532,444679552,"00532M01:22:38.445","00532 01:35:40",192.64,893.87,,,,"     ",3.60,18.25,11.39
532,444679553,"00532M01:22:39.418","00532 01:35:41",192.63,893.85,,,,"     ",3.60,18.23,11.37
532,444679554,"00532M01:22:40.392","00532 01:35:42",192.61,893.80,,,,"     ",3.60,18.34,11.44
532,444679555,"00532M01:22:41.365","00532 01:35:43",192.59,893.82,,,,"     ",3.60,18.24,11.38
532,444679556,"00532M01:22:42.338","00532 01:35:44",192.55,893.75,,,,"     ",3.60,18.22,11.36
532,444679557,"00532M01:22:43.311","00532 01:35:45",192.52,893.68,,,,"     ",3.60,18.23,11.36
532,444679558,"00532M01:22:44.285","00532 01:35:46",192.47,893.90,,,,"     ",3.60,18.23,11.37
532,444679559,"00532M01:22:45.258","00532 01:35:46",192.43,893.74,,,,"     ",3.60,18.22,11.35
532,444679560,"00532M01:22:46.231","00532 01:35:47",192.39,893.77,,,,"     ",3.60,18.22,11.36
532,444679561,"00532M01:22:47.204","00532 01:35:48",192.36,893.83,,,,"     ",3.60,18.24,11.36
532,444679562,"00532M01:22:48.178","00532 01:35:49",192.34,893.68,,,,"     ",3.60,18.26,11.38
532,444679563,"00532M01:22:49.151","00532 01:35:50",192.33,893.71,,,,"     ",3.60,18.28,11.39
532,444679564,"00532M01:22:50.124","00532 01:35:51",192.33,893.70,,,,"     ",3.60,18.32,11.41
532,444679565,"00532M01:22:51.097","00532 01:35:52",192.35,893.77,,,,"     ",3.60,18.29,11.39
532,444679566,"00532M01:22:52.071","00532 01:35:53",192.37,893.73,,,,"     ",3.60,18.29,11.38
532,444679567,"00532M01:22:53.044","00532 01:35:54",192.38,893.75,,,,"     ",3.60,18.24,11.36
532,444679568,"00532M01:22:54.017","00532 01:35:55",192.41,893.72,,,,"     ",3.60,18.33,11.40
532,444679569,"00532M01:22:54.990","00532 01:35:56",192.44,893.83,,,,"     ",3.60,18.32,11.40
532,444679570,"00532M01:22:55.964","00532 01:35:57",192.47,893.78,,,,"     ",3.60,18.31,11.39
532,444679571,"00532M01:22:56.937","00532 01:35:58",192.49,893.83,,,,"     ",3.60,18.28,11.37
532,444679572,"00532M01:22:57.910","00532 01:35:59",192.52,893.85,,,,"     ",3.60,18.32,11.40
532,444679573,"00532M01:22:58.883","00532 01:36:00",192.55,893.77,,,,"     ",3.60,18.31,11.38
532,444679574,"00532M01:22:59.857","00532 01:36:01",192.57,893.92,,,,"     ",3.60,18.31,11.38
532,444679575,"00532M01:23:00.830","00532 01:36:02",192.59,893.82,,,,"     ",3.60,18.27,11.36
532,444679576,"00532M01:23:01.803","00532 01:36:03",192.60,893.84,,,,"     ",3.60,18.54,11.54
532,444679577,"00532M01:23:02.776","00532 01:36:04",192.61,893.78,,,,"     ",3.60,18.25,11.34
532,444679578,"00532M01:23:03.750","00532 01:36:05",192.61,893.78,,,,"     ",3.60,18.25,11.34
532,444679579,"00532M01:23:04.723","00532 01:36:06",192.59,893.76,,,,"     ",3.60,18.27,11.35
532,444679580,"00532M01:23:05.696","00532 01:36:07",192.57,893.78,,,,"     ",3.60,18.31,11.38
532,444679581,"00532M01:23:06.669","00532 01:36:08",192.53,893.81,,,,"     ",3.60,18.32,11.38
532,444679582,"00532M01:23:07.643","00532 01:36:09",192.50,893.77,,,,"     ",3.60,18.34,11.39
532,444679583,"00532M01:23:08.616","00532 01:36:10",192.47,893.78,,,,"     ",3.60,18.35,11.39
532,444679584,"00532M01:23:09.589","00532 01:36:11",192.45,893.66,,,,"     ",3.60,18.32,11.37
532,444679585,"00532M01:23:10.562","00532 01:36:12",192.43,893.77,,,,"     ",3.60,18.30,11.35
532,444679586,"00532M01:23:11.536","00532 01:36:13",192.42,893.74,,,,"     ",3.60,18.32,11.37
532,444679587,"00532M01:23:12.509","00532 01:36:14",192.41,893.77,,,,"     ",3.60,18.32,11.36
532,444679588,"00532M01:23:13.482","00532 01:36:15",192.41,893.88,,,,"     ",3.60,18.29,11.35
532,444679589,"00532M01:23:14.455","00532 01:36:16",192.42,893.85,,,,"     ",3.60,18.28,11.34
532,444679590,"00532M01:23:15.429","00532 01:36:17",192.43,893.78,,,,"     ",3.60,18.30,11.35
532,444679591,"00532M01:23:16.402","00532 01:36:18",192.45,893.65,,,,"     ",3.60,18.31,11.35
532,444679592,"00532M01:23:17.375","00532 01:36:19",192.46,893.74,,,,"     ",3.60,18.40,11.41
532,444679593,"00532M01:23:18.348","00532 01:36:20",192.48,893.66,,,,"     ",3.60,18.28,11.33
532,444679594,"00532M01:23:19.322","00532 01:36:21",192.50,893.60,,,,"     ",3.60,18.36,11.38
532,444679595,"00532M01:23:20.295","00532 01:36:22",192.51,893.76,,,,"     ",3.60,18.30,11.34
532,444679596,"00532M01:23:21.268","00532 01:36:23",192.51,893.68,,,,"     ",3.60,18.33,11.36
532,444679597,"00532M01:23:22.242","00532 01:36:23",192.51,893.76,,,,"     ",3.60,18.38,11.39
532,444679598,"00532M01:23:23.215","00532 01:36:24",192.51,893.69,,,,"     ",3.60,18.36,11.37
532,444679599,"00532M01:23:24.188","00532 01:36:25",192.50,893.76,,,,"     ",3.60,18.38,11.38
532,444679600,"00532M01:23:25.161","00532 01:36:26",192.49,893.72,,,,"     ",3.60,18.08,11.19
532,444679601,"00532M01:23:26.135","00532 01:36:27",192.48,893.93,,,,"     ",3.60,18.35,11.36
532,444679602,"00532M01:23:27.108","00532 01:36:28",192.45,893.77,,,,"     ",3.60,18.30,11.33
532,444679603,"00532M01:23:28.081","00532 01:36:29",192.42,893.75,,,,"     ",3.60,18.36,11.36
532,444679604,"00532M01:23:29.054","00532 01:36:30",192.38,893.81,,,,"     ",3.60,18.35,11.35
532,444679605,"00532M01:23:30.028","00532 01:36:31",192.35,893.58,,,,"     ",3.60,18.34,11.34
532,444679606,"00532M01:23:31.001","00532 01:36:32",192.33,893.74,,,,"     ",3.60,18.37,11.36
532,444679607,"00532M01:23:31.974","00532 01:36:33",192.30,893.80,,,,"     ",3.60,18.35,11.35
532,444679608,"00532M01:23:32.947","00532 01:36:34",192.29,893.64,,,,"     ",3.60,18.31,11.32
532,444679609,"00532M01:23:33.921","00532 01:36:35",192.30,893.79,,,,"     ",3.60,18.39,11.37
532,444679610,"00532M01:23:34.894","00532 01:36:36",192.32,893.83,,,,"     ",3.60,18.38,11.36
532,444679611,"00532M01:23:35.867","00532 01:36:37",192.34,893.75,,,,"     ",3.60,18.11,11.20
532,444679612,"00532M01:23:36.840","00532 01:36:38",192.38,893.86,,,,"     ",3.60,18.46,11.41
532,444679613,"00532M01:23:37.814","00532 01:36:39",192.41,893.84,,,,"     ",3.60,18.42,11.38
532,444679614,"00532M01:23:38.787","00532 01:36:40",192.43,893.86,,,,"     ",3.60,18.40,11.37
532,444679615,"00532M01:23:39.760","00532 01:36:41",192.45,893.82,,,,"     ",3.60,18.42,11.38
532,444679616,"00532M01:23:40.733","00532 01:36:42",192.47,893.81,,,,"     ",3.60,18.38,11.35
532,444679617,"00532M01:23:41.707","00532 01:36:43",192.48,893.81,,,,"     ",3.60,18.49,11.42
532,444679618,"00532M01:23:42.680","00532 01:36:44",192.50,893.85,,,,"     ",3.60,18.41,11.37
532,444679619,"00532M01:23:43.653","00532 01:36:45",192.52,893.75,,,,"     ",3.60,18.41,11.36
532,444679620,"00532M01:23:44.626","00532 01:36:46",192.55,893.87,,,,"     ",3.60,18.44,11.38
532,444679621,"00532M01:23:45.600","00532 01:36:47",192.58,893.81,,,,"     ",3.60,18.40,11.36
532,444679622,"00532M01:23:46.573","00532 01:36:48",192.60,893.91,,,,"     ",3.60,18.40,11.36
532,444679623,"00532M01:23:47.546","00532 01:36:49",192.62,893.80,,,,"     ",3.60,18.36,11.33
532,444679624,"00532M01:23:48.519","00532 01:36:50",192.63,893.81,,,,"     ",3.60,18.45,11.38
532,444679625,"00532M01:23:49.493","00532 01:36:51",192.63,893.78,,,,"     ",3.60,18.46,11.39
532,444679626,"00532M01:23:50.466","00532 01:36:52",192.62,893.88,,,,"     ",3.60,18.40,11.35
532,444679627,"00532M01:23:51.439","00532 01:36:53",192.61,893.76,,,,"     ",3.60,18.43,11.36
532,444679628,"00532M01:23:52.412","00532 01:36:54",192.60,893.86,,,,"     ",3.60,18.43,11.37
532,444679629,"00532M01:23:53.386","00532 01:36:55",192.58,893.77,,,,"     ",3.60,18.42,11.35
532,444679630,"00532M01:23:54.359","00532 01:36:56",192.56,893.82,,,,"     ",3.60,18.56,11.44
532,444679631,"00532M01:23:55.332","00532 01:36:57",192.55,893.80,,,,"     ",3.60,18.44,11.36
532,444679632,"00532M01:23:56.305","00532 01:36:58",192.53,893.78,,,,"     ",3.60,18.46,11.38
532,444679633,"00532M01:23:57.279","00532 01:36:59",192.51,893.82,,,,"     ",3.60,18.50,11.40
532,444679634,"00532M01:23:58.252","00532 01:37:00",192.48,893.78,,,,"     ",3.60,18.48,11.38
532,444679635,"00532M01:23:59.225","00532 01:37:00",192.46,893.83,,,,"     ",3.60,18.49,11.39
532,444679636,"00532M01:24:00.198","00532 01:37:01",192.43,893.74,,,,"     ",3.60,18.49,11.39
532,444679637,"00532M01:24:01.172","00532 01:37:02",192.40,893.81,,,,"     ",3.60,18.48,11.38
532,444679638,"00532M01:24:02.145","00532 01:37:03",192.37,893.83,,,,"     ",3.60,18.44,11.36
532,444679639,"00532M01:24:03.118","00532 01:37:04",192.35,893.81,,,,"     ",3.60,18.45,11.36
532,444679640,"00532M01:24:04.091","00532 01:37:05",192.33,893.85,,,,"     ",3.60,18.46,11.37
532,444679641,"00532M01:24:05.065","00532 01:37:06",192.31,893.80,,,,"     ",3.60,18.49,11.38
532,444679642,"00532M01:24:06.038","00532 01:37:07",192.31,893.84,,,,"     ",3.60,18.45,11.35
532,444679643,"00532M01:24:07.011","00532 01:37:08",192.31,893.84,,,,"     ",3.60,18.50,11.39
532,444679644,"00532M01:24:07.984","00532 01:37:09",192.32,893.99,,,,"     ",3.60,18.41,11.33
532,444679645,"00532M01:24:08.958","00532 01:37:10",192.33,893.87,,,,"     ",3.60,18.52,11.39
532,444679646,"00532M01:24:09.931","00532 01:37:11",192.35,893.85,,,,"     ",3.60,18.55,11.41
532,444679647,"00532M01:24:10.904","00532 01:37:12",192.36,893.79,,,,"     ",3.60,18.49,11.37
532,444679648,"00532M01:24:11.877","00532 01:37:13",192.37,893.75,,,,"     ",3.60,18.67,11.48
532,444679649,"00532M01:24:12.851","00532 01:37:14",192.37,893.74,,,,"     ",3.60,18.42,11.33
532,444679650,"00532M01:24:13.824","00532 01:37:15",192.38,893.77,,,,"     ",3.60,18.50,11.38
532,444679651,"00532M01:24:14.797","00532 01:37:16",192.38,893.87,,,,"     ",3.60,18.51,11.38
532,444679652,"00532M01:24:15.770","00532 01:37:17",192.39,893.83,,,,"     ",3.60,18.52,11.39
532,444679653,"00532M01:24:16.744","00532 01:37:18",192.42,893.84,,,,"     ",3.60,18.55,11.40
532,444679654,"00532M01:24:17.717","00532 01:37:19",192.45,893.89,,,,"     ",3.60,18.53,11.39
532,444679655,"00532M01:24:18.690","00532 01:37:20",192.50,893.83,,,,"     ",3.60,18.52,11.38
532,444679656,"00532M01:24:19.663","00532 01:37:21",192.55,893.90,,,,"     ",3.60,18.61,11.43
532,444679657,"00532M01:24:20.637","00532 01:37:22",192.61,893.93,,,,"     ",3.60,18.61,11.44
532,444679658,"00532M01:24:21.610","00532 01:37:23",192.66,893.90,,,,"     ",3.60,18.56,11.40
532,444679659,"00532M01:24:22.583","00532 01:37:24",192.70,893.90,,,,"     ",3.60,18.63,11.45
532,444679660,"00532M01:24:23.556","00532 01:37:25",192.74,893.91,,,,"     ",3.60,18.49,11.36
532,444679661,"00532M01:24:24.530","00532 01:37:26",192.77,893.92,,,,"     ",3.60,18.62,11.44
532,444679662,"00532M01:24:25.503","00532 01:37:27",192.79,893.89,,,,"     ",3.60,18.55,11.40
532,444679663,"00532M01:24:26.476","00532 01:37:28",192.80,893.87,,,,"     ",3.60,18.61,11.43
532,444679664,"00532M01:24:27.449","00532 01:37:29",192.81,893.86,,,,"     ",3.60,18.53,11.38
532,444679665,"00532M01:24:28.423","00532 01:37:30",192.81,893.88,,,,"     ",3.60,18.58,11.41
532,444679666,"00532M01:24:29.396","00532 01:37:31",192.82,893.86,,,,"     ",3.60,18.63,11.44
532,444679667,"00532M01:24:30.369","00532 01:37:32",192.82,893.94,,,,"     ",3.60,18.57,11.40
532,444679668,"00532M01:24:31.343","00532 01:37:33",192.83,893.90,,,,"     ",3.60,18.83,11.55
532,444679669,"00532M01:24:32.316","00532 01:37:34",192.82,893.85,,,,"     ",3.60,18.61,11.42
532,444679670,"00532M01:24:33.289","00532 01:37:35",192.81,893.87,,,,"     ",3.60,18.52,11.36
532,444679671,"00532M01:24:34.262","00532 01:37:36",192.79,893.89,,,,"     ",3.60,18.62,11.42
532,444679672,"00532M01:24:35.236","00532 01:37:36",192.76,893.94,,,,"     ",3.60,18.56,11.39
532,444679673,"00532M01:24:36.209","00532 01:37:37",192.72,893.98,,,,"     ",3.60,18.56,11.38
532,444679674,"00532M01:24:37.182","00532 01:37:38",192.67,893.93,,,,"     ",3.60,18.59,11.40
532,444679675,"00532M01:24:38.155","00532 01:37:39",192.62,893.91,,,,"     ",3.60,18.66,11.44
532,444679676,"00532M01:24:39.129","00532 01:37:40",192.57,893.89,,,,"     ",3.60,18.59,11.40
532,444679677,"00532M01:24:40.102","00532 01:37:41",192.53,893.93,,,,"     ",3.60,18.65,11.44
532,444679678,"00532M01:24:41.075","00532 01:37:42",192.50,893.98,,,,"     ",3.60,18.66,11.44
532,444679679,"00532M01:24:42.048","00532 01:37:43",192.48,893.99,,,,"     ",3.60,18.56,11.38
532,444679680,"00532M01:24:43.022","00532 01:37:44",192.48,893.94,,,,"     ",3.60,18.65,11.43
532,444679681,"00532M01:24:43.995","00532 01:37:45",192.50,893.91,,,,"     ",3.60,18.63,11.41
532,444679682,"00532M01:24:44.968","00532 01:37:46",192.53,893.85,,,,"     ",3.60,18.66,11.43
532,444679683,"00532M01:24:45.941","00532 01:37:47",192.58,893.87,,,,"     ",3.60,18.59,11.39
532,444679684,"00532M01:24:46.915","00532 01:37:48",192.63,893.82,,,,"     ",3.60,18.65,11.42
532,444679685,"00532M01:24:47.888","00532 01:37:49",192.68,893.91,,,,"     ",3.60,18.68,11.45
532,444679686,"00532M01:24:48.861","00532 01:37:50",192.73,893.93,,,,"     ",3.60,18.70,11.45
532,444679687,"00532M01:24:49.834","00532 01:37:51",192.78,893.93,,,,"     ",3.60,18.68,11.44
532,444679688,"00532M01:24:50.808","00532 01:37:52",192.82,894.06,,,,"     ",3.60,18.70,11.45
532,444679689,"00532M01:24:51.781","00532 01:37:53",192.85,894.04,,,,"     ",3.60,18.67,11.43
532,444679690,"00532M01:24:52.754","00532 01:37:54",192.87,893.98,,,,"     ",3.60,18.67,11.43
532,444679691,"00532M01:24:53.727","00532 01:37:55",192.88,893.90,,,,"     ",3.60,18.64,11.40
532,444679692,"00532M01:24:54.701","00532 01:37:56",192.88,893.75,,,,"     ",3.60,18.84,11.52
532,444679693,"00532M01:24:55.674","00532 01:37:57",192.88,893.72,,,,"     ",3.60,18.66,11.42
532,444679694,"00532M01:24:56.647","00532 01:37:58",192.86,893.79,,,,"     ",3.60,18.60,11.38
532,444679695,"00532M01:24:57.620","00532 01:37:59",192.83,893.88,,,,"     ",3.60,18.56,11.35
532,444679696,"00532M01:24:58.594","00532 01:38:00",192.79,893.87,,,,"     ",3.60,18.66,11.41
532,444679697,"00532M01:24:59.567","00532 01:38:01",192.75,893.87,,,,"     ",3.60,18.63,11.39
532,444679698,"00532M01:25:00.540","00532 01:38:02",192.70,894.00,,,,"     ",3.60,18.74,11.46
532,444679699,"00532M01:25:01.513","00532 01:38:03",192.64,893.96,,,,"     ",3.60,18.72,11.45
532,444679700,"00532M01:25:02.487","00532 01:38:04",192.57,893.85,,,,"     ",3.60,18.65,11.40
532,444679701,"00532M01:25:03.460","00532 01:38:05",192.50,893.98,,,,"     ",3.60,18.71,11.43
532,444679702,"00532M01:25:04.433","00532 01:38:06",192.43,893.94,,,,"     ",3.60,18.68,11.41
532,444679703,"00532M01:25:05.406","00532 01:38:07",192.36,893.85,,,,"     ",3.60,18.52,11.32
532,444679704,"00532M01:25:06.380","00532 01:38:08",192.31,893.90,,,,"     ",3.60,18.76,11.46
532,444679705,"00532M01:25:07.353","00532 01:38:09",192.25,893.97,,,,"     ",3.60,18.73,11.44
532,444679706,"00532M01:25:08.326","00532 01:38:10",192.21,893.97,,,,"     ",3.60,18.72,11.43
532,444679707,"00532M01:25:09.299","00532 01:38:11",192.18,893.98,,,,"     ",3.60,18.69,11.41
532,444679708,"00532M01:25:10.273","00532 01:38:12",192.16,894.01,,,,"     ",3.60,18.69,11.41
532,444679709,"00532M01:25:11.246","00532 01:38:13",192.16,894.03,,,,"     ",3.60,18.70,11.42
532,444679710,"00532M01:25:12.219","00532 01:38:13",192.18,893.97,,,,"     ",3.60,18.65,11.39
532,444679711,"00532M01:25:13.192","00532 01:38:14",192.21,893.98,,,,"     ",3.60,18.76,11.45
532,444679712,"00532M01:25:14.166","00532 01:38:15",192.25,894.04,,,,"     ",3.60,18.75,11.44
532,444679713,"00532M01:25:15.139","00532 01:38:16",192.29,893.99,,,,"     ",3.60,18.66,11.38
532,444679714,"00532M01:25:16.112","00532 01:38:17",192.34,894.02,,,,"     ",3.60,18.71,11.41
532,444679715,"00532M01:25:17.085","00532 01:38:18",192.39,893.96,,,,"     ",3.60,18.70,11.41
532,444679716,"00532M01:25:18.059","00532 01:38:19",192.44,893.94,,,,"     ",3.60,18.70,11.40
532,444679717,"00532M01:25:19.032","00532 01:38:20",192.50,893.98,,,,"     ",3.60,18.75,11.44
532,444679718,"00532M01:25:20.005","00532 01:38:21",192.56,894.09,,,,"     ",3.60,18.78,11.45
532,444679719,"00532M01:25:20.978","00532 01:38:22",192.61,894.03,,,,"     ",3.60,18.71,11.41
532,444679720,"00532M01:25:21.952","00532 01:38:23",192.66,894.06,,,,"     ",3.60,18.74,11.42
532,444679721,"00532M01:25:22.925","00532 01:38:24",192.69,894.05,,,,"     ",3.60,18.77,11.44
532,444679722,"00532M01:25:23.898","00532 01:38:25",192.71,894.00,,,,"     ",3.60,18.70,11.40
532,444679723,"00532M01:25:24.871","00532 01:38:26",192.72,894.04,,,,"     ",3.60,18.83,11.48
532,444679724,"00532M01:25:25.845","00532 01:38:27",192.71,894.00,,,,"     ",3.60,18.78,11.44
532,444679725,"00532M01:25:26.818","00532 01:38:28",192.69,893.96,,,,"     ",3.60,18.80,11.46
532,444679726,"00532M01:25:27.791","00532 01:38:29",192.66,893.98,,,,"     ",3.60,18.74,11.41
532,444679727,"00532M01:25:28.764","00532 01:38:30",192.62,893.98,,,,"     ",3.60,18.77,11.43
532,444679728,"00532M01:25:29.738","00532 01:38:31",192.58,893.97,,,,"     ",3.60,18.79,11.44
532,444679729,"00532M01:25:30.711","00532 01:38:32",192.54,893.95,,,,"     ",3.60,18.73,11.40
532,444679730,"00532M01:25:31.684","00532 01:38:33",192.50,893.90,,,,"     ",3.60,18.76,11.42
532,444679731,"00532M01:25:32.657","00532 01:38:34",192.46,893.96,,,,"     ",3.60,18.81,11.45
532,444679732,"00532M01:25:33.631","00532 01:38:35",192.41,893.95,,,,"     ",3.60,18.82,11.45
532,444679733,"00532M01:25:34.604","00532 01:38:36",192.36,894.06,,,,"     ",3.60,18.76,11.42
532,444679734,"00532M01:25:35.577","00532 01:38:37",192.31,893.99,,,,"     ",3.60,18.79,11.43
532,444679735,"00532M01:25:36.550","00532 01:38:38",192.26,894.05,,,,"     ",3.60,18.80,11.44
532,444679736,"00532M01:25:37.524","00532 01:38:39",192.21,894.10,,,,"     ",3.60,18.79,11.43
532,444679737,"00532M01:25:38.497","00532 01:38:40",192.16,894.01,,,,"     ",3.60,19.08,11.61
532,444679738,"00532M01:25:39.470","00532 01:38:41",192.13,893.96,,,,"     ",3.60,18.80,11.43
532,444679739,"00532M01:25:40.443","00532 01:38:42",192.13,894.01,,,,"     ",3.60,18.78,11.42
532,444679740,"00532M01:25:41.417","00532 01:38:43",192.14,893.97,,,,"     ",3.60,18.79,11.42
532,444679741,"00532M01:25:42.390","00532 01:38:44",192.16,893.97,,,,"     ",3.60,18.79,11.42
532,444679742,"00532M01:25:43.363","00532 01:38:45",192.19,894.08,,,,"     ",3.60,18.83,11.44
532,444679743,"00532M01:25:44.337","00532 01:38:46",192.22,894.03,,,,"     ",3.60,18.74,11.39
532,444679744,"00532M01:25:45.310","00532 01:38:47",192.26,894.04,,,,"     ",3.60,18.79,11.42
532,444679745,"00532M01:25:46.283","00532 01:38:48",192.30,894.00,,,,"     ",3.60,18.80,11.42
532,444679746,"00532M01:25:47.256","00532 01:38:49",192.35,894.04,,,,"     ",3.60,18.83,11.44
532,444679747,"00532M01:25:48.230","00532 01:38:49",192.41,894.02,,,,"     ",3.60,18.76,11.39
532,444679748,"00532M01:25:49.203","00532 01:38:50",192.47,893.94,,,,"     ",3.60,18.82,11.43
532,444679749,"00532M01:25:50.176","00532 01:38:51",192.53,893.98,,,,"     ",3.60,18.84,11.44
532,444679750,"00532M01:25:51.149","00532 01:38:52",192.61,894.09,,,,"     ",3.60,18.87,11.46
532,444679751,"00532M01:25:52.123","00532 01:38:53",192.68,894.11,,,,"     ",3.60,18.79,11.41
532,444679752,"00532M01:25:53.096","00532 01:38:54",192.77,894.14,,,,"     ",3.60,18.83,11.43
532,444679753,"00532M01:25:54.069","00532 01:38:55",192.86,894.09,,,,"     ",3.60,18.71,11.36
532,444679754,"00532M01:25:55.042","00532 01:38:56",192.96,894.06,,,,"     ",3.60,18.79,11.40
532,444679755,"00532M01:25:56.016","00532 01:38:57",193.07,894.07,,,,"     ",3.60,18.85,11.44
532,444679756,"00532M01:25:56.989","00532 01:38:58",193.18,894.07,,,,"     ",3.60,18.84,11.43
532,444679757,"00532M01:25:57.962","00532 01:38:59",193.30,894.04,,,,"     ",3.60,18.91,11.48
532,444679758,"00532M01:25:58.935","00532 01:39:00",191.90,894.03,,,,"     ",3.60,18.85,11.44
532,444679759,"00532M01:25:59.909","00532 01:39:01",191.97,893.99,,,,"     ",3.60,18.88,11.45
532,444679760,"00532M01:26:00.882","00532 01:39:02",192.03,894.02,,,,"     ",3.60,19.11,11.60
532,444679761,"00532M01:26:01.855","00532 01:39:03",192.10,894.05,,,,"     ",3.60,18.87,11.44
532,444679762,"00532M01:26:02.828","00532 01:39:04",192.16,894.11,,,,"     ",3.60,18.89,11.46
532,444679763,"00532M01:26:03.802","00532 01:39:05",192.22,893.99,,,,"     ",3.60,18.93,11.48
532,444679764,"00532M01:26:04.775","00532 01:39:06",192.28,894.01,,,,"     ",3.60,18.83,11.42
532,444679765,"00532M01:26:05.748","00532 01:39:07",192.33,893.99,,,,"     ",3.60,18.90,11.46
532,444679766,"00532M01:26:06.721","00532 01:39:08",192.37,894.05,,,,"     ",3.60,18.91,11.46
532,444679767,"00532M01:26:07.695","00532 01:39:09",192.42,894.09,,,,"     ",3.60,18.88,11.44
532,444679768,"00532M01:26:08.668","00532 01:39:10",192.46,894.15,,,,"     ",3.60,18.82,11.41
532,444679769,"00532M01:26:09.641","00532 01:39:11",192.49,894.09,,,,"     ",3.60,18.82,11.40
532,444679770,"00532M01:26:10.614","00532 01:39:12",192.52,894.15,,,,"     ",3.60,18.84,11.42
532,444679771,"00532M01:26:11.588","00532 01:39:13",192.55,894.17,,,,"     ",3.60,18.86,11.43
532,444679772,"00532M01:26:12.561","00532 01:39:14",192.58,894.08,,,,"     ",3.60,18.92,11.46
532,444679773,"00532M01:26:13.534","00532 01:39:15",192.60,893.99,,,,"     ",3.60,18.85,11.42
532,444679774,"00532M01:26:14.507","00532 01:39:16",192.62,893.94,,,,"     ",3.60,18.90,11.45
532,444679775,"00532M01:26:15.481","00532 01:39:17",192.64,894.06,,,,"     ",3.60,18.92,11.46
532,444679776,"00532M01:26:16.454","00532 01:39:18",192.65,894.07,,,,"     ",3.60,18.82,11.40
532,444679777,"00532M01:26:17.427","00532 01:39:19",192.66,894.20,,,,"     ",3.60,18.84,11.41
532,444679778,"00532M01:26:18.400","00532 01:39:20",192.65,894.14,,,,"     ",3.60,18.86,11.42
532,444679779,"00532M01:26:19.374","00532 01:39:21",192.63,894.04,,,,"     ",3.60,18.85,11.41
532,444679780,"00532M01:26:20.347","00532 01:39:22",192.60,894.10,,,,"     ",3.60,18.88,11.43
532,444679781,"00532M01:26:21.320","00532 01:39:23",192.56,894.17,,,,"     ",3.60,18.84,11.41
532,444679782,"00532M01:26:22.293","00532 01:39:24",192.53,894.05,,,,"     ",3.60,18.98,11.49
532,444679783,"00532M01:26:23.267","00532 01:39:25",192.49,894.10,,,,"     ",3.60,18.91,11.44
532,444679784,"00532M01:26:24.240","00532 01:39:26",192.46,894.04,,,,"     ",3.60,18.92,11.45
532,444679785,"00532M01:26:25.213","00532 01:39:26",192.42,893.96,,,,"     ",3.60,18.85,11.40
532,444679786,"00532M01:26:26.186","00532 01:39:27",192.38,894.02,,,,"     ",3.60,18.89,11.43
532,444679787,"00532M01:26:27.160","00532 01:39:28",192.35,894.02,,,,"     ",3.60,18.96,11.47
532,444679788,"00532M01:26:28.133","00532 01:39:29",192.32,894.04,,,,"     ",3.60,18.90,11.43
532,444679789,"00532M01:26:29.106","00532 01:39:30",192.30,894.06,,,,"     ",3.60,18.94,11.46
532,444679790,"00532M01:26:30.079","00532 01:39:31",192.29,894.19,,,,"     ",3.60,18.93,11.45
532,444679791,"00532M01:26:31.053","00532 01:39:32",192.29,894.23,,,,"     ",3.60,19.15,11.58
532,444679792,"00532M01:26:32.026","00532 01:39:33",192.31,894.26,,,,"     ",3.60,18.91,11.43
532,444679793,"00532M01:26:32.999","00532 01:39:34",192.33,894.19,,,,"     ",3.60,18.93,11.45
532,444679794,"00532M01:26:33.972","00532 01:39:35",192.36,894.17,,,,"     ",3.60,18.88,11.41
532,444679795,"00532M01:26:34.946","00532 01:39:36",192.40,894.16,,,,"     ",3.60,18.92,11.43
532,444679796,"00532M01:26:35.919","00532 01:39:37",192.44,894.16,,,,"     ",3.60,18.86,11.39
532,444679797,"00532M01:26:36.892","00532 01:39:38",192.48,894.18,,,,"     ",3.60,18.92,11.43
532,444679798,"00532M01:26:37.865","00532 01:39:39",192.53,894.17,,,,"     ",3.60,18.94,11.44
532,444679799,"00532M01:26:38.839","00532 01:39:40",192.57,894.17,,,,"     ",3.60,19.00,11.48
532,444679800,"00532M01:26:39.812","00532 01:39:41",192.61,894.08,,,,"     ",3.60,18.87,11.39
532,444679801,"00532M01:26:40.785","00532 01:39:42",192.66,894.11,,,,"     ",3.60,18.89,11.40
532,444679802,"00532M01:26:41.758","00532 01:39:43",192.70,894.11,,,,"     ",3.60,18.92,11.42
532,444679803,"00532M01:26:42.732","00532 01:39:44",192.74,894.14,,,,"     ",3.60,18.97,11.46
532,444679804,"00532M01:26:43.705","00532 01:39:45",192.77,894.18,,,,"     ",3.60,18.92,11.42
532,444679805,"00532M01:26:44.678","00532 01:39:46",192.80,894.09,,,,"     ",3.60,18.96,11.44
532,444679806,"00532M01:26:45.651","00532 01:39:47",192.81,894.05,,,,"     ",3.60,18.96,11.44
532,444679807,"00532M01:26:46.625","00532 01:39:48",192.81,894.12,,,,"     ",3.60,18.88,11.40
532,444679808,"00532M01:26:47.598","00532 01:39:49",192.81,894.12,,,,"     ",3.60,18.96,11.44
532,444679809,"00532M01:26:48.571","00532 01:39:50",192.80,894.19,,,,"     ",3.60,18.91,11.41
532,444679810,"00532M01:26:49.544","00532 01:39:51",192.79,894.15,,,,"     ",3.60,19.00,11.47
532,444679811,"00532M01:26:50.518","00532 01:39:52",192.77,894.13,,,,"     ",3.60,18.98,11.45
532,444679812,"00532M01:26:51.491","00532 01:39:53",192.75,894.16,,,,"     ",3.60,18.96,11.43
532,444679813,"00532M01:26:52.464","00532 01:39:54",192.72,894.20,,,,"     ",3.60,18.95,11.43
532,444679814,"00532M01:26:53.438","00532 01:39:55",192.69,894.19,,,,"     ",3.60,18.91,11.40
532,444679815,"00532M01:26:54.411","00532 01:39:56",192.66,894.18,,,,"     ",3.60,18.95,11.42
532,444679816,"00532M01:26:55.384","00532 01:39:57",192.63,894.20,,,,"     ",3.60,18.94,11.42
532,444679817,"00532M01:26:56.357","00532 01:39:58",192.60,894.12,,,,"     ",3.60,18.89,11.38
532,444679818,"00532M01:26:57.331","00532 01:39:59",192.57,894.11,,,,"     ",3.60,18.98,11.44
532,444679819,"00532M01:26:58.304","00532 01:40:00",192.53,894.08,,,,"     ",3.60,18.94,11.40
532,444679820,"00532M01:26:59.277","00532 01:40:01",192.49,894.07,,,,"     ",3.60,19.03,11.47
532,444679821,"00532M01:27:00.250","00532 01:40:02",192.45,894.14,,,,"     ",3.60,18.64,11.23
532,444679822,"00532M01:27:01.224","00532 01:40:02",192.41,894.23,,,,"     ",3.60,19.09,11.50
532,444679823,"00532M01:27:02.197","00532 01:40:03",192.37,894.14,,,,"     ",3.60,18.92,11.39
532,444679824,"00532M01:27:03.170","00532 01:40:04",192.33,894.22,,,,"     ",3.60,18.92,11.39
532,444679825,"00532M01:27:04.143","00532 01:40:05",192.31,894.25,,,,"     ",3.60,18.95,11.41
532,444679826,"00532M01:27:05.117","00532 01:40:06",192.29,894.09,,,,"     ",3.60,18.79,11.30
532,444679827,"00532M01:27:06.090","00532 01:40:07",192.28,894.17,,,,"     ",3.60,18.90,11.37
532,444679828,"00532M01:27:07.063","00532 01:40:08",192.28,894.21,,,,"     ",3.60,18.91,11.38
532,444679829,"00532M01:27:08.036","00532 01:40:09",192.29,894.17,,,,"     ",3.60,18.96,11.40
532,444679830,"00532M01:27:09.010","00532 01:40:10",192.31,894.15,,,,"     ",3.60,18.98,11.42
532,444679831,"00532M01:27:09.983","00532 01:40:11",192.34,894.22,,,,"     ",3.60,19.04,11.45
532,444679832,"00532M01:27:10.956","00532 01:40:12",192.37,894.15,,,,"     ",3.60,18.98,11.41
532,444679833,"00532M01:27:11.929","00532 01:40:13",192.42,894.04,,,,"     ",3.60,18.97,11.40
532,444679834,"00532M01:27:12.903","00532 01:40:14",192.47,894.10,,,,"     ",3.60,18.93,11.37
532,444679835,"00532M01:27:13.876","00532 01:40:15",192.53,894.10,,,,"     ",3.60,18.99,11.41
532,444679836,"00532M01:27:14.849","00532 01:40:16",192.60,894.16,,,,"     ",3.60,18.95,11.38
532,444679837,"00532M01:27:15.822","00532 01:40:17",192.67,894.18,,,,"     ",3.60,18.97,11.39
532,444679838,"00532M01:27:16.796","00532 01:40:18",192.75,894.24,,,,"     ",3.60,18.92,11.36
532,444679839,"00532M01:27:17.769","00532 01:40:19",192.83,894.22,,,,"     ",3.60,19.00,11.41
532,444679840,"00532M01:27:18.742","00532 01:40:20",192.91,894.24,,,,"     ",3.60,18.94,11.37
532,444679841,"00532M01:27:19.715","00532 01:40:21",192.98,894.21,,,,"     ",3.60,19.01,11.41
532,444679842,"00532M01:27:20.689","00532 01:40:22",193.04,894.15,,,,"     ",3.60,18.93,11.36
532,444679843,"00532M01:27:21.662","00532 01:40:23",193.08,894.16,,,,"     ",3.60,18.95,11.37
532,444679844,"00532M01:27:22.635","00532 01:40:24",193.11,894.24,,,,"     ",3.60,18.98,11.39
532,444679845,"00532M01:27:23.608","00532 01:40:25",193.13,894.23,,,,"     ",3.60,18.99,11.39
532,444679846,"00532M01:27:24.582","00532 01:40:26",193.13,894.20,,,,"     ",3.60,19.08,11.45
532,444679847,"00532M01:27:25.555","00532 01:40:27",193.12,894.23,,,,"     ",3.60,18.91,11.34
532,444679848,"00532M01:27:26.528","00532 01:40:28",193.10,894.11,,,,"     ",3.60,18.92,11.34
532,444679849,"00532M01:27:27.501","00532 01:40:29",193.07,894.11,,,,"     ",3.60,18.98,11.38
532,444679850,"00532M01:27:28.475","00532 01:40:30",193.05,894.17,,,,"     ",3.60,19.02,11.40
532,444679851,"00532M01:27:29.448","00532 01:40:31",193.02,894.18,,,,"     ",3.60,18.95,11.36
532,444679852,"00532M01:27:30.421","00532 01:40:32",192.99,894.18,,,,"     ",3.60,19.00,11.39
532,444679853,"00532M01:27:31.394","00532 01:40:33",192.97,894.23,,,,"     ",3.60,19.18,11.50
532,444679854,"00532M01:27:32.368","00532 01:40:34",192.93,894.28,,,,"     ",3.60,18.96,11.36
532,444679855,"00532M01:27:33.341","00532 01:40:35",192.89,894.30,,,,"     ",3.60,18.99,11.38
532,444679856,"00532M01:27:34.314","00532 01:40:36",192.84,894.23,,,,"     ",3.60,18.99,11.38
532,444679857,"00532M01:27:35.287","00532 01:40:37",192.79,894.22,,,,"     ",3.60,18.80,11.25
532,444679858,"00532M01:27:36.261","00532 01:40:38",192.75,894.23,,,,"     ",3.60,19.00,11.38
532,444679859,"00532M01:27:37.234","00532 01:40:39",192.72,894.27,,,,"     ",3.60,18.94,11.34
532,444679860,"00532M01:27:38.207","00532 01:40:39",192.70,894.24,,,,"     ",3.60,18.95,11.34
532,444679861,"00532M01:27:39.180","00532 01:40:40",192.68,894.28,,,,"     ",3.60,19.03,11.40
532,444679862,"00532M01:27:40.154","00532 01:40:41",192.67,894.26,,,,"     ",3.60,19.03,11.39
532,444679863,"00532M01:27:41.127","00532 01:40:42",192.66,894.14,,,,"     ",3.60,19.03,11.39
532,444679864,"00532M01:27:42.100","00532 01:40:43",192.65,894.11,,,,"     ",3.60,18.93,11.33
532,444679865,"00532M01:27:43.073","00532 01:40:44",192.63,894.09,,,,"     ",3.60,18.99,11.37
532,444679866,"00532M01:27:44.047","00532 01:40:45",192.61,894.11,,,,"     ",3.60,18.77,11.23
532,444679867,"00532M01:27:45.020","00532 01:40:46",192.58,894.21,,,,"     ",3.60,19.02,11.38
532,444679868,"00532M01:27:45.993","00532 01:40:47",192.55,894.25,,,,"     ",3.60,18.98,11.35
532,444679869,"00532M01:27:46.966","00532 01:40:48",192.53,894.28,,,,"     ",3.60,18.96,11.34
532,444679870,"00532M01:27:47.940","00532 01:40:49",192.52,894.46,,,,"     ",3.60,19.01,11.37
532,444679871,"00532M01:27:48.913","00532 01:40:50",192.53,894.21,,,,"     ",3.60,18.99,11.35
532,444679872,"00532M01:27:49.886","00532 01:40:51",192.54,894.26,,,,"     ",3.60,18.98,11.35
532,444679873,"00532M01:27:50.859","00532 01:40:52",192.56,894.19,,,,"     ",3.60,19.08,11.41
532,444679874,"00532M01:27:51.833","00532 01:40:53",192.59,894.28,,,,"     ",3.60,19.06,11.40
532,444679875,"00532M01:27:52.806","00532 01:40:54",192.62,894.24,,,,"     ",3.60,19.02,11.37
532,444679876,"00532M01:27:53.779","00532 01:40:55",192.64,894.29,,,,"     ",3.60,19.02,11.37
532,444679877,"00532M01:27:54.752","00532 01:40:56",192.65,894.37,,,,"     ",3.60,19.02,11.37
532,444679878,"00532M01:27:55.726","00532 01:40:57",192.67,894.31,,,,"     ",3.60,19.01,11.37
532,444679879,"00532M01:27:56.699","00532 01:40:58",192.68,894.27,,,,"     ",3.60,19.06,11.39
532,444679880,"00532M01:27:57.672","00532 01:40:59",192.69,894.22,,,,"     ",3.60,19.06,11.39
532,444679881,"00532M01:27:58.645","00532 01:41:00",192.69,894.27,,,,"     ",3.60,19.06,11.39
532,444679882,"00532M01:27:59.619","00532 01:41:01",192.69,894.34,,,,"     ",3.60,19.07,11.40
532,444679883,"00532M01:28:00.592","00532 01:41:02",192.69,894.26,,,,"     ",3.60,19.02,11.36
532,444679884,"00532M01:28:01.565","00532 01:41:03",192.69,894.31,,,,"     ",3.60,19.03,11.37
532,444679885,"00532M01:28:02.539","00532 01:41:04",192.69,894.28,,,,"     ",3.60,19.08,11.40
532,444679886,"00532M01:28:03.512","00532 01:41:05",192.70,894.22,,,,"     ",3.60,18.92,11.30
532,444679887,"00532M01:28:04.485","00532 01:41:06",192.71,894.25,,,,"     ",3.60,19.03,11.36
532,444679888,"00532M01:28:05.458","00532 01:41:07",192.72,894.27,,,,"     ",3.60,18.74,11.19
532,444679889,"00532M01:28:06.432","00532 01:41:08",192.73,894.26,,,,"     ",3.60,19.02,11.36
532,444679890,"00532M01:28:07.405","00532 01:41:09",192.73,894.27,,,,"     ",3.60,19.04,11.37
532,444679891,"00532M01:28:08.378","00532 01:41:10",192.74,894.32,,,,"     ",3.60,19.00,11.34
532,444679892,"00532M01:28:09.351","00532 01:41:11",192.74,894.27,,,,"     ",3.60,19.11,11.41
532,444679893,"00532M01:28:10.325","00532 01:41:12",192.73,894.32,,,,"     ",3.60,19.06,11.37
532,444679894,"00532M01:28:11.298","00532 01:41:13",192.72,894.32,,,,"     ",3.60,18.97,11.32
532,444679895,"00532M01:28:12.271","00532 01:41:14",192.71,894.29,,,,"     ",3.60,19.06,11.37
532,444679896,"00532M01:28:13.244","00532 01:41:15",192.70,894.27,,,,"     ",3.60,19.08,11.39
532,444679897,"00532M01:28:14.218","00532 01:41:15",192.69,894.26,,,,"     ",3.60,19.04,11.36
532,444679898,"00532M01:28:15.191","00532 01:41:16",192.69,894.32,,,,"     ",3.60,19.09,11.38
532,444679899,"00532M01:28:16.164","00532 01:41:17",192.69,894.26,,,,"     ",3.60,19.06,11.37
532,444679900,"00532M01:28:17.137","00532 01:41:18",192.70,894.30,,,,"     ",3.60,19.03,11.35
532,444679901,"00532M01:28:18.111","00532 01:41:19",192.70,894.24,,,,"     ",3.60,19.07,11.37
532,444679902,"00532M01:28:19.084","00532 01:41:20",192.71,894.27,,,,"     ",3.60,19.07,11.37
532,444679903,"00532M01:28:20.057","00532 01:41:21",192.70,894.28,,,,"     ",3.60,19.10,11.39
532,444679904,"00532M01:28:21.030","00532 01:41:22",192.68,894.27,,,,"     ",3.60,19.04,11.35
532,444679905,"00532M01:28:22.004","00532 01:41:23",192.66,894.33,,,,"     ",3.60,19.05,11.36
532,444679906,"00532M01:28:22.977","00532 01:41:24",192.63,894.26,,,,"     ",3.60,18.95,11.29
532,444679907,"00532M01:28:23.950","00532 01:41:25",192.60,894.30,,,,"     ",3.60,19.11,11.39
532,444679908,"00532M01:28:24.923","00532 01:41:26",192.57,894.30,,,,"     ",3.60,19.05,11.35
532,444679909,"00532M01:28:25.897","00532 01:41:27",192.56,894.29,,,,"     ",3.60,19.13,11.40
532,444679910,"00532M01:28:26.870","00532 01:41:28",192.55,894.08,,,,"     ",3.60,19.08,11.37
532,444679911,"00532M01:28:27.843","00532 01:41:29",192.55,894.31,,,,"     ",3.60,18.97,11.31
532,444679912,"00532M01:28:28.816","00532 01:41:30",192.56,894.34,,,,"     ",3.60,19.02,11.33
532,444679913,"00532M01:28:29.790","00532 01:41:31",192.59,894.48,,,,"     ",3.60,19.02,11.33
532,444679914,"00532M01:28:30.763","00532 01:41:32",192.64,894.50,,,,"     ",3.60,19.05,11.35
532,444679915,"00532M01:28:31.736","00532 01:41:33",192.70,894.48,,,,"     ",3.60,19.26,11.48
532,444679916,"00532M01:28:32.709","00532 01:41:34",192.76,894.35,,,,"     ",3.60,19.04,11.34
532,444679917,"00532M01:28:33.683","00532 01:41:35",192.83,894.33,,,,"     ",3.60,19.05,11.35
532,444679918,"00532M01:28:34.656","00532 01:41:36",192.88,894.29,,,,"     ",3.60,18.95,11.28
532,444679919,"00532M01:28:35.629","00532 01:41:37",192.92,894.28,,,,"     ",3.60,18.81,11.20
532,444679920,"00532M01:28:36.602","00532 01:41:38",192.94,894.46,,,,"     ",3.60,19.09,11.36
532,444679921,"00532M01:28:37.576","00532 01:41:39",192.95,894.31,,,,"     ",3.60,19.09,11.36
532,444679922,"00532M01:28:38.549","00532 01:41:40",192.94,894.35,,,,"     ",3.60,19.08,11.36
532,444679923,"00532M01:28:39.522","00532 01:41:41",192.92,894.40,,,,"     ",3.60,19.21,11.44
532,444679924,"00532M01:28:40.495","00532 01:41:42",192.90,894.39,,,,"     ",3.60,19.14,11.39
532,444679925,"00532M01:28:41.469","00532 01:41:43",192.87,894.35,,,,"     ",3.60,19.14,11.39
532,444679926,"00532M01:28:42.442","00532 01:41:44",192.84,894.30,,,,"     ",3.60,19.17,11.41
532,444679927,"00532M01:28:43.415","00532 01:41:45",192.82,894.29,,,,"     ",3.60,19.07,11.34
532,444679928,"00532M01:28:44.388","00532 01:41:46",192.81,894.33,,,,"     ",3.60,19.10,11.36
532,444679929,"00532M01:28:45.362","00532 01:41:47",192.79,894.30,,,,"     ",3.60,19.15,11.39
532,444679930,"00532M01:28:46.335","00532 01:41:48",192.78,894.38,,,,"     ",3.60,19.06,11.33
532,444679931,"00532M01:28:47.308","00532 01:41:49",192.76,894.36,,,,"     ",3.60,19.14,11.38
532,444679932,"00532M01:28:48.281","00532 01:41:50",192.74,894.39,,,,"     ",3.60,19.15,11.39
532,444679933,"00532M01:28:49.255","00532 01:41:51",192.73,894.40,,,,"     ",3.60,19.10,11.36
532,444679934,"00532M01:28:50.228","00532 01:41:52",192.72,894.35,,,,"     ",3.60,19.14,11.37
532,444679935,"00532M01:28:51.201","00532 01:41:52",192.73,894.30,,,,"     ",3.60,19.13,11.37
532,444679936,"00532M01:28:52.174","00532 01:41:53",192.74,894.34,,,,"     ",3.60,19.07,11.33
532,444679937,"00532M01:28:53.148","00532 01:41:54",192.77,894.30,,,,"     ",3.60,19.16,11.38
532,444679938,"00532M01:28:54.121","00532 01:41:55",192.80,894.33,,,,"     ",3.60,19.16,11.38
532,444679939,"00532M01:28:55.094","00532 01:41:56",192.84,894.32,,,,"     ",3.60,19.14,11.37
532,444679940,"00532M01:28:56.067","00532 01:41:57",192.88,894.36,,,,"     ",3.60,19.14,11.37
532,444679941,"00532M01:28:57.041","00532 01:41:58",192.91,894.37,,,,"     ",3.60,19.08,11.33
532,444679942,"00532M01:28:58.014","00532 01:41:59",192.93,894.38,,,,"     ",3.60,19.16,11.38
532,444679943,"00532M01:28:58.987","00532 01:42:00",192.94,894.40,,,,"     ",3.60,19.10,11.34
532,444679944,"00532M01:28:59.960","00532 01:42:01",192.95,894.40,,,,"     ",3.60,19.18,11.38
532,444679945,"00532M01:29:00.934","00532 01:42:02",192.95,894.33,,,,"     ",3.60,19.16,11.37
532,444679946,"00532M01:29:01.907","00532 01:42:03",192.94,894.34,,,,"     ",3.60,19.16,11.37
532,444679947,"00532M01:29:02.880","00532 01:42:04",192.93,894.34,,,,"     ",3.60,19.16,11.37
532,444679948,"00532M01:29:03.853","00532 01:42:05",192.91,894.33,,,,"     ",3.60,19.21,11.40
532,444679949,"00532M01:29:04.827","00532 01:42:06",192.91,894.37,,,,"     ",3.60,19.19,11.39
532,444679950,"00532M01:29:05.800","00532 01:42:07",192.90,894.34,,,,"     ",3.60,18.91,11.21
532,444679951,"00532M01:29:06.773","00532 01:42:08",192.90,894.43,,,,"     ",3.60,19.13,11.34
532,444679952,"00532M01:29:07.746","00532 01:42:09",192.91,894.37,,,,"     ",3.60,19.14,11.35
532,444679953,"00532M01:29:08.720","00532 01:42:10",192.92,894.42,,,,"     ",3.60,19.18,11.37
532,444679954,"00532M01:29:09.693","00532 01:42:11",192.94,894.38,,,,"     ",3.60,19.14,11.35
532,444679955,"00532M01:29:10.666","00532 01:42:12",192.96,894.39,,,,"     ",3.60,19.20,11.38
532,444679956,"00532M01:29:11.640","00532 01:42:13",192.99,894.54,,,,"     ",3.60,19.02,11.27
532,444679957,"00532M01:29:12.613","00532 01:42:14",193.02,894.54,,,,"     ",3.60,19.14,11.34
532,444679958,"00532M01:29:13.586","00532 01:42:15",193.06,894.37,,,,"     ",3.60,19.17,11.36
532,444679959,"00532M01:29:14.559","00532 01:42:16",193.11,894.40,,,,"     ",3.60,19.22,11.39
532,444679960,"00532M01:29:15.533","00532 01:42:17",193.16,894.46,,,,"     ",3.60,19.03,11.27
532,444679961,"00532M01:29:16.506","00532 01:42:18",193.22,894.20,,,,"     ",3.60,19.17,11.35
532,444679962,"00532M01:29:17.479","00532 01:42:19",193.27,894.32,,,,"     ",3.60,19.07,11.29
532,444679963,"00532M01:29:18.452","00532 01:42:20",193.31,894.42,,,,"     ",3.60,19.18,11.36
532,444679964,"00532M01:29:19.426","00532 01:42:21",193.34,894.44,,,,"     ",3.60,19.10,11.31
532,444679965,"00532M01:29:20.399","00532 01:42:22",193.35,894.32,,,,"     ",3.60,19.18,11.36
532,444679966,"00532M01:29:21.372","00532 01:42:23",193.35,894.37,,,,"     ",3.60,19.20,11.37
532,444679967,"00532M01:29:22.345","00532 01:42:24",193.35,894.38,,,,"     ",3.60,19.22,11.37
532,444679968,"00532M01:29:23.319","00532 01:42:25",193.33,894.35,,,,"     ",3.60,19.21,11.37
532,444679969,"00532M01:29:24.292","00532 01:42:26",193.30,894.36,,,,"     ",3.60,19.18,11.35
532,444679970,"00532M01:29:25.265","00532 01:42:27",193.28,894.36,,,,"     ",3.60,19.22,11.37
532,444679971,"00532M01:29:26.238","00532 01:42:28",193.26,894.39,,,,"     ",3.60,19.25,11.39
532,444679972,"00532M01:29:27.212","00532 01:42:28",193.25,894.38,,,,"     ",3.60,19.18,11.35
532,444679973,"00532M01:29:28.185","00532 01:42:29",193.23,894.37,,,,"     ",3.60,19.28,11.40
532,444679974,"00532M01:29:29.158","00532 01:42:30",193.20,894.42,,,,"     ",3.60,19.22,11.36
532,444679975,"00532M01:29:30.131","00532 01:42:31",193.16,894.41,,,,"     ",3.60,19.19,11.35
532,444679976,"00532M01:29:31.105","00532 01:42:32",193.11,894.44,,,,"     ",3.60,19.27,11.39
532,444679977,"00532M01:29:32.078","00532 01:42:33",193.06,894.44,,,,"     ",3.60,19.44,11.49
532,444679978,"00532M01:29:33.051","00532 01:42:34",193.00,894.43,,,,"     ",3.60,19.23,11.37
532,444679979,"00532M01:29:34.024","00532 01:42:35",192.94,894.44,,,,"     ",3.60,19.23,11.37
532,444679980,"00532M01:29:34.998","00532 01:42:36",192.88,894.36,,,,"     ",3.60,19.25,11.38
532,444679981,"00532M01:29:35.971","00532 01:42:37",192.84,894.35,,,,"     ",3.60,19.16,11.32
532,444679982,"00532M01:29:36.944","00532 01:42:38",192.80,894.35,,,,"     ",3.60,19.21,11.35
532,444679983,"00532M01:29:37.917","00532 01:42:39",192.77,894.38,,,,"     ",3.60,19.25,11.37
532,444679984,"00532M01:29:38.891","00532 01:42:40",192.76,894.40,,,,"     ",3.60,19.17,11.32
532,444679985,"00532M01:29:39.864","00532 01:42:41",192.76,894.33,,,,"     ",3.60,19.30,11.40
532,444679986,"00532M01:29:40.837","00532 01:42:42",192.78,894.46,,,,"     ",3.60,19.18,11.33
532,444679987,"00532M01:29:41.810","00532 01:42:43",192.81,894.35,,,,"     ",3.60,19.27,11.38
532,444679988,"00532M01:29:42.784","00532 01:42:44",192.85,894.42,,,,"     ",3.60,19.25,11.37
532,444679989,"00532M01:29:43.757","00532 01:42:45",192.91,894.49,,,,"     ",3.60,19.31,11.40
532,444679990,"00532M01:29:44.730","00532 01:42:46",192.96,894.35,,,,"     ",3.60,19.20,11.33
532,444679991,"00532M01:29:45.703","00532 01:42:47",193.01,894.41,,,,"     ",3.60,19.27,11.37
532,444679992,"00532M01:29:46.677","00532 01:42:48",193.05,894.34,,,,"     ",3.60,19.18,11.32
532,444679993,"00532M01:29:47.650","00532 01:42:49",193.08,894.35,,,,"     ",3.60,19.23,11.35
532,444679994,"00532M01:29:48.623","00532 01:42:50",193.10,894.53,,,,"     ",3.60,19.30,11.39
532,444679995,"00532M01:29:49.596","00532 01:42:51",193.13,894.44,,,,"     ",3.60,19.13,11.29
532,444679996,"00532M01:29:50.570","00532 01:42:52",193.15,894.44,,,,"     ",3.60,19.29,11.39
532,444679997,"00532M01:29:51.543","00532 01:42:53",193.17,894.42,,,,"     ",3.60,19.20,11.32
532,444679998,"00532M01:29:52.516","00532 01:42:54",193.19,894.49,,,,"     ",3.60,19.17,11.30
532,444679999,"00532M01:29:53.489","00532 01:42:55",193.21,894.49,,,,"     ",3.60,19.30,11.39
532,444680000,"00532M01:29:54.463","00532 01:42:56",193.23,894.42,,,,"     ",3.60,19.22,11.33
532,444680001,"00532M01:29:55.436","00532 01:42:57",193.24,894.33,,,,"     ",3.60,19.19,11.31
532,444680002,"00532M01:29:56.409","00532 01:42:58",193.25,894.62,,,,"     ",3.60,19.23,11.34
532,444680003,"00532M01:29:57.382","00532 01:42:59",193.26,894.49,,,,"     ",3.60,19.16,11.30
532,444680004,"00532M01:29:58.356","00532 01:43:00",193.26,894.47,,,,"     ",3.60,19.20,11.32
532,444680005,"00532M01:29:59.329","00532 01:43:01",193.26,894.57,,,,"     ",3.60,19.25,11.35
532,444680006,"00532M01:30:00.302","00532 01:43:02",193.26,894.35,,,,"     ",3.60,19.21,11.32
532,444680007,"00532M01:30:01.275","00532 01:43:03",193.26,894.41,,,,"     ",3.60,19.40,11.44
532,444680008,"00532M01:30:02.249","00532 01:43:04",193.26,894.48,,,,"     ",3.60,19.49,11.49
532,444680009,"00532M01:30:03.222","00532 01:43:05",193.26,894.48,,,,"     ",3.60,19.18,11.31
532,444680010,"00532M01:30:04.195","00532 01:43:05",193.26,894.51,,,,"     ",3.60,19.30,11.37
532,444680011,"00532M01:30:05.168","00532 01:43:06",193.27,894.49,,,,"     ",3.60,19.23,11.33
532,444680012,"00532M01:30:06.142","00532 01:43:07",193.27,894.47,,,,"     ",3.60,19.23,11.33
532,444680013,"00532M01:30:07.115","00532 01:43:08",193.28,894.53,,,,"     ",3.60,19.29,11.36
532,444680014,"00532M01:30:08.088","00532 01:43:09",193.30,894.47,,,,"     ",3.60,19.30,11.37
532,444680015,"00532M01:30:09.061","00532 01:43:10",193.33,894.56,,,,"     ",3.60,19.29,11.36
532,444680016,"00532M01:30:10.035","00532 01:43:11",193.37,894.47,,,,"     ",3.60,19.25,11.34
532,444680017,"00532M01:30:11.008","00532 01:43:12",193.41,894.44,,,,"     ",3.60,19.27,11.34
532,444680018,"00532M01:30:11.981","00532 01:43:13",193.46,894.46,,,,"     ",3.60,19.33,11.38
532,444680019,"00532M01:30:12.954","00532 01:43:14",193.51,894.55,,,,"     ",3.60,19.27,11.34
532,444680020,"00532M01:30:13.928","00532 01:43:15",193.57,894.57,,,,"     ",3.60,19.32,11.37
532,444680021,"00532M01:30:14.901","00532 01:43:16",193.62,894.50,,,,"     ",3.60,19.30,11.35
532,444680022,"00532M01:30:15.874","00532 01:43:17",193.69,894.48,,,,"     ",3.60,19.33,11.37
532,444680023,"00532M01:30:16.847","00532 01:43:18",193.76,894.54,,,,"     ",3.60,19.48,11.46
532,444680024,"00532M01:30:17.821","00532 01:43:19",193.83,894.46,,,,"     ",3.60,19.28,11.34
532,444680025,"00532M01:30:18.794","00532 01:43:20",193.91,894.51,,,,"     ",3.60,19.38,11.40
532,444680026,"00532M01:30:19.767","00532 01:43:21",193.98,894.49,,,,"     ",3.60,19.32,11.35
532,444680027,"00532M01:30:20.741","00532 01:43:22",194.04,894.46,,,,"     ",3.60,19.33,11.36
532,444680028,"00532M01:30:21.714","00532 01:43:23",194.10,894.50,,,,"     ",3.60,19.40,11.39
532,444680029,"00532M01:30:22.687","00532 01:43:24",194.15,894.51,,,,"     ",3.60,19.32,11.34
532,444680030,"00532M01:30:23.660","00532 01:43:25",194.20,894.41,,,,"     ",3.60,19.41,11.40
532,444680031,"00532M01:30:24.634","00532 01:43:26",194.23,894.52,,,,"     ",3.60,19.38,11.38
532,444680032,"00532M01:30:25.607","00532 01:43:27",194.25,894.48,,,,"     ",3.60,19.34,11.35
532,444680033,"00532M01:30:26.580","00532 01:43:28",194.26,894.48,,,,"     ",3.60,19.31,11.33
532,444680034,"00532M01:30:27.553","00532 01:43:29",194.26,894.38,,,,"     ",3.60,19.38,11.37
532,444680035,"00532M01:30:28.527","00532 01:43:30",194.25,894.51,,,,"     ",3.60,19.32,11.33
532,444680036,"00532M01:30:29.500","00532 01:43:31",194.24,894.52,,,,"     ",3.60,19.35,11.34
532,444680037,"00532M01:30:30.473","00532 01:43:32",194.23,894.59,,,,"     ",3.60,19.39,11.36
532,444680038,"00532M01:30:31.446","00532 01:43:33",194.21,894.48,,,,"     ",3.60,19.36,11.34
532,444680039,"00532M01:30:32.420","00532 01:43:34",194.20,894.51,,,,"     ",3.60,19.32,11.32
532,444680040,"00532M01:30:33.393","00532 01:43:35",194.20,894.54,,,,"     ",3.60,19.31,11.31
532,444680041,"00532M01:30:34.366","00532 01:43:36",194.21,894.47,,,,"     ",3.60,19.27,11.29
532,444680042,"00532M01:30:35.339","00532 01:43:37",194.23,894.52,,,,"     ",3.60,19.32,11.32
532,444680043,"00532M01:30:36.313","00532 01:43:38",194.26,894.41,,,,"     ",3.60,19.37,11.34
532,444680044,"00532M01:30:37.286","00532 01:43:39",194.30,894.39,,,,"     ",3.60,19.32,11.31
532,444680045,"00532M01:30:38.259","00532 01:43:40",194.36,894.39,,,,"     ",3.60,19.36,11.33
532,444680046,"00532M01:30:39.232","00532 01:43:41",194.41,894.31,,,,"     ",3.60,19.39,11.34
532,444680047,"00532M01:30:40.206","00532 01:43:42",194.46,894.46,,,,"     ",3.60,19.34,11.31
532,444680048,"00532M01:30:41.179","00532 01:43:42",194.52,894.51,,,,"     ",3.60,19.38,11.34
532,444680049,"00532M01:30:42.152","00532 01:43:43",194.57,894.62,,,,"     ",3.60,19.48,11.40
532,444680050,"00532M01:30:43.125","00532 01:43:44",194.62,894.65,,,,"     ",3.60,19.33,11.30
532,444680051,"00532M01:30:44.099","00532 01:43:45",194.67,894.68,,,,"     ",3.60,19.59,11.45
532,444680052,"00532M01:30:45.072","00532 01:43:46",194.72,894.53,,,,"     ",3.60,19.33,11.30
532,444680053,"00532M01:30:46.045","00532 01:43:47",194.76,894.52,,,,"     ",3.60,19.36,11.31
532,444680054,"00532M01:30:47.018","00532 01:43:48",194.81,894.52,,,,"     ",3.60,19.39,11.33
532,444680055,"00532M01:30:47.992","00532 01:43:49",194.85,894.52,,,,"     ",3.60,19.32,11.28
532,444680056,"00532M01:30:48.965","00532 01:43:50",194.90,894.52,,,,"     ",3.60,19.40,11.33
532,444680057,"00532M01:30:49.938","00532 01:43:51",194.94,894.44,,,,"     ",3.60,19.38,11.32
532,444680058,"00532M01:30:50.911","00532 01:43:52",194.99,894.55,,,,"     ",3.60,19.44,11.35
532,444680059,"00532M01:30:51.885","00532 01:43:53",195.03,894.51,,,,"     ",3.60,19.42,11.33
532,444680060,"00532M01:30:52.858","00532 01:43:54",195.07,894.43,,,,"     ",3.60,19.39,11.32
532,444680061,"00532M01:30:53.831","00532 01:43:55",195.11,894.50,,,,"     ",3.60,19.33,11.28
532,444680062,"00532M01:30:54.804","00532 01:43:56",195.15,894.51,,,,"     ",3.60,19.34,11.28
532,444680063,"00532M01:30:55.778","00532 01:43:57",195.19,894.60,,,,"     ",3.60,19.39,11.31
532,444680064,"00532M01:30:56.751","00532 01:43:58",195.23,894.56,,,,"     ",3.60,19.35,11.29
532,444680065,"00532M01:30:57.724","00532 01:43:59",195.26,894.60,,,,"     ",3.60,19.38,11.30
532,444680066,"00532M01:30:58.697","00532 01:44:00",194.37,894.63,,,,"     ",3.60,19.39,11.30
532,444680067,"00532M01:30:59.671","00532 01:44:01",194.47,894.56,,,,"     ",3.60,19.37,11.29
532,444680068,"00532M01:31:00.644","00532 01:44:02",194.57,894.59,,,,"     ",3.60,19.40,11.30
532,444680069,"00532M01:31:01.617","00532 01:44:03",194.67,894.66,,,,"     ",3.60,19.36,11.28
532,444680070,"00532M01:31:02.590","00532 01:44:04",194.76,894.69,,,,"     ",3.60,19.47,11.35
532,444680071,"00532M01:31:03.564","00532 01:44:05",194.84,894.67,,,,"     ",3.60,19.55,11.39
532,444680072,"00532M01:31:04.537","00532 01:44:06",194.92,894.60,,,,"     ",3.60,19.44,11.32
532,444680073,"00532M01:31:05.510","00532 01:44:07",194.99,894.59,,,,"     ",3.60,19.53,11.37
532,444680074,"00532M01:31:06.483","00532 01:44:08",195.05,894.48,,,,"     ",3.60,19.45,11.32
532,444680075,"00532M01:31:07.457","00532 01:44:09",195.10,894.49,,,,"     ",3.60,19.22,11.19
532,444680076,"00532M01:31:08.430","00532 01:44:10",195.16,894.52,,,,"     ",3.60,19.38,11.27
532,444680077,"00532M01:31:09.403","00532 01:44:11",195.20,894.58,,,,"     ",3.60,19.45,11.32
532,444680078,"00532M01:31:10.376","00532 01:44:12",195.25,894.59,,,,"     ",3.60,19.42,11.30
532,444680079,"00532M01:31:11.350","00532 01:44:13",195.28,894.53,,,,"     ",3.60,19.47,11.32
532,444680080,"00532M01:31:12.323","00532 01:44:14",195.29,894.52,,,,"     ",3.60,19.44,11.31
532,444680081,"00532M01:31:13.296","00532 01:44:15",195.24,894.57,,,,"     ",3.60,19.37,11.26
532,444680082,"00532M01:31:14.269","00532 01:44:16",195.17,894.62,,,,"     ",3.60,19.49,11.34
532,444680083,"00532M01:31:15.243","00532 01:44:17",195.07,894.59,,,,"     ",3.60,19.43,11.29
532,444680084,"00532M01:31:16.216","00532 01:44:18",194.96,894.60,,,,"     ",3.60,19.45,11.30
532,444680085,"00532M01:31:17.189","00532 01:44:18",194.86,894.63,,,,"     ",3.60,19.49,11.32
532,444680086,"00532M01:31:18.162","00532 01:44:19",194.75,894.60,,,,"     ",3.60,19.57,11.37
532,444680087,"00532M01:31:19.136","00532 01:44:20",194.65,894.62,,,,"     ",3.60,19.49,11.32
532,444680088,"00532M01:31:20.109","00532 01:44:21",194.56,894.59,,,,"     ",3.60,19.47,11.31
532,444680089,"00532M01:31:21.082","00532 01:44:22",194.48,894.64,,,,"     ",3.60,19.44,11.29
532,444680090,"00532M01:31:22.055","00532 01:44:23",194.42,894.55,,,,"     ",3.60,19.57,11.37
532,444680091,"00532M01:31:23.029","00532 01:44:24",194.40,894.53,,,,"     ",3.60,19.51,11.33
532,444680092,"00532M01:31:24.002","00532 01:44:25",194.42,894.53,,,,"     ",3.60,19.49,11.31
532,444680093,"00532M01:31:24.975","00532 01:44:26",194.49,894.72,,,,"     ",3.60,19.53,11.34
532,444680094,"00532M01:31:25.948","00532 01:44:27",194.60,894.67,,,,"     ",3.60,19.43,11.28
532,444680095,"00532M01:31:26.922","00532 01:44:28",194.71,894.59,,,,"     ",3.60,19.45,11.28
532,444680096,"00532M01:31:27.895","00532 01:44:29",194.81,894.63,,,,"     ",3.60,19.41,11.26
532,444680097,"00532M01:31:28.868","00532 01:44:30",194.88,894.48,,,,"     ",3.60,19.42,11.26
532,444680098,"00532M01:31:29.841","00532 01:44:31",194.93,894.60,,,,"     ",3.60,19.49,11.31
532,444680099,"00532M01:31:30.815","00532 01:44:32",194.93,894.68,,,,"     ",3.60,19.54,11.34
532,444680100,"00532M01:31:31.788","00532 01:44:33",194.93,894.61,,,,"     ",3.60,19.53,11.33
532,444680101,"00532M01:31:32.761","00532 01:44:34",194.91,894.65,,,,"     ",3.60,19.43,11.27
532,444680102,"00532M01:31:33.735","00532 01:44:35",194.90,894.61,,,,"     ",3.60,19.73,11.46
532,444680103,"00532M01:31:34.708","00532 01:44:36",194.88,894.53,,,,"     ",3.60,19.50,11.31
532,444680104,"00532M01:31:35.681","00532 01:44:37",194.86,894.58,,,,"     ",3.60,19.54,11.32
532,444680105,"00532M01:31:36.654","00532 01:44:38",194.86,894.70,,,,"     ",3.60,19.54,11.33
532,444680106,"00532M01:31:37.628","00532 01:44:39",194.86,894.65,,,,"     ",3.60,19.46,11.28
532,444680107,"00532M01:31:38.601","00532 01:44:40",194.86,894.60,,,,"     ",3.60,19.51,11.31
532,444680108,"00532M01:31:39.574","00532 01:44:41",194.86,894.69,,,,"     ",3.60,19.55,11.33
532,444680109,"00532M01:31:40.547","00532 01:44:42",194.86,894.63,,,,"     ",3.60,19.50,11.30
532,444680110,"00532M01:31:41.521","00532 01:44:43",194.89,894.65,,,,"     ",3.60,19.47,11.28
532,444680111,"00532M01:31:42.494","00532 01:44:44",194.93,894.64,,,,"     ",3.60,19.45,11.26
532,444680112,"00532M01:31:43.467","00532 01:44:45",194.98,894.64,,,,"     ",3.60,19.57,11.34
532,444680113,"00532M01:31:44.440","00532 01:44:46",195.04,894.57,,,,"     ",3.60,19.54,11.32
532,444680114,"00532M01:31:45.414","00532 01:44:47",195.08,894.57,,,,"     ",3.60,19.63,11.37
532,444680115,"00532M01:31:46.387","00532 01:44:48",195.10,894.57,,,,"     ",3.60,19.52,11.30
532,444680116,"00532M01:31:47.360","00532 01:44:49",195.11,894.61,,,,"     ",3.60,19.50,11.29
532,444680117,"00532M01:31:48.333","00532 01:44:50",195.14,894.59,,,,"     ",3.60,19.51,11.29
532,444680118,"00532M01:31:49.307","00532 01:44:51",195.19,894.64,,,,"     ",3.60,19.58,11.33
532,444680119,"00532M01:31:50.280","00532 01:44:52",195.27,894.70,,,,"     ",3.60,19.54,11.31
532,444680120,"00532M01:31:51.253","00532 01:44:53",195.37,894.70,,,,"     ",3.60,19.55,11.31
532,444680121,"00532M01:31:52.226","00532 01:44:54",195.47,894.64,,,,"     ",3.60,19.59,11.33
532,444680122,"00532M01:31:53.200","00532 01:44:55",195.54,894.60,,,,"     ",3.60,19.56,11.31
532,444680123,"00532M01:31:54.173","00532 01:44:55",195.58,894.60,,,,"     ",3.60,19.51,11.27
532,444680124,"00532M01:31:55.146","00532 01:44:56",195.60,894.59,,,,"     ",3.60,19.52,11.28
532,444680125,"00532M01:31:56.119","00532 01:44:57",195.60,894.66,,,,"     ",3.60,19.57,11.31
532,444680126,"00532M01:31:57.093","00532 01:44:58",195.61,894.66,,,,"     ",3.60,19.58,11.31
532,444680127,"00532M01:31:58.066","00532 01:44:59",195.64,894.61,,,,"     ",3.60,19.59,11.32
532,444680128,"00532M01:31:59.039","00532 01:45:00",195.68,894.61,,,,"     ",3.60,19.53,11.28
532,444680129,"00532M01:32:00.012","00532 01:45:01",195.72,894.60,,,,"     ",3.60,19.51,11.26
532,444680130,"00532M01:32:00.986","00532 01:45:02",195.75,894.65,,,,"     ",3.60,19.52,11.27
532,444680131,"00532M01:32:01.959","00532 01:45:03",195.78,894.60,,,,"     ",3.60,19.58,11.30
532,444680132,"00532M01:32:02.932","00532 01:45:04",195.80,894.60,,,,"     ",3.60,19.57,11.29
532,444680133,"00532M01:32:03.905","00532 01:45:05",195.83,894.63,,,,"     ",3.60,19.65,11.34
532,444680134,"00532M01:32:04.879","00532 01:45:06",195.88,894.67,,,,"     ",3.60,19.61,11.31
532,444680135,"00532M01:32:05.852","00532 01:45:07",195.94,894.73,,,,"     ",3.60,19.55,11.27
532,444680136,"00532M01:32:06.825","00532 01:45:08",196.04,894.61,,,,"     ",3.60,19.49,11.23
532,444680137,"00532M01:32:07.798","00532 01:45:09",196.14,894.54,,,,"     ",3.60,19.58,11.28
532,444680138,"00532M01:32:08.772","00532 01:45:10",196.24,894.57,,,,"     ",3.60,19.15,11.03
532,444680139,"00532M01:32:09.745","00532 01:45:11",196.33,894.70,,,,"     ",3.60,19.54,11.26
532,444680140,"00532M01:32:10.718","00532 01:45:12",196.40,894.71,,,,"     ",3.60,19.55,11.26
532,444680141,"00532M01:32:11.691","00532 01:45:13",196.44,894.81,,,,"     ",3.60,19.58,11.28
532,444680142,"00532M01:32:12.665","00532 01:45:14",196.47,895.02,,,,"     ",3.60,19.57,11.27
532,444680143,"00532M01:32:13.638","00532 01:45:15",196.50,894.72,,,,"     ",3.60,19.59,11.28
532,444680144,"00532M01:32:14.611","00532 01:45:16",196.54,894.69,,,,"     ",3.60,19.52,11.24
532,444680145,"00532M01:32:15.584","00532 01:45:17",196.61,894.73,,,,"     ",3.60,19.46,11.19
532,444680146,"00532M01:32:16.558","00532 01:45:18",196.66,894.67,,,,"     ",3.60,19.56,11.25
532,444680147,"00532M01:32:17.531","00532 01:45:19",196.69,894.64,,,,"     ",3.60,19.50,11.22
532,444680148,"00532M01:32:18.504","00532 01:45:20",196.68,894.60,,,,"     ",3.60,19.69,11.33
532,444680149,"00532M01:32:19.477","00532 01:45:21",196.62,894.64,,,,"     ",3.60,19.60,11.27
532,444680150,"00532M01:32:20.451","00532 01:45:22",196.53,894.68,,,,"     ",3.60,19.65,11.29
532,444680151,"00532M01:32:21.424","00532 01:45:23",196.42,894.74,,,,"     ",3.60,19.63,11.28
532,444680152,"00532M01:32:22.397","00532 01:45:24",196.30,894.66,,,,"     ",3.60,19.62,11.28
532,444680153,"00532M01:32:23.370","00532 01:45:25",196.19,894.75,,,,"     ",3.60,19.60,11.26
532,444680154,"00532M01:32:24.344","00532 01:45:26",196.07,894.75,,,,"     ",3.60,19.59,11.26
532,444680155,"00532M01:32:25.317","00532 01:45:27",195.96,894.76,,,,"     ",3.60,19.63,11.28
532,444680156,"00532M01:32:26.290","00532 01:45:28",195.87,894.68,,,,"     ",3.60,19.51,11.20
532,444680157,"00532M01:32:27.263","00532 01:45:29",195.79,894.66,,,,"     ",3.60,19.61,11.26
532,444680158,"00532M01:32:28.237","00532 01:45:30",195.74,894.59,,,,"     ",3.60,19.58,11.24
532,444680159,"00532M01:32:29.210","00532 01:45:31",195.73,894.59,,,,"     ",3.60,19.67,11.29
532,444680160,"00532M01:32:30.183","00532 01:45:31",195.77,894.67,,,,"     ",3.60,19.64,11.27
532,444680161,"00532M01:32:31.156","00532 01:45:32",195.85,894.59,,,,"     ",3.60,19.64,11.27
532,444680162,"00532M01:32:32.130","00532 01:45:33",195.96,894.67,,,,"     ",3.60,19.62,11.26
532,444680163,"00532M01:32:33.103","00532 01:45:34",196.09,894.70,,,,"     ",3.60,19.68,11.30
532,444680164,"00532M01:32:34.076","00532 01:45:35",196.22,894.72,,,,"     ",3.60,19.55,11.22
532,444680165,"00532M01:32:35.049","00532 01:45:36",196.35,894.74,,,,"     ",3.60,19.65,11.28
532,444680166,"00532M01:32:36.023","00532 01:45:37",196.47,894.82,,,,"     ",3.60,19.55,11.21
532,444680167,"00532M01:32:36.996","00532 01:45:38",196.56,894.85,,,,"     ",3.60,19.61,11.25
532,444680168,"00532M01:32:37.969","00532 01:45:39",196.64,894.75,,,,"     ",3.60,19.61,11.24
532,444680169,"00532M01:32:38.942","00532 01:45:40",196.73,894.72,,,,"     ",3.60,19.71,11.31
532,444680170,"00532M01:32:39.916","00532 01:45:41",196.82,894.83,,,,"     ",3.60,19.60,11.24
532,444680171,"00532M01:32:40.889","00532 01:45:42",196.92,894.64,,,,"     ",3.60,19.62,11.25
532,444680172,"00532M01:32:41.862","00532 01:45:43",197.01,894.66,,,,"     ",3.60,19.65,11.26
532,444680173,"00532M01:32:42.836","00532 01:45:44",197.09,894.69,,,,"     ",3.60,19.67,11.27
532,444680174,"00532M01:32:43.809","00532 01:45:45",197.14,894.70,,,,"     ",3.60,19.63,11.25
532,444680175,"00532M01:32:44.782","00532 01:45:46",197.17,894.68,,,,"     ",3.60,19.63,11.24
532,444680176,"00532M01:32:45.755","00532 01:45:47",197.20,894.70,,,,"     ",3.60,19.64,11.25
532,444680177,"00532M01:32:46.729","00532 01:45:48",197.23,894.68,,,,"     ",3.60,19.66,11.26
532,444680178,"00532M01:32:47.702","00532 01:45:49",197.26,894.69,,,,"     ",3.60,19.64,11.25
532,444680179,"00532M01:32:48.675","00532 01:45:50",197.32,894.79,,,,"     ",3.60,19.57,11.20
532,444680180,"00532M01:32:49.648","00532 01:45:51",197.37,894.74,,,,"     ",3.60,19.62,11.23
532,444680181,"00532M01:32:50.622","00532 01:45:52",197.41,894.72,,,,"     ",3.60,19.59,11.21
532,444680182,"00532M01:32:51.595","00532 01:45:53",197.42,894.72,,,,"     ",3.60,19.62,11.23
532,444680183,"00532M01:32:52.568","00532 01:45:54",197.39,894.68,,,,"     ",3.60,19.66,11.25
532,444680184,"00532M01:32:53.541","00532 01:45:55",197.33,894.66,,,,"     ",3.60,19.63,11.23
532,444680185,"00532M01:32:54.515","00532 01:45:56",197.27,894.86,,,,"     ",3.60,19.60,11.21
532,444680186,"00532M01:32:55.488","00532 01:45:57",197.20,894.77,,,,"     ",3.60,19.61,11.21
532,444680187,"00532M01:32:56.461","00532 01:45:58",197.16,894.75,,,,"     ",3.60,19.65,11.23
532,444680188,"00532M01:32:57.434","00532 01:45:59",197.16,894.74,,,,"     ",3.60,19.68,11.25
532,444680189,"00532M01:32:58.408","00532 01:46:00",197.18,894.71,,,,"     ",3.60,19.83,11.33
532,444680190,"00532M01:32:59.381","00532 01:46:01",197.22,894.63,,,,"     ",3.60,19.72,11.26
532,444680191,"00532M01:33:00.354","00532 01:46:02",197.26,894.63,,,,"     ",3.60,19.62,11.21
532,444680192,"00532M01:33:01.327","00532 01:46:03",197.31,894.66,,,,"     ",3.60,19.78,11.29
532,444680193,"00532M01:33:02.301","00532 01:46:04",197.37,894.69,,,,"     ",3.60,19.71,11.25
532,444680194,"00532M01:33:03.274","00532 01:46:05",197.45,894.70,,,,"     ",3.60,19.67,11.23
532,444680195,"00532M01:33:04.247","00532 01:46:06",197.53,894.73,,,,"     ",3.60,19.69,11.24
532,444680196,"00532M01:33:05.220","00532 01:46:07",197.62,894.84,,,,"     ",3.60,19.71,11.25
532,444680197,"00532M01:33:06.194","00532 01:46:08",197.70,894.77,,,,"     ",3.60,20.01,11.41
532,444680198,"00532M01:33:07.167","00532 01:46:08",197.33,894.71,,,,"     ",3.60,19.68,11.22
532,444680199,"00532M01:33:08.140","00532 01:46:09",197.43,894.79,,,,"     ",3.60,19.64,11.20
532,444680200,"00532M01:33:09.113","00532 01:46:10",197.52,894.76,,,,"     ",3.60,19.69,11.22
532,444680201,"00532M01:33:10.087","00532 01:46:11",197.56,894.78,,,,"     ",3.60,19.70,11.23
532,444680202,"00532M01:33:11.060","00532 01:46:12",197.57,894.71,,,,"     ",3.60,19.68,11.21
532,444680203,"00532M01:33:12.033","00532 01:46:13",197.53,894.78,,,,"     ",3.60,19.64,11.19
532,444680204,"00532M01:33:13.006","00532 01:46:14",197.81,894.67,,,,"     ",3.60,19.77,11.25
532,444680205,"00532M01:33:13.980","00532 01:46:15",197.66,894.73,,,,"     ",3.60,19.77,11.25
532,444680206,"00532M01:33:14.953","00532 01:46:16",197.49,894.75,,,,"     ",3.60,19.71,11.21
532,444680207,"00532M01:33:15.926","00532 01:46:17",197.32,894.81,,,,"     ",3.60,19.74,11.23
532,444680208,"00532M01:33:16.899","00532 01:46:18",197.18,894.70,,,,"     ",3.60,19.68,11.20
532,444680209,"00532M01:33:17.873","00532 01:46:19",197.07,894.84,,,,"     ",3.60,19.78,11.25
532,444680210,"00532M01:33:18.846","00532 01:46:20",197.00,894.74,,,,"     ",3.60,19.73,11.22
532,444680211,"00532M01:33:19.819","00532 01:46:21",196.96,894.77,,,,"     ",3.60,19.71,11.21
532,444680212,"00532M01:33:20.792","00532 01:46:22",196.95,894.77,,,,"     ",3.60,19.75,11.23
532,444680213,"00532M01:33:21.766","00532 01:46:23",196.93,894.77,,,,"     ",3.60,19.75,11.23
532,444680214,"00532M01:33:22.739","00532 01:46:24",196.93,894.70,,,,"     ",3.60,19.80,11.25
532,444680215,"00532M01:33:23.712","00532 01:46:25",196.93,894.69,,,,"     ",3.60,19.76,11.23
532,444680216,"00532M01:33:24.685","00532 01:46:26",196.93,894.75,,,,"     ",3.60,19.80,11.25
532,444680217,"00532M01:33:25.659","00532 01:46:27",196.92,894.84,,,,"     ",3.60,19.76,11.23
532,444680218,"00532M01:33:26.632","00532 01:46:28",196.89,894.75,,,,"     ",3.60,19.73,11.21
532,444680219,"00532M01:33:27.605","00532 01:46:29",196.85,894.74,,,,"     ",3.60,19.82,11.26
532,444680220,"00532M01:33:28.578","00532 01:46:30",196.79,894.83,,,,"     ",3.60,19.75,11.22
532,444680221,"00532M01:33:29.552","00532 01:46:31",196.70,894.80,,,,"     ",3.60,19.73,11.20
532,444680222,"00532M01:33:30.525","00532 01:46:32",196.60,894.76,,,,"     ",3.60,19.76,11.22
532,444680223,"00532M01:33:31.498","00532 01:46:33",196.49,894.75,,,,"     ",3.60,19.74,11.21
532,444680224,"00532M01:33:32.471","00532 01:46:34",196.40,894.66,,,,"     ",3.60,19.74,11.21
532,444680225,"00532M01:33:33.445","00532 01:46:35",196.35,894.67,,,,"     ",3.60,19.84,11.26
532,444680226,"00532M01:33:34.418","00532 01:46:36",196.34,894.72,,,,"     ",3.60,19.74,11.20
532,444680227,"00532M01:33:35.391","00532 01:46:37",196.35,894.75,,,,"     ",3.60,19.69,11.18
532,444680228,"00532M01:33:36.364","00532 01:46:38",196.36,894.75,,,,"     ",3.60,19.70,11.18
532,444680229,"00532M01:33:37.338","00532 01:46:39",196.36,894.81,,,,"     ",3.60,19.98,11.34
532,444680230,"00532M01:33:38.311","00532 01:46:40",196.33,894.76,,,,"     ",3.60,19.73,11.19
532,444680231,"00532M01:33:39.284","00532 01:46:41",196.29,894.86,,,,"     ",3.60,19.79,11.23
532,444680232,"00532M01:33:40.257","00532 01:46:42",196.21,894.79,,,,"     ",3.60,19.75,11.21
532,444680233,"00532M01:33:41.231","00532 01:46:43",196.12,894.65,,,,"     ",3.60,19.25,10.91
532,444680234,"00532M01:33:42.204","00532 01:46:44",196.03,894.86,,,,"     ",3.60,19.72,11.19
532,444680235,"00532M01:33:43.177","00532 01:46:44",195.95,894.76,,,,"     ",3.60,19.72,11.18
532,444680236,"00532M01:33:44.150","00532 01:46:45",195.90,894.73,,,,"     ",3.60,19.79,11.23
532,444680237,"00532M01:33:45.124","00532 01:46:46",195.87,894.91,,,,"     ",3.60,19.79,11.23
532,444680238,"00532M01:33:46.097","00532 01:46:47",195.84,894.73,,,,"     ",3.60,19.76,11.21
532,444680239,"00532M01:33:47.070","00532 01:46:48",195.80,894.72,,,,"     ",3.60,19.72,11.18
532,444680240,"00532M01:33:48.043","00532 01:46:49",195.76,894.82,,,,"     ",3.60,19.83,11.25
532,444680241,"00532M01:33:49.017","00532 01:46:50",195.71,894.71,,,,"     ",3.60,19.82,11.25
532,444680242,"00532M01:33:49.990","00532 01:46:51",195.66,894.66,,,,"     ",3.60,19.76,11.20
532,444680243,"00532M01:33:50.963","00532 01:46:52",195.63,894.74,,,,"     ",3.60,19.80,11.23
532,444680244,"00532M01:33:51.937","00532 01:46:53",195.60,894.79,,,,"     ",3.60,19.81,11.24
532,444680245,"00532M01:33:52.910","00532 01:46:54",195.60,894.79,,,,"     ",3.60,19.73,11.19
532,444680246,"00532M01:33:53.883","00532 01:46:55",195.59,894.80,,,,"     ",3.60,19.75,11.20
532,444680247,"00532M01:33:54.856","00532 01:46:56",195.58,894.79,,,,"     ",3.60,19.73,11.19
532,444680248,"00532M01:33:55.830","00532 01:46:57",195.54,894.77,,,,"     ",3.60,19.80,11.23
532,444680249,"00532M01:33:56.803","00532 01:46:58",195.49,894.81,,,,"     ",3.60,19.77,11.21
532,444680250,"00532M01:33:57.776","00532 01:46:59",195.45,894.78,,,,"     ",3.60,19.79,11.23
532,444680251,"00532M01:33:58.749","00532 01:47:00",195.44,894.84,,,,"     ",3.60,19.73,11.19
532,444680252,"00532M01:33:59.723","00532 01:47:01",195.47,894.81,,,,"     ",3.60,19.83,11.25
532,444680253,"00532M01:34:00.696","00532 01:47:02",195.53,894.82,,,,"     ",3.60,19.85,11.26
532,444680254,"00532M01:34:01.669","00532 01:47:03",195.61,894.81,,,,"     ",3.60,19.74,11.20
532,444680255,"00532M01:34:02.642","00532 01:47:04",195.69,894.80,,,,"     ",3.60,19.72,11.19
532,444680256,"00532M01:34:03.616","00532 01:47:05",195.76,894.75,,,,"     ",3.60,19.82,11.24
532,444680257,"00532M01:34:04.589","00532 01:47:06",195.83,894.79,,,,"     ",3.60,19.80,11.23
532,444680258,"00532M01:34:05.562","00532 01:47:07",195.89,894.77,,,,"     ",3.60,19.78,11.22
532,444680259,"00532M01:34:06.535","00532 01:47:08",195.93,894.91,,,,"     ",3.60,19.73,11.19
532,444680260,"00532M01:34:07.509","00532 01:47:09",195.95,894.91,,,,"     ",3.60,19.68,11.16
532,444680261,"00532M01:34:08.482","00532 01:47:10",195.95,894.83,,,,"     ",3.60,19.75,11.20
532,444680262,"00532M01:34:09.455","00532 01:47:11",195.95,894.85,,,,"     ",3.60,19.79,11.23
532,444680263,"00532M01:34:10.428","00532 01:47:12",195.95,894.82,,,,"     ",3.60,19.62,11.13
532,444680264,"00532M01:34:11.402","00532 01:47:13",195.93,894.85,,,,"     ",3.60,19.75,11.20
532,444680265,"00532M01:34:12.375","00532 01:47:14",195.90,894.84,,,,"     ",3.60,19.54,11.09
532,444680266,"00532M01:34:13.348","00532 01:47:15",195.84,894.85,,,,"     ",3.60,19.69,11.17
532,444680267,"00532M01:34:14.321","00532 01:47:16",195.77,894.86,,,,"     ",3.60,19.80,11.23
532,444680268,"00532M01:34:15.295","00532 01:47:17",195.67,894.87,,,,"     ",3.60,19.82,11.24
532,444680269,"00532M01:34:16.268","00532 01:47:18",195.58,894.85,,,,"     ",3.60,19.77,11.22
532,444680270,"00532M01:34:17.241","00532 01:47:19",195.49,894.89,,,,"     ",3.60,19.81,11.24
532,444680271,"00532M01:34:18.214","00532 01:47:20",195.42,894.85,,,,"     ",3.60,19.73,11.19
532,444680272,"00532M01:34:19.188","00532 01:47:21",195.37,894.90,,,,"     ",3.60,19.74,11.20
532,444680273,"00532M01:34:20.161","00532 01:47:21",195.33,894.94,,,,"     ",3.60,19.75,11.21
532,444680274,"00532M01:34:21.134","00532 01:47:22",195.29,894.90,,,,"     ",3.60,19.77,11.22
532,444680275,"00532M01:34:22.107","00532 01:47:23",195.26,894.91,,,,"     ",3.60,19.84,11.26
532,444680276,"00532M01:34:23.081","00532 01:47:24",195.23,894.84,,,,"     ",3.60,19.78,11.22
532,444680277,"00532M01:34:24.054","00532 01:47:25",195.21,894.86,,,,"     ",3.60,19.80,11.23
532,444680278,"00532M01:34:25.027","00532 01:47:26",195.20,894.84,,,,"     ",3.60,19.76,11.21
532,444680279,"00532M01:34:26.000","00532 01:47:27",195.18,894.81,,,,"     ",3.60,19.79,11.22
532,444680280,"00532M01:34:26.974","00532 01:47:28",195.16,894.75,,,,"     ",3.60,19.81,11.24
532,444680281,"00532M01:34:27.947","00532 01:47:29",195.15,894.98,,,,"     ",3.60,19.75,11.20
532,444680282,"00532M01:34:28.920","00532 01:47:30",195.15,894.89,,,,"     ",3.60,19.76,11.21
532,444680283,"00532M01:34:29.893","00532 01:47:31",195.17,894.91,,,,"     ",3.60,19.69,11.16
532,444680284,"00532M01:34:30.867","00532 01:47:32",195.20,894.95,,,,"     ",3.60,19.74,11.20
532,444680285,"00532M01:34:31.840","00532 01:47:33",195.23,895.01,,,,"     ",3.60,20.04,11.37
532,444680286,"00532M01:34:32.813","00532 01:47:34",195.25,894.77,,,,"     ",3.60,19.80,11.23
532,444680287,"00532M01:34:33.786","00532 01:47:35",195.28,894.78,,,,"     ",3.60,19.80,11.23
532,444680288,"00532M01:34:34.760","00532 01:47:36",195.33,894.91,,,,"     ",3.60,19.76,11.21
532,444680289,"00532M01:34:35.733","00532 01:47:37",195.37,894.90,,,,"     ",3.60,19.74,11.19
532,444680290,"00532M01:34:36.706","00532 01:47:38",195.41,894.91,,,,"     ",3.60,19.78,11.22
532,444680291,"00532M01:34:37.679","00532 01:47:39",195.45,894.90,,,,"     ",3.60,19.85,11.26
532,444680292,"00532M01:34:38.653","00532 01:47:40",195.50,894.95,,,,"     ",3.60,19.81,11.23
532,444680293,"00532M01:34:39.626","00532 01:47:41",195.54,894.95,,,,"     ",3.60,19.81,11.24
532,444680294,"00532M01:34:40.599","00532 01:47:42",195.56,894.94,,,,"     ",3.60,19.69,11.17
532,444680295,"00532M01:34:41.572","00532 01:47:43",195.55,894.93,,,,"     ",3.60,19.71,11.18
532,444680296,"00532M01:34:42.546","00532 01:47:44",195.50,894.99,,,,"     ",3.60,19.78,11.22
532,444680297,"00532M01:34:43.519","00532 01:47:45",195.42,894.86,,,,"     ",3.60,19.55,11.09
532,444680298,"00532M01:34:44.492","00532 01:47:46",195.32,894.99,,,,"     ",3.60,19.78,11.22
532,444680299,"00532M01:34:45.465","00532 01:47:47",195.21,894.90,,,,"     ",3.60,19.87,11.27
532,444680300,"00532M01:34:46.439","00532 01:47:48",195.13,894.96,,,,"     ",3.60,19.74,11.19
532,444680301,"00532M01:34:47.412","00532 01:47:49",195.07,894.92,,,,"     ",3.60,19.77,11.21
532,444680302,"00532M01:34:48.385","00532 01:47:50",195.05,894.93,,,,"     ",3.60,19.79,11.22
532,444680303,"00532M01:34:49.358","00532 01:47:51",195.06,894.91,,,,"     ",3.60,19.83,11.24
532,444680304,"00532M01:34:50.332","00532 01:47:52",195.10,894.91,,,,"     ",3.60,19.83,11.25
532,444680305,"00532M01:34:51.305","00532 01:47:53",195.15,894.95,,,,"     ",3.60,19.79,11.21
532,444680306,"00532M01:34:52.278","00532 01:47:54",195.21,894.90,,,,"     ",3.60,19.75,11.20
532,444680307,"00532M01:34:53.251","00532 01:47:55",195.28,894.96,,,,"     ",3.60,19.78,11.21
532,444680308,"00532M01:34:54.225","00532 01:47:56",195.36,894.90,,,,"     ",3.60,19.79,11.21
532,444680309,"00532M01:34:55.198","00532 01:47:57",195.46,895.00,,,,"     ",3.60,19.76,11.19
532,444680310,"00532M01:34:56.171","00532 01:47:57",195.57,895.01,,,,"     ",3.60,19.76,11.19
532,444680311,"00532M01:34:57.144","00532 01:47:58",195.70,894.99,,,,"     ",3.60,19.80,11.22
532,444680312,"00532M01:34:58.118","00532 01:47:59",195.85,894.90,,,,"     ",3.60,19.77,11.20
532,444680313,"00532M01:34:59.091","00532 01:48:00",196.01,894.93,,,,"     ",3.60,19.77,11.20
532,444680314,"00532M01:35:00.064","00532 01:48:01",196.16,894.96,,,,"     ",3.60,19.73,11.17
532,444680315,"00532M01:35:01.038","00532 01:48:02",196.27,895.00,,,,"     ",3.60,19.78,11.21
532,444680316,"00532M01:35:02.011","00532 01:48:03",196.35,895.02,,,,"     ",3.60,19.84,11.24
532,444680317,"00532M01:35:02.984","00532 01:48:04",196.43,894.95,,,,"     ",3.60,19.67,11.14
532,444680318,"00532M01:35:03.957","00532 01:48:05",196.50,894.95,,,,"     ",3.60,19.81,11.22
532,444680319,"00532M01:35:04.931","00532 01:48:06",196.57,894.93,,,,"     ",3.60,19.80,11.21
532,444680320,"00532M01:35:05.904","00532 01:48:07",196.62,894.94,,,,"     ",3.60,19.82,11.21
532,444680321,"00532M01:35:06.877","00532 01:48:08",196.64,894.92,,,,"     ",3.60,19.85,11.23
532,444680322,"00532M01:35:07.850","00532 01:48:09",196.62,894.91,,,,"     ",3.60,19.76,11.18
532,444680323,"00532M01:35:08.824","00532 01:48:10",196.54,894.89,,,,"     ",3.60,19.85,11.23
532,444680324,"00532M01:35:09.797","00532 01:48:11",196.40,894.87,,,,"     ",3.60,19.81,11.21
532,444680325,"00532M01:35:10.770","00532 01:48:12",196.22,894.86,,,,"     ",3.60,19.78,11.18
532,444680326,"00532M01:35:11.743","00532 01:48:13",196.03,894.81,,,,"     ",3.60,19.77,11.18
532,444680327,"00532M01:35:12.717","00532 01:48:14",195.84,894.85,,,,"     ",3.60,19.73,11.15
532,444680328,"00532M01:35:13.690","00532 01:48:15",195.67,894.81,,,,"     ",3.60,19.76,11.17
532,444680329,"00532M01:35:14.663","00532 01:48:16",195.54,894.84,,,,"     ",3.60,19.46,11.00
532,444680330,"00532M01:35:15.636","00532 01:48:17",195.45,894.96,,,,"     ",3.60,19.81,11.20
532,444680331,"00532M01:35:16.610","00532 01:48:18",195.42,894.90,,,,"     ",3.60,19.84,11.20
532,444680332,"00532M01:35:17.583","00532 01:48:19",195.44,895.01,,,,"     ",3.60,19.83,11.20
532,444680333,"00532M01:35:18.556","00532 01:48:20",195.51,894.95,,,,"     ",3.60,19.86,11.22
532,444680334,"00532M01:35:19.529","00532 01:48:21",195.62,894.91,,,,"     ",3.60,19.81,11.19
532,444680335,"00532M01:35:20.503","00532 01:48:22",195.75,894.99,,,,"     ",3.60,19.71,11.12
532,444680336,"00532M01:35:21.476","00532 01:48:23",195.90,894.96,,,,"     ",3.60,19.85,11.20
532,444680337,"00532M01:35:22.449","00532 01:48:24",196.06,894.96,,,,"     ",3.60,19.82,11.18
532,444680338,"00532M01:35:23.422","00532 01:48:25",196.24,895.00,,,,"     ",3.60,19.82,11.18
532,444680339,"00532M01:35:24.396","00532 01:48:26",196.39,894.93,,,,"     ",3.60,19.82,11.18
532,444680340,"00532M01:35:25.369","00532 01:48:27",196.52,895.00,,,,"     ",3.60,19.86,11.20
532,444680341,"00532M01:35:26.342","00532 01:48:28",196.60,894.91,,,,"     ",3.60,19.85,11.19
532,444680342,"00532M01:35:27.315","00532 01:48:29",196.65,895.03,,,,"     ",3.60,19.85,11.19
532,444680343,"00532M01:35:28.289","00532 01:48:30",196.67,895.04,,,,"     ",3.60,19.81,11.16
532,444680344,"00532M01:35:29.262","00532 01:48:31",196.65,894.97,,,,"     ",3.60,19.88,11.20
532,444680345,"00532M01:35:30.235","00532 01:48:32",196.59,894.99,,,,"     ",3.60,19.77,11.13
532,444680346,"00532M01:35:31.208","00532 01:48:33",196.51,895.00,,,,"     ",3.60,19.82,11.16
532,444680347,"00532M01:35:32.182","00532 01:48:34",196.41,894.96,,,,"     ",3.60,19.84,11.16
532,444680348,"00532M01:35:33.155","00532 01:48:34",196.33,894.95,,,,"     ",3.60,19.85,11.17
532,444680349,"00532M01:35:34.128","00532 01:48:35",196.26,894.94,,,,"     ",3.60,19.82,11.15
532,444680350,"00532M01:35:35.101","00532 01:48:36",196.21,894.97,,,,"     ",3.60,19.86,11.17
532,444680351,"00532M01:35:36.075","00532 01:48:37",196.18,894.94,,,,"     ",3.60,19.82,11.14
532,444680352,"00532M01:35:37.048","00532 01:48:38",196.18,895.01,,,,"     ",3.60,19.85,11.15
532,444680353,"00532M01:35:38.021","00532 01:48:39",196.19,895.05,,,,"     ",3.60,19.80,11.12
532,444680354,"00532M01:35:38.994","00532 01:48:40",196.21,895.10,,,,"     ",3.60,19.83,11.14
532,444680355,"00532M01:35:39.968","00532 01:48:41",196.23,895.11,,,,"     ",3.60,19.85,11.15
532,444680356,"00532M01:35:40.941","00532 01:48:42",196.26,895.08,,,,"     ",3.60,19.81,11.12
532,444680357,"00532M01:35:41.914","00532 01:48:43",196.31,895.03,,,,"     ",3.60,20.08,11.27
532,444680358,"00532M01:35:42.887","00532 01:48:44",196.37,894.94,,,,"     ",3.60,19.91,11.17
532,444680359,"00532M01:35:43.861","00532 01:48:45",196.43,895.04,,,,"     ",3.60,19.88,11.15
532,444680360,"00532M01:35:44.834","00532 01:48:46",196.47,894.97,,,,"     ",3.60,19.84,11.12
532,444680361,"00532M01:35:45.807","00532 01:48:47",196.51,894.99,,,,"     ",3.60,19.51,10.93
532,444680362,"00532M01:35:46.780","00532 01:48:48",196.55,895.01,,,,"     ",3.60,19.92,11.17
532,444680363,"00532M01:35:47.754","00532 01:48:49",196.60,894.95,,,,"     ",3.60,19.86,11.13
532,444680364,"00532M01:35:48.727","00532 01:48:50",196.65,895.03,,,,"     ",3.60,19.89,11.14
532,444680365,"00532M01:35:49.700","00532 01:48:51",196.70,894.94,,,,"     ",3.60,19.89,11.14
532,444680366,"00532M01:35:50.673","00532 01:48:52",196.76,895.02,,,,"     ",3.60,19.86,11.12
532,444680367,"00532M01:35:51.647","00532 01:48:53",196.82,895.04,,,,"     ",3.60,19.80,11.08
532,444680368,"00532M01:35:52.620","00532 01:48:54",196.88,895.04,,,,"     ",3.60,19.83,11.10
532,444680369,"00532M01:35:53.593","00532 01:48:55",196.94,894.97,,,,"     ",3.60,19.82,11.09
532,444680370,"00532M01:35:54.566","00532 01:48:56",197.01,895.03,,,,"     ",3.60,19.86,11.11
532,444680371,"00532M01:35:55.540","00532 01:48:57",197.08,894.99,,,,"     ",3.60,19.86,11.11
532,444680372,"00532M01:35:56.513","00532 01:48:58",197.15,894.98,,,,"     ",3.60,19.94,11.15
532,444680373,"00532M01:35:57.486","00532 01:48:59",197.23,894.98,,,,"     ",3.60,19.90,11.12
532,444680374,"00532M01:35:58.459","00532 01:49:00",196.55,895.03,,,,"     ",3.60,19.92,11.13
532,444680375,"00532M01:35:59.433","00532 01:49:01",196.63,895.02,,,,"     ",3.60,19.96,11.15
532,444680376,"00532M01:36:00.406","00532 01:49:02",196.71,894.93,,,,"     ",3.60,19.96,11.14
532,444680377,"00532M01:36:01.379","00532 01:49:03",196.78,895.16,,,,"     ",3.60,19.83,11.07
532,444680378,"00532M01:36:02.352","00532 01:49:04",196.86,895.04,,,,"     ",3.60,19.89,11.10
532,444680379,"00532M01:36:03.326","00532 01:49:05",196.94,895.03,,,,"     ",3.60,19.95,11.13
532,444680380,"00532M01:36:04.299","00532 01:49:06",197.01,895.08,,,,"     ",3.60,19.88,11.09
532,444680381,"00532M01:36:05.272","00532 01:49:07",197.08,895.22,,,,"     ",3.60,20.16,11.25
532,444680382,"00532M01:36:06.245","00532 01:49:08",197.15,894.90,,,,"     ",3.60,19.90,11.09
532,444680383,"00532M01:36:07.219","00532 01:49:09",197.22,895.07,,,,"     ",3.60,19.89,11.09
532,444680384,"00532M01:36:08.192","00532 01:49:10",197.29,895.05,,,,"     ",3.60,19.95,11.12
532,444680385,"00532M01:36:09.165","00532 01:49:10",197.36,895.04,,,,"     ",3.60,19.95,11.12
532,444680386,"00532M01:36:10.139","00532 01:49:11",197.43,895.02,,,,"     ",3.60,19.97,11.13
532,444680387,"00532M01:36:11.112","00532 01:49:12",197.50,895.07,,,,"     ",3.60,19.99,11.13
532,444680388,"00532M01:36:12.085","00532 01:49:13",197.55,895.04,,,,"     ",3.60,19.96,11.12
532,444680389,"00532M01:36:13.058","00532 01:49:14",197.57,895.07,,,,"     ",3.60,20.17,11.24
532,444680390,"00532M01:36:14.032","00532 01:49:15",197.58,895.08,,,,"     ",3.60,19.90,11.07
532,444680391,"00532M01:36:15.005","00532 01:49:16",197.58,895.02,,,,"     ",3.60,19.90,11.07
532,444680392,"00532M01:36:15.978","00532 01:49:17",197.56,895.04,,,,"     ",3.60,19.88,11.06
532,444680393,"00532M01:36:16.951","00532 01:49:18",197.55,895.01,,,,"     ",3.60,19.94,11.09
532,444680394,"00532M01:36:17.925","00532 01:49:19",197.54,895.04,,,,"     ",3.60,19.84,11.03
532,444680395,"00532M01:36:18.898","00532 01:49:20",197.53,895.01,,,,"     ",3.60,19.93,11.07
532,444680396,"00532M01:36:19.871","00532 01:49:21",197.52,895.08,,,,"     ",3.60,19.93,11.07
532,444680397,"00532M01:36:20.844","00532 01:49:22",197.53,895.10,,,,"     ",3.60,19.91,11.06
532,444680398,"00532M01:36:21.818","00532 01:49:23",197.56,895.06,,,,"     ",3.60,19.95,11.08
532,444680399,"00532M01:36:22.791","00532 01:49:24",197.61,895.17,,,,"     ",3.60,19.92,11.06
532,444680400,"00532M01:36:23.764","00532 01:49:25",197.67,895.12,,,,"     ",3.60,19.96,11.08
532,444680401,"00532M01:36:24.737","00532 01:49:26",197.74,895.10,,,,"     ",3.60,19.91,11.05
532,444680402,"00532M01:36:25.711","00532 01:49:27",197.81,895.15,,,,"     ",3.60,19.96,11.07
532,444680403,"00532M01:36:26.684","00532 01:49:28",197.90,895.11,,,,"     ",3.60,19.91,11.04
532,444680404,"00532M01:36:27.657","00532 01:49:29",197.99,895.14,,,,"     ",3.60,19.94,11.05
532,444680405,"00532M01:36:28.630","00532 01:49:30",198.10,895.07,,,,"     ",3.60,19.99,11.08
532,444680406,"00532M01:36:29.604","00532 01:49:31",198.21,895.09,,,,"     ",3.60,19.95,11.06
532,444680407,"00532M01:36:30.577","00532 01:49:32",198.28,895.04,,,,"     ",3.60,20.03,11.10
532,444680408,"00532M01:36:31.550","00532 01:49:33",198.08,895.09,,,,"     ",3.60,19.97,11.06
532,444680409,"00532M01:36:32.523","00532 01:49:34",198.13,895.09,,,,"     ",3.60,19.95,11.05
532,444680410,"00532M01:36:33.497","00532 01:49:35",198.18,895.10,,,,"     ",3.60,19.96,11.05
532,444680411,"00532M01:36:34.470","00532 01:49:36",198.23,895.04,,,,"     ",3.60,19.89,11.01
532,444680412,"00532M01:36:35.443","00532 01:49:37",198.27,895.05,,,,"     ",3.60,19.86,10.99
532,444680413,"00532M01:36:36.416","00532 01:49:38",198.31,895.03,,,,"     ",3.60,19.89,11.00
532,444680414,"00532M01:36:37.390","00532 01:49:39",198.35,895.08,,,,"     ",3.60,20.05,11.09
532,444680415,"00532M01:36:38.363","00532 01:49:40",198.38,895.09,,,,"     ",3.60,20.00,11.06
532,444680416,"00532M01:36:39.336","00532 01:49:41",198.42,895.12,,,,"     ",3.60,19.96,11.04
532,444680417,"00532M01:36:40.309","00532 01:49:42",198.47,895.10,,,,"     ",3.60,19.91,11.00
532,444680418,"00532M01:36:41.283","00532 01:49:43",198.52,895.08,,,,"     ",3.60,20.01,11.05
532,444680419,"00532M01:36:42.256","00532 01:49:44",198.57,894.99,,,,"     ",3.60,20.00,11.04
532,444680420,"00532M01:36:43.229","00532 01:49:45",198.61,895.04,,,,"     ",3.60,20.00,11.05
532,444680421,"00532M01:36:44.202","00532 01:49:46",198.64,895.13,,,,"     ",3.60,19.95,11.01
532,444680422,"00532M01:36:45.176","00532 01:49:47",198.65,895.05,,,,"     ",3.60,20.01,11.04
532,444680423,"00532M01:36:46.149","00532 01:49:47",198.66,895.11,,,,"     ",3.60,20.05,11.06
532,444680424,"00532M01:36:47.122","00532 01:49:48",198.67,895.00,,,,"     ",3.60,20.00,11.03
532,444680425,"00532M01:36:48.095","00532 01:49:49",198.67,894.87,,,,"     ",3.60,19.95,11.00
532,444680426,"00532M01:36:49.069","00532 01:49:50",198.69,895.09,,,,"     ",3.60,20.05,11.05
532,444680427,"00532M01:36:50.042","00532 01:49:51",198.70,895.06,,,,"     ",3.60,19.99,11.01
532,444680428,"00532M01:36:51.015","00532 01:49:52",198.72,895.18,,,,"     ",3.60,20.04,11.04
532,444680429,"00532M01:36:51.988","00532 01:49:53",198.74,895.25,,,,"     ",3.60,19.96,10.99
532,444680430,"00532M01:36:52.962","00532 01:49:54",198.75,895.29,,,,"     ",3.60,20.02,11.02
532,444680431,"00532M01:36:53.935","00532 01:49:55",198.76,895.13,,,,"     ",3.60,19.98,10.99
532,444680432,"00532M01:36:54.908","00532 01:49:56",198.76,895.07,,,,"     ",3.60,20.01,11.00
532,444680433,"00532M01:36:55.881","00532 01:49:57",198.77,894.98,,,,"     ",3.60,19.99,10.99
532,444680434,"00532M01:36:56.855","00532 01:49:58",198.77,895.02,,,,"     ",3.60,20.07,11.03
532,444680435,"00532M01:36:57.828","00532 01:49:59",198.78,895.05,,,,"     ",3.60,20.09,11.04
532,444680436,"00532M01:36:58.801","00532 01:50:00",198.81,895.04,,,,"     ",3.60,20.10,11.04
532,444680437,"00532M01:36:59.774","00532 01:50:01",198.86,895.08,,,,"     ",3.60,20.08,11.02
532,444680438,"00532M01:37:00.748","00532 01:50:02",198.90,895.10,,,,"     ",3.60,20.08,11.02
532,444680439,"00532M01:37:01.721","00532 01:50:03",198.95,895.06,,,,"     ",3.60,20.11,11.03
532,444680440,"00532M01:37:02.694","00532 01:50:04",198.97,895.14,,,,"     ",3.60,20.11,11.03
532,444680441,"00532M01:37:03.667","00532 01:50:05",198.98,895.11,,,,"     ",3.60,20.12,11.03
532,444680442,"00532M01:37:04.641","00532 01:50:06",198.98,895.17,,,,"     ",3.60,20.09,11.01
532,444680443,"00532M01:37:05.614","00532 01:50:07",198.98,895.13,,,,"     ",3.60,20.04,10.98
532,444680444,"00532M01:37:06.587","00532 01:50:08",198.98,895.24,,,,"     ",3.60,20.03,10.97
532,444680445,"00532M01:37:07.560","00532 01:50:09",198.97,895.15,,,,"     ",3.60,20.15,11.03
532,444680446,"00532M01:37:08.534","00532 01:50:10",198.95,895.18,,,,"     ",3.60,20.13,11.02
532,444680447,"00532M01:37:09.507","00532 01:50:11",198.93,895.13,,,,"     ",3.60,20.07,10.98
532,444680448,"00532M01:37:10.480","00532 01:50:12",198.91,895.07,,,,"     ",3.60,20.22,11.06
532,444680449,"00532M01:37:11.453","00532 01:50:13",198.90,895.09,,,,"     ",3.60,20.15,11.02
532,444680450,"00532M01:37:12.427","00532 01:50:14",198.91,895.09,,,,"     ",3.60,20.14,11.01
532,444680451,"00532M01:37:13.400","00532 01:50:15",198.94,895.13,,,,"     ",3.60,20.20,11.04
532,444680452,"00532M01:37:14.373","00532 01:50:16",198.97,895.09,,,,"     ",3.60,20.10,10.98
532,444680453,"00532M01:37:15.346","00532 01:50:17",199.01,895.08,,,,"     ",3.60,20.14,10.99
532,444680454,"00532M01:37:16.320","00532 01:50:18",199.06,895.09,,,,"     ",3.60,20.13,10.99
532,444680455,"00532M01:37:17.293","00532 01:50:19",199.13,895.16,,,,"     ",3.60,20.07,10.96
532,444680456,"00532M01:37:18.266","00532 01:50:20",199.20,895.13,,,,"     ",3.60,20.07,10.95
532,444680457,"00532M01:37:19.239","00532 01:50:21",199.28,895.06,,,,"     ",3.60,20.20,11.02
532,444680458,"00532M01:37:20.213","00532 01:50:22",199.36,895.07,,,,"     ",3.60,19.93,10.86
532,444680459,"00532M01:37:21.186","00532 01:50:23",199.43,895.08,,,,"     ",3.60,20.19,11.00
532,444680460,"00532M01:37:22.159","00532 01:50:24",199.48,895.13,,,,"     ",3.60,20.20,11.01
532,444680461,"00532M01:37:23.133","00532 01:50:24",199.51,895.09,,,,"     ",3.60,20.28,11.05
532,444680462,"00532M01:37:24.106","00532 01:50:25",199.50,895.12,,,,"     ",3.60,20.23,11.02
532,444680463,"00532M01:37:25.079","00532 01:50:26",199.47,895.15,,,,"     ",3.60,20.15,10.97
532,444680464,"00532M01:37:26.052","00532 01:50:27",199.41,895.07,,,,"     ",3.60,20.15,10.97
532,444680465,"00532M01:37:27.026","00532 01:50:28",199.34,895.20,,,,"     ",3.60,20.26,11.03
532,444680466,"00532M01:37:27.999","00532 01:50:29",199.27,895.20,,,,"     ",3.60,20.17,10.97
532,444680467,"00532M01:37:28.972","00532 01:50:30",199.22,895.17,,,,"     ",3.60,20.17,10.97
532,444680468,"00532M01:37:29.945","00532 01:50:31",199.18,895.23,,,,"     ",3.60,20.22,11.00
532,444680469,"00532M01:37:30.919","00532 01:50:32",199.16,895.19,,,,"     ",3.60,20.10,10.92
532,444680470,"00532M01:37:31.892","00532 01:50:33",199.14,895.18,,,,"     ",3.60,20.20,10.97
532,444680471,"00532M01:37:32.865","00532 01:50:34",199.12,895.17,,,,"     ",3.60,20.19,10.97
532,444680472,"00532M01:37:33.838","00532 01:50:35",199.10,895.12,,,,"     ",3.60,20.20,10.97
532,444680473,"00532M01:37:34.812","00532 01:50:36",199.08,895.07,,,,"     ",3.60,20.30,11.02
532,444680474,"00532M01:37:35.785","00532 01:50:37",199.08,895.17,,,,"     ",3.60,20.23,10.98
532,444680475,"00532M01:37:36.758","00532 01:50:38",199.11,895.16,,,,"     ",3.60,20.20,10.96
532,444680476,"00532M01:37:37.731","00532 01:50:39",199.17,895.20,,,,"     ",3.60,20.20,10.95
532,444680477,"00532M01:37:38.705","00532 01:50:40",199.24,895.22,,,,"     ",3.60,20.21,10.96
532,444680478,"00532M01:37:39.678","00532 01:50:41",199.32,895.04,,,,"     ",3.60,20.18,10.94
532,444680479,"00532M01:37:40.651","00532 01:50:42",199.39,895.18,,,,"     ",3.60,20.22,10.95
532,444680480,"00532M01:37:41.624","00532 01:50:43",199.44,895.21,,,,"     ",3.60,20.26,10.98
532,444680481,"00532M01:37:42.598","00532 01:50:44",199.47,895.27,,,,"     ",3.60,20.31,11.00
532,444680482,"00532M01:37:43.571","00532 01:50:45",199.49,895.28,,,,"     ",3.60,20.33,11.01
532,444680483,"00532M01:37:44.544","00532 01:50:46",199.50,895.15,,,,"     ",3.60,20.16,10.91
532,444680484,"00532M01:37:45.517","00532 01:50:47",199.52,895.17,,,,"     ",3.60,20.23,10.95
532,444680485,"00532M01:37:46.491","00532 01:50:48",199.63,895.24,,,,"     ",3.60,20.23,10.95
532,444680486,"00532M01:37:47.464","00532 01:50:49",199.64,895.26,,,,"     ",3.60,20.51,11.10
532,444680487,"00532M01:37:48.437","00532 01:50:50",199.64,895.21,,,,"     ",3.60,20.33,10.99
532,444680488,"00532M01:37:49.410","00532 01:50:51",199.63,895.28,,,,"     ",3.60,20.23,10.93
532,444680489,"00532M01:37:50.384","00532 01:50:52",199.61,895.30,,,,"     ",3.60,20.24,10.93
532,444680490,"00532M01:37:51.357","00532 01:50:53",199.57,895.16,,,,"     ",3.60,20.31,10.97
532,444680491,"00532M01:37:52.330","00532 01:50:54",199.54,895.20,,,,"     ",3.60,20.27,10.94
532,444680492,"00532M01:37:53.303","00532 01:50:55",199.52,895.25,,,,"     ",3.60,20.25,10.93
532,444680493,"00532M01:37:54.277","00532 01:50:56",199.52,895.21,,,,"     ",3.60,20.31,10.96
532,444680494,"00532M01:37:55.250","00532 01:50:57",199.53,895.23,,,,"     ",3.60,20.28,10.94
532,444680495,"00532M01:37:56.223","00532 01:50:58",199.42,895.21,,,,"     ",3.60,20.33,10.96
532,444680496,"00532M01:37:57.196","00532 01:50:59",199.42,895.21,,,,"     ",3.60,20.35,10.97
532,444680497,"00532M01:37:58.170","00532 01:51:00",199.41,895.25,,,,"     ",3.60,20.37,10.98
532,444680498,"00532M01:37:59.143","00532 01:51:00",199.41,895.35,,,,"     ",3.60,20.29,10.93
532,444680499,"00532M01:38:00.116","00532 01:51:01",199.41,895.23,,,,"     ",3.60,20.37,10.97
532,444680500,"00532M01:38:01.089","00532 01:51:02",199.42,895.26,,,,"     ",3.60,20.30,10.93
532,444680501,"00532M01:38:02.063","00532 01:51:03",199.42,895.25,,,,"     ",3.60,20.30,10.93
532,444680502,"00532M01:38:03.036","00532 01:51:04",199.42,895.22,,,,"     ",3.60,20.38,10.97
532,444680503,"00532M01:38:04.009","00532 01:51:05",199.39,895.19,,,,"     ",3.60,20.30,10.93
532,444680504,"00532M01:38:04.982","00532 01:51:06",199.36,895.21,,,,"     ",3.60,20.35,10.95
532,444680505,"00532M01:38:05.956","00532 01:51:07",199.33,895.22,,,,"     ",3.60,20.38,10.96
532,444680506,"00532M01:38:06.929","00532 01:51:08",199.30,895.17,,,,"     ",3.60,20.37,10.96
532,444680507,"00532M01:38:07.902","00532 01:51:09",199.28,895.19,,,,"     ",3.60,20.39,10.96
532,444680508,"00532M01:38:08.875","00532 01:51:10",199.28,895.20,,,,"     ",3.60,20.34,10.93
532,444680509,"00532M01:38:09.849","00532 01:51:11",199.28,895.22,,,,"     ",3.60,20.27,10.89
532,444680510,"00532M01:38:10.822","00532 01:51:12",199.29,895.27,,,,"     ",3.60,20.30,10.91
532,444680511,"00532M01:38:11.795","00532 01:51:13",199.30,895.26,,,,"     ",3.60,20.42,10.97
532,444680512,"00532M01:38:12.768","00532 01:51:14",199.30,895.25,,,,"     ",3.60,20.38,10.95
532,444680513,"00532M01:38:13.742","00532 01:51:15",199.31,895.22,,,,"     ",3.60,20.35,10.92
532,444680514,"00532M01:38:14.715","00532 01:51:16",199.33,895.22,,,,"     ",3.60,20.30,10.89
532,444680515,"00532M01:38:15.688","00532 01:51:17",199.37,895.22,,,,"     ",3.60,20.27,10.88
532,444680516,"00532M01:38:16.661","00532 01:51:18",199.41,895.17,,,,"     ",3.60,20.42,10.95
532,444680517,"00532M01:38:17.635","00532 01:51:19",199.46,895.27,,,,"     ",3.60,20.40,10.95
532,444680518,"00532M01:38:18.608","00532 01:51:20",199.50,895.26,,,,"     ",3.60,20.35,10.92
532,444680519,"00532M01:38:19.581","00532 01:51:21",199.53,895.21,,,,"     ",3.60,20.36,10.92
532,444680520,"00532M01:38:20.554","00532 01:51:22",199.56,895.18,,,,"     ",3.60,20.33,10.90
532,444680521,"00532M01:38:21.528","00532 01:51:23",199.59,895.19,,,,"     ",3.60,20.26,10.86
532,444680522,"00532M01:38:22.501","00532 01:51:24",199.62,895.04,,,,"     ",3.60,20.42,10.94
532,444680523,"00532M01:38:23.474","00532 01:51:25",199.64,895.14,,,,"     ",3.60,19.90,10.66
532,444680524,"00532M01:38:24.447","00532 01:51:26",199.67,895.27,,,,"     ",3.60,20.31,10.88
532,444680525,"00532M01:38:25.421","00532 01:51:27",199.70,895.27,,,,"     ",3.60,20.24,10.84
532,444680526,"00532M01:38:26.394","00532 01:51:28",199.72,895.19,,,,"     ",3.60,20.39,10.92
532,444680527,"00532M01:38:27.367","00532 01:51:29",199.73,895.17,,,,"     ",3.60,20.36,10.90
532,444680528,"00532M01:38:28.340","00532 01:51:30",199.71,895.00,,,,"     ",3.60,20.36,10.89
532,444680529,"00532M01:38:29.314","00532 01:51:31",199.69,895.04,,,,"     ",3.60,20.36,10.89
532,444680530,"00532M01:38:30.287","00532 01:51:32",199.67,895.03,,,,"     ",3.60,20.39,10.91
532,444680531,"00532M01:38:31.260","00532 01:51:33",199.67,895.21,,,,"     ",3.60,20.41,10.92
532,444680532,"00532M01:38:32.234","00532 01:51:34",199.67,895.20,,,,"     ",3.60,20.42,10.92
532,444680533,"00532M01:38:33.207","00532 01:51:35",199.67,895.21,,,,"     ",3.60,20.36,10.88
532,444680534,"00532M01:38:34.180","00532 01:51:36",199.67,895.24,,,,"     ",3.60,20.37,10.89
532,444680535,"00532M01:38:35.153","00532 01:51:37",199.65,895.24,,,,"     ",3.60,20.38,10.89
532,444680536,"00532M01:38:36.127","00532 01:51:37",199.63,895.16,,,,"     ",3.60,20.38,10.89
532,444680537,"00532M01:38:37.100","00532 01:51:38",199.59,895.20,,,,"     ",3.60,20.36,10.88
532,444680538,"00532M01:38:38.073","00532 01:51:39",199.56,895.23,,,,"     ",3.60,20.43,10.92
532,444680539,"00532M01:38:39.046","00532 01:51:40",199.53,895.24,,,,"     ",3.60,20.35,10.87
532,444680540,"00532M01:38:40.020","00532 01:51:41",199.51,895.22,,,,"     ",3.60,20.37,10.88
532,444680541,"00532M01:38:40.993","00532 01:51:42",199.50,895.23,,,,"     ",3.60,20.31,10.84
532,444680542,"00532M01:38:41.966","00532 01:51:43",199.51,895.12,,,,"     ",3.60,20.44,10.91
532,444680543,"00532M01:38:42.939","00532 01:51:44",199.53,895.18,,,,"     ",3.60,20.38,10.88
532,444680544,"00532M01:38:43.913","00532 01:51:45",199.55,895.21,,,,"     ",3.60,20.41,10.89
532,444680545,"00532M01:38:44.886","00532 01:51:46",199.58,895.28,,,,"     ",3.60,20.38,10.87
532,444680546,"00532M01:38:45.859","00532 01:51:47",199.64,895.32,,,,"     ",3.60,20.39,10.88
532,444680547,"00532M01:38:46.832","00532 01:51:48",199.70,895.31,,,,"     ",3.60,20.43,10.89
532,444680548,"00532M01:38:47.806","00532 01:51:49",199.77,895.30,,,,"     ",3.60,20.42,10.89
532,444680549,"00532M01:38:48.779","00532 01:51:50",199.84,895.26,,,,"     ",3.60,20.37,10.86
532,444680550,"00532M01:38:49.752","00532 01:51:51",200.07,895.22,,,,"     ",3.60,20.40,10.87
532,444680551,"00532M01:38:50.725","00532 01:51:52",200.12,895.28,,,,"     ",3.60,20.39,10.86
532,444680552,"00532M01:38:51.699","00532 01:51:53",200.16,895.21,,,,"     ",3.60,20.35,10.84
532,444680553,"00532M01:38:52.672","00532 01:51:54",200.20,895.24,,,,"     ",3.60,20.43,10.88
532,444680554,"00532M01:38:53.645","00532 01:51:55",200.24,895.19,,,,"     ",3.60,20.35,10.83
532,444680555,"00532M01:38:54.618","00532 01:51:56",200.28,895.24,,,,"     ",3.60,20.41,10.86
532,444680556,"00532M01:38:55.592","00532 01:51:57",200.32,895.25,,,,"     ",3.60,20.21,10.75
532,444680557,"00532M01:38:56.565","00532 01:51:58",200.35,895.24,,,,"     ",3.60,20.37,10.84
532,444680558,"00532M01:38:57.538","00532 01:51:59",200.36,895.21,,,,"     ",3.60,20.37,10.83
532,444680559,"00532M01:38:58.511","00532 01:52:00",200.37,895.21,,,,"     ",3.60,20.44,10.88
532,444680560,"00532M01:38:59.485","00532 01:52:01",200.39,895.15,,,,"     ",3.60,20.39,10.84
532,444680561,"00532M01:39:00.458","00532 01:52:02",200.43,895.18,,,,"     ",3.60,20.34,10.81
532,444680562,"00532M01:39:01.431","00532 01:52:03",200.49,895.21,,,,"     ",3.60,20.42,10.86
532,444680563,"00532M01:39:02.404","00532 01:52:04",200.55,895.29,,,,"     ",3.60,20.43,10.85
532,444680564,"00532M01:39:03.378","00532 01:52:05",200.60,895.23,,,,"     ",3.60,20.42,10.85
532,444680565,"00532M01:39:04.351","00532 01:52:06",200.62,895.26,,,,"     ",3.60,20.37,10.82
532,444680566,"00532M01:39:05.324","00532 01:52:07",200.60,895.26,,,,"     ",3.60,20.52,10.90
532,444680567,"00532M01:39:06.297","00532 01:52:08",200.57,895.32,,,,"     ",3.60,20.49,10.88
532,444680568,"00532M01:39:07.271","00532 01:52:09",200.53,895.32,,,,"     ",3.60,20.44,10.85
532,444680569,"00532M01:39:08.244","00532 01:52:10",200.50,895.22,,,,"     ",3.60,20.47,10.87
532,444680570,"00532M01:39:09.217","00532 01:52:11",200.50,895.20,,,,"     ",3.60,20.47,10.86
532,444680571,"00532M01:39:10.190","00532 01:52:12",200.52,895.22,,,,"     ",3.60,20.48,10.87
532,444680572,"00532M01:39:11.164","00532 01:52:13",200.55,895.06,,,,"     ",3.60,20.43,10.84
532,444680573,"00532M01:39:12.137","00532 01:52:13",200.59,895.28,,,,"     ",3.60,20.47,10.86
532,444680574,"00532M01:39:13.110","00532 01:52:14",200.60,895.29,,,,"     ",3.60,20.42,10.83
532,444680575,"00532M01:39:14.083","00532 01:52:15",200.61,895.25,,,,"     ",3.60,20.45,10.84
532,444680576,"00532M01:39:15.057","00532 01:52:16",200.61,895.32,,,,"     ",3.60,20.42,10.82
532,444680577,"00532M01:39:16.030","00532 01:52:17",200.62,895.16,,,,"     ",3.60,20.54,10.88
532,444680578,"00532M01:39:17.003","00532 01:52:18",200.63,895.27,,,,"     ",3.60,20.47,10.84
532,444680579,"00532M01:39:17.976","00532 01:52:19",200.64,895.26,,,,"     ",3.60,20.47,10.84
532,444680580,"00532M01:39:18.950","00532 01:52:20",200.64,895.24,,,,"     ",3.60,20.43,10.82
532,444680581,"00532M01:39:19.923","00532 01:52:21",200.61,895.23,,,,"     ",3.60,20.58,10.90
532,444680582,"00532M01:39:20.896","00532 01:52:22",200.57,895.16,,,,"     ",3.60,20.45,10.83
532,444680583,"00532M01:39:21.869","00532 01:52:23",200.50,895.23,,,,"     ",3.60,20.43,10.82
532,444680584,"00532M01:39:22.843","00532 01:52:24",200.41,895.22,,,,"     ",3.60,20.48,10.84
532,444680585,"00532M01:39:23.816","00532 01:52:25",200.29,895.22,,,,"     ",3.60,20.39,10.79
532,444680586,"00532M01:39:24.789","00532 01:52:26",200.19,895.38,,,,"     ",3.60,20.42,10.80
532,444680587,"00532M01:39:25.762","00532 01:52:27",200.10,895.32,,,,"     ",3.60,20.37,10.78
532,444680588,"00532M01:39:26.736","00532 01:52:28",200.01,895.34,,,,"     ",3.60,20.40,10.79
532,444680589,"00532M01:39:27.709","00532 01:52:29",199.93,895.43,,,,"     ",3.60,20.20,10.69
532,444680590,"00532M01:39:28.682","00532 01:52:30",199.82,895.34,,,,"     ",3.60,20.53,10.86
532,444680591,"00532M01:39:29.655","00532 01:52:31",199.69,895.36,,,,"     ",3.60,20.42,10.81
532,444680592,"00532M01:39:30.629","00532 01:52:32",199.55,895.26,,,,"     ",3.60,20.46,10.83
532,444680593,"00532M01:39:31.602","00532 01:52:33",199.42,895.39,,,,"     ",3.60,20.45,10.82
532,444680594,"00532M01:39:32.575","00532 01:52:34",199.37,895.29,,,,"     ",3.60,20.47,10.83
532,444680595,"00532M01:39:33.548","00532 01:52:35",199.27,895.25,,,,"     ",3.60,20.42,10.80
532,444680596,"00532M01:39:34.522","00532 01:52:36",199.18,895.27,,,,"     ",3.60,20.45,10.82
532,444680597,"00532M01:39:35.495","00532 01:52:37",199.09,895.29,,,,"     ",3.60,20.45,10.82
532,444680598,"00532M01:39:36.468","00532 01:52:38",198.87,895.32,,,,"     ",3.60,20.39,10.80
532,444680599,"00532M01:39:37.441","00532 01:52:39",198.74,895.31,,,,"     ",3.60,20.42,10.81
532,444680600,"00532M01:39:38.415","00532 01:52:40",198.62,895.29,,,,"     ",3.60,20.38,10.79
532,444680601,"00532M01:39:39.388","00532 01:52:41",198.52,895.27,,,,"     ",3.60,20.48,10.84
532,444680602,"00532M01:39:40.361","00532 01:52:42",198.45,895.31,,,,"     ",3.60,20.48,10.84
532,444680603,"00532M01:39:41.335","00532 01:52:43",198.41,895.27,,,,"     ",3.60,20.47,10.84
532,444680604,"00532M01:39:42.308","00532 01:52:44",198.37,895.32,,,,"     ",3.60,20.44,10.82
532,444680605,"00532M01:39:43.281","00532 01:52:45",198.33,895.23,,,,"     ",3.60,20.47,10.84
532,444680606,"00532M01:39:44.254","00532 01:52:46",198.30,895.28,,,,"     ",3.60,20.39,10.80
532,444680607,"00532M01:39:45.228","00532 01:52:47",198.27,895.25,,,,"     ",3.60,20.42,10.82
532,444680608,"00532M01:39:46.201","00532 01:52:48",198.24,895.27,,,,"     ",3.60,20.48,10.85
532,444680609,"00532M01:39:47.174","00532 01:52:49",198.20,895.28,,,,"     ",3.60,20.34,10.78
532,444680610,"00532M01:39:48.147","00532 01:52:50",198.13,895.28,,,,"     ",3.60,20.46,10.84
532,444680611,"00532M01:39:49.121","00532 01:52:50",198.04,895.23,,,,"     ",3.60,20.37,10.80
532,444680612,"00532M01:39:50.094","00532 01:52:51",197.96,895.20,,,,"     ",3.60,20.48,10.86
532,444680613,"00532M01:39:51.067","00532 01:52:52",197.88,895.21,,,,"     ",3.60,20.41,10.83
532,444680614,"00532M01:39:52.040","00532 01:52:53",197.78,895.20,,,,"     ",3.60,20.43,10.84
532,444680615,"00532M01:39:53.014","00532 01:52:54",197.67,895.24,,,,"     ",3.60,20.37,10.81
532,444680616,"00532M01:39:53.987","00532 01:52:55",197.55,895.18,,,,"     ",3.60,20.37,10.81
532,444680617,"00532M01:39:54.960","00532 01:52:56",197.43,895.22,,,,"     ",3.60,20.34,10.79
532,444680618,"00532M01:39:55.933","00532 01:52:57",197.34,895.16,,,,"     ",3.60,20.40,10.83
532,444680619,"00532M01:39:56.907","00532 01:52:58",197.27,895.24,,,,"     ",3.60,20.33,10.80
532,444680620,"00532M01:39:57.880","00532 01:52:59",197.24,895.15,,,,"     ",3.60,20.42,10.84
532,444680621,"00532M01:39:58.853","00532 01:53:00",197.25,895.06,,,,"     ",3.60,20.40,10.83
532,444680622,"00532M01:39:59.826","00532 01:53:01",197.27,895.22,,,,"     ",3.60,19.96,10.60
532,444680623,"00532M01:40:00.800","00532 01:53:02",197.29,895.24,,,,"     ",3.60,20.47,10.88
532,444680624,"00532M01:40:01.773","00532 01:53:03",197.31,895.39,,,,"     ",3.60,20.38,10.83
532,444680625,"00532M01:40:02.746","00532 01:53:04",197.32,895.42,,,,"     ",3.60,20.30,10.79
532,444680626,"00532M01:40:03.719","00532 01:53:05",197.33,895.44,,,,"     ",3.60,20.41,10.86
532,444680627,"00532M01:40:04.693","00532 01:53:06",197.36,895.27,,,,"     ",3.60,20.42,10.86
532,444680628,"00532M01:40:05.666","00532 01:53:07",197.38,895.31,,,,"     ",3.60,20.39,10.85
532,444680629,"00532M01:40:06.639","00532 01:53:08",197.40,895.30,,,,"     ",3.60,20.45,10.88
532,444680630,"00532M01:40:07.612","00532 01:53:09",197.40,895.31,,,,"     ",3.60,20.38,10.85
532,444680631,"00532M01:40:08.586","00532 01:53:10",197.39,895.30,,,,"     ",3.60,20.34,10.83
532,444680632,"00532M01:40:09.559","00532 01:53:11",197.38,895.24,,,,"     ",3.60,20.33,10.83
532,444680633,"00532M01:40:10.532","00532 01:53:12",197.37,895.30,,,,"     ",3.60,20.42,10.88
532,444680634,"00532M01:40:11.505","00532 01:53:13",197.35,895.30,,,,"     ",3.60,20.41,10.87
532,444680635,"00532M01:40:12.479","00532 01:53:14",197.30,895.27,,,,"     ",3.60,20.36,10.85
532,444680636,"00532M01:40:13.452","00532 01:53:15",197.21,895.37,,,,"     ",3.60,20.41,10.88
532,444680637,"00532M01:40:14.425","00532 01:53:16",197.09,895.37,,,,"     ",3.60,20.41,10.88
532,444680638,"00532M01:40:15.398","00532 01:53:17",196.93,895.39,,,,"     ",3.60,20.40,10.88
532,444680639,"00532M01:40:16.372","00532 01:53:18",196.75,895.27,,,,"     ",3.60,20.42,10.89
532,444680640,"00532M01:40:17.345","00532 01:53:19",196.56,895.32,,,,"     ",3.60,20.35,10.86
532,444680641,"00532M01:40:18.318","00532 01:53:20",196.35,895.33,,,,"     ",3.60,20.30,10.83
532,444680642,"00532M01:40:19.291","00532 01:53:21",196.16,895.30,,,,"     ",3.60,20.44,10.91
532,444680643,"00532M01:40:20.265","00532 01:53:22",196.00,895.26,,,,"     ",3.60,20.36,10.86
532,444680644,"00532M01:40:21.238","00532 01:53:23",195.90,895.27,,,,"     ",3.60,20.36,10.87
532,444680645,"00532M01:40:22.211","00532 01:53:24",195.87,895.31,,,,"     ",3.60,20.35,10.87
532,444680646,"00532M01:40:23.184","00532 01:53:25",195.91,895.26,,,,"     ",3.60,20.34,10.86
532,444680647,"00532M01:40:24.158","00532 01:53:26",195.99,895.26,,,,"     ",3.60,20.37,10.88
532,444680648,"00532M01:40:25.131","00532 01:53:26",196.11,895.29,,,,"     ",3.60,20.32,10.86
532,444680649,"00532M01:40:26.104","00532 01:53:27",196.26,895.34,,,,"     ",3.60,20.30,10.84
532,444680650,"00532M01:40:27.077","00532 01:53:28",196.42,895.29,,,,"     ",3.60,20.38,10.89
532,444680651,"00532M01:40:28.051","00532 01:53:29",196.59,895.34,,,,"     ",3.60,20.67,11.05
532,444680652,"00532M01:40:29.024","00532 01:53:30",196.74,895.34,,,,"     ",3.60,20.36,10.89
532,444680653,"00532M01:40:29.997","00532 01:53:31",196.86,895.27,,,,"     ",3.60,20.34,10.88
532,444680654,"00532M01:40:30.970","00532 01:53:32",196.94,895.27,,,,"     ",3.60,20.31,10.86
532,444680655,"00532M01:40:31.944","00532 01:53:33",196.96,895.25,,,,"     ",3.60,20.35,10.88
532,444680656,"00532M01:40:32.917","00532 01:53:34",196.94,895.23,,,,"     ",3.60,20.35,10.89
532,444680657,"00532M01:40:33.890","00532 01:53:35",196.88,895.20,,,,"     ",3.60,20.37,10.90
532,444680658,"00532M01:40:34.863","00532 01:53:36",196.79,895.41,,,,"     ",3.60,20.37,10.90
532,444680659,"00532M01:40:35.837","00532 01:53:37",196.70,895.36,,,,"     ",3.60,20.32,10.87
532,444680660,"00532M01:40:36.810","00532 01:53:38",196.59,895.33,,,,"     ",3.60,20.37,10.91
532,444680661,"00532M01:40:37.783","00532 01:53:39",196.48,895.33,,,,"     ",3.60,20.45,10.94
532,444680662,"00532M01:40:38.756","00532 01:53:40",196.38,895.30,,,,"     ",3.60,20.36,10.90
532,444680663,"00532M01:40:39.730","00532 01:53:41",196.29,895.36,,,,"     ",3.60,20.39,10.92
532,444680664,"00532M01:40:40.703","00532 01:53:42",196.20,895.37,,,,"     ",3.60,20.38,10.91
532,444680665,"00532M01:40:41.676","00532 01:53:43",196.13,895.34,,,,"     ",3.60,20.33,10.89
532,444680666,"00532M01:40:42.649","00532 01:53:44",196.05,895.25,,,,"     ",3.60,20.37,10.91
532,444680667,"00532M01:40:43.623","00532 01:53:45",195.98,895.33,,,,"     ",3.60,20.35,10.90
532,444680668,"00532M01:40:44.596","00532 01:53:46",195.91,895.23,,,,"     ",3.60,20.36,10.90
532,444680669,"00532M01:40:45.569","00532 01:53:47",195.84,895.25,,,,"     ",3.60,20.42,10.94
532,444680670,"00532M01:40:46.542","00532 01:53:48",195.77,895.24,,,,"     ",3.60,20.37,10.91
532,444680671,"00532M01:40:47.516","00532 01:53:49",195.70,895.22,,,,"     ",3.60,20.29,10.87
532,444680672,"00532M01:40:48.489","00532 01:53:50",195.63,895.20,,,,"     ",3.60,20.11,10.76
532,444680673,"00532M01:40:49.462","00532 01:53:51",195.55,895.31,,,,"     ",3.60,20.38,10.92
532,444680674,"00532M01:40:50.436","00532 01:53:52",195.49,895.31,,,,"     ",3.60,20.30,10.87
532,444680675,"00532M01:40:51.409","00532 01:53:53",195.41,895.26,,,,"     ",3.60,20.35,10.91
532,444680676,"00532M01:40:52.382","00532 01:53:54",195.34,895.28,,,,"     ",3.60,20.34,10.91
532,444680677,"00532M01:40:53.355","00532 01:53:55",195.27,895.16,,,,"     ",3.60,20.42,10.94
532,444680678,"00532M01:40:54.329","00532 01:53:56",195.21,895.26,,,,"     ",3.60,20.41,10.94
532,444680679,"00532M01:40:55.302","00532 01:53:57",195.14,895.33,,,,"     ",3.60,20.36,10.92
532,444680680,"00532M01:40:56.275","00532 01:53:58",195.07,895.39,,,,"     ",3.60,20.39,10.94
532,444680681,"00532M01:40:57.248","00532 01:53:59",195.00,895.29,,,,"     ",3.60,20.36,10.92
532,444680682,"00532M01:40:58.222","00532 01:54:00",195.11,895.27,,,,"     ",3.60,20.35,10.92
532,444680683,"00532M01:40:59.195","00532 01:54:01",195.12,895.29,,,,"     ",3.60,20.43,10.97
532,444680684,"00532M01:41:00.168","00532 01:54:02",195.12,895.33,,,,"     ",3.60,20.33,10.91
532,444680685,"00532M01:41:01.141","00532 01:54:03",195.12,895.28,,,,"     ",3.60,20.35,10.92
532,444680686,"00532M01:41:02.115","00532 01:54:03",195.12,895.21,,,,"     ",3.60,20.34,10.92
532,444680687,"00532M01:41:03.088","00532 01:54:04",195.11,895.34,,,,"     ",3.60,20.35,10.92
532,444680688,"00532M01:41:04.061","00532 01:54:05",195.11,895.28,,,,"     ",3.60,20.26,10.88
532,444680689,"00532M01:41:05.034","00532 01:54:06",195.11,895.37,,,,"     ",3.60,20.32,10.91
532,444680690,"00532M01:41:06.008","00532 01:54:07",195.10,895.31,,,,"     ",3.60,20.31,10.91
532,444680691,"00532M01:41:06.981","00532 01:54:08",195.09,895.27,,,,"     ",3.60,20.33,10.92
532,444680692,"00532M01:41:07.954","00532 01:54:09",195.08,895.35,,,,"     ",3.60,20.35,10.93
532,444680693,"00532M01:41:08.927","00532 01:54:10",195.08,895.38,,,,"     ",3.60,20.40,10.96
532,444680694,"00532M01:41:09.901","00532 01:54:11",195.06,895.31,,,,"     ",3.60,20.31,10.91
532,444680695,"00532M01:41:10.874","00532 01:54:12",195.05,895.36,,,,"     ",3.60,20.39,10.96
532,444680696,"00532M01:41:11.847","00532 01:54:13",195.01,895.33,,,,"     ",3.60,20.39,10.96
532,444680697,"00532M01:41:12.820","00532 01:54:14",194.97,895.30,,,,"     ",3.60,20.32,10.92
532,444680698,"00532M01:41:13.794","00532 01:54:15",194.93,895.30,,,,"     ",3.60,20.31,10.92
532,444680699,"00532M01:41:14.767","00532 01:54:16",194.90,895.36,,,,"     ",3.60,20.37,10.95
532,444680700,"00532M01:41:15.740","00532 01:54:17",194.87,895.33,,,,"     ",3.60,20.30,10.92
532,444680701,"00532M01:41:16.713","00532 01:54:18",194.82,895.39,,,,"     ",3.60,20.39,10.97
532,444680702,"00532M01:41:17.687","00532 01:54:19",194.75,895.33,,,,"     ",3.60,20.38,10.96
532,444680703,"00532M01:41:18.660","00532 01:54:20",194.66,895.29,,,,"     ",3.60,20.38,10.97
532,444680704,"00532M01:41:19.633","00532 01:54:21",194.56,895.33,,,,"     ",3.60,20.27,10.90
532,444680705,"00532M01:41:20.606","00532 01:54:22",194.49,895.26,,,,"     ",3.60,20.32,10.93
532,444680706,"00532M01:41:21.580","00532 01:54:23",194.47,895.33,,,,"     ",3.60,20.43,10.99
532,444680707,"00532M01:41:22.553","00532 01:54:24",194.49,895.37,,,,"     ",3.60,20.41,10.98
532,444680708,"00532M01:41:23.526","00532 01:54:25",194.52,895.38,,,,"     ",3.60,20.28,10.92
532,444680709,"00532M01:41:24.499","00532 01:54:26",194.58,895.32,,,,"     ",3.60,20.37,10.97
532,444680710,"00532M01:41:25.473","00532 01:54:27",194.64,895.46,,,,"     ",3.60,20.34,10.95
532,444680711,"00532M01:41:26.446","00532 01:54:28",194.71,895.33,,,,"     ",3.60,20.33,10.95
532,444680712,"00532M01:41:27.419","00532 01:54:29",194.78,895.41,,,,"     ",3.60,20.36,10.97
532,444680713,"00532M01:41:28.392","00532 01:54:30",194.84,895.33,,,,"     ",3.60,20.34,10.96
532,444680714,"00532M01:41:29.366","00532 01:54:31",194.87,895.36,,,,"     ",3.60,20.35,10.96
532,444680715,"00532M01:41:30.339","00532 01:54:32",194.88,895.31,,,,"     ",3.60,20.36,10.97
532,444680716,"00532M01:41:31.312","00532 01:54:33",194.88,895.42,,,,"     ",3.60,20.34,10.96
532,444680717,"00532M01:41:32.285","00532 01:54:34",194.86,895.35,,,,"     ",3.60,20.31,10.95
532,444680718,"00532M01:41:33.259","00532 01:54:35",194.81,895.31,,,,"     ",3.60,20.33,10.96
532,444680719,"00532M01:41:34.232","00532 01:54:36",194.74,895.39,,,,"     ",3.60,20.23,10.91
532,444680720,"00532M01:41:35.205","00532 01:54:37",194.67,895.24,,,,"     ",3.60,20.37,10.98
532,444680721,"00532M01:41:36.178","00532 01:54:38",194.59,895.23,,,,"     ",3.60,20.29,10.94
532,444680722,"00532M01:41:37.152","00532 01:54:39",194.51,895.17,,,,"     ",3.60,20.13,10.85
532,444680723,"00532M01:41:38.125","00532 01:54:39",194.46,895.31,,,,"     ",3.60,20.28,10.94
532,444680724,"00532M01:41:39.098","00532 01:54:40",194.44,895.41,,,,"     ",3.60,20.27,10.93
532,444680725,"00532M01:41:40.071","00532 01:54:41",194.47,895.39,,,,"     ",3.60,20.29,10.95
532,444680726,"00532M01:41:41.045","00532 01:54:42",194.53,895.47,,,,"     ",3.60,20.30,10.95
532,444680727,"00532M01:41:42.018","00532 01:54:43",194.62,895.37,,,,"     ",3.60,20.55,11.08
532,444680728,"00532M01:41:42.991","00532 01:54:44",194.71,895.37,,,,"     ",3.60,20.45,11.03
532,444680729,"00532M01:41:43.964","00532 01:54:45",194.78,895.28,,,,"     ",3.60,20.33,10.97
532,444680730,"00532M01:41:44.938","00532 01:54:46",194.84,895.32,,,,"     ",3.60,20.28,10.94
532,444680731,"00532M01:41:45.911","00532 01:54:47",194.89,895.29,,,,"     ",3.60,20.24,10.92
532,444680732,"00532M01:41:46.884","00532 01:54:48",194.94,895.27,,,,"     ",3.60,20.44,11.03
532,444680733,"00532M01:41:47.857","00532 01:54:49",194.98,895.26,,,,"     ",3.60,20.38,11.00
532,444680734,"00532M01:41:48.831","00532 01:54:50",194.99,895.26,,,,"     ",3.60,20.35,10.98
532,444680735,"00532M01:41:49.804","00532 01:54:51",195.00,895.30,,,,"     ",3.60,20.30,10.95
532,444680736,"00532M01:41:50.777","00532 01:54:52",195.00,895.32,,,,"     ",3.60,20.38,11.00
532,444680737,"00532M01:41:51.750","00532 01:54:53",194.99,895.36,,,,"     ",3.60,20.39,11.01
532,444680738,"00532M01:41:52.724","00532 01:54:54",194.98,895.48,,,,"     ",3.60,20.28,10.95
532,444680739,"00532M01:41:53.697","00532 01:54:55",194.97,895.43,,,,"     ",3.60,20.38,11.00
532,444680740,"00532M01:41:54.670","00532 01:54:56",194.97,895.31,,,,"     ",3.60,20.36,10.99
532,444680741,"00532M01:41:55.643","00532 01:54:57",194.96,895.42,,,,"     ",3.60,20.36,10.99
532,444680742,"00532M01:41:56.617","00532 01:54:58",194.95,895.45,,,,"     ",3.60,20.36,10.99
532,444680743,"00532M01:41:57.590","00532 01:54:59",194.94,895.37,,,,"     ",3.60,20.28,10.95
532,444680744,"00532M01:41:58.563","00532 01:55:00",194.93,895.43,,,,"     ",3.60,20.40,11.01
532,444680745,"00532M01:41:59.537","00532 01:55:01",194.93,895.49,,,,"     ",3.60,20.42,11.02
532,444680746,"00532M01:42:00.510","00532 01:55:02",194.95,895.43,,,,"     ",3.60,20.39,11.01
532,444680747,"00532M01:42:01.483","00532 01:55:03",194.99,895.33,,,,"     ",3.60,20.35,10.98
532,444680748,"00532M01:42:02.456","00532 01:55:04",195.04,895.38,,,,"     ",3.60,20.36,10.99
532,444680749,"00532M01:42:03.430","00532 01:55:05",195.10,895.33,,,,"     ",3.60,20.39,11.01
532,444680750,"00532M01:42:04.403","00532 01:55:06",195.17,895.36,,,,"     ",3.60,20.38,11.00
532,444680751,"00532M01:42:05.376","00532 01:55:07",195.24,895.35,,,,"     ",3.60,20.73,11.20
532,444680752,"00532M01:42:06.349","00532 01:55:08",195.29,895.43,,,,"     ",3.60,20.25,10.93
532,444680753,"00532M01:42:07.323","00532 01:55:09",195.32,895.34,,,,"     ",3.60,20.34,10.98
532,444680754,"00532M01:42:08.296","00532 01:55:10",195.34,895.34,,,,"     ",3.60,20.28,10.94
532,444680755,"00532M01:42:09.269","00532 01:55:11",195.33,895.31,,,,"     ",3.60,20.38,11.00
532,444680756,"00532M01:42:10.242","00532 01:55:12",195.32,895.36,,,,"     ",3.60,20.41,11.01
532,444680757,"00532M01:42:11.216","00532 01:55:13",195.30,895.37,,,,"     ",3.60,20.35,10.98
532,444680758,"00532M01:42:12.189","00532 01:55:14",195.26,895.36,,,,"     ",3.60,20.39,11.00
532,444680759,"00532M01:42:13.162","00532 01:55:15",195.21,895.35,,,,"     ",3.60,20.31,10.96
532,444680760,"00532M01:42:14.135","00532 01:55:16",195.14,895.34,,,,"     ",3.60,20.38,11.00
532,444680761,"00532M01:42:15.109","00532 01:55:16",195.06,895.35,,,,"     ",3.60,20.40,11.01
532,444680762,"00532M01:42:16.082","00532 01:55:17",195.01,895.34,,,,"     ",3.60,20.38,10.99
532,444680763,"00532M01:42:17.055","00532 01:55:18",194.97,895.36,,,,"     ",3.60,20.40,11.00
532,444680764,"00532M01:42:18.028","00532 01:55:19",194.97,895.37,,,,"     ",3.60,20.37,10.99
532,444680765,"00532M01:42:19.002","00532 01:55:20",194.99,895.42,,,,"     ",3.60,20.36,10.98
532,444680766,"00532M01:42:19.975","00532 01:55:21",195.03,895.40,,,,"     ",3.60,20.39,11.00
532,444680767,"00532M01:42:20.948","00532 01:55:22",195.07,895.37,,,,"     ",3.60,20.31,10.96
532,444680768,"00532M01:42:21.921","00532 01:55:23",195.10,895.31,,,,"     ",3.60,20.42,11.01
532,444680769,"00532M01:42:22.895","00532 01:55:24",195.11,895.29,,,,"     ",3.60,20.42,11.01
532,444680770,"00532M01:42:23.868","00532 01:55:25",195.10,895.36,,,,"     ",3.60,20.33,10.96
532,444680771,"00532M01:42:24.841","00532 01:55:26",195.08,895.33,,,,"     ",3.60,20.37,10.98
532,444680772,"00532M01:42:25.814","00532 01:55:27",195.06,895.26,,,,"     ",3.60,20.29,10.94
532,444680773,"00532M01:42:26.788","00532 01:55:28",195.05,895.47,,,,"     ",3.60,20.35,10.98
532,444680774,"00532M01:42:27.761","00532 01:55:29",195.04,895.48,,,,"     ",3.60,20.34,10.97
532,444680775,"00532M01:42:28.734","00532 01:55:30",195.03,895.36,,,,"     ",3.60,20.29,10.94
532,444680776,"00532M01:42:29.707","00532 01:55:31",195.01,895.42,,,,"     ",3.60,20.38,10.99
532,444680777,"00532M01:42:30.681","00532 01:55:32",194.98,895.42,,,,"     ",3.60,20.68,11.15
532,444680778,"00532M01:42:31.654","00532 01:55:33",194.95,895.35,,,,"     ",3.60,20.38,10.99
532,444680779,"00532M01:42:32.627","00532 01:55:34",194.93,895.36,,,,"     ",3.60,20.34,10.97
532,444680780,"00532M01:42:33.600","00532 01:55:35",194.92,895.33,,,,"     ",3.60,20.42,11.01
532,444680781,"00532M01:42:34.574","00532 01:55:36",194.92,895.31,,,,"     ",3.60,20.34,10.96
532,444680782,"00532M01:42:35.547","00532 01:55:37",194.94,895.35,,,,"     ",3.60,20.45,11.02
532,444680783,"00532M01:42:36.520","00532 01:55:38",194.98,895.37,,,,"     ",3.60,20.38,10.99
532,444680784,"00532M01:42:37.493","00532 01:55:39",195.02,895.43,,,,"     ",3.60,20.41,11.00
532,444680785,"00532M01:42:38.467","00532 01:55:40",195.05,895.42,,,,"     ",3.60,20.42,11.01
532,444680786,"00532M01:42:39.440","00532 01:55:41",195.07,895.42,,,,"     ",3.60,20.42,11.01
532,444680787,"00532M01:42:40.413","00532 01:55:42",195.07,895.44,,,,"     ",3.60,20.44,11.02
532,444680788,"00532M01:42:41.386","00532 01:55:43",195.06,895.41,,,,"     ",3.60,20.31,10.94
532,444680789,"00532M01:42:42.360","00532 01:55:44",195.05,895.34,,,,"     ",3.60,20.40,10.99
532,444680790,"00532M01:42:43.333","00532 01:55:45",195.04,895.39,,,,"     ",3.60,20.40,10.99
532,444680791,"00532M01:42:44.306","00532 01:55:46",195.04,895.28,,,,"     ",3.60,20.41,10.99
532,444680792,"00532M01:42:45.279","00532 01:55:47",195.06,895.33,,,,"     ",3.60,20.45,11.01
532,444680793,"00532M01:42:46.253","00532 01:55:48",195.08,895.32,,,,"     ",3.60,20.40,10.98
532,444680794,"00532M01:42:47.226","00532 01:55:49",195.08,895.32,,,,"     ",3.60,20.39,10.98
532,444680795,"00532M01:42:48.199","00532 01:55:50",195.06,895.32,,,,"     ",3.60,20.42,10.99
532,444680796,"00532M01:42:49.172","00532 01:55:51",195.02,895.25,,,,"     ",3.60,20.37,10.96
532,444680797,"00532M01:42:50.146","00532 01:55:52",194.98,895.29,,,,"     ",3.60,20.32,10.94
532,444680798,"00532M01:42:51.119","00532 01:55:52",194.93,895.34,,,,"     ",3.60,20.35,10.95
532,444680799,"00532M01:42:52.092","00532 01:55:53",194.89,895.33,,,,"     ",3.60,20.39,10.98
532,444680800,"00532M01:42:53.065","00532 01:55:54",194.85,895.35,,,,"     ",3.60,20.45,11.01
532,444680801,"00532M01:42:54.039","00532 01:55:55",194.82,895.43,,,,"     ",3.60,20.39,10.98
532,444680802,"00532M01:42:55.012","00532 01:55:56",194.79,895.40,,,,"     ",3.60,20.44,11.00
532,444680803,"00532M01:42:55.985","00532 01:55:57",194.76,895.43,,,,"     ",3.60,20.38,10.97
532,444680804,"00532M01:42:56.958","00532 01:55:58",194.74,895.46,,,,"     ",3.60,20.43,11.00
532,444680805,"00532M01:42:57.932","00532 01:55:59",194.70,895.39,,,,"     ",3.60,20.36,10.96
532,444680806,"00532M01:42:58.905","00532 01:56:00",194.65,895.43,,,,"     ",3.60,20.39,10.98
532,444680807,"00532M01:42:59.878","00532 01:56:01",194.60,895.37,,,,"     ",3.60,20.42,10.99
532,444680808,"00532M01:43:00.851","00532 01:56:02",194.57,895.33,,,,"     ",3.60,20.40,10.98
532,444680809,"00532M01:43:01.825","00532 01:56:03",194.57,895.38,,,,"     ",3.60,20.41,10.99
532,444680810,"00532M01:43:02.798","00532 01:56:04",194.58,895.30,,,,"     ",3.60,20.41,10.98
532,444680811,"00532M01:43:03.771","00532 01:56:05",194.62,895.39,,,,"     ",3.60,20.46,11.02
532,444680812,"00532M01:43:04.744","00532 01:56:06",194.66,895.40,,,,"     ",3.60,20.49,11.03
532,444680813,"00532M01:43:05.718","00532 01:56:07",194.71,895.39,,,,"     ",3.60,20.41,10.99
532,444680814,"00532M01:43:06.691","00532 01:56:08",194.76,895.39,,,,"     ",3.60,20.39,10.97
532,444680815,"00532M01:43:07.664","00532 01:56:09",194.79,895.38,,,,"     ",3.60,20.37,10.97
532,444680816,"00532M01:43:08.637","00532 01:56:10",194.80,895.43,,,,"     ",3.60,20.32,10.94
532,444680817,"00532M01:43:09.611","00532 01:56:11",194.81,895.37,,,,"     ",3.60,20.42,11.00
532,444680818,"00532M01:43:10.584","00532 01:56:12",194.79,895.39,,,,"     ",3.60,20.43,11.00
532,444680819,"00532M01:43:11.557","00532 01:56:13",194.75,895.43,,,,"     ",3.60,20.38,10.97
532,444680820,"00532M01:43:12.531","00532 01:56:14",194.68,895.33,,,,"     ",3.60,20.33,10.95
532,444680821,"00532M01:43:13.504","00532 01:56:15",194.61,895.31,,,,"     ",3.60,20.45,11.01
532,444680822,"00532M01:43:14.477","00532 01:56:16",194.55,895.31,,,,"     ",3.60,19.96,10.75
532,444680823,"00532M01:43:15.450","00532 01:56:17",194.51,895.33,,,,"     ",3.60,20.47,11.03
532,444680824,"00532M01:43:16.424","00532 01:56:18",194.47,895.42,,,,"     ",3.60,20.47,11.03
532,444680825,"00532M01:43:17.397","00532 01:56:19",194.44,895.45,,,,"     ",3.60,20.37,10.97
532,444680826,"00532M01:43:18.370","00532 01:56:20",194.44,895.60,,,,"     ",3.60,20.42,11.00
532,444680827,"00532M01:43:19.343","00532 01:56:21",194.48,895.31,,,,"     ",3.60,20.37,10.97
532,444680828,"00532M01:43:20.317","00532 01:56:22",194.55,895.35,,,,"     ",3.60,20.36,10.96
532,444680829,"00532M01:43:21.290","00532 01:56:23",194.65,895.50,,,,"     ",3.60,20.42,11.00
532,444680830,"00532M01:43:22.263","00532 01:56:24",194.76,895.38,,,,"     ",3.60,20.42,10.99
532,444680831,"00532M01:43:23.236","00532 01:56:25",194.87,895.36,,,,"     ",3.60,20.39,10.98
532,444680832,"00532M01:43:24.210","00532 01:56:26",194.98,895.33,,,,"     ",3.60,20.47,11.02
532,444680833,"00532M01:43:25.183","00532 01:56:27",195.09,895.34,,,,"     ",3.60,20.47,11.02
532,444680834,"00532M01:43:26.156","00532 01:56:28",195.19,895.38,,,,"     ",3.60,20.39,10.97
532,444680835,"00532M01:43:27.129","00532 01:56:29",195.25,895.45,,,,"     ",3.60,20.38,10.97
532,444680836,"00532M01:43:28.103","00532 01:56:29",195.29,895.45,,,,"     ",3.60,20.45,11.01
532,444680837,"00532M01:43:29.076","00532 01:56:30",195.30,895.47,,,,"     ",3.60,20.41,10.99
532,444680838,"00532M01:43:30.049","00532 01:56:31",195.31,895.49,,,,"     ",3.60,20.51,11.04
532,444680839,"00532M01:43:31.022","00532 01:56:32",195.30,895.42,,,,"     ",3.60,20.49,11.03
532,444680840,"00532M01:43:31.996","00532 01:56:33",195.28,895.34,,,,"     ",3.60,20.42,10.99
532,444680841,"00532M01:43:32.969","00532 01:56:34",195.28,895.35,,,,"     ",3.60,20.46,11.01
532,444680842,"00532M01:43:33.942","00532 01:56:35",195.30,895.47,,,,"     ",3.60,20.45,11.00
532,444680843,"00532M01:43:34.915","00532 01:56:36",195.31,895.38,,,,"     ",3.60,20.40,10.97
532,444680844,"00532M01:43:35.889","00532 01:56:37",195.31,895.39,,,,"     ",3.60,20.45,11.00
532,444680845,"00532M01:43:36.862","00532 01:56:38",195.29,895.39,,,,"     ",3.60,20.49,11.02
532,444680846,"00532M01:43:37.835","00532 01:56:39",195.26,895.37,,,,"     ",3.60,20.38,10.96
532,444680847,"00532M01:43:38.808","00532 01:56:40",195.24,895.40,,,,"     ",3.60,20.46,11.00
532,444680848,"00532M01:43:39.782","00532 01:56:41",195.23,895.37,,,,"     ",3.60,20.53,11.04
532,444680849,"00532M01:43:40.755","00532 01:56:42",195.20,895.44,,,,"     ",3.60,20.46,11.00
532,444680850,"00532M01:43:41.728","00532 01:56:43",195.16,895.38,,,,"     ",3.60,20.36,10.94
532,444680851,"00532M01:43:42.701","00532 01:56:44",195.12,895.42,,,,"     ",3.60,20.68,11.13
532,444680852,"00532M01:43:43.675","00532 01:56:45",195.11,895.41,,,,"     ",3.60,20.44,10.99
532,444680853,"00532M01:43:44.648","00532 01:56:46",195.12,895.42,,,,"     ",3.60,20.47,11.00
532,444680854,"00532M01:43:45.621","00532 01:56:47",195.14,895.48,,,,"     ",3.60,20.41,10.97
532,444680855,"00532M01:43:46.594","00532 01:56:48",195.18,895.49,,,,"     ",3.60,20.44,10.98
532,444680856,"00532M01:43:47.568","00532 01:56:49",195.23,895.49,,,,"     ",3.60,20.45,10.99
532,444680857,"00532M01:43:48.541","00532 01:56:50",195.31,895.37,,,,"     ",3.60,20.46,10.99
532,444680858,"00532M01:43:49.514","00532 01:56:51",195.41,895.45,,,,"     ",3.60,20.42,10.96
532,444680859,"00532M01:43:50.487","00532 01:56:52",195.52,895.39,,,,"     ",3.60,20.45,10.98
532,444680860,"00532M01:43:51.461","00532 01:56:53",195.62,895.38,,,,"     ",3.60,20.48,10.99
532,444680861,"00532M01:43:52.434","00532 01:56:54",195.70,895.38,,,,"     ",3.60,20.47,10.99
532,444680862,"00532M01:43:53.407","00532 01:56:55",195.75,895.41,,,,"     ",3.60,20.46,10.98
532,444680863,"00532M01:43:54.380","00532 01:56:56",195.77,895.41,,,,"     ",3.60,20.40,10.95
532,444680864,"00532M01:43:55.354","00532 01:56:57",195.75,895.47,,,,"     ",3.60,20.40,10.94
532,444680865,"00532M01:43:56.327","00532 01:56:58",195.73,895.45,,,,"     ",3.60,20.52,11.01
532,444680866,"00532M01:43:57.300","00532 01:56:59",195.70,895.43,,,,"     ",3.60,20.50,10.99
532,444680867,"00532M01:43:58.273","00532 01:57:00",195.68,895.46,,,,"     ",3.60,20.38,10.93
532,444680868,"00532M01:43:59.247","00532 01:57:01",195.66,895.35,,,,"     ",3.60,20.41,10.94
532,444680869,"00532M01:44:00.220","00532 01:57:02",195.64,895.39,,,,"     ",3.60,20.48,10.97
532,444680870,"00532M01:44:01.193","00532 01:57:03",195.62,895.33,,,,"     ",3.60,20.49,10.98
532,444680871,"00532M01:44:02.166","00532 01:57:04",195.62,895.36,,,,"     ",3.60,20.50,10.98
532,444680872,"00532M01:44:03.140","00532 01:57:05",195.63,895.60,,,,"     ",3.60,20.42,10.94
532,444680873,"00532M01:44:04.113","00532 01:57:06",195.66,895.61,,,,"     ",3.60,20.53,11.00
532,444680874,"00532M01:44:05.086","00532 01:57:06",195.70,895.50,,,,"     ",3.60,20.56,11.01
532,444680875,"00532M01:44:06.059","00532 01:57:07",195.71,895.51,,,,"     ",3.60,20.35,10.89
532,444680876,"00532M01:44:07.033","00532 01:57:08",195.73,895.56,,,,"     ",3.60,20.72,11.10
532,444680877,"00532M01:44:08.006","00532 01:57:09",195.76,895.37,,,,"     ",3.60,20.47,10.96
532,444680878,"00532M01:44:08.979","00532 01:57:10",195.78,895.39,,,,"     ",3.60,20.45,10.94
532,444680879,"00532M01:44:09.952","00532 01:57:11",195.81,895.43,,,,"     ",3.60,20.49,10.96
532,444680880,"00532M01:44:10.926","00532 01:57:12",195.83,895.43,,,,"     ",3.60,20.47,10.95
532,444680881,"00532M01:44:11.899","00532 01:57:13",195.85,895.41,,,,"     ",3.60,20.53,10.98
532,444680882,"00532M01:44:12.872","00532 01:57:14",195.85,895.39,,,,"     ",3.60,20.50,10.96
532,444680883,"00532M01:44:13.845","00532 01:57:15",195.86,895.51,,,,"     ",3.60,20.53,10.98
532,444680884,"00532M01:44:14.819","00532 01:57:16",195.85,895.43,,,,"     ",3.60,20.45,10.93
532,444680885,"00532M01:44:15.792","00532 01:57:17",195.84,895.49,,,,"     ",3.60,20.49,10.95
532,444680886,"00532M01:44:16.765","00532 01:57:18",195.82,895.40,,,,"     ",3.60,20.40,10.90
532,444680887,"00532M01:44:17.738","00532 01:57:19",195.80,895.41,,,,"     ",3.60,20.41,10.91
532,444680888,"00532M01:44:18.712","00532 01:57:20",195.78,895.35,,,,"     ",3.60,20.38,10.89
532,444680889,"00532M01:44:19.685","00532 01:57:21",195.74,895.45,,,,"     ",3.60,20.29,10.84
532,444680890,"00532M01:44:20.658","00532 01:57:22",195.69,895.46,,,,"     ",3.60,20.52,10.96
532,444680891,"00532M01:44:21.632","00532 01:57:23",195.65,895.48,,,,"     ",3.60,20.43,10.91
532,444680892,"00532M01:44:22.605","00532 01:57:24",195.61,895.49,,,,"     ",3.60,20.44,10.92
532,444680893,"00532M01:44:23.578","00532 01:57:25",195.58,895.48,,,,"     ",3.60,20.54,10.97
532,444680894,"00532M01:44:24.551","00532 01:57:26",195.55,895.44,,,,"     ",3.60,20.50,10.95
532,444680895,"00532M01:44:25.525","00532 01:57:27",195.53,895.42,,,,"     ",3.60,20.52,10.95
532,444680896,"00532M01:44:26.498","00532 01:57:28",195.53,895.50,,,,"     ",3.60,20.50,10.95
532,444680897,"00532M01:44:27.471","00532 01:57:29",195.54,895.36,,,,"     ",3.60,20.47,10.92
532,444680898,"00532M01:44:28.444","00532 01:57:30",195.55,895.39,,,,"     ",3.60,20.46,10.92
532,444680899,"00532M01:44:29.418","00532 01:57:31",195.56,895.39,,,,"     ",3.60,20.47,10.92
532,444680900,"00532M01:44:30.391","00532 01:57:32",195.56,895.36,,,,"     ",3.60,20.41,10.90
532,444680901,"00532M01:44:31.364","00532 01:57:33",195.55,895.44,,,,"     ",3.60,20.41,10.89
532,444680902,"00532M01:44:32.337","00532 01:57:34",195.51,895.45,,,,"     ",3.60,20.41,10.89
532,444680903,"00532M01:44:33.311","00532 01:57:35",195.45,895.52,,,,"     ",3.60,20.54,10.96
532,444680904,"00532M01:44:34.284","00532 01:57:36",195.37,895.42,,,,"     ",3.60,20.41,10.89
532,444680905,"00532M01:44:35.257","00532 01:57:37",195.30,895.51,,,,"     ",3.60,20.50,10.94
532,444680906,"00532M01:44:36.230","00532 01:57:38",195.22,895.54,,,,"     ",3.60,20.50,10.94
532,444680907,"00532M01:44:37.204","00532 01:57:39",195.16,895.44,,,,"     ",3.60,20.44,10.91
532,444680908,"00532M01:44:38.177","00532 01:57:40",195.10,895.41,,,,"     ",3.60,20.44,10.91
532,444680909,"00532M01:44:39.150","00532 01:57:41",195.06,895.43,,,,"     ",3.60,20.40,10.88
532,444680910,"00532M01:44:40.123","00532 01:57:42",195.03,895.43,,,,"     ",3.60,20.47,10.92
532,444680911,"00532M01:44:41.097","00532 01:57:42",195.00,895.41,,,,"     ",3.60,20.39,10.88
532,444680912,"00532M01:44:42.070","00532 01:57:43",194.98,895.44,,,,"     ",3.60,20.33,10.85
532,444680913,"00532M01:44:43.043","00532 01:57:44",194.94,895.39,,,,"     ",3.60,20.49,10.94
532,444680914,"00532M01:44:44.016","00532 01:57:45",194.89,895.47,,,,"     ",3.60,20.52,10.96
532,444680915,"00532M01:44:44.990","00532 01:57:46",194.82,895.49,,,,"     ",3.60,20.37,10.87
532,444680916,"00532M01:44:45.963","00532 01:57:47",194.75,895.52,,,,"     ",3.60,20.45,10.92
532,444680917,"00532M01:44:46.936","00532 01:57:48",194.68,895.50,,,,"     ",3.60,20.44,10.91
532,444680918,"00532M01:44:47.909","00532 01:57:49",194.62,895.50,,,,"     ",3.60,20.75,11.09
532,444680919,"00532M01:44:48.883","00532 01:57:50",194.57,895.53,,,,"     ",3.60,20.43,10.91
532,444680920,"00532M01:44:49.856","00532 01:57:51",194.54,895.31,,,,"     ",3.60,20.43,10.91
532,444680921,"00532M01:44:50.829","00532 01:57:52",194.52,895.27,,,,"     ",3.60,20.38,10.88
532,444680922,"00532M01:44:51.802","00532 01:57:53",194.53,895.10,,,,"     ",3.60,20.42,10.90
532,444680923,"00532M01:44:52.776","00532 01:57:54",194.54,895.34,,,,"     ",3.60,20.41,10.90
532,444680924,"00532M01:44:53.749","00532 01:57:55",194.56,895.46,,,,"     ",3.60,20.43,10.91
532,444680925,"00532M01:44:54.722","00532 01:57:56",194.59,895.51,,,,"     ",3.60,20.37,10.88
532,444680926,"00532M01:44:55.695","00532 01:57:57",194.63,895.58,,,,"     ",3.60,20.49,10.95
532,444680927,"00532M01:44:56.669","00532 01:57:58",194.67,895.39,,,,"     ",3.60,20.55,10.98
532,444680928,"00532M01:44:57.642","00532 01:57:59",194.69,895.40,,,,"     ",3.60,20.39,10.89
532,444680929,"00532M01:44:58.615","00532 01:58:00",194.71,895.48,,,,"     ",3.60,20.38,10.89
532,444680930,"00532M01:44:59.588","00532 01:58:01",194.72,895.42,,,,"     ",3.60,20.38,10.89
532,444680931,"00532M01:45:00.562","00532 01:58:02",194.72,895.40,,,,"     ",3.60,20.53,10.97
532,444680932,"00532M01:45:01.535","00532 01:58:03",194.72,895.39,,,,"     ",3.60,20.40,10.90
532,444680933,"00532M01:45:02.508","00532 01:58:04",194.71,895.55,,,,"     ",3.60,20.44,10.93
532,444680934,"00532M01:45:03.481","00532 01:58:05",194.69,895.49,,,,"     ",3.60,20.37,10.89
532,444680935,"00532M01:45:04.455","00532 01:58:06",194.68,895.50,,,,"     ",3.60,20.41,10.91
532,444680936,"00532M01:45:05.428","00532 01:58:07",194.67,895.53,,,,"     ",3.60,20.48,10.95
532,444680937,"00532M01:45:06.401","00532 01:58:08",194.67,895.51,,,,"     ",3.60,20.32,10.86
532,444680938,"00532M01:45:07.374","00532 01:58:09",194.68,895.50,,,,"     ",3.60,20.32,10.87
532,444680939,"00532M01:45:08.348","00532 01:58:10",194.69,895.45,,,,"     ",3.60,20.32,10.86
532,444680940,"00532M01:45:09.321","00532 01:58:11",194.70,895.43,,,,"     ",3.60,20.45,10.93
532,444680941,"00532M01:45:10.294","00532 01:58:12",194.68,895.53,,,,"     ",3.60,20.41,10.91
532,444680942,"00532M01:45:11.267","00532 01:58:13",194.66,895.42,,,,"     ",3.60,20.41,10.91
532,444680943,"00532M01:45:12.241","00532 01:58:14",194.62,895.49,,,,"     ",3.60,20.33,10.87
532,444680944,"00532M01:45:13.214","00532 01:58:15",194.55,895.42,,,,"     ",3.60,20.39,10.90
532,444680945,"00532M01:45:14.187","00532 01:58:16",194.45,895.36,,,,"     ",3.60,20.40,10.91
532,444680946,"00532M01:45:15.160","00532 01:58:17",194.34,895.43,,,,"     ",3.60,20.41,10.91
532,444680947,"00532M01:45:16.134","00532 01:58:18",194.21,895.40,,,,"     ",3.60,20.29,10.85
532,444680948,"00532M01:45:17.107","00532 01:58:19",194.10,895.51,,,,"     ",3.60,20.33,10.87
532,444680949,"00532M01:45:18.080","00532 01:58:19",194.01,895.55,,,,"     ",3.60,20.35,10.89
532,444680950,"00532M01:45:19.053","00532 01:58:20",193.95,895.51,,,,"     ",3.60,20.32,10.87
532,444680951,"00532M01:45:20.027","00532 01:58:21",193.93,895.56,,,,"     ",3.60,20.38,10.90
532,444680952,"00532M01:45:21.000","00532 01:58:22",193.95,895.52,,,,"     ",3.60,20.33,10.88
532,444680953,"00532M01:45:21.973","00532 01:58:23",194.00,895.46,,,,"     ",3.60,20.38,10.90
532,444680954,"00532M01:45:22.946","00532 01:58:24",194.09,895.41,,,,"     ",3.60,20.37,10.90
532,444680955,"00532M01:45:23.920","00532 01:58:25",194.18,895.43,,,,"     ",3.60,20.43,10.93
532,444680956,"00532M01:45:24.893","00532 01:58:26",194.29,895.46,,,,"     ",3.60,20.16,10.79
532,444680957,"00532M01:45:25.866","00532 01:58:27",194.39,895.46,,,,"     ",3.60,20.47,10.96
532,444680958,"00532M01:45:26.839","00532 01:58:28",194.49,895.56,,,,"     ",3.60,20.39,10.92
532,444680959,"00532M01:45:27.813","00532 01:58:29",194.58,895.54,,,,"     ",3.60,20.43,10.94
532,444680960,"00532M01:45:28.786","00532 01:58:30",194.65,895.52,,,,"     ",3.60,20.36,10.90
532,444680961,"00532M01:45:29.759","00532 01:58:31",194.70,895.56,,,,"     ",3.60,20.44,10.94
532,444680962,"00532M01:45:30.733","00532 01:58:32",194.74,895.47,,,,"     ",3.60,20.43,10.93
532,444680963,"00532M01:45:31.706","00532 01:58:33",194.74,895.48,,,,"     ",3.60,20.31,10.87
532,444680964,"00532M01:45:32.679","00532 01:58:34",194.72,895.53,,,,"     ",3.60,20.26,10.85
532,444680965,"00532M01:45:33.652","00532 01:58:35",194.69,895.46,,,,"     ",3.60,20.34,10.89
532,444680966,"00532M01:45:34.626","00532 01:58:36",194.66,895.38,,,,"     ",3.60,20.39,10.91
532,444680967,"00532M01:45:35.599","00532 01:58:37",194.64,895.44,,,,"     ",3.60,20.40,10.92
532,444680968,"00532M01:45:36.572","00532 01:58:38",194.63,895.52,,,,"     ",3.60,20.38,10.91
532,444680969,"00532M01:45:37.545","00532 01:58:39",194.64,895.37,,,,"     ",3.60,20.37,10.90
532,444680970,"00532M01:45:38.519","00532 01:58:40",194.64,895.48,,,,"     ",3.60,20.28,10.86
532,444680971,"00532M01:45:39.492","00532 01:58:41",194.63,895.49,,,,"     ",3.60,20.36,10.89
532,444680972,"00532M01:45:40.465","00532 01:58:42",194.60,895.55,,,,"     ",3.60,20.17,10.80
532,444680973,"00532M01:45:41.438","00532 01:58:43",194.55,895.68,,,,"     ",3.60,20.30,10.87
532,444680974,"00532M01:45:42.412","00532 01:58:44",194.49,895.58,,,,"     ",3.60,20.33,10.88
532,444680975,"00532M01:45:43.385","00532 01:58:45",194.43,895.44,,,,"     ",3.60,20.38,10.91
532,444680976,"00532M01:45:44.358","00532 01:58:46",194.42,895.49,,,,"     ",3.60,20.33,10.88
532,444680977,"00532M01:45:45.331","00532 01:58:47",194.44,895.36,,,,"     ",3.60,20.34,10.88
532,444680978,"00532M01:45:46.305","00532 01:58:48",194.46,895.42,,,,"     ",3.60,20.33,10.88
532,444680979,"00532M01:45:47.278","00532 01:58:49",194.47,895.49,,,,"     ",3.60,20.31,10.86
532,444680980,"00532M01:45:48.251","00532 01:58:50",194.46,895.47,,,,"     ",3.60,20.31,10.87
532,444680981,"00532M01:45:49.224","00532 01:58:51",194.45,895.49,,,,"     ",3.60,20.31,10.86
532,444680982,"00532M01:45:50.198","00532 01:58:52",194.44,895.51,,,,"     ",3.60,20.25,10.84
532,444680983,"00532M01:45:51.171","00532 01:58:53",194.42,895.51,,,,"     ",3.60,20.37,10.90
532,444680984,"00532M01:45:52.144","00532 01:58:54",194.40,895.43,,,,"     ",3.60,20.35,10.88
532,444680985,"00532M01:45:53.117","00532 01:58:55",194.38,895.46,,,,"     ",3.60,20.63,11.05
532,444680986,"00532M01:45:54.091","00532 01:58:55",194.36,895.40,,,,"     ",3.60,20.40,10.91
532,444680987,"00532M01:45:55.064","00532 01:58:56",194.33,895.39,,,,"     ",3.60,20.35,10.88
532,444680988,"00532M01:45:56.037","00532 01:58:57",194.30,895.45,,,,"     ",3.60,20.35,10.88
532,444680989,"00532M01:45:57.010","00532 01:58:58",194.26,895.44,,,,"     ",3.60,20.34,10.88
532,444680990,"00532M01:45:57.984","00532 01:58:59",195.01,895.52,,,,"     ",3.60,20.38,10.90
532,444680991,"00532M01:45:58.957","00532 01:59:00",194.96,895.54,,,,"     ",3.60,20.33,10.87
532,444680992,"00532M01:45:59.930","00532 01:59:01",194.92,895.54,,,,"     ",3.60,20.36,10.88
532,444680993,"00532M01:46:00.903","00532 01:59:02",194.88,895.53,,,,"     ",3.60,20.32,10.86
532,444680994,"00532M01:46:01.877","00532 01:59:03",194.85,895.61,,,,"     ",3.60,20.40,10.90
532,444680995,"00532M01:46:02.850","00532 01:59:04",194.81,895.61,,,,"     ",3.60,20.27,10.83
532,444680996,"00532M01:46:03.823","00532 01:59:05",194.78,895.57,,,,"     ",3.60,20.36,10.88
532,444680997,"00532M01:46:04.796","00532 01:59:06",194.76,895.51,,,,"     ",3.60,20.38,10.89
532,444680998,"00532M01:46:05.770","00532 01:59:07",194.74,895.55,,,,"     ",3.60,20.39,10.89
532,444680999,"00532M01:46:06.743","00532 01:59:08",194.72,895.49,,,,"     ",3.60,20.39,10.89
532,444681000,"00532M01:46:07.716","00532 01:59:09",194.70,895.50,,,,"     ",3.60,20.32,10.85
532,444681001,"00532M01:46:08.689","00532 01:59:10",194.69,895.51,,,,"     ",3.60,20.34,10.86
532,444681002,"00532M01:46:09.663","00532 01:59:11",194.68,895.44,,,,"     ",3.60,20.37,10.88
532,444681003,"00532M01:46:10.636","00532 01:59:12",194.68,895.53,,,,"     ",3.60,20.30,10.84
532,444681004,"00532M01:46:11.609","00532 01:59:13",194.68,895.44,,,,"     ",3.60,20.41,10.90
532,444681005,"00532M01:46:12.582","00532 01:59:14",194.67,895.52,,,,"     ",3.60,20.35,10.87
532,444681006,"00532M01:46:13.556","00532 01:59:15",194.67,895.57,,,,"     ",3.60,20.32,10.85
532,444681007,"00532M01:46:14.529","00532 01:59:16",194.67,895.56,,,,"     ",3.60,20.41,10.90
532,444681008,"00532M01:46:15.502","00532 01:59:17",194.67,895.56,,,,"     ",3.60,20.31,10.84
532,444681009,"00532M01:46:16.475","00532 01:59:18",194.68,895.48,,,,"     ",3.60,20.29,10.83
532,444681010,"00532M01:46:17.449","00532 01:59:19",194.69,895.42,,,,"     ",3.60,20.38,10.88
532,444681011,"00532M01:46:18.422","00532 01:59:20",194.73,895.43,,,,"     ",3.60,20.35,10.86
532,444681012,"00532M01:46:19.395","00532 01:59:21",194.77,895.57,,,,"     ",3.60,20.23,10.80
532,444681013,"00532M01:46:20.368","00532 01:59:22",194.81,895.47,,,,"     ",3.60,20.40,10.89
532,444681014,"00532M01:46:21.342","00532 01:59:23",194.85,895.41,,,,"     ",3.60,20.24,10.81
532,444681015,"00532M01:46:22.315","00532 01:59:24",194.87,895.44,,,,"     ",3.60,20.34,10.86
532,444681016,"00532M01:46:23.288","00532 01:59:25",194.88,895.46,,,,"     ",3.60,20.33,10.86
532,444681017,"00532M01:46:24.261","00532 01:59:26",194.87,895.54,,,,"     ",3.60,20.31,10.84
532,444681018,"00532M01:46:25.235","00532 01:59:27",194.85,895.42,,,,"     ",3.60,20.38,10.88
532,444681019,"00532M01:46:26.208","00532 01:59:28",194.81,895.45,,,,"     ",3.60,20.30,10.84
532,444681020,"00532M01:46:27.181","00532 01:59:29",194.76,895.51,,,,"     ",3.60,20.33,10.86
532,444681021,"00532M01:46:28.154","00532 01:59:30",194.70,895.39,,,,"     ",3.60,20.32,10.85
532,444681022,"00532M01:46:29.128","00532 01:59:31",194.63,895.26,,,,"     ",3.60,20.34,10.86
532,444681023,"00532M01:46:30.101","00532 01:59:32",194.57,895.32,,,,"     ",3.60,19.95,10.66
532,444681024,"00532M01:46:31.074","00532 01:59:32",194.51,895.48,,,,"     ",3.60,20.34,10.87
532,444681025,"00532M01:46:32.047","00532 01:59:33",194.45,895.51,,,,"     ",3.60,20.45,10.92
532,444681026,"00532M01:46:33.021","00532 01:59:34",194.40,895.58,,,,"     ",3.60,20.33,10.86
532,444681027,"00532M01:46:33.994","00532 01:59:35",194.35,895.55,,,,"     ",3.60,20.29,10.84
532,444681028,"00532M01:46:34.967","00532 01:59:36",194.31,895.39,,,,"     ",3.60,20.33,10.86
532,444681029,"00532M01:46:35.940","00532 01:59:37",194.26,895.49,,,,"     ",3.60,20.28,10.84
532,444681030,"00532M01:46:36.914","00532 01:59:38",194.22,895.58,,,,"     ",3.60,20.42,10.91
532,444681031,"00532M01:46:37.887","00532 01:59:39",194.18,895.61,,,,"     ",3.60,20.30,10.85
532,444681032,"00532M01:46:38.860","00532 01:59:40",194.14,895.57,,,,"     ",3.60,20.25,10.83
532,444681033,"00532M01:46:39.834","00532 01:59:41",194.10,895.58,,,,"     ",3.60,20.36,10.88
532,444681034,"00532M01:46:40.807","00532 01:59:42",194.06,895.52,,,,"     ",3.60,20.24,10.82
532,444681035,"00532M01:46:41.780","00532 01:59:43",194.02,895.50,,,,"     ",3.60,20.28,10.84
532,444681036,"00532M01:46:42.753","00532 01:59:44",193.98,895.60,,,,"     ",3.60,20.32,10.86
532,444681037,"00532M01:46:43.727","00532 01:59:45",193.94,895.59,,,,"     ",3.60,20.28,10.84
532,444681038,"00532M01:46:44.700","00532 01:59:46",193.90,895.54,,,,"     ",3.60,20.33,10.87
532,444681039,"00532M01:46:45.673","00532 01:59:47",193.86,895.53,,,,"     ",3.60,20.27,10.84
532,444681040,"00532M01:46:46.646","00532 01:59:48",193.80,895.47,,,,"     ",3.60,20.35,10.89
532,444681041,"00532M01:46:47.620","00532 01:59:49",193.73,895.51,,,,"     ",3.60,20.23,10.82
532,444681042,"00532M01:46:48.593","00532 01:59:50",193.66,895.49,,,,"     ",3.60,20.32,10.87
532,444681043,"00532M01:46:49.566","00532 01:59:51",193.59,895.49,,,,"     ",3.60,20.31,10.87
532,444681044,"00532M01:46:50.539","00532 01:59:52",193.53,895.49,,,,"     ",3.60,20.26,10.84
532,444681045,"00532M01:46:51.513","00532 01:59:53",193.47,895.50,,,,"     ",3.60,20.31,10.87
532,444681046,"00532M01:46:52.486","00532 01:59:54",193.43,895.54,,,,"     ",3.60,20.30,10.86
532,444681047,"00532M01:46:53.459","00532 01:59:55",193.39,895.53,,,,"     ",3.60,20.28,10.85
532,444681048,"00532M01:46:54.432","00532 01:59:56",193.37,895.47,,,,"     ",3.60,20.29,10.86
532,444681049,"00532M01:46:55.406","00532 01:59:57",193.35,895.46,,,,"     ",3.60,20.27,10.85
532,444681050,"00532M01:46:56.379","00532 01:59:58",193.34,895.40,,,,"     ",3.60,20.25,10.84
532,444681051,"00532M01:46:57.352","00532 01:59:59",193.33,895.45,,,,"     ",3.60,20.27,10.86
532,444681052,"00532M01:46:58.325","00532 02:00:00",193.32,895.47,,,,"     ",3.60,20.27,10.86
532,444681053,"00532M01:46:59.299","00532 02:00:01",193.30,895.49,,,,"     ",3.60,20.25,10.85
532,444681054,"00532M01:47:00.272","00532 02:00:02",193.28,895.43,,,,"     ",3.60,20.20,10.82
532,444681055,"00532M01:47:01.245","00532 02:00:03",193.27,895.54,,,,"     ",3.60,20.20,10.82
532,444681056,"00532M01:47:02.218","00532 02:00:04",193.25,895.56,,,,"     ",3.60,20.20,10.82
532,444681057,"00532M01:47:03.192","00532 02:00:05",193.23,895.53,,,,"     ",3.60,20.24,10.85
532,444681058,"00532M01:47:04.165","00532 02:00:06",193.21,895.50,,,,"     ",3.60,20.25,10.86
532,444681059,"00532M01:47:05.138","00532 02:00:07",193.20,895.56,,,,"     ",3.60,20.23,10.84
532,444681060,"00532M01:47:06.111","00532 02:00:08",193.19,895.49,,,,"     ",3.60,20.25,10.86
532,444681061,"00532M01:47:07.085","00532 02:00:08",193.17,895.51,,,,"     ",3.60,20.25,10.86
532,444681062,"00532M01:47:08.058","00532 02:00:09",193.17,895.48,,,,"     ",3.60,20.29,10.88
532,444681063,"00532M01:47:09.031","00532 02:00:10",193.15,895.49,,,,"     ",3.60,20.24,10.86
532,444681064,"00532M01:47:10.004","00532 02:00:11",193.13,895.45,,,,"     ",3.60,20.33,10.90
532,444681065,"00532M01:47:10.978","00532 02:00:12",193.10,895.48,,,,"     ",3.60,20.24,10.86
532,444681066,"00532M01:47:11.951","00532 02:00:13",193.07,895.60,,,,"     ",3.60,20.29,10.89
532,444681067,"00532M01:47:12.924","00532 02:00:14",193.05,895.50,,,,"     ",3.60,20.27,10.88
532,444681068,"00532M01:47:13.897","00532 02:00:15",193.02,895.50,,,,"     ",3.60,20.25,10.87
532,444681069,"00532M01:47:14.871","00532 02:00:16",192.99,895.49,,,,"     ",3.60,20.24,10.87
532,444681070,"00532M01:47:15.844","00532 02:00:17",192.97,895.50,,,,"     ",3.60,20.22,10.85
532,444681071,"00532M01:47:16.817","00532 02:00:18",192.96,895.51,,,,"     ",3.60,20.18,10.84
532,444681072,"00532M01:47:17.790","00532 02:00:19",192.97,895.43,,,,"     ",3.60,20.19,10.84
532,444681073,"00532M01:47:18.764","00532 02:00:20",192.99,895.56,,,,"     ",3.60,19.94,10.71
532,444681074,"00532M01:47:19.737","00532 02:00:21",193.02,895.57,,,,"     ",3.60,20.19,10.85
532,444681075,"00532M01:47:20.710","00532 02:00:22",193.05,895.42,,,,"     ",3.60,20.14,10.82
532,444681076,"00532M01:47:21.683","00532 02:00:23",193.08,895.59,,,,"     ",3.60,20.19,10.85
532,444681077,"00532M01:47:22.657","00532 02:00:24",193.10,895.70,,,,"     ",3.60,20.15,10.83
532,444681078,"00532M01:47:23.630","00532 02:00:25",193.11,895.51,,,,"     ",3.60,20.20,10.86
532,444681079,"00532M01:47:24.603","00532 02:00:26",193.12,895.53,,,,"     ",3.60,20.20,10.86
532,444681080,"00532M01:47:25.576","00532 02:00:27",193.12,895.52,,,,"     ",3.60,20.30,10.92
532,444681081,"00532M01:47:26.550","00532 02:00:28",193.11,895.49,,,,"     ",3.60,20.24,10.88
532,444681082,"00532M01:47:27.523","00532 02:00:29",193.09,895.54,,,,"     ",3.60,20.23,10.88
532,444681083,"00532M01:47:28.496","00532 02:00:30",193.06,895.57,,,,"     ",3.60,20.22,10.88
532,444681084,"00532M01:47:29.469","00532 02:00:31",193.03,895.50,,,,"     ",3.60,20.18,10.85
532,444681085,"00532M01:47:30.443","00532 02:00:32",193.01,895.54,,,,"     ",3.60,20.22,10.88
532,444681086,"00532M01:47:31.416","00532 02:00:33",192.98,895.63,,,,"     ",3.60,20.32,10.93
532,444681087,"00532M01:47:32.389","00532 02:00:34",192.96,895.51,,,,"     ",3.60,20.19,10.87
532,444681088,"00532M01:47:33.362","00532 02:00:35",192.92,895.50,,,,"     ",3.60,20.22,10.89
532,444681089,"00532M01:47:34.336","00532 02:00:36",192.88,895.49,,,,"     ",3.60,20.11,10.82
532,444681090,"00532M01:47:35.309","00532 02:00:37",192.84,895.52,,,,"     ",3.60,19.94,10.73
532,444681091,"00532M01:47:36.282","00532 02:00:38",192.79,895.57,,,,"     ",3.60,20.16,10.86
532,444681092,"00532M01:47:37.255","00532 02:00:39",192.73,895.54,,,,"     ",3.60,20.28,10.92
532,444681093,"00532M01:47:38.229","00532 02:00:40",192.68,895.61,,,,"     ",3.60,20.23,10.90
532,444681094,"00532M01:47:39.202","00532 02:00:41",192.62,895.54,,,,"     ",3.60,20.22,10.90
532,444681095,"00532M01:47:40.175","00532 02:00:42",192.57,895.49,,,,"     ",3.60,20.10,10.82
532,444681096,"00532M01:47:41.148","00532 02:00:43",192.54,895.53,,,,"     ",3.60,20.22,10.89
532,444681097,"00532M01:47:42.122","00532 02:00:44",192.51,895.45,,,,"     ",3.60,20.19,10.88
532,444681098,"00532M01:47:43.095","00532 02:00:45",192.50,895.42,,,,"     ",3.60,20.25,10.91
532,444681099,"00532M01:47:44.068","00532 02:00:45",192.51,895.45,,,,"     ",3.60,20.17,10.87
532,444681100,"00532M01:47:45.041","00532 02:00:46",192.53,895.45,,,,"     ",3.60,20.20,10.89
532,444681101,"00532M01:47:46.015","00532 02:00:47",192.55,895.52,,,,"     ",3.60,20.18,10.88
532,444681102,"00532M01:47:46.988","00532 02:00:48",192.59,895.52,,,,"     ",3.60,20.21,10.90
532,444681103,"00532M01:47:47.961","00532 02:00:49",192.62,895.50,,,,"     ",3.60,20.22,10.90
532,444681104,"00532M01:47:48.935","00532 02:00:50",192.66,895.45,,,,"     ",3.60,20.24,10.92
532,444681105,"00532M01:47:49.908","00532 02:00:51",192.68,895.49,,,,"     ",3.60,20.15,10.86
532,444681106,"00532M01:47:50.881","00532 02:00:52",192.70,895.48,,,,"     ",3.60,20.24,10.92
532,444681107,"00532M01:47:51.854","00532 02:00:53",192.72,895.55,,,,"     ",3.60,20.22,10.91
532,444681108,"00532M01:47:52.828","00532 02:00:54",192.74,895.59,,,,"     ",3.60,20.21,10.90
532,444681109,"00532M01:47:53.801","00532 02:00:55",192.76,895.59,,,,"     ",3.60,20.22,10.91
532,444681110,"00532M01:47:54.774","00532 02:00:56",192.78,895.52,,,,"     ",3.60,20.28,10.94
532,444681111,"00532M01:47:55.747","00532 02:00:57",192.80,895.61,,,,"     ",3.60,20.27,10.94
532,444681112,"00532M01:47:56.721","00532 02:00:58",192.81,895.62,,,,"     ",3.60,20.23,10.92
532,444681113,"00532M01:47:57.694","00532 02:00:59",192.82,895.61,,,,"     ",3.60,20.22,10.92
532,444681114,"00532M01:47:58.667","00532 02:01:00",192.83,895.60,,,,"     ",3.60,20.22,10.92
532,444681115,"00532M01:47:59.640","00532 02:01:01",192.84,895.56,,,,"     ",3.60,20.14,10.88
532,444681116,"00532M01:48:00.614","00532 02:01:02",192.85,895.48,,,,"     ",3.60,20.24,10.93
532,444681117,"00532M01:48:01.587","00532 02:01:03",192.84,895.51,,,,"     ",3.60,20.26,10.94
532,444681118,"00532M01:48:02.560","00532 02:01:04",192.84,895.54,,,,"     ",3.60,20.23,10.93
532,444681119,"00532M01:48:03.533","00532 02:01:05",192.82,895.50,,,,"     ",3.60,20.23,10.93
532,444681120,"00532M01:48:04.507","00532 02:01:06",192.82,895.50,,,,"     ",3.60,20.18,10.90
532,444681121,"00532M01:48:05.480","00532 02:01:07",192.81,895.51,,,,"     ",3.60,20.15,10.88
532,444681122,"00532M01:48:06.453","00532 02:01:08",192.80,895.57,,,,"     ",3.60,20.15,10.89
532,444681123,"00532M01:48:07.426","00532 02:01:09",192.78,895.63,,,,"     ",3.60,20.19,10.91
532,444681124,"00532M01:48:08.400","00532 02:01:10",192.77,895.81,,,,"     ",3.60,20.16,10.89
532,444681125,"00532M01:48:09.373","00532 02:01:11",192.76,895.75,,,,"     ",3.60,20.22,10.93
532,444681126,"00532M01:48:10.346","00532 02:01:12",192.75,895.62,,,,"     ",3.60,20.17,10.90
532,444681127,"00532M01:48:11.319","00532 02:01:13",192.74,895.59,,,,"     ",3.60,20.14,10.88
532,444681128,"00532M01:48:12.293","00532 02:01:14",192.73,895.62,,,,"     ",3.60,20.41,11.04
532,444681129,"00532M01:48:13.266","00532 02:01:15",192.72,895.44,,,,"     ",3.60,20.16,10.90
532,444681130,"00532M01:48:14.239","00532 02:01:16",192.71,895.52,,,,"     ",3.60,20.20,10.92
532,444681131,"00532M01:48:15.212","00532 02:01:17",192.68,895.58,,,,"     ",3.60,20.14,10.89
532,444681132,"00532M01:48:16.186","00532 02:01:18",192.66,895.59,,,,"     ",3.60,20.16,10.90
532,444681133,"00532M01:48:17.159","00532 02:01:19",192.62,895.49,,,,"     ",3.60,20.13,10.88
532,444681134,"00532M01:48:18.132","00532 02:01:20",192.58,895.38,,,,"     ",3.60,20.18,10.91
532,444681135,"00532M01:48:19.105","00532 02:01:21",192.55,895.46,,,,"     ",3.60,20.21,10.93
532,444681136,"00532M01:48:20.079","00532 02:01:21",192.52,895.53,,,,"     ",3.60,20.08,10.86
532,444681137,"00532M01:48:21.052","00532 02:01:22",192.49,895.52,,,,"     ",3.60,20.21,10.94
532,444681138,"00532M01:48:22.025","00532 02:01:23",192.47,895.60,,,,"     ",3.60,20.23,10.94
532,444681139,"00532M01:48:22.998","00532 02:01:24",192.46,895.56,,,,"     ",3.60,20.23,10.95
532,444681140,"00532M01:48:23.972","00532 02:01:25",192.46,895.59,,,,"     ",3.60,20.21,10.94
532,444681141,"00532M01:48:24.945","00532 02:01:26",192.45,895.61,,,,"     ",3.60,20.15,10.90
532,444681142,"00532M01:48:25.918","00532 02:01:27",192.45,895.53,,,,"     ",3.60,20.16,10.91
532,444681143,"00532M01:48:26.891","00532 02:01:28",192.45,895.53,,,,"     ",3.60,20.21,10.94
532,444681144,"00532M01:48:27.865","00532 02:01:29",192.45,895.53,,,,"     ",3.60,20.17,10.92
532,444681145,"00532M01:48:28.838","00532 02:01:30",192.46,895.61,,,,"     ",3.60,20.17,10.92
532,444681146,"00532M01:48:29.811","00532 02:01:31",192.47,895.52,,,,"     ",3.60,20.21,10.94
532,444681147,"00532M01:48:30.784","00532 02:01:32",192.49,895.56,,,,"     ",3.60,20.17,10.92
532,444681148,"00532M01:48:31.758","00532 02:01:33",192.51,895.56,,,,"     ",3.60,20.27,10.97
532,444681149,"00532M01:48:32.731","00532 02:01:34",192.53,895.63,,,,"     ",3.60,20.15,10.91
532,444681150,"00532M01:48:33.704","00532 02:01:35",192.54,895.50,,,,"     ",3.60,20.20,10.94
532,444681151,"00532M01:48:34.677","00532 02:01:36",192.55,895.58,,,,"     ",3.60,20.19,10.93
532,444681152,"00532M01:48:35.651","00532 02:01:37",192.54,895.54,,,,"     ",3.60,20.16,10.92
532,444681153,"00532M01:48:36.624","00532 02:01:38",192.52,895.58,,,,"     ",3.60,20.39,11.04
532,444681154,"00532M01:48:37.597","00532 02:01:39",192.49,895.51,,,,"     ",3.60,20.23,10.96
532,444681155,"00532M01:48:38.570","00532 02:01:40",192.45,895.48,,,,"     ",3.60,20.08,10.87
532,444681156,"00532M01:48:39.544","00532 02:01:41",192.41,895.61,,,,"     ",3.60,20.06,10.87
532,444681157,"00532M01:48:40.517","00532 02:01:42",192.36,895.57,,,,"     ",3.60,19.87,10.75
532,444681158,"00532M01:48:41.490","00532 02:01:43",192.32,895.51,,,,"     ",3.60,20.19,10.94
532,444681159,"00532M01:48:42.463","00532 02:01:44",192.28,895.53,,,,"     ",3.60,20.15,10.92
532,444681160,"00532M01:48:43.437","00532 02:01:45",192.24,895.52,,,,"     ",3.60,20.24,10.97
532,444681161,"00532M01:48:44.410","00532 02:01:46",192.21,895.54,,,,"     ",3.60,20.13,10.90
532,444681162,"00532M01:48:45.383","00532 02:01:47",192.18,895.53,,,,"     ",3.60,20.16,10.93
532,444681163,"00532M01:48:46.356","00532 02:01:48",192.16,895.49,,,,"     ",3.60,20.10,10.89
532,444681164,"00532M01:48:47.330","00532 02:01:49",192.15,895.47,,,,"     ",3.60,20.22,10.96
532,444681165,"00532M01:48:48.303","00532 02:01:50",192.15,895.47,,,,"     ",3.60,20.18,10.94
532,444681166,"00532M01:48:49.276","00532 02:01:51",192.14,895.53,,,,"     ",3.60,20.15,10.92
532,444681167,"00532M01:48:50.249","00532 02:01:52",192.15,895.58,,,,"     ",3.60,20.19,10.94
532,444681168,"00532M01:48:51.223","00532 02:01:53",192.16,895.63,,,,"     ",3.60,20.18,10.94
532,444681169,"00532M01:48:52.196","00532 02:01:54",192.18,895.60,,,,"     ",3.60,20.13,10.91
532,444681170,"00532M01:48:53.169","00532 02:01:55",192.20,895.63,,,,"     ",3.60,20.22,10.97
532,444681171,"00532M01:48:54.142","00532 02:01:56",192.22,895.59,,,,"     ",3.60,20.17,10.94
532,444681172,"00532M01:48:55.116","00532 02:01:57",192.25,895.55,,,,"     ",3.60,20.17,10.94
532,444681173,"00532M01:48:56.089","00532 02:01:58",192.29,895.69,,,,"     ",3.60,20.10,10.90
532,444681174,"00532M01:48:57.062","00532 02:01:58",192.33,895.68,,,,"     ",3.60,20.19,10.96
532,444681175,"00532M01:48:58.036","00532 02:01:59",192.37,895.57,,,,"     ",3.60,20.18,10.94
532,444681176,"00532M01:48:59.009","00532 02:02:00",192.40,895.61,,,,"     ",3.60,20.16,10.94
532,444681177,"00532M01:48:59.982","00532 02:02:01",192.42,895.43,,,,"     ",3.60,20.22,10.98
532,444681178,"00532M01:49:00.955","00532 02:02:02",192.41,895.51,,,,"     ",3.60,20.19,10.95
532,444681179,"00532M01:49:01.929","00532 02:02:03",192.38,895.51,,,,"     ",3.60,20.17,10.94
532,444681180,"00532M01:49:02.902","00532 02:02:04",192.32,895.58,,,,"     ",3.60,20.18,10.95
532,444681181,"00532M01:49:03.875","00532 02:02:05",192.27,895.52,,,,"     ",3.60,20.16,10.94
532,444681182,"00532M01:49:04.848","00532 02:02:06",192.20,895.59,,,,"     ",3.60,20.20,10.96
532,444681183,"00532M01:49:05.822","00532 02:02:07",192.15,895.65,,,,"     ",3.60,20.14,10.93
532,444681184,"00532M01:49:06.795","00532 02:02:08",192.11,895.58,,,,"     ",3.60,20.27,11.00
532,444681185,"00532M01:49:07.768","00532 02:02:09",192.08,895.52,,,,"     ",3.60,20.15,10.94
532,444681186,"00532M01:49:08.741","00532 02:02:10",192.06,895.48,,,,"     ",3.60,20.41,11.09
532,444681187,"00532M01:49:09.715","00532 02:02:11",192.05,895.47,,,,"     ",3.60,20.11,10.92
532,444681188,"00532M01:49:10.688","00532 02:02:12",192.04,895.51,,,,"     ",3.60,20.15,10.94
532,444681189,"00532M01:49:11.661","00532 02:02:13",192.03,895.46,,,,"     ",3.60,20.17,10.95
532,444681190,"00532M01:49:12.634","00532 02:02:14",192.01,895.51,,,,"     ",3.60,20.08,10.91
532,444681191,"00532M01:49:13.608","00532 02:02:15",191.99,895.57,,,,"     ",3.60,20.15,10.95
532,444681192,"00532M01:49:14.581","00532 02:02:16",191.97,895.55,,,,"     ",3.60,20.17,10.95
532,444681193,"00532M01:49:15.554","00532 02:02:17",191.94,895.57,,,,"     ",3.60,20.15,10.95
532,444681194,"00532M01:49:16.527","00532 02:02:18",191.92,895.62,,,,"     ",3.60,20.16,10.95
532,444681195,"00532M01:49:17.501","00532 02:02:19",191.91,895.55,,,,"     ",3.60,20.15,10.95
532,444681196,"00532M01:49:18.474","00532 02:02:20",191.91,895.59,,,,"     ",3.60,20.12,10.93
532,444681197,"00532M01:49:19.447","00532 02:02:21",191.91,895.54,,,,"     ",3.60,20.12,10.94
532,444681198,"00532M01:49:20.420","00532 02:02:22",191.93,895.55,,,,"     ",3.60,20.17,10.96
532,444681199,"00532M01:49:21.394","00532 02:02:23",191.94,895.54,,,,"     ",3.60,20.20,10.98
532,444681200,"00532M01:49:22.367","00532 02:02:24",191.95,895.58,,,,"     ",3.60,20.11,10.93
532,444681201,"00532M01:49:23.340","00532 02:02:25",191.95,895.52,,,,"     ",3.60,20.17,10.97
532,444681202,"00532M01:49:24.313","00532 02:02:26",191.94,895.55,,,,"     ",3.60,20.17,10.97
532,444681203,"00532M01:49:25.287","00532 02:02:27",191.93,895.53,,,,"     ",3.60,20.15,10.96
532,444681204,"00532M01:49:26.260","00532 02:02:28",191.91,895.55,,,,"     ",3.60,20.17,10.97
532,444681205,"00532M01:49:27.233","00532 02:02:29",191.87,895.59,,,,"     ",3.60,20.18,10.98
532,444681206,"00532M01:49:28.206","00532 02:02:30",191.84,895.54,,,,"     ",3.60,20.13,10.95
532,444681207,"00532M01:49:29.180","00532 02:02:31",191.80,895.53,,,,"     ",3.60,20.13,10.95
532,444681208,"00532M01:49:30.153","00532 02:02:32",191.77,895.56,,,,"     ",3.60,20.16,10.97
532,444681209,"00532M01:49:31.126","00532 02:02:33",191.74,895.63,,,,"     ",3.60,20.11,10.94
532,444681210,"00532M01:49:32.099","00532 02:02:34",191.71,895.63,,,,"     ",3.60,20.20,10.99
532,444681211,"00532M01:49:33.073","00532 02:02:34",191.70,895.56,,,,"     ",3.60,20.18,10.98
532,444681212,"00532M01:49:34.046","00532 02:02:35",191.68,895.64,,,,"     ",3.60,20.09,10.93
532,444681213,"00532M01:49:35.019","00532 02:02:36",191.67,895.51,,,,"     ",3.60,20.13,10.96
532,444681214,"00532M01:49:35.992","00532 02:02:37",191.65,895.52,,,,"     ",3.60,20.10,10.94
532,444681215,"00532M01:49:36.966","00532 02:02:38",191.62,895.46,,,,"     ",3.60,20.16,10.97
532,444681216,"00532M01:49:37.939","00532 02:02:39",191.59,895.54,,,,"     ",3.60,20.15,10.97
532,444681217,"00532M01:49:38.912","00532 02:02:40",191.56,895.52,,,,"     ",3.60,20.15,10.97
532,444681218,"00532M01:49:39.885","00532 02:02:41",191.52,895.55,,,,"     ",3.60,20.06,10.92
532,444681219,"00532M01:49:40.859","00532 02:02:42",191.49,895.53,,,,"     ",3.60,20.16,10.98
532,444681220,"00532M01:49:41.832","00532 02:02:43",191.46,895.56,,,,"     ",3.60,20.08,10.94
532,444681221,"00532M01:49:42.805","00532 02:02:44",191.43,895.49,,,,"     ",3.60,20.11,10.95
532,444681222,"00532M01:49:43.778","00532 02:02:45",191.41,895.47,,,,"     ",3.60,20.07,10.93
532,444681223,"00532M01:49:44.752","00532 02:02:46",191.40,895.68,,,,"     ",3.60,20.14,10.97
532,444681224,"00532M01:49:45.725","00532 02:02:47",191.39,895.70,,,,"     ",3.60,19.88,10.84
532,444681225,"00532M01:49:46.698","00532 02:02:48",191.38,895.71,,,,"     ",3.60,20.11,10.96
532,444681226,"00532M01:49:47.671","00532 02:02:49",191.38,895.67,,,,"     ",3.60,20.14,10.98
532,444681227,"00532M01:49:48.645","00532 02:02:50",191.37,895.65,,,,"     ",3.60,19.97,10.88
532,444681228,"00532M01:49:49.618","00532 02:02:51",191.37,895.47,,,,"     ",3.60,20.15,10.99
532,444681229,"00532M01:49:50.591","00532 02:02:52",191.37,895.51,,,,"     ",3.60,20.14,10.98
532,444681230,"00532M01:49:51.564","00532 02:02:53",191.37,895.50,,,,"     ",3.60,20.14,10.98
532,444681231,"00532M01:49:52.538","00532 02:02:54",191.37,895.60,,,,"     ",3.60,20.10,10.96
532,444681232,"00532M01:49:53.511","00532 02:02:55",191.38,895.60,,,,"     ",3.60,20.08,10.95
532,444681233,"00532M01:49:54.484","00532 02:02:56",191.38,895.58,,,,"     ",3.60,20.10,10.96
532,444681234,"00532M01:49:55.457","00532 02:02:57",191.38,895.62,,,,"     ",3.60,20.11,10.97
532,444681235,"00532M01:49:56.431","00532 02:02:58",191.38,895.57,,,,"     ",3.60,20.06,10.94
532,444681236,"00532M01:49:57.404","00532 02:02:59",191.38,895.56,,,,"     ",3.60,20.12,10.97
532,444681237,"00532M01:49:58.377","00532 02:03:00",191.39,895.59,,,,"     ",3.60,20.16,11.00
532,444681238,"00532M01:49:59.350","00532 02:03:01",191.39,895.47,,,,"     ",3.60,20.02,10.92
532,444681239,"00532M01:50:00.324","00532 02:03:02",191.41,895.53,,,,"     ",3.60,20.04,10.93
532,444681240,"00532M01:50:01.297","00532 02:03:03",191.43,895.56,,,,"     ",3.60,20.10,10.96
532,444681241,"00532M01:50:02.270","00532 02:03:04",191.45,895.63,,,,"     ",3.60,20.13,10.99
532,444681242,"00532M01:50:03.243","00532 02:03:05",191.47,895.64,,,,"     ",3.60,20.09,10.97
532,444681243,"00532M01:50:04.217","00532 02:03:06",191.49,895.55,,,,"     ",3.60,20.10,10.97
532,444681244,"00532M01:50:05.190","00532 02:03:07",191.51,895.53,,,,"     ",3.60,20.08,10.96
532,444681245,"00532M01:50:06.163","00532 02:03:08",191.53,895.63,,,,"     ",3.60,20.09,10.96
532,444681246,"00532M01:50:07.136","00532 02:03:09",191.54,895.54,,,,"     ",3.60,20.04,10.94
532,444681247,"00532M01:50:08.110","00532 02:03:10",191.54,895.59,,,,"     ",3.60,20.16,11.01
532,444681248,"00532M01:50:09.083","00532 02:03:11",191.53,895.55,,,,"     ",3.60,20.05,10.95
532,444681249,"00532M01:50:10.056","00532 02:03:11",191.50,895.48,,,,"     ",3.60,20.12,10.99
532,444681250,"00532M01:50:11.030","00532 02:03:12",191.47,895.57,,,,"     ",3.60,20.06,10.95
532,444681251,"00532M01:50:12.003","00532 02:03:13",191.43,895.54,,,,"     ",3.60,20.09,10.97
532,444681252,"00532M01:50:12.976","00532 02:03:14",191.39,895.54,,,,"     ",3.60,20.01,10.93
532,444681253,"00532M01:50:13.949","00532 02:03:15",191.34,895.56,,,,"     ",3.60,20.32,11.10
532,444681254,"00532M01:50:14.923","00532 02:03:16",191.30,895.52,,,,"     ",3.60,19.98,10.91
532,444681255,"00532M01:50:15.896","00532 02:03:17",191.27,895.61,,,,"     ",3.60,20.07,10.97
532,444681256,"00532M01:50:16.869","00532 02:03:18",191.24,895.59,,,,"     ",3.60,20.05,10.95
532,444681257,"00532M01:50:17.842","00532 02:03:19",191.22,895.64,,,,"     ",3.60,20.04,10.94
532,444681258,"00532M01:50:18.816","00532 02:03:20",191.21,895.65,,,,"     ",3.60,20.00,10.93
532,444681259,"00532M01:50:19.789","00532 02:03:21",191.21,895.63,,,,"     ",3.60,20.08,10.97
532,444681260,"00532M01:50:20.762","00532 02:03:22",191.21,895.63,,,,"     ",3.60,20.04,10.95
532,444681261,"00532M01:50:21.735","00532 02:03:23",191.22,895.60,,,,"     ",3.60,20.07,10.97
532,444681262,"00532M01:50:22.709","00532 02:03:24",191.24,895.60,,,,"     ",3.60,20.05,10.96
532,444681263,"00532M01:50:23.682","00532 02:03:25",191.26,895.64,,,,"     ",3.60,20.00,10.93
532,444681264,"00532M01:50:24.655","00532 02:03:26",191.28,895.63,,,,"     ",3.60,20.06,10.96
532,444681265,"00532M01:50:25.628","00532 02:03:27",191.31,895.59,,,,"     ",3.60,20.06,10.97
532,444681266,"00532M01:50:26.602","00532 02:03:28",191.33,895.62,,,,"     ",3.60,20.06,10.97
532,444681267,"00532M01:50:27.575","00532 02:03:29",191.35,895.62,,,,"     ",3.60,20.02,10.94
532,444681268,"00532M01:50:28.548","00532 02:03:30",191.36,895.61,,,,"     ",3.60,20.04,10.95
532,444681269,"00532M01:50:29.521","00532 02:03:31",191.38,895.60,,,,"     ",3.60,20.03,10.95
532,444681270,"00532M01:50:30.495","00532 02:03:32",191.38,895.55,,,,"     ",3.60,20.07,10.97
532,444681271,"00532M01:50:31.468","00532 02:03:33",191.38,895.58,,,,"     ",3.60,20.11,10.99
532,444681272,"00532M01:50:32.441","00532 02:03:34",191.37,895.54,,,,"     ",3.60,19.89,10.88
532,444681273,"00532M01:50:33.414","00532 02:03:35",191.34,895.65,,,,"     ",3.60,20.06,10.97
532,444681274,"00532M01:50:34.388","00532 02:03:36",191.32,895.66,,,,"     ",3.60,20.03,10.95
532,444681275,"00532M01:50:35.361","00532 02:03:37",191.28,895.55,,,,"     ",3.60,20.00,10.93
532,444681276,"00532M01:50:36.334","00532 02:03:38",191.25,895.70,,,,"     ",3.60,20.03,10.95
532,444681277,"00532M01:50:37.307","00532 02:03:39",191.22,895.58,,,,"     ",3.60,19.91,10.88
532,444681278,"00532M01:50:38.281","00532 02:03:40",191.24,895.50,,,,"     ",3.60,20.00,10.93
532,444681279,"00532M01:50:39.254","00532 02:03:41",191.27,895.58,,,,"     ",3.60,20.07,10.98
532,444681280,"00532M01:50:40.227","00532 02:03:42",191.30,895.64,,,,"     ",3.60,20.05,10.96
532,444681281,"00532M01:50:41.200","00532 02:03:43",191.32,895.67,,,,"     ",3.60,20.03,10.96
532,444681282,"00532M01:50:42.174","00532 02:03:44",191.34,895.63,,,,"     ",3.60,20.06,10.97
532,444681283,"00532M01:50:43.147","00532 02:03:45",191.35,895.61,,,,"     ",3.60,20.02,10.95
532,444681284,"00532M01:50:44.120","00532 02:03:46",191.37,895.60,,,,"     ",3.60,19.98,10.93
532,444681285,"00532M01:50:45.093","00532 02:03:47",191.37,895.58,,,,"     ",3.60,20.08,10.98
532,444681286,"00532M01:50:46.067","00532 02:03:47",191.38,895.58,,,,"     ",3.60,19.99,10.93
532,444681287,"00532M01:50:47.040","00532 02:03:48",191.39,895.58,,,,"     ",3.60,19.96,10.91
532,444681288,"00532M01:50:48.013","00532 02:03:49",191.39,895.52,,,,"     ",3.60,19.93,10.90
532,444681289,"00532M01:50:48.986","00532 02:03:50",191.40,895.53,,,,"     ",3.60,20.04,10.96
532,444681290,"00532M01:50:49.960","00532 02:03:51",191.41,895.57,,,,"     ",3.60,19.91,10.89
532,444681291,"00532M01:50:50.933","00532 02:03:52",191.41,895.63,,,,"     ",3.60,19.94,10.90
532,444681292,"00532M01:50:51.906","00532 02:03:53",191.41,895.65,,,,"     ",3.60,20.01,10.95
532,444681293,"00532M01:50:52.879","00532 02:03:54",191.41,895.62,,,,"     ",3.60,19.94,10.90
532,444681294,"00532M01:50:53.853","00532 02:03:55",191.41,895.69,,,,"     ",3.60,19.94,10.91
532,444681295,"00532M01:50:54.826","00532 02:03:56",191.41,895.61,,,,"     ",3.60,19.95,10.91
532,444681296,"00532M01:50:55.799","00532 02:03:57",191.40,895.63,,,,"     ",3.60,19.97,10.92
532,444681297,"00532M01:50:56.772","00532 02:03:58",191.39,895.70,,,,"     ",3.60,19.96,10.92
532,444681298,"00532M01:50:57.746","00532 02:03:59",192.54,895.61,,,,"     ",3.60,20.01,10.95
532,444681299,"00532M01:50:58.719","00532 02:04:00",192.35,895.65,,,,"     ",3.60,20.02,10.96
532,444681300,"00532M01:50:59.692","00532 02:04:01",192.16,895.58,,,,"     ",3.60,19.98,10.93
532,444681301,"00532M01:51:00.665","00532 02:04:02",192.00,895.64,,,,"     ",3.60,19.95,10.91
532,444681302,"00532M01:51:01.639","00532 02:04:03",191.84,895.56,,,,"     ",3.60,19.92,10.90
532,444681303,"00532M01:51:02.612","00532 02:04:04",191.69,895.60,,,,"     ",3.60,19.97,10.93
532,444681304,"00532M01:51:03.585","00532 02:04:05",191.56,895.62,,,,"     ",3.60,19.91,10.89
532,444681305,"00532M01:51:04.558","00532 02:04:06",191.43,895.63,,,,"     ",3.60,19.96,10.93
532,444681306,"00532M01:51:05.532","00532 02:04:07",191.32,895.59,,,,"     ",3.60,19.95,10.92
532,444681307,"00532M01:51:06.505","00532 02:04:08",191.22,895.54,,,,"     ",3.60,19.99,10.94
532,444681308,"00532M01:51:07.478","00532 02:04:09",191.13,895.59,,,,"     ",3.60,19.97,10.93
532,444681309,"00532M01:51:08.451","00532 02:04:10",191.05,895.67,,,,"     ",3.60,19.90,10.90
532,444681310,"00532M01:51:09.425","00532 02:04:11",190.97,895.56,,,,"     ",3.60,19.94,10.92
532,444681311,"00532M01:51:10.398","00532 02:04:12",190.91,895.67,,,,"     ",3.60,19.90,10.89
532,444681312,"00532M01:51:11.371","00532 02:04:13",190.85,895.65,,,,"     ",3.60,19.94,10.92
532,444681313,"00532M01:51:12.344","00532 02:04:14",190.81,895.69,,,,"     ",3.60,19.89,10.89
532,444681314,"00532M01:51:13.318","00532 02:04:15",190.77,895.59,,,,"     ",3.60,19.82,10.86
532,444681315,"00532M01:51:14.291","00532 02:04:16",190.75,895.55,,,,"     ",3.60,19.92,10.91
532,444681316,"00532M01:51:15.264","00532 02:04:17",190.74,895.60,,,,"     ",3.60,19.87,10.88
532,444681317,"00532M01:51:16.237","00532 02:04:18",190.75,895.67,,,,"     ",3.60,20.00,10.96
532,444681318,"00532M01:51:17.211","00532 02:04:19",190.78,895.61,,,,"     ",3.60,19.93,10.92
532,444681319,"00532M01:51:18.184","00532 02:04:20",190.82,895.63,,,,"     ",3.60,19.89,10.90
532,444681320,"00532M01:51:19.157","00532 02:04:21",190.85,895.55,,,,"     ",3.60,19.88,10.89
532,444681321,"00532M01:51:20.131","00532 02:04:22",190.88,895.54,,,,"     ",3.60,19.88,10.90
532,444681322,"00532M01:51:21.104","00532 02:04:23",190.89,895.52,,,,"     ",3.60,19.82,10.86
532,444681323,"00532M01:51:22.077","00532 02:04:24",190.89,895.59,,,,"     ",3.60,19.86,10.89
532,444681324,"00532M01:51:23.050","00532 02:04:24",190.88,895.61,,,,"     ",3.60,19.71,10.81
532,444681325,"00532M01:51:24.024","00532 02:04:25",190.86,895.69,,,,"     ",3.60,19.82,10.87
532,444681326,"00532M01:51:24.997","00532 02:04:26",190.84,895.77,,,,"     ",3.60,19.83,10.88
532,444681327,"00532M01:51:25.970","00532 02:04:27",190.81,895.83,,,,"     ",3.60,19.74,10.83
532,444681328,"00532M01:51:26.943","00532 02:04:28",190.79,895.58,,,,"     ",3.60,19.85,10.89
532,444681329,"00532M01:51:27.917","00532 02:04:29",190.77,895.57,,,,"     ",3.60,19.86,10.89
532,444681330,"00532M01:51:28.890","00532 02:04:30",190.77,895.56,,,,"     ",3.60,19.85,10.89
532,444681331,"00532M01:51:29.863","00532 02:04:31",190.77,895.58,,,,"     ",3.60,19.78,10.86
532,444681332,"00532M01:51:30.836","00532 02:04:32",190.80,895.61,,,,"     ",3.60,19.87,10.91
532,444681333,"00532M01:51:31.810","00532 02:04:33",190.83,895.45,,,,"     ",3.60,19.89,10.92
532,444681334,"00532M01:51:32.783","00532 02:04:34",190.88,895.58,,,,"     ",3.60,19.83,10.89
532,444681335,"00532M01:51:33.756","00532 02:04:35",190.94,895.68,,,,"     ",3.60,19.85,10.90
532,444681336,"00532M01:51:34.729","00532 02:04:36",190.99,895.60,,,,"     ",3.60,19.81,10.88
532,444681337,"00532M01:51:35.703","00532 02:04:37",191.04,895.71,,,,"     ",3.60,19.82,10.88
532,444681338,"00532M01:51:36.676","00532 02:04:38",191.09,895.71,,,,"     ",3.60,19.86,10.91
532,444681339,"00532M01:51:37.649","00532 02:04:39",191.14,895.68,,,,"     ",3.60,19.81,10.88
532,444681340,"00532M01:51:38.622","00532 02:04:40",191.17,895.60,,,,"     ",3.60,19.80,10.88
532,444681341,"00532M01:51:39.596","00532 02:04:41",191.20,895.66,,,,"     ",3.60,19.84,10.90
532,444681342,"00532M01:51:40.569","00532 02:04:42",191.22,895.61,,,,"     ",3.60,19.81,10.88
532,444681343,"00532M01:51:41.542","00532 02:04:43",191.22,895.59,,,,"     ",3.60,19.81,10.88
532,444681344,"00532M01:51:42.515","00532 02:04:44",191.20,895.67,,,,"     ",3.60,19.87,10.92
532,444681345,"00532M01:51:43.489","00532 02:04:45",191.18,895.73,,,,"     ",3.60,19.83,10.90
532,444681346,"00532M01:51:44.462","00532 02:04:46",191.15,895.63,,,,"     ",3.60,19.84,10.91
532,444681347,"00532M01:51:45.435","00532 02:04:47",191.10,895.69,,,,"     ",3.60,19.84,10.91
532,444681348,"00532M01:51:46.408","00532 02:04:48",191.05,895.66,,,,"     ",3.60,19.78,10.88
532,444681349,"00532M01:51:47.382","00532 02:04:49",190.98,895.53,,,,"     ",3.60,19.92,10.95
532,444681350,"00532M01:51:48.355","00532 02:04:50",190.91,895.65,,,,"     ",3.60,19.74,10.86
532,444681351,"00532M01:51:49.328","00532 02:04:51",190.84,895.60,,,,"     ",3.60,19.85,10.92
532,444681352,"00532M01:51:50.301","00532 02:04:52",190.76,895.65,,,,"     ",3.60,19.80,10.89
532,444681353,"00532M01:51:51.275","00532 02:04:53",190.68,895.59,,,,"     ",3.60,19.82,10.90
532,444681354,"00532M01:51:52.248","00532 02:04:54",190.61,895.62,,,,"     ",3.60,19.82,10.91
532,444681355,"00532M01:51:53.221","00532 02:04:55",190.56,895.59,,,,"     ",3.60,19.70,10.84
532,444681356,"00532M01:51:54.194","00532 02:04:56",190.51,895.59,,,,"     ",3.60,19.79,10.89
532,444681357,"00532M01:51:55.168","00532 02:04:57",190.48,895.54,,,,"     ",3.60,19.51,10.74
532,444681358,"00532M01:51:56.141","00532 02:04:58",190.45,895.62,,,,"     ",3.60,19.73,10.86
532,444681359,"00532M01:51:57.114","00532 02:04:59",190.44,895.61,,,,"     ",3.60,19.72,10.86
532,444681360,"00532M01:51:58.087","00532 02:05:00",190.44,895.58,,,,"     ",3.60,19.80,10.90
532,444681361,"00532M01:51:59.061","00532 02:05:01",190.44,895.56,,,,"     ",3.60,19.74,10.87
532,444681362,"00532M01:52:00.034","00532 02:05:01",190.46,895.61,,,,"     ",3.60,19.70,10.85
532,444681363,"00532M01:52:01.007","00532 02:05:02",190.48,895.71,,,,"     ",3.60,19.77,10.89
532,444681364,"00532M01:52:01.980","00532 02:05:03",190.51,895.61,,,,"     ",3.60,19.72,10.86
532,444681365,"00532M01:52:02.954","00532 02:05:04",190.55,895.61,,,,"     ",3.60,19.72,10.87
532,444681366,"00532M01:52:03.927","00532 02:05:05",190.61,895.64,,,,"     ",3.60,19.78,10.89
532,444681367,"00532M01:52:04.900","00532 02:05:06",190.67,895.63,,,,"     ",3.60,19.72,10.87
532,444681368,"00532M01:52:05.873","00532 02:05:07",190.75,895.53,,,,"     ",3.60,19.66,10.83
532,444681369,"00532M01:52:06.847","00532 02:05:08",190.83,895.52,,,,"     ",3.60,19.68,10.85
532,444681370,"00532M01:52:07.820","00532 02:05:09",190.90,895.61,,,,"     ",3.60,19.76,10.89
532,444681371,"00532M01:52:08.793","00532 02:05:10",190.97,895.55,,,,"     ",3.60,19.71,10.87
532,444681372,"00532M01:52:09.766","00532 02:05:11",191.03,895.80,,,,"     ",3.60,19.73,10.88
532,444681373,"00532M01:52:10.740","00532 02:05:12",191.08,895.77,,,,"     ",3.60,19.71,10.87
532,444681374,"00532M01:52:11.713","00532 02:05:13",191.12,895.67,,,,"     ",3.60,19.68,10.85
532,444681375,"00532M01:52:12.686","00532 02:05:14",191.14,895.53,,,,"     ",3.60,19.71,10.87
532,444681376,"00532M01:52:13.659","00532 02:05:15",191.15,895.44,,,,"     ",3.60,19.95,11.00
532,444681377,"00532M01:52:14.633","00532 02:05:16",191.15,895.43,,,,"     ",3.60,19.66,10.84
532,444681378,"00532M01:52:15.606","00532 02:05:17",191.14,895.50,,,,"     ",3.60,19.72,10.87
532,444681379,"00532M01:52:16.579","00532 02:05:18",191.11,895.60,,,,"     ",3.60,19.66,10.85
532,444681380,"00532M01:52:17.552","00532 02:05:19",191.08,895.58,,,,"     ",3.60,19.78,10.91
532,444681381,"00532M01:52:18.526","00532 02:05:20",191.05,895.62,,,,"     ",3.60,19.64,10.83
532,444681382,"00532M01:52:19.499","00532 02:05:21",191.01,895.62,,,,"     ",3.60,19.69,10.87
532,444681383,"00532M01:52:20.472","00532 02:05:22",190.97,895.64,,,,"     ",3.60,19.68,10.86
532,444681384,"00532M01:52:21.445","00532 02:05:23",190.92,895.63,,,,"     ",3.60,19.67,10.86
532,444681385,"00532M01:52:22.419","00532 02:05:24",190.88,895.55,,,,"     ",3.60,19.71,10.88
532,444681386,"00532M01:52:23.392","00532 02:05:25",190.83,895.62,,,,"     ",3.60,20.02,11.05
532,444681387,"00532M01:52:24.365","00532 02:05:26",190.80,895.62,,,,"     ",3.60,19.72,10.89
532,444681388,"00532M01:52:25.338","00532 02:05:27",190.77,895.66,,,,"     ",3.60,19.61,10.83
532,444681389,"00532M01:52:26.312","00532 02:05:28",190.75,895.62,,,,"     ",3.60,19.67,10.87
532,444681390,"00532M01:52:27.285","00532 02:05:29",190.76,895.62,,,,"     ",3.60,19.68,10.87
532,444681391,"00532M01:52:28.258","00532 02:05:30",190.78,895.56,,,,"     ",3.60,19.60,10.82
532,444681392,"00532M01:52:29.232","00532 02:05:31",190.82,895.56,,,,"     ",3.60,19.60,10.82
532,444681393,"00532M01:52:30.205","00532 02:05:32",190.87,895.52,,,,"     ",3.60,19.66,10.86
532,444681394,"00532M01:52:31.178","00532 02:05:33",190.92,895.54,,,,"     ",3.60,19.66,10.86
532,444681395,"00532M01:52:32.151","00532 02:05:34",190.96,895.56,,,,"     ",3.60,19.64,10.85
532,444681396,"00532M01:52:33.125","00532 02:05:35",191.00,895.56,,,,"     ",3.60,19.62,10.84
532,444681397,"00532M01:52:34.098","00532 02:05:36",191.03,895.52,,,,"     ",3.60,19.69,10.88
532,444681398,"00532M01:52:35.071","00532 02:05:37",191.06,895.58,,,,"     ",3.60,19.60,10.83
532,444681399,"00532M01:52:36.044","00532 02:05:37",191.08,895.55,,,,"     ",3.60,19.65,10.86
532,444681400,"00532M01:52:37.018","00532 02:05:38",191.08,895.58,,,,"     ",3.60,19.68,10.88
532,444681401,"00532M01:52:37.991","00532 02:05:39",191.09,895.56,,,,"     ",3.60,19.60,10.83
532,444681402,"00532M01:52:38.964","00532 02:05:40",191.10,895.50,,,,"     ",3.60,19.59,10.83
532,444681403,"00532M01:52:39.937","00532 02:05:41",191.10,895.59,,,,"     ",3.60,19.57,10.82
532,444681404,"00532M01:52:40.911","00532 02:05:42",191.11,895.69,,,,"     ",3.60,19.64,10.86
532,444681405,"00532M01:52:41.884","00532 02:05:43",191.11,895.59,,,,"     ",3.60,19.64,10.86
532,444681406,"00532M01:52:42.857","00532 02:05:44",191.10,895.68,,,,"     ",3.60,19.65,10.87
532,444681407,"00532M01:52:43.830","00532 02:05:45",191.10,895.65,,,,"     ",3.60,19.58,10.83
532,444681408,"00532M01:52:44.804","00532 02:05:46",191.08,895.63,,,,"     ",3.60,19.68,10.88
532,444681409,"00532M01:52:45.777","00532 02:05:47",191.07,895.59,,,,"     ",3.60,19.67,10.88
532,444681410,"00532M01:52:46.750","00532 02:05:48",191.05,895.65,,,,"     ",3.60,19.74,10.92
532,444681411,"00532M01:52:47.723","00532 02:05:49",191.02,895.59,,,,"     ",3.60,19.65,10.87
532,444681412,"00532M01:52:48.697","00532 02:05:50",190.99,895.67,,,,"     ",3.60,19.62,10.85
532,444681413,"00532M01:52:49.670","00532 02:05:51",190.96,895.55,,,,"     ",3.60,19.56,10.82
532,444681414,"00532M01:52:50.643","00532 02:05:52",190.93,895.63,,,,"     ",3.60,19.62,10.85
532,444681415,"00532M01:52:51.616","00532 02:05:53",190.90,895.61,,,,"     ",3.60,19.54,10.80
532,444681416,"00532M01:52:52.590","00532 02:05:54",190.87,895.61,,,,"     ",3.60,19.60,10.84
532,444681417,"00532M01:52:53.563","00532 02:05:55",190.84,895.56,,,,"     ",3.60,19.72,10.91
532,444681418,"00532M01:52:54.536","00532 02:05:56",190.81,895.57,,,,"     ",3.60,19.70,10.90
532,444681419,"00532M01:52:55.509","00532 02:05:57",190.78,895.56,,,,"     ",3.60,19.63,10.86
532,444681420,"00532M01:52:56.483","00532 02:05:58",190.76,895.68,,,,"     ",3.60,19.58,10.83
532,444681421,"00532M01:52:57.456","00532 02:05:59",190.74,895.68,,,,"     ",3.60,19.58,10.83
532,444681422,"00532M01:52:58.429","00532 02:06:00",190.72,895.59,,,,"     ",3.60,19.58,10.83
532,444681423,"00532M01:52:59.402","00532 02:06:01",190.72,895.57,,,,"     ",3.60,19.59,10.83
532,444681424,"00532M01:53:00.376","00532 02:06:02",190.71,895.46,,,,"     ",3.60,19.57,10.82
532,444681425,"00532M01:53:01.349","00532 02:06:03",190.72,895.44,,,,"     ",3.60,19.57,10.82
532,444681426,"00532M01:53:02.322","00532 02:06:04",190.73,895.43,,,,"     ",3.60,19.54,10.80
532,444681427,"00532M01:53:03.295","00532 02:06:05",190.76,895.45,,,,"     ",3.60,19.66,10.87
532,444681428,"00532M01:53:04.269","00532 02:06:06",190.79,895.51,,,,"     ",3.60,19.59,10.84
532,444681429,"00532M01:53:05.242","00532 02:06:07",190.82,895.58,,,,"     ",3.60,19.62,10.85
532,444681430,"00532M01:53:06.215","00532 02:06:08",190.86,895.72,,,,"     ",3.60,19.63,10.86
532,444681431,"00532M01:53:07.188","00532 02:06:09",190.87,895.69,,,,"     ",3.60,19.66,10.88
532,444681432,"00532M01:53:08.162","00532 02:06:10",190.88,895.61,,,,"     ",3.60,19.64,10.86
532,444681433,"00532M01:53:09.135","00532 02:06:11",190.87,895.60,,,,"     ",3.60,19.56,10.82
532,444681434,"00532M01:53:10.108","00532 02:06:12",190.86,895.60,,,,"     ",3.60,19.57,10.83
532,444681435,"00532M01:53:11.081","00532 02:06:13",190.85,895.62,,,,"     ",3.60,19.58,10.83
532,444681436,"00532M01:53:12.055","00532 02:06:14",190.83,895.49,,,,"     ",3.60,19.63,10.86
532,444681437,"00532M01:53:13.028","00532 02:06:14",190.82,895.56,,,,"     ",3.60,19.62,10.86
532,444681438,"00532M01:53:14.001","00532 02:06:15",190.80,895.54,,,,"     ",3.60,19.60,10.84
532,444681439,"00532M01:53:14.974","00532 02:06:16",190.80,895.46,,,,"     ",3.60,19.55,10.81
532,444681440,"00532M01:53:15.948","00532 02:06:17",190.78,895.60,,,,"     ",3.60,19.60,10.84
532,444681441,"00532M01:53:16.921","00532 02:06:18",190.78,895.65,,,,"     ",3.60,19.57,10.83
532,444681442,"00532M01:53:17.894","00532 02:06:19",190.77,895.62,,,,"     ",3.60,19.61,10.85
532,444681443,"00532M01:53:18.867","00532 02:06:20",190.76,895.57,,,,"     ",3.60,19.63,10.86
532,444681444,"00532M01:53:19.841","00532 02:06:21",190.75,895.56,,,,"     ",3.60,19.58,10.83
532,444681445,"00532M01:53:20.814","00532 02:06:22",190.75,895.59,,,,"     ",3.60,19.55,10.81
532,444681446,"00532M01:53:21.787","00532 02:06:23",190.74,895.70,,,,"     ",3.60,19.66,10.88
532,444681447,"00532M01:53:22.760","00532 02:06:24",190.74,895.67,,,,"     ",3.60,19.62,10.85
532,444681448,"00532M01:53:23.734","00532 02:06:25",190.75,895.60,,,,"     ",3.60,19.59,10.83
532,444681449,"00532M01:53:24.707","00532 02:06:26",190.76,895.54,,,,"     ",3.60,19.63,10.86
532,444681450,"00532M01:53:25.680","00532 02:06:27",190.78,895.50,,,,"     ",3.60,19.52,10.79
532,444681451,"00532M01:53:26.653","00532 02:06:28",190.80,895.53,,,,"     ",3.60,19.60,10.84
532,444681452,"00532M01:53:27.627","00532 02:06:29",190.81,895.51,,,,"     ",3.60,19.89,11.01
532,444681453,"00532M01:53:28.600","00532 02:06:30",190.83,895.54,,,,"     ",3.60,19.50,10.78
532,444681454,"00532M01:53:29.573","00532 02:06:31",190.83,895.53,,,,"     ",3.60,19.57,10.83
532,444681455,"00532M01:53:30.546","00532 02:06:32",190.84,895.59,,,,"     ",3.60,19.51,10.79
532,444681456,"00532M01:53:31.520","00532 02:06:33",190.83,895.62,,,,"     ",3.60,19.54,10.81
532,444681457,"00532M01:53:32.493","00532 02:06:34",190.83,895.62,,,,"     ",3.60,19.49,10.78
532,444681458,"00532M01:53:33.466","00532 02:06:35",190.83,895.64,,,,"     ",3.60,19.50,10.79
532,444681459,"00532M01:53:34.439","00532 02:06:36",190.83,895.53,,,,"     ",3.60,19.55,10.81
532,444681460,"00532M01:53:35.413","00532 02:06:37",190.84,895.63,,,,"     ",3.60,19.57,10.82
532,444681461,"00532M01:53:36.386","00532 02:06:38",190.86,895.72,,,,"     ",3.60,19.49,10.78
532,444681462,"00532M01:53:37.359","00532 02:06:39",190.89,895.66,,,,"     ",3.60,19.52,10.79
532,444681463,"00532M01:53:38.333","00532 02:06:40",190.93,895.75,,,,"     ",3.60,19.53,10.81
532,444681464,"00532M01:53:39.306","00532 02:06:41",190.99,895.65,,,,"     ",3.60,19.58,10.83
532,444681465,"00532M01:53:40.279","00532 02:06:42",191.04,895.52,,,,"     ",3.60,19.54,10.81
532,444681466,"00532M01:53:41.252","00532 02:06:43",191.09,895.58,,,,"     ",3.60,19.54,10.81
532,444681467,"00532M01:53:42.226","00532 02:06:44",191.14,895.56,,,,"     ",3.60,19.55,10.81
532,444681468,"00532M01:53:43.199","00532 02:06:45",191.18,895.53,,,,"     ",3.60,19.26,10.65
532,444681469,"00532M01:53:44.172","00532 02:06:46",191.20,895.72,,,,"     ",3.60,19.55,10.82
532,444681470,"00532M01:53:45.145","00532 02:06:47",191.23,895.68,,,,"     ",3.60,19.56,10.82
532,444681471,"00532M01:53:46.119","00532 02:06:48",191.24,895.53,,,,"     ",3.60,19.49,10.78
532,444681472,"00532M01:53:47.092","00532 02:06:49",191.26,895.63,,,,"     ",3.60,19.53,10.80
532,444681473,"00532M01:53:48.065","00532 02:06:50",191.28,895.47,,,,"     ",3.60,19.55,10.81
532,444681474,"00532M01:53:49.038","00532 02:06:50",191.29,895.67,,,,"     ",3.60,19.52,10.80
532,444681475,"00532M01:53:50.012","00532 02:06:51",191.30,895.64,,,,"     ",3.60,19.54,10.81
532,444681476,"00532M01:53:50.985","00532 02:06:52",191.31,895.63,,,,"     ",3.60,19.60,10.84
532,444681477,"00532M01:53:51.958","00532 02:06:53",191.32,895.66,,,,"     ",3.60,19.59,10.84
532,444681478,"00532M01:53:52.931","00532 02:06:54",191.33,895.53,,,,"     ",3.60,19.66,10.88
532,444681479,"00532M01:53:53.905","00532 02:06:55",191.33,895.49,,,,"     ",3.60,19.53,10.80
532,444681480,"00532M01:53:54.878","00532 02:06:56",191.32,895.56,,,,"     ",3.60,19.57,10.83
532,444681481,"00532M01:53:55.851","00532 02:06:57",191.32,895.53,,,,"     ",3.60,19.55,10.81
532,444681482,"00532M01:53:56.824","00532 02:06:58",191.33,895.53,,,,"     ",3.60,19.53,10.80
532,444681483,"00532M01:53:57.798","00532 02:06:59",191.34,895.52,,,,"     ",3.60,19.49,10.78
532,444681484,"00532M01:53:58.771","00532 02:07:00",191.36,895.62,,,,"     ",3.60,19.45,10.76
532,444681485,"00532M01:53:59.744","00532 02:07:01",191.39,895.57,,,,"     ",3.60,19.52,10.80
532,444681486,"00532M01:54:00.717","00532 02:07:02",191.43,895.61,,,,"     ",3.60,19.54,10.81
532,444681487,"00532M01:54:01.691","00532 02:07:03",191.46,895.61,,,,"     ",3.60,19.42,10.74
532,444681488,"00532M01:54:02.664","00532 02:07:04",191.49,895.61,,,,"     ",3.60,19.51,10.79
532,444681489,"00532M01:54:03.637","00532 02:07:05",191.52,895.60,,,,"     ",3.60,19.51,10.79
532,444681490,"00532M01:54:04.610","00532 02:07:06",191.55,895.58,,,,"     ",3.60,19.51,10.79
532,444681491,"00532M01:54:05.584","00532 02:07:07",191.57,895.70,,,,"     ",3.60,19.48,10.78
532,444681492,"00532M01:54:06.557","00532 02:07:08",191.59,895.53,,,,"     ",3.60,19.47,10.77
532,444681493,"00532M01:54:07.530","00532 02:07:09",191.59,895.54,,,,"     ",3.60,19.54,10.81
532,444681494,"00532M01:54:08.503","00532 02:07:10",191.59,895.61,,,,"     ",3.60,19.50,10.78
532,444681495,"00532M01:54:09.477","00532 02:07:11",191.58,895.64,,,,"     ",3.60,19.51,10.79
532,444681496,"00532M01:54:10.450","00532 02:07:12",191.56,895.66,,,,"     ",3.60,19.52,10.80
532,444681497,"00532M01:54:11.423","00532 02:07:13",191.54,895.68,,,,"     ",3.60,19.54,10.81
532,444681498,"00532M01:54:12.396","00532 02:07:14",191.53,895.65,,,,"     ",3.60,19.54,10.81
532,444681499,"00532M01:54:13.370","00532 02:07:15",191.51,895.63,,,,"     ",3.60,19.51,10.79
532,444681500,"00532M01:54:14.343","00532 02:07:16",191.50,895.64,,,,"     ",3.60,19.54,10.81
532,444681501,"00532M01:54:15.316","00532 02:07:17",191.49,895.58,,,,"     ",3.60,19.53,10.80
532,444681502,"00532M01:54:16.289","00532 02:07:18",191.48,895.60,,,,"     ",3.60,19.58,10.83
532,444681503,"00532M01:54:17.263","00532 02:07:19",191.48,895.67,,,,"     ",3.60,19.52,10.80
532,444681504,"00532M01:54:18.236","00532 02:07:20",191.48,895.69,,,,"     ",3.60,19.53,10.80
532,444681505,"00532M01:54:19.209","00532 02:07:21",191.49,895.65,,,,"     ",3.60,19.50,10.79
532,444681506,"00532M01:54:20.182","00532 02:07:22",191.51,895.66,,,,"     ",3.60,19.51,10.79
532,444681507,"00532M01:54:21.156","00532 02:07:23",191.53,895.59,,,,"     ",3.60,19.49,10.78
532,444681508,"00532M01:54:22.129","00532 02:07:24",191.56,895.69,,,,"     ",3.60,19.52,10.80
532,444681509,"00532M01:54:23.102","00532 02:07:25",191.59,895.59,,,,"     ",3.60,19.50,10.78
532,444681510,"00532M01:54:24.075","00532 02:07:26",191.61,895.59,,,,"     ",3.60,19.51,10.79
532,444681511,"00532M01:54:25.049","00532 02:07:27",191.64,895.60,,,,"     ",3.60,19.55,10.81
532,444681512,"00532M01:54:26.022","00532 02:07:27",191.66,895.62,,,,"     ",3.60,19.55,10.81
532,444681513,"00532M01:54:26.995","00532 02:07:28",191.68,895.55,,,,"     ",3.60,19.51,10.79
532,444681514,"00532M01:54:27.968","00532 02:07:29",191.69,895.52,,,,"     ",3.60,19.49,10.78
532,444681515,"00532M01:54:28.942","00532 02:07:30",191.70,895.55,,,,"     ",3.60,19.53,10.80
532,444681516,"00532M01:54:29.915","00532 02:07:31",191.69,895.50,,,,"     ",3.60,19.49,10.78
532,444681517,"00532M01:54:30.888","00532 02:07:32",191.68,895.74,,,,"     ",3.60,19.54,10.81
532,444681518,"00532M01:54:31.861","00532 02:07:33",191.65,895.69,,,,"     ",3.60,19.47,10.77
532,444681519,"00532M01:54:32.835","00532 02:07:34",191.62,895.57,,,,"     ",3.60,19.57,10.83
532,444681520,"00532M01:54:33.808","00532 02:07:35",191.57,895.66,,,,"     ",3.60,19.60,10.84
532,444681521,"00532M01:54:34.781","00532 02:07:36",191.52,895.61,,,,"     ",3.60,19.54,10.81
532,444681522,"00532M01:54:35.754","00532 02:07:37",191.46,895.65,,,,"     ",3.60,19.51,10.79
532,444681523,"00532M01:54:36.728","00532 02:07:38",191.40,895.72,,,,"     ",3.60,19.50,10.79
532,444681524,"00532M01:54:37.701","00532 02:07:39",191.35,895.70,,,,"     ",3.60,19.55,10.81
532,444681525,"00532M01:54:38.674","00532 02:07:40",191.30,895.69,,,,"     ",3.60,19.47,10.77
532,444681526,"00532M01:54:39.647","00532 02:07:41",191.25,895.70,,,,"     ",3.60,19.55,10.81
532,444681527,"00532M01:54:40.621","00532 02:07:42",191.22,895.66,,,,"     ",3.60,19.54,10.81
532,444681528,"00532M01:54:41.594","00532 02:07:43",191.19,895.80,,,,"     ",3.60,19.48,10.78
532,444681529,"00532M01:54:42.567","00532 02:07:44",191.16,895.72,,,,"     ",3.60,19.47,10.77
532,444681530,"00532M01:54:43.540","00532 02:07:45",191.15,895.63,,,,"     ",3.60,19.45,10.76
532,444681531,"00532M01:54:44.514","00532 02:07:46",191.14,895.51,,,,"     ",3.60,19.46,10.76
532,444681532,"00532M01:54:45.487","00532 02:07:47",191.15,895.74,,,,"     ",3.60,19.49,10.78
532,444681533,"00532M01:54:46.460","00532 02:07:48",191.16,895.66,,,,"     ",3.60,19.49,10.78
532,444681534,"00532M01:54:47.434","00532 02:07:49",191.18,895.64,,,,"     ",3.60,19.45,10.76
532,444681535,"00532M01:54:48.407","00532 02:07:50",191.20,895.71,,,,"     ",3.60,19.45,10.76
532,444681536,"00532M01:54:49.380","00532 02:07:51",191.23,895.74,,,,"     ",3.60,19.44,10.76
532,444681537,"00532M01:54:50.353","00532 02:07:52",191.27,895.68,,,,"     ",3.60,19.47,10.77
532,444681538,"00532M01:54:51.327","00532 02:07:53",191.31,895.76,,,,"     ",3.60,19.42,10.75
532,444681539,"00532M01:54:52.300","00532 02:07:54",191.35,895.67,,,,"     ",3.60,19.50,10.79
532,444681540,"00532M01:54:53.273","00532 02:07:55",191.39,895.62,,,,"     ",3.60,19.42,10.74
532,444681541,"00532M01:54:54.246","00532 02:07:56",191.43,895.69,,,,"     ",3.60,19.48,10.77
532,444681542,"00532M01:54:55.220","00532 02:07:57",191.45,895.65,,,,"     ",3.60,19.46,10.77
532,444681543,"00532M01:54:56.193","00532 02:07:58",191.46,895.65,,,,"     ",3.60,19.47,10.77
532,444681544,"00532M01:54:57.166","00532 02:07:59",191.46,895.65,,,,"     ",3.60,19.50,10.79
532,444681545,"00532M01:54:58.139","00532 02:08:00",191.45,895.62,,,,"     ",3.60,19.45,10.76
532,444681546,"00532M01:54:59.113","00532 02:08:01",191.42,895.62,,,,"     ",3.60,19.49,10.78
532,444681547,"00532M01:55:00.086","00532 02:08:02",191.39,895.66,,,,"     ",3.60,19.47,10.77
532,444681548,"00532M01:55:01.059","00532 02:08:03",191.36,895.65,,,,"     ",3.60,19.49,10.78
532,444681549,"00532M01:55:02.032","00532 02:08:03",191.31,895.65,,,,"     ",3.60,19.32,10.68
532,444681550,"00532M01:55:03.006","00532 02:08:04",191.27,895.64,,,,"     ",3.60,19.49,10.78
532,444681551,"00532M01:55:03.979","00532 02:08:05",191.22,895.66,,,,"     ",3.60,19.45,10.76
532,444681552,"00532M01:55:04.952","00532 02:08:06",191.18,895.63,,,,"     ",3.60,19.43,10.75
532,444681553,"00532M01:55:05.925","00532 02:08:07",191.13,895.65,,,,"     ",3.60,19.44,10.76
532,444681554,"00532M01:55:06.899","00532 02:08:08",191.09,895.65,,,,"     ",3.60,19.48,10.78
532,444681555,"00532M01:55:07.872","00532 02:08:09",191.06,895.62,,,,"     ",3.60,19.41,10.74
532,444681556,"00532M01:55:08.845","00532 02:08:10",191.04,895.65,,,,"     ",3.60,19.50,10.79
532,444681557,"00532M01:55:09.818","00532 02:08:11",191.03,895.60,,,,"     ",3.60,19.40,10.73
532,444681558,"00532M01:55:10.792","00532 02:08:12",191.04,895.65,,,,"     ",3.60,19.45,10.76
532,444681559,"00532M01:55:11.765","00532 02:08:13",191.06,895.60,,,,"     ",3.60,19.51,10.79
532,444681560,"00532M01:55:12.738","00532 02:08:14",191.10,895.70,,,,"     ",3.60,19.40,10.73
532,444681561,"00532M01:55:13.711","00532 02:08:15",191.14,895.70,,,,"     ",3.60,19.40,10.73
532,444681562,"00532M01:55:14.685","00532 02:08:16",191.19,895.74,,,,"     ",3.60,19.37,10.71
532,444681563,"00532M01:55:15.658","00532 02:08:17",191.23,895.70,,,,"     ",3.60,19.37,10.72
532,444681564,"00532M01:55:16.631","00532 02:08:18",191.27,895.67,,,,"     ",3.60,19.44,10.76
532,444681565,"00532M01:55:17.604","00532 02:08:19",191.31,895.73,,,,"     ",3.60,19.31,10.69
532,444681566,"00532M01:55:18.578","00532 02:08:20",191.34,895.73,,,,"     ",3.60,19.46,10.77
532,444681567,"00532M01:55:19.551","00532 02:08:21",191.36,895.74,,,,"     ",3.60,19.49,10.78
532,444681568,"00532M01:55:20.524","00532 02:08:22",191.37,895.85,,,,"     ",3.60,19.40,10.73
532,444681569,"00532M01:55:21.497","00532 02:08:23",191.38,895.82,,,,"     ",3.60,19.44,10.76
532,444681570,"00532M01:55:22.471","00532 02:08:24",191.38,895.57,,,,"     ",3.60,19.42,10.74
532,444681571,"00532M01:55:23.444","00532 02:08:25",191.39,895.66,,,,"     ",3.60,19.33,10.70
532,444681572,"00532M01:55:24.417","00532 02:08:26",191.39,895.66,,,,"     ",3.60,19.51,10.80
532,444681573,"00532M01:55:25.390","00532 02:08:27",191.39,895.63,,,,"     ",3.60,19.47,10.77
532,444681574,"00532M01:55:26.364","00532 02:08:28",191.39,895.67,,,,"     ",3.60,19.45,10.76
532,444681575,"00532M01:55:27.337","00532 02:08:29",191.40,895.61,,,,"     ",3.60,19.43,10.75
532,444681576,"00532M01:55:28.310","00532 02:08:30",191.41,895.62,,,,"     ",3.60,19.36,10.71
532,444681577,"00532M01:55:29.283","00532 02:08:31",191.42,895.65,,,,"     ",3.60,19.39,10.73
532,444681578,"00532M01:55:30.257","00532 02:08:32",191.44,895.69,,,,"     ",3.60,19.36,10.71
532,444681579,"00532M01:55:31.230","00532 02:08:33",191.45,895.66,,,,"     ",3.60,19.40,10.73
532,444681580,"00532M01:55:32.203","00532 02:08:34",191.48,895.62,,,,"     ",3.60,19.31,10.68
532,444681581,"00532M01:55:33.176","00532 02:08:35",191.51,895.69,,,,"     ",3.60,19.37,10.72
532,444681582,"00532M01:55:34.150","00532 02:08:36",191.56,895.60,,,,"     ",3.60,19.37,10.71
532,444681583,"00532M01:55:35.123","00532 02:08:37",191.60,895.55,,,,"     ",3.60,19.40,10.73
532,444681584,"00532M01:55:36.096","00532 02:08:38",191.65,895.66,,,,"     ",3.60,19.52,10.80
532,444681585,"00532M01:55:37.069","00532 02:08:39",191.69,895.67,,,,"     ",3.60,19.35,10.70
532,444681586,"00532M01:55:38.043","00532 02:08:40",191.73,895.65,,,,"     ",3.60,19.35,10.70
532,444681587,"00532M01:55:39.016","00532 02:08:40",191.76,895.74,,,,"     ",3.60,19.37,10.71
532,444681588,"00532M01:55:39.989","00532 02:08:41",191.79,895.71,,,,"     ",3.60,19.34,10.69
532,444681589,"00532M01:55:40.962","00532 02:08:42",191.83,895.72,,,,"     ",3.60,19.45,10.75
532,444681590,"00532M01:55:41.936","00532 02:08:43",191.85,895.69,,,,"     ",3.60,19.44,10.75
532,444681591,"00532M01:55:42.909","00532 02:08:44",191.88,895.70,,,,"     ",3.60,19.44,10.75
532,444681592,"00532M01:55:43.882","00532 02:08:45",191.91,895.70,,,,"     ",3.60,19.37,10.71
532,444681593,"00532M01:55:44.855","00532 02:08:46",191.94,895.66,,,,"     ",3.60,19.39,10.72
532,444681594,"00532M01:55:45.829","00532 02:08:47",191.96,895.70,,,,"     ",3.60,19.35,10.69
532,444681595,"00532M01:55:46.802","00532 02:08:48",191.99,895.62,,,,"     ",3.60,19.38,10.71
532,444681596,"00532M01:55:47.775","00532 02:08:49",192.01,895.65,,,,"     ",3.60,19.43,10.73
532,444681597,"00532M01:55:48.748","00532 02:08:50",192.04,895.68,,,,"     ",3.60,19.40,10.71
532,444681598,"00532M01:55:49.722","00532 02:08:51",192.06,895.69,,,,"     ",3.60,19.40,10.72
532,444681599,"00532M01:55:50.695","00532 02:08:52",192.09,895.66,,,,"     ",3.60,19.48,10.76
532,444681600,"00532M01:55:51.668","00532 02:08:53",192.11,895.65,,,,"     ",3.60,19.39,10.71
532,444681601,"00532M01:55:52.641","00532 02:08:54",192.14,895.73,,,,"     ",3.60,19.42,10.73
532,444681602,"00532M01:55:53.615","00532 02:08:55",192.16,895.74,,,,"     ",3.60,19.30,10.66
532,444681603,"00532M01:55:54.588","00532 02:08:56",192.18,895.73,,,,"     ",3.60,19.37,10.69
532,444681604,"00532M01:55:55.561","00532 02:08:57",192.21,895.81,,,,"     ",3.60,19.41,10.72
532,444681605,"00532M01:55:56.534","00532 02:08:58",192.23,895.75,,,,"     ",3.60,19.45,10.73
532,444681606,"00532M01:55:57.508","00532 02:08:59",192.55,895.76,,,,"     ",3.60,19.37,10.69
532,444681607,"00532M01:55:58.481","00532 02:09:00",192.60,895.71,,,,"     ",3.60,19.35,10.68
532,444681608,"00532M01:55:59.454","00532 02:09:01",192.65,895.69,,,,"     ",3.60,19.37,10.69
532,444681609,"00532M01:56:00.428","00532 02:09:02",192.71,895.65,,,,"     ",3.60,19.32,10.66
532,444681610,"00532M01:56:01.401","00532 02:09:03",192.77,895.65,,,,"     ",3.60,19.40,10.70
532,444681611,"00532M01:56:02.374","00532 02:09:04",192.83,895.68,,,,"     ",3.60,19.46,10.73
532,444681612,"00532M01:56:03.347","00532 02:09:05",192.89,895.64,,,,"     ",3.60,19.39,10.69
532,444681613,"00532M01:56:04.321","00532 02:09:06",192.96,895.54,,,,"     ",3.60,19.40,10.70
532,444681614,"00532M01:56:05.294","00532 02:09:07",193.03,895.72,,,,"     ",3.60,19.35,10.67
532,444681615,"00532M01:56:06.267","00532 02:09:08",193.11,895.69,,,,"     ",3.60,19.41,10.70
532,444681616,"00532M01:56:07.240","00532 02:09:09",193.19,895.84,,,,"     ",3.60,19.48,10.74
532,444681617,"00532M01:56:08.214","00532 02:09:10",193.28,895.82,,,,"     ",3.60,19.31,10.64
532,444681618,"00532M01:56:09.187","00532 02:09:11",193.37,895.66,,,,"     ",3.60,19.65,10.82
532,444681619,"00532M01:56:10.160","00532 02:09:12",193.46,895.64,,,,"     ",3.60,19.34,10.65
532,444681620,"00532M01:56:11.133","00532 02:09:13",193.49,895.65,,,,"     ",3.60,19.50,10.74
532,444681621,"00532M01:56:12.107","00532 02:09:14",193.50,895.66,,,,"     ",3.60,19.46,10.72
532,444681622,"00532M01:56:13.080","00532 02:09:15",193.52,895.68,,,,"     ",3.60,19.35,10.65
532,444681623,"00532M01:56:14.053","00532 02:09:16",193.56,895.73,,,,"     ",3.60,19.41,10.68
532,444681624,"00532M01:56:15.026","00532 02:09:16",193.61,895.77,,,,"     ",3.60,19.43,10.69
532,444681625,"00532M01:56:16.000","00532 02:09:17",193.67,895.76,,,,"     ",3.60,19.41,10.68
532,444681626,"00532M01:56:16.973","00532 02:09:18",193.73,895.71,,,,"     ",3.60,19.38,10.66
532,444681627,"00532M01:56:17.946","00532 02:09:19",193.77,895.81,,,,"     ",3.60,19.47,10.71
532,444681628,"00532M01:56:18.919","00532 02:09:20",193.79,895.77,,,,"     ",3.60,19.37,10.65
532,444681629,"00532M01:56:19.893","00532 02:09:21",193.82,895.71,,,,"     ",3.60,19.44,10.68
532,444681630,"00532M01:56:20.866","00532 02:09:22",193.86,895.83,,,,"     ",3.60,19.37,10.64
532,444681631,"00532M01:56:21.839","00532 02:09:23",193.92,895.81,,,,"     ",3.60,19.33,10.62
532,444681632,"00532M01:56:22.812","00532 02:09:24",193.99,895.77,,,,"     ",3.60,19.38,10.64
532,444681633,"00532M01:56:23.786","00532 02:09:25",194.07,895.84,,,,"     ",3.60,19.38,10.64
532,444681634,"00532M01:56:24.759","00532 02:09:26",194.14,895.83,,,,"     ",3.60,19.48,10.69
532,444681635,"00532M01:56:25.732","00532 02:09:27",194.21,895.77,,,,"     ",3.60,19.35,10.62
532,444681636,"00532M01:56:26.705","00532 02:09:28",194.26,895.75,,,,"     ",3.60,19.36,10.62
532,444681637,"00532M01:56:27.679","00532 02:09:29",194.31,895.75,,,,"     ",3.60,19.44,10.67
532,444681638,"00532M01:56:28.652","00532 02:09:30",194.35,895.77,,,,"     ",3.60,19.41,10.64
532,444681639,"00532M01:56:29.625","00532 02:09:31",194.41,895.74,,,,"     ",3.60,19.40,10.64
532,444681640,"00532M01:56:30.598","00532 02:09:32",194.48,895.78,,,,"     ",3.60,19.39,10.63
532,444681641,"00532M01:56:31.572","00532 02:09:33",194.54,895.82,,,,"     ",3.60,19.43,10.65
532,444681642,"00532M01:56:32.545","00532 02:09:34",194.59,895.81,,,,"     ",3.60,19.42,10.64
532,444681643,"00532M01:56:33.518","00532 02:09:35",194.62,895.71,,,,"     ",3.60,19.39,10.62
532,444681644,"00532M01:56:34.491","00532 02:09:36",194.63,895.67,,,,"     ",3.60,19.34,10.59
532,444681645,"00532M01:56:35.465","00532 02:09:37",194.63,895.70,,,,"     ",3.60,19.38,10.62
532,444681646,"00532M01:56:36.438","00532 02:09:38",194.61,895.74,,,,"     ",3.60,19.40,10.62
532,444681647,"00532M01:56:37.411","00532 02:09:39",194.57,895.81,,,,"     ",3.60,19.44,10.64
532,444681648,"00532M01:56:38.384","00532 02:09:40",194.54,895.71,,,,"     ",3.60,19.44,10.64
532,444681649,"00532M01:56:39.358","00532 02:09:41",194.50,895.66,,,,"     ",3.60,19.42,10.62
532,444681650,"00532M01:56:40.331","00532 02:09:42",194.46,895.68,,,,"     ",3.60,19.42,10.61
532,444681651,"00532M01:56:41.304","00532 02:09:43",194.43,895.72,,,,"     ",3.60,19.51,10.67
532,444681652,"00532M01:56:42.277","00532 02:09:44",194.40,895.69,,,,"     ",3.60,19.47,10.64
532,444681653,"00532M01:56:43.251","00532 02:09:45",194.39,895.72,,,,"     ",3.60,19.38,10.59
532,444681654,"00532M01:56:44.224","00532 02:09:46",194.39,895.76,,,,"     ",3.60,19.40,10.60
532,444681655,"00532M01:56:45.197","00532 02:09:47",194.41,895.81,,,,"     ",3.60,19.41,10.60
532,444681656,"00532M01:56:46.170","00532 02:09:48",194.46,895.77,,,,"     ",3.60,19.41,10.60
532,444681657,"00532M01:56:47.144","00532 02:09:49",194.52,895.77,,,,"     ",3.60,19.44,10.61
532,444681658,"00532M01:56:48.117","00532 02:09:50",194.57,895.72,,,,"     ",3.60,19.38,10.58
532,444681659,"00532M01:56:49.090","00532 02:09:51",194.61,895.71,,,,"     ",3.60,19.32,10.54
532,444681660,"00532M01:56:50.063","00532 02:09:52",194.63,895.77,,,,"     ",3.60,19.48,10.63
532,444681661,"00532M01:56:51.037","00532 02:09:53",194.66,895.62,,,,"     ",3.60,19.53,10.66
532,444681662,"00532M01:56:52.010","00532 02:09:53",194.69,895.79,,,,"     ",3.60,19.34,10.55
532,444681663,"00532M01:56:52.983","00532 02:09:54",194.73,895.70,,,,"     ",3.60,19.39,10.57
532,444681664,"00532M01:56:53.956","00532 02:09:55",194.77,895.80,,,,"     ",3.60,19.39,10.57
532,444681665,"00532M01:56:54.930","00532 02:09:56",194.81,895.89,,,,"     ",3.60,19.40,10.57
532,444681666,"00532M01:56:55.903","00532 02:09:57",194.86,895.85,,,,"     ",3.60,19.62,10.69
532,444681667,"00532M01:56:56.876","00532 02:09:58",194.91,895.71,,,,"     ",3.60,19.42,10.57
532,444681668,"00532M01:56:57.849","00532 02:09:59",194.98,895.72,,,,"     ",3.60,19.44,10.59
532,444681669,"00532M01:56:58.823","00532 02:10:00",195.07,895.75,,,,"     ",3.60,19.45,10.59
532,444681670,"00532M01:56:59.796","00532 02:10:01",195.16,895.78,,,,"     ",3.60,19.42,10.57
532,444681671,"00532M01:57:00.769","00532 02:10:02",195.25,895.80,,,,"     ",3.60,19.42,10.57
532,444681672,"00532M01:57:01.742","00532 02:10:03",195.33,895.73,,,,"     ",3.60,19.50,10.61
532,444681673,"00532M01:57:02.716","00532 02:10:04",195.39,895.81,,,,"     ",3.60,19.50,10.61
532,444681674,"00532M01:57:03.689","00532 02:10:05",195.42,895.72,,,,"     ",3.60,19.40,10.55
532,444681675,"00532M01:57:04.662","00532 02:10:06",195.43,895.78,,,,"     ",3.60,19.44,10.57
532,444681676,"00532M01:57:05.635","00532 02:10:07",195.44,895.86,,,,"     ",3.60,19.47,10.59
532,444681677,"00532M01:57:06.609","00532 02:10:08",195.45,895.85,,,,"     ",3.60,19.50,10.60
532,444681678,"00532M01:57:07.582","00532 02:10:09",195.47,895.86,,,,"     ",3.60,19.46,10.58
532,444681679,"00532M01:57:08.555","00532 02:10:10",195.51,895.83,,,,"     ",3.60,19.45,10.57
532,444681680,"00532M01:57:09.529","00532 02:10:11",195.56,895.83,,,,"     ",3.60,19.40,10.54
532,444681681,"00532M01:57:10.502","00532 02:10:12",195.64,895.76,,,,"     ",3.60,19.53,10.61
532,444681682,"00532M01:57:11.475","00532 02:10:13",195.71,895.81,,,,"     ",3.60,19.43,10.55
532,444681683,"00532M01:57:12.448","00532 02:10:14",195.77,895.80,,,,"     ",3.60,19.71,10.71
532,444681684,"00532M01:57:13.422","00532 02:10:15",195.80,895.71,,,,"     ",3.60,19.35,10.50
532,444681685,"00532M01:57:14.395","00532 02:10:16",195.83,895.79,,,,"     ",3.60,19.50,10.58
532,444681686,"00532M01:57:15.368","00532 02:10:17",195.86,895.89,,,,"     ",3.60,19.40,10.52
532,444681687,"00532M01:57:16.341","00532 02:10:18",195.90,895.79,,,,"     ",3.60,19.45,10.55
532,444681688,"00532M01:57:17.315","00532 02:10:19",195.94,895.81,,,,"     ",3.60,19.45,10.54
532,444681689,"00532M01:57:18.288","00532 02:10:20",195.99,895.78,,,,"     ",3.60,19.42,10.53
532,444681690,"00532M01:57:19.261","00532 02:10:21",196.04,895.82,,,,"     ",3.60,19.42,10.52
532,444681691,"00532M01:57:20.234","00532 02:10:22",196.09,895.75,,,,"     ",3.60,19.46,10.54
532,444681692,"00532M01:57:21.208","00532 02:10:23",196.15,895.79,,,,"     ",3.60,19.46,10.54
532,444681693,"00532M01:57:22.181","00532 02:10:24",196.20,895.73,,,,"     ",3.60,19.50,10.55
532,444681694,"00532M01:57:23.154","00532 02:10:25",196.26,895.85,,,,"     ",3.60,19.48,10.54
532,444681695,"00532M01:57:24.127","00532 02:10:26",196.33,895.83,,,,"     ",3.60,19.58,10.59
532,444681696,"00532M01:57:25.101","00532 02:10:27",196.39,895.82,,,,"     ",3.60,19.47,10.53
532,444681697,"00532M01:57:26.074","00532 02:10:28",196.45,895.93,,,,"     ",3.60,19.50,10.55
532,444681698,"00532M01:57:27.047","00532 02:10:29",196.50,895.86,,,,"     ",3.60,19.48,10.53
532,444681699,"00532M01:57:28.020","00532 02:10:29",196.55,895.82,,,,"     ",3.60,19.51,10.55
532,444681700,"00532M01:57:28.994","00532 02:10:30",196.57,895.86,,,,"     ",3.60,19.49,10.53
532,444681701,"00532M01:57:29.967","00532 02:10:31",196.57,895.81,,,,"     ",3.60,19.48,10.52
532,444681702,"00532M01:57:30.940","00532 02:10:32",196.55,895.84,,,,"     ",3.60,19.53,10.55
532,444681703,"00532M01:57:31.913","00532 02:10:33",196.51,895.81,,,,"     ",3.60,19.42,10.49
532,444681704,"00532M01:57:32.887","00532 02:10:34",196.47,895.77,,,,"     ",3.60,19.57,10.56
532,444681705,"00532M01:57:33.860","00532 02:10:35",196.44,895.76,,,,"     ",3.60,19.50,10.52
532,444681706,"00532M01:57:34.833","00532 02:10:36",196.45,895.76,,,,"     ",3.60,19.44,10.49
532,444681707,"00532M01:57:35.806","00532 02:10:37",196.50,895.74,,,,"     ",3.60,19.49,10.51
532,444681708,"00532M01:57:36.780","00532 02:10:38",196.58,895.66,,,,"     ",3.60,19.40,10.46
532,444681709,"00532M01:57:37.753","00532 02:10:39",196.68,895.61,,,,"     ",3.60,19.57,10.55
532,444681710,"00532M01:57:38.726","00532 02:10:40",196.77,895.67,,,,"     ",3.60,19.32,10.41
532,444681711,"00532M01:57:39.699","00532 02:10:41",196.84,895.82,,,,"     ",3.60,19.47,10.49
532,444681712,"00532M01:57:40.673","00532 02:10:42",196.87,895.71,,,,"     ",3.60,19.56,10.54
532,444681713,"00532M01:57:41.646","00532 02:10:43",196.88,895.83,,,,"     ",3.60,19.49,10.50
532,444681714,"00532M01:57:42.619","00532 02:10:44",196.88,895.92,,,,"     ",3.60,19.47,10.48
532,444681715,"00532M01:57:43.592","00532 02:10:45",196.88,895.78,,,,"     ",3.60,19.58,10.54
532,444681716,"00532M01:57:44.566","00532 02:10:46",196.89,895.77,,,,"     ",3.60,19.80,10.65
532,444681717,"00532M01:57:45.539","00532 02:10:47",196.90,895.74,,,,"     ",3.60,19.52,10.50
532,444681718,"00532M01:57:46.512","00532 02:10:48",196.92,895.82,,,,"     ",3.60,19.49,10.48
532,444681719,"00532M01:57:47.485","00532 02:10:49",196.94,895.77,,,,"     ",3.60,19.45,10.45
532,444681720,"00532M01:57:48.459","00532 02:10:50",196.95,895.79,,,,"     ",3.60,19.51,10.49
532,444681721,"00532M01:57:49.432","00532 02:10:51",196.96,895.77,,,,"     ",3.60,19.53,10.49
532,444681722,"00532M01:57:50.405","00532 02:10:52",196.98,895.77,,,,"     ",3.60,19.53,10.49
532,444681723,"00532M01:57:51.378","00532 02:10:53",197.02,895.77,,,,"     ",3.60,19.48,10.46
532,444681724,"00532M01:57:52.352","00532 02:10:54",197.06,895.78,,,,"     ",3.60,19.52,10.48
532,444681725,"00532M01:57:53.325","00532 02:10:55",197.08,895.81,,,,"     ",3.60,19.56,10.50
532,444681726,"00532M01:57:54.298","00532 02:10:56",197.07,895.90,,,,"     ",3.60,19.51,10.47
532,444681727,"00532M01:57:55.271","00532 02:10:57",197.02,895.81,,,,"     ",3.60,19.54,10.48
532,444681728,"00532M01:57:56.245","00532 02:10:58",196.93,895.81,,,,"     ",3.60,19.56,10.49
532,444681729,"00532M01:57:57.218","00532 02:10:59",196.82,895.81,,,,"     ",3.60,19.54,10.48
532,444681730,"00532M01:57:58.191","00532 02:11:00",196.71,895.86,,,,"     ",3.60,19.55,10.48
532,444681731,"00532M01:57:59.164","00532 02:11:01",196.62,895.87,,,,"     ",3.60,19.54,10.47
532,444681732,"00532M01:58:00.138","00532 02:11:02",196.56,895.80,,,,"     ",3.60,19.59,10.49
532,444681733,"00532M01:58:01.111","00532 02:11:03",196.54,895.77,,,,"     ",3.60,19.52,10.46
532,444681734,"00532M01:58:02.084","00532 02:11:04",196.55,895.91,,,,"     ",3.60,19.58,10.49
532,444681735,"00532M01:58:03.057","00532 02:11:05",196.57,895.81,,,,"     ",3.60,19.55,10.47
532,444681736,"00532M01:58:04.031","00532 02:11:06",196.58,895.82,,,,"     ",3.60,19.49,10.44
532,444681737,"00532M01:58:05.004","00532 02:11:06",196.58,895.80,,,,"     ",3.60,19.60,10.49
532,444681738,"00532M01:58:05.977","00532 02:11:07",196.59,895.79,,,,"     ",3.60,19.56,10.47
532,444681739,"00532M01:58:06.950","00532 02:11:08",196.60,895.79,,,,"     ",3.60,19.61,10.50
532,444681740,"00532M01:58:07.924","00532 02:11:09",196.64,895.83,,,,"     ",3.60,19.51,10.44
532,444681741,"00532M01:58:08.897","00532 02:11:10",196.69,895.79,,,,"     ",3.60,19.55,10.46
532,444681742,"00532M01:58:09.870","00532 02:11:11",196.74,895.70,,,,"     ",3.60,19.69,10.53
532,444681743,"00532M01:58:10.843","00532 02:11:12",196.78,895.72,,,,"     ",3.60,19.43,10.38
532,444681744,"00532M01:58:11.817","00532 02:11:13",196.78,895.73,,,,"     ",3.60,19.55,10.45
532,444681745,"00532M01:58:12.790","00532 02:11:14",196.77,895.67,,,,"     ",3.60,19.56,10.45
532,444681746,"00532M01:58:13.763","00532 02:11:15",196.73,895.77,,,,"     ",3.60,19.55,10.45
532,444681747,"00532M01:58:14.736","00532 02:11:16",196.69,895.78,,,,"     ",3.60,19.57,10.46
532,444681748,"00532M01:58:15.710","00532 02:11:17",196.66,895.78,,,,"     ",3.60,19.62,10.49
532,444681749,"00532M01:58:16.683","00532 02:11:18",196.62,895.74,,,,"     ",3.60,19.87,10.63
532,444681750,"00532M01:58:17.656","00532 02:11:19",196.58,895.76,,,,"     ",3.60,19.49,10.41
532,444681751,"00532M01:58:18.630","00532 02:11:20",196.53,895.81,,,,"     ",3.60,19.52,10.43
532,444681752,"00532M01:58:19.603","00532 02:11:21",196.47,895.77,,,,"     ",3.60,19.46,10.39
532,444681753,"00532M01:58:20.576","00532 02:11:22",196.39,895.77,,,,"     ",3.60,19.53,10.43
532,444681754,"00532M01:58:21.549","00532 02:11:23",196.29,895.76,,,,"     ",3.60,19.52,10.42
532,444681755,"00532M01:58:22.523","00532 02:11:24",196.16,895.75,,,,"     ",3.60,19.59,10.46
532,444681756,"00532M01:58:23.496","00532 02:11:25",196.02,895.62,,,,"     ",3.60,19.61,10.47
532,444681757,"00532M01:58:24.469","00532 02:11:26",195.88,895.62,,,,"     ",3.60,19.60,10.46
532,444681758,"00532M01:58:25.442","00532 02:11:27",195.75,895.58,,,,"     ",3.60,19.25,10.27
532,444681759,"00532M01:58:26.416","00532 02:11:28",195.63,895.78,,,,"     ",3.60,19.55,10.44
532,444681760,"00532M01:58:27.389","00532 02:11:29",195.55,895.84,,,,"     ",3.60,19.45,10.38
532,444681761,"00532M01:58:28.362","00532 02:11:30",195.51,895.91,,,,"     ",3.60,19.62,10.48
532,444681762,"00532M01:58:29.335","00532 02:11:31",195.50,896.00,,,,"     ",3.60,19.60,10.46
532,444681763,"00532M01:58:30.309","00532 02:11:32",195.52,895.76,,,,"     ",3.60,19.62,10.47
532,444681764,"00532M01:58:31.282","00532 02:11:33",195.54,895.75,,,,"     ",3.60,19.52,10.41
532,444681765,"00532M01:58:32.255","00532 02:11:34",195.57,895.83,,,,"     ",3.60,19.57,10.44
532,444681766,"00532M01:58:33.228","00532 02:11:35",195.61,895.88,,,,"     ",3.60,19.48,10.40
532,444681767,"00532M01:58:34.202","00532 02:11:36",195.68,895.84,,,,"     ",3.60,19.59,10.45
532,444681768,"00532M01:58:35.175","00532 02:11:37",195.78,895.84,,,,"     ",3.60,19.64,10.48
532,444681769,"00532M01:58:36.148","00532 02:11:38",195.89,895.85,,,,"     ",3.60,19.61,10.47
532,444681770,"00532M01:58:37.121","00532 02:11:39",196.02,895.84,,,,"     ",3.60,19.59,10.45
532,444681771,"00532M01:58:38.095","00532 02:11:40",196.15,895.86,,,,"     ",3.60,19.57,10.44
532,444681772,"00532M01:58:39.068","00532 02:11:41",196.28,895.80,,,,"     ",3.60,19.58,10.44
532,444681773,"00532M01:58:40.041","00532 02:11:42",196.39,895.84,,,,"     ",3.60,19.55,10.43
532,444681774,"00532M01:58:41.014","00532 02:11:43",196.45,895.80,,,,"     ",3.60,19.46,10.38
532,444681775,"00532M01:58:41.988","00532 02:11:43",196.47,895.83,,,,"     ",3.60,19.61,10.46
532,444681776,"00532M01:58:42.961","00532 02:11:44",196.47,895.87,,,,"     ",3.60,19.56,10.43
532,444681777,"00532M01:58:43.934","00532 02:11:45",196.46,895.83,,,,"     ",3.60,19.57,10.44
532,444681778,"00532M01:58:44.907","00532 02:11:46",196.44,895.94,,,,"     ",3.60,19.57,10.44
532,444681779,"00532M01:58:45.881","00532 02:11:47",196.43,895.78,,,,"     ",3.60,19.51,10.40
532,444681780,"00532M01:58:46.854","00532 02:11:48",196.40,895.83,,,,"     ",3.60,19.58,10.44
532,444681781,"00532M01:58:47.827","00532 02:11:49",196.36,895.86,,,,"     ",3.60,19.62,10.46
532,444681782,"00532M01:58:48.800","00532 02:11:50",196.31,895.81,,,,"     ",3.60,19.80,10.56
532,444681783,"00532M01:58:49.774","00532 02:11:51",196.26,895.76,,,,"     ",3.60,19.57,10.43
532,444681784,"00532M01:58:50.747","00532 02:11:52",196.20,895.84,,,,"     ",3.60,19.48,10.38
532,444681785,"00532M01:58:51.720","00532 02:11:53",196.16,895.80,,,,"     ",3.60,19.55,10.42
532,444681786,"00532M01:58:52.693","00532 02:11:54",196.13,895.88,,,,"     ",3.60,19.49,10.38
532,444681787,"00532M01:58:53.667","00532 02:11:55",196.13,895.90,,,,"     ",3.60,19.51,10.40
532,444681788,"00532M01:58:54.640","00532 02:11:56",196.13,895.87,,,,"     ",3.60,19.62,10.45
532,444681789,"00532M01:58:55.613","00532 02:11:57",196.12,895.86,,,,"     ",3.60,19.55,10.42
532,444681790,"00532M01:58:56.586","00532 02:11:58",196.08,895.80,,,,"     ",3.60,19.60,10.44
532,444681791,"00532M01:58:57.560","00532 02:11:59",196.02,895.82,,,,"     ",3.60,19.48,10.38
532,444681792,"00532M01:58:58.533","00532 02:12:00",195.96,895.78,,,,"     ",3.60,19.54,10.41
532,444681793,"00532M01:58:59.506","00532 02:12:01",195.90,895.81,,,,"     ",3.60,19.55,10.41
532,444681794,"00532M01:59:00.479","00532 02:12:02",195.84,895.86,,,,"     ",3.60,19.58,10.43
532,444681795,"00532M01:59:01.453","00532 02:12:03",195.78,895.84,,,,"     ",3.60,19.60,10.44
532,444681796,"00532M01:59:02.426","00532 02:12:04",195.75,895.82,,,,"     ",3.60,19.56,10.42
532,444681797,"00532M01:59:03.399","00532 02:12:05",195.73,895.79,,,,"     ",3.60,19.59,10.43
532,444681798,"00532M01:59:04.372","00532 02:12:06",195.73,895.88,,,,"     ",3.60,19.53,10.40
532,444681799,"00532M01:59:05.346","00532 02:12:07",195.72,895.81,,,,"     ",3.60,19.53,10.40
532,444681800,"00532M01:59:06.319","00532 02:12:08",195.72,895.83,,,,"     ",3.60,19.55,10.41
532,444681801,"00532M01:59:07.292","00532 02:12:09",195.71,895.84,,,,"     ",3.60,19.68,10.48
532,444681802,"00532M01:59:08.265","00532 02:12:10",195.72,895.86,,,,"     ",3.60,19.61,10.44
532,444681803,"00532M01:59:09.239","00532 02:12:11",195.75,895.84,,,,"     ",3.60,19.50,10.38
532,444681804,"00532M01:59:10.212","00532 02:12:12",195.81,895.68,,,,"     ",3.60,19.60,10.43
532,444681805,"00532M01:59:11.185","00532 02:12:13",195.88,895.70,,,,"     ",3.60,19.56,10.41
532,444681806,"00532M01:59:12.158","00532 02:12:14",195.95,895.64,,,,"     ",3.60,19.56,10.41
532,444681807,"00532M01:59:13.132","00532 02:12:15",196.02,895.92,,,,"     ",3.60,19.54,10.41
532,444681808,"00532M01:59:14.105","00532 02:12:16",196.07,895.99,,,,"     ",3.60,19.62,10.45
532,444681809,"00532M01:59:15.078","00532 02:12:17",196.07,896.02,,,,"     ",3.60,19.54,10.41
532,444681810,"00532M01:59:16.051","00532 02:12:18",196.04,896.10,,,,"     ",3.60,19.68,10.48
532,444681811,"00532M01:59:17.025","00532 02:12:19",195.98,896.01,,,,"     ",3.60,19.85,10.57
532,444681812,"00532M01:59:17.998","00532 02:12:19",195.90,895.89,,,,"     ",3.60,19.63,10.45
532,444681813,"00532M01:59:18.971","00532 02:12:20",195.82,895.95,,,,"     ",3.60,19.61,10.44
532,444681814,"00532M01:59:19.944","00532 02:12:21",195.74,895.95,,,,"     ",3.60,19.53,10.40
532,444681815,"00532M01:59:20.918","00532 02:12:22",195.66,895.83,,,,"     ",3.60,19.82,10.56
532,444681816,"00532M01:59:21.891","00532 02:12:23",195.61,895.91,,,,"     ",3.60,19.57,10.41
532,444681817,"00532M01:59:22.864","00532 02:12:24",195.58,895.94,,,,"     ",3.60,19.59,10.43
532,444681818,"00532M01:59:23.837","00532 02:12:25",195.55,895.91,,,,"     ",3.60,19.52,10.39
532,444681819,"00532M01:59:24.811","00532 02:12:26",195.55,895.95,,,,"     ",3.60,19.53,10.39
532,444681820,"00532M01:59:25.784","00532 02:12:27",195.57,895.88,,,,"     ",3.60,19.53,10.39
532,444681821,"00532M01:59:26.757","00532 02:12:28",195.63,895.90,,,,"     ",3.60,19.58,10.42
532,444681822,"00532M01:59:27.731","00532 02:12:29",195.72,895.92,,,,"     ",3.60,19.62,10.45
532,444681823,"00532M01:59:28.704","00532 02:12:30",195.83,895.87,,,,"     ",3.60,19.65,10.45
532,444681824,"00532M01:59:29.677","00532 02:12:31",195.96,895.81,,,,"     ",3.60,19.65,10.46
532,444681825,"00532M01:59:30.650","00532 02:12:32",196.09,895.89,,,,"     ",3.60,19.59,10.43
532,444681826,"00532M01:59:31.624","00532 02:12:33",196.19,895.95,,,,"     ",3.60,19.57,10.41
532,444681827,"00532M01:59:32.597","00532 02:12:34",196.27,895.91,,,,"     ",3.60,19.53,10.39
532,444681828,"00532M01:59:33.570","00532 02:12:35",196.31,895.87,,,,"     ",3.60,19.56,10.41
532,444681829,"00532M01:59:34.543","00532 02:12:36",196.34,895.95,,,,"     ",3.60,19.57,10.41
532,444681830,"00532M01:59:35.517","00532 02:12:37",196.36,895.85,,,,"     ",3.60,19.59,10.42
532,444681831,"00532M01:59:36.490","00532 02:12:38",196.36,895.95,,,,"     ",3.60,19.60,10.42
532,444681832,"00532M01:59:37.463","00532 02:12:39",196.37,895.83,,,,"     ",3.60,19.48,10.35
532,444681833,"00532M01:59:38.436","00532 02:12:40",196.38,895.91,,,,"     ",3.60,19.58,10.40
532,444681834,"00532M01:59:39.410","00532 02:12:41",196.40,895.88,,,,"     ",3.60,19.65,10.44
532,444681835,"00532M01:59:40.383","00532 02:12:42",196.43,895.85,,,,"     ",3.60,19.62,10.42
532,444681836,"00532M01:59:41.356","00532 02:12:43",196.46,895.89,,,,"     ",3.60,19.61,10.42
532,444681837,"00532M01:59:42.329","00532 02:12:44",196.50,895.87,,,,"     ",3.60,19.63,10.43
532,444681838,"00532M01:59:43.303","00532 02:12:45",196.53,895.92,,,,"     ",3.60,19.61,10.41
532,444681839,"00532M01:59:44.276","00532 02:12:46",196.57,895.86,,,,"     ",3.60,19.68,10.45
532,444681840,"00532M01:59:45.249","00532 02:12:47",196.63,895.88,,,,"     ",3.60,19.72,10.47
532,444681841,"00532M01:59:46.222","00532 02:12:48",196.69,895.92,,,,"     ",3.60,19.60,10.40
532,444681842,"00532M01:59:47.196","00532 02:12:49",196.73,895.91,,,,"     ",3.60,19.62,10.41
532,444681843,"00532M01:59:48.169","00532 02:12:50",196.75,895.87,,,,"     ",3.60,19.66,10.43
532,444681844,"00532M01:59:49.142","00532 02:12:51",196.75,895.87,,,,"     ",3.60,19.69,10.45
532,444681845,"00532M01:59:50.115","00532 02:12:52",196.74,895.94,,,,"     ",3.60,19.67,10.43
532,444681846,"00532M01:59:51.089","00532 02:12:53",196.72,895.90,,,,"     ",3.60,19.64,10.42
532,444681847,"00532M01:59:52.062","00532 02:12:54",196.70,895.95,,,,"     ",3.60,19.67,10.43
532,444681848,"00532M01:59:53.035","00532 02:12:55",196.68,895.93,,,,"     ",3.60,19.62,10.40
532,444681849,"00532M01:59:54.008","00532 02:12:56",196.66,895.81,,,,"     ",3.60,19.62,10.39
532,444681850,"00532M01:59:54.982","00532 02:12:56",196.66,895.83,,,,"     ",3.60,19.62,10.39
532,444681851,"00532M01:59:55.955","00532 02:12:57",196.69,895.89,,,,"     ",3.60,19.59,10.38
532,444681852,"00532M01:59:56.928","00532 02:12:58",196.71,895.86,,,,"     ",3.60,19.60,10.38
532,444681853,"00532M01:59:57.901","00532 02:12:59",196.74,895.79,,,,"     ",3.60,19.64,10.40
532,444681854,"00532M01:59:58.875","00532 02:13:00",196.76,895.75,,,,"     ",3.60,19.67,10.41
532,444681855,"00532M01:59:59.848","00532 02:13:01",196.78,895.88,,,,"     ",3.60,19.63,10.39
532,444681856,"00532M02:00:00.821","00532 02:13:02",196.80,895.88,,,,"     ",3.60,19.66,10.40
532,444681857,"00532M02:00:01.794","00532 02:13:03",196.83,896.03,,,,"     ",3.60,19.64,10.39
532,444681858,"00532M02:00:02.768","00532 02:13:04",196.86,896.04,,,,"     ",3.60,19.65,10.39
532,444681859,"00532M02:00:03.741","00532 02:13:05",196.90,895.98,,,,"     ",3.60,19.85,10.49
532,444681860,"00532M02:00:04.714","00532 02:13:06",196.92,895.84,,,,"     ",3.60,19.71,10.42
532,444681861,"00532M02:00:05.687","00532 02:13:07",196.93,895.85,,,,"     ",3.60,19.67,10.40
532,444681862,"00532M02:00:06.661","00532 02:13:08",196.95,895.82,,,,"     ",3.60,19.58,10.34
532,444681863,"00532M02:00:07.634","00532 02:13:09",196.96,895.84,,,,"     ",3.60,19.69,10.40
532,444681864,"00532M02:00:08.607","00532 02:13:10",196.97,895.84,,,,"     ",3.60,19.79,10.45
532,444681865,"00532M02:00:09.580","00532 02:13:11",197.00,895.83,,,,"     ",3.60,19.69,10.40
532,444681866,"00532M02:00:10.554","00532 02:13:12",197.05,895.91,,,,"     ",3.60,19.72,10.42
532,444681867,"00532M02:00:11.527","00532 02:13:13",197.11,895.91,,,,"     ",3.60,19.67,10.39
532,444681868,"00532M02:00:12.500","00532 02:13:14",197.19,895.92,,,,"     ",3.60,19.75,10.43
532,444681869,"00532M02:00:13.473","00532 02:13:15",197.27,895.89,,,,"     ",3.60,19.73,10.41
532,444681870,"00532M02:00:14.447","00532 02:13:16",197.37,895.83,,,,"     ",3.60,19.66,10.37
532,444681871,"00532M02:00:15.420","00532 02:13:17",197.47,895.95,,,,"     ",3.60,19.71,10.40
532,444681872,"00532M02:00:16.393","00532 02:13:18",197.55,895.98,,,,"     ",3.60,19.66,10.37
532,444681873,"00532M02:00:17.366","00532 02:13:19",197.61,896.01,,,,"     ",3.60,19.75,10.42
532,444681874,"00532M02:00:18.340","00532 02:13:20",197.62,895.93,,,,"     ",3.60,19.63,10.35
532,444681875,"00532M02:00:19.313","00532 02:13:21",197.60,895.91,,,,"     ",3.60,19.81,10.44
532,444681876,"00532M02:00:20.286","00532 02:13:22",197.55,895.93,,,,"     ",3.60,19.69,10.38
532,444681877,"00532M02:00:21.259","00532 02:13:23",197.46,895.89,,,,"     ",3.60,19.63,10.34
532,444681878,"00532M02:00:22.233","00532 02:13:24",197.35,895.96,,,,"     ",3.60,19.78,10.42
532,444681879,"00532M02:00:23.206","00532 02:13:25",197.23,895.92,,,,"     ",3.60,19.75,10.40
532,444681880,"00532M02:00:24.179","00532 02:13:26",197.11,895.87,,,,"     ",3.60,19.71,10.38
532,444681881,"00532M02:00:25.152","00532 02:13:27",196.99,895.89,,,,"     ",3.60,19.76,10.40
532,444681882,"00532M02:00:26.126","00532 02:13:28",196.90,895.86,,,,"     ",3.60,19.70,10.37
532,444681883,"00532M02:00:27.099","00532 02:13:29",196.84,895.84,,,,"     ",3.60,19.70,10.37
532,444681884,"00532M02:00:28.072","00532 02:13:30",196.80,895.85,,,,"     ",3.60,19.64,10.33
532,444681885,"00532M02:00:29.045","00532 02:13:31",196.77,895.92,,,,"     ",3.60,19.69,10.36
532,444681886,"00532M02:00:30.019","00532 02:13:32",196.76,895.95,,,,"     ",3.60,19.68,10.36
532,444681887,"00532M02:00:30.992","00532 02:13:32",196.79,895.89,,,,"     ",3.60,19.72,10.37
532,444681888,"00532M02:00:31.965","00532 02:13:33",196.83,895.94,,,,"     ",3.60,19.79,10.41
532,444681889,"00532M02:00:32.938","00532 02:13:34",196.88,895.95,,,,"     ",3.60,19.76,10.39
532,444681890,"00532M02:00:33.912","00532 02:13:35",196.91,895.81,,,,"     ",3.60,19.76,10.39
532,444681891,"00532M02:00:34.885","00532 02:13:36",196.93,895.84,,,,"     ",3.60,19.73,10.38
532,444681892,"00532M02:00:35.858","00532 02:13:37",196.92,895.90,,,,"     ",3.60,19.76,10.39
532,444681893,"00532M02:00:36.832","00532 02:13:38",196.89,895.87,,,,"     ",3.60,19.75,10.38
532,444681894,"00532M02:00:37.805","00532 02:13:39",196.87,895.88,,,,"     ",3.60,19.79,10.40
532,444681895,"00532M02:00:38.778","00532 02:13:40",196.83,895.95,,,,"     ",3.60,19.78,10.40
532,444681896,"00532M02:00:39.751","00532 02:13:41",196.79,895.97,,,,"     ",3.60,19.79,10.41
532,444681897,"00532M02:00:40.725","00532 02:13:42",196.76,895.91,,,,"     ",3.60,19.73,10.37
532,444681898,"00532M02:00:41.698","00532 02:13:43",196.76,895.83,,,,"     ",3.60,19.73,10.37
532,444681899,"00532M02:00:42.671","00532 02:13:44",196.77,895.93,,,,"     ",3.60,19.84,10.43
532,444681900,"00532M02:00:43.644","00532 02:13:45",196.80,895.92,,,,"     ",3.60,19.79,10.40
532,444681901,"00532M02:00:44.618","00532 02:13:46",196.82,895.95,,,,"     ",3.60,19.80,10.40
532,444681902,"00532M02:00:45.591","00532 02:13:47",196.83,895.81,,,,"     ",3.60,19.80,10.40
532,444681903,"00532M02:00:46.564","00532 02:13:48",196.84,895.84,,,,"     ",3.60,19.76,10.38
532,444681904,"00532M02:00:47.537","00532 02:13:49",196.84,896.10,,,,"     ",3.60,19.82,10.41
532,444681905,"00532M02:00:48.511","00532 02:13:50",196.84,896.09,,,,"     ",3.60,19.75,10.37
532,444681906,"00532M02:00:49.484","00532 02:13:51",196.84,895.97,,,,"     ",3.60,19.75,10.37
532,444681907,"00532M02:00:50.457","00532 02:13:52",196.84,895.96,,,,"     ",3.60,19.86,10.43
532,444681908,"00532M02:00:51.430","00532 02:13:53",196.83,895.81,,,,"     ",3.60,19.78,10.38
532,444681909,"00532M02:00:52.404","00532 02:13:54",196.82,895.80,,,,"     ",3.60,19.80,10.40
532,444681910,"00532M02:00:53.377","00532 02:13:55",196.81,895.90,,,,"     ",3.60,19.79,10.39
532,444681911,"00532M02:00:54.350","00532 02:13:56",196.79,895.97,,,,"     ",3.60,19.84,10.41
532,444681912,"00532M02:00:55.323","00532 02:13:57",196.77,895.91,,,,"     ",3.60,19.83,10.41
532,444681913,"00532M02:00:56.297","00532 02:13:58",196.75,895.97,,,,"     ",3.60,19.82,10.40
532,444681914,"00532M02:00:57.270","00532 02:13:59",197.46,895.99,,,,"     ",3.60,19.81,10.40
532,444681915,"00532M02:00:58.243","00532 02:14:00",197.45,895.92,,,,"     ",3.60,20.01,10.50
532,444681916,"00532M02:00:59.216","00532 02:14:01",197.44,895.89,,,,"     ",3.60,19.85,10.41
532,444681917,"00532M02:01:00.190","00532 02:14:02",197.44,895.99,,,,"     ",3.60,19.67,10.32
532,444681918,"00532M02:01:01.163","00532 02:14:03",197.44,896.00,,,,"     ",3.60,19.84,10.41
532,444681919,"00532M02:01:02.136","00532 02:14:04",197.44,895.93,,,,"     ",3.60,19.57,10.25
532,444681920,"00532M02:01:03.109","00532 02:14:05",197.44,895.95,,,,"     ",3.60,19.80,10.38
532,444681921,"00532M02:01:04.083","00532 02:14:06",197.45,895.98,,,,"     ",3.60,19.79,10.37
532,444681922,"00532M02:01:05.056","00532 02:14:07",197.46,896.02,,,,"     ",3.60,19.71,10.33
532,444681923,"00532M02:01:06.029","00532 02:14:08",197.47,896.00,,,,"     ",3.60,19.82,10.39
532,444681924,"00532M02:01:07.002","00532 02:14:09",197.48,895.94,,,,"     ",3.60,19.83,10.39
532,444681925,"00532M02:01:07.976","00532 02:14:09",197.50,895.93,,,,"     ",3.60,19.83,10.39
532,444681926,"00532M02:01:08.949","00532 02:14:10",197.51,895.92,,,,"     ",3.60,19.92,10.43
532,444681927,"00532M02:01:09.922","00532 02:14:11",197.53,895.89,,,,"     ",3.60,19.83,10.38
532,444681928,"00532M02:01:10.895","00532 02:14:12",197.55,895.96,,,,"     ",3.60,19.86,10.40
532,444681929,"00532M02:01:11.869","00532 02:14:13",197.57,895.92,,,,"     ",3.60,19.85,10.39
532,444681930,"00532M02:01:12.842","00532 02:14:14",197.59,895.91,,,,"     ",3.60,19.84,10.38
532,444681931,"00532M02:01:13.815","00532 02:14:15",197.62,895.93,,,,"     ",3.60,19.99,10.46
532,444681932,"00532M02:01:14.788","00532 02:14:16",197.65,895.97,,,,"     ",3.60,19.78,10.35
532,444681933,"00532M02:01:15.762","00532 02:14:17",197.68,896.00,,,,"     ",3.60,19.90,10.41
532,444681934,"00532M02:01:16.735","00532 02:14:18",197.72,895.92,,,,"     ",3.60,19.84,10.37
532,444681935,"00532M02:01:17.708","00532 02:14:19",197.75,895.95,,,,"     ",3.60,19.87,10.39
532,444681936,"00532M02:01:18.681","00532 02:14:20",197.76,895.87,,,,"     ",3.60,19.94,10.42
532,444681937,"00532M02:01:19.655","00532 02:14:21",197.77,895.90,,,,"     ",3.60,19.92,10.41
532,444681938,"00532M02:01:20.628","00532 02:14:22",197.77,895.91,,,,"     ",3.60,19.90,10.40
532,444681939,"00532M02:01:21.601","00532 02:14:23",197.77,896.02,,,,"     ",3.60,19.90,10.40
532,444681940,"00532M02:01:22.574","00532 02:14:24",197.74,895.97,,,,"     ",3.60,19.88,10.38
532,444681941,"00532M02:01:23.548","00532 02:14:25",197.70,895.94,,,,"     ",3.60,19.88,10.39
532,444681942,"00532M02:01:24.521","00532 02:14:26",197.66,895.94,,,,"     ",3.60,19.94,10.41
532,444681943,"00532M02:01:25.494","00532 02:14:27",197.60,895.88,,,,"     ",3.60,19.87,10.37
532,444681944,"00532M02:01:26.467","00532 02:14:28",197.55,895.88,,,,"     ",3.60,19.99,10.44
532,444681945,"00532M02:01:27.441","00532 02:14:29",197.50,895.88,,,,"     ",3.60,19.90,10.39
532,444681946,"00532M02:01:28.414","00532 02:14:30",197.47,895.84,,,,"     ",3.60,19.95,10.41
532,444681947,"00532M02:01:29.387","00532 02:14:31",197.46,895.88,,,,"     ",3.60,19.94,10.40
532,444681948,"00532M02:01:30.360","00532 02:14:32",197.46,895.86,,,,"     ",3.60,20.01,10.44
532,444681949,"00532M02:01:31.334","00532 02:14:33",197.48,895.94,,,,"     ",3.60,19.93,10.39
532,444681950,"00532M02:01:32.307","00532 02:14:34",197.51,895.96,,,,"     ",3.60,19.94,10.40
532,444681951,"00532M02:01:33.280","00532 02:14:35",197.54,896.01,,,,"     ",3.60,19.95,10.40
532,444681952,"00532M02:01:34.253","00532 02:14:36",197.57,895.92,,,,"     ",3.60,19.96,10.41
532,444681953,"00532M02:01:35.227","00532 02:14:37",197.59,896.15,,,,"     ",3.60,19.91,10.38
532,444681954,"00532M02:01:36.200","00532 02:14:38",197.60,896.05,,,,"     ",3.60,20.01,10.43
532,444681955,"00532M02:01:37.173","00532 02:14:39",197.62,895.86,,,,"     ",3.60,19.97,10.41
532,444681956,"00532M02:01:38.146","00532 02:14:40",197.63,896.06,,,,"     ",3.60,19.94,10.39
532,444681957,"00532M02:01:39.120","00532 02:14:41",197.65,895.94,,,,"     ",3.60,20.18,10.51
532,444681958,"00532M02:01:40.093","00532 02:14:42",197.67,896.00,,,,"     ",3.60,19.97,10.40
532,444681959,"00532M02:01:41.066","00532 02:14:43",197.69,896.01,,,,"     ",3.60,20.03,10.44
532,444681960,"00532M02:01:42.039","00532 02:14:44",197.71,896.01,,,,"     ",3.60,20.00,10.42
532,444681961,"00532M02:01:43.013","00532 02:14:45",197.72,896.02,,,,"     ",3.60,19.91,10.36
532,444681962,"00532M02:01:43.986","00532 02:14:45",197.72,895.97,,,,"     ",3.60,20.08,10.46
532,444681963,"00532M02:01:44.959","00532 02:14:46",197.71,895.94,,,,"     ",3.60,20.07,10.45
532,444681964,"00532M02:01:45.932","00532 02:14:47",197.70,895.88,,,,"     ",3.60,20.00,10.41
532,444681965,"00532M02:01:46.906","00532 02:14:48",197.68,895.88,,,,"     ",3.60,19.94,10.37
532,444681966,"00532M02:01:47.879","00532 02:14:49",197.64,895.94,,,,"     ",3.60,19.97,10.39
532,444681967,"00532M02:01:48.852","00532 02:14:50",197.60,895.97,,,,"     ",3.60,20.08,10.44
532,444681968,"00532M02:01:49.826","00532 02:14:51",197.55,895.94,,,,"     ",3.60,20.05,10.43
532,444681969,"00532M02:01:50.799","00532 02:14:52",197.51,895.99,,,,"     ",3.60,20.05,10.42
532,444681970,"00532M02:01:51.772","00532 02:14:53",197.47,895.99,,,,"     ",3.60,20.02,10.41
532,444681971,"00532M02:01:52.745","00532 02:14:54",197.45,896.01,,,,"     ",3.60,20.04,10.42
532,444681972,"00532M02:01:53.719","00532 02:14:55",197.45,896.06,,,,"     ",3.60,20.09,10.44
532,444681973,"00532M02:01:54.692","00532 02:14:56",197.45,896.03,,,,"     ",3.60,20.12,10.46
532,444681974,"00532M02:01:55.665","00532 02:14:57",197.47,896.06,,,,"     ",3.60,20.04,10.41
532,444681975,"00532M02:01:56.638","00532 02:14:58",197.48,896.00,,,,"     ",3.60,20.07,10.42
532,444681976,"00532M02:01:57.612","00532 02:14:59",197.49,896.10,,,,"     ",3.60,20.04,10.41
532,444681977,"00532M02:01:58.585","00532 02:15:00",197.50,895.97,,,,"     ",3.60,19.97,10.37
532,444681978,"00532M02:01:59.558","00532 02:15:01",197.50,895.97,,,,"     ",3.60,20.14,10.46
532,444681979,"00532M02:02:00.531","00532 02:15:02",197.50,895.97,,,,"     ",3.60,20.10,10.43
532,444681980,"00532M02:02:01.505","00532 02:15:03",197.51,895.91,,,,"     ",3.60,20.09,10.43
532,444681981,"00532M02:02:02.478","00532 02:15:04",197.52,895.90,,,,"     ",3.60,20.10,10.43
532,444681982,"00532M02:02:03.451","00532 02:15:05",197.55,895.97,,,,"     ",3.60,20.17,10.47
532,444681983,"00532M02:02:04.424","00532 02:15:06",197.59,895.96,,,,"     ",3.60,20.03,10.39
532,444681984,"00532M02:02:05.398","00532 02:15:07",197.65,896.04,,,,"     ",3.60,20.05,10.40
532,444681985,"00532M02:02:06.371","00532 02:15:08",197.73,896.10,,,,"     ",3.60,20.07,10.41
532,444681986,"00532M02:02:07.344","00532 02:15:09",197.81,896.06,,,,"     ",3.60,19.85,10.29
532,444681987,"00532M02:02:08.317","00532 02:15:10",197.90,896.06,,,,"     ",3.60,20.10,10.42
532,444681988,"00532M02:02:09.291","00532 02:15:11",197.99,896.07,,,,"     ",3.60,20.09,10.41
532,444681989,"00532M02:02:10.264","00532 02:15:12",198.08,896.07,,,,"     ",3.60,20.11,10.42
532,444681990,"00532M02:02:11.237","00532 02:15:13",198.16,896.08,,,,"     ",3.60,20.12,10.42
532,444681991,"00532M02:02:12.210","00532 02:15:14",198.23,895.91,,,,"     ",3.60,20.07,10.39
532,444681992,"00532M02:02:13.184","00532 02:15:15",198.30,895.98,,,,"     ",3.60,20.19,10.46
532,444681993,"00532M02:02:14.157","00532 02:15:16",198.36,896.08,,,,"     ",3.60,20.07,10.39
532,444681994,"00532M02:02:15.130","00532 02:15:17",198.42,896.12,,,,"     ",3.60,20.13,10.42
532,444681995,"00532M02:02:16.103","00532 02:15:18",198.46,896.08,,,,"     ",3.60,20.17,10.44
532,444681996,"00532M02:02:17.077","00532 02:15:19",198.50,896.12,,,,"     ",3.60,20.15,10.43
532,444681997,"00532M02:02:18.050","00532 02:15:20",198.52,896.09,,,,"     ",3.60,20.15,10.42
532,444681998,"00532M02:02:19.023","00532 02:15:21",198.53,896.07,,,,"     ",3.60,20.18,10.44
532,444681999,"00532M02:02:19.996","00532 02:15:22",198.52,896.04,,,,"     ",3.60,20.05,10.36
532,444682000,"00532M02:02:20.970","00532 02:15:22",198.49,895.95,,,,"     ",3.60,20.14,10.41
532,444682001,"00532M02:02:21.943","00532 02:15:23",198.46,895.91,,,,"     ",3.60,19.84,10.25
532,444682002,"00532M02:02:22.916","00532 02:15:24",198.41,896.10,,,,"     ",3.60,20.21,10.45
532,444682003,"00532M02:02:23.889","00532 02:15:25",198.36,896.00,,,,"     ",3.60,20.24,10.46
532,444682004,"00532M02:02:24.863","00532 02:15:26",198.31,896.02,,,,"     ",3.60,20.11,10.39
532,444682005,"00532M02:02:25.836","00532 02:15:27",198.28,896.13,,,,"     ",3.60,20.15,10.41
532,444682006,"00532M02:02:26.809","00532 02:15:28",198.25,896.03,,,,"     ",3.60,20.18,10.42
532,444682007,"00532M02:02:27.782","00532 02:15:29",198.25,896.01,,,,"     ",3.60,20.18,10.42
532,444682008,"00532M02:02:28.756","00532 02:15:30",198.28,895.98,,,,"     ",3.60,20.12,10.38
532,444682009,"00532M02:02:29.729","00532 02:15:31",198.31,895.97,,,,"     ",3.60,20.16,10.40
532,444682010,"00532M02:02:30.702","00532 02:15:32",198.35,896.04,,,,"     ",3.60,20.22,10.44
532,444682011,"00532M02:02:31.675","00532 02:15:33",198.39,896.00,,,,"     ",3.60,20.18,10.41
532,444682012,"00532M02:02:32.649","00532 02:15:34",198.43,896.02,,,,"     ",3.60,20.10,10.37
532,444682013,"00532M02:02:33.622","00532 02:15:35",198.47,896.07,,,,"     ",3.60,20.21,10.42
532,444682014,"00532M02:02:34.595","00532 02:15:36",198.51,896.01,,,,"     ",3.60,20.20,10.41
532,444682015,"00532M02:02:35.568","00532 02:15:37",198.56,895.99,,,,"     ",3.60,20.18,10.40
532,444682016,"00532M02:02:36.542","00532 02:15:38",198.61,896.02,,,,"     ",3.60,20.21,10.41
532,444682017,"00532M02:02:37.515","00532 02:15:39",198.66,895.94,,,,"     ",3.60,20.22,10.42
532,444682018,"00532M02:02:38.488","00532 02:15:40",198.71,896.03,,,,"     ",3.60,20.18,10.39
532,444682019,"00532M02:02:39.461","00532 02:15:41",198.76,896.05,,,,"     ",3.60,20.25,10.43
532,444682020,"00532M02:02:40.435","00532 02:15:42",198.81,896.01,,,,"     ",3.60,20.17,10.38
532,444682021,"00532M02:02:41.408","00532 02:15:43",198.86,896.08,,,,"     ",3.60,20.27,10.44
532,444682022,"00532M02:02:42.381","00532 02:15:44",198.61,896.07,,,,"     ",3.60,20.24,10.42
532,444682023,"00532M02:02:43.354","00532 02:15:45",198.67,896.04,,,,"     ",3.60,20.25,10.42
532,444682024,"00532M02:02:44.328","00532 02:15:46",198.73,896.03,,,,"     ",3.60,20.22,10.40
532,444682025,"00532M02:02:45.301","00532 02:15:47",198.78,896.13,,,,"     ",3.60,20.24,10.41
532,444682026,"00532M02:02:46.274","00532 02:15:48",198.84,895.95,,,,"     ",3.60,20.33,10.46
532,444682027,"00532M02:02:47.247","00532 02:15:49",198.89,896.05,,,,"     ",3.60,20.35,10.46
532,444682028,"00532M02:02:48.221","00532 02:15:50",198.94,896.01,,,,"     ",3.60,20.30,10.43
532,444682029,"00532M02:02:49.194","00532 02:15:51",198.99,895.97,,,,"     ",3.60,20.31,10.43
532,444682030,"00532M02:02:50.167","00532 02:15:52",199.03,895.93,,,,"     ",3.60,20.30,10.43
532,444682031,"00532M02:02:51.140","00532 02:15:53",199.05,896.00,,,,"     ",3.60,20.40,10.48
532,444682032,"00532M02:02:52.114","00532 02:15:54",199.07,895.97,,,,"     ",3.60,20.31,10.43
532,444682033,"00532M02:02:53.087","00532 02:15:55",199.07,895.99,,,,"     ",3.60,20.33,10.43
532,444682034,"00532M02:02:54.060","00532 02:15:56",199.06,896.02,,,,"     ",3.60,20.34,10.44
532,444682035,"00532M02:02:55.033","00532 02:15:57",199.04,895.97,,,,"     ",3.60,20.35,10.44
532,444682036,"00532M02:02:56.007","00532 02:15:58",199.01,895.97,,,,"     ",3.60,20.35,10.44
532,444682037,"00532M02:02:56.980","00532 02:15:58",198.97,895.96,,,,"     ",3.60,20.31,10.41
532,444682038,"00532M02:02:57.953","00532 02:15:59",199.17,896.01,,,,"     ",3.60,20.34,10.43
532,444682039,"00532M02:02:58.927","00532 02:16:00",199.10,896.02,,,,"     ",3.60,20.39,10.45
532,444682040,"00532M02:02:59.900","00532 02:16:01",199.02,896.00,,,,"     ",3.60,20.43,10.47
532,444682041,"00532M02:03:00.873","00532 02:16:02",198.95,896.01,,,,"     ",3.60,20.36,10.43
532,444682042,"00532M02:03:01.846","00532 02:16:03",198.88,896.04,,,,"     ",3.60,20.36,10.43
532,444682043,"00532M02:03:02.820","00532 02:16:04",198.84,896.04,,,,"     ",3.60,20.33,10.41
532,444682044,"00532M02:03:03.793","00532 02:16:05",198.81,896.06,,,,"     ",3.60,20.39,10.44
532,444682045,"00532M02:03:04.766","00532 02:16:06",198.80,896.00,,,,"     ",3.60,20.41,10.45
532,444682046,"00532M02:03:05.739","00532 02:16:07",198.80,895.98,,,,"     ",3.60,20.38,10.43
532,444682047,"00532M02:03:06.713","00532 02:16:08",198.82,895.91,,,,"     ",3.60,20.38,10.42
532,444682048,"00532M02:03:07.686","00532 02:16:09",198.85,895.86,,,,"     ",3.60,20.36,10.41
532,444682049,"00532M02:03:08.659","00532 02:16:10",198.89,895.88,,,,"     ",3.60,20.33,10.40
532,444682050,"00532M02:03:09.632","00532 02:16:11",198.92,896.03,,,,"     ",3.60,20.39,10.43
532,444682051,"00532M02:03:10.606","00532 02:16:12",198.94,896.00,,,,"     ",3.60,20.32,10.38
532,444682052,"00532M02:03:11.579","00532 02:16:13",198.96,896.01,,,,"     ",3.60,20.43,10.44
532,444682053,"00532M02:03:12.552","00532 02:16:14",198.69,896.06,,,,"     ",3.60,20.38,10.42
532,444682054,"00532M02:03:13.525","00532 02:16:15",198.72,895.97,,,,"     ",3.60,20.45,10.45
532,444682055,"00532M02:03:14.499","00532 02:16:16",198.75,896.01,,,,"     ",3.60,20.50,10.48
532,444682056,"00532M02:03:15.472","00532 02:16:17",198.79,896.02,,,,"     ",3.60,20.43,10.44
532,444682057,"00532M02:03:16.445","00532 02:16:18",198.83,895.98,,,,"     ",3.60,20.38,10.41
532,444682058,"00532M02:03:17.418","00532 02:16:19",198.87,895.91,,,,"     ",3.60,20.46,10.45
532,444682059,"00532M02:03:18.392","00532 02:16:20",198.92,896.05,,,,"     ",3.60,20.47,10.45
532,444682060,"00532M02:03:19.365","00532 02:16:21",198.97,895.96,,,,"     ",3.60,20.35,10.39
532,444682061,"00532M02:03:20.338","00532 02:16:22",199.01,896.09,,,,"     ",3.60,20.41,10.42
532,444682062,"00532M02:03:21.311","00532 02:16:23",199.06,896.09,,,,"     ",3.60,20.47,10.45
532,444682063,"00532M02:03:22.285","00532 02:16:24",199.10,895.96,,,,"     ",3.60,20.39,10.40
532,444682064,"00532M02:03:23.258","00532 02:16:25",199.15,896.03,,,,"     ",3.60,20.53,10.48
532,444682065,"00532M02:03:24.231","00532 02:16:26",199.19,896.00,,,,"     ",3.60,20.49,10.45
532,444682066,"00532M02:03:25.204","00532 02:16:27",199.22,896.01,,,,"     ",3.60,20.46,10.43
532,444682067,"00532M02:03:26.178","00532 02:16:28",199.25,896.13,,,,"     ",3.60,20.43,10.42
532,444682068,"00532M02:03:27.151","00532 02:16:29",199.27,896.03,,,,"     ",3.60,20.44,10.42
532,444682069,"00532M02:03:28.124","00532 02:16:30",199.28,896.08,,,,"     ",3.60,20.54,10.47
532,444682070,"00532M02:03:29.097","00532 02:16:31",199.28,896.04,,,,"     ",3.60,20.43,10.41
532,444682071,"00532M02:03:30.071","00532 02:16:32",199.27,896.07,,,,"     ",3.60,20.48,10.43
532,444682072,"00532M02:03:31.044","00532 02:16:33",199.25,896.07,,,,"     ",3.60,20.51,10.44
532,444682073,"00532M02:03:32.017","00532 02:16:34",199.23,896.04,,,,"     ",3.60,20.46,10.42
532,444682074,"00532M02:03:32.990","00532 02:16:35",199.20,896.13,,,,"     ",3.60,20.51,10.44
532,444682075,"00532M02:03:33.964","00532 02:16:35",199.16,896.03,,,,"     ",3.60,20.46,10.41
532,444682076,"00532M02:03:34.937","00532 02:16:36",199.13,896.06,,,,"     ",3.60,20.57,10.46
532,444682077,"00532M02:03:35.910","00532 02:16:37",199.11,896.12,,,,"     ",3.60,20.50,10.43
532,444682078,"00532M02:03:36.883","00532 02:16:38",199.08,896.09,,,,"     ",3.60,20.59,10.48
532,444682079,"00532M02:03:37.857","00532 02:16:39",199.07,896.07,,,,"     ",3.60,20.48,10.42
532,444682080,"00532M02:03:38.830","00532 02:16:40",199.06,896.02,,,,"     ",3.60,20.51,10.43
532,444682081,"00532M02:03:39.803","00532 02:16:41",199.06,896.10,,,,"     ",3.60,20.52,10.43
532,444682082,"00532M02:03:40.776","00532 02:16:42",199.07,896.14,,,,"     ",3.60,20.55,10.45
532,444682083,"00532M02:03:41.750","00532 02:16:43",199.09,896.14,,,,"     ",3.60,20.60,10.47
532,444682084,"00532M02:03:42.723","00532 02:16:44",199.12,896.14,,,,"     ",3.60,20.57,10.45
532,444682085,"00532M02:03:43.696","00532 02:16:45",199.15,896.18,,,,"     ",3.60,20.56,10.45
532,444682086,"00532M02:03:44.669","00532 02:16:46",199.19,896.02,,,,"     ",3.60,20.49,10.41
532,444682087,"00532M02:03:45.643","00532 02:16:47",199.22,896.10,,,,"     ",3.60,20.57,10.45
532,444682088,"00532M02:03:46.616","00532 02:16:48",199.24,896.07,,,,"     ",3.60,20.52,10.42
532,444682089,"00532M02:03:47.589","00532 02:16:49",199.27,896.10,,,,"     ",3.60,20.52,10.42
532,444682090,"00532M02:03:48.562","00532 02:16:50",199.29,896.15,,,,"     ",3.60,20.61,10.46
532,444682091,"00532M02:03:49.536","00532 02:16:51",199.32,896.12,,,,"     ",3.60,20.65,10.48
532,444682092,"00532M02:03:50.509","00532 02:16:52",199.34,896.18,,,,"     ",3.60,20.63,10.47
532,444682093,"00532M02:03:51.482","00532 02:16:53",199.36,896.14,,,,"     ",3.60,20.60,10.45
532,444682094,"00532M02:03:52.455","00532 02:16:54",199.38,896.12,,,,"     ",3.60,20.69,10.49
532,444682095,"00532M02:03:53.429","00532 02:16:55",199.39,895.98,,,,"     ",3.60,20.58,10.43
532,444682096,"00532M02:03:54.402","00532 02:16:56",199.40,895.94,,,,"     ",3.60,20.57,10.42
532,444682097,"00532M02:03:55.375","00532 02:16:57",199.40,895.86,,,,"     ",3.60,20.49,10.38
532,444682098,"00532M02:03:56.348","00532 02:16:58",199.39,895.84,,,,"     ",3.60,20.66,10.46
532,444682099,"00532M02:03:57.322","00532 02:16:59",199.38,896.08,,,,"     ",3.60,20.60,10.44
532,444682100,"00532M02:03:58.295","00532 02:17:00",199.37,896.10,,,,"     ",3.60,20.66,10.47
532,444682101,"00532M02:03:59.268","00532 02:17:01",199.36,896.29,,,,"     ",3.60,20.67,10.47
532,444682102,"00532M02:04:00.241","00532 02:17:02",199.35,896.28,,,,"     ",3.60,20.63,10.45
532,444682103,"00532M02:04:01.215","00532 02:17:03",199.34,896.13,,,,"     ",3.60,20.80,10.53
532,444682104,"00532M02:04:02.188","00532 02:17:04",199.34,896.12,,,,"     ",3.60,20.61,10.43
532,444682105,"00532M02:04:03.161","00532 02:17:05",199.34,896.07,,,,"     ",3.60,20.71,10.48
532,444682106,"00532M02:04:04.134","00532 02:17:06",199.34,896.09,,,,"     ",3.60,20.67,10.46
532,444682107,"00532M02:04:05.108","00532 02:17:07",199.34,895.99,,,,"     ",3.60,20.70,10.47
532,444682108,"00532M02:04:06.081","00532 02:17:08",199.35,896.08,,,,"     ",3.60,20.69,10.47
532,444682109,"00532M02:04:07.054","00532 02:17:09",199.35,896.10,,,,"     ",3.60,20.69,10.46
532,444682110,"00532M02:04:08.028","00532 02:17:10",199.35,896.06,,,,"     ",3.60,20.72,10.48
532,444682111,"00532M02:04:09.001","00532 02:17:11",199.36,896.13,,,,"     ",3.60,20.71,10.47
532,444682112,"00532M02:04:09.974","00532 02:17:11",199.36,896.15,,,,"     ",3.60,20.63,10.43
532,444682113,"00532M02:04:10.947","00532 02:17:12",199.36,896.14,,,,"     ",3.60,20.68,10.45
532,444682114,"00532M02:04:11.921","00532 02:17:13",199.36,896.17,,,,"     ",3.60,20.62,10.42
532,444682115,"00532M02:04:12.894","00532 02:17:14",199.37,896.14,,,,"     ",3.60,20.72,10.47
532,444682116,"00532M02:04:13.867","00532 02:17:15",199.38,896.17,,,,"     ",3.60,20.67,10.44
532,444682117,"00532M02:04:14.840","00532 02:17:16",199.40,896.16,,,,"     ",3.60,20.63,10.42
532,444682118,"00532M02:04:15.814","00532 02:17:17",199.42,896.07,,,,"     ",3.60,20.70,10.45
532,444682119,"00532M02:04:16.787","00532 02:17:18",199.44,896.13,,,,"     ",3.60,20.64,10.42
532,444682120,"00532M02:04:17.760","00532 02:17:19",199.47,896.17,,,,"     ",3.60,20.72,10.46
532,444682121,"00532M02:04:18.733","00532 02:17:20",199.50,896.19,,,,"     ",3.60,20.70,10.44
532,444682122,"00532M02:04:19.707","00532 02:17:21",199.51,896.24,,,,"     ",3.60,20.78,10.48
532,444682123,"00532M02:04:20.680","00532 02:17:22",199.53,896.22,,,,"     ",3.60,20.73,10.46
532,444682124,"00532M02:04:21.653","00532 02:17:23",199.54,896.14,,,,"     ",3.60,20.71,10.45
532,444682125,"00532M02:04:22.626","00532 02:17:24",199.55,896.08,,,,"     ",3.60,20.77,10.47
532,444682126,"00532M02:04:23.600","00532 02:17:25",199.57,896.04,,,,"     ",3.60,20.76,10.47
532,444682127,"00532M02:04:24.573","00532 02:17:26",199.59,896.08,,,,"     ",3.60,20.74,10.45
532,444682128,"00532M02:04:25.546","00532 02:17:27",199.62,896.07,,,,"     ",3.60,20.74,10.45
532,444682129,"00532M02:04:26.519","00532 02:17:28",199.66,896.10,,,,"     ",3.60,20.73,10.44
532,444682130,"00532M02:04:27.493","00532 02:17:29",199.69,896.06,,,,"     ",3.60,20.74,10.45
532,444682131,"00532M02:04:28.466","00532 02:17:30",199.72,896.04,,,,"     ",3.60,20.72,10.43
532,444682132,"00532M02:04:29.439","00532 02:17:31",199.76,896.14,,,,"     ",3.60,20.86,10.51
532,444682133,"00532M02:04:30.412","00532 02:17:32",199.79,896.16,,,,"     ",3.60,20.75,10.44
532,444682134,"00532M02:04:31.386","00532 02:17:33",199.82,896.13,,,,"     ",3.60,20.78,10.45
532,444682135,"00532M02:04:32.359","00532 02:17:34",199.85,896.12,,,,"     ",3.60,20.76,10.44
532,444682136,"00532M02:04:33.332","00532 02:17:35",199.88,896.10,,,,"     ",3.60,20.83,10.48
532,444682137,"00532M02:04:34.305","00532 02:17:36",199.91,896.13,,,,"     ",3.60,20.82,10.47
532,444682138,"00532M02:04:35.279","00532 02:17:37",199.93,896.19,,,,"     ",3.60,20.82,10.47
532,444682139,"00532M02:04:36.252","00532 02:17:38",199.96,896.16,,,,"     ",3.60,20.76,10.43
532,444682140,"00532M02:04:37.225","00532 02:17:39",199.99,896.19,,,,"     ",3.60,20.92,10.51
532,444682141,"00532M02:04:38.198","00532 02:17:40",200.02,896.14,,,,"     ",3.60,20.86,10.48
532,444682142,"00532M02:04:39.172","00532 02:17:41",200.05,896.17,,,,"     ",3.60,20.84,10.46
532,444682143,"00532M02:04:40.145","00532 02:17:42",200.07,896.15,,,,"     ",3.60,20.90,10.49
532,444682144,"00532M02:04:41.118","00532 02:17:43",200.10,896.14,,,,"     ",3.60,20.97,10.53
532,444682145,"00532M02:04:42.091","00532 02:17:44",200.12,896.15,,,,"     ",3.60,20.90,10.48
532,444682146,"00532M02:04:43.065","00532 02:17:45",200.15,896.13,,,,"     ",3.60,20.87,10.47
532,444682147,"00532M02:04:44.038","00532 02:17:46",200.18,896.12,,,,"     ",3.60,21.02,10.54
532,444682148,"00532M02:04:45.011","00532 02:17:47",200.20,896.36,,,,"     ",3.60,20.70,10.39
532,444682149,"00532M02:04:45.984","00532 02:17:48",200.22,896.38,,,,"     ",3.60,20.94,10.50
532,444682150,"00532M02:04:46.958","00532 02:17:48",200.24,896.42,,,,"     ",3.60,21.16,10.61
532,444682151,"00532M02:04:47.931","00532 02:17:49",200.26,896.30,,,,"     ",3.60,20.95,10.50
532,444682152,"00532M02:04:48.904","00532 02:17:50",200.28,896.29,,,,"     ",3.60,21.25,10.65
532,444682153,"00532M02:04:49.877","00532 02:17:51",200.30,896.13,,,,"     ",3.60,20.98,10.50
532,444682154,"00532M02:04:50.851","00532 02:17:52",200.32,896.16,,,,"     ",3.60,21.03,10.53
532,444682155,"00532M02:04:51.824","00532 02:17:53",200.34,896.15,,,,"     ",3.60,21.05,10.54
532,444682156,"00532M02:04:52.797","00532 02:17:54",200.35,896.20,,,,"     ",3.60,20.93,10.47
532,444682157,"00532M02:04:53.770","00532 02:17:55",200.36,896.23,,,,"     ",3.60,20.91,10.46
532,444682158,"00532M02:04:54.744","00532 02:17:56",200.36,896.07,,,,"     ",3.60,20.96,10.48
532,444682159,"00532M02:04:55.717","00532 02:17:57",200.35,896.12,,,,"     ",3.60,20.99,10.49
532,444682160,"00532M02:04:56.690","00532 02:17:58",200.33,896.15,,,,"     ",3.60,21.02,10.50
532,444682161,"00532M02:04:57.663","00532 02:17:59",200.31,896.24,,,,"     ",3.60,20.99,10.49
532,444682162,"00532M02:04:58.637","00532 02:18:00",200.29,896.15,,,,"     ",3.60,21.07,10.52
532,444682163,"00532M02:04:59.610","00532 02:18:01",200.27,896.23,,,,"     ",3.60,21.03,10.51
532,444682164,"00532M02:05:00.583","00532 02:18:02",200.25,896.26,,,,"     ",3.60,21.07,10.52
532,444682165,"00532M02:05:01.556","00532 02:18:03",200.42,896.26,,,,"     ",3.60,21.09,10.53
532,444682166,"00532M02:05:02.530","00532 02:18:04",200.40,896.23,,,,"     ",3.60,21.03,10.49
532,444682167,"00532M02:05:03.503","00532 02:18:05",200.39,896.20,,,,"     ",3.60,21.12,10.54
532,444682168,"00532M02:05:04.476","00532 02:18:06",200.39,896.20,,,,"     ",3.60,21.14,10.54
532,444682169,"00532M02:05:05.449","00532 02:18:07",200.40,896.22,,,,"     ",3.60,21.09,10.52
532,444682170,"00532M02:05:06.423","00532 02:18:08",200.42,896.24,,,,"     ",3.60,21.12,10.53
532,444682171,"00532M02:05:07.396","00532 02:18:09",200.45,896.21,,,,"     ",3.60,21.05,10.49
532,444682172,"00532M02:05:08.369","00532 02:18:10",200.49,896.21,,,,"     ",3.60,21.10,10.51
532,444682173,"00532M02:05:09.342","00532 02:18:11",200.33,896.10,,,,"     ",3.60,21.23,10.58
532,444682174,"00532M02:05:10.316","00532 02:18:12",200.35,896.16,,,,"     ",3.60,21.10,10.50
532,444682175,"00532M02:05:11.289","00532 02:18:13",200.38,896.14,,,,"     ",3.60,21.08,10.50
532,444682176,"00532M02:05:12.262","00532 02:18:14",200.40,896.22,,,,"     ",3.60,21.18,10.54
532,444682177,"00532M02:05:13.235","00532 02:18:15",200.42,896.20,,,,"     ",3.60,21.16,10.53
532,444682178,"00532M02:05:14.209","00532 02:18:16",200.43,896.19,,,,"     ",3.60,21.16,10.53
532,444682179,"00532M02:05:15.182","00532 02:18:17",200.44,896.19,,,,"     ",3.60,21.10,10.50
532,444682180,"00532M02:05:16.155","00532 02:18:18",200.43,896.27,,,,"     ",3.60,21.18,10.53
532,444682181,"00532M02:05:17.129","00532 02:18:19",200.43,896.28,,,,"     ",3.60,21.20,10.54
532,444682182,"00532M02:05:18.102","00532 02:18:20",200.42,896.30,,,,"     ",3.60,21.11,10.49
532,444682183,"00532M02:05:19.075","00532 02:18:21",200.40,896.26,,,,"     ",3.60,21.16,10.51
532,444682184,"00532M02:05:20.048","00532 02:18:22",200.38,896.20,,,,"     ",3.60,21.19,10.53
532,444682185,"00532M02:05:21.022","00532 02:18:23",200.37,896.29,,,,"     ",3.60,21.26,10.57
532,444682186,"00532M02:05:21.995","00532 02:18:24",200.35,896.28,,,,"     ",3.60,21.19,10.52
532,444682187,"00532M02:05:22.968","00532 02:18:25",200.35,896.32,,,,"     ",3.60,21.21,10.53
532,444682188,"00532M02:05:23.941","00532 02:18:25",200.35,896.30,,,,"     ",3.60,21.12,10.48
532,444682189,"00532M02:05:24.915","00532 02:18:26",200.36,896.33,,,,"     ",3.60,21.18,10.51
532,444682190,"00532M02:05:25.888","00532 02:18:27",200.38,896.29,,,,"     ",3.60,21.20,10.52
532,444682191,"00532M02:05:26.861","00532 02:18:28",200.41,896.29,,,,"     ",3.60,21.23,10.53
532,444682192,"00532M02:05:27.834","00532 02:18:29",200.44,896.24,,,,"     ",3.60,21.25,10.54
532,444682193,"00532M02:05:28.808","00532 02:18:30",200.48,896.31,,,,"     ",3.60,21.26,10.54
532,444682194,"00532M02:05:29.781","00532 02:18:31",200.80,896.27,,,,"     ",3.60,21.23,10.52
532,444682195,"00532M02:05:30.754","00532 02:18:32",200.82,896.25,,,,"     ",3.60,21.18,10.49
532,444682196,"00532M02:05:31.727","00532 02:18:33",200.82,896.21,,,,"     ",3.60,21.30,10.55
532,444682197,"00532M02:05:32.701","00532 02:18:34",200.83,896.14,,,,"     ",3.60,21.30,10.55
532,444682198,"00532M02:05:33.674","00532 02:18:35",200.82,896.24,,,,"     ",3.60,21.03,10.41
532,444682199,"00532M02:05:34.647","00532 02:18:36",200.81,896.30,,,,"     ",3.60,21.30,10.54
532,444682200,"00532M02:05:35.620","00532 02:18:37",200.79,896.30,,,,"     ",3.60,21.18,10.48
532,444682201,"00532M02:05:36.594","00532 02:18:38",200.77,896.37,,,,"     ",3.60,21.29,10.53
532,444682202,"00532M02:05:37.567","00532 02:18:39",200.75,896.43,,,,"     ",3.60,21.49,10.64
532,444682203,"00532M02:05:38.540","00532 02:18:40",200.74,896.16,,,,"     ",3.60,21.34,10.55
532,444682204,"00532M02:05:39.513","00532 02:18:41",200.73,896.19,,,,"     ",3.60,21.33,10.54
532,444682205,"00532M02:05:40.487","00532 02:18:42",200.75,896.19,,,,"     ",3.60,21.31,10.53
532,444682206,"00532M02:05:41.460","00532 02:18:43",200.78,896.18,,,,"     ",3.60,21.31,10.52
532,444682207,"00532M02:05:42.433","00532 02:18:44",200.81,896.24,,,,"     ",3.60,21.41,10.58
532,444682208,"00532M02:05:43.406","00532 02:18:45",200.84,896.24,,,,"     ",3.60,21.37,10.55
532,444682209,"00532M02:05:44.380","00532 02:18:46",200.86,896.23,,,,"     ",3.60,21.35,10.54
532,444682210,"00532M02:05:45.353","00532 02:18:47",200.89,896.15,,,,"     ",3.60,21.36,10.54
532,444682211,"00532M02:05:46.326","00532 02:18:48",200.91,896.18,,,,"     ",3.60,21.37,10.54
532,444682212,"00532M02:05:47.299","00532 02:18:49",200.94,896.27,,,,"     ",3.60,21.29,10.50
532,444682213,"00532M02:05:48.273","00532 02:18:50",200.96,896.21,,,,"     ",3.60,21.35,10.52
532,444682214,"00532M02:05:49.246","00532 02:18:51",200.99,896.14,,,,"     ",3.60,21.40,10.55
532,444682215,"00532M02:05:50.219","00532 02:18:52",201.02,896.16,,,,"     ",3.60,21.32,10.51
532,444682216,"00532M02:05:51.192","00532 02:18:53",201.05,896.24,,,,"     ",3.60,21.40,10.54
532,444682217,"00532M02:05:52.166","00532 02:18:54",201.08,896.28,,,,"     ",3.60,21.42,10.55
532,444682218,"00532M02:05:53.139","00532 02:18:55",201.12,896.25,,,,"     ",3.60,21.46,10.57
532,444682219,"00532M02:05:54.112","00532 02:18:56",201.15,896.25,,,,"     ",3.60,21.41,10.54
532,444682220,"00532M02:05:55.085","00532 02:18:57",201.19,896.28,,,,"     ",3.60,21.34,10.50
532,444682221,"00532M02:05:56.059","00532 02:18:58",201.23,896.22,,,,"     ",3.60,21.38,10.52
532,444682222,"00532M02:05:57.032","00532 02:18:59",201.26,896.21,,,,"     ",3.60,21.38,10.52
532,444682223,"00532M02:05:58.005","00532 02:19:00",201.30,896.21,,,,"     ",3.60,21.26,10.46
532,444682224,"00532M02:05:58.978","00532 02:19:01",201.34,896.20,,,,"     ",3.60,21.47,10.56
532,444685617,"00532M03:01:01.227","00532 03:14:03",189.77,896.30,,,,"     ",3.60,,
532,444685618,"00532M03:01:02.201","00532 03:14:04",189.75,896.34,,,,"     ",3.60,15.66,25.61
532,444685619,"00532M03:01:03.174","00532 03:14:05",189.73,896.34,,,,"     ",3.60,15.62,25.44
532,444685620,"00532M03:01:04.147","00532 03:14:06",189.73,896.31,,,,"     ",3.60,15.66,25.43
532,444685621,"00532M03:01:05.120","00532 03:14:07",189.73,896.33,,,,"     ",3.60,15.69,25.39
532,444685622,"00532M03:01:06.094","00532 03:14:08",189.73,896.37,,,,"     ",3.60,15.72,25.36
532,444685623,"00532M03:01:07.067","00532 03:14:09",189.74,896.28,,,,"     ",3.60,15.64,25.13
532,444685624,"00532M03:01:08.040","00532 03:14:10",189.76,896.44,,,,"     ",3.60,15.76,25.26
532,444685625,"00532M03:01:09.014","00532 03:14:11",189.77,896.38,,,,"     ",3.60,15.79,25.23
532,444685626,"00532M03:01:09.987","00532 03:14:12",189.80,896.38,,,,"     ",3.60,15.74,25.06
532,444685627,"00532M03:01:10.960","00532 03:14:13",189.82,896.39,,,,"     ",3.60,15.80,25.08
532,444685628,"00532M03:01:11.933","00532 03:14:14",189.85,896.36,,,,"     ",3.60,15.84,25.08
532,444685629,"00532M03:01:12.907","00532 03:14:15",189.88,896.32,,,,"     ",3.60,15.86,25.04
532,444685630,"00532M03:01:13.880","00532 03:14:16",189.92,896.27,,,,"     ",3.60,15.88,25.00
532,444685631,"00532M03:01:14.853","00532 03:14:17",189.96,896.38,,,,"     ",3.60,15.88,24.93
532,444685632,"00532M03:01:15.826","00532 03:14:18",190.01,896.34,,,,"     ",3.60,15.92,24.92
532,444685633,"00532M03:01:16.800","00532 03:14:19",190.07,896.25,,,,"     ",3.60,15.94,24.88
532,444685634,"00532M03:01:17.773","00532 03:14:20",190.13,896.40,,,,"     ",3.60,15.96,24.85
532,444685635,"00532M03:01:18.746","00532 03:14:21",190.20,896.27,,,,"     ",3.60,15.98,24.81
532,444685636,"00532M03:01:19.719","00532 03:14:22",190.27,896.33,,,,"     ",3.60,16.01,24.80
532,444685637,"00532M03:01:20.693","00532 03:14:23",190.34,896.37,,,,"     ",3.60,16.01,24.74
532,444685638,"00532M03:01:21.666","00532 03:14:24",190.38,896.39,,,,"     ",3.60,16.01,24.67
532,444685639,"00532M03:01:22.639","00532 03:14:25",190.40,896.41,,,,"     ",3.60,16.01,24.60
532,444685640,"00532M03:01:23.612","00532 03:14:26",190.42,896.35,,,,"     ",3.60,16.04,24.59
532,444685641,"00532M03:01:24.586","00532 03:14:27",190.42,896.40,,,,"     ",3.60,16.09,24.61
532,444685642,"00532M03:01:25.559","00532 03:14:27",190.42,896.35,,,,"     ",3.60,16.10,24.57
532,444685643,"00532M03:01:26.532","00532 03:14:28",190.42,896.33,,,,"     ",3.60,16.07,24.45
532,444685644,"00532M03:01:27.505","00532 03:14:29",190.42,896.29,,,,"     ",3.60,16.09,24.43
532,444685645,"00532M03:01:28.479","00532 03:14:30",190.40,896.22,,,,"     ",3.60,16.15,24.48
532,444685646,"00532M03:01:29.452","00532 03:14:31",190.38,896.26,,,,"     ",3.60,16.14,24.39
532,444685647,"00532M03:01:30.425","00532 03:14:32",190.36,896.30,,,,"     ",3.60,16.19,24.43
532,444685648,"00532M03:01:31.398","00532 03:14:33",190.33,896.32,,,,"     ",3.60,16.16,24.32
532,444685649,"00532M03:01:32.372","00532 03:14:34",190.30,896.37,,,,"     ",3.60,16.19,24.31
532,444685650,"00532M03:01:33.345","00532 03:14:35",190.29,896.34,,,,"     ",3.60,16.22,24.30
532,444685651,"00532M03:01:34.318","00532 03:14:36",190.28,896.45,,,,"     ",3.60,16.21,24.25
532,444685652,"00532M03:01:35.291","00532 03:14:37",190.29,896.41,,,,"     ",3.60,16.22,24.22
532,444685653,"00532M03:01:36.265","00532 03:14:38",190.30,896.39,,,,"     ",3.60,16.23,24.17
532,444685654,"00532M03:01:37.238","00532 03:14:39",190.31,896.31,,,,"     ",3.60,16.27,24.18
532,444685655,"00532M03:01:38.211","00532 03:14:40",190.33,896.34,,,,"     ",3.60,16.10,23.90
532,444685656,"00532M03:01:39.184","00532 03:14:41",190.34,896.36,,,,"     ",3.60,16.34,24.19
532,444685657,"00532M03:01:40.158","00532 03:14:42",190.35,896.34,,,,"     ",3.60,16.30,24.09
532,444685658,"00532M03:01:41.131","00532 03:14:43",190.35,896.25,,,,"     ",3.60,16.29,24.02
532,444685659,"00532M03:01:42.104","00532 03:14:44",190.35,896.31,,,,"     ",3.60,16.33,24.04
532,444685660,"00532M03:01:43.077","00532 03:14:45",190.34,896.22,,,,"     ",3.60,16.30,23.95
532,444685661,"00532M03:01:44.051","00532 03:14:46",190.34,896.22,,,,"     ",3.60,16.34,23.97
532,444685662,"00532M03:01:45.024","00532 03:14:47",190.35,896.20,,,,"     ",3.60,16.36,23.96
532,444685663,"00532M03:01:45.997","00532 03:14:48",190.36,896.34,,,,"     ",3.60,16.38,23.94
532,444685664,"00532M03:01:46.970","00532 03:14:49",190.39,896.28,,,,"     ",3.60,16.38,23.89
532,444685665,"00532M03:01:47.944","00532 03:14:50",190.42,896.33,,,,"     ",3.60,16.38,23.85
532,444685666,"00532M03:01:48.917","00532 03:14:51",190.44,896.33,,,,"     ",3.60,16.42,23.88
532,444685667,"00532M03:01:49.890","00532 03:14:52",190.45,896.24,,,,"     ",3.60,16.43,23.84
532,444685668,"00532M03:01:50.863","00532 03:14:53",190.45,896.31,,,,"     ",3.60,16.39,23.76
532,444685669,"00532M03:01:51.837","00532 03:14:54",190.46,896.25,,,,"     ",3.60,16.44,23.77
532,444685670,"00532M03:01:52.810","00532 03:14:55",190.45,896.17,,,,"     ",3.60,16.45,23.75
532,444685671,"00532M03:01:53.783","00532 03:14:56",190.45,896.12,,,,"     ",3.60,16.48,23.75
532,444685672,"00532M03:01:54.756","00532 03:14:57",190.46,896.10,,,,"     ",3.60,16.50,23.74
532,444685673,"00532M03:01:55.730","00532 03:14:58",190.48,896.08,,,,"     ",3.60,16.21,23.31
532,444685674,"00532M03:01:56.703","00532 03:14:59",190.50,896.23,,,,"     ",3.60,16.49,23.67
532,444685675,"00532M03:01:57.676","00532 03:15:00",190.54,896.23,,,,"     ",3.60,16.51,23.65
532,444685676,"00532M03:01:58.649","00532 03:15:01",190.59,896.29,,,,"     ",3.60,16.55,23.67
532,444685677,"00532M03:01:59.623","00532 03:15:02",190.65,896.26,,,,"     ",3.60,16.52,23.61
532,444685678,"00532M03:02:00.596","00532 03:15:03",190.72,896.23,,,,"     ",3.60,16.51,23.55
532,444685679,"00532M03:02:01.569","00532 03:15:03",190.79,896.10,,,,"     ",3.60,16.56,23.59
532,444685680,"00532M03:02:02.542","00532 03:15:04",190.86,896.12,,,,"     ",3.60,16.55,23.54
532,444685681,"00532M03:02:03.516","00532 03:15:05",190.92,896.15,,,,"     ",3.60,16.59,23.56
532,444685682,"00532M03:02:04.489","00532 03:15:06",190.97,896.25,,,,"     ",3.60,16.61,23.57
532,444685683,"00532M03:02:05.462","00532 03:15:07",191.00,896.20,,,,"     ",3.60,16.58,23.48
532,444685684,"00532M03:02:06.435","00532 03:15:08",191.02,896.30,,,,"     ",3.60,16.58,23.45
532,444685685,"00532M03:02:07.409","00532 03:15:09",191.03,896.28,,,,"     ",3.60,16.60,23.45
532,444685686,"00532M03:02:08.382","00532 03:15:10",191.02,896.21,,,,"     ",3.60,16.61,23.42
532,444685687,"00532M03:02:09.355","00532 03:15:11",191.01,896.18,,,,"     ",3.60,16.63,23.41
532,444685688,"00532M03:02:10.328","00532 03:15:12",190.99,896.22,,,,"     ",3.60,16.64,23.40
532,444685689,"00532M03:02:11.302","00532 03:15:13",190.97,896.25,,,,"     ",3.60,16.66,23.41
532,444685690,"00532M03:02:12.275","00532 03:15:14",190.95,896.31,,,,"     ",3.60,16.69,23.42
532,444685691,"00532M03:02:13.248","00532 03:15:15",190.94,896.20,,,,"     ",3.60,16.68,23.36
532,444685692,"00532M03:02:14.221","00532 03:15:16",190.91,896.22,,,,"     ",3.60,16.47,23.05
532,444685693,"00532M03:02:15.195","00532 03:15:17",190.88,896.27,,,,"     ",3.60,16.69,23.32
532,444685694,"00532M03:02:16.168","00532 03:15:18",190.85,896.20,,,,"     ",3.60,16.66,23.24
532,444685695,"00532M03:02:17.141","00532 03:15:19",190.81,896.11,,,,"     ",3.60,16.65,23.21
532,444685696,"00532M03:02:18.114","00532 03:15:20",190.76,896.05,,,,"     ",3.60,16.69,23.24
532,444685697,"00532M03:02:19.088","00532 03:15:21",190.72,896.21,,,,"     ",3.60,16.68,23.19
532,444685698,"00532M03:02:20.061","00532 03:15:22",190.68,896.17,,,,"     ",3.60,16.70,23.19
532,444685699,"00532M03:02:21.034","00532 03:15:23",190.67,896.17,,,,"     ",3.60,16.73,23.21
532,444685700,"00532M03:02:22.008","00532 03:15:24",190.67,896.24,,,,"     ",3.60,16.71,23.15
532,444685701,"00532M03:02:22.981","00532 03:15:25",190.70,896.29,,,,"     ",3.60,16.75,23.18
532,444685702,"00532M03:02:23.954","00532 03:15:26",190.75,896.18,,,,"     ",3.60,16.76,23.17
532,444685703,"00532M03:02:24.927","00532 03:15:27",190.82,896.15,,,,"     ",3.60,16.72,23.08
532,444685704,"00532M03:02:25.901","00532 03:15:28",190.90,896.19,,,,"     ",3.60,16.75,23.09
532,444685705,"00532M03:02:26.874","00532 03:15:29",190.98,896.14,,,,"     ",3.60,16.74,23.06
532,444685706,"00532M03:02:27.847","00532 03:15:30",191.06,896.22,,,,"     ",3.60,16.77,23.08
532,444685707,"00532M03:02:28.820","00532 03:15:31",191.11,896.13,,,,"     ",3.60,16.79,23.08
532,444685708,"00532M03:02:29.794","00532 03:15:32",191.16,896.20,,,,"     ",3.60,16.79,23.06
532,444685709,"00532M03:02:30.767","00532 03:15:33",191.19,896.08,,,,"     ",3.60,16.78,23.01
532,444685710,"00532M03:02:31.740","00532 03:15:34",191.22,896.13,,,,"     ",3.60,16.75,22.95
532,444685711,"00532M03:02:32.713","00532 03:15:35",191.22,896.15,,,,"     ",3.60,16.83,23.03
532,444685712,"00532M03:02:33.687","00532 03:15:36",191.22,896.19,,,,"     ",3.60,16.80,22.96
532,444685713,"00532M03:02:34.660","00532 03:15:37",191.21,896.15,,,,"     ",3.60,16.83,22.98
532,444685714,"00532M03:02:35.633","00532 03:15:38",191.19,896.19,,,,"     ",3.60,16.81,22.93
532,444685715,"00532M03:02:36.606","00532 03:15:39",191.16,896.23,,,,"     ",3.60,16.83,22.93
532,444685716,"00532M03:02:37.580","00532 03:15:40",191.14,896.26,,,,"     ",3.60,16.84,22.93
532,444685717,"00532M03:02:38.553","00532 03:15:40",191.11,896.24,,,,"     ",3.60,16.84,22.90
532,444685718,"00532M03:02:39.526","00532 03:15:41",191.08,896.18,,,,"     ",3.60,16.91,22.96
532,444685719,"00532M03:02:40.499","00532 03:15:42",191.06,896.12,,,,"     ",3.60,16.87,22.89
532,444685720,"00532M03:02:41.473","00532 03:15:43",191.04,896.04,,,,"     ",3.60,16.87,22.87
532,444685721,"00532M03:02:42.446","00532 03:15:44",191.02,896.17,,,,"     ",3.60,16.91,22.89
532,444685722,"00532M03:02:43.419","00532 03:15:45",191.01,896.10,,,,"     ",3.60,16.88,22.83
532,444685723,"00532M03:02:44.392","00532 03:15:46",191.02,896.17,,,,"     ",3.60,16.89,22.82
532,444685724,"00532M03:02:45.366","00532 03:15:47",191.04,896.26,,,,"     ",3.60,16.91,22.83
532,444685725,"00532M03:02:46.339","00532 03:15:48",191.07,896.30,,,,"     ",3.60,16.90,22.79
532,444685726,"00532M03:02:47.312","00532 03:15:49",191.10,896.20,,,,"     ",3.60,16.90,22.76
532,444685727,"00532M03:02:48.285","00532 03:15:50",191.15,896.16,,,,"     ",3.60,17.05,22.96
532,444685728,"00532M03:02:49.259","00532 03:15:51",191.21,896.16,,,,"     ",3.60,16.89,22.71
532,444685729,"00532M03:02:50.232","00532 03:15:52",191.26,896.19,,,,"     ",3.60,16.96,22.79
532,444685730,"00532M03:02:51.205","00532 03:15:53",191.31,896.22,,,,"     ",3.60,16.91,22.69
532,444685731,"00532M03:02:52.178","00532 03:15:54",191.35,896.16,,,,"     ",3.60,16.96,22.74
532,444685732,"00532M03:02:53.152","00532 03:15:55",191.38,896.14,,,,"     ",3.60,16.80,22.50
532,444685733,"00532M03:02:54.125","00532 03:15:56",191.39,896.17,,,,"     ",3.60,16.98,22.72
532,444685734,"00532M03:02:55.098","00532 03:15:57",191.40,896.11,,,,"     ",3.60,17.00,22.73
532,444685735,"00532M03:02:56.071","00532 03:15:58",191.39,896.12,,,,"     ",3.60,17.00,22.70
532,444685736,"00532M03:02:57.045","00532 03:15:59",191.37,896.14,,,,"     ",3.60,16.97,22.64
532,444685737,"00532M03:02:58.018","00532 03:16:00",191.36,896.24,,,,"     ",3.60,16.99,22.64
532,444685738,"00532M03:02:58.991","00532 03:16:01",191.34,896.18,,,,"     ",3.60,16.97,22.60
532,444685739,"00532M03:02:59.964","00532 03:16:02",191.33,896.19,,,,"     ",3.60,16.99,22.61
532,444685740,"00532M03:03:00.938","00532 03:16:03",191.32,896.02,,,,"     ",3.60,16.97,22.55
532,444685741,"00532M03:03:01.911","00532 03:16:04",191.31,896.11,,,,"     ",3.60,17.00,22.58
532,444685742,"00532M03:03:02.884","00532 03:16:05",191.31,896.12,,,,"     ",3.60,17.01,22.57
532,444685743,"00532M03:03:03.857","00532 03:16:06",191.30,896.02,,,,"     ",3.60,17.00,22.53
532,444685744,"00532M03:03:04.831","00532 03:16:07",191.30,895.98,,,,"     ",3.60,17.03,22.55
532,444685745,"00532M03:03:05.804","00532 03:16:08",191.31,895.89,,,,"     ",3.60,17.07,22.58
532,444685746,"00532M03:03:06.777","00532 03:16:09",191.31,896.07,,,,"     ",3.60,17.04,22.53
532,444685747,"00532M03:03:07.750","00532 03:16:10",191.32,896.14,,,,"     ",3.60,17.02,22.48
532,444685748,"00532M03:03:08.724","00532 03:16:11",191.33,896.18,,,,"     ",3.60,17.22,22.73
532,444685749,"00532M03:03:09.697","00532 03:16:12",191.34,896.05,,,,"     ",3.60,17.10,22.55
532,444685750,"00532M03:03:10.670","00532 03:16:13",191.35,896.07,,,,"     ",3.60,17.07,22.48
532,444685751,"00532M03:03:11.643","00532 03:16:14",191.35,895.89,,,,"     ",3.60,17.09,22.48
532,444685752,"00532M03:03:12.617","00532 03:16:15",191.34,895.96,,,,"     ",3.60,17.09,22.46
532,444685753,"00532M03:03:13.590","00532 03:16:16",191.31,896.06,,,,"     ",3.60,16.90,22.21
532,444685754,"00532M03:03:14.563","00532 03:16:16",191.28,896.05,,,,"     ",3.60,17.10,22.44
532,444685755,"00532M03:03:15.536","00532 03:16:17",191.24,896.07,,,,"     ",3.60,17.10,22.42
532,444685756,"00532M03:03:16.510","00532 03:16:18",191.20,896.14,,,,"     ",3.60,17.11,22.42
532,444685757,"00532M03:03:17.483","00532 03:16:19",191.16,896.13,,,,"     ",3.60,17.06,22.34
532,444685758,"00532M03:03:18.456","00532 03:16:20",191.13,896.07,,,,"     ",3.60,17.11,22.37
532,444685759,"00532M03:03:19.429","00532 03:16:21",191.10,896.04,,,,"     ",3.60,17.13,22.39
532,444685760,"00532M03:03:20.403","00532 03:16:22",191.08,896.03,,,,"     ",3.60,17.11,22.34
532,444685761,"00532M03:03:21.376","00532 03:16:23",191.08,896.12,,,,"     ",3.60,17.15,22.38
532,444685762,"00532M03:03:22.349","00532 03:16:24",191.08,896.09,,,,"     ",3.60,17.10,22.29
532,444685763,"00532M03:03:23.322","00532 03:16:25",191.09,896.12,,,,"     ",3.60,17.13,22.31
532,444685764,"00532M03:03:24.296","00532 03:16:26",191.12,896.16,,,,"     ",3.60,17.12,22.27
532,444685765,"00532M03:03:25.269","00532 03:16:27",191.16,896.12,,,,"     ",3.60,17.16,22.31
532,444685766,"00532M03:03:26.242","00532 03:16:28",191.21,896.12,,,,"     ",3.60,17.12,22.23
532,444685767,"00532M03:03:27.215","00532 03:16:29",191.27,896.13,,,,"     ",3.60,17.18,22.30
532,444685768,"00532M03:03:28.189","00532 03:16:30",191.35,896.18,,,,"     ",3.60,17.19,22.29
532,444685769,"00532M03:03:29.162","00532 03:16:31",191.43,896.15,,,,"     ",3.60,17.15,22.22
532,444685770,"00532M03:03:30.135","00532 03:16:32",191.50,896.13,,,,"     ",3.60,17.17,22.23
532,444685771,"00532M03:03:31.109","00532 03:16:33",191.56,896.01,,,,"     ",3.60,17.20,22.24
532,444685772,"00532M03:03:32.082","00532 03:16:34",191.62,896.00,,,,"     ",3.60,17.18,22.20
532,444685773,"00532M03:03:33.055","00532 03:16:35",191.65,896.20,,,,"     ",3.60,17.16,22.15
532,444685774,"00532M03:03:34.028","00532 03:16:36",191.67,896.15,,,,"     ",3.60,17.22,22.22
532,444685775,"00532M03:03:35.002","00532 03:16:37",191.68,896.30,,,,"     ",3.60,17.19,22.16
532,444685776,"00532M03:03:35.975","00532 03:16:38",191.67,896.24,,,,"     ",3.60,17.25,22.22
532,444685777,"00532M03:03:36.948","00532 03:16:39",191.67,896.34,,,,"     ",3.60,17.26,22.22
532,444685778,"00532M03:03:37.921","00532 03:16:40",191.66,896.06,,,,"     ",3.60,17.20,22.11
532,444685779,"00532M03:03:38.895","00532 03:16:41",191.67,896.14,,,,"     ",3.60,17.23,22.13
532,444685780,"00532M03:03:39.868","00532 03:16:42",191.69,896.11,,,,"     ",3.60,17.22,22.10
532,444685781,"00532M03:03:40.841","00532 03:16:43",191.71,896.08,,,,"     ",3.60,17.27,22.15
532,444685782,"00532M03:03:41.814","00532 03:16:44",191.74,895.99,,,,"     ",3.60,17.29,22.14
532,444685783,"00532M03:03:42.788","00532 03:16:45",191.78,896.04,,,,"     ",3.60,17.26,22.10
532,444685784,"00532M03:03:43.761","00532 03:16:46",191.83,896.03,,,,"     ",3.60,17.28,22.11
532,444685785,"00532M03:03:44.734","00532 03:16:47",191.88,895.95,,,,"     ",3.60,17.31,22.12
532,444685786,"00532M03:03:45.707","00532 03:16:48",191.91,895.99,,,,"     ",3.60,17.25,22.02
532,444685787,"00532M03:03:46.681","00532 03:16:49",191.92,896.00,,,,"     ",3.60,17.28,22.04
532,444685788,"00532M03:03:47.654","00532 03:16:50",191.91,896.05,,,,"     ",3.60,17.28,22.03
532,444685789,"00532M03:03:48.627","00532 03:16:51",191.89,896.04,,,,"     ",3.60,17.29,22.03
532,444685790,"00532M03:03:49.600","00532 03:16:52",191.86,896.06,,,,"     ",3.60,17.26,21.96
532,444685791,"00532M03:03:50.574","00532 03:16:53",191.82,896.06,,,,"     ",3.60,17.30,22.00
532,444685792,"00532M03:03:51.547","00532 03:16:53",191.79,896.08,,,,"     ",3.60,17.35,22.04
532,444685793,"00532M03:03:52.520","00532 03:16:54",191.76,896.09,,,,"     ",3.60,17.33,22.00
532,444685794,"00532M03:03:53.493","00532 03:16:55",191.73,896.12,,,,"     ",3.60,17.29,21.93
532,444685795,"00532M03:03:54.467","00532 03:16:56",191.70,896.07,,,,"     ",3.60,17.38,22.02
532,444685796,"00532M03:03:55.440","00532 03:16:57",191.64,896.05,,,,"     ",3.60,17.15,21.69
532,444685797,"00532M03:03:56.413","00532 03:16:58",191.58,896.15,,,,"     ",3.60,17.38,21.99
532,444685798,"00532M03:03:57.386","00532 03:16:59",191.52,896.22,,,,"     ",3.60,17.36,21.94
532,444685799,"00532M03:03:58.360","00532 03:17:00",191.45,896.00,,,,"     ",3.60,17.25,21.78
532,444685800,"00532M03:03:59.333","00532 03:17:01",191.40,896.24,,,,"     ",3.60,17.35,21.90
532,444685801,"00532M03:04:00.306","00532 03:17:02",191.35,896.10,,,,"     ",3.60,17.37,21.90
532,444685802,"00532M03:04:01.279","00532 03:17:03",191.32,896.04,,,,"     ",3.60,17.34,21.85
532,444685803,"00532M03:04:02.253","00532 03:17:04",191.30,896.07,,,,"     ",3.60,17.38,21.87
532,444685804,"00532M03:04:03.226","00532 03:17:05",191.31,896.19,,,,"     ",3.60,17.55,22.07
532,444685805,"00532M03:04:04.199","00532 03:17:06",191.33,895.93,,,,"     ",3.60,17.37,21.81
532,444685806,"00532M03:04:05.172","00532 03:17:07",191.35,896.02,,,,"     ",3.60,17.35,21.78
532,444685807,"00532M03:04:06.146","00532 03:17:08",191.39,896.05,,,,"     ",3.60,17.39,21.81
532,444685808,"00532M03:04:07.119","00532 03:17:09",191.43,896.09,,,,"     ",3.60,17.40,21.81
532,444685809,"00532M03:04:08.092","00532 03:17:10",191.46,896.04,,,,"     ",3.60,17.47,21.89
532,444685810,"00532M03:04:09.065","00532 03:17:11",191.48,896.07,,,,"     ",3.60,17.46,21.85
532,444685811,"00532M03:04:10.039","00532 03:17:12",191.49,896.06,,,,"     ",3.60,17.44,21.81
532,444685812,"00532M03:04:11.012","00532 03:17:13",191.48,895.99,,,,"     ",3.60,17.46,21.81
532,444685813,"00532M03:04:11.985","00532 03:17:14",191.47,895.99,,,,"     ",3.60,17.44,21.78
532,444685814,"00532M03:04:12.958","00532 03:17:15",191.45,895.96,,,,"     ",3.60,17.46,21.78
532,444685815,"00532M03:04:13.932","00532 03:17:16",191.44,896.08,,,,"     ",3.60,17.39,21.68
532,444685816,"00532M03:04:14.905","00532 03:17:17",191.42,896.04,,,,"     ",3.60,17.46,21.75
532,444685817,"00532M03:04:15.878","00532 03:17:18",191.41,896.00,,,,"     ",3.60,17.44,21.70
532,444685818,"00532M03:04:16.851","00532 03:17:19",191.41,896.03,,,,"     ",3.60,17.45,21.70
532,444685819,"00532M03:04:17.825","00532 03:17:20",191.40,896.09,,,,"     ",3.60,17.49,21.73
532,444685820,"00532M03:04:18.798","00532 03:17:21",191.40,896.06,,,,"     ",3.60,17.46,21.67
532,444685821,"00532M03:04:19.771","00532 03:17:22",191.40,896.03,,,,"     ",3.60,17.48,21.69
532,444685822,"00532M03:04:20.744","00532 03:17:23",191.39,896.02,,,,"     ",3.60,17.49,21.68
532,444685823,"00532M03:04:21.718","00532 03:17:24",191.39,896.00,,,,"     ",3.60,17.51,21.68
532,444685824,"00532M03:04:22.691","00532 03:17:25",191.39,896.03,,,,"     ",3.60,17.47,21.62
532,444685825,"00532M03:04:23.664","00532 03:17:26",191.39,895.98,,,,"     ",3.60,17.50,21.64
532,444685826,"00532M03:04:24.637","00532 03:17:27",191.40,895.98,,,,"     ",3.60,17.50,21.62
532,444685827,"00532M03:04:25.611","00532 03:17:28",191.42,896.03,,,,"     ",3.60,17.37,21.43
532,444685828,"00532M03:04:26.584","00532 03:17:29",191.44,896.24,,,,"     ",3.60,17.51,21.61
532,444685829,"00532M03:04:27.557","00532 03:17:29",191.47,896.00,,,,"     ",3.60,17.54,21.61
532,444685830,"00532M03:04:28.530","00532 03:17:30",191.50,895.97,,,,"     ",3.60,17.52,21.58
532,444685831,"00532M03:04:29.504","00532 03:17:31",191.51,896.14,,,,"     ",3.60,17.53,21.58
532,444685832,"00532M03:04:30.477","00532 03:17:32",191.51,895.87,,,,"     ",3.60,17.55,21.57
532,444685833,"00532M03:04:31.450","00532 03:17:33",191.49,895.96,,,,"     ",3.60,17.58,21.59
532,444685834,"00532M03:04:32.423","00532 03:17:34",191.45,896.04,,,,"     ",3.60,17.54,21.53
532,444685835,"00532M03:04:33.397","00532 03:17:35",191.41,895.99,,,,"     ",3.60,17.58,21.56
532,444685836,"00532M03:04:34.370","00532 03:17:36",191.37,895.99,,,,"     ",3.60,17.76,21.78
532,444685837,"00532M03:04:35.343","00532 03:17:37",191.34,896.04,,,,"     ",3.60,17.60,21.55
532,444685838,"00532M03:04:36.316","00532 03:17:38",191.31,896.07,,,,"     ",3.60,17.62,21.56
532,444685839,"00532M03:04:37.290","00532 03:17:39",191.31,896.01,,,,"     ",3.60,17.58,21.50
532,444685840,"00532M03:04:38.263","00532 03:17:40",191.32,896.00,,,,"     ",3.60,17.59,21.49
532,444685841,"00532M03:04:39.236","00532 03:17:41",191.35,895.97,,,,"     ",3.60,17.50,21.35
532,444685842,"00532M03:04:40.210","00532 03:17:42",191.40,895.92,,,,"     ",3.60,17.58,21.44
532,444685843,"00532M03:04:41.183","00532 03:17:43",191.47,895.99,,,,"     ",3.60,17.60,21.45
532,444685844,"00532M03:04:42.156","00532 03:17:44",191.55,895.93,,,,"     ",3.60,17.59,21.42
532,444685845,"00532M03:04:43.129","00532 03:17:45",191.63,895.89,,,,"     ",3.60,17.59,21.40
532,444685846,"00532M03:04:44.103","00532 03:17:46",191.72,895.85,,,,"     ",3.60,17.58,21.36
532,444685847,"00532M03:04:45.076","00532 03:17:47",191.79,895.94,,,,"     ",3.60,17.61,21.39
532,444685848,"00532M03:04:46.049","00532 03:17:48",191.85,895.92,,,,"     ",3.60,17.66,21.43
532,444685849,"00532M03:04:47.022","00532 03:17:49",191.91,895.96,,,,"     ",3.60,17.63,21.38
532,444685850,"00532M03:04:47.996","00532 03:17:50",191.95,896.00,,,,"     ",3.60,17.64,21.38
532,444685851,"00532M03:04:48.969","00532 03:17:51",191.98,895.97,,,,"     ",3.60,17.63,21.34
532,444685852,"00532M03:04:49.942","00532 03:17:52",192.01,895.93,,,,"     ",3.60,17.64,21.33
532,444685853,"00532M03:04:50.915","00532 03:17:53",192.02,896.06,,,,"     ",3.60,17.66,21.35
532,444685854,"00532M03:04:51.889","00532 03:17:54",192.03,895.95,,,,"     ",3.60,17.65,21.32
532,444685855,"00532M03:04:52.862","00532 03:17:55",192.01,895.94,,,,"     ",3.60,17.64,21.29
532,444685856,"00532M03:04:53.835","00532 03:17:56",191.98,896.17,,,,"     ",3.60,17.61,21.23
532,444685857,"00532M03:04:54.808","00532 03:17:57",191.94,896.11,,,,"     ",3.60,17.71,21.34
532,444685858,"00532M03:04:55.782","00532 03:17:58",191.89,896.00,,,,"     ",3.60,17.68,21.29
532,444685859,"00532M03:04:56.755","00532 03:17:59",191.83,895.93,,,,"     ",3.60,17.77,21.37
532,444685860,"00532M03:04:57.728","00532 03:18:00",191.76,895.97,,,,"     ",3.60,17.63,21.18
532,444685861,"00532M03:04:58.701","00532 03:18:01",191.68,895.88,,,,"     ",3.60,17.68,21.23
532,444685862,"00532M03:04:59.675","00532 03:18:02",191.59,896.04,,,,"     ",3.60,17.67,21.21
532,444685863,"00532M03:05:00.648","00532 03:18:03",191.51,896.01,,,,"     ",3.60,17.70,21.23
532,444685864,"00532M03:05:01.621","00532 03:18:04",191.44,895.98,,,,"     ",3.60,17.68,21.18
532,444685865,"00532M03:05:02.594","00532 03:18:05",191.39,895.95,,,,"     ",3.60,17.69,21.18
532,444685866,"00532M03:05:03.568","00532 03:18:06",191.35,895.81,,,,"     ",3.60,17.74,21.22
532,444685867,"00532M03:05:04.541","00532 03:18:06",191.34,895.89,,,,"     ",3.60,17.71,21.16
532,444685868,"00532M03:05:05.514","00532 03:18:07",191.33,895.88,,,,"     ",3.60,17.72,21.15
532,444685869,"00532M03:05:06.487","00532 03:18:08",191.33,895.92,,,,"     ",3.60,17.71,21.13
532,444685870,"00532M03:05:07.461","00532 03:18:09",191.33,895.97,,,,"     ",3.60,17.67,21.07
532,444685871,"00532M03:05:08.434","00532 03:18:10",191.32,895.91,,,,"     ",3.60,17.70,21.09
532,444685872,"00532M03:05:09.407","00532 03:18:11",191.32,895.88,,,,"     ",3.60,17.72,21.09
532,444685873,"00532M03:05:10.380","00532 03:18:12",191.31,895.84,,,,"     ",3.60,17.73,21.09
532,444685874,"00532M03:05:11.354","00532 03:18:13",191.30,895.81,,,,"     ",3.60,17.76,21.11
532,444685875,"00532M03:05:12.327","00532 03:18:14",191.29,895.87,,,,"     ",3.60,17.75,21.09
532,444685876,"00532M03:05:13.300","00532 03:18:15",191.27,895.91,,,,"     ",3.60,17.67,20.97
532,444685877,"00532M03:05:14.273","00532 03:18:16",191.24,895.88,,,,"     ",3.60,17.76,21.06
532,444685878,"00532M03:05:15.247","00532 03:18:17",191.22,895.97,,,,"     ",3.60,17.77,21.06
532,444685879,"00532M03:05:16.220","00532 03:18:18",191.20,895.97,,,,"     ",3.60,17.77,21.05
532,444685880,"00532M03:05:17.193","00532 03:18:19",191.18,895.97,,,,"     ",3.60,17.76,21.02
532,444685881,"00532M03:05:18.166","00532 03:18:20",191.16,895.89,,,,"     ",3.60,17.78,21.03
532,444685882,"00532M03:05:19.140","00532 03:18:21",191.14,895.88,,,,"     ",3.60,17.95,21.21
532,444685883,"00532M03:05:20.113","00532 03:18:22",191.12,895.90,,,,"     ",3.60,17.79,21.01
532,444685884,"00532M03:05:21.086","00532 03:18:23",191.11,895.78,,,,"     ",3.60,17.74,20.93
532,444685885,"00532M03:05:22.059","00532 03:18:24",191.10,895.76,,,,"     ",3.60,17.76,20.93
532,444685886,"00532M03:05:23.033","00532 03:18:25",191.10,895.88,,,,"     ",3.60,17.75,20.91
532,444685887,"00532M03:05:24.006","00532 03:18:26",191.10,895.97,,,,"     ",3.60,17.75,20.90
532,444685888,"00532M03:05:24.979","00532 03:18:27",191.11,896.02,,,,"     ",3.60,17.79,20.94
532,444685889,"00532M03:05:25.952","00532 03:18:28",191.12,895.94,,,,"     ",3.60,17.81,20.95
532,444685890,"00532M03:05:26.926","00532 03:18:29",191.13,896.08,,,,"     ",3.60,17.73,20.83
532,444685891,"00532M03:05:27.899","00532 03:18:30",191.13,895.80,,,,"     ",3.60,17.79,20.88
532,444685892,"00532M03:05:28.872","00532 03:18:31",191.14,895.82,,,,"     ",3.60,17.80,20.88
532,444685893,"00532M03:05:29.845","00532 03:18:32",191.15,895.90,,,,"     ",3.60,17.75,20.80
532,444685894,"00532M03:05:30.819","00532 03:18:33",191.17,895.83,,,,"     ",3.60,17.83,20.89
532,444685895,"00532M03:05:31.792","00532 03:18:34",191.19,895.92,,,,"     ",3.60,17.82,20.86
532,444685896,"00532M03:05:32.765","00532 03:18:35",191.22,895.84,,,,"     ",3.60,17.79,20.81
532,444685897,"00532M03:05:33.738","00532 03:18:36",191.25,895.78,,,,"     ",3.60,17.81,20.81
532,444685898,"00532M03:05:34.712","00532 03:18:37",191.28,895.87,,,,"     ",3.60,17.80,20.79
532,444685899,"00532M03:05:35.685","00532 03:18:38",191.32,895.95,,,,"     ",3.60,17.82,20.80
532,444685900,"00532M03:05:36.658","00532 03:18:39",191.36,895.89,,,,"     ",3.60,17.83,20.80
532,444685901,"00532M03:05:37.631","00532 03:18:40",191.41,895.95,,,,"     ",3.60,17.83,20.78
532,444685902,"00532M03:05:38.605","00532 03:18:41",191.46,895.88,,,,"     ",3.60,17.81,20.74
532,444685903,"00532M03:05:39.578","00532 03:18:42",191.51,895.92,,,,"     ",3.60,17.84,20.76
532,444685904,"00532M03:05:40.551","00532 03:18:42",191.55,895.90,,,,"     ",3.60,17.82,20.73
532,444685905,"00532M03:05:41.524","00532 03:18:43",191.60,895.88,,,,"     ",3.60,17.80,20.69
532,444685906,"00532M03:05:42.498","00532 03:18:44",191.65,895.81,,,,"     ",3.60,17.84,20.73
532,444685907,"00532M03:05:43.471","00532 03:18:45",191.69,895.85,,,,"     ",3.60,17.82,20.69
532,444685908,"00532M03:05:44.444","00532 03:18:46",191.73,895.78,,,,"     ",3.60,17.85,20.71
532,444685909,"00532M03:05:45.417","00532 03:18:47",191.76,895.86,,,,"     ",3.60,17.84,20.68
532,444685910,"00532M03:05:46.391","00532 03:18:48",191.78,895.85,,,,"     ",3.60,17.74,20.55
532,444685911,"00532M03:05:47.364","00532 03:18:49",191.80,895.85,,,,"     ",3.60,17.90,20.72
532,444685912,"00532M03:05:48.337","00532 03:18:50",191.82,895.81,,,,"     ",3.60,17.81,20.60
532,444685913,"00532M03:05:49.311","00532 03:18:51",191.83,895.84,,,,"     ",3.60,17.89,20.68
532,444685914,"00532M03:05:50.284","00532 03:18:52",191.83,895.81,,,,"     ",3.60,17.88,20.65
532,444685915,"00532M03:05:51.257","00532 03:18:53",191.83,895.98,,,,"     ",3.60,17.77,20.51
532,444685916,"00532M03:05:52.230","00532 03:18:54",191.83,895.95,,,,"     ",3.60,17.91,20.65
532,444685917,"00532M03:05:53.204","00532 03:18:55",191.81,895.89,,,,"     ",3.60,17.88,20.60
532,444685918,"00532M03:05:54.177","00532 03:18:56",191.80,895.81,,,,"     ",3.60,17.90,20.61
532,444685919,"00532M03:05:55.150","00532 03:18:57",191.78,895.90,,,,"     ",3.60,17.90,20.60
532,444685920,"00532M03:05:56.123","00532 03:18:58",191.75,895.71,,,,"     ",3.60,17.87,20.55
532,444685921,"00532M03:05:57.097","00532 03:18:59",191.72,895.73,,,,"     ",3.60,17.93,20.59
532,444685922,"00532M03:05:58.070","00532 03:19:00",191.68,895.80,,,,"     ",3.60,17.90,20.56
532,444685923,"00532M03:05:59.043","00532 03:19:01",191.64,895.85,,,,"     ",3.60,17.93,20.57
532,444685924,"00532M03:06:00.016","00532 03:19:02",191.58,895.88,,,,"     ",3.60,17.88,20.51
532,444689319,"00532M04:01:04.212","00532 04:14:07",187.54,893.68,,,,"     ",3.60,,
532,444689320,"00532M04:01:05.185","00532 04:14:08",187.61,893.74,,,,"     ",3.60,15.74,40.46
532,444689321,"00532M04:01:06.158","00532 04:14:08",187.67,893.68,,,,"     ",3.60,15.77,40.41
532,444689322,"00532M04:01:07.132","00532 04:14:09",187.73,893.66,,,,"     ",3.60,15.77,40.27
532,444689323,"00532M04:01:08.105","00532 04:14:10",187.78,893.75,,,,"     ",3.60,15.81,40.26
532,444689324,"00532M04:01:09.078","00532 04:14:11",187.84,893.74,,,,"     ",3.60,15.86,40.23
532,444689325,"00532M04:01:10.051","00532 04:14:12",187.89,893.65,,,,"     ",3.60,15.85,40.09
532,444689326,"00532M04:01:11.025","00532 04:14:13",187.93,893.69,,,,"     ",3.60,15.92,40.14
532,444689327,"00532M04:01:11.998","00532 04:14:14",187.97,893.67,,,,"     ",3.60,15.91,39.98
532,444689328,"00532M04:01:12.971","00532 04:14:15",188.01,893.67,,,,"     ",3.60,15.88,39.80
532,444689329,"00532M04:01:13.944","00532 04:14:16",188.05,893.77,,,,"     ",3.60,15.96,39.87
532,444689330,"00532M04:01:14.918","00532 04:14:17",188.08,893.79,,,,"     ",3.60,15.98,39.80
532,444689331,"00532M04:01:15.891","00532 04:14:18",188.11,893.70,,,,"     ",3.60,16.03,39.81
532,444689332,"00532M04:01:16.864","00532 04:14:19",188.14,893.77,,,,"     ",3.60,16.00,39.62
532,444689333,"00532M04:01:17.837","00532 04:14:20",188.16,893.75,,,,"     ",3.60,16.02,39.56
532,444689334,"00532M04:01:18.811","00532 04:14:21",188.18,893.84,,,,"     ",3.60,16.06,39.55
532,444689335,"00532M04:01:19.784","00532 04:14:22",188.20,893.86,,,,"     ",3.60,16.07,39.47
532,444689336,"00532M04:01:20.757","00532 04:14:23",188.21,893.85,,,,"     ",3.60,16.15,39.58
532,444689337,"00532M04:01:21.730","00532 04:14:24",188.22,893.80,,,,"     ",3.60,16.11,39.35
532,444689338,"00532M04:01:22.704","00532 04:14:25",188.22,893.85,,,,"     ",3.60,16.14,39.34
532,444689339,"00532M04:01:23.677","00532 04:14:26",188.22,893.84,,,,"     ",3.60,16.13,39.22
532,444689340,"00532M04:01:24.650","00532 04:14:27",188.21,893.87,,,,"     ",3.60,16.30,39.57
532,444689341,"00532M04:01:25.623","00532 04:14:28",188.20,893.74,,,,"     ",3.60,16.21,39.22
532,444689342,"00532M04:01:26.597","00532 04:14:29",188.19,893.75,,,,"     ",3.60,16.19,39.07
532,444689343,"00532M04:01:27.570","00532 04:14:30",188.18,893.74,,,,"     ",3.60,16.12,38.81
532,444689344,"00532M04:01:28.543","00532 04:14:31",188.18,893.72,,,,"     ",3.60,16.23,38.97
532,444689345,"00532M04:01:29.516","00532 04:14:32",188.17,893.77,,,,"     ",3.60,16.26,38.96
532,444689346,"00532M04:01:30.490","00532 04:14:33",188.16,893.77,,,,"     ",3.60,16.30,38.96
532,444689347,"00532M04:01:31.463","00532 04:14:34",188.16,893.69,,,,"     ",3.60,16.28,38.83
532,444689348,"00532M04:01:32.436","00532 04:14:35",188.15,893.72,,,,"     ",3.60,16.31,38.82
532,444689349,"00532M04:01:33.409","00532 04:14:36",188.15,893.76,,,,"     ",3.60,16.34,38.81
532,444689350,"00532M04:01:34.383","00532 04:14:37",188.15,893.74,,,,"     ",3.60,16.35,38.74
532,444689351,"00532M04:01:35.356","00532 04:14:38",188.16,893.81,,,,"     ",3.60,16.33,38.61
532,444689352,"00532M04:01:36.329","00532 04:14:39",188.16,893.72,,,,"     ",3.60,16.36,38.62
532,444689353,"00532M04:01:37.302","00532 04:14:40",188.18,893.69,,,,"     ",3.60,16.41,38.64
532,444689354,"00532M04:01:38.276","00532 04:14:41",188.63,893.70,,,,"     ",3.60,16.41,38.54
532,444689355,"00532M04:01:39.249","00532 04:14:42",188.68,893.78,,,,"     ",3.60,16.40,38.46
532,444689356,"00532M04:01:40.222","00532 04:14:43",188.72,893.75,,,,"     ",3.60,16.44,38.48
532,444689357,"00532M04:01:41.196","00532 04:14:44",188.77,893.75,,,,"     ",3.60,16.43,38.37
532,444689358,"00532M04:01:42.169","00532 04:14:44",188.81,893.84,,,,"     ",3.60,16.46,38.37
532,444689359,"00532M04:01:43.142","00532 04:14:45",188.85,893.94,,,,"     ",3.60,16.39,38.16
532,444689360,"00532M04:01:44.115","00532 04:14:46",188.55,893.84,,,,"     ",3.60,16.45,38.23
532,444689361,"00532M04:01:45.089","00532 04:14:47",188.62,893.89,,,,"     ",3.60,16.50,38.26
532,444689362,"00532M04:01:46.062","00532 04:14:48",188.68,893.82,,,,"     ",3.60,16.52,38.24
532,444689363,"00532M04:01:47.035","00532 04:14:49",188.75,893.84,,,,"     ",3.60,16.53,38.18
532,444689364,"00532M04:01:48.008","00532 04:14:50",188.81,893.80,,,,"     ",3.60,16.56,38.17
532,444689365,"00532M04:01:48.982","00532 04:14:51",188.87,893.84,,,,"     ",3.60,16.59,38.20
532,444689366,"00532M04:01:49.955","00532 04:14:52",188.92,893.74,,,,"     ",3.60,16.58,38.09
532,444689367,"00532M04:01:50.928","00532 04:14:53",188.97,893.73,,,,"     ",3.60,16.59,38.06
532,444689368,"00532M04:01:51.901","00532 04:14:54",189.03,893.70,,,,"     ",3.60,16.56,37.91
532,444689369,"00532M04:01:52.875","00532 04:14:55",189.08,893.69,,,,"     ",3.60,16.58,37.89
532,444689370,"00532M04:01:53.848","00532 04:14:56",189.12,893.77,,,,"     ",3.60,16.65,38.00
532,444689371,"00532M04:01:54.821","00532 04:14:57",189.14,893.72,,,,"     ",3.60,16.65,37.94
532,444689372,"00532M04:01:55.794","00532 04:14:58",189.16,893.77,,,,"     ",3.60,16.64,37.84
532,444689373,"00532M04:01:56.768","00532 04:14:59",189.16,893.61,,,,"     ",3.60,16.69,37.89
532,444689374,"00532M04:01:57.741","00532 04:15:00",189.16,893.52,,,,"     ",3.60,16.58,37.54
532,444689375,"00532M04:01:58.714","00532 04:15:01",189.15,893.71,,,,"     ",3.60,16.69,37.78
532,444689376,"00532M04:01:59.687","00532 04:15:02",189.15,893.61,,,,"     ",3.60,16.61,37.53
532,444689377,"00532M04:02:00.661","00532 04:15:03",189.16,893.77,,,,"     ",3.60,16.74,37.78
532,444689378,"00532M04:02:01.634","00532 04:15:04",189.19,893.83,,,,"     ",3.60,16.70,37.62
532,444689379,"00532M04:02:02.607","00532 04:15:05",189.22,893.89,,,,"     ",3.60,16.70,37.57
532,444689380,"00532M04:02:03.580","00532 04:15:06",189.25,893.76,,,,"     ",3.60,16.77,37.66
532,444689381,"00532M04:02:04.554","00532 04:15:07",189.29,893.78,,,,"     ",3.60,16.73,37.50
532,444689382,"00532M04:02:05.527","00532 04:15:08",189.33,893.73,,,,"     ",3.60,16.75,37.51
532,444689383,"00532M04:02:06.500","00532 04:15:09",189.37,893.75,,,,"     ",3.60,16.77,37.50
532,444689384,"00532M04:02:07.473","00532 04:15:10",189.39,893.78,,,,"     ",3.60,16.80,37.51
532,444689385,"00532M04:02:08.447","00532 04:15:11",189.40,893.74,,,,"     ",3.60,16.80,37.45
532,444689386,"00532M04:02:09.420","00532 04:15:12",189.41,893.78,,,,"     ",3.60,16.84,37.48
532,444689387,"00532M04:02:10.393","00532 04:15:13",189.41,893.77,,,,"     ",3.60,16.84,37.45
532,444689388,"00532M04:02:11.366","00532 04:15:14",189.40,893.83,,,,"     ",3.60,16.96,37.64
532,444689389,"00532M04:02:12.340","00532 04:15:15",189.38,893.78,,,,"     ",3.60,16.86,37.38
532,444689390,"00532M04:02:13.313","00532 04:15:16",189.36,893.75,,,,"     ",3.60,16.89,37.39
532,444689391,"00532M04:02:14.286","00532 04:15:17",189.35,893.75,,,,"     ",3.60,16.90,37.36
532,444689392,"00532M04:02:15.259","00532 04:15:18",189.34,893.70,,,,"     ",3.60,16.88,37.25
532,444689393,"00532M04:02:16.233","00532 04:15:19",189.33,893.72,,,,"     ",3.60,16.91,37.27
532,444689394,"00532M04:02:17.206","00532 04:15:20",189.34,893.57,,,,"     ",3.60,16.91,37.23
532,444689395,"00532M04:02:18.179","00532 04:15:21",189.35,893.77,,,,"     ",3.60,16.92,37.19
532,444689396,"00532M04:02:19.152","00532 04:15:21",189.37,893.85,,,,"     ",3.60,16.94,37.20
532,444689397,"00532M04:02:20.126","00532 04:15:22",189.40,893.80,,,,"     ",3.60,16.93,37.12
532,444689398,"00532M04:02:21.099","00532 04:15:23",189.42,893.90,,,,"     ",3.60,16.91,37.05
532,444689399,"00532M04:02:22.072","00532 04:15:24",189.44,893.91,,,,"     ",3.60,16.98,37.16
532,444689400,"00532M04:02:23.045","00532 04:15:25",189.46,893.89,,,,"     ",3.60,16.93,36.99
532,444689401,"00532M04:02:24.019","00532 04:15:26",189.48,893.69,,,,"     ",3.60,16.97,37.03
532,444689402,"00532M04:02:24.992","00532 04:15:27",189.52,893.66,,,,"     ",3.60,17.01,37.07
532,444689403,"00532M04:02:25.965","00532 04:15:28",189.56,893.72,,,,"     ",3.60,17.02,37.04
532,444689404,"00532M04:02:26.938","00532 04:15:29",189.61,893.76,,,,"     ",3.60,17.00,36.95
532,444689405,"00532M04:02:27.912","00532 04:15:30",189.66,893.77,,,,"     ",3.60,17.00,36.92
532,444689406,"00532M04:02:28.885","00532 04:15:31",189.70,893.74,,,,"     ",3.60,17.02,36.91
532,444689407,"00532M04:02:29.858","00532 04:15:32",189.72,893.71,,,,"     ",3.60,17.02,36.86
532,444689408,"00532M04:02:30.831","00532 04:15:33",189.72,893.73,,,,"     ",3.60,17.07,36.94
532,444689409,"00532M04:02:31.805","00532 04:15:34",189.71,893.74,,,,"     ",3.60,17.09,36.93
532,444689410,"00532M04:02:32.778","00532 04:15:35",189.70,893.76,,,,"     ",3.60,17.07,36.84
532,444689411,"00532M04:02:33.751","00532 04:15:36",189.66,893.76,,,,"     ",3.60,17.09,36.84
532,444689412,"00532M04:02:34.724","00532 04:15:37",189.60,893.67,,,,"     ",3.60,17.05,36.70
532,444689413,"00532M04:02:35.698","00532 04:15:38",189.52,893.64,,,,"     ",3.60,17.06,36.70
532,444689414,"00532M04:02:36.671","00532 04:15:39",189.44,893.54,,,,"     ",3.60,17.14,36.81
532,444689415,"00532M04:02:37.644","00532 04:15:40",189.37,893.49,,,,"     ",3.60,17.12,36.73
532,444689416,"00532M04:02:38.617","00532 04:15:41",189.31,893.45,,,,"     ",3.60,16.96,36.34
532,444689417,"00532M04:02:39.591","00532 04:15:42",189.27,893.72,,,,"     ",3.60,17.12,36.64
532,444689418,"00532M04:02:40.564","00532 04:15:43",189.25,893.59,,,,"     ",3.60,17.12,36.61
532,444689419,"00532M04:02:41.537","00532 04:15:44",189.24,893.69,,,,"     ",3.60,17.15,36.64
532,444689420,"00532M04:02:42.510","00532 04:15:45",189.25,893.71,,,,"     ",3.60,17.14,36.57
532,444689421,"00532M04:02:43.484","00532 04:15:46",189.27,893.77,,,,"     ",3.60,17.15,36.54
532,444689422,"00532M04:02:44.457","00532 04:15:47",189.31,893.58,,,,"     ",3.60,17.17,36.55
532,444689423,"00532M04:02:45.430","00532 04:15:48",189.35,893.67,,,,"     ",3.60,17.18,36.53
532,444689424,"00532M04:02:46.403","00532 04:15:49",189.39,893.72,,,,"     ",3.60,17.17,36.47
532,444689425,"00532M04:02:47.377","00532 04:15:50",189.44,893.72,,,,"     ",3.60,17.17,36.43
532,444689426,"00532M04:02:48.350","00532 04:15:51",189.49,893.67,,,,"     ",3.60,17.20,36.46
532,444689427,"00532M04:02:49.323","00532 04:15:52",189.54,893.65,,,,"     ",3.60,17.22,36.47
532,444689428,"00532M04:02:50.296","00532 04:15:53",189.60,893.72,,,,"     ",3.60,17.23,36.45
532,444689429,"00532M04:02:51.270","00532 04:15:54",189.65,893.67,,,,"     ",3.60,17.23,36.42
532,444689430,"00532M04:02:52.243","00532 04:15:55",189.69,893.68,,,,"     ",3.60,17.24,36.41
532,444689431,"00532M04:02:53.216","00532 04:15:56",189.70,893.73,,,,"     ",3.60,17.23,36.32
532,444689432,"00532M04:02:54.190","00532 04:15:57",189.71,893.70,,,,"     ",3.60,17.23,36.32
532,444689433,"00532M04:02:55.163","00532 04:15:57",189.70,893.77,,,,"     ",3.60,17.27,36.36
532,444689434,"00532M04:02:56.136","00532 04:15:58",189.70,893.65,,,,"     ",3.60,17.24,36.24
532,444689435,"00532M04:02:57.109","00532 04:15:59",189.67,893.66,,,,"     ",3.60,17.26,36.24
532,444689436,"00532M04:02:58.083","00532 04:16:00",189.62,893.73,,,,"     ",3.60,17.25,36.19
532,444689437,"00532M04:02:59.056","00532 04:16:01",189.54,893.59,,,,"     ",3.60,17.32,36.30
532,444689438,"00532M04:03:00.029","00532 04:16:02",189.45,893.66,,,,"     ",3.60,17.17,35.98
532,444689439,"00532M04:03:01.002","00532 04:16:03",189.34,893.82,,,,"     ",3.60,17.30,36.19
532,444689440,"00532M04:03:01.976","00532 04:16:04",189.23,893.73,,,,"     ",3.60,17.31,36.17
532,444689441,"00532M04:03:02.949","00532 04:16:05",189.12,893.78,,,,"     ",3.60,17.32,36.18
532,444689442,"00532M04:03:03.922","00532 04:16:06",189.02,893.80,,,,"     ",3.60,17.32,36.12
532,444689443,"00532M04:03:04.895","00532 04:16:07",188.94,893.87,,,,"     ",3.60,17.33,36.10
532,444689444,"00532M04:03:05.869","00532 04:16:08",188.87,893.70,,,,"     ",3.60,17.33,36.07
532,444689445,"00532M04:03:06.842","00532 04:16:09",188.82,893.73,,,,"     ",3.60,17.37,36.14
532,444689446,"00532M04:03:07.815","00532 04:16:10",188.78,893.78,,,,"     ",3.60,17.35,36.06
532,444689447,"00532M04:03:08.788","00532 04:16:11",188.75,893.78,,,,"     ",3.60,17.35,36.02
532,444689448,"00532M04:03:09.762","00532 04:16:12",188.73,893.76,,,,"     ",3.60,17.36,36.00
532,444689449,"00532M04:03:10.735","00532 04:16:13",188.73,893.72,,,,"     ",3.60,17.36,35.96
532,444689450,"00532M04:03:11.708","00532 04:16:14",188.73,893.74,,,,"     ",3.60,17.37,35.95
532,444689451,"00532M04:03:12.681","00532 04:16:15",188.74,893.71,,,,"     ",3.60,17.38,35.94
532,444689452,"00532M04:03:13.655","00532 04:16:16",188.76,893.68,,,,"     ",3.60,17.38,35.91
532,444689453,"00532M04:03:14.628","00532 04:16:17",188.79,893.72,,,,"     ",3.60,17.36,35.84
532,444689454,"00532M04:03:15.601","00532 04:16:18",188.81,893.76,,,,"     ",3.60,17.43,35.94
532,444689455,"00532M04:03:16.574","00532 04:16:19",188.84,893.73,,,,"     ",3.60,17.40,35.83
532,444689456,"00532M04:03:17.548","00532 04:16:20",188.87,893.77,,,,"     ",3.60,17.42,35.85
532,444689457,"00532M04:03:18.521","00532 04:16:21",188.90,893.78,,,,"     ",3.60,17.42,35.81
532,444689458,"00532M04:03:19.494","00532 04:16:22",188.93,893.74,,,,"     ",3.60,17.40,35.74
532,444689459,"00532M04:03:20.467","00532 04:16:23",188.97,893.79,,,,"     ",3.60,17.45,35.81
532,444689460,"00532M04:03:21.441","00532 04:16:24",189.01,893.78,,,,"     ",3.60,17.47,35.82
532,444689461,"00532M04:03:22.414","00532 04:16:25",189.05,893.95,,,,"     ",3.60,17.46,35.77
532,444689462,"00532M04:03:23.387","00532 04:16:26",189.09,893.90,,,,"     ",3.60,17.45,35.71
532,444689463,"00532M04:03:24.360","00532 04:16:27",189.13,893.84,,,,"     ",3.60,17.45,35.69
532,444689464,"00532M04:03:25.334","00532 04:16:28",189.17,893.76,,,,"     ",3.60,17.62,35.98
532,444689465,"00532M04:03:26.307","00532 04:16:29",189.21,893.74,,,,"     ",3.60,17.51,35.74
532,444689466,"00532M04:03:27.280","00532 04:16:30",189.25,893.61,,,,"     ",3.60,17.49,35.66
532,444689467,"00532M04:03:28.253","00532 04:16:31",189.29,893.68,,,,"     ",3.60,17.51,35.66
532,444689468,"00532M04:03:29.227","00532 04:16:32",189.31,893.68,,,,"     ",3.60,17.50,35.60
532,444689469,"00532M04:03:30.200","00532 04:16:33",189.34,893.69,,,,"     ",3.60,17.40,35.38
532,444689470,"00532M04:03:31.173","00532 04:16:34",189.38,893.78,,,,"     ",3.60,17.49,35.53
532,444689471,"00532M04:03:32.146","00532 04:16:34",189.42,893.70,,,,"     ",3.60,17.50,35.52
532,444689472,"00532M04:03:33.120","00532 04:16:35",189.48,893.83,,,,"     ",3.60,17.52,35.54
532,444689473,"00532M04:03:34.093","00532 04:16:36",189.53,893.76,,,,"     ",3.60,17.54,35.53
532,444689474,"00532M04:03:35.066","00532 04:16:37",189.57,893.68,,,,"     ",3.60,17.57,35.56
532,444689475,"00532M04:03:36.039","00532 04:16:38",189.60,893.74,,,,"     ",3.60,17.57,35.52
532,444689476,"00532M04:03:37.013","00532 04:16:39",189.61,893.73,,,,"     ",3.60,17.59,35.54
532,444689477,"00532M04:03:37.986","00532 04:16:40",189.61,893.65,,,,"     ",3.60,17.55,35.41
532,444689478,"00532M04:03:38.959","00532 04:16:41",189.59,893.65,,,,"     ",3.60,17.62,35.53
532,444689479,"00532M04:03:39.932","00532 04:16:42",189.56,893.65,,,,"     ",3.60,17.59,35.43
532,444689480,"00532M04:03:40.906","00532 04:16:43",189.51,893.59,,,,"     ",3.60,17.62,35.45
532,444689481,"00532M04:03:41.879","00532 04:16:44",189.46,893.76,,,,"     ",3.60,17.61,35.40
532,444689482,"00532M04:03:42.852","00532 04:16:45",189.40,893.59,,,,"     ",3.60,17.65,35.45
532,444689483,"00532M04:03:43.825","00532 04:16:46",189.33,893.58,,,,"     ",3.60,17.66,35.44
532,444689484,"00532M04:03:44.799","00532 04:16:47",189.28,893.70,,,,"     ",3.60,17.65,35.38
532,444689485,"00532M04:03:45.772","00532 04:16:48",189.23,893.69,,,,"     ",3.60,17.66,35.37
532,444689486,"00532M04:03:46.745","00532 04:16:49",189.19,893.72,,,,"     ",3.60,17.64,35.31
532,444689487,"00532M04:03:47.718","00532 04:16:50",189.16,893.65,,,,"     ",3.60,17.64,35.26
532,444689488,"00532M04:03:48.692","00532 04:16:51",189.14,893.67,,,,"     ",3.60,17.65,35.24
532,444689489,"00532M04:03:49.665","00532 04:16:52",189.14,893.59,,,,"     ",3.60,17.69,35.29
532,444689490,"00532M04:03:50.638","00532 04:16:53",189.14,893.58,,,,"     ",3.60,17.69,35.27
532,444689491,"00532M04:03:51.611","00532 04:16:54",189.14,893.59,,,,"     ",3.60,17.71,35.26
532,444689492,"00532M04:03:52.585","00532 04:16:55",189.16,893.71,,,,"     ",3.60,17.72,35.26
532,444689493,"00532M04:03:53.558","00532 04:16:56",189.18,893.68,,,,"     ",3.60,17.73,35.25
532,444689494,"00532M04:03:54.531","00532 04:16:57",189.21,893.67,,,,"     ",3.60,17.71,35.18
532,444689495,"00532M04:03:55.504","00532 04:16:58",189.26,893.68,,,,"     ",3.60,17.75,35.23
532,444689496,"00532M04:03:56.478","00532 04:16:59",189.32,893.69,,,,"     ",3.60,17.74,35.18
532,444689497,"00532M04:03:57.451","00532 04:17:00",189.39,893.69,,,,"     ",3.60,17.76,35.18
532,444689498,"00532M04:03:58.424","00532 04:17:01",189.46,893.71,,,,"     ",3.60,17.78,35.21
532,444689499,"00532M04:03:59.397","00532 04:17:02",189.53,893.65,,,,"     ",3.60,17.73,35.06
532,444689500,"00532M04:04:00.371","00532 04:17:03",189.58,893.67,,,,"     ",3.60,17.77,35.10
532,444689501,"00532M04:04:01.344","00532 04:17:04",189.62,893.77,,,,"     ",3.60,17.76,35.04
532,444689502,"00532M04:04:02.317","00532 04:17:05",189.64,893.74,,,,"     ",3.60,17.77,35.04
532,444689503,"00532M04:04:03.291","00532 04:17:06",189.63,893.69,,,,"     ",3.60,17.77,35.00
532,444689504,"00532M04:04:04.264","00532 04:17:07",189.60,893.64,,,,"     ",3.60,17.77,34.97
532,444689505,"00532M04:04:05.237","00532 04:17:08",189.55,893.57,,,,"     ",3.60,17.80,35.01
532,444689506,"00532M04:04:06.210","00532 04:17:09",189.48,893.58,,,,"     ",3.60,17.80,34.97
532,444689507,"00532M04:04:07.184","00532 04:17:10",189.41,893.56,,,,"     ",3.60,17.81,34.93
532,444689508,"00532M04:04:08.157","00532 04:17:10",189.34,893.75,,,,"     ",3.60,17.78,34.84
532,444689509,"00532M04:04:09.130","00532 04:17:11",189.28,893.78,,,,"     ",3.60,17.82,34.91
532,444689510,"00532M04:04:10.103","00532 04:17:12",189.23,893.75,,,,"     ",3.60,17.86,34.94
532,444689511,"00532M04:04:11.077","00532 04:17:13",189.20,893.80,,,,"     ",3.60,17.83,34.85
532,444689512,"00532M04:04:12.050","00532 04:17:14",189.19,893.77,,,,"     ",3.60,17.84,34.84
532,444689513,"00532M04:04:13.023","00532 04:17:15",189.20,893.59,,,,"     ",3.60,17.88,34.88
532,444689514,"00532M04:04:13.996","00532 04:17:16",189.23,893.74,,,,"     ",3.60,17.88,34.84
532,444689515,"00532M04:04:14.970","00532 04:17:17",189.27,893.79,,,,"     ",3.60,17.87,34.80
532,444689516,"00532M04:04:15.943","00532 04:17:18",189.32,893.88,,,,"     ",3.60,17.87,34.76
532,444689517,"00532M04:04:16.916","00532 04:17:19",189.37,893.84,,,,"     ",3.60,17.90,34.80
532,444689518,"00532M04:04:17.889","00532 04:17:20",189.41,893.73,,,,"     ",3.60,17.88,34.72
532,444689519,"00532M04:04:18.863","00532 04:17:21",189.46,893.69,,,,"     ",3.60,17.92,34.76
532,444689520,"00532M04:04:19.836","00532 04:17:22",189.51,893.65,,,,"     ",3.60,17.93,34.74
532,444689521,"00532M04:04:20.809","00532 04:17:23",189.56,893.73,,,,"     ",3.60,17.95,34.75
532,444689522,"00532M04:04:21.782","00532 04:17:24",189.62,893.68,,,,"     ",3.60,17.95,34.72
532,444689523,"00532M04:04:22.756","00532 04:17:25",189.67,893.63,,,,"     ",3.60,17.95,34.69
532,444689524,"00532M04:04:23.729","00532 04:17:26",189.72,893.66,,,,"     ",3.60,18.10,34.94
532,444689525,"00532M04:04:24.702","00532 04:17:27",189.75,893.69,,,,"     ",3.60,17.98,34.66
532,444689526,"00532M04:04:25.675","00532 04:17:28",189.78,893.80,,,,"     ",3.60,17.96,34.61
532,444689527,"00532M04:04:26.649","00532 04:17:29",189.80,893.77,,,,"     ",3.60,17.98,34.61
532,444689528,"00532M04:04:27.622","00532 04:17:30",189.81,893.71,,,,"     ",3.60,17.97,34.56
532,444689529,"00532M04:04:28.595","00532 04:17:31",189.81,893.63,,,,"     ",3.60,17.87,34.34
532,444689530,"00532M04:04:29.568","00532 04:17:32",189.80,893.56,,,,"     ",3.60,18.01,34.57
532,444689531,"00532M04:04:30.542","00532 04:17:33",189.78,893.56,,,,"     ",3.60,17.97,34.44
532,444689532,"00532M04:04:31.515","00532 04:17:34",189.77,893.69,,,,"     ",3.60,18.02,34.51
532,444689533,"00532M04:04:32.488","00532 04:17:35",189.76,893.66,,,,"     ",3.60,18.07,34.58
532,444689534,"00532M04:04:33.461","00532 04:17:36",189.76,893.75,,,,"     ",3.60,18.02,34.45
532,444689535,"00532M04:04:34.435","00532 04:17:37",189.79,893.76,,,,"     ",3.60,18.04,34.45
532,444689536,"00532M04:04:35.408","00532 04:17:38",189.83,893.70,,,,"     ",3.60,18.05,34.42
532,444689537,"00532M04:04:36.381","00532 04:17:39",189.88,893.49,,,,"     ",3.60,18.07,34.44
532,444689538,"00532M04:04:37.354","00532 04:17:40",189.94,893.58,,,,"     ",3.60,18.06,34.40
532,444689539,"00532M04:04:38.328","00532 04:17:41",190.00,893.66,,,,"     ",3.60,18.07,34.38
532,444689540,"00532M04:04:39.301","00532 04:17:42",190.07,893.70,,,,"     ",3.60,18.06,34.34
532,444689541,"00532M04:04:40.274","00532 04:17:43",190.13,893.76,,,,"     ",3.60,18.10,34.39
532,444689542,"00532M04:04:41.247","00532 04:17:44",190.17,893.73,,,,"     ",3.60,18.09,34.34
532,444689543,"00532M04:04:42.221","00532 04:17:45",190.21,893.74,,,,"     ",3.60,18.08,34.28
532,444689544,"00532M04:04:43.194","00532 04:17:46",190.24,893.78,,,,"     ",3.60,18.11,34.31
532,444689545,"00532M04:04:44.167","00532 04:17:47",190.25,893.75,,,,"     ",3.60,18.09,34.23
532,444689546,"00532M04:04:45.140","00532 04:17:47",190.26,893.72,,,,"     ",3.60,18.13,34.27
532,444689547,"00532M04:04:46.114","00532 04:17:48",190.26,893.64,,,,"     ",3.60,18.13,34.25
532,444689548,"00532M04:04:47.087","00532 04:17:49",190.25,893.72,,,,"     ",3.60,18.11,34.19
532,444689549,"00532M04:04:48.060","00532 04:17:50",190.24,893.70,,,,"     ",3.60,18.13,34.17
532,444689550,"00532M04:04:49.033","00532 04:17:51",190.24,893.71,,,,"     ",3.60,18.15,34.18
532,444689551,"00532M04:04:50.007","00532 04:17:52",190.24,893.79,,,,"     ",3.60,18.11,34.07
532,444689552,"00532M04:04:50.980","00532 04:17:53",190.24,893.79,,,,"     ",3.60,18.17,34.17
532,444689553,"00532M04:04:51.953","00532 04:17:54",190.24,893.65,,,,"     ",3.60,18.15,34.10
532,444689554,"00532M04:04:52.926","00532 04:17:55",190.24,893.57,,,,"     ",3.60,18.17,34.11
532,444689555,"00532M04:04:53.900","00532 04:17:56",190.23,893.51,,,,"     ",3.60,18.21,34.15
532,444689556,"00532M04:04:54.873","00532 04:17:57",190.23,893.73,,,,"     ",3.60,18.22,34.13
532,444689557,"00532M04:04:55.846","00532 04:17:58",190.23,893.60,,,,"     ",3.60,18.18,34.02
532,444689558,"00532M04:04:56.819","00532 04:17:59",190.22,893.70,,,,"     ",3.60,18.23,34.10
532,444689559,"00532M04:04:57.793","00532 04:18:00",190.20,893.70,,,,"     ",3.60,18.24,34.08
532,444689560,"00532M04:04:58.766","00532 04:18:01",190.17,893.72,,,,"     ",3.60,18.23,34.03
532,444689561,"00532M04:04:59.739","00532 04:18:02",190.14,893.50,,,,"     ",3.60,18.22,33.98
532,444689562,"00532M04:05:00.712","00532 04:18:03",190.10,893.61,,,,"     ",3.60,18.25,34.00
532,444689563,"00532M04:05:01.686","00532 04:18:04",190.06,893.67,,,,"     ",3.60,18.27,34.02
532,444689564,"00532M04:05:02.659","00532 04:18:05",190.02,893.75,,,,"     ",3.60,18.21,33.88
532,444689565,"00532M04:05:03.632","00532 04:18:06",189.99,893.74,,,,"     ",3.60,18.37,34.15
532,444689566,"00532M04:05:04.605","00532 04:18:07",189.95,893.71,,,,"     ",3.60,18.27,33.92
532,444689567,"00532M04:05:05.579","00532 04:18:08",189.92,893.81,,,,"     ",3.60,18.24,33.83
532,444689568,"00532M04:05:06.552","00532 04:18:09",189.88,893.77,,,,"     ",3.60,18.26,33.85
532,444689569,"00532M04:05:07.525","00532 04:18:10",189.86,893.73,,,,"     ",3.60,18.28,33.86
532,444689570,"00532M04:05:08.498","00532 04:18:11",189.86,893.73,,,,"     ",3.60,18.15,33.60
532,444689571,"00532M04:05:09.472","00532 04:18:12",189.86,893.70,,,,"     ",3.60,18.29,33.82
532,444689572,"00532M04:05:10.445","00532 04:18:13",189.87,893.68,,,,"     ",3.60,18.32,33.84
532,444689573,"00532M04:05:11.418","00532 04:18:14",189.87,893.75,,,,"     ",3.60,18.28,33.73
532,444689574,"00532M04:05:12.392","00532 04:18:15",189.87,893.74,,,,"     ",3.60,18.31,33.75
532,444689575,"00532M04:05:13.365","00532 04:18:16",189.87,893.82,,,,"     ",3.60,18.31,33.73
532,444689576,"00532M04:05:14.338","00532 04:18:17",189.86,893.78,,,,"     ",3.60,18.33,33.75
532,444689577,"00532M04:05:15.311","00532 04:18:18",189.85,893.75,,,,"     ",3.60,18.33,33.71
532,444689578,"00532M04:05:16.285","00532 04:18:19",189.84,893.83,,,,"     ",3.60,18.37,33.75
532,444689579,"00532M04:05:17.258","00532 04:18:20",189.83,893.80,,,,"     ",3.60,18.29,33.57
532,444689580,"00532M04:05:18.231","00532 04:18:21",189.83,893.73,,,,"     ",3.60,18.30,33.56
532,444689581,"00532M04:05:19.204","00532 04:18:22",189.83,893.92,,,,"     ",3.60,18.34,33.61
532,444689582,"00532M04:05:20.178","00532 04:18:23",189.83,893.97,,,,"     ",3.60,18.35,33.61
532,444689583,"00532M04:05:21.151","00532 04:18:24",189.81,893.76,,,,"     ",3.60,18.34,33.56
532,444689584,"00532M04:05:22.124","00532 04:18:24",189.79,893.74,,,,"     ",3.60,18.36,33.57
532,444689585,"00532M04:05:23.097","00532 04:18:25",189.77,893.79,,,,"     ",3.60,18.38,33.57
532,444689586,"00532M04:05:24.071","00532 04:18:26",189.75,893.60,,,,"     ",3.60,18.52,33.78
532,444689587,"00532M04:05:25.044","00532 04:18:27",189.74,893.76,,,,"     ",3.60,18.38,33.51
532,444689588,"00532M04:05:26.017","00532 04:18:28",189.72,893.81,,,,"     ",3.60,18.37,33.46
532,444689589,"00532M04:05:26.990","00532 04:18:29",189.70,893.85,,,,"     ",3.60,18.40,33.48
532,444689590,"00532M04:05:27.964","00532 04:18:30",189.69,893.78,,,,"     ",3.60,18.37,33.40
532,444689591,"00532M04:05:28.937","00532 04:18:31",189.69,893.67,,,,"     ",3.60,18.32,33.28
532,444689592,"00532M04:05:29.910","00532 04:18:32",189.70,893.71,,,,"     ",3.60,18.44,33.47
532,444689593,"00532M04:05:30.883","00532 04:18:33",189.72,893.72,,,,"     ",3.60,18.44,33.44
532,444689594,"00532M04:05:31.857","00532 04:18:34",189.75,893.77,,,,"     ",3.60,18.43,33.41
532,444689595,"00532M04:05:32.830","00532 04:18:35",189.79,893.74,,,,"     ",3.60,18.42,33.35
532,444689596,"00532M04:05:33.803","00532 04:18:36",189.85,893.78,,,,"     ",3.60,18.47,33.42
532,444689597,"00532M04:05:34.776","00532 04:18:37",189.91,893.65,,,,"     ",3.60,18.46,33.35
532,444689598,"00532M04:05:35.750","00532 04:18:38",189.97,893.70,,,,"     ",3.60,18.45,33.32
532,444689599,"00532M04:05:36.723","00532 04:18:39",190.04,893.70,,,,"     ",3.60,18.47,33.32
532,444689600,"00532M04:05:37.696","00532 04:18:40",190.11,893.68,,,,"     ",3.60,18.51,33.36
532,444689601,"00532M04:05:38.669","00532 04:18:41",190.18,893.76,,,,"     ",3.60,18.46,33.23
532,444689602,"00532M04:05:39.643","00532 04:18:42",190.25,893.62,,,,"     ",3.60,18.45,33.19
532,444689603,"00532M04:05:40.616","00532 04:18:43",190.31,893.67,,,,"     ",3.60,18.48,33.20
532,444689604,"00532M04:05:41.589","00532 04:18:44",190.36,893.65,,,,"     ",3.60,18.49,33.21
532,444689605,"00532M04:05:42.562","00532 04:18:45",190.41,893.69,,,,"     ",3.60,18.53,33.24
532,444689606,"00532M04:05:43.536","00532 04:18:46",190.46,893.94,,,,"     ",3.60,18.47,33.11
532,444689607,"00532M04:05:44.509","00532 04:18:47",190.49,893.80,,,,"     ",3.60,18.70,33.46
532,444689608,"00532M04:05:45.482","00532 04:18:48",190.51,893.74,,,,"     ",3.60,18.51,33.11
532,444689609,"00532M04:05:46.455","00532 04:18:49",190.52,893.83,,,,"     ",3.60,18.53,33.13
532,444689610,"00532M04:05:47.429","00532 04:18:50",190.52,893.89,,,,"     ",3.60,18.54,33.10
532,444689611,"00532M04:05:48.402","00532 04:18:51",190.53,893.68,,,,"     ",3.60,18.53,33.04
532,444689612,"00532M04:05:49.375","00532 04:18:52",190.54,893.80,,,,"     ",3.60,18.44,32.85
532,444689613,"00532M04:05:50.348","00532 04:18:53",190.55,893.80,,,,"     ",3.60,18.56,33.05
532,444689614,"00532M04:05:51.322","00532 04:18:54",190.55,893.83,,,,"     ",3.60,18.58,33.04
532,444689615,"00532M04:05:52.295","00532 04:18:55",190.56,893.76,,,,"     ",3.60,18.57,32.99
532,444689616,"00532M04:05:53.268","00532 04:18:56",190.56,893.81,,,,"     ",3.60,18.59,32.99
532,444689617,"00532M04:05:54.241","00532 04:18:57",190.57,893.88,,,,"     ",3.60,18.54,32.87
532,444689618,"00532M04:05:55.215","00532 04:18:58",190.57,893.77,,,,"     ",3.60,18.59,32.93
532,444689619,"00532M04:05:56.188","00532 04:18:59",190.56,893.76,,,,"     ",3.60,18.59,32.90
532,444689620,"00532M04:05:57.161","00532 04:19:00",190.56,893.69,,,,"     ",3.60,18.64,32.95
532,444689621,"00532M04:05:58.134","00532 04:19:00",190.55,893.70,,,,"     ",3.60,18.59,32.82
532,444689622,"00532M04:05:59.108","00532 04:19:01",190.54,893.74,,,,"     ",3.60,18.65,32.92
532,444689623,"00532M04:06:00.081","00532 04:19:02",190.53,893.71,,,,"     ",3.60,18.62,32.83
532,444689624,"00532M04:06:01.054","00532 04:19:03",190.52,893.74,,,,"     ",3.60,18.65,32.85
532,444689625,"00532M04:06:02.027","00532 04:19:04",190.51,893.63,,,,"     ",3.60,18.65,32.81
532,444689626,"00532M04:06:03.001","00532 04:19:05",190.49,893.73,,,,"     ",3.60,18.69,32.86
532,444693008,"00532M05:00:54.544","00532 05:13:57",188.09,891.10,,,,"     ",3.60,,
532,444693009,"00532M05:00:55.517","00532 05:13:58",188.16,891.12,,,,"     ",3.60,12.48,43.00
532,444693010,"00532M05:00:56.490","00532 05:13:59",188.22,891.05,,,,"     ",3.60,12.51,42.97
532,444693011,"00532M05:00:57.464","00532 05:14:00",188.10,891.00,,,,"     ",3.60,12.53,42.89
532,444693012,"00532M05:00:58.437","00532 05:14:01",188.15,891.05,,,,"     ",3.60,12.56,42.85
532,444693013,"00532M05:00:59.410","00532 05:14:02",188.21,891.05,,,,"     ",3.60,12.57,42.74
532,444693014,"00532M05:01:00.383","00532 05:14:03",188.27,891.04,,,,"     ",3.60,12.57,42.60
532,444693015,"00532M05:01:01.357","00532 05:14:04",188.32,891.04,,,,"     ",3.60,12.58,42.49
532,444693016,"00532M05:01:02.330","00532 05:14:05",188.36,890.90,,,,"     ",3.60,12.60,42.44
532,444693017,"00532M05:01:03.303","00532 05:14:06",188.40,891.09,,,,"     ",3.60,12.62,42.36
532,444693018,"00532M05:01:04.277","00532 05:14:07",188.43,891.09,,,,"     ",3.60,12.63,42.28
532,444693019,"00532M05:01:05.250","00532 05:14:08",188.46,891.07,,,,"     ",3.60,12.65,42.21
532,444693020,"00532M05:01:06.223","00532 05:14:09",188.48,891.06,,,,"     ",3.60,12.66,42.11
532,444693021,"00532M05:01:07.196","00532 05:14:10",188.50,890.97,,,,"     ",3.60,12.68,42.04
532,444693022,"00532M05:01:08.170","00532 05:14:11",188.51,891.10,,,,"     ",3.60,12.69,41.95
532,444693023,"00532M05:01:09.143","00532 05:14:12",188.52,891.15,,,,"     ",3.60,12.72,41.96
532,444693024,"00532M05:01:10.116","00532 05:14:13",188.51,891.27,,,,"     ",3.60,12.73,41.86
532,444693025,"00532M05:01:11.089","00532 05:14:14",188.49,891.08,,,,"     ",3.60,12.75,41.81
532,444693026,"00532M05:01:12.063","00532 05:14:15",188.46,891.01,,,,"     ",3.60,12.74,41.65
532,444693027,"00532M05:01:13.036","00532 05:14:16",188.42,891.07,,,,"     ",3.60,12.73,41.52
532,444693028,"00532M05:01:14.009","00532 05:14:17",188.40,891.04,,,,"     ",3.60,12.81,41.66
532,444693029,"00532M05:01:14.982","00532 05:14:18",188.41,891.04,,,,"     ",3.60,12.79,41.48
532,444693030,"00532M05:01:15.956","00532 05:14:19",188.43,890.98,,,,"     ",3.60,12.88,41.68
532,444693031,"00532M05:01:16.929","00532 05:14:20",188.48,890.89,,,,"     ",3.60,12.79,41.28
532,444693032,"00532M05:01:17.902","00532 05:14:21",188.55,890.96,,,,"     ",3.60,12.78,41.15
532,444693033,"00532M05:01:18.875","00532 05:14:22",188.64,891.01,,,,"     ",3.60,12.81,41.14
532,444693034,"00532M05:01:19.849","00532 05:14:23",188.74,890.97,,,,"     ",3.60,12.86,41.23
532,444693035,"00532M05:01:20.822","00532 05:14:24",188.85,891.08,,,,"     ",3.60,12.86,41.13
532,444693036,"00532M05:01:21.795","00532 05:14:25",188.95,891.10,,,,"     ",3.60,12.87,41.05
532,444693037,"00532M05:01:22.768","00532 05:14:26",189.05,891.12,,,,"     ",3.60,12.88,41.01
532,444693038,"00532M05:01:23.742","00532 05:14:26",189.13,891.08,,,,"     ",3.60,12.89,40.94
532,444693039,"00532M05:01:24.715","00532 05:14:27",189.19,891.00,,,,"     ",3.60,12.89,40.84
532,444693040,"00532M05:01:25.688","00532 05:14:28",189.22,890.98,,,,"     ",3.60,12.92,40.85
532,444693041,"00532M05:01:26.661","00532 05:14:29",189.22,891.08,,,,"     ",3.60,13.00,40.99
532,444693042,"00532M05:01:27.635","00532 05:14:30",188.98,891.00,,,,"     ",3.60,12.93,40.68
532,444693043,"00532M05:01:28.608","00532 05:14:31",188.96,891.08,,,,"     ",3.60,12.93,40.60
532,444693044,"00532M05:01:29.581","00532 05:14:32",188.94,891.02,,,,"     ",3.60,12.92,40.48
532,444693045,"00532M05:01:30.554","00532 05:14:33",188.93,891.03,,,,"     ",3.60,12.97,40.58
532,444693046,"00532M05:01:31.528","00532 05:14:34",188.94,891.10,,,,"     ",3.60,12.96,40.45
532,444693047,"00532M05:01:32.501","00532 05:14:35",188.95,891.07,,,,"     ",3.60,12.96,40.36
532,444693048,"00532M05:01:33.474","00532 05:14:36",188.96,891.24,,,,"     ",3.60,12.99,40.42
532,444693049,"00532M05:01:34.447","00532 05:14:37",188.97,891.06,,,,"     ",3.60,12.97,40.25
532,444693050,"00532M05:01:35.421","00532 05:14:38",189.12,891.10,,,,"     ",3.60,13.00,40.26
532,444693051,"00532M05:01:36.394","00532 05:14:39",189.08,891.08,,,,"     ",3.60,13.01,40.21
532,444693052,"00532M05:01:37.367","00532 05:14:40",189.03,890.97,,,,"     ",3.60,13.03,40.21
532,444693053,"00532M05:01:38.340","00532 05:14:41",188.99,890.98,,,,"     ",3.60,13.03,40.13
532,444693054,"00532M05:01:39.314","00532 05:14:42",188.96,890.99,,,,"     ",3.60,13.03,40.04
532,444693055,"00532M05:01:40.287","00532 05:14:43",188.93,890.98,,,,"     ",3.60,13.03,39.99
532,444693056,"00532M05:01:41.260","00532 05:14:44",188.92,890.93,,,,"     ",3.60,13.05,39.95
532,444693057,"00532M05:01:42.233","00532 05:14:45",188.91,891.02,,,,"     ",3.60,13.04,39.86
532,444693058,"00532M05:01:43.207","00532 05:14:46",188.92,890.93,,,,"     ",3.60,13.17,40.19
532,444693059,"00532M05:01:44.180","00532 05:14:47",188.93,890.95,,,,"     ",3.60,13.06,39.77
532,444693060,"00532M05:01:45.153","00532 05:14:48",188.95,890.97,,,,"     ",3.60,13.07,39.73
532,444693061,"00532M05:01:46.126","00532 05:14:49",188.97,890.96,,,,"     ",3.60,13.06,39.64
532,444693062,"00532M05:01:47.100","00532 05:14:50",188.99,891.05,,,,"     ",3.60,13.05,39.54
532,444693063,"00532M05:01:48.073","00532 05:14:51",189.02,891.03,,,,"     ",3.60,13.10,39.61
532,444693064,"00532M05:01:49.046","00532 05:14:52",189.04,890.99,,,,"     ",3.60,13.01,39.31
532,444693065,"00532M05:01:50.019","00532 05:14:53",189.07,890.95,,,,"     ",3.60,13.09,39.45
532,444693066,"00532M05:01:50.993","00532 05:14:54",189.09,890.96,,,,"     ",3.60,13.13,39.50
532,444693067,"00532M05:01:51.966","00532 05:14:55",189.11,891.12,,,,"     ",3.60,13.14,39.47
532,444693068,"00532M05:01:52.939","00532 05:14:56",189.13,891.01,,,,"     ",3.60,13.12,39.35
532,444693069,"00532M05:01:53.912","00532 05:14:57",189.14,891.07,,,,"     ",3.60,13.11,39.27
532,444693070,"00532M05:01:54.886","00532 05:14:58",189.15,891.12,,,,"     ",3.60,13.13,39.27
532,444693071,"00532M05:01:55.859","00532 05:14:59",189.17,891.08,,,,"     ",3.60,13.14,39.24
532,444693072,"00532M05:01:56.832","00532 05:15:00",189.18,891.00,,,,"     ",3.60,13.16,39.22
532,444693073,"00532M05:01:57.805","00532 05:15:01",189.04,891.02,,,,"     ",3.60,13.14,39.11
532,444693074,"00532M05:01:58.779","00532 05:15:02",189.05,890.97,,,,"     ",3.60,13.16,39.10
532,444693075,"00532M05:01:59.752","00532 05:15:02",189.06,890.99,,,,"     ",3.60,13.15,39.03
532,444693076,"00532M05:02:00.725","00532 05:15:03",189.07,890.96,,,,"     ",3.60,13.16,39.01
532,444693077,"00532M05:02:01.698","00532 05:15:04",189.21,890.95,,,,"     ",3.60,13.19,39.04
532,444693078,"00532M05:02:02.672","00532 05:15:05",189.18,890.91,,,,"     ",3.60,13.19,38.98
532,444693079,"00532M05:02:03.645","00532 05:15:06",189.14,890.87,,,,"     ",3.60,13.19,38.91
532,444693080,"00532M05:02:04.618","00532 05:15:07",189.10,890.71,,,,"     ",3.60,13.20,38.90
532,444693081,"00532M05:02:05.591","00532 05:15:08",189.06,890.71,,,,"     ",3.60,13.03,38.30
532,444693082,"00532M05:02:06.565","00532 05:15:09",189.02,890.92,,,,"     ",3.60,13.21,38.83
532,444693083,"00532M05:02:07.538","00532 05:15:10",188.99,890.92,,,,"     ",3.60,13.20,38.75
532,444693084,"00532M05:02:08.511","00532 05:15:11",188.97,890.92,,,,"     ",3.60,13.20,38.70
532,444693085,"00532M05:02:09.484","00532 05:15:12",188.97,890.96,,,,"     ",3.60,13.24,38.76
532,444693086,"00532M05:02:10.458","00532 05:15:13",188.97,890.97,,,,"     ",3.60,13.21,38.62
532,444693087,"00532M05:02:11.431","00532 05:15:14",188.98,890.85,,,,"     ",3.60,13.28,38.77
532,444693088,"00532M05:02:12.404","00532 05:15:15",189.10,890.86,,,,"     ",3.60,13.20,38.48
532,444693089,"00532M05:02:13.378","00532 05:15:16",189.11,891.03,,,,"     ",3.60,13.25,38.59
532,444693090,"00532M05:02:14.351","00532 05:15:17",189.13,891.04,,,,"     ",3.60,13.21,38.43
532,444693091,"00532M05:02:15.324","00532 05:15:18",189.02,891.01,,,,"     ",3.60,13.24,38.47
532,444693092,"00532M05:02:16.297","00532 05:15:19",189.02,891.05,,,,"     ",3.60,13.27,38.52
532,444693093,"00532M05:02:17.271","00532 05:15:20",189.01,890.92,,,,"     ",3.60,13.34,38.68
532,444693094,"00532M05:02:18.244","00532 05:15:21",188.98,890.96,,,,"     ",3.60,13.25,38.35
532,444693095,"00532M05:02:19.217","00532 05:15:22",188.94,891.02,,,,"     ",3.60,13.28,38.39
532,444693096,"00532M05:02:20.190","00532 05:15:23",188.92,891.03,,,,"     ",3.60,13.26,38.27
532,444693097,"00532M05:02:21.164","00532 05:15:24",188.84,891.00,,,,"     ",3.60,13.27,38.26
532,444693098,"00532M05:02:22.137","00532 05:15:25",188.73,890.93,,,,"     ",3.60,13.30,38.30
532,444693099,"00532M05:02:23.110","00532 05:15:26",188.67,890.96,,,,"     ",3.60,13.29,38.23
532,444693100,"00532M05:02:24.083","00532 05:15:27",188.63,890.84,,,,"     ",3.60,13.33,38.29
532,444693101,"00532M05:02:25.057","00532 05:15:28",188.61,890.91,,,,"     ",3.60,13.22,37.95
532,444693102,"00532M05:02:26.030","00532 05:15:29",188.60,890.98,,,,"     ",3.60,13.30,38.11
532,444693103,"00532M05:02:27.003","00532 05:15:30",188.60,890.92,,,,"     ",3.60,13.31,38.10
532,444693104,"00532M05:02:27.976","00532 05:15:31",188.59,890.88,,,,"     ",3.60,13.31,38.04
532,444693105,"00532M05:02:28.950","00532 05:15:32",188.57,890.91,,,,"     ",3.60,13.32,38.04
532,444693106,"00532M05:02:29.923","00532 05:15:33",188.55,890.93,,,,"     ",3.60,13.33,38.03
532,444693107,"00532M05:02:30.896","00532 05:15:34",188.52,890.78,,,,"     ",3.60,13.35,38.03
532,444693108,"00532M05:02:31.869","00532 05:15:35",188.49,890.91,,,,"     ",3.60,13.33,37.94
532,444693109,"00532M05:02:32.843","00532 05:15:36",188.47,890.97,,,,"     ",3.60,13.37,38.02
532,444693110,"00532M05:02:33.816","00532 05:15:37",188.46,890.93,,,,"     ",3.60,13.36,37.95
532,444693111,"00532M05:02:34.789","00532 05:15:38",188.46,890.89,,,,"     ",3.60,13.33,37.79
532,444693112,"00532M05:02:35.762","00532 05:15:39",188.47,890.91,,,,"     ",3.60,13.34,37.81
532,444693113,"00532M05:02:36.736","00532 05:15:39",188.48,890.94,,,,"     ",3.60,13.36,37.83
532,444693114,"00532M05:02:37.709","00532 05:15:40",188.50,891.00,,,,"     ",3.60,13.33,37.70
532,444693115,"00532M05:02:38.682","00532 05:15:41",188.51,890.90,,,,"     ",3.60,13.38,37.79
532,444693116,"00532M05:02:39.655","00532 05:15:42",188.52,890.97,,,,"     ",3.60,13.35,37.66
532,444693117,"00532M05:02:40.629","00532 05:15:43",188.53,891.08,,,,"     ",3.60,13.39,37.74
532,444693118,"00532M05:02:41.602","00532 05:15:44",188.53,890.92,,,,"     ",3.60,13.38,37.66
532,444693119,"00532M05:02:42.575","00532 05:15:45",188.53,890.90,,,,"     ",3.60,13.39,37.66
532,444693120,"00532M05:02:43.548","00532 05:15:46",188.51,890.91,,,,"     ",3.60,13.40,37.64
532,444693121,"00532M05:02:44.522","00532 05:15:47",188.50,890.99,,,,"     ",3.60,13.40,37.58
532,444693122,"00532M05:02:45.495","00532 05:15:48",188.48,891.12,,,,"     ",3.60,13.40,37.56
532,444693123,"00532M05:02:46.468","00532 05:15:49",188.46,891.07,,,,"     ",3.60,13.37,37.44
532,444693124,"00532M05:02:47.441","00532 05:15:50",188.46,890.93,,,,"     ",3.60,13.41,37.49
532,444693125,"00532M05:02:48.415","00532 05:15:51",188.47,890.88,,,,"     ",3.60,13.38,37.37
532,444693126,"00532M05:02:49.388","00532 05:15:52",188.50,890.98,,,,"     ",3.60,13.40,37.41
532,444693127,"00532M05:02:50.361","00532 05:15:53",188.66,890.97,,,,"     ",3.60,13.51,37.64
532,444693128,"00532M05:02:51.334","00532 05:15:54",188.72,890.88,,,,"     ",3.60,13.41,37.35
532,444693129,"00532M05:02:52.308","00532 05:15:55",188.78,890.94,,,,"     ",3.60,13.41,37.32
532,444693130,"00532M05:02:53.281","00532 05:15:56",188.82,890.88,,,,"     ",3.60,13.43,37.33
532,444693131,"00532M05:02:54.254","00532 05:15:57",188.85,891.01,,,,"     ",3.60,13.43,37.29
532,444693132,"00532M05:02:55.227","00532 05:15:58",188.87,891.02,,,,"     ",3.60,13.43,37.25
532,444693133,"00532M05:02:56.201","00532 05:15:59",188.87,890.98,,,,"     ",3.60,13.39,37.11
532,444693134,"00532M05:02:57.174","00532 05:16:00",188.86,890.93,,,,"     ",3.60,13.42,37.13
532,444693135,"00532M05:02:58.147","00532 05:16:01",188.79,890.98,,,,"     ",3.60,13.31,36.83
532,444693136,"00532M05:02:59.120","00532 05:16:02",188.82,890.89,,,,"     ",3.60,13.45,37.15
532,444693137,"00532M05:03:00.094","00532 05:16:03",188.85,890.91,,,,"     ",3.60,13.42,37.03
532,444693138,"00532M05:03:01.067","00532 05:16:04",188.90,890.93,,,,"     ",3.60,13.45,37.08
532,444693139,"00532M05:03:02.040","00532 05:16:05",188.84,890.93,,,,"     ",3.60,13.46,37.06
532,444693140,"00532M05:03:03.013","00532 05:16:06",188.85,890.90,,,,"     ",3.60,13.45,37.00
532,444693141,"00532M05:03:03.987","00532 05:16:07",188.85,890.89,,,,"     ",3.60,13.47,37.02
532,444693142,"00532M05:03:04.960","00532 05:16:08",188.86,890.87,,,,"     ",3.60,13.48,37.00
532,444693143,"00532M05:03:05.933","00532 05:16:09",188.86,891.03,,,,"     ",3.60,13.46,36.91
532,444693144,"00532M05:03:06.906","00532 05:16:10",188.86,890.92,,,,"     ",3.60,13.47,36.89
532,444693145,"00532M05:03:07.880","00532 05:16:11",188.87,890.94,,,,"     ",3.60,13.49,36.91
532,444693146,"00532M05:03:08.853","00532 05:16:12",188.89,890.96,,,,"     ",3.60,13.46,36.81
532,444693147,"00532M05:03:09.826","00532 05:16:13",188.91,890.95,,,,"     ",3.60,13.47,36.80
532,444693148,"00532M05:03:10.799","00532 05:16:14",188.95,890.94,,,,"     ",3.60,13.54,36.95
532,444693149,"00532M05:03:11.773","00532 05:16:15",188.99,890.89,,,,"     ",3.60,13.50,36.81
532,444693150,"00532M05:03:12.746","00532 05:16:15",189.02,890.92,,,,"     ",3.60,13.51,36.80
532,444693151,"00532M05:03:13.719","00532 05:16:16",189.06,890.87,,,,"     ",3.60,13.51,36.77
532,444693152,"00532M05:03:14.692","00532 05:16:17",189.10,890.86,,,,"     ",3.60,13.51,36.70
532,444693153,"00532M05:03:15.666","00532 05:16:18",189.15,890.92,,,,"     ",3.60,13.52,36.72
532,444693154,"00532M05:03:16.639","00532 05:16:19",189.19,890.92,,,,"     ",3.60,13.53,36.71
532,444693155,"00532M05:03:17.612","00532 05:16:20",189.22,890.92,,,,"     ",3.60,13.52,36.65
532,444693156,"00532M05:03:18.585","00532 05:16:21",189.25,890.92,,,,"     ",3.60,13.50,36.53
532,444693157,"00532M05:03:19.559","00532 05:16:22",189.27,890.92,,,,"     ",3.60,13.52,36.58
532,444693158,"00532M05:03:20.532","00532 05:16:23",189.28,890.87,,,,"     ",3.60,13.52,36.54
532,444693159,"00532M05:03:21.505","00532 05:16:24",189.28,890.92,,,,"     ",3.60,13.51,36.46
532,444693160,"00532M05:03:22.478","00532 05:16:25",189.27,890.95,,,,"     ",3.60,13.53,36.49
532,444693161,"00532M05:03:23.452","00532 05:16:26",189.26,891.00,,,,"     ",3.60,13.51,36.41
532,444693162,"00532M05:03:24.425","00532 05:16:27",189.24,890.91,,,,"     ",3.60,13.53,36.42
532,444693163,"00532M05:03:25.398","00532 05:16:28",189.19,890.93,,,,"     ",3.60,13.55,36.44
532,444693164,"00532M05:03:26.372","00532 05:16:29",189.21,891.07,,,,"     ",3.60,13.52,36.34
532,444693165,"00532M05:03:27.345","00532 05:16:30",189.18,890.92,,,,"     ",3.60,13.54,36.35
532,444693166,"00532M05:03:28.318","00532 05:16:31",189.16,890.99,,,,"     ",3.60,13.53,36.28
532,444693167,"00532M05:03:29.291","00532 05:16:32",189.12,891.01,,,,"     ",3.60,13.53,36.26
532,444693168,"00532M05:03:30.265","00532 05:16:33",189.07,891.00,,,,"     ",3.60,13.54,36.24
532,444693169,"00532M05:03:31.238","00532 05:16:34",189.02,891.00,,,,"     ",3.60,13.67,36.55
532,444693170,"00532M05:03:32.211","00532 05:16:35",188.98,890.90,,,,"     ",3.60,13.56,36.23
532,444693171,"00532M05:03:33.184","00532 05:16:36",188.79,890.90,,,,"     ",3.60,13.56,36.20
532,444693172,"00532M05:03:34.158","00532 05:16:37",188.77,890.88,,,,"     ",3.60,13.58,36.20
532,444693173,"00532M05:03:35.131","00532 05:16:38",188.77,890.92,,,,"     ",3.60,13.59,36.22
532,444693174,"00532M05:03:36.104","00532 05:16:39",188.79,890.96,,,,"     ",3.60,13.55,36.07
532,444693175,"00532M05:03:37.077","00532 05:16:40",188.83,890.93,,,,"     ",3.60,13.57,36.10
532,444693176,"00532M05:03:38.051","00532 05:16:41",188.89,890.86,,,,"     ",3.60,13.55,35.99
532,444693177,"00532M05:03:39.024","00532 05:16:42",188.95,890.89,,,,"     ",3.60,13.54,35.93
532,444693178,"00532M05:03:39.997","00532 05:16:43",189.04,890.91,,,,"     ",3.60,13.54,35.89
532,444693179,"00532M05:03:40.970","00532 05:16:44",189.13,890.95,,,,"     ",3.60,13.50,35.75
532,444693180,"00532M05:03:41.944","00532 05:16:45",189.20,890.97,,,,"     ",3.60,13.51,35.75
532,444693181,"00532M05:03:42.917","00532 05:16:46",189.08,890.79,,,,"     ",3.60,13.52,35.74
532,444693182,"00532M05:03:43.890","00532 05:16:47",189.10,890.78,,,,"     ",3.60,13.54,35.76
532,444693183,"00532M05:03:44.863","00532 05:16:48",189.11,890.82,,,,"     ",3.60,13.55,35.75
532,444693184,"00532M05:03:45.837","00532 05:16:49",189.10,890.86,,,,"     ",3.60,13.57,35.77
532,444693185,"00532M05:03:46.810","00532 05:16:50",189.07,890.86,,,,"     ",3.60,13.57,35.75
532,444693186,"00532M05:03:47.783","00532 05:16:51",189.02,891.11,,,,"     ",3.60,13.59,35.77
532,444693187,"00532M05:03:48.756","00532 05:16:52",188.96,890.96,,,,"     ",3.60,13.57,35.69
532,444693188,"00532M05:03:49.730","00532 05:16:52",189.10,890.89,,,,"     ",3.60,13.59,35.72
532,444693189,"00532M05:03:50.703","00532 05:16:53",189.04,890.86,,,,"     ",3.60,13.64,35.79
532,444693190,"00532M05:03:51.676","00532 05:16:54",188.93,890.92,,,,"     ",3.60,13.61,35.69
532,444693191,"00532M05:03:52.649","00532 05:16:55",188.82,890.80,,,,"     ",3.60,13.63,35.70
532,444693192,"00532M05:03:53.623","00532 05:16:56",188.70,890.73,,,,"     ",3.60,13.59,35.55
532,444693193,"00532M05:03:54.596","00532 05:16:57",188.58,890.88,,,,"     ",3.60,13.60,35.54
532,444693194,"00532M05:03:55.569","00532 05:16:58",188.46,890.86,,,,"     ",3.60,13.59,35.50
532,444693195,"00532M05:03:56.542","00532 05:16:59",188.34,890.92,,,,"     ",3.60,13.62,35.56
532,444693196,"00532M05:03:57.516","00532 05:17:00",188.22,890.92,,,,"     ",3.60,13.63,35.55
532,444693197,"00532M05:03:58.489","00532 05:17:01",188.13,890.83,,,,"     ",3.60,13.65,35.57
532,444693198,"00532M05:03:59.462","00532 05:17:02",188.06,890.87,,,,"     ",3.60,13.61,35.41
532,444693199,"00532M05:04:00.435","00532 05:17:03",188.01,890.81,,,,"     ",3.60,13.62,35.40
532,444693200,"00532M05:04:01.409","00532 05:17:04",187.99,890.87,,,,"     ",3.60,13.64,35.43
532,444693201,"00532M05:04:02.382","00532 05:17:05",187.99,890.89,,,,"     ",3.60,13.63,35.36
532,444693202,"00532M05:04:03.355","00532 05:17:06",188.01,890.96,,,,"     ",3.60,13.64,35.38
532,444693203,"00532M05:04:04.328","00532 05:17:07",188.04,890.87,,,,"     ",3.60,13.66,35.38
532,444693204,"00532M05:04:05.302","00532 05:17:08",188.08,890.85,,,,"     ",3.60,13.66,35.36
532,444693205,"00532M05:04:06.275","00532 05:17:09",188.12,890.93,,,,"     ",3.60,13.67,35.36
532,444693206,"00532M05:04:07.248","00532 05:17:10",188.16,890.77,,,,"     ",3.60,13.68,35.34
532,444693207,"00532M05:04:08.221","00532 05:17:11",188.19,890.80,,,,"     ",3.60,13.66,35.24
532,444693208,"00532M05:04:09.195","00532 05:17:12",188.20,890.81,,,,"     ",3.60,13.61,35.10
532,444693209,"00532M05:04:10.168","00532 05:17:13",188.20,890.87,,,,"     ",3.60,13.69,35.27
532,444693210,"00532M05:04:11.141","00532 05:17:14",188.20,890.96,,,,"     ",3.60,13.64,35.10
532,444693211,"00532M05:04:12.114","00532 05:17:15",188.18,890.96,,,,"     ",3.60,13.53,34.81
532,444693212,"00532M05:04:13.088","00532 05:17:16",188.16,891.16,,,,"     ",3.60,13.67,35.12
532,444693213,"00532M05:04:14.061","00532 05:17:17",188.14,891.14,,,,"     ",3.60,13.76,35.34
532,444693214,"00532M05:04:15.034","00532 05:17:18",188.12,890.86,,,,"     ",3.60,13.69,35.11
532,444693215,"00532M05:04:16.007","00532 05:17:19",188.10,890.91,,,,"     ",3.60,13.68,35.04
532,444693216,"00532M05:04:16.981","00532 05:17:20",188.08,890.88,,,,"     ",3.60,13.70,35.08
532,444693217,"00532M05:04:17.954","00532 05:17:21",188.06,890.82,,,,"     ",3.60,13.68,34.96
532,444693218,"00532M05:04:18.927","00532 05:17:22",188.05,890.86,,,,"     ",3.60,13.71,35.02
532,444693219,"00532M05:04:19.900","00532 05:17:23",188.03,890.93,,,,"     ",3.60,13.69,34.95
532,444693220,"00532M05:04:20.874","00532 05:17:24",188.01,890.83,,,,"     ",3.60,13.71,34.95
532,444693221,"00532M05:04:21.847","00532 05:17:25",187.99,890.94,,,,"     ",3.60,13.71,34.93
532,444693222,"00532M05:04:22.820","00532 05:17:26",187.97,890.98,,,,"     ",3.60,13.70,34.87
532,444693223,"00532M05:04:23.793","00532 05:17:27",187.96,890.94,,,,"     ",3.60,13.71,34.85
532,444693224,"00532M05:04:24.767","00532 05:17:28",187.95,890.88,,,,"     ",3.60,13.69,34.77
532,444693225,"00532M05:04:25.740","00532 05:17:28",187.94,890.87,,,,"     ",3.60,13.73,34.85
532,444693226,"00532M05:04:26.713","00532 05:17:29",187.93,890.86,,,,"     ",3.60,13.70,34.72
532,444693227,"00532M05:04:27.686","00532 05:17:30",187.93,890.95,,,,"     ",3.60,13.71,34.73
532,444693228,"00532M05:04:28.660","00532 05:17:31",187.92,890.90,,,,"     ",3.60,13.72,34.72
532,444693229,"00532M05:04:29.633","00532 05:17:32",187.90,890.90,,,,"     ",3.60,13.70,34.64
532,444693230,"00532M05:04:30.606","00532 05:17:33",187.87,890.78,,,,"     ",3.60,13.71,34.62
532,444693231,"00532M05:04:31.579","00532 05:17:34",187.84,890.97,,,,"     ",3.60,13.71,34.61
532,444693232,"00532M05:04:32.553","00532 05:17:35",187.80,890.87,,,,"     ",3.60,13.73,34.61
532,444693233,"00532M05:04:33.526","00532 05:17:36",187.76,890.91,,,,"     ",3.60,13.71,34.53
532,444693234,"00532M05:04:34.499","00532 05:17:37",187.73,890.94,,,,"     ",3.60,13.71,34.50
532,444693235,"00532M05:04:35.473","00532 05:17:38",187.72,891.01,,,,"     ",3.60,13.70,34.45
532,444693236,"00532M05:04:36.446","00532 05:17:39",187.71,890.90,,,,"     ",3.60,13.82,34.72
532,444693237,"00532M05:04:37.419","00532 05:17:40",187.73,890.92,,,,"     ",3.60,13.73,34.46
532,444693238,"00532M05:04:38.392","00532 05:17:41",187.75,890.84,,,,"     ",3.60,13.74,34.47
532,444693239,"00532M05:04:39.366","00532 05:17:42",187.79,890.88,,,,"     ",3.60,13.77,34.49
532,444693240,"00532M05:04:40.339","00532 05:17:43",187.84,890.93,,,,"     ",3.60,13.75,34.43
532,444693241,"00532M05:04:41.312","00532 05:17:44",187.89,890.88,,,,"     ",3.60,13.75,34.40
532,444693242,"00532M05:04:42.285","00532 05:17:45",187.94,890.89,,,,"     ",3.60,13.75,34.35
532,444693243,"00532M05:04:43.259","00532 05:17:46",187.98,890.93,,,,"     ",3.60,13.79,34.41
532,444693244,"00532M05:04:44.232","00532 05:17:47",188.00,890.87,,,,"     ",3.60,13.79,34.39
532,444693245,"00532M05:04:45.205","00532 05:17:48",188.01,890.89,,,,"     ",3.60,13.90,34.63
532,444693246,"00532M05:04:46.178","00532 05:17:49",188.01,890.76,,,,"     ",3.60,13.78,34.29
532,444693247,"00532M05:04:47.152","00532 05:17:50",188.00,890.73,,,,"     ",3.60,13.75,34.20
532,444693248,"00532M05:04:48.125","00532 05:17:51",187.98,890.72,,,,"     ",3.60,13.80,34.27
532,444693249,"00532M05:04:49.098","00532 05:17:52",187.95,890.77,,,,"     ",3.60,13.79,34.24
532,444693250,"00532M05:04:50.071","00532 05:17:53",187.92,890.83,,,,"     ",3.60,13.77,34.15
532,444693251,"00532M05:04:51.045","00532 05:17:54",187.88,890.82,,,,"     ",3.60,13.78,34.14
532,444693252,"00532M05:04:52.018","00532 05:17:55",187.84,890.82,,,,"     ",3.60,13.80,34.15
532,444693253,"00532M05:04:52.991","00532 05:17:56",187.80,890.81,,,,"     ",3.60,13.77,34.04
532,444693254,"00532M05:04:53.964","00532 05:17:57",187.76,891.11,,,,"     ",3.60,13.78,34.06
532,444693255,"00532M05:04:54.938","00532 05:17:58",187.73,891.03,,,,"     ",3.60,13.81,34.10
532,444693256,"00532M05:04:55.911","00532 05:17:59",187.70,890.93,,,,"     ",3.60,13.82,34.10
532,444693257,"00532M05:04:56.884","00532 05:18:00",187.67,890.93,,,,"     ",3.60,13.82,34.08
532,444693258,"00532M05:04:57.857","00532 05:18:01",187.64,890.98,,,,"     ",3.60,13.78,33.94
532,444693259,"00532M05:04:58.831","00532 05:18:02",187.62,890.71,,,,"     ",3.60,13.82,34.00
532,444693260,"00532M05:04:59.804","00532 05:18:03",187.61,890.78,,,,"     ",3.60,13.82,33.97
532,444693261,"00532M05:05:00.777","00532 05:18:04",187.61,890.85,,,,"     ",3.60,13.84,33.98
532,444693262,"00532M05:05:01.750","00532 05:18:05",187.63,890.83,,,,"     ",3.60,13.84,33.95
532,444693263,"00532M05:05:02.724","00532 05:18:05",187.65,890.82,,,,"     ",3.60,13.82,33.88
532,444693264,"00532M05:05:03.697","00532 05:18:06",187.70,890.82,,,,"     ",3.60,13.84,33.89
532,444693265,"00532M05:05:04.670","00532 05:18:07",187.75,890.90,,,,"     ",3.60,13.94,34.11
532,444693266,"00532M05:05:05.643","00532 05:18:08",187.80,890.90,,,,"     ",3.60,13.83,33.81
532,444693267,"00532M05:05:06.617","00532 05:18:09",187.85,890.92,,,,"     ",3.60,13.84,33.81
532,444693268,"00532M05:05:07.590","00532 05:18:10",187.89,890.86,,,,"     ",3.60,13.84,33.77
532,444693269,"00532M05:05:08.563","00532 05:18:11",187.92,890.80,,,,"     ",3.60,13.85,33.77
532,444693270,"00532M05:05:09.536","00532 05:18:12",187.94,890.85,,,,"     ",3.60,13.73,33.46
532,444693271,"00532M05:05:10.510","00532 05:18:13",187.94,890.86,,,,"     ",3.60,13.85,33.71
532,444693272,"00532M05:05:11.483","00532 05:18:14",187.93,890.91,,,,"     ",3.60,13.84,33.67
532,444693273,"00532M05:05:12.456","00532 05:18:15",187.91,890.87,,,,"     ",3.60,13.87,33.71
532,444693274,"00532M05:05:13.429","00532 05:18:16",187.88,890.85,,,,"     ",3.60,13.86,33.64
532,444693275,"00532M05:05:14.403","00532 05:18:17",187.84,890.82,,,,"     ",3.60,13.86,33.62
532,444693276,"00532M05:05:15.376","00532 05:18:18",187.80,890.74,,,,"     ",3.60,13.87,33.62
532,444693277,"00532M05:05:16.349","00532 05:18:19",187.78,890.91,,,,"     ",3.60,13.86,33.56
532,444693278,"00532M05:05:17.322","00532 05:18:20",187.76,890.83,,,,"     ",3.60,13.87,33.56
532,444693279,"00532M05:05:18.296","00532 05:18:21",187.75,890.87,,,,"     ",3.60,13.89,33.58
532,444693280,"00532M05:05:19.269","00532 05:18:22",187.75,890.89,,,,"     ",3.60,13.86,33.46
532,444693281,"00532M05:05:20.242","00532 05:18:23",187.75,890.87,,,,"     ",3.60,13.87,33.48
532,444693282,"00532M05:05:21.215","00532 05:18:24",187.76,890.63,,,,"     ",3.60,13.92,33.54
532,444693283,"00532M05:05:22.189","00532 05:18:25",187.77,890.71,,,,"     ",3.60,13.88,33.41
532,444693284,"00532M05:05:23.162","00532 05:18:26",187.77,890.71,,,,"     ",3.60,13.88,33.38
532,444693285,"00532M05:05:24.135","00532 05:18:27",187.76,890.74,,,,"     ",3.60,14.03,33.71
532,444693286,"00532M05:05:25.108","00532 05:18:28",187.75,890.74,,,,"     ",3.60,13.91,33.41
532,444693287,"00532M05:05:26.082","00532 05:18:29",187.74,890.78,,,,"     ",3.60,13.88,33.30
532,444693288,"00532M05:05:27.055","00532 05:18:30",187.72,890.80,,,,"     ",3.60,13.92,33.37
532,444693289,"00532M05:05:28.028","00532 05:18:31",187.70,890.79,,,,"     ",3.60,13.90,33.29
532,444693290,"00532M05:05:29.001","00532 05:18:32",187.69,890.76,,,,"     ",3.60,13.79,33.01
532,444693291,"00532M05:05:29.975","00532 05:18:33",187.67,890.82,,,,"     ",3.60,13.93,33.32
532,444693292,"00532M05:05:30.948","00532 05:18:34",187.65,890.88,,,,"     ",3.60,13.95,33.33
532,444693293,"00532M05:05:31.921","00532 05:18:35",187.63,890.88,,,,"     ",3.60,13.96,33.34
532,444693294,"00532M05:05:32.894","00532 05:18:36",187.61,890.77,,,,"     ",3.60,13.94,33.25
532,444693295,"00532M05:05:33.868","00532 05:18:37",187.59,890.88,,,,"     ",3.60,13.94,33.24
532,444693296,"00532M05:05:34.841","00532 05:18:38",187.57,890.86,,,,"     ",3.60,13.92,33.15
532,444693297,"00532M05:05:35.814","00532 05:18:39",187.56,890.87,,,,"     ",3.60,13.90,33.07
532,444693298,"00532M05:05:36.787","00532 05:18:40",187.56,890.75,,,,"     ",3.60,13.95,33.14
532,444693299,"00532M05:05:37.761","00532 05:18:41",187.56,890.73,,,,"     ",3.60,13.94,33.11
532,444693300,"00532M05:05:38.734","00532 05:18:41",187.56,890.86,,,,"     ",3.60,13.94,33.08
532,444693301,"00532M05:05:39.707","00532 05:18:42",187.58,890.86,,,,"     ",3.60,13.95,33.06
532,444693302,"00532M05:05:40.680","00532 05:18:43",187.60,890.85,,,,"     ",3.60,13.96,33.06
532,444693303,"00532M05:05:41.654","00532 05:18:44",187.62,890.90,,,,"     ",3.60,13.96,33.03
532,444693304,"00532M05:05:42.627","00532 05:18:45",187.66,890.87,,,,"     ",3.60,13.94,32.97
532,444693305,"00532M05:05:43.600","00532 05:18:46",187.70,890.77,,,,"     ",3.60,14.13,33.40
532,444693306,"00532M05:05:44.574","00532 05:18:47",187.74,890.73,,,,"     ",3.60,13.93,32.88
532,444693307,"00532M05:05:45.547","00532 05:18:48",187.80,890.74,,,,"     ",3.60,13.95,32.91
532,444693308,"00532M05:05:46.520","00532 05:18:49",187.86,890.84,,,,"     ",3.60,13.97,32.92
532,444693309,"00532M05:05:47.493","00532 05:18:50",187.93,890.81,,,,"     ",3.60,13.93,32.78
532,444693310,"00532M05:05:48.467","00532 05:18:51",188.01,890.97,,,,"     ",3.60,13.86,32.59
532,444693311,"00532M05:05:49.440","00532 05:18:52",188.10,890.86,,,,"     ",3.60,13.95,32.79
532,444693312,"00532M05:05:50.413","00532 05:18:53",188.20,890.75,,,,"     ",3.60,13.98,32.83
532,444693313,"00532M05:05:51.386","00532 05:18:54",188.30,890.79,,,,"     ",3.60,13.96,32.75
532,444693314,"00532M05:05:52.360","00532 05:18:55",188.42,890.94,,,,"     ",3.60,14.00,32.83
532,444693315,"00532M05:05:53.333","00532 05:18:56",188.54,890.94,,,,"     ",3.60,13.98,32.75
532,444696715,"00532M06:01:02.395","00532 06:14:06",186.32,892.97,,,,"     ",3.60,,
532,444696716,"00532M06:01:03.368","00532 06:14:07",186.33,893.00,,,,"     ",3.60,11.07,44.62
532,444696717,"00532M06:01:04.341","00532 06:14:07",186.34,892.94,,,,"     ",3.60,11.12,44.65
532,444696718,"00532M06:01:05.314","00532 06:14:08",186.35,893.00,,,,"     ",3.60,11.12,44.51
532,444696719,"00532M06:01:06.288","00532 06:14:09",186.37,892.87,,,,"     ",3.60,11.13,44.35
532,444696720,"00532M06:01:07.261","00532 06:14:10",186.39,892.88,,,,"     ",3.60,11.14,44.28
532,444696721,"00532M06:01:08.234","00532 06:14:11",186.41,892.87,,,,"     ",3.60,11.15,44.15
532,444696722,"00532M06:01:09.207","00532 06:14:12",186.43,892.80,,,,"     ",3.60,11.18,44.12
532,444696723,"00532M06:01:10.181","00532 06:14:13",186.46,892.76,,,,"     ",3.60,11.20,44.03
532,444696724,"00532M06:01:11.154","00532 06:14:14",186.49,892.90,,,,"     ",3.60,11.18,43.85
532,444696725,"00532M06:01:12.127","00532 06:14:15",186.52,892.89,,,,"     ",3.60,11.22,43.85
532,444696726,"00532M06:01:13.100","00532 06:14:16",186.55,892.92,,,,"     ",3.60,11.26,43.85
532,444696727,"00532M06:01:14.074","00532 06:14:17",186.58,892.94,,,,"     ",3.60,11.26,43.72
532,444696728,"00532M06:01:15.047","00532 06:14:18",186.62,892.94,,,,"     ",3.60,11.25,43.57
532,444696729,"00532M06:01:16.020","00532 06:14:19",186.66,892.95,,,,"     ",3.60,11.25,43.43
532,444696730,"00532M06:01:16.993","00532 06:14:20",186.71,892.94,,,,"     ",3.60,11.26,43.32
532,444696731,"00532M06:01:17.967","00532 06:14:21",186.75,893.00,,,,"     ",3.60,11.36,43.62
532,444696732,"00532M06:01:18.940","00532 06:14:22",186.80,892.96,,,,"     ",3.60,11.30,43.23
532,444696733,"00532M06:01:19.913","00532 06:14:23",186.86,892.95,,,,"     ",3.60,11.32,43.20
532,444696734,"00532M06:01:20.886","00532 06:14:24",186.91,892.91,,,,"     ",3.60,11.35,43.18
532,444696735,"00532M06:01:21.860","00532 06:14:25",186.96,892.92,,,,"     ",3.60,11.35,43.06
532,444696736,"00532M06:01:22.833","00532 06:14:26",187.02,892.99,,,,"     ",3.60,11.36,43.00
532,444696737,"00532M06:01:23.806","00532 06:14:27",187.08,892.95,,,,"     ",3.60,11.37,42.89
532,444696738,"00532M06:01:24.779","00532 06:14:28",187.14,892.81,,,,"     ",3.60,11.37,42.79
532,444696739,"00532M06:01:25.753","00532 06:14:29",187.20,892.86,,,,"     ",3.60,11.31,42.42
532,444696740,"00532M06:01:26.726","00532 06:14:30",187.26,892.82,,,,"     ",3.60,11.40,42.69
532,444696741,"00532M06:01:27.699","00532 06:14:31",187.31,892.89,,,,"     ",3.60,11.42,42.63
532,444696742,"00532M06:01:28.672","00532 06:14:32",187.34,892.93,,,,"     ",3.60,11.41,42.49
532,444696743,"00532M06:01:29.646","00532 06:14:33",187.37,892.89,,,,"     ",3.60,11.40,42.35
532,444696744,"00532M06:01:30.619","00532 06:14:34",187.38,892.90,,,,"     ",3.60,11.45,42.42
532,444696745,"00532M06:01:31.592","00532 06:14:35",187.37,892.88,,,,"     ",3.60,11.43,42.26
532,444696746,"00532M06:01:32.565","00532 06:14:36",187.35,892.92,,,,"     ",3.60,11.45,42.22
532,444696747,"00532M06:01:33.539","00532 06:14:37",187.32,892.92,,,,"     ",3.60,11.45,42.13
532,444696748,"00532M06:01:34.512","00532 06:14:38",187.29,892.94,,,,"     ",3.60,11.55,42.40
532,444696749,"00532M06:01:35.485","00532 06:14:39",187.25,892.94,,,,"     ",3.60,11.47,42.00
532,444696750,"00532M06:01:36.459","00532 06:14:40",187.21,893.01,,,,"     ",3.60,11.47,41.92
532,444696751,"00532M06:01:37.432","00532 06:14:41",187.18,892.95,,,,"     ",3.60,11.50,41.92
532,444696752,"00532M06:01:38.405","00532 06:14:42",187.15,892.92,,,,"     ",3.60,11.51,41.86
532,444696753,"00532M06:01:39.378","00532 06:14:43",187.12,892.92,,,,"     ",3.60,11.53,41.86
532,444696754,"00532M06:01:40.352","00532 06:14:43",187.09,892.96,,,,"     ",3.60,11.54,41.80
532,444696755,"00532M06:01:41.325","00532 06:14:44",187.06,893.10,,,,"     ",3.60,11.52,41.62
532,444696756,"00532M06:01:42.298","00532 06:14:45",187.05,892.86,,,,"     ",3.60,11.56,41.67
532,444696757,"00532M06:01:43.271","00532 06:14:46",187.05,892.85,,,,"     ",3.60,11.56,41.58
532,444696758,"00532M06:01:44.245","00532 06:14:47",187.06,892.94,,,,"     ",3.60,11.57,41.55
532,444696759,"00532M06:01:45.218","00532 06:14:48",187.09,892.95,,,,"     ",3.60,11.57,41.47
532,444696760,"00532M06:01:46.191","00532 06:14:49",187.14,892.97,,,,"     ",3.60,11.57,41.36
532,444696761,"00532M06:01:47.164","00532 06:14:50",187.20,892.90,,,,"     ",3.60,11.58,41.31
532,444696762,"00532M06:01:48.138","00532 06:14:51",187.26,892.95,,,,"     ",3.60,11.59,41.26
532,444696763,"00532M06:01:49.111","00532 06:14:52",187.32,892.99,,,,"     ",3.60,11.61,41.25
532,444696764,"00532M06:01:50.084","00532 06:14:53",187.38,892.95,,,,"     ",3.60,11.61,41.18
532,444696765,"00532M06:01:51.057","00532 06:14:54",187.44,892.87,,,,"     ",3.60,11.65,41.24
532,444696766,"00532M06:01:52.031","00532 06:14:55",187.48,892.87,,,,"     ",3.60,11.64,41.12
532,444696767,"00532M06:01:53.004","00532 06:14:56",187.52,892.81,,,,"     ",3.60,11.63,40.99
532,444696768,"00532M06:01:53.977","00532 06:14:57",187.54,892.77,,,,"     ",3.60,11.53,40.57
532,444696769,"00532M06:01:54.950","00532 06:14:58",187.56,892.91,,,,"     ",3.60,11.64,40.87
532,444696770,"00532M06:01:55.924","00532 06:14:59",187.57,892.83,,,,"     ",3.60,11.65,40.84
532,444696771,"00532M06:01:56.897","00532 06:15:00",187.59,892.90,,,,"     ",3.60,11.61,40.61
532,444696772,"00532M06:01:57.870","00532 06:15:01",187.60,892.90,,,,"     ",3.60,11.67,40.76
532,444696773,"00532M06:01:58.843","00532 06:15:02",187.62,893.03,,,,"     ",3.60,11.67,40.68
532,444696774,"00532M06:01:59.817","00532 06:15:03",187.63,892.99,,,,"     ",3.60,11.78,40.98
532,444696775,"00532M06:02:00.790","00532 06:15:04",187.64,892.94,,,,"     ",3.60,11.69,40.59
532,444696776,"00532M06:02:01.763","00532 06:15:05",187.64,892.94,,,,"     ",3.60,11.73,40.66
532,444696777,"00532M06:02:02.736","00532 06:15:06",187.63,892.90,,,,"     ",3.60,11.68,40.41
532,444696778,"00532M06:02:03.710","00532 06:15:07",187.60,892.91,,,,"     ",3.60,11.71,40.45
532,444696779,"00532M06:02:04.683","00532 06:15:08",187.57,892.95,,,,"     ",3.60,11.70,40.37
532,444696780,"00532M06:02:05.656","00532 06:15:09",187.53,892.87,,,,"     ",3.60,11.74,40.41
532,444696781,"00532M06:02:06.629","00532 06:15:10",187.49,892.94,,,,"     ",3.60,11.70,40.21
532,444696782,"00532M06:02:07.603","00532 06:15:11",187.45,892.96,,,,"     ",3.60,11.79,40.45
532,444696783,"00532M06:02:08.576","00532 06:15:12",187.42,893.05,,,,"     ",3.60,11.75,40.25
532,444696784,"00532M06:02:09.549","00532 06:15:13",187.39,892.93,,,,"     ",3.60,11.75,40.17
532,444696785,"00532M06:02:10.522","00532 06:15:14",187.37,892.96,,,,"     ",3.60,11.75,40.12
532,444696786,"00532M06:02:11.496","00532 06:15:15",187.36,892.91,,,,"     ",3.60,11.77,40.12
532,444696787,"00532M06:02:12.469","00532 06:15:16",187.35,892.81,,,,"     ",3.60,11.79,40.11
532,444696788,"00532M06:02:13.442","00532 06:15:17",187.36,893.02,,,,"     ",3.60,11.78,40.05
532,444696789,"00532M06:02:14.415","00532 06:15:18",187.36,893.02,,,,"     ",3.60,11.77,39.93
532,444696790,"00532M06:02:15.389","00532 06:15:19",187.36,892.97,,,,"     ",3.60,11.77,39.88
532,444696791,"00532M06:02:16.362","00532 06:15:20",187.35,892.91,,,,"     ",3.60,11.79,39.85
532,444696792,"00532M06:02:17.335","00532 06:15:20",187.34,892.96,,,,"     ",3.60,11.81,39.88
532,444696793,"00532M06:02:18.308","00532 06:15:21",187.32,893.01,,,,"     ",3.60,11.79,39.76
532,444696794,"00532M06:02:19.282","00532 06:15:22",187.30,892.82,,,,"     ",3.60,11.81,39.73
532,444696795,"00532M06:02:20.255","00532 06:15:23",187.26,892.94,,,,"     ",3.60,11.81,39.69
532,444696796,"00532M06:02:21.228","00532 06:15:24",187.23,892.96,,,,"     ",3.60,11.82,39.68
532,444696797,"00532M06:02:22.201","00532 06:15:25",187.20,892.98,,,,"     ",3.60,11.82,39.60
532,444696798,"00532M06:02:23.175","00532 06:15:26",187.18,893.04,,,,"     ",3.60,11.81,39.53
532,444696799,"00532M06:02:24.148","00532 06:15:27",187.16,893.04,,,,"     ",3.60,11.82,39.50
532,444696800,"00532M06:02:25.121","00532 06:15:28",187.14,893.03,,,,"     ",3.60,11.86,39.57
532,444696801,"00532M06:02:26.094","00532 06:15:29",187.12,892.93,,,,"     ",3.60,11.85,39.46
532,444696802,"00532M06:02:27.068","00532 06:15:30",187.10,893.00,,,,"     ",3.60,11.86,39.47
532,444696803,"00532M06:02:28.041","00532 06:15:31",187.06,893.01,,,,"     ",3.60,11.87,39.41
532,444696804,"00532M06:02:29.014","00532 06:15:32",187.03,892.92,,,,"     ",3.60,11.86,39.32
532,444696805,"00532M06:02:29.987","00532 06:15:33",186.99,892.84,,,,"     ",3.60,11.81,39.14
532,444696806,"00532M06:02:30.961","00532 06:15:34",186.95,892.77,,,,"     ",3.60,11.88,39.29
532,444696807,"00532M06:02:31.934","00532 06:15:35",186.91,892.93,,,,"     ",3.60,11.80,38.98
532,444696808,"00532M06:02:32.907","00532 06:15:36",186.89,892.98,,,,"     ",3.60,11.90,39.25
532,444696809,"00532M06:02:33.880","00532 06:15:37",186.87,892.99,,,,"     ",3.60,11.89,39.17
532,444696810,"00532M06:02:34.854","00532 06:15:38",186.86,892.92,,,,"     ",3.60,11.89,39.10
532,444696811,"00532M06:02:35.827","00532 06:15:39",186.87,892.92,,,,"     ",3.60,11.92,39.14
532,444696812,"00532M06:02:36.800","00532 06:15:40",186.89,893.00,,,,"     ",3.60,11.92,39.10
532,444696813,"00532M06:02:37.773","00532 06:15:41",186.91,892.73,,,,"     ",3.60,11.92,39.04
532,444696814,"00532M06:02:38.747","00532 06:15:42",186.94,892.80,,,,"     ",3.60,11.90,38.92
532,444696815,"00532M06:02:39.720","00532 06:15:43",186.97,892.91,,,,"     ",3.60,11.91,38.91
532,444696816,"00532M06:02:40.693","00532 06:15:44",187.01,892.92,,,,"     ",3.60,11.92,38.90
532,444696817,"00532M06:02:41.666","00532 06:15:45",187.04,892.92,,,,"     ",3.60,12.03,39.18
532,444696818,"00532M06:02:42.640","00532 06:15:46",187.08,892.93,,,,"     ",3.60,11.91,38.76
532,444696819,"00532M06:02:43.613","00532 06:15:47",187.11,892.96,,,,"     ",3.60,11.93,38.79
532,444696820,"00532M06:02:44.586","00532 06:15:48",187.14,893.00,,,,"     ",3.60,11.94,38.75
532,444696821,"00532M06:02:45.560","00532 06:15:49",187.16,892.96,,,,"     ",3.60,11.96,38.76
532,444696822,"00532M06:02:46.533","00532 06:15:50",187.18,893.00,,,,"     ",3.60,11.94,38.64
532,444696823,"00532M06:02:47.506","00532 06:15:51",187.19,892.99,,,,"     ",3.60,11.94,38.59
532,444696824,"00532M06:02:48.479","00532 06:15:52",187.21,892.96,,,,"     ",3.60,11.95,38.60
532,444696825,"00532M06:02:49.453","00532 06:15:53",187.22,892.84,,,,"     ",3.60,11.94,38.49
532,444696826,"00532M06:02:50.426","00532 06:15:54",187.24,892.81,,,,"     ",3.60,11.96,38.52
532,444696827,"00532M06:02:51.399","00532 06:15:55",187.26,893.02,,,,"     ",3.60,12.00,38.60
532,444696828,"00532M06:02:52.372","00532 06:15:56",187.28,892.96,,,,"     ",3.60,11.99,38.51
532,444696829,"00532M06:02:53.346","00532 06:15:56",187.29,892.97,,,,"     ",3.60,11.98,38.42
532,444696830,"00532M06:02:54.319","00532 06:15:57",187.29,892.98,,,,"     ",3.60,11.97,38.36
532,444696831,"00532M06:02:55.292","00532 06:15:58",187.28,893.04,,,,"     ",3.60,11.99,38.37
532,444696832,"00532M06:02:56.265","00532 06:15:59",187.26,893.01,,,,"     ",3.60,11.98,38.31
532,444696833,"00532M06:02:57.239","00532 06:16:00",187.23,892.82,,,,"     ",3.60,12.00,38.30
532,444696834,"00532M06:02:58.212","00532 06:16:01",187.19,892.83,,,,"     ",3.60,12.00,38.27
532,444696835,"00532M06:02:59.185","00532 06:16:02",187.15,892.87,,,,"     ",3.60,12.10,38.51
532,444696836,"00532M06:03:00.158","00532 06:16:03",187.11,892.94,,,,"     ",3.60,12.00,38.16
532,444696837,"00532M06:03:01.132","00532 06:16:04",187.06,892.99,,,,"     ",3.60,12.02,38.20
532,444696838,"00532M06:03:02.105","00532 06:16:05",187.01,893.03,,,,"     ",3.60,12.02,38.14
532,444696839,"00532M06:03:03.078","00532 06:16:06",186.97,893.04,,,,"     ",3.60,12.04,38.16
532,444696840,"00532M06:03:04.051","00532 06:16:07",186.94,892.96,,,,"     ",3.60,12.00,37.98
532,444696841,"00532M06:03:05.025","00532 06:16:08",186.92,893.03,,,,"     ",3.60,12.04,38.06
532,444696842,"00532M06:03:05.998","00532 06:16:09",186.92,893.01,,,,"     ",3.60,12.00,37.89
532,444696843,"00532M06:03:06.971","00532 06:16:10",186.92,893.06,,,,"     ",3.60,12.02,37.92
532,444696844,"00532M06:03:07.944","00532 06:16:11",186.94,893.01,,,,"     ",3.60,12.06,38.01
532,444696845,"00532M06:03:08.918","00532 06:16:12",186.96,892.99,,,,"     ",3.60,12.06,37.96
532,444696846,"00532M06:03:09.891","00532 06:16:13",186.99,892.97,,,,"     ",3.60,12.04,37.83
532,444696847,"00532M06:03:10.864","00532 06:16:14",187.01,892.84,,,,"     ",3.60,11.96,37.53
532,444696848,"00532M06:03:11.837","00532 06:16:15",187.03,892.97,,,,"     ",3.60,12.06,37.80
532,444696849,"00532M06:03:12.811","00532 06:16:16",187.03,892.97,,,,"     ",3.60,12.10,37.90
532,444696850,"00532M06:03:13.784","00532 06:16:17",187.03,892.98,,,,"     ",3.60,12.06,37.72
532,444696851,"00532M06:03:14.757","00532 06:16:18",187.03,893.00,,,,"     ",3.60,12.05,37.63
532,444696852,"00532M06:03:15.730","00532 06:16:19",186.58,892.93,,,,"     ",3.60,12.07,37.66
532,444696853,"00532M06:03:16.704","00532 06:16:20",186.58,892.78,,,,"     ",3.60,12.09,37.65
532,444696854,"00532M06:03:17.677","00532 06:16:21",186.57,892.84,,,,"     ",3.60,12.08,37.57
532,444696855,"00532M06:03:18.650","00532 06:16:22",186.57,892.88,,,,"     ",3.60,12.07,37.50
532,444696856,"00532M06:03:19.623","00532 06:16:23",187.01,893.03,,,,"     ",3.60,12.07,37.47
532,444696857,"00532M06:03:20.597","00532 06:16:24",187.01,892.97,,,,"     ",3.60,12.09,37.49
532,444696858,"00532M06:03:21.570","00532 06:16:25",187.00,893.02,,,,"     ",3.60,12.10,37.49
532,444696859,"00532M06:03:22.543","00532 06:16:26",186.99,893.06,,,,"     ",3.60,12.08,37.39
532,444696860,"00532M06:03:23.516","00532 06:16:27",186.97,893.02,,,,"     ",3.60,12.10,37.39
532,444696861,"00532M06:03:24.490","00532 06:16:28",186.95,892.98,,,,"     ",3.60,12.11,37.39
532,444696862,"00532M06:03:25.463","00532 06:16:29",186.92,892.93,,,,"     ",3.60,12.10,37.31
532,444696863,"00532M06:03:26.436","00532 06:16:30",186.90,893.00,,,,"     ",3.60,12.10,37.26
532,444696864,"00532M06:03:27.409","00532 06:16:31",186.89,892.97,,,,"     ",3.60,12.11,37.25
532,444696865,"00532M06:03:28.383","00532 06:16:32",186.88,892.89,,,,"     ",3.60,12.11,37.18
532,444696866,"00532M06:03:29.356","00532 06:16:33",186.88,892.78,,,,"     ",3.60,12.11,37.15
532,444696867,"00532M06:03:30.329","00532 06:16:33",186.89,892.84,,,,"     ",3.60,12.15,37.22
532,444696868,"00532M06:03:31.302","00532 06:16:34",186.91,893.04,,,,"     ",3.60,12.11,37.06
532,444696869,"00532M06:03:32.276","00532 06:16:35",186.93,893.08,,,,"     ",3.60,12.12,37.05
532,444696870,"00532M06:03:33.249","00532 06:16:36",186.96,893.11,,,,"     ",3.60,12.14,37.08
532,444696871,"00532M06:03:34.222","00532 06:16:37",186.99,893.16,,,,"     ",3.60,12.14,37.03
532,444696872,"00532M06:03:35.195","00532 06:16:38",187.02,893.10,,,,"     ",3.60,12.14,37.00
532,444696873,"00532M06:03:36.169","00532 06:16:39",187.04,893.02,,,,"     ",3.60,12.25,37.27
532,444696874,"00532M06:03:37.142","00532 06:16:40",187.06,892.94,,,,"     ",3.60,12.18,37.02
532,444696875,"00532M06:03:38.115","00532 06:16:41",187.07,893.01,,,,"     ",3.60,12.15,36.89
532,444696876,"00532M06:03:39.088","00532 06:16:42",187.07,893.05,,,,"     ",3.60,12.13,36.78
532,444696877,"00532M06:03:40.062","00532 06:16:43",187.07,893.02,,,,"     ",3.60,12.04,36.46
532,444696878,"00532M06:03:41.035","00532 06:16:44",187.07,893.07,,,,"     ",3.60,12.15,36.76
532,444696879,"00532M06:03:42.008","00532 06:16:45",186.61,893.08,,,,"     ",3.60,12.15,36.71
532,444696880,"00532M06:03:42.981","00532 06:16:46",186.65,893.01,,,,"     ",3.60,12.17,36.74
532,444696881,"00532M06:03:43.955","00532 06:16:47",186.71,892.91,,,,"     ",3.60,12.19,36.75
532,444696882,"00532M06:03:44.928","00532 06:16:48",186.78,892.88,,,,"     ",3.60,12.16,36.60
532,444696883,"00532M06:03:45.901","00532 06:16:49",186.86,892.94,,,,"     ",3.60,12.16,36.58
532,444696884,"00532M06:03:46.874","00532 06:16:50",186.94,892.99,,,,"     ",3.60,12.20,36.64
532,444696885,"00532M06:03:47.848","00532 06:16:51",187.02,893.01,,,,"     ",3.60,12.18,36.54
532,444696886,"00532M06:03:48.821","00532 06:16:52",187.09,893.05,,,,"     ",3.60,12.21,36.59
532,444696887,"00532M06:03:49.794","00532 06:16:53",187.14,893.04,,,,"     ",3.60,12.20,36.51
532,444696888,"00532M06:03:50.767","00532 06:16:54",187.18,892.95,,,,"     ",3.60,12.20,36.49
532,444696889,"00532M06:03:51.741","00532 06:16:55",187.21,893.25,,,,"     ",3.60,12.22,36.49
532,444696890,"00532M06:03:52.714","00532 06:16:56",187.22,893.26,,,,"     ",3.60,12.22,36.44
532,444696891,"00532M06:03:53.687","00532 06:16:57",187.23,893.10,,,,"     ",3.60,12.21,36.39
532,444696892,"00532M06:03:54.660","00532 06:16:58",187.23,893.03,,,,"     ",3.60,12.20,36.31
532,444696893,"00532M06:03:55.634","00532 06:16:59",187.23,893.07,,,,"     ",3.60,12.23,36.36
532,444696894,"00532M06:03:56.607","00532 06:17:00",187.23,892.98,,,,"     ",3.60,12.30,36.51
532,444696895,"00532M06:03:57.580","00532 06:17:01",187.23,893.02,,,,"     ",3.60,12.22,36.22
532,444696896,"00532M06:03:58.554","00532 06:17:02",187.22,893.16,,,,"     ",3.60,12.23,36.24
532,444696897,"00532M06:03:59.527","00532 06:17:03",187.21,893.12,,,,"     ",3.60,12.25,36.24
532,444696898,"00532M06:04:00.500","00532 06:17:04",187.20,893.17,,,,"     ",3.60,12.24,36.15
532,444696899,"00532M06:04:01.473","00532 06:17:05",187.18,893.15,,,,"     ",3.60,12.23,36.08
532,444696900,"00532M06:04:02.447","00532 06:17:06",187.15,893.08,,,,"     ",3.60,12.28,36.18
532,444696901,"00532M06:04:03.420","00532 06:17:07",187.12,893.09,,,,"     ",3.60,12.27,36.13
532,444696902,"00532M06:04:04.393","00532 06:17:08",187.53,893.15,,,,"     ",3.60,12.27,36.07
532,444696903,"00532M06:04:05.366","00532 06:17:09",187.52,893.18,,,,"     ",3.60,12.26,36.01
532,444696904,"00532M06:04:06.340","00532 06:17:10",187.51,893.06,,,,"     ",3.60,12.26,35.96
532,444696905,"00532M06:04:07.313","00532 06:17:10",187.50,893.12,,,,"     ",3.60,12.26,35.93
532,444696906,"00532M06:04:08.286","00532 06:17:11",187.51,893.08,,,,"     ",3.60,12.27,35.90
532,444696907,"00532M06:04:09.259","00532 06:17:12",187.53,893.17,,,,"     ",3.60,12.30,35.94
532,444696908,"00532M06:04:10.233","00532 06:17:13",187.56,893.13,,,,"     ",3.60,12.30,35.90
532,444696909,"00532M06:04:11.206","00532 06:17:14",187.60,893.11,,,,"     ",3.60,12.31,35.89
532,444696910,"00532M06:04:12.179","00532 06:17:15",187.65,892.96,,,,"     ",3.60,12.32,35.87
532,444696911,"00532M06:04:13.152","00532 06:17:16",187.70,893.16,,,,"     ",3.60,12.31,35.80
532,444696912,"00532M06:04:14.126","00532 06:17:17",187.75,893.08,,,,"     ",3.60,12.28,35.69
532,444696913,"00532M06:04:15.099","00532 06:17:18",187.79,893.22,,,,"     ",3.60,12.28,35.64
532,444696914,"00532M06:04:16.072","00532 06:17:19",187.83,893.23,,,,"     ",3.60,12.31,35.69
532,444696915,"00532M06:04:17.045","00532 06:17:20",187.86,893.36,,,,"     ",3.60,12.31,35.64
532,444696916,"00532M06:04:18.019","00532 06:17:21",187.88,893.15,,,,"     ",3.60,12.32,35.61
532,444696917,"00532M06:04:18.992","00532 06:17:22",187.90,893.19,,,,"     ",3.60,12.31,35.55
532,444696918,"00532M06:04:19.965","00532 06:17:23",187.92,893.13,,,,"     ",3.60,12.32,35.52
532,444696919,"00532M06:04:20.938","00532 06:17:24",187.94,893.12,,,,"     ",3.60,12.31,35.45
532,444696920,"00532M06:04:21.912","00532 06:17:25",187.97,893.12,,,,"     ",3.60,12.32,35.44
532,444696921,"00532M06:04:22.885","00532 06:17:26",187.99,893.07,,,,"     ",3.60,12.30,35.34
532,444696922,"00532M06:04:23.858","00532 06:17:27",188.01,893.14,,,,"     ",3.60,12.31,35.32
532,444696923,"00532M06:04:24.831","00532 06:17:28",188.03,893.16,,,,"     ",3.60,12.33,35.33
532,444696924,"00532M06:04:25.805","00532 06:17:29",188.05,893.19,,,,"     ",3.60,12.30,35.20
532,444696925,"00532M06:04:26.778","00532 06:17:30",188.06,893.16,,,,"     ",3.60,12.29,35.15
532,444696926,"00532M06:04:27.751","00532 06:17:31",188.07,893.07,,,,"     ",3.60,12.33,35.20
532,444696927,"00532M06:04:28.724","00532 06:17:32",187.80,893.18,,,,"     ",3.60,12.34,35.20
532,444696928,"00532M06:04:29.698","00532 06:17:33",187.81,893.12,,,,"     ",3.60,12.34,35.17
532,444696929,"00532M06:04:30.671","00532 06:17:34",187.82,893.14,,,,"     ",3.60,12.38,35.22
532,444696930,"00532M06:04:31.644","00532 06:17:35",187.81,893.16,,,,"     ",3.60,12.38,35.17
532,444696931,"00532M06:04:32.617","00532 06:17:36",187.79,893.16,,,,"     ",3.60,12.34,35.03
532,444696932,"00532M06:04:33.591","00532 06:17:37",187.77,893.18,,,,"     ",3.60,12.37,35.09
532,444696933,"00532M06:04:34.564","00532 06:17:38",187.75,893.32,,,,"     ",3.60,12.38,35.06
532,444696934,"00532M06:04:35.537","00532 06:17:39",187.73,893.33,,,,"     ",3.60,12.43,35.18
532,444696935,"00532M06:04:36.510","00532 06:17:40",187.72,893.23,,,,"     ",3.60,12.40,35.06
532,444696936,"00532M06:04:37.484","00532 06:17:41",187.72,893.14,,,,"     ",3.60,12.42,35.05
532,444696937,"00532M06:04:38.457","00532 06:17:42",187.71,893.14,,,,"     ",3.60,12.42,35.03
532,444696938,"00532M06:04:39.430","00532 06:17:43",187.71,893.09,,,,"     ",3.60,12.48,35.14
532,444696939,"00532M06:04:40.403","00532 06:17:44",187.71,893.05,,,,"     ",3.60,12.41,34.90
532,444696940,"00532M06:04:41.377","00532 06:17:45",187.71,893.14,,,,"     ",3.60,12.43,34.91
532,444696941,"00532M06:04:42.350","00532 06:17:46",187.71,893.08,,,,"     ",3.60,12.40,34.77
532,444696942,"00532M06:04:43.323","00532 06:17:46",187.71,893.14,,,,"     ",3.60,12.41,34.78
532,444696943,"00532M06:04:44.296","00532 06:17:47",187.71,893.06,,,,"     ",3.60,12.40,34.72
532,444696944,"00532M06:04:45.270","00532 06:17:48",188.07,893.13,,,,"     ",3.60,12.41,34.69
532,444696945,"00532M06:04:46.243","00532 06:17:49",188.08,893.13,,,,"     ",3.60,12.42,34.67
532,444696946,"00532M06:04:47.216","00532 06:17:50",188.09,893.11,,,,"     ",3.60,12.39,34.55
532,444696947,"00532M06:04:48.189","00532 06:17:51",188.11,893.20,,,,"     ",3.60,12.41,34.57
532,444696948,"00532M06:04:49.163","00532 06:17:52",187.78,893.13,,,,"     ",3.60,12.42,34.55
532,444696949,"00532M06:04:50.136","00532 06:17:53",187.82,893.17,,,,"     ",3.60,12.45,34.59
532,444696950,"00532M06:04:51.109","00532 06:17:54",187.87,893.14,,,,"     ",3.60,12.46,34.60
532,444696951,"00532M06:04:52.082","00532 06:17:55",187.93,893.11,,,,"     ",3.60,12.45,34.51
532,444696952,"00532M06:04:53.056","00532 06:17:56",187.99,893.15,,,,"     ",3.60,12.44,34.46
532,444696953,"00532M06:04:54.029","00532 06:17:57",188.05,893.08,,,,"     ",3.60,12.45,34.44
532,444696954,"00532M06:04:55.002","00532 06:17:58",188.09,893.03,,,,"     ",3.60,12.46,34.43
532,444696955,"00532M06:04:55.975","00532 06:17:59",188.13,893.15,,,,"     ",3.60,12.44,34.34
532,444696956,"00532M06:04:56.949","00532 06:18:00",188.14,893.15,,,,"     ",3.60,12.43,34.26
532,444696957,"00532M06:04:57.922","00532 06:18:01",188.15,893.20,,,,"     ",3.60,12.44,34.24
532,444696958,"00532M06:04:58.895","00532 06:18:02",188.14,893.31,,,,"     ",3.60,12.48,34.33
532,444696959,"00532M06:04:59.868","00532 06:18:03",188.12,893.44,,,,"     ",3.60,12.44,34.16
532,444696960,"00532M06:05:00.842","00532 06:18:04",188.10,893.31,,,,"     ",3.60,12.54,34.40
532,444696961,"00532M06:05:01.815","00532 06:18:05",188.07,893.21,,,,"     ",3.60,12.49,34.23
532,444696962,"00532M06:05:02.788","00532 06:18:06",188.05,893.19,,,,"     ",3.60,12.50,34.21
532,444696963,"00532M06:05:03.761","00532 06:18:07",188.02,893.26,,,,"     ",3.60,12.51,34.19
532,444696964,"00532M06:05:04.735","00532 06:18:08",187.98,893.27,,,,"     ",3.60,12.49,34.11
532,444696965,"00532M06:05:05.708","00532 06:18:09",187.94,893.21,,,,"     ",3.60,12.48,34.04
532,444696966,"00532M06:05:06.681","00532 06:18:10",187.89,893.21,,,,"     ",3.60,12.51,34.09
532,444696967,"00532M06:05:07.655","00532 06:18:11",187.83,893.22,,,,"     ",3.60,12.59,34.24
532,444696968,"00532M06:05:08.628","00532 06:18:12",187.78,893.12,,,,"     ",3.60,12.50,33.96
532,444696969,"00532M06:05:09.601","00532 06:18:13",187.73,893.12,,,,"     ",3.60,12.50,33.91
532,444696970,"00532M06:05:10.574","00532 06:18:14",187.70,893.14,,,,"     ",3.60,12.53,33.96
532,444696971,"00532M06:05:11.548","00532 06:18:15",187.67,893.12,,,,"     ",3.60,12.54,33.96
532,444696972,"00532M06:05:12.521","00532 06:18:16",188.09,893.16,,,,"     ",3.60,12.42,33.60
532,444696973,"00532M06:05:13.494","00532 06:18:17",188.10,893.17,,,,"     ",3.60,12.56,33.91
532,444696974,"00532M06:05:14.467","00532 06:18:18",188.12,893.17,,,,"     ",3.60,12.52,33.77
532,444696975,"00532M06:05:15.441","00532 06:18:19",188.14,893.18,,,,"     ",3.60,12.57,33.87
532,444696976,"00532M06:05:16.414","00532 06:18:20",188.17,893.24,,,,"     ",3.60,12.53,33.72
532,444696977,"00532M06:05:17.387","00532 06:18:21",188.20,893.39,,,,"     ",3.60,12.53,33.68
532,444696978,"00532M06:05:18.360","00532 06:18:22",188.22,893.38,,,,"     ",3.60,12.56,33.72
532,444696979,"00532M06:05:19.334","00532 06:18:23",187.85,893.27,,,,"     ",3.60,12.54,33.62
532,444696980,"00532M06:05:20.307","00532 06:18:23",187.88,893.21,,,,"     ",3.60,12.55,33.60
532,444696981,"00532M06:05:21.280","00532 06:18:24",187.89,893.29,,,,"     ",3.60,12.58,33.64
532,444696982,"00532M06:05:22.253","00532 06:18:25",187.91,893.27,,,,"     ",3.60,12.68,33.87
532,444696983,"00532M06:05:23.227","00532 06:18:26",187.92,893.04,,,,"     ",3.60,12.57,33.55
532,444696984,"00532M06:05:24.200","00532 06:18:27",187.93,893.15,,,,"     ",3.60,12.59,33.57
532,444696985,"00532M06:05:25.173","00532 06:18:28",187.95,893.18,,,,"     ",3.60,12.57,33.48
532,444696986,"00532M06:05:26.146","00532 06:18:29",187.97,893.25,,,,"     ",3.60,12.57,33.42
532,444696987,"00532M06:05:27.120","00532 06:18:30",188.00,893.11,,,,"     ",3.60,12.61,33.49
532,444696988,"00532M06:05:28.093","00532 06:18:31",188.02,893.13,,,,"     ",3.60,12.60,33.42
532,444696989,"00532M06:05:29.066","00532 06:18:32",188.04,893.23,,,,"     ",3.60,12.59,33.36
532,444696990,"00532M06:05:30.039","00532 06:18:33",188.06,893.24,,,,"     ",3.60,12.63,33.44
532,444696991,"00532M06:05:31.013","00532 06:18:34",188.06,893.14,,,,"     ",3.60,12.61,33.35
532,444696992,"00532M06:05:31.986","00532 06:18:35",188.07,893.16,,,,"     ",3.60,12.61,33.28
532,444696993,"00532M06:05:32.959","00532 06:18:36",188.07,893.28,,,,"     ",3.60,12.59,33.21
532,444696994,"00532M06:05:33.932","00532 06:18:37",188.08,893.24,,,,"     ",3.60,12.60,33.20
532,444696995,"00532M06:05:34.906","00532 06:18:38",188.08,893.25,,,,"     ",3.60,12.60,33.15
532,444696996,"00532M06:05:35.879","00532 06:18:39",188.09,893.26,,,,"     ",3.60,12.66,33.27
532,444696997,"00532M06:05:36.852","00532 06:18:40",188.11,893.19,,,,"     ",3.60,12.65,33.19
532,444696998,"00532M06:05:37.825","00532 06:18:41",188.13,893.20,,,,"     ",3.60,12.63,33.11
532,444696999,"00532M06:05:38.799","00532 06:18:42",188.16,893.13,,,,"     ",3.60,12.53,32.79
532,444697000,"00532M06:05:39.772","00532 06:18:43",188.19,893.32,,,,"     ",3.60,12.63,33.04
532,444697001,"00532M06:05:40.745","00532 06:18:44",188.22,893.34,,,,"     ",3.60,12.65,33.04
532,444697002,"00532M06:05:41.718","00532 06:18:45",188.23,893.26,,,,"     ",3.60,12.68,33.10
532,444697003,"00532M06:05:42.692","00532 06:18:46",188.21,893.24,,,,"     ",3.60,12.67,33.02
532,444697004,"00532M06:05:43.665","00532 06:18:47",188.19,893.36,,,,"     ",3.60,12.63,32.88
532,444697005,"00532M06:05:44.638","00532 06:18:48",188.16,893.11,,,,"     ",3.60,12.64,32.88
532,444697006,"00532M06:05:45.611","00532 06:18:49",188.14,893.19,,,,"     ",3.60,12.75,33.10
532,444697007,"00532M06:05:46.585","00532 06:18:50",188.11,893.20,,,,"     ",3.60,12.68,32.88
532,444697008,"00532M06:05:47.558","00532 06:18:51",188.09,893.28,,,,"     ",3.60,12.67,32.85
532,444697009,"00532M06:05:48.531","00532 06:18:52",188.07,893.31,,,,"     ",3.60,12.70,32.89
532,444697010,"00532M06:05:49.504","00532 06:18:53",188.05,893.27,,,,"     ",3.60,12.69,32.82
532,444697011,"00532M06:05:50.478","00532 06:18:54",188.02,893.24,,,,"     ",3.60,12.69,32.77
532,444697012,"00532M06:05:51.451","00532 06:18:55",188.00,893.26,,,,"     ",3.60,12.70,32.76
532,444697013,"00532M06:05:52.424","00532 06:18:56",187.98,893.28,,,,"     ",3.60,12.70,32.71
532,444697014,"00532M06:05:53.397","00532 06:18:57",187.95,893.28,,,,"     ",3.60,12.69,32.65
532,444697015,"00532M06:05:54.371","00532 06:18:58",188.34,893.23,,,,"     ",3.60,12.73,32.73
532,444697016,"00532M06:05:55.344","00532 06:18:59",188.33,893.20,,,,"     ",3.60,12.73,32.68
532,444697017,"00532M06:05:56.317","00532 06:18:59",188.31,893.18,,,,"     ",3.60,12.73,32.63
532,444697018,"00532M06:05:57.290","00532 06:19:00",188.30,893.14,,,,"     ",3.60,12.70,32.53
532,444697019,"00532M06:05:58.264","00532 06:19:01",188.29,893.20,,,,"     ",3.60,12.73,32.58
532,444697020,"00532M06:05:59.237","00532 06:19:02",188.27,893.24,,,,"     ",3.60,12.74,32.54
532,444697021,"00532M06:06:00.210","00532 06:19:03",188.25,893.32,,,,"     ",3.60,12.71,32.46
532,444697022,"00532M06:06:01.183","00532 06:19:04",188.24,893.55,,,,"     ",3.60,12.65,32.27
532,444700399,"00532M07:00:47.860","00532 07:13:51",200.83,895.61,,,,"     ",3.60,,
532,444700400,"00532M07:00:48.834","00532 07:13:52",200.82,895.67,,,,"     ",3.60,9.89,18.98
532,444700401,"00532M07:00:49.807","00532 07:13:53",200.81,895.64,,,,"     ",3.60,9.89,18.91
532,444700402,"00532M07:00:50.780","00532 07:13:54",200.80,895.65,,,,"     ",3.60,9.91,18.88
532,444700403,"00532M07:00:51.753","00532 07:13:55",200.80,895.68,,,,"     ",3.60,9.92,18.82
532,444700404,"00532M07:00:52.727","00532 07:13:56",200.80,895.74,,,,"     ",3.60,9.92,18.75
532,444700405,"00532M07:00:53.700","00532 07:13:57",200.80,895.80,,,,"     ",3.60,9.95,18.75
532,444700406,"00532M07:00:54.673","00532 07:13:58",200.81,895.90,,,,"     ",3.60,9.96,18.70
532,444700407,"00532M07:00:55.646","00532 07:13:59",200.83,895.89,,,,"     ",3.60,9.98,18.67
532,444700408,"00532M07:00:56.620","00532 07:14:00",200.85,895.86,,,,"     ",3.60,10.12,18.85
532,444700409,"00532M07:00:57.593","00532 07:14:01",200.87,895.74,,,,"     ",3.60,10.03,18.62
532,444700410,"00532M07:00:58.566","00532 07:14:02",200.89,895.74,,,,"     ",3.60,10.01,18.53
532,444700411,"00532M07:00:59.540","00532 07:14:03",200.92,895.69,,,,"     ",3.60,10.02,18.48
532,444700412,"00532M07:01:00.513","00532 07:14:04",200.94,895.65,,,,"     ",3.60,10.08,18.52
532,444700413,"00532M07:01:01.486","00532 07:14:05",200.95,895.59,,,,"     ",3.60,10.04,18.40
532,444700414,"00532M07:01:02.459","00532 07:14:06",200.99,895.69,,,,"     ",3.60,9.96,18.19
532,444700415,"00532M07:01:03.433","00532 07:14:07",201.04,895.71,,,,"     ",3.60,10.03,18.25
532,444700416,"00532M07:01:04.406","00532 07:14:08",201.11,895.57,,,,"     ",3.60,10.05,18.24
532,444700417,"00532M07:01:05.379","00532 07:14:09",201.17,895.66,,,,"     ",3.60,10.03,18.15
532,444700418,"00532M07:01:06.352","00532 07:14:10",201.22,895.76,,,,"     ",3.60,10.02,18.07
532,444700419,"00532M07:01:07.326","00532 07:14:11",201.27,895.91,,,,"     ",3.60,10.07,18.10
532,444700420,"00532M07:01:08.299","00532 07:14:12",201.32,895.71,,,,"     ",3.60,10.07,18.05
532,444700421,"00532M07:01:09.272","00532 07:14:13",201.37,895.65,,,,"     ",3.60,10.09,18.04
532,444700422,"00532M07:01:10.245","00532 07:14:14",201.43,895.65,,,,"     ",3.60,10.06,17.93
532,444700423,"00532M07:01:11.219","00532 07:14:15",201.50,895.74,,,,"     ",3.60,10.08,17.91
532,444700424,"00532M07:01:12.192","00532 07:14:16",201.56,895.77,,,,"     ",3.60,10.08,17.87
532,444700425,"00532M07:01:13.165","00532 07:14:17",201.62,895.75,,,,"     ",3.60,10.13,17.91
532,444700426,"00532M07:01:14.138","00532 07:14:18",201.67,895.77,,,,"     ",3.60,10.12,17.83
532,444700427,"00532M07:01:15.112","00532 07:14:19",201.70,895.82,,,,"     ",3.60,10.10,17.75
532,444700428,"00532M07:01:16.085","00532 07:14:20",201.72,895.76,,,,"     ",3.60,10.19,17.87
532,444700429,"00532M07:01:17.058","00532 07:14:21",201.73,895.78,,,,"     ",3.60,10.10,17.66
532,444700430,"00532M07:01:18.031","00532 07:14:22",201.72,895.79,,,,"     ",3.60,10.15,17.70
532,444700431,"00532M07:01:19.005","00532 07:14:23",201.71,895.70,,,,"     ",3.60,10.15,17.65
532,444700432,"00532M07:01:19.978","00532 07:14:24",201.69,895.72,,,,"     ",3.60,10.18,17.67
532,444700433,"00532M07:01:20.951","00532 07:14:25",201.67,895.73,,,,"     ",3.60,10.03,17.37
532,444700434,"00532M07:01:21.924","00532 07:14:25",201.65,895.88,,,,"     ",3.60,10.06,17.38
532,444700435,"00532M07:01:22.898","00532 07:14:26",201.62,895.82,,,,"     ",3.60,10.17,17.52
532,444700436,"00532M07:01:23.871","00532 07:14:27",201.61,895.80,,,,"     ",3.60,10.19,17.52
532,444700437,"00532M07:01:24.844","00532 07:14:28",201.60,895.76,,,,"     ",3.60,10.20,17.48
532,444700438,"00532M07:01:25.817","00532 07:14:29",201.61,895.83,,,,"     ",3.60,10.20,17.44
532,444700439,"00532M07:01:26.791","00532 07:14:30",201.63,896.00,,,,"     ",3.60,10.20,17.42
532,444700440,"00532M07:01:27.764","00532 07:14:31",201.68,895.74,,,,"     ",3.60,10.17,17.31
532,444700441,"00532M07:01:28.737","00532 07:14:32",201.74,895.78,,,,"     ",3.60,10.20,17.33
532,444700442,"00532M07:01:29.710","00532 07:14:33",201.83,895.72,,,,"     ",3.60,10.20,17.29
532,444700443,"00532M07:01:30.684","00532 07:14:34",201.92,895.78,,,,"     ",3.60,10.18,17.22
532,444700444,"00532M07:01:31.657","00532 07:14:35",202.02,895.77,,,,"     ",3.60,10.22,17.25
532,444700445,"00532M07:01:32.630","00532 07:14:36",202.10,895.84,,,,"     ",3.60,10.25,17.26
532,444700446,"00532M07:01:33.603","00532 07:14:37",202.17,895.75,,,,"     ",3.60,10.24,17.22
532,444700447,"00532M07:01:34.577","00532 07:14:38",202.24,895.86,,,,"     ",3.60,10.25,17.19
532,444700448,"00532M07:01:35.550","00532 07:14:39",202.29,895.70,,,,"     ",3.60,10.24,17.13
532,444700449,"00532M07:01:36.523","00532 07:14:40",202.34,895.79,,,,"     ",3.60,10.24,17.11
532,444700450,"00532M07:01:37.496","00532 07:14:41",202.39,895.86,,,,"     ",3.60,10.21,17.02
532,444700451,"00532M07:01:38.470","00532 07:14:42",202.45,895.77,,,,"     ",3.60,10.31,17.16
532,444700452,"00532M07:01:39.443","00532 07:14:43",202.52,895.76,,,,"     ",3.60,10.27,17.06
532,444700453,"00532M07:01:40.416","00532 07:14:44",202.59,895.71,,,,"     ",3.60,10.25,16.98
532,444700454,"00532M07:01:41.389","00532 07:14:45",202.65,895.55,,,,"     ",3.60,10.30,17.04
532,444700455,"00532M07:01:42.363","00532 07:14:46",202.70,895.57,,,,"     ",3.60,10.25,16.92
532,444700456,"00532M07:01:43.336","00532 07:14:47",202.75,895.73,,,,"     ",3.60,10.25,16.90
532,444700457,"00532M07:01:44.309","00532 07:14:48",202.79,895.77,,,,"     ",3.60,10.28,16.92
532,444700458,"00532M07:01:45.282","00532 07:14:49",202.83,895.80,,,,"     ",3.60,10.28,16.88
532,444700459,"00532M07:01:46.256","00532 07:14:50",202.88,895.75,,,,"     ",3.60,10.28,16.85
532,444700460,"00532M07:01:47.229","00532 07:14:51",202.93,895.78,,,,"     ",3.60,10.27,16.80
532,444700461,"00532M07:01:48.202","00532 07:14:52",202.98,895.57,,,,"     ",3.60,10.43,17.03
532,444700462,"00532M07:01:49.175","00532 07:14:53",203.03,895.59,,,,"     ",3.60,10.31,16.80
532,444700463,"00532M07:01:50.149","00532 07:14:54",203.07,895.66,,,,"     ",3.60,10.31,16.78
532,444700464,"00532M07:01:51.122","00532 07:14:55",203.10,895.75,,,,"     ",3.60,10.29,16.71
532,444700465,"00532M07:01:52.095","00532 07:14:56",203.13,895.69,,,,"     ",3.60,10.31,16.72
532,444700466,"00532M07:01:53.068","00532 07:14:57",203.14,895.69,,,,"     ",3.60,10.33,16.72
532,444700467,"00532M07:01:54.042","00532 07:14:58",203.16,895.78,,,,"     ",3.60,10.31,16.66
532,444700468,"00532M07:01:55.015","00532 07:14:59",203.19,895.71,,,,"     ",3.60,10.33,16.66
532,444700469,"00532M07:01:55.988","00532 07:15:00",203.22,895.72,,,,"     ",3.60,10.34,16.65
532,444700470,"00532M07:01:56.961","00532 07:15:01",203.26,895.72,,,,"     ",3.60,10.33,16.62
532,444700471,"00532M07:01:57.935","00532 07:15:01",203.29,895.65,,,,"     ",3.60,10.35,16.61
532,444700472,"00532M07:01:58.908","00532 07:15:02",203.30,895.73,,,,"     ",3.60,10.34,16.58
532,444700473,"00532M07:01:59.881","00532 07:15:03",203.30,895.69,,,,"     ",3.60,10.40,16.64
532,444700474,"00532M07:02:00.854","00532 07:15:04",203.29,895.83,,,,"     ",3.60,10.34,16.53
532,444700475,"00532M07:02:01.828","00532 07:15:05",203.28,895.73,,,,"     ",3.60,10.31,16.44
532,444700476,"00532M07:02:02.801","00532 07:15:06",203.29,895.74,,,,"     ",3.60,10.38,16.53
532,444700477,"00532M07:02:03.774","00532 07:15:07",203.31,895.63,,,,"     ",3.60,10.35,16.46
532,444700478,"00532M07:02:04.747","00532 07:15:08",203.33,895.74,,,,"     ",3.60,10.26,16.29
532,444700479,"00532M07:02:05.721","00532 07:15:09",203.37,895.68,,,,"     ",3.60,10.42,16.52
532,444700480,"00532M07:02:06.694","00532 07:15:10",203.41,895.68,,,,"     ",3.60,10.24,16.19
532,444700481,"00532M07:02:07.667","00532 07:15:11",203.46,895.86,,,,"     ",3.60,10.38,16.41
532,444700482,"00532M07:02:08.641","00532 07:15:12",203.52,895.90,,,,"     ",3.60,10.39,16.40
532,444700483,"00532M07:02:09.614","00532 07:15:13",203.57,896.01,,,,"     ",3.60,10.48,16.53
532,444700484,"00532M07:02:10.587","00532 07:15:14",203.63,895.79,,,,"     ",3.60,10.37,16.31
532,444700485,"00532M07:02:11.560","00532 07:15:15",203.70,895.90,,,,"     ",3.60,10.40,16.35
532,444700486,"00532M07:02:12.534","00532 07:15:16",203.75,895.80,,,,"     ",3.60,10.37,16.27
532,444700487,"00532M07:02:13.507","00532 07:15:17",203.78,895.84,,,,"     ",3.60,10.41,16.32
532,444700488,"00532M07:02:14.480","00532 07:15:18",203.81,895.75,,,,"     ",3.60,10.41,16.28
532,444700489,"00532M07:02:15.453","00532 07:15:19",203.83,895.78,,,,"     ",3.60,10.41,16.27
532,444700490,"00532M07:02:16.427","00532 07:15:20",203.85,895.74,,,,"     ",3.60,10.39,16.21
532,444700491,"00532M07:02:17.400","00532 07:15:21",203.87,895.74,,,,"     ",3.60,10.43,16.25
532,444700492,"00532M07:02:18.373","00532 07:15:22",203.90,895.80,,,,"     ",3.60,10.41,16.19
532,444700493,"00532M07:02:19.346","00532 07:15:23",203.96,895.74,,,,"     ",3.60,10.41,16.16
532,444700494,"00532M07:02:20.320","00532 07:15:24",204.05,895.75,,,,"     ",3.60,10.41,16.15
532,444700495,"00532M07:02:21.293","00532 07:15:25",204.16,895.80,,,,"     ",3.60,10.42,16.14
532,444700496,"00532M07:02:22.266","00532 07:15:26",204.29,895.75,,,,"     ",3.60,10.45,16.17
532,444700497,"00532M07:02:23.239","00532 07:15:27",204.41,895.77,,,,"     ",3.60,10.42,16.09
532,444700498,"00532M07:02:24.213","00532 07:15:28",204.51,895.86,,,,"     ",3.60,10.43,16.09
532,444700499,"00532M07:02:25.186","00532 07:15:29",203.19,895.77,,,,"     ",3.60,10.45,16.11
532,444700500,"00532M07:02:26.159","00532 07:15:30",203.24,895.77,,,,"     ",3.60,10.47,16.10
532,444700501,"00532M07:02:27.132","00532 07:15:31",203.28,895.84,,,,"     ",3.60,10.29,15.81
532,444700502,"00532M07:02:28.106","00532 07:15:32",203.31,895.98,,,,"     ",3.60,10.43,16.00
532,444700503,"00532M07:02:29.079","00532 07:15:33",203.32,895.91,,,,"     ",3.60,10.59,16.21
532,444700504,"00532M07:02:30.052","00532 07:15:34",203.32,895.85,,,,"     ",3.60,10.44,15.97
532,444700505,"00532M07:02:31.025","00532 07:15:35",204.79,895.90,,,,"     ",3.60,10.47,16.00
532,444700506,"00532M07:02:31.999","00532 07:15:36",204.75,895.87,,,,"     ",3.60,10.60,16.17
532,444700507,"00532M07:02:32.972","00532 07:15:37",204.68,895.78,,,,"     ",3.60,10.48,15.97
532,444700508,"00532M07:02:33.945","00532 07:15:38",204.60,895.88,,,,"     ",3.60,10.49,15.96
532,444700509,"00532M07:02:34.918","00532 07:15:38",204.54,895.82,,,,"     ",3.60,10.50,15.96
532,444700510,"00532M07:02:35.892","00532 07:15:39",204.49,895.90,,,,"     ",3.60,10.51,15.96
532,444700511,"00532M07:02:36.865","00532 07:15:40",204.47,895.87,,,,"     ",3.60,10.51,15.93
532,444700512,"00532M07:02:37.838","00532 07:15:41",204.48,895.86,,,,"     ",3.60,10.53,15.94
532,444700513,"00532M07:02:38.811","00532 07:15:42",204.49,895.77,,,,"     ",3.60,10.51,15.89
532,444700514,"00532M07:02:39.785","00532 07:15:43",204.51,895.74,,,,"     ",3.60,10.53,15.90
532,444700515,"00532M07:02:40.758","00532 07:15:44",204.53,895.80,,,,"     ",3.60,10.54,15.90
532,444700516,"00532M07:02:41.731","00532 07:15:45",204.55,895.82,,,,"     ",3.60,10.50,15.81
532,444700517,"00532M07:02:42.704","00532 07:15:46",204.58,895.78,,,,"     ",3.60,10.49,15.77
532,444700518,"00532M07:02:43.678","00532 07:15:47",204.63,895.81,,,,"     ",3.60,10.54,15.84
532,444700519,"00532M07:02:44.651","00532 07:15:48",204.70,895.85,,,,"     ",3.60,10.53,15.80
532,444700520,"00532M07:02:45.624","00532 07:15:49",204.80,895.92,,,,"     ",3.60,10.50,15.73
532,444700521,"00532M07:02:46.597","00532 07:15:50",204.92,895.90,,,,"     ",3.60,10.53,15.75
532,444700522,"00532M07:02:47.571","00532 07:15:51",205.07,895.87,,,,"     ",3.60,10.47,15.65
532,444700523,"00532M07:02:48.544","00532 07:15:52",203.64,895.84,,,,"     ",3.60,10.50,15.68
532,444700524,"00532M07:02:49.517","00532 07:15:53",203.74,895.82,,,,"     ",3.60,10.50,15.64
532,444700525,"00532M07:02:50.490","00532 07:15:54",203.82,895.97,,,,"     ",3.60,10.42,15.52
532,444700526,"00532M07:02:51.464","00532 07:15:55",203.88,895.96,,,,"     ",3.60,10.53,15.66
532,444700527,"00532M07:02:52.437","00532 07:15:56",203.92,895.94,,,,"     ",3.60,10.52,15.62
532,444700528,"00532M07:02:53.410","00532 07:15:57",203.95,895.80,,,,"     ",3.60,10.52,15.60
532,444700529,"00532M07:02:54.383","00532 07:15:58",205.62,895.84,,,,"     ",3.60,10.53,15.61
532,444700530,"00532M07:02:55.357","00532 07:15:59",205.64,895.83,,,,"     ",3.60,10.69,15.81
532,444700531,"00532M07:02:56.330","00532 07:16:00",205.65,895.78,,,,"     ",3.60,10.55,15.59
532,444700532,"00532M07:02:57.303","00532 07:16:01",205.65,895.81,,,,"     ",3.60,10.55,15.57
532,444700533,"00532M07:02:58.276","00532 07:16:02",205.63,895.92,,,,"     ",3.60,10.56,15.56
532,444700534,"00532M07:02:59.250","00532 07:16:03",205.60,895.84,,,,"     ",3.60,10.55,15.52
532,444700535,"00532M07:03:00.223","00532 07:16:04",205.58,895.92,,,,"     ",3.60,10.55,15.51
532,444700536,"00532M07:03:01.196","00532 07:16:05",205.56,895.90,,,,"     ",3.60,10.55,15.49
532,444700537,"00532M07:03:02.169","00532 07:16:06",205.57,895.80,,,,"     ",3.60,10.47,15.36
532,444700538,"00532M07:03:03.143","00532 07:16:07",205.61,895.92,,,,"     ",3.60,10.59,15.52
532,444700539,"00532M07:03:04.116","00532 07:16:08",205.66,895.81,,,,"     ",3.60,10.57,15.47
532,444700540,"00532M07:03:05.089","00532 07:16:09",204.02,895.90,,,,"     ",3.60,10.60,15.49
532,444700541,"00532M07:03:06.062","00532 07:16:10",204.08,895.89,,,,"     ",3.60,10.57,15.43
532,444700542,"00532M07:03:07.036","00532 07:16:11",204.12,895.89,,,,"     ",3.60,10.61,15.47
532,444700543,"00532M07:03:08.009","00532 07:16:12",204.17,895.88,,,,"     ",3.60,10.57,15.39
532,444700544,"00532M07:03:08.982","00532 07:16:13",204.22,895.85,,,,"     ",3.60,10.58,15.38
532,444700545,"00532M07:03:09.955","00532 07:16:14",204.28,895.89,,,,"     ",3.60,10.65,15.47
532,444700546,"00532M07:03:10.929","00532 07:16:14",204.34,895.86,,,,"     ",3.60,10.61,15.38
532,444700547,"00532M07:03:11.902","00532 07:16:15",204.39,895.93,,,,"     ",3.60,10.61,15.37
532,444700548,"00532M07:03:12.875","00532 07:16:16",204.42,895.83,,,,"     ",3.60,10.60,15.33
532,444700549,"00532M07:03:13.848","00532 07:16:17",204.43,895.78,,,,"     ",3.60,10.58,15.29
532,444700550,"00532M07:03:14.822","00532 07:16:18",204.42,895.73,,,,"     ",3.60,10.45,15.08
532,444700551,"00532M07:03:15.795","00532 07:16:19",204.37,895.91,,,,"     ",3.60,10.58,15.26
532,444700552,"00532M07:03:16.768","00532 07:16:20",204.32,895.84,,,,"     ",3.60,10.63,15.30
532,444700553,"00532M07:03:17.742","00532 07:16:21",204.28,895.90,,,,"     ",3.60,10.62,15.27
532,444700554,"00532M07:03:18.715","00532 07:16:22",204.27,895.90,,,,"     ",3.60,10.61,15.25
532,444700555,"00532M07:03:19.688","00532 07:16:23",204.27,896.07,,,,"     ",3.60,10.79,15.49
532,444700556,"00532M07:03:20.661","00532 07:16:24",205.92,895.92,,,,"     ",3.60,10.65,15.26
532,444700557,"00532M07:03:21.635","00532 07:16:25",205.90,895.95,,,,"     ",3.60,10.65,15.24
532,444700558,"00532M07:03:22.608","00532 07:16:26",205.88,895.83,,,,"     ",3.60,10.65,15.23
532,444700559,"00532M07:03:23.581","00532 07:16:27",205.87,895.91,,,,"     ",3.60,10.65,15.21
532,444700560,"00532M07:03:24.554","00532 07:16:28",205.88,895.86,,,,"     ",3.60,10.65,15.18
532,444700561,"00532M07:03:25.528","00532 07:16:29",205.92,895.86,,,,"     ",3.60,10.65,15.17
532,444700562,"00532M07:03:26.501","00532 07:16:30",205.99,895.86,,,,"     ",3.60,10.66,15.17
532,444700563,"00532M07:03:27.474","00532 07:16:31",204.44,895.91,,,,"     ",3.60,10.65,15.14
532,444700564,"00532M07:03:28.447","00532 07:16:32",204.54,895.84,,,,"     ",3.60,10.68,15.15
532,444700565,"00532M07:03:29.421","00532 07:16:33",204.68,895.94,,,,"     ",3.60,10.67,15.11
532,444700566,"00532M07:03:30.394","00532 07:16:34",204.82,895.94,,,,"     ",3.60,10.68,15.12
532,444700567,"00532M07:03:31.367","00532 07:16:35",204.92,895.87,,,,"     ",3.60,10.72,15.16
532,444700568,"00532M07:03:32.340","00532 07:16:36",204.97,895.88,,,,"     ",3.60,10.74,15.17
532,444700569,"00532M07:03:33.314","00532 07:16:37",204.99,895.97,,,,"     ",3.60,10.71,15.11
532,444700570,"00532M07:03:34.287","00532 07:16:38",204.97,895.84,,,,"     ",3.60,10.70,15.07
532,444700571,"00532M07:03:35.260","00532 07:16:39",204.91,895.86,,,,"     ",3.60,10.70,15.06
532,444700572,"00532M07:03:36.233","00532 07:16:40",204.84,895.90,,,,"     ",3.60,10.71,15.05
532,444700573,"00532M07:03:37.207","00532 07:16:41",204.76,895.90,,,,"     ",3.60,10.70,15.03
532,444700574,"00532M07:03:38.180","00532 07:16:42",204.70,895.78,,,,"     ",3.60,10.73,15.05
532,444700575,"00532M07:03:39.153","00532 07:16:43",204.65,895.77,,,,"     ",3.60,10.72,15.01
532,444700576,"00532M07:03:40.126","00532 07:16:44",204.61,895.69,,,,"     ",3.60,10.61,14.83
532,444700577,"00532M07:03:41.100","00532 07:16:45",204.59,895.95,,,,"     ",3.60,10.72,14.98
532,444700578,"00532M07:03:42.073","00532 07:16:46",204.60,895.98,,,,"     ",3.60,10.73,14.98
532,444700579,"00532M07:03:43.046","00532 07:16:47",204.62,896.03,,,,"     ",3.60,10.70,14.91
532,444700580,"00532M07:03:44.019","00532 07:16:48",204.66,895.87,,,,"     ",3.60,10.76,14.97
532,444700581,"00532M07:03:44.993","00532 07:16:49",204.71,895.96,,,,"     ",3.60,10.88,15.14
532,444700582,"00532M07:03:45.966","00532 07:16:50",204.76,895.84,,,,"     ",3.60,10.74,14.91
532,444700583,"00532M07:03:46.939","00532 07:16:51",204.81,895.80,,,,"     ",3.60,10.78,14.95
532,444700584,"00532M07:03:47.912","00532 07:16:51",204.86,895.96,,,,"     ",3.60,10.74,14.88
532,444700585,"00532M07:03:48.886","00532 07:16:52",204.91,895.85,,,,"     ",3.60,10.76,14.88
532,444700586,"00532M07:03:49.859","00532 07:16:53",204.95,895.84,,,,"     ",3.60,10.80,14.94
532,444700587,"00532M07:03:50.832","00532 07:16:54",204.98,895.88,,,,"     ",3.60,10.81,14.93
532,444700588,"00532M07:03:51.805","00532 07:16:55",205.01,895.96,,,,"     ",3.60,10.81,14.91
532,444700589,"00532M07:03:52.779","00532 07:16:56",205.04,895.89,,,,"     ",3.60,10.77,14.83
532,444700590,"00532M07:03:53.752","00532 07:16:57",205.07,895.89,,,,"     ",3.60,10.77,14.82
532,444700591,"00532M07:03:54.725","00532 07:16:58",205.09,895.86,,,,"     ",3.60,10.78,14.81
532,444700592,"00532M07:03:55.698","00532 07:16:59",205.13,895.87,,,,"     ",3.60,10.79,14.80
532,444700593,"00532M07:03:56.672","00532 07:17:00",205.17,895.93,,,,"     ",3.60,10.79,14.79
532,444700594,"00532M07:03:57.645","00532 07:17:01",205.23,895.88,,,,"     ",3.60,10.79,14.78
532,444700595,"00532M07:03:58.618","00532 07:17:02",205.28,895.92,,,,"     ",3.60,10.82,14.80
532,444700596,"00532M07:03:59.591","00532 07:17:03",205.31,895.92,,,,"     ",3.60,10.81,14.76
532,444700597,"00532M07:04:00.565","00532 07:17:04",205.30,895.89,,,,"     ",3.60,10.82,14.76
532,444700598,"00532M07:04:01.538","00532 07:17:05",205.26,895.86,,,,"     ",3.60,10.85,14.79
532,444700599,"00532M07:04:02.511","00532 07:17:06",205.20,895.88,,,,"     ",3.60,10.82,14.72
532,444700600,"00532M07:04:03.484","00532 07:17:07",205.15,895.91,,,,"     ",3.60,10.85,14.75
532,444700601,"00532M07:04:04.458","00532 07:17:08",205.10,895.76,,,,"     ",3.60,10.82,14.69
532,444700602,"00532M07:04:05.431","00532 07:17:09",205.07,895.75,,,,"     ",3.60,10.81,14.66
532,444700603,"00532M07:04:06.404","00532 07:17:10",205.05,895.71,,,,"     ",3.60,10.67,14.46
532,444700604,"00532M07:04:07.377","00532 07:17:11",205.05,895.87,,,,"     ",3.60,10.86,14.69
532,444700605,"00532M07:04:08.351","00532 07:17:12",205.06,895.92,,,,"     ",3.60,10.86,14.68
532,444700606,"00532M07:04:09.324","00532 07:17:13",205.08,895.92,,,,"     ",3.60,10.84,14.64
532,444700607,"00532M07:04:10.297","00532 07:17:14",205.12,896.00,,,,"     ",3.60,10.83,14.60
532,444700608,"00532M07:04:11.270","00532 07:17:15",205.17,895.82,,,,"     ",3.60,10.97,14.77
532,444700609,"00532M07:04:12.244","00532 07:17:16",205.23,895.89,,,,"     ",3.60,10.86,14.60
532,444700610,"00532M07:04:13.217","00532 07:17:17",205.31,895.88,,,,"     ",3.60,10.87,14.61
532,444700611,"00532M07:04:14.190","00532 07:17:18",205.38,895.86,,,,"     ",3.60,10.84,14.55
532,444700612,"00532M07:04:15.163","00532 07:17:19",205.46,895.96,,,,"     ",3.60,10.82,14.50
532,444700613,"00532M07:04:16.137","00532 07:17:20",205.52,895.86,,,,"     ",3.60,10.88,14.56
532,444700614,"00532M07:04:17.110","00532 07:17:21",205.59,895.83,,,,"     ",3.60,10.83,14.48
532,444700615,"00532M07:04:18.083","00532 07:17:22",205.65,895.83,,,,"     ",3.60,10.91,14.56
532,444700616,"00532M07:04:19.056","00532 07:17:23",205.72,895.89,,,,"     ",3.60,10.84,14.46
532,444700617,"00532M07:04:20.030","00532 07:17:24",205.80,895.84,,,,"     ",3.60,10.89,14.51
532,444700618,"00532M07:04:21.003","00532 07:17:25",205.87,895.85,,,,"     ",3.60,10.89,14.49
532,444700619,"00532M07:04:21.976","00532 07:17:26",205.92,895.89,,,,"     ",3.60,10.90,14.48
532,444700620,"00532M07:04:22.949","00532 07:17:27",205.95,895.93,,,,"     ",3.60,10.93,14.51
532,444700621,"00532M07:04:23.923","00532 07:17:27",205.97,895.84,,,,"     ",3.60,10.90,14.45
532,444700622,"00532M07:04:24.896","00532 07:17:28",205.98,895.85,,,,"     ",3.60,10.91,14.44
532,444700623,"00532M07:04:25.869","00532 07:17:29",205.97,895.88,,,,"     ",3.60,10.93,14.45
532,444700624,"00532M07:04:26.843","00532 07:17:30",205.95,895.83,,,,"     ",3.60,10.92,14.42
532,444700625,"00532M07:04:27.816","00532 07:17:31",205.95,895.87,,,,"     ",3.60,10.87,14.34
532,444700626,"00532M07:04:28.789","00532 07:17:32",205.94,895.76,,,,"     ",3.60,10.93,14.40
532,444700627,"00532M07:04:29.762","00532 07:17:33",205.92,895.84,,,,"     ",3.60,10.94,14.40
532,444700628,"00532M07:04:30.736","00532 07:17:34",205.89,895.84,,,,"     ",3.60,10.92,14.36
532,444700629,"00532M07:04:31.709","00532 07:17:35",205.84,895.85,,,,"     ",3.60,10.94,14.36
532,444700630,"00532M07:04:32.682","00532 07:17:36",205.78,895.78,,,,"     ",3.60,10.91,14.31
532,444700631,"00532M07:04:33.655","00532 07:17:37",205.74,895.96,,,,"     ",3.60,10.96,14.36
532,444700632,"00532M07:04:34.629","00532 07:17:38",205.71,895.96,,,,"     ",3.60,10.92,14.29
532,444700633,"00532M07:04:35.602","00532 07:17:39",205.70,896.03,,,,"     ",3.60,10.94,14.29
532,444700634,"00532M07:04:36.575","00532 07:17:40",205.71,895.96,,,,"     ",3.60,10.94,14.28
532,444700635,"00532M07:04:37.548","00532 07:17:41",205.72,895.97,,,,"     ",3.60,10.99,14.33
532,444700636,"00532M07:04:38.522","00532 07:17:42",205.73,895.89,,,,"     ",3.60,10.99,14.31
532,444700637,"00532M07:04:39.495","00532 07:17:43",205.74,895.88,,,,"     ",3.60,10.93,14.21
532,444700638,"00532M07:04:40.468","00532 07:17:44",205.74,895.95,,,,"     ",3.60,11.01,14.30
532,444700639,"00532M07:04:41.441","00532 07:17:45",205.73,895.92,,,,"     ",3.60,11.01,14.28
532,444700640,"00532M07:04:42.415","00532 07:17:46",205.72,895.87,,,,"     ",3.60,10.96,14.21
532,444700641,"00532M07:04:43.388","00532 07:17:47",205.72,895.92,,,,"     ",3.60,10.96,14.19
532,444700642,"00532M07:04:44.361","00532 07:17:48",205.72,895.86,,,,"     ",3.60,10.94,14.13
532,444700643,"00532M07:04:45.334","00532 07:17:49",205.71,895.96,,,,"     ",3.60,10.99,14.20
532,444700644,"00532M07:04:46.308","00532 07:17:50",205.71,895.94,,,,"     ",3.60,10.98,14.17
532,444700645,"00532M07:04:47.281","00532 07:17:51",205.70,895.94,,,,"     ",3.60,11.00,14.17
532,444700646,"00532M07:04:48.254","00532 07:17:52",205.71,895.89,,,,"     ",3.60,11.02,14.17
532,444700647,"00532M07:04:49.227","00532 07:17:53",205.71,895.86,,,,"     ",3.60,10.97,14.10
532,444700648,"00532M07:04:50.201","00532 07:17:54",205.72,895.93,,,,"     ",3.60,10.99,14.11
532,444700649,"00532M07:04:51.174","00532 07:17:55",205.72,895.99,,,,"     ",3.60,11.00,14.10
532,444700650,"00532M07:04:52.147","00532 07:17:56",205.73,895.89,,,,"     ",3.60,11.02,14.11
532,444700651,"00532M07:04:53.120","00532 07:17:57",205.75,895.91,,,,"     ",3.60,11.03,14.10
532,444700652,"00532M07:04:54.094","00532 07:17:58",205.77,895.98,,,,"     ",3.60,10.98,14.02
532,444700653,"00532M07:04:55.067","00532 07:17:59",205.79,895.95,,,,"     ",3.60,11.03,14.07
532,444700654,"00532M07:04:56.040","00532 07:18:00",205.82,895.98,,,,"     ",3.60,10.99,14.00
532,444700655,"00532M07:04:57.013","00532 07:18:01",205.84,895.86,,,,"     ",3.60,11.05,14.07
532,444700656,"00532M07:04:57.987","00532 07:18:02",205.87,895.93,,,,"     ",3.60,11.03,14.02
532,444700657,"00532M07:04:58.960","00532 07:18:03",205.90,895.91,,,,"     ",3.60,10.98,13.94
532,444700658,"00532M07:04:59.933","00532 07:18:04",205.94,895.82,,,,"     ",3.60,11.01,13.96
532,444700659,"00532M07:05:00.906","00532 07:18:04",205.99,895.98,,,,"     ",3.60,11.01,13.95
532,444700660,"00532M07:05:01.880","00532 07:18:05",206.04,895.92,,,,"     ",3.60,10.99,13.90
532,444700661,"00532M07:05:02.853","00532 07:18:06",206.08,896.03,,,,"     ",3.60,11.02,13.92
532,444700662,"00532M07:05:03.826","00532 07:18:07",206.11,896.05,,,,"     ",3.60,11.08,13.99
532,444700663,"00532M07:05:04.799","00532 07:18:08",206.13,896.16,,,,"     ",3.60,11.04,13.91
532,444700664,"00532M07:05:05.773","00532 07:18:09",206.14,895.95,,,,"     ",3.60,11.07,13.94
532,444700665,"00532M07:05:06.746","00532 07:18:10",206.15,895.87,,,,"     ",3.60,11.05,13.90
532,444700666,"00532M07:05:07.719","00532 07:18:11",206.15,895.86,,,,"     ",3.60,11.04,13.88
532,444700667,"00532M07:05:08.692","00532 07:18:12",206.14,895.85,,,,"     ",3.60,11.08,13.91
532,444700668,"00532M07:05:09.666","00532 07:18:13",206.12,895.89,,,,"     ",3.60,11.06,13.86
532,444700669,"00532M07:05:10.639","00532 07:18:14",206.08,895.91,,,,"     ",3.60,11.06,13.85
532,444700670,"00532M07:05:11.612","00532 07:18:15",206.02,895.95,,,,"     ",3.60,11.07,13.84
532,444700671,"00532M07:05:12.585","00532 07:18:16",205.96,895.95,,,,"     ",3.60,11.05,13.79
532,444700672,"00532M07:05:13.559","00532 07:18:17",205.91,895.95,,,,"     ",3.60,11.08,13.83
532,444700673,"00532M07:05:14.532","00532 07:18:18",205.86,895.87,,,,"     ",3.60,11.07,13.79
532,444700674,"00532M07:05:15.505","00532 07:18:19",205.83,895.90,,,,"     ",3.60,11.09,13.80
532,444700675,"00532M07:05:16.478","00532 07:18:20",205.80,895.92,,,,"     ",3.60,11.10,13.79
532,444700676,"00532M07:05:17.452","00532 07:18:21",205.79,895.88,,,,"     ",3.60,11.09,13.76
532,444700677,"00532M07:05:18.425","00532 07:18:22",205.78,895.88,,,,"     ",3.60,10.97,13.60
532,444700678,"00532M07:05:19.398","00532 07:18:23",205.79,895.94,,,,"     ",3.60,11.06,13.70
532,444700679,"00532M07:05:20.371","00532 07:18:24",205.81,895.92,,,,"     ",3.60,11.08,13.70
532,444700680,"00532M07:05:21.345","00532 07:18:25",205.82,895.90,,,,"     ",3.60,11.10,13.71
532,444700681,"00532M07:05:22.318","00532 07:18:26",205.84,895.91,,,,"     ",3.60,11.06,13.65
532,444700682,"00532M07:05:23.291","00532 07:18:27",205.87,895.93,,,,"     ",3.60,11.08,13.66
532,444700683,"00532M07:05:24.264","00532 07:18:28",205.90,895.90,,,,"     ",3.60,11.07,13.63
532,444700684,"00532M07:05:25.238","00532 07:18:29",205.92,895.97,,,,"     ",3.60,11.08,13.63
532,444700685,"00532M07:05:26.211","00532 07:18:30",207.77,896.01,,,,"     ",3.60,11.11,13.65
532,444700686,"00532M07:05:27.184","00532 07:18:31",207.77,895.83,,,,"     ",3.60,11.15,13.68
532,444700687,"00532M07:05:28.157","00532 07:18:32",207.76,895.79,,,,"     ",3.60,11.11,13.61
532,444700688,"00532M07:05:29.131","00532 07:18:33",207.74,895.92,,,,"     ",3.60,11.04,13.52
532,444700689,"00532M07:05:30.104","00532 07:18:34",207.71,896.00,,,,"     ",3.60,11.13,13.61
532,444700690,"00532M07:05:31.077","00532 07:18:35",207.68,895.97,,,,"     ",3.60,11.14,13.60
532,444700691,"00532M07:05:32.050","00532 07:18:36",207.65,895.88,,,,"     ",3.60,11.14,13.59
532,444700692,"00532M07:05:33.024","00532 07:18:37",207.64,895.97,,,,"     ",3.60,11.15,13.59
532,444700693,"00532M07:05:33.997","00532 07:18:38",205.87,895.76,,,,"     ",3.60,11.12,13.52
532,444700694,"00532M07:05:34.970","00532 07:18:39",205.87,895.92,,,,"     ",3.60,11.13,13.53
532,444700695,"00532M07:05:35.943","00532 07:18:40",205.87,895.92,,,,"     ",3.60,11.12,13.50
532,444700696,"00532M07:05:36.917","00532 07:18:40",205.85,895.88,,,,"     ",3.60,11.09,13.45
532,444700697,"00532M07:05:37.890","00532 07:18:41",205.83,895.89,,,,"     ",3.60,11.11,13.46
532,444700698,"00532M07:05:38.863","00532 07:18:42",205.80,895.94,,,,"     ",3.60,11.13,13.47
532,444700699,"00532M07:05:39.837","00532 07:18:43",205.76,895.96,,,,"     ",3.60,11.18,13.51
532,444700700,"00532M07:05:40.810","00532 07:18:44",205.71,895.86,,,,"     ",3.60,11.15,13.46
532,444700701,"00532M07:05:41.783","00532 07:18:45",207.21,895.92,,,,"     ",3.60,11.15,13.45
532,444700702,"00532M07:05:42.756","00532 07:18:46",207.11,895.93,,,,"     ",3.60,11.19,13.47
532,444700703,"00532M07:05:43.730","00532 07:18:47",207.00,896.04,,,,"     ",3.60,11.13,13.39
532,444700704,"00532M07:05:44.703","00532 07:18:48",206.88,895.99,,,,"     ",3.60,11.15,13.39
532,444700705,"00532M07:05:45.676","00532 07:18:49",206.76,896.06,,,,"     ",3.60,11.16,13.39
532,444700706,"00532M07:05:46.649","00532 07:18:50",206.62,896.00,,,,"     ",3.60,11.19,13.42
532,444700707,"00532M07:05:47.623","00532 07:18:51",207.13,895.98,,,,"     ",3.60,11.12,13.32
532,444700708,"00532M07:05:48.596","00532 07:18:52",206.97,895.99,,,,"     ",3.60,11.19,13.38
532,444700709,"00532M07:05:49.569","00532 07:18:53",206.82,895.92,,,,"     ",3.60,11.20,13.39
532,444700710,"00532M07:05:50.542","00532 07:18:54",206.69,895.95,,,,"     ",3.60,11.20,13.36
532,444700711,"00532M07:05:51.516","00532 07:18:55",206.57,895.93,,,,"     ",3.60,11.20,13.36
532,444700712,"00532M07:05:52.489","00532 07:18:56",206.46,895.96,,,,"     ",3.60,11.20,13.34
532,444700713,"00532M07:05:53.462","00532 07:18:57",206.36,895.97,,,,"     ",3.60,11.17,13.28
532,444700714,"00532M07:05:54.435","00532 07:18:58",206.28,895.95,,,,"     ",3.60,11.13,13.22
532,444700715,"00532M07:05:55.409","00532 07:18:59",206.20,895.90,,,,"     ",3.60,11.23,13.34
532,444700716,"00532M07:05:56.382","00532 07:19:00",206.14,895.95,,,,"     ",3.60,11.19,13.27
532,444700717,"00532M07:05:57.355","00532 07:19:01",206.09,895.94,,,,"     ",3.60,11.24,13.31
532,444700718,"00532M07:05:58.328","00532 07:19:02",206.05,896.19,,,,"     ",3.60,11.23,13.29
532,444700719,"00532M07:05:59.302","00532 07:19:03",206.02,896.11,,,,"     ",3.60,11.19,13.23
532,444700720,"00532M07:06:00.275","00532 07:19:04",206.00,895.97,,,,"     ",3.60,11.22,13.25
532,444700721,"00532M07:06:01.248","00532 07:19:05",206.01,896.05,,,,"     ",3.60,11.25,13.27
532,444700722,"00532M07:06:02.221","00532 07:19:06",206.04,896.12,,,,"     ",3.60,11.22,13.23
532,444700723,"00532M07:06:03.195","00532 07:19:07",206.06,895.89,,,,"     ",3.60,11.23,13.21
532,444700724,"00532M07:06:04.168","00532 07:19:08",206.08,896.03,,,,"     ",3.60,11.22,13.19
532,444700725,"00532M07:06:05.141","00532 07:19:09",206.09,896.07,,,,"     ",3.60,11.27,13.23
532,444700726,"00532M07:06:06.114","00532 07:19:10",206.08,896.09,,,,"     ",3.60,11.24,13.18
532,444700727,"00532M07:06:07.088","00532 07:19:11",206.06,896.00,,,,"     ",3.60,11.24,13.17
532,444700728,"00532M07:06:08.061","00532 07:19:12",206.03,895.96,,,,"     ",3.60,11.24,13.15
532,444700729,"00532M07:06:09.034","00532 07:19:13",206.00,896.02,,,,"     ",3.60,11.24,13.14
532,444700730,"00532M07:06:10.007","00532 07:19:14",205.96,896.01,,,,"     ",3.60,11.33,13.23
532,444700731,"00532M07:06:10.981","00532 07:19:15",205.90,895.96,,,,"     ",3.60,11.27,13.15
532,444700732,"00532M07:06:11.954","00532 07:19:16",205.83,895.96,,,,"     ",3.60,11.22,13.07
532,444700733,"00532M07:06:12.927","00532 07:19:17",205.75,895.94,,,,"     ",3.60,11.24,13.08
532,444700734,"00532M07:06:13.900","00532 07:19:17",205.68,895.99,,,,"     ",3.60,11.30,13.14
532,444700735,"00532M07:06:14.874","00532 07:19:18",205.62,895.98,,,,"     ",3.60,11.28,13.10
532,444700736,"00532M07:06:15.847","00532 07:19:19",205.55,896.04,,,,"     ",3.60,11.29,13.10
532,444700737,"00532M07:06:16.820","00532 07:19:20",205.48,895.95,,,,"     ",3.60,11.31,13.10
532,444700738,"00532M07:06:17.793","00532 07:19:21",205.39,895.93,,,,"     ",3.60,11.29,13.07
532,444700739,"00532M07:06:18.767","00532 07:19:22",205.31,896.04,,,,"     ",3.60,11.26,13.03
532,444700740,"00532M07:06:19.740","00532 07:19:23",205.22,896.08,,,,"     ",3.60,11.34,13.11
532,444700741,"00532M07:06:20.713","00532 07:19:24",205.15,895.98,,,,"     ",3.60,11.31,13.05
532,444700742,"00532M07:06:21.686","00532 07:19:25",205.09,896.01,,,,"     ",3.60,11.31,13.04
532,444700743,"00532M07:06:22.660","00532 07:19:26",205.06,895.96,,,,"     ",3.60,11.32,13.04
532,444700744,"00532M07:06:23.633","00532 07:19:27",205.05,896.01,,,,"     ",3.60,11.27,12.97
532,444700745,"00532M07:06:24.606","00532 07:19:28",205.04,895.89,,,,"     ",3.60,11.29,12.97
532,444700746,"00532M07:06:25.579","00532 07:19:29",205.05,895.84,,,,"     ",3.60,11.31,12.99
532,444700747,"00532M07:06:26.553","00532 07:19:30",205.07,895.67,,,,"     ",3.60,11.31,12.97
532,444700748,"00532M07:06:27.526","00532 07:19:31",205.10,895.80,,,,"     ",3.60,11.13,12.74
532,444700749,"00532M07:06:28.499","00532 07:19:32",205.12,895.96,,,,"     ",3.60,11.29,12.92
532,444700750,"00532M07:06:29.472","00532 07:19:33",205.13,896.01,,,,"     ",3.60,11.29,12.91
532,444700751,"00532M07:06:30.446","00532 07:19:34",205.13,896.04,,,,"     ",3.60,11.29,12.89
532,444700752,"00532M07:06:31.419","00532 07:19:35",205.12,896.02,,,,"     ",3.60,11.32,12.91
532,444700753,"00532M07:06:32.392","00532 07:19:36",205.10,895.85,,,,"     ",3.60,11.47,13.06
532,444700754,"00532M07:06:33.365","00532 07:19:37",205.05,895.89,,,,"     ",3.60,11.31,12.88
532,444700755,"00532M07:06:34.339","00532 07:19:38",205.00,896.01,,,,"     ",3.60,11.31,12.87
532,444700756,"00532M07:06:35.312","00532 07:19:39",204.93,895.99,,,,"     ",3.60,11.33,12.87
532,444700757,"00532M07:06:36.285","00532 07:19:40",204.84,895.99,,,,"     ",3.60,11.35,12.88
532,444700758,"00532M07:06:37.258","00532 07:19:41",204.75,896.05,,,,"     ",3.60,11.33,12.85
532,444700759,"00532M07:06:38.232","00532 07:19:42",204.65,896.06,,,,"     ",3.60,11.27,12.76
532,444700760,"00532M07:06:39.205","00532 07:19:43",204.56,896.03,,,,"     ",3.60,11.32,12.81
532,444700761,"00532M07:06:40.178","00532 07:19:44",204.50,896.05,,,,"     ",3.60,11.30,12.77
532,444700762,"00532M07:06:41.151","00532 07:19:45",204.44,896.06,,,,"     ",3.60,11.28,12.73
532,444700763,"00532M07:06:42.125","00532 07:19:46",204.40,896.08,,,,"     ",3.60,11.31,12.76
532,444700764,"00532M07:06:43.098","00532 07:19:47",204.37,896.10,,,,"     ",3.60,11.37,12.82
532,444700765,"00532M07:06:44.071","00532 07:19:48",204.35,896.01,,,,"     ",3.60,11.36,12.79
532,444700766,"00532M07:06:45.044","00532 07:19:49",204.33,896.11,,,,"     ",3.60,11.33,12.73
532,444700767,"00532M07:06:46.018","00532 07:19:50",204.33,896.10,,,,"     ",3.60,11.34,12.74
532,444700768,"00532M07:06:46.991","00532 07:19:51",204.33,896.11,,,,"     ",3.60,11.31,12.69
532,444700769,"00532M07:06:47.964","00532 07:19:52",204.34,896.03,,,,"     ",3.60,11.30,12.66
532,444700770,"00532M07:06:48.938","00532 07:19:53",204.35,896.09,,,,"     ",3.60,11.37,12.73
532,444700771,"00532M07:06:49.911","00532 07:19:53",204.35,896.05,,,,"     ",3.60,11.28,12.62
532,444700772,"00532M07:06:50.884","00532 07:19:54",204.34,896.01,,,,"     ",3.60,11.38,12.72
532,444700773,"00532M07:06:51.857","00532 07:19:55",204.32,896.01,,,,"     ",3.60,11.36,12.68
532,444700774,"00532M07:06:52.831","00532 07:19:56",204.30,895.96,,,,"     ",3.60,11.40,12.71
532,444700775,"00532M07:06:53.804","00532 07:19:57",204.27,895.99,,,,"     ",3.60,11.33,12.62
532,444700776,"00532M07:06:54.777","00532 07:19:58",204.23,896.06,,,,"     ",3.60,11.35,12.63
532,444700777,"00532M07:06:55.750","00532 07:19:59",204.19,896.01,,,,"     ",3.60,11.31,12.57
532,444700778,"00532M07:06:56.724","00532 07:20:00",204.16,895.89,,,,"     ",3.60,11.32,12.56
532,444700779,"00532M07:06:57.697","00532 07:20:01",204.12,895.99,,,,"     ",3.60,11.35,12.59
532,444700780,"00532M07:06:58.670","00532 07:20:02",204.07,895.95,,,,"     ",3.60,11.35,12.57
532,444700781,"00532M07:06:59.643","00532 07:20:03",204.03,896.09,,,,"     ",3.60,11.32,12.54
532,444700782,"00532M07:07:00.617","00532 07:20:04",204.00,896.15,,,,"     ",3.60,11.37,12.58
532,444700783,"00532M07:07:01.590","00532 07:20:05",203.96,896.17,,,,"     ",3.60,11.38,12.57
532,444700784,"00532M07:07:02.563","00532 07:20:06",203.94,896.05,,,,"     ",3.60,11.38,12.57
532,444700785,"00532M07:07:03.536","00532 07:20:07",203.93,896.01,,,,"     ",3.60,11.29,12.44
532,444700786,"00532M07:07:04.510","00532 07:20:08",203.94,896.03,,,,"     ",3.60,11.37,12.52
532,444700787,"00532M07:07:05.483","00532 07:20:09",203.94,896.05,,,,"     ",3.60,11.37,12.51
532,444700788,"00532M07:07:06.456","00532 07:20:10",203.94,896.02,,,,"     ",3.60,11.34,12.47
532,444700789,"00532M07:07:07.429","00532 07:20:11",203.94,896.01,,,,"     ",3.60,11.34,12.46
532,444700790,"00532M07:07:08.403","00532 07:20:12",203.92,895.98,,,,"     ",3.60,11.38,12.49
532,444700791,"00532M07:07:09.376","00532 07:20:13",203.89,896.04,,,,"     ",3.60,11.35,12.44
532,444700792,"00532M07:07:10.349","00532 07:20:14",203.83,896.00,,,,"     ",3.60,11.39,12.47
532,444700793,"00532M07:07:11.322","00532 07:20:15",203.76,896.02,,,,"     ",3.60,11.34,12.40
532,444700794,"00532M07:07:12.296","00532 07:20:16",203.67,895.95,,,,"     ",3.60,11.38,12.44
532,444700795,"00532M07:07:13.269","00532 07:20:17",203.58,896.00,,,,"     ",3.60,11.36,12.41
532,444700796,"00532M07:07:14.242","00532 07:20:18",203.48,895.98,,,,"     ",3.60,11.41,12.44
532,444700797,"00532M07:07:15.215","00532 07:20:19",203.39,896.08,,,,"     ",3.60,11.35,12.36
532,444700798,"00532M07:07:16.189","00532 07:20:20",203.31,896.03,,,,"     ",3.60,11.42,12.44
532,444700799,"00532M07:07:17.162","00532 07:20:21",203.24,896.01,,,,"     ",3.60,11.42,12.42
532,444700800,"00532M07:07:18.135","00532 07:20:22",203.19,896.07,,,,"     ",3.60,11.40,12.38
532,444700801,"00532M07:07:19.108","00532 07:20:23",203.17,896.12,,,,"     ",3.60,11.35,12.32
532,444700802,"00532M07:07:20.082","00532 07:20:24",203.17,896.07,,,,"     ",3.60,11.35,12.31
532,444700803,"00532M07:07:21.055","00532 07:20:25",203.18,896.08,,,,"     ",3.60,11.36,12.30
532,444700804,"00532M07:07:22.028","00532 07:20:26",203.20,896.03,,,,"     ",3.60,11.41,12.35
532,444700805,"00532M07:07:23.001","00532 07:20:27",203.22,896.00,,,,"     ",3.60,11.39,12.32
532,444700806,"00532M07:07:23.975","00532 07:20:28",203.23,896.02,,,,"     ",3.60,11.38,12.28
532,444700807,"00532M07:07:24.948","00532 07:20:29",203.22,895.98,,,,"     ",3.60,11.36,12.26
532,444700808,"00532M07:07:25.921","00532 07:20:30",203.18,895.95,,,,"     ",3.60,11.39,12.27
532,444700809,"00532M07:07:26.894","00532 07:20:30",203.11,895.91,,,,"     ",3.60,11.20,12.05
532,444700810,"00532M07:07:27.868","00532 07:20:31",203.02,896.17,,,,"     ",3.60,11.45,12.32
532,444700811,"00532M07:07:28.841","00532 07:20:32",202.91,896.16,,,,"     ",3.60,11.43,12.28
532,444700812,"00532M07:07:29.814","00532 07:20:33",202.80,896.14,,,,"     ",3.60,11.36,12.20
532,444700813,"00532M07:07:30.787","00532 07:20:34",202.70,896.08,,,,"     ",3.60,11.46,12.29
532,444700814,"00532M07:07:31.761","00532 07:20:35",202.63,896.02,,,,"     ",3.60,11.57,12.40
532,444700815,"00532M07:07:32.734","00532 07:20:36",202.58,896.01,,,,"     ",3.60,11.40,12.21
532,444700816,"00532M07:07:33.707","00532 07:20:37",202.55,895.96,,,,"     ",3.60,11.46,12.25
532,444700817,"00532M07:07:34.680","00532 07:20:38",202.53,896.03,,,,"     ",3.60,11.37,12.15
532,444700818,"00532M07:07:35.654","00532 07:20:39",202.52,896.09,,,,"     ",3.60,11.40,12.16
532,444700819,"00532M07:07:36.627","00532 07:20:40",202.51,896.04,,,,"     ",3.60,11.35,12.10
532,444700820,"00532M07:07:37.600","00532 07:20:41",202.49,896.06,,,,"     ",3.60,11.44,12.19
532,444700821,"00532M07:07:38.573","00532 07:20:42",202.48,896.03,,,,"     ",3.60,11.44,12.18
532,444700822,"00532M07:07:39.547","00532 07:20:43",202.47,896.08,,,,"     ",3.60,11.39,12.11
532,444700823,"00532M07:07:40.520","00532 07:20:44",202.46,896.05,,,,"     ",3.60,11.44,12.14
532,444700824,"00532M07:07:41.493","00532 07:20:45",202.46,896.05,,,,"     ",3.60,11.41,12.11
532,444700825,"00532M07:07:42.466","00532 07:20:46",202.45,896.05,,,,"     ",3.60,11.41,12.10
532,444700826,"00532M07:07:43.440","00532 07:20:47",202.45,896.08,,,,"     ",3.60,11.43,12.11
532,444700827,"00532M07:07:44.413","00532 07:20:48",202.45,896.02,,,,"     ",3.60,11.45,12.11
532,444700828,"00532M07:07:45.386","00532 07:20:49",202.45,896.04,,,,"     ",3.60,11.41,12.06
532,444700829,"00532M07:07:46.359","00532 07:20:50",202.44,896.04,,,,"     ",3.60,11.43,12.07
532,444700830,"00532M07:07:47.333","00532 07:20:51",202.44,896.02,,,,"     ",3.60,11.42,12.04
532,444700831,"00532M07:07:48.306","00532 07:20:52",202.44,896.05,,,,"     ",3.60,11.48,12.10
532,444700832,"00532M07:07:49.279","00532 07:20:53",202.45,896.04,,,,"     ",3.60,11.43,12.03
532,444700833,"00532M07:07:50.252","00532 07:20:54",202.46,896.18,,,,"     ",3.60,11.45,12.05
532,444700834,"00532M07:07:51.226","00532 07:20:55",202.48,896.13,,,,"     ",3.60,11.47,12.06
532,444700835,"00532M07:07:52.199","00532 07:20:56",202.51,896.13,,,,"     ",3.60,11.47,12.05
532,444700836,"00532M07:07:53.172","00532 07:20:57",202.54,896.01,,,,"     ",3.60,11.44,12.00
532,444700837,"00532M07:07:54.145","00532 07:20:58",202.58,896.04,,,,"     ",3.60,11.52,12.07
532,444700838,"00532M07:07:55.119","00532 07:20:59",202.62,895.99,,,,"     ",3.60,11.44,11.97
532,444700839,"00532M07:07:56.092","00532 07:21:00",202.65,896.04,,,,"     ",3.60,11.46,11.98
532,444700840,"00532M07:07:57.065","00532 07:21:01",202.65,896.08,,,,"     ",3.60,11.49,12.01
532,444700841,"00532M07:07:58.039","00532 07:21:02",202.65,896.24,,,,"     ",3.60,11.51,12.02
532,444700842,"00532M07:07:59.012","00532 07:21:03",202.64,896.25,,,,"     ",3.60,11.43,11.92
532,444700843,"00532M07:07:59.985","00532 07:21:04",202.64,896.14,,,,"     ",3.60,11.55,12.03
532,444700844,"00532M07:08:00.958","00532 07:21:05",202.65,896.09,,,,"     ",3.60,11.48,11.94
532,444700845,"00532M07:08:01.932","00532 07:21:06",202.68,896.13,,,,"     ",3.60,11.66,12.13
532,444700846,"00532M07:08:02.905","00532 07:21:07",202.69,896.03,,,,"     ",3.60,11.47,11.91
532,444700847,"00532M07:08:03.878","00532 07:21:07",202.69,896.15,,,,"     ",3.60,11.47,11.89
532,444700848,"00532M07:08:04.851","00532 07:21:08",202.67,896.20,,,,"     ",3.60,11.53,11.95
532,444700849,"00532M07:08:05.825","00532 07:21:09",202.61,896.13,,,,"     ",3.60,11.53,11.94
532,444700850,"00532M07:08:06.798","00532 07:21:10",202.55,896.11,,,,"     ",3.60,11.48,11.87
532,444700851,"00532M07:08:07.771","00532 07:21:11",202.49,896.06,,,,"     ",3.60,11.49,11.87
532,444700852,"00532M07:08:08.744","00532 07:21:12",202.45,896.03,,,,"     ",3.60,11.68,12.06
532,444700853,"00532M07:08:09.718","00532 07:21:13",202.43,896.08,,,,"     ",3.60,11.49,11.85
532,444700854,"00532M07:08:10.691","00532 07:21:14",202.44,896.11,,,,"     ",3.60,11.47,11.82
532,444700855,"00532M07:08:11.664","00532 07:21:15",202.46,896.12,,,,"     ",3.60,11.50,11.83
532,444700856,"00532M07:08:12.637","00532 07:21:16",202.48,896.09,,,,"     ",3.60,11.32,11.63
532,444700857,"00532M07:08:13.611","00532 07:21:17",202.50,896.09,,,,"     ",3.60,11.56,11.88
532,444700858,"00532M07:08:14.584","00532 07:21:18",202.50,896.07,,,,"     ",3.60,11.55,11.86
532,444700859,"00532M07:08:15.557","00532 07:21:19",202.50,896.14,,,,"     ",3.60,11.56,11.85
532,444700860,"00532M07:08:16.530","00532 07:21:20",202.49,896.12,,,,"     ",3.60,11.50,11.77
532,444700861,"00532M07:08:17.504","00532 07:21:21",202.49,896.17,,,,"     ",3.60,11.52,11.78
532,444700862,"00532M07:08:18.477","00532 07:21:22",202.50,896.17,,,,"     ",3.60,11.56,11.81
532,444700863,"00532M07:08:19.450","00532 07:21:23",202.52,896.14,,,,"     ",3.60,11.57,11.81
532,444700864,"00532M07:08:20.423","00532 07:21:24",202.54,896.12,,,,"     ",3.60,11.56,11.79
532,444700865,"00532M07:08:21.397","00532 07:21:25",202.56,896.14,,,,"     ",3.60,11.54,11.76
532,444700866,"00532M07:08:22.370","00532 07:21:26",202.57,896.14,,,,"     ",3.60,11.60,11.81
532,444700867,"00532M07:08:23.343","00532 07:21:27",202.56,896.13,,,,"     ",3.60,11.60,11.80
532,444700868,"00532M07:08:24.316","00532 07:21:28",202.54,896.04,,,,"     ",3.60,11.59,11.77
532,444700869,"00532M07:08:25.290","00532 07:21:29",202.52,896.03,,,,"     ",3.60,11.61,11.77
532,444700870,"00532M07:08:26.263","00532 07:21:30",202.49,895.92,,,,"     ",3.60,11.59,11.74
532,444700871,"00532M07:08:27.236","00532 07:21:31",202.48,895.95,,,,"     ",3.60,11.55,11.69
532,444700872,"00532M07:08:28.209","00532 07:21:32",202.48,895.94,,,,"     ",3.60,11.64,11.77
532,444700873,"00532M07:08:29.183","00532 07:21:33",202.48,896.12,,,,"     ",3.60,11.59,11.71
532,444700874,"00532M07:08:30.156","00532 07:21:34",202.48,896.07,,,,"     ",3.60,11.63,11.73
532,444700875,"00532M07:08:31.129","00532 07:21:35",202.47,896.09,,,,"     ",3.60,11.66,11.76
532,444700876,"00532M07:08:32.102","00532 07:21:36",202.45,896.10,,,,"     ",3.60,11.61,11.69
532,444700877,"00532M07:08:33.076","00532 07:21:37",202.43,896.01,,,,"     ",3.60,11.75,11.82
532,444700878,"00532M07:08:34.049","00532 07:21:38",202.42,895.91,,,,"     ",3.60,11.57,11.63
532,444700879,"00532M07:08:35.022","00532 07:21:39",202.42,896.01,,,,"     ",3.60,11.62,11.67
532,444700880,"00532M07:08:35.995","00532 07:21:40",202.43,896.08,,,,"     ",3.60,11.63,11.67
532,444700881,"00532M07:08:36.969","00532 07:21:41",202.46,896.09,,,,"     ",3.60,11.67,11.70
532,444700882,"00532M07:08:37.942","00532 07:21:42",202.48,896.09,,,,"     ",3.60,11.59,11.60
532,444700883,"00532M07:08:38.915","00532 07:21:43",202.51,895.96,,,,"     ",3.60,11.63,11.62
532,444700884,"00532M07:08:39.888","00532 07:21:43",202.54,896.08,,,,"     ",3.60,11.56,11.54
532,444700885,"00532M07:08:40.862","00532 07:21:44",202.56,896.12,,,,"     ",3.60,11.68,11.65
532,444700886,"00532M07:08:41.835","00532 07:21:45",202.57,896.01,,,,"     ",3.60,11.59,11.54
532,444700887,"00532M07:08:42.808","00532 07:21:46",202.55,896.06,,,,"     ",3.60,11.64,11.59
532,444700888,"00532M07:08:43.781","00532 07:21:47",202.51,896.05,,,,"     ",3.60,11.61,11.54
532,444700889,"00532M07:08:44.755","00532 07:21:48",202.46,896.09,,,,"     ",3.60,11.65,11.58
532,444700890,"00532M07:08:45.728","00532 07:21:49",202.42,896.09,,,,"     ",3.60,11.66,11.57
532,444700891,"00532M07:08:46.701","00532 07:21:50",202.40,896.11,,,,"     ",3.60,11.69,11.59
532,444700892,"00532M07:08:47.674","00532 07:21:51",202.38,896.03,,,,"     ",3.60,11.67,11.55
532,444700893,"00532M07:08:48.648","00532 07:21:52",202.37,896.06,,,,"     ",3.60,11.64,11.50
532,444700894,"00532M07:08:49.621","00532 07:21:53",202.38,896.09,,,,"     ",3.60,11.65,11.50
532,444700895,"00532M07:08:50.594","00532 07:21:54",202.38,896.08,,,,"     ",3.60,11.66,11.51
532,444700896,"00532M07:08:51.567","00532 07:21:55",202.40,896.15,,,,"     ",3.60,11.67,11.50
532,444700897,"00532M07:08:52.541","00532 07:21:56",202.43,896.13,,,,"     ",3.60,11.69,11.51
532,444700898,"00532M07:08:53.514","00532 07:21:57",202.48,896.05,,,,"     ",3.60,11.69,11.49
532,444700899,"00532M07:08:54.487","00532 07:21:58",202.54,896.05,,,,"     ",3.60,11.73,11.53
532,444700900,"00532M07:08:55.460","00532 07:21:59",202.62,895.99,,,,"     ",3.60,11.72,11.50
532,444700901,"00532M07:08:56.434","00532 07:22:00",202.70,896.01,,,,"     ",3.60,11.68,11.45
532,444700902,"00532M07:08:57.407","00532 07:22:01",202.78,895.92,,,,"     ",3.60,11.68,11.43
532,444700903,"00532M07:08:58.380","00532 07:22:02",202.88,895.90,,,,"     ",3.60,11.66,11.39
532,444700904,"00532M07:08:59.353","00532 07:22:03",202.97,895.84,,,,"     ",3.60,11.71,11.43
532,444700905,"00532M07:09:00.327","00532 07:22:04",203.06,895.95,,,,"     ",3.60,11.68,11.39
532,444700906,"00532M07:09:01.300","00532 07:22:05",203.14,895.95,,,,"     ",3.60,11.77,11.47
532,444700907,"00532M07:09:02.273","00532 07:22:06",203.20,895.93,,,,"     ",3.60,11.68,11.36
532,444700908,"00532M07:09:03.246","00532 07:22:07",203.24,895.88,,,,"     ",3.60,11.53,11.21
532,444700909,"00532M07:09:04.220","00532 07:22:08",203.28,895.83,,,,"     ",3.60,11.70,11.35
532,444700910,"00532M07:09:05.193","00532 07:22:09",203.32,895.96,,,,"     ",3.60,11.73,11.38
532,444700911,"00532M07:09:06.166","00532 07:22:10",203.37,896.02,,,,"     ",3.60,11.75,11.38
532,444700912,"00532M07:09:07.140","00532 07:22:11",203.40,896.12,,,,"     ",3.60,11.74,11.36
532,444700913,"00532M07:09:08.113","00532 07:22:12",203.43,896.03,,,,"     ",3.60,11.77,11.37
532,444700914,"00532M07:09:09.086","00532 07:22:13",203.44,896.10,,,,"     ",3.60,11.71,11.30
532,444700915,"00532M07:09:10.059","00532 07:22:14",203.44,896.05,,,,"     ",3.60,11.75,11.33
532,444700916,"00532M07:09:11.033","00532 07:22:15",203.43,896.03,,,,"     ",3.60,11.75,11.32
532,444700917,"00532M07:09:12.006","00532 07:22:16",203.42,896.13,,,,"     ",3.60,11.77,11.32
532,444700918,"00532M07:09:12.979","00532 07:22:17",203.40,896.04,,,,"     ",3.60,11.84,11.38
532,444700919,"00532M07:09:13.952","00532 07:22:18",203.40,896.13,,,,"     ",3.60,11.76,11.29
532,444700920,"00532M07:09:14.926","00532 07:22:19",203.42,896.07,,,,"     ",3.60,11.80,11.31
532,444700921,"00532M07:09:15.899","00532 07:22:20",203.45,896.11,,,,"     ",3.60,11.77,11.26
532,444700922,"00532M07:09:16.872","00532 07:22:20",203.49,896.04,,,,"     ",3.60,11.77,11.25
532,444700923,"00532M07:09:17.845","00532 07:22:21",203.53,896.02,,,,"     ",3.60,11.81,11.28
532,444700924,"00532M07:09:18.819","00532 07:22:22",203.57,896.10,,,,"     ",3.60,11.81,11.27
532,444700925,"00532M07:09:19.792","00532 07:22:23",203.59,896.00,,,,"     ",3.60,11.77,11.22
532,444700926,"00532M07:09:20.765","00532 07:22:24",203.60,896.00,,,,"     ",3.60,11.78,11.21
532,444700927,"00532M07:09:21.738","00532 07:22:25",203.59,896.06,,,,"     ",3.60,11.81,11.23
532,444700928,"00532M07:09:22.712","00532 07:22:26",203.59,896.05,,,,"     ",3.60,11.80,11.20
532,444700929,"00532M07:09:23.685","00532 07:22:27",203.60,896.08,,,,"     ",3.60,11.78,11.17
532,444700930,"00532M07:09:24.658","00532 07:22:28",203.62,896.06,,,,"     ",3.60,11.84,11.22
532,444700931,"00532M07:09:25.631","00532 07:22:29",203.63,896.12,,,,"     ",3.60,11.79,11.15
532,444700932,"00532M07:09:26.605","00532 07:22:30",203.64,896.05,,,,"     ",3.60,11.81,11.16
532,444700933,"00532M07:09:27.578","00532 07:22:31",203.62,895.97,,,,"     ",3.60,11.84,11.18
532,444700934,"00532M07:09:28.551","00532 07:22:32",203.59,896.00,,,,"     ",3.60,11.84,11.17
532,444700935,"00532M07:09:29.524","00532 07:22:33",203.55,895.97,,,,"     ",3.60,11.80,11.11
532,444700936,"00532M07:09:30.498","00532 07:22:34",203.50,895.97,,,,"     ",3.60,11.83,11.13
532,444700937,"00532M07:09:31.471","00532 07:22:35",203.47,896.13,,,,"     ",3.60,11.81,11.09
532,444700938,"00532M07:09:32.444","00532 07:22:36",203.44,896.13,,,,"     ",3.60,11.83,11.10
532,444700939,"00532M07:09:33.417","00532 07:22:37",203.43,896.11,,,,"     ",3.60,11.85,11.10
532,444700940,"00532M07:09:34.391","00532 07:22:38",203.44,896.02,,,,"     ",3.60,11.84,11.08
532,444700941,"00532M07:09:35.364","00532 07:22:39",203.47,896.13,,,,"     ",3.60,11.86,11.09
532,444700942,"00532M07:09:36.337","00532 07:22:40",203.49,895.86,,,,"     ",3.60,11.80,11.01
532,444700943,"00532M07:09:37.310","00532 07:22:41",203.49,895.91,,,,"     ",3.60,11.90,11.10
532,444700944,"00532M07:09:38.284","00532 07:22:42",203.47,895.95,,,,"     ",3.60,11.86,11.05
532,444700945,"00532M07:09:39.257","00532 07:22:43",203.44,895.97,,,,"     ",3.60,11.86,11.04
532,444700946,"00532M07:09:40.230","00532 07:22:44",203.40,896.01,,,,"     ",3.60,11.85,11.01
532,444700947,"00532M07:09:41.203","00532 07:22:45",203.36,896.01,,,,"     ",3.60,11.85,11.00
532,444700948,"00532M07:09:42.177","00532 07:22:46",203.32,895.98,,,,"     ",3.60,11.88,11.02
532,444700949,"00532M07:09:43.150","00532 07:22:47",203.29,896.03,,,,"     ",3.60,11.88,11.01
532,444700950,"00532M07:09:44.123","00532 07:22:48",203.25,896.05,,,,"     ",3.60,11.83,10.95
532,444700951,"00532M07:09:45.096","00532 07:22:49",203.21,896.11,,,,"     ",3.60,11.82,10.92
532,444700952,"00532M07:09:46.070","00532 07:22:50",203.16,896.15,,,,"     ",3.60,11.89,10.98
532,444700953,"00532M07:09:47.043","00532 07:22:51",203.12,896.14,,,,"     ",3.60,11.91,10.98
532,444700954,"00532M07:09:48.016","00532 07:22:52",203.11,896.15,,,,"     ",3.60,11.94,11.00
532,444700955,"00532M07:09:48.989","00532 07:22:53",203.13,896.12,,,,"     ",3.60,11.87,10.92
532,444700956,"00532M07:09:49.963","00532 07:22:54",203.18,896.12,,,,"     ",3.60,11.92,10.95
532,444700957,"00532M07:09:50.936","00532 07:22:55",203.24,896.07,,,,"     ",3.60,11.83,10.86
532,444700958,"00532M07:09:51.909","00532 07:22:56",203.32,896.09,,,,"     ",3.60,11.90,10.91
532,444700959,"00532M07:09:52.882","00532 07:22:56",203.39,896.07,,,,"     ",3.60,11.83,10.83
532,444700960,"00532M07:09:53.856","00532 07:22:57",203.46,896.05,,,,"     ",3.60,11.88,10.87
532,444700961,"00532M07:09:54.829","00532 07:22:58",203.51,896.06,,,,"     ",3.60,11.88,10.86
532,444700962,"00532M07:09:55.802","00532 07:22:59",203.55,896.01,,,,"     ",3.60,11.87,10.83
532,444700963,"00532M07:09:56.775","00532 07:23:00",203.57,896.05,,,,"     ",3.60,11.83,10.79
532,444700964,"00532M07:09:57.749","00532 07:23:01",203.58,896.09,,,,"     ",3.60,11.87,10.81
532,444700965,"00532M07:09:58.722","00532 07:23:02",203.59,895.99,,,,"     ",3.60,11.91,10.83
532,444700966,"00532M07:09:59.695","00532 07:23:03",203.62,895.99,,,,"     ",3.60,11.92,10.84
532,444700967,"00532M07:10:00.668","00532 07:23:04",203.66,895.98,,,,"     ",3.60,11.92,10.83
532,444700968,"00532M07:10:01.642","00532 07:23:05",203.70,895.98,,,,"     ",3.60,11.91,10.80
532,444700969,"00532M07:10:02.615","00532 07:23:06",203.74,895.98,,,,"     ",3.60,11.92,10.80
532,444700970,"00532M07:10:03.588","00532 07:23:07",203.77,896.22,,,,"     ",3.60,11.90,10.77
532,444700971,"00532M07:10:04.561","00532 07:23:08",203.80,896.12,,,,"     ",3.60,11.90,10.76
532,444700972,"00532M07:10:05.535","00532 07:23:09",203.84,896.06,,,,"     ",3.60,11.91,10.76
532,444700973,"00532M07:10:06.508","00532 07:23:10",203.88,896.08,,,,"     ",3.60,11.87,10.70
532,444700974,"00532M07:10:07.481","00532 07:23:11",203.92,896.20,,,,"     ",3.60,11.94,10.76
532,444700975,"00532M07:10:08.454","00532 07:23:12",203.95,896.04,,,,"     ",3.60,11.95,10.75
532,444700976,"00532M07:10:09.428","00532 07:23:13",203.97,896.06,,,,"     ",3.60,11.99,10.78
532,444700977,"00532M07:10:10.401","00532 07:23:14",203.98,896.02,,,,"     ",3.60,11.93,10.72
532,444700978,"00532M07:10:11.374","00532 07:23:15",203.98,895.93,,,,"     ",3.60,11.95,10.72
532,444700979,"00532M07:10:12.347","00532 07:23:16",203.96,896.00,,,,"     ",3.60,11.99,10.75
532,444700980,"00532M07:10:13.321","00532 07:23:17",203.93,895.98,,,,"     ",3.60,11.97,10.71
532,444700981,"00532M07:10:14.294","00532 07:23:18",203.91,896.02,,,,"     ",3.60,11.99,10.73
532,444700982,"00532M07:10:15.267","00532 07:23:19",203.89,895.98,,,,"     ",3.60,11.98,10.70
532,444700983,"00532M07:10:16.241","00532 07:23:20",203.89,896.02,,,,"     ",3.60,11.94,10.65
532,444700984,"00532M07:10:17.214","00532 07:23:21",203.91,895.99,,,,"     ",3.60,11.99,10.69
532,444700985,"00532M07:10:18.187","00532 07:23:22",203.94,896.03,,,,"     ",3.60,12.02,10.71
532,444700986,"00532M07:10:19.160","00532 07:23:23",203.98,896.01,,,,"     ",3.60,11.95,10.63
532,444700987,"00532M07:10:20.134","00532 07:23:24",204.02,895.94,,,,"     ",3.60,11.99,10.65
532,444700988,"00532M07:10:21.107","00532 07:23:25",204.05,896.05,,,,"     ",3.60,12.01,10.66
532,444700989,"00532M07:10:22.080","00532 07:23:26",204.08,896.04,,,,"     ",3.60,12.00,10.63
532,444700990,"00532M07:10:23.053","00532 07:23:27",204.11,896.00,,,,"     ",3.60,12.00,10.63
532,444700991,"00532M07:10:24.027","00532 07:23:28",204.15,896.07,,,,"     ",3.60,11.98,10.60
532,444700992,"00532M07:10:25.000","00532 07:23:29",204.20,896.01,,,,"     ",3.60,12.00,10.60
532,444700993,"00532M07:10:25.973","00532 07:23:30",204.23,896.00,,,,"     ",3.60,12.08,10.66
532,444700994,"00532M07:10:26.946","00532 07:23:31",204.27,895.97,,,,"     ",3.60,12.01,10.59
532,444700995,"00532M07:10:27.920","00532 07:23:32",204.29,895.97,,,,"     ",3.60,12.01,10.58
532,444700996,"00532M07:10:28.893","00532 07:23:33",204.29,896.02,,,,"     ",3.60,11.96,10.52
532,444700997,"00532M07:10:29.866","00532 07:23:33",204.28,896.07,,,,"     ",3.60,12.00,10.55
532,444700998,"00532M07:10:30.839","00532 07:23:34",204.26,896.09,,,,"     ",3.60,12.01,10.54
532,444700999,"00532M07:10:31.813","00532 07:23:35",204.24,896.13,,,,"     ",3.60,12.04,10.56
532,444701000,"00532M07:10:32.786","00532 07:23:36",204.20,896.10,,,,"     ",3.60,12.03,10.53
532,444701001,"00532M07:10:33.759","00532 07:23:37",204.15,895.99,,,,"     ",3.60,12.05,10.54
532,444701002,"00532M07:10:34.732","00532 07:23:38",204.10,895.92,,,,"     ",3.60,12.03,10.51
532,444701003,"00532M07:10:35.706","00532 07:23:39",204.06,895.82,,,,"     ",3.60,11.87,10.34
532,444701004,"00532M07:10:36.679","00532 07:23:40",204.01,895.99,,,,"     ",3.60,12.02,10.48
532,444701005,"00532M07:10:37.652","00532 07:23:41",203.97,896.03,,,,"     ",3.60,12.07,10.52
532,444701006,"00532M07:10:38.625","00532 07:23:42",203.93,896.03,,,,"     ",3.60,12.05,10.48
532,444701007,"00532M07:10:39.599","00532 07:23:43",203.89,896.14,,,,"     ",3.60,12.02,10.45
532,444701008,"00532M07:10:40.572","00532 07:23:44",203.84,896.03,,,,"     ",3.60,12.11,10.51
532,444701009,"00532M07:10:41.545","00532 07:23:45",203.80,895.98,,,,"     ",3.60,12.05,10.45
532,444701010,"00532M07:10:42.518","00532 07:23:46",203.76,895.98,,,,"     ",3.60,11.99,10.38
532,444701011,"00532M07:10:43.492","00532 07:23:47",203.72,896.03,,,,"     ",3.60,12.01,10.39
532,444701012,"00532M07:10:44.465","00532 07:23:48",203.68,896.13,,,,"     ",3.60,12.04,10.41
532,444701013,"00532M07:10:45.438","00532 07:23:49",203.65,896.11,,,,"     ",3.60,11.98,10.34
532,444701014,"00532M07:10:46.411","00532 07:23:50",203.61,896.01,,,,"     ",3.60,12.08,10.41
532,444701015,"00532M07:10:47.385","00532 07:23:51",203.61,896.06,,,,"     ",3.60,12.02,10.35
532,444701016,"00532M07:10:48.358","00532 07:23:52",203.66,896.01,,,,"     ",3.60,12.03,10.35
532,444701017,"00532M07:10:49.331","00532 07:23:53",203.71,896.01,,,,"     ",3.60,12.04,10.35
532,444701018,"00532M07:10:50.304","00532 07:23:54",203.76,896.08,,,,"     ",3.60,12.07,10.36
532,444701019,"00532M07:10:51.278","00532 07:23:55",203.80,896.09,,,,"     ",3.60,12.03,10.32
532,444701020,"00532M07:10:52.251","00532 07:23:56",203.83,895.97,,,,"     ",3.60,12.04,10.32
532,444701021,"00532M07:10:53.224","00532 07:23:57",203.86,895.93,,,,"     ",3.60,12.04,10.30
532,444701022,"00532M07:10:54.197","00532 07:23:58",203.89,896.13,,,,"     ",3.60,12.07,10.32
532,444701023,"00532M07:10:55.171","00532 07:23:59",203.91,896.09,,,,"     ",3.60,12.06,10.29
532,444701024,"00532M07:10:56.144","00532 07:24:00",203.92,896.03,,,,"     ",3.60,12.03,10.26
532,444701025,"00532M07:10:57.117","00532 07:24:01",203.93,896.07,,,,"     ",3.60,12.03,10.25
532,444701026,"00532M07:10:58.090","00532 07:24:02",203.94,896.08,,,,"     ",3.60,12.06,10.27
532,444701027,"00532M07:10:59.064","00532 07:24:03",203.95,896.04,,,,"     ",3.60,12.07,10.26
532,444701028,"00532M07:11:00.037","00532 07:24:04",203.96,895.98,,,,"     ",3.60,12.09,10.27
532,444701029,"00532M07:11:01.010","00532 07:24:05",203.96,896.06,,,,"     ",3.60,12.07,10.24
532,444701030,"00532M07:11:01.983","00532 07:24:06",203.92,895.96,,,,"     ",3.60,12.10,10.26
532,444701031,"00532M07:11:02.957","00532 07:24:07",203.86,896.02,,,,"     ",3.60,11.98,10.14
532,444701032,"00532M07:11:03.930","00532 07:24:08",203.79,895.98,,,,"     ",3.60,12.14,10.27
532,444701033,"00532M07:11:04.903","00532 07:24:09",203.72,896.01,,,,"     ",3.60,12.06,10.19
532,444701034,"00532M07:11:05.876","00532 07:24:09",203.66,896.06,,,,"     ",3.60,12.18,10.28
532,444701035,"00532M07:11:06.850","00532 07:24:10",203.62,896.02,,,,"     ",3.60,12.07,10.17
532,444701036,"00532M07:11:07.823","00532 07:24:11",203.59,896.05,,,,"     ",3.60,12.07,10.17
532,444701037,"00532M07:11:08.796","00532 07:24:12",203.57,895.99,,,,"     ",3.60,12.05,10.13
532,444701038,"00532M07:11:09.769","00532 07:24:13",203.56,896.14,,,,"     ",3.60,12.05,10.13
532,444701039,"00532M07:11:10.743","00532 07:24:14",203.57,896.16,,,,"     ",3.60,12.09,10.14
532,444701040,"00532M07:11:11.716","00532 07:24:15",203.60,896.01,,,,"     ",3.60,12.15,10.18
532,444701041,"00532M07:11:12.689","00532 07:24:16",203.65,896.06,,,,"     ",3.60,12.10,10.13
532,444701042,"00532M07:11:13.662","00532 07:24:17",203.70,896.03,,,,"     ",3.60,12.26,10.25
532,444701043,"00532M07:11:14.636","00532 07:24:18",203.76,895.99,,,,"     ",3.60,12.06,10.08
532,444701044,"00532M07:11:15.609","00532 07:24:19",203.82,895.96,,,,"     ",3.60,12.09,10.09
532,444701045,"00532M07:11:16.582","00532 07:24:20",203.87,895.96,,,,"     ",3.60,12.14,10.13
532,444701046,"00532M07:11:17.555","00532 07:24:21",203.91,895.93,,,,"     ",3.60,12.10,10.08
532,444701047,"00532M07:11:18.529","00532 07:24:22",203.97,896.04,,,,"     ",3.60,12.14,10.10
532,444701048,"00532M07:11:19.502","00532 07:24:23",204.04,895.97,,,,"     ",3.60,12.13,10.08
532,444701049,"00532M07:11:20.475","00532 07:24:24",204.13,895.96,,,,"     ",3.60,12.12,10.07
532,444701050,"00532M07:11:21.448","00532 07:24:25",204.23,895.97,,,,"     ",3.60,12.14,10.07
532,444701051,"00532M07:11:22.422","00532 07:24:26",204.33,895.90,,,,"     ",3.60,12.17,10.09
532,444701052,"00532M07:11:23.395","00532 07:24:27",204.42,896.00,,,,"     ",3.60,12.12,10.04
532,444701053,"00532M07:11:24.368","00532 07:24:28",204.50,896.00,,,,"     ",3.60,12.21,10.10
532,444701054,"00532M07:11:25.341","00532 07:24:29",204.57,896.04,,,,"     ",3.60,12.20,10.08
532,444701055,"00532M07:11:26.315","00532 07:24:30",204.65,896.01,,,,"     ",3.60,12.21,10.08
532,444701056,"00532M07:11:27.288","00532 07:24:31",204.73,895.97,,,,"     ",3.60,12.14,10.01
532,444701057,"00532M07:11:28.261","00532 07:24:32",204.80,895.94,,,,"     ",3.60,12.12,9.99
532,444701058,"00532M07:11:29.235","00532 07:24:33",204.86,896.00,,,,"     ",3.60,12.15,10.00
532,444701059,"00532M07:11:30.208","00532 07:24:34",204.91,895.95,,,,"     ",3.60,12.18,10.02
532,444701060,"00532M07:11:31.181","00532 07:24:35",204.95,895.99,,,,"     ",3.60,12.16,9.99
532,444701061,"00532M07:11:32.154","00532 07:24:36",204.95,895.98,,,,"     ",3.60,12.17,9.99
532,444701062,"00532M07:11:33.128","00532 07:24:37",204.94,895.95,,,,"     ",3.60,12.16,9.97
532,444701063,"00532M07:11:34.101","00532 07:24:38",204.92,895.95,,,,"     ",3.60,12.16,9.96
532,444701064,"00532M07:11:35.074","00532 07:24:39",204.89,896.02,,,,"     ",3.60,12.18,9.97
532,444701065,"00532M07:11:36.047","00532 07:24:40",204.88,896.01,,,,"     ",3.60,12.17,9.95
532,444701066,"00532M07:11:37.021","00532 07:24:41",204.88,895.96,,,,"     ",3.60,12.17,9.94
532,444701067,"00532M07:11:37.994","00532 07:24:42",204.88,895.99,,,,"     ",3.60,12.19,9.95
532,444701068,"00532M07:11:38.967","00532 07:24:43",204.89,895.94,,,,"     ",3.60,12.21,9.96
532,444701069,"00532M07:11:39.940","00532 07:24:44",204.88,895.94,,,,"     ",3.60,12.19,9.92
532,444701070,"00532M07:11:40.914","00532 07:24:45",204.86,895.97,,,,"     ",3.60,12.18,9.91
532,444701071,"00532M07:11:41.887","00532 07:24:46",204.84,895.93,,,,"     ",3.60,12.20,9.92
532,444701072,"00532M07:11:42.860","00532 07:24:46",204.80,895.89,,,,"     ",3.60,12.32,10.01
532,444701073,"00532M07:11:43.833","00532 07:24:47",204.77,896.10,,,,"     ",3.60,12.20,9.90
532,444701074,"00532M07:11:44.807","00532 07:24:48",204.76,896.09,,,,"     ",3.60,12.15,9.84
532,444701075,"00532M07:11:45.780","00532 07:24:49",204.76,896.05,,,,"     ",3.60,12.22,9.90
532,444701076,"00532M07:11:46.753","00532 07:24:50",204.76,896.01,,,,"     ",3.60,12.18,9.86
532,444701077,"00532M07:11:47.726","00532 07:24:51",204.77,895.89,,,,"     ",3.60,12.36,9.99
532,444701078,"00532M07:11:48.700","00532 07:24:52",204.77,895.85,,,,"     ",3.60,12.19,9.84
532,444701079,"00532M07:11:49.673","00532 07:24:53",204.77,895.92,,,,"     ",3.60,12.16,9.81
532,444701080,"00532M07:11:50.646","00532 07:24:54",204.75,895.96,,,,"     ",3.60,12.22,9.86
532,444701081,"00532M07:11:51.619","00532 07:24:55",204.73,895.97,,,,"     ",3.60,12.20,9.82
532,444701082,"00532M07:11:52.593","00532 07:24:56",204.71,895.99,,,,"     ",3.60,12.25,9.86
532,444701083,"00532M07:11:53.566","00532 07:24:57",204.69,896.04,,,,"     ",3.60,12.16,9.78
532,444701084,"00532M07:11:54.539","00532 07:24:58",204.70,896.06,,,,"     ",3.60,12.23,9.83
532,444701085,"00532M07:11:55.512","00532 07:24:59",204.73,896.03,,,,"     ",3.60,12.24,9.82
532,444701086,"00532M07:11:56.486","00532 07:25:00",204.76,895.99,,,,"     ",3.60,12.26,9.83
532,444701087,"00532M07:11:57.459","00532 07:25:01",204.80,895.98,,,,"     ",3.60,12.30,9.86
532,444701088,"00532M07:11:58.432","00532 07:25:02",204.85,895.99,,,,"     ",3.60,12.27,9.82
532,444701089,"00532M07:11:59.405","00532 07:25:03",204.90,896.04,,,,"     ",3.60,12.20,9.75
532,444701090,"00532M07:12:00.379","00532 07:25:04",204.94,895.96,,,,"     ",3.60,12.27,9.80
532,444701091,"00532M07:12:01.352","00532 07:25:05",204.98,896.06,,,,"     ",3.60,12.25,9.78
532,444701092,"00532M07:12:02.325","00532 07:25:06",205.03,896.01,,,,"     ",3.60,12.29,9.80
532,444701093,"00532M07:12:03.298","00532 07:25:07",205.08,895.94,,,,"     ",3.60,12.26,9.77
532,444701094,"00532M07:12:04.272","00532 07:25:08",205.12,895.95,,,,"     ",3.60,12.28,9.77
532,444701095,"00532M07:12:05.245","00532 07:25:09",205.15,895.91,,,,"     ",3.60,12.26,9.75
532,444701096,"00532M07:12:06.218","00532 07:25:10",205.16,895.93,,,,"     ",3.60,12.30,9.78
532,444701097,"00532M07:12:07.191","00532 07:25:11",205.16,896.01,,,,"     ",3.60,12.27,9.75
532,444701098,"00532M07:12:08.165","00532 07:25:12",205.15,895.90,,,,"     ",3.60,12.36,9.80
532,444701099,"00532M07:12:09.138","00532 07:25:13",205.13,895.96,,,,"     ",3.60,12.27,9.73
532,444701100,"00532M07:12:10.111","00532 07:25:14",205.11,895.98,,,,"     ",3.60,12.23,9.69
532,444701101,"00532M07:12:11.084","00532 07:25:15",205.10,896.00,,,,"     ",3.60,12.26,9.70
532,444701102,"00532M07:12:12.058","00532 07:25:16",205.11,895.98,,,,"     ",3.60,12.32,9.74
532,444701103,"00532M07:12:13.031","00532 07:25:17",205.12,895.99,,,,"     ",3.60,12.28,9.70
532,444701104,"00532M07:12:14.004","00532 07:25:18",205.15,895.99,,,,"     ",3.60,12.33,9.73
532,444701105,"00532M07:12:14.977","00532 07:25:19",205.18,895.99,,,,"     ",3.60,12.33,9.72
532,444701106,"00532M07:12:15.951","00532 07:25:20",205.22,895.90,,,,"     ",3.60,12.23,9.63
532,444701107,"00532M07:12:16.924","00532 07:25:21",205.26,895.85,,,,"     ",3.60,12.28,9.67
532,444701108,"00532M07:12:17.897","00532 07:25:22",205.30,895.94,,,,"     ",3.60,12.31,9.69
532,444701109,"00532M07:12:18.870","00532 07:25:22",205.35,896.11,,,,"     ",3.60,12.28,9.65
532,444701110,"00532M07:12:19.844","00532 07:25:23",205.39,895.97,,,,"     ",3.60,12.31,9.67
532,444701111,"00532M07:12:20.817","00532 07:25:24",205.43,896.05,,,,"     ",3.60,12.31,9.66
532,444701112,"00532M07:12:21.790","00532 07:25:25",205.44,895.96,,,,"     ",3.60,12.36,9.69
532,444701113,"00532M07:12:22.763","00532 07:25:26",205.44,895.90,,,,"     ",3.60,12.53,9.81
532,444701114,"00532M07:12:23.737","00532 07:25:27",205.41,895.81,,,,"     ",3.60,12.30,9.62
532,444701115,"00532M07:12:24.710","00532 07:25:28",205.37,895.82,,,,"     ",3.60,12.23,9.56
532,444701116,"00532M07:12:25.683","00532 07:25:29",205.32,895.95,,,,"     ",3.60,12.31,9.62
532,444701117,"00532M07:12:26.656","00532 07:25:30",205.28,895.94,,,,"     ",3.60,12.32,9.61
532,444701118,"00532M07:12:27.630","00532 07:25:31",205.26,895.85,,,,"     ",3.60,12.32,9.61
532,444701119,"00532M07:12:28.603","00532 07:25:32",205.25,895.96,,,,"     ",3.60,12.36,9.63
532,444701120,"00532M07:12:29.576","00532 07:25:33",205.27,895.99,,,,"     ",3.60,12.32,9.59
532,444701121,"00532M07:12:30.549","00532 07:25:34",205.31,895.98,,,,"     ",3.60,12.29,9.56
532,444701122,"00532M07:12:31.523","00532 07:25:35",205.38,895.93,,,,"     ",3.60,12.31,9.57
532,444701123,"00532M07:12:32.496","00532 07:25:36",205.47,896.05,,,,"     ",3.60,12.33,9.58
532,444701124,"00532M07:12:33.469","00532 07:25:37",205.58,896.01,,,,"     ",3.60,12.40,9.62
532,444701125,"00532M07:12:34.442","00532 07:25:38",205.69,895.99,,,,"     ",3.60,12.33,9.55
532,444701126,"00532M07:12:35.416","00532 07:25:39",205.79,896.06,,,,"     ",3.60,12.35,9.56
532,444701127,"00532M07:12:36.389","00532 07:25:40",205.88,895.98,,,,"     ",3.60,12.35,9.56
532,444701128,"00532M07:12:37.362","00532 07:25:41",205.95,895.98,,,,"     ",3.60,12.30,9.51
532,444701129,"00532M07:12:38.336","00532 07:25:42",205.99,895.99,,,,"     ",3.60,12.40,9.58
532,444701130,"00532M07:12:39.309","00532 07:25:43",205.99,896.02,,,,"     ",3.60,12.33,9.51
532,444701131,"00532M07:12:40.282","00532 07:25:44",205.96,895.99,,,,"     ",3.60,12.34,9.51
532,444701132,"00532M07:12:41.255","00532 07:25:45",205.90,895.98,,,,"     ",3.60,12.41,9.55
532,444701133,"00532M07:12:42.229","00532 07:25:46",205.83,895.92,,,,"     ",3.60,12.39,9.53
532,444701134,"00532M07:12:43.202","00532 07:25:47",205.75,895.92,,,,"     ",3.60,12.36,9.50
532,444701135,"00532M07:12:44.175","00532 07:25:48",205.67,895.91,,,,"     ",3.60,12.39,9.51
532,444701136,"00532M07:12:45.148","00532 07:25:49",205.61,895.88,,,,"     ",3.60,12.45,9.55
532,444701137,"00532M07:12:46.122","00532 07:25:50",205.56,895.99,,,,"     ",3.60,12.34,9.46
532,444701138,"00532M07:12:47.095","00532 07:25:51",205.52,895.96,,,,"     ",3.60,12.41,9.50
532,444701139,"00532M07:12:48.068","00532 07:25:52",205.49,895.94,,,,"     ",3.60,12.40,9.49
532,444701140,"00532M07:12:49.041","00532 07:25:53",205.47,895.88,,,,"     ",3.60,12.32,9.42
532,444701141,"00532M07:12:50.015","00532 07:25:54",205.45,895.94,,,,"     ",3.60,12.32,9.41
532,444701142,"00532M07:12:50.988","00532 07:25:55",205.43,895.92,,,,"     ",3.60,12.45,9.50
532,444701143,"00532M07:12:51.961","00532 07:25:56",205.41,896.00,,,,"     ",3.60,12.36,9.43
532,444701144,"00532M07:12:52.934","00532 07:25:57",205.38,895.90,,,,"     ",3.60,12.41,9.46
532,444701145,"00532M07:12:53.908","00532 07:25:58",205.36,895.82,,,,"     ",3.60,12.10,9.21
532,444701146,"00532M07:12:54.881","00532 07:25:59",205.33,896.05,,,,"     ",3.60,12.43,9.46
532,444701147,"00532M07:12:55.854","00532 07:25:59",205.32,896.07,,,,"     ",3.60,12.47,9.49
532,444701148,"00532M07:12:56.827","00532 07:26:00",205.33,895.91,,,,"     ",3.60,12.39,9.41
532,444701149,"00532M07:12:57.801","00532 07:26:01",205.35,895.93,,,,"     ",3.60,12.37,9.39
532,444701150,"00532M07:12:58.774","00532 07:26:02",205.38,895.81,,,,"     ",3.60,12.43,9.42
532,444701151,"00532M07:12:59.747","00532 07:26:03",205.41,895.91,,,,"     ",3.60,12.41,9.40
532,444701152,"00532M07:13:00.720","00532 07:26:04",205.44,895.96,,,,"     ",3.60,12.44,9.42
532,444701153,"00532M07:13:01.694","00532 07:26:05",205.47,895.91,,,,"     ",3.60,12.44,9.41
532,444701154,"00532M07:13:02.667","00532 07:26:06",205.51,895.95,,,,"     ",3.60,12.42,9.39
532,444701155,"00532M07:13:03.640","00532 07:26:07",205.56,895.98,,,,"     ",3.60,12.39,9.36
532,444701156,"00532M07:13:04.613","00532 07:26:08",205.63,895.93,,,,"     ",3.60,12.47,9.42
532,444701157,"00532M07:13:05.587","00532 07:26:09",205.70,895.97,,,,"     ",3.60,12.45,9.39
532,444701158,"00532M07:13:06.560","00532 07:26:10",205.77,895.89,,,,"     ",3.60,12.43,9.37
532,444701159,"00532M07:13:07.533","00532 07:26:11",205.84,895.91,,,,"     ",3.60,12.45,9.38
532,444701160,"00532M07:13:08.506","00532 07:26:12",205.90,895.92,,,,"     ",3.60,12.39,9.32
532,444701161,"00532M07:13:09.480","00532 07:26:13",205.97,895.92,,,,"     ",3.60,12.38,9.31
532,444701162,"00532M07:13:10.453","00532 07:26:14",206.04,896.00,,,,"     ",3.60,12.44,9.35
532,444701163,"00532M07:13:11.426","00532 07:26:15",206.13,895.99,,,,"     ",3.60,12.44,9.34
532,444701164,"00532M07:13:12.399","00532 07:26:16",206.22,895.97,,,,"     ",3.60,12.48,9.37
532,444701165,"00532M07:13:13.373","00532 07:26:17",206.31,895.94,,,,"     ",3.60,12.43,9.32
532,444701166,"00532M07:13:14.346","00532 07:26:18",206.39,895.86,,,,"     ",3.60,12.44,9.32
532,444701167,"00532M07:13:15.319","00532 07:26:19",206.47,895.94,,,,"     ",3.60,12.46,9.33
532,444701168,"00532M07:13:16.292","00532 07:26:20",206.53,895.84,,,,"     ",3.60,12.40,9.28
532,444701169,"00532M07:13:17.266","00532 07:26:21",206.57,895.95,,,,"     ",3.60,12.42,9.28
532,444701170,"00532M07:13:18.239","00532 07:26:22",206.58,896.01,,,,"     ",3.60,12.36,9.24
532,444701171,"00532M07:13:19.212","00532 07:26:23",206.55,895.97,,,,"     ",3.60,12.47,9.31
532,444701172,"00532M07:13:20.185","00532 07:26:24",206.52,895.94,,,,"     ",3.60,12.47,9.30
532,444701173,"00532M07:13:21.159","00532 07:26:25",206.48,895.94,,,,"     ",3.60,12.51,9.32
532,444701174,"00532M07:13:22.132","00532 07:26:26",206.45,896.00,,,,"     ",3.60,12.45,9.27
532,444701175,"00532M07:13:23.105","00532 07:26:27",206.41,895.96,,,,"     ",3.60,12.40,9.23
532,444701176,"00532M07:13:24.078","00532 07:26:28",206.38,895.98,,,,"     ",3.60,12.45,9.26
532,444701177,"00532M07:13:25.052","00532 07:26:29",206.36,895.85,,,,"     ",3.60,12.56,9.34
532,444701178,"00532M07:13:26.025","00532 07:26:30",206.35,895.94,,,,"     ",3.60,12.49,9.28
532,444701179,"00532M07:13:26.998","00532 07:26:31",206.35,895.96,,,,"     ",3.60,12.49,9.27
532,444701180,"00532M07:13:27.971","00532 07:26:32",206.37,895.93,,,,"     ",3.60,12.53,9.29
532,444701181,"00532M07:13:28.945","00532 07:26:33",206.41,895.88,,,,"     ",3.60,12.44,9.22
532,444701182,"00532M07:13:29.918","00532 07:26:34",206.47,895.79,,,,"     ",3.60,12.50,9.25
532,444701183,"00532M07:13:30.891","00532 07:26:35",206.54,895.75,,,,"     ",3.60,12.22,9.04
532,444701184,"00532M07:13:31.864","00532 07:26:35",206.62,895.89,,,,"     ",3.60,12.53,9.26
532,444701185,"00532M07:13:32.838","00532 07:26:36",206.72,895.95,,,,"     ",3.60,12.53,9.25
532,444701186,"00532M07:13:33.811","00532 07:26:37",206.82,896.04,,,,"     ",3.60,12.54,9.26
532,444701187,"00532M07:13:34.784","00532 07:26:38",206.90,896.05,,,,"     ",3.60,12.51,9.23
532,444701188,"00532M07:13:35.757","00532 07:26:39",206.96,895.87,,,,"     ",3.60,12.50,9.21
532,444701189,"00532M07:13:36.731","00532 07:26:40",206.99,895.94,,,,"     ",3.60,12.50,9.20
532,444701190,"00532M07:13:37.704","00532 07:26:41",207.00,895.97,,,,"     ",3.60,12.56,9.24
532,444701191,"00532M07:13:38.677","00532 07:26:42",207.01,896.00,,,,"     ",3.60,12.55,9.23
532,444701192,"00532M07:13:39.650","00532 07:26:43",207.01,895.93,,,,"     ",3.60,12.48,9.17
532,444701193,"00532M07:13:40.624","00532 07:26:44",207.02,895.95,,,,"     ",3.60,12.55,9.22
532,444701194,"00532M07:13:41.597","00532 07:26:45",207.05,895.95,,,,"     ",3.60,12.59,9.24
532,444701195,"00532M07:13:42.570","00532 07:26:46",207.09,895.93,,,,"     ",3.60,12.62,9.26
532,444701196,"00532M07:13:43.543","00532 07:26:47",207.15,895.91,,,,"     ",3.60,12.52,9.17
532,444701197,"00532M07:13:44.517","00532 07:26:48",207.21,895.91,,,,"     ",3.60,12.47,9.13
532,444701198,"00532M07:13:45.490","00532 07:26:49",207.28,895.87,,,,"     ",3.60,12.50,9.14
532,444701199,"00532M07:13:46.463","00532 07:26:50",207.36,895.96,,,,"     ",3.60,12.52,9.15
532,444701200,"00532M07:13:47.437","00532 07:26:51",207.45,895.96,,,,"     ",3.60,12.57,9.18
532,444701201,"00532M07:13:48.410","00532 07:26:52",207.54,895.91,,,,"     ",3.60,12.58,9.18
532,444701202,"00532M07:13:49.383","00532 07:26:53",207.62,895.91,,,,"     ",3.60,12.63,9.21
532,444701203,"00532M07:13:50.356","00532 07:26:54",207.69,895.91,,,,"     ",3.60,12.54,9.14
532,444701204,"00532M07:13:51.330","00532 07:26:55",207.74,895.89,,,,"     ",3.60,12.53,9.13
532,444701205,"00532M07:13:52.303","00532 07:26:56",207.78,895.94,,,,"     ",3.60,12.52,9.11
532,444701206,"00532M07:13:53.276","00532 07:26:57",207.81,895.98,,,,"     ",3.60,12.57,9.14
532,444701207,"00532M07:13:54.249","00532 07:26:58",207.85,895.96,,,,"     ",3.60,12.60,9.16
532,444701208,"00532M07:13:55.223","00532 07:26:59",207.89,895.90,,,,"     ",3.60,12.59,9.14
532,444701209,"00532M07:13:56.196","00532 07:27:00",207.94,895.84,,,,"     ",3.60,12.60,9.14
532,444701210,"00532M07:13:57.169","00532 07:27:01",208.00,895.88,,,,"     ",3.60,12.61,9.14
532,444701211,"00532M07:13:58.142","00532 07:27:02",208.07,895.91,,,,"     ",3.60,12.58,9.11
532,444701212,"00532M07:13:59.116","00532 07:27:03",208.13,895.96,,,,"     ",3.60,12.60,9.13
532,444701213,"00532M07:14:00.089","00532 07:27:04",208.18,895.87,,,,"     ",3.60,12.50,9.04
532,444701214,"00532M07:14:01.062","00532 07:27:05",208.23,895.97,,,,"     ",3.60,12.57,9.09
532,444701215,"00532M07:14:02.035","00532 07:27:06",208.27,895.96,,,,"     ",3.60,12.63,9.13
532,444701216,"00532M07:14:03.009","00532 07:27:07",208.31,895.97,,,,"     ",3.60,12.58,9.08
532,444701217,"00532M07:14:03.982","00532 07:27:08",208.35,895.92,,,,"     ",3.60,12.60,9.09
532,444701218,"00532M07:14:04.955","00532 07:27:09",208.39,895.95,,,,"     ",3.60,12.58,9.07
532,444701219,"00532M07:14:05.928","00532 07:27:10",208.40,895.98,,,,"     ",3.60,12.60,9.07
532,444701220,"00532M07:14:06.902","00532 07:27:11",208.40,895.91,,,,"     ",3.60,12.60,9.07
532,444701221,"00532M07:14:07.875","00532 07:27:12",208.39,895.92,,,,"     ",3.60,12.33,8.86
532,444701222,"00532M07:14:08.848","00532 07:27:12",208.36,896.04,,,,"     ",3.60,12.55,9.02
532,444701223,"00532M07:14:09.821","00532 07:27:13",208.35,895.90,,,,"     ",3.60,12.61,9.05
532,444701224,"00532M07:14:10.795","00532 07:27:14",208.35,895.87,,,,"     ",3.60,12.58,9.02
532,444701225,"00532M07:14:11.768","00532 07:27:15",208.37,895.93,,,,"     ",3.60,12.57,9.01
532,444701226,"00532M07:14:12.741","00532 07:27:16",208.40,895.76,,,,"     ",3.60,12.66,9.07
532,444701227,"00532M07:14:13.714","00532 07:27:17",208.42,895.76,,,,"     ",3.60,12.66,9.07
532,444701228,"00532M07:14:14.688","00532 07:27:18",208.43,895.92,,,,"     ",3.60,12.58,9.00
532,444701229,"00532M07:14:15.661","00532 07:27:19",208.41,895.90,,,,"     ",3.60,12.56,8.98
532,444701230,"00532M07:14:16.634","00532 07:27:20",208.39,895.97,,,,"     ",3.60,12.59,9.00
532,444701231,"00532M07:14:17.607","00532 07:27:21",208.37,895.99,,,,"     ",3.60,12.63,9.01
532,444701232,"00532M07:14:18.581","00532 07:27:22",208.38,895.96,,,,"     ",3.60,12.63,9.01
532,444701233,"00532M07:14:19.554","00532 07:27:23",208.41,895.98,,,,"     ",3.60,12.59,8.98
532,444701234,"00532M07:14:20.527","00532 07:27:24",208.46,896.06,,,,"     ",3.60,12.60,8.98
532,444701235,"00532M07:14:21.500","00532 07:27:25",208.51,896.01,,,,"     ",3.60,12.57,8.95
532,444701236,"00532M07:14:22.474","00532 07:27:26",208.55,895.92,,,,"     ",3.60,12.65,9.00
532,444701237,"00532M07:14:23.447","00532 07:27:27",208.57,895.95,,,,"     ",3.60,12.56,8.93
532,444701238,"00532M07:14:24.420","00532 07:27:28",208.58,895.93,,,,"     ",3.60,12.62,8.97
532,444701239,"00532M07:14:25.393","00532 07:27:29",208.58,895.92,,,,"     ",3.60,12.63,8.96
532,444701240,"00532M07:14:26.367","00532 07:27:30",208.56,895.92,,,,"     ",3.60,12.62,8.96
532,444701241,"00532M07:14:27.340","00532 07:27:31",208.56,896.05,,,,"     ",3.60,12.59,8.93
532,444701242,"00532M07:14:28.313","00532 07:27:32",208.56,895.95,,,,"     ",3.60,12.60,8.93
532,444701243,"00532M07:14:29.286","00532 07:27:33",208.56,895.97,,,,"     ",3.60,12.59,8.91
532,444701244,"00532M07:14:30.260","00532 07:27:34",208.56,895.94,,,,"     ",3.60,12.54,8.87
532,444701245,"00532M07:14:31.233","00532 07:27:35",208.53,895.99,,,,"     ",3.60,12.67,8.96
532,444701246,"00532M07:14:32.206","00532 07:27:36",208.48,895.96,,,,"     ",3.60,12.62,8.91
532,444701247,"00532M07:14:33.179","00532 07:27:37",208.41,895.93,,,,"     ",3.60,12.61,8.90
532,444701248,"00532M07:14:34.153","00532 07:27:38",208.35,895.93,,,,"     ",3.60,12.59,8.88
532,444701249,"00532M07:14:35.126","00532 07:27:39",208.30,895.93,,,,"     ",3.60,12.60,8.88
532,444701250,"00532M07:14:36.099","00532 07:27:40",208.28,895.98,,,,"     ",3.60,12.62,8.89
532,444701251,"00532M07:14:37.072","00532 07:27:41",208.29,896.01,,,,"     ",3.60,12.54,8.83
532,444701252,"00532M07:14:38.046","00532 07:27:42",208.31,895.95,,,,"     ",3.60,12.60,8.86
532,444701253,"00532M07:14:39.019","00532 07:27:43",208.35,895.99,,,,"     ",3.60,12.58,8.84
532,444701254,"00532M07:14:39.992","00532 07:27:44",208.38,895.98,,,,"     ",3.60,12.61,8.86
532,444701255,"00532M07:14:40.965","00532 07:27:45",208.41,895.87,,,,"     ",3.60,12.57,8.82
532,444701256,"00532M07:14:41.939","00532 07:27:46",208.44,895.90,,,,"     ",3.60,12.55,8.80
532,444701257,"00532M07:14:42.912","00532 07:27:47",208.46,895.88,,,,"     ",3.60,12.53,8.78
532,444701258,"00532M07:14:43.885","00532 07:27:48",208.49,895.95,,,,"     ",3.60,12.59,8.82
532,444701259,"00532M07:14:44.858","00532 07:27:49",208.52,895.89,,,,"     ",3.60,12.62,8.83
532,444701260,"00532M07:14:45.832","00532 07:27:49",208.55,895.88,,,,"     ",3.60,12.63,8.84
532,444701261,"00532M07:14:46.805","00532 07:27:50",208.58,896.03,,,,"     ",3.60,12.69,8.87
532,444701262,"00532M07:14:47.778","00532 07:27:51",208.60,895.99,,,,"     ",3.60,12.74,8.90
532,444701263,"00532M07:14:48.751","00532 07:27:52",208.61,895.90,,,,"     ",3.60,12.70,8.86
532,444701264,"00532M07:14:49.725","00532 07:27:53",208.60,895.87,,,,"     ",3.60,12.69,8.85
532,444701265,"00532M07:14:50.698","00532 07:27:54",208.58,895.73,,,,"     ",3.60,12.74,8.88
532,444701266,"00532M07:14:51.671","00532 07:27:55",208.54,895.85,,,,"     ",3.60,12.59,8.77
532,444701267,"00532M07:14:52.644","00532 07:27:56",208.51,895.84,,,,"     ",3.60,12.59,8.76
532,444701268,"00532M07:14:53.618","00532 07:27:57",208.48,895.89,,,,"     ",3.60,12.59,8.76
532,444701269,"00532M07:14:54.591","00532 07:27:58",208.46,895.89,,,,"     ",3.60,12.58,8.75
532,444701270,"00532M07:14:55.564","00532 07:27:59",208.44,896.02,,,,"     ",3.60,12.62,8.77
532,444701271,"00532M07:14:56.538","00532 07:28:00",208.42,895.92,,,,"     ",3.60,12.61,8.75
532,444701272,"00532M07:14:57.511","00532 07:28:01",208.40,895.95,,,,"     ",3.60,12.62,8.75
532,444701273,"00532M07:14:58.484","00532 07:28:02",208.38,895.96,,,,"     ",3.60,12.59,8.73
532,444701274,"00532M07:14:59.457","00532 07:28:03",208.36,896.00,,,,"     ",3.60,12.55,8.69
532,444701275,"00532M07:15:00.431","00532 07:28:04",208.33,895.95,,,,"     ",3.60,12.54,8.68
532,444701276,"00532M07:15:01.404","00532 07:28:05",208.29,896.04,,,,"     ",3.60,12.62,8.73
532,444701277,"00532M07:15:02.377","00532 07:28:06",208.24,895.97,,,,"     ",3.60,12.65,8.74
532,444701278,"00532M07:15:03.350","00532 07:28:07",208.18,896.01,,,,"     ",3.60,12.60,8.70
532,444701279,"00532M07:15:04.324","00532 07:28:08",208.12,895.96,,,,"     ",3.60,12.57,8.68
532,444701280,"00532M07:15:05.297","00532 07:28:09",208.05,895.97,,,,"     ",3.60,12.66,8.73
532,444701281,"00532M07:15:06.270","00532 07:28:10",207.99,895.97,,,,"     ",3.60,12.55,8.65
532,444701282,"00532M07:15:07.243","00532 07:28:11",207.93,895.95,,,,"     ",3.60,12.62,8.69
532,444701283,"00532M07:15:08.217","00532 07:28:12",207.88,896.01,,,,"     ",3.60,12.63,8.69
532,444701284,"00532M07:15:09.190","00532 07:28:13",207.84,895.99,,,,"     ",3.60,12.56,8.64
532,444701285,"00532M07:15:10.163","00532 07:28:14",207.80,895.98,,,,"     ",3.60,12.66,8.70
532,444701286,"00532M07:15:11.136","00532 07:28:15",207.76,895.92,,,,"     ",3.60,12.66,8.69
532,444701287,"00532M07:15:12.110","00532 07:28:16",207.72,896.08,,,,"     ",3.60,12.75,8.75
532,444701288,"00532M07:15:13.083","00532 07:28:17",207.70,895.93,,,,"     ",3.60,12.79,8.77
532,444701289,"00532M07:15:14.056","00532 07:28:18",207.68,895.92,,,,"     ",3.60,12.75,8.73
532,444701290,"00532M07:15:15.029","00532 07:28:19",207.68,895.87,,,,"     ",3.60,12.72,8.71
532,444701291,"00532M07:15:16.003","00532 07:28:20",207.68,895.92,,,,"     ",3.60,12.71,8.70
532,444701292,"00532M07:15:16.976","00532 07:28:21",207.70,895.89,,,,"     ",3.60,12.60,8.61
532,444701293,"00532M07:15:17.949","00532 07:28:22",207.71,895.95,,,,"     ",3.60,12.67,8.65
532,444701294,"00532M07:15:18.922","00532 07:28:23",207.71,895.89,,,,"     ",3.60,12.61,8.60
532,444701295,"00532M07:15:19.896","00532 07:28:24",207.70,895.91,,,,"     ",3.60,12.65,8.63
532,444701296,"00532M07:15:20.869","00532 07:28:25",207.68,895.94,,,,"     ",3.60,12.61,8.59
532,444701297,"00532M07:15:21.842","00532 07:28:25",207.64,895.83,,,,"     ",3.60,12.61,8.58
532,444701298,"00532M07:15:22.815","00532 07:28:26",207.59,895.90,,,,"     ",3.60,12.66,8.62
532,444701299,"00532M07:15:23.789","00532 07:28:27",207.53,895.92,,,,"     ",3.60,12.70,8.64
532,444701300,"00532M07:15:24.762","00532 07:28:28",207.47,896.00,,,,"     ",3.60,12.64,8.60
532,444701301,"00532M07:15:25.735","00532 07:28:29",207.40,895.99,,,,"     ",3.60,12.49,8.48
532,444701302,"00532M07:15:26.708","00532 07:28:30",207.34,896.10,,,,"     ",3.60,12.70,8.62
532,444701303,"00532M07:15:27.682","00532 07:28:31",207.28,896.02,,,,"     ",3.60,12.70,8.61
532,444701304,"00532M07:15:28.655","00532 07:28:32",207.22,896.02,,,,"     ",3.60,12.84,8.71
532,444701305,"00532M07:15:29.628","00532 07:28:33",207.15,896.13,,,,"     ",3.60,12.74,8.63
532,444701306,"00532M07:15:30.601","00532 07:28:34",207.08,895.88,,,,"     ",3.60,12.73,8.62
532,444701307,"00532M07:15:31.575","00532 07:28:35",207.02,895.99,,,,"     ",3.60,12.77,8.64
532,444701308,"00532M07:15:32.548","00532 07:28:36",206.96,895.99,,,,"     ",3.60,12.62,8.53
532,444701309,"00532M07:15:33.521","00532 07:28:37",206.91,896.04,,,,"     ",3.60,12.76,8.61
532,444701310,"00532M07:15:34.494","00532 07:28:38",206.87,896.01,,,,"     ",3.60,12.69,8.56
532,444701311,"00532M07:15:35.468","00532 07:28:39",206.84,895.96,,,,"     ",3.60,12.79,8.63
532,444701312,"00532M07:15:36.441","00532 07:28:40",206.82,895.93,,,,"     ",3.60,12.77,8.60
532,444701313,"00532M07:15:37.414","00532 07:28:41",206.81,895.93,,,,"     ",3.60,12.74,8.57
532,444701314,"00532M07:15:38.387","00532 07:28:42",206.81,895.91,,,,"     ",3.60,12.77,8.59
532,444701315,"00532M07:15:39.361","00532 07:28:43",206.81,895.95,,,,"     ",3.60,12.75,8.57
532,444701316,"00532M07:15:40.334","00532 07:28:44",206.83,896.00,,,,"     ",3.60,12.75,8.56
532,444701317,"00532M07:15:41.307","00532 07:28:45",206.85,895.94,,,,"     ",3.60,12.75,8.56
532,444701318,"00532M07:15:42.280","00532 07:28:46",206.88,895.98,,,,"     ",3.60,12.71,8.52
532,444701319,"00532M07:15:43.254","00532 07:28:47",206.92,896.09,,,,"     ",3.60,12.72,8.52
532,444701320,"00532M07:15:44.227","00532 07:28:48",206.97,896.02,,,,"     ",3.60,12.75,8.53
532,444701321,"00532M07:15:45.200","00532 07:28:49",207.03,896.00,,,,"     ",3.60,12.76,8.53
532,444701322,"00532M07:15:46.173","00532 07:28:50",207.09,896.00,,,,"     ",3.60,12.79,8.55
532,444701323,"00532M07:15:47.147","00532 07:28:51",206.06,895.94,,,,"     ",3.60,12.83,8.56
532,444701324,"00532M07:15:48.120","00532 07:28:52",206.06,895.94,,,,"     ",3.60,12.72,8.49
532,444701325,"00532M07:15:49.093","00532 07:28:53",206.06,896.01,,,,"     ",3.60,12.74,8.50
532,444701326,"00532M07:15:50.066","00532 07:28:54",206.06,895.94,,,,"     ",3.60,12.79,8.52
532,444701327,"00532M07:15:51.040","00532 07:28:55",206.06,895.90,,,,"     ",3.60,12.74,8.49
532,444701328,"00532M07:15:52.013","00532 07:28:56",206.06,895.97,,,,"     ",3.60,12.73,8.47
532,444701329,"00532M07:15:52.986","00532 07:28:57",206.05,895.94,,,,"     ",3.60,12.75,8.48
532,444701330,"00532M07:15:53.959","00532 07:28:58",206.05,896.01,,,,"     ",3.60,12.73,8.46
532,444701331,"00532M07:15:54.933","00532 07:28:59",206.05,895.96,,,,"     ",3.60,12.68,8.43
532,444701332,"00532M07:15:55.906","00532 07:29:00",206.04,895.99,,,,"     ",3.60,12.82,8.52
532,444701333,"00532M07:15:56.879","00532 07:29:01",206.04,895.94,,,,"     ",3.60,12.78,8.48
532,444701334,"00532M07:15:57.852","00532 07:29:02",206.03,896.00,,,,"     ",3.60,12.75,8.45
532,444701335,"00532M07:15:58.826","00532 07:29:02",206.02,896.02,,,,"     ",3.60,12.74,8.44
532,444701336,"00532M07:15:59.799","00532 07:29:03",206.01,896.00,,,,"     ",3.60,12.78,8.46
532,444701337,"00532M07:16:00.772","00532 07:29:04",206.01,896.00,,,,"     ",3.60,12.76,8.44
532,444701338,"00532M07:16:01.745","00532 07:29:05",206.00,896.02,,,,"     ",3.60,12.74,8.43
532,444701339,"00532M07:16:02.719","00532 07:29:06",205.99,895.94,,,,"     ",3.60,12.73,8.41
532,444701340,"00532M07:16:03.692","00532 07:29:07",205.98,895.90,,,,"     ",3.60,12.78,8.44
532,444701341,"00532M07:16:04.665","00532 07:29:08",205.96,895.86,,,,"     ",3.60,12.71,8.39
532,444701342,"00532M07:16:05.639","00532 07:29:09",205.95,896.04,,,,"     ",3.60,12.77,8.43
532,444701343,"00532M07:16:06.612","00532 07:29:10",205.93,895.97,,,,"     ",3.60,12.79,8.43
532,444701344,"00532M07:16:07.585","00532 07:29:11",205.89,895.95,,,,"     ",3.60,12.83,8.45
532,444701345,"00532M07:16:08.558","00532 07:29:12",205.86,895.98,,,,"     ",3.60,12.87,8.48
532,444701346,"00532M07:16:09.532","00532 07:29:13",205.82,896.09,,,,"     ",3.60,12.82,8.43
532,444701347,"00532M07:16:10.505","00532 07:29:14",205.78,895.84,,,,"     ",3.60,12.76,8.39
532,444701348,"00532M07:16:11.478","00532 07:29:15",205.74,895.99,,,,"     ",3.60,12.83,8.43
532,444701349,"00532M07:16:12.451","00532 07:29:16",205.71,895.96,,,,"     ",3.60,12.87,8.46
532,444701350,"00532M07:16:13.425","00532 07:29:17",205.67,895.99,,,,"     ",3.60,12.80,8.40
532,444701351,"00532M07:16:14.398","00532 07:29:18",205.64,895.95,,,,"     ",3.60,12.87,8.45
532,444701352,"00532M07:16:15.371","00532 07:29:19",205.60,895.96,,,,"     ",3.60,12.86,8.43
532,444701353,"00532M07:16:16.344","00532 07:29:20",205.57,896.00,,,,"     ",3.60,12.83,8.41
532,444701354,"00532M07:16:17.318","00532 07:29:21",205.53,895.99,,,,"     ",3.60,12.84,8.41
532,444701355,"00532M07:16:18.291","00532 07:29:22",205.50,896.01,,,,"     ",3.60,12.75,8.34
532,444701356,"00532M07:16:19.264","00532 07:29:23",205.48,895.96,,,,"     ",3.60,12.82,8.38
532,444701357,"00532M07:16:20.237","00532 07:29:24",205.45,895.98,,,,"     ",3.60,12.83,8.39
532,444701358,"00532M07:16:21.211","00532 07:29:25",205.42,895.96,,,,"     ",3.60,12.76,8.34
532,444701359,"00532M07:16:22.184","00532 07:29:26",205.40,895.93,,,,"     ",3.60,12.93,8.44
532,444701360,"00532M07:16:23.157","00532 07:29:27",205.37,895.98,,,,"     ",3.60,12.85,8.39
532,444701361,"00532M07:16:24.130","00532 07:29:28",205.35,895.94,,,,"     ",3.60,12.94,8.44
532,444701362,"00532M07:16:25.104","00532 07:29:29",205.32,895.98,,,,"     ",3.60,12.86,8.38
532,444701363,"00532M07:16:26.077","00532 07:29:30",205.29,895.97,,,,"     ",3.60,12.87,8.39
532,444701364,"00532M07:16:27.050","00532 07:29:31",205.26,895.97,,,,"     ",3.60,12.89,8.40
532,444701365,"00532M07:16:28.023","00532 07:29:32",205.23,895.99,,,,"     ",3.60,12.89,8.39
532,444701366,"00532M07:16:28.997","00532 07:29:33",205.19,896.06,,,,"     ",3.60,12.88,8.38
532,444701367,"00532M07:16:29.970","00532 07:29:34",205.16,895.98,,,,"     ",3.60,12.83,8.34
532,444701368,"00532M07:16:30.943","00532 07:29:35",205.11,895.92,,,,"     ",3.60,12.85,8.35
532,444701369,"00532M07:16:31.916","00532 07:29:36",205.07,895.93,,,,"     ",3.60,12.90,8.37
532,444701370,"00532M07:16:32.890","00532 07:29:37",205.03,896.00,,,,"     ",3.60,12.79,8.30
532,444701371,"00532M07:16:33.863","00532 07:29:38",204.99,896.03,,,,"     ",3.60,12.82,8.31
532,444701372,"00532M07:16:34.836","00532 07:29:38",204.95,896.00,,,,"     ",3.60,12.83,8.32
532,444701373,"00532M07:16:35.809","00532 07:29:39",204.92,895.90,,,,"     ",3.60,12.85,8.33
532,444701374,"00532M07:16:36.783","00532 07:29:40",204.90,895.96,,,,"     ",3.60,12.75,8.25
532,444701375,"00532M07:16:37.756","00532 07:29:41",204.88,896.00,,,,"     ",3.60,12.87,8.33
532,444701376,"00532M07:16:38.729","00532 07:29:42",204.87,895.98,,,,"     ",3.60,12.77,8.26
532,444701377,"00532M07:16:39.702","00532 07:29:43",204.87,895.95,,,,"     ",3.60,12.82,8.28
532,444701378,"00532M07:16:40.676","00532 07:29:44",204.88,895.96,,,,"     ",3.60,12.94,8.36
532,444701379,"00532M07:16:41.649","00532 07:29:45",204.89,896.00,,,,"     ",3.60,12.76,8.24
532,444701380,"00532M07:16:42.622","00532 07:29:46",204.91,895.95,,,,"     ",3.60,12.96,8.36
532,444701381,"00532M07:16:43.595","00532 07:29:47",204.92,895.97,,,,"     ",3.60,12.98,8.37
532,444701382,"00532M07:16:44.569","00532 07:29:48",204.93,895.83,,,,"     ",3.60,12.87,8.29
532,444701383,"00532M07:16:45.542","00532 07:29:49",204.93,895.87,,,,"     ",3.60,12.66,8.15
532,444701384,"00532M07:16:46.515","00532 07:29:50",204.93,895.89,,,,"     ",3.60,12.77,8.22
532,444701385,"00532M07:16:47.488","00532 07:29:51",204.92,896.06,,,,"     ",3.60,12.82,8.25
532,444701386,"00532M07:16:48.462","00532 07:29:52",204.89,896.11,,,,"     ",3.60,12.77,8.22
532,444701387,"00532M07:16:49.435","00532 07:29:53",204.86,896.09,,,,"     ",3.60,12.84,8.26
532,444701388,"00532M07:16:50.408","00532 07:29:54",204.83,896.14,,,,"     ",3.60,12.81,8.24
532,444701389,"00532M07:16:51.381","00532 07:29:55",204.79,896.04,,,,"     ",3.60,12.84,8.25
532,444701390,"00532M07:16:52.355","00532 07:29:56",204.75,896.02,,,,"     ",3.60,12.93,8.30
532,444701391,"00532M07:16:53.328","00532 07:29:57",204.71,896.06,,,,"     ",3.60,12.88,8.27
532,444701392,"00532M07:16:54.301","00532 07:29:58",204.67,895.96,,,,"     ",3.60,12.89,8.27
532,444701393,"00532M07:16:55.274","00532 07:29:59",204.63,896.03,,,,"     ",3.60,12.92,8.28
532,444701394,"00532M07:16:56.248","00532 07:30:00",204.60,895.95,,,,"     ",3.60,12.98,8.32
532,444701395,"00532M07:16:57.221","00532 07:30:01",204.56,895.97,,,,"     ",3.60,12.89,8.26
532,444701396,"00532M07:16:58.194","00532 07:30:02",204.52,895.98,,,,"     ",3.60,12.88,8.25
532,444701397,"00532M07:16:59.167","00532 07:30:03",204.48,896.00,,,,"     ",3.60,12.90,8.26
532,444701398,"00532M07:17:00.141","00532 07:30:04",204.45,895.87,,,,"     ",3.60,12.88,8.24
532,444701399,"00532M07:17:01.114","00532 07:30:05",204.41,896.06,,,,"     ",3.60,12.83,8.20
532,444701400,"00532M07:17:02.087","00532 07:30:06",204.37,896.02,,,,"     ",3.60,12.82,8.19
532,444701401,"00532M07:17:03.060","00532 07:30:07",204.34,895.93,,,,"     ",3.60,12.90,8.24
532,444701402,"00532M07:17:04.034","00532 07:30:08",204.31,896.02,,,,"     ",3.60,12.95,8.27
532,444701403,"00532M07:17:05.007","00532 07:30:09",204.29,895.98,,,,"     ",3.60,12.94,8.25
532,444701404,"00532M07:17:05.980","00532 07:30:10",204.28,895.96,,,,"     ",3.60,12.82,8.17
532,444701405,"00532M07:17:06.953","00532 07:30:11",204.27,896.00,,,,"     ",3.60,12.92,8.23
532,444701406,"00532M07:17:07.927","00532 07:30:12",204.26,895.95,,,,"     ",3.60,12.89,8.21
532,444701407,"00532M07:17:08.900","00532 07:30:13",204.25,896.02,,,,"     ",3.60,12.96,8.25
532,444701408,"00532M07:17:09.873","00532 07:30:14",204.24,895.95,,,,"     ",3.60,12.84,8.17
532,444701409,"00532M07:17:10.846","00532 07:30:15",204.22,895.98,,,,"     ",3.60,12.88,8.19
532,444701410,"00532M07:17:11.820","00532 07:30:15",204.18,895.95,,,,"     ",3.60,12.92,8.21
532,444701411,"00532M07:17:12.793","00532 07:30:16",204.14,895.93,,,,"     ",3.60,12.96,8.23
532,444701412,"00532M07:17:13.766","00532 07:30:17",204.08,895.99,,,,"     ",3.60,12.91,8.20
532,444701413,"00532M07:17:14.739","00532 07:30:18",204.01,896.01,,,,"     ",3.60,12.90,8.19
532,444701414,"00532M07:17:15.713","00532 07:30:19",203.95,895.96,,,,"     ",3.60,12.87,8.17
532,444701415,"00532M07:17:16.686","00532 07:30:20",203.89,896.02,,,,"     ",3.60,12.95,8.21
532,444701416,"00532M07:17:17.659","00532 07:30:21",203.83,896.03,,,,"     ",3.60,12.91,8.19
532,444701417,"00532M07:17:18.633","00532 07:30:22",203.78,896.00,,,,"     ",3.60,12.88,8.16
532,444701418,"00532M07:17:19.606","00532 07:30:23",203.73,896.02,,,,"     ",3.60,13.02,8.24
532,444701419,"00532M07:17:20.579","00532 07:30:24",203.68,896.05,,,,"     ",3.60,12.84,8.12
532,444701420,"00532M07:17:21.552","00532 07:30:25",203.64,895.99,,,,"     ",3.60,12.89,8.15
532,444701421,"00532M07:17:22.526","00532 07:30:26",203.59,896.03,,,,"     ",3.60,12.91,8.16
532,444701422,"00532M07:17:23.499","00532 07:30:27",203.55,896.06,,,,"     ",3.60,12.96,8.19
532,444701423,"00532M07:17:24.472","00532 07:30:28",203.51,896.03,,,,"     ",3.60,12.91,8.16
532,444701424,"00532M07:17:25.445","00532 07:30:29",203.48,896.01,,,,"     ",3.60,12.99,8.20
532,444701425,"00532M07:17:26.419","00532 07:30:30",203.45,895.90,,,,"     ",3.60,12.96,8.18
532,444701426,"00532M07:17:27.392","00532 07:30:31",203.42,895.90,,,,"     ",3.60,12.64,7.97
532,444701427,"00532M07:17:28.365","00532 07:30:32",203.40,896.00,,,,"     ",3.60,12.87,8.11
532,444701428,"00532M07:17:29.338","00532 07:30:33",203.39,895.87,,,,"     ",3.60,12.72,8.02
532,444701429,"00532M07:17:30.312","00532 07:30:34",203.38,896.03,,,,"     ",3.60,12.81,8.07
532,444701430,"00532M07:17:31.285","00532 07:30:35",203.38,896.08,,,,"     ",3.60,12.77,8.04
532,444701431,"00532M07:17:32.258","00532 07:30:36",203.38,895.86,,,,"     ",3.60,12.96,8.15
532,444701432,"00532M07:17:33.231","00532 07:30:37",203.38,895.97,,,,"     ",3.60,12.97,8.16
532,444701433,"00532M07:17:34.205","00532 07:30:38",203.37,895.96,,,,"     ",3.60,12.94,8.13
532,444701434,"00532M07:17:35.178","00532 07:30:39",203.36,895.98,,,,"     ",3.60,12.91,8.11
532,444701435,"00532M07:17:36.151","00532 07:30:40",203.35,896.00,,,,"     ",3.60,12.86,8.08
532,444701436,"00532M07:17:37.124","00532 07:30:41",203.33,895.99,,,,"     ",3.60,13.00,8.16
532,444701437,"00532M07:17:38.098","00532 07:30:42",203.30,896.00,,,,"     ",3.60,12.87,8.08
532,444701438,"00532M07:17:39.071","00532 07:30:43",203.26,895.90,,,,"     ",3.60,12.84,8.06
532,444701439,"00532M07:17:40.044","00532 07:30:44",203.21,895.96,,,,"     ",3.60,12.92,8.10
532,444701440,"00532M07:17:41.017","00532 07:30:45",203.15,895.96,,,,"     ",3.60,12.94,8.11
532,444701441,"00532M07:17:41.991","00532 07:30:46",203.08,895.92,,,,"     ",3.60,12.89,8.08
532,444701442,"00532M07:17:42.964","00532 07:30:47",203.00,895.88,,,,"     ",3.60,12.83,8.03
532,444701443,"00532M07:17:43.937","00532 07:30:48",202.92,895.97,,,,"     ",3.60,12.98,8.12
532,444701444,"00532M07:17:44.910","00532 07:30:49",202.83,895.95,,,,"     ",3.60,12.99,8.13
532,444701445,"00532M07:17:45.884","00532 07:30:50",202.75,896.00,,,,"     ",3.60,12.95,8.10
532,444701446,"00532M07:17:46.857","00532 07:30:51",202.67,895.99,,,,"     ",3.60,12.90,8.06
532,444701447,"00532M07:17:47.830","00532 07:30:51",202.60,896.01,,,,"     ",3.60,12.87,8.05
532,444701448,"00532M07:17:48.803","00532 07:30:52",202.53,895.88,,,,"     ",3.60,12.93,8.07
532,444701449,"00532M07:17:49.777","00532 07:30:53",202.47,895.90,,,,"     ",3.60,12.87,8.04
532,444701450,"00532M07:17:50.750","00532 07:30:54",202.42,895.98,,,,"     ",3.60,13.01,8.12
532,444701451,"00532M07:17:51.723","00532 07:30:55",202.37,896.00,,,,"     ",3.60,12.95,8.08
532,444701452,"00532M07:17:52.696","00532 07:30:56",202.34,895.95,,,,"     ",3.60,12.88,8.03
532,444701453,"00532M07:17:53.670","00532 07:30:57",202.32,895.90,,,,"     ",3.60,12.91,8.04
532,444701454,"00532M07:17:54.643","00532 07:30:58",202.30,895.90,,,,"     ",3.60,12.99,8.09
532,444701455,"00532M07:17:55.616","00532 07:30:59",202.30,896.01,,,,"     ",3.60,12.96,8.07
532,444701456,"00532M07:17:56.589","00532 07:31:00",202.30,895.91,,,,"     ",3.60,12.95,8.06
532,444701457,"00532M07:17:57.563","00532 07:31:01",202.32,895.90,,,,"     ",3.60,12.94,8.05
532,444701458,"00532M07:17:58.536","00532 07:31:02",202.34,895.95,,,,"     ",3.60,12.97,8.06
532,444701459,"00532M07:17:59.509","00532 07:31:03",202.36,895.97,,,,"     ",3.60,12.95,8.05
532,444701460,"00532M07:18:00.482","00532 07:31:04",202.39,896.02,,,,"     ",3.60,12.99,8.07
532,444701461,"00532M07:18:01.456","00532 07:31:05",202.43,895.94,,,,"     ",3.60,12.97,8.05
532,444701462,"00532M07:18:02.429","00532 07:31:06",202.46,895.87,,,,"     ",3.60,12.95,8.03
532,444701463,"00532M07:18:03.402","00532 07:31:07",202.49,895.86,,,,"     ",3.60,12.90,8.00
532,444701464,"00532M07:18:04.375","00532 07:31:08",202.51,895.95,,,,"     ",3.60,12.97,8.04
532,444701465,"00532M07:18:05.349","00532 07:31:09",202.52,895.94,,,,"     ",3.60,13.01,8.06
532,444701466,"00532M07:18:06.322","00532 07:31:10",202.52,895.90,,,,"     ",3.60,12.91,7.99
532,444701467,"00532M07:18:07.295","00532 07:31:11",202.51,895.92,,,,"     ",3.60,12.95,8.02
532,444701468,"00532M07:18:08.268","00532 07:31:12",202.48,895.93,,,,"     ",3.60,12.83,7.94
532,444701469,"00532M07:18:09.242","00532 07:31:13",202.44,895.89,,,,"     ",3.60,12.96,8.02
532,444701470,"00532M07:18:10.215","00532 07:31:14",200.64,896.03,,,,"     ",3.60,12.87,7.96
532,444701471,"00532M07:18:11.188","00532 07:31:15",200.60,895.99,,,,"     ",3.60,12.82,7.92
532,444701472,"00532M07:18:12.161","00532 07:31:16",200.55,895.96,,,,"     ",3.60,12.83,7.92
532,444701473,"00532M07:18:13.135","00532 07:31:17",200.49,896.01,,,,"     ",3.60,12.80,7.90
532,444701474,"00532M07:18:14.108","00532 07:31:18",200.44,896.09,,,,"     ",3.60,12.76,7.87
532,444701475,"00532M07:18:15.081","00532 07:31:19",200.39,895.92,,,,"     ",3.60,12.95,7.99
532,444701476,"00532M07:18:16.054","00532 07:31:20",200.34,895.96,,,,"     ",3.60,12.89,7.95
532,444701477,"00532M07:18:17.028","00532 07:31:21",200.30,895.94,,,,"     ",3.60,12.90,7.95
532,444701478,"00532M07:18:18.001","00532 07:31:22",200.25,895.93,,,,"     ",3.60,13.00,8.01
532,444701479,"00532M07:18:18.974","00532 07:31:23",200.22,895.91,,,,"     ",3.60,13.07,8.05
532,444701480,"00532M07:18:19.947","00532 07:31:24",200.18,895.86,,,,"     ",3.60,12.94,7.96
532,444701481,"00532M07:18:20.921","00532 07:31:25",200.15,895.78,,,,"     ",3.60,12.96,7.97
532,444701482,"00532M07:18:21.894","00532 07:31:26",200.13,895.76,,,,"     ",3.60,12.98,7.98
532,444701483,"00532M07:18:22.867","00532 07:31:27",200.13,895.89,,,,"     ",3.60,12.97,7.97
532,444701484,"00532M07:18:23.840","00532 07:31:28",200.13,895.96,,,,"     ",3.60,12.97,7.96
532,444701485,"00532M07:18:24.814","00532 07:31:28",200.15,895.96,,,,"     ",3.60,13.02,7.99
532,444701486,"00532M07:18:25.787","00532 07:31:29",200.18,895.83,,,,"     ",3.60,12.98,7.96
532,444701487,"00532M07:18:26.760","00532 07:31:30",200.23,895.87,,,,"     ",3.60,13.01,7.98
532,444701488,"00532M07:18:27.734","00532 07:31:31",200.28,895.91,,,,"     ",3.60,12.94,7.93
532,444701489,"00532M07:18:28.707","00532 07:31:32",200.34,895.93,,,,"     ",3.60,12.99,7.95
532,444701490,"00532M07:18:29.680","00532 07:31:33",200.40,895.96,,,,"     ",3.60,12.99,7.95
532,444701491,"00532M07:18:30.653","00532 07:31:34",200.45,895.85,,,,"     ",3.60,12.96,7.93
532,444701492,"00532M07:18:31.627","00532 07:31:35",200.50,895.88,,,,"     ",3.60,12.97,7.93
532,444701493,"00532M07:18:32.600","00532 07:31:36",200.54,895.91,,,,"     ",3.60,13.06,7.98
532,444701494,"00532M07:18:33.573","00532 07:31:37",200.57,895.89,,,,"     ",3.60,13.09,8.00
532,444701495,"00532M07:18:34.546","00532 07:31:38",200.59,895.92,,,,"     ",3.60,13.03,7.95
532,444701496,"00532M07:18:35.520","00532 07:31:39",200.60,895.99,,,,"     ",3.60,12.95,7.90
532,444701497,"00532M07:18:36.493","00532 07:31:40",200.61,895.95,,,,"     ",3.60,13.07,7.97
532,444701498,"00532M07:18:37.466","00532 07:31:41",200.62,895.90,,,,"     ",3.60,13.02,7.94
532,444701499,"00532M07:18:38.439","00532 07:31:42",200.63,895.79,,,,"     ",3.60,13.03,7.94
532,444701500,"00532M07:18:39.413","00532 07:31:43",200.63,895.94,,,,"     ",3.60,13.07,7.96
532,444701501,"00532M07:18:40.386","00532 07:31:44",200.63,895.93,,,,"     ",3.60,13.03,7.93
532,444701502,"00532M07:18:41.359","00532 07:31:45",200.62,895.98,,,,"     ",3.60,13.02,7.92
532,444701503,"00532M07:18:42.332","00532 07:31:46",200.59,896.02,,,,"     ",3.60,13.12,7.97
532,444701504,"00532M07:18:43.306","00532 07:31:47",200.55,895.88,,,,"     ",3.60,13.06,7.93
532,444701505,"00532M07:18:44.279","00532 07:31:48",200.50,895.86,,,,"     ",3.60,13.02,7.90
532,444701506,"00532M07:18:45.252","00532 07:31:49",200.45,895.94,,,,"     ",3.60,13.05,7.92
532,444701507,"00532M07:18:46.225","00532 07:31:50",200.38,895.96,,,,"     ",3.60,13.04,7.90
532,444701508,"00532M07:18:47.199","00532 07:31:51",200.31,895.90,,,,"     ",3.60,13.03,7.90
532,444701509,"00532M07:18:48.172","00532 07:31:52",200.23,895.85,,,,"     ",3.60,13.11,7.94
532,444701510,"00532M07:18:49.145","00532 07:31:53",200.16,895.88,,,,"     ",3.60,12.95,7.84
532,444701511,"00532M07:18:50.118","00532 07:31:54",200.10,895.92,,,,"     ",3.60,13.05,7.89
532,444701512,"00532M07:18:51.092","00532 07:31:55",200.04,895.93,,,,"     ",3.60,13.13,7.94
532,444701513,"00532M07:18:52.065","00532 07:31:56",200.00,895.87,,,,"     ",3.60,13.04,7.88
532,444701514,"00532M07:18:53.038","00532 07:31:57",199.98,895.73,,,,"     ",3.60,13.01,7.85
532,444701515,"00532M07:18:54.011","00532 07:31:58",199.96,895.95,,,,"     ",3.60,12.99,7.84
532,444701516,"00532M07:18:54.985","00532 07:31:59",199.94,895.87,,,,"     ",3.60,12.98,7.83
532,444701517,"00532M07:18:55.958","00532 07:32:00",199.93,895.93,,,,"     ",3.60,13.00,7.84
532,444701518,"00532M07:18:56.931","00532 07:32:01",199.93,895.98,,,,"     ",3.60,13.02,7.85
532,444701519,"00532M07:18:57.904","00532 07:32:02",199.92,895.75,,,,"     ",3.60,13.08,7.88
532,444701520,"00532M07:18:58.878","00532 07:32:03",199.91,895.85,,,,"     ",3.60,13.16,7.92
532,444701521,"00532M07:18:59.851","00532 07:32:04",199.92,895.86,,,,"     ",3.60,13.03,7.84
532,444701522,"00532M07:19:00.824","00532 07:32:04",199.92,895.87,,,,"     ",3.60,13.10,7.88
532,444701523,"00532M07:19:01.797","00532 07:32:05",199.93,895.85,,,,"     ",3.60,13.05,7.84
532,444701524,"00532M07:19:02.771","00532 07:32:06",199.96,895.87,,,,"     ",3.60,13.06,7.84
532,444701525,"00532M07:19:03.744","00532 07:32:07",200.00,895.90,,,,"     ",3.60,13.07,7.85
532,444701526,"00532M07:19:04.717","00532 07:32:08",200.03,895.89,,,,"     ",3.60,13.11,7.87
532,444701527,"00532M07:19:05.690","00532 07:32:09",200.07,895.84,,,,"     ",3.60,13.04,7.82
532,444701528,"00532M07:19:06.664","00532 07:32:10",200.10,895.90,,,,"     ",3.60,13.09,7.84
532,444701529,"00532M07:19:07.637","00532 07:32:11",200.12,895.95,,,,"     ",3.60,13.01,7.79
532,444701530,"00532M07:19:08.610","00532 07:32:12",200.13,895.94,,,,"     ",3.60,13.05,7.81
532,444701531,"00532M07:19:09.583","00532 07:32:13",200.13,895.86,,,,"     ",3.60,13.05,7.81
532,444701532,"00532M07:19:10.557","00532 07:32:14",200.13,895.92,,,,"     ",3.60,13.13,7.85
532,444701533,"00532M07:19:11.530","00532 07:32:15",200.11,895.88,,,,"     ",3.60,13.10,7.83
532,444701534,"00532M07:19:12.503","00532 07:32:16",200.10,895.87,,,,"     ",3.60,13.07,7.80
532,444701535,"00532M07:19:13.476","00532 07:32:17",200.09,895.92,,,,"     ",3.60,13.08,7.81
532,444701536,"00532M07:19:14.450","00532 07:32:18",200.08,895.93,,,,"     ",3.60,13.10,7.82
532,444701537,"00532M07:19:15.423","00532 07:32:19",200.08,895.96,,,,"     ",3.60,13.06,7.79
532,444701538,"00532M07:19:16.396","00532 07:32:20",200.07,895.97,,,,"     ",3.60,12.99,7.74
532,444701539,"00532M07:19:17.369","00532 07:32:21",200.07,895.87,,,,"     ",3.60,13.06,7.78
532,444701540,"00532M07:19:18.343","00532 07:32:22",200.08,895.89,,,,"     ",3.60,13.18,7.85
532,444701541,"00532M07:19:19.316","00532 07:32:23",200.10,895.92,,,,"     ",3.60,13.14,7.82
532,444701542,"00532M07:19:20.289","00532 07:32:24",200.12,895.88,,,,"     ",3.60,13.12,7.80
532,444701543,"00532M07:19:21.262","00532 07:32:25",200.16,895.90,,,,"     ",3.60,13.10,7.79
532,444701544,"00532M07:19:22.236","00532 07:32:26",200.19,895.87,,,,"     ",3.60,12.97,7.70
532,444701545,"00532M07:19:23.209","00532 07:32:27",200.23,895.88,,,,"     ",3.60,13.11,7.79
532,444701546,"00532M07:19:24.182","00532 07:32:28",200.27,895.90,,,,"     ",3.60,13.11,7.78
532,444701547,"00532M07:19:25.155","00532 07:32:29",200.31,895.86,,,,"     ",3.60,13.11,7.77
532,444701548,"00532M07:19:26.129","00532 07:32:30",200.36,895.89,,,,"     ",3.60,13.10,7.77
532,444701549,"00532M07:19:27.102","00532 07:32:31",200.41,895.90,,,,"     ",3.60,13.18,7.81
532,444701550,"00532M07:19:28.075","00532 07:32:32",200.46,895.98,,,,"     ",3.60,13.05,7.73
532,444701551,"00532M07:19:29.048","00532 07:32:33",200.52,895.92,,,,"     ",3.60,13.14,7.78
532,444701552,"00532M07:19:30.022","00532 07:32:34",200.57,895.89,,,,"     ",3.60,13.04,7.71
532,444701553,"00532M07:19:30.995","00532 07:32:35",200.61,895.91,,,,"     ",3.60,13.08,7.74
532,444701554,"00532M07:19:31.968","00532 07:32:36",200.65,895.80,,,,"     ",3.60,13.14,7.76
532,444701555,"00532M07:19:32.941","00532 07:32:37",200.68,895.85,,,,"     ",3.60,13.12,7.75
532,444701556,"00532M07:19:33.915","00532 07:32:38",200.70,895.98,,,,"     ",3.60,13.14,7.76
532,444701557,"00532M07:19:34.888","00532 07:32:39",200.71,895.87,,,,"     ",3.60,13.08,7.72
532,444701558,"00532M07:19:35.861","00532 07:32:40",200.72,895.81,,,,"     ",3.60,13.10,7.72
532,444701559,"00532M07:19:36.835","00532 07:32:41",200.72,895.77,,,,"     ",3.60,13.06,7.69
532,444701560,"00532M07:19:37.808","00532 07:32:41",200.72,895.78,,,,"     ",3.60,13.07,7.69
532,444701561,"00532M07:19:38.781","00532 07:32:42",200.71,895.94,,,,"     ",3.60,13.08,7.70
532,444701562,"00532M07:19:39.754","00532 07:32:43",200.71,895.92,,,,"     ",3.60,13.09,7.70
532,444701563,"00532M07:19:40.728","00532 07:32:44",200.70,895.98,,,,"     ",3.60,13.05,7.67
532,444701564,"00532M07:19:41.701","00532 07:32:45",200.68,895.93,,,,"     ",3.60,13.06,7.67
532,444701565,"00532M07:19:42.674","00532 07:32:46",200.66,895.75,,,,"     ",3.60,13.19,7.75
532,444701566,"00532M07:19:43.647","00532 07:32:47",200.64,895.82,,,,"     ",3.60,13.11,7.69
532,444701567,"00532M07:19:44.621","00532 07:32:48",200.62,895.89,,,,"     ",3.60,13.09,7.67
532,444701568,"00532M07:19:45.594","00532 07:32:49",200.59,895.92,,,,"     ",3.60,13.11,7.68
532,444701569,"00532M07:19:46.567","00532 07:32:50",200.56,895.96,,,,"     ",3.60,13.07,7.66
532,444701570,"00532M07:19:47.540","00532 07:32:51",200.53,895.90,,,,"     ",3.60,13.10,7.67
532,444701571,"00532M07:19:48.514","00532 07:32:52",200.50,895.93,,,,"     ",3.60,13.12,7.67
532,444701572,"00532M07:19:49.487","00532 07:32:53",200.46,895.92,,,,"     ",3.60,13.16,7.70
532,444701573,"00532M07:19:50.460","00532 07:32:54",200.43,895.90,,,,"     ",3.60,13.16,7.69
532,444701574,"00532M07:19:51.433","00532 07:32:55",200.41,895.85,,,,"     ",3.60,13.11,7.66
532,444701575,"00532M07:19:52.407","00532 07:32:56",200.39,895.89,,,,"     ",3.60,13.06,7.63
532,444701576,"00532M07:19:53.380","00532 07:32:57",200.38,895.88,,,,"     ",3.60,13.06,7.62
532,444701577,"00532M07:19:54.353","00532 07:32:58",200.37,895.91,,,,"     ",3.60,13.22,7.71
532,444701578,"00532M07:19:55.326","00532 07:32:59",200.37,895.83,,,,"     ",3.60,13.15,7.66
532,444701579,"00532M07:19:56.300","00532 07:33:00",200.37,895.87,,,,"     ",3.60,13.07,7.61
532,444701580,"00532M07:19:57.273","00532 07:33:01",200.39,895.88,,,,"     ",3.60,13.14,7.65
532,444701581,"00532M07:19:58.246","00532 07:33:02",200.40,895.83,,,,"     ",3.60,13.05,7.59
532,444701582,"00532M07:19:59.219","00532 07:33:03",200.43,895.89,,,,"     ",3.60,13.06,7.59
532,444701583,"00532M07:20:00.193","00532 07:33:04",200.45,895.85,,,,"     ",3.60,13.16,7.65
532,444701584,"00532M07:20:01.166","00532 07:33:05",200.47,895.83,,,,"     ",3.60,13.03,7.56
532,444701585,"00532M07:20:02.139","00532 07:33:06",200.48,895.83,,,,"     ",3.60,13.08,7.59
532,444701586,"00532M07:20:03.112","00532 07:33:07",200.51,895.84,,,,"     ",3.60,13.12,7.61
532,444701587,"00532M07:20:04.086","00532 07:33:08",200.52,895.91,,,,"     ",3.60,13.06,7.57
532,444701588,"00532M07:20:05.059","00532 07:33:09",200.54,895.85,,,,"     ",3.60,13.13,7.61
532,444701589,"00532M07:20:06.032","00532 07:33:10",200.55,895.93,,,,"     ",3.60,13.18,7.63
532,444701590,"00532M07:20:07.005","00532 07:33:11",200.56,895.91,,,,"     ",3.60,13.14,7.60
532,444701591,"00532M07:20:07.979","00532 07:33:12",200.57,895.90,,,,"     ",3.60,13.16,7.61
532,444701592,"00532M07:20:08.952","00532 07:33:13",202.50,895.87,,,,"     ",3.60,13.04,7.53
532,444701593,"00532M07:20:09.925","00532 07:33:14",202.52,895.92,,,,"     ",3.60,13.05,7.54
532,444701594,"00532M07:20:10.898","00532 07:33:15",202.54,895.86,,,,"     ",3.60,13.02,7.52
532,444701595,"00532M07:20:11.872","00532 07:33:16",202.56,895.81,,,,"     ",3.60,13.14,7.58
532,444701596,"00532M07:20:12.845","00532 07:33:17",202.59,895.86,,,,"     ",3.60,13.09,7.55
532,444701597,"00532M07:20:13.818","00532 07:33:17",202.61,895.78,,,,"     ",3.60,13.17,7.59
532,444701598,"00532M07:20:14.791","00532 07:33:18",202.62,895.81,,,,"     ",3.60,13.05,7.51
532,444701599,"00532M07:20:15.765","00532 07:33:19",202.64,895.76,,,,"     ",3.60,13.13,7.56
532,444701600,"00532M07:20:16.738","00532 07:33:20",202.65,895.80,,,,"     ",3.60,13.13,7.55
532,444701601,"00532M07:20:17.711","00532 07:33:21",202.66,895.74,,,,"     ",3.60,13.18,7.58
532,444701602,"00532M07:20:18.684","00532 07:33:22",202.66,895.74,,,,"     ",3.60,13.11,7.53
532,444701603,"00532M07:20:19.658","00532 07:33:23",202.66,895.72,,,,"     ",3.60,13.11,7.53
532,444701604,"00532M07:20:20.631","00532 07:33:24",202.65,895.74,,,,"     ",3.60,13.13,7.54
532,444701605,"00532M07:20:21.604","00532 07:33:25",202.64,895.64,,,,"     ",3.60,13.10,7.51
532,444701606,"00532M07:20:22.577","00532 07:33:26",202.63,895.64,,,,"     ",3.60,13.17,7.55
532,444701607,"00532M07:20:23.551","00532 07:33:27",202.62,895.53,,,,"     ",3.60,13.23,7.58
532,444701608,"00532M07:20:24.524","00532 07:33:28",202.60,895.76,,,,"     ",3.60,13.11,7.51
532,444701609,"00532M07:20:25.497","00532 07:33:29",202.59,895.77,,,,"     ",3.60,13.03,7.46
532,444701610,"00532M07:20:26.470","00532 07:33:30",202.58,895.88,,,,"     ",3.60,13.00,7.43
532,444701611,"00532M07:20:27.444","00532 07:33:31",200.69,895.98,,,,"     ",3.60,13.05,7.46
532,444701612,"00532M07:20:28.417","00532 07:33:32",200.71,895.85,,,,"     ",3.60,13.03,7.45
532,444701613,"00532M07:20:29.390","00532 07:33:33",200.73,895.79,,,,"     ",3.60,13.08,7.47
532,444701614,"00532M07:20:30.363","00532 07:33:34",200.75,895.74,,,,"     ",3.60,13.07,7.46
532,444701615,"00532M07:20:31.337","00532 07:33:35",200.77,895.82,,,,"     ",3.60,13.13,7.49
532,444701616,"00532M07:20:32.310","00532 07:33:36",200.77,895.76,,,,"     ",3.60,13.15,7.50
532,444701617,"00532M07:20:33.283","00532 07:33:37",200.79,895.93,,,,"     ",3.60,13.11,7.47
532,444701618,"00532M07:20:34.256","00532 07:33:38",200.80,895.89,,,,"     ",3.60,13.16,7.50
532,444701619,"00532M07:20:35.230","00532 07:33:39",200.81,895.82,,,,"     ",3.60,13.14,7.48
532,444701620,"00532M07:20:36.203","00532 07:33:40",200.83,895.73,,,,"     ",3.60,13.16,7.49
532,444701621,"00532M07:20:37.176","00532 07:33:41",200.83,895.75,,,,"     ",3.60,13.15,7.48
532,444701622,"00532M07:20:38.149","00532 07:33:42",200.85,895.80,,,,"     ",3.60,13.12,7.46
532,444701623,"00532M07:20:39.123","00532 07:33:43",200.86,895.80,,,,"     ",3.60,13.17,7.48
532,444701624,"00532M07:20:40.096","00532 07:33:44",200.88,895.80,,,,"     ",3.60,13.11,7.44
532,444701625,"00532M07:20:41.069","00532 07:33:45",200.90,895.78,,,,"     ",3.60,13.16,7.46
532,444701626,"00532M07:20:42.042","00532 07:33:46",200.91,895.79,,,,"     ",3.60,13.09,7.42
532,444701627,"00532M07:20:43.016","00532 07:33:47",200.92,895.86,,,,"     ",3.60,13.16,7.46
532,444701628,"00532M07:20:43.989","00532 07:33:48",200.94,895.84,,,,"     ",3.60,13.16,7.46
532,444701629,"00532M07:20:44.962","00532 07:33:49",202.85,895.80,,,,"     ",3.60,13.15,7.44
532,444701630,"00532M07:20:45.936","00532 07:33:50",202.88,895.63,,,,"     ",3.60,13.14,7.43
532,444701631,"00532M07:20:46.909","00532 07:33:51",201.10,895.69,,,,"     ",3.60,13.16,7.44
532,444701632,"00532M07:20:47.882","00532 07:33:52",201.07,895.76,,,,"     ",3.60,13.18,7.45
532,444701633,"00532M07:20:48.855","00532 07:33:53",201.03,895.73,,,,"     ",3.60,13.15,7.43
532,444701634,"00532M07:20:49.829","00532 07:33:54",201.00,895.74,,,,"     ",3.60,13.18,7.44
532,444701635,"00532M07:20:50.802","00532 07:33:54",200.97,895.69,,,,"     ",3.60,13.18,7.44
532,444701636,"00532M07:20:51.775","00532 07:33:55",200.94,895.80,,,,"     ",3.60,13.24,7.47
532,444701637,"00532M07:20:52.748","00532 07:33:56",200.92,895.78,,,,"     ",3.60,13.16,7.42
532,444701638,"00532M07:20:53.722","00532 07:33:57",200.89,895.75,,,,"     ",3.60,13.25,7.46
532,444701639,"00532M07:20:54.695","00532 07:33:58",200.88,895.71,,,,"     ",3.60,13.22,7.44
532,444701640,"00532M07:20:55.668","00532 07:33:59",200.86,895.79,,,,"     ",3.60,13.25,7.46
532,444701641,"00532M07:20:56.641","00532 07:34:00",200.84,895.76,,,,"     ",3.60,13.29,7.48
532,444701642,"00532M07:20:57.615","00532 07:34:01",200.83,895.70,,,,"     ",3.60,13.21,7.42
532,444701643,"00532M07:20:58.588","00532 07:34:02",200.82,895.74,,,,"     ",3.60,13.17,7.40
532,444701644,"00532M07:20:59.561","00532 07:34:03",200.81,895.72,,,,"     ",3.60,13.20,7.41
532,444701645,"00532M07:21:00.534","00532 07:34:04",200.80,895.76,,,,"     ",3.60,13.21,7.41
532,444701646,"00532M07:21:01.508","00532 07:34:05",200.79,895.72,,,,"     ",3.60,13.19,7.39
532,444701647,"00532M07:21:02.481","00532 07:34:06",200.79,895.69,,,,"     ",3.60,13.25,7.43
532,444701648,"00532M07:21:03.454","00532 07:34:07",200.79,895.77,,,,"     ",3.60,13.25,7.42
532,444701649,"00532M07:21:04.427","00532 07:34:08",200.80,895.71,,,,"     ",3.60,13.27,7.43
532,444701650,"00532M07:21:05.401","00532 07:34:09",200.82,895.72,,,,"     ",3.60,13.17,7.36
532,444701651,"00532M07:21:06.374","00532 07:34:10",200.84,895.74,,,,"     ",3.60,13.20,7.38
532,444701652,"00532M07:21:07.347","00532 07:34:11",200.86,895.77,,,,"     ",3.60,13.28,7.42
532,444701653,"00532M07:21:08.320","00532 07:34:12",200.87,895.70,,,,"     ",3.60,13.13,7.33
532,444701654,"00532M07:21:09.294","00532 07:34:13",200.88,895.62,,,,"     ",3.60,13.29,7.42
532,444701655,"00532M07:21:10.267","00532 07:34:14",200.89,895.59,,,,"     ",3.60,13.27,7.41
532,444701656,"00532M07:21:11.240","00532 07:34:15",200.89,895.70,,,,"     ",3.60,13.20,7.36
532,444701657,"00532M07:21:12.213","00532 07:34:16",200.88,895.82,,,,"     ",3.60,13.19,7.35
532,444701658,"00532M07:21:13.187","00532 07:34:17",200.87,895.83,,,,"     ",3.60,13.17,7.34
532,444701659,"00532M07:21:14.160","00532 07:34:18",200.85,895.92,,,,"     ",3.60,13.16,7.33
532,444701660,"00532M07:21:15.133","00532 07:34:19",200.84,895.98,,,,"     ",3.60,13.48,7.50
532,444701661,"00532M07:21:16.106","00532 07:34:20",200.82,895.79,,,,"     ",3.60,13.18,7.33
532,444701662,"00532M07:21:17.080","00532 07:34:21",200.81,895.73,,,,"     ",3.60,13.21,7.34
532,444701663,"00532M07:21:18.053","00532 07:34:22",200.81,895.81,,,,"     ",3.60,13.29,7.39
532,444701664,"00532M07:21:19.026","00532 07:34:23",200.81,895.76,,,,"     ",3.60,13.22,7.34
532,444701665,"00532M07:21:19.999","00532 07:34:24",200.81,895.68,,,,"     ",3.60,13.28,7.37
532,444701666,"00532M07:21:20.973","00532 07:34:25",200.81,895.72,,,,"     ",3.60,13.23,7.33
532,444701667,"00532M07:21:21.946","00532 07:34:26",200.80,895.66,,,,"     ",3.60,13.24,7.34
532,444701668,"00532M07:21:22.919","00532 07:34:27",200.79,895.72,,,,"     ",3.60,13.24,7.34
532,444701669,"00532M07:21:23.892","00532 07:34:28",200.78,895.72,,,,"     ",3.60,13.24,7.33
532,444701670,"00532M07:21:24.866","00532 07:34:29",200.78,895.71,,,,"     ",3.60,13.30,7.36
532,444701671,"00532M07:21:25.839","00532 07:34:30",200.76,895.62,,,,"     ",3.60,13.28,7.34
532,444701672,"00532M07:21:26.812","00532 07:34:30",200.75,895.68,,,,"     ",3.60,13.26,7.33
532,444701673,"00532M07:21:27.785","00532 07:34:31",200.72,895.58,,,,"     ",3.60,13.29,7.34
532,444701674,"00532M07:21:28.759","00532 07:34:32",200.69,895.66,,,,"     ",3.60,13.25,7.31
532,444701675,"00532M07:21:29.732","00532 07:34:33",200.67,895.69,,,,"     ",3.60,13.34,7.36
532,444701676,"00532M07:21:30.705","00532 07:34:34",200.64,895.70,,,,"     ",3.60,13.34,7.36
532,444701677,"00532M07:21:31.678","00532 07:34:35",200.62,895.76,,,,"     ",3.60,13.26,7.30
532,444701678,"00532M07:21:32.652","00532 07:34:36",200.62,895.73,,,,"     ",3.60,13.38,7.37
532,444701679,"00532M07:21:33.625","00532 07:34:37",200.61,895.75,,,,"     ",3.60,13.23,7.28
532,444701680,"00532M07:21:34.598","00532 07:34:38",200.61,895.77,,,,"     ",3.60,13.38,7.36
532,444701681,"00532M07:21:35.571","00532 07:34:39",200.61,895.79,,,,"     ",3.60,13.28,7.30
532,444701682,"00532M07:21:36.545","00532 07:34:40",200.62,895.80,,,,"     ",3.60,13.26,7.29
532,444701683,"00532M07:21:37.518","00532 07:34:41",200.64,895.79,,,,"     ",3.60,13.37,7.34
532,444701684,"00532M07:21:38.491","00532 07:34:42",200.67,895.83,,,,"     ",3.60,13.40,7.35
532,444701685,"00532M07:21:39.464","00532 07:34:43",200.70,895.81,,,,"     ",3.60,13.34,7.31
532,444701686,"00532M07:21:40.438","00532 07:34:44",200.75,895.78,,,,"     ",3.60,13.28,7.28
532,444701687,"00532M07:21:41.411","00532 07:34:45",200.79,895.77,,,,"     ",3.60,13.37,7.32
532,444701688,"00532M07:21:42.384","00532 07:34:46",200.83,895.73,,,,"     ",3.60,13.30,7.28
532,444701689,"00532M07:21:43.357","00532 07:34:47",200.88,895.77,,,,"     ",3.60,13.41,7.34
532,444701690,"00532M07:21:44.331","00532 07:34:48",200.93,895.78,,,,"     ",3.60,13.36,7.30
532,444701691,"00532M07:21:45.304","00532 07:34:49",200.98,895.81,,,,"     ",3.60,13.34,7.29
532,444701692,"00532M07:21:46.277","00532 07:34:50",201.03,895.77,,,,"     ",3.60,13.31,7.27
532,444701693,"00532M07:21:47.250","00532 07:34:51",201.07,895.77,,,,"     ",3.60,13.35,7.29
532,444701694,"00532M07:21:48.224","00532 07:34:52",201.10,895.71,,,,"     ",3.60,13.36,7.29
532,444701695,"00532M07:21:49.197","00532 07:34:53",201.12,895.74,,,,"     ",3.60,13.29,7.24
532,444701696,"00532M07:21:50.170","00532 07:34:54",201.13,895.70,,,,"     ",3.60,13.37,7.28
532,444701697,"00532M07:21:51.143","00532 07:34:55",201.13,895.72,,,,"     ",3.60,13.29,7.24
532,444701698,"00532M07:21:52.117","00532 07:34:56",201.13,895.61,,,,"     ",3.60,13.40,7.29
532,444701699,"00532M07:21:53.090","00532 07:34:57",201.12,895.73,,,,"     ",3.60,13.34,7.25
532,444701700,"00532M07:21:54.063","00532 07:34:58",201.10,895.76,,,,"     ",3.60,13.39,7.27
532,444701701,"00532M07:21:55.037","00532 07:34:59",201.08,895.71,,,,"     ",3.60,13.30,7.22
532,444701702,"00532M07:21:56.010","00532 07:35:00",201.05,895.66,,,,"     ",3.60,13.36,7.25
532,444701703,"00532M07:21:56.983","00532 07:35:01",201.02,895.73,,,,"     ",3.60,13.39,7.26
532,444701704,"00532M07:21:57.956","00532 07:35:02",200.99,895.70,,,,"     ",3.60,13.40,7.26
532,444701705,"00532M07:21:58.930","00532 07:35:03",200.97,895.89,,,,"     ",3.60,13.33,7.22
532,444701706,"00532M07:21:59.903","00532 07:35:04",200.94,895.83,,,,"     ",3.60,13.34,7.22
532,444701707,"00532M07:22:00.876","00532 07:35:05",200.91,895.81,,,,"     ",3.60,13.38,7.24
532,444701708,"00532M07:22:01.849","00532 07:35:06",200.87,895.81,,,,"     ",3.60,13.30,7.19
532,444701709,"00532M07:22:02.823","00532 07:35:07",200.83,895.76,,,,"     ",3.60,13.63,7.37
532,444701710,"00532M07:22:03.796","00532 07:35:07",200.78,895.70,,,,"     ",3.60,13.46,7.27
532,444701711,"00532M07:22:04.769","00532 07:35:08",200.73,895.66,,,,"     ",3.60,13.35,7.21
532,444701712,"00532M07:22:05.742","00532 07:35:09",200.68,895.67,,,,"     ",3.60,13.43,7.25
532,444701713,"00532M07:22:06.716","00532 07:35:10",200.65,895.71,,,,"     ",3.60,13.43,7.24
532,444701714,"00532M07:22:07.689","00532 07:35:11",200.62,895.67,,,,"     ",3.60,13.38,7.21
532,444701715,"00532M07:22:08.662","00532 07:35:12",200.61,895.66,,,,"     ",3.60,13.39,7.21
532,444701716,"00532M07:22:09.635","00532 07:35:13",200.60,895.64,,,,"     ",3.60,13.46,7.25
532,444701717,"00532M07:22:10.609","00532 07:35:14",200.60,895.68,,,,"     ",3.60,13.49,7.25
532,444701718,"00532M07:22:11.582","00532 07:35:15",200.61,895.68,,,,"     ",3.60,13.45,7.24
532,444701719,"00532M07:22:12.555","00532 07:35:16",200.62,895.60,,,,"     ",3.60,13.44,7.22
532,444701720,"00532M07:22:13.528","00532 07:35:17",200.63,895.63,,,,"     ",3.60,13.43,7.21
532,444701721,"00532M07:22:14.502","00532 07:35:18",200.65,895.70,,,,"     ",3.60,13.40,7.19
532,444701722,"00532M07:22:15.475","00532 07:35:19",200.66,895.73,,,,"     ",3.60,13.43,7.21
532,444701723,"00532M07:22:16.448","00532 07:35:20",200.68,895.77,,,,"     ",3.60,13.51,7.25
532,444701724,"00532M07:22:17.421","00532 07:35:21",200.71,895.68,,,,"     ",3.60,13.44,7.20
532,444701725,"00532M07:22:18.395","00532 07:35:22",200.74,895.70,,,,"     ",3.60,13.45,7.20
532,444701726,"00532M07:22:19.368","00532 07:35:23",200.77,895.68,,,,"     ",3.60,13.49,7.22
532,444701727,"00532M07:22:20.341","00532 07:35:24",200.80,895.66,,,,"     ",3.60,13.55,7.25
532,444701728,"00532M07:22:21.314","00532 07:35:25",200.84,895.71,,,,"     ",3.60,13.49,7.21
532,444701729,"00532M07:22:22.288","00532 07:35:26",200.87,895.70,,,,"     ",3.60,13.50,7.21
532,444701730,"00532M07:22:23.261","00532 07:35:27",200.91,895.59,,,,"     ",3.60,13.50,7.21
532,444701731,"00532M07:22:24.234","00532 07:35:28",200.94,895.58,,,,"     ",3.60,13.54,7.23
532,444701732,"00532M07:22:25.207","00532 07:35:29",200.96,895.58,,,,"     ",3.60,13.54,7.22
532,444701733,"00532M07:22:26.181","00532 07:35:30",200.97,895.61,,,,"     ",3.60,13.47,7.18
532,444701734,"00532M07:22:27.154","00532 07:35:31",200.99,895.53,,,,"     ",3.60,13.52,7.20
532,444701735,"00532M07:22:28.127","00532 07:35:32",201.01,895.62,,,,"     ",3.60,13.53,7.21
532,444701736,"00532M07:22:29.100","00532 07:35:33",201.02,895.68,,,,"     ",3.60,13.57,7.22
532,444701737,"00532M07:22:30.074","00532 07:35:34",201.02,895.61,,,,"     ",3.60,13.48,7.17
532,444701738,"00532M07:22:31.047","00532 07:35:35",201.04,895.70,,,,"     ",3.60,13.46,7.16
532,444701739,"00532M07:22:32.020","00532 07:35:36",201.05,895.71,,,,"     ",3.60,13.52,7.18
532,444701740,"00532M07:22:32.993","00532 07:35:37",201.08,895.63,,,,"     ",3.60,13.60,7.22
532,444701741,"00532M07:22:33.967","00532 07:35:38",201.11,895.64,,,,"     ",3.60,13.62,7.23
532,444701742,"00532M07:22:34.940","00532 07:35:39",201.15,895.70,,,,"     ",3.60,13.66,7.25
532,444701743,"00532M07:22:35.913","00532 07:35:40",201.19,895.70,,,,"     ",3.60,13.64,7.23
532,444701744,"00532M07:22:36.886","00532 07:35:41",201.23,895.71,,,,"     ",3.60,13.58,7.20
532,444701745,"00532M07:22:37.860","00532 07:35:42",201.25,895.72,,,,"     ",3.60,13.62,7.21
532,444701746,"00532M07:22:38.833","00532 07:35:43",201.27,895.83,,,,"     ",3.60,13.76,7.29
532,444701747,"00532M07:22:39.806","00532 07:35:44",201.28,895.74,,,,"     ",3.60,13.56,7.17
532,444701748,"00532M07:22:40.779","00532 07:35:44",201.29,895.75,,,,"     ",3.60,13.60,7.19
532,444701749,"00532M07:22:41.753","00532 07:35:45",201.30,895.69,,,,"     ",3.60,13.58,7.18
532,444701750,"00532M07:22:42.726","00532 07:35:46",201.32,895.70,,,,"     ",3.60,13.61,7.19
532,444701751,"00532M07:22:43.699","00532 07:35:47",201.34,895.60,,,,"     ",3.60,13.60,7.18
532,444701752,"00532M07:22:44.672","00532 07:35:48",201.36,895.62,,,,"     ",3.60,13.64,7.19
532,444701753,"00532M07:22:45.646","00532 07:35:49",201.37,895.58,,,,"     ",3.60,13.58,7.16
532,444701754,"00532M07:22:46.619","00532 07:35:50",201.38,895.45,,,,"     ",3.60,13.58,7.15
532,444701755,"00532M07:22:47.592","00532 07:35:51",201.39,895.62,,,,"     ",3.60,13.59,7.15
532,444701756,"00532M07:22:48.565","00532 07:35:52",201.40,895.62,,,,"     ",3.60,13.66,7.19
532,444701757,"00532M07:22:49.539","00532 07:35:53",201.40,895.72,,,,"     ",3.60,13.68,7.20
532,444701758,"00532M07:22:50.512","00532 07:35:54",201.40,895.79,,,,"     ",3.60,13.68,7.19
532,444701759,"00532M07:22:51.485","00532 07:35:55",201.39,895.56,,,,"     ",3.60,13.64,7.17
532,444701760,"00532M07:22:52.458","00532 07:35:56",201.39,895.63,,,,"     ",3.60,13.56,7.12
532,444701761,"00532M07:22:53.432","00532 07:35:57",201.39,895.65,,,,"     ",3.60,13.63,7.15
532,444701762,"00532M07:22:54.405","00532 07:35:58",201.40,895.64,,,,"     ",3.60,13.67,7.17
532,444701763,"00532M07:22:55.378","00532 07:35:59",201.41,895.58,,,,"     ",3.60,13.67,7.17
532,444701764,"00532M07:22:56.351","00532 07:36:00",201.43,895.56,,,,"     ",3.60,13.70,7.17
532,444701765,"00532M07:22:57.325","00532 07:36:01",201.45,895.59,,,,"     ",3.60,13.66,7.15
532,444701766,"00532M07:22:58.298","00532 07:36:02",201.48,895.60,,,,"     ",3.60,13.74,7.19
532,444701767,"00532M07:22:59.271","00532 07:36:03",201.51,895.68,,,,"     ",3.60,13.70,7.16
532,444701768,"00532M07:23:00.244","00532 07:36:04",201.54,895.65,,,,"     ",3.60,13.70,7.16
532,444701769,"00532M07:23:01.218","00532 07:36:05",201.58,895.68,,,,"     ",3.60,13.69,7.15
532,444701770,"00532M07:23:02.191","00532 07:36:06",201.61,895.56,,,,"     ",3.60,13.73,7.16
532,444701771,"00532M07:23:03.164","00532 07:36:07",201.64,895.57,,,,"     ",3.60,13.69,7.14
532,444701772,"00532M07:23:04.137","00532 07:36:08",201.67,895.51,,,,"     ",3.60,13.68,7.13
532,444701773,"00532M07:23:05.111","00532 07:36:09",201.69,895.54,,,,"     ",3.60,13.73,7.15
532,444701774,"00532M07:23:06.084","00532 07:36:10",201.72,895.57,,,,"     ",3.60,13.63,7.09
532,444701775,"00532M07:23:07.057","00532 07:36:11",201.74,895.57,,,,"     ",3.60,13.76,7.16
532,444701776,"00532M07:23:08.031","00532 07:36:12",201.75,895.57,,,,"     ",3.60,13.69,7.12
532,444701777,"00532M07:23:09.004","00532 07:36:13",201.76,895.60,,,,"     ",3.60,13.66,7.10
532,444701778,"00532M07:23:09.977","00532 07:36:14",201.76,895.62,,,,"     ",3.60,13.75,7.14
532,444701779,"00532M07:23:10.950","00532 07:36:15",201.75,895.60,,,,"     ",3.60,13.77,7.14
532,444701780,"00532M07:23:11.924","00532 07:36:16",201.74,895.64,,,,"     ",3.60,13.66,7.09
532,444701781,"00532M07:23:12.897","00532 07:36:17",201.71,895.64,,,,"     ",3.60,13.65,7.08
532,444701782,"00532M07:23:13.870","00532 07:36:18",201.68,895.54,,,,"     ",3.60,13.63,7.06
532,444701783,"00532M07:23:14.843","00532 07:36:19",201.65,895.52,,,,"     ",3.60,13.73,7.11
532,444701784,"00532M07:23:15.817","00532 07:36:20",201.62,895.62,,,,"     ",3.60,13.78,7.13
532,444701785,"00532M07:23:16.790","00532 07:36:20",201.60,895.60,,,,"     ",3.60,13.75,7.11
532,444701786,"00532M07:23:17.763","00532 07:36:21",201.59,895.60,,,,"     ",3.60,13.73,7.10
532,444701787,"00532M07:23:18.736","00532 07:36:22",201.59,895.60,,,,"     ",3.60,13.66,7.05
532,444701788,"00532M07:23:19.710","00532 07:36:23",201.61,895.56,,,,"     ",3.60,13.78,7.11
532,444701789,"00532M07:23:20.683","00532 07:36:24",201.63,895.61,,,,"     ",3.60,13.76,7.10
532,444701790,"00532M07:23:21.656","00532 07:36:25",201.67,895.68,,,,"     ",3.60,13.76,7.09
532,444701791,"00532M07:23:22.629","00532 07:36:26",201.71,895.63,,,,"     ",3.60,13.81,7.11
532,444701792,"00532M07:23:23.603","00532 07:36:27",201.75,895.65,,,,"     ",3.60,13.79,7.10
532,444701793,"00532M07:23:24.576","00532 07:36:28",201.79,895.63,,,,"     ",3.60,13.79,7.09
532,444701794,"00532M07:23:25.549","00532 07:36:29",201.84,895.66,,,,"     ",3.60,13.75,7.07
532,444701795,"00532M07:23:26.522","00532 07:36:30",201.88,895.67,,,,"     ",3.60,13.85,7.12
532,444701796,"00532M07:23:27.496","00532 07:36:31",201.92,895.61,,,,"     ",3.60,13.76,7.07
532,444701797,"00532M07:23:28.469","00532 07:36:32",201.96,895.65,,,,"     ",3.60,13.79,7.08
532,444701798,"00532M07:23:29.442","00532 07:36:33",202.00,895.57,,,,"     ",3.60,13.81,7.08
532,444701799,"00532M07:23:30.415","00532 07:36:34",202.04,895.66,,,,"     ",3.60,13.84,7.09
532,444701800,"00532M07:23:31.389","00532 07:36:35",202.08,895.70,,,,"     ",3.60,13.78,7.06
532,444701801,"00532M07:23:32.362","00532 07:36:36",202.11,895.73,,,,"     ",3.60,13.83,7.08
532,444701802,"00532M07:23:33.335","00532 07:36:37",202.15,895.67,,,,"     ",3.60,13.82,7.07
532,444701803,"00532M07:23:34.308","00532 07:36:38",202.19,895.67,,,,"     ",3.60,13.85,7.08
532,444701804,"00532M07:23:35.282","00532 07:36:39",202.21,895.65,,,,"     ",3.60,13.81,7.05
532,444701805,"00532M07:23:36.255","00532 07:36:40",202.22,895.53,,,,"     ",3.60,13.81,7.05
532,444701806,"00532M07:23:37.228","00532 07:36:41",202.22,895.43,,,,"     ",3.60,13.62,6.94
532,444701807,"00532M07:23:38.201","00532 07:36:42",202.21,895.66,,,,"     ",3.60,13.77,7.02
532,444701808,"00532M07:23:39.175","00532 07:36:43",202.20,895.62,,,,"     ",3.60,13.75,7.01
532,444701809,"00532M07:23:40.148","00532 07:36:44",204.01,895.68,,,,"     ",3.60,13.89,7.07
532,444701810,"00532M07:23:41.121","00532 07:36:45",204.03,895.78,,,,"     ",3.60,13.74,6.99
532,444701811,"00532M07:23:42.094","00532 07:36:46",204.04,895.54,,,,"     ",3.60,13.83,7.03
532,444701812,"00532M07:23:43.068","00532 07:36:47",204.05,895.59,,,,"     ",3.60,13.88,7.05
532,444701813,"00532M07:23:44.041","00532 07:36:48",204.04,895.66,,,,"     ",3.60,13.86,7.04
532,444701814,"00532M07:23:45.014","00532 07:36:49",204.03,895.60,,,,"     ",3.60,13.97,7.09
532,444701815,"00532M07:23:45.987","00532 07:36:50",204.00,895.57,,,,"     ",3.60,13.87,7.03
532,444701816,"00532M07:23:46.961","00532 07:36:51",203.97,895.62,,,,"     ",3.60,13.89,7.04
532,444701817,"00532M07:23:47.934","00532 07:36:52",203.93,895.66,,,,"     ",3.60,13.94,7.06
532,444701818,"00532M07:23:48.907","00532 07:36:53",203.90,895.63,,,,"     ",3.60,13.86,7.02
532,444701819,"00532M07:23:49.880","00532 07:36:54",203.87,895.67,,,,"     ",3.60,13.85,7.01
532,444701820,"00532M07:23:50.854","00532 07:36:55",203.85,895.63,,,,"     ",3.60,13.90,7.03
532,444701821,"00532M07:23:51.827","00532 07:36:56",203.84,895.64,,,,"     ",3.60,13.89,7.02
532,444701822,"00532M07:23:52.800","00532 07:36:57",203.84,895.60,,,,"     ",3.60,13.99,7.06
532,444701823,"00532M07:23:53.773","00532 07:36:57",203.85,895.60,,,,"     ",3.60,13.96,7.05
532,444701824,"00532M07:23:54.747","00532 07:36:58",203.87,895.62,,,,"     ",3.60,13.96,7.04
532,444701825,"00532M07:23:55.720","00532 07:36:59",203.89,895.62,,,,"     ",3.60,13.90,7.00
532,444701826,"00532M07:23:56.693","00532 07:37:00",203.93,895.58,,,,"     ",3.60,14.06,7.08
532,444701827,"00532M07:23:57.666","00532 07:37:01",203.97,895.58,,,,"     ",3.60,13.94,7.02
532,444701828,"00532M07:23:58.640","00532 07:37:02",204.01,895.51,,,,"     ",3.60,13.98,7.03
532,444701829,"00532M07:23:59.613","00532 07:37:03",204.06,895.54,,,,"     ",3.60,13.97,7.02
532,444701830,"00532M07:24:00.586","00532 07:37:04",204.11,895.54,,,,"     ",3.60,13.96,7.01
532,444701831,"00532M07:24:01.559","00532 07:37:05",204.16,895.67,,,,"     ",3.60,13.91,6.99
532,444701832,"00532M07:24:02.533","00532 07:37:06",204.20,895.55,,,,"     ",3.60,13.90,6.97
532,444701833,"00532M07:24:03.506","00532 07:37:07",204.24,895.64,,,,"     ",3.60,13.96,7.00
532,444701834,"00532M07:24:04.479","00532 07:37:08",204.29,895.63,,,,"     ",3.60,14.02,7.02
532,444701835,"00532M07:24:05.452","00532 07:37:09",204.33,895.57,,,,"     ",3.60,14.01,7.01
532,444701836,"00532M07:24:06.426","00532 07:37:10",204.37,895.58,,,,"     ",3.60,13.94,6.98
532,444701837,"00532M07:24:07.399","00532 07:37:11",204.41,895.64,,,,"     ",3.60,14.05,7.02
532,444701838,"00532M07:24:08.372","00532 07:37:12",204.44,895.60,,,,"     ",3.60,13.97,6.98
532,444701839,"00532M07:24:09.345","00532 07:37:13",204.48,895.60,,,,"     ",3.60,14.08,7.03
532,444701840,"00532M07:24:10.319","00532 07:37:14",204.51,895.58,,,,"     ",3.60,14.06,7.02
532,444701841,"00532M07:24:11.292","00532 07:37:15",204.54,895.57,,,,"     ",3.60,14.06,7.01
532,444701842,"00532M07:24:12.265","00532 07:37:16",204.56,895.64,,,,"     ",3.60,13.97,6.96
532,444701843,"00532M07:24:13.238","00532 07:37:17",204.58,895.59,,,,"     ",3.60,14.05,7.00
532,444701844,"00532M07:24:14.212","00532 07:37:18",204.60,895.61,,,,"     ",3.60,14.00,6.97
532,444701845,"00532M07:24:15.185","00532 07:37:19",204.62,895.62,,,,"     ",3.60,14.01,6.97
532,444701846,"00532M07:24:16.158","00532 07:37:20",204.64,895.63,,,,"     ",3.60,13.92,6.92
532,444701847,"00532M07:24:17.132","00532 07:37:21",204.66,895.61,,,,"     ",3.60,14.01,6.96
532,444701848,"00532M07:24:18.105","00532 07:37:22",204.69,895.64,,,,"     ",3.60,13.95,6.93
532,444701849,"00532M07:24:19.078","00532 07:37:23",204.72,895.51,,,,"     ",3.60,14.02,6.96
532,444701850,"00532M07:24:20.051","00532 07:37:24",204.76,895.55,,,,"     ",3.60,13.96,6.93
532,444701851,"00532M07:24:21.025","00532 07:37:25",204.79,895.58,,,,"     ",3.60,13.99,6.93
532,444701852,"00532M07:24:21.998","00532 07:37:26",204.83,895.53,,,,"     ",3.60,14.07,6.97
532,444701853,"00532M07:24:22.971","00532 07:37:27",204.86,895.53,,,,"     ",3.60,14.07,6.96
532,444701854,"00532M07:24:23.944","00532 07:37:28",204.89,895.55,,,,"     ",3.60,14.01,6.93
532,444701855,"00532M07:24:24.918","00532 07:37:29",204.90,895.55,,,,"     ",3.60,14.01,6.93
532,444701856,"00532M07:24:25.891","00532 07:37:30",204.91,895.61,,,,"     ",3.60,14.03,6.93
532,444701857,"00532M07:24:26.864","00532 07:37:31",204.91,895.53,,,,"     ",3.60,14.05,6.94
532,444701858,"00532M07:24:27.837","00532 07:37:32",204.90,895.56,,,,"     ",3.60,13.95,6.89
532,444701859,"00532M07:24:28.811","00532 07:37:33",204.88,895.54,,,,"     ",3.60,14.07,6.94
532,444701860,"00532M07:24:29.784","00532 07:37:33",204.86,895.54,,,,"     ",3.60,14.08,6.94
532,444701861,"00532M07:24:30.757","00532 07:37:34",204.85,895.74,,,,"     ",3.60,14.02,6.91
532,444701862,"00532M07:24:31.730","00532 07:37:35",204.83,895.71,,,,"     ",3.60,14.05,6.92
532,444701863,"00532M07:24:32.704","00532 07:37:36",204.82,895.67,,,,"     ",3.60,14.01,6.90
532,444701864,"00532M07:24:33.677","00532 07:37:37",204.81,895.60,,,,"     ",3.60,13.98,6.88
532,444701865,"00532M07:24:34.650","00532 07:37:38",204.80,895.40,,,,"     ",3.60,14.08,6.92
532,444701866,"00532M07:24:35.623","00532 07:37:39",204.80,895.45,,,,"     ",3.60,14.04,6.90
532,444701867,"00532M07:24:36.597","00532 07:37:40",204.79,895.53,,,,"     ",3.60,14.11,6.93
532,444701868,"00532M07:24:37.570","00532 07:37:41",204.78,895.53,,,,"     ",3.60,14.07,6.91
532,444701869,"00532M07:24:38.543","00532 07:37:42",204.77,895.54,,,,"     ",3.60,14.03,6.88
532,444701870,"00532M07:24:39.516","00532 07:37:43",204.75,895.60,,,,"     ",3.60,14.10,6.91
532,444701871,"00532M07:24:40.490","00532 07:37:44",204.73,895.56,,,,"     ",3.60,14.07,6.89
532,444701872,"00532M07:24:41.463","00532 07:37:45",204.71,895.59,,,,"     ",3.60,14.14,6.92
532,444701873,"00532M07:24:42.436","00532 07:37:46",204.68,895.55,,,,"     ",3.60,14.13,6.92
532,444701874,"00532M07:24:43.409","00532 07:37:47",204.66,895.53,,,,"     ",3.60,14.16,6.93
532,444701875,"00532M07:24:44.383","00532 07:37:48",204.64,895.56,,,,"     ",3.60,14.12,6.90
532,444701876,"00532M07:24:45.356","00532 07:37:49",204.64,895.59,,,,"     ",3.60,14.13,6.90
532,444701877,"00532M07:24:46.329","00532 07:37:50",204.63,895.61,,,,"     ",3.60,14.16,6.91
532,444701878,"00532M07:24:47.302","00532 07:37:51",204.64,895.70,,,,"     ",3.60,14.17,6.92
532,444701879,"00532M07:24:48.276","00532 07:37:52",204.65,895.65,,,,"     ",3.60,14.17,6.92
532,444701880,"00532M07:24:49.249","00532 07:37:53",204.67,895.69,,,,"     ",3.60,14.12,6.88
532,444701881,"00532M07:24:50.222","00532 07:37:54",204.68,895.62,,,,"     ",3.60,14.05,6.85
532,444701882,"00532M07:24:51.195","00532 07:37:55",204.70,895.52,,,,"     ",3.60,14.16,6.90
532,444701883,"00532M07:24:52.169","00532 07:37:56",204.72,895.57,,,,"     ",3.60,14.10,6.86
532,444701884,"00532M07:24:53.142","00532 07:37:57",204.74,895.57,,,,"     ",3.60,14.10,6.86
532,444701885,"00532M07:24:54.115","00532 07:37:58",204.76,895.56,,,,"     ",3.60,14.13,6.87
532,444701886,"00532M07:24:55.088","00532 07:37:59",204.78,895.51,,,,"     ",3.60,14.11,6.85
532,444701887,"00532M07:24:56.062","00532 07:38:00",204.80,895.51,,,,"     ",3.60,14.15,6.87
532,444701888,"00532M07:24:57.035","00532 07:38:01",204.82,895.54,,,,"     ",3.60,14.05,6.82
532,444701889,"00532M07:24:58.008","00532 07:38:02",204.83,895.58,,,,"     ",3.60,14.09,6.83
532,444701890,"00532M07:24:58.981","00532 07:38:03",204.85,895.60,,,,"     ",3.60,14.18,6.87
532,444701891,"00532M07:24:59.955","00532 07:38:04",204.86,895.57,,,,"     ",3.60,14.17,6.87
532,444701892,"00532M07:25:00.928","00532 07:38:05",204.86,895.58,,,,"     ",3.60,14.07,6.81
532,444701893,"00532M07:25:01.901","00532 07:38:06",204.86,895.57,,,,"     ",3.60,14.12,6.83
532,444701894,"00532M07:25:02.874","00532 07:38:07",204.85,895.57,,,,"     ",3.60,14.12,6.83
532,444701895,"00532M07:25:03.848","00532 07:38:08",204.83,895.60,,,,"     ",3.60,14.15,6.84
532,444701896,"00532M07:25:04.821","00532 07:38:09",204.81,895.60,,,,"     ",3.60,14.19,6.86
532,444701897,"00532M07:25:05.794","00532 07:38:10",204.78,895.53,,,,"     ",3.60,14.15,6.83
532,444701898,"00532M07:25:06.767","00532 07:38:10",203.01,895.59,,,,"     ",3.60,14.09,6.80
532,444701899,"00532M07:25:07.741","00532 07:38:11",202.97,895.57,,,,"     ",3.60,14.08,6.79
532,444701900,"00532M07:25:08.714","00532 07:38:12",202.92,895.52,,,,"     ",3.60,14.19,6.85
532,444701901,"00532M07:25:09.687","00532 07:38:13",202.87,895.63,,,,"     ",3.60,14.14,6.82
532,444701902,"00532M07:25:10.660","00532 07:38:14",202.82,895.54,,,,"     ",3.60,14.17,6.83
532,444701903,"00532M07:25:11.634","00532 07:38:15",202.77,895.54,,,,"     ",3.60,14.12,6.80
532,444701904,"00532M07:25:12.607","00532 07:38:16",202.71,895.61,,,,"     ",3.60,14.17,6.82
532,444701905,"00532M07:25:13.580","00532 07:38:17",202.66,895.50,,,,"     ",3.60,14.13,6.80
532,444701906,"00532M07:25:14.553","00532 07:38:18",202.61,895.54,,,,"     ",3.60,14.18,6.82
532,444701907,"00532M07:25:15.527","00532 07:38:19",202.55,895.56,,,,"     ",3.60,14.12,6.78
532,444701908,"00532M07:25:16.500","00532 07:38:20",202.50,895.53,,,,"     ",3.60,14.21,6.82
532,444701909,"00532M07:25:17.473","00532 07:38:21",202.44,895.59,,,,"     ",3.60,14.06,6.75
532,444701910,"00532M07:25:18.446","00532 07:38:22",202.39,895.55,,,,"     ",3.60,14.14,6.78
532,444701911,"00532M07:25:19.420","00532 07:38:23",202.33,895.51,,,,"     ",3.60,14.14,6.78
532,444701912,"00532M07:25:20.393","00532 07:38:24",202.28,895.60,,,,"     ",3.60,14.11,6.76
532,444701913,"00532M07:25:21.366","00532 07:38:25",202.23,895.50,,,,"     ",3.60,14.10,6.75
532,444701914,"00532M07:25:22.339","00532 07:38:26",202.18,895.43,,,,"     ",3.60,14.15,6.78
532,444701915,"00532M07:25:23.313","00532 07:38:27",202.15,895.30,,,,"     ",3.60,14.12,6.75
532,444701916,"00532M07:25:24.286","00532 07:38:28",202.12,895.48,,,,"     ",3.60,13.84,6.62
532,444701917,"00532M07:25:25.259","00532 07:38:29",202.11,895.67,,,,"     ",3.60,14.21,6.79
532,444701918,"00532M07:25:26.233","00532 07:38:30",202.11,895.78,,,,"     ",3.60,14.18,6.78
532,444701919,"00532M07:25:27.206","00532 07:38:31",202.16,895.77,,,,"     ",3.60,14.18,6.78
532,444701920,"00532M07:25:28.179","00532 07:38:32",202.22,895.90,,,,"     ",3.60,14.43,6.90
532,444701921,"00532M07:25:29.152","00532 07:38:33",202.27,895.62,,,,"     ",3.60,14.17,6.77
532,444701922,"00532M07:25:30.126","00532 07:38:34",202.32,895.66,,,,"     ",3.60,14.26,6.81
532,444701923,"00532M07:25:31.099","00532 07:38:35",202.36,895.60,,,,"     ",3.60,14.25,6.79
532,444701924,"00532M07:25:32.072","00532 07:38:36",202.39,895.62,,,,"     ",3.60,14.27,6.80
532,444701925,"00532M07:25:33.045","00532 07:38:37",202.43,895.55,,,,"     ",3.60,14.22,6.77
532,444701926,"00532M07:25:34.019","00532 07:38:38",202.46,895.61,,,,"     ",3.60,14.31,6.82
532,444701927,"00532M07:25:34.992","00532 07:38:39",202.49,895.60,,,,"     ",3.60,14.25,6.78
532,444701928,"00532M07:25:35.965","00532 07:38:40",202.52,895.61,,,,"     ",3.60,14.20,6.75
532,444701929,"00532M07:25:36.938","00532 07:38:41",202.55,895.65,,,,"     ",3.60,14.25,6.77
532,444701930,"00532M07:25:37.912","00532 07:38:42",202.57,895.68,,,,"     ",3.60,14.24,6.76
532,444701931,"00532M07:25:38.885","00532 07:38:43",202.60,895.67,,,,"     ",3.60,14.19,6.74
532,444701932,"00532M07:25:39.858","00532 07:38:44",202.63,895.66,,,,"     ",3.60,14.22,6.75
532,444701933,"00532M07:25:40.831","00532 07:38:45",202.65,895.59,,,,"     ",3.60,14.29,6.78
532,444701934,"00532M07:25:41.805","00532 07:38:46",202.67,895.59,,,,"     ",3.60,14.27,6.76
532,444701935,"00532M07:25:42.778","00532 07:38:46",202.69,895.65,,,,"     ",3.60,14.18,6.72
532,444701936,"00532M07:25:43.751","00532 07:38:47",202.71,895.54,,,,"     ",3.60,14.31,6.78
532,444701937,"00532M07:25:44.724","00532 07:38:48",202.72,895.53,,,,"     ",3.60,14.30,6.77
532,444701938,"00532M07:25:45.698","00532 07:38:49",202.73,895.44,,,,"     ",3.60,14.34,6.78
532,444701939,"00532M07:25:46.671","00532 07:38:50",203.31,895.50,,,,"     ",3.60,14.22,6.72
532,444701940,"00532M07:25:47.644","00532 07:38:51",203.16,895.53,,,,"     ",3.60,14.26,6.74
532,444701941,"00532M07:25:48.617","00532 07:38:52",203.02,895.55,,,,"     ",3.60,14.24,6.73
532,444701942,"00532M07:25:49.591","00532 07:38:53",202.89,895.52,,,,"     ",3.60,14.29,6.75
532,444701943,"00532M07:25:50.564","00532 07:38:54",202.78,895.48,,,,"     ",3.60,14.29,6.75
532,444701944,"00532M07:25:51.537","00532 07:38:55",202.68,895.51,,,,"     ",3.60,14.33,6.76
532,444701945,"00532M07:25:52.510","00532 07:38:56",202.59,895.51,,,,"     ",3.60,14.38,6.78
532,444701946,"00532M07:25:53.484","00532 07:38:57",202.51,895.54,,,,"     ",3.60,14.35,6.76
532,444701947,"00532M07:25:54.457","00532 07:38:58",202.45,895.54,,,,"     ",3.60,14.44,6.80
532,444701948,"00532M07:25:55.430","00532 07:38:59",202.40,895.56,,,,"     ",3.60,14.33,6.75
532,444701949,"00532M07:25:56.403","00532 07:39:00",202.36,895.51,,,,"     ",3.60,14.37,6.76
532,444701950,"00532M07:25:57.377","00532 07:39:01",202.34,895.54,,,,"     ",3.60,14.33,6.74
532,444701951,"00532M07:25:58.350","00532 07:39:02",202.33,895.56,,,,"     ",3.60,14.37,6.76
532,444701952,"00532M07:25:59.323","00532 07:39:03",202.34,895.53,,,,"     ",3.60,14.29,6.72
532,444701953,"00532M07:26:00.296","00532 07:39:04",202.36,895.53,,,,"     ",3.60,14.45,6.79
532,444701954,"00532M07:26:01.270","00532 07:39:05",202.40,895.53,,,,"     ",3.60,14.33,6.72
532,444701955,"00532M07:26:02.243","00532 07:39:06",202.44,895.47,,,,"     ",3.60,14.35,6.73
532,444701956,"00532M07:26:03.216","00532 07:39:07",202.49,895.54,,,,"     ",3.60,14.43,6.77
532,444701957,"00532M07:26:04.189","00532 07:39:08",202.53,895.54,,,,"     ",3.60,14.42,6.76
532,444701958,"00532M07:26:05.163","00532 07:39:09",202.57,895.52,,,,"     ",3.60,14.48,6.78
532,444701959,"00532M07:26:06.136","00532 07:39:10",202.60,895.49,,,,"     ",3.60,14.32,6.71
532,444701960,"00532M07:26:07.109","00532 07:39:11",202.62,895.56,,,,"     ",3.60,14.31,6.69
532,444701961,"00532M07:26:08.082","00532 07:39:12",202.62,895.49,,,,"     ",3.60,14.42,6.75
532,444701962,"00532M07:26:09.056","00532 07:39:13",202.61,895.53,,,,"     ",3.60,14.41,6.74
532,444701963,"00532M07:26:10.029","00532 07:39:14",202.59,895.49,,,,"     ",3.60,14.36,6.71
532,444701964,"00532M07:26:11.002","00532 07:39:15",202.56,895.49,,,,"     ",3.60,14.46,6.75
532,444701965,"00532M07:26:11.975","00532 07:39:16",202.52,895.49,,,,"     ",3.60,14.49,6.76
532,444701966,"00532M07:26:12.949","00532 07:39:17",202.48,895.56,,,,"     ",3.60,14.38,6.71
532,444701967,"00532M07:26:13.922","00532 07:39:18",202.43,895.52,,,,"     ",3.60,14.46,6.74
532,444701968,"00532M07:26:14.895","00532 07:39:19",202.36,895.52,,,,"     ",3.60,14.45,6.74
532,444701969,"00532M07:26:15.868","00532 07:39:20",202.28,895.47,,,,"     ",3.60,14.44,6.73
532,444701970,"00532M07:26:16.842","00532 07:39:21",202.20,895.48,,,,"     ",3.60,14.38,6.69
532,444701971,"00532M07:26:17.815","00532 07:39:22",202.13,895.53,,,,"     ",3.60,14.37,6.69
532,444701972,"00532M07:26:18.788","00532 07:39:23",202.07,895.53,,,,"     ",3.60,14.47,6.73
532,444701973,"00532M07:26:19.761","00532 07:39:23",202.02,895.42,,,,"     ",3.60,14.42,6.70
532,444701974,"00532M07:26:20.735","00532 07:39:24",201.98,895.61,,,,"     ",3.60,14.24,6.62
532,444701975,"00532M07:26:21.708","00532 07:39:25",201.95,895.62,,,,"     ",3.60,14.39,6.69
532,444701976,"00532M07:26:22.681","00532 07:39:26",201.93,895.52,,,,"     ",3.60,14.51,6.74
532,444701977,"00532M07:26:23.654","00532 07:39:27",201.94,895.55,,,,"     ",3.60,14.48,6.72
532,444701978,"00532M07:26:24.628","00532 07:39:28",201.96,895.68,,,,"     ",3.60,14.81,6.88
532,444701979,"00532M07:26:25.601","00532 07:39:29",201.99,895.42,,,,"     ",3.60,14.51,6.73
532,444701980,"00532M07:26:26.574","00532 07:39:30",202.02,895.48,,,,"     ",3.60,14.46,6.70
532,444701981,"00532M07:26:27.547","00532 07:39:31",202.05,895.37,,,,"     ",3.60,14.49,6.71
532,444701982,"00532M07:26:28.521","00532 07:39:32",202.07,895.50,,,,"     ",3.60,14.48,6.70
532,444701983,"00532M07:26:29.494","00532 07:39:33",202.08,895.47,,,,"     ",3.60,14.47,6.70
532,444701984,"00532M07:26:30.467","00532 07:39:34",202.10,895.46,,,,"     ",3.60,14.58,6.75
532,444701985,"00532M07:26:31.440","00532 07:39:35",202.13,895.39,,,,"     ",3.60,14.56,6.73
532,444701986,"00532M07:26:32.414","00532 07:39:36",202.16,895.51,,,,"     ",3.60,14.62,6.76
532,444701987,"00532M07:26:33.387","00532 07:39:37",202.19,895.51,,,,"     ",3.60,14.68,6.78
532,444701988,"00532M07:26:34.360","00532 07:39:38",202.22,895.48,,,,"     ",3.60,14.57,6.73
532,444701989,"00532M07:26:35.334","00532 07:39:39",202.25,895.50,,,,"     ",3.60,14.59,6.73
532,444701990,"00532M07:26:36.307","00532 07:39:40",202.28,895.50,,,,"     ",3.60,14.50,6.69
532,444701991,"00532M07:26:37.280","00532 07:39:41",202.31,895.53,,,,"     ",3.60,14.54,6.70
532,444701992,"00532M07:26:38.253","00532 07:39:42",202.33,895.56,,,,"     ",3.60,14.65,6.75
532,444701993,"00532M07:26:39.227","00532 07:39:43",202.34,895.58,,,,"     ",3.60,14.52,6.69
532,444701994,"00532M07:26:40.200","00532 07:39:44",202.33,895.57,,,,"     ",3.60,14.58,6.71
532,444701995,"00532M07:26:41.173","00532 07:39:45",202.29,895.52,,,,"     ",3.60,14.64,6.74
532,444701996,"00532M07:26:42.146","00532 07:39:46",202.24,895.51,,,,"     ",3.60,14.64,6.73
532,444701997,"00532M07:26:43.120","00532 07:39:47",202.20,895.41,,,,"     ",3.60,14.62,6.72
532,444701998,"00532M07:26:44.093","00532 07:39:48",202.17,895.46,,,,"     ",3.60,14.74,6.77
532,444701999,"00532M07:26:45.066","00532 07:39:49",202.14,895.40,,,,"     ",3.60,14.70,6.75
532,444702000,"00532M07:26:46.039","00532 07:39:50",202.13,895.39,,,,"     ",3.60,14.68,6.73
532,444702001,"00532M07:26:47.013","00532 07:39:51",202.13,895.49,,,,"     ",3.60,14.68,6.74
532,444702002,"00532M07:26:47.986","00532 07:39:52",202.15,895.47,,,,"     ",3.60,14.58,6.68
532,444702003,"00532M07:26:48.959","00532 07:39:53",202.18,895.45,,,,"     ",3.60,14.64,6.71
532,444702004,"00532M07:26:49.932","00532 07:39:54",202.22,895.52,,,,"     ",3.60,14.74,6.75
532,444702005,"00532M07:26:50.906","00532 07:39:55",202.25,895.44,,,,"     ",3.60,14.64,6.70
532,444702006,"00532M07:26:51.879","00532 07:39:56",202.28,895.43,,,,"     ",3.60,14.56,6.66
532,444702007,"00532M07:26:52.852","00532 07:39:57",202.31,895.46,,,,"     ",3.60,14.68,6.71
532,444702008,"00532M07:26:53.825","00532 07:39:58",202.33,895.42,,,,"     ",3.60,14.62,6.68
532,444702009,"00532M07:26:54.799","00532 07:39:59",202.35,895.53,,,,"     ",3.60,14.65,6.70
532,444702010,"00532M07:26:55.772","00532 07:39:59",202.37,895.47,,,,"     ",3.60,14.72,6.72
532,444702011,"00532M07:26:56.745","00532 07:40:00",202.36,895.54,,,,"     ",3.60,14.76,6.74
532,444702012,"00532M07:26:57.718","00532 07:40:01",202.33,895.50,,,,"     ",3.60,14.62,6.67
532,444702013,"00532M07:26:58.692","00532 07:40:02",202.31,895.46,,,,"     ",3.60,14.74,6.72
532,444702014,"00532M07:26:59.665","00532 07:40:03",202.29,895.41,,,,"     ",3.60,14.85,6.77
532,444702015,"00532M07:27:00.638","00532 07:40:04",202.27,895.45,,,,"     ",3.60,14.73,6.71
532,444702016,"00532M07:27:01.611","00532 07:40:05",202.29,895.49,,,,"     ",3.60,14.74,6.71
532,444702017,"00532M07:27:02.585","00532 07:40:06",202.32,895.42,,,,"     ",3.60,14.77,6.72
532,444702018,"00532M07:27:03.558","00532 07:40:07",202.36,895.38,,,,"     ",3.60,14.76,6.71
532,444702019,"00532M07:27:04.531","00532 07:40:08",202.42,895.44,,,,"     ",3.60,14.69,6.68
532,444702020,"00532M07:27:05.504","00532 07:40:09",202.47,895.43,,,,"     ",3.60,14.81,6.73
532,444702021,"00532M07:27:06.478","00532 07:40:10",202.49,895.51,,,,"     ",3.60,14.69,6.67
532,444702022,"00532M07:27:07.451","00532 07:40:11",202.50,895.41,,,,"     ",3.60,14.76,6.70
532,444702023,"00532M07:27:08.424","00532 07:40:12",202.49,895.41,,,,"     ",3.60,14.78,6.70
532,444702024,"00532M07:27:09.397","00532 07:40:13",202.46,895.51,,,,"     ",3.60,14.90,6.75
532,444702025,"00532M07:27:10.371","00532 07:40:14",202.42,895.52,,,,"     ",3.60,14.84,6.73
532,444702026,"00532M07:27:11.344","00532 07:40:15",202.39,895.48,,,,"     ",3.60,14.74,6.67
532,444702027,"00532M07:27:12.317","00532 07:40:16",202.37,895.53,,,,"     ",3.60,14.80,6.70
532,444702028,"00532M07:27:13.290","00532 07:40:17",202.37,895.50,,,,"     ",3.60,14.77,6.68
532,444702029,"00532M07:27:14.264","00532 07:40:18",202.39,895.48,,,,"     ",3.60,14.84,6.71
532,444702030,"00532M07:27:15.237","00532 07:40:19",202.42,895.42,,,,"     ",3.60,14.80,6.69
532,444702031,"00532M07:27:16.210","00532 07:40:20",202.48,895.44,,,,"     ",3.60,14.79,6.68
532,444702032,"00532M07:27:17.183","00532 07:40:21",202.56,895.46,,,,"     ",3.60,14.80,6.68
532,444702033,"00532M07:27:18.157","00532 07:40:22",202.68,895.42,,,,"     ",3.60,14.44,6.52
532,444702034,"00532M07:27:19.130","00532 07:40:23",202.81,895.60,,,,"     ",3.60,14.82,6.68
532,444702035,"00532M07:27:20.103","00532 07:40:24",202.95,895.54,,,,"     ",3.60,14.78,6.66
532,444702036,"00532M07:27:21.076","00532 07:40:25",203.07,895.45,,,,"     ",3.60,14.77,6.65
532,444702037,"00532M07:27:22.050","00532 07:40:26",203.18,895.58,,,,"     ",3.60,14.76,6.64
532,444702038,"00532M07:27:23.023","00532 07:40:27",203.28,895.41,,,,"     ",3.60,14.81,6.66
532,444702039,"00532M07:27:23.996","00532 07:40:28",203.36,895.41,,,,"     ",3.60,14.86,6.68
532,444702040,"00532M07:27:24.969","00532 07:40:29",203.42,895.48,,,,"     ",3.60,14.86,6.68
532,444702041,"00532M07:27:25.943","00532 07:40:30",203.45,895.46,,,,"     ",3.60,14.87,6.68
532,444702042,"00532M07:27:26.916","00532 07:40:31",203.44,895.44,,,,"     ",3.60,14.82,6.65
532,444702043,"00532M07:27:27.889","00532 07:40:32",203.39,895.46,,,,"     ",3.60,14.78,6.63
532,444702044,"00532M07:27:28.862","00532 07:40:33",203.31,895.49,,,,"     ",3.60,14.73,6.60
532,444702045,"00532M07:27:29.836","00532 07:40:34",203.23,895.44,,,,"     ",3.60,14.93,6.69
532,444702046,"00532M07:27:30.809","00532 07:40:35",203.15,895.42,,,,"     ",3.60,14.85,6.65
532,444702047,"00532M07:27:31.782","00532 07:40:36",203.08,895.47,,,,"     ",3.60,14.81,6.63
532,444702048,"00532M07:27:32.755","00532 07:40:36",203.04,895.47,,,,"     ",3.60,14.96,6.70
532,444702049,"00532M07:27:33.729","00532 07:40:37",203.01,895.45,,,,"     ",3.60,14.87,6.65
532,444702050,"00532M07:27:34.702","00532 07:40:38",202.99,895.47,,,,"     ",3.60,14.97,6.69
532,444702051,"00532M07:27:35.675","00532 07:40:39",202.97,895.48,,,,"     ",3.60,14.88,6.65
532,444702052,"00532M07:27:36.648","00532 07:40:40",202.97,895.44,,,,"     ",3.60,14.96,6.68
532,444702053,"00532M07:27:37.622","00532 07:40:41",202.96,895.41,,,,"     ",3.60,14.78,6.59
532,444702054,"00532M07:27:38.595","00532 07:40:42",202.95,895.39,,,,"     ",3.60,14.94,6.66
532,444702055,"00532M07:27:39.568","00532 07:40:43",202.94,895.46,,,,"     ",3.60,14.96,6.66
532,444702056,"00532M07:27:40.541","00532 07:40:44",202.95,895.51,,,,"     ",3.60,14.88,6.62
532,444702057,"00532M07:27:41.515","00532 07:40:45",202.96,895.44,,,,"     ",3.60,14.90,6.63
532,444702058,"00532M07:27:42.488","00532 07:40:46",202.97,895.38,,,,"     ",3.60,15.02,6.68
532,444702059,"00532M07:27:43.461","00532 07:40:47",202.98,895.45,,,,"     ",3.60,14.97,6.66
532,444702060,"00532M07:27:44.435","00532 07:40:48",202.95,895.44,,,,"     ",3.60,14.90,6.62
532,444702061,"00532M07:27:45.408","00532 07:40:49",202.91,895.42,,,,"     ",3.60,14.92,6.62
532,444702062,"00532M07:27:46.381","00532 07:40:50",202.85,895.41,,,,"     ",3.60,15.00,6.66
532,444702063,"00532M07:27:47.354","00532 07:40:51",202.78,895.46,,,,"     ",3.60,14.96,6.63
532,444702064,"00532M07:27:48.328","00532 07:40:52",202.73,895.45,,,,"     ",3.60,15.05,6.67
532,444702065,"00532M07:27:49.301","00532 07:40:53",202.71,895.48,,,,"     ",3.60,15.02,6.65
532,444702066,"00532M07:27:50.274","00532 07:40:54",202.73,895.40,,,,"     ",3.60,14.96,6.62
532,444702067,"00532M07:27:51.247","00532 07:40:55",202.76,895.40,,,,"     ",3.60,15.01,6.64
532,444702068,"00532M07:27:52.221","00532 07:40:56",202.79,895.35,,,,"     ",3.60,14.96,6.61
532,444702069,"00532M07:27:53.194","00532 07:40:57",202.82,895.31,,,,"     ",3.60,15.00,6.63
532,444702070,"00532M07:27:54.167","00532 07:40:58",202.85,895.40,,,,"     ",3.60,15.06,6.65
532,444702071,"00532M07:27:55.140","00532 07:40:59",202.88,895.44,,,,"     ",3.60,15.01,6.62
532,444702072,"00532M07:27:56.114","00532 07:41:00",202.91,895.41,,,,"     ",3.60,15.02,6.63
532,444702073,"00532M07:27:57.087","00532 07:41:01",202.92,895.43,,,,"     ",3.60,15.00,6.61
532,444702074,"00532M07:27:58.060","00532 07:41:02",202.93,895.47,,,,"     ",3.60,15.00,6.61
532,444702075,"00532M07:27:59.033","00532 07:41:03",202.91,895.35,,,,"     ",3.60,15.05,6.62
532,444702076,"00532M07:28:00.007","00532 07:41:04",204.89,895.44,,,,"     ",3.60,14.96,6.58
532,444702077,"00532M07:28:00.980","00532 07:41:05",204.86,895.43,,,,"     ",3.60,15.05,6.62
532,444702078,"00532M07:28:01.953","00532 07:41:06",204.82,895.41,,,,"     ",3.60,15.03,6.61
532,444702079,"00532M07:28:02.926","00532 07:41:07",204.78,895.44,,,,"     ",3.60,15.04,6.61
532,444702080,"00532M07:28:03.900","00532 07:41:08",204.75,895.41,,,,"     ",3.60,15.03,6.60
532,444702081,"00532M07:28:04.873","00532 07:41:09",204.75,895.40,,,,"     ",3.60,15.06,6.61
532,444702082,"00532M07:28:05.846","00532 07:41:10",202.73,895.47,,,,"     ",3.60,14.94,6.55
532,444702083,"00532M07:28:06.819","00532 07:41:11",202.80,895.48,,,,"     ",3.60,14.99,6.57
532,444702084,"00532M07:28:07.793","00532 07:41:12",202.91,895.40,,,,"     ",3.60,14.99,6.56
532,444702085,"00532M07:28:08.766","00532 07:41:12",203.03,895.47,,,,"     ",3.60,15.03,6.58
532,444702086,"00532M07:28:09.739","00532 07:41:13",203.15,895.42,,,,"     ",3.60,14.99,6.56
532,444702087,"00532M07:28:10.712","00532 07:41:14",203.27,895.39,,,,"     ",3.60,15.02,6.57
532,444702088,"00532M07:28:11.686","00532 07:41:15",203.36,895.38,,,,"     ",3.60,15.04,6.58
532,444702089,"00532M07:28:12.659","00532 07:41:16",203.42,895.42,,,,"     ",3.60,15.12,6.61
532,444702090,"00532M07:28:13.632","00532 07:41:17",203.45,895.46,,,,"     ",3.60,15.01,6.55
532,444702091,"00532M07:28:14.605","00532 07:41:18",203.44,895.49,,,,"     ",3.60,15.01,6.55
532,444702092,"00532M07:28:15.579","00532 07:41:19",203.39,895.52,,,,"     ",3.60,15.11,6.59
532,444702093,"00532M07:28:16.552","00532 07:41:20",203.29,895.49,,,,"     ",3.60,15.13,6.60
532,444702094,"00532M07:28:17.525","00532 07:41:21",203.17,895.44,,,,"     ",3.60,15.13,6.59
532,444702095,"00532M07:28:18.498","00532 07:41:22",203.06,895.46,,,,"     ",3.60,15.06,6.56
532,444702096,"00532M07:28:19.472","00532 07:41:23",202.95,895.41,,,,"     ",3.60,15.08,6.56
532,444702097,"00532M07:28:20.445","00532 07:41:24",202.89,895.28,,,,"     ",3.60,15.10,6.57
532,444702098,"00532M07:28:21.418","00532 07:41:25",202.85,895.51,,,,"     ",3.60,15.03,6.54
532,444702099,"00532M07:28:22.391","00532 07:41:26",202.86,895.47,,,,"     ",3.60,14.93,6.49
532,444702100,"00532M07:28:23.365","00532 07:41:27",202.91,895.39,,,,"     ",3.60,14.96,6.50
532,444702101,"00532M07:28:24.338","00532 07:41:28",202.98,895.46,,,,"     ",3.60,15.05,6.54
532,444702102,"00532M07:28:25.311","00532 07:41:29",203.06,895.43,,,,"     ",3.60,15.44,6.70
532,444702103,"00532M07:28:26.284","00532 07:41:30",203.13,895.36,,,,"     ",3.60,15.02,6.52
532,444702104,"00532M07:28:27.258","00532 07:41:31",203.20,895.40,,,,"     ",3.60,15.05,6.52
532,444702105,"00532M07:28:28.231","00532 07:41:32",203.24,895.42,,,,"     ",3.60,15.03,6.51
532,444702106,"00532M07:28:29.204","00532 07:41:33",203.25,895.35,,,,"     ",3.60,15.12,6.55
532,444702107,"00532M07:28:30.177","00532 07:41:34",203.25,895.38,,,,"     ",3.60,15.08,6.53
532,444702108,"00532M07:28:31.151","00532 07:41:35",203.23,895.39,,,,"     ",3.60,15.02,6.50
532,444702109,"00532M07:28:32.124","00532 07:41:36",203.21,895.38,,,,"     ",3.60,15.02,6.50
532,444702110,"00532M07:28:33.097","00532 07:41:37",203.20,895.35,,,,"     ",3.60,15.09,6.53
532,444702111,"00532M07:28:34.070","00532 07:41:38",203.20,895.39,,,,"     ",3.60,15.02,6.49
532,444702112,"00532M07:28:35.044","00532 07:41:39",203.19,895.32,,,,"     ",3.60,15.02,6.49
532,444702113,"00532M07:28:36.017","00532 07:41:40",203.20,895.42,,,,"     ",3.60,15.08,6.51
532,444702114,"00532M07:28:36.990","00532 07:41:41",203.21,895.48,,,,"     ",3.60,15.11,6.52
532,444702115,"00532M07:28:37.963","00532 07:41:42",203.24,895.40,,,,"     ",3.60,15.11,6.52
532,444702116,"00532M07:28:38.937","00532 07:41:43",203.27,895.36,,,,"     ",3.60,15.12,6.52
532,444702117,"00532M07:28:39.910","00532 07:41:44",203.31,895.43,,,,"     ",3.60,15.15,6.53
532,444702118,"00532M07:28:40.883","00532 07:41:45",203.34,895.41,,,,"     ",3.60,15.13,6.52
532,444702119,"00532M07:28:41.856","00532 07:41:46",203.35,895.52,,,,"     ",3.60,15.07,6.49
532,444702120,"00532M07:28:42.830","00532 07:41:47",203.35,895.39,,,,"     ",3.60,15.15,6.52
532,444702121,"00532M07:28:43.803","00532 07:41:48",203.32,895.50,,,,"     ",3.60,15.03,6.47
532,444702122,"00532M07:28:44.776","00532 07:41:49",203.28,895.46,,,,"     ",3.60,15.18,6.52
532,444702123,"00532M07:28:45.749","00532 07:41:49",203.22,895.42,,,,"     ",3.60,15.11,6.49
532,444702124,"00532M07:28:46.723","00532 07:41:50",203.15,895.34,,,,"     ",3.60,15.24,6.55
532,444702125,"00532M07:28:47.696","00532 07:41:51",203.07,895.34,,,,"     ",3.60,15.12,6.49
532,444702126,"00532M07:28:48.669","00532 07:41:52",203.00,895.32,,,,"     ",3.60,15.13,6.49
532,444702127,"00532M07:28:49.642","00532 07:41:53",202.95,895.40,,,,"     ",3.60,15.14,6.50
532,444702128,"00532M07:28:50.616","00532 07:41:54",202.92,895.32,,,,"     ",3.60,15.15,6.50
532,444702129,"00532M07:28:51.589","00532 07:41:55",202.92,895.41,,,,"     ",3.60,15.05,6.45
532,444702130,"00532M07:28:52.562","00532 07:41:56",202.94,895.37,,,,"     ",3.60,15.17,6.50
532,444702131,"00532M07:28:53.535","00532 07:41:57",202.96,895.42,,,,"     ",3.60,15.14,6.49
532,444702132,"00532M07:28:54.509","00532 07:41:58",202.98,895.29,,,,"     ",3.60,15.12,6.47
532,444702133,"00532M07:28:55.482","00532 07:41:59",203.01,895.31,,,,"     ",3.60,15.18,6.49
532,444702134,"00532M07:28:56.455","00532 07:42:00",203.03,895.32,,,,"     ",3.60,15.12,6.46
532,444702135,"00532M07:28:57.429","00532 07:42:01",203.06,895.32,,,,"     ",3.60,15.15,6.48
532,444702136,"00532M07:28:58.402","00532 07:42:02",203.09,895.35,,,,"     ",3.60,15.02,6.41
532,444702137,"00532M07:28:59.375","00532 07:42:03",203.10,895.38,,,,"     ",3.60,15.14,6.46
532,444702138,"00532M07:29:00.348","00532 07:42:04",203.11,895.30,,,,"     ",3.60,15.03,6.41
532,444702139,"00532M07:29:01.322","00532 07:42:05",203.10,895.39,,,,"     ",3.60,15.12,6.45
532,444702140,"00532M07:29:02.295","00532 07:42:06",203.07,895.37,,,,"     ",3.60,15.12,6.45
532,444702141,"00532M07:29:03.268","00532 07:42:07",203.03,895.33,,,,"     ",3.60,15.12,6.44
532,444702142,"00532M07:29:04.241","00532 07:42:08",202.96,895.30,,,,"     ",3.60,15.08,6.42
532,444702143,"00532M07:29:05.215","00532 07:42:09",202.89,895.33,,,,"     ",3.60,15.11,6.43
532,444702144,"00532M07:29:06.188","00532 07:42:10",202.81,895.33,,,,"     ",3.60,15.09,6.42
532,444702145,"00532M07:29:07.161","00532 07:42:11",202.73,895.38,,,,"     ",3.60,15.13,6.44
532,444702146,"00532M07:29:08.134","00532 07:42:12",202.66,895.33,,,,"     ",3.60,15.06,6.40
532,444702147,"00532M07:29:09.108","00532 07:42:13",202.62,895.32,,,,"     ",3.60,15.09,6.41
532,444702148,"00532M07:29:10.081","00532 07:42:14",202.60,895.31,,,,"     ",3.60,15.08,6.41
532,444702149,"00532M07:29:11.054","00532 07:42:15",202.61,895.41,,,,"     ",3.60,15.17,6.45
532,444702150,"00532M07:29:12.027","00532 07:42:16",202.63,895.40,,,,"     ",3.60,15.09,6.41
532,444702151,"00532M07:29:13.001","00532 07:42:17",202.63,895.39,,,,"     ",3.60,15.12,6.42
532,444702152,"00532M07:29:13.974","00532 07:42:18",202.63,895.33,,,,"     ",3.60,15.09,6.41
532,444702153,"00532M07:29:14.947","00532 07:42:19",202.64,895.31,,,,"     ",3.60,15.17,6.43
532,444702154,"00532M07:29:15.920","00532 07:42:20",202.66,895.32,,,,"     ",3.60,15.07,6.39
532,444702155,"00532M07:29:16.894","00532 07:42:21",202.67,895.32,,,,"     ",3.60,15.10,6.40
532,444702156,"00532M07:29:17.867","00532 07:42:22",202.70,895.37,,,,"     ",3.60,15.12,6.41
532,444702157,"00532M07:29:18.840","00532 07:42:23",202.72,895.36,,,,"     ",3.60,15.05,6.37
532,444702158,"00532M07:29:19.813","00532 07:42:24",202.73,895.28,,,,"     ",3.60,15.10,6.39
532,444702159,"00532M07:29:20.787","00532 07:42:25",202.74,895.22,,,,"     ",3.60,15.09,6.38
532,444702160,"00532M07:29:21.760","00532 07:42:26",202.75,895.30,,,,"     ",3.60,15.19,6.43
532,444702161,"00532M07:29:22.733","00532 07:42:26",202.76,895.37,,,,"     ",3.60,15.12,6.39
532,444702162,"00532M07:29:23.706","00532 07:42:27",202.77,895.34,,,,"     ",3.60,15.09,6.37
532,444702163,"00532M07:29:24.680","00532 07:42:28",202.79,895.37,,,,"     ",3.60,15.15,6.40
532,444702164,"00532M07:29:25.653","00532 07:42:29",202.82,895.46,,,,"     ",3.60,15.19,6.41
532,444702165,"00532M07:29:26.626","00532 07:42:30",202.87,895.42,,,,"     ",3.60,15.12,6.38
532,444702166,"00532M07:29:27.599","00532 07:42:31",202.93,895.34,,,,"     ",3.60,15.09,6.36
532,444702167,"00532M07:29:28.573","00532 07:42:32",202.98,895.29,,,,"     ",3.60,15.11,6.37
532,444702168,"00532M07:29:29.546","00532 07:42:33",203.00,895.35,,,,"     ",3.60,15.15,6.39
532,444702169,"00532M07:29:30.519","00532 07:42:34",203.00,895.52,,,,"     ",3.60,15.13,6.38
532,444702170,"00532M07:29:31.492","00532 07:42:35",202.98,895.42,,,,"     ",3.60,15.04,6.33
532,444702171,"00532M07:29:32.466","00532 07:42:36",202.93,895.33,,,,"     ",3.60,15.05,6.33
532,444702172,"00532M07:29:33.439","00532 07:42:37",202.87,895.33,,,,"     ",3.60,15.09,6.35
532,444702173,"00532M07:29:34.412","00532 07:42:38",202.83,895.30,,,,"     ",3.60,15.42,6.49
532,444702174,"00532M07:29:35.385","00532 07:42:39",202.79,895.14,,,,"     ",3.60,15.20,6.39
532,444702175,"00532M07:29:36.359","00532 07:42:40",202.76,895.25,,,,"     ",3.60,15.16,6.37
532,444702176,"00532M07:29:37.332","00532 07:42:41",202.72,895.36,,,,"     ",3.60,15.08,6.33
532,444702177,"00532M07:29:38.305","00532 07:42:42",202.66,895.37,,,,"     ",3.60,15.12,6.35
532,444702178,"00532M07:29:39.278","00532 07:42:43",202.59,895.36,,,,"     ",3.60,15.16,6.36
532,444702179,"00532M07:29:40.252","00532 07:42:44",202.52,895.27,,,,"     ",3.60,15.13,6.35
532,444702180,"00532M07:29:41.225","00532 07:42:45",202.45,895.28,,,,"     ",3.60,15.14,6.35
532,444702181,"00532M07:29:42.198","00532 07:42:46",202.40,895.38,,,,"     ",3.60,15.10,6.33
532,444702182,"00532M07:29:43.171","00532 07:42:47",202.38,895.42,,,,"     ",3.60,15.18,6.36
532,444702183,"00532M07:29:44.145","00532 07:42:48",202.40,895.46,,,,"     ",3.60,15.07,6.31
532,444702184,"00532M07:29:45.118","00532 07:42:49",202.45,895.36,,,,"     ",3.60,15.16,6.35
532,444702185,"00532M07:29:46.091","00532 07:42:50",202.52,895.42,,,,"     ",3.60,15.17,6.35
532,444702186,"00532M07:29:47.064","00532 07:42:51",202.56,895.38,,,,"     ",3.60,15.18,6.35
532,444702187,"00532M07:29:48.038","00532 07:42:52",202.58,895.40,,,,"     ",3.60,15.02,6.28
532,444702188,"00532M07:29:49.011","00532 07:42:53",202.59,895.35,,,,"     ",3.60,15.19,6.35
532,444702189,"00532M07:29:49.984","00532 07:42:54",202.59,895.26,,,,"     ",3.60,15.22,6.36
532,444702190,"00532M07:29:50.957","00532 07:42:55",202.60,895.34,,,,"     ",3.60,15.12,6.31
532,444702191,"00532M07:29:51.931","00532 07:42:56",202.63,895.27,,,,"     ",3.60,15.09,6.29
532,444702192,"00532M07:29:52.904","00532 07:42:57",202.67,895.30,,,,"     ",3.60,15.14,6.31
532,444702193,"00532M07:29:53.877","00532 07:42:58",202.71,895.32,,,,"     ",3.60,15.20,6.34
532,444702194,"00532M07:29:54.850","00532 07:42:59",202.74,895.26,,,,"     ",3.60,15.26,6.36
532,444702195,"00532M07:29:55.824","00532 07:43:00",202.75,895.29,,,,"     ",3.60,15.22,6.34
532,444702196,"00532M07:29:56.797","00532 07:43:01",202.76,895.30,,,,"     ",3.60,15.11,6.28
532,444702197,"00532M07:29:57.770","00532 07:43:02",202.76,895.35,,,,"     ",3.60,15.09,6.27
532,444702198,"00532M07:29:58.743","00532 07:43:02",202.78,895.25,,,,"     ",3.60,15.18,6.31
532,444702199,"00532M07:29:59.717","00532 07:43:03",202.83,895.26,,,,"     ",3.60,15.17,6.30
532,444702200,"00532M07:30:00.690","00532 07:43:04",202.90,895.32,,,,"     ",3.60,15.19,6.31
532,444702201,"00532M07:30:01.663","00532 07:43:05",202.99,895.32,,,,"     ",3.60,15.14,6.28
532,444702202,"00532M07:30:02.636","00532 07:43:06",203.08,895.33,,,,"     ",3.60,15.23,6.31
532,444702203,"00532M07:30:03.610","00532 07:43:07",203.16,895.33,,,,"     ",3.60,15.18,6.29
532,444702204,"00532M07:30:04.583","00532 07:43:08",203.21,895.39,,,,"     ",3.60,15.13,6.26
532,444702205,"00532M07:30:05.556","00532 07:43:09",203.22,895.39,,,,"     ",3.60,15.20,6.29
532,444702206,"00532M07:30:06.530","00532 07:43:10",203.19,895.32,,,,"     ",3.60,15.18,6.28
532,444702207,"00532M07:30:07.503","00532 07:43:11",203.16,895.30,,,,"     ",3.60,15.22,6.29
532,444702208,"00532M07:30:08.476","00532 07:43:12",203.15,895.28,,,,"     ",3.60,15.31,6.32
532,444702209,"00532M07:30:09.449","00532 07:43:13",203.17,895.40,,,,"     ",3.60,15.29,6.31
532,444702210,"00532M07:30:10.423","00532 07:43:14",203.20,895.37,,,,"     ",3.60,15.19,6.27
532,444702211,"00532M07:30:11.396","00532 07:43:15",203.23,895.40,,,,"     ",3.60,15.17,6.25
532,444702212,"00532M07:30:12.369","00532 07:43:16",203.24,895.32,,,,"     ",3.60,15.25,6.28
532,444702213,"00532M07:30:13.342","00532 07:43:17",203.23,895.37,,,,"     ",3.60,15.23,6.27
532,444702214,"00532M07:30:14.316","00532 07:43:18",203.20,895.36,,,,"     ",3.60,15.23,6.26
532,444702215,"00532M07:30:15.289","00532 07:43:19",203.15,895.36,,,,"     ",3.60,15.12,6.21
532,444702216,"00532M07:30:16.262","00532 07:43:20",203.10,895.21,,,,"     ",3.60,15.21,6.25
532,444702217,"00532M07:30:17.235","00532 07:43:21",203.06,895.28,,,,"     ",3.60,15.32,6.29
532,444702218,"00532M07:30:18.209","00532 07:43:22",203.02,895.31,,,,"     ",3.60,15.18,6.23
532,444702219,"00532M07:30:19.182","00532 07:43:23",202.99,895.36,,,,"     ",3.60,15.35,6.30
532,444702220,"00532M07:30:20.155","00532 07:43:24",202.95,895.35,,,,"     ",3.60,15.33,6.28
532,444702221,"00532M07:30:21.128","00532 07:43:25",202.91,895.32,,,,"     ",3.60,15.28,6.26
532,444702222,"00532M07:30:22.102","00532 07:43:26",202.88,895.23,,,,"     ",3.60,15.20,6.22
532,444702223,"00532M07:30:23.075","00532 07:43:27",202.86,895.22,,,,"     ",3.60,15.27,6.24
532,444702224,"00532M07:30:24.048","00532 07:43:28",202.86,895.17,,,,"     ",3.60,15.25,6.23
532,444702225,"00532M07:30:25.021","00532 07:43:29",202.89,895.23,,,,"     ",3.60,15.24,6.22
532,444702226,"00532M07:30:25.995","00532 07:43:30",202.95,895.24,,,,"     ",3.60,15.37,6.27
532,444702227,"00532M07:30:26.968","00532 07:43:31",203.04,895.30,,,,"     ",3.60,15.18,6.19
532,444702228,"00532M07:30:27.941","00532 07:43:32",203.15,895.29,,,,"     ",3.60,15.32,6.24
532,444702229,"00532M07:30:28.914","00532 07:43:33",203.27,895.29,,,,"     ",3.60,15.24,6.20
532,444702230,"00532M07:30:29.888","00532 07:43:34",203.38,895.43,,,,"     ",3.60,15.27,6.22
532,444702231,"00532M07:30:30.861","00532 07:43:35",203.44,895.41,,,,"     ",3.60,15.31,6.22
532,444702232,"00532M07:30:31.834","00532 07:43:36",203.48,895.30,,,,"     ",3.60,15.42,6.27
532,444702233,"00532M07:30:32.807","00532 07:43:37",203.49,895.27,,,,"     ",3.60,15.39,6.25
532,444702234,"00532M07:30:33.781","00532 07:43:38",203.49,895.26,,,,"     ",3.60,15.39,6.25
532,444702235,"00532M07:30:34.754","00532 07:43:39",203.49,895.29,,,,"     ",3.60,15.36,6.23
532,444702236,"00532M07:30:35.727","00532 07:43:39",203.49,895.38,,,,"     ",3.60,15.38,6.23
532,444702237,"00532M07:30:36.700","00532 07:43:40",203.48,895.25,,,,"     ",3.60,15.39,6.23
532,444702238,"00532M07:30:37.674","00532 07:43:41",203.47,895.19,,,,"     ",3.60,15.34,6.21
532,444702239,"00532M07:30:38.647","00532 07:43:42",203.44,895.01,,,,"     ",3.60,15.28,6.18
532,444702240,"00532M07:30:39.620","00532 07:43:43",203.42,895.12,,,,"     ",3.60,15.06,6.08
532,444702241,"00532M07:30:40.593","00532 07:43:44",203.38,895.27,,,,"     ",3.60,15.26,6.16
532,444702242,"00532M07:30:41.567","00532 07:43:45",203.33,895.34,,,,"     ",3.60,15.35,6.20
532,444702243,"00532M07:30:42.540","00532 07:43:46",203.28,895.38,,,,"     ",3.60,15.29,6.17
532,444702244,"00532M07:30:43.513","00532 07:43:47",203.23,895.46,,,,"     ",3.60,15.33,6.18
532,444702245,"00532M07:30:44.486","00532 07:43:48",203.16,895.20,,,,"     ",3.60,15.43,6.21
532,444702246,"00532M07:30:45.460","00532 07:43:49",203.09,895.20,,,,"     ",3.60,15.42,6.21
532,444702247,"00532M07:30:46.433","00532 07:43:50",203.06,895.17,,,,"     ",3.60,15.35,6.17
532,444702248,"00532M07:30:47.406","00532 07:43:51",203.13,895.22,,,,"     ",3.60,15.44,6.21
532,444702249,"00532M07:30:48.379","00532 07:43:52",203.18,895.23,,,,"     ",3.60,15.32,6.15
532,444702250,"00532M07:30:49.353","00532 07:43:53",203.22,895.27,,,,"     ",3.60,15.35,6.16
532,444702251,"00532M07:30:50.326","00532 07:43:54",203.25,895.24,,,,"     ",3.60,15.51,6.22
532,444702252,"00532M07:30:51.299","00532 07:43:55",203.28,895.25,,,,"     ",3.60,15.50,6.22
532,444702253,"00532M07:30:52.272","00532 07:43:56",203.29,895.20,,,,"     ",3.60,15.48,6.20
532,444702254,"00532M07:30:53.246","00532 07:43:57",203.30,895.30,,,,"     ",3.60,15.43,6.17
532,444702255,"00532M07:30:54.219","00532 07:43:58",203.30,895.24,,,,"     ",3.60,15.43,6.17
532,444702256,"00532M07:30:55.192","00532 07:43:59",203.29,895.26,,,,"     ",3.60,15.44,6.17
532,444702257,"00532M07:30:56.165","00532 07:44:00",203.27,895.28,,,,"     ",3.60,15.45,6.17
532,444702258,"00532M07:30:57.139","00532 07:44:01",203.24,895.26,,,,"     ",3.60,15.55,6.21
532,444702259,"00532M07:30:58.112","00532 07:44:02",203.20,895.29,,,,"     ",3.60,15.53,6.19
532,444702260,"00532M07:30:59.085","00532 07:44:03",203.13,895.27,,,,"     ",3.60,15.52,6.19
532,444702261,"00532M07:31:00.058","00532 07:44:04",203.06,895.30,,,,"     ",3.60,15.46,6.16
532,444702262,"00532M07:31:01.032","00532 07:44:05",203.02,895.31,,,,"     ",3.60,15.47,6.16
532,444702263,"00532M07:31:02.005","00532 07:44:06",203.02,895.27,,,,"     ",3.60,15.48,6.16
532,444702264,"00532M07:31:02.978","00532 07:44:07",203.01,895.27,,,,"     ",3.60,15.43,6.13
532,444702265,"00532M07:31:03.951","00532 07:44:08",202.99,895.30,,,,"     ",3.60,15.52,6.16
532,444702266,"00532M07:31:04.925","00532 07:44:09",202.96,895.24,,,,"     ",3.60,15.53,6.16
532,444702267,"00532M07:31:05.898","00532 07:44:10",202.93,895.28,,,,"     ",3.60,15.49,6.14
532,444702268,"00532M07:31:06.871","00532 07:44:11",202.92,895.27,,,,"     ",3.60,15.59,6.18
532,444702269,"00532M07:31:07.844","00532 07:44:12",202.93,895.25,,,,"     ",3.60,15.47,6.13
532,444702270,"00532M07:31:08.818","00532 07:44:13",202.97,895.25,,,,"     ",3.60,15.50,6.13
532,444702271,"00532M07:31:09.791","00532 07:44:14",203.02,895.19,,,,"     ",3.60,15.55,6.15
532,444702272,"00532M07:31:10.764","00532 07:44:15",203.08,895.31,,,,"     ",3.60,15.59,6.16
532,444702273,"00532M07:31:11.737","00532 07:44:15",203.15,895.19,,,,"     ",3.60,15.45,6.10
532,444702274,"00532M07:31:12.711","00532 07:44:16",203.20,895.30,,,,"     ",3.60,15.52,6.13
532,444702275,"00532M07:31:13.684","00532 07:44:17",203.23,895.29,,,,"     ",3.60,15.55,6.14
532,444702276,"00532M07:31:14.657","00532 07:44:18",203.27,895.25,,,,"     ",3.60,15.55,6.13
532,444702277,"00532M07:31:15.631","00532 07:44:19",203.30,895.24,,,,"     ",3.60,15.41,6.07
532,444702278,"00532M07:31:16.604","00532 07:44:20",203.33,895.22,,,,"     ",3.60,15.55,6.12
532,444702279,"00532M07:31:17.577","00532 07:44:21",203.36,895.23,,,,"     ",3.60,15.54,6.11
532,444702280,"00532M07:31:18.550","00532 07:44:22",203.39,895.24,,,,"     ",3.60,15.60,6.14
532,444702281,"00532M07:31:19.524","00532 07:44:23",203.40,895.25,,,,"     ",3.60,15.54,6.11
532,444702282,"00532M07:31:20.497","00532 07:44:24",203.38,895.20,,,,"     ",3.60,15.56,6.11
532,444702283,"00532M07:31:21.470","00532 07:44:25",203.33,895.18,,,,"     ",3.60,15.56,6.10
532,444702284,"00532M07:31:22.443","00532 07:44:26",203.25,895.22,,,,"     ",3.60,15.53,6.09
532,444702285,"00532M07:31:23.417","00532 07:44:27",203.14,895.23,,,,"     ",3.60,15.50,6.08
532,444702286,"00532M07:31:24.390","00532 07:44:28",203.05,895.17,,,,"     ",3.60,15.57,6.10
532,444702287,"00532M07:31:25.363","00532 07:44:29",202.99,895.23,,,,"     ",3.60,15.51,6.07
532,444702288,"00532M07:31:26.336","00532 07:44:30",202.96,895.23,,,,"     ",3.60,15.59,6.10
532,444702289,"00532M07:31:27.310","00532 07:44:31",202.95,895.18,,,,"     ",3.60,15.71,6.15
532,444702290,"00532M07:31:28.283","00532 07:44:32",202.96,895.29,,,,"     ",3.60,15.61,6.10
532,444702291,"00532M07:31:29.256","00532 07:44:33",202.98,895.20,,,,"     ",3.60,15.61,6.10
532,444702292,"00532M07:31:30.229","00532 07:44:34",203.01,895.20,,,,"     ",3.60,15.50,6.05
532,444702293,"00532M07:31:31.203","00532 07:44:35",203.05,895.24,,,,"     ",3.60,15.56,6.07
532,444702294,"00532M07:31:32.176","00532 07:44:36",203.10,895.26,,,,"     ",3.60,15.69,6.12
532,444702295,"00532M07:31:33.149","00532 07:44:37",203.13,895.25,,,,"     ",3.60,15.58,6.07
532,444702296,"00532M07:31:34.122","00532 07:44:38",203.17,895.38,,,,"     ",3.60,15.56,6.07
532,444702297,"00532M07:31:35.096","00532 07:44:39",203.21,895.33,,,,"     ",3.60,15.53,6.05
532,444702298,"00532M07:31:36.069","00532 07:44:40",203.23,895.28,,,,"     ",3.60,15.62,6.08
532,444702299,"00532M07:31:37.042","00532 07:44:41",203.24,895.24,,,,"     ",3.60,15.52,6.04
532,444702300,"00532M07:31:38.015","00532 07:44:42",203.21,895.28,,,,"     ",3.60,15.55,6.05
532,444702301,"00532M07:31:38.989","00532 07:44:43",203.18,895.25,,,,"     ",3.60,15.56,6.05
532,444702302,"00532M07:31:39.962","00532 07:44:44",203.14,895.28,,,,"     ",3.60,15.56,6.05
532,444702303,"00532M07:31:40.935","00532 07:44:45",203.12,895.19,,,,"     ",3.60,15.65,6.08
532,444702304,"00532M07:31:41.908","00532 07:44:46",203.12,895.30,,,,"     ",3.60,15.60,6.06
532,444702305,"00532M07:31:42.882","00532 07:44:47",203.14,895.22,,,,"     ",3.60,15.43,5.99
532,444702306,"00532M07:31:43.855","00532 07:44:48",203.18,895.30,,,,"     ",3.60,15.52,6.02
532,444702307,"00532M07:31:44.828","00532 07:44:49",203.23,895.31,,,,"     ",3.60,15.56,6.03
532,444702308,"00532M07:31:45.801","00532 07:44:50",203.27,895.21,,,,"     ",3.60,15.56,6.03
532,444702309,"00532M07:31:46.775","00532 07:44:51",203.30,895.22,,,,"     ",3.60,15.53,6.02
532,444702310,"00532M07:31:47.748","00532 07:44:52",203.31,895.21,,,,"     ",3.60,15.60,6.04
532,444702311,"00532M07:31:48.721","00532 07:44:52",203.32,895.27,,,,"     ",3.60,15.61,6.04
532,444702312,"00532M07:31:49.694","00532 07:44:53",203.32,895.22,,,,"     ",3.60,15.60,6.04
532,444702313,"00532M07:31:50.668","00532 07:44:54",203.33,895.25,,,,"     ",3.60,15.59,6.03
532,444702314,"00532M07:31:51.641","00532 07:44:55",203.33,895.21,,,,"     ",3.60,15.58,6.02
532,444702315,"00532M07:31:52.614","00532 07:44:56",203.31,895.28,,,,"     ",3.60,15.61,6.03
532,444702316,"00532M07:31:53.587","00532 07:44:57",203.27,895.18,,,,"     ",3.60,15.62,6.03
532,444702317,"00532M07:31:54.561","00532 07:44:58",203.22,895.21,,,,"     ",3.60,15.68,6.05
532,444702318,"00532M07:31:55.534","00532 07:44:59",203.17,895.33,,,,"     ",3.60,15.63,6.03
532,444702319,"00532M07:31:56.507","00532 07:45:00",203.14,895.29,,,,"     ",3.60,15.56,6.00
532,444702320,"00532M07:31:57.480","00532 07:45:01",203.12,895.26,,,,"     ",3.60,15.63,6.03
532,444702321,"00532M07:31:58.454","00532 07:45:02",203.11,895.29,,,,"     ",3.60,15.58,6.00
532,444702322,"00532M07:31:59.427","00532 07:45:03",203.12,895.10,,,,"     ",3.60,15.50,5.97
532,444702323,"00532M07:32:00.400","00532 07:45:04",203.15,895.20,,,,"     ",3.60,15.66,6.03
532,444702324,"00532M07:32:01.373","00532 07:45:05",203.17,895.21,,,,"     ",3.60,15.54,5.98
532,444702325,"00532M07:32:02.347","00532 07:45:06",203.19,895.22,,,,"     ",3.60,15.53,5.97
532,444702326,"00532M07:32:03.320","00532 07:45:07",203.21,895.25,,,,"     ",3.60,15.69,6.03
532,444702327,"00532M07:32:04.293","00532 07:45:08",203.25,895.13,,,,"     ",3.60,15.58,5.99
532,444702328,"00532M07:32:05.266","00532 07:45:09",203.30,895.18,,,,"     ",3.60,15.68,6.02
532,444702329,"00532M07:32:06.240","00532 07:45:10",203.37,895.19,,,,"     ",3.60,15.68,6.02
532,444702330,"00532M07:32:07.213","00532 07:45:11",203.45,895.25,,,,"     ",3.60,15.73,6.03
532,444702331,"00532M07:32:08.186","00532 07:45:12",203.54,895.24,,,,"     ",3.60,15.67,6.01
532,444702332,"00532M07:32:09.159","00532 07:45:13",203.62,895.34,,,,"     ",3.60,15.73,6.03
532,444702333,"00532M07:32:10.133","00532 07:45:14",203.69,895.28,,,,"     ",3.60,15.52,5.94
532,444702334,"00532M07:32:11.106","00532 07:45:15",203.72,895.27,,,,"     ",3.60,15.63,5.98
532,444702335,"00532M07:32:12.079","00532 07:45:16",203.73,895.19,,,,"     ",3.60,15.58,5.96
532,444702336,"00532M07:32:13.052","00532 07:45:17",203.72,895.16,,,,"     ",3.60,15.69,6.00
532,444702337,"00532M07:32:14.026","00532 07:45:18",203.69,895.17,,,,"     ",3.60,15.60,5.96
532,444702338,"00532M07:32:14.999","00532 07:45:19",203.65,895.20,,,,"     ",3.60,15.65,5.97
532,444702339,"00532M07:32:15.972","00532 07:45:20",203.59,895.15,,,,"     ",3.60,15.73,6.00
532,444702340,"00532M07:32:16.945","00532 07:45:21",203.52,895.16,,,,"     ",3.60,15.70,5.98
532,444702341,"00532M07:32:17.919","00532 07:45:22",203.44,895.21,,,,"     ",3.60,15.59,5.94
532,444702342,"00532M07:32:18.892","00532 07:45:23",203.36,895.22,,,,"     ",3.60,15.67,5.97
532,444702343,"00532M07:32:19.865","00532 07:45:24",203.28,895.20,,,,"     ",3.60,15.78,6.00
532,444702344,"00532M07:32:20.838","00532 07:45:25",203.23,895.21,,,,"     ",3.60,15.72,5.98
532,444702345,"00532M07:32:21.812","00532 07:45:26",203.18,895.15,,,,"     ",3.60,15.70,5.97
532,444702346,"00532M07:32:22.785","00532 07:45:27",203.17,895.18,,,,"     ",3.60,15.73,5.97
532,444702347,"00532M07:32:23.758","00532 07:45:28",203.17,895.12,,,,"     ",3.60,15.76,5.98
532,444702348,"00532M07:32:24.732","00532 07:45:28",203.20,895.18,,,,"     ",3.60,15.76,5.98
532,444702349,"00532M07:32:25.705","00532 07:45:29",203.24,895.23,,,,"     ",3.60,15.71,5.95
532,444702350,"00532M07:32:26.678","00532 07:45:30",203.28,895.22,,,,"     ",3.60,15.74,5.96
532,444702351,"00532M07:32:27.651","00532 07:45:31",203.33,895.22,,,,"     ",3.60,15.70,5.94
532,444702352,"00532M07:32:28.625","00532 07:45:32",203.39,895.15,,,,"     ",3.60,15.75,5.96
532,444702353,"00532M07:32:29.598","00532 07:45:33",203.45,895.12,,,,"     ",3.60,15.70,5.93
532,444702354,"00532M07:32:30.571","00532 07:45:34",203.51,895.18,,,,"     ",3.60,15.65,5.91
532,444702355,"00532M07:32:31.544","00532 07:45:35",203.54,895.20,,,,"     ",3.60,15.74,5.94
532,444702356,"00532M07:32:32.518","00532 07:45:36",203.57,895.12,,,,"     ",3.60,15.80,5.96
532,444702357,"00532M07:32:33.491","00532 07:45:37",203.57,895.19,,,,"     ",3.60,15.79,5.95
532,444702358,"00532M07:32:34.464","00532 07:45:38",203.58,895.16,,,,"     ",3.60,15.75,5.93
532,444702359,"00532M07:32:35.437","00532 07:45:39",203.57,895.16,,,,"     ",3.60,15.76,5.93
532,444702360,"00532M07:32:36.411","00532 07:45:40",203.55,895.20,,,,"     ",3.60,15.82,5.95
532,444702361,"00532M07:32:37.384","00532 07:45:41",203.53,895.13,,,,"     ",3.60,15.84,5.96
532,444702362,"00532M07:32:38.357","00532 07:45:42",203.49,895.15,,,,"     ",3.60,15.70,5.90
532,444702363,"00532M07:32:39.330","00532 07:45:43",203.44,895.14,,,,"     ",3.60,15.77,5.92
532,444702364,"00532M07:32:40.304","00532 07:45:44",203.39,895.19,,,,"     ",3.60,15.70,5.89
532,444702365,"00532M07:32:41.277","00532 07:45:45",203.35,895.19,,,,"     ",3.60,15.86,5.95
532,444702366,"00532M07:32:42.250","00532 07:45:46",203.31,895.22,,,,"     ",3.60,15.84,5.93
532,444702367,"00532M07:32:43.223","00532 07:45:47",203.29,895.19,,,,"     ",3.60,15.86,5.94
532,444702368,"00532M07:32:44.197","00532 07:45:48",203.28,895.20,,,,"     ",3.60,15.82,5.92
532,444702369,"00532M07:32:45.170","00532 07:45:49",203.29,895.10,,,,"     ",3.60,15.74,5.89
532,444702370,"00532M07:32:46.143","00532 07:45:50",203.29,895.17,,,,"     ",3.60,15.86,5.93
532,444702371,"00532M07:32:47.116","00532 07:45:51",203.30,895.04,,,,"     ",3.60,15.95,5.96
532,444702372,"00532M07:32:48.090","00532 07:45:52",203.29,895.10,,,,"     ",3.60,15.84,5.91
532,444702373,"00532M07:32:49.063","00532 07:45:53",203.29,895.17,,,,"     ",3.60,15.77,5.88
532,444702374,"00532M07:32:50.036","00532 07:45:54",203.26,895.10,,,,"     ",3.60,15.87,5.91
532,444702375,"00532M07:32:51.009","00532 07:45:55",203.23,895.14,,,,"     ",3.60,15.83,5.90
532,444702376,"00532M07:32:51.983","00532 07:45:56",203.19,895.19,,,,"     ",3.60,15.96,5.94
532,444702377,"00532M07:32:52.956","00532 07:45:57",203.15,895.11,,,,"     ",3.60,15.87,5.90
532,444702378,"00532M07:32:53.929","00532 07:45:58",203.12,895.17,,,,"     ",3.60,15.94,5.93
532,444702379,"00532M07:32:54.902","00532 07:45:59",203.11,895.09,,,,"     ",3.60,15.94,5.92
532,444702380,"00532M07:32:55.876","00532 07:46:00",203.10,895.17,,,,"     ",3.60,15.83,5.87
532,444702381,"00532M07:32:56.849","00532 07:46:01",203.09,895.21,,,,"     ",3.60,15.83,5.87
532,444702382,"00532M07:32:57.822","00532 07:46:02",203.06,895.13,,,,"     ",3.60,15.86,5.87
532,444702383,"00532M07:32:58.795","00532 07:46:03",203.03,895.23,,,,"     ",3.60,15.90,5.89
532,444702384,"00532M07:32:59.769","00532 07:46:04",202.99,895.15,,,,"     ",3.60,15.79,5.84
532,444702385,"00532M07:33:00.742","00532 07:46:05",202.98,895.18,,,,"     ",3.60,16.02,5.92
532,444702386,"00532M07:33:01.715","00532 07:46:05",202.99,895.17,,,,"     ",3.60,15.91,5.88
532,444702387,"00532M07:33:02.688","00532 07:46:06",203.01,895.15,,,,"     ",3.60,15.97,5.90
532,444702388,"00532M07:33:03.662","00532 07:46:07",203.03,895.19,,,,"     ",3.60,15.82,5.84
532,444702389,"00532M07:33:04.635","00532 07:46:08",203.05,895.12,,,,"     ",3.60,16.00,5.90
532,444702390,"00532M07:33:05.608","00532 07:46:09",203.07,895.08,,,,"     ",3.60,15.93,5.87
532,444702391,"00532M07:33:06.581","00532 07:46:10",203.11,895.18,,,,"     ",3.60,16.01,5.89
532,444702392,"00532M07:33:07.555","00532 07:46:11",203.14,895.11,,,,"     ",3.60,15.94,5.86
532,444702393,"00532M07:33:08.528","00532 07:46:12",203.17,895.06,,,,"     ",3.60,15.94,5.86
532,444702394,"00532M07:33:09.501","00532 07:46:13",203.19,895.05,,,,"     ",3.60,15.89,5.84
532,444702395,"00532M07:33:10.474","00532 07:46:14",203.21,894.96,,,,"     ",3.60,15.63,5.73
532,444702396,"00532M07:33:11.448","00532 07:46:15",203.24,895.18,,,,"     ",3.60,15.96,5.86
532,444702397,"00532M07:33:12.421","00532 07:46:16",203.27,895.31,,,,"     ",3.60,15.94,5.84
532,444702398,"00532M07:33:13.394","00532 07:46:17",203.31,895.33,,,,"     ",3.60,16.01,5.87
532,444702399,"00532M07:33:14.367","00532 07:46:18",203.34,895.38,,,,"     ",3.60,16.04,5.87
532,444702400,"00532M07:33:15.341","00532 07:46:19",203.37,895.15,,,,"     ",3.60,16.03,5.86
532,444702401,"00532M07:33:16.314","00532 07:46:20",203.39,895.09,,,,"     ",3.60,16.11,5.89
532,444702402,"00532M07:33:17.287","00532 07:46:21",203.40,895.12,,,,"     ",3.60,16.09,5.88
532,444702403,"00532M07:33:18.260","00532 07:46:22",203.40,895.10,,,,"     ",3.60,16.09,5.87
532,444702404,"00532M07:33:19.234","00532 07:46:23",203.42,895.05,,,,"     ",3.60,16.03,5.85
532,444702405,"00532M07:33:20.207","00532 07:46:24",203.45,895.13,,,,"     ",3.60,16.08,5.86
532,444702406,"00532M07:33:21.180","00532 07:46:25",203.49,895.10,,,,"     ",3.60,16.03,5.83
532,444702407,"00532M07:33:22.153","00532 07:46:26",203.51,895.21,,,,"     ",3.60,16.14,5.88
532,444702408,"00532M07:33:23.127","00532 07:46:27",203.52,895.22,,,,"     ",3.60,16.03,5.83
532,444702409,"00532M07:33:24.100","00532 07:46:28",203.52,895.13,,,,"     ",3.60,16.10,5.85
532,444702410,"00532M07:33:25.073","00532 07:46:29",203.50,895.18,,,,"     ",3.60,15.99,5.81
532,444702411,"00532M07:33:26.046","00532 07:46:30",203.47,895.09,,,,"     ",3.60,16.03,5.82
532,444702412,"00532M07:33:27.020","00532 07:46:31",203.41,895.01,,,,"     ",3.60,16.15,5.86
532,444702413,"00532M07:33:27.993","00532 07:46:32",203.34,895.01,,,,"     ",3.60,16.10,5.83
532,444702414,"00532M07:33:28.966","00532 07:46:33",203.27,895.09,,,,"     ",3.60,16.11,5.83
532,444702415,"00532M07:33:29.939","00532 07:46:34",203.23,895.12,,,,"     ",3.60,15.98,5.78
532,444702416,"00532M07:33:30.913","00532 07:46:35",203.21,895.17,,,,"     ",3.60,16.11,5.83
532,444702417,"00532M07:33:31.886","00532 07:46:36",203.21,895.13,,,,"     ",3.60,16.19,5.85
532,444702418,"00532M07:33:32.859","00532 07:46:37",203.21,895.10,,,,"     ",3.60,16.01,5.78
532,444702419,"00532M07:33:33.833","00532 07:46:38",203.21,895.15,,,,"     ",3.60,16.16,5.83
532,444702420,"00532M07:33:34.806","00532 07:46:39",203.21,895.14,,,,"     ",3.60,16.07,5.80
532,444702421,"00532M07:33:35.779","00532 07:46:40",203.20,895.18,,,,"     ",3.60,16.16,5.83
532,444702422,"00532M07:33:36.752","00532 07:46:41",203.18,895.09,,,,"     ",3.60,16.11,5.81
532,444702423,"00532M07:33:37.726","00532 07:46:41",203.15,895.18,,,,"     ",3.60,16.12,5.80
532,444702424,"00532M07:33:38.699","00532 07:46:42",203.10,895.11,,,,"     ",3.60,16.16,5.82
532,444702425,"00532M07:33:39.672","00532 07:46:43",203.06,895.09,,,,"     ",3.60,16.13,5.80
532,444702426,"00532M07:33:40.645","00532 07:46:44",203.01,895.18,,,,"     ",3.60,16.17,5.81
532,444702427,"00532M07:33:41.619","00532 07:46:45",202.97,895.20,,,,"     ",3.60,16.16,5.80
532,444702428,"00532M07:33:42.592","00532 07:46:46",202.94,895.11,,,,"     ",3.60,16.16,5.80
532,444702429,"00532M07:33:43.565","00532 07:46:47",202.92,895.11,,,,"     ",3.60,16.22,5.82
532,444702430,"00532M07:33:44.538","00532 07:46:48",202.95,895.20,,,,"     ",3.60,16.13,5.78
532,444702431,"00532M07:33:45.512","00532 07:46:49",203.00,895.07,,,,"     ",3.60,16.30,5.84
532,444702432,"00532M07:33:46.485","00532 07:46:50",203.07,895.18,,,,"     ",3.60,16.17,5.79
532,444702433,"00532M07:33:47.458","00532 07:46:51",203.16,895.09,,,,"     ",3.60,16.20,5.80
532,444702434,"00532M07:33:48.431","00532 07:46:52",203.24,895.12,,,,"     ",3.60,16.23,5.80
532,444702435,"00532M07:33:49.405","00532 07:46:53",203.31,895.17,,,,"     ",3.60,16.21,5.79
532,444702436,"00532M07:33:50.378","00532 07:46:54",203.36,895.14,,,,"     ",3.60,16.23,5.80
532,444702437,"00532M07:33:51.351","00532 07:46:55",203.39,895.11,,,,"     ",3.60,16.26,5.80
532,444702438,"00532M07:33:52.324","00532 07:46:56",203.39,895.16,,,,"     ",3.60,16.20,5.78
532,444702439,"00532M07:33:53.298","00532 07:46:57",203.36,895.15,,,,"     ",3.60,16.30,5.81
532,444702440,"00532M07:33:54.271","00532 07:46:58",203.32,895.06,,,,"     ",3.60,16.30,5.80
532,444702441,"00532M07:33:55.244","00532 07:46:59",203.27,895.09,,,,"     ",3.60,16.31,5.81
532,444702442,"00532M07:33:56.217","00532 07:47:00",203.23,895.05,,,,"     ",3.60,16.24,5.78
532,444702443,"00532M07:33:57.191","00532 07:47:01",203.20,894.99,,,,"     ",3.60,16.26,5.78
532,444702444,"00532M07:33:58.164","00532 07:47:02",203.18,895.10,,,,"     ",3.60,16.26,5.78
532,444702445,"00532M07:33:59.137","00532 07:47:03",203.16,895.14,,,,"     ",3.60,16.34,5.80
532,444702446,"00532M07:34:00.110","00532 07:47:04",203.17,895.09,,,,"     ",3.60,16.16,5.73
532,444702447,"00532M07:34:01.084","00532 07:47:05",203.20,895.03,,,,"     ",3.60,16.27,5.77
532,444702448,"00532M07:34:02.057","00532 07:47:06",203.26,895.15,,,,"     ",3.60,16.33,5.79
532,444702449,"00532M07:34:03.030","00532 07:47:07",203.34,895.12,,,,"     ",3.60,16.20,5.74
532,444702450,"00532M07:34:04.003","00532 07:47:08",203.42,895.17,,,,"     ",3.60,16.34,5.78
532,444702451,"00532M07:34:04.977","00532 07:47:09",203.48,895.17,,,,"     ",3.60,16.32,5.77
532,444702452,"00532M07:34:05.950","00532 07:47:10",203.52,895.11,,,,"     ",3.60,16.36,5.78
532,444702453,"00532M07:34:06.923","00532 07:47:11",203.52,895.22,,,,"     ",3.60,16.33,5.77
532,444702454,"00532M07:34:07.896","00532 07:47:12",203.50,895.23,,,,"     ",3.60,16.36,5.78
532,444702455,"00532M07:34:08.870","00532 07:47:13",203.44,895.30,,,,"     ",3.60,16.39,5.78
532,444702456,"00532M07:34:09.843","00532 07:47:14",203.37,895.22,,,,"     ",3.60,16.34,5.76
532,444702457,"00532M07:34:10.816","00532 07:47:15",203.29,895.22,,,,"     ",3.60,16.40,5.78
532,444702458,"00532M07:34:11.789","00532 07:47:16",203.23,895.19,,,,"     ",3.60,16.24,5.71
532,444702459,"00532M07:34:12.763","00532 07:47:17",203.20,895.21,,,,"     ",3.60,16.45,5.79
532,444702460,"00532M07:34:13.736","00532 07:47:18",203.19,895.11,,,,"     ",3.60,16.36,5.75
532,444702461,"00532M07:34:14.709","00532 07:47:18",203.19,895.13,,,,"     ",3.60,16.44,5.78
532,444702462,"00532M07:34:15.682","00532 07:47:19",203.19,895.09,,,,"     ",3.60,16.37,5.75
532,444702463,"00532M07:34:16.656","00532 07:47:20",203.16,895.07,,,,"     ",3.60,16.44,5.77
532,444702464,"00532M07:34:17.629","00532 07:47:21",203.13,895.04,,,,"     ",3.60,16.39,5.75
532,444702465,"00532M07:34:18.602","00532 07:47:22",203.11,895.08,,,,"     ",3.60,16.38,5.74
532,444702466,"00532M07:34:19.575","00532 07:47:23",203.10,895.09,,,,"     ",3.60,16.44,5.76
532,444702467,"00532M07:34:20.549","00532 07:47:24",203.11,895.06,,,,"     ",3.60,16.50,5.77
532,444702468,"00532M07:34:21.522","00532 07:47:25",203.11,895.11,,,,"     ",3.60,16.47,5.76
532,444702469,"00532M07:34:22.495","00532 07:47:26",203.10,895.05,,,,"     ",3.60,16.43,5.74
532,444702470,"00532M07:34:23.468","00532 07:47:27",203.07,895.09,,,,"     ",3.60,16.43,5.74
532,444702471,"00532M07:34:24.442","00532 07:47:28",203.02,895.13,,,,"     ",3.60,16.42,5.73
532,444702472,"00532M07:34:25.415","00532 07:47:29",202.94,895.08,,,,"     ",3.60,16.42,5.73
532,444702473,"00532M07:34:26.388","00532 07:47:30",202.87,895.16,,,,"     ",3.60,16.53,5.76
532,444702474,"00532M07:34:27.361","00532 07:47:31",202.83,895.17,,,,"     ",3.60,16.54,5.76
532,444702475,"00532M07:34:28.335","00532 07:47:32",202.80,895.23,,,,"     ",3.60,16.51,5.75
532,444702476,"00532M07:34:29.308","00532 07:47:33",202.80,895.12,,,,"     ",3.60,16.53,5.75
532,444702477,"00532M07:34:30.281","00532 07:47:34",202.81,895.08,,,,"     ",3.60,16.55,5.75
532,444702478,"00532M07:34:31.254","00532 07:47:35",202.83,894.96,,,,"     ",3.60,16.54,5.75
532,444702479,"00532M07:34:32.228","00532 07:47:36",202.85,894.94,,,,"     ",3.60,16.45,5.71
532,444702480,"00532M07:34:33.201","00532 07:47:37",202.88,895.14,,,,"     ",3.60,16.49,5.72
532,444702481,"00532M07:34:34.174","00532 07:47:38",202.89,895.23,,,,"     ",3.60,16.56,5.75
532,444702482,"00532M07:34:35.147","00532 07:47:39",202.90,895.26,,,,"     ",3.60,16.47,5.71
532,444702483,"00532M07:34:36.121","00532 07:47:40",202.90,895.35,,,,"     ",3.60,16.41,5.68
532,444702484,"00532M07:34:37.094","00532 07:47:41",202.91,895.17,,,,"     ",3.60,16.84,5.83
532,444702485,"00532M07:34:38.067","00532 07:47:42",202.93,895.10,,,,"     ",3.60,16.50,5.71
532,444702486,"00532M07:34:39.040","00532 07:47:43",202.96,895.09,,,,"     ",3.60,16.60,5.74
532,444702487,"00532M07:34:40.014","00532 07:47:44",202.99,895.12,,,,"     ",3.60,16.64,5.75
532,444702488,"00532M07:34:40.987","00532 07:47:45",203.01,895.03,,,,"     ",3.60,16.56,5.72
532,444702489,"00532M07:34:41.960","00532 07:47:46",203.01,895.03,,,,"     ",3.60,16.58,5.72
532,444702490,"00532M07:34:42.934","00532 07:47:47",203.00,895.13,,,,"     ",3.60,16.48,5.68
532,444702491,"00532M07:34:43.907","00532 07:47:48",202.99,895.13,,,,"     ",3.60,16.55,5.70
532,444702492,"00532M07:34:44.880","00532 07:47:49",202.97,894.99,,,,"     ",3.60,16.61,5.72
532,444702493,"00532M07:34:45.853","00532 07:47:50",202.95,895.01,,,,"     ",3.60,16.57,5.70
532,444702494,"00532M07:34:46.827","00532 07:47:51",202.95,895.10,,,,"     ",3.60,16.53,5.69
532,444702495,"00532M07:34:47.800","00532 07:47:52",202.96,895.10,,,,"     ",3.60,16.61,5.71
532,444702496,"00532M07:34:48.773","00532 07:47:53",202.97,895.14,,,,"     ",3.60,16.61,5.70
532,444702497,"00532M07:34:49.746","00532 07:47:54",203.01,895.08,,,,"     ",3.60,16.64,5.71
532,444702498,"00532M07:34:50.720","00532 07:47:54",203.06,895.10,,,,"     ",3.60,16.68,5.72
532,444702499,"00532M07:34:51.693","00532 07:47:55",203.13,895.13,,,,"     ",3.60,16.68,5.72
532,444702500,"00532M07:34:52.666","00532 07:47:56",203.21,895.16,,,,"     ",3.60,16.79,5.75
532,444702501,"00532M07:34:53.639","00532 07:47:57",203.29,895.17,,,,"     ",3.60,16.66,5.70
532,444702502,"00532M07:34:54.613","00532 07:47:58",203.38,895.15,,,,"     ",3.60,16.65,5.70
532,444702503,"00532M07:34:55.586","00532 07:47:59",203.46,895.14,,,,"     ",3.60,16.65,5.69
532,444702504,"00532M07:34:56.559","00532 07:48:00",203.53,895.10,,,,"     ",3.60,16.65,5.69
532,444702505,"00532M07:34:57.532","00532 07:48:01",203.57,895.12,,,,"     ",3.60,16.73,5.71
532,444702506,"00532M07:34:58.506","00532 07:48:02",203.58,895.10,,,,"     ",3.60,16.64,5.68
532,444702507,"00532M07:34:59.479","00532 07:48:03",203.55,895.12,,,,"     ",3.60,16.78,5.72
532,444702508,"00532M07:35:00.452","00532 07:48:04",203.46,895.04,,,,"     ",3.60,16.70,5.69
532,444702509,"00532M07:35:01.425","00532 07:48:05",203.35,895.06,,,,"     ",3.60,16.87,5.75
532,444702510,"00532M07:35:02.399","00532 07:48:06",203.22,895.07,,,,"     ",3.60,16.77,5.71
532,444702511,"00532M07:35:03.372","00532 07:48:07",203.11,895.07,,,,"     ",3.60,16.76,5.70
532,444702512,"00532M07:35:04.345","00532 07:48:08",203.02,895.08,,,,"     ",3.60,16.82,5.72
532,444702513,"00532M07:35:05.318","00532 07:48:09",202.97,895.08,,,,"     ",3.60,16.77,5.69
532,444702514,"00532M07:35:06.292","00532 07:48:10",202.94,895.06,,,,"     ",3.60,16.88,5.73
532,444702515,"00532M07:35:07.265","00532 07:48:11",202.94,895.09,,,,"     ",3.60,16.81,5.70
532,444702516,"00532M07:35:08.238","00532 07:48:12",202.96,895.14,,,,"     ",3.60,16.73,5.67
532,444702517,"00532M07:35:09.211","00532 07:48:13",202.99,895.11,,,,"     ",3.60,16.91,5.73
532,444702518,"00532M07:35:10.185","00532 07:48:14",203.05,895.03,,,,"     ",3.60,16.79,5.68
532,444702519,"00532M07:35:11.158","00532 07:48:15",203.13,895.07,,,,"     ",3.60,16.84,5.70
532,444702520,"00532M07:35:12.131","00532 07:48:16",203.21,895.11,,,,"     ",3.60,16.76,5.67
532,444702521,"00532M07:35:13.104","00532 07:48:17",203.29,895.12,,,,"     ",3.60,16.83,5.69
532,444702522,"00532M07:35:14.078","00532 07:48:18",203.34,895.10,,,,"     ",3.60,16.84,5.69
532,444702523,"00532M07:35:15.051","00532 07:48:19",203.37,895.17,,,,"     ",3.60,16.82,5.67
532,444702524,"00532M07:35:16.024","00532 07:48:20",203.37,895.07,,,,"     ",3.60,16.86,5.68
532,444702525,"00532M07:35:16.997","00532 07:48:21",203.34,895.07,,,,"     ",3.60,16.92,5.70
532,444702526,"00532M07:35:17.971","00532 07:48:22",203.29,895.10,,,,"     ",3.60,16.94,5.70
532,444702527,"00532M07:35:18.944","00532 07:48:23",203.24,895.09,,,,"     ",3.60,16.92,5.69
532,444702528,"00532M07:35:19.917","00532 07:48:24",203.20,895.19,,,,"     ",3.60,16.90,5.69
532,444702529,"00532M07:35:20.890","00532 07:48:25",203.17,895.11,,,,"     ",3.60,16.95,5.70
532,444702530,"00532M07:35:21.864","00532 07:48:26",203.14,894.99,,,,"     ",3.60,16.81,5.64
532,444702531,"00532M07:35:22.837","00532 07:48:27",203.12,895.04,,,,"     ",3.60,16.84,5.65
532,444702532,"00532M07:35:23.810","00532 07:48:28",203.12,895.05,,,,"     ",3.60,16.85,5.65
532,444702533,"00532M07:35:24.783","00532 07:48:29",203.13,895.07,,,,"     ",3.60,17.00,5.70
532,444702534,"00532M07:35:25.757","00532 07:48:30",203.17,895.10,,,,"     ",3.60,16.93,5.67
532,444702535,"00532M07:35:26.730","00532 07:48:31",203.22,895.22,,,,"     ",3.60,16.88,5.65
532,444702536,"00532M07:35:27.703","00532 07:48:31",203.30,895.13,,,,"     ",3.60,16.90,5.65
532,444702537,"00532M07:35:28.676","00532 07:48:32",203.39,895.05,,,,"     ",3.60,16.85,5.63
532,444702538,"00532M07:35:29.650","00532 07:48:33",203.47,895.01,,,,"     ",3.60,16.93,5.66
532,444702539,"00532M07:35:30.623","00532 07:48:34",203.53,895.07,,,,"     ",3.60,16.95,5.67
532,444702540,"00532M07:35:31.596","00532 07:48:35",203.56,895.07,,,,"     ",3.60,17.00,5.68
532,444702541,"00532M07:35:32.569","00532 07:48:36",203.50,895.03,,,,"     ",3.60,17.00,5.67
532,444702542,"00532M07:35:33.543","00532 07:48:37",203.41,895.03,,,,"     ",3.60,16.98,5.66
532,444702543,"00532M07:35:34.516","00532 07:48:38",203.36,895.02,,,,"     ",3.60,16.98,5.66
532,444702544,"00532M07:35:35.489","00532 07:48:39",203.33,895.10,,,,"     ",3.60,17.07,5.69
532,444702545,"00532M07:35:36.462","00532 07:48:40",203.30,895.11,,,,"     ",3.60,17.00,5.66
532,444702546,"00532M07:35:37.436","00532 07:48:41",203.29,895.10,,,,"     ",3.60,17.03,5.67
532,444702547,"00532M07:35:38.409","00532 07:48:42",203.29,895.12,,,,"     ",3.60,17.11,5.69
532,444702548,"00532M07:35:39.382","00532 07:48:43",203.29,895.05,,,,"     ",3.60,17.03,5.66
532,444702549,"00532M07:35:40.355","00532 07:48:44",203.30,895.09,,,,"     ",3.60,17.10,5.68
532,444702550,"00532M07:35:41.329","00532 07:48:45",203.31,895.00,,,,"     ",3.60,16.97,5.63
532,444702551,"00532M07:35:42.302","00532 07:48:46",203.34,895.08,,,,"     ",3.60,17.09,5.67
532,444702552,"00532M07:35:43.275","00532 07:48:47",203.37,895.03,,,,"     ",3.60,17.03,5.65
532,444702553,"00532M07:35:44.248","00532 07:48:48",203.41,895.05,,,,"     ",3.60,17.05,5.65
532,444702554,"00532M07:35:45.222","00532 07:48:49",203.47,895.08,,,,"     ",3.60,17.20,5.70
532,444702555,"00532M07:35:46.195","00532 07:48:50",203.56,895.10,,,,"     ",3.60,17.19,5.69
532,444702556,"00532M07:35:47.168","00532 07:48:51",203.49,895.11,,,,"     ",3.60,17.04,5.64
532,444702557,"00532M07:35:48.141","00532 07:48:52",203.44,895.10,,,,"     ",3.60,16.99,5.62
532,444702558,"00532M07:35:49.115","00532 07:48:53",203.39,895.09,,,,"     ",3.60,17.16,5.68
532,444702559,"00532M07:35:50.088","00532 07:48:54",203.34,895.12,,,,"     ",3.60,17.16,5.67
532,444702560,"00532M07:35:51.061","00532 07:48:55",203.31,895.12,,,,"     ",3.60,17.15,5.67
532,444702561,"00532M07:35:52.034","00532 07:48:56",203.28,895.06,,,,"     ",3.60,17.20,5.68
532,444702562,"00532M07:35:53.008","00532 07:48:57",203.26,895.18,,,,"     ",3.60,17.07,5.63
532,444702563,"00532M07:35:53.981","00532 07:48:58",203.25,895.14,,,,"     ",3.60,17.19,5.67
532,444702564,"00532M07:35:54.954","00532 07:48:59",203.24,895.07,,,,"     ",3.60,17.23,5.68
532,444702565,"00532M07:35:55.928","00532 07:49:00",203.24,895.16,,,,"     ",3.60,17.10,5.63
532,444702566,"00532M07:35:56.901","00532 07:49:01",203.25,895.13,,,,"     ",3.60,17.14,5.64
532,444702567,"00532M07:35:57.874","00532 07:49:02",203.26,895.16,,,,"     ",3.60,17.15,5.64
532,444702568,"00532M07:35:58.847","00532 07:49:03",203.28,895.12,,,,"     ",3.60,17.29,5.69
532,444702569,"00532M07:35:59.821","00532 07:49:04",203.31,895.11,,,,"     ",3.60,17.18,5.65
532,444702570,"00532M07:36:00.794","00532 07:49:05",203.34,895.17,,,,"     ",3.60,17.30,5.69
532,444702571,"00532M07:36:01.767","00532 07:49:06",203.38,895.06,,,,"     ",3.60,17.28,5.68
532,444702572,"00532M07:36:02.740","00532 07:49:07",203.43,895.13,,,,"     ",3.60,17.13,5.62
532,444702573,"00532M07:36:03.714","00532 07:49:08",203.49,894.95,,,,"     ",3.60,17.26,5.66
532,444702574,"00532M07:36:04.687","00532 07:49:08",203.57,894.98,,,,"     ",3.60,16.87,5.53
532,444702575,"00532M07:36:05.660","00532 07:49:09",203.64,895.07,,,,"     ",3.60,17.26,5.66
532,444702576,"00532M07:36:06.633","00532 07:49:10",203.72,895.06,,,,"     ",3.60,17.33,5.68
532,444702577,"00532M07:36:07.607","00532 07:49:11",203.78,895.10,,,,"     ",3.60,17.33,5.67
532,444702578,"00532M07:36:08.580","00532 07:49:12",203.84,895.17,,,,"     ",3.60,17.18,5.62
532,444702579,"00532M07:36:09.553","00532 07:49:13",203.89,895.04,,,,"     ",3.60,17.36,5.68
532,444702580,"00532M07:36:10.526","00532 07:49:14",203.93,895.06,,,,"     ",3.60,17.36,5.68
532,444702581,"00532M07:36:11.500","00532 07:49:15",203.95,895.10,,,,"     ",3.60,17.27,5.64
532,444702582,"00532M07:36:12.473","00532 07:49:16",203.97,895.07,,,,"     ",3.60,17.26,5.64
532,444702583,"00532M07:36:13.446","00532 07:49:17",203.98,895.12,,,,"     ",3.60,17.23,5.62
532,444702584,"00532M07:36:14.419","00532 07:49:18",203.97,895.07,,,,"     ",3.60,17.35,5.66
532,444702585,"00532M07:36:15.393","00532 07:49:19",203.95,895.00,,,,"     ",3.60,17.34,5.65
532,444702586,"00532M07:36:16.366","00532 07:49:20",203.91,894.98,,,,"     ",3.60,17.39,5.67
532,444702587,"00532M07:36:17.339","00532 07:49:21",203.87,895.11,,,,"     ",3.60,17.30,5.64
532,444702588,"00532M07:36:18.312","00532 07:49:22",203.83,895.11,,,,"     ",3.60,17.23,5.61
532,444702589,"00532M07:36:19.286","00532 07:49:23",203.79,895.13,,,,"     ",3.60,17.45,5.68
532,444702590,"00532M07:36:20.259","00532 07:49:24",203.76,895.11,,,,"     ",3.60,17.29,5.63
532,444702591,"00532M07:36:21.232","00532 07:49:25",203.74,895.05,,,,"     ",3.60,17.41,5.66
532,444702592,"00532M07:36:22.205","00532 07:49:26",203.73,895.06,,,,"     ",3.60,17.29,5.62
532,444702593,"00532M07:36:23.179","00532 07:49:27",203.73,895.01,,,,"     ",3.60,17.52,5.69
532,444702594,"00532M07:36:24.152","00532 07:49:28",203.73,895.02,,,,"     ",3.60,17.43,5.66
532,444702595,"00532M07:36:25.125","00532 07:49:29",203.75,895.09,,,,"     ",3.60,17.45,5.67
532,444702596,"00532M07:36:26.098","00532 07:49:30",203.76,895.09,,,,"     ",3.60,17.25,5.60
532,444702597,"00532M07:36:27.072","00532 07:49:31",203.77,895.08,,,,"     ",3.60,17.48,5.67
532,444702598,"00532M07:36:28.045","00532 07:49:32",203.78,895.06,,,,"     ",3.60,17.33,5.62
532,444702599,"00532M07:36:29.018","00532 07:49:33",203.78,895.04,,,,"     ",3.60,17.33,5.62
532,444702600,"00532M07:36:29.991","00532 07:49:34",203.79,895.05,,,,"     ",3.60,17.40,5.64
532,444702601,"00532M07:36:30.965","00532 07:49:35",203.79,895.02,,,,"     ",3.60,17.42,5.64
532,444702602,"00532M07:36:31.938","00532 07:49:36",203.78,895.03,,,,"     ",3.60,17.49,5.66
532,444702603,"00532M07:36:32.911","00532 07:49:37",203.77,895.05,,,,"     ",3.60,17.26,5.58
532,444702604,"00532M07:36:33.884","00532 07:49:38",203.76,895.02,,,,"     ",3.60,17.36,5.61
532,444702605,"00532M07:36:34.858","00532 07:49:39",203.74,894.99,,,,"     ",3.60,17.35,5.61
532,444702606,"00532M07:36:35.831","00532 07:49:40",203.73,895.02,,,,"     ",3.60,17.49,5.65
532,444702607,"00532M07:36:36.804","00532 07:49:41",203.70,895.04,,,,"     ",3.60,17.47,5.64
532,444702608,"00532M07:36:37.777","00532 07:49:42",203.68,895.02,,,,"     ",3.60,17.30,5.59
532,444702609,"00532M07:36:38.751","00532 07:49:43",203.66,895.03,,,,"     ",3.60,17.42,5.62
532,444702610,"00532M07:36:39.724","00532 07:49:44",203.63,894.99,,,,"     ",3.60,17.40,5.62
532,444702611,"00532M07:36:40.697","00532 07:49:44",203.61,894.98,,,,"     ",3.60,17.50,5.64
532,444702612,"00532M07:36:41.670","00532 07:49:45",203.59,895.03,,,,"     ",3.60,17.39,5.61
532,444702613,"00532M07:36:42.644","00532 07:49:46",203.59,895.05,,,,"     ",3.60,17.35,5.59
532,444702614,"00532M07:36:43.617","00532 07:49:47",203.59,895.03,,,,"     ",3.60,17.46,5.62
532,444702615,"00532M07:36:44.590","00532 07:49:48",203.60,895.00,,,,"     ",3.60,17.42,5.61
532,444702616,"00532M07:36:45.563","00532 07:49:49",203.63,894.97,,,,"     ",3.60,17.46,5.62
532,444702617,"00532M07:36:46.537","00532 07:49:50",203.67,895.01,,,,"     ",3.60,17.41,5.60
532,444702618,"00532M07:36:47.510","00532 07:49:51",203.71,895.05,,,,"     ",3.60,17.49,5.63
532,444702619,"00532M07:36:48.483","00532 07:49:52",203.76,895.01,,,,"     ",3.60,17.44,5.61
532,444702620,"00532M07:36:49.456","00532 07:49:53",203.81,895.02,,,,"     ",3.60,17.41,5.60
532,444702621,"00532M07:36:50.430","00532 07:49:54",203.85,895.07,,,,"     ",3.60,17.49,5.62
532,444702622,"00532M07:36:51.403","00532 07:49:55",203.87,895.01,,,,"     ",3.60,17.38,5.58
532,444702623,"00532M07:36:52.376","00532 07:49:56",203.89,895.03,,,,"     ",3.60,17.32,5.56
532,444702624,"00532M07:36:53.349","00532 07:49:57",203.89,895.07,,,,"     ",3.60,17.45,5.60
532,444702625,"00532M07:36:54.323","00532 07:49:58",203.89,895.07,,,,"     ",3.60,17.41,5.59
532,444702626,"00532M07:36:55.296","00532 07:49:59",203.88,895.02,,,,"     ",3.60,17.42,5.59
532,444702627,"00532M07:36:56.269","00532 07:50:00",203.86,894.94,,,,"     ",3.60,17.35,5.57
532,444702628,"00532M07:36:57.242","00532 07:50:01",203.86,895.03,,,,"     ",3.60,17.38,5.57
532,444702629,"00532M07:36:58.216","00532 07:50:02",203.85,895.02,,,,"     ",3.60,17.35,5.56
532,444702630,"00532M07:36:59.189","00532 07:50:03",203.84,895.03,,,,"     ",3.60,17.39,5.57
532,444702631,"00532M07:37:00.162","00532 07:50:04",203.84,894.91,,,,"     ",3.60,17.48,5.60
532,444702632,"00532M07:37:01.135","00532 07:50:05",203.83,894.96,,,,"     ",3.60,17.44,5.59
532,444702633,"00532M07:37:02.109","00532 07:50:06",203.82,894.96,,,,"     ",3.60,17.38,5.57
532,444702634,"00532M07:37:03.082","00532 07:50:07",203.81,895.01,,,,"     ",3.60,17.54,5.62
532,444702635,"00532M07:37:04.055","00532 07:50:08",203.78,895.10,,,,"     ",3.60,17.57,5.63
532,444702636,"00532M07:37:05.029","00532 07:50:09",203.75,895.06,,,,"     ",3.60,17.50,5.60
532,444702637,"00532M07:37:06.002","00532 07:50:10",203.71,895.06,,,,"     ",3.60,17.49,5.60
532,444702638,"00532M07:37:06.975","00532 07:50:11",203.66,894.93,,,,"     ",3.60,17.55,5.61
532,444702639,"00532M07:37:07.948","00532 07:50:12",203.62,894.97,,,,"     ",3.60,17.62,5.64
532,444702640,"00532M07:37:08.922","00532 07:50:13",203.57,894.99,,,,"     ",3.60,17.52,5.60
532,444702641,"00532M07:37:09.895","00532 07:50:14",203.54,895.05,,,,"     ",3.60,17.44,5.58
532,444702642,"00532M07:37:10.868","00532 07:50:15",203.51,895.00,,,,"     ",3.60,17.62,5.63
532,444702643,"00532M07:37:11.841","00532 07:50:16",203.49,895.01,,,,"     ",3.60,17.62,5.63
532,444702644,"00532M07:37:12.815","00532 07:50:17",203.47,894.99,,,,"     ",3.60,17.67,5.64
532,444702645,"00532M07:37:13.788","00532 07:50:18",203.47,895.03,,,,"     ",3.60,17.67,5.65
532,444702646,"00532M07:37:14.761","00532 07:50:19",203.48,895.02,,,,"     ",3.60,17.51,5.59
532,444702647,"00532M07:37:15.734","00532 07:50:20",203.49,895.00,,,,"     ",3.60,17.63,5.63
532,444702648,"00532M07:37:16.708","00532 07:50:21",203.49,895.00,,,,"     ",3.60,17.60,5.62
532,444702649,"00532M07:37:17.681","00532 07:50:21",203.49,895.06,,,,"     ",3.60,17.57,5.61
532,444702650,"00532M07:37:18.654","00532 07:50:22",203.48,895.01,,,,"     ",3.60,17.60,5.61
532,444702651,"00532M07:37:19.627","00532 07:50:23",203.47,895.04,,,,"     ",3.60,17.55,5.60
532,444702652,"00532M07:37:20.601","00532 07:50:24",203.46,895.02,,,,"     ",3.60,17.59,5.61
532,444702653,"00532M07:37:21.574","00532 07:50:25",203.45,894.92,,,,"     ",3.60,17.52,5.58
532,444702654,"00532M07:37:22.547","00532 07:50:26",203.45,894.97,,,,"     ",3.60,17.58,5.60
532,444702655,"00532M07:37:23.520","00532 07:50:27",203.45,894.94,,,,"     ",3.60,17.63,5.62
532,444702656,"00532M07:37:24.494","00532 07:50:28",203.46,894.91,,,,"     ",3.60,17.63,5.62
532,444702657,"00532M07:37:25.467","00532 07:50:29",203.47,895.00,,,,"     ",3.60,17.68,5.63
532,444702658,"00532M07:37:26.440","00532 07:50:30",203.48,895.01,,,,"     ",3.60,17.71,5.64
532,444702659,"00532M07:37:27.413","00532 07:50:31",203.49,895.01,,,,"     ",3.60,17.63,5.61
532,444702660,"00532M07:37:28.387","00532 07:50:32",203.48,895.04,,,,"     ",3.60,17.64,5.61
532,444702661,"00532M07:37:29.360","00532 07:50:33",203.47,894.99,,,,"     ",3.60,17.69,5.63
532,444702662,"00532M07:37:30.333","00532 07:50:34",203.46,895.05,,,,"     ",3.60,17.76,5.65
532,444702663,"00532M07:37:31.306","00532 07:50:35",203.44,895.06,,,,"     ",3.60,17.65,5.61
532,444702664,"00532M07:37:32.280","00532 07:50:36",203.42,895.00,,,,"     ",3.60,17.69,5.63
532,444702665,"00532M07:37:33.253","00532 07:50:37",203.42,895.01,,,,"     ",3.60,17.65,5.61
532,444702666,"00532M07:37:34.226","00532 07:50:38",203.43,894.95,,,,"     ",3.60,17.65,5.61
532,444702667,"00532M07:37:35.199","00532 07:50:39",203.45,895.05,,,,"     ",3.60,17.86,5.68
532,444702668,"00532M07:37:36.173","00532 07:50:40",203.50,895.06,,,,"     ",3.60,17.68,5.62
532,444702669,"00532M07:37:37.146","00532 07:50:41",203.55,895.04,,,,"     ",3.60,17.67,5.62
532,444702670,"00532M07:37:38.119","00532 07:50:42",203.61,895.03,,,,"     ",3.60,17.64,5.60
532,444702671,"00532M07:37:39.092","00532 07:50:43",203.65,895.01,,,,"     ",3.60,17.81,5.66
532,444702672,"00532M07:37:40.066","00532 07:50:44",203.70,895.02,,,,"     ",3.60,17.67,5.61
532,444702673,"00532M07:37:41.039","00532 07:50:45",203.72,894.98,,,,"     ",3.60,17.74,5.63
532,444702674,"00532M07:37:42.012","00532 07:50:46",203.75,894.99,,,,"     ",3.60,17.75,5.63
532,444702675,"00532M07:37:42.985","00532 07:50:47",203.75,894.98,,,,"     ",3.60,17.79,5.65
532,444702676,"00532M07:37:43.959","00532 07:50:48",203.74,895.00,,,,"     ",3.60,17.66,5.60
532,444702677,"00532M07:37:44.932","00532 07:50:49",203.72,894.91,,,,"     ",3.60,17.69,5.61
532,444702678,"00532M07:37:45.905","00532 07:50:50",203.70,894.95,,,,"     ",3.60,17.67,5.60
532,444702679,"00532M07:37:46.878","00532 07:50:51",203.66,894.94,,,,"     ",3.60,17.77,5.63
532,444702680,"00532M07:37:47.852","00532 07:50:52",203.62,894.96,,,,"     ",3.60,17.79,5.64
532,444702681,"00532M07:37:48.825","00532 07:50:53",203.58,894.95,,,,"     ",3.60,17.73,5.62
532,444702682,"00532M07:37:49.798","00532 07:50:54",203.54,894.90,,,,"     ",3.60,17.83,5.65
532,444702683,"00532M07:37:50.771","00532 07:50:55",203.51,894.89,,,,"     ",3.60,17.87,5.66
532,444702684,"00532M07:37:51.745","00532 07:50:56",203.48,894.83,,,,"     ",3.60,17.95,5.68
532,444702685,"00532M07:37:52.718","00532 07:50:57",203.46,895.07,,,,"     ",3.60,17.79,5.63
532,444702686,"00532M07:37:53.691","00532 07:50:57",203.44,895.04,,,,"     ",3.60,17.85,5.65
532,444702687,"00532M07:37:54.664","00532 07:50:58",203.42,894.98,,,,"     ",3.60,17.76,5.62
532,444702688,"00532M07:37:55.638","00532 07:50:59",203.42,894.98,,,,"     ",3.60,17.81,5.63
532,444702689,"00532M07:37:56.611","00532 07:51:00",203.42,894.82,,,,"     ",3.60,17.78,5.62
532,444702690,"00532M07:37:57.584","00532 07:51:01",203.44,894.90,,,,"     ",3.60,17.75,5.61
532,444702691,"00532M07:37:58.557","00532 07:51:02",203.47,894.96,,,,"     ",3.60,17.78,5.62
532,444702692,"00532M07:37:59.531","00532 07:51:03",203.52,895.01,,,,"     ",3.60,17.85,5.64
532,444702693,"00532M07:38:00.504","00532 07:51:04",203.57,895.01,,,,"     ",3.60,17.82,5.63
532,444702694,"00532M07:38:01.477","00532 07:51:05",203.62,895.05,,,,"     ",3.60,17.79,5.62
532,444702695,"00532M07:38:02.450","00532 07:51:06",203.67,895.04,,,,"     ",3.60,17.96,5.67
532,444702696,"00532M07:38:03.424","00532 07:51:07",203.70,894.99,,,,"     ",3.60,17.85,5.63
532,444702697,"00532M07:38:04.397","00532 07:51:08",203.72,894.98,,,,"     ",3.60,17.83,5.63
532,444702698,"00532M07:38:05.370","00532 07:51:09",203.73,895.01,,,,"     ",3.60,17.93,5.66
532,444702699,"00532M07:38:06.343","00532 07:51:10",203.74,895.11,,,,"     ",3.60,17.86,5.64
532,444702700,"00532M07:38:07.317","00532 07:51:11",203.73,895.08,,,,"     ",3.60,17.73,5.59
532,444702701,"00532M07:38:08.290","00532 07:51:12",203.73,895.02,,,,"     ",3.60,18.02,5.68
532,444702702,"00532M07:38:09.263","00532 07:51:13",203.71,895.08,,,,"     ",3.60,17.80,5.61
532,444702703,"00532M07:38:10.236","00532 07:51:14",203.69,894.97,,,,"     ",3.60,17.91,5.65
532,444702704,"00532M07:38:11.210","00532 07:51:15",203.66,895.04,,,,"     ",3.60,17.95,5.66
532,444702705,"00532M07:38:12.183","00532 07:51:16",203.62,894.97,,,,"     ",3.60,17.95,5.65
532,444702706,"00532M07:38:13.156","00532 07:51:17",203.56,894.98,,,,"     ",3.60,17.94,5.65
532,444702707,"00532M07:38:14.130","00532 07:51:18",203.49,894.87,,,,"     ",3.60,18.00,5.67
532,444702708,"00532M07:38:15.103","00532 07:51:19",203.41,894.93,,,,"     ",3.60,17.91,5.64
532,444702709,"00532M07:38:16.076","00532 07:51:20",203.34,894.92,,,,"     ",3.60,18.07,5.69
532,444702710,"00532M07:38:17.049","00532 07:51:21",203.27,894.97,,,,"     ",3.60,18.01,5.67
532,444702711,"00532M07:38:18.023","00532 07:51:22",203.21,894.92,,,,"     ",3.60,18.06,5.68
532,444702712,"00532M07:38:18.996","00532 07:51:23",203.16,894.99,,,,"     ",3.60,18.05,5.68
532,444702713,"00532M07:38:19.969","00532 07:51:24",203.12,894.93,,,,"     ",3.60,17.99,5.66
532,444702714,"00532M07:38:20.942","00532 07:51:25",203.09,894.94,,,,"     ",3.60,17.98,5.65
532,444702715,"00532M07:38:21.916","00532 07:51:26",203.06,894.93,,,,"     ",3.60,18.03,5.67
532,444702716,"00532M07:38:22.889","00532 07:51:27",203.04,894.97,,,,"     ",3.60,18.03,5.67
532,444702717,"00532M07:38:23.862","00532 07:51:28",203.00,895.00,,,,"     ",3.60,17.97,5.64
532,444702718,"00532M07:38:24.835","00532 07:51:29",202.98,895.01,,,,"     ",3.60,17.99,5.65
532,444702719,"00532M07:38:25.809","00532 07:51:30",202.95,894.97,,,,"     ",3.60,18.06,5.67
532,444702720,"00532M07:38:26.782","00532 07:51:31",202.93,894.97,,,,"     ",3.60,18.00,5.65
532,444702721,"00532M07:38:27.755","00532 07:51:32",202.93,895.01,,,,"     ",3.60,17.93,5.63
532,444702722,"00532M07:38:28.728","00532 07:51:33",202.92,894.98,,,,"     ",3.60,18.14,5.69
532,444702723,"00532M07:38:29.702","00532 07:51:34",202.92,895.08,,,,"     ",3.60,17.97,5.64
532,444702724,"00532M07:38:30.675","00532 07:51:34",202.93,895.08,,,,"     ",3.60,17.99,5.64
532,444702725,"00532M07:38:31.648","00532 07:51:35",202.95,895.07,,,,"     ",3.60,17.98,5.64
532,444702726,"00532M07:38:32.621","00532 07:51:36",202.97,895.02,,,,"     ",3.60,17.95,5.63
532,444702727,"00532M07:38:33.595","00532 07:51:37",202.99,894.98,,,,"     ",3.60,17.98,5.63
532,444702728,"00532M07:38:34.568","00532 07:51:38",203.03,894.88,,,,"     ",3.60,17.98,5.63
532,444702729,"00532M07:38:35.541","00532 07:51:39",203.07,894.97,,,,"     ",3.60,17.96,5.62
532,444702730,"00532M07:38:36.514","00532 07:51:40",203.11,895.07,,,,"     ",3.60,18.04,5.65
532,444702731,"00532M07:38:37.488","00532 07:51:41",203.14,895.02,,,,"     ",3.60,18.04,5.65
532,444702732,"00532M07:38:38.461","00532 07:51:42",203.15,895.03,,,,"     ",3.60,18.02,5.64
532,444702733,"00532M07:38:39.434","00532 07:51:43",203.17,895.00,,,,"     ",3.60,18.04,5.65
532,444702734,"00532M07:38:40.407","00532 07:51:44",203.18,894.99,,,,"     ",3.60,18.11,5.67
532,444702735,"00532M07:38:41.381","00532 07:51:45",203.19,894.96,,,,"     ",3.60,18.06,5.65
532,444702736,"00532M07:38:42.354","00532 07:51:46",203.20,894.97,,,,"     ",3.60,18.15,5.67
532,444702737,"00532M07:38:43.327","00532 07:51:47",203.23,894.87,,,,"     ",3.60,18.13,5.67
532,444702738,"00532M07:38:44.300","00532 07:51:48",203.25,894.91,,,,"     ",3.60,18.14,5.67
532,444702739,"00532M07:38:45.274","00532 07:51:49",203.29,894.87,,,,"     ",3.60,18.16,5.67
532,444702740,"00532M07:38:46.247","00532 07:51:50",203.34,894.87,,,,"     ",3.60,18.12,5.66
532,444702741,"00532M07:38:47.220","00532 07:51:51",203.38,894.96,,,,"     ",3.60,18.05,5.64
532,444702742,"00532M07:38:48.193","00532 07:51:52",203.42,894.96,,,,"     ",3.60,18.11,5.65
532,444702743,"00532M07:38:49.167","00532 07:51:53",203.46,894.94,,,,"     ",3.60,18.19,5.67
532,444702744,"00532M07:38:50.140","00532 07:51:54",203.48,894.98,,,,"     ",3.60,18.08,5.64
532,444702745,"00532M07:38:51.113","00532 07:51:55",203.49,895.02,,,,"     ",3.60,18.07,5.64
532,444702746,"00532M07:38:52.086","00532 07:51:56",203.50,894.97,,,,"     ",3.60,18.15,5.66
532,444702747,"00532M07:38:53.060","00532 07:51:57",203.48,895.02,,,,"     ",3.60,18.08,5.64
532,444702748,"00532M07:38:54.033","00532 07:51:58",203.46,895.00,,,,"     ",3.60,18.13,5.65
532,444702749,"00532M07:38:55.006","00532 07:51:59",203.42,894.99,,,,"     ",3.60,18.06,5.63
532,444702750,"00532M07:38:55.979","00532 07:52:00",203.39,895.00,,,,"     ",3.60,18.11,5.64
532,444702751,"00532M07:38:56.953","00532 07:52:01",203.35,895.04,,,,"     ",3.60,18.02,5.62
532,444702752,"00532M07:38:57.926","00532 07:52:02",203.30,894.99,,,,"     ",3.60,18.20,5.67
532,444702753,"00532M07:38:58.899","00532 07:52:03",203.25,895.02,,,,"     ",3.60,18.16,5.66
532,444702754,"00532M07:38:59.872","00532 07:52:04",203.20,895.02,,,,"     ",3.60,18.07,5.63
532,444702755,"00532M07:39:00.846","00532 07:52:05",203.14,895.07,,,,"     ",3.60,18.13,5.65
532,444702756,"00532M07:39:01.819","00532 07:52:06",203.08,894.98,,,,"     ",3.60,18.29,5.69
532,444702757,"00532M07:39:02.792","00532 07:52:07",203.01,894.92,,,,"     ",3.60,18.19,5.66
532,444702758,"00532M07:39:03.765","00532 07:52:08",202.95,894.89,,,,"     ",3.60,18.14,5.64
532,444702759,"00532M07:39:04.739","00532 07:52:09",202.88,894.91,,,,"     ",3.60,18.12,5.63
532,444702760,"00532M07:39:05.712","00532 07:52:10",202.83,894.88,,,,"     ",3.60,18.20,5.66
532,444702761,"00532M07:39:06.685","00532 07:52:10",202.78,894.96,,,,"     ",3.60,18.17,5.65
532,444702762,"00532M07:39:07.658","00532 07:52:11",202.74,894.91,,,,"     ",3.60,18.30,5.69
532,444702763,"00532M07:39:08.632","00532 07:52:12",202.73,894.94,,,,"     ",3.60,18.28,5.68
532,444702764,"00532M07:39:09.605","00532 07:52:13",202.73,894.92,,,,"     ",3.60,18.17,5.64
532,444702765,"00532M07:39:10.578","00532 07:52:14",202.75,894.91,,,,"     ",3.60,18.24,5.66
532,444702766,"00532M07:39:11.551","00532 07:52:15",202.79,894.85,,,,"     ",3.60,18.16,5.64
532,444702767,"00532M07:39:12.525","00532 07:52:16",202.84,894.98,,,,"     ",3.60,18.31,5.68
532,444702768,"00532M07:39:13.498","00532 07:52:17",202.90,895.00,,,,"     ",3.60,18.32,5.68
532,444702769,"00532M07:39:14.471","00532 07:52:18",202.96,894.93,,,,"     ",3.60,18.21,5.65
532,444702770,"00532M07:39:15.444","00532 07:52:19",203.02,894.95,,,,"     ",3.60,18.23,5.65
532,444702771,"00532M07:39:16.418","00532 07:52:20",203.08,894.97,,,,"     ",3.60,18.32,5.68
532,444702772,"00532M07:39:17.391","00532 07:52:21",203.11,895.01,,,,"     ",3.60,18.30,5.67
532,444702773,"00532M07:39:18.364","00532 07:52:22",203.15,894.98,,,,"     ",3.60,18.28,5.67
532,444702774,"00532M07:39:19.337","00532 07:52:23",203.17,894.94,,,,"     ",3.60,18.26,5.65
532,444702775,"00532M07:39:20.311","00532 07:52:24",203.20,894.89,,,,"     ",3.60,18.32,5.67
532,444702776,"00532M07:39:21.284","00532 07:52:25",203.21,894.94,,,,"     ",3.60,18.34,5.68
532,444702777,"00532M07:39:22.257","00532 07:52:26",203.23,894.95,,,,"     ",3.60,18.39,5.69
532,444702778,"00532M07:39:23.231","00532 07:52:27",203.25,894.98,,,,"     ",3.60,18.41,5.70
532,444702779,"00532M07:39:24.204","00532 07:52:28",203.26,894.89,,,,"     ",3.60,18.30,5.66
532,444702780,"00532M07:39:25.177","00532 07:52:29",203.26,894.93,,,,"     ",3.60,18.53,5.73
532,444702781,"00532M07:39:26.150","00532 07:52:30",203.26,894.94,,,,"     ",3.60,18.41,5.69
532,444702782,"00532M07:39:27.124","00532 07:52:31",203.25,894.84,,,,"     ",3.60,18.33,5.66
532,444702783,"00532M07:39:28.097","00532 07:52:32",203.22,894.95,,,,"     ",3.60,18.41,5.69
532,444702784,"00532M07:39:29.070","00532 07:52:33",203.19,894.96,,,,"     ",3.60,18.43,5.69
532,444702785,"00532M07:39:30.043","00532 07:52:34",203.15,895.00,,,,"     ",3.60,18.33,5.66
532,444702786,"00532M07:39:31.017","00532 07:52:35",203.12,894.97,,,,"     ",3.60,18.52,5.72
532,444702787,"00532M07:39:31.990","00532 07:52:36",203.09,894.95,,,,"     ",3.60,18.39,5.68
532,444702788,"00532M07:39:32.963","00532 07:52:37",203.04,894.93,,,,"     ",3.60,18.44,5.69
532,444702789,"00532M07:39:33.936","00532 07:52:38",203.00,895.03,,,,"     ",3.60,18.48,5.70
532,444702790,"00532M07:39:34.910","00532 07:52:39",202.95,895.00,,,,"     ",3.60,18.44,5.69
532,444702791,"00532M07:39:35.883","00532 07:52:40",202.90,894.98,,,,"     ",3.60,18.47,5.70
532,444702792,"00532M07:39:36.856","00532 07:52:41",202.86,895.01,,,,"     ",3.60,18.40,5.67
532,444702793,"00532M07:39:37.829","00532 07:52:42",202.81,894.91,,,,"     ",3.60,18.39,5.67
532,444702794,"00532M07:39:38.803","00532 07:52:43",202.78,894.94,,,,"     ",3.60,18.38,5.66
532,444702795,"00532M07:39:39.776","00532 07:52:44",202.77,894.89,,,,"     ",3.60,18.52,5.71
532,444702796,"00532M07:39:40.749","00532 07:52:45",202.76,894.86,,,,"     ",3.60,18.50,5.69
532,444702797,"00532M07:39:41.722","00532 07:52:46",202.78,894.85,,,,"     ",3.60,18.47,5.68
532,444702798,"00532M07:39:42.696","00532 07:52:47",202.81,894.94,,,,"     ",3.60,18.51,5.70
532,444702799,"00532M07:39:43.669","00532 07:52:47",202.85,894.95,,,,"     ",3.60,18.61,5.73
532,444702800,"00532M07:39:44.642","00532 07:52:48",202.89,894.99,,,,"     ",3.60,18.51,5.69
532,444702801,"00532M07:39:45.615","00532 07:52:49",202.94,894.98,,,,"     ",3.60,18.53,5.70
532,444702802,"00532M07:39:46.589","00532 07:52:50",203.00,894.93,,,,"     ",3.60,18.57,5.71
532,444702803,"00532M07:39:47.562","00532 07:52:51",203.06,894.86,,,,"     ",3.60,18.55,5.70
532,444702804,"00532M07:39:48.535","00532 07:52:52",203.11,894.94,,,,"     ",3.60,18.46,5.67
532,444702805,"00532M07:39:49.508","00532 07:52:53",203.17,895.00,,,,"     ",3.60,18.50,5.68
532,444702806,"00532M07:39:50.482","00532 07:52:54",203.22,894.97,,,,"     ",3.60,18.53,5.69
532,444702807,"00532M07:39:51.455","00532 07:52:55",203.27,894.98,,,,"     ",3.60,18.52,5.68
532,444702808,"00532M07:39:52.428","00532 07:52:56",203.31,894.93,,,,"     ",3.60,18.59,5.70
532,444702809,"00532M07:39:53.401","00532 07:52:57",203.34,894.96,,,,"     ",3.60,18.50,5.67
532,444702810,"00532M07:39:54.375","00532 07:52:58",203.36,894.93,,,,"     ",3.60,18.56,5.69
532,444702811,"00532M07:39:55.348","00532 07:52:59",203.38,895.01,,,,"     ",3.60,18.50,5.67
532,444702812,"00532M07:39:56.321","00532 07:53:00",203.38,894.95,,,,"     ",3.60,18.56,5.69
532,444702813,"00532M07:39:57.294","00532 07:53:01",203.38,895.03,,,,"     ",3.60,18.56,5.69
532,444702814,"00532M07:39:58.268","00532 07:53:02",203.37,894.94,,,,"     ",3.60,18.63,5.71
532,444702815,"00532M07:39:59.241","00532 07:53:03",203.34,894.93,,,,"     ",3.60,18.50,5.66
532,444702816,"00532M07:40:00.214","00532 07:53:04",203.31,894.97,,,,"     ",3.60,18.53,5.67
532,444702817,"00532M07:40:01.187","00532 07:53:05",203.27,894.92,,,,"     ",3.60,18.64,5.70
532,444702818,"00532M07:40:02.161","00532 07:53:06",203.24,894.83,,,,"     ",3.60,18.61,5.69
532,444702819,"00532M07:40:03.134","00532 07:53:07",203.21,894.81,,,,"     ",3.60,18.54,5.66
532,444702820,"00532M07:40:04.107","00532 07:53:08",203.19,894.90,,,,"     ",3.60,18.14,5.54
532,444702821,"00532M07:40:05.080","00532 07:53:09",203.19,894.96,,,,"     ",3.60,18.56,5.67
532,444702822,"00532M07:40:06.054","00532 07:53:10",203.20,894.95,,,,"     ",3.60,18.56,5.66
532,444702823,"00532M07:40:07.027","00532 07:53:11",203.22,895.07,,,,"     ",3.60,18.40,5.61
532,444702824,"00532M07:40:08.000","00532 07:53:12",203.26,894.97,,,,"     ",3.60,18.90,5.76
532,444702825,"00532M07:40:08.973","00532 07:53:13",203.29,894.98,,,,"     ",3.60,18.70,5.70
532,444702826,"00532M07:40:09.947","00532 07:53:14",203.33,894.89,,,,"     ",3.60,18.71,5.70
532,444702827,"00532M07:40:10.920","00532 07:53:15",203.36,894.89,,,,"     ",3.60,18.66,5.68
532,444702828,"00532M07:40:11.893","00532 07:53:16",203.40,895.04,,,,"     ",3.60,18.59,5.66
532,444702829,"00532M07:40:12.866","00532 07:53:17",203.43,895.00,,,,"     ",3.60,18.67,5.68
532,444702830,"00532M07:40:13.840","00532 07:53:18",203.47,895.00,,,,"     ",3.60,18.74,5.69
532,444702831,"00532M07:40:14.813","00532 07:53:19",203.50,895.04,,,,"     ",3.60,18.53,5.62
532,444702832,"00532M07:40:15.786","00532 07:53:20",203.54,894.98,,,,"     ",3.60,18.65,5.66
532,444702833,"00532M07:40:16.759","00532 07:53:21",203.57,894.98,,,,"     ",3.60,18.68,5.67
532,444702834,"00532M07:40:17.733","00532 07:53:22",203.61,894.99,,,,"     ",3.60,18.77,5.69
532,444702835,"00532M07:40:18.706","00532 07:53:23",203.64,894.94,,,,"     ",3.60,18.78,5.69
532,444702836,"00532M07:40:19.679","00532 07:53:23",203.67,894.94,,,,"     ",3.60,18.73,5.67
532,444702837,"00532M07:40:20.652","00532 07:53:24",203.71,894.99,,,,"     ",3.60,18.59,5.63
532,444702838,"00532M07:40:21.626","00532 07:53:25",203.74,895.03,,,,"     ",3.60,18.81,5.69
532,444702839,"00532M07:40:22.599","00532 07:53:26",203.77,894.98,,,,"     ",3.60,18.62,5.62
532,444702840,"00532M07:40:23.572","00532 07:53:27",203.79,894.92,,,,"     ",3.60,18.78,5.67
532,444702841,"00532M07:40:24.545","00532 07:53:28",203.81,894.96,,,,"     ",3.60,18.79,5.67
532,444702842,"00532M07:40:25.519","00532 07:53:29",203.82,894.95,,,,"     ",3.60,18.84,5.68
532,444702843,"00532M07:40:26.492","00532 07:53:30",203.82,894.90,,,,"     ",3.60,18.82,5.67
532,444702844,"00532M07:40:27.465","00532 07:53:31",203.81,894.91,,,,"     ",3.60,18.79,5.66
532,444702845,"00532M07:40:28.438","00532 07:53:32",203.80,894.98,,,,"     ",3.60,18.79,5.65
532,444702846,"00532M07:40:29.412","00532 07:53:33",203.80,894.97,,,,"     ",3.60,18.93,5.69
532,444702847,"00532M07:40:30.385","00532 07:53:34",203.79,894.94,,,,"     ",3.60,18.88,5.67
532,444702848,"00532M07:40:31.358","00532 07:53:35",203.79,894.86,,,,"     ",3.60,18.85,5.66
532,444702849,"00532M07:40:32.332","00532 07:53:36",203.80,894.92,,,,"     ",3.60,18.83,5.65
532,444702850,"00532M07:40:33.305","00532 07:53:37",203.81,894.94,,,,"     ",3.60,18.92,5.67
532,444702851,"00532M07:40:34.278","00532 07:53:38",203.82,894.91,,,,"     ",3.60,18.85,5.64
532,444702852,"00532M07:40:35.251","00532 07:53:39",203.83,894.93,,,,"     ",3.60,18.87,5.65
532,444702853,"00532M07:40:36.225","00532 07:53:40",203.84,894.95,,,,"     ",3.60,19.00,5.68
532,444702854,"00532M07:40:37.198","00532 07:53:41",203.86,894.92,,,,"     ",3.60,18.84,5.63
532,444702855,"00532M07:40:38.171","00532 07:53:42",203.87,894.98,,,,"     ",3.60,19.02,5.68
532,444702856,"00532M07:40:39.144","00532 07:53:43",203.89,894.92,,,,"     ",3.60,18.94,5.65
532,444702857,"00532M07:40:40.118","00532 07:53:44",203.91,894.92,,,,"     ",3.60,18.99,5.66
532,444702858,"00532M07:40:41.091","00532 07:53:45",203.93,895.00,,,,"     ",3.60,18.96,5.65
532,444702859,"00532M07:40:42.064","00532 07:53:46",203.96,894.88,,,,"     ",3.60,18.86,5.61
532,444702860,"00532M07:40:43.037","00532 07:53:47",203.98,894.93,,,,"     ",3.60,19.00,5.65
532,444702861,"00532M07:40:44.011","00532 07:53:48",204.00,894.86,,,,"     ",3.60,19.03,5.66
532,444702862,"00532M07:40:44.984","00532 07:53:49",204.03,894.96,,,,"     ",3.60,19.05,5.66
532,444702863,"00532M07:40:45.957","00532 07:53:50",203.74,894.93,,,,"     ",3.60,18.90,5.61
532,444702864,"00532M07:40:46.930","00532 07:53:51",203.79,894.90,,,,"     ",3.60,18.94,5.62
532,444702865,"00532M07:40:47.904","00532 07:53:52",203.83,895.00,,,,"     ",3.60,19.00,5.63
532,444702866,"00532M07:40:48.877","00532 07:53:53",203.86,894.96,,,,"     ",3.60,18.99,5.63
532,444702867,"00532M07:40:49.850","00532 07:53:54",203.89,895.04,,,,"     ",3.60,19.00,5.63
532,444702868,"00532M07:40:50.823","00532 07:53:55",203.92,895.01,,,,"     ",3.60,19.13,5.66
532,444702869,"00532M07:40:51.797","00532 07:53:56",203.94,895.00,,,,"     ",3.60,19.02,5.62
532,444702870,"00532M07:40:52.770","00532 07:53:57",203.95,894.94,,,,"     ",3.60,19.10,5.64
532,444702871,"00532M07:40:53.743","00532 07:53:58",203.96,895.00,,,,"     ",3.60,19.09,5.64
532,444702872,"00532M07:40:54.716","00532 07:53:59",203.97,894.95,,,,"     ",3.60,18.99,5.60
532,444702873,"00532M07:40:55.690","00532 07:54:00",203.98,894.99,,,,"     ",3.60,19.17,5.66
532,444702874,"00532M07:40:56.663","00532 07:54:00",203.97,894.95,,,,"     ",3.60,19.13,5.64
532,444702875,"00532M07:40:57.636","00532 07:54:01",203.97,894.89,,,,"     ",3.60,19.15,5.64
532,444702876,"00532M07:40:58.609","00532 07:54:02",203.97,894.94,,,,"     ",3.60,19.20,5.65
532,444702877,"00532M07:40:59.583","00532 07:54:03",203.95,894.95,,,,"     ",3.60,19.09,5.62
532,444702878,"00532M07:41:00.556","00532 07:54:04",203.94,894.95,,,,"     ",3.60,19.14,5.63
532,444702879,"00532M07:41:01.529","00532 07:54:05",203.92,894.91,,,,"     ",3.60,19.15,5.63
532,444702880,"00532M07:41:02.502","00532 07:54:06",203.90,894.91,,,,"     ",3.60,19.28,5.66
532,444702881,"00532M07:41:03.476","00532 07:54:07",203.88,894.95,,,,"     ",3.60,19.18,5.63
532,444702882,"00532M07:41:04.449","00532 07:54:08",203.84,894.87,,,,"     ",3.60,19.33,5.67
532,444702883,"00532M07:41:05.422","00532 07:54:09",203.80,894.96,,,,"     ",3.60,19.17,5.62
532,444702884,"00532M07:41:06.395","00532 07:54:10",203.78,894.97,,,,"     ",3.60,19.12,5.60
532,444702885,"00532M07:41:07.369","00532 07:54:11",203.75,894.92,,,,"     ",3.60,19.18,5.61
532,444702886,"00532M07:41:08.342","00532 07:54:12",203.74,894.90,,,,"     ",3.60,19.23,5.62
532,444702887,"00532M07:41:09.315","00532 07:54:13",203.74,894.89,,,,"     ",3.60,19.25,5.63
532,444702888,"00532M07:41:10.288","00532 07:54:14",203.74,894.97,,,,"     ",3.60,19.23,5.62
532,444702889,"00532M07:41:11.262","00532 07:54:15",203.75,894.94,,,,"     ",3.60,19.29,5.63
532,444702890,"00532M07:41:12.235","00532 07:54:16",203.76,894.86,,,,"     ",3.60,19.32,5.64
532,444702891,"00532M07:41:13.208","00532 07:54:17",203.77,894.88,,,,"     ",3.60,19.30,5.63
532,444702892,"00532M07:41:14.181","00532 07:54:18",203.80,894.92,,,,"     ",3.60,19.26,5.61
532,444702893,"00532M07:41:15.155","00532 07:54:19",203.84,894.83,,,,"     ",3.60,19.31,5.62
532,444702894,"00532M07:41:16.128","00532 07:54:20",203.89,894.86,,,,"     ",3.60,19.30,5.61
532,444702895,"00532M07:41:17.101","00532 07:54:21",203.97,894.82,,,,"     ",3.60,19.23,5.59
532,444702896,"00532M07:41:18.074","00532 07:54:22",204.05,894.82,,,,"     ",3.60,19.21,5.58
532,444702897,"00532M07:41:19.048","00532 07:54:23",204.13,894.94,,,,"     ",3.60,19.31,5.61
532,444702898,"00532M07:41:20.021","00532 07:54:24",204.21,894.89,,,,"     ",3.60,19.33,5.61
532,444702899,"00532M07:41:20.994","00532 07:54:25",204.29,894.98,,,,"     ",3.60,19.30,5.60
532,444702900,"00532M07:41:21.967","00532 07:54:26",204.35,894.91,,,,"     ",3.60,19.46,5.64
532,444702901,"00532M07:41:22.941","00532 07:54:27",204.41,894.86,,,,"     ",3.60,19.37,5.61
532,444702902,"00532M07:41:23.914","00532 07:54:28",204.46,894.88,,,,"     ",3.60,19.41,5.62
532,444702903,"00532M07:41:24.887","00532 07:54:29",204.50,894.91,,,,"     ",3.60,19.37,5.60
532,444702904,"00532M07:41:25.860","00532 07:54:30",204.54,894.92,,,,"     ",3.60,19.49,5.63
532,444702905,"00532M07:41:26.834","00532 07:54:31",204.57,894.78,,,,"     ",3.60,19.34,5.59
532,444702906,"00532M07:41:27.807","00532 07:54:32",204.61,894.77,,,,"     ",3.60,19.40,5.60
532,444702907,"00532M07:41:28.780","00532 07:54:33",204.65,894.82,,,,"     ",3.60,19.39,5.60
532,444702908,"00532M07:41:29.753","00532 07:54:34",204.70,894.86,,,,"     ",3.60,19.42,5.60
532,444702909,"00532M07:41:30.727","00532 07:54:35",204.75,894.88,,,,"     ",3.60,19.40,5.59
532,444702910,"00532M07:41:31.700","00532 07:54:36",204.80,894.95,,,,"     ",3.60,19.49,5.61
532,444702911,"00532M07:41:32.673","00532 07:54:36",204.85,894.92,,,,"     ",3.60,19.35,5.57
532,444702912,"00532M07:41:33.646","00532 07:54:37",204.90,894.89,,,,"     ",3.60,19.39,5.57
532,444702913,"00532M07:41:34.620","00532 07:54:38",204.95,894.88,,,,"     ",3.60,19.44,5.59
532,444702914,"00532M07:41:35.593","00532 07:54:39",205.00,894.84,,,,"     ",3.60,19.48,5.60
532,444702915,"00532M07:41:36.566","00532 07:54:40",205.04,894.84,,,,"     ",3.60,19.44,5.58
532,444702916,"00532M07:41:37.539","00532 07:54:41",205.07,894.79,,,,"     ",3.60,19.40,5.57
532,444702917,"00532M07:41:38.513","00532 07:54:42",205.10,894.81,,,,"     ",3.60,19.50,5.59
532,444702918,"00532M07:41:39.486","00532 07:54:43",205.13,894.85,,,,"     ",3.60,19.38,5.55
532,444702919,"00532M07:41:40.459","00532 07:54:44",205.17,894.83,,,,"     ",3.60,19.55,5.60
532,444702920,"00532M07:41:41.432","00532 07:54:45",205.21,894.89,,,,"     ",3.60,19.37,5.54
532,444702921,"00532M07:41:42.406","00532 07:54:46",205.26,894.84,,,,"     ",3.60,19.42,5.55
532,444702922,"00532M07:41:43.379","00532 07:54:47",205.32,894.86,,,,"     ",3.60,19.39,5.54
532,444702923,"00532M07:41:44.352","00532 07:54:48",205.39,894.83,,,,"     ",3.60,19.50,5.57
532,444702924,"00532M07:41:45.326","00532 07:54:49",205.45,894.77,,,,"     ",3.60,19.57,5.59
532,444702925,"00532M07:41:46.299","00532 07:54:50",205.51,894.84,,,,"     ",3.60,19.52,5.57
532,444702926,"00532M07:41:47.272","00532 07:54:51",205.56,894.88,,,,"     ",3.60,19.47,5.56
532,444702927,"00532M07:41:48.245","00532 07:54:52",205.60,894.83,,,,"     ",3.60,19.56,5.58
532,444702928,"00532M07:41:49.219","00532 07:54:53",205.63,894.83,,,,"     ",3.60,19.61,5.59
532,444702929,"00532M07:41:50.192","00532 07:54:54",205.65,894.82,,,,"     ",3.60,19.60,5.59
532,444702930,"00532M07:41:51.165","00532 07:54:55",205.66,894.92,,,,"     ",3.60,19.61,5.58
532,444702931,"00532M07:41:52.138","00532 07:54:56",205.68,894.93,,,,"     ",3.60,19.58,5.57
532,444702932,"00532M07:41:53.112","00532 07:54:57",205.68,894.88,,,,"     ",3.60,19.62,5.58
532,444702933,"00532M07:41:54.085","00532 07:54:58",205.68,894.91,,,,"     ",3.60,19.54,5.55
532,444702934,"00532M07:41:55.058","00532 07:54:59",205.67,894.89,,,,"     ",3.60,19.60,5.57
532,444702935,"00532M07:41:56.031","00532 07:55:00",205.66,894.84,,,,"     ",3.60,19.60,5.57
532,444702936,"00532M07:41:57.005","00532 07:55:01",205.63,894.83,,,,"     ",3.60,19.53,5.55
532,444702937,"00532M07:41:57.978","00532 07:55:02",205.60,894.82,,,,"     ",3.60,19.54,5.55
532,444702938,"00532M07:41:58.951","00532 07:55:03",205.57,894.84,,,,"     ",3.60,19.60,5.56
532,444702939,"00532M07:41:59.924","00532 07:55:04",205.54,894.85,,,,"     ",3.60,19.75,5.60
532,444702940,"00532M07:42:00.898","00532 07:55:05",205.52,894.85,,,,"     ",3.60,19.51,5.53
532,444702941,"00532M07:42:01.871","00532 07:55:06",205.49,894.82,,,,"     ",3.60,19.64,5.57
532,444702942,"00532M07:42:02.844","00532 07:55:07",205.46,894.85,,,,"     ",3.60,19.54,5.53
532,444702943,"00532M07:42:03.817","00532 07:55:08",205.43,894.80,,,,"     ",3.60,19.56,5.54
532,444702944,"00532M07:42:04.791","00532 07:55:09",205.39,894.81,,,,"     ",3.60,19.58,5.54
532,444702945,"00532M07:42:05.764","00532 07:55:10",205.34,894.84,,,,"     ",3.60,19.57,5.54
532,444702946,"00532M07:42:06.737","00532 07:55:11",205.29,894.82,,,,"     ",3.60,19.66,5.56
532,444702947,"00532M07:42:07.710","00532 07:55:12",205.24,894.80,,,,"     ",3.60,19.65,5.55
532,444702948,"00532M07:42:08.684","00532 07:55:13",205.20,894.86,,,,"     ",3.60,19.51,5.51
532,444702949,"00532M07:42:09.657","00532 07:55:13",205.16,894.80,,,,"     ",3.60,19.61,5.54
532,444702950,"00532M07:42:10.630","00532 07:55:14",205.12,894.81,,,,"     ",3.60,19.61,5.54
532,444702951,"00532M07:42:11.603","00532 07:55:15",205.10,894.81,,,,"     ",3.60,19.52,5.51
532,444702952,"00532M07:42:12.577","00532 07:55:16",205.09,894.73,,,,"     ",3.60,19.52,5.51
532,444702953,"00532M07:42:13.550","00532 07:55:17",205.07,894.77,,,,"     ",3.60,19.66,5.55
532,444702954,"00532M07:42:14.523","00532 07:55:18",205.06,894.72,,,,"     ",3.60,19.55,5.51
532,444702955,"00532M07:42:15.496","00532 07:55:19",205.05,894.74,,,,"     ",3.60,19.59,5.52
532,444702956,"00532M07:42:16.470","00532 07:55:20",205.03,894.82,,,,"     ",3.60,19.64,5.53
532,444702957,"00532M07:42:17.443","00532 07:55:21",205.02,894.76,,,,"     ",3.60,19.64,5.53
532,444702958,"00532M07:42:18.416","00532 07:55:22",205.00,894.81,,,,"     ",3.60,19.67,5.54
532,444702959,"00532M07:42:19.389","00532 07:55:23",204.99,894.69,,,,"     ",3.60,19.58,5.51
532,444702960,"00532M07:42:20.363","00532 07:55:24",204.98,894.75,,,,"     ",3.60,19.64,5.53
532,444702961,"00532M07:42:21.336","00532 07:55:25",205.00,894.72,,,,"     ",3.60,19.62,5.52
532,444702962,"00532M07:42:22.309","00532 07:55:26",205.02,894.86,,,,"     ",3.60,19.55,5.50
532,444702963,"00532M07:42:23.282","00532 07:55:27",205.06,894.87,,,,"     ",3.60,19.67,5.53
532,444702964,"00532M07:42:24.256","00532 07:55:28",205.10,894.80,,,,"     ",3.60,19.70,5.54
532,444702965,"00532M07:42:25.229","00532 07:55:29",205.16,894.84,,,,"     ",3.60,19.74,5.55
532,444702966,"00532M07:42:26.202","00532 07:55:30",205.21,894.89,,,,"     ",3.60,19.62,5.51
532,444702967,"00532M07:42:27.175","00532 07:55:31",205.27,894.82,,,,"     ",3.60,19.68,5.53
532,444702968,"00532M07:42:28.149","00532 07:55:32",205.33,894.83,,,,"     ",3.60,19.73,5.54
532,444702969,"00532M07:42:29.122","00532 07:55:33",205.38,894.87,,,,"     ",3.60,19.64,5.51
532,444702970,"00532M07:42:30.095","00532 07:55:34",205.42,894.89,,,,"     ",3.60,19.73,5.54
532,444702971,"00532M07:42:31.068","00532 07:55:35",205.46,894.78,,,,"     ",3.60,19.65,5.51
532,444702972,"00532M07:42:32.042","00532 07:55:36",205.50,894.81,,,,"     ",3.60,19.81,5.55
532,444702973,"00532M07:42:33.015","00532 07:55:37",205.54,894.81,,,,"     ",3.60,19.69,5.51
532,444702974,"00532M07:42:33.988","00532 07:55:38",205.58,894.82,,,,"     ",3.60,19.64,5.50
532,444702975,"00532M07:42:34.961","00532 07:55:39",205.62,894.82,,,,"     ",3.60,19.66,5.50
532,444702976,"00532M07:42:35.935","00532 07:55:40",205.65,894.80,,,,"     ",3.60,19.83,5.55
532,444702977,"00532M07:42:36.908","00532 07:55:41",205.67,894.82,,,,"     ",3.60,19.87,5.55
532,444702978,"00532M07:42:37.881","00532 07:55:42",205.69,894.76,,,,"     ",3.60,19.70,5.50
532,444702979,"00532M07:42:38.854","00532 07:55:43",205.71,894.84,,,,"     ",3.60,19.76,5.52
532,444702980,"00532M07:42:39.828","00532 07:55:44",205.71,894.81,,,,"     ",3.60,19.79,5.52
532,444702981,"00532M07:42:40.801","00532 07:55:45",205.70,894.76,,,,"     ",3.60,19.81,5.53
532,444702982,"00532M07:42:41.774","00532 07:55:46",205.69,894.80,,,,"     ",3.60,19.75,5.51
532,444702983,"00532M07:42:42.747","00532 07:55:47",205.67,894.91,,,,"     ",3.60,19.82,5.52
532,444702984,"00532M07:42:43.721","00532 07:55:48",205.65,894.76,,,,"     ",3.60,19.66,5.47
532,444702985,"00532M07:42:44.694","00532 07:55:49",205.62,894.89,,,,"     ",3.60,19.72,5.49
532,444702986,"00532M07:42:45.667","00532 07:55:50",205.59,894.83,,,,"     ",3.60,19.78,5.50
532,444702987,"00532M07:42:46.640","00532 07:55:50",205.56,894.87,,,,"     ",3.60,19.84,5.52
532,444702988,"00532M07:42:47.614","00532 07:55:51",205.53,894.78,,,,"     ",3.60,19.97,5.55
532,444702989,"00532M07:42:48.587","00532 07:55:52",205.52,894.79,,,,"     ",3.60,19.80,5.50
532,444702990,"00532M07:42:49.560","00532 07:55:53",205.51,894.78,,,,"     ",3.60,19.82,5.50
532,444702991,"00532M07:42:50.533","00532 07:55:54",205.50,894.79,,,,"     ",3.60,19.98,5.54
532,444702992,"00532M07:42:51.507","00532 07:55:55",205.51,894.73,,,,"     ",3.60,19.91,5.52
532,444702993,"00532M07:42:52.480","00532 07:55:56",205.52,894.76,,,,"     ",3.60,19.87,5.51
532,444702994,"00532M07:42:53.453","00532 07:55:57",205.53,894.77,,,,"     ",3.60,19.84,5.49
532,444702995,"00532M07:42:54.427","00532 07:55:58",205.55,894.77,,,,"     ",3.60,19.89,5.50
532,444702996,"00532M07:42:55.400","00532 07:55:59",205.58,894.73,,,,"     ",3.60,19.72,5.45
532,444702997,"00532M07:42:56.373","00532 07:56:00",205.61,894.69,,,,"     ",3.60,19.80,5.47
532,444702998,"00532M07:42:57.346","00532 07:56:01",205.64,894.70,,,,"     ",3.60,19.99,5.52
532,444702999,"00532M07:42:58.320","00532 07:56:02",205.68,894.71,,,,"     ",3.60,19.88,5.49
532,444703000,"00532M07:42:59.293","00532 07:56:03",205.72,894.75,,,,"     ",3.60,19.92,5.49
532,444703001,"00532M07:43:00.266","00532 07:56:04",205.75,894.77,,,,"     ",3.60,19.77,5.45
532,444703002,"00532M07:43:01.239","00532 07:56:05",205.79,894.74,,,,"     ",3.60,19.96,5.50
532,444703003,"00532M07:43:02.213","00532 07:56:06",205.80,894.66,,,,"     ",3.60,19.83,5.46
532,444703004,"00532M07:43:03.186","00532 07:56:07",205.80,894.68,,,,"     ",3.60,19.89,5.47
532,444703005,"00532M07:43:04.159","00532 07:56:08",205.80,894.67,,,,"     ",3.60,19.89,5.47
532,444703006,"00532M07:43:05.132","00532 07:56:09",205.80,894.61,,,,"     ",3.60,19.94,5.48
532,444703007,"00532M07:43:06.106","00532 07:56:10",205.78,894.74,,,,"     ",3.60,19.98,5.48
532,444703008,"00532M07:43:07.079","00532 07:56:11",205.77,894.69,,,,"     ",3.60,19.85,5.44
532,444703009,"00532M07:43:08.052","00532 07:56:12",205.77,894.71,,,,"     ",3.60,19.99,5.48
532,444703010,"00532M07:43:09.025","00532 07:56:13",205.77,894.72,,,,"     ",3.60,19.89,5.45
532,444703011,"00532M07:43:09.999","00532 07:56:14",205.77,894.70,,,,"     ",3.60,19.97,5.47
532,444703012,"00532M07:43:10.972","00532 07:56:15",205.77,894.76,,,,"     ",3.60,19.82,5.42
532,444703013,"00532M07:43:11.945","00532 07:56:16",205.78,894.72,,,,"     ",3.60,19.88,5.43
532,444703014,"00532M07:43:12.918","00532 07:56:17",205.77,894.73,,,,"     ",3.60,20.00,5.46
532,444703015,"00532M07:43:13.892","00532 07:56:18",205.76,894.76,,,,"     ",3.60,19.90,5.43
532,444703016,"00532M07:43:14.865","00532 07:56:19",205.75,894.79,,,,"     ",3.60,19.85,5.41
532,444703017,"00532M07:43:15.838","00532 07:56:20",205.74,894.72,,,,"     ",3.60,19.95,5.44
532,444703018,"00532M07:43:16.811","00532 07:56:21",205.73,894.76,,,,"     ",3.60,19.99,5.45
532,444703019,"00532M07:43:17.785","00532 07:56:22",205.72,894.73,,,,"     ",3.60,19.94,5.43
532,444703020,"00532M07:43:18.758","00532 07:56:23",205.71,894.70,,,,"     ",3.60,19.81,5.39
532,444703021,"00532M07:43:19.731","00532 07:56:24",205.70,894.74,,,,"     ",3.60,19.96,5.43
532,444703022,"00532M07:43:20.704","00532 07:56:25",205.69,894.79,,,,"     ",3.60,20.05,5.45
532,444703023,"00532M07:43:21.678","00532 07:56:26",205.67,894.83,,,,"     ",3.60,20.01,5.44
532,444703024,"00532M07:43:22.651","00532 07:56:26",205.65,894.76,,,,"     ",3.60,19.94,5.41
532,444703025,"00532M07:43:23.624","00532 07:56:27",205.63,894.79,,,,"     ",3.60,19.99,5.42
532,444703026,"00532M07:43:24.597","00532 07:56:28",205.59,894.81,,,,"     ",3.60,20.02,5.43
532,444703027,"00532M07:43:25.571","00532 07:56:29",205.56,894.71,,,,"     ",3.60,19.95,5.40
532,444703028,"00532M07:43:26.544","00532 07:56:30",205.52,894.74,,,,"     ",3.60,20.04,5.43
532,444703029,"00532M07:43:27.517","00532 07:56:31",205.47,894.75,,,,"     ",3.60,19.88,5.38
532,444703030,"00532M07:43:28.490","00532 07:56:32",205.43,894.74,,,,"     ",3.60,20.04,5.42
532,444703031,"00532M07:43:29.464","00532 07:56:33",205.39,894.71,,,,"     ",3.60,19.96,5.39
532,444703032,"00532M07:43:30.437","00532 07:56:34",205.36,894.67,,,,"     ",3.60,19.96,5.39
532,444703033,"00532M07:43:31.410","00532 07:56:35",205.33,894.73,,,,"     ",3.60,19.90,5.37
532,444703034,"00532M07:43:32.383","00532 07:56:36",205.30,894.64,,,,"     ",3.60,19.94,5.38
532,444703035,"00532M07:43:33.357","00532 07:56:37",205.27,894.67,,,,"     ",3.60,20.04,5.40
532,444703036,"00532M07:43:34.330","00532 07:56:38",205.26,894.67,,,,"     ",3.60,20.13,5.42
532,444703037,"00532M07:43:35.303","00532 07:56:39",205.24,894.59,,,,"     ",3.60,20.08,5.40
532,444703038,"00532M07:43:36.276","00532 07:56:40",205.23,894.48,,,,"     ",3.60,20.12,5.41
532,444703039,"00532M07:43:37.250","00532 07:56:41",205.23,894.68,,,,"     ",3.60,20.10,5.40
532,444703040,"00532M07:43:38.223","00532 07:56:42",205.22,894.60,,,,"     ",3.60,19.96,5.36
532,444703041,"00532M07:43:39.196","00532 07:56:43",205.22,894.75,,,,"     ",3.60,20.04,5.38
532,444703042,"00532M07:43:40.169","00532 07:56:44",205.23,894.92,,,,"     ",3.60,19.89,5.33
532,444703043,"00532M07:43:41.143","00532 07:56:45",205.24,894.73,,,,"     ",3.60,20.20,5.41
532,444703044,"00532M07:43:42.116","00532 07:56:46",205.25,894.77,,,,"     ",3.60,20.26,5.43
532,444703045,"00532M07:43:43.089","00532 07:56:47",205.28,894.75,,,,"     ",3.60,20.03,5.36
532,444703046,"00532M07:43:44.062","00532 07:56:48",205.31,894.72,,,,"     ",3.60,19.95,5.33
532,444703047,"00532M07:43:45.036","00532 07:56:49",205.35,894.70,,,,"     ",3.60,20.13,5.38
532,444703048,"00532M07:43:46.009","00532 07:56:50",205.38,894.71,,,,"     ",3.60,20.14,5.38
532,444703049,"00532M07:43:46.982","00532 07:56:51",205.43,894.68,,,,"     ",3.60,19.97,5.33
532,444703050,"00532M07:43:47.955","00532 07:56:52",205.46,894.73,,,,"     ",3.60,20.09,5.36
532,444703051,"00532M07:43:48.929","00532 07:56:53",205.49,894.78,,,,"     ",3.60,20.07,5.35
532,444703052,"00532M07:43:49.902","00532 07:56:54",205.52,894.71,,,,"     ",3.60,20.08,5.35
532,444703053,"00532M07:43:50.875","00532 07:56:55",205.54,894.66,,,,"     ",3.60,20.04,5.34
532,444703054,"00532M07:43:51.848","00532 07:56:56",205.57,894.72,,,,"     ",3.60,20.12,5.35
532,444703055,"00532M07:43:52.822","00532 07:56:57",205.60,894.72,,,,"     ",3.60,20.19,5.37
532,444703056,"00532M07:43:53.795","00532 07:56:58",205.62,894.66,,,,"     ",3.60,20.03,5.32
532,444703057,"00532M07:43:54.768","00532 07:56:59",205.65,894.63,,,,"     ",3.60,20.01,5.31
532,444703058,"00532M07:43:55.741","00532 07:57:00",205.67,894.69,,,,"     ",3.60,20.06,5.32
532,444703059,"00532M07:43:56.715","00532 07:57:01",205.68,894.68,,,,"     ",3.60,20.20,5.36
532,444703060,"00532M07:43:57.688","00532 07:57:02",205.70,894.68,,,,"     ",3.60,20.13,5.33
532,444703061,"00532M07:43:58.661","00532 07:57:03",205.71,894.66,,,,"     ",3.60,20.16,5.34
532,444703062,"00532M07:43:59.634","00532 07:57:03",205.71,894.64,,,,"     ",3.60,20.21,5.35
532,444703063,"00532M07:44:00.608","00532 07:57:04",205.70,894.71,,,,"     ",3.60,20.11,5.32
532,444703064,"00532M07:44:01.581","00532 07:57:05",205.69,894.62,,,,"     ",3.60,20.24,5.35
532,444703065,"00532M07:44:02.554","00532 07:57:06",205.67,894.69,,,,"     ",3.60,20.21,5.34
532,444703066,"00532M07:44:03.528","00532 07:57:07",205.65,894.56,,,,"     ",3.60,20.03,5.28
532,444703067,"00532M07:44:04.501","00532 07:57:08",205.63,894.65,,,,"     ",3.60,20.12,5.31
532,444703068,"00532M07:44:05.474","00532 07:57:09",205.61,894.68,,,,"     ",3.60,20.13,5.31
532,444703069,"00532M07:44:06.447","00532 07:57:10",205.59,894.64,,,,"     ",3.60,20.24,5.33
532,444703070,"00532M07:44:07.421","00532 07:57:11",205.59,894.69,,,,"     ",3.60,20.10,5.29
532,444703071,"00532M07:44:08.394","00532 07:57:12",205.58,894.68,,,,"     ",3.60,20.14,5.30
532,444703072,"00532M07:44:09.367","00532 07:57:13",205.60,894.62,,,,"     ",3.60,20.23,5.32
532,444703073,"00532M07:44:10.340","00532 07:57:14",205.61,894.69,,,,"     ",3.60,20.27,5.33
532,444703074,"00532M07:44:11.314","00532 07:57:15",205.64,894.75,,,,"     ",3.60,20.14,5.29
532,444703075,"00532M07:44:12.287","00532 07:57:16",205.67,894.70,,,,"     ",3.60,20.35,5.34
532,444703076,"00532M07:44:13.260","00532 07:57:17",205.71,894.69,,,,"     ",3.60,20.12,5.28
532,444703077,"00532M07:44:14.233","00532 07:57:18",205.75,894.68,,,,"     ",3.60,20.25,5.31
532,444703078,"00532M07:44:15.207","00532 07:57:19",205.78,894.67,,,,"     ",3.60,20.29,5.31
532,444703079,"00532M07:44:16.180","00532 07:57:20",205.81,894.62,,,,"     ",3.60,20.40,5.34
532,444703080,"00532M07:44:17.153","00532 07:57:21",205.85,894.64,,,,"     ",3.60,20.22,5.29
532,444703081,"00532M07:44:18.126","00532 07:57:22",205.88,894.61,,,,"     ",3.60,20.25,5.30
532,444703082,"00532M07:44:19.100","00532 07:57:23",205.91,894.70,,,,"     ",3.60,20.36,5.32
532,444703083,"00532M07:44:20.073","00532 07:57:24",205.94,894.72,,,,"     ",3.60,20.33,5.31
532,444703084,"00532M07:44:21.046","00532 07:57:25",205.96,894.74,,,,"     ",3.60,20.29,5.30
532,444703085,"00532M07:44:22.019","00532 07:57:26",205.98,894.63,,,,"     ",3.60,20.14,5.25
532,444703086,"00532M07:44:22.993","00532 07:57:27",206.00,894.61,,,,"     ",3.60,20.19,5.26
532,444703087,"00532M07:44:23.966","00532 07:57:28",206.01,894.65,,,,"     ",3.60,20.22,5.27
532,444703088,"00532M07:44:24.939","00532 07:57:29",206.03,894.61,,,,"     ",3.60,20.17,5.25
532,444703089,"00532M07:44:25.912","00532 07:57:30",206.04,894.64,,,,"     ",3.60,20.28,5.28
532,444703090,"00532M07:44:26.886","00532 07:57:31",206.05,894.66,,,,"     ",3.60,20.36,5.30
532,444703091,"00532M07:44:27.859","00532 07:57:32",206.05,894.63,,,,"     ",3.60,20.34,5.29
532,444703092,"00532M07:44:28.832","00532 07:57:33",206.04,894.62,,,,"     ",3.60,20.39,5.30
532,444703093,"00532M07:44:29.805","00532 07:57:34",206.03,894.64,,,,"     ",3.60,20.32,5.27
532,444703094,"00532M07:44:30.779","00532 07:57:35",206.01,894.65,,,,"     ",3.60,20.25,5.25
532,444703095,"00532M07:44:31.752","00532 07:57:36",206.00,894.59,,,,"     ",3.60,20.38,5.28
532,444703096,"00532M07:44:32.725","00532 07:57:37",206.00,894.64,,,,"     ",3.60,20.26,5.25
532,444703097,"00532M07:44:33.698","00532 07:57:38",206.01,894.59,,,,"     ",3.60,20.41,5.28
532,444703098,"00532M07:44:34.672","00532 07:57:39",206.04,894.67,,,,"     ",3.60,20.20,5.23
532,444703099,"00532M07:44:35.645","00532 07:57:39",206.07,894.56,,,,"     ",3.60,20.42,5.28
532,444703100,"00532M07:44:36.618","00532 07:57:40",206.11,894.61,,,,"     ",3.60,20.32,5.25
532,444703101,"00532M07:44:37.591","00532 07:57:41",206.14,894.50,,,,"     ",3.60,20.32,5.25
532,444703102,"00532M07:44:38.565","00532 07:57:42",206.18,894.47,,,,"     ",3.60,20.47,5.29
532,444703103,"00532M07:44:39.538","00532 07:57:43",206.22,894.62,,,,"     ",3.60,20.30,5.24
532,444703104,"00532M07:44:40.511","00532 07:57:44",206.24,894.57,,,,"     ",3.60,20.46,5.28
532,444703105,"00532M07:44:41.484","00532 07:57:45",206.26,894.57,,,,"     ",3.60,20.42,5.26
532,444703106,"00532M07:44:42.458","00532 07:57:46",206.27,894.62,,,,"     ",3.60,20.30,5.23
532,444703107,"00532M07:44:43.431","00532 07:57:47",206.26,894.66,,,,"     ",3.60,20.49,5.27
532,444703108,"00532M07:44:44.404","00532 07:57:48",206.25,894.62,,,,"     ",3.60,20.37,5.24
532,444703109,"00532M07:44:45.377","00532 07:57:49",206.21,894.61,,,,"     ",3.60,20.37,5.24
532,444703110,"00532M07:44:46.351","00532 07:57:50",206.18,894.62,,,,"     ",3.60,20.52,5.27
532,444703111,"00532M07:44:47.324","00532 07:57:51",206.13,894.57,,,,"     ",3.60,20.44,5.25
532,444703112,"00532M07:44:48.297","00532 07:57:52",206.08,894.55,,,,"     ",3.60,20.31,5.21
532,444703113,"00532M07:44:49.270","00532 07:57:53",206.03,894.58,,,,"     ",3.60,20.41,5.23
532,444703114,"00532M07:44:50.244","00532 07:57:54",205.97,894.56,,,,"     ",3.60,20.34,5.21
532,444703115,"00532M07:44:51.217","00532 07:57:55",205.92,894.50,,,,"     ",3.60,20.37,5.22
532,444703116,"00532M07:44:52.190","00532 07:57:56",205.87,894.52,,,,"     ",3.60,20.24,5.18
532,444703117,"00532M07:44:53.163","00532 07:57:57",205.82,894.55,,,,"     ",3.60,20.28,5.19
532,444703118,"00532M07:44:54.137","00532 07:57:58",205.78,894.58,,,,"     ",3.60,20.31,5.19
532,444703119,"00532M07:44:55.110","00532 07:57:59",205.73,894.50,,,,"     ",3.60,20.55,5.25
532,444703120,"00532M07:44:56.083","00532 07:58:00",205.68,894.62,,,,"     ",3.60,20.47,5.23
532,444703121,"00532M07:44:57.056","00532 07:58:01",205.64,894.56,,,,"     ",3.60,20.38,5.20
532,444703122,"00532M07:44:58.030","00532 07:58:02",205.59,894.60,,,,"     ",3.60,20.34,5.19
532,444703123,"00532M07:44:59.003","00532 07:58:03",205.56,894.59,,,,"     ",3.60,20.44,5.21
532,444703124,"00532M07:44:59.976","00532 07:58:04",205.53,894.66,,,,"     ",3.60,20.29,5.17
532,444703125,"00532M07:45:00.949","00532 07:58:05",205.53,894.62,,,,"     ",3.60,20.30,5.17
532,444703126,"00532M07:45:01.923","00532 07:58:06",205.54,894.59,,,,"     ",3.60,20.37,5.18
532,444703127,"00532M07:45:02.896","00532 07:58:07",205.55,894.63,,,,"     ",3.60,20.47,5.20
532,444703128,"00532M07:45:03.869","00532 07:58:08",205.59,894.58,,,,"     ",3.60,20.48,5.20
532,444703129,"00532M07:45:04.842","00532 07:58:09",205.63,894.63,,,,"     ",3.60,20.46,5.20
532,444703130,"00532M07:45:05.816","00532 07:58:10",205.68,894.61,,,,"     ",3.60,20.39,5.18
532,444703131,"00532M07:45:06.789","00532 07:58:11",205.74,894.59,,,,"     ",3.60,20.44,5.19
532,444703132,"00532M07:45:07.762","00532 07:58:12",205.80,894.47,,,,"     ",3.60,20.58,5.22
532,444703133,"00532M07:45:08.735","00532 07:58:13",205.86,894.55,,,,"     ",3.60,20.36,5.16
532,444703134,"00532M07:45:09.709","00532 07:58:14",205.91,894.57,,,,"     ",3.60,20.55,5.20
532,444703135,"00532M07:45:10.682","00532 07:58:15",205.95,894.56,,,,"     ",3.60,20.39,5.16
532,444703136,"00532M07:45:11.655","00532 07:58:16",205.99,894.61,,,,"     ",3.60,20.49,5.18
532,444703137,"00532M07:45:12.629","00532 07:58:16",206.03,894.63,,,,"     ",3.60,20.52,5.19
532,444703138,"00532M07:45:13.602","00532 07:58:17",206.07,894.60,,,,"     ",3.60,20.45,5.17
532,444703139,"00532M07:45:14.575","00532 07:58:18",206.11,894.62,,,,"     ",3.60,20.46,5.17
532,444703140,"00532M07:45:15.548","00532 07:58:19",206.15,894.56,,,,"     ",3.60,20.43,5.15
532,444703141,"00532M07:45:16.522","00532 07:58:20",206.19,894.67,,,,"     ",3.60,20.39,5.14
532,444703142,"00532M07:45:17.495","00532 07:58:21",206.21,894.66,,,,"     ",3.60,20.49,5.17
532,444703143,"00532M07:45:18.468","00532 07:58:22",206.23,894.60,,,,"     ",3.60,20.42,5.14
532,444703144,"00532M07:45:19.441","00532 07:58:23",206.23,894.67,,,,"     ",3.60,20.45,5.15
532,444703145,"00532M07:45:20.415","00532 07:58:24",206.20,894.70,,,,"     ",3.60,20.39,5.13
532,444703146,"00532M07:45:21.388","00532 07:58:25",206.17,894.66,,,,"     ",3.60,20.50,5.15
532,444703147,"00532M07:45:22.361","00532 07:58:26",206.11,894.55,,,,"     ",3.60,20.49,5.15
532,444703148,"00532M07:45:23.334","00532 07:58:27",206.05,894.53,,,,"     ",3.60,20.55,5.16
532,444703149,"00532M07:45:24.308","00532 07:58:28",205.98,894.57,,,,"     ",3.60,20.42,5.13
532,444703150,"00532M07:45:25.281","00532 07:58:29",205.92,894.60,,,,"     ",3.60,20.46,5.13
532,444703151,"00532M07:45:26.254","00532 07:58:30",205.88,894.65,,,,"     ",3.60,20.53,5.15
532,444703152,"00532M07:45:27.227","00532 07:58:31",205.85,894.64,,,,"     ",3.60,20.39,5.11
532,444703153,"00532M07:45:28.201","00532 07:58:32",205.83,894.69,,,,"     ",3.60,20.53,5.14
532,444703154,"00532M07:45:29.174","00532 07:58:33",205.82,894.68,,,,"     ",3.60,20.55,5.15
532,444703155,"00532M07:45:30.147","00532 07:58:34",205.82,894.63,,,,"     ",3.60,20.56,5.15
532,444703156,"00532M07:45:31.120","00532 07:58:35",205.81,894.62,,,,"     ",3.60,20.48,5.12
532,444703157,"00532M07:45:32.094","00532 07:58:36",205.82,894.60,,,,"     ",3.60,20.51,5.13
532,444703158,"00532M07:45:33.067","00532 07:58:37",205.83,894.54,,,,"     ",3.60,20.62,5.15
532,444703159,"00532M07:45:34.040","00532 07:58:38",205.84,894.52,,,,"     ",3.60,20.48,5.11
532,444703160,"00532M07:45:35.013","00532 07:58:39",205.86,894.60,,,,"     ",3.60,20.55,5.13
532,444703161,"00532M07:45:35.987","00532 07:58:40",205.88,894.62,,,,"     ",3.60,20.61,5.14
532,444703162,"00532M07:45:36.960","00532 07:58:41",205.91,894.59,,,,"     ",3.60,20.59,5.13
532,444703163,"00532M07:45:37.933","00532 07:58:42",205.95,894.59,,,,"     ",3.60,20.31,5.06
532,444703164,"00532M07:45:38.906","00532 07:58:43",205.99,894.62,,,,"     ",3.60,20.59,5.12
532,444703165,"00532M07:45:39.880","00532 07:58:44",206.04,894.66,,,,"     ",3.60,20.58,5.12
532,444703166,"00532M07:45:40.853","00532 07:58:45",206.09,894.60,,,,"     ",3.60,20.67,5.14
532,444703167,"00532M07:45:41.826","00532 07:58:46",206.15,894.62,,,,"     ",3.60,20.59,5.12
532,444703168,"00532M07:45:42.799","00532 07:58:47",206.22,894.59,,,,"     ",3.60,20.61,5.12
532,444703169,"00532M07:45:43.773","00532 07:58:48",206.29,894.60,,,,"     ",3.60,20.58,5.11
532,444703170,"00532M07:45:44.746","00532 07:58:49",206.37,894.63,,,,"     ",3.60,20.55,5.10
532,444703171,"00532M07:45:45.719","00532 07:58:50",205.52,894.62,,,,"     ",3.60,20.48,5.08
532,444703172,"00532M07:45:46.692","00532 07:58:51",205.63,894.59,,,,"     ",3.60,20.51,5.08
532,444703173,"00532M07:45:47.666","00532 07:58:52",205.73,894.63,,,,"     ",3.60,20.59,5.10
532,444703174,"00532M07:45:48.639","00532 07:58:52",205.83,894.61,,,,"     ",3.60,20.52,5.08
532,444703175,"00532M07:45:49.612","00532 07:58:53",205.93,894.57,,,,"     ",3.60,20.64,5.11
532,444703176,"00532M07:45:50.585","00532 07:58:54",206.01,894.65,,,,"     ",3.60,20.69,5.12
532,444703177,"00532M07:45:51.559","00532 07:58:55",206.09,894.67,,,,"     ",3.60,20.73,5.12
532,444703178,"00532M07:45:52.532","00532 07:58:56",206.16,894.63,,,,"     ",3.60,20.71,5.12
532,444703179,"00532M07:45:53.505","00532 07:58:57",206.23,894.60,,,,"     ",3.60,20.66,5.10
532,444703180,"00532M07:45:54.478","00532 07:58:58",206.29,894.60,,,,"     ",3.60,20.67,5.10
532,444703181,"00532M07:45:55.452","00532 07:58:59",206.34,894.53,,,,"     ",3.60,20.65,5.09
532,444703182,"00532M07:45:56.425","00532 07:59:00",206.38,894.60,,,,"     ",3.60,20.60,5.08
532,444703183,"00532M07:45:57.398","00532 07:59:01",206.42,894.55,,,,"     ",3.60,20.63,5.08
532,444703184,"00532M07:45:58.371","00532 07:59:02",206.46,894.52,,,,"     ",3.60,20.77,5.11
532,444703185,"00532M07:45:59.345","00532 07:59:03",206.52,894.54,,,,"     ",3.60,20.64,5.08
532,444703186,"00532M07:46:00.318","00532 07:59:04",206.55,894.63,,,,"     ",3.60,20.58,5.06
532,444703187,"00532M07:46:01.291","00532 07:59:05",206.55,894.70,,,,"     ",3.60,20.67,5.08
532,444703188,"00532M07:46:02.264","00532 07:59:06",206.53,894.66,,,,"     ",3.60,20.70,5.09
532,444703189,"00532M07:46:03.238","00532 07:59:07",206.50,894.60,,,,"     ",3.60,20.60,5.06
532,444703190,"00532M07:46:04.211","00532 07:59:08",206.46,894.64,,,,"     ",3.60,20.77,5.10
532,444703191,"00532M07:46:05.184","00532 07:59:09",206.42,894.60,,,,"     ",3.60,20.67,5.07
532,444703192,"00532M07:46:06.157","00532 07:59:10",206.39,894.62,,,,"     ",3.60,20.67,5.07
532,444703193,"00532M07:46:07.131","00532 07:59:11",206.35,894.51,,,,"     ",3.60,20.61,5.05
532,444703194,"00532M07:46:08.104","00532 07:59:12",206.31,894.57,,,,"     ",3.60,20.75,5.08
532,444703195,"00532M07:46:09.077","00532 07:59:13",206.27,894.55,,,,"     ",3.60,20.73,5.07
532,444703196,"00532M07:46:10.050","00532 07:59:14",206.24,894.57,,,,"     ",3.60,20.60,5.04
532,444703197,"00532M07:46:11.024","00532 07:59:15",206.22,894.62,,,,"     ",3.60,20.70,5.06
532,444703198,"00532M07:46:11.997","00532 07:59:16",206.22,894.51,,,,"     ",3.60,20.77,5.08
532,444703199,"00532M07:46:12.970","00532 07:59:17",206.22,894.56,,,,"     ",3.60,20.67,5.05
532,444703200,"00532M07:46:13.943","00532 07:59:18",206.24,894.55,,,,"     ",3.60,20.77,5.07
532,444703201,"00532M07:46:14.917","00532 07:59:19",206.26,894.48,,,,"     ",3.60,20.82,5.08
532,444703202,"00532M07:46:15.890","00532 07:59:20",206.28,894.47,,,,"     ",3.60,20.71,5.05
532,444703203,"00532M07:46:16.863","00532 07:59:21",206.30,894.48,,,,"     ",3.60,20.80,5.07
532,444703204,"00532M07:46:17.836","00532 07:59:22",206.32,894.51,,,,"     ",3.60,20.66,5.03
532,444703205,"00532M07:46:18.810","00532 07:59:23",206.32,894.58,,,,"     ",3.60,20.67,5.03
532,444703206,"00532M07:46:19.783","00532 07:59:24",206.32,894.52,,,,"     ",3.60,20.85,5.07
532,444703207,"00532M07:46:20.756","00532 07:59:25",206.33,894.54,,,,"     ",3.60,20.81,5.06
532,444703208,"00532M07:46:21.730","00532 07:59:26",206.34,894.52,,,,"     ",3.60,20.67,5.02
532,444703209,"00532M07:46:22.703","00532 07:59:27",206.34,894.43,,,,"     ",3.60,20.84,5.06
532,444703210,"00532M07:46:23.676","00532 07:59:28",206.35,894.46,,,,"     ",3.60,20.76,5.04
532,444703211,"00532M07:46:24.649","00532 07:59:29",206.35,894.48,,,,"     ",3.60,20.78,5.04
532,444703212,"00532M07:46:25.623","00532 07:59:29",206.33,894.46,,,,"     ",3.60,20.72,5.02
532,444703213,"00532M07:46:26.596","00532 07:59:30",206.32,894.52,,,,"     ",3.60,20.79,5.04
532,444703214,"00532M07:46:27.569","00532 07:59:31",206.30,894.42,,,,"     ",3.60,20.80,5.04
532,444703215,"00532M07:46:28.542","00532 07:59:32",206.31,894.53,,,,"     ",3.60,20.72,5.02
532,444703216,"00532M07:46:29.516","00532 07:59:33",206.35,894.51,,,,"     ",3.60,20.78,5.03
532,444703217,"00532M07:46:30.489","00532 07:59:34",206.42,894.47,,,,"     ",3.60,20.81,5.03
532,444703218,"00532M07:46:31.462","00532 07:59:35",206.50,894.45,,,,"     ",3.60,20.85,5.04
532,444703219,"00532M07:46:32.435","00532 07:59:36",206.58,894.44,,,,"     ",3.60,20.80,5.02
532,444703220,"00532M07:46:33.409","00532 07:59:37",206.65,894.48,,,,"     ",3.60,20.87,5.04
532,444703221,"00532M07:46:34.382","00532 07:59:38",206.70,894.43,,,,"     ",3.60,20.77,5.01
532,444703222,"00532M07:46:35.355","00532 07:59:39",206.75,894.44,,,,"     ",3.60,20.88,5.04
532,444703223,"00532M07:46:36.328","00532 07:59:40",206.80,894.44,,,,"     ",3.60,20.82,5.02
532,444703224,"00532M07:46:37.302","00532 07:59:41",206.82,894.52,,,,"     ",3.60,20.66,4.98
532,444703225,"00532M07:46:38.275","00532 07:59:42",206.82,894.45,,,,"     ",3.60,20.77,5.00
532,444703226,"00532M07:46:39.248","00532 07:59:43",206.78,894.44,,,,"     ",3.60,20.86,5.02
532,444703227,"00532M07:46:40.221","00532 07:59:44",206.71,894.45,,,,"     ",3.60,20.73,4.99
532,444703228,"00532M07:46:41.195","00532 07:59:45",206.61,894.47,,,,"     ",3.60,20.72,4.99
532,444703229,"00532M07:46:42.168","00532 07:59:46",206.49,894.48,,,,"     ",3.60,20.85,5.02
532,444703230,"00532M07:46:43.141","00532 07:59:47",206.35,894.55,,,,"     ",3.60,20.71,4.98
532,444703231,"00532M07:46:44.114","00532 07:59:48",206.23,894.51,,,,"     ",3.60,20.76,4.99
532,444703232,"00532M07:46:45.088","00532 07:59:49",206.14,894.50,,,,"     ",3.60,20.67,4.97
532,444703233,"00532M07:46:46.061","00532 07:59:50",206.08,894.45,,,,"     ",3.60,20.71,4.98
532,444703234,"00532M07:46:47.034","00532 07:59:51",206.08,894.47,,,,"     ",3.60,20.69,4.97
532,444703235,"00532M07:46:48.007","00532 07:59:52",206.10,894.52,,,,"     ",3.60,20.86,5.01
532,444703236,"00532M07:46:48.981","00532 07:59:53",206.16,894.57,,,,"     ",3.60,20.71,4.97
532,444703237,"00532M07:46:49.954","00532 07:59:54",206.25,894.56,,,,"     ",3.60,20.88,5.01
532,444703238,"00532M07:46:50.927","00532 07:59:55",206.35,894.51,,,,"     ",3.60,20.81,4.99
532,444703239,"00532M07:46:51.900","00532 07:59:56",206.45,894.50,,,,"     ",3.60,20.88,5.01
532,444703240,"00532M07:46:52.874","00532 07:59:57",206.57,894.49,,,,"     ",3.60,20.79,4.99
532,444703241,"00532M07:46:53.847","00532 07:59:58",206.68,894.46,,,,"     ",3.60,20.94,5.02
532,444703242,"00532M07:46:54.820","00532 07:59:59",206.79,894.45,,,,"     ",3.60,20.78,4.98
532,444703243,"00532M07:46:55.793","00532 08:00:00",206.86,894.46,,,,"     ",3.60,20.71,4.96
532,444703244,"00532M07:46:56.767","00532 08:00:01",206.90,894.48,,,,"     ",3.60,20.88,5.00
532,444703245,"00532M07:46:57.740","00532 08:00:02",206.91,894.47,,,,"     ",3.60,20.87,5.00
532,444703246,"00532M07:46:58.713","00532 08:00:03",206.90,894.46,,,,"     ",3.60,20.95,5.01
532,444703247,"00532M07:46:59.686","00532 08:00:04",206.87,894.39,,,,"     ",3.60,20.92,5.01
532,444703248,"00532M07:47:00.660","00532 08:00:05",206.86,894.41,,,,"     ",3.60,20.94,5.01
532,444703249,"00532M07:47:01.633","00532 08:00:05",206.84,894.50,,,,"     ",3.60,20.82,4.98
532,444703250,"00532M07:47:02.606","00532 08:00:06",206.84,894.40,,,,"     ",3.60,20.94,5.00
532,444703251,"00532M07:47:03.579","00532 08:00:07",206.84,894.45,,,,"     ",3.60,20.92,5.00
532,444703252,"00532M07:47:04.553","00532 08:00:08",206.84,894.43,,,,"     ",3.60,20.77,4.96
532,444703253,"00532M07:47:05.526","00532 08:00:09",206.85,894.44,,,,"     ",3.60,20.97,5.01
532,444703254,"00532M07:47:06.499","00532 08:00:10",206.87,894.52,,,,"     ",3.60,20.87,4.98
532,444703255,"00532M07:47:07.472","00532 08:00:11",206.88,894.38,,,,"     ",3.60,20.90,4.99
532,444703256,"00532M07:47:08.446","00532 08:00:12",206.90,894.54,,,,"     ",3.60,20.88,4.98
532,444703257,"00532M07:47:09.419","00532 08:00:13",206.94,894.50,,,,"     ",3.60,20.91,4.99
532,444703258,"00532M07:47:10.392","00532 08:00:14",206.97,894.49,,,,"     ",3.60,20.95,4.99
532,444703259,"00532M07:47:11.365","00532 08:00:15",207.02,894.52,,,,"     ",3.60,20.88,4.98
532,444703260,"00532M07:47:12.339","00532 08:00:16",207.06,894.46,,,,"     ",3.60,21.04,5.01
532,444703261,"00532M07:47:13.312","00532 08:00:17",207.11,894.46,,,,"     ",3.60,20.80,4.95
532,444703262,"00532M07:47:14.285","00532 08:00:18",207.15,894.44,,,,"     ",3.60,20.83,4.96
532,444703263,"00532M07:47:15.258","00532 08:00:19",207.16,894.49,,,,"     ",3.60,20.89,4.97
532,444703264,"00532M07:47:16.232","00532 08:00:20",207.17,894.48,,,,"     ",3.60,20.92,4.98
532,444703265,"00532M07:47:17.205","00532 08:00:21",207.16,894.37,,,,"     ",3.60,20.83,4.95
532,444703266,"00532M07:47:18.178","00532 08:00:22",207.13,894.39,,,,"     ",3.60,20.97,4.99
532,444703267,"00532M07:47:19.151","00532 08:00:23",207.09,894.49,,,,"     ",3.60,20.92,4.97
532,444703268,"00532M07:47:20.125","00532 08:00:24",207.04,894.49,,,,"     ",3.60,21.00,4.99
532,444703269,"00532M07:47:21.098","00532 08:00:25",207.00,894.46,,,,"     ",3.60,20.87,4.96
532,444703270,"00532M07:47:22.071","00532 08:00:26",206.95,894.53,,,,"     ",3.60,20.94,4.97
532,444703271,"00532M07:47:23.044","00532 08:00:27",206.91,894.48,,,,"     ",3.60,20.78,4.94
532,444703272,"00532M07:47:24.018","00532 08:00:28",206.86,894.47,,,,"     ",3.60,20.84,4.95
532,444703273,"00532M07:47:24.991","00532 08:00:29",206.82,894.43,,,,"     ",3.60,20.96,4.97
532,444703274,"00532M07:47:25.964","00532 08:00:30",206.79,894.42,,,,"     ",3.60,20.88,4.95
532,444703275,"00532M07:47:26.937","00532 08:00:31",206.77,894.48,,,,"     ",3.60,20.93,4.97
532,444703276,"00532M07:47:27.911","00532 08:00:32",206.76,894.47,,,,"     ",3.60,20.95,4.97
532,444703277,"00532M07:47:28.884","00532 08:00:33",206.77,894.46,,,,"     ",3.60,21.01,4.98
532,444703278,"00532M07:47:29.857","00532 08:00:34",206.79,894.55,,,,"     ",3.60,20.88,4.95
532,444703279,"00532M07:47:30.830","00532 08:00:35",206.81,894.44,,,,"     ",3.60,20.93,4.96
532,444703280,"00532M07:47:31.804","00532 08:00:36",206.81,894.48,,,,"     ",3.60,20.91,4.95
532,444703281,"00532M07:47:32.777","00532 08:00:37",206.81,894.54,,,,"     ",3.60,20.95,4.96
532,444703282,"00532M07:47:33.750","00532 08:00:38",206.79,894.53,,,,"     ",3.60,20.91,4.95
532,444703283,"00532M07:47:34.724","00532 08:00:39",206.75,894.51,,,,"     ",3.60,20.98,4.97
532,444703284,"00532M07:47:35.697","00532 08:00:40",206.69,894.41,,,,"     ",3.60,21.13,5.00
532,444703285,"00532M07:47:36.670","00532 08:00:41",206.62,894.41,,,,"     ",3.60,20.90,4.95
532,444703286,"00532M07:47:37.643","00532 08:00:42",206.56,894.45,,,,"     ",3.60,21.04,4.98
532,444703287,"00532M07:47:38.617","00532 08:00:42",206.51,894.46,,,,"     ",3.60,20.91,4.95
532,444703288,"00532M07:47:39.590","00532 08:00:43",206.47,894.48,,,,"     ",3.60,20.94,4.95
532,444703289,"00532M07:47:40.563","00532 08:00:44",206.44,894.42,,,,"     ",3.60,20.89,4.94
532,444703290,"00532M07:47:41.536","00532 08:00:45",206.43,894.48,,,,"     ",3.60,20.88,4.94
532,444703291,"00532M07:47:42.510","00532 08:00:46",206.43,894.48,,,,"     ",3.60,21.05,4.98
532,444703292,"00532M07:47:43.483","00532 08:00:47",206.42,894.47,,,,"     ",3.60,20.95,4.96
532,444703293,"00532M07:47:44.456","00532 08:00:48",206.43,894.56,,,,"     ",3.60,20.96,4.96
532,444703294,"00532M07:47:45.429","00532 08:00:49",206.45,894.49,,,,"     ",3.60,20.84,4.93
532,444703295,"00532M07:47:46.403","00532 08:00:50",206.48,894.50,,,,"     ",3.60,21.01,4.97
532,444703296,"00532M07:47:47.376","00532 08:00:51",206.52,894.48,,,,"     ",3.60,20.88,4.93
532,444703297,"00532M07:47:48.349","00532 08:00:52",206.56,894.42,,,,"     ",3.60,20.99,4.96
532,444703298,"00532M07:47:49.322","00532 08:00:53",206.61,894.42,,,,"     ",3.60,20.94,4.95
532,444703299,"00532M07:47:50.296","00532 08:00:54",206.64,894.48,,,,"     ",3.60,21.10,4.98
532,444703300,"00532M07:47:51.269","00532 08:00:55",206.65,894.45,,,,"     ",3.60,20.98,4.95
532,444703301,"00532M07:47:52.242","00532 08:00:56",206.65,894.43,,,,"     ",3.60,21.09,4.98
532,444703302,"00532M07:47:53.215","00532 08:00:57",206.63,894.46,,,,"     ",3.60,21.01,4.96
532,444703303,"00532M07:47:54.189","00532 08:00:58",206.59,894.49,,,,"     ",3.60,20.89,4.93
532,444703304,"00532M07:47:55.162","00532 08:00:59",206.55,894.47,,,,"     ",3.60,20.89,4.92
532,444703305,"00532M07:47:56.135","00532 08:01:00",206.52,894.53,,,,"     ",3.60,21.10,4.97
532,444703306,"00532M07:47:57.108","00532 08:01:01",206.51,894.57,,,,"     ",3.60,21.17,4.99
532,444703307,"00532M07:47:58.082","00532 08:01:02",206.52,894.59,,,,"     ",3.60,21.01,4.95
532,444703308,"00532M07:47:59.055","00532 08:01:03",206.54,894.50,,,,"     ",3.60,21.04,4.95
532,444703309,"00532M07:48:00.028","00532 08:01:04",206.56,894.50,,,,"     ",3.60,21.08,4.96
532,444703310,"00532M07:48:01.001","00532 08:01:05",206.60,894.46,,,,"     ",3.60,21.08,4.96
532,444703311,"00532M07:48:01.975","00532 08:01:06",206.64,894.38,,,,"     ",3.60,21.04,4.95
532,444703312,"00532M07:48:02.948","00532 08:01:07",206.67,894.37,,,,"     ",3.60,21.18,4.98
532,444703313,"00532M07:48:03.921","00532 08:01:08",206.72,894.41,,,,"     ",3.60,21.04,4.94
532,444703314,"00532M07:48:04.894","00532 08:01:09",206.77,894.42,,,,"     ",3.60,20.97,4.93
532,444703315,"00532M07:48:05.868","00532 08:01:10",206.82,894.35,,,,"     ",3.60,21.15,4.96
532,444703316,"00532M07:48:06.841","00532 08:01:11",206.88,894.37,,,,"     ",3.60,21.06,4.94
532,444703317,"00532M07:48:07.814","00532 08:01:12",206.93,894.38,,,,"     ",3.60,21.10,4.95
532,444703318,"00532M07:48:08.787","00532 08:01:13",206.97,894.43,,,,"     ",3.60,21.10,4.95
532,444703319,"00532M07:48:09.761","00532 08:01:14",207.01,894.43,,,,"     ",3.60,21.06,4.94
532,444703320,"00532M07:48:10.734","00532 08:01:15",207.05,894.47,,,,"     ",3.60,21.21,4.97
532,444703321,"00532M07:48:11.707","00532 08:01:16",207.08,894.44,,,,"     ",3.60,21.12,4.95
532,444703322,"00532M07:48:12.680","00532 08:01:17",207.12,894.48,,,,"     ",3.60,21.13,4.95
532,444703323,"00532M07:48:13.654","00532 08:01:18",207.13,894.44,,,,"     ",3.60,21.06,4.93
532,444703324,"00532M07:48:14.627","00532 08:01:18",207.14,894.51,,,,"     ",3.60,21.06,4.93
532,444703325,"00532M07:48:15.600","00532 08:01:19",207.12,894.52,,,,"     ",3.60,20.99,4.91
532,444703326,"00532M07:48:16.573","00532 08:01:20",207.09,894.52,,,,"     ",3.60,21.09,4.94
532,444703327,"00532M07:48:17.547","00532 08:01:21",207.05,894.38,,,,"     ",3.60,21.24,4.97
532,444703328,"00532M07:48:18.520","00532 08:01:22",207.01,894.38,,,,"     ",3.60,21.04,4.92
532,444703329,"00532M07:48:19.493","00532 08:01:23",206.97,894.42,,,,"     ",3.60,21.18,4.95
532,444703330,"00532M07:48:20.466","00532 08:01:24",206.93,894.40,,,,"     ",3.60,21.16,4.95
532,444703331,"00532M07:48:21.440","00532 08:01:25",206.89,894.48,,,,"     ",3.60,21.22,4.96
532,444703332,"00532M07:48:22.413","00532 08:01:26",206.85,894.41,,,,"     ",3.60,21.11,4.93
532,444703333,"00532M07:48:23.386","00532 08:01:27",206.83,894.35,,,,"     ",3.60,21.01,4.90
532,444703334,"00532M07:48:24.359","00532 08:01:28",206.82,894.40,,,,"     ",3.60,20.90,4.88
532,444703335,"00532M07:48:25.333","00532 08:01:29",206.83,894.39,,,,"     ",3.60,21.03,4.91
532,444703336,"00532M07:48:26.306","00532 08:01:30",206.86,894.36,,,,"     ",3.60,21.02,4.90
532,444703337,"00532M07:48:27.279","00532 08:01:31",206.90,894.33,,,,"     ",3.60,20.97,4.89
532,444703338,"00532M07:48:28.252","00532 08:01:32",206.96,894.34,,,,"     ",3.60,21.14,4.92
532,444703339,"00532M07:48:29.226","00532 08:01:33",207.00,894.36,,,,"     ",3.60,20.98,4.88
532,444703340,"00532M07:48:30.199","00532 08:01:34",207.03,894.43,,,,"     ",3.60,21.17,4.93
532,444703341,"00532M07:48:31.172","00532 08:01:35",207.04,894.54,,,,"     ",3.60,21.07,4.90
532,444703342,"00532M07:48:32.145","00532 08:01:36",207.05,894.42,,,,"     ",3.60,21.04,4.89
532,444703343,"00532M07:48:33.119","00532 08:01:37",207.04,894.51,,,,"     ",3.60,21.07,4.90
532,444703344,"00532M07:48:34.092","00532 08:01:38",207.02,894.31,,,,"     ",3.60,20.95,4.87
532,444703345,"00532M07:48:35.065","00532 08:01:39",207.02,894.36,,,,"     ",3.60,20.93,4.86
532,444703346,"00532M07:48:36.038","00532 08:01:40",207.03,894.39,,,,"     ",3.60,21.07,4.89
532,444703347,"00532M07:48:37.012","00532 08:01:41",207.05,894.45,,,,"     ",3.60,21.19,4.92
532,444703348,"00532M07:48:37.985","00532 08:01:42",207.07,894.36,,,,"     ",3.60,21.07,4.89
532,444703349,"00532M07:48:38.958","00532 08:01:43",207.07,894.26,,,,"     ",3.60,21.11,4.89
532,444703350,"00532M07:48:39.931","00532 08:01:44",207.04,894.24,,,,"     ",3.60,21.22,4.92
532,444703351,"00532M07:48:40.905","00532 08:01:45",207.00,894.41,,,,"     ",3.60,21.22,4.91
532,444703352,"00532M07:48:41.878","00532 08:01:46",206.95,894.46,,,,"     ",3.60,21.13,4.89
532,444703353,"00532M07:48:42.851","00532 08:01:47",206.91,894.47,,,,"     ",3.60,21.16,4.90
532,444703354,"00532M07:48:43.825","00532 08:01:48",206.88,894.43,,,,"     ",3.60,21.11,4.88
532,444703355,"00532M07:48:44.798","00532 08:01:49",206.85,894.44,,,,"     ",3.60,21.06,4.87
532,444703356,"00532M07:48:45.771","00532 08:01:50",206.83,894.45,,,,"     ",3.60,21.16,4.89
532,444703357,"00532M07:48:46.744","00532 08:01:51",206.81,894.34,,,,"     ",3.60,21.13,4.88
532,444703358,"00532M07:48:47.718","00532 08:01:52",206.78,894.39,,,,"     ",3.60,21.19,4.89
532,444703359,"00532M07:48:48.691","00532 08:01:53",206.77,894.43,,,,"     ",3.60,21.00,4.85
532,444703360,"00532M07:48:49.664","00532 08:01:54",206.76,894.41,,,,"     ",3.60,21.19,4.89
532,444703361,"00532M07:48:50.637","00532 08:01:55",206.77,894.42,,,,"     ",3.60,21.19,4.89
532,444703362,"00532M07:48:51.611","00532 08:01:55",206.80,894.33,,,,"     ",3.60,21.25,4.90
532,444703363,"00532M07:48:52.584","00532 08:01:56",206.85,894.38,,,,"     ",3.60,21.13,4.87
532,444703364,"00532M07:48:53.557","00532 08:01:57",206.92,894.42,,,,"     ",3.60,21.07,4.86
532,444703365,"00532M07:48:54.530","00532 08:01:58",207.00,894.45,,,,"     ",3.60,21.12,4.87
532,444703366,"00532M07:48:55.504","00532 08:01:59",207.05,894.48,,,,"     ",3.60,21.12,4.86
532,444703367,"00532M07:48:56.477","00532 08:02:00",207.09,894.39,,,,"     ",3.60,21.04,4.84
532,444703368,"00532M07:48:57.450","00532 08:02:01",207.09,894.39,,,,"     ",3.60,21.17,4.87
532,444703369,"00532M07:48:58.423","00532 08:02:02",207.07,894.41,,,,"     ",3.60,21.18,4.87
532,444703370,"00532M07:48:59.397","00532 08:02:03",207.04,894.42,,,,"     ",3.60,21.17,4.87
532,444703371,"00532M07:49:00.370","00532 08:02:04",207.02,894.42,,,,"     ",3.60,21.13,4.86
532,444703372,"00532M07:49:01.343","00532 08:02:05",207.01,894.43,,,,"     ",3.60,21.14,4.86
532,444703373,"00532M07:49:02.316","00532 08:02:06",207.02,894.45,,,,"     ",3.60,21.12,4.86
532,444703374,"00532M07:49:03.290","00532 08:02:07",207.03,894.55,,,,"     ",3.60,21.12,4.85
532,444703375,"00532M07:49:04.263","00532 08:02:08",207.03,894.48,,,,"     ",3.60,21.38,4.92
532,444703376,"00532M07:49:05.236","00532 08:02:09",207.03,894.44,,,,"     ",3.60,21.02,4.83
532,444703377,"00532M07:49:06.209","00532 08:02:10",207.03,894.46,,,,"     ",3.60,21.19,4.87
532,444703378,"00532M07:49:07.183","00532 08:02:11",207.02,894.40,,,,"     ",3.60,21.11,4.85
532,444703379,"00532M07:49:08.156","00532 08:02:12",207.02,894.44,,,,"     ",3.60,21.03,4.83
532,444703380,"00532M07:49:09.129","00532 08:02:13",207.03,894.54,,,,"     ",3.60,21.16,4.86
532,444703381,"00532M07:49:10.102","00532 08:02:14",207.04,894.37,,,,"     ",3.60,21.19,4.86
532,444703382,"00532M07:49:11.076","00532 08:02:15",207.05,894.34,,,,"     ",3.60,21.23,4.87
532,444703383,"00532M07:49:12.049","00532 08:02:16",207.08,894.37,,,,"     ",3.60,21.35,4.90
532,444703384,"00532M07:49:13.022","00532 08:02:17",207.10,894.36,,,,"     ",3.60,21.09,4.83
532,444703385,"00532M07:49:13.995","00532 08:02:18",207.10,894.34,,,,"     ",3.60,21.22,4.86
532,444703386,"00532M07:49:14.969","00532 08:02:19",207.10,894.34,,,,"     ",3.60,21.32,4.89
532,444703387,"00532M07:49:15.942","00532 08:02:20",207.09,894.39,,,,"     ",3.60,21.43,4.91
532,444703388,"00532M07:49:16.915","00532 08:02:21",207.09,894.35,,,,"     ",3.60,21.26,4.87
532,444703389,"00532M07:49:17.888","00532 08:02:22",207.10,894.31,,,,"     ",3.60,21.26,4.87
532,444703390,"00532M07:49:18.862","00532 08:02:23",207.11,894.35,,,,"     ",3.60,21.38,4.89
532,444703391,"00532M07:49:19.835","00532 08:02:24",207.14,894.34,,,,"     ",3.60,21.44,4.91
532,444703392,"00532M07:49:20.808","00532 08:02:25",207.18,894.35,,,,"     ",3.60,21.32,4.88
532,444703393,"00532M07:49:21.781","00532 08:02:26",207.21,894.39,,,,"     ",3.60,21.30,4.87
532,444703394,"00532M07:49:22.755","00532 08:02:27",207.24,894.39,,,,"     ",3.60,21.37,4.88
532,444703395,"00532M07:49:23.728","00532 08:02:28",207.28,894.36,,,,"     ",3.60,21.18,4.84
532,444703396,"00532M07:49:24.701","00532 08:02:29",207.30,894.41,,,,"     ",3.60,21.35,4.88
532,444703397,"00532M07:49:25.674","00532 08:02:30",207.31,894.42,,,,"     ",3.60,21.34,4.87
532,444703398,"00532M07:49:26.648","00532 08:02:31",207.32,894.37,,,,"     ",3.60,21.40,4.88
532,444703399,"00532M07:49:27.621","00532 08:02:31",207.31,894.41,,,,"     ",3.60,21.28,4.85
532,444703400,"00532M07:49:28.594","00532 08:02:32",207.30,894.30,,,,"     ",3.60,21.23,4.84
532,444703401,"00532M07:49:29.567","00532 08:02:33",207.28,894.32,,,,"     ",3.60,21.31,4.86
532,444703402,"00532M07:49:30.541","00532 08:02:34",207.24,894.35,,,,"     ",3.60,21.51,4.90
532,444703403,"00532M07:49:31.514","00532 08:02:35",207.19,894.32,,,,"     ",3.60,21.21,4.83
532,444703404,"00532M07:49:32.487","00532 08:02:36",207.14,894.32,,,,"     ",3.60,21.50,4.90
532,444703405,"00532M07:49:33.460","00532 08:02:37",207.09,894.40,,,,"     ",3.60,21.40,4.87
532,444703406,"00532M07:49:34.434","00532 08:02:38",207.04,894.42,,,,"     ",3.60,21.46,4.89
532,444703407,"00532M07:49:35.407","00532 08:02:39",206.99,894.43,,,,"     ",3.60,21.52,4.90
532,444703408,"00532M07:49:36.380","00532 08:02:40",206.97,894.40,,,,"     ",3.60,21.29,4.84
532,444703409,"00532M07:49:37.353","00532 08:02:41",206.98,894.36,,,,"     ",3.60,21.43,4.88
532,444703410,"00532M07:49:38.327","00532 08:02:42",207.02,894.39,,,,"     ",3.60,21.38,4.86
532,444703411,"00532M07:49:39.300","00532 08:02:43",207.10,894.39,,,,"     ",3.60,21.54,4.90
532,444703412,"00532M07:49:40.273","00532 08:02:44",207.19,894.43,,,,"     ",3.60,21.67,4.93
532,444703413,"00532M07:49:41.246","00532 08:02:45",207.30,894.37,,,,"     ",3.60,21.33,4.84
532,444703414,"00532M07:49:42.220","00532 08:02:46",207.41,894.41,,,,"     ",3.60,21.59,4.90
532,444703415,"00532M07:49:43.193","00532 08:02:47",207.51,894.43,,,,"     ",3.60,21.52,4.89
532,444703416,"00532M07:49:44.166","00532 08:02:48",207.60,894.38,,,,"     ",3.60,21.58,4.90
532,444703417,"00532M07:49:45.139","00532 08:02:49",207.66,894.36,,,,"     ",3.60,21.28,4.83
532,444703418,"00532M07:49:46.113","00532 08:02:50",207.71,894.36,,,,"     ",3.60,21.42,4.86
532,444703419,"00532M07:49:47.086","00532 08:02:51",207.74,894.34,,,,"     ",3.60,21.53,4.88
532,444703420,"00532M07:49:48.059","00532 08:02:52",207.76,894.38,,,,"     ",3.60,21.45,4.86
532,444703421,"00532M07:49:49.032","00532 08:02:53",207.76,894.34,,,,"     ",3.60,21.54,4.88
532,444703422,"00532M07:49:50.006","00532 08:02:54",207.73,894.31,,,,"     ",3.60,21.52,4.87
532,444703423,"00532M07:49:50.979","00532 08:02:55",207.69,894.35,,,,"     ",3.60,21.59,4.89
532,444703424,"00532M07:49:51.952","00532 08:02:56",207.63,894.29,,,,"     ",3.60,21.50,4.86
532,444703425,"00532M07:49:52.926","00532 08:02:57",207.55,894.37,,,,"     ",3.60,21.46,4.85
532,444703426,"00532M07:49:53.899","00532 08:02:58",207.50,894.39,,,,"     ",3.60,21.31,4.82
532,444703427,"00532M07:49:54.872","00532 08:02:59",207.46,894.39,,,,"     ",3.60,21.56,4.87
532,444703428,"00532M07:49:55.845","00532 08:03:00",207.46,894.39,,,,"     ",3.60,21.54,4.87
532,444703429,"00532M07:49:56.819","00532 08:03:01",207.48,894.37,,,,"     ",3.60,21.58,4.88
532,444703430,"00532M07:49:57.792","00532 08:03:02",207.52,894.42,,,,"     ",3.60,21.30,4.81
532,444703431,"00532M07:49:58.765","00532 08:03:03",207.55,894.39,,,,"     ",3.60,21.57,4.87
532,444703432,"00532M07:49:59.738","00532 08:03:04",207.55,894.29,,,,"     ",3.60,21.71,4.90
532,444703433,"00532M07:50:00.712","00532 08:03:05",207.55,894.42,,,,"     ",3.60,21.46,4.84
532,444703434,"00532M07:50:01.685","00532 08:03:06",207.53,894.34,,,,"     ",3.60,21.37,4.82
532,444703435,"00532M07:50:02.658","00532 08:03:07",207.51,894.38,,,,"     ",3.60,21.65,4.88
532,444703436,"00532M07:50:03.631","00532 08:03:08",207.51,894.34,,,,"     ",3.60,21.58,4.86
532,444703437,"00532M07:50:04.605","00532 08:03:08",207.51,894.38,,,,"     ",3.60,21.67,4.88
532,444703438,"00532M07:50:05.578","00532 08:03:09",207.51,894.43,,,,"     ",3.60,21.66,4.88
532,444703439,"00532M07:50:06.551","00532 08:03:10",207.51,894.43,,,,"     ",3.60,21.72,4.89
532,444703440,"00532M07:50:07.524","00532 08:03:11",207.50,894.40,,,,"     ",3.60,21.63,4.87
532,444703441,"00532M07:50:08.498","00532 08:03:12",207.47,894.39,,,,"     ",3.60,21.45,4.82
532,444703442,"00532M07:50:09.471","00532 08:03:13",207.45,894.32,,,,"     ",3.60,21.66,4.87
532,444703443,"00532M07:50:10.444","00532 08:03:14",207.44,894.33,,,,"     ",3.60,21.49,4.83
532,444703444,"00532M07:50:11.417","00532 08:03:15",207.44,894.32,,,,"     ",3.60,21.63,4.86
532,444703445,"00532M07:50:12.391","00532 08:03:16",207.46,894.27,,,,"     ",3.60,21.70,4.87
532,444703446,"00532M07:50:13.364","00532 08:03:17",207.51,894.27,,,,"     ",3.60,21.65,4.86
532,444703447,"00532M07:50:14.337","00532 08:03:18",207.58,894.26,,,,"     ",3.60,21.73,4.87
532,444703448,"00532M07:50:15.310","00532 08:03:19",207.65,894.29,,,,"     ",3.60,21.58,4.84
532,444703449,"00532M07:50:16.284","00532 08:03:20",207.71,894.38,,,,"     ",3.60,21.56,4.83
532,444703450,"00532M07:50:17.257","00532 08:03:21",207.75,894.42,,,,"     ",3.60,21.61,4.84
532,444703451,"00532M07:50:18.230","00532 08:03:22",207.79,894.37,,,,"     ",3.60,21.76,4.87
532,444703452,"00532M07:50:19.203","00532 08:03:23",207.84,894.41,,,,"     ",3.60,21.73,4.86
532,444703453,"00532M07:50:20.177","00532 08:03:24",207.89,894.40,,,,"     ",3.60,21.60,4.83
532,444703454,"00532M07:50:21.150","00532 08:03:25",207.96,894.38,,,,"     ",3.60,21.65,4.84
532,444703455,"00532M07:50:22.123","00532 08:03:26",208.02,894.31,,,,"     ",3.60,21.73,4.86
532,444703456,"00532M07:50:23.096","00532 08:03:27",208.07,894.33,,,,"     ",3.60,21.57,4.82
532,444703457,"00532M07:50:24.070","00532 08:03:28",208.10,894.30,,,,"     ",3.60,21.79,4.87
532,444703458,"00532M07:50:25.043","00532 08:03:29",208.12,894.36,,,,"     ",3.60,21.83,4.88
532,444703459,"00532M07:50:26.016","00532 08:03:30",208.13,894.32,,,,"     ",3.60,21.75,4.85
532,444703460,"00532M07:50:26.989","00532 08:03:31",208.14,894.32,,,,"     ",3.60,21.76,4.85
532,444703461,"00532M07:50:27.963","00532 08:03:32",208.14,894.29,,,,"     ",3.60,21.77,4.86
532,444703462,"00532M07:50:28.936","00532 08:03:33",208.15,894.34,,,,"     ",3.60,21.72,4.84
532,444703463,"00532M07:50:29.909","00532 08:03:34",208.16,894.29,,,,"     ",3.60,21.76,4.85
532,444703464,"00532M07:50:30.882","00532 08:03:35",208.15,894.34,,,,"     ",3.60,21.74,4.84
532,444703465,"00532M07:50:31.856","00532 08:03:36",208.13,894.24,,,,"     ",3.60,21.87,4.87
532,444703466,"00532M07:50:32.829","00532 08:03:37",208.11,894.20,,,,"     ",3.60,21.82,4.86
532,444703467,"00532M07:50:33.802","00532 08:03:38",208.11,894.26,,,,"     ",3.60,21.81,4.85
532,444703468,"00532M07:50:34.775","00532 08:03:39",208.12,894.30,,,,"     ",3.60,21.88,4.87
532,444703469,"00532M07:50:35.749","00532 08:03:40",208.14,894.30,,,,"     ",3.60,21.75,4.84
532,444703470,"00532M07:50:36.722","00532 08:03:41",208.18,894.31,,,,"     ",3.60,21.77,4.84
532,444703471,"00532M07:50:37.695","00532 08:03:42",208.23,894.28,,,,"     ",3.60,21.78,4.84
532,444703472,"00532M07:50:38.668","00532 08:03:43",208.29,894.28,,,,"     ",3.60,21.72,4.82
532,444703473,"00532M07:50:39.642","00532 08:03:44",208.36,894.37,,,,"     ",3.60,21.86,4.86
532,444703474,"00532M07:50:40.615","00532 08:03:45",208.44,894.36,,,,"     ",3.60,21.92,4.87
532,444703475,"00532M07:50:41.588","00532 08:03:45",208.53,894.29,,,,"     ",3.60,21.86,4.85
532,444703476,"00532M07:50:42.561","00532 08:03:46",208.64,894.32,,,,"     ",3.60,21.81,4.84
532,444703477,"00532M07:50:43.535","00532 08:03:47",208.75,894.35,,,,"     ",3.60,21.72,4.81
532,444703478,"00532M07:50:44.508","00532 08:03:48",208.88,894.37,,,,"     ",3.60,21.88,4.85
532,444703479,"00532M07:50:45.481","00532 08:03:49",209.16,894.33,,,,"     ",3.60,22.13,4.90
532,444703480,"00532M07:50:46.454","00532 08:03:50",209.21,894.37,,,,"     ",3.60,21.78,4.82
532,444703481,"00532M07:50:47.428","00532 08:03:51",209.25,894.32,,,,"     ",3.60,21.85,4.84
532,444703482,"00532M07:50:48.401","00532 08:03:52",209.27,894.37,,,,"     ",3.60,21.99,4.87
532,444703483,"00532M07:50:49.374","00532 08:03:53",209.30,894.41,,,,"     ",3.60,21.73,4.81
532,444703484,"00532M07:50:50.347","00532 08:03:54",209.31,894.42,,,,"     ",3.60,21.72,4.80
532,444703485,"00532M07:50:51.321","00532 08:03:55",209.32,894.31,,,,"     ",3.60,21.91,4.84
532,444703486,"00532M07:50:52.294","00532 08:03:56",209.32,894.35,,,,"     ",3.60,21.65,4.78
532,444703487,"00532M07:50:53.267","00532 08:03:57",209.32,894.29,,,,"     ",3.60,21.84,4.82
532,444703488,"00532M07:50:54.240","00532 08:03:58",209.31,894.29,,,,"     ",3.60,21.77,4.80
532,444703489,"00532M07:50:55.214","00532 08:03:59",209.29,894.36,,,,"     ",3.60,22.04,4.86
532,444703490,"00532M07:50:56.187","00532 08:04:00",209.26,894.37,,,,"     ",3.60,21.93,4.84
532,444703491,"00532M07:50:57.160","00532 08:04:01",209.23,894.26,,,,"     ",3.60,21.96,4.84
532,444703492,"00532M07:50:58.133","00532 08:04:02",209.17,894.27,,,,"     ",3.60,21.93,4.83
532,444703493,"00532M07:50:59.107","00532 08:04:03",209.10,894.37,,,,"     ",3.60,21.94,4.83
532,444703494,"00532M07:51:00.080","00532 08:04:04",209.03,894.35,,,,"     ",3.60,21.93,4.83
532,444703495,"00532M07:51:01.053","00532 08:04:05",208.97,894.30,,,,"     ",3.60,21.83,4.80
532,444703496,"00532M07:51:02.027","00532 08:04:06",208.93,894.30,,,,"     ",3.60,21.83,4.80
532,444703497,"00532M07:51:03.000","00532 08:04:07",208.93,894.36,,,,"     ",3.60,22.08,4.85
532,444703498,"00532M07:51:03.973","00532 08:04:08",208.97,894.38,,,,"     ",3.60,22.11,4.86
532,444703499,"00532M07:51:04.946","00532 08:04:09",209.05,894.39,,,,"     ",3.60,22.11,4.86
532,444703500,"00532M07:51:05.920","00532 08:04:10",209.15,894.37,,,,"     ",3.60,21.78,4.78
532,444703501,"00532M07:51:06.893","00532 08:04:11",209.29,894.41,,,,"     ",3.60,21.73,4.76
532,444703502,"00532M07:51:07.866","00532 08:04:12",209.43,894.35,,,,"     ",3.60,22.11,4.85
532,444703503,"00532M07:51:08.839","00532 08:04:13",209.57,894.34,,,,"     ",3.60,21.93,4.80
532,444703504,"00532M07:51:09.813","00532 08:04:14",209.72,894.36,,,,"     ",3.60,21.91,4.80
532,444703505,"00532M07:51:10.786","00532 08:04:15",209.84,894.33,,,,"     ",3.60,21.99,4.81
532,444703506,"00532M07:51:11.759","00532 08:04:16",209.95,894.28,,,,"     ",3.60,21.85,4.78
532,444703507,"00532M07:51:12.732","00532 08:04:17",210.04,894.26,,,,"     ",3.60,21.87,4.78
532,444703508,"00532M07:51:13.706","00532 08:04:18",210.10,894.32,,,,"     ",3.60,21.92,4.79
532,444703509,"00532M07:51:14.679","00532 08:04:19",210.14,894.24,,,,"     ",3.60,22.12,4.83
532,444703510,"00532M07:51:15.652","00532 08:04:20",210.16,894.24,,,,"     ",3.60,21.96,4.79
532,444703511,"00532M07:51:16.625","00532 08:04:21",210.18,894.24,,,,"     ",3.60,21.95,4.78
532,444703512,"00532M07:51:17.599","00532 08:04:21",210.20,894.29,,,,"     ",3.60,22.23,4.84
532,444703513,"00532M07:51:18.572","00532 08:04:22",210.21,894.31,,,,"     ",3.60,22.02,4.79
532,444703514,"00532M07:51:19.545","00532 08:04:23",210.23,894.25,,,,"     ",3.60,22.15,4.82
532,444703515,"00532M07:51:20.518","00532 08:04:24",210.25,894.30,,,,"     ",3.60,21.98,4.78
532,444703516,"00532M07:51:21.492","00532 08:04:25",210.27,894.36,,,,"     ",3.60,22.07,4.80
532,444703517,"00532M07:51:22.465","00532 08:04:26",210.29,894.22,,,,"     ",3.60,21.94,4.76
532,444703518,"00532M07:51:23.438","00532 08:04:27",210.32,894.27,,,,"     ",3.60,22.09,4.79
532,444703519,"00532M07:51:24.411","00532 08:04:28",210.33,894.22,,,,"     ",3.60,21.90,4.75
532,444703520,"00532M07:51:25.385","00532 08:04:29",210.34,894.20,,,,"     ",3.60,22.06,4.78
532,444703521,"00532M07:51:26.358","00532 08:04:30",210.32,894.31,,,,"     ",3.60,22.03,4.77
532,444703522,"00532M07:51:27.331","00532 08:04:31",210.29,894.26,,,,"     ",3.60,22.20,4.81
532,444703523,"00532M07:51:28.304","00532 08:04:32",210.28,894.21,,,,"     ",3.60,22.11,4.79
532,444703524,"00532M07:51:29.278","00532 08:04:33",210.27,894.28,,,,"     ",3.60,22.11,4.78
532,444703525,"00532M07:51:30.251","00532 08:04:34",210.28,894.18,,,,"     ",3.60,22.23,4.81
532,444703526,"00532M07:51:31.224","00532 08:04:35",210.31,894.23,,,,"     ",3.60,22.19,4.80
532,444703527,"00532M07:51:32.197","00532 08:04:36",210.36,894.25,,,,"     ",3.60,22.02,4.76
532,444703528,"00532M07:51:33.171","00532 08:04:37",210.41,894.30,,,,"     ",3.60,21.99,4.75
532,444703529,"00532M07:51:34.144","00532 08:04:38",210.46,894.33,,,,"     ",3.60,22.21,4.79
532,444703530,"00532M07:51:35.117","00532 08:04:39",210.50,894.34,,,,"     ",3.60,22.13,4.77
532,444703531,"00532M07:51:36.090","00532 08:04:40",210.52,894.39,,,,"     ",3.60,22.16,4.78
532,444703532,"00532M07:51:37.064","00532 08:04:41",210.52,894.37,,,,"     ",3.60,22.34,4.81
532,444703533,"00532M07:51:38.037","00532 08:04:42",210.50,894.35,,,,"     ",3.60,22.23,4.79
532,444703534,"00532M07:51:39.010","00532 08:04:43",210.46,894.38,,,,"     ",3.60,22.14,4.76
532,444703535,"00532M07:51:39.983","00532 08:04:44",210.41,894.36,,,,"     ",3.60,22.17,4.77
532,444703536,"00532M07:51:40.957","00532 08:04:45",210.35,894.37,,,,"     ",3.60,22.00,4.73
532,444703537,"00532M07:51:41.930","00532 08:04:46",210.28,894.34,,,,"     ",3.60,22.20,4.77
532,444703538,"00532M07:51:42.903","00532 08:04:47",210.19,894.35,,,,"     ",3.60,22.29,4.78
532,444703539,"00532M07:51:43.876","00532 08:04:48",210.10,894.29,,,,"     ",3.60,22.22,4.77
532,444703540,"00532M07:51:44.850","00532 08:04:49",210.00,894.23,,,,"     ",3.60,22.20,4.75
532,444703541,"00532M07:51:45.823","00532 08:04:50",209.92,894.35,,,,"     ",3.60,22.11,4.73
532,444703542,"00532M07:51:46.796","00532 08:04:51",209.88,894.30,,,,"     ",3.60,22.27,4.77
532,444703543,"00532M07:51:47.769","00532 08:04:52",209.87,894.29,,,,"     ",3.60,22.25,4.76
532,444703544,"00532M07:51:48.743","00532 08:04:53",209.89,894.30,,,,"     ",3.60,22.21,4.75
532,444703545,"00532M07:51:49.716","00532 08:04:54",209.91,894.39,,,,"     ",3.60,22.26,4.76
532,444703546,"00532M07:51:50.689","00532 08:04:55",209.93,894.25,,,,"     ",3.60,22.26,4.75
532,444703547,"00532M07:51:51.662","00532 08:04:56",209.93,894.34,,,,"     ",3.60,22.20,4.73
532,444703548,"00532M07:51:52.636","00532 08:04:57",209.91,894.30,,,,"     ",3.60,22.30,4.75
532,444703549,"00532M07:51:53.609","00532 08:04:58",209.89,894.39,,,,"     ",3.60,22.14,4.72
532,444703550,"00532M07:51:54.582","00532 08:04:58",209.87,894.35,,,,"     ",3.60,22.41,4.77
532,444703551,"00532M07:51:55.555","00532 08:04:59",209.86,894.42,,,,"     ",3.60,22.27,4.74
532,444703552,"00532M07:51:56.529","00532 08:05:00",209.86,894.32,,,,"     ",3.60,22.37,4.76
532,444703553,"00532M07:51:57.502","00532 08:05:01",209.89,894.24,,,,"     ",3.60,22.35,4.75
532,444703554,"00532M07:51:58.475","00532 08:05:02",209.93,894.25,,,,"     ",3.60,22.33,4.74
532,444703555,"00532M07:51:59.448","00532 08:05:03",209.98,894.19,,,,"     ",3.60,22.25,4.72
532,444703556,"00532M07:52:00.422","00532 08:05:04",210.02,894.23,,,,"     ",3.60,22.25,4.72
532,444703557,"00532M07:52:01.395","00532 08:05:05",210.07,894.22,,,,"     ",3.60,22.33,4.73
532,444703558,"00532M07:52:02.368","00532 08:05:06",210.11,894.21,,,,"     ",3.60,22.47,4.76
532,444703559,"00532M07:52:03.341","00532 08:05:07",210.15,894.13,,,,"     ",3.60,22.31,4.72
532,444703560,"00532M07:52:04.315","00532 08:05:08",210.20,894.24,,,,"     ",3.60,22.22,4.70
532,444703561,"00532M07:52:05.288","00532 08:05:09",210.25,894.30,,,,"     ",3.60,22.35,4.72
532,444703562,"00532M07:52:06.261","00532 08:05:10",210.29,894.22,,,,"     ",3.60,22.33,4.72
532,444703563,"00532M07:52:07.234","00532 08:05:11",210.34,894.23,,,,"     ",3.60,22.29,4.70
532,444703564,"00532M07:52:08.208","00532 08:05:12",210.36,894.23,,,,"     ",3.60,22.20,4.68
532,444703565,"00532M07:52:09.181","00532 08:05:13",210.37,894.20,,,,"     ",3.60,22.31,4.70
532,444703566,"00532M07:52:10.154","00532 08:05:14",210.36,894.23,,,,"     ",3.60,22.28,4.69
532,444703567,"00532M07:52:11.128","00532 08:05:15",210.33,894.20,,,,"     ",3.60,22.38,4.71
532,444703568,"00532M07:52:12.101","00532 08:05:16",210.31,894.29,,,,"     ",3.60,22.37,4.71
532,444703569,"00532M07:52:13.074","00532 08:05:17",210.30,894.26,,,,"     ",3.60,22.36,4.70
532,444703570,"00532M07:52:14.047","00532 08:05:18",210.31,894.26,,,,"     ",3.60,22.40,4.71
532,444703571,"00532M07:52:15.021","00532 08:05:19",210.33,894.23,,,,"     ",3.60,22.51,4.72
532,444703572,"00532M07:52:15.994","00532 08:05:20",210.36,894.19,,,,"     ",3.60,22.47,4.71
532,444703573,"00532M07:52:16.967","00532 08:05:21",210.40,894.32,,,,"     ",3.60,22.49,4.72
532,444703574,"00532M07:52:17.940","00532 08:05:22",210.45,894.13,,,,"     ",3.60,22.33,4.68
532,444703575,"00532M07:52:18.914","00532 08:05:23",210.49,894.25,,,,"     ",3.60,22.35,4.68
532,444703576,"00532M07:52:19.887","00532 08:05:24",210.53,894.21,,,,"     ",3.60,22.19,4.64
532,444703577,"00532M07:52:20.860","00532 08:05:25",210.54,894.25,,,,"     ",3.60,22.42,4.69
532,444703578,"00532M07:52:21.833","00532 08:05:26",210.52,894.28,,,,"     ",3.60,22.34,4.67
532,444703579,"00532M07:52:22.807","00532 08:05:27",210.50,894.29,,,,"     ",3.60,22.43,4.68
532,444703580,"00532M07:52:23.780","00532 08:05:28",210.48,894.28,,,,"     ",3.60,22.59,4.71
532,444703581,"00532M07:52:24.753","00532 08:05:29",210.47,894.32,,,,"     ",3.60,22.43,4.68
532,444703582,"00532M07:52:25.726","00532 08:05:30",210.47,894.32,,,,"     ",3.60,22.52,4.69
532,444703583,"00532M07:52:26.700","00532 08:05:31",210.49,894.34,,,,"     ",3.60,22.57,4.70
532,444703584,"00532M07:52:27.673","00532 08:05:32",210.51,894.23,,,,"     ",3.60,22.51,4.68
532,444703585,"00532M07:52:28.646","00532 08:05:33",210.54,894.21,,,,"     ",3.60,22.49,4.68
532,444703586,"00532M07:52:29.619","00532 08:05:34",210.57,894.24,,,,"     ",3.60,22.52,4.68
532,444703587,"00532M07:52:30.593","00532 08:05:34",210.60,894.26,,,,"     ",3.60,22.42,4.66
532,444703588,"00532M07:52:31.566","00532 08:05:35",210.63,894.27,,,,"     ",3.60,22.33,4.63
532,444703589,"00532M07:52:32.539","00532 08:05:36",210.65,894.24,,,,"     ",3.60,22.48,4.66
532,444703590,"00532M07:52:33.512","00532 08:05:37",210.68,894.19,,,,"     ",3.60,22.34,4.63
532,444703591,"00532M07:52:34.486","00532 08:05:38",210.70,894.21,,,,"     ",3.60,22.52,4.66
532,444703592,"00532M07:52:35.459","00532 08:05:39",210.71,894.24,,,,"     ",3.60,22.53,4.66
532,444703593,"00532M07:52:36.432","00532 08:05:40",210.72,894.26,,,,"     ",3.60,22.57,4.67
532,444703594,"00532M07:52:37.405","00532 08:05:41",210.71,894.26,,,,"     ",3.60,22.49,4.65
532,444703595,"00532M07:52:38.379","00532 08:05:42",210.68,894.25,,,,"     ",3.60,22.56,4.66
532,444703596,"00532M07:52:39.352","00532 08:05:43",210.65,894.31,,,,"     ",3.60,22.65,4.68
532,444703597,"00532M07:52:40.325","00532 08:05:44",210.61,894.23,,,,"     ",3.60,22.62,4.67
532,444703598,"00532M07:52:41.298","00532 08:05:45",210.57,894.14,,,,"     ",3.60,22.51,4.64
532,444703599,"00532M07:52:42.272","00532 08:05:46",210.57,894.14,,,,"     ",3.60,22.71,4.68
532,444703600,"00532M07:52:43.245","00532 08:05:47",210.59,894.11,,,,"     ",3.60,22.56,4.65
532,444703601,"00532M07:52:44.218","00532 08:05:48",210.63,894.21,,,,"     ",3.60,22.51,4.63
532,444703602,"00532M07:52:45.191","00532 08:05:49",210.67,894.27,,,,"     ",3.60,22.64,4.66
532,444703603,"00532M07:52:46.165","00532 08:05:50",210.70,894.21,,,,"     ",3.60,22.52,4.63
532,444703604,"00532M07:52:47.138","00532 08:05:51",210.73,894.35,,,,"     ",3.60,22.62,4.65
532,444703605,"00532M07:52:48.111","00532 08:05:52",210.75,894.31,,,,"     ",3.60,22.53,4.63
532,444703606,"00532M07:52:49.084","00532 08:05:53",210.77,894.31,,,,"     ",3.60,22.69,4.66
532,444703607,"00532M07:52:50.058","00532 08:05:54",210.80,894.35,,,,"     ",3.60,22.67,4.65
532,444703608,"00532M07:52:51.031","00532 08:05:55",210.82,894.34,,,,"     ",3.60,22.61,4.64
532,444703609,"00532M07:52:52.004","00532 08:05:56",210.83,894.34,,,,"     ",3.60,22.64,4.64
532,444703610,"00532M07:52:52.977","00532 08:05:57",210.84,894.30,,,,"     ",3.60,22.71,4.65
532,444703611,"00532M07:52:53.951","00532 08:05:58",210.85,894.34,,,,"     ",3.60,22.64,4.63
532,444703612,"00532M07:52:54.924","00532 08:05:59",210.85,894.31,,,,"     ",3.60,22.66,4.64
532,444703613,"00532M07:52:55.897","00532 08:06:00",210.84,894.17,,,,"     ",3.60,22.61,4.62
532,444703614,"00532M07:52:56.870","00532 08:06:01",210.82,894.24,,,,"     ",3.60,22.82,4.66
532,444703615,"00532M07:52:57.844","00532 08:06:02",210.78,894.18,,,,"     ",3.60,22.69,4.63
532,444703616,"00532M07:52:58.817","00532 08:06:03",210.75,894.20,,,,"     ",3.60,22.68,4.63
532,444703617,"00532M07:52:59.790","00532 08:06:04",210.72,894.19,,,,"     ",3.60,22.63,4.62
532,444703618,"00532M07:53:00.763","00532 08:06:05",210.71,894.17,,,,"     ",3.60,22.68,4.62
532,444703619,"00532M07:53:01.737","00532 08:06:06",210.69,894.13,,,,"     ",3.60,22.52,4.59
532,444703620,"00532M07:53:02.710","00532 08:06:07",210.69,894.25,,,,"     ",3.60,22.85,4.65
532,444703621,"00532M07:53:03.683","00532 08:06:08",210.67,894.16,,,,"     ",3.60,22.72,4.62
532,444703622,"00532M07:53:04.656","00532 08:06:09",210.66,894.20,,,,"     ",3.60,22.78,4.63
532,444703623,"00532M07:53:05.630","00532 08:06:10",210.65,894.24,,,,"     ",3.60,22.71,4.62
532,444703624,"00532M07:53:06.603","00532 08:06:11",210.65,894.22,,,,"     ",3.60,22.76,4.62
532,444703625,"00532M07:53:07.576","00532 08:06:11",210.65,894.20,,,,"     ",3.60,22.82,4.63
532,444703626,"00532M07:53:08.549","00532 08:06:12",210.67,894.27,,,,"     ",3.60,22.81,4.63
532,444703627,"00532M07:53:09.523","00532 08:06:13",210.69,894.25,,,,"     ",3.60,22.84,4.63
532,444703628,"00532M07:53:10.496","00532 08:06:14",210.73,894.25,,,,"     ",3.60,22.72,4.61
532,444703629,"00532M07:53:11.469","00532 08:06:15",210.77,894.32,,,,"     ",3.60,22.85,4.63
532,444703630,"00532M07:53:12.442","00532 08:06:16",210.82,894.26,,,,"     ",3.60,22.86,4.63
532,444703631,"00532M07:53:13.416","00532 08:06:17",210.88,894.28,,,,"     ",3.60,22.64,4.58
532,444703632,"00532M07:53:14.389","00532 08:06:18",210.94,894.30,,,,"     ",3.60,22.76,4.60
532,444703633,"00532M07:53:15.362","00532 08:06:19",210.99,894.31,,,,"     ",3.60,22.96,4.64
532,444703634,"00532M07:53:16.335","00532 08:06:20",211.01,894.23,,,,"     ",3.60,22.92,4.63
532,444703635,"00532M07:53:17.309","00532 08:06:21",211.04,894.17,,,,"     ",3.60,22.75,4.59
532,444703636,"00532M07:53:18.282","00532 08:06:22",211.05,894.22,,,,"     ",3.60,22.83,4.61
532,444703637,"00532M07:53:19.255","00532 08:06:23",211.08,894.20,,,,"     ",3.60,22.82,4.60
532,444703638,"00532M07:53:20.228","00532 08:06:24",211.09,894.19,,,,"     ",3.60,22.86,4.61
532,444703639,"00532M07:53:21.202","00532 08:06:25",211.10,894.24,,,,"     ",3.60,22.90,4.62
532,444703640,"00532M07:53:22.175","00532 08:06:26",211.11,894.30,,,,"     ",3.60,22.87,4.61
532,444703641,"00532M07:53:23.148","00532 08:06:27",211.11,894.23,,,,"     ",3.60,22.96,4.62
532,444703642,"00532M07:53:24.122","00532 08:06:28",211.12,894.25,,,,"     ",3.60,22.97,4.62
532,444703643,"00532M07:53:25.095","00532 08:06:29",211.14,894.24,,,,"     ",3.60,22.94,4.61
532,444703644,"00532M07:53:26.068","00532 08:06:30",211.16,894.31,,,,"     ",3.60,22.93,4.61
532,444703645,"00532M07:53:27.041","00532 08:06:31",211.19,894.30,,,,"     ",3.60,23.04,4.63
532,444703646,"00532M07:53:28.015","00532 08:06:32",211.24,894.29,,,,"     ",3.60,22.89,4.60
532,444703647,"00532M07:53:28.988","00532 08:06:33",211.30,894.15,,,,"     ",3.60,22.96,4.61
532,444703648,"00532M07:53:29.961","00532 08:06:34",211.37,894.24,,,,"     ",3.60,22.82,4.58
532,444703649,"00532M07:53:30.934","00532 08:06:35",211.45,894.26,,,,"     ",3.60,22.94,4.60
532,444703650,"00532M07:53:31.908","00532 08:06:36",211.51,894.18,,,,"     ",3.60,22.80,4.57
532,444703651,"00532M07:53:32.881","00532 08:06:37",211.56,894.20,,,,"     ",3.60,22.95,4.60
532,444703652,"00532M07:53:33.854","00532 08:06:38",211.58,894.21,,,,"     ",3.60,22.94,4.59
532,444703653,"00532M07:53:34.827","00532 08:06:39",211.58,894.25,,,,"     ",3.60,23.00,4.60
532,444703654,"00532M07:53:35.801","00532 08:06:40",211.55,894.26,,,,"     ",3.60,23.04,4.61
532,444703655,"00532M07:53:36.774","00532 08:06:41",211.51,894.23,,,,"     ",3.60,23.04,4.60
532,444703656,"00532M07:53:37.747","00532 08:06:42",211.46,894.24,,,,"     ",3.60,22.95,4.58
532,444703657,"00532M07:53:38.720","00532 08:06:43",211.42,894.36,,,,"     ",3.60,23.04,4.60
532,444703658,"00532M07:53:39.694","00532 08:06:44",211.38,894.30,,,,"     ",3.60,23.16,4.62
532,444703659,"00532M07:53:40.667","00532 08:06:45",211.34,894.25,,,,"     ",3.60,23.00,4.59
532,444703660,"00532M07:53:41.640","00532 08:06:46",211.30,894.20,,,,"     ",3.60,22.88,4.56
532,444703661,"00532M07:53:42.613","00532 08:06:47",211.28,894.24,,,,"     ",3.60,23.07,4.59
532,444703662,"00532M07:53:43.587","00532 08:06:47",211.26,894.23,,,,"     ",3.60,23.15,4.61
532,444703663,"00532M07:53:44.560","00532 08:06:48",211.23,894.18,,,,"     ",3.60,23.17,4.61
532,444703664,"00532M07:53:45.533","00532 08:06:49",211.22,894.28,,,,"     ",3.60,23.06,4.58
532,444703665,"00532M07:53:46.506","00532 08:06:50",211.19,894.21,,,,"     ",3.60,23.18,4.61
532,444703666,"00532M07:53:47.480","00532 08:06:51",211.15,894.24,,,,"     ",3.60,23.10,4.59
532,444703667,"00532M07:53:48.453","00532 08:06:52",211.10,894.25,,,,"     ",3.60,23.18,4.60
532,444703668,"00532M07:53:49.426","00532 08:06:53",211.04,894.27,,,,"     ",3.60,23.07,4.58
532,444703669,"00532M07:53:50.399","00532 08:06:54",210.98,894.23,,,,"     ",3.60,23.15,4.59
532,444703670,"00532M07:53:51.373","00532 08:06:55",210.92,894.15,,,,"     ",3.60,22.96,4.55
532,444703671,"00532M07:53:52.346","00532 08:06:56",210.87,894.17,,,,"     ",3.60,23.10,4.57
532,444703672,"00532M07:53:53.319","00532 08:06:57",210.82,894.19,,,,"     ",3.60,23.17,4.59
532,444703673,"00532M07:53:54.292","00532 08:06:58",210.80,894.19,,,,"     ",3.60,23.17,4.58
532,444703674,"00532M07:53:55.266","00532 08:06:59",210.80,894.14,,,,"     ",3.60,23.23,4.59
532,444703675,"00532M07:53:56.239","00532 08:07:00",210.83,894.07,,,,"     ",3.60,23.19,4.58
532,444703676,"00532M07:53:57.212","00532 08:07:01",210.88,894.12,,,,"     ",3.60,23.13,4.57
532,444703677,"00532M07:53:58.185","00532 08:07:02",210.94,894.13,,,,"     ",3.60,23.09,4.56
532,444703678,"00532M07:53:59.159","00532 08:07:03",210.99,894.19,,,,"     ",3.60,23.18,4.57
532,444703679,"00532M07:54:00.132","00532 08:07:04",211.05,894.16,,,,"     ",3.60,23.31,4.60
532,444703680,"00532M07:54:01.105","00532 08:07:05",211.10,894.20,,,,"     ",3.60,23.41,4.62
532,444703681,"00532M07:54:02.078","00532 08:07:06",211.15,894.21,,,,"     ",3.60,23.15,4.56
532,444703682,"00532M07:54:03.052","00532 08:07:07",211.20,894.23,,,,"     ",3.60,23.47,4.62
532,444703683,"00532M07:54:04.025","00532 08:07:08",211.24,894.17,,,,"     ",3.60,23.37,4.60
532,444703684,"00532M07:54:04.998","00532 08:07:09",211.26,894.22,,,,"     ",3.60,23.39,4.60
532,444703685,"00532M07:54:05.971","00532 08:07:10",211.28,894.23,,,,"     ",3.60,23.22,4.56
532,444703686,"00532M07:54:06.945","00532 08:07:11",211.28,894.24,,,,"     ",3.60,23.38,4.59
532,444703687,"00532M07:54:07.918","00532 08:07:12",211.28,894.29,,,,"     ",3.60,23.31,4.58
532,444703688,"00532M07:54:08.891","00532 08:07:13",211.25,894.19,,,,"     ",3.60,23.47,4.61
532,444703689,"00532M07:54:09.864","00532 08:07:14",211.22,894.28,,,,"     ",3.60,23.43,4.60
532,444703690,"00532M07:54:10.838","00532 08:07:15",211.16,894.24,,,,"     ",3.60,23.30,4.57
532,444703691,"00532M07:54:11.811","00532 08:07:16",211.11,894.27,,,,"     ",3.60,23.27,4.56
532,444703692,"00532M07:54:12.784","00532 08:07:17",211.07,894.28,,,,"     ",3.60,23.31,4.57
532,444703693,"00532M07:54:13.757","00532 08:07:18",211.04,894.14,,,,"     ",3.60,23.39,4.58
532,444703694,"00532M07:54:14.731","00532 08:07:19",211.03,894.15,,,,"     ",3.60,23.54,4.61
532,444703695,"00532M07:54:15.704","00532 08:07:20",211.04,894.15,,,,"     ",3.60,23.42,4.58
532,444703696,"00532M07:54:16.677","00532 08:07:21",211.04,894.20,,,,"     ",3.60,23.59,4.61
532,444703697,"00532M07:54:17.650","00532 08:07:22",211.05,894.18,,,,"     ",3.60,23.38,4.57
532,444703698,"00532M07:54:18.624","00532 08:07:23",211.04,894.23,,,,"     ",3.60,23.44,4.58
532,444703699,"00532M07:54:19.597","00532 08:07:24",211.05,894.25,,,,"     ",3.60,23.38,4.56
532,444703700,"00532M07:54:20.570","00532 08:07:24",211.06,894.21,,,,"     ",3.60,23.28,4.54
532,444703701,"00532M07:54:21.543","00532 08:07:25",211.09,894.21,,,,"     ",3.60,23.33,4.55
532,444703702,"00532M07:54:22.517","00532 08:07:26",211.12,894.24,,,,"     ",3.60,23.50,4.58
532,444703703,"00532M07:54:23.490","00532 08:07:27",211.13,894.16,,,,"     ",3.60,23.54,4.58
532,444703704,"00532M07:54:24.463","00532 08:07:28",211.13,894.24,,,,"     ",3.60,23.45,4.56
532,444703705,"00532M07:54:25.436","00532 08:07:29",211.11,894.16,,,,"     ",3.60,23.56,4.58
532,444703706,"00532M07:54:26.410","00532 08:07:30",211.08,894.11,,,,"     ",3.60,23.36,4.54
532,444703707,"00532M07:54:27.383","00532 08:07:31",211.05,894.12,,,,"     ",3.60,23.41,4.55
532,444703708,"00532M07:54:28.356","00532 08:07:32",210.99,894.17,,,,"     ",3.60,23.48,4.56
532,444703709,"00532M07:54:29.329","00532 08:07:33",210.95,894.15,,,,"     ",3.60,23.34,4.53
532,444703710,"00532M07:54:30.303","00532 08:07:34",210.91,894.10,,,,"     ",3.60,23.48,4.56
532,444703711,"00532M07:54:31.276","00532 08:07:35",210.89,894.15,,,,"     ",3.60,23.74,4.61
532,444703712,"00532M07:54:32.249","00532 08:07:36",210.87,894.12,,,,"     ",3.60,23.50,4.55
532,444703713,"00532M07:54:33.223","00532 08:07:37",210.86,894.11,,,,"     ",3.60,23.48,4.55
532,444703714,"00532M07:54:34.196","00532 08:07:38",210.82,894.12,,,,"     ",3.60,23.35,4.52
532,444703715,"00532M07:54:35.169","00532 08:07:39",210.77,894.13,,,,"     ",3.60,23.48,4.55
532,444703716,"00532M07:54:36.142","00532 08:07:40",210.71,894.19,,,,"     ",3.60,23.42,4.53
532,444703717,"00532M07:54:37.116","00532 08:07:41",210.64,894.23,,,,"     ",3.60,23.51,4.55
532,444703718,"00532M07:54:38.089","00532 08:07:42",210.59,894.17,,,,"     ",3.60,23.41,4.53
532,444703719,"00532M07:54:39.062","00532 08:07:43",210.54,894.20,,,,"     ",3.60,23.54,4.55
532,444703720,"00532M07:54:40.035","00532 08:07:44",210.50,894.19,,,,"     ",3.60,23.54,4.55
532,444703721,"00532M07:54:41.009","00532 08:07:45",210.48,894.05,,,,"     ",3.60,23.47,4.53
532,444703722,"00532M07:54:41.982","00532 08:07:46",210.46,894.08,,,,"     ",3.60,23.48,4.53
532,444703723,"00532M07:54:42.955","00532 08:07:47",210.47,894.13,,,,"     ",3.60,23.64,4.56
532,444703724,"00532M07:54:43.928","00532 08:07:48",210.51,894.12,,,,"     ",3.60,23.55,4.54
532,444703725,"00532M07:54:44.902","00532 08:07:49",210.56,894.05,,,,"     ",3.60,23.50,4.53
532,444703726,"00532M07:54:45.875","00532 08:07:50",210.62,894.10,,,,"     ",3.60,23.54,4.53
532,444703727,"00532M07:54:46.848","00532 08:07:51",210.68,894.14,,,,"     ",3.60,23.58,4.54
532,444703728,"00532M07:54:47.821","00532 08:07:52",210.72,894.13,,,,"     ",3.60,23.73,4.57
532,444703729,"00532M07:54:48.795","00532 08:07:53",210.75,894.17,,,,"     ",3.60,23.59,4.53
532,444703730,"00532M07:54:49.768","00532 08:07:54",210.75,894.15,,,,"     ",3.60,23.60,4.54
532,444703731,"00532M07:54:50.741","00532 08:07:55",210.74,894.16,,,,"     ",3.60,23.71,4.55
532,444703732,"00532M07:54:51.714","00532 08:07:56",210.72,894.09,,,,"     ",3.60,23.55,4.52
532,444703733,"00532M07:54:52.688","00532 08:07:57",210.70,894.11,,,,"     ",3.60,23.53,4.51
532,444703734,"00532M07:54:53.661","00532 08:07:58",210.68,894.12,,,,"     ",3.60,23.54,4.51
532,444703735,"00532M07:54:54.634","00532 08:07:59",210.67,894.07,,,,"     ",3.60,23.55,4.51
532,444703736,"00532M07:54:55.607","00532 08:08:00",210.68,894.09,,,,"     ",3.60,23.60,4.52
532,444703737,"00532M07:54:56.581","00532 08:08:00",210.71,894.14,,,,"     ",3.60,23.53,4.51
532,444703738,"00532M07:54:57.554","00532 08:08:01",210.76,894.10,,,,"     ",3.60,23.61,4.52
532,444703739,"00532M07:54:58.527","00532 08:08:02",210.81,894.10,,,,"     ",3.60,23.57,4.51
532,444703740,"00532M07:54:59.500","00532 08:08:03",210.87,894.14,,,,"     ",3.60,23.54,4.50
532,444703741,"00532M07:55:00.474","00532 08:08:04",210.92,894.18,,,,"     ",3.60,23.56,4.50
532,444703742,"00532M07:55:01.447","00532 08:08:05",210.98,894.24,,,,"     ",3.60,23.55,4.50
532,444703743,"00532M07:55:02.420","00532 08:08:06",211.02,894.23,,,,"     ",3.60,23.50,4.49
532,444703744,"00532M07:55:03.393","00532 08:08:07",211.05,894.24,,,,"     ",3.60,23.50,4.49
532,444703745,"00532M07:55:04.367","00532 08:08:08",211.05,894.13,,,,"     ",3.60,23.60,4.50
532,444703746,"00532M07:55:05.340","00532 08:08:09",211.02,894.12,,,,"     ",3.60,23.57,4.50
532,444703747,"00532M07:55:06.313","00532 08:08:10",210.97,894.18,,,,"     ",3.60,23.63,4.51
532,444703748,"00532M07:55:07.286","00532 08:08:11",210.89,894.18,,,,"     ",3.60,23.56,4.49
532,444703749,"00532M07:55:08.260","00532 08:08:12",210.82,894.11,,,,"     ",3.60,23.63,4.50
532,444703750,"00532M07:55:09.233","00532 08:08:13",210.74,894.07,,,,"     ",3.60,23.54,4.48
532,444703751,"00532M07:55:10.206","00532 08:08:14",210.66,894.17,,,,"     ",3.60,23.57,4.49
532,444703752,"00532M07:55:11.179","00532 08:08:15",210.59,894.16,,,,"     ",3.60,23.82,4.53
532,444703753,"00532M07:55:12.153","00532 08:08:16",210.53,894.13,,,,"     ",3.60,23.64,4.50
532,444703754,"00532M07:55:13.126","00532 08:08:17",210.49,894.13,,,,"     ",3.60,23.80,4.53
532,444703755,"00532M07:55:14.099","00532 08:08:18",210.46,894.14,,,,"     ",3.60,23.68,4.50
532,444703756,"00532M07:55:15.072","00532 08:08:19",210.44,894.13,,,,"     ",3.60,23.72,4.51
532,444703757,"00532M07:55:16.046","00532 08:08:20",210.42,894.19,,,,"     ",3.60,23.56,4.47
532,444703758,"00532M07:55:17.019","00532 08:08:21",210.41,894.18,,,,"     ",3.60,23.66,4.49
532,444703759,"00532M07:55:17.992","00532 08:08:22",210.39,894.10,,,,"     ",3.60,23.78,4.52
532,444703760,"00532M07:55:18.965","00532 08:08:23",210.36,894.04,,,,"     ",3.60,23.69,4.50
532,444703761,"00532M07:55:19.939","00532 08:08:24",210.33,894.14,,,,"     ",3.60,23.58,4.47
532,444703762,"00532M07:55:20.912","00532 08:08:25",210.29,894.08,,,,"     ",3.60,23.63,4.48
532,444703763,"00532M07:55:21.885","00532 08:08:26",210.24,894.21,,,,"     ",3.60,23.59,4.48
532,444703764,"00532M07:55:22.858","00532 08:08:27",210.18,894.11,,,,"     ",3.60,23.70,4.49
532,444703765,"00532M07:55:23.832","00532 08:08:28",210.10,894.11,,,,"     ",3.60,23.73,4.50
532,444703766,"00532M07:55:24.805","00532 08:08:29",210.00,894.10,,,,"     ",3.60,23.52,4.46
532,444703767,"00532M07:55:25.778","00532 08:08:30",209.91,894.10,,,,"     ",3.60,23.74,4.50
532,444703768,"00532M07:55:26.751","00532 08:08:31",209.83,894.02,,,,"     ",3.60,23.73,4.50
532,444703769,"00532M07:55:27.725","00532 08:08:32",209.75,894.09,,,,"     ",3.60,23.85,4.52
532,444703770,"00532M07:55:28.698","00532 08:08:33",209.68,894.08,,,,"     ",3.60,23.73,4.50
532,444703771,"00532M07:55:29.671","00532 08:08:34",209.63,894.07,,,,"     ",3.60,23.78,4.51
532,444703772,"00532M07:55:30.644","00532 08:08:35",209.57,894.06,,,,"     ",3.60,23.72,4.49
532,444703773,"00532M07:55:31.618","00532 08:08:36",209.53,894.01,,,,"     ",3.60,23.70,4.49
532,444703774,"00532M07:55:32.591","00532 08:08:37",209.48,894.07,,,,"     ",3.60,23.70,4.49
532,444703775,"00532M07:55:33.564","00532 08:08:37",209.42,894.03,,,,"     ",3.60,23.60,4.47
532,444703776,"00532M07:55:34.537","00532 08:08:38",209.38,894.04,,,,"     ",3.60,23.66,4.48
532,444703777,"00532M07:55:35.511","00532 08:08:39",209.34,894.10,,,,"     ",3.60,23.85,4.52
532,444703778,"00532M07:55:36.484","00532 08:08:40",209.30,894.09,,,,"     ",3.60,23.52,4.45
532,444703779,"00532M07:55:37.457","00532 08:08:41",209.27,894.14,,,,"     ",3.60,23.70,4.49
532,444703780,"00532M07:55:38.430","00532 08:08:42",209.24,894.00,,,,"     ",3.60,23.63,4.47
532,444703781,"00532M07:55:39.404","00532 08:08:43",209.21,894.00,,,,"     ",3.60,23.84,4.51
532,444703782,"00532M07:55:40.377","00532 08:08:44",209.19,893.98,,,,"     ",3.60,23.73,4.49
532,444703783,"00532M07:55:41.350","00532 08:08:45",209.17,893.97,,,,"     ",3.60,23.91,4.52
532,444703784,"00532M07:55:42.324","00532 08:08:46",209.15,894.07,,,,"     ",3.60,23.88,4.52
532,444703785,"00532M07:55:43.297","00532 08:08:47",209.14,894.03,,,,"     ",3.60,23.97,4.53
532,444703786,"00532M07:55:44.270","00532 08:08:48",209.12,894.01,,,,"     ",3.60,23.72,4.49
532,444703787,"00532M07:55:45.243","00532 08:08:49",209.58,894.06,,,,"     ",3.60,23.96,4.53
532,444703788,"00532M07:55:46.217","00532 08:08:50",209.51,894.07,,,,"     ",3.60,23.86,4.51
532,444703789,"00532M07:55:47.190","00532 08:08:51",209.44,894.10,,,,"     ",3.60,23.89,4.52
532,444703790,"00532M07:55:48.163","00532 08:08:52",209.39,894.08,,,,"     ",3.60,23.75,4.49
532,444703791,"00532M07:55:49.136","00532 08:08:53",209.34,894.05,,,,"     ",3.60,23.83,4.50
532,444703792,"00532M07:55:50.110","00532 08:08:54",209.30,894.03,,,,"     ",3.60,23.84,4.51
532,444703793,"00532M07:55:51.083","00532 08:08:55",209.27,894.02,,,,"     ",3.60,23.97,4.53
532,444703794,"00532M07:55:52.056","00532 08:08:56",209.25,894.02,,,,"     ",3.60,23.92,4.52
532,444703795,"00532M07:55:53.029","00532 08:08:57",209.22,893.97,,,,"     ",3.60,23.65,4.47
532,444703796,"00532M07:55:54.003","00532 08:08:58",209.21,894.01,,,,"     ",3.60,24.03,4.54
532,444703797,"00532M07:55:54.976","00532 08:08:59",209.20,894.06,,,,"     ",3.60,23.95,4.52
532,444703798,"00532M07:55:55.949","00532 08:09:00",209.20,894.03,,,,"     ",3.60,23.75,4.48
532,444703799,"00532M07:55:56.922","00532 08:09:01",209.21,893.99,,,,"     ",3.60,23.91,4.51
532,444703800,"00532M07:55:57.896","00532 08:09:02",209.23,894.08,,,,"     ",3.60,24.06,4.54
532,444703801,"00532M07:55:58.869","00532 08:09:03",209.27,894.02,,,,"     ",3.60,23.72,4.48
532,444703802,"00532M07:55:59.842","00532 08:09:04",209.29,894.06,,,,"     ",3.60,23.88,4.51
532,444703803,"00532M07:56:00.815","00532 08:09:05",209.32,894.01,,,,"     ",3.60,24.00,4.53
532,444703804,"00532M07:56:01.789","00532 08:09:06",209.34,894.08,,,,"     ",3.60,23.86,4.50
532,444703805,"00532M07:56:02.762","00532 08:09:07",209.37,894.07,,,,"     ",3.60,23.57,4.45
532,444703806,"00532M07:56:03.735","00532 08:09:08",209.42,893.97,,,,"     ",3.60,24.01,4.53
532,444703807,"00532M07:56:04.708","00532 08:09:09",209.49,894.08,,,,"     ",3.60,23.98,4.52
532,444703808,"00532M07:56:05.682","00532 08:09:10",209.56,894.04,,,,"     ",3.60,23.66,4.46
532,444703809,"00532M07:56:06.655","00532 08:09:11",209.63,893.97,,,,"     ",3.60,24.05,4.53
532,444703810,"00532M07:56:07.628","00532 08:09:12",209.68,894.11,,,,"     ",3.60,24.12,4.55
532,444703811,"00532M07:56:08.601","00532 08:09:13",209.73,894.16,,,,"     ",3.60,23.84,4.49
532,444703812,"00532M07:56:09.575","00532 08:09:13",209.77,894.07,,,,"     ",3.60,23.93,4.51
532,444703813,"00532M07:56:10.548","00532 08:09:14",209.81,894.02,,,,"     ",3.60,23.93,4.51
532,444703814,"00532M07:56:11.521","00532 08:09:15",209.84,893.95,,,,"     ",3.60,23.97,4.52
532,444703815,"00532M07:56:12.494","00532 08:09:16",209.87,893.97,,,,"     ",3.60,23.90,4.50
532,444703816,"00532M07:56:13.468","00532 08:09:17",209.89,893.94,,,,"     ",3.60,24.09,4.54
532,444703817,"00532M07:56:14.441","00532 08:09:18",209.91,893.95,,,,"     ",3.60,23.79,4.48
532,444703818,"00532M07:56:15.414","00532 08:09:19",209.91,893.97,,,,"     ",3.60,23.90,4.50
532,444703819,"00532M07:56:16.387","00532 08:09:20",209.90,893.98,,,,"     ",3.60,23.85,4.49
532,444703820,"00532M07:56:17.361","00532 08:09:21",209.86,894.01,,,,"     ",3.60,23.95,4.51
532,444703821,"00532M07:56:18.334","00532 08:09:22",209.82,894.00,,,,"     ",3.60,23.90,4.49
532,444703822,"00532M07:56:19.307","00532 08:09:23",209.77,893.96,,,,"     ",3.60,24.17,4.55
532,444703823,"00532M07:56:20.280","00532 08:09:24",209.73,894.04,,,,"     ",3.60,24.02,4.52
532,444703824,"00532M07:56:21.254","00532 08:09:25",209.69,893.97,,,,"     ",3.60,24.08,4.53
532,444703825,"00532M07:56:22.227","00532 08:09:26",209.66,894.04,,,,"     ",3.60,23.83,4.48
532,444703826,"00532M07:56:23.200","00532 08:09:27",209.63,894.04,,,,"     ",3.60,23.99,4.51
532,444703827,"00532M07:56:24.173","00532 08:09:28",209.58,893.98,,,,"     ",3.60,24.17,4.54
532,444703828,"00532M07:56:25.147","00532 08:09:29",209.52,893.96,,,,"     ",3.60,24.09,4.53
532,444703829,"00532M07:56:26.120","00532 08:09:30",209.46,893.97,,,,"     ",3.60,24.05,4.52
532,444703830,"00532M07:56:27.093","00532 08:09:31",209.40,894.00,,,,"     ",3.60,24.06,4.52
532,444703831,"00532M07:56:28.066","00532 08:09:32",209.34,894.01,,,,"     ",3.60,23.99,4.50
532,444703832,"00532M07:56:29.040","00532 08:09:33",209.29,893.95,,,,"     ",3.60,23.91,4.49
532,444703833,"00532M07:56:30.013","00532 08:09:34",209.25,893.93,,,,"     ",3.60,24.12,4.53
532,444703834,"00532M07:56:30.986","00532 08:09:35",209.23,893.92,,,,"     ",3.60,23.97,4.50
532,444703835,"00532M07:56:31.959","00532 08:09:36",209.22,893.89,,,,"     ",3.60,24.06,4.51
532,444703836,"00532M07:56:32.933","00532 08:09:37",209.20,893.91,,,,"     ",3.60,23.90,4.48
532,444703837,"00532M07:56:33.906","00532 08:09:38",209.18,893.93,,,,"     ",3.60,24.11,4.52
532,444703838,"00532M07:56:34.879","00532 08:09:39",209.17,893.89,,,,"     ",3.60,24.07,4.51
532,444703839,"00532M07:56:35.852","00532 08:09:40",209.14,893.91,,,,"     ",3.60,24.10,4.51
532,444703840,"00532M07:56:36.826","00532 08:09:41",209.12,893.93,,,,"     ",3.60,24.09,4.51
532,444703841,"00532M07:56:37.799","00532 08:09:42",209.09,893.89,,,,"     ",3.60,24.12,4.51
532,444703842,"00532M07:56:38.772","00532 08:09:43",209.06,893.99,,,,"     ",3.60,24.22,4.53
532,444703843,"00532M07:56:39.745","00532 08:09:44",209.03,893.99,,,,"     ",3.60,24.29,4.54
532,444703844,"00532M07:56:40.719","00532 08:09:45",209.01,893.99,,,,"     ",3.60,24.25,4.54
532,444703845,"00532M07:56:41.692","00532 08:09:46",208.98,893.96,,,,"     ",3.60,24.07,4.50
532,444703846,"00532M07:56:42.665","00532 08:09:47",208.96,893.93,,,,"     ",3.60,24.18,4.52
532,444703847,"00532M07:56:43.638","00532 08:09:48",208.93,893.97,,,,"     ",3.60,24.26,4.53
532,444703848,"00532M07:56:44.612","00532 08:09:49",208.93,893.95,,,,"     ",3.60,24.09,4.50
532,444703849,"00532M07:56:45.585","00532 08:09:50",208.94,894.00,,,,"     ",3.60,24.29,4.53
532,444703850,"00532M07:56:46.558","00532 08:09:50",208.96,894.04,,,,"     ",3.60,24.26,4.52
532,444703851,"00532M07:56:47.531","00532 08:09:51",208.99,893.97,,,,"     ",3.60,24.25,4.52
532,444703852,"00532M07:56:48.505","00532 08:09:52",209.02,893.98,,,,"     ",3.60,24.26,4.52
532,444703853,"00532M07:56:49.478","00532 08:09:53",209.06,893.90,,,,"     ",3.60,24.18,4.50
532,444703854,"00532M07:56:50.451","00532 08:09:54",209.11,893.95,,,,"     ",3.60,24.25,4.51
532,444703855,"00532M07:56:51.425","00532 08:09:55",209.15,893.90,,,,"     ",3.60,24.18,4.50
532,444703856,"00532M07:56:52.398","00532 08:09:56",209.18,893.88,,,,"     ",3.60,24.20,4.50
532,444703857,"00532M07:56:53.371","00532 08:09:57",209.21,893.85,,,,"     ",3.60,24.29,4.52
532,444703858,"00532M07:56:54.344","00532 08:09:58",209.24,893.94,,,,"     ",3.60,24.48,4.55
532,444703859,"00532M07:56:55.318","00532 08:09:59",209.26,893.94,,,,"     ",3.60,24.07,4.47
532,444703860,"00532M07:56:56.291","00532 08:10:00",209.28,893.99,,,,"     ",3.60,24.15,4.48
532,444703861,"00532M07:56:57.264","00532 08:10:01",209.31,893.94,,,,"     ",3.60,24.23,4.50
532,444703862,"00532M07:56:58.237","00532 08:10:02",209.33,893.95,,,,"     ",3.60,24.26,4.50
532,444703863,"00532M07:56:59.211","00532 08:10:03",209.37,893.85,,,,"     ",3.60,24.38,4.52
532,444703864,"00532M07:57:00.184","00532 08:10:04",209.40,893.83,,,,"     ",3.60,24.42,4.53
532,444703865,"00532M07:57:01.157","00532 08:10:05",209.44,893.89,,,,"     ",3.60,24.43,4.53
532,444703866,"00532M07:57:02.130","00532 08:10:06",209.47,893.96,,,,"     ",3.60,24.21,4.48
532,444703867,"00532M07:57:03.104","00532 08:10:07",209.49,893.95,,,,"     ",3.60,24.40,4.52
532,444703868,"00532M07:57:04.077","00532 08:10:08",209.51,893.91,,,,"     ",3.60,24.11,4.46
532,444703869,"00532M07:57:05.050","00532 08:10:09",209.52,893.88,,,,"     ",3.60,24.26,4.49
532,444703870,"00532M07:57:06.023","00532 08:10:10",209.53,893.80,,,,"     ",3.60,24.20,4.48
532,444703871,"00532M07:57:06.997","00532 08:10:11",209.52,893.88,,,,"     ",3.60,24.19,4.47
532,444703872,"00532M07:57:07.970","00532 08:10:12",209.49,893.93,,,,"     ",3.60,23.99,4.43
532,444703873,"00532M07:57:08.943","00532 08:10:13",209.44,893.94,,,,"     ",3.60,24.29,4.49
532,444703874,"00532M07:57:09.916","00532 08:10:14",209.40,893.95,,,,"     ",3.60,24.15,4.46
532,444703875,"00532M07:57:10.890","00532 08:10:15",209.37,893.88,,,,"     ",3.60,24.16,4.46
532,444703876,"00532M07:57:11.863","00532 08:10:16",209.34,893.86,,,,"     ",3.60,24.23,4.47
532,444703877,"00532M07:57:12.836","00532 08:10:17",209.32,893.92,,,,"     ",3.60,24.23,4.47
532,444703878,"00532M07:57:13.809","00532 08:10:18",209.30,893.89,,,,"     ",3.60,24.31,4.49
532,444703879,"00532M07:57:14.783","00532 08:10:19",209.30,893.87,,,,"     ",3.60,24.33,4.49
532,444703880,"00532M07:57:15.756","00532 08:10:20",209.29,893.91,,,,"     ",3.60,24.17,4.46
532,444703881,"00532M07:57:16.729","00532 08:10:21",209.26,893.89,,,,"     ",3.60,24.48,4.51
532,444703882,"00532M07:57:17.702","00532 08:10:22",209.23,893.90,,,,"     ",3.60,24.07,4.43
532,444703883,"00532M07:57:18.676","00532 08:10:23",209.18,893.88,,,,"     ",3.60,24.29,4.47
532,444703884,"00532M07:57:19.649","00532 08:10:24",209.15,893.85,,,,"     ",3.60,24.26,4.47
532,444703885,"00532M07:57:20.622","00532 08:10:25",209.10,893.90,,,,"     ",3.60,24.26,4.47
532,444703886,"00532M07:57:21.595","00532 08:10:26",209.08,893.86,,,,"     ",3.60,24.28,4.47
532,444703887,"00532M07:57:22.569","00532 08:10:27",209.06,893.91,,,,"     ",3.60,24.20,4.45
532,444703888,"00532M07:57:23.542","00532 08:10:27",209.05,893.92,,,,"     ",3.60,24.40,4.49
532,444703889,"00532M07:57:24.515","00532 08:10:28",209.05,893.89,,,,"     ",3.60,24.25,4.46
532,444703890,"00532M07:57:25.488","00532 08:10:29",209.05,893.92,,,,"     ",3.60,24.33,4.47
532,444703891,"00532M07:57:26.462","00532 08:10:30",209.06,893.87,,,,"     ",3.60,24.16,4.44
532,444703892,"00532M07:57:27.435","00532 08:10:31",209.08,893.88,,,,"     ",3.60,24.32,4.47
532,444703893,"00532M07:57:28.408","00532 08:10:32",209.12,893.89,,,,"     ",3.60,24.16,4.43
532,444703894,"00532M07:57:29.381","00532 08:10:33",209.18,893.93,,,,"     ",3.60,24.26,4.45
532,444703895,"00532M07:57:30.355","00532 08:10:34",209.25,894.03,,,,"     ",3.60,24.04,4.41
532,444703896,"00532M07:57:31.328","00532 08:10:35",209.33,893.98,,,,"     ",3.60,24.25,4.45
532,444703897,"00532M07:57:32.301","00532 08:10:36",209.43,893.93,,,,"     ",3.60,24.46,4.48
532,444703898,"00532M07:57:33.274","00532 08:10:37",209.50,893.81,,,,"     ",3.60,24.38,4.47
532,444703899,"00532M07:57:34.248","00532 08:10:38",209.58,893.80,,,,"     ",3.60,24.42,4.47
532,444703900,"00532M07:57:35.221","00532 08:10:39",209.63,893.87,,,,"     ",3.60,24.35,4.46
532,444703901,"00532M07:57:36.194","00532 08:10:40",209.67,893.88,,,,"     ",3.60,24.35,4.46
532,444703902,"00532M07:57:37.167","00532 08:10:41",209.69,893.81,,,,"     ",3.60,24.29,4.44
532,444703903,"00532M07:57:38.141","00532 08:10:42",209.70,893.83,,,,"     ",3.60,24.18,4.42
532,444703904,"00532M07:57:39.114","00532 08:10:43",209.72,893.77,,,,"     ",3.60,24.23,4.43
532,444703905,"00532M07:57:40.087","00532 08:10:44",209.73,893.73,,,,"     ",3.60,24.09,4.40
532,444703906,"00532M07:57:41.060","00532 08:10:45",209.72,893.80,,,,"     ",3.60,24.27,4.43
532,444703907,"00532M07:57:42.034","00532 08:10:46",209.69,893.82,,,,"     ",3.60,24.22,4.42
532,444703908,"00532M07:57:43.007","00532 08:10:47",209.63,893.90,,,,"     ",3.60,24.29,4.43
532,444703909,"00532M07:57:43.980","00532 08:10:48",209.56,893.85,,,,"     ",3.60,24.29,4.43
532,444703910,"00532M07:57:44.953","00532 08:10:49",209.50,893.89,,,,"     ",3.60,24.30,4.43
532,444703911,"00532M07:57:45.927","00532 08:10:50",209.43,893.80,,,,"     ",3.60,24.27,4.43
532,444703912,"00532M07:57:46.900","00532 08:10:51",209.37,893.81,,,,"     ",3.60,24.21,4.41
532,444703913,"00532M07:57:47.873","00532 08:10:52",209.32,893.86,,,,"     ",3.60,24.38,4.44
532,444703914,"00532M07:57:48.846","00532 08:10:53",209.29,893.82,,,,"     ",3.60,24.21,4.41
532,444703915,"00532M07:57:49.820","00532 08:10:54",209.27,893.83,,,,"     ",3.60,24.00,4.37
532,444703916,"00532M07:57:50.793","00532 08:10:55",209.25,893.83,,,,"     ",3.60,24.23,4.41
532,444703917,"00532M07:57:51.766","00532 08:10:56",209.24,893.92,,,,"     ",3.60,24.33,4.43
532,444703918,"00532M07:57:52.739","00532 08:10:57",209.22,893.82,,,,"     ",3.60,24.46,4.45
532,444703919,"00532M07:57:53.713","00532 08:10:58",209.22,893.88,,,,"     ",3.60,24.37,4.44
532,444703920,"00532M07:57:54.686","00532 08:10:59",209.21,893.85,,,,"     ",3.60,24.33,4.42
532,444703921,"00532M07:57:55.659","00532 08:11:00",209.21,893.89,,,,"     ",3.60,24.47,4.45
532,444703922,"00532M07:57:56.632","00532 08:11:01",209.20,893.80,,,,"     ",3.60,24.29,4.42
532,444703923,"00532M07:57:57.606","00532 08:11:02",209.18,893.76,,,,"     ",3.60,24.19,4.40
532,444703924,"00532M07:57:58.579","00532 08:11:03",209.14,893.81,,,,"     ",3.60,24.24,4.40
532,444703925,"00532M07:57:59.552","00532 08:11:03",209.08,893.80,,,,"     ",3.60,24.15,4.39
532,444703926,"00532M07:58:00.526","00532 08:11:04",209.02,893.81,,,,"     ",3.60,24.34,4.42
532,444703927,"00532M07:58:01.499","00532 08:11:05",208.97,893.80,,,,"     ",3.60,24.20,4.40
532,444703928,"00532M07:58:02.472","00532 08:11:06",208.93,893.77,,,,"     ",3.60,24.25,4.40
532,444703929,"00532M07:58:03.445","00532 08:11:07",208.92,893.80,,,,"     ",3.60,24.30,4.41
532,444703930,"00532M07:58:04.419","00532 08:11:08",208.94,893.78,,,,"     ",3.60,24.35,4.42
532,444703931,"00532M07:58:05.392","00532 08:11:09",208.96,893.70,,,,"     ",3.60,24.24,4.40
532,444703932,"00532M07:58:06.365","00532 08:11:10",208.99,893.76,,,,"     ",3.60,24.43,4.43
532,444703933,"00532M07:58:07.338","00532 08:11:11",209.01,893.74,,,,"     ",3.60,24.34,4.41
532,444703934,"00532M07:58:08.312","00532 08:11:12",209.04,893.77,,,,"     ",3.60,24.42,4.43
532,444703935,"00532M07:58:09.285","00532 08:11:13",209.07,893.75,,,,"     ",3.60,24.52,4.45
532,444703936,"00532M07:58:10.258","00532 08:11:14",209.12,893.78,,,,"     ",3.60,24.27,4.40
532,444703937,"00532M07:58:11.231","00532 08:11:15",209.17,893.83,,,,"     ",3.60,24.22,4.39
532,444703938,"00532M07:58:12.205","00532 08:11:16",209.22,893.77,,,,"     ",3.60,24.31,4.41
532,444703939,"00532M07:58:13.178","00532 08:11:17",209.27,893.80,,,,"     ",3.60,24.31,4.40
532,444703940,"00532M07:58:14.151","00532 08:11:18",209.29,893.77,,,,"     ",3.60,24.36,4.41
532,444703941,"00532M07:58:15.124","00532 08:11:19",209.30,893.81,,,,"     ",3.60,24.37,4.41
532,444703942,"00532M07:58:16.098","00532 08:11:20",209.28,893.87,,,,"     ",3.60,24.17,4.37
532,444703943,"00532M07:58:17.071","00532 08:11:21",209.23,893.79,,,,"     ",3.60,24.37,4.41
532,444703944,"00532M07:58:18.044","00532 08:11:22",209.19,893.82,,,,"     ",3.60,24.29,4.39
532,444703945,"00532M07:58:19.017","00532 08:11:23",209.14,893.79,,,,"     ",3.60,24.31,4.40
532,444703946,"00532M07:58:19.991","00532 08:11:24",209.09,893.86,,,,"     ",3.60,24.45,4.42
532,444703947,"00532M07:58:20.964","00532 08:11:25",209.03,893.83,,,,"     ",3.60,24.44,4.42
532,444703948,"00532M07:58:21.937","00532 08:11:26",208.97,893.78,,,,"     ",3.60,24.52,4.43
532,444703949,"00532M07:58:22.910","00532 08:11:27",208.90,893.84,,,,"     ",3.60,24.35,4.40
532,444703950,"00532M07:58:23.884","00532 08:11:28",208.83,893.78,,,,"     ",3.60,24.39,4.41
532,444703951,"00532M07:58:24.857","00532 08:11:29",208.77,893.76,,,,"     ",3.60,24.44,4.41
532,444703952,"00532M07:58:25.830","00532 08:11:30",208.73,893.80,,,,"     ",3.60,24.40,4.41
532,444703953,"00532M07:58:26.803","00532 08:11:31",208.72,893.78,,,,"     ",3.60,24.60,4.44
532,444703954,"00532M07:58:27.777","00532 08:11:32",208.73,893.83,,,,"     ",3.60,24.64,4.45
532,444703955,"00532M07:58:28.750","00532 08:11:33",208.76,893.71,,,,"     ",3.60,24.31,4.38
532,444703956,"00532M07:58:29.723","00532 08:11:34",208.80,893.86,,,,"     ",3.60,24.44,4.41
532,444703957,"00532M07:58:30.696","00532 08:11:35",208.86,893.77,,,,"     ",3.60,24.41,4.40
532,444703958,"00532M07:58:31.670","00532 08:11:36",208.92,893.79,,,,"     ",3.60,24.43,4.40
532,444703959,"00532M07:58:32.643","00532 08:11:37",208.96,893.84,,,,"     ",3.60,24.36,4.39
532,444703960,"00532M07:58:33.616","00532 08:11:38",209.00,893.78,,,,"     ",3.60,24.43,4.40
532,444703961,"00532M07:58:34.589","00532 08:11:39",209.03,893.71,,,,"     ",3.60,24.37,4.39
532,444703962,"00532M07:58:35.563","00532 08:11:40",209.03,893.64,,,,"     ",3.60,24.47,4.41
532,444703963,"00532M07:58:36.536","00532 08:11:40",209.01,893.59,,,,"     ",3.60,24.39,4.39
532,444703964,"00532M07:58:37.509","00532 08:11:41",208.99,893.65,,,,"     ",3.60,24.69,4.44
532,444703965,"00532M07:58:38.482","00532 08:11:42",208.95,893.70,,,,"     ",3.60,24.45,4.40
532,444703966,"00532M07:58:39.456","00532 08:11:43",208.93,893.69,,,,"     ",3.60,24.36,4.38
532,444703967,"00532M07:58:40.429","00532 08:11:44",208.91,893.70,,,,"     ",3.60,24.47,4.40
532,444703968,"00532M07:58:41.402","00532 08:11:45",208.90,893.73,,,,"     ",3.60,24.45,4.40
532,444703969,"00532M07:58:42.375","00532 08:11:46",208.89,893.71,,,,"     ",3.60,24.49,4.40
532,444703970,"00532M07:58:43.349","00532 08:11:47",208.90,893.70,,,,"     ",3.60,24.54,4.41
532,444703971,"00532M07:58:44.322","00532 08:11:48",208.90,893.62,,,,"     ",3.60,24.55,4.41
532,444703972,"00532M07:58:45.295","00532 08:11:49",208.91,893.62,,,,"     ",3.60,24.49,4.39
532,444703973,"00532M07:58:46.268","00532 08:11:50",208.91,893.70,,,,"     ",3.60,24.59,4.41
532,444703974,"00532M07:58:47.242","00532 08:11:51",208.92,893.78,,,,"     ",3.60,24.54,4.40
532,444703975,"00532M07:58:48.215","00532 08:11:52",208.92,893.74,,,,"     ",3.60,24.30,4.36
532,444703976,"00532M07:58:49.188","00532 08:11:53",208.91,893.79,,,,"     ",3.60,24.57,4.41
532,444703977,"00532M07:58:50.161","00532 08:11:54",208.90,893.65,,,,"     ",3.60,24.53,4.40
532,444703978,"00532M07:58:51.135","00532 08:11:55",208.87,893.62,,,,"     ",3.60,24.46,4.38
532,444703979,"00532M07:58:52.108","00532 08:11:56",208.84,893.63,,,,"     ",3.60,24.40,4.37
532,444703980,"00532M07:58:53.081","00532 08:11:57",208.79,893.63,,,,"     ",3.60,24.46,4.38
532,444703981,"00532M07:58:54.054","00532 08:11:58",208.75,893.69,,,,"     ",3.60,24.45,4.38
532,444703982,"00532M07:58:55.028","00532 08:11:59",208.72,893.72,,,,"     ",3.60,24.57,4.40
532,444703983,"00532M07:58:56.001","00532 08:12:00",208.69,893.77,,,,"     ",3.60,24.49,4.38
532,444703984,"00532M07:58:56.974","00532 08:12:01",208.67,893.76,,,,"     ",3.60,24.61,4.40
532,444703985,"00532M07:58:57.947","00532 08:12:02",208.66,893.77,,,,"     ",3.60,24.41,4.36
532,444703986,"00532M07:58:58.921","00532 08:12:03",208.67,893.76,,,,"     ",3.60,24.44,4.37
532,444703987,"00532M07:58:59.894","00532 08:12:04",208.67,893.71,,,,"     ",3.60,24.51,4.38
532,444703988,"00532M07:59:00.867","00532 08:12:05",208.67,893.71,,,,"     ",3.60,24.44,4.36
532,444703989,"00532M07:59:01.840","00532 08:12:06",208.66,893.70,,,,"     ",3.60,24.44,4.37
532,444703990,"00532M07:59:02.814","00532 08:12:07",208.66,893.67,,,,"     ",3.60,24.56,4.39
532,444703991,"00532M07:59:03.787","00532 08:12:08",208.66,893.72,,,,"     ",3.60,24.58,4.39
532,444703992,"00532M07:59:04.760","00532 08:12:09",208.67,893.65,,,,"     ",3.60,24.53,4.38
532,444703993,"00532M07:59:05.733","00532 08:12:10",208.68,893.59,,,,"     ",3.60,24.56,4.38
532,444703994,"00532M07:59:06.707","00532 08:12:11",208.68,893.73,,,,"     ",3.60,24.48,4.37
532,444703995,"00532M07:59:07.680","00532 08:12:12",208.69,893.72,,,,"     ",3.60,24.47,4.36
532,444703996,"00532M07:59:08.653","00532 08:12:13",208.71,893.72,,,,"     ",3.60,24.58,4.38
532,444703997,"00532M07:59:09.627","00532 08:12:14",208.72,893.71,,,,"     ",3.60,24.49,4.36
532,444703998,"00532M07:59:10.600","00532 08:12:15",208.74,893.70,,,,"     ",3.60,24.53,4.37
532,444703999,"00532M07:59:11.573","00532 08:12:16",208.74,893.65,,,,"     ",3.60,24.58,4.38
532,444704000,"00532M07:59:12.546","00532 08:12:16",208.73,893.60,,,,"     ",3.60,24.56,4.37
532,444704001,"00532M07:59:13.520","00532 08:12:17",208.72,893.67,,,,"     ",3.60,24.54,4.37
532,444704002,"00532M07:59:14.493","00532 08:12:18",208.70,893.67,,,,"     ",3.60,24.60,4.38
532,444704003,"00532M07:59:15.466","00532 08:12:19",208.67,893.72,,,,"     ",3.60,24.68,4.39
532,444704004,"00532M07:59:16.439","00532 08:12:20",208.65,893.72,,,,"     ",3.60,24.63,4.38
532,444704005,"00532M07:59:17.413","00532 08:12:21",208.63,893.75,,,,"     ",3.60,24.69,4.39
532,444704006,"00532M07:59:18.386","00532 08:12:22",208.61,893.81,,,,"     ",3.60,24.55,4.36
532,444704007,"00532M07:59:19.359","00532 08:12:23",208.60,893.87,,,,"     ",3.60,24.54,4.36
532,444704008,"00532M07:59:20.332","00532 08:12:24",208.59,893.76,,,,"     ",3.60,24.72,4.40
532,444704009,"00532M07:59:21.306","00532 08:12:25",208.58,893.71,,,,"     ",3.60,24.57,4.37
532,444704010,"00532M07:59:22.279","00532 08:12:26",208.58,893.74,,,,"     ",3.60,24.69,4.39
532,444704011,"00532M07:59:23.252","00532 08:12:27",208.58,893.72,,,,"     ",3.60,24.68,4.38
532,444704012,"00532M07:59:24.225","00532 08:12:28",208.60,893.73,,,,"     ",3.60,24.80,4.40
532,444704013,"00532M07:59:25.199","00532 08:12:29",208.64,893.72,,,,"     ",3.60,24.64,4.37
532,444704014,"00532M07:59:26.172","00532 08:12:30",208.68,893.78,,,,"     ",3.60,24.60,4.37
532,444704015,"00532M07:59:27.145","00532 08:12:31",208.71,893.72,,,,"     ",3.60,24.89,4.42
532,444704016,"00532M07:59:28.118","00532 08:12:32",208.73,893.68,,,,"     ",3.60,24.87,4.41
532,444704017,"00532M07:59:29.092","00532 08:12:33",208.72,893.64,,,,"     ",3.60,24.73,4.38
532,444704018,"00532M07:59:30.065","00532 08:12:34",208.70,893.65,,,,"     ",3.60,24.71,4.38
532,444704019,"00532M07:59:31.038","00532 08:12:35",208.65,893.68,,,,"     ",3.60,24.76,4.38
532,444704020,"00532M07:59:32.011","00532 08:12:36",208.60,893.71,,,,"     ",3.60,24.94,4.42
532,444704021,"00532M07:59:32.985","00532 08:12:37",208.55,893.66,,,,"     ",3.60,24.73,4.38
532,444704022,"00532M07:59:33.958","00532 08:12:38",208.50,893.72,,,,"     ",3.60,24.76,4.38
532,444704023,"00532M07:59:34.931","00532 08:12:39",208.46,893.72,,,,"     ",3.60,24.74,4.38
532,444704024,"00532M07:59:35.904","00532 08:12:40",208.43,893.65,,,,"     ",3.60,24.63,4.35
532,444704025,"00532M07:59:36.878","00532 08:12:41",208.42,893.71,,,,"     ",3.60,24.81,4.39
532,444704026,"00532M07:59:37.851","00532 08:12:42",208.43,893.70,,,,"     ",3.60,24.80,4.38
532,444704027,"00532M07:59:38.824","00532 08:12:43",208.45,893.65,,,,"     ",3.60,24.73,4.37
532,444704028,"00532M07:59:39.797","00532 08:12:44",208.49,893.68,,,,"     ",3.60,24.95,4.41
532,444704029,"00532M07:59:40.771","00532 08:12:45",208.53,893.61,,,,"     ",3.60,24.82,4.38
532,444704030,"00532M07:59:41.744","00532 08:12:46",208.57,893.58,,,,"     ",3.60,24.77,4.37
532,444704031,"00532M07:59:42.717","00532 08:12:47",208.60,893.66,,,,"     ",3.60,24.72,4.36
532,444704032,"00532M07:59:43.690","00532 08:12:48",208.60,893.62,,,,"     ",3.60,24.90,4.39
532,444704033,"00532M07:59:44.664","00532 08:12:49",208.57,893.59,,,,"     ",3.60,24.89,4.39
532,444704034,"00532M07:59:45.637","00532 08:12:50",208.49,893.60,,,,"     ",3.60,24.68,4.35
532,444704035,"00532M07:59:46.610","00532 08:12:51",208.38,893.62,,,,"     ",3.60,24.90,4.39
532,444704036,"00532M07:59:47.583","00532 08:12:52",208.25,893.63,,,,"     ",3.60,24.84,4.38
532,444704037,"00532M07:59:48.557","00532 08:12:53",208.10,893.64,,,,"     ",3.60,24.64,4.34
532,444704038,"00532M07:59:49.530","00532 08:12:53",207.97,893.58,,,,"     ",3.60,24.77,4.36
532,444704039,"00532M07:59:50.503","00532 08:12:54",207.84,893.62,,,,"     ",3.60,24.72,4.35
532,444704040,"00532M07:59:51.476","00532 08:12:55",207.74,893.59,,,,"     ",3.60,24.75,4.36
532,444704041,"00532M07:59:52.450","00532 08:12:56",207.67,893.58,,,,"     ",3.60,24.73,4.35
532,444704042,"00532M07:59:53.423","00532 08:12:57",207.61,893.62,,,,"     ",3.60,24.87,4.38
532,444704043,"00532M07:59:54.396","00532 08:12:58",207.57,893.60,,,,"     ",3.60,24.73,4.35
532,444704044,"00532M07:59:55.369","00532 08:12:59",207.57,893.69,,,,"     ",3.60,24.95,4.39
532,444704045,"00532M07:59:56.343","00532 08:13:00",207.59,893.62,,,,"     ",3.60,24.70,4.34
532,444704046,"00532M07:59:57.316","00532 08:13:01",207.63,893.62,,,,"     ",3.60,24.84,4.37
532,444704047,"00532M07:59:58.289","00532 08:13:02",207.67,893.64,,,,"     ",3.60,25.03,4.40
532,444704048,"00532M07:59:59.262","00532 08:13:03",207.71,893.66,,,,"     ",3.60,24.80,4.36
532,444704049,"00532M08:00:00.236","00532 08:13:04",207.74,893.61,,,,"     ",3.60,24.81,4.36
532,444704050,"00532M08:00:01.209","00532 08:13:05",207.76,893.61,,,,"     ",3.60,24.89,4.37
532,444704051,"00532M08:00:02.182","00532 08:13:06",207.77,893.60,,,,"     ",3.60,24.91,4.38
532,444704052,"00532M08:00:03.155","00532 08:13:07",207.77,893.53,,,,"     ",3.60,24.85,4.37
532,444704053,"00532M08:00:04.129","00532 08:13:08",207.76,893.61,,,,"     ",3.60,24.86,4.37
532,444704054,"00532M08:00:05.102","00532 08:13:09",207.74,893.59,,,,"     ",3.60,24.97,4.39
532,444704055,"00532M08:00:06.075","00532 08:13:10",207.70,893.55,,,,"     ",3.60,25.00,4.39
532,444704056,"00532M08:00:07.048","00532 08:13:11",207.64,893.57,,,,"     ",3.60,24.62,4.32
532,444704057,"00532M08:00:08.022","00532 08:13:12",207.57,893.61,,,,"     ",3.60,24.94,4.38
532,444704058,"00532M08:00:08.995","00532 08:13:13",207.47,893.61,,,,"     ",3.60,24.83,4.36
532,444704059,"00532M08:00:09.968","00532 08:13:14",207.36,893.55,,,,"     ",3.60,24.85,4.36
532,444704060,"00532M08:00:10.941","00532 08:13:15",207.24,893.58,,,,"     ",3.60,25.10,4.41
532,444704061,"00532M08:00:11.915","00532 08:13:16",207.12,893.62,,,,"     ",3.60,24.96,4.38
532,444704062,"00532M08:00:12.888","00532 08:13:17",207.02,893.61,,,,"     ",3.60,24.89,4.37
532,444704063,"00532M08:00:13.861","00532 08:13:18",206.93,893.70,,,,"     ",3.60,25.02,4.39
532,444704064,"00532M08:00:14.834","00532 08:13:19",206.86,893.58,,,,"     ",3.60,24.84,4.36
532,444704065,"00532M08:00:15.808","00532 08:13:20",206.79,893.68,,,,"     ",3.60,25.00,4.39
532,444704066,"00532M08:00:16.781","00532 08:13:21",206.74,893.68,,,,"     ",3.60,25.00,4.39
532,444704067,"00532M08:00:17.754","00532 08:13:22",206.69,893.61,,,,"     ",3.60,24.93,4.38
532,444704068,"00532M08:00:18.727","00532 08:13:23",206.65,893.72,,,,"     ",3.60,24.96,4.38
532,444704069,"00532M08:00:19.701","00532 08:13:24",206.62,893.71,,,,"     ",3.60,25.15,4.42
532,444704070,"00532M08:00:20.674","00532 08:13:25",206.62,893.61,,,,"     ",3.60,25.11,4.41
532,444704071,"00532M08:00:21.647","00532 08:13:26",206.62,893.57,,,,"     ",3.60,25.17,4.42
532,444704072,"00532M08:00:22.621","00532 08:13:27",206.62,893.58,,,,"     ",3.60,24.91,4.37
532,444704073,"00532M08:00:23.594","00532 08:13:28",206.64,893.59,,,,"     ",3.60,25.06,4.40
532,444704074,"00532M08:00:24.567","00532 08:13:29",206.63,893.49,,,,"     ",3.60,25.04,4.39
532,444704075,"00532M08:00:25.540","00532 08:13:29",206.61,893.48,,,,"     ",3.60,25.10,4.40
532,444704076,"00532M08:00:26.514","00532 08:13:30",206.57,893.52,,,,"     ",3.60,25.20,4.42
532,444704077,"00532M08:00:27.487","00532 08:13:31",206.54,893.55,,,,"     ",3.60,25.13,4.41
532,444704078,"00532M08:00:28.460","00532 08:13:32",206.53,893.54,,,,"     ",3.60,25.12,4.41
532,444704079,"00532M08:00:29.433","00532 08:13:33",206.52,893.50,,,,"     ",3.60,25.15,4.41
532,444704080,"00532M08:00:30.407","00532 08:13:34",206.52,893.56,,,,"     ",3.60,25.23,4.43
532,444704081,"00532M08:00:31.380","00532 08:13:35",206.52,893.67,,,,"     ",3.60,25.18,4.42
532,444704082,"00532M08:00:32.353","00532 08:13:36",206.51,893.57,,,,"     ",3.60,25.07,4.40
532,444704083,"00532M08:00:33.326","00532 08:13:37",206.51,893.60,,,,"     ",3.60,25.18,4.42
532,444704084,"00532M08:00:34.300","00532 08:13:38",206.51,893.60,,,,"     ",3.60,25.17,4.41
532,444704085,"00532M08:00:35.273","00532 08:13:39",206.50,893.58,,,,"     ",3.60,25.33,4.44
532,444704086,"00532M08:00:36.246","00532 08:13:40",206.50,893.57,,,,"     ",3.60,25.10,4.40
532,444704087,"00532M08:00:37.219","00532 08:13:41",206.49,893.61,,,,"     ",3.60,25.29,4.44
532,444704088,"00532M08:00:38.193","00532 08:13:42",206.49,893.57,,,,"     ",3.60,25.21,4.42
532,444704089,"00532M08:00:39.166","00532 08:13:43",206.48,893.56,,,,"     ",3.60,25.12,4.40
532,444704090,"00532M08:00:40.139","00532 08:13:44",206.47,893.57,,,,"     ",3.60,25.20,4.42
532,444704091,"00532M08:00:41.112","00532 08:13:45",206.47,893.62,,,,"     ",3.60,25.19,4.42
532,444704092,"00532M08:00:42.086","00532 08:13:46",206.46,893.56,,,,"     ",3.60,25.27,4.43
532,444704093,"00532M08:00:43.059","00532 08:13:47",206.46,893.50,,,,"     ",3.60,25.05,4.39
532,444704094,"00532M08:00:44.032","00532 08:13:48",206.44,893.57,,,,"     ",3.60,25.30,4.44
532,444704095,"00532M08:00:45.005","00532 08:13:49",192.58,893.52,,,,"     ",3.60,25.24,4.42
532,444704096,"00532M08:00:45.979","00532 08:13:50",192.95,893.53,,,,"     ",3.60,25.08,4.40
532,444704097,"00532M08:00:46.952","00532 08:13:51",193.28,893.48,,,,"     ",3.60,25.24,4.42
532,444704098,"00532M08:00:47.925","00532 08:13:52",193.59,893.53,,,,"     ",3.60,25.10,4.40
532,444704099,"00532M08:00:48.898","00532 08:13:53",193.86,893.49,,,,"     ",3.60,25.23,4.42
532,444704100,"00532M08:00:49.872","00532 08:13:54",194.09,893.50,,,,"     ",3.60,25.44,4.46
532,444704101,"00532M08:00:50.845","00532 08:13:55",194.29,893.46,,,,"     ",3.60,25.50,4.47
532,444704102,"00532M08:00:51.818","00532 08:13:56",194.46,893.49,,,,"     ",3.60,25.35,4.44
532,444704103,"00532M08:00:52.791","00532 08:13:57",194.59,893.52,,,,"     ",3.60,25.24,4.42
532,444704104,"00532M08:00:53.765","00532 08:13:58",194.69,893.50,,,,"     ",3.60,25.20,4.41
532,444704105,"00532M08:00:54.738","00532 08:13:59",194.76,893.55,,,,"     ",3.60,25.22,4.42
532,444704106,"00532M08:00:55.711","00532 08:14:00",194.79,893.42,,,,"     ",3.60,25.47,4.46
532,444704107,"00532M08:00:56.684","00532 08:14:01",194.79,893.44,,,,"     ",3.60,25.40,4.45
532,444704108,"00532M08:00:57.658","00532 08:14:02",194.75,893.42,,,,"     ",3.60,25.38,4.44
532,444704109,"00532M08:00:58.631","00532 08:14:03",194.69,893.42,,,,"     ",3.60,25.32,4.43
532,444704110,"00532M08:00:59.604","00532 08:14:04",194.56,893.46,,,,"     ",3.60,25.32,4.43
532,444704111,"00532M08:01:00.577","00532 08:14:05",194.42,893.41,,,,"     ",3.60,25.39,4.44
532,444704112,"00532M08:01:01.551","00532 08:14:06",194.25,893.46,,,,"     ",3.60,25.35,4.44
532,444704113,"00532M08:01:02.524","00532 08:14:06",194.08,893.64,,,,"     ",3.60,25.19,4.41
532,444704114,"00532M08:01:03.497","00532 08:14:07",193.91,893.55,,,,"     ",3.60,25.35,4.44
532,444704115,"00532M08:01:04.470","00532 08:14:08",193.76,893.56,,,,"     ",3.60,25.35,4.43
532,444704116,"00532M08:01:05.444","00532 08:14:09",193.62,893.53,,,,"     ",3.60,25.50,4.46
532,444704117,"00532M08:01:06.417","00532 08:14:10",193.50,893.42,,,,"     ",3.60,25.44,4.45
532,444704118,"00532M08:01:07.390","00532 08:14:11",193.44,893.47,,,,"     ",3.60,25.56,4.47
532,444704119,"00532M08:01:08.363","00532 08:14:12",193.45,893.47,,,,"     ",3.60,25.50,4.46
532,444704120,"00532M08:01:09.337","00532 08:14:13",193.51,893.46,,,,"     ",3.60,25.37,4.44
532,444704121,"00532M08:01:10.310","00532 08:14:14",193.60,893.45,,,,"     ",3.60,25.34,4.43
532,444704122,"00532M08:01:11.283","00532 08:14:15",193.68,893.51,,,,"     ",3.60,25.36,4.43
532,444704123,"00532M08:01:12.256","00532 08:14:16",193.76,893.52,,,,"     ",3.60,25.34,4.43
532,444704124,"00532M08:01:13.230","00532 08:14:17",193.81,893.51,,,,"     ",3.60,25.42,4.44
532,444704125,"00532M08:01:14.203","00532 08:14:18",193.87,893.43,,,,"     ",3.60,25.56,4.47
532,444704126,"00532M08:01:15.176","00532 08:14:19",193.94,893.48,,,,"     ",3.60,25.41,4.44
532,444704127,"00532M08:01:16.149","00532 08:14:20",194.03,893.45,,,,"     ",3.60,25.59,4.47
532,444704128,"00532M08:01:17.123","00532 08:14:21",194.15,893.47,,,,"     ",3.60,25.37,4.43
532,444704129,"00532M08:01:18.096","00532 08:14:22",194.31,893.50,,,,"     ",3.60,25.40,4.44
532,444704130,"00532M08:01:19.069","00532 08:14:23",194.49,893.53,,,,"     ",3.60,25.68,4.49
532,444704131,"00532M08:01:20.042","00532 08:14:24",194.67,893.53,,,,"     ",3.60,25.40,4.44
532,444704132,"00532M08:01:21.016","00532 08:14:25",194.81,893.57,,,,"     ",3.60,25.46,4.44
532,444704133,"00532M08:01:21.989","00532 08:14:26",194.90,893.51,,,,"     ",3.60,25.51,4.45
532,444704134,"00532M08:01:22.962","00532 08:14:27",194.94,893.50,,,,"     ",3.60,25.63,4.47
532,444704135,"00532M08:01:23.935","00532 08:14:28",194.96,893.50,,,,"     ",3.60,25.50,4.45
532,444704136,"00532M08:01:24.909","00532 08:14:29",195.00,893.50,,,,"     ",3.60,25.52,4.45
532,444704137,"00532M08:01:25.882","00532 08:14:30",195.07,893.49,,,,"     ",3.60,25.66,4.48
532,444704138,"00532M08:01:26.855","00532 08:14:31",195.17,893.56,,,,"     ",3.60,25.38,4.43
532,444704139,"00532M08:01:27.828","00532 08:14:32",195.32,893.54,,,,"     ",3.60,25.80,4.50
532,444704140,"00532M08:01:28.802","00532 08:14:33",195.50,893.49,,,,"     ",3.60,25.44,4.44
532,444704141,"00532M08:01:29.775","00532 08:14:34",195.68,893.48,,,,"     ",3.60,25.63,4.47
532,444704142,"00532M08:01:30.748","00532 08:14:35",195.85,893.55,,,,"     ",3.60,25.68,4.48
532,444704143,"00532M08:01:31.722","00532 08:14:36",196.02,893.45,,,,"     ",3.60,25.50,4.44
532,444704144,"00532M08:01:32.695","00532 08:14:37",196.21,893.50,,,,"     ",3.60,25.41,4.43
532,444704145,"00532M08:01:33.668","00532 08:14:38",196.40,893.37,,,,"     ",3.60,25.50,4.44
532,444704146,"00532M08:01:34.641","00532 08:14:39",196.55,893.47,,,,"     ",3.60,25.44,4.43
532,444704147,"00532M08:01:35.615","00532 08:14:40",196.64,893.41,,,,"     ",3.60,25.61,4.46
532,444704148,"00532M08:01:36.588","00532 08:14:41",196.65,893.39,,,,"     ",3.60,25.60,4.46
532,444704149,"00532M08:01:37.561","00532 08:14:42",196.59,893.40,,,,"     ",3.60,25.46,4.43
532,444704150,"00532M08:01:38.534","00532 08:14:42",196.51,893.37,,,,"     ",3.60,25.70,4.47
532,444704151,"00532M08:01:39.508","00532 08:14:43",196.41,893.35,,,,"     ",3.60,25.55,4.44
532,444704152,"00532M08:01:40.481","00532 08:14:44",196.29,893.45,,,,"     ",3.60,25.65,4.46
532,444704153,"00532M08:01:41.454","00532 08:14:45",196.20,893.44,,,,"     ",3.60,25.69,4.47
532,444704154,"00532M08:01:42.427","00532 08:14:46",196.13,893.44,,,,"     ",3.60,25.84,4.49
532,444704155,"00532M08:01:43.401","00532 08:14:47",196.10,893.38,,,,"     ",3.60,25.79,4.48
532,444704156,"00532M08:01:44.374","00532 08:14:48",196.09,893.36,,,,"     ",3.60,25.52,4.43
532,444704157,"00532M08:01:45.347","00532 08:14:49",196.08,893.50,,,,"     ",3.60,25.95,4.51
532,444704158,"00532M08:01:46.320","00532 08:14:50",196.06,893.49,,,,"     ",3.60,25.84,4.48
532,444704159,"00532M08:01:47.294","00532 08:14:51",196.03,893.46,,,,"     ",3.60,25.75,4.47
532,444704160,"00532M08:01:48.267","00532 08:14:52",196.02,893.48,,,,"     ",3.60,25.66,4.45
532,444704161,"00532M08:01:49.240","00532 08:14:53",195.99,893.51,,,,"     ",3.60,25.91,4.49
532,444704162,"00532M08:01:50.213","00532 08:14:54",195.95,893.47,,,,"     ",3.60,25.83,4.48
532,444704163,"00532M08:01:51.187","00532 08:14:55",195.88,893.50,,,,"     ",3.60,25.76,4.46
532,444704164,"00532M08:01:52.160","00532 08:14:56",195.81,893.41,,,,"     ",3.60,25.68,4.45
532,444704165,"00532M08:01:53.133","00532 08:14:57",195.74,893.40,,,,"     ",3.60,25.76,4.46
532,444704166,"00532M08:01:54.106","00532 08:14:58",195.68,893.51,,,,"     ",3.60,25.70,4.45
532,444704167,"00532M08:01:55.080","00532 08:14:59",195.64,893.43,,,,"     ",3.60,26.02,4.50
532,444704168,"00532M08:01:56.053","00532 08:15:00",195.64,893.39,,,,"     ",3.60,25.96,4.49
532,444704169,"00532M08:01:57.026","00532 08:15:01",195.69,893.37,,,,"     ",3.60,25.91,4.48
532,444704170,"00532M08:01:57.999","00532 08:15:02",195.80,893.38,,,,"     ",3.60,25.75,4.45
532,444704171,"00532M08:01:58.973","00532 08:15:03",195.95,893.37,,,,"     ",3.60,26.06,4.50
532,444704172,"00532M08:01:59.946","00532 08:15:04",196.09,893.37,,,,"     ",3.60,25.87,4.47
532,444704173,"00532M08:02:00.919","00532 08:15:05",196.21,893.36,,,,"     ",3.60,25.78,4.45
532,444704174,"00532M08:02:01.892","00532 08:15:06",196.30,893.46,,,,"     ",3.60,25.95,4.48
532,444704175,"00532M08:02:02.866","00532 08:15:07",196.34,893.46,,,,"     ",3.60,26.00,4.49
532,444704176,"00532M08:02:03.839","00532 08:15:08",196.35,893.44,,,,"     ",3.60,25.86,4.46
532,444704177,"00532M08:02:04.812","00532 08:15:09",196.31,893.50,,,,"     ",3.60,26.04,4.49
532,444704178,"00532M08:02:05.785","00532 08:15:10",196.24,893.46,,,,"     ",3.60,25.74,4.43
532,444704179,"00532M08:02:06.759","00532 08:15:11",196.16,893.42,,,,"     ",3.60,25.89,4.46
532,444704180,"00532M08:02:07.732","00532 08:15:12",196.09,893.40,,,,"     ",3.60,25.92,4.46
532,444704181,"00532M08:02:08.705","00532 08:15:13",196.03,893.42,,,,"     ",3.60,26.07,4.49
532,444704182,"00532M08:02:09.678","00532 08:15:14",195.98,893.47,,,,"     ",3.60,26.03,4.48
532,444704183,"00532M08:02:10.652","00532 08:15:15",195.95,893.43,,,,"     ",3.60,25.97,4.46
532,444704184,"00532M08:02:11.625","00532 08:15:16",195.94,893.42,,,,"     ",3.60,26.00,4.47
532,444704185,"00532M08:02:12.598","00532 08:15:17",195.92,893.43,,,,"     ",3.60,26.00,4.46
532,444704186,"00532M08:02:13.571","00532 08:15:18",195.90,893.39,,,,"     ",3.60,26.02,4.47
532,444704187,"00532M08:02:14.545","00532 08:15:19",195.86,893.48,,,,"     ",3.60,25.88,4.44
532,444704188,"00532M08:02:15.518","00532 08:15:19",195.80,893.44,,,,"     ",3.60,25.92,4.45
532,444704189,"00532M08:02:16.491","00532 08:15:20",195.71,893.45,,,,"     ",3.60,26.14,4.48
532,444704190,"00532M08:02:17.464","00532 08:15:21",195.64,893.43,,,,"     ",3.60,26.03,4.46
532,444704191,"00532M08:02:18.438","00532 08:15:22",195.60,893.50,,,,"     ",3.60,25.98,4.45
532,444704192,"00532M08:02:19.411","00532 08:15:23",195.58,893.43,,,,"     ",3.60,26.04,4.46
532,444704193,"00532M08:02:20.384","00532 08:15:24",195.58,893.44,,,,"     ",3.60,25.95,4.44
532,444704194,"00532M08:02:21.357","00532 08:15:25",195.60,893.41,,,,"     ",3.60,26.22,4.48
532,444704195,"00532M08:02:22.331","00532 08:15:26",195.59,893.45,,,,"     ",3.60,25.91,4.43
532,444704196,"00532M08:02:23.304","00532 08:15:27",195.57,893.36,,,,"     ",3.60,25.94,4.43
532,444704197,"00532M08:02:24.277","00532 08:15:28",195.53,893.36,,,,"     ",3.60,26.08,4.45
532,444704198,"00532M08:02:25.250","00532 08:15:29",195.50,893.35,,,,"     ",3.60,26.12,4.46
532,444704199,"00532M08:02:26.224","00532 08:15:30",195.49,893.32,,,,"     ",3.60,25.92,4.42
532,444704200,"00532M08:02:27.197","00532 08:15:31",195.53,893.31,,,,"     ",3.60,26.10,4.45
532,444704201,"00532M08:02:28.170","00532 08:15:32",195.62,893.40,,,,"     ",3.60,25.97,4.43
532,444704202,"00532M08:02:29.143","00532 08:15:33",195.73,893.33,,,,"     ",3.60,26.23,4.47
532,444704203,"00532M08:02:30.117","00532 08:15:34",195.88,893.41,,,,"     ",3.60,25.95,4.42
532,444704204,"00532M08:02:31.090","00532 08:15:35",196.05,893.28,,,,"     ",3.60,26.15,4.45
532,444704205,"00532M08:02:32.063","00532 08:15:36",196.22,893.35,,,,"     ",3.60,25.86,4.40
532,444704206,"00532M08:02:33.036","00532 08:15:37",196.37,893.38,,,,"     ",3.60,26.18,4.46
532,444704207,"00532M08:02:34.010","00532 08:15:38",196.52,893.46,,,,"     ",3.60,25.87,4.40
532,444704208,"00532M08:02:34.983","00532 08:15:39",196.68,893.42,,,,"     ",3.60,26.33,4.48
532,444704209,"00532M08:02:35.956","00532 08:15:40",196.84,893.38,,,,"     ",3.60,26.26,4.46
532,444704210,"00532M08:02:36.929","00532 08:15:41",196.96,893.38,,,,"     ",3.60,26.06,4.43
532,444704211,"00532M08:02:37.903","00532 08:15:42",197.01,893.37,,,,"     ",3.60,25.91,4.40
532,444704212,"00532M08:02:38.876","00532 08:15:43",196.97,893.38,,,,"     ",3.60,26.10,4.43
532,444704213,"00532M08:02:39.849","00532 08:15:44",196.82,893.39,,,,"     ",3.60,26.21,4.45
532,444704214,"00532M08:02:40.823","00532 08:15:45",196.59,893.42,,,,"     ",3.60,26.10,4.43
532,444704215,"00532M08:02:41.796","00532 08:15:46",196.28,893.39,,,,"     ",3.60,26.00,4.41
532,444704216,"00532M08:02:42.769","00532 08:15:47",195.96,893.33,,,,"     ",3.60,26.13,4.43
532,444704217,"00532M08:02:43.742","00532 08:15:48",195.67,893.36,,,,"     ",3.60,25.98,4.40
532,444704218,"00532M08:02:44.716","00532 08:15:49",195.45,893.29,,,,"     ",3.60,26.08,4.42
532,444704219,"00532M08:02:45.689","00532 08:15:50",195.33,893.27,,,,"     ",3.60,26.12,4.43
532,444704220,"00532M08:02:46.662","00532 08:15:51",195.29,893.28,,,,"     ",3.60,26.17,4.43
532,444704221,"00532M08:02:47.635","00532 08:15:52",195.29,893.29,,,,"     ",3.60,26.05,4.41
532,444704222,"00532M08:02:48.609","00532 08:15:53",195.32,893.34,,,,"     ",3.60,26.13,4.42
532,444704223,"00532M08:02:49.582","00532 08:15:54",195.37,893.27,,,,"     ",3.60,26.08,4.41
532,444704224,"00532M08:02:50.555","00532 08:15:55",195.46,893.32,,,,"     ",3.60,25.96,4.39
532,444704225,"00532M08:02:51.528","00532 08:15:55",195.59,893.30,,,,"     ",3.60,25.95,4.39
532,444704226,"00532M08:02:52.502","00532 08:15:56",195.77,893.28,,,,"     ",3.60,26.05,4.41
532,444704227,"00532M08:02:53.475","00532 08:15:57",195.98,893.33,,,,"     ",3.60,26.17,4.42
532,444704228,"00532M08:02:54.448","00532 08:15:58",196.19,893.27,,,,"     ",3.60,26.04,4.40
532,444704229,"00532M08:02:55.421","00532 08:15:59",196.39,893.28,,,,"     ",3.60,25.92,4.38
532,444704230,"00532M08:02:56.395","00532 08:16:00",196.55,893.33,,,,"     ",3.60,25.97,4.39
532,444704231,"00532M08:02:57.368","00532 08:16:01",196.65,893.50,,,,"     ",3.60,26.05,4.40
532,444704232,"00532M08:02:58.341","00532 08:16:02",196.67,893.33,,,,"     ",3.60,26.22,4.43
532,444704233,"00532M08:02:59.314","00532 08:16:03",196.61,893.30,,,,"     ",3.60,26.07,4.40
532,444704234,"00532M08:03:00.288","00532 08:16:04",196.47,893.41,,,,"     ",3.60,26.05,4.40
532,444704235,"00532M08:03:01.261","00532 08:16:05",196.26,893.45,,,,"     ",3.60,26.39,4.46
532,444704236,"00532M08:03:02.234","00532 08:16:06",196.01,893.39,,,,"     ",3.60,26.08,4.40
532,444704237,"00532M08:03:03.207","00532 08:16:07",195.77,893.38,,,,"     ",3.60,26.07,4.40
532,444704238,"00532M08:03:04.181","00532 08:16:08",195.54,893.30,,,,"     ",3.60,25.98,4.38
532,444704239,"00532M08:03:05.154","00532 08:16:09",195.32,893.35,,,,"     ",3.60,26.15,4.41
532,444704240,"00532M08:03:06.127","00532 08:16:10",195.10,893.39,,,,"     ",3.60,26.29,4.44
532,444704241,"00532M08:03:07.100","00532 08:16:11",194.90,893.41,,,,"     ",3.60,26.34,4.45
532,444704242,"00532M08:03:08.074","00532 08:16:12",194.70,893.30,,,,"     ",3.60,26.03,4.39
532,444704243,"00532M08:03:09.047","00532 08:16:13",194.48,893.33,,,,"     ",3.60,26.16,4.41
532,444704244,"00532M08:03:10.020","00532 08:16:14",194.28,893.29,,,,"     ",3.60,26.17,4.41
532,444704245,"00532M08:03:10.993","00532 08:16:15",194.16,893.32,,,,"     ",3.60,26.16,4.41
532,444704246,"00532M08:03:11.967","00532 08:16:16",194.11,893.26,,,,"     ",3.60,26.13,4.41
532,444704247,"00532M08:03:12.940","00532 08:16:17",194.15,893.27,,,,"     ",3.60,26.16,4.41
532,444704248,"00532M08:03:13.913","00532 08:16:18",194.25,893.28,,,,"     ",3.60,26.18,4.41
532,444704249,"00532M08:03:14.886","00532 08:16:19",194.38,893.28,,,,"     ",3.60,26.23,4.42
532,444704250,"00532M08:03:15.860","00532 08:16:20",194.48,893.38,,,,"     ",3.60,26.19,4.42
532,444704251,"00532M08:03:16.833","00532 08:16:21",194.53,893.28,,,,"     ",3.60,26.03,4.39
532,444704252,"00532M08:03:17.806","00532 08:16:22",194.50,893.37,,,,"     ",3.60,26.14,4.41
532,444704253,"00532M08:03:18.779","00532 08:16:23",194.41,893.35,,,,"     ",3.60,26.25,4.42
532,444704254,"00532M08:03:19.753","00532 08:16:24",194.28,893.34,,,,"     ",3.60,26.27,4.43
532,444704255,"00532M08:03:20.726","00532 08:16:25",194.11,893.32,,,,"     ",3.60,26.23,4.42
532,444704256,"00532M08:03:21.699","00532 08:16:26",193.96,893.34,,,,"     ",3.60,26.23,4.42
532,444704257,"00532M08:03:22.672","00532 08:16:27",193.82,893.34,,,,"     ",3.60,26.20,4.41
532,444704258,"00532M08:03:23.646","00532 08:16:28",193.73,893.23,,,,"     ",3.60,26.19,4.41
532,444704259,"00532M08:03:24.619","00532 08:16:29",193.65,893.25,,,,"     ",3.60,26.23,4.42
532,444704260,"00532M08:03:25.592","00532 08:16:30",193.57,893.21,,,,"     ",3.60,26.00,4.38
532,444704261,"00532M08:03:26.565","00532 08:16:31",193.48,893.17,,,,"     ",3.60,26.13,4.40
532,444704262,"00532M08:03:27.539","00532 08:16:32",193.42,893.20,,,,"     ",3.60,26.33,4.43
532,444704263,"00532M08:03:28.512","00532 08:16:32",193.39,893.19,,,,"     ",3.60,26.08,4.39
532,444704264,"00532M08:03:29.485","00532 08:16:33",193.40,893.20,,,,"     ",3.60,26.13,4.40
532,444704265,"00532M08:03:30.458","00532 08:16:34",193.45,893.19,,,,"     ",3.60,26.24,4.42
532,444704266,"00532M08:03:31.432","00532 08:16:35",193.56,893.19,,,,"     ",3.60,26.22,4.41
532,444704267,"00532M08:03:32.405","00532 08:16:36",193.73,893.15,,,,"     ",3.60,26.19,4.41
532,444704268,"00532M08:03:33.378","00532 08:16:37",193.92,893.24,,,,"     ",3.60,26.14,4.40
532,444704269,"00532M08:03:34.351","00532 08:16:38",194.14,893.29,,,,"     ",3.60,26.21,4.41
532,444704270,"00532M08:03:35.325","00532 08:16:39",194.35,893.26,,,,"     ",3.60,26.08,4.39
532,444704271,"00532M08:03:36.298","00532 08:16:40",194.55,893.17,,,,"     ",3.60,26.15,4.40
532,444704272,"00532M08:03:37.271","00532 08:16:41",194.67,893.20,,,,"     ",3.60,26.38,4.44
532,444704273,"00532M08:03:38.244","00532 08:16:42",194.70,893.26,,,,"     ",3.60,26.25,4.41
532,444704274,"00532M08:03:39.218","00532 08:16:43",194.65,893.19,,,,"     ",3.60,26.19,4.40
532,444704275,"00532M08:03:40.191","00532 08:16:44",194.54,893.16,,,,"     ",3.60,26.15,4.40
532,444704276,"00532M08:03:41.164","00532 08:16:45",194.41,893.27,,,,"     ",3.60,26.20,4.40
532,444704277,"00532M08:03:42.137","00532 08:16:46",194.28,893.21,,,,"     ",3.60,26.15,4.40
532,444704278,"00532M08:03:43.111","00532 08:16:47",194.18,893.14,,,,"     ",3.60,26.10,4.39
532,444704279,"00532M08:03:44.084","00532 08:16:48",194.08,893.25,,,,"     ",3.60,26.23,4.41
532,444704280,"00532M08:03:45.057","00532 08:16:49",193.98,893.18,,,,"     ",3.60,26.26,4.41
532,444704281,"00532M08:03:46.030","00532 08:16:50",193.85,893.20,,,,"     ",3.60,26.28,4.42
532,444704282,"00532M08:03:47.004","00532 08:16:51",193.71,893.32,,,,"     ",3.60,26.10,4.39
532,444704283,"00532M08:03:47.977","00532 08:16:52",193.59,893.20,,,,"     ",3.60,26.09,4.38
532,444704284,"00532M08:03:48.950","00532 08:16:53",193.49,893.17,,,,"     ",3.60,26.29,4.42
532,444704285,"00532M08:03:49.924","00532 08:16:54",193.40,893.25,,,,"     ",3.60,26.19,4.40
532,444704286,"00532M08:03:50.897","00532 08:16:55",193.34,893.28,,,,"     ",3.60,26.12,4.39
532,444704287,"00532M08:03:51.870","00532 08:16:56",193.34,893.31,,,,"     ",3.60,26.25,4.41
532,444704288,"00532M08:03:52.843","00532 08:16:57",193.37,893.30,,,,"     ",3.60,26.14,4.39
532,444704289,"00532M08:03:53.817","00532 08:16:58",193.43,893.28,,,,"     ",3.60,26.14,4.39
532,444704290,"00532M08:03:54.790","00532 08:16:59",193.48,893.30,,,,"     ",3.60,26.12,4.38
532,444704291,"00532M08:03:55.763","00532 08:17:00",193.50,893.30,,,,"     ",3.60,26.04,4.37
532,444704292,"00532M08:03:56.736","00532 08:17:01",193.51,893.34,,,,"     ",3.60,26.06,4.37
532,444704293,"00532M08:03:57.710","00532 08:17:02",193.49,893.21,,,,"     ",3.60,26.08,4.37
532,444704294,"00532M08:03:58.683","00532 08:17:03",193.47,893.30,,,,"     ",3.60,26.06,4.37
532,444704295,"00532M08:03:59.656","00532 08:17:04",193.47,893.28,,,,"     ",3.60,25.99,4.36
532,444704296,"00532M08:04:00.629","00532 08:17:05",193.49,893.24,,,,"     ",3.60,26.13,4.38
532,444704297,"00532M08:04:01.603","00532 08:17:06",193.51,893.19,,,,"     ",3.60,26.16,4.38
532,444704298,"00532M08:04:02.576","00532 08:17:07",193.51,893.03,,,,"     ",3.60,26.09,4.37
532,444704299,"00532M08:04:03.549","00532 08:17:08",193.49,893.16,,,,"     ",3.60,26.20,4.39
532,444704300,"00532M08:04:04.522","00532 08:17:09",193.46,893.23,,,,"     ",3.60,26.05,4.36
532,444704301,"00532M08:04:05.496","00532 08:17:09",193.43,893.15,,,,"     ",3.60,26.36,4.41
532,444704302,"00532M08:04:06.469","00532 08:17:10",193.41,893.29,,,,"     ",3.60,26.31,4.40
532,444704303,"00532M08:04:07.442","00532 08:17:11",193.41,893.29,,,,"     ",3.60,26.39,4.42
532,444704304,"00532M08:04:08.415","00532 08:17:12",193.40,893.32,,,,"     ",3.60,26.41,4.42
532,444704305,"00532M08:04:09.389","00532 08:17:13",193.36,893.34,,,,"     ",3.60,26.35,4.41
532,444704306,"00532M08:04:10.362","00532 08:17:14",193.32,893.34,,,,"     ",3.60,26.35,4.41
532,444704307,"00532M08:04:11.335","00532 08:17:15",193.29,893.22,,,,"     ",3.60,26.33,4.40
532,444704308,"00532M08:04:12.308","00532 08:17:16",193.28,893.28,,,,"     ",3.60,26.26,4.39
532,444704309,"00532M08:04:13.282","00532 08:17:17",193.28,893.26,,,,"     ",3.60,26.30,4.39
532,444704310,"00532M08:04:14.255","00532 08:17:18",193.26,893.27,,,,"     ",3.60,26.23,4.38
532,444704311,"00532M08:04:15.228","00532 08:17:19",193.21,893.23,,,,"     ",3.60,26.25,4.38
532,444704312,"00532M08:04:16.201","00532 08:17:20",193.14,893.26,,,,"     ",3.60,26.21,4.37
532,444704313,"00532M08:04:17.175","00532 08:17:21",193.08,893.28,,,,"     ",3.60,26.33,4.39
532,444704314,"00532M08:04:18.148","00532 08:17:22",193.02,893.27,,,,"     ",3.60,26.36,4.40
532,444704315,"00532M08:04:19.121","00532 08:17:23",192.99,893.26,,,,"     ",3.60,26.19,4.37
532,444704316,"00532M08:04:20.094","00532 08:17:24",192.97,893.27,,,,"     ",3.60,26.20,4.37
532,444704317,"00532M08:04:21.068","00532 08:17:25",192.97,893.17,,,,"     ",3.60,26.25,4.37
532,444704318,"00532M08:04:22.041","00532 08:17:26",192.96,893.16,,,,"     ",3.60,26.40,4.39
532,444704319,"00532M08:04:23.014","00532 08:17:27",192.95,893.19,,,,"     ",3.60,26.19,4.36
532,444704320,"00532M08:04:23.987","00532 08:17:28",192.92,893.17,,,,"     ",3.60,26.28,4.37
532,444704321,"00532M08:04:24.961","00532 08:17:29",192.90,893.21,,,,"     ",3.60,26.42,4.39
532,444704322,"00532M08:04:25.934","00532 08:17:30",192.90,893.24,,,,"     ",3.60,26.28,4.37
532,444704323,"00532M08:04:26.907","00532 08:17:31",192.90,893.10,,,,"     ",3.60,26.34,4.38
532,444704324,"00532M08:04:27.880","00532 08:17:32",192.91,893.10,,,,"     ",3.60,26.18,4.35
532,444704325,"00532M08:04:28.854","00532 08:17:33",192.91,893.19,,,,"     ",3.60,26.35,4.38
532,444704326,"00532M08:04:29.827","00532 08:17:34",192.90,893.17,,,,"     ",3.60,26.33,4.37
532,444704327,"00532M08:04:30.800","00532 08:17:35",192.90,893.16,,,,"     ",3.60,26.34,4.37
532,444704328,"00532M08:04:31.773","00532 08:17:36",192.88,893.18,,,,"     ",3.60,26.55,4.41
532,444704329,"00532M08:04:32.747","00532 08:17:37",192.85,893.14,,,,"     ",3.60,26.67,4.42
532,444704330,"00532M08:04:33.720","00532 08:17:38",192.82,893.17,,,,"     ",3.60,26.46,4.39
532,444704331,"00532M08:04:34.693","00532 08:17:39",192.79,893.21,,,,"     ",3.60,26.41,4.38
532,444704332,"00532M08:04:35.666","00532 08:17:40",192.84,893.19,,,,"     ",3.60,26.49,4.39
532,444704333,"00532M08:04:36.640","00532 08:17:41",192.96,893.24,,,,"     ",3.60,26.35,4.36
532,444704334,"00532M08:04:37.613","00532 08:17:42",193.10,893.15,,,,"     ",3.60,26.40,4.37
532,444704335,"00532M08:04:38.586","00532 08:17:43",193.22,893.11,,,,"     ",3.60,26.44,4.37
532,444704336,"00532M08:04:39.559","00532 08:17:44",193.30,893.08,,,,"     ",3.60,26.53,4.39
532,444704337,"00532M08:04:40.533","00532 08:17:45",193.32,893.09,,,,"     ",3.60,26.56,4.39
532,444704338,"00532M08:04:41.506","00532 08:17:45",193.30,893.25,,,,"     ",3.60,26.47,4.37
532,444704339,"00532M08:04:42.479","00532 08:17:46",193.28,893.26,,,,"     ",3.60,26.58,4.39
532,444704340,"00532M08:04:43.452","00532 08:17:47",193.26,893.22,,,,"     ",3.60,26.74,4.41
532,444704341,"00532M08:04:44.426","00532 08:17:48",193.26,893.23,,,,"     ",3.60,26.70,4.41
532,444704342,"00532M08:04:45.399","00532 08:17:49",193.29,893.18,,,,"     ",3.60,26.55,4.38
532,444704343,"00532M08:04:46.372","00532 08:17:50",193.32,893.19,,,,"     ",3.60,26.83,4.42
532,444704344,"00532M08:04:47.345","00532 08:17:51",193.34,893.23,,,,"     ",3.60,26.71,4.40
532,444704345,"00532M08:04:48.319","00532 08:17:52",193.35,893.08,,,,"     ",3.60,26.70,4.40
532,444704346,"00532M08:04:49.292","00532 08:17:53",193.35,893.08,,,,"     ",3.60,26.63,4.38
532,444704347,"00532M08:04:50.265","00532 08:17:54",193.38,893.09,,,,"     ",3.60,26.68,4.39
532,444704348,"00532M08:04:51.238","00532 08:17:55",193.45,893.11,,,,"     ",3.60,26.72,4.39
532,444704349,"00532M08:04:52.212","00532 08:17:56",193.55,893.08,,,,"     ",3.60,26.67,4.38
532,444704350,"00532M08:04:53.185","00532 08:17:57",193.68,893.17,,,,"     ",3.60,26.81,4.41
532,444704351,"00532M08:04:54.158","00532 08:17:58",193.84,893.14,,,,"     ",3.60,26.68,4.38
532,444704352,"00532M08:04:55.131","00532 08:17:59",194.02,893.16,,,,"     ",3.60,26.62,4.37
532,444704353,"00532M08:04:56.105","00532 08:18:00",194.19,893.12,,,,"     ",3.60,26.75,4.39
532,444704354,"00532M08:04:57.078","00532 08:18:01",194.31,893.09,,,,"     ",3.60,26.72,4.38
532,444704355,"00532M08:04:58.051","00532 08:18:02",194.37,893.06,,,,"     ",3.60,26.97,4.42
532,444704356,"00532M08:04:59.025","00532 08:18:03",194.38,893.12,,,,"     ",3.60,26.66,4.36
532,444704357,"00532M08:04:59.998","00532 08:18:04",194.38,893.13,,,,"     ",3.60,26.78,4.38
532,444704358,"00532M08:05:00.971","00532 08:18:05",194.39,893.05,,,,"     ",3.60,26.81,4.38
532,444704359,"00532M08:05:01.944","00532 08:18:06",194.39,893.11,,,,"     ",3.60,27.02,4.42
532,444704360,"00532M08:05:02.918","00532 08:18:07",194.39,893.03,,,,"     ",3.60,26.95,4.40
532,444704361,"00532M08:05:03.891","00532 08:18:08",194.37,893.10,,,,"     ",3.60,26.96,4.40
532,444704362,"00532M08:05:04.864","00532 08:18:09",194.34,893.15,,,,"     ",3.60,27.06,4.41
532,444704363,"00532M08:05:05.837","00532 08:18:10",194.33,893.10,,,,"     ",3.60,27.01,4.40
532,444704364,"00532M08:05:06.811","00532 08:18:11",194.33,893.14,,,,"     ",3.60,27.00,4.40
532,444704365,"00532M08:05:07.784","00532 08:18:12",194.37,893.12,,,,"     ",3.60,27.15,4.42
532,444704366,"00532M08:05:08.757","00532 08:18:13",194.43,893.18,,,,"     ",3.60,26.99,4.39
532,444704367,"00532M08:05:09.730","00532 08:18:14",194.50,893.20,,,,"     ",3.60,26.96,4.38
532,444704368,"00532M08:05:10.704","00532 08:18:15",194.56,893.17,,,,"     ",3.60,26.91,4.37
532,444704369,"00532M08:05:11.677","00532 08:18:16",194.59,893.12,,,,"     ",3.60,27.04,4.39
532,444704370,"00532M08:05:12.650","00532 08:18:17",194.58,893.16,,,,"     ",3.60,26.98,4.38
532,444704371,"00532M08:05:13.623","00532 08:18:18",194.50,893.06,,,,"     ",3.60,27.24,4.42
532,444704372,"00532M08:05:14.597","00532 08:18:19",194.39,893.11,,,,"     ",3.60,26.79,4.34
532,444704373,"00532M08:05:15.570","00532 08:18:20",194.26,893.08,,,,"     ",3.60,27.10,4.39
532,444704374,"00532M08:05:16.543","00532 08:18:21",194.15,893.12,,,,"     ",3.60,27.11,4.39
532,444704375,"00532M08:05:17.516","00532 08:18:22",194.08,893.13,,,,"     ",3.60,27.11,4.38
532,444704376,"00532M08:05:18.490","00532 08:18:22",194.05,893.12,,,,"     ",3.60,27.11,4.38
532,444704377,"00532M08:05:19.463","00532 08:18:23",194.09,893.12,,,,"     ",3.60,27.03,4.36
532,444704378,"00532M08:05:20.436","00532 08:18:24",194.18,893.07,,,,"     ",3.60,27.07,4.37
532,444704379,"00532M08:05:21.409","00532 08:18:25",194.29,893.10,,,,"     ",3.60,27.13,4.38
532,444704380,"00532M08:05:22.383","00532 08:18:26",194.39,893.09,,,,"     ",3.60,27.11,4.37
532,444704381,"00532M08:05:23.356","00532 08:18:27",194.47,893.09,,,,"     ",3.60,27.20,4.38
532,444704382,"00532M08:05:24.329","00532 08:18:28",194.54,893.03,,,,"     ",3.60,27.11,4.36
532,444704383,"00532M08:05:25.302","00532 08:18:29",194.62,893.02,,,,"     ",3.60,27.06,4.35
532,444704384,"00532M08:05:26.276","00532 08:18:30",194.69,893.10,,,,"     ",3.60,27.21,4.38
532,444704385,"00532M08:05:27.249","00532 08:18:31",194.77,892.97,,,,"     ",3.60,27.00,4.34
532,444704386,"00532M08:05:28.222","00532 08:18:32",194.84,892.97,,,,"     ",3.60,27.20,4.37
532,444704387,"00532M08:05:29.195","00532 08:18:33",194.86,892.99,,,,"     ",3.60,27.32,4.39
532,444704388,"00532M08:05:30.169","00532 08:18:34",194.82,892.98,,,,"     ",3.60,27.29,4.38
532,444704389,"00532M08:05:31.142","00532 08:18:35",194.74,893.02,,,,"     ",3.60,27.22,4.36
532,444704390,"00532M08:05:32.115","00532 08:18:36",194.64,892.96,,,,"     ",3.60,27.05,4.33
532,444704391,"00532M08:05:33.088","00532 08:18:37",194.55,892.96,,,,"     ",3.60,27.48,4.40
532,444704392,"00532M08:05:34.062","00532 08:18:38",194.55,893.05,,,,"     ",3.60,27.36,4.38
532,444704393,"00532M08:05:35.035","00532 08:18:39",194.55,893.06,,,,"     ",3.60,27.33,4.37
532,444704394,"00532M08:05:36.008","00532 08:18:40",194.56,893.11,,,,"     ",3.60,27.22,4.35
532,444704395,"00532M08:05:36.981","00532 08:18:41",194.57,893.09,,,,"     ",3.60,27.41,4.38
532,444704396,"00532M08:05:37.955","00532 08:18:42",194.57,893.11,,,,"     ",3.60,27.21,4.35
532,444704397,"00532M08:05:38.928","00532 08:18:43",194.57,893.03,,,,"     ",3.60,27.54,4.40
532,444704398,"00532M08:05:39.901","00532 08:18:44",194.57,893.12,,,,"     ",3.60,27.18,4.34
532,444704399,"00532M08:05:40.874","00532 08:18:45",194.56,893.07,,,,"     ",3.60,27.37,4.36
532,444704400,"00532M08:05:41.848","00532 08:18:46",194.55,893.03,,,,"     ",3.60,27.60,4.40
532,444704401,"00532M08:05:42.821","00532 08:18:47",194.54,893.09,,,,"     ",3.60,27.32,4.35
532,444704402,"00532M08:05:43.794","00532 08:18:48",194.53,893.11,,,,"     ",3.60,27.31,4.35
532,444704403,"00532M08:05:44.767","00532 08:18:49",194.52,893.10,,,,"     ",3.60,27.46,4.37
532,444704404,"00532M08:05:45.741","00532 08:18:50",194.50,892.99,,,,"     ",3.60,27.40,4.36
532,444704405,"00532M08:05:46.714","00532 08:18:51",194.47,893.06,,,,"     ",3.60,27.31,4.34
532,444707787,"00532M09:00:38.257","00532 09:13:43",210.40,884.29,,,,"     ",3.60,,
532,444707788,"00532M09:00:39.230","00532 09:13:44",210.36,884.20,,,,"     ",3.60,53.05,6.06
532,444707789,"00532M09:00:40.204","00532 09:13:45",210.33,884.22,,,,"     ",3.60,53.31,6.07
532,444707790,"00532M09:00:41.177","00532 09:13:46",210.31,884.19,,,,"     ",3.60,53.56,6.08
532,444707791,"00532M09:00:42.150","00532 09:13:47",210.29,884.20,,,,"     ",3.60,53.16,6.01
532,444707792,"00532M09:00:43.123","00532 09:13:47",210.28,884.27,,,,"     ",3.60,53.41,6.02
532,444707793,"00532M09:00:44.097","00532 09:13:48",210.27,884.25,,,,"     ",3.60,53.55,6.02
532,444707794,"00532M09:00:45.070","00532 09:13:49",210.27,884.23,,,,"     ",3.60,53.57,6.00
532,444707795,"00532M09:00:46.043","00532 09:13:50",210.27,884.14,,,,"     ",3.60,53.45,5.97
532,444707796,"00532M09:00:47.016","00532 09:13:51",210.28,884.21,,,,"     ",3.60,53.76,5.99
532,444707797,"00532M09:00:47.990","00532 09:13:52",210.29,884.22,,,,"     ",3.60,53.54,5.94
532,444707798,"00532M09:00:48.963","00532 09:13:53",210.30,884.24,,,,"     ",3.60,53.76,5.95
532,444707799,"00532M09:00:49.936","00532 09:13:54",210.32,884.29,,,,"     ",3.60,53.76,5.93
532,444707800,"00532M09:00:50.909","00532 09:13:55",210.33,884.32,,,,"     ",3.60,53.70,5.91
532,444707801,"00532M09:00:51.883","00532 09:13:56",210.35,884.29,,,,"     ",3.60,53.59,5.88
532,444707802,"00532M09:00:52.856","00532 09:13:57",210.38,884.26,,,,"     ",3.60,53.75,5.88
532,444707803,"00532M09:00:53.829","00532 09:13:58",210.42,884.30,,,,"     ",3.60,53.90,5.88
532,444707804,"00532M09:00:54.803","00532 09:13:59",210.48,884.30,,,,"     ",3.60,53.91,5.87
532,444707805,"00532M09:00:55.776","00532 09:14:00",210.51,884.23,,,,"     ",3.60,54.08,5.87
532,444707806,"00532M09:00:56.749","00532 09:14:01",210.53,884.20,,,,"     ",3.60,54.31,5.89
532,444707807,"00532M09:00:57.722","00532 09:14:02",210.51,884.18,,,,"     ",3.60,54.03,5.84
532,444707808,"00532M09:00:58.696","00532 09:14:03",210.47,884.17,,,,"     ",3.60,54.01,5.82
532,444707809,"00532M09:00:59.669","00532 09:14:04",210.41,884.19,,,,"     ",3.60,54.07,5.82
532,444707810,"00532M09:01:00.642","00532 09:14:05",210.38,884.17,,,,"     ",3.60,54.21,5.82
532,444707811,"00532M09:01:01.615","00532 09:14:06",210.37,884.16,,,,"     ",3.60,54.19,5.80
532,444707812,"00532M09:01:02.589","00532 09:14:07",210.40,884.17,,,,"     ",3.60,54.45,5.82
532,444707813,"00532M09:01:03.562","00532 09:14:08",210.44,884.15,,,,"     ",3.60,54.10,5.77
532,444707814,"00532M09:01:04.535","00532 09:14:09",210.49,884.17,,,,"     ",3.60,54.43,5.79
532,444707815,"00532M09:01:05.508","00532 09:14:10",210.54,884.15,,,,"     ",3.60,54.16,5.75
532,444707816,"00532M09:01:06.482","00532 09:14:11",210.58,884.21,,,,"     ",3.60,54.43,5.76
532,444707817,"00532M09:01:07.455","00532 09:14:12",210.61,884.25,,,,"     ",3.60,54.65,5.78
532,444707818,"00532M09:01:08.428","00532 09:14:13",210.65,884.16,,,,"     ",3.60,54.65,5.76
532,444707819,"00532M09:01:09.401","00532 09:14:14",210.67,884.22,,,,"     ",3.60,54.63,5.75
532,444707820,"00532M09:01:10.375","00532 09:14:15",210.70,884.22,,,,"     ",3.60,54.47,5.72
532,444707821,"00532M09:01:11.348","00532 09:14:16",210.72,884.24,,,,"     ",3.60,54.71,5.74
532,444707822,"00532M09:01:12.321","00532 09:14:17",210.74,884.17,,,,"     ",3.60,54.47,5.70
532,444707823,"00532M09:01:13.294","00532 09:14:18",210.76,884.17,,,,"     ",3.60,54.34,5.67
532,444707824,"00532M09:01:14.268","00532 09:14:19",210.77,884.25,,,,"     ",3.60,54.68,5.70
532,444707825,"00532M09:01:15.241","00532 09:14:20",210.78,884.15,,,,"     ",3.60,54.56,5.67
532,444707826,"00532M09:01:16.214","00532 09:14:21",210.77,884.21,,,,"     ",3.60,54.86,5.70
532,444707827,"00532M09:01:17.187","00532 09:14:22",210.77,884.25,,,,"     ",3.60,54.72,5.67
532,444707828,"00532M09:01:18.161","00532 09:14:23",210.77,884.28,,,,"     ",3.60,54.93,5.68
532,444707829,"00532M09:01:19.134","00532 09:14:24",210.80,884.20,,,,"     ",3.60,54.97,5.68
532,444707830,"00532M09:01:20.107","00532 09:14:24",210.84,884.22,,,,"     ",3.60,54.82,5.65
532,444707831,"00532M09:01:21.080","00532 09:14:25",210.89,884.11,,,,"     ",3.60,54.86,5.65
532,444707832,"00532M09:01:22.054","00532 09:14:26",210.96,884.07,,,,"     ",3.60,54.87,5.64
532,444707833,"00532M09:01:23.027","00532 09:14:27",211.03,884.12,,,,"     ",3.60,55.07,5.65
532,444707834,"00532M09:01:24.000","00532 09:14:28",211.09,884.18,,,,"     ",3.60,55.09,5.64
532,444707835,"00532M09:01:24.973","00532 09:14:29",211.14,884.19,,,,"     ",3.60,55.07,5.63
532,444707836,"00532M09:01:25.947","00532 09:14:30",211.20,884.25,,,,"     ",3.60,55.23,5.64
532,444707837,"00532M09:01:26.920","00532 09:14:31",211.26,884.11,,,,"     ",3.60,55.24,5.63
532,444707838,"00532M09:01:27.893","00532 09:14:32",211.30,884.24,,,,"     ",3.60,55.20,5.61
532,444707839,"00532M09:01:28.866","00532 09:14:33",211.33,884.13,,,,"     ",3.60,55.23,5.61
532,444707840,"00532M09:01:29.840","00532 09:14:34",211.34,884.08,,,,"     ",3.60,55.10,5.58
532,444707841,"00532M09:01:30.813","00532 09:14:35",211.33,884.10,,,,"     ",3.60,54.78,5.54
532,444707842,"00532M09:01:31.786","00532 09:14:36",211.30,884.14,,,,"     ",3.60,55.09,5.56
532,444707843,"00532M09:01:32.759","00532 09:14:37",211.27,884.15,,,,"     ",3.60,55.09,5.56
532,444707844,"00532M09:01:33.733","00532 09:14:38",211.22,884.16,,,,"     ",3.60,55.01,5.54
532,444707845,"00532M09:01:34.706","00532 09:14:39",211.15,884.05,,,,"     ",3.60,55.31,5.56
532,444707846,"00532M09:01:35.679","00532 09:14:40",211.09,884.22,,,,"     ",3.60,55.40,5.56
532,444707847,"00532M09:01:36.652","00532 09:14:41",211.04,884.24,,,,"     ",3.60,55.33,5.55
532,444707848,"00532M09:01:37.626","00532 09:14:42",211.01,884.24,,,,"     ",3.60,55.35,5.54
532,444707849,"00532M09:01:38.599","00532 09:14:43",211.01,884.20,,,,"     ",3.60,55.28,5.53
532,444707850,"00532M09:01:39.572","00532 09:14:44",211.03,884.13,,,,"     ",3.60,55.28,5.52
532,444707851,"00532M09:01:40.545","00532 09:14:45",211.08,884.07,,,,"     ",3.60,55.28,5.51
532,444707852,"00532M09:01:41.519","00532 09:14:46",211.16,884.13,,,,"     ",3.60,55.32,5.51
532,444707853,"00532M09:01:42.492","00532 09:14:47",211.25,884.13,,,,"     ",3.60,55.61,5.53
532,444707854,"00532M09:01:43.465","00532 09:14:48",211.35,884.14,,,,"     ",3.60,55.58,5.52
532,444707855,"00532M09:01:44.438","00532 09:14:49",211.48,884.15,,,,"     ",3.60,55.24,5.47
532,444707856,"00532M09:01:45.412","00532 09:14:50",211.61,884.21,,,,"     ",3.60,55.56,5.50
532,444707857,"00532M09:01:46.385","00532 09:14:51",211.74,884.14,,,,"     ",3.60,55.32,5.47
532,444707858,"00532M09:01:47.358","00532 09:14:52",211.88,884.17,,,,"     ",3.60,55.49,5.48
532,444707859,"00532M09:01:48.331","00532 09:14:53",212.00,884.12,,,,"     ",3.60,55.44,5.46
532,444707860,"00532M09:01:49.305","00532 09:14:54",212.11,884.04,,,,"     ",3.60,55.34,5.45
532,444707861,"00532M09:01:50.278","00532 09:14:55",212.20,884.08,,,,"     ",3.60,55.42,5.45
532,444707862,"00532M09:01:51.251","00532 09:14:56",212.29,884.09,,,,"     ",3.60,55.61,5.46
532,444707863,"00532M09:01:52.224","00532 09:14:57",212.37,884.17,,,,"     ",3.60,55.66,5.46
532,444707864,"00532M09:01:53.198","00532 09:14:58",212.43,884.15,,,,"     ",3.60,55.48,5.43
532,444707865,"00532M09:01:54.171","00532 09:14:59",212.48,884.05,,,,"     ",3.60,55.68,5.44
532,444707866,"00532M09:01:55.144","00532 09:15:00",212.51,884.04,,,,"     ",3.60,55.75,5.44
532,444707867,"00532M09:01:56.117","00532 09:15:00",212.54,884.09,,,,"     ",3.60,55.80,5.44
532,444707868,"00532M09:01:57.091","00532 09:15:01",212.56,884.07,,,,"     ",3.60,55.71,5.42
532,444707869,"00532M09:01:58.064","00532 09:15:02",212.55,884.23,,,,"     ",3.60,55.64,5.41
532,444707870,"00532M09:01:59.037","00532 09:15:03",212.53,884.12,,,,"     ",3.60,55.79,5.42
532,444707871,"00532M09:02:00.010","00532 09:15:04",212.50,884.14,,,,"     ",3.60,55.63,5.39
532,444707872,"00532M09:02:00.984","00532 09:15:05",212.45,884.09,,,,"     ",3.60,56.02,5.43
532,444707873,"00532M09:02:01.957","00532 09:15:06",212.38,884.11,,,,"     ",3.60,56.05,5.42
532,444707874,"00532M09:02:02.930","00532 09:15:07",212.32,884.10,,,,"     ",3.60,56.00,5.41
532,444707875,"00532M09:02:03.904","00532 09:15:08",212.25,884.07,,,,"     ",3.60,55.97,5.40
532,444707876,"00532M09:02:04.877","00532 09:15:09",212.21,884.02,,,,"     ",3.60,55.86,5.38
532,444707877,"00532M09:02:05.850","00532 09:15:10",212.18,884.07,,,,"     ",3.60,55.79,5.37
532,444707878,"00532M09:02:06.823","00532 09:15:11",212.19,884.07,,,,"     ",3.60,55.93,5.37
532,444707879,"00532M09:02:07.797","00532 09:15:12",212.22,884.05,,,,"     ",3.60,56.13,5.39
532,444707880,"00532M09:02:08.770","00532 09:15:13",212.28,884.06,,,,"     ",3.60,56.21,5.39
532,444707881,"00532M09:02:09.743","00532 09:15:14",212.38,883.94,,,,"     ",3.60,56.05,5.36
532,444707882,"00532M09:02:10.716","00532 09:15:15",212.50,883.96,,,,"     ",3.60,56.36,5.39
532,444707883,"00532M09:02:11.690","00532 09:15:16",212.65,883.91,,,,"     ",3.60,56.02,5.35
532,444707884,"00532M09:02:12.663","00532 09:15:17",212.82,883.94,,,,"     ",3.60,56.20,5.36
532,444707885,"00532M09:02:13.636","00532 09:15:18",212.99,883.85,,,,"     ",3.60,55.90,5.33
532,444707886,"00532M09:02:14.609","00532 09:15:19",213.14,884.05,,,,"     ",3.60,56.30,5.36
532,444707887,"00532M09:02:15.583","00532 09:15:20",213.27,884.01,,,,"     ",3.60,56.22,5.35
532,444707888,"00532M09:02:16.556","00532 09:15:21",213.39,884.02,,,,"     ",3.60,56.28,5.35
532,444707889,"00532M09:02:17.529","00532 09:15:22",213.50,883.99,,,,"     ",3.60,56.44,5.36
532,444707890,"00532M09:02:18.502","00532 09:15:23",213.59,884.08,,,,"     ",3.60,56.40,5.35
532,444707891,"00532M09:02:19.476","00532 09:15:24",213.68,884.10,,,,"     ",3.60,56.52,5.35
532,444707892,"00532M09:02:20.449","00532 09:15:25",213.76,884.05,,,,"     ",3.60,56.06,5.30
532,444707893,"00532M09:02:21.422","00532 09:15:26",213.85,884.16,,,,"     ",3.60,56.29,5.32
532,444707894,"00532M09:02:22.395","00532 09:15:27",213.94,884.12,,,,"     ",3.60,56.49,5.33
532,444707895,"00532M09:02:23.369","00532 09:15:28",214.02,884.07,,,,"     ",3.60,56.36,5.31
532,444707896,"00532M09:02:24.342","00532 09:15:29",214.11,884.02,,,,"     ",3.60,56.66,5.34
532,444707897,"00532M09:02:25.315","00532 09:15:30",214.18,883.99,,,,"     ",3.60,56.35,5.30
532,444707898,"00532M09:02:26.288","00532 09:15:31",214.26,884.04,,,,"     ",3.60,56.33,5.29
532,444707899,"00532M09:02:27.262","00532 09:15:32",214.34,884.04,,,,"     ",3.60,56.51,5.30
532,444707900,"00532M09:02:28.235","00532 09:15:33",214.42,884.02,,,,"     ",3.60,56.47,5.29
532,444707901,"00532M09:02:29.208","00532 09:15:34",214.50,884.02,,,,"     ",3.60,56.76,5.31
532,444707902,"00532M09:02:30.181","00532 09:15:35",214.55,884.06,,,,"     ",3.60,56.41,5.27
532,444707903,"00532M09:02:31.155","00532 09:15:36",214.60,884.07,,,,"     ",3.60,56.37,5.26
532,444707904,"00532M09:02:32.128","00532 09:15:37",214.61,883.95,,,,"     ",3.60,56.54,5.27
532,444707905,"00532M09:02:33.101","00532 09:15:37",214.61,883.99,,,,"     ",3.60,56.87,5.29
532,444707906,"00532M09:02:34.074","00532 09:15:38",214.60,883.99,,,,"     ",3.60,56.83,5.28
532,444707907,"00532M09:02:35.048","00532 09:15:39",214.57,883.99,,,,"     ",3.60,56.68,5.26
532,444707908,"00532M09:02:36.021","00532 09:15:40",214.56,883.97,,,,"     ",3.60,56.42,5.23
532,444707909,"00532M09:02:36.994","00532 09:15:41",214.57,884.00,,,,"     ",3.60,56.83,5.26
532,444707910,"00532M09:02:37.967","00532 09:15:42",214.58,884.01,,,,"     ",3.60,56.44,5.22
532,444707911,"00532M09:02:38.941","00532 09:15:43",214.60,883.93,,,,"     ",3.60,56.41,5.21
532,444707912,"00532M09:02:39.914","00532 09:15:44",214.63,883.93,,,,"     ",3.60,56.92,5.25
532,444707913,"00532M09:02:40.887","00532 09:15:45",214.67,883.91,,,,"     ",3.60,56.90,5.24
532,444707914,"00532M09:02:41.860","00532 09:15:46",214.71,883.89,,,,"     ",3.60,56.41,5.19
532,444707915,"00532M09:02:42.834","00532 09:15:47",214.75,884.00,,,,"     ",3.60,56.68,5.21
532,444707916,"00532M09:02:43.807","00532 09:15:48",214.80,883.93,,,,"     ",3.60,56.78,5.21
532,444707917,"00532M09:02:44.780","00532 09:15:49",214.85,883.96,,,,"     ",3.60,56.68,5.19
532,444707918,"00532M09:02:45.753","00532 09:15:50",214.90,883.98,,,,"     ",3.60,56.94,5.21
532,444707919,"00532M09:02:46.727","00532 09:15:51",214.95,883.90,,,,"     ",3.60,56.85,5.20
532,444707920,"00532M09:02:47.700","00532 09:15:52",215.00,883.95,,,,"     ",3.60,56.68,5.18
532,444707921,"00532M09:02:48.673","00532 09:15:53",215.06,883.89,,,,"     ",3.60,56.93,5.19
532,444707922,"00532M09:02:49.646","00532 09:15:54",215.11,883.87,,,,"     ",3.60,57.16,5.21
532,444707923,"00532M09:02:50.620","00532 09:15:55",215.17,883.89,,,,"     ",3.60,56.83,5.17
532,444707924,"00532M09:02:51.593","00532 09:15:56",215.23,883.93,,,,"     ",3.60,57.16,5.20
532,444707925,"00532M09:02:52.566","00532 09:15:57",215.29,883.89,,,,"     ",3.60,56.81,5.16
532,444707926,"00532M09:02:53.539","00532 09:15:58",215.35,883.90,,,,"     ",3.60,57.06,5.18
532,444707927,"00532M09:02:54.513","00532 09:15:59",215.42,883.97,,,,"     ",3.60,57.09,5.17
532,444707928,"00532M09:02:55.486","00532 09:16:00",215.49,883.85,,,,"     ",3.60,57.38,5.20
532,444707929,"00532M09:02:56.459","00532 09:16:01",215.57,883.89,,,,"     ",3.60,56.99,5.15
532,444707930,"00532M09:02:57.432","00532 09:16:02",215.67,883.86,,,,"     ",3.60,57.19,5.16
532,444707931,"00532M09:02:58.406","00532 09:16:03",215.77,883.86,,,,"     ",3.60,57.17,5.16
532,444707932,"00532M09:02:59.379","00532 09:16:04",215.87,883.94,,,,"     ",3.60,57.28,5.16
532,444707933,"00532M09:03:00.352","00532 09:16:05",215.95,883.87,,,,"     ",3.60,56.98,5.13
532,444707934,"00532M09:03:01.325","00532 09:16:06",216.03,883.93,,,,"     ",3.60,57.68,5.19
532,444707935,"00532M09:03:02.299","00532 09:16:07",216.07,883.82,,,,"     ",3.60,57.42,5.16
532,444707936,"00532M09:03:03.272","00532 09:16:08",216.09,883.78,,,,"     ",3.60,57.39,5.15
532,444707937,"00532M09:03:04.245","00532 09:16:09",216.08,883.82,,,,"     ",3.60,57.45,5.15
532,444707938,"00532M09:03:05.218","00532 09:16:10",216.06,883.76,,,,"     ",3.60,57.61,5.16
532,444707939,"00532M09:03:06.192","00532 09:16:11",216.03,883.82,,,,"     ",3.60,57.75,5.16
532,444707940,"00532M09:03:07.165","00532 09:16:12",216.00,883.81,,,,"     ",3.60,57.67,5.15
532,444707941,"00532M09:03:08.138","00532 09:16:13",215.95,883.82,,,,"     ",3.60,57.23,5.10
532,444707942,"00532M09:03:09.111","00532 09:16:13",215.90,883.84,,,,"     ",3.60,57.65,5.14
532,444707943,"00532M09:03:10.085","00532 09:16:14",215.85,883.80,,,,"     ",3.60,57.50,5.12
532,444707944,"00532M09:03:11.058","00532 09:16:15",215.81,883.80,,,,"     ",3.60,57.20,5.08
532,444707945,"00532M09:03:12.031","00532 09:16:16",215.78,883.85,,,,"     ",3.60,57.88,5.14
532,444707946,"00532M09:03:13.005","00532 09:16:17",215.76,883.87,,,,"     ",3.60,57.63,5.11
532,444707947,"00532M09:03:13.978","00532 09:16:18",215.75,883.83,,,,"     ",3.60,57.48,5.09
532,444707948,"00532M09:03:14.951","00532 09:16:19",215.77,883.85,,,,"     ",3.60,57.51,5.09
532,444707949,"00532M09:03:15.924","00532 09:16:20",215.79,883.79,,,,"     ",3.60,57.32,5.07
532,444707950,"00532M09:03:16.898","00532 09:16:21",215.81,883.82,,,,"     ",3.60,57.15,5.04
532,444707951,"00532M09:03:17.871","00532 09:16:22",215.81,883.82,,,,"     ",3.60,57.65,5.09
532,444707952,"00532M09:03:18.844","00532 09:16:23",215.79,883.74,,,,"     ",3.60,57.54,5.07
532,444707953,"00532M09:03:19.817","00532 09:16:24",215.73,883.81,,,,"     ",3.60,57.50,5.06
532,444707954,"00532M09:03:20.791","00532 09:16:25",215.66,883.74,,,,"     ",3.60,57.54,5.06
532,444707955,"00532M09:03:21.764","00532 09:16:26",215.58,883.80,,,,"     ",3.60,57.93,5.09
532,444707956,"00532M09:03:22.737","00532 09:16:27",215.50,883.89,,,,"     ",3.60,57.84,5.08
532,444707957,"00532M09:03:23.710","00532 09:16:28",215.42,883.85,,,,"     ",3.60,57.93,5.08
532,444707958,"00532M09:03:24.684","00532 09:16:29",215.35,883.78,,,,"     ",3.60,57.80,5.06
532,444707959,"00532M09:03:25.657","00532 09:16:30",215.29,883.83,,,,"     ",3.60,57.84,5.06
532,444707960,"00532M09:03:26.630","00532 09:16:31",215.24,883.75,,,,"     ",3.60,58.04,5.08
532,444707961,"00532M09:03:27.603","00532 09:16:32",215.20,883.79,,,,"     ",3.60,58.17,5.08
532,444707962,"00532M09:03:28.577","00532 09:16:33",215.16,883.87,,,,"     ",3.60,57.89,5.06
532,444707963,"00532M09:03:29.550","00532 09:16:34",215.12,883.74,,,,"     ",3.60,57.92,5.05
532,444707964,"00532M09:03:30.523","00532 09:16:35",215.11,883.76,,,,"     ",3.60,57.79,5.04
532,444707965,"00532M09:03:31.496","00532 09:16:36",215.12,883.72,,,,"     ",3.60,58.16,5.06
532,444707966,"00532M09:03:32.470","00532 09:16:37",215.13,883.66,,,,"     ",3.60,58.17,5.06
532,444707967,"00532M09:03:33.443","00532 09:16:38",215.15,883.69,,,,"     ",3.60,58.24,5.06
532,444707968,"00532M09:03:34.416","00532 09:16:39",215.17,883.70,,,,"     ",3.60,57.88,5.03
532,444707969,"00532M09:03:35.389","00532 09:16:40",215.20,883.78,,,,"     ",3.60,57.93,5.03
532,444707970,"00532M09:03:36.363","00532 09:16:41",215.21,883.75,,,,"     ",3.60,58.19,5.05
532,444707971,"00532M09:03:37.336","00532 09:16:42",215.20,883.69,,,,"     ",3.60,58.02,5.03
532,444707972,"00532M09:03:38.309","00532 09:16:43",215.16,883.70,,,,"     ",3.60,58.31,5.05
532,444707973,"00532M09:03:39.282","00532 09:16:44",215.13,883.70,,,,"     ",3.60,58.07,5.03
532,444707974,"00532M09:03:40.256","00532 09:16:45",215.11,883.61,,,,"     ",3.60,58.34,5.05
532,444707975,"00532M09:03:41.229","00532 09:16:46",215.09,883.74,,,,"     ",3.60,58.09,5.02
532,444707976,"00532M09:03:42.202","00532 09:16:47",215.08,883.72,,,,"     ",3.60,58.22,5.03
532,444707977,"00532M09:03:43.175","00532 09:16:48",215.05,883.63,,,,"     ",3.60,58.35,5.04
532,444707978,"00532M09:03:44.149","00532 09:16:49",215.01,883.63,,,,"     ",3.60,58.55,5.05
532,444707979,"00532M09:03:45.122","00532 09:16:50",214.97,883.67,,,,"     ",3.60,58.28,5.02
532,444707980,"00532M09:03:46.095","00532 09:16:50",214.92,883.66,,,,"     ",3.60,58.29,5.02
532,444707981,"00532M09:03:47.068","00532 09:16:51",214.86,883.69,,,,"     ",3.60,58.76,5.06
532,444707982,"00532M09:03:48.042","00532 09:16:52",214.82,883.65,,,,"     ",3.60,58.19,5.01
532,444707983,"00532M09:03:49.015","00532 09:16:53",214.77,883.70,,,,"     ",3.60,58.50,5.03
532,444707984,"00532M09:03:49.988","00532 09:16:54",214.74,883.68,,,,"     ",3.60,58.52,5.03
532,444707985,"00532M09:03:50.961","00532 09:16:55",214.73,883.66,,,,"     ",3.60,57.79,4.96
532,444707986,"00532M09:03:51.935","00532 09:16:56",214.71,883.63,,,,"     ",3.60,58.26,5.00
532,444707987,"00532M09:03:52.908","00532 09:16:57",214.70,883.66,,,,"     ",3.60,58.56,5.02
532,444707988,"00532M09:03:53.881","00532 09:16:58",214.67,883.66,,,,"     ",3.60,58.61,5.02
532,444707989,"00532M09:03:54.854","00532 09:16:59",214.64,883.54,,,,"     ",3.60,58.32,5.00
532,444707990,"00532M09:03:55.828","00532 09:17:00",214.59,883.58,,,,"     ",3.60,58.63,5.02
532,444707991,"00532M09:03:56.801","00532 09:17:01",214.54,883.62,,,,"     ",3.60,58.54,5.01
532,444707992,"00532M09:03:57.774","00532 09:17:02",214.49,883.55,,,,"     ",3.60,58.69,5.02
532,444707993,"00532M09:03:58.747","00532 09:17:03",214.45,883.57,,,,"     ",3.60,58.85,5.03
532,444707994,"00532M09:03:59.721","00532 09:17:04",214.41,883.61,,,,"     ",3.60,58.81,5.02
532,444707995,"00532M09:04:00.694","00532 09:17:05",214.37,883.63,,,,"     ",3.60,58.85,5.02
532,444707996,"00532M09:04:01.667","00532 09:17:06",214.32,883.50,,,,"     ",3.60,58.67,5.00
532,444707997,"00532M09:04:02.640","00532 09:17:07",214.24,883.58,,,,"     ",3.60,58.89,5.02
532,444707998,"00532M09:04:03.614","00532 09:17:08",214.15,883.65,,,,"     ",3.60,58.52,4.99
532,444707999,"00532M09:04:04.587","00532 09:17:09",214.06,883.64,,,,"     ",3.60,58.81,5.01
532,444708000,"00532M09:04:05.560","00532 09:17:10",213.99,883.55,,,,"     ",3.60,59.14,5.04
532,444708001,"00532M09:04:06.533","00532 09:17:11",213.92,883.53,,,,"     ",3.60,58.74,4.99
532,444708002,"00532M09:04:07.507","00532 09:17:12",213.87,883.62,,,,"     ",3.60,58.75,4.99
532,444708003,"00532M09:04:08.480","00532 09:17:13",213.83,883.67,,,,"     ",3.60,59.00,5.01
532,444708004,"00532M09:04:09.453","00532 09:17:14",213.80,883.64,,,,"     ",3.60,58.98,5.01
532,444708005,"00532M09:04:10.426","00532 09:17:15",213.79,883.66,,,,"     ",3.60,58.83,4.99
532,444708006,"00532M09:04:11.400","00532 09:17:16",213.78,883.64,,,,"     ",3.60,59.19,5.02
532,444708007,"00532M09:04:12.373","00532 09:17:17",213.78,883.65,,,,"     ",3.60,59.10,5.01
532,444708008,"00532M09:04:13.346","00532 09:17:18",213.77,883.59,,,,"     ",3.60,59.04,5.00
532,444708009,"00532M09:04:14.319","00532 09:17:19",213.75,883.56,,,,"     ",3.60,59.03,5.00
532,444708010,"00532M09:04:15.293","00532 09:17:20",213.73,883.61,,,,"     ",3.60,59.35,5.02
532,444708011,"00532M09:04:16.266","00532 09:17:21",213.72,883.62,,,,"     ",3.60,58.83,4.98
532,444708012,"00532M09:04:17.239","00532 09:17:22",213.71,883.60,,,,"     ",3.60,59.30,5.01
532,444708013,"00532M09:04:18.212","00532 09:17:23",213.69,883.65,,,,"     ",3.60,59.17,5.00
532,444708014,"00532M09:04:19.186","00532 09:17:24",213.67,883.51,,,,"     ",3.60,59.19,5.00
532,444708015,"00532M09:04:20.159","00532 09:17:25",213.64,883.54,,,,"     ",3.60,59.26,5.00
532,444708016,"00532M09:04:21.132","00532 09:17:26",213.60,883.52,,,,"     ",3.60,59.56,5.03
532,444708017,"00532M09:04:22.106","00532 09:17:26",213.56,883.56,,,,"     ",3.60,59.13,4.99
532,444708018,"00532M09:04:23.079","00532 09:17:27",213.51,883.56,,,,"     ",3.60,59.07,4.98
532,444708019,"00532M09:04:24.052","00532 09:17:28",213.48,883.52,,,,"     ",3.60,58.84,4.95
532,444708020,"00532M09:04:25.025","00532 09:17:29",213.45,883.55,,,,"     ",3.60,59.30,4.99
532,444708021,"00532M09:04:25.999","00532 09:17:30",213.43,883.54,,,,"     ",3.60,58.89,4.95
532,444708022,"00532M09:04:26.972","00532 09:17:31",213.42,883.56,,,,"     ",3.60,59.03,4.96
532,444708023,"00532M09:04:27.945","00532 09:17:32",213.43,883.58,,,,"     ",3.60,59.15,4.97
532,444708024,"00532M09:04:28.918","00532 09:17:33",213.44,883.49,,,,"     ",3.60,59.22,4.97
532,444708025,"00532M09:04:29.892","00532 09:17:34",213.44,883.47,,,,"     ",3.60,59.25,4.97
532,444708026,"00532M09:04:30.865","00532 09:17:35",213.44,883.51,,,,"     ",3.60,59.16,4.96
532,444708027,"00532M09:04:31.838","00532 09:17:36",213.42,883.53,,,,"     ",3.60,59.26,4.97
532,444708028,"00532M09:04:32.811","00532 09:17:37",213.39,883.43,,,,"     ",3.60,59.44,4.98
532,444708029,"00532M09:04:33.785","00532 09:17:38",213.35,883.56,,,,"     ",3.60,59.26,4.96
532,444708030,"00532M09:04:34.758","00532 09:17:39",213.30,883.51,,,,"     ",3.60,59.31,4.96
532,444708031,"00532M09:04:35.731","00532 09:17:40",213.26,883.55,,,,"     ",3.60,59.02,4.93
532,444708032,"00532M09:04:36.704","00532 09:17:41",213.22,883.50,,,,"     ",3.60,58.94,4.92
532,444708033,"00532M09:04:37.678","00532 09:17:42",213.20,883.54,,,,"     ",3.60,58.85,4.91
532,444708034,"00532M09:04:38.651","00532 09:17:43",213.19,883.52,,,,"     ",3.60,59.14,4.93
532,444708035,"00532M09:04:39.624","00532 09:17:44",213.19,883.51,,,,"     ",3.60,59.12,4.93
532,444708036,"00532M09:04:40.597","00532 09:17:45",213.19,883.48,,,,"     ",3.60,59.10,4.92
532,444708037,"00532M09:04:41.571","00532 09:17:46",213.20,883.53,,,,"     ",3.60,59.20,4.93
532,444708038,"00532M09:04:42.544","00532 09:17:47",213.22,883.52,,,,"     ",3.60,59.27,4.93
532,444708039,"00532M09:04:43.517","00532 09:17:48",213.24,883.55,,,,"     ",3.60,59.06,4.91
532,444708040,"00532M09:04:44.490","00532 09:17:49",213.26,883.51,,,,"     ",3.60,59.30,4.93
532,444708041,"00532M09:04:45.464","00532 09:17:50",213.28,883.49,,,,"     ",3.60,59.14,4.91
532,444708042,"00532M09:04:46.437","00532 09:17:51",213.30,883.54,,,,"     ",3.60,59.01,4.90
532,444708043,"00532M09:04:47.410","00532 09:17:52",213.32,883.47,,,,"     ",3.60,59.38,4.93
532,444708044,"00532M09:04:48.383","00532 09:17:53",213.31,883.40,,,,"     ",3.60,59.32,4.92
532,444708045,"00532M09:04:49.357","00532 09:17:54",213.30,883.42,,,,"     ",3.60,59.29,4.91
532,444708046,"00532M09:04:50.330","00532 09:17:55",213.28,883.37,,,,"     ",3.60,59.20,4.90
532,444708047,"00532M09:04:51.303","00532 09:17:56",213.24,883.46,,,,"     ",3.60,59.30,4.91
532,444708048,"00532M09:04:52.276","00532 09:17:57",213.19,883.40,,,,"     ",3.60,59.49,4.92
532,444708049,"00532M09:04:53.250","00532 09:17:58",213.13,883.32,,,,"     ",3.60,59.55,4.92
532,444708050,"00532M09:04:54.223","00532 09:17:59",213.07,883.45,,,,"     ",3.60,59.41,4.91
532,444708051,"00532M09:04:55.196","00532 09:18:00",213.02,883.42,,,,"     ",3.60,59.02,4.87
532,444708052,"00532M09:04:56.169","00532 09:18:01",212.96,883.47,,,,"     ",3.60,59.47,4.91
532,444708053,"00532M09:04:57.143","00532 09:18:02",212.91,883.44,,,,"     ",3.60,59.72,4.93
532,444708054,"00532M09:04:58.116","00532 09:18:03",212.87,883.49,,,,"     ",3.60,59.47,4.90
532,444708055,"00532M09:04:59.089","00532 09:18:03",212.82,883.41,,,,"     ",3.60,59.08,4.87
532,444708056,"00532M09:05:00.062","00532 09:18:04",212.78,883.36,,,,"     ",3.60,59.70,4.92
532,444708057,"00532M09:05:01.036","00532 09:18:05",212.73,883.38,,,,"     ",3.60,59.34,4.88
532,444708058,"00532M09:05:02.009","00532 09:18:06",212.67,883.43,,,,"     ",3.60,59.37,4.88
532,444708059,"00532M09:05:02.982","00532 09:18:07",212.60,883.43,,,,"     ",3.60,59.64,4.90
532,444708060,"00532M09:05:03.955","00532 09:18:08",212.53,883.32,,,,"     ",3.60,59.78,4.91
532,444708061,"00532M09:05:04.929","00532 09:18:09",212.45,883.30,,,,"     ",3.60,59.92,4.92
532,444708062,"00532M09:05:05.902","00532 09:18:10",212.38,883.41,,,,"     ",3.60,59.44,4.88
532,444708063,"00532M09:05:06.875","00532 09:18:11",212.31,883.33,,,,"     ",3.60,59.39,4.87
532,444708064,"00532M09:05:07.848","00532 09:18:12",212.25,883.24,,,,"     ",3.60,59.67,4.89
532,444708065,"00532M09:05:08.822","00532 09:18:13",212.21,883.38,,,,"     ",3.60,59.51,4.88
532,444708066,"00532M09:05:09.795","00532 09:18:14",212.18,883.36,,,,"     ",3.60,59.53,4.88
532,444708067,"00532M09:05:10.768","00532 09:18:15",212.18,883.25,,,,"     ",3.60,59.88,4.90
532,444708068,"00532M09:05:11.741","00532 09:18:16",212.18,883.32,,,,"     ",3.60,59.79,4.89
532,444708069,"00532M09:05:12.715","00532 09:18:17",212.20,883.42,,,,"     ",3.60,59.35,4.85
532,444708070,"00532M09:05:13.688","00532 09:18:18",212.24,883.34,,,,"     ",3.60,59.70,4.88
532,444708071,"00532M09:05:14.661","00532 09:18:19",212.29,883.34,,,,"     ",3.60,59.42,4.85
532,444708072,"00532M09:05:15.634","00532 09:18:20",212.35,883.36,,,,"     ",3.60,59.79,4.88
532,444708073,"00532M09:05:16.608","00532 09:18:21",212.39,883.33,,,,"     ",3.60,59.86,4.89
532,444708074,"00532M09:05:17.581","00532 09:18:22",212.43,883.31,,,,"     ",3.60,59.99,4.89
532,444708075,"00532M09:05:18.554","00532 09:18:23",212.45,883.30,,,,"     ",3.60,59.60,4.86
532,444708076,"00532M09:05:19.527","00532 09:18:24",212.45,883.25,,,,"     ",3.60,59.82,4.87
532,444708077,"00532M09:05:20.501","00532 09:18:25",212.44,883.36,,,,"     ",3.60,60.06,4.90
532,444708078,"00532M09:05:21.474","00532 09:18:26",212.40,883.33,,,,"     ",3.60,59.67,4.86
532,444708079,"00532M09:05:22.447","00532 09:18:27",212.35,883.30,,,,"     ",3.60,60.08,4.89
532,444708080,"00532M09:05:23.420","00532 09:18:28",212.30,883.28,,,,"     ",3.60,59.97,4.88
532,444708081,"00532M09:05:24.394","00532 09:18:29",212.26,883.29,,,,"     ",3.60,59.69,4.85
532,444708082,"00532M09:05:25.367","00532 09:18:30",212.23,883.19,,,,"     ",3.60,59.76,4.85
532,444708083,"00532M09:05:26.340","00532 09:18:31",212.21,883.28,,,,"     ",3.60,59.89,4.86
532,444708084,"00532M09:05:27.313","00532 09:18:32",212.18,883.24,,,,"     ",3.60,60.07,4.87
532,444708085,"00532M09:05:28.287","00532 09:18:33",212.15,883.27,,,,"     ",3.60,59.75,4.84
532,444708086,"00532M09:05:29.260","00532 09:18:34",212.13,883.23,,,,"     ",3.60,59.97,4.86
532,444708087,"00532M09:05:30.233","00532 09:18:35",212.10,883.22,,,,"     ",3.60,59.99,4.86
532,444708088,"00532M09:05:31.207","00532 09:18:36",212.07,883.25,,,,"     ",3.60,60.07,4.86
532,444708089,"00532M09:05:32.180","00532 09:18:37",212.05,883.31,,,,"     ",3.60,60.07,4.86
532,444708090,"00532M09:05:33.153","00532 09:18:38",212.02,883.32,,,,"     ",3.60,59.74,4.83
532,444708091,"00532M09:05:34.126","00532 09:18:39",212.00,883.28,,,,"     ",3.60,59.79,4.83
532,444708092,"00532M09:05:35.100","00532 09:18:39",211.97,883.32,,,,"     ",3.60,59.73,4.82
532,444708093,"00532M09:05:36.073","00532 09:18:40",211.94,883.26,,,,"     ",3.60,59.83,4.83
532,444708094,"00532M09:05:37.046","00532 09:18:41",211.91,883.25,,,,"     ",3.60,59.90,4.83
532,444711494,"00532M10:00:46.108","00532 10:13:51",216.29,874.65,,,6.01,"  101100",3.60,,
532,444711495,"00532M10:00:47.081","00532 10:13:52",216.18,874.63,,,,"     ",3.60,122.56,3.48
532,444711496,"00532M10:00:48.054","00532 10:13:53",216.08,874.62,,,,"     ",3.60,123.43,3.49
532,444711497,"00532M10:00:49.028","00532 10:13:54",216.00,874.62,,,,"     ",3.60,121.84,3.44
532,444711498,"00532M10:00:50.001","00532 10:13:55",215.93,874.70,,,,"     ",3.60,123.96,3.49
532,444711499,"00532M10:00:50.974","00532 10:13:56",215.88,874.61,,,,"     ",3.60,122.98,3.45
532,444711500,"00532M10:00:51.947","00532 10:13:57",215.85,874.60,,,,"     ",3.60,123.47,3.46
532,444711501,"00532M10:00:52.921","00532 10:13:58",215.83,874.56,,,,"     ",3.60,122.78,3.43
532,444711502,"00532M10:00:53.894","00532 10:13:59",215.83,874.61,,,,"     ",3.60,123.18,3.43
532,444711503,"00532M10:00:54.867","00532 10:14:00",215.84,874.62,,,,"     ",3.60,122.89,3.42
532,444711504,"00532M10:00:55.840","00532 10:14:01",215.87,874.67,,,,"     ",3.60,122.64,3.40
532,444711505,"00532M10:00:56.814","00532 10:14:02",215.92,874.56,,,,"     ",3.60,122.50,3.39
532,444711506,"00532M10:00:57.787","00532 10:14:03",215.99,874.59,,,,"     ",3.60,123.39,3.41
532,444711507,"00532M10:00:58.760","00532 10:14:04",216.07,874.60,,,,"     ",3.60,123.13,3.39
532,444711508,"00532M10:00:59.733","00532 10:14:05",216.16,874.54,,,,"     ",3.60,123.59,3.40
532,444711509,"00532M10:01:00.707","00532 10:14:05",216.28,874.56,,,,"     ",3.60,121.75,3.34
532,444711510,"00532M10:01:01.680","00532 10:14:06",216.40,874.66,,,,"     ",3.60,124.69,3.41
532,444711511,"00532M10:01:02.653","00532 10:14:07",216.51,874.68,,,,"     ",3.60,124.15,3.39
532,444711512,"00532M10:01:03.626","00532 10:14:08",216.63,874.64,,,,"     ",3.60,124.86,3.40
532,444711513,"00532M10:01:04.600","00532 10:14:09",216.73,874.72,,,,"     ",3.60,124.47,3.39
532,444711514,"00532M10:01:05.573","00532 10:14:10",216.82,874.63,,,,"     ",3.60,124.44,3.38
532,444711515,"00532M10:01:06.546","00532 10:14:11",216.90,874.67,,,,"     ",3.60,125.14,3.39
532,444711516,"00532M10:01:07.519","00532 10:14:12",216.94,874.77,,,,"     ",3.60,125.35,3.39
532,444711517,"00532M10:01:08.493","00532 10:14:13",216.96,874.65,,,,"     ",3.60,125.80,3.40
532,444711518,"00532M10:01:09.466","00532 10:14:14",216.96,874.63,,,,"     ",3.60,125.19,3.37
532,444711519,"00532M10:01:10.439","00532 10:14:15",216.95,874.62,,,,"     ",3.60,124.74,3.35
532,444711520,"00532M10:01:11.412","00532 10:14:16",216.95,874.69,,,,"     ",3.60,126.39,3.39
532,444711521,"00532M10:01:12.386","00532 10:14:17",216.97,874.61,,,,"     ",3.60,125.99,3.37
532,444711522,"00532M10:01:13.359","00532 10:14:18",217.02,874.62,,,,"     ",3.60,125.78,3.36
532,444711523,"00532M10:01:14.332","00532 10:14:19",217.09,874.59,,,,"     ",3.60,126.70,3.38
532,444711524,"00532M10:01:15.305","00532 10:14:20",217.18,874.59,,,,"     ",3.60,125.90,3.35
532,444711525,"00532M10:01:16.279","00532 10:14:21",217.30,874.53,,,,"     ",3.60,125.93,3.34
532,444711526,"00532M10:01:17.252","00532 10:14:22",217.44,874.61,,,,"     ",3.60,126.20,3.35
532,444711527,"00532M10:01:18.225","00532 10:14:23",217.59,874.60,,,,"     ",3.60,126.67,3.35
532,444711528,"00532M10:01:19.198","00532 10:14:24",217.75,874.50,,,,"     ",3.60,126.73,3.35
532,444711529,"00532M10:01:20.172","00532 10:14:25",217.90,874.55,,,,"     ",3.60,126.77,3.34
532,444711530,"00532M10:01:21.145","00532 10:14:26",218.05,874.59,,,,"     ",3.60,126.55,3.33
532,444711531,"00532M10:01:22.118","00532 10:14:27",218.20,874.57,,,,"     ",3.60,126.94,3.33
532,444711532,"00532M10:01:23.091","00532 10:14:28",218.34,874.49,,,,"     ",3.60,127.14,3.33
532,444711533,"00532M10:01:24.065","00532 10:14:29",218.48,874.48,,,,"     ",3.60,127.38,3.33
532,444711534,"00532M10:01:25.038","00532 10:14:30",219.30,874.53,,,,"     ",3.60,127.27,3.32
532,444711535,"00532M10:01:26.011","00532 10:14:31",219.40,874.42,,,,"     ",3.60,128.24,3.34
532,444711536,"00532M10:01:26.985","00532 10:14:32",219.49,874.56,,,,"     ",3.60,128.31,3.34
532,444711537,"00532M10:01:27.958","00532 10:14:33",219.56,874.60,,,,"     ",3.60,128.05,3.32
532,444711538,"00532M10:01:28.931","00532 10:14:34",219.61,874.56,,,,"     ",3.60,128.74,3.34
532,444711539,"00532M10:01:29.904","00532 10:14:35",219.65,874.55,,,,"     ",3.60,128.40,3.32
532,444711540,"00532M10:01:30.878","00532 10:14:36",219.68,874.59,,,,"     ",3.60,128.13,3.31
532,444711541,"00532M10:01:31.851","00532 10:14:37",219.71,874.50,,,,"     ",3.60,128.73,3.32
532,444711542,"00532M10:01:32.824","00532 10:14:38",219.73,874.52,,,,"     ",3.60,129.42,3.33
532,444711543,"00532M10:01:33.797","00532 10:14:39",219.76,874.55,,,,"     ",3.60,129.68,3.33
532,444711544,"00532M10:01:34.771","00532 10:14:40",219.80,874.49,,,,"     ",3.60,129.12,3.31
532,444711545,"00532M10:01:35.744","00532 10:14:41",219.84,874.64,,,,"     ",3.60,128.10,3.28
532,444711546,"00532M10:01:36.717","00532 10:14:41",219.89,874.49,,,,"     ",3.60,129.21,3.30
532,444711547,"00532M10:01:37.690","00532 10:14:42",219.94,874.56,,,,"     ",3.60,128.86,3.28
532,444711548,"00532M10:01:38.664","00532 10:14:43",220.00,874.60,,,,"     ",3.60,129.90,3.31
532,444711549,"00532M10:01:39.637","00532 10:14:44",220.07,874.57,,,,"     ",3.60,130.12,3.30
532,444711550,"00532M10:01:40.610","00532 10:14:45",220.14,874.59,,,,"     ",3.60,129.87,3.29
532,444711551,"00532M10:01:41.583","00532 10:14:46",220.21,874.57,,,,"     ",3.60,130.47,3.30
532,444711552,"00532M10:01:42.557","00532 10:14:47",220.28,874.55,,,,"     ",3.60,130.61,3.30
532,444711553,"00532M10:01:43.530","00532 10:14:48",220.35,874.63,,,,"     ",3.60,130.70,3.30
532,444711554,"00532M10:01:44.503","00532 10:14:49",220.41,874.56,,,,"     ",3.60,130.41,3.29
532,444711555,"00532M10:01:45.476","00532 10:14:50",220.47,874.57,,,,"     ",3.60,130.52,3.28
532,444711556,"00532M10:01:46.450","00532 10:14:51",220.53,874.59,,,,"     ",3.60,131.13,3.29
532,444711557,"00532M10:01:47.423","00532 10:14:52",220.58,874.58,,,,"     ",3.60,131.04,3.29
532,444711558,"00532M10:01:48.396","00532 10:14:53",220.61,874.61,,,,"     ",3.60,131.24,3.29
532,444711559,"00532M10:01:49.369","00532 10:14:54",220.65,874.62,,,,"     ",3.60,130.73,3.27
532,444711560,"00532M10:01:50.343","00532 10:14:55",220.68,874.53,,,,"     ",3.60,131.03,3.27
532,444711561,"00532M10:01:51.316","00532 10:14:56",220.70,874.39,,,,"     ",3.60,130.46,3.25
532,444711562,"00532M10:01:52.289","00532 10:14:57",220.73,874.44,,,,"     ",3.60,131.21,3.26
532,444711563,"00532M10:01:53.262","00532 10:14:58",220.77,874.39,,,,"     ",3.60,130.99,3.25
532,444711564,"00532M10:01:54.236","00532 10:14:59",220.82,874.50,,,,"     ",3.60,131.13,3.25
532,444711565,"00532M10:01:55.209","00532 10:15:00",220.89,874.56,,,,"     ",3.60,131.21,3.25
532,444711566,"00532M10:01:56.182","00532 10:15:01",220.97,874.54,,,,"     ",3.60,132.59,3.28
532,444711567,"00532M10:01:57.155","00532 10:15:02",221.05,874.50,,,,"     ",3.60,130.98,3.23
532,444711568,"00532M10:01:58.129","00532 10:15:03",221.12,874.47,,,,"     ",3.60,133.45,3.29
532,444711569,"00532M10:01:59.102","00532 10:15:04",221.18,874.51,,,,"     ",3.60,131.58,3.24
532,444711570,"00532M10:02:00.075","00532 10:15:05",221.22,874.54,,,,"     ",3.60,132.13,3.25
532,444711571,"00532M10:02:01.048","00532 10:15:06",221.26,874.48,,,,"     ",3.60,132.70,3.25
532,444711572,"00532M10:02:02.022","00532 10:15:07",221.29,874.46,,,,"     ",3.60,132.36,3.24
532,444711573,"00532M10:02:02.995","00532 10:15:08",221.32,874.45,,,,"     ",3.60,132.32,3.24
532,444711574,"00532M10:02:03.968","00532 10:15:09",221.35,874.50,,,,"     ",3.60,133.28,3.25
532,444711575,"00532M10:02:04.941","00532 10:15:10",221.38,874.47,,,,"     ",3.60,131.85,3.21
532,444711576,"00532M10:02:05.915","00532 10:15:11",221.42,874.49,,,,"     ",3.60,132.67,3.23
532,444711577,"00532M10:02:06.888","00532 10:15:12",221.45,874.46,,,,"     ",3.60,133.77,3.25
532,444711578,"00532M10:02:07.861","00532 10:15:13",221.48,874.48,,,,"     ",3.60,133.96,3.25
532,444711579,"00532M10:02:08.834","00532 10:15:14",221.49,874.49,,,,"     ",3.60,134.37,3.26
532,444711580,"00532M10:02:09.808","00532 10:15:15",221.49,874.49,,,,"     ",3.60,134.01,3.24
532,444711581,"00532M10:02:10.781","00532 10:15:16",221.48,874.43,,,,"     ",3.60,134.04,3.24
532,444711582,"00532M10:02:11.754","00532 10:15:17",221.47,874.47,,,,"     ",3.60,133.36,3.22
532,444711583,"00532M10:02:12.727","00532 10:15:18",221.45,874.40,,,,"     ",3.60,133.59,3.22
532,444711584,"00532M10:02:13.701","00532 10:15:18",221.41,874.48,,,,"     ",3.60,133.73,3.22
532,444711585,"00532M10:02:14.674","00532 10:15:19",221.36,874.37,,,,"     ",3.60,134.59,3.23
532,444711586,"00532M10:02:15.647","00532 10:15:20",221.30,874.40,,,,"     ",3.60,134.09,3.22
532,444711587,"00532M10:02:16.620","00532 10:15:21",221.21,874.40,,,,"     ",3.60,134.17,3.22
532,444711588,"00532M10:02:17.594","00532 10:15:22",221.12,874.50,,,,"     ",3.60,134.38,3.22
532,444711589,"00532M10:02:18.567","00532 10:15:23",221.03,874.39,,,,"     ",3.60,133.99,3.20
532,444711590,"00532M10:02:19.540","00532 10:15:24",220.96,874.42,,,,"     ",3.60,134.92,3.22
532,444711591,"00532M10:02:20.513","00532 10:15:25",220.91,874.43,,,,"     ",3.60,135.24,3.22
532,444711592,"00532M10:02:21.487","00532 10:15:26",220.90,874.46,,,,"     ",3.60,134.68,3.21
532,444711593,"00532M10:02:22.460","00532 10:15:27",220.90,874.47,,,,"     ",3.60,134.89,3.21
532,444711594,"00532M10:02:23.433","00532 10:15:28",220.93,874.46,,,,"     ",3.60,134.60,3.20
532,444711595,"00532M10:02:24.406","00532 10:15:29",220.96,874.45,,,,"     ",3.60,135.11,3.21
532,444711596,"00532M10:02:25.380","00532 10:15:30",220.99,874.39,,,,"     ",3.60,135.18,3.21
532,444711597,"00532M10:02:26.353","00532 10:15:31",221.02,874.46,,,,"     ",3.60,134.92,3.20
532,444711598,"00532M10:02:27.326","00532 10:15:32",221.04,874.41,,,,"     ",3.60,134.77,3.19
532,444711599,"00532M10:02:28.299","00532 10:15:33",221.05,874.52,,,,"     ",3.60,134.99,3.19
532,444711600,"00532M10:02:29.273","00532 10:15:34",221.04,874.44,,,,"     ",3.60,133.70,3.16
532,444711601,"00532M10:02:30.246","00532 10:15:35",221.01,874.34,,,,"     ",3.60,135.35,3.19
532,444711602,"00532M10:02:31.219","00532 10:15:36",220.96,874.37,,,,"     ",3.60,134.62,3.17
532,444711603,"00532M10:02:32.192","00532 10:15:37",220.88,874.41,,,,"     ",3.60,134.84,3.17
532,444711604,"00532M10:02:33.166","00532 10:15:38",220.77,874.33,,,,"     ",3.60,136.07,3.20
532,444711605,"00532M10:02:34.139","00532 10:15:39",220.65,874.40,,,,"     ",3.60,134.52,3.16
532,444711606,"00532M10:02:35.112","00532 10:15:40",220.52,874.38,,,,"     ",3.60,135.08,3.17
532,444711607,"00532M10:02:36.086","00532 10:15:41",220.39,874.36,,,,"     ",3.60,135.35,3.17
532,444711608,"00532M10:02:37.059","00532 10:15:42",220.28,874.37,,,,"     ",3.60,134.73,3.16
532,444711609,"00532M10:02:38.032","00532 10:15:43",220.17,874.29,,,,"     ",3.60,135.06,3.16
532,444711610,"00532M10:02:39.005","00532 10:15:44",220.08,874.28,,,,"     ",3.60,136.33,3.19
532,444711611,"00532M10:02:39.979","00532 10:15:45",219.99,874.30,,,,"     ",3.60,134.91,3.15
532,444711612,"00532M10:02:40.952","00532 10:15:46",219.92,874.37,,,,"     ",3.60,135.19,3.16
532,444711613,"00532M10:02:41.925","00532 10:15:47",219.86,874.31,,,,"     ",3.60,134.89,3.15
532,444711614,"00532M10:02:42.898","00532 10:15:48",219.81,874.40,,,,"     ",3.60,135.46,3.16
532,444711615,"00532M10:02:43.872","00532 10:15:49",219.77,874.41,,,,"     ",3.60,136.40,3.18
532,444711616,"00532M10:02:44.845","00532 10:15:50",219.74,874.39,,,,"     ",3.60,135.55,3.16
532,444711617,"00532M10:02:45.818","00532 10:15:51",219.70,874.31,,,,"     ",3.60,135.02,3.14
532,444711618,"00532M10:02:46.791","00532 10:15:52",219.67,874.37,,,,"     ",3.60,135.52,3.15
532,444711619,"00532M10:02:47.765","00532 10:15:53",219.63,874.39,,,,"     ",3.60,135.57,3.15
532,444711620,"00532M10:02:48.738","00532 10:15:54",219.59,874.30,,,,"     ",3.60,135.64,3.15
532,444711621,"00532M10:02:49.711","00532 10:15:54",219.54,874.39,,,,"     ",3.60,135.79,3.15
532,444711622,"00532M10:02:50.684","00532 10:15:55",219.49,874.31,,,,"     ",3.60,135.93,3.15
532,444711623,"00532M10:02:51.658","00532 10:15:56",219.42,874.29,,,,"     ",3.60,136.44,3.16
532,444711624,"00532M10:02:52.631","00532 10:15:57",219.36,874.33,,,,"     ",3.60,135.29,3.13
532,444711625,"00532M10:02:53.604","00532 10:15:58",219.29,874.32,,,,"     ",3.60,136.37,3.16
532,444711626,"00532M10:02:54.577","00532 10:15:59",218.35,874.37,,,,"     ",3.60,136.22,3.15
532,444711627,"00532M10:02:55.551","00532 10:16:00",218.28,874.36,,,,"     ",3.60,136.18,3.15
532,444711628,"00532M10:02:56.524","00532 10:16:01",218.22,874.41,,,,"     ",3.60,135.26,3.13
532,444711629,"00532M10:02:57.497","00532 10:16:02",218.16,874.46,,,,"     ",3.60,135.70,3.13
532,444711630,"00532M10:02:58.470","00532 10:16:03",218.12,874.55,,,,"     ",3.60,135.69,3.13
532,444711631,"00532M10:02:59.444","00532 10:16:04",218.09,874.44,,,,"     ",3.60,136.36,3.15
532,444711632,"00532M10:03:00.417","00532 10:16:05",218.08,874.27,,,,"     ",3.60,135.81,3.13
532,444711633,"00532M10:03:01.390","00532 10:16:06",218.08,874.57,,,,"     ",3.60,136.29,3.14
532,444711634,"00532M10:03:02.363","00532 10:16:07",218.10,874.30,,,,"     ",3.60,135.74,3.13
532,444711635,"00532M10:03:03.337","00532 10:16:08",218.13,874.32,,,,"     ",3.60,136.69,3.15
532,444711636,"00532M10:03:04.310","00532 10:16:09",218.19,874.26,,,,"     ",3.60,136.32,3.14
532,444711637,"00532M10:03:05.283","00532 10:16:10",218.26,874.34,,,,"     ",3.60,137.18,3.16
532,444711638,"00532M10:03:06.256","00532 10:16:11",218.33,874.43,,,,"     ",3.60,136.17,3.13
532,444711639,"00532M10:03:07.230","00532 10:16:12",218.42,874.34,,,,"     ",3.60,136.87,3.14
532,444711640,"00532M10:03:08.203","00532 10:16:13",218.52,874.28,,,,"     ",3.60,136.97,3.15
532,444711641,"00532M10:03:09.176","00532 10:16:14",218.63,874.32,,,,"     ",3.60,137.14,3.15
532,444711642,"00532M10:03:10.149","00532 10:16:15",218.74,874.28,,,,"     ",3.60,136.82,3.14
532,444711643,"00532M10:03:11.123","00532 10:16:16",218.87,874.26,,,,"     ",3.60,137.07,3.14
532,444711644,"00532M10:03:12.096","00532 10:16:17",218.99,874.29,,,,"     ",3.60,137.36,3.15
532,444711645,"00532M10:03:13.069","00532 10:16:18",219.12,874.36,,,,"     ",3.60,136.81,3.13
532,444711646,"00532M10:03:14.042","00532 10:16:19",219.93,874.29,,,,"     ",3.60,137.74,3.15
532,444711647,"00532M10:03:15.016","00532 10:16:20",220.03,874.25,,,,"     ",3.60,138.72,3.17
532,444711648,"00532M10:03:15.989","00532 10:16:21",220.14,874.30,,,,"     ",3.60,137.55,3.14
532,444711649,"00532M10:03:16.962","00532 10:16:22",220.24,874.26,,,,"     ",3.60,138.46,3.16
532,444711650,"00532M10:03:17.935","00532 10:16:23",220.33,874.28,,,,"     ",3.60,139.04,3.17
532,444711651,"00532M10:03:18.909","00532 10:16:24",220.41,874.29,,,,"     ",3.60,138.06,3.15
532,444711652,"00532M10:03:19.882","00532 10:16:25",220.49,874.25,,,,"     ",3.60,138.62,3.16
532,444711653,"00532M10:03:20.855","00532 10:16:26",220.56,874.24,,,,"     ",3.60,137.89,3.14
532,444711654,"00532M10:03:21.828","00532 10:16:27",220.63,874.23,,,,"     ",3.60,138.61,3.15
532,444711655,"00532M10:03:22.802","00532 10:16:28",220.68,874.25,,,,"     ",3.60,139.51,3.17
532,444711656,"00532M10:03:23.775","00532 10:16:29",220.72,874.21,,,,"     ",3.60,138.99,3.15
532,444711657,"00532M10:03:24.748","00532 10:16:30",220.77,874.24,,,,"     ",3.60,139.56,3.16
532,444711658,"00532M10:03:25.721","00532 10:16:31",220.81,874.21,,,,"     ",3.60,139.68,3.16
532,444711659,"00532M10:03:26.695","00532 10:16:31",220.87,874.20,,,,"     ",3.60,140.11,3.17
532,444711660,"00532M10:03:27.668","00532 10:16:32",220.93,874.23,,,,"     ",3.60,140.01,3.16
532,444711661,"00532M10:03:28.641","00532 10:16:33",221.01,874.29,,,,"     ",3.60,139.64,3.15
532,444711662,"00532M10:03:29.614","00532 10:16:34",221.09,874.28,,,,"     ",3.60,139.63,3.15
532,444711663,"00532M10:03:30.588","00532 10:16:35",221.18,874.36,,,,"     ",3.60,139.72,3.15
532,444711664,"00532M10:03:31.561","00532 10:16:36",221.27,874.29,,,,"     ",3.60,140.59,3.17
532,444711665,"00532M10:03:32.534","00532 10:16:37",221.36,874.27,,,,"     ",3.60,140.35,3.16
532,444711666,"00532M10:03:33.507","00532 10:16:38",221.46,874.27,,,,"     ",3.60,140.27,3.15
532,444711667,"00532M10:03:34.481","00532 10:16:39",221.56,874.18,,,,"     ",3.60,140.92,3.16
532,444711668,"00532M10:03:35.454","00532 10:16:40",221.66,874.26,,,,"     ",3.60,140.76,3.16
532,444711669,"00532M10:03:36.427","00532 10:16:41",221.75,874.33,,,,"     ",3.60,141.31,3.17
532,444711670,"00532M10:03:37.400","00532 10:16:42",221.81,874.26,,,,"     ",3.60,140.49,3.14
532,444711671,"00532M10:03:38.374","00532 10:16:43",221.86,874.27,,,,"     ",3.60,141.92,3.17
532,444711672,"00532M10:03:39.347","00532 10:16:44",221.88,874.25,,,,"     ",3.60,141.65,3.16
532,444711673,"00532M10:03:40.320","00532 10:16:45",221.89,874.33,,,,"     ",3.60,142.35,3.18
532,444711674,"00532M10:03:41.293","00532 10:16:46",221.88,874.24,,,,"     ",3.60,141.87,3.16
532,444711675,"00532M10:03:42.267","00532 10:16:47",221.86,874.27,,,,"     ",3.60,141.99,3.16
532,444711676,"00532M10:03:43.240","00532 10:16:48",221.83,874.25,,,,"     ",3.60,141.66,3.15
532,444711677,"00532M10:03:44.213","00532 10:16:49",221.79,874.32,,,,"     ",3.60,141.85,3.15
532,444711678,"00532M10:03:45.187","00532 10:16:50",221.75,874.31,,,,"     ",3.60,142.01,3.15
532,444711679,"00532M10:03:46.160","00532 10:16:51",221.69,874.29,,,,"     ",3.60,141.72,3.14
532,444711680,"00532M10:03:47.133","00532 10:16:52",221.63,874.38,,,,"     ",3.60,142.14,3.15
532,444711681,"00532M10:03:48.106","00532 10:16:53",221.56,874.38,,,,"     ",3.60,141.43,3.13
532,444711682,"00532M10:03:49.080","00532 10:16:54",221.49,874.40,,,,"     ",3.60,142.83,3.16
532,444711683,"00532M10:03:50.053","00532 10:16:55",221.43,874.28,,,,"     ",3.60,143.20,3.17
532,444711684,"00532M10:03:51.026","00532 10:16:56",221.38,874.22,,,,"     ",3.60,142.30,3.14
532,444711685,"00532M10:03:51.999","00532 10:16:57",221.35,874.27,,,,"     ",3.60,142.23,3.14
532,444711686,"00532M10:03:52.973","00532 10:16:58",221.33,874.21,,,,"     ",3.60,142.90,3.15
532,444711687,"00532M10:03:53.946","00532 10:16:59",221.32,874.09,,,,"     ",3.60,143.17,3.15
532,444711688,"00532M10:03:54.919","00532 10:17:00",221.31,874.12,,,,"     ",3.60,141.38,3.11
532,444711689,"00532M10:03:55.892","00532 10:17:01",221.32,874.15,,,,"     ",3.60,143.20,3.15
532,444711690,"00532M10:03:56.866","00532 10:17:02",221.33,874.12,,,,"     ",3.60,142.48,3.13
532,444711691,"00532M10:03:57.839","00532 10:17:03",221.35,874.27,,,,"     ",3.60,142.79,3.13
532,444711692,"00532M10:03:58.812","00532 10:17:04",221.38,874.18,,,,"     ",3.60,142.59,3.13
532,444711693,"00532M10:03:59.785","00532 10:17:05",221.41,874.10,,,,"     ",3.60,142.68,3.13
532,444711694,"00532M10:04:00.759","00532 10:17:06",221.44,874.17,,,,"     ",3.60,143.10,3.13
532,444711695,"00532M10:04:01.732","00532 10:17:07",221.47,874.20,,,,"     ",3.60,142.71,3.12
532,444711696,"00532M10:04:02.705","00532 10:17:07",221.50,874.14,,,,"     ",3.60,144.50,3.16
532,444711697,"00532M10:04:03.678","00532 10:17:08",221.51,874.12,,,,"     ",3.60,143.41,3.13
532,444711698,"00532M10:04:04.652","00532 10:17:09",221.52,874.25,,,,"     ",3.60,143.63,3.13
532,444711699,"00532M10:04:05.625","00532 10:17:10",221.53,874.16,,,,"     ",3.60,144.21,3.15
532,444711700,"00532M10:04:06.598","00532 10:17:11",221.53,874.19,,,,"     ",3.60,143.92,3.14
532,444711701,"00532M10:04:07.571","00532 10:17:12",221.53,874.19,,,,"     ",3.60,144.21,3.14
532,444711702,"00532M10:04:08.545","00532 10:17:13",221.55,874.13,,,,"     ",3.60,143.08,3.11
532,444711703,"00532M10:04:09.518","00532 10:17:14",221.57,874.12,,,,"     ",3.60,143.66,3.12
532,444711704,"00532M10:04:10.491","00532 10:17:15",221.60,874.14,,,,"     ",3.60,144.00,3.13
532,444711705,"00532M10:04:11.464","00532 10:17:16",221.63,874.17,,,,"     ",3.60,144.30,3.13
532,444711706,"00532M10:04:12.438","00532 10:17:17",221.67,874.16,,,,"     ",3.60,144.46,3.13
532,444711707,"00532M10:04:13.411","00532 10:17:18",221.70,874.20,,,,"     ",3.60,144.65,3.13
532,444711708,"00532M10:04:14.384","00532 10:17:19",221.73,874.12,,,,"     ",3.60,145.06,3.14
532,444711709,"00532M10:04:15.357","00532 10:17:20",221.74,874.14,,,,"     ",3.60,145.26,3.14
532,444711710,"00532M10:04:16.331","00532 10:17:21",221.76,874.10,,,,"     ",3.60,144.93,3.13
532,444711711,"00532M10:04:17.304","00532 10:17:22",221.77,874.10,,,,"     ",3.60,145.10,3.13
532,444711712,"00532M10:04:18.277","00532 10:17:23",221.78,874.17,,,,"     ",3.60,145.21,3.13
532,444711713,"00532M10:04:19.250","00532 10:17:24",221.80,874.14,,,,"     ",3.60,145.78,3.14
532,444711714,"00532M10:04:20.224","00532 10:17:25",221.81,874.10,,,,"     ",3.60,146.50,3.16
532,444711715,"00532M10:04:21.197","00532 10:17:26",221.83,874.16,,,,"     ",3.60,144.90,3.12
532,444711716,"00532M10:04:22.170","00532 10:17:27",221.86,874.14,,,,"     ",3.60,146.55,3.15
532,444711717,"00532M10:04:23.143","00532 10:17:28",221.89,874.16,,,,"     ",3.60,145.62,3.13
532,444711718,"00532M10:04:24.117","00532 10:17:29",221.92,874.13,,,,"     ",3.60,144.93,3.11
532,444711719,"00532M10:04:25.090","00532 10:17:30",221.96,874.09,,,,"     ",3.60,145.69,3.12
532,444711720,"00532M10:04:26.063","00532 10:17:31",222.00,874.08,,,,"     ",3.60,145.81,3.12
532,444711721,"00532M10:04:27.036","00532 10:17:32",222.05,874.17,,,,"     ",3.60,145.47,3.12
532,444711722,"00532M10:04:28.010","00532 10:17:33",222.10,874.21,,,,"     ",3.60,145.40,3.11
532,444711723,"00532M10:04:28.983","00532 10:17:34",222.14,874.23,,,,"     ",3.60,146.55,3.13
532,444711724,"00532M10:04:29.956","00532 10:17:35",222.16,874.20,,,,"     ",3.60,146.22,3.12
532,444711725,"00532M10:04:30.929","00532 10:17:36",222.17,874.11,,,,"     ",3.60,146.70,3.13
532,444711726,"00532M10:04:31.903","00532 10:17:37",222.16,874.16,,,,"     ",3.60,146.69,3.13
532,444711727,"00532M10:04:32.876","00532 10:17:38",222.14,874.15,,,,"     ",3.60,147.17,3.14
532,444711728,"00532M10:04:33.849","00532 10:17:39",222.10,874.11,,,,"     ",3.60,145.95,3.11
532,444711729,"00532M10:04:34.822","00532 10:17:40",222.05,874.14,,,,"     ",3.60,146.41,3.11
532,444711730,"00532M10:04:35.796","00532 10:17:41",221.99,874.15,,,,"     ",3.60,147.66,3.14
532,444711731,"00532M10:04:36.769","00532 10:17:42",221.92,874.12,,,,"     ",3.60,147.31,3.13
532,444711732,"00532M10:04:37.742","00532 10:17:43",221.84,874.11,,,,"     ",3.60,146.54,3.11
532,444711733,"00532M10:04:38.715","00532 10:17:44",221.75,874.02,,,,"     ",3.60,147.10,3.12
532,444711734,"00532M10:04:39.689","00532 10:17:44",221.66,874.05,,,,"     ",3.60,146.49,3.10
532,444711735,"00532M10:04:40.662","00532 10:17:45",221.56,874.17,,,,"     ",3.60,147.01,3.11
532,444711736,"00532M10:04:41.635","00532 10:17:46",221.46,874.09,,,,"     ",3.60,146.05,3.09
532,444711737,"00532M10:04:42.608","00532 10:17:47",221.35,874.01,,,,"     ",3.60,146.82,3.10
532,444711738,"00532M10:04:43.582","00532 10:17:48",221.25,874.12,,,,"     ",3.60,146.30,3.09
532,444711739,"00532M10:04:44.555","00532 10:17:49",221.14,874.13,,,,"     ",3.60,145.90,3.08
532,444711740,"00532M10:04:45.528","00532 10:17:50",221.03,874.22,,,,"     ",3.60,147.56,3.12
532,444711741,"00532M10:04:46.501","00532 10:17:51",220.92,874.21,,,,"     ",3.60,146.11,3.08
532,444711742,"00532M10:04:47.475","00532 10:17:52",220.80,874.11,,,,"     ",3.60,146.82,3.10
532,444711743,"00532M10:04:48.448","00532 10:17:53",220.69,874.11,,,,"     ",3.60,147.18,3.10
532,444711744,"00532M10:04:49.421","00532 10:17:54",220.57,874.19,,,,"     ",3.60,146.23,3.08
532,444711745,"00532M10:04:50.394","00532 10:17:55",220.46,874.06,,,,"     ",3.60,146.80,3.09
532,444711746,"00532M10:04:51.368","00532 10:17:56",220.37,874.13,,,,"     ",3.60,147.73,3.11
532,444711747,"00532M10:04:52.341","00532 10:17:57",220.27,874.11,,,,"     ",3.60,148.35,3.12
532,444711748,"00532M10:04:53.314","00532 10:17:58",220.19,874.10,,,,"     ",3.60,147.60,3.10
532,444711749,"00532M10:04:54.288","00532 10:17:59",220.11,874.16,,,,"     ",3.60,147.87,3.11
532,444711750,"00532M10:04:55.261","00532 10:18:00",220.04,874.14,,,,"     ",3.60,146.59,3.08
532,444711751,"00532M10:04:56.234","00532 10:18:01",219.97,874.18,,,,"     ",3.60,146.35,3.07
532,444711752,"00532M10:04:57.207","00532 10:18:02",219.91,874.08,,,,"     ",3.60,146.87,3.08
532,444711753,"00532M10:04:58.181","00532 10:18:03",219.85,874.10,,,,"     ",3.60,148.44,3.12
532,444711754,"00532M10:04:59.154","00532 10:18:04",219.80,874.08,,,,"     ",3.60,147.12,3.09
532,444711755,"00532M10:05:00.127","00532 10:18:05",219.75,874.02,,,,"     ",3.60,147.05,3.08
532,444711756,"00532M10:05:01.100","00532 10:18:06",219.71,874.07,,,,"     ",3.60,148.24,3.11
532,444711757,"00532M10:05:02.074","00532 10:18:07",219.67,874.03,,,,"     ",3.60,147.77,3.10
532,444711758,"00532M10:05:03.047","00532 10:18:08",219.64,874.05,,,,"     ",3.60,147.38,3.09
532,444711759,"00532M10:05:04.020","00532 10:18:09",219.60,874.08,,,,"     ",3.60,148.11,3.10
532,444711760,"00532M10:05:04.993","00532 10:18:10",219.57,874.04,,,,"     ",3.60,147.17,3.08
532,444711761,"00532M10:05:05.967","00532 10:18:11",219.53,874.03,,,,"     ",3.60,147.51,3.09
532,444711762,"00532M10:05:06.940","00532 10:18:12",218.44,874.01,,,,"     ",3.60,147.70,3.09
532,444711763,"00532M10:05:07.913","00532 10:18:13",218.41,874.10,,,,"     ",3.60,148.42,3.10
532,444711764,"00532M10:05:08.886","00532 10:18:14",218.39,874.03,,,,"     ",3.60,147.97,3.09
532,444711765,"00532M10:05:09.860","00532 10:18:15",218.36,874.07,,,,"     ",3.60,148.62,3.11
532,444711766,"00532M10:05:10.833","00532 10:18:16",218.32,874.06,,,,"     ",3.60,147.43,3.08
532,444711767,"00532M10:05:11.806","00532 10:18:17",218.27,874.08,,,,"     ",3.60,148.01,3.09
532,444711768,"00532M10:05:12.779","00532 10:18:18",218.21,874.06,,,,"     ",3.60,147.38,3.08
532,444711769,"00532M10:05:13.753","00532 10:18:19",218.13,874.02,,,,"     ",3.60,148.62,3.10
532,444711770,"00532M10:05:14.726","00532 10:18:20",218.04,874.09,,,,"     ",3.60,147.26,3.07
532,444711771,"00532M10:05:15.699","00532 10:18:21",217.96,874.13,,,,"     ",3.60,147.71,3.08
532,444711772,"00532M10:05:16.672","00532 10:18:21",217.86,873.97,,,,"     ",3.60,148.28,3.09
532,444711773,"00532M10:05:17.646","00532 10:18:22",217.77,874.01,,,,"     ",3.60,148.24,3.09
532,444711774,"00532M10:05:18.619","00532 10:18:23",217.68,873.99,,,,"     ",3.60,148.50,3.09
532,444711775,"00532M10:05:19.592","00532 10:18:24",217.58,874.04,,,,"     ",3.60,148.61,3.10
532,444711776,"00532M10:05:20.565","00532 10:18:25",217.48,874.00,,,,"     ",3.60,147.90,3.08
532,444711777,"00532M10:05:21.539","00532 10:18:26",217.39,874.01,,,,"     ",3.60,148.48,3.09
532,444711778,"00532M10:05:22.512","00532 10:18:27",217.29,874.02,,,,"     ",3.60,148.75,3.10
532,444711779,"00532M10:05:23.485","00532 10:18:28",217.20,874.06,,,,"     ",3.60,146.73,3.05
532,444711780,"00532M10:05:24.458","00532 10:18:29",217.11,874.00,,,,"     ",3.60,147.52,3.07
532,444711781,"00532M10:05:25.432","00532 10:18:30",217.02,874.00,,,,"     ",3.60,148.06,3.08
532,444711782,"00532M10:05:26.405","00532 10:18:31",216.94,874.04,,,,"     ",3.60,147.14,3.06
532,444711783,"00532M10:05:27.378","00532 10:18:32",216.86,874.05,,,,"     ",3.60,148.10,3.08
532,444711784,"00532M10:05:28.351","00532 10:18:33",216.78,874.05,,,,"     ",3.60,148.01,3.08
532,444711785,"00532M10:05:29.325","00532 10:18:34",216.71,874.06,,,,"     ",3.60,148.23,3.08
532,444711786,"00532M10:05:30.298","00532 10:18:35",216.65,874.10,,,,"     ",3.60,148.60,3.09
532,444711787,"00532M10:05:31.271","00532 10:18:36",216.59,874.11,,,,"     ",3.60,148.45,3.09
532,444711788,"00532M10:05:32.244","00532 10:18:37",216.54,874.05,,,,"     ",3.60,148.99,3.10
532,444711789,"00532M10:05:33.218","00532 10:18:38",216.50,874.03,,,,"     ",3.60,148.75,3.09
532,444711790,"00532M10:05:34.191","00532 10:18:39",216.46,874.09,,,,"     ",3.60,149.12,3.10
532,444711791,"00532M10:05:35.164","00532 10:18:40",216.42,874.04,,,,"     ",3.60,149.89,3.12
532,444711792,"00532M10:05:36.137","00532 10:18:41",216.39,874.16,,,,"     ",3.60,148.95,3.10
532,444711793,"00532M10:05:37.111","00532 10:18:42",216.35,874.09,,,,"     ",3.60,149.09,3.10
532,444711794,"00532M10:05:38.084","00532 10:18:43",216.32,873.99,,,,"     ",3.60,148.58,3.09
532,444711795,"00532M10:05:39.057","00532 10:18:44",216.30,873.98,,,,"     ",3.60,149.35,3.10
532,444711796,"00532M10:05:40.030","00532 10:18:45",216.28,874.11,,,,"     ",3.60,149.15,3.10
532,444711797,"00532M10:05:41.004","00532 10:18:46",216.26,874.06,,,,"     ",3.60,148.73,3.09
532,444711798,"00532M10:05:41.977","00532 10:18:47",216.25,874.00,,,,"     ",3.60,149.15,3.10
532,444711799,"00532M10:05:42.950","00532 10:18:48",216.24,874.06,,,,"     ",3.60,148.48,3.08
532,444711800,"00532M10:05:43.923","00532 10:18:49",216.24,874.11,,,,"     ",3.60,148.60,3.09
532,444711801,"00532M10:05:44.897","00532 10:18:50",216.24,874.00,,,,"     ",3.60,150.58,3.13
532,444715199,"00532M11:00:52.012","00532 11:13:57",229.68,866.28,4.52,,236.07,"  101110",3.60,,
532,444715200,"00532M11:00:52.985","00532 11:13:58",229.60,866.39,,,,"     ",3.60,263.87,2.49
532,444715201,"00532M11:00:53.959","00532 11:13:59",229.53,866.38,,,,"     ",3.60,263.97,2.48
532,444715202,"00532M11:00:54.932","00532 11:14:00",229.48,866.35,,,,"     ",3.60,264.09,2.47
532,444715203,"00532M11:00:55.905","00532 11:14:01",229.44,866.31,,,,"     ",3.60,265.36,2.48
532,444715204,"00532M11:00:56.878","00532 11:14:02",229.42,866.39,,,,"     ",3.60,263.82,2.46
532,444715205,"00532M11:00:57.852","00532 11:14:03",229.41,866.37,,,,"     ",3.60,263.88,2.45
532,444715206,"00532M11:00:58.825","00532 11:14:04",229.41,866.38,,,,"     ",3.60,266.30,2.47
532,444715207,"00532M11:00:59.798","00532 11:14:05",229.43,866.33,,,,"     ",3.60,264.32,2.44
532,444715208,"00532M11:01:00.771","00532 11:14:06",229.45,866.41,,,,"     ",3.60,263.27,2.42
532,444715209,"00532M11:01:01.745","00532 11:14:07",229.49,866.36,,,,"     ",3.60,265.70,2.44
532,444715210,"00532M11:01:02.718","00532 11:14:08",229.54,866.37,,,,"     ",3.60,266.00,2.44
532,444715211,"00532M11:01:03.691","00532 11:14:09",229.60,866.36,,,,"     ",3.60,268.26,2.45
532,444715212,"00532M11:01:04.664","00532 11:14:10",229.68,866.37,,,,"     ",3.60,266.65,2.43
532,444715213,"00532M11:01:05.638","00532 11:14:11",229.80,866.30,,,,"     ",3.60,268.89,2.45
532,444715214,"00532M11:01:06.611","00532 11:14:12",229.90,866.29,,,,"     ",3.60,268.35,2.43
532,444715215,"00532M11:01:07.584","00532 11:14:13",230.00,866.37,,,,"     ",3.60,268.54,2.43
532,444715216,"00532M11:01:08.557","00532 11:14:14",230.06,866.42,,,,"     ",3.60,267.60,2.42
532,444715217,"00532M11:01:09.531","00532 11:14:15",230.09,866.47,,,,"     ",3.60,269.64,2.43
532,444715218,"00532M11:01:10.504","00532 11:14:16",230.09,866.41,,,,"     ",3.60,268.00,2.41
532,444715219,"00532M11:01:11.477","00532 11:14:17",230.07,866.33,,,,"     ",3.60,268.81,2.41
532,444715220,"00532M11:01:12.450","00532 11:14:18",230.03,866.33,,,,"     ",3.60,271.20,2.43
532,444715221,"00532M11:01:13.424","00532 11:14:19",229.98,866.31,,,,"     ",3.60,270.89,2.42
532,444715222,"00532M11:01:14.397","00532 11:14:20",229.93,866.35,,,,"     ",3.60,271.84,2.42
532,444715223,"00532M11:01:15.370","00532 11:14:21",229.87,866.33,,,,"     ",3.60,272.98,2.43
532,444715224,"00532M11:01:16.343","00532 11:14:22",229.83,866.28,,,,"     ",3.60,275.19,2.44
532,444715225,"00532M11:01:17.317","00532 11:14:23",229.80,866.35,,,,"     ",3.60,270.91,2.40
532,444715226,"00532M11:01:18.290","00532 11:14:23",229.79,866.29,,,,"     ",3.60,271.81,2.40
532,444715227,"00532M11:01:19.263","00532 11:14:24",229.81,866.30,,,,"     ",3.60,273.84,2.42
532,444715228,"00532M11:01:20.236","00532 11:14:25",229.84,866.31,,,,"     ",3.60,272.51,2.40
532,444715229,"00532M11:01:21.210","00532 11:14:26",229.89,866.33,,,,"     ",3.60,272.15,2.39
532,444715230,"00532M11:01:22.183","00532 11:14:27",229.93,866.30,,,,"     ",3.60,272.58,2.39
532,444715231,"00532M11:01:23.156","00532 11:14:28",229.97,866.34,,,,"     ",3.60,272.93,2.39
532,444715232,"00532M11:01:24.129","00532 11:14:29",229.99,866.35,,,,"     ",3.60,273.21,2.39
532,444715233,"00532M11:01:25.103","00532 11:14:30",229.99,866.33,,,,"     ",3.60,276.77,2.41
532,444715234,"00532M11:01:26.076","00532 11:14:31",229.98,866.28,,,,"     ",3.60,275.04,2.39
532,444715235,"00532M11:01:27.049","00532 11:14:32",229.94,866.22,,,,"     ",3.60,275.27,2.39
532,444715236,"00532M11:01:28.022","00532 11:14:33",229.89,866.23,,,,"     ",3.60,275.15,2.39
532,444715237,"00532M11:01:28.996","00532 11:14:34",229.83,866.34,,,,"     ",3.60,275.54,2.39
532,444715238,"00532M11:01:29.969","00532 11:14:35",229.76,866.39,,,,"     ",3.60,277.56,2.40
532,444715239,"00532M11:01:30.942","00532 11:14:36",229.69,866.22,,,,"     ",3.60,276.59,2.39
532,444715240,"00532M11:01:31.915","00532 11:14:37",229.61,866.28,,,,"     ",3.60,277.67,2.39
532,444715241,"00532M11:01:32.889","00532 11:14:38",229.54,866.25,,,,"     ",3.60,275.97,2.37
532,444715242,"00532M11:01:33.862","00532 11:14:39",229.48,866.22,,,,"     ",3.60,277.57,2.38
532,444715243,"00532M11:01:34.835","00532 11:14:40",229.42,866.23,,,,"     ",3.60,278.38,2.39
532,444715244,"00532M11:01:35.808","00532 11:14:41",229.37,866.26,,,,"     ",3.60,281.22,2.41
532,444715245,"00532M11:01:36.782","00532 11:14:42",229.34,866.28,,,,"     ",3.60,276.46,2.36
532,444715246,"00532M11:01:37.755","00532 11:14:43",229.33,866.24,,,,"     ",3.60,278.26,2.38
532,444715247,"00532M11:01:38.728","00532 11:14:44",229.32,866.22,,,,"     ",3.60,279.39,2.38
532,444715248,"00532M11:01:39.701","00532 11:14:45",229.32,866.18,,,,"     ",3.60,277.78,2.36
532,444715249,"00532M11:01:40.675","00532 11:14:46",229.32,866.20,,,,"     ",3.60,279.34,2.37
532,444715250,"00532M11:01:41.648","00532 11:14:47",229.32,866.28,,,,"     ",3.60,280.98,2.38
532,444715251,"00532M11:01:42.621","00532 11:14:48",229.32,866.20,,,,"     ",3.60,281.04,2.38
532,444715252,"00532M11:01:43.594","00532 11:14:49",229.31,866.19,,,,"     ",3.60,279.62,2.37
532,444715253,"00532M11:01:44.568","00532 11:14:50",229.30,866.28,,,,"     ",3.60,280.41,2.37
532,444715254,"00532M11:01:45.541","00532 11:14:51",229.29,866.32,,,,"     ",3.60,282.08,2.38
532,444715255,"00532M11:01:46.514","00532 11:14:52",229.27,866.31,,,,"     ",3.60,281.20,2.37
532,444715256,"00532M11:01:47.487","00532 11:14:53",229.25,866.26,,,,"     ",3.60,283.73,2.39
532,444715257,"00532M11:01:48.461","00532 11:14:54",229.21,866.26,,,,"     ",3.60,280.68,2.36
532,444715258,"00532M11:01:49.434","00532 11:14:55",229.18,866.24,,,,"     ",3.60,283.68,2.38
532,444715259,"00532M11:01:50.407","00532 11:14:56",229.16,866.25,,,,"     ",3.60,283.11,2.37
532,444715260,"00532M11:01:51.380","00532 11:14:57",229.15,866.23,,,,"     ",3.60,281.25,2.35
532,444715261,"00532M11:01:52.354","00532 11:14:58",229.14,866.20,,,,"     ",3.60,282.48,2.36
532,444715262,"00532M11:01:53.327","00532 11:14:59",229.14,866.12,,,,"     ",3.60,281.50,2.35
532,444715263,"00532M11:01:54.300","00532 11:14:59",229.16,866.13,,,,"     ",3.60,284.67,2.37
532,444715264,"00532M11:01:55.273","00532 11:15:00",229.20,866.10,,,,"     ",3.60,281.32,2.34
532,444715265,"00532M11:01:56.247","00532 11:15:01",229.25,866.09,,,,"     ",3.60,282.68,2.35
532,444715266,"00532M11:01:57.220","00532 11:15:02",229.33,866.14,,,,"     ",3.60,282.87,2.35
532,444715267,"00532M11:01:58.193","00532 11:15:03",229.42,866.08,,,,"     ",3.60,283.27,2.35
532,444715268,"00532M11:01:59.167","00532 11:15:04",229.52,866.19,,,,"     ",3.60,285.51,2.37
532,444715269,"00532M11:02:00.140","00532 11:15:05",229.62,866.19,,,,"     ",3.60,283.83,2.35
532,444715270,"00532M11:02:01.113","00532 11:15:06",229.72,866.15,,,,"     ",3.60,284.06,2.35
532,444715271,"00532M11:02:02.086","00532 11:15:07",229.82,866.13,,,,"     ",3.60,284.86,2.36
532,444715272,"00532M11:02:03.060","00532 11:15:08",229.92,866.19,,,,"     ",3.60,287.26,2.37
532,444715273,"00532M11:02:04.033","00532 11:15:09",230.01,866.08,,,,"     ",3.60,285.50,2.36
532,444715274,"00532M11:02:05.006","00532 11:15:10",230.09,866.12,,,,"     ",3.60,284.83,2.35
532,444715275,"00532M11:02:05.979","00532 11:15:11",230.15,866.18,,,,"     ",3.60,284.87,2.35
532,444715276,"00532M11:02:06.953","00532 11:15:12",230.20,866.17,,,,"     ",3.60,283.32,2.33
532,444715277,"00532M11:02:07.926","00532 11:15:13",230.23,866.09,,,,"     ",3.60,285.26,2.35
532,444715278,"00532M11:02:08.899","00532 11:15:14",230.25,866.17,,,,"     ",3.60,286.67,2.36
532,444715279,"00532M11:02:09.872","00532 11:15:15",230.25,866.14,,,,"     ",3.60,286.63,2.35
532,444715280,"00532M11:02:10.846","00532 11:15:16",230.26,866.07,,,,"     ",3.60,288.14,2.37
532,444715281,"00532M11:02:11.819","00532 11:15:17",230.26,866.08,,,,"     ",3.60,287.48,2.36
532,444715282,"00532M11:02:12.792","00532 11:15:18",230.28,866.17,,,,"     ",3.60,287.24,2.35
532,444715283,"00532M11:02:13.765","00532 11:15:19",230.30,866.13,,,,"     ",3.60,286.44,2.35
532,444715284,"00532M11:02:14.739","00532 11:15:20",230.32,866.15,,,,"     ",3.60,287.14,2.35
532,444715285,"00532M11:02:15.712","00532 11:15:21",230.36,866.15,,,,"     ",3.60,287.55,2.35
532,444715286,"00532M11:02:16.685","00532 11:15:22",230.41,866.13,,,,"     ",3.60,288.46,2.36
532,444715287,"00532M11:02:17.658","00532 11:15:23",230.46,866.19,,,,"     ",3.60,287.24,2.35
532,444715288,"00532M11:02:18.632","00532 11:15:24",230.52,866.13,,,,"     ",3.60,288.91,2.36
532,444715289,"00532M11:02:19.605","00532 11:15:25",230.57,866.09,,,,"     ",3.60,288.82,2.36
532,444715290,"00532M11:02:20.578","00532 11:15:26",230.62,866.15,,,,"     ",3.60,288.87,2.36
532,444715291,"00532M11:02:21.551","00532 11:15:27",230.67,866.10,,,,"     ",3.60,288.69,2.35
532,444715292,"00532M11:02:22.525","00532 11:15:28",230.73,866.06,,,,"     ",3.60,288.94,2.35
532,444715293,"00532M11:02:23.498","00532 11:15:29",230.77,866.16,,,,"     ",3.60,287.50,2.34
532,444715294,"00532M11:02:24.471","00532 11:15:30",230.81,866.15,,,,"     ",3.60,290.69,2.37
532,444715295,"00532M11:02:25.444","00532 11:15:31",230.83,866.20,,,,"     ",3.60,286.90,2.33
532,444715296,"00532M11:02:26.418","00532 11:15:32",230.86,866.14,,,,"     ",3.60,289.11,2.35
532,444715297,"00532M11:02:27.391","00532 11:15:33",230.87,866.19,,,,"     ",3.60,288.05,2.34
532,444715298,"00532M11:02:28.364","00532 11:15:34",230.88,866.14,,,,"     ",3.60,289.09,2.35
532,444715299,"00532M11:02:29.337","00532 11:15:35",230.87,866.15,,,,"     ",3.60,289.54,2.35
532,444715300,"00532M11:02:30.311","00532 11:15:36",230.86,866.18,,,,"     ",3.60,291.27,2.36
532,444715301,"00532M11:02:31.284","00532 11:15:36",230.83,866.23,,,,"     ",3.60,291.08,2.36
532,444715302,"00532M11:02:32.257","00532 11:15:37",230.79,866.11,,,,"     ",3.60,290.95,2.36
532,444715303,"00532M11:02:33.230","00532 11:15:38",230.75,866.12,,,,"     ",3.60,289.36,2.34
532,444715304,"00532M11:02:34.204","00532 11:15:39",230.71,866.21,,,,"     ",3.60,290.24,2.35
532,444715305,"00532M11:02:35.177","00532 11:15:40",230.67,866.09,,,,"     ",3.60,292.25,2.37
532,444715306,"00532M11:02:36.150","00532 11:15:41",230.65,866.17,,,,"     ",3.60,291.03,2.35
532,444715307,"00532M11:02:37.123","00532 11:15:42",230.57,866.09,,,,"     ",3.60,290.25,2.35
532,444715308,"00532M11:02:38.097","00532 11:15:43",230.48,866.09,,,,"     ",3.60,291.23,2.35
532,444715309,"00532M11:02:39.070","00532 11:15:44",230.40,866.05,,,,"     ",3.60,288.96,2.33
532,444715310,"00532M11:02:40.043","00532 11:15:45",230.31,866.00,,,,"     ",3.60,293.07,2.37
532,444715311,"00532M11:02:41.016","00532 11:15:46",230.22,866.03,,,,"     ",3.60,289.86,2.34
532,444715312,"00532M11:02:41.990","00532 11:15:47",230.13,866.06,,,,"     ",3.60,291.66,2.35
532,444715313,"00532M11:02:42.963","00532 11:15:48",230.05,865.99,,,,"     ",3.60,291.82,2.35
532,444715314,"00532M11:02:43.936","00532 11:15:49",229.96,866.03,,,,"     ",3.60,292.02,2.35
532,444715315,"00532M11:02:44.909","00532 11:15:50",229.88,865.99,,,,"     ",3.60,292.26,2.36
532,444715316,"00532M11:02:45.883","00532 11:15:51",229.82,866.02,,,,"     ",3.60,291.65,2.35
532,444715317,"00532M11:02:46.856","00532 11:15:52",229.76,865.97,,,,"     ",3.60,292.33,2.35
532,444715318,"00532M11:02:47.829","00532 11:15:53",229.71,866.09,,,,"     ",3.60,291.96,2.35
532,444715319,"00532M11:02:48.802","00532 11:15:54",229.67,866.03,,,,"     ",3.60,293.14,2.36
532,444715320,"00532M11:02:49.776","00532 11:15:55",229.64,866.07,,,,"     ",3.60,291.19,2.34
532,444715321,"00532M11:02:50.749","00532 11:15:56",229.60,866.05,,,,"     ",3.60,293.53,2.36
532,444715322,"00532M11:02:51.722","00532 11:15:57",229.57,866.14,,,,"     ",3.60,293.57,2.36
532,444715323,"00532M11:02:52.695","00532 11:15:58",229.55,866.12,,,,"     ",3.60,294.56,2.37
532,444715324,"00532M11:02:53.669","00532 11:15:59",229.53,866.11,,,,"     ",3.60,291.93,2.35
532,444715325,"00532M11:02:54.642","00532 11:16:00",229.52,866.05,,,,"     ",3.60,293.82,2.36
532,444715326,"00532M11:02:55.615","00532 11:16:01",229.52,865.97,,,,"     ",3.60,293.08,2.35
532,444715327,"00532M11:02:56.588","00532 11:16:02",229.54,866.11,,,,"     ",3.60,296.38,2.38
532,444715328,"00532M11:02:57.562","00532 11:16:03",229.56,866.01,,,,"     ",3.60,292.71,2.35
532,444715329,"00532M11:02:58.535","00532 11:16:04",229.60,866.01,,,,"     ",3.60,294.47,2.36
532,444715330,"00532M11:02:59.508","00532 11:16:05",229.65,865.99,,,,"     ",3.60,294.98,2.37
532,444715331,"00532M11:03:00.481","00532 11:16:06",229.71,866.03,,,,"     ",3.60,293.96,2.36
532,444715332,"00532M11:03:01.455","00532 11:16:07",229.76,865.97,,,,"     ",3.60,294.51,2.36
532,444715333,"00532M11:03:02.428","00532 11:16:08",229.82,866.03,,,,"     ",3.60,295.08,2.37
532,444715334,"00532M11:03:03.401","00532 11:16:09",229.87,865.99,,,,"     ",3.60,295.36,2.37
532,444715335,"00532M11:03:04.374","00532 11:16:10",229.91,865.94,,,,"     ",3.60,294.42,2.36
532,444715336,"00532M11:03:05.348","00532 11:16:11",229.94,865.98,,,,"     ",3.60,295.30,2.36
532,444715337,"00532M11:03:06.321","00532 11:16:12",229.95,866.01,,,,"     ",3.60,295.29,2.36
532,444715338,"00532M11:03:07.294","00532 11:16:12",229.94,866.03,,,,"     ",3.60,293.93,2.35
532,444715339,"00532M11:03:08.268","00532 11:16:13",229.91,865.99,,,,"     ",3.60,294.65,2.35
532,444715340,"00532M11:03:09.241","00532 11:16:14",229.87,865.95,,,,"     ",3.60,297.95,2.38
532,444715341,"00532M11:03:10.214","00532 11:16:15",229.81,866.02,,,,"     ",3.60,293.90,2.35
532,444715342,"00532M11:03:11.187","00532 11:16:16",229.75,866.00,,,,"     ",3.60,295.21,2.36
532,444715343,"00532M11:03:12.161","00532 11:16:17",229.68,865.98,,,,"     ",3.60,296.44,2.37
532,444715344,"00532M11:03:13.134","00532 11:16:18",229.62,865.99,,,,"     ",3.60,296.71,2.37
532,444715345,"00532M11:03:14.107","00532 11:16:19",229.55,865.95,,,,"     ",3.60,296.67,2.37
532,444715346,"00532M11:03:15.080","00532 11:16:20",229.49,865.99,,,,"     ",3.60,298.31,2.38
532,444715347,"00532M11:03:16.054","00532 11:16:21",229.44,865.96,,,,"     ",3.60,294.49,2.34
532,444715348,"00532M11:03:17.027","00532 11:16:22",229.40,866.02,,,,"     ",3.60,296.70,2.36
532,444715349,"00532M11:03:18.000","00532 11:16:23",229.36,865.93,,,,"     ",3.60,299.51,2.38
532,444715350,"00532M11:03:18.973","00532 11:16:24",229.33,865.89,,,,"     ",3.60,294.72,2.34
532,444715351,"00532M11:03:19.947","00532 11:16:25",229.32,865.90,,,,"     ",3.60,299.59,2.38
532,444715352,"00532M11:03:20.920","00532 11:16:26",229.30,865.97,,,,"     ",3.60,294.08,2.34
532,444715353,"00532M11:03:21.893","00532 11:16:27",229.29,866.03,,,,"     ",3.60,296.19,2.35
532,444715354,"00532M11:03:22.866","00532 11:16:28",229.28,865.97,,,,"     ",3.60,296.69,2.36
532,444715355,"00532M11:03:23.840","00532 11:16:29",229.27,865.97,,,,"     ",3.60,295.76,2.35
532,444715356,"00532M11:03:24.813","00532 11:16:30",229.26,865.97,,,,"     ",3.60,298.52,2.37
532,444715357,"00532M11:03:25.786","00532 11:16:31",229.26,865.91,,,,"     ",3.60,298.02,2.36
532,444715358,"00532M11:03:26.759","00532 11:16:32",229.27,865.97,,,,"     ",3.60,297.55,2.36
532,444715359,"00532M11:03:27.733","00532 11:16:33",229.30,865.93,,,,"     ",3.60,297.20,2.36
532,444715360,"00532M11:03:28.706","00532 11:16:34",229.33,865.92,,,,"     ",3.60,298.22,2.36
532,444715361,"00532M11:03:29.679","00532 11:16:35",229.36,865.92,,,,"     ",3.60,298.63,2.37
532,444715362,"00532M11:03:30.652","00532 11:16:36",229.40,866.00,,,,"     ",3.60,297.38,2.36
532,444715363,"00532M11:03:31.626","00532 11:16:37",229.43,865.96,,,,"     ",3.60,299.65,2.37
532,444715364,"00532M11:03:32.599","00532 11:16:38",229.46,865.96,,,,"     ",3.60,298.97,2.37
532,444715365,"00532M11:03:33.572","00532 11:16:39",229.48,865.92,,,,"     ",3.60,299.34,2.37
532,444715366,"00532M11:03:34.545","00532 11:16:40",229.51,865.91,,,,"     ",3.60,299.96,2.37
532,444715367,"00532M11:03:35.519","00532 11:16:41",229.55,865.81,,,,"     ",3.60,299.36,2.37
532,444715368,"00532M11:03:36.492","00532 11:16:42",229.60,865.80,,,,"     ",3.60,297.83,2.35
532,444715369,"00532M11:03:37.465","00532 11:16:43",229.64,865.88,,,,"     ",3.60,300.28,2.37
532,444715370,"00532M11:03:38.438","00532 11:16:44",229.69,865.86,,,,"     ",3.60,301.80,2.38
532,444715371,"00532M11:03:39.412","00532 11:16:45",229.74,865.97,,,,"     ",3.60,302.74,2.39
532,444715372,"00532M11:03:40.385","00532 11:16:46",229.78,865.96,,,,"     ",3.60,298.42,2.35
532,444715373,"00532M11:03:41.358","00532 11:16:47",229.81,865.92,,,,"     ",3.60,299.99,2.36
532,444715374,"00532M11:03:42.331","00532 11:16:48",229.83,865.90,,,,"     ",3.60,298.93,2.35
532,444715375,"00532M11:03:43.305","00532 11:16:49",229.85,865.87,,,,"     ",3.60,301.59,2.38
532,444715376,"00532M11:03:44.278","00532 11:16:49",229.86,865.91,,,,"     ",3.60,301.74,2.37
532,444715377,"00532M11:03:45.251","00532 11:16:50",229.88,865.90,,,,"     ",3.60,300.75,2.37
532,444715378,"00532M11:03:46.224","00532 11:16:51",229.90,865.88,,,,"     ",3.60,300.45,2.36
532,444715379,"00532M11:03:47.198","00532 11:16:52",229.91,865.81,,,,"     ",3.60,301.17,2.36
532,444715380,"00532M11:03:48.171","00532 11:16:53",229.92,865.86,,,,"     ",3.60,301.14,2.36
532,444715381,"00532M11:03:49.144","00532 11:16:54",229.92,865.91,,,,"     ",3.60,302.81,2.38
532,444715382,"00532M11:03:50.117","00532 11:16:55",229.92,865.85,,,,"     ",3.60,302.07,2.37
532,444715383,"00532M11:03:51.091","00532 11:16:56",229.94,865.84,,,,"     ",3.60,303.03,2.38
532,444715384,"00532M11:03:52.064","00532 11:16:57",229.96,865.90,,,,"     ",3.60,301.32,2.36
532,444715385,"00532M11:03:53.037","00532 11:16:58",229.99,865.90,,,,"     ",3.60,302.59,2.37
532,444715386,"00532M11:03:54.010","00532 11:16:59",230.03,865.81,,,,"     ",3.60,304.52,2.38
532,444715387,"00532M11:03:54.984","00532 11:17:00",230.07,865.88,,,,"     ",3.60,303.22,2.37
532,444715388,"00532M11:03:55.957","00532 11:17:01",230.12,865.91,,,,"     ",3.60,302.46,2.36
532,444715389,"00532M11:03:56.930","00532 11:17:02",230.16,865.91,,,,"     ",3.60,302.69,2.36
532,444715390,"00532M11:03:57.903","00532 11:17:03",230.20,865.86,,,,"     ",3.60,303.01,2.37
532,444715391,"00532M11:03:58.877","00532 11:17:04",230.23,865.94,,,,"     ",3.60,305.10,2.38
532,444715392,"00532M11:03:59.850","00532 11:17:05",230.25,866.02,,,,"     ",3.60,303.73,2.37
532,444715393,"00532M11:04:00.823","00532 11:17:06",230.26,865.81,,,,"     ",3.60,305.88,2.38
532,444715394,"00532M11:04:01.796","00532 11:17:07",230.26,865.84,,,,"     ",3.60,303.75,2.37
532,444715395,"00532M11:04:02.770","00532 11:17:08",230.26,865.84,,,,"     ",3.60,303.53,2.36
532,444715396,"00532M11:04:03.743","00532 11:17:09",230.25,865.90,,,,"     ",3.60,307.49,2.39
532,444715397,"00532M11:04:04.716","00532 11:17:10",230.25,865.88,,,,"     ",3.60,304.78,2.37
532,444715398,"00532M11:04:05.689","00532 11:17:11",230.23,865.81,,,,"     ",3.60,304.28,2.36
532,444715399,"00532M11:04:06.663","00532 11:17:12",230.21,865.83,,,,"     ",3.60,300.49,2.33
532,444715400,"00532M11:04:07.636","00532 11:17:13",230.18,865.81,,,,"     ",3.60,303.29,2.35
532,444715401,"00532M11:04:08.609","00532 11:17:14",230.14,865.80,,,,"     ",3.60,304.67,2.36
532,444715402,"00532M11:04:09.582","00532 11:17:15",230.09,865.76,,,,"     ",3.60,302.03,2.34
532,444715403,"00532M11:04:10.556","00532 11:17:16",230.02,865.76,,,,"     ",3.60,305.72,2.37
532,444715404,"00532M11:04:11.529","00532 11:17:17",229.93,865.81,,,,"     ",3.60,303.14,2.35
532,444715405,"00532M11:04:12.502","00532 11:17:18",229.84,865.74,,,,"     ",3.60,304.07,2.35
532,444715406,"00532M11:04:13.475","00532 11:17:19",229.75,865.76,,,,"     ",3.60,303.51,2.35
532,444715407,"00532M11:04:14.449","00532 11:17:20",229.65,865.78,,,,"     ",3.60,306.66,2.37
532,444715408,"00532M11:04:15.422","00532 11:17:21",229.55,865.81,,,,"     ",3.60,306.47,2.37
532,444715409,"00532M11:04:16.395","00532 11:17:22",229.46,865.87,,,,"     ",3.60,303.10,2.34
532,444715410,"00532M11:04:17.369","00532 11:17:23",229.37,865.83,,,,"     ",3.60,303.64,2.34
532,444715411,"00532M11:04:18.342","00532 11:17:24",229.29,865.84,,,,"     ",3.60,305.49,2.36
532,444715412,"00532M11:04:19.315","00532 11:17:25",229.23,865.84,,,,"     ",3.60,303.43,2.34
532,444715413,"00532M11:04:20.288","00532 11:17:25",229.17,865.91,,,,"     ",3.60,302.34,2.33
532,444715414,"00532M11:04:21.262","00532 11:17:26",229.12,865.87,,,,"     ",3.60,304.43,2.35
532,444715415,"00532M11:04:22.235","00532 11:17:27",229.09,865.85,,,,"     ",3.60,305.79,2.36
532,444715416,"00532M11:04:23.208","00532 11:17:28",229.07,865.75,,,,"     ",3.60,303.88,2.34
532,444715417,"00532M11:04:24.181","00532 11:17:29",229.07,865.79,,,,"     ",3.60,301.74,2.32
532,444715418,"00532M11:04:25.155","00532 11:17:30",229.07,865.79,,,,"     ",3.60,302.05,2.32
532,444715419,"00532M11:04:26.128","00532 11:17:31",229.09,865.70,,,,"     ",3.60,302.30,2.32
532,444715420,"00532M11:04:27.101","00532 11:17:32",229.11,865.77,,,,"     ",3.60,305.23,2.35
532,444715421,"00532M11:04:28.074","00532 11:17:33",229.13,865.74,,,,"     ",3.60,302.03,2.32
532,444715422,"00532M11:04:29.048","00532 11:17:34",229.16,865.78,,,,"     ",3.60,303.44,2.33
532,444715423,"00532M11:04:30.021","00532 11:17:35",229.19,865.87,,,,"     ",3.60,303.43,2.33
532,444715424,"00532M11:04:30.994","00532 11:17:36",229.21,865.85,,,,"     ",3.60,303.83,2.33
532,444715425,"00532M11:04:31.967","00532 11:17:37",229.22,865.83,,,,"     ",3.60,300.91,2.31
532,444715426,"00532M11:04:32.941","00532 11:17:38",229.22,865.84,,,,"     ",3.60,302.76,2.32
532,444715427,"00532M11:04:33.914","00532 11:17:39",229.20,865.83,,,,"     ",3.60,304.62,2.34
532,444715428,"00532M11:04:34.887","00532 11:17:40",229.17,865.82,,,,"     ",3.60,305.67,2.34
532,444715429,"00532M11:04:35.860","00532 11:17:41",229.12,865.78,,,,"     ",3.60,302.46,2.32
532,444715430,"00532M11:04:36.834","00532 11:17:42",229.05,865.84,,,,"     ",3.60,305.23,2.34
532,444715431,"00532M11:04:37.807","00532 11:17:43",228.97,865.85,,,,"     ",3.60,304.65,2.33
532,444715432,"00532M11:04:38.780","00532 11:17:44",228.86,865.88,,,,"     ",3.60,306.19,2.34
532,444715433,"00532M11:04:39.753","00532 11:17:45",228.75,865.81,,,,"     ",3.60,304.44,2.33
532,444715434,"00532M11:04:40.727","00532 11:17:46",228.65,865.77,,,,"     ",3.60,305.97,2.34
532,444715435,"00532M11:04:41.700","00532 11:17:47",228.55,865.68,,,,"     ",3.60,302.79,2.31
532,444715436,"00532M11:04:42.673","00532 11:17:48",228.49,865.73,,,,"     ",3.60,305.30,2.33
532,444715437,"00532M11:04:43.646","00532 11:17:49",228.45,865.72,,,,"     ",3.60,300.21,2.29
532,444715438,"00532M11:04:44.620","00532 11:17:50",228.44,865.78,,,,"     ",3.60,306.05,2.34
532,444715439,"00532M11:04:45.593","00532 11:17:51",228.46,865.68,,,,"     ",3.60,303.63,2.32
532,444715440,"00532M11:04:46.566","00532 11:17:52",228.50,865.76,,,,"     ",3.60,303.04,2.31
532,444715441,"00532M11:04:47.539","00532 11:17:53",228.56,865.70,,,,"     ",3.60,301.25,2.30
532,444715442,"00532M11:04:48.513","00532 11:17:54",228.63,865.75,,,,"     ",3.60,306.38,2.34
532,444715443,"00532M11:04:49.486","00532 11:17:55",228.72,865.72,,,,"     ",3.60,305.62,2.33
532,444715444,"00532M11:04:50.459","00532 11:17:56",228.81,865.77,,,,"     ",3.60,305.58,2.33
532,444715445,"00532M11:04:51.432","00532 11:17:57",228.91,865.75,,,,"     ",3.60,307.95,2.35
532,444715446,"00532M11:04:52.406","00532 11:17:58",229.02,865.75,,,,"     ",3.60,303.85,2.31
532,444715447,"00532M11:04:53.379","00532 11:17:59",229.12,865.77,,,,"     ",3.60,303.44,2.31
532,444715448,"00532M11:04:54.352","00532 11:18:00",229.22,865.64,,,,"     ",3.60,304.64,2.32
532,444715449,"00532M11:04:55.325","00532 11:18:01",229.30,865.66,,,,"     ",3.60,306.18,2.33
532,444715450,"00532M11:04:56.299","00532 11:18:02",229.37,865.70,,,,"     ",3.60,306.68,2.33
532,444715451,"00532M11:04:57.272","00532 11:18:02",229.43,865.70,,,,"     ",3.60,308.20,2.34
532,444715452,"00532M11:04:58.245","00532 11:18:03",229.47,865.65,,,,"     ",3.60,307.90,2.34
532,444715453,"00532M11:04:59.218","00532 11:18:04",229.50,865.70,,,,"     ",3.60,309.40,2.35
532,444715454,"00532M11:05:00.192","00532 11:18:05",229.52,865.66,,,,"     ",3.60,305.82,2.32
532,444715455,"00532M11:05:01.165","00532 11:18:06",229.53,865.73,,,,"     ",3.60,306.58,2.32
532,444715456,"00532M11:05:02.138","00532 11:18:07",229.54,865.72,,,,"     ",3.60,306.37,2.32
532,444715457,"00532M11:05:03.111","00532 11:18:08",229.55,865.79,,,,"     ",3.60,307.31,2.33
532,444715458,"00532M11:05:04.085","00532 11:18:09",229.57,865.74,,,,"     ",3.60,307.61,2.33
532,444715459,"00532M11:05:05.058","00532 11:18:10",229.59,865.79,,,,"     ",3.60,308.76,2.33
532,444715460,"00532M11:05:06.031","00532 11:18:11",229.62,865.73,,,,"     ",3.60,306.61,2.32
532,444715461,"00532M11:05:07.004","00532 11:18:12",229.67,865.73,,,,"     ",3.60,309.43,2.34
532,444715462,"00532M11:05:07.978","00532 11:18:13",229.72,865.69,,,,"     ",3.60,307.44,2.32
532,444715463,"00532M11:05:08.951","00532 11:18:14",229.79,865.68,,,,"     ",3.60,304.72,2.30
532,444715464,"00532M11:05:09.924","00532 11:18:15",229.85,865.66,,,,"     ",3.60,308.76,2.33
532,444715465,"00532M11:05:10.897","00532 11:18:16",229.90,865.65,,,,"     ",3.60,308.50,2.32
532,444715466,"00532M11:05:11.871","00532 11:18:17",229.94,865.67,,,,"     ",3.60,307.06,2.31
532,444715467,"00532M11:05:12.844","00532 11:18:18",229.96,865.66,,,,"     ",3.60,311.62,2.35
532,444715468,"00532M11:05:13.817","00532 11:18:19",229.96,865.72,,,,"     ",3.60,309.56,2.33
532,444715469,"00532M11:05:14.790","00532 11:18:20",229.93,865.68,,,,"     ",3.60,310.27,2.33
532,444715470,"00532M11:05:15.764","00532 11:18:21",229.89,865.69,,,,"     ",3.60,310.34,2.33
532,444715471,"00532M11:05:16.737","00532 11:18:22",229.82,865.76,,,,"     ",3.60,309.75,2.32
532,444715472,"00532M11:05:17.710","00532 11:18:23",229.74,865.73,,,,"     ",3.60,308.82,2.32
532,444715473,"00532M11:05:18.683","00532 11:18:24",229.64,865.76,,,,"     ",3.60,308.24,2.31
532,444715474,"00532M11:05:19.657","00532 11:18:25",229.54,865.76,,,,"     ",3.60,307.97,2.31
532,444715475,"00532M11:05:20.630","00532 11:18:26",229.44,865.73,,,,"     ",3.60,307.30,2.30
532,444715476,"00532M11:05:21.603","00532 11:18:27",229.34,865.71,,,,"     ",3.60,309.98,2.32
532,444715477,"00532M11:05:22.576","00532 11:18:28",229.26,865.65,,,,"     ",3.60,309.44,2.31
532,444715478,"00532M11:05:23.550","00532 11:18:29",229.20,865.71,,,,"     ",3.60,308.05,2.30
532,444715479,"00532M11:05:24.523","00532 11:18:30",229.14,865.66,,,,"     ",3.60,307.32,2.29
532,444715480,"00532M11:05:25.496","00532 11:18:31",229.08,865.70,,,,"     ",3.60,309.52,2.31
532,444715481,"00532M11:05:26.470","00532 11:18:32",229.02,865.60,,,,"     ",3.60,311.58,2.33
532,444715482,"00532M11:05:27.443","00532 11:18:33",228.96,865.54,,,,"     ",3.60,311.27,2.32
532,444715483,"00532M11:05:28.416","00532 11:18:34",228.89,865.62,,,,"     ",3.60,308.58,2.30
532,444715484,"00532M11:05:29.389","00532 11:18:35",228.82,865.55,,,,"     ",3.60,310.56,2.32
532,444715485,"00532M11:05:30.363","00532 11:18:36",228.73,865.71,,,,"     ",3.60,306.98,2.29
532,444715486,"00532M11:05:31.336","00532 11:18:37",228.64,865.63,,,,"     ",3.60,308.01,2.29
532,444715487,"00532M11:05:32.309","00532 11:18:38",228.54,865.62,,,,"     ",3.60,308.67,2.30
532,444715488,"00532M11:05:33.282","00532 11:18:38",228.43,865.60,,,,"     ",3.60,308.77,2.30
532,444715489,"00532M11:05:34.256","00532 11:18:39",228.32,865.61,,,,"     ",3.60,307.67,2.29
532,444715490,"00532M11:05:35.229","00532 11:18:40",228.20,865.60,,,,"     ",3.60,308.08,2.29
532,444715491,"00532M11:05:36.202","00532 11:18:41",228.08,865.58,,,,"     ",3.60,307.09,2.28
532,444715492,"00532M11:05:37.175","00532 11:18:42",227.97,865.61,,,,"     ",3.60,308.38,2.29
532,444715493,"00532M11:05:38.149","00532 11:18:43",227.86,865.70,,,,"     ",3.60,308.54,2.29
532,444715494,"00532M11:05:39.122","00532 11:18:44",227.76,865.64,,,,"     ",3.60,307.36,2.28
532,444715495,"00532M11:05:40.095","00532 11:18:45",227.67,865.65,,,,"     ",3.60,308.00,2.29
532,444715496,"00532M11:05:41.068","00532 11:18:46",227.58,865.59,,,,"     ",3.60,307.38,2.28
532,444715497,"00532M11:05:42.042","00532 11:18:47",227.49,865.63,,,,"     ",3.60,309.24,2.30
532,444715498,"00532M11:05:43.015","00532 11:18:48",226.05,865.59,,,,"     ",3.60,308.41,2.29
532,444715499,"00532M11:05:43.988","00532 11:18:49",225.97,865.55,,,,"     ",3.60,307.08,2.28
532,444715500,"00532M11:05:44.961","00532 11:18:50",225.89,865.58,,,,"     ",3.60,309.53,2.30
532,444715501,"00532M11:05:45.935","00532 11:18:51",225.82,865.60,,,,"     ",3.60,306.80,2.28
532,444715502,"00532M11:05:46.908","00532 11:18:52",225.76,865.53,,,,"     ",3.60,306.47,2.27
532,444715503,"00532M11:05:47.881","00532 11:18:53",225.69,865.63,,,,"     ",3.60,305.19,2.26
532,444715504,"00532M11:05:48.854","00532 11:18:54",225.64,865.65,,,,"     ",3.60,309.62,2.30
532,444715505,"00532M11:05:49.828","00532 11:18:55",225.59,865.65,,,,"     ",3.60,307.06,2.28
532,444715506,"00532M11:05:50.801","00532 11:18:56",225.54,865.69,,,,"     ",3.60,309.91,2.30
532,444718888,"00532M12:00:42.344","00532 12:13:48",230.54,857.83,,,96.07,"  101100",3.60,,
532,444718889,"00532M12:00:43.317","00532 12:13:49",230.54,857.78,,,,"     ",3.60,443.75,1.98
532,444718890,"00532M12:00:44.291","00532 12:13:50",230.54,857.82,,,,"     ",3.60,444.09,1.98
532,444718891,"00532M12:00:45.264","00532 12:13:51",230.54,857.76,,,,"     ",3.60,442.64,1.97
532,444718892,"00532M12:00:46.237","00532 12:13:52",230.54,857.70,,,,"     ",3.60,439.89,1.95
532,444718893,"00532M12:00:47.210","00532 12:13:53",230.54,857.72,,,,"     ",3.60,445.12,1.97
532,444718894,"00532M12:00:48.184","00532 12:13:54",230.53,857.76,,,,"     ",3.60,444.91,1.96
532,444718895,"00532M12:00:49.157","00532 12:13:55",230.53,857.75,,,,"     ",3.60,444.90,1.96
532,444718896,"00532M12:00:50.130","00532 12:13:56",230.52,857.81,,,,"     ",3.60,445.98,1.96
532,444718897,"00532M12:00:51.103","00532 12:13:57",230.52,857.78,,,,"     ",3.60,446.05,1.95
532,444718898,"00532M12:00:52.077","00532 12:13:58",230.51,857.73,,,,"     ",3.60,447.75,1.95
532,444718899,"00532M12:00:53.050","00532 12:13:59",230.51,857.79,,,,"     ",3.60,447.77,1.95
532,444718900,"00532M12:00:54.023","00532 12:14:00",230.49,857.66,,,,"     ",3.60,448.38,1.95
532,444718901,"00532M12:00:54.996","00532 12:14:01",230.47,857.70,,,,"     ",3.60,450.56,1.95
532,444718902,"00532M12:00:55.970","00532 12:14:02",230.45,857.70,,,,"     ",3.60,450.78,1.95
532,444718903,"00532M12:00:56.943","00532 12:14:03",230.43,857.77,,,,"     ",3.60,449.68,1.94
532,444718904,"00532M12:00:57.916","00532 12:14:04",230.41,857.67,,,,"     ",3.60,450.70,1.94
532,444718905,"00532M12:00:58.889","00532 12:14:04",230.39,857.70,,,,"     ",3.60,452.35,1.94
532,444718906,"00532M12:00:59.863","00532 12:14:05",230.37,857.69,,,,"     ",3.60,456.87,1.96
532,444718907,"00532M12:01:00.836","00532 12:14:06",230.36,857.75,,,,"     ",3.60,456.29,1.95
532,444718908,"00532M12:01:01.809","00532 12:14:07",230.35,857.68,,,,"     ",3.60,455.56,1.94
532,444718909,"00532M12:01:02.782","00532 12:14:08",230.35,857.74,,,,"     ",3.60,454.30,1.94
532,444718910,"00532M12:01:03.756","00532 12:14:09",230.36,857.70,,,,"     ",3.60,457.26,1.94
532,444718911,"00532M12:01:04.729","00532 12:14:10",230.38,857.71,,,,"     ",3.60,453.31,1.92
532,444718912,"00532M12:01:05.702","00532 12:14:11",230.40,857.69,,,,"     ",3.60,460.38,1.95
532,444718913,"00532M12:01:06.675","00532 12:14:12",230.42,857.67,,,,"     ",3.60,459.29,1.94
532,444718914,"00532M12:01:07.649","00532 12:14:13",230.44,857.65,,,,"     ",3.60,457.28,1.93
532,444718915,"00532M12:01:08.622","00532 12:14:14",230.44,857.61,,,,"     ",3.60,458.92,1.93
532,444718916,"00532M12:01:09.595","00532 12:14:15",230.45,857.69,,,,"     ",3.60,460.02,1.93
532,444718917,"00532M12:01:10.568","00532 12:14:16",230.45,857.68,,,,"     ",3.60,460.35,1.93
532,444718918,"00532M12:01:11.542","00532 12:14:17",230.43,857.70,,,,"     ",3.60,460.60,1.93
532,444718919,"00532M12:01:12.515","00532 12:14:18",230.41,857.57,,,,"     ",3.60,463.27,1.94
532,444718920,"00532M12:01:13.488","00532 12:14:19",230.39,857.66,,,,"     ",3.60,461.60,1.93
532,444718921,"00532M12:01:14.461","00532 12:14:20",230.37,857.75,,,,"     ",3.60,460.53,1.92
532,444718922,"00532M12:01:15.435","00532 12:14:21",230.35,857.70,,,,"     ",3.60,467.46,1.95
532,444718923,"00532M12:01:16.408","00532 12:14:22",230.35,857.69,,,,"     ",3.60,465.77,1.93
532,444718924,"00532M12:01:17.381","00532 12:14:23",230.35,857.62,,,,"     ",3.60,464.31,1.93
532,444718925,"00532M12:01:18.355","00532 12:14:24",230.37,857.67,,,,"     ",3.60,464.58,1.92
532,444718926,"00532M12:01:19.328","00532 12:14:25",230.40,857.69,,,,"     ",3.60,466.55,1.93
532,444718927,"00532M12:01:20.301","00532 12:14:26",230.44,857.67,,,,"     ",3.60,466.54,1.92
532,444718928,"00532M12:01:21.274","00532 12:14:27",230.48,857.59,,,,"     ",3.60,468.18,1.93
532,444718929,"00532M12:01:22.248","00532 12:14:28",230.53,857.65,,,,"     ",3.60,470.65,1.94
532,444718930,"00532M12:01:23.221","00532 12:14:29",230.57,857.68,,,,"     ",3.60,470.05,1.93
532,444718931,"00532M12:01:24.194","00532 12:14:30",230.62,857.73,,,,"     ",3.60,473.48,1.94
532,444718932,"00532M12:01:25.167","00532 12:14:31",230.66,857.78,,,,"     ",3.60,470.97,1.93
532,444718933,"00532M12:01:26.141","00532 12:14:32",230.72,857.75,,,,"     ",3.60,473.52,1.94
532,444718934,"00532M12:01:27.114","00532 12:14:33",230.77,857.75,,,,"     ",3.60,469.55,1.92
532,444718935,"00532M12:01:28.087","00532 12:14:34",230.84,857.68,,,,"     ",3.60,473.55,1.93
532,444718936,"00532M12:01:29.060","00532 12:14:35",230.90,857.65,,,,"     ",3.60,468.49,1.91
532,444718937,"00532M12:01:30.034","00532 12:14:36",230.98,857.60,,,,"     ",3.60,475.21,1.93
532,444718938,"00532M12:01:31.007","00532 12:14:37",231.06,857.66,,,,"     ",3.60,473.10,1.92
532,444718939,"00532M12:01:31.980","00532 12:14:38",231.15,857.67,,,,"     ",3.60,471.54,1.91
532,444718940,"00532M12:01:32.953","00532 12:14:39",231.24,857.71,,,,"     ",3.60,476.08,1.93
532,444718941,"00532M12:01:33.927","00532 12:14:40",231.33,857.77,,,,"     ",3.60,475.63,1.93
532,444718942,"00532M12:01:34.900","00532 12:14:40",231.42,857.66,,,,"     ",3.60,478.17,1.93
532,444718943,"00532M12:01:35.873","00532 12:14:41",231.51,857.66,,,,"     ",3.60,474.17,1.91
532,444718944,"00532M12:01:36.846","00532 12:14:42",231.59,857.64,,,,"     ",3.60,474.53,1.91
532,444718945,"00532M12:01:37.820","00532 12:14:43",231.66,857.65,,,,"     ",3.60,471.47,1.90
532,444718946,"00532M12:01:38.793","00532 12:14:44",231.69,857.58,,,,"     ",3.60,476.90,1.92
532,444718947,"00532M12:01:39.766","00532 12:14:45",231.70,857.55,,,,"     ",3.60,477.62,1.92
532,444718948,"00532M12:01:40.739","00532 12:14:46",231.67,857.60,,,,"     ",3.60,477.89,1.92
532,444718949,"00532M12:01:41.713","00532 12:14:47",231.61,857.65,,,,"     ",3.60,483.08,1.94
532,444718950,"00532M12:01:42.686","00532 12:14:48",231.54,857.53,,,,"     ",3.60,481.06,1.92
532,444718951,"00532M12:01:43.659","00532 12:14:49",231.46,857.63,,,,"     ",3.60,475.34,1.90
532,444718952,"00532M12:01:44.632","00532 12:14:50",231.36,857.59,,,,"     ",3.60,481.95,1.92
532,444718953,"00532M12:01:45.606","00532 12:14:51",231.26,857.51,,,,"     ",3.60,480.77,1.92
532,444718954,"00532M12:01:46.579","00532 12:14:52",231.15,857.59,,,,"     ",3.60,479.80,1.91
532,444718955,"00532M12:01:47.552","00532 12:14:53",231.05,857.56,,,,"     ",3.60,477.97,1.90
532,444718956,"00532M12:01:48.525","00532 12:14:54",230.95,857.58,,,,"     ",3.60,482.38,1.92
532,444718957,"00532M12:01:49.499","00532 12:14:55",230.85,857.54,,,,"     ",3.60,480.47,1.91
532,444718958,"00532M12:01:50.472","00532 12:14:56",230.76,857.65,,,,"     ",3.60,482.63,1.91
532,444718959,"00532M12:01:51.445","00532 12:14:57",230.70,857.59,,,,"     ",3.60,484.53,1.92
532,444718960,"00532M12:01:52.418","00532 12:14:58",230.64,857.66,,,,"     ",3.60,479.78,1.90
532,444718961,"00532M12:01:53.392","00532 12:14:59",230.61,857.65,,,,"     ",3.60,483.76,1.91
532,444718962,"00532M12:01:54.365","00532 12:15:00",230.60,857.61,,,,"     ",3.60,480.05,1.90
532,444718963,"00532M12:01:55.338","00532 12:15:01",230.60,857.53,,,,"     ",3.60,483.15,1.91
532,444718964,"00532M12:01:56.311","00532 12:15:02",230.62,857.60,,,,"     ",3.60,480.72,1.89
532,444718965,"00532M12:01:57.285","00532 12:15:03",230.64,857.56,,,,"     ",3.60,480.06,1.89
532,444718966,"00532M12:01:58.258","00532 12:15:04",230.67,857.59,,,,"     ",3.60,486.45,1.92
532,444718967,"00532M12:01:59.231","00532 12:15:05",230.71,857.52,,,,"     ",3.60,483.47,1.90
532,444718968,"00532M12:02:00.204","00532 12:15:06",230.75,857.62,,,,"     ",3.60,485.37,1.91
532,444718969,"00532M12:02:01.178","00532 12:15:07",230.78,857.54,,,,"     ",3.60,484.40,1.90
532,444718970,"00532M12:02:02.151","00532 12:15:08",230.82,857.57,,,,"     ",3.60,486.45,1.91
532,444718971,"00532M12:02:03.124","00532 12:15:09",230.85,857.59,,,,"     ",3.60,483.10,1.89
532,444718972,"00532M12:02:04.097","00532 12:15:10",230.88,857.58,,,,"     ",3.60,487.44,1.91
532,444718973,"00532M12:02:05.071","00532 12:15:11",230.93,857.53,,,,"     ",3.60,486.68,1.91
532,444718974,"00532M12:02:06.044","00532 12:15:12",230.97,857.61,,,,"     ",3.60,480.88,1.88
532,444718975,"00532M12:02:07.017","00532 12:15:13",231.04,857.60,,,,"     ",3.60,485.64,1.90
532,444718976,"00532M12:02:07.990","00532 12:15:14",231.10,857.58,,,,"     ",3.60,485.86,1.90
532,444718977,"00532M12:02:08.964","00532 12:15:15",231.15,857.62,,,,"     ",3.60,490.65,1.92
532,444718978,"00532M12:02:09.937","00532 12:15:16",231.21,857.56,,,,"     ",3.60,490.00,1.91
532,444718979,"00532M12:02:10.910","00532 12:15:17",231.25,857.58,,,,"     ",3.60,488.69,1.91
532,444718980,"00532M12:02:11.883","00532 12:15:17",231.29,857.57,,,,"     ",3.60,490.97,1.91
532,444718981,"00532M12:02:12.857","00532 12:15:18",231.31,857.46,,,,"     ",3.60,493.96,1.92
532,444718982,"00532M12:02:13.830","00532 12:15:19",231.36,857.57,,,,"     ",3.60,490.09,1.91
532,444718983,"00532M12:02:14.803","00532 12:15:20",231.38,857.53,,,,"     ",3.60,494.65,1.92
532,444718984,"00532M12:02:15.776","00532 12:15:21",231.42,857.57,,,,"     ",3.60,493.13,1.92
532,444718985,"00532M12:02:16.750","00532 12:15:22",231.45,857.65,,,,"     ",3.60,495.29,1.92
532,444718986,"00532M12:02:17.723","00532 12:15:23",231.47,857.57,,,,"     ",3.60,491.44,1.91
532,444718987,"00532M12:02:18.696","00532 12:15:24",231.48,857.56,,,,"     ",3.60,500.76,1.94
532,444718988,"00532M12:02:19.669","00532 12:15:25",231.51,857.60,,,,"     ",3.60,495.34,1.92
532,444718989,"00532M12:02:20.643","00532 12:15:26",231.53,857.61,,,,"     ",3.60,494.87,1.92
532,444718990,"00532M12:02:21.616","00532 12:15:27",231.56,857.54,,,,"     ",3.60,494.86,1.91
532,444718991,"00532M12:02:22.589","00532 12:15:28",231.60,857.55,,,,"     ",3.60,494.89,1.91
532,444718992,"00532M12:02:23.562","00532 12:15:29",231.65,857.45,,,,"     ",3.60,494.22,1.91
532,444718993,"00532M12:02:24.536","00532 12:15:30",231.70,857.54,,,,"     ",3.60,495.54,1.91
532,444718994,"00532M12:02:25.509","00532 12:15:31",231.74,857.49,,,,"     ",3.60,495.49,1.91
532,444718995,"00532M12:02:26.482","00532 12:15:32",231.76,857.53,,,,"     ",3.60,500.07,1.93
532,444718996,"00532M12:02:27.455","00532 12:15:33",231.75,857.55,,,,"     ",3.60,499.11,1.92
532,444718997,"00532M12:02:28.429","00532 12:15:34",231.72,857.57,,,,"     ",3.60,499.20,1.92
532,444718998,"00532M12:02:29.402","00532 12:15:35",231.68,857.53,,,,"     ",3.60,501.89,1.93
532,444718999,"00532M12:02:30.375","00532 12:15:36",231.63,857.51,,,,"     ",3.60,496.97,1.91
532,444719000,"00532M12:02:31.349","00532 12:15:37",231.58,857.50,,,,"     ",3.60,500.60,1.92
532,444719001,"00532M12:02:32.322","00532 12:15:38",231.55,857.50,,,,"     ",3.60,498.54,1.91
532,444719002,"00532M12:02:33.295","00532 12:15:39",231.54,857.56,,,,"     ",3.60,498.09,1.91
532,444719003,"00532M12:02:34.268","00532 12:15:40",231.54,857.53,,,,"     ",3.60,501.66,1.92
532,444719004,"00532M12:02:35.242","00532 12:15:41",231.57,857.55,,,,"     ",3.60,502.55,1.92
532,444719005,"00532M12:02:36.215","00532 12:15:42",231.61,857.52,,,,"     ",3.60,496.43,1.90
532,444719006,"00532M12:02:37.188","00532 12:15:43",231.67,857.56,,,,"     ",3.60,500.93,1.91
532,444719007,"00532M12:02:38.161","00532 12:15:44",231.73,857.49,,,,"     ",3.60,503.04,1.92
532,444719008,"00532M12:02:39.135","00532 12:15:45",231.79,857.51,,,,"     ",3.60,498.68,1.90
532,444719009,"00532M12:02:40.108","00532 12:15:46",231.83,857.55,,,,"     ",3.60,505.98,1.93
532,444719010,"00532M12:02:41.081","00532 12:15:47",231.87,857.49,,,,"     ",3.60,505.15,1.92
532,444719011,"00532M12:02:42.054","00532 12:15:48",231.88,857.46,,,,"     ",3.60,503.71,1.92
532,444719012,"00532M12:02:43.028","00532 12:15:49",231.89,857.50,,,,"     ",3.60,501.85,1.91
532,444719013,"00532M12:02:44.001","00532 12:15:50",231.88,857.45,,,,"     ",3.60,506.30,1.92
532,444719014,"00532M12:02:44.974","00532 12:15:51",231.86,857.50,,,,"     ",3.60,504.50,1.92
532,444719015,"00532M12:02:45.947","00532 12:15:52",231.85,857.51,,,,"     ",3.60,504.13,1.91
532,444719016,"00532M12:02:46.921","00532 12:15:53",231.83,857.53,,,,"     ",3.60,504.75,1.91
532,444719017,"00532M12:02:47.894","00532 12:15:53",231.83,857.53,,,,"     ",3.60,502.14,1.90
532,444719018,"00532M12:02:48.867","00532 12:15:54",231.84,857.50,,,,"     ",3.60,501.17,1.90
532,444719019,"00532M12:02:49.840","00532 12:15:55",231.88,857.50,,,,"     ",3.60,504.84,1.91
532,444719020,"00532M12:02:50.814","00532 12:15:56",231.94,857.48,,,,"     ",3.60,504.98,1.91
532,444719021,"00532M12:02:51.787","00532 12:15:57",232.02,857.43,,,,"     ",3.60,506.98,1.91
532,444719022,"00532M12:02:52.760","00532 12:15:58",232.12,857.43,,,,"     ",3.60,502.17,1.89
532,444719023,"00532M12:02:53.733","00532 12:15:59",232.23,857.41,,,,"     ",3.60,504.35,1.90
532,444719024,"00532M12:02:54.707","00532 12:16:00",232.34,857.44,,,,"     ",3.60,505.68,1.91
532,444719025,"00532M12:02:55.680","00532 12:16:01",232.46,857.44,,,,"     ",3.60,511.29,1.93
532,444719026,"00532M12:02:56.653","00532 12:16:02",232.57,857.52,,,,"     ",3.60,512.22,1.93
532,444719027,"00532M12:02:57.626","00532 12:16:03",232.67,857.48,,,,"     ",3.60,506.65,1.91
532,444719028,"00532M12:02:58.600","00532 12:16:04",232.77,857.43,,,,"     ",3.60,506.08,1.90
532,444719029,"00532M12:02:59.573","00532 12:16:05",232.85,857.45,,,,"     ",3.60,503.42,1.89
532,444719030,"00532M12:03:00.546","00532 12:16:06",232.92,857.47,,,,"     ",3.60,502.20,1.88
532,444719031,"00532M12:03:01.519","00532 12:16:07",232.97,857.44,,,,"     ",3.60,505.18,1.89
532,444719032,"00532M12:03:02.493","00532 12:16:08",233.00,857.41,,,,"     ",3.60,513.60,1.93
532,444719033,"00532M12:03:03.466","00532 12:16:09",233.01,857.50,,,,"     ",3.60,511.21,1.91
532,444719034,"00532M12:03:04.439","00532 12:16:10",233.01,857.49,,,,"     ",3.60,509.34,1.90
532,444719035,"00532M12:03:05.412","00532 12:16:11",232.99,857.50,,,,"     ",3.60,509.67,1.91
532,444719036,"00532M12:03:06.386","00532 12:16:12",232.97,857.49,,,,"     ",3.60,509.23,1.90
532,444719037,"00532M12:03:07.359","00532 12:16:13",232.94,857.54,,,,"     ",3.60,512.75,1.91
532,444719038,"00532M12:03:08.332","00532 12:16:14",232.91,857.45,,,,"     ",3.60,510.51,1.90
532,444719039,"00532M12:03:09.305","00532 12:16:15",232.88,857.53,,,,"     ",3.60,511.39,1.91
532,444719040,"00532M12:03:10.279","00532 12:16:16",232.86,857.45,,,,"     ",3.60,512.31,1.91
532,444719041,"00532M12:03:11.252","00532 12:16:17",232.86,857.39,,,,"     ",3.60,517.29,1.92
532,444719042,"00532M12:03:12.225","00532 12:16:18",232.87,857.46,,,,"     ",3.60,511.71,1.90
532,444719043,"00532M12:03:13.198","00532 12:16:19",232.90,857.43,,,,"     ",3.60,513.01,1.91
532,444719044,"00532M12:03:14.172","00532 12:16:20",232.94,857.42,,,,"     ",3.60,515.57,1.91
532,444719045,"00532M12:03:15.145","00532 12:16:21",233.00,857.35,,,,"     ",3.60,515.93,1.91
532,444719046,"00532M12:03:16.118","00532 12:16:22",233.07,857.26,,,,"     ",3.60,517.45,1.92
532,444719047,"00532M12:03:17.091","00532 12:16:23",233.14,857.33,,,,"     ",3.60,513.42,1.90
532,444719048,"00532M12:03:18.065","00532 12:16:24",233.22,857.35,,,,"     ",3.60,516.69,1.91
532,444719049,"00532M12:03:19.038","00532 12:16:25",233.29,857.30,,,,"     ",3.60,514.78,1.90
532,444719050,"00532M12:03:20.011","00532 12:16:26",233.36,857.27,,,,"     ",3.60,515.51,1.90
532,444719051,"00532M12:03:20.984","00532 12:16:27",233.44,857.40,,,,"     ",3.60,509.36,1.88
532,444719052,"00532M12:03:21.958","00532 12:16:28",233.51,857.35,,,,"     ",3.60,519.86,1.92
532,444719053,"00532M12:03:22.931","00532 12:16:29",233.59,857.33,,,,"     ",3.60,509.38,1.88
532,444719054,"00532M12:03:23.904","00532 12:16:30",233.67,857.36,,,,"     ",3.60,515.54,1.90
532,444719055,"00532M12:03:24.877","00532 12:16:30",233.75,857.40,,,,"     ",3.60,517.06,1.90
532,444719056,"00532M12:03:25.851","00532 12:16:31",233.82,857.40,,,,"     ",3.60,516.87,1.90
532,444719057,"00532M12:03:26.824","00532 12:16:32",233.87,857.38,,,,"     ",3.60,516.45,1.90
532,444719058,"00532M12:03:27.797","00532 12:16:33",233.93,857.41,,,,"     ",3.60,518.66,1.90
532,444719059,"00532M12:03:28.770","00532 12:16:34",233.97,857.30,,,,"     ",3.60,522.12,1.92
532,444719060,"00532M12:03:29.744","00532 12:16:35",234.02,857.28,,,,"     ",3.60,518.64,1.90
532,444719061,"00532M12:03:30.717","00532 12:16:36",234.06,857.33,,,,"     ",3.60,514.32,1.88
532,444719062,"00532M12:03:31.690","00532 12:16:37",234.10,857.29,,,,"     ",3.60,521.33,1.91
532,444719063,"00532M12:03:32.663","00532 12:16:38",234.13,857.33,,,,"     ",3.60,520.70,1.91
532,444719064,"00532M12:03:33.637","00532 12:16:39",234.17,857.36,,,,"     ",3.60,521.92,1.91
532,444719065,"00532M12:03:34.610","00532 12:16:40",234.21,857.37,,,,"     ",3.60,518.33,1.89
532,444719066,"00532M12:03:35.583","00532 12:16:41",234.25,857.30,,,,"     ",3.60,520.13,1.90
532,444719067,"00532M12:03:36.556","00532 12:16:42",234.29,857.36,,,,"     ",3.60,514.56,1.88
532,444719068,"00532M12:03:37.530","00532 12:16:43",234.32,857.33,,,,"     ",3.60,516.48,1.88
532,444719069,"00532M12:03:38.503","00532 12:16:44",234.34,857.25,,,,"     ",3.60,524.41,1.91
532,444719070,"00532M12:03:39.476","00532 12:16:45",234.35,857.32,,,,"     ",3.60,518.97,1.89
532,444719071,"00532M12:03:40.450","00532 12:16:46",234.36,857.29,,,,"     ",3.60,522.37,1.90
532,444719072,"00532M12:03:41.423","00532 12:16:47",234.35,857.42,,,,"     ",3.60,516.48,1.88
532,444719073,"00532M12:03:42.396","00532 12:16:48",234.35,857.34,,,,"     ",3.60,521.31,1.89
532,444719074,"00532M12:03:43.369","00532 12:16:49",234.34,857.40,,,,"     ",3.60,517.50,1.88
532,444719075,"00532M12:03:44.343","00532 12:16:50",234.34,857.35,,,,"     ",3.60,520.60,1.89
532,444719076,"00532M12:03:45.316","00532 12:16:51",234.34,857.40,,,,"     ",3.60,517.54,1.88
532,444719077,"00532M12:03:46.289","00532 12:16:52",234.35,857.36,,,,"     ",3.60,519.64,1.88
532,444719078,"00532M12:03:47.262","00532 12:16:53",234.38,857.39,,,,"     ",3.60,521.96,1.89
532,444719079,"00532M12:03:48.236","00532 12:16:54",234.43,857.42,,,,"     ",3.60,524.34,1.90
532,444719080,"00532M12:03:49.209","00532 12:16:55",234.49,857.42,,,,"     ",3.60,523.37,1.89
532,444719081,"00532M12:03:50.182","00532 12:16:56",234.58,857.32,,,,"     ",3.60,529.14,1.91
532,444719082,"00532M12:03:51.155","00532 12:16:57",234.67,857.30,,,,"     ",3.60,523.14,1.89
532,444719083,"00532M12:03:52.129","00532 12:16:58",234.78,857.29,,,,"     ",3.60,521.96,1.88
532,444719084,"00532M12:03:53.102","00532 12:16:59",234.89,857.27,,,,"     ",3.60,525.59,1.90
532,444719085,"00532M12:03:54.075","00532 12:17:00",234.99,857.33,,,,"     ",3.60,523.58,1.89
532,444719086,"00532M12:03:55.048","00532 12:17:01",235.09,857.28,,,,"     ",3.60,522.19,1.88
532,444719087,"00532M12:03:56.022","00532 12:17:02",235.17,857.29,,,,"     ",3.60,523.29,1.88
532,444719088,"00532M12:03:56.995","00532 12:17:03",235.24,857.23,,,,"     ",3.60,524.11,1.88
532,444719089,"00532M12:03:57.968","00532 12:17:04",235.31,857.23,,,,"     ",3.60,529.83,1.90
532,444719090,"00532M12:03:58.941","00532 12:17:05",235.36,857.20,,,,"     ",3.60,524.56,1.88
532,444719091,"00532M12:03:59.915","00532 12:17:06",235.41,857.26,,,,"     ",3.60,528.25,1.89
532,444719092,"00532M12:04:00.888","00532 12:17:06",235.45,857.17,,,,"     ",3.60,523.93,1.88
532,444719093,"00532M12:04:01.861","00532 12:17:07",235.48,857.22,,,,"     ",3.60,525.97,1.88
532,444719094,"00532M12:04:02.834","00532 12:17:08",235.53,857.16,,,,"     ",3.60,529.17,1.89
532,444719095,"00532M12:04:03.808","00532 12:17:09",235.58,857.19,,,,"     ",3.60,526.27,1.88
532,444719096,"00532M12:04:04.781","00532 12:17:10",235.64,857.23,,,,"     ",3.60,530.34,1.90
532,444719097,"00532M12:04:05.754","00532 12:17:11",235.69,857.35,,,,"     ",3.60,528.57,1.89
532,444719098,"00532M12:04:06.727","00532 12:17:12",235.75,857.37,,,,"     ",3.60,524.23,1.87
532,444719099,"00532M12:04:07.701","00532 12:17:13",235.81,857.29,,,,"     ",3.60,530.45,1.89
532,444719100,"00532M12:04:08.674","00532 12:17:14",235.86,857.25,,,,"     ",3.60,527.91,1.88
532,444719101,"00532M12:04:09.647","00532 12:17:15",235.91,857.22,,,,"     ",3.60,530.39,1.89
532,444719102,"00532M12:04:10.620","00532 12:17:16",235.96,857.21,,,,"     ",3.60,527.23,1.88
532,444719103,"00532M12:04:11.594","00532 12:17:17",236.00,857.23,,,,"     ",3.60,531.42,1.89
532,444719104,"00532M12:04:12.567","00532 12:17:18",236.04,857.19,,,,"     ",3.60,532.77,1.89
532,444719105,"00532M12:04:13.540","00532 12:17:19",236.07,857.24,,,,"     ",3.60,525.46,1.86
532,444719106,"00532M12:04:14.513","00532 12:17:20",236.09,857.22,,,,"     ",3.60,531.43,1.88
532,444719107,"00532M12:04:15.487","00532 12:17:21",236.10,857.14,,,,"     ",3.60,530.88,1.88
532,444719108,"00532M12:04:16.460","00532 12:17:22",236.12,857.19,,,,"     ",3.60,528.60,1.87
532,444719109,"00532M12:04:17.433","00532 12:17:23",236.14,857.25,,,,"     ",3.60,532.12,1.88
532,444719110,"00532M12:04:18.406","00532 12:17:24",236.15,857.22,,,,"     ",3.60,531.51,1.88
532,444719111,"00532M12:04:19.380","00532 12:17:25",236.16,857.26,,,,"     ",3.60,534.15,1.89
532,444719112,"00532M12:04:20.353","00532 12:17:26",236.18,857.28,,,,"     ",3.60,529.29,1.87
532,444719113,"00532M12:04:21.326","00532 12:17:27",236.21,857.24,,,,"     ",3.60,533.46,1.88
532,444719114,"00532M12:04:22.299","00532 12:17:28",236.24,857.18,,,,"     ",3.60,531.21,1.87
532,444719115,"00532M12:04:23.273","00532 12:17:29",236.28,857.18,,,,"     ",3.60,535.72,1.89
532,444719116,"00532M12:04:24.246","00532 12:17:30",236.32,857.19,,,,"     ",3.60,533.12,1.88
532,444719117,"00532M12:04:25.219","00532 12:17:31",236.37,857.23,,,,"     ",3.60,527.47,1.85
532,444719118,"00532M12:04:26.192","00532 12:17:32",236.42,857.26,,,,"     ",3.60,530.21,1.86
532,444719119,"00532M12:04:27.166","00532 12:17:33",236.46,857.22,,,,"     ",3.60,531.51,1.87
532,444719120,"00532M12:04:28.139","00532 12:17:34",236.50,857.23,,,,"     ",3.60,534.09,1.88
532,444719121,"00532M12:04:29.112","00532 12:17:35",236.54,857.17,,,,"     ",3.60,530.92,1.86
532,444719122,"00532M12:04:30.085","00532 12:17:36",236.56,857.20,,,,"     ",3.60,529.14,1.85
532,444719123,"00532M12:04:31.059","00532 12:17:37",236.59,857.14,,,,"     ",3.60,534.04,1.87
532,444719124,"00532M12:04:32.032","00532 12:17:38",236.62,857.13,,,,"     ",3.60,530.53,1.86
532,444719125,"00532M12:04:33.005","00532 12:17:39",236.66,857.16,,,,"     ",3.60,535.20,1.87
532,444719126,"00532M12:04:33.978","00532 12:17:40",236.72,857.18,,,,"     ",3.60,523.78,1.83
532,444719127,"00532M12:04:34.952","00532 12:17:41",236.77,857.15,,,,"     ",3.60,529.16,1.85
532,444719128,"00532M12:04:35.925","00532 12:17:42",236.83,857.16,,,,"     ",3.60,530.49,1.85
532,444719129,"00532M12:04:36.898","00532 12:17:43",236.89,857.27,,,,"     ",3.60,535.43,1.87
532,444719130,"00532M12:04:37.871","00532 12:17:43",236.95,857.18,,,,"     ",3.60,528.60,1.84
532,444719131,"00532M12:04:38.845","00532 12:17:44",237.01,857.13,,,,"     ",3.60,534.37,1.86
532,444719132,"00532M12:04:39.818","00532 12:17:45",237.07,857.18,,,,"     ",3.60,530.65,1.85
532,444719133,"00532M12:04:40.791","00532 12:17:46",237.15,857.19,,,,"     ",3.60,527.16,1.83
532,444719134,"00532M12:04:41.764","00532 12:17:47",237.22,857.28,,,,"     ",3.60,535.81,1.86
532,444719135,"00532M12:04:42.738","00532 12:17:48",237.29,857.26,,,,"     ",3.60,533.24,1.85
532,444719136,"00532M12:04:43.711","00532 12:17:49",237.33,857.32,,,,"     ",3.60,532.20,1.85
532,444719137,"00532M12:04:44.684","00532 12:17:50",237.34,857.23,,,,"     ",3.60,534.79,1.86
532,444719138,"00532M12:04:45.657","00532 12:17:51",237.33,857.23,,,,"     ",3.60,532.41,1.84
532,444719139,"00532M12:04:46.631","00532 12:17:52",237.29,857.27,,,,"     ",3.60,530.52,1.84
532,444719140,"00532M12:04:47.604","00532 12:17:53",237.23,857.26,,,,"     ",3.60,534.27,1.85
532,444719141,"00532M12:04:48.577","00532 12:17:54",237.16,857.27,,,,"     ",3.60,532.36,1.84
532,444719142,"00532M12:04:49.551","00532 12:17:55",237.10,857.19,,,,"     ",3.60,530.88,1.83
532,444719143,"00532M12:04:50.524","00532 12:17:56",237.04,857.22,,,,"     ",3.60,529.82,1.83
532,444719144,"00532M12:04:51.497","00532 12:17:57",236.97,857.15,,,,"     ",3.60,531.40,1.83
532,444719145,"00532M12:04:52.470","00532 12:17:58",236.92,857.16,,,,"     ",3.60,532.22,1.83
532,444719146,"00532M12:04:53.444","00532 12:17:59",236.86,857.10,,,,"     ",3.60,533.12,1.84
532,444719147,"00532M12:04:54.417","00532 12:18:00",236.80,857.16,,,,"     ",3.60,530.69,1.83
532,444719148,"00532M12:04:55.390","00532 12:18:01",236.74,857.16,,,,"     ",3.60,534.79,1.84
532,444719149,"00532M12:04:56.363","00532 12:18:02",236.69,857.17,,,,"     ",3.60,533.52,1.84
532,444719150,"00532M12:04:57.337","00532 12:18:03",236.65,857.18,,,,"     ",3.60,541.00,1.86
532,444719151,"00532M12:04:58.310","00532 12:18:04",236.63,857.18,,,,"     ",3.60,532.34,1.83
532,444719152,"00532M12:04:59.283","00532 12:18:05",236.61,857.19,,,,"     ",3.60,539.06,1.85
532,444719153,"00532M12:05:00.256","00532 12:18:06",236.60,857.12,,,,"     ",3.60,539.27,1.85
532,444719154,"00532M12:05:01.230","00532 12:18:07",236.57,857.17,,,,"     ",3.60,541.13,1.86
532,444719155,"00532M12:05:02.203","00532 12:18:08",236.55,857.14,,,,"     ",3.60,540.13,1.85
532,444719156,"00532M12:05:03.176","00532 12:18:09",236.53,857.16,,,,"     ",3.60,537.00,1.84
532,444719157,"00532M12:05:04.149","00532 12:18:10",236.51,857.18,,,,"     ",3.60,540.74,1.85
532,444719158,"00532M12:05:05.123","00532 12:18:11",236.50,857.20,,,,"     ",3.60,538.99,1.84
532,444719159,"00532M12:05:06.096","00532 12:18:12",236.51,857.11,,,,"     ",3.60,541.56,1.85
532,444719160,"00532M12:05:07.069","00532 12:18:13",236.53,857.18,,,,"     ",3.60,539.29,1.84
532,444719161,"00532M12:05:08.042","00532 12:18:14",236.56,857.29,,,,"     ",3.60,539.23,1.84
532,444719162,"00532M12:05:09.016","00532 12:18:15",236.60,857.14,,,,"     ",3.60,545.37,1.86
532,444719163,"00532M12:05:09.989","00532 12:18:16",236.64,857.22,,,,"     ",3.60,541.14,1.85
532,444719164,"00532M12:05:10.962","00532 12:18:17",236.68,857.20,,,,"     ",3.60,542.80,1.85
532,444719165,"00532M12:05:11.935","00532 12:18:18",236.71,857.16,,,,"     ",3.60,546.75,1.86
532,444719166,"00532M12:05:12.909","00532 12:18:19",236.75,857.12,,,,"     ",3.60,539.69,1.84
532,444719167,"00532M12:05:13.882","00532 12:18:20",236.78,857.08,,,,"     ",3.60,546.25,1.86
532,444719168,"00532M12:05:14.855","00532 12:18:20",236.80,857.09,,,,"     ",3.60,539.40,1.83
532,444719169,"00532M12:05:15.828","00532 12:18:21",236.81,857.09,,,,"     ",3.60,542.24,1.84
532,444719170,"00532M12:05:16.802","00532 12:18:22",236.82,857.08,,,,"     ",3.60,538.23,1.83
532,444719171,"00532M12:05:17.775","00532 12:18:23",236.81,857.10,,,,"     ",3.60,542.62,1.84
532,444719172,"00532M12:05:18.748","00532 12:18:24",236.80,857.02,,,,"     ",3.60,545.04,1.85
532,444719173,"00532M12:05:19.721","00532 12:18:25",236.78,857.08,,,,"     ",3.60,544.02,1.84
532,444719174,"00532M12:05:20.695","00532 12:18:26",236.76,857.09,,,,"     ",3.60,544.79,1.84
532,444719175,"00532M12:05:21.668","00532 12:18:27",236.74,857.09,,,,"     ",3.60,541.89,1.83
532,444719176,"00532M12:05:22.641","00532 12:18:28",236.73,857.12,,,,"     ",3.60,543.06,1.84
532,444719177,"00532M12:05:23.614","00532 12:18:29",236.73,857.14,,,,"     ",3.60,551.22,1.86
532,444719178,"00532M12:05:24.588","00532 12:18:30",236.73,857.10,,,,"     ",3.60,544.93,1.84
532,444719179,"00532M12:05:25.561","00532 12:18:31",236.75,857.15,,,,"     ",3.60,546.63,1.84
532,444719180,"00532M12:05:26.534","00532 12:18:32",236.77,857.03,,,,"     ",3.60,546.43,1.84
532,444719181,"00532M12:05:27.507","00532 12:18:33",236.79,857.11,,,,"     ",3.60,541.55,1.82
532,444719182,"00532M12:05:28.481","00532 12:18:34",236.84,857.06,,,,"     ",3.60,547.04,1.84
532,444719183,"00532M12:05:29.454","00532 12:18:35",236.88,857.22,,,,"     ",3.60,545.97,1.84
532,444719184,"00532M12:05:30.427","00532 12:18:36",236.91,857.10,,,,"     ",3.60,546.43,1.84
532,444719185,"00532M12:05:31.400","00532 12:18:37",236.94,857.16,,,,"     ",3.60,546.46,1.84
532,444719186,"00532M12:05:32.374","00532 12:18:38",236.97,857.14,,,,"     ",3.60,553.30,1.86
532,444719187,"00532M12:05:33.347","00532 12:18:39",237.00,857.14,,,,"     ",3.60,557.00,1.87
532,444719188,"00532M12:05:34.320","00532 12:18:40",237.03,857.05,,,,"     ",3.60,550.85,1.85
532,444719189,"00532M12:05:35.293","00532 12:18:41",237.05,857.09,,,,"     ",3.60,545.95,1.83
532,444719190,"00532M12:05:36.267","00532 12:18:42",237.08,857.06,,,,"     ",3.60,546.92,1.83
532,444719191,"00532M12:05:37.240","00532 12:18:43",237.10,857.03,,,,"     ",3.60,550.20,1.84
532,444719192,"00532M12:05:38.213","00532 12:18:44",237.12,857.04,,,,"     ",3.60,552.72,1.85
532,444719193,"00532M12:05:39.186","00532 12:18:45",237.13,857.06,,,,"     ",3.60,552.27,1.85
532,444719194,"00532M12:05:40.160","00532 12:18:46",237.15,857.04,,,,"     ",3.60,550.90,1.84
532,444719195,"00532M12:05:41.133","00532 12:18:47",237.16,856.99,,,,"     ",3.60,549.07,1.83
532,444719196,"00532M12:05:42.106","00532 12:18:48",237.01,856.94,,,96.05,"  101100",3.60,553.03,1.84
532,444719197,"00532M12:05:43.079","00532 12:18:49",237.06,857.03,,,,"     ",3.60,550.03,1.83
532,444719198,"00532M12:05:44.053","00532 12:18:50",237.11,857.02,,,,"     ",3.60,549.44,1.83
532,444719199,"00532M12:05:45.026","00532 12:18:51",237.16,857.02,,,,"     ",3.60,553.15,1.84
532,444719200,"00532M12:05:45.999","00532 12:18:52",237.19,857.06,,,,"     ",3.60,550.12,1.83
532,444719201,"00532M12:05:46.972","00532 12:18:53",237.23,857.11,,,,"     ",3.60,548.44,1.82
532,444719202,"00532M12:05:47.946","00532 12:18:54",237.27,857.04,,,,"     ",3.60,550.17,1.83
532,444719203,"00532M12:05:48.919","00532 12:18:55",237.31,856.96,,,,"     ",3.60,553.37,1.84
532,444719204,"00532M12:05:49.892","00532 12:18:56",237.34,857.01,,,,"     ",3.60,550.07,1.82
532,444719205,"00532M12:05:50.865","00532 12:18:56",237.37,857.02,,,,"     ",3.60,552.45,1.83
532,444719206,"00532M12:05:51.839","00532 12:18:57",237.40,857.05,,,,"     ",3.60,552.85,1.83
532,444719207,"00532M12:05:52.812","00532 12:18:58",237.42,856.98,,,,"     ",3.60,550.66,1.82
532,444719208,"00532M12:05:53.785","00532 12:18:59",237.45,856.99,,,,"     ",3.60,554.42,1.83
532,444719209,"00532M12:05:54.758","00532 12:19:00",237.47,856.99,,,,"     ",3.60,556.59,1.84
532,444719210,"00532M12:05:55.732","00532 12:19:01",237.49,857.05,,,,"     ",3.60,556.34,1.84
532,444719211,"00532M12:05:56.705","00532 12:19:02",237.51,857.04,,,,"     ",3.60,552.64,1.83
532,444719212,"00532M12:05:57.678","00532 12:19:03",237.51,857.00,,,,"     ",3.60,559.44,1.85
532,444719213,"00532M12:05:58.652","00532 12:19:04",237.51,857.03,,,,"     ",3.60,555.63,1.83
532,444719214,"00532M12:05:59.625","00532 12:19:05",237.51,857.04,,,,"     ",3.60,555.02,1.83
532,444719215,"00532M12:06:00.598","00532 12:19:06",237.51,857.04,,,,"     ",3.60,553.49,1.82
532,444719216,"00532M12:06:01.571","00532 12:19:07",237.53,857.07,,,,"     ",3.60,555.20,1.83
532,444719217,"00532M12:06:02.545","00532 12:19:08",237.54,856.89,,,,"     ",3.60,554.26,1.82
532,444719218,"00532M12:06:03.518","00532 12:19:09",237.55,857.02,,,,"     ",3.60,561.17,1.85
532,444719219,"00532M12:06:04.491","00532 12:19:10",237.56,857.11,,,,"     ",3.60,555.89,1.83
532,444719220,"00532M12:06:05.464","00532 12:19:11",237.56,857.02,,,,"     ",3.60,555.76,1.83
532,444719221,"00532M12:06:06.438","00532 12:19:12",237.56,857.01,,,,"     ",3.60,555.19,1.82
532,444719222,"00532M12:06:07.411","00532 12:19:13",237.56,857.06,,,,"     ",3.60,553.78,1.82
532,444719223,"00532M12:06:08.384","00532 12:19:14",237.55,857.01,,,,"     ",3.60,551.70,1.81
532,444719224,"00532M12:06:09.357","00532 12:19:15",237.55,857.04,,,,"     ",3.60,561.83,1.84
532,444719225,"00532M12:06:10.331","00532 12:19:16",237.55,857.02,,,,"     ",3.60,551.64,1.81
532,444719226,"00532M12:06:11.304","00532 12:19:17",237.53,857.01,,,,"     ",3.60,554.34,1.81
532,444719227,"00532M12:06:12.277","00532 12:19:18",237.49,856.96,,,,"     ",3.60,558.23,1.83
532,444719228,"00532M12:06:13.250","00532 12:19:19",237.45,857.01,,,,"     ",3.60,557.33,1.82
532,444719229,"00532M12:06:14.224","00532 12:19:20",237.40,856.98,,,,"     ",3.60,558.23,1.82
532,444719230,"00532M12:06:15.197","00532 12:19:21",237.34,857.01,,,,"     ",3.60,555.18,1.81
532,444719231,"00532M12:06:16.170","00532 12:19:22",237.28,857.01,,,,"     ",3.60,562.82,1.84
532,444719232,"00532M12:06:17.143","00532 12:19:23",237.23,857.01,,,,"     ",3.60,560.41,1.83
532,444719233,"00532M12:06:18.117","00532 12:19:24",237.17,857.02,,,,"     ",3.60,560.67,1.83
532,444719234,"00532M12:06:19.090","00532 12:19:25",237.12,856.95,,,,"     ",3.60,559.17,1.82
532,444719235,"00532M12:06:20.063","00532 12:19:26",237.07,856.93,,,,"     ",3.60,559.80,1.82
532,444719236,"00532M12:06:21.036","00532 12:19:27",237.02,856.91,,,,"     ",3.60,555.84,1.81
532,444719237,"00532M12:06:22.010","00532 12:19:28",236.97,856.95,,,,"     ",3.60,566.97,1.84
532,444719238,"00532M12:06:22.983","00532 12:19:29",236.90,857.00,,,,"     ",3.60,557.92,1.81
532,444719239,"00532M12:06:23.956","00532 12:19:30",236.83,856.95,,,,"     ",3.60,557.28,1.81
532,444719240,"00532M12:06:24.929","00532 12:19:31",236.75,857.00,,,,"     ",3.60,559.19,1.82
532,444719241,"00532M12:06:25.903","00532 12:19:32",236.66,856.99,,,,"     ",3.60,562.05,1.82
532,444719242,"00532M12:06:26.876","00532 12:19:33",236.56,856.99,,,,"     ",3.60,561.34,1.82
532,444719243,"00532M12:06:27.849","00532 12:19:33",236.45,857.01,,,,"     ",3.60,556.30,1.80
532,444719244,"00532M12:06:28.822","00532 12:19:34",236.32,856.99,,,,"     ",3.60,559.27,1.81
532,444719245,"00532M12:06:29.796","00532 12:19:35",236.19,856.98,,,,"     ",3.60,561.25,1.82
532,444719246,"00532M12:06:30.769","00532 12:19:36",236.05,856.94,,,,"     ",3.60,561.12,1.82
532,444719247,"00532M12:06:31.742","00532 12:19:37",235.91,856.95,,,,"     ",3.60,558.68,1.81
532,444719248,"00532M12:06:32.715","00532 12:19:38",235.77,856.92,,,,"     ",3.60,555.65,1.80
532,444719249,"00532M12:06:33.689","00532 12:19:39",235.63,856.95,,,,"     ",3.60,561.22,1.82
532,444719250,"00532M12:06:34.662","00532 12:19:40",235.50,856.92,,,,"     ",3.60,559.62,1.81
532,444719251,"00532M12:06:35.635","00532 12:19:41",235.35,856.85,,,,"     ",3.60,565.51,1.83
532,444719252,"00532M12:06:36.608","00532 12:19:42",235.21,856.84,,,,"     ",3.60,567.15,1.83
532,444719253,"00532M12:06:37.582","00532 12:19:43",235.06,856.89,,,,"     ",3.60,560.58,1.81
532,444719254,"00532M12:06:38.555","00532 12:19:44",234.90,856.91,,,,"     ",3.60,564.60,1.82
532,444719255,"00532M12:06:39.528","00532 12:19:45",234.75,856.84,,,,"     ",3.60,565.04,1.82
532,444719256,"00532M12:06:40.501","00532 12:19:46",234.61,856.97,,,,"     ",3.60,557.32,1.80
532,444719257,"00532M12:06:41.475","00532 12:19:47",234.47,856.92,,,,"     ",3.60,567.11,1.83
532,444719258,"00532M12:06:42.448","00532 12:19:48",234.34,856.87,,,,"     ",3.60,561.18,1.81
532,444719259,"00532M12:06:43.421","00532 12:19:49",234.22,856.86,,,,"     ",3.60,560.51,1.81
532,444719260,"00532M12:06:44.394","00532 12:19:50",234.12,856.88,,,,"     ",3.60,562.29,1.81
532,444719261,"00532M12:06:45.368","00532 12:19:51",234.05,856.92,,,,"     ",3.60,560.80,1.81
532,444719262,"00532M12:06:46.341","00532 12:19:52",233.99,856.93,,,,"     ",3.60,561.61,1.81
532,444719263,"00532M12:06:47.314","00532 12:19:53",233.96,856.92,,,,"     ",3.60,562.33,1.81
532,444719264,"00532M12:06:48.287","00532 12:19:54",233.97,856.89,,,,"     ",3.60,560.04,1.80
532,444719265,"00532M12:06:49.261","00532 12:19:55",234.01,856.84,,,,"     ",3.60,564.05,1.82
532,444719266,"00532M12:06:50.234","00532 12:19:56",234.06,856.91,,,,"     ",3.60,563.49,1.81
532,444719267,"00532M12:06:51.207","00532 12:19:57",234.11,856.93,,,,"     ",3.60,565.36,1.82
532,444719268,"00532M12:06:52.180","00532 12:19:58",234.15,856.98,,,,"     ",3.60,570.91,1.84
532,444719269,"00532M12:06:53.154","00532 12:19:59",234.20,857.01,,,,"     ",3.60,566.66,1.82
532,444719270,"00532M12:06:54.127","00532 12:20:00",234.22,856.96,,,,"     ",3.60,561.93,1.81
532,444719271,"00532M12:06:55.100","00532 12:20:01",234.23,856.85,,,,"     ",3.60,567.06,1.82
532,444719272,"00532M12:06:56.073","00532 12:20:02",234.23,856.83,,,,"     ",3.60,566.55,1.82
532,444719273,"00532M12:06:57.047","00532 12:20:03",234.22,856.89,,,,"     ",3.60,563.51,1.81
532,444719274,"00532M12:06:58.020","00532 12:20:04",234.19,856.93,,,,"     ",3.60,567.87,1.82
532,444719275,"00532M12:06:58.993","00532 12:20:05",234.15,856.74,,,,"     ",3.60,569.63,1.83
532,444719276,"00532M12:06:59.966","00532 12:20:06",234.10,856.78,,,,"     ",3.60,564.01,1.81
532,444719277,"00532M12:07:00.940","00532 12:20:07",234.03,856.89,,,,"     ",3.60,564.99,1.81
532,444719278,"00532M12:07:01.913","00532 12:20:08",233.94,856.98,,,,"     ",3.60,564.25,1.81
532,444719279,"00532M12:07:02.886","00532 12:20:09",233.85,856.87,,,,"     ",3.60,568.80,1.82
532,444719280,"00532M12:07:03.859","00532 12:20:09",233.73,856.87,,,,"     ",3.60,569.00,1.82
532,444719281,"00532M12:07:04.833","00532 12:20:10",233.63,856.86,,,,"     ",3.60,564.79,1.81
532,444719282,"00532M12:07:05.806","00532 12:20:11",233.51,856.79,,,,"     ",3.60,566.74,1.81
532,444719283,"00532M12:07:06.779","00532 12:20:12",233.39,856.93,,,,"     ",3.60,564.61,1.81
532,444719284,"00532M12:07:07.753","00532 12:20:13",233.27,856.85,,,,"     ",3.60,567.19,1.81
532,444719285,"00532M12:07:08.726","00532 12:20:14",233.14,856.88,,,,"     ",3.60,564.78,1.80
532,444719286,"00532M12:07:09.699","00532 12:20:15",233.02,856.92,,,,"     ",3.60,570.01,1.82
532,444719287,"00532M12:07:10.672","00532 12:20:16",232.90,856.95,,,,"     ",3.60,564.94,1.80
532,444719288,"00532M12:07:11.646","00532 12:20:17",232.78,856.86,,,,"     ",3.60,562.76,1.80
532,444719289,"00532M12:07:12.619","00532 12:20:18",232.69,856.79,,,,"     ",3.60,567.93,1.81
532,444719290,"00532M12:07:13.592","00532 12:20:19",232.60,856.83,,,,"     ",3.60,564.92,1.80
532,444719291,"00532M12:07:14.565","00532 12:20:20",232.52,856.83,,,,"     ",3.60,570.21,1.82
532,444719292,"00532M12:07:15.539","00532 12:20:21",232.45,856.85,,,,"     ",3.60,563.72,1.80
532,444719293,"00532M12:07:16.512","00532 12:20:22",232.38,856.81,,,,"     ",3.60,566.18,1.81
532,444719294,"00532M12:07:17.485","00532 12:20:23",232.32,856.91,,,,"     ",3.60,559.77,1.78
532,444719295,"00532M12:07:18.458","00532 12:20:24",232.27,856.93,,,,"     ",3.60,569.43,1.82
532,444719296,"00532M12:07:19.432","00532 12:20:25",232.23,856.95,,,,"     ",3.60,567.14,1.81
532,444719297,"00532M12:07:20.405","00532 12:20:26",232.19,856.86,,,,"     ",3.60,572.76,1.83
532,444719298,"00532M12:07:21.378","00532 12:20:27",232.17,856.85,,,,"     ",3.60,565.34,1.80
532,444719299,"00532M12:07:22.351","00532 12:20:28",232.15,856.90,,,,"     ",3.60,565.50,1.80
532,444719300,"00532M12:07:23.325","00532 12:20:29",232.16,856.90,,,,"     ",3.60,562.81,1.79
532,444719301,"00532M12:07:24.298","00532 12:20:30",232.17,856.88,,,,"     ",3.60,569.73,1.81
532,444719302,"00532M12:07:25.271","00532 12:20:31",232.19,856.90,,,,"     ",3.60,567.61,1.81
532,444719303,"00532M12:07:26.244","00532 12:20:32",232.19,856.93,,,,"     ",3.60,566.31,1.80
532,444719304,"00532M12:07:27.218","00532 12:20:33",232.21,856.89,,,,"     ",3.60,566.23,1.80
532,444719305,"00532M12:07:28.191","00532 12:20:34",232.21,856.87,,,,"     ",3.60,565.59,1.80
532,444719306,"00532M12:07:29.164","00532 12:20:35",232.20,856.88,,,,"     ",3.60,573.56,1.82
532,444719307,"00532M12:07:30.137","00532 12:20:36",232.18,856.88,,,,"     ",3.60,564.53,1.79
532,444719308,"00532M12:07:31.111","00532 12:20:37",232.15,856.84,,,,"     ",3.60,567.80,1.80
532,444719309,"00532M12:07:32.084","00532 12:20:38",232.12,856.83,,,,"     ",3.60,571.49,1.82
532,444719310,"00532M12:07:33.057","00532 12:20:39",232.09,856.79,,,,"     ",3.60,566.05,1.80
532,444719311,"00532M12:07:34.030","00532 12:20:40",232.07,856.83,,,,"     ",3.60,569.88,1.81
532,444719312,"00532M12:07:35.004","00532 12:20:41",232.05,856.86,,,,"     ",3.60,570.16,1.81
532,444719313,"00532M12:07:35.977","00532 12:20:42",232.06,856.85,,,,"     ",3.60,569.87,1.81
532,444719314,"00532M12:07:36.950","00532 12:20:43",232.10,856.88,,,,"     ",3.60,566.09,1.80
532,444719315,"00532M12:07:37.923","00532 12:20:44",232.16,856.69,,,,"     ",3.60,568.46,1.80
532,444719316,"00532M12:07:38.897","00532 12:20:45",232.24,856.73,,,,"     ",3.60,572.57,1.81
532,444719317,"00532M12:07:39.870","00532 12:20:46",232.34,856.77,,,,"     ",3.60,572.44,1.81
532,444719318,"00532M12:07:40.843","00532 12:20:46",232.44,856.86,,,,"     ",3.60,572.46,1.81
532,444719319,"00532M12:07:41.816","00532 12:20:47",232.56,856.86,,,,"     ",3.60,572.09,1.81
532,444719320,"00532M12:07:42.790","00532 12:20:48",232.68,856.85,,,,"     ",3.60,575.08,1.82
532,444719321,"00532M12:07:43.763","00532 12:20:49",232.81,856.89,,,,"     ",3.60,566.86,1.79
532,444719322,"00532M12:07:44.736","00532 12:20:50",232.91,856.88,,,,"     ",3.60,576.99,1.82
532,444719323,"00532M12:07:45.709","00532 12:20:51",233.01,856.86,,,,"     ",3.60,570.81,1.80
532,444719324,"00532M12:07:46.683","00532 12:20:52",233.08,856.86,,,,"     ",3.60,571.71,1.81
532,444719325,"00532M12:07:47.656","00532 12:20:53",233.11,856.87,,,,"     ",3.60,568.36,1.79
532,444719326,"00532M12:07:48.629","00532 12:20:54",233.15,856.81,,,,"     ",3.60,566.55,1.79
532,444719327,"00532M12:07:49.602","00532 12:20:55",233.16,856.83,,,,"     ",3.60,569.76,1.80
532,444719328,"00532M12:07:50.576","00532 12:20:56",233.17,856.82,,,,"     ",3.60,572.71,1.80
532,444719329,"00532M12:07:51.549","00532 12:20:57",233.18,856.75,,,,"     ",3.60,571.64,1.80
532,444719330,"00532M12:07:52.522","00532 12:20:58",233.19,856.76,,,,"     ",3.60,570.97,1.80
532,444719331,"00532M12:07:53.495","00532 12:20:59",233.20,856.82,,,,"     ",3.60,570.86,1.79
532,444719332,"00532M12:07:54.469","00532 12:21:00",233.22,856.84,,,,"     ",3.60,579.97,1.82
532,444719333,"00532M12:07:55.442","00532 12:21:01",233.24,856.74,,,,"     ",3.60,574.38,1.80
532,444719334,"00532M12:07:56.415","00532 12:21:02",233.28,856.76,,,,"     ",3.60,571.41,1.79
532,444719335,"00532M12:07:57.388","00532 12:21:03",233.32,856.84,,,,"     ",3.60,569.63,1.79
532,444719336,"00532M12:07:58.362","00532 12:21:04",233.37,856.87,,,,"     ",3.60,573.14,1.80
532,444719337,"00532M12:07:59.335","00532 12:21:05",233.42,856.90,,,,"     ",3.60,570.45,1.79
532,444719338,"00532M12:08:00.308","00532 12:21:06",233.47,856.83,,,,"     ",3.60,571.34,1.79
532,444719339,"00532M12:08:01.281","00532 12:21:07",233.52,856.78,,,,"     ",3.60,578.32,1.81
532,444719340,"00532M12:08:02.255","00532 12:21:08",233.56,856.76,,,,"     ",3.60,579.27,1.81
532,444719341,"00532M12:08:03.228","00532 12:21:09",233.60,856.73,,,,"     ",3.60,576.36,1.80
532,444719342,"00532M12:08:04.201","00532 12:21:10",233.64,856.82,,,,"     ",3.60,578.78,1.81
532,444719343,"00532M12:08:05.174","00532 12:21:11",233.66,856.81,,,,"     ",3.60,579.92,1.81
532,444719344,"00532M12:08:06.148","00532 12:21:12",233.67,856.83,,,,"     ",3.60,576.40,1.80
532,444719345,"00532M12:08:07.121","00532 12:21:13",233.68,856.76,,,,"     ",3.60,574.54,1.79
532,444719346,"00532M12:08:08.094","00532 12:21:14",233.69,856.75,,,,"     ",3.60,572.84,1.78
532,444719347,"00532M12:08:09.067","00532 12:21:15",233.71,856.77,,,,"     ",3.60,577.06,1.80
532,444719348,"00532M12:08:10.041","00532 12:21:16",233.73,856.78,,,,"     ",3.60,574.63,1.79
532,444719349,"00532M12:08:11.014","00532 12:21:17",233.76,856.79,,,,"     ",3.60,582.05,1.81
532,444719350,"00532M12:08:11.987","00532 12:21:18",233.80,856.82,,,,"     ",3.60,579.39,1.80
532,444719351,"00532M12:08:12.960","00532 12:21:19",233.83,856.90,,,,"     ",3.60,577.08,1.79
532,444719352,"00532M12:08:13.934","00532 12:21:20",233.87,856.84,,,,"     ",3.60,575.75,1.79
532,444719353,"00532M12:08:14.907","00532 12:21:21",233.90,856.75,,,,"     ",3.60,580.28,1.80
532,444719354,"00532M12:08:15.880","00532 12:21:22",233.92,856.82,,,,"     ",3.60,575.93,1.79
532,444719355,"00532M12:08:16.853","00532 12:21:22",233.94,856.76,,,,"     ",3.60,578.60,1.79
532,444719356,"00532M12:08:17.827","00532 12:21:23",233.93,856.84,,,,"     ",3.60,577.81,1.79
532,444719357,"00532M12:08:18.800","00532 12:21:24",233.90,856.74,,,,"     ",3.60,581.68,1.80
532,444719358,"00532M12:08:19.773","00532 12:21:25",233.86,856.71,,,,"     ",3.60,582.66,1.80
532,444719359,"00532M12:08:20.747","00532 12:21:26",233.81,856.72,,,,"     ",3.60,579.11,1.79
532,444719360,"00532M12:08:21.720","00532 12:21:27",233.75,856.72,,,,"     ",3.60,582.46,1.80
532,444719361,"00532M12:08:22.693","00532 12:21:28",233.69,856.73,,,,"     ",3.60,581.44,1.79
532,444719362,"00532M12:08:23.666","00532 12:21:29",233.63,856.68,,,,"     ",3.60,573.87,1.77
532,444719363,"00532M12:08:24.640","00532 12:21:30",233.60,856.70,,,,"     ",3.60,577.31,1.78
532,444719364,"00532M12:08:25.613","00532 12:21:31",233.57,856.65,,,,"     ",3.60,583.39,1.80
532,444719365,"00532M12:08:26.586","00532 12:21:32",233.58,856.73,,,,"     ",3.60,578.98,1.78
532,444719366,"00532M12:08:27.559","00532 12:21:33",233.59,856.68,,,,"     ",3.60,581.05,1.79
532,444719367,"00532M12:08:28.533","00532 12:21:34",233.63,856.63,,,,"     ",3.60,574.95,1.77
532,444719368,"00532M12:08:29.506","00532 12:21:35",233.66,856.63,,,,"     ",3.60,581.83,1.79
532,444719369,"00532M12:08:30.479","00532 12:21:36",233.71,856.73,,,,"     ",3.60,579.83,1.78
532,444719370,"00532M12:08:31.452","00532 12:21:37",233.74,856.72,,,,"     ",3.60,578.28,1.78
532,444719371,"00532M12:08:32.426","00532 12:21:38",233.78,856.71,,,,"     ",3.60,580.22,1.78
532,444719372,"00532M12:08:33.399","00532 12:21:39",233.80,856.74,,,,"     ",3.60,581.63,1.79
532,444719373,"00532M12:08:34.372","00532 12:21:40",233.80,856.74,,,,"     ",3.60,582.04,1.79
532,444719374,"00532M12:08:35.345","00532 12:21:41",233.79,856.72,,,,"     ",3.60,577.37,1.77
532,444719375,"00532M12:08:36.319","00532 12:21:42",233.75,856.69,,,,"     ",3.60,583.40,1.79
532,444719376,"00532M12:08:37.292","00532 12:21:43",233.68,856.65,,,,"     ",3.60,584.79,1.79
532,444719377,"00532M12:08:38.265","00532 12:21:44",233.59,856.73,,,,"     ",3.60,586.30,1.80
532,444719378,"00532M12:08:39.238","00532 12:21:45",233.47,856.75,,,,"     ",3.60,589.49,1.81
532,444719379,"00532M12:08:40.212","00532 12:21:46",233.35,856.70,,,,"     ",3.60,583.43,1.79
532,444719380,"00532M12:08:41.185","00532 12:21:47",233.22,856.75,,,,"     ",3.60,584.29,1.79
532,444719381,"00532M12:08:42.158","00532 12:21:48",233.08,856.72,,,,"     ",3.60,585.54,1.79
532,444719382,"00532M12:08:43.131","00532 12:21:49",232.95,856.72,,,,"     ",3.60,587.92,1.80
532,444719383,"00532M12:08:44.105","00532 12:21:50",232.82,856.71,,,,"     ",3.60,584.66,1.79
532,444719384,"00532M12:08:45.078","00532 12:21:51",232.68,856.71,,,,"     ",3.60,588.00,1.80
532,444719385,"00532M12:08:46.051","00532 12:21:52",232.57,856.63,,,,"     ",3.60,584.11,1.78
532,444719386,"00532M12:08:47.024","00532 12:21:53",232.45,856.67,,,,"     ",3.60,581.29,1.77
532,444719387,"00532M12:08:47.998","00532 12:21:54",232.35,856.70,,,,"     ",3.60,579.77,1.77
532,444719388,"00532M12:08:48.971","00532 12:21:55",232.27,856.72,,,,"     ",3.60,585.21,1.79
532,444719389,"00532M12:08:49.944","00532 12:21:56",232.21,856.64,,,,"     ",3.60,582.36,1.78
532,444719390,"00532M12:08:50.917","00532 12:21:57",232.16,856.66,,,,"     ",3.60,586.17,1.79
532,444719391,"00532M12:08:51.891","00532 12:21:58",232.12,856.63,,,,"     ",3.60,582.34,1.77
532,444719392,"00532M12:08:52.864","00532 12:21:59",232.09,856.58,,,,"     ",3.60,585.24,1.78
532,444719393,"00532M12:08:53.837","00532 12:21:59",232.06,856.58,,,,"     ",3.60,577.11,1.76
532,444719394,"00532M12:08:54.810","00532 12:22:00",232.03,856.63,,,,"     ",3.60,583.36,1.78
532,444719395,"00532M12:08:55.784","00532 12:22:01",232.00,856.60,,,,"     ",3.60,580.38,1.77
532,444719396,"00532M12:08:56.757","00532 12:22:02",231.98,856.70,,,,"     ",3.60,584.17,1.78
532,444719397,"00532M12:08:57.730","00532 12:22:03",231.94,856.63,,,,"     ",3.60,581.15,1.77
532,444719398,"00532M12:08:58.703","00532 12:22:04",231.90,856.62,,,,"     ",3.60,579.99,1.76
532,444719399,"00532M12:08:59.677","00532 12:22:05",231.85,856.64,,,,"     ",3.60,585.14,1.78
532,444719400,"00532M12:09:00.650","00532 12:22:06",231.79,856.56,,,,"     ",3.60,588.78,1.79
532,444719401,"00532M12:09:01.623","00532 12:22:07",231.73,856.59,,,,"     ",3.60,582.20,1.77
532,444719402,"00532M12:09:02.596","00532 12:22:08",231.67,856.66,,,,"     ",3.60,585.40,1.78
532,444719403,"00532M12:09:03.570","00532 12:22:09",231.62,856.59,,,,"     ",3.60,585.52,1.78
532,444719404,"00532M12:09:04.543","00532 12:22:10",231.58,856.59,,,,"     ",3.60,581.86,1.77
532,444719405,"00532M12:09:05.516","00532 12:22:11",231.55,856.52,,,,"     ",3.60,587.45,1.79
532,444719406,"00532M12:09:06.489","00532 12:22:12",231.56,856.63,,,,"     ",3.60,574.58,1.75
532,444719407,"00532M12:09:07.463","00532 12:22:13",231.58,856.57,,,,"     ",3.60,581.90,1.77
532,444719408,"00532M12:09:08.436","00532 12:22:14",231.62,856.59,,,,"     ",3.60,583.16,1.77
532,444719409,"00532M12:09:09.409","00532 12:22:15",231.67,856.62,,,,"     ",3.60,581.67,1.77
532,444719410,"00532M12:09:10.382","00532 12:22:16",231.73,856.59,,,,"     ",3.60,583.43,1.77
532,444719411,"00532M12:09:11.356","00532 12:22:17",231.77,856.67,,,,"     ",3.60,578.29,1.76
532,444719412,"00532M12:09:12.329","00532 12:22:18",231.82,856.58,,,,"     ",3.60,585.62,1.78
532,444719413,"00532M12:09:13.302","00532 12:22:19",231.85,856.62,,,,"     ",3.60,582.11,1.77
532,444719414,"00532M12:09:14.275","00532 12:22:20",231.85,856.64,,,,"     ",3.60,579.53,1.76
532,444719415,"00532M12:09:15.249","00532 12:22:21",231.85,856.59,,,,"     ",3.60,583.98,1.78
532,444719416,"00532M12:09:16.222","00532 12:22:22",231.85,856.64,,,,"     ",3.60,585.24,1.78
532,444719417,"00532M12:09:17.195","00532 12:22:23",231.82,856.57,,,,"     ",3.60,589.70,1.79
532,444719418,"00532M12:09:18.168","00532 12:22:24",231.79,856.59,,,,"     ",3.60,585.86,1.78
532,444719419,"00532M12:09:19.142","00532 12:22:25",231.76,856.61,,,,"     ",3.60,580.99,1.77
532,444719420,"00532M12:09:20.115","00532 12:22:26",231.74,856.53,,,,"     ",3.60,584.39,1.78
532,444719421,"00532M12:09:21.088","00532 12:22:27",231.71,856.61,,,,"     ",3.60,589.24,1.79
532,444719422,"00532M12:09:22.061","00532 12:22:28",231.68,856.62,,,,"     ",3.60,591.62,1.80
532,444719423,"00532M12:09:23.035","00532 12:22:29",231.66,856.65,,,,"     ",3.60,586.72,1.78
532,444719424,"00532M12:09:24.008","00532 12:22:30",231.63,856.69,,,,"     ",3.60,589.05,1.79
532,444719425,"00532M12:09:24.981","00532 12:22:31",231.60,856.68,,,,"     ",3.60,585.43,1.78
532,444719426,"00532M12:09:25.954","00532 12:22:32",231.58,856.75,,,,"     ",3.60,580.73,1.76
532,444719427,"00532M12:09:26.928","00532 12:22:33",231.55,856.70,,,,"     ",3.60,586.00,1.78
532,444719428,"00532M12:09:27.901","00532 12:22:34",231.51,856.66,,,,"     ",3.60,586.31,1.78
532,444719429,"00532M12:09:28.874","00532 12:22:35",231.45,856.61,,,,"     ",3.60,585.55,1.78
532,444719430,"00532M12:09:29.848","00532 12:22:35",231.38,856.60,,,,"     ",3.60,584.26,1.77
532,444719431,"00532M12:09:30.821","00532 12:22:36",231.28,856.64,,,,"     ",3.60,586.15,1.78
532,444719432,"00532M12:09:31.794","00532 12:22:37",231.19,856.60,,,,"     ",3.60,590.09,1.79
532,444719433,"00532M12:09:32.767","00532 12:22:38",231.08,856.69,,,,"     ",3.60,591.20,1.79
532,444719434,"00532M12:09:33.741","00532 12:22:39",230.98,856.61,,,,"     ",3.60,590.74,1.79
532,444719435,"00532M12:09:34.714","00532 12:22:40",230.88,856.51,,,,"     ",3.60,586.15,1.77
532,444719436,"00532M12:09:35.687","00532 12:22:41",230.78,856.58,,,,"     ",3.60,593.69,1.80
532,444719437,"00532M12:09:36.660","00532 12:22:42",230.70,856.63,,,,"     ",3.60,595.52,1.80
532,444719438,"00532M12:09:37.634","00532 12:22:43",230.62,856.48,,,,"     ",3.60,591.80,1.79
532,444719439,"00532M12:09:38.607","00532 12:22:44",230.54,856.61,,,,"     ",3.60,589.90,1.78
532,444719440,"00532M12:09:39.580","00532 12:22:45",230.48,856.49,,,,"     ",3.60,590.71,1.78
532,444719441,"00532M12:09:40.553","00532 12:22:46",230.40,856.57,,,,"     ",3.60,593.54,1.79
532,444719442,"00532M12:09:41.527","00532 12:22:47",230.33,856.56,,,,"     ",3.60,589.42,1.78
532,444719443,"00532M12:09:42.500","00532 12:22:48",230.26,856.51,,,,"     ",3.60,590.01,1.78
532,444719444,"00532M12:09:43.473","00532 12:22:49",230.19,856.54,,,,"     ",3.60,591.30,1.78
532,444719445,"00532M12:09:44.446","00532 12:22:50",230.14,856.60,,,,"     ",3.60,588.20,1.77
532,444719446,"00532M12:09:45.420","00532 12:22:51",230.09,856.61,,,,"     ",3.60,588.74,1.77
532,444719447,"00532M12:09:46.393","00532 12:22:52",230.05,856.60,,,,"     ",3.60,591.44,1.78
532,444719448,"00532M12:09:47.366","00532 12:22:53",230.01,856.59,,,,"     ",3.60,593.97,1.79
532,444719449,"00532M12:09:48.339","00532 12:22:54",229.97,856.55,,,,"     ",3.60,589.27,1.77
532,444719450,"00532M12:09:49.313","00532 12:22:55",229.92,856.55,,,,"     ",3.60,585.71,1.76
532,444719451,"00532M12:09:50.286","00532 12:22:56",229.88,856.61,,,,"     ",3.60,591.34,1.78
532,444719452,"00532M12:09:51.259","00532 12:22:57",229.83,856.60,,,,"     ",3.60,592.90,1.78
532,444719453,"00532M12:09:52.232","00532 12:22:58",229.78,856.56,,,,"     ",3.60,588.44,1.77
532,444719454,"00532M12:09:53.206","00532 12:22:59",229.74,856.70,,,,"     ",3.60,588.30,1.76
532,444719455,"00532M12:09:54.179","00532 12:23:00",229.70,856.68,,,,"     ",3.60,589.01,1.77
532,444719456,"00532M12:09:55.152","00532 12:23:01",229.65,856.67,,,,"     ",3.60,592.83,1.78
532,444719457,"00532M12:09:56.125","00532 12:23:02",229.61,856.53,,,,"     ",3.60,596.36,1.79
532,444719458,"00532M12:09:57.099","00532 12:23:03",229.57,856.64,,,,"     ",3.60,594.00,1.78
532,444719459,"00532M12:09:58.072","00532 12:23:04",229.53,856.61,,,,"     ",3.60,590.04,1.76
532,444719460,"00532M12:09:59.045","00532 12:23:05",229.50,856.60,,,,"     ",3.60,599.04,1.79
532,444719461,"00532M12:10:00.018","00532 12:23:06",229.46,856.64,,,,"     ",3.60,592.59,1.77
532,444719462,"00532M12:10:00.992","00532 12:23:07",229.43,856.62,,,,"     ",3.60,590.97,1.76
532,444719463,"00532M12:10:01.965","00532 12:23:08",229.40,856.56,,,,"     ",3.60,593.20,1.77
532,444719464,"00532M12:10:02.938","00532 12:23:09",229.37,856.51,,,,"     ",3.60,593.13,1.77
532,444719465,"00532M12:10:03.911","00532 12:23:10",229.34,856.57,,,,"     ",3.60,599.01,1.79
532,444719466,"00532M12:10:04.885","00532 12:23:11",229.32,856.49,,,,"     ",3.60,594.69,1.77
532,444719467,"00532M12:10:05.858","00532 12:23:12",229.30,856.55,,,,"     ",3.60,598.85,1.78
532,444719468,"00532M12:10:06.831","00532 12:23:12",229.27,856.51,,,,"     ",3.60,591.22,1.76
532,444719469,"00532M12:10:07.804","00532 12:23:13",229.25,856.54,,,,"     ",3.60,594.27,1.77
532,444719470,"00532M12:10:08.778","00532 12:23:14",229.23,856.55,,,,"     ",3.60,596.95,1.78
532,444719471,"00532M12:10:09.751","00532 12:23:15",229.20,856.51,,,,"     ",3.60,592.45,1.76
532,444719472,"00532M12:10:10.724","00532 12:23:16",229.18,856.51,,,,"     ",3.60,599.28,1.78
532,444719473,"00532M12:10:11.697","00532 12:23:17",229.14,856.55,,,,"     ",3.60,590.96,1.76
532,444719474,"00532M12:10:12.671","00532 12:23:18",229.09,856.58,,,,"     ",3.60,593.76,1.76
532,444719475,"00532M12:10:13.644","00532 12:23:19",229.03,856.59,,,,"     ",3.60,595.75,1.77
532,444719476,"00532M12:10:14.617","00532 12:23:20",228.97,856.53,,,,"     ",3.60,590.97,1.75
532,444719477,"00532M12:10:15.590","00532 12:23:21",228.92,856.50,,,,"     ",3.60,595.29,1.76
532,444719478,"00532M12:10:16.564","00532 12:23:22",228.87,856.54,,,,"     ",3.60,595.37,1.76
532,444719479,"00532M12:10:17.537","00532 12:23:23",228.82,856.49,,,,"     ",3.60,595.79,1.76
532,444719480,"00532M12:10:18.510","00532 12:23:24",228.77,856.56,,,,"     ",3.60,593.92,1.76
532,444719481,"00532M12:10:19.483","00532 12:23:25",228.74,856.51,,,,"     ",3.60,600.64,1.78
532,444719482,"00532M12:10:20.457","00532 12:23:26",228.71,856.53,,,,"     ",3.60,604.06,1.79
532,444719483,"00532M12:10:21.430","00532 12:23:27",228.68,856.45,,,,"     ",3.60,598.35,1.77
532,444719484,"00532M12:10:22.403","00532 12:23:28",228.66,856.46,,,,"     ",3.60,598.13,1.77
532,444719485,"00532M12:10:23.376","00532 12:23:29",228.65,856.51,,,,"     ",3.60,598.07,1.77
532,444719486,"00532M12:10:24.350","00532 12:23:30",228.64,856.49,,,,"     ",3.60,599.51,1.77
532,444719487,"00532M12:10:25.323","00532 12:23:31",228.64,856.55,,,,"     ",3.60,592.14,1.75
532,444719488,"00532M12:10:26.296","00532 12:23:32",228.63,856.51,,,,"     ",3.60,597.96,1.76
532,444719489,"00532M12:10:27.269","00532 12:23:33",228.62,856.38,,,,"     ",3.60,598.83,1.77
532,444719490,"00532M12:10:28.243","00532 12:23:34",228.60,856.43,,,,"     ",3.60,601.07,1.77
532,444719491,"00532M12:10:29.216","00532 12:23:35",228.58,856.49,,,,"     ",3.60,598.05,1.76
532,444719492,"00532M12:10:30.189","00532 12:23:36",228.58,856.43,,,,"     ",3.60,604.49,1.78
532,444719493,"00532M12:10:31.162","00532 12:23:37",228.58,856.47,,,,"     ",3.60,604.08,1.78
532,444719494,"00532M12:10:32.136","00532 12:23:38",228.58,856.42,,,,"     ",3.60,602.57,1.77
532,444719495,"00532M12:10:33.109","00532 12:23:39",228.59,856.38,,,,"     ",3.60,597.22,1.76
532,444719496,"00532M12:10:34.082","00532 12:23:40",228.59,856.49,,,,"     ",3.60,598.44,1.76
532,444719497,"00532M12:10:35.055","00532 12:23:41",228.61,856.53,,,,"     ",3.60,597.39,1.76
532,444719498,"00532M12:10:36.029","00532 12:23:42",228.63,856.53,,,,"     ",3.60,605.47,1.78
532,444719499,"00532M12:10:37.002","00532 12:23:43",228.65,856.52,,,,"     ",3.60,601.38,1.77
532,444719500,"00532M12:10:37.975","00532 12:23:44",228.68,856.43,,,,"     ",3.60,602.29,1.77
532,444719501,"00532M12:10:38.949","00532 12:23:45",228.71,856.43,,,,"     ",3.60,602.23,1.77
532,444719502,"00532M12:10:39.922","00532 12:23:46",228.74,856.45,,,,"     ",3.60,605.18,1.77
532,444719503,"00532M12:10:40.895","00532 12:23:47",228.78,856.57,,,,"     ",3.60,602.98,1.77
532,444719504,"00532M12:10:41.868","00532 12:23:48",229.07,856.53,4.64,,221.02,"  100110",3.60,598.64,1.75
532,444719505,"00532M12:10:42.842","00532 12:23:48",228.98,856.58,,,,"     ",3.60,604.82,1.77
532,444719506,"00532M12:10:43.815","00532 12:23:49",228.90,856.56,,,,"     ",3.60,603.00,1.77
532,444719507,"00532M12:10:44.788","00532 12:23:50",228.85,856.56,,,,"     ",3.60,604.03,1.77
532,444719508,"00532M12:10:45.761","00532 12:23:51",228.80,856.54,,,,"     ",3.60,603.79,1.77
532,444719509,"00532M12:10:46.735","00532 12:23:52",228.76,856.49,,,,"     ",3.60,601.00,1.76
532,444719510,"00532M12:10:47.708","00532 12:23:53",228.74,856.49,,,,"     ",3.60,600.22,1.75
532,444719511,"00532M12:10:48.681","00532 12:23:54",228.72,856.54,,,,"     ",3.60,604.96,1.77
532,444719512,"00532M12:10:49.654","00532 12:23:55",228.73,856.41,,,,"     ",3.60,605.95,1.77
532,444719513,"00532M12:10:50.628","00532 12:23:56",228.74,856.48,,,,"     ",3.60,604.20,1.76
532,444719514,"00532M12:10:51.601","00532 12:23:57",228.76,856.47,,,,"     ",3.60,605.03,1.76
532,444719515,"00532M12:10:52.574","00532 12:23:58",228.80,856.47,,,,"     ",3.60,603.93,1.76
532,444719516,"00532M12:10:53.547","00532 12:23:59",228.86,856.41,,,,"     ",3.60,601.00,1.75
532,444719517,"00532M12:10:54.521","00532 12:24:00",228.93,856.40,,,,"     ",3.60,604.52,1.76
532,444719518,"00532M12:10:55.494","00532 12:24:01",229.01,856.45,,,,"     ",3.60,609.35,1.77
532,444719519,"00532M12:10:56.467","00532 12:24:02",229.11,856.36,,,,"     ",3.60,603.09,1.75
532,444719520,"00532M12:10:57.440","00532 12:24:03",229.22,856.41,,,,"     ",3.60,601.71,1.75
532,444719521,"00532M12:10:58.414","00532 12:24:04",229.32,856.38,,,,"     ",3.60,601.94,1.75
532,444719522,"00532M12:10:59.387","00532 12:24:05",229.43,856.43,,,,"     ",3.60,606.53,1.76
532,444719523,"00532M12:11:00.360","00532 12:24:06",229.54,856.39,,,,"     ",3.60,606.14,1.76
532,444719524,"00532M12:11:01.333","00532 12:24:07",229.65,856.45,,,,"     ",3.60,602.78,1.75
532,444719525,"00532M12:11:02.307","00532 12:24:08",229.78,856.43,,,,"     ",3.60,611.17,1.77
532,444719526,"00532M12:11:03.280","00532 12:24:09",229.91,856.40,,,,"     ",3.60,603.93,1.75
532,444719527,"00532M12:11:04.253","00532 12:24:10",230.04,856.35,,,,"     ",3.60,605.89,1.75
532,444719528,"00532M12:11:05.226","00532 12:24:11",230.16,856.44,,,,"     ",3.60,609.04,1.76
532,444719529,"00532M12:11:06.200","00532 12:24:12",230.27,856.37,,,,"     ",3.60,610.52,1.77
532,444719530,"00532M12:11:07.173","00532 12:24:13",230.37,856.35,,,,"     ",3.60,608.18,1.76
532,444719531,"00532M12:11:08.146","00532 12:24:14",230.47,856.42,,,,"     ",3.60,611.16,1.77
532,444719532,"00532M12:11:09.119","00532 12:24:15",230.55,856.38,,,,"     ",3.60,603.73,1.74
532,444719533,"00532M12:11:10.093","00532 12:24:16",230.62,856.39,,,,"     ",3.60,608.16,1.75
532,444719534,"00532M12:11:11.066","00532 12:24:17",230.69,856.44,,,,"     ",3.60,610.56,1.76
532,444719535,"00532M12:11:12.039","00532 12:24:18",230.75,856.40,,,,"     ",3.60,603.10,1.74
532,444719536,"00532M12:11:13.012","00532 12:24:19",230.82,856.38,,,,"     ",3.60,608.99,1.75
532,444719537,"00532M12:11:13.986","00532 12:24:20",230.88,856.41,,,,"     ",3.60,603.32,1.74
532,444719538,"00532M12:11:14.959","00532 12:24:21",230.95,856.37,,,,"     ",3.60,609.58,1.75
532,444719539,"00532M12:11:15.932","00532 12:24:22",231.01,856.34,,,,"     ",3.60,611.75,1.76
532,444719540,"00532M12:11:16.905","00532 12:24:23",231.06,856.32,,,,"     ",3.60,609.51,1.75
532,444719541,"00532M12:11:17.879","00532 12:24:24",231.09,856.37,,,,"     ",3.60,608.04,1.75
532,444719542,"00532M12:11:18.852","00532 12:24:25",231.11,856.34,,,,"     ",3.60,612.16,1.76
532,444719543,"00532M12:11:19.825","00532 12:24:25",231.12,856.38,,,,"     ",3.60,607.57,1.74
532,444719544,"00532M12:11:20.798","00532 12:24:26",231.11,856.37,,,,"     ",3.60,611.67,1.75
532,444719545,"00532M12:11:21.772","00532 12:24:27",231.09,856.26,,,,"     ",3.60,608.74,1.74
532,444719546,"00532M12:11:22.745","00532 12:24:28",231.06,856.37,,,,"     ",3.60,615.14,1.76
532,444719547,"00532M12:11:23.718","00532 12:24:29",231.01,856.42,,,,"     ",3.60,610.50,1.75
532,444719548,"00532M12:11:24.691","00532 12:24:30",230.95,856.39,,,,"     ",3.60,603.39,1.73
532,444719549,"00532M12:11:25.665","00532 12:24:31",230.90,856.36,,,,"     ",3.60,612.39,1.75
532,444719550,"00532M12:11:26.638","00532 12:24:32",230.85,856.33,,,,"     ",3.60,611.15,1.75
532,444719551,"00532M12:11:27.611","00532 12:24:33",230.81,856.26,,,,"     ",3.60,612.32,1.75
532,444719552,"00532M12:11:28.584","00532 12:24:34",230.80,856.31,,,,"     ",3.60,612.82,1.75
532,444719553,"00532M12:11:29.558","00532 12:24:35",230.82,856.32,,,,"     ",3.60,610.75,1.74
532,444719554,"00532M12:11:30.531","00532 12:24:36",230.86,856.28,,,,"     ",3.60,608.55,1.73
532,444719555,"00532M12:11:31.504","00532 12:24:37",230.93,856.34,,,,"     ",3.60,620.18,1.77
532,444719556,"00532M12:11:32.477","00532 12:24:38",231.00,856.32,,,,"     ",3.60,612.46,1.74
532,444719557,"00532M12:11:33.451","00532 12:24:39",231.09,856.33,,,,"     ",3.60,608.91,1.73
532,444719558,"00532M12:11:34.424","00532 12:24:40",231.18,856.32,,,,"     ",3.60,614.09,1.75
532,444719559,"00532M12:11:35.397","00532 12:24:41",231.24,856.30,,,,"     ",3.60,611.22,1.74
532,444719560,"00532M12:11:36.370","00532 12:24:42",231.28,856.40,,,,"     ",3.60,613.82,1.74
532,444719561,"00532M12:11:37.344","00532 12:24:43",231.30,856.38,,,,"     ",3.60,617.35,1.75
532,444719562,"00532M12:11:38.317","00532 12:24:44",231.28,856.33,,,,"     ",3.60,616.35,1.75
532,444719563,"00532M12:11:39.290","00532 12:24:45",231.24,856.33,,,,"     ",3.60,611.84,1.73
532,444719564,"00532M12:11:40.263","00532 12:24:46",231.19,856.32,,,,"     ",3.60,618.43,1.75
532,444719565,"00532M12:11:41.237","00532 12:24:47",231.12,856.36,,,,"     ",3.60,615.21,1.74
532,444719566,"00532M12:11:42.210","00532 12:24:48",231.04,856.41,,,,"     ",3.60,613.93,1.74
532,444719567,"00532M12:11:43.183","00532 12:24:49",230.97,856.43,,,,"     ",3.60,615.56,1.74
532,444719568,"00532M12:11:44.156","00532 12:24:50",230.93,856.42,,,,"     ",3.60,619.57,1.75
532,444719569,"00532M12:11:45.130","00532 12:24:51",230.90,856.46,,,,"     ",3.60,621.30,1.75
532,444719570,"00532M12:11:46.103","00532 12:24:52",230.92,856.41,,,,"     ",3.60,619.23,1.74
532,444719571,"00532M12:11:47.076","00532 12:24:53",230.96,856.39,,,,"     ",3.60,616.47,1.74
532,444719572,"00532M12:11:48.050","00532 12:24:54",231.05,856.42,,,,"     ",3.60,618.61,1.74
532,444719573,"00532M12:11:49.023","00532 12:24:55",231.16,856.40,,,,"     ",3.60,622.94,1.75
532,444719574,"00532M12:11:49.996","00532 12:24:56",231.28,856.36,,,,"     ",3.60,621.37,1.74
532,444719575,"00532M12:11:50.969","00532 12:24:57",231.40,856.27,,,,"     ",3.60,623.70,1.75
532,444719576,"00532M12:11:51.943","00532 12:24:58",231.51,856.31,,,,"     ",3.60,623.94,1.75
532,444719577,"00532M12:11:52.916","00532 12:24:59",231.58,856.22,,,,"     ",3.60,620.89,1.74
532,444719578,"00532M12:11:53.889","00532 12:25:00",231.63,856.37,,,,"     ",3.60,621.23,1.74
532,444719579,"00532M12:11:54.862","00532 12:25:01",231.63,856.39,,,,"     ",3.60,624.59,1.75
532,444719580,"00532M12:11:55.836","00532 12:25:02",231.60,856.31,,,,"     ",3.60,623.44,1.74
532,444719581,"00532M12:11:56.809","00532 12:25:02",231.53,856.35,,,,"     ",3.60,630.34,1.76
532,444719582,"00532M12:11:57.782","00532 12:25:03",231.42,856.32,,,,"     ",3.60,631.54,1.76
532,444719583,"00532M12:11:58.755","00532 12:25:04",231.28,856.30,,,,"     ",3.60,620.62,1.73
532,444719584,"00532M12:11:59.729","00532 12:25:05",231.12,856.46,,,,"     ",3.60,624.64,1.74
532,444719585,"00532M12:12:00.702","00532 12:25:06",230.95,856.39,,,,"     ",3.60,618.24,1.72
532,444719586,"00532M12:12:01.675","00532 12:25:07",230.77,856.42,,,,"     ",3.60,623.90,1.73
532,444719587,"00532M12:12:02.648","00532 12:25:08",230.60,856.32,,,,"     ",3.60,629.86,1.75
532,444719588,"00532M12:12:03.622","00532 12:25:09",230.46,856.32,,,,"     ",3.60,622.32,1.72
532,444719589,"00532M12:12:04.595","00532 12:25:10",230.33,856.37,,,,"     ",3.60,622.21,1.72
532,444719590,"00532M12:12:05.568","00532 12:25:11",230.23,856.23,,,,"     ",3.60,620.75,1.72
532,444719591,"00532M12:12:06.541","00532 12:25:12",230.15,856.30,,,,"     ",3.60,624.00,1.72
532,444719592,"00532M12:12:07.515","00532 12:25:13",230.08,856.29,,,,"     ",3.60,625.05,1.72
532,444719593,"00532M12:12:08.488","00532 12:25:14",230.02,856.26,,,,"     ",3.60,629.15,1.74
532,444719594,"00532M12:12:09.461","00532 12:25:15",229.95,856.25,,,,"     ",3.60,620.92,1.71
532,444719595,"00532M12:12:10.434","00532 12:25:16",229.89,856.28,,,,"     ",3.60,625.13,1.72
532,444719596,"00532M12:12:11.408","00532 12:25:17",229.84,856.18,,,,"     ",3.60,628.25,1.73
532,444719597,"00532M12:12:12.381","00532 12:25:18",229.77,856.23,,,,"     ",3.60,623.46,1.71
532,444719598,"00532M12:12:13.354","00532 12:25:19",229.72,856.32,,,,"     ",3.60,626.92,1.72
532,444719599,"00532M12:12:14.327","00532 12:25:20",229.67,856.24,,,,"     ",3.60,625.72,1.72
532,444719600,"00532M12:12:15.301","00532 12:25:21",229.63,856.26,,,,"     ",3.60,632.45,1.74
532,444719601,"00532M12:12:16.274","00532 12:25:22",229.59,856.39,,,,"     ",3.60,630.42,1.73
532,444719602,"00532M12:12:17.247","00532 12:25:23",229.55,856.34,,,,"     ",3.60,628.60,1.72
532,444719603,"00532M12:12:18.220","00532 12:25:24",229.51,856.27,,,,"     ",3.60,629.13,1.72
532,444719604,"00532M12:12:19.194","00532 12:25:25",229.47,856.20,,,,"     ",3.60,628.81,1.72
532,444719605,"00532M12:12:20.167","00532 12:25:26",229.45,856.21,,,,"     ",3.60,629.96,1.72
532,444719606,"00532M12:12:21.140","00532 12:25:27",229.42,856.17,,,,"     ",3.60,631.61,1.73
532,444719607,"00532M12:12:22.113","00532 12:25:28",229.39,856.20,,,,"     ",3.60,630.13,1.72
532,444719608,"00532M12:12:23.087","00532 12:25:29",229.37,856.13,,,,"     ",3.60,632.32,1.72
532,444719609,"00532M12:12:24.060","00532 12:25:30",229.34,856.25,,,,"     ",3.60,627.51,1.71
532,444719610,"00532M12:12:25.033","00532 12:25:31",229.31,856.20,,,,"     ",3.60,632.79,1.73
532,444719611,"00532M12:12:26.006","00532 12:25:32",229.27,856.22,,,,"     ",3.60,629.44,1.71
532,444719612,"00532M12:12:26.980","00532 12:25:33",229.24,856.25,,,,"     ",3.60,631.56,1.72
532,444719613,"00532M12:12:27.953","00532 12:25:34",229.21,856.27,,,,"     ",3.60,632.60,1.72
532,444719614,"00532M12:12:28.926","00532 12:25:35",229.18,856.34,,,,"     ",3.60,637.28,1.73
532,444719615,"00532M12:12:29.899","00532 12:25:36",229.15,856.21,,,,"     ",3.60,625.42,1.70
532,444719616,"00532M12:12:30.873","00532 12:25:37",229.15,856.26,,,,"     ",3.60,632.68,1.72
532,444719617,"00532M12:12:31.846","00532 12:25:38",229.17,856.29,,,,"     ",3.60,633.53,1.72
532,444719618,"00532M12:12:32.819","00532 12:25:38",229.20,856.23,,,,"     ",3.60,632.74,1.72
532,444719619,"00532M12:12:33.792","00532 12:25:39",229.26,856.28,,,,"     ",3.60,633.88,1.72
532,444719620,"00532M12:12:34.766","00532 12:25:40",229.31,856.22,,,,"     ",3.60,635.36,1.72
532,444719621,"00532M12:12:35.739","00532 12:25:41",229.38,856.23,,,,"     ",3.60,634.07,1.72
532,444719622,"00532M12:12:36.712","00532 12:25:42",229.45,856.22,,,,"     ",3.60,631.66,1.71
532,444719623,"00532M12:12:37.685","00532 12:25:43",229.51,856.25,,,,"     ",3.60,638.26,1.72
532,444719624,"00532M12:12:38.659","00532 12:25:44",229.56,856.19,,,,"     ",3.60,632.06,1.71
532,444719625,"00532M12:12:39.632","00532 12:25:45",229.60,856.16,,,,"     ",3.60,642.46,1.73
532,444719626,"00532M12:12:40.605","00532 12:25:46",229.64,856.16,,,,"     ",3.60,644.70,1.74
532,444719627,"00532M12:12:41.578","00532 12:25:47",229.65,856.21,,,,"     ",3.60,637.12,1.72
532,444719628,"00532M12:12:42.552","00532 12:25:48",229.65,856.19,,,,"     ",3.60,643.51,1.73
532,444719629,"00532M12:12:43.525","00532 12:25:49",229.62,856.17,,,,"     ",3.60,637.84,1.71
532,444719630,"00532M12:12:44.498","00532 12:25:50",229.56,856.27,,,,"     ",3.60,643.19,1.73
532,444719631,"00532M12:12:45.471","00532 12:25:51",229.48,856.19,,,,"     ",3.60,639.53,1.72
532,444719632,"00532M12:12:46.445","00532 12:25:52",229.38,856.16,,,,"     ",3.60,643.51,1.73
532,444719633,"00532M12:12:47.418","00532 12:25:53",229.26,856.20,,,,"     ",3.60,637.94,1.71
532,444719634,"00532M12:12:48.391","00532 12:25:54",229.15,856.25,,,,"     ",3.60,636.18,1.70
532,444719635,"00532M12:12:49.364","00532 12:25:55",229.04,856.26,,,,"     ",3.60,638.50,1.71
532,444719636,"00532M12:12:50.338","00532 12:25:56",228.94,856.29,,,,"     ",3.60,641.87,1.72
532,444719637,"00532M12:12:51.311","00532 12:25:57",228.84,856.25,,,,"     ",3.60,640.84,1.71
532,444719638,"00532M12:12:52.284","00532 12:25:58",228.77,856.23,,,,"     ",3.60,642.99,1.72
532,444719639,"00532M12:12:53.257","00532 12:25:59",228.69,856.20,,,,"     ",3.60,651.80,1.74
532,444719640,"00532M12:12:54.231","00532 12:26:00",228.62,856.25,,,,"     ",3.60,638.66,1.70
532,444719641,"00532M12:12:55.204","00532 12:26:01",228.56,856.08,,,,"     ",3.60,641.96,1.71
532,444719642,"00532M12:12:56.177","00532 12:26:02",228.50,856.19,,,,"     ",3.60,641.93,1.71
532,444719643,"00532M12:12:57.151","00532 12:26:03",228.46,856.16,,,,"     ",3.60,647.54,1.72
532,444719644,"00532M12:12:58.124","00532 12:26:04",228.43,856.14,,,,"     ",3.60,645.41,1.72
532,444719645,"00532M12:12:59.097","00532 12:26:05",228.40,856.14,,,,"     ",3.60,648.57,1.72
532,444719646,"00532M12:13:00.070","00532 12:26:06",228.38,856.07,,,,"     ",3.60,643.02,1.71
532,444719647,"00532M12:13:01.044","00532 12:26:07",228.37,856.09,,,,"     ",3.60,637.39,1.69
532,444719648,"00532M12:13:02.017","00532 12:26:08",228.36,856.09,,,,"     ",3.60,643.00,1.70
532,444719649,"00532M12:13:02.990","00532 12:26:09",228.34,856.12,,,,"     ",3.60,645.29,1.71
532,444719650,"00532M12:13:03.963","00532 12:26:10",228.33,856.10,,,,"     ",3.60,642.45,1.70
532,444719651,"00532M12:13:04.937","00532 12:26:11",228.31,856.14,,,,"     ",3.60,641.85,1.70
532,444719652,"00532M12:13:05.910","00532 12:26:12",228.29,856.10,,,,"     ",3.60,643.53,1.70
532,444719653,"00532M12:13:06.883","00532 12:26:13",228.27,856.08,,,,"     ",3.60,643.17,1.70
532,444719654,"00532M12:13:07.856","00532 12:26:14",228.24,856.09,,,,"     ",3.60,647.24,1.71
532,444719655,"00532M12:13:08.830","00532 12:26:15",228.20,856.11,,,,"     ",3.60,642.29,1.69
532,444719656,"00532M12:13:09.803","00532 12:26:15",228.15,856.11,,,,"     ",3.60,640.74,1.69
532,444719657,"00532M12:13:10.776","00532 12:26:16",228.09,856.07,,,,"     ",3.60,647.92,1.71
532,444719658,"00532M12:13:11.749","00532 12:26:17",228.02,856.14,,,,"     ",3.60,643.50,1.69
532,444719659,"00532M12:13:12.723","00532 12:26:18",227.93,856.26,,,,"     ",3.60,644.07,1.69
532,444719660,"00532M12:13:13.696","00532 12:26:19",227.82,856.15,,,,"     ",3.60,648.56,1.70
532,444719661,"00532M12:13:14.669","00532 12:26:20",227.72,856.14,,,,"     ",3.60,648.73,1.70
532,444719662,"00532M12:13:15.642","00532 12:26:21",227.62,856.13,,,,"     ",3.60,649.43,1.70
532,444719663,"00532M12:13:16.616","00532 12:26:22",227.53,855.98,,,,"     ",3.60,646.88,1.70
532,444719664,"00532M12:13:17.589","00532 12:26:23",227.46,856.03,,,,"     ",3.60,649.43,1.70
532,444719665,"00532M12:13:18.562","00532 12:26:24",227.39,856.05,,,,"     ",3.60,649.88,1.70
532,444719666,"00532M12:13:19.535","00532 12:26:25",227.34,856.05,,,,"     ",3.60,650.23,1.70
532,444719667,"00532M12:13:20.509","00532 12:26:26",227.30,856.07,,,,"     ",3.60,651.85,1.71
532,444719668,"00532M12:13:21.482","00532 12:26:27",227.28,856.10,,,,"     ",3.60,647.25,1.69
532,444719669,"00532M12:13:22.455","00532 12:26:28",227.27,856.12,,,,"     ",3.60,645.41,1.69
532,444719670,"00532M12:13:23.428","00532 12:26:29",227.27,856.16,,,,"     ",3.60,650.55,1.70
532,444719671,"00532M12:13:24.402","00532 12:26:30",227.28,856.14,,,,"     ",3.60,649.40,1.69
532,444719672,"00532M12:13:25.375","00532 12:26:31",227.29,856.14,,,,"     ",3.60,647.37,1.69
532,444719673,"00532M12:13:26.348","00532 12:26:32",227.31,856.05,,,,"     ",3.60,648.69,1.69
532,444719674,"00532M12:13:27.321","00532 12:26:33",227.33,856.07,,,,"     ",3.60,648.75,1.69
532,444719675,"00532M12:13:28.295","00532 12:26:34",227.34,856.14,,,,"     ",3.60,651.34,1.70
532,444719676,"00532M12:13:29.268","00532 12:26:35",227.35,856.13,,,,"     ",3.60,651.04,1.69
532,444719677,"00532M12:13:30.241","00532 12:26:36",227.36,856.05,,,,"     ",3.60,650.67,1.69
532,444719678,"00532M12:13:31.214","00532 12:26:37",227.37,856.04,,,,"     ",3.60,655.60,1.70
532,444719679,"00532M12:13:32.188","00532 12:26:38",227.36,856.01,,,,"     ",3.60,655.82,1.70
532,444719680,"00532M12:13:33.161","00532 12:26:39",227.35,856.00,,,,"     ",3.60,653.84,1.70
532,444719681,"00532M12:13:34.134","00532 12:26:40",227.34,856.08,,,,"     ",3.60,650.60,1.69
532,444719682,"00532M12:13:35.107","00532 12:26:41",227.32,855.91,,,,"     ",3.60,654.61,1.70
532,444719683,"00532M12:13:36.081","00532 12:26:42",227.30,855.99,,,,"     ",3.60,653.11,1.69
532,444719684,"00532M12:13:37.054","00532 12:26:43",227.29,856.01,,,,"     ",3.60,658.26,1.70
532,444719685,"00532M12:13:38.027","00532 12:26:44",227.26,856.08,,,,"     ",3.60,664.36,1.72
532,444719686,"00532M12:13:39.000","00532 12:26:45",227.23,855.98,,,,"     ",3.60,658.92,1.70
532,444719687,"00532M12:13:39.974","00532 12:26:46",227.20,856.09,,,,"     ",3.60,660.57,1.71
532,444719688,"00532M12:13:40.947","00532 12:26:47",227.15,855.99,,,,"     ",3.60,657.62,1.70
532,444719689,"00532M12:13:41.920","00532 12:26:48",227.12,856.01,,,,"     ",3.60,663.19,1.71
532,444719690,"00532M12:13:42.893","00532 12:26:49",227.08,855.94,,,,"     ",3.60,659.71,1.70
532,444719691,"00532M12:13:43.867","00532 12:26:50",227.02,855.95,,,,"     ",3.60,661.60,1.70
532,444719692,"00532M12:13:44.840","00532 12:26:51",226.99,856.02,,,,"     ",3.60,655.96,1.69
532,444719693,"00532M12:13:45.813","00532 12:26:51",226.95,855.97,,,,"     ",3.60,660.21,1.70
532,444719694,"00532M12:13:46.786","00532 12:26:52",226.91,855.99,,,,"     ",3.60,659.20,1.69
532,444719695,"00532M12:13:47.760","00532 12:26:53",226.87,855.96,,,,"     ",3.60,662.59,1.70
532,444719696,"00532M12:13:48.733","00532 12:26:54",226.85,855.98,,,,"     ",3.60,658.82,1.69
532,444719697,"00532M12:13:49.706","00532 12:26:55",226.83,856.00,,,,"     ",3.60,659.64,1.69
532,444719698,"00532M12:13:50.679","00532 12:26:56",226.82,856.06,,,,"     ",3.60,658.13,1.68
532,444719699,"00532M12:13:51.653","00532 12:26:57",226.81,856.12,,,,"     ",3.60,663.82,1.70
532,444719700,"00532M12:13:52.626","00532 12:26:58",226.81,855.99,,,,"     ",3.60,659.45,1.68
532,444719701,"00532M12:13:53.599","00532 12:26:59",226.82,856.02,,,,"     ",3.60,661.73,1.69
532,444719702,"00532M12:13:54.572","00532 12:27:00",226.84,856.00,,,,"     ",3.60,660.12,1.68
532,444719703,"00532M12:13:55.546","00532 12:27:01",226.88,856.02,,,,"     ",3.60,669.39,1.71
532,444719704,"00532M12:13:56.519","00532 12:27:02",226.93,855.97,,,,"     ",3.60,670.24,1.71
532,444719705,"00532M12:13:57.492","00532 12:27:03",226.98,855.95,,,,"     ",3.60,669.69,1.71
532,444719706,"00532M12:13:58.465","00532 12:27:04",227.04,856.10,,,,"     ",3.60,670.58,1.71
532,444719707,"00532M12:13:59.439","00532 12:27:05",227.10,856.04,,,,"     ",3.60,668.13,1.70
532,444719708,"00532M12:14:00.412","00532 12:27:06",227.16,856.07,,,,"     ",3.60,671.26,1.71
532,444719709,"00532M12:14:01.385","00532 12:27:07",227.23,856.06,,,,"     ",3.60,666.93,1.69
532,444719710,"00532M12:14:02.358","00532 12:27:08",227.30,855.97,,,,"     ",3.60,672.71,1.71
532,444719711,"00532M12:14:03.332","00532 12:27:09",227.35,856.01,,,,"     ",3.60,671.13,1.70
532,444719712,"00532M12:14:04.305","00532 12:27:10",227.38,855.94,,,,"     ",3.60,668.87,1.69
532,444719713,"00532M12:14:05.278","00532 12:27:11",227.40,855.92,,,,"     ",3.60,674.76,1.71
532,444719714,"00532M12:14:06.251","00532 12:27:12",227.40,855.93,,,,"     ",3.60,665.12,1.68
532,444719715,"00532M12:14:07.225","00532 12:27:13",227.40,855.98,,,,"     ",3.60,668.56,1.69
532,444719716,"00532M12:14:08.198","00532 12:27:14",227.37,855.97,,,,"     ",3.60,673.26,1.70
532,444719717,"00532M12:14:09.171","00532 12:27:15",227.34,856.05,,,,"     ",3.60,670.72,1.69
532,444719718,"00532M12:14:10.145","00532 12:27:16",227.31,856.07,,,,"     ",3.60,667.66,1.68
532,444719719,"00532M12:14:11.118","00532 12:27:17",227.28,856.06,,,,"     ",3.60,670.56,1.69
532,444719720,"00532M12:14:12.091","00532 12:27:18",227.24,856.05,,,,"     ",3.60,668.76,1.68
532,444719721,"00532M12:14:13.064","00532 12:27:19",227.21,856.12,,,,"     ",3.60,665.70,1.67
532,444719722,"00532M12:14:14.038","00532 12:27:20",227.17,856.00,,,,"     ",3.60,668.56,1.68
532,444719723,"00532M12:14:15.011","00532 12:27:21",227.14,855.98,,,,"     ",3.60,664.19,1.67
532,444719724,"00532M12:14:15.984","00532 12:27:22",227.10,855.94,,,,"     ",3.60,664.74,1.66
532,444719725,"00532M12:14:16.957","00532 12:27:23",227.07,855.86,,,,"     ",3.60,669.60,1.68
532,444719726,"00532M12:14:17.931","00532 12:27:24",227.05,855.88,,,,"     ",3.60,673.30,1.68
532,444719727,"00532M12:14:18.904","00532 12:27:25",227.04,855.86,,,,"     ",3.60,669.12,1.67
532,444719728,"00532M12:14:19.877","00532 12:27:26",227.02,855.90,,,,"     ",3.60,671.18,1.68
532,444719729,"00532M12:14:20.850","00532 12:27:27",227.00,855.83,,,,"     ",3.60,672.58,1.68
532,444719730,"00532M12:14:21.824","00532 12:27:28",226.97,855.99,,,,"     ",3.60,673.98,1.68
532,444719731,"00532M12:14:22.797","00532 12:27:28",226.93,855.96,,,,"     ",3.60,672.76,1.68
532,444719732,"00532M12:14:23.770","00532 12:27:29",226.90,855.96,,,,"     ",3.60,671.62,1.67
532,444719733,"00532M12:14:24.743","00532 12:27:30",226.86,856.01,,,,"     ",3.60,676.76,1.69
532,444719734,"00532M12:14:25.717","00532 12:27:31",226.82,855.97,,,,"     ",3.60,672.27,1.67
532,444719735,"00532M12:14:26.690","00532 12:27:32",226.78,856.01,,,,"     ",3.60,681.14,1.70
532,444719736,"00532M12:14:27.663","00532 12:27:33",226.75,855.95,,,,"     ",3.60,674.63,1.68
532,444719737,"00532M12:14:28.636","00532 12:27:34",226.74,855.83,,,,"     ",3.60,672.30,1.67
532,444719738,"00532M12:14:29.610","00532 12:27:35",226.74,855.86,,,,"     ",3.60,677.58,1.68
532,444719739,"00532M12:14:30.583","00532 12:27:36",226.74,855.87,,,,"     ",3.60,675.31,1.68
532,444719740,"00532M12:14:31.556","00532 12:27:37",226.75,855.90,,,,"     ",3.60,678.13,1.68
532,444719741,"00532M12:14:32.529","00532 12:27:38",226.77,855.94,,,,"     ",3.60,678.30,1.68
532,444719742,"00532M12:14:33.503","00532 12:27:39",226.79,855.89,,,,"     ",3.60,676.39,1.68
532,444719743,"00532M12:14:34.476","00532 12:27:40",226.83,855.92,,,,"     ",3.60,668.52,1.66
532,444719744,"00532M12:14:35.449","00532 12:27:41",226.88,855.99,,,,"     ",3.60,677.05,1.68
532,444719745,"00532M12:14:36.422","00532 12:27:42",226.94,855.93,,,,"     ",3.60,670.95,1.66
532,444719746,"00532M12:14:37.396","00532 12:27:43",227.01,855.96,,,,"     ",3.60,677.93,1.68
532,444719747,"00532M12:14:38.369","00532 12:27:44",227.10,856.04,,,,"     ",3.60,679.54,1.68
532,444719748,"00532M12:14:39.342","00532 12:27:45",227.18,855.95,,,,"     ",3.60,671.50,1.66
532,444719749,"00532M12:14:40.315","00532 12:27:46",227.28,855.94,,,,"     ",3.60,673.25,1.66
532,444719750,"00532M12:14:41.289","00532 12:27:47",227.38,855.95,,,,"     ",3.60,676.60,1.67
532,444719751,"00532M12:14:42.262","00532 12:27:48",227.50,855.85,,,,"     ",3.60,679.86,1.68
532,444719752,"00532M12:14:43.235","00532 12:27:49",227.62,855.89,,,,"     ",3.60,681.75,1.68
532,444719753,"00532M12:14:44.208","00532 12:27:50",227.75,855.89,,,,"     ",3.60,681.39,1.68
532,444719754,"00532M12:14:45.182","00532 12:27:51",227.90,855.86,,,,"     ",3.60,685.30,1.69
532,444719755,"00532M12:14:46.155","00532 12:27:52",228.05,855.83,,,,"     ",3.60,678.82,1.67
532,444719756,"00532M12:14:47.128","00532 12:27:53",228.21,855.90,,,,"     ",3.60,682.69,1.68
532,444719757,"00532M12:14:48.101","00532 12:27:54",228.36,855.81,,,,"     ",3.60,681.46,1.67
532,444719758,"00532M12:14:49.075","00532 12:27:55",228.50,855.87,,,,"     ",3.60,682.36,1.67
532,444719759,"00532M12:14:50.048","00532 12:27:56",228.63,855.88,,,,"     ",3.60,679.56,1.67
532,444719760,"00532M12:14:51.021","00532 12:27:57",228.73,855.84,,,,"     ",3.60,681.45,1.67
532,444719761,"00532M12:14:51.994","00532 12:27:58",228.82,855.86,,,,"     ",3.60,684.96,1.68
532,444719762,"00532M12:14:52.968","00532 12:27:59",228.88,855.81,,,,"     ",3.60,684.51,1.67
532,444719763,"00532M12:14:53.941","00532 12:28:00",228.94,855.81,,,,"     ",3.60,687.81,1.68
532,444719764,"00532M12:14:54.914","00532 12:28:01",228.99,855.81,,,,"     ",3.60,677.97,1.65
532,444719765,"00532M12:14:55.887","00532 12:28:02",229.03,855.77,,,,"     ",3.60,683.35,1.67
532,444719766,"00532M12:14:56.861","00532 12:28:03",229.07,855.84,,,,"     ",3.60,682.72,1.66
532,444719767,"00532M12:14:57.834","00532 12:28:04",229.11,855.78,,,,"     ",3.60,685.70,1.67
532,444719768,"00532M12:14:58.807","00532 12:28:04",229.17,855.73,,,,"     ",3.60,682.19,1.66
532,444719769,"00532M12:14:59.780","00532 12:28:05",229.23,855.77,,,,"     ",3.60,677.00,1.65
532,444719770,"00532M12:15:00.754","00532 12:28:06",229.31,855.76,,,,"     ",3.60,688.16,1.67
532,444719771,"00532M12:15:01.727","00532 12:28:07",229.38,855.70,,,,"     ",3.60,683.50,1.66
532,444719772,"00532M12:15:02.700","00532 12:28:08",229.44,855.68,,,,"     ",3.60,682.44,1.66
532,444719773,"00532M12:15:03.673","00532 12:28:09",229.50,855.73,,,,"     ",3.60,683.84,1.66
532,444719774,"00532M12:15:04.647","00532 12:28:10",229.52,855.68,,,,"     ",3.60,690.26,1.67
532,444719775,"00532M12:15:05.620","00532 12:28:11",229.53,855.67,,,,"     ",3.60,686.21,1.66
532,444719776,"00532M12:15:06.593","00532 12:28:12",229.51,855.68,,,,"     ",3.60,689.40,1.67
532,444719777,"00532M12:15:07.566","00532 12:28:13",229.47,855.73,,,,"     ",3.60,689.02,1.67
532,444719778,"00532M12:15:08.540","00532 12:28:14",229.41,855.73,,,,"     ",3.60,694.18,1.68
532,444719779,"00532M12:15:09.513","00532 12:28:15",229.36,855.66,,,,"     ",3.60,686.06,1.66
532,444719780,"00532M12:15:10.486","00532 12:28:16",229.30,855.68,,,,"     ",3.60,691.24,1.67
532,444719781,"00532M12:15:11.459","00532 12:28:17",229.27,855.76,,,,"     ",3.60,688.39,1.66
532,444719782,"00532M12:15:12.433","00532 12:28:18",229.25,855.78,,,,"     ",3.60,687.33,1.66
532,444719783,"00532M12:15:13.406","00532 12:28:19",229.26,855.72,,,,"     ",3.60,694.12,1.67
532,444719784,"00532M12:15:14.379","00532 12:28:20",229.31,855.75,,,,"     ",3.60,685.61,1.65
532,444719785,"00532M12:15:15.352","00532 12:28:21",229.39,855.70,,,,"     ",3.60,691.56,1.67
532,444719786,"00532M12:15:16.326","00532 12:28:22",229.50,855.67,,,,"     ",3.60,688.88,1.66
532,444719787,"00532M12:15:17.299","00532 12:28:23",229.62,855.68,,,,"     ",3.60,684.33,1.65
532,444719788,"00532M12:15:18.272","00532 12:28:24",229.73,855.70,,,,"     ",3.60,688.61,1.65
532,444719789,"00532M12:15:19.246","00532 12:28:25",229.84,855.67,,,,"     ",3.60,685.12,1.65
532,444719790,"00532M12:15:20.219","00532 12:28:26",229.92,855.69,,,,"     ",3.60,692.67,1.66
532,444719791,"00532M12:15:21.192","00532 12:28:27",229.98,855.72,,,,"     ",3.60,685.54,1.64
532,444719792,"00532M12:15:22.165","00532 12:28:28",230.00,855.71,,,,"     ",3.60,689.18,1.65
532,444719793,"00532M12:15:23.139","00532 12:28:29",230.01,855.68,,,,"     ",3.60,685.69,1.64
532,444719794,"00532M12:15:24.112","00532 12:28:30",230.00,855.61,,,,"     ",3.60,692.11,1.66
532,444719795,"00532M12:15:25.085","00532 12:28:31",229.99,855.59,,,,"     ",3.60,691.91,1.66
532,444719796,"00532M12:15:26.058","00532 12:28:32",229.98,855.66,,,,"     ",3.60,696.34,1.67
532,444719797,"00532M12:15:27.032","00532 12:28:33",229.97,855.62,,,,"     ",3.60,691.39,1.65
532,444719798,"00532M12:15:28.005","00532 12:28:34",229.99,855.59,,,,"     ",3.60,684.74,1.64
532,444719799,"00532M12:15:28.978","00532 12:28:35",230.01,855.73,,,,"     ",3.60,692.60,1.65
532,444719800,"00532M12:15:29.951","00532 12:28:36",230.03,855.71,,,,"     ",3.60,691.32,1.65
532,444719801,"00532M12:15:30.925","00532 12:28:37",230.04,855.62,,,,"     ",3.60,699.58,1.67
532,444719802,"00532M12:15:31.898","00532 12:28:38",230.06,855.70,,,,"     ",3.60,690.73,1.65
532,444719803,"00532M12:15:32.871","00532 12:28:39",230.07,855.66,,,,"     ",3.60,689.84,1.64
532,444719804,"00532M12:15:33.844","00532 12:28:40",230.09,855.66,,,,"     ",3.60,693.96,1.65
532,444719805,"00532M12:15:34.818","00532 12:28:41",230.10,855.65,,,,"     ",3.60,693.63,1.65
532,444719806,"00532M12:15:35.791","00532 12:28:41",230.12,855.73,,,,"     ",3.60,693.61,1.65
532,444719807,"00532M12:15:36.764","00532 12:28:42",230.13,855.74,,,,"     ",3.60,697.52,1.66
532,444719808,"00532M12:15:37.737","00532 12:28:43",230.14,855.79,,,,"     ",3.60,702.29,1.67
532,444719809,"00532M12:15:38.711","00532 12:28:44",230.15,855.73,,,,"     ",3.60,695.88,1.65
532,444719810,"00532M12:15:39.684","00532 12:28:45",230.15,855.75,,,,"     ",3.60,690.69,1.64
532,444719811,"00532M12:15:40.657","00532 12:28:46",230.16,855.83,,,,"     ",3.60,695.09,1.65
532,444719812,"00532M12:15:41.630","00532 12:28:47",230.10,855.73,,,6.20,"  101100",3.60,708.82,1.68
532,444719813,"00532M12:15:42.604","00532 12:28:48",230.11,855.70,,,,"     ",3.60,703.40,1.67
532,444719814,"00532M12:15:43.577","00532 12:28:49",230.13,855.71,,,,"     ",3.60,700.60,1.66
532,444719815,"00532M12:15:44.550","00532 12:28:50",230.14,855.77,,,,"     ",3.60,698.91,1.65
532,444719816,"00532M12:15:45.523","00532 12:28:51",230.14,855.79,,,,"     ",3.60,705.70,1.67
532,444719817,"00532M12:15:46.497","00532 12:28:52",230.14,855.69,,,,"     ",3.60,702.49,1.66
532,444719818,"00532M12:15:47.470","00532 12:28:53",230.13,855.81,,,,"     ",3.60,705.48,1.67
532,444719819,"00532M12:15:48.443","00532 12:28:54",230.13,855.71,,,,"     ",3.60,703.49,1.66
532,444719820,"00532M12:15:49.416","00532 12:28:55",230.11,855.68,,,,"     ",3.60,703.61,1.66
532,444719821,"00532M12:15:50.390","00532 12:28:56",230.09,855.76,,,,"     ",3.60,706.97,1.67
532,444719822,"00532M12:15:51.363","00532 12:28:57",230.06,855.79,,,,"     ",3.60,705.73,1.66
532,444719823,"00532M12:15:52.336","00532 12:28:58",230.02,855.74,,,,"     ",3.60,697.99,1.64
532,444719824,"00532M12:15:53.309","00532 12:28:59",229.99,855.77,,,,"     ",3.60,711.40,1.67
532,444719825,"00532M12:15:54.283","00532 12:29:00",229.95,855.79,,,,"     ",3.60,706.76,1.66
532,444719826,"00532M12:15:55.256","00532 12:29:01",229.92,855.77,,,,"     ",3.60,711.60,1.67
532,444719827,"00532M12:15:56.229","00532 12:29:02",229.85,855.76,,,,"     ",3.60,704.95,1.65
532,444719828,"00532M12:15:57.202","00532 12:29:03",229.79,855.77,,,,"     ",3.60,701.45,1.64
532,444719829,"00532M12:15:58.176","00532 12:29:04",229.73,855.83,,,,"     ",3.60,702.99,1.65
532,444719830,"00532M12:15:59.149","00532 12:29:05",229.66,855.78,,,,"     ",3.60,701.75,1.64
532,444719831,"00532M12:16:00.122","00532 12:29:06",229.58,855.74,,,,"     ",3.60,709.56,1.66
532,444719832,"00532M12:16:01.095","00532 12:29:07",229.50,855.77,,,,"     ",3.60,704.92,1.65
532,444719833,"00532M12:16:02.069","00532 12:29:08",229.44,855.68,,,,"     ",3.60,704.69,1.65
532,444719834,"00532M12:16:03.042","00532 12:29:09",229.38,855.74,,,,"     ",3.60,707.82,1.65
532,444719835,"00532M12:16:04.015","00532 12:29:10",229.34,855.75,,,,"     ",3.60,700.01,1.63
532,444719836,"00532M12:16:04.988","00532 12:29:11",229.33,855.68,,,,"     ",3.60,702.63,1.64
532,444719837,"00532M12:16:05.962","00532 12:29:12",229.31,855.75,,,,"     ",3.60,709.10,1.65
532,444719838,"00532M12:16:06.935","00532 12:29:13",229.31,855.72,,,,"     ",3.60,713.79,1.66
532,444719839,"00532M12:16:07.908","00532 12:29:14",229.30,855.75,,,,"     ",3.60,702.75,1.64
532,444719840,"00532M12:16:08.881","00532 12:29:15",229.28,855.82,,,,"     ",3.60,714.62,1.66
532,444719841,"00532M12:16:09.855","00532 12:29:16",229.26,855.75,,,,"     ",3.60,703.18,1.63
532,444719842,"00532M12:16:10.828","00532 12:29:17",229.23,855.68,,,,"     ",3.60,709.42,1.65
532,444719843,"00532M12:16:11.801","00532 12:29:17",229.21,855.64,,,,"     ",3.60,710.09,1.65
532,444719844,"00532M12:16:12.774","00532 12:29:18",229.20,855.68,,,,"     ",3.60,710.76,1.65
532,444719845,"00532M12:16:13.748","00532 12:29:19",229.20,855.72,,,,"     ",3.60,711.76,1.65
532,444719846,"00532M12:16:14.721","00532 12:29:20",229.22,855.66,,,,"     ",3.60,709.44,1.64
532,444719847,"00532M12:16:15.694","00532 12:29:21",229.26,855.67,,,,"     ",3.60,703.03,1.63
532,444719848,"00532M12:16:16.667","00532 12:29:22",229.31,855.65,,,,"     ",3.60,711.01,1.65
532,444719849,"00532M12:16:17.641","00532 12:29:23",229.38,855.69,,,,"     ",3.60,715.76,1.66
532,444719850,"00532M12:16:18.614","00532 12:29:24",229.46,855.70,,,,"     ",3.60,713.55,1.65
532,444719851,"00532M12:16:19.587","00532 12:29:25",229.54,855.66,,,,"     ",3.60,710.40,1.64
532,444719852,"00532M12:16:20.560","00532 12:29:26",229.63,855.67,,,,"     ",3.60,716.52,1.65
532,444719853,"00532M12:16:21.534","00532 12:29:27",229.72,855.65,,,,"     ",3.60,716.41,1.65
532,444719854,"00532M12:16:22.507","00532 12:29:28",229.81,855.64,,,,"     ",3.60,712.66,1.64
532,444719855,"00532M12:16:23.480","00532 12:29:29",229.89,855.63,,,,"     ",3.60,715.57,1.65
532,444719856,"00532M12:16:24.453","00532 12:29:30",229.96,855.49,,,,"     ",3.60,716.77,1.65
532,444719857,"00532M12:16:25.427","00532 12:29:31",230.03,855.60,,,,"     ",3.60,713.95,1.64
532,444719858,"00532M12:16:26.400","00532 12:29:32",230.09,855.66,,,,"     ",3.60,717.59,1.65
532,444719859,"00532M12:16:27.373","00532 12:29:33",230.14,855.60,,,,"     ",3.60,715.70,1.64
532,444719860,"00532M12:16:28.347","00532 12:29:34",230.20,855.65,,,,"     ",3.60,721.55,1.66
532,444719861,"00532M12:16:29.320","00532 12:29:35",230.25,855.59,,,,"     ",3.60,717.26,1.65
532,444719862,"00532M12:16:30.293","00532 12:29:36",230.31,855.64,,,,"     ",3.60,719.92,1.65
532,444719863,"00532M12:16:31.266","00532 12:29:37",230.38,855.69,,,,"     ",3.60,717.23,1.64
532,444719864,"00532M12:16:32.240","00532 12:29:38",230.45,855.63,,,,"     ",3.60,713.41,1.63
532,444719865,"00532M12:16:33.213","00532 12:29:39",230.51,855.63,,,,"     ",3.60,719.85,1.65
532,444719866,"00532M12:16:34.186","00532 12:29:40",230.57,855.67,,,,"     ",3.60,724.57,1.66
532,444719867,"00532M12:16:35.159","00532 12:29:41",230.62,855.55,,,,"     ",3.60,715.57,1.64
532,444719868,"00532M12:16:36.133","00532 12:29:42",230.66,855.59,,,,"     ",3.60,719.07,1.64
532,444719869,"00532M12:16:37.106","00532 12:29:43",230.69,855.63,,,,"     ",3.60,715.38,1.63
532,444719870,"00532M12:16:38.079","00532 12:29:44",230.71,855.60,,,,"     ",3.60,723.70,1.65
532,444719871,"00532M12:16:39.052","00532 12:29:45",230.75,855.56,,,,"     ",3.60,718.80,1.64
532,444719872,"00532M12:16:40.026","00532 12:29:46",230.77,855.52,,,,"     ",3.60,722.46,1.64
532,444719873,"00532M12:16:40.999","00532 12:29:47",230.80,855.48,,,,"     ",3.60,723.03,1.64
532,444719874,"00532M12:16:41.972","00532 12:29:48",230.84,855.57,,,,"     ",3.60,722.34,1.64
532,444719875,"00532M12:16:42.945","00532 12:29:49",230.88,855.63,,,,"     ",3.60,722.77,1.64
532,444719876,"00532M12:16:43.919","00532 12:29:50",230.93,855.66,,,,"     ",3.60,722.37,1.64
532,444719877,"00532M12:16:44.892","00532 12:29:51",230.97,855.64,,,,"     ",3.60,730.27,1.66
532,444719878,"00532M12:16:45.865","00532 12:29:52",231.02,855.64,,,,"     ",3.60,721.20,1.63
532,444719879,"00532M12:16:46.838","00532 12:29:53",231.06,855.60,,,,"     ",3.60,730.02,1.65
532,444719880,"00532M12:16:47.812","00532 12:29:54",231.11,855.62,,,,"     ",3.60,714.32,1.62
532,444719881,"00532M12:16:48.785","00532 12:29:54",231.14,855.60,,,,"     ",3.60,720.05,1.63
532,444719882,"00532M12:16:49.758","00532 12:29:55",231.16,855.55,,,,"     ",3.60,730.61,1.65
532,444719883,"00532M12:16:50.731","00532 12:29:56",231.17,855.61,,,,"     ",3.60,723.26,1.63
532,444719884,"00532M12:16:51.705","00532 12:29:57",231.18,855.58,,,,"     ",3.60,724.43,1.63
532,444719885,"00532M12:16:52.678","00532 12:29:58",231.17,855.59,,,,"     ",3.60,723.36,1.63
532,444719886,"00532M12:16:53.651","00532 12:29:59",231.16,855.54,,,,"     ",3.60,718.46,1.62
532,444719887,"00532M12:16:54.624","00532 12:30:00",231.17,855.49,,,,"     ",3.60,725.53,1.63
532,444719888,"00532M12:16:55.598","00532 12:30:01",231.19,855.54,,,,"     ",3.60,724.75,1.63
532,444719889,"00532M12:16:56.571","00532 12:30:02",231.23,855.60,,,,"     ",3.60,730.61,1.64
532,444719890,"00532M12:16:57.544","00532 12:30:03",231.29,855.54,,,,"     ",3.60,727.53,1.63
532,444719891,"00532M12:16:58.517","00532 12:30:04",231.37,855.55,,,,"     ",3.60,727.25,1.63
532,444719892,"00532M12:16:59.491","00532 12:30:05",231.46,855.61,,,,"     ",3.60,732.08,1.64
532,444719893,"00532M12:17:00.464","00532 12:30:06",231.56,855.58,,,,"     ",3.60,732.01,1.64
532,444719894,"00532M12:17:01.437","00532 12:30:07",231.67,855.48,,,,"     ",3.60,737.91,1.65
532,444719895,"00532M12:17:02.410","00532 12:30:08",231.79,855.53,,,,"     ",3.60,727.49,1.63
532,444719896,"00532M12:17:03.384","00532 12:30:09",231.92,855.54,,,,"     ",3.60,729.00,1.63
532,444719897,"00532M12:17:04.357","00532 12:30:10",232.04,855.55,,,,"     ",3.60,728.24,1.62
532,444719898,"00532M12:17:05.330","00532 12:30:11",232.16,855.56,,,,"     ",3.60,735.26,1.64
532,444719899,"00532M12:17:06.303","00532 12:30:12",232.26,855.46,,,,"     ",3.60,738.74,1.65
532,444719900,"00532M12:17:07.277","00532 12:30:13",232.35,855.50,,,,"     ",3.60,732.42,1.63
532,444719901,"00532M12:17:08.250","00532 12:30:14",232.43,855.46,,,,"     ",3.60,733.66,1.63
532,444719902,"00532M12:17:09.223","00532 12:30:15",232.49,855.56,,,,"     ",3.60,732.07,1.63
532,444719903,"00532M12:17:10.196","00532 12:30:16",232.55,855.58,,,,"     ",3.60,727.24,1.61
532,444719904,"00532M12:17:11.170","00532 12:30:17",232.61,855.64,,,,"     ",3.60,731.02,1.62
532,444719905,"00532M12:17:12.143","00532 12:30:18",232.65,855.63,,,,"     ",3.60,731.66,1.62
532,444719906,"00532M12:17:13.116","00532 12:30:19",232.69,855.51,,,,"     ",3.60,734.53,1.63
532,444719907,"00532M12:17:14.089","00532 12:30:20",232.72,855.52,,,,"     ",3.60,739.90,1.64
532,444719908,"00532M12:17:15.063","00532 12:30:21",232.74,855.58,,,,"     ",3.60,737.17,1.63
532,444719909,"00532M12:17:16.036","00532 12:30:22",232.76,855.49,,,,"     ",3.60,737.48,1.63
532,444719910,"00532M12:17:17.009","00532 12:30:23",232.78,855.54,,,,"     ",3.60,739.45,1.63
532,444719911,"00532M12:17:17.982","00532 12:30:24",232.81,855.40,,,,"     ",3.60,735.89,1.62
532,444719912,"00532M12:17:18.956","00532 12:30:25",232.83,855.40,,,,"     ",3.60,732.72,1.61
532,444719913,"00532M12:17:19.929","00532 12:30:26",232.87,855.37,,,,"     ",3.60,741.19,1.63
532,444719914,"00532M12:17:20.902","00532 12:30:27",232.90,855.41,,,,"     ",3.60,745.49,1.64
532,444719915,"00532M12:17:21.875","00532 12:30:28",232.95,855.51,,,,"     ",3.60,733.82,1.61
532,444719916,"00532M12:17:22.849","00532 12:30:29",233.00,855.49,,,,"     ",3.60,736.73,1.62
532,444719917,"00532M12:17:23.822","00532 12:30:30",233.04,855.39,,,,"     ",3.60,744.12,1.63
532,444719918,"00532M12:17:24.795","00532 12:30:30",233.08,855.50,,,,"     ",3.60,732.12,1.60
532,444719919,"00532M12:17:25.768","00532 12:30:31",233.12,855.46,,,,"     ",3.60,740.32,1.62
532,444719920,"00532M12:17:26.742","00532 12:30:32",233.16,855.55,,,,"     ",3.60,733.61,1.60
532,444719921,"00532M12:17:27.715","00532 12:30:33",233.18,855.48,,,,"     ",3.60,738.32,1.61
532,444719922,"00532M12:17:28.688","00532 12:30:34",233.19,855.47,,,,"     ",3.60,743.13,1.62
532,444719923,"00532M12:17:29.661","00532 12:30:35",233.18,855.41,,,,"     ",3.60,742.37,1.62
532,444719924,"00532M12:17:30.635","00532 12:30:36",233.15,855.42,,,,"     ",3.60,738.96,1.61
532,444719925,"00532M12:17:31.608","00532 12:30:37",233.09,855.42,,,,"     ",3.60,746.72,1.63
532,444719926,"00532M12:17:32.581","00532 12:30:38",233.00,855.43,,,,"     ",3.60,743.41,1.62
532,444719927,"00532M12:17:33.554","00532 12:30:39",232.90,855.46,,,,"     ",3.60,745.69,1.62
532,444719928,"00532M12:17:34.528","00532 12:30:40",232.79,855.43,,,,"     ",3.60,740.86,1.61
532,444719929,"00532M12:17:35.501","00532 12:30:41",232.66,855.42,,,,"     ",3.60,743.41,1.61
532,444719930,"00532M12:17:36.474","00532 12:30:42",232.54,855.42,,,,"     ",3.60,744.56,1.62
532,444719931,"00532M12:17:37.448","00532 12:30:43",232.44,855.36,,,,"     ",3.60,741.02,1.61
532,444719932,"00532M12:17:38.421","00532 12:30:44",232.34,855.39,,,,"     ",3.60,740.44,1.60
532,444719933,"00532M12:17:39.394","00532 12:30:45",232.28,855.34,,,,"     ",3.60,743.63,1.61
532,444719934,"00532M12:17:40.367","00532 12:30:46",232.26,855.36,,,,"     ",3.60,752.68,1.63
532,444719935,"00532M12:17:41.341","00532 12:30:47",232.26,855.44,,,,"     ",3.60,742.99,1.61
532,444719936,"00532M12:17:42.314","00532 12:30:48",232.30,855.53,,,,"     ",3.60,746.01,1.61
532,444719937,"00532M12:17:43.287","00532 12:30:49",232.34,855.52,,,,"     ",3.60,747.12,1.62
532,444719938,"00532M12:17:44.260","00532 12:30:50",232.41,855.60,,,,"     ",3.60,745.37,1.61
532,444719939,"00532M12:17:45.234","00532 12:30:51",232.48,855.54,,,,"     ",3.60,745.14,1.61
532,444719940,"00532M12:17:46.207","00532 12:30:52",232.56,855.43,,,,"     ",3.60,755.02,1.63
532,444719941,"00532M12:17:47.180","00532 12:30:53",232.65,855.42,,,,"     ",3.60,745.75,1.61
532,444719942,"00532M12:17:48.153","00532 12:30:54",232.73,855.43,,,,"     ",3.60,755.27,1.63
532,444719943,"00532M12:17:49.127","00532 12:30:55",232.81,855.39,,,,"     ",3.60,742.34,1.60
532,444719944,"00532M12:17:50.100","00532 12:30:56",232.88,855.36,,,,"     ",3.60,746.08,1.61
532,444719945,"00532M12:17:51.073","00532 12:30:57",232.93,855.44,,,,"     ",3.60,752.97,1.62
532,444719946,"00532M12:17:52.046","00532 12:30:58",232.96,855.43,,,,"     ",3.60,743.23,1.60
532,444719947,"00532M12:17:53.020","00532 12:30:59",232.98,855.41,,,,"     ",3.60,754.34,1.62
532,444719948,"00532M12:17:53.993","00532 12:31:00",232.96,855.42,,,,"     ",3.60,750.25,1.61
532,444719949,"00532M12:17:54.966","00532 12:31:01",232.94,855.42,,,,"     ",3.60,750.35,1.61
532,444719950,"00532M12:17:55.939","00532 12:31:02",232.90,855.42,,,,"     ",3.60,749.10,1.61
532,444719951,"00532M12:17:56.913","00532 12:31:03",232.85,855.42,,,,"     ",3.60,758.20,1.63
532,444719952,"00532M12:17:57.886","00532 12:31:04",232.80,855.39,,,,"     ",3.60,749.50,1.61
532,444719953,"00532M12:17:58.859","00532 12:31:05",232.73,855.38,,,,"     ",3.60,752.50,1.61
532,444719954,"00532M12:17:59.832","00532 12:31:06",232.66,855.43,,,,"     ",3.60,753.21,1.61
532,444719955,"00532M12:18:00.806","00532 12:31:07",232.58,855.36,,,,"     ",3.60,750.78,1.61
532,444719956,"00532M12:18:01.779","00532 12:31:07",232.49,855.40,,,,"     ",3.60,752.31,1.61
532,444719957,"00532M12:18:02.752","00532 12:31:08",232.38,855.39,,,,"     ",3.60,749.27,1.60
532,444719958,"00532M12:18:03.725","00532 12:31:09",232.28,855.44,,,,"     ",3.60,756.79,1.62
532,444719959,"00532M12:18:04.699","00532 12:31:10",232.17,855.43,,,,"     ",3.60,754.88,1.61
532,444719960,"00532M12:18:05.672","00532 12:31:11",232.06,855.54,,,,"     ",3.60,758.20,1.62
532,444719961,"00532M12:18:06.645","00532 12:31:12",231.96,855.45,,,,"     ",3.60,758.19,1.62
532,444719962,"00532M12:18:07.618","00532 12:31:13",231.85,855.37,,,,"     ",3.60,751.61,1.60
532,444719963,"00532M12:18:08.592","00532 12:31:14",231.75,855.39,,,,"     ",3.60,753.58,1.60
532,444719964,"00532M12:18:09.565","00532 12:31:15",231.66,855.28,,,,"     ",3.60,750.25,1.60
532,444719965,"00532M12:18:10.538","00532 12:31:16",231.59,855.31,,,,"     ",3.60,760.82,1.62
532,444719966,"00532M12:18:11.511","00532 12:31:17",231.51,855.36,,,,"     ",3.60,756.38,1.61
532,444719967,"00532M12:18:12.485","00532 12:31:18",231.45,855.41,,,,"     ",3.60,762.70,1.62
532,444719968,"00532M12:18:13.458","00532 12:31:19",231.41,855.34,,,,"     ",3.60,750.93,1.59
532,444719969,"00532M12:18:14.431","00532 12:31:20",231.38,855.39,,,,"     ",3.60,753.35,1.60
532,444719970,"00532M12:18:15.404","00532 12:31:21",231.38,855.32,,,,"     ",3.60,761.44,1.61
532,444719971,"00532M12:18:16.378","00532 12:31:22",231.39,855.35,,,,"     ",3.60,761.00,1.61
532,444719972,"00532M12:18:17.351","00532 12:31:23",231.43,855.32,,,,"     ",3.60,762.56,1.61
532,444719973,"00532M12:18:18.324","00532 12:31:24",231.48,855.27,,,,"     ",3.60,765.40,1.62
532,444719974,"00532M12:18:19.297","00532 12:31:25",231.53,855.38,,,,"     ",3.60,763.26,1.61
532,444719975,"00532M12:18:20.271","00532 12:31:26",231.57,855.42,,,,"     ",3.60,759.00,1.60
532,444719976,"00532M12:18:21.244","00532 12:31:27",231.62,855.34,,,,"     ",3.60,761.03,1.61
532,444719977,"00532M12:18:22.217","00532 12:31:28",231.67,855.36,,,,"     ",3.60,762.73,1.61
532,444719978,"00532M12:18:23.190","00532 12:31:29",231.71,855.36,,,,"     ",3.60,761.76,1.61
532,444719979,"00532M12:18:24.164","00532 12:31:30",231.76,855.39,,,,"     ",3.60,757.64,1.60
532,444719980,"00532M12:18:25.137","00532 12:31:31",231.81,855.33,,,,"     ",3.60,759.88,1.60
532,444719981,"00532M12:18:26.110","00532 12:31:32",231.87,855.37,,,,"     ",3.60,766.43,1.61
532,444719982,"00532M12:18:27.083","00532 12:31:33",231.93,855.35,,,,"     ",3.60,758.80,1.60
532,444719983,"00532M12:18:28.057","00532 12:31:34",231.97,855.41,,,,"     ",3.60,770.93,1.62
532,444719984,"00532M12:18:29.030","00532 12:31:35",231.99,855.35,,,,"     ",3.60,766.84,1.61
532,444719985,"00532M12:18:30.003","00532 12:31:36",232.00,855.29,,,,"     ",3.60,754.07,1.58
532,444719986,"00532M12:18:30.976","00532 12:31:37",231.99,855.35,,,,"     ",3.60,772.55,1.62
532,444719987,"00532M12:18:31.950","00532 12:31:38",231.97,855.25,,,,"     ",3.60,766.89,1.61
532,444719988,"00532M12:18:32.923","00532 12:31:39",231.93,855.12,,,,"     ",3.60,766.31,1.61
532,444719989,"00532M12:18:33.896","00532 12:31:40",231.90,855.22,,,,"     ",3.60,771.23,1.62
532,444719990,"00532M12:18:34.869","00532 12:31:41",231.87,855.29,,,,"     ",3.60,764.66,1.60
532,444719991,"00532M12:18:35.843","00532 12:31:42",231.86,855.34,,,,"     ",3.60,766.64,1.60
532,444719992,"00532M12:18:36.816","00532 12:31:43",231.84,855.24,,,,"     ",3.60,771.20,1.61
532,444719993,"00532M12:18:37.789","00532 12:31:44",231.85,855.25,,,,"     ",3.60,771.37,1.61
532,444719994,"00532M12:18:38.762","00532 12:31:44",231.86,855.27,,,,"     ",3.60,769.15,1.61
532,444719995,"00532M12:18:39.736","00532 12:31:45",231.90,855.26,,,,"     ",3.60,763.80,1.59
532,444719996,"00532M12:18:40.709","00532 12:31:46",231.96,855.30,,,,"     ",3.60,769.04,1.60
532,444719997,"00532M12:18:41.682","00532 12:31:47",232.03,855.27,,,,"     ",3.60,775.77,1.62
532,444719998,"00532M12:18:42.655","00532 12:31:48",232.11,855.26,,,,"     ",3.60,776.02,1.61
532,444719999,"00532M12:18:43.629","00532 12:31:49",232.20,855.27,,,,"     ",3.60,764.22,1.59
532,444720000,"00532M12:18:44.602","00532 12:31:50",232.26,855.26,,,,"     ",3.60,767.72,1.60
532,444720001,"00532M12:18:45.575","00532 12:31:51",232.30,855.27,,,,"     ",3.60,771.50,1.60
532,444720002,"00532M12:18:46.549","00532 12:31:52",232.31,855.38,,,,"     ",3.60,767.81,1.59
532,444720003,"00532M12:18:47.522","00532 12:31:53",232.28,855.30,,,,"     ",3.60,777.16,1.61
532,444720004,"00532M12:18:48.495","00532 12:31:54",232.22,855.26,,,,"     ",3.60,771.13,1.60
532,444720005,"00532M12:18:49.468","00532 12:31:55",232.15,855.30,,,,"     ",3.60,781.81,1.62
532,444720006,"00532M12:18:50.442","00532 12:31:56",232.06,855.34,,,,"     ",3.60,777.55,1.61
532,444720007,"00532M12:18:51.415","00532 12:31:57",231.97,855.27,,,,"     ",3.60,762.94,1.58
532,444720008,"00532M12:18:52.388","00532 12:31:58",231.86,855.28,,,,"     ",3.60,779.14,1.61
532,444720009,"00532M12:18:53.361","00532 12:31:59",231.76,855.37,,,,"     ",3.60,770.43,1.59
532,444720010,"00532M12:18:54.335","00532 12:32:00",231.65,855.32,,,,"     ",3.60,779.79,1.61
532,444720011,"00532M12:18:55.308","00532 12:32:01",231.54,855.29,,,,"     ",3.60,778.25,1.61
532,444720012,"00532M12:18:56.281","00532 12:32:02",231.44,855.21,,,,"     ",3.60,771.29,1.59
532,444720013,"00532M12:18:57.254","00532 12:32:03",231.35,855.28,,,,"     ",3.60,766.33,1.58
532,444720014,"00532M12:18:58.228","00532 12:32:04",231.26,855.28,,,,"     ",3.60,768.80,1.58
532,444720015,"00532M12:18:59.201","00532 12:32:05",231.18,855.22,,,,"     ",3.60,772.33,1.59
532,444720016,"00532M12:19:00.174","00532 12:32:06",231.11,855.24,,,,"     ",3.60,778.84,1.60
532,444720017,"00532M12:19:01.147","00532 12:32:07",231.04,855.27,,,,"     ",3.60,784.43,1.61
532,444720018,"00532M12:19:02.121","00532 12:32:08",230.98,855.27,,,,"     ",3.60,781.58,1.61
532,444720019,"00532M12:19:03.094","00532 12:32:09",230.92,855.19,,,,"     ",3.60,776.71,1.60
532,444720020,"00532M12:19:04.067","00532 12:32:10",230.86,855.20,,,,"     ",3.60,773.83,1.59
532,444720021,"00532M12:19:05.040","00532 12:32:11",230.81,855.26,,,,"     ",3.60,771.96,1.59
532,444720022,"00532M12:19:06.014","00532 12:32:12",230.78,855.21,,,,"     ",3.60,774.21,1.59
532,444720023,"00532M12:19:06.987","00532 12:32:13",230.75,855.15,,,,"     ",3.60,770.02,1.58
532,444720024,"00532M12:19:07.960","00532 12:32:14",230.73,855.15,,,,"     ",3.60,781.33,1.60
532,444720025,"00532M12:19:08.933","00532 12:32:15",230.72,855.22,,,,"     ",3.60,769.00,1.58
532,444720026,"00532M12:19:09.907","00532 12:32:16",230.72,855.23,,,,"     ",3.60,776.44,1.59
532,444720027,"00532M12:19:10.880","00532 12:32:17",230.73,855.17,,,,"     ",3.60,775.35,1.59
532,444720028,"00532M12:19:11.853","00532 12:32:18",230.75,855.23,,,,"     ",3.60,774.43,1.59
532,444720029,"00532M12:19:12.826","00532 12:32:19",230.78,855.22,,,,"     ",3.60,772.59,1.58
532,444720030,"00532M12:19:13.800","00532 12:32:20",230.82,855.24,,,,"     ",3.60,772.65,1.58
532,444720031,"00532M12:19:14.773","00532 12:32:20",230.86,855.26,,,,"     ",3.60,776.75,1.59
532,444720032,"00532M12:19:15.746","00532 12:32:21",230.92,855.24,,,,"     ",3.60,778.31,1.59
532,444720033,"00532M12:19:16.719","00532 12:32:22",230.97,855.26,,,,"     ",3.60,781.86,1.60
532,444720034,"00532M12:19:17.693","00532 12:32:23",231.01,855.30,,,,"     ",3.60,777.62,1.59
532,444720035,"00532M12:19:18.666","00532 12:32:24",231.05,855.31,,,,"     ",3.60,781.46,1.60
532,444720036,"00532M12:19:19.639","00532 12:32:25",231.08,855.17,,,,"     ",3.60,773.10,1.58
532,444720037,"00532M12:19:20.612","00532 12:32:26",231.09,855.30,,,,"     ",3.60,776.77,1.58
532,444720038,"00532M12:19:21.586","00532 12:32:27",231.10,855.25,,,,"     ",3.60,775.72,1.58
532,444720039,"00532M12:19:22.559","00532 12:32:28",231.09,855.27,,,,"     ",3.60,777.60,1.59
532,444720040,"00532M12:19:23.532","00532 12:32:29",231.07,855.27,,,,"     ",3.60,775.99,1.58
532,444720041,"00532M12:19:24.505","00532 12:32:30",231.05,855.21,,,,"     ",3.60,789.34,1.61
532,444720042,"00532M12:19:25.479","00532 12:32:31",231.03,855.18,,,,"     ",3.60,784.29,1.60
532,444720043,"00532M12:19:26.452","00532 12:32:32",231.02,855.18,,,,"     ",3.60,779.92,1.59
532,444720044,"00532M12:19:27.425","00532 12:32:33",231.02,855.20,,,,"     ",3.60,781.16,1.59
532,444720045,"00532M12:19:28.398","00532 12:32:34",231.05,855.10,,,,"     ",3.60,789.27,1.60
532,444720046,"00532M12:19:29.372","00532 12:32:35",231.08,855.17,,,,"     ",3.60,780.23,1.58
532,444720047,"00532M12:19:30.345","00532 12:32:36",231.15,855.10,,,,"     ",3.60,776.77,1.58
532,444720048,"00532M12:19:31.318","00532 12:32:37",231.23,855.08,,,,"     ",3.60,784.79,1.59
532,444720049,"00532M12:19:32.291","00532 12:32:38",231.32,855.07,,,,"     ",3.60,784.84,1.59
532,444720050,"00532M12:19:33.265","00532 12:32:39",231.42,855.21,,,,"     ",3.60,777.34,1.57
532,444720051,"00532M12:19:34.238","00532 12:32:40",231.51,855.19,,,,"     ",3.60,790.72,1.60
532,444720052,"00532M12:19:35.211","00532 12:32:41",231.60,855.18,,,,"     ",3.60,781.46,1.58
532,444720053,"00532M12:19:36.184","00532 12:32:42",231.68,855.17,,,,"     ",3.60,788.64,1.60
532,444720054,"00532M12:19:37.158","00532 12:32:43",231.74,855.12,,,,"     ",3.60,789.50,1.60
532,444720055,"00532M12:19:38.131","00532 12:32:44",231.78,855.10,,,,"     ",3.60,789.52,1.60
532,444720056,"00532M12:19:39.104","00532 12:32:45",231.79,855.10,,,,"     ",3.60,787.30,1.59
532,444720057,"00532M12:19:40.077","00532 12:32:46",231.78,855.14,,,,"     ",3.60,790.35,1.60
532,444720058,"00532M12:19:41.051","00532 12:32:47",231.75,855.11,,,,"     ",3.60,786.38,1.59
532,444720059,"00532M12:19:42.024","00532 12:32:48",231.70,855.12,,,,"     ",3.60,780.02,1.57
532,444720060,"00532M12:19:42.997","00532 12:32:49",231.65,855.09,,,,"     ",3.60,784.89,1.58
532,444720061,"00532M12:19:43.970","00532 12:32:50",231.59,855.05,,,,"     ",3.60,782.52,1.58
532,444720062,"00532M12:19:44.944","00532 12:32:51",231.54,855.12,,,,"     ",3.60,784.78,1.58
532,444720063,"00532M12:19:45.917","00532 12:32:52",231.51,855.16,,,,"     ",3.60,791.59,1.59
532,444720064,"00532M12:19:46.890","00532 12:32:53",231.50,855.18,,,,"     ",3.60,788.65,1.59
532,444720065,"00532M12:19:47.863","00532 12:32:54",231.50,855.18,,,,"     ",3.60,786.23,1.58
532,444720066,"00532M12:19:48.837","00532 12:32:55",231.51,855.13,,,,"     ",3.60,791.97,1.59
532,444720067,"00532M12:19:49.810","00532 12:32:56",231.53,855.21,,,,"     ",3.60,781.59,1.57
532,444720068,"00532M12:19:50.783","00532 12:32:57",231.55,855.19,,,,"     ",3.60,786.13,1.58
532,444720069,"00532M12:19:51.756","00532 12:32:57",231.57,855.24,,,,"     ",3.60,786.04,1.58
532,444720070,"00532M12:19:52.730","00532 12:32:58",231.59,855.25,,,,"     ",3.60,793.29,1.59
532,444720071,"00532M12:19:53.703","00532 12:32:59",231.59,855.18,,,,"     ",3.60,787.12,1.58
532,444720072,"00532M12:19:54.676","00532 12:33:00",231.58,855.18,,,,"     ",3.60,788.87,1.58
532,444720073,"00532M12:19:55.650","00532 12:33:01",231.55,855.12,,,,"     ",3.60,789.17,1.58
532,444720074,"00532M12:19:56.623","00532 12:33:02",231.50,855.10,,,,"     ",3.60,798.17,1.60
532,444720075,"00532M12:19:57.596","00532 12:33:03",231.43,855.18,,,,"     ",3.60,797.27,1.59
532,444720076,"00532M12:19:58.569","00532 12:33:04",231.35,855.16,,,,"     ",3.60,785.87,1.57
532,444720077,"00532M12:19:59.543","00532 12:33:05",231.26,855.15,,,,"     ",3.60,789.98,1.58
532,444720078,"00532M12:20:00.516","00532 12:33:06",231.18,855.14,,,,"     ",3.60,798.17,1.59
532,444720079,"00532M12:20:01.489","00532 12:33:07",231.10,855.12,,,,"     ",3.60,791.09,1.58
532,444720080,"00532M12:20:02.462","00532 12:33:08",231.02,855.11,,,,"     ",3.60,789.24,1.57
532,444720081,"00532M12:20:03.436","00532 12:33:09",230.93,855.11,,,,"     ",3.60,790.08,1.57
532,444720082,"00532M12:20:04.409","00532 12:33:10",230.85,855.06,,,,"     ",3.60,794.34,1.58
532,444720083,"00532M12:20:05.382","00532 12:33:11",230.75,855.16,,,,"     ",3.60,798.02,1.59
532,444720084,"00532M12:20:06.355","00532 12:33:12",230.67,855.11,,,,"     ",3.60,797.53,1.59
532,444720085,"00532M12:20:07.329","00532 12:33:13",230.58,855.17,,,,"     ",3.60,786.89,1.56
532,444720086,"00532M12:20:08.302","00532 12:33:14",230.51,855.14,,,,"     ",3.60,792.41,1.57
532,444720087,"00532M12:20:09.275","00532 12:33:15",230.44,855.16,,,,"     ",3.60,791.74,1.57
532,444720088,"00532M12:20:10.248","00532 12:33:16",230.38,855.18,,,,"     ",3.60,799.89,1.59
532,444720089,"00532M12:20:11.222","00532 12:33:17",230.34,855.12,,,,"     ",3.60,797.77,1.58
532,444720090,"00532M12:20:12.195","00532 12:33:18",230.31,855.06,,,,"     ",3.60,793.81,1.57
532,444720091,"00532M12:20:13.168","00532 12:33:19",230.29,855.11,,,,"     ",3.60,795.78,1.58
532,444720092,"00532M12:20:14.141","00532 12:33:20",230.28,855.12,,,,"     ",3.60,799.47,1.58
532,444720093,"00532M12:20:15.115","00532 12:33:21",230.29,855.12,,,,"     ",3.60,789.57,1.56
532,444720094,"00532M12:20:16.088","00532 12:33:22",230.32,855.06,,,,"     ",3.60,793.67,1.57
532,444720095,"00532M12:20:17.061","00532 12:33:23",230.35,855.07,,,,"     ",3.60,785.78,1.55
532,444720096,"00532M12:20:18.034","00532 12:33:24",230.39,855.10,,,,"     ",3.60,795.51,1.57
532,444720097,"00532M12:20:19.008","00532 12:33:25",230.43,855.11,,,,"     ",3.60,802.64,1.59
532,444720098,"00532M12:20:19.981","00532 12:33:26",230.46,855.07,,,,"     ",3.60,794.01,1.57
532,444720099,"00532M12:20:20.954","00532 12:33:27",230.48,855.07,,,,"     ",3.60,799.69,1.58
532,444720100,"00532M12:20:21.927","00532 12:33:28",230.47,855.01,,,,"     ",3.60,805.66,1.59
532,444720101,"00532M12:20:22.901","00532 12:33:29",230.46,855.02,,,,"     ",3.60,800.72,1.58
532,444720102,"00532M12:20:23.874","00532 12:33:30",230.44,855.00,,,,"     ",3.60,798.03,1.57
532,444720103,"00532M12:20:24.847","00532 12:33:31",230.40,855.04,,,,"     ",3.60,809.32,1.59
532,444720104,"00532M12:20:25.820","00532 12:33:32",230.37,855.01,,,,"     ",3.60,797.12,1.57
532,444720105,"00532M12:20:26.794","00532 12:33:33",230.34,855.14,,,,"     ",3.60,797.36,1.57
532,444720106,"00532M12:20:27.767","00532 12:33:33",230.32,854.98,,,,"     ",3.60,801.96,1.58
532,444720107,"00532M12:20:28.740","00532 12:33:34",230.29,854.99,,,,"     ",3.60,792.65,1.56
532,444720108,"00532M12:20:29.713","00532 12:33:35",230.27,855.06,,,,"     ",3.60,807.99,1.59
532,444720109,"00532M12:20:30.687","00532 12:33:36",230.24,855.04,,,,"     ",3.60,796.86,1.56
532,444720110,"00532M12:20:31.660","00532 12:33:37",230.22,854.98,,,,"     ",3.60,807.83,1.58
532,444720111,"00532M12:20:32.633","00532 12:33:38",230.20,854.97,,,,"     ",3.60,796.83,1.56
532,444720112,"00532M12:20:33.606","00532 12:33:39",230.18,855.02,,,,"     ",3.60,795.89,1.56
532,444720113,"00532M12:20:34.580","00532 12:33:40",230.16,855.02,,,,"     ",3.60,800.61,1.57
532,444720114,"00532M12:20:35.553","00532 12:33:41",230.15,855.01,,,,"     ",3.60,802.94,1.57
532,444720115,"00532M12:20:36.526","00532 12:33:42",230.13,854.99,,,,"     ",3.60,802.97,1.57
532,444720116,"00532M12:20:37.499","00532 12:33:43",230.12,855.02,,,,"     ",3.60,806.03,1.58
532,444720117,"00532M12:20:38.473","00532 12:33:44",230.12,855.06,,,,"     ",3.60,809.76,1.58
532,444720118,"00532M12:20:39.446","00532 12:33:45",230.11,855.08,,,,"     ",3.60,808.66,1.58
532,444720119,"00532M12:20:40.419","00532 12:33:46",230.10,855.17,,,,"     ",3.60,806.84,1.58
532,444720120,"00532M12:20:41.392","00532 12:33:47",230.39,855.14,5.40,,221.19,"  101110",3.60,802.24,1.56
532,444720121,"00532M12:20:42.366","00532 12:33:48",230.35,855.09,,,,"     ",3.60,808.56,1.58
532,444720122,"00532M12:20:43.339","00532 12:33:49",230.32,855.05,,,,"     ",3.60,802.38,1.56
532,444720123,"00532M12:20:44.312","00532 12:33:50",230.30,855.04,,,,"     ",3.60,810.66,1.58
532,444720124,"00532M12:20:45.285","00532 12:33:51",230.28,855.17,,,,"     ",3.60,806.45,1.57
532,444720125,"00532M12:20:46.259","00532 12:33:52",230.28,855.14,,,,"     ",3.60,808.04,1.57
532,444720126,"00532M12:20:47.232","00532 12:33:53",230.27,855.03,,,,"     ",3.60,804.05,1.56
532,444720127,"00532M12:20:48.205","00532 12:33:54",230.29,854.96,,,,"     ",3.60,797.60,1.55
532,444720128,"00532M12:20:49.178","00532 12:33:55",230.31,855.00,,,,"     ",3.60,813.08,1.58
532,444720129,"00532M12:20:50.152","00532 12:33:56",230.33,855.01,,,,"     ",3.60,813.38,1.58
532,444720130,"00532M12:20:51.125","00532 12:33:57",230.37,855.02,,,,"     ",3.60,804.87,1.56
532,444720131,"00532M12:20:52.098","00532 12:33:58",230.42,855.10,,,,"     ",3.60,806.80,1.56
532,444720132,"00532M12:20:53.071","00532 12:33:59",230.47,855.02,,,,"     ",3.60,811.23,1.57
532,444720133,"00532M12:20:54.045","00532 12:34:00",230.53,855.02,,,,"     ",3.60,811.14,1.57
532,444720134,"00532M12:20:55.018","00532 12:34:01",230.59,855.05,,,,"     ",3.60,802.39,1.55
532,444720135,"00532M12:20:55.991","00532 12:34:02",230.68,855.09,,,,"     ",3.60,812.58,1.57
532,444720136,"00532M12:20:56.964","00532 12:34:03",230.77,855.02,,,,"     ",3.60,810.14,1.57
532,444720137,"00532M12:20:57.938","00532 12:34:04",230.88,854.99,,,,"     ",3.60,809.47,1.56
532,444720138,"00532M12:20:58.911","00532 12:34:05",230.99,854.90,,,,"     ",3.60,811.61,1.57
532,444720139,"00532M12:20:59.884","00532 12:34:06",231.11,854.86,,,,"     ",3.60,804.41,1.55
532,444720140,"00532M12:21:00.857","00532 12:34:07",231.22,854.90,,,,"     ",3.60,813.81,1.57
532,444720141,"00532M12:21:01.831","00532 12:34:08",231.33,854.95,,,,"     ",3.60,821.19,1.58
532,444720142,"00532M12:21:02.804","00532 12:34:09",231.44,854.92,,,,"     ",3.60,814.48,1.57
532,444720143,"00532M12:21:03.777","00532 12:34:10",231.54,854.91,,,,"     ",3.60,812.22,1.56
532,444720144,"00532M12:21:04.750","00532 12:34:10",231.63,854.87,,,,"     ",3.60,809.59,1.56
532,444720145,"00532M12:21:05.724","00532 12:34:11",231.72,854.88,,,,"     ",3.60,806.87,1.55
532,444720146,"00532M12:21:06.697","00532 12:34:12",231.80,854.85,,,,"     ",3.60,813.04,1.56
532,444720147,"00532M12:21:07.670","00532 12:34:13",231.87,854.82,,,,"     ",3.60,816.75,1.57
532,444720148,"00532M12:21:08.644","00532 12:34:14",231.96,854.81,,,,"     ",3.60,807.34,1.55
532,444720149,"00532M12:21:09.617","00532 12:34:15",232.04,854.97,,,,"     ",3.60,809.04,1.55
532,444720150,"00532M12:21:10.590","00532 12:34:16",232.12,854.96,,,,"     ",3.60,806.93,1.55
532,444720151,"00532M12:21:11.563","00532 12:34:17",232.21,854.90,,,,"     ",3.60,812.85,1.56
532,444720152,"00532M12:21:12.537","00532 12:34:18",232.30,854.96,,,,"     ",3.60,816.07,1.56
532,444720153,"00532M12:21:13.510","00532 12:34:19",232.39,854.83,,,,"     ",3.60,815.35,1.56
532,444720154,"00532M12:21:14.483","00532 12:34:20",232.49,854.89,,,,"     ",3.60,813.58,1.56
532,444720155,"00532M12:21:15.456","00532 12:34:21",232.59,854.93,,,,"     ",3.60,816.27,1.56
532,444720156,"00532M12:21:16.430","00532 12:34:22",232.69,854.92,,,,"     ",3.60,814.77,1.56
532,444720157,"00532M12:21:17.403","00532 12:34:23",232.79,854.97,,,,"     ",3.60,811.44,1.55
532,444720158,"00532M12:21:18.376","00532 12:34:24",232.88,854.89,,,,"     ",3.60,814.88,1.56
532,444720159,"00532M12:21:19.349","00532 12:34:25",232.97,854.96,,,,"     ",3.60,813.06,1.55
532,444720160,"00532M12:21:20.323","00532 12:34:26",233.05,854.89,,,,"     ",3.60,811.25,1.55
532,444720161,"00532M12:21:21.296","00532 12:34:27",233.12,854.87,,,,"     ",3.60,821.73,1.57
532,444720162,"00532M12:21:22.269","00532 12:34:28",233.20,854.86,,,,"     ",3.60,814.53,1.55
532,444720163,"00532M12:21:23.242","00532 12:34:29",233.27,854.87,,,,"     ",3.60,815.58,1.55
532,444720164,"00532M12:21:24.216","00532 12:34:30",233.34,854.90,,,,"     ",3.60,815.70,1.55
532,444720165,"00532M12:21:25.189","00532 12:34:31",233.40,854.87,,,,"     ",3.60,816.65,1.55
532,444720166,"00532M12:21:26.162","00532 12:34:32",233.46,854.93,,,,"     ",3.60,815.43,1.55
532,444720167,"00532M12:21:27.135","00532 12:34:33",233.51,854.95,,,,"     ",3.60,814.50,1.55
532,444720168,"00532M12:21:28.109","00532 12:34:34",233.54,854.85,,,,"     ",3.60,828.10,1.57
532,444720169,"00532M12:21:29.082","00532 12:34:35",233.55,854.92,,,,"     ",3.60,816.82,1.55
532,444720170,"00532M12:21:30.055","00532 12:34:36",233.56,854.89,,,,"     ",3.60,824.71,1.56
532,444720171,"00532M12:21:31.028","00532 12:34:37",233.55,854.96,,,,"     ",3.60,821.78,1.56
532,444720172,"00532M12:21:32.002","00532 12:34:38",233.55,854.90,,,,"     ",3.60,816.78,1.55
532,444720173,"00532M12:21:32.975","00532 12:34:39",233.54,854.90,,,,"     ",3.60,822.00,1.55
532,444720174,"00532M12:21:33.948","00532 12:34:40",233.54,854.97,,,,"     ",3.60,823.77,1.56
532,444720175,"00532M12:21:34.921","00532 12:34:41",233.54,854.87,,,,"     ",3.60,829.77,1.57
532,444720176,"00532M12:21:35.895","00532 12:34:42",233.54,854.84,,,,"     ",3.60,822.02,1.55
532,444720177,"00532M12:21:36.868","00532 12:34:43",233.56,854.85,,,,"     ",3.60,816.47,1.54
532,444720178,"00532M12:21:37.841","00532 12:34:44",233.59,854.95,,,,"     ",3.60,817.30,1.54
532,444720179,"00532M12:21:38.814","00532 12:34:45",233.64,854.87,,,,"     ",3.60,822.15,1.55
532,444720180,"00532M12:21:39.788","00532 12:34:46",233.70,854.94,,,,"     ",3.60,822.39,1.55
532,444720181,"00532M12:21:40.761","00532 12:34:46",233.76,854.95,,,,"     ",3.60,818.53,1.54
532,444720182,"00532M12:21:41.734","00532 12:34:47",233.82,855.01,,,,"     ",3.60,825.81,1.55
532,444720183,"00532M12:21:42.707","00532 12:34:48",233.87,854.95,,,,"     ",3.60,825.66,1.55
532,444720184,"00532M12:21:43.681","00532 12:34:49",233.90,854.93,,,,"     ",3.60,818.54,1.54
532,444720185,"00532M12:21:44.654","00532 12:34:50",233.91,854.93,,,,"     ",3.60,828.69,1.56
532,444720186,"00532M12:21:45.627","00532 12:34:51",233.90,855.01,,,,"     ",3.60,820.42,1.54
532,444720187,"00532M12:21:46.600","00532 12:34:52",233.88,855.00,,,,"     ",3.60,835.20,1.57
532,444720188,"00532M12:21:47.574","00532 12:34:53",233.85,854.95,,,,"     ",3.60,824.55,1.54
532,444720189,"00532M12:21:48.547","00532 12:34:54",233.82,854.93,,,,"     ",3.60,826.18,1.55
532,444720190,"00532M12:21:49.520","00532 12:34:55",233.79,854.89,,,,"     ",3.60,833.38,1.56
532,444720191,"00532M12:21:50.493","00532 12:34:56",233.75,854.91,,,,"     ",3.60,824.08,1.54
532,444720192,"00532M12:21:51.467","00532 12:34:57",233.72,854.86,,,,"     ",3.60,830.79,1.55
532,444720193,"00532M12:21:52.440","00532 12:34:58",233.68,854.95,,,,"     ",3.60,833.54,1.56
532,444720194,"00532M12:21:53.413","00532 12:34:59",233.66,855.00,,,,"     ",3.60,836.91,1.56
532,444720195,"00532M12:21:54.386","00532 12:35:00",233.65,855.00,,,,"     ",3.60,835.73,1.56
532,444720196,"00532M12:21:55.360","00532 12:35:01",233.67,854.97,,,,"     ",3.60,823.97,1.54
532,444720197,"00532M12:21:56.333","00532 12:35:02",233.69,854.89,,,,"     ",3.60,835.16,1.56
532,444720198,"00532M12:21:57.306","00532 12:35:03",233.73,854.92,,,,"     ",3.60,833.91,1.55
532,444720199,"00532M12:21:58.279","00532 12:35:04",233.78,854.91,,,,"     ",3.60,828.21,1.54
532,444720200,"00532M12:21:59.253","00532 12:35:05",233.82,854.92,,,,"     ",3.60,835.25,1.55
532,444720201,"00532M12:22:00.226","00532 12:35:06",233.84,854.89,,,,"     ",3.60,828.80,1.54
532,444720202,"00532M12:22:01.199","00532 12:35:07",233.86,854.97,,,,"     ",3.60,831.39,1.54
532,444720203,"00532M12:22:02.172","00532 12:35:08",233.87,854.96,,,,"     ",3.60,838.13,1.56
532,444720204,"00532M12:22:03.146","00532 12:35:09",233.88,854.93,,,,"     ",3.60,829.81,1.54
532,444720205,"00532M12:22:04.119","00532 12:35:10",233.88,854.94,,,,"     ",3.60,838.70,1.56
532,444720206,"00532M12:22:05.092","00532 12:35:11",233.89,854.93,,,,"     ",3.60,830.28,1.54
532,444720207,"00532M12:22:06.065","00532 12:35:12",233.89,854.90,,,,"     ",3.60,825.84,1.53
532,444720208,"00532M12:22:07.039","00532 12:35:13",233.88,854.89,,,,"     ",3.60,833.38,1.54
532,444720209,"00532M12:22:08.012","00532 12:35:14",233.85,854.89,,,,"     ",3.60,823.75,1.52
532,444720210,"00532M12:22:08.985","00532 12:35:15",233.82,854.85,,,,"     ",3.60,834.79,1.54
532,444720211,"00532M12:22:09.958","00532 12:35:16",233.77,854.92,,,,"     ",3.60,833.98,1.54
532,444720212,"00532M12:22:10.932","00532 12:35:17",233.73,854.89,,,,"     ",3.60,822.87,1.52
532,444720213,"00532M12:22:11.905","00532 12:35:18",233.70,854.85,,,,"     ",3.60,833.80,1.54
532,444720214,"00532M12:22:12.878","00532 12:35:19",233.68,854.85,,,,"     ",3.60,829.17,1.53
532,444720215,"00532M12:22:13.851","00532 12:35:20",233.67,854.84,,,,"     ",3.60,833.31,1.54
532,444720216,"00532M12:22:14.825","00532 12:35:21",233.66,854.89,,,,"     ",3.60,834.04,1.54
532,444720217,"00532M12:22:15.798","00532 12:35:22",233.65,854.84,,,,"     ",3.60,831.31,1.53
532,444720218,"00532M12:22:16.771","00532 12:35:23",233.62,854.92,,,,"     ",3.60,839.09,1.54
532,444720219,"00532M12:22:17.745","00532 12:35:23",233.57,854.96,,,,"     ",3.60,834.44,1.54
532,444720220,"00532M12:22:18.718","00532 12:35:24",233.50,854.82,,,,"     ",3.60,839.54,1.54
532,444720221,"00532M12:22:19.691","00532 12:35:25",233.41,854.83,,,,"     ",3.60,834.20,1.53
532,444720222,"00532M12:22:20.664","00532 12:35:26",233.31,854.88,,,,"     ",3.60,838.97,1.54
532,444720223,"00532M12:22:21.638","00532 12:35:27",233.20,854.90,,,,"     ",3.60,834.77,1.53
532,444720224,"00532M12:22:22.611","00532 12:35:28",233.09,854.85,,,,"     ",3.60,836.49,1.53
532,444720225,"00532M12:22:23.584","00532 12:35:29",232.99,854.94,,,,"     ",3.60,846.79,1.55
532,444720226,"00532M12:22:24.557","00532 12:35:30",232.88,854.94,,,,"     ",3.60,837.24,1.53
532,444720227,"00532M12:22:25.531","00532 12:35:31",232.79,854.85,,,,"     ",3.60,828.93,1.52
532,444720228,"00532M12:22:26.504","00532 12:35:32",232.70,854.83,,,,"     ",3.60,846.49,1.55
532,444720229,"00532M12:22:27.477","00532 12:35:33",232.62,854.82,,,,"     ",3.60,840.68,1.54
532,444720230,"00532M12:22:28.450","00532 12:35:34",232.56,854.91,,,,"     ",3.60,843.38,1.54
532,444720231,"00532M12:22:29.424","00532 12:35:35",232.51,854.86,,,,"     ",3.60,844.33,1.54
532,444720232,"00532M12:22:30.397","00532 12:35:36",232.47,854.82,,,,"     ",3.60,847.47,1.55
532,444720233,"00532M12:22:31.370","00532 12:35:37",232.45,854.89,,,,"     ",3.60,848.88,1.55
532,444720234,"00532M12:22:32.343","00532 12:35:38",232.42,854.81,,,,"     ",3.60,849.54,1.55
532,444720235,"00532M12:22:33.317","00532 12:35:39",232.37,854.79,,,,"     ",3.60,840.29,1.53
532,444720236,"00532M12:22:34.290","00532 12:35:40",232.30,854.82,,,,"     ",3.60,839.36,1.53
532,444720237,"00532M12:22:35.263","00532 12:35:41",232.21,854.85,,,,"     ",3.60,833.85,1.52
532,444720238,"00532M12:22:36.236","00532 12:35:42",232.10,854.91,,,,"     ",3.60,840.44,1.53
532,444720239,"00532M12:22:37.210","00532 12:35:43",231.97,854.84,,,,"     ",3.60,837.18,1.52
532,444720240,"00532M12:22:38.183","00532 12:35:44",231.83,854.85,,,,"     ",3.60,851.16,1.55
532,444720241,"00532M12:22:39.156","00532 12:35:45",231.70,854.82,,,,"     ",3.60,849.46,1.54
532,444720242,"00532M12:22:40.129","00532 12:35:46",231.57,854.83,,,,"     ",3.60,839.09,1.52
532,444720243,"00532M12:22:41.103","00532 12:35:47",231.44,854.85,,,,"     ",3.60,847.54,1.54
532,444720244,"00532M12:22:42.076","00532 12:35:48",231.34,854.80,,,,"     ",3.60,844.62,1.53
532,444720245,"00532M12:22:43.049","00532 12:35:49",231.24,854.85,,,,"     ",3.60,844.10,1.53
532,444720246,"00532M12:22:44.022","00532 12:35:50",231.15,854.81,,,,"     ",3.60,840.85,1.53
532,444720247,"00532M12:22:44.996","00532 12:35:51",231.07,854.84,,,,"     ",3.60,845.49,1.53
532,444720248,"00532M12:22:45.969","00532 12:35:52",230.98,854.83,,,,"     ",3.60,841.22,1.52
532,444720249,"00532M12:22:46.942","00532 12:35:53",230.90,854.87,,,,"     ",3.60,850.83,1.54
532,444720250,"00532M12:22:47.915","00532 12:35:54",230.81,854.84,,,,"     ",3.60,847.88,1.54
532,444720251,"00532M12:22:48.889","00532 12:35:55",230.73,854.83,,,,"     ",3.60,843.49,1.53
532,444720252,"00532M12:22:49.862","00532 12:35:56",230.64,854.76,,,,"     ",3.60,845.52,1.53
532,444720253,"00532M12:22:50.835","00532 12:35:57",230.56,854.81,,,,"     ",3.60,842.98,1.52
532,444720254,"00532M12:22:51.808","00532 12:35:58",230.46,854.85,,,,"     ",3.60,843.21,1.52
532,444720255,"00532M12:22:52.782","00532 12:35:59",230.39,854.79,,,,"     ",3.60,839.97,1.52
532,444720256,"00532M12:22:53.755","00532 12:35:59",230.31,854.81,,,,"     ",3.60,843.46,1.52
532,444720257,"00532M12:22:54.728","00532 12:36:00",230.25,854.78,,,,"     ",3.60,841.68,1.52
532,444720258,"00532M12:22:55.701","00532 12:36:01",230.19,854.88,,,,"     ",3.60,841.68,1.52
532,444720259,"00532M12:22:56.675","00532 12:36:02",230.16,854.84,,,,"     ",3.60,847.54,1.53
532,444720260,"00532M12:22:57.648","00532 12:36:03",230.13,854.89,,,,"     ",3.60,854.41,1.54
532,444720261,"00532M12:22:58.621","00532 12:36:04",230.11,854.92,,,,"     ",3.60,849.68,1.53
532,444720262,"00532M12:22:59.594","00532 12:36:05",230.09,854.80,,,,"     ",3.60,851.30,1.53
532,444720263,"00532M12:23:00.568","00532 12:36:06",230.06,854.87,,,,"     ",3.60,857.79,1.54
532,444720264,"00532M12:23:01.541","00532 12:36:07",230.01,854.83,,,,"     ",3.60,842.62,1.52
532,444720265,"00532M12:23:02.514","00532 12:36:08",229.95,854.85,,,,"     ",3.60,845.49,1.52
532,444720266,"00532M12:23:03.487","00532 12:36:09",229.87,854.86,,,,"     ",3.60,850.18,1.53
532,444720267,"00532M12:23:04.461","00532 12:36:10",229.78,854.81,,,,"     ",3.60,846.76,1.52
532,444720268,"00532M12:23:05.434","00532 12:36:11",229.68,854.73,,,,"     ",3.60,848.88,1.52
532,444720269,"00532M12:23:06.407","00532 12:36:12",229.59,854.76,,,,"     ",3.60,850.88,1.53
532,444720270,"00532M12:23:07.380","00532 12:36:13",229.51,854.71,,,,"     ",3.60,852.96,1.53
532,444720271,"00532M12:23:08.354","00532 12:36:14",229.44,854.82,,,,"     ",3.60,851.99,1.53
532,444720272,"00532M12:23:09.327","00532 12:36:15",229.39,854.77,,,,"     ",3.60,851.88,1.53
532,444720273,"00532M12:23:10.300","00532 12:36:16",229.37,854.80,,,,"     ",3.60,856.30,1.53
532,444720274,"00532M12:23:11.273","00532 12:36:17",229.38,854.82,,,,"     ",3.60,850.07,1.52
532,444720275,"00532M12:23:12.247","00532 12:36:18",229.40,854.78,,,,"     ",3.60,853.65,1.53
532,444720276,"00532M12:23:13.220","00532 12:36:19",229.46,854.84,,,,"     ",3.60,852.98,1.53
532,444720277,"00532M12:23:14.193","00532 12:36:20",229.53,854.82,,,,"     ",3.60,861.82,1.54
532,444720278,"00532M12:23:15.166","00532 12:36:21",229.60,854.81,,,,"     ",3.60,857.05,1.53
532,444720279,"00532M12:23:16.140","00532 12:36:22",229.68,854.80,,,,"     ",3.60,850.69,1.52
532,444720280,"00532M12:23:17.113","00532 12:36:23",229.74,854.80,,,,"     ",3.60,853.91,1.52
532,444720281,"00532M12:23:18.086","00532 12:36:24",229.80,854.77,,,,"     ",3.60,855.24,1.53
532,444720282,"00532M12:23:19.059","00532 12:36:25",229.84,854.73,,,,"     ",3.60,856.13,1.53
532,444720283,"00532M12:23:20.033","00532 12:36:26",229.87,854.71,,,,"     ",3.60,861.35,1.54
532,444720284,"00532M12:23:21.006","00532 12:36:27",229.87,854.75,,,,"     ",3.60,853.80,1.52
532,444720285,"00532M12:23:21.979","00532 12:36:28",229.85,854.74,,,,"     ",3.60,859.52,1.53
532,444720286,"00532M12:23:22.952","00532 12:36:29",229.81,854.74,,,,"     ",3.60,847.72,1.51
532,444720287,"00532M12:23:23.926","00532 12:36:30",229.75,854.77,,,,"     ",3.60,856.69,1.52
532,444720288,"00532M12:23:24.899","00532 12:36:31",229.67,854.79,,,,"     ",3.60,851.98,1.51
532,444720289,"00532M12:23:25.872","00532 12:36:32",229.58,854.78,,,,"     ",3.60,859.19,1.53
532,444720290,"00532M12:23:26.846","00532 12:36:33",229.48,854.84,,,,"     ",3.60,851.61,1.51
532,444720291,"00532M12:23:27.819","00532 12:36:34",229.36,854.79,,,,"     ",3.60,860.55,1.53
532,444720292,"00532M12:23:28.792","00532 12:36:35",229.25,854.80,,,,"     ",3.60,859.47,1.53
532,444720293,"00532M12:23:29.765","00532 12:36:36",229.14,854.84,,,,"     ",3.60,859.16,1.52
532,444720294,"00532M12:23:30.739","00532 12:36:36",229.04,854.73,,,,"     ",3.60,862.24,1.53
532,444720295,"00532M12:23:31.712","00532 12:36:37",228.94,854.77,,,,"     ",3.60,858.47,1.52
532,444720296,"00532M12:23:32.685","00532 12:36:38",228.84,854.82,,,,"     ",3.60,865.24,1.53
532,444720297,"00532M12:23:33.658","00532 12:36:39",228.75,854.75,,,,"     ",3.60,862.39,1.53
532,444720298,"00532M12:23:34.632","00532 12:36:40",228.68,854.75,,,,"     ",3.60,853.75,1.51
532,444720299,"00532M12:23:35.605","00532 12:36:41",228.62,854.74,,,,"     ",3.60,858.75,1.52
532,444720300,"00532M12:23:36.578","00532 12:36:42",228.58,854.78,,,,"     ",3.60,852.62,1.51
532,444720301,"00532M12:23:37.551","00532 12:36:43",228.54,854.80,,,,"     ",3.60,861.05,1.52
532,444720302,"00532M12:23:38.525","00532 12:36:44",228.52,854.82,,,,"     ",3.60,864.99,1.53
532,444720303,"00532M12:23:39.498","00532 12:36:45",228.49,854.75,,,,"     ",3.60,867.93,1.53
532,444720304,"00532M12:23:40.471","00532 12:36:46",228.46,854.78,,,,"     ",3.60,858.63,1.52
532,444720305,"00532M12:23:41.444","00532 12:36:47",228.41,854.77,,,,"     ",3.60,865.47,1.53
532,444720306,"00532M12:23:42.418","00532 12:36:48",228.36,854.81,,,,"     ",3.60,855.73,1.51
532,444720307,"00532M12:23:43.391","00532 12:36:49",228.31,854.71,,,,"     ",3.60,853.67,1.51
532,444720308,"00532M12:23:44.364","00532 12:36:50",228.25,854.71,,,,"     ",3.60,843.96,1.49
532,444720309,"00532M12:23:45.337","00532 12:36:51",228.20,854.72,,,,"     ",3.60,857.12,1.51
532,444720310,"00532M12:23:46.311","00532 12:36:52",228.14,854.69,,,,"     ",3.60,862.09,1.52
532,444720311,"00532M12:23:47.284","00532 12:36:53",228.09,854.73,,,,"     ",3.60,850.99,1.50
532,444720312,"00532M12:23:48.257","00532 12:36:54",228.04,854.69,,,,"     ",3.60,866.80,1.53
532,444720313,"00532M12:23:49.230","00532 12:36:55",227.97,854.75,,,,"     ",3.60,862.04,1.52
532,444720314,"00532M12:23:50.204","00532 12:36:56",227.90,854.76,,,,"     ",3.60,856.27,1.51
532,444720315,"00532M12:23:51.177","00532 12:36:57",227.83,854.72,,,,"     ",3.60,852.62,1.50
532,444720316,"00532M12:23:52.150","00532 12:36:58",227.75,854.70,,,,"     ",3.60,864.52,1.52
532,444720317,"00532M12:23:53.123","00532 12:36:59",227.69,854.80,,,,"     ",3.60,855.67,1.51
532,444720318,"00532M12:23:54.097","00532 12:37:00",227.63,854.77,,,,"     ",3.60,860.02,1.51
532,444720319,"00532M12:23:55.070","00532 12:37:01",227.59,854.78,,,,"     ",3.60,866.29,1.53
532,444720320,"00532M12:23:56.043","00532 12:37:02",227.57,854.71,,,,"     ",3.60,870.61,1.53
532,444720321,"00532M12:23:57.016","00532 12:37:03",227.57,854.63,,,,"     ",3.60,868.85,1.53
532,444720322,"00532M12:23:57.990","00532 12:37:04",227.59,854.60,,,,"     ",3.60,864.74,1.52
532,444720323,"00532M12:23:58.963","00532 12:37:05",227.64,854.68,,,,"     ",3.60,865.53,1.52
532,444720324,"00532M12:23:59.936","00532 12:37:06",227.70,854.59,,,,"     ",3.60,867.10,1.52
532,444720325,"00532M12:24:00.909","00532 12:37:07",227.77,854.58,,,,"     ",3.60,859.44,1.51
532,444720326,"00532M12:24:01.883","00532 12:37:08",227.84,854.62,,,,"     ",3.60,865.98,1.52
532,444720327,"00532M12:24:02.856","00532 12:37:09",227.92,854.68,,,,"     ",3.60,851.07,1.49
532,444720328,"00532M12:24:03.829","00532 12:37:10",228.00,854.62,,,,"     ",3.60,867.84,1.52
532,444720329,"00532M12:24:04.802","00532 12:37:11",228.07,854.61,,,,"     ",3.60,861.41,1.51
532,444720330,"00532M12:24:05.776","00532 12:37:12",228.15,854.53,,,,"     ",3.60,860.58,1.51
532,444720331,"00532M12:24:06.749","00532 12:37:12",228.21,854.54,,,,"     ",3.60,868.54,1.52
532,444720332,"00532M12:24:07.722","00532 12:37:13",228.28,854.60,,,,"     ",3.60,877.36,1.54
532,444720333,"00532M12:24:08.695","00532 12:37:14",228.34,854.62,,,,"     ",3.60,862.01,1.51
532,444720334,"00532M12:24:09.669","00532 12:37:15",228.40,854.65,,,,"     ",3.60,857.67,1.50
532,444720335,"00532M12:24:10.642","00532 12:37:16",228.47,854.56,,,,"     ",3.60,864.59,1.51
532,444720336,"00532M12:24:11.615","00532 12:37:17",228.53,854.60,,,,"     ",3.60,864.88,1.51
532,444720337,"00532M12:24:12.588","00532 12:37:18",228.59,854.63,,,,"     ",3.60,870.85,1.52
532,444720338,"00532M12:24:13.562","00532 12:37:19",228.67,854.59,,,,"     ",3.60,871.93,1.53
532,444720339,"00532M12:24:14.535","00532 12:37:20",228.74,854.61,,,,"     ",3.60,873.17,1.53
532,444720340,"00532M12:24:15.508","00532 12:37:21",228.79,854.54,,,,"     ",3.60,868.28,1.52
532,444720341,"00532M12:24:16.481","00532 12:37:22",228.85,854.53,,,,"     ",3.60,859.71,1.50
532,444720342,"00532M12:24:17.455","00532 12:37:23",228.88,854.57,,,,"     ",3.60,861.30,1.50
532,444720343,"00532M12:24:18.428","00532 12:37:24",228.89,854.52,,,,"     ",3.60,875.04,1.53
532,444720344,"00532M12:24:19.401","00532 12:37:25",228.89,854.50,,,,"     ",3.60,868.71,1.51
532,444720345,"00532M12:24:20.374","00532 12:37:26",228.86,854.52,,,,"     ",3.60,873.83,1.52
532,444720346,"00532M12:24:21.348","00532 12:37:27",228.83,854.53,,,,"     ",3.60,875.86,1.53
532,444720347,"00532M12:24:22.321","00532 12:37:28",228.79,854.54,,,,"     ",3.60,875.30,1.52
532,444720348,"00532M12:24:23.294","00532 12:37:29",228.75,854.62,,,,"     ",3.60,862.94,1.50
532,444720349,"00532M12:24:24.267","00532 12:37:30",228.70,854.64,,,,"     ",3.60,868.62,1.51
532,444720350,"00532M12:24:25.241","00532 12:37:31",228.67,854.61,,,,"     ",3.60,879.86,1.53
532,444720351,"00532M12:24:26.214","00532 12:37:32",228.62,854.56,,,,"     ",3.60,870.03,1.51
532,444720352,"00532M12:24:27.187","00532 12:37:33",228.57,854.54,,,,"     ",3.60,864.67,1.50
532,444720353,"00532M12:24:28.160","00532 12:37:34",228.52,854.55,,,,"     ",3.60,868.77,1.51
532,444720354,"00532M12:24:29.134","00532 12:37:35",228.48,854.52,,,,"     ",3.60,868.37,1.51
532,444720355,"00532M12:24:30.107","00532 12:37:36",228.43,854.48,,,,"     ",3.60,874.45,1.52
532,444720356,"00532M12:24:31.080","00532 12:37:37",228.38,854.50,,,,"     ",3.60,870.74,1.51
532,444720357,"00532M12:24:32.053","00532 12:37:38",228.33,854.54,,,,"     ",3.60,876.80,1.52
532,444720358,"00532M12:24:33.027","00532 12:37:39",228.28,854.44,,,,"     ",3.60,866.68,1.50
532,444720359,"00532M12:24:34.000","00532 12:37:40",228.24,854.53,,,,"     ",3.60,867.42,1.50
532,444720360,"00532M12:24:34.973","00532 12:37:41",228.21,854.44,,,,"     ",3.60,868.76,1.51
532,444720361,"00532M12:24:35.947","00532 12:37:42",228.19,854.42,,,,"     ",3.60,868.74,1.50
532,444720362,"00532M12:24:36.920","00532 12:37:43",228.18,854.47,,,,"     ",3.60,862.08,1.49
532,444720363,"00532M12:24:37.893","00532 12:37:44",228.16,854.48,,,,"     ",3.60,868.51,1.50
532,444720364,"00532M12:24:38.866","00532 12:37:45",228.16,854.49,,,,"     ",3.60,865.25,1.50
532,444720365,"00532M12:24:39.840","00532 12:37:46",228.17,854.51,,,,"     ",3.60,866.16,1.50
532,444720366,"00532M12:24:40.813","00532 12:37:47",228.17,854.47,,,,"     ",3.60,867.41,1.50
532,444720367,"00532M12:24:41.786","00532 12:37:48",228.18,854.46,,,,"     ",3.60,865.49,1.50
532,444720368,"00532M12:24:42.759","00532 12:37:49",228.19,854.44,,,,"     ",3.60,876.20,1.52
532,444720369,"00532M12:24:43.733","00532 12:37:49",228.20,854.44,,,,"     ",3.60,865.29,1.50
532,444720370,"00532M12:24:44.706","00532 12:37:50",228.23,854.40,,,,"     ",3.60,870.18,1.51
532,444720371,"00532M12:24:45.679","00532 12:37:51",228.25,854.43,,,,"     ",3.60,867.56,1.50
532,444720372,"00532M12:24:46.652","00532 12:37:52",228.28,854.46,,,,"     ",3.60,865.33,1.50
532,444720373,"00532M12:24:47.626","00532 12:37:53",228.31,854.47,,,,"     ",3.60,866.91,1.50
532,444720374,"00532M12:24:48.599","00532 12:37:54",228.34,854.54,,,,"     ",3.60,873.18,1.51
532,444720375,"00532M12:24:49.572","00532 12:37:55",228.38,854.48,,,,"     ",3.60,864.87,1.50
532,444720376,"00532M12:24:50.545","00532 12:37:56",228.44,854.43,,,,"     ",3.60,860.34,1.49
532,444720377,"00532M12:24:51.519","00532 12:37:57",228.52,854.37,,,,"     ",3.60,863.99,1.49
532,444720378,"00532M12:24:52.492","00532 12:37:58",228.60,854.52,,,,"     ",3.60,862.46,1.49
532,444720379,"00532M12:24:53.465","00532 12:37:59",228.69,854.45,,,,"     ",3.60,874.54,1.51
532,444720380,"00532M12:24:54.438","00532 12:38:00",228.78,854.52,,,,"     ",3.60,865.60,1.50
532,444720381,"00532M12:24:55.412","00532 12:38:01",228.86,854.48,,,,"     ",3.60,869.57,1.50
532,444720382,"00532M12:24:56.385","00532 12:38:02",228.93,854.50,,,,"     ",3.60,869.47,1.50
532,444720383,"00532M12:24:57.358","00532 12:38:03",228.99,854.55,,,,"     ",3.60,862.48,1.49
532,444720384,"00532M12:24:58.331","00532 12:38:04",229.04,854.59,,,,"     ",3.60,877.76,1.52
532,444720385,"00532M12:24:59.305","00532 12:38:05",229.08,854.49,,,,"     ",3.60,869.22,1.50
532,444720386,"00532M12:25:00.278","00532 12:38:06",229.10,854.57,,,,"     ",3.60,881.15,1.53
532,444720387,"00532M12:25:01.251","00532 12:38:07",229.12,854.54,,,,"     ",3.60,870.32,1.50
532,444720388,"00532M12:25:02.224","00532 12:38:08",229.12,854.53,,,,"     ",3.60,866.81,1.50
532,444720389,"00532M12:25:03.198","00532 12:38:09",229.11,854.49,,,,"     ",3.60,865.41,1.50
532,444720390,"00532M12:25:04.171","00532 12:38:10",229.09,854.55,,,,"     ",3.60,867.66,1.50
532,444720391,"00532M12:25:05.144","00532 12:38:11",229.06,854.48,,,,"     ",3.60,857.75,1.48
532,444720392,"00532M12:25:06.117","00532 12:38:12",229.03,854.44,,,,"     ",3.60,873.63,1.51
532,444720393,"00532M12:25:07.091","00532 12:38:13",229.00,854.50,,,,"     ",3.60,869.76,1.50
532,444720394,"00532M12:25:08.064","00532 12:38:14",228.96,854.49,,,,"     ",3.60,875.00,1.51
532,444720395,"00532M12:25:09.037","00532 12:38:15",228.93,854.44,,,,"     ",3.60,869.81,1.50
532,444720396,"00532M12:25:10.010","00532 12:38:16",228.88,854.41,,,,"     ",3.60,872.77,1.51
532,444720397,"00532M12:25:10.984","00532 12:38:17",228.82,854.42,,,,"     ",3.60,870.00,1.50
532,444720398,"00532M12:25:11.957","00532 12:38:18",228.74,854.38,,,,"     ",3.60,869.56,1.50
532,444720399,"00532M12:25:12.930","00532 12:38:19",228.66,854.41,,,,"     ",3.60,872.22,1.51
532,444720400,"00532M12:25:13.903","00532 12:38:20",228.57,854.40,,,,"     ",3.60,867.98,1.50
532,444720401,"00532M12:25:14.877","00532 12:38:21",228.48,854.38,,,,"     ",3.60,866.34,1.50
532,444720402,"00532M12:25:15.850","00532 12:38:22",228.39,854.44,,,,"     ",3.60,856.30,1.48
532,444720403,"00532M12:25:16.823","00532 12:38:23",228.31,854.38,,,,"     ",3.60,863.43,1.49
532,444720404,"00532M12:25:17.796","00532 12:38:24",228.23,854.41,,,,"     ",3.60,864.72,1.50
532,444720405,"00532M12:25:18.770","00532 12:38:25",228.16,854.48,,,,"     ",3.60,871.37,1.51
532,444720406,"00532M12:25:19.743","00532 12:38:25",228.10,854.42,,,,"     ",3.60,863.44,1.49
532,444720407,"00532M12:25:20.716","00532 12:38:26",228.05,854.50,,,,"     ",3.60,862.31,1.49
532,444720408,"00532M12:25:21.689","00532 12:38:27",228.03,854.45,,,,"     ",3.60,865.94,1.50
532,444720409,"00532M12:25:22.663","00532 12:38:28",227.99,854.43,,,,"     ",3.60,867.29,1.50
532,444720410,"00532M12:25:23.636","00532 12:38:29",227.97,854.50,,,,"     ",3.60,860.61,1.49
532,444720411,"00532M12:25:24.609","00532 12:38:30",227.97,854.46,,,,"     ",3.60,860.44,1.49
532,444720412,"00532M12:25:25.582","00532 12:38:31",227.95,854.48,,,,"     ",3.60,864.87,1.50
532,444720413,"00532M12:25:26.556","00532 12:38:32",227.94,854.45,,,,"     ",3.60,865.91,1.50
532,444720414,"00532M12:25:27.529","00532 12:38:33",227.92,854.42,,,,"     ",3.60,873.85,1.52
532,444720415,"00532M12:25:28.502","00532 12:38:34",227.89,854.41,,,,"     ",3.60,859.50,1.49
532,444720416,"00532M12:25:29.475","00532 12:38:35",227.87,854.42,,,,"     ",3.60,859.28,1.49
532,444720417,"00532M12:25:30.449","00532 12:38:36",227.84,854.36,,,,"     ",3.60,863.02,1.50
532,444720418,"00532M12:25:31.422","00532 12:38:37",227.82,854.37,,,,"     ",3.60,861.42,1.50
532,444720419,"00532M12:25:32.395","00532 12:38:38",227.81,854.35,,,,"     ",3.60,860.01,1.49
532,444720420,"00532M12:25:33.368","00532 12:38:39",227.80,854.41,,,,"     ",3.60,869.13,1.51
532,444720421,"00532M12:25:34.342","00532 12:38:40",227.79,854.37,,,,"     ",3.60,863.67,1.50
532,444720422,"00532M12:25:35.315","00532 12:38:41",227.79,854.38,,,,"     ",3.60,856.31,1.49
532,444720423,"00532M12:25:36.288","00532 12:38:42",227.79,854.33,,,,"     ",3.60,863.44,1.50
532,444720424,"00532M12:25:37.261","00532 12:38:43",227.79,854.46,,,,"     ",3.60,850.98,1.48
532,444720425,"00532M12:25:38.235","00532 12:38:44",227.80,854.42,,,,"     ",3.60,856.50,1.49
532,444720426,"00532M12:25:39.208","00532 12:38:45",227.81,854.44,,,,"     ",3.60,860.04,1.50
532,444720427,"00532M12:25:40.181","00532 12:38:46",227.82,854.28,,,,"     ",3.60,859.17,1.50
532,444720428,"00532M12:25:41.154","00532 12:38:47",227.87,854.36,6.19,,246.16,"  101110",3.60,859.31,1.50
532,444720429,"00532M12:25:42.128","00532 12:38:48",227.86,854.36,,,,"     ",3.60,869.43,1.52
532,444720430,"00532M12:25:43.101","00532 12:38:49",227.85,854.32,,,,"     ",3.60,867.34,1.51
532,444720431,"00532M12:25:44.074","00532 12:38:50",227.84,854.37,,,,"     ",3.60,859.47,1.50
532,444720432,"00532M12:25:45.048","00532 12:38:51",227.82,854.32,,,,"     ",3.60,851.70,1.49
532,444720433,"00532M12:25:46.021","00532 12:38:52",227.81,854.41,,,,"     ",3.60,856.70,1.50
532,444720434,"00532M12:25:46.994","00532 12:38:53",227.79,854.30,,,,"     ",3.60,863.48,1.51
532,444720435,"00532M12:25:47.967","00532 12:38:54",227.77,854.27,,,,"     ",3.60,855.59,1.50
532,444720436,"00532M12:25:48.941","00532 12:38:55",227.76,854.32,,,,"     ",3.60,850.47,1.49
532,444720437,"00532M12:25:49.914","00532 12:38:56",227.73,854.32,,,,"     ",3.60,859.78,1.51
532,444720438,"00532M12:25:50.887","00532 12:38:57",227.71,854.34,,,,"     ",3.60,861.03,1.51
532,444720439,"00532M12:25:51.860","00532 12:38:58",227.68,854.39,,,,"     ",3.60,860.49,1.51
532,444720440,"00532M12:25:52.834","00532 12:38:59",227.66,854.33,,,,"     ",3.60,857.07,1.50
532,444720441,"00532M12:25:53.807","00532 12:39:00",227.64,854.37,,,,"     ",3.60,853.48,1.50
532,444720442,"00532M12:25:54.780","00532 12:39:01",227.63,854.31,,,,"     ",3.60,856.76,1.50
532,444720443,"00532M12:25:55.753","00532 12:39:02",227.59,854.29,,,,"     ",3.60,857.01,1.50
532,444720444,"00532M12:25:56.727","00532 12:39:02",227.55,854.40,,,,"     ",3.60,848.79,1.49
532,444720445,"00532M12:25:57.700","00532 12:39:03",227.51,854.31,,,,"     ",3.60,862.16,1.52
532,444720446,"00532M12:25:58.673","00532 12:39:04",227.44,854.34,,,,"     ",3.60,852.10,1.50
532,444720447,"00532M12:25:59.646","00532 12:39:05",227.37,854.29,,,,"     ",3.60,855.37,1.51
532,444720448,"00532M12:26:00.620","00532 12:39:06",227.28,854.32,,,,"     ",3.60,852.85,1.50
532,444720449,"00532M12:26:01.593","00532 12:39:07",227.20,854.26,,,,"     ",3.60,852.52,1.50
532,444720450,"00532M12:26:02.566","00532 12:39:08",227.12,854.21,,,,"     ",3.60,854.04,1.51
532,444720451,"00532M12:26:03.539","00532 12:39:09",227.04,854.24,,,,"     ",3.60,852.35,1.50
532,444720452,"00532M12:26:04.513","00532 12:39:10",226.97,854.21,,,,"     ",3.60,863.26,1.52
532,444720453,"00532M12:26:05.486","00532 12:39:11",226.89,854.26,,,,"     ",3.60,842.63,1.49
532,444720454,"00532M12:26:06.459","00532 12:39:12",226.81,854.29,,,,"     ",3.60,837.50,1.48
532,444720455,"00532M12:26:07.432","00532 12:39:13",226.73,854.37,,,,"     ",3.60,848.48,1.50
532,444720456,"00532M12:26:08.406","00532 12:39:14",226.66,854.38,,,,"     ",3.60,853.46,1.51
532,444720457,"00532M12:26:09.379","00532 12:39:15",226.59,854.26,,,,"     ",3.60,843.90,1.49
532,444720458,"00532M12:26:10.352","00532 12:39:16",226.53,854.26,,,,"     ",3.60,853.53,1.51
532,444720459,"00532M12:26:11.325","00532 12:39:17",226.48,854.29,,,,"     ",3.60,845.02,1.50
532,444720460,"00532M12:26:12.299","00532 12:39:18",226.43,854.36,,,,"     ",3.60,849.91,1.51
532,444720461,"00532M12:26:13.272","00532 12:39:19",226.39,854.33,,,,"     ",3.60,853.19,1.51
532,444720462,"00532M12:26:14.245","00532 12:39:20",226.35,854.33,,,,"     ",3.60,842.56,1.50
532,444720463,"00532M12:26:15.218","00532 12:39:21",226.32,854.40,,,,"     ",3.60,843.30,1.50
532,444720464,"00532M12:26:16.192","00532 12:39:22",226.30,854.32,,,,"     ",3.60,853.90,1.52
532,444720465,"00532M12:26:17.165","00532 12:39:23",226.29,854.29,,,,"     ",3.60,847.47,1.51
532,444720466,"00532M12:26:18.138","00532 12:39:24",226.29,854.29,,,,"     ",3.60,846.88,1.51
532,444720467,"00532M12:26:19.111","00532 12:39:25",226.30,854.33,,,,"     ",3.60,850.01,1.51
532,444720468,"00532M12:26:20.085","00532 12:39:26",226.31,854.37,,,,"     ",3.60,837.18,1.49
532,444720469,"00532M12:26:21.058","00532 12:39:27",226.32,854.27,,,,"     ",3.60,836.58,1.49
532,444720470,"00532M12:26:22.031","00532 12:39:28",226.33,854.24,,,,"     ",3.60,835.01,1.49
532,444720471,"00532M12:26:23.004","00532 12:39:29",226.31,854.26,,,,"     ",3.60,844.07,1.51
532,444720472,"00532M12:26:23.978","00532 12:39:30",226.30,854.20,,,,"     ",3.60,843.91,1.51
532,444720473,"00532M12:26:24.951","00532 12:39:31",226.27,854.13,,,,"     ",3.60,838.79,1.50
532,444720474,"00532M12:26:25.924","00532 12:39:32",226.23,854.20,,,,"     ",3.60,839.79,1.50
532,444720475,"00532M12:26:26.897","00532 12:39:33",226.19,854.17,,,,"     ",3.60,834.25,1.49
532,444720476,"00532M12:26:27.871","00532 12:39:34",226.15,854.21,,,,"     ",3.60,832.49,1.49
532,444720477,"00532M12:26:28.844","00532 12:39:35",226.13,854.16,,,,"     ",3.60,836.15,1.50
532,444720478,"00532M12:26:29.817","00532 12:39:36",226.10,854.23,,,,"     ",3.60,839.56,1.50
532,444720479,"00532M12:26:30.790","00532 12:39:37",226.08,854.22,,,,"     ",3.60,838.29,1.50
532,444720480,"00532M12:26:31.764","00532 12:39:38",226.07,854.25,,,,"     ",3.60,846.56,1.52
532,444720481,"00532M12:26:32.737","00532 12:39:39",226.07,854.27,,,,"     ",3.60,842.05,1.51
532,444720482,"00532M12:26:33.710","00532 12:39:39",226.07,854.28,,,,"     ",3.60,830.48,1.49
532,444720483,"00532M12:26:34.683","00532 12:39:40",226.09,854.27,,,,"     ",3.60,843.01,1.51
532,444720484,"00532M12:26:35.657","00532 12:39:41",226.10,854.25,,,,"     ",3.60,839.83,1.51
532,444720485,"00532M12:26:36.630","00532 12:39:42",226.14,854.27,,,,"     ",3.60,846.11,1.52
532,444720486,"00532M12:26:37.603","00532 12:39:43",226.16,854.22,,,,"     ",3.60,850.78,1.53
532,444720487,"00532M12:26:38.576","00532 12:39:44",226.18,854.21,,,,"     ",3.60,847.93,1.52
532,444720488,"00532M12:26:39.550","00532 12:39:45",226.19,854.20,,,,"     ",3.60,835.40,1.50
532,444720489,"00532M12:26:40.523","00532 12:39:46",226.18,854.18,,,,"     ",3.60,848.82,1.53
532,444720490,"00532M12:26:41.496","00532 12:39:47",226.15,854.23,,,,"     ",3.60,834.04,1.50
532,444720491,"00532M12:26:42.469","00532 12:39:48",226.11,854.21,,,,"     ",3.60,838.38,1.51
532,444720492,"00532M12:26:43.443","00532 12:39:49",226.06,854.24,,,,"     ",3.60,831.64,1.50
532,444720493,"00532M12:26:44.416","00532 12:39:50",226.00,854.24,,,,"     ",3.60,852.33,1.53
532,444720494,"00532M12:26:45.389","00532 12:39:51",225.94,854.20,,,,"     ",3.60,838.94,1.51
532,444720495,"00532M12:26:46.362","00532 12:39:52",225.87,854.24,,,,"     ",3.60,837.94,1.51
532,444720496,"00532M12:26:47.336","00532 12:39:53",225.80,854.16,,,,"     ",3.60,833.65,1.50
532,444720497,"00532M12:26:48.309","00532 12:39:54",225.72,854.13,,,,"     ",3.60,835.27,1.50
532,444720498,"00532M12:26:49.282","00532 12:39:55",225.66,854.17,,,,"     ",3.60,833.38,1.50
532,444720499,"00532M12:26:50.255","00532 12:39:56",225.59,854.15,,,,"     ",3.60,834.69,1.51
532,444720500,"00532M12:26:51.229","00532 12:39:57",225.53,854.13,,,,"     ",3.60,839.60,1.51
532,444720501,"00532M12:26:52.202","00532 12:39:58",225.50,854.23,,,,"     ",3.60,842.20,1.52
532,444720502,"00532M12:26:53.175","00532 12:39:59",225.48,854.13,,,,"     ",3.60,836.00,1.51
532,444720503,"00532M12:26:54.148","00532 12:40:00",225.48,854.23,,,,"     ",3.60,831.10,1.50
532,444720504,"00532M12:26:55.122","00532 12:40:01",225.50,854.20,,,,"     ",3.60,829.49,1.50
532,444720505,"00532M12:26:56.095","00532 12:40:02",225.54,854.15,,,,"     ",3.60,825.98,1.49
532,444720506,"00532M12:26:57.068","00532 12:40:03",225.58,854.21,,,,"     ",3.60,833.10,1.51
532,444720507,"00532M12:26:58.042","00532 12:40:04",225.62,854.16,,,,"     ",3.60,831.67,1.50
532,444720508,"00532M12:26:59.015","00532 12:40:05",225.66,854.10,,,,"     ",3.60,834.64,1.51
532,444720509,"00532M12:26:59.988","00532 12:40:06",225.69,854.12,,,,"     ",3.60,831.66,1.51
532,444720510,"00532M12:27:00.961","00532 12:40:07",225.74,854.10,,,,"     ",3.60,832.05,1.51
532,444720511,"00532M12:27:01.935","00532 12:40:08",225.79,854.15,,,,"     ",3.60,826.22,1.50
532,444720512,"00532M12:27:02.908","00532 12:40:09",225.84,854.16,,,,"     ",3.60,840.74,1.52
532,444720513,"00532M12:27:03.881","00532 12:40:10",225.90,854.07,,,,"     ",3.60,829.39,1.50
532,444720514,"00532M12:27:04.854","00532 12:40:11",225.92,854.05,,,,"     ",3.60,822.95,1.49
532,444720515,"00532M12:27:05.828","00532 12:40:12",225.96,854.08,,,,"     ",3.60,836.00,1.52
532,444720516,"00532M12:27:06.801","00532 12:40:13",225.97,854.13,,,,"     ",3.60,827.43,1.50
532,444720517,"00532M12:27:07.774","00532 12:40:14",225.99,854.19,,,,"     ",3.60,821.31,1.49
532,444720518,"00532M12:27:08.747","00532 12:40:15",226.00,854.20,,,,"     ",3.60,832.03,1.51
532,444720519,"00532M12:27:09.721","00532 12:40:15",226.00,854.22,,,,"     ",3.60,826.09,1.50
532,444720520,"00532M12:27:10.694","00532 12:40:16",226.00,854.21,,,,"     ",3.60,816.80,1.48
532,444720521,"00532M12:27:11.667","00532 12:40:17",226.01,854.12,,,,"     ",3.60,832.28,1.51
532,444720522,"00532M12:27:12.640","00532 12:40:18",226.01,854.20,,,,"     ",3.60,826.07,1.50
532,444720523,"00532M12:27:13.614","00532 12:40:19",226.02,854.11,,,,"     ",3.60,821.78,1.50
532,444720524,"00532M12:27:14.587","00532 12:40:20",226.03,854.23,,,,"     ",3.60,827.16,1.51
532,444720525,"00532M12:27:15.560","00532 12:40:21",226.05,854.19,,,,"     ",3.60,825.41,1.50
532,444720526,"00532M12:27:16.533","00532 12:40:22",226.08,854.07,,,,"     ",3.60,815.83,1.49
532,444720527,"00532M12:27:17.507","00532 12:40:23",226.13,854.11,,,,"     ",3.60,821.33,1.50
532,444720528,"00532M12:27:18.480","00532 12:40:24",226.19,854.02,,,,"     ",3.60,824.12,1.50
532,444720529,"00532M12:27:19.453","00532 12:40:25",226.29,854.05,,,,"     ",3.60,826.04,1.51
532,444720530,"00532M12:27:20.426","00532 12:40:26",226.40,854.04,,,,"     ",3.60,834.84,1.52
532,444720531,"00532M12:27:21.400","00532 12:40:27",226.53,854.03,,,,"     ",3.60,812.65,1.48
532,444720532,"00532M12:27:22.373","00532 12:40:28",226.67,854.07,,,,"     ",3.60,825.24,1.51
532,444720533,"00532M12:27:23.346","00532 12:40:29",226.81,853.98,,,,"     ",3.60,821.97,1.50
532,444720534,"00532M12:27:24.319","00532 12:40:30",226.96,853.98,,,,"     ",3.60,821.81,1.50
532,444720535,"00532M12:27:25.293","00532 12:40:31",227.10,854.14,,,,"     ",3.60,815.52,1.49
532,444720536,"00532M12:27:26.266","00532 12:40:32",227.23,854.15,,,,"     ",3.60,829.37,1.52
532,444720537,"00532M12:27:27.239","00532 12:40:33",227.33,854.09,,,,"     ",3.60,816.31,1.49
532,444720538,"00532M12:27:28.212","00532 12:40:34",227.43,854.10,,,,"     ",3.60,825.87,1.51
532,444720539,"00532M12:27:29.186","00532 12:40:35",227.52,854.12,,,,"     ",3.60,817.71,1.50
532,444720540,"00532M12:27:30.159","00532 12:40:36",227.60,854.10,,,,"     ",3.60,824.35,1.51
532,444720541,"00532M12:27:31.132","00532 12:40:37",227.70,854.05,,,,"     ",3.60,823.72,1.51
532,444720542,"00532M12:27:32.105","00532 12:40:38",227.80,854.01,,,,"     ",3.60,808.72,1.48
532,444720543,"00532M12:27:33.079","00532 12:40:39",227.92,853.95,,,,"     ",3.60,819.88,1.50
532,444720544,"00532M12:27:34.052","00532 12:40:40",228.04,853.95,,,,"     ",3.60,826.97,1.52
532,444720545,"00532M12:27:35.025","00532 12:40:41",228.17,853.96,,,,"     ",3.60,820.42,1.51
532,444720546,"00532M12:27:35.998","00532 12:40:42",228.32,854.00,,,,"     ",3.60,811.68,1.49
532,444720547,"00532M12:27:36.972","00532 12:40:43",228.48,854.10,,,,"     ",3.60,825.62,1.52
532,444720548,"00532M12:27:37.945","00532 12:40:44",228.64,854.01,,,,"     ",3.60,821.37,1.51
532,444720549,"00532M12:27:38.918","00532 12:40:45",228.81,854.02,,,,"     ",3.60,816.97,1.50
532,444720550,"00532M12:27:39.891","00532 12:40:46",228.99,853.98,,,,"     ",3.60,823.97,1.52
532,444720551,"00532M12:27:40.865","00532 12:40:47",229.17,853.97,,,,"     ",3.60,821.78,1.51
532,444720552,"00532M12:27:41.838","00532 12:40:48",229.37,853.98,,,,"     ",3.60,821.31,1.51
532,444720553,"00532M12:27:42.811","00532 12:40:49",229.55,853.92,,,,"     ",3.60,816.04,1.50
532,444720554,"00532M12:27:43.784","00532 12:40:50",229.74,854.01,,,,"     ",3.60,812.39,1.49
532,444720555,"00532M12:27:44.758","00532 12:40:51",229.92,853.98,,,,"     ",3.60,814.41,1.50
532,444720556,"00532M12:27:45.731","00532 12:40:52",230.01,854.00,,,,"     ",3.60,819.21,1.51
532,444720557,"00532M12:27:46.704","00532 12:40:52",230.01,853.99,,,,"     ",3.60,811.12,1.49
532,444720558,"00532M12:27:47.677","00532 12:40:53",230.02,854.01,,,,"     ",3.60,810.64,1.49
532,444720559,"00532M12:27:48.651","00532 12:40:54",230.02,854.00,,,,"     ",3.60,807.89,1.49
532,444720560,"00532M12:27:49.624","00532 12:40:55",230.03,854.04,,,,"     ",3.60,820.61,1.51
532,444720561,"00532M12:27:50.597","00532 12:40:56",230.03,853.95,,,,"     ",3.60,812.91,1.50
532,444720562,"00532M12:27:51.570","00532 12:40:57",230.05,853.98,,,,"     ",3.60,818.31,1.51
532,444720563,"00532M12:27:52.544","00532 12:40:58",230.06,854.03,,,,"     ",3.60,820.67,1.52
532,444720564,"00532M12:27:53.517","00532 12:40:59",230.07,853.99,,,,"     ",3.60,814.87,1.50
532,444720565,"00532M12:27:54.490","00532 12:41:00",230.07,854.00,,,,"     ",3.60,813.30,1.50
532,444720566,"00532M12:27:55.463","00532 12:41:01",230.06,854.08,,,,"     ",3.60,809.57,1.50
532,444720567,"00532M12:27:56.437","00532 12:41:02",230.03,853.99,,,,"     ",3.60,813.63,1.50
532,444720568,"00532M12:27:57.410","00532 12:41:03",229.99,853.95,,,,"     ",3.60,819.92,1.52
532,444720569,"00532M12:27:58.383","00532 12:41:04",229.94,853.89,,,,"     ",3.60,819.40,1.52
532,444720570,"00532M12:27:59.356","00532 12:41:05",229.88,853.93,,,,"     ",3.60,813.02,1.50
532,444720571,"00532M12:28:00.330","00532 12:41:06",229.82,853.88,,,,"     ",3.60,818.12,1.51
532,444720572,"00532M12:28:01.303","00532 12:41:07",229.78,853.93,,,,"     ",3.60,813.48,1.50
532,444720573,"00532M12:28:02.276","00532 12:41:08",229.75,853.87,,,,"     ",3.60,809.11,1.50
532,444720574,"00532M12:28:03.249","00532 12:41:09",229.74,853.92,,,,"     ",3.60,820.33,1.52
532,444720575,"00532M12:28:04.223","00532 12:41:10",229.75,853.89,,,,"     ",3.60,811.19,1.50
532,444720576,"00532M12:28:05.196","00532 12:41:11",229.78,853.90,,,,"     ",3.60,816.64,1.51
532,444720577,"00532M12:28:06.169","00532 12:41:12",229.82,853.95,,,,"     ",3.60,820.77,1.52
532,444720578,"00532M12:28:07.143","00532 12:41:13",229.89,853.94,,,,"     ",3.60,814.39,1.51
532,444720579,"00532M12:28:08.116","00532 12:41:14",230.00,853.98,,,,"     ",3.60,814.60,1.51
532,444720580,"00532M12:28:09.089","00532 12:41:15",230.13,853.89,,,,"     ",3.60,811.68,1.50
532,444720581,"00532M12:28:10.062","00532 12:41:16",230.28,853.98,,,,"     ",3.60,820.37,1.52
532,444720582,"00532M12:28:11.036","00532 12:41:17",230.46,854.00,,,,"     ",3.60,816.65,1.51
532,444720583,"00532M12:28:12.009","00532 12:41:18",230.64,853.95,,,,"     ",3.60,817.59,1.51
532,444720584,"00532M12:28:12.982","00532 12:41:19",230.82,854.01,,,,"     ",3.60,817.48,1.51
532,444720585,"00532M12:28:13.955","00532 12:41:20",230.98,853.98,,,,"     ",3.60,819.22,1.52
532,444720586,"00532M12:28:14.929","00532 12:41:21",231.12,853.90,,,,"     ",3.60,817.85,1.51
532,444720587,"00532M12:28:15.902","00532 12:41:22",231.24,853.97,,,,"     ",3.60,830.82,1.54
532,444720588,"00532M12:28:16.875","00532 12:41:23",231.34,853.95,,,,"     ",3.60,827.07,1.53
532,444720589,"00532M12:28:17.848","00532 12:41:24",231.42,853.89,,,,"     ",3.60,814.56,1.51
532,444720590,"00532M12:28:18.822","00532 12:41:25",231.47,853.84,,,,"     ",3.60,813.04,1.50
532,444720591,"00532M12:28:19.795","00532 12:41:26",231.51,853.87,,,,"     ",3.60,820.30,1.51
532,444720592,"00532M12:28:20.768","00532 12:41:27",231.53,853.86,,,,"     ",3.60,818.22,1.51
532,444720593,"00532M12:28:21.741","00532 12:41:28",231.52,853.93,,,,"     ",3.60,829.73,1.53
532,444720594,"00532M12:28:22.715","00532 12:41:28",231.49,853.93,,,,"     ",3.60,828.79,1.53
532,444720595,"00532M12:28:23.688","00532 12:41:29",231.45,853.96,,,,"     ",3.60,826.93,1.52
532,444720596,"00532M12:28:24.661","00532 12:41:30",231.37,853.97,,,,"     ",3.60,813.80,1.50
532,444720597,"00532M12:28:25.634","00532 12:41:31",231.29,854.03,,,,"     ",3.60,825.09,1.52
532,444720598,"00532M12:28:26.608","00532 12:41:32",231.21,853.86,,,,"     ",3.60,816.91,1.50
532,444720599,"00532M12:28:27.581","00532 12:41:33",231.12,853.97,,,,"     ",3.60,815.07,1.50
532,444720600,"00532M12:28:28.554","00532 12:41:34",231.02,853.97,,,,"     ",3.60,820.99,1.51
532,444720601,"00532M12:28:29.527","00532 12:41:35",230.92,853.89,,,,"     ",3.60,829.70,1.52
532,444720602,"00532M12:28:30.501","00532 12:41:36",230.81,853.85,,,,"     ",3.60,813.50,1.49
532,444720603,"00532M12:28:31.474","00532 12:41:37",230.70,853.89,,,,"     ",3.60,820.89,1.51
532,444720604,"00532M12:28:32.447","00532 12:41:38",230.59,853.92,,,,"     ",3.60,818.22,1.50
532,444720605,"00532M12:28:33.420","00532 12:41:39",230.47,853.89,,,,"     ",3.60,832.16,1.53
532,444720606,"00532M12:28:34.394","00532 12:41:40",230.37,853.87,,,,"     ",3.60,814.93,1.49
532,444720607,"00532M12:28:35.367","00532 12:41:41",230.27,853.86,,,,"     ",3.60,821.64,1.50
532,444720608,"00532M12:28:36.340","00532 12:41:42",230.17,853.85,,,,"     ",3.60,816.92,1.50
532,444720609,"00532M12:28:37.313","00532 12:41:43",230.08,853.85,,,,"     ",3.60,824.42,1.51
532,444720610,"00532M12:28:38.287","00532 12:41:44",230.00,853.86,,,,"     ",3.60,823.89,1.51
532,444720611,"00532M12:28:39.260","00532 12:41:45",229.92,853.83,,,,"     ",3.60,810.20,1.48
532,444720612,"00532M12:28:40.233","00532 12:41:46",229.85,853.84,,,,"     ",3.60,811.00,1.48
532,444720613,"00532M12:28:41.206","00532 12:41:47",229.78,853.82,,,,"     ",3.60,823.12,1.51
532,444720614,"00532M12:28:42.180","00532 12:41:48",229.72,853.80,,,,"     ",3.60,819.36,1.50
532,444720615,"00532M12:28:43.153","00532 12:41:49",229.65,853.79,,,,"     ",3.60,811.06,1.48
532,444720616,"00532M12:28:44.126","00532 12:41:50",229.56,853.70,,,,"     ",3.60,818.88,1.50
532,444720617,"00532M12:28:45.099","00532 12:41:51",229.46,853.80,,,,"     ",3.60,813.20,1.49
532,444720618,"00532M12:28:46.073","00532 12:41:52",229.36,853.80,,,,"     ",3.60,830.56,1.52
532,444720619,"00532M12:28:47.046","00532 12:41:53",229.27,853.85,,,,"     ",3.60,817.40,1.49
532,444720620,"00532M12:28:48.019","00532 12:41:54",229.17,853.93,,,,"     ",3.60,821.81,1.50
532,444720621,"00532M12:28:48.992","00532 12:41:55",229.08,853.88,,,,"     ",3.60,813.86,1.49
532,444720622,"00532M12:28:49.966","00532 12:41:56",228.99,853.82,,,,"     ",3.60,828.96,1.51
532,444720623,"00532M12:28:50.939","00532 12:41:57",228.92,853.84,,,,"     ",3.60,818.47,1.50
532,444720624,"00532M12:28:51.912","00532 12:41:58",228.85,853.84,,,,"     ",3.60,818.83,1.50
532,444720625,"00532M12:28:52.885","00532 12:41:59",228.79,853.94,,,,"     ",3.60,821.67,1.50
532,444720626,"00532M12:28:53.859","00532 12:42:00",228.71,853.97,,,,"     ",3.60,809.13,1.48
532,444720627,"00532M12:28:54.832","00532 12:42:01",228.63,853.97,,,,"     ",3.60,817.45,1.49
532,444720628,"00532M12:28:55.805","00532 12:42:02",228.55,853.91,,,,"     ",3.60,826.35,1.51
532,444720629,"00532M12:28:56.778","00532 12:42:03",228.45,853.92,,,,"     ",3.60,823.86,1.51
532,444720630,"00532M12:28:57.752","00532 12:42:04",228.35,853.82,,,,"     ",3.60,833.58,1.52
532,444720631,"00532M12:28:58.725","00532 12:42:05",228.26,853.92,,,,"     ",3.60,806.13,1.47
532,444720632,"00532M12:28:59.698","00532 12:42:05",228.17,853.89,,,,"     ",3.60,823.47,1.51
532,444720633,"00532M12:29:00.671","00532 12:42:06",228.06,853.84,,,,"     ",3.60,810.47,1.48
532,444720634,"00532M12:29:01.645","00532 12:42:07",227.97,853.86,,,,"     ",3.60,820.88,1.50
532,444720635,"00532M12:29:02.618","00532 12:42:08",227.90,853.89,,,,"     ",3.60,824.89,1.51
532,444720636,"00532M12:29:03.591","00532 12:42:09",227.85,853.86,,,,"     ",3.60,814.56,1.49
532,444720637,"00532M12:29:04.564","00532 12:42:10",227.80,853.95,,,,"     ",3.60,822.84,1.50
532,444720638,"00532M12:29:05.538","00532 12:42:11",227.77,853.87,,,,"     ",3.60,817.02,1.49
532,444720639,"00532M12:29:06.511","00532 12:42:12",227.75,853.86,,,,"     ",3.60,816.83,1.49
532,444720640,"00532M12:29:07.484","00532 12:42:13",227.75,853.85,,,,"     ",3.60,816.89,1.49
532,444720641,"00532M12:29:08.457","00532 12:42:14",227.77,853.82,,,,"     ",3.60,820.07,1.50
532,444720642,"00532M12:29:09.431","00532 12:42:15",227.79,853.79,,,,"     ",3.60,817.48,1.49
532,444720643,"00532M12:29:10.404","00532 12:42:16",227.81,853.81,,,,"     ",3.60,812.29,1.48
532,444720644,"00532M12:29:11.377","00532 12:42:17",227.85,853.73,,,,"     ",3.60,815.11,1.49
532,444720645,"00532M12:29:12.350","00532 12:42:18",227.90,853.67,,,,"     ",3.60,825.42,1.51
532,444720646,"00532M12:29:13.324","00532 12:42:19",227.96,853.70,,,,"     ",3.60,818.24,1.49
532,444720647,"00532M12:29:14.297","00532 12:42:20",228.04,853.70,,,,"     ",3.60,823.49,1.50
532,444720648,"00532M12:29:15.270","00532 12:42:21",228.12,853.74,,,,"     ",3.60,815.13,1.49
532,444720649,"00532M12:29:16.244","00532 12:42:22",228.23,853.80,,,,"     ",3.60,819.71,1.50
532,444720650,"00532M12:29:17.217","00532 12:42:23",228.35,853.81,,,,"     ",3.60,809.54,1.48
532,444720651,"00532M12:29:18.190","00532 12:42:24",228.49,853.69,,,,"     ",3.60,824.01,1.50
532,444720652,"00532M12:29:19.163","00532 12:42:25",228.58,853.69,,,,"     ",3.60,811.75,1.48
532,444720653,"00532M12:29:20.137","00532 12:42:26",228.62,853.74,,,,"     ",3.60,822.13,1.50
532,444720654,"00532M12:29:21.110","00532 12:42:27",228.66,853.75,,,,"     ",3.60,822.80,1.50
532,444720655,"00532M12:29:22.083","00532 12:42:28",228.71,853.73,,,,"     ",3.60,819.19,1.49
532,444720656,"00532M12:29:23.056","00532 12:42:29",228.75,853.74,,,,"     ",3.60,821.75,1.50
532,444720657,"00532M12:29:24.030","00532 12:42:30",228.78,853.65,,,,"     ",3.60,819.88,1.50
532,444720658,"00532M12:29:25.003","00532 12:42:31",228.80,853.75,,,,"     ",3.60,813.94,1.48
532,444720659,"00532M12:29:25.976","00532 12:42:32",228.82,853.78,,,,"     ",3.60,825.50,1.50
532,444720660,"00532M12:29:26.949","00532 12:42:33",228.83,853.78,,,,"     ",3.60,820.44,1.49
532,444720661,"00532M12:29:27.923","00532 12:42:34",228.83,853.78,,,,"     ",3.60,816.80,1.49
532,444720662,"00532M12:29:28.896","00532 12:42:35",228.83,853.77,,,,"     ",3.60,817.70,1.49
532,444720663,"00532M12:29:29.869","00532 12:42:36",228.82,853.76,,,,"     ",3.60,825.25,1.50
532,444720664,"00532M12:29:30.842","00532 12:42:37",228.81,853.80,,,,"     ",3.60,807.03,1.47
532,444720665,"00532M12:29:31.816","00532 12:42:38",228.79,853.83,,,,"     ",3.60,824.43,1.50
532,444720666,"00532M12:29:32.789","00532 12:42:39",228.77,853.82,,,,"     ",3.60,829.72,1.51
532,444720667,"00532M12:29:33.762","00532 12:42:40",228.75,853.70,,,,"     ",3.60,822.21,1.49
532,444720668,"00532M12:29:34.735","00532 12:42:41",228.73,853.70,,,,"     ",3.60,820.20,1.49
532,444720669,"00532M12:29:35.709","00532 12:42:41",228.72,853.69,,,,"     ",3.60,826.82,1.50
532,444720670,"00532M12:29:36.682","00532 12:42:42",228.70,853.74,,,,"     ",3.60,827.56,1.50
532,444720671,"00532M12:29:37.655","00532 12:42:43",228.71,853.71,,,,"     ",3.60,822.45,1.49
532,444720672,"00532M12:29:38.628","00532 12:42:44",228.71,853.72,,,,"     ",3.60,812.43,1.47
532,444720673,"00532M12:29:39.602","00532 12:42:45",228.72,853.74,,,,"     ",3.60,818.18,1.48
532,444720674,"00532M12:29:40.575","00532 12:42:46",228.72,853.75,,,,"     ",3.60,822.83,1.49
532,444720675,"00532M12:29:41.548","00532 12:42:47",228.72,853.72,,,,"     ",3.60,822.21,1.49
532,444720676,"00532M12:29:42.521","00532 12:42:48",228.68,853.72,,,,"     ",3.60,817.69,1.48
532,444720677,"00532M12:29:43.495","00532 12:42:49",228.60,853.73,,,,"     ",3.60,822.34,1.49
532,444720678,"00532M12:29:44.468","00532 12:42:50",228.51,853.68,,,,"     ",3.60,819.37,1.48
532,444720679,"00532M12:29:45.441","00532 12:42:51",228.44,853.72,,,,"     ",3.60,820.11,1.48
532,444720680,"00532M12:29:46.414","00532 12:42:52",228.36,853.79,,,,"     ",3.60,819.67,1.48
532,444720681,"00532M12:29:47.388","00532 12:42:53",228.27,853.83,,,,"     ",3.60,823.98,1.49
532,444720682,"00532M12:29:48.361","00532 12:42:54",228.21,853.74,,,,"     ",3.60,821.25,1.49
532,444720683,"00532M12:29:49.334","00532 12:42:55",228.15,853.81,,,,"     ",3.60,815.50,1.47
532,444720684,"00532M12:29:50.307","00532 12:42:56",228.11,853.70,,,,"     ",3.60,816.98,1.48
532,444720685,"00532M12:29:51.281","00532 12:42:57",228.06,853.75,,,,"     ",3.60,829.34,1.50
532,444720686,"00532M12:29:52.254","00532 12:42:58",228.03,853.70,,,,"     ",3.60,822.71,1.49
532,444720687,"00532M12:29:53.227","00532 12:42:59",227.99,853.70,,,,"     ",3.60,816.75,1.48
532,444720688,"00532M12:29:54.200","00532 12:43:00",227.94,853.76,,,,"     ",3.60,820.10,1.48
532,444720689,"00532M12:29:55.174","00532 12:43:01",227.91,853.71,,,,"     ",3.60,835.12,1.51
532,444720690,"00532M12:29:56.147","00532 12:43:02",227.86,853.67,,,,"     ",3.60,827.71,1.50
532,444720691,"00532M12:29:57.120","00532 12:43:03",227.81,853.73,,,,"     ",3.60,834.19,1.51
532,444720692,"00532M12:29:58.093","00532 12:43:04",227.75,853.70,,,,"     ",3.60,814.80,1.47
532,444720693,"00532M12:29:59.067","00532 12:43:05",227.70,853.64,,,,"     ",3.60,828.10,1.49
532,444720694,"00532M12:30:00.040","00532 12:43:06",227.64,853.68,,,,"     ",3.60,828.44,1.49
532,444720695,"00532M12:30:01.013","00532 12:43:07",227.58,853.73,,,,"     ",3.60,819.45,1.48
532,444720696,"00532M12:30:01.986","00532 12:43:08",227.52,853.83,,,,"     ",3.60,831.22,1.50
532,444720697,"00532M12:30:02.960","00532 12:43:09",227.45,853.76,,,,"     ",3.60,834.94,1.51
532,444720698,"00532M12:30:03.933","00532 12:43:10",227.39,853.80,,,,"     ",3.60,825.69,1.49
532,444720699,"00532M12:30:04.906","00532 12:43:11",227.34,853.82,,,,"     ",3.60,825.29,1.49
532,444720700,"00532M12:30:05.879","00532 12:43:12",227.29,853.84,,,,"     ",3.60,836.67,1.51
532,444720701,"00532M12:30:06.853","00532 12:43:13",227.25,853.75,,,,"     ",3.60,828.11,1.49
532,444720702,"00532M12:30:07.826","00532 12:43:14",227.20,853.75,,,,"     ",3.60,825.40,1.48
532,444720703,"00532M12:30:08.799","00532 12:43:15",227.17,853.69,,,,"     ",3.60,832.11,1.50
532,444720704,"00532M12:30:09.772","00532 12:43:16",227.13,853.68,,,,"     ",3.60,825.39,1.48
532,444720705,"00532M12:30:10.746","00532 12:43:17",227.09,853.70,,,,"     ",3.60,827.88,1.49
532,444720706,"00532M12:30:11.719","00532 12:43:18",227.05,853.70,,,,"     ",3.60,832.73,1.50
532,444720707,"00532M12:30:12.692","00532 12:43:18",227.02,853.79,,,,"     ",3.60,829.10,1.49
532,444720708,"00532M12:30:13.665","00532 12:43:19",227.00,853.66,,,,"     ",3.60,827.79,1.48
532,444720709,"00532M12:30:14.639","00532 12:43:20",226.97,853.70,,,,"     ",3.60,831.75,1.49
532,444720710,"00532M12:30:15.612","00532 12:43:21",226.94,853.70,,,,"     ",3.60,825.92,1.48
532,444720711,"00532M12:30:16.585","00532 12:43:22",226.89,853.72,,,,"     ",3.60,837.19,1.50
532,444720712,"00532M12:30:17.558","00532 12:43:23",226.87,853.74,,,,"     ",3.60,829.29,1.49
532,444720713,"00532M12:30:18.532","00532 12:43:24",226.85,853.67,,,,"     ",3.60,834.23,1.49
532,444720714,"00532M12:30:19.505","00532 12:43:25",226.82,853.78,,,,"     ",3.60,834.76,1.50
532,444720715,"00532M12:30:20.478","00532 12:43:26",226.82,853.72,,,,"     ",3.60,832.46,1.49
532,444720716,"00532M12:30:21.451","00532 12:43:27",226.81,853.71,,,,"     ",3.60,837.18,1.50
532,444720717,"00532M12:30:22.425","00532 12:43:28",226.82,853.69,,,,"     ",3.60,839.01,1.50
532,444720718,"00532M12:30:23.398","00532 12:43:29",226.81,853.63,,,,"     ",3.60,828.58,1.48
532,444720719,"00532M12:30:24.371","00532 12:43:30",226.81,853.62,,,,"     ",3.60,831.26,1.49
532,444720720,"00532M12:30:25.345","00532 12:43:31",226.81,853.64,,,,"     ",3.60,831.13,1.49
532,444720721,"00532M12:30:26.318","00532 12:43:32",226.80,853.61,,,,"     ",3.60,832.01,1.49
532,444720722,"00532M12:30:27.291","00532 12:43:33",226.80,853.62,,,,"     ",3.60,825.51,1.47
532,444720723,"00532M12:30:28.264","00532 12:43:34",226.79,853.68,,,,"     ",3.60,830.76,1.48
532,444720724,"00532M12:30:29.238","00532 12:43:35",226.79,853.71,,,,"     ",3.60,833.78,1.49
532,444720725,"00532M12:30:30.211","00532 12:43:36",226.78,853.71,,,,"     ",3.60,829.32,1.48
532,444720726,"00532M12:30:31.184","00532 12:43:37",226.78,853.68,,,,"     ",3.60,838.52,1.50
532,444720727,"00532M12:30:32.157","00532 12:43:38",226.76,853.70,,,,"     ",3.60,841.29,1.50
532,444720728,"00532M12:30:33.131","00532 12:43:39",226.75,853.64,,,,"     ",3.60,827.07,1.48
532,444720729,"00532M12:30:34.104","00532 12:43:40",226.73,853.65,,,,"     ",3.60,829.31,1.48
532,444720730,"00532M12:30:35.077","00532 12:43:41",226.71,853.66,,,,"     ",3.60,828.71,1.48
532,444720731,"00532M12:30:36.050","00532 12:43:42",226.69,853.69,,,,"     ",3.60,838.46,1.49
532,444720732,"00532M12:30:37.024","00532 12:43:43",226.67,853.67,,,,"     ",3.60,837.13,1.49
532,444720733,"00532M12:30:37.997","00532 12:43:44",226.65,853.69,,,,"     ",3.60,832.96,1.49
532,444720734,"00532M12:30:38.970","00532 12:43:45",226.62,853.74,,,,"     ",3.60,832.00,1.48
532,444720735,"00532M12:30:39.943","00532 12:43:46",226.59,853.73,,,,"     ",3.60,837.21,1.49
532,444720736,"00532M12:30:40.917","00532 12:43:47",226.79,853.70,,,6.16,"  101100",3.60,835.91,1.49
532,444720737,"00532M12:30:41.890","00532 12:43:48",226.82,853.66,,,,"     ",3.60,829.70,1.48
532,444720738,"00532M12:30:42.863","00532 12:43:49",226.85,853.65,,,,"     ",3.60,835.67,1.49
532,444720739,"00532M12:30:43.836","00532 12:43:50",226.88,853.56,,,,"     ",3.60,836.68,1.49
532,444720740,"00532M12:30:44.810","00532 12:43:51",226.91,853.63,,,,"     ",3.60,840.16,1.50
532,444720741,"00532M12:30:45.783","00532 12:43:52",226.92,853.53,,,,"     ",3.60,833.58,1.48
532,444720742,"00532M12:30:46.756","00532 12:43:53",226.95,853.68,,,,"     ",3.60,843.00,1.50
532,444720743,"00532M12:30:47.729","00532 12:43:54",226.97,853.64,,,,"     ",3.60,825.28,1.47
532,444720744,"00532M12:30:48.703","00532 12:43:54",227.00,853.65,,,,"     ",3.60,833.22,1.48
532,444720745,"00532M12:30:49.676","00532 12:43:55",227.01,853.66,,,,"     ",3.60,840.44,1.49
532,444720746,"00532M12:30:50.649","00532 12:43:56",227.02,853.69,,,,"     ",3.60,825.42,1.47
532,444720747,"00532M12:30:51.622","00532 12:43:57",227.04,853.64,,,,"     ",3.60,842.60,1.50
532,444720748,"00532M12:30:52.596","00532 12:43:58",227.05,853.65,,,,"     ",3.60,830.78,1.47
532,444720749,"00532M12:30:53.569","00532 12:43:59",227.06,853.65,,,,"     ",3.60,834.22,1.48
532,444720750,"00532M12:30:54.542","00532 12:44:00",227.06,853.59,,,,"     ",3.60,835.84,1.48
532,444720751,"00532M12:30:55.515","00532 12:44:01",227.07,853.68,,,,"     ",3.60,839.96,1.49
532,444720752,"00532M12:30:56.489","00532 12:44:02",227.08,853.64,,,,"     ",3.60,841.07,1.49
532,444720753,"00532M12:30:57.462","00532 12:44:03",227.11,853.65,,,,"     ",3.60,845.86,1.50
532,444720754,"00532M12:30:58.435","00532 12:44:04",227.15,853.63,,,,"     ",3.60,837.23,1.48
532,444720755,"00532M12:30:59.408","00532 12:44:05",227.19,853.67,,,,"     ",3.60,845.52,1.50
532,444720756,"00532M12:31:00.382","00532 12:44:06",227.24,853.65,,,,"     ",3.60,844.07,1.49
532,444720757,"00532M12:31:01.355","00532 12:44:07",227.28,853.59,,,,"     ",3.60,842.48,1.49
532,444720758,"00532M12:31:02.328","00532 12:44:08",227.32,853.54,,,,"     ",3.60,841.79,1.49
532,444720759,"00532M12:31:03.301","00532 12:44:09",227.33,853.55,,,,"     ",3.60,841.61,1.49
532,444720760,"00532M12:31:04.275","00532 12:44:10",227.33,853.56,,,,"     ",3.60,841.10,1.48
532,444720761,"00532M12:31:05.248","00532 12:44:11",227.31,853.60,,,,"     ",3.60,843.73,1.49
532,444720762,"00532M12:31:06.221","00532 12:44:12",227.29,853.58,,,,"     ",3.60,840.28,1.48
532,444720763,"00532M12:31:07.194","00532 12:44:13",227.26,853.56,,,,"     ",3.60,838.41,1.48
532,444720764,"00532M12:31:08.168","00532 12:44:14",227.24,853.48,,,,"     ",3.60,843.58,1.48
532,444720765,"00532M12:31:09.141","00532 12:44:15",227.20,853.50,,,,"     ",3.60,847.90,1.49
532,444720766,"00532M12:31:10.114","00532 12:44:16",227.18,853.62,,,,"     ",3.60,849.40,1.49
532,444720767,"00532M12:31:11.087","00532 12:44:17",227.15,853.45,,,,"     ",3.60,846.63,1.49
532,444720768,"00532M12:31:12.061","00532 12:44:18",227.15,853.58,,,,"     ",3.60,847.84,1.49
532,444720769,"00532M12:31:13.034","00532 12:44:19",227.16,853.62,,,,"     ",3.60,849.21,1.49
532,444720770,"00532M12:31:14.007","00532 12:44:20",227.18,853.56,,,,"     ",3.60,846.48,1.48
532,444720771,"00532M12:31:14.980","00532 12:44:21",227.23,853.58,,,,"     ",3.60,853.65,1.50
532,444720772,"00532M12:31:15.954","00532 12:44:22",227.28,853.65,,,,"     ",3.60,848.99,1.49
532,444720773,"00532M12:31:16.927","00532 12:44:23",227.34,853.60,,,,"     ",3.60,850.02,1.49
532,444720774,"00532M12:31:17.900","00532 12:44:24",227.42,853.57,,,,"     ",3.60,850.97,1.49
532,444720775,"00532M12:31:18.873","00532 12:44:25",227.48,853.58,,,,"     ",3.60,848.86,1.48
532,444720776,"00532M12:31:19.847","00532 12:44:26",227.54,853.60,,,,"     ",3.60,856.12,1.49
532,444720777,"00532M12:31:20.820","00532 12:44:27",227.59,853.62,,,,"     ",3.60,855.59,1.49
532,444720778,"00532M12:31:21.793","00532 12:44:28",227.64,853.56,,,,"     ",3.60,849.41,1.48
532,444720779,"00532M12:31:22.766","00532 12:44:29",227.68,853.58,,,,"     ",3.60,849.64,1.48
532,444720780,"00532M12:31:23.740","00532 12:44:30",227.71,853.50,,,,"     ",3.60,856.26,1.49
532,444720781,"00532M12:31:24.713","00532 12:44:31",227.74,853.51,,,,"     ",3.60,859.86,1.49
532,444720782,"00532M12:31:25.686","00532 12:44:31",227.76,853.56,,,,"     ",3.60,853.58,1.48
532,444720783,"00532M12:31:26.659","00532 12:44:32",227.76,853.61,,,,"     ",3.60,857.54,1.49
532,444720784,"00532M12:31:27.633","00532 12:44:33",227.75,853.53,,,,"     ",3.60,859.24,1.49
532,444720785,"00532M12:31:28.606","00532 12:44:34",227.73,853.57,,,,"     ",3.60,855.36,1.48
532,444720786,"00532M12:31:29.579","00532 12:44:35",227.69,853.63,,,,"     ",3.60,850.23,1.47
532,444720787,"00532M12:31:30.552","00532 12:44:36",227.66,853.55,,,,"     ",3.60,863.04,1.49
532,444720788,"00532M12:31:31.526","00532 12:44:37",227.62,853.59,,,,"     ",3.60,867.41,1.50
532,444720789,"00532M12:31:32.499","00532 12:44:38",227.57,853.55,,,,"     ",3.60,858.09,1.48
532,444720790,"00532M12:31:33.472","00532 12:44:39",227.52,853.57,,,,"     ",3.60,869.68,1.50
532,444720791,"00532M12:31:34.446","00532 12:44:40",227.48,853.60,,,,"     ",3.60,865.44,1.49
532,444720792,"00532M12:31:35.419","00532 12:44:41",227.45,853.54,,,,"     ",3.60,861.90,1.48
532,444720793,"00532M12:31:36.392","00532 12:44:42",227.43,853.56,,,,"     ",3.60,857.03,1.47
532,444720794,"00532M12:31:37.365","00532 12:44:43",227.41,853.58,,,,"     ",3.60,855.22,1.46
532,444720795,"00532M12:31:38.339","00532 12:44:44",227.40,853.57,,,,"     ",3.60,862.16,1.48
532,444720796,"00532M12:31:39.312","00532 12:44:45",227.40,853.52,,,,"     ",3.60,864.92,1.48
532,444720797,"00532M12:31:40.285","00532 12:44:46",227.39,853.53,,,,"     ",3.60,859.65,1.47
532,444720798,"00532M12:31:41.258","00532 12:44:47",227.39,853.55,,,,"     ",3.60,870.12,1.49
532,444720799,"00532M12:31:42.232","00532 12:44:48",227.39,853.44,,,,"     ",3.60,866.20,1.48
532,444720800,"00532M12:31:43.205","00532 12:44:49",227.39,853.55,,,,"     ",3.60,866.61,1.48
532,444720801,"00532M12:31:44.178","00532 12:44:50",227.40,853.54,,,,"     ",3.60,860.42,1.46
532,444720802,"00532M12:31:45.151","00532 12:44:51",227.41,853.50,,,,"     ",3.60,867.57,1.47
532,444720803,"00532M12:31:46.125","00532 12:44:52",227.41,853.48,,,,"     ",3.60,872.56,1.48
532,444720804,"00532M12:31:47.098","00532 12:44:53",227.42,853.41,,,,"     ",3.60,863.08,1.46
532,444720805,"00532M12:31:48.071","00532 12:44:54",227.41,853.45,,,,"     ",3.60,867.17,1.47
532,444720806,"00532M12:31:49.044","00532 12:44:55",227.40,853.38,,,,"     ",3.60,855.84,1.45
532,444720807,"00532M12:31:50.018","00532 12:44:56",227.40,853.47,,,,"     ",3.60,861.18,1.46
532,444720808,"00532M12:31:50.991","00532 12:44:57",227.38,853.44,,,,"     ",3.60,875.82,1.48
532,444720809,"00532M12:31:51.964","00532 12:44:58",227.38,853.44,,,,"     ",3.60,877.33,1.48
532,444720810,"00532M12:31:52.937","00532 12:44:59",227.37,853.49,,,,"     ",3.60,869.10,1.46
532,444720811,"00532M12:31:53.911","00532 12:45:00",227.38,853.41,,,,"     ",3.60,866.58,1.46
532,444720812,"00532M12:31:54.884","00532 12:45:01",227.38,853.42,,,,"     ",3.60,873.33,1.47
532,444720813,"00532M12:31:55.857","00532 12:45:02",227.40,853.41,,,,"     ",3.60,874.45,1.47
532,444720814,"00532M12:31:56.830","00532 12:45:03",227.42,853.50,,,,"     ",3.60,873.79,1.47
532,444720815,"00532M12:31:57.804","00532 12:45:04",227.44,853.56,,,,"     ",3.60,864.49,1.45
532,444720816,"00532M12:31:58.777","00532 12:45:05",227.45,853.50,,,,"     ",3.60,876.25,1.47
532,444720817,"00532M12:31:59.750","00532 12:45:06",227.47,853.49,,,,"     ",3.60,878.30,1.47
532,444720818,"00532M12:32:00.723","00532 12:45:07",227.50,853.51,,,,"     ",3.60,871.74,1.46
532,444720819,"00532M12:32:01.697","00532 12:45:07",227.51,853.49,,,,"     ",3.60,873.40,1.46
532,444720820,"00532M12:32:02.670","00532 12:45:08",227.54,853.49,,,,"     ",3.60,878.90,1.47
532,444720821,"00532M12:32:03.643","00532 12:45:09",227.57,853.50,,,,"     ",3.60,877.28,1.46
532,444720822,"00532M12:32:04.616","00532 12:45:10",227.59,853.47,,,,"     ",3.60,874.53,1.46
532,444720823,"00532M12:32:05.590","00532 12:45:11",227.60,853.53,,,,"     ",3.60,887.94,1.48
532,444720824,"00532M12:32:06.563","00532 12:45:12",227.61,853.47,,,,"     ",3.60,876.83,1.46
532,444720825,"00532M12:32:07.536","00532 12:45:13",227.62,853.48,,,,"     ",3.60,880.97,1.47
532,444720826,"00532M12:32:08.509","00532 12:45:14",227.63,853.49,,,,"     ",3.60,879.02,1.46
532,444720827,"00532M12:32:09.483","00532 12:45:15",227.63,853.44,,,,"     ",3.60,885.62,1.47
532,444720828,"00532M12:32:10.456","00532 12:45:16",227.65,853.40,,,,"     ",3.60,887.68,1.47
532,444720829,"00532M12:32:11.429","00532 12:45:17",227.67,853.44,,,,"     ",3.60,882.75,1.46
532,444720830,"00532M12:32:12.402","00532 12:45:18",227.70,853.41,,,,"     ",3.60,877.80,1.45
532,444720831,"00532M12:32:13.376","00532 12:45:19",227.73,853.48,,,,"     ",3.60,878.28,1.46
532,444720832,"00532M12:32:14.349","00532 12:45:20",227.77,853.41,,,,"     ",3.60,876.58,1.45
532,444720833,"00532M12:32:15.322","00532 12:45:21",227.80,853.44,,,,"     ",3.60,877.69,1.45
532,444720834,"00532M12:32:16.295","00532 12:45:22",227.84,853.41,,,,"     ",3.60,876.27,1.45
532,444720835,"00532M12:32:17.269","00532 12:45:23",227.87,853.46,,,,"     ",3.60,881.55,1.46
532,444720836,"00532M12:32:18.242","00532 12:45:24",227.89,853.49,,,,"     ",3.60,876.00,1.45
532,444720837,"00532M12:32:19.215","00532 12:45:25",227.91,853.57,,,,"     ",3.60,883.14,1.46
532,444720838,"00532M12:32:20.188","00532 12:45:26",227.93,853.44,,,,"     ",3.60,879.54,1.45
532,444720839,"00532M12:32:21.162","00532 12:45:27",227.95,853.54,,,,"     ",3.60,881.88,1.45
532,444720840,"00532M12:32:22.135","00532 12:45:28",227.97,853.45,,,,"     ",3.60,888.81,1.47
532,444720841,"00532M12:32:23.108","00532 12:45:29",227.99,853.51,,,,"     ",3.60,890.23,1.47
532,444720842,"00532M12:32:24.081","00532 12:45:30",227.99,853.51,,,,"     ",3.60,884.03,1.46
532,444720843,"00532M12:32:25.055","00532 12:45:31",227.99,853.51,,,,"     ",3.60,883.09,1.45
532,444720844,"00532M12:32:26.028","00532 12:45:32",227.97,853.52,,,,"     ",3.60,884.01,1.45
532,444720845,"00532M12:32:27.001","00532 12:45:33",227.96,853.59,,,,"     ",3.60,895.04,1.47
532,444720846,"00532M12:32:27.974","00532 12:45:34",227.94,853.56,,,,"     ",3.60,881.30,1.45
532,444720847,"00532M12:32:28.948","00532 12:45:35",227.91,853.49,,,,"     ",3.60,887.34,1.46
532,444720848,"00532M12:32:29.921","00532 12:45:36",227.88,853.40,,,,"     ",3.60,894.05,1.47
532,444720849,"00532M12:32:30.894","00532 12:45:37",227.84,853.34,,,,"     ",3.60,892.22,1.46
532,444720850,"00532M12:32:31.867","00532 12:45:38",227.81,853.45,,,,"     ",3.60,896.59,1.47
532,444720851,"00532M12:32:32.841","00532 12:45:39",227.77,853.46,,,,"     ",3.60,885.08,1.45
532,444720852,"00532M12:32:33.814","00532 12:45:40",227.74,853.50,,,,"     ",3.60,896.30,1.47
532,444720853,"00532M12:32:34.787","00532 12:45:41",227.72,853.53,,,,"     ",3.60,892.97,1.46
532,444720854,"00532M12:32:35.760","00532 12:45:42",227.71,853.44,,,,"     ",3.60,890.40,1.45
532,444720855,"00532M12:32:36.734","00532 12:45:43",227.73,853.52,,,,"     ",3.60,886.42,1.45
532,444720856,"00532M12:32:37.707","00532 12:45:44",227.76,853.57,,,,"     ",3.60,905.30,1.48
532,444720857,"00532M12:32:38.680","00532 12:45:44",227.82,853.36,,,,"     ",3.60,892.77,1.46
532,444720858,"00532M12:32:39.653","00532 12:45:45",227.86,853.40,,,,"     ",3.60,900.43,1.47
532,444720859,"00532M12:32:40.627","00532 12:45:46",227.93,853.41,,,,"     ",3.60,896.89,1.46
532,444720860,"00532M12:32:41.600","00532 12:45:47",227.98,853.40,,,,"     ",3.60,889.86,1.45
532,444720861,"00532M12:32:42.573","00532 12:45:48",228.03,853.44,,,,"     ",3.60,897.66,1.46
532,444720862,"00532M12:32:43.546","00532 12:45:49",228.07,853.43,,,,"     ",3.60,901.73,1.47
532,444720863,"00532M12:32:44.520","00532 12:45:50",228.10,853.46,,,,"     ",3.60,902.86,1.47
532,444720864,"00532M12:32:45.493","00532 12:45:51",228.13,853.46,,,,"     ",3.60,909.32,1.48
532,444720865,"00532M12:32:46.466","00532 12:45:52",228.15,853.41,,,,"     ",3.60,895.85,1.45
532,444720866,"00532M12:32:47.440","00532 12:45:53",228.16,853.37,,,,"     ",3.60,902.06,1.46
532,444720867,"00532M12:32:48.413","00532 12:45:54",228.15,853.37,,,,"     ",3.60,900.48,1.46
532,444720868,"00532M12:32:49.386","00532 12:45:55",228.14,853.41,,,,"     ",3.60,897.87,1.45
532,444720869,"00532M12:32:50.359","00532 12:45:56",228.12,853.35,,,,"     ",3.60,915.32,1.48
532,444720870,"00532M12:32:51.333","00532 12:45:57",228.07,853.34,,,,"     ",3.60,898.56,1.45
532,444720871,"00532M12:32:52.306","00532 12:45:58",228.04,853.32,,,,"     ",3.60,910.93,1.47
532,444720872,"00532M12:32:53.279","00532 12:45:59",228.00,853.39,,,,"     ",3.60,904.76,1.46
532,444720873,"00532M12:32:54.252","00532 12:46:00",227.98,853.38,,,,"     ",3.60,897.96,1.45
532,444720874,"00532M12:32:55.226","00532 12:46:01",227.96,853.46,,,,"     ",3.60,905.20,1.46
532,444720875,"00532M12:32:56.199","00532 12:46:02",227.96,853.41,,,,"     ",3.60,901.09,1.45
532,444720876,"00532M12:32:57.172","00532 12:46:03",227.98,853.37,,,,"     ",3.60,905.69,1.46
532,444720877,"00532M12:32:58.145","00532 12:46:04",227.99,853.40,,,,"     ",3.60,902.85,1.45
532,444720878,"00532M12:32:59.119","00532 12:46:05",228.01,853.37,,,,"     ",3.60,910.20,1.46
532,444720879,"00532M12:33:00.092","00532 12:46:06",228.04,853.40,,,,"     ",3.60,910.82,1.46
532,444720880,"00532M12:33:01.065","00532 12:46:07",228.06,853.43,,,,"     ",3.60,907.42,1.45
532,444720881,"00532M12:33:02.038","00532 12:46:08",228.08,853.37,,,,"     ",3.60,907.43,1.45
532,444720882,"00532M12:33:03.012","00532 12:46:09",228.12,853.34,,,,"     ",3.60,904.02,1.45
532,444720883,"00532M12:33:03.985","00532 12:46:10",228.14,853.28,,,,"     ",3.60,913.92,1.46
532,444720884,"00532M12:33:04.958","00532 12:46:11",228.18,853.39,,,,"     ",3.60,913.46,1.46
532,444720885,"00532M12:33:05.931","00532 12:46:12",228.21,853.37,,,,"     ",3.60,920.03,1.47
532,444720886,"00532M12:33:06.905","00532 12:46:13",228.24,853.37,,,,"     ",3.60,911.88,1.45
532,444720887,"00532M12:33:07.878","00532 12:46:14",228.26,853.46,,,,"     ",3.60,912.89,1.45
532,444720888,"00532M12:33:08.851","00532 12:46:15",228.28,853.42,,,,"     ",3.60,912.99,1.45
532,444720889,"00532M12:33:09.824","00532 12:46:16",228.29,853.45,,,,"     ",3.60,917.29,1.46
532,444720890,"00532M12:33:10.798","00532 12:46:17",228.29,853.31,,,,"     ",3.60,911.97,1.45
532,444720891,"00532M12:33:11.771","00532 12:46:18",228.30,853.38,,,,"     ",3.60,910.06,1.44
532,444720892,"00532M12:33:12.744","00532 12:46:19",228.31,853.44,,,,"     ",3.60,920.93,1.46
532,444720893,"00532M12:33:13.717","00532 12:46:20",228.33,853.35,,,,"     ",3.60,921.51,1.46
532,444720894,"00532M12:33:14.691","00532 12:46:21",228.34,853.37,,,,"     ",3.60,917.75,1.45
532,444720895,"00532M12:33:15.664","00532 12:46:21",228.37,853.29,,,,"     ",3.60,915.64,1.45
532,444720896,"00532M12:33:16.637","00532 12:46:22",228.38,853.27,,,,"     ",3.60,905.82,1.43
532,444720897,"00532M12:33:17.610","00532 12:46:23",228.40,853.34,,,,"     ",3.60,920.99,1.46
532,444720898,"00532M12:33:18.584","00532 12:46:24",228.41,853.36,,,,"     ",3.60,921.57,1.46
532,444720899,"00532M12:33:19.557","00532 12:46:25",228.43,853.45,,,,"     ",3.60,922.54,1.46
532,444720900,"00532M12:33:20.530","00532 12:46:26",228.45,853.38,,,,"     ",3.60,925.29,1.46
532,444720901,"00532M12:33:21.503","00532 12:46:27",228.45,853.36,,,,"     ",3.60,914.39,1.44
532,444720902,"00532M12:33:22.477","00532 12:46:28",228.45,853.30,,,,"     ",3.60,918.92,1.45
532,444720903,"00532M12:33:23.450","00532 12:46:29",228.45,853.41,,,,"     ",3.60,922.80,1.45
532,444720904,"00532M12:33:24.423","00532 12:46:30",228.45,853.41,,,,"     ",3.60,917.72,1.44
532,444720905,"00532M12:33:25.396","00532 12:46:31",228.45,853.42,,,,"     ",3.60,925.18,1.45
532,444720906,"00532M12:33:26.370","00532 12:46:32",228.44,853.33,,,,"     ",3.60,933.00,1.47
532,444720907,"00532M12:33:27.343","00532 12:46:33",228.42,853.36,,,,"     ",3.60,928.25,1.46
532,444720908,"00532M12:33:28.316","00532 12:46:34",228.40,853.34,,,,"     ",3.60,923.51,1.45
532,444720909,"00532M12:33:29.289","00532 12:46:35",228.38,853.39,,,,"     ",3.60,931.15,1.46
532,444720910,"00532M12:33:30.263","00532 12:46:36",228.37,853.29,,,,"     ",3.60,928.79,1.45
532,444720911,"00532M12:33:31.236","00532 12:46:37",228.36,853.30,,,,"     ",3.60,930.58,1.46
532,444720912,"00532M12:33:32.209","00532 12:46:38",228.35,853.26,,,,"     ",3.60,921.42,1.44
532,444720913,"00532M12:33:33.182","00532 12:46:39",228.34,853.41,,,,"     ",3.60,920.76,1.44
532,444720914,"00532M12:33:34.156","00532 12:46:40",228.33,853.45,,,,"     ",3.60,931.37,1.45
532,444720915,"00532M12:33:35.129","00532 12:46:41",228.33,853.37,,,,"     ",3.60,937.06,1.46
532,444720916,"00532M12:33:36.102","00532 12:46:42",228.32,853.26,,,,"     ",3.60,931.88,1.45
532,444720917,"00532M12:33:37.075","00532 12:46:43",228.32,853.35,,,,"     ",3.60,937.38,1.46
532,444720918,"00532M12:33:38.049","00532 12:46:44",228.32,853.32,,,,"     ",3.60,937.35,1.46
532,444720919,"00532M12:33:39.022","00532 12:46:45",228.31,853.27,,,,"     ",3.60,947.80,1.47
532,444720920,"00532M12:33:39.995","00532 12:46:46",228.29,853.31,,,,"     ",3.60,941.47,1.46
532,444720921,"00532M12:33:40.968","00532 12:46:47",228.27,853.27,,,,"     ",3.60,929.57,1.44
532,444720922,"00532M12:33:41.942","00532 12:46:48",228.24,853.23,,,,"     ",3.60,934.61,1.45
532,444720923,"00532M12:33:42.915","00532 12:46:49",228.20,853.21,,,,"     ",3.60,941.30,1.46
532,444720924,"00532M12:33:43.888","00532 12:46:50",228.16,853.26,,,,"     ",3.60,939.79,1.45
532,444720925,"00532M12:33:44.861","00532 12:46:51",228.10,853.27,,,,"     ",3.60,938.32,1.45
532,444720926,"00532M12:33:45.835","00532 12:46:52",228.05,853.26,,,,"     ",3.60,946.64,1.46
532,444720927,"00532M12:33:46.808","00532 12:46:53",227.99,853.29,,,,"     ",3.60,933.44,1.44
532,444720928,"00532M12:33:47.781","00532 12:46:54",227.94,853.41,,,,"     ",3.60,936.57,1.45
532,444720929,"00532M12:33:48.754","00532 12:46:55",227.89,853.37,,,,"     ",3.60,940.22,1.45
532,444720930,"00532M12:33:49.728","00532 12:46:56",227.84,853.31,,,,"     ",3.60,940.39,1.45
532,444720931,"00532M12:33:50.701","00532 12:46:57",227.79,853.29,,,,"     ",3.60,940.17,1.45
532,444720932,"00532M12:33:51.674","00532 12:46:57",227.73,853.31,,,,"     ",3.60,948.53,1.46
532,444720933,"00532M12:33:52.647","00532 12:46:58",227.69,853.25,,,,"     ",3.60,932.60,1.43
532,444720934,"00532M12:33:53.621","00532 12:46:59",227.64,853.25,,,,"     ",3.60,942.45,1.45
532,444720935,"00532M12:33:54.594","00532 12:47:00",227.61,853.35,,,,"     ",3.60,944.75,1.45
532,444720936,"00532M12:33:55.567","00532 12:47:01",227.57,853.35,,,,"     ",3.60,940.46,1.44
532,444720937,"00532M12:33:56.541","00532 12:47:02",227.55,853.33,,,,"     ",3.60,942.49,1.45
532,444720938,"00532M12:33:57.514","00532 12:47:03",227.53,853.23,,,,"     ",3.60,947.38,1.45
532,444720939,"00532M12:33:58.487","00532 12:47:04",227.52,853.31,,,,"     ",3.60,940.87,1.44
532,444720940,"00532M12:33:59.460","00532 12:47:05",227.52,853.24,,,,"     ",3.60,943.56,1.44
532,444720941,"00532M12:34:00.434","00532 12:47:06",227.54,853.17,,,,"     ",3.60,943.28,1.44
532,444720942,"00532M12:34:01.407","00532 12:47:07",227.58,853.28,,,,"     ",3.60,942.86,1.44
532,444720943,"00532M12:34:02.380","00532 12:47:08",227.65,853.31,,,,"     ",3.60,943.30,1.44
532,444720944,"00532M12:34:03.353","00532 12:47:09",227.72,853.25,,,,"     ",3.60,953.69,1.46
532,444720945,"00532M12:34:04.327","00532 12:47:10",227.82,853.20,,,,"     ",3.60,940.98,1.43
532,444720946,"00532M12:34:05.300","00532 12:47:11",227.92,853.23,,,,"     ",3.60,953.71,1.45
532,444720947,"00532M12:34:06.273","00532 12:47:12",228.02,853.27,,,,"     ",3.60,939.96,1.43
532,444720948,"00532M12:34:07.246","00532 12:47:13",228.11,853.23,,,,"     ",3.60,943.19,1.43
532,444720949,"00532M12:34:08.220","00532 12:47:14",228.17,853.25,,,,"     ",3.60,946.29,1.44
532,444720950,"00532M12:34:09.193","00532 12:47:15",228.20,853.20,,,,"     ",3.60,950.28,1.44
532,444720951,"00532M12:34:10.166","00532 12:47:16",228.23,853.23,,,,"     ",3.60,950.69,1.44
532,444720952,"00532M12:34:11.139","00532 12:47:17",228.22,853.23,,,,"     ",3.60,943.15,1.43
532,444720953,"00532M12:34:12.113","00532 12:47:18",228.20,853.25,,,,"     ",3.60,954.24,1.45
532,444720954,"00532M12:34:13.086","00532 12:47:19",228.19,853.23,,,,"     ",3.60,949.13,1.44
532,444720955,"00532M12:34:14.059","00532 12:47:20",228.16,853.25,,,,"     ",3.60,955.98,1.45
532,444720956,"00532M12:34:15.032","00532 12:47:21",228.14,853.27,,,,"     ",3.60,957.98,1.45
532,444720957,"00532M12:34:16.006","00532 12:47:22",228.13,853.22,,,,"     ",3.60,951.74,1.44
532,444720958,"00532M12:34:16.979","00532 12:47:23",228.13,853.22,,,,"     ",3.60,955.01,1.44
532,444720959,"00532M12:34:17.952","00532 12:47:24",228.15,853.16,,,,"     ",3.60,953.73,1.44
532,444720960,"00532M12:34:18.925","00532 12:47:25",228.19,853.07,,,,"     ",3.60,956.92,1.44
532,444720961,"00532M12:34:19.899","00532 12:47:26",228.25,853.16,,,,"     ",3.60,952.10,1.43
532,444720962,"00532M12:34:20.872","00532 12:47:27",228.31,853.23,,,,"     ",3.60,959.43,1.45
532,444720963,"00532M12:34:21.845","00532 12:47:28",228.38,853.20,,,,"     ",3.60,968.01,1.46
532,444720964,"00532M12:34:22.818","00532 12:47:29",228.44,853.19,,,,"     ",3.60,962.99,1.45
532,444720965,"00532M12:34:23.792","00532 12:47:30",228.49,853.14,,,,"     ",3.60,967.97,1.45
532,444720966,"00532M12:34:24.765","00532 12:47:31",228.53,853.22,,,,"     ",3.60,964.77,1.45
532,444720967,"00532M12:34:25.738","00532 12:47:32",228.55,853.23,,,,"     ",3.60,959.09,1.44
532,444720968,"00532M12:34:26.711","00532 12:47:33",228.56,853.20,,,,"     ",3.60,955.34,1.43
532,444720969,"00532M12:34:27.685","00532 12:47:34",228.56,853.29,,,,"     ",3.60,962.33,1.44
532,444720970,"00532M12:34:28.658","00532 12:47:34",228.57,853.19,,,,"     ",3.60,957.14,1.43
532,444720971,"00532M12:34:29.631","00532 12:47:35",228.57,853.23,,,,"     ",3.60,966.53,1.45
532,444720972,"00532M12:34:30.604","00532 12:47:36",228.58,853.28,,,,"     ",3.60,964.72,1.44
532,444720973,"00532M12:34:31.578","00532 12:47:37",228.57,853.15,,,,"     ",3.60,959.25,1.43
532,444720974,"00532M12:34:32.551","00532 12:47:38",228.55,853.13,,,,"     ",3.60,967.33,1.44
532,444720975,"00532M12:34:33.524","00532 12:47:39",228.54,853.16,,,,"     ",3.60,958.79,1.43
532,444720976,"00532M12:34:34.497","00532 12:47:40",228.51,853.13,,,,"     ",3.60,960.51,1.43
532,444720977,"00532M12:34:35.471","00532 12:47:41",228.47,853.19,,,,"     ",3.60,962.32,1.43
532,444720978,"00532M12:34:36.444","00532 12:47:42",228.42,853.15,,,,"     ",3.60,955.35,1.42
532,444720979,"00532M12:34:37.417","00532 12:47:43",228.35,853.21,,,,"     ",3.60,961.74,1.43
532,444720980,"00532M12:34:38.390","00532 12:47:44",228.27,853.20,,,,"     ",3.60,967.39,1.44
532,444720981,"00532M12:34:39.364","00532 12:47:45",228.19,853.15,,,,"     ",3.60,969.27,1.44
532,444720982,"00532M12:34:40.337","00532 12:47:46",228.10,853.05,,,,"     ",3.60,960.41,1.43
532,444720983,"00532M12:34:41.310","00532 12:47:47",228.02,853.09,,,,"     ",3.60,967.94,1.44
532,444720984,"00532M12:34:42.283","00532 12:47:48",227.95,853.09,,,,"     ",3.60,959.97,1.42
532,444720985,"00532M12:34:43.257","00532 12:47:49",227.91,853.05,,,,"     ",3.60,977.28,1.45
532,444720986,"00532M12:34:44.230","00532 12:47:50",227.88,853.08,,,,"     ",3.60,969.10,1.44
532,444720987,"00532M12:34:45.203","00532 12:47:51",227.86,853.10,,,,"     ",3.60,967.54,1.44
532,444720988,"00532M12:34:46.176","00532 12:47:52",227.87,853.03,,,,"     ",3.60,963.81,1.43
532,444720989,"00532M12:34:47.150","00532 12:47:53",227.90,853.08,,,,"     ",3.60,972.74,1.44
532,444720990,"00532M12:34:48.123","00532 12:47:54",227.92,853.08,,,,"     ",3.60,975.19,1.45
532,444720991,"00532M12:34:49.096","00532 12:47:55",227.98,853.08,,,,"     ",3.60,965.51,1.43
532,444720992,"00532M12:34:50.069","00532 12:47:56",228.04,853.05,,,,"     ",3.60,974.34,1.44
532,444720993,"00532M12:34:51.043","00532 12:47:57",228.12,853.14,,,,"     ",3.60,965.82,1.43
532,444720994,"00532M12:34:52.016","00532 12:47:58",228.22,853.10,,,,"     ",3.60,973.27,1.44
532,444720995,"00532M12:34:52.989","00532 12:47:59",228.32,853.05,,,,"     ",3.60,972.28,1.44
532,444720996,"00532M12:34:53.962","00532 12:48:00",228.42,853.03,,,,"     ",3.60,971.22,1.44
532,444720997,"00532M12:34:54.936","00532 12:48:01",228.51,853.06,,,,"     ",3.60,971.96,1.44
532,444720998,"00532M12:34:55.909","00532 12:48:02",228.60,853.12,,,,"     ",3.60,970.12,1.44
532,444720999,"00532M12:34:56.882","00532 12:48:03",228.68,853.09,,,,"     ",3.60,979.42,1.45
532,444721000,"00532M12:34:57.855","00532 12:48:04",228.77,853.10,,,,"     ",3.60,965.12,1.43
532,444721001,"00532M12:34:58.829","00532 12:48:05",228.84,853.10,,,,"     ",3.60,970.73,1.44
532,444721002,"00532M12:34:59.802","00532 12:48:06",228.93,853.14,,,,"     ",3.60,974.07,1.44
532,444721003,"00532M12:35:00.775","00532 12:48:07",229.01,853.13,,,,"     ",3.60,973.11,1.44
532,444721004,"00532M12:35:01.748","00532 12:48:08",229.09,853.20,,,,"     ",3.60,953.35,1.41
532,444721005,"00532M12:35:02.722","00532 12:48:09",229.16,853.13,,,,"     ",3.60,972.70,1.44
532,444721006,"00532M12:35:03.695","00532 12:48:10",229.23,853.00,,,,"     ",3.60,967.91,1.43
532,444721007,"00532M12:35:04.668","00532 12:48:10",229.29,853.09,,,,"     ",3.60,961.15,1.42
532,444721008,"00532M12:35:05.642","00532 12:48:11",229.34,853.03,,,,"     ",3.60,965.89,1.43
532,444721009,"00532M12:35:06.615","00532 12:48:12",229.40,852.98,,,,"     ",3.60,958.37,1.41
532,444721010,"00532M12:35:07.588","00532 12:48:13",229.45,853.00,,,,"     ",3.60,973.92,1.44
532,444721011,"00532M12:35:08.561","00532 12:48:14",229.52,852.98,,,,"     ",3.60,976.65,1.44
532,444721012,"00532M12:35:09.535","00532 12:48:15",229.59,853.02,,,,"     ",3.60,970.12,1.43
532,444721013,"00532M12:35:10.508","00532 12:48:16",229.65,853.04,,,,"     ",3.60,974.76,1.44
532,444721014,"00532M12:35:11.481","00532 12:48:17",229.70,852.99,,,,"     ",3.60,983.20,1.45
532,444721015,"00532M12:35:12.454","00532 12:48:18",229.73,853.00,,,,"     ",3.60,964.83,1.42
532,444721016,"00532M12:35:13.428","00532 12:48:19",229.75,853.07,,,,"     ",3.60,975.31,1.44
532,444721017,"00532M12:35:14.401","00532 12:48:20",229.75,853.03,,,,"     ",3.60,965.86,1.43
532,444721018,"00532M12:35:15.374","00532 12:48:21",229.74,853.09,,,,"     ",3.60,971.23,1.43
532,444721019,"00532M12:35:16.347","00532 12:48:22",229.74,853.15,,,,"     ",3.60,974.71,1.44
532,444721020,"00532M12:35:17.321","00532 12:48:23",229.73,853.20,,,,"     ",3.60,961.72,1.42
532,444721021,"00532M12:35:18.294","00532 12:48:24",229.72,853.12,,,,"     ",3.60,962.74,1.42
532,444721022,"00532M12:35:19.267","00532 12:48:25",229.73,852.98,,,,"     ",3.60,968.39,1.43
532,444721023,"00532M12:35:20.240","00532 12:48:26",229.75,852.99,,,,"     ",3.60,974.40,1.44
532,444721024,"00532M12:35:21.214","00532 12:48:27",229.77,852.96,,,,"     ",3.60,963.94,1.42
532,444721025,"00532M12:35:22.187","00532 12:48:28",229.78,852.99,,,,"     ",3.60,978.29,1.45
532,444721026,"00532M12:35:23.160","00532 12:48:29",229.80,852.99,,,,"     ",3.60,974.74,1.44
532,444721027,"00532M12:35:24.133","00532 12:48:30",229.83,852.99,,,,"     ",3.60,957.23,1.41
532,444721028,"00532M12:35:25.107","00532 12:48:31",229.85,852.93,,,,"     ",3.60,964.92,1.43
532,444721029,"00532M12:35:26.080","00532 12:48:32",229.90,852.92,,,,"     ",3.60,965.87,1.43
532,444721030,"00532M12:35:27.053","00532 12:48:33",229.93,852.96,,,,"     ",3.60,971.25,1.44
532,444721031,"00532M12:35:28.026","00532 12:48:34",229.98,853.04,,,,"     ",3.60,973.99,1.44
532,444721032,"00532M12:35:29.000","00532 12:48:35",230.01,853.08,,,,"     ",3.60,961.72,1.42
532,444721033,"00532M12:35:29.973","00532 12:48:36",230.04,853.09,,,,"     ",3.60,969.47,1.43
532,444721034,"00532M12:35:30.946","00532 12:48:37",230.07,853.01,,,,"     ",3.60,964.39,1.43
532,444721035,"00532M12:35:31.919","00532 12:48:38",230.09,852.98,,,,"     ",3.60,964.74,1.43
532,444721036,"00532M12:35:32.893","00532 12:48:39",230.11,853.01,,,,"     ",3.60,969.37,1.43
532,444721037,"00532M12:35:33.866","00532 12:48:40",230.13,853.04,,,,"     ",3.60,965.30,1.43
532,444721038,"00532M12:35:34.839","00532 12:48:41",230.14,853.00,,,,"     ",3.60,966.10,1.43
532,444721039,"00532M12:35:35.812","00532 12:48:42",230.16,853.03,,,,"     ",3.60,972.05,1.44
532,444721040,"00532M12:35:36.786","00532 12:48:43",230.17,852.98,,,,"     ",3.60,963.99,1.43
532,444721041,"00532M12:35:37.759","00532 12:48:44",230.17,852.98,,,,"     ",3.60,966.13,1.43
532,444721042,"00532M12:35:38.732","00532 12:48:45",230.17,853.02,,,,"     ",3.60,975.71,1.45
532,444721043,"00532M12:35:39.705","00532 12:48:46",230.17,853.01,,,,"     ",3.60,979.37,1.45
532,444721044,"00532M12:35:40.679","00532 12:48:47",230.20,852.99,4.41,,241.17,"  100110",3.60,967.13,1.43
532,444721045,"00532M12:35:41.652","00532 12:48:47",230.09,853.00,,,,"     ",3.60,965.99,1.43
532,444721046,"00532M12:35:42.625","00532 12:48:48",229.99,852.99,,,,"     ",3.60,980.73,1.45
532,444721047,"00532M12:35:43.598","00532 12:48:49",229.89,853.01,,,,"     ",3.60,975.39,1.45
532,444721048,"00532M12:35:44.572","00532 12:48:50",229.80,852.99,,,,"     ",3.60,964.11,1.43
532,444721049,"00532M12:35:45.545","00532 12:48:51",229.71,853.03,,,,"     ",3.60,967.77,1.43
532,444721050,"00532M12:35:46.518","00532 12:48:52",229.63,852.98,,,,"     ",3.60,963.35,1.43
532,444721051,"00532M12:35:47.491","00532 12:48:53",229.55,852.93,,,,"     ",3.60,976.62,1.45
532,444721052,"00532M12:35:48.465","00532 12:48:54",229.48,853.04,,,,"     ",3.60,968.58,1.44
532,444721053,"00532M12:35:49.438","00532 12:48:55",229.41,853.02,,,,"     ",3.60,971.12,1.44
532,444721054,"00532M12:35:50.411","00532 12:48:56",229.35,852.99,,,,"     ",3.60,973.03,1.44
532,444721055,"00532M12:35:51.384","00532 12:48:57",229.29,853.02,,,,"     ",3.60,974.33,1.45
532,444721056,"00532M12:35:52.358","00532 12:48:58",229.24,852.89,,,,"     ",3.60,972.39,1.44
532,444721057,"00532M12:35:53.331","00532 12:48:59",229.19,852.91,,,,"     ",3.60,972.93,1.44
532,444721058,"00532M12:35:54.304","00532 12:49:00",229.15,852.97,,,,"     ",3.60,977.75,1.45
532,444721059,"00532M12:35:55.277","00532 12:49:01",229.13,852.91,,,,"     ",3.60,974.82,1.45
532,444721060,"00532M12:35:56.251","00532 12:49:02",229.13,852.96,,,,"     ",3.60,960.94,1.42
532,444721061,"00532M12:35:57.224","00532 12:49:03",229.13,852.93,,,,"     ",3.60,974.24,1.45
532,444721062,"00532M12:35:58.197","00532 12:49:04",229.13,852.98,,,,"     ",3.60,973.93,1.44
532,444721063,"00532M12:35:59.170","00532 12:49:05",229.13,852.96,,,,"     ",3.60,970.05,1.44
532,444721064,"00532M12:36:00.144","00532 12:49:06",229.13,852.88,,,,"     ",3.60,968.95,1.44
532,444721065,"00532M12:36:01.117","00532 12:49:07",229.11,852.85,,,,"     ",3.60,966.80,1.44
532,444721066,"00532M12:36:02.090","00532 12:49:08",229.08,852.86,,,,"     ",3.60,965.41,1.43
532,444721067,"00532M12:36:03.063","00532 12:49:09",229.05,852.89,,,,"     ",3.60,976.26,1.45
532,444721068,"00532M12:36:04.037","00532 12:49:10",229.00,852.91,,,,"     ",3.60,970.16,1.44
532,444721069,"00532M12:36:05.010","00532 12:49:11",228.93,852.93,,,,"     ",3.60,973.60,1.45
532,444721070,"00532M12:36:05.983","00532 12:49:12",228.87,852.90,,,,"     ",3.60,969.87,1.44
532,444721071,"00532M12:36:06.956","00532 12:49:13",228.81,853.02,,,,"     ",3.60,975.63,1.45
532,444721072,"00532M12:36:07.930","00532 12:49:14",228.76,852.93,,,,"     ",3.60,954.64,1.42
532,444721073,"00532M12:36:08.903","00532 12:49:15",228.73,852.96,,,,"     ",3.60,964.97,1.43
532,444721074,"00532M12:36:09.876","00532 12:49:16",228.70,852.95,,,,"     ",3.60,967.36,1.44
532,444721075,"00532M12:36:10.849","00532 12:49:17",228.70,852.91,,,,"     ",3.60,979.46,1.46
532,444721076,"00532M12:36:11.823","00532 12:49:18",228.71,852.83,,,,"     ",3.60,969.70,1.44
532,444721077,"00532M12:36:12.796","00532 12:49:19",228.72,852.87,,,,"     ",3.60,966.51,1.44
532,444721078,"00532M12:36:13.769","00532 12:49:20",228.74,852.85,,,,"     ",3.60,968.04,1.44
532,444721079,"00532M12:36:14.743","00532 12:49:21",228.77,852.85,,,,"     ",3.60,968.24,1.44
532,444721080,"00532M12:36:15.716","00532 12:49:22",228.79,852.89,,,,"     ",3.60,963.67,1.43
532,444721081,"00532M12:36:16.689","00532 12:49:23",228.81,852.91,,,,"     ",3.60,963.32,1.43
532,444721082,"00532M12:36:17.662","00532 12:49:23",228.84,852.84,,,,"     ",3.60,969.61,1.44
532,444721083,"00532M12:36:18.636","00532 12:49:24",228.84,852.87,,,,"     ",3.60,971.65,1.44
532,444721084,"00532M12:36:19.609","00532 12:49:25",228.84,852.86,,,,"     ",3.60,980.69,1.46
532,444721085,"00532M12:36:20.582","00532 12:49:26",228.83,852.80,,,,"     ",3.60,962.89,1.43
532,444721086,"00532M12:36:21.555","00532 12:49:27",228.80,852.89,,,,"     ",3.60,957.41,1.42
532,444721087,"00532M12:36:22.529","00532 12:49:28",228.75,852.90,,,,"     ",3.60,963.11,1.43
532,444721088,"00532M12:36:23.502","00532 12:49:29",228.71,852.86,,,,"     ",3.60,976.59,1.45
532,444721089,"00532M12:36:24.475","00532 12:49:30",228.66,852.81,,,,"     ",3.60,967.26,1.44
532,444721090,"00532M12:36:25.448","00532 12:49:31",228.61,852.78,,,,"     ",3.60,975.95,1.45
532,444721091,"00532M12:36:26.422","00532 12:49:32",228.57,852.70,,,,"     ",3.60,972.10,1.45
532,444721092,"00532M12:36:27.395","00532 12:49:33",228.54,852.71,,,,"     ",3.60,965.62,1.44
532,444721093,"00532M12:36:28.368","00532 12:49:34",228.50,852.78,,,,"     ",3.60,966.25,1.44
532,444721094,"00532M12:36:29.341","00532 12:49:35",228.47,852.75,,,,"     ",3.60,965.82,1.44
532,444721095,"00532M12:36:30.315","00532 12:49:36",228.45,852.81,,,,"     ",3.60,953.05,1.42
532,444721096,"00532M12:36:31.288","00532 12:49:37",228.41,852.83,,,,"     ",3.60,972.86,1.45
532,444721097,"00532M12:36:32.261","00532 12:49:38",228.38,852.87,,,,"     ",3.60,968.31,1.44
532,444721098,"00532M12:36:33.234","00532 12:49:39",228.33,852.81,,,,"     ",3.60,975.28,1.45
532,444721099,"00532M12:36:34.208","00532 12:49:40",228.29,852.83,,,,"     ",3.60,960.50,1.43
532,444721100,"00532M12:36:35.181","00532 12:49:41",228.25,852.85,,,,"     ",3.60,967.40,1.44
532,444721101,"00532M12:36:36.154","00532 12:49:42",228.21,852.80,,,,"     ",3.60,967.88,1.44
532,444721102,"00532M12:36:37.127","00532 12:49:43",228.17,852.91,,,,"     ",3.60,965.95,1.44
532,444721103,"00532M12:36:38.101","00532 12:49:44",228.12,852.93,,,,"     ",3.60,968.17,1.44
532,444721104,"00532M12:36:39.074","00532 12:49:45",228.09,852.88,,,,"     ",3.60,963.63,1.44
532,444721105,"00532M12:36:40.047","00532 12:49:46",228.05,852.85,,,,"     ",3.60,972.77,1.45
532,444721106,"00532M12:36:41.020","00532 12:49:47",227.99,852.86,,,,"     ",3.60,963.14,1.44
532,444721107,"00532M12:36:41.994","00532 12:49:48",227.96,852.90,,,,"     ",3.60,961.34,1.44
532,444721108,"00532M12:36:42.967","00532 12:49:49",227.93,852.80,,,,"     ",3.60,956.58,1.43
532,444721109,"00532M12:36:43.940","00532 12:49:50",227.90,852.79,,,,"     ",3.60,960.77,1.44
532,444721110,"00532M12:36:44.913","00532 12:49:51",227.89,852.74,,,,"     ",3.60,970.42,1.45
532,444721111,"00532M12:36:45.887","00532 12:49:52",227.90,852.77,,,,"     ",3.60,958.30,1.43
532,444721112,"00532M12:36:46.860","00532 12:49:53",227.94,852.78,,,,"     ",3.60,947.83,1.42
532,444721113,"00532M12:36:47.833","00532 12:49:54",227.98,852.83,,,,"     ",3.60,958.17,1.44
532,444721114,"00532M12:36:48.806","00532 12:49:55",228.05,852.78,,,,"     ",3.60,957.71,1.44
532,444721115,"00532M12:36:49.780","00532 12:49:56",228.12,852.71,,,,"     ",3.60,956.33,1.44
532,444721116,"00532M12:36:50.753","00532 12:49:57",228.18,852.69,,,,"     ",3.60,958.08,1.44
532,444721117,"00532M12:36:51.726","00532 12:49:58",228.26,852.71,,,,"     ",3.60,950.23,1.43
532,444721118,"00532M12:36:52.699","00532 12:49:59",228.32,852.73,,,,"     ",3.60,944.94,1.42
532,444721119,"00532M12:36:53.673","00532 12:50:00",228.39,852.76,,,,"     ",3.60,955.22,1.44
532,444721120,"00532M12:36:54.646","00532 12:50:00",228.45,852.82,,,,"     ",3.60,951.56,1.43
532,444721121,"00532M12:36:55.619","00532 12:50:01",228.50,852.77,,,,"     ",3.60,957.39,1.44
532,444721122,"00532M12:36:56.592","00532 12:50:02",228.54,852.79,,,,"     ",3.60,955.61,1.44
532,444721123,"00532M12:36:57.566","00532 12:50:03",228.58,852.72,,,,"     ",3.60,942.13,1.42
532,444721124,"00532M12:36:58.539","00532 12:50:04",228.58,852.74,,,,"     ",3.60,940.56,1.42
532,444721125,"00532M12:36:59.512","00532 12:50:05",228.58,852.84,,,,"     ",3.60,951.30,1.44
532,444721126,"00532M12:37:00.485","00532 12:50:06",228.57,852.82,,,,"     ",3.60,948.40,1.43
532,444721127,"00532M12:37:01.459","00532 12:50:07",228.54,852.81,,,,"     ",3.60,957.27,1.45
532,444721128,"00532M12:37:02.432","00532 12:50:08",228.51,852.82,,,,"     ",3.60,959.06,1.45
532,444721129,"00532M12:37:03.405","00532 12:50:09",228.48,852.74,,,,"     ",3.60,951.92,1.44
532,444721130,"00532M12:37:04.378","00532 12:50:10",228.45,852.82,,,,"     ",3.60,958.80,1.45
532,444721131,"00532M12:37:05.352","00532 12:50:11",228.42,852.79,,,,"     ",3.60,955.18,1.45
532,444721132,"00532M12:37:06.325","00532 12:50:12",228.41,852.72,,,,"     ",3.60,964.72,1.46
532,444721133,"00532M12:37:07.298","00532 12:50:13",228.39,852.72,,,,"     ",3.60,960.02,1.45
532,444721134,"00532M12:37:08.271","00532 12:50:14",228.37,852.74,,,,"     ",3.60,957.90,1.45
532,444721135,"00532M12:37:09.245","00532 12:50:15",228.36,852.81,,,,"     ",3.60,962.51,1.46
532,444721136,"00532M12:37:10.218","00532 12:50:16",228.35,852.77,,,,"     ",3.60,959.61,1.45
532,444721137,"00532M12:37:11.191","00532 12:50:17",228.33,852.75,,,,"     ",3.60,951.35,1.44
532,444721138,"00532M12:37:12.164","00532 12:50:18",228.31,852.77,,,,"     ",3.60,963.56,1.46
532,444721139,"00532M12:37:13.138","00532 12:50:19",228.30,852.73,,,,"     ",3.60,958.96,1.45
532,444721140,"00532M12:37:14.111","00532 12:50:20",228.27,852.75,,,,"     ",3.60,955.72,1.45
532,444721141,"00532M12:37:15.084","00532 12:50:21",228.26,852.71,,,,"     ",3.60,959.79,1.45
532,444721142,"00532M12:37:16.057","00532 12:50:22",228.23,852.68,,,,"     ",3.60,956.88,1.45
532,444721143,"00532M12:37:17.031","00532 12:50:23",228.20,852.71,,,,"     ",3.60,958.37,1.45
532,444721144,"00532M12:37:18.004","00532 12:50:24",228.18,852.76,,,,"     ",3.60,952.90,1.44
532,444721145,"00532M12:37:18.977","00532 12:50:25",228.14,852.75,,,,"     ",3.60,960.25,1.45
532,444721146,"00532M12:37:19.950","00532 12:50:26",228.11,852.72,,,,"     ",3.60,945.53,1.43
532,444721147,"00532M12:37:20.924","00532 12:50:27",228.07,852.74,,,,"     ",3.60,951.93,1.44
532,444721148,"00532M12:37:21.897","00532 12:50:28",228.01,852.69,,,,"     ",3.60,947.10,1.43
532,444721149,"00532M12:37:22.870","00532 12:50:29",227.95,852.68,,,,"     ",3.60,953.90,1.44
532,444721150,"00532M12:37:23.844","00532 12:50:30",227.89,852.69,,,,"     ",3.60,957.45,1.45
532,444721151,"00532M12:37:24.817","00532 12:50:31",227.83,852.71,,,,"     ",3.60,962.52,1.46
532,444721152,"00532M12:37:25.790","00532 12:50:32",227.76,852.71,,,,"     ",3.60,977.14,1.48
532,444721153,"00532M12:37:26.763","00532 12:50:33",227.72,852.71,,,,"     ",3.60,961.89,1.46
532,444721154,"00532M12:37:27.737","00532 12:50:34",227.68,852.70,,,,"     ",3.60,958.46,1.45
532,444721155,"00532M12:37:28.710","00532 12:50:35",227.67,852.66,,,,"     ",3.60,953.54,1.44
532,444721156,"00532M12:37:29.683","00532 12:50:36",227.68,852.75,,,,"     ",3.60,953.82,1.44
532,444721157,"00532M12:37:30.656","00532 12:50:36",227.68,852.76,,,,"     ",3.60,966.84,1.46
532,444721158,"00532M12:37:31.630","00532 12:50:37",227.70,852.70,,,,"     ",3.60,967.29,1.46
532,444721159,"00532M12:37:32.603","00532 12:50:38",227.74,852.68,,,,"     ",3.60,950.74,1.44
532,444721160,"00532M12:37:33.576","00532 12:50:39",227.79,852.65,,,,"     ",3.60,944.85,1.43
532,444721161,"00532M12:37:34.549","00532 12:50:40",227.85,852.74,,,,"     ",3.60,961.31,1.45
532,444721162,"00532M12:37:35.523","00532 12:50:41",227.92,852.70,,,,"     ",3.60,959.43,1.45
532,444721163,"00532M12:37:36.496","00532 12:50:42",228.00,852.71,,,,"     ",3.60,952.07,1.44
532,444721164,"00532M12:37:37.469","00532 12:50:43",228.08,852.72,,,,"     ",3.60,951.45,1.44
532,444721165,"00532M12:37:38.442","00532 12:50:44",228.17,852.77,,,,"     ",3.60,962.46,1.46
532,444721166,"00532M12:37:39.416","00532 12:50:45",228.25,852.75,,,,"     ",3.60,957.02,1.45
532,444721167,"00532M12:37:40.389","00532 12:50:46",228.33,852.70,,,,"     ",3.60,946.70,1.43
532,444721168,"00532M12:37:41.362","00532 12:50:47",228.40,852.71,,,,"     ",3.60,959.24,1.45
532,444721169,"00532M12:37:42.335","00532 12:50:48",228.47,852.58,,,,"     ",3.60,959.86,1.45
532,444721170,"00532M12:37:43.309","00532 12:50:49",228.54,852.66,,,,"     ",3.60,958.93,1.45
532,444721171,"00532M12:37:44.282","00532 12:50:50",228.60,852.72,,,,"     ",3.60,955.15,1.44
532,444721172,"00532M12:37:45.255","00532 12:50:51",228.68,852.67,,,,"     ",3.60,953.96,1.44
532,444721173,"00532M12:37:46.228","00532 12:50:52",228.75,852.68,,,,"     ",3.60,960.77,1.45
532,444721174,"00532M12:37:47.202","00532 12:50:53",228.83,852.67,,,,"     ",3.60,951.48,1.44
532,444721175,"00532M12:37:48.175","00532 12:50:54",228.91,852.60,,,,"     ",3.60,962.22,1.45
532,444721176,"00532M12:37:49.148","00532 12:50:55",228.99,852.63,,,,"     ",3.60,960.71,1.45
532,444721177,"00532M12:37:50.121","00532 12:50:56",229.08,852.69,,,,"     ",3.60,956.23,1.44
532,444721178,"00532M12:37:51.095","00532 12:50:57",229.16,852.65,,,,"     ",3.60,957.89,1.44
532,444721179,"00532M12:37:52.068","00532 12:50:58",229.26,852.77,,,,"     ",3.60,957.69,1.44
532,444721180,"00532M12:37:53.041","00532 12:50:59",229.35,852.74,,,,"     ",3.60,952.70,1.43
532,444721181,"00532M12:37:54.014","00532 12:51:00",229.45,852.68,,,,"     ",3.60,960.15,1.45
532,444721182,"00532M12:37:54.988","00532 12:51:01",229.53,852.67,,,,"     ",3.60,959.55,1.44
532,444721183,"00532M12:37:55.961","00532 12:51:02",229.60,852.69,,,,"     ",3.60,961.88,1.45
532,444721184,"00532M12:37:56.934","00532 12:51:03",229.66,852.68,,,,"     ",3.60,958.23,1.44
532,444721185,"00532M12:37:57.907","00532 12:51:04",229.72,852.64,,,,"     ",3.60,959.47,1.44
532,444721186,"00532M12:37:58.881","00532 12:51:05",229.76,852.68,,,,"     ",3.60,956.80,1.44
532,444721187,"00532M12:37:59.854","00532 12:51:06",229.79,852.70,,,,"     ",3.60,955.28,1.44
532,444721188,"00532M12:38:00.827","00532 12:51:07",229.81,852.61,,,,"     ",3.60,962.72,1.45
532,444721189,"00532M12:38:01.800","00532 12:51:08",229.84,852.55,,,,"     ",3.60,958.87,1.44
532,444721190,"00532M12:38:02.774","00532 12:51:09",229.86,852.66,,,,"     ",3.60,956.44,1.44
532,444721191,"00532M12:38:03.747","00532 12:51:10",229.91,852.70,,,,"     ",3.60,955.16,1.43
532,444721192,"00532M12:38:04.720","00532 12:51:11",229.96,852.65,,,,"     ",3.60,971.95,1.46
532,444721193,"00532M12:38:05.693","00532 12:51:12",230.01,852.65,,,,"     ",3.60,958.19,1.44
532,444721194,"00532M12:38:06.667","00532 12:51:13",230.08,852.62,,,,"     ",3.60,963.02,1.45
532,444721195,"00532M12:38:07.640","00532 12:51:13",230.15,852.52,,,,"     ",3.60,961.26,1.44
532,444721196,"00532M12:38:08.613","00532 12:51:14",230.21,852.57,,,,"     ",3.60,974.02,1.46
532,444721197,"00532M12:38:09.586","00532 12:51:15",230.26,852.57,,,,"     ",3.60,971.43,1.46
532,444721198,"00532M12:38:10.560","00532 12:51:16",230.31,852.55,,,,"     ",3.60,960.17,1.44
532,444721199,"00532M12:38:11.533","00532 12:51:17",230.35,852.58,,,,"     ",3.60,970.60,1.46
532,444721200,"00532M12:38:12.506","00532 12:51:18",230.36,852.62,,,,"     ",3.60,954.57,1.43
532,444721201,"00532M12:38:13.479","00532 12:51:19",230.37,852.59,,,,"     ",3.60,968.96,1.45
532,444721202,"00532M12:38:14.453","00532 12:51:20",230.34,852.63,,,,"     ",3.60,963.88,1.44
532,444721203,"00532M12:38:15.426","00532 12:51:21",230.31,852.64,,,,"     ",3.60,961.32,1.44
532,444721204,"00532M12:38:16.399","00532 12:51:22",230.27,852.59,,,,"     ",3.60,959.88,1.44
532,444721205,"00532M12:38:17.372","00532 12:51:23",230.23,852.61,,,,"     ",3.60,954.31,1.43
532,444721206,"00532M12:38:18.346","00532 12:51:24",230.20,852.59,,,,"     ",3.60,959.39,1.44
532,444721207,"00532M12:38:19.319","00532 12:51:25",230.18,852.60,,,,"     ",3.60,966.66,1.45
532,444721208,"00532M12:38:20.292","00532 12:51:26",230.17,852.55,,,,"     ",3.60,970.39,1.45
532,444721209,"00532M12:38:21.265","00532 12:51:27",230.17,852.65,,,,"     ",3.60,955.95,1.43
532,444721210,"00532M12:38:22.239","00532 12:51:28",230.19,852.59,,,,"     ",3.60,952.21,1.43
532,444721211,"00532M12:38:23.212","00532 12:51:29",230.20,852.60,,,,"     ",3.60,959.61,1.44
532,444721212,"00532M12:38:24.185","00532 12:51:30",230.21,852.60,,,,"     ",3.60,948.90,1.42
532,444721213,"00532M12:38:25.158","00532 12:51:31",230.23,852.57,,,,"     ",3.60,958.27,1.43
532,444721214,"00532M12:38:26.132","00532 12:51:32",230.25,852.59,,,,"     ",3.60,947.90,1.42
532,444721215,"00532M12:38:27.105","00532 12:51:33",230.26,852.62,,,,"     ",3.60,950.68,1.42
532,444721216,"00532M12:38:28.078","00532 12:51:34",230.27,852.63,,,,"     ",3.60,957.36,1.43
532,444721217,"00532M12:38:29.051","00532 12:51:35",230.28,852.59,,,,"     ",3.60,947.28,1.42
532,444721218,"00532M12:38:30.025","00532 12:51:36",230.29,852.56,,,,"     ",3.60,953.19,1.43
532,444721219,"00532M12:38:30.998","00532 12:51:37",230.29,852.49,,,,"     ",3.60,953.00,1.43
532,444721220,"00532M12:38:31.971","00532 12:51:38",230.30,852.58,,,,"     ",3.60,953.22,1.43
532,444721221,"00532M12:38:32.944","00532 12:51:39",230.31,852.53,,,,"     ",3.60,956.63,1.43
532,444721222,"00532M12:38:33.918","00532 12:51:40",230.29,852.64,,,,"     ",3.60,950.91,1.43
532,444721223,"00532M12:38:34.891","00532 12:51:41",230.29,852.63,,,,"     ",3.60,961.39,1.44
532,444721224,"00532M12:38:35.864","00532 12:51:42",230.29,852.60,,,,"     ",3.60,961.36,1.44
532,444721225,"00532M12:38:36.838","00532 12:51:43",230.29,852.57,,,,"     ",3.60,961.59,1.44
532,444721226,"00532M12:38:37.811","00532 12:51:44",230.29,852.60,,,,"     ",3.60,959.31,1.44
532,444721227,"00532M12:38:38.784","00532 12:51:45",230.28,852.65,,,,"     ",3.60,949.61,1.43
532,444721228,"00532M12:38:39.757","00532 12:51:46",230.28,852.60,,,,"     ",3.60,947.53,1.42
532,444721229,"00532M12:38:40.731","00532 12:51:47",230.28,852.54,,,,"     ",3.60,959.38,1.44
532,444721230,"00532M12:38:41.704","00532 12:51:48",230.27,852.58,,,,"     ",3.60,949.62,1.43
532,444721231,"00532M12:38:42.677","00532 12:51:49",230.25,852.58,,,,"     ",3.60,942.73,1.42
532,444721232,"00532M12:38:43.650","00532 12:51:49",230.23,852.53,,,,"     ",3.60,953.67,1.43
532,444721233,"00532M12:38:44.624","00532 12:51:50",230.21,852.53,,,,"     ",3.60,949.83,1.43
532,444721234,"00532M12:38:45.597","00532 12:51:51",230.18,852.52,,,,"     ",3.60,958.02,1.44
532,444721235,"00532M12:38:46.570","00532 12:51:52",230.16,852.61,,,,"     ",3.60,944.71,1.42
532,444721236,"00532M12:38:47.543","00532 12:51:53",230.13,852.52,,,,"     ",3.60,952.02,1.43
532,444721237,"00532M12:38:48.517","00532 12:51:54",230.09,852.52,,,,"     ",3.60,944.69,1.42
532,444721238,"00532M12:38:49.490","00532 12:51:55",230.06,852.57,,,,"     ",3.60,946.41,1.43
532,444721239,"00532M12:38:50.463","00532 12:51:56",230.02,852.62,,,,"     ",3.60,945.08,1.42
532,444721240,"00532M12:38:51.436","00532 12:51:57",229.98,852.55,,,,"     ",3.60,942.60,1.42
532,444721241,"00532M12:38:52.410","00532 12:51:58",229.94,852.52,,,,"     ",3.60,945.44,1.43
532,444721242,"00532M12:38:53.383","00532 12:51:59",229.90,852.52,,,,"     ",3.60,949.10,1.43
532,444721243,"00532M12:38:54.356","00532 12:52:00",229.89,852.46,,,,"     ",3.60,954.19,1.44
532,444721244,"00532M12:38:55.329","00532 12:52:01",229.89,852.44,,,,"     ",3.60,940.35,1.42
532,444721245,"00532M12:38:56.303","00532 12:52:02",229.90,852.47,,,,"     ",3.60,938.02,1.42
532,444721246,"00532M12:38:57.276","00532 12:52:03",229.92,852.50,,,,"     ",3.60,950.68,1.44
532,444721247,"00532M12:38:58.249","00532 12:52:04",229.94,852.50,,,,"     ",3.60,943.02,1.43
532,444721248,"00532M12:38:59.222","00532 12:52:05",229.96,852.50,,,,"     ",3.60,956.25,1.45
532,444721249,"00532M12:39:00.196","00532 12:52:06",229.98,852.54,,,,"     ",3.60,943.01,1.43
532,444721250,"00532M12:39:01.169","00532 12:52:07",230.00,852.51,,,,"     ",3.60,946.78,1.44
532,444721251,"00532M12:39:02.142","00532 12:52:08",230.00,852.56,,,,"     ",3.60,944.82,1.43
532,444721252,"00532M12:39:03.115","00532 12:52:09",229.98,852.48,,,,"     ",3.60,926.81,1.41
532,444721253,"00532M12:39:04.089","00532 12:52:10",229.96,852.53,,,,"     ",3.60,939.16,1.43
532,444721254,"00532M12:39:05.062","00532 12:52:11",229.91,852.49,,,,"     ",3.60,938.75,1.43
532,444721255,"00532M12:39:06.035","00532 12:52:12",229.86,852.54,,,,"     ",3.60,942.22,1.43
532,444721256,"00532M12:39:07.008","00532 12:52:13",229.79,852.55,,,,"     ",3.60,944.74,1.44
532,444721257,"00532M12:39:07.982","00532 12:52:14",229.73,852.55,,,,"     ",3.60,935.33,1.42
532,444721258,"00532M12:39:08.955","00532 12:52:15",229.67,852.57,,,,"     ",3.60,927.27,1.41
532,444721259,"00532M12:39:09.928","00532 12:52:16",229.62,852.42,,,,"     ",3.60,944.41,1.44
532,444721260,"00532M12:39:10.901","00532 12:52:17",229.59,852.52,,,,"     ",3.60,936.44,1.43
532,444721261,"00532M12:39:11.875","00532 12:52:18",229.57,852.47,,,,"     ",3.60,937.29,1.43
532,444721262,"00532M12:39:12.848","00532 12:52:19",229.57,852.51,,,,"     ",3.60,938.60,1.43
532,444721263,"00532M12:39:13.821","00532 12:52:20",229.56,852.54,,,,"     ",3.60,925.83,1.41
532,444721264,"00532M12:39:14.794","00532 12:52:21",229.57,852.53,,,,"     ",3.60,927.82,1.42
532,444721265,"00532M12:39:15.768","00532 12:52:22",229.57,852.49,,,,"     ",3.60,929.15,1.42
532,444721266,"00532M12:39:16.741","00532 12:52:23",229.57,852.57,,,,"     ",3.60,929.86,1.42
532,444721267,"00532M12:39:17.714","00532 12:52:24",229.56,852.56,,,,"     ",3.60,937.71,1.44
532,444721268,"00532M12:39:18.687","00532 12:52:25",229.54,852.48,,,,"     ",3.60,949.48,1.45
532,444721269,"00532M12:39:19.661","00532 12:52:26",229.51,852.55,,,,"     ",3.60,937.12,1.44
532,444721270,"00532M12:39:20.634","00532 12:52:26",229.47,852.48,,,,"     ",3.60,936.40,1.43
532,444721271,"00532M12:39:21.607","00532 12:52:27",229.43,852.45,,,,"     ",3.60,936.56,1.44
532,444721272,"00532M12:39:22.580","00532 12:52:28",229.38,852.51,,,,"     ",3.60,936.31,1.44
532,444721273,"00532M12:39:23.554","00532 12:52:29",229.34,852.44,,,,"     ",3.60,933.20,1.43
532,444721274,"00532M12:39:24.527","00532 12:52:30",229.30,852.48,,,,"     ",3.60,930.08,1.43
532,444721275,"00532M12:39:25.500","00532 12:52:31",229.26,852.55,,,,"     ",3.60,935.60,1.44
532,444721276,"00532M12:39:26.473","00532 12:52:32",229.24,852.44,,,,"     ",3.60,933.57,1.43
532,444721277,"00532M12:39:27.447","00532 12:52:33",229.22,852.57,,,,"     ",3.60,925.42,1.42
532,444721278,"00532M12:39:28.420","00532 12:52:34",229.22,852.52,,,,"     ",3.60,935.04,1.44
532,444721279,"00532M12:39:29.393","00532 12:52:35",229.23,852.53,,,,"     ",3.60,935.89,1.44
532,444721280,"00532M12:39:30.366","00532 12:52:36",229.24,852.47,,,,"     ",3.60,936.87,1.44
532,444721281,"00532M12:39:31.340","00532 12:52:37",229.25,852.48,,,,"     ",3.60,929.00,1.43
532,444721282,"00532M12:39:32.313","00532 12:52:38",229.27,852.50,,,,"     ",3.60,933.73,1.44
532,444721283,"00532M12:39:33.286","00532 12:52:39",229.27,852.51,,,,"     ",3.60,928.43,1.43
532,444721284,"00532M12:39:34.259","00532 12:52:40",229.28,852.50,,,,"     ",3.60,928.07,1.43
532,444721285,"00532M12:39:35.233","00532 12:52:41",229.28,852.46,,,,"     ",3.60,928.91,1.43
532,444721286,"00532M12:39:36.206","00532 12:52:42",229.28,852.47,,,,"     ",3.60,936.98,1.44
532,444721287,"00532M12:39:37.179","00532 12:52:43",229.28,852.50,,,,"     ",3.60,940.69,1.45
532,444721288,"00532M12:39:38.152","00532 12:52:44",229.29,852.54,,,,"     ",3.60,936.32,1.44
532,444721289,"00532M12:39:39.126","00532 12:52:45",229.32,852.51,,,,"     ",3.60,931.10,1.43
532,444721290,"00532M12:39:40.099","00532 12:52:46",229.35,852.56,,,,"     ",3.60,929.95,1.43
532,444721291,"00532M12:39:41.072","00532 12:52:47",229.39,852.55,,,,"     ",3.60,927.12,1.43
532,444721292,"00532M12:39:42.045","00532 12:52:48",229.45,852.59,,,,"     ",3.60,930.37,1.43
532,444721293,"00532M12:39:43.019","00532 12:52:49",229.50,852.61,,,,"     ",3.60,935.64,1.44
532,444721294,"00532M12:39:43.992","00532 12:52:50",229.57,852.55,,,,"     ",3.60,940.44,1.45
532,444721295,"00532M12:39:44.965","00532 12:52:51",229.65,852.64,,,,"     ",3.60,918.64,1.41
532,444721296,"00532M12:39:45.939","00532 12:52:52",229.73,852.56,,,,"     ",3.60,948.94,1.46
532,444721297,"00532M12:39:46.912","00532 12:52:53",229.81,852.55,,,,"     ",3.60,922.92,1.42
532,444721298,"00532M12:39:47.885","00532 12:52:54",229.88,852.52,,,,"     ",3.60,934.62,1.44
532,444721299,"00532M12:39:48.858","00532 12:52:55",229.95,852.54,,,,"     ",3.60,928.10,1.43
532,444721300,"00532M12:39:49.832","00532 12:52:56",230.00,852.58,,,,"     ",3.60,939.19,1.45
532,444721301,"00532M12:39:50.805","00532 12:52:57",230.05,852.54,,,,"     ",3.60,928.51,1.43
532,444721302,"00532M12:39:51.778","00532 12:52:58",230.08,852.59,,,,"     ",3.60,928.82,1.43
532,444721303,"00532M12:39:52.751","00532 12:52:59",230.10,852.54,,,,"     ",3.60,929.66,1.43
532,444721304,"00532M12:39:53.725","00532 12:53:00",230.11,852.56,,,,"     ",3.60,928.41,1.43
532,444721305,"00532M12:39:54.698","00532 12:53:01",230.13,852.48,,,,"     ",3.60,941.12,1.45
532,444721306,"00532M12:39:55.671","00532 12:53:02",230.14,852.51,,,,"     ",3.60,942.12,1.45
532,444721307,"00532M12:39:56.644","00532 12:53:03",230.16,852.39,,,,"     ",3.60,947.08,1.46
532,444721308,"00532M12:39:57.618","00532 12:53:03",230.18,852.49,,,,"     ",3.60,937.74,1.44
532,444721309,"00532M12:39:58.591","00532 12:53:04",230.21,852.51,,,,"     ",3.60,953.84,1.46
532,444721310,"00532M12:39:59.564","00532 12:53:05",230.25,852.51,,,,"     ",3.60,942.25,1.45
532,444721311,"00532M12:40:00.537","00532 12:53:06",230.29,852.48,,,,"     ",3.60,940.93,1.44
532,444721312,"00532M12:40:01.511","00532 12:53:07",230.33,852.60,,,,"     ",3.60,937.07,1.44
532,444721313,"00532M12:40:02.484","00532 12:53:08",230.37,852.55,,,,"     ",3.60,940.85,1.44
532,444721314,"00532M12:40:03.457","00532 12:53:09",230.41,852.53,,,,"     ",3.60,929.68,1.42
532,444721315,"00532M12:40:04.430","00532 12:53:10",230.43,852.53,,,,"     ",3.60,939.01,1.44
532,444721316,"00532M12:40:05.404","00532 12:53:11",230.46,852.58,,,,"     ",3.60,940.45,1.44
532,444721317,"00532M12:40:06.377","00532 12:53:12",230.48,852.56,,,,"     ",3.60,932.86,1.43
532,444721318,"00532M12:40:07.350","00532 12:53:13",230.48,852.51,,,,"     ",3.60,954.90,1.46
532,444721319,"00532M12:40:08.323","00532 12:53:14",230.48,852.55,,,,"     ",3.60,951.63,1.45
532,444721320,"00532M12:40:09.297","00532 12:53:15",230.47,852.46,,,,"     ",3.60,947.97,1.45
532,444721321,"00532M12:40:10.270","00532 12:53:16",230.45,852.49,,,,"     ",3.60,940.57,1.43
532,444721322,"00532M12:40:11.243","00532 12:53:17",230.44,852.51,,,,"     ",3.60,943.87,1.44
532,444721323,"00532M12:40:12.216","00532 12:53:18",230.43,852.52,,,,"     ",3.60,948.83,1.44
532,444721324,"00532M12:40:13.190","00532 12:53:19",230.43,852.59,,,,"     ",3.60,956.76,1.46
532,444721325,"00532M12:40:14.163","00532 12:53:20",230.43,852.39,,,,"     ",3.60,946.70,1.44
532,444721326,"00532M12:40:15.136","00532 12:53:21",230.44,852.40,,,,"     ",3.60,947.06,1.44
532,444721327,"00532M12:40:16.109","00532 12:53:22",230.46,852.49,,,,"     ",3.60,947.93,1.44
532,444721328,"00532M12:40:17.083","00532 12:53:23",230.46,852.45,,,,"     ",3.60,950.38,1.44
532,444721329,"00532M12:40:18.056","00532 12:53:24",230.46,852.50,,,,"     ",3.60,943.85,1.43
532,444721330,"00532M12:40:19.029","00532 12:53:25",230.46,852.47,,,,"     ",3.60,956.79,1.45
532,444721331,"00532M12:40:20.002","00532 12:53:26",230.44,852.48,,,,"     ",3.60,948.61,1.43
532,444721332,"00532M12:40:20.976","00532 12:53:27",230.41,852.45,,,,"     ",3.60,935.83,1.41
532,444721333,"00532M12:40:21.949","00532 12:53:28",230.37,852.52,,,,"     ",3.60,943.73,1.42
532,444721334,"00532M12:40:22.922","00532 12:53:29",230.32,852.49,,,,"     ",3.60,957.08,1.44
532,444721335,"00532M12:40:23.895","00532 12:53:30",230.27,852.48,,,,"     ",3.60,952.50,1.44
532,444721336,"00532M12:40:24.869","00532 12:53:31",230.21,852.43,,,,"     ",3.60,955.52,1.44
532,444721337,"00532M12:40:25.842","00532 12:53:32",230.15,852.42,,,,"     ",3.60,951.93,1.43
532,444721338,"00532M12:40:26.815","00532 12:53:33",230.10,852.49,,,,"     ",3.60,949.05,1.43
532,444721339,"00532M12:40:27.788","00532 12:53:34",230.05,852.46,,,,"     ",3.60,947.67,1.42
532,444721340,"00532M12:40:28.762","00532 12:53:35",230.01,852.45,,,,"     ",3.60,966.39,1.45
532,444721341,"00532M12:40:29.735","00532 12:53:36",229.96,852.35,,,,"     ",3.60,947.81,1.42
532,444721342,"00532M12:40:30.708","00532 12:53:37",229.91,852.47,,,,"     ",3.60,954.65,1.43
532,444721343,"00532M12:40:31.681","00532 12:53:38",229.87,852.50,,,,"     ",3.60,958.34,1.43
532,444721344,"00532M12:40:32.655","00532 12:53:39",229.84,852.47,,,,"     ",3.60,962.26,1.44
532,444721345,"00532M12:40:33.628","00532 12:53:39",229.80,852.45,,,,"     ",3.60,961.39,1.44
532,444721346,"00532M12:40:34.601","00532 12:53:40",229.76,852.41,,,,"     ",3.60,958.45,1.43
532,444721347,"00532M12:40:35.574","00532 12:53:41",229.73,852.41,,,,"     ",3.60,960.58,1.43
532,444721348,"00532M12:40:36.548","00532 12:53:42",229.70,852.39,,,,"     ",3.60,966.67,1.44
532,444721349,"00532M12:40:37.521","00532 12:53:43",229.67,852.38,,,,"     ",3.60,960.98,1.43
532,444721350,"00532M12:40:38.494","00532 12:53:44",229.63,852.40,,,,"     ",3.60,962.89,1.43
532,444721351,"00532M12:40:39.467","00532 12:53:45",229.61,852.46,,,,"     ",3.60,953.72,1.42
532,444721352,"00532M12:40:40.441","00532 12:53:46",229.85,852.49,,,5.98,"  101100",3.60,959.37,1.42
532,444721353,"00532M12:40:41.414","00532 12:53:47",229.83,852.51,,,,"     ",3.60,972.25,1.44
532,444721354,"00532M12:40:42.387","00532 12:53:48",229.79,852.54,,,,"     ",3.60,954.22,1.41
532,444721355,"00532M12:40:43.360","00532 12:53:49",229.76,852.49,,,,"     ",3.60,958.63,1.42
532,444721356,"00532M12:40:44.334","00532 12:53:50",229.72,852.46,,,,"     ",3.60,962.73,1.42
532,444721357,"00532M12:40:45.307","00532 12:53:51",229.68,852.48,,,,"     ",3.60,975.57,1.44
532,444721358,"00532M12:40:46.280","00532 12:53:52",229.64,852.47,,,,"     ",3.60,963.03,1.42
532,444721359,"00532M12:40:47.253","00532 12:53:53",229.59,852.45,,,,"     ",3.60,969.17,1.43
532,444721360,"00532M12:40:48.227","00532 12:53:54",229.56,852.47,,,,"     ",3.60,974.47,1.44
532,444721361,"00532M12:40:49.200","00532 12:53:55",229.51,852.41,,,,"     ",3.60,971.10,1.43
532,444721362,"00532M12:40:50.173","00532 12:53:56",229.46,852.48,,,,"     ",3.60,969.96,1.43
532,444721363,"00532M12:40:51.146","00532 12:53:57",229.41,852.50,,,,"     ",3.60,966.21,1.42
532,444721364,"00532M12:40:52.120","00532 12:53:58",229.35,852.54,,,,"     ",3.60,971.66,1.43
532,444721365,"00532M12:40:53.093","00532 12:53:59",229.30,852.41,,,,"     ",3.60,960.25,1.41
532,444721366,"00532M12:40:54.066","00532 12:54:00",229.24,852.47,,,,"     ",3.60,966.08,1.42
532,444721367,"00532M12:40:55.040","00532 12:54:01",229.20,852.39,,,,"     ",3.60,974.25,1.43
532,444721368,"00532M12:40:56.013","00532 12:54:02",229.16,852.32,,,,"     ",3.60,971.31,1.42
532,444721369,"00532M12:40:56.986","00532 12:54:03",229.13,852.42,,,,"     ",3.60,968.72,1.42
532,444721370,"00532M12:40:57.959","00532 12:54:04",229.09,852.46,,,,"     ",3.60,968.85,1.41
532,444721371,"00532M12:40:58.933","00532 12:54:05",229.04,852.48,,,,"     ",3.60,972.79,1.42
532,444721372,"00532M12:40:59.906","00532 12:54:06",229.00,852.44,,,,"     ",3.60,975.96,1.42
532,444721373,"00532M12:41:00.879","00532 12:54:07",228.95,852.38,,,,"     ",3.60,971.55,1.42
532,444721374,"00532M12:41:01.852","00532 12:54:08",228.89,852.40,,,,"     ",3.60,967.87,1.41
532,444721375,"00532M12:41:02.826","00532 12:54:09",228.84,852.45,,,,"     ",3.60,965.45,1.40
532,444721376,"00532M12:41:03.799","00532 12:54:10",228.80,852.50,,,,"     ",3.60,973.90,1.42
532,444721377,"00532M12:41:04.772","00532 12:54:11",228.79,852.46,,,,"     ",3.60,974.11,1.41
532,444721378,"00532M12:41:05.745","00532 12:54:12",228.78,852.43,,,,"     ",3.60,981.70,1.43
532,444721379,"00532M12:41:06.719","00532 12:54:13",228.78,852.50,,,,"     ",3.60,975.67,1.42
532,444721380,"00532M12:41:07.692","00532 12:54:14",228.80,852.47,,,,"     ",3.60,987.75,1.43
532,444721381,"00532M12:41:08.665","00532 12:54:15",228.81,852.41,,,,"     ",3.60,978.77,1.42
532,444721382,"00532M12:41:09.638","00532 12:54:16",228.84,852.39,,,,"     ",3.60,975.27,1.41
532,444721383,"00532M12:41:10.612","00532 12:54:16",228.86,852.48,,,,"     ",3.60,980.42,1.42
532,444721384,"00532M12:41:11.585","00532 12:54:17",228.89,852.34,,,,"     ",3.60,981.06,1.42
532,444721385,"00532M12:41:12.558","00532 12:54:18",228.91,852.48,,,,"     ",3.60,981.70,1.42
532,444721386,"00532M12:41:13.531","00532 12:54:19",228.93,852.52,,,,"     ",3.60,977.74,1.41
532,444721387,"00532M12:41:14.505","00532 12:54:20",228.92,852.41,,,,"     ",3.60,991.54,1.43
532,444721388,"00532M12:41:15.478","00532 12:54:21",228.92,852.36,,,,"     ",3.60,977.41,1.41
532,444721389,"00532M12:41:16.451","00532 12:54:22",228.88,852.32,,,,"     ",3.60,985.16,1.42
532,444721390,"00532M12:41:17.424","00532 12:54:23",228.85,852.32,,,,"     ",3.60,990.53,1.43
532,444721391,"00532M12:41:18.398","00532 12:54:24",228.80,852.23,,,,"     ",3.60,982.51,1.41
532,444721392,"00532M12:41:19.371","00532 12:54:25",228.75,852.29,,,,"     ",3.60,983.70,1.41
532,444721393,"00532M12:41:20.344","00532 12:54:26",228.72,852.40,,,,"     ",3.60,986.74,1.42
532,444721394,"00532M12:41:21.317","00532 12:54:27",228.70,852.28,,,,"     ",3.60,985.21,1.41
532,444721395,"00532M12:41:22.291","00532 12:54:28",228.68,852.37,,,,"     ",3.60,982.72,1.41
532,444721396,"00532M12:41:23.264","00532 12:54:29",228.68,852.40,,,,"     ",3.60,978.72,1.40
532,444721397,"00532M12:41:24.237","00532 12:54:30",228.69,852.29,,,,"     ",3.60,988.54,1.42
532,444721398,"00532M12:41:25.210","00532 12:54:31",228.70,852.29,,,,"     ",3.60,988.49,1.42
532,444721399,"00532M12:41:26.184","00532 12:54:32",228.72,852.27,,,,"     ",3.60,989.35,1.42
532,444721400,"00532M12:41:27.157","00532 12:54:33",228.73,852.34,,,,"     ",3.60,989.91,1.42
532,444721401,"00532M12:41:28.130","00532 12:54:34",228.75,852.36,,,,"     ",3.60,975.94,1.39
532,444721402,"00532M12:41:29.103","00532 12:54:35",228.78,852.36,,,,"     ",3.60,994.11,1.42
532,444721403,"00532M12:41:30.077","00532 12:54:36",228.79,852.28,,,,"     ",3.60,994.64,1.42
532,444721404,"00532M12:41:31.050","00532 12:54:37",228.81,852.33,,,,"     ",3.60,986.66,1.41
532,444721405,"00532M12:41:32.023","00532 12:54:38",228.81,852.29,,,,"     ",3.60,985.73,1.41
532,444721406,"00532M12:41:32.996","00532 12:54:39",228.81,852.35,,,,"     ",3.60,987.83,1.41
532,444721407,"00532M12:41:33.970","00532 12:54:40",228.82,852.27,,,,"     ",3.60,983.88,1.40
532,444721408,"00532M12:41:34.943","00532 12:54:41",228.81,852.36,,,,"     ",3.60,999.64,1.42
532,444721409,"00532M12:41:35.916","00532 12:54:42",228.79,852.35,,,,"     ",3.60,992.16,1.41
532,444721410,"00532M12:41:36.889","00532 12:54:43",228.78,852.36,,,,"     ",3.60,988.37,1.40
532,444721411,"00532M12:41:37.863","00532 12:54:44",228.77,852.41,,,,"     ",3.60,987.05,1.40
532,444721412,"00532M12:41:38.836","00532 12:54:45",228.77,852.36,,,,"     ",3.60,1000.75,1.42
532,444721413,"00532M12:41:39.809","00532 12:54:46",228.77,852.41,,,,"     ",3.60,990.39,1.40
532,444721414,"00532M12:41:40.782","00532 12:54:47",228.77,852.47,,,,"     ",3.60,997.94,1.41
532,444721415,"00532M12:41:41.756","00532 12:54:48",228.76,852.40,,,,"     ",3.60,992.28,1.40
532,444721416,"00532M12:41:42.729","00532 12:54:49",228.75,852.36,,,,"     ",3.60,989.06,1.40
532,444721417,"00532M12:41:43.702","00532 12:54:50",228.73,852.29,,,,"     ",3.60,994.70,1.41
532,444721418,"00532M12:41:44.675","00532 12:54:51",228.69,852.36,,,,"     ",3.60,1000.22,1.41
532,444721419,"00532M12:41:45.649","00532 12:54:52",228.65,852.35,,,,"     ",3.60,1001.17,1.41
532,444721420,"00532M12:41:46.622","00532 12:54:52",228.61,852.36,,,,"     ",3.60,993.37,1.40
532,444721421,"00532M12:41:47.595","00532 12:54:53",228.57,852.36,,,,"     ",3.60,1005.50,1.42
532,444721422,"00532M12:41:48.568","00532 12:54:54",228.54,852.40,,,,"     ",3.60,985.03,1.39
532,444721423,"00532M12:41:49.542","00532 12:54:55",228.52,852.39,,,,"     ",3.60,996.33,1.40
532,444721424,"00532M12:41:50.515","00532 12:54:56",228.51,852.37,,,,"     ",3.60,995.44,1.40
532,444721425,"00532M12:41:51.488","00532 12:54:57",228.52,852.30,,,,"     ",3.60,1002.34,1.41
532,444721426,"00532M12:41:52.461","00532 12:54:58",228.52,852.23,,,,"     ",3.60,1003.27,1.41
532,444721427,"00532M12:41:53.435","00532 12:54:59",228.52,852.28,,,,"     ",3.60,1000.31,1.41
532,444721428,"00532M12:41:54.408","00532 12:55:00",228.54,852.33,,,,"     ",3.60,1005.12,1.41
532,444721429,"00532M12:41:55.381","00532 12:55:01",228.56,852.24,,,,"     ",3.60,989.21,1.39
532,444721430,"00532M12:41:56.354","00532 12:55:02",228.59,852.22,,,,"     ",3.60,1001.05,1.41
532,444721431,"00532M12:41:57.328","00532 12:55:03",228.63,852.30,,,,"     ",3.60,995.22,1.40
532,444721432,"00532M12:41:58.301","00532 12:55:04",228.68,852.28,,,,"     ",3.60,1001.77,1.40
532,444721433,"00532M12:41:59.274","00532 12:55:05",228.72,852.29,,,,"     ",3.60,1002.82,1.41
532,444721434,"00532M12:42:00.247","00532 12:55:06",228.75,852.30,,,,"     ",3.60,1010.65,1.42
532,444721435,"00532M12:42:01.221","00532 12:55:07",228.78,852.30,,,,"     ",3.60,998.58,1.40
532,444721436,"00532M12:42:02.194","00532 12:55:08",228.78,852.28,,,,"     ",3.60,1003.15,1.40
532,444721437,"00532M12:42:03.167","00532 12:55:09",228.78,852.33,,,,"     ",3.60,1006.85,1.41
532,444721438,"00532M12:42:04.141","00532 12:55:10",228.78,852.29,,,,"     ",3.60,1015.42,1.42
532,444721439,"00532M12:42:05.114","00532 12:55:11",228.78,852.30,,,,"     ",3.60,1012.03,1.41
532,444721440,"00532M12:42:06.087","00532 12:55:12",228.78,852.24,,,,"     ",3.60,1012.04,1.41
532,444721441,"00532M12:42:07.060","00532 12:55:13",228.79,852.16,,,,"     ",3.60,1019.58,1.42
532,444721442,"00532M12:42:08.034","00532 12:55:14",228.78,852.17,,,,"     ",3.60,1005.64,1.40
532,444721443,"00532M12:42:09.007","00532 12:55:15",228.78,852.20,,,,"     ",3.60,1008.65,1.40
532,444721444,"00532M12:42:09.980","00532 12:55:16",228.76,852.18,,,,"     ",3.60,1006.90,1.40
532,444721445,"00532M12:42:10.953","00532 12:55:17",228.73,852.25,,,,"     ",3.60,1014.18,1.41
532,444721446,"00532M12:42:11.927","00532 12:55:18",228.71,852.18,,,,"     ",3.60,1013.06,1.41
532,444721447,"00532M12:42:12.900","00532 12:55:19",228.68,852.26,,,,"     ",3.60,1012.18,1.41
532,444721448,"00532M12:42:13.873","00532 12:55:20",228.66,852.14,,,,"     ",3.60,1008.93,1.40
532,444721449,"00532M12:42:14.846","00532 12:55:21",228.65,852.22,,,,"     ",3.60,1016.15,1.41
532,444721450,"00532M12:42:15.820","00532 12:55:22",228.66,852.24,,,,"     ",3.60,1013.34,1.40
532,444721451,"00532M12:42:16.793","00532 12:55:23",228.68,852.28,,,,"     ",3.60,1006.81,1.39
532,444721452,"00532M12:42:17.766","00532 12:55:24",228.72,852.38,,,,"     ",3.60,1023.85,1.42
532,444721453,"00532M12:42:18.739","00532 12:55:25",228.76,852.27,,,,"     ",3.60,1010.31,1.40
532,444721454,"00532M12:42:19.713","00532 12:55:26",228.82,852.23,,,,"     ",3.60,1014.75,1.40
532,444721455,"00532M12:42:20.686","00532 12:55:27",228.87,852.32,,,,"     ",3.60,1014.84,1.40
532,444721456,"00532M12:42:21.659","00532 12:55:28",228.93,852.23,,,,"     ",3.60,1014.08,1.40
532,444721457,"00532M12:42:22.632","00532 12:55:29",228.98,852.25,,,,"     ",3.60,1009.57,1.39
532,444721458,"00532M12:42:23.606","00532 12:55:29",229.03,852.25,,,,"     ",3.60,1016.25,1.40
532,444721459,"00532M12:42:24.579","00532 12:55:30",229.07,852.20,,,,"     ",3.60,1018.34,1.40
532,444721460,"00532M12:42:25.552","00532 12:55:31",229.10,852.21,,,,"     ",3.60,1026.36,1.41
532,444721461,"00532M12:42:26.525","00532 12:55:32",229.13,852.21,,,,"     ",3.60,1024.72,1.41
532,444721462,"00532M12:42:27.499","00532 12:55:33",229.14,852.17,,,,"     ",3.60,1009.77,1.39
532,444721463,"00532M12:42:28.472","00532 12:55:34",229.14,852.19,,,,"     ",3.60,1028.81,1.41
532,444721464,"00532M12:42:29.445","00532 12:55:35",229.13,852.21,,,,"     ",3.60,1021.28,1.40
532,444721465,"00532M12:42:30.418","00532 12:55:36",229.12,852.23,,,,"     ",3.60,1010.51,1.39
532,444721466,"00532M12:42:31.392","00532 12:55:37",229.10,852.21,,,,"     ",3.60,1018.91,1.40
532,444721467,"00532M12:42:32.365","00532 12:55:38",229.08,852.18,,,,"     ",3.60,1005.70,1.38
532,444721468,"00532M12:42:33.338","00532 12:55:39",229.06,852.17,,,,"     ",3.60,1019.23,1.39
532,444721469,"00532M12:42:34.311","00532 12:55:40",229.04,852.17,,,,"     ",3.60,1024.48,1.40
532,444721470,"00532M12:42:35.285","00532 12:55:41",229.02,852.10,,,,"     ",3.60,1033.93,1.41
532,444721471,"00532M12:42:36.258","00532 12:55:42",229.00,852.14,,,,"     ",3.60,1038.86,1.42
532,444721472,"00532M12:42:37.231","00532 12:55:43",228.98,852.11,,,,"     ",3.60,1036.09,1.41
532,444721473,"00532M12:42:38.204","00532 12:55:44",228.96,852.14,,,,"     ",3.60,1024.85,1.40
532,444721474,"00532M12:42:39.178","00532 12:55:45",228.92,852.13,,,,"     ",3.60,1032.62,1.41
532,444721475,"00532M12:42:40.151","00532 12:55:46",228.87,852.24,,,,"     ",3.60,1026.21,1.40
532,444721476,"00532M12:42:41.124","00532 12:55:47",228.82,852.29,,,,"     ",3.60,1018.72,1.39
532,444721477,"00532M12:42:42.097","00532 12:55:48",228.76,852.20,,,,"     ",3.60,1021.46,1.39
532,444721478,"00532M12:42:43.071","00532 12:55:49",228.71,852.21,,,,"     ",3.60,1031.20,1.40
532,444721479,"00532M12:42:44.044","00532 12:55:50",228.66,852.26,,,,"     ",3.60,1029.44,1.40
532,444721480,"00532M12:42:45.017","00532 12:55:51",228.62,852.17,,,,"     ",3.60,1025.56,1.39
532,444721481,"00532M12:42:45.990","00532 12:55:52",228.59,852.14,,,,"     ",3.60,1043.70,1.42
532,444721482,"00532M12:42:46.964","00532 12:55:53",228.58,852.12,,,,"     ",3.60,1025.35,1.39
532,444721483,"00532M12:42:47.937","00532 12:55:54",228.57,852.16,,,,"     ",3.60,1035.42,1.40
532,444721484,"00532M12:42:48.910","00532 12:55:55",228.58,852.14,,,,"     ",3.60,1034.08,1.40
532,444721485,"00532M12:42:49.883","00532 12:55:56",228.59,852.11,,,,"     ",3.60,1044.12,1.41
532,444721486,"00532M12:42:50.857","00532 12:55:57",228.60,852.07,,,,"     ",3.60,1035.26,1.40
532,444721487,"00532M12:42:51.830","00532 12:55:58",228.61,852.09,,,,"     ",3.60,1040.14,1.40
532,444721488,"00532M12:42:52.803","00532 12:55:59",228.62,852.01,,,,"     ",3.60,1037.93,1.40
532,444721489,"00532M12:42:53.776","00532 12:56:00",228.62,852.02,,,,"     ",3.60,1027.49,1.38
532,444721490,"00532M12:42:54.750","00532 12:56:01",228.62,852.04,,,,"     ",3.60,1045.85,1.41
532,444721491,"00532M12:42:55.723","00532 12:56:02",228.61,852.13,,,,"     ",3.60,1044.27,1.41
532,444721492,"00532M12:42:56.696","00532 12:56:03",228.60,852.12,,,,"     ",3.60,1028.44,1.38
532,444721493,"00532M12:42:57.669","00532 12:56:04",228.58,852.12,,,,"     ",3.60,1040.12,1.40
532,444721494,"00532M12:42:58.643","00532 12:56:05",228.53,852.16,,,,"     ",3.60,1027.98,1.38
532,444721495,"00532M12:42:59.616","00532 12:56:05",228.47,852.07,,,,"     ",3.60,1033.22,1.39
532,444721496,"00532M12:43:00.589","00532 12:56:06",228.40,852.05,,,,"     ",3.60,1031.93,1.39
532,444721497,"00532M12:43:01.562","00532 12:56:07",228.33,852.07,,,,"     ",3.60,1042.80,1.40
532,444721498,"00532M12:43:02.536","00532 12:56:08",228.27,852.04,,,,"     ",3.60,1038.79,1.39
532,444721499,"00532M12:43:03.509","00532 12:56:09",228.20,852.14,,,,"     ",3.60,1039.24,1.39
532,444721500,"00532M12:43:04.482","00532 12:56:10",228.15,852.07,,,,"     ",3.60,1043.14,1.40
532,444721501,"00532M12:43:05.455","00532 12:56:11",228.10,852.09,,,,"     ",3.60,1044.27,1.40
532,444721502,"00532M12:43:06.429","00532 12:56:12",228.05,852.08,,,,"     ",3.60,1045.14,1.40
532,444721503,"00532M12:43:07.402","00532 12:56:13",228.01,852.07,,,,"     ",3.60,1035.05,1.38
532,444721504,"00532M12:43:08.375","00532 12:56:14",227.99,852.00,,,,"     ",3.60,1045.51,1.40
532,444721505,"00532M12:43:09.348","00532 12:56:15",227.97,852.00,,,,"     ",3.60,1033.55,1.38
532,444721506,"00532M12:43:10.322","00532 12:56:16",227.96,852.02,,,,"     ",3.60,1045.21,1.40
532,444721507,"00532M12:43:11.295","00532 12:56:17",227.95,851.96,,,,"     ",3.60,1045.50,1.39
532,444721508,"00532M12:43:12.268","00532 12:56:18",227.94,851.96,,,,"     ",3.60,1062.90,1.42
532,444721509,"00532M12:43:13.242","00532 12:56:19",227.93,852.04,,,,"     ",3.60,1042.38,1.39
532,444721510,"00532M12:43:14.215","00532 12:56:20",227.91,851.95,,,,"     ",3.60,1048.82,1.40
532,444721511,"00532M12:43:15.188","00532 12:56:21",227.89,852.01,,,,"     ",3.60,1043.25,1.39
532,444721512,"00532M12:43:16.161","00532 12:56:22",227.86,851.90,,,,"     ",3.60,1048.75,1.39
532,444721513,"00532M12:43:17.135","00532 12:56:23",227.81,851.97,,,,"     ",3.60,1042.68,1.38
532,444721514,"00532M12:43:18.108","00532 12:56:24",227.75,851.99,,,,"     ",3.60,1047.42,1.39
532,444721515,"00532M12:43:19.081","00532 12:56:25",227.70,851.95,,,,"     ",3.60,1051.18,1.40
532,444721516,"00532M12:43:20.054","00532 12:56:26",227.64,851.90,,,,"     ",3.60,1043.11,1.38
532,444721517,"00532M12:43:21.028","00532 12:56:27",227.60,851.94,,,,"     ",3.60,1055.65,1.40
532,444721518,"00532M12:43:22.001","00532 12:56:28",227.59,852.05,,,,"     ",3.60,1060.60,1.41
532,444721519,"00532M12:43:22.974","00532 12:56:29",227.60,852.08,,,,"     ",3.60,1053.75,1.39
532,444721520,"00532M12:43:23.947","00532 12:56:30",227.63,851.98,,,,"     ",3.60,1070.35,1.42
532,444721521,"00532M12:43:24.921","00532 12:56:31",227.70,851.96,,,,"     ",3.60,1048.62,1.39
532,444721522,"00532M12:43:25.894","00532 12:56:32",227.77,852.03,,,,"     ",3.60,1058.54,1.40
532,444721523,"00532M12:43:26.867","00532 12:56:33",227.86,852.00,,,,"     ",3.60,1053.24,1.39
532,444721524,"00532M12:43:27.840","00532 12:56:34",227.95,852.02,,,,"     ",3.60,1060.73,1.40
532,444721525,"00532M12:43:28.814","00532 12:56:35",228.03,852.08,,,,"     ",3.60,1045.80,1.38
532,444721526,"00532M12:43:29.787","00532 12:56:36",228.09,852.04,,,,"     ",3.60,1048.69,1.38
532,444721527,"00532M12:43:30.760","00532 12:56:37",228.14,851.97,,,,"     ",3.60,1053.56,1.39
532,444721528,"00532M12:43:31.733","00532 12:56:38",228.16,851.90,,,,"     ",3.60,1064.15,1.40
532,444721529,"00532M12:43:32.707","00532 12:56:39",228.16,851.95,,,,"     ",3.60,1058.48,1.39
532,444721530,"00532M12:43:33.680","00532 12:56:40",228.14,852.00,,,,"     ",3.60,1055.35,1.39
532,444721531,"00532M12:43:34.653","00532 12:56:41",228.11,852.04,,,,"     ",3.60,1069.31,1.40
532,444721532,"00532M12:43:35.626","00532 12:56:42",228.06,852.08,,,,"     ",3.60,1064.47,1.40
532,444721533,"00532M12:43:36.600","00532 12:56:42",228.00,852.03,,,,"     ",3.60,1058.81,1.39
532,444721534,"00532M12:43:37.573","00532 12:56:43",227.93,852.05,,,,"     ",3.60,1062.70,1.39
532,444721535,"00532M12:43:38.546","00532 12:56:44",227.86,852.05,,,,"     ",3.60,1066.33,1.40
532,444721536,"00532M12:43:39.519","00532 12:56:45",227.80,852.00,,,,"     ",3.60,1055.01,1.38
532,444721537,"00532M12:43:40.493","00532 12:56:46",227.73,852.05,,,,"     ",3.60,1063.69,1.39
532,444721538,"00532M12:43:41.466","00532 12:56:47",227.68,852.10,,,,"     ",3.60,1074.69,1.41
532,444721539,"00532M12:43:42.439","00532 12:56:48",227.64,852.06,,,,"     ",3.60,1053.76,1.38
532,444721540,"00532M12:43:43.412","00532 12:56:49",227.59,852.06,,,,"     ",3.60,1075.95,1.41
532,444721541,"00532M12:43:44.386","00532 12:56:50",227.56,852.00,,,,"     ",3.60,1066.37,1.39
532,444721542,"00532M12:43:45.359","00532 12:56:51",227.54,851.99,,,,"     ",3.60,1077.26,1.41
532,444721543,"00532M12:43:46.332","00532 12:56:52",227.53,852.05,,,,"     ",3.60,1063.11,1.38
532,444721544,"00532M12:43:47.305","00532 12:56:53",227.54,852.05,,,,"     ",3.60,1061.43,1.38
532,444721545,"00532M12:43:48.279","00532 12:56:54",227.56,852.05,,,,"     ",3.60,1065.34,1.39
532,444721546,"00532M12:43:49.252","00532 12:56:55",227.60,852.06,,,,"     ",3.60,1075.82,1.40
532,444721547,"00532M12:43:50.225","00532 12:56:56",227.65,852.03,,,,"     ",3.60,1070.88,1.39
532,444721548,"00532M12:43:51.198","00532 12:56:57",227.70,852.03,,,,"     ",3.60,1073.69,1.39
532,444721549,"00532M12:43:52.172","00532 12:56:58",227.76,851.93,,,,"     ",3.60,1077.62,1.40
532,444721550,"00532M12:43:53.145","00532 12:56:59",227.83,851.98,,,,"     ",3.60,1071.51,1.39
532,444721551,"00532M12:43:54.118","00532 12:57:00",227.90,851.97,,,,"     ",3.60,1073.57,1.39
532,444721552,"00532M12:43:55.091","00532 12:57:01",227.96,851.98,,,,"     ",3.60,1081.55,1.40
532,444721553,"00532M12:43:56.065","00532 12:57:02",228.03,851.98,,,,"     ",3.60,1085.39,1.40
532,444721554,"00532M12:43:57.038","00532 12:57:03",228.09,851.93,,,,"     ",3.60,1076.49,1.39
532,444721555,"00532M12:43:58.011","00532 12:57:04",228.15,851.99,,,,"     ",3.60,1073.31,1.39
532,444721556,"00532M12:43:58.984","00532 12:57:05",228.19,851.97,,,,"     ",3.60,1066.66,1.38
532,444721557,"00532M12:43:59.958","00532 12:57:06",228.23,852.04,,,,"     ",3.60,1078.08,1.39
532,444721558,"00532M12:44:00.931","00532 12:57:07",228.24,851.96,,,,"     ",3.60,1072.08,1.38
532,444721559,"00532M12:44:01.904","00532 12:57:08",228.25,851.95,,,,"     ",3.60,1081.26,1.39
532,444721560,"00532M12:44:02.877","00532 12:57:09",228.25,852.01,,,,"     ",3.60,1085.37,1.40
532,444721561,"00532M12:44:03.851","00532 12:57:10",228.26,852.01,,,,"     ",3.60,1070.32,1.38
532,444721562,"00532M12:44:04.824","00532 12:57:11",228.25,851.92,,,,"     ",3.60,1076.49,1.38
532,444721563,"00532M12:44:05.797","00532 12:57:12",228.25,851.96,,,,"     ",3.60,1069.38,1.37
532,444721564,"00532M12:44:06.770","00532 12:57:13",228.24,852.04,,,,"     ",3.60,1082.38,1.39
532,444721565,"00532M12:44:07.744","00532 12:57:14",228.24,851.94,,,,"     ",3.60,1070.59,1.37
532,444721566,"00532M12:44:08.717","00532 12:57:15",228.24,851.96,,,,"     ",3.60,1085.34,1.39
532,444721567,"00532M12:44:09.690","00532 12:57:16",228.25,851.91,,,,"     ",3.60,1069.82,1.37
532,444721568,"00532M12:44:10.663","00532 12:57:17",228.24,851.91,,,,"     ",3.60,1077.24,1.38
532,444721569,"00532M12:44:11.637","00532 12:57:18",228.26,851.86,,,,"     ",3.60,1063.85,1.36
532,444721570,"00532M12:44:12.610","00532 12:57:18",228.28,851.83,,,,"     ",3.60,1073.40,1.37
532,444721571,"00532M12:44:13.583","00532 12:57:19",228.32,851.80,,,,"     ",3.60,1072.11,1.37
532,444721572,"00532M12:44:14.556","00532 12:57:20",228.36,851.83,,,,"     ",3.60,1087.91,1.39
532,444721573,"00532M12:44:15.530","00532 12:57:21",228.42,851.88,,,,"     ",3.60,1071.48,1.37
532,444721574,"00532M12:44:16.503","00532 12:57:22",228.48,851.93,,,,"     ",3.60,1065.43,1.36
532,444721575,"00532M12:44:17.476","00532 12:57:23",228.54,851.97,,,,"     ",3.60,1080.11,1.38
532,444721576,"00532M12:44:18.449","00532 12:57:24",228.60,851.98,,,,"     ",3.60,1073.88,1.37
532,444721577,"00532M12:44:19.423","00532 12:57:25",228.65,851.98,,,,"     ",3.60,1067.31,1.36
532,444721578,"00532M12:44:20.396","00532 12:57:26",228.68,851.94,,,,"     ",3.60,1074.49,1.37
532,444721579,"00532M12:44:21.369","00532 12:57:27",228.71,851.91,,,,"     ",3.60,1077.30,1.37
532,444721580,"00532M12:44:22.342","00532 12:57:28",228.71,851.88,,,,"     ",3.60,1074.74,1.37
532,444721581,"00532M12:44:23.316","00532 12:57:29",228.70,851.94,,,,"     ",3.60,1084.60,1.38
532,444721582,"00532M12:44:24.289","00532 12:57:30",228.67,851.92,,,,"     ",3.60,1084.18,1.38
532,444721583,"00532M12:44:25.262","00532 12:57:31",228.62,851.93,,,,"     ",3.60,1089.56,1.39
532,444721584,"00532M12:44:26.236","00532 12:57:32",228.55,851.84,,,,"     ",3.60,1091.48,1.39
532,444721585,"00532M12:44:27.209","00532 12:57:33",228.46,851.90,,,,"     ",3.60,1074.05,1.37
532,444721586,"00532M12:44:28.182","00532 12:57:34",228.38,851.80,,,,"     ",3.60,1092.17,1.39
532,444721587,"00532M12:44:29.155","00532 12:57:35",228.28,851.86,,,,"     ",3.60,1089.13,1.39
532,444721588,"00532M12:44:30.129","00532 12:57:36",228.19,851.82,,,,"     ",3.60,1091.41,1.39
532,444721589,"00532M12:44:31.102","00532 12:57:37",228.10,851.87,,,,"     ",3.60,1082.69,1.37
532,444721590,"00532M12:44:32.075","00532 12:57:38",228.02,851.85,,,,"     ",3.60,1063.78,1.35
532,444721591,"00532M12:44:33.048","00532 12:57:39",227.96,851.91,,,,"     ",3.60,1082.42,1.37
532,444721592,"00532M12:44:34.022","00532 12:57:40",227.92,851.87,,,,"     ",3.60,1076.60,1.37
532,444721593,"00532M12:44:34.995","00532 12:57:41",227.90,851.94,,,,"     ",3.60,1078.59,1.37
532,444721594,"00532M12:44:35.968","00532 12:57:42",227.89,851.94,,,,"     ",3.60,1076.36,1.36
532,444721595,"00532M12:44:36.941","00532 12:57:43",227.88,851.92,,,,"     ",3.60,1075.97,1.36
532,444721596,"00532M12:44:37.915","00532 12:57:44",227.88,851.91,,,,"     ",3.60,1079.99,1.37
532,444721597,"00532M12:44:38.888","00532 12:57:45",227.87,851.92,,,,"     ",3.60,1077.12,1.36
532,444721598,"00532M12:44:39.861","00532 12:57:46",227.86,851.88,,,,"     ",3.60,1083.79,1.37
532,444721599,"00532M12:44:40.834","00532 12:57:47",227.83,851.86,,,,"     ",3.60,1084.36,1.37
532,444721600,"00532M12:44:41.808","00532 12:57:48",227.79,851.94,,,,"     ",3.60,1083.71,1.37
532,444721601,"00532M12:44:42.781","00532 12:57:49",227.77,851.88,,,,"     ",3.60,1071.70,1.35
532,444721602,"00532M12:44:43.754","00532 12:57:50",227.75,851.85,,,,"     ",3.60,1081.80,1.37
532,444721603,"00532M12:44:44.727","00532 12:57:51",227.76,851.86,,,,"     ",3.60,1084.16,1.37
532,444721604,"00532M12:44:45.701","00532 12:57:52",227.80,851.88,,,,"     ",3.60,1085.75,1.37
532,444721605,"00532M12:44:46.674","00532 12:57:53",227.85,851.85,,,,"     ",3.60,1088.36,1.38
532,444721606,"00532M12:44:47.647","00532 12:57:54",227.92,851.88,,,,"     ",3.60,1093.68,1.38
532,444721607,"00532M12:44:48.620","00532 12:57:55",228.00,851.91,,,,"     ",3.60,1087.71,1.37
532,444721608,"00532M12:44:49.594","00532 12:57:55",228.08,851.88,,,,"     ",3.60,1087.98,1.37
532,444721609,"00532M12:44:50.567","00532 12:57:56",228.15,851.85,,,,"     ",3.60,1084.18,1.37
532,444721610,"00532M12:44:51.540","00532 12:57:57",228.21,851.91,,,,"     ",3.60,1079.06,1.36
532,444721611,"00532M12:44:52.513","00532 12:57:58",228.26,851.81,,,,"     ",3.60,1087.06,1.37
532,444721612,"00532M12:44:53.487","00532 12:57:59",228.29,851.91,,,,"     ",3.60,1078.20,1.36
532,444721613,"00532M12:44:54.460","00532 12:58:00",228.30,851.78,,,,"     ",3.60,1080.74,1.36
532,444721614,"00532M12:44:55.433","00532 12:58:01",228.29,851.86,,,,"     ",3.60,1076.46,1.35
532,444721615,"00532M12:44:56.406","00532 12:58:02",228.24,851.89,,,,"     ",3.60,1085.51,1.37
532,444721616,"00532M12:44:57.380","00532 12:58:03",228.18,851.79,,,,"     ",3.60,1094.38,1.38
532,444721617,"00532M12:44:58.353","00532 12:58:04",228.10,851.86,,,,"     ",3.60,1095.65,1.38
532,444721618,"00532M12:44:59.326","00532 12:58:05",228.02,851.83,,,,"     ",3.60,1095.89,1.38
532,444721619,"00532M12:45:00.299","00532 12:58:06",227.95,851.83,,,,"     ",3.60,1092.25,1.37
532,444721620,"00532M12:45:01.273","00532 12:58:07",227.89,851.79,,,,"     ",3.60,1077.87,1.35
532,444721621,"00532M12:45:02.246","00532 12:58:08",227.88,851.77,,,,"     ",3.60,1087.80,1.36
532,444721622,"00532M12:45:03.219","00532 12:58:09",227.89,851.85,,,,"     ",3.60,1090.93,1.37
532,444721623,"00532M12:45:04.192","00532 12:58:10",227.94,851.88,,,,"     ",3.60,1084.74,1.36
532,444721624,"00532M12:45:05.166","00532 12:58:11",228.00,851.91,,,,"     ",3.60,1088.54,1.36
532,444721625,"00532M12:45:06.139","00532 12:58:12",228.07,851.91,,,,"     ",3.60,1085.43,1.36
532,444721626,"00532M12:45:07.112","00532 12:58:13",228.15,851.95,,,,"     ",3.60,1090.60,1.37
532,444721627,"00532M12:45:08.085","00532 12:58:14",228.23,851.92,,,,"     ",3.60,1100.62,1.38
532,444721628,"00532M12:45:09.059","00532 12:58:15",228.29,851.88,,,,"     ",3.60,1086.41,1.36
532,444721629,"00532M12:45:10.032","00532 12:58:16",228.36,851.83,,,,"     ",3.60,1090.90,1.36
532,444721630,"00532M12:45:11.005","00532 12:58:17",228.42,851.89,,,,"     ",3.60,1092.64,1.37
532,444721631,"00532M12:45:11.978","00532 12:58:18",228.47,851.81,,,,"     ",3.60,1085.44,1.35
532,444721632,"00532M12:45:12.952","00532 12:58:19",228.49,851.81,,,,"     ",3.60,1087.38,1.36
532,444721633,"00532M12:45:13.925","00532 12:58:20",228.50,851.80,,,,"     ",3.60,1094.72,1.37
532,444721634,"00532M12:45:14.898","00532 12:58:21",228.47,851.86,,,,"     ",3.60,1093.28,1.36
532,444721635,"00532M12:45:15.871","00532 12:58:22",228.43,851.85,,,,"     ",3.60,1094.32,1.36
532,444721636,"00532M12:45:16.845","00532 12:58:23",228.39,851.80,,,,"     ",3.60,1092.17,1.36
532,444721637,"00532M12:45:17.818","00532 12:58:24",228.33,851.90,,,,"     ",3.60,1101.34,1.37
532,444721638,"00532M12:45:18.791","00532 12:58:25",228.27,851.82,,,,"     ",3.60,1090.74,1.36
532,444721639,"00532M12:45:19.764","00532 12:58:26",228.23,851.78,,,,"     ",3.60,1093.18,1.36
532,444721640,"00532M12:45:20.738","00532 12:58:27",228.19,851.91,,,,"     ",3.60,1081.78,1.35
532,444721641,"00532M12:45:21.711","00532 12:58:28",228.14,851.88,,,,"     ",3.60,1090.20,1.36
532,444721642,"00532M12:45:22.684","00532 12:58:29",228.12,851.84,,,,"     ",3.60,1093.84,1.36
532,444721643,"00532M12:45:23.657","00532 12:58:30",228.09,851.81,,,,"     ",3.60,1101.26,1.37
532,444721644,"00532M12:45:24.631","00532 12:58:31",228.06,851.69,,,,"     ",3.60,1096.41,1.36
532,444721645,"00532M12:45:25.604","00532 12:58:31",228.04,851.83,,,,"     ",3.60,1097.21,1.36
532,444721646,"00532M12:45:26.577","00532 12:58:32",228.04,851.76,,,,"     ",3.60,1099.26,1.36
532,444721647,"00532M12:45:27.550","00532 12:58:33",228.03,851.80,,,,"     ",3.60,1097.41,1.36
532,444721648,"00532M12:45:28.524","00532 12:58:34",228.03,851.79,,,,"     ",3.60,1104.43,1.37
532,444721649,"00532M12:45:29.497","00532 12:58:35",228.03,851.83,,,,"     ",3.60,1103.95,1.37
532,444721650,"00532M12:45:30.470","00532 12:58:36",228.03,851.83,,,,"     ",3.60,1103.91,1.37
532,444721651,"00532M12:45:31.443","00532 12:58:37",228.04,851.85,,,,"     ",3.60,1097.43,1.36
532,444721652,"00532M12:45:32.417","00532 12:58:38",228.05,851.82,,,,"     ",3.60,1112.19,1.38
532,444721653,"00532M12:45:33.390","00532 12:58:39",228.07,851.79,,,,"     ",3.60,1108.28,1.37
532,444721654,"00532M12:45:34.363","00532 12:58:40",228.10,851.85,,,,"     ",3.60,1098.66,1.36
532,444721655,"00532M12:45:35.337","00532 12:58:41",228.12,851.80,,,,"     ",3.60,1118.92,1.38
532,444721656,"00532M12:45:36.310","00532 12:58:42",228.15,851.84,,,,"     ",3.60,1099.86,1.36
532,444721657,"00532M12:45:37.283","00532 12:58:43",228.19,851.80,,,,"     ",3.60,1105.92,1.37
532,444721658,"00532M12:45:38.256","00532 12:58:44",228.23,851.75,,,,"     ",3.60,1096.77,1.35
532,444721659,"00532M12:45:39.230","00532 12:58:45",228.28,851.74,,,,"     ",3.60,1111.88,1.37
532,444721660,"00532M12:45:40.203","00532 12:58:46",228.39,851.75,,,6.00,"  101100",3.60,1108.45,1.37
532,444721661,"00532M12:45:41.176","00532 12:58:47",228.44,851.72,,,,"     ",3.60,1108.41,1.37
532,444721662,"00532M12:45:42.149","00532 12:58:48",228.47,851.72,,,,"     ",3.60,1099.79,1.35
532,444721663,"00532M12:45:43.123","00532 12:58:49",228.50,851.75,,,,"     ",3.60,1103.21,1.36
532,444721664,"00532M12:45:44.096","00532 12:58:50",228.53,851.78,,,,"     ",3.60,1106.66,1.36
532,444721665,"00532M12:45:45.069","00532 12:58:51",228.54,851.73,,,,"     ",3.60,1099.71,1.35
532,444721666,"00532M12:45:46.042","00532 12:58:52",228.56,851.73,,,,"     ",3.60,1101.78,1.36
532,444721667,"00532M12:45:47.016","00532 12:58:53",228.57,851.66,,,,"     ",3.60,1101.19,1.35
532,444721668,"00532M12:45:47.989","00532 12:58:54",228.57,851.71,,,,"     ",3.60,1110.95,1.37
532,444721669,"00532M12:45:48.962","00532 12:58:55",228.58,851.66,,,,"     ",3.60,1098.55,1.35
532,444721670,"00532M12:45:49.935","00532 12:58:56",228.58,851.71,,,,"     ",3.60,1111.48,1.36
532,444721671,"00532M12:45:50.909","00532 12:58:57",228.57,851.70,,,,"     ",3.60,1110.39,1.36
532,444721672,"00532M12:45:51.882","00532 12:58:58",228.54,851.73,,,,"     ",3.60,1106.43,1.36
532,444721673,"00532M12:45:52.855","00532 12:58:59",228.52,851.76,,,,"     ",3.60,1114.90,1.37
532,444721674,"00532M12:45:53.828","00532 12:59:00",228.49,851.90,,,,"     ",3.60,1113.74,1.37
532,444721675,"00532M12:45:54.802","00532 12:59:01",228.46,851.76,,,,"     ",3.60,1109.69,1.36
532,444721676,"00532M12:45:55.775","00532 12:59:02",228.44,851.76,,,,"     ",3.60,1102.70,1.35
532,444721677,"00532M12:45:56.748","00532 12:59:03",228.43,851.76,,,,"     ",3.60,1111.76,1.36
532,444721678,"00532M12:45:57.721","00532 12:59:04",228.41,851.78,,,,"     ",3.60,1119.75,1.37
532,444721679,"00532M12:45:58.695","00532 12:59:05",228.42,851.76,,,,"     ",3.60,1091.65,1.33
532,444721680,"00532M12:45:59.668","00532 12:59:06",228.43,851.71,,,,"     ",3.60,1108.05,1.35
532,444721681,"00532M12:46:00.641","00532 12:59:07",228.46,851.68,,,,"     ",3.60,1114.38,1.36
532,444721682,"00532M12:46:01.614","00532 12:59:08",228.49,851.67,,,,"     ",3.60,1118.15,1.37
532,444721683,"00532M12:46:02.588","00532 12:59:08",228.52,851.63,,,,"     ",3.60,1126.62,1.38
532,444721684,"00532M12:46:03.561","00532 12:59:09",228.55,851.67,,,,"     ",3.60,1122.74,1.37
532,444721685,"00532M12:46:04.534","00532 12:59:10",228.58,851.67,,,,"     ",3.60,1125.41,1.37
532,444721686,"00532M12:46:05.507","00532 12:59:11",228.60,851.70,,,,"     ",3.60,1117.06,1.36
532,444721687,"00532M12:46:06.481","00532 12:59:12",228.62,851.63,,,,"     ",3.60,1117.24,1.36
532,444721688,"00532M12:46:07.454","00532 12:59:13",228.64,851.62,,,,"     ",3.60,1124.08,1.37
532,444721689,"00532M12:46:08.427","00532 12:59:14",228.67,851.67,,,,"     ",3.60,1121.56,1.36
532,444721690,"00532M12:46:09.400","00532 12:59:15",228.72,851.67,,,,"     ",3.60,1117.85,1.36
532,444721691,"00532M12:46:10.374","00532 12:59:16",228.76,851.62,,,,"     ",3.60,1127.29,1.37
532,444721692,"00532M12:46:11.347","00532 12:59:17",228.82,851.60,,,,"     ",3.60,1119.29,1.36
532,444721693,"00532M12:46:12.320","00532 12:59:18",228.87,851.52,,,,"     ",3.60,1113.45,1.35
532,444721694,"00532M12:46:13.293","00532 12:59:19",228.91,851.52,,,,"     ",3.60,1122.94,1.36
532,444721695,"00532M12:46:14.267","00532 12:59:20",228.95,851.53,,,,"     ",3.60,1109.12,1.34
532,444721696,"00532M12:46:15.240","00532 12:59:21",228.96,851.54,,,,"     ",3.60,1111.11,1.35
532,444721697,"00532M12:46:16.213","00532 12:59:22",228.97,851.58,,,,"     ",3.60,1129.70,1.37
532,444721698,"00532M12:46:17.186","00532 12:59:23",228.96,851.55,,,,"     ",3.60,1126.05,1.36
532,444721699,"00532M12:46:18.160","00532 12:59:24",228.95,851.55,,,,"     ",3.60,1123.73,1.36
532,444721700,"00532M12:46:19.133","00532 12:59:25",228.93,851.57,,,,"     ",3.60,1119.97,1.35
532,444721701,"00532M12:46:20.106","00532 12:59:26",228.91,851.62,,,,"     ",3.60,1116.27,1.35
532,444721702,"00532M12:46:21.079","00532 12:59:27",228.90,851.64,,,,"     ",3.60,1130.04,1.37
532,444721703,"00532M12:46:22.053","00532 12:59:28",228.88,851.58,,,,"     ",3.60,1120.81,1.35
532,444721704,"00532M12:46:23.026","00532 12:59:29",228.87,851.60,,,,"     ",3.60,1116.37,1.35
532,444721705,"00532M12:46:23.999","00532 12:59:30",228.87,851.62,,,,"     ",3.60,1118.14,1.35
532,444721706,"00532M12:46:24.972","00532 12:59:31",228.88,851.61,,,,"     ",3.60,1128.91,1.36
532,444721707,"00532M12:46:25.946","00532 12:59:32",228.91,851.62,,,,"     ",3.60,1117.66,1.35
532,444721708,"00532M12:46:26.919","00532 12:59:33",228.98,851.65,,,,"     ",3.60,1128.52,1.36
532,444721709,"00532M12:46:27.892","00532 12:59:34",229.05,851.62,,,,"     ",3.60,1128.33,1.36
532,444721710,"00532M12:46:28.865","00532 12:59:35",229.16,851.56,,,,"     ",3.60,1129.34,1.36
532,444721711,"00532M12:46:29.839","00532 12:59:36",229.28,851.57,,,,"     ",3.60,1127.87,1.36
532,444721712,"00532M12:46:30.812","00532 12:59:37",229.41,851.56,,,,"     ",3.60,1116.26,1.34
532,444721713,"00532M12:46:31.785","00532 12:59:38",229.54,851.54,,,,"     ",3.60,1126.14,1.35
532,444721714,"00532M12:46:32.758","00532 12:59:39",229.67,851.59,,,,"     ",3.60,1129.14,1.36
532,444721715,"00532M12:46:33.732","00532 12:59:40",229.79,851.59,,,,"     ",3.60,1129.55,1.36
532,444721716,"00532M12:46:34.705","00532 12:59:41",229.91,851.56,,,,"     ",3.60,1132.53,1.36
532,444721717,"00532M12:46:35.678","00532 12:59:42",230.03,851.58,,,,"     ",3.60,1142.63,1.37
532,444721718,"00532M12:46:36.651","00532 12:59:43",230.13,851.60,,,,"     ",3.60,1113.82,1.33
532,444721719,"00532M12:46:37.625","00532 12:59:44",230.24,851.49,,,,"     ",3.60,1124.73,1.35
532,444721720,"00532M12:46:38.598","00532 12:59:45",230.32,851.51,,,,"     ",3.60,1127.13,1.35
532,444721721,"00532M12:46:39.571","00532 12:59:45",230.39,851.51,,,,"     ",3.60,1134.41,1.36
532,444721722,"00532M12:46:40.544","00532 12:59:46",230.44,851.52,,,,"     ",3.60,1128.41,1.35
532,444721723,"00532M12:46:41.518","00532 12:59:47",230.48,851.54,,,,"     ",3.60,1132.07,1.35
532,444721724,"00532M12:46:42.491","00532 12:59:48",230.51,851.46,,,,"     ",3.60,1121.67,1.34
532,444721725,"00532M12:46:43.464","00532 12:59:49",230.54,851.46,,,,"     ",3.60,1123.04,1.34
532,444721726,"00532M12:46:44.438","00532 12:59:50",230.56,851.44,,,,"     ",3.60,1120.14,1.34
532,444721727,"00532M12:46:45.411","00532 12:59:51",230.60,851.51,,,,"     ",3.60,1128.78,1.35
532,444721728,"00532M12:46:46.384","00532 12:59:52",230.65,851.49,,,,"     ",3.60,1129.42,1.35
532,444721729,"00532M12:46:47.357","00532 12:59:53",230.72,851.46,,,,"     ",3.60,1141.41,1.36
532,444721730,"00532M12:46:48.331","00532 12:59:54",230.80,851.39,,,,"     ",3.60,1129.13,1.35
532,444721731,"00532M12:46:49.304","00532 12:59:55",230.90,851.45,,,,"     ",3.60,1140.16,1.36
532,444721732,"00532M12:46:50.277","00532 12:59:56",231.02,851.41,,,,"     ",3.60,1142.28,1.36
532,444721733,"00532M12:46:51.250","00532 12:59:57",231.14,851.43,,,,"     ",3.60,1127.94,1.34
532,444721734,"00532M12:46:52.224","00532 12:59:58",231.28,851.43,,,,"     ",3.60,1125.06,1.34
532,444721735,"00532M12:46:53.197","00532 12:59:59",231.43,851.42,,,,"     ",3.60,1132.55,1.35
532,444721736,"00532M12:46:54.170","00532 13:00:00",231.59,851.36,,,,"     ",3.60,1142.96,1.36
532,444721737,"00532M12:46:55.143","00532 13:00:01",231.75,851.42,,,,"     ",3.60,1127.32,1.34
532,444721738,"00532M12:46:56.117","00532 13:00:02",231.90,851.50,,,,"     ",3.60,1126.33,1.34
532,444721739,"00532M12:46:57.090","00532 13:00:03",232.05,851.46,,,,"     ",3.60,1146.36,1.36
532,444721740,"00532M12:46:58.063","00532 13:00:04",232.17,851.47,,,,"     ",3.60,1131.89,1.34
532,444721741,"00532M12:46:59.036","00532 13:00:05",232.28,851.42,,,,"     ",3.60,1131.28,1.34
532,444721742,"00532M12:47:00.010","00532 13:00:06",232.35,851.48,,,,"     ",3.60,1134.04,1.34
532,444721743,"00532M12:47:00.983","00532 13:00:07",232.42,851.36,,,,"     ",3.60,1134.65,1.34
532,444721744,"00532M12:47:01.956","00532 13:00:08",232.48,851.34,,,,"     ",3.60,1147.61,1.36
532,444721745,"00532M12:47:02.929","00532 13:00:09",232.53,851.31,,,,"     ",3.60,1150.89,1.36
532,444721746,"00532M12:47:03.903","00532 13:00:10",232.58,851.40,,,,"     ",3.60,1131.62,1.34
532,444721747,"00532M12:47:04.876","00532 13:00:11",232.63,851.36,,,,"     ",3.60,1142.36,1.35
532,444721748,"00532M12:47:05.849","00532 13:00:12",232.70,851.39,,,,"     ",3.60,1133.02,1.34
532,444721749,"00532M12:47:06.822","00532 13:00:13",232.75,851.51,,,,"     ",3.60,1138.06,1.34
532,444721750,"00532M12:47:07.796","00532 13:00:14",232.81,851.38,,,,"     ",3.60,1140.90,1.35
532,444721751,"00532M12:47:08.769","00532 13:00:15",232.86,851.44,,,,"     ",3.60,1133.43,1.34
532,444721752,"00532M12:47:09.742","00532 13:00:16",232.89,851.49,,,,"     ",3.60,1131.53,1.33
532,444721753,"00532M12:47:10.715","00532 13:00:17",232.93,851.38,,,,"     ",3.60,1132.20,1.34
532,444721754,"00532M12:47:11.689","00532 13:00:18",232.96,851.37,,,,"     ",3.60,1136.44,1.34
532,444721755,"00532M12:47:12.662","00532 13:00:19",232.98,851.41,,,,"     ",3.60,1136.59,1.34
532,444721756,"00532M12:47:13.635","00532 13:00:20",233.01,851.34,,,,"     ",3.60,1151.13,1.36
532,444721757,"00532M12:47:14.608","00532 13:00:21",233.05,851.39,,,,"     ",3.60,1131.37,1.33
532,444721758,"00532M12:47:15.582","00532 13:00:21",233.09,851.38,,,,"     ",3.60,1118.29,1.31
532,444721759,"00532M12:47:16.555","00532 13:00:22",233.13,851.37,,,,"     ",3.60,1133.69,1.33
532,444721760,"00532M12:47:17.528","00532 13:00:23",233.17,851.38,,,,"     ",3.60,1149.69,1.35
532,444721761,"00532M12:47:18.501","00532 13:00:24",233.21,851.37,,,,"     ",3.60,1141.19,1.34
532,444721762,"00532M12:47:19.475","00532 13:00:25",233.24,851.33,,,,"     ",3.60,1141.70,1.34
532,444721763,"00532M12:47:20.448","00532 13:00:26",233.28,851.44,,,,"     ",3.60,1152.90,1.35
532,444721764,"00532M12:47:21.421","00532 13:00:27",233.32,851.37,,,,"     ",3.60,1140.12,1.34
532,444721765,"00532M12:47:22.394","00532 13:00:28",233.36,851.35,,,,"     ",3.60,1143.15,1.34
532,444721766,"00532M12:47:23.368","00532 13:00:29",233.41,851.41,,,,"     ",3.60,1128.71,1.32
532,444721767,"00532M12:47:24.341","00532 13:00:30",233.45,851.41,,,,"     ",3.60,1136.48,1.33
532,444721768,"00532M12:47:25.314","00532 13:00:31",233.48,851.45,,,,"     ",3.60,1144.79,1.34
532,444721769,"00532M12:47:26.287","00532 13:00:32",233.49,851.41,,,,"     ",3.60,1149.00,1.35
532,444721770,"00532M12:47:27.261","00532 13:00:33",233.48,851.51,,,,"     ",3.60,1143.66,1.34
532,444721771,"00532M12:47:28.234","00532 13:00:34",233.45,851.41,,,,"     ",3.60,1145.26,1.34
532,444721772,"00532M12:47:29.207","00532 13:00:35",233.41,851.52,,,,"     ",3.60,1148.64,1.34
532,444721773,"00532M12:47:30.180","00532 13:00:36",233.36,851.41,,,,"     ",3.60,1147.67,1.34
532,444721774,"00532M12:47:31.154","00532 13:00:37",233.32,851.32,,,,"     ",3.60,1148.12,1.34
532,444721775,"00532M12:47:32.127","00532 13:00:38",233.27,851.37,,,,"     ",3.60,1146.38,1.34
532,444721776,"00532M12:47:33.100","00532 13:00:39",233.24,851.41,,,,"     ",3.60,1145.78,1.34
532,444721777,"00532M12:47:34.073","00532 13:00:40",233.20,851.43,,,,"     ",3.60,1157.05,1.35
532,444721778,"00532M12:47:35.047","00532 13:00:41",233.18,851.34,,,,"     ",3.60,1148.83,1.34
532,444721779,"00532M12:47:36.020","00532 13:00:42",233.17,851.34,,,,"     ",3.60,1157.65,1.35
532,444721780,"00532M12:47:36.993","00532 13:00:43",233.17,851.33,,,,"     ",3.60,1155.51,1.35
532,444721781,"00532M12:47:37.966","00532 13:00:44",233.17,851.31,,,,"     ",3.60,1139.17,1.33
532,444721782,"00532M12:47:38.940","00532 13:00:45",233.17,851.32,,,,"     ",3.60,1148.90,1.34
532,444721783,"00532M12:47:39.913","00532 13:00:46",233.20,851.30,,,,"     ",3.60,1157.86,1.35
532,444721784,"00532M12:47:40.886","00532 13:00:47",233.24,851.36,,,,"     ",3.60,1154.65,1.34
532,444721785,"00532M12:47:41.859","00532 13:00:48",233.29,851.41,,,,"     ",3.60,1160.32,1.35
532,444721786,"00532M12:47:42.833","00532 13:00:49",233.35,851.41,,,,"     ",3.60,1146.91,1.33
532,444721787,"00532M12:47:43.806","00532 13:00:50",233.42,851.37,,,,"     ",3.60,1156.89,1.34
532,444721788,"00532M12:47:44.779","00532 13:00:51",233.47,851.34,,,,"     ",3.60,1146.97,1.33
532,444721789,"00532M12:47:45.752","00532 13:00:52",233.51,851.40,,,,"     ",3.60,1148.51,1.33
532,444721790,"00532M12:47:46.726","00532 13:00:53",233.53,851.31,,,,"     ",3.60,1149.91,1.33
532,444721791,"00532M12:47:47.699","00532 13:00:54",233.54,851.36,,,,"     ",3.60,1159.72,1.34
532,444721792,"00532M12:47:48.672","00532 13:00:55",233.52,851.35,,,,"     ",3.60,1148.17,1.33
532,444721793,"00532M12:47:49.645","00532 13:00:56",233.50,851.30,,,,"     ",3.60,1155.23,1.34
532,444721794,"00532M12:47:50.619","00532 13:00:57",233.44,851.32,,,,"     ",3.60,1166.54,1.35
532,444721795,"00532M12:47:51.592","00532 13:00:58",233.38,851.28,,,,"     ",3.60,1150.53,1.33
532,444721796,"00532M12:47:52.565","00532 13:00:58",233.29,851.29,,,,"     ",3.60,1151.53,1.33
532,444721797,"00532M12:47:53.539","00532 13:00:59",233.20,851.33,,,,"     ",3.60,1137.26,1.31
532,444721798,"00532M12:47:54.512","00532 13:01:00",233.08,851.38,,,,"     ",3.60,1147.14,1.32
532,444721799,"00532M12:47:55.485","00532 13:01:01",232.95,851.44,,,,"     ",3.60,1157.33,1.34
532,444721800,"00532M12:47:56.458","00532 13:01:02",232.81,851.39,,,,"     ",3.60,1164.87,1.34
532,444721801,"00532M12:47:57.432","00532 13:01:03",232.65,851.39,,,,"     ",3.60,1162.53,1.34
532,444721802,"00532M12:47:58.405","00532 13:01:04",232.51,851.42,,,,"     ",3.60,1165.85,1.34
532,444721803,"00532M12:47:59.378","00532 13:01:05",232.39,851.36,,,,"     ",3.60,1151.62,1.33
532,444721804,"00532M12:48:00.351","00532 13:01:06",232.28,851.38,,,,"     ",3.60,1155.84,1.33
532,444721805,"00532M12:48:01.325","00532 13:01:07",232.21,851.32,,,,"     ",3.60,1147.50,1.32
532,444721806,"00532M12:48:02.298","00532 13:01:08",232.14,851.30,,,,"     ",3.60,1159.02,1.33
532,444721807,"00532M12:48:03.271","00532 13:01:09",232.09,851.33,,,,"     ",3.60,1152.04,1.33
532,444721808,"00532M12:48:04.244","00532 13:01:10",232.05,851.29,,,,"     ",3.60,1167.80,1.34
532,444721809,"00532M12:48:05.218","00532 13:01:11",232.03,851.36,,,,"     ",3.60,1165.17,1.34
532,444721810,"00532M12:48:06.191","00532 13:01:12",232.01,851.34,,,,"     ",3.60,1155.06,1.33
532,444721811,"00532M12:48:07.164","00532 13:01:13",232.01,851.25,,,,"     ",3.60,1153.23,1.33
532,444721812,"00532M12:48:08.137","00532 13:01:14",232.01,851.37,,,,"     ",3.60,1157.02,1.33
532,444721813,"00532M12:48:09.111","00532 13:01:15",232.01,851.32,,,,"     ",3.60,1153.67,1.33
532,444721814,"00532M12:48:10.084","00532 13:01:16",232.00,851.34,,,,"     ",3.60,1151.13,1.32
532,444721815,"00532M12:48:11.057","00532 13:01:17",231.98,851.36,,,,"     ",3.60,1162.74,1.34
532,444721816,"00532M12:48:12.030","00532 13:01:18",231.95,851.28,,,,"     ",3.60,1150.59,1.32
532,444721817,"00532M12:48:13.004","00532 13:01:19",231.91,851.23,,,,"     ",3.60,1159.42,1.33
532,444721818,"00532M12:48:13.977","00532 13:01:20",231.86,851.26,,,,"     ",3.60,1153.30,1.33
532,444721819,"00532M12:48:14.950","00532 13:01:21",231.79,851.31,,,,"     ",3.60,1153.28,1.33
532,444721820,"00532M12:48:15.923","00532 13:01:22",231.74,851.25,,,,"     ",3.60,1162.06,1.34
532,444721821,"00532M12:48:16.897","00532 13:01:23",231.68,851.26,,,,"     ",3.60,1158.22,1.33
532,444721822,"00532M12:48:17.870","00532 13:01:24",231.63,851.23,,,,"     ",3.60,1157.22,1.33
532,444721823,"00532M12:48:18.843","00532 13:01:25",231.60,851.27,,,,"     ",3.60,1148.36,1.32
532,444721824,"00532M12:48:19.816","00532 13:01:26",231.57,851.19,,,,"     ",3.60,1146.11,1.32
532,444721825,"00532M12:48:20.790","00532 13:01:27",231.56,851.24,,,,"     ",3.60,1157.68,1.33
532,444721826,"00532M12:48:21.763","00532 13:01:28",231.55,851.22,,,,"     ",3.60,1159.28,1.33
532,444721827,"00532M12:48:22.736","00532 13:01:29",231.55,851.19,,,,"     ",3.60,1146.36,1.32
532,444721828,"00532M12:48:23.709","00532 13:01:30",231.55,851.17,,,,"     ",3.60,1149.36,1.32
532,444721829,"00532M12:48:24.683","00532 13:01:31",231.55,851.19,,,,"     ",3.60,1151.98,1.32
532,444721830,"00532M12:48:25.656","00532 13:01:32",231.56,851.26,,,,"     ",3.60,1170.72,1.34
532,444721831,"00532M12:48:26.629","00532 13:01:33",231.57,851.25,,,,"     ",3.60,1164.68,1.34
532,444721832,"00532M12:48:27.602","00532 13:01:34",231.57,851.32,,,,"     ",3.60,1149.23,1.32
532,444721833,"00532M12:48:28.576","00532 13:01:34",231.56,851.28,,,,"     ",3.60,1147.02,1.32
532,444721834,"00532M12:48:29.549","00532 13:01:35",231.55,851.28,,,,"     ",3.60,1151.69,1.32
532,444721835,"00532M12:48:30.522","00532 13:01:36",231.52,851.17,,,,"     ",3.60,1158.12,1.33
532,444721836,"00532M12:48:31.495","00532 13:01:37",231.49,851.15,,,,"     ",3.60,1158.31,1.33
532,444721837,"00532M12:48:32.469","00532 13:01:38",231.46,851.15,,,,"     ",3.60,1161.97,1.33
532,444721838,"00532M12:48:33.442","00532 13:01:39",231.43,851.22,,,,"     ",3.60,1170.64,1.34
532,444721839,"00532M12:48:34.415","00532 13:01:40",231.40,851.18,,,,"     ",3.60,1171.19,1.34
532,444721840,"00532M12:48:35.388","00532 13:01:41",231.37,851.23,,,,"     ",3.60,1154.05,1.32
532,444721841,"00532M12:48:36.362","00532 13:01:42",231.36,851.24,,,,"     ",3.60,1170.41,1.34
532,444721842,"00532M12:48:37.335","00532 13:01:43",231.35,851.22,,,,"     ",3.60,1156.16,1.33
532,444721843,"00532M12:48:38.308","00532 13:01:44",231.34,851.17,,,,"     ",3.60,1165.32,1.34
532,444721844,"00532M12:48:39.281","00532 13:01:45",231.35,851.12,,,,"     ",3.60,1164.71,1.33
532,444721845,"00532M12:48:40.255","00532 13:01:46",231.36,851.24,,,,"     ",3.60,1159.05,1.33
532,444721846,"00532M12:48:41.228","00532 13:01:47",231.39,851.25,,,,"     ",3.60,1160.42,1.33
532,444721847,"00532M12:48:42.201","00532 13:01:48",231.41,851.27,,,,"     ",3.60,1161.14,1.33
532,444721848,"00532M12:48:43.174","00532 13:01:49",231.43,851.28,,,,"     ",3.60,1159.46,1.33
532,444721849,"00532M12:48:44.148","00532 13:01:50",231.45,851.21,,,,"     ",3.60,1157.84,1.33
532,444721850,"00532M12:48:45.121","00532 13:01:51",231.46,851.20,,,,"     ",3.60,1166.47,1.34
532,444721851,"00532M12:48:46.094","00532 13:01:52",231.46,851.21,,,,"     ",3.60,1164.49,1.33
532,444721852,"00532M12:48:47.067","00532 13:01:53",231.45,851.17,,,,"     ",3.60,1160.78,1.33
532,444721853,"00532M12:48:48.041","00532 13:01:54",231.44,851.15,,,,"     ",3.60,1164.43,1.33
532,444721854,"00532M12:48:49.014","00532 13:01:55",231.43,851.21,,,,"     ",3.60,1152.67,1.32
532,444721855,"00532M12:48:49.987","00532 13:01:56",231.41,851.12,,,,"     ",3.60,1164.42,1.33
532,444721856,"00532M12:48:50.960","00532 13:01:57",231.39,851.12,,,,"     ",3.60,1161.01,1.33
532,444721857,"00532M12:48:51.934","00532 13:01:58",231.37,851.17,,,,"     ",3.60,1159.71,1.33
532,444721858,"00532M12:48:52.907","00532 13:01:59",231.34,851.19,,,,"     ",3.60,1155.36,1.32
532,444721859,"00532M12:48:53.880","00532 13:02:00",231.30,851.22,,,,"     ",3.60,1159.39,1.33
532,444721860,"00532M12:48:54.853","00532 13:02:01",231.26,851.15,,,,"     ",3.60,1177.84,1.35
532,444721861,"00532M12:48:55.827","00532 13:02:02",231.21,851.15,,,,"     ",3.60,1151.59,1.32
532,444721862,"00532M12:48:56.800","00532 13:02:03",231.15,851.06,,,,"     ",3.60,1156.32,1.32
532,444721863,"00532M12:48:57.773","00532 13:02:04",231.09,851.10,,,,"     ",3.60,1173.04,1.34
532,444721864,"00532M12:48:58.746","00532 13:02:05",231.02,851.06,,,,"     ",3.60,1152.47,1.32
532,444721865,"00532M12:48:59.720","00532 13:02:06",230.96,851.04,,,,"     ",3.60,1159.80,1.33
532,444721866,"00532M12:49:00.693","00532 13:02:07",230.89,851.06,,,,"     ",3.60,1165.02,1.33
532,444721867,"00532M12:49:01.666","00532 13:02:08",230.81,850.99,,,,"     ",3.60,1151.80,1.32
532,444721868,"00532M12:49:02.640","00532 13:02:09",230.74,851.14,,,,"     ",3.60,1152.92,1.32
532,444721869,"00532M12:49:03.613","00532 13:02:10",230.67,851.09,,,,"     ",3.60,1171.70,1.34
532,444721870,"00532M12:49:04.586","00532 13:02:11",230.61,851.10,,,,"     ",3.60,1160.34,1.33
532,444721871,"00532M12:49:05.559","00532 13:02:11",230.56,851.08,,,,"     ",3.60,1160.97,1.33
532,444721872,"00532M12:49:06.533","00532 13:02:12",230.52,851.08,,,,"     ",3.60,1157.85,1.33
532,444721873,"00532M12:49:07.506","00532 13:02:13",230.49,851.07,,,,"     ",3.60,1154.02,1.32
532,444721874,"00532M12:49:08.479","00532 13:02:14",230.46,851.10,,,,"     ",3.60,1164.08,1.34
532,444721875,"00532M12:49:09.452","00532 13:02:15",230.44,851.08,,,,"     ",3.60,1149.92,1.32
532,444721876,"00532M12:49:10.426","00532 13:02:16",230.43,851.12,,,,"     ",3.60,1154.39,1.33
532,444721877,"00532M12:49:11.399","00532 13:02:17",230.41,851.15,,,,"     ",3.60,1145.24,1.32
532,444721878,"00532M12:49:12.372","00532 13:02:18",230.38,851.09,,,,"     ",3.60,1147.67,1.32
532,444721879,"00532M12:49:13.345","00532 13:02:19",230.37,851.03,,,,"     ",3.60,1144.62,1.32
532,444721880,"00532M12:49:14.319","00532 13:02:20",230.34,851.09,,,,"     ",3.60,1154.76,1.33
532,444721881,"00532M12:49:15.292","00532 13:02:21",230.31,851.10,,,,"     ",3.60,1155.06,1.33
532,444721882,"00532M12:49:16.265","00532 13:02:22",230.27,851.06,,,,"     ",3.60,1136.96,1.31
532,444721883,"00532M12:49:17.238","00532 13:02:23",230.23,851.00,,,,"     ",3.60,1149.17,1.33
532,444721884,"00532M12:49:18.212","00532 13:02:24",230.18,851.12,,,,"     ",3.60,1135.73,1.31
532,444721885,"00532M12:49:19.185","00532 13:02:25",230.14,851.11,,,,"     ",3.60,1142.19,1.32
532,444721886,"00532M12:49:20.158","00532 13:02:26",230.08,851.18,,,,"     ",3.60,1142.72,1.32
532,444721887,"00532M12:49:21.131","00532 13:02:27",230.03,851.13,,,,"     ",3.60,1145.04,1.32
532,444721888,"00532M12:49:22.105","00532 13:02:28",229.98,851.16,,,,"     ",3.60,1147.48,1.33
532,444721889,"00532M12:49:23.078","00532 13:02:29",229.95,851.14,,,,"     ",3.60,1147.49,1.33
532,444721890,"00532M12:49:24.051","00532 13:02:30",229.93,851.13,,,,"     ",3.60,1133.02,1.31
532,444721891,"00532M12:49:25.024","00532 13:02:31",229.91,851.07,,,,"     ",3.60,1130.56,1.31
532,444721892,"00532M12:49:25.998","00532 13:02:32",229.89,851.12,,,,"     ",3.60,1136.85,1.32
532,444721893,"00532M12:49:26.971","00532 13:02:33",229.89,851.05,,,,"     ",3.60,1138.95,1.32
532,444721894,"00532M12:49:27.944","00532 13:02:34",229.87,851.07,,,,"     ",3.60,1141.46,1.33
532,444721895,"00532M12:49:28.917","00532 13:02:35",229.85,851.11,,,,"     ",3.60,1132.69,1.32
532,444721896,"00532M12:49:29.891","00532 13:02:36",229.82,851.12,,,,"     ",3.60,1153.62,1.34
532,444721897,"00532M12:49:30.864","00532 13:02:37",229.79,851.14,,,,"     ",3.60,1132.43,1.32
532,444721898,"00532M12:49:31.837","00532 13:02:38",229.75,851.07,,,,"     ",3.60,1130.13,1.32
532,444721899,"00532M12:49:32.810","00532 13:02:39",229.71,851.06,,,,"     ",3.60,1136.46,1.32
532,444721900,"00532M12:49:33.784","00532 13:02:40",229.67,850.99,,,,"     ",3.60,1140.15,1.33
532,444721901,"00532M12:49:34.757","00532 13:02:41",229.64,851.04,,,,"     ",3.60,1135.59,1.33
532,444721902,"00532M12:49:35.730","00532 13:02:42",229.60,851.02,,,,"     ",3.60,1138.19,1.33
532,444721903,"00532M12:49:36.703","00532 13:02:43",229.56,851.04,,,,"     ",3.60,1135.64,1.33
532,444721904,"00532M12:49:37.677","00532 13:02:44",229.52,851.05,,,,"     ",3.60,1123.09,1.31
532,444721905,"00532M12:49:38.650","00532 13:02:45",229.49,851.08,,,,"     ",3.60,1130.15,1.32
532,444721906,"00532M12:49:39.623","00532 13:02:46",229.46,851.06,,,,"     ",3.60,1130.17,1.32
532,444721907,"00532M12:49:40.596","00532 13:02:47",229.45,851.12,,,,"     ",3.60,1125.54,1.32
532,444721908,"00532M12:49:41.570","00532 13:02:47",229.45,851.06,,,,"     ",3.60,1136.93,1.33
532,444721909,"00532M12:49:42.543","00532 13:02:48",229.46,851.05,,,,"     ",3.60,1120.98,1.32
532,444721910,"00532M12:49:43.516","00532 13:02:49",229.47,851.08,,,,"     ",3.60,1126.25,1.32
532,444721911,"00532M12:49:44.489","00532 13:02:50",229.50,851.11,,,,"     ",3.60,1129.47,1.33
532,444721912,"00532M12:49:45.463","00532 13:02:51",229.54,851.08,,,,"     ",3.60,1133.53,1.33
532,444721913,"00532M12:49:46.436","00532 13:02:52",229.58,851.09,,,,"     ",3.60,1128.43,1.33
532,444721914,"00532M12:49:47.409","00532 13:02:53",229.63,851.08,,,,"     ",3.60,1120.75,1.32
532,444721915,"00532M12:49:48.382","00532 13:02:54",229.67,851.09,,,,"     ",3.60,1118.43,1.32
532,444721916,"00532M12:49:49.356","00532 13:02:55",229.71,851.06,,,,"     ",3.60,1117.34,1.32
532,444721917,"00532M12:49:50.329","00532 13:02:56",229.74,851.02,,,,"     ",3.60,1129.53,1.33
532,444721918,"00532M12:49:51.302","00532 13:02:57",229.77,851.03,,,,"     ",3.60,1131.29,1.33
532,444721919,"00532M12:49:52.275","00532 13:02:58",229.81,851.00,,,,"     ",3.60,1139.48,1.35
532,444721920,"00532M12:49:53.249","00532 13:02:59",229.85,851.12,,,,"     ",3.60,1133.45,1.34
532,444721921,"00532M12:49:54.222","00532 13:03:00",229.88,851.02,,,,"     ",3.60,1138.38,1.35
532,444721922,"00532M12:49:55.195","00532 13:03:01",229.93,851.03,,,,"     ",3.60,1130.66,1.34
532,444721923,"00532M12:49:56.168","00532 13:03:02",229.97,851.07,,,,"     ",3.60,1123.77,1.33
532,444721924,"00532M12:49:57.142","00532 13:03:03",230.01,850.97,,,,"     ",3.60,1130.46,1.34
532,444721925,"00532M12:49:58.115","00532 13:03:04",230.07,851.05,,,,"     ",3.60,1119.38,1.32
532,444721926,"00532M12:49:59.088","00532 13:03:05",230.14,850.99,,,,"     ",3.60,1122.76,1.33
532,444721927,"00532M12:50:00.061","00532 13:03:06",230.20,851.03,,,,"     ",3.60,1123.28,1.33
532,444721928,"00532M12:50:01.035","00532 13:03:07",230.30,851.06,,,,"     ",3.60,1131.44,1.34
532,444721929,"00532M12:50:02.008","00532 13:03:08",230.41,850.99,,,,"     ",3.60,1123.90,1.33
532,444721930,"00532M12:50:02.981","00532 13:03:09",230.53,850.98,,,,"     ",3.60,1121.43,1.33
532,444721931,"00532M12:50:03.954","00532 13:03:10",230.66,850.97,,,,"     ",3.60,1125.07,1.33
532,444721932,"00532M12:50:04.928","00532 13:03:11",230.79,851.00,,,,"     ",3.60,1128.12,1.33
532,444721933,"00532M12:50:05.901","00532 13:03:12",230.91,850.96,,,,"     ",3.60,1127.02,1.33
532,444721934,"00532M12:50:06.874","00532 13:03:13",231.03,851.03,,,,"     ",3.60,1123.66,1.33
532,444721935,"00532M12:50:07.847","00532 13:03:14",231.14,851.04,,,,"     ",3.60,1124.55,1.33
532,444721936,"00532M12:50:08.821","00532 13:03:15",231.22,850.96,,,,"     ",3.60,1123.62,1.33
532,444721937,"00532M12:50:09.794","00532 13:03:16",231.28,850.93,,,,"     ",3.60,1134.89,1.34
532,444721938,"00532M12:50:10.767","00532 13:03:17",231.32,850.90,,,,"     ",3.60,1121.54,1.33
532,444721939,"00532M12:50:11.741","00532 13:03:18",231.35,850.98,,,,"     ",3.60,1138.97,1.35
532,444721940,"00532M12:50:12.714","00532 13:03:19",231.35,851.01,,,,"     ",3.60,1125.97,1.33
532,444721941,"00532M12:50:13.687","00532 13:03:20",231.34,851.01,,,,"     ",3.60,1111.95,1.31
532,444721942,"00532M12:50:14.660","00532 13:03:21",231.33,851.06,,,,"     ",3.60,1124.60,1.33
532,444721943,"00532M12:50:15.634","00532 13:03:22",231.31,851.06,,,,"     ",3.60,1120.04,1.32
532,444721944,"00532M12:50:16.607","00532 13:03:23",231.29,850.94,,,,"     ",3.60,1120.73,1.32
532,444721945,"00532M12:50:17.580","00532 13:03:24",231.28,850.96,,,,"     ",3.60,1117.06,1.32
532,444721946,"00532M12:50:18.553","00532 13:03:24",231.29,851.00,,,,"     ",3.60,1131.49,1.34
532,444721947,"00532M12:50:19.527","00532 13:03:25",231.32,850.94,,,,"     ",3.60,1120.81,1.33
532,444721948,"00532M12:50:20.500","00532 13:03:26",231.36,850.96,,,,"     ",3.60,1113.97,1.32
532,444721949,"00532M12:50:21.473","00532 13:03:27",231.42,850.93,,,,"     ",3.60,1111.95,1.31
532,444721950,"00532M12:50:22.446","00532 13:03:28",231.49,850.94,,,,"     ",3.60,1128.64,1.34
532,444721951,"00532M12:50:23.420","00532 13:03:29",231.56,851.01,,,,"     ",3.60,1130.78,1.34
532,444721952,"00532M12:50:24.393","00532 13:03:30",231.62,850.94,,,,"     ",3.60,1126.92,1.33
532,444721953,"00532M12:50:25.366","00532 13:03:31",231.66,850.95,,,,"     ",3.60,1122.24,1.33
532,444721954,"00532M12:50:26.339","00532 13:03:32",231.66,850.87,,,,"     ",3.60,1126.44,1.33
532,444721955,"00532M12:50:27.313","00532 13:03:33",231.64,851.00,,,,"     ",3.60,1135.74,1.34
532,444721956,"00532M12:50:28.286","00532 13:03:34",231.62,851.00,,,,"     ",3.60,1138.10,1.35
532,444721957,"00532M12:50:29.259","00532 13:03:35",231.61,851.02,,,,"     ",3.60,1122.53,1.33
532,444721958,"00532M12:50:30.232","00532 13:03:36",231.59,851.01,,,,"     ",3.60,1122.95,1.33
532,444721959,"00532M12:50:31.206","00532 13:03:37",231.56,851.00,,,,"     ",3.60,1115.90,1.32
532,444721960,"00532M12:50:32.179","00532 13:03:38",231.53,851.02,,,,"     ",3.60,1133.04,1.34
532,444721961,"00532M12:50:33.152","00532 13:03:39",231.50,850.95,,,,"     ",3.60,1123.75,1.33
532,444721962,"00532M12:50:34.125","00532 13:03:40",231.47,850.92,,,,"     ",3.60,1138.92,1.35
532,444721963,"00532M12:50:35.099","00532 13:03:41",231.43,850.97,,,,"     ",3.60,1116.26,1.32
532,444721964,"00532M12:50:36.072","00532 13:03:42",231.38,850.92,,,,"     ",3.60,1130.25,1.34
532,444721965,"00532M12:50:37.045","00532 13:03:43",231.34,850.94,,,,"     ",3.60,1135.32,1.34
532,444721966,"00532M12:50:38.018","00532 13:03:44",231.29,850.97,,,,"     ",3.60,1119.89,1.32
532,444721967,"00532M12:50:38.992","00532 13:03:45",231.24,850.88,,,,"     ",3.60,1113.47,1.31
532,444721968,"00532M12:50:39.965","00532 13:03:46",231.76,850.87,5.16,,255.99,"  101110",3.60,1127.09,1.33
532,444721969,"00532M12:50:40.938","00532 13:03:47",231.76,850.85,,,,"     ",3.60,1109.31,1.31
532,444721970,"00532M12:50:41.911","00532 13:03:48",231.78,850.92,,,,"     ",3.60,1119.53,1.32
532,444721971,"00532M12:50:42.885","00532 13:03:49",231.79,850.88,,,,"     ",3.60,1125.22,1.33
532,444721972,"00532M12:50:43.858","00532 13:03:50",231.80,850.88,,,,"     ",3.60,1131.03,1.33
532,444721973,"00532M12:50:44.831","00532 13:03:51",231.82,850.85,,,,"     ",3.60,1113.56,1.31
532,444721974,"00532M12:50:45.804","00532 13:03:52",231.85,850.86,,,,"     ",3.60,1119.96,1.32
532,444721975,"00532M12:50:46.778","00532 13:03:53",231.87,850.91,,,,"     ",3.60,1132.12,1.33
532,444721976,"00532M12:50:47.751","00532 13:03:54",231.90,850.98,,,,"     ",3.60,1123.47,1.32
532,444721977,"00532M12:50:48.724","00532 13:03:55",231.93,850.94,,,,"     ",3.60,1115.88,1.31
532,444721978,"00532M12:50:49.697","00532 13:03:56",231.97,850.85,,,,"     ",3.60,1116.43,1.31
532,444721979,"00532M12:50:50.671","00532 13:03:57",232.00,850.91,,,,"     ",3.60,1123.02,1.32
532,444721980,"00532M12:50:51.644","00532 13:03:58",232.04,850.85,,,,"     ",3.60,1130.07,1.33
532,444721981,"00532M12:50:52.617","00532 13:03:59",232.09,850.80,,,,"     ",3.60,1130.22,1.33
532,444721982,"00532M12:50:53.590","00532 13:04:00",232.15,850.72,,,,"     ",3.60,1138.45,1.34
532,444721983,"00532M12:50:54.564","00532 13:04:00",232.19,850.83,,,,"     ",3.60,1126.56,1.32
532,444721984,"00532M12:50:55.537","00532 13:04:01",232.23,850.80,,,,"     ",3.60,1136.57,1.33
532,444721985,"00532M12:50:56.510","00532 13:04:02",232.25,850.85,,,,"     ",3.60,1141.33,1.34
532,444721986,"00532M12:50:57.483","00532 13:04:03",232.27,850.83,,,,"     ",3.60,1138.53,1.33
532,444721987,"00532M12:50:58.457","00532 13:04:04",232.29,850.87,,,,"     ",3.60,1130.73,1.32
532,444721988,"00532M12:50:59.430","00532 13:04:05",232.31,850.87,,,,"     ",3.60,1139.50,1.33
532,444721989,"00532M12:51:00.403","00532 13:04:06",232.34,850.82,,,,"     ",3.60,1137.95,1.33
532,444721990,"00532M12:51:01.376","00532 13:04:07",232.38,850.79,,,,"     ",3.60,1116.97,1.31
532,444721991,"00532M12:51:02.350","00532 13:04:08",232.44,850.84,,,,"     ",3.60,1138.44,1.33
532,444721992,"00532M12:51:03.323","00532 13:04:09",232.50,850.83,,,,"     ",3.60,1131.38,1.32
532,444721993,"00532M12:51:04.296","00532 13:04:10",232.58,850.81,,,,"     ",3.60,1145.71,1.34
532,444721994,"00532M12:51:05.269","00532 13:04:11",232.68,850.87,,,,"     ",3.60,1139.79,1.33
532,444721995,"00532M12:51:06.243","00532 13:04:12",232.77,850.82,,,,"     ",3.60,1122.12,1.31
532,444721996,"00532M12:51:07.216","00532 13:04:13",232.88,850.86,,,,"     ",3.60,1142.37,1.33
532,444721997,"00532M12:51:08.189","00532 13:04:14",232.97,850.77,,,,"     ",3.60,1134.84,1.32
532,444721998,"00532M12:51:09.162","00532 13:04:15",233.06,850.74,,,,"     ",3.60,1142.70,1.33
532,444721999,"00532M12:51:10.136","00532 13:04:16",233.14,850.75,,,,"     ",3.60,1144.92,1.33
532,444722000,"00532M12:51:11.109","00532 13:04:17",233.21,850.81,,,,"     ",3.60,1143.78,1.33
532,444722001,"00532M12:51:12.082","00532 13:04:18",233.26,850.72,,,,"     ",3.60,1138.48,1.32
532,444722002,"00532M12:51:13.055","00532 13:04:19",233.31,850.77,,,,"     ",3.60,1140.45,1.32
532,444722003,"00532M12:51:14.029","00532 13:04:20",233.34,850.78,,,,"     ",3.60,1138.68,1.32
532,444722004,"00532M12:51:15.002","00532 13:04:21",233.36,850.81,,,,"     ",3.60,1135.14,1.32
532,444722005,"00532M12:51:15.975","00532 13:04:22",233.38,850.81,,,,"     ",3.60,1149.04,1.33
532,444722006,"00532M12:51:16.948","00532 13:04:23",233.39,850.80,,,,"     ",3.60,1134.14,1.31
532,444722007,"00532M12:51:17.922","00532 13:04:24",233.40,850.86,,,,"     ",3.60,1130.35,1.31
532,444722008,"00532M12:51:18.895","00532 13:04:25",233.42,850.80,,,,"     ",3.60,1141.74,1.32
532,444722009,"00532M12:51:19.868","00532 13:04:26",233.45,850.84,,,,"     ",3.60,1147.74,1.33
532,444722010,"00532M12:51:20.841","00532 13:04:27",233.47,850.86,,,,"     ",3.60,1134.58,1.31
532,444722011,"00532M12:51:21.815","00532 13:04:28",233.52,850.83,,,,"     ",3.60,1144.56,1.32
532,444722012,"00532M12:51:22.788","00532 13:04:29",233.57,850.87,,,,"     ",3.60,1136.40,1.31
532,444722013,"00532M12:51:23.761","00532 13:04:30",233.62,850.85,,,,"     ",3.60,1146.09,1.32
532,444722014,"00532M12:51:24.735","00532 13:04:31",233.68,850.89,,,,"     ",3.60,1142.33,1.31
532,444722015,"00532M12:51:25.708","00532 13:04:32",233.73,850.77,,,,"     ",3.60,1156.99,1.33
532,444722016,"00532M12:51:26.681","00532 13:04:33",233.78,850.80,,,,"     ",3.60,1142.98,1.31
532,444722017,"00532M12:51:27.654","00532 13:04:34",233.82,850.80,,,,"     ",3.60,1153.21,1.32
532,444722018,"00532M12:51:28.628","00532 13:04:35",233.86,850.80,,,,"     ",3.60,1143.35,1.31
532,444722019,"00532M12:51:29.601","00532 13:04:36",233.88,850.70,,,,"     ",3.60,1143.08,1.31
532,444722020,"00532M12:51:30.574","00532 13:04:37",233.89,850.70,,,,"     ",3.60,1150.27,1.32
532,444722021,"00532M12:51:31.547","00532 13:04:37",233.87,850.76,,,,"     ",3.60,1151.68,1.32
532,444722022,"00532M12:51:32.521","00532 13:04:38",233.84,850.73,,,,"     ",3.60,1138.11,1.30
532,444722023,"00532M12:51:33.494","00532 13:04:39",233.78,850.76,,,,"     ",3.60,1145.36,1.31
532,444722024,"00532M12:51:34.467","00532 13:04:40",233.72,850.73,,,,"     ",3.60,1147.39,1.31
532,444722025,"00532M12:51:35.440","00532 13:04:41",233.66,850.74,,,,"     ",3.60,1147.88,1.31
532,444722026,"00532M12:51:36.414","00532 13:04:42",233.58,850.79,,,,"     ",3.60,1150.39,1.31
532,444722027,"00532M12:51:37.387","00532 13:04:43",233.51,850.77,,,,"     ",3.60,1148.99,1.31
532,444722028,"00532M12:51:38.360","00532 13:04:44",233.45,850.74,,,,"     ",3.60,1142.51,1.30
532,444722029,"00532M12:51:39.333","00532 13:04:45",233.38,850.75,,,,"     ",3.60,1137.31,1.30
532,444722030,"00532M12:51:40.307","00532 13:04:46",233.32,850.74,,,,"     ",3.60,1149.51,1.31
532,444722031,"00532M12:51:41.280","00532 13:04:47",233.26,850.73,,,,"     ",3.60,1125.35,1.28
532,444722032,"00532M12:51:42.253","00532 13:04:48",233.20,850.73,,,,"     ",3.60,1145.11,1.31
532,444722033,"00532M12:51:43.226","00532 13:04:49",233.14,850.72,,,,"     ",3.60,1144.83,1.31
532,444722034,"00532M12:51:44.200","00532 13:04:50",233.08,850.75,,,,"     ",3.60,1139.85,1.30
532,444722035,"00532M12:51:45.173","00532 13:04:51",233.02,850.84,,,,"     ",3.60,1159.05,1.32
532,444722036,"00532M12:51:46.146","00532 13:04:52",232.96,850.78,,,,"     ",3.60,1142.79,1.30
532,444722037,"00532M12:51:47.119","00532 13:04:53",232.90,850.79,,,,"     ",3.60,1152.37,1.32
532,444722038,"00532M12:51:48.093","00532 13:04:54",232.84,850.80,,,,"     ",3.60,1152.02,1.32
532,444722039,"00532M12:51:49.066","00532 13:04:55",232.79,850.76,,,,"     ",3.60,1142.80,1.31
532,444722040,"00532M12:51:50.039","00532 13:04:56",232.74,850.72,,,,"     ",3.60,1147.93,1.31
532,444722041,"00532M12:51:51.012","00532 13:04:57",232.70,850.77,,,,"     ",3.60,1148.88,1.31
532,444722042,"00532M12:51:51.986","00532 13:04:58",232.66,850.69,,,,"     ",3.60,1139.38,1.30
532,444722043,"00532M12:51:52.959","00532 13:04:59",232.63,850.72,,,,"     ",3.60,1144.99,1.31
532,444722044,"00532M12:51:53.932","00532 13:05:00",232.61,850.75,,,,"     ",3.60,1152.39,1.32
532,444722045,"00532M12:51:54.905","00532 13:05:01",232.59,850.71,,,,"     ",3.60,1135.63,1.30
532,444722046,"00532M12:51:55.879","00532 13:05:02",232.58,850.72,,,,"     ",3.60,1141.81,1.31
532,444722047,"00532M12:51:56.852","00532 13:05:03",232.56,850.82,,,,"     ",3.60,1135.86,1.30
532,444722048,"00532M12:51:57.825","00532 13:05:04",232.54,850.74,,,,"     ",3.60,1152.82,1.32
532,444722049,"00532M12:51:58.798","00532 13:05:05",232.52,850.73,,,,"     ",3.60,1131.40,1.30
532,444722050,"00532M12:51:59.772","00532 13:05:06",232.50,850.73,,,,"     ",3.60,1154.66,1.33
532,444722051,"00532M12:52:00.745","00532 13:05:07",232.47,850.66,,,,"     ",3.60,1129.88,1.30
532,444722052,"00532M12:52:01.718","00532 13:05:08",232.43,850.76,,,,"     ",3.60,1141.75,1.31
532,444722053,"00532M12:52:02.691","00532 13:05:09",232.39,850.72,,,,"     ",3.60,1135.10,1.30
532,444722054,"00532M12:52:03.665","00532 13:05:10",232.34,850.63,,,,"     ",3.60,1151.88,1.32
532,444722055,"00532M12:52:04.638","00532 13:05:11",232.29,850.72,,,,"     ",3.60,1143.16,1.31
532,444722056,"00532M12:52:05.611","00532 13:05:12",232.24,850.71,,,,"     ",3.60,1131.69,1.30
532,444722057,"00532M12:52:06.584","00532 13:05:13",232.19,850.70,,,,"     ",3.60,1146.37,1.32
532,444722058,"00532M12:52:07.558","00532 13:05:13",232.14,850.67,,,,"     ",3.60,1129.43,1.30
532,444722059,"00532M12:52:08.531","00532 13:05:14",232.10,850.64,,,,"     ",3.60,1144.83,1.32
532,444722060,"00532M12:52:09.504","00532 13:05:15",232.07,850.67,,,,"     ",3.60,1138.24,1.31
532,444722061,"00532M12:52:10.477","00532 13:05:16",232.03,850.74,,,,"     ",3.60,1129.54,1.30
532,444722062,"00532M12:52:11.451","00532 13:05:17",232.01,850.71,,,,"     ",3.60,1134.03,1.31
532,444722063,"00532M12:52:12.424","00532 13:05:18",231.99,850.69,,,,"     ",3.60,1127.75,1.30
532,444722064,"00532M12:52:13.397","00532 13:05:19",231.97,850.70,,,,"     ",3.60,1140.70,1.32
532,444722065,"00532M12:52:14.370","00532 13:05:20",231.95,850.73,,,,"     ",3.60,1136.32,1.31
532,444722066,"00532M12:52:15.344","00532 13:05:21",231.94,850.71,,,,"     ",3.60,1136.74,1.31
532,444722067,"00532M12:52:16.317","00532 13:05:22",231.94,850.76,,,,"     ",3.60,1127.43,1.30
532,444722068,"00532M12:52:17.290","00532 13:05:23",231.93,850.69,,,,"     ",3.60,1128.34,1.31
532,444722069,"00532M12:52:18.263","00532 13:05:24",231.93,850.73,,,,"     ",3.60,1121.12,1.30
532,444722070,"00532M12:52:19.237","00532 13:05:25",231.92,850.62,,,,"     ",3.60,1136.41,1.32
532,444722071,"00532M12:52:20.210","00532 13:05:26",231.91,850.73,,,,"     ",3.60,1131.60,1.31
532,444722072,"00532M12:52:21.183","00532 13:05:27",231.91,850.65,,,,"     ",3.60,1131.93,1.31
532,444722073,"00532M12:52:22.156","00532 13:05:28",231.90,850.66,,,,"     ",3.60,1131.32,1.31
532,444722074,"00532M12:52:23.130","00532 13:05:29",231.89,850.69,,,,"     ",3.60,1146.54,1.33
532,444722075,"00532M12:52:24.103","00532 13:05:30",231.88,850.70,,,,"     ",3.60,1118.68,1.30
532,444722076,"00532M12:52:25.076","00532 13:05:31",231.86,850.56,,,,"     ",3.60,1125.82,1.31
532,444722077,"00532M12:52:26.049","00532 13:05:32",231.84,850.56,,,,"     ",3.60,1111.49,1.29
532,444722078,"00532M12:52:27.023","00532 13:05:33",231.82,850.63,,,,"     ",3.60,1133.57,1.32
532,444722079,"00532M12:52:27.996","00532 13:05:34",231.80,850.60,,,,"     ",3.60,1127.17,1.31
532,444722080,"00532M12:52:28.969","00532 13:05:35",231.80,850.64,,,,"     ",3.60,1125.87,1.31
532,444722081,"00532M12:52:29.942","00532 13:05:36",231.80,850.68,,,,"     ",3.60,1133.70,1.32
532,444722082,"00532M12:52:30.916","00532 13:05:37",231.81,850.66,,,,"     ",3.60,1122.38,1.31
532,444722083,"00532M12:52:31.889","00532 13:05:38",231.82,850.61,,,,"     ",3.60,1120.68,1.30
532,444722084,"00532M12:52:32.862","00532 13:05:39",231.82,850.60,,,,"     ",3.60,1129.96,1.32
532,444722085,"00532M12:52:33.836","00532 13:05:40",231.82,850.62,,,,"     ",3.60,1116.23,1.30
532,444722086,"00532M12:52:34.809","00532 13:05:41",231.82,850.68,,,,"     ",3.60,1134.91,1.32
532,444722087,"00532M12:52:35.782","00532 13:05:42",231.82,850.62,,,,"     ",3.60,1124.92,1.31
532,444722088,"00532M12:52:36.755","00532 13:05:43",231.84,850.67,,,,"     ",3.60,1123.32,1.31
532,444722089,"00532M12:52:37.729","00532 13:05:44",231.85,850.71,,,,"     ",3.60,1128.57,1.32
532,444722090,"00532M12:52:38.702","00532 13:05:45",231.87,850.67,,,,"     ",3.60,1137.91,1.33
532,444722091,"00532M12:52:39.675","00532 13:05:46",231.90,850.70,,,,"     ",3.60,1130.75,1.32
532,444722092,"00532M12:52:40.648","00532 13:05:47",231.93,850.64,,,,"     ",3.60,1121.04,1.31
532,444722093,"00532M12:52:41.622","00532 13:05:48",231.97,850.66,,,,"     ",3.60,1121.88,1.31
532,444722094,"00532M12:52:42.595","00532 13:05:49",232.01,850.63,,,,"     ",3.60,1130.11,1.32
532,444722095,"00532M12:52:43.568","00532 13:05:50",232.06,850.69,,,,"     ",3.60,1122.64,1.31
532,444722096,"00532M12:52:44.541","00532 13:05:50",232.10,850.60,,,,"     ",3.60,1123.38,1.31
532,444722097,"00532M12:52:45.515","00532 13:05:51",232.15,850.68,,,,"     ",3.60,1116.64,1.30
532,444722098,"00532M12:52:46.488","00532 13:05:52",232.21,850.56,,,,"     ",3.60,1126.96,1.32
532,444722099,"00532M12:52:47.461","00532 13:05:53",232.27,850.62,,,,"     ",3.60,1124.70,1.31
532,444722100,"00532M12:52:48.434","00532 13:05:54",232.32,850.59,,,,"     ",3.60,1131.15,1.32
532,444722101,"00532M12:52:49.408","00532 13:05:55",232.36,850.64,,,,"     ",3.60,1124.24,1.31
532,444722102,"00532M12:52:50.381","00532 13:05:56",232.38,850.63,,,,"     ",3.60,1123.40,1.31
532,444722103,"00532M12:52:51.354","00532 13:05:57",232.40,850.53,,,,"     ",3.60,1125.53,1.31
532,444722104,"00532M12:52:52.327","00532 13:05:58",232.42,850.53,,,,"     ",3.60,1119.76,1.31
532,444722105,"00532M12:52:53.301","00532 13:05:59",232.43,850.60,,,,"     ",3.60,1128.43,1.32
532,444722106,"00532M12:52:54.274","00532 13:06:00",232.46,850.51,,,,"     ",3.60,1110.77,1.30
532,444722107,"00532M12:52:55.247","00532 13:06:01",232.49,850.51,,,,"     ",3.60,1138.52,1.33
532,444722108,"00532M12:52:56.220","00532 13:06:02",232.52,850.57,,,,"     ",3.60,1134.67,1.32
532,444722109,"00532M12:52:57.194","00532 13:06:03",232.56,850.56,,,,"     ",3.60,1121.48,1.31
532,444722110,"00532M12:52:58.167","00532 13:06:04",232.60,850.61,,,,"     ",3.60,1135.59,1.33
532,444722111,"00532M12:52:59.140","00532 13:06:05",232.64,850.68,,,,"     ",3.60,1121.00,1.31
532,444722112,"00532M12:53:00.113","00532 13:06:06",232.69,850.66,,,,"     ",3.60,1128.97,1.32
532,444722113,"00532M12:53:01.087","00532 13:06:07",232.73,850.64,,,,"     ",3.60,1133.01,1.32
532,444722114,"00532M12:53:02.060","00532 13:06:08",232.77,850.59,,,,"     ",3.60,1124.71,1.31
532,444722115,"00532M12:53:03.033","00532 13:06:09",232.80,850.66,,,,"     ",3.60,1123.63,1.31
532,444722116,"00532M12:53:04.006","00532 13:06:10",232.82,850.59,,,,"     ",3.60,1131.22,1.32
532,444722117,"00532M12:53:04.980","00532 13:06:11",232.85,850.59,,,,"     ",3.60,1130.48,1.32
532,444722118,"00532M12:53:05.953","00532 13:06:12",232.87,850.65,,,,"     ",3.60,1122.86,1.31
532,444722119,"00532M12:53:06.926","00532 13:06:13",232.89,850.59,,,,"     ",3.60,1136.09,1.32
532,444722120,"00532M12:53:07.899","00532 13:06:14",232.91,850.60,,,,"     ",3.60,1130.10,1.32
532,444722121,"00532M12:53:08.873","00532 13:06:15",232.93,850.64,,,,"     ",3.60,1134.52,1.32
532,444722122,"00532M12:53:09.846","00532 13:06:16",232.96,850.58,,,,"     ",3.60,1124.34,1.31
532,444722123,"00532M12:53:10.819","00532 13:06:17",233.02,850.58,,,,"     ",3.60,1109.38,1.29
532,444722124,"00532M12:53:11.792","00532 13:06:18",233.07,850.58,,,,"     ",3.60,1133.00,1.32
532,444722125,"00532M12:53:12.766","00532 13:06:19",233.14,850.54,,,,"     ",3.60,1117.20,1.30
532,444722126,"00532M12:53:13.739","00532 13:06:20",233.21,850.53,,,,"     ",3.60,1121.68,1.30
532,444722127,"00532M12:53:14.712","00532 13:06:21",233.28,850.55,,,,"     ",3.60,1134.02,1.32
532,444722128,"00532M12:53:15.685","00532 13:06:22",233.32,850.53,,,,"     ",3.60,1138.53,1.32
532,444722129,"00532M12:53:16.659","00532 13:06:23",233.36,850.58,,,,"     ",3.60,1144.60,1.33
532,444722130,"00532M12:53:17.632","00532 13:06:24",233.39,850.64,,,,"     ",3.60,1135.37,1.32
532,444722131,"00532M12:53:18.605","00532 13:06:25",233.39,850.53,,,,"     ",3.60,1134.51,1.32
532,444722132,"00532M12:53:19.578","00532 13:06:26",233.38,850.57,,,,"     ",3.60,1133.54,1.31
532,444722133,"00532M12:53:20.552","00532 13:06:26",233.36,850.55,,,,"     ",3.60,1142.83,1.32
532,444722134,"00532M12:53:21.525","00532 13:06:27",233.34,850.56,,,,"     ",3.60,1117.38,1.29
532,444722135,"00532M12:53:22.498","00532 13:06:28",233.31,850.49,,,,"     ",3.60,1135.61,1.31
532,444722136,"00532M12:53:23.471","00532 13:06:29",233.26,850.53,,,,"     ",3.60,1129.70,1.31
532,444722137,"00532M12:53:24.445","00532 13:06:30",233.22,850.55,,,,"     ",3.60,1139.42,1.32
532,444722138,"00532M12:53:25.418","00532 13:06:31",233.17,850.54,,,,"     ",3.60,1136.10,1.31
532,444722139,"00532M12:53:26.391","00532 13:06:32",233.13,850.54,,,,"     ",3.60,1137.82,1.31
532,444722140,"00532M12:53:27.364","00532 13:06:33",233.08,850.53,,,,"     ",3.60,1129.97,1.30
532,444722141,"00532M12:53:28.338","00532 13:06:34",233.03,850.59,,,,"     ",3.60,1131.98,1.30
532,444722142,"00532M12:53:29.311","00532 13:06:35",233.00,850.56,,,,"     ",3.60,1148.25,1.32
532,444722143,"00532M12:53:30.284","00532 13:06:36",232.97,850.57,,,,"     ",3.60,1133.38,1.31
532,444722144,"00532M12:53:31.257","00532 13:06:37",232.96,850.56,,,,"     ",3.60,1125.03,1.29
532,444722145,"00532M12:53:32.231","00532 13:06:38",232.94,850.52,,,,"     ",3.60,1132.41,1.30
532,444722146,"00532M12:53:33.204","00532 13:06:39",232.93,850.58,,,,"     ",3.60,1136.86,1.31
532,444722147,"00532M12:53:34.177","00532 13:06:40",232.92,850.51,,,,"     ",3.60,1145.16,1.32
532,444722148,"00532M12:53:35.150","00532 13:06:41",232.93,850.59,,,,"     ",3.60,1129.03,1.30
532,444722149,"00532M12:53:36.124","00532 13:06:42",232.93,850.51,,,,"     ",3.60,1138.42,1.31
532,444722150,"00532M12:53:37.097","00532 13:06:43",232.93,850.53,,,,"     ",3.60,1146.28,1.32
532,444722151,"00532M12:53:38.070","00532 13:06:44",232.94,850.39,,,,"     ",3.60,1137.65,1.31
532,444722152,"00532M12:53:39.043","00532 13:06:45",232.96,850.55,,,,"     ",3.60,1146.58,1.32
532,444722153,"00532M12:53:40.017","00532 13:06:46",232.98,850.49,,,,"     ",3.60,1139.48,1.31
532,444722154,"00532M12:53:40.990","00532 13:06:47",233.01,850.37,,,,"     ",3.60,1128.76,1.29
532,444722155,"00532M12:53:41.963","00532 13:06:48",233.05,850.49,,,,"     ",3.60,1151.72,1.32
532,444722156,"00532M12:53:42.937","00532 13:06:49",233.09,850.50,,,,"     ",3.60,1150.84,1.32
532,444722157,"00532M12:53:43.910","00532 13:06:50",233.14,850.49,,,,"     ",3.60,1143.08,1.31
532,444722158,"00532M12:53:44.883","00532 13:06:51",233.18,850.51,,,,"     ",3.60,1145.73,1.31
532,444722159,"00532M12:53:45.856","00532 13:06:52",233.24,850.50,,,,"     ",3.60,1135.95,1.30
532,444722160,"00532M12:53:46.830","00532 13:06:53",233.30,850.44,,,,"     ",3.60,1124.84,1.29
532,444722161,"00532M12:53:47.803","00532 13:06:54",233.37,850.43,,,,"     ",3.60,1141.16,1.30
532,444722162,"00532M12:53:48.776","00532 13:06:55",233.45,850.46,,,,"     ",3.60,1144.66,1.31
532,444722163,"00532M12:53:49.749","00532 13:06:56",233.56,850.45,,,,"     ",3.60,1152.53,1.32
532,444722164,"00532M12:53:50.723","00532 13:06:57",233.69,850.46,,,,"     ",3.60,1143.37,1.30
532,444722165,"00532M12:53:51.696","00532 13:06:58",233.85,850.43,,,,"     ",3.60,1153.91,1.32
532,444722166,"00532M12:53:52.669","00532 13:06:59",234.01,850.41,,,,"     ",3.60,1153.48,1.31
532,444722167,"00532M12:53:53.642","00532 13:07:00",234.20,850.48,,,,"     ",3.60,1144.50,1.30
532,444722168,"00532M12:53:54.616","00532 13:07:01",234.38,850.47,,,,"     ",3.60,1152.85,1.31
532,444722169,"00532M12:53:55.589","00532 13:07:02",234.56,850.57,,,,"     ",3.60,1163.58,1.32
532,444722170,"00532M12:53:56.562","00532 13:07:03",234.74,850.48,,,,"     ",3.60,1159.03,1.32
532,444722171,"00532M12:53:57.535","00532 13:07:03",234.92,850.44,,,,"     ",3.60,1148.46,1.31
532,444722172,"00532M12:53:58.509","00532 13:07:04",235.10,850.49,,,,"     ",3.60,1164.24,1.32
532,444722173,"00532M12:53:59.482","00532 13:07:05",235.30,850.43,,,,"     ",3.60,1158.58,1.32
532,444722174,"00532M12:54:00.455","00532 13:07:06",235.48,850.47,,,,"     ",3.60,1152.28,1.31
532,444722175,"00532M12:54:01.428","00532 13:07:07",235.66,850.33,,,,"     ",3.60,1158.59,1.31
532,444722176,"00532M12:54:02.402","00532 13:07:08",235.83,850.41,,,,"     ",3.60,1155.15,1.31
532,444722177,"00532M12:54:03.375","00532 13:07:09",236.00,850.41,,,,"     ",3.60,1145.62,1.30
532,444722178,"00532M12:54:04.348","00532 13:07:10",236.15,850.39,,,,"     ",3.60,1151.53,1.30
532,444722179,"00532M12:54:05.321","00532 13:07:11",236.31,850.44,,,,"     ",3.60,1154.45,1.31
532,444722180,"00532M12:54:06.295","00532 13:07:12",236.48,850.43,,,,"     ",3.60,1150.48,1.30
532,444722181,"00532M12:54:07.268","00532 13:07:13",236.64,850.38,,,,"     ",3.60,1156.18,1.31
532,444722182,"00532M12:54:08.241","00532 13:07:14",236.83,850.49,,,,"     ",3.60,1147.55,1.30
532,444722183,"00532M12:54:09.214","00532 13:07:15",237.02,850.35,,,,"     ",3.60,1158.27,1.31
532,444722184,"00532M12:54:10.188","00532 13:07:16",237.22,850.39,,,,"     ",3.60,1161.79,1.31
532,444722185,"00532M12:54:11.161","00532 13:07:17",237.42,850.39,,,,"     ",3.60,1161.96,1.31
532,444722186,"00532M12:54:12.134","00532 13:07:18",237.61,850.34,,,,"     ",3.60,1162.73,1.31
532,444722187,"00532M12:54:13.107","00532 13:07:19",237.80,850.38,,,,"     ",3.60,1164.42,1.31
532,444722188,"00532M12:54:14.081","00532 13:07:20",237.96,850.46,,,,"     ",3.60,1170.60,1.32
532,444722189,"00532M12:54:15.054","00532 13:07:21",238.12,850.38,,,,"     ",3.60,1163.07,1.31
532,444722190,"00532M12:54:16.027","00532 13:07:22",238.26,850.46,,,,"     ",3.60,1154.47,1.30
532,444722191,"00532M12:54:17.000","00532 13:07:23",238.39,850.51,,,,"     ",3.60,1174.02,1.32
532,444722192,"00532M12:54:17.974","00532 13:07:24",238.48,850.49,,,,"     ",3.60,1163.94,1.31
532,444722193,"00532M12:54:18.947","00532 13:07:25",238.55,850.41,,,,"     ",3.60,1147.87,1.29
532,444722194,"00532M12:54:19.920","00532 13:07:26",238.58,850.47,,,,"     ",3.60,1164.86,1.31
532,444722195,"00532M12:54:20.893","00532 13:07:27",238.60,850.41,,,,"     ",3.60,1172.76,1.31
532,444722196,"00532M12:54:21.867","00532 13:07:28",238.60,850.41,,,,"     ",3.60,1177.81,1.32
532,444722197,"00532M12:54:22.840","00532 13:07:29",238.60,850.37,,,,"     ",3.60,1166.84,1.31
532,444722198,"00532M12:54:23.813","00532 13:07:30",238.59,850.43,,,,"     ",3.60,1179.38,1.32
532,444722199,"00532M12:54:24.786","00532 13:07:31",238.59,850.45,,,,"     ",3.60,1170.78,1.31
532,444722200,"00532M12:54:25.760","00532 13:07:32",238.60,850.50,,,,"     ",3.60,1169.35,1.31
532,444722201,"00532M12:54:26.733","00532 13:07:33",238.63,850.46,,,,"     ",3.60,1187.97,1.33
532,444722202,"00532M12:54:27.706","00532 13:07:34",238.67,850.47,,,,"     ",3.60,1173.08,1.31
532,444722203,"00532M12:54:28.679","00532 13:07:35",238.72,850.44,,,,"     ",3.60,1152.28,1.28
532,444722204,"00532M12:54:29.653","00532 13:07:36",238.78,850.47,,,,"     ",3.60,1178.82,1.31
532,444722205,"00532M12:54:30.626","00532 13:07:37",238.85,850.37,,,,"     ",3.60,1172.79,1.30
532,444722206,"00532M12:54:31.599","00532 13:07:38",238.92,850.35,,,,"     ",3.60,1164.24,1.29
532,444722207,"00532M12:54:32.572","00532 13:07:39",238.97,850.44,,,,"     ",3.60,1176.74,1.31
532,444722208,"00532M12:54:33.546","00532 13:07:40",239.01,850.34,,,,"     ",3.60,1164.64,1.29
532,444722209,"00532M12:54:34.519","00532 13:07:40",239.04,850.29,,,,"     ",3.60,1186.56,1.32
532,444722210,"00532M12:54:35.492","00532 13:07:41",239.03,850.31,,,,"     ",3.60,1171.76,1.30
532,444722211,"00532M12:54:36.465","00532 13:07:42",239.00,850.26,,,,"     ",3.60,1165.37,1.29
532,444722212,"00532M12:54:37.439","00532 13:07:43",238.94,850.24,,,,"     ",3.60,1174.37,1.30
532,444722213,"00532M12:54:38.412","00532 13:07:44",238.87,850.24,,,,"     ",3.60,1177.08,1.30
532,444722214,"00532M12:54:39.385","00532 13:07:45",238.78,850.33,,,,"     ",3.60,1171.13,1.29
532,444722215,"00532M12:54:40.358","00532 13:07:46",238.70,850.38,,,,"     ",3.60,1169.80,1.29
532,444722216,"00532M12:54:41.332","00532 13:07:47",238.62,850.35,,,,"     ",3.60,1171.92,1.29
532,444722217,"00532M12:54:42.305","00532 13:07:48",238.55,850.45,,,,"     ",3.60,1175.58,1.30
532,444722218,"00532M12:54:43.278","00532 13:07:49",238.50,850.46,,,,"     ",3.60,1177.25,1.30
532,444722219,"00532M12:54:44.251","00532 13:07:50",238.46,850.44,,,,"     ",3.60,1176.86,1.30
532,444722220,"00532M12:54:45.225","00532 13:07:51",238.43,850.41,,,,"     ",3.60,1175.77,1.30
532,444722221,"00532M12:54:46.198","00532 13:07:52",238.42,850.38,,,,"     ",3.60,1185.42,1.31
532,444722222,"00532M12:54:47.171","00532 13:07:53",238.41,850.48,,,,"     ",3.60,1159.32,1.28
532,444722223,"00532M12:54:48.144","00532 13:07:54",238.41,850.37,,,,"     ",3.60,1179.54,1.30
532,444722224,"00532M12:54:49.118","00532 13:07:55",238.40,850.36,,,,"     ",3.60,1166.12,1.28
532,444722225,"00532M12:54:50.091","00532 13:07:56",238.40,850.40,,,,"     ",3.60,1177.02,1.30
532,444722226,"00532M12:54:51.064","00532 13:07:57",238.39,850.41,,,,"     ",3.60,1175.05,1.29
532,444722227,"00532M12:54:52.038","00532 13:07:58",238.38,850.38,,,,"     ",3.60,1186.93,1.31
532,444722228,"00532M12:54:53.011","00532 13:07:59",238.36,850.39,,,,"     ",3.60,1169.87,1.29
532,444722229,"00532M12:54:53.984","00532 13:08:00",238.33,850.43,,,,"     ",3.60,1173.02,1.29
532,444722230,"00532M12:54:54.957","00532 13:08:01",238.30,850.37,,,,"     ",3.60,1181.81,1.30
532,444722231,"00532M12:54:55.931","00532 13:08:02",238.27,850.40,,,,"     ",3.60,1182.77,1.30
532,444722232,"00532M12:54:56.904","00532 13:08:03",238.25,850.40,,,,"     ",3.60,1172.95,1.29
532,444722233,"00532M12:54:57.877","00532 13:08:04",238.23,850.45,,,,"     ",3.60,1170.87,1.29
532,444722234,"00532M12:54:58.850","00532 13:08:05",238.23,850.49,,,,"     ",3.60,1188.96,1.31
532,444722235,"00532M12:54:59.824","00532 13:08:06",238.24,850.48,,,,"     ",3.60,1170.47,1.29
532,444722236,"00532M12:55:00.797","00532 13:08:07",238.25,850.46,,,,"     ",3.60,1180.32,1.30
532,444722237,"00532M12:55:01.770","00532 13:08:08",238.28,850.45,,,,"     ",3.60,1181.88,1.30
532,444722238,"00532M12:55:02.743","00532 13:08:09",238.31,850.42,,,,"     ",3.60,1179.67,1.30
532,444722239,"00532M12:55:03.717","00532 13:08:10",238.35,850.45,,,,"     ",3.60,1190.86,1.31
532,444722240,"00532M12:55:04.690","00532 13:08:11",238.39,850.38,,,,"     ",3.60,1175.39,1.29
532,444722241,"00532M12:55:05.663","00532 13:08:12",238.42,850.50,,,,"     ",3.60,1192.13,1.31
532,444722242,"00532M12:55:06.636","00532 13:08:13",238.43,850.49,,,,"     ",3.60,1165.59,1.28
532,444722243,"00532M12:55:07.610","00532 13:08:14",238.43,850.42,,,,"     ",3.60,1182.06,1.30
532,444722244,"00532M12:55:08.583","00532 13:08:15",238.43,850.40,,,,"     ",3.60,1187.10,1.31
532,444722245,"00532M12:55:09.556","00532 13:08:16",238.42,850.38,,,,"     ",3.60,1181.99,1.30
532,444722246,"00532M12:55:10.529","00532 13:08:16",238.41,850.39,,,,"     ",3.60,1180.66,1.30
532,444722247,"00532M12:55:11.503","00532 13:08:17",238.41,850.33,,,,"     ",3.60,1185.61,1.30
532,444722248,"00532M12:55:12.476","00532 13:08:18",238.40,850.41,,,,"     ",3.60,1179.52,1.29
532,444722249,"00532M12:55:13.449","00532 13:08:19",238.40,850.41,,,,"     ",3.60,1196.96,1.31
532,444722250,"00532M12:55:14.422","00532 13:08:20",238.39,850.36,,,,"     ",3.60,1185.92,1.30
532,444722251,"00532M12:55:15.396","00532 13:08:21",238.37,850.39,,,,"     ",3.60,1189.86,1.31
532,444722252,"00532M12:55:16.369","00532 13:08:22",238.35,850.42,,,,"     ",3.60,1175.41,1.29
532,444722253,"00532M12:55:17.342","00532 13:08:23",238.31,850.45,,,,"     ",3.60,1175.12,1.29
532,444722254,"00532M12:55:18.315","00532 13:08:24",238.27,850.38,,,,"     ",3.60,1179.03,1.29
532,444722255,"00532M12:55:19.289","00532 13:08:25",238.22,850.35,,,,"     ",3.60,1181.27,1.30
532,444722256,"00532M12:55:20.262","00532 13:08:26",238.16,850.29,,,,"     ",3.60,1183.47,1.30
532,444722257,"00532M12:55:21.235","00532 13:08:27",238.11,850.38,,,,"     ",3.60,1179.75,1.29
532,444722258,"00532M12:55:22.208","00532 13:08:28",238.04,850.36,,,,"     ",3.60,1180.14,1.29
532,444722259,"00532M12:55:23.182","00532 13:08:29",237.98,850.40,,,,"     ",3.60,1178.52,1.29
532,444722260,"00532M12:55:24.155","00532 13:08:30",237.90,850.32,,,,"     ",3.60,1192.24,1.31
532,444722261,"00532M12:55:25.128","00532 13:08:31",237.83,850.32,,,,"     ",3.60,1172.33,1.28
532,444722262,"00532M12:55:26.101","00532 13:08:32",237.77,850.29,,,,"     ",3.60,1191.04,1.30
532,444722263,"00532M12:55:27.075","00532 13:08:33",237.74,850.23,,,,"     ",3.60,1181.50,1.29
532,444722264,"00532M12:55:28.048","00532 13:08:34",237.73,850.43,,,,"     ",3.60,1180.67,1.29
532,444722265,"00532M12:55:29.021","00532 13:08:35",237.72,850.36,,,,"     ",3.60,1185.42,1.30
532,444722266,"00532M12:55:29.994","00532 13:08:36",237.74,850.36,,,,"     ",3.60,1196.15,1.31
532,444722267,"00532M12:55:30.968","00532 13:08:37",237.76,850.32,,,,"     ",3.60,1177.37,1.29
532,444722268,"00532M12:55:31.941","00532 13:08:38",237.80,850.37,,,,"     ",3.60,1180.08,1.29
532,444722269,"00532M12:55:32.914","00532 13:08:39",237.85,850.28,,,,"     ",3.60,1189.04,1.30
532,444722270,"00532M12:55:33.887","00532 13:08:40",237.91,850.33,,,,"     ",3.60,1185.71,1.29
532,444722271,"00532M12:55:34.861","00532 13:08:41",237.99,850.34,,,,"     ",3.60,1190.83,1.30
532,444722272,"00532M12:55:35.834","00532 13:08:42",238.08,850.38,,,,"     ",3.60,1174.70,1.28
532,444722273,"00532M12:55:36.807","00532 13:08:43",238.19,850.35,,,,"     ",3.60,1177.02,1.28
532,444722274,"00532M12:55:37.780","00532 13:08:44",238.31,850.37,,,,"     ",3.60,1185.22,1.29
532,444722275,"00532M12:55:38.754","00532 13:08:45",238.44,850.30,,,,"     ",3.60,1191.20,1.30
532,444722276,"00532M12:55:39.727","00532 13:08:46",238.17,850.31,,,6.00,"  101100",3.60,1172.27,1.28
532,444722277,"00532M12:55:40.700","00532 13:08:47",238.26,850.40,,,,"     ",3.60,1186.47,1.29
532,444722278,"00532M12:55:41.673","00532 13:08:48",238.34,850.41,,,,"     ",3.60,1199.43,1.31
532,444722279,"00532M12:55:42.647","00532 13:08:49",238.41,850.37,,,,"     ",3.60,1175.49,1.28
532,444722280,"00532M12:55:43.620","00532 13:08:50",238.47,850.44,,,,"     ",3.60,1186.08,1.29
532,444722281,"00532M12:55:44.593","00532 13:08:51",238.52,850.45,,,,"     ",3.60,1184.19,1.29
532,444722282,"00532M12:55:45.566","00532 13:08:52",238.56,850.31,,,,"     ",3.60,1186.37,1.29
532,444722283,"00532M12:55:46.540","00532 13:08:53",238.59,850.28,,,,"     ",3.60,1192.87,1.30
532,444722284,"00532M12:55:47.513","00532 13:08:53",238.62,850.37,,,,"     ",3.60,1179.68,1.28
532,444722285,"00532M12:55:48.486","00532 13:08:54",238.63,850.29,,,,"     ",3.60,1183.90,1.29
532,444722286,"00532M12:55:49.459","00532 13:08:55",238.63,850.36,,,,"     ",3.60,1185.85,1.29
532,444722287,"00532M12:55:50.433","00532 13:08:56",238.63,850.41,,,,"     ",3.60,1171.23,1.27
532,444722288,"00532M12:55:51.406","00532 13:08:57",238.61,850.35,,,,"     ",3.60,1173.28,1.27
532,444722289,"00532M12:55:52.379","00532 13:08:58",238.59,850.32,,,,"     ",3.60,1189.14,1.29
532,444722290,"00532M12:55:53.352","00532 13:08:59",238.55,850.35,,,,"     ",3.60,1179.98,1.28
532,444722291,"00532M12:55:54.326","00532 13:09:00",238.49,850.36,,,,"     ",3.60,1187.78,1.29
532,444722292,"00532M12:55:55.299","00532 13:09:01",238.40,850.29,,,,"     ",3.60,1187.07,1.29
532,444722293,"00532M12:55:56.272","00532 13:09:02",238.30,850.23,,,,"     ",3.60,1183.63,1.28
532,444722294,"00532M12:55:57.245","00532 13:09:03",238.18,850.28,,,,"     ",3.60,1209.17,1.31
532,444722295,"00532M12:55:58.219","00532 13:09:04",238.04,850.25,,,,"     ",3.60,1179.53,1.28
532,444722296,"00532M12:55:59.192","00532 13:09:05",237.90,850.30,,,,"     ",3.60,1178.23,1.28
532,444722297,"00532M12:56:00.165","00532 13:09:06",237.77,850.32,,,,"     ",3.60,1186.91,1.29
532,444722298,"00532M12:56:01.139","00532 13:09:07",237.65,850.33,,,,"     ",3.60,1200.29,1.30
532,444722299,"00532M12:56:02.112","00532 13:09:08",237.54,850.35,,,,"     ",3.60,1194.08,1.29
532,444722300,"00532M12:56:03.085","00532 13:09:09",237.46,850.35,,,,"     ",3.60,1183.66,1.28
532,444722301,"00532M12:56:04.058","00532 13:09:10",237.40,850.36,,,,"     ",3.60,1198.57,1.30
532,444722302,"00532M12:56:05.032","00532 13:09:11",237.36,850.31,,,,"     ",3.60,1183.96,1.28
532,444722303,"00532M12:56:06.005","00532 13:09:12",237.33,850.29,,,,"     ",3.60,1183.33,1.28
532,444722304,"00532M12:56:06.978","00532 13:09:13",237.31,850.32,,,,"     ",3.60,1190.58,1.29
532,444722305,"00532M12:56:07.951","00532 13:09:14",237.32,850.25,,,,"     ",3.60,1191.34,1.29
532,444722306,"00532M12:56:08.925","00532 13:09:15",237.29,850.25,,,,"     ",3.60,1194.31,1.29
532,444722307,"00532M12:56:09.898","00532 13:09:16",237.20,850.25,,,,"     ",3.60,1184.19,1.28
532,444722308,"00532M12:56:10.871","00532 13:09:17",237.11,850.23,,,,"     ",3.60,1192.04,1.29
532,444722309,"00532M12:56:11.844","00532 13:09:18",237.03,850.28,,,,"     ",3.60,1181.05,1.28
532,444722310,"00532M12:56:12.818","00532 13:09:19",236.95,850.27,,,,"     ",3.60,1181.68,1.28
532,444722311,"00532M12:56:13.791","00532 13:09:20",236.86,850.33,,,,"     ",3.60,1185.24,1.28
532,444722312,"00532M12:56:14.764","00532 13:09:21",236.77,850.27,,,,"     ",3.60,1181.70,1.28
532,444722313,"00532M12:56:15.737","00532 13:09:22",236.69,850.32,,,,"     ",3.60,1181.15,1.28
532,444722314,"00532M12:56:16.711","00532 13:09:23",236.60,850.25,,,,"     ",3.60,1189.78,1.29
532,444722315,"00532M12:56:17.684","00532 13:09:24",236.54,850.27,,,,"     ",3.60,1182.36,1.28
532,444722316,"00532M12:56:18.657","00532 13:09:25",236.48,850.30,,,,"     ",3.60,1188.30,1.29
532,444722317,"00532M12:56:19.630","00532 13:09:26",236.45,850.23,,,,"     ",3.60,1176.11,1.28
532,444722318,"00532M12:56:20.604","00532 13:09:27",236.43,850.21,,,,"     ",3.60,1176.56,1.28
532,444722319,"00532M12:56:21.577","00532 13:09:28",236.43,850.24,,,,"     ",3.60,1184.66,1.29
532,444722320,"00532M12:56:22.550","00532 13:09:29",236.44,850.20,,,,"     ",3.60,1175.51,1.28
532,444722321,"00532M12:56:23.523","00532 13:09:29",236.47,850.23,,,,"     ",3.60,1175.64,1.28
532,444722322,"00532M12:56:24.497","00532 13:09:30",236.49,850.24,,,,"     ",3.60,1194.31,1.30
532,444722323,"00532M12:56:25.470","00532 13:09:31",236.51,850.27,,,,"     ",3.60,1178.14,1.28
532,444722324,"00532M12:56:26.443","00532 13:09:32",236.53,850.22,,,,"     ",3.60,1180.43,1.28
532,444722325,"00532M12:56:27.416","00532 13:09:33",236.54,850.24,,,,"     ",3.60,1192.61,1.30
532,444722326,"00532M12:56:28.390","00532 13:09:34",236.55,850.27,,,,"     ",3.60,1184.70,1.29
532,444722327,"00532M12:56:29.363","00532 13:09:35",236.55,850.23,,,,"     ",3.60,1181.95,1.28
532,444722328,"00532M12:56:30.336","00532 13:09:36",236.52,850.21,,,,"     ",3.60,1172.73,1.27
532,444722329,"00532M12:56:31.309","00532 13:09:37",236.49,850.19,,,,"     ",3.60,1186.36,1.29
532,444722330,"00532M12:56:32.283","00532 13:09:38",236.45,850.31,,,,"     ",3.60,1179.75,1.28
532,444722331,"00532M12:56:33.256","00532 13:09:39",236.39,850.34,,,,"     ",3.60,1186.57,1.29
532,444722332,"00532M12:56:34.229","00532 13:09:40",236.35,850.17,,,,"     ",3.60,1181.23,1.28
532,444722333,"00532M12:56:35.202","00532 13:09:41",236.32,850.20,,,,"     ",3.60,1193.48,1.30
532,444722334,"00532M12:56:36.176","00532 13:09:42",236.30,850.33,,,,"     ",3.60,1207.15,1.31
532,444722335,"00532M12:56:37.149","00532 13:09:43",236.33,850.35,,,,"     ",3.60,1184.66,1.29
532,444722336,"00532M12:56:38.122","00532 13:09:44",236.39,850.36,,,,"     ",3.60,1196.45,1.30
532,444722337,"00532M12:56:39.095","00532 13:09:45",236.48,850.37,,,,"     ",3.60,1193.15,1.30
532,444722338,"00532M12:56:40.069","00532 13:09:46",236.60,850.25,,,,"     ",3.60,1182.22,1.28
532,444722339,"00532M12:56:41.042","00532 13:09:47",236.73,850.25,,,,"     ",3.60,1181.44,1.28
532,444722340,"00532M12:56:42.015","00532 13:09:48",236.89,850.37,,,,"     ",3.60,1185.00,1.29
532,444722341,"00532M12:56:42.988","00532 13:09:49",237.06,850.28,,,,"     ",3.60,1187.89,1.29
532,444722342,"00532M12:56:43.962","00532 13:09:50",237.24,850.30,,,,"     ",3.60,1176.23,1.28
532,444722343,"00532M12:56:44.935","00532 13:09:51",237.26,850.33,,,,"     ",3.60,1178.32,1.28
532,444722344,"00532M12:56:45.908","00532 13:09:52",237.24,850.23,,,,"     ",3.60,1188.33,1.29
532,444722345,"00532M12:56:46.881","00532 13:09:53",237.22,850.25,,,,"     ",3.60,1184.48,1.29
532,444722346,"00532M12:56:47.855","00532 13:09:54",237.22,850.23,,,,"     ",3.60,1189.25,1.29
532,444722347,"00532M12:56:48.828","00532 13:09:55",237.25,850.26,,,,"     ",3.60,1190.60,1.29
532,444722348,"00532M12:56:49.801","00532 13:09:56",237.28,850.26,,,,"     ",3.60,1186.92,1.29
532,444722349,"00532M12:56:50.774","00532 13:09:57",237.34,850.29,,,,"     ",3.60,1185.08,1.29
532,444722350,"00532M12:56:51.748","00532 13:09:58",237.40,850.30,,,,"     ",3.60,1203.38,1.31
532,444722351,"00532M12:56:52.721","00532 13:09:59",237.46,850.30,,,,"     ",3.60,1195.46,1.30
532,444722352,"00532M12:56:53.694","00532 13:10:00",237.51,850.23,,,,"     ",3.60,1182.28,1.28
532,444722353,"00532M12:56:54.667","00532 13:10:01",237.55,850.29,,,,"     ",3.60,1194.82,1.30
532,444722354,"00532M12:56:55.641","00532 13:10:02",237.58,850.23,,,,"     ",3.60,1196.40,1.30
532,444722355,"00532M12:56:56.614","00532 13:10:03",237.57,850.21,,,,"     ",3.60,1193.46,1.29
532,444722356,"00532M12:56:57.587","00532 13:10:04",237.55,850.22,,,,"     ",3.60,1204.04,1.30
532,444722357,"00532M12:56:58.560","00532 13:10:05",237.50,850.26,,,,"     ",3.60,1196.52,1.29
532,444722358,"00532M12:56:59.534","00532 13:10:06",237.43,850.27,,,,"     ",3.60,1187.90,1.28
532,444722359,"00532M12:57:00.507","00532 13:10:06",237.36,850.30,,,,"     ",3.60,1201.39,1.30
532,444722360,"00532M12:57:01.480","00532 13:10:07",237.27,850.32,,,,"     ",3.60,1182.44,1.28
532,444722361,"00532M12:57:02.453","00532 13:10:08",237.18,850.29,,,,"     ",3.60,1205.45,1.30
532,444722362,"00532M12:57:03.427","00532 13:10:09",237.09,850.33,,,,"     ",3.60,1200.52,1.29
532,444722363,"00532M12:57:04.400","00532 13:10:10",237.01,850.27,,,,"     ",3.60,1194.32,1.29
532,444722364,"00532M12:57:05.373","00532 13:10:11",236.94,850.30,,,,"     ",3.60,1183.49,1.27
532,444722365,"00532M12:57:06.346","00532 13:10:12",236.89,850.21,,,,"     ",3.60,1194.04,1.29
532,444722366,"00532M12:57:07.320","00532 13:10:13",236.85,850.24,,,,"     ",3.60,1187.72,1.28
532,444722367,"00532M12:57:08.293","00532 13:10:14",236.83,850.20,,,,"     ",3.60,1206.05,1.30
532,444722368,"00532M12:57:09.266","00532 13:10:15",236.83,850.19,,,,"     ",3.60,1191.80,1.28
532,444722369,"00532M12:57:10.239","00532 13:10:16",236.84,850.15,,,,"     ",3.60,1198.40,1.29
532,444722370,"00532M12:57:11.213","00532 13:10:17",236.87,850.20,,,,"     ",3.60,1193.39,1.28
532,444722371,"00532M12:57:12.186","00532 13:10:18",236.91,850.24,,,,"     ",3.60,1194.78,1.28
532,444722372,"00532M12:57:13.159","00532 13:10:19",236.96,850.25,,,,"     ",3.60,1206.41,1.29
532,444722373,"00532M12:57:14.133","00532 13:10:20",237.00,850.19,,,,"     ",3.60,1205.04,1.29
532,444722374,"00532M12:57:15.106","00532 13:10:21",237.05,850.29,,,,"     ",3.60,1196.70,1.28
532,444722375,"00532M12:57:16.079","00532 13:10:22",237.09,850.33,,,,"     ",3.60,1198.78,1.28
532,444722376,"00532M12:57:17.052","00532 13:10:23",237.14,850.31,,,,"     ",3.60,1199.07,1.28
532,444722377,"00532M12:57:18.026","00532 13:10:24",237.20,850.33,,,,"     ",3.60,1198.62,1.28
532,444722378,"00532M12:57:18.999","00532 13:10:25",237.24,850.34,,,,"     ",3.60,1198.54,1.28
532,444722379,"00532M12:57:19.972","00532 13:10:26",237.28,850.23,,,,"     ",3.60,1207.06,1.29
532,444722380,"00532M12:57:20.945","00532 13:10:27",237.30,850.25,,,,"     ",3.60,1207.79,1.29
532,444722381,"00532M12:57:21.919","00532 13:10:28",237.30,850.23,,,,"     ",3.60,1212.49,1.29
532,444722382,"00532M12:57:22.892","00532 13:10:29",237.28,850.26,,,,"     ",3.60,1198.93,1.28
532,444722383,"00532M12:57:23.865","00532 13:10:30",237.25,850.18,,,,"     ",3.60,1214.35,1.29
532,444722384,"00532M12:57:24.838","00532 13:10:31",237.20,850.18,,,,"     ",3.60,1203.46,1.28
532,444722385,"00532M12:57:25.812","00532 13:10:32",237.16,850.20,,,,"     ",3.60,1203.03,1.28
532,444722386,"00532M12:57:26.785","00532 13:10:33",237.12,850.23,,,,"     ",3.60,1197.25,1.27
532,444722387,"00532M12:57:27.758","00532 13:10:34",237.08,850.28,,,,"     ",3.60,1209.49,1.28
532,444722388,"00532M12:57:28.731","00532 13:10:35",237.03,850.14,,,,"     ",3.60,1214.49,1.29
532,444722389,"00532M12:57:29.705","00532 13:10:36",236.99,850.14,,,,"     ",3.60,1224.76,1.30
532,444722390,"00532M12:57:30.678","00532 13:10:37",236.94,850.28,,,,"     ",3.60,1208.73,1.28
532,444722391,"00532M12:57:31.651","00532 13:10:38",236.89,850.19,,,,"     ",3.60,1196.66,1.27
532,444722392,"00532M12:57:32.624","00532 13:10:39",236.84,850.22,,,,"     ",3.60,1192.91,1.26
532,444722393,"00532M12:57:33.598","00532 13:10:40",236.80,850.25,,,,"     ",3.60,1211.36,1.28
532,444722394,"00532M12:57:34.571","00532 13:10:41",236.78,850.30,,,,"     ",3.60,1214.49,1.28
532,444722395,"00532M12:57:35.544","00532 13:10:42",236.76,850.25,,,,"     ",3.60,1220.24,1.29
532,444722396,"00532M12:57:36.517","00532 13:10:42",236.76,850.28,,,,"     ",3.60,1219.52,1.29
532,444722397,"00532M12:57:37.491","00532 13:10:43",236.78,850.27,,,,"     ",3.60,1213.26,1.28
532,444722398,"00532M12:57:38.464","00532 13:10:44",236.82,850.28,,,,"     ",3.60,1227.97,1.29
532,444722399,"00532M12:57:39.437","00532 13:10:45",236.88,850.21,,,,"     ",3.60,1215.54,1.28
532,444722400,"00532M12:57:40.410","00532 13:10:46",236.96,850.17,,,,"     ",3.60,1210.10,1.27
532,444722401,"00532M12:57:41.384","00532 13:10:47",237.05,850.20,,,,"     ",3.60,1217.01,1.28
532,444722402,"00532M12:57:42.357","00532 13:10:48",237.15,850.20,,,,"     ",3.60,1228.67,1.29
532,444722403,"00532M12:57:43.330","00532 13:10:49",237.27,850.14,,,,"     ",3.60,1214.76,1.28
532,444722404,"00532M12:57:44.303","00532 13:10:50",237.38,850.15,,,,"     ",3.60,1223.95,1.28
532,444722405,"00532M12:57:45.277","00532 13:10:51",237.49,850.10,,,,"     ",3.60,1243.70,1.30
532,444722406,"00532M12:57:46.250","00532 13:10:52",237.59,850.08,,,,"     ",3.60,1230.91,1.29
532,444722407,"00532M12:57:47.223","00532 13:10:53",237.68,850.10,,,,"     ",3.60,1219.14,1.28
532,444722408,"00532M12:57:48.196","00532 13:10:54",237.77,850.08,,,,"     ",3.60,1214.47,1.27
532,444722409,"00532M12:57:49.170","00532 13:10:55",237.84,850.17,,,,"     ",3.60,1223.33,1.28
532,444722410,"00532M12:57:50.143","00532 13:10:56",237.91,850.14,,,,"     ",3.60,1228.55,1.28
532,444722411,"00532M12:57:51.116","00532 13:10:57",237.97,850.13,,,,"     ",3.60,1227.01,1.28
532,444722412,"00532M12:57:52.089","00532 13:10:58",238.03,850.16,,,,"     ",3.60,1224.88,1.28
532,444722413,"00532M12:57:53.063","00532 13:10:59",238.10,850.14,,,,"     ",3.60,1233.07,1.29
532,444722414,"00532M12:57:54.036","00532 13:11:00",238.16,850.14,,,,"     ",3.60,1225.68,1.28
532,444722415,"00532M12:57:55.009","00532 13:11:01",238.24,850.12,,,,"     ",3.60,1226.89,1.28
532,444722416,"00532M12:57:55.982","00532 13:11:02",238.34,850.09,,,,"     ",3.60,1237.49,1.29
532,444722417,"00532M12:57:56.956","00532 13:11:03",238.45,850.10,,,,"     ",3.60,1224.74,1.27
532,444722418,"00532M12:57:57.929","00532 13:11:04",238.57,850.06,,,,"     ",3.60,1220.25,1.27
532,444722419,"00532M12:57:58.902","00532 13:11:05",238.71,850.17,,,,"     ",3.60,1236.69,1.28
532,444722420,"00532M12:57:59.875","00532 13:11:06",238.85,850.11,,,,"     ",3.60,1246.93,1.29
532,444722421,"00532M12:58:00.849","00532 13:11:07",239.00,850.10,,,,"     ",3.60,1241.00,1.29
532,444722422,"00532M12:58:01.822","00532 13:11:08",239.14,850.06,,,,"     ",3.60,1244.30,1.29
532,444722423,"00532M12:58:02.795","00532 13:11:09",239.28,850.10,,,,"     ",3.60,1228.62,1.27
532,444722424,"00532M12:58:03.768","00532 13:11:10",239.42,850.09,,,,"     ",3.60,1228.22,1.27
532,444722425,"00532M12:58:04.742","00532 13:11:11",239.56,850.07,,,,"     ",3.60,1236.74,1.28
532,444722426,"00532M12:58:05.715","00532 13:11:12",239.68,850.14,,,,"     ",3.60,1237.10,1.28
532,444722427,"00532M12:58:06.688","00532 13:11:13",239.79,850.17,,,,"     ",3.60,1240.70,1.28
532,444722428,"00532M12:58:07.661","00532 13:11:14",239.89,850.07,,,,"     ",3.60,1245.58,1.28
532,444722429,"00532M12:58:08.635","00532 13:11:15",239.95,850.09,,,,"     ",3.60,1242.26,1.28
532,444722430,"00532M12:58:09.608","00532 13:11:16",240.00,850.08,,,,"     ",3.60,1230.02,1.26
532,444722431,"00532M12:58:10.581","00532 13:11:17",240.03,850.05,,,,"     ",3.60,1235.87,1.27
532,444722432,"00532M12:58:11.554","00532 13:11:18",240.05,850.03,,,,"     ",3.60,1237.90,1.27
532,444722433,"00532M12:58:12.528","00532 13:11:19",240.06,849.97,,,,"     ",3.60,1245.80,1.28
532,444722434,"00532M12:58:13.501","00532 13:11:19",240.07,850.01,,,,"     ",3.60,1239.12,1.27
532,444722435,"00532M12:58:14.474","00532 13:11:20",240.08,850.01,,,,"     ",3.60,1237.99,1.27
532,444722436,"00532M12:58:15.447","00532 13:11:21",240.09,850.04,,,,"     ",3.60,1248.45,1.28
532,444722437,"00532M12:58:16.421","00532 13:11:22",240.10,850.08,,,,"     ",3.60,1243.30,1.27
532,444722438,"00532M12:58:17.394","00532 13:11:23",240.12,850.08,,,,"     ",3.60,1249.73,1.28
532,444722439,"00532M12:58:18.367","00532 13:11:24",240.16,850.02,,,,"     ",3.60,1245.99,1.27
532,444722440,"00532M12:58:19.340","00532 13:11:25",240.21,850.02,,,,"     ",3.60,1252.91,1.28
532,444722441,"00532M12:58:20.314","00532 13:11:26",240.28,850.01,,,,"     ",3.60,1258.45,1.28
532,444722442,"00532M12:58:21.287","00532 13:11:27",240.38,850.03,,,,"     ",3.60,1249.45,1.27
532,444722443,"00532M12:58:22.260","00532 13:11:28",240.48,849.98,,,,"     ",3.60,1240.71,1.26
532,444722444,"00532M12:58:23.234","00532 13:11:29",240.60,849.97,,,,"     ",3.60,1233.80,1.26
532,444722445,"00532M12:58:24.207","00532 13:11:30",240.72,849.96,,,,"     ",3.60,1260.84,1.28
532,444722446,"00532M12:58:25.180","00532 13:11:31",240.83,849.99,,,,"     ",3.60,1249.27,1.27
532,444722447,"00532M12:58:26.153","00532 13:11:32",240.95,849.99,,,,"     ",3.60,1261.45,1.28
532,444722448,"00532M12:58:27.127","00532 13:11:33",241.05,850.03,,,,"     ",3.60,1250.24,1.27
532,444722449,"00532M12:58:28.100","00532 13:11:34",241.16,850.03,,,,"     ",3.60,1249.70,1.27
532,444722450,"00532M12:58:29.073","00532 13:11:35",241.25,850.05,,,,"     ",3.60,1251.90,1.27
532,444722451,"00532M12:58:30.046","00532 13:11:36",241.34,850.03,,,,"     ",3.60,1252.28,1.27
532,444722452,"00532M12:58:31.020","00532 13:11:37",241.42,850.05,,,,"     ",3.60,1253.43,1.27
532,444722453,"00532M12:58:31.993","00532 13:11:38",241.48,849.95,,,,"     ",3.60,1259.34,1.27
532,444722454,"00532M12:58:32.966","00532 13:11:39",241.53,850.09,,,,"     ",3.60,1259.48,1.27
532,444722455,"00532M12:58:33.939","00532 13:11:40",241.58,849.98,,,,"     ",3.60,1259.74,1.27
532,444722456,"00532M12:58:34.913","00532 13:11:41",241.62,849.95,,,,"     ",3.60,1241.92,1.25
532,444722457,"00532M12:58:35.886","00532 13:11:42",241.66,850.07,,,,"     ",3.60,1258.31,1.27
532,444722458,"00532M12:58:36.859","00532 13:11:43",241.71,850.01,,,,"     ",3.60,1251.85,1.26
532,444722459,"00532M12:58:37.832","00532 13:11:44",241.77,850.06,,,,"     ",3.60,1256.49,1.27
532,444722460,"00532M12:58:38.806","00532 13:11:45",241.84,850.06,,,,"     ",3.60,1265.31,1.28
532,444722461,"00532M12:58:39.779","00532 13:11:46",241.93,850.00,,,,"     ",3.60,1251.33,1.26
532,444722462,"00532M12:58:40.752","00532 13:11:47",242.04,850.00,,,,"     ",3.60,1266.82,1.28
532,444722463,"00532M12:58:41.725","00532 13:11:48",242.15,849.95,,,,"     ",3.60,1259.79,1.27
532,444722464,"00532M12:58:42.699","00532 13:11:49",242.26,850.04,,,,"     ",3.60,1267.93,1.27
532,444722465,"00532M12:58:43.672","00532 13:11:50",242.36,849.97,,,,"     ",3.60,1275.31,1.28
532,444722466,"00532M12:58:44.645","00532 13:11:51",242.46,849.97,,,,"     ",3.60,1253.59,1.26
532,444722467,"00532M12:58:45.618","00532 13:11:52",242.54,849.99,,,,"     ",3.60,1244.50,1.25
532,444722468,"00532M12:58:46.592","00532 13:11:53",242.59,850.02,,,,"     ",3.60,1245.34,1.25
532,444722469,"00532M12:58:47.565","00532 13:11:54",242.61,849.98,,,,"     ",3.60,1267.78,1.27
532,444722470,"00532M12:58:48.538","00532 13:11:55",242.61,850.01,,,,"     ",3.60,1256.40,1.26
532,444722471,"00532M12:58:49.511","00532 13:11:55",242.59,849.91,,,,"     ",3.60,1273.15,1.27
532,444722472,"00532M12:58:50.485","00532 13:11:56",242.54,849.98,,,,"     ",3.60,1256.17,1.26
532,444722473,"00532M12:58:51.458","00532 13:11:57",242.49,850.01,,,,"     ",3.60,1265.68,1.27
532,444722474,"00532M12:58:52.431","00532 13:11:58",242.42,850.06,,,,"     ",3.60,1259.97,1.26
532,444722475,"00532M12:58:53.404","00532 13:11:59",242.36,850.08,,,,"     ",3.60,1262.03,1.26
532,444722476,"00532M12:58:54.378","00532 13:12:00",242.29,849.98,,,,"     ",3.60,1266.74,1.26
532,444722477,"00532M12:58:55.351","00532 13:12:01",242.24,849.98,,,,"     ",3.60,1272.31,1.27
532,444722478,"00532M12:58:56.324","00532 13:12:02",242.20,850.01,,,,"     ",3.60,1260.51,1.26
532,444722479,"00532M12:58:57.297","00532 13:12:03",242.17,849.99,,,,"     ",3.60,1265.97,1.26
532,444722480,"00532M12:58:58.271","00532 13:12:04",242.16,849.95,,,,"     ",3.60,1267.60,1.26
532,444722481,"00532M12:58:59.244","00532 13:12:05",242.15,850.06,,,,"     ",3.60,1268.67,1.26
532,444722482,"00532M12:59:00.217","00532 13:12:06",242.16,849.91,,,,"     ",3.60,1267.32,1.26
532,444722483,"00532M12:59:01.190","00532 13:12:07",242.16,849.94,,,,"     ",3.60,1276.68,1.27
532,444722484,"00532M12:59:02.164","00532 13:12:08",242.15,849.98,,,,"     ",3.60,1270.84,1.26
532,444722485,"00532M12:59:03.137","00532 13:12:09",242.14,850.06,,,,"     ",3.60,1281.03,1.27
532,444722486,"00532M12:59:04.110","00532 13:12:10",242.12,850.04,,,,"     ",3.60,1266.75,1.26
532,444722487,"00532M12:59:05.083","00532 13:12:11",242.08,849.95,,,,"     ",3.60,1284.16,1.28
532,444722488,"00532M12:59:06.057","00532 13:12:12",242.04,849.92,,,,"     ",3.60,1274.01,1.26
532,444722489,"00532M12:59:07.030","00532 13:12:13",241.99,849.94,,,,"     ",3.60,1271.01,1.26
532,444722490,"00532M12:59:08.003","00532 13:12:14",241.95,849.96,,,,"     ",3.60,1269.00,1.26
532,444722491,"00532M12:59:08.976","00532 13:12:15",241.92,849.94,,,,"     ",3.60,1277.28,1.27
532,444722492,"00532M12:59:09.950","00532 13:12:16",241.88,850.01,,,,"     ",3.60,1265.46,1.25
532,444722493,"00532M12:59:10.923","00532 13:12:17",241.85,849.97,,,,"     ",3.60,1283.69,1.27
532,444722494,"00532M12:59:11.896","00532 13:12:18",241.83,849.95,,,,"     ",3.60,1288.71,1.28
532,444722495,"00532M12:59:12.869","00532 13:12:19",241.82,849.95,,,,"     ",3.60,1264.98,1.25
532,444722496,"00532M12:59:13.843","00532 13:12:20",241.81,849.90,,,,"     ",3.60,1287.28,1.27
532,444722497,"00532M12:59:14.816","00532 13:12:21",241.82,850.02,,,,"     ",3.60,1262.40,1.25
532,444722498,"00532M12:59:15.789","00532 13:12:22",241.84,850.00,,,,"     ",3.60,1275.09,1.26
532,444722499,"00532M12:59:16.762","00532 13:12:23",241.87,850.05,,,,"     ",3.60,1282.84,1.27
532,444722500,"00532M12:59:17.736","00532 13:12:24",241.90,850.02,,,,"     ",3.60,1274.18,1.26
532,444722501,"00532M12:59:18.709","00532 13:12:25",241.94,850.00,,,,"     ",3.60,1271.68,1.25
532,444722502,"00532M12:59:19.682","00532 13:12:26",241.97,849.97,,,,"     ",3.60,1279.24,1.26
532,444722503,"00532M12:59:20.655","00532 13:12:27",242.00,849.94,,,,"     ",3.60,1285.54,1.27
532,444722504,"00532M12:59:21.629","00532 13:12:28",242.03,849.90,,,,"     ",3.60,1285.58,1.27
532,444722505,"00532M12:59:22.602","00532 13:12:29",242.04,849.91,,,,"     ",3.60,1272.12,1.25
532,444722506,"00532M12:59:23.575","00532 13:12:30",242.05,849.92,,,,"     ",3.60,1272.97,1.25
532,444722507,"00532M12:59:24.548","00532 13:12:31",242.05,849.94,,,,"     ",3.60,1272.89,1.25
532,444722508,"00532M12:59:25.522","00532 13:12:32",242.04,849.86,,,,"     ",3.60,1270.37,1.25
532,444722509,"00532M12:59:26.495","00532 13:12:32",242.01,849.90,,,,"     ",3.60,1287.80,1.27
532,444722510,"00532M12:59:27.468","00532 13:12:33",241.96,849.88,,,,"     ",3.60,1296.34,1.28
532,444722511,"00532M12:59:28.441","00532 13:12:34",241.91,849.89,,,,"     ",3.60,1289.74,1.27
532,444722512,"00532M12:59:29.415","00532 13:12:35",241.85,849.88,,,,"     ",3.60,1280.98,1.26
532,444722513,"00532M12:59:30.388","00532 13:12:36",241.79,849.92,,,,"     ",3.60,1282.84,1.26
532,444722514,"00532M12:59:31.361","00532 13:12:37",241.72,849.95,,,,"     ",3.60,1269.41,1.25
532,444722515,"00532M12:59:32.335","00532 13:12:38",241.67,850.00,,,,"     ",3.60,1274.92,1.25
532,444722516,"00532M12:59:33.308","00532 13:12:39",241.62,849.92,,,,"     ",3.60,1280.57,1.26
532,444722517,"00532M12:59:34.281","00532 13:12:40",241.58,849.97,,,,"     ",3.60,1297.72,1.27
532,444722518,"00532M12:59:35.254","00532 13:12:41",241.54,849.92,,,,"     ",3.60,1286.12,1.26
532,444722519,"00532M12:59:36.228","00532 13:12:42",241.50,849.90,,,,"     ",3.60,1298.88,1.27
532,444722520,"00532M12:59:37.201","00532 13:12:43",241.47,849.91,,,,"     ",3.60,1300.97,1.28
532,444722521,"00532M12:59:38.174","00532 13:12:44",241.43,849.92,,,,"     ",3.60,1274.86,1.25
532,444722522,"00532M12:59:39.147","00532 13:12:45",241.40,849.97,,,,"     ",3.60,1290.10,1.26
532,444722523,"00532M12:59:40.121","00532 13:12:46",241.37,849.98,,,,"     ",3.60,1293.87,1.27
532,444722524,"00532M12:59:41.094","00532 13:12:47",241.33,849.91,,,,"     ",3.60,1298.90,1.27
532,444722525,"00532M12:59:42.067","00532 13:12:48",241.30,850.01,,,,"     ",3.60,1284.77,1.26
532,444722526,"00532M12:59:43.040","00532 13:12:49",241.26,849.94,,,,"     ",3.60,1284.29,1.26
532,444722527,"00532M12:59:44.014","00532 13:12:50",241.22,849.97,,,,"     ",3.60,1286.25,1.26
532,444722528,"00532M12:59:44.987","00532 13:12:51",241.18,849.94,,,,"     ",3.60,1299.07,1.27
532,444722529,"00532M12:59:45.960","00532 13:12:52",241.13,849.94,,,,"     ",3.60,1287.68,1.26
532,444722530,"00532M12:59:46.933","00532 13:12:53",241.10,849.98,,,,"     ",3.60,1295.51,1.27
532,444722531,"00532M12:59:47.907","00532 13:12:54",241.07,849.95,,,,"     ",3.60,1280.30,1.25
532,444722532,"00532M12:59:48.880","00532 13:12:55",241.05,849.93,,,,"     ",3.60,1292.33,1.26
532,444722533,"00532M12:59:49.853","00532 13:12:56",241.05,849.98,,,,"     ",3.60,1287.46,1.26
532,444722534,"00532M12:59:50.826","00532 13:12:57",241.05,849.94,,,,"     ",3.60,1293.23,1.26
532,444722535,"00532M12:59:51.800","00532 13:12:58",241.06,849.93,,,,"     ",3.60,1297.66,1.27
532,444722536,"00532M12:59:52.773","00532 13:12:59",241.07,849.93,,,,"     ",3.60,1294.70,1.26
532,444722537,"00532M12:59:53.746","00532 13:13:00",241.07,849.96,,,,"     ",3.60,1288.97,1.26
532,444722538,"00532M12:59:54.719","00532 13:13:01",241.07,849.93,,,,"     ",3.60,1294.17,1.26
532,444722539,"00532M12:59:55.693","00532 13:13:02",241.05,849.94,,,,"     ",3.60,1282.69,1.25
532,444722540,"00532M12:59:56.666","00532 13:13:03",241.03,849.87,,,,"     ",3.60,1293.96,1.26
532,444722541,"00532M12:59:57.639","00532 13:13:04",241.01,849.91,,,,"     ",3.60,1292.50,1.26
532,444722542,"00532M12:59:58.612","00532 13:13:05",240.99,849.91,,,,"     ",3.60,1300.95,1.27
532,444722543,"00532M12:59:59.586","00532 13:13:06",240.97,849.95,,,,"     ",3.60,1288.03,1.26
532,444722544,"00532M13:00:00.559","00532 13:13:07",240.96,849.90,,,,"     ",3.60,1264.20,1.23
532,444722545,"00532M13:00:01.532","00532 13:13:08",240.95,849.88,,,,"     ",3.60,1293.08,1.26
532,444722546,"00532M13:00:02.505","00532 13:13:08",240.96,850.04,,,,"     ",3.60,1281.07,1.25
532,444722547,"00532M13:00:03.479","00532 13:13:09",240.97,849.97,,,,"     ",3.60,1290.31,1.26
532,444722548,"00532M13:00:04.452","00532 13:13:10",241.00,849.97,,,,"     ",3.60,1289.23,1.26
532,444722549,"00532M13:00:05.425","00532 13:13:11",241.05,849.96,,,,"     ",3.60,1284.64,1.25
532,444722550,"00532M13:00:06.398","00532 13:13:12",241.11,849.88,,,,"     ",3.60,1275.57,1.24
532,444722551,"00532M13:00:07.372","00532 13:13:13",241.19,849.89,,,,"     ",3.60,1298.65,1.26
532,444722552,"00532M13:00:08.345","00532 13:13:14",241.27,849.94,,,,"     ",3.60,1295.05,1.26
532,444722553,"00532M13:00:09.318","00532 13:13:15",241.36,849.91,,,,"     ",3.60,1279.12,1.24
532,444722554,"00532M13:00:10.291","00532 13:13:16",241.45,849.79,,,,"     ",3.60,1290.27,1.26
532,444722555,"00532M13:00:11.265","00532 13:13:17",241.52,849.92,,,,"     ",3.60,1284.88,1.25
532,444722556,"00532M13:00:12.238","00532 13:13:18",241.58,849.83,,,,"     ",3.60,1319.70,1.28
532,444722557,"00532M13:00:13.211","00532 13:13:19",241.63,849.83,,,,"     ",3.60,1286.05,1.25
532,444722558,"00532M13:00:14.184","00532 13:13:20",241.66,849.84,,,,"     ",3.60,1299.48,1.26
532,444722559,"00532M13:00:15.158","00532 13:13:21",241.69,849.81,,,,"     ",3.60,1289.70,1.25
532,444722560,"00532M13:00:16.131","00532 13:13:22",241.70,849.79,,,,"     ",3.60,1291.27,1.26
532,444722561,"00532M13:00:17.104","00532 13:13:23",241.72,849.80,,,,"     ",3.60,1293.69,1.26
532,444722562,"00532M13:00:18.077","00532 13:13:24",241.71,849.93,,,,"     ",3.60,1289.33,1.25
532,444722563,"00532M13:00:19.051","00532 13:13:25",241.70,849.87,,,,"     ",3.60,1297.27,1.26
532,444722564,"00532M13:00:20.024","00532 13:13:26",241.67,849.89,,,,"     ",3.60,1298.75,1.26
532,444722565,"00532M13:00:20.997","00532 13:13:27",241.62,849.87,,,,"     ",3.60,1294.84,1.26
532,444722566,"00532M13:00:21.970","00532 13:13:28",241.55,849.91,,,,"     ",3.60,1276.57,1.24
532,444722567,"00532M13:00:22.944","00532 13:13:29",241.48,849.82,,,,"     ",3.60,1287.05,1.25
532,444722568,"00532M13:00:23.917","00532 13:13:30",241.42,849.88,,,,"     ",3.60,1281.03,1.24
532,444722569,"00532M13:00:24.890","00532 13:13:31",241.35,849.87,,,,"     ",3.60,1280.95,1.24
532,444722570,"00532M13:00:25.863","00532 13:13:32",241.31,849.88,,,,"     ",3.60,1292.61,1.26
532,444722571,"00532M13:00:26.837","00532 13:13:33",241.28,849.82,,,,"     ",3.60,1292.39,1.26
532,444722572,"00532M13:00:27.810","00532 13:13:34",241.26,849.79,,,,"     ",3.60,1290.91,1.25
532,444722573,"00532M13:00:28.783","00532 13:13:35",241.24,849.80,,,,"     ",3.60,1299.96,1.26
532,444722574,"00532M13:00:29.756","00532 13:13:36",241.22,849.84,,,,"     ",3.60,1285.46,1.25
532,444722575,"00532M13:00:30.730","00532 13:13:37",241.21,849.86,,,,"     ",3.60,1291.57,1.26
532,444722576,"00532M13:00:31.703","00532 13:13:38",241.19,849.84,,,,"     ",3.60,1293.31,1.26
532,444722577,"00532M13:00:32.676","00532 13:13:39",241.19,849.87,,,,"     ",3.60,1295.90,1.26
532,444722578,"00532M13:00:33.649","00532 13:13:40",241.19,849.83,,,,"     ",3.60,1294.24,1.26
532,444722579,"00532M13:00:34.623","00532 13:13:41",241.19,849.84,,,,"     ",3.60,1295.21,1.26
532,444722580,"00532M13:00:35.596","00532 13:13:42",241.20,849.91,,,,"     ",3.60,1301.08,1.27
532,444722581,"00532M13:00:36.569","00532 13:13:43",241.21,849.87,,,,"     ",3.60,1297.79,1.26
532,444722582,"00532M13:00:37.542","00532 13:13:44",241.23,849.80,,,,"     ",3.60,1301.50,1.27
532,444722583,"00532M13:00:38.516","00532 13:13:45",241.25,849.84,,,,"     ",3.60,1291.29,1.26
532,444722584,"00532M13:00:39.489","00532 13:13:45",241.14,849.79,,,6.05,"  100100",3.60,1290.10,1.25
532,444722585,"00532M13:00:40.462","00532 13:13:46",241.09,849.85,,,,"     ",3.60,1296.11,1.26
532,444722586,"00532M13:00:41.436","00532 13:13:47",241.04,849.89,,,,"     ",3.60,1303.18,1.27
532,444722587,"00532M13:00:42.409","00532 13:13:48",240.99,849.86,,,,"     ",3.60,1296.38,1.26
532,444722588,"00532M13:00:43.382","00532 13:13:49",240.94,849.83,,,,"     ",3.60,1300.73,1.27
532,444722589,"00532M13:00:44.355","00532 13:13:50",240.89,849.88,,,,"     ",3.60,1268.07,1.23
532,444722590,"00532M13:00:45.329","00532 13:13:51",240.83,849.76,,,,"     ",3.60,1289.40,1.26
532,444722591,"00532M13:00:46.302","00532 13:13:52",240.78,849.83,,,,"     ",3.60,1274.00,1.24
532,444722592,"00532M13:00:47.275","00532 13:13:53",240.72,849.85,,,,"     ",3.60,1291.14,1.26
532,444722593,"00532M13:00:48.248","00532 13:13:54",240.67,849.82,,,,"     ",3.60,1283.21,1.25
532,444722594,"00532M13:00:49.222","00532 13:13:55",240.60,849.86,,,,"     ",3.60,1278.03,1.25
532,444722595,"00532M13:00:50.195","00532 13:13:56",240.54,849.87,,,,"     ",3.60,1258.88,1.23
532,444722596,"00532M13:00:51.168","00532 13:13:57",240.48,849.79,,,,"     ",3.60,1306.40,1.27
532,444722597,"00532M13:00:52.141","00532 13:13:58",240.41,849.79,,,,"     ",3.60,1285.72,1.26
532,444722598,"00532M13:00:53.115","00532 13:13:59",240.34,849.84,,,,"     ",3.60,1273.46,1.24
532,444722599,"00532M13:00:54.088","00532 13:14:00",240.27,849.74,,,,"     ",3.60,1291.89,1.26
532,444722600,"00532M13:00:55.061","00532 13:14:01",240.20,849.82,,,,"     ",3.60,1277.00,1.25
532,444722601,"00532M13:00:56.034","00532 13:14:02",240.14,849.73,,,,"     ",3.60,1291.41,1.26
532,444722602,"00532M13:00:57.008","00532 13:14:03",240.09,849.80,,,,"     ",3.60,1295.41,1.27
532,444722603,"00532M13:00:57.981","00532 13:14:04",240.04,849.81,,,,"     ",3.60,1283.16,1.26
532,444722604,"00532M13:00:58.954","00532 13:14:05",240.01,849.86,,,,"     ",3.60,1278.61,1.25
532,444722605,"00532M13:00:59.927","00532 13:14:06",240.00,849.82,,,,"     ",3.60,1267.52,1.24
532,444722606,"00532M13:01:00.901","00532 13:14:07",239.99,849.78,,,,"     ",3.60,1283.05,1.26
532,444722607,"00532M13:01:01.874","00532 13:14:08",240.00,849.74,,,,"     ",3.60,1275.92,1.25
532,444722608,"00532M13:01:02.847","00532 13:14:09",240.01,849.81,,,,"     ",3.60,1286.09,1.26
532,444722609,"00532M13:01:03.820","00532 13:14:10",240.03,849.73,,,,"     ",3.60,1278.99,1.26
532,444722610,"00532M13:01:04.794","00532 13:14:11",240.06,849.70,,,,"     ",3.60,1277.36,1.25
532,444722611,"00532M13:01:05.767","00532 13:14:12",240.09,849.81,,,,"     ",3.60,1281.47,1.26
532,444722612,"00532M13:01:06.740","00532 13:14:13",240.12,849.84,,,,"     ",3.60,1303.52,1.28
532,444722613,"00532M13:01:07.713","00532 13:14:14",240.15,849.80,,,,"     ",3.60,1266.68,1.25
532,444722614,"00532M13:01:08.687","00532 13:14:15",240.19,849.71,,,,"     ",3.60,1279.16,1.26
532,444722615,"00532M13:01:09.660","00532 13:14:16",240.22,849.68,,,,"     ",3.60,1277.36,1.26
532,444722616,"00532M13:01:10.633","00532 13:14:17",240.21,849.76,,,,"     ",3.60,1279.57,1.26
532,444722617,"00532M13:01:11.606","00532 13:14:18",240.20,849.72,,,,"     ",3.60,1278.54,1.26
532,444722618,"00532M13:01:12.580","00532 13:14:19",240.21,849.69,,,,"     ",3.60,1275.72,1.26
532,444722619,"00532M13:01:13.553","00532 13:14:20",240.21,849.77,,,,"     ",3.60,1275.37,1.26
532,444722620,"00532M13:01:14.526","00532 13:14:21",240.23,849.78,,,,"     ",3.60,1264.96,1.25
532,444722621,"00532M13:01:15.499","00532 13:14:22",240.24,849.83,,,,"     ",3.60,1268.48,1.25
532,444722622,"00532M13:01:16.473","00532 13:14:22",240.26,849.87,,,,"     ",3.60,1276.08,1.26
532,444722623,"00532M13:01:17.446","00532 13:14:23",240.27,849.87,,,,"     ",3.60,1269.05,1.26
532,444722624,"00532M13:01:18.419","00532 13:14:24",240.27,849.86,,,,"     ",3.60,1288.84,1.28
532,444722625,"00532M13:01:19.392","00532 13:14:25",240.26,849.79,,,,"     ",3.60,1267.24,1.25
532,444722626,"00532M13:01:20.366","00532 13:14:26",240.23,849.75,,,,"     ",3.60,1283.24,1.27
532,444722627,"00532M13:01:21.339","00532 13:14:27",240.19,849.81,,,,"     ",3.60,1264.09,1.25
532,444722628,"00532M13:01:22.312","00532 13:14:28",240.12,849.83,,,,"     ",3.60,1266.44,1.25
532,444722629,"00532M13:01:23.285","00532 13:14:29",240.03,849.79,,,,"     ",3.60,1279.88,1.27
532,444722630,"00532M13:01:24.259","00532 13:14:30",239.90,849.78,,,,"     ",3.60,1275.95,1.26
532,444722631,"00532M13:01:25.232","00532 13:14:31",239.75,849.76,,,,"     ",3.60,1287.35,1.28
532,444722632,"00532M13:01:26.205","00532 13:14:32",239.57,849.81,,,,"     ",3.60,1255.00,1.24
532,444722633,"00532M13:01:27.178","00532 13:14:33",239.38,849.79,,,,"     ",3.60,1266.34,1.26
532,444722634,"00532M13:01:28.152","00532 13:14:34",239.17,849.73,,,,"     ",3.60,1253.00,1.24
532,444722635,"00532M13:01:29.125","00532 13:14:35",238.98,849.83,,,,"     ",3.60,1268.38,1.26
532,444722636,"00532M13:01:30.098","00532 13:14:36",238.79,849.77,,,,"     ",3.60,1282.11,1.27
532,444722637,"00532M13:01:31.071","00532 13:14:37",238.62,849.71,,,,"     ",3.60,1272.95,1.26
532,444722638,"00532M13:01:32.045","00532 13:14:38",238.47,849.74,,,,"     ",3.60,1272.55,1.27
532,444722639,"00532M13:01:33.018","00532 13:14:39",238.34,849.70,,,,"     ",3.60,1260.04,1.25
532,444722640,"00532M13:01:33.991","00532 13:14:40",238.25,849.66,,,,"     ",3.60,1240.59,1.23
532,444722641,"00532M13:01:34.964","00532 13:14:41",238.19,849.69,,,,"     ",3.60,1258.72,1.25
532,444722642,"00532M13:01:35.938","00532 13:14:42",238.17,849.78,,,,"     ",3.60,1255.83,1.25
532,444722643,"00532M13:01:36.911","00532 13:14:43",238.18,849.83,,,,"     ",3.60,1254.98,1.25
532,444722644,"00532M13:01:37.884","00532 13:14:44",238.20,849.76,,,,"     ",3.60,1266.40,1.26
532,444722645,"00532M13:01:38.857","00532 13:14:45",238.24,849.78,,,,"     ",3.60,1268.46,1.27
532,444722646,"00532M13:01:39.831","00532 13:14:46",238.28,849.79,,,,"     ",3.60,1260.96,1.26
532,444722647,"00532M13:01:40.804","00532 13:14:47",238.30,849.80,,,,"     ",3.60,1261.37,1.26
532,444722648,"00532M13:01:41.777","00532 13:14:48",238.32,849.77,,,,"     ",3.60,1260.07,1.26
532,444722649,"00532M13:01:42.750","00532 13:14:49",238.32,849.77,,,,"     ",3.60,1262.42,1.26
532,444722650,"00532M13:01:43.724","00532 13:14:50",238.31,849.75,,,,"     ",3.60,1270.22,1.27
532,444722651,"00532M13:01:44.697","00532 13:14:51",238.27,849.76,,,,"     ",3.60,1269.78,1.27
532,444722652,"00532M13:01:45.670","00532 13:14:52",238.22,849.74,,,,"     ",3.60,1246.62,1.25
532,444722653,"00532M13:01:46.643","00532 13:14:53",238.15,849.72,,,,"     ",3.60,1254.21,1.26
532,444722654,"00532M13:01:47.617","00532 13:14:54",238.07,849.71,,,,"     ",3.60,1250.60,1.26
532,444722655,"00532M13:01:48.590","00532 13:14:55",237.98,849.74,,,,"     ",3.60,1245.87,1.25
532,444722656,"00532M13:01:49.563","00532 13:14:56",237.89,849.72,,,,"     ",3.60,1257.76,1.27
532,444722657,"00532M13:01:50.537","00532 13:14:57",237.79,849.73,,,,"     ",3.60,1252.43,1.26
532,444722658,"00532M13:01:51.510","00532 13:14:58",237.69,849.75,,,,"     ",3.60,1248.64,1.26
532,444722659,"00532M13:01:52.483","00532 13:14:58",237.59,849.76,,,,"     ",3.60,1254.27,1.26
532,444722660,"00532M13:01:53.456","00532 13:14:59",237.49,849.69,,,,"     ",3.60,1249.12,1.26
532,444722661,"00532M13:01:54.430","00532 13:15:00",237.39,849.71,,,,"     ",3.60,1247.79,1.26
532,444722662,"00532M13:01:55.403","00532 13:15:01",237.28,849.69,,,,"     ",3.60,1261.89,1.27
532,444722663,"00532M13:01:56.376","00532 13:15:02",237.16,849.73,,,,"     ",3.60,1257.52,1.27
532,444722664,"00532M13:01:57.349","00532 13:15:03",237.05,849.65,,,,"     ",3.60,1256.15,1.27
532,444722665,"00532M13:01:58.323","00532 13:15:04",236.93,849.60,,,,"     ",3.60,1235.15,1.25
532,444722666,"00532M13:01:59.296","00532 13:15:05",236.83,849.62,,,,"     ",3.60,1244.52,1.26
532,444722667,"00532M13:02:00.269","00532 13:15:06",236.74,849.72,,,,"     ",3.60,1240.51,1.26
532,444722668,"00532M13:02:01.242","00532 13:15:07",236.69,849.63,,,,"     ",3.60,1239.84,1.25
532,444722669,"00532M13:02:02.216","00532 13:15:08",236.65,849.69,,,,"     ",3.60,1246.81,1.26
532,444722670,"00532M13:02:03.189","00532 13:15:09",236.64,849.70,,,,"     ",3.60,1244.00,1.26
532,444722671,"00532M13:02:04.162","00532 13:15:10",236.67,849.64,,,,"     ",3.60,1238.14,1.26
532,444722672,"00532M13:02:05.135","00532 13:15:11",236.73,849.64,,,,"     ",3.60,1253.14,1.27
532,444722673,"00532M13:02:06.109","00532 13:15:12",236.81,849.64,,,,"     ",3.60,1248.43,1.27
532,444722674,"00532M13:02:07.082","00532 13:15:13",236.92,849.65,,,,"     ",3.60,1247.22,1.27
532,444722675,"00532M13:02:08.055","00532 13:15:14",237.05,849.66,,,,"     ",3.60,1237.93,1.26
532,444722676,"00532M13:02:09.028","00532 13:15:15",237.20,849.61,,,,"     ",3.60,1238.89,1.26
532,444722677,"00532M13:02:10.002","00532 13:15:16",237.35,849.64,,,,"     ",3.60,1239.71,1.26
532,444722678,"00532M13:02:10.975","00532 13:15:17",237.49,849.65,,,,"     ",3.60,1244.54,1.27
532,444722679,"00532M13:02:11.948","00532 13:15:18",237.61,849.59,,,,"     ",3.60,1246.29,1.27
532,444722680,"00532M13:02:12.921","00532 13:15:19",237.72,849.66,,,,"     ",3.60,1252.53,1.28
532,444722681,"00532M13:02:13.895","00532 13:15:20",237.81,849.71,,,,"     ",3.60,1245.07,1.27
532,444722682,"00532M13:02:14.868","00532 13:15:21",237.90,849.59,,,,"     ",3.60,1246.98,1.27
532,444722683,"00532M13:02:15.841","00532 13:15:22",237.98,849.62,,,,"     ",3.60,1249.71,1.27
532,444722684,"00532M13:02:16.814","00532 13:15:23",238.07,849.68,,,,"     ",3.60,1235.53,1.26
532,444722685,"00532M13:02:17.788","00532 13:15:24",238.15,849.65,,,,"     ",3.60,1243.08,1.27
532,444722686,"00532M13:02:18.761","00532 13:15:25",238.25,849.59,,,,"     ",3.60,1222.88,1.25
532,444722687,"00532M13:02:19.734","00532 13:15:26",238.33,849.68,,,,"     ",3.60,1227.75,1.25
532,444722688,"00532M13:02:20.707","00532 13:15:27",238.43,849.71,,,,"     ",3.60,1252.25,1.28
532,444722689,"00532M13:02:21.681","00532 13:15:28",238.53,849.68,,,,"     ",3.60,1251.72,1.28
532,444722690,"00532M13:02:22.654","00532 13:15:29",238.64,849.64,,,,"     ",3.60,1245.02,1.27
532,444722691,"00532M13:02:23.627","00532 13:15:30",238.76,849.71,,,,"     ",3.60,1243.53,1.27
532,444722692,"00532M13:02:24.600","00532 13:15:31",238.87,849.67,,,,"     ",3.60,1248.15,1.28
532,444722693,"00532M13:02:25.574","00532 13:15:32",238.99,849.61,,,,"     ",3.60,1229.19,1.26
532,444722694,"00532M13:02:26.547","00532 13:15:33",239.10,849.71,,,,"     ",3.60,1264.03,1.29
532,444722695,"00532M13:02:27.520","00532 13:15:34",239.16,849.77,,,,"     ",3.60,1240.51,1.27
532,444722696,"00532M13:02:28.493","00532 13:15:35",239.10,849.69,,,,"     ",3.60,1243.63,1.27
532,444722697,"00532M13:02:29.467","00532 13:15:35",239.07,849.62,,,,"     ",3.60,1236.03,1.26
532,444722698,"00532M13:02:30.440","00532 13:15:36",239.06,849.68,,,,"     ",3.60,1255.39,1.28
532,444722699,"00532M13:02:31.413","00532 13:15:37",239.08,849.55,,,,"     ",3.60,1255.47,1.28
532,444722700,"00532M13:02:32.386","00532 13:15:38",239.14,849.63,,,,"     ",3.60,1242.43,1.27
532,444722701,"00532M13:02:33.360","00532 13:15:39",239.22,849.56,,,,"     ",3.60,1223.88,1.25
532,444722702,"00532M13:02:34.333","00532 13:15:40",239.32,849.57,,,,"     ",3.60,1243.54,1.27
532,444722703,"00532M13:02:35.306","00532 13:15:41",239.32,849.54,,,,"     ",3.60,1251.64,1.28
532,444722704,"00532M13:02:36.279","00532 13:15:42",239.25,849.57,,,,"     ",3.60,1247.37,1.27
532,444722705,"00532M13:02:37.253","00532 13:15:43",239.17,849.60,,,,"     ",3.60,1228.93,1.25
532,444722706,"00532M13:02:38.226","00532 13:15:44",239.08,849.62,,,,"     ",3.60,1236.01,1.26
532,444722707,"00532M13:02:39.199","00532 13:15:45",238.99,849.61,,,,"     ",3.60,1241.42,1.27
532,444722708,"00532M13:02:40.172","00532 13:15:46",238.91,849.62,,,,"     ",3.60,1235.92,1.26
532,444722709,"00532M13:02:41.146","00532 13:15:47",238.85,849.57,,,,"     ",3.60,1247.94,1.27
532,444722710,"00532M13:02:42.119","00532 13:15:48",238.81,849.56,,,,"     ",3.60,1241.31,1.27
532,444722711,"00532M13:02:43.092","00532 13:15:49",238.78,849.65,,,,"     ",3.60,1237.96,1.26
532,444722712,"00532M13:02:44.065","00532 13:15:50",238.76,849.62,,,,"     ",3.60,1229.31,1.25
532,444722713,"00532M13:02:45.039","00532 13:15:51",238.76,849.61,,,,"     ",3.60,1241.16,1.27
532,444722714,"00532M13:02:46.012","00532 13:15:52",238.77,849.65,,,,"     ",3.60,1243.50,1.27
532,444722715,"00532M13:02:46.985","00532 13:15:53",238.80,849.66,,,,"     ",3.60,1238.04,1.26
532,444722716,"00532M13:02:47.958","00532 13:15:54",238.84,849.67,,,,"     ",3.60,1236.06,1.26
532,444722717,"00532M13:02:48.932","00532 13:15:55",238.89,849.53,,,,"     ",3.60,1234.47,1.26
532,444722718,"00532M13:02:49.905","00532 13:15:56",238.95,849.69,,,,"     ",3.60,1255.84,1.28
532,444722719,"00532M13:02:50.878","00532 13:15:57",239.01,849.60,,,,"     ",3.60,1234.78,1.26
532,444722720,"00532M13:02:51.851","00532 13:15:58",239.09,849.66,,,,"     ",3.60,1235.54,1.26
532,444722721,"00532M13:02:52.825","00532 13:15:59",239.18,849.64,,,,"     ",3.60,1226.21,1.25
532,444722722,"00532M13:02:53.798","00532 13:16:00",239.28,849.70,,,,"     ",3.60,1232.57,1.26
532,444722723,"00532M13:02:54.771","00532 13:16:01",239.40,849.66,,,,"     ",3.60,1241.19,1.27
532,444722724,"00532M13:02:55.744","00532 13:16:02",239.52,849.61,,,,"     ",3.60,1231.18,1.26
532,444722725,"00532M13:02:56.718","00532 13:16:03",239.64,849.50,,,,"     ",3.60,1240.45,1.27
532,444722726,"00532M13:02:57.691","00532 13:16:04",239.75,849.58,,,,"     ",3.60,1263.05,1.29
532,444722727,"00532M13:02:58.664","00532 13:16:05",239.87,849.60,,,,"     ",3.60,1245.25,1.27
532,444722728,"00532M13:02:59.637","00532 13:16:06",239.98,849.59,,,,"     ",3.60,1237.05,1.26
532,444722729,"00532M13:03:00.611","00532 13:16:07",240.08,849.59,,,,"     ",3.60,1256.04,1.28
532,444722730,"00532M13:03:01.584","00532 13:16:08",240.16,849.49,,,,"     ",3.60,1250.95,1.28
532,444722731,"00532M13:03:02.557","00532 13:16:09",240.23,849.56,,,,"     ",3.60,1236.69,1.26
532,444722732,"00532M13:03:03.531","00532 13:16:10",240.28,849.60,,,,"     ",3.60,1235.94,1.26
532,444722733,"00532M13:03:04.504","00532 13:16:11",240.33,849.69,,,,"     ",3.60,1241.41,1.27
532,444722734,"00532M13:03:05.477","00532 13:16:11",240.37,849.64,,,,"     ",3.60,1249.57,1.28
532,444722735,"00532M13:03:06.450","00532 13:16:12",240.42,849.60,,,,"     ",3.60,1249.82,1.28
532,444722736,"00532M13:03:07.424","00532 13:16:13",240.48,849.62,,,,"     ",3.60,1250.79,1.28
532,444722737,"00532M13:03:08.397","00532 13:16:14",240.54,849.60,,,,"     ",3.60,1256.23,1.28
532,444722738,"00532M13:03:09.370","00532 13:16:15",240.55,849.58,,,,"     ",3.60,1257.99,1.29
532,444722739,"00532M13:03:10.343","00532 13:16:16",240.54,849.59,,,,"     ",3.60,1256.47,1.29
532,444722740,"00532M13:03:11.317","00532 13:16:17",240.53,849.56,,,,"     ",3.60,1241.92,1.27
532,444722741,"00532M13:03:12.290","00532 13:16:18",240.52,849.55,,,,"     ",3.60,1245.46,1.27
532,444722742,"00532M13:03:13.263","00532 13:16:19",240.53,849.52,,,,"     ",3.60,1245.79,1.27
532,444722743,"00532M13:03:14.236","00532 13:16:20",240.54,849.57,,,,"     ",3.60,1251.25,1.28
532,444722744,"00532M13:03:15.210","00532 13:16:21",240.56,849.56,,,,"     ",3.60,1239.16,1.27
532,444722745,"00532M13:03:16.183","00532 13:16:22",240.58,849.60,,,,"     ",3.60,1248.90,1.28
532,444722746,"00532M13:03:17.156","00532 13:16:23",240.60,849.57,,,,"     ",3.60,1246.40,1.27
532,444722747,"00532M13:03:18.129","00532 13:16:24",240.61,849.57,,,,"     ",3.60,1252.28,1.28
532,444722748,"00532M13:03:19.103","00532 13:16:25",240.63,849.55,,,,"     ",3.60,1251.42,1.28
532,444722749,"00532M13:03:20.076","00532 13:16:26",240.62,849.50,,,,"     ",3.60,1251.61,1.28
532,444722750,"00532M13:03:21.049","00532 13:16:27",240.61,849.53,,,,"     ",3.60,1266.59,1.29
532,444722751,"00532M13:03:22.022","00532 13:16:28",240.60,849.58,,,,"     ",3.60,1234.13,1.26
532,444722752,"00532M13:03:22.996","00532 13:16:29",240.57,849.55,,,,"     ",3.60,1254.07,1.28
532,444722753,"00532M13:03:23.969","00532 13:16:30",240.53,849.56,,,,"     ",3.60,1251.09,1.28
532,444722754,"00532M13:03:24.942","00532 13:16:31",240.49,849.42,,,,"     ",3.60,1256.59,1.28
532,444722755,"00532M13:03:25.915","00532 13:16:32",240.45,849.43,,,,"     ",3.60,1261.00,1.29
532,444722756,"00532M13:03:26.889","00532 13:16:33",240.39,849.43,,,,"     ",3.60,1234.90,1.26
532,444722757,"00532M13:03:27.862","00532 13:16:34",240.33,849.47,,,,"     ",3.60,1246.22,1.27
532,444722758,"00532M13:03:28.835","00532 13:16:35",240.26,849.48,,,,"     ",3.60,1238.92,1.26
532,444722759,"00532M13:03:29.808","00532 13:16:36",240.20,849.50,,,,"     ",3.60,1251.37,1.28
532,444722760,"00532M13:03:30.782","00532 13:16:37",240.13,849.52,,,,"     ",3.60,1251.51,1.28
532,444722761,"00532M13:03:31.755","00532 13:16:38",240.07,849.48,,,,"     ",3.60,1254.25,1.28
532,444722762,"00532M13:03:32.728","00532 13:16:39",240.01,849.53,,,,"     ",3.60,1246.11,1.27
532,444722763,"00532M13:03:33.701","00532 13:16:40",239.96,849.56,,,,"     ",3.60,1243.73,1.27
532,444722764,"00532M13:03:34.675","00532 13:16:41",239.91,849.55,,,,"     ",3.60,1229.43,1.25
532,444722765,"00532M13:03:35.648","00532 13:16:42",239.87,849.59,,,,"     ",3.60,1251.21,1.28
532,444722766,"00532M13:03:36.621","00532 13:16:43",239.85,849.53,,,,"     ",3.60,1246.44,1.27
532,444722767,"00532M13:03:37.594","00532 13:16:44",239.83,849.58,,,,"     ",3.60,1246.84,1.27
532,444722768,"00532M13:03:38.568","00532 13:16:45",239.81,849.59,,,,"     ",3.60,1244.88,1.27
532,444722769,"00532M13:03:39.541","00532 13:16:46",239.80,849.49,,,,"     ",3.60,1224.46,1.25
532,444722770,"00532M13:03:40.514","00532 13:16:47",239.78,849.57,,,,"     ",3.60,1252.01,1.28
532,444722771,"00532M13:03:41.487","00532 13:16:48",239.76,849.48,,,,"     ",3.60,1249.49,1.27
532,444722772,"00532M13:03:42.461","00532 13:16:48",239.73,849.47,,,,"     ",3.60,1236.36,1.26
532,444722773,"00532M13:03:43.434","00532 13:16:49",239.71,849.48,,,,"     ",3.60,1255.40,1.28
532,444722774,"00532M13:03:44.407","00532 13:16:50",239.69,849.46,,,,"     ",3.60,1237.25,1.26
532,444722775,"00532M13:03:45.380","00532 13:16:51",239.68,849.42,,,,"     ",3.60,1245.16,1.27
532,444722776,"00532M13:03:46.354","00532 13:16:52",239.68,849.42,,,,"     ",3.60,1255.08,1.28
532,444722777,"00532M13:03:47.327","00532 13:16:53",239.68,849.43,,,,"     ",3.60,1245.67,1.27
532,444722778,"00532M13:03:48.300","00532 13:16:54",239.69,849.56,,,,"     ",3.60,1242.77,1.27
532,444722779,"00532M13:03:49.273","00532 13:16:55",239.70,849.55,,,,"     ",3.60,1237.60,1.26
532,444722780,"00532M13:03:50.247","00532 13:16:56",239.72,849.55,,,,"     ",3.60,1239.63,1.27
532,444722781,"00532M13:03:51.220","00532 13:16:57",239.72,849.49,,,,"     ",3.60,1247.72,1.27
532,444722782,"00532M13:03:52.193","00532 13:16:58",239.71,849.51,,,,"     ",3.60,1228.01,1.25
532,444722783,"00532M13:03:53.166","00532 13:16:59",239.69,849.52,,,,"     ",3.60,1252.47,1.28
532,444722784,"00532M13:03:54.140","00532 13:17:00",239.66,849.56,,,,"     ",3.60,1236.60,1.26
532,444722785,"00532M13:03:55.113","00532 13:17:01",239.62,849.47,,,,"     ",3.60,1244.32,1.27
532,444722786,"00532M13:03:56.086","00532 13:17:02",239.58,849.55,,,,"     ",3.60,1260.56,1.29
532,444722787,"00532M13:03:57.059","00532 13:17:03",239.53,849.47,,,,"     ",3.60,1238.94,1.26
532,444722788,"00532M13:03:58.033","00532 13:17:04",239.48,849.45,,,,"     ",3.60,1241.39,1.27
532,444722789,"00532M13:03:59.006","00532 13:17:05",239.44,849.52,,,,"     ",3.60,1241.37,1.27
532,444722790,"00532M13:03:59.979","00532 13:17:06",239.41,849.46,,,,"     ",3.60,1234.43,1.26
532,444722791,"00532M13:04:00.952","00532 13:17:07",239.39,849.39,,,,"     ",3.60,1237.99,1.26
532,444722792,"00532M13:04:01.926","00532 13:17:08",239.39,849.39,,,,"     ",3.60,1249.45,1.28
532,444722793,"00532M13:04:02.899","00532 13:17:09",239.41,849.37,,,,"     ",3.60,1252.10,1.28
532,444722794,"00532M13:04:03.872","00532 13:17:10",239.44,849.46,,,,"     ",3.60,1235.09,1.26
532,444722795,"00532M13:04:04.845","00532 13:17:11",239.48,849.48,,,,"     ",3.60,1251.70,1.28
532,444722796,"00532M13:04:05.819","00532 13:17:12",239.53,849.55,,,,"     ",3.60,1246.35,1.27
532,444722797,"00532M13:04:06.792","00532 13:17:13",239.58,849.55,,,,"     ",3.60,1244.95,1.27
532,444722798,"00532M13:04:07.765","00532 13:17:14",239.63,849.52,,,,"     ",3.60,1249.61,1.28
532,444722799,"00532M13:04:08.738","00532 13:17:15",239.67,849.56,,,,"     ",3.60,1240.31,1.27
532,444722800,"00532M13:04:09.712","00532 13:17:16",239.70,849.58,,,,"     ",3.60,1237.92,1.27
532,444722801,"00532M13:04:10.685","00532 13:17:17",239.72,849.55,,,,"     ",3.60,1241.07,1.27
532,444722802,"00532M13:04:11.658","00532 13:17:18",239.73,849.42,,,,"     ",3.60,1253.85,1.28
532,444722803,"00532M13:04:12.632","00532 13:17:19",239.74,849.49,,,,"     ",3.60,1232.80,1.26
532,444722804,"00532M13:04:13.605","00532 13:17:20",239.73,849.44,,,,"     ",3.60,1238.85,1.27
532,444722805,"00532M13:04:14.578","00532 13:17:21",239.71,849.47,,,,"     ",3.60,1250.40,1.28
532,444722806,"00532M13:04:15.551","00532 13:17:22",239.69,849.44,,,,"     ",3.60,1243.83,1.27
532,444722807,"00532M13:04:16.525","00532 13:17:23",239.66,849.53,,,,"     ",3.60,1261.94,1.29
532,444722808,"00532M13:04:17.498","00532 13:17:24",239.62,849.45,,,,"     ",3.60,1258.66,1.29
532,444722809,"00532M13:04:18.471","00532 13:17:24",239.57,849.52,,,,"     ",3.60,1242.50,1.27
532,444722810,"00532M13:04:19.444","00532 13:17:25",239.51,849.45,,,,"     ",3.60,1254.33,1.29
532,444722811,"00532M13:04:20.418","00532 13:17:26",239.45,849.41,,,,"     ",3.60,1236.55,1.27
532,444722812,"00532M13:04:21.391","00532 13:17:27",239.37,849.37,,,,"     ",3.60,1254.32,1.29
532,444722813,"00532M13:04:22.364","00532 13:17:28",239.29,849.41,,,,"     ",3.60,1238.62,1.27
532,444722814,"00532M13:04:23.337","00532 13:17:29",239.20,849.42,,,,"     ",3.60,1244.67,1.28
532,444722815,"00532M13:04:24.311","00532 13:17:30",239.12,849.49,,,,"     ",3.60,1243.55,1.28
532,444722816,"00532M13:04:25.284","00532 13:17:31",239.05,849.37,,,,"     ",3.60,1240.04,1.27
532,444722817,"00532M13:04:26.257","00532 13:17:32",238.98,849.50,,,,"     ",3.60,1234.52,1.27
532,444722818,"00532M13:04:27.230","00532 13:17:33",238.93,849.36,,,,"     ",3.60,1233.36,1.27
532,444722819,"00532M13:04:28.204","00532 13:17:34",238.89,849.39,,,,"     ",3.60,1237.02,1.27
532,444722820,"00532M13:04:29.177","00532 13:17:35",238.86,849.35,,,,"     ",3.60,1249.15,1.28
532,444722821,"00532M13:04:30.150","00532 13:17:36",238.84,849.41,,,,"     ",3.60,1242.73,1.28
532,444722822,"00532M13:04:31.123","00532 13:17:37",238.82,849.40,,,,"     ",3.60,1255.07,1.29
532,444722823,"00532M13:04:32.097","00532 13:17:38",238.81,849.34,,,,"     ",3.60,1235.39,1.27
532,444722824,"00532M13:04:33.070","00532 13:17:39",238.82,849.34,,,,"     ",3.60,1247.56,1.28
532,444722825,"00532M13:04:34.043","00532 13:17:40",238.83,849.38,,,,"     ",3.60,1220.91,1.26
532,444722826,"00532M13:04:35.016","00532 13:17:41",238.85,849.38,,,,"     ",3.60,1242.58,1.28
532,444722827,"00532M13:04:35.990","00532 13:17:42",238.87,849.37,,,,"     ",3.60,1232.33,1.27
532,444722828,"00532M13:04:36.963","00532 13:17:43",238.91,849.35,,,,"     ",3.60,1238.64,1.28
532,444722829,"00532M13:04:37.936","00532 13:17:44",238.95,849.45,,,,"     ",3.60,1227.27,1.27
532,444722830,"00532M13:04:38.909","00532 13:17:45",238.99,849.40,,,,"     ",3.60,1244.36,1.28
532,444722831,"00532M13:04:39.883","00532 13:17:46",239.04,849.47,,,,"     ",3.60,1238.71,1.28
532,444722832,"00532M13:04:40.856","00532 13:17:47",239.09,849.40,,,,"     ",3.60,1234.95,1.27
532,444722833,"00532M13:04:41.829","00532 13:17:48",239.15,849.44,,,,"     ",3.60,1248.91,1.29
532,444722834,"00532M13:04:42.802","00532 13:17:49",239.22,849.41,,,,"     ",3.60,1238.32,1.28
532,444722835,"00532M13:04:43.776","00532 13:17:50",239.29,849.35,,,,"     ",3.60,1250.97,1.29
532,444722836,"00532M13:04:44.749","00532 13:17:51",239.34,849.30,,,,"     ",3.60,1246.53,1.29
532,444722837,"00532M13:04:45.722","00532 13:17:52",239.39,849.32,,,,"     ",3.60,1253.01,1.29
532,444722838,"00532M13:04:46.695","00532 13:17:53",239.43,849.38,,,,"     ",3.60,1239.48,1.28
532,444722839,"00532M13:04:47.669","00532 13:17:54",239.45,849.41,,,,"     ",3.60,1232.02,1.27
532,444722840,"00532M13:04:48.642","00532 13:17:55",239.47,849.36,,,,"     ",3.60,1232.09,1.27
532,444722841,"00532M13:04:49.615","00532 13:17:56",239.46,849.29,,,,"     ",3.60,1240.63,1.28
532,444722842,"00532M13:04:50.588","00532 13:17:57",239.44,849.35,,,,"     ",3.60,1234.78,1.28
532,444722843,"00532M13:04:51.562","00532 13:17:58",239.40,849.36,,,,"     ",3.60,1244.31,1.29
532,444722844,"00532M13:04:52.535","00532 13:17:59",239.35,849.42,,,,"     ",3.60,1234.94,1.28
532,444722845,"00532M13:04:53.508","00532 13:18:00",239.29,849.39,,,,"     ",3.60,1247.75,1.29
532,444722846,"00532M13:04:54.481","00532 13:18:01",239.24,849.33,,,,"     ",3.60,1243.26,1.29
532,444722847,"00532M13:04:55.455","00532 13:18:01",239.18,849.37,,,,"     ",3.60,1229.75,1.27
532,444722848,"00532M13:04:56.428","00532 13:18:02",239.13,849.38,,,,"     ",3.60,1245.37,1.29
532,444722849,"00532M13:04:57.401","00532 13:18:03",239.10,849.40,,,,"     ",3.60,1239.29,1.28
532,444722850,"00532M13:04:58.374","00532 13:18:04",239.08,849.34,,,,"     ",3.60,1236.13,1.28
532,444722851,"00532M13:04:59.348","00532 13:18:05",239.07,849.27,,,,"     ",3.60,1248.59,1.29
532,444722852,"00532M13:05:00.321","00532 13:18:06",239.06,849.33,,,,"     ",3.60,1227.16,1.27
532,444722853,"00532M13:05:01.294","00532 13:18:07",239.05,849.32,,,,"     ",3.60,1239.98,1.28
532,444722854,"00532M13:05:02.267","00532 13:18:08",239.03,849.35,,,,"     ",3.60,1237.89,1.28
532,444722855,"00532M13:05:03.241","00532 13:18:09",239.02,849.37,,,,"     ",3.60,1250.27,1.29
532,444722856,"00532M13:05:04.214","00532 13:18:10",239.00,849.31,,,,"     ",3.60,1243.24,1.29
532,444722857,"00532M13:05:05.187","00532 13:18:11",238.98,849.43,,,,"     ",3.60,1232.94,1.28
532,444722858,"00532M13:05:06.160","00532 13:18:12",238.95,849.42,,,,"     ",3.60,1229.59,1.27
532,444722859,"00532M13:05:07.134","00532 13:18:13",238.92,849.38,,,,"     ",3.60,1220.18,1.26
532,444722860,"00532M13:05:08.107","00532 13:18:14",238.89,849.37,,,,"     ",3.60,1241.23,1.29
532,444722861,"00532M13:05:09.080","00532 13:18:15",238.84,849.40,,,,"     ",3.60,1224.97,1.27
532,444722862,"00532M13:05:10.053","00532 13:18:16",238.79,849.44,,,,"     ",3.60,1238.52,1.28
532,444722863,"00532M13:05:11.027","00532 13:18:17",238.73,849.47,,,,"     ",3.60,1230.71,1.28
532,444722864,"00532M13:05:12.000","00532 13:18:18",238.68,849.47,,,,"     ",3.60,1229.79,1.27
532,444722865,"00532M13:05:12.973","00532 13:18:19",238.63,849.47,,,,"     ",3.60,1232.34,1.28
532,444722866,"00532M13:05:13.946","00532 13:18:20",238.60,849.41,,,,"     ",3.60,1229.41,1.28
532,444722867,"00532M13:05:14.920","00532 13:18:21",238.59,849.43,,,,"     ",3.60,1235.88,1.28
532,444722868,"00532M13:05:15.893","00532 13:18:22",238.59,849.40,,,,"     ",3.60,1240.04,1.29
532,444722869,"00532M13:05:16.866","00532 13:18:23",238.60,849.41,,,,"     ",3.60,1232.78,1.28
532,444722870,"00532M13:05:17.839","00532 13:18:24",238.61,849.34,,,,"     ",3.60,1237.63,1.28
532,444722871,"00532M13:05:18.813","00532 13:18:25",238.64,849.39,,,,"     ",3.60,1234.49,1.28
532,444722872,"00532M13:05:19.786","00532 13:18:26",238.67,849.32,,,,"     ",3.60,1225.33,1.27
532,444722873,"00532M13:05:20.759","00532 13:18:27",238.72,849.37,,,,"     ",3.60,1239.04,1.29
532,444722874,"00532M13:05:21.733","00532 13:18:28",238.76,849.31,,,,"     ",3.60,1232.91,1.28
532,444722875,"00532M13:05:22.706","00532 13:18:29",238.81,849.34,,,,"     ",3.60,1241.45,1.29
532,444722876,"00532M13:05:23.679","00532 13:18:30",238.87,849.38,,,,"     ",3.60,1238.76,1.29
532,444722877,"00532M13:05:24.652","00532 13:18:31",238.92,849.41,,,,"     ",3.60,1216.60,1.26
532,444722878,"00532M13:05:25.626","00532 13:18:32",238.96,849.34,,,,"     ",3.60,1236.66,1.29
532,444722879,"00532M13:05:26.599","00532 13:18:33",238.99,849.28,,,,"     ",3.60,1229.32,1.28
532,444722880,"00532M13:05:27.572","00532 13:18:34",239.02,849.22,,,,"     ",3.60,1217.48,1.27
532,444722881,"00532M13:05:28.545","00532 13:18:35",239.02,849.26,,,,"     ",3.60,1227.20,1.28
532,444722882,"00532M13:05:29.519","00532 13:18:36",239.03,849.35,,,,"     ",3.60,1241.53,1.29
532,444722883,"00532M13:05:30.492","00532 13:18:37",239.02,849.33,,,,"     ",3.60,1222.01,1.27
532,444722884,"00532M13:05:31.465","00532 13:18:37",239.00,849.38,,,,"     ",3.60,1226.85,1.28
532,444722885,"00532M13:05:32.438","00532 13:18:38",238.97,849.33,,,,"     ",3.60,1228.02,1.28
532,444722886,"00532M13:05:33.412","00532 13:18:39",238.94,849.37,,,,"     ",3.60,1229.60,1.28
532,444722887,"00532M13:05:34.385","00532 13:18:40",238.90,849.39,,,,"     ",3.60,1225.32,1.28
532,444722888,"00532M13:05:35.358","00532 13:18:41",238.85,849.35,,,,"     ",3.60,1225.56,1.28
532,444722889,"00532M13:05:36.331","00532 13:18:42",238.79,849.30,,,,"     ",3.60,1220.61,1.27
532,444722890,"00532M13:05:37.305","00532 13:18:43",238.72,849.27,,,,"     ",3.60,1236.53,1.29
532,444722891,"00532M13:05:38.278","00532 13:18:44",238.64,849.15,,,,"     ",3.60,1220.38,1.27
532,444722892,"00532M13:05:39.251","00532 13:18:45",238.58,849.24,,,5.94,"  100100",3.60,1232.24,1.28
532,444722893,"00532M13:05:40.224","00532 13:18:46",238.64,849.24,,,,"     ",3.60,1214.17,1.27
532,444722894,"00532M13:05:41.198","00532 13:18:47",238.70,849.22,,,,"     ",3.60,1246.26,1.30
532,444722895,"00532M13:05:42.171","00532 13:18:48",238.76,849.24,,,,"     ",3.60,1223.94,1.28
532,444722896,"00532M13:05:43.144","00532 13:18:49",238.81,849.27,,,,"     ",3.60,1232.12,1.29
532,444722897,"00532M13:05:44.117","00532 13:18:50",238.87,849.22,,,,"     ",3.60,1217.75,1.27
532,444722898,"00532M13:05:45.091","00532 13:18:51",238.92,849.31,,,,"     ",3.60,1212.47,1.27
532,444722899,"00532M13:05:46.064","00532 13:18:52",238.97,849.24,,,,"     ",3.60,1230.31,1.28
532,444722900,"00532M13:05:47.037","00532 13:18:53",239.02,849.26,,,,"     ",3.60,1221.47,1.27
532,444722901,"00532M13:05:48.010","00532 13:18:54",239.06,849.27,,,,"     ",3.60,1219.38,1.27
532,444722902,"00532M13:05:48.984","00532 13:18:55",239.10,849.33,,,,"     ",3.60,1240.59,1.30
532,444722903,"00532M13:05:49.957","00532 13:18:56",239.14,849.26,,,,"     ",3.60,1224.25,1.28
532,444722904,"00532M13:05:50.930","00532 13:18:57",239.18,849.25,,,,"     ",3.60,1221.37,1.28
532,444722905,"00532M13:05:51.903","00532 13:18:58",239.23,849.20,,,,"     ",3.60,1244.10,1.30
532,444722906,"00532M13:05:52.877","00532 13:18:59",239.27,849.23,,,,"     ",3.60,1225.81,1.28
532,444722907,"00532M13:05:53.850","00532 13:19:00",239.30,849.23,,,,"     ",3.60,1240.80,1.30
532,444722908,"00532M13:05:54.823","00532 13:19:01",239.31,849.26,,,,"     ",3.60,1216.83,1.27
532,444722909,"00532M13:05:55.796","00532 13:19:02",239.31,849.22,,,,"     ",3.60,1223.18,1.28
532,444722910,"00532M13:05:56.770","00532 13:19:03",239.28,849.24,,,,"     ",3.60,1212.42,1.27
532,444722911,"00532M13:05:57.743","00532 13:19:04",239.23,849.31,,,,"     ",3.60,1217.30,1.27
532,444722912,"00532M13:05:58.716","00532 13:19:05",239.18,849.23,,,,"     ",3.60,1210.65,1.26
532,444722913,"00532M13:05:59.689","00532 13:19:06",239.12,849.22,,,,"     ",3.60,1212.36,1.27
532,444722914,"00532M13:06:00.663","00532 13:19:07",239.07,849.27,,,,"     ",3.60,1209.31,1.26
532,444722915,"00532M13:06:01.636","00532 13:19:08",239.03,849.12,,,,"     ",3.60,1219.93,1.28
532,444722916,"00532M13:06:02.609","00532 13:19:09",238.99,849.19,,,,"     ",3.60,1228.74,1.28
532,444722917,"00532M13:06:03.582","00532 13:19:10",238.95,849.25,,,,"     ",3.60,1221.37,1.28
532,444722918,"00532M13:06:04.556","00532 13:19:11",238.92,849.23,,,,"     ",3.60,1233.42,1.29
532,444722919,"00532M13:06:05.529","00532 13:19:12",238.88,849.14,,,,"     ",3.60,1225.75,1.28
532,444722920,"00532M13:06:06.502","00532 13:19:13",238.84,849.22,,,,"     ",3.60,1222.27,1.28
532,444722921,"00532M13:06:07.475","00532 13:19:14",238.80,849.20,,,,"     ",3.60,1219.14,1.27
532,444722922,"00532M13:06:08.449","00532 13:19:14",238.76,849.20,,,,"     ",3.60,1228.89,1.28
532,444722923,"00532M13:06:09.422","00532 13:19:15",238.71,849.11,,,,"     ",3.60,1218.93,1.27
532,444722924,"00532M13:06:10.395","00532 13:19:16",238.66,849.21,,,,"     ",3.60,1226.16,1.28
532,444722925,"00532M13:06:11.368","00532 13:19:17",238.62,849.18,,,,"     ",3.60,1221.63,1.28
532,444722926,"00532M13:06:12.342","00532 13:19:18",238.56,849.22,,,,"     ",3.60,1224.44,1.28
532,444722927,"00532M13:06:13.315","00532 13:19:19",238.51,849.13,,,,"     ",3.60,1208.89,1.26
532,444722928,"00532M13:06:14.288","00532 13:19:20",238.44,849.18,,,,"     ",3.60,1230.54,1.28
532,444722929,"00532M13:06:15.261","00532 13:19:21",238.39,849.14,,,,"     ",3.60,1233.57,1.29
532,444722930,"00532M13:06:16.235","00532 13:19:22",238.34,849.22,,,,"     ",3.60,1218.32,1.27
532,444722931,"00532M13:06:17.208","00532 13:19:23",238.29,849.20,,,,"     ",3.60,1217.99,1.27
532,444722932,"00532M13:06:18.181","00532 13:19:24",238.24,849.18,,,,"     ",3.60,1236.48,1.29
532,444722933,"00532M13:06:19.154","00532 13:19:25",238.20,849.16,,,,"     ",3.60,1229.96,1.28
532,444722934,"00532M13:06:20.128","00532 13:19:26",238.15,849.12,,,,"     ",3.60,1213.48,1.26
532,444722935,"00532M13:06:21.101","00532 13:19:27",238.10,849.17,,,,"     ",3.60,1239.99,1.29
532,444722936,"00532M13:06:22.074","00532 13:19:28",238.04,849.08,,,,"     ",3.60,1226.19,1.28
532,444722937,"00532M13:06:23.047","00532 13:19:29",237.98,849.09,,,,"     ",3.60,1236.29,1.29
532,444722938,"00532M13:06:24.021","00532 13:19:30",237.91,849.06,,,,"     ",3.60,1240.12,1.29
532,444722939,"00532M13:06:24.994","00532 13:19:31",237.85,849.13,,,,"     ",3.60,1227.35,1.28
532,444722940,"00532M13:06:25.967","00532 13:19:32",237.78,849.20,,,,"     ",3.60,1230.35,1.28
532,444722941,"00532M13:06:26.940","00532 13:19:33",237.73,849.16,,,,"     ",3.60,1234.40,1.28
532,444722942,"00532M13:06:27.914","00532 13:19:34",237.68,849.12,,,,"     ",3.60,1209.06,1.26
532,444722943,"00532M13:06:28.887","00532 13:19:35",237.64,849.07,,,,"     ",3.60,1234.03,1.28
532,444722944,"00532M13:06:29.860","00532 13:19:36",237.60,849.03,,,,"     ",3.60,1222.58,1.27
532,444722945,"00532M13:06:30.834","00532 13:19:37",237.57,849.09,,,,"     ",3.60,1220.22,1.27
532,444722946,"00532M13:06:31.807","00532 13:19:38",237.56,849.11,,,,"     ",3.60,1230.32,1.28
532,444722947,"00532M13:06:32.780","00532 13:19:39",237.56,849.12,,,,"     ",3.60,1232.59,1.28
532,444722948,"00532M13:06:33.753","00532 13:19:40",237.58,849.10,,,,"     ",3.60,1241.93,1.29
532,444722949,"00532M13:06:34.727","00532 13:19:41",237.60,849.11,,,,"     ",3.60,1230.13,1.28
532,444722950,"00532M13:06:35.700","00532 13:19:42",237.63,848.98,,,,"     ",3.60,1234.31,1.28
532,444722951,"00532M13:06:36.673","00532 13:19:43",237.66,849.07,,,,"     ",3.60,1224.80,1.27
532,444722952,"00532M13:06:37.646","00532 13:19:44",237.68,849.06,,,,"     ",3.60,1231.20,1.28
532,444722953,"00532M13:06:38.620","00532 13:19:45",237.70,849.01,,,,"     ",3.60,1219.86,1.26
532,444722954,"00532M13:06:39.593","00532 13:19:46",237.72,849.01,,,,"     ",3.60,1233.68,1.28
532,444722955,"00532M13:06:40.566","00532 13:19:47",237.73,848.94,,,,"     ",3.60,1238.67,1.28
532,444722956,"00532M13:06:41.539","00532 13:19:48",237.74,849.04,,,,"     ",3.60,1240.47,1.28
532,444722957,"00532M13:06:42.513","00532 13:19:49",237.75,849.03,,,,"     ",3.60,1230.42,1.27
532,444722958,"00532M13:06:43.486","00532 13:19:50",237.76,849.04,,,,"     ",3.60,1224.40,1.27
532,444722959,"00532M13:06:44.459","00532 13:19:50",237.78,848.97,,,,"     ",3.60,1254.90,1.30
532,444722960,"00532M13:06:45.432","00532 13:19:51",237.79,849.01,,,,"     ",3.60,1238.37,1.28
532,444722961,"00532M13:06:46.406","00532 13:19:52",237.81,849.06,,,,"     ",3.60,1234.00,1.27
532,444722962,"00532M13:06:47.379","00532 13:19:53",237.83,849.04,,,,"     ",3.60,1242.96,1.28
532,444722963,"00532M13:06:48.352","00532 13:19:54",237.85,849.06,,,,"     ",3.60,1241.65,1.28
532,444722964,"00532M13:06:49.325","00532 13:19:55",237.88,849.08,,,,"     ",3.60,1232.63,1.27
532,444722965,"00532M13:06:50.299","00532 13:19:56",237.91,849.08,,,,"     ",3.60,1213.95,1.25
532,444722966,"00532M13:06:51.272","00532 13:19:57",237.96,849.08,,,,"     ",3.60,1246.18,1.28
532,444722967,"00532M13:06:52.245","00532 13:19:58",238.02,849.10,,,,"     ",3.60,1230.38,1.27
532,444722968,"00532M13:06:53.218","00532 13:19:59",238.09,849.07,,,,"     ",3.60,1228.57,1.26
532,444722969,"00532M13:06:54.192","00532 13:20:00",238.17,849.00,,,,"     ",3.60,1232.43,1.27
532,444722970,"00532M13:06:55.165","00532 13:20:01",238.25,849.02,,,,"     ",3.60,1239.02,1.27
532,444722971,"00532M13:06:56.138","00532 13:20:02",238.32,849.04,,,,"     ",3.60,1251.17,1.29
532,444722972,"00532M13:06:57.111","00532 13:20:03",238.39,849.01,,,,"     ",3.60,1243.83,1.28
532,444722973,"00532M13:06:58.085","00532 13:20:04",238.46,849.09,,,,"     ",3.60,1240.06,1.27
532,444722974,"00532M13:06:59.058","00532 13:20:05",238.52,849.09,,,,"     ",3.60,1238.55,1.27
532,444722975,"00532M13:07:00.031","00532 13:20:06",238.59,849.03,,,,"     ",3.60,1246.21,1.28
532,444722976,"00532M13:07:01.004","00532 13:20:07",238.66,849.07,,,,"     ",3.60,1247.05,1.28
532,444722977,"00532M13:07:01.978","00532 13:20:08",238.74,849.10,,,,"     ",3.60,1248.84,1.28
532,444722978,"00532M13:07:02.951","00532 13:20:09",238.82,849.01,,,,"     ",3.60,1245.74,1.28
532,444722979,"00532M13:07:03.924","00532 13:20:10",238.90,849.08,,,,"     ",3.60,1245.02,1.27
532,444722980,"00532M13:07:04.897","00532 13:20:11",238.97,849.10,,,,"     ",3.60,1246.02,1.28
532,444722981,"00532M13:07:05.871","00532 13:20:12",239.04,849.13,,,,"     ",3.60,1241.99,1.27
532,444722982,"00532M13:07:06.844","00532 13:20:13",239.10,849.09,,,,"     ",3.60,1251.06,1.28
532,444722983,"00532M13:07:07.817","00532 13:20:14",239.16,849.04,,,,"     ",3.60,1255.11,1.28
532,444722984,"00532M13:07:08.790","00532 13:20:15",239.21,848.97,,,,"     ",3.60,1247.98,1.27
532,444722985,"00532M13:07:09.764","00532 13:20:16",239.27,849.00,,,,"     ",3.60,1246.36,1.27
532,444722986,"00532M13:07:10.737","00532 13:20:17",239.31,849.02,,,,"     ",3.60,1252.20,1.28
532,444722987,"00532M13:07:11.710","00532 13:20:18",239.34,849.04,,,,"     ",3.60,1256.35,1.28
532,444722988,"00532M13:07:12.683","00532 13:20:19",239.35,849.02,,,,"     ",3.60,1234.56,1.26
532,444722989,"00532M13:07:13.657","00532 13:20:20",239.35,849.05,,,,"     ",3.60,1241.34,1.26
532,444722990,"00532M13:07:14.630","00532 13:20:21",239.32,848.95,,,,"     ",3.60,1242.35,1.26
532,444722991,"00532M13:07:15.603","00532 13:20:22",239.28,849.08,,,,"     ",3.60,1257.72,1.28
532,444722992,"00532M13:07:16.576","00532 13:20:23",239.24,849.07,,,,"     ",3.60,1238.56,1.26
532,444722993,"00532M13:07:17.550","00532 13:20:24",239.19,849.04,,,,"     ",3.60,1259.58,1.28
532,444722994,"00532M13:07:18.523","00532 13:20:25",239.16,849.04,,,,"     ",3.60,1253.96,1.27
532,444722995,"00532M13:07:19.496","00532 13:20:26",239.14,849.09,,,,"     ",3.60,1253.82,1.27
532,444722996,"00532M13:07:20.469","00532 13:20:27",239.12,849.02,,,,"     ",3.60,1252.34,1.27
532,444722997,"00532M13:07:21.443","00532 13:20:27",239.12,849.06,,,,"     ",3.60,1249.76,1.27
532,444722998,"00532M13:07:22.416","00532 13:20:28",239.13,849.12,,,,"     ",3.60,1236.48,1.25
532,444722999,"00532M13:07:23.389","00532 13:20:29",239.15,849.04,,,,"     ",3.60,1249.69,1.27
532,444723000,"00532M13:07:24.362","00532 13:20:30",239.19,849.04,,,,"     ",3.60,1253.36,1.27
532,444723001,"00532M13:07:25.336","00532 13:20:31",239.23,849.07,,,,"     ",3.60,1268.35,1.28
532,444723002,"00532M13:07:26.309","00532 13:20:32",239.29,849.06,,,,"     ",3.60,1269.71,1.28
532,444723003,"00532M13:07:27.282","00532 13:20:33",239.35,849.11,,,,"     ",3.60,1243.92,1.26
532,444723004,"00532M13:07:28.255","00532 13:20:34",239.42,849.06,,,,"     ",3.60,1256.12,1.27
532,444723005,"00532M13:07:29.229","00532 13:20:35",239.48,849.07,,,,"     ",3.60,1264.95,1.28
532,444723006,"00532M13:07:30.202","00532 13:20:36",239.53,849.07,,,,"     ",3.60,1251.86,1.26
532,444723007,"00532M13:07:31.175","00532 13:20:37",239.57,849.04,,,,"     ",3.60,1261.49,1.27
532,444723008,"00532M13:07:32.148","00532 13:20:38",239.60,848.97,,,,"     ",3.60,1260.97,1.27
532,444723009,"00532M13:07:33.122","00532 13:20:39",239.61,848.98,,,,"     ",3.60,1251.94,1.26
532,444723010,"00532M13:07:34.095","00532 13:20:40",239.61,849.03,,,,"     ",3.60,1262.47,1.27
532,444723011,"00532M13:07:35.068","00532 13:20:41",239.60,849.06,,,,"     ",3.60,1247.69,1.26
532,444723012,"00532M13:07:36.041","00532 13:20:42",239.58,849.18,,,,"     ",3.60,1258.65,1.27
532,444723013,"00532M13:07:37.015","00532 13:20:43",239.55,849.06,,,,"     ",3.60,1260.18,1.27
532,444723014,"00532M13:07:37.988","00532 13:20:44",239.51,849.06,,,,"     ",3.60,1247.07,1.26
532,444723015,"00532M13:07:38.961","00532 13:20:45",239.47,849.07,,,,"     ",3.60,1256.63,1.27
532,444723016,"00532M13:07:39.935","00532 13:20:46",239.44,849.10,,,,"     ",3.60,1266.14,1.27
532,444723017,"00532M13:07:40.908","00532 13:20:47",239.40,849.00,,,,"     ",3.60,1249.52,1.26
532,444723018,"00532M13:07:41.881","00532 13:20:48",239.39,849.06,,,,"     ",3.60,1253.45,1.26
532,444723019,"00532M13:07:42.854","00532 13:20:49",239.39,849.05,,,,"     ",3.60,1239.08,1.25
532,444723020,"00532M13:07:43.828","00532 13:20:50",239.41,849.08,,,,"     ",3.60,1261.96,1.27
532,444723021,"00532M13:07:44.801","00532 13:20:51",239.45,849.15,,,,"     ",3.60,1248.94,1.26
532,444723022,"00532M13:07:45.774","00532 13:20:52",239.49,849.13,,,,"     ",3.60,1268.90,1.28
532,444723023,"00532M13:07:46.747","00532 13:20:53",239.54,849.12,,,,"     ",3.60,1267.34,1.27
532,444723024,"00532M13:07:47.721","00532 13:20:54",239.58,849.10,,,,"     ",3.60,1269.56,1.28
532,444723025,"00532M13:07:48.694","00532 13:20:55",239.62,849.05,,,,"     ",3.60,1246.73,1.25
532,444723026,"00532M13:07:49.667","00532 13:20:56",239.65,849.01,,,,"     ",3.60,1253.79,1.26
532,444723027,"00532M13:07:50.640","00532 13:20:57",239.66,848.95,,,,"     ",3.60,1255.02,1.26
532,444723028,"00532M13:07:51.614","00532 13:20:58",239.67,848.93,,,,"     ",3.60,1263.86,1.27
532,444723029,"00532M13:07:52.587","00532 13:20:59",239.67,848.94,,,,"     ",3.60,1259.83,1.27
532,444723030,"00532M13:07:53.560","00532 13:21:00",239.67,848.98,,,,"     ",3.60,1259.94,1.27
532,444723031,"00532M13:07:54.533","00532 13:21:01",239.66,848.97,,,,"     ",3.60,1264.44,1.27
532,444723032,"00532M13:07:55.507","00532 13:21:02",239.64,848.84,,,,"     ",3.60,1250.04,1.26
532,444723033,"00532M13:07:56.480","00532 13:21:03",239.62,848.97,,,,"     ",3.60,1259.07,1.26
532,444723034,"00532M13:07:57.453","00532 13:21:04",239.61,848.91,,,,"     ",3.60,1259.88,1.27
532,444723035,"00532M13:07:58.426","00532 13:21:04",239.59,848.94,,,,"     ",3.60,1234.00,1.24
532,444723036,"00532M13:07:59.400","00532 13:21:05",239.57,848.90,,,,"     ",3.60,1253.06,1.26
532,444723037,"00532M13:08:00.373","00532 13:21:06",239.55,849.00,,,,"     ",3.60,1264.88,1.27
532,444723038,"00532M13:08:01.346","00532 13:21:07",239.52,848.85,,,,"     ",3.60,1246.72,1.25
532,444723039,"00532M13:08:02.319","00532 13:21:08",239.49,848.87,,,,"     ",3.60,1257.64,1.26
532,444723040,"00532M13:08:03.293","00532 13:21:09",239.44,848.86,,,,"     ",3.60,1259.22,1.26
532,444723041,"00532M13:08:04.266","00532 13:21:10",239.39,848.83,,,,"     ",3.60,1235.96,1.24
532,444723042,"00532M13:08:05.239","00532 13:21:11",239.33,848.90,,,,"     ",3.60,1252.23,1.26
532,444723043,"00532M13:08:06.212","00532 13:21:12",239.28,848.94,,,,"     ",3.60,1263.57,1.27
532,444723044,"00532M13:08:07.186","00532 13:21:13",239.22,848.90,,,,"     ",3.60,1265.30,1.27
532,444723045,"00532M13:08:08.159","00532 13:21:14",239.18,848.94,,,,"     ",3.60,1249.99,1.26
532,444723046,"00532M13:08:09.132","00532 13:21:15",239.14,848.98,,,,"     ",3.60,1255.24,1.26
532,444723047,"00532M13:08:10.105","00532 13:21:16",239.11,848.95,,,,"     ",3.60,1247.29,1.25
532,444723048,"00532M13:08:11.079","00532 13:21:17",239.08,848.85,,,,"     ",3.60,1258.25,1.27
532,444723049,"00532M13:08:12.052","00532 13:21:18",239.06,848.84,,,,"     ",3.60,1269.87,1.28
532,444723050,"00532M13:08:13.025","00532 13:21:19",239.04,848.87,,,,"     ",3.60,1256.14,1.26
532,444723051,"00532M13:08:13.998","00532 13:21:20",239.01,848.82,,,,"     ",3.60,1243.00,1.25
532,444723052,"00532M13:08:14.972","00532 13:21:21",238.97,848.89,,,,"     ",3.60,1251.21,1.26
532,444723053,"00532M13:08:15.945","00532 13:21:22",238.91,848.84,,,,"     ",3.60,1257.18,1.27
532,444723054,"00532M13:08:16.918","00532 13:21:23",238.84,848.87,,,,"     ",3.60,1256.42,1.27
532,444723055,"00532M13:08:17.891","00532 13:21:24",238.75,848.84,,,,"     ",3.60,1255.66,1.26
532,444723056,"00532M13:08:18.865","00532 13:21:25",238.66,848.96,,,,"     ",3.60,1257.50,1.27
532,444723057,"00532M13:08:19.838","00532 13:21:26",238.56,848.96,,,,"     ",3.60,1245.19,1.25
532,444723058,"00532M13:08:20.811","00532 13:21:27",238.46,848.90,,,,"     ",3.60,1244.27,1.25
532,444723059,"00532M13:08:21.784","00532 13:21:28",238.37,848.91,,,,"     ",3.60,1250.38,1.26
532,444723060,"00532M13:08:22.758","00532 13:21:29",238.29,849.01,,,,"     ",3.60,1230.59,1.24
532,444723061,"00532M13:08:23.731","00532 13:21:30",238.21,848.90,,,,"     ",3.60,1248.16,1.26
532,444723062,"00532M13:08:24.704","00532 13:21:31",238.15,848.87,,,,"     ",3.60,1240.00,1.25
532,444723063,"00532M13:08:25.677","00532 13:21:32",238.10,848.84,,,,"     ",3.60,1246.94,1.26
532,444723064,"00532M13:08:26.651","00532 13:21:33",238.07,848.85,,,,"     ",3.60,1241.59,1.25
532,444723065,"00532M13:08:27.624","00532 13:21:34",238.05,848.94,,,,"     ",3.60,1248.59,1.26
532,444723066,"00532M13:08:28.597","00532 13:21:35",238.06,848.99,,,,"     ",3.60,1243.96,1.26
532,444723067,"00532M13:08:29.570","00532 13:21:36",238.07,848.90,,,,"     ",3.60,1246.40,1.26
532,444723068,"00532M13:08:30.544","00532 13:21:37",238.08,848.94,,,,"     ",3.60,1237.22,1.25
532,444723069,"00532M13:08:31.517","00532 13:21:38",238.07,848.89,,,,"     ",3.60,1233.05,1.25
532,444723070,"00532M13:08:32.490","00532 13:21:39",237.99,848.88,,,,"     ",3.60,1252.39,1.27
532,444723071,"00532M13:08:33.463","00532 13:21:40",237.90,848.95,,,,"     ",3.60,1238.65,1.25
532,444723072,"00532M13:08:34.437","00532 13:21:40",237.81,848.88,,,,"     ",3.60,1243.13,1.26
532,444723073,"00532M13:08:35.410","00532 13:21:41",237.71,848.88,,,,"     ",3.60,1253.13,1.27
532,444723074,"00532M13:08:36.383","00532 13:21:42",237.60,848.91,,,,"     ",3.60,1255.96,1.28
532,444723075,"00532M13:08:37.356","00532 13:21:43",237.51,848.85,,,,"     ",3.60,1253.87,1.27
532,444723076,"00532M13:08:38.330","00532 13:21:44",237.41,848.94,,,,"     ",3.60,1245.76,1.27
532,444723077,"00532M13:08:39.303","00532 13:21:45",237.31,848.95,,,,"     ",3.60,1228.80,1.25
532,444723078,"00532M13:08:40.276","00532 13:21:46",237.21,848.90,,,,"     ",3.60,1226.31,1.25
532,444723079,"00532M13:08:41.249","00532 13:21:47",237.10,848.89,,,,"     ",3.60,1248.08,1.27
532,444723080,"00532M13:08:42.223","00532 13:21:48",236.99,848.84,,,,"     ",3.60,1233.44,1.26
532,444723081,"00532M13:08:43.196","00532 13:21:49",236.88,848.79,,,,"     ",3.60,1249.97,1.27
532,444723082,"00532M13:08:44.169","00532 13:21:50",236.76,848.75,,,,"     ",3.60,1230.47,1.25
532,444723083,"00532M13:08:45.142","00532 13:21:51",236.65,848.76,,,,"     ",3.60,1243.08,1.27
532,444723084,"00532M13:08:46.116","00532 13:21:52",236.55,848.72,,,,"     ",3.60,1251.51,1.28
532,444723085,"00532M13:08:47.089","00532 13:21:53",236.46,848.83,,,,"     ",3.60,1239.90,1.26
532,444723086,"00532M13:08:48.062","00532 13:21:54",236.37,848.82,,,,"     ",3.60,1231.57,1.26
532,444723087,"00532M13:08:49.035","00532 13:21:55",236.29,848.80,,,,"     ",3.60,1229.72,1.26
532,444723088,"00532M13:08:50.009","00532 13:21:56",236.21,848.79,,,,"     ",3.60,1243.58,1.27
532,444723089,"00532M13:08:50.982","00532 13:21:57",236.16,848.82,,,,"     ",3.60,1229.14,1.26
532,444723090,"00532M13:08:51.955","00532 13:21:58",236.12,848.74,,,,"     ",3.60,1231.10,1.26
532,444723091,"00532M13:08:52.929","00532 13:21:59",236.09,848.67,,,,"     ",3.60,1229.60,1.26
532,444723092,"00532M13:08:53.902","00532 13:22:00",236.07,848.69,,,,"     ",3.60,1231.28,1.26
532,444723093,"00532M13:08:54.875","00532 13:22:01",236.06,848.75,,,,"     ",3.60,1236.21,1.26
532,444723094,"00532M13:08:55.848","00532 13:22:02",236.08,848.68,,,,"     ",3.60,1213.29,1.24
532,444723095,"00532M13:08:56.822","00532 13:22:03",236.09,848.70,,,,"     ",3.60,1238.50,1.27
532,444723096,"00532M13:08:57.795","00532 13:22:04",236.12,848.76,,,,"     ",3.60,1235.60,1.27
532,444723097,"00532M13:08:58.768","00532 13:22:05",236.14,848.65,,,,"     ",3.60,1242.73,1.27
532,444723098,"00532M13:08:59.741","00532 13:22:06",236.17,848.77,,,,"     ",3.60,1229.51,1.26
532,444723099,"00532M13:09:00.715","00532 13:22:07",236.21,848.76,,,,"     ",3.60,1254.17,1.29
532,444723100,"00532M13:09:01.688","00532 13:22:08",236.24,848.79,,,,"     ",3.60,1234.61,1.27
532,444723101,"00532M13:09:02.661","00532 13:22:09",236.26,848.78,,,,"     ",3.60,1234.97,1.27
532,444723102,"00532M13:09:03.634","00532 13:22:10",236.27,848.80,,,,"     ",3.60,1246.83,1.28
532,444723103,"00532M13:09:04.608","00532 13:22:11",236.28,848.77,,,,"     ",3.60,1222.01,1.25
532,444723104,"00532M13:09:05.581","00532 13:22:12",236.29,848.82,,,,"     ",3.60,1233.46,1.27
532,444723105,"00532M13:09:06.554","00532 13:22:13",236.28,848.77,,,,"     ",3.60,1228.07,1.26
532,444723106,"00532M13:09:07.527","00532 13:22:14",236.27,848.77,,,,"     ",3.60,1239.22,1.27
532,444723107,"00532M13:09:08.501","00532 13:22:15",236.25,848.79,,,,"     ",3.60,1238.72,1.27
532,444723108,"00532M13:09:09.474","00532 13:22:16",236.22,848.85,,,,"     ",3.60,1228.14,1.26
532,444723109,"00532M13:09:10.447","00532 13:22:17",236.19,848.84,,,,"     ",3.60,1236.50,1.27
532,444723110,"00532M13:09:11.420","00532 13:22:17",236.14,848.78,,,,"     ",3.60,1231.21,1.26
532,444723111,"00532M13:09:12.394","00532 13:22:18",236.10,848.71,,,,"     ",3.60,1229.74,1.26
532,444723112,"00532M13:09:13.367","00532 13:22:19",236.05,848.86,,,,"     ",3.60,1226.52,1.26
532,444723113,"00532M13:09:14.340","00532 13:22:20",236.02,848.74,,,,"     ",3.60,1224.91,1.26
532,444723114,"00532M13:09:15.313","00532 13:22:21",236.01,848.70,,,,"     ",3.60,1222.93,1.26
532,444723115,"00532M13:09:16.287","00532 13:22:22",236.02,848.69,,,,"     ",3.60,1231.39,1.27
532,444723116,"00532M13:09:17.260","00532 13:22:23",236.05,848.76,,,,"     ",3.60,1220.18,1.25
532,444723117,"00532M13:09:18.233","00532 13:22:24",236.10,848.79,,,,"     ",3.60,1232.01,1.27
532,444723118,"00532M13:09:19.206","00532 13:22:25",236.16,848.69,,,,"     ",3.60,1224.71,1.26
532,444723119,"00532M13:09:20.180","00532 13:22:26",236.25,848.63,,,,"     ",3.60,1229.20,1.26
532,444723120,"00532M13:09:21.153","00532 13:22:27",236.35,848.65,,,,"     ",3.60,1229.24,1.26
532,444723121,"00532M13:09:22.126","00532 13:22:28",236.45,848.67,,,,"     ",3.60,1220.44,1.25
532,444723122,"00532M13:09:23.099","00532 13:22:29",236.57,848.69,,,,"     ",3.60,1229.00,1.26
532,444723123,"00532M13:09:24.073","00532 13:22:30",236.69,848.69,,,,"     ",3.60,1212.88,1.25
532,444723124,"00532M13:09:25.046","00532 13:22:31",236.82,848.75,,,,"     ",3.60,1228.49,1.26
532,444723125,"00532M13:09:26.019","00532 13:22:32",236.94,848.78,,,,"     ",3.60,1222.16,1.26
532,444723126,"00532M13:09:26.992","00532 13:22:33",237.04,848.67,,,,"     ",3.60,1221.64,1.26
532,444723127,"00532M13:09:27.966","00532 13:22:34",237.13,848.72,,,,"     ",3.60,1234.68,1.27
532,444723128,"00532M13:09:28.939","00532 13:22:35",237.19,848.78,,,,"     ",3.60,1228.34,1.26
532,444723129,"00532M13:09:29.912","00532 13:22:36",237.23,848.68,,,,"     ",3.60,1236.49,1.27
532,444723130,"00532M13:09:30.885","00532 13:22:37",237.26,848.73,,,,"     ",3.60,1223.77,1.26
532,444723131,"00532M13:09:31.859","00532 13:22:38",237.25,848.67,,,,"     ",3.60,1219.21,1.25
532,444723132,"00532M13:09:32.832","00532 13:22:39",237.23,848.75,,,,"     ",3.60,1213.70,1.25
532,444723133,"00532M13:09:33.805","00532 13:22:40",237.17,848.74,,,,"     ",3.60,1229.83,1.26
532,444723134,"00532M13:09:34.778","00532 13:22:41",237.10,848.74,,,,"     ",3.60,1228.65,1.26
532,444723135,"00532M13:09:35.752","00532 13:22:42",237.02,848.76,,,,"     ",3.60,1220.82,1.25
532,444723136,"00532M13:09:36.725","00532 13:22:43",236.92,848.80,,,,"     ",3.60,1239.11,1.27
532,444723137,"00532M13:09:37.698","00532 13:22:44",236.81,848.87,,,,"     ",3.60,1240.45,1.27
532,444723138,"00532M13:09:38.671","00532 13:22:45",236.69,848.89,,,,"     ",3.60,1237.96,1.27
532,444723139,"00532M13:09:39.645","00532 13:22:46",236.57,848.79,,,,"     ",3.60,1237.19,1.27
532,444723140,"00532M13:09:40.618","00532 13:22:47",236.46,848.79,,,,"     ",3.60,1241.52,1.27
532,444723141,"00532M13:09:41.591","00532 13:22:48",236.37,848.70,,,,"     ",3.60,1239.12,1.27
532,444723142,"00532M13:09:42.564","00532 13:22:49",236.30,848.73,,,,"     ",3.60,1234.41,1.26
532,444723143,"00532M13:09:43.538","00532 13:22:50",236.26,848.63,,,,"     ",3.60,1214.03,1.24
532,444723144,"00532M13:09:44.511","00532 13:22:51",236.24,848.69,,,,"     ",3.60,1225.87,1.25
532,444723145,"00532M13:09:45.484","00532 13:22:52",236.25,848.75,,,,"     ",3.60,1234.31,1.26
532,444723146,"00532M13:09:46.457","00532 13:22:53",236.28,848.65,,,,"     ",3.60,1241.86,1.27
532,444723147,"00532M13:09:47.431","00532 13:22:53",236.34,848.66,,,,"     ",3.60,1232.44,1.26
532,444723148,"00532M13:09:48.404","00532 13:22:54",236.40,848.71,,,,"     ",3.60,1222.45,1.25
532,444723149,"00532M13:09:49.377","00532 13:22:55",236.49,848.70,,,,"     ",3.60,1238.14,1.27
532,444723150,"00532M13:09:50.350","00532 13:22:56",236.60,848.74,,,,"     ",3.60,1229.39,1.26
532,444723151,"00532M13:09:51.324","00532 13:22:57",236.71,848.75,,,,"     ",3.60,1239.60,1.27
532,444723152,"00532M13:09:52.297","00532 13:22:58",236.83,848.74,,,,"     ",3.60,1232.43,1.26
532,444723153,"00532M13:09:53.270","00532 13:22:59",236.96,848.75,,,,"     ",3.60,1230.11,1.26
532,444723154,"00532M13:09:54.243","00532 13:23:00",237.09,848.78,,,,"     ",3.60,1235.73,1.26
532,444723155,"00532M13:09:55.217","00532 13:23:01",237.21,848.76,,,,"     ",3.60,1233.73,1.26
532,444723156,"00532M13:09:56.190","00532 13:23:02",237.33,848.71,,,,"     ",3.60,1245.13,1.27
532,444723157,"00532M13:09:57.163","00532 13:23:03",237.43,848.83,,,,"     ",3.60,1222.53,1.25
532,444723158,"00532M13:09:58.136","00532 13:23:04",237.51,848.85,,,,"     ",3.60,1228.53,1.25
532,444723159,"00532M13:09:59.110","00532 13:23:05",237.55,848.94,,,,"     ",3.60,1245.66,1.27
532,444723160,"00532M13:10:00.083","00532 13:23:06",237.56,848.86,,,,"     ",3.60,1245.70,1.27
532,444723161,"00532M13:10:01.056","00532 13:23:07",237.54,848.86,,,,"     ",3.60,1233.45,1.26
532,444723162,"00532M13:10:02.030","00532 13:23:08",237.46,848.89,,,,"     ",3.60,1238.72,1.26
532,444723163,"00532M13:10:03.003","00532 13:23:09",237.36,848.87,,,,"     ",3.60,1235.68,1.26
532,444723164,"00532M13:10:03.976","00532 13:23:10",237.23,848.80,,,,"     ",3.60,1230.03,1.25
532,444723165,"00532M13:10:04.949","00532 13:23:11",237.08,848.83,,,,"     ",3.60,1246.34,1.27
532,444723166,"00532M13:10:05.923","00532 13:23:12",236.93,848.83,,,,"     ",3.60,1245.90,1.27
532,444723167,"00532M13:10:06.896","00532 13:23:13",236.77,848.91,,,,"     ",3.60,1246.15,1.27
532,444723168,"00532M13:10:07.869","00532 13:23:14",236.64,848.80,,,,"     ",3.60,1239.61,1.26
532,444723169,"00532M13:10:08.842","00532 13:23:15",236.52,848.77,,,,"     ",3.60,1251.70,1.27
532,444723170,"00532M13:10:09.816","00532 13:23:16",236.42,848.83,,,,"     ",3.60,1241.43,1.26
532,444723171,"00532M13:10:10.789","00532 13:23:17",236.36,848.78,,,,"     ",3.60,1249.65,1.27
532,444723172,"00532M13:10:11.762","00532 13:23:18",236.32,848.87,,,,"     ",3.60,1239.72,1.26
532,444723173,"00532M13:10:12.735","00532 13:23:19",236.32,848.83,,,,"     ",3.60,1258.46,1.28
532,444723174,"00532M13:10:13.709","00532 13:23:20",236.34,848.80,,,,"     ",3.60,1249.52,1.27
532,444723175,"00532M13:10:14.682","00532 13:23:21",236.39,848.81,,,,"     ",3.60,1254.35,1.28
532,444723176,"00532M13:10:15.655","00532 13:23:22",236.44,848.79,,,,"     ",3.60,1237.54,1.26
532,444723177,"00532M13:10:16.628","00532 13:23:23",236.51,848.78,,,,"     ",3.60,1250.94,1.27
532,444723178,"00532M13:10:17.602","00532 13:23:24",236.58,848.75,,,,"     ",3.60,1235.21,1.25
532,444723179,"00532M13:10:18.575","00532 13:23:25",236.65,848.86,,,,"     ",3.60,1235.98,1.25
532,444723180,"00532M13:10:19.548","00532 13:23:26",236.73,848.82,,,,"     ",3.60,1235.63,1.25
532,444723181,"00532M13:10:20.521","00532 13:23:27",236.82,848.71,,,,"     ",3.60,1256.36,1.27
532,444723182,"00532M13:10:21.495","00532 13:23:28",236.94,848.76,,,,"     ",3.60,1241.50,1.26
532,444723183,"00532M13:10:22.468","00532 13:23:29",237.08,848.84,,,,"     ",3.60,1245.18,1.26
532,444723184,"00532M13:10:23.441","00532 13:23:30",237.25,848.79,,,,"     ",3.60,1248.39,1.27
532,444723185,"00532M13:10:24.414","00532 13:23:30",237.44,848.76,,,,"     ",3.60,1241.93,1.26
532,444723186,"00532M13:10:25.388","00532 13:23:31",237.63,848.75,,,,"     ",3.60,1247.59,1.26
532,444723187,"00532M13:10:26.361","00532 13:23:32",237.82,848.70,,,,"     ",3.60,1234.02,1.25
532,444723188,"00532M13:10:27.334","00532 13:23:33",238.00,848.75,,,,"     ",3.60,1240.92,1.25
532,444723189,"00532M13:10:28.307","00532 13:23:34",238.17,848.79,,,,"     ",3.60,1264.99,1.28
532,444723190,"00532M13:10:29.281","00532 13:23:35",238.34,848.75,,,,"     ",3.60,1242.38,1.26
532,444723191,"00532M13:10:30.254","00532 13:23:36",238.51,848.73,,,,"     ",3.60,1250.42,1.26
532,444723192,"00532M13:10:31.227","00532 13:23:37",238.68,848.80,,,,"     ",3.60,1260.62,1.27
532,444723193,"00532M13:10:32.200","00532 13:23:38",238.84,848.81,,,,"     ",3.60,1260.32,1.27
532,444723194,"00532M13:10:33.174","00532 13:23:39",239.00,848.74,,,,"     ",3.60,1242.52,1.25
532,444723195,"00532M13:10:34.147","00532 13:23:40",239.14,848.63,,,,"     ",3.60,1247.68,1.26
532,444723196,"00532M13:10:35.120","00532 13:23:41",239.11,848.66,,,,"     ",3.60,1244.29,1.25
532,444723197,"00532M13:10:36.093","00532 13:23:42",239.07,848.64,,,,"     ",3.60,1250.80,1.26
532,444723198,"00532M13:10:37.067","00532 13:23:43",239.03,848.61,,,,"     ",3.60,1268.80,1.28
532,444723199,"00532M13:10:38.040","00532 13:23:44",238.97,848.59,,,,"     ",3.60,1253.58,1.26
532,444723200,"00532M13:10:39.013","00532 13:23:45",238.98,848.68,6.44,,285.66,"  101110",3.60,1250.74,1.26
532,444723201,"00532M13:10:39.986","00532 13:23:46",239.01,848.72,,,,"     ",3.60,1257.26,1.26
532,444723202,"00532M13:10:40.960","00532 13:23:47",239.04,848.77,,,,"     ",3.60,1256.45,1.26
532,444723203,"00532M13:10:41.933","00532 13:23:48",239.08,848.78,,,,"     ",3.60,1256.28,1.26
532,444723204,"00532M13:10:42.906","00532 13:23:49",239.11,848.74,,,,"     ",3.60,1260.20,1.26
532,444723205,"00532M13:10:43.879","00532 13:23:50",239.15,848.71,,,,"     ",3.60,1243.05,1.24
532,444723206,"00532M13:10:44.853","00532 13:23:51",239.19,848.69,,,,"     ",3.60,1262.03,1.26
532,444723207,"00532M13:10:45.826","00532 13:23:52",239.23,848.79,,,,"     ",3.60,1252.54,1.25
532,444723208,"00532M13:10:46.799","00532 13:23:53",239.27,848.78,,,,"     ",3.60,1269.31,1.27
532,444723209,"00532M13:10:47.772","00532 13:23:54",239.31,848.75,,,,"     ",3.60,1249.35,1.25
532,444723210,"00532M13:10:48.746","00532 13:23:55",239.35,848.72,,,,"     ",3.60,1279.47,1.28
532,444723211,"00532M13:10:49.719","00532 13:23:56",239.40,848.64,,,,"     ",3.60,1264.62,1.26
532,444723212,"00532M13:10:50.692","00532 13:23:57",239.44,848.71,,,,"     ",3.60,1270.99,1.27
532,444723213,"00532M13:10:51.665","00532 13:23:58",239.49,848.67,,,,"     ",3.60,1264.95,1.26
532,444723214,"00532M13:10:52.639","00532 13:23:59",239.55,848.62,,,,"     ",3.60,1276.50,1.27
532,444723215,"00532M13:10:53.612","00532 13:24:00",239.61,848.65,,,,"     ",3.60,1266.97,1.26
532,444723216,"00532M13:10:54.585","00532 13:24:01",239.67,848.58,,,,"     ",3.60,1267.52,1.26
532,444723217,"00532M13:10:55.558","00532 13:24:02",239.73,848.67,,,,"     ",3.60,1267.19,1.26
532,444723218,"00532M13:10:56.532","00532 13:24:03",239.77,848.73,,,,"     ",3.60,1266.52,1.25
532,444723219,"00532M13:10:57.505","00532 13:24:04",239.80,848.75,,,,"     ",3.60,1277.12,1.26
532,444723220,"00532M13:10:58.478","00532 13:24:05",239.82,848.78,,,,"     ",3.60,1261.41,1.25
532,444723221,"00532M13:10:59.451","00532 13:24:06",239.83,848.79,,,,"     ",3.60,1261.68,1.25
532,444723222,"00532M13:11:00.425","00532 13:24:06",239.84,848.72,,,,"     ",3.60,1274.13,1.26
532,444723223,"00532M13:11:01.398","00532 13:24:07",239.84,848.74,,,,"     ",3.60,1283.59,1.27
532,444723224,"00532M13:11:02.371","00532 13:24:08",239.84,848.73,,,,"     ",3.60,1281.31,1.26
532,444723225,"00532M13:11:03.344","00532 13:24:09",239.85,848.65,,,,"     ",3.60,1273.88,1.26
532,444723226,"00532M13:11:04.318","00532 13:24:10",239.85,848.73,,,,"     ",3.60,1273.40,1.25
532,444723227,"00532M13:11:05.291","00532 13:24:11",239.85,848.67,,,,"     ",3.60,1274.85,1.25
532,444723228,"00532M13:11:06.264","00532 13:24:12",239.85,848.69,,,,"     ",3.60,1277.33,1.26
532,444723229,"00532M13:11:07.237","00532 13:24:13",239.87,848.70,,,,"     ",3.60,1273.64,1.25
532,444723230,"00532M13:11:08.211","00532 13:24:14",239.89,848.65,,,,"     ",3.60,1272.73,1.25
532,444723231,"00532M13:11:09.184","00532 13:24:15",239.91,848.71,,,,"     ",3.60,1262.18,1.24
532,444723232,"00532M13:11:10.157","00532 13:24:16",239.95,848.68,,,,"     ",3.60,1271.37,1.25
532,444723233,"00532M13:11:11.131","00532 13:24:17",240.01,848.70,,,,"     ",3.60,1268.67,1.24
532,444723234,"00532M13:11:12.104","00532 13:24:18",240.07,848.71,,,,"     ",3.60,1274.94,1.25
532,444723235,"00532M13:11:13.077","00532 13:24:19",240.14,848.68,,,,"     ",3.60,1267.31,1.24
532,444723236,"00532M13:11:14.050","00532 13:24:20",240.22,848.68,,,,"     ",3.60,1282.34,1.25
532,444723237,"00532M13:11:15.024","00532 13:24:21",240.29,848.58,,,,"     ",3.60,1281.59,1.25
532,444723238,"00532M13:11:15.997","00532 13:24:22",240.36,848.61,,,,"     ",3.60,1280.86,1.25
532,444723239,"00532M13:11:16.970","00532 13:24:23",240.43,848.69,,,,"     ",3.60,1278.24,1.25
532,444723240,"00532M13:11:17.943","00532 13:24:24",240.49,848.78,,,,"     ",3.60,1300.08,1.27
532,444723241,"00532M13:11:18.917","00532 13:24:25",240.53,848.74,,,,"     ",3.60,1284.52,1.25
532,444723242,"00532M13:11:19.890","00532 13:24:26",240.58,848.69,,,,"     ",3.60,1281.73,1.25
532,444723243,"00532M13:11:20.863","00532 13:24:27",240.62,848.62,,,,"     ",3.60,1271.12,1.24
532,444723244,"00532M13:11:21.836","00532 13:24:28",240.65,848.67,,,,"     ",3.60,1311.26,1.28
532,444723245,"00532M13:11:22.810","00532 13:24:29",240.67,848.66,,,,"     ",3.60,1286.61,1.25
532,444723246,"00532M13:11:23.783","00532 13:24:30",240.69,848.73,,,,"     ",3.60,1282.40,1.25
532,444723247,"00532M13:11:24.756","00532 13:24:31",240.71,848.69,,,,"     ",3.60,1290.69,1.25
532,444723248,"00532M13:11:25.729","00532 13:24:32",240.73,848.66,,,,"     ",3.60,1302.43,1.26
532,444723249,"00532M13:11:26.703","00532 13:24:33",240.75,848.69,,,,"     ",3.60,1275.33,1.24
532,444723250,"00532M13:11:27.676","00532 13:24:34",240.77,848.68,,,,"     ",3.60,1269.23,1.23
532,444723251,"00532M13:11:28.649","00532 13:24:35",240.80,848.72,,,,"     ",3.60,1293.69,1.25
532,444723252,"00532M13:11:29.622","00532 13:24:36",240.82,848.70,,,,"     ",3.60,1293.58,1.25
532,444723253,"00532M13:11:30.596","00532 13:24:37",240.84,848.62,,,,"     ",3.60,1281.35,1.24
532,444723254,"00532M13:11:31.569","00532 13:24:38",240.85,848.63,,,,"     ",3.60,1288.95,1.24
532,444723255,"00532M13:11:32.542","00532 13:24:39",240.87,848.57,,,,"     ",3.60,1298.08,1.25
532,444723256,"00532M13:11:33.515","00532 13:24:40",240.88,848.52,,,,"     ",3.60,1276.41,1.23
532,444723257,"00532M13:11:34.489","00532 13:24:41",240.89,848.61,,,,"     ",3.60,1287.03,1.24
532,444723258,"00532M13:11:35.462","00532 13:24:42",240.90,848.54,,,,"     ",3.60,1292.42,1.25
532,444723259,"00532M13:11:36.435","00532 13:24:43",240.90,848.57,,,,"     ",3.60,1301.35,1.25
532,444723260,"00532M13:11:37.408","00532 13:24:43",240.89,848.57,,,,"     ",3.60,1297.32,1.25
532,444723261,"00532M13:11:38.382","00532 13:24:44",240.88,848.64,,,,"     ",3.60,1296.44,1.25
532,444723262,"00532M13:11:39.355","00532 13:24:45",240.87,848.69,,,,"     ",3.60,1278.42,1.23
532,444723263,"00532M13:11:40.328","00532 13:24:46",240.85,848.55,,,,"     ",3.60,1300.07,1.25
532,444723264,"00532M13:11:41.301","00532 13:24:47",240.84,848.57,,,,"     ",3.60,1284.50,1.23
532,444723265,"00532M13:11:42.275","00532 13:24:48",240.84,848.62,,,,"     ",3.60,1293.35,1.24
532,444723266,"00532M13:11:43.248","00532 13:24:49",240.84,848.59,,,,"     ",3.60,1305.10,1.25
532,444723267,"00532M13:11:44.221","00532 13:24:50",240.85,848.61,,,,"     ",3.60,1308.98,1.26
532,444723268,"00532M13:11:45.194","00532 13:24:51",240.85,848.62,,,,"     ",3.60,1292.06,1.24
532,444723269,"00532M13:11:46.168","00532 13:24:52",240.85,848.63,,,,"     ",3.60,1289.76,1.24
532,444723270,"00532M13:11:47.141","00532 13:24:53",240.85,848.60,,,,"     ",3.60,1309.97,1.26
532,444723271,"00532M13:11:48.114","00532 13:24:54",240.84,848.54,,,,"     ",3.60,1290.97,1.24
532,444723272,"00532M13:11:49.087","00532 13:24:55",240.83,848.54,,,,"     ",3.60,1310.32,1.26
532,444723273,"00532M13:11:50.061","00532 13:24:56",240.81,848.59,,,,"     ",3.60,1308.00,1.25
532,444723274,"00532M13:11:51.034","00532 13:24:57",240.79,848.63,,,,"     ",3.60,1291.90,1.24
532,444723275,"00532M13:11:52.007","00532 13:24:58",240.76,848.53,,,,"     ",3.60,1305.41,1.25
532,444723276,"00532M13:11:52.980","00532 13:24:59",240.72,848.58,,,,"     ",3.60,1286.29,1.23
532,444723277,"00532M13:11:53.954","00532 13:25:00",240.67,848.57,,,,"     ",3.60,1297.69,1.24
532,444723278,"00532M13:11:54.927","00532 13:25:01",240.60,848.52,,,,"     ",3.60,1286.83,1.23
532,444723279,"00532M13:11:55.900","00532 13:25:02",240.52,848.63,,,,"     ",3.60,1294.97,1.24
532,444723280,"00532M13:11:56.873","00532 13:25:03",240.44,848.56,,,,"     ",3.60,1299.88,1.24
532,444723281,"00532M13:11:57.847","00532 13:25:04",240.35,848.63,,,,"     ",3.60,1303.98,1.25
532,444723282,"00532M13:11:58.820","00532 13:25:05",240.20,848.57,,,,"     ",3.60,1281.92,1.23
532,444723283,"00532M13:11:59.793","00532 13:25:06",240.07,848.67,,,,"     ",3.60,1299.38,1.24
532,444723284,"00532M13:12:00.766","00532 13:25:07",239.93,848.61,,,,"     ",3.60,1292.91,1.24
532,444723285,"00532M13:12:01.740","00532 13:25:08",239.79,848.57,,,,"     ",3.60,1289.31,1.23
532,444723286,"00532M13:12:02.713","00532 13:25:09",239.67,848.60,,,,"     ",3.60,1297.09,1.24
532,444723287,"00532M13:12:03.686","00532 13:25:10",239.54,848.53,,,,"     ",3.60,1297.39,1.24
532,444723288,"00532M13:12:04.659","00532 13:25:11",239.42,848.54,,,,"     ",3.60,1295.55,1.24
532,444723289,"00532M13:12:05.633","00532 13:25:12",239.30,848.50,,,,"     ",3.60,1308.37,1.25
532,444723290,"00532M13:12:06.606","00532 13:25:13",239.19,848.55,,,,"     ",3.60,1304.30,1.25
532,444723291,"00532M13:12:07.579","00532 13:25:14",239.08,848.48,,,,"     ",3.60,1284.86,1.23
532,444723292,"00532M13:12:08.552","00532 13:25:15",238.97,848.49,,,,"     ",3.60,1301.53,1.25
532,444723293,"00532M13:12:09.526","00532 13:25:16",238.87,848.53,,,,"     ",3.60,1294.23,1.24
532,444723294,"00532M13:12:10.499","00532 13:25:17",238.78,848.44,,,,"     ",3.60,1311.76,1.26
532,444723295,"00532M13:12:11.472","00532 13:25:18",238.68,848.46,,,,"     ",3.60,1310.18,1.25
532,444723296,"00532M13:12:12.445","00532 13:25:19",238.59,848.43,,,,"     ",3.60,1299.58,1.24
532,444723297,"00532M13:12:13.419","00532 13:25:19",238.49,848.59,,,,"     ",3.60,1290.35,1.24
532,444723298,"00532M13:12:14.392","00532 13:25:20",238.39,848.52,,,,"     ",3.60,1275.75,1.22
532,444723299,"00532M13:12:15.365","00532 13:25:21",238.29,848.53,,,,"     ",3.60,1296.03,1.24
532,444723300,"00532M13:12:16.338","00532 13:25:22",238.19,848.50,,,,"     ",3.60,1279.22,1.23
532,444723301,"00532M13:12:17.312","00532 13:25:23",238.10,848.48,,,,"     ",3.60,1289.42,1.24
532,444723302,"00532M13:12:18.285","00532 13:25:24",238.01,848.55,,,,"     ",3.60,1291.27,1.24
532,444723303,"00532M13:12:19.258","00532 13:25:25",237.93,848.44,,,,"     ",3.60,1281.03,1.23
532,444723304,"00532M13:12:20.232","00532 13:25:26",237.85,848.47,,,,"     ",3.60,1287.10,1.23
532,444723305,"00532M13:12:21.205","00532 13:25:27",237.77,848.55,,,,"     ",3.60,1289.75,1.24
532,444723306,"00532M13:12:22.178","00532 13:25:28",237.69,848.46,,,,"     ",3.60,1292.27,1.24
532,444723307,"00532M13:12:23.151","00532 13:25:29",237.61,848.46,,,,"     ",3.60,1292.75,1.24
532,444723308,"00532M13:12:24.125","00532 13:25:30",237.52,848.52,,,,"     ",3.60,1284.62,1.23
532,444723309,"00532M13:12:25.098","00532 13:25:31",237.44,848.50,,,,"     ",3.60,1295.59,1.25
532,444723310,"00532M13:12:26.071","00532 13:25:32",237.36,848.51,,,,"     ",3.60,1276.75,1.23
532,444723311,"00532M13:12:27.044","00532 13:25:33",237.28,848.52,,,,"     ",3.60,1282.12,1.23
532,444723312,"00532M13:12:28.018","00532 13:25:34",237.20,848.50,,,,"     ",3.60,1276.79,1.23
532,444723313,"00532M13:12:28.991","00532 13:25:35",237.12,848.48,,,,"     ",3.60,1276.05,1.23
532,444723314,"00532M13:12:29.964","00532 13:25:36",237.05,848.41,,,,"     ",3.60,1285.28,1.24
532,444723315,"00532M13:12:30.937","00532 13:25:37",236.97,848.37,,,,"     ",3.60,1280.61,1.23
532,444723316,"00532M13:12:31.911","00532 13:25:38",236.90,848.42,,,,"     ",3.60,1284.93,1.24
532,444723317,"00532M13:12:32.884","00532 13:25:39",236.84,848.45,,,,"     ",3.60,1290.94,1.24
532,444723318,"00532M13:12:33.857","00532 13:25:40",236.77,848.53,,,,"     ",3.60,1289.99,1.24
532,444723319,"00532M13:12:34.830","00532 13:25:41",236.72,848.53,,,,"     ",3.60,1287.40,1.24
532,444723320,"00532M13:12:35.804","00532 13:25:42",236.68,848.38,,,,"     ",3.60,1276.88,1.23
532,444723321,"00532M13:12:36.777","00532 13:25:43",236.63,848.41,,,,"     ",3.60,1292.54,1.25
532,444723322,"00532M13:12:37.750","00532 13:25:44",236.59,848.38,,,,"     ",3.60,1274.86,1.23
532,444723323,"00532M13:12:38.723","00532 13:25:45",236.54,848.39,,,,"     ",3.60,1284.85,1.24
532,444723324,"00532M13:12:39.697","00532 13:25:46",236.49,848.38,,,,"     ",3.60,1284.71,1.24
532,444723325,"00532M13:12:40.670","00532 13:25:47",236.43,848.44,,,,"     ",3.60,1276.01,1.23
532,444723326,"00532M13:12:41.643","00532 13:25:48",236.36,848.48,,,,"     ",3.60,1292.67,1.25
532,444723327,"00532M13:12:42.616","00532 13:25:49",236.29,848.42,,,,"     ",3.60,1281.22,1.24
532,444723328,"00532M13:12:43.590","00532 13:25:50",236.21,848.47,,,,"     ",3.60,1267.02,1.22
532,444723329,"00532M13:12:44.563","00532 13:25:51",236.14,848.47,,,,"     ",3.60,1272.37,1.23
532,444723330,"00532M13:12:45.536","00532 13:25:52",236.06,848.47,,,,"     ",3.60,1277.60,1.24
532,444723331,"00532M13:12:46.509","00532 13:25:53",235.99,848.40,,,,"     ",3.60,1288.22,1.25
532,444723332,"00532M13:12:47.483","00532 13:25:54",235.92,848.54,,,,"     ",3.60,1281.15,1.24
532,444723333,"00532M13:12:48.456","00532 13:25:55",235.85,848.54,,,,"     ",3.60,1286.68,1.25
532,444723334,"00532M13:12:49.429","00532 13:25:56",235.78,848.50,,,,"     ",3.60,1282.57,1.24
532,444723335,"00532M13:12:50.402","00532 13:25:56",235.73,848.41,,,,"     ",3.60,1277.71,1.24
532,444723336,"00532M13:12:51.376","00532 13:25:57",235.67,848.44,,,,"     ",3.60,1293.77,1.25
532,444723337,"00532M13:12:52.349","00532 13:25:58",235.62,848.48,,,,"     ",3.60,1280.88,1.24
532,444723338,"00532M13:12:53.322","00532 13:25:59",235.58,848.48,,,,"     ",3.60,1284.58,1.25
532,444723339,"00532M13:12:54.295","00532 13:26:00",235.53,848.44,,,,"     ",3.60,1292.75,1.25
532,444723340,"00532M13:12:55.269","00532 13:26:01",235.49,848.40,,,,"     ",3.60,1277.83,1.24
532,444723341,"00532M13:12:56.242","00532 13:26:02",235.46,848.49,,,,"     ",3.60,1298.55,1.26
532,444723342,"00532M13:12:57.215","00532 13:26:03",235.44,848.56,,,,"     ",3.60,1290.22,1.25
532,444723343,"00532M13:12:58.188","00532 13:26:04",235.42,848.48,,,,"     ",3.60,1256.63,1.22
532,444723344,"00532M13:12:59.162","00532 13:26:05",235.41,848.41,,,,"     ",3.60,1281.16,1.24
532,444723345,"00532M13:13:00.135","00532 13:26:06",235.39,848.49,,,,"     ",3.60,1283.17,1.25
532,444723346,"00532M13:13:01.108","00532 13:26:07",235.37,848.53,,,,"     ",3.60,1284.14,1.25
532,444723347,"00532M13:13:02.081","00532 13:26:08",235.36,848.55,,,,"     ",3.60,1283.59,1.25
532,444723348,"00532M13:13:03.055","00532 13:26:09",235.33,848.56,,,,"     ",3.60,1293.19,1.26
532,444723349,"00532M13:13:04.028","00532 13:26:10",235.30,848.55,,,,"     ",3.60,1283.69,1.25
532,444723350,"00532M13:13:05.001","00532 13:26:11",235.27,848.50,,,,"     ",3.60,1267.77,1.23
532,444723351,"00532M13:13:05.974","00532 13:26:12",235.23,848.51,,,,"     ",3.60,1267.80,1.23
532,444723352,"00532M13:13:06.948","00532 13:26:13",235.18,848.52,,,,"     ",3.60,1280.88,1.25
532,444723353,"00532M13:13:07.921","00532 13:26:14",235.13,848.48,,,,"     ",3.60,1293.02,1.26
532,444723354,"00532M13:13:08.894","00532 13:26:15",235.06,848.50,,,,"     ",3.60,1284.87,1.25
532,444723355,"00532M13:13:09.867","00532 13:26:16",234.99,848.45,,,,"     ",3.60,1279.84,1.25
532,444723356,"00532M13:13:10.841","00532 13:26:17",234.92,848.45,,,,"     ",3.60,1267.08,1.23
532,444723357,"00532M13:13:11.814","00532 13:26:18",234.85,848.50,,,,"     ",3.60,1296.15,1.26
532,444723358,"00532M13:13:12.787","00532 13:26:19",234.79,848.44,,,,"     ",3.60,1288.02,1.25
532,444723359,"00532M13:13:13.760","00532 13:26:20",234.75,848.44,,,,"     ",3.60,1260.92,1.23
532,444723360,"00532M13:13:14.734","00532 13:26:21",234.72,848.50,,,,"     ",3.60,1284.79,1.25
532,444723361,"00532M13:13:15.707","00532 13:26:22",234.70,848.50,,,,"     ",3.60,1276.66,1.25
532,444723362,"00532M13:13:16.680","00532 13:26:23",234.69,848.49,,,,"     ",3.60,1281.09,1.25
532,444723363,"00532M13:13:17.653","00532 13:26:24",234.69,848.48,,,,"     ",3.60,1282.85,1.25
532,444723364,"00532M13:13:18.627","00532 13:26:25",234.69,848.49,,,,"     ",3.60,1276.44,1.25
532,444723365,"00532M13:13:19.600","00532 13:26:26",234.69,848.48,,,,"     ",3.60,1271.65,1.24
532,444723366,"00532M13:13:20.573","00532 13:26:27",234.70,848.42,,,,"     ",3.60,1272.56,1.24
532,444723367,"00532M13:13:21.546","00532 13:26:28",234.72,848.49,,,,"     ",3.60,1259.50,1.23
532,444723368,"00532M13:13:22.520","00532 13:26:29",234.73,848.50,,,,"     ",3.60,1270.70,1.24
532,444723369,"00532M13:13:23.493","00532 13:26:30",234.75,848.46,,,,"     ",3.60,1285.94,1.26
532,444723370,"00532M13:13:24.466","00532 13:26:31",234.76,848.39,,,,"     ",3.60,1274.67,1.24
532,444723371,"00532M13:13:25.439","00532 13:26:32",234.78,848.39,,,,"     ",3.60,1269.19,1.24
532,444723372,"00532M13:13:26.413","00532 13:26:32",234.81,848.39,,,,"     ",3.60,1275.86,1.25
532,444723373,"00532M13:13:27.386","00532 13:26:33",234.85,848.38,,,,"     ",3.60,1272.58,1.24
532,444723374,"00532M13:13:28.359","00532 13:26:34",234.91,848.40,,,,"     ",3.60,1279.36,1.25
532,444723375,"00532M13:13:29.333","00532 13:26:35",235.00,848.38,,,,"     ",3.60,1268.64,1.24
532,444723376,"00532M13:13:30.306","00532 13:26:36",235.11,848.37,,,,"     ",3.60,1265.07,1.24
532,444723377,"00532M13:13:31.279","00532 13:26:37",235.25,848.44,,,,"     ",3.60,1277.23,1.25
532,444723378,"00532M13:13:32.252","00532 13:26:38",235.42,848.41,,,,"     ",3.60,1274.65,1.25
532,444723379,"00532M13:13:33.226","00532 13:26:39",235.61,848.29,,,,"     ",3.60,1275.77,1.25
532,444723380,"00532M13:13:34.199","00532 13:26:40",235.80,848.31,,,,"     ",3.60,1256.74,1.23
532,444723381,"00532M13:13:35.172","00532 13:26:41",236.01,848.35,,,,"     ",3.60,1291.69,1.26
532,444723382,"00532M13:13:36.145","00532 13:26:42",236.22,848.36,,,,"     ",3.60,1259.99,1.23
532,444723383,"00532M13:13:37.119","00532 13:26:43",236.42,848.40,,,,"     ",3.60,1287.18,1.26
532,444723384,"00532M13:13:38.092","00532 13:26:44",236.61,848.42,,,,"     ",3.60,1279.53,1.25
532,444723385,"00532M13:13:39.065","00532 13:26:45",236.78,848.41,,,,"     ",3.60,1283.83,1.25
532,444723386,"00532M13:13:40.038","00532 13:26:46",236.93,848.33,,,,"     ",3.60,1271.20,1.24
532,444723387,"00532M13:13:41.012","00532 13:26:47",237.04,848.36,,,,"     ",3.60,1285.80,1.25
532,444723388,"00532M13:13:41.985","00532 13:26:48",237.12,848.36,,,,"     ",3.60,1275.02,1.24
532,444723389,"00532M13:13:42.958","00532 13:26:49",237.17,848.42,,,,"     ",3.60,1279.00,1.25
532,444723390,"00532M13:13:43.931","00532 13:26:50",237.20,848.39,,,,"     ",3.60,1278.27,1.25
532,444723391,"00532M13:13:44.905","00532 13:26:51",237.22,848.29,,,,"     ",3.60,1281.12,1.25
532,444723392,"00532M13:13:45.878","00532 13:26:52",237.23,848.28,,,,"     ",3.60,1278.46,1.24
532,444723393,"00532M13:13:46.851","00532 13:26:53",237.24,848.33,,,,"     ",3.60,1284.92,1.25
532,444723394,"00532M13:13:47.824","00532 13:26:54",237.25,848.38,,,,"     ",3.60,1277.45,1.24
532,444723395,"00532M13:13:48.798","00532 13:26:55",237.26,848.34,,,,"     ",3.60,1274.68,1.24
532,444723396,"00532M13:13:49.771","00532 13:26:56",237.27,848.33,,,,"     ",3.60,1273.99,1.24
532,444723397,"00532M13:13:50.744","00532 13:26:57",237.28,848.41,,,,"     ",3.60,1280.06,1.24
532,444723398,"00532M13:13:51.717","00532 13:26:58",237.28,848.36,,,,"     ",3.60,1287.26,1.25
532,444723399,"00532M13:13:52.691","00532 13:26:59",237.27,848.29,,,,"     ",3.60,1282.43,1.24
532,444723400,"00532M13:13:53.664","00532 13:27:00",237.26,848.38,,,,"     ",3.60,1268.54,1.23
532,444723401,"00532M13:13:54.637","00532 13:27:01",237.23,848.30,,,,"     ",3.60,1295.78,1.26
532,444723402,"00532M13:13:55.610","00532 13:27:02",237.19,848.29,,,,"     ",3.60,1277.91,1.24
532,444723403,"00532M13:13:56.584","00532 13:27:03",237.14,848.35,,,,"     ",3.60,1295.96,1.26
532,444723404,"00532M13:13:57.557","00532 13:27:04",237.07,848.36,,,,"     ",3.60,1276.06,1.23
532,444723405,"00532M13:13:58.530","00532 13:27:05",236.98,848.31,,,,"     ",3.60,1270.70,1.23
532,444723406,"00532M13:13:59.503","00532 13:27:06",236.88,848.42,,,,"     ",3.60,1275.85,1.23
532,444723407,"00532M13:14:00.477","00532 13:27:07",236.76,848.44,,,,"     ",3.60,1283.88,1.24
532,444723408,"00532M13:14:01.450","00532 13:27:08",236.62,848.38,,,,"     ",3.60,1274.92,1.23
532,444723409,"00532M13:14:02.423","00532 13:27:09",236.48,848.36,,,,"     ",3.60,1284.58,1.24
532,444723410,"00532M13:14:03.396","00532 13:27:09",236.35,848.36,,,,"     ",3.60,1281.16,1.24
532,444723411,"00532M13:14:04.370","00532 13:27:10",236.20,848.25,,,,"     ",3.60,1284.01,1.24
532,444723412,"00532M13:14:05.343","00532 13:27:11",236.08,848.26,,,,"     ",3.60,1289.05,1.24
532,444723413,"00532M13:14:06.316","00532 13:27:12",235.95,848.30,,,,"     ",3.60,1286.74,1.24
532,444723414,"00532M13:14:07.289","00532 13:27:13",235.83,848.23,,,,"     ",3.60,1275.42,1.23
532,444723415,"00532M13:14:08.263","00532 13:27:14",235.73,848.21,,,,"     ",3.60,1278.41,1.23
532,444723416,"00532M13:14:09.236","00532 13:27:15",235.62,848.27,,,,"     ",3.60,1289.79,1.24
532,444723417,"00532M13:14:10.209","00532 13:27:16",235.54,848.23,,,,"     ",3.60,1280.05,1.23
532,444723418,"00532M13:14:11.182","00532 13:27:17",235.48,848.22,,,,"     ",3.60,1286.05,1.24
532,444723419,"00532M13:14:12.156","00532 13:27:18",235.44,848.29,,,,"     ",3.60,1284.12,1.24
532,444723420,"00532M13:14:13.129","00532 13:27:19",235.43,848.31,,,,"     ",3.60,1281.65,1.24
532,444723421,"00532M13:14:14.102","00532 13:27:20",235.44,848.21,,,,"     ",3.60,1278.17,1.23
532,444723422,"00532M13:14:15.075","00532 13:27:21",235.47,848.26,,,,"     ",3.60,1256.59,1.21
532,444723423,"00532M13:14:16.049","00532 13:27:22",235.51,848.24,,,,"     ",3.60,1279.83,1.24
532,444723424,"00532M13:14:17.022","00532 13:27:23",235.56,848.21,,,,"     ",3.60,1282.70,1.24
532,444723425,"00532M13:14:17.995","00532 13:27:24",235.61,848.28,,,,"     ",3.60,1264.81,1.22
532,444723426,"00532M13:14:18.968","00532 13:27:25",235.65,848.25,,,,"     ",3.60,1288.88,1.24
532,444723427,"00532M13:14:19.942","00532 13:27:26",235.68,848.25,,,,"     ",3.60,1290.26,1.25
532,444723428,"00532M13:14:20.915","00532 13:27:27",235.69,848.21,,,,"     ",3.60,1284.69,1.24
532,444723429,"00532M13:14:21.888","00532 13:27:28",235.68,848.23,,,,"     ",3.60,1279.86,1.24
532,444723430,"00532M13:14:22.861","00532 13:27:29",235.65,848.13,,,,"     ",3.60,1280.93,1.24
532,444723431,"00532M13:14:23.835","00532 13:27:30",235.61,848.16,,,,"     ",3.60,1279.66,1.24
532,444723432,"00532M13:14:24.808","00532 13:27:31",235.57,848.23,,,,"     ",3.60,1289.41,1.24
532,444723433,"00532M13:14:25.781","00532 13:27:32",235.53,848.23,,,,"     ",3.60,1277.48,1.23
532,444723434,"00532M13:14:26.754","00532 13:27:33",235.50,848.24,,,,"     ",3.60,1273.64,1.23
532,444723435,"00532M13:14:27.728","00532 13:27:34",235.50,848.25,,,,"     ",3.60,1285.28,1.24
532,444723436,"00532M13:14:28.701","00532 13:27:35",235.54,848.24,,,,"     ",3.60,1278.57,1.23
532,444723437,"00532M13:14:29.674","00532 13:27:36",235.62,848.24,,,,"     ",3.60,1300.33,1.25
532,444723438,"00532M13:14:30.647","00532 13:27:37",235.73,848.19,,,,"     ",3.60,1277.68,1.23
532,444723439,"00532M13:14:31.621","00532 13:27:38",235.89,848.29,,,,"     ",3.60,1277.11,1.23
532,444723440,"00532M13:14:32.594","00532 13:27:39",236.09,848.24,,,,"     ",3.60,1288.14,1.24
532,444723441,"00532M13:14:33.567","00532 13:27:40",236.31,848.15,,,,"     ",3.60,1318.96,1.27
532,444723442,"00532M13:14:34.540","00532 13:27:41",236.55,848.12,,,,"     ",3.60,1288.48,1.24
532,444723443,"00532M13:14:35.514","00532 13:27:42",236.80,848.17,,,,"     ",3.60,1292.50,1.25
532,444723444,"00532M13:14:36.487","00532 13:27:43",237.06,848.13,,,,"     ",3.60,1296.39,1.25
532,444723445,"00532M13:14:37.460","00532 13:27:44",237.30,848.23,,,,"     ",3.60,1295.70,1.25
532,444723446,"00532M13:14:38.433","00532 13:27:45",237.51,848.23,,,,"     ",3.60,1299.71,1.25
532,444723447,"00532M13:14:39.407","00532 13:27:46",237.70,848.29,,,,"     ",3.60,1282.93,1.23
532,444723448,"00532M13:14:40.380","00532 13:27:46",237.88,848.24,,,,"     ",3.60,1300.04,1.25
532,444723449,"00532M13:14:41.353","00532 13:27:47",238.03,848.19,,,,"     ",3.60,1303.69,1.25
532,444723450,"00532M13:14:42.327","00532 13:27:48",238.18,848.23,,,,"     ",3.60,1294.74,1.24
532,444723451,"00532M13:14:43.300","00532 13:27:49",238.32,848.17,,,,"     ",3.60,1269.15,1.22
532,444723452,"00532M13:14:44.273","00532 13:27:50",238.45,848.20,,,,"     ",3.60,1296.78,1.24
532,444723453,"00532M13:14:45.246","00532 13:27:51",238.59,848.21,,,,"     ",3.60,1283.35,1.23
532,444723454,"00532M13:14:46.220","00532 13:27:52",238.72,848.22,,,,"     ",3.60,1286.04,1.23
532,444723455,"00532M13:14:47.193","00532 13:27:53",238.86,848.25,,,,"     ",3.60,1292.78,1.24
532,444723456,"00532M13:14:48.166","00532 13:27:54",239.00,848.25,,,,"     ",3.60,1292.98,1.24
532,444723457,"00532M13:14:49.139","00532 13:27:55",239.14,848.25,,,,"     ",3.60,1295.72,1.24
532,444723458,"00532M13:14:50.113","00532 13:27:56",239.29,848.36,,,,"     ",3.60,1297.61,1.24
532,444723459,"00532M13:14:51.086","00532 13:27:57",239.45,848.30,,,,"     ",3.60,1291.52,1.23
532,444723460,"00532M13:14:52.059","00532 13:27:58",239.61,848.33,,,,"     ",3.60,1294.29,1.24
532,444723461,"00532M13:14:53.032","00532 13:27:59",239.77,848.32,,,,"     ",3.60,1311.75,1.25
532,444723462,"00532M13:14:54.006","00532 13:28:00",239.90,848.29,,,,"     ",3.60,1305.72,1.25
532,444723463,"00532M13:14:54.979","00532 13:28:01",239.89,848.25,,,,"     ",3.60,1293.68,1.23
532,444723464,"00532M13:14:55.952","00532 13:28:02",239.90,848.21,,,,"     ",3.60,1287.12,1.23
532,444723465,"00532M13:14:56.925","00532 13:28:03",239.92,848.29,,,,"     ",3.60,1298.35,1.24
532,444723466,"00532M13:14:57.899","00532 13:28:04",239.94,848.36,,,,"     ",3.60,1315.68,1.25
532,444723467,"00532M13:14:58.872","00532 13:28:05",239.96,848.35,,,,"     ",3.60,1298.46,1.23
532,444723468,"00532M13:14:59.845","00532 13:28:06",239.99,848.32,,,,"     ",3.60,1332.54,1.27
532,444723469,"00532M13:15:00.818","00532 13:28:07",240.01,848.39,,,,"     ",3.60,1303.00,1.24
532,444723470,"00532M13:15:01.792","00532 13:28:08",240.03,848.34,,,,"     ",3.60,1292.63,1.23
532,444723471,"00532M13:15:02.765","00532 13:28:09",240.05,848.35,,,,"     ",3.60,1310.62,1.24
532,444723472,"00532M13:15:03.738","00532 13:28:10",240.07,848.27,,,,"     ",3.60,1301.43,1.23
532,444723473,"00532M13:15:04.711","00532 13:28:11",240.08,848.30,,,,"     ",3.60,1314.82,1.24
532,444723474,"00532M13:15:05.685","00532 13:28:12",240.09,848.31,,,,"     ",3.60,1299.24,1.23
532,444723475,"00532M13:15:06.658","00532 13:28:13",240.09,848.38,,,,"     ",3.60,1306.59,1.24
532,444723476,"00532M13:15:07.631","00532 13:28:14",240.10,848.40,,,,"     ",3.60,1313.04,1.24
532,444723477,"00532M13:15:08.604","00532 13:28:15",240.10,848.39,,,,"     ",3.60,1316.29,1.24
532,444723478,"00532M13:15:09.578","00532 13:28:16",240.09,848.38,,,,"     ",3.60,1305.96,1.23
532,444723479,"00532M13:15:10.551","00532 13:28:17",240.06,848.30,,,,"     ",3.60,1301.97,1.23
532,444723480,"00532M13:15:11.524","00532 13:28:18",240.02,848.36,,,,"     ",3.60,1322.45,1.25
532,444723481,"00532M13:15:12.497","00532 13:28:19",239.97,848.33,,,,"     ",3.60,1308.93,1.23
532,444723482,"00532M13:15:13.471","00532 13:28:20",239.91,848.27,,,,"     ",3.60,1327.48,1.25
532,444723483,"00532M13:15:14.444","00532 13:28:21",239.84,848.36,,,,"     ",3.60,1315.99,1.24
532,444723484,"00532M13:15:15.417","00532 13:28:22",239.78,848.33,,,,"     ",3.60,1319.03,1.24
532,444723485,"00532M13:15:16.390","00532 13:28:22",239.73,848.32,,,,"     ",3.60,1323.31,1.24
532,444723486,"00532M13:15:17.364","00532 13:28:23",239.69,848.31,,,,"     ",3.60,1310.80,1.23
532,444723487,"00532M13:15:18.337","00532 13:28:24",239.66,848.28,,,,"     ",3.60,1309.82,1.23
532,444723488,"00532M13:15:19.310","00532 13:28:25",239.64,848.30,,,,"     ",3.60,1296.91,1.21
532,444723489,"00532M13:15:20.283","00532 13:28:26",239.65,848.22,,,,"     ",3.60,1312.61,1.23
532,444723490,"00532M13:15:21.257","00532 13:28:27",239.67,848.28,,,,"     ",3.60,1327.09,1.24
532,444723491,"00532M13:15:22.230","00532 13:28:28",239.70,848.25,,,,"     ",3.60,1311.73,1.23
532,444723492,"00532M13:15:23.203","00532 13:28:29",239.74,848.26,,,,"     ",3.60,1312.36,1.23
532,444723493,"00532M13:15:24.176","00532 13:28:30",239.79,848.37,,,,"     ",3.60,1337.56,1.25
532,444723494,"00532M13:15:25.150","00532 13:28:31",239.83,848.32,,,,"     ",3.60,1324.23,1.24
532,444723495,"00532M13:15:26.123","00532 13:28:32",239.85,848.44,,,,"     ",3.60,1296.34,1.21
532,444723496,"00532M13:15:27.096","00532 13:28:33",239.86,848.43,,,,"     ",3.60,1315.36,1.23
532,444723497,"00532M13:15:28.069","00532 13:28:34",239.87,848.39,,,,"     ",3.60,1334.82,1.24
532,444723498,"00532M13:15:29.043","00532 13:28:35",239.87,848.34,,,,"     ",3.60,1320.19,1.23
532,444723499,"00532M13:15:30.016","00532 13:28:36",239.87,848.27,,,,"     ",3.60,1326.87,1.24
532,444723500,"00532M13:15:30.989","00532 13:28:37",239.87,848.27,,,,"     ",3.60,1312.22,1.22
532,444723501,"00532M13:15:31.962","00532 13:28:38",239.86,848.33,,,,"     ",3.60,1314.75,1.22
532,444723502,"00532M13:15:32.936","00532 13:28:39",239.84,848.32,,,,"     ",3.60,1321.62,1.23
532,444723503,"00532M13:15:33.909","00532 13:28:40",239.82,848.33,,,,"     ",3.60,1326.67,1.23
532,444723504,"00532M13:15:34.882","00532 13:28:41",239.79,848.38,,,,"     ",3.60,1305.95,1.21
532,444723505,"00532M13:15:35.855","00532 13:28:42",239.76,848.27,,,,"     ",3.60,1324.69,1.23
532,444723506,"00532M13:15:36.829","00532 13:28:43",239.72,848.36,,,,"     ",3.60,1340.48,1.24
532,444723507,"00532M13:15:37.802","00532 13:28:44",239.68,848.34,,,,"     ",3.60,1322.52,1.23
532,444723508,"00532M13:15:38.775","00532 13:28:45",239.40,848.31,5.93,,280.71,"  101110",3.60,1341.32,1.24
532,444723509,"00532M13:15:39.748","00532 13:28:46",239.44,848.28,,,,"     ",3.60,1334.95,1.24
532,444723510,"00532M13:15:40.722","00532 13:28:47",239.47,848.24,,,,"     ",3.60,1326.98,1.23
532,444723511,"00532M13:15:41.695","00532 13:28:48",239.50,848.30,,,,"     ",3.60,1313.86,1.21
532,444723512,"00532M13:15:42.668","00532 13:28:49",239.53,848.26,,,,"     ",3.60,1346.49,1.25
532,444723513,"00532M13:15:43.641","00532 13:28:50",239.55,848.22,,,,"     ",3.60,1321.36,1.22
532,444723514,"00532M13:15:44.615","00532 13:28:51",239.57,848.27,,,,"     ",3.60,1331.53,1.23
532,444723515,"00532M13:15:45.588","00532 13:28:52",239.59,848.28,,,,"     ",3.60,1322.56,1.22
532,444723516,"00532M13:15:46.561","00532 13:28:53",239.60,848.29,,,,"     ",3.60,1349.54,1.25
532,444723517,"00532M13:15:47.534","00532 13:28:54",239.61,848.20,,,,"     ",3.60,1329.87,1.23
532,444723518,"00532M13:15:48.508","00532 13:28:55",239.62,848.24,,,,"     ",3.60,1334.89,1.23
532,444723519,"00532M13:15:49.481","00532 13:28:56",239.62,848.24,,,,"     ",3.60,1340.02,1.23
532,444723520,"00532M13:15:50.454","00532 13:28:57",239.62,848.33,,,,"     ",3.60,1345.82,1.24
532,444723521,"00532M13:15:51.428","00532 13:28:58",239.62,848.33,,,,"     ",3.60,1320.21,1.21
532,444723522,"00532M13:15:52.401","00532 13:28:59",239.61,848.30,,,,"     ",3.60,1330.08,1.22
532,444723523,"00532M13:15:53.374","00532 13:28:59",239.58,848.24,,,,"     ",3.60,1334.55,1.23
532,444723524,"00532M13:15:54.347","00532 13:29:00",239.53,848.29,,,,"     ",3.60,1333.50,1.23
532,444723525,"00532M13:15:55.321","00532 13:29:01",239.48,848.20,,,,"     ",3.60,1318.82,1.21
532,444723526,"00532M13:15:56.294","00532 13:29:02",239.42,848.28,,,,"     ",3.60,1338.55,1.23
532,444723527,"00532M13:15:57.267","00532 13:29:03",239.36,848.27,,,,"     ",3.60,1335.72,1.23
532,444723528,"00532M13:15:58.240","00532 13:29:04",239.30,848.26,,,,"     ",3.60,1338.70,1.23
532,444723529,"00532M13:15:59.214","00532 13:29:05",239.25,848.24,,,,"     ",3.60,1344.95,1.23
532,444723530,"00532M13:16:00.187","00532 13:29:06",239.21,848.19,,,,"     ",3.60,1329.95,1.22
532,444723531,"00532M13:16:01.160","00532 13:29:07",239.19,848.17,,,,"     ",3.60,1336.63,1.23
532,444723532,"00532M13:16:02.133","00532 13:29:08",239.19,848.18,,,,"     ",3.60,1341.56,1.23
532,444723533,"00532M13:16:03.107","00532 13:29:09",239.19,848.27,,,,"     ",3.60,1341.40,1.23
532,444723534,"00532M13:16:04.080","00532 13:29:10",239.22,848.23,,,,"     ",3.60,1327.59,1.22
532,444723535,"00532M13:16:05.053","00532 13:29:11",239.26,848.18,,,,"     ",3.60,1332.24,1.22
532,444723536,"00532M13:16:06.026","00532 13:29:12",239.32,848.23,,,,"     ",3.60,1337.87,1.22
532,444723537,"00532M13:16:07.000","00532 13:29:13",239.40,848.18,,,,"     ",3.60,1346.97,1.23
532,444723538,"00532M13:16:07.973","00532 13:29:14",239.48,848.17,,,,"     ",3.60,1344.98,1.23
532,444723539,"00532M13:16:08.946","00532 13:29:15",239.57,848.28,,,,"     ",3.60,1321.57,1.21
532,444723540,"00532M13:16:09.919","00532 13:29:16",239.65,848.16,,,,"     ",3.60,1339.22,1.22
532,444723541,"00532M13:16:10.893","00532 13:29:17",239.74,848.15,,,,"     ",3.60,1357.32,1.24
532,444723542,"00532M13:16:11.866","00532 13:29:18",239.81,848.19,,,,"     ",3.60,1322.09,1.21
532,444723543,"00532M13:16:12.839","00532 13:29:19",239.88,848.10,,,,"     ",3.60,1356.23,1.24
532,444723544,"00532M13:16:13.812","00532 13:29:20",239.93,848.22,,,,"     ",3.60,1351.42,1.23
532,444723545,"00532M13:16:14.786","00532 13:29:21",239.99,848.22,,,,"     ",3.60,1342.86,1.22
532,444723546,"00532M13:16:15.759","00532 13:29:22",240.03,848.17,,,,"     ",3.60,1353.36,1.23
532,444723547,"00532M13:16:16.732","00532 13:29:23",240.08,848.18,,,,"     ",3.60,1352.27,1.23
532,444723548,"00532M13:16:17.705","00532 13:29:24",240.12,848.24,,,,"     ",3.60,1348.35,1.23
532,444723549,"00532M13:16:18.679","00532 13:29:25",240.16,848.15,,,,"     ",3.60,1341.64,1.22
532,444723550,"00532M13:16:19.652","00532 13:29:26",240.20,848.21,,,,"     ",3.60,1335.82,1.22
532,444723551,"00532M13:16:20.625","00532 13:29:27",240.23,848.16,,,,"     ",3.60,1343.81,1.22
532,444723552,"00532M13:16:21.598","00532 13:29:28",240.26,848.33,,,,"     ",3.60,1335.65,1.22
532,444723553,"00532M13:16:22.572","00532 13:29:29",240.27,848.29,,,,"     ",3.60,1328.01,1.21
532,444723554,"00532M13:16:23.545","00532 13:29:30",240.26,848.21,,,,"     ",3.60,1364.61,1.24
532,444723555,"00532M13:16:24.518","00532 13:29:31",240.24,848.18,,,,"     ",3.60,1354.85,1.23
532,444723556,"00532M13:16:25.491","00532 13:29:32",240.22,848.21,,,,"     ",3.60,1341.56,1.22
532,444723557,"00532M13:16:26.465","00532 13:29:33",240.19,848.21,,,,"     ",3.60,1360.05,1.24
532,444723558,"00532M13:16:27.438","00532 13:29:34",240.14,848.26,,,,"     ",3.60,1347.69,1.22
532,444723559,"00532M13:16:28.411","00532 13:29:35",240.10,848.20,,,,"     ",3.60,1349.77,1.23
532,444723560,"00532M13:16:29.384","00532 13:29:35",240.06,848.19,,,,"     ",3.60,1349.85,1.23
532,444723561,"00532M13:16:30.358","00532 13:29:36",240.03,848.19,,,,"     ",3.60,1342.50,1.22
532,444723562,"00532M13:16:31.331","00532 13:29:37",240.00,848.20,,,,"     ",3.60,1338.64,1.21
532,444723563,"00532M13:16:32.304","00532 13:29:38",239.99,848.23,,,,"     ",3.60,1347.64,1.22
532,444723564,"00532M13:16:33.277","00532 13:29:39",239.99,848.19,,,,"     ",3.60,1372.61,1.25
532,444723565,"00532M13:16:34.251","00532 13:29:40",240.00,848.13,,,,"     ",3.60,1344.49,1.22
532,444723566,"00532M13:16:35.224","00532 13:29:41",240.04,848.27,,,,"     ",3.60,1354.03,1.23
532,444723567,"00532M13:16:36.197","00532 13:29:42",240.08,848.18,,,,"     ",3.60,1358.29,1.23
532,444723568,"00532M13:16:37.170","00532 13:29:43",240.13,848.22,,,,"     ",3.60,1356.27,1.23
532,444723569,"00532M13:16:38.144","00532 13:29:44",240.16,848.26,,,,"     ",3.60,1348.03,1.22
532,444723570,"00532M13:16:39.117","00532 13:29:45",240.19,848.25,,,,"     ",3.60,1340.66,1.21
532,444723571,"00532M13:16:40.090","00532 13:29:46",240.20,848.17,,,,"     ",3.60,1355.28,1.23
532,444723572,"00532M13:16:41.063","00532 13:29:47",240.19,848.18,,,,"     ",3.60,1347.27,1.22
532,444723573,"00532M13:16:42.037","00532 13:29:48",240.15,848.17,,,,"     ",3.60,1367.31,1.24
532,444723574,"00532M13:16:43.010","00532 13:29:49",240.10,848.16,,,,"     ",3.60,1346.47,1.22
532,444723575,"00532M13:16:43.983","00532 13:29:50",240.04,848.10,,,,"     ",3.60,1373.59,1.24
532,444723576,"00532M13:16:44.956","00532 13:29:51",239.97,848.06,,,,"     ",3.60,1351.94,1.22
532,444723577,"00532M13:16:45.930","00532 13:29:52",239.90,848.12,,,,"     ",3.60,1360.10,1.23
532,444723578,"00532M13:16:46.903","00532 13:29:53",239.83,848.15,,,,"     ",3.60,1347.62,1.22
532,444723579,"00532M13:16:47.876","00532 13:29:54",239.76,848.15,,,,"     ",3.60,1374.95,1.24
532,444723580,"00532M13:16:48.849","00532 13:29:55",239.71,848.18,,,,"     ",3.60,1342.86,1.21
532,444723581,"00532M13:16:49.823","00532 13:29:56",239.68,848.21,,,,"     ",3.60,1349.46,1.22
532,444723582,"00532M13:16:50.796","00532 13:29:57",239.66,848.13,,,,"     ",3.60,1354.30,1.22
532,444723583,"00532M13:16:51.769","00532 13:29:58",239.67,848.24,,,,"     ",3.60,1378.31,1.24
532,444723584,"00532M13:16:52.742","00532 13:29:59",239.69,848.27,,,,"     ",3.60,1366.78,1.23
532,444723585,"00532M13:16:53.716","00532 13:30:00",239.70,848.24,,,,"     ",3.60,1353.28,1.22
532,444723586,"00532M13:16:54.689","00532 13:30:01",239.72,848.16,,,,"     ",3.60,1366.20,1.23
532,444723587,"00532M13:16:55.662","00532 13:30:02",239.73,848.14,,,,"     ",3.60,1348.41,1.22
532,444723588,"00532M13:16:56.635","00532 13:30:03",239.72,848.10,,,,"     ",3.60,1355.89,1.22
532,444723589,"00532M13:16:57.609","00532 13:30:04",239.72,848.14,,,,"     ",3.60,1348.78,1.22
532,444723590,"00532M13:16:58.582","00532 13:30:05",239.71,848.10,,,,"     ",3.60,1350.40,1.22
532,444723591,"00532M13:16:59.555","00532 13:30:06",239.69,848.11,,,,"     ",3.60,1352.84,1.22
532,444723592,"00532M13:17:00.529","00532 13:30:07",239.67,848.21,,,,"     ",3.60,1342.30,1.21
532,444723593,"00532M13:17:01.502","00532 13:30:08",239.64,848.17,,,,"     ",3.60,1350.58,1.22
532,444723594,"00532M13:17:02.475","00532 13:30:09",239.60,848.13,,,,"     ",3.60,1341.73,1.21
532,444723595,"00532M13:17:03.448","00532 13:30:10",239.57,848.17,,,,"     ",3.60,1369.30,1.23
532,444723596,"00532M13:17:04.422","00532 13:30:11",239.55,848.16,,,,"     ",3.60,1352.46,1.22
532,444723597,"00532M13:17:05.395","00532 13:30:12",239.53,848.15,,,,"     ",3.60,1366.23,1.23
532,444723598,"00532M13:17:06.368","00532 13:30:12",239.52,848.21,,,,"     ",3.60,1334.40,1.20
532,444723599,"00532M13:17:07.341","00532 13:30:13",239.52,848.16,,,,"     ",3.60,1350.04,1.22
532,444723600,"00532M13:17:08.315","00532 13:30:14",239.54,848.14,,,,"     ",3.60,1343.54,1.21
532,444723601,"00532M13:17:09.288","00532 13:30:15",239.57,848.11,,,,"     ",3.60,1352.88,1.22
532,444723602,"00532M13:17:10.261","00532 13:30:16",239.62,848.10,,,,"     ",3.60,1369.75,1.23
532,444723603,"00532M13:17:11.234","00532 13:30:17",239.67,848.23,,,,"     ",3.60,1346.02,1.21
532,444723604,"00532M13:17:12.208","00532 13:30:18",239.73,848.14,,,,"     ",3.60,1346.89,1.21
532,444723605,"00532M13:17:13.181","00532 13:30:19",239.80,848.10,,,,"     ",3.60,1355.80,1.22
532,444723606,"00532M13:17:14.154","00532 13:30:20",239.87,848.09,,,,"     ",3.60,1356.83,1.22
532,444723607,"00532M13:17:15.127","00532 13:30:21",239.96,848.08,,,,"     ",3.60,1333.89,1.20
532,444723608,"00532M13:17:16.101","00532 13:30:22",240.05,848.14,,,,"     ",3.60,1351.21,1.21
532,444723609,"00532M13:17:17.074","00532 13:30:23",240.14,848.11,,,,"     ",3.60,1353.88,1.22
532,444723610,"00532M13:17:18.047","00532 13:30:24",240.24,848.09,,,,"     ",3.60,1362.77,1.22
532,444723611,"00532M13:17:19.020","00532 13:30:25",240.34,848.08,,,,"     ",3.60,1382.65,1.24
532,444723612,"00532M13:17:19.994","00532 13:30:26",240.43,848.04,,,,"     ",3.60,1376.30,1.24
532,444723613,"00532M13:17:20.967","00532 13:30:27",240.52,848.10,,,,"     ",3.60,1358.33,1.22
532,444723614,"00532M13:17:21.940","00532 13:30:28",240.59,848.07,,,,"     ",3.60,1372.75,1.23
532,444723615,"00532M13:17:22.913","00532 13:30:29",240.66,848.05,,,,"     ",3.60,1354.22,1.22
532,444723616,"00532M13:17:23.887","00532 13:30:30",240.72,848.03,,,,"     ",3.60,1377.88,1.24
532,444723617,"00532M13:17:24.860","00532 13:30:31",240.76,848.13,,,,"     ",3.60,1367.29,1.23
532,444723618,"00532M13:17:25.833","00532 13:30:32",240.79,848.10,,,,"     ",3.60,1364.47,1.22
532,444723619,"00532M13:17:26.806","00532 13:30:33",240.81,848.11,,,,"     ",3.60,1363.69,1.22
532,444723620,"00532M13:17:27.780","00532 13:30:34",240.82,848.12,,,,"     ",3.60,1366.51,1.23
532,444723621,"00532M13:17:28.753","00532 13:30:35",240.83,848.15,,,,"     ",3.60,1375.20,1.23
532,444723622,"00532M13:17:29.726","00532 13:30:36",240.85,848.14,,,,"     ",3.60,1365.90,1.23
532,444723623,"00532M13:17:30.699","00532 13:30:37",240.86,848.19,,,,"     ",3.60,1340.09,1.20
532,444723624,"00532M13:17:31.673","00532 13:30:38",240.87,848.13,,,,"     ",3.60,1368.36,1.23
532,444723625,"00532M13:17:32.646","00532 13:30:39",240.88,848.09,,,,"     ",3.60,1371.99,1.23
532,444723626,"00532M13:17:33.619","00532 13:30:40",240.87,848.08,,,,"     ",3.60,1354.06,1.21
532,444723627,"00532M13:17:34.592","00532 13:30:41",240.87,848.09,,,,"     ",3.60,1369.57,1.23
532,444723628,"00532M13:17:35.566","00532 13:30:42",240.86,848.11,,,,"     ",3.60,1364.40,1.22
532,444723629,"00532M13:17:36.539","00532 13:30:43",240.85,848.14,,,,"     ",3.60,1357.62,1.22
532,444723630,"00532M13:17:37.512","00532 13:30:44",240.84,848.09,,,,"     ",3.60,1375.30,1.23
532,444723631,"00532M13:17:38.485","00532 13:30:45",240.82,848.05,,,,"     ",3.60,1351.93,1.21
532,444723632,"00532M13:17:39.459","00532 13:30:46",240.79,848.04,,,,"     ",3.60,1369.78,1.23
532,444723633,"00532M13:17:40.432","00532 13:30:47",240.76,848.07,,,,"     ",3.60,1345.78,1.20
532,444723634,"00532M13:17:41.405","00532 13:30:48",240.72,848.10,,,,"     ",3.60,1361.37,1.22
532,444723635,"00532M13:17:42.378","00532 13:30:48",240.68,848.04,,,,"     ",3.60,1367.70,1.23
532,444723636,"00532M13:17:43.352","00532 13:30:49",240.63,848.07,,,,"     ",3.60,1340.30,1.20
532,444723637,"00532M13:17:44.325","00532 13:30:50",240.59,847.98,,,,"     ",3.60,1353.19,1.21
532,444723638,"00532M13:17:45.298","00532 13:30:51",240.56,848.00,,,,"     ",3.60,1363.83,1.22
532,444723639,"00532M13:17:46.271","00532 13:30:52",240.53,848.04,,,,"     ",3.60,1348.82,1.21
532,444723640,"00532M13:17:47.245","00532 13:30:53",240.52,848.10,,,,"     ",3.60,1367.36,1.22
532,444723641,"00532M13:17:48.218","00532 13:30:54",240.51,848.11,,,,"     ",3.60,1376.38,1.23
532,444723642,"00532M13:17:49.191","00532 13:30:55",240.50,848.08,,,,"     ",3.60,1379.56,1.24
532,444723643,"00532M13:17:50.164","00532 13:30:56",240.48,848.04,,,,"     ",3.60,1361.15,1.22
532,444723644,"00532M13:17:51.138","00532 13:30:57",240.46,847.98,,,,"     ",3.60,1363.29,1.22
532,444723645,"00532M13:17:52.111","00532 13:30:58",240.42,847.98,,,,"     ",3.60,1352.20,1.21
532,444723646,"00532M13:17:53.084","00532 13:30:59",240.38,848.06,,,,"     ",3.60,1350.84,1.21
532,444723647,"00532M13:17:54.057","00532 13:31:00",240.32,847.98,,,,"     ",3.60,1364.86,1.22
532,444723648,"00532M13:17:55.031","00532 13:31:01",240.26,847.98,,,,"     ",3.60,1364.62,1.22
532,444723649,"00532M13:17:56.004","00532 13:31:02",240.19,848.07,,,,"     ",3.60,1365.38,1.22
532,444723650,"00532M13:17:56.977","00532 13:31:03",240.10,848.08,,,,"     ",3.60,1342.47,1.20
532,444723651,"00532M13:17:57.950","00532 13:31:04",240.01,848.09,,,,"     ",3.60,1358.35,1.22
532,444723652,"00532M13:17:58.924","00532 13:31:05",239.92,848.00,,,,"     ",3.60,1351.14,1.21
532,444723653,"00532M13:17:59.897","00532 13:31:06",239.82,848.01,,,,"     ",3.60,1347.31,1.21
532,444723654,"00532M13:18:00.870","00532 13:31:07",239.70,848.00,,,,"     ",3.60,1373.99,1.23
532,444723655,"00532M13:18:01.843","00532 13:31:08",239.47,847.96,,,,"     ",3.60,1348.98,1.21
532,444723656,"00532M13:18:02.817","00532 13:31:09",239.25,847.94,,,,"     ",3.60,1369.66,1.23
532,444723657,"00532M13:18:03.790","00532 13:31:10",239.05,847.98,,,,"     ",3.60,1367.23,1.23
532,444723658,"00532M13:18:04.763","00532 13:31:11",238.87,847.88,,,,"     ",3.60,1337.58,1.20
532,444723659,"00532M13:18:05.736","00532 13:31:12",238.69,847.81,,,,"     ",3.60,1358.92,1.22
532,444723660,"00532M13:18:06.710","00532 13:31:13",238.54,847.87,,,,"     ",3.60,1364.13,1.22
532,444723661,"00532M13:18:07.683","00532 13:31:14",238.41,847.84,,,,"     ",3.60,1349.54,1.21
532,444723662,"00532M13:18:08.656","00532 13:31:15",238.29,847.76,,,,"     ",3.60,1345.50,1.21
532,444723663,"00532M13:18:09.630","00532 13:31:16",238.21,847.79,,,,"     ",3.60,1360.87,1.22
532,444723664,"00532M13:18:10.603","00532 13:31:17",238.16,847.81,,,,"     ",3.60,1348.45,1.21
532,444723665,"00532M13:18:11.576","00532 13:31:18",238.13,847.85,,,,"     ",3.60,1354.39,1.22
532,444723666,"00532M13:18:12.549","00532 13:31:19",238.14,847.79,,,,"     ",3.60,1340.46,1.21
532,444723667,"00532M13:18:13.523","00532 13:31:20",238.17,847.82,,,,"     ",3.60,1354.20,1.22
532,444723668,"00532M13:18:14.496","00532 13:31:21",238.25,847.98,,,,"     ",3.60,1349.13,1.21
532,444723669,"00532M13:18:15.469","00532 13:31:22",238.35,847.99,,,,"     ",3.60,1345.41,1.21
532,444723670,"00532M13:18:16.442","00532 13:31:23",238.49,847.94,,,,"     ",3.60,1334.12,1.20
532,444723671,"00532M13:18:17.416","00532 13:31:24",238.66,847.96,,,,"     ",3.60,1366.58,1.23
532,444723672,"00532M13:18:18.389","00532 13:31:25",238.85,847.97,,,,"     ",3.60,1348.64,1.22
532,444723673,"00532M13:18:19.362","00532 13:31:25",239.06,847.81,,,,"     ",3.60,1357.89,1.23
532,444723674,"00532M13:18:20.335","00532 13:31:26",239.14,847.82,,,,"     ",3.60,1362.88,1.23
532,444723675,"00532M13:18:21.309","00532 13:31:27",239.21,847.91,,,,"     ",3.60,1339.92,1.21
532,444723676,"00532M13:18:22.282","00532 13:31:28",239.29,847.91,,,,"     ",3.60,1349.42,1.22
532,444723677,"00532M13:18:23.255","00532 13:31:29",239.39,847.94,,,,"     ",3.60,1360.48,1.23
532,444723678,"00532M13:18:24.228","00532 13:31:30",239.50,847.92,,,,"     ",3.60,1359.05,1.23
532,444723679,"00532M13:18:25.202","00532 13:31:31",239.60,847.93,,,,"     ",3.60,1349.07,1.22
532,444723680,"00532M13:18:26.175","00532 13:31:32",239.69,847.94,,,,"     ",3.60,1333.34,1.20
532,444723681,"00532M13:18:27.148","00532 13:31:33",239.76,847.93,,,,"     ",3.60,1360.78,1.23
532,444723682,"00532M13:18:28.121","00532 13:31:34",239.81,847.89,,,,"     ",3.60,1373.58,1.24
532,444723683,"00532M13:18:29.095","00532 13:31:35",239.86,848.01,,,,"     ",3.60,1356.83,1.23
532,444723684,"00532M13:18:30.068","00532 13:31:36",239.89,848.02,,,,"     ",3.60,1346.98,1.22
532,444723685,"00532M13:18:31.041","00532 13:31:37",239.91,847.91,,,,"     ",3.60,1358.81,1.23
532,444723686,"00532M13:18:32.014","00532 13:31:38",239.92,847.97,,,,"     ",3.60,1346.93,1.22
532,444723687,"00532M13:18:32.988","00532 13:31:39",239.93,848.00,,,,"     ",3.60,1347.61,1.22
532,444723688,"00532M13:18:33.961","00532 13:31:40",239.92,848.07,,,,"     ",3.60,1351.12,1.22
532,444723689,"00532M13:18:34.934","00532 13:31:41",239.92,848.03,,,,"     ",3.60,1346.43,1.22
532,444723690,"00532M13:18:35.907","00532 13:31:42",239.92,847.93,,,,"     ",3.60,1361.05,1.23
532,444723691,"00532M13:18:36.881","00532 13:31:43",239.93,847.87,,,,"     ",3.60,1358.37,1.23
532,444723692,"00532M13:18:37.854","00532 13:31:44",239.96,847.89,,,,"     ",3.60,1372.08,1.24
532,444723693,"00532M13:18:38.827","00532 13:31:45",239.99,847.98,,,,"     ",3.60,1355.75,1.22
532,444723694,"00532M13:18:39.800","00532 13:31:46",240.04,847.91,,,,"     ",3.60,1351.02,1.22
532,444723695,"00532M13:18:40.774","00532 13:31:47",240.10,848.00,,,,"     ",3.60,1334.68,1.20
532,444723696,"00532M13:18:41.747","00532 13:31:48",240.15,848.07,,,,"     ",3.60,1345.12,1.21
532,444723697,"00532M13:18:42.720","00532 13:31:49",240.19,847.97,,,,"     ",3.60,1367.55,1.23
532,444723698,"00532M13:18:43.693","00532 13:31:50",240.13,848.03,,,,"     ",3.60,1350.44,1.22
532,444723699,"00532M13:18:44.667","00532 13:31:51",240.08,848.05,,,,"     ",3.60,1365.88,1.23
532,444723700,"00532M13:18:45.640","00532 13:31:52",240.03,847.99,,,,"     ",3.60,1356.85,1.22
532,444723701,"00532M13:18:46.613","00532 13:31:53",239.98,847.93,,,,"     ",3.60,1345.53,1.21
532,444723702,"00532M13:18:47.586","00532 13:31:54",239.93,847.87,,,,"     ",3.60,1345.42,1.21
532,444723703,"00532M13:18:48.560","00532 13:31:55",239.87,848.01,,,,"     ",3.60,1356.37,1.22
532,444723704,"00532M13:18:49.533","00532 13:31:56",239.81,848.00,,,,"     ",3.60,1348.80,1.22
532,444723705,"00532M13:18:50.506","00532 13:31:57",239.74,847.94,,,,"     ",3.60,1362.75,1.23
532,444723706,"00532M13:18:51.479","00532 13:31:58",239.68,848.01,,,,"     ",3.60,1355.37,1.22
532,444723707,"00532M13:18:52.453","00532 13:31:59",239.62,847.97,,,,"     ",3.60,1348.09,1.21
532,444723708,"00532M13:18:53.426","00532 13:32:00",239.57,847.93,,,,"     ",3.60,1353.83,1.22
532,444723709,"00532M13:18:54.399","00532 13:32:01",239.52,847.95,,,,"     ",3.60,1340.72,1.21
532,444723710,"00532M13:18:55.372","00532 13:32:01",239.48,848.00,,,,"     ",3.60,1350.17,1.22
532,444723711,"00532M13:18:56.346","00532 13:32:02",239.44,848.02,,,,"     ",3.60,1363.03,1.23
532,444723712,"00532M13:18:57.319","00532 13:32:03",239.40,848.06,,,,"     ",3.60,1347.24,1.21
532,444723713,"00532M13:18:58.292","00532 13:32:04",239.35,847.95,,,,"     ",3.60,1337.71,1.20
532,444723714,"00532M13:18:59.265","00532 13:32:05",239.29,847.89,,,,"     ",3.60,1337.05,1.20
532,444723715,"00532M13:19:00.239","00532 13:32:06",239.23,847.84,,,,"     ",3.60,1356.38,1.22
532,444723716,"00532M13:19:01.212","00532 13:32:07",239.15,847.84,,,,"     ",3.60,1364.03,1.23
532,444723717,"00532M13:19:02.185","00532 13:32:08",239.06,847.90,,,,"     ",3.60,1364.20,1.23
532,444723718,"00532M13:19:03.158","00532 13:32:09",238.97,847.89,,,,"     ",3.60,1362.21,1.23
532,444723719,"00532M13:19:04.132","00532 13:32:10",238.86,848.03,,,,"     ",3.60,1367.58,1.23
532,444723720,"00532M13:19:05.105","00532 13:32:11",238.76,847.98,,,,"     ",3.60,1348.52,1.22
532,444723721,"00532M13:19:06.078","00532 13:32:12",238.67,848.02,,,,"     ",3.60,1336.08,1.20
532,444723722,"00532M13:19:07.051","00532 13:32:13",238.59,847.96,,,,"     ",3.60,1346.48,1.21
532,444723723,"00532M13:19:08.025","00532 13:32:14",238.51,847.99,,,,"     ",3.60,1354.36,1.22
532,444723724,"00532M13:19:08.998","00532 13:32:15",238.46,847.96,,,,"     ",3.60,1342.68,1.21
532,444723725,"00532M13:19:09.971","00532 13:32:16",238.41,848.05,,,,"     ",3.60,1353.03,1.22
532,444723726,"00532M13:19:10.944","00532 13:32:17",238.36,848.00,,,,"     ",3.60,1336.92,1.21
532,444723727,"00532M13:19:11.918","00532 13:32:18",238.31,847.92,,,,"     ",3.60,1323.67,1.19
532,444723728,"00532M13:19:12.891","00532 13:32:19",238.26,847.94,,,,"     ",3.60,1341.10,1.21
532,444723729,"00532M13:19:13.864","00532 13:32:20",238.20,847.89,,,,"     ",3.60,1335.26,1.20
532,444723730,"00532M13:19:14.837","00532 13:32:21",238.12,848.00,,,,"     ",3.60,1354.92,1.22
532,444723731,"00532M13:19:15.811","00532 13:32:22",238.03,847.99,,,,"     ",3.60,1356.11,1.22
532,444723732,"00532M13:19:16.784","00532 13:32:23",237.92,847.91,,,,"     ",3.60,1356.80,1.22
532,444723733,"00532M13:19:17.757","00532 13:32:24",237.79,847.97,,,,"     ",3.60,1337.46,1.21
532,444723734,"00532M13:19:18.731","00532 13:32:25",237.65,847.84,,,,"     ",3.60,1352.29,1.22
532,444723735,"00532M13:19:19.704","00532 13:32:26",237.51,847.90,,,,"     ",3.60,1352.27,1.22
532,444723736,"00532M13:19:20.677","00532 13:32:27",237.36,847.87,,,,"     ",3.60,1336.16,1.20
532,444723737,"00532M13:19:21.650","00532 13:32:28",237.22,847.92,,,,"     ",3.60,1327.56,1.20
532,444723738,"00532M13:19:22.624","00532 13:32:29",237.09,847.90,,,,"     ",3.60,1336.39,1.21
532,444723739,"00532M13:19:23.597","00532 13:32:30",236.97,847.86,,,,"     ",3.60,1340.63,1.21
532,444723740,"00532M13:19:24.570","00532 13:32:31",236.86,847.80,,,,"     ",3.60,1356.40,1.23
532,444723741,"00532M13:19:25.543","00532 13:32:32",236.78,847.84,,,,"     ",3.60,1341.00,1.21
532,444723742,"00532M13:19:26.517","00532 13:32:33",236.72,847.90,,,,"     ",3.60,1334.08,1.21
532,444723743,"00532M13:19:27.490","00532 13:32:34",236.67,847.91,,,,"     ",3.60,1345.82,1.22
532,444723744,"00532M13:19:28.463","00532 13:32:35",236.64,847.85,,,,"     ",3.60,1326.76,1.20
532,444723745,"00532M13:19:29.436","00532 13:32:36",236.62,847.88,,,,"     ",3.60,1343.58,1.22
532,444723746,"00532M13:19:30.410","00532 13:32:37",236.63,847.94,,,,"     ",3.60,1350.76,1.22
532,444723747,"00532M13:19:31.383","00532 13:32:38",236.65,847.93,,,,"     ",3.60,1336.28,1.21
532,444723748,"00532M13:19:32.356","00532 13:32:38",236.70,847.93,,,,"     ",3.60,1344.73,1.22
532,444723749,"00532M13:19:33.329","00532 13:32:39",236.77,847.91,,,,"     ",3.60,1329.09,1.20
532,444723750,"00532M13:19:34.303","00532 13:32:40",236.85,847.89,,,,"     ",3.60,1342.00,1.22
532,444723751,"00532M13:19:35.276","00532 13:32:41",236.96,847.92,,,,"     ",3.60,1336.86,1.21
532,444723752,"00532M13:19:36.249","00532 13:32:42",237.07,847.88,,,,"     ",3.60,1342.78,1.22
532,444723753,"00532M13:19:37.222","00532 13:32:43",237.20,847.88,,,,"     ",3.60,1329.16,1.21
532,444723754,"00532M13:19:38.196","00532 13:32:44",237.32,847.96,,,,"     ",3.60,1347.07,1.22
532,444723755,"00532M13:19:39.169","00532 13:32:45",237.45,847.85,,,,"     ",3.60,1346.89,1.22
532,444723756,"00532M13:19:40.142","00532 13:32:46",237.57,847.91,,,,"     ",3.60,1343.37,1.22
532,444723757,"00532M13:19:41.115","00532 13:32:47",237.69,847.91,,,,"     ",3.60,1337.36,1.21
532,444723758,"00532M13:19:42.089","00532 13:32:48",237.81,847.96,,,,"     ",3.60,1334.98,1.21
532,444723759,"00532M13:19:43.062","00532 13:32:49",237.91,847.91,,,,"     ",3.60,1351.31,1.23
532,444723760,"00532M13:19:44.035","00532 13:32:50",238.01,847.90,,,,"     ",3.60,1331.92,1.21
532,444723761,"00532M13:19:45.008","00532 13:32:51",238.11,847.89,,,,"     ",3.60,1328.57,1.21
532,444723762,"00532M13:19:45.982","00532 13:32:52",238.21,847.90,,,,"     ",3.60,1330.39,1.21
532,444723763,"00532M13:19:46.955","00532 13:32:53",238.31,847.86,,,,"     ",3.60,1339.31,1.22
532,444723764,"00532M13:19:47.928","00532 13:32:54",238.39,847.86,,,,"     ",3.60,1333.51,1.21
532,444723765,"00532M13:19:48.901","00532 13:32:55",238.47,847.84,,,,"     ",3.60,1345.93,1.22
532,444723766,"00532M13:19:49.875","00532 13:32:56",238.53,848.00,,,,"     ",3.60,1344.45,1.22
532,444723767,"00532M13:19:50.848","00532 13:32:57",238.58,847.89,,,,"     ",3.60,1341.52,1.22
532,444723768,"00532M13:19:51.821","00532 13:32:58",238.62,847.91,,,,"     ",3.60,1366.07,1.24
532,444723769,"00532M13:19:52.794","00532 13:32:59",238.65,847.89,,,,"     ",3.60,1347.35,1.22
532,444723770,"00532M13:19:53.768","00532 13:33:00",238.68,847.80,,,,"     ",3.60,1347.25,1.22
532,444723771,"00532M13:19:54.741","00532 13:33:01",238.69,847.89,,,,"     ",3.60,1342.91,1.22
532,444723772,"00532M13:19:55.714","00532 13:33:02",238.69,847.88,,,,"     ",3.60,1358.06,1.23
532,444723773,"00532M13:19:56.687","00532 13:33:03",238.69,847.80,,,,"     ",3.60,1361.77,1.23
532,444723774,"00532M13:19:57.661","00532 13:33:04",238.67,847.84,,,,"     ",3.60,1332.47,1.21
532,444723775,"00532M13:19:58.634","00532 13:33:05",238.66,847.84,,,,"     ",3.60,1340.58,1.21
532,444723776,"00532M13:19:59.607","00532 13:33:06",238.65,847.83,,,,"     ",3.60,1340.60,1.21
532,444723777,"00532M13:20:00.580","00532 13:33:07",238.65,847.83,,,,"     ",3.60,1344.80,1.22
532,444723778,"00532M13:20:01.554","00532 13:33:08",238.67,847.78,,,,"     ",3.60,1344.38,1.22
532,444723779,"00532M13:20:02.527","00532 13:33:09",238.70,847.86,,,,"     ",3.60,1343.99,1.22
532,444723780,"00532M13:20:03.500","00532 13:33:10",238.75,847.80,,,,"     ",3.60,1353.88,1.22
532,444723781,"00532M13:20:04.473","00532 13:33:11",238.80,847.82,,,,"     ",3.60,1333.07,1.20
532,444723782,"00532M13:20:05.447","00532 13:33:12",238.85,847.76,,,,"     ",3.60,1352.39,1.22
532,444723783,"00532M13:20:06.420","00532 13:33:13",238.91,847.72,,,,"     ",3.60,1332.62,1.20
532,444723784,"00532M13:20:07.393","00532 13:33:14",238.97,847.77,,,,"     ",3.60,1342.07,1.21
532,444723785,"00532M13:20:08.366","00532 13:33:14",239.02,847.80,,,,"     ",3.60,1350.07,1.22
532,444723786,"00532M13:20:09.340","00532 13:33:15",239.07,847.84,,,,"     ",3.60,1333.98,1.20
532,444723787,"00532M13:20:10.313","00532 13:33:16",239.12,847.93,,,,"     ",3.60,1356.68,1.22
532,444723788,"00532M13:20:11.286","00532 13:33:17",239.17,847.92,,,,"     ",3.60,1354.68,1.22
532,444723789,"00532M13:20:12.259","00532 13:33:18",239.20,847.81,,,,"     ",3.60,1361.19,1.23
532,444723790,"00532M13:20:13.233","00532 13:33:19",239.23,847.92,,,,"     ",3.60,1351.61,1.22
532,444723791,"00532M13:20:14.206","00532 13:33:20",239.24,847.86,,,,"     ",3.60,1350.16,1.22
532,444723792,"00532M13:20:15.179","00532 13:33:21",239.24,847.92,,,,"     ",3.60,1344.90,1.21
532,444723793,"00532M13:20:16.152","00532 13:33:22",239.22,847.87,,,,"     ",3.60,1362.82,1.23
532,444723794,"00532M13:20:17.126","00532 13:33:23",239.20,847.92,,,,"     ",3.60,1352.02,1.22
532,444723795,"00532M13:20:18.099","00532 13:33:24",239.19,847.91,,,,"     ",3.60,1348.38,1.21
532,444723796,"00532M13:20:19.072","00532 13:33:25",239.19,847.80,,,,"     ",3.60,1355.40,1.22
532,444723797,"00532M13:20:20.045","00532 13:33:26",239.20,847.85,,,,"     ",3.60,1337.44,1.20
532,444723798,"00532M13:20:21.019","00532 13:33:27",239.22,847.89,,,,"     ",3.60,1347.00,1.21
532,444723799,"00532M13:20:21.992","00532 13:33:28",239.26,847.83,,,,"     ",3.60,1358.25,1.22
532,444723800,"00532M13:20:22.965","00532 13:33:29",239.29,847.83,,,,"     ",3.60,1355.66,1.22
532,444723801,"00532M13:20:23.938","00532 13:33:30",239.34,847.86,,,,"     ",3.60,1378.97,1.24
532,444723802,"00532M13:20:24.912","00532 13:33:31",239.39,847.83,,,,"     ",3.60,1356.33,1.22
532,444723803,"00532M13:20:25.885","00532 13:33:32",239.42,847.85,,,,"     ",3.60,1362.97,1.22
532,444723804,"00532M13:20:26.858","00532 13:33:33",239.44,847.83,,,,"     ",3.60,1342.21,1.20
532,444723805,"00532M13:20:27.832","00532 13:33:34",239.46,847.88,,,,"     ",3.60,1354.79,1.22
532,444723806,"00532M13:20:28.805","00532 13:33:35",239.49,847.88,,,,"     ",3.60,1355.87,1.22
532,444723807,"00532M13:20:29.778","00532 13:33:36",239.50,847.81,,,,"     ",3.60,1361.27,1.22
532,444723808,"00532M13:20:30.751","00532 13:33:37",239.53,847.71,,,,"     ",3.60,1357.43,1.22
532,444723809,"00532M13:20:31.725","00532 13:33:38",239.54,847.87,,,,"     ",3.60,1377.09,1.23
532,444723810,"00532M13:20:32.698","00532 13:33:39",239.55,847.77,,,,"     ",3.60,1359.28,1.22
532,444723811,"00532M13:20:33.671","00532 13:33:40",239.56,847.71,,,,"     ",3.60,1360.55,1.22
532,444723812,"00532M13:20:34.644","00532 13:33:41",239.57,847.77,,,,"     ",3.60,1346.26,1.20
532,444723813,"00532M13:20:35.618","00532 13:33:42",239.58,847.80,,,,"     ",3.60,1361.51,1.22
532,444723814,"00532M13:20:36.591","00532 13:33:43",239.57,847.76,,,,"     ",3.60,1363.81,1.22
532,444723815,"00532M13:20:37.564","00532 13:33:44",239.57,847.77,,,,"     ",3.60,1364.19,1.22
532,444723816,"00532M13:20:38.537","00532 13:33:45",239.99,847.80,,,5.69,"  101100",3.60,1346.33,1.20
532,444723817,"00532M13:20:39.511","00532 13:33:46",240.01,847.85,,,,"     ",3.60,1370.38,1.22
532,444723818,"00532M13:20:40.484","00532 13:33:47",240.04,847.87,,,,"     ",3.60,1355.56,1.21
532,444723819,"00532M13:20:41.457","00532 13:33:48",240.08,847.76,,,,"     ",3.60,1357.59,1.21
532,444723820,"00532M13:20:42.430","00532 13:33:49",240.12,847.84,,,,"     ",3.60,1364.56,1.22
532,444723821,"00532M13:20:43.404","00532 13:33:50",240.17,847.91,,,,"     ",3.60,1368.74,1.22
532,444723822,"00532M13:20:44.377","00532 13:33:51",240.22,847.87,,,,"     ",3.60,1374.54,1.23
532,444723823,"00532M13:20:45.350","00532 13:33:51",240.28,847.89,,,,"     ",3.60,1359.12,1.21
532,444723824,"00532M13:20:46.323","00532 13:33:52",240.34,847.69,,,,"     ",3.60,1342.84,1.19
532,444723825,"00532M13:20:47.297","00532 13:33:53",240.41,847.70,,,,"     ",3.60,1362.64,1.21
532,444723826,"00532M13:20:48.270","00532 13:33:54",240.49,847.80,,,,"     ",3.60,1360.46,1.21
532,444723827,"00532M13:20:49.243","00532 13:33:55",240.57,847.75,,,,"     ",3.60,1386.19,1.23
532,444723828,"00532M13:20:50.216","00532 13:33:56",240.65,847.74,,,,"     ",3.60,1377.35,1.22
532,444723829,"00532M13:20:51.190","00532 13:33:57",240.75,847.70,,,,"     ",3.60,1361.19,1.21
532,444723830,"00532M13:20:52.163","00532 13:33:58",240.85,847.73,,,,"     ",3.60,1369.23,1.21
532,444723831,"00532M13:20:53.136","00532 13:33:59",240.96,847.80,,,,"     ",3.60,1375.18,1.22
532,444723832,"00532M13:20:54.109","00532 13:34:00",241.08,847.78,,,,"     ",3.60,1372.45,1.22
532,444723833,"00532M13:20:55.083","00532 13:34:01",241.20,847.73,,,,"     ",3.60,1372.30,1.22
532,444723834,"00532M13:20:56.056","00532 13:34:02",241.32,847.77,,,,"     ",3.60,1373.22,1.22
532,444723835,"00532M13:20:57.029","00532 13:34:03",241.44,847.70,,,,"     ",3.60,1369.70,1.21
532,444723836,"00532M13:20:58.002","00532 13:34:04",241.56,847.75,,,,"     ",3.60,1369.20,1.21
532,444723837,"00532M13:20:58.976","00532 13:34:05",241.69,847.69,,,,"     ",3.60,1365.89,1.21
532,444723838,"00532M13:20:59.949","00532 13:34:06",241.82,847.72,,,,"     ",3.60,1375.61,1.21
532,444723839,"00532M13:21:00.922","00532 13:34:07",241.96,847.77,,,,"     ",3.60,1386.18,1.22
532,444723840,"00532M13:21:01.895","00532 13:34:08",241.99,847.77,,,,"     ",3.60,1366.07,1.20
532,444723841,"00532M13:21:02.869","00532 13:34:09",241.96,847.71,,,,"     ",3.60,1377.50,1.21
532,444723842,"00532M13:21:03.842","00532 13:34:10",241.94,847.80,,,,"     ",3.60,1378.67,1.21
532,444723843,"00532M13:21:04.815","00532 13:34:11",241.91,847.84,,,,"     ",3.60,1370.61,1.21
532,444723844,"00532M13:21:05.788","00532 13:34:12",241.86,847.76,,,,"     ",3.60,1377.84,1.21
532,444723845,"00532M13:21:06.762","00532 13:34:13",241.81,847.70,,,,"     ",3.60,1372.32,1.20
532,444723846,"00532M13:21:07.735","00532 13:34:14",241.76,847.65,,,,"     ",3.60,1363.87,1.20
532,444723847,"00532M13:21:08.708","00532 13:34:15",241.71,847.67,,,,"     ",3.60,1382.34,1.21
532,444723848,"00532M13:21:09.681","00532 13:34:16",241.67,847.62,,,,"     ",3.60,1368.68,1.20
532,444723849,"00532M13:21:10.655","00532 13:34:17",241.62,847.66,,,,"     ",3.60,1388.28,1.22
532,444723850,"00532M13:21:11.628","00532 13:34:18",241.58,847.67,,,,"     ",3.60,1378.21,1.21
532,444723851,"00532M13:21:12.601","00532 13:34:19",241.54,847.60,,,,"     ",3.60,1389.78,1.22
532,444723852,"00532M13:21:13.574","00532 13:34:20",241.50,847.70,,,,"     ",3.60,1389.52,1.21
532,444723853,"00532M13:21:14.548","00532 13:34:21",241.46,847.79,,,,"     ",3.60,1375.18,1.20
532,444723854,"00532M13:21:15.521","00532 13:34:22",241.43,847.67,,,,"     ",3.60,1381.98,1.21
532,444723855,"00532M13:21:16.494","00532 13:34:23",241.40,847.75,,,,"     ",3.60,1399.78,1.22
532,444723856,"00532M13:21:17.467","00532 13:34:24",241.37,847.74,,,,"     ",3.60,1371.97,1.20
532,444723857,"00532M13:21:18.441","00532 13:34:25",241.35,847.66,,,,"     ",3.60,1378.35,1.20
532,444723858,"00532M13:21:19.414","00532 13:34:26",241.33,847.69,,,,"     ",3.60,1404.58,1.22
532,444723859,"00532M13:21:20.387","00532 13:34:27",241.31,847.70,,,,"     ",3.60,1386.23,1.21
532,444723860,"00532M13:21:21.360","00532 13:34:27",241.29,847.64,,,,"     ",3.60,1374.33,1.19
532,444723861,"00532M13:21:22.334","00532 13:34:28",241.27,847.64,,,,"     ",3.60,1381.30,1.20
532,444723862,"00532M13:21:23.307","00532 13:34:29",241.26,847.70,,,,"     ",3.60,1394.39,1.21
532,444723863,"00532M13:21:24.280","00532 13:34:30",241.25,847.68,,,,"     ",3.60,1398.67,1.21
532,444723864,"00532M13:21:25.253","00532 13:34:31",241.24,847.67,,,,"     ",3.60,1392.89,1.21
532,444723865,"00532M13:21:26.227","00532 13:34:32",241.22,847.69,,,,"     ",3.60,1389.18,1.20
532,444723866,"00532M13:21:27.200","00532 13:34:33",241.21,847.68,,,,"     ",3.60,1392.20,1.20
532,444723867,"00532M13:21:28.173","00532 13:34:34",241.19,847.68,,,,"     ",3.60,1394.92,1.21
532,444723868,"00532M13:21:29.146","00532 13:34:35",241.15,847.68,,,,"     ",3.60,1398.04,1.21
532,444723869,"00532M13:21:30.120","00532 13:34:36",241.12,847.70,,,,"     ",3.60,1385.55,1.20
532,444723870,"00532M13:21:31.093","00532 13:34:37",241.07,847.65,,,,"     ",3.60,1406.98,1.21
532,444723871,"00532M13:21:32.066","00532 13:34:38",241.03,847.73,,,,"     ",3.60,1398.13,1.21
532,444723872,"00532M13:21:33.039","00532 13:34:39",240.99,847.68,,,,"     ",3.60,1398.58,1.20
532,444723873,"00532M13:21:34.013","00532 13:34:40",240.96,847.69,,,,"     ",3.60,1395.49,1.20
532,444723874,"00532M13:21:34.986","00532 13:34:41",240.92,847.61,,,,"     ",3.60,1431.79,1.23
532,444723875,"00532M13:21:35.959","00532 13:34:42",240.89,847.63,,,,"     ",3.60,1409.95,1.21
532,444723876,"00532M13:21:36.932","00532 13:34:43",240.84,847.54,,,,"     ",3.60,1408.87,1.21
532,444723877,"00532M13:21:37.906","00532 13:34:44",240.81,847.60,,,,"     ",3.60,1410.33,1.21
532,444723878,"00532M13:21:38.879","00532 13:34:45",240.77,847.67,,,,"     ",3.60,1402.85,1.20
532,444723879,"00532M13:21:39.852","00532 13:34:46",240.74,847.66,,,,"     ",3.60,1401.68,1.20
532,444723880,"00532M13:21:40.826","00532 13:34:47",240.72,847.67,,,,"     ",3.60,1388.40,1.19
532,444723881,"00532M13:21:41.799","00532 13:34:48",240.69,847.60,,,,"     ",3.60,1411.57,1.21
532,444723882,"00532M13:21:42.772","00532 13:34:49",240.66,847.66,,,,"     ",3.60,1408.15,1.20
532,444723883,"00532M13:21:43.745","00532 13:34:50",240.63,847.69,,,,"     ",3.60,1392.07,1.19
532,444723884,"00532M13:21:44.719","00532 13:34:51",240.59,847.69,,,,"     ",3.60,1396.99,1.19
532,444723885,"00532M13:21:45.692","00532 13:34:52",240.55,847.69,,,,"     ",3.60,1405.29,1.20
532,444723886,"00532M13:21:46.665","00532 13:34:53",240.50,847.66,,,,"     ",3.60,1408.78,1.20
532,444723887,"00532M13:21:47.638","00532 13:34:54",240.44,847.63,,,,"     ",3.60,1427.14,1.22
532,444723888,"00532M13:21:48.612","00532 13:34:55",240.39,847.62,,,,"     ",3.60,1406.72,1.20
532,444723889,"00532M13:21:49.585","00532 13:34:56",240.33,847.59,,,,"     ",3.60,1408.11,1.20
532,444723890,"00532M13:21:50.558","00532 13:34:57",240.28,847.63,,,,"     ",3.60,1411.78,1.20
532,444723891,"00532M13:21:51.531","00532 13:34:58",240.22,847.63,,,,"     ",3.60,1413.79,1.20
532,444723892,"00532M13:21:52.505","00532 13:34:59",240.16,847.65,,,,"     ",3.60,1414.48,1.20
532,444723893,"00532M13:21:53.478","00532 13:35:00",240.10,847.67,,,,"     ",3.60,1431.43,1.22
532,444723894,"00532M13:21:54.451","00532 13:35:01",240.06,847.71,,,,"     ",3.60,1416.63,1.20
532,444723895,"00532M13:21:55.424","00532 13:35:02",240.03,847.64,,,,"     ",3.60,1415.43,1.20
532,444723896,"00532M13:21:56.398","00532 13:35:03",240.01,847.67,,,,"     ",3.60,1415.78,1.20
532,444723897,"00532M13:21:57.371","00532 13:35:04",240.00,847.60,,,,"     ",3.60,1397.52,1.18
532,444723898,"00532M13:21:58.344","00532 13:35:04",240.02,847.59,,,,"     ",3.60,1408.71,1.19
532,444723899,"00532M13:21:59.317","00532 13:35:05",240.05,847.64,,,,"     ",3.60,1403.58,1.19
532,444723900,"00532M13:22:00.291","00532 13:35:06",240.08,847.62,,,,"     ",3.60,1420.18,1.20
532,444723901,"00532M13:22:01.264","00532 13:35:07",240.11,847.59,,,,"     ",3.60,1428.97,1.21
532,444723902,"00532M13:22:02.237","00532 13:35:08",240.13,847.63,,,,"     ",3.60,1436.10,1.21
532,444723903,"00532M13:22:03.210","00532 13:35:09",240.15,847.63,,,,"     ",3.60,1428.94,1.21
532,444723904,"00532M13:22:04.184","00532 13:35:10",240.15,847.57,,,,"     ",3.60,1413.07,1.19
532,444723905,"00532M13:22:05.157","00532 13:35:11",240.15,847.60,,,,"     ",3.60,1444.77,1.22
532,444723906,"00532M13:22:06.130","00532 13:35:12",240.12,847.58,,,,"     ",3.60,1437.66,1.21
532,444723907,"00532M13:22:07.103","00532 13:35:13",240.10,847.55,,,,"     ",3.60,1415.15,1.19
532,444723908,"00532M13:22:08.077","00532 13:35:14",240.06,847.53,,,,"     ",3.60,1426.12,1.20
532,444723909,"00532M13:22:09.050","00532 13:35:15",240.03,847.56,,,,"     ",3.60,1430.92,1.20
532,444723910,"00532M13:22:10.023","00532 13:35:16",239.99,847.59,,,,"     ",3.60,1415.23,1.19
532,444723911,"00532M13:22:10.996","00532 13:35:17",239.95,847.62,,,,"     ",3.60,1425.44,1.20
532,444723912,"00532M13:22:11.970","00532 13:35:18",239.92,847.63,,,,"     ",3.60,1425.12,1.20
532,444723913,"00532M13:22:12.943","00532 13:35:19",239.89,847.58,,,,"     ",3.60,1426.63,1.20
532,444723914,"00532M13:22:13.916","00532 13:35:20",239.87,847.56,,,,"     ",3.60,1431.86,1.20
532,444723915,"00532M13:22:14.889","00532 13:35:21",239.85,847.55,,,,"     ",3.60,1428.37,1.20
532,444723916,"00532M13:22:15.863","00532 13:35:22",239.84,847.54,,,,"     ",3.60,1452.35,1.22
532,444723917,"00532M13:22:16.836","00532 13:35:23",239.83,847.56,,,,"     ",3.60,1423.41,1.19
532,444723918,"00532M13:22:17.809","00532 13:35:24",239.81,847.62,,,,"     ",3.60,1438.54,1.21
532,444723919,"00532M13:22:18.782","00532 13:35:25",239.78,847.66,,,,"     ",3.60,1458.68,1.22
532,444723920,"00532M13:22:19.756","00532 13:35:26",239.76,847.63,,,,"     ",3.60,1434.72,1.20
532,444723921,"00532M13:22:20.729","00532 13:35:27",239.73,847.60,,,,"     ",3.60,1426.67,1.19
532,444723922,"00532M13:22:21.702","00532 13:35:28",239.71,847.66,,,,"     ",3.60,1427.76,1.19
532,444723923,"00532M13:22:22.675","00532 13:35:29",239.69,847.56,,,,"     ",3.60,1424.13,1.19
532,444723924,"00532M13:22:23.649","00532 13:35:30",239.69,847.66,,,,"     ",3.60,1424.43,1.19
532,444723925,"00532M13:22:24.622","00532 13:35:31",239.69,847.59,,,,"     ",3.60,1431.92,1.20
532,444723926,"00532M13:22:25.595","00532 13:35:32",239.70,847.58,,,,"     ",3.60,1443.73,1.21
532,444723927,"00532M13:22:26.568","00532 13:35:33",239.74,847.62,,,,"     ",3.60,1427.11,1.19
532,444723928,"00532M13:22:27.542","00532 13:35:34",239.78,847.49,,,,"     ",3.60,1422.08,1.19
532,444723929,"00532M13:22:28.515","00532 13:35:35",239.85,847.52,,,,"     ",3.60,1404.27,1.17
532,444723930,"00532M13:22:29.488","00532 13:35:36",239.91,847.61,,,,"     ",3.60,1415.81,1.18
532,444723931,"00532M13:22:30.461","00532 13:35:37",239.99,847.57,,,,"     ",3.60,1429.30,1.19
532,444723932,"00532M13:22:31.435","00532 13:35:38",240.06,847.61,,,,"     ",3.60,1435.99,1.20
532,444723933,"00532M13:22:32.408","00532 13:35:39",240.13,847.62,,,,"     ",3.60,1429.15,1.19
532,444723934,"00532M13:22:33.381","00532 13:35:40",240.18,847.64,,,,"     ",3.60,1430.04,1.19
532,444723935,"00532M13:22:34.354","00532 13:35:41",240.22,847.66,,,,"     ",3.60,1425.64,1.19
532,444723936,"00532M13:22:35.328","00532 13:35:41",240.25,847.56,,,,"     ",3.60,1430.71,1.20
532,444723937,"00532M13:22:36.301","00532 13:35:42",240.26,847.57,,,,"     ",3.60,1415.13,1.18
532,444723938,"00532M13:22:37.274","00532 13:35:43",240.26,847.56,,,,"     ",3.60,1435.58,1.20
532,444723939,"00532M13:22:38.247","00532 13:35:44",240.25,847.58,,,,"     ",3.60,1429.25,1.19
532,444723940,"00532M13:22:39.221","00532 13:35:45",240.23,847.52,,,,"     ",3.60,1431.61,1.20
532,444723941,"00532M13:22:40.194","00532 13:35:46",240.21,847.54,,,,"     ",3.60,1433.84,1.20
532,444723942,"00532M13:22:41.167","00532 13:35:47",240.20,847.61,,,,"     ",3.60,1443.09,1.21
532,444723943,"00532M13:22:42.140","00532 13:35:48",240.18,847.60,,,,"     ",3.60,1435.18,1.20
532,444723944,"00532M13:22:43.114","00532 13:35:49",240.17,847.62,,,,"     ",3.60,1448.54,1.21
532,444723945,"00532M13:22:44.087","00532 13:35:50",240.17,847.57,,,,"     ",3.60,1429.81,1.19
532,444723946,"00532M13:22:45.060","00532 13:35:51",240.18,847.68,,,,"     ",3.60,1433.21,1.20
532,444723947,"00532M13:22:46.033","00532 13:35:52",240.20,847.67,,,,"     ",3.60,1431.47,1.20
532,444723948,"00532M13:22:47.007","00532 13:35:53",240.23,847.61,,,,"     ",3.60,1438.23,1.20
532,444723949,"00532M13:22:47.980","00532 13:35:54",240.27,847.66,,,,"     ",3.60,1424.72,1.19
532,444723950,"00532M13:22:48.953","00532 13:35:55",240.29,847.63,,,,"     ",3.60,1450.47,1.21
532,444723951,"00532M13:22:49.927","00532 13:35:56",240.30,847.65,,,,"     ",3.60,1426.77,1.19
532,444723952,"00532M13:22:50.900","00532 13:35:57",240.30,847.75,,,,"     ",3.60,1440.20,1.20
532,444723953,"00532M13:22:51.873","00532 13:35:58",240.27,847.56,,,,"     ",3.60,1430.77,1.19
532,444723954,"00532M13:22:52.846","00532 13:35:59",240.22,847.61,,,,"     ",3.60,1431.06,1.19
532,444723955,"00532M13:22:53.820","00532 13:36:00",240.17,847.54,,,,"     ",3.60,1423.02,1.19
532,444723956,"00532M13:22:54.793","00532 13:36:01",240.10,847.52,,,,"     ",3.60,1426.07,1.19
532,444723957,"00532M13:22:55.766","00532 13:36:02",240.02,847.53,,,,"     ",3.60,1429.95,1.19
532,444723958,"00532M13:22:56.739","00532 13:36:03",239.94,847.56,,,,"     ",3.60,1429.66,1.19
532,444723959,"00532M13:22:57.713","00532 13:36:04",239.87,847.60,,,,"     ",3.60,1431.91,1.19
532,444723960,"00532M13:22:58.686","00532 13:36:05",239.80,847.44,,,,"     ",3.60,1440.43,1.20
532,444723961,"00532M13:22:59.659","00532 13:36:06",239.75,847.50,,,,"     ",3.60,1434.96,1.20
532,444723962,"00532M13:23:00.632","00532 13:36:07",239.71,847.58,,,,"     ",3.60,1433.07,1.20
532,444723963,"00532M13:23:01.606","00532 13:36:08",239.70,847.56,,,,"     ",3.60,1437.02,1.20
532,444723964,"00532M13:23:02.579","00532 13:36:09",239.71,847.62,,,,"     ",3.60,1421.05,1.18
532,444723965,"00532M13:23:03.552","00532 13:36:10",239.74,847.55,,,,"     ",3.60,1435.08,1.20
532,444723966,"00532M13:23:04.525","00532 13:36:11",239.79,847.62,,,,"     ",3.60,1422.38,1.19
532,444723967,"00532M13:23:05.499","00532 13:36:12",239.84,847.56,,,,"     ",3.60,1440.02,1.20
532,444723968,"00532M13:23:06.472","00532 13:36:13",239.88,847.55,,,,"     ",3.60,1426.22,1.19
532,444723969,"00532M13:23:07.445","00532 13:36:14",239.92,847.58,,,,"     ",3.60,1437.91,1.20
532,444723970,"00532M13:23:08.418","00532 13:36:15",239.94,847.56,,,,"     ",3.60,1431.27,1.19
532,444723971,"00532M13:23:09.392","00532 13:36:16",239.95,847.59,,,,"     ",3.60,1429.23,1.19
532,444723972,"00532M13:23:10.365","00532 13:36:17",239.95,847.58,,,,"     ",3.60,1433.81,1.19
532,444723973,"00532M13:23:11.338","00532 13:36:17",239.95,847.58,,,,"     ",3.60,1440.23,1.20
532,444723974,"00532M13:23:12.311","00532 13:36:18",239.95,847.58,,,,"     ",3.60,1454.25,1.21
532,444723975,"00532M13:23:13.285","00532 13:36:19",239.95,847.60,,,,"     ",3.60,1430.26,1.19
532,444723976,"00532M13:23:14.258","00532 13:36:20",239.94,847.65,,,,"     ",3.60,1434.61,1.20
532,444723977,"00532M13:23:15.231","00532 13:36:21",239.94,847.53,,,,"     ",3.60,1438.74,1.20
532,444723978,"00532M13:23:16.204","00532 13:36:22",239.95,847.63,,,,"     ",3.60,1459.64,1.22
532,444723979,"00532M13:23:17.178","00532 13:36:23",239.96,847.59,,,,"     ",3.60,1440.61,1.20
532,444723980,"00532M13:23:18.151","00532 13:36:24",239.97,847.59,,,,"     ",3.60,1434.00,1.19
532,444723981,"00532M13:23:19.124","00532 13:36:25",239.99,847.56,,,,"     ",3.60,1451.41,1.21
532,444723982,"00532M13:23:20.097","00532 13:36:26",240.01,847.63,,,,"     ",3.60,1422.99,1.18
532,444723983,"00532M13:23:21.071","00532 13:36:27",240.02,847.54,,,,"     ",3.60,1443.79,1.20
532,444723984,"00532M13:23:22.044","00532 13:36:28",240.02,847.46,,,,"     ",3.60,1443.70,1.20
532,444723985,"00532M13:23:23.017","00532 13:36:29",240.00,847.51,,,,"     ",3.60,1440.58,1.20
532,444723986,"00532M13:23:23.990","00532 13:36:30",239.96,847.57,,,,"     ",3.60,1452.77,1.21
532,444723987,"00532M13:23:24.964","00532 13:36:31",239.90,847.51,,,,"     ",3.60,1426.19,1.18
532,444723988,"00532M13:23:25.937","00532 13:36:32",239.83,847.46,,,,"     ",3.60,1425.62,1.18
532,444723989,"00532M13:23:26.910","00532 13:36:33",239.75,847.62,,,,"     ",3.60,1445.22,1.20
532,444723990,"00532M13:23:27.883","00532 13:36:34",239.68,847.54,,,,"     ",3.60,1435.13,1.19
532,444723991,"00532M13:23:28.857","00532 13:36:35",239.63,847.53,,,,"     ",3.60,1444.15,1.20
532,444723992,"00532M13:23:29.830","00532 13:36:36",239.59,847.36,,,,"     ",3.60,1446.01,1.20
532,444723993,"00532M13:23:30.803","00532 13:36:37",239.56,847.46,,,,"     ",3.60,1449.16,1.20
532,444723994,"00532M13:23:31.776","00532 13:36:38",239.55,847.55,,,,"     ",3.60,1441.24,1.20
532,444723995,"00532M13:23:32.750","00532 13:36:39",239.57,847.48,,,,"     ",3.60,1456.96,1.21
532,444723996,"00532M13:23:33.723","00532 13:36:40",239.61,847.43,,,,"     ",3.60,1434.70,1.19
532,444723997,"00532M13:23:34.696","00532 13:36:41",239.68,847.46,,,,"     ",3.60,1441.07,1.20
532,444723998,"00532M13:23:35.669","00532 13:36:42",239.77,847.53,,,,"     ",3.60,1446.43,1.20
532,444723999,"00532M13:23:36.643","00532 13:36:43",239.87,847.50,,,,"     ",3.60,1440.49,1.20
532,444724000,"00532M13:23:37.616","00532 13:36:44",239.98,847.57,,,,"     ",3.60,1426.46,1.18
532,444724001,"00532M13:23:38.589","00532 13:36:45",240.07,847.59,,,,"     ",3.60,1442.61,1.20
532,444724002,"00532M13:23:39.562","00532 13:36:46",240.15,847.47,,,,"     ",3.60,1466.86,1.22
532,444724003,"00532M13:23:40.536","00532 13:36:47",240.22,847.45,,,,"     ",3.60,1431.26,1.19
532,444724004,"00532M13:23:41.509","00532 13:36:48",240.28,847.48,,,,"     ",3.60,1442.93,1.20
532,444724005,"00532M13:23:42.482","00532 13:36:49",240.33,847.45,,,,"     ",3.60,1458.53,1.21
532,444724006,"00532M13:23:43.455","00532 13:36:50",240.37,847.45,,,,"     ",3.60,1435.31,1.19
532,444724007,"00532M13:23:44.429","00532 13:36:51",240.41,847.39,,,,"     ",3.60,1430.55,1.18
532,444724008,"00532M13:23:45.402","00532 13:36:52",240.43,847.48,,,,"     ",3.60,1449.96,1.20
532,444724009,"00532M13:23:46.375","00532 13:36:53",240.45,847.48,,,,"     ",3.60,1433.34,1.19
532,444724010,"00532M13:23:47.348","00532 13:36:54",240.47,847.42,,,,"     ",3.60,1417.83,1.17
532,444724011,"00532M13:23:48.322","00532 13:36:54",240.48,847.40,,,,"     ",3.60,1453.94,1.21
532,444724012,"00532M13:23:49.295","00532 13:36:55",240.51,847.37,,,,"     ",3.60,1438.44,1.19
532,444724013,"00532M13:23:50.268","00532 13:36:56",240.54,847.41,,,,"     ",3.60,1450.40,1.20
532,444724014,"00532M13:23:51.241","00532 13:36:57",240.57,847.46,,,,"     ",3.60,1431.97,1.19
532,444724015,"00532M13:23:52.215","00532 13:36:58",240.62,847.50,,,,"     ",3.60,1438.39,1.19
532,444724016,"00532M13:23:53.188","00532 13:36:59",240.67,847.48,,,,"     ",3.60,1412.03,1.17
532,444724017,"00532M13:23:54.161","00532 13:37:00",240.72,847.52,,,,"     ",3.60,1440.54,1.19
532,444724018,"00532M13:23:55.134","00532 13:37:01",240.78,847.58,,,,"     ",3.60,1450.74,1.20
532,444724019,"00532M13:23:56.108","00532 13:37:02",240.83,847.53,,,,"     ",3.60,1443.93,1.20
532,444724020,"00532M13:23:57.081","00532 13:37:03",240.88,847.50,,,,"     ",3.60,1424.87,1.18
532,444724021,"00532M13:23:58.054","00532 13:37:04",240.93,847.52,,,,"     ",3.60,1437.37,1.19
532,444724022,"00532M13:23:59.028","00532 13:37:05",240.98,847.42,,,,"     ",3.60,1442.50,1.20
532,444724023,"00532M13:24:00.001","00532 13:37:06",241.03,847.49,,,,"     ",3.60,1446.74,1.20
532,444724024,"00532M13:24:00.974","00532 13:37:07",241.06,847.46,,,,"     ",3.60,1445.65,1.20
532,444724025,"00532M13:24:01.947","00532 13:37:08",241.10,847.54,,,,"     ",3.60,1462.15,1.21
532,444724026,"00532M13:24:02.921","00532 13:37:09",241.11,847.52,,,,"     ",3.60,1429.28,1.18
532,444724027,"00532M13:24:03.894","00532 13:37:10",241.12,847.55,,,,"     ",3.60,1430.44,1.19
532,444724028,"00532M13:24:04.867","00532 13:37:11",241.12,847.49,,,,"     ",3.60,1429.13,1.18
532,444724029,"00532M13:24:05.840","00532 13:37:12",241.12,847.44,,,,"     ",3.60,1456.26,1.21
532,444724030,"00532M13:24:06.814","00532 13:37:13",241.11,847.45,,,,"     ",3.60,1429.40,1.18
532,444724031,"00532M13:24:07.787","00532 13:37:14",241.11,847.42,,,,"     ",3.60,1431.18,1.19
532,444724032,"00532M13:24:08.760","00532 13:37:15",241.11,847.46,,,,"     ",3.60,1441.16,1.19
532,444724033,"00532M13:24:09.733","00532 13:37:16",241.12,847.50,,,,"     ",3.60,1452.11,1.20
532,444724034,"00532M13:24:10.707","00532 13:37:17",241.12,847.49,,,,"     ",3.60,1452.04,1.20
532,444724035,"00532M13:24:11.680","00532 13:37:18",241.12,847.45,,,,"     ",3.60,1460.41,1.21
532,444724036,"00532M13:24:12.653","00532 13:37:19",241.12,847.55,,,,"     ",3.60,1431.66,1.19
532,444724037,"00532M13:24:13.626","00532 13:37:20",241.13,847.41,,,,"     ",3.60,1436.22,1.19
532,444724038,"00532M13:24:14.600","00532 13:37:21",241.16,847.50,,,,"     ",3.60,1438.56,1.19
532,444724039,"00532M13:24:15.573","00532 13:37:22",241.19,847.49,,,,"     ",3.60,1436.98,1.19
532,444724040,"00532M13:24:16.546","00532 13:37:23",241.24,847.51,,,,"     ",3.60,1454.93,1.20
532,444724041,"00532M13:24:17.519","00532 13:37:24",241.29,847.51,,,,"     ",3.60,1430.65,1.18
532,444724042,"00532M13:24:18.493","00532 13:37:25",241.34,847.45,,,,"     ",3.60,1444.89,1.19
532,444724043,"00532M13:24:19.466","00532 13:37:26",241.38,847.49,,,,"     ",3.60,1429.34,1.18
532,444724044,"00532M13:24:20.439","00532 13:37:27",241.41,847.52,,,,"     ",3.60,1462.51,1.21
532,444724045,"00532M13:24:21.412","00532 13:37:28",241.43,847.43,,,,"     ",3.60,1449.01,1.20
532,444724046,"00532M13:24:22.386","00532 13:37:29",241.44,847.39,,,,"     ",3.60,1463.95,1.21
532,444724047,"00532M13:24:23.359","00532 13:37:30",241.44,847.43,,,,"     ",3.60,1446.14,1.19
532,444724048,"00532M13:24:24.332","00532 13:37:30",241.42,847.48,,,,"     ",3.60,1447.26,1.19
532,444724049,"00532M13:24:25.305","00532 13:37:31",241.40,847.50,,,,"     ",3.60,1450.14,1.20
532,444724050,"00532M13:24:26.279","00532 13:37:32",241.35,847.48,,,,"     ",3.60,1481.09,1.22
532,444724051,"00532M13:24:27.252","00532 13:37:33",241.29,847.47,,,,"     ",3.60,1437.69,1.18
532,444724052,"00532M13:24:28.225","00532 13:37:34",241.22,847.48,,,,"     ",3.60,1462.89,1.21
532,444724053,"00532M13:24:29.198","00532 13:37:35",241.13,847.46,,,,"     ",3.60,1457.83,1.20
532,444724054,"00532M13:24:30.172","00532 13:37:36",241.05,847.41,,,,"     ",3.60,1449.47,1.19
532,444724055,"00532M13:24:31.145","00532 13:37:37",240.97,847.49,,,,"     ",3.60,1470.55,1.21
532,444724056,"00532M13:24:32.118","00532 13:37:38",240.89,847.42,,,,"     ",3.60,1454.49,1.20
532,444724057,"00532M13:24:33.091","00532 13:37:39",240.83,847.59,,,,"     ",3.60,1452.73,1.19
532,444724058,"00532M13:24:34.065","00532 13:37:40",240.79,847.51,,,,"     ",3.60,1447.14,1.19
532,444724059,"00532M13:24:35.038","00532 13:37:41",240.75,847.43,,,,"     ",3.60,1443.00,1.18
532,444724060,"00532M13:24:36.011","00532 13:37:42",240.73,847.49,,,,"     ",3.60,1452.50,1.19
532,444724061,"00532M13:24:36.984","00532 13:37:43",240.72,847.45,,,,"     ",3.60,1470.50,1.21
532,444724062,"00532M13:24:37.958","00532 13:37:44",240.71,847.51,,,,"     ",3.60,1460.27,1.20
532,444724063,"00532M13:24:38.931","00532 13:37:45",240.70,847.54,,,,"     ",3.60,1469.25,1.20
532,444724064,"00532M13:24:39.904","00532 13:37:46",240.71,847.55,,,,"     ",3.60,1450.97,1.19
532,444724065,"00532M13:24:40.877","00532 13:37:47",240.72,847.47,,,,"     ",3.60,1455.18,1.19
532,444724066,"00532M13:24:41.851","00532 13:37:48",240.73,847.51,,,,"     ",3.60,1480.21,1.21
532,444724067,"00532M13:24:42.824","00532 13:37:49",240.75,847.48,,,,"     ",3.60,1458.56,1.19
532,444724068,"00532M13:24:43.797","00532 13:37:50",240.77,847.45,,,,"     ",3.60,1450.01,1.18
532,444724069,"00532M13:24:44.770","00532 13:37:51",240.77,847.39,,,,"     ",3.60,1463.49,1.19
532,444724070,"00532M13:24:45.744","00532 13:37:52",240.77,847.35,,,,"     ",3.60,1465.20,1.19
532,444724071,"00532M13:24:46.717","00532 13:37:53",240.76,847.39,,,,"     ",3.60,1454.98,1.19
532,444724072,"00532M13:24:47.690","00532 13:37:54",240.75,847.42,,,,"     ",3.60,1481.69,1.21
532,444724073,"00532M13:24:48.663","00532 13:37:55",240.74,847.37,,,,"     ",3.60,1479.77,1.21
532,444724074,"00532M13:24:49.637","00532 13:37:56",240.75,847.44,,,,"     ",3.60,1452.39,1.18
532,444724075,"00532M13:24:50.610","00532 13:37:57",240.76,847.44,,,,"     ",3.60,1478.75,1.20
532,444724076,"00532M13:24:51.583","00532 13:37:58",240.79,847.50,,,,"     ",3.60,1487.08,1.21
532,444724077,"00532M13:24:52.556","00532 13:37:59",240.82,847.49,,,,"     ",3.60,1437.53,1.17
532,444724078,"00532M13:24:53.530","00532 13:38:00",240.84,847.49,,,,"     ",3.60,1467.80,1.19
532,444724079,"00532M13:24:54.503","00532 13:38:01",240.87,847.50,,,,"     ",3.60,1460.80,1.19
532,444724080,"00532M13:24:55.476","00532 13:38:02",240.90,847.40,,,,"     ",3.60,1477.30,1.20
532,444724081,"00532M13:24:56.449","00532 13:38:03",240.92,847.37,,,,"     ",3.60,1474.47,1.19
532,444724082,"00532M13:24:57.423","00532 13:38:04",240.96,847.36,,,,"     ",3.60,1458.57,1.18
532,444724083,"00532M13:24:58.396","00532 13:38:05",240.99,847.44,,,,"     ",3.60,1475.82,1.19
532,444724084,"00532M13:24:59.369","00532 13:38:06",241.02,847.40,,,,"     ",3.60,1469.08,1.19
532,444724085,"00532M13:25:00.342","00532 13:38:07",241.03,847.48,,,,"     ",3.60,1469.18,1.19
532,444724086,"00532M13:25:01.316","00532 13:38:07",241.02,847.42,,,,"     ",3.60,1471.65,1.19
532,444724087,"00532M13:25:02.289","00532 13:38:08",241.00,847.46,,,,"     ",3.60,1460.11,1.18
532,444724088,"00532M13:25:03.262","00532 13:38:09",240.95,847.43,,,,"     ",3.60,1472.03,1.19
532,444724089,"00532M13:25:04.235","00532 13:38:10",240.90,847.43,,,,"     ",3.60,1477.60,1.19
532,444724090,"00532M13:25:05.209","00532 13:38:11",240.85,847.50,,,,"     ",3.60,1489.90,1.20
532,444724091,"00532M13:25:06.182","00532 13:38:12",240.80,847.48,,,,"     ",3.60,1475.33,1.19
532,444724092,"00532M13:25:07.155","00532 13:38:13",240.77,847.47,,,,"     ",3.60,1473.28,1.19
532,444724093,"00532M13:25:08.129","00532 13:38:14",240.74,847.42,,,,"     ",3.60,1467.14,1.18
532,444724094,"00532M13:25:09.102","00532 13:38:15",240.73,847.41,,,,"     ",3.60,1448.93,1.17
532,444724095,"00532M13:25:10.075","00532 13:38:16",240.73,847.44,,,,"     ",3.60,1482.87,1.19
532,444724096,"00532M13:25:11.048","00532 13:38:17",240.74,847.41,,,,"     ",3.60,1455.73,1.17
532,444724097,"00532M13:25:12.022","00532 13:38:18",240.76,847.41,,,,"     ",3.60,1471.18,1.18
532,444724098,"00532M13:25:12.995","00532 13:38:19",240.79,847.41,,,,"     ",3.60,1456.18,1.17
532,444724099,"00532M13:25:13.968","00532 13:38:20",240.84,847.35,,,,"     ",3.60,1455.83,1.17
532,444724100,"00532M13:25:14.941","00532 13:38:21",240.90,847.45,,,,"     ",3.60,1479.10,1.19
532,444724101,"00532M13:25:15.915","00532 13:38:22",240.97,847.43,,,,"     ",3.60,1482.39,1.19
532,444724102,"00532M13:25:16.888","00532 13:38:23",241.03,847.38,,,,"     ",3.60,1462.85,1.17
532,444724103,"00532M13:25:17.861","00532 13:38:24",241.10,847.37,,,,"     ",3.60,1491.61,1.20
532,444724104,"00532M13:25:18.834","00532 13:38:25",241.16,847.34,,,,"     ",3.60,1492.98,1.20
532,444724105,"00532M13:25:19.808","00532 13:38:26",241.20,847.44,,,,"     ",3.60,1491.05,1.20
532,444724106,"00532M13:25:20.781","00532 13:38:27",241.22,847.46,,,,"     ",3.60,1473.45,1.18
532,444724107,"00532M13:25:21.754","00532 13:38:28",241.23,847.41,,,,"     ",3.60,1468.78,1.18
532,444724108,"00532M13:25:22.727","00532 13:38:29",241.23,847.45,,,,"     ",3.60,1463.95,1.17
532,444724109,"00532M13:25:23.701","00532 13:38:30",241.21,847.42,,,,"     ",3.60,1501.05,1.20
532,444724110,"00532M13:25:24.674","00532 13:38:31",241.18,847.51,,,,"     ",3.60,1471.47,1.18
532,444724111,"00532M13:25:25.647","00532 13:38:32",241.15,847.42,,,,"     ",3.60,1489.68,1.19
532,444724112,"00532M13:25:26.620","00532 13:38:33",241.14,847.50,,,,"     ",3.60,1486.55,1.19
532,444724113,"00532M13:25:27.594","00532 13:38:34",241.13,847.47,,,,"     ",3.60,1468.26,1.18
532,444724114,"00532M13:25:28.567","00532 13:38:35",241.13,847.44,,,,"     ",3.60,1500.12,1.20
532,444724115,"00532M13:25:29.540","00532 13:38:36",241.14,847.49,,,,"     ",3.60,1486.08,1.19
532,444724116,"00532M13:25:30.513","00532 13:38:37",241.15,847.36,,,,"     ",3.60,1498.26,1.20
532,444724117,"00532M13:25:31.487","00532 13:38:38",241.16,847.42,,,,"     ",3.60,1461.29,1.17
532,444724118,"00532M13:25:32.460","00532 13:38:39",241.18,847.44,,,,"     ",3.60,1509.64,1.21
532,444724119,"00532M13:25:33.433","00532 13:38:40",241.21,847.48,,,,"     ",3.60,1462.68,1.17
532,444724120,"00532M13:25:34.406","00532 13:38:41",241.24,847.51,,,,"     ",3.60,1472.09,1.18
532,444724121,"00532M13:25:35.380","00532 13:38:42",241.27,847.53,,,,"     ",3.60,1480.80,1.18
532,444724122,"00532M13:25:36.353","00532 13:38:43",241.32,847.46,,,,"     ",3.60,1478.86,1.18
532,444724123,"00532M13:25:37.326","00532 13:38:43",241.37,847.43,,,,"     ",3.60,1465.50,1.17
532,444724124,"00532M13:25:38.299","00532 13:38:44",241.40,847.42,,,5.66,"  101100",3.60,1479.09,1.18
532,444724125,"00532M13:25:39.273","00532 13:38:45",241.43,847.48,,,,"     ",3.60,1496.88,1.20
532,444724126,"00532M13:25:40.246","00532 13:38:46",241.46,847.36,,,,"     ",3.60,1483.23,1.18
532,444724127,"00532M13:25:41.219","00532 13:38:47",241.48,847.43,,,,"     ",3.60,1469.80,1.17
532,444724128,"00532M13:25:42.192","00532 13:38:48",241.50,847.37,,,,"     ",3.60,1477.32,1.18
532,444724129,"00532M13:25:43.166","00532 13:38:49",241.53,847.50,,,,"     ",3.60,1503.54,1.20
532,444724130,"00532M13:25:44.139","00532 13:38:50",241.55,847.48,,,,"     ",3.60,1478.20,1.18
532,444724131,"00532M13:25:45.112","00532 13:38:51",241.56,847.42,,,,"     ",3.60,1490.48,1.19
532,444724132,"00532M13:25:46.085","00532 13:38:52",241.57,847.47,,,,"     ",3.60,1462.80,1.17
532,444724133,"00532M13:25:47.059","00532 13:38:53",241.58,847.49,,,,"     ",3.60,1470.68,1.17
532,444724134,"00532M13:25:48.032","00532 13:38:54",241.59,847.49,,,,"     ",3.60,1484.61,1.19
532,444724135,"00532M13:25:49.005","00532 13:38:55",241.59,847.38,,,,"     ",3.60,1470.67,1.17
532,444724136,"00532M13:25:49.978","00532 13:38:56",241.60,847.41,,,,"     ",3.60,1451.88,1.16
532,444724137,"00532M13:25:50.952","00532 13:38:57",241.60,847.38,,,,"     ",3.60,1470.78,1.17
532,444724138,"00532M13:25:51.925","00532 13:38:58",241.60,847.38,,,,"     ",3.60,1490.35,1.19
532,444724139,"00532M13:25:52.898","00532 13:38:59",241.58,847.33,,,,"     ",3.60,1498.29,1.20
532,444724140,"00532M13:25:53.871","00532 13:39:00",241.55,847.50,,,,"     ",3.60,1493.27,1.19
532,444724141,"00532M13:25:54.845","00532 13:39:01",241.51,847.50,,,,"     ",3.60,1475.85,1.18
532,444724142,"00532M13:25:55.818","00532 13:39:02",241.46,847.43,,,,"     ",3.60,1488.68,1.19
532,444724143,"00532M13:25:56.791","00532 13:39:03",241.41,847.52,,,,"     ",3.60,1488.48,1.19
532,444724144,"00532M13:25:57.764","00532 13:39:04",241.37,847.47,,,,"     ",3.60,1490.98,1.19
532,444724145,"00532M13:25:58.738","00532 13:39:05",241.32,847.46,,,,"     ",3.60,1475.24,1.18
532,444724146,"00532M13:25:59.711","00532 13:39:06",241.26,847.29,,,,"     ",3.60,1483.17,1.18
532,444724147,"00532M13:26:00.684","00532 13:39:07",241.21,847.40,,,,"     ",3.60,1498.93,1.20
532,444724148,"00532M13:26:01.657","00532 13:39:08",241.17,847.37,,,,"     ",3.60,1488.90,1.19
532,444724149,"00532M13:26:02.631","00532 13:39:09",241.13,847.35,,,,"     ",3.60,1478.14,1.18
532,444724150,"00532M13:26:03.604","00532 13:39:10",241.10,847.44,,,,"     ",3.60,1489.65,1.19
532,444724151,"00532M13:26:04.577","00532 13:39:11",241.09,847.42,,,,"     ",3.60,1479.98,1.18
532,444724152,"00532M13:26:05.550","00532 13:39:12",241.09,847.46,,,,"     ",3.60,1505.70,1.20
532,444724153,"00532M13:26:06.524","00532 13:39:13",241.11,847.38,,,,"     ",3.60,1476.37,1.18
532,444724154,"00532M13:26:07.497","00532 13:39:14",241.14,847.45,,,,"     ",3.60,1491.81,1.19
532,444724155,"00532M13:26:08.470","00532 13:39:15",241.18,847.47,,,,"     ",3.60,1491.68,1.19
532,444724156,"00532M13:26:09.443","00532 13:39:16",241.23,847.40,,,,"     ",3.60,1471.07,1.17
532,444724157,"00532M13:26:10.417","00532 13:39:17",241.27,847.37,,,,"     ",3.60,1491.52,1.19
532,444724158,"00532M13:26:11.390","00532 13:39:18",241.32,847.42,,,,"     ",3.60,1479.37,1.18
532,444724159,"00532M13:26:12.363","00532 13:39:19",241.36,847.35,,,,"     ",3.60,1483.41,1.18
532,444724160,"00532M13:26:13.336","00532 13:39:20",241.39,847.36,,,,"     ",3.60,1480.27,1.18
532,444724161,"00532M13:26:14.310","00532 13:39:20",241.40,847.37,,,,"     ",3.60,1480.81,1.18
532,444724162,"00532M13:26:15.283","00532 13:39:21",241.39,847.45,,,,"     ",3.60,1478.75,1.18
532,444724163,"00532M13:26:16.256","00532 13:39:22",241.37,847.35,,,,"     ",3.60,1479.12,1.18
532,444724164,"00532M13:26:17.230","00532 13:39:23",241.33,847.41,,,,"     ",3.60,1506.26,1.20
532,444724165,"00532M13:26:18.203","00532 13:39:24",241.28,847.43,,,,"     ",3.60,1473.68,1.17
532,444724166,"00532M13:26:19.176","00532 13:39:25",241.22,847.37,,,,"     ",3.60,1508.62,1.20
532,444724167,"00532M13:26:20.149","00532 13:39:26",241.17,847.39,,,,"     ",3.60,1478.06,1.18
532,444724168,"00532M13:26:21.123","00532 13:39:27",241.12,847.34,,,,"     ",3.60,1498.38,1.19
532,444724169,"00532M13:26:22.096","00532 13:39:28",241.07,847.35,,,,"     ",3.60,1471.61,1.17
532,444724170,"00532M13:26:23.069","00532 13:39:29",241.04,847.37,,,,"     ",3.60,1475.03,1.17
532,444724171,"00532M13:26:24.042","00532 13:39:30",241.02,847.32,,,,"     ",3.60,1490.57,1.19
532,444724172,"00532M13:26:25.016","00532 13:39:31",241.01,847.40,,,,"     ",3.60,1468.89,1.17
532,444724173,"00532M13:26:25.989","00532 13:39:32",241.00,847.34,,,,"     ",3.60,1470.66,1.17
532,444724174,"00532M13:26:26.962","00532 13:39:33",241.00,847.37,,,,"     ",3.60,1491.02,1.19
532,444724175,"00532M13:26:27.935","00532 13:39:34",240.98,847.41,,,,"     ",3.60,1483.18,1.18
532,444724176,"00532M13:26:28.909","00532 13:39:35",240.97,847.31,,,,"     ",3.60,1478.25,1.17
532,444724177,"00532M13:26:29.882","00532 13:39:36",240.94,847.30,,,,"     ",3.60,1484.00,1.18
532,444724178,"00532M13:26:30.855","00532 13:39:37",240.90,847.33,,,,"     ",3.60,1490.69,1.18
532,444724179,"00532M13:26:31.828","00532 13:39:38",240.84,847.30,,,,"     ",3.60,1481.36,1.18
532,444724180,"00532M13:26:32.802","00532 13:39:39",240.79,847.30,,,,"     ",3.60,1476.55,1.17
532,444724181,"00532M13:26:33.775","00532 13:39:40",240.72,847.31,,,,"     ",3.60,1493.12,1.18
532,444724182,"00532M13:26:34.748","00532 13:39:41",240.66,847.29,,,,"     ",3.60,1479.37,1.17
532,444724183,"00532M13:26:35.721","00532 13:39:42",240.59,847.33,,,,"     ",3.60,1466.46,1.16
532,444724184,"00532M13:26:36.695","00532 13:39:43",240.53,847.35,,,,"     ",3.60,1475.46,1.17
532,444724185,"00532M13:26:37.668","00532 13:39:44",240.47,847.30,,,,"     ",3.60,1492.06,1.18
532,444724186,"00532M13:26:38.641","00532 13:39:45",240.42,847.27,,,,"     ",3.60,1486.97,1.18
532,444724187,"00532M13:26:39.614","00532 13:39:46",240.38,847.29,,,,"     ",3.60,1504.71,1.19
532,444724188,"00532M13:26:40.588","00532 13:39:47",240.35,847.33,,,,"     ",3.60,1490.00,1.18
532,444724189,"00532M13:26:41.561","00532 13:39:48",240.31,847.33,,,,"     ",3.60,1493.08,1.18
532,444724190,"00532M13:26:42.534","00532 13:39:49",240.29,847.29,,,,"     ",3.60,1503.40,1.19
532,444724191,"00532M13:26:43.507","00532 13:39:50",240.27,847.30,,,,"     ",3.60,1464.38,1.16
532,444724192,"00532M13:26:44.481","00532 13:39:51",240.24,847.42,,,,"     ",3.60,1475.09,1.17
532,444724193,"00532M13:26:45.454","00532 13:39:52",240.23,847.31,,,,"     ",3.60,1481.63,1.17
532,444724194,"00532M13:26:46.427","00532 13:39:53",240.21,847.29,,,,"     ",3.60,1502.57,1.19
532,444724195,"00532M13:26:47.400","00532 13:39:54",240.19,847.36,,,,"     ",3.60,1469.78,1.16
532,444724196,"00532M13:26:48.374","00532 13:39:55",240.17,847.27,,,,"     ",3.60,1490.05,1.18
532,444724197,"00532M13:26:49.347","00532 13:39:56",240.15,847.39,,,,"     ",3.60,1498.23,1.18
532,444724198,"00532M13:26:50.320","00532 13:39:56",240.14,847.31,,,,"     ",3.60,1488.35,1.18
532,444724199,"00532M13:26:51.293","00532 13:39:57",240.13,847.24,,,,"     ",3.60,1510.08,1.19
532,444724200,"00532M13:26:52.267","00532 13:39:58",240.13,847.31,,,,"     ",3.60,1505.94,1.19
532,444724201,"00532M13:26:53.240","00532 13:39:59",240.13,847.28,,,,"     ",3.60,1482.77,1.17
532,444724202,"00532M13:26:54.213","00532 13:40:00",240.13,847.30,,,,"     ",3.60,1487.41,1.17
532,444724203,"00532M13:26:55.186","00532 13:40:01",240.12,847.28,,,,"     ",3.60,1515.72,1.20
532,444724204,"00532M13:26:56.160","00532 13:40:02",240.11,847.24,,,,"     ",3.60,1498.20,1.18
532,444724205,"00532M13:26:57.133","00532 13:40:03",240.08,847.29,,,,"     ",3.60,1493.39,1.18
532,444724206,"00532M13:26:58.106","00532 13:40:04",240.06,847.32,,,,"     ",3.60,1509.74,1.19
532,444724207,"00532M13:26:59.079","00532 13:40:05",240.03,847.34,,,,"     ",3.60,1513.84,1.19
532,444724208,"00532M13:27:00.053","00532 13:40:06",239.99,847.23,,,,"     ",3.60,1482.87,1.17
532,444724209,"00532M13:27:01.026","00532 13:40:07",239.95,847.38,,,,"     ",3.60,1461.96,1.15
532,444724210,"00532M13:27:01.999","00532 13:40:08",239.90,847.35,,,,"     ",3.60,1484.94,1.17
532,444724211,"00532M13:27:02.972","00532 13:40:09",239.85,847.35,,,,"     ",3.60,1489.60,1.17
532,444724212,"00532M13:27:03.946","00532 13:40:10",239.81,847.27,,,,"     ",3.60,1487.36,1.17
532,444724213,"00532M13:27:04.919","00532 13:40:11",239.77,847.26,,,,"     ",3.60,1499.20,1.18
532,444724214,"00532M13:27:05.892","00532 13:40:12",239.75,847.26,,,,"     ",3.60,1485.87,1.17
532,444724215,"00532M13:27:06.865","00532 13:40:13",239.75,847.33,,,,"     ",3.60,1507.72,1.19
532,444724216,"00532M13:27:07.839","00532 13:40:14",239.77,847.25,,,,"     ",3.60,1487.19,1.17
532,444724217,"00532M13:27:08.812","00532 13:40:15",239.79,847.28,,,,"     ",3.60,1487.83,1.17
532,444724218,"00532M13:27:09.785","00532 13:40:16",239.82,847.20,,,,"     ",3.60,1487.97,1.17
532,444724219,"00532M13:27:10.758","00532 13:40:17",239.84,847.19,,,,"     ",3.60,1487.63,1.17
532,444724220,"00532M13:27:11.732","00532 13:40:18",239.85,847.22,,,,"     ",3.60,1527.07,1.20
532,444724221,"00532M13:27:12.705","00532 13:40:19",239.84,847.28,,,,"     ",3.60,1499.42,1.18
532,444724222,"00532M13:27:13.678","00532 13:40:20",239.82,847.22,,,,"     ",3.60,1504.35,1.18
532,444724223,"00532M13:27:14.651","00532 13:40:21",239.80,847.10,,,,"     ",3.60,1491.75,1.17
532,444724224,"00532M13:27:15.625","00532 13:40:22",239.78,847.27,,,,"     ",3.60,1476.10,1.16
532,444724225,"00532M13:27:16.598","00532 13:40:23",239.77,847.41,,,,"     ",3.60,1504.93,1.18
532,444724226,"00532M13:27:17.571","00532 13:40:24",239.76,847.27,,,,"     ",3.60,1503.02,1.18
532,444724227,"00532M13:27:18.544","00532 13:40:25",239.76,847.19,,,,"     ",3.60,1505.65,1.18
532,444724228,"00532M13:27:19.518","00532 13:40:26",239.76,847.26,,,,"     ",3.60,1493.28,1.17
532,444724229,"00532M13:27:20.491","00532 13:40:27",239.77,847.20,,,,"     ",3.60,1482.20,1.16
532,444724230,"00532M13:27:21.464","00532 13:40:28",239.78,847.19,,,,"     ",3.60,1494.24,1.17
532,444724231,"00532M13:27:22.437","00532 13:40:29",239.81,847.20,,,,"     ",3.60,1497.36,1.18
532,444724232,"00532M13:27:23.411","00532 13:40:30",239.85,847.28,,,,"     ",3.60,1491.29,1.17
532,444724233,"00532M13:27:24.384","00532 13:40:31",239.90,847.30,,,,"     ",3.60,1486.48,1.17
532,444724234,"00532M13:27:25.357","00532 13:40:32",239.95,847.28,,,,"     ",3.60,1515.64,1.19
532,444724235,"00532M13:27:26.330","00532 13:40:33",240.00,847.36,,,,"     ",3.60,1484.53,1.16
532,444724236,"00532M13:27:27.304","00532 13:40:33",240.03,847.35,,,,"     ",3.60,1490.73,1.17
532,444724237,"00532M13:27:28.277","00532 13:40:34",240.05,847.26,,,,"     ",3.60,1494.90,1.17
532,444724238,"00532M13:27:29.250","00532 13:40:35",240.06,847.17,,,,"     ",3.60,1480.01,1.16
532,444724239,"00532M13:27:30.224","00532 13:40:36",240.07,847.27,,,,"     ",3.60,1484.75,1.16
532,444724240,"00532M13:27:31.197","00532 13:40:37",240.08,847.17,,,,"     ",3.60,1519.31,1.19
532,444724241,"00532M13:27:32.170","00532 13:40:38",240.10,847.16,,,,"     ",3.60,1482.82,1.16
532,444724242,"00532M13:27:33.143","00532 13:40:39",240.13,847.17,,,,"     ",3.60,1503.07,1.18
532,444724243,"00532M13:27:34.117","00532 13:40:40",240.17,847.22,,,,"     ",3.60,1484.13,1.16
532,444724244,"00532M13:27:35.090","00532 13:40:41",240.21,847.27,,,,"     ",3.60,1494.95,1.17
532,444724245,"00532M13:27:36.063","00532 13:40:42",240.26,847.26,,,,"     ",3.60,1516.98,1.19
532,444724246,"00532M13:27:37.036","00532 13:40:43",240.30,847.27,,,,"     ",3.60,1487.53,1.16
532,444724247,"00532M13:27:38.010","00532 13:40:44",240.35,847.26,,,,"     ",3.60,1480.46,1.16
532,444724248,"00532M13:27:38.983","00532 13:40:45",240.38,847.29,,,,"     ",3.60,1504.46,1.18
532,444724249,"00532M13:27:39.956","00532 13:40:46",240.40,847.27,,,,"     ",3.60,1498.61,1.17
532,444724250,"00532M13:27:40.929","00532 13:40:47",240.40,847.24,,,,"     ",3.60,1492.91,1.17
532,444724251,"00532M13:27:41.903","00532 13:40:48",240.39,847.17,,,,"     ",3.60,1492.49,1.17
532,444724252,"00532M13:27:42.876","00532 13:40:49",240.37,847.18,,,,"     ",3.60,1505.87,1.18
532,444724253,"00532M13:27:43.849","00532 13:40:50",240.33,847.19,,,,"     ",3.60,1494.00,1.17
532,444724254,"00532M13:27:44.822","00532 13:40:51",240.29,847.17,,,,"     ",3.60,1495.48,1.17
532,444724255,"00532M13:27:45.796","00532 13:40:52",240.26,847.21,,,,"     ",3.60,1474.02,1.15
532,444724256,"00532M13:27:46.769","00532 13:40:53",240.23,847.14,,,,"     ",3.60,1494.15,1.17
532,444724257,"00532M13:27:47.742","00532 13:40:54",240.21,847.17,,,,"     ",3.60,1493.25,1.17
532,444724258,"00532M13:27:48.715","00532 13:40:55",240.21,847.29,,,,"     ",3.60,1472.47,1.15
532,444724259,"00532M13:27:49.689","00532 13:40:56",240.22,847.29,,,,"     ",3.60,1493.58,1.17
532,444724260,"00532M13:27:50.662","00532 13:40:57",240.24,847.29,,,,"     ",3.60,1495.88,1.17
532,444724261,"00532M13:27:51.635","00532 13:40:58",240.27,847.22,,,,"     ",3.60,1500.14,1.17
532,444724262,"00532M13:27:52.608","00532 13:40:59",240.31,847.21,,,,"     ",3.60,1498.20,1.17
532,444724263,"00532M13:27:53.582","00532 13:41:00",240.36,847.14,,,,"     ",3.60,1472.43,1.15
532,444724264,"00532M13:27:54.555","00532 13:41:01",240.41,847.15,,,,"     ",3.60,1503.63,1.18
532,444724265,"00532M13:27:55.528","00532 13:41:02",240.46,847.12,,,,"     ",3.60,1487.78,1.17
532,444724266,"00532M13:27:56.501","00532 13:41:03",240.51,847.11,,,,"     ",3.60,1489.11,1.17
532,444724267,"00532M13:27:57.475","00532 13:41:04",240.56,847.13,,,,"     ",3.60,1473.61,1.15
532,444724268,"00532M13:27:58.448","00532 13:41:05",240.59,847.05,,,,"     ",3.60,1495.16,1.17
532,444724269,"00532M13:27:59.421","00532 13:41:06",240.62,847.10,,,,"     ",3.60,1498.12,1.18
532,444724270,"00532M13:28:00.394","00532 13:41:07",240.64,847.13,,,,"     ",3.60,1475.82,1.16
532,444724271,"00532M13:28:01.368","00532 13:41:08",240.65,847.15,,,,"     ",3.60,1475.75,1.16
532,444724272,"00532M13:28:02.341","00532 13:41:09",240.66,847.10,,,,"     ",3.60,1480.73,1.16
532,444724273,"00532M13:28:03.314","00532 13:41:09",240.65,847.14,,,,"     ",3.60,1491.84,1.17
532,444724274,"00532M13:28:04.287","00532 13:41:10",240.63,847.11,,,,"     ",3.60,1489.95,1.17
532,444724275,"00532M13:28:05.261","00532 13:41:11",240.59,847.10,,,,"     ",3.60,1489.74,1.17
532,444724276,"00532M13:28:06.234","00532 13:41:12",240.56,847.19,,,,"     ",3.60,1495.95,1.18
532,444724277,"00532M13:28:07.207","00532 13:41:13",240.51,847.13,,,,"     ",3.60,1481.01,1.16
532,444724278,"00532M13:28:08.180","00532 13:41:14",240.46,847.17,,,,"     ",3.60,1514.16,1.19
532,444724279,"00532M13:28:09.154","00532 13:41:15",240.42,847.19,,,,"     ",3.60,1496.07,1.18
532,444724280,"00532M13:28:10.127","00532 13:41:16",240.38,847.16,,,,"     ",3.60,1481.35,1.16
532,444724281,"00532M13:28:11.100","00532 13:41:17",240.36,847.19,,,,"     ",3.60,1494.91,1.18
532,444724282,"00532M13:28:12.073","00532 13:41:18",240.34,847.24,,,,"     ",3.60,1479.89,1.16
532,444724283,"00532M13:28:13.047","00532 13:41:19",240.33,847.17,,,,"     ",3.60,1490.02,1.17
532,444724284,"00532M13:28:14.020","00532 13:41:20",240.33,847.12,,,,"     ",3.60,1494.60,1.18
532,444724285,"00532M13:28:14.993","00532 13:41:21",240.35,847.15,,,,"     ",3.60,1479.25,1.16
532,444724286,"00532M13:28:15.966","00532 13:41:22",240.39,847.17,,,,"     ",3.60,1484.53,1.17
532,444724287,"00532M13:28:16.940","00532 13:41:23",240.45,847.14,,,,"     ",3.60,1500.79,1.18
532,444724288,"00532M13:28:17.913","00532 13:41:24",240.52,847.18,,,,"     ",3.60,1471.70,1.16
532,444724289,"00532M13:28:18.886","00532 13:41:25",240.61,847.24,,,,"     ",3.60,1486.09,1.17
532,444724290,"00532M13:28:19.859","00532 13:41:26",240.70,847.21,,,,"     ",3.60,1476.30,1.16
532,444724291,"00532M13:28:20.833","00532 13:41:27",240.79,847.13,,,,"     ",3.60,1491.72,1.18
532,444724292,"00532M13:28:21.806","00532 13:41:28",240.86,847.11,,,,"     ",3.60,1476.02,1.16
532,444724293,"00532M13:28:22.779","00532 13:41:29",240.93,847.17,,,,"     ",3.60,1473.77,1.16
532,444724294,"00532M13:28:23.752","00532 13:41:30",241.00,847.18,,,,"     ",3.60,1473.66,1.16
532,444724295,"00532M13:28:24.726","00532 13:41:31",241.07,847.20,,,,"     ",3.60,1483.01,1.17
532,444724296,"00532M13:28:25.699","00532 13:41:32",241.13,847.27,,,,"     ",3.60,1493.03,1.18
532,444724297,"00532M13:28:26.672","00532 13:41:33",241.19,847.09,,,,"     ",3.60,1479.20,1.17
532,444724298,"00532M13:28:27.645","00532 13:41:34",241.25,847.19,,,,"     ",3.60,1477.68,1.17
532,444724299,"00532M13:28:28.619","00532 13:41:35",241.29,847.12,,,,"     ",3.60,1487.04,1.17
532,444724300,"00532M13:28:29.592","00532 13:41:36",241.32,847.18,,,,"     ",3.60,1496.22,1.18
532,444724301,"00532M13:28:30.565","00532 13:41:37",241.34,847.18,,,,"     ",3.60,1486.38,1.18
532,444724302,"00532M13:28:31.538","00532 13:41:38",241.35,847.20,,,,"     ",3.60,1481.82,1.17
532,444724303,"00532M13:28:32.512","00532 13:41:39",241.35,847.21,,,,"     ",3.60,1491.07,1.18
532,444724304,"00532M13:28:33.485","00532 13:41:40",241.34,847.19,,,,"     ",3.60,1488.31,1.18
532,444724305,"00532M13:28:34.458","00532 13:41:41",241.34,847.20,,,,"     ",3.60,1467.90,1.16
532,444724306,"00532M13:28:35.431","00532 13:41:42",241.33,847.19,,,,"     ",3.60,1483.23,1.17
532,444724307,"00532M13:28:36.405","00532 13:41:43",241.33,847.22,,,,"     ",3.60,1484.14,1.17
532,444724308,"00532M13:28:37.378","00532 13:41:44",241.33,847.07,,,,"     ",3.60,1475.13,1.17
532,444724309,"00532M13:28:38.351","00532 13:41:45",241.34,847.15,,,,"     ",3.60,1481.69,1.17
532,444724310,"00532M13:28:39.325","00532 13:41:46",241.35,847.14,,,,"     ",3.60,1473.16,1.17
532,444724311,"00532M13:28:40.298","00532 13:41:46",241.37,847.16,,,,"     ",3.60,1473.71,1.17
532,444724312,"00532M13:28:41.271","00532 13:41:47",241.38,847.16,,,,"     ",3.60,1488.24,1.18
532,444724313,"00532M13:28:42.244","00532 13:41:48",241.40,847.10,,,,"     ",3.60,1480.78,1.17
532,444724314,"00532M13:28:43.218","00532 13:41:49",241.41,847.17,,,,"     ",3.60,1476.58,1.17
532,444724315,"00532M13:28:44.191","00532 13:41:50",241.41,847.04,,,,"     ",3.60,1487.04,1.18
532,444724316,"00532M13:28:45.164","00532 13:41:51",241.42,847.18,,,,"     ",3.60,1472.15,1.17
532,444724317,"00532M13:28:46.137","00532 13:41:52",241.42,847.18,,,,"     ",3.60,1472.68,1.17
532,444724318,"00532M13:28:47.111","00532 13:41:53",241.41,847.19,,,,"     ",3.60,1469.89,1.16
532,444724319,"00532M13:28:48.084","00532 13:41:54",241.40,847.24,,,,"     ",3.60,1475.91,1.17
532,444724320,"00532M13:28:49.057","00532 13:41:55",241.37,847.13,,,,"     ",3.60,1478.95,1.17
532,444724321,"00532M13:28:50.030","00532 13:41:56",241.34,847.16,,,,"     ",3.60,1461.29,1.16
532,444724322,"00532M13:28:51.004","00532 13:41:57",241.30,847.10,,,,"     ",3.60,1468.49,1.16
532,444724323,"00532M13:28:51.977","00532 13:41:58",241.26,847.17,,,,"     ",3.60,1463.09,1.16
532,444724324,"00532M13:28:52.950","00532 13:41:59",241.21,847.15,,,,"     ",3.60,1486.10,1.18
532,444724325,"00532M13:28:53.923","00532 13:42:00",241.16,847.14,,,,"     ",3.60,1496.23,1.18
532,444724326,"00532M13:28:54.897","00532 13:42:01",241.12,847.19,,,,"     ",3.60,1474.18,1.17
532,444724327,"00532M13:28:55.870","00532 13:42:02",241.09,847.22,,,,"     ",3.60,1489.85,1.18
532,444724328,"00532M13:28:56.843","00532 13:42:03",241.06,847.18,,,,"     ",3.60,1495.22,1.18
532,444724329,"00532M13:28:57.816","00532 13:42:04",241.03,847.18,,,,"     ",3.60,1504.92,1.19
532,444724330,"00532M13:28:58.790","00532 13:42:05",241.00,847.17,,,,"     ",3.60,1478.08,1.17
532,444724331,"00532M13:28:59.763","00532 13:42:06",240.96,847.14,,,,"     ",3.60,1471.99,1.16
532,444724332,"00532M13:29:00.736","00532 13:42:07",240.91,847.10,,,,"     ",3.60,1470.01,1.16
532,444724333,"00532M13:29:01.709","00532 13:42:08",240.87,847.11,,,,"     ",3.60,1480.33,1.17
532,444724334,"00532M13:29:02.683","00532 13:42:09",240.83,847.12,,,,"     ",3.60,1485.64,1.17
532,444724335,"00532M13:29:03.656","00532 13:42:10",240.80,847.05,,,,"     ",3.60,1484.66,1.17
532,444724336,"00532M13:29:04.629","00532 13:42:11",240.77,847.04,,,,"     ",3.60,1485.13,1.17
532,444724337,"00532M13:29:05.602","00532 13:42:12",240.73,847.10,,,,"     ",3.60,1474.32,1.17
532,444724338,"00532M13:29:06.576","00532 13:42:13",240.69,847.13,,,,"     ",3.60,1489.40,1.18
532,444724339,"00532M13:29:07.549","00532 13:42:14",240.65,847.11,,,,"     ",3.60,1469.57,1.16
532,444724340,"00532M13:29:08.522","00532 13:42:15",240.60,847.16,,,,"     ",3.60,1488.91,1.18
532,444724341,"00532M13:29:09.495","00532 13:42:16",240.55,847.19,,,,"     ",3.60,1471.91,1.16
532,444724342,"00532M13:29:10.469","00532 13:42:17",240.52,847.15,,,,"     ",3.60,1474.26,1.16
532,444724343,"00532M13:29:11.442","00532 13:42:18",240.50,847.10,,,,"     ",3.60,1484.06,1.17
532,444724344,"00532M13:29:12.415","00532 13:42:19",240.48,847.07,,,,"     ",3.60,1494.51,1.18
532,444724345,"00532M13:29:13.388","00532 13:42:20",240.47,847.05,,,,"     ",3.60,1487.41,1.17
532,444724346,"00532M13:29:14.362","00532 13:42:21",240.45,847.11,,,,"     ",3.60,1494.76,1.18
532,444724347,"00532M13:29:15.335","00532 13:42:22",240.45,847.11,,,,"     ",3.60,1509.88,1.19
532,444724348,"00532M13:29:16.308","00532 13:42:23",240.44,847.16,,,,"     ",3.60,1494.90,1.18
532,444724349,"00532M13:29:17.281","00532 13:42:23",240.43,847.10,,,,"     ",3.60,1478.78,1.16
532,444724350,"00532M13:29:18.255","00532 13:42:24",240.42,847.12,,,,"     ",3.60,1518.91,1.20
532,444724351,"00532M13:29:19.228","00532 13:42:25",240.42,847.21,,,,"     ",3.60,1480.52,1.17
532,444724352,"00532M13:29:20.201","00532 13:42:26",240.42,847.13,,,,"     ",3.60,1485.13,1.17
532,444724353,"00532M13:29:21.174","00532 13:42:27",240.43,847.03,,,,"     ",3.60,1491.17,1.17
532,444724354,"00532M13:29:22.148","00532 13:42:28",240.43,847.06,,,,"     ",3.60,1505.50,1.19
532,444724355,"00532M13:29:23.121","00532 13:42:29",240.43,847.08,,,,"     ",3.60,1490.08,1.17
532,444724356,"00532M13:29:24.094","00532 13:42:30",240.44,847.03,,,,"     ",3.60,1491.60,1.17
532,444724357,"00532M13:29:25.067","00532 13:42:31",240.44,846.99,,,,"     ",3.60,1481.55,1.17
532,444724358,"00532M13:29:26.041","00532 13:42:32",240.44,846.96,,,,"     ",3.60,1488.14,1.17
532,444724359,"00532M13:29:27.014","00532 13:42:33",240.43,847.00,,,,"     ",3.60,1486.97,1.17
532,444724360,"00532M13:29:27.987","00532 13:42:34",240.45,847.05,,,,"     ",3.60,1491.99,1.17
532,444724361,"00532M13:29:28.960","00532 13:42:35",240.47,847.02,,,,"     ",3.60,1507.91,1.18
532,444724362,"00532M13:29:29.934","00532 13:42:36",240.51,847.06,,,,"     ",3.60,1495.46,1.17
532,444724363,"00532M13:29:30.907","00532 13:42:37",240.55,846.99,,,,"     ",3.60,1492.99,1.17
532,444724364,"00532M13:29:31.880","00532 13:42:38",240.60,847.02,,,,"     ",3.60,1492.74,1.17
532,444724365,"00532M13:29:32.853","00532 13:42:39",240.66,847.10,,,,"     ",3.60,1501.00,1.18
532,444724366,"00532M13:29:33.827","00532 13:42:40",240.72,847.00,,,,"     ",3.60,1495.96,1.17
532,444724367,"00532M13:29:34.800","00532 13:42:41",240.80,847.01,,,,"     ",3.60,1532.48,1.20
532,444724368,"00532M13:29:35.773","00532 13:42:42",240.88,846.99,,,,"     ",3.60,1494.03,1.17
532,444724369,"00532M13:29:36.746","00532 13:42:43",240.99,847.01,,,,"     ",3.60,1488.77,1.16
532,444724370,"00532M13:29:37.720","00532 13:42:44",241.10,846.96,,,,"     ",3.60,1513.90,1.18
532,444724371,"00532M13:29:38.693","00532 13:42:45",241.22,846.96,,,,"     ",3.60,1509.51,1.18
532,444724372,"00532M13:29:39.666","00532 13:42:46",241.34,846.93,,,,"     ",3.60,1507.81,1.18
532,444724373,"00532M13:29:40.639","00532 13:42:47",241.45,846.95,,,,"     ",3.60,1500.76,1.17
532,444724374,"00532M13:29:41.613","00532 13:42:48",241.55,847.00,,,,"     ",3.60,1508.54,1.18
532,444724375,"00532M13:29:42.586","00532 13:42:49",241.62,846.96,,,,"     ",3.60,1499.33,1.17
532,444724376,"00532M13:29:43.559","00532 13:42:50",241.69,846.97,,,,"     ",3.60,1515.48,1.18
532,444724377,"00532M13:29:44.532","00532 13:42:51",241.74,846.97,,,,"     ",3.60,1507.80,1.18
532,444724378,"00532M13:29:45.506","00532 13:42:52",241.79,846.96,,,,"     ",3.60,1493.89,1.16
532,444724379,"00532M13:29:46.479","00532 13:42:53",241.84,846.94,,,,"     ",3.60,1520.95,1.18
532,444724380,"00532M13:29:47.452","00532 13:42:54",241.90,846.98,,,,"     ",3.60,1504.80,1.17
532,444724381,"00532M13:29:48.426","00532 13:42:55",241.97,847.00,,,,"     ",3.60,1523.46,1.19
532,444724382,"00532M13:29:49.399","00532 13:42:56",242.03,847.01,,,,"     ",3.60,1515.38,1.18
532,444724383,"00532M13:29:50.372","00532 13:42:57",242.10,846.88,,,,"     ",3.60,1495.80,1.16
532,444724384,"00532M13:29:51.345","00532 13:42:58",242.16,846.91,,,,"     ",3.60,1527.87,1.19
532,444724385,"00532M13:29:52.319","00532 13:42:59",242.23,846.93,,,,"     ",3.60,1518.65,1.18
532,444724386,"00532M13:29:53.292","00532 13:42:59",242.29,846.96,,,,"     ",3.60,1516.07,1.18
532,444724387,"00532M13:29:54.265","00532 13:43:00",242.36,846.84,,,,"     ",3.60,1520.97,1.18
532,444724388,"00532M13:29:55.238","00532 13:43:01",242.42,846.91,,,,"     ",3.60,1516.55,1.18
532,444724389,"00532M13:29:56.212","00532 13:43:02",242.48,846.89,,,,"     ",3.60,1513.51,1.17
532,444724390,"00532M13:29:57.185","00532 13:43:03",242.54,846.99,,,,"     ",3.60,1520.18,1.18
532,444724391,"00532M13:29:58.158","00532 13:43:04",242.59,846.94,,,,"     ",3.60,1517.27,1.17
532,444724392,"00532M13:29:59.131","00532 13:43:05",242.63,847.00,,,,"     ",3.60,1519.61,1.18
532,444724393,"00532M13:30:00.105","00532 13:43:06",242.67,847.02,,,,"     ",3.60,1486.26,1.15
532,444724394,"00532M13:30:01.078","00532 13:43:07",242.71,846.89,,,,"     ",3.60,1561.47,1.21
532,444724395,"00532M13:30:02.051","00532 13:43:08",242.76,846.94,,,,"     ",3.60,1535.71,1.19
532,444724396,"00532M13:30:03.024","00532 13:43:09",242.81,846.94,,,,"     ",3.60,1514.16,1.17
532,444724397,"00532M13:30:03.998","00532 13:43:10",242.87,846.93,,,,"     ",3.60,1527.83,1.18
532,444724398,"00532M13:30:04.971","00532 13:43:11",242.93,846.85,,,,"     ",3.60,1548.39,1.19
532,444724399,"00532M13:30:05.944","00532 13:43:12",242.98,846.79,,,,"     ",3.60,1526.82,1.18
532,444724400,"00532M13:30:06.917","00532 13:43:13",243.04,846.77,,,,"     ",3.60,1525.61,1.17
532,444724401,"00532M13:30:07.891","00532 13:43:14",243.07,846.92,,,,"     ",3.60,1531.25,1.18
532,444724402,"00532M13:30:08.864","00532 13:43:15",243.10,846.93,,,,"     ",3.60,1518.72,1.17
532,444724403,"00532M13:30:09.837","00532 13:43:16",243.09,846.97,,,,"     ",3.60,1533.60,1.18
532,444724404,"00532M13:30:10.810","00532 13:43:17",243.07,847.02,,,,"     ",3.60,1518.51,1.17
532,444724405,"00532M13:30:11.784","00532 13:43:18",243.03,846.98,,,,"     ",3.60,1533.47,1.18
532,444724406,"00532M13:30:12.757","00532 13:43:19",242.97,846.94,,,,"     ",3.60,1515.67,1.16
532,444724407,"00532M13:30:13.730","00532 13:43:20",242.91,846.87,,,,"     ",3.60,1494.00,1.15
532,444724408,"00532M13:30:14.703","00532 13:43:21",242.83,846.88,,,,"     ",3.60,1520.55,1.17
532,444724409,"00532M13:30:15.677","00532 13:43:22",242.76,846.88,,,,"     ",3.60,1527.11,1.17
532,444724410,"00532M13:30:16.650","00532 13:43:23",242.69,846.89,,,,"     ",3.60,1521.57,1.17
532,444724411,"00532M13:30:17.623","00532 13:43:24",242.62,846.86,,,,"     ",3.60,1532.36,1.17
532,444724412,"00532M13:30:18.596","00532 13:43:25",242.57,846.79,,,,"     ",3.60,1538.69,1.18
532,444724413,"00532M13:30:19.570","00532 13:43:26",242.52,846.89,,,,"     ",3.60,1542.17,1.18
532,444724414,"00532M13:30:20.543","00532 13:43:27",242.47,846.91,,,,"     ",3.60,1528.26,1.17
532,444724415,"00532M13:30:21.516","00532 13:43:28",242.43,846.92,,,,"     ",3.60,1524.29,1.17
532,444724416,"00532M13:30:22.489","00532 13:43:29",242.40,846.94,,,,"     ",3.60,1514.51,1.16
532,444724417,"00532M13:30:23.463","00532 13:43:30",242.38,846.86,,,,"     ",3.60,1529.63,1.17
532,444724418,"00532M13:30:24.436","00532 13:43:31",242.36,846.86,,,,"     ",3.60,1530.60,1.17
532,444724419,"00532M13:30:25.409","00532 13:43:32",242.34,846.89,,,,"     ",3.60,1536.12,1.18
532,444724420,"00532M13:30:26.382","00532 13:43:33",242.32,846.91,,,,"     ",3.60,1517.30,1.16
532,444724421,"00532M13:30:27.356","00532 13:43:34",242.29,846.87,,,,"     ",3.60,1514.04,1.16
532,444724422,"00532M13:30:28.329","00532 13:43:35",242.25,846.83,,,,"     ",3.60,1515.46,1.16
532,444724423,"00532M13:30:29.302","00532 13:43:36",242.21,846.85,,,,"     ",3.60,1529.50,1.17
532,444724424,"00532M13:30:30.275","00532 13:43:36",242.17,846.92,,,,"     ",3.60,1528.15,1.17
532,444724425,"00532M13:30:31.249","00532 13:43:37",242.12,846.94,,,,"     ",3.60,1528.86,1.17
532,444724426,"00532M13:30:32.222","00532 13:43:38",242.07,846.83,,,,"     ",3.60,1497.70,1.15
532,444724427,"00532M13:30:33.195","00532 13:43:39",242.01,846.79,,,,"     ",3.60,1528.39,1.17
532,444724428,"00532M13:30:34.168","00532 13:43:40",241.96,846.90,,,,"     ",3.60,1519.43,1.17
532,444724429,"00532M13:30:35.142","00532 13:43:41",241.90,846.85,,,,"     ",3.60,1498.55,1.15
532,444724430,"00532M13:30:36.115","00532 13:43:42",241.84,846.91,,,,"     ",3.60,1512.01,1.16
532,444724431,"00532M13:30:37.088","00532 13:43:43",241.77,846.92,,,,"     ",3.60,1517.00,1.16
532,444724432,"00532M13:30:38.061","00532 13:43:44",241.59,846.89,5.23,,240.76,"  100110",3.60,1528.26,1.17
532,444724433,"00532M13:30:39.035","00532 13:43:45",241.51,846.89,,,,"     ",3.60,1526.26,1.17
532,444724434,"00532M13:30:40.008","00532 13:43:46",241.43,846.91,,,,"     ",3.60,1517.14,1.17
532,444724435,"00532M13:30:40.981","00532 13:43:47",241.37,846.93,,,,"     ",3.60,1523.37,1.17
532,444724436,"00532M13:30:41.954","00532 13:43:48",241.32,846.84,,,,"     ",3.60,1503.65,1.16
532,444724437,"00532M13:30:42.928","00532 13:43:49",241.28,846.82,,,,"     ",3.60,1521.04,1.17
532,444724438,"00532M13:30:43.901","00532 13:43:50",241.25,846.89,,,,"     ",3.60,1513.70,1.17
532,444724439,"00532M13:30:44.874","00532 13:43:51",241.23,846.93,,,,"     ",3.60,1527.08,1.18
532,444724440,"00532M13:30:45.847","00532 13:43:52",241.22,846.84,,,,"     ",3.60,1498.72,1.16
532,444724441,"00532M13:30:46.821","00532 13:43:53",241.23,846.82,,,,"     ",3.60,1504.77,1.16
532,444724442,"00532M13:30:47.794","00532 13:43:54",241.24,846.74,,,,"     ",3.60,1501.70,1.16
532,444724443,"00532M13:30:48.767","00532 13:43:55",241.27,846.84,,,,"     ",3.60,1495.53,1.16
532,444724444,"00532M13:30:49.740","00532 13:43:56",241.31,846.88,,,,"     ",3.60,1502.64,1.16
532,444724445,"00532M13:30:50.714","00532 13:43:57",241.36,846.82,,,,"     ",3.60,1502.31,1.16
532,444724446,"00532M13:30:51.687","00532 13:43:58",241.43,846.84,,,,"     ",3.60,1503.69,1.16
532,444724447,"00532M13:30:52.660","00532 13:43:59",241.51,846.86,,,,"     ",3.60,1492.68,1.16
532,444724448,"00532M13:30:53.633","00532 13:44:00",241.58,846.84,,,,"     ",3.60,1484.49,1.15
532,444724449,"00532M13:30:54.607","00532 13:44:01",241.65,846.79,,,,"     ",3.60,1496.74,1.16
532,444724450,"00532M13:30:55.580","00532 13:44:02",241.70,846.79,,,,"     ",3.60,1499.82,1.16
532,444724451,"00532M13:30:56.553","00532 13:44:03",241.73,846.79,,,,"     ",3.60,1504.62,1.17
532,444724452,"00532M13:30:57.527","00532 13:44:04",241.75,846.77,,,,"     ",3.60,1515.47,1.18
532,444724453,"00532M13:30:58.500","00532 13:44:05",241.75,846.78,,,,"     ",3.60,1487.47,1.16
532,444724454,"00532M13:30:59.473","00532 13:44:06",241.73,846.86,,,,"     ",3.60,1499.42,1.17
532,444724455,"00532M13:31:00.446","00532 13:44:07",241.70,846.81,,,,"     ",3.60,1489.25,1.16
532,444724456,"00532M13:31:01.420","00532 13:44:08",241.64,846.80,,,,"     ",3.60,1515.37,1.18
532,444724457,"00532M13:31:02.393","00532 13:44:09",241.55,846.81,,,,"     ",3.60,1491.86,1.16
532,444724458,"00532M13:31:03.366","00532 13:44:10",241.45,846.91,,,,"     ",3.60,1507.07,1.18
532,444724459,"00532M13:31:04.339","00532 13:44:11",241.33,846.91,,,,"     ",3.60,1508.97,1.18
532,444724460,"00532M13:31:05.313","00532 13:44:12",241.20,846.90,,,,"     ",3.60,1500.21,1.17
532,444724461,"00532M13:31:06.286","00532 13:44:12",241.07,846.86,,,,"     ",3.60,1506.38,1.18
532,444724462,"00532M13:31:07.259","00532 13:44:13",240.94,846.88,,,,"     ",3.60,1507.69,1.18
532,444724463,"00532M13:31:08.232","00532 13:44:14",240.81,846.81,,,,"     ",3.60,1495.85,1.17
532,444724464,"00532M13:31:09.206","00532 13:44:15",240.69,846.84,,,,"     ",3.60,1490.34,1.16
532,444724465,"00532M13:31:10.179","00532 13:44:16",240.56,846.80,,,,"     ",3.60,1503.71,1.18
532,444724466,"00532M13:31:11.152","00532 13:44:17",240.45,846.83,,,,"     ",3.60,1490.11,1.17
532,444724467,"00532M13:31:12.125","00532 13:44:18",240.34,846.85,,,,"     ",3.60,1518.41,1.19
532,444724468,"00532M13:31:13.099","00532 13:44:19",240.25,846.87,,,,"     ",3.60,1496.63,1.17
532,444724469,"00532M13:31:14.072","00532 13:44:20",240.16,846.86,,,,"     ",3.60,1493.36,1.17
532,444724470,"00532M13:31:15.045","00532 13:44:21",240.08,846.77,,,,"     ",3.60,1500.77,1.18
532,444724471,"00532M13:31:16.018","00532 13:44:22",239.99,846.79,,,,"     ",3.60,1489.86,1.17
532,444724472,"00532M13:31:16.992","00532 13:44:23",239.91,846.75,,,,"     ",3.60,1496.64,1.18
532,444724473,"00532M13:31:17.965","00532 13:44:24",239.82,846.81,,,,"     ",3.60,1502.49,1.18
532,444724474,"00532M13:31:18.938","00532 13:44:25",239.73,846.76,,,,"     ",3.60,1503.86,1.18
532,444724475,"00532M13:31:19.911","00532 13:44:26",239.64,846.73,,,,"     ",3.60,1485.14,1.17
532,444724476,"00532M13:31:20.885","00532 13:44:27",239.54,846.79,,,,"     ",3.60,1498.82,1.18
532,444724477,"00532M13:31:21.858","00532 13:44:28",239.44,846.81,,,,"     ",3.60,1459.88,1.15
532,444724478,"00532M13:31:22.831","00532 13:44:29",239.33,846.78,,,,"     ",3.60,1483.80,1.17
532,444724479,"00532M13:31:23.804","00532 13:44:30",239.23,846.81,,,,"     ",3.60,1501.00,1.18
532,444724480,"00532M13:31:24.778","00532 13:44:31",239.12,846.77,,,,"     ",3.60,1496.02,1.18
532,444724481,"00532M13:31:25.751","00532 13:44:32",239.03,846.71,,,,"     ",3.60,1473.95,1.16
532,444724482,"00532M13:31:26.724","00532 13:44:33",238.94,846.79,,,,"     ",3.60,1461.50,1.15
532,444724483,"00532M13:31:27.697","00532 13:44:34",238.86,846.78,,,,"     ",3.60,1478.24,1.17
532,444724484,"00532M13:31:28.671","00532 13:44:35",238.80,846.80,,,,"     ",3.60,1474.50,1.16
532,444724485,"00532M13:31:29.644","00532 13:44:36",238.75,846.79,,,,"     ",3.60,1469.90,1.16
532,444724486,"00532M13:31:30.617","00532 13:44:37",238.71,846.76,,,,"     ",3.60,1473.73,1.16
532,444724487,"00532M13:31:31.590","00532 13:44:38",238.68,846.90,,,,"     ",3.60,1484.91,1.18
532,444724488,"00532M13:31:32.564","00532 13:44:39",238.65,846.82,,,,"     ",3.60,1468.53,1.16
532,444724489,"00532M13:31:33.537","00532 13:44:40",238.62,846.77,,,,"     ",3.60,1469.77,1.16
532,444724490,"00532M13:31:34.510","00532 13:44:41",238.58,846.79,,,,"     ",3.60,1460.75,1.16
532,444724491,"00532M13:31:35.483","00532 13:44:42",238.54,846.79,,,,"     ",3.60,1486.47,1.18
532,444724492,"00532M13:31:36.457","00532 13:44:43",238.50,846.77,,,,"     ",3.60,1472.06,1.17
532,444724493,"00532M13:31:37.430","00532 13:44:44",238.46,846.78,,,,"     ",3.60,1472.17,1.17
532,444724494,"00532M13:31:38.403","00532 13:44:45",238.41,846.75,,,,"     ",3.60,1495.31,1.19
532,444724495,"00532M13:31:39.376","00532 13:44:46",238.36,846.75,,,,"     ",3.60,1468.51,1.17
532,444724496,"00532M13:31:40.350","00532 13:44:47",238.30,846.77,,,,"     ",3.60,1477.16,1.17
532,444724497,"00532M13:31:41.323","00532 13:44:48",238.26,846.74,,,,"     ",3.60,1473.95,1.17
532,444724498,"00532M13:31:42.296","00532 13:44:49",238.23,846.69,,,,"     ",3.60,1477.57,1.18
532,444724499,"00532M13:31:43.269","00532 13:44:49",238.23,846.73,,,,"     ",3.60,1472.58,1.17
532,444724500,"00532M13:31:44.243","00532 13:44:50",238.24,846.84,,,,"     ",3.60,1473.58,1.17
532,444724501,"00532M13:31:45.216","00532 13:44:51",238.28,846.80,,,,"     ",3.60,1491.59,1.19
532,444724502,"00532M13:31:46.189","00532 13:44:52",238.34,846.79,,,,"     ",3.60,1476.00,1.18
532,444724503,"00532M13:31:47.162","00532 13:44:53",238.41,846.70,,,,"     ",3.60,1443.27,1.15
532,444724504,"00532M13:31:48.136","00532 13:44:54",238.49,846.66,,,,"     ",3.60,1494.63,1.19
532,444724505,"00532M13:31:49.109","00532 13:44:55",238.60,846.73,,,,"     ",3.60,1478.77,1.18
532,444724506,"00532M13:31:50.082","00532 13:44:56",238.72,846.74,,,,"     ",3.60,1472.71,1.18
532,444724507,"00532M13:31:51.055","00532 13:44:57",238.84,846.76,,,,"     ",3.60,1460.05,1.16
532,444724508,"00532M13:31:52.029","00532 13:44:58",238.96,846.64,,,,"     ",3.60,1489.91,1.19
532,444724509,"00532M13:31:53.002","00532 13:44:59",239.07,846.74,,,,"     ",3.60,1468.85,1.17
532,444724510,"00532M13:31:53.975","00532 13:45:00",239.17,846.80,,,,"     ",3.60,1476.92,1.18
532,444724511,"00532M13:31:54.948","00532 13:45:01",239.25,846.77,,,,"     ",3.60,1453.86,1.16
532,444724512,"00532M13:31:55.922","00532 13:45:02",239.31,846.70,,,,"     ",3.60,1464.73,1.17
532,444724513,"00532M13:31:56.895","00532 13:45:03",239.34,846.76,,,,"     ",3.60,1481.26,1.18
532,444724514,"00532M13:31:57.868","00532 13:45:04",239.35,846.68,,,,"     ",3.60,1498.18,1.20
532,444724515,"00532M13:31:58.841","00532 13:45:05",239.34,846.73,,,,"     ",3.60,1488.59,1.19
532,444724516,"00532M13:31:59.815","00532 13:45:06",239.31,846.68,,,,"     ",3.60,1467.65,1.17
532,444724517,"00532M13:32:00.788","00532 13:45:07",239.28,846.70,,,,"     ",3.60,1479.00,1.18
532,444724518,"00532M13:32:01.761","00532 13:45:08",239.26,846.75,,,,"     ",3.60,1493.13,1.19
532,444724519,"00532M13:32:02.734","00532 13:45:09",239.24,846.70,,,,"     ",3.60,1480.93,1.18
532,444724520,"00532M13:32:03.708","00532 13:45:10",239.24,846.70,,,,"     ",3.60,1492.76,1.19
532,444724521,"00532M13:32:04.681","00532 13:45:11",239.26,846.80,,,,"     ",3.60,1463.95,1.17
532,444724522,"00532M13:32:05.654","00532 13:45:12",239.30,846.73,,,,"     ",3.60,1464.30,1.17
532,444724523,"00532M13:32:06.628","00532 13:45:13",239.34,846.66,,,,"     ",3.60,1473.06,1.18
532,444724524,"00532M13:32:07.601","00532 13:45:14",239.39,846.64,,,,"     ",3.60,1492.27,1.19
532,444724525,"00532M13:32:08.574","00532 13:45:15",239.44,846.77,,,,"     ",3.60,1473.85,1.18
532,444724526,"00532M13:32:09.547","00532 13:45:16",239.48,846.71,,,,"     ",3.60,1482.35,1.19
532,444724527,"00532M13:32:10.521","00532 13:45:17",239.50,846.68,,,,"     ",3.60,1479.23,1.18
532,444724528,"00532M13:32:11.494","00532 13:45:18",239.52,846.76,,,,"     ",3.60,1468.80,1.17
532,444724529,"00532M13:32:12.467","00532 13:45:19",239.53,846.59,,,,"     ",3.60,1470.03,1.18
532,444724530,"00532M13:32:13.440","00532 13:45:20",239.53,846.59,,,,"     ",3.60,1475.19,1.18
532,444724531,"00532M13:32:14.414","00532 13:45:21",239.51,846.65,,,,"     ",3.60,1480.56,1.18
532,444724532,"00532M13:32:15.387","00532 13:45:22",239.49,846.63,,,,"     ",3.60,1469.59,1.17
532,444724533,"00532M13:32:16.360","00532 13:45:23",239.44,846.68,,,,"     ",3.60,1463.68,1.17
532,444724534,"00532M13:32:17.333","00532 13:45:24",239.39,846.64,,,,"     ",3.60,1467.90,1.17
532,444724535,"00532M13:32:18.307","00532 13:45:25",239.33,846.63,,,,"     ",3.60,1482.28,1.19
532,444724536,"00532M13:32:19.280","00532 13:45:25",239.29,846.64,,,,"     ",3.60,1471.82,1.18
532,444724537,"00532M13:32:20.253","00532 13:45:26",239.25,846.68,,,,"     ",3.60,1480.26,1.18
532,444724538,"00532M13:32:21.226","00532 13:45:27",239.23,846.66,,,,"     ",3.60,1490.31,1.19
532,444724539,"00532M13:32:22.200","00532 13:45:28",239.20,846.68,,,,"     ",3.60,1474.97,1.18
532,444724540,"00532M13:32:23.173","00532 13:45:29",239.19,846.61,,,,"     ",3.60,1457.98,1.16
532,444724541,"00532M13:32:24.146","00532 13:45:30",239.18,846.66,,,,"     ",3.60,1491.82,1.19
532,444724542,"00532M13:32:25.119","00532 13:45:31",239.17,846.64,,,,"     ",3.60,1500.36,1.20
532,444724543,"00532M13:32:26.093","00532 13:45:32",239.18,846.65,,,,"     ",3.60,1459.34,1.17
532,444724544,"00532M13:32:27.066","00532 13:45:33",239.20,846.61,,,,"     ",3.60,1457.56,1.16
532,444724545,"00532M13:32:28.039","00532 13:45:34",239.26,846.60,,,,"     ",3.60,1470.29,1.18
532,444724546,"00532M13:32:29.012","00532 13:45:35",239.35,846.57,,,,"     ",3.60,1472.06,1.18
532,444724547,"00532M13:32:29.986","00532 13:45:36",239.47,846.56,,,,"     ",3.60,1485.01,1.19
532,444724548,"00532M13:32:30.959","00532 13:45:37",239.63,846.56,,,,"     ",3.60,1463.96,1.17
532,444724549,"00532M13:32:31.932","00532 13:45:38",239.82,846.58,,,,"     ",3.60,1479.64,1.18
532,444724550,"00532M13:32:32.905","00532 13:45:39",240.03,846.59,,,,"     ",3.60,1488.07,1.19
532,444724551,"00532M13:32:33.879","00532 13:45:40",240.26,846.59,,,,"     ",3.60,1459.70,1.17
532,444724552,"00532M13:32:34.852","00532 13:45:41",240.50,846.62,,,,"     ",3.60,1468.85,1.17
532,444724553,"00532M13:32:35.825","00532 13:45:42",240.75,846.68,,,,"     ",3.60,1470.58,1.18
532,444724554,"00532M13:32:36.798","00532 13:45:43",241.00,846.54,,,,"     ",3.60,1485.16,1.19
532,444724555,"00532M13:32:37.772","00532 13:45:44",241.23,846.70,,,,"     ",3.60,1476.29,1.18
532,444724556,"00532M13:32:38.745","00532 13:45:45",241.43,846.67,,,,"     ",3.60,1474.52,1.18
532,444724557,"00532M13:32:39.718","00532 13:45:46",241.59,846.70,,,,"     ",3.60,1472.69,1.18
532,444724558,"00532M13:32:40.691","00532 13:45:47",241.70,846.76,,,,"     ",3.60,1474.31,1.18
532,444724559,"00532M13:32:41.665","00532 13:45:48",241.75,846.75,,,,"     ",3.60,1488.56,1.19
532,444724560,"00532M13:32:42.638","00532 13:45:49",241.76,846.72,,,,"     ",3.60,1466.34,1.17
532,444724561,"00532M13:32:43.611","00532 13:45:50",241.74,846.66,,,,"     ",3.60,1477.27,1.18
532,444724562,"00532M13:32:44.584","00532 13:45:51",241.70,846.70,,,,"     ",3.60,1485.02,1.19
532,444724563,"00532M13:32:45.558","00532 13:45:52",241.65,846.73,,,,"     ",3.60,1492.17,1.19
532,444724564,"00532M13:32:46.531","00532 13:45:53",241.60,846.67,,,,"     ",3.60,1478.37,1.18
532,444724565,"00532M13:32:47.504","00532 13:45:54",241.56,846.64,,,,"     ",3.60,1470.74,1.17
532,444724566,"00532M13:32:48.477","00532 13:45:55",241.52,846.66,,,,"     ",3.60,1499.04,1.20
532,444724567,"00532M13:32:49.451","00532 13:45:56",241.50,846.69,,,,"     ",3.60,1480.79,1.18
532,444724568,"00532M13:32:50.424","00532 13:45:57",241.49,846.66,,,,"     ",3.60,1457.46,1.16
532,444724569,"00532M13:32:51.397","00532 13:45:58",241.50,846.65,,,,"     ",3.60,1472.51,1.17
532,444724570,"00532M13:32:52.370","00532 13:45:59",241.52,846.63,,,,"     ",3.60,1480.12,1.18
532,444724571,"00532M13:32:53.344","00532 13:46:00",241.56,846.65,,,,"     ",3.60,1475.91,1.18
532,444724572,"00532M13:32:54.317","00532 13:46:01",241.61,846.63,,,,"     ",3.60,1471.73,1.17
532,444724573,"00532M13:32:55.290","00532 13:46:02",241.68,846.60,,,,"     ",3.60,1481.61,1.18
532,444724574,"00532M13:32:56.263","00532 13:46:02",241.75,846.67,,,,"     ",3.60,1475.18,1.17
532,444724575,"00532M13:32:57.237","00532 13:46:03",241.81,846.68,,,,"     ",3.60,1488.32,1.18
532,444724576,"00532M13:32:58.210","00532 13:46:04",241.87,846.70,,,,"     ",3.60,1478.43,1.18
532,444724577,"00532M13:32:59.183","00532 13:46:05",241.92,846.66,,,,"     ",3.60,1482.89,1.18
532,444724578,"00532M13:33:00.156","00532 13:46:06",241.94,846.63,,,,"     ",3.60,1471.61,1.17
532,444724579,"00532M13:33:01.130","00532 13:46:07",241.96,846.53,,,,"     ",3.60,1484.11,1.18
532,444724580,"00532M13:33:02.103","00532 13:46:08",241.97,846.57,,,,"     ",3.60,1491.04,1.18
532,444724581,"00532M13:33:03.076","00532 13:46:09",241.97,846.65,,,,"     ",3.60,1494.54,1.19
532,444724582,"00532M13:33:04.049","00532 13:46:10",241.95,846.60,,,,"     ",3.60,1487.53,1.18
532,444724583,"00532M13:33:05.023","00532 13:46:11",241.94,846.58,,,,"     ",3.60,1495.00,1.19
532,444724584,"00532M13:33:05.996","00532 13:46:12",241.91,846.67,,,,"     ",3.60,1493.88,1.19
532,444724585,"00532M13:33:06.969","00532 13:46:13",241.86,846.65,,,,"     ",3.60,1501.66,1.19
532,444724586,"00532M13:33:07.942","00532 13:46:14",241.81,846.56,,,,"     ",3.60,1498.19,1.19
532,444724587,"00532M13:33:08.916","00532 13:46:15",241.75,846.62,,,,"     ",3.60,1476.17,1.17
532,444724588,"00532M13:33:09.889","00532 13:46:16",241.69,846.53,,,,"     ",3.60,1504.78,1.19
532,444724589,"00532M13:33:10.862","00532 13:46:17",241.65,846.55,,,,"     ",3.60,1518.03,1.20
532,444724590,"00532M13:33:11.835","00532 13:46:18",241.64,846.51,,,,"     ",3.60,1494.09,1.18
532,444724591,"00532M13:33:12.809","00532 13:46:19",241.64,846.52,,,,"     ",3.60,1504.31,1.19
532,444724592,"00532M13:33:13.782","00532 13:46:20",241.68,846.52,,,,"     ",3.60,1503.25,1.19
532,444724593,"00532M13:33:14.755","00532 13:46:21",241.74,846.64,,,,"     ",3.60,1504.43,1.19
532,444724594,"00532M13:33:15.728","00532 13:46:22",241.83,846.62,,,,"     ",3.60,1492.31,1.18
532,444724595,"00532M13:33:16.702","00532 13:46:23",241.93,846.57,,,,"     ",3.60,1490.89,1.18
532,444724596,"00532M13:33:17.675","00532 13:46:24",242.05,846.52,,,,"     ",3.60,1483.64,1.17
532,444724597,"00532M13:33:18.648","00532 13:46:25",242.18,846.53,,,,"     ",3.60,1489.11,1.18
532,444724598,"00532M13:33:19.622","00532 13:46:26",242.33,846.63,,,,"     ",3.60,1477.29,1.17
532,444724599,"00532M13:33:20.595","00532 13:46:27",242.48,846.62,,,,"     ",3.60,1494.92,1.18
532,444724600,"00532M13:33:21.568","00532 13:46:28",242.63,846.58,,,,"     ",3.60,1486.02,1.18
532,444724601,"00532M13:33:22.541","00532 13:46:29",242.79,846.54,,,,"     ",3.60,1503.15,1.19
532,444724602,"00532M13:33:23.515","00532 13:46:30",242.93,846.60,,,,"     ",3.60,1493.36,1.18
532,444724603,"00532M13:33:24.488","00532 13:46:31",243.06,846.54,,,,"     ",3.60,1512.77,1.20
532,444724604,"00532M13:33:25.461","00532 13:46:32",243.18,846.54,,,,"     ",3.60,1500.56,1.19
532,444724605,"00532M13:33:26.434","00532 13:46:33",243.30,846.53,,,,"     ",3.60,1501.12,1.19
532,444724606,"00532M13:33:27.408","00532 13:46:34",243.37,846.59,,,,"     ",3.60,1515.79,1.20
532,444724607,"00532M13:33:28.381","00532 13:46:35",243.35,846.58,,,,"     ",3.60,1511.02,1.19
532,444724608,"00532M13:33:29.354","00532 13:46:36",243.31,846.61,,,,"     ",3.60,1490.98,1.18
532,444724609,"00532M13:33:30.327","00532 13:46:37",243.27,846.57,,,,"     ",3.60,1503.42,1.18
532,444724610,"00532M13:33:31.301","00532 13:46:38",243.20,846.61,,,,"     ",3.60,1497.94,1.18
532,444724611,"00532M13:33:32.274","00532 13:46:38",243.13,846.54,,,,"     ",3.60,1521.80,1.20
532,444724612,"00532M13:33:33.247","00532 13:46:39",243.05,846.48,,,,"     ",3.60,1520.74,1.20
532,444724613,"00532M13:33:34.220","00532 13:46:40",242.97,846.56,,,,"     ",3.60,1495.55,1.18
532,444724614,"00532M13:33:35.194","00532 13:46:41",242.90,846.53,,,,"     ",3.60,1510.47,1.19
532,444724615,"00532M13:33:36.167","00532 13:46:42",242.84,846.50,,,,"     ",3.60,1516.17,1.19
532,444724616,"00532M13:33:37.140","00532 13:46:43",242.79,846.41,,,,"     ",3.60,1506.59,1.18
532,444724617,"00532M13:33:38.113","00532 13:46:44",242.75,846.53,,,,"     ",3.60,1515.17,1.19
532,444724618,"00532M13:33:39.087","00532 13:46:45",242.72,846.41,,,,"     ",3.60,1509.98,1.18
532,444724619,"00532M13:33:40.060","00532 13:46:46",242.69,846.50,,,,"     ",3.60,1499.36,1.18
532,444724620,"00532M13:33:41.033","00532 13:46:47",242.68,846.46,,,,"     ",3.60,1501.10,1.18
532,444724621,"00532M13:33:42.006","00532 13:46:48",242.67,846.49,,,,"     ",3.60,1514.87,1.19
532,444724622,"00532M13:33:42.980","00532 13:46:49",242.66,846.51,,,,"     ",3.60,1514.52,1.19
532,444724623,"00532M13:33:43.953","00532 13:46:50",242.66,846.46,,,,"     ",3.60,1519.52,1.19
532,444724624,"00532M13:33:44.926","00532 13:46:51",242.66,846.66,,,,"     ",3.60,1523.85,1.19
532,444724625,"00532M13:33:45.899","00532 13:46:52",242.65,846.52,,,,"     ",3.60,1517.78,1.19
532,444724626,"00532M13:33:46.873","00532 13:46:53",242.64,846.55,,,,"     ",3.60,1498.17,1.17
532,444724627,"00532M13:33:47.846","00532 13:46:54",242.62,846.57,,,,"     ",3.60,1492.59,1.17
532,444724628,"00532M13:33:48.819","00532 13:46:55",242.61,846.50,,,,"     ",3.60,1533.27,1.20
532,444724629,"00532M13:33:49.792","00532 13:46:56",242.59,846.55,,,,"     ",3.60,1513.57,1.18
532,444724630,"00532M13:33:50.766","00532 13:46:57",242.58,846.46,,,,"     ",3.60,1508.74,1.18
532,444724631,"00532M13:33:51.739","00532 13:46:58",242.58,846.44,,,,"     ",3.60,1514.88,1.18
532,444724632,"00532M13:33:52.712","00532 13:46:59",242.58,846.51,,,,"     ",3.60,1514.95,1.18
532,444724633,"00532M13:33:53.685","00532 13:47:00",242.58,846.51,,,,"     ",3.60,1509.15,1.18
532,444724634,"00532M13:33:54.659","00532 13:47:01",242.58,846.46,,,,"     ",3.60,1488.20,1.16
532,444724635,"00532M13:33:55.632","00532 13:47:02",242.58,846.46,,,,"     ",3.60,1514.91,1.18
532,444724636,"00532M13:33:56.605","00532 13:47:03",242.57,846.52,,,,"     ",3.60,1512.59,1.18
532,444724637,"00532M13:33:57.578","00532 13:47:04",242.55,846.61,,,,"     ",3.60,1495.48,1.16
532,444724638,"00532M13:33:58.552","00532 13:47:05",242.54,846.42,,,,"     ",3.60,1512.25,1.18
532,444724639,"00532M13:33:59.525","00532 13:47:06",242.52,846.41,,,,"     ",3.60,1506.53,1.17
532,444724640,"00532M13:34:00.498","00532 13:47:07",242.50,846.44,,,,"     ",3.60,1520.40,1.18
532,444724641,"00532M13:34:01.471","00532 13:47:08",242.48,846.47,,,,"     ",3.60,1517.62,1.18
532,444724642,"00532M13:34:02.445","00532 13:47:09",242.46,846.50,,,,"     ",3.60,1493.08,1.16
532,444724643,"00532M13:34:03.418","00532 13:47:10",242.43,846.56,,,,"     ",3.60,1511.66,1.18
532,444724644,"00532M13:34:04.391","00532 13:47:11",242.42,846.55,,,,"     ",3.60,1497.70,1.16
532,444724645,"00532M13:34:05.364","00532 13:47:12",242.41,846.55,,,,"     ",3.60,1513.22,1.18
532,444724646,"00532M13:34:06.338","00532 13:47:13",242.43,846.54,,,,"     ",3.60,1481.77,1.15
532,444724647,"00532M13:34:07.311","00532 13:47:14",242.45,846.54,,,,"     ",3.60,1511.39,1.18
532,444724648,"00532M13:34:08.284","00532 13:47:15",242.49,846.49,,,,"     ",3.60,1501.30,1.17
532,444724649,"00532M13:34:09.257","00532 13:47:15",242.54,846.42,,,,"     ",3.60,1519.26,1.18
532,444724650,"00532M13:34:10.231","00532 13:47:16",242.59,846.42,,,,"     ",3.60,1492.22,1.16
532,444724651,"00532M13:34:11.204","00532 13:47:17",242.64,846.50,,,,"     ",3.60,1506.55,1.17
532,444724652,"00532M13:34:12.177","00532 13:47:18",242.68,846.46,,,,"     ",3.60,1503.54,1.17
532,444724653,"00532M13:34:13.150","00532 13:47:19",242.70,846.47,,,,"     ",3.60,1512.82,1.18
532,444724654,"00532M13:34:14.124","00532 13:47:20",242.72,846.44,,,,"     ",3.60,1524.26,1.19
532,444724655,"00532M13:34:15.097","00532 13:47:21",242.72,846.48,,,,"     ",3.60,1508.88,1.17
532,444724656,"00532M13:34:16.070","00532 13:47:22",242.71,846.49,,,,"     ",3.60,1505.64,1.17
532,444724657,"00532M13:34:17.043","00532 13:47:23",242.70,846.54,,,,"     ",3.60,1505.49,1.17
532,444724658,"00532M13:34:18.017","00532 13:47:24",242.69,846.46,,,,"     ",3.60,1531.60,1.19
532,444724659,"00532M13:34:18.990","00532 13:47:25",242.69,846.52,,,,"     ",3.60,1516.44,1.18
532,444724660,"00532M13:34:19.963","00532 13:47:26",242.70,846.54,,,,"     ",3.60,1523.37,1.18
532,444724661,"00532M13:34:20.936","00532 13:47:27",242.71,846.43,,,,"     ",3.60,1513.44,1.17
532,444724662,"00532M13:34:21.910","00532 13:47:28",242.74,846.47,,,,"     ",3.60,1536.29,1.19
532,444724663,"00532M13:34:22.883","00532 13:47:29",242.77,846.37,,,,"     ",3.60,1506.48,1.17
532,444724664,"00532M13:34:23.856","00532 13:47:30",242.81,846.50,,,,"     ",3.60,1512.60,1.17
532,444724665,"00532M13:34:24.829","00532 13:47:31",242.85,846.35,,,,"     ",3.60,1508.05,1.17
532,444724666,"00532M13:34:25.803","00532 13:47:32",242.88,846.45,,,,"     ",3.60,1527.75,1.18
532,444724667,"00532M13:34:26.776","00532 13:47:33",242.91,846.41,,,,"     ",3.60,1519.15,1.18
532,444724668,"00532M13:34:27.749","00532 13:47:34",242.93,846.32,,,,"     ",3.60,1505.71,1.17
532,444724669,"00532M13:34:28.723","00532 13:47:35",242.92,846.44,,,,"     ",3.60,1512.70,1.17
532,444724670,"00532M13:34:29.696","00532 13:47:36",242.89,846.32,,,,"     ",3.60,1503.30,1.16
532,444724671,"00532M13:34:30.669","00532 13:47:37",242.84,846.40,,,,"     ",3.60,1509.32,1.17
532,444724672,"00532M13:34:31.642","00532 13:47:38",242.76,846.43,,,,"     ",3.60,1525.96,1.18
532,444724673,"00532M13:34:32.616","00532 13:47:39",242.67,846.42,,,,"     ",3.60,1521.81,1.18
532,444724674,"00532M13:34:33.589","00532 13:47:40",242.57,846.43,,,,"     ",3.60,1509.38,1.17
532,444724675,"00532M13:34:34.562","00532 13:47:41",242.46,846.51,,,,"     ",3.60,1503.59,1.16
532,444724676,"00532M13:34:35.535","00532 13:47:42",242.36,846.53,,,,"     ",3.60,1515.26,1.17
532,444724677,"00532M13:34:36.509","00532 13:47:43",242.19,846.45,,,,"     ",3.60,1515.19,1.17
532,444724678,"00532M13:34:37.482","00532 13:47:44",242.03,846.47,,,,"     ",3.60,1519.60,1.17
532,444724679,"00532M13:34:38.455","00532 13:47:45",241.91,846.42,,,,"     ",3.60,1497.52,1.16
532,444724680,"00532M13:34:39.428","00532 13:47:46",241.80,846.46,,,,"     ",3.60,1518.57,1.17
532,444724681,"00532M13:34:40.402","00532 13:47:47",241.72,846.42,,,,"     ",3.60,1512.03,1.17
532,444724682,"00532M13:34:41.375","00532 13:47:48",241.65,846.43,,,,"     ",3.60,1498.38,1.16
532,444724683,"00532M13:34:42.348","00532 13:47:49",241.59,846.41,,,,"     ",3.60,1516.12,1.17
532,444724684,"00532M13:34:43.321","00532 13:47:50",241.53,846.43,,,,"     ",3.60,1514.78,1.17
532,444724685,"00532M13:34:44.295","00532 13:47:51",241.47,846.38,,,,"     ",3.60,1517.27,1.17
532,444724686,"00532M13:34:45.268","00532 13:47:51",241.40,846.44,,,,"     ",3.60,1537.60,1.19
532,444724687,"00532M13:34:46.241","00532 13:47:52",241.32,846.40,,,,"     ",3.60,1517.99,1.18
532,444724688,"00532M13:34:47.214","00532 13:47:53",241.24,846.50,,,,"     ",3.60,1512.55,1.17
532,444724689,"00532M13:34:48.188","00532 13:47:54",241.16,846.44,,,,"     ",3.60,1508.45,1.17
532,444724690,"00532M13:34:49.161","00532 13:47:55",241.08,846.42,,,,"     ",3.60,1513.32,1.17
532,444724691,"00532M13:34:50.134","00532 13:47:56",240.99,846.48,,,,"     ",3.60,1508.23,1.17
532,444724692,"00532M13:34:51.107","00532 13:47:57",240.90,846.40,,,,"     ",3.60,1511.07,1.17
532,444724693,"00532M13:34:52.081","00532 13:47:58",240.81,846.29,,,,"     ",3.60,1517.05,1.18
532,444724694,"00532M13:34:53.054","00532 13:47:59",240.73,846.33,,,,"     ",3.60,1512.25,1.17
532,444724695,"00532M13:34:54.027","00532 13:48:00",240.65,846.35,,,,"     ",3.60,1507.16,1.17
532,444724696,"00532M13:34:55.000","00532 13:48:01",240.59,846.40,,,,"     ",3.60,1537.01,1.19
532,444724697,"00532M13:34:55.974","00532 13:48:02",240.53,846.34,,,,"     ",3.60,1529.46,1.19
532,444724698,"00532M13:34:56.947","00532 13:48:03",240.48,846.43,,,,"     ",3.60,1500.43,1.16
532,444724699,"00532M13:34:57.920","00532 13:48:04",240.44,846.43,,,,"     ",3.60,1502.41,1.17
532,444724700,"00532M13:34:58.893","00532 13:48:05",240.40,846.41,,,,"     ",3.60,1500.71,1.16
532,444724701,"00532M13:34:59.867","00532 13:48:06",240.36,846.38,,,,"     ",3.60,1505.78,1.17
532,444724702,"00532M13:35:00.840","00532 13:48:07",240.31,846.36,,,,"     ",3.60,1513.51,1.18
532,444724703,"00532M13:35:01.813","00532 13:48:08",240.26,846.32,,,,"     ",3.60,1498.53,1.16
532,444724704,"00532M13:35:02.786","00532 13:48:09",240.21,846.37,,,,"     ",3.60,1504.57,1.17
532,444724705,"00532M13:35:03.760","00532 13:48:10",240.15,846.34,,,,"     ",3.60,1521.80,1.18
532,444724706,"00532M13:35:04.733","00532 13:48:11",240.09,846.42,,,,"     ",3.60,1489.06,1.16
532,444724707,"00532M13:35:05.706","00532 13:48:12",240.02,846.36,,,,"     ",3.60,1507.77,1.17
532,444724708,"00532M13:35:06.679","00532 13:48:13",239.95,846.37,,,,"     ",3.60,1498.98,1.17
532,444724709,"00532M13:35:07.653","00532 13:48:14",239.86,846.42,,,,"     ",3.60,1513.23,1.18
532,444724710,"00532M13:35:08.626","00532 13:48:15",239.76,846.41,,,,"     ",3.60,1490.04,1.16
532,444724711,"00532M13:35:09.599","00532 13:48:16",239.65,846.35,,,,"     ",3.60,1503.91,1.17
532,444724712,"00532M13:35:10.572","00532 13:48:17",239.53,846.47,,,,"     ",3.60,1513.12,1.18
532,444724713,"00532M13:35:11.546","00532 13:48:18",239.41,846.38,,,,"     ",3.60,1517.11,1.18
532,444724714,"00532M13:35:12.519","00532 13:48:19",239.29,846.44,,,,"     ",3.60,1499.44,1.17
532,444724715,"00532M13:35:13.492","00532 13:48:20",239.16,846.46,,,,"     ",3.60,1493.45,1.16
532,444724716,"00532M13:35:14.465","00532 13:48:21",239.05,846.41,,,,"     ",3.60,1487.12,1.16
532,444724717,"00532M13:35:15.439","00532 13:48:22",238.93,846.42,,,,"     ",3.60,1498.11,1.17
532,444724718,"00532M13:35:16.412","00532 13:48:23",238.81,846.36,,,,"     ",3.60,1486.24,1.16
532,444724719,"00532M13:35:17.385","00532 13:48:24",238.68,846.41,,,,"     ",3.60,1494.39,1.17
532,444724720,"00532M13:35:18.358","00532 13:48:25",238.56,846.42,,,,"     ",3.60,1487.40,1.16
532,444724721,"00532M13:35:19.332","00532 13:48:26",238.43,846.40,,,,"     ",3.60,1483.71,1.16
532,444724722,"00532M13:35:20.305","00532 13:48:27",238.30,846.39,,,,"     ",3.60,1495.81,1.17
532,444724723,"00532M13:35:21.278","00532 13:48:28",238.18,846.44,,,,"     ",3.60,1486.47,1.16
532,444724724,"00532M13:35:22.251","00532 13:48:28",238.07,846.32,,,,"     ",3.60,1497.28,1.17
532,444724725,"00532M13:35:23.225","00532 13:48:29",237.96,846.38,,,,"     ",3.60,1484.50,1.16
532,444724726,"00532M13:35:24.198","00532 13:48:30",237.86,846.31,,,,"     ",3.60,1499.20,1.17
532,444724727,"00532M13:35:25.171","00532 13:48:31",237.77,846.41,,,,"     ",3.60,1512.06,1.19
532,444724728,"00532M13:35:26.144","00532 13:48:32",237.68,846.44,,,,"     ",3.60,1477.23,1.16
532,444724729,"00532M13:35:27.118","00532 13:48:33",237.59,846.43,,,,"     ",3.60,1488.97,1.17
532,444724730,"00532M13:35:28.091","00532 13:48:34",237.50,846.44,,,,"     ",3.60,1490.88,1.17
532,444724731,"00532M13:35:29.064","00532 13:48:35",237.41,846.42,,,,"     ",3.60,1492.33,1.17
532,444724732,"00532M13:35:30.037","00532 13:48:36",237.33,846.42,,,,"     ",3.60,1502.83,1.18
532,444724733,"00532M13:35:31.011","00532 13:48:37",237.25,846.38,,,,"     ",3.60,1487.06,1.17
532,444724734,"00532M13:35:31.984","00532 13:48:38",237.17,846.31,,,,"     ",3.60,1496.47,1.18
532,444724735,"00532M13:35:32.957","00532 13:48:39",237.10,846.48,,,,"     ",3.60,1495.18,1.18
532,444724736,"00532M13:35:33.930","00532 13:48:40",237.03,846.41,,,,"     ",3.60,1492.72,1.18
532,444724737,"00532M13:35:34.904","00532 13:48:41",236.97,846.46,,,,"     ",3.60,1491.95,1.18
532,444724738,"00532M13:35:35.877","00532 13:48:42",236.91,846.34,,,,"     ",3.60,1511.35,1.19
532,444724739,"00532M13:35:36.850","00532 13:48:43",236.84,846.40,,,,"     ",3.60,1481.62,1.17
532,444724740,"00532M13:35:37.824","00532 13:48:44",236.79,846.40,,,5.40,"  101100",3.60,1480.76,1.17
532,444724741,"00532M13:35:38.797","00532 13:48:45",236.74,846.41,,,,"     ",3.60,1489.98,1.18
532,444724742,"00532M13:35:39.770","00532 13:48:46",236.69,846.31,,,,"     ",3.60,1472.69,1.17
532,444724743,"00532M13:35:40.743","00532 13:48:47",236.63,846.32,,,,"     ",3.60,1480.81,1.17
532,444724744,"00532M13:35:41.717","00532 13:48:48",236.57,846.34,,,,"     ",3.60,1472.36,1.17
532,444724745,"00532M13:35:42.690","00532 13:48:49",236.50,846.46,,,,"     ",3.60,1474.27,1.17
532,444724746,"00532M13:35:43.663","00532 13:48:50",236.43,846.38,,,,"     ",3.60,1476.21,1.17
532,444724747,"00532M13:35:44.636","00532 13:48:51",236.35,846.36,,,,"     ",3.60,1487.75,1.18
532,444724748,"00532M13:35:45.610","00532 13:48:52",236.27,846.34,,,,"     ",3.60,1469.27,1.17
532,444724749,"00532M13:35:46.583","00532 13:48:53",236.18,846.33,,,,"     ",3.60,1456.41,1.16
532,444724750,"00532M13:35:47.556","00532 13:48:54",236.09,846.33,,,,"     ",3.60,1468.11,1.17
532,444724751,"00532M13:35:48.529","00532 13:48:55",236.00,846.35,,,,"     ",3.60,1465.20,1.17
532,444724752,"00532M13:35:49.503","00532 13:48:56",235.90,846.37,,,,"     ",3.60,1450.15,1.16
532,444724753,"00532M13:35:50.476","00532 13:48:57",235.78,846.34,,,,"     ",3.60,1466.84,1.17
532,444724754,"00532M13:35:51.449","00532 13:48:58",235.67,846.31,,,,"     ",3.60,1483.51,1.19
532,444724755,"00532M13:35:52.422","00532 13:48:59",235.55,846.37,,,,"     ",3.60,1442.18,1.15
532,444724756,"00532M13:35:53.396","00532 13:49:00",235.42,846.36,,,,"     ",3.60,1450.40,1.16
532,444724757,"00532M13:35:54.369","00532 13:49:01",235.30,846.41,,,,"     ",3.60,1447.65,1.16
532,444724758,"00532M13:35:55.342","00532 13:49:02",235.20,846.42,,,,"     ",3.60,1459.93,1.17
532,444724759,"00532M13:35:56.315","00532 13:49:03",235.09,846.37,,,,"     ",3.60,1468.42,1.18
532,444724760,"00532M13:35:57.289","00532 13:49:04",235.01,846.40,,,,"     ",3.60,1478.26,1.19
532,444724761,"00532M13:35:58.262","00532 13:49:05",234.94,846.32,,,,"     ",3.60,1475.61,1.19
532,444724762,"00532M13:35:59.235","00532 13:49:05",234.89,846.33,,,,"     ",3.60,1455.47,1.17
532,444724763,"00532M13:36:00.208","00532 13:49:06",234.86,846.33,,,,"     ",3.60,1448.98,1.17
532,444724764,"00532M13:36:01.182","00532 13:49:07",234.85,846.45,,,,"     ",3.60,1467.27,1.18
532,444724765,"00532M13:36:02.155","00532 13:49:08",234.86,846.40,,,,"     ",3.60,1457.58,1.17
532,444724766,"00532M13:36:03.128","00532 13:49:09",234.89,846.37,,,,"     ",3.60,1441.58,1.16
532,444724767,"00532M13:36:04.101","00532 13:49:10",234.92,846.37,,,,"     ",3.60,1459.45,1.18
532,444724768,"00532M13:36:05.075","00532 13:49:11",234.96,846.25,,,,"     ",3.60,1468.76,1.19
532,444724769,"00532M13:36:06.048","00532 13:49:12",234.98,846.24,,,,"     ",3.60,1469.20,1.19
532,444724770,"00532M13:36:07.021","00532 13:49:13",235.00,846.30,,,,"     ",3.60,1454.21,1.18
532,444724771,"00532M13:36:07.994","00532 13:49:14",235.00,846.37,,,,"     ",3.60,1453.50,1.18
532,444724772,"00532M13:36:08.968","00532 13:49:15",234.99,846.30,,,,"     ",3.60,1451.44,1.17
532,444724773,"00532M13:36:09.941","00532 13:49:16",234.97,846.26,,,,"     ",3.60,1468.48,1.19
532,444724774,"00532M13:36:10.914","00532 13:49:17",234.95,846.33,,,,"     ",3.60,1458.16,1.18
532,444724775,"00532M13:36:11.887","00532 13:49:18",234.91,846.36,,,,"     ",3.60,1449.18,1.17
532,444724776,"00532M13:36:12.861","00532 13:49:19",234.88,846.33,,,,"     ",3.60,1464.00,1.19
532,444724777,"00532M13:36:13.834","00532 13:49:20",234.84,846.41,,,,"     ",3.60,1449.30,1.18
532,444724778,"00532M13:36:14.807","00532 13:49:21",234.79,846.27,,,,"     ",3.60,1474.81,1.20
532,444724779,"00532M13:36:15.780","00532 13:49:22",234.75,846.29,,,,"     ",3.60,1452.66,1.18
532,444724780,"00532M13:36:16.754","00532 13:49:23",234.71,846.38,,,,"     ",3.60,1449.87,1.18
532,444724781,"00532M13:36:17.727","00532 13:49:24",234.69,846.35,,,,"     ",3.60,1464.51,1.19
532,444724782,"00532M13:36:18.700","00532 13:49:25",234.68,846.36,,,,"     ",3.60,1450.26,1.18
532,444724783,"00532M13:36:19.673","00532 13:49:26",234.69,846.27,,,,"     ",3.60,1450.26,1.18
532,444724784,"00532M13:36:20.647","00532 13:49:27",234.72,846.29,,,,"     ",3.60,1452.50,1.18
532,444724785,"00532M13:36:21.620","00532 13:49:28",234.76,846.29,,,,"     ",3.60,1472.01,1.20
532,444724786,"00532M13:36:22.593","00532 13:49:29",234.79,846.24,,,,"     ",3.60,1445.98,1.18
532,444724787,"00532M13:36:23.566","00532 13:49:30",234.83,846.25,,,,"     ",3.60,1447.04,1.18
532,444724788,"00532M13:36:24.540","00532 13:49:31",234.87,846.31,,,,"     ",3.60,1456.41,1.19
532,444724789,"00532M13:36:25.513","00532 13:49:32",234.89,846.35,,,,"     ",3.60,1454.44,1.19
532,444724790,"00532M13:36:26.486","00532 13:49:33",234.91,846.25,,,,"     ",3.60,1443.77,1.18
532,444724791,"00532M13:36:27.459","00532 13:49:34",234.93,846.30,,,,"     ",3.60,1455.56,1.19
532,444724792,"00532M13:36:28.433","00532 13:49:35",234.94,846.38,,,,"     ",3.60,1442.40,1.18
532,444724793,"00532M13:36:29.406","00532 13:49:36",234.96,846.40,,,,"     ",3.60,1441.62,1.18
532,444724794,"00532M13:36:30.379","00532 13:49:37",234.97,846.28,,,,"     ",3.60,1440.03,1.17
532,444724795,"00532M13:36:31.352","00532 13:49:38",234.99,846.31,,,,"     ",3.60,1436.12,1.17
532,444724796,"00532M13:36:32.326","00532 13:49:39",235.03,846.38,,,,"     ",3.60,1455.32,1.19
532,444724797,"00532M13:36:33.299","00532 13:49:40",235.07,846.33,,,,"     ",3.60,1436.80,1.17
532,444724798,"00532M13:36:34.272","00532 13:49:41",235.13,846.36,,,,"     ",3.60,1444.95,1.18
532,444724799,"00532M13:36:35.245","00532 13:49:41",235.21,846.30,,,,"     ",3.60,1454.88,1.19
532,444724800,"00532M13:36:36.219","00532 13:49:42",235.31,846.34,,,,"     ",3.60,1448.97,1.18
532,444724801,"00532M13:36:37.192","00532 13:49:43",235.43,846.32,,,,"     ",3.60,1474.20,1.20
532,444724802,"00532M13:36:38.165","00532 13:49:44",235.55,846.30,,,,"     ",3.60,1455.23,1.19
532,444724803,"00532M13:36:39.138","00532 13:49:45",235.68,846.26,,,,"     ",3.60,1444.46,1.18
532,444724804,"00532M13:36:40.112","00532 13:49:46",235.81,846.33,,,,"     ",3.60,1448.04,1.18
532,444724805,"00532M13:36:41.085","00532 13:49:47",235.93,846.25,,,,"     ",3.60,1443.75,1.18
532,444724806,"00532M13:36:42.058","00532 13:49:48",236.04,846.22,,,,"     ",3.60,1441.83,1.18
532,444724807,"00532M13:36:43.031","00532 13:49:49",236.14,846.31,,,,"     ",3.60,1447.34,1.18
532,444724808,"00532M13:36:44.005","00532 13:49:50",236.22,846.21,,,,"     ",3.60,1443.41,1.18
532,444724809,"00532M13:36:44.978","00532 13:49:51",236.28,846.27,,,,"     ",3.60,1447.94,1.18
532,444724810,"00532M13:36:45.951","00532 13:49:52",236.33,846.33,,,,"     ",3.60,1451.40,1.18
532,444724811,"00532M13:36:46.925","00532 13:49:53",236.36,846.28,,,,"     ",3.60,1452.23,1.18
532,444724812,"00532M13:36:47.898","00532 13:49:54",236.38,846.37,,,,"     ",3.60,1445.68,1.18
532,444724813,"00532M13:36:48.871","00532 13:49:55",236.40,846.31,,,,"     ",3.60,1443.02,1.18
532,444724814,"00532M13:36:49.844","00532 13:49:56",236.44,846.27,,,,"     ",3.60,1457.50,1.19
532,444724815,"00532M13:36:50.818","00532 13:49:57",236.48,846.34,,,,"     ",3.60,1450.45,1.18
532,444724816,"00532M13:36:51.791","00532 13:49:58",236.53,846.34,,,,"     ",3.60,1447.01,1.18
532,444724817,"00532M13:36:52.764","00532 13:49:59",236.58,846.41,,,,"     ",3.60,1451.50,1.18
532,444724818,"00532M13:36:53.737","00532 13:50:00",236.62,846.37,,,,"     ",3.60,1431.89,1.17
532,444724819,"00532M13:36:54.711","00532 13:50:01",236.65,846.40,,,,"     ",3.60,1453.82,1.18
532,444724820,"00532M13:36:55.684","00532 13:50:02",236.68,846.42,,,,"     ",3.60,1422.41,1.16
532,444724821,"00532M13:36:56.657","00532 13:50:03",236.69,846.35,,,,"     ",3.60,1447.36,1.18
532,444724822,"00532M13:36:57.630","00532 13:50:04",236.71,846.36,,,,"     ",3.60,1456.35,1.18
532,444724823,"00532M13:36:58.604","00532 13:50:05",236.72,846.43,,,,"     ",3.60,1441.15,1.17
532,444724824,"00532M13:36:59.577","00532 13:50:06",236.74,846.46,,,,"     ",3.60,1461.85,1.19
532,444724825,"00532M13:37:00.550","00532 13:50:07",236.74,846.46,,,,"     ",3.60,1447.17,1.18
532,444724826,"00532M13:37:01.523","00532 13:50:08",236.75,846.36,,,,"     ",3.60,1436.91,1.17
532,444724827,"00532M13:37:02.497","00532 13:50:09",236.74,846.39,,,,"     ",3.60,1455.96,1.18
532,444724828,"00532M13:37:03.470","00532 13:50:10",236.72,846.35,,,,"     ",3.60,1444.65,1.17
532,444724829,"00532M13:37:04.443","00532 13:50:11",236.70,846.37,,,,"     ",3.60,1469.71,1.19
532,444724830,"00532M13:37:05.416","00532 13:50:12",236.69,846.35,,,,"     ",3.60,1458.78,1.18
532,444724831,"00532M13:37:06.390","00532 13:50:13",236.69,846.41,,,,"     ",3.60,1451.61,1.18
532,444724832,"00532M13:37:07.363","00532 13:50:14",236.72,846.35,,,,"     ",3.60,1449.29,1.17
532,444724833,"00532M13:37:08.336","00532 13:50:15",236.77,846.32,,,,"     ",3.60,1427.79,1.16
532,444724834,"00532M13:37:09.309","00532 13:50:16",236.84,846.23,,,,"     ",3.60,1472.01,1.19
532,444724835,"00532M13:37:10.283","00532 13:50:17",236.94,846.26,,,,"     ",3.60,1450.92,1.18
532,444724836,"00532M13:37:11.256","00532 13:50:18",237.05,846.27,,,,"     ",3.60,1451.22,1.18
532,444724837,"00532M13:37:12.229","00532 13:50:18",237.17,846.27,,,,"     ",3.60,1445.94,1.17
532,444724838,"00532M13:37:13.202","00532 13:50:19",237.31,846.32,,,,"     ",3.60,1466.58,1.19
532,444724839,"00532M13:37:14.176","00532 13:50:20",237.45,846.35,,,,"     ",3.60,1451.84,1.18
532,444724840,"00532M13:37:15.149","00532 13:50:21",237.59,846.37,,,,"     ",3.60,1451.37,1.18
532,444724841,"00532M13:37:16.122","00532 13:50:22",237.74,846.34,,,,"     ",3.60,1459.26,1.18
532,444724842,"00532M13:37:17.095","00532 13:50:23",237.87,846.33,,,,"     ",3.60,1448.92,1.17
532,444724843,"00532M13:37:18.069","00532 13:50:24",237.97,846.38,,,,"     ",3.60,1456.97,1.18
532,444724844,"00532M13:37:19.042","00532 13:50:25",238.07,846.37,,,,"     ",3.60,1461.28,1.18
532,444724845,"00532M13:37:20.015","00532 13:50:26",238.13,846.39,,,,"     ",3.60,1463.00,1.18
532,444724846,"00532M13:37:20.988","00532 13:50:27",238.18,846.46,,,,"     ",3.60,1450.16,1.17
532,444724847,"00532M13:37:21.962","00532 13:50:28",238.22,846.46,,,,"     ",3.60,1456.30,1.18
532,444724848,"00532M13:37:22.935","00532 13:50:29",238.25,846.42,,,,"     ",3.60,1452.66,1.17
532,444724849,"00532M13:37:23.908","00532 13:50:30",238.29,846.39,,,,"     ",3.60,1450.27,1.17
532,444724850,"00532M13:37:24.881","00532 13:50:31",238.34,846.29,,,,"     ",3.60,1458.83,1.18
532,444724851,"00532M13:37:25.855","00532 13:50:32",238.40,846.26,,,,"     ",3.60,1455.59,1.17
532,444724852,"00532M13:37:26.828","00532 13:50:33",238.49,846.35,,,,"     ",3.60,1460.75,1.18
532,444724853,"00532M13:37:27.801","00532 13:50:34",238.59,846.34,,,,"     ",3.60,1467.25,1.18
532,444724854,"00532M13:37:28.774","00532 13:50:35",238.71,846.34,,,,"     ",3.60,1458.76,1.17
532,444724855,"00532M13:37:29.748","00532 13:50:36",238.83,846.30,,,,"     ",3.60,1486.46,1.20
532,444724856,"00532M13:37:30.721","00532 13:50:37",238.95,846.29,,,,"     ",3.60,1462.68,1.18
532,444724857,"00532M13:37:31.694","00532 13:50:38",239.07,846.31,,,,"     ",3.60,1452.32,1.17
532,444724858,"00532M13:37:32.667","00532 13:50:39",239.18,846.20,,,,"     ",3.60,1459.43,1.17
532,444724859,"00532M13:37:33.641","00532 13:50:40",239.29,846.21,,,,"     ",3.60,1472.53,1.18
532,444724860,"00532M13:37:34.614","00532 13:50:41",239.39,846.30,,,,"     ",3.60,1460.24,1.17
532,444724861,"00532M13:37:35.587","00532 13:50:42",239.48,846.31,,,,"     ",3.60,1466.03,1.18
532,444724862,"00532M13:37:36.560","00532 13:50:43",239.57,846.25,,,,"     ",3.60,1450.96,1.16
532,444724863,"00532M13:37:37.534","00532 13:50:44",239.65,846.16,,,,"     ",3.60,1472.09,1.18
532,444724864,"00532M13:37:38.507","00532 13:50:45",239.73,846.25,,,,"     ",3.60,1454.33,1.16
532,444724865,"00532M13:37:39.480","00532 13:50:46",239.79,846.27,,,,"     ",3.60,1478.53,1.18
532,444724866,"00532M13:37:40.453","00532 13:50:47",239.85,846.25,,,,"     ",3.60,1466.19,1.17
532,444724867,"00532M13:37:41.427","00532 13:50:48",239.90,846.29,,,,"     ",3.60,1468.24,1.17
532,444724868,"00532M13:37:42.400","00532 13:50:49",239.95,846.35,,,,"     ",3.60,1474.13,1.18
532,444724869,"00532M13:37:43.373","00532 13:50:50",240.00,846.25,,,,"     ",3.60,1457.21,1.16
532,444724870,"00532M13:37:44.346","00532 13:50:51",240.07,846.30,,,,"     ",3.60,1467.75,1.17
532,444724871,"00532M13:37:45.320","00532 13:50:52",240.13,846.26,,,,"     ",3.60,1488.26,1.19
532,444724872,"00532M13:37:46.293","00532 13:50:53",240.21,846.32,,,,"     ",3.60,1465.48,1.17
532,444724873,"00532M13:37:47.266","00532 13:50:54",240.29,846.34,,,,"     ",3.60,1465.73,1.17
532,444724874,"00532M13:37:48.239","00532 13:50:54",240.38,846.30,,,,"     ",3.60,1489.80,1.19
532,444724875,"00532M13:37:49.213","00532 13:50:55",240.48,846.28,,,,"     ",3.60,1457.58,1.16
532,444724876,"00532M13:37:50.186","00532 13:50:56",240.58,846.27,,,,"     ",3.60,1480.11,1.18
532,444724877,"00532M13:37:51.159","00532 13:50:57",240.70,846.20,,,,"     ",3.60,1482.07,1.18
532,444724878,"00532M13:37:52.132","00532 13:50:58",240.82,846.28,,,,"     ",3.60,1469.33,1.17
532,444724879,"00532M13:37:53.106","00532 13:50:59",240.96,846.32,,,,"     ",3.60,1487.50,1.18
532,444724880,"00532M13:37:54.079","00532 13:51:00",241.11,846.22,,,,"     ",3.60,1475.90,1.17
532,444724881,"00532M13:37:55.052","00532 13:51:01",241.18,846.35,,,,"     ",3.60,1467.76,1.16
532,444724882,"00532M13:37:56.026","00532 13:51:02",241.19,846.29,,,,"     ",3.60,1462.98,1.16
532,444724883,"00532M13:37:56.999","00532 13:51:03",241.21,846.27,,,,"     ",3.60,1480.60,1.17
532,444724884,"00532M13:37:57.972","00532 13:51:04",241.24,846.27,,,,"     ",3.60,1474.80,1.17
532,444724885,"00532M13:37:58.945","00532 13:51:05",241.26,846.22,,,,"     ",3.60,1485.89,1.18
532,444724886,"00532M13:37:59.919","00532 13:51:06",241.29,846.27,,,,"     ",3.60,1482.91,1.17
532,444724887,"00532M13:38:00.892","00532 13:51:07",241.31,846.22,,,,"     ",3.60,1479.20,1.17
532,444724888,"00532M13:38:01.865","00532 13:51:08",241.34,846.22,,,,"     ",3.60,1483.66,1.17
532,444724889,"00532M13:38:02.838","00532 13:51:09",241.36,846.27,,,,"     ",3.60,1464.96,1.16
532,444724890,"00532M13:38:03.812","00532 13:51:10",241.38,846.20,,,,"     ",3.60,1476.27,1.16
532,444724891,"00532M13:38:04.785","00532 13:51:11",241.39,846.28,,,,"     ",3.60,1478.97,1.17
532,444724892,"00532M13:38:05.758","00532 13:51:12",241.40,846.16,,,,"     ",3.60,1489.41,1.17
532,444724893,"00532M13:38:06.731","00532 13:51:13",241.39,846.30,,,,"     ",3.60,1512.57,1.19
532,444724894,"00532M13:38:07.705","00532 13:51:14",241.38,846.21,,,,"     ",3.60,1473.51,1.16
532,444724895,"00532M13:38:08.678","00532 13:51:15",241.36,846.22,,,,"     ",3.60,1476.09,1.16
532,444724896,"00532M13:38:09.651","00532 13:51:16",241.34,846.23,,,,"     ",3.60,1491.60,1.17
532,444724897,"00532M13:38:10.624","00532 13:51:17",241.32,846.26,,,,"     ",3.60,1493.20,1.17
532,444724898,"00532M13:38:11.598","00532 13:51:18",241.29,846.21,,,,"     ",3.60,1494.57,1.17
532,444724899,"00532M13:38:12.571","00532 13:51:19",241.27,846.25,,,,"     ",3.60,1500.94,1.18
532,444724900,"00532M13:38:13.544","00532 13:51:20",241.24,846.21,,,,"     ",3.60,1507.87,1.18
532,444724901,"00532M13:38:14.517","00532 13:51:21",241.21,846.22,,,,"     ",3.60,1515.14,1.19
532,444724902,"00532M13:38:15.491","00532 13:51:22",241.18,846.13,,,,"     ",3.60,1478.20,1.15
532,444724903,"00532M13:38:16.464","00532 13:51:23",241.14,846.26,,,,"     ",3.60,1503.68,1.18
532,444724904,"00532M13:38:17.437","00532 13:51:24",241.11,846.31,,,,"     ",3.60,1502.63,1.17
532,444724905,"00532M13:38:18.410","00532 13:51:25",241.07,846.27,,,,"     ",3.60,1489.62,1.16
532,444724906,"00532M13:38:19.384","00532 13:51:26",241.03,846.25,,,,"     ",3.60,1496.44,1.17
532,444724907,"00532M13:38:20.357","00532 13:51:27",241.00,846.27,,,,"     ",3.60,1499.36,1.17
532,444724908,"00532M13:38:21.330","00532 13:51:28",240.96,846.31,,,,"     ",3.60,1496.66,1.17
532,444724909,"00532M13:38:22.303","00532 13:51:29",240.91,846.25,,,,"     ",3.60,1494.39,1.16
532,444724910,"00532M13:38:23.277","00532 13:51:30",240.86,846.26,,,,"     ",3.60,1499.33,1.16
532,444724911,"00532M13:38:24.250","00532 13:51:31",240.80,846.22,,,,"     ",3.60,1495.20,1.16
532,444724912,"00532M13:38:25.223","00532 13:51:31",240.74,846.21,,,,"     ",3.60,1499.52,1.16
532,444724913,"00532M13:38:26.196","00532 13:51:32",240.69,846.20,,,,"     ",3.60,1506.85,1.17
532,444724914,"00532M13:38:27.170","00532 13:51:33",240.64,846.22,,,,"     ",3.60,1495.42,1.16
532,444724915,"00532M13:38:28.143","00532 13:51:34",240.59,846.17,,,,"     ",3.60,1505.07,1.17
532,444724916,"00532M13:38:29.116","00532 13:51:35",240.55,846.24,,,,"     ",3.60,1525.84,1.18
532,444724917,"00532M13:38:30.089","00532 13:51:36",240.51,846.14,,,,"     ",3.60,1506.36,1.17
532,444724918,"00532M13:38:31.063","00532 13:51:37",240.48,846.23,,,,"     ",3.60,1497.64,1.16
532,444724919,"00532M13:38:32.036","00532 13:51:38",240.46,846.10,,,,"     ",3.60,1510.98,1.17
532,444724920,"00532M13:38:33.009","00532 13:51:39",240.45,846.14,,,,"     ",3.60,1522.69,1.18
532,444724921,"00532M13:38:33.982","00532 13:51:40",240.44,846.19,,,,"     ",3.60,1513.59,1.17
532,444724922,"00532M13:38:34.956","00532 13:51:41",240.43,846.06,,,,"     ",3.60,1533.11,1.18
532,444724923,"00532M13:38:35.929","00532 13:51:42",240.43,846.12,,,,"     ",3.60,1508.35,1.16
532,444724924,"00532M13:38:36.902","00532 13:51:43",240.42,846.15,,,,"     ",3.60,1525.60,1.18
532,444724925,"00532M13:38:37.875","00532 13:51:44",240.42,846.13,,,,"     ",3.60,1504.70,1.16
532,444724926,"00532M13:38:38.849","00532 13:51:45",240.41,846.05,,,,"     ",3.60,1532.45,1.18
532,444724927,"00532M13:38:39.822","00532 13:51:46",240.40,846.15,,,,"     ",3.60,1501.35,1.15
532,444724928,"00532M13:38:40.795","00532 13:51:47",240.39,846.20,,,,"     ",3.60,1505.06,1.16
532,444724929,"00532M13:38:41.768","00532 13:51:48",240.37,846.24,,,,"     ",3.60,1513.46,1.16
532,444724930,"00532M13:38:42.742","00532 13:51:49",240.34,846.19,,,,"     ",3.60,1511.66,1.16
532,444724931,"00532M13:38:43.715","00532 13:51:50",240.30,846.17,,,,"     ",3.60,1523.79,1.17
532,444724932,"00532M13:38:44.688","00532 13:51:51",240.26,846.23,,,,"     ",3.60,1526.50,1.17
532,444724933,"00532M13:38:45.661","00532 13:51:52",240.22,846.15,,,,"     ",3.60,1523.42,1.17
532,444724934,"00532M13:38:46.635","00532 13:51:53",240.18,846.16,,,,"     ",3.60,1513.89,1.16
532,444724935,"00532M13:38:47.608","00532 13:51:54",240.14,846.24,,,,"     ",3.60,1520.52,1.16
532,444724936,"00532M13:38:48.581","00532 13:51:55",240.11,846.11,,,,"     ",3.60,1516.42,1.16
532,444724937,"00532M13:38:49.554","00532 13:51:56",240.09,846.16,,,,"     ",3.60,1523.23,1.16
532,444724938,"00532M13:38:50.528","00532 13:51:57",240.07,846.20,,,,"     ",3.60,1540.73,1.18
532,444724939,"00532M13:38:51.501","00532 13:51:58",240.04,846.16,,,,"     ",3.60,1524.11,1.16
532,444724940,"00532M13:38:52.474","00532 13:51:59",240.00,846.23,,,,"     ",3.60,1508.01,1.15
532,444724941,"00532M13:38:53.447","00532 13:52:00",239.96,846.14,,,,"     ",3.60,1532.10,1.17
532,444724942,"00532M13:38:54.421","00532 13:52:01",239.91,846.19,,,,"     ",3.60,1542.73,1.17
532,444724943,"00532M13:38:55.394","00532 13:52:02",239.86,846.19,,,,"     ",3.60,1534.27,1.17
532,444724944,"00532M13:38:56.367","00532 13:52:03",239.80,846.10,,,,"     ",3.60,1551.99,1.18
532,444724945,"00532M13:38:57.340","00532 13:52:04",239.74,846.16,,,,"     ",3.60,1538.11,1.17
532,444724946,"00532M13:38:58.314","00532 13:52:05",239.68,846.20,,,,"     ",3.60,1532.95,1.16
532,444724947,"00532M13:38:59.287","00532 13:52:06",239.63,846.19,,,,"     ",3.60,1525.64,1.16
532,444724948,"00532M13:39:00.260","00532 13:52:07",239.58,846.17,,,,"     ",3.60,1544.82,1.17
532,444724949,"00532M13:39:01.233","00532 13:52:07",239.54,846.15,,,,"     ",3.60,1521.55,1.15
532,444724950,"00532M13:39:02.207","00532 13:52:08",239.51,846.24,,,,"     ",3.60,1537.10,1.16
532,444724951,"00532M13:39:03.180","00532 13:52:09",239.49,846.07,,,,"     ",3.60,1521.39,1.15
532,444724952,"00532M13:39:04.153","00532 13:52:10",239.48,846.13,,,,"     ",3.60,1534.07,1.16
532,444724953,"00532M13:39:05.126","00532 13:52:11",239.48,846.19,,,,"     ",3.60,1513.81,1.14
532,444724954,"00532M13:39:06.100","00532 13:52:12",239.50,846.06,,,,"     ",3.60,1535.69,1.16
532,444724955,"00532M13:39:07.073","00532 13:52:13",239.52,846.07,,,,"     ",3.60,1541.31,1.16
532,444724956,"00532M13:39:08.046","00532 13:52:14",239.55,846.09,,,,"     ",3.60,1540.71,1.16
532,444724957,"00532M13:39:09.020","00532 13:52:15",239.59,846.09,,,,"     ",3.60,1540.38,1.16
532,444724958,"00532M13:39:09.993","00532 13:52:16",239.63,846.11,,,,"     ",3.60,1565.03,1.18
532,444724959,"00532M13:39:10.966","00532 13:52:17",239.66,846.07,,,,"     ",3.60,1529.89,1.15
532,444724960,"00532M13:39:11.939","00532 13:52:18",239.69,846.19,,,,"     ",3.60,1563.47,1.18
532,444724961,"00532M13:39:12.913","00532 13:52:19",239.71,846.17,,,,"     ",3.60,1547.96,1.16
532,444724962,"00532M13:39:13.886","00532 13:52:20",239.71,846.13,,,,"     ",3.60,1537.79,1.16
532,444724963,"00532M13:39:14.859","00532 13:52:21",239.71,846.20,,,,"     ",3.60,1574.55,1.18
532,444724964,"00532M13:39:15.832","00532 13:52:22",239.71,846.13,,,,"     ",3.60,1539.49,1.16
532,444724965,"00532M13:39:16.806","00532 13:52:23",239.71,846.17,,,,"     ",3.60,1547.35,1.16
532,444724966,"00532M13:39:17.779","00532 13:52:24",239.72,846.16,,,,"     ",3.60,1553.38,1.16
532,444724967,"00532M13:39:18.752","00532 13:52:25",239.74,846.19,,,,"     ",3.60,1538.19,1.15
532,444724968,"00532M13:39:19.725","00532 13:52:26",239.76,846.16,,,,"     ",3.60,1531.74,1.15
532,444724969,"00532M13:39:20.699","00532 13:52:27",239.80,846.25,,,,"     ",3.60,1572.95,1.18
532,444724970,"00532M13:39:21.672","00532 13:52:28",239.86,846.15,,,,"     ",3.60,1537.17,1.15
532,444724971,"00532M13:39:22.645","00532 13:52:29",239.95,846.11,,,,"     ",3.60,1561.83,1.17
532,444724972,"00532M13:39:23.618","00532 13:52:30",240.06,846.08,,,,"     ",3.60,1577.08,1.18
532,444724973,"00532M13:39:24.592","00532 13:52:31",240.19,846.05,,,,"     ",3.60,1583.28,1.18
532,444724974,"00532M13:39:25.565","00532 13:52:32",240.35,846.02,,,,"     ",3.60,1565.36,1.17
532,444724975,"00532M13:39:26.538","00532 13:52:33",240.51,846.14,,,,"     ",3.60,1569.27,1.17
532,444724976,"00532M13:39:27.511","00532 13:52:34",240.69,846.05,,,,"     ",3.60,1558.31,1.16
532,444724977,"00532M13:39:28.485","00532 13:52:35",240.86,846.09,,,,"     ",3.60,1546.89,1.15
532,444724978,"00532M13:39:29.458","00532 13:52:36",241.02,846.05,,,,"     ",3.60,1553.82,1.16
532,444724979,"00532M13:39:30.431","00532 13:52:37",241.18,846.05,,,,"     ",3.60,1566.65,1.16
532,444724980,"00532M13:39:31.404","00532 13:52:38",241.31,846.04,,,,"     ",3.60,1555.11,1.16
532,444724981,"00532M13:39:32.378","00532 13:52:39",241.43,846.07,,,,"     ",3.60,1576.60,1.17
532,444724982,"00532M13:39:33.351","00532 13:52:40",241.53,846.02,,,,"     ",3.60,1544.66,1.15
532,444724983,"00532M13:39:34.324","00532 13:52:41",241.61,846.03,,,,"     ",3.60,1578.03,1.17
532,444724984,"00532M13:39:35.297","00532 13:52:42",241.68,846.04,,,,"     ",3.60,1558.72,1.15
532,444724985,"00532M13:39:36.271","00532 13:52:43",241.72,846.05,,,,"     ",3.60,1557.33,1.15
532,444724986,"00532M13:39:37.244","00532 13:52:44",241.74,846.08,,,,"     ",3.60,1580.11,1.17
532,444724987,"00532M13:39:38.217","00532 13:52:44",241.74,845.99,,,,"     ",3.60,1555.47,1.15
532,444724988,"00532M13:39:39.190","00532 13:52:45",241.72,845.99,,,,"     ",3.60,1564.37,1.16
532,444724989,"00532M13:39:40.164","00532 13:52:46",241.69,846.10,,,,"     ",3.60,1566.22,1.16
532,444724990,"00532M13:39:41.137","00532 13:52:47",241.62,846.10,,,,"     ",3.60,1560.92,1.15
532,444724991,"00532M13:39:42.110","00532 13:52:48",241.55,846.18,,,,"     ",3.60,1576.62,1.16
532,444724992,"00532M13:39:43.083","00532 13:52:49",241.45,846.17,,,,"     ",3.60,1556.43,1.15
532,444724993,"00532M13:39:44.057","00532 13:52:50",241.33,846.14,,,,"     ",3.60,1566.06,1.15
532,444724994,"00532M13:39:45.030","00532 13:52:51",241.19,846.03,,,,"     ",3.60,1571.05,1.16
532,444724995,"00532M13:39:46.003","00532 13:52:52",241.06,846.09,,,,"     ",3.60,1582.98,1.17
532,444724996,"00532M13:39:46.976","00532 13:52:53",240.93,846.14,,,,"     ",3.60,1585.32,1.17
532,444724997,"00532M13:39:47.950","00532 13:52:54",240.80,846.06,,,,"     ",3.60,1544.72,1.14
532,444724998,"00532M13:39:48.923","00532 13:52:55",240.71,846.12,,,,"     ",3.60,1577.53,1.16
532,444724999,"00532M13:39:49.896","00532 13:52:56",240.65,846.12,,,,"     ",3.60,1560.44,1.15
532,444725000,"00532M13:39:50.869","00532 13:52:57",240.62,846.09,,,,"     ",3.60,1553.04,1.14
532,444725001,"00532M13:39:51.843","00532 13:52:58",240.62,846.12,,,,"     ",3.60,1563.75,1.15
532,444725002,"00532M13:39:52.816","00532 13:52:59",240.67,846.08,,,,"     ",3.60,1551.30,1.14
532,444725003,"00532M13:39:53.789","00532 13:53:00",240.76,846.05,,,,"     ",3.60,1554.80,1.14
532,444725004,"00532M13:39:54.762","00532 13:53:01",240.88,846.05,,,,"     ",3.60,1589.74,1.17
532,444725005,"00532M13:39:55.736","00532 13:53:02",241.03,845.99,,,,"     ",3.60,1601.50,1.17
532,444725006,"00532M13:39:56.709","00532 13:53:03",241.21,845.99,,,,"     ",3.60,1580.08,1.16
532,444725007,"00532M13:39:57.682","00532 13:53:04",241.40,846.09,,,,"     ",3.60,1572.17,1.15
532,444725008,"00532M13:39:58.655","00532 13:53:05",241.61,846.08,,,,"     ",3.60,1581.67,1.16
532,444725009,"00532M13:39:59.629","00532 13:53:06",241.81,846.15,,,,"     ",3.60,1594.35,1.17
532,444725010,"00532M13:40:00.602","00532 13:53:07",242.01,846.08,,,,"     ",3.60,1558.43,1.14
532,444725011,"00532M13:40:01.575","00532 13:53:08",242.20,846.08,,,,"     ",3.60,1570.98,1.15
532,444725012,"00532M13:40:02.548","00532 13:53:09",242.38,846.11,,,,"     ",3.60,1574.40,1.15
532,444725013,"00532M13:40:03.522","00532 13:53:10",242.55,846.07,,,,"     ",3.60,1588.71,1.16
532,444725014,"00532M13:40:04.495","00532 13:53:11",242.71,846.04,,,,"     ",3.60,1570.68,1.15
532,444725015,"00532M13:40:05.468","00532 13:53:12",242.84,845.99,,,,"     ",3.60,1601.52,1.17
532,444725016,"00532M13:40:06.441","00532 13:53:13",242.96,846.13,,,,"     ",3.60,1557.55,1.13
532,444725017,"00532M13:40:07.415","00532 13:53:14",243.05,846.11,,,,"     ",3.60,1588.13,1.16
532,444725018,"00532M13:40:08.388","00532 13:53:15",243.12,846.11,,,,"     ",3.60,1569.37,1.14
532,444725019,"00532M13:40:09.361","00532 13:53:16",243.15,846.05,,,,"     ",3.60,1595.40,1.16
532,444725020,"00532M13:40:10.334","00532 13:53:17",243.16,846.05,,,,"     ",3.60,1585.52,1.15
532,444725021,"00532M13:40:11.308","00532 13:53:18",243.14,846.02,,,,"     ",3.60,1606.98,1.17
532,444725022,"00532M13:40:12.281","00532 13:53:19",243.10,846.00,,,,"     ",3.60,1582.50,1.15
532,444725023,"00532M13:40:13.254","00532 13:53:20",243.04,846.10,,,,"     ",3.60,1578.29,1.15
532,444725024,"00532M13:40:14.227","00532 13:53:20",242.95,846.08,,,,"     ",3.60,1581.21,1.15
532,444725025,"00532M13:40:15.201","00532 13:53:21",242.85,846.14,,,,"     ",3.60,1590.58,1.15
532,444725026,"00532M13:40:16.174","00532 13:53:22",242.74,846.09,,,,"     ",3.60,1589.93,1.15
532,444725027,"00532M13:40:17.147","00532 13:53:23",242.61,846.09,,,,"     ",3.60,1569.87,1.14
532,444725028,"00532M13:40:18.121","00532 13:53:24",242.48,846.09,,,,"     ",3.60,1599.61,1.16
532,444725029,"00532M13:40:19.094","00532 13:53:25",242.36,846.02,,,,"     ",3.60,1599.60,1.16
532,444725030,"00532M13:40:20.067","00532 13:53:26",242.25,846.12,,,,"     ",3.60,1599.76,1.16
532,444725031,"00532M13:40:21.040","00532 13:53:27",242.14,846.02,,,,"     ",3.60,1592.96,1.15
532,444725032,"00532M13:40:22.014","00532 13:53:28",242.04,846.06,,,,"     ",3.60,1599.60,1.16
532,444725033,"00532M13:40:22.987","00532 13:53:29",241.95,846.11,,,,"     ",3.60,1590.03,1.15
532,444725034,"00532M13:40:23.960","00532 13:53:30",241.85,846.03,,,,"     ",3.60,1624.24,1.17
532,444725035,"00532M13:40:24.933","00532 13:53:31",241.78,846.04,,,,"     ",3.60,1588.24,1.15
532,444725036,"00532M13:40:25.907","00532 13:53:32",241.71,845.96,,,,"     ",3.60,1600.29,1.15
532,444725037,"00532M13:40:26.880","00532 13:53:33",241.65,846.02,,,,"     ",3.60,1597.63,1.15
532,444725038,"00532M13:40:27.853","00532 13:53:34",241.60,845.96,,,,"     ",3.60,1601.02,1.15
532,444725039,"00532M13:40:28.826","00532 13:53:35",241.55,846.01,,,,"     ",3.60,1597.43,1.15
532,444725040,"00532M13:40:29.800","00532 13:53:36",241.52,846.01,,,,"     ",3.60,1597.82,1.15
532,444725041,"00532M13:40:30.773","00532 13:53:37",241.49,846.04,,,,"     ",3.60,1611.06,1.16
532,444725042,"00532M13:40:31.746","00532 13:53:38",241.47,846.02,,,,"     ",3.60,1572.79,1.13
532,444725043,"00532M13:40:32.719","00532 13:53:39",241.46,845.99,,,,"     ",3.60,1611.50,1.16
532,444725044,"00532M13:40:33.693","00532 13:53:40",241.45,845.99,,,,"     ",3.60,1587.14,1.14
532,444725045,"00532M13:40:34.666","00532 13:53:41",241.46,846.03,,,,"     ",3.60,1571.60,1.13
532,444725046,"00532M13:40:35.639","00532 13:53:42",241.47,846.02,,,,"     ",3.60,1614.94,1.16
532,444725047,"00532M13:40:36.612","00532 13:53:43",241.49,845.94,,,,"     ",3.60,1612.30,1.16
532,444725048,"00532M13:40:37.586","00532 13:53:44",241.81,846.06,,,5.38,"  101100",3.60,1608.28,1.15
532,444725049,"00532M13:40:38.559","00532 13:53:45",241.69,846.02,,,,"     ",3.60,1602.60,1.15
532,444725050,"00532M13:40:39.532","00532 13:53:46",241.57,846.02,,,,"     ",3.60,1597.60,1.14
532,444725051,"00532M13:40:40.505","00532 13:53:47",241.46,846.10,,,,"     ",3.60,1593.09,1.14
532,444725052,"00532M13:40:41.479","00532 13:53:48",241.35,846.04,,,,"     ",3.60,1617.89,1.16
532,444725053,"00532M13:40:42.452","00532 13:53:49",241.26,845.96,,,,"     ",3.60,1602.39,1.15
532,444725054,"00532M13:40:43.425","00532 13:53:50",241.17,845.93,,,,"     ",3.60,1620.72,1.16
532,444725055,"00532M13:40:44.398","00532 13:53:51",241.09,845.99,,,,"     ",3.60,1627.32,1.16
532,444725056,"00532M13:40:45.372","00532 13:53:52",241.02,846.05,,,,"     ",3.60,1615.20,1.16
532,444725057,"00532M13:40:46.345","00532 13:53:53",240.96,845.99,,,,"     ",3.60,1578.80,1.13
532,444725058,"00532M13:40:47.318","00532 13:53:54",240.90,846.08,,,,"     ",3.60,1613.57,1.15
532,444725059,"00532M13:40:48.291","00532 13:53:55",240.86,846.04,,,,"     ",3.60,1612.76,1.15
532,444725060,"00532M13:40:49.265","00532 13:53:56",240.82,846.09,,,,"     ",3.60,1598.16,1.14
532,444725061,"00532M13:40:50.238","00532 13:53:57",240.78,846.09,,,,"     ",3.60,1614.69,1.15
532,444725062,"00532M13:40:51.211","00532 13:53:57",240.76,846.03,,,,"     ",3.60,1618.94,1.15
532,444725063,"00532M13:40:52.184","00532 13:53:58",240.75,846.01,,,,"     ",3.60,1598.92,1.14
532,444725064,"00532M13:40:53.158","00532 13:53:59",240.75,846.05,,,,"     ",3.60,1619.73,1.15
532,444725065,"00532M13:40:54.131","00532 13:54:00",240.77,846.05,,,,"     ",3.60,1598.96,1.14
532,444725066,"00532M13:40:55.104","00532 13:54:01",240.80,846.07,,,,"     ",3.60,1606.79,1.14
532,444725067,"00532M13:40:56.077","00532 13:54:02",240.84,846.09,,,,"     ",3.60,1619.72,1.15
532,444725068,"00532M13:40:57.051","00532 13:54:03",240.90,846.07,,,,"     ",3.60,1598.19,1.14
532,444725069,"00532M13:40:58.024","00532 13:54:04",240.97,846.07,,,,"     ",3.60,1599.40,1.14
532,444725070,"00532M13:40:58.997","00532 13:54:05",241.06,846.03,,,,"     ",3.60,1598.33,1.14
532,444725071,"00532M13:40:59.970","00532 13:54:06",241.17,846.05,,,,"     ",3.60,1624.39,1.15
532,444725072,"00532M13:41:00.944","00532 13:54:07",241.29,845.96,,,,"     ",3.60,1626.10,1.15
532,444725073,"00532M13:41:01.917","00532 13:54:08",241.42,846.10,,,,"     ",3.60,1625.88,1.15
532,444725074,"00532M13:41:02.890","00532 13:54:09",241.56,846.00,,,,"     ",3.60,1637.21,1.16
532,444725075,"00532M13:41:03.863","00532 13:54:10",241.70,845.97,,,,"     ",3.60,1588.71,1.13
532,444725076,"00532M13:41:04.837","00532 13:54:11",241.84,846.01,,,,"     ",3.60,1608.39,1.14
532,444725077,"00532M13:41:05.810","00532 13:54:12",241.98,845.95,,,,"     ",3.60,1590.60,1.13
532,444725078,"00532M13:41:06.783","00532 13:54:13",242.12,846.02,,,,"     ",3.60,1629.37,1.15
532,444725079,"00532M13:41:07.756","00532 13:54:14",242.25,845.97,,,,"     ",3.60,1594.16,1.13
532,444725080,"00532M13:41:08.730","00532 13:54:15",242.38,846.04,,,,"     ",3.60,1626.28,1.15
532,444725081,"00532M13:41:09.703","00532 13:54:16",242.50,845.96,,,,"     ",3.60,1610.37,1.14
532,444725082,"00532M13:41:10.676","00532 13:54:17",242.62,845.97,,,,"     ",3.60,1618.10,1.14
532,444725083,"00532M13:41:11.649","00532 13:54:18",242.72,845.96,,,,"     ",3.60,1624.00,1.15
532,444725084,"00532M13:41:12.623","00532 13:54:19",242.82,845.86,,,,"     ",3.60,1632.04,1.15
532,444725085,"00532M13:41:13.596","00532 13:54:20",242.91,845.92,,,,"     ",3.60,1597.71,1.13
532,444725086,"00532M13:41:14.569","00532 13:54:21",243.00,845.93,,,,"     ",3.60,1609.00,1.13
532,444725087,"00532M13:41:15.542","00532 13:54:22",243.07,845.94,,,,"     ",3.60,1626.36,1.15
532,444725088,"00532M13:41:16.516","00532 13:54:23",243.14,845.93,,,,"     ",3.60,1628.06,1.15
532,444725089,"00532M13:41:17.489","00532 13:54:24",243.20,845.94,,,,"     ",3.60,1632.09,1.15
532,444725090,"00532M13:41:18.462","00532 13:54:25",243.25,845.94,,,,"     ",3.60,1630.23,1.15
532,444725091,"00532M13:41:19.435","00532 13:54:26",243.30,845.98,,,,"     ",3.60,1610.49,1.13
532,444725092,"00532M13:41:20.409","00532 13:54:27",243.36,846.00,,,,"     ",3.60,1622.03,1.14
532,444725093,"00532M13:41:21.382","00532 13:54:28",243.42,846.01,,,,"     ",3.60,1620.24,1.14
532,444725094,"00532M13:41:22.355","00532 13:54:29",243.48,845.90,,,,"     ",3.60,1615.95,1.14
532,444725095,"00532M13:41:23.328","00532 13:54:30",243.54,845.97,,,,"     ",3.60,1627.51,1.14
532,444725096,"00532M13:41:24.302","00532 13:54:31",243.61,845.95,,,,"     ",3.60,1643.85,1.16
532,444725097,"00532M13:41:25.275","00532 13:54:32",243.67,845.87,,,,"     ",3.60,1632.26,1.15
532,444725098,"00532M13:41:26.248","00532 13:54:33",243.74,845.89,,,,"     ",3.60,1626.32,1.14
532,444725099,"00532M13:41:27.222","00532 13:54:33",243.81,845.96,,,,"     ",3.60,1597.59,1.12
532,444725100,"00532M13:41:28.195","00532 13:54:34",243.87,845.86,,,,"     ",3.60,1629.10,1.14
532,444725101,"00532M13:41:29.168","00532 13:54:35",243.91,845.95,,,,"     ",3.60,1641.65,1.15
532,444725102,"00532M13:41:30.141","00532 13:54:36",243.95,845.94,,,,"     ",3.60,1633.60,1.15
532,444725103,"00532M13:41:31.115","00532 13:54:37",243.97,845.87,,,,"     ",3.60,1639.18,1.15
532,444725104,"00532M13:41:32.088","00532 13:54:38",243.97,845.91,,,,"     ",3.60,1634.14,1.14
532,444725105,"00532M13:41:33.061","00532 13:54:39",243.94,845.89,,,,"     ",3.60,1615.00,1.13
532,444725106,"00532M13:41:34.034","00532 13:54:40",243.89,845.83,,,,"     ",3.60,1641.00,1.15
532,444725107,"00532M13:41:35.008","00532 13:54:41",243.83,845.88,,,,"     ",3.60,1616.36,1.13
532,444725108,"00532M13:41:35.981","00532 13:54:42",243.74,845.97,,,,"     ",3.60,1640.16,1.15
532,444725109,"00532M13:41:36.954","00532 13:54:43",243.64,846.02,,,,"     ",3.60,1619.69,1.13
532,444725110,"00532M13:41:37.927","00532 13:54:44",243.52,845.94,,,,"     ",3.60,1650.28,1.15
532,444725111,"00532M13:41:38.901","00532 13:54:45",243.40,846.03,,,,"     ",3.60,1665.68,1.16
532,444725112,"00532M13:41:39.874","00532 13:54:46",243.28,846.06,,,,"     ",3.60,1612.67,1.13
532,444725113,"00532M13:41:40.847","00532 13:54:47",243.16,846.02,,,,"     ",3.60,1645.16,1.15
532,444725114,"00532M13:41:41.820","00532 13:54:48",243.05,846.01,,,,"     ",3.60,1633.83,1.14
532,444725115,"00532M13:41:42.794","00532 13:54:49",242.94,846.01,,,,"     ",3.60,1658.33,1.16
532,444725116,"00532M13:41:43.767","00532 13:54:50",242.83,846.06,,,,"     ",3.60,1649.74,1.15
532,444725117,"00532M13:41:44.740","00532 13:54:51",242.73,845.93,,,,"     ",3.60,1631.61,1.14
532,444725118,"00532M13:41:45.713","00532 13:54:52",242.64,845.96,,,,"     ",3.60,1624.26,1.13
532,444725119,"00532M13:41:46.687","00532 13:54:53",242.56,845.98,,,,"     ",3.60,1630.08,1.14
532,444725120,"00532M13:41:47.660","00532 13:54:54",242.49,845.93,,,,"     ",3.60,1642.04,1.14
532,444725121,"00532M13:41:48.633","00532 13:54:55",242.42,845.91,,,,"     ",3.60,1605.49,1.12
532,444725122,"00532M13:41:49.606","00532 13:54:56",242.35,845.87,,,,"     ",3.60,1637.22,1.14
532,444725123,"00532M13:41:50.580","00532 13:54:57",242.28,845.89,,,,"     ",3.60,1655.78,1.15
532,444725124,"00532M13:41:51.553","00532 13:54:58",242.20,845.94,,,,"     ",3.60,1615.01,1.12
532,444725125,"00532M13:41:52.526","00532 13:54:59",242.13,845.95,,,,"     ",3.60,1651.67,1.15
532,444725126,"00532M13:41:53.499","00532 13:55:00",242.06,845.99,,,,"     ",3.60,1627.33,1.13
532,444725127,"00532M13:41:54.473","00532 13:55:01",241.99,845.91,,,,"     ",3.60,1617.05,1.12
532,444725128,"00532M13:41:55.446","00532 13:55:02",241.92,845.88,,,,"     ",3.60,1636.29,1.14
532,444725129,"00532M13:41:56.419","00532 13:55:03",241.85,845.93,,,,"     ",3.60,1619.86,1.12
532,444725130,"00532M13:41:57.392","00532 13:55:04",241.78,845.95,,,,"     ",3.60,1622.32,1.13
532,444725131,"00532M13:41:58.366","00532 13:55:05",241.71,845.88,,,,"     ",3.60,1621.99,1.13
532,444725132,"00532M13:41:59.339","00532 13:55:06",241.65,845.88,,,,"     ",3.60,1642.38,1.14
532,444725133,"00532M13:42:00.312","00532 13:55:07",241.58,845.85,,,,"     ",3.60,1644.15,1.14
532,444725134,"00532M13:42:01.285","00532 13:55:08",241.51,845.92,,,,"     ",3.60,1643.90,1.14
532,444725135,"00532M13:42:02.259","00532 13:55:09",241.45,845.94,,,,"     ",3.60,1629.88,1.13
532,444725136,"00532M13:42:03.232","00532 13:55:10",241.39,845.91,,,,"     ",3.60,1655.89,1.15
532,444725137,"00532M13:42:04.205","00532 13:55:10",241.33,845.92,,,,"     ",3.60,1636.65,1.13
532,444725138,"00532M13:42:05.178","00532 13:55:11",241.28,845.97,,,,"     ",3.60,1669.81,1.16
532,444725139,"00532M13:42:06.152","00532 13:55:12",241.23,845.93,,,,"     ",3.60,1654.08,1.15
532,444725140,"00532M13:42:07.125","00532 13:55:13",241.19,845.93,,,,"     ",3.60,1640.98,1.14
532,444725141,"00532M13:42:08.098","00532 13:55:14",241.15,845.89,,,,"     ",3.60,1640.88,1.14
532,444725142,"00532M13:42:09.071","00532 13:55:15",241.12,845.98,,,,"     ",3.60,1657.76,1.15
532,444725143,"00532M13:42:10.045","00532 13:55:16",241.11,845.99,,,,"     ",3.60,1642.63,1.14
532,444725144,"00532M13:42:11.018","00532 13:55:17",241.11,845.93,,,,"     ",3.60,1674.23,1.16
532,444725145,"00532M13:42:11.991","00532 13:55:18",241.12,845.88,,,,"     ",3.60,1649.55,1.14
532,444725146,"00532M13:42:12.964","00532 13:55:19",241.15,845.91,,,,"     ",3.60,1650.28,1.14
532,444725147,"00532M13:42:13.938","00532 13:55:20",241.18,845.98,,,,"     ",3.60,1646.23,1.14
532,444725148,"00532M13:42:14.911","00532 13:55:21",241.21,845.92,,,,"     ",3.60,1653.43,1.14
532,444725149,"00532M13:42:15.884","00532 13:55:22",241.24,845.99,,,,"     ",3.60,1636.03,1.13
532,444725150,"00532M13:42:16.857","00532 13:55:23",241.26,845.95,,,,"     ",3.60,1652.33,1.14
532,444725151,"00532M13:42:17.831","00532 13:55:24",241.29,845.93,,,,"     ",3.60,1655.65,1.14
532,444725152,"00532M13:42:18.804","00532 13:55:25",241.31,845.94,,,,"     ",3.60,1629.10,1.12
532,444725153,"00532M13:42:19.777","00532 13:55:26",241.33,846.01,,,,"     ",3.60,1658.91,1.15
532,444725154,"00532M13:42:20.750","00532 13:55:27",241.32,845.97,,,,"     ",3.60,1650.30,1.14
532,444725155,"00532M13:42:21.724","00532 13:55:28",241.31,846.02,,,,"     ",3.60,1670.82,1.15
532,444725156,"00532M13:42:22.697","00532 13:55:29",241.28,845.96,,,,"     ",3.60,1665.01,1.15
532,444725157,"00532M13:42:23.670","00532 13:55:30",241.23,845.94,,,,"     ",3.60,1652.88,1.14
532,444725158,"00532M13:42:24.643","00532 13:55:31",241.17,845.96,,,,"     ",3.60,1654.93,1.14
532,444725159,"00532M13:42:25.617","00532 13:55:32",241.12,845.96,,,,"     ",3.60,1615.33,1.11
532,444725160,"00532M13:42:26.590","00532 13:55:33",241.06,845.91,,,,"     ",3.60,1645.84,1.14
532,444725161,"00532M13:42:27.563","00532 13:55:34",241.01,845.92,,,,"     ",3.60,1646.58,1.14
532,444725162,"00532M13:42:28.536","00532 13:55:35",240.97,845.92,,,,"     ",3.60,1655.42,1.14
532,444725163,"00532M13:42:29.510","00532 13:55:36",240.92,845.94,,,,"     ",3.60,1662.43,1.15
532,444725164,"00532M13:42:30.483","00532 13:55:37",240.88,845.95,,,,"     ",3.60,1658.44,1.14
532,444725165,"00532M13:42:31.456","00532 13:55:38",240.85,845.93,,,,"     ",3.60,1626.86,1.12
532,444725166,"00532M13:42:32.429","00532 13:55:39",240.82,845.84,,,,"     ",3.60,1650.21,1.14
532,444725167,"00532M13:42:33.403","00532 13:55:40",240.79,845.83,,,,"     ",3.60,1672.38,1.15
532,444725168,"00532M13:42:34.376","00532 13:55:41",240.78,845.83,,,,"     ",3.60,1655.53,1.14
532,444725169,"00532M13:42:35.349","00532 13:55:42",240.77,845.81,,,,"     ",3.60,1654.56,1.14
532,444725170,"00532M13:42:36.323","00532 13:55:43",240.77,845.85,,,,"     ",3.60,1657.14,1.14
532,444725171,"00532M13:42:37.296","00532 13:55:44",240.78,845.87,,,,"     ",3.60,1644.09,1.13
532,444725172,"00532M13:42:38.269","00532 13:55:45",240.78,845.85,,,,"     ",3.60,1680.36,1.16
532,444725173,"00532M13:42:39.242","00532 13:55:46",240.78,845.87,,,,"     ",3.60,1651.30,1.14
532,444725174,"00532M13:42:40.216","00532 13:55:47",240.79,845.86,,,,"     ",3.60,1666.99,1.15
532,444725175,"00532M13:42:41.189","00532 13:55:47",240.79,845.87,,,,"     ",3.60,1647.07,1.13
532,444725176,"00532M13:42:42.162","00532 13:55:48",240.80,845.89,,,,"     ",3.60,1649.24,1.13
532,444725177,"00532M13:42:43.135","00532 13:55:49",240.81,845.89,,,,"     ",3.60,1650.30,1.13
532,444725178,"00532M13:42:44.109","00532 13:55:50",240.82,845.91,,,,"     ",3.60,1638.41,1.12
532,444725179,"00532M13:42:45.082","00532 13:55:51",240.83,845.87,,,,"     ",3.60,1652.79,1.14
532,444725180,"00532M13:42:46.055","00532 13:55:52",240.82,845.86,,,,"     ",3.60,1673.17,1.15
532,444725181,"00532M13:42:47.028","00532 13:55:53",240.81,845.87,,,,"     ",3.60,1646.92,1.13
532,444725182,"00532M13:42:48.002","00532 13:55:54",240.77,845.93,,,,"     ",3.60,1667.56,1.14
532,444725183,"00532M13:42:48.975","00532 13:55:55",240.71,845.88,,,,"     ",3.60,1659.25,1.14
532,444725184,"00532M13:42:49.948","00532 13:55:56",240.64,845.86,,,,"     ",3.60,1650.90,1.13
532,444725185,"00532M13:42:50.921","00532 13:55:57",240.57,845.86,,,,"     ",3.60,1638.12,1.12
532,444725186,"00532M13:42:51.895","00532 13:55:58",240.49,845.79,,,,"     ",3.60,1675.77,1.15
532,444725187,"00532M13:42:52.868","00532 13:55:59",240.41,845.78,,,,"     ",3.60,1653.65,1.13
532,444725188,"00532M13:42:53.841","00532 13:56:00",240.33,845.81,,,,"     ",3.60,1640.42,1.12
532,444725189,"00532M13:42:54.814","00532 13:56:01",240.26,845.85,,,,"     ",3.60,1653.88,1.13
532,444725190,"00532M13:42:55.788","00532 13:56:02",240.20,845.78,,,,"     ",3.60,1674.14,1.15
532,444725191,"00532M13:42:56.761","00532 13:56:03",240.15,845.89,,,,"     ",3.60,1662.97,1.14
532,444725192,"00532M13:42:57.734","00532 13:56:04",240.11,845.85,,,,"     ",3.60,1651.45,1.13
532,444725193,"00532M13:42:58.707","00532 13:56:05",240.09,845.89,,,,"     ",3.60,1650.20,1.13
532,444725194,"00532M13:42:59.681","00532 13:56:06",240.08,845.84,,,,"     ",3.60,1651.50,1.13
532,444725195,"00532M13:43:00.654","00532 13:56:07",240.07,845.87,,,,"     ",3.60,1653.64,1.13
532,444725196,"00532M13:43:01.627","00532 13:56:08",240.06,845.83,,,,"     ",3.60,1656.52,1.13
532,444725197,"00532M13:43:02.600","00532 13:56:09",240.05,845.85,,,,"     ",3.60,1655.77,1.13
532,444725198,"00532M13:43:03.574","00532 13:56:10",240.03,845.84,,,,"     ",3.60,1661.26,1.14
532,444725199,"00532M13:43:04.547","00532 13:56:11",240.01,845.76,,,,"     ",3.60,1672.20,1.14
532,444725200,"00532M13:43:05.520","00532 13:56:12",239.98,845.76,,,,"     ",3.60,1654.40,1.13
532,444725201,"00532M13:43:06.493","00532 13:56:13",239.95,845.81,,,,"     ",3.60,1665.75,1.14
532,444725202,"00532M13:43:07.467","00532 13:56:14",239.92,845.78,,,,"     ",3.60,1691.38,1.16
532,444725203,"00532M13:43:08.440","00532 13:56:15",239.89,845.78,,,,"     ",3.60,1651.64,1.13
532,444725204,"00532M13:43:09.413","00532 13:56:16",239.86,845.79,,,,"     ",3.60,1639.98,1.12
532,444725205,"00532M13:43:10.386","00532 13:56:17",239.84,845.78,,,,"     ",3.60,1673.54,1.14
532,444725206,"00532M13:43:11.360","00532 13:56:18",239.82,845.83,,,,"     ",3.60,1660.46,1.14
532,444725207,"00532M13:43:12.333","00532 13:56:19",239.80,845.81,,,,"     ",3.60,1660.63,1.14
532,444725208,"00532M13:43:13.306","00532 13:56:20",239.79,845.90,,,,"     ",3.60,1662.85,1.14
532,444725209,"00532M13:43:14.279","00532 13:56:21",239.78,845.88,,,,"     ",3.60,1641.49,1.12
532,444725210,"00532M13:43:15.253","00532 13:56:22",239.77,845.88,,,,"     ",3.60,1646.63,1.13
532,444725211,"00532M13:43:16.226","00532 13:56:23",239.78,845.74,,,,"     ",3.60,1684.59,1.15
532,444725212,"00532M13:43:17.199","00532 13:56:23",239.79,845.78,,,,"     ",3.60,1664.22,1.14
532,444725213,"00532M13:43:18.172","00532 13:56:24",239.79,845.86,,,,"     ",3.60,1675.17,1.14
532,444725214,"00532M13:43:19.146","00532 13:56:25",239.80,845.76,,,,"     ",3.60,1618.37,1.10
532,444725215,"00532M13:43:20.119","00532 13:56:26",239.80,845.88,,,,"     ",3.60,1648.36,1.13
532,444725216,"00532M13:43:21.092","00532 13:56:27",239.80,845.85,,,,"     ",3.60,1685.52,1.15
532,444725217,"00532M13:43:22.065","00532 13:56:28",239.81,845.86,,,,"     ",3.60,1681.97,1.15
532,444725218,"00532M13:43:23.039","00532 13:56:29",239.80,845.83,,,,"     ",3.60,1675.16,1.14
532,444725219,"00532M13:43:24.012","00532 13:56:30",239.81,845.81,,,,"     ",3.60,1669.09,1.14
532,444725220,"00532M13:43:24.985","00532 13:56:31",239.80,845.76,,,,"     ",3.60,1655.39,1.13
532,444725221,"00532M13:43:25.958","00532 13:56:32",239.79,845.77,,,,"     ",3.60,1658.55,1.13
532,444725222,"00532M13:43:26.932","00532 13:56:33",239.78,845.79,,,,"     ",3.60,1682.74,1.15
532,444725223,"00532M13:43:27.905","00532 13:56:34",239.76,845.89,,,,"     ",3.60,1663.29,1.13
532,444725224,"00532M13:43:28.878","00532 13:56:35",239.73,845.76,,,,"     ",3.60,1685.19,1.15
532,444725225,"00532M13:43:29.851","00532 13:56:36",239.70,845.79,,,,"     ",3.60,1666.62,1.14
532,444725226,"00532M13:43:30.825","00532 13:56:37",239.66,845.88,,,,"     ",3.60,1661.61,1.13
532,444725227,"00532M13:43:31.798","00532 13:56:38",239.62,845.84,,,,"     ",3.60,1689.57,1.15
532,444725228,"00532M13:43:32.771","00532 13:56:39",239.59,845.75,,,,"     ",3.60,1672.71,1.14
532,444725229,"00532M13:43:33.744","00532 13:56:40",239.55,845.76,,,,"     ",3.60,1658.03,1.13
532,444725230,"00532M13:43:34.718","00532 13:56:41",239.52,845.86,,,,"     ",3.60,1667.10,1.13
532,444725231,"00532M13:43:35.691","00532 13:56:42",239.49,845.82,,,,"     ",3.60,1656.91,1.13
532,444725232,"00532M13:43:36.664","00532 13:56:43",239.47,845.83,,,,"     ",3.60,1677.51,1.14
532,444725233,"00532M13:43:37.637","00532 13:56:44",239.47,845.76,,,,"     ",3.60,1703.89,1.16
532,444725234,"00532M13:43:38.611","00532 13:56:45",239.47,845.77,,,,"     ",3.60,1671.01,1.14
532,444725235,"00532M13:43:39.584","00532 13:56:46",239.48,845.84,,,,"     ",3.60,1679.86,1.14
532,444725236,"00532M13:43:40.557","00532 13:56:47",239.51,845.78,,,,"     ",3.60,1666.56,1.13
532,444725237,"00532M13:43:41.530","00532 13:56:48",239.56,845.82,,,,"     ",3.60,1682.13,1.14
532,444725238,"00532M13:43:42.504","00532 13:56:49",239.60,845.85,,,,"     ",3.60,1673.26,1.14
532,444725239,"00532M13:43:43.477","00532 13:56:50",239.65,845.76,,,,"     ",3.60,1674.28,1.14
532,444725240,"00532M13:43:44.450","00532 13:56:51",239.70,845.77,,,,"     ",3.60,1696.28,1.15
532,444725241,"00532M13:43:45.424","00532 13:56:52",239.75,845.73,,,,"     ",3.60,1698.11,1.15
532,444725242,"00532M13:43:46.397","00532 13:56:53",239.78,845.76,,,,"     ",3.60,1664.87,1.13
532,444725243,"00532M13:43:47.370","00532 13:56:54",239.81,845.87,,,,"     ",3.60,1680.78,1.14
532,444725244,"00532M13:43:48.343","00532 13:56:55",239.82,845.81,,,,"     ",3.60,1657.01,1.13
532,444725245,"00532M13:43:49.317","00532 13:56:56",239.82,845.87,,,,"     ",3.60,1636.39,1.11
532,444725246,"00532M13:43:50.290","00532 13:56:57",239.80,845.85,,,,"     ",3.60,1671.70,1.13
532,444725247,"00532M13:43:51.263","00532 13:56:58",239.77,845.80,,,,"     ",3.60,1699.12,1.15
532,444725248,"00532M13:43:52.236","00532 13:56:59",239.75,845.80,,,,"     ",3.60,1670.37,1.13
532,444725249,"00532M13:43:53.210","00532 13:57:00",239.72,845.78,,,,"     ",3.60,1647.84,1.12
532,444725250,"00532M13:43:54.183","00532 13:57:00",239.70,845.74,,,,"     ",3.60,1669.59,1.13
532,444725251,"00532M13:43:55.156","00532 13:57:01",239.69,845.74,,,,"     ",3.60,1669.79,1.13
532,444725252,"00532M13:43:56.129","00532 13:57:02",239.70,845.79,,,,"     ",3.60,1654.78,1.12
532,444725253,"00532M13:43:57.103","00532 13:57:03",239.73,845.79,,,,"     ",3.60,1679.64,1.14
532,444725254,"00532M13:43:58.076","00532 13:57:04",239.76,845.77,,,,"     ",3.60,1660.26,1.12
532,444725255,"00532M13:43:59.049","00532 13:57:05",239.80,845.75,,,,"     ",3.60,1659.21,1.12
532,444725256,"00532M13:44:00.022","00532 13:57:06",239.84,845.78,,,,"     ",3.60,1652.44,1.12
532,444725257,"00532M13:44:00.996","00532 13:57:07",239.88,845.74,,,,"     ",3.60,1666.84,1.13
532,444725258,"00532M13:44:01.969","00532 13:57:08",239.91,845.72,,,,"     ",3.60,1662.87,1.13
532,444725259,"00532M13:44:02.942","00532 13:57:09",239.95,845.87,,,,"     ",3.60,1672.30,1.13
532,444725260,"00532M13:44:03.915","00532 13:57:10",239.99,845.84,,,,"     ",3.60,1669.53,1.13
532,444725261,"00532M13:44:04.889","00532 13:57:11",240.03,845.88,,,,"     ",3.60,1681.62,1.14
532,444725262,"00532M13:44:05.862","00532 13:57:12",240.07,845.83,,,,"     ",3.60,1663.29,1.13
532,444725263,"00532M13:44:06.835","00532 13:57:13",240.12,845.73,,,,"     ",3.60,1660.77,1.12
532,444725264,"00532M13:44:07.808","00532 13:57:14",240.19,845.76,,,,"     ",3.60,1687.12,1.14
532,444725265,"00532M13:44:08.782","00532 13:57:15",240.28,845.73,,,,"     ",3.60,1697.30,1.15
532,444725266,"00532M13:44:09.755","00532 13:57:16",240.38,845.84,,,,"     ",3.60,1675.52,1.13
532,444725267,"00532M13:44:10.728","00532 13:57:17",240.49,845.86,,,,"     ",3.60,1673.00,1.13
532,444725268,"00532M13:44:11.701","00532 13:57:18",240.62,845.77,,,,"     ",3.60,1686.85,1.14
532,444725269,"00532M13:44:12.675","00532 13:57:19",240.76,845.74,,,,"     ",3.60,1655.02,1.12
532,444725270,"00532M13:44:13.648","00532 13:57:20",240.91,845.75,,,,"     ",3.60,1675.13,1.13
532,444725271,"00532M13:44:14.621","00532 13:57:21",241.06,845.78,,,,"     ",3.60,1685.33,1.14
532,444725272,"00532M13:44:15.594","00532 13:57:22",241.22,845.64,,,,"     ",3.60,1685.98,1.14
532,444725273,"00532M13:44:16.568","00532 13:57:23",241.37,845.79,,,,"     ",3.60,1685.63,1.14
532,444725274,"00532M13:44:17.541","00532 13:57:24",241.51,845.74,,,,"     ",3.60,1682.32,1.14
532,444725275,"00532M13:44:18.514","00532 13:57:25",241.64,845.77,,,,"     ",3.60,1671.02,1.13
532,444725276,"00532M13:44:19.487","00532 13:57:26",241.76,845.78,,,,"     ",3.60,1678.58,1.13
532,444725277,"00532M13:44:20.461","00532 13:57:27",241.85,845.75,,,,"     ",3.60,1682.44,1.14
532,444725278,"00532M13:44:21.434","00532 13:57:28",241.93,845.77,,,,"     ",3.60,1656.99,1.12
532,444725279,"00532M13:44:22.407","00532 13:57:29",241.97,845.69,,,,"     ",3.60,1685.46,1.14
532,444725280,"00532M13:44:23.380","00532 13:57:30",242.00,845.71,,,,"     ",3.60,1667.15,1.12
532,444725281,"00532M13:44:24.354","00532 13:57:31",242.00,845.68,,,,"     ",3.60,1683.24,1.13
532,444725282,"00532M13:44:25.327","00532 13:57:32",241.98,845.66,,,,"     ",3.60,1682.61,1.13
532,444725283,"00532M13:44:26.300","00532 13:57:33",241.93,845.67,,,,"     ",3.60,1663.88,1.12
532,444725284,"00532M13:44:27.273","00532 13:57:34",241.87,845.70,,,,"     ",3.60,1673.01,1.13
532,444725285,"00532M13:44:28.247","00532 13:57:35",241.78,845.71,,,,"     ",3.60,1685.14,1.14
532,444725286,"00532M13:44:29.220","00532 13:57:36",241.69,845.72,,,,"     ",3.60,1669.88,1.12
532,444725287,"00532M13:44:30.193","00532 13:57:36",241.58,845.72,,,,"     ",3.60,1690.43,1.14
532,444725288,"00532M13:44:31.166","00532 13:57:37",241.47,845.69,,,,"     ",3.60,1681.24,1.13
532,444725289,"00532M13:44:32.140","00532 13:57:38",241.36,845.70,,,,"     ",3.60,1650.52,1.11
532,444725290,"00532M13:44:33.113","00532 13:57:39",241.25,845.69,,,,"     ",3.60,1695.41,1.14
532,444725291,"00532M13:44:34.086","00532 13:57:40",241.15,845.77,,,,"     ",3.60,1690.59,1.14
532,444725292,"00532M13:44:35.059","00532 13:57:41",241.06,845.73,,,,"     ",3.60,1658.95,1.12
532,444725293,"00532M13:44:36.033","00532 13:57:42",240.98,845.71,,,,"     ",3.60,1698.13,1.14
532,444725294,"00532M13:44:37.006","00532 13:57:43",240.93,845.76,,,,"     ",3.60,1701.82,1.14
532,444725295,"00532M13:44:37.979","00532 13:57:44",240.89,845.78,,,,"     ",3.60,1685.08,1.13
532,444725296,"00532M13:44:38.952","00532 13:57:45",240.88,845.62,,,,"     ",3.60,1668.36,1.12
532,444725297,"00532M13:44:39.926","00532 13:57:46",240.89,845.66,,,,"     ",3.60,1705.16,1.15
532,444725298,"00532M13:44:40.899","00532 13:57:47",240.93,845.62,,,,"     ",3.60,1689.18,1.13
532,444725299,"00532M13:44:41.872","00532 13:57:48",241.01,845.76,,,,"     ",3.60,1672.35,1.12
532,444725300,"00532M13:44:42.845","00532 13:57:49",241.10,845.69,,,,"     ",3.60,1700.40,1.14
532,444725301,"00532M13:44:43.819","00532 13:57:50",241.22,845.64,,,,"     ",3.60,1687.13,1.13
532,444725302,"00532M13:44:44.792","00532 13:57:51",241.36,845.65,,,,"     ",3.60,1675.19,1.12
532,444725303,"00532M13:44:45.765","00532 13:57:52",241.51,845.66,,,,"     ",3.60,1716.36,1.15
532,444725304,"00532M13:44:46.738","00532 13:57:53",241.67,845.72,,,,"     ",3.60,1690.35,1.13
532,444725305,"00532M13:44:47.712","00532 13:57:54",241.82,845.65,,,,"     ",3.60,1683.39,1.13
532,444725306,"00532M13:44:48.685","00532 13:57:55",241.96,845.67,,,,"     ",3.60,1693.92,1.14
532,444725307,"00532M13:44:49.658","00532 13:57:56",242.09,845.62,,,,"     ",3.60,1675.55,1.12
532,444725308,"00532M13:44:50.631","00532 13:57:57",242.21,845.72,,,,"     ",3.60,1678.33,1.12
532,444725309,"00532M13:44:51.605","00532 13:57:58",242.30,845.60,,,,"     ",3.60,1673.23,1.12
532,444725310,"00532M13:44:52.578","00532 13:57:59",242.39,845.71,,,,"     ",3.60,1674.03,1.12
532,444725311,"00532M13:44:53.551","00532 13:58:00",242.47,845.63,,,,"     ",3.60,1658.55,1.11
532,444725312,"00532M13:44:54.524","00532 13:58:01",242.53,845.66,,,,"     ",3.60,1678.02,1.12
532,444725313,"00532M13:44:55.498","00532 13:58:02",242.58,845.66,,,,"     ",3.60,1684.17,1.13
532,444725314,"00532M13:44:56.471","00532 13:58:03",242.62,845.60,,,,"     ",3.60,1689.40,1.13
532,444725315,"00532M13:44:57.444","00532 13:58:04",242.67,845.63,,,,"     ",3.60,1698.97,1.14
532,444725316,"00532M13:44:58.418","00532 13:58:05",242.70,845.69,,,,"     ",3.60,1698.08,1.13
532,444725317,"00532M13:44:59.391","00532 13:58:06",242.74,845.60,,,,"     ",3.60,1674.19,1.12
532,444725318,"00532M13:45:00.364","00532 13:58:07",242.78,845.56,,,,"     ",3.60,1677.38,1.12
532,444725319,"00532M13:45:01.337","00532 13:58:08",242.81,845.62,,,,"     ",3.60,1678.21,1.12
532,444725320,"00532M13:45:02.311","00532 13:58:09",242.85,845.64,,,,"     ",3.60,1681.37,1.12
532,444725321,"00532M13:45:03.284","00532 13:58:10",242.89,845.54,,,,"     ",3.60,1707.34,1.14
532,444725322,"00532M13:45:04.257","00532 13:58:11",242.93,845.52,,,,"     ",3.60,1695.34,1.13
532,444725323,"00532M13:45:05.230","00532 13:58:12",242.96,845.53,,,,"     ",3.60,1694.88,1.13
532,444725324,"00532M13:45:06.204","00532 13:58:13",242.98,845.57,,,,"     ",3.60,1699.24,1.13
532,444725325,"00532M13:45:07.177","00532 13:58:13",243.01,845.59,,,,"     ",3.60,1691.13,1.13
532,444725326,"00532M13:45:08.150","00532 13:58:14",243.03,845.59,,,,"     ",3.60,1729.87,1.15
532,444725327,"00532M13:45:09.123","00532 13:58:15",243.06,845.53,,,,"     ",3.60,1688.55,1.12
532,444725328,"00532M13:45:10.097","00532 13:58:16",243.09,845.55,,,,"     ",3.60,1681.10,1.12
532,444725329,"00532M13:45:11.070","00532 13:58:17",243.13,845.59,,,,"     ",3.60,1663.57,1.11
532,444725330,"00532M13:45:12.043","00532 13:58:18",243.17,845.59,,,,"     ",3.60,1705.20,1.14
532,444725331,"00532M13:45:13.016","00532 13:58:19",243.20,845.54,,,,"     ",3.60,1690.60,1.12
532,444725332,"00532M13:45:13.990","00532 13:58:20",243.23,845.53,,,,"     ",3.60,1694.54,1.13
532,444725333,"00532M13:45:14.963","00532 13:58:21",243.24,845.55,,,,"     ",3.60,1684.15,1.12
532,444725334,"00532M13:45:15.936","00532 13:58:22",243.25,845.58,,,,"     ",3.60,1685.30,1.12
532,444725335,"00532M13:45:16.909","00532 13:58:23",243.26,845.60,,,,"     ",3.60,1704.69,1.13
532,444725336,"00532M13:45:17.883","00532 13:58:24",243.25,845.62,,,,"     ",3.60,1687.98,1.12
532,444725337,"00532M13:45:18.856","00532 13:58:25",243.23,845.61,,,,"     ",3.60,1698.57,1.13
532,444725338,"00532M13:45:19.829","00532 13:58:26",243.19,845.60,,,,"     ",3.60,1718.61,1.14
532,444725339,"00532M13:45:20.802","00532 13:58:27",243.13,845.65,,,,"     ",3.60,1687.23,1.12
532,444725340,"00532M13:45:21.776","00532 13:58:28",243.06,845.61,,,,"     ",3.60,1703.33,1.13
532,444725341,"00532M13:45:22.749","00532 13:58:29",242.97,845.59,,,,"     ",3.60,1690.52,1.12
532,444725342,"00532M13:45:23.722","00532 13:58:30",242.88,845.53,,,,"     ",3.60,1704.43,1.13
532,444725343,"00532M13:45:24.695","00532 13:58:31",242.82,845.57,,,,"     ",3.60,1697.62,1.13
532,444725344,"00532M13:45:25.669","00532 13:58:32",242.78,845.59,,,,"     ",3.60,1710.49,1.13
532,444725345,"00532M13:45:26.642","00532 13:58:33",242.74,845.55,,,,"     ",3.60,1685.21,1.12
532,444725346,"00532M13:45:27.615","00532 13:58:34",242.73,845.54,,,,"     ",3.60,1696.82,1.12
532,444725347,"00532M13:45:28.588","00532 13:58:35",242.72,845.53,,,,"     ",3.60,1709.81,1.13
532,444725348,"00532M13:45:29.562","00532 13:58:36",242.73,845.60,,,,"     ",3.60,1691.34,1.12
532,444725349,"00532M13:45:30.535","00532 13:58:37",242.74,845.55,,,,"     ",3.60,1696.10,1.12
532,444725350,"00532M13:45:31.508","00532 13:58:38",242.78,845.51,,,,"     ",3.60,1696.55,1.12
532,444725351,"00532M13:45:32.481","00532 13:58:39",242.82,845.57,,,,"     ",3.60,1698.98,1.12
532,444725352,"00532M13:45:33.455","00532 13:58:40",242.87,845.60,,,,"     ",3.60,1692.52,1.12
532,444725353,"00532M13:45:34.428","00532 13:58:41",242.94,845.51,,,,"     ",3.60,1672.44,1.11
532,444725354,"00532M13:45:35.401","00532 13:58:42",243.02,845.55,,,,"     ",3.60,1701.67,1.12
532,444725355,"00532M13:45:36.374","00532 13:58:43",243.13,845.59,,,,"     ",3.60,1723.39,1.14
532,444725356,"00532M13:45:37.348","00532 13:58:44",243.01,845.60,5.00,,230.25,"  101110",3.60,1701.73,1.12
532,444725357,"00532M13:45:38.321","00532 13:58:45",243.15,845.58,,,,"     ",3.60,1693.71,1.12
532,444725358,"00532M13:45:39.294","00532 13:58:46",243.30,845.55,,,,"     ",3.60,1708.14,1.13
532,444725359,"00532M13:45:40.267","00532 13:58:47",243.43,845.59,,,,"     ",3.60,1695.12,1.12
532,444725360,"00532M13:45:41.241","00532 13:58:48",243.55,845.55,,,,"     ",3.60,1699.90,1.12
532,444725361,"00532M13:45:42.214","00532 13:58:49",243.67,845.57,,,,"     ",3.60,1702.44,1.12
532,444725362,"00532M13:45:43.187","00532 13:58:49",243.78,845.70,,,,"     ",3.60,1711.56,1.13
532,444725363,"00532M13:45:44.160","00532 13:58:50",243.88,845.54,,,,"     ",3.60,1696.49,1.12
532,444725364,"00532M13:45:45.134","00532 13:58:51",243.96,845.52,,,,"     ",3.60,1691.27,1.12
532,444725365,"00532M13:45:46.107","00532 13:58:52",244.05,845.55,,,,"     ",3.60,1711.40,1.13
532,444725366,"00532M13:45:47.080","00532 13:58:53",244.12,845.60,,,,"     ",3.60,1696.50,1.12
532,444725367,"00532M13:45:48.053","00532 13:58:54",244.18,845.63,,,,"     ",3.60,1696.51,1.12
532,444725368,"00532M13:45:49.027","00532 13:58:55",244.23,845.57,,,,"     ",3.60,1712.02,1.13
532,444725369,"00532M13:45:50.000","00532 13:58:56",244.27,845.49,,,,"     ",3.60,1707.39,1.13
532,444725370,"00532M13:45:50.973","00532 13:58:57",244.31,845.43,,,,"     ",3.60,1685.33,1.11
532,444725371,"00532M13:45:51.946","00532 13:58:58",244.32,845.43,,,,"     ",3.60,1698.43,1.12
532,444725372,"00532M13:45:52.920","00532 13:58:59",244.32,845.46,,,,"     ",3.60,1689.19,1.11
532,444725373,"00532M13:45:53.893","00532 13:59:00",244.31,845.52,,,,"     ",3.60,1664.57,1.10
532,444725374,"00532M13:45:54.866","00532 13:59:01",244.28,845.53,,,,"     ",3.60,1696.03,1.12
532,444725375,"00532M13:45:55.839","00532 13:59:02",244.24,845.59,,,,"     ",3.60,1707.10,1.12
532,444725376,"00532M13:45:56.813","00532 13:59:03",244.18,845.70,,,,"     ",3.60,1719.30,1.13
532,444725377,"00532M13:45:57.786","00532 13:59:04",244.12,845.66,,,,"     ",3.60,1696.89,1.12
532,444725378,"00532M13:45:58.759","00532 13:59:05",244.05,845.63,,,,"     ",3.60,1695.56,1.12
532,444725379,"00532M13:45:59.732","00532 13:59:06",243.99,845.61,,,,"     ",3.60,1694.48,1.11
532,444725380,"00532M13:46:00.706","00532 13:59:07",243.93,845.66,,,,"     ",3.60,1703.12,1.12
532,444725381,"00532M13:46:01.679","00532 13:59:08",243.89,845.64,,,,"     ",3.60,1706.36,1.12
532,444725382,"00532M13:46:02.652","00532 13:59:09",243.86,845.61,,,,"     ",3.60,1698.15,1.12
532,444725383,"00532M13:46:03.625","00532 13:59:10",243.84,845.67,,,,"     ",3.60,1684.17,1.11
532,444725384,"00532M13:46:04.599","00532 13:59:11",243.82,845.62,,,,"     ",3.60,1709.93,1.12
532,444725385,"00532M13:46:05.572","00532 13:59:12",243.80,845.54,,,,"     ",3.60,1701.50,1.12
532,444725386,"00532M13:46:06.545","00532 13:59:13",243.78,845.63,,,,"     ",3.60,1703.24,1.12
532,444725387,"00532M13:46:07.519","00532 13:59:14",243.77,845.54,,,,"     ",3.60,1705.92,1.12
532,444725388,"00532M13:46:08.492","00532 13:59:15",243.74,845.59,,,,"     ",3.60,1712.45,1.12
532,444725389,"00532M13:46:09.465","00532 13:59:16",243.71,845.56,,,,"     ",3.60,1745.02,1.15
532,444725390,"00532M13:46:10.438","00532 13:59:17",243.67,845.57,,,,"     ",3.60,1719.94,1.13
532,444725391,"00532M13:46:11.412","00532 13:59:18",243.60,845.57,,,,"     ",3.60,1704.91,1.12
532,444725392,"00532M13:46:12.385","00532 13:59:19",243.54,845.63,,,,"     ",3.60,1724.51,1.13
532,444725393,"00532M13:46:13.358","00532 13:59:20",243.45,845.58,,,,"     ",3.60,1722.43,1.13
532,444725394,"00532M13:46:14.331","00532 13:59:21",243.37,845.67,,,,"     ",3.60,1733.84,1.14
532,444725395,"00532M13:46:15.305","00532 13:59:22",243.27,845.56,,,,"     ",3.60,1707.68,1.12
532,444725396,"00532M13:46:16.278","00532 13:59:23",243.17,845.52,,,,"     ",3.60,1747.96,1.15
532,444725397,"00532M13:46:17.251","00532 13:59:24",243.07,845.46,,,,"     ",3.60,1712.29,1.12
532,444725398,"00532M13:46:18.224","00532 13:59:25",242.96,845.52,,,,"     ",3.60,1758.57,1.15
532,444725399,"00532M13:46:19.198","00532 13:59:26",242.86,845.57,,,,"     ",3.60,1718.50,1.13
532,444725400,"00532M13:46:20.171","00532 13:59:26",242.75,845.59,,,,"     ",3.60,1694.30,1.11
532,444725401,"00532M13:46:21.144","00532 13:59:27",242.64,845.58,,,,"     ",3.60,1724.15,1.13
532,444725402,"00532M13:46:22.117","00532 13:59:28",242.54,845.52,,,,"     ",3.60,1729.92,1.13
532,444725403,"00532M13:46:23.091","00532 13:59:29",242.44,845.56,,,,"     ",3.60,1713.29,1.12
532,444725404,"00532M13:46:24.064","00532 13:59:30",242.34,845.47,,,,"     ",3.60,1709.01,1.12
532,444725405,"00532M13:46:25.037","00532 13:59:31",242.25,845.56,,,,"     ",3.60,1711.97,1.12
532,444725406,"00532M13:46:26.010","00532 13:59:32",242.16,845.52,,,,"     ",3.60,1700.49,1.11
532,444725407,"00532M13:46:26.984","00532 13:59:33",242.08,845.61,,,,"     ",3.60,1715.92,1.12
532,444725408,"00532M13:46:27.957","00532 13:59:34",241.99,845.61,,,,"     ",3.60,1706.64,1.12
532,444725409,"00532M13:46:28.930","00532 13:59:35",241.91,845.57,,,,"     ",3.60,1740.36,1.14
532,444725410,"00532M13:46:29.903","00532 13:59:36",241.84,845.51,,,,"     ",3.60,1707.78,1.12
532,444725411,"00532M13:46:30.877","00532 13:59:37",241.77,845.56,,,,"     ",3.60,1750.49,1.14
532,444725412,"00532M13:46:31.850","00532 13:59:38",241.70,845.59,,,,"     ",3.60,1705.86,1.11
532,444725413,"00532M13:46:32.823","00532 13:59:39",241.65,845.50,,,,"     ",3.60,1722.90,1.13
532,444725414,"00532M13:46:33.796","00532 13:59:40",241.59,845.59,,,,"     ",3.60,1738.13,1.14
532,444725415,"00532M13:46:34.770","00532 13:59:41",241.54,845.53,,,,"     ",3.60,1698.66,1.11
532,444725416,"00532M13:46:35.743","00532 13:59:42",241.48,845.57,,,,"     ",3.60,1716.16,1.12
532,444725417,"00532M13:46:36.716","00532 13:59:43",241.43,845.55,,,,"     ",3.60,1732.25,1.13
532,444725418,"00532M13:46:37.689","00532 13:59:44",241.37,845.51,,,,"     ",3.60,1731.34,1.13
532,444725419,"00532M13:46:38.663","00532 13:59:45",241.32,845.59,,,,"     ",3.60,1691.00,1.10
532,444725420,"00532M13:46:39.636","00532 13:59:46",241.27,845.53,,,,"     ",3.60,1723.91,1.13
532,444725421,"00532M13:46:40.609","00532 13:59:47",241.22,845.57,,,,"     ",3.60,1732.06,1.13
532,444725422,"00532M13:46:41.582","00532 13:59:48",241.17,845.61,,,,"     ",3.60,1709.06,1.12
532,444725423,"00532M13:46:42.556","00532 13:59:49",241.12,845.60,,,,"     ",3.60,1718.35,1.12
532,444725424,"00532M13:46:43.529","00532 13:59:50",241.08,845.63,,,,"     ",3.60,1746.43,1.14
532,444725425,"00532M13:46:44.502","00532 13:59:51",241.03,845.51,,,,"     ",3.60,1703.17,1.11
532,444725426,"00532M13:46:45.475","00532 13:59:52",240.98,845.57,,,,"     ",3.60,1720.99,1.12
532,444725427,"00532M13:46:46.449","00532 13:59:53",240.93,845.58,,,,"     ",3.60,1698.34,1.11
532,444725428,"00532M13:46:47.422","00532 13:59:54",240.89,845.50,,,,"     ",3.60,1723.59,1.12
532,444725429,"00532M13:46:48.395","00532 13:59:55",240.84,845.48,,,,"     ",3.60,1736.36,1.13
532,444725430,"00532M13:46:49.368","00532 13:59:56",240.80,845.51,,,,"     ",3.60,1729.27,1.13
532,444725431,"00532M13:46:50.342","00532 13:59:57",240.75,845.44,,,,"     ",3.60,1721.90,1.12
532,444725432,"00532M13:46:51.315","00532 13:59:58",240.69,845.53,,,,"     ",3.60,1729.03,1.13
532,444725433,"00532M13:46:52.288","00532 13:59:59",240.64,845.50,,,,"     ",3.60,1738.64,1.13
532,444725434,"00532M13:46:53.261","00532 14:00:00",240.60,845.46,,,,"     ",3.60,1710.08,1.11
532,444725435,"00532M13:46:54.235","00532 14:00:01",240.56,845.46,,,,"     ",3.60,1745.35,1.14
532,444725436,"00532M13:46:55.208","00532 14:00:02",240.54,845.55,,,,"     ",3.60,1703.04,1.11
532,444725437,"00532M13:46:56.181","00532 14:00:02",240.55,845.46,,,,"     ",3.60,1725.06,1.12
532,444725438,"00532M13:46:57.154","00532 14:00:03",240.59,845.48,,,,"     ",3.60,1711.84,1.11
532,444725439,"00532M13:46:58.128","00532 14:00:04",240.64,845.55,,,,"     ",3.60,1719.78,1.12
532,444725440,"00532M13:46:59.101","00532 14:00:05",240.72,845.59,,,,"     ",3.60,1721.45,1.12
532,444725441,"00532M13:47:00.074","00532 14:00:06",240.83,845.63,,,,"     ",3.60,1716.44,1.12
532,444725442,"00532M13:47:01.047","00532 14:00:07",240.95,845.56,,,,"     ",3.60,1713.36,1.11
532,444725443,"00532M13:47:02.021","00532 14:00:08",241.10,845.56,,,,"     ",3.60,1739.62,1.13
532,444725444,"00532M13:47:02.994","00532 14:00:09",241.27,845.50,,,,"     ",3.60,1720.46,1.12
532,444725445,"00532M13:47:03.967","00532 14:00:10",241.46,845.42,,,,"     ",3.60,1707.32,1.11
532,444725446,"00532M13:47:04.940","00532 14:00:11",241.66,845.47,,,,"     ",3.60,1732.70,1.13
532,444725447,"00532M13:47:05.914","00532 14:00:12",241.85,845.52,,,,"     ",3.60,1736.24,1.13
532,444725448,"00532M13:47:06.887","00532 14:00:13",242.04,845.42,,,,"     ",3.60,1712.66,1.11
532,444725449,"00532M13:47:07.860","00532 14:00:14",242.20,845.37,,,,"     ",3.60,1693.53,1.10
532,444725450,"00532M13:47:08.833","00532 14:00:15",242.34,845.51,,,,"     ",3.60,1757.43,1.14
532,444725451,"00532M13:47:09.807","00532 14:00:16",242.46,845.53,,,,"     ",3.60,1714.52,1.11
532,444725452,"00532M13:47:10.780","00532 14:00:17",242.55,845.43,,,,"     ",3.60,1715.46,1.11
532,444725453,"00532M13:47:11.753","00532 14:00:18",242.63,845.47,,,,"     ",3.60,1710.81,1.11
532,444725454,"00532M13:47:12.726","00532 14:00:19",242.70,845.52,,,,"     ",3.60,1714.93,1.11
532,444725455,"00532M13:47:13.700","00532 14:00:20",242.76,845.46,,,,"     ",3.60,1734.50,1.13
532,444725456,"00532M13:47:14.673","00532 14:00:21",242.82,845.43,,,,"     ",3.60,1714.84,1.11
532,444725457,"00532M13:47:15.646","00532 14:00:22",242.87,845.49,,,,"     ",3.60,1734.21,1.13
532,444725458,"00532M13:47:16.620","00532 14:00:23",242.91,845.42,,,,"     ",3.60,1714.50,1.11
532,444725459,"00532M13:47:17.593","00532 14:00:24",242.94,845.43,,,,"     ",3.60,1739.44,1.13
532,444725460,"00532M13:47:18.566","00532 14:00:25",242.96,845.39,,,,"     ",3.60,1735.92,1.13
532,444725461,"00532M13:47:19.539","00532 14:00:26",242.98,845.34,,,,"     ",3.60,1736.46,1.13
532,444725462,"00532M13:47:20.513","00532 14:00:27",242.98,845.41,,,,"     ",3.60,1748.52,1.13
532,444725463,"00532M13:47:21.486","00532 14:00:28",242.99,845.40,,,,"     ",3.60,1749.27,1.13
532,444725464,"00532M13:47:22.459","00532 14:00:29",242.98,845.44,,,,"     ",3.60,1725.03,1.12
532,444725465,"00532M13:47:23.432","00532 14:00:30",242.98,845.43,,,,"     ",3.60,1727.59,1.12
532,444725466,"00532M13:47:24.406","00532 14:00:31",242.97,845.48,,,,"     ",3.60,1716.80,1.11
532,444725467,"00532M13:47:25.379","00532 14:00:32",242.95,845.45,,,,"     ",3.60,1721.00,1.12
532,444725468,"00532M13:47:26.352","00532 14:00:33",242.93,845.48,,,,"     ",3.60,1718.49,1.11
532,444725469,"00532M13:47:27.325","00532 14:00:34",242.90,845.42,,,,"     ",3.60,1719.81,1.11
532,444725470,"00532M13:47:28.299","00532 14:00:35",242.88,845.39,,,,"     ",3.60,1735.25,1.12
532,444725471,"00532M13:47:29.272","00532 14:00:36",242.86,845.48,,,,"     ",3.60,1716.42,1.11
532,444725472,"00532M13:47:30.245","00532 14:00:37",242.83,845.44,,,,"     ",3.60,1723.61,1.12
532,444725473,"00532M13:47:31.218","00532 14:00:38",242.80,845.47,,,,"     ",3.60,1707.00,1.11
532,444725474,"00532M13:47:32.192","00532 14:00:39",242.79,845.37,,,,"     ",3.60,1734.98,1.12
532,444725475,"00532M13:47:33.165","00532 14:00:39",242.78,845.39,,,,"     ",3.60,1718.24,1.11
532,444725476,"00532M13:47:34.138","00532 14:00:40",242.78,845.40,,,,"     ",3.60,1745.82,1.13
532,444725477,"00532M13:47:35.111","00532 14:00:41",242.78,845.45,,,,"     ",3.60,1712.86,1.11
532,444725478,"00532M13:47:36.085","00532 14:00:42",242.78,845.34,,,,"     ",3.60,1717.67,1.11
532,444725479,"00532M13:47:37.058","00532 14:00:43",242.79,845.27,,,,"     ",3.60,1715.80,1.11
532,444725480,"00532M13:47:38.031","00532 14:00:44",242.81,845.32,,,,"     ",3.60,1711.69,1.11
532,444725481,"00532M13:47:39.004","00532 14:00:45",242.83,845.32,,,,"     ",3.60,1730.38,1.12
532,444725482,"00532M13:47:39.978","00532 14:00:46",242.87,845.37,,,,"     ",3.60,1740.89,1.13
532,444725483,"00532M13:47:40.951","00532 14:00:47",242.92,845.41,,,,"     ",3.60,1739.87,1.13
532,444725484,"00532M13:47:41.924","00532 14:00:48",242.98,845.43,,,,"     ",3.60,1723.89,1.12
532,444725485,"00532M13:47:42.897","00532 14:00:49",243.05,845.35,,,,"     ",3.60,1733.28,1.12
532,444725486,"00532M13:47:43.871","00532 14:00:50",243.12,845.43,,,,"     ",3.60,1737.57,1.13
532,444725487,"00532M13:47:44.844","00532 14:00:51",243.19,845.41,,,,"     ",3.60,1731.03,1.12
532,444725488,"00532M13:47:45.817","00532 14:00:52",243.27,845.34,,,,"     ",3.60,1743.38,1.13
532,444725489,"00532M13:47:46.790","00532 14:00:53",243.36,845.41,,,,"     ",3.60,1734.30,1.12
532,444725490,"00532M13:47:47.764","00532 14:00:54",243.45,845.37,,,,"     ",3.60,1711.08,1.11
532,444725491,"00532M13:47:48.737","00532 14:00:55",243.55,845.38,,,,"     ",3.60,1732.58,1.12
532,444725492,"00532M13:47:49.710","00532 14:00:56",243.64,845.38,,,,"     ",3.60,1705.79,1.10
532,444725493,"00532M13:47:50.683","00532 14:00:57",243.72,845.44,,,,"     ",3.60,1731.74,1.12
532,444725494,"00532M13:47:51.657","00532 14:00:58",243.79,845.40,,,,"     ",3.60,1738.52,1.13
532,444725495,"00532M13:47:52.630","00532 14:00:59",243.84,845.37,,,,"     ",3.60,1728.05,1.12
532,444725496,"00532M13:47:53.603","00532 14:01:00",243.88,845.33,,,,"     ",3.60,1729.15,1.12
532,444725497,"00532M13:47:54.576","00532 14:01:01",243.90,845.38,,,,"     ",3.60,1728.67,1.12
532,444725498,"00532M13:47:55.550","00532 14:01:02",243.90,845.33,,,,"     ",3.60,1729.65,1.12
532,444725499,"00532M13:47:56.523","00532 14:01:03",243.88,845.38,,,,"     ",3.60,1732.46,1.12
532,444725500,"00532M13:47:57.496","00532 14:01:04",243.85,845.37,,,,"     ",3.60,1735.73,1.12
532,444725501,"00532M13:47:58.469","00532 14:01:05",243.80,845.27,,,,"     ",3.60,1728.23,1.12
532,444725502,"00532M13:47:59.443","00532 14:01:06",243.74,845.31,,,,"     ",3.60,1748.77,1.13
532,444725503,"00532M13:48:00.416","00532 14:01:07",243.66,845.34,,,,"     ",3.60,1720.73,1.11
532,444725504,"00532M13:48:01.389","00532 14:01:08",243.57,845.37,,,,"     ",3.60,1731.34,1.12
532,444725505,"00532M13:48:02.362","00532 14:01:09",243.48,845.38,,,,"     ",3.60,1749.26,1.13
532,444725506,"00532M13:48:03.336","00532 14:01:10",243.38,845.36,,,,"     ",3.60,1719.18,1.11
532,444725507,"00532M13:48:04.309","00532 14:01:11",243.30,845.37,,,,"     ",3.60,1738.14,1.12
532,444725508,"00532M13:48:05.282","00532 14:01:12",243.22,845.37,,,,"     ",3.60,1717.18,1.11
532,444725509,"00532M13:48:06.255","00532 14:01:13",243.16,845.31,,,,"     ",3.60,1724.16,1.11
532,444725510,"00532M13:48:07.229","00532 14:01:14",243.12,845.29,,,,"     ",3.60,1772.52,1.14
532,444725511,"00532M13:48:08.202","00532 14:01:15",243.08,845.35,,,,"     ",3.60,1735.66,1.12
532,444725512,"00532M13:48:09.175","00532 14:01:15",243.05,845.32,,,,"     ",3.60,1716.10,1.11
532,444725513,"00532M13:48:10.148","00532 14:01:16",243.04,845.30,,,,"     ",3.60,1727.88,1.11
532,444725514,"00532M13:48:11.122","00532 14:01:17",243.02,845.33,,,,"     ",3.60,1756.81,1.13
532,444725515,"00532M13:48:12.095","00532 14:01:18",243.01,845.40,,,,"     ",3.60,1746.34,1.12
532,444725516,"00532M13:48:13.068","00532 14:01:19",243.02,845.37,,,,"     ",3.60,1699.30,1.09
532,444725517,"00532M13:48:14.041","00532 14:01:20",243.02,845.36,,,,"     ",3.60,1736.02,1.12
532,444725518,"00532M13:48:15.015","00532 14:01:21",243.04,845.40,,,,"     ",3.60,1740.58,1.12
532,444725519,"00532M13:48:15.988","00532 14:01:22",243.06,845.22,,,,"     ",3.60,1723.72,1.11
532,444725520,"00532M13:48:16.961","00532 14:01:23",243.09,845.27,,,,"     ",3.60,1751.69,1.13
532,444725521,"00532M13:48:17.934","00532 14:01:24",243.13,845.34,,,,"     ",3.60,1751.56,1.13
532,444725522,"00532M13:48:18.908","00532 14:01:25",243.19,845.26,,,,"     ",3.60,1736.86,1.12
532,444725523,"00532M13:48:19.881","00532 14:01:26",243.24,845.28,,,,"     ",3.60,1739.23,1.12
532,444725524,"00532M13:48:20.854","00532 14:01:27",243.29,845.33,,,,"     ",3.60,1741.34,1.12
532,444725525,"00532M13:48:21.827","00532 14:01:28",243.34,845.30,,,,"     ",3.60,1756.14,1.13
532,444725526,"00532M13:48:22.801","00532 14:01:29",243.39,845.27,,,,"     ",3.60,1739.69,1.12
532,444725527,"00532M13:48:23.774","00532 14:01:30",243.43,845.25,,,,"     ",3.60,1725.56,1.11
532,444725528,"00532M13:48:24.747","00532 14:01:31",243.48,845.29,,,,"     ",3.60,1740.91,1.12
532,444725529,"00532M13:48:25.721","00532 14:01:32",243.52,845.34,,,,"     ",3.60,1733.74,1.11
532,444725530,"00532M13:48:26.694","00532 14:01:33",243.55,845.38,,,,"     ",3.60,1739.31,1.12
532,444725531,"00532M13:48:27.667","00532 14:01:34",243.56,845.29,,,,"     ",3.60,1723.60,1.11
532,444725532,"00532M13:48:28.640","00532 14:01:35",243.56,845.28,,,,"     ",3.60,1732.07,1.11
532,444725533,"00532M13:48:29.614","00532 14:01:36",243.54,845.25,,,,"     ",3.60,1735.33,1.11
532,444725534,"00532M13:48:30.587","00532 14:01:37",243.51,845.26,,,,"     ",3.60,1701.74,1.09
532,444725535,"00532M13:48:31.560","00532 14:01:38",243.48,845.35,,,,"     ",3.60,1722.74,1.10
532,444725536,"00532M13:48:32.533","00532 14:01:39",243.43,845.34,,,,"     ",3.60,1743.72,1.12
532,444725537,"00532M13:48:33.507","00532 14:01:40",243.39,845.36,,,,"     ",3.60,1750.21,1.12
532,444725538,"00532M13:48:34.480","00532 14:01:41",243.35,845.34,,,,"     ",3.60,1748.98,1.12
532,444725539,"00532M13:48:35.453","00532 14:01:42",243.32,845.30,,,,"     ",3.60,1740.93,1.11
532,444725540,"00532M13:48:36.426","00532 14:01:43",243.29,845.26,,,,"     ",3.60,1724.60,1.10
532,444725541,"00532M13:48:37.400","00532 14:01:44",243.26,845.30,,,,"     ",3.60,1723.80,1.10
532,444725542,"00532M13:48:38.373","00532 14:01:45",243.23,845.29,,,,"     ",3.60,1741.24,1.11
532,444725543,"00532M13:48:39.346","00532 14:01:46",243.19,845.33,,,,"     ",3.60,1725.64,1.10
532,444725544,"00532M13:48:40.319","00532 14:01:47",243.15,845.29,,,,"     ",3.60,1747.51,1.12
532,444725545,"00532M13:48:41.293","00532 14:01:48",243.09,845.28,,,,"     ",3.60,1750.84,1.12
532,444725546,"00532M13:48:42.266","00532 14:01:49",243.02,845.33,,,,"     ",3.60,1765.22,1.13
532,444725547,"00532M13:48:43.239","00532 14:01:50",242.94,845.19,,,,"     ",3.60,1741.92,1.11
532,444725548,"00532M13:48:44.212","00532 14:01:51",242.85,845.15,,,,"     ",3.60,1747.61,1.11
532,444725549,"00532M13:48:45.186","00532 14:01:52",242.75,845.30,,,,"     ",3.60,1749.51,1.12
532,444725550,"00532M13:48:46.159","00532 14:01:52",242.65,845.27,,,,"     ",3.60,1752.34,1.12
532,444725551,"00532M13:48:47.132","00532 14:01:53",242.55,845.27,,,,"     ",3.60,1738.81,1.11
532,444725552,"00532M13:48:48.105","00532 14:01:54",242.45,845.27,,,,"     ",3.60,1771.79,1.13
532,444725553,"00532M13:48:49.079","00532 14:01:55",242.35,845.27,,,,"     ",3.60,1737.96,1.11
532,444725554,"00532M13:48:50.052","00532 14:01:56",242.27,845.27,,,,"     ",3.60,1751.88,1.12
532,444725555,"00532M13:48:51.025","00532 14:01:57",242.19,845.27,,,,"     ",3.60,1752.92,1.12
532,444725556,"00532M13:48:51.998","00532 14:01:58",242.14,845.31,,,,"     ",3.60,1768.07,1.13
532,444725557,"00532M13:48:52.972","00532 14:01:59",242.10,845.31,,,,"     ",3.60,1743.50,1.11
532,444725558,"00532M13:48:53.945","00532 14:02:00",242.07,845.24,,,,"     ",3.60,1759.68,1.12
532,444725559,"00532M13:48:54.918","00532 14:02:01",242.08,845.22,,,,"     ",3.60,1734.39,1.10
532,444725560,"00532M13:48:55.891","00532 14:02:02",242.10,845.21,,,,"     ",3.60,1741.58,1.11
532,444725561,"00532M13:48:56.865","00532 14:02:03",242.14,845.22,,,,"     ",3.60,1720.63,1.09
532,444725562,"00532M13:48:57.838","00532 14:02:04",242.19,845.29,,,,"     ",3.60,1724.54,1.10
532,444725563,"00532M13:48:58.811","00532 14:02:05",242.25,845.23,,,,"     ",3.60,1753.69,1.11
532,444725564,"00532M13:48:59.784","00532 14:02:06",242.31,845.23,,,,"     ",3.60,1732.22,1.10
532,444725565,"00532M13:49:00.758","00532 14:02:07",242.37,845.21,,,,"     ",3.60,1734.13,1.10
532,444725566,"00532M13:49:01.731","00532 14:02:08",242.43,845.19,,,,"     ",3.60,1740.76,1.11
532,444725567,"00532M13:49:02.704","00532 14:02:09",242.48,845.31,,,,"     ",3.60,1767.43,1.12
532,444725568,"00532M13:49:03.677","00532 14:02:10",242.52,845.24,,,,"     ",3.60,1736.36,1.10
532,444725569,"00532M13:49:04.651","00532 14:02:11",242.54,845.27,,,,"     ",3.60,1755.80,1.11
532,444725570,"00532M13:49:05.624","00532 14:02:12",242.54,845.19,,,,"     ",3.60,1732.45,1.10
532,444725571,"00532M13:49:06.597","00532 14:02:13",242.52,845.28,,,,"     ",3.60,1737.97,1.10
532,444725572,"00532M13:49:07.570","00532 14:02:14",242.47,845.24,,,,"     ",3.60,1747.78,1.11
532,444725573,"00532M13:49:08.544","00532 14:02:15",242.41,845.27,,,,"     ",3.60,1744.13,1.11
532,444725574,"00532M13:49:09.517","00532 14:02:16",242.34,845.24,,,,"     ",3.60,1752.23,1.11
532,444725575,"00532M13:49:10.490","00532 14:02:17",242.27,845.28,,,,"     ",3.60,1777.75,1.13
532,444725576,"00532M13:49:11.463","00532 14:02:18",242.20,845.29,,,,"     ",3.60,1751.65,1.11
532,444725577,"00532M13:49:12.437","00532 14:02:19",242.15,845.21,,,,"     ",3.60,1750.31,1.11
532,444725578,"00532M13:49:13.410","00532 14:02:20",242.11,845.23,,,,"     ",3.60,1766.83,1.12
532,444725579,"00532M13:49:14.383","00532 14:02:21",242.08,845.18,,,,"     ",3.60,1778.58,1.13
532,444725580,"00532M13:49:15.356","00532 14:02:22",242.07,845.21,,,,"     ",3.60,1751.49,1.11
532,444725581,"00532M13:49:16.330","00532 14:02:23",242.07,845.19,,,,"     ",3.60,1765.80,1.12
532,444725582,"00532M13:49:17.303","00532 14:02:24",242.09,845.14,,,,"     ",3.60,1758.84,1.11
532,444725583,"00532M13:49:18.276","00532 14:02:25",242.12,845.25,,,,"     ",3.60,1754.37,1.11
532,444725584,"00532M13:49:19.249","00532 14:02:26",242.18,845.31,,,,"     ",3.60,1753.10,1.11
532,444725585,"00532M13:49:20.223","00532 14:02:27",242.25,845.25,,,,"     ",3.60,1777.34,1.12
532,444725586,"00532M13:49:21.196","00532 14:02:28",242.35,845.31,,,,"     ",3.60,1764.32,1.12
532,444725587,"00532M13:49:22.169","00532 14:02:28",242.46,845.18,,,,"     ",3.60,1744.87,1.10
532,444725588,"00532M13:49:23.142","00532 14:02:29",242.56,845.20,,,,"     ",3.60,1745.37,1.10
532,444725589,"00532M13:49:24.116","00532 14:02:30",242.67,845.22,,,,"     ",3.60,1760.06,1.11
532,444725590,"00532M13:49:25.089","00532 14:02:31",242.77,845.19,,,,"     ",3.60,1763.51,1.11
532,444725591,"00532M13:49:26.062","00532 14:02:32",242.86,845.25,,,,"     ",3.60,1754.25,1.11
532,444725592,"00532M13:49:27.035","00532 14:02:33",242.96,845.17,,,,"     ",3.60,1771.63,1.12
532,444725593,"00532M13:49:28.009","00532 14:02:34",243.04,845.21,,,,"     ",3.60,1748.55,1.10
532,444725594,"00532M13:49:28.982","00532 14:02:35",243.12,845.16,,,,"     ",3.60,1748.46,1.10
532,444725595,"00532M13:49:29.955","00532 14:02:36",243.18,845.17,,,,"     ",3.60,1775.12,1.12
532,444725596,"00532M13:49:30.928","00532 14:02:37",243.23,845.12,,,,"     ",3.60,1761.13,1.11
532,444725597,"00532M13:49:31.902","00532 14:02:38",243.25,845.19,,,,"     ",3.60,1780.93,1.12
532,444725598,"00532M13:49:32.875","00532 14:02:39",243.25,845.13,,,,"     ",3.60,1789.47,1.13
532,444725599,"00532M13:49:33.848","00532 14:02:40",243.22,845.12,,,,"     ",3.60,1761.46,1.11
532,444725600,"00532M13:49:34.822","00532 14:02:41",243.17,845.14,,,,"     ",3.60,1775.21,1.12
532,444725601,"00532M13:49:35.795","00532 14:02:42",243.09,845.10,,,,"     ",3.60,1740.91,1.09
532,444725602,"00532M13:49:36.768","00532 14:02:43",243.00,845.09,,,,"     ",3.60,1765.52,1.11
532,444725603,"00532M13:49:37.741","00532 14:02:44",242.89,845.11,,,,"     ",3.60,1787.75,1.12
532,444725604,"00532M13:49:38.715","00532 14:02:45",242.78,845.10,,,,"     ",3.60,1775.28,1.12
532,444725605,"00532M13:49:39.688","00532 14:02:46",242.67,845.14,,,,"     ",3.60,1770.02,1.11
532,444725606,"00532M13:49:40.661","00532 14:02:47",242.56,845.14,,,,"     ",3.60,1752.63,1.10
532,444725607,"00532M13:49:41.634","00532 14:02:48",242.47,845.16,,,,"     ",3.60,1780.98,1.12
532,444725608,"00532M13:49:42.608","00532 14:02:49",242.37,845.19,,,,"     ",3.60,1758.48,1.10
532,444725609,"00532M13:49:43.581","00532 14:02:50",242.29,845.19,,,,"     ",3.60,1775.75,1.11
532,444725610,"00532M13:49:44.554","00532 14:02:51",242.22,845.04,,,,"     ",3.60,1767.08,1.11
532,444725611,"00532M13:49:45.527","00532 14:02:52",242.18,845.09,,,,"     ",3.60,1782.77,1.12
532,444725612,"00532M13:49:46.501","00532 14:02:53",242.17,845.07,,,,"     ",3.60,1792.61,1.12
532,444725613,"00532M13:49:47.474","00532 14:02:54",242.17,845.09,,,,"     ",3.60,1766.67,1.11
532,444725614,"00532M13:49:48.447","00532 14:02:55",242.21,845.11,,,,"     ",3.60,1780.59,1.12
532,444725615,"00532M13:49:49.420","00532 14:02:56",242.25,845.17,,,,"     ",3.60,1780.73,1.12
532,444725616,"00532M13:49:50.394","00532 14:02:57",242.31,845.13,,,,"     ",3.60,1774.68,1.11
532,444725617,"00532M13:49:51.367","00532 14:02:58",242.39,845.13,,,,"     ",3.60,1777.35,1.11
532,444725618,"00532M13:49:52.340","00532 14:02:59",242.48,845.08,,,,"     ",3.60,1765.75,1.10
532,444725619,"00532M13:49:53.313","00532 14:03:00",242.57,845.15,,,,"     ",3.60,1784.09,1.12
532,444725620,"00532M13:49:54.287","00532 14:03:01",242.69,845.14,,,,"     ",3.60,1780.44,1.11
532,444725621,"00532M13:49:55.260","00532 14:03:02",242.82,845.17,,,,"     ",3.60,1776.97,1.11
532,444725622,"00532M13:49:56.233","00532 14:03:03",242.96,845.19,,,,"     ",3.60,1798.12,1.12
532,444725623,"00532M13:49:57.206","00532 14:03:04",243.11,845.13,,,,"     ",3.60,1767.08,1.10
532,444725624,"00532M13:49:58.180","00532 14:03:05",243.27,845.18,,,,"     ",3.60,1794.89,1.12
532,444725625,"00532M13:49:59.153","00532 14:03:05",243.42,845.11,,,,"     ",3.60,1779.95,1.11
532,444725626,"00532M13:50:00.126","00532 14:03:06",243.56,845.19,,,,"     ",3.60,1763.04,1.10
532,444725627,"00532M13:50:01.099","00532 14:03:07",243.69,845.11,,,,"     ",3.60,1776.60,1.11
532,444725628,"00532M13:50:02.073","00532 14:03:08",243.79,845.12,,,,"     ",3.60,1757.07,1.09
532,444725629,"00532M13:50:03.046","00532 14:03:09",243.88,845.13,,,,"     ",3.60,1786.80,1.11
532,444725630,"00532M13:50:04.019","00532 14:03:10",243.94,845.10,,,,"     ",3.60,1754.90,1.09
532,444725631,"00532M13:50:04.992","00532 14:03:11",243.99,845.15,,,,"     ",3.60,1784.72,1.11
532,444725632,"00532M13:50:05.966","00532 14:03:12",244.03,845.16,,,,"     ",3.60,1786.05,1.11
532,444725633,"00532M13:50:06.939","00532 14:03:13",244.06,845.12,,,,"     ",3.60,1748.78,1.09
532,444725634,"00532M13:50:07.912","00532 14:03:14",244.09,845.08,,,,"     ",3.60,1757.93,1.09
532,444725635,"00532M13:50:08.885","00532 14:03:15",244.12,845.07,,,,"     ",3.60,1783.39,1.11
532,444725636,"00532M13:50:09.859","00532 14:03:16",244.16,845.07,,,,"     ",3.60,1796.15,1.12
532,444725637,"00532M13:50:10.832","00532 14:03:17",244.21,844.98,,,,"     ",3.60,1779.58,1.11
532,444725638,"00532M13:50:11.805","00532 14:03:18",244.28,845.10,,,,"     ",3.60,1781.84,1.11
532,444725639,"00532M13:50:12.778","00532 14:03:19",244.35,845.10,,,,"     ",3.60,1784.89,1.11
532,444725640,"00532M13:50:13.752","00532 14:03:20",244.44,845.05,,,,"     ",3.60,1789.79,1.11
532,444725641,"00532M13:50:14.725","00532 14:03:21",244.54,845.07,,,,"     ",3.60,1776.21,1.10
532,444725642,"00532M13:50:15.698","00532 14:03:22",244.62,845.10,,,,"     ",3.60,1775.52,1.10
532,444725643,"00532M13:50:16.671","00532 14:03:23",244.69,845.20,,,,"     ",3.60,1777.01,1.10
532,444725644,"00532M13:50:17.645","00532 14:03:24",244.73,845.16,,,,"     ",3.60,1782.61,1.10
532,444725645,"00532M13:50:18.618","00532 14:03:25",244.75,845.11,,,,"     ",3.60,1777.90,1.10
532,444725646,"00532M13:50:19.591","00532 14:03:26",244.74,845.11,,,,"     ",3.60,1780.72,1.10
532,444725647,"00532M13:50:20.564","00532 14:03:27",244.71,844.93,,,,"     ",3.60,1785.63,1.11
532,444725648,"00532M13:50:21.538","00532 14:03:28",244.67,844.92,,,,"     ",3.60,1789.13,1.11
532,444725649,"00532M13:50:22.511","00532 14:03:29",244.61,845.07,,,,"     ",3.60,1804.52,1.12
532,444725650,"00532M13:50:23.484","00532 14:03:30",244.57,845.02,,,,"     ",3.60,1788.57,1.11
532,444725651,"00532M13:50:24.457","00532 14:03:31",244.56,844.98,,,,"     ",3.60,1797.32,1.11
532,444725652,"00532M13:50:25.431","00532 14:03:32",244.56,845.12,,,,"     ",3.60,1783.33,1.10
532,444725653,"00532M13:50:26.404","00532 14:03:33",244.58,845.11,,,,"     ",3.60,1779.34,1.10
532,444725654,"00532M13:50:27.377","00532 14:03:34",244.61,845.04,,,,"     ",3.60,1808.70,1.12
532,444725655,"00532M13:50:28.350","00532 14:03:35",244.65,845.09,,,,"     ",3.60,1783.40,1.10
532,444725656,"00532M13:50:29.324","00532 14:03:36",244.71,845.07,,,,"     ",3.60,1814.78,1.12
532,444725657,"00532M13:50:30.297","00532 14:03:37",244.78,845.09,,,,"     ",3.60,1801.02,1.11
532,444725658,"00532M13:50:31.270","00532 14:03:38",244.87,845.05,,,,"     ",3.60,1820.21,1.13
532,444725659,"00532M13:50:32.243","00532 14:03:39",244.96,845.06,,,,"     ",3.60,1784.82,1.10
532,444725660,"00532M13:50:33.217","00532 14:03:40",245.08,845.03,,,,"     ",3.60,1769.08,1.09
532,444725661,"00532M13:50:34.190","00532 14:03:41",245.20,845.03,,,,"     ",3.60,1813.80,1.12
532,444725662,"00532M13:50:35.163","00532 14:03:42",245.35,845.03,,,,"     ",3.60,1808.79,1.12
532,444725663,"00532M13:50:36.136","00532 14:03:42",245.51,845.01,,,,"     ",3.60,1785.54,1.10
532,444725664,"00532M13:50:37.110","00532 14:03:43",245.95,844.95,,,5.38,"  101100",3.60,1774.02,1.09
532,444725665,"00532M13:50:38.083","00532 14:03:44",246.04,844.92,,,,"     ",3.60,1797.27,1.11
532,444725666,"00532M13:50:39.056","00532 14:03:45",246.12,844.86,,,,"     ",3.60,1790.44,1.10
532,444725667,"00532M13:50:40.029","00532 14:03:46",246.20,844.89,,,,"     ",3.60,1793.40,1.11
532,444725668,"00532M13:50:41.003","00532 14:03:47",246.28,844.99,,,,"     ",3.60,1793.61,1.11
532,444725669,"00532M13:50:41.976","00532 14:03:48",246.36,845.01,,,,"     ",3.60,1774.59,1.09
532,444725670,"00532M13:50:42.949","00532 14:03:49",246.43,844.98,,,,"     ",3.60,1791.35,1.10
532,444725671,"00532M13:50:43.923","00532 14:03:50",246.50,845.03,,,,"     ",3.60,1796.84,1.11
532,444725672,"00532M13:50:44.896","00532 14:03:51",246.57,844.90,,,,"     ",3.60,1790.07,1.10
532,444725673,"00532M13:50:45.869","00532 14:03:52",246.63,845.04,,,,"     ",3.60,1801.44,1.11
532,444725674,"00532M13:50:46.842","00532 14:03:53",246.69,844.89,,,,"     ",3.60,1800.83,1.11
532,444725675,"00532M13:50:47.816","00532 14:03:54",246.74,845.03,,,,"     ",3.60,1811.29,1.11
532,444725676,"00532M13:50:48.789","00532 14:03:55",246.79,845.06,,,,"     ",3.60,1782.05,1.10
532,444725677,"00532M13:50:49.762","00532 14:03:56",246.83,845.12,,,,"     ",3.60,1789.51,1.10
532,444725678,"00532M13:50:50.735","00532 14:03:57",246.89,845.14,,,,"     ",3.60,1800.77,1.11
532,444725679,"00532M13:50:51.709","00532 14:03:58",246.94,845.15,,,,"     ",3.60,1777.55,1.09
532,444725680,"00532M13:50:52.682","00532 14:03:59",246.99,845.07,,,,"     ",3.60,1779.84,1.09
532,444725681,"00532M13:50:53.655","00532 14:04:00",247.04,844.92,,,,"     ",3.60,1796.62,1.10
532,444725682,"00532M13:50:54.628","00532 14:04:01",247.08,845.03,,,,"     ",3.60,1801.96,1.11
532,444725683,"00532M13:50:55.602","00532 14:04:02",247.12,845.03,,,,"     ",3.60,1806.83,1.11
532,444725684,"00532M13:50:56.575","00532 14:04:03",247.15,845.00,,,,"     ",3.60,1767.43,1.08
532,444725685,"00532M13:50:57.548","00532 14:04:04",247.17,844.99,,,,"     ",3.60,1793.59,1.10
532,444725686,"00532M13:50:58.521","00532 14:04:05",247.19,844.98,,,,"     ",3.60,1783.08,1.09
532,444725687,"00532M13:50:59.495","00532 14:04:06",247.20,844.98,,,,"     ",3.60,1791.54,1.10
532,444725688,"00532M13:51:00.468","00532 14:04:07",247.20,844.90,,,,"     ",3.60,1788.48,1.10
532,444725689,"00532M13:51:01.441","00532 14:04:08",247.20,844.88,,,,"     ",3.60,1803.35,1.11
532,444725690,"00532M13:51:02.414","00532 14:04:09",247.19,844.98,,,,"     ",3.60,1799.32,1.10
532,444725691,"00532M13:51:03.388","00532 14:04:10",247.18,845.01,,,,"     ",3.60,1802.23,1.11
532,444725692,"00532M13:51:04.361","00532 14:04:11",247.18,845.02,,,,"     ",3.60,1814.24,1.11
532,444725693,"00532M13:51:05.334","00532 14:04:12",247.18,844.99,,,,"     ",3.60,1814.90,1.11
532,444725694,"00532M13:51:06.307","00532 14:04:13",247.17,844.98,,,,"     ",3.60,1809.20,1.11
532,444725695,"00532M13:51:07.281","00532 14:04:14",247.16,844.96,,,,"     ",3.60,1829.29,1.12
532,444725696,"00532M13:51:08.254","00532 14:04:15",247.15,844.92,,,,"     ",3.60,1801.32,1.10
532,444725697,"00532M13:51:09.227","00532 14:04:16",247.13,844.94,,,,"     ",3.60,1821.04,1.12
532,444725698,"00532M13:51:10.200","00532 14:04:17",247.11,844.86,,,,"     ",3.60,1765.50,1.08
532,444725699,"00532M13:51:11.174","00532 14:04:18",247.10,844.98,,,,"     ",3.60,1807.09,1.11
532,444725700,"00532M13:51:12.147","00532 14:04:18",247.11,845.06,,,,"     ",3.60,1799.49,1.10
532,444725701,"00532M13:51:13.120","00532 14:04:19",247.11,844.92,,,,"     ",3.60,1783.16,1.09
532,444725702,"00532M13:51:14.093","00532 14:04:20",247.12,844.94,,,,"     ",3.60,1785.44,1.09
532,444725703,"00532M13:51:15.067","00532 14:04:21",247.12,845.08,,,,"     ",3.60,1812.30,1.11
532,444725704,"00532M13:51:16.040","00532 14:04:22",247.09,844.98,,,,"     ",3.60,1805.10,1.10
532,444725705,"00532M13:51:17.013","00532 14:04:23",247.04,844.94,,,,"     ",3.60,1787.99,1.09
532,444725706,"00532M13:51:17.986","00532 14:04:24",246.97,844.98,,,,"     ",3.60,1813.43,1.11
532,444725707,"00532M13:51:18.960","00532 14:04:25",246.88,845.05,,,,"     ",3.60,1812.95,1.11
532,444725708,"00532M13:51:19.933","00532 14:04:26",246.78,845.03,,,,"     ",3.60,1808.46,1.10
532,444725709,"00532M13:51:20.906","00532 14:04:27",246.68,844.97,,,,"     ",3.60,1813.98,1.11
532,444725710,"00532M13:51:21.879","00532 14:04:28",246.58,844.97,,,,"     ",3.60,1787.42,1.09
532,444725711,"00532M13:51:22.853","00532 14:04:29",246.48,844.98,,,,"     ",3.60,1785.69,1.09
532,444725712,"00532M13:51:23.826","00532 14:04:30",246.37,844.99,,,,"     ",3.60,1813.64,1.11
532,444725713,"00532M13:51:24.799","00532 14:04:31",246.26,845.01,,,,"     ",3.60,1801.52,1.10
532,444725714,"00532M13:51:25.772","00532 14:04:32",246.16,845.01,,,,"     ",3.60,1814.22,1.11
532,444725715,"00532M13:51:26.746","00532 14:04:33",246.05,845.00,,,,"     ",3.60,1794.70,1.09
532,444725716,"00532M13:51:27.719","00532 14:04:34",245.96,845.04,,,,"     ",3.60,1797.86,1.09
532,444725717,"00532M13:51:28.692","00532 14:04:35",245.87,844.98,,,,"     ",3.60,1848.91,1.13
532,444725718,"00532M13:51:29.665","00532 14:04:36",245.80,844.99,,,,"     ",3.60,1790.32,1.09
532,444725719,"00532M13:51:30.639","00532 14:04:37",245.73,844.94,,,,"     ",3.60,1802.11,1.09
532,444725720,"00532M13:51:31.612","00532 14:04:38",245.65,844.89,,,,"     ",3.60,1811.53,1.10
532,444725721,"00532M13:51:32.585","00532 14:04:39",245.58,844.91,,,,"     ",3.60,1793.27,1.09
532,444725722,"00532M13:51:33.558","00532 14:04:40",245.51,844.90,,,,"     ",3.60,1807.75,1.10
532,444725723,"00532M13:51:34.532","00532 14:04:41",245.46,844.95,,,,"     ",3.60,1805.98,1.10
532,444725724,"00532M13:51:35.505","00532 14:04:42",245.43,844.92,,,,"     ",3.60,1802.28,1.09
532,444725725,"00532M13:51:36.478","00532 14:04:43",245.41,844.90,,,,"     ",3.60,1816.22,1.10
532,444725726,"00532M13:51:37.451","00532 14:04:44",245.42,844.98,,,,"     ",3.60,1824.13,1.11
532,444725727,"00532M13:51:38.425","00532 14:04:45",245.44,845.01,,,,"     ",3.60,1812.55,1.10
532,444725728,"00532M13:51:39.398","00532 14:04:46",245.47,845.04,,,,"     ",3.60,1808.47,1.10
532,444725729,"00532M13:51:40.371","00532 14:04:47",245.51,844.97,,,,"     ",3.60,1835.32,1.11
532,444725730,"00532M13:51:41.344","00532 14:04:48",245.55,845.05,,,,"     ",3.60,1857.30,1.13
532,444725731,"00532M13:51:42.318","00532 14:04:49",245.59,845.00,,,,"     ",3.60,1812.16,1.10
532,444725732,"00532M13:51:43.291","00532 14:04:50",245.62,844.96,,,,"     ",3.60,1814.60,1.10
532,444725733,"00532M13:51:44.264","00532 14:04:51",245.66,844.98,,,,"     ",3.60,1819.60,1.10
532,444725734,"00532M13:51:45.237","00532 14:04:52",245.68,844.95,,,,"     ",3.60,1815.91,1.10
532,444725735,"00532M13:51:46.211","00532 14:04:53",245.69,845.02,,,,"     ",3.60,1843.29,1.11
532,444725736,"00532M13:51:47.184","00532 14:04:54",245.69,844.84,,,,"     ",3.60,1824.33,1.10
532,444725737,"00532M13:51:48.157","00532 14:04:55",245.67,844.91,,,,"     ",3.60,1833.07,1.11
532,444725738,"00532M13:51:49.130","00532 14:04:55",245.64,844.90,,,,"     ",3.60,1807.19,1.09
532,444725739,"00532M13:51:50.104","00532 14:04:56",245.62,844.94,,,,"     ",3.60,1829.70,1.10
532,444725740,"00532M13:51:51.077","00532 14:04:57",245.61,844.88,,,,"     ",3.60,1815.52,1.09
532,444725741,"00532M13:51:52.050","00532 14:04:58",245.61,844.88,,,,"     ",3.60,1841.79,1.11
532,444725742,"00532M13:51:53.023","00532 14:04:59",245.62,844.95,,,,"     ",3.60,1828.55,1.10
532,444725743,"00532M13:51:53.997","00532 14:05:00",245.66,844.93,,,,"     ",3.60,1820.34,1.10
532,444725744,"00532M13:51:54.970","00532 14:05:01",245.71,844.92,,,,"     ",3.60,1823.13,1.10
532,444725745,"00532M13:51:55.943","00532 14:05:02",245.75,844.95,,,,"     ",3.60,1816.78,1.09
532,444725746,"00532M13:51:56.917","00532 14:05:03",245.79,844.94,,,,"     ",3.60,1814.43,1.09
532,444725747,"00532M13:51:57.890","00532 14:05:04",245.83,844.92,,,,"     ",3.60,1798.29,1.08
532,444725748,"00532M13:51:58.863","00532 14:05:05",245.86,844.90,,,,"     ",3.60,1821.37,1.10
532,444725749,"00532M13:51:59.836","00532 14:05:06",245.87,844.92,,,,"     ",3.60,1812.15,1.09
532,444725750,"00532M13:52:00.810","00532 14:05:07",245.88,844.87,,,,"     ",3.60,1803.12,1.09
532,444725751,"00532M13:52:01.783","00532 14:05:08",245.88,844.83,,,,"     ",3.60,1816.42,1.09
532,444725752,"00532M13:52:02.756","00532 14:05:09",245.86,844.90,,,,"     ",3.60,1833.11,1.10
532,444725753,"00532M13:52:03.729","00532 14:05:10",245.83,844.84,,,,"     ",3.60,1828.17,1.10
532,444725754,"00532M13:52:04.703","00532 14:05:11",245.79,844.89,,,,"     ",3.60,1817.68,1.09
532,444725755,"00532M13:52:05.676","00532 14:05:12",245.74,844.88,,,,"     ",3.60,1836.34,1.10
532,444725756,"00532M13:52:06.649","00532 14:05:13",245.67,844.92,,,,"     ",3.60,1820.16,1.09
532,444725757,"00532M13:52:07.622","00532 14:05:14",245.60,844.93,,,,"     ",3.60,1825.26,1.10
532,444725758,"00532M13:52:08.596","00532 14:05:15",245.54,844.87,,,,"     ",3.60,1825.61,1.10
532,444725759,"00532M13:52:09.569","00532 14:05:16",245.48,844.91,,,,"     ",3.60,1835.63,1.10
532,444725760,"00532M13:52:10.542","00532 14:05:17",245.43,844.85,,,,"     ",3.60,1821.05,1.09
532,444725761,"00532M13:52:11.515","00532 14:05:18",245.39,844.87,,,,"     ",3.60,1799.55,1.08
532,444725762,"00532M13:52:12.489","00532 14:05:19",245.35,844.88,,,,"     ",3.60,1823.29,1.10
532,444725763,"00532M13:52:13.462","00532 14:05:20",245.31,844.87,,,,"     ",3.60,1813.95,1.09
532,444725764,"00532M13:52:14.435","00532 14:05:21",245.28,844.96,,,,"     ",3.60,1805.86,1.08
532,444725765,"00532M13:52:15.408","00532 14:05:22",245.24,844.93,,,,"     ",3.60,1807.30,1.08
532,444725766,"00532M13:52:16.382","00532 14:05:23",245.20,844.80,,,,"     ",3.60,1817.28,1.09
532,444725767,"00532M13:52:17.355","00532 14:05:24",245.17,844.89,,,,"     ",3.60,1821.06,1.09
532,444725768,"00532M13:52:18.328","00532 14:05:25",245.13,844.91,,,,"     ",3.60,1832.05,1.10
532,444725769,"00532M13:52:19.301","00532 14:05:26",245.09,844.90,,,,"     ",3.60,1817.70,1.09
532,444725770,"00532M13:52:20.275","00532 14:05:27",245.05,844.89,,,,"     ",3.60,1823.81,1.09
532,444725771,"00532M13:52:21.248","00532 14:05:28",245.01,844.91,,,,"     ",3.60,1830.66,1.10
532,444725772,"00532M13:52:22.221","00532 14:05:29",244.97,844.89,,,,"     ",3.60,1827.81,1.10
532,444725773,"00532M13:52:23.194","00532 14:05:30",244.93,844.91,,,,"     ",3.60,1826.15,1.09
532,444725774,"00532M13:52:24.168","00532 14:05:31",244.89,844.94,,,,"     ",3.60,1798.45,1.08
532,444725775,"00532M13:52:25.141","00532 14:05:31",244.84,844.88,,,,"     ",3.60,1819.48,1.09
532,444725776,"00532M13:52:26.114","00532 14:05:32",244.79,844.84,,,,"     ",3.60,1842.77,1.10
532,444725777,"00532M13:52:27.087","00532 14:05:33",244.74,844.84,,,,"     ",3.60,1835.72,1.10
532,444725778,"00532M13:52:28.061","00532 14:05:34",244.69,844.89,,,,"     ",3.60,1816.22,1.09
532,444725779,"00532M13:52:29.034","00532 14:05:35",244.64,844.82,,,,"     ",3.60,1822.23,1.09
532,444725780,"00532M13:52:30.007","00532 14:05:36",244.59,844.81,,,,"     ",3.60,1826.60,1.09
532,444725781,"00532M13:52:30.980","00532 14:05:37",244.55,844.89,,,,"     ",3.60,1823.69,1.09
532,444725782,"00532M13:52:31.954","00532 14:05:38",244.50,844.87,,,,"     ",3.60,1836.40,1.10
532,444725783,"00532M13:52:32.927","00532 14:05:39",244.46,844.88,,,,"     ",3.60,1829.26,1.09
532,444725784,"00532M13:52:33.900","00532 14:05:40",244.41,844.90,,,,"     ",3.60,1844.46,1.10
532,444725785,"00532M13:52:34.873","00532 14:05:41",244.36,844.88,,,,"     ",3.60,1821.14,1.09
532,444725786,"00532M13:52:35.847","00532 14:05:42",244.30,844.91,,,,"     ",3.60,1824.99,1.09
532,444725787,"00532M13:52:36.820","00532 14:05:43",244.24,844.86,,,,"     ",3.60,1816.66,1.09
532,444725788,"00532M13:52:37.793","00532 14:05:44",244.17,844.86,,,,"     ",3.60,1863.79,1.12
532,444725789,"00532M13:52:38.766","00532 14:05:45",244.11,844.79,,,,"     ",3.60,1835.23,1.10
532,444725790,"00532M13:52:39.740","00532 14:05:46",244.04,844.89,,,,"     ",3.60,1818.69,1.09
532,444725791,"00532M13:52:40.713","00532 14:05:47",243.99,844.78,,,,"     ",3.60,1807.87,1.08
532,444725792,"00532M13:52:41.686","00532 14:05:48",243.93,844.82,,,,"     ",3.60,1826.00,1.09
532,444725793,"00532M13:52:42.659","00532 14:05:49",243.88,844.83,,,,"     ",3.60,1833.29,1.10
532,444725794,"00532M13:52:43.633","00532 14:05:50",243.84,844.90,,,,"     ",3.60,1830.90,1.09
532,444725795,"00532M13:52:44.606","00532 14:05:51",243.79,844.87,,,,"     ",3.60,1806.34,1.08
532,444725796,"00532M13:52:45.579","00532 14:05:52",243.75,844.90,,,,"     ",3.60,1834.69,1.10
532,444725797,"00532M13:52:46.552","00532 14:05:53",243.72,844.83,,,,"     ",3.60,1822.59,1.09
532,444725798,"00532M13:52:47.526","00532 14:05:54",243.69,844.87,,,,"     ",3.60,1863.20,1.11
532,444725799,"00532M13:52:48.499","00532 14:05:55",243.68,844.86,,,,"     ",3.60,1833.03,1.09
532,444725800,"00532M13:52:49.472","00532 14:05:56",243.68,844.87,,,,"     ",3.60,1831.30,1.09
532,444725801,"00532M13:52:50.445","00532 14:05:57",243.71,844.87,,,,"     ",3.60,1828.23,1.09
532,444725802,"00532M13:52:51.419","00532 14:05:58",243.74,844.82,,,,"     ",3.60,1825.77,1.09
532,444725803,"00532M13:52:52.392","00532 14:05:59",243.79,844.81,,,,"     ",3.60,1802.29,1.07
532,444725804,"00532M13:52:53.365","00532 14:06:00",243.83,844.81,,,,"     ",3.60,1835.13,1.09
532,444725805,"00532M13:52:54.338","00532 14:06:01",243.87,844.80,,,,"     ",3.60,1820.83,1.09
532,444725806,"00532M13:52:55.312","00532 14:06:02",243.91,844.83,,,,"     ",3.60,1829.62,1.09
532,444725807,"00532M13:52:56.285","00532 14:06:03",243.95,844.71,,,,"     ",3.60,1826.13,1.09
532,444725808,"00532M13:52:57.258","00532 14:06:04",243.98,844.75,,,,"     ",3.60,1879.95,1.12
532,444725809,"00532M13:52:58.231","00532 14:06:05",244.02,844.75,,,,"     ",3.60,1870.28,1.11
532,444725810,"00532M13:52:59.205","00532 14:06:06",244.04,844.80,,,,"     ",3.60,1826.08,1.09
532,444725811,"00532M13:53:00.178","00532 14:06:07",244.06,844.74,,,,"     ",3.60,1829.24,1.09
532,444725812,"00532M13:53:01.151","00532 14:06:08",244.07,844.72,,,,"     ",3.60,1842.65,1.10
532,444725813,"00532M13:53:02.124","00532 14:06:08",244.06,844.76,,,,"     ",3.60,1821.13,1.09
532,444725814,"00532M13:53:03.098","00532 14:06:09",244.04,844.77,,,,"     ",3.60,1838.14,1.10
532,444725815,"00532M13:53:04.071","00532 14:06:10",244.01,844.74,,,,"     ",3.60,1836.45,1.09
532,444725816,"00532M13:53:05.044","00532 14:06:11",243.98,844.85,,,,"     ",3.60,1826.90,1.09
532,444725817,"00532M13:53:06.018","00532 14:06:12",243.94,844.81,,,,"     ",3.60,1840.67,1.10
532,444725818,"00532M13:53:06.991","00532 14:06:13",243.91,844.82,,,,"     ",3.60,1851.88,1.10
532,444725819,"00532M13:53:07.964","00532 14:06:14",243.88,844.86,,,,"     ",3.60,1850.93,1.10
532,444725820,"00532M13:53:08.937","00532 14:06:15",243.87,844.82,,,,"     ",3.60,1839.58,1.10
532,444725821,"00532M13:53:09.911","00532 14:06:16",243.85,844.77,,,,"     ",3.60,1849.12,1.10
532,444725822,"00532M13:53:10.884","00532 14:06:17",243.85,844.82,,,,"     ",3.60,1811.31,1.08
532,444725823,"00532M13:53:11.857","00532 14:06:18",243.84,844.80,,,,"     ",3.60,1849.10,1.10
532,444725824,"00532M13:53:12.830","00532 14:06:19",243.85,844.75,,,,"     ",3.60,1845.47,1.10
532,444725825,"00532M13:53:13.804","00532 14:06:20",243.86,844.79,,,,"     ",3.60,1872.40,1.11
532,444725826,"00532M13:53:14.777","00532 14:06:21",243.89,844.68,,,,"     ",3.60,1853.66,1.10
532,444725827,"00532M13:53:15.750","00532 14:06:22",243.93,844.74,,,,"     ",3.60,1830.14,1.09
532,444725828,"00532M13:53:16.723","00532 14:06:23",243.99,844.74,,,,"     ",3.60,1828.39,1.09
532,444725829,"00532M13:53:17.697","00532 14:06:24",244.05,844.70,,,,"     ",3.60,1858.06,1.11
532,444725830,"00532M13:53:18.670","00532 14:06:25",244.13,844.72,,,,"     ",3.60,1829.73,1.09
532,444725831,"00532M13:53:19.643","00532 14:06:26",244.21,844.72,,,,"     ",3.60,1849.88,1.10
532,444725832,"00532M13:53:20.616","00532 14:06:27",244.30,844.59,,,,"     ",3.60,1836.42,1.09
532,444725833,"00532M13:53:21.590","00532 14:06:28",244.39,844.70,,,,"     ",3.60,1844.27,1.10
532,444725834,"00532M13:53:22.563","00532 14:06:29",244.47,844.74,,,,"     ",3.60,1841.39,1.09
532,444725835,"00532M13:53:23.536","00532 14:06:30",244.54,844.67,,,,"     ",3.60,1829.15,1.09
532,444725836,"00532M13:53:24.509","00532 14:06:31",244.60,844.63,,,,"     ",3.60,1834.49,1.09
532,444725837,"00532M13:53:25.483","00532 14:06:32",244.66,844.66,,,,"     ",3.60,1838.91,1.09
532,444725838,"00532M13:53:26.456","00532 14:06:33",244.71,844.64,,,,"     ",3.60,1825.96,1.08
532,444725839,"00532M13:53:27.429","00532 14:06:34",244.77,844.65,,,,"     ",3.60,1847.16,1.10
532,444725840,"00532M13:53:28.402","00532 14:06:35",244.84,844.76,,,,"     ",3.60,1852.86,1.10
532,444725841,"00532M13:53:29.376","00532 14:06:36",244.91,844.70,,,,"     ",3.60,1855.48,1.10
532,444725842,"00532M13:53:30.349","00532 14:06:37",245.00,844.71,,,,"     ",3.60,1833.23,1.09
532,444725843,"00532M13:53:31.322","00532 14:06:38",245.11,844.65,,,,"     ",3.60,1839.65,1.09
532,444725844,"00532M13:53:32.295","00532 14:06:39",245.23,844.71,,,,"     ",3.60,1840.21,1.09
532,444725845,"00532M13:53:33.269","00532 14:06:40",245.35,844.64,,,,"     ",3.60,1855.12,1.10
532,444725846,"00532M13:53:34.242","00532 14:06:41",245.47,844.62,,,,"     ",3.60,1818.78,1.08
532,444725847,"00532M13:53:35.215","00532 14:06:42",245.58,844.66,,,,"     ",3.60,1812.59,1.07
532,444725848,"00532M13:53:36.188","00532 14:06:43",245.67,844.67,,,,"     ",3.60,1812.96,1.07
532,444725849,"00532M13:53:37.162","00532 14:06:44",245.74,844.72,,,,"     ",3.60,1833.22,1.09
532,444725850,"00532M13:53:38.135","00532 14:06:44",245.79,844.72,,,,"     ",3.60,1833.78,1.09
532,444725851,"00532M13:53:39.108","00532 14:06:45",245.81,844.72,,,,"     ",3.60,1811.29,1.07
532,444725852,"00532M13:53:40.081","00532 14:06:46",245.80,844.74,,,,"     ",3.60,1817.21,1.08
532,444725853,"00532M13:53:41.055","00532 14:06:47",245.77,844.73,,,,"     ",3.60,1855.27,1.10
532,444725854,"00532M13:53:42.028","00532 14:06:48",245.72,844.71,,,,"     ",3.60,1826.44,1.08
532,444725855,"00532M13:53:43.001","00532 14:06:49",245.65,844.68,,,,"     ",3.60,1830.40,1.09
532,444725856,"00532M13:53:43.974","00532 14:06:50",245.58,844.72,,,,"     ",3.60,1824.97,1.08
532,444725857,"00532M13:53:44.948","00532 14:06:51",245.51,844.62,,,,"     ",3.60,1845.37,1.10
532,444725858,"00532M13:53:45.921","00532 14:06:52",245.45,844.65,,,,"     ",3.60,1850.49,1.10
532,444725859,"00532M13:53:46.894","00532 14:06:53",245.40,844.59,,,,"     ",3.60,1843.13,1.09
532,444725860,"00532M13:53:47.867","00532 14:06:54",245.37,844.66,,,,"     ",3.60,1829.94,1.09
532,444725861,"00532M13:53:48.841","00532 14:06:55",245.34,844.70,,,,"     ",3.60,1838.64,1.09
532,444725862,"00532M13:53:49.814","00532 14:06:56",245.33,844.68,,,,"     ",3.60,1813.14,1.08
532,444725863,"00532M13:53:50.787","00532 14:06:57",245.32,844.63,,,,"     ",3.60,1825.32,1.08
532,444725864,"00532M13:53:51.760","00532 14:06:58",245.31,844.71,,,,"     ",3.60,1830.47,1.09
532,444725865,"00532M13:53:52.734","00532 14:06:59",245.31,844.71,,,,"     ",3.60,1833.84,1.09
532,444725866,"00532M13:53:53.707","00532 14:07:00",245.29,844.67,,,,"     ",3.60,1825.02,1.08
532,444725867,"00532M13:53:54.680","00532 14:07:01",245.26,844.67,,,,"     ",3.60,1835.42,1.09
532,444725868,"00532M13:53:55.653","00532 14:07:02",245.22,844.81,,,,"     ",3.60,1830.86,1.09
532,444725869,"00532M13:53:56.627","00532 14:07:03",245.17,844.79,,,,"     ",3.60,1851.04,1.10
532,444725870,"00532M13:53:57.600","00532 14:07:04",245.13,844.69,,,,"     ",3.60,1830.55,1.09
532,444725871,"00532M13:53:58.573","00532 14:07:05",245.09,844.73,,,,"     ",3.60,1842.70,1.09
532,444725872,"00532M13:53:59.546","00532 14:07:06",245.04,844.70,,,,"     ",3.60,1841.76,1.09
532,444725873,"00532M13:54:00.520","00532 14:07:07",245.00,844.70,,,,"     ",3.60,1835.39,1.09
532,444725874,"00532M13:54:01.493","00532 14:07:08",244.97,844.73,,,,"     ",3.60,1855.71,1.10
532,444725875,"00532M13:54:02.466","00532 14:07:09",244.92,844.70,,,,"     ",3.60,1855.15,1.10
532,444725876,"00532M13:54:03.439","00532 14:07:10",244.88,844.73,,,,"     ",3.60,1845.60,1.09
532,444725877,"00532M13:54:04.413","00532 14:07:11",244.82,844.72,,,,"     ",3.60,1838.05,1.09
532,444725878,"00532M13:54:05.386","00532 14:07:12",244.77,844.63,,,,"     ",3.60,1846.09,1.09
532,444725879,"00532M13:54:06.359","00532 14:07:13",244.70,844.68,,,,"     ",3.60,1826.52,1.08
532,444725880,"00532M13:54:07.332","00532 14:07:14",244.65,844.64,,,,"     ",3.60,1841.29,1.09
532,444725881,"00532M13:54:08.306","00532 14:07:15",244.59,844.65,,,,"     ",3.60,1825.37,1.08
532,444725882,"00532M13:54:09.279","00532 14:07:16",244.53,844.69,,,,"     ",3.60,1830.16,1.08
532,444725883,"00532M13:54:10.252","00532 14:07:17",244.48,844.73,,,,"     ",3.60,1841.79,1.09
532,444725884,"00532M13:54:11.225","00532 14:07:18",244.43,844.74,,,,"     ",3.60,1820.10,1.08
532,444725885,"00532M13:54:12.199","00532 14:07:19",244.39,844.73,,,,"     ",3.60,1850.73,1.10
532,444725886,"00532M13:54:13.172","00532 14:07:20",244.35,844.66,,,,"     ",3.60,1847.94,1.09
532,444725887,"00532M13:54:14.145","00532 14:07:21",244.32,844.71,,,,"     ",3.60,1850.78,1.10
532,444725888,"00532M13:54:15.119","00532 14:07:21",244.31,844.69,,,,"     ",3.60,1833.23,1.08
532,444725889,"00532M13:54:16.092","00532 14:07:22",244.32,844.68,,,,"     ",3.60,1852.90,1.10
532,444725890,"00532M13:54:17.065","00532 14:07:23",244.33,844.65,,,,"     ",3.60,1831.38,1.08
532,444725891,"00532M13:54:18.038","00532 14:07:24",244.36,844.74,,,,"     ",3.60,1849.75,1.09
532,444725892,"00532M13:54:19.012","00532 14:07:25",244.38,844.68,,,,"     ",3.60,1854.59,1.10
532,444725893,"00532M13:54:19.985","00532 14:07:26",244.41,844.65,,,,"     ",3.60,1825.05,1.08
532,444725894,"00532M13:54:20.958","00532 14:07:27",244.43,844.63,,,,"     ",3.60,1822.63,1.08
532,444725895,"00532M13:54:21.931","00532 14:07:28",244.45,844.64,,,,"     ",3.60,1834.64,1.08
532,444725896,"00532M13:54:22.905","00532 14:07:29",244.46,844.69,,,,"     ",3.60,1846.70,1.09
532,444725897,"00532M13:54:23.878","00532 14:07:30",244.47,844.64,,,,"     ",3.60,1847.20,1.09
532,444725898,"00532M13:54:24.851","00532 14:07:31",244.46,844.71,,,,"     ",3.60,1808.99,1.07
532,444725899,"00532M13:54:25.824","00532 14:07:32",244.44,844.65,,,,"     ",3.60,1826.48,1.08
532,444725900,"00532M13:54:26.798","00532 14:07:33",244.42,844.70,,,,"     ",3.60,1837.31,1.09
532,444725901,"00532M13:54:27.771","00532 14:07:34",244.39,844.77,,,,"     ",3.60,1864.74,1.10
532,444725902,"00532M13:54:28.744","00532 14:07:35",244.35,844.70,,,,"     ",3.60,1808.06,1.07
532,444725903,"00532M13:54:29.717","00532 14:07:36",244.31,844.67,,,,"     ",3.60,1836.16,1.08
532,444725904,"00532M13:54:30.691","00532 14:07:37",244.27,844.70,,,,"     ",3.60,1843.29,1.09
532,444725905,"00532M13:54:31.664","00532 14:07:38",244.22,844.72,,,,"     ",3.60,1814.19,1.07
532,444725906,"00532M13:54:32.637","00532 14:07:39",244.19,844.79,,,,"     ",3.60,1810.05,1.07
532,444725907,"00532M13:54:33.610","00532 14:07:40",244.16,844.76,,,,"     ",3.60,1819.41,1.07
532,444725908,"00532M13:54:34.584","00532 14:07:41",244.14,844.72,,,,"     ",3.60,1842.50,1.09
532,444725909,"00532M13:54:35.557","00532 14:07:42",244.12,844.70,,,,"     ",3.60,1832.96,1.08
532,444725910,"00532M13:54:36.530","00532 14:07:43",244.11,844.78,,,,"     ",3.60,1834.64,1.08
532,444725911,"00532M13:54:37.503","00532 14:07:44",244.10,844.73,,,,"     ",3.60,1864.78,1.10
532,444725912,"00532M13:54:38.477","00532 14:07:45",244.10,844.70,,,,"     ",3.60,1826.64,1.08
532,444725913,"00532M13:54:39.450","00532 14:07:46",244.12,844.66,,,,"     ",3.60,1826.73,1.08
532,444725914,"00532M13:54:40.423","00532 14:07:47",244.15,844.80,,,,"     ",3.60,1827.27,1.08
532,444725915,"00532M13:54:41.396","00532 14:07:48",244.19,844.72,,,,"     ",3.60,1827.84,1.08
532,444725916,"00532M13:54:42.370","00532 14:07:49",244.23,844.70,,,,"     ",3.60,1846.87,1.09
532,444725917,"00532M13:54:43.343","00532 14:07:50",244.27,844.66,,,,"     ",3.60,1833.79,1.08
532,444725918,"00532M13:54:44.316","00532 14:07:51",244.31,844.64,,,,"     ",3.60,1817.65,1.07
532,444725919,"00532M13:54:45.289","00532 14:07:52",244.34,844.68,,,,"     ",3.60,1849.39,1.09
532,444725920,"00532M13:54:46.263","00532 14:07:53",244.36,844.67,,,,"     ",3.60,1825.60,1.08
532,444725921,"00532M13:54:47.236","00532 14:07:54",244.37,844.71,,,,"     ",3.60,1825.20,1.08
532,444725922,"00532M13:54:48.209","00532 14:07:55",244.37,844.66,,,,"     ",3.60,1856.82,1.10
532,444725923,"00532M13:54:49.182","00532 14:07:56",244.36,844.69,,,,"     ",3.60,1843.02,1.09
532,444725924,"00532M13:54:50.156","00532 14:07:57",244.34,844.64,,,,"     ",3.60,1841.72,1.09
532,444725925,"00532M13:54:51.129","00532 14:07:57",244.32,844.68,,,,"     ",3.60,1827.89,1.08
532,444725926,"00532M13:54:52.102","00532 14:07:58",244.29,844.72,,,,"     ",3.60,1843.62,1.09
532,444725927,"00532M13:54:53.075","00532 14:07:59",244.26,844.69,,,,"     ",3.60,1837.96,1.09
532,444725928,"00532M13:54:54.049","00532 14:08:00",244.24,844.62,,,,"     ",3.60,1828.37,1.08
532,444725929,"00532M13:54:55.022","00532 14:08:01",244.20,844.60,,,,"     ",3.60,1844.15,1.09
532,444725930,"00532M13:54:55.995","00532 14:08:02",244.18,844.69,,,,"     ",3.60,1848.30,1.09
532,444725931,"00532M13:54:56.968","00532 14:08:03",244.16,844.75,,,,"     ",3.60,1834.29,1.08
532,444725932,"00532M13:54:57.942","00532 14:08:04",244.14,844.61,,,,"     ",3.60,1816.67,1.07
532,444725933,"00532M13:54:58.915","00532 14:08:05",244.13,844.68,,,,"     ",3.60,1840.02,1.09
532,444725934,"00532M13:54:59.888","00532 14:08:06",244.12,844.69,,,,"     ",3.60,1866.16,1.10
532,444725935,"00532M13:55:00.861","00532 14:08:07",244.10,844.68,,,,"     ",3.60,1820.75,1.08
532,444725936,"00532M13:55:01.835","00532 14:08:08",244.08,844.67,,,,"     ",3.60,1848.07,1.09
532,444725937,"00532M13:55:02.808","00532 14:08:09",244.07,844.64,,,,"     ",3.60,1857.26,1.10
532,444725938,"00532M13:55:03.781","00532 14:08:10",244.05,844.69,,,,"     ",3.60,1829.11,1.08
532,444725939,"00532M13:55:04.754","00532 14:08:11",244.04,844.62,,,,"     ",3.60,1844.75,1.09
532,444725940,"00532M13:55:05.728","00532 14:08:12",244.03,844.57,,,,"     ",3.60,1839.11,1.09
532,444725941,"00532M13:55:06.701","00532 14:08:13",244.02,844.62,,,,"     ",3.60,1836.11,1.09
532,444725942,"00532M13:55:07.674","00532 14:08:14",244.01,844.66,,,,"     ",3.60,1841.80,1.09
532,444725943,"00532M13:55:08.647","00532 14:08:15",244.00,844.67,,,,"     ",3.60,1839.01,1.09
532,444725944,"00532M13:55:09.621","00532 14:08:16",243.98,844.64,,,,"     ",3.60,1855.67,1.10
532,444725945,"00532M13:55:10.594","00532 14:08:17",243.95,844.59,,,,"     ",3.60,1840.64,1.09
532,444725946,"00532M13:55:11.567","00532 14:08:18",243.91,844.58,,,,"     ",3.60,1849.08,1.10
532,444725947,"00532M13:55:12.540","00532 14:08:19",243.85,844.59,,,,"     ",3.60,1819.26,1.08
532,444725948,"00532M13:55:13.514","00532 14:08:20",243.78,844.62,,,,"     ",3.60,1831.89,1.09
532,444725949,"00532M13:55:14.487","00532 14:08:21",243.72,844.61,,,,"     ",3.60,1822.71,1.08
532,444725950,"00532M13:55:15.460","00532 14:08:22",243.65,844.63,,,,"     ",3.60,1831.43,1.09
532,444725951,"00532M13:55:16.433","00532 14:08:23",243.58,844.54,,,,"     ",3.60,1823.70,1.08
532,444725952,"00532M13:55:17.407","00532 14:08:24",243.52,844.55,,,,"     ",3.60,1810.87,1.08
532,444725953,"00532M13:55:18.380","00532 14:08:25",243.46,844.59,,,,"     ",3.60,1816.92,1.08
532,444725954,"00532M13:55:19.353","00532 14:08:26",243.42,844.68,,,,"     ",3.60,1824.89,1.09
532,444725955,"00532M13:55:20.326","00532 14:08:27",243.39,844.68,,,,"     ",3.60,1823.06,1.08
532,444725956,"00532M13:55:21.300","00532 14:08:28",243.38,844.63,,,,"     ",3.60,1830.81,1.09
532,444725957,"00532M13:55:22.273","00532 14:08:29",243.40,844.68,,,,"     ",3.60,1836.66,1.09
532,444725958,"00532M13:55:23.246","00532 14:08:30",243.43,844.70,,,,"     ",3.60,1820.83,1.08
532,444725959,"00532M13:55:24.220","00532 14:08:31",243.46,844.69,,,,"     ",3.60,1836.37,1.09
532,444725960,"00532M13:55:25.193","00532 14:08:32",243.48,844.73,,,,"     ",3.60,1818.66,1.08
532,444725961,"00532M13:55:26.166","00532 14:08:33",243.49,844.67,,,,"     ",3.60,1856.35,1.11
532,444725962,"00532M13:55:27.139","00532 14:08:34",243.50,844.64,,,,"     ",3.60,1813.21,1.08
532,444725963,"00532M13:55:28.113","00532 14:08:34",243.52,844.65,,,,"     ",3.60,1808.91,1.08
532,444725964,"00532M13:55:29.086","00532 14:08:35",243.53,844.68,,,,"     ",3.60,1818.96,1.08
532,444725965,"00532M13:55:30.059","00532 14:08:36",243.54,844.70,,,,"     ",3.60,1839.71,1.10
532,444725966,"00532M13:55:31.032","00532 14:08:37",243.56,844.59,,,,"     ",3.60,1840.88,1.10
532,444725967,"00532M13:55:32.006","00532 14:08:38",243.57,844.72,,,,"     ",3.60,1796.06,1.07
532,444725968,"00532M13:55:32.979","00532 14:08:39",243.57,844.67,,,,"     ",3.60,1833.16,1.09
532,444725969,"00532M13:55:33.952","00532 14:08:40",243.58,844.69,,,,"     ",3.60,1805.50,1.08
532,444725970,"00532M13:55:34.925","00532 14:08:41",243.58,844.71,,,,"     ",3.60,1820.65,1.09
532,444725971,"00532M13:55:35.899","00532 14:08:42",243.58,844.70,,,,"     ",3.60,1843.75,1.10
532,444725972,"00532M13:55:36.872","00532 14:08:43",243.64,844.60,5.97,,280.27,"  101110",3.60,1835.73,1.10
532,444725973,"00532M13:55:37.845","00532 14:08:44",243.53,844.65,,,,"     ",3.60,1827.83,1.09
532,444725974,"00532M13:55:38.818","00532 14:08:45",243.42,844.59,,,,"     ",3.60,1805.68,1.08
532,444725975,"00532M13:55:39.792","00532 14:08:46",243.33,844.64,,,,"     ",3.60,1804.74,1.08
532,444725976,"00532M13:55:40.765","00532 14:08:47",243.24,844.59,,,,"     ",3.60,1811.87,1.08
532,444725977,"00532M13:55:41.738","00532 14:08:48",243.16,844.52,,,,"     ",3.60,1807.14,1.08
532,444725978,"00532M13:55:42.711","00532 14:08:49",243.10,844.59,,,,"     ",3.60,1829.08,1.09
532,444725979,"00532M13:55:43.685","00532 14:08:50",243.04,844.56,,,,"     ",3.60,1796.51,1.07
532,444725980,"00532M13:55:44.658","00532 14:08:51",242.99,844.66,,,,"     ",3.60,1832.06,1.10
532,444725981,"00532M13:55:45.631","00532 14:08:52",242.95,844.65,,,,"     ",3.60,1828.86,1.09
532,444725982,"00532M13:55:46.604","00532 14:08:53",242.92,844.63,,,,"     ",3.60,1805.52,1.08
532,444725983,"00532M13:55:47.578","00532 14:08:54",242.89,844.61,,,,"     ",3.60,1801.01,1.08
532,444725984,"00532M13:55:48.551","00532 14:08:55",242.88,844.59,,,,"     ",3.60,1826.15,1.09
532,444725985,"00532M13:55:49.524","00532 14:08:56",242.88,844.63,,,,"     ",3.60,1803.59,1.08
532,444725986,"00532M13:55:50.497","00532 14:08:57",242.89,844.62,,,,"     ",3.60,1819.18,1.09
532,444725987,"00532M13:55:51.471","00532 14:08:58",242.91,844.67,,,,"     ",3.60,1805.17,1.08
532,444725988,"00532M13:55:52.444","00532 14:08:59",242.93,844.65,,,,"     ",3.60,1818.77,1.09
532,444725989,"00532M13:55:53.417","00532 14:09:00",242.97,844.61,,,,"     ",3.60,1824.59,1.09
532,444725990,"00532M13:55:54.390","00532 14:09:01",242.99,844.57,,,,"     ",3.60,1817.10,1.09
532,444725991,"00532M13:55:55.364","00532 14:09:02",243.02,844.67,,,,"     ",3.60,1821.59,1.09
532,444725992,"00532M13:55:56.337","00532 14:09:03",243.05,844.62,,,,"     ",3.60,1801.12,1.08
532,444725993,"00532M13:55:57.310","00532 14:09:04",243.09,844.64,,,,"     ",3.60,1821.96,1.09
532,444725994,"00532M13:55:58.283","00532 14:09:05",243.13,844.51,,,,"     ",3.60,1836.50,1.10
532,444725995,"00532M13:55:59.257","00532 14:09:06",243.17,844.60,,,,"     ",3.60,1810.66,1.08
532,444725996,"00532M13:56:00.230","00532 14:09:07",243.22,844.55,,,,"     ",3.60,1806.28,1.08
532,444725997,"00532M13:56:01.203","00532 14:09:08",243.26,844.48,,,,"     ",3.60,1793.13,1.07
532,444725998,"00532M13:56:02.176","00532 14:09:09",243.31,844.60,,,,"     ",3.60,1828.73,1.10
532,444725999,"00532M13:56:03.150","00532 14:09:10",243.34,844.56,,,,"     ",3.60,1812.53,1.09
532,444726000,"00532M13:56:04.123","00532 14:09:10",243.36,844.54,,,,"     ",3.60,1803.22,1.08
532,444726001,"00532M13:56:05.096","00532 14:09:11",243.37,844.63,,,,"     ",3.60,1837.90,1.10
532,444726002,"00532M13:56:06.069","00532 14:09:12",243.37,844.60,,,,"     ",3.60,1800.75,1.08
532,444726003,"00532M13:56:07.043","00532 14:09:13",243.34,844.50,,,,"     ",3.60,1810.96,1.09
532,444726004,"00532M13:56:08.016","00532 14:09:14",243.30,844.47,,,,"     ",3.60,1805.55,1.08
532,444726005,"00532M13:56:08.989","00532 14:09:15",243.25,844.52,,,,"     ",3.60,1864.65,1.12
532,444726006,"00532M13:56:09.962","00532 14:09:16",243.20,844.50,,,,"     ",3.60,1817.30,1.09
532,444726007,"00532M13:56:10.936","00532 14:09:17",243.14,844.60,,,,"     ",3.60,1801.13,1.08
532,444726008,"00532M13:56:11.909","00532 14:09:18",243.08,844.58,,,,"     ",3.60,1812.26,1.09
532,444726009,"00532M13:56:12.882","00532 14:09:19",243.02,844.59,,,,"     ",3.60,1827.45,1.10
532,444726010,"00532M13:56:13.855","00532 14:09:20",242.96,844.52,,,,"     ",3.60,1801.87,1.08
532,444726011,"00532M13:56:14.829","00532 14:09:21",242.91,844.52,,,,"     ",3.60,1808.58,1.08
532,444726012,"00532M13:56:15.802","00532 14:09:22",242.85,844.46,,,,"     ",3.60,1827.04,1.10
532,444726013,"00532M13:56:16.775","00532 14:09:23",242.80,844.45,,,,"     ",3.60,1832.56,1.10
532,444726014,"00532M13:56:17.748","00532 14:09:24",242.76,844.41,,,,"     ",3.60,1808.74,1.08
532,444726015,"00532M13:56:18.722","00532 14:09:25",242.72,844.45,,,,"     ",3.60,1796.26,1.08
532,444726016,"00532M13:56:19.695","00532 14:09:26",242.69,844.48,,,,"     ",3.60,1805.52,1.08
532,444726017,"00532M13:56:20.668","00532 14:09:27",242.66,844.55,,,,"     ",3.60,1826.84,1.10
532,444726018,"00532M13:56:21.641","00532 14:09:28",242.63,844.50,,,,"     ",3.60,1821.25,1.09
532,444726019,"00532M13:56:22.615","00532 14:09:29",242.60,844.49,,,,"     ",3.60,1812.49,1.09
532,444726020,"00532M13:56:23.588","00532 14:09:30",242.56,844.54,,,,"     ",3.60,1869.05,1.12
532,444726021,"00532M13:56:24.561","00532 14:09:31",242.51,844.49,,,,"     ",3.60,1825.17,1.09
532,444726022,"00532M13:56:25.534","00532 14:09:32",242.46,844.50,,,,"     ",3.60,1842.30,1.10
532,444726023,"00532M13:56:26.508","00532 14:09:33",242.40,844.51,,,,"     ",3.60,1821.93,1.09
532,444726024,"00532M13:56:27.481","00532 14:09:34",242.35,844.50,,,,"     ",3.60,1819.26,1.09
532,444726025,"00532M13:56:28.454","00532 14:09:35",242.30,844.57,,,,"     ",3.60,1815.03,1.09
532,444726026,"00532M13:56:29.427","00532 14:09:36",242.26,844.52,,,,"     ",3.60,1822.34,1.09
532,444726027,"00532M13:56:30.401","00532 14:09:37",242.23,844.52,,,,"     ",3.60,1796.41,1.07
532,444726028,"00532M13:56:31.374","00532 14:09:38",242.20,844.44,,,,"     ",3.60,1830.17,1.09
532,444726029,"00532M13:56:32.347","00532 14:09:39",242.17,844.43,,,,"     ",3.60,1803.89,1.08
532,444726030,"00532M13:56:33.321","00532 14:09:40",242.16,844.45,,,,"     ",3.60,1846.39,1.10
532,444726031,"00532M13:56:34.294","00532 14:09:41",242.14,844.48,,,,"     ",3.60,1823.10,1.09
532,444726032,"00532M13:56:35.267","00532 14:09:42",242.13,844.48,,,,"     ",3.60,1814.56,1.08
532,444726033,"00532M13:56:36.240","00532 14:09:43",242.13,844.42,,,,"     ",3.60,1797.14,1.07
532,444726034,"00532M13:56:37.214","00532 14:09:44",242.13,844.42,,,,"     ",3.60,1848.81,1.10
532,444726035,"00532M13:56:38.187","00532 14:09:45",242.13,844.45,,,,"     ",3.60,1814.86,1.08
532,444726036,"00532M13:56:39.160","00532 14:09:46",242.13,844.42,,,,"     ",3.60,1841.25,1.10
532,444726037,"00532M13:56:40.133","00532 14:09:47",242.13,844.44,,,,"     ",3.60,1822.00,1.09
532,444726038,"00532M13:56:41.107","00532 14:09:47",242.14,844.52,,,,"     ",3.60,1801.68,1.07
532,444726039,"00532M13:56:42.080","00532 14:09:48",242.14,844.60,,,,"     ",3.60,1819.76,1.09
532,444726040,"00532M13:56:43.053","00532 14:09:49",242.15,844.55,,,,"     ",3.60,1832.43,1.09
532,444726041,"00532M13:56:44.026","00532 14:09:50",242.17,844.54,,,,"     ",3.60,1820.28,1.09
532,444726042,"00532M13:56:45.000","00532 14:09:51",242.20,844.48,,,,"     ",3.60,1844.94,1.10
532,444726043,"00532M13:56:45.973","00532 14:09:52",242.23,844.45,,,,"     ",3.60,1796.94,1.07
532,444726044,"00532M13:56:46.946","00532 14:09:53",242.28,844.52,,,,"     ",3.60,1819.37,1.08
532,444726045,"00532M13:56:47.919","00532 14:09:54",242.32,844.43,,,,"     ",3.60,1809.62,1.08
532,444726046,"00532M13:56:48.893","00532 14:09:55",242.37,844.44,,,,"     ",3.60,1829.21,1.09
532,444726047,"00532M13:56:49.866","00532 14:09:56",242.42,844.61,,,,"     ",3.60,1803.27,1.07
532,444726048,"00532M13:56:50.839","00532 14:09:57",242.46,844.49,,,,"     ",3.60,1813.28,1.08
532,444726049,"00532M13:56:51.812","00532 14:09:58",242.48,844.52,,,,"     ",3.60,1824.37,1.08
532,444726050,"00532M13:56:52.786","00532 14:09:59",242.50,844.42,,,,"     ",3.60,1807.69,1.07
532,444726051,"00532M13:56:53.759","00532 14:10:00",242.50,844.41,,,,"     ",3.60,1809.99,1.08
532,444726052,"00532M13:56:54.732","00532 14:10:01",242.49,844.46,,,,"     ",3.60,1831.33,1.09
532,444726053,"00532M13:56:55.705","00532 14:10:02",242.48,844.51,,,,"     ",3.60,1836.71,1.09
532,444726054,"00532M13:56:56.679","00532 14:10:03",242.45,844.57,,,,"     ",3.60,1834.90,1.09
532,444726055,"00532M13:56:57.652","00532 14:10:04",242.44,844.52,,,,"     ",3.60,1818.56,1.08
532,444726056,"00532M13:56:58.625","00532 14:10:05",242.41,844.48,,,,"     ",3.60,1845.68,1.10
532,444726057,"00532M13:56:59.598","00532 14:10:06",242.40,844.51,,,,"     ",3.60,1817.42,1.08
532,444726058,"00532M13:57:00.572","00532 14:10:07",242.40,844.48,,,,"     ",3.60,1820.64,1.08
532,444726059,"00532M13:57:01.545","00532 14:10:08",242.42,844.45,,,,"     ",3.60,1837.86,1.09
532,444726060,"00532M13:57:02.518","00532 14:10:09",242.45,844.43,,,,"     ",3.60,1809.61,1.07
532,444726061,"00532M13:57:03.491","00532 14:10:10",242.49,844.36,,,,"     ",3.60,1832.16,1.09
532,444726062,"00532M13:57:04.465","00532 14:10:11",242.55,844.39,,,,"     ",3.60,1833.08,1.09
532,444726063,"00532M13:57:05.438","00532 14:10:12",242.60,844.46,,,,"     ",3.60,1833.36,1.09
532,444726064,"00532M13:57:06.411","00532 14:10:13",242.65,844.48,,,,"     ",3.60,1827.03,1.09
532,444726065,"00532M13:57:07.384","00532 14:10:14",242.69,844.44,,,,"     ",3.60,1831.94,1.09
532,444726066,"00532M13:57:08.358","00532 14:10:15",242.72,844.49,,,,"     ",3.60,1820.93,1.08
532,444726067,"00532M13:57:09.331","00532 14:10:16",242.73,844.49,,,,"     ",3.60,1801.18,1.07
532,444726068,"00532M13:57:10.304","00532 14:10:17",242.72,844.48,,,,"     ",3.60,1819.55,1.08
532,444726069,"00532M13:57:11.277","00532 14:10:18",242.70,844.45,,,,"     ",3.60,1814.11,1.08
532,444726070,"00532M13:57:12.251","00532 14:10:19",242.65,844.38,,,,"     ",3.60,1813.32,1.08
532,444726071,"00532M13:57:13.224","00532 14:10:20",242.58,844.38,,,,"     ",3.60,1821.30,1.08
532,444726072,"00532M13:57:14.197","00532 14:10:21",242.50,844.48,,,,"     ",3.60,1804.67,1.07
532,444726073,"00532M13:57:15.170","00532 14:10:22",242.41,844.46,,,,"     ",3.60,1817.62,1.08
532,444726074,"00532M13:57:16.144","00532 14:10:23",242.32,844.35,,,,"     ",3.60,1841.62,1.10
532,444726075,"00532M13:57:17.117","00532 14:10:24",242.22,844.39,,,,"     ",3.60,1845.63,1.10
532,444726076,"00532M13:57:18.090","00532 14:10:24",242.13,844.44,,,,"     ",3.60,1803.28,1.07
532,444726077,"00532M13:57:19.063","00532 14:10:25",242.05,844.45,,,,"     ",3.60,1782.76,1.06
532,444726078,"00532M13:57:20.037","00532 14:10:26",241.98,844.42,,,,"     ",3.60,1824.53,1.09
532,444726079,"00532M13:57:21.010","00532 14:10:27",241.92,844.44,,,,"     ",3.60,1803.98,1.08
532,444726080,"00532M13:57:21.983","00532 14:10:28",241.86,844.39,,,,"     ",3.60,1818.54,1.09
532,444726081,"00532M13:57:22.956","00532 14:10:29",241.81,844.41,,,,"     ",3.60,1825.64,1.09
532,444726082,"00532M13:57:23.930","00532 14:10:30",241.77,844.37,,,,"     ",3.60,1811.92,1.08
532,444726083,"00532M13:57:24.903","00532 14:10:31",241.73,844.46,,,,"     ",3.60,1828.71,1.09
532,444726084,"00532M13:57:25.876","00532 14:10:32",241.71,844.41,,,,"     ",3.60,1808.71,1.08
532,444726085,"00532M13:57:26.849","00532 14:10:33",241.68,844.52,,,,"     ",3.60,1832.61,1.10
532,444726086,"00532M13:57:27.823","00532 14:10:34",241.65,844.38,,,,"     ",3.60,1800.59,1.08
532,444726087,"00532M13:57:28.796","00532 14:10:35",241.62,844.48,,,,"     ",3.60,1811.70,1.09
532,444726088,"00532M13:57:29.769","00532 14:10:36",241.60,844.41,,,,"     ",3.60,1791.73,1.07
532,444726089,"00532M13:57:30.742","00532 14:10:37",241.56,844.43,,,,"     ",3.60,1783.99,1.07
532,444726090,"00532M13:57:31.716","00532 14:10:38",241.53,844.44,,,,"     ",3.60,1788.14,1.07
532,444726091,"00532M13:57:32.689","00532 14:10:39",241.52,844.41,,,,"     ",3.60,1804.90,1.09
532,444726092,"00532M13:57:33.662","00532 14:10:40",241.50,844.39,,,,"     ",3.60,1806.88,1.09
532,444726093,"00532M13:57:34.635","00532 14:10:41",241.49,844.38,,,,"     ",3.60,1814.88,1.09
532,444726094,"00532M13:57:35.609","00532 14:10:42",241.49,844.38,,,,"     ",3.60,1794.46,1.08
532,444726095,"00532M13:57:36.582","00532 14:10:43",241.48,844.34,,,,"     ",3.60,1791.05,1.08
532,444726096,"00532M13:57:37.555","00532 14:10:44",241.49,844.36,,,,"     ",3.60,1798.83,1.08
532,444726097,"00532M13:57:38.528","00532 14:10:45",241.49,844.45,,,,"     ",3.60,1782.44,1.08
532,444726098,"00532M13:57:39.502","00532 14:10:46",241.50,844.40,,,,"     ",3.60,1776.70,1.07
532,444726099,"00532M13:57:40.475","00532 14:10:47",241.51,844.41,,,,"     ",3.60,1822.47,1.10
532,444726100,"00532M13:57:41.448","00532 14:10:48",241.53,844.39,,,,"     ",3.60,1829.88,1.11
532,444726101,"00532M13:57:42.421","00532 14:10:49",241.55,844.39,,,,"     ",3.60,1786.98,1.08
532,444726102,"00532M13:57:43.395","00532 14:10:50",241.57,844.30,,,,"     ",3.60,1795.96,1.09
532,444726103,"00532M13:57:44.368","00532 14:10:51",241.58,844.32,,,,"     ",3.60,1817.59,1.10
532,444726104,"00532M13:57:45.341","00532 14:10:52",241.59,844.41,,,,"     ",3.60,1791.08,1.09
532,444726105,"00532M13:57:46.315","00532 14:10:53",241.54,844.37,,,,"     ",3.60,1804.49,1.10
532,444726106,"00532M13:57:47.288","00532 14:10:54",241.44,844.39,,,,"     ",3.60,1785.24,1.08
532,444726107,"00532M13:57:48.261","00532 14:10:55",241.35,844.45,,,,"     ",3.60,1780.36,1.08
532,444726108,"00532M13:57:49.234","00532 14:10:56",241.26,844.36,,,,"     ",3.60,1796.74,1.09
532,444726109,"00532M13:57:50.208","00532 14:10:57",241.16,844.31,,,,"     ",3.60,1785.25,1.09
532,444726110,"00532M13:57:51.181","00532 14:10:58",241.04,844.31,,,,"     ",3.60,1808.98,1.10
532,444726111,"00532M13:57:52.154","00532 14:10:59",240.94,844.31,,,,"     ",3.60,1790.45,1.09
532,444726112,"00532M13:57:53.127","00532 14:11:00",240.82,844.32,,,,"     ",3.60,1775.83,1.08
532,444726113,"00532M13:57:54.101","00532 14:11:00",240.71,844.36,,,,"     ",3.60,1774.48,1.08
532,444726114,"00532M13:57:55.074","00532 14:11:01",240.60,844.38,,,,"     ",3.60,1763.86,1.08
532,444726115,"00532M13:57:56.047","00532 14:11:02",240.49,844.28,,,,"     ",3.60,1781.84,1.09
532,444726116,"00532M13:57:57.020","00532 14:11:03",240.38,844.29,,,,"     ",3.60,1779.33,1.09
532,444726117,"00532M13:57:57.994","00532 14:11:04",240.27,844.37,,,,"     ",3.60,1780.29,1.09
532,444726118,"00532M13:57:58.967","00532 14:11:05",240.16,844.32,,,,"     ",3.60,1766.43,1.08
532,444726119,"00532M13:57:59.940","00532 14:11:06",240.06,844.38,,,,"     ",3.60,1772.99,1.09
532,444726120,"00532M13:58:00.913","00532 14:11:07",239.94,844.42,,,,"     ",3.60,1777.26,1.09
532,444726121,"00532M13:58:01.887","00532 14:11:08",239.83,844.38,,,,"     ",3.60,1762.41,1.08
532,444726122,"00532M13:58:02.860","00532 14:11:09",239.72,844.42,,,,"     ",3.60,1746.17,1.07
532,444726123,"00532M13:58:03.833","00532 14:11:10",239.60,844.37,,,,"     ",3.60,1754.47,1.08
532,444726124,"00532M13:58:04.806","00532 14:11:11",239.49,844.43,,,,"     ",3.60,1758.72,1.08
532,444726125,"00532M13:58:05.780","00532 14:11:12",239.38,844.39,,,,"     ",3.60,1763.09,1.09
532,444726126,"00532M13:58:06.753","00532 14:11:13",239.28,844.43,,,,"     ",3.60,1741.03,1.07
532,444726127,"00532M13:58:07.726","00532 14:11:14",239.20,844.39,,,,"     ",3.60,1772.87,1.10
532,444726128,"00532M13:58:08.699","00532 14:11:15",239.13,844.37,,,,"     ",3.60,1758.60,1.09
532,444726129,"00532M13:58:09.673","00532 14:11:16",239.06,844.32,,,,"     ",3.60,1727.00,1.07
532,444726130,"00532M13:58:10.646","00532 14:11:17",239.02,844.32,,,,"     ",3.60,1767.00,1.09
532,444726131,"00532M13:58:11.619","00532 14:11:18",238.97,844.33,,,,"     ",3.60,1784.15,1.11
532,444726132,"00532M13:58:12.592","00532 14:11:19",238.91,844.21,,,,"     ",3.60,1742.70,1.08
532,444726133,"00532M13:58:13.566","00532 14:11:20",238.87,844.27,,,,"     ",3.60,1760.15,1.09
532,444726134,"00532M13:58:14.539","00532 14:11:21",238.82,844.24,,,,"     ",3.60,1734.51,1.08
532,444726135,"00532M13:58:15.512","00532 14:11:22",238.76,844.24,,,,"     ",3.60,1747.85,1.09
532,444726136,"00532M13:58:16.485","00532 14:11:23",238.70,844.23,,,,"     ",3.60,1775.77,1.11
532,444726137,"00532M13:58:17.459","00532 14:11:24",238.66,844.23,,,,"     ",3.60,1785.91,1.11
532,444726138,"00532M13:58:18.432","00532 14:11:25",238.61,844.30,,,,"     ",3.60,1744.22,1.09
532,444726139,"00532M13:58:19.405","00532 14:11:26",238.56,844.29,,,,"     ",3.60,1753.88,1.09
532,444726140,"00532M13:58:20.378","00532 14:11:27",238.53,844.22,,,,"     ",3.60,1729.84,1.08
532,444726141,"00532M13:58:21.352","00532 14:11:28",238.50,844.30,,,,"     ",3.60,1740.25,1.09
532,444726142,"00532M13:58:22.325","00532 14:11:29",238.47,844.31,,,,"     ",3.60,1754.23,1.10
532,444726143,"00532M13:58:23.298","00532 14:11:30",238.46,844.37,,,,"     ",3.60,1740.73,1.09
532,444726144,"00532M13:58:24.271","00532 14:11:31",238.45,844.38,,,,"     ",3.60,1753.06,1.10
532,444726145,"00532M13:58:25.245","00532 14:11:32",238.43,844.44,,,,"     ",3.60,1738.93,1.09
532,444726146,"00532M13:58:26.218","00532 14:11:33",238.42,844.40,,,,"     ",3.60,1724.49,1.08
532,444726147,"00532M13:58:27.191","00532 14:11:34",238.40,844.37,,,,"     ",3.60,1749.25,1.10
532,444726148,"00532M13:58:28.164","00532 14:11:35",238.37,844.30,,,,"     ",3.60,1746.10,1.10
532,444726149,"00532M13:58:29.138","00532 14:11:36",238.32,844.23,,,,"     ",3.60,1746.53,1.10
532,444726150,"00532M13:58:30.111","00532 14:11:37",238.25,844.23,,,,"     ",3.60,1751.09,1.10
532,444726151,"00532M13:58:31.084","00532 14:11:37",238.16,844.27,,,,"     ",3.60,1725.04,1.09
532,444726152,"00532M13:58:32.057","00532 14:11:38",238.05,844.34,,,,"     ",3.60,1732.37,1.09
532,444726153,"00532M13:58:33.031","00532 14:11:39",237.94,844.33,,,,"     ",3.60,1708.00,1.08
532,444726154,"00532M13:58:34.004","00532 14:11:40",237.82,844.31,,,,"     ",3.60,1731.71,1.09
532,444726155,"00532M13:58:34.977","00532 14:11:41",237.70,844.27,,,,"     ",3.60,1745.18,1.10
532,444726156,"00532M13:58:35.950","00532 14:11:42",237.58,844.26,,,,"     ",3.60,1747.79,1.11
532,444726157,"00532M13:58:36.924","00532 14:11:43",237.47,844.30,,,,"     ",3.60,1719.64,1.09
532,444726158,"00532M13:58:37.897","00532 14:11:44",237.36,844.29,,,,"     ",3.60,1711.56,1.08
532,444726159,"00532M13:58:38.870","00532 14:11:45",237.25,844.35,,,,"     ",3.60,1733.55,1.10
532,444726160,"00532M13:58:39.843","00532 14:11:46",237.15,844.31,,,,"     ",3.60,1758.89,1.12
532,444726161,"00532M13:58:40.817","00532 14:11:47",237.05,844.27,,,,"     ",3.60,1698.97,1.08
532,444726162,"00532M13:58:41.790","00532 14:11:48",236.97,844.17,,,,"     ",3.60,1709.42,1.09
532,444726163,"00532M13:58:42.763","00532 14:11:49",236.87,844.19,,,,"     ",3.60,1721.16,1.10
532,444726164,"00532M13:58:43.736","00532 14:11:50",236.79,844.16,,,,"     ",3.60,1719.42,1.09
532,444726165,"00532M13:58:44.710","00532 14:11:51",236.71,844.24,,,,"     ",3.60,1712.41,1.09
532,444726166,"00532M13:58:45.683","00532 14:11:52",236.63,844.29,,,,"     ",3.60,1706.78,1.09
532,444726167,"00532M13:58:46.656","00532 14:11:53",236.56,844.17,,,,"     ",3.60,1704.85,1.09
532,444726168,"00532M13:58:47.629","00532 14:11:54",236.50,844.26,,,,"     ",3.60,1713.24,1.09
532,444726169,"00532M13:58:48.603","00532 14:11:55",236.44,844.30,,,,"     ",3.60,1707.77,1.09
532,444726170,"00532M13:58:49.576","00532 14:11:56",236.37,844.22,,,,"     ",3.60,1719.04,1.10
532,444726171,"00532M13:58:50.549","00532 14:11:57",236.32,844.28,,,,"     ",3.60,1710.78,1.10
532,444726172,"00532M13:58:51.522","00532 14:11:58",236.27,844.27,,,,"     ",3.60,1722.94,1.10
532,444726173,"00532M13:58:52.496","00532 14:11:59",236.22,844.20,,,,"     ",3.60,1699.79,1.09
532,444726174,"00532M13:58:53.469","00532 14:12:00",236.18,844.27,,,,"     ",3.60,1690.84,1.09
532,444726175,"00532M13:58:54.442","00532 14:12:01",236.13,844.21,,,,"     ",3.60,1730.19,1.11
532,444726176,"00532M13:58:55.416","00532 14:12:02",236.08,844.33,,,,"     ",3.60,1735.92,1.12
532,444726177,"00532M13:58:56.389","00532 14:12:03",236.01,844.24,,,,"     ",3.60,1719.70,1.11
532,444726178,"00532M13:58:57.362","00532 14:12:04",235.94,844.33,,,,"     ",3.60,1707.60,1.10
532,444726179,"00532M13:58:58.335","00532 14:12:05",235.86,844.30,,,,"     ",3.60,1705.51,1.10
532,444726180,"00532M13:58:59.309","00532 14:12:06",235.78,844.39,,,,"     ",3.60,1704.42,1.10
532,444726181,"00532M13:59:00.282","00532 14:12:07",235.69,844.34,,,,"     ",3.60,1689.49,1.09
532,444726182,"00532M13:59:01.255","00532 14:12:08",235.60,844.24,,,,"     ",3.60,1713.39,1.11
532,444726183,"00532M13:59:02.228","00532 14:12:09",235.52,844.35,,,,"     ",3.60,1713.76,1.11
532,444726184,"00532M13:59:03.202","00532 14:12:10",235.45,844.31,,,,"     ",3.60,1697.28,1.10
532,444726185,"00532M13:59:04.175","00532 14:12:11",235.39,844.27,,,,"     ",3.60,1718.63,1.11
532,444726186,"00532M13:59:05.148","00532 14:12:12",235.32,844.23,,,,"     ",3.60,1710.82,1.11
532,444726187,"00532M13:59:06.121","00532 14:12:13",235.27,844.26,,,,"     ",3.60,1717.53,1.11
532,444726188,"00532M13:59:07.095","00532 14:12:13",235.22,844.19,,,,"     ",3.60,1684.38,1.09
532,444726189,"00532M13:59:08.068","00532 14:12:14",235.19,844.22,,,,"     ",3.60,1717.78,1.12
532,444726190,"00532M13:59:09.041","00532 14:12:15",235.18,844.11,,,,"     ",3.60,1713.56,1.11
532,444726191,"00532M13:59:10.014","00532 14:12:16",235.17,844.11,,,,"     ",3.60,1702.72,1.11
532,444726192,"00532M13:59:10.988","00532 14:12:17",235.18,844.13,,,,"     ",3.60,1688.64,1.10
532,444726193,"00532M13:59:11.961","00532 14:12:18",235.20,844.16,,,,"     ",3.60,1701.93,1.11
532,444726194,"00532M13:59:12.934","00532 14:12:19",235.23,844.20,,,,"     ",3.60,1690.13,1.10
532,444726195,"00532M13:59:13.907","00532 14:12:20",235.26,844.12,,,,"     ",3.60,1677.86,1.09
532,444726196,"00532M13:59:14.881","00532 14:12:21",235.29,844.17,,,,"     ",3.60,1696.80,1.11
532,444726197,"00532M13:59:15.854","00532 14:12:22",235.32,844.17,,,,"     ",3.60,1686.16,1.10
532,444726198,"00532M13:59:16.827","00532 14:12:23",235.36,844.13,,,,"     ",3.60,1677.94,1.10
532,444726199,"00532M13:59:17.800","00532 14:12:24",235.39,844.21,,,,"     ",3.60,1705.96,1.12
532,444726200,"00532M13:59:18.774","00532 14:12:25",235.41,844.27,,,,"     ",3.60,1686.92,1.10
532,444726201,"00532M13:59:19.747","00532 14:12:26",235.43,844.19,,,,"     ",3.60,1702.68,1.11
532,444726202,"00532M13:59:20.720","00532 14:12:27",235.46,844.26,,,,"     ",3.60,1683.65,1.10
532,444726203,"00532M13:59:21.693","00532 14:12:28",235.48,844.15,,,,"     ",3.60,1683.39,1.10
532,444726204,"00532M13:59:22.667","00532 14:12:29",235.50,844.19,,,,"     ",3.60,1693.20,1.11
532,444726205,"00532M13:59:23.640","00532 14:12:30",235.52,844.15,,,,"     ",3.60,1705.28,1.12
532,444726206,"00532M13:59:24.613","00532 14:12:31",235.54,844.23,,,,"     ",3.60,1669.91,1.10
532,444726207,"00532M13:59:25.586","00532 14:12:32",235.57,844.29,,,,"     ",3.60,1694.17,1.11
532,444726208,"00532M13:59:26.560","00532 14:12:33",235.59,844.19,,,,"     ",3.60,1703.18,1.12
532,444726209,"00532M13:59:27.533","00532 14:12:34",235.60,844.21,,,,"     ",3.60,1683.03,1.11
532,444726210,"00532M13:59:28.506","00532 14:12:35",235.60,844.29,,,,"     ",3.60,1654.38,1.09
532,444726211,"00532M13:59:29.479","00532 14:12:36",235.61,844.20,,,,"     ",3.60,1671.31,1.10
532,444726212,"00532M13:59:30.453","00532 14:12:37",235.61,844.15,,,,"     ",3.60,1668.96,1.10
532,444726213,"00532M13:59:31.426","00532 14:12:38",235.60,844.18,,,,"     ",3.60,1673.11,1.10
532,444726214,"00532M13:59:32.399","00532 14:12:39",235.58,844.18,,,,"     ",3.60,1705.40,1.12
532,444726215,"00532M13:59:33.372","00532 14:12:40",235.56,844.15,,,,"     ",3.60,1699.89,1.12
532,444726216,"00532M13:59:34.346","00532 14:12:41",235.52,844.11,,,,"     ",3.60,1686.95,1.11
532,444726217,"00532M13:59:35.319","00532 14:12:42",235.47,844.19,,,,"     ",3.60,1678.88,1.11
532,444726218,"00532M13:59:36.292","00532 14:12:43",235.40,844.11,,,,"     ",3.60,1645.86,1.08
532,444726219,"00532M13:59:37.265","00532 14:12:44",235.32,844.14,,,,"     ",3.60,1688.27,1.11
532,444726220,"00532M13:59:38.239","00532 14:12:45",235.25,844.14,,,,"     ",3.60,1662.05,1.10
532,444726221,"00532M13:59:39.212","00532 14:12:46",235.18,844.21,,,,"     ",3.60,1667.28,1.10
532,444726222,"00532M13:59:40.185","00532 14:12:47",235.13,844.15,,,,"     ",3.60,1680.99,1.11
532,444726223,"00532M13:59:41.158","00532 14:12:48",235.10,844.07,,,,"     ",3.60,1682.28,1.11
532,444726224,"00532M13:59:42.132","00532 14:12:49",235.07,844.17,,,,"     ",3.60,1670.74,1.10
532,444726225,"00532M13:59:43.105","00532 14:12:50",235.06,844.11,,,,"     ",3.60,1672.35,1.11
532,444726226,"00532M13:59:44.078","00532 14:12:50",235.06,844.15,,,,"     ",3.60,1652.67,1.09
532,444726227,"00532M13:59:45.051","00532 14:12:51",235.06,844.14,,,,"     ",3.60,1674.68,1.11
532,444726228,"00532M13:59:46.025","00532 14:12:52",235.06,844.06,,,,"     ",3.60,1656.59,1.10
532,444726229,"00532M13:59:46.998","00532 14:12:53",235.08,844.08,,,,"     ",3.60,1681.04,1.11
532,444726230,"00532M13:59:47.971","00532 14:12:54",235.10,844.04,,,,"     ",3.60,1657.60,1.10
532,444726231,"00532M13:59:48.944","00532 14:12:55",235.11,844.09,,,,"     ",3.60,1654.46,1.10
532,444726232,"00532M13:59:49.918","00532 14:12:56",235.12,844.07,,,,"     ",3.60,1674.37,1.11
532,444726233,"00532M13:59:50.891","00532 14:12:57",235.10,844.09,,,,"     ",3.60,1639.83,1.09
532,444726234,"00532M13:59:51.864","00532 14:12:58",235.08,844.11,,,,"     ",3.60,1674.71,1.11
532,444726235,"00532M13:59:52.837","00532 14:12:59",235.05,844.16,,,,"     ",3.60,1657.05,1.10
532,444726236,"00532M13:59:53.811","00532 14:13:00",235.01,844.18,,,,"     ",3.60,1662.29,1.10
532,444726237,"00532M13:59:54.784","00532 14:13:01",234.97,844.16,,,,"     ",3.60,1676.97,1.12
532,444726238,"00532M13:59:55.757","00532 14:13:02",234.92,844.15,,,,"     ",3.60,1644.47,1.09
532,444726239,"00532M13:59:56.730","00532 14:13:03",234.86,844.12,,,,"     ",3.60,1674.86,1.11
532,444726240,"00532M13:59:57.704","00532 14:13:04",234.81,844.13,,,,"     ",3.60,1643.33,1.09
532,444726241,"00532M13:59:58.677","00532 14:13:05",234.75,844.13,,,,"     ",3.60,1653.94,1.10
532,444726242,"00532M13:59:59.650","00532 14:13:06",234.69,844.10,,,,"     ",3.60,1645.91,1.10
532,444726243,"00532M14:00:00.623","00532 14:13:07",234.64,844.07,,,,"     ",3.60,1649.45,1.10
532,444726244,"00532M14:00:01.597","00532 14:13:08",234.62,844.11,,,,"     ",3.60,1665.43,1.11
532,444726245,"00532M14:00:02.570","00532 14:13:09",234.61,844.14,,,,"     ",3.60,1664.07,1.11
532,444726246,"00532M14:00:03.543","00532 14:13:10",234.63,844.12,,,,"     ",3.60,1655.86,1.11
532,444726247,"00532M14:00:04.517","00532 14:13:11",234.66,843.95,,,,"     ",3.60,1678.88,1.12
532,444726248,"00532M14:00:05.490","00532 14:13:12",234.71,843.94,,,,"     ",3.60,1664.11,1.11
532,444726249,"00532M14:00:06.463","00532 14:13:13",234.77,844.01,,,,"     ",3.60,1642.57,1.10
532,444726250,"00532M14:00:07.436","00532 14:13:14",234.83,844.03,,,,"     ",3.60,1632.79,1.09
532,444726251,"00532M14:00:08.410","00532 14:13:15",234.89,844.04,,,,"     ",3.60,1653.18,1.11
532,444726252,"00532M14:00:09.383","00532 14:13:16",234.95,843.99,,,,"     ",3.60,1648.91,1.10
532,444726253,"00532M14:00:10.356","00532 14:13:17",235.01,843.95,,,,"     ",3.60,1637.37,1.10
532,444726254,"00532M14:00:11.329","00532 14:13:18",235.07,844.05,,,,"     ",3.60,1660.85,1.11
532,444726255,"00532M14:00:12.303","00532 14:13:19",235.13,844.05,,,,"     ",3.60,1651.62,1.11
532,444726256,"00532M14:00:13.276","00532 14:13:20",235.17,844.07,,,,"     ",3.60,1664.12,1.12
532,444726257,"00532M14:00:14.249","00532 14:13:21",235.20,844.06,,,,"     ",3.60,1635.19,1.10
532,444726258,"00532M14:00:15.222","00532 14:13:22",235.20,844.13,,,,"     ",3.60,1657.39,1.11
532,444726259,"00532M14:00:16.196","00532 14:13:23",235.20,844.01,,,,"     ",3.60,1632.05,1.10
532,444726260,"00532M14:00:17.169","00532 14:13:24",235.17,844.11,,,,"     ",3.60,1679.11,1.13
532,444726261,"00532M14:00:18.142","00532 14:13:25",235.14,844.05,,,,"     ",3.60,1649.74,1.11
532,444726262,"00532M14:00:19.115","00532 14:13:26",235.10,844.07,,,,"     ",3.60,1637.20,1.10
532,444726263,"00532M14:00:20.089","00532 14:13:26",235.07,844.08,,,,"     ",3.60,1635.42,1.10
532,444726264,"00532M14:00:21.062","00532 14:13:27",235.03,844.06,,,,"     ",3.60,1624.80,1.09
532,444726265,"00532M14:00:22.035","00532 14:13:28",234.99,844.04,,,,"     ",3.60,1648.42,1.11
532,444726266,"00532M14:00:23.008","00532 14:13:29",234.93,844.02,,,,"     ",3.60,1664.31,1.12
532,444726267,"00532M14:00:23.982","00532 14:13:30",234.89,844.04,,,,"     ",3.60,1619.75,1.09
532,444726268,"00532M14:00:24.955","00532 14:13:31",234.85,844.00,,,,"     ",3.60,1670.08,1.13
532,444726269,"00532M14:00:25.928","00532 14:13:32",234.81,843.99,,,,"     ",3.60,1651.80,1.12
532,444726270,"00532M14:00:26.901","00532 14:13:33",234.77,844.08,,,,"     ",3.60,1622.13,1.09
532,444726271,"00532M14:00:27.875","00532 14:13:34",234.74,844.02,,,,"     ",3.60,1645.94,1.11
532,444726272,"00532M14:00:28.848","00532 14:13:35",234.70,843.98,,,,"     ",3.60,1655.45,1.12
532,444726273,"00532M14:00:29.821","00532 14:13:36",234.66,844.05,,,,"     ",3.60,1661.17,1.12
532,444726274,"00532M14:00:30.794","00532 14:13:37",234.62,844.05,,,,"     ",3.60,1650.89,1.12
532,444726275,"00532M14:00:31.768","00532 14:13:38",234.59,844.05,,,,"     ",3.60,1653.66,1.12
532,444726276,"00532M14:00:32.741","00532 14:13:39",234.56,844.09,,,,"     ",3.60,1639.82,1.11
532,444726277,"00532M14:00:33.714","00532 14:13:40",234.53,844.05,,,,"     ",3.60,1645.94,1.12
532,444726278,"00532M14:00:34.687","00532 14:13:41",234.50,844.00,,,,"     ",3.60,1631.34,1.11
532,444726279,"00532M14:00:35.661","00532 14:13:42",234.48,844.07,,,,"     ",3.60,1619.16,1.10
532,444726280,"00532M14:00:36.634","00532 14:13:43",234.60,844.14,6.89,,250.34,"  101110",3.60,1649.26,1.12
532,444726281,"00532M14:00:37.607","00532 14:13:44",234.59,844.03,,,,"     ",3.60,1652.30,1.12
532,444726282,"00532M14:00:38.580","00532 14:13:45",234.57,844.05,,,,"     ",3.60,1650.88,1.12
532,444726283,"00532M14:00:39.554","00532 14:13:46",234.56,844.08,,,,"     ",3.60,1656.48,1.13
532,444726284,"00532M14:00:40.527","00532 14:13:47",234.55,844.01,,,,"     ",3.60,1632.89,1.11
532,444726285,"00532M14:00:41.500","00532 14:13:48",234.54,844.02,,,,"     ",3.60,1660.34,1.13
532,444726286,"00532M14:00:42.473","00532 14:13:49",234.54,844.13,,,,"     ",3.60,1641.32,1.12
532,444726287,"00532M14:00:43.447","00532 14:13:50",234.54,844.08,,,,"     ",3.60,1629.17,1.11
532,444726288,"00532M14:00:44.420","00532 14:13:51",234.54,844.13,,,,"     ",3.60,1606.93,1.10
532,444726289,"00532M14:00:45.393","00532 14:13:52",234.54,844.09,,,,"     ",3.60,1634.29,1.11
532,444726290,"00532M14:00:46.366","00532 14:13:53",234.54,844.09,,,,"     ",3.60,1628.15,1.11
532,444726291,"00532M14:00:47.340","00532 14:13:54",234.55,844.06,,,,"     ",3.60,1618.90,1.11
532,444726292,"00532M14:00:48.313","00532 14:13:55",234.56,844.09,,,,"     ",3.60,1628.27,1.11
532,444726293,"00532M14:00:49.286","00532 14:13:56",234.58,844.06,,,,"     ",3.60,1618.01,1.11
532,444726294,"00532M14:00:50.259","00532 14:13:57",234.60,844.09,,,,"     ",3.60,1620.30,1.11
532,444726295,"00532M14:00:51.233","00532 14:13:58",234.62,843.97,,,,"     ",3.60,1653.24,1.13
532,444726296,"00532M14:00:52.206","00532 14:13:59",234.65,844.00,,,,"     ",3.60,1613.61,1.10
532,444726297,"00532M14:00:53.179","00532 14:14:00",234.68,844.10,,,,"     ",3.60,1603.66,1.10
532,444726298,"00532M14:00:54.152","00532 14:14:01",234.72,843.98,,,,"     ",3.60,1616.63,1.11
532,444726299,"00532M14:00:55.126","00532 14:14:02",234.76,844.03,,,,"     ",3.60,1600.62,1.10
532,444726300,"00532M14:00:56.099","00532 14:14:03",234.81,844.08,,,,"     ",3.60,1621.05,1.11
532,444726301,"00532M14:00:57.072","00532 14:14:03",234.85,844.10,,,,"     ",3.60,1636.62,1.12
532,444726302,"00532M14:00:58.045","00532 14:14:04",234.90,844.02,,,,"     ",3.60,1644.79,1.13
532,444726303,"00532M14:00:59.019","00532 14:14:05",234.94,844.10,,,,"     ",3.60,1647.17,1.13
532,444726304,"00532M14:00:59.992","00532 14:14:06",234.97,844.10,,,,"     ",3.60,1629.25,1.12
532,444726305,"00532M14:01:00.965","00532 14:14:07",234.98,844.01,,,,"     ",3.60,1625.77,1.12
532,444726306,"00532M14:01:01.938","00532 14:14:08",234.99,844.00,,,,"     ",3.60,1656.29,1.14
532,444726307,"00532M14:01:02.912","00532 14:14:09",234.99,843.98,,,,"     ",3.60,1619.23,1.11
532,444726308,"00532M14:01:03.885","00532 14:14:10",234.98,844.00,,,,"     ",3.60,1621.23,1.11
532,444726309,"00532M14:01:04.858","00532 14:14:11",234.96,844.04,,,,"     ",3.60,1616.41,1.11
532,444726310,"00532M14:01:05.831","00532 14:14:12",234.95,843.92,,,,"     ",3.60,1621.28,1.11
532,444726311,"00532M14:01:06.805","00532 14:14:13",234.94,844.06,,,,"     ",3.60,1630.18,1.12
532,444726312,"00532M14:01:07.778","00532 14:14:14",234.94,844.04,,,,"     ",3.60,1638.54,1.13
532,444726313,"00532M14:01:08.751","00532 14:14:15",234.93,844.15,,,,"     ",3.60,1614.13,1.11
532,444726314,"00532M14:01:09.724","00532 14:14:16",234.94,844.08,,,,"     ",3.60,1632.78,1.12
532,444726315,"00532M14:01:10.698","00532 14:14:17",234.94,844.03,,,,"     ",3.60,1617.15,1.11
532,444726316,"00532M14:01:11.671","00532 14:14:18",234.95,844.02,,,,"     ",3.60,1611.83,1.11
532,444726317,"00532M14:01:12.644","00532 14:14:19",234.95,844.05,,,,"     ",3.60,1625.12,1.12
532,444726318,"00532M14:01:13.618","00532 14:14:20",234.95,844.06,,,,"     ",3.60,1602.91,1.10
532,444726319,"00532M14:01:14.591","00532 14:14:21",234.93,844.01,,,,"     ",3.60,1608.29,1.11
532,444726320,"00532M14:01:15.564","00532 14:14:22",234.91,844.04,,,,"     ",3.60,1621.92,1.12
532,444726321,"00532M14:01:16.537","00532 14:14:23",234.88,843.96,,,,"     ",3.60,1598.49,1.10
532,444726322,"00532M14:01:17.511","00532 14:14:24",234.85,844.08,,,,"     ",3.60,1621.18,1.12
532,444726323,"00532M14:01:18.484","00532 14:14:25",234.79,844.01,,,,"     ",3.60,1615.95,1.11
532,444726324,"00532M14:01:19.457","00532 14:14:26",234.73,844.09,,,,"     ",3.60,1628.79,1.12
532,444726325,"00532M14:01:20.430","00532 14:14:27",234.67,844.05,,,,"     ",3.60,1626.06,1.12
532,444726326,"00532M14:01:21.404","00532 14:14:28",234.61,844.01,,,,"     ",3.60,1631.86,1.13
532,444726327,"00532M14:01:22.377","00532 14:14:29",234.55,844.02,,,,"     ",3.60,1621.27,1.12
532,444726328,"00532M14:01:23.350","00532 14:14:30",234.50,843.99,,,,"     ",3.60,1603.99,1.11
532,444726329,"00532M14:01:24.323","00532 14:14:31",234.46,843.97,,,,"     ",3.60,1637.70,1.13
532,444726330,"00532M14:01:25.297","00532 14:14:32",234.43,843.96,,,,"     ",3.60,1601.47,1.10
532,444726331,"00532M14:01:26.270","00532 14:14:33",234.41,843.95,,,,"     ",3.60,1618.10,1.12
532,444726332,"00532M14:01:27.243","00532 14:14:34",234.40,844.00,,,,"     ",3.60,1604.07,1.11
532,444726333,"00532M14:01:28.216","00532 14:14:35",234.40,844.00,,,,"     ",3.60,1623.49,1.12
532,444726334,"00532M14:01:29.190","00532 14:14:36",234.40,843.98,,,,"     ",3.60,1621.90,1.12
532,444726335,"00532M14:01:30.163","00532 14:14:37",234.41,843.99,,,,"     ",3.60,1604.20,1.11
532,444726336,"00532M14:01:31.136","00532 14:14:38",234.40,844.00,,,,"     ",3.60,1617.84,1.12
532,444726337,"00532M14:01:32.109","00532 14:14:39",234.38,843.94,,,,"     ",3.60,1600.31,1.11
532,444726338,"00532M14:01:33.083","00532 14:14:39",234.36,843.98,,,,"     ",3.60,1635.69,1.13
532,444726339,"00532M14:01:34.056","00532 14:14:40",234.33,843.96,,,,"     ",3.60,1616.94,1.12
532,444726340,"00532M14:01:35.029","00532 14:14:41",234.28,843.97,,,,"     ",3.60,1607.14,1.11
532,444726341,"00532M14:01:36.002","00532 14:14:42",234.23,844.03,,,,"     ",3.60,1630.09,1.13
532,444726342,"00532M14:01:36.976","00532 14:14:43",234.17,844.00,,,,"     ",3.60,1639.79,1.14
532,444726343,"00532M14:01:37.949","00532 14:14:44",234.11,844.03,,,,"     ",3.60,1604.88,1.11
532,444726344,"00532M14:01:38.922","00532 14:14:45",234.05,844.07,,,,"     ",3.60,1610.69,1.12
532,444726345,"00532M14:01:39.895","00532 14:14:46",233.99,844.01,,,,"     ",3.60,1622.37,1.13
532,444726346,"00532M14:01:40.869","00532 14:14:47",233.92,843.92,,,,"     ",3.60,1598.74,1.11
532,444726347,"00532M14:01:41.842","00532 14:14:48",233.86,843.97,,,,"     ",3.60,1587.79,1.10
532,444726348,"00532M14:01:42.815","00532 14:14:49",233.80,843.88,,,,"     ",3.60,1596.45,1.11
532,444726349,"00532M14:01:43.788","00532 14:14:50",233.75,843.91,,,,"     ",3.60,1586.69,1.10
532,444726350,"00532M14:01:44.762","00532 14:14:51",233.70,843.92,,,,"     ",3.60,1616.10,1.12
532,444726351,"00532M14:01:45.735","00532 14:14:52",233.67,843.88,,,,"     ",3.60,1612.55,1.12
532,444726352,"00532M14:01:46.708","00532 14:14:53",233.64,843.97,,,,"     ",3.60,1615.74,1.12
532,444726353,"00532M14:01:47.681","00532 14:14:54",233.63,843.95,,,,"     ",3.60,1593.62,1.11
532,444726354,"00532M14:01:48.655","00532 14:14:55",233.63,844.02,,,,"     ",3.60,1627.18,1.13
532,444726355,"00532M14:01:49.628","00532 14:14:56",233.64,844.00,,,,"     ",3.60,1613.14,1.12
532,444726356,"00532M14:01:50.601","00532 14:14:57",233.66,843.95,,,,"     ",3.60,1607.94,1.12
532,444726357,"00532M14:01:51.574","00532 14:14:58",233.69,843.95,,,,"     ",3.60,1594.10,1.11
532,444726358,"00532M14:01:52.548","00532 14:14:59",233.72,844.04,,,,"     ",3.60,1590.46,1.11
532,444726359,"00532M14:01:53.521","00532 14:15:00",233.77,843.94,,,,"     ",3.60,1621.95,1.13
532,444726360,"00532M14:01:54.494","00532 14:15:01",233.82,843.96,,,,"     ",3.60,1589.73,1.11
532,444726361,"00532M14:01:55.467","00532 14:15:02",233.87,843.94,,,,"     ",3.60,1599.38,1.11
532,444726362,"00532M14:01:56.441","00532 14:15:03",233.93,843.92,,,,"     ",3.60,1622.49,1.13
532,444726363,"00532M14:01:57.414","00532 14:15:04",233.97,843.99,,,,"     ",3.60,1616.48,1.13
532,444726364,"00532M14:01:58.387","00532 14:15:05",234.01,843.86,,,,"     ",3.60,1611.33,1.12
532,444726365,"00532M14:01:59.360","00532 14:15:06",234.04,843.91,,,,"     ",3.60,1615.76,1.13
532,444726366,"00532M14:02:00.334","00532 14:15:07",234.06,843.81,,,,"     ",3.60,1627.08,1.14
532,444726367,"00532M14:02:01.307","00532 14:15:08",234.08,843.95,,,,"     ",3.60,1584.01,1.11
532,444726368,"00532M14:02:02.280","00532 14:15:09",234.10,843.92,,,,"     ",3.60,1605.52,1.12
532,444726369,"00532M14:02:03.253","00532 14:15:10",234.12,843.86,,,,"     ",3.60,1636.37,1.14
532,444726370,"00532M14:02:04.227","00532 14:15:11",234.12,843.92,,,,"     ",3.60,1612.10,1.13
532,444726371,"00532M14:02:05.200","00532 14:15:12",234.13,843.91,,,,"     ",3.60,1605.16,1.12
532,444726372,"00532M14:02:06.173","00532 14:15:13",234.13,843.87,,,,"     ",3.60,1639.15,1.15
532,444726373,"00532M14:02:07.146","00532 14:15:14",234.11,843.84,,,,"     ",3.60,1612.15,1.13
532,444726374,"00532M14:02:08.120","00532 14:15:15",234.09,843.75,,,,"     ",3.60,1612.05,1.13
532,444726375,"00532M14:02:09.093","00532 14:15:16",234.07,843.87,,,,"     ",3.60,1610.64,1.13
532,444726376,"00532M14:02:10.066","00532 14:15:16",234.04,843.90,,,,"     ",3.60,1607.00,1.12
532,444726377,"00532M14:02:11.039","00532 14:15:17",234.01,843.87,,,,"     ",3.60,1607.39,1.13
532,444726378,"00532M14:02:12.013","00532 14:15:18",233.98,843.85,,,,"     ",3.60,1570.61,1.10
532,444726379,"00532M14:02:12.986","00532 14:15:19",233.95,843.88,,,,"     ",3.60,1594.10,1.12
532,444726380,"00532M14:02:13.959","00532 14:15:20",233.92,843.86,,,,"     ",3.60,1601.43,1.12
532,444726381,"00532M14:02:14.932","00532 14:15:21",233.89,843.89,,,,"     ",3.60,1586.52,1.11
532,444726382,"00532M14:02:15.906","00532 14:15:22",233.86,843.93,,,,"     ",3.60,1620.69,1.14
532,444726383,"00532M14:02:16.879","00532 14:15:23",233.82,843.93,,,,"     ",3.60,1587.50,1.11
532,444726384,"00532M14:02:17.852","00532 14:15:24",233.79,843.92,,,,"     ",3.60,1589.94,1.12
532,444726385,"00532M14:02:18.825","00532 14:15:25",233.77,843.84,,,,"     ",3.60,1574.93,1.11
532,444726386,"00532M14:02:19.799","00532 14:15:26",233.73,843.85,,,,"     ",3.60,1581.10,1.11
532,444726387,"00532M14:02:20.772","00532 14:15:27",233.70,843.89,,,,"     ",3.60,1608.59,1.13
532,444726388,"00532M14:02:21.745","00532 14:15:28",233.67,843.85,,,,"     ",3.60,1610.92,1.13
532,444726389,"00532M14:02:22.719","00532 14:15:29",233.64,843.86,,,,"     ",3.60,1591.03,1.12
532,444726390,"00532M14:02:23.692","00532 14:15:30",233.63,843.94,,,,"     ",3.60,1600.24,1.13
532,444726391,"00532M14:02:24.665","00532 14:15:31",233.61,843.87,,,,"     ",3.60,1616.39,1.14
532,444726392,"00532M14:02:25.638","00532 14:15:32",233.61,843.89,,,,"     ",3.60,1606.13,1.13
532,444726393,"00532M14:02:26.612","00532 14:15:33",233.60,843.85,,,,"     ",3.60,1582.84,1.12
532,444726394,"00532M14:02:27.585","00532 14:15:34",233.61,843.85,,,,"     ",3.60,1611.19,1.14
532,444726395,"00532M14:02:28.558","00532 14:15:35",233.61,843.81,,,,"     ",3.60,1605.68,1.13
532,444726396,"00532M14:02:29.531","00532 14:15:36",233.62,843.76,,,,"     ",3.60,1595.01,1.13
532,444726397,"00532M14:02:30.505","00532 14:15:37",233.62,843.83,,,,"     ",3.60,1601.69,1.13
532,444726398,"00532M14:02:31.478","00532 14:15:38",233.63,843.76,,,,"     ",3.60,1583.89,1.12
532,444726399,"00532M14:02:32.451","00532 14:15:39",233.64,843.72,,,,"     ",3.60,1571.81,1.11
532,444726400,"00532M14:02:33.424","00532 14:15:40",233.64,843.76,,,,"     ",3.60,1610.17,1.14
532,444726401,"00532M14:02:34.398","00532 14:15:41",233.64,843.82,,,,"     ",3.60,1560.71,1.10
532,444726402,"00532M14:02:35.371","00532 14:15:42",233.64,843.76,,,,"     ",3.60,1583.96,1.12
532,444726403,"00532M14:02:36.344","00532 14:15:43",233.63,843.83,,,,"     ",3.60,1582.93,1.12
532,444726404,"00532M14:02:37.317","00532 14:15:44",233.63,843.86,,,,"     ",3.60,1570.50,1.11
532,444726405,"00532M14:02:38.291","00532 14:15:45",233.63,843.85,,,,"     ",3.60,1594.00,1.13
532,444726406,"00532M14:02:39.264","00532 14:15:46",233.65,843.81,,,,"     ",3.60,1553.15,1.10
532,444726407,"00532M14:02:40.237","00532 14:15:47",233.68,843.82,,,,"     ",3.60,1556.60,1.10
532,444726408,"00532M14:02:41.210","00532 14:15:48",233.71,843.89,,,,"     ",3.60,1574.45,1.12
532,444726409,"00532M14:02:42.184","00532 14:15:49",233.75,843.92,,,,"     ",3.60,1588.45,1.13
532,444726410,"00532M14:02:43.157","00532 14:15:50",233.78,843.84,,,,"     ",3.60,1585.18,1.13
532,444726411,"00532M14:02:44.130","00532 14:15:51",233.82,843.84,,,,"     ",3.60,1592.85,1.13
532,444726412,"00532M14:02:45.103","00532 14:15:52",233.82,843.84,,,,"     ",3.60,1580.91,1.13
532,444726413,"00532M14:02:46.077","00532 14:15:52",233.81,843.79,,,,"     ",3.60,1608.84,1.15
532,444726414,"00532M14:02:47.050","00532 14:15:53",233.78,843.78,,,,"     ",3.60,1564.40,1.12
532,444726415,"00532M14:02:48.023","00532 14:15:54",233.73,843.78,,,,"     ",3.60,1624.46,1.16
532,444726416,"00532M14:02:48.996","00532 14:15:55",233.66,843.87,,,,"     ",3.60,1609.78,1.15
532,444726417,"00532M14:02:49.970","00532 14:15:56",233.59,843.91,,,,"     ",3.60,1569.85,1.12
532,444726418,"00532M14:02:50.943","00532 14:15:57",233.51,843.85,,,,"     ",3.60,1553.44,1.11
532,444726419,"00532M14:02:51.916","00532 14:15:58",233.43,843.85,,,,"     ",3.60,1579.54,1.13
532,444726420,"00532M14:02:52.889","00532 14:15:59",233.36,843.91,,,,"     ",3.60,1581.89,1.13
532,444726421,"00532M14:02:53.863","00532 14:16:00",233.30,843.90,,,,"     ",3.60,1579.44,1.13
532,444726422,"00532M14:02:54.836","00532 14:16:01",233.25,843.95,,,,"     ",3.60,1591.32,1.14
532,444726423,"00532M14:02:55.809","00532 14:16:02",233.23,843.91,,,,"     ",3.60,1584.34,1.14
532,444726424,"00532M14:02:56.782","00532 14:16:03",233.23,843.91,,,,"     ",3.60,1585.38,1.14
532,444726425,"00532M14:02:57.756","00532 14:16:04",233.25,843.87,,,,"     ",3.60,1528.84,1.10
532,444726426,"00532M14:02:58.729","00532 14:16:05",233.28,843.71,,,,"     ",3.60,1577.64,1.13
532,444726427,"00532M14:02:59.702","00532 14:16:06",233.33,843.76,,,,"     ",3.60,1568.17,1.13
532,444726428,"00532M14:03:00.675","00532 14:16:07",233.39,843.77,,,,"     ",3.60,1554.13,1.12
532,444726429,"00532M14:03:01.649","00532 14:16:08",233.44,843.73,,,,"     ",3.60,1546.70,1.11
532,444726430,"00532M14:03:02.622","00532 14:16:09",233.49,843.73,,,,"     ",3.60,1538.73,1.11
532,444726431,"00532M14:03:03.595","00532 14:16:10",233.54,843.85,,,,"     ",3.60,1555.70,1.12
532,444726432,"00532M14:03:04.568","00532 14:16:11",233.57,843.76,,,,"     ",3.60,1569.06,1.13
532,444726433,"00532M14:03:05.542","00532 14:16:12",233.59,843.85,,,,"     ",3.60,1570.96,1.13
532,444726434,"00532M14:03:06.515","00532 14:16:13",233.61,843.84,,,,"     ",3.60,1560.87,1.12
532,444726435,"00532M14:03:07.488","00532 14:16:14",233.61,843.86,,,,"     ",3.60,1562.54,1.13
532,444726436,"00532M14:03:08.461","00532 14:16:15",233.61,843.80,,,,"     ",3.60,1567.60,1.13
532,444726437,"00532M14:03:09.435","00532 14:16:16",233.59,843.86,,,,"     ",3.60,1579.17,1.14
532,444726438,"00532M14:03:10.408","00532 14:16:17",233.58,843.84,,,,"     ",3.60,1587.83,1.15
532,444726439,"00532M14:03:11.381","00532 14:16:18",233.56,843.89,,,,"     ",3.60,1547.79,1.12
532,444726440,"00532M14:03:12.354","00532 14:16:19",233.54,843.82,,,,"     ",3.60,1568.60,1.13
532,444726441,"00532M14:03:13.328","00532 14:16:20",233.52,843.91,,,,"     ",3.60,1569.01,1.13
532,444726442,"00532M14:03:14.301","00532 14:16:21",233.49,843.82,,,,"     ",3.60,1551.38,1.12
532,444726443,"00532M14:03:15.274","00532 14:16:22",233.45,843.93,,,,"     ",3.60,1541.35,1.11
532,444726444,"00532M14:03:16.247","00532 14:16:23",233.41,843.80,,,,"     ",3.60,1549.54,1.12
532,444726445,"00532M14:03:17.221","00532 14:16:24",233.36,843.80,,,,"     ",3.60,1567.44,1.13
532,444726446,"00532M14:03:18.194","00532 14:16:25",233.31,843.81,,,,"     ",3.60,1550.94,1.12
532,444726447,"00532M14:03:19.167","00532 14:16:26",233.25,843.76,,,,"     ",3.60,1561.11,1.13
532,444726448,"00532M14:03:20.140","00532 14:16:27",233.20,843.80,,,,"     ",3.60,1561.31,1.13
532,444726449,"00532M14:03:21.114","00532 14:16:28",233.15,843.82,,,,"     ",3.60,1568.59,1.13
532,444726450,"00532M14:03:22.087","00532 14:16:29",233.10,843.84,,,,"     ",3.60,1572.71,1.14
532,444726451,"00532M14:03:23.060","00532 14:16:29",233.06,843.91,,,,"     ",3.60,1557.40,1.13
532,444726452,"00532M14:03:24.033","00532 14:16:30",233.02,843.81,,,,"     ",3.60,1569.05,1.14
532,444726453,"00532M14:03:25.007","00532 14:16:31",232.97,843.75,,,,"     ",3.60,1574.80,1.14
532,444726454,"00532M14:03:25.980","00532 14:16:32",232.93,843.83,,,,"     ",3.60,1543.07,1.12
532,444726455,"00532M14:03:26.953","00532 14:16:33",232.91,843.91,,,,"     ",3.60,1574.41,1.14
532,444726456,"00532M14:03:27.926","00532 14:16:34",232.88,843.90,,,,"     ",3.60,1553.72,1.13
532,444726457,"00532M14:03:28.900","00532 14:16:35",232.87,843.85,,,,"     ",3.60,1546.00,1.12
532,444726458,"00532M14:03:29.873","00532 14:16:36",232.89,843.77,,,,"     ",3.60,1542.83,1.12
532,444726459,"00532M14:03:30.846","00532 14:16:37",232.89,843.84,,,,"     ",3.60,1565.35,1.14
532,444726460,"00532M14:03:31.819","00532 14:16:38",232.90,843.81,,,,"     ",3.60,1554.13,1.13
532,444726461,"00532M14:03:32.793","00532 14:16:39",232.92,843.81,,,,"     ",3.60,1555.73,1.13
532,444726462,"00532M14:03:33.766","00532 14:16:40",232.94,843.80,,,,"     ",3.60,1565.89,1.14
532,444726463,"00532M14:03:34.739","00532 14:16:41",232.95,843.77,,,,"     ",3.60,1547.58,1.12
532,444726464,"00532M14:03:35.713","00532 14:16:42",232.96,843.77,,,,"     ",3.60,1558.52,1.13
532,444726465,"00532M14:03:36.686","00532 14:16:43",232.98,843.76,,,,"     ",3.60,1569.14,1.14
532,444726466,"00532M14:03:37.659","00532 14:16:44",232.99,843.69,,,,"     ",3.60,1571.79,1.14
532,444726467,"00532M14:03:38.632","00532 14:16:45",233.01,843.82,,,,"     ",3.60,1561.47,1.13
532,444726468,"00532M14:03:39.606","00532 14:16:46",233.04,843.75,,,,"     ",3.60,1582.71,1.15
532,444726469,"00532M14:03:40.579","00532 14:16:47",233.07,843.79,,,,"     ",3.60,1535.25,1.11
532,444726470,"00532M14:03:41.552","00532 14:16:48",233.11,843.87,,,,"     ",3.60,1569.01,1.14
532,444726471,"00532M14:03:42.525","00532 14:16:49",233.18,843.82,,,,"     ",3.60,1561.31,1.13
532,444726472,"00532M14:03:43.499","00532 14:16:50",233.27,843.76,,,,"     ",3.60,1569.55,1.14
532,444726473,"00532M14:03:44.472","00532 14:16:51",233.39,843.71,,,,"     ",3.60,1553.13,1.13
532,444726474,"00532M14:03:45.445","00532 14:16:52",233.54,843.72,,,,"     ",3.60,1550.12,1.12
532,444726475,"00532M14:03:46.418","00532 14:16:53",233.70,843.78,,,,"     ",3.60,1565.59,1.14
532,444726476,"00532M14:03:47.392","00532 14:16:54",233.89,843.80,,,,"     ",3.60,1545.04,1.12
532,444726477,"00532M14:03:48.365","00532 14:16:55",234.09,843.82,,,,"     ",3.60,1549.36,1.12
532,444726478,"00532M14:03:49.338","00532 14:16:56",234.29,843.81,,,,"     ",3.60,1558.66,1.13
532,444726479,"00532M14:03:50.311","00532 14:16:57",234.49,843.83,,,,"     ",3.60,1566.27,1.14
532,444726480,"00532M14:03:51.285","00532 14:16:58",234.69,843.78,,,,"     ",3.60,1559.53,1.13
532,444726481,"00532M14:03:52.258","00532 14:16:59",234.89,843.85,,,,"     ",3.60,1549.07,1.12
532,444726482,"00532M14:03:53.231","00532 14:17:00",235.09,843.80,,,,"     ",3.60,1567.06,1.14
532,444726483,"00532M14:03:54.204","00532 14:17:01",235.28,843.89,,,,"     ",3.60,1593.81,1.15
532,444726484,"00532M14:03:55.178","00532 14:17:02",235.46,843.88,,,,"     ",3.60,1599.87,1.16
532,444726485,"00532M14:03:56.151","00532 14:17:03",235.63,843.84,,,,"     ",3.60,1561.12,1.13
532,444726486,"00532M14:03:57.124","00532 14:17:04",235.80,843.85,,,,"     ",3.60,1568.08,1.13
532,444726487,"00532M14:03:58.097","00532 14:17:05",235.97,843.83,,,,"     ",3.60,1578.35,1.14
532,444726488,"00532M14:03:59.071","00532 14:17:06",236.16,843.80,,,,"     ",3.60,1556.52,1.12
532,444726489,"00532M14:04:00.044","00532 14:17:06",236.35,843.75,,,,"     ",3.60,1581.08,1.14
532,444726490,"00532M14:04:01.017","00532 14:17:07",236.55,843.85,,,,"     ",3.60,1564.53,1.13
532,444726491,"00532M14:04:01.990","00532 14:17:08",236.77,843.83,,,,"     ",3.60,1569.97,1.13
532,444726492,"00532M14:04:02.964","00532 14:17:09",236.97,843.82,,,,"     ",3.60,1582.17,1.14
532,444726493,"00532M14:04:03.937","00532 14:17:10",237.18,843.78,,,,"     ",3.60,1574.42,1.13
532,444726494,"00532M14:04:04.910","00532 14:17:11",237.36,843.83,,,,"     ",3.60,1586.40,1.14
532,444726495,"00532M14:04:05.883","00532 14:17:12",237.54,843.78,,,,"     ",3.60,1591.63,1.15
532,444726496,"00532M14:04:06.857","00532 14:17:13",237.70,843.79,,,,"     ",3.60,1565.64,1.13
532,444726497,"00532M14:04:07.830","00532 14:17:14",237.85,843.80,,,,"     ",3.60,1598.44,1.15
532,444726498,"00532M14:04:08.803","00532 14:17:15",238.01,843.84,,,,"     ",3.60,1600.85,1.15
532,444726499,"00532M14:04:09.776","00532 14:17:16",238.16,843.77,,,,"     ",3.60,1565.69,1.12
532,444726500,"00532M14:04:10.750","00532 14:17:17",238.32,843.81,,,,"     ",3.60,1577.95,1.13
532,444726501,"00532M14:04:11.723","00532 14:17:18",238.47,843.77,,,,"     ",3.60,1582.26,1.13
532,444726502,"00532M14:04:12.696","00532 14:17:19",238.60,843.73,,,,"     ",3.60,1599.99,1.14
532,444726503,"00532M14:04:13.669","00532 14:17:20",238.72,843.69,,,,"     ",3.60,1597.99,1.14
532,444726504,"00532M14:04:14.643","00532 14:17:21",238.84,843.71,,,,"     ",3.60,1565.49,1.12
532,444726505,"00532M14:04:15.616","00532 14:17:22",238.93,843.74,,,,"     ",3.60,1570.46,1.12
532,444726506,"00532M14:04:16.589","00532 14:17:23",239.02,843.84,,,,"     ",3.60,1571.53,1.12
532,444726507,"00532M14:04:17.562","00532 14:17:24",239.10,843.83,,,,"     ",3.60,1587.99,1.13
532,444726508,"00532M14:04:18.536","00532 14:17:25",239.16,843.81,,,,"     ",3.60,1578.69,1.12
532,444726509,"00532M14:04:19.509","00532 14:17:26",239.13,843.76,,,,"     ",3.60,1602.85,1.14
532,444726510,"00532M14:04:20.482","00532 14:17:27",239.07,843.80,,,,"     ",3.60,1599.82,1.14
532,444726511,"00532M14:04:21.455","00532 14:17:28",239.02,843.79,,,,"     ",3.60,1580.95,1.12
532,444726512,"00532M14:04:22.429","00532 14:17:29",238.95,843.84,,,,"     ",3.60,1608.17,1.14
532,444726513,"00532M14:04:23.402","00532 14:17:30",238.89,843.82,,,,"     ",3.60,1580.14,1.12
532,444726514,"00532M14:04:24.375","00532 14:17:31",238.85,843.82,,,,"     ",3.60,1591.82,1.13
532,444726515,"00532M14:04:25.348","00532 14:17:32",238.83,843.85,,,,"     ",3.60,1575.97,1.11
532,444726516,"00532M14:04:26.322","00532 14:17:33",238.82,843.71,,,,"     ",3.60,1597.74,1.13
532,444726517,"00532M14:04:27.295","00532 14:17:34",238.83,843.70,,,,"     ",3.60,1616.91,1.14
532,444726518,"00532M14:04:28.268","00532 14:17:35",238.86,843.75,,,,"     ",3.60,1584.33,1.12
532,444726519,"00532M14:04:29.241","00532 14:17:36",238.91,843.73,,,,"     ",3.60,1608.11,1.13
532,444726520,"00532M14:04:30.215","00532 14:17:37",238.96,843.73,,,,"     ",3.60,1591.32,1.12
532,444726521,"00532M14:04:31.188","00532 14:17:38",239.02,843.75,,,,"     ",3.60,1599.87,1.13
532,444726522,"00532M14:04:32.161","00532 14:17:39",239.07,843.80,,,,"     ",3.60,1598.23,1.12
532,444726523,"00532M14:04:33.134","00532 14:17:40",239.12,843.80,,,,"     ",3.60,1605.55,1.13
532,444726524,"00532M14:04:34.108","00532 14:17:41",239.16,843.77,,,,"     ",3.60,1617.10,1.14
532,444726525,"00532M14:04:35.081","00532 14:17:42",239.18,843.76,,,,"     ",3.60,1595.57,1.12
532,444726526,"00532M14:04:36.054","00532 14:17:42",239.20,843.72,,,,"     ",3.60,1613.72,1.13
532,444726527,"00532M14:04:37.027","00532 14:17:43",239.20,843.64,,,,"     ",3.60,1606.37,1.13
532,444726528,"00532M14:04:38.001","00532 14:17:44",239.20,843.63,,,,"     ",3.60,1626.29,1.14
532,444726529,"00532M14:04:38.974","00532 14:17:45",239.20,843.67,,,,"     ",3.60,1597.92,1.12
532,444726530,"00532M14:04:39.947","00532 14:17:46",239.22,843.77,,,,"     ",3.60,1603.77,1.12
532,444726531,"00532M14:04:40.920","00532 14:17:47",239.25,843.67,,,,"     ",3.60,1609.09,1.12
532,444726532,"00532M14:04:41.894","00532 14:17:48",239.30,843.70,,,,"     ",3.60,1601.43,1.12
532,444726533,"00532M14:04:42.867","00532 14:17:49",239.39,843.73,,,,"     ",3.60,1616.64,1.13
532,444726534,"00532M14:04:43.840","00532 14:17:50",239.49,843.67,,,,"     ",3.60,1633.81,1.14
532,444726535,"00532M14:04:44.814","00532 14:17:51",239.61,843.63,,,,"     ",3.60,1612.80,1.12
532,444726536,"00532M14:04:45.787","00532 14:17:52",239.76,843.63,,,,"     ",3.60,1626.20,1.13
532,444726537,"00532M14:04:46.760","00532 14:17:53",239.90,843.69,,,,"     ",3.60,1621.62,1.13
532,444726538,"00532M14:04:47.733","00532 14:17:54",240.04,843.64,,,,"     ",3.60,1603.76,1.11
532,444726539,"00532M14:04:48.707","00532 14:17:55",240.17,843.67,,,,"     ",3.60,1621.88,1.13
532,444726540,"00532M14:04:49.680","00532 14:17:56",240.29,843.68,,,,"     ",3.60,1614.60,1.12
532,444726541,"00532M14:04:50.653","00532 14:17:57",240.38,843.70,,,,"     ",3.60,1644.75,1.14
532,444726542,"00532M14:04:51.626","00532 14:17:58",240.45,843.61,,,,"     ",3.60,1655.98,1.15
532,444726543,"00532M14:04:52.600","00532 14:17:59",240.48,843.63,,,,"     ",3.60,1615.78,1.12
532,444726544,"00532M14:04:53.573","00532 14:18:00",240.48,843.60,,,,"     ",3.60,1631.12,1.13
532,444726545,"00532M14:04:54.546","00532 14:18:01",240.47,843.69,,,,"     ",3.60,1619.91,1.12
532,444726546,"00532M14:04:55.519","00532 14:18:02",240.44,843.66,,,,"     ",3.60,1633.44,1.13
532,444726547,"00532M14:04:56.493","00532 14:18:03",240.35,843.64,,,,"     ",3.60,1630.73,1.12
532,444726548,"00532M14:04:57.466","00532 14:18:04",240.23,843.72,,,,"     ",3.60,1648.16,1.14
532,444726549,"00532M14:04:58.439","00532 14:18:05",240.11,843.66,,,,"     ",3.60,1623.90,1.12
532,444726550,"00532M14:04:59.412","00532 14:18:06",240.00,843.61,,,,"     ",3.60,1626.78,1.12
532,444726551,"00532M14:05:00.386","00532 14:18:07",239.92,843.60,,,,"     ",3.60,1619.13,1.11
532,444726552,"00532M14:05:01.359","00532 14:18:08",239.84,843.59,,,,"     ",3.60,1631.85,1.12
532,444726553,"00532M14:05:02.332","00532 14:18:09",239.77,843.61,,,,"     ",3.60,1638.52,1.13
532,444726554,"00532M14:05:03.305","00532 14:18:10",239.71,843.63,,,,"     ",3.60,1632.52,1.12
532,444726555,"00532M14:05:04.279","00532 14:18:11",239.65,843.64,,,,"     ",3.60,1614.27,1.11
532,444726556,"00532M14:05:05.252","00532 14:18:12",239.60,843.62,,,,"     ",3.60,1663.05,1.14
532,444726557,"00532M14:05:06.225","00532 14:18:13",239.54,843.59,,,,"     ",3.60,1631.13,1.12
532,444726558,"00532M14:05:07.198","00532 14:18:14",239.48,843.67,,,,"     ",3.60,1637.43,1.13
532,444726559,"00532M14:05:08.172","00532 14:18:15",239.41,843.59,,,,"     ",3.60,1645.89,1.13
532,444726560,"00532M14:05:09.145","00532 14:18:16",239.36,843.45,,,,"     ",3.60,1636.39,1.12
532,444726561,"00532M14:05:10.118","00532 14:18:17",239.32,843.59,,,,"     ",3.60,1624.99,1.12
532,444726562,"00532M14:05:11.091","00532 14:18:18",239.29,843.59,,,,"     ",3.60,1623.61,1.12
532,444726563,"00532M14:05:12.065","00532 14:18:19",239.28,843.64,,,,"     ",3.60,1655.11,1.14
532,444726564,"00532M14:05:13.038","00532 14:18:19",239.28,843.62,,,,"     ",3.60,1618.12,1.11
532,444726565,"00532M14:05:14.011","00532 14:18:20",239.30,843.69,,,,"     ",3.60,1610.40,1.11
532,444726566,"00532M14:05:14.984","00532 14:18:21",239.33,843.65,,,,"     ",3.60,1633.27,1.12
532,444726567,"00532M14:05:15.958","00532 14:18:22",239.37,843.61,,,,"     ",3.60,1639.01,1.13
532,444726568,"00532M14:05:16.931","00532 14:18:23",239.42,843.61,,,,"     ",3.60,1602.21,1.10
532,444726569,"00532M14:05:17.904","00532 14:18:24",239.47,843.52,,,,"     ",3.60,1640.02,1.13
532,444726570,"00532M14:05:18.877","00532 14:18:25",239.52,843.61,,,,"     ",3.60,1611.38,1.11
532,444726571,"00532M14:05:19.851","00532 14:18:26",239.56,843.58,,,,"     ",3.60,1634.32,1.12
532,444726572,"00532M14:05:20.824","00532 14:18:27",239.58,843.69,,,,"     ",3.60,1626.94,1.12
532,444726573,"00532M14:05:21.797","00532 14:18:28",239.60,843.73,,,,"     ",3.60,1628.29,1.12
532,444726574,"00532M14:05:22.770","00532 14:18:29",239.59,843.57,,,,"     ",3.60,1605.70,1.10
532,444726575,"00532M14:05:23.744","00532 14:18:30",239.57,843.62,,,,"     ",3.60,1610.65,1.11
532,444726576,"00532M14:05:24.717","00532 14:18:31",239.53,843.47,,,,"     ",3.60,1621.34,1.12
532,444726577,"00532M14:05:25.690","00532 14:18:32",239.46,843.57,,,,"     ",3.60,1636.27,1.13
532,444726578,"00532M14:05:26.663","00532 14:18:33",239.37,843.61,,,,"     ",3.60,1618.06,1.11
532,444726579,"00532M14:05:27.637","00532 14:18:34",239.26,843.63,,,,"     ",3.60,1621.68,1.12
532,444726580,"00532M14:05:28.610","00532 14:18:35",239.16,843.62,,,,"     ",3.60,1612.43,1.11
532,444726581,"00532M14:05:29.583","00532 14:18:36",239.08,843.68,,,,"     ",3.60,1634.67,1.13
532,444726582,"00532M14:05:30.556","00532 14:18:37",239.01,843.67,,,,"     ",3.60,1641.08,1.13
532,444726583,"00532M14:05:31.530","00532 14:18:38",238.96,843.64,,,,"     ",3.60,1609.85,1.11
532,444726584,"00532M14:05:32.503","00532 14:18:39",238.90,843.63,,,,"     ",3.60,1607.01,1.11
532,444726585,"00532M14:05:33.476","00532 14:18:40",238.84,843.69,,,,"     ",3.60,1616.22,1.11
532,444726586,"00532M14:05:34.449","00532 14:18:41",238.80,843.64,,,,"     ",3.60,1610.45,1.11
532,444726587,"00532M14:05:35.423","00532 14:18:42",238.75,843.65,,,,"     ",3.60,1630.57,1.12
532,444726588,"00532M14:05:36.396","00532 14:18:43",238.72,843.60,,,,"     ",3.60,1612.95,1.11
532,444726589,"00532M14:05:37.369","00532 14:18:44",238.68,843.52,,,,"     ",3.60,1635.78,1.13
532,444726590,"00532M14:05:38.342","00532 14:18:45",238.66,843.56,,,,"     ",3.60,1651.57,1.14
532,444726591,"00532M14:05:39.316","00532 14:18:46",238.63,843.59,,,,"     ",3.60,1637.28,1.13
532,444726592,"00532M14:05:40.289","00532 14:18:47",238.62,843.59,,,,"     ",3.60,1610.66,1.11
532,444726593,"00532M14:05:41.262","00532 14:18:48",238.61,843.61,,,,"     ",3.60,1595.83,1.10
532,444729988,"00532M15:00:45.458","00532 15:13:52",241.46,841.05,,,5.29,"  101100",3.60,,
532,444729989,"00532M15:00:46.431","00532 15:13:53",241.39,841.13,,,,"     ",3.60,1328.61,1.22
532,444729990,"00532M15:00:47.404","00532 15:13:54",241.31,841.12,,,,"     ",3.60,1342.67,1.24
532,444729991,"00532M15:00:48.378","00532 15:13:55",241.25,841.12,,,,"     ",3.60,1337.64,1.23
532,444729992,"00532M15:00:49.351","00532 15:13:56",241.19,841.09,,,,"     ",3.60,1364.47,1.25
532,444729993,"00532M15:00:50.324","00532 15:13:57",241.14,841.13,,,,"     ",3.60,1334.99,1.22
532,444729994,"00532M15:00:51.297","00532 15:13:58",241.09,841.10,,,,"     ",3.60,1342.48,1.23
532,444729995,"00532M15:00:52.271","00532 15:13:59",241.05,841.08,,,,"     ",3.60,1356.46,1.24
532,444729996,"00532M15:00:53.244","00532 15:14:00",241.01,841.19,,,,"     ",3.60,1350.42,1.23
532,444729997,"00532M15:00:54.217","00532 15:14:01",240.97,841.09,,,,"     ",3.60,1362.30,1.24
532,444729998,"00532M15:00:55.190","00532 15:14:02",240.95,841.20,,,,"     ",3.60,1326.40,1.20
532,444729999,"00532M15:00:56.164","00532 15:14:03",240.92,841.10,,,,"     ",3.60,1351.77,1.22
532,444730000,"00532M15:00:57.137","00532 15:14:04",240.91,841.13,,,,"     ",3.60,1354.64,1.22
532,444730001,"00532M15:00:58.110","00532 15:14:05",240.89,841.15,,,,"     ",3.60,1347.10,1.21
532,444730002,"00532M15:00:59.083","00532 15:14:06",240.89,841.16,,,,"     ",3.60,1367.08,1.23
532,444730003,"00532M15:01:00.057","00532 15:14:07",240.89,841.15,,,,"     ",3.60,1349.75,1.21
532,444730004,"00532M15:01:01.030","00532 15:14:08",240.88,841.24,,,,"     ",3.60,1386.70,1.25
532,444730005,"00532M15:01:02.003","00532 15:14:09",240.87,841.17,,,,"     ",3.60,1349.52,1.21
532,444730006,"00532M15:01:02.976","00532 15:14:10",240.86,841.06,,,,"     ",3.60,1342.63,1.20
532,444730007,"00532M15:01:03.950","00532 15:14:11",240.85,841.17,,,,"     ",3.60,1358.51,1.21
532,444730008,"00532M15:01:04.923","00532 15:14:12",240.86,841.14,,,,"     ",3.60,1345.55,1.20
532,444730009,"00532M15:01:05.896","00532 15:14:13",240.88,841.03,,,,"     ",3.60,1363.60,1.21
532,444730010,"00532M15:01:06.869","00532 15:14:14",240.91,840.98,,,,"     ",3.60,1376.75,1.23
532,444730011,"00532M15:01:07.843","00532 15:14:15",240.95,841.06,,,,"     ",3.60,1383.18,1.23
532,444730012,"00532M15:01:08.816","00532 15:14:16",241.00,841.08,,,,"     ",3.60,1363.78,1.21
532,444730013,"00532M15:01:09.789","00532 15:14:17",241.06,841.05,,,,"     ",3.60,1375.77,1.22
532,444730014,"00532M15:01:10.762","00532 15:14:18",241.13,841.12,,,,"     ",3.60,1373.75,1.22
532,444730015,"00532M15:01:11.736","00532 15:14:19",241.19,841.17,,,,"     ",3.60,1378.97,1.22
532,444730016,"00532M15:01:12.709","00532 15:14:20",241.26,841.14,,,,"     ",3.60,1388.47,1.23
532,444730017,"00532M15:01:13.682","00532 15:14:21",241.33,841.19,,,,"     ",3.60,1370.22,1.21
532,444730018,"00532M15:01:14.655","00532 15:14:21",241.40,841.17,,,,"     ",3.60,1379.16,1.22
532,444730019,"00532M15:01:15.629","00532 15:14:22",241.46,841.12,,,,"     ",3.60,1396.64,1.23
532,444730020,"00532M15:01:16.602","00532 15:14:23",241.51,841.13,,,,"     ",3.60,1378.76,1.21
532,444730021,"00532M15:01:17.575","00532 15:14:24",241.53,841.19,,,,"     ",3.60,1383.99,1.21
532,444730022,"00532M15:01:18.548","00532 15:14:25",241.54,841.18,,,,"     ",3.60,1381.72,1.21
532,444730023,"00532M15:01:19.522","00532 15:14:26",241.53,841.14,,,,"     ",3.60,1388.01,1.22
532,444730024,"00532M15:01:20.495","00532 15:14:27",241.49,841.04,,,,"     ",3.60,1393.21,1.22
532,444730025,"00532M15:01:21.468","00532 15:14:28",241.44,841.14,,,,"     ",3.60,1409.50,1.23
532,444730026,"00532M15:01:22.441","00532 15:14:29",241.38,841.08,,,,"     ",3.60,1393.08,1.22
532,444730027,"00532M15:01:23.415","00532 15:14:30",241.33,841.11,,,,"     ",3.60,1402.82,1.22
532,444730028,"00532M15:01:24.388","00532 15:14:31",241.27,841.11,,,,"     ",3.60,1388.01,1.21
532,444730029,"00532M15:01:25.361","00532 15:14:32",241.20,841.04,,,,"     ",3.60,1405.40,1.22
532,444730030,"00532M15:01:26.334","00532 15:14:33",241.14,841.14,,,,"     ",3.60,1399.05,1.21
532,444730031,"00532M15:01:27.308","00532 15:14:34",241.07,841.15,,,,"     ",3.60,1393.20,1.21
532,444730032,"00532M15:01:28.281","00532 15:14:35",241.01,841.15,,,,"     ",3.60,1415.79,1.23
532,444730033,"00532M15:01:29.254","00532 15:14:36",240.95,841.12,,,,"     ",3.60,1406.73,1.22
532,444730034,"00532M15:01:30.227","00532 15:14:37",240.91,841.14,,,,"     ",3.60,1412.07,1.22
532,444730035,"00532M15:01:31.201","00532 15:14:38",240.90,841.13,,,,"     ",3.60,1389.47,1.20
532,444730036,"00532M15:01:32.174","00532 15:14:39",240.91,841.07,,,,"     ",3.60,1401.98,1.21
532,444730037,"00532M15:01:33.147","00532 15:14:40",240.94,841.11,,,,"     ",3.60,1409.14,1.21
532,444730038,"00532M15:01:34.120","00532 15:14:41",240.99,841.04,,,,"     ",3.60,1400.52,1.21
532,444730039,"00532M15:01:35.094","00532 15:14:42",241.05,841.09,,,,"     ",3.60,1402.26,1.21
532,444730040,"00532M15:01:36.067","00532 15:14:43",241.13,841.08,,,,"     ",3.60,1411.63,1.21
532,444730041,"00532M15:01:37.040","00532 15:14:44",241.22,841.10,,,,"     ",3.60,1412.70,1.21
532,444730042,"00532M15:01:38.013","00532 15:14:45",241.34,841.12,,,,"     ",3.60,1426.67,1.22
532,444730043,"00532M15:01:38.987","00532 15:14:46",241.47,841.09,,,,"     ",3.60,1427.57,1.22
532,444730044,"00532M15:01:39.960","00532 15:14:47",241.63,841.11,,,,"     ",3.60,1419.42,1.22
532,444730045,"00532M15:01:40.933","00532 15:14:48",241.79,841.03,,,,"     ",3.60,1402.17,1.20
532,444730046,"00532M15:01:41.906","00532 15:14:49",241.97,841.11,,,,"     ",3.60,1430.17,1.22
532,444730047,"00532M15:01:42.880","00532 15:14:50",242.14,841.05,,,,"     ",3.60,1406.75,1.20
532,444730048,"00532M15:01:43.853","00532 15:14:51",242.33,841.05,,,,"     ",3.60,1423.25,1.22
532,444730049,"00532M15:01:44.826","00532 15:14:52",242.51,841.04,,,,"     ",3.60,1411.70,1.20
532,444730050,"00532M15:01:45.800","00532 15:14:53",242.69,841.00,,,,"     ",3.60,1426.83,1.22
532,444730051,"00532M15:01:46.773","00532 15:14:54",242.86,841.03,,,,"     ",3.60,1412.14,1.20
532,444730052,"00532M15:01:47.746","00532 15:14:55",243.02,840.97,,,,"     ",3.60,1429.59,1.22
532,444730053,"00532M15:01:48.719","00532 15:14:56",243.17,841.07,,,,"     ",3.60,1427.69,1.21
532,444730054,"00532M15:01:49.693","00532 15:14:57",243.30,841.08,,,,"     ",3.60,1418.35,1.20
532,444730055,"00532M15:01:50.666","00532 15:14:57",243.42,841.07,,,,"     ",3.60,1424.18,1.21
532,444730056,"00532M15:01:51.639","00532 15:14:58",243.52,841.11,,,,"     ",3.60,1425.42,1.21
532,444730057,"00532M15:01:52.612","00532 15:14:59",243.60,841.10,,,,"     ",3.60,1427.80,1.21
532,444730058,"00532M15:01:53.586","00532 15:15:00",243.68,841.09,,,,"     ",3.60,1431.50,1.21
532,444730059,"00532M15:01:54.559","00532 15:15:01",243.75,841.05,,,,"     ",3.60,1423.16,1.20
532,444730060,"00532M15:01:55.532","00532 15:15:02",243.83,841.09,,,,"     ",3.60,1437.11,1.22
532,444730061,"00532M15:01:56.505","00532 15:15:03",243.92,841.06,,,,"     ",3.60,1443.21,1.22
532,444730062,"00532M15:01:57.479","00532 15:15:04",244.01,841.11,,,,"     ",3.60,1458.44,1.23
532,444730063,"00532M15:01:58.452","00532 15:15:05",244.10,841.04,,,,"     ",3.60,1427.95,1.20
532,444730064,"00532M15:01:59.425","00532 15:15:06",244.19,840.96,,,,"     ",3.60,1440.82,1.21
532,444730065,"00532M15:02:00.398","00532 15:15:07",244.26,840.99,,,,"     ",3.60,1452.74,1.22
532,444730066,"00532M15:02:01.372","00532 15:15:08",244.34,841.13,,,,"     ",3.60,1435.06,1.21
532,444730067,"00532M15:02:02.345","00532 15:15:09",244.43,841.06,,,,"     ",3.60,1434.36,1.21
532,444730068,"00532M15:02:03.318","00532 15:15:10",244.51,841.10,,,,"     ",3.60,1452.36,1.22
532,444730069,"00532M15:02:04.291","00532 15:15:11",244.59,841.09,,,,"     ",3.60,1442.02,1.21
532,444730070,"00532M15:02:05.265","00532 15:15:12",244.68,841.07,,,,"     ",3.60,1423.45,1.19
532,444730071,"00532M15:02:06.238","00532 15:15:13",244.77,841.00,,,,"     ",3.60,1453.78,1.22
532,444730072,"00532M15:02:07.211","00532 15:15:14",244.85,841.07,,,,"     ",3.60,1418.58,1.19
532,444730073,"00532M15:02:08.184","00532 15:15:15",244.93,841.04,,,,"     ",3.60,1455.48,1.22
532,444730074,"00532M15:02:09.158","00532 15:15:16",245.00,841.00,,,,"     ",3.60,1433.63,1.20
532,444730075,"00532M15:02:10.131","00532 15:15:17",245.05,841.07,,,,"     ",3.60,1454.40,1.22
532,444730076,"00532M15:02:11.104","00532 15:15:18",245.11,841.05,,,,"     ",3.60,1420.26,1.19
532,444730077,"00532M15:02:12.077","00532 15:15:19",245.16,841.08,,,,"     ",3.60,1431.05,1.20
532,444730078,"00532M15:02:13.051","00532 15:15:20",245.20,841.08,,,,"     ",3.60,1456.08,1.22
532,444730079,"00532M15:02:14.024","00532 15:15:21",245.25,841.10,,,,"     ",3.60,1437.95,1.20
532,444730080,"00532M15:02:14.997","00532 15:15:22",245.30,841.07,,,,"     ",3.60,1445.07,1.21
532,444730081,"00532M15:02:15.970","00532 15:15:23",245.34,841.00,,,,"     ",3.60,1449.63,1.21
532,444730082,"00532M15:02:16.944","00532 15:15:24",245.39,840.96,,,,"     ",3.60,1443.67,1.20
532,444730083,"00532M15:02:17.917","00532 15:15:25",245.44,841.00,,,,"     ",3.60,1440.63,1.20
532,444730084,"00532M15:02:18.890","00532 15:15:26",245.50,841.04,,,,"     ",3.60,1453.83,1.21
532,444730085,"00532M15:02:19.863","00532 15:15:27",245.57,841.02,,,,"     ",3.60,1453.18,1.21
532,444730086,"00532M15:02:20.837","00532 15:15:28",245.66,841.04,,,,"     ",3.60,1448.02,1.20
532,444730087,"00532M15:02:21.810","00532 15:15:29",245.76,841.07,,,,"     ",3.60,1444.23,1.20
532,444730088,"00532M15:02:22.783","00532 15:15:30",245.86,840.99,,,,"     ",3.60,1433.77,1.19
532,444730089,"00532M15:02:23.756","00532 15:15:31",245.96,841.06,,,,"     ",3.60,1457.13,1.21
532,444730090,"00532M15:02:24.730","00532 15:15:32",246.05,841.11,,,,"     ",3.60,1440.20,1.19
532,444730091,"00532M15:02:25.703","00532 15:15:33",246.13,841.09,,,,"     ",3.60,1453.78,1.21
532,444730092,"00532M15:02:26.676","00532 15:15:34",246.21,841.10,,,,"     ",3.60,1458.77,1.21
532,444730093,"00532M15:02:27.649","00532 15:15:34",246.26,841.07,,,,"     ",3.60,1447.90,1.20
532,444730094,"00532M15:02:28.623","00532 15:15:35",246.30,841.13,,,,"     ",3.60,1458.97,1.21
532,444730095,"00532M15:02:29.596","00532 15:15:36",246.33,841.00,,,,"     ",3.60,1464.46,1.21
532,444730096,"00532M15:02:30.569","00532 15:15:37",246.35,841.07,,,,"     ",3.60,1467.14,1.21
532,444730097,"00532M15:02:31.542","00532 15:15:38",246.36,841.02,,,,"     ",3.60,1465.89,1.21
532,444730098,"00532M15:02:32.516","00532 15:15:39",246.37,841.02,,,,"     ",3.60,1458.70,1.20
532,444730099,"00532M15:02:33.489","00532 15:15:40",246.37,841.00,,,,"     ",3.60,1450.44,1.20
532,444730100,"00532M15:02:34.462","00532 15:15:41",246.36,841.01,,,,"     ",3.60,1457.61,1.20
532,444730101,"00532M15:02:35.435","00532 15:15:42",246.34,840.99,,,,"     ",3.60,1438.07,1.19
532,444730102,"00532M15:02:36.409","00532 15:15:43",246.31,841.03,,,,"     ",3.60,1463.42,1.21
532,444730103,"00532M15:02:37.382","00532 15:15:44",246.27,841.08,,,,"     ",3.60,1479.33,1.22
532,444730104,"00532M15:02:38.355","00532 15:15:45",246.21,841.01,,,,"     ",3.60,1449.54,1.19
532,444730105,"00532M15:02:39.328","00532 15:15:46",246.15,841.07,,,,"     ",3.60,1470.40,1.21
532,444730106,"00532M15:02:40.302","00532 15:15:47",246.07,841.05,,,,"     ",3.60,1452.01,1.19
532,444730107,"00532M15:02:41.275","00532 15:15:48",246.00,841.09,,,,"     ",3.60,1437.86,1.18
532,444730108,"00532M15:02:42.248","00532 15:15:49",245.92,841.15,,,,"     ",3.60,1474.98,1.21
532,444730109,"00532M15:02:43.221","00532 15:15:50",245.84,841.11,,,,"     ",3.60,1479.35,1.22
532,444730110,"00532M15:02:44.195","00532 15:15:51",245.77,841.12,,,,"     ",3.60,1491.76,1.23
532,444730111,"00532M15:02:45.168","00532 15:15:52",245.70,841.10,,,,"     ",3.60,1451.81,1.19
532,444730112,"00532M15:02:46.141","00532 15:15:53",245.63,841.10,,,,"     ",3.60,1471.70,1.21
532,444730113,"00532M15:02:47.114","00532 15:15:54",245.56,841.09,,,,"     ",3.60,1497.40,1.23
532,444730114,"00532M15:02:48.088","00532 15:15:55",245.50,841.09,,,,"     ",3.60,1459.76,1.20
532,444730115,"00532M15:02:49.061","00532 15:15:56",245.43,841.11,,,,"     ",3.60,1460.36,1.20
532,444730116,"00532M15:02:50.034","00532 15:15:57",245.38,841.15,,,,"     ",3.60,1490.69,1.22
532,444730117,"00532M15:02:51.007","00532 15:15:58",245.31,841.09,,,,"     ",3.60,1465.03,1.20
532,444730118,"00532M15:02:51.981","00532 15:15:59",245.25,841.08,,,,"     ",3.60,1464.29,1.20
532,444730119,"00532M15:02:52.954","00532 15:16:00",245.18,841.13,,,,"     ",3.60,1478.38,1.21
532,444730120,"00532M15:02:53.927","00532 15:16:01",245.11,841.14,,,,"     ",3.60,1475.24,1.21
532,444730121,"00532M15:02:54.901","00532 15:16:02",245.03,841.06,,,,"     ",3.60,1476.46,1.20
532,444730122,"00532M15:02:55.874","00532 15:16:03",244.94,841.05,,,,"     ",3.60,1476.06,1.20
532,444730123,"00532M15:02:56.847","00532 15:16:04",244.86,840.99,,,,"     ",3.60,1470.28,1.20
532,444730124,"00532M15:02:57.820","00532 15:16:05",244.79,840.95,,,,"     ",3.60,1495.40,1.22
532,444730125,"00532M15:02:58.794","00532 15:16:06",244.71,841.07,,,,"     ",3.60,1473.31,1.20
532,444730126,"00532M15:02:59.767","00532 15:16:07",244.63,841.08,,,,"     ",3.60,1474.36,1.20
532,444730127,"00532M15:03:00.740","00532 15:16:08",244.56,841.01,,,,"     ",3.60,1486.76,1.21
532,444730128,"00532M15:03:01.713","00532 15:16:09",244.50,841.03,,,,"     ",3.60,1471.80,1.20
532,444730129,"00532M15:03:02.687","00532 15:16:10",244.45,841.11,,,,"     ",3.60,1492.73,1.22
532,444730130,"00532M15:03:03.660","00532 15:16:10",244.39,841.01,,,,"     ",3.60,1468.39,1.20
532,444730131,"00532M15:03:04.633","00532 15:16:11",244.34,840.91,,,,"     ",3.60,1483.45,1.21
532,444730132,"00532M15:03:05.606","00532 15:16:12",244.30,841.03,,,,"     ",3.60,1466.59,1.19
532,444730133,"00532M15:03:06.580","00532 15:16:13",244.26,841.01,,,,"     ",3.60,1462.34,1.19
532,444730134,"00532M15:03:07.553","00532 15:16:14",244.22,840.95,,,,"     ",3.60,1467.11,1.19
532,444730135,"00532M15:03:08.526","00532 15:16:15",244.19,841.01,,,,"     ",3.60,1468.92,1.19
532,444730136,"00532M15:03:09.499","00532 15:16:16",244.18,841.05,,,,"     ",3.60,1469.69,1.20
532,444730137,"00532M15:03:10.473","00532 15:16:17",244.17,841.08,,,,"     ",3.60,1477.22,1.20
532,444730138,"00532M15:03:11.446","00532 15:16:18",244.18,841.04,,,,"     ",3.60,1474.37,1.20
532,444730139,"00532M15:03:12.419","00532 15:16:19",244.20,841.13,,,,"     ",3.60,1460.11,1.19
532,444730140,"00532M15:03:13.392","00532 15:16:20",244.24,841.06,,,,"     ",3.60,1478.68,1.20
532,444730141,"00532M15:03:14.366","00532 15:16:21",244.28,841.10,,,,"     ",3.60,1478.81,1.20
532,444730142,"00532M15:03:15.339","00532 15:16:22",244.33,841.11,,,,"     ",3.60,1482.12,1.21
532,444730143,"00532M15:03:16.312","00532 15:16:23",244.38,841.03,,,,"     ",3.60,1468.35,1.19
532,444730144,"00532M15:03:17.285","00532 15:16:24",244.43,841.13,,,,"     ",3.60,1474.10,1.20
532,444730145,"00532M15:03:18.259","00532 15:16:25",244.48,841.08,,,,"     ",3.60,1468.00,1.19
532,444730146,"00532M15:03:19.232","00532 15:16:26",244.53,841.08,,,,"     ",3.60,1468.19,1.19
532,444730147,"00532M15:03:20.205","00532 15:16:27",244.56,841.06,,,,"     ",3.60,1470.32,1.20
532,444730148,"00532M15:03:21.178","00532 15:16:28",244.59,841.03,,,,"     ",3.60,1459.70,1.19
532,444730149,"00532M15:03:22.152","00532 15:16:29",244.59,841.03,,,,"     ",3.60,1467.74,1.19
532,444730150,"00532M15:03:23.125","00532 15:16:30",244.57,841.05,,,,"     ",3.60,1468.77,1.19
532,444730151,"00532M15:03:24.098","00532 15:16:31",244.53,841.05,,,,"     ",3.60,1466.33,1.19
532,444730152,"00532M15:03:25.071","00532 15:16:32",244.47,841.04,,,,"     ",3.60,1476.03,1.20
532,444730153,"00532M15:03:26.045","00532 15:16:33",244.39,841.13,,,,"     ",3.60,1481.98,1.20
532,444730154,"00532M15:03:27.018","00532 15:16:34",244.30,841.19,,,,"     ",3.60,1458.59,1.19
532,444730155,"00532M15:03:27.991","00532 15:16:35",244.20,841.09,,,,"     ",3.60,1499.06,1.22
532,444730156,"00532M15:03:28.964","00532 15:16:36",244.08,840.98,,,,"     ",3.60,1473.00,1.20
532,444730157,"00532M15:03:29.938","00532 15:16:37",243.97,841.03,,,,"     ",3.60,1468.97,1.19
532,444730158,"00532M15:03:30.911","00532 15:16:38",243.86,841.11,,,,"     ",3.60,1477.71,1.20
532,444730159,"00532M15:03:31.884","00532 15:16:39",243.76,841.06,,,,"     ",3.60,1482.68,1.21
532,444730160,"00532M15:03:32.857","00532 15:16:40",243.69,841.05,,,,"     ",3.60,1477.25,1.20
532,444730161,"00532M15:03:33.831","00532 15:16:41",243.62,841.03,,,,"     ",3.60,1478.58,1.20
532,444730162,"00532M15:03:34.804","00532 15:16:42",243.58,841.08,,,,"     ",3.60,1484.84,1.21
532,444730163,"00532M15:03:35.777","00532 15:16:43",243.56,841.11,,,,"     ",3.60,1466.44,1.19
532,444730164,"00532M15:03:36.750","00532 15:16:44",243.55,841.11,,,,"     ",3.60,1476.99,1.20
532,444730165,"00532M15:03:37.724","00532 15:16:45",243.55,841.05,,,,"     ",3.60,1488.30,1.21
532,444730166,"00532M15:03:38.697","00532 15:16:46",243.57,841.05,,,,"     ",3.60,1462.91,1.19
532,444730167,"00532M15:03:39.670","00532 15:16:47",243.59,841.05,,,,"     ",3.60,1481.13,1.20
532,444730168,"00532M15:03:40.643","00532 15:16:47",243.61,841.04,,,,"     ",3.60,1440.47,1.17
532,444730169,"00532M15:03:41.617","00532 15:16:48",243.64,841.08,,,,"     ",3.60,1459.86,1.19
532,444730170,"00532M15:03:42.590","00532 15:16:49",243.67,841.08,,,,"     ",3.60,1473.14,1.20
532,444730171,"00532M15:03:43.563","00532 15:16:50",243.72,841.03,,,,"     ",3.60,1482.35,1.21
532,444730172,"00532M15:03:44.536","00532 15:16:51",243.77,841.06,,,,"     ",3.60,1481.94,1.20
532,444730173,"00532M15:03:45.510","00532 15:16:52",243.84,841.03,,,,"     ",3.60,1470.09,1.19
532,444730174,"00532M15:03:46.483","00532 15:16:53",243.94,841.03,,,,"     ",3.60,1467.24,1.19
532,444730175,"00532M15:03:47.456","00532 15:16:54",244.04,841.07,,,,"     ",3.60,1490.04,1.21
532,444730176,"00532M15:03:48.429","00532 15:16:55",244.14,840.98,,,,"     ",3.60,1451.24,1.18
532,444730177,"00532M15:03:49.403","00532 15:16:56",244.24,841.00,,,,"     ",3.60,1459.29,1.19
532,444730178,"00532M15:03:50.376","00532 15:16:57",244.35,841.04,,,,"     ",3.60,1478.51,1.20
532,444730179,"00532M15:03:51.349","00532 15:16:58",244.44,841.02,,,,"     ",3.60,1476.42,1.20
532,444730180,"00532M15:03:52.322","00532 15:16:59",244.53,841.07,,,,"     ",3.60,1494.28,1.21
532,444730181,"00532M15:03:53.296","00532 15:17:00",244.61,841.02,,,,"     ",3.60,1465.81,1.19
532,444730182,"00532M15:03:54.269","00532 15:17:01",244.66,841.01,,,,"     ",3.60,1472.22,1.20
532,444730183,"00532M15:03:55.242","00532 15:17:02",244.70,841.09,,,,"     ",3.60,1489.92,1.21
532,444730184,"00532M15:03:56.215","00532 15:17:03",244.71,841.01,,,,"     ",3.60,1484.51,1.21
532,444730185,"00532M15:03:57.189","00532 15:17:04",244.70,840.93,,,,"     ",3.60,1472.95,1.19
532,444730186,"00532M15:03:58.162","00532 15:17:05",244.67,840.97,,,,"     ",3.60,1477.91,1.20
532,444730187,"00532M15:03:59.135","00532 15:17:06",244.62,840.98,,,,"     ",3.60,1455.80,1.18
532,444730188,"00532M15:04:00.108","00532 15:17:07",244.56,840.99,,,,"     ",3.60,1472.12,1.19
532,444730189,"00532M15:04:01.082","00532 15:17:08",244.50,841.06,,,,"     ",3.60,1479.56,1.20
532,444730190,"00532M15:04:02.055","00532 15:17:09",244.44,841.01,,,,"     ",3.60,1488.97,1.21
532,444730191,"00532M15:04:03.028","00532 15:17:10",244.40,841.03,,,,"     ",3.60,1459.39,1.18
532,444730192,"00532M15:04:04.001","00532 15:17:11",244.36,841.02,,,,"     ",3.60,1469.59,1.19
532,444730193,"00532M15:04:04.975","00532 15:17:12",244.33,841.00,,,,"     ",3.60,1473.55,1.19
532,444730194,"00532M15:04:05.948","00532 15:17:13",244.30,840.95,,,,"     ",3.60,1487.74,1.20
532,444730195,"00532M15:04:06.921","00532 15:17:14",244.26,840.95,,,,"     ",3.60,1470.04,1.19
532,444730196,"00532M15:04:07.895","00532 15:17:15",244.20,841.00,,,,"     ",3.60,1475.87,1.19
532,444730197,"00532M15:04:08.868","00532 15:17:16",244.13,840.94,,,,"     ",3.60,1470.08,1.19
532,444730198,"00532M15:04:09.841","00532 15:17:17",244.05,841.06,,,,"     ",3.60,1489.53,1.20
532,444730199,"00532M15:04:10.814","00532 15:17:18",243.97,840.92,,,,"     ",3.60,1504.47,1.22
532,444730200,"00532M15:04:11.788","00532 15:17:19",243.89,841.02,,,,"     ",3.60,1475.34,1.19
532,444730201,"00532M15:04:12.761","00532 15:17:20",243.81,841.03,,,,"     ",3.60,1472.04,1.19
532,444730202,"00532M15:04:13.734","00532 15:17:21",243.72,841.00,,,,"     ",3.60,1484.95,1.20
532,444730203,"00532M15:04:14.707","00532 15:17:22",243.64,840.97,,,,"     ",3.60,1472.68,1.19
532,444730204,"00532M15:04:15.681","00532 15:17:23",243.56,840.86,,,,"     ",3.60,1506.03,1.22
532,444730205,"00532M15:04:16.654","00532 15:17:23",243.49,840.99,,,,"     ",3.60,1488.82,1.20
532,444730206,"00532M15:04:17.627","00532 15:17:24",243.42,841.02,,,,"     ",3.60,1483.40,1.20
532,444730207,"00532M15:04:18.600","00532 15:17:25",243.35,840.94,,,,"     ",3.60,1491.31,1.20
532,444730208,"00532M15:04:19.574","00532 15:17:26",243.31,840.93,,,,"     ",3.60,1481.63,1.19
532,444730209,"00532M15:04:20.547","00532 15:17:27",243.27,841.00,,,,"     ",3.60,1498.04,1.21
532,444730210,"00532M15:04:21.520","00532 15:17:28",243.24,840.98,,,,"     ",3.60,1494.28,1.20
532,444730211,"00532M15:04:22.493","00532 15:17:29",243.23,841.06,,,,"     ",3.60,1490.17,1.20
532,444730212,"00532M15:04:23.467","00532 15:17:30",243.21,841.08,,,,"     ",3.60,1492.75,1.20
532,444730213,"00532M15:04:24.440","00532 15:17:31",243.19,841.01,,,,"     ",3.60,1479.51,1.19
532,444730214,"00532M15:04:25.413","00532 15:17:32",243.19,841.05,,,,"     ",3.60,1486.67,1.19
532,444730215,"00532M15:04:26.386","00532 15:17:33",243.18,841.01,,,,"     ",3.60,1480.81,1.19
532,444730216,"00532M15:04:27.360","00532 15:17:34",243.17,841.03,,,,"     ",3.60,1488.02,1.20
532,444730217,"00532M15:04:28.333","00532 15:17:35",243.17,840.99,,,,"     ",3.60,1471.73,1.18
532,444730218,"00532M15:04:29.306","00532 15:17:36",243.16,840.95,,,,"     ",3.60,1473.80,1.18
532,444730219,"00532M15:04:30.279","00532 15:17:37",243.16,840.98,,,,"     ",3.60,1480.78,1.19
532,444730220,"00532M15:04:31.253","00532 15:17:38",243.16,840.97,,,,"     ",3.60,1485.64,1.19
532,444730221,"00532M15:04:32.226","00532 15:17:39",243.15,840.99,,,,"     ",3.60,1495.01,1.20
532,444730222,"00532M15:04:33.199","00532 15:17:40",243.15,840.99,,,,"     ",3.60,1502.64,1.21
532,444730223,"00532M15:04:34.172","00532 15:17:41",243.14,841.08,,,,"     ",3.60,1481.80,1.19
532,444730224,"00532M15:04:35.146","00532 15:17:42",243.13,840.98,,,,"     ",3.60,1508.70,1.21
532,444730225,"00532M15:04:36.119","00532 15:17:43",243.12,840.96,,,,"     ",3.60,1499.14,1.20
532,444730226,"00532M15:04:37.092","00532 15:17:44",243.10,840.90,,,,"     ",3.60,1497.47,1.20
532,444730227,"00532M15:04:38.065","00532 15:17:45",243.07,840.96,,,,"     ",3.60,1494.47,1.20
532,444730228,"00532M15:04:39.039","00532 15:17:46",243.03,840.89,,,,"     ",3.60,1487.73,1.19
532,444730229,"00532M15:04:40.012","00532 15:17:47",242.99,840.95,,,,"     ",3.60,1470.11,1.17
532,444730230,"00532M15:04:40.985","00532 15:17:48",242.93,840.90,,,,"     ",3.60,1479.80,1.18
532,444730231,"00532M15:04:41.958","00532 15:17:49",242.87,841.06,,,,"     ",3.60,1488.58,1.19
532,444730232,"00532M15:04:42.932","00532 15:17:50",242.81,841.02,,,,"     ",3.60,1487.19,1.19
532,444730233,"00532M15:04:43.905","00532 15:17:51",242.76,841.00,,,,"     ",3.60,1511.44,1.21
532,444730234,"00532M15:04:44.878","00532 15:17:52",242.70,841.04,,,,"     ",3.60,1498.03,1.20
532,444730235,"00532M15:04:45.851","00532 15:17:53",242.66,841.07,,,,"     ",3.60,1488.02,1.19
532,444730236,"00532M15:04:46.825","00532 15:17:54",242.62,840.97,,,,"     ",3.60,1507.08,1.20
532,444730237,"00532M15:04:47.798","00532 15:17:55",242.59,840.99,,,,"     ",3.60,1505.79,1.20
532,444730238,"00532M15:04:48.771","00532 15:17:56",242.57,841.03,,,,"     ",3.60,1507.95,1.20
532,444730239,"00532M15:04:49.744","00532 15:17:57",242.56,840.94,,,,"     ",3.60,1497.29,1.19
532,444730240,"00532M15:04:50.718","00532 15:17:58",242.56,840.97,,,,"     ",3.60,1507.88,1.20
532,444730241,"00532M15:04:51.691","00532 15:17:59",242.56,840.97,,,,"     ",3.60,1497.48,1.19
532,444730242,"00532M15:04:52.664","00532 15:18:00",242.57,840.97,,,,"     ",3.60,1487.37,1.18
532,444730243,"00532M15:04:53.637","00532 15:18:00",242.57,840.98,,,,"     ",3.60,1499.60,1.19
532,444730244,"00532M15:04:54.611","00532 15:18:01",242.58,841.07,,,,"     ",3.60,1494.30,1.19
532,444730245,"00532M15:04:55.584","00532 15:18:02",242.58,840.95,,,,"     ",3.60,1495.53,1.19
532,444730246,"00532M15:04:56.557","00532 15:18:03",242.57,841.04,,,,"     ",3.60,1497.25,1.19
532,444730247,"00532M15:04:57.530","00532 15:18:04",242.56,840.98,,,,"     ",3.60,1506.50,1.20
532,444730248,"00532M15:04:58.504","00532 15:18:05",242.54,841.01,,,,"     ",3.60,1495.11,1.19
532,444730249,"00532M15:04:59.477","00532 15:18:06",242.51,841.10,,,,"     ",3.60,1474.47,1.17
532,444730250,"00532M15:05:00.450","00532 15:18:07",242.47,841.03,,,,"     ",3.60,1506.15,1.20
532,444730251,"00532M15:05:01.423","00532 15:18:08",242.44,841.14,,,,"     ",3.60,1501.83,1.19
532,444730252,"00532M15:05:02.397","00532 15:18:09",242.39,841.16,,,,"     ",3.60,1511.90,1.20
532,444730253,"00532M15:05:03.370","00532 15:18:10",242.35,841.09,,,,"     ",3.60,1475.74,1.17
532,444730254,"00532M15:05:04.343","00532 15:18:11",242.29,840.99,,,,"     ",3.60,1497.05,1.19
532,444730255,"00532M15:05:05.316","00532 15:18:12",242.24,841.03,,,,"     ",3.60,1496.76,1.19
532,444730256,"00532M15:05:06.290","00532 15:18:13",242.19,840.98,,,,"     ",3.60,1490.52,1.18
532,444730257,"00532M15:05:07.263","00532 15:18:14",242.16,841.02,,,,"     ",3.60,1500.20,1.19
532,444730258,"00532M15:05:08.236","00532 15:18:15",242.12,840.97,,,,"     ",3.60,1491.26,1.18
532,444730259,"00532M15:05:09.209","00532 15:18:16",242.10,841.04,,,,"     ",3.60,1493.31,1.18
532,444730260,"00532M15:05:10.183","00532 15:18:17",242.09,840.96,,,,"     ",3.60,1472.42,1.17
532,444730261,"00532M15:05:11.156","00532 15:18:18",242.08,840.98,,,,"     ",3.60,1498.92,1.19
532,444730262,"00532M15:05:12.129","00532 15:18:19",242.08,841.02,,,,"     ",3.60,1500.14,1.19
532,444730263,"00532M15:05:13.102","00532 15:18:20",242.10,841.04,,,,"     ",3.60,1509.82,1.20
532,444730264,"00532M15:05:14.076","00532 15:18:21",242.11,841.03,,,,"     ",3.60,1501.87,1.19
532,444730265,"00532M15:05:15.049","00532 15:18:22",242.13,840.94,,,,"     ",3.60,1490.05,1.18
532,444730266,"00532M15:05:16.022","00532 15:18:23",242.16,841.00,,,,"     ",3.60,1487.70,1.18
532,444730267,"00532M15:05:16.996","00532 15:18:24",242.19,840.99,,,,"     ",3.60,1501.65,1.19
532,444730268,"00532M15:05:17.969","00532 15:18:25",242.21,841.01,,,,"     ",3.60,1497.82,1.19
532,444730269,"00532M15:05:18.942","00532 15:18:26",242.22,841.00,,,,"     ",3.60,1491.97,1.18
532,444730270,"00532M15:05:19.915","00532 15:18:27",242.24,840.97,,,,"     ",3.60,1517.32,1.20
532,444730271,"00532M15:05:20.889","00532 15:18:28",242.24,840.95,,,,"     ",3.60,1482.00,1.17
532,444730272,"00532M15:05:21.862","00532 15:18:29",242.24,840.99,,,,"     ",3.60,1493.65,1.18
532,444730273,"00532M15:05:22.835","00532 15:18:30",242.23,841.02,,,,"     ",3.60,1486.77,1.18
532,444730274,"00532M15:05:23.808","00532 15:18:31",242.22,841.04,,,,"     ",3.60,1506.84,1.19
532,444730275,"00532M15:05:24.782","00532 15:18:32",242.20,840.94,,,,"     ",3.60,1490.49,1.18
532,444730276,"00532M15:05:25.755","00532 15:18:33",242.17,840.99,,,,"     ",3.60,1510.73,1.20
532,444730277,"00532M15:05:26.728","00532 15:18:34",242.15,841.00,,,,"     ",3.60,1492.13,1.18
532,444730278,"00532M15:05:27.701","00532 15:18:35",242.12,840.97,,,,"     ",3.60,1515.80,1.20
532,444730279,"00532M15:05:28.675","00532 15:18:36",242.09,840.98,,,,"     ",3.60,1508.23,1.19
532,444730280,"00532M15:05:29.648","00532 15:18:36",242.06,840.98,,,,"     ",3.60,1499.27,1.19
532,444730281,"00532M15:05:30.621","00532 15:18:37",242.04,841.03,,,,"     ",3.60,1505.23,1.19
532,444730282,"00532M15:05:31.594","00532 15:18:38",242.03,840.96,,,,"     ",3.60,1490.26,1.18
532,444730283,"00532M15:05:32.568","00532 15:18:39",242.03,841.03,,,,"     ",3.60,1504.63,1.19
532,444730284,"00532M15:05:33.541","00532 15:18:40",242.02,841.04,,,,"     ",3.60,1510.63,1.20
532,444730285,"00532M15:05:34.514","00532 15:18:41",242.02,840.99,,,,"     ",3.60,1473.68,1.17
532,444730286,"00532M15:05:35.487","00532 15:18:42",242.02,840.97,,,,"     ",3.60,1478.79,1.17
532,444730287,"00532M15:05:36.461","00532 15:18:43",242.02,840.95,,,,"     ",3.60,1495.77,1.18
532,444730288,"00532M15:05:37.434","00532 15:18:44",242.03,840.93,,,,"     ",3.60,1509.67,1.19
532,444730289,"00532M15:05:38.407","00532 15:18:45",242.03,840.99,,,,"     ",3.60,1510.06,1.19
532,444730290,"00532M15:05:39.380","00532 15:18:46",242.04,840.97,,,,"     ",3.60,1498.60,1.19
532,444730291,"00532M15:05:40.354","00532 15:18:47",242.05,841.00,,,,"     ",3.60,1495.58,1.18
532,444730292,"00532M15:05:41.327","00532 15:18:48",242.07,840.99,,,,"     ",3.60,1499.69,1.19
532,444730293,"00532M15:05:42.300","00532 15:18:49",242.08,840.96,,,,"     ",3.60,1494.41,1.18
532,444730294,"00532M15:05:43.273","00532 15:18:50",242.10,840.97,,,,"     ",3.60,1503.63,1.19
532,444730295,"00532M15:05:44.247","00532 15:18:51",242.11,841.01,,,,"     ",3.60,1497.10,1.18
532,444733693,"00532M16:00:51.362","00532 16:13:59",234.22,839.16,5.32,,250.33,"  101110",3.60,,
532,444733694,"00532M16:00:52.335","00532 16:14:00",234.22,839.29,,,,"     ",3.60,942.33,1.40
532,444733695,"00532M16:00:53.308","00532 16:14:01",234.22,839.30,,,,"     ",3.60,944.64,1.40
532,444733696,"00532M16:00:54.282","00532 16:14:02",234.22,839.22,,,,"     ",3.60,942.43,1.39
532,444733697,"00532M16:00:55.255","00532 16:14:02",234.22,839.28,,,,"     ",3.60,946.80,1.40
532,444733698,"00532M16:00:56.228","00532 16:14:03",234.21,839.25,,,,"     ",3.60,940.75,1.39
532,444733699,"00532M16:00:57.201","00532 16:14:04",234.21,839.21,,,,"     ",3.60,949.68,1.40
532,444733700,"00532M16:00:58.175","00532 16:14:05",234.20,839.19,,,,"     ",3.60,942.79,1.39
532,444733701,"00532M16:00:59.148","00532 16:14:06",234.19,839.29,,,,"     ",3.60,959.35,1.41
532,444733702,"00532M16:01:00.121","00532 16:14:07",234.18,839.23,,,,"     ",3.60,948.22,1.39
532,444733703,"00532M16:01:01.094","00532 16:14:08",234.18,839.34,,,,"     ",3.60,961.02,1.41
532,444733704,"00532M16:01:02.068","00532 16:14:09",234.17,839.23,,,,"     ",3.60,961.89,1.41
532,444733705,"00532M16:01:03.041","00532 16:14:10",234.16,839.31,,,,"     ",3.60,944.51,1.38
532,444733706,"00532M16:01:04.014","00532 16:14:11",234.14,839.29,,,,"     ",3.60,954.38,1.39
532,444733707,"00532M16:01:04.987","00532 16:14:12",234.12,839.22,,,,"     ",3.60,953.67,1.39
532,444733708,"00532M16:01:05.961","00532 16:14:13",234.09,839.13,,,,"     ",3.60,953.10,1.39
532,444733709,"00532M16:01:06.934","00532 16:14:14",234.06,839.11,,,,"     ",3.60,956.54,1.39
532,444733710,"00532M16:01:07.907","00532 16:14:15",234.05,839.18,,,,"     ",3.60,962.95,1.40
532,444733711,"00532M16:01:08.881","00532 16:14:16",234.05,839.18,,,,"     ",3.60,952.87,1.38
532,444733712,"00532M16:01:09.854","00532 16:14:17",234.05,839.18,,,,"     ",3.60,954.82,1.38
532,444733713,"00532M16:01:10.827","00532 16:14:18",234.06,839.13,,,,"     ",3.60,963.34,1.40
532,444733714,"00532M16:01:11.800","00532 16:14:19",234.07,839.09,,,,"     ",3.60,959.51,1.39
532,444733715,"00532M16:01:12.774","00532 16:14:20",234.08,839.30,,,,"     ",3.60,956.41,1.38
532,444733716,"00532M16:01:13.747","00532 16:14:21",234.09,839.12,,,,"     ",3.60,967.92,1.40
532,444733717,"00532M16:01:14.720","00532 16:14:22",234.10,839.18,,,,"     ",3.60,964.04,1.39
532,444733718,"00532M16:01:15.693","00532 16:14:23",234.12,839.22,,,,"     ",3.60,954.81,1.38
532,444733719,"00532M16:01:16.667","00532 16:14:24",234.14,839.24,,,,"     ",3.60,964.75,1.39
532,444733720,"00532M16:01:17.640","00532 16:14:25",234.14,839.20,,,,"     ",3.60,955.57,1.38
532,444733721,"00532M16:01:18.613","00532 16:14:26",234.14,839.22,,,,"     ",3.60,955.58,1.38
532,444733722,"00532M16:01:19.586","00532 16:14:27",234.13,839.20,,,,"     ",3.60,965.21,1.39
532,444733723,"00532M16:01:20.560","00532 16:14:28",234.11,839.17,,,,"     ",3.60,949.72,1.36
532,444733724,"00532M16:01:21.533","00532 16:14:29",234.09,839.25,,,,"     ",3.60,953.65,1.37
532,444733725,"00532M16:01:22.506","00532 16:14:30",234.08,839.23,,,,"     ",3.60,969.56,1.39
532,444733726,"00532M16:01:23.479","00532 16:14:31",234.08,839.12,,,,"     ",3.60,960.94,1.38
532,444733727,"00532M16:01:24.453","00532 16:14:32",234.07,839.17,,,,"     ",3.60,956.90,1.37
532,444733728,"00532M16:01:25.426","00532 16:14:33",234.08,839.19,,,,"     ",3.60,956.65,1.37
532,444733729,"00532M16:01:26.399","00532 16:14:34",234.09,839.14,,,,"     ",3.60,964.35,1.38
532,444733730,"00532M16:01:27.372","00532 16:14:35",234.09,839.20,,,,"     ",3.60,965.63,1.38
532,444733731,"00532M16:01:28.346","00532 16:14:36",234.10,839.22,,,,"     ",3.60,970.06,1.39
532,444733732,"00532M16:01:29.319","00532 16:14:37",234.10,839.22,,,,"     ",3.60,965.31,1.38
532,444733733,"00532M16:01:30.292","00532 16:14:38",234.09,839.12,,,,"     ",3.60,964.81,1.38
532,444733734,"00532M16:01:31.265","00532 16:14:38",234.08,839.12,,,,"     ",3.60,977.55,1.39
532,444733735,"00532M16:01:32.239","00532 16:14:39",234.06,839.16,,,,"     ",3.60,974.69,1.39
532,444733736,"00532M16:01:33.212","00532 16:14:40",234.04,839.17,,,,"     ",3.60,970.88,1.38
532,444733737,"00532M16:01:34.185","00532 16:14:41",234.01,839.27,,,,"     ",3.60,977.41,1.39
532,444733738,"00532M16:01:35.158","00532 16:14:42",233.99,839.22,,,,"     ",3.60,973.47,1.39
532,444733739,"00532M16:01:36.132","00532 16:14:43",233.97,839.20,,,,"     ",3.60,971.74,1.38
532,444733740,"00532M16:01:37.105","00532 16:14:44",233.95,839.27,,,,"     ",3.60,976.71,1.39
532,444733741,"00532M16:01:38.078","00532 16:14:45",233.95,839.22,,,,"     ",3.60,973.11,1.38
532,444733742,"00532M16:01:39.051","00532 16:14:46",233.93,839.27,,,,"     ",3.60,965.54,1.37
532,444733743,"00532M16:01:40.025","00532 16:14:47",233.93,839.28,,,,"     ",3.60,973.93,1.38
532,444733744,"00532M16:01:40.998","00532 16:14:48",233.94,839.28,,,,"     ",3.60,987.52,1.40
532,444733745,"00532M16:01:41.971","00532 16:14:49",233.96,839.23,,,,"     ",3.60,969.58,1.38
532,444733746,"00532M16:01:42.944","00532 16:14:50",233.97,839.24,,,,"     ",3.60,973.36,1.38
532,444733747,"00532M16:01:43.918","00532 16:14:51",233.98,839.19,,,,"     ",3.60,985.58,1.40
532,444733748,"00532M16:01:44.891","00532 16:14:52",233.99,839.25,,,,"     ",3.60,965.41,1.37
532,444733749,"00532M16:01:45.864","00532 16:14:53",233.99,839.25,,,,"     ",3.60,971.67,1.38
532,444733750,"00532M16:01:46.837","00532 16:14:54",233.98,839.30,,,,"     ",3.60,975.40,1.38
532,444733751,"00532M16:01:47.811","00532 16:14:55",233.97,839.25,,,,"     ",3.60,978.79,1.39
532,444733752,"00532M16:01:48.784","00532 16:14:56",233.94,839.24,,,,"     ",3.60,975.76,1.38
532,444733753,"00532M16:01:49.757","00532 16:14:57",233.92,839.23,,,,"     ",3.60,974.59,1.38
532,444733754,"00532M16:01:50.730","00532 16:14:58",233.89,839.20,,,,"     ",3.60,982.11,1.39
532,444733755,"00532M16:01:51.704","00532 16:14:59",233.86,839.26,,,,"     ",3.60,975.19,1.38
532,444733756,"00532M16:01:52.677","00532 16:15:00",233.83,839.23,,,,"     ",3.60,981.32,1.39
532,444733757,"00532M16:01:53.650","00532 16:15:01",233.81,839.27,,,,"     ",3.60,969.86,1.37
532,444733758,"00532M16:01:54.623","00532 16:15:02",233.79,839.19,,,,"     ",3.60,970.73,1.37
532,444733759,"00532M16:01:55.597","00532 16:15:03",233.78,839.24,,,,"     ",3.60,985.08,1.39
532,444733760,"00532M16:01:56.570","00532 16:15:04",233.78,839.22,,,,"     ",3.60,977.24,1.38
532,444733761,"00532M16:01:57.543","00532 16:15:05",233.77,839.22,,,,"     ",3.60,980.77,1.38
532,444733762,"00532M16:01:58.516","00532 16:15:06",233.78,839.22,,,,"     ",3.60,976.35,1.38
532,444733763,"00532M16:01:59.490","00532 16:15:07",233.80,839.21,,,,"     ",3.60,989.58,1.40
532,444733764,"00532M16:02:00.463","00532 16:15:08",233.82,839.14,,,,"     ",3.60,978.26,1.38
532,444733765,"00532M16:02:01.436","00532 16:15:09",233.84,839.14,,,,"     ",3.60,980.05,1.38
532,444733766,"00532M16:02:02.409","00532 16:15:10",233.85,839.20,,,,"     ",3.60,967.07,1.36
532,444733767,"00532M16:02:03.383","00532 16:15:11",233.87,839.24,,,,"     ",3.60,986.28,1.39
532,444733768,"00532M16:02:04.356","00532 16:15:12",233.88,839.21,,,,"     ",3.60,985.01,1.39
532,444733769,"00532M16:02:05.329","00532 16:15:13",233.88,839.24,,,,"     ",3.60,990.88,1.39
532,444733770,"00532M16:02:06.302","00532 16:15:14",233.88,839.20,,,,"     ",3.60,986.01,1.39
532,444733771,"00532M16:02:07.276","00532 16:15:15",233.87,839.27,,,,"     ",3.60,987.02,1.39
532,444733772,"00532M16:02:08.249","00532 16:15:15",233.87,839.18,,,,"     ",3.60,972.10,1.37
532,444733773,"00532M16:02:09.222","00532 16:15:16",233.85,839.21,,,,"     ",3.60,987.30,1.39
532,444733774,"00532M16:02:10.195","00532 16:15:17",233.83,839.16,,,,"     ",3.60,986.14,1.39
532,444733775,"00532M16:02:11.169","00532 16:15:18",233.81,839.20,,,,"     ",3.60,1004.82,1.41
532,444733776,"00532M16:02:12.142","00532 16:15:19",233.79,839.29,,,,"     ",3.60,976.34,1.37
532,444733777,"00532M16:02:13.115","00532 16:15:20",233.77,839.25,,,,"     ",3.60,977.86,1.37
532,444733778,"00532M16:02:14.088","00532 16:15:21",233.76,839.23,,,,"     ",3.60,992.51,1.39
532,444733779,"00532M16:02:15.062","00532 16:15:22",233.75,839.20,,,,"     ",3.60,985.03,1.38
532,444733780,"00532M16:02:16.035","00532 16:15:23",233.74,839.24,,,,"     ",3.60,985.17,1.38
532,444733781,"00532M16:02:17.008","00532 16:15:24",233.75,839.21,,,,"     ",3.60,982.05,1.38
532,444733782,"00532M16:02:17.982","00532 16:15:25",233.75,839.17,,,,"     ",3.60,998.91,1.40
532,444733783,"00532M16:02:18.955","00532 16:15:26",233.76,839.16,,,,"     ",3.60,972.80,1.36
532,444733784,"00532M16:02:19.928","00532 16:15:27",233.76,839.24,,,,"     ",3.60,986.94,1.38
532,444733785,"00532M16:02:20.901","00532 16:15:28",233.77,839.25,,,,"     ",3.60,980.20,1.37
532,444733786,"00532M16:02:21.875","00532 16:15:29",233.77,839.23,,,,"     ",3.60,982.46,1.38
532,444733787,"00532M16:02:22.848","00532 16:15:30",233.78,839.26,,,,"     ",3.60,989.81,1.39
532,444733788,"00532M16:02:23.821","00532 16:15:31",233.79,839.25,,,,"     ",3.60,987.97,1.39
532,444733789,"00532M16:02:24.794","00532 16:15:32",233.80,839.24,,,,"     ",3.60,988.00,1.38
532,444733790,"00532M16:02:25.768","00532 16:15:33",233.80,839.21,,,,"     ",3.60,989.01,1.39
532,444733791,"00532M16:02:26.741","00532 16:15:34",233.82,839.22,,,,"     ",3.60,985.43,1.38
532,444733792,"00532M16:02:27.714","00532 16:15:35",233.84,839.23,,,,"     ",3.60,995.98,1.39
532,444733793,"00532M16:02:28.687","00532 16:15:36",233.85,839.18,,,,"     ",3.60,993.11,1.39
532,444733794,"00532M16:02:29.661","00532 16:15:37",233.87,839.13,,,,"     ",3.60,991.07,1.39
532,444733795,"00532M16:02:30.634","00532 16:15:38",233.89,839.19,,,,"     ",3.60,982.21,1.37
532,444733796,"00532M16:02:31.607","00532 16:15:39",233.90,839.26,,,,"     ",3.60,982.07,1.37
532,444733797,"00532M16:02:32.580","00532 16:15:40",233.91,839.16,,,,"     ",3.60,991.96,1.39
532,444733798,"00532M16:02:33.554","00532 16:15:41",233.90,839.25,,,,"     ",3.60,994.03,1.39
532,444733799,"00532M16:02:34.527","00532 16:15:42",233.90,839.18,,,,"     ",3.60,992.54,1.39
532,444733800,"00532M16:02:35.500","00532 16:15:43",233.90,839.21,,,,"     ",3.60,997.13,1.40
532,444733801,"00532M16:02:36.473","00532 16:15:44",233.89,839.27,,,,"     ",3.60,980.65,1.37
532,444733802,"00532M16:02:37.447","00532 16:15:45",233.88,839.33,,,,"     ",3.60,985.21,1.38
532,444733803,"00532M16:02:38.420","00532 16:15:46",233.86,839.29,,,,"     ",3.60,998.76,1.40
532,444733804,"00532M16:02:39.393","00532 16:15:47",233.83,839.30,,,,"     ",3.60,995.91,1.39
532,444733805,"00532M16:02:40.366","00532 16:15:48",233.81,839.31,,,,"     ",3.60,991.13,1.39
532,444733806,"00532M16:02:41.340","00532 16:15:49",233.79,839.19,,,,"     ",3.60,992.38,1.39
532,444733807,"00532M16:02:42.313","00532 16:15:50",233.77,839.19,,,,"     ",3.60,993.45,1.39
532,444733808,"00532M16:02:43.286","00532 16:15:51",233.76,839.21,,,,"     ",3.60,1003.79,1.41
532,444733809,"00532M16:02:44.259","00532 16:15:51",233.75,839.20,,,,"     ",3.60,992.46,1.39
532,444733810,"00532M16:02:45.233","00532 16:15:52",233.76,839.19,,,,"     ",3.60,1005.68,1.41
532,444733811,"00532M16:02:46.206","00532 16:15:53",233.76,839.22,,,,"     ",3.60,986.80,1.38
532,444733812,"00532M16:02:47.179","00532 16:15:54",233.77,839.11,,,,"     ",3.60,979.71,1.37
532,444733813,"00532M16:02:48.152","00532 16:15:55",233.77,839.26,,,,"     ",3.60,996.13,1.39
532,444733814,"00532M16:02:49.126","00532 16:15:56",233.76,839.21,,,,"     ",3.60,991.06,1.39
532,444733815,"00532M16:02:50.099","00532 16:15:57",233.74,839.22,,,,"     ",3.60,992.10,1.39
532,444733816,"00532M16:02:51.072","00532 16:15:58",233.72,839.14,,,,"     ",3.60,990.88,1.39
532,444733817,"00532M16:02:52.045","00532 16:15:59",233.70,839.19,,,,"     ",3.60,998.20,1.40
532,444733818,"00532M16:02:53.019","00532 16:16:00",233.68,839.21,,,,"     ",3.60,1004.87,1.41
532,444733819,"00532M16:02:53.992","00532 16:16:01",233.66,839.22,,,,"     ",3.60,995.67,1.39
532,444733820,"00532M16:02:54.965","00532 16:16:02",233.66,839.15,,,,"     ",3.60,994.49,1.39
532,444733821,"00532M16:02:55.938","00532 16:16:03",233.66,839.23,,,,"     ",3.60,1002.66,1.41
532,444733822,"00532M16:02:56.912","00532 16:16:04",233.66,839.27,,,,"     ",3.60,998.20,1.40
532,444733823,"00532M16:02:57.885","00532 16:16:05",233.68,839.21,,,,"     ",3.60,979.16,1.37
532,444733824,"00532M16:02:58.858","00532 16:16:06",233.69,839.24,,,,"     ",3.60,995.08,1.39
532,444733825,"00532M16:02:59.831","00532 16:16:07",233.72,839.25,,,,"     ",3.60,992.92,1.39
532,444733826,"00532M16:03:00.805","00532 16:16:08",233.74,839.20,,,,"     ",3.60,1002.96,1.41
532,444733827,"00532M16:03:01.778","00532 16:16:09",233.78,839.14,,,,"     ",3.60,996.97,1.40
532,444733828,"00532M16:03:02.751","00532 16:16:10",233.81,839.21,,,,"     ",3.60,1003.70,1.41
532,444733829,"00532M16:03:03.724","00532 16:16:11",233.85,839.27,,,,"     ",3.60,994.04,1.39
532,444733830,"00532M16:03:04.698","00532 16:16:12",233.89,839.18,,,,"     ",3.60,983.71,1.38
532,444733831,"00532M16:03:05.671","00532 16:16:13",233.92,839.24,,,,"     ",3.60,992.57,1.39
532,444733832,"00532M16:03:06.644","00532 16:16:14",233.94,839.11,,,,"     ",3.60,986.63,1.38
532,444733833,"00532M16:03:07.617","00532 16:16:15",233.96,839.19,,,,"     ",3.60,984.78,1.38
532,444733834,"00532M16:03:08.591","00532 16:16:16",233.98,839.14,,,,"     ",3.60,988.31,1.39
532,444733835,"00532M16:03:09.564","00532 16:16:17",233.99,839.27,,,,"     ",3.60,987.84,1.39
532,444733836,"00532M16:03:10.537","00532 16:16:18",234.00,839.26,,,,"     ",3.60,994.65,1.40
532,444733837,"00532M16:03:11.510","00532 16:16:19",234.03,839.27,,,,"     ",3.60,991.15,1.39
532,444733838,"00532M16:03:12.484","00532 16:16:20",234.05,839.25,,,,"     ",3.60,984.36,1.38
532,444733839,"00532M16:03:13.457","00532 16:16:21",234.07,839.28,,,,"     ",3.60,987.17,1.38
532,444733840,"00532M16:03:14.430","00532 16:16:22",234.09,839.21,,,,"     ",3.60,992.47,1.39
532,444733841,"00532M16:03:15.403","00532 16:16:23",234.10,839.16,,,,"     ",3.60,988.22,1.39
532,444733842,"00532M16:03:16.377","00532 16:16:24",234.10,839.18,,,,"     ",3.60,982.60,1.38
532,444733843,"00532M16:03:17.350","00532 16:16:25",234.09,839.20,,,,"     ",3.60,987.52,1.38
532,444733844,"00532M16:03:18.323","00532 16:16:26",234.07,839.22,,,,"     ",3.60,996.74,1.40
532,444733845,"00532M16:03:19.296","00532 16:16:27",234.04,839.22,,,,"     ",3.60,992.92,1.39
532,444733846,"00532M16:03:20.270","00532 16:16:28",234.00,839.20,,,,"     ",3.60,996.49,1.40
532,444733847,"00532M16:03:21.243","00532 16:16:28",233.96,839.27,,,,"     ",3.60,987.61,1.38
532,444733848,"00532M16:03:22.216","00532 16:16:29",233.91,839.20,,,,"     ",3.60,998.14,1.40
532,444733849,"00532M16:03:23.189","00532 16:16:30",233.87,839.24,,,,"     ",3.60,985.48,1.38
532,444733850,"00532M16:03:24.163","00532 16:16:31",233.83,839.27,,,,"     ",3.60,997.98,1.40
532,444733851,"00532M16:03:25.136","00532 16:16:32",233.80,839.34,,,,"     ",3.60,1002.93,1.41
532,444733852,"00532M16:03:26.109","00532 16:16:33",233.77,839.26,,,,"     ",3.60,1002.29,1.40
532,444733853,"00532M16:03:27.083","00532 16:16:34",233.75,839.28,,,,"     ",3.60,989.57,1.39
532,444733854,"00532M16:03:28.056","00532 16:16:35",233.74,839.26,,,,"     ",3.60,1007.76,1.41
532,444733855,"00532M16:03:29.029","00532 16:16:36",233.73,839.28,,,,"     ",3.60,986.14,1.38
532,444733856,"00532M16:03:30.002","00532 16:16:37",233.73,839.27,,,,"     ",3.60,987.88,1.38
532,444733857,"00532M16:03:30.976","00532 16:16:38",233.74,839.28,,,,"     ",3.60,991.16,1.39
532,444733858,"00532M16:03:31.949","00532 16:16:39",233.74,839.14,,,,"     ",3.60,1002.70,1.40
532,444733859,"00532M16:03:32.922","00532 16:16:40",233.74,839.20,,,,"     ",3.60,988.97,1.38
532,444733860,"00532M16:03:33.895","00532 16:16:41",233.73,839.14,,,,"     ",3.60,997.93,1.40
532,444733861,"00532M16:03:34.869","00532 16:16:42",233.73,839.18,,,,"     ",3.60,992.87,1.39
532,444733862,"00532M16:03:35.842","00532 16:16:43",233.71,839.20,,,,"     ",3.60,983.37,1.38
532,444733863,"00532M16:03:36.815","00532 16:16:44",233.70,839.17,,,,"     ",3.60,998.95,1.40
532,444733864,"00532M16:03:37.788","00532 16:16:45",233.69,839.18,,,,"     ",3.60,985.64,1.38
532,444733865,"00532M16:03:38.762","00532 16:16:46",233.68,839.22,,,,"     ",3.60,997.90,1.40
532,444733866,"00532M16:03:39.735","00532 16:16:47",233.66,839.16,,,,"     ",3.60,994.46,1.39
532,444733867,"00532M16:03:40.708","00532 16:16:48",233.65,839.25,,,,"     ",3.60,991.99,1.39
532,444733868,"00532M16:03:41.681","00532 16:16:49",233.63,839.23,,,,"     ",3.60,1008.88,1.41
532,444733869,"00532M16:03:42.655","00532 16:16:50",233.61,839.33,,,,"     ",3.60,997.96,1.40
532,444733870,"00532M16:03:43.628","00532 16:16:51",233.59,839.26,,,,"     ",3.60,988.03,1.38
532,444733871,"00532M16:03:44.601","00532 16:16:52",233.58,839.29,,,,"     ",3.60,994.60,1.39
532,444733872,"00532M16:03:45.574","00532 16:16:53",233.56,839.32,,,,"     ",3.60,1005.18,1.41
532,444733873,"00532M16:03:46.548","00532 16:16:54",233.54,839.27,,,,"     ",3.60,988.58,1.38
532,444733874,"00532M16:03:47.521","00532 16:16:55",233.52,839.23,,,,"     ",3.60,1002.60,1.40
532,444733875,"00532M16:03:48.494","00532 16:16:56",233.50,839.19,,,,"     ",3.60,986.24,1.38
532,444733876,"00532M16:03:49.467","00532 16:16:57",233.47,839.18,,,,"     ",3.60,1000.55,1.40
532,444733877,"00532M16:03:50.441","00532 16:16:58",233.45,839.10,,,,"     ",3.60,990.98,1.39
532,444733878,"00532M16:03:51.414","00532 16:16:59",233.43,839.16,,,,"     ",3.60,1007.10,1.41
532,444733879,"00532M16:03:52.387","00532 16:17:00",233.43,839.17,,,,"     ",3.60,980.72,1.37
532,444733880,"00532M16:03:53.360","00532 16:17:01",233.42,839.12,,,,"     ",3.60,1005.00,1.41
532,444733881,"00532M16:03:54.334","00532 16:17:02",233.42,839.16,,,,"     ",3.60,991.72,1.39
532,444733882,"00532M16:03:55.307","00532 16:17:03",233.42,839.19,,,,"     ",3.60,989.97,1.39
532,444733883,"00532M16:03:56.280","00532 16:17:04",233.43,839.14,,,,"     ",3.60,992.12,1.39
532,444733884,"00532M16:03:57.253","00532 16:17:04",233.43,839.18,,,,"     ",3.60,993.93,1.39
532,444733885,"00532M16:03:58.227","00532 16:17:05",233.44,839.23,,,,"     ",3.60,990.64,1.39
532,444733886,"00532M16:03:59.200","00532 16:17:06",233.46,839.26,,,,"     ",3.60,1001.31,1.40
532,444733887,"00532M16:04:00.173","00532 16:17:07",233.47,839.17,,,,"     ",3.60,992.37,1.39
532,444733888,"00532M16:04:01.146","00532 16:17:08",233.49,839.19,,,,"     ",3.60,999.29,1.40
532,444733889,"00532M16:04:02.120","00532 16:17:09",233.51,839.18,,,,"     ",3.60,987.98,1.38
532,444733890,"00532M16:04:03.093","00532 16:17:10",233.50,839.28,,,,"     ",3.60,994.21,1.39
532,444733891,"00532M16:04:04.066","00532 16:17:11",233.51,839.27,,,,"     ",3.60,1010.32,1.42
532,444733892,"00532M16:04:05.039","00532 16:17:12",233.50,839.31,,,,"     ",3.60,987.04,1.38
532,444733893,"00532M16:04:06.013","00532 16:17:13",233.48,839.23,,,,"     ",3.60,998.38,1.40
532,444733894,"00532M16:04:06.986","00532 16:17:14",233.47,839.27,,,,"     ",3.60,987.09,1.38
532,444733895,"00532M16:04:07.959","00532 16:17:15",233.45,839.16,,,,"     ",3.60,990.73,1.39
532,444733896,"00532M16:04:08.932","00532 16:17:16",233.43,839.25,,,,"     ",3.60,991.67,1.39
532,444733897,"00532M16:04:09.906","00532 16:17:17",233.42,839.18,,,,"     ",3.60,994.61,1.39
532,444733898,"00532M16:04:10.879","00532 16:17:18",233.41,839.11,,,,"     ",3.60,993.83,1.39
532,444733899,"00532M16:04:11.852","00532 16:17:19",233.40,839.11,,,,"     ",3.60,988.28,1.39
532,444733900,"00532M16:04:12.825","00532 16:17:20",233.39,839.14,,,,"     ",3.60,994.67,1.39
532,444733901,"00532M16:04:13.799","00532 16:17:21",233.39,839.17,,,,"     ",3.60,994.81,1.39
532,444733902,"00532M16:04:14.772","00532 16:17:22",233.39,839.16,,,,"     ",3.60,992.72,1.39
532,444733903,"00532M16:04:15.745","00532 16:17:23",233.39,839.12,,,,"     ",3.60,995.94,1.40
532,444733904,"00532M16:04:16.718","00532 16:17:24",233.40,839.28,,,,"     ",3.60,989.24,1.39
532,444733905,"00532M16:04:17.692","00532 16:17:25",233.39,839.24,,,,"     ",3.60,993.03,1.39
532,444733906,"00532M16:04:18.665","00532 16:17:26",233.39,839.23,,,,"     ",3.60,996.54,1.40
532,444733907,"00532M16:04:19.638","00532 16:17:27",233.38,839.26,,,,"     ",3.60,987.67,1.39
532,444733908,"00532M16:04:20.611","00532 16:17:28",233.37,839.22,,,,"     ",3.60,994.72,1.40
532,444733909,"00532M16:04:21.585","00532 16:17:29",233.34,839.14,,,,"     ",3.60,997.93,1.40
532,444733910,"00532M16:04:22.558","00532 16:17:30",233.32,839.22,,,,"     ",3.60,991.36,1.39
532,444733911,"00532M16:04:23.531","00532 16:17:31",233.28,839.22,,,,"     ",3.60,986.46,1.38
532,444733912,"00532M16:04:24.504","00532 16:17:32",233.26,839.22,,,,"     ",3.60,985.22,1.38
532,444733913,"00532M16:04:25.478","00532 16:17:33",233.22,839.31,,,,"     ",3.60,995.93,1.40
532,444733914,"00532M16:04:26.451","00532 16:17:34",233.19,839.27,,,,"     ",3.60,1002.59,1.41
532,444733915,"00532M16:04:27.424","00532 16:17:35",233.16,839.33,,,,"     ",3.60,975.54,1.37
532,444733916,"00532M16:04:28.397","00532 16:17:36",233.13,839.26,,,,"     ",3.60,996.91,1.40
532,444733917,"00532M16:04:29.371","00532 16:17:37",233.10,839.18,,,,"     ",3.60,995.17,1.40
532,444733918,"00532M16:04:30.344","00532 16:17:38",233.08,839.28,,,,"     ",3.60,990.84,1.39
532,444733919,"00532M16:04:31.317","00532 16:17:39",233.07,839.27,,,,"     ",3.60,986.89,1.39
532,444733920,"00532M16:04:32.290","00532 16:17:40",233.06,839.24,,,,"     ",3.60,994.45,1.40
532,444733921,"00532M16:04:33.264","00532 16:17:41",233.06,839.32,,,,"     ",3.60,987.75,1.39
532,444733922,"00532M16:04:34.237","00532 16:17:41",233.06,839.29,,,,"     ",3.60,1006.28,1.41
532,444733923,"00532M16:04:35.210","00532 16:17:42",233.06,839.26,,,,"     ",3.60,1002.42,1.41
532,444733924,"00532M16:04:36.183","00532 16:17:43",233.05,839.23,,,,"     ",3.60,1000.61,1.41
532,444733925,"00532M16:04:37.157","00532 16:17:44",233.05,839.21,,,,"     ",3.60,997.74,1.40
532,444733926,"00532M16:04:38.130","00532 16:17:45",233.05,839.20,,,,"     ",3.60,996.49,1.40
532,444733927,"00532M16:04:39.103","00532 16:17:46",233.06,839.23,,,,"     ",3.60,993.09,1.40
532,444733928,"00532M16:04:40.077","00532 16:17:47",233.06,839.26,,,,"     ",3.60,991.15,1.39
532,444733929,"00532M16:04:41.050","00532 16:17:48",233.06,839.19,,,,"     ",3.60,994.92,1.40
532,444733930,"00532M16:04:42.023","00532 16:17:49",233.07,839.13,,,,"     ",3.60,1002.10,1.41
532,444733931,"00532M16:04:42.996","00532 16:17:50",233.07,839.15,,,,"     ",3.60,995.32,1.40
532,444733932,"00532M16:04:43.970","00532 16:17:51",233.07,839.16,,,,"     ",3.60,991.63,1.40
532,444733933,"00532M16:04:44.943","00532 16:17:52",233.06,839.17,,,,"     ",3.60,992.80,1.40
532,444733934,"00532M16:04:45.916","00532 16:17:53",233.04,839.19,,,,"     ",3.60,984.81,1.39
532,444733935,"00532M16:04:46.889","00532 16:17:54",233.02,839.23,,,,"     ",3.60,990.83,1.40
532,444733936,"00532M16:04:47.863","00532 16:17:55",233.00,839.22,,,,"     ",3.60,993.14,1.40
532,444733937,"00532M16:04:48.836","00532 16:17:56",232.99,839.33,,,,"     ",3.60,987.43,1.39
532,444733938,"00532M16:04:49.809","00532 16:17:57",232.97,839.25,,,,"     ",3.60,992.79,1.40
532,444733939,"00532M16:04:50.782","00532 16:17:58",232.97,839.33,,,,"     ",3.60,981.91,1.38
532,444733940,"00532M16:04:51.756","00532 16:17:59",232.96,839.34,,,,"     ",3.60,990.30,1.40
532,444733941,"00532M16:04:52.729","00532 16:18:00",232.95,839.32,,,,"     ",3.60,994.60,1.40
532,444733942,"00532M16:04:53.702","00532 16:18:01",232.96,839.17,,,,"     ",3.60,1003.66,1.42
532,444733943,"00532M16:04:54.675","00532 16:18:02",232.96,839.32,,,,"     ",3.60,993.56,1.40
532,444733944,"00532M16:04:55.649","00532 16:18:03",232.98,839.22,,,,"     ",3.60,996.83,1.41
532,444733945,"00532M16:04:56.622","00532 16:18:04",233.00,839.16,,,,"     ",3.60,994.67,1.40
532,444733946,"00532M16:04:57.595","00532 16:18:05",233.03,839.16,,,,"     ",3.60,983.25,1.39
532,444733947,"00532M16:04:58.568","00532 16:18:06",233.05,839.28,,,,"     ",3.60,993.73,1.40
532,444733948,"00532M16:04:59.542","00532 16:18:07",233.07,839.19,,,,"     ",3.60,983.80,1.39
532,444733949,"00532M16:05:00.515","00532 16:18:08",233.08,839.19,,,,"     ",3.60,980.31,1.38
532,444733950,"00532M16:05:01.488","00532 16:18:09",233.07,839.26,,,,"     ",3.60,988.51,1.40
532,444733951,"00532M16:05:02.461","00532 16:18:10",233.06,839.19,,,,"     ",3.60,989.05,1.40
532,444733952,"00532M16:05:03.435","00532 16:18:11",233.05,839.24,,,,"     ",3.60,985.65,1.39
532,444733953,"00532M16:05:04.408","00532 16:18:12",233.02,839.21,,,,"     ",3.60,975.24,1.38
532,444733954,"00532M16:05:05.381","00532 16:18:13",233.00,839.30,,,,"     ",3.60,990.24,1.40
532,444733955,"00532M16:05:06.354","00532 16:18:14",232.98,839.22,,,,"     ",3.60,993.55,1.40
532,444733956,"00532M16:05:07.328","00532 16:18:15",232.96,839.20,,,,"     ",3.60,985.90,1.39
532,444733957,"00532M16:05:08.301","00532 16:18:16",232.94,839.15,,,,"     ",3.60,981.50,1.39
532,444733958,"00532M16:05:09.274","00532 16:18:17",232.93,839.17,,,,"     ",3.60,991.44,1.40
532,444733959,"00532M16:05:10.247","00532 16:18:18",232.91,839.20,,,,"     ",3.60,991.88,1.40
532,444733960,"00532M16:05:11.221","00532 16:18:18",232.90,839.24,,,,"     ",3.60,980.21,1.38
532,444733961,"00532M16:05:12.194","00532 16:18:19",232.89,839.28,,,,"     ",3.60,986.39,1.39
532,444733962,"00532M16:05:13.167","00532 16:18:20",232.87,839.37,,,,"     ",3.60,995.55,1.41
532,444733963,"00532M16:05:14.140","00532 16:18:21",232.85,839.38,,,,"     ",3.60,992.64,1.40
532,444733964,"00532M16:05:15.114","00532 16:18:22",232.83,839.33,,,,"     ",3.60,995.98,1.41
532,444733965,"00532M16:05:16.087","00532 16:18:23",232.81,839.40,,,,"     ",3.60,995.05,1.41
532,444733966,"00532M16:05:17.060","00532 16:18:24",232.79,839.31,,,,"     ",3.60,987.21,1.39
532,444733967,"00532M16:05:18.033","00532 16:18:25",232.76,839.28,,,,"     ",3.60,990.03,1.40
532,444733968,"00532M16:05:19.007","00532 16:18:26",232.74,839.29,,,,"     ",3.60,988.67,1.40
532,444733969,"00532M16:05:19.980","00532 16:18:27",232.72,839.28,,,,"     ",3.60,995.71,1.41
532,444733970,"00532M16:05:20.953","00532 16:18:28",232.71,839.21,,,,"     ",3.60,976.92,1.38
532,444733971,"00532M16:05:21.926","00532 16:18:29",232.70,839.24,,,,"     ",3.60,993.00,1.40
532,444733972,"00532M16:05:22.900","00532 16:18:30",232.70,839.19,,,,"     ",3.60,997.39,1.41
532,444733973,"00532M16:05:23.873","00532 16:18:31",232.69,839.19,,,,"     ",3.60,993.09,1.40
532,444733974,"00532M16:05:24.846","00532 16:18:32",232.68,839.23,,,,"     ",3.60,994.01,1.41
532,444733975,"00532M16:05:25.819","00532 16:18:33",232.67,839.10,,,,"     ",3.60,976.21,1.38
532,444733976,"00532M16:05:26.793","00532 16:18:34",232.66,839.06,,,,"     ",3.60,992.60,1.40
532,444733977,"00532M16:05:27.766","00532 16:18:35",232.65,839.21,,,,"     ",3.60,995.03,1.41
532,444733978,"00532M16:05:28.739","00532 16:18:36",232.65,839.17,,,,"     ",3.60,990.20,1.40
532,444733979,"00532M16:05:29.712","00532 16:18:37",232.64,839.15,,,,"     ",3.60,986.19,1.39
532,444733980,"00532M16:05:30.686","00532 16:18:38",232.64,839.16,,,,"     ",3.60,983.22,1.39
532,444733981,"00532M16:05:31.659","00532 16:18:39",232.64,839.12,,,,"     ",3.60,988.73,1.40
532,444733982,"00532M16:05:32.632","00532 16:18:40",232.63,839.24,,,,"     ",3.60,991.68,1.40
532,444733983,"00532M16:05:33.605","00532 16:18:41",232.62,839.29,,,,"     ",3.60,992.86,1.41
532,444733984,"00532M16:05:34.579","00532 16:18:42",232.60,839.26,,,,"     ",3.60,992.61,1.41
532,444733985,"00532M16:05:35.552","00532 16:18:43",232.59,839.23,,,,"     ",3.60,985.79,1.40
532,444733986,"00532M16:05:36.525","00532 16:18:44",232.57,839.21,,,,"     ",3.60,993.21,1.41
532,444733987,"00532M16:05:37.498","00532 16:18:45",232.54,839.26,,,,"     ",3.60,996.05,1.41
532,444733988,"00532M16:05:38.472","00532 16:18:46",232.52,839.29,,,,"     ",3.60,994.85,1.41
532,444733989,"00532M16:05:39.445","00532 16:18:47",232.50,839.20,,,,"     ",3.60,981.65,1.39
532,444733990,"00532M16:05:40.418","00532 16:18:48",232.47,839.23,,,,"     ",3.60,997.91,1.41
532,444733991,"00532M16:05:41.391","00532 16:18:49",232.45,839.25,,,,"     ",3.60,993.84,1.41
532,444733992,"00532M16:05:42.365","00532 16:18:50",232.44,839.20,,,,"     ",3.60,985.52,1.40
532,444733993,"00532M16:05:43.338","00532 16:18:51",232.42,839.19,,,,"     ",3.60,984.30,1.40
532,444733994,"00532M16:05:44.311","00532 16:18:52",232.40,839.27,,,,"     ",3.60,985.12,1.40
532,444733995,"00532M16:05:45.284","00532 16:18:53",232.37,839.26,,,,"     ",3.60,993.19,1.41
532,444733996,"00532M16:05:46.258","00532 16:18:54",232.35,839.13,,,,"     ",3.60,995.16,1.41
532,444733997,"00532M16:05:47.231","00532 16:18:54",232.33,839.17,,,,"     ",3.60,986.36,1.40
532,444733998,"00532M16:05:48.204","00532 16:18:55",232.31,839.21,,,,"     ",3.60,981.61,1.39
532,444733999,"00532M16:05:49.178","00532 16:18:56",232.29,839.20,,,,"     ",3.60,988.24,1.40
532,444734000,"00532M16:05:50.151","00532 16:18:57",232.27,839.20,,,,"     ",3.60,994.11,1.41
532,444735542,"00532M16:30:50.908","00532 16:43:58",231.78,839.52,,,,"     ",3.60,,
532,444735543,"00532M16:30:51.881","00532 16:43:59",231.79,839.56,,,,"     ",3.60,686.93,1.59
532,444735544,"00532M16:30:52.854","00532 16:44:00",231.80,839.60,,,,"     ",3.60,679.84,1.57
532,444735545,"00532M16:30:53.827","00532 16:44:01",231.82,839.69,,,,"     ",3.60,685.67,1.58
532,444735546,"00532M16:30:54.801","00532 16:44:02",231.82,839.59,,,,"     ",3.60,690.56,1.59
532,444735547,"00532M16:30:55.774","00532 16:44:03",231.83,839.65,,,,"     ",3.60,685.18,1.58
532,444735548,"00532M16:30:56.747","00532 16:44:04",231.83,839.62,,,,"     ",3.60,697.79,1.61
532,444735549,"00532M16:30:57.720","00532 16:44:05",231.85,839.61,,,,"     ",3.60,692.04,1.59
532,444735550,"00532M16:30:58.694","00532 16:44:06",231.85,839.55,,,,"     ",3.60,694.10,1.59
532,444735551,"00532M16:30:59.667","00532 16:44:07",231.86,839.53,,,,"     ",3.60,687.59,1.57
532,444735552,"00532M16:31:00.640","00532 16:44:08",231.87,839.59,,,,"     ",3.60,697.96,1.60
532,444735553,"00532M16:31:01.613","00532 16:44:09",231.88,839.61,,,,"     ",3.60,694.22,1.59
532,444735554,"00532M16:31:02.587","00532 16:44:10",231.88,839.64,,,,"     ",3.60,695.03,1.58
532,444735555,"00532M16:31:03.560","00532 16:44:11",231.88,839.64,,,,"     ",3.60,695.43,1.58
532,444735556,"00532M16:31:04.533","00532 16:44:12",231.88,839.60,,,,"     ",3.60,697.44,1.59
532,444735557,"00532M16:31:05.506","00532 16:44:13",231.89,839.60,,,,"     ",3.60,696.80,1.58
532,444735558,"00532M16:31:06.480","00532 16:44:14",231.91,839.60,,,,"     ",3.60,712.66,1.62
532,444735559,"00532M16:31:07.453","00532 16:44:15",231.94,839.60,,,,"     ",3.60,703.38,1.59
532,444735560,"00532M16:31:08.426","00532 16:44:16",231.97,839.68,,,,"     ",3.60,693.84,1.57
532,444735561,"00532M16:31:09.399","00532 16:44:17",232.00,839.65,,,,"     ",3.60,693.88,1.57
532,444735562,"00532M16:31:10.373","00532 16:44:18",232.05,839.64,,,,"     ",3.60,693.94,1.57
532,444735563,"00532M16:31:11.346","00532 16:44:19",232.09,839.63,,,,"     ",3.60,699.33,1.58
532,444735564,"00532M16:31:12.319","00532 16:44:20",232.13,839.66,,,,"     ",3.60,700.83,1.58
532,444735565,"00532M16:31:13.292","00532 16:44:21",232.18,839.56,,,,"     ",3.60,698.06,1.57
532,444735566,"00532M16:31:14.266","00532 16:44:22",232.22,839.59,,,,"     ",3.60,703.58,1.58
532,444735567,"00532M16:31:15.239","00532 16:44:23",232.26,839.55,,,,"     ",3.60,702.22,1.58
532,444735568,"00532M16:31:16.212","00532 16:44:24",232.29,839.63,,,,"     ",3.60,708.72,1.59
532,444735569,"00532M16:31:17.185","00532 16:44:25",232.31,839.67,,,,"     ",3.60,701.03,1.57
532,444735570,"00532M16:31:18.159","00532 16:44:26",232.32,839.64,,,,"     ",3.60,709.20,1.59
532,444735571,"00532M16:31:19.132","00532 16:44:27",232.32,839.66,,,,"     ",3.60,711.34,1.59
532,444735572,"00532M16:31:20.105","00532 16:44:28",232.31,839.65,,,,"     ",3.60,700.47,1.56
532,444735573,"00532M16:31:21.078","00532 16:44:29",232.31,839.70,,,,"     ",3.60,708.46,1.58
532,444735574,"00532M16:31:22.052","00532 16:44:29",232.31,839.72,,,,"     ",3.60,712.88,1.59
532,444735575,"00532M16:31:23.025","00532 16:44:30",232.31,839.68,,,,"     ",3.60,713.66,1.59
532,444735576,"00532M16:31:23.998","00532 16:44:31",232.31,839.68,,,,"     ",3.60,711.32,1.58
532,444735577,"00532M16:31:24.972","00532 16:44:32",232.31,839.66,,,,"     ",3.60,711.41,1.58
532,444735578,"00532M16:31:25.945","00532 16:44:33",232.31,839.64,,,,"     ",3.60,712.12,1.58
532,444735579,"00532M16:31:26.918","00532 16:44:34",232.31,839.67,,,,"     ",3.60,703.89,1.56
532,444735580,"00532M16:31:27.891","00532 16:44:35",232.31,839.71,,,,"     ",3.60,706.88,1.57
532,444735581,"00532M16:31:28.865","00532 16:44:36",232.31,839.64,,,,"     ",3.60,706.09,1.56
532,444735582,"00532M16:31:29.838","00532 16:44:37",232.30,839.70,,,,"     ",3.60,711.95,1.58
532,444735583,"00532M16:31:30.811","00532 16:44:38",232.30,839.68,,,,"     ",3.60,720.25,1.59
532,444735584,"00532M16:31:31.784","00532 16:44:39",232.29,839.60,,,,"     ",3.60,713.22,1.58
532,444735585,"00532M16:31:32.758","00532 16:44:40",232.28,839.64,,,,"     ",3.60,722.29,1.60
532,444735586,"00532M16:31:33.731","00532 16:44:41",232.26,839.61,,,,"     ",3.60,716.36,1.58
532,444735587,"00532M16:31:34.704","00532 16:44:42",232.22,839.63,,,,"     ",3.60,709.46,1.56
532,444735588,"00532M16:31:35.677","00532 16:44:43",232.19,839.69,,,,"     ",3.60,708.32,1.56
532,444735589,"00532M16:31:36.651","00532 16:44:44",232.16,839.62,,,,"     ",3.60,716.23,1.58
532,444735590,"00532M16:31:37.624","00532 16:44:45",232.12,839.68,,,,"     ",3.60,710.22,1.56
532,444735591,"00532M16:31:38.597","00532 16:44:46",232.08,839.61,,,,"     ",3.60,717.92,1.58
532,444735592,"00532M16:31:39.570","00532 16:44:47",232.06,839.58,,,,"     ",3.60,716.32,1.57
532,444735593,"00532M16:31:40.544","00532 16:44:48",232.04,839.67,,,,"     ",3.60,718.03,1.58
532,444735594,"00532M16:31:41.517","00532 16:44:49",232.03,839.61,,,,"     ",3.60,716.05,1.57
532,444735595,"00532M16:31:42.490","00532 16:44:50",232.03,839.65,,,,"     ",3.60,722.09,1.59
532,444735596,"00532M16:31:43.463","00532 16:44:51",232.04,839.61,,,,"     ",3.60,718.68,1.58
532,444735597,"00532M16:31:44.437","00532 16:44:52",232.06,839.61,,,,"     ",3.60,719.07,1.58
532,444735598,"00532M16:31:45.410","00532 16:44:53",232.07,839.65,,,,"     ",3.60,723.05,1.58
532,444735599,"00532M16:31:46.383","00532 16:44:54",232.09,839.67,,,,"     ",3.60,722.67,1.58
532,444735600,"00532M16:31:47.356","00532 16:44:55",232.10,839.68,,,,"     ",3.60,722.14,1.58
532,444735601,"00532M16:31:48.330","00532 16:44:56",232.12,839.64,,,,"     ",3.60,722.36,1.58
532,444735602,"00532M16:31:49.303","00532 16:44:57",232.13,839.65,,,,"     ",3.60,718.03,1.57
532,444735603,"00532M16:31:50.276","00532 16:44:58",232.14,839.65,,,,"     ",3.60,725.77,1.59
532,444735604,"00532M16:31:51.249","00532 16:44:59",232.15,839.63,,,,"     ",3.60,723.60,1.58
532,444735605,"00532M16:31:52.223","00532 16:45:00",232.14,839.65,,,,"     ",3.60,713.52,1.56
532,444735606,"00532M16:31:53.196","00532 16:45:01",232.11,839.64,,,,"     ",3.60,723.63,1.58
532,444735607,"00532M16:31:54.169","00532 16:45:02",232.08,839.63,,,,"     ",3.60,718.78,1.57
532,444735608,"00532M16:31:55.142","00532 16:45:03",232.05,839.63,,,,"     ",3.60,728.84,1.59
532,444735609,"00532M16:31:56.116","00532 16:45:04",232.02,839.67,,,,"     ",3.60,715.91,1.56
532,444735610,"00532M16:31:57.089","00532 16:45:05",231.98,839.63,,,,"     ",3.60,722.57,1.57
532,444735611,"00532M16:31:58.062","00532 16:45:05",231.95,839.61,,,,"     ",3.60,726.17,1.58
532,444735612,"00532M16:31:59.035","00532 16:45:06",231.93,839.70,,,,"     ",3.60,719.00,1.57
532,444735613,"00532M16:32:00.009","00532 16:45:07",231.92,839.68,,,,"     ",3.60,721.01,1.57
532,444735614,"00532M16:32:00.982","00532 16:45:08",231.91,839.64,,,,"     ",3.60,722.80,1.57
532,444735615,"00532M16:32:01.955","00532 16:45:09",231.91,839.67,,,,"     ",3.60,730.50,1.59
532,444735616,"00532M16:32:02.928","00532 16:45:10",231.91,839.63,,,,"     ",3.60,726.44,1.58
532,444735617,"00532M16:32:03.902","00532 16:45:11",231.91,839.60,,,,"     ",3.60,730.06,1.59
532,444735618,"00532M16:32:04.875","00532 16:45:12",231.92,839.61,,,,"     ",3.60,723.31,1.57
532,444735619,"00532M16:32:05.848","00532 16:45:13",231.92,839.60,,,,"     ",3.60,730.50,1.59
532,444735620,"00532M16:32:06.821","00532 16:45:14",231.93,839.70,,,,"     ",3.60,728.64,1.58
532,444735621,"00532M16:32:07.795","00532 16:45:15",231.92,839.72,,,,"     ",3.60,732.17,1.59
532,444735622,"00532M16:32:08.768","00532 16:45:16",231.92,839.68,,,,"     ",3.60,725.06,1.58
532,444735623,"00532M16:32:09.741","00532 16:45:17",231.91,839.66,,,,"     ",3.60,730.53,1.59
532,444735624,"00532M16:32:10.714","00532 16:45:18",231.89,839.66,,,,"     ",3.60,721.60,1.57
532,444735625,"00532M16:32:11.688","00532 16:45:19",231.88,839.62,,,,"     ",3.60,732.61,1.59
532,444735626,"00532M16:32:12.661","00532 16:45:20",231.86,839.57,,,,"     ",3.60,731.65,1.59
532,444735627,"00532M16:32:13.634","00532 16:45:21",231.84,839.66,,,,"     ",3.60,725.69,1.58
532,444735628,"00532M16:32:14.607","00532 16:45:22",231.82,839.60,,,,"     ",3.60,730.80,1.59
532,444735629,"00532M16:32:15.581","00532 16:45:23",231.81,839.66,,,,"     ",3.60,729.93,1.58
532,444735630,"00532M16:32:16.554","00532 16:45:24",231.79,839.63,,,,"     ",3.60,723.88,1.57
532,444735631,"00532M16:32:17.527","00532 16:45:25",231.77,839.62,,,,"     ",3.60,722.70,1.57
532,444735632,"00532M16:32:18.500","00532 16:45:26",231.75,839.64,,,,"     ",3.60,735.22,1.60
532,444735633,"00532M16:32:19.474","00532 16:45:27",231.72,839.66,,,,"     ",3.60,729.13,1.58
532,444735634,"00532M16:32:20.447","00532 16:45:28",231.70,839.65,,,,"     ",3.60,736.72,1.60
532,444735635,"00532M16:32:21.420","00532 16:45:29",231.68,839.63,,,,"     ",3.60,735.83,1.60
532,444735636,"00532M16:32:22.393","00532 16:45:30",231.66,839.58,,,,"     ",3.60,723.32,1.57
532,444735637,"00532M16:32:23.367","00532 16:45:31",231.65,839.67,,,,"     ",3.60,735.87,1.60
532,444735638,"00532M16:32:24.340","00532 16:45:32",231.64,839.67,,,,"     ",3.60,733.50,1.59
532,444735639,"00532M16:32:25.313","00532 16:45:33",231.65,839.58,,,,"     ",3.60,735.13,1.59
532,444735640,"00532M16:32:26.286","00532 16:45:34",231.64,839.60,,,,"     ",3.60,728.05,1.58
532,444735641,"00532M16:32:27.260","00532 16:45:35",231.64,839.61,,,,"     ",3.60,738.62,1.60
532,444735642,"00532M16:32:28.233","00532 16:45:36",231.64,839.67,,,,"     ",3.60,735.60,1.59
532,444735643,"00532M16:32:29.206","00532 16:45:37",231.64,839.67,,,,"     ",3.60,745.18,1.62
532,444735644,"00532M16:32:30.179","00532 16:45:38",231.64,839.65,,,,"     ",3.60,731.32,1.59
532,444735645,"00532M16:32:31.153","00532 16:45:39",231.64,839.67,,,,"     ",3.60,734.68,1.59
532,444735646,"00532M16:32:32.126","00532 16:45:40",231.65,839.57,,,,"     ",3.60,743.62,1.61
532,444735647,"00532M16:32:33.099","00532 16:45:41",231.64,839.59,,,,"     ",3.60,730.41,1.58
532,444735648,"00532M16:32:34.073","00532 16:45:42",231.63,839.56,,,,"     ",3.60,729.30,1.58
532,444735649,"00532M16:32:35.046","00532 16:45:42",231.62,839.59,,,,"     ",3.60,739.09,1.60
532,444735650,"00532M16:32:36.019","00532 16:45:43",231.60,839.62,,,,"     ",3.60,728.42,1.58
532,444735651,"00532M16:32:36.992","00532 16:45:44",231.57,839.59,,,,"     ",3.60,740.22,1.60
532,444735652,"00532M16:32:37.966","00532 16:45:45",231.55,839.61,,,,"     ",3.60,738.42,1.60
532,444735653,"00532M16:32:38.939","00532 16:45:46",231.53,839.58,,,,"     ",3.60,741.78,1.61
532,444735654,"00532M16:32:39.912","00532 16:45:47",231.51,839.69,,,,"     ",3.60,734.11,1.59
532,444735655,"00532M16:32:40.885","00532 16:45:48",231.50,839.74,,,,"     ",3.60,737.21,1.60
532,444735656,"00532M16:32:41.859","00532 16:45:49",231.51,839.68,,,,"     ",3.60,734.86,1.59
532,444735657,"00532M16:32:42.832","00532 16:45:50",231.52,839.63,,,,"     ",3.60,736.45,1.60
532,444735658,"00532M16:32:43.805","00532 16:45:51",231.53,839.64,,,,"     ",3.60,735.58,1.59
532,444735659,"00532M16:32:44.778","00532 16:45:52",231.55,839.61,,,,"     ",3.60,728.85,1.58
532,444735660,"00532M16:32:45.752","00532 16:45:53",231.57,839.56,,,,"     ",3.60,734.27,1.59
532,444735661,"00532M16:32:46.725","00532 16:45:54",231.58,839.68,,,,"     ",3.60,734.21,1.59
532,444735662,"00532M16:32:47.698","00532 16:45:55",231.59,839.63,,,,"     ",3.60,743.38,1.61
532,444735663,"00532M16:32:48.671","00532 16:45:56",231.58,839.57,,,,"     ",3.60,733.58,1.59
532,444735664,"00532M16:32:49.645","00532 16:45:57",231.57,839.69,,,,"     ",3.60,729.92,1.58
532,444735665,"00532M16:32:50.618","00532 16:45:58",231.56,839.60,,,,"     ",3.60,728.54,1.58
532,444735666,"00532M16:32:51.591","00532 16:45:59",231.54,839.66,,,,"     ",3.60,730.77,1.58
532,444735667,"00532M16:32:52.564","00532 16:46:00",231.51,839.65,,,,"     ",3.60,733.41,1.59
532,444735668,"00532M16:32:53.538","00532 16:46:01",231.49,839.57,,,,"     ",3.60,734.45,1.59
532,444735669,"00532M16:32:54.511","00532 16:46:02",231.47,839.67,,,,"     ",3.60,742.35,1.61
532,444735670,"00532M16:32:55.484","00532 16:46:03",231.46,839.77,,,,"     ",3.60,734.97,1.59
532,444735671,"00532M16:32:56.457","00532 16:46:04",231.45,839.80,,,,"     ",3.60,733.71,1.59
532,444735672,"00532M16:32:57.431","00532 16:46:05",231.43,839.82,,,,"     ",3.60,738.39,1.60
532,444735673,"00532M16:32:58.404","00532 16:46:06",231.43,839.86,,,,"     ",3.60,734.43,1.59
532,444735674,"00532M16:32:59.377","00532 16:46:07",231.43,839.72,,,,"     ",3.60,734.41,1.59
532,444735675,"00532M16:33:00.350","00532 16:46:08",231.43,839.68,,,,"     ",3.60,733.40,1.59
532,444735676,"00532M16:33:01.324","00532 16:46:09",231.43,839.70,,,,"     ",3.60,744.01,1.61
532,444735677,"00532M16:33:02.297","00532 16:46:10",231.43,839.70,,,,"     ",3.60,742.00,1.61
532,444735678,"00532M16:33:03.270","00532 16:46:11",231.43,839.63,,,,"     ",3.60,730.98,1.58
532,444735679,"00532M16:33:04.243","00532 16:46:12",231.44,839.72,,,,"     ",3.60,732.87,1.59
532,444735680,"00532M16:33:05.217","00532 16:46:13",231.44,839.68,,,,"     ",3.60,731.44,1.59
532,444735681,"00532M16:33:06.190","00532 16:46:14",231.44,839.65,,,,"     ",3.60,736.03,1.60
532,444735682,"00532M16:33:07.163","00532 16:46:15",231.44,839.68,,,,"     ",3.60,736.69,1.60
532,444735683,"00532M16:33:08.136","00532 16:46:16",231.45,839.66,,,,"     ",3.60,734.74,1.59
532,444735684,"00532M16:33:09.110","00532 16:46:17",231.46,839.68,,,,"     ",3.60,738.60,1.60
532,444735685,"00532M16:33:10.083","00532 16:46:18",231.48,839.68,,,,"     ",3.60,735.28,1.59
532,444735686,"00532M16:33:11.056","00532 16:46:18",231.51,839.77,,,,"     ",3.60,732.74,1.59
532,444735687,"00532M16:33:12.029","00532 16:46:19",231.53,839.69,,,,"     ",3.60,735.17,1.59
532,444735688,"00532M16:33:13.003","00532 16:46:20",231.55,839.78,,,,"     ",3.60,746.99,1.62
532,444735689,"00532M16:33:13.976","00532 16:46:21",231.56,839.69,,,,"     ",3.60,733.12,1.59
532,444735690,"00532M16:33:14.949","00532 16:46:22",231.57,839.68,,,,"     ",3.60,735.50,1.60
532,444735691,"00532M16:33:15.922","00532 16:46:23",231.57,839.60,,,,"     ",3.60,734.12,1.59
532,444735692,"00532M16:33:16.896","00532 16:46:24",231.57,839.60,,,,"     ",3.60,734.30,1.59
532,444735693,"00532M16:33:17.869","00532 16:46:25",231.57,839.64,,,,"     ",3.60,737.64,1.60
532,444735694,"00532M16:33:18.842","00532 16:46:26",231.57,839.63,,,,"     ",3.60,728.76,1.58
532,444735695,"00532M16:33:19.815","00532 16:46:27",231.57,839.63,,,,"     ",3.60,727.71,1.58
532,444735696,"00532M16:33:20.789","00532 16:46:28",231.57,839.65,,,,"     ",3.60,730.06,1.58
532,444735697,"00532M16:33:21.762","00532 16:46:29",231.57,839.70,,,,"     ",3.60,748.12,1.62
532,444735698,"00532M16:33:22.735","00532 16:46:30",231.58,839.71,,,,"     ",3.60,734.62,1.59
532,444735699,"00532M16:33:23.708","00532 16:46:31",231.59,839.63,,,,"     ",3.60,730.50,1.59
532,444735700,"00532M16:33:24.682","00532 16:46:32",231.62,839.67,,,,"     ",3.60,733.24,1.59
532,444735701,"00532M16:33:25.655","00532 16:46:33",231.65,839.75,,,,"     ",3.60,730.80,1.59
532,444735702,"00532M16:33:26.628","00532 16:46:34",231.68,839.76,,,,"     ",3.60,722.50,1.57
532,444735703,"00532M16:33:27.601","00532 16:46:35",231.71,839.72,,,,"     ",3.60,737.66,1.60
532,444735704,"00532M16:33:28.575","00532 16:46:36",231.73,839.72,,,,"     ",3.60,732.33,1.59
532,444735705,"00532M16:33:29.548","00532 16:46:37",231.75,839.77,,,,"     ",3.60,735.67,1.60
532,444735706,"00532M16:33:30.521","00532 16:46:38",231.75,839.64,,,,"     ",3.60,730.90,1.59
532,444735707,"00532M16:33:31.494","00532 16:46:39",231.75,839.65,,,,"     ",3.60,734.95,1.60
532,444735708,"00532M16:33:32.468","00532 16:46:40",231.72,839.73,,,,"     ",3.60,728.91,1.58
532,444735709,"00532M16:33:33.441","00532 16:46:41",231.69,839.69,,,,"     ",3.60,730.18,1.59
532,444735710,"00532M16:33:34.414","00532 16:46:42",231.66,839.65,,,,"     ",3.60,738.83,1.61
532,444735711,"00532M16:33:35.387","00532 16:46:43",231.62,839.62,,,,"     ",3.60,734.94,1.60
532,444735712,"00532M16:33:36.361","00532 16:46:44",231.58,839.62,,,,"     ",3.60,734.48,1.60
532,444735713,"00532M16:33:37.334","00532 16:46:45",231.54,839.56,,,,"     ",3.60,731.12,1.59
532,444735714,"00532M16:33:38.307","00532 16:46:46",231.50,839.56,,,,"     ",3.60,730.71,1.59
532,444735715,"00532M16:33:39.280","00532 16:46:47",231.48,839.67,,,,"     ",3.60,729.07,1.58
532,444735716,"00532M16:33:40.254","00532 16:46:48",231.46,839.67,,,,"     ",3.60,733.08,1.59
532,444735717,"00532M16:33:41.227","00532 16:46:49",231.45,839.71,,,,"     ",3.60,736.68,1.60
532,444735718,"00532M16:33:42.200","00532 16:46:50",231.45,839.65,,,,"     ",3.60,733.28,1.59
532,444735719,"00532M16:33:43.174","00532 16:46:51",231.45,839.70,,,,"     ",3.60,743.29,1.62
532,444735720,"00532M16:33:44.147","00532 16:46:52",231.45,839.73,,,,"     ",3.60,728.99,1.59
532,444735721,"00532M16:33:45.120","00532 16:46:53",231.45,839.68,,,,"     ",3.60,727.53,1.58
532,444735722,"00532M16:33:46.093","00532 16:46:54",231.45,839.64,,,,"     ",3.60,736.89,1.60
532,444735723,"00532M16:33:47.067","00532 16:46:55",231.44,839.61,,,,"     ",3.60,724.00,1.57
532,444735724,"00532M16:33:48.040","00532 16:46:55",231.43,839.66,,,,"     ",3.60,725.86,1.58
532,444735725,"00532M16:33:49.013","00532 16:46:56",231.41,839.63,,,,"     ",3.60,732.12,1.59
532,444735726,"00532M16:33:49.986","00532 16:46:57",231.40,839.59,,,,"     ",3.60,732.17,1.59
532,444735727,"00532M16:33:50.960","00532 16:46:58",231.38,839.57,,,,"     ",3.60,743.87,1.62
532,444735728,"00532M16:33:51.933","00532 16:46:59",231.37,839.58,,,,"     ",3.60,736.63,1.60
532,444735729,"00532M16:33:52.906","00532 16:47:00",231.35,839.62,,,,"     ",3.60,734.23,1.60
532,444735730,"00532M16:33:53.879","00532 16:47:01",231.35,839.66,,,,"     ",3.60,732.88,1.60
532,444735731,"00532M16:33:54.853","00532 16:47:02",231.35,839.70,,,,"     ",3.60,737.12,1.61
532,444735732,"00532M16:33:55.826","00532 16:47:03",231.37,839.69,,,,"     ",3.60,732.59,1.60
532,444735733,"00532M16:33:56.799","00532 16:47:04",231.39,839.64,,,,"     ",3.60,739.81,1.61
532,444735734,"00532M16:33:57.772","00532 16:47:05",231.41,839.69,,,,"     ",3.60,732.18,1.60
532,444735735,"00532M16:33:58.746","00532 16:47:06",231.43,839.66,,,,"     ",3.60,738.20,1.61
532,444735736,"00532M16:33:59.719","00532 16:47:07",231.45,839.69,,,,"     ",3.60,736.22,1.60
532,444735737,"00532M16:34:00.692","00532 16:47:08",231.46,839.68,,,,"     ",3.60,735.24,1.60
532,444735738,"00532M16:34:01.665","00532 16:47:09",231.46,839.60,,,,"     ",3.60,730.32,1.59
532,444735739,"00532M16:34:02.639","00532 16:47:10",231.46,839.64,,,,"     ",3.60,738.09,1.61
532,444735740,"00532M16:34:03.612","00532 16:47:11",231.46,839.63,,,,"     ",3.60,730.70,1.59
532,444735741,"00532M16:34:04.585","00532 16:47:12",231.46,839.63,,,,"     ",3.60,725.47,1.58
532,444735742,"00532M16:34:05.558","00532 16:47:13",231.46,839.63,,,,"     ",3.60,729.61,1.59
532,444735743,"00532M16:34:06.532","00532 16:47:14",231.46,839.65,,,,"     ",3.60,733.81,1.60
532,444735744,"00532M16:34:07.505","00532 16:47:15",231.46,839.63,,,,"     ",3.60,727.12,1.59
532,444735745,"00532M16:34:08.478","00532 16:47:16",231.46,839.72,,,,"     ",3.60,731.40,1.60
532,444735746,"00532M16:34:09.451","00532 16:47:17",231.46,839.70,,,,"     ",3.60,738.04,1.61
532,444735747,"00532M16:34:10.425","00532 16:47:18",231.45,839.58,,,,"     ",3.60,728.62,1.59
532,444735748,"00532M16:34:11.398","00532 16:47:19",231.45,839.63,,,,"     ",3.60,741.46,1.62
532,444735749,"00532M16:34:12.371","00532 16:47:20",231.44,839.64,,,,"     ",3.60,729.08,1.59
532,444735750,"00532M16:34:13.344","00532 16:47:21",231.44,839.72,,,,"     ",3.60,732.09,1.60
532,444735751,"00532M16:34:14.318","00532 16:47:22",231.44,839.71,,,,"     ",3.60,730.74,1.60
532,444735752,"00532M16:34:15.291","00532 16:47:23",231.44,839.73,,,,"     ",3.60,734.63,1.61
532,444735753,"00532M16:34:16.264","00532 16:47:24",231.44,839.67,,,,"     ",3.60,721.16,1.57
532,444735754,"00532M16:34:17.237","00532 16:47:25",231.43,839.70,,,,"     ",3.60,735.56,1.61
532,444735755,"00532M16:34:18.211","00532 16:47:26",231.41,839.69,,,,"     ",3.60,729.81,1.60
532,444735756,"00532M16:34:19.184","00532 16:47:27",231.39,839.69,,,,"     ",3.60,732.94,1.60
532,444735757,"00532M16:34:20.157","00532 16:47:28",231.37,839.71,,,,"     ",3.60,721.91,1.58
532,444735758,"00532M16:34:21.130","00532 16:47:29",231.34,839.74,,,,"     ",3.60,726.10,1.59
532,444735759,"00532M16:34:22.104","00532 16:47:30",231.32,839.78,,,,"     ",3.60,733.28,1.60
532,444735760,"00532M16:34:23.077","00532 16:47:31",231.29,839.75,,,,"     ",3.60,736.01,1.61
532,444735761,"00532M16:34:24.050","00532 16:47:32",231.26,839.71,,,,"     ",3.60,736.64,1.61
532,444735762,"00532M16:34:25.023","00532 16:47:32",231.24,839.67,,,,"     ",3.60,732.42,1.60
532,444735763,"00532M16:34:25.997","00532 16:47:33",231.21,839.69,,,,"     ",3.60,729.15,1.59
532,444735764,"00532M16:34:26.970","00532 16:47:34",231.18,839.78,,,,"     ",3.60,730.97,1.60
532,444735765,"00532M16:34:27.943","00532 16:47:35",231.16,839.72,,,,"     ",3.60,734.55,1.61
532,444735766,"00532M16:34:28.916","00532 16:47:36",231.13,839.72,,,,"     ",3.60,730.03,1.60
532,444735767,"00532M16:34:29.890","00532 16:47:37",231.12,839.67,,,,"     ",3.60,726.14,1.59
532,444735768,"00532M16:34:30.863","00532 16:47:38",231.12,839.79,,,,"     ",3.60,732.46,1.60
532,444735769,"00532M16:34:31.836","00532 16:47:39",231.13,839.75,,,,"     ",3.60,726.47,1.59
532,444735770,"00532M16:34:32.809","00532 16:47:40",231.16,839.76,,,,"     ",3.60,722.94,1.58
532,444735771,"00532M16:34:33.783","00532 16:47:41",231.19,839.72,,,,"     ",3.60,727.28,1.59
532,444735772,"00532M16:34:34.756","00532 16:47:42",231.22,839.74,,,,"     ",3.60,725.28,1.59
532,444735773,"00532M16:34:35.729","00532 16:47:43",231.25,839.74,,,,"     ",3.60,724.42,1.59
532,444735774,"00532M16:34:36.702","00532 16:47:44",231.28,839.83,,,,"     ",3.60,727.18,1.59
532,444735775,"00532M16:34:37.676","00532 16:47:45",231.30,839.72,,,,"     ",3.60,726.84,1.59
532,444735776,"00532M16:34:38.649","00532 16:47:46",231.31,839.69,,,,"     ",3.60,730.84,1.60
532,444735777,"00532M16:34:39.622","00532 16:47:47",231.32,839.64,,,,"     ",3.60,728.85,1.60
532,444735778,"00532M16:34:40.595","00532 16:47:48",231.32,839.57,,,,"     ",3.60,728.91,1.60
532,444735779,"00532M16:34:41.569","00532 16:47:49",231.30,839.70,,,,"     ",3.60,727.04,1.59
532,444735780,"00532M16:34:42.542","00532 16:47:50",231.29,839.68,,,,"     ",3.60,731.67,1.60
532,444735781,"00532M16:34:43.515","00532 16:47:51",231.27,839.67,,,,"     ",3.60,726.08,1.59
532,444735782,"00532M16:34:44.488","00532 16:47:52",231.25,839.67,,,,"     ",3.60,730.56,1.60
532,444735783,"00532M16:34:45.462","00532 16:47:53",231.23,839.75,,,,"     ",3.60,726.74,1.60
532,444735784,"00532M16:34:46.435","00532 16:47:54",231.21,839.65,,,,"     ",3.60,723.00,1.59
532,444735785,"00532M16:34:47.408","00532 16:47:55",231.18,839.66,,,,"     ",3.60,728.72,1.60
532,444735786,"00532M16:34:48.381","00532 16:47:56",231.16,839.68,,,,"     ",3.60,727.49,1.60
532,444735787,"00532M16:34:49.355","00532 16:47:57",231.12,839.68,,,,"     ",3.60,733.58,1.61
532,444735788,"00532M16:34:50.328","00532 16:47:58",231.10,839.63,,,,"     ",3.60,712.47,1.56
532,444735789,"00532M16:34:51.301","00532 16:47:59",231.08,839.64,,,,"     ",3.60,727.25,1.60
532,444735790,"00532M16:34:52.274","00532 16:48:00",231.05,839.72,,,,"     ",3.60,733.64,1.61
532,444735791,"00532M16:34:53.248","00532 16:48:01",231.04,839.68,,,,"     ",3.60,718.52,1.58
532,444735792,"00532M16:34:54.221","00532 16:48:02",231.02,839.63,,,,"     ",3.60,724.07,1.59
532,444735793,"00532M16:34:55.194","00532 16:48:03",231.01,839.66,,,,"     ",3.60,724.59,1.59
532,444735794,"00532M16:34:56.168","00532 16:48:04",230.99,839.70,,,,"     ",3.60,735.60,1.62
532,444735795,"00532M16:34:57.141","00532 16:48:05",230.98,839.69,,,,"     ",3.60,723.04,1.59
532,444735796,"00532M16:34:58.114","00532 16:48:06",230.97,839.73,,,,"     ",3.60,727.24,1.60
532,444735797,"00532M16:34:59.087","00532 16:48:07",230.96,839.70,,,,"     ",3.60,725.88,1.60
532,444735798,"00532M16:35:00.061","00532 16:48:08",230.95,839.71,,,,"     ",3.60,730.55,1.61
532,444735799,"00532M16:35:01.034","00532 16:48:08",230.93,839.80,,,,"     ",3.60,728.68,1.60
532,444735800,"00532M16:35:02.007","00532 16:48:09",230.92,839.75,,,,"     ",3.60,726.88,1.60
532,444735801,"00532M16:35:02.980","00532 16:48:10",230.90,839.74,,,,"     ",3.60,724.09,1.59
532,444735802,"00532M16:35:03.954","00532 16:48:11",230.89,839.71,,,,"     ",3.60,728.58,1.61
532,444735803,"00532M16:35:04.927","00532 16:48:12",230.87,839.73,,,,"     ",3.60,725.41,1.60
532,444735804,"00532M16:35:05.900","00532 16:48:13",230.86,839.73,,,,"     ",3.60,724.52,1.60
532,444735805,"00532M16:35:06.873","00532 16:48:14",230.85,839.72,,,,"     ",3.60,714.24,1.57
532,444735806,"00532M16:35:07.847","00532 16:48:15",230.84,839.79,,,,"     ",3.60,718.40,1.58
532,444735807,"00532M16:35:08.820","00532 16:48:16",230.84,839.84,,,,"     ",3.60,726.18,1.60
532,444735808,"00532M16:35:09.793","00532 16:48:17",230.83,839.85,,,,"     ",3.60,730.45,1.61
532,444735809,"00532M16:35:10.766","00532 16:48:18",230.84,839.81,,,,"     ",3.60,720.78,1.59
532,444735810,"00532M16:35:11.740","00532 16:48:19",230.86,839.74,,,,"     ",3.60,721.60,1.59
532,444735811,"00532M16:35:12.713","00532 16:48:20",230.88,839.76,,,,"     ",3.60,722.22,1.60
532,444735812,"00532M16:35:13.686","00532 16:48:21",230.92,839.73,,,,"     ",3.60,714.39,1.58
532,444735813,"00532M16:35:14.659","00532 16:48:22",230.94,839.71,,,,"     ",3.60,731.34,1.62
532,444735814,"00532M16:35:15.633","00532 16:48:23",230.96,839.65,,,,"     ",3.60,720.84,1.59
532,444735815,"00532M16:35:16.606","00532 16:48:24",230.97,839.74,,,,"     ",3.60,722.26,1.60
532,444735816,"00532M16:35:17.579","00532 16:48:25",230.98,839.69,,,,"     ",3.60,725.17,1.60
532,444735817,"00532M16:35:18.552","00532 16:48:26",230.96,839.62,,,,"     ",3.60,718.47,1.59
532,444735818,"00532M16:35:19.526","00532 16:48:27",230.95,839.64,,,,"     ",3.60,714.36,1.58
532,444735819,"00532M16:35:20.499","00532 16:48:28",230.93,839.68,,,,"     ",3.60,731.03,1.62
532,444735820,"00532M16:35:21.472","00532 16:48:29",230.92,839.74,,,,"     ",3.60,728.85,1.61
532,444735821,"00532M16:35:22.445","00532 16:48:30",230.91,839.78,,,,"     ",3.60,721.66,1.60
532,444735822,"00532M16:35:23.419","00532 16:48:31",230.91,839.72,,,,"     ",3.60,717.77,1.59
532,444735823,"00532M16:35:24.392","00532 16:48:32",230.89,839.76,,,,"     ",3.60,731.13,1.62
532,444735824,"00532M16:35:25.365","00532 16:48:33",230.88,839.70,,,,"     ",3.60,726.57,1.61
532,444735825,"00532M16:35:26.338","00532 16:48:34",230.85,839.70,,,,"     ",3.60,719.23,1.59
532,444735826,"00532M16:35:27.312","00532 16:48:35",230.82,839.70,,,,"     ",3.60,726.57,1.61
532,444735827,"00532M16:35:28.285","00532 16:48:36",230.79,839.71,,,,"     ",3.60,723.21,1.60
532,444735828,"00532M16:35:29.258","00532 16:48:37",230.78,839.68,,,,"     ",3.60,716.16,1.59
532,444735829,"00532M16:35:30.231","00532 16:48:38",230.76,839.70,,,,"     ",3.60,728.06,1.61
532,444735830,"00532M16:35:31.205","00532 16:48:39",230.76,839.67,,,,"     ",3.60,714.26,1.58
532,444735831,"00532M16:35:32.178","00532 16:48:40",230.76,839.62,,,,"     ",3.60,718.29,1.59
532,444735832,"00532M16:35:33.151","00532 16:48:41",230.76,839.66,,,,"     ",3.60,722.55,1.60
532,444735833,"00532M16:35:34.124","00532 16:48:42",230.77,839.62,,,,"     ",3.60,719.86,1.60
532,444735834,"00532M16:35:35.098","00532 16:48:43",230.77,839.64,,,,"     ",3.60,727.85,1.62
532,444735835,"00532M16:35:36.071","00532 16:48:44",230.78,839.64,,,,"     ",3.60,720.26,1.60
532,444735836,"00532M16:35:37.044","00532 16:48:45",230.80,839.73,,,,"     ",3.60,720.77,1.60
532,444735837,"00532M16:35:38.017","00532 16:48:45",230.81,839.67,,,,"     ",3.60,722.30,1.60
532,444735838,"00532M16:35:38.991","00532 16:48:46",230.81,839.72,,,,"     ",3.60,722.11,1.60
532,444735839,"00532M16:35:39.964","00532 16:48:47",230.81,839.77,,,,"     ",3.60,719.75,1.60
532,444735840,"00532M16:35:40.937","00532 16:48:48",230.81,839.60,,,,"     ",3.60,712.71,1.58
532,444735841,"00532M16:35:41.910","00532 16:48:49",230.81,839.66,,,,"     ",3.60,716.23,1.59
532,444735842,"00532M16:35:42.884","00532 16:48:50",230.81,839.73,,,,"     ",3.60,718.72,1.60
532,444735843,"00532M16:35:43.857","00532 16:48:51",230.80,839.69,,,,"     ",3.60,720.37,1.60
532,444735844,"00532M16:35:44.830","00532 16:48:52",230.79,839.76,,,,"     ",3.60,715.76,1.59
532,444735845,"00532M16:35:45.803","00532 16:48:53",230.78,839.67,,,,"     ",3.60,721.38,1.61
532,444735846,"00532M16:35:46.777","00532 16:48:54",230.76,839.69,,,,"     ",3.60,717.03,1.60
532,444735847,"00532M16:35:47.750","00532 16:48:55",230.75,839.67,,,,"     ",3.60,721.87,1.61
532,444735848,"00532M16:35:48.723","00532 16:48:56",230.73,839.71,,,,"     ",3.60,712.91,1.59
532,444735849,"00532M16:35:49.696","00532 16:48:57",230.70,839.67,,,,"     ",3.60,716.96,1.60
532,444735850,"00532M16:35:50.670","00532 16:48:58",230.72,839.59,,,,"     ",3.60,716.86,1.60
532,444735851,"00532M16:35:51.643","00532 16:48:59",230.70,839.59,,,,"     ",3.60,717.57,1.60
532,444735852,"00532M16:35:52.616","00532 16:49:00",230.68,839.66,,,,"     ",3.60,718.59,1.60
532,444735853,"00532M16:35:53.589","00532 16:49:01",230.66,839.55,,,,"     ",3.60,722.97,1.61
532,444735854,"00532M16:35:54.563","00532 16:49:02",230.64,839.61,,,,"     ",3.60,721.84,1.61
532,444735855,"00532M16:35:55.536","00532 16:49:03",230.62,839.65,,,,"     ",3.60,713.66,1.59
532,444735856,"00532M16:35:56.509","00532 16:49:04",230.60,839.64,,,,"     ",3.60,718.88,1.60
532,444735857,"00532M16:35:57.482","00532 16:49:05",230.58,839.65,,,,"     ",3.60,718.75,1.60
532,444735858,"00532M16:35:58.456","00532 16:49:06",230.56,839.76,,,,"     ",3.60,713.13,1.59
532,444735859,"00532M16:35:59.429","00532 16:49:07",230.54,839.76,,,,"     ",3.60,716.57,1.60
532,444735860,"00532M16:36:00.402","00532 16:49:08",230.53,839.72,,,,"     ",3.60,722.44,1.61
532,444735861,"00532M16:36:01.375","00532 16:49:09",230.50,839.74,,,,"     ",3.60,718.19,1.60
532,444735862,"00532M16:36:02.349","00532 16:49:10",230.48,839.74,,,,"     ",3.60,715.88,1.60
532,444735863,"00532M16:36:03.322","00532 16:49:11",230.47,839.76,,,,"     ",3.60,708.98,1.58
532,444735864,"00532M16:36:04.295","00532 16:49:12",230.44,839.65,,,,"     ",3.60,714.46,1.60
532,444735865,"00532M16:36:05.269","00532 16:49:13",230.42,839.73,,,,"     ",3.60,715.77,1.60
532,444735866,"00532M16:36:06.242","00532 16:49:14",230.41,839.72,,,,"     ",3.60,721.07,1.61
532,444735867,"00532M16:36:07.215","00532 16:49:15",230.41,839.75,,,,"     ",3.60,718.46,1.61
532,444735868,"00532M16:36:08.188","00532 16:49:16",230.41,839.82,,,,"     ",3.60,706.37,1.58
532,444735869,"00532M16:36:09.162","00532 16:49:17",230.41,839.69,,,,"     ",3.60,709.60,1.59
532,444735870,"00532M16:36:10.135","00532 16:49:18",230.41,839.74,,,,"     ",3.60,716.53,1.60
532,444735871,"00532M16:36:11.108","00532 16:49:19",230.42,839.71,,,,"     ",3.60,714.79,1.60
532,444735872,"00532M16:36:12.081","00532 16:49:20",230.42,839.70,,,,"     ",3.60,716.39,1.60
532,444735873,"00532M16:36:13.055","00532 16:49:21",230.43,839.80,,,,"     ",3.60,715.92,1.60
532,444735874,"00532M16:36:14.028","00532 16:49:21",230.43,839.69,,,,"     ",3.60,710.47,1.59
532,444735875,"00532M16:36:15.001","00532 16:49:22",230.43,839.68,,,,"     ",3.60,718.73,1.61
532,444735876,"00532M16:36:15.974","00532 16:49:23",230.45,839.83,,,,"     ",3.60,716.44,1.61
532,444735877,"00532M16:36:16.948","00532 16:49:24",230.46,839.75,,,,"     ",3.60,711.85,1.60
532,444735878,"00532M16:36:17.921","00532 16:49:25",230.48,839.83,,,,"     ",3.60,712.76,1.60
532,444735879,"00532M16:36:18.894","00532 16:49:26",230.50,839.76,,,,"     ",3.60,709.80,1.59
532,444735880,"00532M16:36:19.867","00532 16:49:27",230.52,839.81,,,,"     ",3.60,708.67,1.59
532,444735881,"00532M16:36:20.841","00532 16:49:28",230.54,839.78,,,,"     ",3.60,715.74,1.61
532,444735882,"00532M16:36:21.814","00532 16:49:29",230.55,839.81,,,,"     ",3.60,715.71,1.61
532,444735883,"00532M16:36:22.787","00532 16:49:30",230.55,839.77,,,,"     ",3.60,716.90,1.61
532,444735884,"00532M16:36:23.760","00532 16:49:31",230.56,839.70,,,,"     ",3.60,715.59,1.61
532,444735885,"00532M16:36:24.734","00532 16:49:32",230.56,839.69,,,,"     ",3.60,715.95,1.61
532,444735886,"00532M16:36:25.707","00532 16:49:33",230.56,839.64,,,,"     ",3.60,700.60,1.57
532,444735887,"00532M16:36:26.680","00532 16:49:34",230.55,839.68,,,,"     ",3.60,717.56,1.61
532,444735888,"00532M16:36:27.653","00532 16:49:35",230.54,839.69,,,,"     ",3.60,713.45,1.60
532,444735889,"00532M16:36:28.627","00532 16:49:36",230.54,839.77,,,,"     ",3.60,712.10,1.60
532,444735890,"00532M16:36:29.600","00532 16:49:37",230.53,839.76,,,,"     ",3.60,722.10,1.63
532,444735891,"00532M16:36:30.573","00532 16:49:38",230.51,839.82,,,,"     ",3.60,717.45,1.61
532,444735892,"00532M16:36:31.546","00532 16:49:39",230.49,839.74,,,,"     ",3.60,715.81,1.61
532,444735893,"00532M16:36:32.520","00532 16:49:40",230.48,839.78,,,,"     ",3.60,716.26,1.61
532,444735894,"00532M16:36:33.493","00532 16:49:41",230.46,839.64,,,,"     ",3.60,719.25,1.62
532,444735895,"00532M16:36:34.466","00532 16:49:42",230.45,839.73,,,,"     ",3.60,721.47,1.63
532,444735896,"00532M16:36:35.439","00532 16:49:43",230.43,839.75,,,,"     ",3.60,713.81,1.61
532,444735897,"00532M16:36:36.413","00532 16:49:44",230.41,839.68,,,,"     ",3.60,719.32,1.62
532,444735898,"00532M16:36:37.386","00532 16:49:45",230.40,839.66,,,,"     ",3.60,722.33,1.63
532,444735899,"00532M16:36:38.359","00532 16:49:46",230.38,839.74,,,,"     ",3.60,715.42,1.61
532,444735900,"00532M16:36:39.332","00532 16:49:47",230.37,839.74,,,,"     ",3.60,711.50,1.60
532,444735901,"00532M16:36:40.306","00532 16:49:48",230.35,839.79,,,,"     ",3.60,714.55,1.61
532,444735902,"00532M16:36:41.279","00532 16:49:49",230.35,839.75,,,,"     ",3.60,719.92,1.62
532,444735903,"00532M16:36:42.252","00532 16:49:50",230.35,839.78,,,,"     ",3.60,714.52,1.61
532,444735904,"00532M16:36:43.225","00532 16:49:51",230.35,839.86,,,,"     ",3.60,713.40,1.61
532,444735905,"00532M16:36:44.199","00532 16:49:52",230.35,839.90,,,,"     ",3.60,711.07,1.61
532,444735906,"00532M16:36:45.172","00532 16:49:53",230.36,839.75,,,,"     ",3.60,715.31,1.61
532,444735907,"00532M16:36:46.145","00532 16:49:54",230.36,839.80,,,,"     ",3.60,713.68,1.61
532,444735908,"00532M16:36:47.118","00532 16:49:55",230.36,839.81,,,,"     ",3.60,721.91,1.63
532,444735909,"00532M16:36:48.092","00532 16:49:56",230.36,839.71,,,,"     ",3.60,709.84,1.60
532,444735910,"00532M16:36:49.065","00532 16:49:57",230.35,839.68,,,,"     ",3.60,712.69,1.61
532,444735911,"00532M16:36:50.038","00532 16:49:58",230.34,839.70,,,,"     ",3.60,714.30,1.61
532,444735912,"00532M16:36:51.011","00532 16:49:58",230.32,839.68,,,,"     ",3.60,714.85,1.62
532,444735913,"00532M16:36:51.985","00532 16:49:59",230.29,839.68,,,,"     ",3.60,707.77,1.60
532,444735914,"00532M16:36:52.958","00532 16:50:00",230.26,839.74,,,,"     ",3.60,716.26,1.62
532,444735915,"00532M16:36:53.931","00532 16:50:01",230.23,839.82,,,,"     ",3.60,715.80,1.62
532,444735916,"00532M16:36:54.904","00532 16:50:02",230.20,839.78,,,,"     ",3.60,716.27,1.62
532,444735917,"00532M16:36:55.878","00532 16:50:03",230.17,839.72,,,,"     ",3.60,716.36,1.62
532,444735918,"00532M16:36:56.851","00532 16:50:04",230.13,839.69,,,,"     ",3.60,710.15,1.61
532,444735919,"00532M16:36:57.824","00532 16:50:05",230.11,839.73,,,,"     ",3.60,713.64,1.62
532,444735920,"00532M16:36:58.797","00532 16:50:06",230.09,839.76,,,,"     ",3.60,708.78,1.61
532,444735921,"00532M16:36:59.771","00532 16:50:07",230.08,839.71,,,,"     ",3.60,716.60,1.62
532,444735922,"00532M16:37:00.744","00532 16:50:08",230.06,839.63,,,,"     ",3.60,702.01,1.59
532,444735923,"00532M16:37:01.717","00532 16:50:09",230.05,839.68,,,,"     ",3.60,718.88,1.63
532,444735924,"00532M16:37:02.690","00532 16:50:10",230.05,839.65,,,,"     ",3.60,714.43,1.62
532,444735925,"00532M16:37:03.664","00532 16:50:11",230.06,839.68,,,,"     ",3.60,710.27,1.61
532,444735926,"00532M16:37:04.637","00532 16:50:12",230.05,839.81,,,,"     ",3.60,711.14,1.61
532,444735927,"00532M16:37:05.610","00532 16:50:13",230.05,839.77,,,,"     ",3.60,715.21,1.62
532,444735928,"00532M16:37:06.583","00532 16:50:14",230.04,839.85,,,,"     ",3.60,719.53,1.64
532,444735929,"00532M16:37:07.557","00532 16:50:15",230.02,839.78,,,,"     ",3.60,706.93,1.61
532,444735930,"00532M16:37:08.530","00532 16:50:16",230.00,839.79,,,,"     ",3.60,709.50,1.61
532,444735931,"00532M16:37:09.503","00532 16:50:17",229.98,839.76,,,,"     ",3.60,714.13,1.62
532,444735932,"00532M16:37:10.476","00532 16:50:18",229.96,839.75,,,,"     ",3.60,717.21,1.63
532,444735933,"00532M16:37:11.450","00532 16:50:19",229.93,839.74,,,,"     ",3.60,718.71,1.64
532,444735934,"00532M16:37:12.423","00532 16:50:20",229.90,839.71,,,,"     ",3.60,707.30,1.61
532,444735935,"00532M16:37:13.396","00532 16:50:21",229.89,839.73,,,,"     ",3.60,710.92,1.62
532,444735936,"00532M16:37:14.370","00532 16:50:22",229.87,839.81,,,,"     ",3.60,712.61,1.62
532,444735937,"00532M16:37:15.343","00532 16:50:23",229.87,839.71,,,,"     ",3.60,710.82,1.62
532,444735938,"00532M16:37:16.316","00532 16:50:24",229.87,839.67,,,,"     ",3.60,716.59,1.63
532,444735939,"00532M16:37:17.289","00532 16:50:25",229.87,839.61,,,,"     ",3.60,712.88,1.62
532,444735940,"00532M16:37:18.263","00532 16:50:26",229.88,839.68,,,,"     ",3.60,696.48,1.59
532,444735941,"00532M16:37:19.236","00532 16:50:27",229.89,839.63,,,,"     ",3.60,712.39,1.62
532,444735942,"00532M16:37:20.209","00532 16:50:28",229.88,839.71,,,,"     ",3.60,709.22,1.62
532,444735943,"00532M16:37:21.182","00532 16:50:29",229.88,839.77,,,,"     ",3.60,712.71,1.63
532,444735944,"00532M16:37:22.156","00532 16:50:30",229.87,839.70,,,,"     ",3.60,713.03,1.63
532,444735945,"00532M16:37:23.129","00532 16:50:31",229.85,839.62,,,,"     ",3.60,714.80,1.63
532,444735946,"00532M16:37:24.102","00532 16:50:32",229.83,839.69,,,,"     ",3.60,709.11,1.62
532,444735947,"00532M16:37:25.075","00532 16:50:33",229.81,839.75,,,,"     ",3.60,711.95,1.63
532,444735948,"00532M16:37:26.049","00532 16:50:34",229.79,839.66,,,,"     ",3.60,701.42,1.60
532,444735949,"00532M16:37:27.022","00532 16:50:34",229.76,839.67,,,,"     ",3.60,711.54,1.63
532,444735950,"00532M16:37:27.995","00532 16:50:35",229.74,839.72,,,,"     ",3.60,711.29,1.63
532,444735951,"00532M16:37:28.968","00532 16:50:36",229.74,839.76,,,,"     ",3.60,702.02,1.61
532,444735952,"00532M16:37:29.942","00532 16:50:37",229.73,839.74,,,,"     ",3.60,709.05,1.62
532,444735953,"00532M16:37:30.915","00532 16:50:38",229.73,839.67,,,,"     ",3.60,705.54,1.61
532,444735954,"00532M16:37:31.888","00532 16:50:39",229.74,839.70,,,,"     ",3.60,706.70,1.62
532,444735955,"00532M16:37:32.861","00532 16:50:40",229.76,839.84,,,,"     ",3.60,712.72,1.63
532,444735956,"00532M16:37:33.835","00532 16:50:41",229.77,839.84,,,,"     ",3.60,705.62,1.62
532,444735957,"00532M16:37:34.808","00532 16:50:42",229.79,839.81,,,,"     ",3.60,708.19,1.62
532,444735958,"00532M16:37:35.781","00532 16:50:43",229.80,839.83,,,,"     ",3.60,701.68,1.61
532,444735959,"00532M16:37:36.754","00532 16:50:44",229.81,839.84,,,,"     ",3.60,716.42,1.64
532,444735960,"00532M16:37:37.728","00532 16:50:45",229.82,839.82,,,,"     ",3.60,713.83,1.64
532,444735961,"00532M16:37:38.701","00532 16:50:46",229.82,839.79,,,,"     ",3.60,712.90,1.64
532,444735962,"00532M16:37:39.674","00532 16:50:47",229.81,839.71,,,,"     ",3.60,706.98,1.62
532,444735963,"00532M16:37:40.647","00532 16:50:48",229.81,839.77,,,,"     ",3.60,699.66,1.60
532,444735964,"00532M16:37:41.621","00532 16:50:49",229.79,839.75,,,,"     ",3.60,713.72,1.64
532,444735965,"00532M16:37:42.594","00532 16:50:50",229.77,839.79,,,,"     ",3.60,704.52,1.62
532,444735966,"00532M16:37:43.567","00532 16:50:51",229.76,839.84,,,,"     ",3.60,705.44,1.62
532,444735967,"00532M16:37:44.540","00532 16:50:52",229.75,839.77,,,,"     ",3.60,706.63,1.62
532,444735968,"00532M16:37:45.514","00532 16:50:53",229.73,839.77,,,,"     ",3.60,713.97,1.64
532,444735969,"00532M16:37:46.487","00532 16:50:54",229.72,839.86,,,,"     ",3.60,701.64,1.61
532,444735970,"00532M16:37:47.460","00532 16:50:55",229.71,839.85,,,,"     ",3.60,702.32,1.61
532,444735971,"00532M16:37:48.433","00532 16:50:56",229.71,839.83,,,,"     ",3.60,711.84,1.64
532,444735972,"00532M16:37:49.407","00532 16:50:57",229.69,839.75,,,,"     ",3.60,705.27,1.62
532,444735973,"00532M16:37:50.380","00532 16:50:58",229.68,839.76,,,,"     ",3.60,709.69,1.63
532,444735974,"00532M16:37:51.353","00532 16:50:59",229.66,839.77,,,,"     ",3.60,710.63,1.64
532,444735975,"00532M16:37:52.326","00532 16:51:00",229.65,839.80,,,,"     ",3.60,702.84,1.62
532,444735976,"00532M16:37:53.300","00532 16:51:01",229.64,839.71,,,,"     ",3.60,706.92,1.63
532,444735977,"00532M16:37:54.273","00532 16:51:02",229.64,839.72,,,,"     ",3.60,711.20,1.64
532,444735978,"00532M16:37:55.246","00532 16:51:03",229.64,839.80,,,,"     ",3.60,701.34,1.61
532,444735979,"00532M16:37:56.219","00532 16:51:04",229.64,839.82,,,,"     ",3.60,708.43,1.63
532,444735980,"00532M16:37:57.193","00532 16:51:05",229.64,839.69,,,,"     ",3.60,708.67,1.63
532,444735981,"00532M16:37:58.166","00532 16:51:06",229.64,839.76,,,,"     ",3.60,696.58,1.60
532,444735982,"00532M16:37:59.139","00532 16:51:07",229.64,839.74,,,,"     ",3.60,705.26,1.63
532,444735983,"00532M16:38:00.112","00532 16:51:08",229.65,839.82,,,,"     ",3.60,703.25,1.62
532,444735984,"00532M16:38:01.086","00532 16:51:09",229.66,839.81,,,,"     ",3.60,700.10,1.61
532,444735985,"00532M16:38:02.059","00532 16:51:10",229.68,839.74,,,,"     ",3.60,707.17,1.63
532,444735986,"00532M16:38:03.032","00532 16:51:11",229.70,839.83,,,,"     ",3.60,703.63,1.62
532,444735987,"00532M16:38:04.005","00532 16:51:11",229.74,839.79,,,,"     ",3.60,701.94,1.62
532,444735988,"00532M16:38:04.979","00532 16:51:12",229.76,839.79,,,,"     ",3.60,707.78,1.63
532,444735989,"00532M16:38:05.952","00532 16:51:13",229.79,839.81,,,,"     ",3.60,707.03,1.63
532,444735990,"00532M16:38:06.925","00532 16:51:14",229.80,839.77,,,,"     ",3.60,698.16,1.61
532,444735991,"00532M16:38:07.898","00532 16:51:15",229.80,839.70,,,,"     ",3.60,700.42,1.62
532,444735992,"00532M16:38:08.872","00532 16:51:16",229.79,839.68,,,,"     ",3.60,708.62,1.64
532,444735993,"00532M16:38:09.845","00532 16:51:17",229.78,839.82,,,,"     ",3.60,696.84,1.61
532,444735994,"00532M16:38:10.818","00532 16:51:18",229.75,839.85,,,,"     ",3.60,701.69,1.62
532,444735995,"00532M16:38:11.791","00532 16:51:19",229.72,839.85,,,,"     ",3.60,698.37,1.61
532,444735996,"00532M16:38:12.765","00532 16:51:20",229.68,839.74,,,,"     ",3.60,707.70,1.64
532,444735997,"00532M16:38:13.738","00532 16:51:21",229.65,839.75,,,,"     ",3.60,704.46,1.63
532,444735998,"00532M16:38:14.711","00532 16:51:22",229.61,839.84,,,,"     ",3.60,706.46,1.64
532,444735999,"00532M16:38:15.684","00532 16:51:23",229.57,839.69,,,,"     ",3.60,702.14,1.62
532,444736000,"00532M16:38:16.658","00532 16:51:24",229.53,839.73,,,,"     ",3.60,710.18,1.64
532,444736001,"00532M16:38:17.631","00532 16:51:25",229.51,839.68,,,,"     ",3.60,702.50,1.63
532,444736002,"00532M16:38:18.604","00532 16:51:26",229.49,839.69,,,,"     ",3.60,696.63,1.61
532,444736003,"00532M16:38:19.577","00532 16:51:27",229.50,839.72,,,,"     ",3.60,707.52,1.64
532,444736004,"00532M16:38:20.551","00532 16:51:28",229.50,839.77,,,,"     ",3.60,699.28,1.62
532,444736005,"00532M16:38:21.524","00532 16:51:29",229.52,839.79,,,,"     ",3.60,702.37,1.63
532,444736006,"00532M16:38:22.497","00532 16:51:30",229.54,839.81,,,,"     ",3.60,702.14,1.63
532,444736007,"00532M16:38:23.471","00532 16:51:31",229.55,839.80,,,,"     ",3.60,700.47,1.62
532,444736008,"00532M16:38:24.444","00532 16:51:32",229.56,839.76,,,,"     ",3.60,699.34,1.62
532,444736009,"00532M16:38:25.417","00532 16:51:33",229.57,839.70,,,,"     ",3.60,704.74,1.64
532,444736010,"00532M16:38:26.390","00532 16:51:34",229.57,839.85,,,,"     ",3.60,705.57,1.64
532,444736011,"00532M16:38:27.364","00532 16:51:35",229.57,839.82,,,,"     ",3.60,705.25,1.64
532,444736012,"00532M16:38:28.337","00532 16:51:36",229.56,839.86,,,,"     ",3.60,690.45,1.60
532,444736013,"00532M16:38:29.310","00532 16:51:37",229.56,839.80,,,,"     ",3.60,701.69,1.63
532,444736014,"00532M16:38:30.283","00532 16:51:38",229.56,839.79,,,,"     ",3.60,698.78,1.62
532,444736015,"00532M16:38:31.257","00532 16:51:39",229.58,839.80,,,,"     ",3.60,701.61,1.63
532,444736016,"00532M16:38:32.230","00532 16:51:40",229.59,839.82,,,,"     ",3.60,706.11,1.64
532,444736017,"00532M16:38:33.203","00532 16:51:41",229.61,839.83,,,,"     ",3.60,702.84,1.63
532,444736018,"00532M16:38:34.176","00532 16:51:42",229.63,839.85,,,,"     ",3.60,696.59,1.62
532,444736019,"00532M16:38:35.150","00532 16:51:43",229.65,839.77,,,,"     ",3.60,696.05,1.62
532,444736020,"00532M16:38:36.123","00532 16:51:44",229.67,839.76,,,,"     ",3.60,699.76,1.63
532,444736021,"00532M16:38:37.096","00532 16:51:45",229.69,839.80,,,,"     ",3.60,698.62,1.63
532,444736022,"00532M16:38:38.069","00532 16:51:46",229.71,839.72,,,,"     ",3.60,700.40,1.63
532,444736023,"00532M16:38:39.043","00532 16:51:47",229.72,839.73,,,,"     ",3.60,690.70,1.61
532,444736024,"00532M16:38:40.016","00532 16:51:47",229.74,839.77,,,,"     ",3.60,697.27,1.62
532,444736025,"00532M16:38:40.989","00532 16:51:48",229.74,839.78,,,,"     ",3.60,699.42,1.63
532,444736026,"00532M16:38:41.962","00532 16:51:49",229.74,839.81,,,,"     ",3.60,700.77,1.63
532,444736027,"00532M16:38:42.936","00532 16:51:50",229.72,839.84,,,,"     ",3.60,701.60,1.63
532,444736028,"00532M16:38:43.909","00532 16:51:51",229.70,839.84,,,,"     ",3.60,693.58,1.62
532,444736029,"00532M16:38:44.882","00532 16:51:52",229.67,839.80,,,,"     ",3.60,697.09,1.62
532,444736030,"00532M16:38:45.855","00532 16:51:53",229.65,839.79,,,,"     ",3.60,700.06,1.63
532,444736031,"00532M16:38:46.829","00532 16:51:54",229.63,839.87,,,,"     ",3.60,701.41,1.64
532,444736032,"00532M16:38:47.802","00532 16:51:55",229.61,839.88,,,,"     ",3.60,698.10,1.63
532,444736033,"00532M16:38:48.775","00532 16:51:56",229.58,839.92,,,,"     ",3.60,696.57,1.62
532,444736034,"00532M16:38:49.748","00532 16:51:57",229.56,839.90,,,,"     ",3.60,696.47,1.62
532,444736035,"00532M16:38:50.722","00532 16:51:58",229.54,839.84,,,,"     ",3.60,697.93,1.63
532,444736036,"00532M16:38:51.695","00532 16:51:59",229.51,839.90,,,,"     ",3.60,699.42,1.63
532,444736037,"00532M16:38:52.668","00532 16:52:00",229.49,839.85,,,,"     ",3.60,704.05,1.64
532,444736038,"00532M16:38:53.641","00532 16:52:01",229.46,839.79,,,,"     ",3.60,694.64,1.62
532,444736039,"00532M16:38:54.615","00532 16:52:02",229.44,839.70,,,,"     ",3.60,692.10,1.62
532,444736040,"00532M16:38:55.588","00532 16:52:03",229.43,839.71,,,,"     ",3.60,694.93,1.62
532,444736041,"00532M16:38:56.561","00532 16:52:04",229.43,839.83,,,,"     ",3.60,701.29,1.64
532,444736042,"00532M16:38:57.534","00532 16:52:05",229.42,839.73,,,,"     ",3.60,695.21,1.62
532,444736043,"00532M16:38:58.508","00532 16:52:06",229.43,839.77,,,,"     ",3.60,698.13,1.63
532,444736044,"00532M16:38:59.481","00532 16:52:07",229.43,839.81,,,,"     ",3.60,692.33,1.62
532,444736045,"00532M16:39:00.454","00532 16:52:08",229.44,839.81,,,,"     ",3.60,694.52,1.62
532,444736046,"00532M16:39:01.427","00532 16:52:09",229.44,839.84,,,,"     ",3.60,693.50,1.62
532,444736047,"00532M16:39:02.401","00532 16:52:10",229.44,839.80,,,,"     ",3.60,702.14,1.64
532,444736048,"00532M16:39:03.374","00532 16:52:11",229.43,839.84,,,,"     ",3.60,698.01,1.63
532,444736049,"00532M16:39:04.347","00532 16:52:12",229.43,839.74,,,,"     ",3.60,698.90,1.64
532,444736050,"00532M16:39:05.320","00532 16:52:13",229.41,839.76,,,,"     ",3.60,698.38,1.64
532,444736051,"00532M16:39:06.294","00532 16:52:14",229.40,839.82,,,,"     ",3.60,704.22,1.65
532,444736052,"00532M16:39:07.267","00532 16:52:15",229.38,839.84,,,,"     ",3.60,688.75,1.61
532,444736053,"00532M16:39:08.240","00532 16:52:16",229.37,839.88,,,,"     ",3.60,700.38,1.64
532,444736054,"00532M16:39:09.213","00532 16:52:17",229.36,839.86,,,,"     ",3.60,692.75,1.62
532,444736055,"00532M16:39:10.187","00532 16:52:18",229.36,839.85,,,,"     ",3.60,698.40,1.64
532,444736056,"00532M16:39:11.160","00532 16:52:19",229.37,839.87,,,,"     ",3.60,692.79,1.62
532,444736057,"00532M16:39:12.133","00532 16:52:20",229.38,839.87,,,,"     ",3.60,694.54,1.63
532,444736058,"00532M16:39:13.106","00532 16:52:21",229.39,839.88,,,,"     ",3.60,692.02,1.62
532,444736059,"00532M16:39:14.080","00532 16:52:22",229.41,839.88,,,,"     ",3.60,689.13,1.62
532,444736060,"00532M16:39:15.053","00532 16:52:23",229.43,839.86,,,,"     ",3.60,692.05,1.62
532,444736061,"00532M16:39:16.026","00532 16:52:24",229.45,839.81,,,,"     ",3.60,691.63,1.62
532,444736062,"00532M16:39:16.999","00532 16:52:24",229.46,839.77,,,,"     ",3.60,696.94,1.64
532,444736063,"00532M16:39:17.973","00532 16:52:25",229.48,839.84,,,,"     ",3.60,695.40,1.63
532,444736064,"00532M16:39:18.946","00532 16:52:26",229.50,839.88,,,,"     ",3.60,693.53,1.63
532,444736065,"00532M16:39:19.919","00532 16:52:27",229.51,839.91,,,,"     ",3.60,691.73,1.63
532,444736066,"00532M16:39:20.892","00532 16:52:28",229.53,839.93,,,,"     ",3.60,690.59,1.62
532,444736067,"00532M16:39:21.866","00532 16:52:29",229.54,839.84,,,,"     ",3.60,692.86,1.63
532,444736068,"00532M16:39:22.839","00532 16:52:30",229.55,839.88,,,,"     ",3.60,692.22,1.63
532,444736069,"00532M16:39:23.812","00532 16:52:31",229.56,839.90,,,,"     ",3.60,691.27,1.63
532,444736070,"00532M16:39:24.785","00532 16:52:32",229.58,839.87,,,,"     ",3.60,693.64,1.63
532,444736071,"00532M16:39:25.759","00532 16:52:33",229.59,839.82,,,,"     ",3.60,688.62,1.62
532,444736072,"00532M16:39:26.732","00532 16:52:34",229.59,839.89,,,,"     ",3.60,684.36,1.61
532,444736073,"00532M16:39:27.705","00532 16:52:35",229.60,839.86,,,,"     ",3.60,684.98,1.61
532,444736074,"00532M16:39:28.678","00532 16:52:36",229.60,839.78,,,,"     ",3.60,688.41,1.62
532,444736075,"00532M16:39:29.652","00532 16:52:37",229.60,839.80,,,,"     ",3.60,683.03,1.61
532,444736076,"00532M16:39:30.625","00532 16:52:38",229.60,839.84,,,,"     ",3.60,677.81,1.60
532,444736077,"00532M16:39:31.598","00532 16:52:39",229.60,839.79,,,,"     ",3.60,688.24,1.62
532,444736078,"00532M16:39:32.572","00532 16:52:40",229.60,839.85,,,,"     ",3.60,686.10,1.62
532,444736079,"00532M16:39:33.545","00532 16:52:41",229.59,839.87,,,,"     ",3.60,688.51,1.62
532,444736080,"00532M16:39:34.518","00532 16:52:42",229.60,839.86,,,,"     ",3.60,688.91,1.62
532,444736081,"00532M16:39:35.491","00532 16:52:43",229.60,839.75,,,,"     ",3.60,689.73,1.63
532,444736082,"00532M16:39:36.465","00532 16:52:44",229.62,839.77,,,,"     ",3.60,689.20,1.63
532,444736083,"00532M16:39:37.438","00532 16:52:45",229.63,839.82,,,,"     ",3.60,685.08,1.61
532,444736084,"00532M16:39:38.411","00532 16:52:46",229.65,839.89,,,,"     ",3.60,687.83,1.62
532,444736085,"00532M16:39:39.384","00532 16:52:47",229.68,839.86,,,,"     ",3.60,689.86,1.63
532,444736086,"00532M16:39:40.358","00532 16:52:48",229.72,839.90,,,,"     ",3.60,696.96,1.65
532,444736087,"00532M16:39:41.331","00532 16:52:49",229.75,839.89,,,,"     ",3.60,697.10,1.65
532,444736088,"00532M16:39:42.304","00532 16:52:50",229.78,839.84,,,,"     ",3.60,684.19,1.61
532,444736089,"00532M16:39:43.277","00532 16:52:51",229.81,839.94,,,,"     ",3.60,691.50,1.63
532,444736090,"00532M16:39:44.251","00532 16:52:52",229.85,839.90,,,,"     ",3.60,699.42,1.65
532,444736091,"00532M16:39:45.224","00532 16:52:53",229.87,839.86,,,,"     ",3.60,687.54,1.62
532,444736092,"00532M16:39:46.197","00532 16:52:54",229.91,839.83,,,,"     ",3.60,684.63,1.62
532,444736093,"00532M16:39:47.170","00532 16:52:55",229.93,839.80,,,,"     ",3.60,689.24,1.63
532,444736094,"00532M16:39:48.144","00532 16:52:56",229.94,839.96,,,,"     ",3.60,687.54,1.62
532,444736095,"00532M16:39:49.117","00532 16:52:57",229.96,839.87,,,,"     ",3.60,693.43,1.64
532,444736096,"00532M16:39:50.090","00532 16:52:58",229.98,839.90,,,,"     ",3.60,687.22,1.62
532,444736097,"00532M16:39:51.063","00532 16:52:59",229.98,839.81,,,,"     ",3.60,691.70,1.64
532,444736098,"00532M16:39:52.037","00532 16:53:00",229.98,839.88,,,,"     ",3.60,680.25,1.61
532,444736099,"00532M16:39:53.010","00532 16:53:00",229.98,839.89,,,,"     ",3.60,687.31,1.62
532,444736100,"00532M16:39:53.983","00532 16:53:01",229.98,839.93,,,,"     ",3.60,683.01,1.61
532,444736101,"00532M16:39:54.956","00532 16:53:02",229.97,839.83,,,,"     ",3.60,686.01,1.62
532,444736102,"00532M16:39:55.930","00532 16:53:03",229.97,839.93,,,,"     ",3.60,683.94,1.62
532,444736103,"00532M16:39:56.903","00532 16:53:04",229.98,839.94,,,,"     ",3.60,682.79,1.61
532,444736104,"00532M16:39:57.876","00532 16:53:05",229.99,840.01,,,,"     ",3.60,696.42,1.65
532,444736105,"00532M16:39:58.849","00532 16:53:06",230.00,839.87,,,,"     ",3.60,696.36,1.65
532,444736106,"00532M16:39:59.823","00532 16:53:07",230.02,839.89,,,,"     ",3.60,693.42,1.64
532,444736107,"00532M16:40:00.796","00532 16:53:08",230.04,839.84,,,,"     ",3.60,684.37,1.62
532,444736108,"00532M16:40:01.769","00532 16:53:09",230.06,839.79,,,,"     ",3.60,686.86,1.63
532,444736109,"00532M16:40:02.742","00532 16:53:10",230.08,839.73,,,,"     ",3.60,687.49,1.63
532,444736110,"00532M16:40:03.716","00532 16:53:11",230.09,839.88,,,,"     ",3.60,688.52,1.63
532,444736111,"00532M16:40:04.689","00532 16:53:12",230.11,839.92,,,,"     ",3.60,682.10,1.61
532,444736112,"00532M16:40:05.662","00532 16:53:13",230.11,839.93,,,,"     ",3.60,689.16,1.63
532,444736113,"00532M16:40:06.635","00532 16:53:14",230.11,839.90,,,,"     ",3.60,684.54,1.62
532,444736114,"00532M16:40:07.609","00532 16:53:15",230.10,839.88,,,,"     ",3.60,686.15,1.62
532,444736115,"00532M16:40:08.582","00532 16:53:16",230.09,839.85,,,,"     ",3.60,692.28,1.64
532,444736116,"00532M16:40:09.555","00532 16:53:17",230.07,839.76,,,,"     ",3.60,691.38,1.64
532,444736117,"00532M16:40:10.528","00532 16:53:18",230.05,839.70,,,,"     ",3.60,685.72,1.62
532,444736118,"00532M16:40:11.502","00532 16:53:19",230.03,839.77,,,,"     ",3.60,691.13,1.64
532,444736119,"00532M16:40:12.475","00532 16:53:20",230.02,839.92,,,,"     ",3.60,682.16,1.62
532,444736120,"00532M16:40:13.448","00532 16:53:21",230.01,839.88,,,,"     ",3.60,688.84,1.63
532,444736121,"00532M16:40:14.421","00532 16:53:22",230.01,839.91,,,,"     ",3.60,681.96,1.62
532,444736122,"00532M16:40:15.395","00532 16:53:23",230.03,839.95,,,,"     ",3.60,686.20,1.63
532,444736123,"00532M16:40:16.368","00532 16:53:24",230.04,839.89,,,,"     ",3.60,688.23,1.63
532,444736124,"00532M16:40:17.341","00532 16:53:25",230.07,839.91,,,,"     ",3.60,691.27,1.64
532,444736125,"00532M16:40:18.314","00532 16:53:26",230.10,839.78,,,,"     ",3.60,686.18,1.63
532,444736126,"00532M16:40:19.288","00532 16:53:27",230.14,839.78,,,,"     ",3.60,687.95,1.63
532,444736127,"00532M16:40:20.261","00532 16:53:28",230.19,839.77,,,,"     ",3.60,690.50,1.64
532,444736128,"00532M16:40:21.234","00532 16:53:29",230.23,839.81,,,,"     ",3.60,680.66,1.61
532,444736129,"00532M16:40:22.207","00532 16:53:30",230.27,839.85,,,,"     ",3.60,687.15,1.63
532,444736130,"00532M16:40:23.181","00532 16:53:31",230.30,839.88,,,,"     ",3.60,692.78,1.64
532,444736131,"00532M16:40:24.154","00532 16:53:32",230.33,839.89,,,,"     ",3.60,688.35,1.63
532,444736132,"00532M16:40:25.127","00532 16:53:33",230.35,839.89,,,,"     ",3.60,689.86,1.64
532,444736133,"00532M16:40:26.100","00532 16:53:34",230.37,839.92,,,,"     ",3.60,688.03,1.63
532,444736134,"00532M16:40:27.074","00532 16:53:35",230.39,839.93,,,,"     ",3.60,686.20,1.63
532,444736135,"00532M16:40:28.047","00532 16:53:36",230.41,839.92,,,,"     ",3.60,684.11,1.63
532,444736136,"00532M16:40:29.020","00532 16:53:37",230.42,839.85,,,,"     ",3.60,680.02,1.61
532,444736137,"00532M16:40:29.993","00532 16:53:37",230.43,839.81,,,,"     ",3.60,686.43,1.63
532,444736138,"00532M16:40:30.967","00532 16:53:38",230.43,839.92,,,,"     ",3.60,688.92,1.64
532,444736139,"00532M16:40:31.940","00532 16:53:39",230.43,839.89,,,,"     ",3.60,679.15,1.61
532,444736140,"00532M16:40:32.913","00532 16:53:40",230.44,839.85,,,,"     ",3.60,685.23,1.63
532,444736141,"00532M16:40:33.886","00532 16:53:41",230.43,839.86,,,,"     ",3.60,686.27,1.63
532,444737174,"00532M16:57:19.257","00532 17:10:27",225.85,840.57,5.55,,235.39,"  101110",3.60,,
532,444737175,"00532M16:57:20.231","00532 17:10:28",225.88,840.49,,,,"     ",3.60,464.83,1.91
532,444737176,"00532M16:57:21.204","00532 17:10:29",225.89,840.51,,,,"     ",3.60,468.22,1.92
532,444737177,"00532M16:57:22.177","00532 17:10:30",225.91,840.52,,,,"     ",3.60,462.44,1.89
532,444737178,"00532M16:57:23.150","00532 17:10:31",225.93,840.51,,,,"     ",3.60,467.65,1.91
532,444737179,"00532M16:57:24.124","00532 17:10:32",225.95,840.51,,,,"     ",3.60,472.02,1.92
532,444737180,"00532M16:57:25.097","00532 17:10:33",225.97,840.50,,,,"     ",3.60,467.40,1.90
532,444737181,"00532M16:57:26.070","00532 17:10:34",225.98,840.58,,,,"     ",3.60,466.49,1.89
532,444737182,"00532M16:57:27.043","00532 17:10:35",225.99,840.54,,,,"     ",3.60,469.41,1.90
532,444737183,"00532M16:57:28.017","00532 17:10:36",226.01,840.46,,,,"     ",3.60,468.13,1.89
532,444737184,"00532M16:57:28.990","00532 17:10:37",226.02,840.51,,,,"     ",3.60,469.36,1.90
532,444737185,"00532M16:57:29.963","00532 17:10:38",226.04,840.56,,,,"     ",3.60,471.95,1.91
532,444737186,"00532M16:57:30.936","00532 17:10:39",226.05,840.52,,,,"     ",3.60,467.72,1.88
532,444737187,"00532M16:57:31.910","00532 17:10:40",226.07,840.52,,,,"     ",3.60,472.41,1.90
532,444737188,"00532M16:57:32.883","00532 17:10:40",226.07,840.47,,,,"     ",3.60,470.00,1.89
532,444737189,"00532M16:57:33.856","00532 17:10:41",226.07,840.54,,,,"     ",3.60,474.48,1.90
532,444737190,"00532M16:57:34.829","00532 17:10:42",226.07,840.53,,,,"     ",3.60,468.79,1.88
532,444737191,"00532M16:57:35.803","00532 17:10:43",226.05,840.52,,,,"     ",3.60,472.26,1.89
532,444737192,"00532M16:57:36.776","00532 17:10:44",226.03,840.56,,,,"     ",3.60,471.90,1.89
532,444737193,"00532M16:57:37.749","00532 17:10:45",226.01,840.58,,,,"     ",3.60,470.47,1.88
532,444737194,"00532M16:57:38.722","00532 17:10:46",225.99,840.59,,,,"     ",3.60,473.15,1.89
532,444737195,"00532M16:57:39.696","00532 17:10:47",225.97,840.57,,,,"     ",3.60,474.76,1.89
532,444737196,"00532M16:57:40.669","00532 17:10:48",225.96,840.62,,,,"     ",3.60,471.68,1.88
532,444737197,"00532M16:57:41.642","00532 17:10:49",225.96,840.53,,,,"     ",3.60,477.79,1.90
532,444737198,"00532M16:57:42.615","00532 17:10:50",225.95,840.47,,,,"     ",3.60,474.70,1.89
532,444737199,"00532M16:57:43.589","00532 17:10:51",225.94,840.48,,,,"     ",3.60,475.31,1.89
532,444737200,"00532M16:57:44.562","00532 17:10:52",225.94,840.56,,,,"     ",3.60,478.94,1.90
532,444737201,"00532M16:57:45.535","00532 17:10:53",225.93,840.61,,,,"     ",3.60,475.34,1.88
532,444737202,"00532M16:57:46.508","00532 17:10:54",225.93,840.59,,,,"     ",3.60,476.33,1.89
532,444737203,"00532M16:57:47.482","00532 17:10:55",225.93,840.53,,,,"     ",3.60,475.40,1.88
532,444737204,"00532M16:57:48.455","00532 17:10:56",225.91,840.52,,,,"     ",3.60,475.84,1.88
532,444737205,"00532M16:57:49.428","00532 17:10:57",225.90,840.59,,,,"     ",3.60,477.86,1.89
532,444737206,"00532M16:57:50.401","00532 17:10:58",225.88,840.50,,,,"     ",3.60,475.68,1.88
532,444737207,"00532M16:57:51.375","00532 17:10:59",225.85,840.53,,,,"     ",3.60,477.78,1.88
532,444737208,"00532M16:57:52.348","00532 17:11:00",225.82,840.55,,,,"     ",3.60,477.98,1.88
532,444737209,"00532M16:57:53.321","00532 17:11:01",225.79,840.51,,,,"     ",3.60,480.40,1.89
532,444737210,"00532M16:57:54.294","00532 17:11:02",225.77,840.57,,,,"     ",3.60,475.70,1.87
532,444737211,"00532M16:57:55.268","00532 17:11:03",225.76,840.53,,,,"     ",3.60,484.13,1.90
532,444737212,"00532M16:57:56.241","00532 17:11:04",225.76,840.49,,,,"     ",3.60,475.18,1.87
532,444737213,"00532M16:57:57.214","00532 17:11:05",225.77,840.43,,,,"     ",3.60,475.74,1.87
532,444737214,"00532M16:57:58.187","00532 17:11:06",225.79,840.40,,,,"     ",3.60,483.51,1.90
532,444737215,"00532M16:57:59.161","00532 17:11:07",225.82,840.50,,,,"     ",3.60,477.99,1.87
532,444737216,"00532M16:58:00.134","00532 17:11:08",225.85,840.51,,,,"     ",3.60,482.56,1.89
532,444737217,"00532M16:58:01.107","00532 17:11:09",225.88,840.57,,,,"     ",3.60,484.33,1.90
532,444737218,"00532M16:58:02.080","00532 17:11:10",225.91,840.46,,,,"     ",3.60,479.71,1.88
532,444737219,"00532M16:58:03.054","00532 17:11:11",225.93,840.53,,,,"     ",3.60,478.03,1.87
532,444737220,"00532M16:58:04.027","00532 17:11:12",225.94,840.48,,,,"     ",3.60,481.91,1.88
532,444737221,"00532M16:58:05.000","00532 17:11:13",225.94,840.49,,,,"     ",3.60,480.05,1.88
532,444737222,"00532M16:58:05.973","00532 17:11:14",225.94,840.51,,,,"     ",3.60,480.92,1.88
532,444737223,"00532M16:58:06.947","00532 17:11:15",225.95,840.52,,,,"     ",3.60,479.46,1.87
532,444737224,"00532M16:58:07.920","00532 17:11:16",225.94,840.50,,,,"     ",3.60,477.70,1.86
532,444737225,"00532M16:58:08.893","00532 17:11:17",225.93,840.49,,,,"     ",3.60,485.39,1.89
532,444737226,"00532M16:58:09.867","00532 17:11:17",225.92,840.52,,,,"     ",3.60,482.99,1.88
532,444737227,"00532M16:58:10.840","00532 17:11:18",225.91,840.60,,,,"     ",3.60,478.37,1.86
532,444737228,"00532M16:58:11.813","00532 17:11:19",225.89,840.52,,,,"     ",3.60,485.06,1.89
532,444737229,"00532M16:58:12.786","00532 17:11:20",225.87,840.56,,,,"     ",3.60,484.51,1.89
532,444737230,"00532M16:58:13.760","00532 17:11:21",225.85,840.59,,,,"     ",3.60,480.01,1.87
532,444737231,"00532M16:58:14.733","00532 17:11:22",225.83,840.54,,,,"     ",3.60,482.80,1.88
532,444737232,"00532M16:58:15.706","00532 17:11:23",225.81,840.56,,,,"     ",3.60,480.02,1.87
532,444737233,"00532M16:58:16.679","00532 17:11:24",225.79,840.54,,,,"     ",3.60,486.96,1.89
532,444737234,"00532M16:58:17.653","00532 17:11:25",225.76,840.49,,,,"     ",3.60,483.26,1.88
532,444737235,"00532M16:58:18.626","00532 17:11:26",225.74,840.39,,,,"     ",3.60,484.60,1.88
532,444737236,"00532M16:58:19.599","00532 17:11:27",225.72,840.48,,,,"     ",3.60,488.62,1.90
532,444737237,"00532M16:58:20.572","00532 17:11:28",225.71,840.49,,,,"     ",3.60,483.70,1.88
532,444737238,"00532M16:58:21.546","00532 17:11:29",225.69,840.50,,,,"     ",3.60,487.71,1.89
532,444737239,"00532M16:58:22.519","00532 17:11:30",225.69,840.54,,,,"     ",3.60,486.08,1.89
532,444737240,"00532M16:58:23.492","00532 17:11:31",225.69,840.58,,,,"     ",3.60,483.90,1.88
532,444737241,"00532M16:58:24.465","00532 17:11:32",225.69,840.68,,,,"     ",3.60,483.03,1.87
532,444737242,"00532M16:58:25.439","00532 17:11:33",225.70,840.63,,,,"     ",3.60,485.26,1.88
532,444737243,"00532M16:58:26.412","00532 17:11:34",225.69,840.62,,,,"     ",3.60,485.24,1.88
532,444737244,"00532M16:58:27.385","00532 17:11:35",225.70,840.58,,,,"     ",3.60,488.47,1.89
532,444737245,"00532M16:58:28.358","00532 17:11:36",225.69,840.61,,,,"     ",3.60,480.56,1.86
532,444737246,"00532M16:58:29.332","00532 17:11:37",225.69,840.55,,,,"     ",3.60,487.15,1.89
532,444737247,"00532M16:58:30.305","00532 17:11:38",225.68,840.54,,,,"     ",3.60,487.07,1.89
532,444737248,"00532M16:58:31.278","00532 17:11:39",225.66,840.61,,,,"     ",3.60,492.03,1.91
532,444737249,"00532M16:58:32.251","00532 17:11:40",225.65,840.54,,,,"     ",3.60,484.98,1.88
532,444737250,"00532M16:58:33.225","00532 17:11:41",225.64,840.61,,,,"     ",3.60,484.40,1.88
532,444737251,"00532M16:58:34.198","00532 17:11:42",225.64,840.55,,,,"     ",3.60,486.87,1.89
532,444737252,"00532M16:58:35.171","00532 17:11:43",225.64,840.59,,,,"     ",3.60,486.82,1.89
532,444737253,"00532M16:58:36.144","00532 17:11:44",225.64,840.66,,,,"     ",3.60,486.16,1.88
532,444737254,"00532M16:58:37.118","00532 17:11:45",225.65,840.62,,,,"     ",3.60,486.41,1.88
532,444737255,"00532M16:58:38.091","00532 17:11:46",225.67,840.62,,,,"     ",3.60,485.57,1.88
532,444737256,"00532M16:58:39.064","00532 17:11:47",225.69,840.55,,,,"     ",3.60,488.37,1.89
532,444737257,"00532M16:58:40.037","00532 17:11:48",225.70,840.55,,,,"     ",3.60,486.84,1.88
532,444737258,"00532M16:58:41.011","00532 17:11:49",225.71,840.57,,,,"     ",3.60,487.83,1.89
532,444737259,"00532M16:58:41.984","00532 17:11:50",225.72,840.59,,,,"     ",3.60,487.29,1.89
532,444737260,"00532M16:58:42.957","00532 17:11:51",225.71,840.57,,,,"     ",3.60,488.16,1.89
532,444737261,"00532M16:58:43.930","00532 17:11:52",225.70,840.61,,,,"     ",3.60,486.11,1.88
532,444737262,"00532M16:58:44.904","00532 17:11:53",225.67,840.65,,,,"     ",3.60,487.36,1.88
532,444737263,"00532M16:58:45.877","00532 17:11:53",225.65,840.58,,,,"     ",3.60,488.27,1.89
532,444737264,"00532M16:58:46.850","00532 17:11:54",225.63,840.61,,,,"     ",3.60,488.37,1.89
532,444737265,"00532M16:58:47.823","00532 17:11:55",225.61,840.64,,,,"     ",3.60,491.26,1.90
532,444737266,"00532M16:58:48.797","00532 17:11:56",225.59,840.65,,,,"     ",3.60,492.01,1.90
532,444737267,"00532M16:58:49.770","00532 17:11:57",225.58,840.65,,,,"     ",3.60,486.52,1.88
532,444737268,"00532M16:58:50.743","00532 17:11:58",225.58,840.63,,,,"     ",3.60,489.47,1.89
532,444737269,"00532M16:58:51.716","00532 17:11:59",225.59,840.65,,,,"     ",3.60,489.85,1.89
532,444737270,"00532M16:58:52.690","00532 17:12:00",225.59,840.60,,,,"     ",3.60,490.98,1.90
532,444737271,"00532M16:58:53.663","00532 17:12:01",225.62,840.53,,,,"     ",3.60,486.67,1.88
532,444737272,"00532M16:58:54.636","00532 17:12:02",225.65,840.49,,,,"     ",3.60,490.14,1.89
532,444737273,"00532M16:58:55.609","00532 17:12:03",225.69,840.57,,,,"     ",3.60,488.97,1.89
532,444737274,"00532M16:58:56.583","00532 17:12:04",225.73,840.57,,,,"     ",3.60,489.54,1.89
532,444737275,"00532M16:58:57.556","00532 17:12:05",225.76,840.59,,,,"     ",3.60,486.39,1.88
532,444737276,"00532M16:58:58.529","00532 17:12:06",225.78,840.54,,,,"     ",3.60,488.60,1.89
532,444737277,"00532M16:58:59.502","00532 17:12:07",225.79,840.51,,,,"     ",3.60,493.32,1.91
532,444737278,"00532M16:59:00.476","00532 17:12:08",225.78,840.56,,,,"     ",3.60,491.69,1.90
532,444737279,"00532M16:59:01.449","00532 17:12:09",225.76,840.60,,,,"     ",3.60,492.99,1.91
532,444737280,"00532M16:59:02.422","00532 17:12:10",225.74,840.61,,,,"     ",3.60,490.47,1.90
532,444737281,"00532M16:59:03.395","00532 17:12:11",225.72,840.62,,,,"     ",3.60,490.65,1.90
532,444737282,"00532M16:59:04.369","00532 17:12:12",225.69,840.61,,,,"     ",3.60,489.76,1.89
532,444737283,"00532M16:59:05.342","00532 17:12:13",225.68,840.53,,,,"     ",3.60,493.50,1.91
532,444737284,"00532M16:59:06.315","00532 17:12:14",225.67,840.54,,,,"     ",3.60,491.32,1.90
532,444737285,"00532M16:59:07.288","00532 17:12:15",225.66,840.46,,,,"     ",3.60,487.24,1.88
532,444737286,"00532M16:59:08.262","00532 17:12:16",225.66,840.56,,,,"     ",3.60,493.71,1.91
532,444737287,"00532M16:59:09.235","00532 17:12:17",225.65,840.52,,,,"     ",3.60,492.22,1.90
532,444737288,"00532M16:59:10.208","00532 17:12:18",225.65,840.55,,,,"     ",3.60,488.84,1.89
532,444737289,"00532M16:59:11.181","00532 17:12:19",225.64,840.63,,,,"     ",3.60,487.07,1.88
532,444737290,"00532M16:59:12.155","00532 17:12:20",225.65,840.62,,,,"     ",3.60,492.72,1.91
532,444737291,"00532M16:59:13.128","00532 17:12:21",225.64,840.64,,,,"     ",3.60,488.57,1.89
532,444737292,"00532M16:59:14.101","00532 17:12:22",225.64,840.61,,,,"     ",3.60,490.04,1.90
532,444737293,"00532M16:59:15.074","00532 17:12:23",225.62,840.64,,,,"     ",3.60,493.44,1.91
532,444737294,"00532M16:59:16.048","00532 17:12:24",225.62,840.55,,,,"     ",3.60,484.85,1.88
532,444737295,"00532M16:59:17.021","00532 17:12:25",225.61,840.53,,,,"     ",3.60,490.96,1.90
532,444737296,"00532M16:59:17.994","00532 17:12:26",225.59,840.50,,,,"     ",3.60,489.21,1.89
532,444737297,"00532M16:59:18.967","00532 17:12:27",225.58,840.57,,,,"     ",3.60,493.42,1.91
532,444737298,"00532M16:59:19.941","00532 17:12:28",225.59,840.54,,,,"     ",3.60,491.43,1.90
532,444737299,"00532M16:59:20.914","00532 17:12:29",225.59,840.61,,,,"     ",3.60,492.65,1.91
532,444737300,"00532M16:59:21.887","00532 17:12:30",225.61,840.55,,,,"     ",3.60,492.57,1.91
532,444737301,"00532M16:59:22.861","00532 17:12:30",225.63,840.60,,,,"     ",3.60,488.46,1.89
532,444737302,"00532M16:59:23.834","00532 17:12:31",225.65,840.64,,,,"     ",3.60,489.89,1.90
532,444737303,"00532M16:59:24.807","00532 17:12:32",225.67,840.70,,,,"     ",3.60,492.31,1.91
532,444737304,"00532M16:59:25.780","00532 17:12:33",225.68,840.59,,,,"     ",3.60,489.47,1.90
532,444737305,"00532M16:59:26.754","00532 17:12:34",225.69,840.64,,,,"     ",3.60,489.75,1.90
532,444737306,"00532M16:59:27.727","00532 17:12:35",225.70,840.59,,,,"     ",3.60,493.60,1.91
532,444737307,"00532M16:59:28.700","00532 17:12:36",225.70,840.58,,,,"     ",3.60,495.48,1.92
532,444737308,"00532M16:59:29.673","00532 17:12:37",225.69,840.61,,,,"     ",3.60,488.48,1.89
532,444737309,"00532M16:59:30.647","00532 17:12:38",225.67,840.58,,,,"     ",3.60,485.57,1.88
532,444737310,"00532M16:59:31.620","00532 17:12:39",225.65,840.59,,,,"     ",3.60,493.41,1.91
532,444737311,"00532M16:59:32.593","00532 17:12:40",225.63,840.53,,,,"     ",3.60,492.27,1.91
532,444737312,"00532M16:59:33.566","00532 17:12:41",225.62,840.59,,,,"     ",3.60,491.54,1.91
532,444737313,"00532M16:59:34.540","00532 17:12:42",225.61,840.53,,,,"     ",3.60,491.21,1.91
532,444737314,"00532M16:59:35.513","00532 17:12:43",225.60,840.61,,,,"     ",3.60,488.71,1.90
532,444737315,"00532M16:59:36.486","00532 17:12:44",225.60,840.60,,,,"     ",3.60,497.19,1.93
532,444737316,"00532M16:59:37.459","00532 17:12:45",225.60,840.60,,,,"     ",3.60,494.37,1.92
532,444737317,"00532M16:59:38.433","00532 17:12:46",225.60,840.57,,,,"     ",3.60,492.02,1.91
532,444737318,"00532M16:59:39.406","00532 17:12:47",225.60,840.57,,,,"     ",3.60,487.76,1.89
532,444737319,"00532M16:59:40.379","00532 17:12:48",225.61,840.56,,,,"     ",3.60,492.11,1.91
532,444737320,"00532M16:59:41.352","00532 17:12:49",225.62,840.64,,,,"     ",3.60,489.24,1.90
532,444737321,"00532M16:59:42.326","00532 17:12:50",225.62,840.66,,,,"     ",3.60,495.76,1.93
532,444737322,"00532M16:59:43.299","00532 17:12:51",225.62,840.67,,,,"     ",3.60,491.71,1.91
532,444737323,"00532M16:59:44.272","00532 17:12:52",225.63,840.66,,,,"     ",3.60,489.46,1.90
532,444737324,"00532M16:59:45.245","00532 17:12:53",225.63,840.60,,,,"     ",3.60,489.58,1.90
532,444737325,"00532M16:59:46.219","00532 17:12:54",225.63,840.67,,,,"     ",3.60,493.08,1.92
532,444737326,"00532M16:59:47.192","00532 17:12:55",225.63,840.66,,,,"     ",3.60,492.49,1.92
532,444737327,"00532M16:59:48.165","00532 17:12:56",225.62,840.58,,,,"     ",3.60,488.19,1.90
532,444737328,"00532M16:59:49.138","00532 17:12:57",225.61,840.56,,,,"     ",3.60,496.28,1.93
532,444737329,"00532M16:59:50.112","00532 17:12:58",225.59,840.47,,,,"     ",3.60,488.34,1.90
532,444737330,"00532M16:59:51.085","00532 17:12:59",225.56,840.53,,,,"     ",3.60,488.39,1.90
532,444737331,"00532M16:59:52.058","00532 17:13:00",225.55,840.58,,,,"     ",3.60,494.23,1.92
532,444737332,"00532M16:59:53.031","00532 17:13:01",225.53,840.57,,,,"     ",3.60,491.21,1.91
532,444737333,"00532M16:59:54.005","00532 17:13:02",225.51,840.62,,,,"     ",3.60,492.99,1.92
532,444737334,"00532M16:59:54.978","00532 17:13:03",225.49,840.72,,,,"     ",3.60,490.14,1.91
532,444737335,"00532M16:59:55.951","00532 17:13:04",225.47,840.67,,,,"     ",3.60,489.03,1.91
532,444737336,"00532M16:59:56.924","00532 17:13:05",225.45,840.62,,,,"     ",3.60,488.70,1.90
532,444737337,"00532M16:59:57.898","00532 17:13:06",225.42,840.65,,,,"     ",3.60,489.99,1.91
532,444737338,"00532M16:59:58.871","00532 17:13:06",225.40,840.71,,,,"     ",3.60,489.76,1.91
532,444737339,"00532M16:59:59.844","00532 17:13:07",225.38,840.63,,,,"     ",3.60,490.67,1.91
532,444737340,"00532M17:00:00.817","00532 17:13:08",225.37,840.66,,,,"     ",3.60,490.63,1.91
532,444737341,"00532M17:00:01.791","00532 17:13:09",225.36,840.66,,,,"     ",3.60,491.85,1.92
532,444737342,"00532M17:00:02.764","00532 17:13:10",225.36,840.56,,,,"     ",3.60,489.10,1.91
532,444737343,"00532M17:00:03.737","00532 17:13:11",225.36,840.59,,,,"     ",3.60,487.72,1.90
532,444737344,"00532M17:00:04.710","00532 17:13:12",225.36,840.64,,,,"     ",3.60,489.74,1.91
532,444737345,"00532M17:00:05.684","00532 17:13:13",225.37,840.54,,,,"     ",3.60,490.30,1.91
532,444737346,"00532M17:00:06.657","00532 17:13:14",225.37,840.65,,,,"     ",3.60,484.23,1.89
532,444737347,"00532M17:00:07.630","00532 17:13:15",225.38,840.61,,,,"     ",3.60,486.01,1.90
532,444737348,"00532M17:00:08.603","00532 17:13:16",225.39,840.64,,,,"     ",3.60,489.44,1.91
532,444737349,"00532M17:00:09.577","00532 17:13:17",225.40,840.65,,,,"     ",3.60,490.68,1.92
532,444737350,"00532M17:00:10.550","00532 17:13:18",225.42,840.69,,,,"     ",3.60,494.65,1.93
532,444737351,"00532M17:00:11.523","00532 17:13:19",225.43,840.62,,,,"     ",3.60,489.33,1.91
532,444737352,"00532M17:00:12.496","00532 17:13:20",225.45,840.67,,,,"     ",3.60,486.26,1.90
532,444737353,"00532M17:00:13.470","00532 17:13:21",225.48,840.74,,,,"     ",3.60,489.43,1.91
532,444737354,"00532M17:00:14.443","00532 17:13:22",225.50,840.59,,,,"     ",3.60,492.04,1.92
532,444737355,"00532M17:00:15.416","00532 17:13:23",225.52,840.62,,,,"     ",3.60,490.11,1.92
532,444737356,"00532M17:00:16.389","00532 17:13:24",225.53,840.66,,,,"     ",3.60,491.47,1.92
532,444737357,"00532M17:00:17.363","00532 17:13:25",225.55,840.67,,,,"     ",3.60,485.31,1.90
532,444737358,"00532M17:00:18.336","00532 17:13:26",225.57,840.67,,,,"     ",3.60,488.31,1.91
532,444737359,"00532M17:00:19.309","00532 17:13:27",225.58,840.68,,,,"     ",3.60,488.74,1.91
532,444737360,"00532M17:00:20.282","00532 17:13:28",225.60,840.68,,,,"     ",3.60,489.07,1.91
532,444737361,"00532M17:00:21.256","00532 17:13:29",225.61,840.71,,,,"     ",3.60,487.78,1.91
532,444737362,"00532M17:00:22.229","00532 17:13:30",225.61,840.72,,,,"     ",3.60,489.72,1.92
532,444737363,"00532M17:00:23.202","00532 17:13:31",225.61,840.61,,,,"     ",3.60,489.44,1.92
532,444737364,"00532M17:00:24.175","00532 17:13:32",225.61,840.62,,,,"     ",3.60,490.49,1.92
532,444737365,"00532M17:00:25.149","00532 17:13:33",225.61,840.68,,,,"     ",3.60,482.16,1.89
532,444737366,"00532M17:00:26.122","00532 17:13:34",225.61,840.64,,,,"     ",3.60,489.82,1.92
532,444737367,"00532M17:00:27.095","00532 17:13:35",225.60,840.65,,,,"     ",3.60,492.69,1.93
532,444737368,"00532M17:00:28.068","00532 17:13:36",225.58,840.70,,,,"     ",3.60,491.55,1.93
532,444737369,"00532M17:00:29.042","00532 17:13:37",225.57,840.69,,,,"     ",3.60,491.44,1.93
532,444737370,"00532M17:00:30.015","00532 17:13:38",225.55,840.67,,,,"     ",3.60,490.57,1.93
532,444737371,"00532M17:00:30.988","00532 17:13:39",225.55,840.67,,,,"     ",3.60,489.10,1.92
532,444737372,"00532M17:00:31.962","00532 17:13:40",225.56,840.56,,,,"     ",3.60,487.84,1.91
532,444737373,"00532M17:00:32.935","00532 17:13:41",225.56,840.54,,,,"     ",3.60,487.02,1.91
532,444737389,"00532M17:00:48.507","00532 17:13:56",225.97,840.65,,,,"     ",3.60,,
532,444737390,"00532M17:00:49.480","00532 17:13:57",225.96,840.62,,,,"     ",3.60,487.65,1.92
532,444737391,"00532M17:00:50.453","00532 17:13:58",225.97,840.69,,,,"     ",3.60,488.29,1.93
532,444737392,"00532M17:00:51.427","00532 17:13:59",225.97,840.70,,,,"     ",3.60,490.66,1.94
532,444737393,"00532M17:00:52.400","00532 17:14:00",225.97,840.72,,,,"     ",3.60,486.24,1.92
532,444737394,"00532M17:00:53.373","00532 17:14:01",225.95,840.64,,,,"     ",3.60,489.70,1.94
532,444737395,"00532M17:00:54.346","00532 17:14:02",225.94,840.61,,,,"     ",3.60,490.37,1.94
532,444737396,"00532M17:00:55.320","00532 17:14:03",225.93,840.64,,,,"     ",3.60,490.55,1.94
532,444737397,"00532M17:00:56.293","00532 17:14:04",225.93,840.68,,,,"     ",3.60,487.70,1.93
532,444737398,"00532M17:00:57.266","00532 17:14:05",225.92,840.67,,,,"     ",3.60,487.89,1.93
532,444737399,"00532M17:00:58.239","00532 17:14:06",225.92,840.75,,,,"     ",3.60,488.63,1.93
532,444737400,"00532M17:00:59.213","00532 17:14:07",225.91,840.68,,,,"     ",3.60,487.58,1.93
532,444737401,"00532M17:01:00.186","00532 17:14:08",225.91,840.65,,,,"     ",3.60,486.66,1.93
532,444737402,"00532M17:01:01.159","00532 17:14:09",225.92,840.62,,,,"     ",3.60,489.31,1.94
532,444737403,"00532M17:01:02.132","00532 17:14:10",225.94,840.65,,,,"     ",3.60,488.22,1.93
532,444737404,"00532M17:01:03.106","00532 17:14:11",225.95,840.67,,,,"     ",3.60,491.89,1.95
532,444737405,"00532M17:01:04.079","00532 17:14:12",225.96,840.69,,,,"     ",3.60,486.82,1.93
532,444737406,"00532M17:01:05.052","00532 17:14:13",225.97,840.70,,,,"     ",3.60,489.01,1.94
532,444737407,"00532M17:01:06.025","00532 17:14:14",225.97,840.67,,,,"     ",3.60,487.03,1.93
532,444737408,"00532M17:01:06.999","00532 17:14:15",225.96,840.67,,,,"     ",3.60,489.58,1.94
532,444737409,"00532M17:01:07.972","00532 17:14:16",225.94,840.58,,,,"     ",3.60,486.45,1.93
532,444737410,"00532M17:01:08.945","00532 17:14:17",225.92,840.61,,,,"     ",3.60,492.84,1.96
532,444737411,"00532M17:01:09.918","00532 17:14:18",225.89,840.72,,,,"     ",3.60,486.50,1.93
532,444737412,"00532M17:01:10.892","00532 17:14:19",225.87,840.69,,,,"     ",3.60,484.74,1.92
532,444737413,"00532M17:01:11.865","00532 17:14:19",225.85,840.65,,,,"     ",3.60,491.91,1.96
532,444737414,"00532M17:01:12.838","00532 17:14:20",225.83,840.68,,,,"     ",3.60,485.23,1.93
532,444737415,"00532M17:01:13.811","00532 17:14:21",225.83,840.68,,,,"     ",3.60,489.20,1.95
532,444737416,"00532M17:01:14.785","00532 17:14:22",225.82,840.63,,,,"     ",3.60,492.29,1.96
532,444737417,"00532M17:01:15.758","00532 17:14:23",225.82,840.62,,,,"     ",3.60,488.63,1.94
532,444737418,"00532M17:01:16.731","00532 17:14:24",225.81,840.66,,,,"     ",3.60,485.87,1.93
532,444737419,"00532M17:01:17.704","00532 17:14:25",225.81,840.69,,,,"     ",3.60,489.49,1.95
532,444737420,"00532M17:01:18.678","00532 17:14:26",225.81,840.68,,,,"     ",3.60,487.77,1.94
532,444737421,"00532M17:01:19.651","00532 17:14:27",225.80,840.71,,,,"     ",3.60,488.10,1.94
532,444737422,"00532M17:01:20.624","00532 17:14:28",225.79,840.69,,,,"     ",3.60,484.37,1.93
532,444737423,"00532M17:01:21.597","00532 17:14:29",225.79,840.70,,,,"     ",3.60,488.60,1.95
532,444737424,"00532M17:01:22.571","00532 17:14:30",225.78,840.72,,,,"     ",3.60,485.09,1.93
532,444737425,"00532M17:01:23.544","00532 17:14:31",225.79,840.67,,,,"     ",3.60,489.23,1.95
532,444737426,"00532M17:01:24.517","00532 17:14:32",225.79,840.70,,,,"     ",3.60,484.10,1.93
532,444737427,"00532M17:01:25.490","00532 17:14:33",225.81,840.72,,,,"     ",3.60,487.60,1.95
532,444737428,"00532M17:01:26.464","00532 17:14:34",225.82,840.62,,,,"     ",3.60,485.71,1.94
532,444737429,"00532M17:01:27.437","00532 17:14:35",225.84,840.65,,,,"     ",3.60,489.98,1.96
532,444737430,"00532M17:01:28.410","00532 17:14:36",225.86,840.77,,,,"     ",3.60,483.69,1.93
532,444737431,"00532M17:01:29.383","00532 17:14:37",225.88,840.72,,,,"     ",3.60,483.77,1.93
532,444737432,"00532M17:01:30.357","00532 17:14:38",225.85,840.72,,,,"     ",3.60,487.59,1.95
532,444737433,"00532M17:01:31.330","00532 17:14:39",225.82,840.72,,,,"     ",3.60,485.51,1.94
532,444737434,"00532M17:01:32.303","00532 17:14:40",225.79,840.73,,,,"     ",3.60,483.52,1.93
532,444737435,"00532M17:01:33.276","00532 17:14:41",225.77,840.78,,,,"     ",3.60,484.66,1.94
532,444737436,"00532M17:01:34.250","00532 17:14:42",225.76,840.81,,,,"     ",3.60,485.95,1.94
532,444737437,"00532M17:01:35.223","00532 17:14:43",225.75,840.84,,,,"     ",3.60,488.92,1.96
532,444737438,"00532M17:01:36.196","00532 17:14:44",225.74,840.77,,,,"     ",3.60,483.66,1.94
532,444737439,"00532M17:01:37.169","00532 17:14:45",225.72,840.75,,,,"     ",3.60,490.77,1.97
532,444737440,"00532M17:01:38.143","00532 17:14:46",225.70,840.71,,,,"     ",3.60,485.97,1.95
532,444737441,"00532M17:01:39.116","00532 17:14:47",225.69,840.75,,,,"     ",3.60,486.33,1.95
532,444737442,"00532M17:01:40.089","00532 17:14:48",225.67,840.71,,,,"     ",3.60,487.51,1.95
532,444737443,"00532M17:01:41.063","00532 17:14:49",225.66,840.73,,,,"     ",3.60,487.75,1.96
532,444737444,"00532M17:01:42.036","00532 17:14:50",225.66,840.68,,,,"     ",3.60,486.00,1.95
532,444737445,"00532M17:01:43.009","00532 17:14:51",225.66,840.69,,,,"     ",3.60,486.57,1.95
532,444737446,"00532M17:01:43.982","00532 17:14:52",225.66,840.75,,,,"     ",3.60,482.06,1.93
532,444737447,"00532M17:01:44.956","00532 17:14:53",225.65,840.71,,,,"     ",3.60,488.42,1.96
532,444737448,"00532M17:01:45.929","00532 17:14:54",225.65,840.71,,,,"     ",3.60,487.28,1.96
532,444737449,"00532M17:01:46.902","00532 17:14:55",225.64,840.68,,,,"     ",3.60,481.79,1.93
532,444737450,"00532M17:01:47.875","00532 17:14:56",225.63,840.71,,,,"     ",3.60,490.01,1.97
532,444737451,"00532M17:01:48.849","00532 17:14:56",225.62,840.69,,,,"     ",3.60,482.62,1.94
532,444737452,"00532M17:01:49.822","00532 17:14:57",225.62,840.66,,,,"     ",3.60,483.24,1.94
532,444737453,"00532M17:01:50.795","00532 17:14:58",225.61,840.66,,,,"     ",3.60,480.28,1.93
532,444737454,"00532M17:01:51.768","00532 17:14:59",225.61,840.73,,,,"     ",3.60,485.41,1.95
532,444737455,"00532M17:01:52.742","00532 17:15:00",225.61,840.70,,,,"     ",3.60,489.11,1.97
532,444737456,"00532M17:01:53.715","00532 17:15:01",225.61,840.73,,,,"     ",3.60,483.95,1.95
532,444737457,"00532M17:01:54.688","00532 17:15:02",225.61,840.74,,,,"     ",3.60,482.48,1.94
532,444737458,"00532M17:01:55.661","00532 17:15:03",225.63,840.78,,,,"     ",3.60,478.51,1.93
532,444737459,"00532M17:01:56.635","00532 17:15:04",225.64,840.77,,,,"     ",3.60,485.16,1.96
532,444737460,"00532M17:01:57.608","00532 17:15:05",225.67,840.72,,,,"     ",3.60,482.29,1.94
532,444737461,"00532M17:01:58.581","00532 17:15:06",225.71,840.76,,,,"     ",3.60,480.52,1.94
532,444737462,"00532M17:01:59.554","00532 17:15:07",225.75,840.75,,,,"     ",3.60,484.52,1.96
532,444737463,"00532M17:02:00.528","00532 17:15:08",225.79,840.76,,,,"     ",3.60,483.78,1.95
532,444737464,"00532M17:02:01.501","00532 17:15:09",225.84,840.73,,,,"     ",3.60,480.34,1.94
532,444737465,"00532M17:02:02.474","00532 17:15:10",225.87,840.83,,,,"     ",3.60,481.15,1.94
532,444737466,"00532M17:02:03.447","00532 17:15:11",225.87,840.82,,,,"     ",3.60,488.55,1.97
532,444737467,"00532M17:02:04.421","00532 17:15:12",225.87,840.82,,,,"     ",3.60,479.50,1.94
532,444737468,"00532M17:02:05.394","00532 17:15:13",225.87,840.71,,,,"     ",3.60,486.85,1.97
532,444737469,"00532M17:02:06.367","00532 17:15:14",225.86,840.73,,,,"     ",3.60,482.73,1.95
532,444737470,"00532M17:02:07.340","00532 17:15:15",225.85,840.69,,,,"     ",3.60,480.17,1.94
532,444737471,"00532M17:02:08.314","00532 17:15:16",225.84,840.76,,,,"     ",3.60,485.33,1.96
532,444737472,"00532M17:02:09.287","00532 17:15:17",225.82,840.72,,,,"     ",3.60,478.85,1.94
532,444737473,"00532M17:02:10.260","00532 17:15:18",225.80,840.72,,,,"     ",3.60,479.40,1.94
532,444737474,"00532M17:02:11.233","00532 17:15:19",225.79,840.74,,,,"     ",3.60,484.99,1.96
532,444737475,"00532M17:02:12.207","00532 17:15:20",225.77,840.73,,,,"     ",3.60,481.60,1.95
532,444737476,"00532M17:02:13.180","00532 17:15:21",225.76,840.62,,,,"     ",3.60,480.68,1.95
532,444737477,"00532M17:02:14.153","00532 17:15:22",225.75,840.73,,,,"     ",3.60,484.13,1.96
532,444737478,"00532M17:02:15.126","00532 17:15:23",225.74,840.78,,,,"     ",3.60,482.13,1.95
532,444737479,"00532M17:02:16.100","00532 17:15:24",225.75,840.72,,,,"     ",3.60,481.46,1.95
532,444737480,"00532M17:02:17.073","00532 17:15:25",225.74,840.74,,,,"     ",3.60,475.90,1.93
532,444737481,"00532M17:02:18.046","00532 17:15:26",225.73,840.73,,,,"     ",3.60,482.07,1.95
532,444737482,"00532M17:02:19.019","00532 17:15:27",225.72,840.76,,,,"     ",3.60,480.55,1.95
532,444737483,"00532M17:02:19.993","00532 17:15:28",225.73,840.78,,,,"     ",3.60,478.09,1.94
532,444737484,"00532M17:02:20.966","00532 17:15:29",225.72,840.80,,,,"     ",3.60,476.73,1.93
532,444737485,"00532M17:02:21.939","00532 17:15:30",225.72,840.74,,,,"     ",3.60,482.49,1.96
532,444737486,"00532M17:02:22.912","00532 17:15:31",225.70,840.73,,,,"     ",3.60,478.86,1.94
532,444737487,"00532M17:02:23.886","00532 17:15:32",225.68,840.77,,,,"     ",3.60,484.46,1.97
532,444737488,"00532M17:02:24.859","00532 17:15:33",225.67,840.72,,,,"     ",3.60,480.43,1.95
532,444737489,"00532M17:02:25.832","00532 17:15:33",225.65,840.77,,,,"     ",3.60,478.17,1.94
532,444737490,"00532M17:02:26.805","00532 17:15:34",225.63,840.79,,,,"     ",3.60,481.94,1.96
532,444737491,"00532M17:02:27.779","00532 17:15:35",225.61,840.87,,,,"     ",3.60,480.63,1.95
532,444737492,"00532M17:02:28.752","00532 17:15:36",225.58,840.85,,,,"     ",3.60,479.27,1.95
532,444737493,"00532M17:02:29.725","00532 17:15:37",225.55,840.85,,,,"     ",3.60,478.71,1.95
532,444737494,"00532M17:02:30.698","00532 17:15:38",225.52,840.78,,,,"     ",3.60,480.33,1.95
532,444737495,"00532M17:02:31.672","00532 17:15:39",225.49,840.80,,,,"     ",3.60,476.16,1.94
532,444737496,"00532M17:02:32.645","00532 17:15:40",225.46,840.83,,,,"     ",3.60,476.73,1.94
532,444737497,"00532M17:02:33.618","00532 17:15:41",225.59,840.76,,,,"     ",3.60,480.29,1.95
532,444737498,"00532M17:02:34.591","00532 17:15:42",225.58,840.76,,,,"     ",3.60,475.03,1.93
532,444737499,"00532M17:02:35.565","00532 17:15:43",225.58,840.80,,,,"     ",3.60,480.42,1.96
532,444737500,"00532M17:02:36.538","00532 17:15:44",225.57,840.84,,,,"     ",3.60,482.43,1.97
532,444737501,"00532M17:02:37.511","00532 17:15:45",225.56,840.87,,,,"     ",3.60,477.88,1.95
532,444737502,"00532M17:02:38.484","00532 17:15:46",225.55,840.82,,,,"     ",3.60,474.13,1.93
532,444737503,"00532M17:02:39.458","00532 17:15:47",225.53,840.83,,,,"     ",3.60,478.30,1.95
532,444737504,"00532M17:02:40.431","00532 17:15:48",225.51,840.76,,,,"     ",3.60,475.39,1.94
532,444737505,"00532M17:02:41.404","00532 17:15:49",225.50,840.75,,,,"     ",3.60,477.01,1.94
532,444737506,"00532M17:02:42.377","00532 17:15:50",225.48,840.72,,,,"     ",3.60,479.38,1.96
532,444737507,"00532M17:02:43.351","00532 17:15:51",225.47,840.72,,,,"     ",3.60,479.83,1.96
532,444737508,"00532M17:02:44.324","00532 17:15:52",225.46,840.81,,,,"     ",3.60,477.88,1.95
532,444737509,"00532M17:02:45.297","00532 17:15:53",225.44,840.81,,,,"     ",3.60,477.21,1.95
532,444737510,"00532M17:02:46.270","00532 17:15:54",225.41,840.73,,,,"     ",3.60,477.76,1.95
532,444737511,"00532M17:02:47.244","00532 17:15:55",225.38,840.76,,,,"     ",3.60,479.72,1.96
532,444737512,"00532M17:02:48.217","00532 17:15:56",225.37,840.73,,,,"     ",3.60,481.42,1.97
532,444737513,"00532M17:02:49.190","00532 17:15:57",225.36,840.79,,,,"     ",3.60,482.00,1.97
532,444737514,"00532M17:02:50.164","00532 17:15:58",225.36,840.83,,,,"     ",3.60,478.26,1.96
532,444737515,"00532M17:02:51.137","00532 17:15:59",225.37,840.76,,,,"     ",3.60,479.36,1.96
532,444737516,"00532M17:02:52.110","00532 17:16:00",225.38,840.70,,,,"     ",3.60,476.70,1.95
532,444737517,"00532M17:02:53.083","00532 17:16:01",225.39,840.75,,,,"     ",3.60,477.02,1.95
532,444737518,"00532M17:02:54.057","00532 17:16:02",225.40,840.70,,,,"     ",3.60,475.98,1.95
532,444737519,"00532M17:02:55.030","00532 17:16:03",225.37,840.73,,,,"     ",3.60,475.59,1.95
532,444737520,"00532M17:02:56.003","00532 17:16:04",225.33,840.83,,,,"     ",3.60,473.13,1.94
532,444737521,"00532M17:02:56.976","00532 17:16:05",225.29,840.74,,,,"     ",3.60,478.30,1.96
532,444737522,"00532M17:02:57.950","00532 17:16:06",225.25,840.76,,,,"     ",3.60,478.34,1.96
532,444737523,"00532M17:02:58.923","00532 17:16:07",225.20,840.79,,,,"     ",3.60,473.42,1.94
532,444737524,"00532M17:02:59.896","00532 17:16:08",225.16,840.72,,,,"     ",3.60,476.09,1.95
532,444737525,"00532M17:03:00.869","00532 17:16:09",225.12,840.80,,,,"     ",3.60,478.76,1.96
532,444737526,"00532M17:03:01.843","00532 17:16:09",225.09,840.78,,,,"     ",3.60,473.44,1.94
532,444737527,"00532M17:03:02.816","00532 17:16:10",225.06,840.77,,,,"     ",3.60,475.18,1.95
532,444737528,"00532M17:03:03.789","00532 17:16:11",225.05,840.80,,,,"     ",3.60,474.04,1.95
532,444737529,"00532M17:03:04.762","00532 17:16:12",225.04,840.80,,,,"     ",3.60,476.84,1.96
532,444737530,"00532M17:03:05.736","00532 17:16:13",225.03,840.78,,,,"     ",3.60,471.55,1.94
532,444737531,"00532M17:03:06.709","00532 17:16:14",225.03,840.78,,,,"     ",3.60,473.52,1.95
532,444737532,"00532M17:03:07.682","00532 17:16:15",225.03,840.74,,,,"     ",3.60,475.51,1.96
532,444737533,"00532M17:03:08.655","00532 17:16:16",225.04,840.83,,,,"     ",3.60,469.58,1.93
532,444737534,"00532M17:03:09.629","00532 17:16:17",225.05,840.87,,,,"     ",3.60,472.80,1.95
532,444737535,"00532M17:03:10.602","00532 17:16:18",225.06,840.79,,,,"     ",3.60,471.15,1.94
532,444737536,"00532M17:03:11.575","00532 17:16:19",225.07,840.79,,,,"     ",3.60,470.69,1.94
532,444737537,"00532M17:03:12.548","00532 17:16:20",225.07,840.82,,,,"     ",3.60,474.76,1.96
532,444737538,"00532M17:03:13.522","00532 17:16:21",225.07,840.80,,,,"     ",3.60,474.35,1.95
532,444737539,"00532M17:03:14.495","00532 17:16:22",225.06,840.82,,,,"     ",3.60,469.16,1.93
532,444737540,"00532M17:03:15.468","00532 17:16:23",225.05,840.82,,,,"     ",3.60,472.51,1.95
532,444737541,"00532M17:03:16.441","00532 17:16:24",225.04,840.80,,,,"     ",3.60,474.64,1.96
532,444737542,"00532M17:03:17.415","00532 17:16:25",225.03,840.76,,,,"     ",3.60,477.73,1.97
532,444737543,"00532M17:03:18.388","00532 17:16:26",225.03,840.80,,,,"     ",3.60,472.97,1.95
532,444737544,"00532M17:03:19.361","00532 17:16:27",225.03,840.78,,,,"     ",3.60,471.01,1.94
532,444737545,"00532M17:03:20.334","00532 17:16:28",225.02,840.85,,,,"     ",3.60,473.96,1.96
532,444737546,"00532M17:03:21.308","00532 17:16:29",225.03,840.81,,,,"     ",3.60,470.49,1.94
532,444737547,"00532M17:03:22.281","00532 17:16:30",225.03,840.71,,,,"     ",3.60,475.21,1.96
532,444737548,"00532M17:03:23.254","00532 17:16:31",225.04,840.74,,,,"     ",3.60,473.65,1.96
532,444737549,"00532M17:03:24.227","00532 17:16:32",225.03,840.89,,,,"     ",3.60,473.25,1.96
532,444737550,"00532M17:03:25.201","00532 17:16:33",225.01,840.80,,,,"     ",3.60,470.41,1.95
532,444737551,"00532M17:03:26.174","00532 17:16:34",224.99,840.77,,,,"     ",3.60,471.62,1.95
532,444737552,"00532M17:03:27.147","00532 17:16:35",224.97,840.80,,,,"     ",3.60,472.29,1.95
532,444737553,"00532M17:03:28.120","00532 17:16:36",224.94,840.84,,,,"     ",3.60,469.72,1.94
532,444737554,"00532M17:03:29.094","00532 17:16:37",224.91,840.81,,,,"     ",3.60,470.67,1.95
532,444737555,"00532M17:03:30.067","00532 17:16:38",224.87,840.77,,,,"     ",3.60,469.76,1.95
532,444737556,"00532M17:03:31.040","00532 17:16:39",224.83,840.80,,,,"     ",3.60,472.26,1.96
532,444737557,"00532M17:03:32.013","00532 17:16:40",224.79,840.82,,,,"     ",3.60,471.98,1.96
532,444737558,"00532M17:03:32.987","00532 17:16:41",224.75,840.81,,,,"     ",3.60,466.01,1.93
532,444737559,"00532M17:03:33.960","00532 17:16:42",224.72,840.84,,,,"     ",3.60,470.94,1.95
532,444737560,"00532M17:03:34.933","00532 17:16:43",224.69,840.88,,,,"     ",3.60,466.24,1.93
532,444737561,"00532M17:03:35.906","00532 17:16:44",224.68,840.85,,,,"     ",3.60,465.65,1.93
532,444737562,"00532M17:03:36.880","00532 17:16:45",224.67,840.91,,,,"     ",3.60,467.12,1.94
532,444737563,"00532M17:03:37.853","00532 17:16:46",224.67,840.83,,,,"     ",3.60,472.44,1.96
532,444737564,"00532M17:03:38.826","00532 17:16:46",224.68,840.85,,,,"     ",3.60,470.05,1.95
532,444737565,"00532M17:03:39.799","00532 17:16:47",224.70,840.83,,,,"     ",3.60,469.99,1.95
532,444737566,"00532M17:03:40.773","00532 17:16:48",224.71,840.82,,,,"     ",3.60,469.33,1.95
532,444737567,"00532M17:03:41.746","00532 17:16:49",224.72,840.73,,,,"     ",3.60,470.91,1.96
532,444737568,"00532M17:03:42.719","00532 17:16:50",224.73,840.85,,,,"     ",3.60,468.70,1.95
532,444737569,"00532M17:03:43.692","00532 17:16:51",224.73,840.84,,,,"     ",3.60,469.55,1.95
532,444737570,"00532M17:03:44.666","00532 17:16:52",224.72,840.81,,,,"     ",3.60,469.96,1.96
532,444737571,"00532M17:03:45.639","00532 17:16:53",224.70,840.84,,,,"     ",3.60,467.39,1.95
532,444737572,"00532M17:03:46.612","00532 17:16:54",224.68,840.85,,,,"     ",3.60,472.72,1.97
532,444737573,"00532M17:03:47.585","00532 17:16:55",224.64,840.85,,,,"     ",3.60,468.49,1.95
532,444737574,"00532M17:03:48.559","00532 17:16:56",224.60,840.83,,,,"     ",3.60,472.97,1.97
532,444737575,"00532M17:03:49.532","00532 17:16:57",224.55,840.78,,,,"     ",3.60,470.47,1.96
532,444737576,"00532M17:03:50.505","00532 17:16:58",224.51,840.90,,,,"     ",3.60,473.63,1.98
532,444737577,"00532M17:03:51.478","00532 17:16:59",224.48,840.80,,,,"     ",3.60,471.87,1.97
532,444737578,"00532M17:03:52.452","00532 17:17:00",224.44,840.87,,,,"     ",3.60,469.21,1.96
532,444737579,"00532M17:03:53.425","00532 17:17:01",224.42,840.90,,,,"     ",3.60,467.88,1.95
532,444737580,"00532M17:03:54.398","00532 17:17:02",224.40,840.87,,,,"     ",3.60,470.94,1.97
532,444737581,"00532M17:03:55.371","00532 17:17:03",224.40,840.74,,,,"     ",3.60,469.43,1.96
532,444737582,"00532M17:03:56.345","00532 17:17:04",224.38,840.76,,,,"     ",3.60,471.31,1.97
532,444737583,"00532M17:03:57.318","00532 17:17:05",224.38,840.80,,,,"     ",3.60,469.50,1.96
532,444737584,"00532M17:03:58.291","00532 17:17:06",224.36,840.76,,,,"     ",3.60,466.90,1.95
532,444737585,"00532M17:03:59.265","00532 17:17:07",224.35,840.82,,,,"     ",3.60,470.69,1.97
532,444737586,"00532M17:04:00.238","00532 17:17:08",224.33,840.84,,,,"     ",3.60,464.81,1.95
532,444737587,"00532M17:04:01.211","00532 17:17:09",224.30,840.89,,,,"     ",3.60,468.58,1.96
532,444737588,"00532M17:04:02.184","00532 17:17:10",224.26,840.89,,,,"     ",3.60,462.76,1.94
532,444737589,"00532M17:04:03.158","00532 17:17:11",224.23,840.90,,,,"     ",3.60,465.58,1.95
532,444737590,"00532M17:04:04.131","00532 17:17:12",224.20,840.88,,,,"     ",3.60,466.41,1.96
532,444737591,"00532M17:04:05.104","00532 17:17:13",224.17,840.83,,,,"     ",3.60,462.39,1.94
532,444737592,"00532M17:04:06.077","00532 17:17:14",224.15,840.83,,,,"     ",3.60,463.69,1.95
532,444737593,"00532M17:04:07.051","00532 17:17:15",224.14,840.80,,,,"     ",3.60,468.98,1.97
532,444737594,"00532M17:04:08.024","00532 17:17:16",224.14,840.81,,,,"     ",3.60,463.70,1.95
532,444737595,"00532M17:04:08.997","00532 17:17:17",224.14,840.79,,,,"     ",3.60,468.67,1.97
532,444737596,"00532M17:04:09.970","00532 17:17:18",224.15,840.83,,,,"     ",3.60,465.44,1.96
532,444737597,"00532M17:04:10.944","00532 17:17:19",224.15,840.82,,,,"     ",3.60,465.55,1.96
532,444737598,"00532M17:04:11.917","00532 17:17:20",224.16,840.80,,,,"     ",3.60,468.35,1.97
532,444737599,"00532M17:04:12.890","00532 17:17:21",224.17,840.82,,,,"     ",3.60,463.69,1.95
532,444737600,"00532M17:04:13.863","00532 17:17:22",224.17,840.89,,,,"     ",3.60,466.65,1.96
532,444737601,"00532M17:04:14.837","00532 17:17:22",224.17,840.88,,,,"     ",3.60,466.99,1.97
532,444737602,"00532M17:04:15.810","00532 17:17:23",224.17,840.89,,,,"     ",3.60,466.80,1.97
532,444737603,"00532M17:04:16.783","00532 17:17:24",224.16,840.89,,,,"     ",3.60,465.89,1.96
532,444737604,"00532M17:04:17.756","00532 17:17:25",224.16,840.86,,,,"     ",3.60,467.41,1.97
532,444737605,"00532M17:04:18.730","00532 17:17:26",224.14,840.89,,,,"     ",3.60,464.37,1.96
532,444737606,"00532M17:04:19.703","00532 17:17:27",224.13,840.92,,,,"     ",3.60,472.06,1.99
532,444737607,"00532M17:04:20.676","00532 17:17:28",224.11,840.83,,,,"     ",3.60,466.59,1.97
532,444737608,"00532M17:04:21.649","00532 17:17:29",224.09,840.85,,,,"     ",3.60,469.15,1.98
532,444737609,"00532M17:04:22.623","00532 17:17:30",224.08,840.77,,,,"     ",3.60,462.69,1.95
532,444737610,"00532M17:04:23.596","00532 17:17:31",224.07,840.72,,,,"     ",3.60,466.98,1.97
532,444737611,"00532M17:04:24.569","00532 17:17:32",224.06,840.82,,,,"     ",3.60,464.02,1.96
532,444737612,"00532M17:04:25.542","00532 17:17:33",224.05,840.80,,,,"     ",3.60,463.72,1.96
532,444737613,"00532M17:04:26.516","00532 17:17:34",224.04,840.93,,,,"     ",3.60,463.98,1.96
532,444737614,"00532M17:04:27.489","00532 17:17:35",224.01,840.91,,,,"     ",3.60,462.22,1.96
532,444737615,"00532M17:04:28.462","00532 17:17:36",223.99,840.90,,,,"     ",3.60,460.91,1.95
532,444737616,"00532M17:04:29.435","00532 17:17:37",223.96,840.96,,,,"     ",3.60,462.92,1.96
532,444737617,"00532M17:04:30.409","00532 17:17:38",223.94,840.90,,,,"     ",3.60,467.33,1.98
532,444737618,"00532M17:04:31.382","00532 17:17:39",223.93,840.96,,,,"     ",3.60,462.37,1.96
532,444737619,"00532M17:04:32.355","00532 17:17:40",223.93,840.90,,,,"     ",3.60,463.93,1.97
532,444737620,"00532M17:04:33.328","00532 17:17:41",223.93,840.78,,,,"     ",3.60,469.72,1.99
532,444737621,"00532M17:04:34.302","00532 17:17:42",223.94,840.84,,,,"     ",3.60,463.57,1.97
532,444737622,"00532M17:04:35.275","00532 17:17:43",223.93,840.90,,,,"     ",3.60,464.06,1.97
532,444737623,"00532M17:04:36.248","00532 17:17:44",223.92,840.84,,,,"     ",3.60,463.00,1.97
532,444737624,"00532M17:04:37.221","00532 17:17:45",223.92,840.90,,,,"     ",3.60,461.03,1.96
532,444737625,"00532M17:04:38.195","00532 17:17:46",223.91,840.90,,,,"     ",3.60,466.74,1.98
532,444737626,"00532M17:04:39.168","00532 17:17:47",223.91,840.98,,,,"     ",3.60,467.62,1.99
532,444737627,"00532M17:04:40.141","00532 17:17:48",223.91,840.85,,,,"     ",3.60,464.26,1.97
532,444737628,"00532M17:04:41.114","00532 17:17:49",223.91,840.83,,,,"     ",3.60,465.12,1.98
532,444737629,"00532M17:04:42.088","00532 17:17:50",223.91,840.85,,,,"     ",3.60,465.16,1.98
532,444737630,"00532M17:04:43.061","00532 17:17:51",223.91,840.84,,,,"     ",3.60,464.33,1.98
532,444737631,"00532M17:04:44.034","00532 17:17:52",223.92,840.87,,,,"     ",3.60,463.83,1.97
532,444737632,"00532M17:04:45.007","00532 17:17:53",223.91,840.89,,,,"     ",3.60,463.89,1.98
532,444737633,"00532M17:04:45.981","00532 17:17:54",223.92,840.94,,,,"     ",3.60,463.86,1.97
532,444737634,"00532M17:04:46.954","00532 17:17:55",223.93,840.90,,,,"     ",3.60,462.07,1.97
532,444737635,"00532M17:04:47.927","00532 17:17:56",223.94,840.81,,,,"     ",3.60,464.00,1.98
532,444737636,"00532M17:04:48.900","00532 17:17:57",223.95,840.83,,,,"     ",3.60,465.26,1.98
532,444737637,"00532M17:04:49.874","00532 17:17:58",223.97,840.82,,,,"     ",3.60,466.60,1.99
532,444737638,"00532M17:04:50.847","00532 17:17:59",223.99,840.85,,,,"     ",3.60,465.73,1.99
532,444737639,"00532M17:04:51.820","00532 17:17:59",223.99,840.91,,,,"     ",3.60,461.62,1.97
532,444737640,"00532M17:04:52.793","00532 17:18:00",223.99,840.78,,,,"     ",3.60,462.85,1.98
532,444737641,"00532M17:04:53.767","00532 17:18:01",223.98,840.82,,,,"     ",3.60,463.32,1.98
532,444737642,"00532M17:04:54.740","00532 17:18:02",223.96,840.82,,,,"     ",3.60,462.13,1.97
532,444737643,"00532M17:04:55.713","00532 17:18:03",223.94,840.83,,,,"     ",3.60,459.96,1.97
532,444737644,"00532M17:04:56.686","00532 17:18:04",223.93,840.81,,,,"     ",3.60,464.53,1.99
532,444737645,"00532M17:04:57.660","00532 17:18:05",223.91,840.91,,,,"     ",3.60,460.95,1.97
532,444737646,"00532M17:04:58.633","00532 17:18:06",223.89,840.89,,,,"     ",3.60,458.87,1.96
532,444737647,"00532M17:04:59.606","00532 17:18:07",223.87,840.89,,,,"     ",3.60,460.77,1.97
532,444737648,"00532M17:05:00.579","00532 17:18:08",223.85,840.94,,,,"     ",3.60,460.10,1.97
532,444737649,"00532M17:05:01.553","00532 17:18:09",223.83,840.88,,,,"     ",3.60,458.85,1.96
532,444737650,"00532M17:05:02.526","00532 17:18:10",223.82,840.94,,,,"     ",3.60,467.01,2.00
532,444737651,"00532M17:05:03.499","00532 17:18:11",223.81,840.88,,,,"     ",3.60,462.86,1.98
532,444737652,"00532M17:05:04.472","00532 17:18:12",223.80,840.87,,,,"     ",3.60,460.52,1.97
532,444737653,"00532M17:05:05.446","00532 17:18:13",223.80,840.87,,,,"     ",3.60,464.86,1.99
532,444737654,"00532M17:05:06.419","00532 17:18:14",223.79,840.81,,,,"     ",3.60,465.97,2.00
532,444737655,"00532M17:05:07.392","00532 17:18:15",223.79,840.82,,,,"     ",3.60,465.57,2.00
532,444737656,"00532M17:05:08.365","00532 17:18:16",223.78,840.89,,,,"     ",3.60,462.25,1.98
532,444737657,"00532M17:05:09.339","00532 17:18:17",223.78,840.88,,,,"     ",3.60,464.20,1.99
532,444737658,"00532M17:05:10.312","00532 17:18:18",223.76,840.84,,,,"     ",3.60,455.86,1.96
532,444737659,"00532M17:05:11.285","00532 17:18:19",223.75,840.89,,,,"     ",3.60,460.37,1.98
532,444737660,"00532M17:05:12.259","00532 17:18:20",223.74,840.92,,,,"     ",3.60,458.86,1.97
532,444737661,"00532M17:05:13.232","00532 17:18:21",223.73,840.91,,,,"     ",3.60,463.20,1.99
532,444737662,"00532M17:05:14.205","00532 17:18:22",223.71,840.85,,,,"     ",3.60,458.90,1.97
532,444737663,"00532M17:05:15.178","00532 17:18:23",223.71,840.95,,,,"     ",3.60,460.71,1.98
532,444737664,"00532M17:05:16.152","00532 17:18:24",223.70,840.87,,,,"     ",3.60,456.61,1.96
532,444737665,"00532M17:05:17.125","00532 17:18:25",223.70,840.93,,,,"     ",3.60,459.88,1.98
532,444737666,"00532M17:05:18.098","00532 17:18:26",223.70,840.89,,,,"     ",3.60,457.93,1.97
532,444737667,"00532M17:05:19.071","00532 17:18:27",223.70,840.95,,,,"     ",3.60,454.41,1.96
532,444737668,"00532M17:05:20.045","00532 17:18:28",223.71,840.96,,,,"     ",3.60,457.73,1.97
532,444737669,"00532M17:05:21.018","00532 17:18:29",223.73,841.01,,,,"     ",3.60,460.24,1.98
532,444737670,"00532M17:05:21.991","00532 17:18:30",223.74,840.94,,,,"     ",3.60,453.37,1.95
532,444737671,"00532M17:05:22.964","00532 17:18:31",223.75,840.98,,,,"     ",3.60,456.80,1.97
532,444737672,"00532M17:05:23.938","00532 17:18:32",223.76,840.97,,,,"     ",3.60,458.01,1.97
532,444737673,"00532M17:05:24.911","00532 17:18:33",223.77,840.94,,,,"     ",3.60,460.02,1.98
532,444737674,"00532M17:05:25.884","00532 17:18:34",223.78,840.84,,,,"     ",3.60,457.80,1.97
532,444737675,"00532M17:05:26.857","00532 17:18:35",223.79,840.91,,,,"     ",3.60,456.45,1.97
532,444737676,"00532M17:05:27.831","00532 17:18:35",223.80,840.88,,,,"     ",3.60,458.85,1.98
532,444737677,"00532M17:05:28.804","00532 17:18:36",223.82,840.86,,,,"     ",3.60,461.18,1.99
532,444737678,"00532M17:05:29.777","00532 17:18:37",223.83,840.87,,,,"     ",3.60,458.21,1.98
532,444737679,"00532M17:05:30.750","00532 17:18:38",223.84,840.88,,,,"     ",3.60,463.79,2.00
532,444737680,"00532M17:05:31.724","00532 17:18:39",223.85,840.79,,,,"     ",3.60,455.54,1.97
532,444737681,"00532M17:05:32.697","00532 17:18:40",223.86,840.81,,,,"     ",3.60,459.57,1.98
532,444737682,"00532M17:05:33.670","00532 17:18:41",223.87,840.93,,,,"     ",3.60,455.44,1.97
532,444737683,"00532M17:05:34.643","00532 17:18:42",223.87,840.90,,,,"     ",3.60,459.94,1.99
532,444737684,"00532M17:05:35.617","00532 17:18:43",223.88,840.81,,,,"     ",3.60,459.63,1.99
532,444737685,"00532M17:05:36.590","00532 17:18:44",223.89,840.89,,,,"     ",3.60,457.90,1.98
532,444737686,"00532M17:05:37.563","00532 17:18:45",223.91,840.96,,,,"     ",3.60,457.26,1.98
532,444737687,"00532M17:05:38.536","00532 17:18:46",223.92,840.92,,,,"     ",3.60,460.10,1.99
532,444737688,"00532M17:05:39.510","00532 17:18:47",223.94,840.89,,,,"     ",3.60,458.34,1.98
532,444737689,"00532M17:05:40.483","00532 17:18:48",223.95,840.91,,,,"     ",3.60,461.84,2.00
532,444737690,"00532M17:05:41.456","00532 17:18:49",223.97,840.86,,,,"     ",3.60,457.26,1.98
532,444737691,"00532M17:05:42.429","00532 17:18:50",223.98,840.96,,,,"     ",3.60,460.61,1.99
532,444737692,"00532M17:05:43.403","00532 17:18:51",224.00,840.95,,,,"     ",3.60,458.53,1.99
532,444737693,"00532M17:05:44.376","00532 17:18:52",224.03,841.02,,,,"     ",3.60,460.66,2.00
532,444737694,"00532M17:05:45.349","00532 17:18:53",224.05,841.00,,,,"     ",3.60,458.60,1.99
532,444737695,"00532M17:05:46.322","00532 17:18:54",224.07,840.94,,,,"     ",3.60,457.23,1.98
532,444737696,"00532M17:05:47.296","00532 17:18:55",224.10,841.02,,,,"     ",3.60,460.98,2.00
532,444741078,"00532M18:00:38.839","00532 18:13:47",215.59,847.11,,,5.27,"  101100",3.60,,
532,444741079,"00532M18:00:39.812","00532 18:13:48",215.62,847.14,,,,"     ",3.60,115.06,3.84
532,444741080,"00532M18:00:40.785","00532 18:13:49",215.64,847.17,,,,"     ",3.60,114.29,3.81
532,444741081,"00532M18:00:41.759","00532 18:13:50",215.66,847.16,,,,"     ",3.60,113.94,3.78
532,444741082,"00532M18:00:42.732","00532 18:13:51",215.68,847.19,,,,"     ",3.60,114.86,3.81
532,444741083,"00532M18:00:43.705","00532 18:13:52",215.69,847.20,,,,"     ",3.60,114.64,3.79
532,444741084,"00532M18:00:44.678","00532 18:13:53",215.70,847.20,,,,"     ",3.60,114.55,3.78
532,444741085,"00532M18:00:45.652","00532 18:13:54",215.70,847.20,,,,"     ",3.60,114.95,3.78
532,444741086,"00532M18:00:46.625","00532 18:13:55",215.70,847.10,,,,"     ",3.60,114.56,3.76
532,444741087,"00532M18:00:47.598","00532 18:13:56",215.71,847.14,,,,"     ",3.60,115.36,3.78
532,444741088,"00532M18:00:48.571","00532 18:13:57",215.70,847.10,,,,"     ",3.60,114.21,3.73
532,444741089,"00532M18:00:49.545","00532 18:13:58",215.70,847.09,,,,"     ",3.60,114.79,3.74
532,444741090,"00532M18:00:50.518","00532 18:13:59",215.69,847.07,,,,"     ",3.60,115.53,3.76
532,444741091,"00532M18:00:51.491","00532 18:14:00",215.67,847.13,,,,"     ",3.60,115.60,3.76
532,444741092,"00532M18:00:52.464","00532 18:14:01",215.64,847.12,,,,"     ",3.60,114.73,3.72
532,444741093,"00532M18:00:53.438","00532 18:14:01",215.60,847.20,,,,"     ",3.60,115.54,3.74
532,444741094,"00532M18:00:54.411","00532 18:14:02",215.57,847.15,,,,"     ",3.60,115.03,3.71
532,444741095,"00532M18:00:55.384","00532 18:14:03",215.54,847.23,,,,"     ",3.60,115.50,3.72
532,444741096,"00532M18:00:56.357","00532 18:14:04",215.54,847.25,,,,"     ",3.60,115.82,3.73
532,444741097,"00532M18:00:57.331","00532 18:14:05",215.56,847.26,,,,"     ",3.60,116.05,3.73
532,444741098,"00532M18:00:58.304","00532 18:14:06",215.58,847.29,,,,"     ",3.60,115.85,3.72
532,444741099,"00532M18:00:59.277","00532 18:14:07",215.61,847.20,,,,"     ",3.60,115.26,3.69
532,444741100,"00532M18:01:00.250","00532 18:14:08",215.63,847.22,,,,"     ",3.60,115.23,3.68
532,444741101,"00532M18:01:01.224","00532 18:14:09",215.65,847.23,,,,"     ",3.60,115.19,3.68
532,444741102,"00532M18:01:02.197","00532 18:14:10",215.66,847.25,,,,"     ",3.60,115.07,3.66
532,444741103,"00532M18:01:03.170","00532 18:14:11",215.67,847.24,,,,"     ",3.60,115.71,3.68
532,444741104,"00532M18:01:04.144","00532 18:14:12",215.67,847.32,,,,"     ",3.60,115.92,3.68
532,444741105,"00532M18:01:05.117","00532 18:14:13",215.68,847.28,,,,"     ",3.60,115.92,3.68
532,444741106,"00532M18:01:06.090","00532 18:14:14",215.71,847.28,,,,"     ",3.60,116.26,3.68
532,444741107,"00532M18:01:07.063","00532 18:14:15",215.75,847.25,,,,"     ",3.60,116.52,3.69
532,444741108,"00532M18:01:08.037","00532 18:14:16",215.80,847.28,,,,"     ",3.60,116.00,3.66
532,444741109,"00532M18:01:09.010","00532 18:14:17",215.85,847.23,,,,"     ",3.60,116.81,3.68
532,444741110,"00532M18:01:09.983","00532 18:14:18",215.89,847.36,,,,"     ",3.60,115.98,3.65
532,444741111,"00532M18:01:10.956","00532 18:14:19",215.89,847.23,,,,"     ",3.60,116.28,3.66
532,444741112,"00532M18:01:11.930","00532 18:14:20",215.85,847.23,,,,"     ",3.60,115.60,3.63
532,444741113,"00532M18:01:12.903","00532 18:14:21",215.78,847.29,,,,"     ",3.60,116.06,3.64
532,444741114,"00532M18:01:13.876","00532 18:14:22",215.70,847.26,,,,"     ",3.60,115.97,3.64
532,444741115,"00532M18:01:14.849","00532 18:14:23",215.62,847.28,,,,"     ",3.60,115.99,3.63
532,444741116,"00532M18:01:15.823","00532 18:14:24",215.57,847.28,,,,"     ",3.60,116.62,3.65
532,444741117,"00532M18:01:16.796","00532 18:14:25",215.56,847.32,,,,"     ",3.60,116.69,3.65
532,444741118,"00532M18:01:17.769","00532 18:14:26",215.57,847.26,,,,"     ",3.60,116.35,3.63
532,444741119,"00532M18:01:18.742","00532 18:14:27",215.61,847.26,,,,"     ",3.60,116.94,3.64
532,444741120,"00532M18:01:19.716","00532 18:14:28",215.65,847.25,,,,"     ",3.60,116.63,3.63
532,444741121,"00532M18:01:20.689","00532 18:14:29",215.70,847.29,,,,"     ",3.60,116.66,3.63
532,444741122,"00532M18:01:21.662","00532 18:14:30",215.77,847.28,,,,"     ",3.60,116.63,3.62
532,444741123,"00532M18:01:22.635","00532 18:14:31",215.83,847.26,,,,"     ",3.60,116.78,3.62
532,444741124,"00532M18:01:23.609","00532 18:14:32",215.88,847.34,,,,"     ",3.60,116.86,3.62
532,444741125,"00532M18:01:24.582","00532 18:14:33",215.92,847.32,,,,"     ",3.60,117.17,3.63
532,444741126,"00532M18:01:25.555","00532 18:14:34",215.95,847.26,,,,"     ",3.60,117.56,3.64
532,444741127,"00532M18:01:26.528","00532 18:14:35",215.97,847.28,,,,"     ",3.60,116.98,3.62
532,444741128,"00532M18:01:27.502","00532 18:14:36",215.96,847.31,,,,"     ",3.60,116.58,3.60
532,444741129,"00532M18:01:28.475","00532 18:14:37",215.92,847.32,,,,"     ",3.60,116.46,3.59
532,444741130,"00532M18:01:29.448","00532 18:14:37",215.85,847.32,,,,"     ",3.60,117.12,3.61
532,444741131,"00532M18:01:30.421","00532 18:14:38",215.78,847.36,,,,"     ",3.60,117.81,3.63
532,444741132,"00532M18:01:31.395","00532 18:14:39",215.72,847.29,,,,"     ",3.60,117.92,3.63
532,444741133,"00532M18:01:32.368","00532 18:14:40",215.67,847.29,,,,"     ",3.60,117.35,3.61
532,444741134,"00532M18:01:33.341","00532 18:14:41",215.65,847.33,,,,"     ",3.60,116.88,3.59
532,444741135,"00532M18:01:34.314","00532 18:14:42",215.68,847.31,,,,"     ",3.60,117.57,3.61
532,444741136,"00532M18:01:35.288","00532 18:14:43",215.73,847.30,,,,"     ",3.60,116.38,3.57
532,444741137,"00532M18:01:36.261","00532 18:14:44",215.80,847.36,,,,"     ",3.60,117.71,3.61
532,444741138,"00532M18:01:37.234","00532 18:14:45",215.86,847.31,,,,"     ",3.60,116.95,3.58
532,444741139,"00532M18:01:38.207","00532 18:14:46",215.91,847.33,,,,"     ",3.60,117.39,3.59
532,444741140,"00532M18:01:39.181","00532 18:14:47",215.94,847.26,,,,"     ",3.60,117.54,3.60
532,444741141,"00532M18:01:40.154","00532 18:14:48",215.96,847.31,,,,"     ",3.60,117.90,3.60
532,444741142,"00532M18:01:41.127","00532 18:14:49",215.98,847.34,,,,"     ",3.60,118.33,3.61
532,444741143,"00532M18:01:42.100","00532 18:14:50",215.99,847.35,,,,"     ",3.60,117.82,3.60
532,444741144,"00532M18:01:43.074","00532 18:14:51",215.97,847.29,,,,"     ",3.60,117.65,3.59
532,444741145,"00532M18:01:44.047","00532 18:14:52",215.92,847.38,,,,"     ",3.60,117.94,3.60
532,444741146,"00532M18:01:45.020","00532 18:14:53",215.87,847.34,,,,"     ",3.60,117.72,3.59
532,444741147,"00532M18:01:45.993","00532 18:14:54",215.82,847.33,,,,"     ",3.60,117.76,3.59
532,444741148,"00532M18:01:46.967","00532 18:14:55",215.79,847.40,,,,"     ",3.60,117.28,3.57
532,444741149,"00532M18:01:47.940","00532 18:14:56",215.77,847.41,,,,"     ",3.60,118.09,3.59
532,444741150,"00532M18:01:48.913","00532 18:14:57",215.75,847.41,,,,"     ",3.60,118.76,3.61
532,444741151,"00532M18:01:49.886","00532 18:14:58",215.73,847.37,,,,"     ",3.60,118.52,3.60
532,444741152,"00532M18:01:50.860","00532 18:14:59",215.70,847.43,,,,"     ",3.60,117.38,3.56
532,444741153,"00532M18:01:51.833","00532 18:15:00",215.66,847.40,,,,"     ",3.60,117.50,3.57
532,444741154,"00532M18:01:52.806","00532 18:15:01",215.60,847.36,,,,"     ",3.60,117.96,3.58
532,444741155,"00532M18:01:53.779","00532 18:15:02",215.55,847.34,,,,"     ",3.60,117.77,3.57
532,444741156,"00532M18:01:54.753","00532 18:15:03",215.52,847.39,,,,"     ",3.60,117.60,3.56
532,444741157,"00532M18:01:55.726","00532 18:15:04",215.51,847.42,,,,"     ",3.60,118.79,3.60
532,444741158,"00532M18:01:56.699","00532 18:15:05",215.52,847.30,,,,"     ",3.60,118.40,3.59
532,444741159,"00532M18:01:57.672","00532 18:15:06",215.56,847.33,,,,"     ",3.60,118.25,3.58
532,444741160,"00532M18:01:58.646","00532 18:15:07",215.61,847.29,,,,"     ",3.60,117.71,3.56
532,444741161,"00532M18:01:59.619","00532 18:15:08",215.67,847.34,,,,"     ",3.60,118.52,3.59
532,444741162,"00532M18:02:00.592","00532 18:15:09",215.71,847.33,,,,"     ",3.60,118.54,3.58
532,444741163,"00532M18:02:01.565","00532 18:15:10",215.73,847.34,,,,"     ",3.60,118.43,3.58
532,444741164,"00532M18:02:02.539","00532 18:15:11",215.73,847.40,,,,"     ",3.60,118.35,3.58
532,444741165,"00532M18:02:03.512","00532 18:15:12",215.71,847.37,,,,"     ",3.60,118.60,3.58
532,444741166,"00532M18:02:04.485","00532 18:15:13",215.70,847.40,,,,"     ",3.60,118.56,3.58
532,444741167,"00532M18:02:05.458","00532 18:15:14",215.70,847.40,,,,"     ",3.60,118.77,3.59
532,444741168,"00532M18:02:06.432","00532 18:15:14",215.69,847.40,,,,"     ",3.60,119.02,3.59
532,444741169,"00532M18:02:07.405","00532 18:15:15",215.68,847.38,,,,"     ",3.60,119.26,3.60
532,444741170,"00532M18:02:08.378","00532 18:15:16",215.65,847.37,,,,"     ",3.60,118.89,3.59
532,444741171,"00532M18:02:09.351","00532 18:15:17",215.63,847.41,,,,"     ",3.60,118.41,3.57
532,444741172,"00532M18:02:10.325","00532 18:15:18",215.62,847.42,,,,"     ",3.60,118.94,3.59
532,444741173,"00532M18:02:11.298","00532 18:15:19",215.64,847.33,,,,"     ",3.60,119.14,3.59
532,444741174,"00532M18:02:12.271","00532 18:15:20",215.67,847.31,,,,"     ",3.60,118.93,3.58
532,444741175,"00532M18:02:13.245","00532 18:15:21",215.71,847.40,,,,"     ",3.60,119.16,3.59
532,444741176,"00532M18:02:14.218","00532 18:15:22",215.75,847.41,,,,"     ",3.60,119.39,3.60
532,444741177,"00532M18:02:15.191","00532 18:15:23",215.78,847.48,,,,"     ",3.60,119.01,3.58
532,444741178,"00532M18:02:16.164","00532 18:15:24",215.80,847.48,,,,"     ",3.60,118.86,3.58
532,444741179,"00532M18:02:17.138","00532 18:15:25",215.80,847.39,,,,"     ",3.60,119.00,3.58
532,444741180,"00532M18:02:18.111","00532 18:15:26",215.78,847.41,,,,"     ",3.60,118.50,3.56
532,444741181,"00532M18:02:19.084","00532 18:15:27",215.75,847.43,,,,"     ",3.60,119.98,3.61
532,444741182,"00532M18:02:20.057","00532 18:15:28",215.70,847.45,,,,"     ",3.60,118.81,3.57
532,444741183,"00532M18:02:21.031","00532 18:15:29",215.65,847.46,,,,"     ",3.60,119.11,3.58
532,444741184,"00532M18:02:22.004","00532 18:15:30",215.60,847.50,,,,"     ",3.60,119.16,3.58
532,444741185,"00532M18:02:22.977","00532 18:15:31",215.56,847.52,,,,"     ",3.60,119.24,3.58
532,444741186,"00532M18:02:23.950","00532 18:15:32",215.53,847.45,,,,"     ",3.60,119.19,3.58
532,444741187,"00532M18:02:24.924","00532 18:15:33",215.52,847.46,,,,"     ",3.60,120.34,3.62
532,444741188,"00532M18:02:25.897","00532 18:15:34",215.53,847.47,,,,"     ",3.60,119.88,3.60
532,444741189,"00532M18:02:26.870","00532 18:15:35",215.56,847.40,,,,"     ",3.60,119.11,3.57
532,444741190,"00532M18:02:27.843","00532 18:15:36",215.59,847.45,,,,"     ",3.60,119.20,3.58
532,444741191,"00532M18:02:28.817","00532 18:15:37",215.63,847.39,,,,"     ",3.60,119.78,3.60
532,444741192,"00532M18:02:29.790","00532 18:15:38",215.67,847.46,,,,"     ",3.60,118.83,3.57
532,444741193,"00532M18:02:30.763","00532 18:15:39",215.71,847.40,,,,"     ",3.60,119.03,3.57
532,444741194,"00532M18:02:31.736","00532 18:15:40",215.73,847.40,,,,"     ",3.60,119.03,3.57
532,444741195,"00532M18:02:32.710","00532 18:15:41",215.74,847.45,,,,"     ",3.60,119.90,3.60
532,444741196,"00532M18:02:33.683","00532 18:15:42",215.75,847.41,,,,"     ",3.60,118.98,3.57
532,444741197,"00532M18:02:34.656","00532 18:15:43",215.76,847.44,,,,"     ",3.60,120.07,3.60
532,444741198,"00532M18:02:35.629","00532 18:15:44",215.77,847.39,,,,"     ",3.60,120.78,3.62
532,444741199,"00532M18:02:36.603","00532 18:15:45",215.80,847.41,,,,"     ",3.60,119.77,3.59
532,444741200,"00532M18:02:37.576","00532 18:15:46",215.82,847.50,,,,"     ",3.60,120.49,3.61
532,444741201,"00532M18:02:38.549","00532 18:15:47",215.84,847.49,,,,"     ",3.60,119.99,3.60
532,444741202,"00532M18:02:39.522","00532 18:15:48",215.85,847.42,,,,"     ",3.60,119.42,3.58
532,444741203,"00532M18:02:40.496","00532 18:15:49",215.83,847.45,,,,"     ",3.60,120.11,3.60
532,444741204,"00532M18:02:41.469","00532 18:15:50",215.79,847.51,,,,"     ",3.60,120.19,3.60
532,444741205,"00532M18:02:42.442","00532 18:15:50",215.75,847.51,,,,"     ",3.60,120.25,3.60
532,444741206,"00532M18:02:43.415","00532 18:15:51",215.69,847.48,,,,"     ",3.60,121.31,3.63
532,444741207,"00532M18:02:44.389","00532 18:15:52",215.64,847.49,,,,"     ",3.60,120.27,3.60
532,444741208,"00532M18:02:45.362","00532 18:15:53",215.57,847.44,,,,"     ",3.60,120.59,3.61
532,444741209,"00532M18:02:46.335","00532 18:15:54",215.52,847.55,,,,"     ",3.60,121.51,3.64
532,444741210,"00532M18:02:47.308","00532 18:15:55",215.48,847.45,,,,"     ",3.60,120.62,3.61
532,444741211,"00532M18:02:48.282","00532 18:15:56",215.46,847.49,,,,"     ",3.60,121.24,3.63
532,444741212,"00532M18:02:49.255","00532 18:15:57",215.46,847.47,,,,"     ",3.60,121.03,3.63
532,444741213,"00532M18:02:50.228","00532 18:15:58",215.49,847.55,,,,"     ",3.60,120.39,3.61
532,444741214,"00532M18:02:51.201","00532 18:15:59",215.52,847.50,,,,"     ",3.60,120.97,3.62
532,444741215,"00532M18:02:52.175","00532 18:16:00",215.54,847.52,,,,"     ",3.60,121.42,3.64
532,444741216,"00532M18:02:53.148","00532 18:16:01",215.55,847.47,,,,"     ",3.60,121.43,3.64
532,444741217,"00532M18:02:54.121","00532 18:16:02",215.57,847.49,,,,"     ",3.60,120.86,3.62
532,444741218,"00532M18:02:55.094","00532 18:16:03",215.58,847.42,,,,"     ",3.60,121.40,3.64
532,444741219,"00532M18:02:56.068","00532 18:16:04",215.59,847.52,,,,"     ",3.60,121.38,3.64
532,444741220,"00532M18:02:57.041","00532 18:16:05",215.57,847.47,,,,"     ",3.60,121.30,3.63
532,444741221,"00532M18:02:58.014","00532 18:16:06",215.53,847.50,,,,"     ",3.60,121.43,3.64
532,444741222,"00532M18:02:58.987","00532 18:16:07",215.47,847.49,,,,"     ",3.60,121.74,3.65
532,444741223,"00532M18:02:59.961","00532 18:16:08",215.39,847.51,,,,"     ",3.60,121.20,3.63
532,444741224,"00532M18:03:00.934","00532 18:16:09",215.31,847.65,,,,"     ",3.60,121.31,3.63
532,444741225,"00532M18:03:01.907","00532 18:16:10",215.24,847.56,,,,"     ",3.60,122.54,3.67
532,444741226,"00532M18:03:02.880","00532 18:16:11",215.19,847.62,,,,"     ",3.60,121.52,3.64
532,444741227,"00532M18:03:03.854","00532 18:16:12",215.17,847.63,,,,"     ",3.60,122.85,3.68
532,444741228,"00532M18:03:04.827","00532 18:16:13",215.16,847.57,,,,"     ",3.60,121.60,3.64
532,444741229,"00532M18:03:05.800","00532 18:16:14",215.16,847.67,,,,"     ",3.60,121.96,3.66
532,444741230,"00532M18:03:06.773","00532 18:16:15",215.17,847.60,,,,"     ",3.60,121.51,3.64
532,444741231,"00532M18:03:07.747","00532 18:16:16",215.21,847.60,,,,"     ",3.60,121.35,3.64
532,444741232,"00532M18:03:08.720","00532 18:16:17",215.25,847.60,,,,"     ",3.60,121.98,3.66
532,444741233,"00532M18:03:09.693","00532 18:16:18",215.29,847.53,,,,"     ",3.60,121.10,3.63
532,444741234,"00532M18:03:10.666","00532 18:16:19",215.32,847.52,,,,"     ",3.60,121.13,3.63
532,444741235,"00532M18:03:11.640","00532 18:16:20",215.33,847.57,,,,"     ",3.60,120.86,3.62
532,444741236,"00532M18:03:12.613","00532 18:16:21",215.34,847.58,,,,"     ",3.60,121.18,3.63
532,444741237,"00532M18:03:13.586","00532 18:16:22",215.32,847.54,,,,"     ",3.60,120.62,3.62
532,444741238,"00532M18:03:14.559","00532 18:16:23",215.28,847.61,,,,"     ",3.60,121.18,3.63
532,444741239,"00532M18:03:15.533","00532 18:16:24",215.22,847.64,,,,"     ",3.60,121.62,3.65
532,444741240,"00532M18:03:16.506","00532 18:16:25",215.14,847.66,,,,"     ",3.60,121.27,3.64
532,444741241,"00532M18:03:17.479","00532 18:16:26",215.05,847.53,,,,"     ",3.60,120.63,3.62
532,444741242,"00532M18:03:18.452","00532 18:16:27",214.96,847.59,,,,"     ",3.60,121.60,3.65
532,444741243,"00532M18:03:19.426","00532 18:16:27",214.86,847.68,,,,"     ",3.60,121.59,3.65
532,444741244,"00532M18:03:20.399","00532 18:16:28",214.77,847.61,,,,"     ",3.60,121.39,3.64
532,444741245,"00532M18:03:21.372","00532 18:16:29",214.68,847.59,,,,"     ",3.60,121.05,3.63
532,444741246,"00532M18:03:22.346","00532 18:16:30",214.61,847.60,,,,"     ",3.60,121.14,3.64
532,444741247,"00532M18:03:23.319","00532 18:16:31",214.56,847.64,,,,"     ",3.60,120.95,3.63
532,444741248,"00532M18:03:24.292","00532 18:16:32",214.52,847.57,,,,"     ",3.60,121.02,3.63
532,444741249,"00532M18:03:25.265","00532 18:16:33",214.51,847.57,,,,"     ",3.60,121.16,3.64
532,444741250,"00532M18:03:26.239","00532 18:16:34",214.52,847.50,,,,"     ",3.60,121.74,3.65
532,444741251,"00532M18:03:27.212","00532 18:16:35",214.55,847.55,,,,"     ",3.60,122.72,3.68
532,444741252,"00532M18:03:28.185","00532 18:16:36",214.59,847.45,,,,"     ",3.60,121.19,3.64
532,444741253,"00532M18:03:29.158","00532 18:16:37",214.63,847.52,,,,"     ",3.60,121.81,3.66
532,444741254,"00532M18:03:30.132","00532 18:16:38",214.67,847.62,,,,"     ",3.60,121.17,3.64
532,444741255,"00532M18:03:31.105","00532 18:16:39",214.70,847.58,,,,"     ",3.60,121.76,3.66
532,444741256,"00532M18:03:32.078","00532 18:16:40",214.74,847.65,,,,"     ",3.60,121.44,3.65
532,444741257,"00532M18:03:33.051","00532 18:16:41",214.78,847.68,,,,"     ",3.60,121.45,3.65
532,444741258,"00532M18:03:34.025","00532 18:16:42",214.81,847.61,,,,"     ",3.60,121.37,3.65
532,444741259,"00532M18:03:34.998","00532 18:16:43",214.83,847.58,,,,"     ",3.60,121.87,3.66
532,444741260,"00532M18:03:35.971","00532 18:16:44",214.83,847.56,,,,"     ",3.60,121.70,3.66
532,444741261,"00532M18:03:36.944","00532 18:16:45",214.82,847.50,,,,"     ",3.60,121.18,3.64
532,444741262,"00532M18:03:37.918","00532 18:16:46",214.78,847.58,,,,"     ",3.60,121.80,3.66
532,444741263,"00532M18:03:38.891","00532 18:16:47",214.74,847.58,,,,"     ",3.60,122.07,3.67
532,444741264,"00532M18:03:39.864","00532 18:16:48",214.69,847.64,,,,"     ",3.60,121.23,3.64
532,444741265,"00532M18:03:40.837","00532 18:16:49",214.65,847.56,,,,"     ",3.60,122.13,3.67
532,444741266,"00532M18:03:41.811","00532 18:16:50",214.61,847.53,,,,"     ",3.60,121.75,3.66
532,444741267,"00532M18:03:42.784","00532 18:16:51",214.58,847.58,,,,"     ",3.60,121.74,3.66
532,444741268,"00532M18:03:43.757","00532 18:16:52",214.55,847.60,,,,"     ",3.60,120.88,3.63
532,444741269,"00532M18:03:44.730","00532 18:16:53",214.54,847.52,,,,"     ",3.60,121.84,3.66
532,444741270,"00532M18:03:45.704","00532 18:16:54",214.55,847.59,,,,"     ",3.60,121.36,3.65
532,444741271,"00532M18:03:46.677","00532 18:16:55",214.58,847.63,,,,"     ",3.60,121.44,3.65
532,444741272,"00532M18:03:47.650","00532 18:16:56",214.63,847.70,,,,"     ",3.60,121.27,3.65
532,444741273,"00532M18:03:48.623","00532 18:16:57",214.68,847.76,,,,"     ",3.60,122.54,3.69
532,444741274,"00532M18:03:49.597","00532 18:16:58",214.75,847.66,,,,"     ",3.60,121.37,3.65
532,444741275,"00532M18:03:50.570","00532 18:16:59",214.82,847.72,,,,"     ",3.60,121.40,3.66
532,444741276,"00532M18:03:51.543","00532 18:17:00",214.87,847.71,,,,"     ",3.60,121.55,3.66
532,444741277,"00532M18:03:52.516","00532 18:17:01",214.89,847.64,,,,"     ",3.60,121.69,3.66
532,444741278,"00532M18:03:53.490","00532 18:17:02",214.89,847.61,,,,"     ",3.60,122.06,3.68
532,444741279,"00532M18:03:54.463","00532 18:17:03",214.86,847.60,,,,"     ",3.60,122.01,3.67
532,444741280,"00532M18:03:55.436","00532 18:17:03",214.81,847.71,,,,"     ",3.60,121.83,3.67
532,444741281,"00532M18:03:56.409","00532 18:17:04",214.74,847.71,,,,"     ",3.60,121.84,3.67
532,444741282,"00532M18:03:57.383","00532 18:17:05",214.66,847.76,,,,"     ",3.60,121.22,3.65
532,444741283,"00532M18:03:58.356","00532 18:17:06",214.58,847.76,,,,"     ",3.60,121.45,3.66
532,444741284,"00532M18:03:59.329","00532 18:17:07",214.50,847.75,,,,"     ",3.60,121.76,3.67
532,444741285,"00532M18:04:00.302","00532 18:17:08",214.43,847.69,,,,"     ",3.60,120.62,3.63
532,444741286,"00532M18:04:01.276","00532 18:17:09",214.39,847.66,,,,"     ",3.60,121.83,3.67
532,444741287,"00532M18:04:02.249","00532 18:17:10",214.38,847.69,,,,"     ",3.60,120.95,3.65
532,444741288,"00532M18:04:03.222","00532 18:17:11",214.40,847.65,,,,"     ",3.60,121.63,3.67
532,444741289,"00532M18:04:04.195","00532 18:17:12",214.45,847.67,,,,"     ",3.60,121.41,3.66
532,444741290,"00532M18:04:05.169","00532 18:17:13",214.52,847.77,,,,"     ",3.60,120.60,3.64
532,444741291,"00532M18:04:06.142","00532 18:17:14",214.59,847.74,,,,"     ",3.60,120.92,3.65
532,444741292,"00532M18:04:07.115","00532 18:17:15",214.65,847.82,,,,"     ",3.60,120.65,3.64
532,444741293,"00532M18:04:08.088","00532 18:17:16",214.69,847.70,,,,"     ",3.60,121.66,3.67
532,444741294,"00532M18:04:09.062","00532 18:17:17",214.71,847.85,,,,"     ",3.60,121.23,3.66
532,444741295,"00532M18:04:10.035","00532 18:17:18",214.71,847.61,,,,"     ",3.60,121.85,3.68
532,444741296,"00532M18:04:11.008","00532 18:17:19",214.69,847.73,,,,"     ",3.60,121.31,3.66
532,444741297,"00532M18:04:11.981","00532 18:17:20",214.67,847.65,,,,"     ",3.60,120.49,3.64
532,444741298,"00532M18:04:12.955","00532 18:17:21",214.63,847.76,,,,"     ",3.60,120.39,3.63
532,444741299,"00532M18:04:13.928","00532 18:17:22",214.59,847.69,,,,"     ",3.60,121.60,3.67
532,444741300,"00532M18:04:14.901","00532 18:17:23",214.54,847.80,,,,"     ",3.60,120.58,3.64
532,444741301,"00532M18:04:15.874","00532 18:17:24",214.50,847.82,,,,"     ",3.60,121.26,3.66
532,444741302,"00532M18:04:16.848","00532 18:17:25",214.45,847.81,,,,"     ",3.60,121.55,3.67
532,444741303,"00532M18:04:17.821","00532 18:17:26",214.42,847.81,,,,"     ",3.60,121.66,3.68
532,444741304,"00532M18:04:18.794","00532 18:17:27",214.40,847.83,,,,"     ",3.60,120.77,3.65
532,444741305,"00532M18:04:19.767","00532 18:17:28",214.39,847.77,,,,"     ",3.60,121.00,3.66
532,444741306,"00532M18:04:20.741","00532 18:17:29",214.40,847.82,,,,"     ",3.60,121.36,3.67
532,444741307,"00532M18:04:21.714","00532 18:17:30",214.43,847.83,,,,"     ",3.60,120.83,3.65
532,444741308,"00532M18:04:22.687","00532 18:17:31",214.46,847.77,,,,"     ",3.60,121.30,3.67
532,444741309,"00532M18:04:23.660","00532 18:17:32",214.48,847.83,,,,"     ",3.60,121.38,3.67
532,444741310,"00532M18:04:24.634","00532 18:17:33",214.48,847.80,,,,"     ",3.60,121.92,3.69
532,444741311,"00532M18:04:25.607","00532 18:17:34",214.47,847.77,,,,"     ",3.60,120.56,3.65
532,444741312,"00532M18:04:26.580","00532 18:17:35",214.44,847.87,,,,"     ",3.60,122.77,3.72
532,444741313,"00532M18:04:27.553","00532 18:17:36",214.40,847.92,,,,"     ",3.60,120.89,3.66
532,444741314,"00532M18:04:28.527","00532 18:17:37",214.35,847.85,,,,"     ",3.60,120.82,3.65
532,444741315,"00532M18:04:29.500","00532 18:17:38",214.29,847.86,,,,"     ",3.60,121.55,3.68
532,444741316,"00532M18:04:30.473","00532 18:17:39",214.22,847.87,,,,"     ",3.60,121.80,3.69
532,444741317,"00532M18:04:31.447","00532 18:17:40",214.15,847.89,,,,"     ",3.60,122.30,3.70
532,444741318,"00532M18:04:32.420","00532 18:17:40",214.07,847.86,,,,"     ",3.60,121.46,3.68
532,444741319,"00532M18:04:33.393","00532 18:17:41",214.00,847.87,,,,"     ",3.60,121.78,3.69
532,444741320,"00532M18:04:34.366","00532 18:17:42",213.93,847.78,,,,"     ",3.60,122.75,3.72
532,444741321,"00532M18:04:35.340","00532 18:17:43",213.86,847.80,,,,"     ",3.60,122.01,3.69
532,444741322,"00532M18:04:36.313","00532 18:17:44",213.83,847.81,,,,"     ",3.60,121.08,3.67
532,444741323,"00532M18:04:37.286","00532 18:17:45",213.82,847.85,,,,"     ",3.60,121.32,3.67
532,444741324,"00532M18:04:38.259","00532 18:17:46",213.82,847.76,,,,"     ",3.60,121.56,3.68
532,444741325,"00532M18:04:39.233","00532 18:17:47",213.84,847.83,,,,"     ",3.60,121.44,3.68
532,444741326,"00532M18:04:40.206","00532 18:17:48",213.86,847.77,,,,"     ",3.60,122.17,3.70
532,444741327,"00532M18:04:41.179","00532 18:17:49",213.87,847.79,,,,"     ",3.60,121.15,3.67
532,444741328,"00532M18:04:42.152","00532 18:17:50",213.89,847.78,,,,"     ",3.60,121.47,3.68
532,444741329,"00532M18:04:43.126","00532 18:17:51",213.92,847.90,,,,"     ",3.60,121.39,3.68
532,444741330,"00532M18:04:44.099","00532 18:17:52",213.96,847.87,,,,"     ",3.60,121.83,3.69
532,444741331,"00532M18:04:45.072","00532 18:17:53",214.00,847.84,,,,"     ",3.60,121.39,3.68
532,444741332,"00532M18:04:46.045","00532 18:17:54",214.06,847.83,,,,"     ",3.60,121.76,3.69
532,444741333,"00532M18:04:47.019","00532 18:17:55",214.12,847.91,,,,"     ",3.60,121.94,3.70
532,444741334,"00532M18:04:47.992","00532 18:17:56",214.18,847.80,,,,"     ",3.60,121.42,3.68
532,444741335,"00532M18:04:48.965","00532 18:17:57",214.24,847.80,,,,"     ",3.60,122.00,3.70
532,444741336,"00532M18:04:49.938","00532 18:17:58",214.29,847.93,,,,"     ",3.60,121.35,3.68
532,444741337,"00532M18:04:50.912","00532 18:17:59",214.32,847.79,,,,"     ",3.60,121.68,3.69
532,444741338,"00532M18:04:51.885","00532 18:18:00",214.34,847.75,,,,"     ",3.60,121.86,3.69
532,444741339,"00532M18:04:52.858","00532 18:18:01",214.34,847.84,,,,"     ",3.60,121.56,3.69
532,444741340,"00532M18:04:53.831","00532 18:18:02",214.33,847.82,,,,"     ",3.60,121.19,3.67
532,444741341,"00532M18:04:54.805","00532 18:18:03",214.30,847.93,,,,"     ",3.60,120.87,3.67
532,444741342,"00532M18:04:55.778","00532 18:18:04",214.25,847.89,,,,"     ",3.60,122.08,3.70
532,444741343,"00532M18:04:56.751","00532 18:18:05",214.18,847.91,,,,"     ",3.60,122.03,3.70
532,444741344,"00532M18:04:57.724","00532 18:18:06",214.10,847.92,,,,"     ",3.60,121.56,3.69
532,444741345,"00532M18:04:58.698","00532 18:18:07",214.01,847.82,,,,"     ",3.60,121.30,3.68
532,444741346,"00532M18:04:59.671","00532 18:18:08",213.93,847.89,,,,"     ",3.60,121.26,3.68
532,444741347,"00532M18:05:00.644","00532 18:18:09",213.86,847.85,,,,"     ",3.60,121.05,3.67
532,444741348,"00532M18:05:01.617","00532 18:18:10",213.82,847.88,,,,"     ",3.60,121.04,3.67
532,444741349,"00532M18:05:02.591","00532 18:18:11",213.81,847.87,,,,"     ",3.60,121.05,3.67
532,444741350,"00532M18:05:03.564","00532 18:18:12",213.82,847.92,,,,"     ",3.60,121.64,3.69
532,444741351,"00532M18:05:04.537","00532 18:18:13",213.86,847.92,,,,"     ",3.60,121.05,3.67
532,444741352,"00532M18:05:05.510","00532 18:18:14",213.91,847.97,,,,"     ",3.60,121.13,3.68
532,444741353,"00532M18:05:06.484","00532 18:18:15",213.96,848.00,,,,"     ",3.60,121.28,3.68
532,444741354,"00532M18:05:07.457","00532 18:18:16",214.00,847.99,,,,"     ",3.60,121.30,3.68
532,444741355,"00532M18:05:08.430","00532 18:18:16",214.02,847.92,,,,"     ",3.60,121.23,3.68
532,444741356,"00532M18:05:09.403","00532 18:18:17",214.01,847.97,,,,"     ",3.60,121.27,3.68
532,444741357,"00532M18:05:10.377","00532 18:18:18",213.97,847.99,,,,"     ",3.60,121.10,3.68
532,444741358,"00532M18:05:11.350","00532 18:18:19",213.91,847.89,,,,"     ",3.60,120.81,3.67
532,444741359,"00532M18:05:12.323","00532 18:18:20",213.85,847.94,,,,"     ",3.60,121.21,3.68
532,444741360,"00532M18:05:13.296","00532 18:18:21",213.79,847.88,,,,"     ",3.60,121.05,3.68
532,444741361,"00532M18:05:14.270","00532 18:18:22",213.75,847.88,,,,"     ",3.60,120.67,3.66
532,444741362,"00532M18:05:15.243","00532 18:18:23",213.73,847.80,,,,"     ",3.60,121.31,3.68
532,444741363,"00532M18:05:16.216","00532 18:18:24",213.72,847.91,,,,"     ",3.60,120.69,3.66
532,444741364,"00532M18:05:17.189","00532 18:18:25",213.72,847.85,,,,"     ",3.60,121.13,3.68
532,444741365,"00532M18:05:18.163","00532 18:18:26",213.74,847.91,,,,"     ",3.60,120.33,3.65
532,444741366,"00532M18:05:19.136","00532 18:18:27",213.76,847.98,,,,"     ",3.60,121.65,3.70
532,444741367,"00532M18:05:20.109","00532 18:18:28",213.79,848.00,,,,"     ",3.60,120.70,3.67
532,444741368,"00532M18:05:21.082","00532 18:18:29",213.84,848.03,,,,"     ",3.60,120.59,3.66
532,444741369,"00532M18:05:22.056","00532 18:18:30",213.90,848.01,,,,"     ",3.60,120.53,3.66
532,444741370,"00532M18:05:23.029","00532 18:18:31",213.98,847.96,,,,"     ",3.60,121.33,3.68
532,444741371,"00532M18:05:24.002","00532 18:18:32",214.06,847.95,,,,"     ",3.60,120.16,3.65
532,444741372,"00532M18:05:24.975","00532 18:18:33",214.12,847.97,,,,"     ",3.60,120.49,3.66
532,444741373,"00532M18:05:25.949","00532 18:18:34",214.14,847.94,,,,"     ",3.60,120.78,3.67
532,444741374,"00532M18:05:26.922","00532 18:18:35",214.16,847.95,,,,"     ",3.60,121.26,3.68
532,444741375,"00532M18:05:27.895","00532 18:18:36",214.17,848.06,,,,"     ",3.60,121.34,3.69
532,444741376,"00532M18:05:28.868","00532 18:18:37",214.18,847.93,,,,"     ",3.60,120.65,3.67
532,444741377,"00532M18:05:29.842","00532 18:18:38",214.19,847.95,,,,"     ",3.60,120.42,3.66
532,444741378,"00532M18:05:30.815","00532 18:18:39",214.19,847.96,,,,"     ",3.60,120.11,3.65
532,444741379,"00532M18:05:31.788","00532 18:18:40",214.19,847.91,,,,"     ",3.60,119.51,3.63
532,444741380,"00532M18:05:32.761","00532 18:18:41",214.19,847.96,,,,"     ",3.60,120.65,3.67
532,444741381,"00532M18:05:33.735","00532 18:18:42",214.19,848.00,,,,"     ",3.60,120.37,3.66
532,444741382,"00532M18:05:34.708","00532 18:18:43",214.18,848.00,,,,"     ",3.60,120.72,3.67
532,444741383,"00532M18:05:35.681","00532 18:18:44",214.16,848.07,,,,"     ",3.60,120.23,3.65
532,444741384,"00532M18:05:36.654","00532 18:18:45",214.15,848.05,,,,"     ",3.60,120.41,3.66
532,444741385,"00532M18:05:37.628","00532 18:18:46",214.13,848.09,,,,"     ",3.60,120.10,3.65
532,444744783,"00532M19:00:44.743","00532 19:13:53",208.28,859.91,,,95.31,"  101100",3.60,,
532,444744784,"00532M19:00:45.716","00532 19:13:54",208.32,859.99,,,,"     ",3.60,55.09,4.85
532,444744785,"00532M19:00:46.690","00532 19:13:55",208.35,860.12,,,,"     ",3.60,55.24,4.85
532,444744786,"00532M19:00:47.663","00532 19:13:56",208.38,860.04,,,,"     ",3.60,55.03,4.82
532,444744787,"00532M19:00:48.636","00532 19:13:57",208.40,860.03,,,,"     ",3.60,55.29,4.83
532,444744788,"00532M19:00:49.609","00532 19:13:58",208.43,860.10,,,,"     ",3.60,54.87,4.78
532,444744789,"00532M19:00:50.583","00532 19:13:59",208.45,860.06,,,,"     ",3.60,55.54,4.82
532,444744790,"00532M19:00:51.556","00532 19:14:00",208.47,860.16,,,,"     ",3.60,55.08,4.77
532,444744791,"00532M19:00:52.529","00532 19:14:01",208.49,860.10,,,,"     ",3.60,55.26,4.77
532,444744792,"00532M19:00:53.502","00532 19:14:02",208.50,860.07,,,,"     ",3.60,55.35,4.77
532,444744793,"00532M19:00:54.476","00532 19:14:03",208.51,860.04,,,,"     ",3.60,55.29,4.75
532,444744794,"00532M19:00:55.449","00532 19:14:04",208.52,860.08,,,,"     ",3.60,55.43,4.75
532,444744795,"00532M19:00:56.422","00532 19:14:05",208.52,860.11,,,,"     ",3.60,55.73,4.77
532,444744796,"00532M19:00:57.395","00532 19:14:06",208.53,860.21,,,,"     ",3.60,55.40,4.73
532,444744797,"00532M19:00:58.369","00532 19:14:07",208.52,860.11,,,,"     ",3.60,55.46,4.72
532,444744798,"00532M19:00:59.342","00532 19:14:08",208.52,860.12,,,,"     ",3.60,55.31,4.70
532,444744799,"00532M19:01:00.315","00532 19:14:09",208.51,860.13,,,,"     ",3.60,55.52,4.71
532,444744800,"00532M19:01:01.288","00532 19:14:10",208.50,860.04,,,,"     ",3.60,55.67,4.71
532,444744801,"00532M19:01:02.262","00532 19:14:11",208.49,860.08,,,,"     ",3.60,55.74,4.70
532,444744802,"00532M19:01:03.235","00532 19:14:12",208.48,860.04,,,,"     ",3.60,55.80,4.70
532,444744803,"00532M19:01:04.208","00532 19:14:13",208.49,860.15,,,,"     ",3.60,55.57,4.67
532,444744804,"00532M19:01:05.181","00532 19:14:14",208.49,860.14,,,,"     ",3.60,55.94,4.70
532,444744805,"00532M19:01:06.155","00532 19:14:15",208.50,860.09,,,,"     ",3.60,55.74,4.67
532,444744806,"00532M19:01:07.128","00532 19:14:16",208.50,860.09,,,,"     ",3.60,55.77,4.66
532,444744807,"00532M19:01:08.101","00532 19:14:17",208.50,860.11,,,,"     ",3.60,55.81,4.66
532,444744808,"00532M19:01:09.074","00532 19:14:18",208.49,860.14,,,,"     ",3.60,55.86,4.65
532,444744809,"00532M19:01:10.048","00532 19:14:18",208.46,860.12,,,,"     ",3.60,55.55,4.62
532,444744810,"00532M19:01:11.021","00532 19:14:19",208.43,860.12,,,,"     ",3.60,55.80,4.63
532,444744811,"00532M19:01:11.994","00532 19:14:20",208.40,860.21,,,,"     ",3.60,55.78,4.62
532,444744812,"00532M19:01:12.967","00532 19:14:21",208.38,860.18,,,,"     ",3.60,56.01,4.63
532,444744813,"00532M19:01:13.941","00532 19:14:22",208.36,860.12,,,,"     ",3.60,56.38,4.66
532,444744814,"00532M19:01:14.914","00532 19:14:23",208.35,860.06,,,,"     ",3.60,56.09,4.62
532,444744815,"00532M19:01:15.887","00532 19:14:24",208.35,860.07,,,,"     ",3.60,56.20,4.63
532,444744816,"00532M19:01:16.860","00532 19:14:25",208.35,860.12,,,,"     ",3.60,55.97,4.60
532,444744817,"00532M19:01:17.834","00532 19:14:26",208.35,860.18,,,,"     ",3.60,56.18,4.61
532,444744818,"00532M19:01:18.807","00532 19:14:27",208.34,860.17,,,,"     ",3.60,56.22,4.61
532,444744819,"00532M19:01:19.780","00532 19:14:28",208.32,860.20,,,,"     ",3.60,56.15,4.60
532,444744820,"00532M19:01:20.753","00532 19:14:29",208.29,860.24,,,,"     ",3.60,56.00,4.58
532,444744821,"00532M19:01:21.727","00532 19:14:30",208.24,860.16,,,,"     ",3.60,56.27,4.59
532,444744822,"00532M19:01:22.700","00532 19:14:31",208.19,860.16,,,,"     ",3.60,56.01,4.57
532,444744823,"00532M19:01:23.673","00532 19:14:32",208.14,860.16,,,,"     ",3.60,56.20,4.58
532,444744824,"00532M19:01:24.646","00532 19:14:33",208.09,860.21,,,,"     ",3.60,56.29,4.58
532,444744825,"00532M19:01:25.620","00532 19:14:34",208.04,860.19,,,,"     ",3.60,55.63,4.52
532,444744826,"00532M19:01:26.593","00532 19:14:35",208.01,860.18,,,,"     ",3.60,55.92,4.54
532,444744827,"00532M19:01:27.566","00532 19:14:36",208.00,860.16,,,,"     ",3.60,55.94,4.53
532,444744828,"00532M19:01:28.539","00532 19:14:37",208.00,860.20,,,,"     ",3.60,56.07,4.54
532,444744829,"00532M19:01:29.513","00532 19:14:38",208.02,860.22,,,,"     ",3.60,56.08,4.54
532,444744830,"00532M19:01:30.486","00532 19:14:39",208.06,860.27,,,,"     ",3.60,56.34,4.55
532,444744831,"00532M19:01:31.459","00532 19:14:40",208.11,860.18,,,,"     ",3.60,56.50,4.56
532,444744832,"00532M19:01:32.432","00532 19:14:41",208.17,860.18,,,,"     ",3.60,55.92,4.51
532,444744833,"00532M19:01:33.406","00532 19:14:42",208.23,860.23,,,,"     ",3.60,56.59,4.56
532,444744834,"00532M19:01:34.379","00532 19:14:43",208.30,860.28,,,,"     ",3.60,56.36,4.54
532,444744835,"00532M19:01:35.352","00532 19:14:44",208.37,860.25,,,,"     ",3.60,56.26,4.52
532,444744836,"00532M19:01:36.326","00532 19:14:45",208.45,860.21,,,,"     ",3.60,56.00,4.50
532,444744837,"00532M19:01:37.299","00532 19:14:46",208.51,860.19,,,,"     ",3.60,56.32,4.52
532,444744838,"00532M19:01:38.272","00532 19:14:47",208.58,860.15,,,,"     ",3.60,56.71,4.55
532,444744839,"00532M19:01:39.245","00532 19:14:48",208.62,860.23,,,,"     ",3.60,56.68,4.54
532,444744840,"00532M19:01:40.219","00532 19:14:49",208.66,860.09,,,,"     ",3.60,56.30,4.51
532,444744841,"00532M19:01:41.192","00532 19:14:50",208.67,860.17,,,,"     ",3.60,56.17,4.49
532,444744842,"00532M19:01:42.165","00532 19:14:51",208.67,860.12,,,,"     ",3.60,56.31,4.50
532,444744843,"00532M19:01:43.138","00532 19:14:52",208.65,860.33,,,,"     ",3.60,56.36,4.50
532,444744844,"00532M19:01:44.112","00532 19:14:53",208.61,860.27,,,,"     ",3.60,56.32,4.49
532,444744845,"00532M19:01:45.085","00532 19:14:54",208.56,860.32,,,,"     ",3.60,56.48,4.50
532,444744846,"00532M19:01:46.058","00532 19:14:55",208.50,860.22,,,,"     ",3.60,56.17,4.47
532,444744847,"00532M19:01:47.031","00532 19:14:55",208.45,860.26,,,,"     ",3.60,56.47,4.50
532,444744848,"00532M19:01:48.005","00532 19:14:56",208.41,860.22,,,,"     ",3.60,56.33,4.48
532,444744849,"00532M19:01:48.978","00532 19:14:57",208.37,860.15,,,,"     ",3.60,56.16,4.46
532,444744850,"00532M19:01:49.951","00532 19:14:58",208.35,860.17,,,,"     ",3.60,56.49,4.49
532,444744851,"00532M19:01:50.924","00532 19:14:59",208.34,860.23,,,,"     ",3.60,56.38,4.47
532,444744852,"00532M19:01:51.898","00532 19:15:00",208.34,860.26,,,,"     ",3.60,56.38,4.47
532,444744853,"00532M19:01:52.871","00532 19:15:01",208.35,860.29,,,,"     ",3.60,56.39,4.47
532,444744854,"00532M19:01:53.844","00532 19:15:02",208.38,860.29,,,,"     ",3.60,56.35,4.46
532,444744855,"00532M19:01:54.817","00532 19:15:03",208.42,860.35,,,,"     ",3.60,56.59,4.48
532,444744856,"00532M19:01:55.791","00532 19:15:04",208.47,860.32,,,,"     ",3.60,56.38,4.46
532,444744857,"00532M19:01:56.764","00532 19:15:05",208.53,860.34,,,,"     ",3.60,56.73,4.48
532,444744858,"00532M19:01:57.737","00532 19:15:06",208.60,860.30,,,,"     ",3.60,56.63,4.47
532,444744859,"00532M19:01:58.710","00532 19:15:07",208.68,860.33,,,,"     ",3.60,56.82,4.49
532,444744860,"00532M19:01:59.684","00532 19:15:08",208.75,860.30,,,,"     ",3.60,56.56,4.46
532,444744861,"00532M19:02:00.657","00532 19:15:09",208.81,860.28,,,,"     ",3.60,56.44,4.45
532,444744862,"00532M19:02:01.630","00532 19:15:10",208.85,860.25,,,,"     ",3.60,56.21,4.43
532,444744863,"00532M19:02:02.603","00532 19:15:11",208.86,860.25,,,,"     ",3.60,56.66,4.46
532,444744864,"00532M19:02:03.577","00532 19:15:12",208.84,860.29,,,,"     ",3.60,56.80,4.47
532,444744865,"00532M19:02:04.550","00532 19:15:13",208.81,860.24,,,,"     ",3.60,56.29,4.43
532,444744866,"00532M19:02:05.523","00532 19:15:14",208.77,860.26,,,,"     ",3.60,56.83,4.47
532,444744867,"00532M19:02:06.496","00532 19:15:15",208.72,860.20,,,,"     ",3.60,56.92,4.47
532,444744868,"00532M19:02:07.470","00532 19:15:16",208.65,860.25,,,,"     ",3.60,56.53,4.44
532,444744869,"00532M19:02:08.443","00532 19:15:17",208.56,860.30,,,,"     ",3.60,57.29,4.50
532,444744870,"00532M19:02:09.416","00532 19:15:18",208.51,860.28,,,,"     ",3.60,56.99,4.47
532,444744871,"00532M19:02:10.389","00532 19:15:19",208.48,860.29,,,,"     ",3.60,57.08,4.47
532,444744872,"00532M19:02:11.363","00532 19:15:20",208.46,860.34,,,,"     ",3.60,56.94,4.46
532,444744873,"00532M19:02:12.336","00532 19:15:21",208.45,860.38,,,,"     ",3.60,57.11,4.47
532,444744874,"00532M19:02:13.309","00532 19:15:22",208.45,860.35,,,,"     ",3.60,56.90,4.45
532,444744875,"00532M19:02:14.282","00532 19:15:23",208.47,860.30,,,,"     ",3.60,57.03,4.46
532,444744876,"00532M19:02:15.256","00532 19:15:24",208.51,860.30,,,,"     ",3.60,56.96,4.45
532,444744877,"00532M19:02:16.229","00532 19:15:25",208.56,860.34,,,,"     ",3.60,56.80,4.44
532,444744878,"00532M19:02:17.202","00532 19:15:26",208.56,860.28,,,,"     ",3.60,57.51,4.49
532,444744879,"00532M19:02:18.175","00532 19:15:27",208.56,860.22,,,,"     ",3.60,57.31,4.47
532,444744880,"00532M19:02:19.149","00532 19:15:28",208.56,860.25,,,,"     ",3.60,57.71,4.50
532,444744881,"00532M19:02:20.122","00532 19:15:29",208.56,860.27,,,,"     ",3.60,57.70,4.50
532,444744882,"00532M19:02:21.095","00532 19:15:30",208.56,860.18,,,,"     ",3.60,57.26,4.46
532,444744883,"00532M19:02:22.068","00532 19:15:31",208.58,860.22,,,,"     ",3.60,57.56,4.48
532,444744884,"00532M19:02:23.042","00532 19:15:31",208.59,860.24,,,,"     ",3.60,57.81,4.50
532,444744885,"00532M19:02:24.015","00532 19:15:32",208.61,860.39,,,,"     ",3.60,57.47,4.48
532,444744886,"00532M19:02:24.988","00532 19:15:33",208.63,860.30,,,,"     ",3.60,57.83,4.50
532,444744887,"00532M19:02:25.961","00532 19:15:34",208.64,860.31,,,,"     ",3.60,57.57,4.48
532,444744888,"00532M19:02:26.935","00532 19:15:35",208.64,860.40,,,,"     ",3.60,57.22,4.45
532,444744889,"00532M19:02:27.908","00532 19:15:36",208.63,860.37,,,,"     ",3.60,57.77,4.49
532,444744890,"00532M19:02:28.881","00532 19:15:37",208.63,860.30,,,,"     ",3.60,57.73,4.48
532,444744891,"00532M19:02:29.854","00532 19:15:38",208.63,860.33,,,,"     ",3.60,57.54,4.47
532,444744892,"00532M19:02:30.828","00532 19:15:39",208.63,860.32,,,,"     ",3.60,58.20,4.52
532,444744893,"00532M19:02:31.801","00532 19:15:40",208.63,860.38,,,,"     ",3.60,57.75,4.48
532,444744894,"00532M19:02:32.774","00532 19:15:41",208.64,860.32,,,,"     ",3.60,58.20,4.51
532,444744895,"00532M19:02:33.747","00532 19:15:42",208.66,860.38,,,,"     ",3.60,57.75,4.48
532,444744896,"00532M19:02:34.721","00532 19:15:43",208.67,860.38,,,,"     ",3.60,57.66,4.47
532,444744897,"00532M19:02:35.694","00532 19:15:44",208.68,860.36,,,,"     ",3.60,57.92,4.48
532,444744898,"00532M19:02:36.667","00532 19:15:45",208.69,860.41,,,,"     ",3.60,57.36,4.44
532,444744899,"00532M19:02:37.640","00532 19:15:46",208.64,860.45,,,,"     ",3.60,58.10,4.49
532,444744900,"00532M19:02:38.614","00532 19:15:47",208.57,860.41,,,,"     ",3.60,57.73,4.47
532,444744901,"00532M19:02:39.587","00532 19:15:48",208.50,860.45,,,,"     ",3.60,58.06,4.49
532,444744902,"00532M19:02:40.560","00532 19:15:49",208.45,860.39,,,,"     ",3.60,58.01,4.48
532,444744903,"00532M19:02:41.533","00532 19:15:50",208.42,860.38,,,,"     ",3.60,57.86,4.47
532,444744904,"00532M19:02:42.507","00532 19:15:51",208.42,860.41,,,,"     ",3.60,58.37,4.51
532,444744905,"00532M19:02:43.480","00532 19:15:52",208.42,860.41,,,,"     ",3.60,58.63,4.53
532,444744906,"00532M19:02:44.453","00532 19:15:53",208.44,860.41,,,,"     ",3.60,57.88,4.47
532,444744907,"00532M19:02:45.427","00532 19:15:54",208.45,860.34,,,,"     ",3.60,57.59,4.44
532,444744908,"00532M19:02:46.400","00532 19:15:55",208.48,860.40,,,,"     ",3.60,57.73,4.45
532,444744909,"00532M19:02:47.373","00532 19:15:56",208.51,860.43,,,,"     ",3.60,57.75,4.45
532,444744910,"00532M19:02:48.346","00532 19:15:57",208.56,860.42,,,,"     ",3.60,58.03,4.47
532,444744911,"00532M19:02:49.320","00532 19:15:58",208.64,860.43,,,,"     ",3.60,57.97,4.46
532,444744912,"00532M19:02:50.293","00532 19:15:59",208.72,860.54,,,,"     ",3.60,57.60,4.43
532,444744913,"00532M19:02:51.266","00532 19:16:00",208.80,860.47,,,,"     ",3.60,57.76,4.44
532,444744914,"00532M19:02:52.239","00532 19:16:01",208.88,860.48,,,,"     ",3.60,58.14,4.47
532,444744915,"00532M19:02:53.213","00532 19:16:02",208.94,860.42,,,,"     ",3.60,58.06,4.46
532,444744916,"00532M19:02:54.186","00532 19:16:03",208.98,860.52,,,,"     ",3.60,57.82,4.44
532,444744917,"00532M19:02:55.159","00532 19:16:04",209.02,860.44,,,,"     ",3.60,58.01,4.46
532,444744918,"00532M19:02:56.132","00532 19:16:05",209.02,860.43,,,,"     ",3.60,57.82,4.44
532,444744919,"00532M19:02:57.106","00532 19:16:06",208.99,860.43,,,,"     ",3.60,57.90,4.44
532,444744920,"00532M19:02:58.079","00532 19:16:07",208.96,860.47,,,,"     ",3.60,58.05,4.45
532,444744921,"00532M19:02:59.052","00532 19:16:08",208.92,860.47,,,,"     ",3.60,58.03,4.45
532,444744922,"00532M19:03:00.025","00532 19:16:08",208.87,860.51,,,,"     ",3.60,57.94,4.44
532,444744923,"00532M19:03:00.999","00532 19:16:09",208.82,860.40,,,,"     ",3.60,58.33,4.47
532,444744924,"00532M19:03:01.972","00532 19:16:10",208.76,860.37,,,,"     ",3.60,58.19,4.46
532,444744925,"00532M19:03:02.945","00532 19:16:11",208.70,860.45,,,,"     ",3.60,58.08,4.45
532,444744926,"00532M19:03:03.918","00532 19:16:12",208.64,860.52,,,,"     ",3.60,57.82,4.43
532,444744927,"00532M19:03:04.892","00532 19:16:13",208.59,860.46,,,,"     ",3.60,58.25,4.46
532,444744928,"00532M19:03:05.865","00532 19:16:14",208.55,860.56,,,,"     ",3.60,58.41,4.47
532,444744929,"00532M19:03:06.838","00532 19:16:15",208.52,860.59,,,,"     ",3.60,57.63,4.41
532,444744930,"00532M19:03:07.811","00532 19:16:16",208.50,860.52,,,,"     ",3.60,58.52,4.47
532,444744931,"00532M19:03:08.785","00532 19:16:17",208.50,860.57,,,,"     ",3.60,58.14,4.44
532,444744932,"00532M19:03:09.758","00532 19:16:18",208.50,860.52,,,,"     ",3.60,58.13,4.44
532,444744933,"00532M19:03:10.731","00532 19:16:19",208.51,860.44,,,,"     ",3.60,58.40,4.46
532,444744934,"00532M19:03:11.704","00532 19:16:20",208.53,860.48,,,,"     ",3.60,58.05,4.43
532,444744935,"00532M19:03:12.678","00532 19:16:21",208.56,860.53,,,,"     ",3.60,58.21,4.44
532,444744936,"00532M19:03:13.651","00532 19:16:22",208.59,860.52,,,,"     ",3.60,58.08,4.43
532,444744937,"00532M19:03:14.624","00532 19:16:23",208.63,860.57,,,,"     ",3.60,58.21,4.44
532,444744938,"00532M19:03:15.597","00532 19:16:24",208.66,860.55,,,,"     ",3.60,58.59,4.47
532,444744939,"00532M19:03:16.571","00532 19:16:25",208.70,860.51,,,,"     ",3.60,57.97,4.42
532,444744940,"00532M19:03:17.544","00532 19:16:26",208.74,860.50,,,,"     ",3.60,57.91,4.41
532,444744941,"00532M19:03:18.517","00532 19:16:27",208.78,860.58,,,,"     ",3.60,58.15,4.43
532,444744942,"00532M19:03:19.490","00532 19:16:28",208.82,860.55,,,,"     ",3.60,58.51,4.46
532,444744943,"00532M19:03:20.464","00532 19:16:29",208.86,860.60,,,,"     ",3.60,57.92,4.41
532,444744944,"00532M19:03:21.437","00532 19:16:30",208.90,860.59,,,,"     ",3.60,58.26,4.44
532,444744945,"00532M19:03:22.410","00532 19:16:31",208.93,860.54,,,,"     ",3.60,58.35,4.44
532,444744946,"00532M19:03:23.383","00532 19:16:32",208.94,860.59,,,,"     ",3.60,58.55,4.45
532,444744947,"00532M19:03:24.357","00532 19:16:33",208.94,860.58,,,,"     ",3.60,58.73,4.47
532,444744948,"00532M19:03:25.330","00532 19:16:34",208.92,860.55,,,,"     ",3.60,58.22,4.42
532,444744949,"00532M19:03:26.303","00532 19:16:35",208.88,860.52,,,,"     ",3.60,58.45,4.44
532,444744950,"00532M19:03:27.276","00532 19:16:36",208.84,860.48,,,,"     ",3.60,58.54,4.45
532,444744951,"00532M19:03:28.250","00532 19:16:37",208.78,860.48,,,,"     ",3.60,58.39,4.43
532,444744952,"00532M19:03:29.223","00532 19:16:38",208.73,860.55,,,,"     ",3.60,58.20,4.42
532,444744953,"00532M19:03:30.196","00532 19:16:39",208.67,860.57,,,,"     ",3.60,58.61,4.45
532,444744954,"00532M19:03:31.169","00532 19:16:40",208.62,860.53,,,,"     ",3.60,58.29,4.42
532,444744955,"00532M19:03:32.143","00532 19:16:41",208.56,860.51,,,,"     ",3.60,58.30,4.42
532,444744956,"00532M19:03:33.116","00532 19:16:42",208.51,860.56,,,,"     ",3.60,58.29,4.42
532,444744957,"00532M19:03:34.089","00532 19:16:43",208.46,860.53,,,,"     ",3.60,58.51,4.43
532,444744958,"00532M19:03:35.062","00532 19:16:44",208.41,860.50,,,,"     ",3.60,58.49,4.43
532,444744959,"00532M19:03:36.036","00532 19:16:44",208.37,860.62,,,,"     ",3.60,58.56,4.44
532,444744960,"00532M19:03:37.009","00532 19:16:45",208.34,860.61,,,,"     ",3.60,58.50,4.43
532,444744961,"00532M19:03:37.982","00532 19:16:46",208.32,860.63,,,,"     ",3.60,58.75,4.45
532,444744962,"00532M19:03:38.955","00532 19:16:47",208.31,860.62,,,,"     ",3.60,58.40,4.42
532,444744963,"00532M19:03:39.929","00532 19:16:48",208.31,860.60,,,,"     ",3.60,58.58,4.43
532,444744964,"00532M19:03:40.902","00532 19:16:49",208.33,860.61,,,,"     ",3.60,58.75,4.44
532,444744965,"00532M19:03:41.875","00532 19:16:50",208.37,860.62,,,,"     ",3.60,58.71,4.44
532,444744966,"00532M19:03:42.848","00532 19:16:51",208.42,860.58,,,,"     ",3.60,58.74,4.44
532,444744967,"00532M19:03:43.822","00532 19:16:52",208.48,860.61,,,,"     ",3.60,58.43,4.41
532,444744968,"00532M19:03:44.795","00532 19:16:53",208.54,860.61,,,,"     ",3.60,58.56,4.42
532,444744969,"00532M19:03:45.768","00532 19:16:54",208.60,860.58,,,,"     ",3.60,58.70,4.43
532,444744970,"00532M19:03:46.741","00532 19:16:55",208.66,860.52,,,,"     ",3.60,58.65,4.43
532,444744971,"00532M19:03:47.715","00532 19:16:56",208.71,860.51,,,,"     ",3.60,58.34,4.40
532,444744972,"00532M19:03:48.688","00532 19:16:57",208.76,860.56,,,,"     ",3.60,58.95,4.45
532,444744973,"00532M19:03:49.661","00532 19:16:58",208.80,860.60,,,,"     ",3.60,58.24,4.39
532,444744974,"00532M19:03:50.634","00532 19:16:59",208.83,860.67,,,,"     ",3.60,58.57,4.42
532,444744975,"00532M19:03:51.608","00532 19:17:00",208.86,860.62,,,,"     ",3.60,58.63,4.42
532,444744976,"00532M19:03:52.581","00532 19:17:01",208.89,860.62,,,,"     ",3.60,58.76,4.43
532,444744977,"00532M19:03:53.554","00532 19:17:02",208.92,860.64,,,,"     ",3.60,58.61,4.41
532,444744978,"00532M19:03:54.528","00532 19:17:03",208.94,860.66,,,,"     ",3.60,58.71,4.42
532,444744979,"00532M19:03:55.501","00532 19:17:04",208.96,860.70,,,,"     ",3.60,58.76,4.42
532,444744980,"00532M19:03:56.474","00532 19:17:05",208.98,860.72,,,,"     ",3.60,58.96,4.44
532,444744981,"00532M19:03:57.447","00532 19:17:06",208.98,860.73,,,,"     ",3.60,58.53,4.40
532,444744982,"00532M19:03:58.421","00532 19:17:07",208.97,860.65,,,,"     ",3.60,59.04,4.44
532,444744983,"00532M19:03:59.394","00532 19:17:08",208.94,860.67,,,,"     ",3.60,58.84,4.42
532,444744984,"00532M19:04:00.367","00532 19:17:09",208.90,860.60,,,,"     ",3.60,59.07,4.44
532,444744985,"00532M19:04:01.340","00532 19:17:10",208.84,860.68,,,,"     ",3.60,59.35,4.46
532,444744986,"00532M19:04:02.314","00532 19:17:11",208.77,860.71,,,,"     ",3.60,59.62,4.48
532,444744987,"00532M19:04:03.287","00532 19:17:12",208.70,860.83,,,,"     ",3.60,58.86,4.42
532,444744988,"00532M19:04:04.260","00532 19:17:13",208.66,860.74,,,,"     ",3.60,59.03,4.43
532,444744989,"00532M19:04:05.233","00532 19:17:14",208.63,860.74,,,,"     ",3.60,58.87,4.42
532,444744990,"00532M19:04:06.207","00532 19:17:15",208.63,860.76,,,,"     ",3.60,59.12,4.44
532,444744991,"00532M19:04:07.180","00532 19:17:16",208.64,860.64,,,,"     ",3.60,59.05,4.43
532,444744992,"00532M19:04:08.153","00532 19:17:17",208.67,860.67,,,,"     ",3.60,59.22,4.44
532,444744993,"00532M19:04:09.126","00532 19:17:18",208.70,860.72,,,,"     ",3.60,58.93,4.42
532,444744994,"00532M19:04:10.100","00532 19:17:19",208.73,860.73,,,,"     ",3.60,58.89,4.41
532,444744995,"00532M19:04:11.073","00532 19:17:20",208.76,860.86,,,,"     ",3.60,59.25,4.44
532,444744996,"00532M19:04:12.046","00532 19:17:21",208.78,860.79,,,,"     ",3.60,59.08,4.43
532,444744997,"00532M19:04:13.019","00532 19:17:21",208.80,860.70,,,,"     ",3.60,59.24,4.44
532,444744998,"00532M19:04:13.993","00532 19:17:22",208.82,860.76,,,,"     ",3.60,59.38,4.45
532,444744999,"00532M19:04:14.966","00532 19:17:23",208.83,860.74,,,,"     ",3.60,59.24,4.43
532,444745000,"00532M19:04:15.939","00532 19:17:24",208.85,860.75,,,,"     ",3.60,58.86,4.40
532,444745001,"00532M19:04:16.912","00532 19:17:25",208.86,860.71,,,,"     ",3.60,58.94,4.41
532,444745002,"00532M19:04:17.886","00532 19:17:26",208.88,860.66,,,,"     ",3.60,58.87,4.40
532,444745003,"00532M19:04:18.859","00532 19:17:27",208.90,860.74,,,,"     ",3.60,58.92,4.40
532,444745004,"00532M19:04:19.832","00532 19:17:28",208.93,860.71,,,,"     ",3.60,59.34,4.44
532,444745005,"00532M19:04:20.805","00532 19:17:29",208.96,860.73,,,,"     ",3.60,58.91,4.40
532,444745006,"00532M19:04:21.779","00532 19:17:30",209.00,860.84,,,,"     ",3.60,59.33,4.43
532,444745007,"00532M19:04:22.752","00532 19:17:31",209.03,860.84,,,,"     ",3.60,59.29,4.43
532,444745008,"00532M19:04:23.725","00532 19:17:32",209.06,860.73,,,,"     ",3.60,59.29,4.43
532,444745009,"00532M19:04:24.698","00532 19:17:33",209.08,860.73,,,,"     ",3.60,59.04,4.41
532,444745010,"00532M19:04:25.672","00532 19:17:34",209.10,860.86,,,,"     ",3.60,59.23,4.42
532,444745011,"00532M19:04:26.645","00532 19:17:35",209.12,860.79,,,,"     ",3.60,59.13,4.41
532,444745012,"00532M19:04:27.618","00532 19:17:36",209.14,860.76,,,,"     ",3.60,59.34,4.42
532,444745013,"00532M19:04:28.591","00532 19:17:37",209.15,860.75,,,,"     ",3.60,59.32,4.42
532,444745014,"00532M19:04:29.565","00532 19:17:38",209.17,860.70,,,,"     ",3.60,59.27,4.42
532,444745015,"00532M19:04:30.538","00532 19:17:39",209.19,860.76,,,,"     ",3.60,59.30,4.42
532,444745016,"00532M19:04:31.511","00532 19:17:40",209.21,860.74,,,,"     ",3.60,59.40,4.43
532,444745017,"00532M19:04:32.484","00532 19:17:41",209.23,860.70,,,,"     ",3.60,59.71,4.45
532,444745018,"00532M19:04:33.458","00532 19:17:42",209.24,860.67,,,,"     ",3.60,59.60,4.44
532,444745019,"00532M19:04:34.431","00532 19:17:43",209.23,860.71,,,,"     ",3.60,59.28,4.41
532,444745020,"00532M19:04:35.404","00532 19:17:44",209.22,860.75,,,,"     ",3.60,59.38,4.42
532,444745021,"00532M19:04:36.377","00532 19:17:45",209.19,860.83,,,,"     ",3.60,59.48,4.42
532,444745022,"00532M19:04:37.351","00532 19:17:46",209.16,860.78,,,,"     ",3.60,59.56,4.43
532,444745023,"00532M19:04:38.324","00532 19:17:47",209.12,860.91,,,,"     ",3.60,59.29,4.41
532,444745024,"00532M19:04:39.297","00532 19:17:48",209.08,860.74,,,,"     ",3.60,59.32,4.41
532,444745025,"00532M19:04:40.270","00532 19:17:49",209.04,860.79,,,,"     ",3.60,59.29,4.41
532,444745026,"00532M19:04:41.244","00532 19:17:50",209.02,860.74,,,,"     ",3.60,59.60,4.43
532,444745027,"00532M19:04:42.217","00532 19:17:51",209.00,860.78,,,,"     ",3.60,59.52,4.42
532,444745028,"00532M19:04:43.190","00532 19:17:52",208.98,860.79,,,,"     ",3.60,59.66,4.43
532,444745029,"00532M19:04:44.163","00532 19:17:53",208.97,860.81,,,,"     ",3.60,59.21,4.39
532,444745030,"00532M19:04:45.137","00532 19:17:54",208.97,860.78,,,,"     ",3.60,59.44,4.41
532,444745031,"00532M19:04:46.110","00532 19:17:55",208.97,860.81,,,,"     ",3.60,59.13,4.39
532,444745032,"00532M19:04:47.083","00532 19:17:56",208.98,860.75,,,,"     ",3.60,59.33,4.40
532,444745033,"00532M19:04:48.056","00532 19:17:57",209.00,860.72,,,,"     ",3.60,59.45,4.41
532,444745034,"00532M19:04:49.030","00532 19:17:58",209.02,860.88,,,,"     ",3.60,59.71,4.43
532,444745035,"00532M19:04:50.003","00532 19:17:58",209.04,860.83,,,,"     ",3.60,59.50,4.41
532,444745036,"00532M19:04:50.976","00532 19:17:59",209.04,860.83,,,,"     ",3.60,59.76,4.43
532,444745037,"00532M19:04:51.949","00532 19:18:00",209.03,860.89,,,,"     ",3.60,59.55,4.41
532,444745038,"00532M19:04:52.923","00532 19:18:01",209.01,860.85,,,,"     ",3.60,59.57,4.41
532,444745039,"00532M19:04:53.896","00532 19:18:02",208.98,860.85,,,,"     ",3.60,59.14,4.38
532,444745040,"00532M19:04:54.869","00532 19:18:03",208.93,860.79,,,,"     ",3.60,59.28,4.39
532,444745041,"00532M19:04:55.842","00532 19:18:04",208.88,860.85,,,,"     ",3.60,59.26,4.39
532,444745042,"00532M19:04:56.816","00532 19:18:05",208.83,860.80,,,,"     ",3.60,59.62,4.41
532,444745043,"00532M19:04:57.789","00532 19:18:06",208.77,860.81,,,,"     ",3.60,59.64,4.41
532,444745044,"00532M19:04:58.762","00532 19:18:07",208.73,860.75,,,,"     ",3.60,59.49,4.40
532,444745045,"00532M19:04:59.735","00532 19:18:08",208.68,860.93,,,,"     ",3.60,59.34,4.39
532,444745046,"00532M19:05:00.709","00532 19:18:09",208.65,860.79,,,,"     ",3.60,59.65,4.41
532,444745047,"00532M19:05:01.682","00532 19:18:10",208.64,860.78,,,,"     ",3.60,59.51,4.40
532,444745048,"00532M19:05:02.655","00532 19:18:11",208.63,860.83,,,,"     ",3.60,59.63,4.41
532,444745049,"00532M19:05:03.629","00532 19:18:12",208.64,860.84,,,,"     ",3.60,59.39,4.39
532,444745050,"00532M19:05:04.602","00532 19:18:13",208.66,860.93,,,,"     ",3.60,59.53,4.40
532,444745051,"00532M19:05:05.575","00532 19:18:14",208.69,860.81,,,,"     ",3.60,59.66,4.40
532,444745052,"00532M19:05:06.548","00532 19:18:15",208.73,860.86,,,,"     ",3.60,59.65,4.40
532,444745053,"00532M19:05:07.522","00532 19:18:16",208.77,860.88,,,,"     ",3.60,59.68,4.41
532,444745054,"00532M19:05:08.495","00532 19:18:17",208.81,860.80,,,,"     ",3.60,59.47,4.39
532,444745055,"00532M19:05:09.468","00532 19:18:18",208.85,860.79,,,,"     ",3.60,59.58,4.40
532,444745056,"00532M19:05:10.441","00532 19:18:19",208.88,860.72,,,,"     ",3.60,59.70,4.40
532,444745057,"00532M19:05:11.415","00532 19:18:20",208.91,860.85,,,,"     ",3.60,59.50,4.39
532,444745058,"00532M19:05:12.388","00532 19:18:21",208.92,860.90,,,,"     ",3.60,59.96,4.42
532,444745059,"00532M19:05:13.361","00532 19:18:22",208.93,860.80,,,,"     ",3.60,59.51,4.39
532,444745060,"00532M19:05:14.334","00532 19:18:23",208.92,860.92,,,,"     ",3.60,59.62,4.39
532,444745061,"00532M19:05:15.308","00532 19:18:24",208.91,860.87,,,,"     ",3.60,59.68,4.40
532,444745062,"00532M19:05:16.281","00532 19:18:25",208.89,860.90,,,,"     ",3.60,59.51,4.38
532,444745063,"00532M19:05:17.254","00532 19:18:26",208.85,860.95,,,,"     ",3.60,59.43,4.38
532,444745064,"00532M19:05:18.227","00532 19:18:27",208.82,860.86,,,,"     ",3.60,59.70,4.40
532,444745065,"00532M19:05:19.201","00532 19:18:28",208.77,860.88,,,,"     ",3.60,59.70,4.39
532,444745066,"00532M19:05:20.174","00532 19:18:29",208.73,860.96,,,,"     ",3.60,59.86,4.41
532,444745067,"00532M19:05:21.147","00532 19:18:30",208.68,861.02,,,,"     ",3.60,59.60,4.39
532,444745068,"00532M19:05:22.120","00532 19:18:31",208.64,860.97,,,,"     ",3.60,59.97,4.41
532,444745069,"00532M19:05:23.094","00532 19:18:32",208.60,860.95,,,,"     ",3.60,59.79,4.40
532,444745070,"00532M19:05:24.067","00532 19:18:33",208.57,861.00,,,,"     ",3.60,59.67,4.39
532,444745071,"00532M19:05:25.040","00532 19:18:34",208.56,861.01,,,,"     ",3.60,59.67,4.39
532,444745072,"00532M19:05:26.013","00532 19:18:34",208.55,860.96,,,,"     ",3.60,59.71,4.39
532,444745073,"00532M19:05:26.987","00532 19:18:35",208.53,860.94,,,,"     ",3.60,59.62,4.38
532,444745074,"00532M19:05:27.960","00532 19:18:36",208.50,860.85,,,,"     ",3.60,59.69,4.39
532,444745075,"00532M19:05:28.933","00532 19:18:37",208.48,860.88,,,,"     ",3.60,59.74,4.39
532,444745076,"00532M19:05:29.906","00532 19:18:38",208.45,860.84,,,,"     ",3.60,59.78,4.39
532,444745077,"00532M19:05:30.880","00532 19:18:39",208.41,860.88,,,,"     ",3.60,59.71,4.38
532,444745078,"00532M19:05:31.853","00532 19:18:40",208.38,860.90,,,,"     ",3.60,59.93,4.40
532,444745079,"00532M19:05:32.826","00532 19:18:41",208.35,860.94,,,,"     ",3.60,59.75,4.39
532,444745080,"00532M19:05:33.799","00532 19:18:42",208.31,860.95,,,,"     ",3.60,59.75,4.39
532,444745081,"00532M19:05:34.773","00532 19:18:43",208.27,861.03,,,,"     ",3.60,59.90,4.40
532,444745082,"00532M19:05:35.746","00532 19:18:44",208.23,860.96,,,,"     ",3.60,59.82,4.39
532,444745083,"00532M19:05:36.719","00532 19:18:45",208.19,860.88,,,,"     ",3.60,59.90,4.40
532,444745084,"00532M19:05:37.692","00532 19:18:46",208.14,860.94,,,,"     ",3.60,59.57,4.37
532,444745085,"00532M19:05:38.666","00532 19:18:47",208.09,860.99,,,,"     ",3.60,60.01,4.40
532,444745086,"00532M19:05:39.639","00532 19:18:48",208.04,860.98,,,,"     ",3.60,59.79,4.39
532,444745087,"00532M19:05:40.612","00532 19:18:49",207.99,860.89,,,,"     ",3.60,60.00,4.40
532,444745088,"00532M19:05:41.585","00532 19:18:50",207.93,860.97,,,,"     ",3.60,60.16,4.41
532,444745089,"00532M19:05:42.559","00532 19:18:51",207.87,860.97,,,,"     ",3.60,60.09,4.41
532,444745090,"00532M19:05:43.532","00532 19:18:52",207.81,860.95,,,,"     ",3.60,60.01,4.40
532,444745091,"00532M19:05:44.505","00532 19:18:53",208.13,860.93,,,95.37,"  101100",3.60,60.03,4.40
532,444745092,"00532M19:05:45.478","00532 19:18:54",208.18,860.94,,,,"     ",3.60,59.62,4.37
532,444745093,"00532M19:05:46.452","00532 19:18:55",208.22,861.02,,,,"     ",3.60,60.24,4.41
532,444745094,"00532M19:05:47.425","00532 19:18:56",208.26,860.90,,,,"     ",3.60,59.82,4.38
532,444745095,"00532M19:05:48.398","00532 19:18:57",208.29,861.00,,,,"     ",3.60,60.00,4.39
532,444745096,"00532M19:05:49.371","00532 19:18:58",208.32,861.01,,,,"     ",3.60,59.82,4.38
532,444745097,"00532M19:05:50.345","00532 19:18:59",208.34,860.99,,,,"     ",3.60,60.01,4.39
532,444745098,"00532M19:05:51.318","00532 19:19:00",208.35,860.98,,,,"     ",3.60,60.33,4.42
532,444745099,"00532M19:05:52.291","00532 19:19:01",208.37,860.95,,,,"     ",3.60,60.09,4.40
532,444745100,"00532M19:05:53.264","00532 19:19:02",208.38,860.99,,,,"     ",3.60,59.85,4.38
532,444745101,"00532M19:05:54.238","00532 19:19:03",208.38,860.99,,,,"     ",3.60,59.97,4.39
532,444745102,"00532M19:05:55.211","00532 19:19:04",208.38,860.95,,,,"     ",3.60,60.06,4.39
532,444745103,"00532M19:05:56.184","00532 19:19:05",208.38,861.01,,,,"     ",3.60,60.11,4.40
532,444745104,"00532M19:05:57.157","00532 19:19:06",208.37,861.00,,,,"     ",3.60,60.07,4.39
532,444745105,"00532M19:05:58.131","00532 19:19:07",208.34,860.92,,,,"     ",3.60,59.90,4.38
532,444745106,"00532M19:05:59.104","00532 19:19:08",208.32,861.00,,,,"     ",3.60,60.30,4.41
532,444745107,"00532M19:06:00.077","00532 19:19:09",208.29,861.05,,,,"     ",3.60,59.86,4.38
532,444745108,"00532M19:06:01.050","00532 19:19:10",208.26,861.00,,,,"     ",3.60,60.09,4.39
532,444745109,"00532M19:06:02.024","00532 19:19:11",208.23,860.99,,,,"     ",3.60,60.46,4.42
532,444745110,"00532M19:06:02.997","00532 19:19:11",208.20,860.92,,,,"     ",3.60,59.83,4.37
532,444745111,"00532M19:06:03.970","00532 19:19:12",208.16,860.99,,,,"     ",3.60,60.26,4.40
532,444745112,"00532M19:06:04.943","00532 19:19:13",208.14,860.97,,,,"     ",3.60,59.98,4.38
532,444745113,"00532M19:06:05.917","00532 19:19:14",208.12,860.99,,,,"     ",3.60,60.27,4.40
532,444745114,"00532M19:06:06.890","00532 19:19:15",208.12,861.01,,,,"     ",3.60,60.27,4.40
532,444745115,"00532M19:06:07.863","00532 19:19:16",208.13,861.07,,,,"     ",3.60,59.96,4.38
532,444745116,"00532M19:06:08.836","00532 19:19:17",208.14,861.10,,,,"     ",3.60,60.11,4.39
532,444745117,"00532M19:06:09.810","00532 19:19:18",208.15,860.97,,,,"     ",3.60,59.88,4.37
532,444745118,"00532M19:06:10.783","00532 19:19:19",208.15,860.96,,,,"     ",3.60,60.16,4.39
532,444745119,"00532M19:06:11.756","00532 19:19:20",208.13,860.94,,,,"     ",3.60,59.96,4.37
532,444745120,"00532M19:06:12.730","00532 19:19:21",208.11,861.04,,,,"     ",3.60,59.73,4.36
532,444745121,"00532M19:06:13.703","00532 19:19:22",208.10,860.91,,,,"     ",3.60,60.05,4.38
532,444745122,"00532M19:06:14.676","00532 19:19:23",208.09,860.91,,,,"     ",3.60,60.14,4.39
532,444745123,"00532M19:06:15.649","00532 19:19:24",208.08,860.99,,,,"     ",3.60,60.11,4.38
532,444745124,"00532M19:06:16.623","00532 19:19:25",208.06,861.01,,,,"     ",3.60,60.04,4.38
532,444745125,"00532M19:06:17.596","00532 19:19:26",208.05,861.02,,,,"     ",3.60,60.08,4.38
532,444745126,"00532M19:06:18.569","00532 19:19:27",208.04,861.08,,,,"     ",3.60,59.97,4.37
532,444745127,"00532M19:06:19.542","00532 19:19:28",208.03,861.06,,,,"     ",3.60,59.77,4.36
532,444745128,"00532M19:06:20.516","00532 19:19:29",208.03,861.13,,,,"     ",3.60,59.85,4.36
532,444745129,"00532M19:06:21.489","00532 19:19:30",208.01,861.02,,,,"     ",3.60,59.85,4.36
532,444745130,"00532M19:06:22.462","00532 19:19:31",207.98,861.13,,,,"     ",3.60,59.82,4.36
532,444745131,"00532M19:06:23.435","00532 19:19:32",207.93,861.11,,,,"     ",3.60,59.87,4.36
532,444745132,"00532M19:06:24.409","00532 19:19:33",207.86,861.10,,,,"     ",3.60,60.07,4.38
532,444745133,"00532M19:06:25.382","00532 19:19:34",207.78,861.10,,,,"     ",3.60,60.40,4.40
532,444745134,"00532M19:06:26.355","00532 19:19:35",207.72,861.04,,,,"     ",3.60,60.12,4.38
532,444745135,"00532M19:06:27.328","00532 19:19:36",207.68,861.12,,,,"     ",3.60,59.89,4.36
532,444745136,"00532M19:06:28.302","00532 19:19:37",207.67,861.11,,,,"     ",3.60,59.75,4.35
532,444745137,"00532M19:06:29.275","00532 19:19:38",207.67,861.12,,,,"     ",3.60,60.42,4.40
532,444745138,"00532M19:06:30.248","00532 19:19:39",207.69,861.11,,,,"     ",3.60,60.28,4.39
532,444745139,"00532M19:06:31.221","00532 19:19:40",207.71,861.08,,,,"     ",3.60,60.29,4.39
532,444745140,"00532M19:06:32.195","00532 19:19:41",207.74,861.08,,,,"     ",3.60,60.27,4.39
532,444745141,"00532M19:06:33.168","00532 19:19:42",207.80,861.11,,,,"     ",3.60,60.00,4.37
532,444745142,"00532M19:06:34.141","00532 19:19:43",207.87,861.22,,,,"     ",3.60,60.66,4.41
532,444745143,"00532M19:06:35.114","00532 19:19:44",207.94,861.15,,,,"     ",3.60,60.40,4.40
532,444745144,"00532M19:06:36.088","00532 19:19:45",207.99,861.13,,,,"     ",3.60,60.10,4.37
532,444745145,"00532M19:06:37.061","00532 19:19:46",208.03,861.13,,,,"     ",3.60,59.86,4.35
532,444745146,"00532M19:06:38.034","00532 19:19:47",208.08,861.16,,,,"     ",3.60,60.24,4.38
532,444745147,"00532M19:06:39.007","00532 19:19:47",208.12,861.20,,,,"     ",3.60,60.25,4.38
532,444745148,"00532M19:06:39.981","00532 19:19:48",208.15,861.21,,,,"     ",3.60,60.51,4.40
532,444745149,"00532M19:06:40.954","00532 19:19:49",208.17,861.13,,,,"     ",3.60,60.34,4.39
532,444745150,"00532M19:06:41.927","00532 19:19:50",208.17,861.17,,,,"     ",3.60,60.34,4.39
532,444745151,"00532M19:06:42.900","00532 19:19:51",208.14,861.06,,,,"     ",3.60,60.36,4.39
532,444745152,"00532M19:06:43.874","00532 19:19:52",208.12,861.13,,,,"     ",3.60,60.27,4.38
532,444745153,"00532M19:06:44.847","00532 19:19:53",208.10,861.13,,,,"     ",3.60,60.10,4.37
532,444745154,"00532M19:06:45.820","00532 19:19:54",208.10,861.15,,,,"     ",3.60,60.58,4.40
532,444745155,"00532M19:06:46.793","00532 19:19:55",208.10,861.20,,,,"     ",3.60,60.24,4.37
532,444745156,"00532M19:06:47.767","00532 19:19:56",208.09,861.07,,,,"     ",3.60,60.09,4.36
532,444745157,"00532M19:06:48.740","00532 19:19:57",208.08,861.01,,,,"     ",3.60,60.51,4.39
532,444745158,"00532M19:06:49.713","00532 19:19:58",208.06,861.06,,,,"     ",3.60,60.10,4.36
532,444745159,"00532M19:06:50.686","00532 19:19:59",208.03,861.15,,,,"     ",3.60,60.22,4.37
532,444745160,"00532M19:06:51.660","00532 19:20:00",207.99,861.11,,,,"     ",3.60,60.04,4.36
532,444745161,"00532M19:06:52.633","00532 19:20:01",207.95,861.19,,,,"     ",3.60,60.38,4.38
532,444745162,"00532M19:06:53.606","00532 19:20:02",207.91,861.21,,,,"     ",3.60,60.20,4.37
532,444745163,"00532M19:06:54.579","00532 19:20:03",207.89,861.20,,,,"     ",3.60,60.11,4.36
532,444745164,"00532M19:06:55.553","00532 19:20:04",207.89,861.21,,,,"     ",3.60,60.00,4.35
532,444745165,"00532M19:06:56.526","00532 19:20:05",207.93,861.22,,,,"     ",3.60,60.17,4.36
532,444745166,"00532M19:06:57.499","00532 19:20:06",207.98,861.18,,,,"     ",3.60,60.37,4.38
532,444745167,"00532M19:06:58.472","00532 19:20:07",208.04,861.24,,,,"     ",3.60,60.10,4.36
532,444745168,"00532M19:06:59.446","00532 19:20:08",208.10,861.14,,,,"     ",3.60,60.08,4.36
532,444745169,"00532M19:07:00.419","00532 19:20:09",208.14,861.18,,,,"     ",3.60,60.35,4.38
532,444745170,"00532M19:07:01.392","00532 19:20:10",208.16,861.18,,,,"     ",3.60,60.16,4.36
532,444745171,"00532M19:07:02.365","00532 19:20:11",208.15,861.21,,,,"     ",3.60,60.32,4.37
532,444745172,"00532M19:07:03.339","00532 19:20:12",208.11,861.18,,,,"     ",3.60,60.37,4.38
532,444745173,"00532M19:07:04.312","00532 19:20:13",208.06,861.30,,,,"     ",3.60,60.33,4.37
532,444745174,"00532M19:07:05.285","00532 19:20:14",208.00,861.23,,,,"     ",3.60,60.53,4.39
532,444745175,"00532M19:07:06.258","00532 19:20:15",207.94,861.26,,,,"     ",3.60,60.39,4.38
532,444745176,"00532M19:07:07.232","00532 19:20:16",207.89,861.28,,,,"     ",3.60,60.30,4.37
532,444745177,"00532M19:07:08.205","00532 19:20:17",207.84,861.28,,,,"     ",3.60,60.52,4.38
532,444745178,"00532M19:07:09.178","00532 19:20:18",207.80,861.25,,,,"     ",3.60,60.63,4.39
532,444745179,"00532M19:07:10.151","00532 19:20:19",207.78,861.23,,,,"     ",3.60,60.45,4.38
532,444745180,"00532M19:07:11.125","00532 19:20:20",207.78,861.19,,,,"     ",3.60,60.29,4.36
532,444745181,"00532M19:07:12.098","00532 19:20:21",207.79,861.21,,,,"     ",3.60,60.63,4.39
532,444745182,"00532M19:07:13.071","00532 19:20:22",207.81,861.21,,,,"     ",3.60,60.50,4.38
532,444745183,"00532M19:07:14.044","00532 19:20:23",207.83,861.31,,,,"     ",3.60,59.99,4.34
532,444745184,"00532M19:07:15.018","00532 19:20:24",207.86,861.31,,,,"     ",3.60,60.86,4.41
532,444745185,"00532M19:07:15.991","00532 19:20:24",207.89,861.27,,,,"     ",3.60,60.37,4.37
532,444745186,"00532M19:07:16.964","00532 19:20:25",207.90,861.19,,,,"     ",3.60,60.41,4.37
532,444745187,"00532M19:07:17.937","00532 19:20:26",207.89,861.15,,,,"     ",3.60,60.47,4.37
532,444745188,"00532M19:07:18.911","00532 19:20:27",207.88,861.21,,,,"     ",3.60,60.62,4.39
532,444745189,"00532M19:07:19.884","00532 19:20:28",207.85,861.21,,,,"     ",3.60,60.50,4.37
532,444745190,"00532M19:07:20.857","00532 19:20:29",207.81,861.28,,,,"     ",3.60,60.59,4.38
532,444745191,"00532M19:07:21.830","00532 19:20:30",207.77,861.46,,,,"     ",3.60,60.55,4.38
532,444745192,"00532M19:07:22.804","00532 19:20:31",207.75,861.37,,,,"     ",3.60,60.64,4.38
532,444745193,"00532M19:07:23.777","00532 19:20:32",207.75,861.33,,,,"     ",3.60,60.47,4.37
532,444745194,"00532M19:07:24.750","00532 19:20:33",207.78,861.38,,,,"     ",3.60,60.74,4.39
532,444745195,"00532M19:07:25.724","00532 19:20:34",207.84,861.28,,,,"     ",3.60,60.64,4.38
532,444745196,"00532M19:07:26.697","00532 19:20:35",207.89,861.23,,,,"     ",3.60,60.62,4.38
532,444745197,"00532M19:07:27.670","00532 19:20:36",207.94,861.32,,,,"     ",3.60,60.32,4.36
532,444745198,"00532M19:07:28.643","00532 19:20:37",207.97,861.26,,,,"     ",3.60,60.36,4.36
532,444745199,"00532M19:07:29.617","00532 19:20:38",208.00,861.27,,,,"     ",3.60,60.61,4.38
532,444745200,"00532M19:07:30.590","00532 19:20:39",208.01,861.21,,,,"     ",3.60,60.61,4.38
532,444745201,"00532M19:07:31.563","00532 19:20:40",208.01,861.32,,,,"     ",3.60,60.75,4.39
532,444745202,"00532M19:07:32.536","00532 19:20:41",207.98,861.34,,,,"     ",3.60,60.44,4.36
532,444745203,"00532M19:07:33.510","00532 19:20:42",207.93,861.31,,,,"     ",3.60,60.65,4.38
532,444745204,"00532M19:07:34.483","00532 19:20:43",207.86,861.31,,,,"     ",3.60,60.23,4.35
532,444745205,"00532M19:07:35.456","00532 19:20:44",207.79,861.36,,,,"     ",3.60,60.07,4.33
532,444745206,"00532M19:07:36.429","00532 19:20:45",207.72,861.34,,,,"     ",3.60,60.38,4.36
532,444745207,"00532M19:07:37.403","00532 19:20:46",207.66,861.36,,,,"     ",3.60,60.51,4.37
532,444745208,"00532M19:07:38.376","00532 19:20:47",207.62,861.30,,,,"     ",3.60,60.72,4.38
532,444745209,"00532M19:07:39.349","00532 19:20:48",207.60,861.29,,,,"     ",3.60,60.66,4.38
532,444745210,"00532M19:07:40.322","00532 19:20:49",207.58,861.32,,,,"     ",3.60,60.71,4.38
532,444745211,"00532M19:07:41.296","00532 19:20:50",207.56,861.33,,,,"     ",3.60,60.59,4.37
532,444745212,"00532M19:07:42.269","00532 19:20:51",207.55,861.28,,,,"     ",3.60,60.83,4.39
532,444745213,"00532M19:07:43.242","00532 19:20:52",207.56,861.31,,,,"     ",3.60,60.84,4.39
532,444745214,"00532M19:07:44.215","00532 19:20:53",207.58,861.32,,,,"     ",3.60,60.53,4.36
532,444745215,"00532M19:07:45.189","00532 19:20:54",207.60,861.38,,,,"     ",3.60,60.50,4.36
532,444745216,"00532M19:07:46.162","00532 19:20:55",207.65,861.31,,,,"     ",3.60,60.44,4.36
532,444745217,"00532M19:07:47.135","00532 19:20:56",207.71,861.29,,,,"     ",3.60,60.15,4.33
532,444745218,"00532M19:07:48.108","00532 19:20:57",207.78,861.29,,,,"     ",3.60,60.57,4.37
532,444745219,"00532M19:07:49.082","00532 19:20:58",207.83,861.30,,,,"     ",3.60,60.19,4.34
532,444745220,"00532M19:07:50.055","00532 19:20:59",207.86,861.29,,,,"     ",3.60,60.56,4.36
532,444745221,"00532M19:07:51.028","00532 19:21:00",207.87,861.32,,,,"     ",3.60,60.55,4.36
532,444745222,"00532M19:07:52.001","00532 19:21:00",207.87,861.35,,,,"     ",3.60,60.70,4.37
532,444745223,"00532M19:07:52.975","00532 19:21:01",207.89,861.34,,,,"     ",3.60,60.52,4.36
532,444745224,"00532M19:07:53.948","00532 19:21:02",207.93,861.33,,,,"     ",3.60,60.81,4.38
532,444745225,"00532M19:07:54.921","00532 19:21:03",208.00,861.35,,,,"     ",3.60,60.30,4.34
532,444745226,"00532M19:07:55.894","00532 19:21:04",208.08,861.39,,,,"     ",3.60,60.82,4.38
532,444745227,"00532M19:07:56.868","00532 19:21:05",208.14,861.29,,,,"     ",3.60,60.47,4.35
532,444745228,"00532M19:07:57.841","00532 19:21:06",208.17,861.31,,,,"     ",3.60,60.65,4.37
532,444745229,"00532M19:07:58.814","00532 19:21:07",208.16,861.38,,,,"     ",3.60,60.71,4.37
532,444745230,"00532M19:07:59.787","00532 19:21:08",208.11,861.32,,,,"     ",3.60,60.27,4.34
532,444745231,"00532M19:08:00.761","00532 19:21:09",208.06,861.39,,,,"     ",3.60,61.07,4.40
532,444745232,"00532M19:08:01.734","00532 19:21:10",208.01,861.37,,,,"     ",3.60,60.65,4.36
532,444745233,"00532M19:08:02.707","00532 19:21:11",207.99,861.41,,,,"     ",3.60,60.49,4.35
532,444745234,"00532M19:08:03.680","00532 19:21:12",207.98,861.39,,,,"     ",3.60,60.16,4.33
532,444745235,"00532M19:08:04.654","00532 19:21:13",207.98,861.37,,,,"     ",3.60,60.45,4.35
532,444745236,"00532M19:08:05.627","00532 19:21:14",207.96,861.38,,,,"     ",3.60,60.31,4.34
532,444745237,"00532M19:08:06.600","00532 19:21:15",207.92,861.46,,,,"     ",3.60,60.74,4.37
532,444745238,"00532M19:08:07.573","00532 19:21:16",207.87,861.35,,,,"     ",3.60,60.42,4.34
532,444745239,"00532M19:08:08.547","00532 19:21:17",207.81,861.42,,,,"     ",3.60,60.69,4.36
532,444745240,"00532M19:08:09.520","00532 19:21:18",207.77,861.46,,,,"     ",3.60,60.47,4.35
532,444745241,"00532M19:08:10.493","00532 19:21:19",207.77,861.51,,,,"     ",3.60,60.60,4.36
532,444745242,"00532M19:08:11.466","00532 19:21:20",207.81,861.40,,,,"     ",3.60,60.80,4.37
532,444745243,"00532M19:08:12.440","00532 19:21:21",207.87,861.52,,,,"     ",3.60,60.83,4.37
532,444745244,"00532M19:08:13.413","00532 19:21:22",207.93,861.54,,,,"     ",3.60,60.80,4.37
532,444745245,"00532M19:08:14.386","00532 19:21:23",207.99,861.46,,,,"     ",3.60,60.81,4.37
532,444745246,"00532M19:08:15.359","00532 19:21:24",208.03,861.44,,,,"     ",3.60,60.78,4.37
532,444745247,"00532M19:08:16.333","00532 19:21:25",208.05,861.37,,,,"     ",3.60,60.78,4.37
532,444745248,"00532M19:08:17.306","00532 19:21:26",208.06,861.42,,,,"     ",3.60,60.36,4.33
532,444745249,"00532M19:08:18.279","00532 19:21:27",208.05,861.48,,,,"     ",3.60,60.86,4.37
532,444745250,"00532M19:08:19.252","00532 19:21:28",208.04,861.42,,,,"     ",3.60,60.55,4.35
532,444745251,"00532M19:08:20.226","00532 19:21:29",208.03,861.46,,,,"     ",3.60,60.53,4.35
532,444745252,"00532M19:08:21.199","00532 19:21:30",208.02,861.48,,,,"     ",3.60,60.90,4.38
532,444745253,"00532M19:08:22.172","00532 19:21:31",207.99,861.46,,,,"     ",3.60,61.05,4.38
532,444745254,"00532M19:08:23.145","00532 19:21:32",207.96,861.50,,,,"     ",3.60,60.43,4.34
532,444745255,"00532M19:08:24.119","00532 19:21:33",207.91,861.47,,,,"     ",3.60,60.80,4.37
532,444745256,"00532M19:08:25.092","00532 19:21:34",207.87,861.46,,,,"     ",3.60,61.02,4.38
532,444745257,"00532M19:08:26.065","00532 19:21:35",207.84,861.52,,,,"     ",3.60,60.68,4.36
532,444745258,"00532M19:08:27.038","00532 19:21:36",207.82,861.39,,,,"     ",3.60,60.73,4.36
532,444745259,"00532M19:08:28.012","00532 19:21:37",207.83,861.51,,,,"     ",3.60,60.66,4.35
532,444745260,"00532M19:08:28.985","00532 19:21:37",207.85,861.46,,,,"     ",3.60,60.37,4.33
532,444745261,"00532M19:08:29.958","00532 19:21:38",207.89,861.47,,,,"     ",3.60,60.90,4.37
532,444745262,"00532M19:08:30.931","00532 19:21:39",207.94,861.41,,,,"     ",3.60,60.74,4.36
532,444745263,"00532M19:08:31.905","00532 19:21:40",208.00,861.45,,,,"     ",3.60,60.72,4.36
532,444745264,"00532M19:08:32.878","00532 19:21:41",208.06,861.49,,,,"     ",3.60,60.86,4.37
532,444745265,"00532M19:08:33.851","00532 19:21:42",208.13,861.46,,,,"     ",3.60,61.11,4.38
532,444745266,"00532M19:08:34.825","00532 19:21:43",208.20,861.45,,,,"     ",3.60,60.67,4.35
532,444745267,"00532M19:08:35.798","00532 19:21:44",208.26,861.46,,,,"     ",3.60,61.00,4.38
532,444745268,"00532M19:08:36.771","00532 19:21:45",208.32,861.48,,,,"     ",3.60,60.61,4.35
532,444745269,"00532M19:08:37.744","00532 19:21:46",208.37,861.50,,,,"     ",3.60,60.44,4.33
532,444745270,"00532M19:08:38.718","00532 19:21:47",208.41,861.45,,,,"     ",3.60,60.73,4.35
532,444745271,"00532M19:08:39.691","00532 19:21:48",208.45,861.48,,,,"     ",3.60,60.62,4.35
532,444745272,"00532M19:08:40.664","00532 19:21:49",208.47,861.51,,,,"     ",3.60,60.79,4.36
532,444745273,"00532M19:08:41.637","00532 19:21:50",208.48,861.46,,,,"     ",3.60,60.78,4.36
532,444745274,"00532M19:08:42.611","00532 19:21:51",208.48,861.48,,,,"     ",3.60,60.54,4.34
532,444745275,"00532M19:08:43.584","00532 19:21:52",208.47,861.45,,,,"     ",3.60,60.37,4.33
532,444745276,"00532M19:08:44.557","00532 19:21:53",208.45,861.48,,,,"     ",3.60,60.54,4.34
532,444745277,"00532M19:08:45.530","00532 19:21:54",208.41,861.47,,,,"     ",3.60,60.67,4.35
532,444745278,"00532M19:08:46.504","00532 19:21:55",208.35,861.40,,,,"     ",3.60,60.52,4.34
532,444745279,"00532M19:08:47.477","00532 19:21:56",208.29,861.41,,,,"     ",3.60,60.39,4.33
532,444745280,"00532M19:08:48.450","00532 19:21:57",208.21,861.43,,,,"     ",3.60,60.63,4.34
532,444745281,"00532M19:08:49.423","00532 19:21:58",208.12,861.45,,,,"     ",3.60,60.57,4.34
532,444745282,"00532M19:08:50.397","00532 19:21:59",208.02,861.56,,,,"     ",3.60,60.28,4.32
532,444745283,"00532M19:08:51.370","00532 19:22:00",207.91,861.52,,,,"     ",3.60,60.44,4.33
532,444745284,"00532M19:08:52.343","00532 19:22:01",207.81,861.58,,,,"     ",3.60,60.77,4.35
532,444745285,"00532M19:08:53.316","00532 19:22:02",207.72,861.53,,,,"     ",3.60,60.77,4.35
532,444745286,"00532M19:08:54.290","00532 19:22:03",207.65,861.57,,,,"     ",3.60,60.61,4.34
532,444745287,"00532M19:08:55.263","00532 19:22:04",207.59,861.60,,,,"     ",3.60,60.65,4.35
532,444745288,"00532M19:08:56.236","00532 19:22:05",207.53,861.50,,,,"     ",3.60,60.66,4.35
532,444745289,"00532M19:08:57.209","00532 19:22:06",207.47,861.62,,,,"     ",3.60,60.19,4.31
532,444745290,"00532M19:08:58.183","00532 19:22:07",207.42,861.61,,,,"     ",3.60,60.61,4.34
532,444745291,"00532M19:08:59.156","00532 19:22:08",207.37,861.57,,,,"     ",3.60,60.52,4.34
532,444745292,"00532M19:09:00.129","00532 19:22:09",207.34,861.57,,,,"     ",3.60,60.20,4.31
532,444745293,"00532M19:09:01.102","00532 19:22:10",207.33,861.59,,,,"     ",3.60,60.22,4.31
532,444745294,"00532M19:09:02.076","00532 19:22:11",207.35,861.53,,,,"     ",3.60,60.35,4.32
532,444745295,"00532M19:09:03.049","00532 19:22:12",207.38,861.52,,,,"     ",3.60,60.66,4.35
532,444745296,"00532M19:09:04.022","00532 19:22:13",207.43,861.51,,,,"     ",3.60,60.58,4.34
532,444745297,"00532M19:09:04.995","00532 19:22:13",207.49,861.50,,,,"     ",3.60,60.27,4.32
532,444745298,"00532M19:09:05.969","00532 19:22:14",207.53,861.59,,,,"     ",3.60,60.11,4.31
532,444745299,"00532M19:09:06.942","00532 19:22:15",207.56,861.60,,,,"     ",3.60,60.46,4.33
532,444745300,"00532M19:09:07.915","00532 19:22:16",207.60,861.52,,,,"     ",3.60,60.14,4.31
532,444745301,"00532M19:09:08.888","00532 19:22:17",207.63,861.57,,,,"     ",3.60,60.46,4.33
532,444745302,"00532M19:09:09.862","00532 19:22:18",207.66,861.54,,,,"     ",3.60,60.68,4.35
532,444745303,"00532M19:09:10.835","00532 19:22:19",207.67,861.54,,,,"     ",3.60,60.58,4.34
532,444745304,"00532M19:09:11.808","00532 19:22:20",207.68,861.57,,,,"     ",3.60,60.57,4.34
532,444745305,"00532M19:09:12.781","00532 19:22:21",207.69,861.55,,,,"     ",3.60,60.55,4.34
532,444745306,"00532M19:09:13.755","00532 19:22:22",207.67,861.51,,,,"     ",3.60,60.27,4.32
532,444745307,"00532M19:09:14.728","00532 19:22:23",207.63,861.57,,,,"     ",3.60,60.49,4.34
532,444745308,"00532M19:09:15.701","00532 19:22:24",207.56,861.61,,,,"     ",3.60,60.51,4.34
532,444745309,"00532M19:09:16.674","00532 19:22:25",207.49,861.60,,,,"     ",3.60,60.62,4.35
532,444745310,"00532M19:09:17.648","00532 19:22:26",207.43,861.65,,,,"     ",3.60,60.34,4.32
532,444745311,"00532M19:09:18.621","00532 19:22:27",207.38,861.64,,,,"     ",3.60,60.29,4.32
532,444745312,"00532M19:09:19.594","00532 19:22:28",207.35,861.62,,,,"     ",3.60,60.37,4.33
532,444745313,"00532M19:09:20.567","00532 19:22:29",207.32,861.62,,,,"     ",3.60,60.09,4.31
532,444745314,"00532M19:09:21.541","00532 19:22:30",207.30,861.61,,,,"     ",3.60,60.74,4.36
532,444745315,"00532M19:09:22.514","00532 19:22:31",207.27,861.68,,,,"     ",3.60,60.59,4.34
532,444745316,"00532M19:09:23.487","00532 19:22:32",207.25,861.61,,,,"     ",3.60,60.18,4.31
532,444745317,"00532M19:09:24.460","00532 19:22:33",207.22,861.63,,,,"     ",3.60,60.34,4.33
532,444745318,"00532M19:09:25.434","00532 19:22:34",207.18,861.60,,,,"     ",3.60,59.99,4.30
532,444745319,"00532M19:09:26.407","00532 19:22:35",207.15,861.68,,,,"     ",3.60,60.50,4.34
532,444745320,"00532M19:09:27.380","00532 19:22:36",207.12,861.66,,,,"     ",3.60,60.42,4.33
532,444745321,"00532M19:09:28.353","00532 19:22:37",207.11,861.62,,,,"     ",3.60,60.47,4.34
532,444745322,"00532M19:09:29.327","00532 19:22:38",207.11,861.63,,,,"     ",3.60,60.31,4.32
532,444745323,"00532M19:09:30.300","00532 19:22:39",207.12,861.67,,,,"     ",3.60,60.27,4.32
532,444745324,"00532M19:09:31.273","00532 19:22:40",207.11,861.65,,,,"     ",3.60,60.50,4.34
532,444745325,"00532M19:09:32.246","00532 19:22:41",207.10,861.65,,,,"     ",3.60,60.43,4.33
532,444745326,"00532M19:09:33.220","00532 19:22:42",207.07,861.64,,,,"     ",3.60,60.54,4.34
532,444745327,"00532M19:09:34.193","00532 19:22:43",207.04,861.67,,,,"     ",3.60,60.41,4.33
532,444745328,"00532M19:09:35.166","00532 19:22:44",207.04,861.71,,,,"     ",3.60,59.82,4.29
532,444745329,"00532M19:09:36.139","00532 19:22:45",207.05,861.76,,,,"     ",3.60,59.94,4.30
532,444745330,"00532M19:09:37.113","00532 19:22:46",207.08,861.79,,,,"     ",3.60,60.42,4.33
532,444745331,"00532M19:09:38.086","00532 19:22:47",207.12,861.76,,,,"     ",3.60,60.03,4.31
532,444745332,"00532M19:09:39.059","00532 19:22:48",207.14,861.69,,,,"     ",3.60,60.69,4.35
532,444745333,"00532M19:09:40.032","00532 19:22:49",207.16,861.78,,,,"     ",3.60,60.23,4.32
532,444745334,"00532M19:09:41.006","00532 19:22:50",207.16,861.77,,,,"     ",3.60,59.83,4.29
532,444745335,"00532M19:09:41.979","00532 19:22:50",207.14,861.72,,,,"     ",3.60,60.45,4.34
532,444745336,"00532M19:09:42.952","00532 19:22:51",207.13,861.69,,,,"     ",3.60,60.16,4.31
532,444745337,"00532M19:09:43.926","00532 19:22:52",207.12,861.66,,,,"     ",3.60,60.26,4.32
532,444745338,"00532M19:09:44.899","00532 19:22:53",207.12,861.65,,,,"     ",3.60,60.23,4.32
532,444745339,"00532M19:09:45.872","00532 19:22:54",207.12,861.68,,,,"     ",3.60,60.16,4.31
532,444745340,"00532M19:09:46.845","00532 19:22:55",207.12,861.64,,,,"     ",3.60,60.56,4.34
532,444745341,"00532M19:09:47.819","00532 19:22:56",207.12,861.61,,,,"     ",3.60,60.17,4.32
532,444745342,"00532M19:09:48.792","00532 19:22:57",207.11,861.65,,,,"     ",3.60,60.34,4.33
532,444745343,"00532M19:09:49.765","00532 19:22:58",207.09,861.69,,,,"     ",3.60,60.17,4.32
532,444745344,"00532M19:09:50.738","00532 19:22:59",207.07,861.65,,,,"     ",3.60,60.19,4.32
532,444745345,"00532M19:09:51.712","00532 19:23:00",207.06,861.63,,,,"     ",3.60,60.07,4.31
532,444745346,"00532M19:09:52.685","00532 19:23:01",207.08,861.65,,,,"     ",3.60,60.08,4.31
532,444745347,"00532M19:09:53.658","00532 19:23:02",207.11,861.71,,,,"     ",3.60,60.23,4.32
532,444745348,"00532M19:09:54.631","00532 19:23:03",207.15,861.65,,,,"     ",3.60,60.25,4.32
532,444745349,"00532M19:09:55.605","00532 19:23:04",207.19,861.67,,,,"     ",3.60,60.52,4.34
532,444745350,"00532M19:09:56.578","00532 19:23:05",207.20,861.65,,,,"     ",3.60,60.31,4.33
532,444745351,"00532M19:09:57.551","00532 19:23:06",207.18,861.65,,,,"     ",3.60,60.23,4.32
532,444745352,"00532M19:09:58.524","00532 19:23:07",207.14,861.65,,,,"     ",3.60,60.28,4.32
532,444745353,"00532M19:09:59.498","00532 19:23:08",207.10,861.71,,,,"     ",3.60,60.21,4.32
532,444745354,"00532M19:10:00.471","00532 19:23:09",207.06,861.76,,,,"     ",3.60,60.17,4.31
532,444745355,"00532M19:10:01.444","00532 19:23:10",207.02,861.74,,,,"     ",3.60,60.55,4.34
532,444745356,"00532M19:10:02.417","00532 19:23:11",206.98,861.69,,,,"     ",3.60,60.14,4.31
532,444745357,"00532M19:10:03.391","00532 19:23:12",206.94,861.74,,,,"     ",3.60,60.14,4.31
532,444745358,"00532M19:10:04.364","00532 19:23:13",206.92,861.73,,,,"     ",3.60,60.27,4.32
532,444745359,"00532M19:10:05.337","00532 19:23:14",206.91,861.72,,,,"     ",3.60,60.14,4.31
532,444745360,"00532M19:10:06.310","00532 19:23:15",206.93,861.76,,,,"     ",3.60,60.44,4.33
532,444745361,"00532M19:10:07.284","00532 19:23:16",206.96,861.71,,,,"     ",3.60,60.37,4.33
532,444745362,"00532M19:10:08.257","00532 19:23:17",206.98,861.63,,,,"     ",3.60,60.38,4.33
532,444745363,"00532M19:10:09.230","00532 19:23:18",206.99,861.71,,,,"     ",3.60,60.44,4.33
532,444745364,"00532M19:10:10.203","00532 19:23:19",207.00,861.71,,,,"     ",3.60,60.39,4.33
532,444745365,"00532M19:10:11.177","00532 19:23:20",206.97,861.73,,,,"     ",3.60,60.50,4.34
532,444745366,"00532M19:10:12.150","00532 19:23:21",206.93,861.80,,,,"     ",3.60,60.36,4.33
532,444745367,"00532M19:10:13.123","00532 19:23:22",206.87,861.68,,,,"     ",3.60,60.32,4.32
532,444745368,"00532M19:10:14.096","00532 19:23:23",206.82,861.79,,,,"     ",3.60,60.40,4.33
532,444745369,"00532M19:10:15.070","00532 19:23:24",206.79,861.84,,,,"     ",3.60,60.50,4.34
532,444745370,"00532M19:10:16.043","00532 19:23:25",206.77,861.82,,,,"     ",3.60,60.46,4.33
532,444745371,"00532M19:10:17.016","00532 19:23:26",206.76,861.80,,,,"     ",3.60,60.75,4.35
532,444745372,"00532M19:10:17.989","00532 19:23:26",206.78,861.86,,,,"     ",3.60,60.19,4.31
532,444745373,"00532M19:10:18.963","00532 19:23:27",206.81,861.84,,,,"     ",3.60,59.98,4.30
532,444745374,"00532M19:10:19.936","00532 19:23:28",206.86,861.79,,,,"     ",3.60,60.42,4.33
532,444745375,"00532M19:10:20.909","00532 19:23:29",206.91,861.80,,,,"     ",3.60,60.23,4.31
532,444745376,"00532M19:10:21.882","00532 19:23:30",206.98,861.75,,,,"     ",3.60,60.51,4.33
532,444745377,"00532M19:10:22.856","00532 19:23:31",207.06,861.66,,,,"     ",3.60,60.38,4.32
532,444745378,"00532M19:10:23.829","00532 19:23:32",207.14,861.82,,,,"     ",3.60,60.50,4.33
532,444745379,"00532M19:10:24.802","00532 19:23:33",207.22,861.82,,,,"     ",3.60,60.37,4.32
532,444745380,"00532M19:10:25.775","00532 19:23:34",207.28,861.83,,,,"     ",3.60,60.37,4.32
532,444745381,"00532M19:10:26.749","00532 19:23:35",207.32,861.80,,,,"     ",3.60,60.45,4.33
532,444745382,"00532M19:10:27.722","00532 19:23:36",207.33,861.83,,,,"     ",3.60,60.27,4.31
532,444745383,"00532M19:10:28.695","00532 19:23:37",207.31,861.81,,,,"     ",3.60,60.48,4.33
532,444745384,"00532M19:10:29.668","00532 19:23:38",207.28,861.76,,,,"     ",3.60,60.69,4.34
532,444745385,"00532M19:10:30.642","00532 19:23:39",207.27,861.88,,,,"     ",3.60,60.59,4.34
532,444745386,"00532M19:10:31.615","00532 19:23:40",207.25,861.86,,,,"     ",3.60,60.61,4.34
532,444745387,"00532M19:10:32.588","00532 19:23:41",207.24,861.83,,,,"     ",3.60,60.40,4.32
532,444745388,"00532M19:10:33.561","00532 19:23:42",207.22,861.88,,,,"     ",3.60,60.42,4.32
532,444745389,"00532M19:10:34.535","00532 19:23:43",207.20,861.83,,,,"     ",3.60,60.34,4.31
532,444745390,"00532M19:10:35.508","00532 19:23:44",207.18,861.76,,,,"     ",3.60,60.69,4.34
532,444745391,"00532M19:10:36.481","00532 19:23:45",207.16,861.82,,,,"     ",3.60,60.58,4.33
532,444745392,"00532M19:10:37.454","00532 19:23:46",207.14,861.83,,,,"     ",3.60,60.61,4.33
532,444745393,"00532M19:10:38.428","00532 19:23:47",207.11,861.83,,,,"     ",3.60,60.53,4.33
532,444745394,"00532M19:10:39.401","00532 19:23:48",207.08,861.80,,,,"     ",3.60,60.66,4.34
532,444745395,"00532M19:10:40.374","00532 19:23:49",207.05,861.87,,,,"     ",3.60,60.52,4.33
532,444745396,"00532M19:10:41.347","00532 19:23:50",207.02,861.90,,,,"     ",3.60,60.78,4.34
532,444745397,"00532M19:10:42.321","00532 19:23:51",206.98,861.85,,,,"     ",3.60,60.47,4.32
532,444745398,"00532M19:10:43.294","00532 19:23:52",206.94,861.91,,,,"     ",3.60,60.22,4.30
532,444745399,"00532M19:10:44.267","00532 19:23:53",205.92,861.82,,,95.38,"  101100",3.60,60.71,4.34
532,444745400,"00532M19:10:45.240","00532 19:23:54",206.09,861.86,,,,"     ",3.60,60.92,4.35
532,444745401,"00532M19:10:46.214","00532 19:23:55",206.24,861.83,,,,"     ",3.60,61.01,4.36
532,444745402,"00532M19:10:47.187","00532 19:23:56",206.39,861.87,,,,"     ",3.60,60.34,4.31
532,444745403,"00532M19:10:48.160","00532 19:23:57",206.53,861.86,,,,"     ",3.60,60.73,4.34
532,444745404,"00532M19:10:49.133","00532 19:23:58",206.66,861.86,,,,"     ",3.60,60.61,4.33
532,444745405,"00532M19:10:50.107","00532 19:23:59",206.79,861.78,,,,"     ",3.60,61.00,4.35
532,444745406,"00532M19:10:51.080","00532 19:24:00",206.90,861.83,,,,"     ",3.60,61.08,4.36
532,444745407,"00532M19:10:52.053","00532 19:24:01",207.01,861.87,,,,"     ",3.60,60.73,4.34
532,444745408,"00532M19:10:53.027","00532 19:24:02",207.10,861.84,,,,"     ",3.60,60.83,4.34
532,444745409,"00532M19:10:54.000","00532 19:24:03",207.19,861.81,,,,"     ",3.60,60.32,4.30
532,444745410,"00532M19:10:54.973","00532 19:24:03",207.27,861.88,,,,"     ",3.60,60.57,4.32
532,444745411,"00532M19:10:55.946","00532 19:24:04",207.35,861.95,,,,"     ",3.60,60.53,4.32
532,444745412,"00532M19:10:56.920","00532 19:24:05",207.42,861.84,,,,"     ",3.60,60.72,4.33
532,444745413,"00532M19:10:57.893","00532 19:24:06",207.49,861.86,,,,"     ",3.60,60.44,4.31
532,444745414,"00532M19:10:58.866","00532 19:24:07",207.52,861.95,,,,"     ",3.60,60.60,4.32
532,444745415,"00532M19:10:59.839","00532 19:24:08",207.53,861.93,,,,"     ",3.60,61.07,4.36
532,444745416,"00532M19:11:00.813","00532 19:24:09",207.52,861.91,,,,"     ",3.60,60.68,4.33
532,444745417,"00532M19:11:01.786","00532 19:24:10",207.51,861.93,,,,"     ",3.60,61.09,4.36
532,444745418,"00532M19:11:02.759","00532 19:24:11",207.50,861.90,,,,"     ",3.60,60.90,4.34
532,444745419,"00532M19:11:03.732","00532 19:24:12",207.49,861.85,,,,"     ",3.60,60.82,4.34
532,444745420,"00532M19:11:04.706","00532 19:24:13",207.48,861.89,,,,"     ",3.60,60.79,4.34
532,444745421,"00532M19:11:05.679","00532 19:24:14",207.47,861.87,,,,"     ",3.60,61.03,4.35
532,444745422,"00532M19:11:06.652","00532 19:24:15",207.45,861.90,,,,"     ",3.60,60.63,4.32
532,444745423,"00532M19:11:07.625","00532 19:24:16",207.43,861.94,,,,"     ",3.60,60.90,4.34
532,444745424,"00532M19:11:08.599","00532 19:24:17",207.40,861.91,,,,"     ",3.60,60.99,4.35
532,444745425,"00532M19:11:09.572","00532 19:24:18",207.38,861.89,,,,"     ",3.60,60.84,4.34
532,444745426,"00532M19:11:10.545","00532 19:24:19",207.35,861.89,,,,"     ",3.60,60.74,4.33
532,444745427,"00532M19:11:11.518","00532 19:24:20",207.31,861.92,,,,"     ",3.60,60.74,4.33
532,444745428,"00532M19:11:12.492","00532 19:24:21",207.27,861.96,,,,"     ",3.60,60.72,4.33
532,444745429,"00532M19:11:13.465","00532 19:24:22",207.21,861.94,,,,"     ",3.60,60.74,4.33
532,444745430,"00532M19:11:14.438","00532 19:24:23",207.13,861.85,,,,"     ",3.60,60.82,4.33
532,444745431,"00532M19:11:15.411","00532 19:24:24",207.05,861.87,,,,"     ",3.60,60.83,4.33
532,444745432,"00532M19:11:16.385","00532 19:24:25",206.97,861.91,,,,"     ",3.60,60.83,4.33
532,444745433,"00532M19:11:17.358","00532 19:24:26",206.91,861.99,,,,"     ",3.60,61.04,4.35
532,444745434,"00532M19:11:18.331","00532 19:24:27",206.87,862.00,,,,"     ",3.60,60.86,4.34
532,444745435,"00532M19:11:19.304","00532 19:24:28",206.85,861.97,,,,"     ",3.60,60.86,4.34
532,444745436,"00532M19:11:20.278","00532 19:24:29",206.85,861.99,,,,"     ",3.60,61.49,4.38
532,444745437,"00532M19:11:21.251","00532 19:24:30",206.87,861.89,,,,"     ",3.60,61.00,4.34
532,444745438,"00532M19:11:22.224","00532 19:24:31",206.89,861.96,,,,"     ",3.60,60.90,4.34
532,444745439,"00532M19:11:23.197","00532 19:24:32",206.91,861.94,,,,"     ",3.60,61.01,4.35
532,444745440,"00532M19:11:24.171","00532 19:24:33",206.92,862.00,,,,"     ",3.60,61.10,4.35
532,444745441,"00532M19:11:25.144","00532 19:24:34",206.93,861.99,,,,"     ",3.60,60.94,4.34
532,444745442,"00532M19:11:26.117","00532 19:24:35",206.94,861.99,,,,"     ",3.60,60.62,4.32
532,444745443,"00532M19:11:27.090","00532 19:24:36",206.95,861.98,,,,"     ",3.60,61.03,4.35
532,444745444,"00532M19:11:28.064","00532 19:24:37",206.97,861.93,,,,"     ",3.60,61.01,4.34
532,444745445,"00532M19:11:29.037","00532 19:24:38",206.99,862.00,,,,"     ",3.60,61.12,4.35
532,444745446,"00532M19:11:30.010","00532 19:24:39",207.02,862.03,,,,"     ",3.60,60.78,4.33
532,444745447,"00532M19:11:30.983","00532 19:24:40",207.05,861.91,,,,"     ",3.60,61.30,4.37
532,444745448,"00532M19:11:31.957","00532 19:24:40",207.07,861.98,,,,"     ",3.60,60.91,4.34
532,444745449,"00532M19:11:32.930","00532 19:24:41",207.09,861.96,,,,"     ",3.60,60.97,4.34
532,444745450,"00532M19:11:33.903","00532 19:24:42",207.11,861.95,,,,"     ",3.60,60.80,4.33
532,444745451,"00532M19:11:34.876","00532 19:24:43",207.14,862.03,,,,"     ",3.60,60.87,4.33
532,444745452,"00532M19:11:35.850","00532 19:24:44",207.19,862.02,,,,"     ",3.60,61.31,4.37
532,444745453,"00532M19:11:36.823","00532 19:24:45",207.27,861.99,,,,"     ",3.60,60.96,4.34
532,444745454,"00532M19:11:37.796","00532 19:24:46",207.29,861.98,,,,"     ",3.60,60.91,4.34
532,444745455,"00532M19:11:38.769","00532 19:24:47",207.27,862.00,,,,"     ",3.60,61.38,4.37
532,444745456,"00532M19:11:39.743","00532 19:24:48",207.25,862.00,,,,"     ",3.60,60.88,4.33
532,444745457,"00532M19:11:40.716","00532 19:24:49",207.23,862.02,,,,"     ",3.60,61.61,4.39
532,444745458,"00532M19:11:41.689","00532 19:24:50",207.22,861.97,,,,"     ",3.60,61.11,4.35
532,444745459,"00532M19:11:42.662","00532 19:24:51",207.22,862.01,,,,"     ",3.60,60.95,4.34
532,444745460,"00532M19:11:43.636","00532 19:24:52",207.23,862.05,,,,"     ",3.60,60.84,4.33
532,444745461,"00532M19:11:44.609","00532 19:24:53",207.24,861.98,,,,"     ",3.60,61.07,4.35
532,444745462,"00532M19:11:45.582","00532 19:24:54",207.24,862.07,,,,"     ",3.60,61.21,4.36
532,444745463,"00532M19:11:46.555","00532 19:24:55",207.22,862.11,,,,"     ",3.60,61.07,4.35
532,444745464,"00532M19:11:47.529","00532 19:24:56",207.18,861.99,,,,"     ",3.60,60.82,4.33
532,444745465,"00532M19:11:48.502","00532 19:24:57",207.13,862.03,,,,"     ",3.60,61.14,4.35
532,444745466,"00532M19:11:49.475","00532 19:24:58",207.08,862.04,,,,"     ",3.60,60.75,4.33
532,444745467,"00532M19:11:50.448","00532 19:24:59",207.03,862.02,,,,"     ",3.60,61.39,4.37
532,444745468,"00532M19:11:51.422","00532 19:25:00",206.98,861.97,,,,"     ",3.60,60.94,4.34
532,444745469,"00532M19:11:52.395","00532 19:25:01",206.95,861.96,,,,"     ",3.60,60.84,4.33
532,444745470,"00532M19:11:53.368","00532 19:25:02",206.93,861.93,,,,"     ",3.60,61.37,4.37
532,444745471,"00532M19:11:54.341","00532 19:25:03",206.90,862.04,,,,"     ",3.60,60.81,4.33
532,444745472,"00532M19:11:55.315","00532 19:25:04",206.89,862.03,,,,"     ",3.60,61.14,4.35
532,444745473,"00532M19:11:56.288","00532 19:25:05",206.89,862.04,,,,"     ",3.60,60.81,4.33
532,444745474,"00532M19:11:57.261","00532 19:25:06",206.91,862.03,,,,"     ",3.60,61.17,4.36
532,444745475,"00532M19:11:58.234","00532 19:25:07",206.92,862.04,,,,"     ",3.60,61.18,4.35
532,444745476,"00532M19:11:59.208","00532 19:25:08",206.92,862.03,,,,"     ",3.60,61.14,4.35
532,444745477,"00532M19:12:00.181","00532 19:25:09",206.92,862.05,,,,"     ",3.60,61.38,4.37
532,444745478,"00532M19:12:01.154","00532 19:25:10",206.90,861.99,,,,"     ",3.60,61.16,4.35
532,444745479,"00532M19:12:02.128","00532 19:25:11",206.87,861.99,,,,"     ",3.60,61.28,4.36
532,444745480,"00532M19:12:03.101","00532 19:25:12",206.85,861.93,,,,"     ",3.60,61.17,4.35
532,444745481,"00532M19:12:04.074","00532 19:25:13",206.83,861.96,,,,"     ",3.60,61.19,4.35
532,444745482,"00532M19:12:05.047","00532 19:25:14",206.81,862.11,,,,"     ",3.60,61.03,4.34
532,444745483,"00532M19:12:06.021","00532 19:25:15",206.80,862.21,,,,"     ",3.60,61.22,4.36
532,444745484,"00532M19:12:06.994","00532 19:25:16",206.79,862.04,,,,"     ",3.60,61.27,4.36
532,444745485,"00532M19:12:07.967","00532 19:25:16",206.78,862.10,,,,"     ",3.60,61.24,4.36
532,444745486,"00532M19:12:08.940","00532 19:25:17",206.76,862.13,,,,"     ",3.60,61.18,4.36
532,444745487,"00532M19:12:09.914","00532 19:25:18",206.74,862.15,,,,"     ",3.60,60.82,4.33
532,444745488,"00532M19:12:10.887","00532 19:25:19",206.72,862.07,,,,"     ",3.60,61.34,4.37
532,444745489,"00532M19:12:11.860","00532 19:25:20",206.71,862.08,,,,"     ",3.60,61.00,4.34
532,444745490,"00532M19:12:12.833","00532 19:25:21",206.72,862.02,,,,"     ",3.60,61.43,4.37
532,444745491,"00532M19:12:13.807","00532 19:25:22",206.75,862.07,,,,"     ",3.60,61.05,4.34
532,444745492,"00532M19:12:14.780","00532 19:25:23",206.81,862.06,,,,"     ",3.60,61.25,4.36
532,444745493,"00532M19:12:15.753","00532 19:25:24",206.88,862.14,,,,"     ",3.60,61.35,4.37
532,444745494,"00532M19:12:16.726","00532 19:25:25",206.96,862.09,,,,"     ",3.60,60.99,4.34
532,444745495,"00532M19:12:17.700","00532 19:25:26",207.00,862.18,,,,"     ",3.60,60.88,4.33
532,444745496,"00532M19:12:18.673","00532 19:25:27",206.97,862.13,,,,"     ",3.60,61.38,4.37
532,444745497,"00532M19:12:19.646","00532 19:25:28",206.93,862.12,,,,"     ",3.60,61.07,4.35
532,444745498,"00532M19:12:20.619","00532 19:25:29",206.90,862.06,,,,"     ",3.60,61.04,4.34
532,444745499,"00532M19:12:21.593","00532 19:25:30",206.88,862.12,,,,"     ",3.60,61.15,4.35
532,444745500,"00532M19:12:22.566","00532 19:25:31",206.88,862.13,,,,"     ",3.60,61.33,4.37
532,444745501,"00532M19:12:23.539","00532 19:25:32",206.89,862.04,,,,"     ",3.60,61.26,4.36
532,444745502,"00532M19:12:24.512","00532 19:25:33",206.93,862.10,,,,"     ",3.60,61.22,4.36
532,444745503,"00532M19:12:25.486","00532 19:25:34",206.99,862.08,,,,"     ",3.60,60.91,4.33
532,444745504,"00532M19:12:26.459","00532 19:25:35",207.01,862.04,,,,"     ",3.60,61.44,4.37
532,444745505,"00532M19:12:27.432","00532 19:25:36",207.02,862.10,,,,"     ",3.60,61.70,4.39
532,444745506,"00532M19:12:28.405","00532 19:25:37",207.01,862.12,,,,"     ",3.60,61.30,4.36
532,444745507,"00532M19:12:29.379","00532 19:25:38",207.01,862.12,,,,"     ",3.60,61.31,4.36
532,444745508,"00532M19:12:30.352","00532 19:25:39",207.01,862.13,,,,"     ",3.60,61.15,4.35
532,444745509,"00532M19:12:31.325","00532 19:25:40",207.01,862.10,,,,"     ",3.60,61.06,4.34
532,444745510,"00532M19:12:32.298","00532 19:25:41",207.01,862.14,,,,"     ",3.60,61.29,4.36
532,444745511,"00532M19:12:33.272","00532 19:25:42",207.01,862.10,,,,"     ",3.60,61.06,4.34
532,444745512,"00532M19:12:34.245","00532 19:25:43",206.99,862.13,,,,"     ",3.60,61.61,4.38
532,444745513,"00532M19:12:35.218","00532 19:25:44",206.97,862.16,,,,"     ",3.60,61.19,4.35
532,444745514,"00532M19:12:36.191","00532 19:25:45",206.94,862.18,,,,"     ",3.60,61.29,4.36
532,444745515,"00532M19:12:37.165","00532 19:25:46",206.89,862.18,,,,"     ",3.60,61.32,4.36
532,444745516,"00532M19:12:38.138","00532 19:25:47",206.83,862.24,,,,"     ",3.60,60.99,4.34
532,444745517,"00532M19:12:39.111","00532 19:25:48",206.79,862.18,,,,"     ",3.60,61.24,4.36
532,444745518,"00532M19:12:40.084","00532 19:25:49",206.78,862.20,,,,"     ",3.60,61.22,4.35
532,444745519,"00532M19:12:41.058","00532 19:25:50",206.80,862.20,,,,"     ",3.60,60.93,4.33
532,444745520,"00532M19:12:42.031","00532 19:25:51",206.84,862.15,,,,"     ",3.60,61.46,4.37
532,444745521,"00532M19:12:43.004","00532 19:25:52",206.90,862.17,,,,"     ",3.60,61.20,4.35
532,444745522,"00532M19:12:43.977","00532 19:25:53",206.97,862.15,,,,"     ",3.60,61.42,4.37
532,444745523,"00532M19:12:44.951","00532 19:25:53",207.04,862.18,,,,"     ",3.60,61.44,4.37
532,444745524,"00532M19:12:45.924","00532 19:25:54",207.11,862.15,,,,"     ",3.60,61.12,4.35
532,444745525,"00532M19:12:46.897","00532 19:25:55",207.15,862.15,,,,"     ",3.60,61.14,4.35
532,444745526,"00532M19:12:47.870","00532 19:25:56",207.17,862.09,,,,"     ",3.60,61.37,4.36
532,444745527,"00532M19:12:48.844","00532 19:25:57",207.18,862.05,,,,"     ",3.60,61.09,4.34
532,444745528,"00532M19:12:49.817","00532 19:25:58",207.16,862.10,,,,"     ",3.60,61.46,4.37
532,444745529,"00532M19:12:50.790","00532 19:25:59",207.14,862.08,,,,"     ",3.60,61.24,4.35
532,444745530,"00532M19:12:51.763","00532 19:26:00",207.12,862.06,,,,"     ",3.60,61.32,4.36
532,444745531,"00532M19:12:52.737","00532 19:26:01",207.10,862.09,,,,"     ",3.60,61.33,4.36
532,444745532,"00532M19:12:53.710","00532 19:26:02",207.08,862.20,,,,"     ",3.60,61.19,4.35
532,444745533,"00532M19:12:54.683","00532 19:26:03",207.05,862.24,,,,"     ",3.60,61.50,4.37
532,444745534,"00532M19:12:55.656","00532 19:26:04",207.01,862.23,,,,"     ",3.60,61.36,4.36
532,444745535,"00532M19:12:56.630","00532 19:26:05",206.95,862.31,,,,"     ",3.60,61.15,4.35
532,444745536,"00532M19:12:57.603","00532 19:26:06",206.89,862.30,,,,"     ",3.60,61.31,4.36
532,444745537,"00532M19:12:58.576","00532 19:26:07",206.83,862.29,,,,"     ",3.60,61.53,4.38
532,444745538,"00532M19:12:59.549","00532 19:26:08",206.77,862.30,,,,"     ",3.60,61.18,4.35
532,444745539,"00532M19:13:00.523","00532 19:26:09",206.72,862.21,,,,"     ",3.60,61.23,4.35
532,444745540,"00532M19:13:01.496","00532 19:26:10",206.69,862.29,,,,"     ",3.60,61.15,4.35
532,444745541,"00532M19:13:02.469","00532 19:26:11",206.66,862.29,,,,"     ",3.60,61.04,4.34
532,444745542,"00532M19:13:03.442","00532 19:26:12",206.63,862.26,,,,"     ",3.60,61.15,4.35
532,444745543,"00532M19:13:04.416","00532 19:26:13",206.63,862.18,,,,"     ",3.60,61.26,4.35
532,444745544,"00532M19:13:05.389","00532 19:26:14",206.65,862.25,,,,"     ",3.60,61.32,4.36
532,444745545,"00532M19:13:06.362","00532 19:26:15",206.69,862.30,,,,"     ",3.60,61.50,4.37
532,444745546,"00532M19:13:07.335","00532 19:26:16",206.75,862.27,,,,"     ",3.60,61.52,4.37
532,444745547,"00532M19:13:08.309","00532 19:26:17",206.81,862.26,,,,"     ",3.60,61.68,4.38
532,444745548,"00532M19:13:09.282","00532 19:26:18",206.87,862.27,,,,"     ",3.60,61.35,4.36
532,444745549,"00532M19:13:10.255","00532 19:26:19",206.92,862.24,,,,"     ",3.60,60.83,4.32
532,444745550,"00532M19:13:11.228","00532 19:26:20",206.97,862.34,,,,"     ",3.60,61.40,4.36
532,444745551,"00532M19:13:12.202","00532 19:26:21",207.00,862.29,,,,"     ",3.60,61.34,4.36
532,444745552,"00532M19:13:13.175","00532 19:26:22",207.00,862.31,,,,"     ",3.60,60.74,4.31
532,444745553,"00532M19:13:14.148","00532 19:26:23",206.99,862.25,,,,"     ",3.60,61.20,4.35
532,444745554,"00532M19:13:15.122","00532 19:26:24",206.94,862.27,,,,"     ",3.60,61.42,4.36
532,444745555,"00532M19:13:16.095","00532 19:26:25",206.88,862.13,,,,"     ",3.60,61.46,4.37
532,444745556,"00532M19:13:17.068","00532 19:26:26",206.81,862.18,,,,"     ",3.60,61.36,4.36
532,444745557,"00532M19:13:18.041","00532 19:26:27",206.74,862.26,,,,"     ",3.60,61.18,4.34
532,444745558,"00532M19:13:19.015","00532 19:26:28",206.69,862.24,,,,"     ",3.60,61.24,4.35
532,444745559,"00532M19:13:19.988","00532 19:26:29",206.65,862.30,,,,"     ",3.60,61.12,4.34
532,444745560,"00532M19:13:20.961","00532 19:26:29",206.64,862.27,,,,"     ",3.60,61.04,4.34
532,444745561,"00532M19:13:21.934","00532 19:26:30",206.65,862.28,,,,"     ",3.60,61.26,4.35
532,444745562,"00532M19:13:22.908","00532 19:26:31",206.69,862.30,,,,"     ",3.60,61.21,4.35
532,444745563,"00532M19:13:23.881","00532 19:26:32",206.73,862.35,,,,"     ",3.60,61.12,4.34
532,444745564,"00532M19:13:24.854","00532 19:26:33",206.76,862.37,,,,"     ",3.60,61.09,4.34
532,444745565,"00532M19:13:25.827","00532 19:26:34",206.79,862.29,,,,"     ",3.60,61.14,4.34
532,444745566,"00532M19:13:26.801","00532 19:26:35",206.81,862.35,,,,"     ",3.60,61.53,4.37
532,444745567,"00532M19:13:27.774","00532 19:26:36",206.82,862.33,,,,"     ",3.60,61.32,4.35
532,444745568,"00532M19:13:28.747","00532 19:26:37",206.85,862.34,,,,"     ",3.60,61.27,4.35
532,444745569,"00532M19:13:29.720","00532 19:26:38",206.90,862.25,,,,"     ",3.60,61.14,4.34
532,444745570,"00532M19:13:30.694","00532 19:26:39",206.94,862.34,,,,"     ",3.60,61.27,4.35
532,444745571,"00532M19:13:31.667","00532 19:26:40",206.98,862.28,,,,"     ",3.60,61.38,4.36
532,444745572,"00532M19:13:32.640","00532 19:26:41",207.00,862.30,,,,"     ",3.60,61.32,4.35
532,444745573,"00532M19:13:33.613","00532 19:26:42",207.00,862.34,,,,"     ",3.60,61.10,4.34
532,444745574,"00532M19:13:34.587","00532 19:26:43",206.98,862.26,,,,"     ",3.60,61.29,4.35
532,444745575,"00532M19:13:35.560","00532 19:26:44",206.95,862.29,,,,"     ",3.60,61.24,4.35
532,444745576,"00532M19:13:36.533","00532 19:26:45",206.92,862.34,,,,"     ",3.60,61.09,4.33
532,444745577,"00532M19:13:37.506","00532 19:26:46",206.91,862.33,,,,"     ",3.60,61.50,4.36
532,444745578,"00532M19:13:38.480","00532 19:26:47",206.91,862.36,,,,"     ",3.60,61.05,4.33
532,444745579,"00532M19:13:39.453","00532 19:26:48",206.92,862.32,,,,"     ",3.60,61.52,4.37
532,444745580,"00532M19:13:40.426","00532 19:26:49",206.91,862.27,,,,"     ",3.60,61.05,4.33
532,444745581,"00532M19:13:41.399","00532 19:26:50",206.88,862.32,,,,"     ",3.60,61.53,4.36
532,444745582,"00532M19:13:42.373","00532 19:26:51",206.83,862.30,,,,"     ",3.60,61.58,4.37
532,444745583,"00532M19:13:43.346","00532 19:26:52",206.78,862.35,,,,"     ",3.60,61.08,4.33
532,444745584,"00532M19:13:44.319","00532 19:26:53",206.73,862.36,,,,"     ",3.60,61.30,4.35
532,444745585,"00532M19:13:45.292","00532 19:26:54",206.70,862.36,,,,"     ",3.60,61.52,4.36
532,444745586,"00532M19:13:46.266","00532 19:26:55",206.70,862.45,,,,"     ",3.60,60.66,4.30
532,444745587,"00532M19:13:47.239","00532 19:26:56",206.73,862.41,,,,"     ",3.60,61.29,4.34
532,444745588,"00532M19:13:48.212","00532 19:26:57",206.79,862.39,,,,"     ",3.60,61.22,4.34
532,444745589,"00532M19:13:49.185","00532 19:26:58",206.87,862.26,,,,"     ",3.60,61.35,4.35
532,444745590,"00532M19:13:50.159","00532 19:26:59",206.95,862.29,,,,"     ",3.60,61.51,4.36
532,444745591,"00532M19:13:51.132","00532 19:27:00",207.02,862.35,,,,"     ",3.60,61.66,4.37
532,444745592,"00532M19:13:52.105","00532 19:27:01",207.10,862.34,,,,"     ",3.60,61.01,4.32
532,444745593,"00532M19:13:53.078","00532 19:27:02",207.17,862.42,,,,"     ",3.60,60.89,4.31
532,444745594,"00532M19:13:54.052","00532 19:27:03",207.26,862.45,,,,"     ",3.60,60.93,4.32
532,444745595,"00532M19:13:55.025","00532 19:27:04",207.35,862.43,,,,"     ",3.60,60.78,4.30
532,444745596,"00532M19:13:55.998","00532 19:27:05",207.43,862.44,,,,"     ",3.60,61.21,4.33
532,444745597,"00532M19:13:56.971","00532 19:27:06",207.50,862.38,,,,"     ",3.60,61.08,4.32
532,444745598,"00532M19:13:57.945","00532 19:27:06",207.56,862.34,,,,"     ",3.60,61.19,4.33
532,444745599,"00532M19:13:58.918","00532 19:27:07",207.59,862.30,,,,"     ",3.60,61.30,4.34
532,444745600,"00532M19:13:59.891","00532 19:27:08",207.58,862.25,,,,"     ",3.60,61.30,4.34
532,444745601,"00532M19:14:00.864","00532 19:27:09",207.54,862.40,,,,"     ",3.60,61.38,4.34
532,444745602,"00532M19:14:01.838","00532 19:27:10",207.47,862.32,,,,"     ",3.60,61.03,4.32
532,444745603,"00532M19:14:02.811","00532 19:27:11",207.39,862.38,,,,"     ",3.60,61.35,4.34
532,444745604,"00532M19:14:03.784","00532 19:27:12",207.31,862.38,,,,"     ",3.60,61.62,4.36
532,444745605,"00532M19:14:04.757","00532 19:27:13",207.24,862.38,,,,"     ",3.60,61.12,4.32
532,444745606,"00532M19:14:05.731","00532 19:27:14",207.18,862.31,,,,"     ",3.60,60.98,4.31
532,444745607,"00532M19:14:06.704","00532 19:27:15",207.15,862.42,,,,"     ",3.60,61.10,4.32
532,444745608,"00532M19:14:07.677","00532 19:27:16",207.13,862.39,,,,"     ",3.60,61.44,4.34
532,444745609,"00532M19:14:08.650","00532 19:27:17",207.12,862.40,,,,"     ",3.60,61.66,4.36
532,444745610,"00532M19:14:09.624","00532 19:27:18",207.12,862.39,,,,"     ",3.60,61.21,4.32
532,444745611,"00532M19:14:10.597","00532 19:27:19",207.12,862.31,,,,"     ",3.60,61.12,4.32
532,444745612,"00532M19:14:11.570","00532 19:27:20",207.14,862.36,,,,"     ",3.60,61.14,4.32
532,444745613,"00532M19:14:12.543","00532 19:27:21",207.18,862.32,,,,"     ",3.60,61.01,4.31
532,444745614,"00532M19:14:13.517","00532 19:27:22",207.24,862.39,,,,"     ",3.60,61.12,4.32
532,444745615,"00532M19:14:14.490","00532 19:27:23",207.31,862.42,,,,"     ",3.60,61.55,4.35
532,444745616,"00532M19:14:15.463","00532 19:27:24",207.39,862.34,,,,"     ",3.60,61.44,4.34
532,444745617,"00532M19:14:16.436","00532 19:27:25",207.47,862.36,,,,"     ",3.60,61.21,4.32
532,444745618,"00532M19:14:17.410","00532 19:27:26",207.52,862.41,,,,"     ",3.60,61.25,4.32
532,444745619,"00532M19:14:18.383","00532 19:27:27",207.55,862.38,,,,"     ",3.60,61.13,4.31
532,444745620,"00532M19:14:19.356","00532 19:27:28",207.54,862.49,,,,"     ",3.60,61.35,4.33
532,444745621,"00532M19:14:20.329","00532 19:27:29",207.51,862.48,,,,"     ",3.60,61.40,4.33
532,444745622,"00532M19:14:21.303","00532 19:27:30",207.47,862.49,,,,"     ",3.60,60.96,4.30
532,444745623,"00532M19:14:22.276","00532 19:27:31",207.44,862.40,,,,"     ",3.60,61.49,4.34
532,444745624,"00532M19:14:23.249","00532 19:27:32",207.42,862.41,,,,"     ",3.60,61.14,4.31
532,444745625,"00532M19:14:24.223","00532 19:27:33",207.43,862.41,,,,"     ",3.60,61.36,4.33
532,444745626,"00532M19:14:25.196","00532 19:27:34",207.46,862.38,,,,"     ",3.60,61.55,4.34
532,444745627,"00532M19:14:26.169","00532 19:27:35",207.50,862.51,,,,"     ",3.60,61.12,4.31
532,444745628,"00532M19:14:27.142","00532 19:27:36",207.55,862.52,,,,"     ",3.60,61.56,4.34
532,444745629,"00532M19:14:28.116","00532 19:27:37",207.60,862.49,,,,"     ",3.60,61.45,4.33
532,444745630,"00532M19:14:29.089","00532 19:27:38",207.64,862.41,,,,"     ",3.60,61.29,4.32
532,444745631,"00532M19:14:30.062","00532 19:27:39",207.68,862.52,,,,"     ",3.60,61.29,4.32
532,444745632,"00532M19:14:31.035","00532 19:27:40",207.71,862.45,,,,"     ",3.60,61.44,4.33
532,444745633,"00532M19:14:32.009","00532 19:27:41",207.74,862.40,,,,"     ",3.60,61.45,4.33
532,444745634,"00532M19:14:32.982","00532 19:27:42",207.76,862.37,,,,"     ",3.60,61.26,4.32
532,444745635,"00532M19:14:33.955","00532 19:27:42",207.76,862.41,,,,"     ",3.60,60.84,4.28
532,444745636,"00532M19:14:34.928","00532 19:27:43",207.76,862.40,,,,"     ",3.60,61.45,4.33
532,444745637,"00532M19:14:35.902","00532 19:27:44",207.75,862.38,,,,"     ",3.60,61.44,4.32
532,444745638,"00532M19:14:36.875","00532 19:27:45",207.74,862.43,,,,"     ",3.60,61.23,4.31
532,444745639,"00532M19:14:37.848","00532 19:27:46",207.73,862.40,,,,"     ",3.60,61.57,4.33
532,444745640,"00532M19:14:38.821","00532 19:27:47",207.72,862.41,,,,"     ",3.60,61.44,4.32
532,444745641,"00532M19:14:39.795","00532 19:27:48",207.71,862.38,,,,"     ",3.60,61.46,4.33
532,444745642,"00532M19:14:40.768","00532 19:27:49",207.70,862.46,,,,"     ",3.60,61.16,4.30
532,444745643,"00532M19:14:41.741","00532 19:27:50",207.70,862.31,,,,"     ",3.60,61.33,4.31
532,444745644,"00532M19:14:42.714","00532 19:27:51",207.71,862.43,,,,"     ",3.60,61.29,4.31
532,444745645,"00532M19:14:43.688","00532 19:27:52",207.71,862.42,,,,"     ",3.60,61.35,4.31
532,444745646,"00532M19:14:44.661","00532 19:27:53",207.72,862.38,,,,"     ",3.60,61.15,4.30
532,444745647,"00532M19:14:45.634","00532 19:27:54",207.72,862.35,,,,"     ",3.60,61.59,4.33
532,444745648,"00532M19:14:46.607","00532 19:27:55",207.70,862.40,,,,"     ",3.60,60.95,4.29
532,444745649,"00532M19:14:47.581","00532 19:27:56",207.65,862.46,,,,"     ",3.60,61.48,4.32
532,444745650,"00532M19:14:48.554","00532 19:27:57",207.57,862.44,,,,"     ",3.60,61.56,4.33
532,444745651,"00532M19:14:49.527","00532 19:27:58",207.48,862.45,,,,"     ",3.60,61.33,4.31
532,444745652,"00532M19:14:50.500","00532 19:27:59",207.40,862.53,,,,"     ",3.60,61.69,4.34
532,444745653,"00532M19:14:51.474","00532 19:28:00",207.33,862.41,,,,"     ",3.60,61.75,4.34
532,444745654,"00532M19:14:52.447","00532 19:28:01",207.28,862.40,,,,"     ",3.60,61.44,4.32
532,444745655,"00532M19:14:53.420","00532 19:28:02",207.25,862.43,,,,"     ",3.60,61.52,4.32
532,444745656,"00532M19:14:54.393","00532 19:28:03",207.25,862.45,,,,"     ",3.60,61.49,4.32
532,444745657,"00532M19:14:55.367","00532 19:28:04",207.27,862.52,,,,"     ",3.60,61.39,4.31
532,444745658,"00532M19:14:56.340","00532 19:28:05",207.28,862.48,,,,"     ",3.60,61.49,4.32
532,444745659,"00532M19:14:57.313","00532 19:28:06",207.29,862.52,,,,"     ",3.60,61.27,4.31
532,444745660,"00532M19:14:58.286","00532 19:28:07",207.28,862.53,,,,"     ",3.60,61.53,4.32
532,444745661,"00532M19:14:59.260","00532 19:28:08",207.28,862.56,,,,"     ",3.60,61.40,4.31
532,444745662,"00532M19:15:00.233","00532 19:28:09",207.28,862.46,,,,"     ",3.60,61.29,4.30
532,444745663,"00532M19:15:01.206","00532 19:28:10",207.30,862.42,,,,"     ",3.60,61.51,4.32
532,444745664,"00532M19:15:02.179","00532 19:28:11",207.33,862.40,,,,"     ",3.60,61.29,4.30
532,444745665,"00532M19:15:03.153","00532 19:28:12",207.34,862.49,,,,"     ",3.60,61.28,4.30
532,444745666,"00532M19:15:04.126","00532 19:28:13",207.33,862.45,,,,"     ",3.60,61.39,4.31
532,444745667,"00532M19:15:05.099","00532 19:28:14",207.29,862.54,,,,"     ",3.60,61.67,4.33
532,444745668,"00532M19:15:06.072","00532 19:28:15",207.23,862.56,,,,"     ",3.60,61.22,4.30
532,444745669,"00532M19:15:07.046","00532 19:28:16",207.16,862.63,,,,"     ",3.60,61.73,4.33
532,444745670,"00532M19:15:08.019","00532 19:28:17",207.09,862.57,,,,"     ",3.60,61.20,4.30
532,444745671,"00532M19:15:08.992","00532 19:28:18",207.05,862.57,,,,"     ",3.60,61.15,4.29
532,444745672,"00532M19:15:09.965","00532 19:28:19",207.03,862.53,,,,"     ",3.60,61.40,4.31
532,444745673,"00532M19:15:10.939","00532 19:28:19",207.03,862.58,,,,"     ",3.60,61.68,4.33
532,444745674,"00532M19:15:11.912","00532 19:28:20",207.05,862.60,,,,"     ",3.60,61.34,4.31
532,444745675,"00532M19:15:12.885","00532 19:28:21",207.06,862.57,,,,"     ",3.60,61.09,4.28
532,444745676,"00532M19:15:13.858","00532 19:28:22",207.07,862.57,,,,"     ",3.60,61.34,4.30
532,444745677,"00532M19:15:14.832","00532 19:28:23",207.07,862.52,,,,"     ",3.60,61.59,4.32
532,444745678,"00532M19:15:15.805","00532 19:28:24",207.08,862.53,,,,"     ",3.60,61.61,4.32
532,444745679,"00532M19:15:16.778","00532 19:28:25",207.08,862.51,,,,"     ",3.60,61.77,4.33
532,444745680,"00532M19:15:17.751","00532 19:28:26",207.09,862.53,,,,"     ",3.60,61.64,4.32
532,444745681,"00532M19:15:18.725","00532 19:28:27",207.10,862.53,,,,"     ",3.60,61.36,4.30
532,444745682,"00532M19:15:19.698","00532 19:28:28",207.10,862.53,,,,"     ",3.60,61.46,4.31
532,444745683,"00532M19:15:20.671","00532 19:28:29",207.09,862.53,,,,"     ",3.60,61.26,4.29
532,444745684,"00532M19:15:21.644","00532 19:28:30",207.07,862.59,,,,"     ",3.60,61.64,4.32
532,444745685,"00532M19:15:22.618","00532 19:28:31",207.04,862.62,,,,"     ",3.60,61.72,4.33
532,444745686,"00532M19:15:23.591","00532 19:28:32",207.01,862.58,,,,"     ",3.60,61.61,4.32
532,444745687,"00532M19:15:24.564","00532 19:28:33",206.98,862.55,,,,"     ",3.60,61.37,4.30
532,444745688,"00532M19:15:25.537","00532 19:28:34",206.96,862.55,,,,"     ",3.60,61.80,4.33
532,444745689,"00532M19:15:26.511","00532 19:28:35",206.97,862.49,,,,"     ",3.60,61.35,4.30
532,444745690,"00532M19:15:27.484","00532 19:28:36",206.98,862.54,,,,"     ",3.60,61.64,4.32
532,444745691,"00532M19:15:28.457","00532 19:28:37",207.00,862.56,,,,"     ",3.60,61.42,4.31
532,444745692,"00532M19:15:29.430","00532 19:28:38",207.01,862.57,,,,"     ",3.60,61.27,4.30
532,444745693,"00532M19:15:30.404","00532 19:28:39",207.01,862.56,,,,"     ",3.60,61.68,4.33
532,444745694,"00532M19:15:31.377","00532 19:28:40",207.01,862.56,,,,"     ",3.60,61.27,4.29
532,444745695,"00532M19:15:32.350","00532 19:28:41",207.01,862.48,,,,"     ",3.60,61.13,4.28
532,444745696,"00532M19:15:33.324","00532 19:28:42",207.00,862.57,,,,"     ",3.60,61.54,4.31
532,444745697,"00532M19:15:34.297","00532 19:28:43",207.00,862.55,,,,"     ",3.60,61.61,4.32
532,444745698,"00532M19:15:35.270","00532 19:28:44",207.00,862.51,,,,"     ",3.60,61.91,4.34
532,444745699,"00532M19:15:36.243","00532 19:28:45",206.99,862.55,,,,"     ",3.60,61.45,4.31
532,444745700,"00532M19:15:37.217","00532 19:28:46",206.99,862.65,,,,"     ",3.60,61.83,4.33
532,444745701,"00532M19:15:38.190","00532 19:28:47",206.99,862.56,,,,"     ",3.60,61.24,4.29
532,444745702,"00532M19:15:39.163","00532 19:28:48",206.98,862.67,,,,"     ",3.60,61.37,4.30
532,444745703,"00532M19:15:40.136","00532 19:28:49",206.97,862.66,,,,"     ",3.60,61.27,4.29
532,444745704,"00532M19:15:41.110","00532 19:28:50",206.97,862.62,,,,"     ",3.60,61.29,4.30
532,444745705,"00532M19:15:42.083","00532 19:28:51",206.96,862.61,,,,"     ",3.60,61.15,4.28
532,444745706,"00532M19:15:43.056","00532 19:28:52",206.95,862.62,,,,"     ",3.60,61.72,4.33
532,444745707,"00532M19:15:44.029","00532 19:28:53",206.98,862.66,,,95.30,"  101100",3.60,61.52,4.31
532,444745708,"00532M19:15:45.003","00532 19:28:54",206.98,862.60,,,,"     ",3.60,61.48,4.31
532,444745709,"00532M19:15:45.976","00532 19:28:55",206.97,862.63,,,,"     ",3.60,61.38,4.30
532,444745710,"00532M19:15:46.949","00532 19:28:55",206.97,862.69,,,,"     ",3.60,61.58,4.32
532,444745711,"00532M19:15:47.922","00532 19:28:56",206.96,862.65,,,,"     ",3.60,61.07,4.28
532,444745712,"00532M19:15:48.896","00532 19:28:57",206.94,862.62,,,,"     ",3.60,61.63,4.32
532,444745713,"00532M19:15:49.869","00532 19:28:58",206.93,862.59,,,,"     ",3.60,61.41,4.30
532,444745714,"00532M19:15:50.842","00532 19:28:59",206.91,862.65,,,,"     ",3.60,61.50,4.31
532,444745715,"00532M19:15:51.815","00532 19:29:00",206.89,862.65,,,,"     ",3.60,61.31,4.29
532,444745716,"00532M19:15:52.789","00532 19:29:01",206.87,862.60,,,,"     ",3.60,61.23,4.29
532,444745717,"00532M19:15:53.762","00532 19:29:02",206.84,862.58,,,,"     ",3.60,61.30,4.29
532,444745718,"00532M19:15:54.735","00532 19:29:03",206.81,862.65,,,,"     ",3.60,61.15,4.28
532,444745719,"00532M19:15:55.708","00532 19:29:04",206.77,862.66,,,,"     ",3.60,61.44,4.30
532,444745720,"00532M19:15:56.682","00532 19:29:05",206.73,862.58,,,,"     ",3.60,61.37,4.30
532,444745721,"00532M19:15:57.655","00532 19:29:06",206.72,862.66,,,,"     ",3.60,61.46,4.30
532,444745722,"00532M19:15:58.628","00532 19:29:07",206.74,862.57,,,,"     ",3.60,61.70,4.32
532,444745723,"00532M19:15:59.601","00532 19:29:08",206.77,862.69,,,,"     ",3.60,61.23,4.29
532,444745724,"00532M19:16:00.575","00532 19:29:09",206.81,862.63,,,,"     ",3.60,61.49,4.31
532,444745725,"00532M19:16:01.548","00532 19:29:10",206.85,862.63,,,,"     ",3.60,61.50,4.31
532,444745726,"00532M19:16:02.521","00532 19:29:11",206.88,862.71,,,,"     ",3.60,61.54,4.31
532,444745727,"00532M19:16:03.494","00532 19:29:12",206.91,862.66,,,,"     ",3.60,61.44,4.30
532,444745728,"00532M19:16:04.468","00532 19:29:13",206.92,862.61,,,,"     ",3.60,61.84,4.33
532,444745729,"00532M19:16:05.441","00532 19:29:14",206.93,862.61,,,,"     ",3.60,61.50,4.31
532,444745730,"00532M19:16:06.414","00532 19:29:15",206.92,862.66,,,,"     ",3.60,61.08,4.28
532,444745731,"00532M19:16:07.387","00532 19:29:16",206.90,862.72,,,,"     ",3.60,61.18,4.28
532,444745732,"00532M19:16:08.361","00532 19:29:17",206.87,862.69,,,,"     ",3.60,61.29,4.29
532,444745733,"00532M19:16:09.334","00532 19:29:18",206.83,862.70,,,,"     ",3.60,61.50,4.31
532,444745734,"00532M19:16:10.307","00532 19:29:19",206.79,862.68,,,,"     ",3.60,61.47,4.30
532,444745735,"00532M19:16:11.280","00532 19:29:20",206.76,862.67,,,,"     ",3.60,61.45,4.30
532,444745736,"00532M19:16:12.254","00532 19:29:21",206.73,862.65,,,,"     ",3.60,61.36,4.30
532,444745737,"00532M19:16:13.227","00532 19:29:22",206.72,862.60,,,,"     ",3.60,61.56,4.31
532,444745738,"00532M19:16:14.200","00532 19:29:23",206.72,862.59,,,,"     ",3.60,61.78,4.32
532,444745739,"00532M19:16:15.173","00532 19:29:24",206.76,862.56,,,,"     ",3.60,61.52,4.30
532,444745740,"00532M19:16:16.147","00532 19:29:25",206.83,862.68,,,,"     ",3.60,61.62,4.31
532,444745741,"00532M19:16:17.120","00532 19:29:26",206.93,862.67,,,,"     ",3.60,61.58,4.31
532,444745742,"00532M19:16:18.093","00532 19:29:27",207.03,862.61,,,,"     ",3.60,61.41,4.30
532,444745743,"00532M19:16:19.066","00532 19:29:28",207.12,862.71,,,,"     ",3.60,61.57,4.31
532,444745744,"00532M19:16:20.040","00532 19:29:29",207.21,862.70,,,,"     ",3.60,61.59,4.31
532,444745745,"00532M19:16:21.013","00532 19:29:30",207.29,862.73,,,,"     ",3.60,61.65,4.31
532,444745746,"00532M19:16:21.986","00532 19:29:31",207.37,862.71,,,,"     ",3.60,61.35,4.29
532,444745747,"00532M19:16:22.959","00532 19:29:32",207.45,862.68,,,,"     ",3.60,61.37,4.29
532,444745748,"00532M19:16:23.933","00532 19:29:32",207.52,862.72,,,,"     ",3.60,61.57,4.31
532,444745749,"00532M19:16:24.906","00532 19:29:33",207.58,862.64,,,,"     ",3.60,61.56,4.31
532,444745750,"00532M19:16:25.879","00532 19:29:34",207.63,862.67,,,,"     ",3.60,61.96,4.33
532,444745751,"00532M19:16:26.852","00532 19:29:35",207.66,862.64,,,,"     ",3.60,61.42,4.29
532,444745752,"00532M19:16:27.826","00532 19:29:36",207.67,862.67,,,,"     ",3.60,61.35,4.29
532,444745753,"00532M19:16:28.799","00532 19:29:37",207.65,862.67,,,,"     ",3.60,61.89,4.33
532,444745754,"00532M19:16:29.772","00532 19:29:38",207.60,862.67,,,,"     ",3.60,61.55,4.30
532,444745755,"00532M19:16:30.745","00532 19:29:39",207.54,862.69,,,,"     ",3.60,61.33,4.29
532,444745756,"00532M19:16:31.719","00532 19:29:40",207.46,862.70,,,,"     ",3.60,61.82,4.32
532,444745757,"00532M19:16:32.692","00532 19:29:41",207.39,862.74,,,,"     ",3.60,61.61,4.31
532,444745758,"00532M19:16:33.665","00532 19:29:42",207.31,862.75,,,,"     ",3.60,61.68,4.31
532,444745759,"00532M19:16:34.638","00532 19:29:43",207.24,862.74,,,,"     ",3.60,61.49,4.30
532,444745760,"00532M19:16:35.612","00532 19:29:44",207.17,862.72,,,,"     ",3.60,62.21,4.35
532,444745761,"00532M19:16:36.585","00532 19:29:45",207.11,862.78,,,,"     ",3.60,61.67,4.31
532,444745762,"00532M19:16:37.558","00532 19:29:46",207.07,862.84,,,,"     ",3.60,61.79,4.32
532,444745763,"00532M19:16:38.531","00532 19:29:47",207.04,862.76,,,,"     ",3.60,62.14,4.34
532,444745764,"00532M19:16:39.505","00532 19:29:48",207.05,862.69,,,,"     ",3.60,61.62,4.30
532,444745765,"00532M19:16:40.478","00532 19:29:49",207.10,862.71,,,,"     ",3.60,61.33,4.28
532,444745766,"00532M19:16:41.451","00532 19:29:50",207.18,862.66,,,,"     ",3.60,61.36,4.28
532,444745767,"00532M19:16:42.425","00532 19:29:51",207.28,862.72,,,,"     ",3.60,61.88,4.32
532,444745768,"00532M19:16:43.398","00532 19:29:52",207.37,862.74,,,,"     ",3.60,61.67,4.31
532,444745769,"00532M19:16:44.371","00532 19:29:53",207.45,862.74,,,,"     ",3.60,61.88,4.32
532,444745770,"00532M19:16:45.344","00532 19:29:54",207.50,862.79,,,,"     ",3.60,61.89,4.32
532,444745771,"00532M19:16:46.318","00532 19:29:55",207.53,862.78,,,,"     ",3.60,61.47,4.29
532,444745772,"00532M19:16:47.291","00532 19:29:56",207.54,862.77,,,,"     ",3.60,61.29,4.28
532,444745773,"00532M19:16:48.264","00532 19:29:57",207.52,862.76,,,,"     ",3.60,61.40,4.29
532,444745774,"00532M19:16:49.237","00532 19:29:58",207.48,862.85,,,,"     ",3.60,61.75,4.31
532,444745775,"00532M19:16:50.211","00532 19:29:59",207.42,862.85,,,,"     ",3.60,61.57,4.30
532,444745776,"00532M19:16:51.184","00532 19:30:00",207.36,862.84,,,,"     ",3.60,61.70,4.31
532,444745777,"00532M19:16:52.157","00532 19:30:01",207.30,862.78,,,,"     ",3.60,61.97,4.33
532,444745778,"00532M19:16:53.130","00532 19:30:02",207.26,862.92,,,,"     ",3.60,61.76,4.31
532,444745779,"00532M19:16:54.104","00532 19:30:03",207.23,862.80,,,,"     ",3.60,61.63,4.30
532,444745780,"00532M19:16:55.077","00532 19:30:04",207.21,862.83,,,,"     ",3.60,61.34,4.28
532,444745781,"00532M19:16:56.050","00532 19:30:05",207.20,862.74,,,,"     ",3.60,61.83,4.32
532,444745782,"00532M19:16:57.023","00532 19:30:06",207.21,862.77,,,,"     ",3.60,61.51,4.29
532,444745783,"00532M19:16:57.997","00532 19:30:07",207.23,862.75,,,,"     ",3.60,61.65,4.30
532,444745784,"00532M19:16:58.970","00532 19:30:08",207.25,862.68,,,,"     ",3.60,61.99,4.33
532,444745785,"00532M19:16:59.943","00532 19:30:08",207.27,862.74,,,,"     ",3.60,61.44,4.29
532,444745786,"00532M19:17:00.916","00532 19:30:09",207.29,862.87,,,,"     ",3.60,61.90,4.32
532,444745787,"00532M19:17:01.890","00532 19:30:10",207.29,862.82,,,,"     ",3.60,61.53,4.29
532,444745788,"00532M19:17:02.863","00532 19:30:11",207.28,862.85,,,,"     ",3.60,61.77,4.31
532,444745789,"00532M19:17:03.836","00532 19:30:12",207.27,862.77,,,,"     ",3.60,61.92,4.32
532,444745790,"00532M19:17:04.809","00532 19:30:13",207.28,862.77,,,,"     ",3.60,61.55,4.29
532,444745791,"00532M19:17:05.783","00532 19:30:14",207.31,862.83,,,,"     ",3.60,61.94,4.32
532,444745792,"00532M19:17:06.756","00532 19:30:15",207.34,862.83,,,,"     ",3.60,61.73,4.30
532,444745793,"00532M19:17:07.729","00532 19:30:16",207.39,862.86,,,,"     ",3.60,61.67,4.30
532,444745794,"00532M19:17:08.702","00532 19:30:17",207.44,862.82,,,,"     ",3.60,62.01,4.32
532,444745795,"00532M19:17:09.676","00532 19:30:18",207.50,862.83,,,,"     ",3.60,61.64,4.30
532,444745796,"00532M19:17:10.649","00532 19:30:19",207.58,862.83,,,,"     ",3.60,62.06,4.33
532,444745797,"00532M19:17:11.622","00532 19:30:20",207.68,862.79,,,,"     ",3.60,61.62,4.29
532,444745798,"00532M19:17:12.595","00532 19:30:21",207.78,862.78,,,,"     ",3.60,61.52,4.29
532,444745799,"00532M19:17:13.569","00532 19:30:22",207.89,862.87,,,,"     ",3.60,61.83,4.31
532,444745800,"00532M19:17:14.542","00532 19:30:23",207.98,862.91,,,,"     ",3.60,61.96,4.32
532,444745801,"00532M19:17:15.515","00532 19:30:24",208.05,862.82,,,,"     ",3.60,61.88,4.31
532,444745802,"00532M19:17:16.488","00532 19:30:25",208.09,862.73,,,,"     ",3.60,61.45,4.28
532,444745803,"00532M19:17:17.462","00532 19:30:26",208.11,862.85,,,,"     ",3.60,61.71,4.30
532,444745804,"00532M19:17:18.435","00532 19:30:27",208.10,862.77,,,,"     ",3.60,61.87,4.31
532,444745805,"00532M19:17:19.408","00532 19:30:28",208.08,862.77,,,,"     ",3.60,61.54,4.29
532,444745806,"00532M19:17:20.381","00532 19:30:29",208.05,862.77,,,,"     ",3.60,61.68,4.30
532,444745807,"00532M19:17:21.355","00532 19:30:30",207.99,862.83,,,,"     ",3.60,61.80,4.30
532,444745808,"00532M19:17:22.328","00532 19:30:31",207.91,862.82,,,,"     ",3.60,62.08,4.32
532,444745809,"00532M19:17:23.301","00532 19:30:32",207.83,862.85,,,,"     ",3.60,61.87,4.31
532,444745810,"00532M19:17:24.274","00532 19:30:33",207.74,862.86,,,,"     ",3.60,61.66,4.29
532,444745811,"00532M19:17:25.248","00532 19:30:34",207.64,862.88,,,,"     ",3.60,61.78,4.30
532,444745812,"00532M19:17:26.221","00532 19:30:35",207.55,862.91,,,,"     ",3.60,61.83,4.30
532,444745813,"00532M19:17:27.194","00532 19:30:36",207.47,862.83,,,,"     ",3.60,62.16,4.33
532,444745814,"00532M19:17:28.167","00532 19:30:37",207.41,862.81,,,,"     ",3.60,61.65,4.29
532,444745815,"00532M19:17:29.141","00532 19:30:38",207.36,862.79,,,,"     ",3.60,62.09,4.32
532,444745816,"00532M19:17:30.114","00532 19:30:39",207.34,862.77,,,,"     ",3.60,62.38,4.34
532,444745817,"00532M19:17:31.087","00532 19:30:40",207.33,862.80,,,,"     ",3.60,61.91,4.31
532,444745818,"00532M19:17:32.060","00532 19:30:41",207.33,862.83,,,,"     ",3.60,61.95,4.31
532,444745819,"00532M19:17:33.034","00532 19:30:42",207.34,862.93,,,,"     ",3.60,61.98,4.31
532,444745820,"00532M19:17:34.007","00532 19:30:43",207.35,862.90,,,,"     ",3.60,61.56,4.28
532,444745821,"00532M19:17:34.980","00532 19:30:44",207.38,862.88,,,,"     ",3.60,61.60,4.29
532,444745822,"00532M19:17:35.953","00532 19:30:45",207.43,862.88,,,,"     ",3.60,62.18,4.33
532,444745823,"00532M19:17:36.927","00532 19:30:45",207.49,862.80,,,,"     ",3.60,61.96,4.31
532,444745824,"00532M19:17:37.900","00532 19:30:46",207.54,862.86,,,,"     ",3.60,61.68,4.29
532,444745825,"00532M19:17:38.873","00532 19:30:47",207.58,862.93,,,,"     ",3.60,61.59,4.28
532,444745826,"00532M19:17:39.846","00532 19:30:48",207.60,862.90,,,,"     ",3.60,62.22,4.33
532,444745827,"00532M19:17:40.820","00532 19:30:49",207.61,862.88,,,,"     ",3.60,61.73,4.29
532,444745828,"00532M19:17:41.793","00532 19:30:50",207.60,862.86,,,,"     ",3.60,62.15,4.32
532,444745829,"00532M19:17:42.766","00532 19:30:51",207.60,862.89,,,,"     ",3.60,62.02,4.31
532,444745830,"00532M19:17:43.739","00532 19:30:52",207.61,862.87,,,,"     ",3.60,61.91,4.31
532,444745831,"00532M19:17:44.713","00532 19:30:53",207.59,862.89,,,,"     ",3.60,62.02,4.31
532,444745832,"00532M19:17:45.686","00532 19:30:54",207.57,862.87,,,,"     ",3.60,61.70,4.29
532,444745833,"00532M19:17:46.659","00532 19:30:55",207.53,862.94,,,,"     ",3.60,61.55,4.28
532,444745834,"00532M19:17:47.632","00532 19:30:56",207.48,862.93,,,,"     ",3.60,62.32,4.33
532,444745835,"00532M19:17:48.606","00532 19:30:57",207.43,862.90,,,,"     ",3.60,61.58,4.28
532,444745836,"00532M19:17:49.579","00532 19:30:58",207.37,862.95,,,,"     ",3.60,61.87,4.30
532,444745837,"00532M19:17:50.552","00532 19:30:59",207.32,862.96,,,,"     ",3.60,61.66,4.29
532,444745838,"00532M19:17:51.526","00532 19:31:00",207.28,862.98,,,,"     ",3.60,61.76,4.29
532,444745839,"00532M19:17:52.499","00532 19:31:01",207.28,862.92,,,,"     ",3.60,61.69,4.29
532,444745840,"00532M19:17:53.472","00532 19:31:02",207.30,862.98,,,,"     ",3.60,62.16,4.32
532,444745841,"00532M19:17:54.445","00532 19:31:03",207.32,863.05,,,,"     ",3.60,61.68,4.29
532,444745842,"00532M19:17:55.419","00532 19:31:04",207.35,863.05,,,,"     ",3.60,61.42,4.27
532,444745843,"00532M19:17:56.392","00532 19:31:05",207.39,862.98,,,,"     ",3.60,62.01,4.31
532,444745844,"00532M19:17:57.365","00532 19:31:06",207.45,862.93,,,,"     ",3.60,61.93,4.31
532,444745845,"00532M19:17:58.338","00532 19:31:07",207.52,862.90,,,,"     ",3.60,62.22,4.32
532,444745846,"00532M19:17:59.312","00532 19:31:08",207.61,862.89,,,,"     ",3.60,61.63,4.28
532,444745847,"00532M19:18:00.285","00532 19:31:09",207.71,862.86,,,,"     ",3.60,61.97,4.30
532,444745848,"00532M19:18:01.258","00532 19:31:10",207.81,862.88,,,,"     ",3.60,61.81,4.29
532,444745849,"00532M19:18:02.231","00532 19:31:11",207.89,862.82,,,,"     ",3.60,62.17,4.32
532,444745850,"00532M19:18:03.205","00532 19:31:12",207.94,862.85,,,,"     ",3.60,62.08,4.31
532,444745851,"00532M19:18:04.178","00532 19:31:13",207.98,862.99,,,,"     ",3.60,62.39,4.34
532,444745852,"00532M19:18:05.151","00532 19:31:14",207.99,862.99,,,,"     ",3.60,61.88,4.30
532,444745853,"00532M19:18:06.124","00532 19:31:15",208.01,863.01,,,,"     ",3.60,61.97,4.30
532,444745854,"00532M19:18:07.098","00532 19:31:16",208.02,863.01,,,,"     ",3.60,62.04,4.31
532,444745855,"00532M19:18:08.071","00532 19:31:17",208.04,863.00,,,,"     ",3.60,61.66,4.28
532,444745856,"00532M19:18:09.044","00532 19:31:18",208.07,863.00,,,,"     ",3.60,62.33,4.33
532,444745857,"00532M19:18:10.017","00532 19:31:19",208.10,863.04,,,,"     ",3.60,61.96,4.30
532,444745858,"00532M19:18:10.991","00532 19:31:20",208.14,862.99,,,,"     ",3.60,62.12,4.31
532,444745859,"00532M19:18:11.964","00532 19:31:21",208.17,863.08,,,,"     ",3.60,62.07,4.31
532,444745860,"00532M19:18:12.937","00532 19:31:22",208.19,863.01,,,,"     ",3.60,62.09,4.31
532,444745861,"00532M19:18:13.910","00532 19:31:22",208.19,863.00,,,,"     ",3.60,62.22,4.32
532,444745862,"00532M19:18:14.884","00532 19:31:23",208.17,862.96,,,,"     ",3.60,62.00,4.30
532,444745863,"00532M19:18:15.857","00532 19:31:24",208.13,863.01,,,,"     ",3.60,62.05,4.30
532,444745864,"00532M19:18:16.830","00532 19:31:25",208.09,863.01,,,,"     ",3.60,61.96,4.30
532,444745865,"00532M19:18:17.803","00532 19:31:26",208.07,863.01,,,,"     ",3.60,61.76,4.28
532,444745866,"00532M19:18:18.777","00532 19:31:27",208.05,862.98,,,,"     ",3.60,61.96,4.30
532,444745867,"00532M19:18:19.750","00532 19:31:28",208.03,862.99,,,,"     ",3.60,62.43,4.33
532,444745868,"00532M19:18:20.723","00532 19:31:29",208.00,862.99,,,,"     ",3.60,61.89,4.29
532,444745869,"00532M19:18:21.696","00532 19:31:30",207.97,862.86,,,,"     ",3.60,62.00,4.30
532,444745870,"00532M19:18:22.670","00532 19:31:31",207.95,862.84,,,,"     ",3.60,61.87,4.29
532,444745871,"00532M19:18:23.643","00532 19:31:32",207.95,862.98,,,,"     ",3.60,62.31,4.32
532,444745872,"00532M19:18:24.616","00532 19:31:33",207.97,863.03,,,,"     ",3.60,62.37,4.33
532,444745873,"00532M19:18:25.589","00532 19:31:34",208.00,862.98,,,,"     ",3.60,61.85,4.29
532,444745874,"00532M19:18:26.563","00532 19:31:35",208.04,863.05,,,,"     ",3.60,62.10,4.31
532,444745875,"00532M19:18:27.536","00532 19:31:36",208.09,862.96,,,,"     ",3.60,62.06,4.30
532,444745876,"00532M19:18:28.509","00532 19:31:37",208.12,863.02,,,,"     ",3.60,62.28,4.32
532,444745877,"00532M19:18:29.482","00532 19:31:38",208.12,862.99,,,,"     ",3.60,62.41,4.33
532,444745878,"00532M19:18:30.456","00532 19:31:39",208.07,863.03,,,,"     ",3.60,62.45,4.33
532,444745879,"00532M19:18:31.429","00532 19:31:40",207.99,863.01,,,,"     ",3.60,62.16,4.31
532,444745880,"00532M19:18:32.402","00532 19:31:41",207.88,863.04,,,,"     ",3.60,61.96,4.29
532,444745881,"00532M19:18:33.375","00532 19:31:42",207.79,863.09,,,,"     ",3.60,62.04,4.30
532,444745882,"00532M19:18:34.349","00532 19:31:43",207.73,863.03,,,,"     ",3.60,62.41,4.33
532,444745883,"00532M19:18:35.322","00532 19:31:44",207.71,863.00,,,,"     ",3.60,62.21,4.31
532,444745884,"00532M19:18:36.295","00532 19:31:45",207.71,862.98,,,,"     ",3.60,62.09,4.30
532,444745885,"00532M19:18:37.268","00532 19:31:46",207.73,863.04,,,,"     ",3.60,62.02,4.30
532,444745886,"00532M19:18:38.242","00532 19:31:47",207.77,863.01,,,,"     ",3.60,61.75,4.28
532,444745887,"00532M19:18:39.215","00532 19:31:48",207.80,863.08,,,,"     ",3.60,62.12,4.30
532,444745888,"00532M19:18:40.188","00532 19:31:49",207.86,863.15,,,,"     ",3.60,62.28,4.32
532,444745889,"00532M19:18:41.161","00532 19:31:50",207.93,863.09,,,,"     ",3.60,62.42,4.33
532,444745890,"00532M19:18:42.135","00532 19:31:51",208.03,863.10,,,,"     ",3.60,62.52,4.33
532,444745891,"00532M19:18:43.108","00532 19:31:52",208.15,862.99,,,,"     ",3.60,62.13,4.30
532,444745892,"00532M19:18:44.081","00532 19:31:53",208.27,863.04,,,,"     ",3.60,61.71,4.27
532,444745893,"00532M19:18:45.054","00532 19:31:54",208.38,863.00,,,,"     ",3.60,62.03,4.30
532,444745894,"00532M19:18:46.028","00532 19:31:55",208.45,863.04,,,,"     ",3.60,62.09,4.30
532,444745895,"00532M19:18:47.001","00532 19:31:56",208.49,863.08,,,,"     ",3.60,62.25,4.31
532,444745896,"00532M19:18:47.974","00532 19:31:57",208.50,863.05,,,,"     ",3.60,62.06,4.30
532,444745897,"00532M19:18:48.947","00532 19:31:58",208.51,863.05,,,,"     ",3.60,62.31,4.31
532,444745898,"00532M19:18:49.921","00532 19:31:58",208.54,863.08,,,,"     ",3.60,62.00,4.29
532,444745899,"00532M19:18:50.894","00532 19:31:59",208.58,863.11,,,,"     ",3.60,62.31,4.31
532,444745900,"00532M19:18:51.867","00532 19:32:00",208.64,863.03,,,,"     ",3.60,61.99,4.29
532,444745901,"00532M19:18:52.840","00532 19:32:01",208.69,863.09,,,,"     ",3.60,62.12,4.30
532,444745902,"00532M19:18:53.814","00532 19:32:02",208.73,863.03,,,,"     ",3.60,62.23,4.31
532,444745903,"00532M19:18:54.787","00532 19:32:03",208.75,862.97,,,,"     ",3.60,62.05,4.29
532,444745904,"00532M19:18:55.760","00532 19:32:04",208.74,863.00,,,,"     ",3.60,62.46,4.32
532,444745905,"00532M19:18:56.733","00532 19:32:05",208.71,863.10,,,,"     ",3.60,61.83,4.28
532,444745906,"00532M19:18:57.707","00532 19:32:06",208.68,863.13,,,,"     ",3.60,62.50,4.32
532,444745907,"00532M19:18:58.680","00532 19:32:07",208.66,863.17,,,,"     ",3.60,62.01,4.29
532,444745908,"00532M19:18:59.653","00532 19:32:08",208.65,863.11,,,,"     ",3.60,62.10,4.29
532,444745909,"00532M19:19:00.626","00532 19:32:09",208.66,863.13,,,,"     ",3.60,61.76,4.27
532,444745910,"00532M19:19:01.600","00532 19:32:10",208.65,863.11,,,,"     ",3.60,61.97,4.28
532,444745911,"00532M19:19:02.573","00532 19:32:11",208.62,863.05,,,,"     ",3.60,62.09,4.29
532,444745912,"00532M19:19:03.546","00532 19:32:12",208.58,863.12,,,,"     ",3.60,62.11,4.29
532,444745913,"00532M19:19:04.520","00532 19:32:13",208.52,863.10,,,,"     ",3.60,62.29,4.31
532,444745914,"00532M19:19:05.493","00532 19:32:14",208.49,863.09,,,,"     ",3.60,62.35,4.31
532,444745915,"00532M19:19:06.466","00532 19:32:15",208.47,863.15,,,,"     ",3.60,61.92,4.28
532,444745916,"00532M19:19:07.439","00532 19:32:16",208.49,863.11,,,,"     ",3.60,62.05,4.29
532,444745917,"00532M19:19:08.413","00532 19:32:17",208.53,863.07,,,,"     ",3.60,62.45,4.32
532,444745918,"00532M19:19:09.386","00532 19:32:18",208.59,863.07,,,,"     ",3.60,61.87,4.27
532,444745919,"00532M19:19:10.359","00532 19:32:19",208.64,863.18,,,,"     ",3.60,62.09,4.29
532,444745920,"00532M19:19:11.332","00532 19:32:20",208.68,863.14,,,,"     ",3.60,62.33,4.31
532,444745921,"00532M19:19:12.306","00532 19:32:21",208.70,863.13,,,,"     ",3.60,62.00,4.28
532,444745922,"00532M19:19:13.279","00532 19:32:22",208.72,863.08,,,,"     ",3.60,61.79,4.27
532,444745923,"00532M19:19:14.252","00532 19:32:23",208.73,863.12,,,,"     ",3.60,62.36,4.31
532,444745924,"00532M19:19:15.225","00532 19:32:24",208.75,863.16,,,,"     ",3.60,62.06,4.29
532,444745925,"00532M19:19:16.199","00532 19:32:25",208.77,863.15,,,,"     ",3.60,61.75,4.26
532,444745926,"00532M19:19:17.172","00532 19:32:26",208.79,863.11,,,,"     ",3.60,62.33,4.31
532,444745927,"00532M19:19:18.145","00532 19:32:27",208.80,863.16,,,,"     ",3.60,62.26,4.30
532,444745928,"00532M19:19:19.118","00532 19:32:28",208.79,863.15,,,,"     ",3.60,61.95,4.28
532,444745929,"00532M19:19:20.092","00532 19:32:29",208.77,863.12,,,,"     ",3.60,62.11,4.29
532,444745930,"00532M19:19:21.065","00532 19:32:30",208.74,863.15,,,,"     ",3.60,62.26,4.30
532,444745931,"00532M19:19:22.038","00532 19:32:31",208.71,863.25,,,,"     ",3.60,61.86,4.27
532,444745932,"00532M19:19:23.011","00532 19:32:32",208.68,863.19,,,,"     ",3.60,62.38,4.31
532,444745933,"00532M19:19:23.985","00532 19:32:33",208.63,863.22,,,,"     ",3.60,62.14,4.29
532,444745934,"00532M19:19:24.958","00532 19:32:34",208.57,863.16,,,,"     ",3.60,62.12,4.29
532,444745935,"00532M19:19:25.931","00532 19:32:35",208.49,863.18,,,,"     ",3.60,62.61,4.32
532,444745936,"00532M19:19:26.904","00532 19:32:35",208.40,863.13,,,,"     ",3.60,62.47,4.31
532,444745937,"00532M19:19:27.878","00532 19:32:36",208.30,863.17,,,,"     ",3.60,62.36,4.31
532,444745938,"00532M19:19:28.851","00532 19:32:37",208.21,863.21,,,,"     ",3.60,62.02,4.28
532,444745939,"00532M19:19:29.824","00532 19:32:38",208.14,863.23,,,,"     ",3.60,62.01,4.28
532,444745940,"00532M19:19:30.797","00532 19:32:39",208.09,863.11,,,,"     ",3.60,62.29,4.30
532,444745941,"00532M19:19:31.771","00532 19:32:40",208.04,863.17,,,,"     ",3.60,62.41,4.31
532,444745942,"00532M19:19:32.744","00532 19:32:41",207.99,863.18,,,,"     ",3.60,62.32,4.30
532,444745943,"00532M19:19:33.717","00532 19:32:42",207.96,863.16,,,,"     ",3.60,62.28,4.30
532,444745944,"00532M19:19:34.690","00532 19:32:43",207.94,863.13,,,,"     ",3.60,62.17,4.29
532,444745945,"00532M19:19:35.664","00532 19:32:44",207.93,863.16,,,,"     ",3.60,62.51,4.31
532,444745946,"00532M19:19:36.637","00532 19:32:45",207.94,863.16,,,,"     ",3.60,62.21,4.29
532,444745947,"00532M19:19:37.610","00532 19:32:46",207.97,863.24,,,,"     ",3.60,62.28,4.30
532,444745948,"00532M19:19:38.583","00532 19:32:47",208.02,863.27,,,,"     ",3.60,62.30,4.30
532,444745949,"00532M19:19:39.557","00532 19:32:48",208.08,863.23,,,,"     ",3.60,62.64,4.32
532,444745950,"00532M19:19:40.530","00532 19:32:49",208.15,863.25,,,,"     ",3.60,62.46,4.31
532,444745951,"00532M19:19:41.503","00532 19:32:50",208.21,863.28,,,,"     ",3.60,62.05,4.28
532,444745952,"00532M19:19:42.476","00532 19:32:51",208.25,863.26,,,,"     ",3.60,62.37,4.30
532,444745953,"00532M19:19:43.450","00532 19:32:52",208.27,863.23,,,,"     ",3.60,62.28,4.30
532,444745954,"00532M19:19:44.423","00532 19:32:53",208.28,863.18,,,,"     ",3.60,62.12,4.29
532,444745955,"00532M19:19:45.396","00532 19:32:54",208.29,863.23,,,,"     ",3.60,63.03,4.35
532,444745956,"00532M19:19:46.369","00532 19:32:55",208.32,863.31,,,,"     ",3.60,62.32,4.30
532,444745957,"00532M19:19:47.343","00532 19:32:56",208.35,863.26,,,,"     ",3.60,62.13,4.29
532,444745958,"00532M19:19:48.316","00532 19:32:57",208.39,863.24,,,,"     ",3.60,62.82,4.34
532,444745959,"00532M19:19:49.289","00532 19:32:58",208.42,863.19,,,,"     ",3.60,62.44,4.31
532,444745960,"00532M19:19:50.262","00532 19:32:59",208.43,863.26,,,,"     ",3.60,62.61,4.32
532,444745961,"00532M19:19:51.236","00532 19:33:00",208.42,863.25,,,,"     ",3.60,62.55,4.32
532,444745962,"00532M19:19:52.209","00532 19:33:01",208.39,863.11,,,,"     ",3.60,62.56,4.32
532,444745963,"00532M19:19:53.182","00532 19:33:02",208.36,863.18,,,,"     ",3.60,62.46,4.31
532,444745964,"00532M19:19:54.155","00532 19:33:03",208.34,863.27,,,,"     ",3.60,62.19,4.29
532,444745965,"00532M19:19:55.129","00532 19:33:04",208.33,863.22,,,,"     ",3.60,62.24,4.30
532,444745966,"00532M19:19:56.102","00532 19:33:05",208.33,863.26,,,,"     ",3.60,62.97,4.35
532,444745967,"00532M19:19:57.075","00532 19:33:06",208.33,863.22,,,,"     ",3.60,62.41,4.31
532,444745968,"00532M19:19:58.048","00532 19:33:07",208.35,863.26,,,,"     ",3.60,63.02,4.35
532,444745969,"00532M19:19:59.022","00532 19:33:08",208.36,863.26,,,,"     ",3.60,62.60,4.32
532,444745970,"00532M19:19:59.995","00532 19:33:09",208.37,863.26,,,,"     ",3.60,62.47,4.31
532,444745971,"00532M19:20:00.968","00532 19:33:10",208.38,863.32,,,,"     ",3.60,62.97,4.35
532,444745972,"00532M19:20:01.941","00532 19:33:11",208.39,863.33,,,,"     ",3.60,62.74,4.33
532,444745973,"00532M19:20:02.915","00532 19:33:11",208.41,863.31,,,,"     ",3.60,62.58,4.32
532,444745974,"00532M19:20:03.888","00532 19:33:12",208.45,863.26,,,,"     ",3.60,62.67,4.32
532,444745975,"00532M19:20:04.861","00532 19:33:13",208.50,863.28,,,,"     ",3.60,62.71,4.33
532,444745976,"00532M19:20:05.834","00532 19:33:14",208.56,863.19,,,,"     ",3.60,62.68,4.32
532,444745977,"00532M19:20:06.808","00532 19:33:15",208.63,863.27,,,,"     ",3.60,62.42,4.31
532,444745978,"00532M19:20:07.781","00532 19:33:16",208.69,863.20,,,,"     ",3.60,62.47,4.31
532,444745979,"00532M19:20:08.754","00532 19:33:17",208.74,863.20,,,,"     ",3.60,62.43,4.31
532,444745980,"00532M19:20:09.727","00532 19:33:18",208.80,863.29,,,,"     ",3.60,62.59,4.32
532,444745981,"00532M19:20:10.701","00532 19:33:19",208.85,863.23,,,,"     ",3.60,62.51,4.31
532,444745982,"00532M19:20:11.674","00532 19:33:20",208.91,863.25,,,,"     ",3.60,62.76,4.33
532,444745983,"00532M19:20:12.647","00532 19:33:21",208.96,863.31,,,,"     ",3.60,62.63,4.32
532,444745984,"00532M19:20:13.621","00532 19:33:22",208.99,863.34,,,,"     ",3.60,62.75,4.33
532,444745985,"00532M19:20:14.594","00532 19:33:23",209.01,863.33,,,,"     ",3.60,62.42,4.30
532,444745986,"00532M19:20:15.567","00532 19:33:24",208.99,863.34,,,,"     ",3.60,62.61,4.32
532,444745987,"00532M19:20:16.540","00532 19:33:25",208.95,863.28,,,,"     ",3.60,62.68,4.32
532,444745988,"00532M19:20:17.514","00532 19:33:26",208.87,863.35,,,,"     ",3.60,62.80,4.33
532,444745989,"00532M19:20:18.487","00532 19:33:27",208.79,863.33,,,,"     ",3.60,62.86,4.33
532,444745990,"00532M19:20:19.460","00532 19:33:28",208.71,863.28,,,,"     ",3.60,63.06,4.35
532,444745991,"00532M19:20:20.433","00532 19:33:29",208.66,863.29,,,,"     ",3.60,62.67,4.32
532,444745992,"00532M19:20:21.407","00532 19:33:30",208.64,863.28,,,,"     ",3.60,62.56,4.31
532,444745993,"00532M19:20:22.380","00532 19:33:31",208.66,863.42,,,,"     ",3.60,62.79,4.33
532,444745994,"00532M19:20:23.353","00532 19:33:32",208.71,863.37,,,,"     ",3.60,62.68,4.32
532,444745995,"00532M19:20:24.326","00532 19:33:33",208.79,863.40,,,,"     ",3.60,62.39,4.30
532,444745996,"00532M19:20:25.300","00532 19:33:34",208.89,863.37,,,,"     ",3.60,62.87,4.33
532,444745997,"00532M19:20:26.273","00532 19:33:35",209.00,863.41,,,,"     ",3.60,62.74,4.32
532,444745998,"00532M19:20:27.246","00532 19:33:36",209.13,863.32,,,,"     ",3.60,63.10,4.35
532,444745999,"00532M19:20:28.219","00532 19:33:37",209.26,863.38,,,,"     ",3.60,62.61,4.31
532,444746000,"00532M19:20:29.193","00532 19:33:38",209.41,863.44,,,,"     ",3.60,62.68,4.32
532,444746001,"00532M19:20:30.166","00532 19:33:39",209.52,863.35,,,,"     ",3.60,62.57,4.31
532,444746002,"00532M19:20:31.139","00532 19:33:40",209.61,863.43,,,,"     ",3.60,62.85,4.33
532,444746003,"00532M19:20:32.112","00532 19:33:41",209.71,863.42,,,,"     ",3.60,62.89,4.33
532,444746004,"00532M19:20:33.086","00532 19:33:42",209.80,863.40,,,,"     ",3.60,63.00,4.34
532,444746005,"00532M19:20:34.059","00532 19:33:43",209.88,863.43,,,,"     ",3.60,62.60,4.31
532,444746006,"00532M19:20:35.032","00532 19:33:44",209.97,863.41,,,,"     ",3.60,62.98,4.33
532,444746007,"00532M19:20:36.005","00532 19:33:45",210.04,863.38,,,,"     ",3.60,62.74,4.31
532,444746008,"00532M19:20:36.979","00532 19:33:46",210.11,863.53,,,,"     ",3.60,62.95,4.33
532,444746009,"00532M19:20:37.952","00532 19:33:47",210.18,863.40,,,,"     ",3.60,63.13,4.34
532,444746010,"00532M19:20:38.925","00532 19:33:48",210.24,863.39,,,,"     ",3.60,62.72,4.31
532,444746011,"00532M19:20:39.898","00532 19:33:48",210.30,863.37,,,,"     ",3.60,62.47,4.29
532,444746012,"00532M19:20:40.872","00532 19:33:49",210.35,863.37,,,,"     ",3.60,63.12,4.34
532,444746013,"00532M19:20:41.845","00532 19:33:50",210.40,863.39,,,,"     ",3.60,62.43,4.29
532,444746014,"00532M19:20:42.818","00532 19:33:51",210.45,863.49,,,,"     ",3.60,63.14,4.34
532,444746015,"00532M19:20:43.791","00532 19:33:52",210.42,863.42,8.67,,190.33,"  101110",3.60,62.98,4.32
532,444746016,"00532M19:20:44.765","00532 19:33:53",210.48,863.47,,,,"     ",3.60,63.17,4.34
532,444746017,"00532M19:20:45.738","00532 19:33:54",210.54,863.44,,,,"     ",3.60,62.93,4.32
532,444746018,"00532M19:20:46.711","00532 19:33:55",210.59,863.39,,,,"     ",3.60,63.21,4.34
532,444746019,"00532M19:20:47.684","00532 19:33:56",210.63,863.39,,,,"     ",3.60,63.00,4.32
532,444746020,"00532M19:20:48.658","00532 19:33:57",210.67,863.46,,,,"     ",3.60,62.65,4.29
532,444746021,"00532M19:20:49.631","00532 19:33:58",210.71,863.43,,,,"     ",3.60,62.90,4.31
532,444746022,"00532M19:20:50.604","00532 19:33:59",210.74,863.45,,,,"     ",3.60,63.00,4.32
532,444746023,"00532M19:20:51.577","00532 19:34:00",210.76,863.49,,,,"     ",3.60,62.96,4.31
532,444746024,"00532M19:20:52.551","00532 19:34:01",210.78,863.45,,,,"     ",3.60,63.27,4.33
532,444746025,"00532M19:20:53.524","00532 19:34:02",210.79,863.44,,,,"     ",3.60,62.91,4.31
532,444746026,"00532M19:20:54.497","00532 19:34:03",210.80,863.51,,,,"     ",3.60,63.26,4.33
532,444746027,"00532M19:20:55.470","00532 19:34:04",210.80,863.46,,,,"     ",3.60,63.25,4.33
532,444746028,"00532M19:20:56.444","00532 19:34:05",210.80,863.39,,,,"     ",3.60,62.91,4.30
532,444746029,"00532M19:20:57.417","00532 19:34:06",210.80,863.42,,,,"     ",3.60,63.26,4.33
532,444746030,"00532M19:20:58.390","00532 19:34:07",210.79,863.39,,,,"     ",3.60,63.16,4.32
532,444746031,"00532M19:20:59.363","00532 19:34:08",210.79,863.47,,,,"     ",3.60,63.10,4.31
532,444746032,"00532M19:21:00.337","00532 19:34:09",210.81,863.39,,,,"     ",3.60,63.24,4.32
532,444746033,"00532M19:21:01.310","00532 19:34:10",210.84,863.48,,,,"     ",3.60,62.96,4.30
532,444746034,"00532M19:21:02.283","00532 19:34:11",210.88,863.39,,,,"     ",3.60,63.41,4.33
532,444746035,"00532M19:21:03.256","00532 19:34:12",210.92,863.48,,,,"     ",3.60,63.21,4.32
532,444746036,"00532M19:21:04.230","00532 19:34:13",210.98,863.42,,,,"     ",3.60,63.36,4.32
532,444746037,"00532M19:21:05.203","00532 19:34:14",211.04,863.48,,,,"     ",3.60,63.40,4.33
532,444746038,"00532M19:21:06.176","00532 19:34:15",211.11,863.47,,,,"     ",3.60,63.17,4.31
532,444746039,"00532M19:21:07.149","00532 19:34:16",211.16,863.49,,,,"     ",3.60,63.34,4.32
532,444746040,"00532M19:21:08.123","00532 19:34:17",211.19,863.44,,,,"     ",3.60,62.70,4.27
532,444746041,"00532M19:21:09.096","00532 19:34:18",211.18,863.45,,,,"     ",3.60,63.22,4.31
532,444746042,"00532M19:21:10.069","00532 19:34:19",211.15,863.40,,,,"     ",3.60,62.98,4.29
532,444746043,"00532M19:21:11.042","00532 19:34:20",211.09,863.43,,,,"     ",3.60,63.20,4.30
532,444746044,"00532M19:21:12.016","00532 19:34:21",211.01,863.50,,,,"     ",3.60,63.46,4.32
532,444746045,"00532M19:21:12.989","00532 19:34:22",210.93,863.49,,,,"     ",3.60,63.07,4.29
532,444746046,"00532M19:21:13.962","00532 19:34:23",210.88,863.51,,,,"     ",3.60,62.92,4.28
532,444746047,"00532M19:21:14.935","00532 19:34:24",210.85,863.43,,,,"     ",3.60,63.51,4.32
532,444746048,"00532M19:21:15.909","00532 19:34:24",210.85,863.49,,,,"     ",3.60,63.08,4.29
532,444746049,"00532M19:21:16.882","00532 19:34:25",210.85,863.45,,,,"     ",3.60,63.23,4.30
532,444746050,"00532M19:21:17.855","00532 19:34:26",210.85,863.49,,,,"     ",3.60,63.38,4.31
532,444746051,"00532M19:21:18.828","00532 19:34:27",210.83,863.48,,,,"     ",3.60,63.33,4.31
532,444746052,"00532M19:21:19.802","00532 19:34:28",210.81,863.42,,,,"     ",3.60,63.15,4.29
532,444746053,"00532M19:21:20.775","00532 19:34:29",210.80,863.50,,,,"     ",3.60,63.53,4.32
532,444746054,"00532M19:21:21.748","00532 19:34:30",210.81,863.49,,,,"     ",3.60,63.34,4.30
532,444746055,"00532M19:21:22.722","00532 19:34:31",210.82,863.53,,,,"     ",3.60,63.22,4.30
532,444746056,"00532M19:21:23.695","00532 19:34:32",210.86,863.50,,,,"     ",3.60,62.95,4.28
532,444746057,"00532M19:21:24.668","00532 19:34:33",210.91,863.55,,,,"     ",3.60,63.25,4.30
532,444746058,"00532M19:21:25.641","00532 19:34:34",210.97,863.46,,,,"     ",3.60,63.23,4.29
532,444746059,"00532M19:21:26.615","00532 19:34:35",211.02,863.45,,,,"     ",3.60,63.48,4.31
532,444746060,"00532M19:21:27.588","00532 19:34:36",211.08,863.51,,,,"     ",3.60,62.78,4.26
532,444746061,"00532M19:21:28.561","00532 19:34:37",211.12,863.56,,,,"     ",3.60,63.46,4.31
532,444746062,"00532M19:21:29.534","00532 19:34:38",211.17,863.57,,,,"     ",3.60,63.27,4.29
532,444746063,"00532M19:21:30.508","00532 19:34:39",211.21,863.62,,,,"     ",3.60,63.40,4.30
532,444746064,"00532M19:21:31.481","00532 19:34:40",211.26,863.49,,,,"     ",3.60,63.45,4.30
532,444746065,"00532M19:21:32.454","00532 19:34:41",211.30,863.44,,,,"     ",3.60,63.38,4.30
532,444746066,"00532M19:21:33.427","00532 19:34:42",211.32,863.58,,,,"     ",3.60,63.51,4.31
532,444746067,"00532M19:21:34.401","00532 19:34:43",211.33,863.47,,,,"     ",3.60,63.51,4.30
532,444746068,"00532M19:21:35.374","00532 19:34:44",211.31,863.55,,,,"     ",3.60,63.62,4.31
532,444746069,"00532M19:21:36.347","00532 19:34:45",211.28,863.52,,,,"     ",3.60,63.37,4.30
532,444746070,"00532M19:21:37.320","00532 19:34:46",211.22,863.48,,,,"     ",3.60,63.59,4.31
532,444746071,"00532M19:21:38.294","00532 19:34:47",211.16,863.49,,,,"     ",3.60,63.22,4.28
532,444746072,"00532M19:21:39.267","00532 19:34:48",211.12,863.47,,,,"     ",3.60,63.38,4.29
532,444746073,"00532M19:21:40.240","00532 19:34:49",211.11,863.59,,,,"     ",3.60,62.97,4.27
532,444746074,"00532M19:21:41.213","00532 19:34:50",211.14,863.57,,,,"     ",3.60,63.69,4.31
532,444746075,"00532M19:21:42.187","00532 19:34:51",211.20,863.52,,,,"     ",3.60,63.55,4.30
532,444746076,"00532M19:21:43.160","00532 19:34:52",211.25,863.53,,,,"     ",3.60,63.29,4.29
532,444746077,"00532M19:21:44.133","00532 19:34:53",211.29,863.64,,,,"     ",3.60,63.37,4.29
532,444746078,"00532M19:21:45.106","00532 19:34:54",211.31,863.72,,,,"     ",3.60,63.28,4.28
532,444746079,"00532M19:21:46.080","00532 19:34:55",211.30,863.60,,,,"     ",3.60,63.23,4.28
532,444746080,"00532M19:21:47.053","00532 19:34:56",211.25,863.58,,,,"     ",3.60,63.14,4.27
532,444746081,"00532M19:21:48.026","00532 19:34:57",211.17,863.58,,,,"     ",3.60,63.70,4.31
532,444746082,"00532M19:21:48.999","00532 19:34:58",211.08,863.53,,,,"     ",3.60,63.61,4.31
532,444746083,"00532M19:21:49.973","00532 19:34:59",210.98,863.57,,,,"     ",3.60,63.38,4.29
532,444746084,"00532M19:21:50.946","00532 19:35:00",210.89,863.59,,,,"     ",3.60,63.21,4.28
532,444746085,"00532M19:21:51.919","00532 19:35:01",210.81,863.66,,,,"     ",3.60,63.19,4.28
532,444746086,"00532M19:21:52.892","00532 19:35:01",210.73,863.65,,,,"     ",3.60,63.25,4.28
532,444746087,"00532M19:21:53.866","00532 19:35:02",210.67,863.66,,,,"     ",3.60,63.22,4.28
532,444746088,"00532M19:21:54.839","00532 19:35:03",210.63,863.59,,,,"     ",3.60,63.48,4.29
532,444746089,"00532M19:21:55.812","00532 19:35:04",210.61,863.62,,,,"     ",3.60,63.46,4.29
532,444746090,"00532M19:21:56.785","00532 19:35:05",210.60,863.57,,,,"     ",3.60,63.27,4.28
532,444746091,"00532M19:21:57.759","00532 19:35:06",210.61,863.57,,,,"     ",3.60,63.30,4.28
532,444746092,"00532M19:21:58.732","00532 19:35:07",210.62,863.55,,,,"     ",3.60,63.38,4.28
532,444746093,"00532M19:21:59.705","00532 19:35:08",210.65,863.56,,,,"     ",3.60,63.30,4.28
532,444746094,"00532M19:22:00.678","00532 19:35:09",210.67,863.61,,,,"     ",3.60,63.43,4.29
532,444746095,"00532M19:22:01.652","00532 19:35:10",210.68,863.58,,,,"     ",3.60,63.36,4.28
532,444746096,"00532M19:22:02.625","00532 19:35:11",210.68,863.50,,,,"     ",3.60,62.86,4.25
532,444746097,"00532M19:22:03.598","00532 19:35:12",210.68,863.63,,,,"     ",3.60,63.37,4.28
532,444746098,"00532M19:22:04.571","00532 19:35:13",210.67,863.64,,,,"     ",3.60,63.01,4.26
532,444746099,"00532M19:22:05.545","00532 19:35:14",210.66,863.63,,,,"     ",3.60,62.99,4.26
532,444746100,"00532M19:22:06.518","00532 19:35:15",210.66,863.60,,,,"     ",3.60,62.94,4.25
532,444746101,"00532M19:22:07.491","00532 19:35:16",210.66,863.63,,,,"     ",3.60,63.86,4.32
532,444746102,"00532M19:22:08.464","00532 19:35:17",210.66,863.63,,,,"     ",3.60,63.67,4.31
532,444746103,"00532M19:22:09.438","00532 19:35:18",210.67,863.71,,,,"     ",3.60,63.14,4.27
532,444746104,"00532M19:22:10.411","00532 19:35:19",210.70,863.59,,,,"     ",3.60,63.58,4.30
532,444746105,"00532M19:22:11.384","00532 19:35:20",210.71,863.66,,,,"     ",3.60,63.42,4.29
532,444746106,"00532M19:22:12.357","00532 19:35:21",210.71,863.65,,,,"     ",3.60,62.96,4.25
532,444746107,"00532M19:22:13.331","00532 19:35:22",210.69,863.65,,,,"     ",3.60,63.65,4.30
532,444746108,"00532M19:22:14.304","00532 19:35:23",210.65,863.62,,,,"     ",3.60,63.31,4.28
532,444746109,"00532M19:22:15.277","00532 19:35:24",210.58,863.67,,,,"     ",3.60,63.30,4.28
532,444746110,"00532M19:22:16.250","00532 19:35:25",210.50,863.62,,,,"     ",3.60,63.72,4.31
532,444746111,"00532M19:22:17.224","00532 19:35:26",210.40,863.56,,,,"     ",3.60,63.19,4.27
532,444746112,"00532M19:22:18.197","00532 19:35:27",210.31,863.53,,,,"     ",3.60,63.34,4.28
532,444746113,"00532M19:22:19.170","00532 19:35:28",210.23,863.59,,,,"     ",3.60,63.35,4.28
532,444746114,"00532M19:22:20.143","00532 19:35:29",210.18,863.67,,,,"     ",3.60,63.65,4.30
532,444746115,"00532M19:22:21.117","00532 19:35:30",210.17,863.73,,,,"     ",3.60,63.23,4.27
532,444746116,"00532M19:22:22.090","00532 19:35:31",210.20,863.68,,,,"     ",3.60,63.54,4.29
532,444746117,"00532M19:22:23.063","00532 19:35:32",210.27,863.74,,,,"     ",3.60,63.34,4.28
532,444746118,"00532M19:22:24.036","00532 19:35:33",210.37,863.61,,,,"     ",3.60,63.67,4.31
532,444746119,"00532M19:22:25.010","00532 19:35:34",210.48,863.62,,,,"     ",3.60,63.55,4.29
532,444746120,"00532M19:22:25.983","00532 19:35:35",210.58,863.64,,,,"     ",3.60,63.52,4.29
532,444746121,"00532M19:22:26.956","00532 19:35:36",210.68,863.67,,,,"     ",3.60,63.46,4.29
532,444746122,"00532M19:22:27.929","00532 19:35:37",210.77,863.66,,,,"     ",3.60,63.37,4.28
532,444746123,"00532M19:22:28.903","00532 19:35:37",210.82,863.66,,,,"     ",3.60,63.35,4.28
532,444746124,"00532M19:22:29.876","00532 19:35:38",210.84,863.63,,,,"     ",3.60,63.49,4.29
532,444746125,"00532M19:22:30.849","00532 19:35:39",210.83,863.66,,,,"     ",3.60,63.30,4.28
532,444746126,"00532M19:22:31.823","00532 19:35:40",210.80,863.69,,,,"     ",3.60,63.53,4.30
532,444746127,"00532M19:22:32.796","00532 19:35:41",210.74,863.63,,,,"     ",3.60,63.44,4.29
532,444746128,"00532M19:22:33.769","00532 19:35:42",210.68,863.64,,,,"     ",3.60,63.28,4.28
532,444746129,"00532M19:22:34.742","00532 19:35:43",210.62,863.64,,,,"     ",3.60,63.41,4.29
532,444746130,"00532M19:22:35.716","00532 19:35:44",210.56,863.62,,,,"     ",3.60,63.28,4.28
532,444746131,"00532M19:22:36.689","00532 19:35:45",210.51,863.57,,,,"     ",3.60,63.40,4.28
532,444746132,"00532M19:22:37.662","00532 19:35:46",210.48,863.67,,,,"     ",3.60,63.21,4.27
532,444746133,"00532M19:22:38.635","00532 19:35:47",210.47,863.62,,,,"     ",3.60,63.11,4.27
532,444746134,"00532M19:22:39.609","00532 19:35:48",210.48,863.64,,,,"     ",3.60,63.54,4.30
532,444746135,"00532M19:22:40.582","00532 19:35:49",210.50,863.63,,,,"     ",3.60,63.46,4.29
532,444746136,"00532M19:22:41.555","00532 19:35:50",210.53,863.63,,,,"     ",3.60,63.02,4.26
532,444746137,"00532M19:22:42.528","00532 19:35:51",210.56,863.65,,,,"     ",3.60,63.64,4.30
532,444746138,"00532M19:22:43.502","00532 19:35:52",210.57,863.70,,,,"     ",3.60,63.79,4.31
532,444746139,"00532M19:22:44.475","00532 19:35:53",210.56,863.72,,,,"     ",3.60,63.07,4.26
532,444746140,"00532M19:22:45.448","00532 19:35:54",210.52,863.63,,,,"     ",3.60,63.24,4.28
532,444746141,"00532M19:22:46.421","00532 19:35:55",210.46,863.71,,,,"     ",3.60,63.28,4.28
532,444746142,"00532M19:22:47.395","00532 19:35:56",210.39,863.75,,,,"     ",3.60,63.18,4.27
532,444746143,"00532M19:22:48.368","00532 19:35:57",210.31,863.71,,,,"     ",3.60,63.49,4.29
532,444746144,"00532M19:22:49.341","00532 19:35:58",210.24,863.69,,,,"     ",3.60,63.35,4.28
532,444746145,"00532M19:22:50.314","00532 19:35:59",210.18,863.71,,,,"     ",3.60,63.44,4.29
532,444746146,"00532M19:22:51.288","00532 19:36:00",210.14,863.74,,,,"     ",3.60,63.55,4.30
532,444746147,"00532M19:22:52.261","00532 19:36:01",210.11,863.66,,,,"     ",3.60,63.56,4.30
532,444746148,"00532M19:22:53.234","00532 19:36:02",210.10,863.62,,,,"     ",3.60,63.51,4.29
532,444746149,"00532M19:22:54.207","00532 19:36:03",210.08,863.62,,,,"     ",3.60,63.40,4.29
532,444746150,"00532M19:22:55.181","00532 19:36:04",210.06,863.58,,,,"     ",3.60,63.52,4.29
532,444746151,"00532M19:22:56.154","00532 19:36:05",210.05,863.58,,,,"     ",3.60,63.62,4.30
532,444746152,"00532M19:22:57.127","00532 19:36:06",210.05,863.72,,,,"     ",3.60,63.45,4.29
532,444746153,"00532M19:22:58.100","00532 19:36:07",210.06,863.66,,,,"     ",3.60,63.63,4.30
532,444746154,"00532M19:22:59.074","00532 19:36:08",210.06,863.70,,,,"     ",3.60,63.89,4.32
532,444746155,"00532M19:23:00.047","00532 19:36:09",210.05,863.70,,,,"     ",3.60,62.88,4.25
532,444746156,"00532M19:23:01.020","00532 19:36:10",210.03,863.72,,,,"     ",3.60,63.52,4.30
532,444746157,"00532M19:23:01.993","00532 19:36:11",210.02,863.74,,,,"     ",3.60,63.13,4.27
532,444746158,"00532M19:23:02.967","00532 19:36:12",210.00,863.69,,,,"     ",3.60,63.28,4.28
532,444746159,"00532M19:23:03.940","00532 19:36:13",209.98,863.67,,,,"     ",3.60,63.49,4.30
532,444746160,"00532M19:23:04.913","00532 19:36:14",209.96,863.60,,,,"     ",3.60,63.01,4.26
532,444746161,"00532M19:23:05.886","00532 19:36:14",209.94,863.69,,,,"     ",3.60,63.46,4.29
532,444746162,"00532M19:23:06.860","00532 19:36:15",209.93,863.66,,,,"     ",3.60,63.49,4.30
532,444746163,"00532M19:23:07.833","00532 19:36:16",209.93,863.82,,,,"     ",3.60,63.74,4.32
532,444746164,"00532M19:23:08.806","00532 19:36:17",209.95,863.79,,,,"     ",3.60,63.05,4.27
532,444746165,"00532M19:23:09.779","00532 19:36:18",209.97,863.80,,,,"     ",3.60,63.36,4.29
532,444746166,"00532M19:23:10.753","00532 19:36:19",210.00,863.79,,,,"     ",3.60,63.03,4.27
532,444746167,"00532M19:23:11.726","00532 19:36:20",210.02,863.68,,,,"     ",3.60,63.83,4.32
532,444746168,"00532M19:23:12.699","00532 19:36:21",210.01,863.71,,,,"     ",3.60,63.41,4.29
532,444746169,"00532M19:23:13.672","00532 19:36:22",209.99,863.71,,,,"     ",3.60,63.23,4.28
532,444746170,"00532M19:23:14.646","00532 19:36:23",209.96,863.73,,,,"     ",3.60,63.68,4.32
532,444746171,"00532M19:23:15.619","00532 19:36:24",209.93,863.72,,,,"     ",3.60,63.42,4.29
532,444746172,"00532M19:23:16.592","00532 19:36:25",209.91,863.75,,,,"     ",3.60,63.60,4.31
532,444746173,"00532M19:23:17.565","00532 19:36:26",209.91,863.76,,,,"     ",3.60,63.07,4.27
532,444746174,"00532M19:23:18.539","00532 19:36:27",209.93,863.76,,,,"     ",3.60,63.51,4.30
532,444746175,"00532M19:23:19.512","00532 19:36:28",209.95,863.80,,,,"     ",3.60,63.46,4.30
532,444746176,"00532M19:23:20.485","00532 19:36:29",210.00,863.77,,,,"     ",3.60,63.01,4.27
532,444746177,"00532M19:23:21.458","00532 19:36:30",210.06,863.77,,,,"     ",3.60,63.01,4.27
532,444746178,"00532M19:23:22.432","00532 19:36:31",210.12,863.82,,,,"     ",3.60,63.40,4.30
532,444746179,"00532M19:23:23.405","00532 19:36:32",210.19,863.87,,,,"     ",3.60,63.24,4.29
532,444746180,"00532M19:23:24.378","00532 19:36:33",210.24,863.71,,,,"     ",3.60,63.27,4.29
532,444746181,"00532M19:23:25.351","00532 19:36:34",210.29,863.74,,,,"     ",3.60,63.17,4.28
532,444746182,"00532M19:23:26.325","00532 19:36:35",210.33,863.75,,,,"     ",3.60,63.50,4.30
532,444746183,"00532M19:23:27.298","00532 19:36:36",210.37,863.71,,,,"     ",3.60,63.36,4.29
532,444746184,"00532M19:23:28.271","00532 19:36:37",210.39,863.78,,,,"     ",3.60,63.15,4.28
532,444746185,"00532M19:23:29.244","00532 19:36:38",210.40,863.77,,,,"     ",3.60,63.22,4.29
532,444746186,"00532M19:23:30.218","00532 19:36:39",210.40,863.79,,,,"     ",3.60,63.22,4.29
532,444746187,"00532M19:23:31.191","00532 19:36:40",210.39,863.72,,,,"     ",3.60,63.50,4.30
532,444746188,"00532M19:23:32.164","00532 19:36:41",210.38,863.77,,,,"     ",3.60,63.23,4.29
532,444746189,"00532M19:23:33.137","00532 19:36:42",210.37,863.71,,,,"     ",3.60,63.79,4.32
532,444746190,"00532M19:23:34.111","00532 19:36:43",210.39,863.76,,,,"     ",3.60,63.45,4.30
532,444746191,"00532M19:23:35.084","00532 19:36:44",210.42,863.75,,,,"     ",3.60,63.52,4.30
532,444746192,"00532M19:23:36.057","00532 19:36:45",210.46,863.73,,,,"     ",3.60,63.60,4.31
532,444746193,"00532M19:23:37.030","00532 19:36:46",210.49,863.72,,,,"     ",3.60,63.34,4.29
532,444746194,"00532M19:23:38.004","00532 19:36:47",210.50,863.80,,,,"     ",3.60,63.41,4.30
532,444746195,"00532M19:23:38.977","00532 19:36:48",210.51,863.73,,,,"     ",3.60,63.44,4.30
532,444746196,"00532M19:23:39.950","00532 19:36:49",210.50,863.75,,,,"     ",3.60,63.41,4.30
532,444746197,"00532M19:23:40.924","00532 19:36:50",210.48,863.71,,,,"     ",3.60,63.27,4.29
532,444746198,"00532M19:23:41.897","00532 19:36:50",210.45,863.76,,,,"     ",3.60,63.26,4.29
532,444746199,"00532M19:23:42.870","00532 19:36:51",210.41,863.77,,,,"     ",3.60,63.31,4.29
532,444746200,"00532M19:23:43.843","00532 19:36:52",210.36,863.73,,,,"     ",3.60,63.65,4.31
532,444746201,"00532M19:23:44.817","00532 19:36:53",210.30,863.73,,,,"     ",3.60,63.24,4.28
532,444746202,"00532M19:23:45.790","00532 19:36:54",210.23,863.71,,,,"     ",3.60,63.50,4.30
532,444746203,"00532M19:23:46.763","00532 19:36:55",210.15,863.70,,,,"     ",3.60,63.21,4.28
532,444746204,"00532M19:23:47.736","00532 19:36:56",210.07,863.76,,,,"     ",3.60,63.41,4.30
532,444746205,"00532M19:23:48.710","00532 19:36:57",210.00,863.79,,,,"     ",3.60,63.50,4.30
532,444746206,"00532M19:23:49.683","00532 19:36:58",209.96,863.80,,,,"     ",3.60,63.64,4.31
532,444746207,"00532M19:23:50.656","00532 19:36:59",209.93,863.79,,,,"     ",3.60,62.97,4.27
532,444746208,"00532M19:23:51.629","00532 19:37:00",209.93,863.80,,,,"     ",3.60,63.34,4.29
532,444746209,"00532M19:23:52.603","00532 19:37:01",209.92,863.84,,,,"     ",3.60,63.10,4.28
532,444746210,"00532M19:23:53.576","00532 19:37:02",209.91,863.85,,,,"     ",3.60,63.52,4.31
532,444746211,"00532M19:23:54.549","00532 19:37:03",209.90,863.82,,,,"     ",3.60,63.30,4.29
532,444746212,"00532M19:23:55.522","00532 19:37:04",209.89,863.79,,,,"     ",3.60,63.26,4.29
532,444746213,"00532M19:23:56.496","00532 19:37:05",209.86,863.80,,,,"     ",3.60,63.33,4.29
532,444746214,"00532M19:23:57.469","00532 19:37:06",209.82,863.77,,,,"     ",3.60,62.96,4.27
532,444746215,"00532M19:23:58.442","00532 19:37:07",209.76,863.77,,,,"     ",3.60,63.25,4.29
532,444746216,"00532M19:23:59.415","00532 19:37:08",209.70,863.82,,,,"     ",3.60,63.30,4.29
532,444746217,"00532M19:24:00.389","00532 19:37:09",209.62,863.80,,,,"     ",3.60,63.52,4.31
532,444746218,"00532M19:24:01.362","00532 19:37:10",209.56,863.84,,,,"     ",3.60,63.47,4.31
532,444746219,"00532M19:24:02.335","00532 19:37:11",209.51,863.76,,,,"     ",3.60,63.25,4.29
532,444746220,"00532M19:24:03.308","00532 19:37:12",209.47,863.80,,,,"     ",3.60,63.36,4.30
532,444746221,"00532M19:24:04.282","00532 19:37:13",209.44,863.82,,,,"     ",3.60,63.45,4.31
532,444746222,"00532M19:24:05.255","00532 19:37:14",209.43,863.82,,,,"     ",3.60,63.10,4.28
532,444746223,"00532M19:24:06.228","00532 19:37:15",209.42,863.81,,,,"     ",3.60,63.28,4.30
532,444746224,"00532M19:24:07.201","00532 19:37:16",209.41,863.80,,,,"     ",3.60,62.92,4.27
532,444746225,"00532M19:24:08.175","00532 19:37:17",209.40,863.88,,,,"     ",3.60,63.37,4.30
532,444746226,"00532M19:24:09.148","00532 19:37:18",209.38,863.83,,,,"     ",3.60,63.27,4.30
532,444746227,"00532M19:24:10.121","00532 19:37:19",209.34,863.91,,,,"     ",3.60,63.37,4.30
532,444746228,"00532M19:24:11.094","00532 19:37:20",209.30,863.94,,,,"     ",3.60,63.39,4.31
532,444746229,"00532M19:24:12.068","00532 19:37:21",209.25,863.95,,,,"     ",3.60,63.21,4.29
532,444746230,"00532M19:24:13.041","00532 19:37:22",209.21,863.89,,,,"     ",3.60,63.08,4.28
532,444746231,"00532M19:24:14.014","00532 19:37:23",209.17,863.89,,,,"     ",3.60,63.77,4.33
532,444746232,"00532M19:24:14.987","00532 19:37:24",209.13,863.83,,,,"     ",3.60,63.37,4.30
532,444746233,"00532M19:24:15.961","00532 19:37:25",209.09,863.77,,,,"     ",3.60,63.37,4.30
532,444746234,"00532M19:24:16.934","00532 19:37:26",209.06,863.79,,,,"     ",3.60,63.47,4.31
532,444746235,"00532M19:24:17.907","00532 19:37:27",209.03,863.80,,,,"     ",3.60,63.19,4.29
532,444746236,"00532M19:24:18.880","00532 19:37:27",209.02,863.93,,,,"     ",3.60,63.24,4.30
532,444746237,"00532M19:24:19.854","00532 19:37:28",209.03,863.87,,,,"     ",3.60,63.10,4.29
532,444746238,"00532M19:24:20.827","00532 19:37:29",209.06,863.88,,,,"     ",3.60,63.31,4.30
532,444746239,"00532M19:24:21.800","00532 19:37:30",209.09,863.93,,,,"     ",3.60,63.07,4.29
532,444746240,"00532M19:24:22.773","00532 19:37:31",209.10,863.89,,,,"     ",3.60,63.40,4.31
532,444746241,"00532M19:24:23.747","00532 19:37:32",209.10,863.90,,,,"     ",3.60,63.23,4.30
532,444746242,"00532M19:24:24.720","00532 19:37:33",209.09,863.95,,,,"     ",3.60,63.36,4.31
532,444746243,"00532M19:24:25.693","00532 19:37:34",209.07,863.92,,,,"     ",3.60,63.15,4.29
532,444746244,"00532M19:24:26.666","00532 19:37:35",209.05,863.92,,,,"     ",3.60,63.26,4.30
532,444746245,"00532M19:24:27.640","00532 19:37:36",209.03,863.90,,,,"     ",3.60,63.53,4.32
532,444746246,"00532M19:24:28.613","00532 19:37:37",208.99,863.86,,,,"     ",3.60,63.08,4.29
532,444746247,"00532M19:24:29.586","00532 19:37:38",208.95,863.98,,,,"     ",3.60,63.01,4.29
532,444746248,"00532M19:24:30.559","00532 19:37:39",208.92,863.87,,,,"     ",3.60,63.38,4.31
532,444746249,"00532M19:24:31.533","00532 19:37:40",208.90,863.79,,,,"     ",3.60,63.27,4.30
532,444746250,"00532M19:24:32.506","00532 19:37:41",208.88,863.91,,,,"     ",3.60,63.01,4.29
532,444746251,"00532M19:24:33.479","00532 19:37:42",208.87,863.91,,,,"     ",3.60,63.52,4.32
532,444746252,"00532M19:24:34.452","00532 19:37:43",208.87,863.88,,,,"     ",3.60,63.26,4.31
532,444746253,"00532M19:24:35.426","00532 19:37:44",208.87,863.89,,,,"     ",3.60,63.23,4.30
532,444746254,"00532M19:24:36.399","00532 19:37:45",208.87,863.87,,,,"     ",3.60,63.51,4.32
532,444746255,"00532M19:24:37.372","00532 19:37:46",208.89,863.82,,,,"     ",3.60,63.15,4.30
532,444746256,"00532M19:24:38.345","00532 19:37:47",208.92,863.84,,,,"     ",3.60,63.01,4.29
532,444746257,"00532M19:24:39.319","00532 19:37:48",208.94,863.90,,,,"     ",3.60,63.19,4.30
532,444746258,"00532M19:24:40.292","00532 19:37:49",208.96,863.89,,,,"     ",3.60,63.34,4.31
532,444746259,"00532M19:24:41.265","00532 19:37:50",208.97,863.93,,,,"     ",3.60,63.11,4.30
532,444746260,"00532M19:24:42.238","00532 19:37:51",208.95,864.02,,,,"     ",3.60,63.24,4.31
532,444746261,"00532M19:24:43.212","00532 19:37:52",208.94,864.01,,,,"     ",3.60,63.31,4.31
532,444746262,"00532M19:24:44.185","00532 19:37:53",208.91,863.97,,,,"     ",3.60,63.42,4.32
532,444746263,"00532M19:24:45.158","00532 19:37:54",208.89,863.98,,,,"     ",3.60,62.99,4.29
532,444746264,"00532M19:24:46.131","00532 19:37:55",208.84,863.90,,,,"     ",3.60,63.05,4.30
532,444746265,"00532M19:24:47.105","00532 19:37:56",208.79,863.93,,,,"     ",3.60,63.02,4.29
532,444746266,"00532M19:24:48.078","00532 19:37:57",208.72,863.91,,,,"     ",3.60,63.33,4.32
532,444746267,"00532M19:24:49.051","00532 19:37:58",208.66,863.92,,,,"     ",3.60,63.05,4.30
532,444746268,"00532M19:24:50.024","00532 19:37:59",208.61,863.94,,,,"     ",3.60,63.21,4.31
532,444746269,"00532M19:24:50.998","00532 19:38:00",208.58,864.04,,,,"     ",3.60,63.31,4.32
532,444746270,"00532M19:24:51.971","00532 19:38:01",208.56,863.99,,,,"     ",3.60,63.35,4.32
532,444746271,"00532M19:24:52.944","00532 19:38:02",208.53,863.99,,,,"     ",3.60,63.06,4.30
532,444746272,"00532M19:24:53.918","00532 19:38:03",208.50,863.91,,,,"     ",3.60,63.56,4.33
532,444746273,"00532M19:24:54.891","00532 19:38:03",208.48,863.88,,,,"     ",3.60,63.07,4.30
532,444746274,"00532M19:24:55.864","00532 19:38:04",208.46,863.98,,,,"     ",3.60,63.46,4.33
532,444746275,"00532M19:24:56.837","00532 19:38:05",208.45,863.87,,,,"     ",3.60,63.12,4.30
532,444746276,"00532M19:24:57.811","00532 19:38:06",208.43,863.96,,,,"     ",3.60,63.53,4.33
532,444746277,"00532M19:24:58.784","00532 19:38:07",208.42,863.89,,,,"     ",3.60,63.60,4.34
532,444746278,"00532M19:24:59.757","00532 19:38:08",208.41,863.93,,,,"     ",3.60,63.05,4.30
532,444746279,"00532M19:25:00.730","00532 19:38:09",208.42,863.98,,,,"     ",3.60,63.63,4.34
532,444746280,"00532M19:25:01.704","00532 19:38:10",208.44,863.91,,,,"     ",3.60,63.23,4.32
532,444746281,"00532M19:25:02.677","00532 19:38:11",208.50,863.85,,,,"     ",3.60,63.02,4.30
532,444746282,"00532M19:25:03.650","00532 19:38:12",208.57,863.94,,,,"     ",3.60,63.61,4.34
532,444746283,"00532M19:25:04.623","00532 19:38:13",208.67,863.96,,,,"     ",3.60,63.27,4.32
532,444746284,"00532M19:25:05.597","00532 19:38:14",208.79,864.05,,,,"     ",3.60,62.97,4.30
532,444746285,"00532M19:25:06.570","00532 19:38:15",208.91,864.00,,,,"     ",3.60,63.15,4.31
532,444746286,"00532M19:25:07.543","00532 19:38:16",209.04,863.92,,,,"     ",3.60,63.44,4.33
532,444746287,"00532M19:25:08.516","00532 19:38:17",209.15,863.87,,,,"     ",3.60,63.51,4.34
532,444746288,"00532M19:25:09.490","00532 19:38:18",209.22,863.97,,,,"     ",3.60,63.24,4.32
532,444746289,"00532M19:25:10.463","00532 19:38:19",209.25,863.96,,,,"     ",3.60,63.19,4.31
532,444746290,"00532M19:25:11.436","00532 19:38:20",209.22,863.92,,,,"     ",3.60,63.46,4.33
532,444746291,"00532M19:25:12.409","00532 19:38:21",209.14,863.95,,,,"     ",3.60,63.50,4.34
532,444746292,"00532M19:25:13.383","00532 19:38:22",209.04,863.96,,,,"     ",3.60,63.21,4.32
532,444746293,"00532M19:25:14.356","00532 19:38:23",208.94,863.98,,,,"     ",3.60,63.74,4.35
532,444746294,"00532M19:25:15.329","00532 19:38:24",208.83,863.89,,,,"     ",3.60,63.50,4.34
532,444746295,"00532M19:25:16.302","00532 19:38:25",208.73,863.96,,,,"     ",3.60,63.33,4.33
532,444746296,"00532M19:25:17.276","00532 19:38:26",208.65,864.06,,,,"     ",3.60,63.33,4.33
532,444746297,"00532M19:25:18.249","00532 19:38:27",208.58,863.94,,,,"     ",3.60,63.40,4.33
532,444746298,"00532M19:25:19.222","00532 19:38:28",208.51,864.06,,,,"     ",3.60,63.83,4.36
532,444746299,"00532M19:25:20.195","00532 19:38:29",208.45,864.08,,,,"     ",3.60,63.47,4.34
532,444746300,"00532M19:25:21.169","00532 19:38:30",208.42,863.99,,,,"     ",3.60,62.99,4.30
532,444746301,"00532M19:25:22.142","00532 19:38:31",208.41,863.97,,,,"     ",3.60,63.53,4.34
532,444746302,"00532M19:25:23.115","00532 19:38:32",208.40,864.03,,,,"     ",3.60,63.29,4.32
532,444746303,"00532M19:25:24.088","00532 19:38:33",208.40,863.99,,,,"     ",3.60,63.19,4.32
532,444746304,"00532M19:25:25.062","00532 19:38:34",208.40,863.96,,,,"     ",3.60,63.26,4.32
532,444746305,"00532M19:25:26.035","00532 19:38:35",208.39,863.94,,,,"     ",3.60,63.43,4.33
532,444746306,"00532M19:25:27.008","00532 19:38:36",208.38,863.95,,,,"     ",3.60,63.34,4.33
532,444746307,"00532M19:25:27.981","00532 19:38:37",208.37,863.97,,,,"     ",3.60,63.09,4.31
532,444746308,"00532M19:25:28.955","00532 19:38:38",208.35,863.94,,,,"     ",3.60,63.66,4.35
532,444746309,"00532M19:25:29.928","00532 19:38:39",208.35,863.92,,,,"     ",3.60,63.54,4.34
532,444746310,"00532M19:25:30.901","00532 19:38:40",208.34,863.92,,,,"     ",3.60,62.93,4.30
532,444746311,"00532M19:25:31.874","00532 19:38:40",208.33,863.94,,,,"     ",3.60,63.34,4.33
532,444746312,"00532M19:25:32.848","00532 19:38:41",208.33,863.98,,,,"     ",3.60,63.11,4.32
532,444746313,"00532M19:25:33.821","00532 19:38:42",208.33,864.08,,,,"     ",3.60,63.20,4.32
532,444746314,"00532M19:25:34.794","00532 19:38:43",208.34,864.04,,,,"     ",3.60,63.46,4.34
532,444746315,"00532M19:25:35.767","00532 19:38:44",208.34,864.04,,,,"     ",3.60,63.73,4.36
532,444746316,"00532M19:25:36.741","00532 19:38:45",208.36,864.00,,,,"     ",3.60,63.22,4.32
532,444746317,"00532M19:25:37.714","00532 19:38:46",208.37,864.12,,,,"     ",3.60,63.42,4.34
532,444746318,"00532M19:25:38.687","00532 19:38:47",208.39,864.08,,,,"     ",3.60,63.46,4.34
532,444746319,"00532M19:25:39.660","00532 19:38:48",208.41,864.05,,,,"     ",3.60,63.47,4.34
532,444746320,"00532M19:25:40.634","00532 19:38:49",208.44,864.05,,,,"     ",3.60,63.26,4.33
532,444746321,"00532M19:25:41.607","00532 19:38:50",208.47,864.02,,,,"     ",3.60,63.09,4.32
532,444746322,"00532M19:25:42.580","00532 19:38:51",208.50,863.98,,,,"     ",3.60,63.06,4.31
532,444746323,"00532M19:25:43.553","00532 19:38:52",208.45,863.94,,,95.31,"  101100",3.60,63.26,4.33
532,444746324,"00532M19:25:44.527","00532 19:38:53",208.37,864.01,,,,"     ",3.60,63.41,4.34
532,444746325,"00532M19:25:45.500","00532 19:38:54",208.30,863.95,,,,"     ",3.60,63.67,4.36
532,444746326,"00532M19:25:46.473","00532 19:38:55",208.23,864.08,,,,"     ",3.60,63.14,4.32
532,444746327,"00532M19:25:47.446","00532 19:38:56",208.16,864.05,,,,"     ",3.60,63.56,4.35
532,444746328,"00532M19:25:48.420","00532 19:38:57",208.11,864.07,,,,"     ",3.60,63.46,4.35
532,444746329,"00532M19:25:49.393","00532 19:38:58",208.05,863.97,,,,"     ",3.60,63.02,4.31
532,444746330,"00532M19:25:50.366","00532 19:38:59",208.00,864.04,,,,"     ",3.60,63.67,4.36
532,444746331,"00532M19:25:51.339","00532 19:39:00",207.96,864.02,,,,"     ",3.60,63.72,4.37
532,444746332,"00532M19:25:52.313","00532 19:39:01",207.92,863.96,,,,"     ",3.60,64.09,4.39
532,444746333,"00532M19:25:53.286","00532 19:39:02",207.89,864.01,,,,"     ",3.60,63.16,4.33
532,444746334,"00532M19:25:54.259","00532 19:39:03",207.86,864.06,,,,"     ",3.60,63.32,4.34
532,444746335,"00532M19:25:55.232","00532 19:39:04",207.83,864.03,,,,"     ",3.60,63.41,4.34
532,444746336,"00532M19:25:56.206","00532 19:39:05",207.81,864.08,,,,"     ",3.60,63.34,4.34
532,444746337,"00532M19:25:57.179","00532 19:39:06",207.78,864.05,,,,"     ",3.60,63.26,4.34
532,444746338,"00532M19:25:58.152","00532 19:39:07",207.77,864.04,,,,"     ",3.60,63.29,4.34
532,444746339,"00532M19:25:59.125","00532 19:39:08",207.77,864.07,,,,"     ",3.60,63.17,4.33
532,444746340,"00532M19:26:00.099","00532 19:39:09",207.79,864.07,,,,"     ",3.60,63.24,4.33
532,444746341,"00532M19:26:01.072","00532 19:39:10",207.80,864.04,,,,"     ",3.60,63.29,4.34
532,444746342,"00532M19:26:02.045","00532 19:39:11",207.81,864.01,,,,"     ",3.60,63.37,4.35
532,444746343,"00532M19:26:03.019","00532 19:39:12",207.80,864.09,,,,"     ",3.60,63.49,4.35
532,444746344,"00532M19:26:03.992","00532 19:39:13",207.80,864.14,,,,"     ",3.60,63.42,4.35
532,444746345,"00532M19:26:04.965","00532 19:39:14",207.79,864.09,,,,"     ",3.60,63.46,4.35
532,444746346,"00532M19:26:05.938","00532 19:39:15",207.79,864.04,,,,"     ",3.60,63.14,4.33
532,444746347,"00532M19:26:06.912","00532 19:39:16",207.80,863.98,,,,"     ",3.60,63.17,4.33
532,444746348,"00532M19:26:07.885","00532 19:39:17",207.83,863.97,,,,"     ",3.60,63.54,4.36
532,444746349,"00532M19:26:08.858","00532 19:39:17",207.85,864.09,,,,"     ",3.60,63.20,4.34
532,444746350,"00532M19:26:09.831","00532 19:39:18",207.87,864.04,,,,"     ",3.60,63.23,4.34
532,444746351,"00532M19:26:10.805","00532 19:39:19",207.88,864.04,,,,"     ",3.60,63.25,4.34
532,444746352,"00532M19:26:11.778","00532 19:39:20",207.88,864.09,,,,"     ",3.60,63.18,4.34
532,444746353,"00532M19:26:12.751","00532 19:39:21",207.88,864.06,,,,"     ",3.60,63.72,4.37
532,444746354,"00532M19:26:13.724","00532 19:39:22",207.89,864.12,,,,"     ",3.60,63.27,4.34
532,444746355,"00532M19:26:14.698","00532 19:39:23",207.92,864.11,,,,"     ",3.60,63.55,4.36
532,444746356,"00532M19:26:15.671","00532 19:39:24",207.96,864.10,,,,"     ",3.60,63.32,4.35
532,444746357,"00532M19:26:16.644","00532 19:39:25",208.00,864.10,,,,"     ",3.60,63.20,4.34
532,444746358,"00532M19:26:17.617","00532 19:39:26",208.05,864.15,,,,"     ",3.60,63.60,4.37
532,444746359,"00532M19:26:18.591","00532 19:39:27",208.10,864.12,,,,"     ",3.60,63.51,4.36
532,444746360,"00532M19:26:19.564","00532 19:39:28",208.14,864.11,,,,"     ",3.60,62.98,4.33
532,444746361,"00532M19:26:20.537","00532 19:39:29",208.17,864.11,,,,"     ",3.60,63.14,4.34
532,444746362,"00532M19:26:21.510","00532 19:39:30",208.19,864.14,,,,"     ",3.60,63.43,4.36
532,444746363,"00532M19:26:22.484","00532 19:39:31",208.20,864.12,,,,"     ",3.60,63.16,4.34
532,444746364,"00532M19:26:23.457","00532 19:39:32",208.21,864.17,,,,"     ",3.60,63.14,4.34
532,444746365,"00532M19:26:24.430","00532 19:39:33",208.24,864.17,,,,"     ",3.60,63.28,4.35
532,444746366,"00532M19:26:25.403","00532 19:39:34",208.27,864.10,,,,"     ",3.60,63.30,4.35
532,444746367,"00532M19:26:26.377","00532 19:39:35",208.29,864.10,,,,"     ",3.60,63.33,4.35
532,444746368,"00532M19:26:27.350","00532 19:39:36",208.32,864.17,,,,"     ",3.60,63.64,4.37
532,444746369,"00532M19:26:28.323","00532 19:39:37",208.34,864.16,,,,"     ",3.60,63.69,4.38
532,444746370,"00532M19:26:29.296","00532 19:39:38",208.35,864.16,,,,"     ",3.60,63.19,4.34
532,444746371,"00532M19:26:30.270","00532 19:39:39",208.38,864.14,,,,"     ",3.60,63.71,4.38
532,444746372,"00532M19:26:31.243","00532 19:39:40",208.39,864.10,,,,"     ",3.60,63.39,4.36
532,444746373,"00532M19:26:32.216","00532 19:39:41",208.41,864.08,,,,"     ",3.60,62.94,4.33
532,444746374,"00532M19:26:33.189","00532 19:39:42",208.42,864.08,,,,"     ",3.60,63.28,4.35
532,444746375,"00532M19:26:34.163","00532 19:39:43",208.41,864.15,,,,"     ",3.60,63.32,4.36
532,444746376,"00532M19:26:35.136","00532 19:39:44",208.40,864.17,,,,"     ",3.60,63.48,4.37
532,444746377,"00532M19:26:36.109","00532 19:39:45",208.36,864.10,,,,"     ",3.60,63.35,4.36
532,444746378,"00532M19:26:37.082","00532 19:39:46",208.30,864.14,,,,"     ",3.60,63.43,4.36
532,444746379,"00532M19:26:38.056","00532 19:39:47",208.24,864.15,,,,"     ",3.60,63.63,4.38
532,444746380,"00532M19:26:39.029","00532 19:39:48",208.18,864.04,,,,"     ",3.60,63.29,4.36
532,444746381,"00532M19:26:40.002","00532 19:39:49",208.11,864.12,,,,"     ",3.60,63.74,4.39
532,444746382,"00532M19:26:40.975","00532 19:39:50",208.05,864.23,,,,"     ",3.60,63.27,4.35
532,444746383,"00532M19:26:41.949","00532 19:39:51",208.01,864.22,,,,"     ",3.60,63.33,4.36
532,444746384,"00532M19:26:42.922","00532 19:39:52",207.99,864.25,,,,"     ",3.60,62.93,4.33
532,444746385,"00532M19:26:43.895","00532 19:39:53",207.98,864.30,,,,"     ",3.60,63.59,4.38
532,444746386,"00532M19:26:44.868","00532 19:39:53",207.98,864.27,,,,"     ",3.60,63.45,4.37
532,444746387,"00532M19:26:45.842","00532 19:39:54",207.99,864.12,,,,"     ",3.60,63.56,4.37
532,444746388,"00532M19:26:46.815","00532 19:39:55",207.99,864.14,,,,"     ",3.60,63.31,4.36
532,444746389,"00532M19:26:47.788","00532 19:39:56",207.97,864.21,,,,"     ",3.60,63.70,4.39
532,444746390,"00532M19:26:48.761","00532 19:39:57",207.95,864.24,,,,"     ",3.60,63.38,4.36
532,444746391,"00532M19:26:49.735","00532 19:39:58",207.92,864.27,,,,"     ",3.60,63.44,4.37
532,444746392,"00532M19:26:50.708","00532 19:39:59",207.89,864.26,,,,"     ",3.60,63.33,4.36
532,444746393,"00532M19:26:51.681","00532 19:40:00",207.86,864.25,,,,"     ",3.60,63.11,4.34
532,444746394,"00532M19:26:52.654","00532 19:40:01",207.83,864.21,,,,"     ",3.60,63.10,4.35
532,444746395,"00532M19:26:53.628","00532 19:40:02",207.80,864.13,,,,"     ",3.60,63.76,4.39
532,444746396,"00532M19:26:54.601","00532 19:40:03",207.79,864.12,,,,"     ",3.60,63.21,4.35
532,444746397,"00532M19:26:55.574","00532 19:40:04",207.78,864.16,,,,"     ",3.60,63.71,4.39
532,444746398,"00532M19:26:56.547","00532 19:40:05",207.78,864.18,,,,"     ",3.60,63.35,4.36
532,444746399,"00532M19:26:57.521","00532 19:40:06",207.79,864.21,,,,"     ",3.60,63.33,4.36
532,444746400,"00532M19:26:58.494","00532 19:40:07",207.82,864.21,,,,"     ",3.60,63.51,4.37
532,444746401,"00532M19:26:59.467","00532 19:40:08",207.86,864.20,,,,"     ",3.60,63.67,4.39
532,444746402,"00532M19:27:00.440","00532 19:40:09",207.91,864.31,,,,"     ",3.60,63.41,4.37
532,444746403,"00532M19:27:01.414","00532 19:40:10",207.96,864.24,,,,"     ",3.60,63.40,4.37
532,444746404,"00532M19:27:02.387","00532 19:40:11",208.01,864.24,,,,"     ",3.60,63.31,4.36
532,444746405,"00532M19:27:03.360","00532 19:40:12",208.05,864.27,,,,"     ",3.60,63.22,4.36
532,444746406,"00532M19:27:04.333","00532 19:40:13",208.08,864.23,,,,"     ",3.60,63.74,4.39
532,444746407,"00532M19:27:05.307","00532 19:40:14",208.11,864.17,,,,"     ",3.60,63.23,4.36
532,444746408,"00532M19:27:06.280","00532 19:40:15",208.14,864.25,,,,"     ",3.60,63.65,4.39
532,444746409,"00532M19:27:07.253","00532 19:40:16",208.17,864.20,,,,"     ",3.60,63.69,4.39
532,444746410,"00532M19:27:08.226","00532 19:40:17",208.19,864.22,,,,"     ",3.60,63.48,4.38
532,444746411,"00532M19:27:09.200","00532 19:40:18",208.21,864.24,,,,"     ",3.60,63.36,4.37
532,444746412,"00532M19:27:10.173","00532 19:40:19",208.24,864.27,,,,"     ",3.60,63.41,4.37
532,444746413,"00532M19:27:11.146","00532 19:40:20",208.27,864.19,,,,"     ",3.60,63.52,4.38
532,444746414,"00532M19:27:12.120","00532 19:40:21",208.30,864.32,,,,"     ",3.60,63.36,4.37
532,444746415,"00532M19:27:13.093","00532 19:40:22",208.31,864.32,,,,"     ",3.60,63.20,4.36
532,444746416,"00532M19:27:14.066","00532 19:40:23",208.32,864.20,,,,"     ",3.60,63.42,4.37
532,444746417,"00532M19:27:15.039","00532 19:40:24",208.32,864.28,,,,"     ",3.60,63.62,4.39
532,444746418,"00532M19:27:16.013","00532 19:40:25",208.32,864.30,,,,"     ",3.60,63.81,4.40
532,444746419,"00532M19:27:16.986","00532 19:40:26",208.33,864.33,,,,"     ",3.60,63.73,4.40
532,444746420,"00532M19:27:17.959","00532 19:40:27",208.36,864.30,,,,"     ",3.60,63.27,4.36
532,444746421,"00532M19:27:18.932","00532 19:40:28",208.40,864.20,,,,"     ",3.60,63.40,4.37
532,444746422,"00532M19:27:19.906","00532 19:40:29",208.47,864.24,,,,"     ",3.60,63.69,4.39
532,444746423,"00532M19:27:20.879","00532 19:40:30",208.54,864.28,,,,"     ",3.60,63.14,4.35
532,444746424,"00532M19:27:21.852","00532 19:40:30",208.63,864.18,,,,"     ",3.60,63.32,4.36
532,444746425,"00532M19:27:22.825","00532 19:40:31",208.74,864.20,,,,"     ",3.60,63.82,4.40
532,444746426,"00532M19:27:23.799","00532 19:40:32",208.85,864.27,,,,"     ",3.60,63.49,4.38
532,444746427,"00532M19:27:24.772","00532 19:40:33",208.97,864.27,,,,"     ",3.60,63.37,4.37
532,444746428,"00532M19:27:25.745","00532 19:40:34",209.10,864.30,,,,"     ",3.60,63.41,4.37
532,444746429,"00532M19:27:26.718","00532 19:40:35",209.22,864.32,,,,"     ",3.60,63.33,4.37
532,444746430,"00532M19:27:27.692","00532 19:40:36",209.35,864.31,,,,"     ",3.60,63.10,4.35
532,444746431,"00532M19:27:28.665","00532 19:40:37",209.46,864.28,,,,"     ",3.60,63.33,4.36
532,444746432,"00532M19:27:29.638","00532 19:40:38",209.58,864.27,,,,"     ",3.60,63.40,4.37
532,444746433,"00532M19:27:30.611","00532 19:40:39",209.68,864.24,,,,"     ",3.60,63.12,4.35
532,444746434,"00532M19:27:31.585","00532 19:40:40",209.76,864.36,,,,"     ",3.60,63.54,4.38
532,444746435,"00532M19:27:32.558","00532 19:40:41",209.81,864.27,,,,"     ",3.60,63.43,4.37
532,444746436,"00532M19:27:33.531","00532 19:40:42",209.85,864.35,,,,"     ",3.60,63.74,4.39
532,444746437,"00532M19:27:34.504","00532 19:40:43",209.89,864.31,,,,"     ",3.60,63.05,4.34
532,444746438,"00532M19:27:35.478","00532 19:40:44",209.92,864.22,,,,"     ",3.60,63.93,4.40
532,444746439,"00532M19:27:36.451","00532 19:40:45",209.95,864.35,,,,"     ",3.60,63.40,4.37
532,444746440,"00532M19:27:37.424","00532 19:40:46",209.95,864.32,,,,"     ",3.60,63.25,4.35
532,444746441,"00532M19:27:38.397","00532 19:40:47",209.94,864.37,,,,"     ",3.60,63.16,4.35
532,444746442,"00532M19:27:39.371","00532 19:40:48",209.91,864.40,,,,"     ",3.60,63.37,4.36
532,444746443,"00532M19:27:40.344","00532 19:40:49",209.86,864.37,,,,"     ",3.60,63.42,4.37
532,444746444,"00532M19:27:41.317","00532 19:40:50",209.83,864.33,,,,"     ",3.60,63.51,4.37
532,444746445,"00532M19:27:42.290","00532 19:40:51",209.81,864.30,,,,"     ",3.60,63.38,4.36
532,444746446,"00532M19:27:43.264","00532 19:40:52",209.80,864.36,,,,"     ",3.60,63.71,4.39
532,444746447,"00532M19:27:44.237","00532 19:40:53",209.80,864.38,,,,"     ",3.60,63.14,4.34
532,444746448,"00532M19:27:45.210","00532 19:40:54",209.79,864.34,,,,"     ",3.60,63.32,4.35
532,444746449,"00532M19:27:46.183","00532 19:40:55",209.80,864.42,,,,"     ",3.60,63.19,4.35
532,444746450,"00532M19:27:47.157","00532 19:40:56",209.82,864.32,,,,"     ",3.60,63.41,4.36
532,444746451,"00532M19:27:48.130","00532 19:40:57",209.85,864.22,,,,"     ",3.60,63.05,4.33
532,444746452,"00532M19:27:49.103","00532 19:40:58",209.89,864.23,,,,"     ",3.60,63.17,4.34
532,444746453,"00532M19:27:50.076","00532 19:40:59",209.96,864.34,,,,"     ",3.60,63.57,4.37
532,444746454,"00532M19:27:51.050","00532 19:41:00",210.02,864.33,,,,"     ",3.60,63.17,4.34
532,444746455,"00532M19:27:52.023","00532 19:41:01",210.08,864.35,,,,"     ",3.60,63.32,4.35
532,444746456,"00532M19:27:52.996","00532 19:41:02",210.11,864.34,,,,"     ",3.60,63.32,4.35
532,444746457,"00532M19:27:53.969","00532 19:41:03",210.11,864.37,,,,"     ",3.60,63.56,4.37
532,444746458,"00532M19:27:54.943","00532 19:41:04",210.08,864.33,,,,"     ",3.60,63.11,4.33
532,444746459,"00532M19:27:55.916","00532 19:41:05",210.03,864.33,,,,"     ",3.60,63.61,4.37
532,444746460,"00532M19:27:56.889","00532 19:41:06",209.97,864.36,,,,"     ",3.60,63.18,4.34
532,444746461,"00532M19:27:57.862","00532 19:41:06",209.92,864.35,,,,"     ",3.60,63.26,4.34
532,444746462,"00532M19:27:58.836","00532 19:41:07",209.88,864.37,,,,"     ",3.60,63.62,4.37
532,444746463,"00532M19:27:59.809","00532 19:41:08",209.85,864.34,,,,"     ",3.60,63.30,4.35
532,444746464,"00532M19:28:00.782","00532 19:41:09",209.85,864.42,,,,"     ",3.60,63.29,4.35
532,444746465,"00532M19:28:01.755","00532 19:41:10",209.86,864.30,,,,"     ",3.60,63.28,4.34
532,444746466,"00532M19:28:02.729","00532 19:41:11",209.87,864.34,,,,"     ",3.60,63.43,4.35
532,444746467,"00532M19:28:03.702","00532 19:41:12",209.90,864.40,,,,"     ",3.60,62.88,4.32
532,444746468,"00532M19:28:04.675","00532 19:41:13",209.95,864.34,,,,"     ",3.60,63.58,4.36
532,444746469,"00532M19:28:05.648","00532 19:41:14",210.00,864.39,,,,"     ",3.60,63.62,4.37
532,444746470,"00532M19:28:06.622","00532 19:41:15",210.06,864.34,,,,"     ",3.60,63.36,4.35
532,444746471,"00532M19:28:07.595","00532 19:41:16",210.10,864.39,,,,"     ",3.60,63.22,4.34
532,444746472,"00532M19:28:08.568","00532 19:41:17",210.12,864.41,,,,"     ",3.60,63.23,4.34
532,444746473,"00532M19:28:09.541","00532 19:41:18",210.12,864.37,,,,"     ",3.60,63.07,4.33
532,444746474,"00532M19:28:10.515","00532 19:41:19",210.10,864.30,,,,"     ",3.60,63.28,4.34
532,444746475,"00532M19:28:11.488","00532 19:41:20",210.06,864.31,,,,"     ",3.60,63.19,4.34
532,444746476,"00532M19:28:12.461","00532 19:41:21",210.00,864.38,,,,"     ",3.60,63.41,4.35
532,444746477,"00532M19:28:13.434","00532 19:41:22",209.93,864.36,,,,"     ",3.60,62.97,4.32
532,444746478,"00532M19:28:14.408","00532 19:41:23",209.87,864.40,,,,"     ",3.60,63.18,4.33
532,444746479,"00532M19:28:15.381","00532 19:41:24",209.83,864.37,,,,"     ",3.60,63.45,4.35
532,444746480,"00532M19:28:16.354","00532 19:41:25",209.80,864.37,,,,"     ",3.60,62.89,4.31
532,444746481,"00532M19:28:17.327","00532 19:41:26",209.80,864.40,,,,"     ",3.60,63.42,4.35
532,444746482,"00532M19:28:18.301","00532 19:41:27",209.83,864.36,,,,"     ",3.60,63.02,4.32
532,444746483,"00532M19:28:19.274","00532 19:41:28",209.88,864.34,,,,"     ",3.60,63.24,4.34
532,444746484,"00532M19:28:20.247","00532 19:41:29",209.94,864.38,,,,"     ",3.60,63.22,4.34
532,444746485,"00532M19:28:21.221","00532 19:41:30",210.01,864.33,,,,"     ",3.60,63.07,4.33
532,444746486,"00532M19:28:22.194","00532 19:41:31",210.07,864.43,,,,"     ",3.60,63.30,4.34
532,444746487,"00532M19:28:23.167","00532 19:41:32",210.13,864.46,,,,"     ",3.60,63.10,4.33
532,444746488,"00532M19:28:24.140","00532 19:41:33",210.18,864.39,,,,"     ",3.60,63.26,4.34
532,444746489,"00532M19:28:25.114","00532 19:41:34",210.22,864.39,,,,"     ",3.60,63.50,4.35
532,444746490,"00532M19:28:26.087","00532 19:41:35",210.23,864.44,,,,"     ",3.60,63.34,4.34
532,444746491,"00532M19:28:27.060","00532 19:41:36",210.24,864.44,,,,"     ",3.60,63.27,4.34
532,444746492,"00532M19:28:28.033","00532 19:41:37",210.23,864.46,,,,"     ",3.60,63.13,4.33
532,444746493,"00532M19:28:29.007","00532 19:41:38",210.22,864.31,,,,"     ",3.60,63.28,4.34
532,444746494,"00532M19:28:29.980","00532 19:41:39",210.21,864.41,,,,"     ",3.60,63.29,4.34
532,444746495,"00532M19:28:30.953","00532 19:41:40",210.19,864.38,,,,"     ",3.60,63.64,4.36
532,444746496,"00532M19:28:31.926","00532 19:41:41",210.17,864.39,,,,"     ",3.60,63.27,4.34
532,444746497,"00532M19:28:32.900","00532 19:41:42",210.16,864.37,,,,"     ",3.60,63.23,4.33
532,444746498,"00532M19:28:33.873","00532 19:41:43",210.17,864.36,,,,"     ",3.60,63.45,4.35
532,444746499,"00532M19:28:34.846","00532 19:41:43",210.20,864.39,,,,"     ",3.60,63.47,4.35
532,444746500,"00532M19:28:35.819","00532 19:41:44",210.24,864.47,,,,"     ",3.60,63.14,4.33
532,444746501,"00532M19:28:36.793","00532 19:41:45",210.26,864.49,,,,"     ",3.60,63.16,4.33
532,444746502,"00532M19:28:37.766","00532 19:41:46",210.25,864.49,,,,"     ",3.60,63.44,4.35
532,444746503,"00532M19:28:38.739","00532 19:41:47",210.22,864.47,,,,"     ",3.60,63.01,4.32
532,444746504,"00532M19:28:39.712","00532 19:41:48",210.17,864.46,,,,"     ",3.60,63.21,4.33
532,444746505,"00532M19:28:40.686","00532 19:41:49",210.09,864.38,,,,"     ",3.60,63.21,4.33
532,444746506,"00532M19:28:41.659","00532 19:41:50",210.02,864.46,,,,"     ",3.60,62.93,4.31
532,444746507,"00532M19:28:42.632","00532 19:41:51",209.94,864.49,,,,"     ",3.60,63.35,4.34
532,444746508,"00532M19:28:43.605","00532 19:41:52",209.87,864.45,,,,"     ",3.60,63.29,4.34
532,444746509,"00532M19:28:44.579","00532 19:41:53",209.80,864.37,,,,"     ",3.60,63.24,4.33
532,444746510,"00532M19:28:45.552","00532 19:41:54",209.73,864.44,,,,"     ",3.60,63.18,4.33
532,444746511,"00532M19:28:46.525","00532 19:41:55",209.68,864.43,,,,"     ",3.60,63.12,4.33
532,444746512,"00532M19:28:47.498","00532 19:41:56",209.65,864.43,,,,"     ",3.60,63.25,4.34
532,444746513,"00532M19:28:48.472","00532 19:41:57",209.66,864.41,,,,"     ",3.60,63.09,4.32
532,444746514,"00532M19:28:49.445","00532 19:41:58",209.69,864.44,,,,"     ",3.60,62.96,4.31
532,444746515,"00532M19:28:50.418","00532 19:41:59",209.74,864.43,,,,"     ",3.60,62.85,4.31
532,444746516,"00532M19:28:51.391","00532 19:42:00",209.79,864.43,,,,"     ",3.60,63.24,4.33
532,444746517,"00532M19:28:52.365","00532 19:42:01",209.84,864.45,,,,"     ",3.60,63.26,4.33
532,444746518,"00532M19:28:53.338","00532 19:42:02",209.87,864.51,,,,"     ",3.60,63.16,4.33
532,444746519,"00532M19:28:54.311","00532 19:42:03",209.88,864.51,,,,"     ",3.60,63.21,4.33
532,444746520,"00532M19:28:55.284","00532 19:42:04",209.87,864.41,,,,"     ",3.60,63.08,4.32
532,444746521,"00532M19:28:56.258","00532 19:42:05",209.84,864.49,,,,"     ",3.60,63.09,4.32
532,444746522,"00532M19:28:57.231","00532 19:42:06",209.80,864.45,,,,"     ",3.60,62.62,4.29
532,444746523,"00532M19:28:58.204","00532 19:42:07",209.76,864.57,,,,"     ",3.60,63.11,4.32
532,444746524,"00532M19:28:59.177","00532 19:42:08",209.73,864.48,,,,"     ",3.60,63.07,4.32
532,444746525,"00532M19:29:00.151","00532 19:42:09",209.73,864.47,,,,"     ",3.60,63.00,4.32
532,444746526,"00532M19:29:01.124","00532 19:42:10",209.75,864.46,,,,"     ",3.60,63.00,4.32
532,444746527,"00532M19:29:02.097","00532 19:42:11",209.79,864.46,,,,"     ",3.60,63.41,4.35
532,444746528,"00532M19:29:03.070","00532 19:42:12",209.86,864.47,,,,"     ",3.60,63.09,4.32
532,444746529,"00532M19:29:04.044","00532 19:42:13",209.95,864.39,,,,"     ",3.60,62.85,4.31
532,444746530,"00532M19:29:05.017","00532 19:42:14",210.07,864.39,,,,"     ",3.60,63.19,4.33
532,444746531,"00532M19:29:05.990","00532 19:42:15",210.20,864.45,,,,"     ",3.60,63.16,4.33
532,444746532,"00532M19:29:06.963","00532 19:42:16",210.33,864.49,,,,"     ",3.60,63.15,4.33
532,444746533,"00532M19:29:07.937","00532 19:42:17",210.46,864.46,,,,"     ",3.60,63.29,4.34
532,444746534,"00532M19:29:08.910","00532 19:42:18",210.49,864.50,,,,"     ",3.60,63.09,4.32
532,444746535,"00532M19:29:09.883","00532 19:42:19",210.43,864.48,,,,"     ",3.60,62.79,4.30
532,444746536,"00532M19:29:10.856","00532 19:42:19",210.38,864.53,,,,"     ",3.60,63.19,4.33
532,444746537,"00532M19:29:11.830","00532 19:42:20",210.35,864.51,,,,"     ",3.60,62.83,4.30
532,444746538,"00532M19:29:12.803","00532 19:42:21",210.35,864.46,,,,"     ",3.60,62.85,4.30
532,444746539,"00532M19:29:13.776","00532 19:42:22",210.38,864.42,,,,"     ",3.60,63.21,4.33
532,444746540,"00532M19:29:14.749","00532 19:42:23",210.44,864.52,,,,"     ",3.60,62.84,4.30
532,444746541,"00532M19:29:15.723","00532 19:42:24",210.52,864.47,,,,"     ",3.60,63.05,4.32
532,444746542,"00532M19:29:16.696","00532 19:42:25",210.61,864.47,,,,"     ",3.60,63.37,4.34
532,444746543,"00532M19:29:17.669","00532 19:42:26",210.61,864.46,,,,"     ",3.60,63.10,4.32
532,444746544,"00532M19:29:18.642","00532 19:42:27",210.63,864.51,,,,"     ",3.60,62.97,4.31
532,444746545,"00532M19:29:19.616","00532 19:42:28",210.66,864.52,,,,"     ",3.60,62.93,4.31
532,444746546,"00532M19:29:20.589","00532 19:42:29",210.70,864.51,,,,"     ",3.60,63.00,4.31
532,444746547,"00532M19:29:21.562","00532 19:42:30",210.75,864.49,,,,"     ",3.60,63.29,4.33
532,444746548,"00532M19:29:22.535","00532 19:42:31",210.78,864.55,,,,"     ",3.60,62.85,4.30
532,444746549,"00532M19:29:23.509","00532 19:42:32",210.80,864.49,,,,"     ",3.60,63.13,4.32
532,444746550,"00532M19:29:24.482","00532 19:42:33",210.82,864.57,,,,"     ",3.60,63.59,4.35
532,444746551,"00532M19:29:25.455","00532 19:42:34",210.83,864.56,,,,"     ",3.60,63.12,4.32
532,444746552,"00532M19:29:26.428","00532 19:42:35",210.83,864.51,,,,"     ",3.60,62.96,4.31
532,444746553,"00532M19:29:27.402","00532 19:42:36",210.83,864.52,,,,"     ",3.60,63.41,4.34
532,444746554,"00532M19:29:28.375","00532 19:42:37",210.81,864.53,,,,"     ",3.60,62.81,4.30
532,444746555,"00532M19:29:29.348","00532 19:42:38",210.78,864.50,,,,"     ",3.60,62.89,4.30
532,444746556,"00532M19:29:30.322","00532 19:42:39",210.70,864.58,,,,"     ",3.60,63.04,4.31
532,444746557,"00532M19:29:31.295","00532 19:42:40",210.58,864.60,,,,"     ",3.60,62.62,4.28
532,444746558,"00532M19:29:32.268","00532 19:42:41",210.49,864.56,,,,"     ",3.60,63.13,4.32
532,444746559,"00532M19:29:33.241","00532 19:42:42",210.41,864.56,,,,"     ",3.60,62.99,4.31
532,444746560,"00532M19:29:34.215","00532 19:42:43",210.33,864.47,,,,"     ",3.60,63.09,4.32
532,444746561,"00532M19:29:35.188","00532 19:42:44",210.26,864.59,,,,"     ",3.60,62.85,4.30
532,444746562,"00532M19:29:36.161","00532 19:42:45",210.20,864.52,,,,"     ",3.60,63.02,4.31
532,444746563,"00532M19:29:37.134","00532 19:42:46",210.17,864.53,,,,"     ",3.60,62.87,4.30
532,444746564,"00532M19:29:38.108","00532 19:42:47",210.18,864.59,,,,"     ",3.60,63.21,4.32
532,444746565,"00532M19:29:39.081","00532 19:42:48",210.22,864.55,,,,"     ",3.60,63.46,4.34
532,444746566,"00532M19:29:40.054","00532 19:42:49",210.31,864.65,,,,"     ",3.60,63.48,4.34
532,444746567,"00532M19:29:41.027","00532 19:42:50",210.42,864.54,,,,"     ",3.60,62.51,4.27
532,444746568,"00532M19:29:42.001","00532 19:42:51",210.52,864.55,,,,"     ",3.60,63.34,4.33
532,444746569,"00532M19:29:42.974","00532 19:42:52",210.61,864.55,,,,"     ",3.60,63.10,4.31
532,444746570,"00532M19:29:43.947","00532 19:42:53",210.67,864.60,,,,"     ",3.60,63.22,4.32
532,444746571,"00532M19:29:44.920","00532 19:42:54",210.70,864.54,,,,"     ",3.60,62.71,4.29
532,444746572,"00532M19:29:45.894","00532 19:42:55",210.72,864.50,,,,"     ",3.60,62.79,4.29
532,444746573,"00532M19:29:46.867","00532 19:42:56",210.74,864.56,,,,"     ",3.60,63.17,4.32
532,444746574,"00532M19:29:47.840","00532 19:42:56",210.75,864.54,,,,"     ",3.60,62.86,4.30
532,444746575,"00532M19:29:48.813","00532 19:42:57",210.66,864.53,,,,"     ",3.60,63.20,4.32
532,444746576,"00532M19:29:49.787","00532 19:42:58",210.56,864.55,,,,"     ",3.60,63.45,4.34
532,444746577,"00532M19:29:50.760","00532 19:42:59",210.44,864.56,,,,"     ",3.60,62.86,4.30
532,444746578,"00532M19:29:51.733","00532 19:43:00",210.33,864.57,,,,"     ",3.60,63.06,4.31
532,444746579,"00532M19:29:52.706","00532 19:43:01",210.23,864.58,,,,"     ",3.60,63.45,4.34
532,444746580,"00532M19:29:53.680","00532 19:43:02",210.14,864.53,,,,"     ",3.60,63.31,4.33
532,444746581,"00532M19:29:54.653","00532 19:43:03",210.08,864.58,,,,"     ",3.60,62.99,4.31
532,444746582,"00532M19:29:55.626","00532 19:43:04",210.04,864.71,,,,"     ",3.60,62.78,4.29
532,444746583,"00532M19:29:56.599","00532 19:43:05",210.03,864.64,,,,"     ",3.60,63.17,4.32
532,444746584,"00532M19:29:57.573","00532 19:43:06",210.05,864.63,,,,"     ",3.60,63.73,4.36
532,444746585,"00532M19:29:58.546","00532 19:43:07",210.12,864.62,,,,"     ",3.60,63.10,4.31
532,444746586,"00532M19:29:59.519","00532 19:43:08",210.23,864.60,,,,"     ",3.60,63.07,4.31
532,444746587,"00532M19:30:00.492","00532 19:43:09",210.37,864.51,,,,"     ",3.60,63.59,4.35
532,444746588,"00532M19:30:01.466","00532 19:43:10",210.51,864.70,,,,"     ",3.60,62.92,4.30
532,444746589,"00532M19:30:02.439","00532 19:43:11",210.67,864.55,,,,"     ",3.60,62.99,4.31
532,444746590,"00532M19:30:03.412","00532 19:43:12",210.81,864.67,,,,"     ",3.60,63.47,4.34
532,444746591,"00532M19:30:04.385","00532 19:43:13",210.94,864.61,,,,"     ",3.60,63.24,4.33
532,444746592,"00532M19:30:05.359","00532 19:43:14",211.03,864.59,,,,"     ",3.60,63.17,4.32
532,444746593,"00532M19:30:06.332","00532 19:43:15",211.08,864.63,,,,"     ",3.60,63.48,4.34
532,444746594,"00532M19:30:07.305","00532 19:43:16",211.11,864.67,,,,"     ",3.60,63.05,4.31
532,444746595,"00532M19:30:08.278","00532 19:43:17",211.11,864.74,,,,"     ",3.60,63.27,4.33
532,444746596,"00532M19:30:09.252","00532 19:43:18",211.09,864.68,,,,"     ",3.60,63.27,4.33
532,444746597,"00532M19:30:10.225","00532 19:43:19",211.07,864.71,,,,"     ",3.60,63.63,4.35
532,444746598,"00532M19:30:11.198","00532 19:43:20",211.03,864.67,,,,"     ",3.60,63.30,4.33
532,444746599,"00532M19:30:12.171","00532 19:43:21",210.97,864.65,,,,"     ",3.60,63.27,4.33
532,444746600,"00532M19:30:13.145","00532 19:43:22",210.90,864.60,,,,"     ",3.60,63.31,4.33
532,444746601,"00532M19:30:14.118","00532 19:43:23",210.83,864.65,,,,"     ",3.60,62.97,4.30
532,444746602,"00532M19:30:15.091","00532 19:43:24",210.78,864.72,,,,"     ",3.60,63.75,4.36
532,444746603,"00532M19:30:16.064","00532 19:43:25",210.76,864.63,,,,"     ",3.60,62.90,4.30
532,444746604,"00532M19:30:17.038","00532 19:43:26",210.78,864.64,,,,"     ",3.60,63.67,4.35
532,444746605,"00532M19:30:18.011","00532 19:43:27",210.83,864.68,,,,"     ",3.60,63.07,4.31
532,444746606,"00532M19:30:18.984","00532 19:43:28",210.90,864.63,,,,"     ",3.60,63.62,4.35
532,444746607,"00532M19:30:19.957","00532 19:43:29",210.99,864.64,,,,"     ",3.60,63.16,4.32
532,444746608,"00532M19:30:20.931","00532 19:43:30",211.08,864.57,,,,"     ",3.60,63.21,4.32
532,444746609,"00532M19:30:21.904","00532 19:43:31",211.18,864.58,,,,"     ",3.60,63.48,4.34
532,444746610,"00532M19:30:22.877","00532 19:43:32",211.27,864.64,,,,"     ",3.60,63.65,4.35
532,444746611,"00532M19:30:23.850","00532 19:43:32",211.35,864.58,,,,"     ",3.60,63.08,4.31
532,444746612,"00532M19:30:24.824","00532 19:43:33",211.43,864.62,,,,"     ",3.60,63.44,4.33
532,444746613,"00532M19:30:25.797","00532 19:43:34",211.48,864.59,,,,"     ",3.60,63.99,4.37
532,444746614,"00532M19:30:26.770","00532 19:43:35",211.51,864.55,,,,"     ",3.60,63.23,4.31
532,444746615,"00532M19:30:27.743","00532 19:43:36",211.53,864.44,,,,"     ",3.60,63.54,4.34
532,444746616,"00532M19:30:28.717","00532 19:43:37",211.54,864.55,,,,"     ",3.60,63.53,4.34
532,444746617,"00532M19:30:29.690","00532 19:43:38",211.57,864.62,,,,"     ",3.60,63.57,4.34
532,444746618,"00532M19:30:30.663","00532 19:43:39",211.60,864.71,,,,"     ",3.60,63.10,4.31
532,444746619,"00532M19:30:31.636","00532 19:43:40",211.63,864.77,,,,"     ",3.60,63.61,4.34
532,444746620,"00532M19:30:32.610","00532 19:43:41",211.65,864.69,,,,"     ",3.60,63.60,4.34
532,444746621,"00532M19:30:33.583","00532 19:43:42",211.66,864.72,,,,"     ",3.60,63.69,4.34
532,444746622,"00532M19:30:34.556","00532 19:43:43",211.67,864.67,,,,"     ",3.60,63.66,4.34
532,444746623,"00532M19:30:35.529","00532 19:43:44",211.67,864.65,,,,"     ",3.60,63.70,4.34
532,444746624,"00532M19:30:36.503","00532 19:43:45",211.67,864.71,,,,"     ",3.60,63.24,4.31
532,444746625,"00532M19:30:37.476","00532 19:43:46",211.67,864.67,,,,"     ",3.60,63.16,4.30
532,444746626,"00532M19:30:38.449","00532 19:43:47",211.66,864.68,,,,"     ",3.60,63.66,4.34
532,444746627,"00532M19:30:39.422","00532 19:43:48",211.66,864.64,,,,"     ",3.60,63.54,4.33
532,444746628,"00532M19:30:40.396","00532 19:43:49",211.64,864.60,,,,"     ",3.60,63.60,4.33
532,444746629,"00532M19:30:41.369","00532 19:43:50",211.63,864.68,,,,"     ",3.60,63.49,4.32
532,444746630,"00532M19:30:42.342","00532 19:43:51",211.61,864.62,,,,"     ",3.60,64.24,4.38
532,444746631,"00532M19:30:43.316","00532 19:43:52",211.40,864.63,,,95.37,"  101100",3.60,63.34,4.32
532,444746632,"00532M19:30:44.289","00532 19:43:53",211.50,864.72,,,,"     ",3.60,63.49,4.32
532,444746633,"00532M19:30:45.262","00532 19:43:54",211.59,864.76,,,,"     ",3.60,63.62,4.33
532,444746634,"00532M19:30:46.235","00532 19:43:55",211.67,864.77,,,,"     ",3.60,63.59,4.33
532,444746635,"00532M19:30:47.209","00532 19:43:56",211.74,864.73,,,,"     ",3.60,63.29,4.31
532,444746636,"00532M19:30:48.182","00532 19:43:57",211.80,864.66,,,,"     ",3.60,63.96,4.36
532,444746637,"00532M19:30:49.155","00532 19:43:58",211.84,864.65,,,,"     ",3.60,63.74,4.34
532,444746638,"00532M19:30:50.128","00532 19:43:59",211.86,864.59,,,,"     ",3.60,63.73,4.34
532,444746639,"00532M19:30:51.102","00532 19:44:00",211.86,864.62,,,,"     ",3.60,63.61,4.33
532,444746640,"00532M19:30:52.075","00532 19:44:01",211.86,864.63,,,,"     ",3.60,63.82,4.34
532,444746641,"00532M19:30:53.048","00532 19:44:02",211.85,864.70,,,,"     ",3.60,63.85,4.35
532,444746642,"00532M19:30:54.021","00532 19:44:03",211.85,864.64,,,,"     ",3.60,63.08,4.29
532,444746643,"00532M19:30:54.995","00532 19:44:04",211.84,864.78,,,,"     ",3.60,63.35,4.31
532,444746644,"00532M19:30:55.968","00532 19:44:05",211.83,864.73,,,,"     ",3.60,63.67,4.34
532,444746645,"00532M19:30:56.941","00532 19:44:06",211.80,864.71,,,,"     ",3.60,63.73,4.34
532,444746646,"00532M19:30:57.914","00532 19:44:07",211.70,864.70,,,,"     ",3.60,63.96,4.35
532,444746647,"00532M19:30:58.888","00532 19:44:08",211.58,864.64,,,,"     ",3.60,63.63,4.33
532,444746648,"00532M19:30:59.861","00532 19:44:09",211.46,864.63,,,,"     ",3.60,63.67,4.33
532,444746649,"00532M19:31:00.834","00532 19:44:09",211.36,864.71,,,,"     ",3.60,63.78,4.34
532,444746650,"00532M19:31:01.807","00532 19:44:10",211.28,864.68,,,,"     ",3.60,63.48,4.32
532,444746651,"00532M19:31:02.781","00532 19:44:11",211.23,864.58,,,,"     ",3.60,63.49,4.32
532,444746652,"00532M19:31:03.754","00532 19:44:12",211.21,864.65,,,,"     ",3.60,63.68,4.33
532,444746653,"00532M19:31:04.727","00532 19:44:13",211.20,864.65,,,,"     ",3.60,63.86,4.35
532,444746654,"00532M19:31:05.700","00532 19:44:14",211.20,864.69,,,,"     ",3.60,63.39,4.31
532,444746655,"00532M19:31:06.674","00532 19:44:15",211.21,864.71,,,,"     ",3.60,63.35,4.31
532,444746656,"00532M19:31:07.647","00532 19:44:16",211.24,864.77,,,,"     ",3.60,63.58,4.33
532,444746657,"00532M19:31:08.620","00532 19:44:17",211.28,864.66,,,,"     ",3.60,63.88,4.35
532,444746658,"00532M19:31:09.593","00532 19:44:18",211.33,864.62,,,,"     ",3.60,63.93,4.35
532,444746659,"00532M19:31:10.567","00532 19:44:19",211.34,864.60,,,,"     ",3.60,63.50,4.32
532,444746660,"00532M19:31:11.540","00532 19:44:20",211.34,864.66,,,,"     ",3.60,63.65,4.33
532,444746661,"00532M19:31:12.513","00532 19:44:21",211.33,864.63,,,,"     ",3.60,63.61,4.33
532,444746662,"00532M19:31:13.486","00532 19:44:22",211.32,864.60,,,,"     ",3.60,63.86,4.35
532,444746663,"00532M19:31:14.460","00532 19:44:23",211.30,864.68,,,,"     ",3.60,63.59,4.33
532,444746664,"00532M19:31:15.433","00532 19:44:24",211.29,864.65,,,,"     ",3.60,63.83,4.34
532,444746665,"00532M19:31:16.406","00532 19:44:25",211.30,864.75,,,,"     ",3.60,63.71,4.34
532,444746666,"00532M19:31:17.379","00532 19:44:26",211.31,864.71,,,,"     ",3.60,63.58,4.33
532,444746667,"00532M19:31:18.353","00532 19:44:27",211.33,864.74,,,,"     ",3.60,63.70,4.34
532,444746668,"00532M19:31:19.326","00532 19:44:28",211.34,864.66,,,,"     ",3.60,63.70,4.33
532,444746669,"00532M19:31:20.299","00532 19:44:29",211.35,864.70,,,,"     ",3.60,64.04,4.36
532,444746670,"00532M19:31:21.272","00532 19:44:30",211.37,864.71,,,,"     ",3.60,63.93,4.35
532,444746671,"00532M19:31:22.246","00532 19:44:31",211.39,864.73,,,,"     ",3.60,63.81,4.34
532,444746672,"00532M19:31:23.219","00532 19:44:32",211.40,864.74,,,,"     ",3.60,63.40,4.32
532,444746673,"00532M19:31:24.192","00532 19:44:33",211.42,864.76,,,,"     ",3.60,63.74,4.34
532,444746674,"00532M19:31:25.165","00532 19:44:34",211.42,864.77,,,,"     ",3.60,63.70,4.34
532,444746675,"00532M19:31:26.139","00532 19:44:35",211.42,864.74,,,,"     ",3.60,63.57,4.33
532,444746676,"00532M19:31:27.112","00532 19:44:36",211.41,864.75,,,,"     ",3.60,63.86,4.35
532,444746677,"00532M19:31:28.085","00532 19:44:37",211.40,864.71,,,,"     ",3.60,63.39,4.32
532,444746678,"00532M19:31:29.058","00532 19:44:38",211.39,864.77,,,,"     ",3.60,63.54,4.33
532,444746679,"00532M19:31:30.032","00532 19:44:39",211.39,864.68,,,,"     ",3.60,63.52,4.32
532,444746680,"00532M19:31:31.005","00532 19:44:40",211.41,864.65,,,,"     ",3.60,63.71,4.34
532,444746681,"00532M19:31:31.978","00532 19:44:41",211.45,864.76,,,,"     ",3.60,63.27,4.31
532,444746682,"00532M19:31:32.951","00532 19:44:42",211.49,864.79,,,,"     ",3.60,63.72,4.34
532,444746683,"00532M19:31:33.925","00532 19:44:43",211.54,864.69,,,,"     ",3.60,63.27,4.31
532,444746684,"00532M19:31:34.898","00532 19:44:44",211.58,864.68,,,,"     ",3.60,63.80,4.34
532,444746685,"00532M19:31:35.871","00532 19:44:45",211.61,864.73,,,,"     ",3.60,63.86,4.35
532,444746686,"00532M19:31:36.844","00532 19:44:45",211.61,864.71,,,,"     ",3.60,63.89,4.35
532,444746687,"00532M19:31:37.818","00532 19:44:46",211.60,864.73,,,,"     ",3.60,63.59,4.33
532,444746688,"00532M19:31:38.791","00532 19:44:47",211.55,864.75,,,,"     ",3.60,63.95,4.35
532,444746689,"00532M19:31:39.764","00532 19:44:48",211.52,864.75,,,,"     ",3.60,63.92,4.35
532,444746690,"00532M19:31:40.737","00532 19:44:49",211.48,864.78,,,,"     ",3.60,63.72,4.34
532,444746691,"00532M19:31:41.711","00532 19:44:50",211.43,864.77,,,,"     ",3.60,63.97,4.36
532,444746692,"00532M19:31:42.684","00532 19:44:51",211.37,864.72,,,,"     ",3.60,63.77,4.34
532,444746693,"00532M19:31:43.657","00532 19:44:52",211.31,864.73,,,,"     ",3.60,63.45,4.32
532,444746694,"00532M19:31:44.630","00532 19:44:53",211.24,864.71,,,,"     ",3.60,64.11,4.37
532,444746695,"00532M19:31:45.604","00532 19:44:54",211.18,864.73,,,,"     ",3.60,63.79,4.34
532,444746696,"00532M19:31:46.577","00532 19:44:55",211.12,864.73,,,,"     ",3.60,63.49,4.32
532,444746697,"00532M19:31:47.550","00532 19:44:56",211.09,864.86,,,,"     ",3.60,63.70,4.34
532,444746698,"00532M19:31:48.523","00532 19:44:57",211.08,864.84,,,,"     ",3.60,63.54,4.33
532,444746699,"00532M19:31:49.497","00532 19:44:58",211.11,864.79,,,,"     ",3.60,63.51,4.32
532,444746700,"00532M19:31:50.470","00532 19:44:59",211.17,864.82,,,,"     ",3.60,64.00,4.36
532,444746701,"00532M19:31:51.443","00532 19:45:00",211.25,864.75,,,,"     ",3.60,63.87,4.35
532,444746702,"00532M19:31:52.417","00532 19:45:01",211.32,864.80,,,,"     ",3.60,63.40,4.32
532,444746703,"00532M19:31:53.390","00532 19:45:02",211.33,864.84,,,,"     ",3.60,63.84,4.35
532,444746704,"00532M19:31:54.363","00532 19:45:03",211.26,864.81,,,,"     ",3.60,64.09,4.37
532,444746705,"00532M19:31:55.336","00532 19:45:04",211.21,864.76,,,,"     ",3.60,64.01,4.36
532,444746706,"00532M19:31:56.310","00532 19:45:05",211.21,864.79,,,,"     ",3.60,63.78,4.35
532,444746707,"00532M19:31:57.283","00532 19:45:06",211.19,864.81,,,,"     ",3.60,63.57,4.33
532,444746708,"00532M19:31:58.256","00532 19:45:07",211.11,864.81,,,,"     ",3.60,63.97,4.36
532,444746709,"00532M19:31:59.229","00532 19:45:08",211.03,864.79,,,,"     ",3.60,63.19,4.31
532,444746710,"00532M19:32:00.203","00532 19:45:09",210.97,864.85,,,,"     ",3.60,63.36,4.32
532,444746711,"00532M19:32:01.176","00532 19:45:10",210.91,864.79,,,,"     ",3.60,63.39,4.32
532,444746712,"00532M19:32:02.149","00532 19:45:11",210.85,864.88,,,,"     ",3.60,63.66,4.34
532,444746713,"00532M19:32:03.122","00532 19:45:12",210.79,864.82,,,,"     ",3.60,64.10,4.37
532,444746714,"00532M19:32:04.096","00532 19:45:13",210.76,864.83,,,,"     ",3.60,63.56,4.33
532,444746715,"00532M19:32:05.069","00532 19:45:14",210.77,864.75,,,,"     ",3.60,63.73,4.34
532,444746716,"00532M19:32:06.042","00532 19:45:15",210.81,864.83,,,,"     ",3.60,63.84,4.35
532,444746717,"00532M19:32:07.015","00532 19:45:16",210.87,864.79,,,,"     ",3.60,63.77,4.35
532,444746718,"00532M19:32:07.989","00532 19:45:17",210.92,864.75,,,,"     ",3.60,63.76,4.35
532,444746719,"00532M19:32:08.962","00532 19:45:18",210.97,864.71,,,,"     ",3.60,63.99,4.36
532,444746720,"00532M19:32:09.935","00532 19:45:19",211.01,864.81,,,,"     ",3.60,63.72,4.35
532,444746721,"00532M19:32:10.908","00532 19:45:20",211.03,864.80,,,,"     ",3.60,63.76,4.35
532,444746722,"00532M19:32:11.882","00532 19:45:21",211.03,864.79,,,,"     ",3.60,63.91,4.36
532,444746723,"00532M19:32:12.855","00532 19:45:22",211.01,864.73,,,,"     ",3.60,63.54,4.33
532,444746724,"00532M19:32:13.828","00532 19:45:22",210.98,864.84,,,,"     ",3.60,63.67,4.34
532,444746725,"00532M19:32:14.801","00532 19:45:23",210.95,864.78,,,,"     ",3.60,63.87,4.36
532,444746726,"00532M19:32:15.775","00532 19:45:24",210.93,864.86,,,,"     ",3.60,63.56,4.34
532,444746727,"00532M19:32:16.748","00532 19:45:25",210.90,864.86,,,,"     ",3.60,63.59,4.34
532,444746728,"00532M19:32:17.721","00532 19:45:26",210.86,864.90,,,,"     ",3.60,63.77,4.35
532,444746729,"00532M19:32:18.694","00532 19:45:27",210.83,864.94,,,,"     ",3.60,63.62,4.34
532,444746730,"00532M19:32:19.668","00532 19:45:28",210.80,864.84,,,,"     ",3.60,63.73,4.35
532,444746731,"00532M19:32:20.641","00532 19:45:29",210.79,864.78,,,,"     ",3.60,63.55,4.34
532,444746732,"00532M19:32:21.614","00532 19:45:30",210.79,864.77,,,,"     ",3.60,63.62,4.34
532,444746733,"00532M19:32:22.587","00532 19:45:31",210.82,864.76,,,,"     ",3.60,63.67,4.34
532,444746734,"00532M19:32:23.561","00532 19:45:32",210.86,864.82,,,,"     ",3.60,63.60,4.34
532,444746735,"00532M19:32:24.534","00532 19:45:33",210.91,864.71,,,,"     ",3.60,63.88,4.36
532,444746736,"00532M19:32:25.507","00532 19:45:34",210.96,864.82,,,,"     ",3.60,63.34,4.32
532,444746737,"00532M19:32:26.480","00532 19:45:35",211.00,864.80,,,,"     ",3.60,64.08,4.38
532,444746738,"00532M19:32:27.454","00532 19:45:36",211.03,864.78,,,,"     ",3.60,63.49,4.33
532,444746739,"00532M19:32:28.427","00532 19:45:37",211.05,864.74,,,,"     ",3.60,63.78,4.35
532,444746740,"00532M19:32:29.400","00532 19:45:38",211.07,864.85,,,,"     ",3.60,63.67,4.35
532,444746741,"00532M19:32:30.373","00532 19:45:39",211.08,864.93,,,,"     ",3.60,63.90,4.37
532,444746742,"00532M19:32:31.347","00532 19:45:40",211.09,864.90,,,,"     ",3.60,63.60,4.34
532,444746743,"00532M19:32:32.320","00532 19:45:41",211.08,864.82,,,,"     ",3.60,63.63,4.34
532,444746744,"00532M19:32:33.293","00532 19:45:42",211.06,864.84,,,,"     ",3.60,63.72,4.35
532,444746745,"00532M19:32:34.266","00532 19:45:43",211.04,864.94,,,,"     ",3.60,63.56,4.34
532,444746746,"00532M19:32:35.240","00532 19:45:44",211.00,864.89,,,,"     ",3.60,63.38,4.33
532,444746747,"00532M19:32:36.213","00532 19:45:45",210.95,864.84,,,,"     ",3.60,63.88,4.36
532,444746748,"00532M19:32:37.186","00532 19:45:46",210.88,864.84,,,,"     ",3.60,63.91,4.37
532,444746749,"00532M19:32:38.159","00532 19:45:47",210.79,864.95,,,,"     ",3.60,63.40,4.33
532,444746750,"00532M19:32:39.133","00532 19:45:48",210.69,864.91,,,,"     ",3.60,63.39,4.33
532,444746751,"00532M19:32:40.106","00532 19:45:49",210.58,864.89,,,,"     ",3.60,63.36,4.33
532,444746752,"00532M19:32:41.079","00532 19:45:50",210.48,864.89,,,,"     ",3.60,63.58,4.34
532,444746753,"00532M19:32:42.052","00532 19:45:51",210.41,864.90,,,,"     ",3.60,63.80,4.36
532,444746754,"00532M19:32:43.026","00532 19:45:52",210.36,864.81,,,,"     ",3.60,63.66,4.35
532,444746755,"00532M19:32:43.999","00532 19:45:53",210.32,864.86,,,,"     ",3.60,63.79,4.36
532,444746756,"00532M19:32:44.972","00532 19:45:54",210.28,864.96,,,,"     ",3.60,64.06,4.38
532,444746757,"00532M19:32:45.945","00532 19:45:55",210.26,864.90,,,,"     ",3.60,63.50,4.34
532,444746758,"00532M19:32:46.919","00532 19:45:56",210.26,864.91,,,,"     ",3.60,63.42,4.34
532,444746759,"00532M19:32:47.892","00532 19:45:57",210.26,864.87,,,,"     ",3.60,63.59,4.35
532,444746760,"00532M19:32:48.865","00532 19:45:58",210.28,864.88,,,,"     ",3.60,63.28,4.33
532,444746761,"00532M19:32:49.838","00532 19:45:59",210.31,864.95,,,,"     ",3.60,63.34,4.33
532,444746762,"00532M19:32:50.812","00532 19:45:59",210.36,864.93,,,,"     ",3.60,63.48,4.34
532,444746763,"00532M19:32:51.785","00532 19:46:00",210.42,864.86,,,,"     ",3.60,63.74,4.36
532,444746764,"00532M19:32:52.758","00532 19:46:01",210.49,864.94,,,,"     ",3.60,63.19,4.32
532,444746765,"00532M19:32:53.731","00532 19:46:02",210.55,864.86,,,,"     ",3.60,63.91,4.37
532,444746766,"00532M19:32:54.705","00532 19:46:03",210.59,864.92,,,,"     ",3.60,63.61,4.35
532,444746767,"00532M19:32:55.678","00532 19:46:04",210.61,864.90,,,,"     ",3.60,63.71,4.36
532,444746768,"00532M19:32:56.651","00532 19:46:05",210.63,864.82,,,,"     ",3.60,63.64,4.35
532,444746769,"00532M19:32:57.624","00532 19:46:06",210.64,864.92,,,,"     ",3.60,63.57,4.35
532,444746770,"00532M19:32:58.598","00532 19:46:07",210.66,864.86,,,,"     ",3.60,63.72,4.36
532,444746771,"00532M19:32:59.571","00532 19:46:08",210.68,864.93,,,,"     ",3.60,63.33,4.34
532,444746772,"00532M19:33:00.544","00532 19:46:09",210.71,865.00,,,,"     ",3.60,63.56,4.35
532,444746773,"00532M19:33:01.518","00532 19:46:10",210.74,864.93,,,,"     ",3.60,63.55,4.35
532,444746774,"00532M19:33:02.491","00532 19:46:11",210.74,864.97,,,,"     ",3.60,63.67,4.36
532,444746775,"00532M19:33:03.464","00532 19:46:12",210.72,864.90,,,,"     ",3.60,63.56,4.35
532,444746776,"00532M19:33:04.437","00532 19:46:13",210.69,864.91,,,,"     ",3.60,63.91,4.38
532,444746777,"00532M19:33:05.411","00532 19:46:14",210.66,864.91,,,,"     ",3.60,63.76,4.37
532,444746778,"00532M19:33:06.384","00532 19:46:15",210.63,864.98,,,,"     ",3.60,63.71,4.37
532,444746779,"00532M19:33:07.357","00532 19:46:16",210.59,864.95,,,,"     ",3.60,63.67,4.36
532,444746780,"00532M19:33:08.330","00532 19:46:17",210.54,864.98,,,,"     ",3.60,63.94,4.38
532,444746781,"00532M19:33:09.304","00532 19:46:18",210.51,864.94,,,,"     ",3.60,63.31,4.34
532,444746782,"00532M19:33:10.277","00532 19:46:19",210.49,864.96,,,,"     ",3.60,63.49,4.35
532,444746783,"00532M19:33:11.250","00532 19:46:20",210.50,864.95,,,,"     ",3.60,63.40,4.35
532,444746784,"00532M19:33:12.223","00532 19:46:21",210.54,864.91,,,,"     ",3.60,63.54,4.36
532,444746785,"00532M19:33:13.197","00532 19:46:22",210.61,864.89,,,,"     ",3.60,63.68,4.37
532,444746786,"00532M19:33:14.170","00532 19:46:23",210.68,864.99,,,,"     ",3.60,63.65,4.36
532,444746787,"00532M19:33:15.143","00532 19:46:24",210.77,864.97,,,,"     ",3.60,64.06,4.39
532,444746788,"00532M19:33:16.116","00532 19:46:25",210.86,864.94,,,,"     ",3.60,64.02,4.39
532,444746789,"00532M19:33:17.090","00532 19:46:26",210.95,864.92,,,,"     ",3.60,63.60,4.36
532,444746790,"00532M19:33:18.063","00532 19:46:27",211.02,864.83,,,,"     ",3.60,63.82,4.38
532,444746791,"00532M19:33:19.036","00532 19:46:28",211.07,864.94,,,,"     ",3.60,64.01,4.39
532,444746792,"00532M19:33:20.009","00532 19:46:29",211.09,864.91,,,,"     ",3.60,63.60,4.36
532,444746793,"00532M19:33:20.983","00532 19:46:30",211.10,865.03,,,,"     ",3.60,64.30,4.41
532,444746794,"00532M19:33:21.956","00532 19:46:31",211.09,864.97,,,,"     ",3.60,64.02,4.39
532,444746795,"00532M19:33:22.929","00532 19:46:32",211.09,864.95,,,,"     ",3.60,63.96,4.39
532,444746796,"00532M19:33:23.902","00532 19:46:33",211.08,865.00,,,,"     ",3.60,63.78,4.37
532,444746797,"00532M19:33:24.876","00532 19:46:34",211.07,864.96,,,,"     ",3.60,63.57,4.36
532,444746798,"00532M19:33:25.849","00532 19:46:35",211.06,865.02,,,,"     ",3.60,63.96,4.39
532,444746799,"00532M19:33:26.822","00532 19:46:35",211.06,865.05,,,,"     ",3.60,64.05,4.40
532,444746800,"00532M19:33:27.795","00532 19:46:36",211.07,865.00,,,,"     ",3.60,63.84,4.38
532,444746801,"00532M19:33:28.769","00532 19:46:37",211.09,864.95,,,,"     ",3.60,63.90,4.38
532,444746802,"00532M19:33:29.742","00532 19:46:38",211.13,864.98,,,,"     ",3.60,63.91,4.38
532,444746803,"00532M19:33:30.715","00532 19:46:39",211.18,864.96,,,,"     ",3.60,63.94,4.39
532,444746804,"00532M19:33:31.688","00532 19:46:40",211.22,865.08,,,,"     ",3.60,63.75,4.37
532,444746805,"00532M19:33:32.662","00532 19:46:41",211.24,865.06,,,,"     ",3.60,63.83,4.38
532,444746806,"00532M19:33:33.635","00532 19:46:42",211.23,864.97,,,,"     ",3.60,64.31,4.41
532,444746807,"00532M19:33:34.608","00532 19:46:43",211.20,864.89,,,,"     ",3.60,63.80,4.38
532,444746808,"00532M19:33:35.581","00532 19:46:44",211.16,864.87,,,,"     ",3.60,63.61,4.36
532,444746809,"00532M19:33:36.555","00532 19:46:45",211.10,864.90,,,,"     ",3.60,64.09,4.39
532,444746810,"00532M19:33:37.528","00532 19:46:46",211.05,864.91,,,,"     ",3.60,63.92,4.38
532,444746811,"00532M19:33:38.501","00532 19:46:47",210.99,864.97,,,,"     ",3.60,63.70,4.37
532,444746812,"00532M19:33:39.474","00532 19:46:48",210.95,865.01,,,,"     ",3.60,63.83,4.38
532,444746813,"00532M19:33:40.448","00532 19:46:49",210.94,864.98,,,,"     ",3.60,63.96,4.39
532,444746814,"00532M19:33:41.421","00532 19:46:50",210.93,864.96,,,,"     ",3.60,64.24,4.41
532,444746815,"00532M19:33:42.394","00532 19:46:51",210.92,864.98,,,,"     ",3.60,63.95,4.38
532,444746816,"00532M19:33:43.367","00532 19:46:52",210.90,864.97,,,,"     ",3.60,63.86,4.38
532,444746817,"00532M19:33:44.341","00532 19:46:53",210.87,864.98,,,,"     ",3.60,63.90,4.38
532,444746818,"00532M19:33:45.314","00532 19:46:54",210.83,865.01,,,,"     ",3.60,63.97,4.39
532,444746819,"00532M19:33:46.287","00532 19:46:55",210.77,864.96,,,,"     ",3.60,64.02,4.39
532,444746820,"00532M19:33:47.260","00532 19:46:56",210.71,865.01,,,,"     ",3.60,64.01,4.39
532,444746821,"00532M19:33:48.234","00532 19:46:57",210.62,864.99,,,,"     ",3.60,63.43,4.35
532,444746822,"00532M19:33:49.207","00532 19:46:58",210.52,865.00,,,,"     ",3.60,63.40,4.35
532,444746823,"00532M19:33:50.180","00532 19:46:59",210.42,864.95,,,,"     ",3.60,64.24,4.41
532,444746824,"00532M19:33:51.153","00532 19:47:00",210.32,864.94,,,,"     ",3.60,63.82,4.38
532,444746825,"00532M19:33:52.127","00532 19:47:01",210.23,864.92,,,,"     ",3.60,63.55,4.36
532,444746826,"00532M19:33:53.100","00532 19:47:02",210.14,864.95,,,,"     ",3.60,63.68,4.37
532,444746827,"00532M19:33:54.073","00532 19:47:03",210.08,864.93,,,,"     ",3.60,63.52,4.36
532,444746828,"00532M19:33:55.046","00532 19:47:04",210.04,864.97,,,,"     ",3.60,63.77,4.38
532,444746829,"00532M19:33:56.020","00532 19:47:05",210.03,864.92,,,,"     ",3.60,63.87,4.38
532,444746830,"00532M19:33:56.993","00532 19:47:06",210.05,864.95,,,,"     ",3.60,63.85,4.39
532,444746831,"00532M19:33:57.966","00532 19:47:07",210.08,864.92,,,,"     ",3.60,63.74,4.38
532,444746832,"00532M19:33:58.939","00532 19:47:08",210.12,865.04,,,,"     ",3.60,63.37,4.35
532,444746833,"00532M19:33:59.913","00532 19:47:09",210.15,865.03,,,,"     ",3.60,63.94,4.39
532,444746834,"00532M19:34:00.886","00532 19:47:10",210.16,864.98,,,,"     ",3.60,63.78,4.38
532,444746835,"00532M19:34:01.859","00532 19:47:11",210.14,865.02,,,,"     ",3.60,63.62,4.37
532,444746836,"00532M19:34:02.832","00532 19:47:12",210.10,865.04,,,,"     ",3.60,63.84,4.39
532,444746837,"00532M19:34:03.806","00532 19:47:12",210.05,865.00,,,,"     ",3.60,64.03,4.40
532,444746838,"00532M19:34:04.779","00532 19:47:13",210.02,865.00,,,,"     ",3.60,63.84,4.39
532,444746839,"00532M19:34:05.752","00532 19:47:14",210.01,865.02,,,,"     ",3.60,63.97,4.40
532,444746840,"00532M19:34:06.725","00532 19:47:15",210.00,864.99,,,,"     ",3.60,63.81,4.39
532,444746841,"00532M19:34:07.699","00532 19:47:16",209.99,865.04,,,,"     ",3.60,64.01,4.40
532,444746842,"00532M19:34:08.672","00532 19:47:17",209.98,865.00,,,,"     ",3.60,63.63,4.38
532,444746843,"00532M19:34:09.645","00532 19:47:18",209.98,865.01,,,,"     ",3.60,63.45,4.36
532,444746844,"00532M19:34:10.619","00532 19:47:19",209.97,864.92,,,,"     ",3.60,63.76,4.39
532,444746845,"00532M19:34:11.592","00532 19:47:20",209.97,865.07,,,,"     ",3.60,63.87,4.40
532,444746846,"00532M19:34:12.565","00532 19:47:21",209.97,865.02,,,,"     ",3.60,63.83,4.39
532,444746847,"00532M19:34:13.538","00532 19:47:22",209.97,865.08,,,,"     ",3.60,63.73,4.39
532,444746848,"00532M19:34:14.512","00532 19:47:23",209.96,865.03,,,,"     ",3.60,63.75,4.39
532,444746849,"00532M19:34:15.485","00532 19:47:24",209.95,865.00,,,,"     ",3.60,63.51,4.37
532,444746850,"00532M19:34:16.458","00532 19:47:25",209.95,865.04,,,,"     ",3.60,63.68,4.38
532,444746851,"00532M19:34:17.431","00532 19:47:26",209.93,865.10,,,,"     ",3.60,63.94,4.41
532,444746852,"00532M19:34:18.405","00532 19:47:27",209.92,865.15,,,,"     ",3.60,63.26,4.36
532,444746853,"00532M19:34:19.378","00532 19:47:28",209.89,865.05,,,,"     ",3.60,63.88,4.40
532,444746854,"00532M19:34:20.351","00532 19:47:29",209.84,865.11,,,,"     ",3.60,63.41,4.37
532,444746855,"00532M19:34:21.324","00532 19:47:30",209.78,865.06,,,,"     ",3.60,63.91,4.41
532,444746856,"00532M19:34:22.298","00532 19:47:31",209.71,865.06,,,,"     ",3.60,63.58,4.38
532,444746857,"00532M19:34:23.271","00532 19:47:32",209.64,865.11,,,,"     ",3.60,63.62,4.39
532,444746858,"00532M19:34:24.244","00532 19:47:33",209.58,865.07,,,,"     ",3.60,63.18,4.36
532,444746859,"00532M19:34:25.217","00532 19:47:34",209.51,865.08,,,,"     ",3.60,63.81,4.40
532,444746860,"00532M19:34:26.191","00532 19:47:35",209.45,865.20,,,,"     ",3.60,64.06,4.42
532,444746861,"00532M19:34:27.164","00532 19:47:36",209.39,865.11,,,,"     ",3.60,63.60,4.39
532,444746862,"00532M19:34:28.137","00532 19:47:37",209.34,865.10,,,,"     ",3.60,63.63,4.39
532,444746863,"00532M19:34:29.110","00532 19:47:38",209.32,864.99,,,,"     ",3.60,63.37,4.37
532,444746864,"00532M19:34:30.084","00532 19:47:39",209.31,865.03,,,,"     ",3.60,63.28,4.37
532,444746865,"00532M19:34:31.057","00532 19:47:40",209.30,865.13,,,,"     ",3.60,63.61,4.39
532,444746866,"00532M19:34:32.030","00532 19:47:41",209.28,865.13,,,,"     ",3.60,63.83,4.41
532,444746867,"00532M19:34:33.003","00532 19:47:42",209.25,865.09,,,,"     ",3.60,62.97,4.35
532,444746868,"00532M19:34:33.977","00532 19:47:43",209.21,865.06,,,,"     ",3.60,63.20,4.36
532,444746869,"00532M19:34:34.950","00532 19:47:44",209.19,865.11,,,,"     ",3.60,63.39,4.38
532,444746870,"00532M19:34:35.923","00532 19:47:45",209.18,865.23,,,,"     ",3.60,63.48,4.39
532,444746871,"00532M19:34:36.896","00532 19:47:46",209.17,865.20,,,,"     ",3.60,63.34,4.38
532,444746872,"00532M19:34:37.870","00532 19:47:47",209.16,865.23,,,,"     ",3.60,63.82,4.42
532,444746873,"00532M19:34:38.843","00532 19:47:48",209.13,865.12,,,,"     ",3.60,63.16,4.37
532,444746874,"00532M19:34:39.816","00532 19:47:48",209.09,865.07,,,,"     ",3.60,63.51,4.39
532,444746875,"00532M19:34:40.789","00532 19:47:49",209.04,865.14,,,,"     ",3.60,63.55,4.40
532,444746876,"00532M19:34:41.763","00532 19:47:50",209.01,865.15,,,,"     ",3.60,63.85,4.42
532,444746877,"00532M19:34:42.736","00532 19:47:51",209.01,865.11,,,,"     ",3.60,63.29,4.38
532,444746878,"00532M19:34:43.709","00532 19:47:52",209.02,865.05,,,,"     ",3.60,63.42,4.39
532,444746879,"00532M19:34:44.682","00532 19:47:53",209.04,865.06,,,,"     ",3.60,63.72,4.41
532,444746880,"00532M19:34:45.656","00532 19:47:54",209.06,865.10,,,,"     ",3.60,63.33,4.39
532,444746881,"00532M19:34:46.629","00532 19:47:55",209.09,865.09,,,,"     ",3.60,63.43,4.40
532,444746882,"00532M19:34:47.602","00532 19:47:56",209.12,865.06,,,,"     ",3.60,63.17,4.38
532,444746883,"00532M19:34:48.575","00532 19:47:57",209.13,865.05,,,,"     ",3.60,63.24,4.38
532,444746884,"00532M19:34:49.549","00532 19:47:58",209.13,865.11,,,,"     ",3.60,63.40,4.40
532,444746885,"00532M19:34:50.522","00532 19:47:59",209.07,865.12,,,,"     ",3.60,63.41,4.40
532,444746886,"00532M19:34:51.495","00532 19:48:00",208.94,865.20,,,,"     ",3.60,63.18,4.38
532,444746887,"00532M19:34:52.468","00532 19:48:01",208.82,865.14,,,,"     ",3.60,63.38,4.40
532,444746888,"00532M19:34:53.442","00532 19:48:02",208.70,865.13,,,,"     ",3.60,63.47,4.40
532,444746889,"00532M19:34:54.415","00532 19:48:03",208.60,865.28,,,,"     ",3.60,63.44,4.41
532,444746890,"00532M19:34:55.388","00532 19:48:04",208.50,865.21,,,,"     ",3.60,63.18,4.39
532,444746891,"00532M19:34:56.361","00532 19:48:05",208.41,865.23,,,,"     ",3.60,63.32,4.40
532,444746892,"00532M19:34:57.335","00532 19:48:06",208.33,865.16,,,,"     ",3.60,63.33,4.40
532,444746893,"00532M19:34:58.308","00532 19:48:07",208.27,865.18,,,,"     ",3.60,63.02,4.38
532,444746894,"00532M19:34:59.281","00532 19:48:08",208.23,865.17,,,,"     ",3.60,63.23,4.39
532,444746895,"00532M19:35:00.254","00532 19:48:09",208.21,865.25,,,,"     ",3.60,63.48,4.41
532,444746896,"00532M19:35:01.228","00532 19:48:10",208.20,865.18,,,,"     ",3.60,63.03,4.38
532,444746897,"00532M19:35:02.201","00532 19:48:11",208.19,865.18,,,,"     ",3.60,63.07,4.39
532,444746898,"00532M19:35:03.174","00532 19:48:12",208.17,865.15,,,,"     ",3.60,63.42,4.41
532,444746899,"00532M19:35:04.147","00532 19:48:13",208.14,865.13,,,,"     ",3.60,63.31,4.41
532,444746900,"00532M19:35:05.121","00532 19:48:14",208.09,865.13,,,,"     ",3.60,62.98,4.38
532,444746901,"00532M19:35:06.094","00532 19:48:15",208.06,865.12,,,,"     ",3.60,63.30,4.41
532,444746902,"00532M19:35:07.067","00532 19:48:16",208.05,865.10,,,,"     ",3.60,62.88,4.38
532,444746903,"00532M19:35:08.040","00532 19:48:17",208.05,865.14,,,,"     ",3.60,63.39,4.42
532,444746904,"00532M19:35:09.014","00532 19:48:18",208.06,865.13,,,,"     ",3.60,63.01,4.39
532,444746905,"00532M19:35:09.987","00532 19:48:19",208.08,865.14,,,,"     ",3.60,63.12,4.40
532,444746906,"00532M19:35:10.960","00532 19:48:20",208.12,865.19,,,,"     ",3.60,63.48,4.43
532,444746907,"00532M19:35:11.933","00532 19:48:21",208.16,865.21,,,,"     ",3.60,63.15,4.40
532,444746908,"00532M19:35:12.907","00532 19:48:22",208.20,865.21,,,,"     ",3.60,63.42,4.42
532,444746909,"00532M19:35:13.880","00532 19:48:23",208.22,865.14,,,,"     ",3.60,62.89,4.39
532,444746910,"00532M19:35:14.853","00532 19:48:24",208.24,865.23,,,,"     ",3.60,62.85,4.39
532,444746911,"00532M19:35:15.826","00532 19:48:25",208.23,865.25,,,,"     ",3.60,63.35,4.42
532,444746912,"00532M19:35:16.800","00532 19:48:25",208.21,865.22,,,,"     ",3.60,62.80,4.38
532,444746913,"00532M19:35:17.773","00532 19:48:26",208.19,865.20,,,,"     ",3.60,63.06,4.40
532,444746914,"00532M19:35:18.746","00532 19:48:27",208.18,865.18,,,,"     ",3.60,62.86,4.39
532,444746915,"00532M19:35:19.720","00532 19:48:28",208.16,865.19,,,,"     ",3.60,62.84,4.39
532,444746916,"00532M19:35:20.693","00532 19:48:29",208.14,865.23,,,,"     ",3.60,63.36,4.43
532,444746917,"00532M19:35:21.666","00532 19:48:30",208.12,865.28,,,,"     ",3.60,62.82,4.39
532,444746918,"00532M19:35:22.639","00532 19:48:31",208.10,865.22,,,,"     ",3.60,63.28,4.42
532,444746919,"00532M19:35:23.613","00532 19:48:32",208.09,865.29,,,,"     ",3.60,62.97,4.40
532,444746920,"00532M19:35:24.586","00532 19:48:33",208.07,865.18,,,,"     ",3.60,63.09,4.41
532,444746921,"00532M19:35:25.559","00532 19:48:34",208.05,865.35,,,,"     ",3.60,63.16,4.42
532,444746922,"00532M19:35:26.532","00532 19:48:35",208.02,865.23,,,,"     ",3.60,62.88,4.40
532,444746923,"00532M19:35:27.506","00532 19:48:36",207.98,865.26,,,,"     ",3.60,63.17,4.42
532,444746924,"00532M19:35:28.479","00532 19:48:37",207.93,865.25,,,,"     ",3.60,63.13,4.42
532,444746925,"00532M19:35:29.452","00532 19:48:38",207.88,865.28,,,,"     ",3.60,62.83,4.40
532,444746926,"00532M19:35:30.425","00532 19:48:39",207.84,865.27,,,,"     ",3.60,62.90,4.41
532,444746927,"00532M19:35:31.399","00532 19:48:40",207.82,865.27,,,,"     ",3.60,62.59,4.39
532,444746928,"00532M19:35:32.372","00532 19:48:41",207.79,865.30,,,,"     ",3.60,62.89,4.41
532,444746929,"00532M19:35:33.345","00532 19:48:42",207.76,865.32,,,,"     ",3.60,63.01,4.42
532,444746930,"00532M19:35:34.318","00532 19:48:43",207.73,865.25,,,,"     ",3.60,62.86,4.41
532,444746931,"00532M19:35:35.292","00532 19:48:44",207.70,865.23,,,,"     ",3.60,62.85,4.41
532,444746932,"00532M19:35:36.265","00532 19:48:45",207.67,865.22,,,,"     ",3.60,62.76,4.40
532,444746933,"00532M19:35:37.238","00532 19:48:46",207.64,865.24,,,,"     ",3.60,62.70,4.40
532,444746934,"00532M19:35:38.211","00532 19:48:47",207.61,865.21,,,,"     ",3.60,63.05,4.43
532,444746935,"00532M19:35:39.185","00532 19:48:48",207.58,865.20,,,,"     ",3.60,62.71,4.40
532,444746936,"00532M19:35:40.158","00532 19:48:49",207.56,865.31,,,,"     ",3.60,62.88,4.41
532,444746937,"00532M19:35:41.131","00532 19:48:50",207.53,865.20,,,,"     ",3.60,62.97,4.42
532,444746938,"00532M19:35:42.104","00532 19:48:51",207.51,865.22,,,,"     ",3.60,62.80,4.41
532,444746939,"00532M19:35:43.078","00532 19:48:52",207.30,865.23,,,95.38,"  101100",3.60,63.12,4.44
532,444746940,"00532M19:35:44.051","00532 19:48:53",207.33,865.25,,,,"     ",3.60,62.81,4.41
532,444746941,"00532M19:35:45.024","00532 19:48:54",207.36,865.26,,,,"     ",3.60,62.99,4.43
532,444746942,"00532M19:35:45.997","00532 19:48:55",207.39,865.30,,,,"     ",3.60,62.65,4.40
532,444746943,"00532M19:35:46.971","00532 19:48:56",207.42,865.26,,,,"     ",3.60,62.81,4.42
532,444746944,"00532M19:35:47.944","00532 19:48:57",207.44,865.40,,,,"     ",3.60,62.58,4.40
532,444746945,"00532M19:35:48.917","00532 19:48:58",207.46,865.30,,,,"     ",3.60,62.75,4.41
532,444746946,"00532M19:35:49.890","00532 19:48:59",207.48,865.28,,,,"     ",3.60,62.59,4.40
532,444746947,"00532M19:35:50.864","00532 19:49:00",207.50,865.22,,,,"     ",3.60,62.26,4.38
532,444746948,"00532M19:35:51.837","00532 19:49:01",207.52,865.24,,,,"     ",3.60,62.99,4.43
532,444746949,"00532M19:35:52.810","00532 19:49:01",207.53,865.30,,,,"     ",3.60,62.80,4.42
532,444746950,"00532M19:35:53.783","00532 19:49:02",207.54,865.25,,,,"     ",3.60,62.53,4.40
532,444746951,"00532M19:35:54.757","00532 19:49:03",207.55,865.30,,,,"     ",3.60,62.74,4.42
532,444746952,"00532M19:35:55.730","00532 19:49:04",207.55,865.31,,,,"     ",3.60,62.63,4.41
532,444746953,"00532M19:35:56.703","00532 19:49:05",207.55,865.34,,,,"     ",3.60,62.97,4.44
532,444746954,"00532M19:35:57.676","00532 19:49:06",207.55,865.32,,,,"     ",3.60,62.73,4.42
532,444746955,"00532M19:35:58.650","00532 19:49:07",207.54,865.31,,,,"     ",3.60,62.95,4.44
532,444746956,"00532M19:35:59.623","00532 19:49:08",207.52,865.27,,,,"     ",3.60,62.34,4.39
532,444746957,"00532M19:36:00.596","00532 19:49:09",207.51,865.33,,,,"     ",3.60,62.39,4.40
532,444746958,"00532M19:36:01.569","00532 19:49:10",207.50,865.39,,,,"     ",3.60,63.02,4.45
532,444746959,"00532M19:36:02.543","00532 19:49:11",207.49,865.26,,,,"     ",3.60,62.69,4.42
532,444746960,"00532M19:36:03.516","00532 19:49:12",207.49,865.30,,,,"     ",3.60,62.98,4.44
532,444746961,"00532M19:36:04.489","00532 19:49:13",207.48,865.32,,,,"     ",3.60,62.79,4.43
532,444746962,"00532M19:36:05.462","00532 19:49:14",207.47,865.33,,,,"     ",3.60,62.63,4.42
532,444746963,"00532M19:36:06.436","00532 19:49:15",207.45,865.26,,,,"     ",3.60,62.49,4.41
532,444746964,"00532M19:36:07.409","00532 19:49:16",207.42,865.29,,,,"     ",3.60,62.90,4.44
532,444746965,"00532M19:36:08.382","00532 19:49:17",207.39,865.38,,,,"     ",3.60,63.00,4.45
532,444746966,"00532M19:36:09.355","00532 19:49:18",207.37,865.38,,,,"     ",3.60,62.70,4.43
532,444746967,"00532M19:36:10.329","00532 19:49:19",207.35,865.32,,,,"     ",3.60,62.28,4.40
532,444746968,"00532M19:36:11.302","00532 19:49:20",207.33,865.35,,,,"     ",3.60,62.63,4.42
532,444746969,"00532M19:36:12.275","00532 19:49:21",207.34,865.38,,,,"     ",3.60,62.50,4.42
532,444746970,"00532M19:36:13.248","00532 19:49:22",207.35,865.27,,,,"     ",3.60,62.52,4.42
532,444746971,"00532M19:36:14.222","00532 19:49:23",207.37,865.26,,,,"     ",3.60,62.44,4.41
532,444746972,"00532M19:36:15.195","00532 19:49:24",207.38,865.32,,,,"     ",3.60,62.67,4.43
532,444746973,"00532M19:36:16.168","00532 19:49:25",207.39,865.28,,,,"     ",3.60,62.37,4.41
532,444746974,"00532M19:36:17.141","00532 19:49:26",207.42,865.37,,,,"     ",3.60,62.06,4.39
532,444746975,"00532M19:36:18.115","00532 19:49:27",207.45,865.47,,,,"     ",3.60,62.28,4.41
532,444746976,"00532M19:36:19.088","00532 19:49:28",207.48,865.39,,,,"     ",3.60,62.48,4.42
532,444746977,"00532M19:36:20.061","00532 19:49:29",207.52,865.42,,,,"     ",3.60,62.44,4.42
532,444746978,"00532M19:36:21.034","00532 19:49:30",207.55,865.52,,,,"     ",3.60,62.52,4.42
532,444746979,"00532M19:36:22.008","00532 19:49:31",207.57,865.49,,,,"     ",3.60,62.28,4.41
532,444746980,"00532M19:36:22.981","00532 19:49:32",207.58,865.44,,,,"     ",3.60,62.47,4.42
532,444746981,"00532M19:36:23.954","00532 19:49:33",207.59,865.51,,,,"     ",3.60,62.51,4.43
532,444746982,"00532M19:36:24.927","00532 19:49:34",207.60,865.46,,,,"     ",3.60,62.60,4.43
532,444746983,"00532M19:36:25.901","00532 19:49:35",207.61,865.48,,,,"     ",3.60,62.62,4.43
532,444746984,"00532M19:36:26.874","00532 19:49:36",207.63,865.37,,,,"     ",3.60,62.49,4.42
532,444746985,"00532M19:36:27.847","00532 19:49:37",207.67,865.45,,,,"     ",3.60,62.53,4.43
532,444746986,"00532M19:36:28.821","00532 19:49:38",207.72,865.43,,,,"     ",3.60,62.11,4.40
532,444746987,"00532M19:36:29.794","00532 19:49:38",207.76,865.39,,,,"     ",3.60,62.56,4.43
532,444746988,"00532M19:36:30.767","00532 19:49:39",207.78,865.35,,,,"     ",3.60,62.76,4.45
532,444746989,"00532M19:36:31.740","00532 19:49:40",207.80,865.34,,,,"     ",3.60,62.33,4.41
532,444746990,"00532M19:36:32.714","00532 19:49:41",207.80,865.30,,,,"     ",3.60,62.70,4.44
532,444746991,"00532M19:36:33.687","00532 19:49:42",207.79,865.39,,,,"     ",3.60,62.35,4.42
532,444746992,"00532M19:36:34.660","00532 19:49:43",207.77,865.37,,,,"     ",3.60,62.65,4.44
532,444746993,"00532M19:36:35.633","00532 19:49:44",207.75,865.34,,,,"     ",3.60,62.35,4.42
532,444746994,"00532M19:36:36.607","00532 19:49:45",207.70,865.36,,,,"     ",3.60,62.69,4.44
532,444746995,"00532M19:36:37.580","00532 19:49:46",207.64,865.37,,,,"     ",3.60,62.02,4.39
532,444746996,"00532M19:36:38.553","00532 19:49:47",207.56,865.42,,,,"     ",3.60,61.87,4.38
532,444746997,"00532M19:36:39.526","00532 19:49:48",207.49,865.30,,,,"     ",3.60,62.42,4.43
532,444746998,"00532M19:36:40.500","00532 19:49:49",207.44,865.34,,,,"     ",3.60,62.50,4.43
532,444746999,"00532M19:36:41.473","00532 19:49:50",207.41,865.37,,,,"     ",3.60,62.04,4.40
532,444747000,"00532M19:36:42.446","00532 19:49:51",207.40,865.44,,,,"     ",3.60,62.25,4.41
532,444747001,"00532M19:36:43.419","00532 19:49:52",207.40,865.48,,,,"     ",3.60,62.66,4.45
532,444747002,"00532M19:36:44.393","00532 19:49:53",207.41,865.44,,,,"     ",3.60,62.42,4.43
532,444747003,"00532M19:36:45.366","00532 19:49:54",207.41,865.42,,,,"     ",3.60,62.20,4.41
532,444747004,"00532M19:36:46.339","00532 19:49:55",207.41,865.36,,,,"     ",3.60,62.42,4.43
532,444747005,"00532M19:36:47.312","00532 19:49:56",207.40,865.45,,,,"     ",3.60,61.92,4.39
532,444747006,"00532M19:36:48.286","00532 19:49:57",207.38,865.52,,,,"     ",3.60,62.26,4.42
532,444747007,"00532M19:36:49.259","00532 19:49:58",207.36,865.46,,,,"     ",3.60,62.49,4.43
532,444747008,"00532M19:36:50.232","00532 19:49:59",207.34,865.45,,,,"     ",3.60,62.10,4.41
532,444747009,"00532M19:36:51.205","00532 19:50:00",207.33,865.45,,,,"     ",3.60,62.43,4.43
532,444747010,"00532M19:36:52.179","00532 19:50:01",207.32,865.40,,,,"     ",3.60,62.40,4.43
532,444747011,"00532M19:36:53.152","00532 19:50:02",207.32,865.41,,,,"     ",3.60,62.53,4.44
532,444747012,"00532M19:36:54.125","00532 19:50:03",207.31,865.43,,,,"     ",3.60,62.09,4.41
532,444747013,"00532M19:36:55.098","00532 19:50:04",207.29,865.44,,,,"     ",3.60,62.19,4.42
532,444747014,"00532M19:36:56.072","00532 19:50:05",207.26,865.43,,,,"     ",3.60,62.45,4.44
532,444747015,"00532M19:36:57.045","00532 19:50:06",207.23,865.45,,,,"     ",3.60,62.30,4.43
532,444747016,"00532M19:36:58.018","00532 19:50:07",207.19,865.44,,,,"     ",3.60,62.09,4.41
532,444747017,"00532M19:36:58.991","00532 19:50:08",207.17,865.49,,,,"     ",3.60,62.30,4.43
532,444747018,"00532M19:36:59.965","00532 19:50:09",207.14,865.54,,,,"     ",3.60,62.13,4.42
532,444747019,"00532M19:37:00.938","00532 19:50:10",207.11,865.41,,,,"     ",3.60,61.94,4.40
532,444747020,"00532M19:37:01.911","00532 19:50:11",207.06,865.38,,,,"     ",3.60,62.03,4.41
532,444747021,"00532M19:37:02.884","00532 19:50:12",207.01,865.35,,,,"     ",3.60,62.37,4.43
532,444747022,"00532M19:37:03.858","00532 19:50:13",206.98,865.45,,,,"     ",3.60,61.99,4.41
532,444747023,"00532M19:37:04.831","00532 19:50:14",206.96,865.46,,,,"     ",3.60,61.86,4.40
532,444747024,"00532M19:37:05.804","00532 19:50:14",206.97,865.35,,,,"     ",3.60,62.39,4.44
532,444747025,"00532M19:37:06.777","00532 19:50:15",206.99,865.39,,,,"     ",3.60,61.72,4.39
532,444747026,"00532M19:37:07.751","00532 19:50:16",207.03,865.37,,,,"     ",3.60,61.85,4.40
532,444747027,"00532M19:37:08.724","00532 19:50:17",207.10,865.36,,,,"     ",3.60,62.15,4.42
532,444747028,"00532M19:37:09.697","00532 19:50:18",207.17,865.41,,,,"     ",3.60,62.17,4.42
532,444747029,"00532M19:37:10.670","00532 19:50:19",207.24,865.42,,,,"     ",3.60,62.04,4.42
532,444747030,"00532M19:37:11.644","00532 19:50:20",207.31,865.51,,,,"     ",3.60,62.10,4.42
532,444747031,"00532M19:37:12.617","00532 19:50:21",207.36,865.49,,,,"     ",3.60,61.97,4.41
532,444747032,"00532M19:37:13.590","00532 19:50:22",207.40,865.49,,,,"     ",3.60,62.13,4.42
532,444747033,"00532M19:37:14.563","00532 19:50:23",207.42,865.46,,,,"     ",3.60,62.33,4.44
532,444747034,"00532M19:37:15.537","00532 19:50:24",207.42,865.43,,,,"     ",3.60,62.03,4.42
532,444747035,"00532M19:37:16.510","00532 19:50:25",207.40,865.47,,,,"     ",3.60,62.23,4.43
532,444747036,"00532M19:37:17.483","00532 19:50:26",207.36,865.46,,,,"     ",3.60,62.26,4.43
532,444747037,"00532M19:37:18.456","00532 19:50:27",207.32,865.50,,,,"     ",3.60,62.26,4.44
532,444747038,"00532M19:37:19.430","00532 19:50:28",207.25,865.43,,,,"     ",3.60,62.35,4.44
532,444747039,"00532M19:37:20.403","00532 19:50:29",207.16,865.45,,,,"     ",3.60,62.11,4.43
532,444747040,"00532M19:37:21.376","00532 19:50:30",207.04,865.48,,,,"     ",3.60,61.80,4.40
532,444747041,"00532M19:37:22.349","00532 19:50:31",206.91,865.42,,,,"     ",3.60,62.39,4.45
532,444747042,"00532M19:37:23.323","00532 19:50:32",206.78,865.45,,,,"     ",3.60,61.86,4.41
532,444747043,"00532M19:37:24.296","00532 19:50:33",206.66,865.42,,,,"     ",3.60,61.99,4.42
532,444747044,"00532M19:37:25.269","00532 19:50:34",206.59,865.42,,,,"     ",3.60,62.25,4.44
532,444747045,"00532M19:37:26.242","00532 19:50:35",206.55,865.43,,,,"     ",3.60,62.06,4.43
532,444747046,"00532M19:37:27.216","00532 19:50:36",206.54,865.54,,,,"     ",3.60,62.11,4.43
532,444747047,"00532M19:37:28.189","00532 19:50:37",206.56,865.54,,,,"     ",3.60,62.02,4.43
532,444747048,"00532M19:37:29.162","00532 19:50:38",206.58,865.61,,,,"     ",3.60,61.91,4.42
532,444747049,"00532M19:37:30.135","00532 19:50:39",206.60,865.53,,,,"     ",3.60,61.98,4.42
532,444747050,"00532M19:37:31.109","00532 19:50:40",206.62,865.58,,,,"     ",3.60,62.07,4.43
532,444747051,"00532M19:37:32.082","00532 19:50:41",206.64,865.52,,,,"     ",3.60,62.20,4.44
532,444747052,"00532M19:37:33.055","00532 19:50:42",206.67,865.58,,,,"     ",3.60,62.06,4.43
532,444747053,"00532M19:37:34.028","00532 19:50:43",206.71,865.56,,,,"     ",3.60,62.02,4.43
532,444747054,"00532M19:37:35.002","00532 19:50:44",206.75,865.46,,,,"     ",3.60,62.38,4.46
532,444747055,"00532M19:37:35.975","00532 19:50:45",206.78,865.47,,,,"     ",3.60,62.07,4.43
532,444747056,"00532M19:37:36.948","00532 19:50:46",206.80,865.47,,,,"     ",3.60,61.61,4.40
532,444747057,"00532M19:37:37.921","00532 19:50:47",206.80,865.43,,,,"     ",3.60,62.25,4.45
532,444747058,"00532M19:37:38.895","00532 19:50:48",206.79,865.48,,,,"     ",3.60,62.13,4.44
532,444747059,"00532M19:37:39.868","00532 19:50:49",206.77,865.65,,,,"     ",3.60,61.63,4.40
532,444747060,"00532M19:37:40.841","00532 19:50:50",206.76,865.41,,,,"     ",3.60,61.97,4.43
532,444747061,"00532M19:37:41.815","00532 19:50:51",206.74,865.57,,,,"     ",3.60,62.13,4.44
532,444747062,"00532M19:37:42.788","00532 19:50:51",206.74,865.49,,,,"     ",3.60,61.87,4.42
532,444747063,"00532M19:37:43.761","00532 19:50:52",206.76,865.45,,,,"     ",3.60,61.75,4.42
532,444747064,"00532M19:37:44.734","00532 19:50:53",206.78,865.49,,,,"     ",3.60,61.72,4.41
532,444747065,"00532M19:37:45.708","00532 19:50:54",206.78,865.53,,,,"     ",3.60,61.91,4.43
532,444747066,"00532M19:37:46.681","00532 19:50:55",206.74,865.51,,,,"     ",3.60,61.88,4.43
532,444747067,"00532M19:37:47.654","00532 19:50:56",206.67,865.47,,,,"     ",3.60,61.54,4.40
532,444747068,"00532M19:37:48.627","00532 19:50:57",206.58,865.56,,,,"     ",3.60,61.96,4.43
532,444747069,"00532M19:37:49.601","00532 19:50:58",206.49,865.58,,,,"     ",3.60,62.32,4.46
532,444747070,"00532M19:37:50.574","00532 19:50:59",206.40,865.53,,,,"     ",3.60,61.71,4.42
532,444747071,"00532M19:37:51.547","00532 19:51:00",206.34,865.48,,,,"     ",3.60,61.85,4.43
532,444747072,"00532M19:37:52.520","00532 19:51:01",206.30,865.46,,,,"     ",3.60,61.85,4.43
532,444747073,"00532M19:37:53.494","00532 19:51:02",206.28,865.55,,,,"     ",3.60,61.94,4.44
532,444747074,"00532M19:37:54.467","00532 19:51:03",206.27,865.49,,,,"     ",3.60,62.17,4.45
532,444747075,"00532M19:37:55.440","00532 19:51:04",206.27,865.55,,,,"     ",3.60,61.57,4.41
532,444747076,"00532M19:37:56.413","00532 19:51:05",206.27,865.55,,,,"     ",3.60,62.02,4.45
532,444747077,"00532M19:37:57.387","00532 19:51:06",206.29,865.52,,,,"     ",3.60,62.05,4.45
532,444747078,"00532M19:37:58.360","00532 19:51:07",206.33,865.60,,,,"     ",3.60,61.71,4.42
532,444747079,"00532M19:37:59.333","00532 19:51:08",206.38,865.63,,,,"     ",3.60,61.64,4.42
532,444747080,"00532M19:38:00.306","00532 19:51:09",206.44,865.59,,,,"     ",3.60,61.72,4.43
532,444747081,"00532M19:38:01.280","00532 19:51:10",206.48,865.55,,,,"     ",3.60,61.64,4.42
532,444747082,"00532M19:38:02.253","00532 19:51:11",206.51,865.53,,,,"     ",3.60,61.88,4.44
532,444747083,"00532M19:38:03.226","00532 19:51:12",206.52,865.52,,,,"     ",3.60,61.45,4.41
532,444747084,"00532M19:38:04.199","00532 19:51:13",206.51,865.55,,,,"     ",3.60,61.87,4.44
532,444747085,"00532M19:38:05.173","00532 19:51:14",206.48,865.46,,,,"     ",3.60,61.69,4.43
532,444747086,"00532M19:38:06.146","00532 19:51:15",206.43,865.50,,,,"     ",3.60,61.83,4.44
532,444747087,"00532M19:38:07.119","00532 19:51:16",206.39,865.51,,,,"     ",3.60,61.73,4.43
532,444747088,"00532M19:38:08.092","00532 19:51:17",206.35,865.50,,,,"     ",3.60,61.87,4.44
532,444747089,"00532M19:38:09.066","00532 19:51:18",206.34,865.52,,,,"     ",3.60,61.58,4.42
532,444747090,"00532M19:38:10.039","00532 19:51:19",206.34,865.53,,,,"     ",3.60,61.65,4.43
532,444747091,"00532M19:38:11.012","00532 19:51:20",206.36,865.54,,,,"     ",3.60,61.41,4.41
532,444747092,"00532M19:38:11.985","00532 19:51:21",206.39,865.57,,,,"     ",3.60,61.83,4.44
532,444747093,"00532M19:38:12.959","00532 19:51:22",206.41,865.60,,,,"     ",3.60,61.59,4.42
532,444747094,"00532M19:38:13.932","00532 19:51:23",206.42,865.60,,,,"     ",3.60,61.58,4.42
532,444747095,"00532M19:38:14.905","00532 19:51:24",206.41,865.57,,,,"     ",3.60,61.80,4.44
532,444747096,"00532M19:38:15.878","00532 19:51:25",206.39,865.61,,,,"     ",3.60,61.80,4.44
532,444747097,"00532M19:38:16.852","00532 19:51:26",206.36,865.64,,,,"     ",3.60,61.32,4.41
532,444747098,"00532M19:38:17.825","00532 19:51:27",206.34,865.57,,,,"     ",3.60,61.75,4.44
532,444747099,"00532M19:38:18.798","00532 19:51:27",206.30,865.62,,,,"     ",3.60,61.75,4.44
532,444747100,"00532M19:38:19.771","00532 19:51:28",206.26,865.65,,,,"     ",3.60,61.22,4.40
532,444747101,"00532M19:38:20.745","00532 19:51:29",206.20,865.66,,,,"     ",3.60,61.77,4.44
532,444747102,"00532M19:38:21.718","00532 19:51:30",206.15,865.64,,,,"     ",3.60,61.95,4.46
532,444747103,"00532M19:38:22.691","00532 19:51:31",206.10,865.67,,,,"     ",3.60,61.57,4.43
532,444747104,"00532M19:38:23.664","00532 19:51:32",206.07,865.65,,,,"     ",3.60,61.26,4.41
532,444747105,"00532M19:38:24.638","00532 19:51:33",206.06,865.59,,,,"     ",3.60,61.41,4.42
532,444747106,"00532M19:38:25.611","00532 19:51:34",206.08,865.59,,,,"     ",3.60,61.53,4.43
532,444747107,"00532M19:38:26.584","00532 19:51:35",206.12,865.58,,,,"     ",3.60,61.47,4.42
532,444747108,"00532M19:38:27.557","00532 19:51:36",206.19,865.55,,,,"     ",3.60,61.47,4.43
532,444747109,"00532M19:38:28.531","00532 19:51:37",206.30,865.53,,,,"     ",3.60,61.72,4.45
532,444747110,"00532M19:38:29.504","00532 19:51:38",206.43,865.54,,,,"     ",3.60,61.88,4.46
532,444747111,"00532M19:38:30.477","00532 19:51:39",206.56,865.50,,,,"     ",3.60,61.75,4.45
532,444747112,"00532M19:38:31.450","00532 19:51:40",206.67,865.59,,,,"     ",3.60,61.55,4.43
532,444747113,"00532M19:38:32.424","00532 19:51:41",206.75,865.58,,,,"     ",3.60,61.24,4.41
532,444747114,"00532M19:38:33.397","00532 19:51:42",206.78,865.59,,,,"     ",3.60,61.42,4.43
532,444747115,"00532M19:38:34.370","00532 19:51:43",206.77,865.62,,,,"     ",3.60,61.45,4.43
532,444747116,"00532M19:38:35.343","00532 19:51:44",206.72,865.67,,,,"     ",3.60,61.43,4.43
532,444747117,"00532M19:38:36.317","00532 19:51:45",206.66,865.59,,,,"     ",3.60,61.62,4.44
532,444747118,"00532M19:38:37.290","00532 19:51:46",206.60,865.58,,,,"     ",3.60,61.77,4.45
532,444747119,"00532M19:38:38.263","00532 19:51:47",206.55,865.56,,,,"     ",3.60,61.36,4.42
532,444747120,"00532M19:38:39.236","00532 19:51:48",206.50,865.67,,,,"     ",3.60,61.49,4.44
532,444747121,"00532M19:38:40.210","00532 19:51:49",206.45,865.73,,,,"     ",3.60,61.20,4.41
532,444747122,"00532M19:38:41.183","00532 19:51:50",206.40,865.63,,,,"     ",3.60,61.54,4.44
532,444747123,"00532M19:38:42.156","00532 19:51:51",206.36,865.71,,,,"     ",3.60,61.56,4.44
532,444747124,"00532M19:38:43.129","00532 19:51:52",206.34,865.70,,,,"     ",3.60,61.52,4.44
532,444747125,"00532M19:38:44.103","00532 19:51:53",206.34,865.70,,,,"     ",3.60,61.37,4.43
532,444747126,"00532M19:38:45.076","00532 19:51:54",206.37,865.71,,,,"     ",3.60,61.62,4.45
532,444747127,"00532M19:38:46.049","00532 19:51:55",206.43,865.56,,,,"     ",3.60,61.65,4.45
532,444747128,"00532M19:38:47.022","00532 19:51:56",206.50,865.64,,,,"     ",3.60,61.76,4.46
532,444747129,"00532M19:38:47.996","00532 19:51:57",206.57,865.64,,,,"     ",3.60,61.59,4.45
532,444747130,"00532M19:38:48.969","00532 19:51:58",206.62,865.65,,,,"     ",3.60,61.23,4.42
532,444747131,"00532M19:38:49.942","00532 19:51:59",206.65,865.65,,,,"     ",3.60,61.80,4.47
532,444747132,"00532M19:38:50.916","00532 19:52:00",206.65,865.65,,,,"     ",3.60,61.20,4.42
532,444747133,"00532M19:38:51.889","00532 19:52:01",206.63,865.69,,,,"     ",3.60,62.00,4.48
532,444747134,"00532M19:38:52.862","00532 19:52:02",206.59,865.67,,,,"     ",3.60,61.78,4.47
532,444747135,"00532M19:38:53.835","00532 19:52:03",206.56,865.62,,,,"     ",3.60,61.43,4.44
532,444747136,"00532M19:38:54.809","00532 19:52:04",206.55,865.68,,,,"     ",3.60,61.47,4.44
532,444747137,"00532M19:38:55.782","00532 19:52:04",206.54,865.53,,,,"     ",3.60,61.68,4.46
532,444747138,"00532M19:38:56.755","00532 19:52:05",206.55,865.63,,,,"     ",3.60,61.51,4.45
532,444747139,"00532M19:38:57.728","00532 19:52:06",206.57,865.63,,,,"     ",3.60,61.39,4.44
532,444747140,"00532M19:38:58.702","00532 19:52:07",206.60,865.71,,,,"     ",3.60,61.09,4.42
532,444747141,"00532M19:38:59.675","00532 19:52:08",206.64,865.65,,,,"     ",3.60,61.49,4.45
532,444747142,"00532M19:39:00.648","00532 19:52:09",206.70,865.67,,,,"     ",3.60,61.62,4.46
532,444747143,"00532M19:39:01.621","00532 19:52:10",206.76,865.71,,,,"     ",3.60,61.31,4.43
532,444747144,"00532M19:39:02.595","00532 19:52:11",206.83,865.71,,,,"     ",3.60,61.43,4.44
532,444747145,"00532M19:39:03.568","00532 19:52:12",206.89,865.70,,,,"     ",3.60,61.82,4.47
532,444747146,"00532M19:39:04.541","00532 19:52:13",206.93,865.64,,,,"     ",3.60,61.39,4.44
532,444747147,"00532M19:39:05.514","00532 19:52:14",206.95,865.73,,,,"     ",3.60,61.69,4.46
532,444747148,"00532M19:39:06.488","00532 19:52:15",206.93,865.62,,,,"     ",3.60,61.63,4.46
532,444747149,"00532M19:39:07.461","00532 19:52:16",206.89,865.74,,,,"     ",3.60,61.32,4.44
532,444747150,"00532M19:39:08.434","00532 19:52:17",206.82,865.72,,,,"     ",3.60,61.68,4.47
532,444747151,"00532M19:39:09.407","00532 19:52:18",206.74,865.60,,,,"     ",3.60,61.73,4.47
532,444747152,"00532M19:39:10.381","00532 19:52:19",206.64,865.67,,,,"     ",3.60,61.58,4.46
532,444747153,"00532M19:39:11.354","00532 19:52:20",206.53,865.71,,,,"     ",3.60,61.36,4.44
532,444747154,"00532M19:39:12.327","00532 19:52:21",206.42,865.70,,,,"     ",3.60,61.42,4.45
532,444747155,"00532M19:39:13.300","00532 19:52:22",206.32,865.63,,,,"     ",3.60,61.71,4.47
532,444747156,"00532M19:39:14.274","00532 19:52:23",206.23,865.70,,,,"     ",3.60,60.99,4.41
532,444747157,"00532M19:39:15.247","00532 19:52:24",206.16,865.76,,,,"     ",3.60,61.36,4.44
532,444747158,"00532M19:39:16.220","00532 19:52:25",206.12,865.65,,,,"     ",3.60,61.24,4.43
532,444747159,"00532M19:39:17.193","00532 19:52:26",206.11,865.62,,,,"     ",3.60,61.46,4.45
532,444747160,"00532M19:39:18.167","00532 19:52:27",206.13,865.61,,,,"     ",3.60,61.67,4.47
532,444747161,"00532M19:39:19.140","00532 19:52:28",206.19,865.68,,,,"     ",3.60,61.31,4.44
532,444747162,"00532M19:39:20.113","00532 19:52:29",206.28,865.66,,,,"     ",3.60,61.56,4.46
532,444747163,"00532M19:39:21.086","00532 19:52:30",206.39,865.68,,,,"     ",3.60,61.51,4.46
532,444747164,"00532M19:39:22.060","00532 19:52:31",206.50,865.69,,,,"     ",3.60,61.21,4.44
532,444747165,"00532M19:39:23.033","00532 19:52:32",206.60,865.77,,,,"     ",3.60,61.16,4.43
532,444747166,"00532M19:39:24.006","00532 19:52:33",206.69,865.74,,,,"     ",3.60,61.35,4.45
532,444747167,"00532M19:39:24.979","00532 19:52:34",206.77,865.76,,,,"     ",3.60,61.53,4.46
532,444747168,"00532M19:39:25.953","00532 19:52:35",206.84,865.67,,,,"     ",3.60,61.41,4.45
532,444747169,"00532M19:39:26.926","00532 19:52:36",206.89,865.65,,,,"     ",3.60,61.31,4.44
532,444747170,"00532M19:39:27.899","00532 19:52:37",206.93,865.59,,,,"     ",3.60,61.07,4.43
532,444747171,"00532M19:39:28.872","00532 19:52:38",206.96,865.62,,,,"     ",3.60,61.47,4.46
532,444747172,"00532M19:39:29.846","00532 19:52:39",206.98,865.65,,,,"     ",3.60,61.83,4.49
532,444747173,"00532M19:39:30.819","00532 19:52:40",206.98,865.75,,,,"     ",3.60,61.60,4.47
532,444747174,"00532M19:39:31.792","00532 19:52:40",206.98,865.74,,,,"     ",3.60,61.65,4.47
532,444747175,"00532M19:39:32.765","00532 19:52:41",206.97,865.83,,,,"     ",3.60,61.29,4.45
532,444747176,"00532M19:39:33.739","00532 19:52:42",206.95,865.76,,,,"     ",3.60,61.48,4.46
532,444747177,"00532M19:39:34.712","00532 19:52:43",206.93,865.73,,,,"     ",3.60,61.50,4.46
532,444747178,"00532M19:39:35.685","00532 19:52:44",206.92,865.79,,,,"     ",3.60,61.40,4.45
532,444747179,"00532M19:39:36.658","00532 19:52:45",206.93,865.82,,,,"     ",3.60,61.63,4.47
532,444747180,"00532M19:39:37.632","00532 19:52:46",206.95,865.74,,,,"     ",3.60,61.93,4.50
532,444747181,"00532M19:39:38.605","00532 19:52:47",206.98,865.74,,,,"     ",3.60,61.52,4.46
532,444747182,"00532M19:39:39.578","00532 19:52:48",206.99,865.68,,,,"     ",3.60,61.69,4.48
532,444747183,"00532M19:39:40.551","00532 19:52:49",206.99,865.70,,,,"     ",3.60,61.37,4.45
532,444747184,"00532M19:39:41.525","00532 19:52:50",206.96,865.71,,,,"     ",3.60,61.42,4.46
532,444747185,"00532M19:39:42.498","00532 19:52:51",206.91,865.66,,,,"     ",3.60,61.51,4.46
532,444747186,"00532M19:39:43.471","00532 19:52:52",206.84,865.63,,,,"     ",3.60,61.83,4.49
532,444747187,"00532M19:39:44.444","00532 19:52:53",206.76,865.63,,,,"     ",3.60,61.90,4.49
532,444747188,"00532M19:39:45.418","00532 19:52:54",206.68,865.64,,,,"     ",3.60,61.10,4.43
532,444747189,"00532M19:39:46.391","00532 19:52:55",206.62,865.65,,,,"     ",3.60,61.77,4.48
532,444747190,"00532M19:39:47.364","00532 19:52:56",206.56,865.75,,,,"     ",3.60,61.69,4.48
532,444747191,"00532M19:39:48.337","00532 19:52:57",206.53,865.70,,,,"     ",3.60,61.29,4.45
532,444747192,"00532M19:39:49.311","00532 19:52:58",206.51,865.73,,,,"     ",3.60,61.40,4.46
532,444747193,"00532M19:39:50.284","00532 19:52:59",206.51,865.76,,,,"     ",3.60,61.70,4.48
532,444747194,"00532M19:39:51.257","00532 19:53:00",206.52,865.70,,,,"     ",3.60,61.44,4.46
532,444747195,"00532M19:39:52.230","00532 19:53:01",206.53,865.71,,,,"     ",3.60,61.36,4.46
532,444747196,"00532M19:39:53.204","00532 19:53:02",206.53,865.79,,,,"     ",3.60,61.09,4.43
532,444747197,"00532M19:39:54.177","00532 19:53:03",206.53,865.73,,,,"     ",3.60,61.51,4.47
532,444747198,"00532M19:39:55.150","00532 19:53:04",206.53,865.78,,,,"     ",3.60,61.41,4.46
532,444747199,"00532M19:39:56.123","00532 19:53:05",206.54,865.84,,,,"     ",3.60,61.52,4.47
532,444747200,"00532M19:39:57.097","00532 19:53:06",206.55,865.82,,,,"     ",3.60,61.22,4.45
532,444747201,"00532M19:39:58.070","00532 19:53:07",206.56,865.84,,,,"     ",3.60,61.15,4.44
532,444747202,"00532M19:39:59.043","00532 19:53:08",206.56,865.80,,,,"     ",3.60,61.86,4.49
532,444747203,"00532M19:40:00.017","00532 19:53:09",206.55,865.88,,,,"     ",3.60,61.34,4.46
532,444747204,"00532M19:40:00.990","00532 19:53:10",206.54,865.80,,,,"     ",3.60,61.24,4.45
532,444747205,"00532M19:40:01.963","00532 19:53:11",206.53,865.79,,,,"     ",3.60,61.26,4.45
532,444747206,"00532M19:40:02.936","00532 19:53:12",206.51,865.76,,,,"     ",3.60,61.23,4.45
532,444747207,"00532M19:40:03.910","00532 19:53:13",206.50,865.76,,,,"     ",3.60,61.56,4.47
532,444747208,"00532M19:40:04.883","00532 19:53:14",206.50,865.77,,,,"     ",3.60,61.27,4.45
532,444747209,"00532M19:40:05.856","00532 19:53:15",206.52,865.79,,,,"     ",3.60,61.22,4.45
532,444747210,"00532M19:40:06.829","00532 19:53:16",206.55,865.78,,,,"     ",3.60,61.77,4.49
532,444747211,"00532M19:40:07.803","00532 19:53:17",206.59,865.79,,,,"     ",3.60,61.19,4.45
532,444747212,"00532M19:40:08.776","00532 19:53:17",206.63,865.82,,,,"     ",3.60,61.61,4.48
532,444747213,"00532M19:40:09.749","00532 19:53:18",206.67,865.76,,,,"     ",3.60,61.63,4.48
532,444747214,"00532M19:40:10.722","00532 19:53:19",206.71,865.76,,,,"     ",3.60,61.20,4.45
532,444747215,"00532M19:40:11.696","00532 19:53:20",206.74,865.76,,,,"     ",3.60,61.09,4.44
532,444747216,"00532M19:40:12.669","00532 19:53:21",206.79,865.74,,,,"     ",3.60,61.32,4.46
532,444747217,"00532M19:40:13.642","00532 19:53:22",206.83,865.76,,,,"     ",3.60,61.50,4.47
532,444747218,"00532M19:40:14.615","00532 19:53:23",206.88,865.74,,,,"     ",3.60,61.32,4.46
532,444747219,"00532M19:40:15.589","00532 19:53:24",206.94,865.68,,,,"     ",3.60,61.05,4.44
532,444747220,"00532M19:40:16.562","00532 19:53:25",206.98,865.73,,,,"     ",3.60,61.47,4.47
532,444747221,"00532M19:40:17.535","00532 19:53:26",207.00,865.87,,,,"     ",3.60,61.19,4.45
532,444747222,"00532M19:40:18.508","00532 19:53:27",206.98,865.78,,,,"     ",3.60,61.54,4.48
532,444747223,"00532M19:40:19.482","00532 19:53:28",206.93,865.79,,,,"     ",3.60,61.16,4.45
532,444747224,"00532M19:40:20.455","00532 19:53:29",206.84,865.81,,,,"     ",3.60,61.40,4.47
532,444747225,"00532M19:40:21.428","00532 19:53:30",206.71,865.90,,,,"     ",3.60,61.50,4.48
532,444747226,"00532M19:40:22.401","00532 19:53:31",206.55,865.85,,,,"     ",3.60,61.09,4.45
532,444747227,"00532M19:40:23.375","00532 19:53:32",206.39,865.84,,,,"     ",3.60,61.30,4.47
532,444747228,"00532M19:40:24.348","00532 19:53:33",206.25,865.87,,,,"     ",3.60,61.21,4.46
532,444747229,"00532M19:40:25.321","00532 19:53:34",206.13,865.86,,,,"     ",3.60,61.39,4.47
532,444747230,"00532M19:40:26.294","00532 19:53:35",206.05,865.89,,,,"     ",3.60,61.28,4.47
532,444747231,"00532M19:40:27.268","00532 19:53:36",206.00,865.86,,,,"     ",3.60,61.45,4.48
532,444747232,"00532M19:40:28.241","00532 19:53:37",205.98,865.76,,,,"     ",3.60,61.43,4.48
532,444747233,"00532M19:40:29.214","00532 19:53:38",206.00,865.83,,,,"     ",3.60,61.14,4.46
532,444747234,"00532M19:40:30.187","00532 19:53:39",206.01,865.90,,,,"     ",3.60,61.14,4.46
532,444747235,"00532M19:40:31.161","00532 19:53:40",206.01,865.96,,,,"     ",3.60,61.55,4.49
532,444747236,"00532M19:40:32.134","00532 19:53:41",206.01,865.90,,,,"     ",3.60,61.33,4.47
532,444747237,"00532M19:40:33.107","00532 19:53:42",206.02,865.87,,,,"     ",3.60,61.23,4.47
532,444747238,"00532M19:40:34.080","00532 19:53:43",206.02,865.90,,,,"     ",3.60,61.28,4.47
532,444747239,"00532M19:40:35.054","00532 19:53:44",206.03,865.92,,,,"     ",3.60,61.41,4.48
532,444747240,"00532M19:40:36.027","00532 19:53:45",206.04,865.88,,,,"     ",3.60,61.07,4.46
532,444747241,"00532M19:40:37.000","00532 19:53:46",206.05,865.84,,,,"     ",3.60,61.29,4.47
532,444747242,"00532M19:40:37.973","00532 19:53:47",206.06,865.86,,,,"     ",3.60,60.80,4.44
532,444747243,"00532M19:40:38.947","00532 19:53:48",206.07,865.79,,,,"     ",3.60,61.11,4.46
532,444747244,"00532M19:40:39.920","00532 19:53:49",206.07,865.78,,,,"     ",3.60,60.98,4.45
532,444747245,"00532M19:40:40.893","00532 19:53:50",206.08,865.86,,,,"     ",3.60,61.44,4.49
532,444747246,"00532M19:40:41.866","00532 19:53:51",206.08,865.90,,,,"     ",3.60,61.20,4.47
532,444747247,"00532M19:40:42.840","00532 19:53:52",205.41,865.88,,,95.33,"  101100",3.60,61.09,4.46
532,444747248,"00532M19:40:43.813","00532 19:53:53",205.62,865.88,,,,"     ",3.60,61.29,4.48
532,444747249,"00532M19:40:44.786","00532 19:53:54",205.79,865.82,,,,"     ",3.60,61.42,4.49
532,444747250,"00532M19:40:45.759","00532 19:53:54",205.95,865.80,,,,"     ",3.60,60.84,4.44
532,444747251,"00532M19:40:46.733","00532 19:53:55",206.09,865.79,,,,"     ",3.60,61.27,4.48
532,444747252,"00532M19:40:47.706","00532 19:53:56",206.20,865.87,,,,"     ",3.60,61.48,4.49
532,444747253,"00532M19:40:48.679","00532 19:53:57",206.30,865.82,,,,"     ",3.60,61.36,4.48
532,444747254,"00532M19:40:49.652","00532 19:53:58",206.38,865.84,,,,"     ",3.60,61.48,4.50
532,444747255,"00532M19:40:50.626","00532 19:53:59",206.44,865.83,,,,"     ",3.60,60.84,4.45
532,444747256,"00532M19:40:51.599","00532 19:54:00",206.48,865.80,,,,"     ",3.60,61.12,4.47
532,444747257,"00532M19:40:52.572","00532 19:54:01",206.50,865.83,,,,"     ",3.60,61.28,4.48
532,444747258,"00532M19:40:53.545","00532 19:54:02",206.51,865.87,,,,"     ",3.60,61.24,4.48
532,444747259,"00532M19:40:54.519","00532 19:54:03",206.49,865.88,,,,"     ",3.60,61.00,4.46
532,444747260,"00532M19:40:55.492","00532 19:54:04",206.44,865.87,,,,"     ",3.60,61.35,4.49
532,444747261,"00532M19:40:56.465","00532 19:54:05",206.36,865.79,,,,"     ",3.60,60.99,4.46
532,444747262,"00532M19:40:57.438","00532 19:54:06",206.26,865.82,,,,"     ",3.60,61.39,4.49
532,444747263,"00532M19:40:58.412","00532 19:54:07",206.16,865.91,,,,"     ",3.60,61.38,4.49
532,444747264,"00532M19:40:59.385","00532 19:54:08",206.07,865.85,,,,"     ",3.60,60.87,4.45
532,444747265,"00532M19:41:00.358","00532 19:54:09",206.00,865.90,,,,"     ",3.60,61.67,4.52
532,444747266,"00532M19:41:01.331","00532 19:54:10",205.98,865.85,,,,"     ",3.60,60.90,4.46
532,444747267,"00532M19:41:02.305","00532 19:54:11",205.99,865.83,,,,"     ",3.60,61.21,4.48
532,444747268,"00532M19:41:03.278","00532 19:54:12",206.02,865.90,,,,"     ",3.60,61.35,4.49
532,444747269,"00532M19:41:04.251","00532 19:54:13",206.08,865.89,,,,"     ",3.60,61.40,4.50
532,444747270,"00532M19:41:05.224","00532 19:54:14",206.14,865.85,,,,"     ",3.60,60.97,4.47
532,444747271,"00532M19:41:06.198","00532 19:54:15",206.20,865.96,,,,"     ",3.60,61.59,4.51
532,444747272,"00532M19:41:07.171","00532 19:54:16",206.27,865.85,,,,"     ",3.60,61.52,4.51
532,444747273,"00532M19:41:08.144","00532 19:54:17",206.33,865.80,,,,"     ",3.60,61.39,4.50
532,444747274,"00532M19:41:09.118","00532 19:54:18",206.38,865.84,,,,"     ",3.60,61.38,4.50
532,444747275,"00532M19:41:10.091","00532 19:54:19",206.43,865.84,,,,"     ",3.60,61.27,4.49
532,444747276,"00532M19:41:11.064","00532 19:54:20",206.48,865.88,,,,"     ",3.60,61.33,4.50
532,444747277,"00532M19:41:12.037","00532 19:54:21",206.51,865.87,,,,"     ",3.60,61.47,4.51
532,444747278,"00532M19:41:13.011","00532 19:54:22",206.54,865.77,,,,"     ",3.60,61.04,4.47
532,444747279,"00532M19:41:13.984","00532 19:54:23",206.54,865.81,,,,"     ",3.60,61.65,4.52
532,444747280,"00532M19:41:14.957","00532 19:54:24",206.53,865.81,,,,"     ",3.60,60.93,4.47
532,444747281,"00532M19:41:15.930","00532 19:54:25",206.51,865.87,,,,"     ",3.60,61.56,4.52
532,444747282,"00532M19:41:16.904","00532 19:54:26",206.47,865.90,,,,"     ",3.60,61.39,4.50
532,444747283,"00532M19:41:17.877","00532 19:54:27",206.44,865.91,,,,"     ",3.60,61.29,4.50
532,444747284,"00532M19:41:18.850","00532 19:54:28",206.42,865.96,,,,"     ",3.60,61.33,4.50
532,444747285,"00532M19:41:19.823","00532 19:54:29",206.40,865.90,,,,"     ",3.60,60.99,4.48
532,444747286,"00532M19:41:20.797","00532 19:54:30",206.38,865.84,,,,"     ",3.60,61.58,4.52
532,444747287,"00532M19:41:21.770","00532 19:54:30",206.36,865.95,,,,"     ",3.60,61.06,4.48
532,444747288,"00532M19:41:22.743","00532 19:54:31",206.35,865.98,,,,"     ",3.60,61.02,4.48
532,444747289,"00532M19:41:23.716","00532 19:54:32",206.35,865.85,,,,"     ",3.60,61.46,4.51
532,444747290,"00532M19:41:24.690","00532 19:54:33",206.34,865.88,,,,"     ",3.60,61.38,4.51
532,444747291,"00532M19:41:25.663","00532 19:54:34",206.32,865.77,,,,"     ",3.60,61.14,4.49
532,444747292,"00532M19:41:26.636","00532 19:54:35",206.28,865.80,,,,"     ",3.60,61.34,4.50
532,444747293,"00532M19:41:27.609","00532 19:54:36",206.22,865.91,,,,"     ",3.60,61.10,4.49
532,444747294,"00532M19:41:28.583","00532 19:54:37",206.13,865.96,,,,"     ",3.60,60.99,4.48
532,444747295,"00532M19:41:29.556","00532 19:54:38",206.02,866.04,,,,"     ",3.60,61.55,4.52
532,444747296,"00532M19:41:30.529","00532 19:54:39",205.92,866.06,,,,"     ",3.60,60.99,4.48
532,444747297,"00532M19:41:31.502","00532 19:54:40",205.83,865.95,,,,"     ",3.60,61.32,4.51
532,444747298,"00532M19:41:32.476","00532 19:54:41",205.76,865.95,,,,"     ",3.60,61.48,4.52
532,444747299,"00532M19:41:33.449","00532 19:54:42",205.72,865.99,,,,"     ",3.60,61.30,4.51
532,444747300,"00532M19:41:34.422","00532 19:54:43",205.70,865.90,,,,"     ",3.60,61.34,4.51
532,444747301,"00532M19:41:35.395","00532 19:54:44",205.68,865.98,,,,"     ",3.60,60.96,4.48
532,444747302,"00532M19:41:36.369","00532 19:54:45",205.69,865.99,,,,"     ",3.60,61.52,4.53
532,444747303,"00532M19:41:37.342","00532 19:54:46",205.71,865.96,,,,"     ",3.60,61.03,4.49
532,444747304,"00532M19:41:38.315","00532 19:54:47",205.77,865.92,,,,"     ",3.60,61.09,4.49
532,444747305,"00532M19:41:39.288","00532 19:54:48",205.84,865.91,,,,"     ",3.60,61.20,4.50
532,444747306,"00532M19:41:40.262","00532 19:54:49",205.94,866.01,,,,"     ",3.60,61.19,4.50
532,444747307,"00532M19:41:41.235","00532 19:54:50",206.04,865.99,,,,"     ",3.60,61.09,4.50
532,444747308,"00532M19:41:42.208","00532 19:54:51",206.15,865.99,,,,"     ",3.60,61.24,4.51
532,444747309,"00532M19:41:43.181","00532 19:54:52",206.24,865.97,,,,"     ",3.60,61.22,4.50
532,444747310,"00532M19:41:44.155","00532 19:54:53",206.31,865.93,,,,"     ",3.60,61.36,4.52
532,444747311,"00532M19:41:45.128","00532 19:54:54",206.34,865.98,,,,"     ",3.60,60.86,4.48
532,444747312,"00532M19:41:46.101","00532 19:54:55",206.34,865.94,,,,"     ",3.60,61.09,4.50
532,444747313,"00532M19:41:47.074","00532 19:54:56",206.32,865.92,,,,"     ",3.60,61.27,4.51
532,444747314,"00532M19:41:48.048","00532 19:54:57",206.30,865.92,,,,"     ",3.60,61.07,4.50
532,444747315,"00532M19:41:49.021","00532 19:54:58",206.28,865.94,,,,"     ",3.60,61.03,4.49
532,444747316,"00532M19:41:49.994","00532 19:54:59",206.27,865.95,,,,"     ",3.60,60.92,4.49
532,444747317,"00532M19:41:50.967","00532 19:55:00",206.26,865.93,,,,"     ",3.60,61.04,4.50
532,444747318,"00532M19:41:51.941","00532 19:55:01",206.24,865.89,,,,"     ",3.60,61.02,4.50
532,444747319,"00532M19:41:52.914","00532 19:55:02",206.22,865.98,,,,"     ",3.60,61.04,4.50
532,444747320,"00532M19:41:53.887","00532 19:55:03",206.19,865.99,,,,"     ",3.60,60.96,4.49
532,444747321,"00532M19:41:54.860","00532 19:55:04",206.15,865.98,,,,"     ",3.60,61.28,4.52
532,444747322,"00532M19:41:55.834","00532 19:55:05",206.11,866.03,,,,"     ",3.60,60.73,4.48
532,444747323,"00532M19:41:56.807","00532 19:55:06",206.09,866.01,,,,"     ",3.60,61.18,4.51
532,444747324,"00532M19:41:57.780","00532 19:55:07",206.09,865.98,,,,"     ",3.60,61.21,4.51
532,444747325,"00532M19:41:58.753","00532 19:55:07",206.09,865.99,,,,"     ",3.60,61.30,4.52
532,444747326,"00532M19:41:59.727","00532 19:55:08",206.10,866.07,,,,"     ",3.60,60.93,4.50
532,444747327,"00532M19:42:00.700","00532 19:55:09",206.12,866.02,,,,"     ",3.60,60.98,4.50
532,444747328,"00532M19:42:01.673","00532 19:55:10",206.13,865.99,,,,"     ",3.60,60.96,4.50
532,444747329,"00532M19:42:02.646","00532 19:55:11",206.16,866.00,,,,"     ",3.60,60.99,4.50
532,444747330,"00532M19:42:03.620","00532 19:55:12",206.19,866.06,,,,"     ",3.60,61.39,4.53
532,444747331,"00532M19:42:04.593","00532 19:55:13",206.23,865.98,,,,"     ",3.60,61.03,4.50
532,444747332,"00532M19:42:05.566","00532 19:55:14",206.27,865.96,,,,"     ",3.60,61.01,4.50
532,444747333,"00532M19:42:06.539","00532 19:55:15",206.28,866.05,,,,"     ",3.60,61.21,4.52
532,444747334,"00532M19:42:07.513","00532 19:55:16",206.27,866.01,,,,"     ",3.60,61.04,4.51
532,444747335,"00532M19:42:08.486","00532 19:55:17",206.24,866.00,,,,"     ",3.60,61.07,4.51
532,444747336,"00532M19:42:09.459","00532 19:55:18",206.19,866.04,,,,"     ",3.60,61.09,4.51
532,444747337,"00532M19:42:10.432","00532 19:55:19",206.12,865.96,,,,"     ",3.60,60.86,4.50
532,444747338,"00532M19:42:11.406","00532 19:55:20",206.04,866.02,,,,"     ",3.60,60.86,4.50
532,444747339,"00532M19:42:12.379","00532 19:55:21",205.96,865.99,,,,"     ",3.60,60.68,4.48
532,444747340,"00532M19:42:13.352","00532 19:55:22",205.90,865.99,,,,"     ",3.60,61.17,4.52
532,444747341,"00532M19:42:14.325","00532 19:55:23",205.86,866.05,,,,"     ",3.60,61.04,4.51
532,444747342,"00532M19:42:15.299","00532 19:55:24",205.85,866.01,,,,"     ",3.60,60.68,4.48
532,444747343,"00532M19:42:16.272","00532 19:55:25",205.86,865.97,,,,"     ",3.60,60.85,4.50
532,444747344,"00532M19:42:17.245","00532 19:55:26",205.89,865.97,,,,"     ",3.60,60.93,4.51
532,444747345,"00532M19:42:18.219","00532 19:55:27",205.94,866.03,,,,"     ",3.60,60.73,4.49
532,444747346,"00532M19:42:19.192","00532 19:55:28",205.99,866.00,,,,"     ",3.60,60.73,4.49
532,444747347,"00532M19:42:20.165","00532 19:55:29",206.05,866.03,,,,"     ",3.60,61.14,4.52
532,444747348,"00532M19:42:21.138","00532 19:55:30",206.09,865.99,,,,"     ",3.60,60.93,4.51
532,444747349,"00532M19:42:22.112","00532 19:55:31",206.12,865.97,,,,"     ",3.60,60.98,4.51
532,444747350,"00532M19:42:23.085","00532 19:55:32",206.11,865.99,,,,"     ",3.60,60.77,4.49
532,444747351,"00532M19:42:24.058","00532 19:55:33",206.08,866.00,,,,"     ",3.60,60.85,4.50
532,444747352,"00532M19:42:25.031","00532 19:55:34",206.03,865.95,,,,"     ",3.60,60.83,4.50
532,444747353,"00532M19:42:26.005","00532 19:55:35",205.97,865.96,,,,"     ",3.60,60.90,4.51
532,444747354,"00532M19:42:26.978","00532 19:55:36",205.93,866.01,,,,"     ",3.60,61.10,4.52
532,444747355,"00532M19:42:27.951","00532 19:55:37",205.90,866.07,,,,"     ",3.60,60.80,4.50
532,444747356,"00532M19:42:28.924","00532 19:55:38",205.90,865.98,,,,"     ",3.60,61.33,4.54
532,444747357,"00532M19:42:29.898","00532 19:55:39",205.94,866.00,,,,"     ",3.60,60.79,4.50
532,444747358,"00532M19:42:30.871","00532 19:55:40",205.99,866.00,,,,"     ",3.60,61.27,4.54
532,444747359,"00532M19:42:31.844","00532 19:55:41",206.05,866.00,,,,"     ",3.60,60.75,4.50
532,444747360,"00532M19:42:32.817","00532 19:55:42",206.11,866.02,,,,"     ",3.60,60.86,4.51
532,444747361,"00532M19:42:33.791","00532 19:55:43",206.19,866.00,,,,"     ",3.60,61.20,4.53
532,444747362,"00532M19:42:34.764","00532 19:55:43",206.28,866.02,,,,"     ",3.60,60.94,4.51
532,444747363,"00532M19:42:35.737","00532 19:55:44",206.35,866.04,,,,"     ",3.60,61.21,4.53
532,444747364,"00532M19:42:36.710","00532 19:55:45",206.40,866.09,,,,"     ",3.60,60.82,4.50
532,444747365,"00532M19:42:37.684","00532 19:55:46",206.43,866.07,,,,"     ",3.60,61.25,4.54
532,444747366,"00532M19:42:38.657","00532 19:55:47",206.44,866.02,,,,"     ",3.60,60.86,4.50
532,444747367,"00532M19:42:39.630","00532 19:55:48",206.43,866.01,,,,"     ",3.60,61.15,4.53
532,444747368,"00532M19:42:40.603","00532 19:55:49",206.40,865.94,,,,"     ",3.60,60.89,4.51
532,444747369,"00532M19:42:41.577","00532 19:55:50",206.35,866.01,,,,"     ",3.60,61.11,4.53
532,444747370,"00532M19:42:42.550","00532 19:55:51",206.32,865.93,,,,"     ",3.60,61.18,4.53
532,444747371,"00532M19:42:43.523","00532 19:55:52",206.30,865.98,,,,"     ",3.60,61.28,4.54
532,444747372,"00532M19:42:44.496","00532 19:55:53",206.32,865.98,,,,"     ",3.60,61.47,4.55
532,444747373,"00532M19:42:45.470","00532 19:55:54",206.36,865.97,,,,"     ",3.60,61.00,4.52
532,444747374,"00532M19:42:46.443","00532 19:55:55",206.43,866.02,,,,"     ",3.60,61.13,4.53
532,444747375,"00532M19:42:47.416","00532 19:55:56",206.51,865.97,,,,"     ",3.60,61.05,4.52
532,444747376,"00532M19:42:48.389","00532 19:55:57",206.60,865.98,,,,"     ",3.60,61.09,4.52
532,444747377,"00532M19:42:49.363","00532 19:55:58",206.67,866.05,,,,"     ",3.60,61.38,4.55
532,444747378,"00532M19:42:50.336","00532 19:55:59",206.72,866.08,,,,"     ",3.60,61.51,4.56
532,444747379,"00532M19:42:51.309","00532 19:56:00",206.76,866.09,,,,"     ",3.60,61.41,4.55
532,444747380,"00532M19:42:52.282","00532 19:56:01",206.77,866.01,,,,"     ",3.60,61.46,4.55
532,444747381,"00532M19:42:53.256","00532 19:56:02",206.77,866.05,,,,"     ",3.60,60.99,4.52
532,444747382,"00532M19:42:54.229","00532 19:56:03",206.78,865.99,,,,"     ",3.60,61.18,4.53
532,444747383,"00532M19:42:55.202","00532 19:56:04",206.78,866.10,,,,"     ",3.60,61.43,4.55
532,444747384,"00532M19:42:56.175","00532 19:56:05",206.78,866.10,,,,"     ",3.60,61.32,4.54
532,444747385,"00532M19:42:57.149","00532 19:56:06",206.78,866.01,,,,"     ",3.60,61.23,4.54
532,444747386,"00532M19:42:58.122","00532 19:56:07",206.79,866.10,,,,"     ",3.60,61.46,4.56
532,444747387,"00532M19:42:59.095","00532 19:56:08",206.81,866.10,,,,"     ",3.60,61.14,4.53
532,444747388,"00532M19:43:00.068","00532 19:56:09",206.83,866.07,,,,"     ",3.60,61.26,4.54
532,444747389,"00532M19:43:01.042","00532 19:56:10",206.84,866.05,,,,"     ",3.60,61.34,4.55
532,444747390,"00532M19:43:02.015","00532 19:56:11",206.85,866.09,,,,"     ",3.60,60.95,4.52
532,444747391,"00532M19:43:02.988","00532 19:56:12",206.85,866.02,,,,"     ",3.60,61.23,4.54
532,444747392,"00532M19:43:03.961","00532 19:56:13",206.85,866.02,,,,"     ",3.60,61.50,4.56
532,444747393,"00532M19:43:04.935","00532 19:56:14",206.86,866.02,,,,"     ",3.60,61.49,4.56
532,444747394,"00532M19:43:05.908","00532 19:56:15",206.88,865.96,,,,"     ",3.60,61.41,4.55
532,444747395,"00532M19:43:06.881","00532 19:56:16",206.88,866.05,,,,"     ",3.60,61.01,4.52
532,444747396,"00532M19:43:07.854","00532 19:56:17",206.88,865.98,,,,"     ",3.60,61.20,4.54
532,444747397,"00532M19:43:08.828","00532 19:56:18",206.86,866.05,,,,"     ",3.60,61.62,4.57
532,444747398,"00532M19:43:09.801","00532 19:56:19",206.84,865.99,,,,"     ",3.60,61.44,4.56
532,444747399,"00532M19:43:10.774","00532 19:56:20",206.82,866.00,,,,"     ",3.60,61.27,4.54
532,444747400,"00532M19:43:11.747","00532 19:56:20",206.81,865.98,,,,"     ",3.60,61.31,4.55
532,444747401,"00532M19:43:12.721","00532 19:56:21",206.79,866.14,,,,"     ",3.60,61.27,4.54
532,444747402,"00532M19:43:13.694","00532 19:56:22",206.77,866.06,,,,"     ",3.60,61.37,4.55
532,444747403,"00532M19:43:14.667","00532 19:56:23",206.75,866.10,,,,"     ",3.60,61.05,4.53
532,444747404,"00532M19:43:15.640","00532 19:56:24",206.75,866.11,,,,"     ",3.60,61.43,4.56
532,444747405,"00532M19:43:16.614","00532 19:56:25",206.76,866.06,,,,"     ",3.60,61.56,4.57
532,444747406,"00532M19:43:17.587","00532 19:56:26",206.79,866.05,,,,"     ",3.60,61.39,4.55
532,444747407,"00532M19:43:18.560","00532 19:56:27",206.82,866.06,,,,"     ",3.60,61.13,4.53
532,444747408,"00532M19:43:19.533","00532 19:56:28",206.84,866.07,,,,"     ",3.60,61.28,4.55
532,444747409,"00532M19:43:20.507","00532 19:56:29",206.83,866.10,,,,"     ",3.60,60.80,4.51
532,444747410,"00532M19:43:21.480","00532 19:56:30",206.80,866.09,,,,"     ",3.60,61.34,4.55
532,444747411,"00532M19:43:22.453","00532 19:56:31",206.73,866.07,,,,"     ",3.60,61.31,4.55
532,444747412,"00532M19:43:23.426","00532 19:56:32",206.66,866.14,,,,"     ",3.60,61.31,4.55
532,444747413,"00532M19:43:24.400","00532 19:56:33",206.58,866.03,,,,"     ",3.60,61.95,4.60
532,444747414,"00532M19:43:25.373","00532 19:56:34",206.52,866.08,,,,"     ",3.60,61.12,4.53
532,444747415,"00532M19:43:26.346","00532 19:56:35",206.47,866.10,,,,"     ",3.60,61.27,4.55
532,444747416,"00532M19:43:27.319","00532 19:56:36",206.43,866.13,,,,"     ",3.60,61.64,4.58
532,444747417,"00532M19:43:28.293","00532 19:56:37",206.41,866.01,,,,"     ",3.60,61.38,4.56
532,444747418,"00532M19:43:29.266","00532 19:56:38",206.41,866.07,,,,"     ",3.60,61.55,4.57
532,444747419,"00532M19:43:30.239","00532 19:56:39",206.43,866.01,,,,"     ",3.60,61.35,4.55
532,444747420,"00532M19:43:31.213","00532 19:56:40",206.46,866.07,,,,"     ",3.60,61.25,4.55
532,444747421,"00532M19:43:32.186","00532 19:56:41",206.51,866.07,,,,"     ",3.60,61.55,4.57
532,444747422,"00532M19:43:33.159","00532 19:56:42",206.58,866.08,,,,"     ",3.60,61.32,4.55
532,444747423,"00532M19:43:34.132","00532 19:56:43",206.68,866.07,,,,"     ",3.60,61.28,4.55
532,444747424,"00532M19:43:35.106","00532 19:56:44",206.79,866.08,,,,"     ",3.60,61.66,4.58
532,444747425,"00532M19:43:36.079","00532 19:56:45",206.91,866.06,,,,"     ",3.60,61.71,4.58
532,444747426,"00532M19:43:37.052","00532 19:56:46",207.02,866.04,,,,"     ",3.60,61.49,4.57
532,444747427,"00532M19:43:38.025","00532 19:56:47",207.09,866.02,,,,"     ",3.60,61.44,4.56
532,444747428,"00532M19:43:38.999","00532 19:56:48",207.12,865.99,,,,"     ",3.60,61.76,4.59
532,444747429,"00532M19:43:39.972","00532 19:56:49",207.12,866.03,,,,"     ",3.60,61.76,4.59
532,444747430,"00532M19:43:40.945","00532 19:56:50",207.09,866.05,,,,"     ",3.60,61.70,4.59
532,444747431,"00532M19:43:41.918","00532 19:56:51",207.06,866.06,,,,"     ",3.60,61.48,4.57
532,444747432,"00532M19:43:42.892","00532 19:56:52",207.01,866.14,,,,"     ",3.60,61.57,4.58
532,444747433,"00532M19:43:43.865","00532 19:56:53",206.97,866.09,,,,"     ",3.60,61.79,4.59
532,444747434,"00532M19:43:44.838","00532 19:56:54",206.93,866.10,,,,"     ",3.60,61.72,4.59
532,444747435,"00532M19:43:45.811","00532 19:56:55",206.89,866.13,,,,"     ",3.60,61.70,4.59
532,444747436,"00532M19:43:46.785","00532 19:56:56",206.87,866.07,,,,"     ",3.60,61.82,4.60
532,444747437,"00532M19:43:47.758","00532 19:56:56",206.83,866.07,,,,"     ",3.60,61.43,4.57
532,444747438,"00532M19:43:48.731","00532 19:56:57",206.78,866.17,,,,"     ",3.60,61.92,4.61
532,444747439,"00532M19:43:49.704","00532 19:56:58",206.72,866.09,,,,"     ",3.60,61.76,4.59
532,444747440,"00532M19:43:50.678","00532 19:56:59",206.67,866.14,,,,"     ",3.60,61.48,4.57
532,444747441,"00532M19:43:51.651","00532 19:57:00",206.62,866.10,,,,"     ",3.60,61.75,4.59
532,444747442,"00532M19:43:52.624","00532 19:57:01",206.59,866.12,,,,"     ",3.60,62.02,4.62
532,444747443,"00532M19:43:53.597","00532 19:57:02",206.56,866.14,,,,"     ",3.60,62.03,4.62
532,444747444,"00532M19:43:54.571","00532 19:57:03",206.54,866.07,,,,"     ",3.60,61.71,4.59
532,444747445,"00532M19:43:55.544","00532 19:57:04",206.52,866.08,,,,"     ",3.60,61.61,4.59
532,444747446,"00532M19:43:56.517","00532 19:57:05",206.51,866.18,,,,"     ",3.60,61.83,4.60
532,444747447,"00532M19:43:57.490","00532 19:57:06",206.50,866.12,,,,"     ",3.60,62.25,4.64
532,444747448,"00532M19:43:58.464","00532 19:57:07",206.49,866.13,,,,"     ",3.60,61.87,4.61
532,444747449,"00532M19:43:59.437","00532 19:57:08",206.49,866.10,,,,"     ",3.60,61.89,4.61
532,444747450,"00532M19:44:00.410","00532 19:57:09",206.51,866.12,,,,"     ",3.60,61.87,4.61
532,444747451,"00532M19:44:01.383","00532 19:57:10",206.53,866.07,,,,"     ",3.60,62.16,4.63
532,444747452,"00532M19:44:02.357","00532 19:57:11",206.58,866.11,,,,"     ",3.60,61.64,4.59
532,444747453,"00532M19:44:03.330","00532 19:57:12",206.63,866.15,,,,"     ",3.60,62.04,4.62
532,444747454,"00532M19:44:04.303","00532 19:57:13",206.68,866.13,,,,"     ",3.60,61.62,4.59
532,444747455,"00532M19:44:05.276","00532 19:57:14",206.71,866.17,,,,"     ",3.60,62.19,4.63
532,444747456,"00532M19:44:06.250","00532 19:57:15",206.73,866.14,,,,"     ",3.60,61.84,4.61
532,444747457,"00532M19:44:07.223","00532 19:57:16",206.73,866.11,,,,"     ",3.60,61.98,4.62
532,444747458,"00532M19:44:08.196","00532 19:57:17",206.72,866.17,,,,"     ",3.60,61.90,4.61
532,444747459,"00532M19:44:09.169","00532 19:57:18",206.72,866.12,,,,"     ",3.60,61.67,4.60
532,444747460,"00532M19:44:10.143","00532 19:57:19",206.73,866.20,,,,"     ",3.60,61.88,4.61
532,444747461,"00532M19:44:11.116","00532 19:57:20",206.75,866.20,,,,"     ",3.60,61.81,4.61
532,444747462,"00532M19:44:12.089","00532 19:57:21",206.77,866.20,,,,"     ",3.60,61.88,4.62
532,444747463,"00532M19:44:13.062","00532 19:57:22",206.78,866.14,,,,"     ",3.60,61.87,4.61
532,444747464,"00532M19:44:14.036","00532 19:57:23",206.79,866.14,,,,"     ",3.60,61.90,4.62
532,444747465,"00532M19:44:15.009","00532 19:57:24",206.80,866.16,,,,"     ",3.60,61.86,4.61
532,444747466,"00532M19:44:15.982","00532 19:57:25",206.81,866.17,,,,"     ",3.60,61.97,4.62
532,444747467,"00532M19:44:16.955","00532 19:57:26",206.83,866.16,,,,"     ",3.60,61.93,4.62
532,444747468,"00532M19:44:17.929","00532 19:57:27",206.87,866.18,,,,"     ",3.60,61.82,4.61
532,444747469,"00532M19:44:18.902","00532 19:57:28",206.93,866.17,,,,"     ",3.60,61.77,4.61
532,444747470,"00532M19:44:19.875","00532 19:57:29",206.99,866.20,,,,"     ",3.60,61.74,4.61
532,444747471,"00532M19:44:20.848","00532 19:57:30",207.05,866.22,,,,"     ",3.60,62.03,4.63
532,444747472,"00532M19:44:21.822","00532 19:57:31",207.11,866.15,,,,"     ",3.60,61.88,4.62
532,444747473,"00532M19:44:22.795","00532 19:57:32",207.16,866.17,,,,"     ",3.60,62.00,4.63
532,444747474,"00532M19:44:23.768","00532 19:57:33",207.19,866.13,,,,"     ",3.60,61.85,4.62
532,444747475,"00532M19:44:24.741","00532 19:57:33",207.22,866.10,,,,"     ",3.60,62.03,4.63
532,444747476,"00532M19:44:25.715","00532 19:57:34",207.25,866.12,,,,"     ",3.60,62.26,4.65
532,444747477,"00532M19:44:26.688","00532 19:57:35",207.30,866.17,,,,"     ",3.60,62.52,4.67
532,444747478,"00532M19:44:27.661","00532 19:57:36",207.36,866.13,,,,"     ",3.60,62.42,4.66
532,444747479,"00532M19:44:28.634","00532 19:57:37",207.43,866.19,,,,"     ",3.60,61.96,4.63
532,444747480,"00532M19:44:29.608","00532 19:57:38",207.49,866.29,,,,"     ",3.60,62.17,4.65
532,444747481,"00532M19:44:30.581","00532 19:57:39",207.53,866.21,,,,"     ",3.60,62.08,4.64
532,444747482,"00532M19:44:31.554","00532 19:57:40",207.57,866.27,,,,"     ",3.60,62.28,4.65
532,444747483,"00532M19:44:32.527","00532 19:57:41",207.59,866.24,,,,"     ",3.60,62.23,4.65
532,444747484,"00532M19:44:33.501","00532 19:57:42",207.62,866.29,,,,"     ",3.60,62.26,4.65
532,444747485,"00532M19:44:34.474","00532 19:57:43",207.64,866.22,,,,"     ",3.60,62.26,4.65
532,444747486,"00532M19:44:35.447","00532 19:57:44",207.67,866.22,,,,"     ",3.60,62.42,4.66
532,444747487,"00532M19:44:36.420","00532 19:57:45",207.70,866.16,,,,"     ",3.60,62.08,4.64
532,444747488,"00532M19:44:37.394","00532 19:57:46",207.74,866.15,,,,"     ",3.60,62.36,4.66
532,444747489,"00532M19:44:38.367","00532 19:57:47",207.78,866.13,,,,"     ",3.60,61.89,4.62
532,444747490,"00532M19:44:39.340","00532 19:57:48",207.83,866.14,,,,"     ",3.60,62.01,4.63
532,444747491,"00532M19:44:40.314","00532 19:57:49",207.88,866.17,,,,"     ",3.60,62.43,4.66
532,444747492,"00532M19:44:41.287","00532 19:57:50",207.92,866.14,,,,"     ",3.60,61.86,4.62
532,444747493,"00532M19:44:42.260","00532 19:57:51",207.96,866.16,,,,"     ",3.60,62.25,4.65
532,444747494,"00532M19:44:43.233","00532 19:57:52",208.00,866.21,,,,"     ",3.60,62.47,4.67
532,444747495,"00532M19:44:44.207","00532 19:57:53",208.06,866.20,,,,"     ",3.60,62.13,4.64
532,444747496,"00532M19:44:45.180","00532 19:57:54",208.13,866.16,,,,"     ",3.60,62.41,4.66
532,444747497,"00532M19:44:46.153","00532 19:57:55",208.20,866.22,,,,"     ",3.60,62.06,4.63
532,444747498,"00532M19:44:47.126","00532 19:57:56",208.27,866.22,,,,"     ",3.60,61.97,4.62
532,444747499,"00532M19:44:48.100","00532 19:57:57",208.33,866.27,,,,"     ",3.60,62.16,4.64
532,444747500,"00532M19:44:49.073","00532 19:57:58",208.37,866.22,,,,"     ",3.60,62.18,4.64
532,444747501,"00532M19:44:50.046","00532 19:57:59",208.41,866.22,,,,"     ",3.60,62.46,4.66
532,444747502,"00532M19:44:51.019","00532 19:58:00",208.44,866.26,,,,"     ",3.60,62.40,4.66
532,444747503,"00532M19:44:51.993","00532 19:58:01",208.49,866.22,,,,"     ",3.60,62.26,4.65
532,444747504,"00532M19:44:52.966","00532 19:58:02",208.56,866.21,,,,"     ",3.60,62.26,4.64
532,444747505,"00532M19:44:53.939","00532 19:58:03",208.63,866.25,,,,"     ",3.60,62.08,4.63
532,444747506,"00532M19:44:54.912","00532 19:58:04",208.71,866.16,,,,"     ",3.60,62.30,4.65
532,444747507,"00532M19:44:55.886","00532 19:58:05",208.80,866.21,,,,"     ",3.60,62.21,4.64
532,444747508,"00532M19:44:56.859","00532 19:58:06",208.89,866.24,,,,"     ",3.60,62.33,4.65
532,444747509,"00532M19:44:57.832","00532 19:58:07",208.97,866.23,,,,"     ",3.60,62.41,4.65
532,444747510,"00532M19:44:58.805","00532 19:58:08",209.03,866.30,,,,"     ",3.60,62.31,4.64
532,444747511,"00532M19:44:59.779","00532 19:58:09",209.07,866.20,,,,"     ",3.60,62.25,4.64
532,444747512,"00532M19:45:00.752","00532 19:58:09",209.11,866.19,,,,"     ",3.60,62.44,4.65
532,444747513,"00532M19:45:01.725","00532 19:58:10",209.14,866.27,,,,"     ",3.60,62.24,4.64
532,444747514,"00532M19:45:02.698","00532 19:58:11",209.17,866.20,,,,"     ",3.60,62.67,4.67
532,444747515,"00532M19:45:03.672","00532 19:58:12",209.19,866.15,,,,"     ",3.60,62.55,4.66
532,444747516,"00532M19:45:04.645","00532 19:58:13",209.22,866.18,,,,"     ",3.60,62.62,4.66
532,444747517,"00532M19:45:05.618","00532 19:58:14",209.23,866.15,,,,"     ",3.60,62.23,4.63
532,444747518,"00532M19:45:06.591","00532 19:58:15",209.23,866.23,,,,"     ",3.60,62.66,4.66
532,444747519,"00532M19:45:07.565","00532 19:58:16",209.23,866.21,,,,"     ",3.60,62.21,4.63
532,444747520,"00532M19:45:08.538","00532 19:58:17",209.22,866.26,,,,"     ",3.60,62.39,4.64
532,444747521,"00532M19:45:09.511","00532 19:58:18",209.22,866.24,,,,"     ",3.60,62.59,4.65
532,444747522,"00532M19:45:10.484","00532 19:58:19",209.23,866.16,,,,"     ",3.60,62.59,4.65
532,444747523,"00532M19:45:11.458","00532 19:58:20",209.25,866.25,,,,"     ",3.60,62.49,4.64
532,444747524,"00532M19:45:12.431","00532 19:58:21",209.28,866.25,,,,"     ",3.60,62.87,4.67
532,444747525,"00532M19:45:13.404","00532 19:58:22",209.30,866.22,,,,"     ",3.60,62.76,4.66
532,444747526,"00532M19:45:14.377","00532 19:58:23",209.31,866.14,,,,"     ",3.60,62.72,4.66
532,444747527,"00532M19:45:15.351","00532 19:58:24",209.32,866.17,,,,"     ",3.60,62.29,4.62
532,444747528,"00532M19:45:16.324","00532 19:58:25",209.34,866.17,,,,"     ",3.60,62.81,4.66
532,444747529,"00532M19:45:17.297","00532 19:58:26",209.36,866.19,,,,"     ",3.60,62.62,4.65
532,444747530,"00532M19:45:18.270","00532 19:58:27",209.39,866.13,,,,"     ",3.60,62.44,4.63
532,444747531,"00532M19:45:19.244","00532 19:58:28",209.42,866.18,,,,"     ",3.60,62.60,4.64
532,444747532,"00532M19:45:20.217","00532 19:58:29",209.43,866.22,,,,"     ",3.60,62.86,4.66
532,444747533,"00532M19:45:21.190","00532 19:58:30",209.42,866.19,,,,"     ",3.60,62.45,4.63
532,444747534,"00532M19:45:22.163","00532 19:58:31",209.40,866.21,,,,"     ",3.60,62.94,4.67
532,444747535,"00532M19:45:23.137","00532 19:58:32",209.36,866.23,,,,"     ",3.60,62.80,4.66
532,444747536,"00532M19:45:24.110","00532 19:58:33",209.32,866.16,,,,"     ",3.60,62.82,4.66
532,444747537,"00532M19:45:25.083","00532 19:58:34",209.29,866.19,,,,"     ",3.60,62.49,4.63
532,444747538,"00532M19:45:26.056","00532 19:58:35",209.27,866.27,,,,"     ",3.60,62.53,4.63
532,444747539,"00532M19:45:27.030","00532 19:58:36",209.26,866.18,,,,"     ",3.60,62.62,4.64
532,444747540,"00532M19:45:28.003","00532 19:58:37",209.27,866.30,,,,"     ",3.60,62.80,4.65
532,444747541,"00532M19:45:28.976","00532 19:58:38",209.33,866.16,,,,"     ",3.60,62.70,4.64
532,444747542,"00532M19:45:29.949","00532 19:58:39",209.39,866.17,,,,"     ",3.60,62.54,4.63
532,444747543,"00532M19:45:30.923","00532 19:58:40",209.43,866.13,,,,"     ",3.60,62.82,4.65
532,444747544,"00532M19:45:31.896","00532 19:58:41",209.46,866.20,,,,"     ",3.60,62.52,4.63
532,444747545,"00532M19:45:32.869","00532 19:58:42",209.49,866.13,,,,"     ",3.60,62.83,4.65
532,444747546,"00532M19:45:33.842","00532 19:58:43",209.48,866.13,,,,"     ",3.60,62.40,4.62
532,444747547,"00532M19:45:34.816","00532 19:58:44",209.45,866.20,,,,"     ",3.60,62.51,4.63
532,444747548,"00532M19:45:35.789","00532 19:58:45",209.43,866.26,,,,"     ",3.60,62.78,4.65
532,444747549,"00532M19:45:36.762","00532 19:58:46",209.40,866.26,,,,"     ",3.60,63.04,4.67
532,444747550,"00532M19:45:37.735","00532 19:58:46",209.38,866.25,,,,"     ",3.60,62.33,4.61
532,444747551,"00532M19:45:38.709","00532 19:58:47",209.36,866.28,,,,"     ",3.60,62.53,4.63
532,444747552,"00532M19:45:39.682","00532 19:58:48",209.33,866.19,,,,"     ",3.60,62.85,4.65
532,444747553,"00532M19:45:40.655","00532 19:58:49",209.31,866.19,,,,"     ",3.60,62.61,4.63
532,444747554,"00532M19:45:41.628","00532 19:58:50",209.28,866.11,,,,"     ",3.60,62.42,4.62
532,444747555,"00532M19:45:42.602","00532 19:58:51",208.96,866.14,6.72,,230.35,"  101110",3.60,62.80,4.65
532,444747556,"00532M19:45:43.575","00532 19:58:52",208.96,866.17,,,,"     ",3.60,62.60,4.63
532,444747557,"00532M19:45:44.548","00532 19:58:53",208.96,866.07,,,,"     ",3.60,63.10,4.67
532,444747558,"00532M19:45:45.521","00532 19:58:54",208.95,866.18,,,,"     ",3.60,62.55,4.63
532,444747559,"00532M19:45:46.495","00532 19:58:55",208.95,866.25,,,,"     ",3.60,62.53,4.63
532,444747560,"00532M19:45:47.468","00532 19:58:56",208.96,866.25,,,,"     ",3.60,62.82,4.65
532,444747561,"00532M19:45:48.441","00532 19:58:57",208.96,866.28,,,,"     ",3.60,62.25,4.61
532,444747562,"00532M19:45:49.415","00532 19:58:58",208.96,866.23,,,,"     ",3.60,62.40,4.62
532,444747563,"00532M19:45:50.388","00532 19:58:59",208.96,866.25,,,,"     ",3.60,62.64,4.64
532,444747564,"00532M19:45:51.361","00532 19:59:00",208.97,866.22,,,,"     ",3.60,62.49,4.63
532,444747565,"00532M19:45:52.334","00532 19:59:01",208.97,866.29,,,,"     ",3.60,62.74,4.65
532,444747566,"00532M19:45:53.308","00532 19:59:02",208.98,866.33,,,,"     ",3.60,62.83,4.65
532,444747567,"00532M19:45:54.281","00532 19:59:03",208.98,866.28,,,,"     ",3.60,62.48,4.62
532,444747568,"00532M19:45:55.254","00532 19:59:04",208.99,866.32,,,,"     ",3.60,62.72,4.64
532,444747569,"00532M19:45:56.227","00532 19:59:05",209.00,866.28,,,,"     ",3.60,62.85,4.65
532,444747570,"00532M19:45:57.201","00532 19:59:06",208.99,866.34,,,,"     ",3.60,62.38,4.62
532,444747571,"00532M19:45:58.174","00532 19:59:07",208.99,866.34,,,,"     ",3.60,62.46,4.62
532,444747572,"00532M19:45:59.147","00532 19:59:08",209.00,866.36,,,,"     ",3.60,62.70,4.64
532,444747573,"00532M19:46:00.120","00532 19:59:09",209.02,866.34,,,,"     ",3.60,62.81,4.65
532,444747574,"00532M19:46:01.094","00532 19:59:10",209.06,866.30,,,,"     ",3.60,63.00,4.67
532,444747575,"00532M19:46:02.067","00532 19:59:11",209.10,866.28,,,,"     ",3.60,62.79,4.65
532,444747576,"00532M19:46:03.040","00532 19:59:12",209.14,866.27,,,,"     ",3.60,62.47,4.62
532,444747577,"00532M19:46:04.013","00532 19:59:13",209.18,866.30,,,,"     ",3.60,62.57,4.63
532,444747578,"00532M19:46:04.987","00532 19:59:14",209.21,866.32,,,,"     ",3.60,62.71,4.64
532,444747579,"00532M19:46:05.960","00532 19:59:15",209.24,866.29,,,,"     ",3.60,62.72,4.64
532,444747580,"00532M19:46:06.933","00532 19:59:16",209.26,866.23,,,,"     ",3.60,62.82,4.65
532,444747581,"00532M19:46:07.906","00532 19:59:17",209.22,866.20,,,,"     ",3.60,62.35,4.62
532,444747582,"00532M19:46:08.880","00532 19:59:18",209.15,866.24,,,,"     ",3.60,62.52,4.63
532,444747583,"00532M19:46:09.853","00532 19:59:19",209.10,866.25,,,,"     ",3.60,62.84,4.66
532,444747584,"00532M19:46:10.826","00532 19:59:20",209.07,866.25,,,,"     ",3.60,62.77,4.65
532,444747585,"00532M19:46:11.799","00532 19:59:21",209.07,866.20,,,,"     ",3.60,62.67,4.64
532,444747586,"00532M19:46:12.773","00532 19:59:22",209.09,866.32,,,,"     ",3.60,62.48,4.63
532,444747587,"00532M19:46:13.746","00532 19:59:22",209.03,866.27,,,,"     ",3.60,62.25,4.61
532,444747588,"00532M19:46:14.719","00532 19:59:23",208.98,866.26,,,,"     ",3.60,62.60,4.64
532,444747589,"00532M19:46:15.692","00532 19:59:24",208.95,866.34,,,,"     ",3.60,62.24,4.61
532,444747590,"00532M19:46:16.666","00532 19:59:25",208.94,866.24,,,,"     ",3.60,62.70,4.65
532,444747591,"00532M19:46:17.639","00532 19:59:26",208.93,866.32,,,,"     ",3.60,62.66,4.64
532,444747592,"00532M19:46:18.612","00532 19:59:27",208.93,866.28,,,,"     ",3.60,62.69,4.65
532,444747593,"00532M19:46:19.585","00532 19:59:28",208.92,866.42,,,,"     ",3.60,62.79,4.66
532,444747594,"00532M19:46:20.559","00532 19:59:29",208.89,866.32,,,,"     ",3.60,62.60,4.64
532,444747595,"00532M19:46:21.532","00532 19:59:30",208.87,866.24,,,,"     ",3.60,62.61,4.64
532,444747596,"00532M19:46:22.505","00532 19:59:31",208.83,866.29,,,,"     ",3.60,62.68,4.65
532,444747597,"00532M19:46:23.478","00532 19:59:32",208.80,866.21,,,,"     ",3.60,62.26,4.62
532,444747598,"00532M19:46:24.452","00532 19:59:33",208.75,866.21,,,,"     ",3.60,62.22,4.61
532,444747599,"00532M19:46:25.425","00532 19:59:34",208.70,866.24,,,,"     ",3.60,62.74,4.66
532,444747600,"00532M19:46:26.398","00532 19:59:35",208.65,866.26,,,,"     ",3.60,62.32,4.62
532,444747601,"00532M19:46:27.371","00532 19:59:36",208.62,866.32,,,,"     ",3.60,62.72,4.65
532,444747602,"00532M19:46:28.345","00532 19:59:37",208.62,866.28,,,,"     ",3.60,62.69,4.65
532,444747603,"00532M19:46:29.318","00532 19:59:38",208.64,866.27,,,,"     ",3.60,62.42,4.63
532,444747604,"00532M19:46:30.291","00532 19:59:39",208.69,866.27,,,,"     ",3.60,62.30,4.62
532,444747605,"00532M19:46:31.264","00532 19:59:40",208.73,866.32,,,,"     ",3.60,62.34,4.63
532,444747606,"00532M19:46:32.238","00532 19:59:41",208.77,866.25,,,,"     ",3.60,62.64,4.65
532,444747607,"00532M19:46:33.211","00532 19:59:42",208.79,866.27,,,,"     ",3.60,62.49,4.64
532,444747608,"00532M19:46:34.184","00532 19:59:43",208.78,866.28,,,,"     ",3.60,62.47,4.64
532,444747609,"00532M19:46:35.157","00532 19:59:44",208.75,866.39,,,,"     ",3.60,62.57,4.65
532,444747610,"00532M19:46:36.131","00532 19:59:45",208.71,866.40,,,,"     ",3.60,62.41,4.64
532,444747611,"00532M19:46:37.104","00532 19:59:46",208.66,866.26,,,,"     ",3.60,62.50,4.64
532,444747612,"00532M19:46:38.077","00532 19:59:47",208.62,866.33,,,,"     ",3.60,62.66,4.65
532,444747613,"00532M19:46:39.050","00532 19:59:48",208.58,866.30,,,,"     ",3.60,63.00,4.68
532,444747614,"00532M19:46:40.024","00532 19:59:49",208.54,866.38,,,,"     ",3.60,62.46,4.64
532,444747615,"00532M19:46:40.997","00532 19:59:50",208.52,866.34,,,,"     ",3.60,62.43,4.64
532,444747616,"00532M19:46:41.970","00532 19:59:51",208.49,866.32,,,,"     ",3.60,62.67,4.66
532,444747617,"00532M19:46:42.943","00532 19:59:52",208.48,866.36,,,,"     ",3.60,62.56,4.65
532,444747618,"00532M19:46:43.917","00532 19:59:53",208.48,866.35,,,,"     ",3.60,62.34,4.63
532,444747619,"00532M19:46:44.890","00532 19:59:54",208.48,866.34,,,,"     ",3.60,62.42,4.64
532,444747620,"00532M19:46:45.863","00532 19:59:55",208.50,866.40,,,,"     ",3.60,62.41,4.64
532,444747621,"00532M19:46:46.836","00532 19:59:56",208.53,866.40,,,,"     ",3.60,62.69,4.66
532,444747622,"00532M19:46:47.810","00532 19:59:57",208.57,866.32,,,,"     ",3.60,62.65,4.66
532,444747623,"00532M19:46:48.783","00532 19:59:58",208.61,866.40,,,,"     ",3.60,62.64,4.66
532,444747624,"00532M19:46:49.756","00532 19:59:59",208.63,866.35,,,,"     ",3.60,62.67,4.66
532,444747625,"00532M19:46:50.729","00532 19:59:59",208.64,866.37,,,,"     ",3.60,62.79,4.67
532,444747626,"00532M19:46:51.703","00532 20:00:00",208.64,866.32,,,,"     ",3.60,62.51,4.65
532,444747627,"00532M19:46:52.676","00532 20:00:01",208.64,866.22,,,,"     ",3.60,61.92,4.61
532,444747628,"00532M19:46:53.649","00532 20:00:02",208.63,866.27,,,,"     ",3.60,62.73,4.67
532,444747629,"00532M19:46:54.622","00532 20:00:03",208.61,866.12,,,,"     ",3.60,62.70,4.67
532,444747630,"00532M19:46:55.596","00532 20:00:04",208.59,866.24,,,,"     ",3.60,62.36,4.64
532,444747631,"00532M19:46:56.569","00532 20:00:05",208.56,866.20,,,,"     ",3.60,62.37,4.64
532,444747632,"00532M19:46:57.542","00532 20:00:06",208.53,866.21,,,,"     ",3.60,62.97,4.69
532,444747633,"00532M19:46:58.516","00532 20:00:07",208.50,866.37,,,,"     ",3.60,62.59,4.66
532,444747634,"00532M19:46:59.489","00532 20:00:08",208.47,866.34,,,,"     ",3.60,62.24,4.64
532,444747635,"00532M19:47:00.462","00532 20:00:09",208.44,866.33,,,,"     ",3.60,62.52,4.66
532,444747636,"00532M19:47:01.435","00532 20:00:10",208.41,866.19,,,,"     ",3.60,62.66,4.67
532,444747637,"00532M19:47:02.409","00532 20:00:11",208.37,866.23,,,,"     ",3.60,62.75,4.68
532,444747638,"00532M19:47:03.382","00532 20:00:12",208.31,866.35,,,,"     ",3.60,62.25,4.64
532,444747639,"00532M19:47:04.355","00532 20:00:13",208.24,866.28,,,,"     ",3.60,62.73,4.68
532,444747640,"00532M19:47:05.328","00532 20:00:14",208.17,866.24,,,,"     ",3.60,62.50,4.66
532,444747641,"00532M19:47:06.302","00532 20:00:15",208.09,866.27,,,,"     ",3.60,62.63,4.67
532,444747642,"00532M19:47:07.275","00532 20:00:16",208.03,866.22,,,,"     ",3.60,62.72,4.68
532,444747643,"00532M19:47:08.248","00532 20:00:17",208.00,866.26,,,,"     ",3.60,62.65,4.67
532,444747644,"00532M19:47:09.221","00532 20:00:18",208.01,866.33,,,,"     ",3.60,62.72,4.68
532,444747645,"00532M19:47:10.195","00532 20:00:19",208.05,866.29,,,,"     ",3.60,62.53,4.67
532,444747646,"00532M19:47:11.168","00532 20:00:20",208.11,866.26,,,,"     ",3.60,62.35,4.65
532,444747647,"00532M19:47:12.141","00532 20:00:21",208.17,866.32,,,,"     ",3.60,62.65,4.68
532,444747648,"00532M19:47:13.114","00532 20:00:22",208.23,866.26,,,,"     ",3.60,62.52,4.67
532,444747649,"00532M19:47:14.088","00532 20:00:23",208.29,866.38,,,,"     ",3.60,62.42,4.66
532,444747650,"00532M19:47:15.061","00532 20:00:24",208.34,866.35,,,,"     ",3.60,62.57,4.68
532,444747651,"00532M19:47:16.034","00532 20:00:25",208.39,866.36,,,,"     ",3.60,62.30,4.65
532,444747652,"00532M19:47:17.007","00532 20:00:26",208.45,866.39,,,,"     ",3.60,62.64,4.68
532,444747653,"00532M19:47:17.981","00532 20:00:27",208.52,866.38,,,,"     ",3.60,62.15,4.64
532,444747654,"00532M19:47:18.954","00532 20:00:28",208.58,866.28,,,,"     ",3.60,62.27,4.65
532,444747655,"00532M19:47:19.927","00532 20:00:29",208.62,866.31,,,,"     ",3.60,62.64,4.68
532,444747656,"00532M19:47:20.900","00532 20:00:30",208.64,866.28,,,,"     ",3.60,62.57,4.68
532,444747657,"00532M19:47:21.874","00532 20:00:31",208.62,866.37,,,,"     ",3.60,62.51,4.67
532,444747658,"00532M19:47:22.847","00532 20:00:32",208.59,866.36,,,,"     ",3.60,62.62,4.69
532,444747659,"00532M19:47:23.820","00532 20:00:33",208.55,866.40,,,,"     ",3.60,62.37,4.67
532,444747660,"00532M19:47:24.793","00532 20:00:34",208.50,866.31,,,,"     ",3.60,62.68,4.69
532,444747661,"00532M19:47:25.767","00532 20:00:35",208.47,866.36,,,,"     ",3.60,62.18,4.65
532,444747662,"00532M19:47:26.740","00532 20:00:36",208.44,866.34,,,,"     ",3.60,62.63,4.69
532,444747663,"00532M19:47:27.713","00532 20:00:36",208.41,866.34,,,,"     ",3.60,62.54,4.68
532,444747664,"00532M19:47:28.686","00532 20:00:37",208.38,866.36,,,,"     ",3.60,62.79,4.70
532,444747665,"00532M19:47:29.660","00532 20:00:38",208.35,866.30,,,,"     ",3.60,62.56,4.68
532,444747666,"00532M19:47:30.633","00532 20:00:39",208.31,866.22,,,,"     ",3.60,62.50,4.68
532,444747667,"00532M19:47:31.606","00532 20:00:40",208.26,866.26,,,,"     ",3.60,62.32,4.67
532,444747668,"00532M19:47:32.579","00532 20:00:41",208.21,866.29,,,,"     ",3.60,62.24,4.66
532,444747669,"00532M19:47:33.553","00532 20:00:42",208.17,866.23,,,,"     ",3.60,62.62,4.69
532,444747670,"00532M19:47:34.526","00532 20:00:43",208.14,866.27,,,,"     ",3.60,62.37,4.67
532,444747671,"00532M19:47:35.499","00532 20:00:44",208.13,866.22,,,,"     ",3.60,62.56,4.69
532,444747672,"00532M19:47:36.472","00532 20:00:45",208.15,866.29,,,,"     ",3.60,62.58,4.69
532,444747673,"00532M19:47:37.446","00532 20:00:46",208.17,866.31,,,,"     ",3.60,62.12,4.65
532,444747674,"00532M19:47:38.419","00532 20:00:47",208.20,866.32,,,,"     ",3.60,62.25,4.66
532,444747675,"00532M19:47:39.392","00532 20:00:48",208.23,866.34,,,,"     ",3.60,62.83,4.71
532,444747676,"00532M19:47:40.365","00532 20:00:49",208.24,866.31,,,,"     ",3.60,62.50,4.69
532,444747677,"00532M19:47:41.339","00532 20:00:50",208.25,866.35,,,,"     ",3.60,62.33,4.67
532,444747678,"00532M19:47:42.312","00532 20:00:51",208.26,866.39,,,,"     ",3.60,62.32,4.67
532,444747679,"00532M19:47:43.285","00532 20:00:52",208.26,866.36,,,,"     ",3.60,62.55,4.69
532,444747680,"00532M19:47:44.258","00532 20:00:53",208.28,866.41,,,,"     ",3.60,62.46,4.68
532,444747681,"00532M19:47:45.232","00532 20:00:54",208.30,866.32,,,,"     ",3.60,62.58,4.69
532,444747682,"00532M19:47:46.205","00532 20:00:55",208.34,866.29,,,,"     ",3.60,62.35,4.68
532,444747683,"00532M19:47:47.178","00532 20:00:56",208.38,866.31,,,,"     ",3.60,62.40,4.68
532,444747684,"00532M19:47:48.151","00532 20:00:57",208.42,866.27,,,,"     ",3.60,62.32,4.67
532,444747685,"00532M19:47:49.125","00532 20:00:58",208.47,866.39,,,,"     ",3.60,62.29,4.68
532,444747686,"00532M19:47:50.098","00532 20:00:59",208.51,866.29,,,,"     ",3.60,62.49,4.69
532,444747687,"00532M19:47:51.071","00532 20:01:00",208.55,866.32,,,,"     ",3.60,62.47,4.69
532,444747688,"00532M19:47:52.044","00532 20:01:01",208.59,866.33,,,,"     ",3.60,62.64,4.70
532,444747689,"00532M19:47:53.018","00532 20:01:02",208.62,866.38,,,,"     ",3.60,62.47,4.69
532,444747690,"00532M19:47:53.991","00532 20:01:03",208.64,866.32,,,,"     ",3.60,62.41,4.69
532,444747691,"00532M19:47:54.964","00532 20:01:04",208.65,866.40,,,,"     ",3.60,62.54,4.70
532,444747692,"00532M19:47:55.937","00532 20:01:05",208.63,866.36,,,,"     ",3.60,62.03,4.66
532,444747693,"00532M19:47:56.911","00532 20:01:06",208.60,866.40,,,,"     ",3.60,62.14,4.67
532,444747694,"00532M19:47:57.884","00532 20:01:07",208.55,866.27,,,,"     ",3.60,62.36,4.69
532,444747695,"00532M19:47:58.857","00532 20:01:08",208.49,866.34,,,,"     ",3.60,62.49,4.70
532,444747696,"00532M19:47:59.830","00532 20:01:09",208.43,866.32,,,,"     ",3.60,62.39,4.69
532,444747697,"00532M19:48:00.804","00532 20:01:10",208.35,866.43,,,,"     ",3.60,62.23,4.68
532,444747698,"00532M19:48:01.777","00532 20:01:11",208.29,866.41,,,,"     ",3.60,62.10,4.67
532,444747699,"00532M19:48:02.750","00532 20:01:12",208.24,866.43,,,,"     ",3.60,62.15,4.67
532,444747700,"00532M19:48:03.723","00532 20:01:12",208.21,866.46,,,,"     ",3.60,62.40,4.69
532,444747701,"00532M19:48:04.697","00532 20:01:13",208.18,866.37,,,,"     ",3.60,62.22,4.68
532,444747702,"00532M19:48:05.670","00532 20:01:14",208.16,866.37,,,,"     ",3.60,62.30,4.68
532,444747703,"00532M19:48:06.643","00532 20:01:15",208.16,866.36,,,,"     ",3.60,62.54,4.70
532,444747704,"00532M19:48:07.617","00532 20:01:16",208.16,866.37,,,,"     ",3.60,62.12,4.67
532,444747705,"00532M19:48:08.590","00532 20:01:17",208.19,866.38,,,,"     ",3.60,62.10,4.67
532,444747706,"00532M19:48:09.563","00532 20:01:18",208.23,866.31,,,,"     ",3.60,62.02,4.66
532,444747707,"00532M19:48:10.536","00532 20:01:19",208.26,866.37,,,,"     ",3.60,62.56,4.71
532,444747708,"00532M19:48:11.510","00532 20:01:20",208.29,866.43,,,,"     ",3.60,62.27,4.69
532,444747709,"00532M19:48:12.483","00532 20:01:21",208.30,866.43,,,,"     ",3.60,62.04,4.67
532,444747710,"00532M19:48:13.456","00532 20:01:22",208.30,866.38,,,,"     ",3.60,62.11,4.67
532,444747711,"00532M19:48:14.429","00532 20:01:23",208.29,866.35,,,,"     ",3.60,62.21,4.68
532,444747712,"00532M19:48:15.403","00532 20:01:24",208.27,866.37,,,,"     ",3.60,62.09,4.67
532,444747713,"00532M19:48:16.376","00532 20:01:25",208.24,866.33,,,,"     ",3.60,61.95,4.66
532,444747714,"00532M19:48:17.349","00532 20:01:26",208.22,866.31,,,,"     ",3.60,62.25,4.68
532,444747715,"00532M19:48:18.322","00532 20:01:27",208.20,866.32,,,,"     ",3.60,61.67,4.64
532,444747716,"00532M19:48:19.296","00532 20:01:28",208.17,866.33,,,,"     ",3.60,62.27,4.69
532,444747717,"00532M19:48:20.269","00532 20:01:29",208.14,866.34,,,,"     ",3.60,62.07,4.67
532,444747718,"00532M19:48:21.242","00532 20:01:30",208.10,866.40,,,,"     ",3.60,61.80,4.65
532,444747719,"00532M19:48:22.215","00532 20:01:31",208.07,866.36,,,,"     ",3.60,62.02,4.67
532,444747720,"00532M19:48:23.189","00532 20:01:32",208.05,866.45,,,,"     ",3.60,62.09,4.67
532,444747721,"00532M19:48:24.162","00532 20:01:33",208.03,866.36,,,,"     ",3.60,62.10,4.68
532,444747722,"00532M19:48:25.135","00532 20:01:34",208.02,866.36,,,,"     ",3.60,61.98,4.66
532,444747723,"00532M19:48:26.108","00532 20:01:35",208.02,866.38,,,,"     ",3.60,61.87,4.66
532,444747724,"00532M19:48:27.082","00532 20:01:36",208.04,866.37,,,,"     ",3.60,62.12,4.68
532,444747725,"00532M19:48:28.055","00532 20:01:37",208.06,866.39,,,,"     ",3.60,61.73,4.65
532,444747726,"00532M19:48:29.028","00532 20:01:38",208.08,866.43,,,,"     ",3.60,61.86,4.66
532,444747727,"00532M19:48:30.001","00532 20:01:39",208.06,866.35,,,,"     ",3.60,61.82,4.66
532,444747728,"00532M19:48:30.975","00532 20:01:40",208.03,866.39,,,,"     ",3.60,61.85,4.66
532,444747729,"00532M19:48:31.948","00532 20:01:41",207.98,866.36,,,,"     ",3.60,62.02,4.68
532,444747730,"00532M19:48:32.921","00532 20:01:42",207.94,866.42,,,,"     ",3.60,61.95,4.67
532,444747731,"00532M19:48:33.894","00532 20:01:43",207.90,866.43,,,,"     ",3.60,61.81,4.66
532,444747732,"00532M19:48:34.868","00532 20:01:44",207.87,866.45,,,,"     ",3.60,61.64,4.65
532,444747733,"00532M19:48:35.841","00532 20:01:45",207.86,866.45,,,,"     ",3.60,62.09,4.68
532,444747734,"00532M19:48:36.814","00532 20:01:46",207.86,866.47,,,,"     ",3.60,61.86,4.67
532,444747735,"00532M19:48:37.787","00532 20:01:47",207.86,866.46,,,,"     ",3.60,61.42,4.63
532,444747736,"00532M19:48:38.761","00532 20:01:48",207.87,866.41,,,,"     ",3.60,61.45,4.64
532,444747737,"00532M19:48:39.734","00532 20:01:49",207.88,866.43,,,,"     ",3.60,62.00,4.68
532,444747738,"00532M19:48:40.707","00532 20:01:49",207.89,866.48,,,,"     ",3.60,61.96,4.68
532,444747739,"00532M19:48:41.680","00532 20:01:50",207.91,866.48,,,,"     ",3.60,61.97,4.68
532,444747740,"00532M19:48:42.654","00532 20:01:51",207.94,866.43,,,,"     ",3.60,61.88,4.67
532,444747741,"00532M19:48:43.627","00532 20:01:52",207.97,866.45,,,,"     ",3.60,61.76,4.66
532,444747742,"00532M19:48:44.600","00532 20:01:53",208.00,866.42,,,,"     ",3.60,61.51,4.64
532,444747743,"00532M19:48:45.573","00532 20:01:54",208.02,866.41,,,,"     ",3.60,61.71,4.66
532,444747744,"00532M19:48:46.547","00532 20:01:55",208.00,866.40,,,,"     ",3.60,62.07,4.69
532,444747745,"00532M19:48:47.520","00532 20:01:56",207.94,866.39,,,,"     ",3.60,61.68,4.66
532,444747746,"00532M19:48:48.493","00532 20:01:57",207.84,866.45,,,,"     ",3.60,61.74,4.67
532,444747747,"00532M19:48:49.466","00532 20:01:58",207.72,866.39,,,,"     ",3.60,62.17,4.70
532,444747748,"00532M19:48:50.440","00532 20:01:59",207.59,866.46,,,,"     ",3.60,61.89,4.68
532,444747749,"00532M19:48:51.413","00532 20:02:00",207.46,866.44,,,,"     ",3.60,62.09,4.70
532,444747750,"00532M19:48:52.386","00532 20:02:01",207.36,866.51,,,,"     ",3.60,61.83,4.68
532,444747751,"00532M19:48:53.359","00532 20:02:02",207.27,866.50,,,,"     ",3.60,61.88,4.68
532,444747752,"00532M19:48:54.333","00532 20:02:03",207.20,866.35,,,,"     ",3.60,61.92,4.69
532,444747753,"00532M19:48:55.306","00532 20:02:04",207.13,866.36,,,,"     ",3.60,61.75,4.67
532,444747754,"00532M19:48:56.279","00532 20:02:05",207.09,866.40,,,,"     ",3.60,61.84,4.68
532,444747755,"00532M19:48:57.252","00532 20:02:06",207.07,866.45,,,,"     ",3.60,61.84,4.68
532,444747756,"00532M19:48:58.226","00532 20:02:07",207.07,866.41,,,,"     ",3.60,61.75,4.68
532,444747757,"00532M19:48:59.199","00532 20:02:08",207.08,866.38,,,,"     ",3.60,61.60,4.67
532,444747758,"00532M19:49:00.172","00532 20:02:09",207.09,866.42,,,,"     ",3.60,61.54,4.66
532,444747759,"00532M19:49:01.145","00532 20:02:10",207.08,866.39,,,,"     ",3.60,61.25,4.64
532,444747760,"00532M19:49:02.119","00532 20:02:11",207.06,866.43,,,,"     ",3.60,61.64,4.67
532,444747761,"00532M19:49:03.092","00532 20:02:12",207.01,866.43,,,,"     ",3.60,61.64,4.67
532,444747762,"00532M19:49:04.065","00532 20:02:13",206.96,866.50,,,,"     ",3.60,61.29,4.65
532,444747763,"00532M19:49:05.038","00532 20:02:14",206.90,866.43,,,,"     ",3.60,61.63,4.68
532,444747764,"00532M19:49:06.012","00532 20:02:15",206.84,866.43,,,,"     ",3.60,61.34,4.65
532,444747765,"00532M19:49:06.985","00532 20:02:16",206.78,866.43,,,,"     ",3.60,61.41,4.66
532,444747766,"00532M19:49:07.958","00532 20:02:17",206.74,866.43,,,,"     ",3.60,61.13,4.64
532,444747767,"00532M19:49:08.931","00532 20:02:18",206.74,866.37,,,,"     ",3.60,61.73,4.69
532,444747768,"00532M19:49:09.905","00532 20:02:19",206.76,866.38,,,,"     ",3.60,61.16,4.65
532,444747769,"00532M19:49:10.878","00532 20:02:20",206.82,866.39,,,,"     ",3.60,61.42,4.67
532,444747770,"00532M19:49:11.851","00532 20:02:21",206.88,866.35,,,,"     ",3.60,61.47,4.67
532,444747771,"00532M19:49:12.824","00532 20:02:22",206.95,866.38,,,,"     ",3.60,61.64,4.69
532,444747772,"00532M19:49:13.798","00532 20:02:23",207.02,866.37,,,,"     ",3.60,61.03,4.64
532,444747773,"00532M19:49:14.771","00532 20:02:24",207.08,866.42,,,,"     ",3.60,61.17,4.65
532,444747774,"00532M19:49:15.744","00532 20:02:25",207.11,866.29,,,,"     ",3.60,61.74,4.70
532,444747775,"00532M19:49:16.717","00532 20:02:25",207.11,866.44,,,,"     ",3.60,60.94,4.64
532,444747776,"00532M19:49:17.691","00532 20:02:26",207.11,866.37,,,,"     ",3.60,61.03,4.65
532,444747777,"00532M19:49:18.664","00532 20:02:27",207.07,866.35,,,,"     ",3.60,61.16,4.66
532,444747778,"00532M19:49:19.637","00532 20:02:28",207.03,866.43,,,,"     ",3.60,61.21,4.67
532,444747779,"00532M19:49:20.611","00532 20:02:29",206.97,866.43,,,,"     ",3.60,61.13,4.66
532,444747780,"00532M19:49:21.584","00532 20:02:30",206.92,866.41,,,,"     ",3.60,61.40,4.68
532,444747781,"00532M19:49:22.557","00532 20:02:31",206.90,866.49,,,,"     ",3.60,61.41,4.68
532,444747782,"00532M19:49:23.530","00532 20:02:32",206.89,866.45,,,,"     ",3.60,61.15,4.67
532,444747783,"00532M19:49:24.504","00532 20:02:33",206.90,866.48,,,,"     ",3.60,61.24,4.68
532,444747784,"00532M19:49:25.477","00532 20:02:34",206.92,866.55,,,,"     ",3.60,61.30,4.68
532,444747785,"00532M19:49:26.450","00532 20:02:35",206.94,866.47,,,,"     ",3.60,61.07,4.66
532,444747786,"00532M19:49:27.423","00532 20:02:36",206.95,866.47,,,,"     ",3.60,61.38,4.69
532,444747787,"00532M19:49:28.397","00532 20:02:37",206.96,866.48,,,,"     ",3.60,61.04,4.67
532,444747788,"00532M19:49:29.370","00532 20:02:38",206.95,866.40,,,,"     ",3.60,61.20,4.68
532,444747789,"00532M19:49:30.343","00532 20:02:39",206.93,866.47,,,,"     ",3.60,60.97,4.66
532,444747790,"00532M19:49:31.316","00532 20:02:40",206.89,866.47,,,,"     ",3.60,61.16,4.68
532,444747791,"00532M19:49:32.290","00532 20:02:41",206.83,866.52,,,,"     ",3.60,61.16,4.68
532,444747792,"00532M19:49:33.263","00532 20:02:42",206.76,866.45,,,,"     ",3.60,61.35,4.70
532,444747793,"00532M19:49:34.236","00532 20:02:43",206.69,866.42,,,,"     ",3.60,61.15,4.68
532,444747794,"00532M19:49:35.209","00532 20:02:44",206.63,866.43,,,,"     ",3.60,61.01,4.67
532,444747795,"00532M19:49:36.183","00532 20:02:45",206.59,866.48,,,,"     ",3.60,61.09,4.68
532,444747796,"00532M19:49:37.156","00532 20:02:46",206.59,866.50,,,,"     ",3.60,61.31,4.70
532,444747797,"00532M19:49:38.129","00532 20:02:47",206.63,866.45,,,,"     ",3.60,61.15,4.69
532,444747798,"00532M19:49:39.102","00532 20:02:48",206.68,866.50,,,,"     ",3.60,60.85,4.67
532,444747799,"00532M19:49:40.076","00532 20:02:49",206.75,866.55,,,,"     ",3.60,61.34,4.71
532,444747800,"00532M19:49:41.049","00532 20:02:50",206.81,866.51,,,,"     ",3.60,61.16,4.69
532,444747801,"00532M19:49:42.022","00532 20:02:51",206.87,866.41,,,,"     ",3.60,60.84,4.67
532,444747802,"00532M19:49:42.995","00532 20:02:52",206.92,866.38,,,,"     ",3.60,60.93,4.68
532,444747803,"00532M19:49:43.969","00532 20:02:53",206.94,866.45,,,,"     ",3.60,61.10,4.69
532,444747804,"00532M19:49:44.942","00532 20:02:54",206.94,866.39,,,,"     ",3.60,61.21,4.70
532,444747805,"00532M19:49:45.915","00532 20:02:55",206.94,866.38,,,,"     ",3.60,60.59,4.65
532,444747806,"00532M19:49:46.888","00532 20:02:56",206.93,866.35,,,,"     ",3.60,61.06,4.69
532,444747807,"00532M19:49:47.862","00532 20:02:57",206.91,866.39,,,,"     ",3.60,60.65,4.66
532,444747808,"00532M19:49:48.835","00532 20:02:58",206.90,866.38,,,,"     ",3.60,60.80,4.67
532,444747809,"00532M19:49:49.808","00532 20:02:59",206.90,866.46,,,,"     ",3.60,61.36,4.72
532,444747810,"00532M19:49:50.781","00532 20:03:00",206.89,866.40,,,,"     ",3.60,60.85,4.68
532,444747811,"00532M19:49:51.755","00532 20:03:01",206.89,866.46,,,,"     ",3.60,61.14,4.71
532,444747812,"00532M19:49:52.728","00532 20:03:02",206.91,866.47,,,,"     ",3.60,60.98,4.69
532,444747813,"00532M19:49:53.701","00532 20:03:02",206.91,866.46,,,,"     ",3.60,60.67,4.67
532,444747814,"00532M19:49:54.674","00532 20:03:03",206.86,866.42,,,,"     ",3.60,60.85,4.68
532,444747815,"00532M19:49:55.648","00532 20:03:04",206.80,866.46,,,,"     ",3.60,60.70,4.67
532,444747816,"00532M19:49:56.621","00532 20:03:05",206.74,866.45,,,,"     ",3.60,60.68,4.67
532,444747817,"00532M19:49:57.594","00532 20:03:06",206.67,866.47,,,,"     ",3.60,60.70,4.68
532,444747818,"00532M19:49:58.567","00532 20:03:07",206.62,866.50,,,,"     ",3.60,60.82,4.69
532,444747819,"00532M19:49:59.541","00532 20:03:08",206.56,866.49,,,,"     ",3.60,60.65,4.67
532,444747820,"00532M19:50:00.514","00532 20:03:09",206.50,866.48,,,,"     ",3.60,60.81,4.69
532,444747821,"00532M19:50:01.487","00532 20:03:10",206.44,866.51,,,,"     ",3.60,60.91,4.70
532,444747822,"00532M19:50:02.460","00532 20:03:11",206.40,866.43,,,,"     ",3.60,60.91,4.70
532,444747823,"00532M19:50:03.434","00532 20:03:12",206.36,866.43,,,,"     ",3.60,60.83,4.69
532,444747824,"00532M19:50:04.407","00532 20:03:13",206.35,866.46,,,,"     ",3.60,60.67,4.68
532,444747825,"00532M19:50:05.380","00532 20:03:14",206.33,866.45,,,,"     ",3.60,60.82,4.70
532,444747826,"00532M19:50:06.353","00532 20:03:15",206.32,866.47,,,,"     ",3.60,60.59,4.68
532,444747827,"00532M19:50:07.327","00532 20:03:16",206.31,866.48,,,,"     ",3.60,60.54,4.68
532,444747828,"00532M19:50:08.300","00532 20:03:17",206.30,866.49,,,,"     ",3.60,60.60,4.68
532,444747829,"00532M19:50:09.273","00532 20:03:18",206.30,866.48,,,,"     ",3.60,60.56,4.68
532,444747830,"00532M19:50:10.246","00532 20:03:19",206.30,866.46,,,,"     ",3.60,60.77,4.70
532,444747831,"00532M19:50:11.220","00532 20:03:20",206.28,866.34,,,,"     ",3.60,60.62,4.69
532,444747832,"00532M19:50:12.193","00532 20:03:21",206.24,866.41,,,,"     ",3.60,60.72,4.70
532,444747833,"00532M19:50:13.166","00532 20:03:22",206.19,866.43,,,,"     ",3.60,61.18,4.74
532,444747834,"00532M19:50:14.139","00532 20:03:23",206.12,866.48,,,,"     ",3.60,61.06,4.73
532,444747835,"00532M19:50:15.113","00532 20:03:24",206.04,866.48,,,,"     ",3.60,60.93,4.72
532,444747836,"00532M19:50:16.086","00532 20:03:25",205.96,866.47,,,,"     ",3.60,60.58,4.69
532,444747837,"00532M19:50:17.059","00532 20:03:26",205.87,866.46,,,,"     ",3.60,60.83,4.71
532,444747838,"00532M19:50:18.032","00532 20:03:27",205.78,866.45,,,,"     ",3.60,60.80,4.71
532,444747839,"00532M19:50:19.006","00532 20:03:28",205.68,866.41,,,,"     ",3.60,60.60,4.70
532,444747840,"00532M19:50:19.979","00532 20:03:29",205.58,866.53,,,,"     ",3.60,60.89,4.72
532,444747841,"00532M19:50:20.952","00532 20:03:30",205.50,866.44,,,,"     ",3.60,60.69,4.71
532,444747842,"00532M19:50:21.925","00532 20:03:31",205.42,866.52,,,,"     ",3.60,60.41,4.69
532,444747843,"00532M19:50:22.899","00532 20:03:32",205.35,866.51,,,,"     ",3.60,60.62,4.70
532,444747844,"00532M19:50:23.872","00532 20:03:33",205.30,866.49,,,,"     ",3.60,60.75,4.72
532,444747845,"00532M19:50:24.845","00532 20:03:34",205.24,866.50,,,,"     ",3.60,60.59,4.71
532,444747846,"00532M19:50:25.818","00532 20:03:35",205.21,866.44,,,,"     ",3.60,60.77,4.72
532,444747847,"00532M19:50:26.792","00532 20:03:36",205.20,866.50,,,,"     ",3.60,60.44,4.70
532,444747848,"00532M19:50:27.765","00532 20:03:37",205.22,866.57,,,,"     ",3.60,60.50,4.70
532,444747849,"00532M19:50:28.738","00532 20:03:38",205.28,866.53,,,,"     ",3.60,60.78,4.73
532,444747850,"00532M19:50:29.712","00532 20:03:38",205.32,866.53,,,,"     ",3.60,60.60,4.71
532,444747851,"00532M19:50:30.685","00532 20:03:39",205.35,866.47,,,,"     ",3.60,60.71,4.72
532,444747852,"00532M19:50:31.658","00532 20:03:40",205.38,866.51,,,,"     ",3.60,60.70,4.73
532,444747853,"00532M19:50:32.631","00532 20:03:41",205.42,866.49,,,,"     ",3.60,60.69,4.73
532,444747854,"00532M19:50:33.605","00532 20:03:42",205.46,866.51,,,,"     ",3.60,60.40,4.70
532,444747855,"00532M19:50:34.578","00532 20:03:43",205.50,866.48,,,,"     ",3.60,60.53,4.72
532,444747856,"00532M19:50:35.551","00532 20:03:44",205.54,866.48,,,,"     ",3.60,60.58,4.72
532,444747857,"00532M19:50:36.524","00532 20:03:45",205.58,866.53,,,,"     ",3.60,60.50,4.72
532,444747858,"00532M19:50:37.498","00532 20:03:46",205.63,866.56,,,,"     ",3.60,60.47,4.72
532,444747859,"00532M19:50:38.471","00532 20:03:47",205.69,866.50,,,,"     ",3.60,60.48,4.72
532,444747860,"00532M19:50:39.444","00532 20:03:48",205.74,866.51,,,,"     ",3.60,60.49,4.72
532,444747861,"00532M19:50:40.417","00532 20:03:49",205.79,866.52,,,,"     ",3.60,60.51,4.72
532,444747862,"00532M19:50:41.391","00532 20:03:50",205.84,866.60,,,,"     ",3.60,60.45,4.72
532,444747863,"00532M19:50:42.364","00532 20:03:51",205.14,866.56,,,95.39,"  101100",3.60,60.58,4.73
532,444747864,"00532M19:50:43.337","00532 20:03:52",205.15,866.57,,,,"     ",3.60,60.18,4.70
532,444747865,"00532M19:50:44.310","00532 20:03:53",205.16,866.50,,,,"     ",3.60,60.37,4.72
532,444747866,"00532M19:50:45.284","00532 20:03:54",205.17,866.54,,,,"     ",3.60,60.26,4.71
532,444747867,"00532M19:50:46.257","00532 20:03:55",205.18,866.52,,,,"     ",3.60,60.18,4.71
532,444747868,"00532M19:50:47.230","00532 20:03:56",205.19,866.56,,,,"     ",3.60,60.53,4.74
532,444747869,"00532M19:50:48.203","00532 20:03:57",205.20,866.62,,,,"     ",3.60,60.33,4.72
532,444747870,"00532M19:50:49.177","00532 20:03:58",205.22,866.54,,,,"     ",3.60,60.48,4.73
532,444747871,"00532M19:50:50.150","00532 20:03:59",205.24,866.49,,,,"     ",3.60,60.31,4.72
532,444747872,"00532M19:50:51.123","00532 20:04:00",205.26,866.60,,,,"     ",3.60,59.91,4.69
532,444747873,"00532M19:50:52.096","00532 20:04:01",205.29,866.57,,,,"     ",3.60,60.51,4.74
532,444747874,"00532M19:50:53.070","00532 20:04:02",205.32,866.58,,,,"     ",3.60,60.38,4.73
532,444747875,"00532M19:50:54.043","00532 20:04:03",205.35,866.58,,,,"     ",3.60,60.47,4.74
532,444747876,"00532M19:50:55.016","00532 20:04:04",205.37,866.47,,,,"     ",3.60,60.24,4.72
532,444747877,"00532M19:50:55.989","00532 20:04:05",205.38,866.55,,,,"     ",3.60,60.14,4.72
532,444747878,"00532M19:50:56.963","00532 20:04:06",205.40,866.52,,,,"     ",3.60,60.25,4.73
532,444747879,"00532M19:50:57.936","00532 20:04:07",205.41,866.50,,,,"     ",3.60,60.09,4.71
532,444747880,"00532M19:50:58.909","00532 20:04:08",205.41,866.47,,,,"     ",3.60,59.81,4.69
532,444747881,"00532M19:50:59.882","00532 20:04:09",205.40,866.53,,,,"     ",3.60,59.88,4.70
532,444747882,"00532M19:51:00.856","00532 20:04:10",205.38,866.57,,,,"     ",3.60,60.19,4.73
532,444747883,"00532M19:51:01.829","00532 20:04:11",205.36,866.54,,,,"     ",3.60,59.82,4.70
532,444747884,"00532M19:51:02.802","00532 20:04:12",205.32,866.55,,,,"     ",3.60,59.99,4.71
532,444747885,"00532M19:51:03.775","00532 20:04:13",205.28,866.64,,,,"     ",3.60,59.80,4.70
532,444747886,"00532M19:51:04.749","00532 20:04:14",205.24,866.56,,,,"     ",3.60,60.66,4.77
532,444747887,"00532M19:51:05.722","00532 20:04:15",205.20,866.56,,,,"     ",3.60,60.07,4.72
532,444747888,"00532M19:51:06.695","00532 20:04:15",205.16,866.54,,,,"     ",3.60,59.92,4.71
532,444747889,"00532M19:51:07.668","00532 20:04:16",205.12,866.59,,,,"     ",3.60,59.90,4.71
532,444747890,"00532M19:51:08.642","00532 20:04:17",205.08,866.57,,,,"     ",3.60,60.12,4.73
532,444747891,"00532M19:51:09.615","00532 20:04:18",205.01,866.57,,,,"     ",3.60,59.75,4.70
532,444747892,"00532M19:51:10.588","00532 20:04:19",204.96,866.58,,,,"     ",3.60,59.67,4.70
532,444747893,"00532M19:51:11.561","00532 20:04:20",204.91,866.54,,,,"     ",3.60,59.95,4.72
532,444747894,"00532M19:51:12.535","00532 20:04:21",204.86,866.57,,,,"     ",3.60,59.91,4.72
532,444747895,"00532M19:51:13.508","00532 20:04:22",204.82,866.52,,,,"     ",3.60,60.00,4.73
532,444747896,"00532M19:51:14.481","00532 20:04:23",204.78,866.59,,,,"     ",3.60,59.97,4.73
532,444747897,"00532M19:51:15.454","00532 20:04:24",204.75,866.61,,,,"     ",3.60,59.86,4.72
532,444747898,"00532M19:51:16.428","00532 20:04:25",204.73,866.57,,,,"     ",3.60,60.04,4.74
532,444747899,"00532M19:51:17.401","00532 20:04:26",204.72,866.61,,,,"     ",3.60,59.78,4.72
532,444747900,"00532M19:51:18.374","00532 20:04:27",204.73,866.51,,,,"     ",3.60,59.70,4.71
532,444747901,"00532M19:51:19.347","00532 20:04:28",204.77,866.52,,,,"     ",3.60,60.06,4.74
532,444747902,"00532M19:51:20.321","00532 20:04:29",204.81,866.67,,,,"     ",3.60,60.20,4.76
532,444747903,"00532M19:51:21.294","00532 20:04:30",204.86,866.62,,,,"     ",3.60,59.51,4.70
532,444747904,"00532M19:51:22.267","00532 20:04:31",204.90,866.67,,,,"     ",3.60,59.68,4.72
532,444747905,"00532M19:51:23.240","00532 20:04:32",204.93,866.59,,,,"     ",3.60,59.79,4.73
532,444747906,"00532M19:51:24.214","00532 20:04:33",204.96,866.54,,,,"     ",3.60,59.80,4.73
532,444747907,"00532M19:51:25.187","00532 20:04:34",204.98,866.61,,,,"     ",3.60,59.85,4.73
532,444747908,"00532M19:51:26.160","00532 20:04:35",204.99,866.50,,,,"     ",3.60,59.65,4.72
532,444747909,"00532M19:51:27.133","00532 20:04:36",204.99,866.58,,,,"     ",3.60,59.93,4.74
532,444747910,"00532M19:51:28.107","00532 20:04:37",204.99,866.55,,,,"     ",3.60,59.68,4.72
532,444747911,"00532M19:51:29.080","00532 20:04:38",204.99,866.63,,,,"     ",3.60,59.90,4.74
532,444747912,"00532M19:51:30.053","00532 20:04:39",204.98,866.60,,,,"     ",3.60,59.75,4.73
532,444747913,"00532M19:51:31.026","00532 20:04:40",204.97,866.53,,,,"     ",3.60,60.04,4.76
532,444747914,"00532M19:51:32.000","00532 20:04:41",204.95,866.53,,,,"     ",3.60,59.55,4.72
532,444747915,"00532M19:51:32.973","00532 20:04:42",204.91,866.53,,,,"     ",3.60,59.57,4.72
532,444747916,"00532M19:51:33.946","00532 20:04:43",204.87,866.53,,,,"     ",3.60,59.63,4.73
532,444747917,"00532M19:51:34.919","00532 20:04:44",204.81,866.52,,,,"     ",3.60,60.13,4.77
532,444747918,"00532M19:51:35.893","00532 20:04:45",204.74,866.60,,,,"     ",3.60,59.48,4.72
532,444747919,"00532M19:51:36.866","00532 20:04:46",204.66,866.60,,,,"     ",3.60,59.71,4.74
532,444747920,"00532M19:51:37.839","00532 20:04:47",204.58,866.68,,,,"     ",3.60,59.81,4.75
532,444747921,"00532M19:51:38.813","00532 20:04:48",204.50,866.59,,,,"     ",3.60,60.21,4.78
532,444747922,"00532M19:51:39.786","00532 20:04:49",204.40,866.56,,,,"     ",3.60,59.79,4.75
532,444747923,"00532M19:51:40.759","00532 20:04:50",204.31,866.53,,,,"     ",3.60,59.54,4.73
532,444747924,"00532M19:51:41.732","00532 20:04:51",204.22,866.59,,,,"     ",3.60,59.49,4.73
532,444747925,"00532M19:51:42.706","00532 20:04:51",204.13,866.67,,,,"     ",3.60,59.49,4.73
532,444747926,"00532M19:51:43.679","00532 20:04:52",204.07,866.62,,,,"     ",3.60,59.48,4.73
532,444747927,"00532M19:51:44.652","00532 20:04:53",204.02,866.64,,,,"     ",3.60,59.81,4.76
532,444747928,"00532M19:51:45.625","00532 20:04:54",204.00,866.64,,,,"     ",3.60,59.59,4.74
532,444747929,"00532M19:51:46.599","00532 20:04:55",203.98,866.63,,,,"     ",3.60,59.62,4.74
532,444747930,"00532M19:51:47.572","00532 20:04:56",203.97,866.54,,,,"     ",3.60,59.67,4.75
532,444747931,"00532M19:51:48.545","00532 20:04:57",203.98,866.59,,,,"     ",3.60,59.01,4.70
532,444747932,"00532M19:51:49.518","00532 20:04:58",203.97,866.60,,,,"     ",3.60,59.56,4.74
532,444747933,"00532M19:51:50.492","00532 20:04:59",203.97,866.60,,,,"     ",3.60,59.22,4.72
532,444747934,"00532M19:51:51.465","00532 20:05:00",203.95,866.64,,,,"     ",3.60,59.51,4.74
532,444747935,"00532M19:51:52.438","00532 20:05:01",203.94,866.64,,,,"     ",3.60,59.15,4.71
532,444747936,"00532M19:51:53.411","00532 20:05:02",203.93,866.62,,,,"     ",3.60,59.70,4.76
532,444747937,"00532M19:51:54.385","00532 20:05:03",203.93,866.67,,,,"     ",3.60,59.62,4.76
532,444747938,"00532M19:51:55.358","00532 20:05:04",203.92,866.56,,,,"     ",3.60,59.57,4.75
532,444747939,"00532M19:51:56.331","00532 20:05:05",203.92,866.66,,,,"     ",3.60,59.22,4.72
532,444747940,"00532M19:51:57.304","00532 20:05:06",203.90,866.68,,,,"     ",3.60,59.42,4.74
532,444747941,"00532M19:51:58.278","00532 20:05:07",203.87,866.72,,,,"     ",3.60,59.66,4.77
532,444747942,"00532M19:51:59.251","00532 20:05:08",203.85,866.72,,,,"     ",3.60,59.35,4.74
532,444747943,"00532M19:52:00.224","00532 20:05:09",203.83,866.63,,,,"     ",3.60,59.37,4.74
532,444747944,"00532M19:52:01.197","00532 20:05:10",203.81,866.61,,,,"     ",3.60,59.77,4.78
532,444747945,"00532M19:52:02.171","00532 20:05:11",203.80,866.52,,,,"     ",3.60,59.22,4.73
532,444747946,"00532M19:52:03.144","00532 20:05:12",203.82,866.59,,,,"     ",3.60,59.26,4.74
532,444747947,"00532M19:52:04.117","00532 20:05:13",203.84,866.58,,,,"     ",3.60,59.46,4.75
532,444747948,"00532M19:52:05.090","00532 20:05:14",203.87,866.53,,,,"     ",3.60,59.45,4.75
532,444747949,"00532M19:52:06.064","00532 20:05:15",203.90,866.58,,,,"     ",3.60,59.36,4.75
532,444747950,"00532M19:52:07.037","00532 20:05:16",203.92,866.63,,,,"     ",3.60,59.44,4.76
532,444747951,"00532M19:52:08.010","00532 20:05:17",203.93,866.63,,,,"     ",3.60,59.34,4.75
532,444747952,"00532M19:52:08.983","00532 20:05:18",203.94,866.71,,,,"     ",3.60,59.10,4.73
532,444747953,"00532M19:52:09.957","00532 20:05:19",203.95,866.62,,,,"     ",3.60,58.89,4.72
532,444747954,"00532M19:52:10.930","00532 20:05:20",203.95,866.60,,,,"     ",3.60,59.42,4.76
532,444747955,"00532M19:52:11.903","00532 20:05:21",203.95,866.61,,,,"     ",3.60,59.39,4.76
532,444747956,"00532M19:52:12.876","00532 20:05:22",203.94,866.58,,,,"     ",3.60,59.35,4.76
532,444747957,"00532M19:52:13.850","00532 20:05:23",203.91,866.59,,,,"     ",3.60,59.12,4.74
532,444747958,"00532M19:52:14.823","00532 20:05:24",203.88,866.64,,,,"     ",3.60,59.71,4.79
532,444747959,"00532M19:52:15.796","00532 20:05:25",203.83,866.67,,,,"     ",3.60,59.44,4.77
532,444747960,"00532M19:52:16.769","00532 20:05:26",203.79,866.67,,,,"     ",3.60,58.90,4.72
532,444747961,"00532M19:52:17.743","00532 20:05:27",203.76,866.67,,,,"     ",3.60,59.24,4.76
532,444747962,"00532M19:52:18.716","00532 20:05:28",203.75,866.65,,,,"     ",3.60,59.38,4.77
532,444747963,"00532M19:52:19.689","00532 20:05:28",203.76,866.61,,,,"     ",3.60,59.53,4.78
532,444747964,"00532M19:52:20.662","00532 20:05:29",203.79,866.62,,,,"     ",3.60,59.05,4.74
532,444747965,"00532M19:52:21.636","00532 20:05:30",203.82,866.65,,,,"     ",3.60,59.30,4.77
532,444747966,"00532M19:52:22.609","00532 20:05:31",203.85,866.64,,,,"     ",3.60,59.28,4.77
532,444747967,"00532M19:52:23.582","00532 20:05:32",203.88,866.60,,,,"     ",3.60,59.42,4.78
532,444747968,"00532M19:52:24.555","00532 20:05:33",203.90,866.62,,,,"     ",3.60,59.18,4.76
532,444747969,"00532M19:52:25.529","00532 20:05:34",203.92,866.60,,,,"     ",3.60,59.40,4.78
532,444747970,"00532M19:52:26.502","00532 20:05:35",203.94,866.67,,,,"     ",3.60,58.94,4.74
532,444747971,"00532M19:52:27.475","00532 20:05:36",203.96,866.62,,,,"     ",3.60,59.13,4.76
532,444747972,"00532M19:52:28.448","00532 20:05:37",203.99,866.64,,,,"     ",3.60,59.22,4.77
532,444747973,"00532M19:52:29.422","00532 20:05:38",204.01,866.69,,,,"     ",3.60,59.02,4.75
532,444747974,"00532M19:52:30.395","00532 20:05:39",204.03,866.57,,,,"     ",3.60,58.99,4.75
532,444747975,"00532M19:52:31.368","00532 20:05:40",204.04,866.66,,,,"     ",3.60,59.11,4.76
532,444747976,"00532M19:52:32.341","00532 20:05:41",204.04,866.64,,,,"     ",3.60,58.80,4.74
532,444747977,"00532M19:52:33.315","00532 20:05:42",204.05,866.76,,,,"     ",3.60,58.86,4.75
532,444747978,"00532M19:52:34.288","00532 20:05:43",204.04,866.70,,,,"     ",3.60,59.23,4.78
532,444747979,"00532M19:52:35.261","00532 20:05:44",204.03,866.75,,,,"     ",3.60,59.01,4.76
532,444747980,"00532M19:52:36.234","00532 20:05:45",204.00,866.70,,,,"     ",3.60,59.14,4.77
532,444747981,"00532M19:52:37.208","00532 20:05:46",203.94,866.63,,,,"     ",3.60,59.03,4.76
532,444747982,"00532M19:52:38.181","00532 20:05:47",203.87,866.69,,,,"     ",3.60,59.03,4.77
532,444747983,"00532M19:52:39.154","00532 20:05:48",203.77,866.59,,,,"     ",3.60,58.96,4.76
532,444747984,"00532M19:52:40.127","00532 20:05:49",203.66,866.58,,,,"     ",3.60,58.71,4.74
532,444747985,"00532M19:52:41.101","00532 20:05:50",203.56,866.53,,,,"     ",3.60,58.84,4.75
532,444747986,"00532M19:52:42.074","00532 20:05:51",203.47,866.61,,,,"     ",3.60,58.93,4.76
532,444747987,"00532M19:52:43.047","00532 20:05:52",203.40,866.54,,,,"     ",3.60,58.99,4.77
532,444747988,"00532M19:52:44.020","00532 20:05:53",203.35,866.62,,,,"     ",3.60,59.45,4.81
532,444747989,"00532M19:52:44.994","00532 20:05:54",203.33,866.70,,,,"     ",3.60,58.68,4.74
532,444747990,"00532M19:52:45.967","00532 20:05:55",203.31,866.70,,,,"     ",3.60,59.00,4.77
532,444747991,"00532M19:52:46.940","00532 20:05:56",203.32,866.68,,,,"     ",3.60,58.61,4.74
532,444747992,"00532M19:52:47.914","00532 20:05:57",203.34,866.70,,,,"     ",3.60,58.91,4.77
532,444747993,"00532M19:52:48.887","00532 20:05:58",203.40,866.72,,,,"     ",3.60,58.80,4.76
532,444747994,"00532M19:52:49.860","00532 20:05:59",203.48,866.67,,,,"     ",3.60,58.93,4.77
532,444747995,"00532M19:52:50.833","00532 20:06:00",203.58,866.68,,,,"     ",3.60,59.08,4.79
532,444747996,"00532M19:52:51.807","00532 20:06:01",203.68,866.67,,,,"     ",3.60,58.91,4.77
532,444747997,"00532M19:52:52.780","00532 20:06:02",203.76,866.68,,,,"     ",3.60,58.69,4.76
532,444747998,"00532M19:52:53.753","00532 20:06:03",203.81,866.69,,,,"     ",3.60,58.67,4.75
532,444747999,"00532M19:52:54.726","00532 20:06:04",203.82,866.62,,,,"     ",3.60,58.84,4.77
532,444748000,"00532M19:52:55.700","00532 20:06:04",203.81,866.70,,,,"     ",3.60,58.94,4.78
532,444748001,"00532M19:52:56.673","00532 20:06:05",203.79,866.69,,,,"     ",3.60,58.83,4.77
532,444748002,"00532M19:52:57.646","00532 20:06:06",203.76,866.75,,,,"     ",3.60,58.76,4.77
532,444748003,"00532M19:52:58.619","00532 20:06:07",203.73,866.71,,,,"     ",3.60,58.79,4.77
532,444748004,"00532M19:52:59.593","00532 20:06:08",203.71,866.70,,,,"     ",3.60,58.53,4.75
532,444748005,"00532M19:53:00.566","00532 20:06:09",203.69,866.68,,,,"     ",3.60,58.80,4.78
532,444748006,"00532M19:53:01.539","00532 20:06:10",203.66,866.70,,,,"     ",3.60,58.56,4.76
532,444748007,"00532M19:53:02.512","00532 20:06:11",203.61,866.67,,,,"     ",3.60,58.88,4.79
532,444748008,"00532M19:53:03.486","00532 20:06:12",203.55,866.53,,,,"     ",3.60,58.52,4.76
532,444748009,"00532M19:53:04.459","00532 20:06:13",203.48,866.64,,,,"     ",3.60,58.53,4.76
532,444748010,"00532M19:53:05.432","00532 20:06:14",203.44,866.65,,,,"     ",3.60,58.59,4.77
532,444748011,"00532M19:53:06.405","00532 20:06:15",203.42,866.77,,,,"     ",3.60,58.67,4.77
532,444748012,"00532M19:53:07.379","00532 20:06:16",203.43,866.70,,,,"     ",3.60,58.64,4.77
532,444748013,"00532M19:53:08.352","00532 20:06:17",203.46,866.67,,,,"     ",3.60,58.48,4.76
532,444748014,"00532M19:53:09.325","00532 20:06:18",203.47,866.69,,,,"     ",3.60,58.53,4.77
532,444748015,"00532M19:53:10.298","00532 20:06:19",203.47,866.69,,,,"     ",3.60,58.69,4.78
532,444748016,"00532M19:53:11.272","00532 20:06:20",203.45,866.76,,,,"     ",3.60,58.37,4.76
532,444748017,"00532M19:53:12.245","00532 20:06:21",203.44,866.80,,,,"     ",3.60,58.15,4.74
532,444748018,"00532M19:53:13.218","00532 20:06:22",203.43,866.72,,,,"     ",3.60,58.54,4.77
532,444748019,"00532M19:53:14.191","00532 20:06:23",203.42,866.76,,,,"     ",3.60,58.22,4.75
532,444748020,"00532M19:53:15.165","00532 20:06:24",203.43,866.74,,,,"     ",3.60,58.68,4.79
532,444748021,"00532M19:53:16.138","00532 20:06:25",203.45,866.79,,,,"     ",3.60,58.34,4.76
532,444748022,"00532M19:53:17.111","00532 20:06:26",203.46,866.75,,,,"     ",3.60,58.66,4.79
532,444748023,"00532M19:53:18.084","00532 20:06:27",203.47,866.82,,,,"     ",3.60,58.35,4.76
532,444748024,"00532M19:53:19.058","00532 20:06:28",203.47,866.80,,,,"     ",3.60,58.14,4.75
532,444748025,"00532M19:53:20.031","00532 20:06:29",203.46,866.76,,,,"     ",3.60,58.54,4.78
532,444748026,"00532M19:53:21.004","00532 20:06:30",203.44,866.74,,,,"     ",3.60,58.51,4.78
532,444748027,"00532M19:53:21.977","00532 20:06:31",203.39,866.77,,,,"     ",3.60,58.61,4.79
532,444748028,"00532M19:53:22.951","00532 20:06:32",203.33,866.74,,,,"     ",3.60,58.34,4.77
532,444748029,"00532M19:53:23.924","00532 20:06:33",203.28,866.79,,,,"     ",3.60,58.87,4.81
532,444748030,"00532M19:53:24.897","00532 20:06:34",203.24,866.81,,,,"     ",3.60,58.20,4.76
532,444748031,"00532M19:53:25.870","00532 20:06:35",203.23,866.77,,,,"     ",3.60,58.11,4.75
532,444748032,"00532M19:53:26.844","00532 20:06:36",203.22,866.73,,,,"     ",3.60,58.34,4.77
532,444748033,"00532M19:53:27.817","00532 20:06:37",203.23,866.73,,,,"     ",3.60,58.09,4.75
532,444748034,"00532M19:53:28.790","00532 20:06:38",203.23,866.78,,,,"     ",3.60,58.21,4.76
532,444748035,"00532M19:53:29.763","00532 20:06:39",203.22,866.81,,,,"     ",3.60,58.20,4.77
532,444748036,"00532M19:53:30.737","00532 20:06:40",203.21,866.69,,,,"     ",3.60,58.43,4.79
532,444748037,"00532M19:53:31.710","00532 20:06:41",203.21,866.77,,,,"     ",3.60,58.36,4.78
532,444748038,"00532M19:53:32.683","00532 20:06:41",203.22,866.70,,,,"     ",3.60,58.15,4.76
532,444748039,"00532M19:53:33.656","00532 20:06:42",203.24,866.68,,,,"     ",3.60,58.30,4.78
532,444748040,"00532M19:53:34.630","00532 20:06:43",203.27,866.66,,,,"     ",3.60,58.06,4.76
532,444748041,"00532M19:53:35.603","00532 20:06:44",203.32,866.72,,,,"     ",3.60,58.15,4.77
532,444748042,"00532M19:53:36.576","00532 20:06:45",203.38,866.69,,,,"     ",3.60,57.96,4.75
532,444748043,"00532M19:53:37.549","00532 20:06:46",203.44,866.73,,,,"     ",3.60,58.23,4.77
532,444748044,"00532M19:53:38.523","00532 20:06:47",203.45,866.74,,,,"     ",3.60,57.89,4.75
532,444748045,"00532M19:53:39.496","00532 20:06:48",203.41,866.70,,,,"     ",3.60,58.33,4.79
532,444748046,"00532M19:53:40.469","00532 20:06:49",203.35,866.77,,,,"     ",3.60,58.29,4.78
532,444748047,"00532M19:53:41.442","00532 20:06:50",203.27,866.76,,,,"     ",3.60,58.42,4.80
532,444748048,"00532M19:53:42.416","00532 20:06:51",203.21,866.78,,,,"     ",3.60,57.97,4.76
532,444748049,"00532M19:53:43.389","00532 20:06:52",203.17,866.75,,,,"     ",3.60,58.21,4.78
532,444748050,"00532M19:53:44.362","00532 20:06:53",203.16,866.74,,,,"     ",3.60,58.06,4.77
532,444748051,"00532M19:53:45.335","00532 20:06:54",203.15,866.69,,,,"     ",3.60,58.40,4.80
532,444748052,"00532M19:53:46.309","00532 20:06:55",203.13,866.70,,,,"     ",3.60,58.01,4.77
532,444748053,"00532M19:53:47.282","00532 20:06:56",203.10,866.68,,,,"     ",3.60,57.99,4.77
532,444748054,"00532M19:53:48.255","00532 20:06:57",203.05,866.69,,,,"     ",3.60,57.94,4.77
532,444748055,"00532M19:53:49.228","00532 20:06:58",203.00,866.73,,,,"     ",3.60,58.14,4.78
532,444748056,"00532M19:53:50.202","00532 20:06:59",202.94,866.71,,,,"     ",3.60,57.97,4.77
532,444748057,"00532M19:53:51.175","00532 20:07:00",202.90,866.76,,,,"     ",3.60,58.17,4.79
532,444748058,"00532M19:53:52.148","00532 20:07:01",202.87,866.75,,,,"     ",3.60,57.86,4.76
532,444748059,"00532M19:53:53.121","00532 20:07:02",202.86,866.71,,,,"     ",3.60,58.22,4.80
532,444748060,"00532M19:53:54.095","00532 20:07:03",202.86,866.71,,,,"     ",3.60,57.77,4.76
532,444748061,"00532M19:53:55.068","00532 20:07:04",202.86,866.68,,,,"     ",3.60,58.43,4.82
532,444748062,"00532M19:53:56.041","00532 20:07:05",202.85,866.76,,,,"     ",3.60,58.08,4.79
532,444748063,"00532M19:53:57.015","00532 20:07:06",202.81,866.67,,,,"     ",3.60,58.08,4.79
532,444748064,"00532M19:53:57.988","00532 20:07:07",202.76,866.69,,,,"     ",3.60,57.96,4.78
532,444748065,"00532M19:53:58.961","00532 20:07:08",202.70,866.78,,,,"     ",3.60,57.79,4.77
532,444748066,"00532M19:53:59.934","00532 20:07:09",202.65,866.74,,,,"     ",3.60,58.16,4.80
532,444748067,"00532M19:54:00.908","00532 20:07:10",202.62,866.72,,,,"     ",3.60,57.63,4.76
532,444748068,"00532M19:54:01.881","00532 20:07:11",202.61,866.75,,,,"     ",3.60,58.32,4.81
532,444748069,"00532M19:54:02.854","00532 20:07:12",202.61,866.73,,,,"     ",3.60,57.82,4.77
532,444748070,"00532M19:54:03.827","00532 20:07:13",202.61,866.73,,,,"     ",3.60,57.86,4.78
532,444748071,"00532M19:54:04.801","00532 20:07:14",202.62,866.73,,,,"     ",3.60,57.83,4.78
532,444748072,"00532M19:54:05.774","00532 20:07:15",202.64,866.68,,,,"     ",3.60,57.80,4.78
532,444748073,"00532M19:54:06.747","00532 20:07:16",202.67,866.72,,,,"     ",3.60,57.62,4.76
532,444748074,"00532M19:54:07.720","00532 20:07:17",202.72,866.68,,,,"     ",3.60,57.70,4.77
532,444748075,"00532M19:54:08.694","00532 20:07:18",202.77,866.59,,,,"     ",3.60,57.75,4.77
532,444748076,"00532M19:54:09.667","00532 20:07:18",202.81,866.65,,,,"     ",3.60,57.82,4.78
532,444748077,"00532M19:54:10.640","00532 20:07:19",202.85,866.64,,,,"     ",3.60,57.72,4.77
532,444748078,"00532M19:54:11.613","00532 20:07:20",202.89,866.70,,,,"     ",3.60,57.86,4.79
532,444748079,"00532M19:54:12.587","00532 20:07:21",202.93,866.69,,,,"     ",3.60,57.50,4.76
532,444748080,"00532M19:54:13.560","00532 20:07:22",202.96,866.76,,,,"     ",3.60,57.87,4.79
532,444748081,"00532M19:54:14.533","00532 20:07:23",202.98,866.79,,,,"     ",3.60,57.46,4.76
532,444748082,"00532M19:54:15.506","00532 20:07:24",202.99,866.80,,,,"     ",3.60,57.69,4.78
532,444748083,"00532M19:54:16.480","00532 20:07:25",202.99,866.83,,,,"     ",3.60,57.72,4.78
532,444748084,"00532M19:54:17.453","00532 20:07:26",202.98,866.81,,,,"     ",3.60,57.92,4.80
532,444748085,"00532M19:54:18.426","00532 20:07:27",202.95,866.86,,,,"     ",3.60,57.28,4.75
532,444748086,"00532M19:54:19.399","00532 20:07:28",202.91,866.81,,,,"     ",3.60,57.56,4.77
532,444748087,"00532M19:54:20.373","00532 20:07:29",202.86,866.81,,,,"     ",3.60,57.63,4.78
532,444748088,"00532M19:54:21.346","00532 20:07:30",202.81,866.85,,,,"     ",3.60,57.21,4.74
532,444748089,"00532M19:54:22.319","00532 20:07:31",202.76,866.79,,,,"     ",3.60,57.56,4.78
532,444748090,"00532M19:54:23.292","00532 20:07:32",202.73,866.79,,,,"     ",3.60,57.60,4.78
532,444748091,"00532M19:54:24.266","00532 20:07:33",202.70,866.87,,,,"     ",3.60,57.57,4.78
532,444748092,"00532M19:54:25.239","00532 20:07:34",202.68,866.80,,,,"     ",3.60,57.46,4.77
532,444748093,"00532M19:54:26.212","00532 20:07:35",202.64,866.79,,,,"     ",3.60,57.48,4.77
532,444748094,"00532M19:54:27.185","00532 20:07:36",202.60,866.75,,,,"     ",3.60,57.42,4.77
532,444748095,"00532M19:54:28.159","00532 20:07:37",202.57,866.71,,,,"     ",3.60,57.69,4.79
532,444748096,"00532M19:54:29.132","00532 20:07:38",202.56,866.73,,,,"     ",3.60,57.42,4.77
532,444748097,"00532M19:54:30.105","00532 20:07:39",202.56,866.69,,,,"     ",3.60,57.81,4.81
532,444748098,"00532M19:54:31.078","00532 20:07:40",202.58,866.66,,,,"     ",3.60,57.24,4.76
532,444748099,"00532M19:54:32.052","00532 20:07:41",202.62,866.64,,,,"     ",3.60,57.35,4.77
532,444748100,"00532M19:54:33.025","00532 20:07:42",202.65,866.74,,,,"     ",3.60,57.36,4.77
532,444748101,"00532M19:54:33.998","00532 20:07:43",202.68,866.76,,,,"     ",3.60,57.86,4.82
532,444748102,"00532M19:54:34.971","00532 20:07:44",202.69,866.78,,,,"     ",3.60,57.33,4.77
532,444748103,"00532M19:54:35.945","00532 20:07:45",202.68,866.80,,,,"     ",3.60,57.32,4.77
532,444748104,"00532M19:54:36.918","00532 20:07:46",202.64,866.75,,,,"     ",3.60,57.41,4.78
532,444748105,"00532M19:54:37.891","00532 20:07:47",202.59,866.82,,,,"     ",3.60,57.47,4.79
532,444748106,"00532M19:54:38.864","00532 20:07:48",202.54,866.83,,,,"     ",3.60,57.43,4.79
532,444748107,"00532M19:54:39.838","00532 20:07:49",202.49,866.72,,,,"     ",3.60,57.61,4.80
532,444748108,"00532M19:54:40.811","00532 20:07:50",202.48,866.81,,,,"     ",3.60,57.64,4.81
532,444748109,"00532M19:54:41.784","00532 20:07:51",202.47,866.83,,,,"     ",3.60,57.46,4.79
532,444748110,"00532M19:54:42.757","00532 20:07:52",202.45,866.77,,,,"     ",3.60,57.49,4.80
532,444748111,"00532M19:54:43.731","00532 20:07:53",202.43,866.67,,,,"     ",3.60,57.31,4.78
532,444748112,"00532M19:54:44.704","00532 20:07:54",202.41,866.68,,,,"     ",3.60,57.64,4.81
532,444748113,"00532M19:54:45.677","00532 20:07:54",202.39,866.77,,,,"     ",3.60,57.15,4.77
532,444748114,"00532M19:54:46.650","00532 20:07:55",202.40,866.79,,,,"     ",3.60,57.29,4.78
532,444748115,"00532M19:54:47.624","00532 20:07:56",202.43,866.84,,,,"     ",3.60,57.19,4.78
532,444748116,"00532M19:54:48.597","00532 20:07:57",202.48,866.88,,,,"     ",3.60,57.43,4.80
532,444748117,"00532M19:54:49.570","00532 20:07:58",202.52,866.83,,,,"     ",3.60,57.40,4.80
532,444748118,"00532M19:54:50.543","00532 20:07:59",202.55,866.84,,,,"     ",3.60,57.75,4.83
532,444748119,"00532M19:54:51.517","00532 20:08:00",202.56,866.87,,,,"     ",3.60,57.27,4.79
532,444748120,"00532M19:54:52.490","00532 20:08:01",202.56,866.83,,,,"     ",3.60,57.06,4.77
532,444748121,"00532M19:54:53.463","00532 20:08:02",202.55,866.80,,,,"     ",3.60,57.26,4.79
532,444748122,"00532M19:54:54.436","00532 20:08:03",202.55,866.79,,,,"     ",3.60,57.04,4.77
532,444748123,"00532M19:54:55.410","00532 20:08:04",202.57,866.76,,,,"     ",3.60,57.23,4.79
532,444748124,"00532M19:54:56.383","00532 20:08:05",202.60,866.77,,,,"     ",3.60,57.12,4.78
532,444748125,"00532M19:54:57.356","00532 20:08:06",202.65,866.82,,,,"     ",3.60,57.05,4.77
532,444748126,"00532M19:54:58.329","00532 20:08:07",202.71,866.83,,,,"     ",3.60,57.30,4.80
532,444748127,"00532M19:54:59.303","00532 20:08:08",202.76,866.74,,,,"     ",3.60,57.18,4.79
532,444748128,"00532M19:55:00.276","00532 20:08:09",202.80,866.77,,,,"     ",3.60,57.09,4.78
532,444748129,"00532M19:55:01.249","00532 20:08:10",202.81,866.75,,,,"     ",3.60,56.89,4.76
532,444748130,"00532M19:55:02.222","00532 20:08:11",202.80,866.79,,,,"     ",3.60,57.15,4.79
532,444748131,"00532M19:55:03.196","00532 20:08:12",202.78,866.80,,,,"     ",3.60,57.33,4.81
532,444748132,"00532M19:55:04.169","00532 20:08:13",202.76,866.83,,,,"     ",3.60,57.18,4.79
532,444748133,"00532M19:55:05.142","00532 20:08:14",202.74,866.85,,,,"     ",3.60,56.99,4.78
532,444748134,"00532M19:55:06.115","00532 20:08:15",202.71,866.85,,,,"     ",3.60,57.19,4.80
532,444748135,"00532M19:55:07.089","00532 20:08:16",202.66,866.79,,,,"     ",3.60,57.27,4.81
532,444748136,"00532M19:55:08.062","00532 20:08:17",202.60,866.80,,,,"     ",3.60,57.22,4.80
532,444748137,"00532M19:55:09.035","00532 20:08:18",202.52,866.84,,,,"     ",3.60,57.34,4.81
532,444748138,"00532M19:55:10.009","00532 20:08:19",202.44,866.83,,,,"     ",3.60,57.25,4.81
532,444748139,"00532M19:55:10.982","00532 20:08:20",202.37,866.90,,,,"     ",3.60,57.12,4.80
532,444748140,"00532M19:55:11.955","00532 20:08:21",202.34,866.85,,,,"     ",3.60,57.06,4.79
532,444748141,"00532M19:55:12.928","00532 20:08:22",202.35,866.83,,,,"     ",3.60,56.79,4.77
532,444748142,"00532M19:55:13.902","00532 20:08:23",202.41,866.85,,,,"     ",3.60,56.78,4.77
532,444748143,"00532M19:55:14.875","00532 20:08:24",202.48,866.88,,,,"     ",3.60,56.74,4.77
532,444748144,"00532M19:55:15.848","00532 20:08:25",202.57,866.85,,,,"     ",3.60,56.89,4.78
532,444748145,"00532M19:55:16.821","00532 20:08:26",202.65,866.77,,,,"     ",3.60,56.62,4.76
532,444748146,"00532M19:55:17.795","00532 20:08:27",202.73,866.85,,,,"     ",3.60,56.95,4.79
532,444748147,"00532M19:55:18.768","00532 20:08:28",202.81,866.85,,,,"     ",3.60,56.84,4.78
532,444748148,"00532M19:55:19.741","00532 20:08:29",202.87,866.88,,,,"     ",3.60,56.67,4.77
532,444748149,"00532M19:55:20.714","00532 20:08:30",202.92,866.80,,,,"     ",3.60,57.14,4.81
532,444748150,"00532M19:55:21.688","00532 20:08:31",202.95,866.74,,,,"     ",3.60,56.75,4.78
532,444748151,"00532M19:55:22.661","00532 20:08:31",202.95,866.67,,,,"     ",3.60,56.82,4.78
532,444748152,"00532M19:55:23.634","00532 20:08:32",202.94,866.79,,,,"     ",3.60,56.87,4.79
532,444748153,"00532M19:55:24.607","00532 20:08:33",202.89,866.84,,,,"     ",3.60,56.87,4.79
532,444748154,"00532M19:55:25.581","00532 20:08:34",202.82,866.80,,,,"     ",3.60,56.80,4.78
532,444748155,"00532M19:55:26.554","00532 20:08:35",202.73,866.86,,,,"     ",3.60,56.83,4.79
532,444748156,"00532M19:55:27.527","00532 20:08:36",202.64,866.89,,,,"     ",3.60,56.60,4.77
532,444748157,"00532M19:55:28.500","00532 20:08:37",202.58,866.79,,,,"     ",3.60,56.52,4.76
532,444748158,"00532M19:55:29.474","00532 20:08:38",202.55,866.81,,,,"     ",3.60,56.42,4.76
532,444748159,"00532M19:55:30.447","00532 20:08:39",202.52,866.80,,,,"     ",3.60,56.78,4.79
532,444748160,"00532M19:55:31.420","00532 20:08:40",202.49,866.76,,,,"     ",3.60,56.48,4.76
532,444748161,"00532M19:55:32.393","00532 20:08:41",202.47,866.76,,,,"     ",3.60,56.64,4.78
532,444748162,"00532M19:55:33.367","00532 20:08:42",202.45,866.85,,,,"     ",3.60,56.65,4.78
532,444748163,"00532M19:55:34.340","00532 20:08:43",202.43,866.83,,,,"     ",3.60,56.60,4.78
532,444748164,"00532M19:55:35.313","00532 20:08:44",202.42,866.87,,,,"     ",3.60,56.52,4.77
532,444748165,"00532M19:55:36.286","00532 20:08:45",202.41,866.83,,,,"     ",3.60,56.59,4.78
532,444748166,"00532M19:55:37.260","00532 20:08:46",202.40,866.90,,,,"     ",3.60,56.59,4.78
532,444748167,"00532M19:55:38.233","00532 20:08:47",202.39,866.85,,,,"     ",3.60,56.81,4.80
532,444748168,"00532M19:55:39.206","00532 20:08:48",202.39,866.83,,,,"     ",3.60,56.27,4.75
532,444748169,"00532M19:55:40.179","00532 20:08:49",202.40,866.88,,,,"     ",3.60,56.61,4.78
532,444748170,"00532M19:55:41.153","00532 20:08:50",202.40,866.81,,,,"     ",3.60,56.49,4.77
532,444748171,"00532M19:55:42.126","00532 20:08:51",203.03,866.91,,,95.40,"  101100",3.60,56.38,4.77
532,444748172,"00532M19:55:43.099","00532 20:08:52",202.92,866.88,,,,"     ",3.60,56.56,4.78
532,444748173,"00532M19:55:44.072","00532 20:08:53",202.83,866.85,,,,"     ",3.60,56.40,4.77
532,444748174,"00532M19:55:45.046","00532 20:08:54",202.75,866.91,,,,"     ",3.60,56.25,4.76
532,444748175,"00532M19:55:46.019","00532 20:08:55",202.68,866.86,,,,"     ",3.60,56.11,4.75
532,444748176,"00532M19:55:46.992","00532 20:08:56",202.61,866.77,,,,"     ",3.60,56.15,4.75
532,444748177,"00532M19:55:47.965","00532 20:08:57",202.56,866.81,,,,"     ",3.60,56.35,4.77
532,444748178,"00532M19:55:48.939","00532 20:08:58",202.52,866.78,,,,"     ",3.60,56.14,4.75
532,444748179,"00532M19:55:49.912","00532 20:08:59",202.49,866.78,,,,"     ",3.60,56.26,4.76
532,444748180,"00532M19:55:50.885","00532 20:09:00",202.46,866.75,,,,"     ",3.60,56.39,4.78
532,444748181,"00532M19:55:51.858","00532 20:09:01",202.45,866.83,,,,"     ",3.60,56.19,4.76
532,444748182,"00532M19:55:52.832","00532 20:09:02",202.45,866.82,,,,"     ",3.60,56.29,4.77
532,444748183,"00532M19:55:53.805","00532 20:09:03",202.45,866.84,,,,"     ",3.60,56.22,4.76
532,444748184,"00532M19:55:54.778","00532 20:09:04",202.47,866.90,,,,"     ",3.60,56.08,4.75
532,444748185,"00532M19:55:55.751","00532 20:09:05",202.52,866.86,,,,"     ",3.60,56.34,4.78
532,444748186,"00532M19:55:56.725","00532 20:09:06",202.56,866.79,,,,"     ",3.60,55.79,4.73
532,444748187,"00532M19:55:57.698","00532 20:09:07",202.60,866.75,,,,"     ",3.60,56.34,4.78
532,444748188,"00532M19:55:58.671","00532 20:09:07",202.65,866.79,,,,"     ",3.60,56.29,4.77
532,444748189,"00532M19:55:59.644","00532 20:09:08",202.70,866.80,,,,"     ",3.60,56.12,4.76
532,444748190,"00532M19:56:00.618","00532 20:09:09",202.75,866.78,,,,"     ",3.60,56.30,4.78
532,444748191,"00532M19:56:01.591","00532 20:09:10",202.79,866.79,,,,"     ",3.60,56.58,4.80
532,444748192,"00532M19:56:02.564","00532 20:09:11",202.83,866.88,,,,"     ",3.60,56.27,4.78
532,444748193,"00532M19:56:03.537","00532 20:09:12",202.87,866.86,,,,"     ",3.60,55.66,4.72
532,444748194,"00532M19:56:04.511","00532 20:09:13",202.91,866.94,,,,"     ",3.60,56.27,4.78
532,444748195,"00532M19:56:05.484","00532 20:09:14",202.95,866.89,,,,"     ",3.60,55.84,4.74
532,444748196,"00532M19:56:06.457","00532 20:09:15",202.96,866.83,,,,"     ",3.60,55.94,4.75
532,444748197,"00532M19:56:07.430","00532 20:09:16",202.96,866.93,,,,"     ",3.60,56.05,4.76
532,444748198,"00532M19:56:08.404","00532 20:09:17",202.95,866.89,,,,"     ",3.60,56.04,4.76
532,444748199,"00532M19:56:09.377","00532 20:09:18",202.94,866.90,,,,"     ",3.60,55.89,4.75
532,444748200,"00532M19:56:10.350","00532 20:09:19",202.92,866.81,,,,"     ",3.60,56.09,4.77
532,444748201,"00532M19:56:11.323","00532 20:09:20",202.90,866.74,,,,"     ",3.60,55.78,4.74
532,444748202,"00532M19:56:12.297","00532 20:09:21",202.86,866.68,,,,"     ",3.60,55.74,4.74
532,444748203,"00532M19:56:13.270","00532 20:09:22",202.83,866.76,,,,"     ",3.60,56.07,4.77
532,444748204,"00532M19:56:14.243","00532 20:09:23",202.80,866.83,,,,"     ",3.60,56.01,4.77
532,444748205,"00532M19:56:15.216","00532 20:09:24",202.78,866.80,,,,"     ",3.60,55.84,4.75
532,444748206,"00532M19:56:16.190","00532 20:09:25",202.75,866.83,,,,"     ",3.60,56.06,4.77
532,444748207,"00532M19:56:17.163","00532 20:09:26",202.72,866.86,,,,"     ",3.60,55.92,4.76
532,444748208,"00532M19:56:18.136","00532 20:09:27",202.70,866.87,,,,"     ",3.60,56.10,4.78
532,444748209,"00532M19:56:19.110","00532 20:09:28",202.69,866.87,,,,"     ",3.60,56.08,4.78
532,444748210,"00532M19:56:20.083","00532 20:09:29",202.68,866.81,,,,"     ",3.60,56.00,4.77
532,444748211,"00532M19:56:21.056","00532 20:09:30",202.69,866.82,,,,"     ",3.60,56.17,4.78
532,444748212,"00532M19:56:22.029","00532 20:09:31",202.70,866.77,,,,"     ",3.60,55.97,4.77
532,444748213,"00532M19:56:23.003","00532 20:09:32",202.75,866.83,,,,"     ",3.60,55.71,4.75
532,444748214,"00532M19:56:23.976","00532 20:09:33",202.81,866.77,,,,"     ",3.60,56.04,4.78
532,444748215,"00532M19:56:24.949","00532 20:09:34",202.87,866.79,,,,"     ",3.60,55.65,4.74
532,444748216,"00532M19:56:25.922","00532 20:09:35",202.91,866.83,,,,"     ",3.60,55.47,4.73
532,444748217,"00532M19:56:26.896","00532 20:09:36",202.95,866.92,,,,"     ",3.60,56.03,4.78
532,444748218,"00532M19:56:27.869","00532 20:09:37",202.99,866.89,,,,"     ",3.60,56.09,4.78
532,444748219,"00532M19:56:28.842","00532 20:09:38",203.03,866.87,,,,"     ",3.60,56.35,4.81
532,444748220,"00532M19:56:29.815","00532 20:09:39",203.07,866.87,,,,"     ",3.60,56.23,4.80
532,444748221,"00532M19:56:30.789","00532 20:09:40",203.10,866.89,,,,"     ",3.60,56.04,4.78
532,444748222,"00532M19:56:31.762","00532 20:09:41",203.10,866.92,,,,"     ",3.60,55.49,4.73
532,444748223,"00532M19:56:32.735","00532 20:09:42",203.07,866.89,,,,"     ",3.60,55.69,4.75
532,444748224,"00532M19:56:33.708","00532 20:09:43",203.02,866.87,,,,"     ",3.60,55.87,4.77
532,444748225,"00532M19:56:34.682","00532 20:09:44",202.96,866.75,,,,"     ",3.60,55.93,4.78
532,444748226,"00532M19:56:35.655","00532 20:09:44",202.90,866.84,,,,"     ",3.60,55.69,4.75
532,444748227,"00532M19:56:36.628","00532 20:09:45",202.86,866.83,,,,"     ",3.60,55.78,4.76
532,444748228,"00532M19:56:37.601","00532 20:09:46",202.83,866.89,,,,"     ",3.60,55.52,4.74
532,444748229,"00532M19:56:38.575","00532 20:09:47",202.83,866.90,,,,"     ",3.60,56.07,4.79
532,444748230,"00532M19:56:39.548","00532 20:09:48",202.86,866.92,,,,"     ",3.60,55.64,4.75
532,444748231,"00532M19:56:40.521","00532 20:09:49",202.91,866.92,,,,"     ",3.60,55.74,4.76
532,444748232,"00532M19:56:41.494","00532 20:09:50",202.96,867.00,,,,"     ",3.60,55.92,4.78
532,444748233,"00532M19:56:42.468","00532 20:09:51",203.02,866.85,,,,"     ",3.60,55.89,4.78
532,444748234,"00532M19:56:43.441","00532 20:09:52",203.10,866.87,,,,"     ",3.60,55.65,4.76
532,444748235,"00532M19:56:44.414","00532 20:09:53",203.17,866.85,,,,"     ",3.60,55.97,4.79
532,444748236,"00532M19:56:45.387","00532 20:09:54",203.23,866.80,,,,"     ",3.60,55.63,4.75
532,444748237,"00532M19:56:46.361","00532 20:09:55",203.28,866.93,,,,"     ",3.60,55.78,4.77
532,444748238,"00532M19:56:47.334","00532 20:09:56",203.33,866.92,,,,"     ",3.60,55.61,4.75
532,444748239,"00532M19:56:48.307","00532 20:09:57",203.37,866.97,,,,"     ",3.60,55.93,4.79
532,444748240,"00532M19:56:49.280","00532 20:09:58",203.40,867.07,,,,"     ",3.60,55.53,4.75
532,444748241,"00532M19:56:50.254","00532 20:09:59",203.40,867.01,,,,"     ",3.60,55.96,4.79
532,444748242,"00532M19:56:51.227","00532 20:10:00",203.38,866.91,,,,"     ",3.60,55.27,4.73
532,444748243,"00532M19:56:52.200","00532 20:10:01",203.35,866.85,,,,"     ",3.60,55.33,4.73
532,444748244,"00532M19:56:53.173","00532 20:10:02",203.31,866.86,,,,"     ",3.60,55.63,4.76
532,444748245,"00532M19:56:54.147","00532 20:10:03",203.28,866.94,,,,"     ",3.60,55.67,4.76
532,444748246,"00532M19:56:55.120","00532 20:10:04",203.25,866.93,,,,"     ",3.60,55.38,4.74
532,444748247,"00532M19:56:56.093","00532 20:10:05",203.23,866.95,,,,"     ",3.60,55.42,4.74
532,444748248,"00532M19:56:57.066","00532 20:10:06",203.20,866.87,,,,"     ",3.60,55.60,4.76
532,444748249,"00532M19:56:58.040","00532 20:10:07",203.19,866.86,,,,"     ",3.60,55.53,4.76
532,444748250,"00532M19:56:59.013","00532 20:10:08",203.18,866.88,,,,"     ",3.60,55.63,4.77
532,444748251,"00532M19:56:59.986","00532 20:10:09",203.20,866.89,,,,"     ",3.60,55.49,4.75
532,444748252,"00532M19:57:00.959","00532 20:10:10",203.23,866.88,,,,"     ",3.60,55.78,4.78
532,444748253,"00532M19:57:01.933","00532 20:10:11",203.27,866.96,,,,"     ",3.60,55.23,4.73
532,444748254,"00532M19:57:02.906","00532 20:10:12",203.30,867.05,,,,"     ",3.60,55.45,4.75
532,444748255,"00532M19:57:03.879","00532 20:10:13",203.33,866.98,,,,"     ",3.60,55.42,4.75
532,444748256,"00532M19:57:04.852","00532 20:10:14",203.34,866.88,,,,"     ",3.60,55.49,4.76
532,444748257,"00532M19:57:05.826","00532 20:10:15",203.34,866.90,,,,"     ",3.60,55.78,4.78
532,444748258,"00532M19:57:06.799","00532 20:10:16",203.32,866.79,,,,"     ",3.60,55.45,4.75
532,444748259,"00532M19:57:07.772","00532 20:10:17",203.30,866.78,,,,"     ",3.60,55.98,4.80
532,444748260,"00532M19:57:08.745","00532 20:10:18",203.27,866.87,,,,"     ",3.60,55.27,4.74
532,444748261,"00532M19:57:09.719","00532 20:10:19",203.24,866.84,,,,"     ",3.60,55.54,4.76
532,444748262,"00532M19:57:10.692","00532 20:10:20",203.21,866.93,,,,"     ",3.60,55.43,4.76
532,444748263,"00532M19:57:11.665","00532 20:10:20",203.19,866.96,,,,"     ",3.60,55.53,4.77
532,444748264,"00532M19:57:12.638","00532 20:10:21",203.16,866.99,,,,"     ",3.60,55.45,4.76
532,444748265,"00532M19:57:13.612","00532 20:10:22",203.15,866.90,,,,"     ",3.60,55.34,4.75
532,444748266,"00532M19:57:14.585","00532 20:10:23",203.14,866.91,,,,"     ",3.60,55.25,4.74
532,444748267,"00532M19:57:15.558","00532 20:10:24",203.14,866.87,,,,"     ",3.60,54.97,4.72
532,444748268,"00532M19:57:16.531","00532 20:10:25",203.14,866.90,,,,"     ",3.60,55.70,4.78
532,444748269,"00532M19:57:17.505","00532 20:10:26",203.14,866.79,,,,"     ",3.60,55.25,4.74
532,444748270,"00532M19:57:18.478","00532 20:10:27",203.13,866.90,,,,"     ",3.60,55.51,4.77
532,444748271,"00532M19:57:19.451","00532 20:10:28",203.14,866.84,,,,"     ",3.60,55.44,4.76
532,444748272,"00532M19:57:20.424","00532 20:10:29",203.16,866.88,,,,"     ",3.60,55.30,4.75
532,444748273,"00532M19:57:21.398","00532 20:10:30",203.17,866.83,,,,"     ",3.60,55.33,4.75
532,444748274,"00532M19:57:22.371","00532 20:10:31",203.18,866.88,,,,"     ",3.60,55.58,4.78
532,444748275,"00532M19:57:23.344","00532 20:10:32",203.17,866.90,,,,"     ",3.60,55.48,4.77
532,444748276,"00532M19:57:24.317","00532 20:10:33",203.16,866.85,,,,"     ",3.60,55.26,4.75
532,444748277,"00532M19:57:25.291","00532 20:10:34",203.14,866.98,,,,"     ",3.60,55.31,4.76
532,444748278,"00532M19:57:26.264","00532 20:10:35",203.12,866.83,,,,"     ",3.60,55.19,4.74
532,444748279,"00532M19:57:27.237","00532 20:10:36",203.09,866.93,,,,"     ",3.60,55.22,4.75
532,444748280,"00532M19:57:28.211","00532 20:10:37",203.08,866.89,,,,"     ",3.60,55.52,4.78
532,444748281,"00532M19:57:29.184","00532 20:10:38",203.10,866.89,,,,"     ",3.60,55.46,4.77
532,444748282,"00532M19:57:30.157","00532 20:10:39",203.15,866.87,,,,"     ",3.60,55.43,4.77
532,444748283,"00532M19:57:31.130","00532 20:10:40",203.22,866.84,,,,"     ",3.60,55.59,4.78
532,444748284,"00532M19:57:32.104","00532 20:10:41",203.29,866.86,,,,"     ",3.60,55.48,4.78
532,444748285,"00532M19:57:33.077","00532 20:10:42",203.36,866.84,,,,"     ",3.60,55.23,4.75
532,444748286,"00532M19:57:34.050","00532 20:10:43",203.40,866.86,,,,"     ",3.60,55.37,4.77
532,444748287,"00532M19:57:35.023","00532 20:10:44",203.43,866.96,,,,"     ",3.60,55.19,4.75
532,444748288,"00532M19:57:35.997","00532 20:10:45",203.44,866.92,,,,"     ",3.60,55.24,4.76
532,444748289,"00532M19:57:36.970","00532 20:10:46",203.43,866.80,,,,"     ",3.60,55.15,4.75
532,444748290,"00532M19:57:37.943","00532 20:10:47",203.43,866.86,,,,"     ",3.60,55.40,4.77
532,444748291,"00532M19:57:38.916","00532 20:10:48",203.43,866.87,,,,"     ",3.60,55.16,4.75
532,444748292,"00532M19:57:39.890","00532 20:10:49",203.44,866.92,,,,"     ",3.60,55.09,4.75
532,444748293,"00532M19:57:40.863","00532 20:10:50",203.46,866.77,,,,"     ",3.60,55.15,4.75
532,444748294,"00532M19:57:41.836","00532 20:10:51",203.48,866.82,,,,"     ",3.60,55.09,4.75
532,444748295,"00532M19:57:42.809","00532 20:10:52",203.48,866.88,,,,"     ",3.60,55.05,4.74
532,444748296,"00532M19:57:43.783","00532 20:10:53",203.47,866.88,,,,"     ",3.60,55.18,4.76
532,444748297,"00532M19:57:44.756","00532 20:10:54",203.44,866.94,,,,"     ",3.60,55.13,4.75
532,444748298,"00532M19:57:45.729","00532 20:10:55",203.42,866.86,,,,"     ",3.60,55.31,4.77
532,444748299,"00532M19:57:46.702","00532 20:10:56",203.41,866.87,,,,"     ",3.60,55.05,4.75
532,444748300,"00532M19:57:47.676","00532 20:10:57",203.40,866.92,,,,"     ",3.60,55.23,4.76
532,444748301,"00532M19:57:48.649","00532 20:10:57",203.41,866.93,,,,"     ",3.60,55.07,4.75
532,444748302,"00532M19:57:49.622","00532 20:10:58",203.39,866.93,,,,"     ",3.60,55.09,4.75
532,444748303,"00532M19:57:50.595","00532 20:10:59",203.36,866.95,,,,"     ",3.60,55.07,4.75
532,444748304,"00532M19:57:51.569","00532 20:11:00",203.30,866.93,,,,"     ",3.60,55.21,4.77
532,444748305,"00532M19:57:52.542","00532 20:11:01",203.21,866.98,,,,"     ",3.60,55.31,4.78
532,444748306,"00532M19:57:53.515","00532 20:11:02",203.10,866.86,,,,"     ",3.60,55.01,4.75
532,444748307,"00532M19:57:54.488","00532 20:11:03",202.99,866.84,,,,"     ",3.60,55.18,4.76
532,444748308,"00532M19:57:55.462","00532 20:11:04",202.89,866.79,,,,"     ",3.60,55.18,4.77
532,444748309,"00532M19:57:56.435","00532 20:11:05",202.83,866.84,,,,"     ",3.60,55.19,4.77
532,444748310,"00532M19:57:57.408","00532 20:11:06",202.79,866.88,,,,"     ",3.60,55.13,4.76
532,444748311,"00532M19:57:58.381","00532 20:11:07",202.78,866.85,,,,"     ",3.60,55.05,4.76
532,444748312,"00532M19:57:59.355","00532 20:11:08",202.80,866.86,,,,"     ",3.60,54.81,4.73
532,444748313,"00532M19:58:00.328","00532 20:11:09",202.84,866.91,,,,"     ",3.60,55.12,4.76
532,444748314,"00532M19:58:01.301","00532 20:11:10",202.91,866.90,,,,"     ",3.60,55.16,4.77
532,444748315,"00532M19:58:02.274","00532 20:11:11",202.99,866.93,,,,"     ",3.60,55.09,4.76
532,444748316,"00532M19:58:03.248","00532 20:11:12",203.06,866.82,,,,"     ",3.60,55.17,4.77
532,444748317,"00532M19:58:04.221","00532 20:11:13",203.12,866.94,,,,"     ",3.60,55.10,4.77
532,444748318,"00532M19:58:05.194","00532 20:11:14",203.18,866.88,,,,"     ",3.60,55.23,4.78
532,444748319,"00532M19:58:06.167","00532 20:11:15",203.24,866.86,,,,"     ",3.60,55.22,4.78
532,444748320,"00532M19:58:07.141","00532 20:11:16",203.29,866.81,,,,"     ",3.60,55.09,4.76
532,444748321,"00532M19:58:08.114","00532 20:11:17",203.32,866.82,,,,"     ",3.60,54.92,4.75
532,444748322,"00532M19:58:09.087","00532 20:11:18",203.32,866.93,,,,"     ",3.60,55.10,4.77
532,444748323,"00532M19:58:10.060","00532 20:11:19",203.31,866.89,,,,"     ",3.60,54.75,4.74
532,444748324,"00532M19:58:11.034","00532 20:11:20",203.29,866.96,,,,"     ",3.60,54.93,4.76
532,444748325,"00532M19:58:12.007","00532 20:11:21",203.26,866.93,,,,"     ",3.60,55.01,4.76
532,444748326,"00532M19:58:12.980","00532 20:11:22",203.23,866.93,,,,"     ",3.60,54.88,4.75
532,444748327,"00532M19:58:13.953","00532 20:11:23",203.17,866.99,,,,"     ",3.60,54.86,4.75
532,444748328,"00532M19:58:14.927","00532 20:11:24",203.10,867.00,,,,"     ",3.60,55.01,4.76
532,444748329,"00532M19:58:15.900","00532 20:11:25",203.03,866.91,,,,"     ",3.60,55.23,4.79
532,444748330,"00532M19:58:16.873","00532 20:11:26",202.97,866.88,,,,"     ",3.60,54.76,4.74
532,444748331,"00532M19:58:17.846","00532 20:11:27",202.92,866.97,,,,"     ",3.60,55.10,4.78
532,444748332,"00532M19:58:18.820","00532 20:11:28",202.87,866.91,,,,"     ",3.60,54.99,4.77
532,444748333,"00532M19:58:19.793","00532 20:11:29",202.83,866.93,,,,"     ",3.60,54.90,4.76
532,444748334,"00532M19:58:20.766","00532 20:11:30",202.78,866.99,,,,"     ",3.60,54.77,4.75
532,444748335,"00532M19:58:21.739","00532 20:11:31",202.74,866.91,,,,"     ",3.60,54.77,4.75
532,444748336,"00532M19:58:22.713","00532 20:11:32",202.68,866.90,,,,"     ",3.60,54.83,4.76
532,444748337,"00532M19:58:23.686","00532 20:11:33",202.63,866.92,,,,"     ",3.60,55.03,4.77
532,444748338,"00532M19:58:24.659","00532 20:11:33",202.59,866.85,,,,"     ",3.60,55.00,4.77
532,444748339,"00532M19:58:25.632","00532 20:11:34",202.59,866.89,,,,"     ",3.60,55.05,4.78
532,444748340,"00532M19:58:26.606","00532 20:11:35",202.61,866.96,,,,"     ",3.60,55.07,4.78
532,444748341,"00532M19:58:27.579","00532 20:11:36",202.66,866.91,,,,"     ",3.60,54.85,4.76
532,444748342,"00532M19:58:28.552","00532 20:11:37",202.73,866.91,,,,"     ",3.60,54.78,4.75
532,444748343,"00532M19:58:29.525","00532 20:11:38",202.80,866.95,,,,"     ",3.60,54.81,4.76
532,444748344,"00532M19:58:30.499","00532 20:11:39",202.89,866.90,,,,"     ",3.60,54.78,4.76
532,444748345,"00532M19:58:31.472","00532 20:11:40",202.98,866.88,,,,"     ",3.60,54.79,4.76
532,444748346,"00532M19:58:32.445","00532 20:11:41",203.09,866.88,,,,"     ",3.60,55.06,4.78
532,444748347,"00532M19:58:33.418","00532 20:11:42",203.20,866.89,,,,"     ",3.60,54.73,4.75
532,444748348,"00532M19:58:34.392","00532 20:11:43",203.31,866.90,,,,"     ",3.60,55.16,4.79
532,444748349,"00532M19:58:35.365","00532 20:11:44",203.41,866.86,,,,"     ",3.60,55.18,4.80
532,444748350,"00532M19:58:36.338","00532 20:11:45",203.50,866.84,,,,"     ",3.60,55.09,4.79
532,444748351,"00532M19:58:37.312","00532 20:11:46",203.57,866.84,,,,"     ",3.60,54.76,4.76
532,444748352,"00532M19:58:38.285","00532 20:11:47",203.58,866.87,,,,"     ",3.60,55.06,4.79
532,444748353,"00532M19:58:39.258","00532 20:11:48",203.54,866.88,,,,"     ",3.60,54.85,4.77
532,444748354,"00532M19:58:40.231","00532 20:11:49",203.46,866.93,,,,"     ",3.60,55.06,4.79
532,444748355,"00532M19:58:41.205","00532 20:11:50",203.36,866.85,,,,"     ",3.60,54.99,4.78
532,444748356,"00532M19:58:42.178","00532 20:11:51",203.26,866.89,,,,"     ",3.60,55.08,4.79
532,444748357,"00532M19:58:43.151","00532 20:11:52",203.17,866.89,,,,"     ",3.60,54.68,4.76
532,444748358,"00532M19:58:44.124","00532 20:11:53",203.10,866.83,,,,"     ",3.60,54.79,4.77
532,444748359,"00532M19:58:45.098","00532 20:11:54",203.05,866.91,,,,"     ",3.60,54.71,4.76
532,444748360,"00532M19:58:46.071","00532 20:11:55",203.03,866.82,,,,"     ",3.60,54.80,4.77
532,444748361,"00532M19:58:47.044","00532 20:11:56",203.02,866.93,,,,"     ",3.60,55.00,4.79
532,444748362,"00532M19:58:48.017","00532 20:11:57",203.03,866.94,,,,"     ",3.60,55.01,4.79
532,444748363,"00532M19:58:48.991","00532 20:11:58",203.03,866.91,,,,"     ",3.60,54.98,4.79
532,444748364,"00532M19:58:49.964","00532 20:11:59",203.04,866.90,,,,"     ",3.60,54.94,4.79
532,444748365,"00532M19:58:50.937","00532 20:12:00",203.06,866.88,,,,"     ",3.60,54.98,4.79
532,444748366,"00532M19:58:51.910","00532 20:12:01",203.09,866.90,,,,"     ",3.60,54.87,4.78
532,444748367,"00532M19:58:52.884","00532 20:12:02",203.12,866.89,,,,"     ",3.60,54.83,4.78
532,444748368,"00532M19:58:53.857","00532 20:12:03",203.15,866.94,,,,"     ",3.60,55.25,4.82
532,444748369,"00532M19:58:54.830","00532 20:12:04",203.15,866.95,,,,"     ",3.60,55.25,4.82
532,444748370,"00532M19:58:55.803","00532 20:12:05",203.13,866.90,,,,"     ",3.60,54.85,4.78
532,444748371,"00532M19:58:56.777","00532 20:12:06",203.10,866.96,,,,"     ",3.60,55.05,4.80
532,444748372,"00532M19:58:57.750","00532 20:12:07",203.08,866.93,,,,"     ",3.60,55.34,4.83
532,444748373,"00532M19:58:58.723","00532 20:12:08",203.06,866.97,,,,"     ",3.60,55.11,4.81
532,444748374,"00532M19:58:59.696","00532 20:12:09",203.06,866.82,,,,"     ",3.60,55.12,4.81
532,444748375,"00532M19:59:00.670","00532 20:12:10",203.08,866.94,,,,"     ",3.60,55.15,4.81
532,444748376,"00532M19:59:01.643","00532 20:12:10",203.13,866.81,,,,"     ",3.60,55.02,4.80
532,444748377,"00532M19:59:02.616","00532 20:12:11",203.17,866.87,,,,"     ",3.60,55.11,4.81
532,444748378,"00532M19:59:03.589","00532 20:12:12",203.22,866.88,,,,"     ",3.60,54.90,4.79
532,444748379,"00532M19:59:04.563","00532 20:12:13",203.26,866.93,,,,"     ",3.60,55.51,4.85
532,444748380,"00532M19:59:05.536","00532 20:12:14",203.30,866.97,,,,"     ",3.60,55.12,4.81
532,444748381,"00532M19:59:06.509","00532 20:12:15",203.35,866.94,,,,"     ",3.60,55.25,4.82
532,444748382,"00532M19:59:07.482","00532 20:12:16",203.39,866.88,,,,"     ",3.60,55.22,4.82
532,444748383,"00532M19:59:08.456","00532 20:12:17",203.43,866.82,,,,"     ",3.60,55.02,4.80
532,444748384,"00532M19:59:09.429","00532 20:12:18",203.46,866.80,,,,"     ",3.60,55.19,4.82
532,444748385,"00532M19:59:10.402","00532 20:12:19",203.47,866.82,,,,"     ",3.60,55.29,4.83
532,444748386,"00532M19:59:11.375","00532 20:12:20",203.48,866.96,,,,"     ",3.60,55.17,4.82
532,444748387,"00532M19:59:12.349","00532 20:12:21",203.48,867.01,,,,"     ",3.60,55.33,4.84
532,444748388,"00532M19:59:13.322","00532 20:12:22",203.45,866.90,,,,"     ",3.60,55.13,4.82
532,444748389,"00532M19:59:14.295","00532 20:12:23",203.42,866.96,,,,"     ",3.60,55.08,4.82
532,444748390,"00532M19:59:15.268","00532 20:12:24",203.38,866.97,,,,"     ",3.60,55.14,4.82
532,444748391,"00532M19:59:16.242","00532 20:12:25",203.36,866.95,,,,"     ",3.60,55.30,4.84
532,444748392,"00532M19:59:17.215","00532 20:12:26",203.36,867.02,,,,"     ",3.60,55.28,4.83
532,444748393,"00532M19:59:18.188","00532 20:12:27",203.36,866.95,,,,"     ",3.60,55.17,4.83
532,444748394,"00532M19:59:19.161","00532 20:12:28",203.37,866.89,,,,"     ",3.60,55.12,4.82
532,444748395,"00532M19:59:20.135","00532 20:12:29",203.36,866.89,,,,"     ",3.60,55.04,4.82
532,444748396,"00532M19:59:21.108","00532 20:12:30",203.35,866.79,,,,"     ",3.60,55.04,4.81
532,444748397,"00532M19:59:22.081","00532 20:12:31",203.35,866.84,,,,"     ",3.60,55.00,4.81
532,444748398,"00532M19:59:23.054","00532 20:12:32",203.36,866.88,,,,"     ",3.60,55.07,4.82
532,444748399,"00532M19:59:24.028","00532 20:12:33",203.40,867.00,,,,"     ",3.60,55.31,4.84
532,444748400,"00532M19:59:25.001","00532 20:12:34",203.43,866.95,,,,"     ",3.60,55.09,4.82
532,444748401,"00532M19:59:25.974","00532 20:12:35",203.47,866.97,,,,"     ",3.60,55.16,4.83
532,444748402,"00532M19:59:26.947","00532 20:12:36",203.50,866.95,,,,"     ",3.60,55.18,4.83
532,444748403,"00532M19:59:27.921","00532 20:12:37",203.49,866.88,,,,"     ",3.60,55.39,4.85
532,444748404,"00532M19:59:28.894","00532 20:12:38",203.46,866.93,,,,"     ",3.60,55.03,4.82
532,444748405,"00532M19:59:29.867","00532 20:12:39",203.42,866.94,,,,"     ",3.60,55.00,4.82
532,444748406,"00532M19:59:30.840","00532 20:12:40",203.39,866.90,,,,"     ",3.60,54.92,4.81
532,444748407,"00532M19:59:31.814","00532 20:12:41",203.36,866.90,,,,"     ",3.60,55.44,4.86
532,444748408,"00532M19:59:32.787","00532 20:12:42",203.32,866.92,,,,"     ",3.60,55.17,4.83
532,444748409,"00532M19:59:33.760","00532 20:12:43",203.29,866.88,,,,"     ",3.60,55.35,4.85
532,444748410,"00532M19:59:34.733","00532 20:12:44",203.25,866.96,,,,"     ",3.60,55.19,4.84
532,444748411,"00532M19:59:35.707","00532 20:12:45",203.21,866.93,,,,"     ",3.60,54.95,4.82
532,444748412,"00532M19:59:36.680","00532 20:12:46",203.19,867.00,,,,"     ",3.60,54.99,4.82
532,444748413,"00532M19:59:37.653","00532 20:12:46",203.18,866.92,,,,"     ",3.60,55.04,4.83
532,444748414,"00532M19:59:38.626","00532 20:12:47",203.18,866.90,,,,"     ",3.60,55.36,4.86
532,444748415,"00532M19:59:39.600","00532 20:12:48",203.20,866.92,,,,"     ",3.60,55.21,4.84
532,444748416,"00532M19:59:40.573","00532 20:12:49",203.22,866.91,,,,"     ",3.60,55.40,4.86
532,444748417,"00532M19:59:41.546","00532 20:12:50",203.25,866.95,,,,"     ",3.60,54.90,4.82
532,444748418,"00532M19:59:42.519","00532 20:12:51",203.29,866.92,,,,"     ",3.60,55.14,4.84
532,444748419,"00532M19:59:43.493","00532 20:12:52",203.32,866.92,,,,"     ",3.60,55.30,4.85
532,444748420,"00532M19:59:44.466","00532 20:12:53",203.32,866.90,,,,"     ",3.60,55.21,4.85
532,444748421,"00532M19:59:45.439","00532 20:12:54",203.29,866.94,,,,"     ",3.60,55.41,4.86
532,444748422,"00532M19:59:46.413","00532 20:12:55",203.25,866.94,,,,"     ",3.60,54.76,4.81
532,444748423,"00532M19:59:47.386","00532 20:12:56",203.21,866.91,,,,"     ",3.60,54.90,4.82
532,444748424,"00532M19:59:48.359","00532 20:12:57",203.19,866.94,,,,"     ",3.60,55.32,4.86
532,444748425,"00532M19:59:49.332","00532 20:12:58",203.19,866.98,,,,"     ",3.60,55.46,4.87
532,444748426,"00532M19:59:50.306","00532 20:12:59",203.21,866.94,,,,"     ",3.60,55.29,4.86
532,444748427,"00532M19:59:51.279","00532 20:13:00",203.24,866.93,,,,"     ",3.60,55.15,4.85
532,444748428,"00532M19:59:52.252","00532 20:13:01",203.25,866.97,,,,"     ",3.60,55.28,4.86
532,444748429,"00532M19:59:53.225","00532 20:13:02",203.25,866.90,,,,"     ",3.60,55.41,4.87
532,444748430,"00532M19:59:54.199","00532 20:13:03",203.25,866.90,,,,"     ",3.60,55.18,4.85
532,444748431,"00532M19:59:55.172","00532 20:13:04",203.25,866.91,,,,"     ",3.60,55.40,4.87
532,444748432,"00532M19:59:56.145","00532 20:13:05",203.27,866.93,,,,"     ",3.60,55.25,4.86
532,444748433,"00532M19:59:57.118","00532 20:13:06",203.31,866.83,,,,"     ",3.60,54.91,4.83
532,444748434,"00532M19:59:58.092","00532 20:13:07",203.35,866.82,,,,"     ",3.60,55.49,4.88
532,444748435,"00532M19:59:59.065","00532 20:13:08",203.40,866.82,,,,"     ",3.60,55.07,4.84
532,444748436,"00532M20:00:00.038","00532 20:13:09",203.44,866.89,,,,"     ",3.60,55.10,4.85
532,444748437,"00532M20:00:01.011","00532 20:13:10",203.47,866.89,,,,"     ",3.60,55.25,4.86
532,444748438,"00532M20:00:01.985","00532 20:13:11",203.49,866.93,,,,"     ",3.60,55.10,4.85
532,444748439,"00532M20:00:02.958","00532 20:13:12",203.48,866.92,,,,"     ",3.60,55.32,4.87
532,444748440,"00532M20:00:03.931","00532 20:13:13",203.46,866.88,,,,"     ",3.60,55.15,4.85
532,444748441,"00532M20:00:04.904","00532 20:13:14",203.43,866.85,,,,"     ",3.60,55.21,4.86
532,444748442,"00532M20:00:05.878","00532 20:13:15",203.41,866.88,,,,"     ",3.60,55.66,4.90
532,444748443,"00532M20:00:06.851","00532 20:13:16",203.40,866.91,,,,"     ",3.60,55.14,4.86
532,444748444,"00532M20:00:07.824","00532 20:13:17",203.41,866.93,,,,"     ",3.60,55.16,4.86
532,444748445,"00532M20:00:08.797","00532 20:13:18",203.43,866.94,,,,"     ",3.60,55.53,4.89
532,444748446,"00532M20:00:09.771","00532 20:13:19",203.44,866.95,,,,"     ",3.60,55.44,4.89
532,444748447,"00532M20:00:10.744","00532 20:13:20",203.45,866.94,,,,"     ",3.60,55.22,4.86
532,444748448,"00532M20:00:11.717","00532 20:13:21",203.45,866.91,,,,"     ",3.60,55.40,4.88
532,444748449,"00532M20:00:12.690","00532 20:13:22",203.45,866.91,,,,"     ",3.60,55.12,4.86
532,444748450,"00532M20:00:13.664","00532 20:13:23",203.44,866.91,,,,"     ",3.60,55.06,4.85
532,444748451,"00532M20:00:14.637","00532 20:13:23",203.45,866.88,,,,"     ",3.60,55.01,4.85
532,444748452,"00532M20:00:15.610","00532 20:13:24",203.46,866.89,,,,"     ",3.60,55.18,4.86
532,444748453,"00532M20:00:16.583","00532 20:13:25",203.49,866.91,,,,"     ",3.60,55.40,4.89
532,444748454,"00532M20:00:17.557","00532 20:13:26",203.53,866.89,,,,"     ",3.60,55.19,4.87
532,444748455,"00532M20:00:18.530","00532 20:13:27",203.57,866.81,,,,"     ",3.60,55.23,4.87
532,444748456,"00532M20:00:19.503","00532 20:13:28",203.61,866.87,,,,"     ",3.60,55.14,4.86
532,444748457,"00532M20:00:20.476","00532 20:13:29",203.64,866.96,,,,"     ",3.60,54.97,4.85
532,444748458,"00532M20:00:21.450","00532 20:13:30",203.66,866.91,,,,"     ",3.60,55.21,4.87
532,444748459,"00532M20:00:22.423","00532 20:13:31",203.66,866.92,,,,"     ",3.60,55.26,4.88
532,444748460,"00532M20:00:23.396","00532 20:13:32",203.65,866.95,,,,"     ",3.60,55.40,4.89
532,444748461,"00532M20:00:24.369","00532 20:13:33",203.62,866.96,,,,"     ",3.60,55.00,4.86
532,444748462,"00532M20:00:25.343","00532 20:13:34",203.60,866.92,,,,"     ",3.60,55.43,4.89
532,444748463,"00532M20:00:26.316","00532 20:13:35",203.57,866.94,,,,"     ",3.60,55.47,4.90
532,444748464,"00532M20:00:27.289","00532 20:13:36",203.56,866.97,,,,"     ",3.60,55.63,4.91
532,444748465,"00532M20:00:28.262","00532 20:13:37",203.55,866.99,,,,"     ",3.60,55.09,4.86
532,444748466,"00532M20:00:29.236","00532 20:13:38",203.52,866.86,,,,"     ",3.60,55.03,4.86
532,444748467,"00532M20:00:30.209","00532 20:13:39",203.51,866.83,,,,"     ",3.60,55.18,4.87
532,444748468,"00532M20:00:31.182","00532 20:13:40",203.49,866.81,,,,"     ",3.60,55.59,4.91
532,444748469,"00532M20:00:32.155","00532 20:13:41",203.48,866.93,,,,"     ",3.60,55.46,4.90
532,444748470,"00532M20:00:33.129","00532 20:13:42",203.47,866.93,,,,"     ",3.60,55.06,4.87
532,444748471,"00532M20:00:34.102","00532 20:13:43",203.46,866.92,,,,"     ",3.60,55.33,4.89
532,444748472,"00532M20:00:35.075","00532 20:13:44",203.47,866.82,,,,"     ",3.60,55.55,4.91
532,444748473,"00532M20:00:36.048","00532 20:13:45",203.47,866.92,,,,"     ",3.60,55.19,4.88
532,444748474,"00532M20:00:37.022","00532 20:13:46",203.48,866.88,,,,"     ",3.60,55.21,4.88
532,444748475,"00532M20:00:37.995","00532 20:13:47",203.49,867.00,,,,"     ",3.60,55.57,4.92
532,444748476,"00532M20:00:38.968","00532 20:13:48",203.50,866.94,,,,"     ",3.60,55.29,4.89
532,444748477,"00532M20:00:39.941","00532 20:13:49",203.53,866.94,,,,"     ",3.60,55.35,4.90
532,444748478,"00532M20:00:40.915","00532 20:13:50",203.55,866.93,,,,"     ",3.60,55.33,4.90
532,444748479,"00532M20:00:41.888","00532 20:13:51",202.72,866.95,,,95.35,"  101100",3.60,55.30,4.89
532,444748480,"00532M20:00:42.861","00532 20:13:52",202.85,866.98,,,,"     ",3.60,55.52,4.91
532,444748481,"00532M20:00:43.834","00532 20:13:53",202.97,867.04,,,,"     ",3.60,55.56,4.92
532,444748482,"00532M20:00:44.808","00532 20:13:54",203.08,866.98,,,,"     ",3.60,55.37,4.90
532,444748483,"00532M20:00:45.781","00532 20:13:55",203.18,866.91,,,,"     ",3.60,55.10,4.88
532,444748484,"00532M20:00:46.754","00532 20:13:56",203.26,866.97,,,,"     ",3.60,55.47,4.91
532,444748485,"00532M20:00:47.727","00532 20:13:57",203.34,866.99,,,,"     ",3.60,55.03,4.87
532,444748486,"00532M20:00:48.701","00532 20:13:58",203.40,866.97,,,,"     ",3.60,55.27,4.89
532,444748487,"00532M20:00:49.674","00532 20:13:59",203.45,867.01,,,,"     ",3.60,55.15,4.88
532,444748488,"00532M20:00:50.647","00532 20:13:59",203.50,866.99,,,,"     ",3.60,55.20,4.89
532,444748489,"00532M20:00:51.620","00532 20:14:00",203.53,867.03,,,,"     ",3.60,55.26,4.90
532,444748490,"00532M20:00:52.594","00532 20:14:01",203.55,866.95,,,,"     ",3.60,55.32,4.90
532,444748491,"00532M20:00:53.567","00532 20:14:02",203.56,866.95,,,,"     ",3.60,55.28,4.90
532,444748492,"00532M20:00:54.540","00532 20:14:03",203.57,866.91,,,,"     ",3.60,55.50,4.92
532,444748493,"00532M20:00:55.513","00532 20:14:04",203.55,866.95,,,,"     ",3.60,55.13,4.89
532,444748494,"00532M20:00:56.487","00532 20:14:05",203.52,867.01,,,,"     ",3.60,55.27,4.90
532,444748495,"00532M20:00:57.460","00532 20:14:06",203.47,867.03,,,,"     ",3.60,55.35,4.91
532,444748496,"00532M20:00:58.433","00532 20:14:07",203.39,866.99,,,,"     ",3.60,55.40,4.92
532,444748497,"00532M20:00:59.407","00532 20:14:08",203.32,866.97,,,,"     ",3.60,55.38,4.91
532,444748498,"00532M20:01:00.380","00532 20:14:09",203.26,867.05,,,,"     ",3.60,55.26,4.90
532,444748499,"00532M20:01:01.353","00532 20:14:10",203.21,866.92,,,,"     ",3.60,55.39,4.91
532,444748500,"00532M20:01:02.326","00532 20:14:11",203.18,866.96,,,,"     ",3.60,55.43,4.92
532,444748501,"00532M20:01:03.300","00532 20:14:12",203.16,866.94,,,,"     ",3.60,55.42,4.92
532,444748502,"00532M20:01:04.273","00532 20:14:13",203.16,866.98,,,,"     ",3.60,55.23,4.90
532,444748503,"00532M20:01:05.246","00532 20:14:14",203.16,867.01,,,,"     ",3.60,55.27,4.91
532,444748504,"00532M20:01:06.219","00532 20:14:15",203.17,867.02,,,,"     ",3.60,55.23,4.90
532,444748505,"00532M20:01:07.193","00532 20:14:16",203.16,866.96,,,,"     ",3.60,55.35,4.92
532,444748506,"00532M20:01:08.166","00532 20:14:17",203.17,867.00,,,,"     ",3.60,55.10,4.89
532,444748507,"00532M20:01:09.139","00532 20:14:18",203.17,866.95,,,,"     ",3.60,55.46,4.93
532,444748508,"00532M20:01:10.112","00532 20:14:19",203.17,866.91,,,,"     ",3.60,55.10,4.90
532,444748509,"00532M20:01:11.086","00532 20:14:20",203.18,866.94,,,,"     ",3.60,55.12,4.90
532,444748510,"00532M20:01:12.059","00532 20:14:21",203.18,866.99,,,,"     ",3.60,55.55,4.94
532,444748511,"00532M20:01:13.032","00532 20:14:22",203.17,867.02,,,,"     ",3.60,55.31,4.92
532,444748512,"00532M20:01:14.005","00532 20:14:23",203.14,867.01,,,,"     ",3.60,55.32,4.92
532,444748513,"00532M20:01:14.979","00532 20:14:24",203.09,866.95,,,,"     ",3.60,55.28,4.92
532,444748514,"00532M20:01:15.952","00532 20:14:25",203.03,866.91,,,,"     ",3.60,55.30,4.92
532,444748515,"00532M20:01:16.925","00532 20:14:26",202.95,866.96,,,,"     ",3.60,55.20,4.91
532,444748516,"00532M20:01:17.898","00532 20:14:27",202.88,866.96,,,,"     ",3.60,54.94,4.89
532,444748517,"00532M20:01:18.872","00532 20:14:28",202.86,867.02,,,,"     ",3.60,55.33,4.92
532,444748518,"00532M20:01:19.845","00532 20:14:29",202.87,866.88,,,,"     ",3.60,55.10,4.90
532,444748519,"00532M20:01:20.818","00532 20:14:30",202.92,866.95,,,,"     ",3.60,55.08,4.90
532,444748520,"00532M20:01:21.791","00532 20:14:31",202.97,866.88,,,,"     ",3.60,55.24,4.92
532,444748521,"00532M20:01:22.765","00532 20:14:32",203.02,866.91,,,,"     ",3.60,55.17,4.91
532,444748522,"00532M20:01:23.738","00532 20:14:33",203.05,866.97,,,,"     ",3.60,55.09,4.91
532,444748523,"00532M20:01:24.711","00532 20:14:34",203.08,866.99,,,,"     ",3.60,55.54,4.95
532,444748524,"00532M20:01:25.684","00532 20:14:35",203.09,866.96,,,,"     ",3.60,55.09,4.91
532,444748525,"00532M20:01:26.658","00532 20:14:36",203.09,866.89,,,,"     ",3.60,54.90,4.89
532,444748526,"00532M20:01:27.631","00532 20:14:36",203.07,866.96,,,,"     ",3.60,55.06,4.91
532,444748527,"00532M20:01:28.604","00532 20:14:37",203.05,866.94,,,,"     ",3.60,55.34,4.93
532,444748528,"00532M20:01:29.577","00532 20:14:38",203.01,866.96,,,,"     ",3.60,55.00,4.90
532,444748529,"00532M20:01:30.551","00532 20:14:39",202.96,866.99,,,,"     ",3.60,55.09,4.91
532,444748530,"00532M20:01:31.524","00532 20:14:40",202.91,867.06,,,,"     ",3.60,54.87,4.89
532,444748531,"00532M20:01:32.497","00532 20:14:41",202.86,867.01,,,,"     ",3.60,55.25,4.93
532,444748532,"00532M20:01:33.470","00532 20:14:42",202.83,867.08,,,,"     ",3.60,55.07,4.92
532,444748533,"00532M20:01:34.444","00532 20:14:43",202.80,866.96,,,,"     ",3.60,55.04,4.91
532,444748534,"00532M20:01:35.417","00532 20:14:44",202.78,866.99,,,,"     ",3.60,54.98,4.91
532,444748535,"00532M20:01:36.390","00532 20:14:45",202.76,866.92,,,,"     ",3.60,54.90,4.90
532,444748536,"00532M20:01:37.363","00532 20:14:46",202.73,866.99,,,,"     ",3.60,55.06,4.92
532,444748537,"00532M20:01:38.337","00532 20:14:47",202.71,866.92,,,,"     ",3.60,54.56,4.87
532,444748538,"00532M20:01:39.310","00532 20:14:48",202.67,866.89,,,,"     ",3.60,54.91,4.91
532,444748539,"00532M20:01:40.283","00532 20:14:49",202.64,866.97,,,,"     ",3.60,54.67,4.89
532,444748540,"00532M20:01:41.256","00532 20:14:50",202.60,866.91,,,,"     ",3.60,54.70,4.89
532,444748541,"00532M20:01:42.230","00532 20:14:51",202.58,866.95,,,,"     ",3.60,54.92,4.91
532,444748542,"00532M20:01:43.203","00532 20:14:52",202.56,866.88,,,,"     ",3.60,54.95,4.92
532,444748543,"00532M20:01:44.176","00532 20:14:53",202.55,866.87,,,,"     ",3.60,54.69,4.89
532,444748544,"00532M20:01:45.149","00532 20:14:54",202.55,866.97,,,,"     ",3.60,54.76,4.90
532,444748545,"00532M20:01:46.123","00532 20:14:55",202.53,866.98,,,,"     ",3.60,54.68,4.89
532,444748546,"00532M20:01:47.096","00532 20:14:56",202.51,866.97,,,,"     ",3.60,54.89,4.91
532,444748547,"00532M20:01:48.069","00532 20:14:57",202.48,866.89,,,,"     ",3.60,54.84,4.91
532,444748548,"00532M20:01:49.042","00532 20:14:58",202.47,866.93,,,,"     ",3.60,54.79,4.91
532,444748549,"00532M20:01:50.016","00532 20:14:59",202.47,866.93,,,,"     ",3.60,54.85,4.91
532,444748550,"00532M20:01:50.989","00532 20:15:00",202.48,866.91,,,,"     ",3.60,54.71,4.90
532,444748551,"00532M20:01:51.962","00532 20:15:01",202.49,866.95,,,,"     ",3.60,54.77,4.91
532,444748552,"00532M20:01:52.935","00532 20:15:02",202.50,866.95,,,,"     ",3.60,54.86,4.92
532,444748553,"00532M20:01:53.909","00532 20:15:03",202.49,867.01,,,,"     ",3.60,54.85,4.92
532,444748554,"00532M20:01:54.882","00532 20:15:04",202.46,866.98,,,,"     ",3.60,54.46,4.88
532,444748555,"00532M20:01:55.855","00532 20:15:05",202.42,866.98,,,,"     ",3.60,54.65,4.90
532,444748556,"00532M20:01:56.828","00532 20:15:06",202.39,866.94,,,,"     ",3.60,54.99,4.93
532,444748557,"00532M20:01:57.802","00532 20:15:07",202.39,866.93,,,,"     ",3.60,54.77,4.91
532,444748558,"00532M20:01:58.775","00532 20:15:08",202.42,867.00,,,,"     ",3.60,54.96,4.93
532,444748559,"00532M20:01:59.748","00532 20:15:09",202.48,867.00,,,,"     ",3.60,54.57,4.90
532,444748560,"00532M20:02:00.721","00532 20:15:10",202.56,866.90,,,,"     ",3.60,54.52,4.89
532,444748561,"00532M20:02:01.695","00532 20:15:11",202.62,866.91,,,,"     ",3.60,54.42,4.89
532,444748562,"00532M20:02:02.668","00532 20:15:12",202.68,866.90,,,,"     ",3.60,54.43,4.89
532,444748563,"00532M20:02:03.641","00532 20:15:13",202.72,866.99,,,,"     ",3.60,54.86,4.93
532,444748564,"00532M20:02:04.614","00532 20:15:13",202.76,866.95,,,,"     ",3.60,54.42,4.89
532,444748565,"00532M20:02:05.588","00532 20:15:14",202.80,867.06,,,,"     ",3.60,54.74,4.92
532,444748566,"00532M20:02:06.561","00532 20:15:15",202.85,866.96,,,,"     ",3.60,54.53,4.90
532,444748567,"00532M20:02:07.534","00532 20:15:16",202.89,866.96,,,,"     ",3.60,54.66,4.91
532,444748568,"00532M20:02:08.508","00532 20:15:17",202.93,866.98,,,,"     ",3.60,54.50,4.90
532,444748569,"00532M20:02:09.481","00532 20:15:18",202.94,867.01,,,,"     ",3.60,54.81,4.93
532,444748570,"00532M20:02:10.454","00532 20:15:19",202.93,866.95,,,,"     ",3.60,54.48,4.90
532,444748571,"00532M20:02:11.427","00532 20:15:20",202.89,866.98,,,,"     ",3.60,54.47,4.90
532,444748572,"00532M20:02:12.401","00532 20:15:21",202.82,867.01,,,,"     ",3.60,54.73,4.93
532,444748573,"00532M20:02:13.374","00532 20:15:22",202.74,866.99,,,,"     ",3.60,54.52,4.91
532,444748574,"00532M20:02:14.347","00532 20:15:23",202.65,866.90,,,,"     ",3.60,54.31,4.89
532,444748575,"00532M20:02:15.320","00532 20:15:24",202.57,866.97,,,,"     ",3.60,54.62,4.92
532,444748576,"00532M20:02:16.294","00532 20:15:25",202.50,866.94,,,,"     ",3.60,54.37,4.90
532,444748577,"00532M20:02:17.267","00532 20:15:26",202.44,866.96,,,,"     ",3.60,54.57,4.92
532,444748578,"00532M20:02:18.240","00532 20:15:27",202.40,866.95,,,,"     ",3.60,54.87,4.95
532,444748579,"00532M20:02:19.213","00532 20:15:28",202.36,866.94,,,,"     ",3.60,54.31,4.90
532,444748580,"00532M20:02:20.187","00532 20:15:29",202.33,866.95,,,,"     ",3.60,54.37,4.90
532,444748581,"00532M20:02:21.160","00532 20:15:30",202.31,867.05,,,,"     ",3.60,54.28,4.90
532,444748582,"00532M20:02:22.133","00532 20:15:31",202.31,866.95,,,,"     ",3.60,54.23,4.89
532,444748583,"00532M20:02:23.106","00532 20:15:32",202.33,866.97,,,,"     ",3.60,54.49,4.92
532,444748584,"00532M20:02:24.080","00532 20:15:33",202.39,866.98,,,,"     ",3.60,54.03,4.88
532,444748585,"00532M20:02:25.053","00532 20:15:34",202.46,867.05,,,,"     ",3.60,54.38,4.91
532,444748586,"00532M20:02:26.026","00532 20:15:35",202.51,866.99,,,,"     ",3.60,54.34,4.91
532,444748587,"00532M20:02:26.999","00532 20:15:36",202.53,866.91,,,,"     ",3.60,54.55,4.93
532,444748588,"00532M20:02:27.973","00532 20:15:37",202.53,866.92,,,,"     ",3.60,54.40,4.92
532,444748589,"00532M20:02:28.946","00532 20:15:38",202.50,866.98,,,,"     ",3.60,54.14,4.89
532,444748590,"00532M20:02:29.919","00532 20:15:39",202.48,866.92,,,,"     ",3.60,54.32,4.91
532,444748591,"00532M20:02:30.892","00532 20:15:40",202.44,866.98,,,,"     ",3.60,54.38,4.92
532,444748592,"00532M20:02:31.866","00532 20:15:41",202.40,866.92,,,,"     ",3.60,54.48,4.93
532,444748593,"00532M20:02:32.839","00532 20:15:42",202.35,866.92,,,,"     ",3.60,54.42,4.92
532,444748594,"00532M20:02:33.812","00532 20:15:43",202.31,866.92,,,,"     ",3.60,54.35,4.92
532,444748595,"00532M20:02:34.785","00532 20:15:44",202.27,866.84,,,,"     ",3.60,54.51,4.93
532,444748596,"00532M20:02:35.759","00532 20:15:45",202.23,866.93,,,,"     ",3.60,54.37,4.92
532,444748597,"00532M20:02:36.732","00532 20:15:46",202.21,866.90,,,,"     ",3.60,54.26,4.91
532,444748598,"00532M20:02:37.705","00532 20:15:47",202.18,866.87,,,,"     ",3.60,53.99,4.89
532,444748599,"00532M20:02:38.678","00532 20:15:48",202.17,866.90,,,,"     ",3.60,54.07,4.90
532,444748600,"00532M20:02:39.652","00532 20:15:49",202.16,866.93,,,,"     ",3.60,54.36,4.93
532,444748601,"00532M20:02:40.625","00532 20:15:49",202.17,866.92,,,,"     ",3.60,54.02,4.90
532,444748602,"00532M20:02:41.598","00532 20:15:50",202.19,866.93,,,,"     ",3.60,54.11,4.90
532,444748603,"00532M20:02:42.571","00532 20:15:51",202.24,866.89,,,,"     ",3.60,54.25,4.92
532,444748604,"00532M20:02:43.545","00532 20:15:52",202.28,866.93,,,,"     ",3.60,53.83,4.88
532,444748605,"00532M20:02:44.518","00532 20:15:53",202.31,866.89,,,,"     ",3.60,53.93,4.89
532,444748606,"00532M20:02:45.491","00532 20:15:54",202.31,866.94,,,,"     ",3.60,54.13,4.91
532,444748607,"00532M20:02:46.464","00532 20:15:55",202.29,866.91,,,,"     ",3.60,54.16,4.91
532,444748608,"00532M20:02:47.438","00532 20:15:56",202.26,866.94,,,,"     ",3.60,54.10,4.91
532,444748609,"00532M20:02:48.411","00532 20:15:57",202.23,866.96,,,,"     ",3.60,54.12,4.91
532,444748610,"00532M20:02:49.384","00532 20:15:58",202.21,866.91,,,,"     ",3.60,54.35,4.94
532,444748611,"00532M20:02:50.357","00532 20:15:59",202.20,866.84,,,,"     ",3.60,54.17,4.92
532,444748612,"00532M20:02:51.331","00532 20:16:00",202.20,866.94,,,,"     ",3.60,53.81,4.89
532,444748613,"00532M20:02:52.304","00532 20:16:01",202.22,866.91,,,,"     ",3.60,53.90,4.90
532,444748614,"00532M20:02:53.277","00532 20:16:02",202.25,866.97,,,,"     ",3.60,54.29,4.93
532,444748615,"00532M20:02:54.250","00532 20:16:03",202.28,866.94,,,,"     ",3.60,54.02,4.91
532,444748616,"00532M20:02:55.224","00532 20:16:04",202.31,866.90,,,,"     ",3.60,54.03,4.91
532,444748617,"00532M20:02:56.197","00532 20:16:05",202.35,866.91,,,,"     ",3.60,54.12,4.92
532,444748618,"00532M20:02:57.170","00532 20:16:06",202.38,866.95,,,,"     ",3.60,54.32,4.94
532,444748619,"00532M20:02:58.143","00532 20:16:07",202.41,867.01,,,,"     ",3.60,54.12,4.92
532,444748620,"00532M20:02:59.117","00532 20:16:08",202.45,867.00,,,,"     ",3.60,54.23,4.93
532,444748621,"00532M20:03:00.090","00532 20:16:09",202.50,866.92,,,,"     ",3.60,54.01,4.91
532,444748622,"00532M20:03:01.063","00532 20:16:10",202.56,866.95,,,,"     ",3.60,53.79,4.90
532,444748623,"00532M20:03:02.036","00532 20:16:11",202.59,866.88,,,,"     ",3.60,54.06,4.92
532,444748624,"00532M20:03:03.010","00532 20:16:12",202.59,866.77,,,,"     ",3.60,54.21,4.94
532,444748625,"00532M20:03:03.983","00532 20:16:13",202.57,866.87,,,,"     ",3.60,53.90,4.91
532,444748626,"00532M20:03:04.956","00532 20:16:14",202.52,866.92,,,,"     ",3.60,53.90,4.91
532,444748627,"00532M20:03:05.929","00532 20:16:15",202.46,867.03,,,,"     ",3.60,54.06,4.93
532,444748628,"00532M20:03:06.903","00532 20:16:16",202.37,866.96,,,,"     ",3.60,53.90,4.91
532,444748629,"00532M20:03:07.876","00532 20:16:17",202.28,866.93,,,,"     ",3.60,54.00,4.92
532,444748630,"00532M20:03:08.849","00532 20:16:18",202.20,866.92,,,,"     ",3.60,54.28,4.95
532,444748631,"00532M20:03:09.822","00532 20:16:19",202.10,866.93,,,,"     ",3.60,54.10,4.93
532,444748632,"00532M20:03:10.796","00532 20:16:20",202.00,866.91,,,,"     ",3.60,53.93,4.92
532,444748633,"00532M20:03:11.769","00532 20:16:21",201.90,866.94,,,,"     ",3.60,54.02,4.93
532,444748634,"00532M20:03:12.742","00532 20:16:22",201.80,866.95,,,,"     ",3.60,53.60,4.89
532,444748635,"00532M20:03:13.715","00532 20:16:23",201.72,866.94,,,,"     ",3.60,53.96,4.93
532,444748636,"00532M20:03:14.689","00532 20:16:24",201.66,866.91,,,,"     ",3.60,53.58,4.89
532,444748637,"00532M20:03:15.662","00532 20:16:25",201.64,866.93,,,,"     ",3.60,54.20,4.95
532,444748638,"00532M20:03:16.635","00532 20:16:26",201.64,866.90,,,,"     ",3.60,53.95,4.93
532,444748639,"00532M20:03:17.609","00532 20:16:26",201.65,866.89,,,,"     ",3.60,53.97,4.93
532,444748640,"00532M20:03:18.582","00532 20:16:27",201.68,866.94,,,,"     ",3.60,54.06,4.94
532,444748641,"00532M20:03:19.555","00532 20:16:28",201.73,866.89,,,,"     ",3.60,54.00,4.94
532,444748642,"00532M20:03:20.528","00532 20:16:29",201.79,866.95,,,,"     ",3.60,54.07,4.94
532,444748643,"00532M20:03:21.502","00532 20:16:30",201.86,866.96,,,,"     ",3.60,53.80,4.92
532,444748644,"00532M20:03:22.475","00532 20:16:31",201.92,866.99,,,,"     ",3.60,53.92,4.93
532,444748645,"00532M20:03:23.448","00532 20:16:32",201.98,866.98,,,,"     ",3.60,54.01,4.94
532,444748646,"00532M20:03:24.421","00532 20:16:33",202.04,866.93,,,,"     ",3.60,53.69,4.91
532,444748647,"00532M20:03:25.395","00532 20:16:34",202.09,866.92,,,,"     ",3.60,53.37,4.88
532,444748648,"00532M20:03:26.368","00532 20:16:35",202.11,866.96,,,,"     ",3.60,53.61,4.91
532,444748649,"00532M20:03:27.341","00532 20:16:36",202.10,866.90,,,,"     ",3.60,53.58,4.90
532,444748650,"00532M20:03:28.314","00532 20:16:37",202.06,866.98,,,,"     ",3.60,53.94,4.94
532,444748651,"00532M20:03:29.288","00532 20:16:38",202.02,866.92,,,,"     ",3.60,53.71,4.92
532,444748652,"00532M20:03:30.261","00532 20:16:39",201.98,866.89,,,,"     ",3.60,54.12,4.96
532,444748653,"00532M20:03:31.234","00532 20:16:40",201.94,866.89,,,,"     ",3.60,54.02,4.95
532,444748654,"00532M20:03:32.207","00532 20:16:41",201.90,866.98,,,,"     ",3.60,53.99,4.95
532,444748655,"00532M20:03:33.181","00532 20:16:42",201.87,866.96,,,,"     ",3.60,53.65,4.92
532,444748656,"00532M20:03:34.154","00532 20:16:43",201.85,866.95,,,,"     ",3.60,53.71,4.92
532,444748657,"00532M20:03:35.127","00532 20:16:44",201.84,866.96,,,,"     ",3.60,53.62,4.92
532,444748658,"00532M20:03:36.100","00532 20:16:45",201.82,866.98,,,,"     ",3.60,54.09,4.96
532,444748659,"00532M20:03:37.074","00532 20:16:46",201.81,866.86,,,,"     ",3.60,53.80,4.94
532,444748660,"00532M20:03:38.047","00532 20:16:47",201.83,866.92,,,,"     ",3.60,54.02,4.96
532,444748661,"00532M20:03:39.020","00532 20:16:48",201.88,866.81,,,,"     ",3.60,53.86,4.94
532,444748662,"00532M20:03:39.993","00532 20:16:49",201.96,866.91,,,,"     ",3.60,53.68,4.93
532,444748663,"00532M20:03:40.967","00532 20:16:50",202.06,866.95,,,,"     ",3.60,53.91,4.95
532,444748664,"00532M20:03:41.940","00532 20:16:51",202.17,866.91,,,,"     ",3.60,53.72,4.93
532,444748665,"00532M20:03:42.913","00532 20:16:52",202.29,866.89,,,,"     ",3.60,53.80,4.94
532,444748666,"00532M20:03:43.886","00532 20:16:53",202.39,866.84,,,,"     ",3.60,53.79,4.94
532,444748667,"00532M20:03:44.860","00532 20:16:54",202.48,866.93,,,,"     ",3.60,53.93,4.96
532,444748668,"00532M20:03:45.833","00532 20:16:55",202.54,866.83,,,,"     ",3.60,53.69,4.93
532,444748669,"00532M20:03:46.806","00532 20:16:56",202.58,866.89,,,,"     ",3.60,53.58,4.92
532,444748670,"00532M20:03:47.779","00532 20:16:57",202.59,866.76,,,,"     ",3.60,53.77,4.94
532,444748671,"00532M20:03:48.753","00532 20:16:58",202.58,866.79,,,,"     ",3.60,54.10,4.97
532,444748672,"00532M20:03:49.726","00532 20:16:59",202.56,866.80,,,,"     ",3.60,53.67,4.93
532,444748673,"00532M20:03:50.699","00532 20:17:00",202.50,866.91,,,,"     ",3.60,53.98,4.97
532,444748674,"00532M20:03:51.672","00532 20:17:01",202.41,866.78,,,,"     ",3.60,53.86,4.96
532,444748675,"00532M20:03:52.646","00532 20:17:02",202.30,866.89,,,,"     ",3.60,54.02,4.97
532,444748676,"00532M20:03:53.619","00532 20:17:02",202.18,866.87,,,,"     ",3.60,53.79,4.95
532,444748677,"00532M20:03:54.592","00532 20:17:03",202.07,866.85,,,,"     ",3.60,53.56,4.93
532,444748678,"00532M20:03:55.565","00532 20:17:04",201.99,866.90,,,,"     ",3.60,53.85,4.96
532,444748679,"00532M20:03:56.539","00532 20:17:05",201.94,866.88,,,,"     ",3.60,53.75,4.95
532,444748680,"00532M20:03:57.512","00532 20:17:06",201.93,866.96,,,,"     ",3.60,53.57,4.94
532,444748681,"00532M20:03:58.485","00532 20:17:07",201.94,866.92,,,,"     ",3.60,53.61,4.94
532,444748682,"00532M20:03:59.458","00532 20:17:08",201.98,866.91,,,,"     ",3.60,53.63,4.94
532,444748683,"00532M20:04:00.432","00532 20:17:09",202.03,866.84,,,,"     ",3.60,53.82,4.96
532,444748684,"00532M20:04:01.405","00532 20:17:10",202.11,866.88,,,,"     ",3.60,53.42,4.93
532,444748685,"00532M20:04:02.378","00532 20:17:11",202.20,866.86,,,,"     ",3.60,53.64,4.95
532,444748686,"00532M20:04:03.351","00532 20:17:12",202.29,866.85,,,,"     ",3.60,53.54,4.94
532,444748687,"00532M20:04:04.325","00532 20:17:13",202.38,866.81,,,,"     ",3.60,53.40,4.93
532,444748688,"00532M20:04:05.298","00532 20:17:14",202.46,866.86,,,,"     ",3.60,53.91,4.97
532,444748689,"00532M20:04:06.271","00532 20:17:15",202.52,866.85,,,,"     ",3.60,53.71,4.96
532,444748690,"00532M20:04:07.244","00532 20:17:16",202.56,866.87,,,,"     ",3.60,53.79,4.97
532,444748691,"00532M20:04:08.218","00532 20:17:17",202.59,866.85,,,,"     ",3.60,53.73,4.96
532,444748692,"00532M20:04:09.191","00532 20:17:18",202.62,866.94,,,,"     ",3.60,53.56,4.95
532,444748693,"00532M20:04:10.164","00532 20:17:19",202.63,866.90,,,,"     ",3.60,53.74,4.96
532,444748694,"00532M20:04:11.137","00532 20:17:20",202.62,866.94,,,,"     ",3.60,53.85,4.97
532,444748695,"00532M20:04:12.111","00532 20:17:21",202.60,866.88,,,,"     ",3.60,53.40,4.93
532,444748696,"00532M20:04:13.084","00532 20:17:22",202.56,866.92,,,,"     ",3.60,53.58,4.95
532,444748697,"00532M20:04:14.057","00532 20:17:23",202.51,866.88,,,,"     ",3.60,53.46,4.94
532,444748698,"00532M20:04:15.030","00532 20:17:24",202.48,866.85,,,,"     ",3.60,53.78,4.97
532,444748699,"00532M20:04:16.004","00532 20:17:25",202.45,866.80,,,,"     ",3.60,53.60,4.95
532,444748700,"00532M20:04:16.977","00532 20:17:26",202.43,866.85,,,,"     ",3.60,53.49,4.94
532,444748701,"00532M20:04:17.950","00532 20:17:27",202.43,866.83,,,,"     ",3.60,53.48,4.95
532,444748702,"00532M20:04:18.923","00532 20:17:28",202.43,866.81,,,,"     ",3.60,53.59,4.96
532,444748703,"00532M20:04:19.897","00532 20:17:29",202.43,866.79,,,,"     ",3.60,53.54,4.95
532,444748704,"00532M20:04:20.870","00532 20:17:30",202.44,866.88,,,,"     ",3.60,53.81,4.98
532,444748705,"00532M20:04:21.843","00532 20:17:31",202.44,867.01,,,,"     ",3.60,53.57,4.96
532,444748706,"00532M20:04:22.816","00532 20:17:32",202.44,866.88,,,,"     ",3.60,53.35,4.94
532,444748707,"00532M20:04:23.790","00532 20:17:33",202.44,866.80,,,,"     ",3.60,53.66,4.97
532,444748708,"00532M20:04:24.763","00532 20:17:34",202.45,866.86,,,,"     ",3.60,53.50,4.95
532,444748709,"00532M20:04:25.736","00532 20:17:35",202.46,866.96,,,,"     ",3.60,53.37,4.94
532,444748710,"00532M20:04:26.710","00532 20:17:36",202.47,866.90,,,,"     ",3.60,53.26,4.93
532,444748711,"00532M20:04:27.683","00532 20:17:37",202.49,866.98,,,,"     ",3.60,53.28,4.93
532,444748712,"00532M20:04:28.656","00532 20:17:38",202.49,866.94,,,,"     ",3.60,53.44,4.95
532,444748713,"00532M20:04:29.629","00532 20:17:39",202.48,866.92,,,,"     ",3.60,53.63,4.97
532,444748714,"00532M20:04:30.603","00532 20:17:39",202.44,866.93,,,,"     ",3.60,53.43,4.95
532,444748715,"00532M20:04:31.576","00532 20:17:40",202.40,866.87,,,,"     ",3.60,53.66,4.97
532,444748716,"00532M20:04:32.549","00532 20:17:41",202.38,866.91,,,,"     ",3.60,53.53,4.96
532,444748717,"00532M20:04:33.522","00532 20:17:42",202.40,866.85,,,,"     ",3.60,53.46,4.95
532,444748718,"00532M20:04:34.496","00532 20:17:43",202.46,866.90,,,,"     ",3.60,53.19,4.93
532,444748719,"00532M20:04:35.469","00532 20:17:44",202.55,866.83,,,,"     ",3.60,53.31,4.94
532,444748720,"00532M20:04:36.442","00532 20:17:45",202.63,866.91,,,,"     ",3.60,53.35,4.95
532,444748721,"00532M20:04:37.415","00532 20:17:46",202.70,866.91,,,,"     ",3.60,53.50,4.96
532,444748722,"00532M20:04:38.389","00532 20:17:47",202.74,866.83,,,,"     ",3.60,53.30,4.94
532,444748723,"00532M20:04:39.362","00532 20:17:48",202.74,866.85,,,,"     ",3.60,53.35,4.95
532,444748724,"00532M20:04:40.335","00532 20:17:49",202.73,866.82,,,,"     ",3.60,53.43,4.95
532,444748725,"00532M20:04:41.308","00532 20:17:50",202.70,866.82,,,,"     ",3.60,53.05,4.92
532,444748726,"00532M20:04:42.282","00532 20:17:51",202.66,866.82,,,,"     ",3.60,53.35,4.95
532,444748727,"00532M20:04:43.255","00532 20:17:52",202.60,866.79,,,,"     ",3.60,53.26,4.94
532,444748728,"00532M20:04:44.228","00532 20:17:53",202.52,866.80,,,,"     ",3.60,53.15,4.93
532,444748729,"00532M20:04:45.201","00532 20:17:54",202.44,866.82,,,,"     ",3.60,53.08,4.92
532,444748730,"00532M20:04:46.175","00532 20:17:55",202.35,866.86,,,,"     ",3.60,53.24,4.94
532,444748731,"00532M20:04:47.148","00532 20:17:56",202.25,866.95,,,,"     ",3.60,53.76,4.99
532,444748732,"00532M20:04:48.121","00532 20:17:57",202.20,866.80,,,,"     ",3.60,53.20,4.94
532,444748733,"00532M20:04:49.094","00532 20:17:58",202.19,866.89,,,,"     ",3.60,53.35,4.95
532,444748734,"00532M20:04:50.068","00532 20:17:59",202.22,866.89,,,,"     ",3.60,53.19,4.94
532,444748735,"00532M20:04:51.041","00532 20:18:00",202.28,866.95,,,,"     ",3.60,53.19,4.94
532,444748736,"00532M20:04:52.014","00532 20:18:01",202.37,866.90,,,,"     ",3.60,53.36,4.96
532,444748737,"00532M20:04:52.987","00532 20:18:02",202.46,866.96,,,,"     ",3.60,53.31,4.95
532,444748738,"00532M20:04:53.961","00532 20:18:03",202.55,866.87,,,,"     ",3.60,53.49,4.97
532,444748739,"00532M20:04:54.934","00532 20:18:04",202.62,866.81,,,,"     ",3.60,53.19,4.94
532,444748740,"00532M20:04:55.907","00532 20:18:05",202.66,866.82,,,,"     ",3.60,53.22,4.95
532,444748741,"00532M20:04:56.880","00532 20:18:06",202.69,866.92,,,,"     ",3.60,53.30,4.96
532,444748742,"00532M20:04:57.854","00532 20:18:07",202.71,866.82,,,,"     ",3.60,53.29,4.95
532,444748743,"00532M20:04:58.827","00532 20:18:08",202.71,866.94,,,,"     ",3.60,53.52,4.98
532,444748744,"00532M20:04:59.800","00532 20:18:09",202.71,866.87,,,,"     ",3.60,53.31,4.96
532,444748745,"00532M20:05:00.773","00532 20:18:10",202.71,866.85,,,,"     ",3.60,53.39,4.97
532,444748746,"00532M20:05:01.747","00532 20:18:11",202.70,866.82,,,,"     ",3.60,53.16,4.95
532,444748747,"00532M20:05:02.720","00532 20:18:12",202.70,866.90,,,,"     ",3.60,53.25,4.95
532,444748748,"00532M20:05:03.693","00532 20:18:13",202.71,866.87,,,,"     ",3.60,53.11,4.94
532,444748749,"00532M20:05:04.666","00532 20:18:14",202.74,866.80,,,,"     ",3.60,53.22,4.95
532,444748750,"00532M20:05:05.640","00532 20:18:15",202.80,866.87,,,,"     ",3.60,53.11,4.94
532,444748751,"00532M20:05:06.613","00532 20:18:15",202.88,866.85,,,,"     ",3.60,53.40,4.97
532,444748752,"00532M20:05:07.586","00532 20:18:16",202.96,866.81,,,,"     ",3.60,53.27,4.96
532,444748753,"00532M20:05:08.559","00532 20:18:17",203.05,866.83,,,,"     ",3.60,53.21,4.95
532,444748754,"00532M20:05:09.533","00532 20:18:18",203.14,866.90,,,,"     ",3.60,53.03,4.94
532,444748755,"00532M20:05:10.506","00532 20:18:19",203.22,866.79,,,,"     ",3.60,53.27,4.96
532,444748756,"00532M20:05:11.479","00532 20:18:20",203.29,866.79,,,,"     ",3.60,53.22,4.96
532,444748757,"00532M20:05:12.452","00532 20:18:21",203.32,866.77,,,,"     ",3.60,53.15,4.95
532,444748758,"00532M20:05:13.426","00532 20:18:22",203.32,866.88,,,,"     ",3.60,53.18,4.96
532,444748759,"00532M20:05:14.399","00532 20:18:23",203.30,866.90,,,,"     ",3.60,53.35,4.97
532,444748760,"00532M20:05:15.372","00532 20:18:24",203.26,866.88,,,,"     ",3.60,53.01,4.94
532,444748761,"00532M20:05:16.345","00532 20:18:25",203.22,866.82,,,,"     ",3.60,53.14,4.95
532,444748762,"00532M20:05:17.319","00532 20:18:26",203.16,866.81,,,,"     ",3.60,52.95,4.94
532,444748763,"00532M20:05:18.292","00532 20:18:27",203.10,866.77,,,,"     ",3.60,53.18,4.96
532,444748764,"00532M20:05:19.265","00532 20:18:28",203.04,866.83,,,,"     ",3.60,53.31,4.97
532,444748765,"00532M20:05:20.238","00532 20:18:29",202.99,866.88,,,,"     ",3.60,52.99,4.94
532,444748766,"00532M20:05:21.212","00532 20:18:30",202.95,866.81,,,,"     ",3.60,52.89,4.93
532,444748767,"00532M20:05:22.185","00532 20:18:31",202.93,866.87,,,,"     ",3.60,52.99,4.94
532,444748768,"00532M20:05:23.158","00532 20:18:32",202.94,866.83,,,,"     ",3.60,53.14,4.96
532,444748769,"00532M20:05:24.131","00532 20:18:33",202.96,866.85,,,,"     ",3.60,53.18,4.96
532,444748770,"00532M20:05:25.105","00532 20:18:34",203.00,866.89,,,,"     ",3.60,53.34,4.98
532,444748771,"00532M20:05:26.078","00532 20:18:35",203.06,866.86,,,,"     ",3.60,53.40,4.99
532,444748772,"00532M20:05:27.051","00532 20:18:36",203.11,866.84,,,,"     ",3.60,53.11,4.96
532,444748773,"00532M20:05:28.024","00532 20:18:37",203.15,866.84,,,,"     ",3.60,53.38,4.98
532,444748774,"00532M20:05:28.998","00532 20:18:38",203.19,866.90,,,,"     ",3.60,53.24,4.97
532,444748775,"00532M20:05:29.971","00532 20:18:39",203.22,866.88,,,,"     ",3.60,53.44,4.99
532,444748776,"00532M20:05:30.944","00532 20:18:40",203.22,866.86,,,,"     ",3.60,52.95,4.95
532,444748777,"00532M20:05:31.917","00532 20:18:41",203.24,866.85,,,,"     ",3.60,52.86,4.94
532,444748778,"00532M20:05:32.891","00532 20:18:42",203.26,866.86,,,,"     ",3.60,53.07,4.96
532,444748779,"00532M20:05:33.864","00532 20:18:43",203.28,866.92,,,,"     ",3.60,52.90,4.94
532,444748780,"00532M20:05:34.837","00532 20:18:44",203.28,866.94,,,,"     ",3.60,53.05,4.96
532,444748781,"00532M20:05:35.811","00532 20:18:45",203.29,866.86,,,,"     ",3.60,53.12,4.96
532,444748782,"00532M20:05:36.784","00532 20:18:46",203.28,866.84,,,,"     ",3.60,53.08,4.96
532,444748783,"00532M20:05:37.757","00532 20:18:47",203.28,866.80,,,,"     ",3.60,53.14,4.97
532,444748784,"00532M20:05:38.730","00532 20:18:48",203.27,866.82,,,,"     ",3.60,53.10,4.96
532,444748785,"00532M20:05:39.704","00532 20:18:49",203.26,866.84,,,,"     ",3.60,53.11,4.96
532,444748786,"00532M20:05:40.677","00532 20:18:50",203.24,866.83,,,,"     ",3.60,53.13,4.97
532,444748787,"00532M20:05:41.650","00532 20:18:51",203.22,866.81,,,,"     ",3.60,53.23,4.98
532,444748788,"00532M20:05:42.623","00532 20:18:52",203.20,866.93,,,,"     ",3.60,53.15,4.97
532,444748789,"00532M20:05:43.597","00532 20:18:52",203.17,866.91,,,,"     ",3.60,53.20,4.98
532,444752187,"00532M21:00:50.712","00532 21:14:00",204.21,866.35,,,5.37,"  001100",3.60,,
532,444752188,"00532M21:00:51.685","00532 21:14:01",204.22,866.29,,,,"     ",3.60,42.41,12.77
532,444752189,"00532M21:00:52.658","00532 21:14:02",204.22,866.38,,,,"     ",3.60,42.48,12.74
532,444752190,"00532M21:00:53.632","00532 21:14:03",204.23,866.41,,,,"     ",3.60,42.49,12.70
532,444752191,"00532M21:00:54.605","00532 21:14:04",204.23,866.32,,,,"     ",3.60,42.69,12.72
532,444752192,"00532M21:00:55.578","00532 21:14:05",204.23,866.29,,,,"     ",3.60,42.72,12.68
532,444752193,"00532M21:00:56.551","00532 21:14:06",204.23,866.37,,,,"     ",3.60,42.84,12.68
532,444752194,"00532M21:00:57.525","00532 21:14:07",204.23,866.45,,,,"     ",3.60,42.85,12.64
532,444752195,"00532M21:00:58.498","00532 21:14:08",204.23,866.56,,,,"     ",3.60,42.86,12.60
532,444752196,"00532M21:00:59.471","00532 21:14:09",204.22,866.55,,,,"     ",3.60,43.46,12.73
532,444752197,"00532M21:01:00.444","00532 21:14:10",204.21,866.41,,,,"     ",3.60,43.02,12.56
532,444752198,"00532M21:01:01.418","00532 21:14:11",204.20,866.36,,,,"     ",3.60,43.20,12.57
532,444752199,"00532M21:01:02.391","00532 21:14:12",204.18,866.41,,,,"     ",3.60,43.32,12.58
532,444752200,"00532M21:01:03.364","00532 21:14:13",204.17,866.36,,,,"     ",3.60,43.25,12.52
532,444752201,"00532M21:01:04.337","00532 21:14:14",204.15,866.40,,,,"     ",3.60,43.40,12.53
532,444752202,"00532M21:01:05.311","00532 21:14:15",204.13,866.39,,,,"     ",3.60,43.25,12.45
532,444752203,"00532M21:01:06.284","00532 21:14:16",204.11,866.38,,,,"     ",3.60,43.49,12.48
532,444752204,"00532M21:01:07.257","00532 21:14:17",204.09,866.37,,,,"     ",3.60,43.53,12.46
532,444752205,"00532M21:01:08.230","00532 21:14:17",204.07,866.44,,,,"     ",3.60,43.45,12.40
532,444752206,"00532M21:01:09.204","00532 21:14:18",204.05,866.27,,,,"     ",3.60,43.55,12.39
532,444752207,"00532M21:01:10.177","00532 21:14:19",204.03,866.38,,,,"     ",3.60,43.63,12.38
532,444752208,"00532M21:01:11.150","00532 21:14:20",203.97,866.43,,,,"     ",3.60,43.61,12.35
532,444752209,"00532M21:01:12.123","00532 21:14:21",203.90,866.41,,,,"     ",3.60,43.66,12.33
532,444752210,"00532M21:01:13.097","00532 21:14:22",203.83,866.36,,,,"     ",3.60,43.73,12.32
532,444752211,"00532M21:01:14.070","00532 21:14:23",203.75,866.41,,,,"     ",3.60,43.75,12.29
532,444752212,"00532M21:01:15.043","00532 21:14:24",203.68,866.43,,,,"     ",3.60,43.71,12.26
532,444752213,"00532M21:01:16.016","00532 21:14:25",203.60,866.35,,,,"     ",3.60,43.72,12.23
532,444752214,"00532M21:01:16.990","00532 21:14:26",203.54,866.33,,,,"     ",3.60,43.85,12.24
532,444752215,"00532M21:01:17.963","00532 21:14:27",203.49,866.27,,,,"     ",3.60,43.86,12.22
532,444752216,"00532M21:01:18.936","00532 21:14:28",203.46,866.28,,,,"     ",3.60,43.82,12.18
532,444752217,"00532M21:01:19.909","00532 21:14:29",203.44,866.28,,,,"     ",3.60,43.85,12.16
532,444752218,"00532M21:01:20.883","00532 21:14:30",203.43,866.29,,,,"     ",3.60,43.81,12.12
532,444752219,"00532M21:01:21.856","00532 21:14:31",203.43,866.36,,,,"     ",3.60,44.00,12.15
532,444752220,"00532M21:01:22.829","00532 21:14:32",203.45,866.33,,,,"     ",3.60,43.93,12.11
532,444752221,"00532M21:01:23.802","00532 21:14:33",203.46,866.45,,,,"     ",3.60,43.85,12.06
532,444752222,"00532M21:01:24.776","00532 21:14:34",203.49,866.39,,,,"     ",3.60,43.96,12.07
532,444752223,"00532M21:01:25.749","00532 21:14:35",203.52,866.38,,,,"     ",3.60,44.05,12.08
532,444752224,"00532M21:01:26.722","00532 21:14:36",203.54,866.37,,,,"     ",3.60,44.11,12.06
532,444752225,"00532M21:01:27.696","00532 21:14:37",203.57,866.39,,,,"     ",3.60,43.92,11.99
532,444752226,"00532M21:01:28.669","00532 21:14:38",203.60,866.43,,,,"     ",3.60,44.09,12.02
532,444752227,"00532M21:01:29.642","00532 21:14:39",203.63,866.39,,,,"     ",3.60,44.12,12.01
532,444752228,"00532M21:01:30.615","00532 21:14:40",203.66,866.44,,,,"     ",3.60,44.16,12.00
532,444752229,"00532M21:01:31.589","00532 21:14:41",203.69,866.34,,,,"     ",3.60,44.11,11.96
532,444752230,"00532M21:01:32.562","00532 21:14:42",203.72,866.37,,,,"     ",3.60,44.08,11.94
532,444752231,"00532M21:01:33.535","00532 21:14:43",203.75,866.27,,,,"     ",3.60,44.19,11.94
532,444752232,"00532M21:01:34.508","00532 21:14:44",203.78,866.29,,,,"     ",3.60,44.32,11.96
532,444752233,"00532M21:01:35.482","00532 21:14:45",203.80,866.31,,,,"     ",3.60,44.14,11.89
532,444752234,"00532M21:01:36.455","00532 21:14:46",203.82,866.31,,,,"     ",3.60,44.12,11.87
532,444752235,"00532M21:01:37.428","00532 21:14:47",203.83,866.30,,,,"     ",3.60,44.18,11.87
532,444752236,"00532M21:01:38.401","00532 21:14:48",203.84,866.35,,,,"     ",3.60,44.25,11.87
532,444752237,"00532M21:01:39.375","00532 21:14:49",203.84,866.31,,,,"     ",3.60,43.83,11.74
532,444752238,"00532M21:01:40.348","00532 21:14:50",203.84,866.37,,,,"     ",3.60,44.36,11.87
532,444752239,"00532M21:01:41.321","00532 21:14:51",203.83,866.44,,,,"     ",3.60,44.38,11.86
532,444752240,"00532M21:01:42.294","00532 21:14:52",203.83,866.46,,,,"     ",3.60,44.31,11.82
532,444752241,"00532M21:01:43.268","00532 21:14:53",203.84,866.50,,,,"     ",3.60,44.37,11.82
532,444752242,"00532M21:01:44.241","00532 21:14:54",203.70,866.47,,,,"     ",3.60,44.31,11.79
532,444752243,"00532M21:01:45.214","00532 21:14:54",203.75,866.44,,,,"     ",3.60,44.36,11.79
532,444752244,"00532M21:01:46.187","00532 21:14:55",203.81,866.40,,,,"     ",3.60,44.25,11.74
532,444752245,"00532M21:01:47.161","00532 21:14:56",203.87,866.44,,,,"     ",3.60,44.38,11.76
532,444752246,"00532M21:01:48.134","00532 21:14:57",203.91,866.39,,,,"     ",3.60,44.37,11.75
532,444752247,"00532M21:01:49.107","00532 21:14:58",203.95,866.30,,,,"     ",3.60,44.47,11.76
532,444752248,"00532M21:01:50.080","00532 21:14:59",203.96,866.38,,,,"     ",3.60,44.34,11.71
532,444752249,"00532M21:01:51.054","00532 21:15:00",203.96,866.40,,,,"     ",3.60,44.37,11.70
532,444752250,"00532M21:01:52.027","00532 21:15:01",203.95,866.41,,,,"     ",3.60,44.43,11.70
532,444752251,"00532M21:01:53.000","00532 21:15:02",203.94,866.40,,,,"     ",3.60,44.52,11.72
532,444752252,"00532M21:01:53.973","00532 21:15:03",203.93,866.41,,,,"     ",3.60,44.36,11.66
532,444752253,"00532M21:01:54.947","00532 21:15:04",203.93,866.32,,,,"     ",3.60,44.42,11.66
532,444752254,"00532M21:01:55.920","00532 21:15:05",203.92,866.29,,,,"     ",3.60,44.37,11.64
532,444752255,"00532M21:01:56.893","00532 21:15:06",203.91,866.37,,,,"     ",3.60,44.50,11.66
532,444752256,"00532M21:01:57.866","00532 21:15:07",203.90,866.34,,,,"     ",3.60,44.56,11.66
532,444752257,"00532M21:01:58.840","00532 21:15:08",203.90,866.32,,,,"     ",3.60,44.44,11.62
532,444752258,"00532M21:01:59.813","00532 21:15:09",203.90,866.24,,,,"     ",3.60,44.43,11.61
532,444752259,"00532M21:02:00.786","00532 21:15:10",203.90,866.28,,,,"     ",3.60,44.56,11.63
532,444752260,"00532M21:02:01.759","00532 21:15:11",203.90,866.26,,,,"     ",3.60,44.53,11.60
532,444752261,"00532M21:02:02.733","00532 21:15:12",203.89,866.34,,,,"     ",3.60,44.59,11.61
532,444752262,"00532M21:02:03.706","00532 21:15:13",203.88,866.30,,,,"     ",3.60,44.50,11.57
532,444752263,"00532M21:02:04.679","00532 21:15:14",203.85,866.33,,,,"     ",3.60,44.66,11.61
532,444752264,"00532M21:02:05.652","00532 21:15:15",203.82,866.36,,,,"     ",3.60,44.68,11.60
532,444752265,"00532M21:02:06.626","00532 21:15:16",203.79,866.30,,,,"     ",3.60,44.70,11.60
532,444752266,"00532M21:02:07.599","00532 21:15:17",203.76,866.26,,,,"     ",3.60,44.59,11.56
532,444752267,"00532M21:02:08.572","00532 21:15:18",203.72,866.37,,,,"     ",3.60,44.62,11.56
532,444752268,"00532M21:02:09.545","00532 21:15:19",203.70,866.31,,,,"     ",3.60,44.68,11.56
532,444752269,"00532M21:02:10.519","00532 21:15:20",203.67,866.44,,,,"     ",3.60,44.65,11.54
532,444752270,"00532M21:02:11.492","00532 21:15:21",203.64,866.48,,,,"     ",3.60,44.74,11.56
532,444752271,"00532M21:02:12.465","00532 21:15:22",203.89,866.28,,,,"     ",3.60,44.76,11.55
532,444752272,"00532M21:02:13.438","00532 21:15:23",203.86,866.33,,,,"     ",3.60,44.65,11.51
532,444752273,"00532M21:02:14.412","00532 21:15:24",203.82,866.32,,,,"     ",3.60,44.82,11.54
532,444752274,"00532M21:02:15.385","00532 21:15:25",203.77,866.29,,,,"     ",3.60,44.88,11.55
532,444752275,"00532M21:02:16.358","00532 21:15:26",203.72,866.23,,,,"     ",3.60,44.93,11.55
532,444752276,"00532M21:02:17.331","00532 21:15:27",203.67,866.24,,,,"     ",3.60,45.42,11.68
532,444752277,"00532M21:02:18.305","00532 21:15:28",203.62,866.26,,,,"     ",3.60,44.82,11.50
532,444752278,"00532M21:02:19.278","00532 21:15:29",203.58,866.39,,,,"     ",3.60,44.90,11.51
532,444752279,"00532M21:02:20.251","00532 21:15:30",203.19,866.31,,,,"     ",3.60,44.98,11.52
532,444752280,"00532M21:02:21.224","00532 21:15:30",203.18,866.34,,,,"     ",3.60,44.72,11.43
532,444752281,"00532M21:02:22.198","00532 21:15:31",203.18,866.43,,,,"     ",3.60,45.20,11.57
532,444752282,"00532M21:02:23.171","00532 21:15:32",203.19,866.41,,,,"     ",3.60,45.02,11.50
532,444752283,"00532M21:02:24.144","00532 21:15:33",203.22,866.39,,,,"     ",3.60,45.05,11.50
532,444752284,"00532M21:02:25.117","00532 21:15:34",203.26,866.40,,,,"     ",3.60,45.26,11.55
532,444752285,"00532M21:02:26.091","00532 21:15:35",203.31,866.31,,,,"     ",3.60,45.16,11.51
532,444752286,"00532M21:02:27.064","00532 21:15:36",203.36,866.36,,,,"     ",3.60,45.16,11.50
532,444752287,"00532M21:02:28.037","00532 21:15:37",203.42,866.28,,,,"     ",3.60,45.24,11.51
532,444752288,"00532M21:02:29.010","00532 21:15:38",203.48,866.34,,,,"     ",3.60,45.32,11.52
532,444752289,"00532M21:02:29.984","00532 21:15:39",203.53,866.37,,,,"     ",3.60,45.27,11.50
532,444752290,"00532M21:02:30.957","00532 21:15:40",203.57,866.32,,,,"     ",3.60,45.24,11.49
532,444752291,"00532M21:02:31.930","00532 21:15:41",203.60,866.37,,,,"     ",3.60,45.34,11.50
532,444752292,"00532M21:02:32.903","00532 21:15:42",203.63,866.41,,,,"     ",3.60,45.42,11.51
532,444752293,"00532M21:02:33.877","00532 21:15:43",203.65,866.27,,,,"     ",3.60,45.31,11.47
532,444752294,"00532M21:02:34.850","00532 21:15:44",203.66,866.24,,,,"     ",3.60,45.43,11.49
532,444752295,"00532M21:02:35.823","00532 21:15:45",203.68,866.34,,,,"     ",3.60,45.42,11.48
532,444752296,"00532M21:02:36.796","00532 21:15:46",203.68,866.35,,,,"     ",3.60,45.46,11.49
532,444752297,"00532M21:02:37.770","00532 21:15:47",203.68,866.33,,,,"     ",3.60,45.41,11.46
532,444752298,"00532M21:02:38.743","00532 21:15:48",203.68,866.39,,,,"     ",3.60,45.41,11.46
532,444752299,"00532M21:02:39.716","00532 21:15:49",203.67,866.31,,,,"     ",3.60,45.24,11.40
532,444752300,"00532M21:02:40.690","00532 21:15:50",203.66,866.36,,,,"     ",3.60,45.20,11.38
532,444752301,"00532M21:02:41.663","00532 21:15:51",203.65,866.35,,,,"     ",3.60,45.36,11.42
532,444752302,"00532M21:02:42.636","00532 21:15:52",203.63,866.31,,,,"     ",3.60,45.27,11.39
532,444752303,"00532M21:02:43.609","00532 21:15:53",203.62,866.36,,,,"     ",3.60,45.24,11.37
532,444752304,"00532M21:02:44.583","00532 21:15:54",203.62,866.32,,,,"     ",3.60,45.42,11.41
532,444752305,"00532M21:02:45.556","00532 21:15:55",203.62,866.34,,,,"     ",3.60,45.34,11.38
532,444752306,"00532M21:02:46.529","00532 21:15:56",203.64,866.29,,,,"     ",3.60,45.34,11.37
532,444752307,"00532M21:02:47.502","00532 21:15:57",203.66,866.26,,,,"     ",3.60,45.34,11.36
532,444752308,"00532M21:02:48.476","00532 21:15:58",203.69,866.21,,,,"     ",3.60,45.26,11.33
532,444752309,"00532M21:02:49.449","00532 21:15:59",203.72,866.22,,,,"     ",3.60,45.29,11.33
532,444752310,"00532M21:02:50.422","00532 21:16:00",203.74,866.30,,,,"     ",3.60,45.27,11.32
532,444752311,"00532M21:02:51.395","00532 21:16:01",203.74,866.13,,,,"     ",3.60,45.36,11.33
532,444752312,"00532M21:02:52.369","00532 21:16:02",203.73,866.31,,,,"     ",3.60,45.37,11.33
532,444752313,"00532M21:02:53.342","00532 21:16:03",203.71,866.27,,,,"     ",3.60,45.37,11.32
532,444752314,"00532M21:02:54.315","00532 21:16:04",203.68,866.24,,,,"     ",3.60,45.39,11.32
532,444752315,"00532M21:02:55.288","00532 21:16:05",203.64,866.29,,,,"     ",3.60,45.50,11.35
532,444752316,"00532M21:02:56.262","00532 21:16:06",203.60,866.26,,,,"     ",3.60,45.53,11.34
532,444752317,"00532M21:02:57.235","00532 21:16:07",203.55,866.27,,,,"     ",3.60,45.43,11.31
532,444752318,"00532M21:02:58.208","00532 21:16:07",203.52,866.30,,,,"     ",3.60,45.40,11.30
532,444752319,"00532M21:02:59.181","00532 21:16:08",203.49,866.30,,,,"     ",3.60,45.41,11.29
532,444752320,"00532M21:03:00.155","00532 21:16:09",203.46,866.32,,,,"     ",3.60,45.47,11.30
532,444752321,"00532M21:03:01.128","00532 21:16:10",203.44,866.30,,,,"     ",3.60,45.16,11.21
532,444752322,"00532M21:03:02.101","00532 21:16:11",203.42,866.29,,,,"     ",3.60,45.43,11.28
532,444752323,"00532M21:03:03.074","00532 21:16:12",203.40,866.26,,,,"     ",3.60,45.39,11.25
532,444752324,"00532M21:03:04.048","00532 21:16:13",203.38,866.27,,,,"     ",3.60,45.45,11.27
532,444752325,"00532M21:03:05.021","00532 21:16:14",203.37,866.29,,,,"     ",3.60,45.32,11.23
532,444752326,"00532M21:03:05.994","00532 21:16:15",203.35,866.17,,,,"     ",3.60,45.39,11.24
532,444752327,"00532M21:03:06.967","00532 21:16:16",203.35,866.18,,,,"     ",3.60,45.28,11.20
532,444752328,"00532M21:03:07.941","00532 21:16:17",203.34,866.35,,,,"     ",3.60,45.44,11.24
532,444752329,"00532M21:03:08.914","00532 21:16:18",203.34,866.34,,,,"     ",3.60,45.30,11.20
532,444752330,"00532M21:03:09.887","00532 21:16:19",203.34,866.34,,,,"     ",3.60,45.41,11.22
532,444752331,"00532M21:03:10.860","00532 21:16:20",203.35,866.24,,,,"     ",3.60,45.33,11.19
532,444752332,"00532M21:03:11.834","00532 21:16:21",203.36,866.29,,,,"     ",3.60,45.88,11.33
532,444752333,"00532M21:03:12.807","00532 21:16:22",203.36,866.31,,,,"     ",3.60,45.43,11.21
532,444752334,"00532M21:03:13.780","00532 21:16:23",203.35,866.35,,,,"     ",3.60,45.39,11.19
532,444752335,"00532M21:03:14.753","00532 21:16:24",203.34,866.26,,,,"     ",3.60,45.53,11.22
532,444752336,"00532M21:03:15.727","00532 21:16:25",203.31,866.26,,,,"     ",3.60,44.90,11.06
532,444752337,"00532M21:03:16.700","00532 21:16:26",203.28,866.27,,,,"     ",3.60,45.50,11.20
532,444752338,"00532M21:03:17.673","00532 21:16:27",203.24,866.34,,,,"     ",3.60,45.36,11.16
532,444752339,"00532M21:03:18.646","00532 21:16:28",203.19,866.21,,,,"     ",3.60,45.52,11.19
532,444752340,"00532M21:03:19.620","00532 21:16:29",203.14,866.24,,,,"     ",3.60,45.47,11.18
532,444752341,"00532M21:03:20.593","00532 21:16:30",203.09,866.30,,,,"     ",3.60,45.35,11.14
532,444752342,"00532M21:03:21.566","00532 21:16:31",203.03,866.28,,,,"     ",3.60,45.41,11.15
532,444752343,"00532M21:03:22.539","00532 21:16:32",202.99,866.33,,,,"     ",3.60,45.41,11.14
532,444752344,"00532M21:03:23.513","00532 21:16:33",202.95,866.33,,,,"     ",3.60,45.40,11.14
532,444752345,"00532M21:03:24.486","00532 21:16:34",202.93,866.26,,,,"     ",3.60,45.50,11.15
532,444752346,"00532M21:03:25.459","00532 21:16:35",202.91,866.28,,,,"     ",3.60,45.41,11.13
532,444752347,"00532M21:03:26.432","00532 21:16:36",202.91,866.30,,,,"     ",3.60,45.45,11.13
532,444752348,"00532M21:03:27.406","00532 21:16:37",202.92,866.21,,,,"     ",3.60,45.53,11.14
532,444752349,"00532M21:03:28.379","00532 21:16:38",202.94,866.21,,,,"     ",3.60,45.42,11.11
532,444752350,"00532M21:03:29.352","00532 21:16:39",202.96,866.21,,,,"     ",3.60,45.50,11.13
532,444752351,"00532M21:03:30.325","00532 21:16:40",202.99,866.19,,,,"     ",3.60,45.48,11.11
532,444752352,"00532M21:03:31.299","00532 21:16:41",203.01,866.23,,,,"     ",3.60,45.56,11.13
532,444752353,"00532M21:03:32.272","00532 21:16:42",203.03,866.27,,,,"     ",3.60,45.43,11.09
532,444752354,"00532M21:03:33.245","00532 21:16:43",203.03,866.31,,,,"     ",3.60,45.51,11.10
532,444752355,"00532M21:03:34.218","00532 21:16:43",203.02,866.21,,,,"     ",3.60,45.56,11.11
532,444752356,"00532M21:03:35.192","00532 21:16:44",203.01,866.23,,,,"     ",3.60,45.51,11.09
532,444752357,"00532M21:03:36.165","00532 21:16:45",203.00,866.18,,,,"     ",3.60,45.64,11.12
532,444752358,"00532M21:03:37.138","00532 21:16:46",202.99,866.15,,,,"     ",3.60,45.55,11.09
532,444752359,"00532M21:03:38.111","00532 21:16:47",202.99,866.26,,,,"     ",3.60,45.67,11.12
532,444752360,"00532M21:03:39.085","00532 21:16:48",203.01,866.24,,,,"     ",3.60,45.45,11.05
532,444752361,"00532M21:03:40.058","00532 21:16:49",203.04,866.30,,,,"     ",3.60,45.57,11.08
532,444752362,"00532M21:03:41.031","00532 21:16:50",203.07,866.26,,,,"     ",3.60,45.49,11.06
532,444752363,"00532M21:03:42.004","00532 21:16:51",203.11,866.30,,,,"     ",3.60,45.47,11.04
532,444752364,"00532M21:03:42.978","00532 21:16:52",203.14,866.25,,,,"     ",3.60,45.49,11.04
532,444752365,"00532M21:03:43.951","00532 21:16:53",203.17,866.28,,,,"     ",3.60,45.63,11.07
532,444752366,"00532M21:03:44.924","00532 21:16:54",203.19,866.30,,,,"     ",3.60,45.69,11.08
532,444752367,"00532M21:03:45.897","00532 21:16:55",203.20,866.31,,,,"     ",3.60,45.62,11.06
532,444752368,"00532M21:03:46.871","00532 21:16:56",203.21,866.27,,,,"     ",3.60,45.59,11.05
532,444752369,"00532M21:03:47.844","00532 21:16:57",203.22,866.24,,,,"     ",3.60,45.72,11.07
532,444752370,"00532M21:03:48.817","00532 21:16:58",203.22,866.28,,,,"     ",3.60,45.73,11.07
532,444752371,"00532M21:03:49.791","00532 21:16:59",203.21,866.36,,,,"     ",3.60,45.78,11.08
532,444752372,"00532M21:03:50.764","00532 21:17:00",203.21,866.37,,,,"     ",3.60,45.63,11.03
532,444752373,"00532M21:03:51.737","00532 21:17:01",203.20,866.31,,,,"     ",3.60,45.63,11.03
532,444752374,"00532M21:03:52.710","00532 21:17:02",203.19,866.28,,,,"     ",3.60,45.73,11.05
532,444752375,"00532M21:03:53.684","00532 21:17:03",203.18,866.33,,,,"     ",3.60,45.54,11.00
532,444752376,"00532M21:03:54.657","00532 21:17:04",203.16,866.30,,,,"     ",3.60,45.62,11.01
532,444752377,"00532M21:03:55.630","00532 21:17:05",203.14,866.34,,,,"     ",3.60,45.53,10.99
532,444752378,"00532M21:03:56.603","00532 21:17:06",203.11,866.36,,,,"     ",3.60,45.63,11.00
532,444752379,"00532M21:03:57.577","00532 21:17:07",203.07,866.25,,,,"     ",3.60,45.62,11.00
532,444752380,"00532M21:03:58.550","00532 21:17:08",203.01,866.29,,,,"     ",3.60,45.41,10.94
532,444752381,"00532M21:03:59.523","00532 21:17:09",202.95,866.27,,,,"     ",3.60,45.60,10.99
532,444752382,"00532M21:04:00.496","00532 21:17:10",202.89,866.28,,,,"     ",3.60,45.48,10.94
532,444752383,"00532M21:04:01.470","00532 21:17:11",202.83,866.32,,,,"     ",3.60,45.65,10.99
532,444752384,"00532M21:04:02.443","00532 21:17:12",202.78,866.26,,,,"     ",3.60,45.42,10.93
532,444752385,"00532M21:04:03.416","00532 21:17:13",202.74,866.36,,,,"     ",3.60,45.65,10.98
532,444752386,"00532M21:04:04.389","00532 21:17:14",202.72,866.32,,,,"     ",3.60,45.59,10.96
532,444752387,"00532M21:04:05.363","00532 21:17:15",202.72,866.25,,,,"     ",3.60,45.58,10.95
532,444752388,"00532M21:04:06.336","00532 21:17:16",202.74,866.26,,,,"     ",3.60,45.43,10.91
532,444752389,"00532M21:04:07.309","00532 21:17:17",202.77,866.27,,,,"     ",3.60,45.44,10.91
532,444752390,"00532M21:04:08.282","00532 21:17:18",202.82,866.31,,,,"     ",3.60,45.56,10.94
532,444752391,"00532M21:04:09.256","00532 21:17:19",202.87,866.28,,,,"     ",3.60,45.38,10.89
532,444752392,"00532M21:04:10.229","00532 21:17:20",202.91,866.28,,,,"     ",3.60,45.65,10.95
532,444752393,"00532M21:04:11.202","00532 21:17:20",202.94,866.28,,,,"     ",3.60,45.51,10.91
532,444752394,"00532M21:04:12.175","00532 21:17:21",202.96,866.29,,,,"     ",3.60,45.55,10.92
532,444752395,"00532M21:04:13.149","00532 21:17:22",202.96,866.27,,,,"     ",3.60,45.48,10.90
532,444752396,"00532M21:04:14.122","00532 21:17:23",202.95,866.34,,,,"     ",3.60,45.62,10.93
532,444752397,"00532M21:04:15.095","00532 21:17:24",202.93,866.29,,,,"     ",3.60,45.58,10.91
532,444752398,"00532M21:04:16.068","00532 21:17:25",202.90,866.34,,,,"     ",3.60,45.70,10.94
532,444752399,"00532M21:04:17.042","00532 21:17:26",202.87,866.32,,,,"     ",3.60,45.52,10.89
532,444752400,"00532M21:04:18.015","00532 21:17:27",202.84,866.31,,,,"     ",3.60,45.46,10.87
532,444752401,"00532M21:04:18.988","00532 21:17:28",202.81,866.22,,,,"     ",3.60,45.41,10.85
532,444752402,"00532M21:04:19.961","00532 21:17:29",202.79,866.24,,,,"     ",3.60,45.51,10.88
532,444752403,"00532M21:04:20.935","00532 21:17:30",202.78,866.29,,,,"     ",3.60,45.51,10.87
532,444752404,"00532M21:04:21.908","00532 21:17:31",202.77,866.22,,,,"     ",3.60,45.33,10.83
532,444752405,"00532M21:04:22.881","00532 21:17:32",202.77,866.24,,,,"     ",3.60,45.58,10.89
532,444752406,"00532M21:04:23.854","00532 21:17:33",202.77,866.26,,,,"     ",3.60,45.48,10.86
532,444752407,"00532M21:04:24.828","00532 21:17:34",202.77,866.26,,,,"     ",3.60,45.45,10.84
532,444752408,"00532M21:04:25.801","00532 21:17:35",202.76,866.23,,,,"     ",3.60,45.42,10.83
532,444752409,"00532M21:04:26.774","00532 21:17:36",202.75,866.31,,,,"     ",3.60,45.44,10.83
532,444752410,"00532M21:04:27.747","00532 21:17:37",202.75,866.26,,,,"     ",3.60,45.27,10.79
532,444752411,"00532M21:04:28.721","00532 21:17:38",202.74,866.25,,,,"     ",3.60,45.37,10.81
532,444752412,"00532M21:04:29.694","00532 21:17:39",202.75,866.25,,,,"     ",3.60,45.43,10.82
532,444752413,"00532M21:04:30.667","00532 21:17:40",202.76,866.30,,,,"     ",3.60,45.20,10.76
532,444752414,"00532M21:04:31.640","00532 21:17:41",202.78,866.25,,,,"     ",3.60,45.24,10.77
532,444752415,"00532M21:04:32.614","00532 21:17:42",202.80,866.31,,,,"     ",3.60,45.53,10.84
532,444752416,"00532M21:04:33.587","00532 21:17:43",202.84,866.26,,,,"     ",3.60,45.44,10.81
532,444752417,"00532M21:04:34.560","00532 21:17:44",202.86,866.30,,,,"     ",3.60,45.42,10.80
532,444752418,"00532M21:04:35.533","00532 21:17:45",202.88,866.23,,,,"     ",3.60,45.44,10.80
532,444752419,"00532M21:04:36.507","00532 21:17:46",202.89,866.28,,,,"     ",3.60,45.47,10.81
532,444752420,"00532M21:04:37.480","00532 21:17:47",202.89,866.31,,,,"     ",3.60,45.36,10.78
532,444752421,"00532M21:04:38.453","00532 21:17:48",202.87,866.26,,,,"     ",3.60,45.20,10.73
532,444752422,"00532M21:04:39.426","00532 21:17:49",202.85,866.25,,,,"     ",3.60,45.49,10.80
532,444752423,"00532M21:04:40.400","00532 21:17:50",202.81,866.22,,,,"     ",3.60,45.47,10.79
532,444752424,"00532M21:04:41.373","00532 21:17:51",202.78,866.24,,,,"     ",3.60,45.30,10.75
532,444752425,"00532M21:04:42.346","00532 21:17:52",202.75,866.29,,,,"     ",3.60,45.37,10.76
532,444752426,"00532M21:04:43.319","00532 21:17:53",202.72,866.29,,,,"     ",3.60,45.41,10.77
532,444752427,"00532M21:04:44.293","00532 21:17:54",202.69,866.25,,,,"     ",3.60,45.33,10.74
532,444752428,"00532M21:04:45.266","00532 21:17:55",202.66,866.22,,,,"     ",3.60,45.31,10.74
532,444752429,"00532M21:04:46.239","00532 21:17:56",202.63,866.19,,,,"     ",3.60,45.41,10.76
532,444752430,"00532M21:04:47.212","00532 21:17:56",202.59,866.24,,,,"     ",3.60,45.44,10.76
532,444752431,"00532M21:04:48.186","00532 21:17:57",202.55,866.31,,,,"     ",3.60,45.53,10.78
532,444752432,"00532M21:04:49.159","00532 21:17:58",202.51,866.32,,,,"     ",3.60,45.29,10.72
532,444752433,"00532M21:04:50.132","00532 21:17:59",202.48,866.24,,,,"     ",3.60,45.15,10.68
532,444752434,"00532M21:04:51.105","00532 21:18:00",202.44,866.24,,,,"     ",3.60,45.13,10.67
532,444752435,"00532M21:04:52.079","00532 21:18:01",202.41,866.26,,,,"     ",3.60,45.37,10.73
532,444752436,"00532M21:04:53.052","00532 21:18:02",202.38,866.24,,,,"     ",3.60,45.26,10.70
532,444752437,"00532M21:04:54.025","00532 21:18:03",202.35,866.25,,,,"     ",3.60,45.17,10.67
532,444752438,"00532M21:04:54.998","00532 21:18:04",202.33,866.23,,,,"     ",3.60,45.19,10.67
532,444752439,"00532M21:04:55.972","00532 21:18:05",202.31,866.22,,,,"     ",3.60,45.32,10.70
532,444752440,"00532M21:04:56.945","00532 21:18:06",202.31,866.18,,,,"     ",3.60,45.34,10.70
532,444752441,"00532M21:04:57.918","00532 21:18:07",202.31,866.29,,,,"     ",3.60,45.19,10.66
532,444752442,"00532M21:04:58.892","00532 21:18:08",202.31,866.29,,,,"     ",3.60,45.27,10.68
532,444752443,"00532M21:04:59.865","00532 21:18:09",202.33,866.43,,,,"     ",3.60,45.31,10.69
532,444752444,"00532M21:05:00.838","00532 21:18:10",202.35,866.34,,,,"     ",3.60,45.33,10.68
532,444752445,"00532M21:05:01.811","00532 21:18:11",202.39,866.28,,,,"     ",3.60,45.32,10.68
532,444752446,"00532M21:05:02.785","00532 21:18:12",202.43,866.35,,,,"     ",3.60,45.34,10.68
532,444752447,"00532M21:05:03.758","00532 21:18:13",202.49,866.34,,,,"     ",3.60,45.17,10.64
532,444752448,"00532M21:05:04.731","00532 21:18:14",202.54,866.33,,,,"     ",3.60,45.24,10.65
532,444752449,"00532M21:05:05.704","00532 21:18:15",202.59,866.25,,,,"     ",3.60,45.21,10.64
532,444752450,"00532M21:05:06.678","00532 21:18:16",202.63,866.20,,,,"     ",3.60,45.17,10.62
532,444752451,"00532M21:05:07.651","00532 21:18:17",202.65,866.29,,,,"     ",3.60,45.28,10.65
532,444752452,"00532M21:05:08.624","00532 21:18:18",202.66,866.14,,,,"     ",3.60,45.21,10.62
532,444752453,"00532M21:05:09.597","00532 21:18:19",202.65,866.21,,,,"     ",3.60,45.12,10.60
532,444752454,"00532M21:05:10.571","00532 21:18:20",202.64,866.11,,,,"     ",3.60,45.28,10.63
532,444752455,"00532M21:05:11.544","00532 21:18:21",202.61,866.30,,,,"     ",3.60,45.06,10.58
532,444752456,"00532M21:05:12.517","00532 21:18:22",202.59,866.23,,,,"     ",3.60,45.10,10.59
532,444752457,"00532M21:05:13.490","00532 21:18:23",202.58,866.26,,,,"     ",3.60,45.27,10.63
532,444752458,"00532M21:05:14.464","00532 21:18:24",202.57,866.19,,,,"     ",3.60,45.07,10.57
532,444752459,"00532M21:05:15.437","00532 21:18:25",202.57,866.20,,,,"     ",3.60,45.30,10.63
532,444752460,"00532M21:05:16.410","00532 21:18:26",202.57,866.17,,,,"     ",3.60,45.19,10.60
532,444752461,"00532M21:05:17.383","00532 21:18:27",202.58,866.25,,,,"     ",3.60,45.08,10.56
532,444752462,"00532M21:05:18.357","00532 21:18:28",202.57,866.26,,,,"     ",3.60,45.05,10.56
532,444752463,"00532M21:05:19.330","00532 21:18:29",202.56,866.27,,,,"     ",3.60,44.99,10.53
532,444752464,"00532M21:05:20.303","00532 21:18:30",202.53,866.31,,,,"     ",3.60,45.02,10.54
532,444752465,"00532M21:05:21.276","00532 21:18:31",202.51,866.29,,,,"     ",3.60,45.09,10.55
532,444752466,"00532M21:05:22.250","00532 21:18:32",202.47,866.29,,,,"     ",3.60,45.25,10.59
532,444752467,"00532M21:05:23.223","00532 21:18:33",202.44,866.24,,,,"     ",3.60,45.25,10.59
532,444752468,"00532M21:05:24.196","00532 21:18:33",202.40,866.28,,,,"     ",3.60,44.98,10.52
532,444752469,"00532M21:05:25.169","00532 21:18:34",202.36,866.28,,,,"     ",3.60,45.17,10.56
532,444752470,"00532M21:05:26.143","00532 21:18:35",202.33,866.36,,,,"     ",3.60,45.14,10.55
532,444752471,"00532M21:05:27.116","00532 21:18:36",202.30,866.29,,,,"     ",3.60,45.12,10.54
532,444752472,"00532M21:05:28.089","00532 21:18:37",202.28,866.31,,,,"     ",3.60,45.02,10.51
532,444752473,"00532M21:05:29.062","00532 21:18:38",202.26,866.28,,,,"     ",3.60,45.17,10.55
532,444752474,"00532M21:05:30.036","00532 21:18:39",202.24,866.33,,,,"     ",3.60,45.09,10.53
532,444752475,"00532M21:05:31.009","00532 21:18:40",202.21,866.27,,,,"     ",3.60,45.12,10.53
532,444752476,"00532M21:05:31.982","00532 21:18:41",202.18,866.28,,,,"     ",3.60,44.97,10.49
532,444752477,"00532M21:05:32.955","00532 21:18:42",202.16,866.24,,,,"     ",3.60,45.20,10.54
532,444752478,"00532M21:05:33.929","00532 21:18:43",202.14,866.24,,,,"     ",3.60,45.01,10.50
532,444752479,"00532M21:05:34.902","00532 21:18:44",202.12,866.24,,,,"     ",3.60,44.86,10.46
532,444752480,"00532M21:05:35.875","00532 21:18:45",202.11,866.26,,,,"     ",3.60,44.87,10.45
532,444752481,"00532M21:05:36.848","00532 21:18:46",202.10,866.36,,,,"     ",3.60,45.02,10.49
532,444752482,"00532M21:05:37.822","00532 21:18:47",202.09,866.28,,,,"     ",3.60,44.96,10.47
532,444752483,"00532M21:05:38.795","00532 21:18:48",202.09,866.31,,,,"     ",3.60,44.98,10.48
532,444752484,"00532M21:05:39.768","00532 21:18:49",202.08,866.24,,,,"     ",3.60,44.92,10.45
532,444752485,"00532M21:05:40.741","00532 21:18:50",202.09,866.32,,,,"     ",3.60,44.82,10.43
532,444752486,"00532M21:05:41.715","00532 21:18:51",202.09,866.35,,,,"     ",3.60,45.07,10.49
532,444752487,"00532M21:05:42.688","00532 21:18:52",202.10,866.39,,,,"     ",3.60,44.90,10.45
532,444752488,"00532M21:05:43.661","00532 21:18:53",202.11,866.34,,,,"     ",3.60,44.93,10.45
532,444752489,"00532M21:05:44.634","00532 21:18:54",202.12,866.32,,,,"     ",3.60,45.00,10.47
532,444752490,"00532M21:05:45.608","00532 21:18:55",202.14,866.34,,,,"     ",3.60,44.85,10.43
532,444752491,"00532M21:05:46.581","00532 21:18:56",202.16,866.28,,,,"     ",3.60,44.77,10.41
532,444752492,"00532M21:05:47.554","00532 21:18:57",202.18,866.31,,,,"     ",3.60,44.88,10.43
532,444752493,"00532M21:05:48.527","00532 21:18:58",202.21,866.31,,,,"     ",3.60,44.93,10.44
532,444752494,"00532M21:05:49.501","00532 21:18:59",202.23,866.31,,,,"     ",3.60,44.90,10.43
532,444755880,"00532M22:00:44.937","00532 22:13:55",199.23,872.77,,,,"     ",3.60,,
532,444755881,"00532M22:00:45.910","00532 22:13:56",199.22,872.71,,,,"     ",3.60,32.01,16.16
532,444755882,"00532M22:00:46.883","00532 22:13:57",199.21,872.66,,,,"     ",3.60,32.05,16.12
532,444755883,"00532M22:00:47.857","00532 22:13:58",199.20,872.77,,,,"     ",3.60,32.19,16.13
532,444755884,"00532M22:00:48.830","00532 22:13:58",199.20,872.70,,,,"     ",3.60,32.21,16.09
532,444755885,"00532M22:00:49.803","00532 22:13:59",199.19,872.65,,,,"     ",3.60,32.24,16.04
532,444755886,"00532M22:00:50.777","00532 22:14:00",199.19,872.67,,,,"     ",3.60,32.40,16.08
532,444755887,"00532M22:00:51.750","00532 22:14:01",199.03,872.68,,,,"     ",3.60,32.37,16.01
532,444755888,"00532M22:00:52.723","00532 22:14:02",199.05,872.61,,,,"     ",3.60,32.36,15.95
532,444755889,"00532M22:00:53.696","00532 22:14:03",199.07,872.60,,,,"     ",3.60,32.50,15.97
532,444755890,"00532M22:00:54.670","00532 22:14:04",199.09,872.69,,,,"     ",3.60,32.54,15.95
532,444755891,"00532M22:00:55.643","00532 22:14:05",199.11,872.77,,,,"     ",3.60,32.58,15.92
532,444755892,"00532M22:00:56.616","00532 22:14:06",199.12,872.83,,,,"     ",3.60,32.92,16.05
532,444755893,"00532M22:00:57.589","00532 22:14:07",199.14,872.62,,,,"     ",3.60,32.69,15.88
532,444755894,"00532M22:00:58.563","00532 22:14:08",199.15,872.73,,,,"     ",3.60,32.99,15.99
532,444755895,"00532M22:00:59.536","00532 22:14:09",199.17,872.72,,,,"     ",3.60,32.86,15.88
532,444755896,"00532M22:01:00.509","00532 22:14:10",199.18,872.77,,,,"     ",3.60,32.77,15.79
532,444755897,"00532M22:01:01.482","00532 22:14:11",199.19,872.75,,,,"     ",3.60,32.90,15.81
532,444755898,"00532M22:01:02.456","00532 22:14:12",199.20,872.64,,,,"     ",3.60,32.85,15.74
532,444755899,"00532M22:01:03.429","00532 22:14:13",199.22,872.63,,,,"     ",3.60,32.88,15.71
532,444755900,"00532M22:01:04.402","00532 22:14:14",199.25,872.54,,,,"     ",3.60,32.89,15.67
532,444755901,"00532M22:01:05.375","00532 22:14:15",199.28,872.62,,,,"     ",3.60,33.06,15.72
532,444755902,"00532M22:01:06.349","00532 22:14:16",199.29,872.67,,,,"     ",3.60,33.04,15.67
532,444755903,"00532M22:01:07.322","00532 22:14:17",199.29,872.82,,,,"     ",3.60,33.11,15.67
532,444755904,"00532M22:01:08.295","00532 22:14:18",199.27,872.76,,,,"     ",3.60,33.12,15.64
532,444755905,"00532M22:01:09.268","00532 22:14:19",199.25,872.72,,,,"     ",3.60,33.11,15.59
532,444755906,"00532M22:01:10.242","00532 22:14:20",199.23,872.72,,,,"     ",3.60,33.14,15.57
532,444755907,"00532M22:01:11.215","00532 22:14:21",199.21,872.68,,,,"     ",3.60,33.26,15.60
532,444755908,"00532M22:01:12.188","00532 22:14:22",199.20,872.75,,,,"     ",3.60,33.24,15.55
532,444755909,"00532M22:01:13.161","00532 22:14:23",199.20,872.83,,,,"     ",3.60,33.28,15.54
532,444755910,"00532M22:01:14.135","00532 22:14:24",199.21,872.82,,,,"     ",3.60,33.31,15.52
532,444755911,"00532M22:01:15.108","00532 22:14:25",199.22,872.83,,,,"     ",3.60,33.49,15.57
532,444755912,"00532M22:01:16.081","00532 22:14:26",199.23,872.82,,,,"     ",3.60,33.41,15.50
532,444755913,"00532M22:01:17.054","00532 22:14:27",199.24,872.73,,,,"     ",3.60,33.38,15.45
532,444755914,"00532M22:01:18.028","00532 22:14:28",199.25,872.76,,,,"     ",3.60,33.36,15.42
532,444755915,"00532M22:01:19.001","00532 22:14:29",199.26,872.71,,,,"     ",3.60,33.47,15.44
532,444755916,"00532M22:01:19.974","00532 22:14:30",199.26,872.71,,,,"     ",3.60,33.53,15.43
532,444755917,"00532M22:01:20.947","00532 22:14:31",199.26,872.62,,,,"     ",3.60,33.49,15.38
532,444755918,"00532M22:01:21.921","00532 22:14:32",199.26,872.73,,,,"     ",3.60,33.43,15.32
532,444755919,"00532M22:01:22.894","00532 22:14:33",199.25,872.74,,,,"     ",3.60,33.47,15.31
532,444755920,"00532M22:01:23.867","00532 22:14:34",199.25,872.68,,,,"     ",3.60,33.23,15.16
532,444755921,"00532M22:01:24.840","00532 22:14:35",199.24,872.75,,,,"     ",3.60,33.64,15.34
532,444755922,"00532M22:01:25.814","00532 22:14:35",199.25,872.83,,,,"     ",3.60,33.61,15.30
532,444755923,"00532M22:01:26.787","00532 22:14:36",199.25,872.80,,,,"     ",3.60,33.61,15.28
532,444755924,"00532M22:01:27.760","00532 22:14:37",199.25,872.85,,,,"     ",3.60,33.68,15.28
532,444755925,"00532M22:01:28.733","00532 22:14:38",199.25,872.76,,,,"     ",3.60,33.65,15.24
532,444755926,"00532M22:01:29.707","00532 22:14:39",199.25,872.89,,,,"     ",3.60,34.07,15.42
532,444755927,"00532M22:01:30.680","00532 22:14:40",199.25,872.66,,,,"     ",3.60,33.67,15.20
532,444755928,"00532M22:01:31.653","00532 22:14:41",199.25,872.70,,,,"     ",3.60,33.86,15.26
532,444755929,"00532M22:01:32.626","00532 22:14:42",199.26,872.71,,,,"     ",3.60,33.74,15.18
532,444755930,"00532M22:01:33.600","00532 22:14:43",199.27,872.72,,,,"     ",3.60,33.81,15.19
532,444755931,"00532M22:01:34.573","00532 22:14:44",199.28,872.71,,,,"     ",3.60,33.84,15.18
532,444755932,"00532M22:01:35.546","00532 22:14:45",199.31,872.71,,,,"     ",3.60,33.86,15.17
532,444755933,"00532M22:01:36.519","00532 22:14:46",199.34,872.72,,,,"     ",3.60,33.92,15.18
532,444755934,"00532M22:01:37.493","00532 22:14:47",199.38,872.78,,,,"     ",3.60,33.83,15.11
532,444755935,"00532M22:01:38.466","00532 22:14:48",199.41,872.77,,,,"     ",3.60,33.95,15.14
532,444755936,"00532M22:01:39.439","00532 22:14:49",199.44,872.78,,,,"     ",3.60,33.87,15.08
532,444755937,"00532M22:01:40.412","00532 22:14:50",199.47,872.78,,,,"     ",3.60,33.95,15.10
532,444755938,"00532M22:01:41.386","00532 22:14:51",199.48,872.84,,,,"     ",3.60,33.96,15.08
532,444755939,"00532M22:01:42.359","00532 22:14:52",199.49,872.83,,,,"     ",3.60,33.97,15.07
532,444755940,"00532M22:01:43.332","00532 22:14:53",199.49,872.85,,,,"     ",3.60,34.00,15.06
532,444755941,"00532M22:01:44.305","00532 22:14:54",199.49,872.74,,,,"     ",3.60,34.02,15.04
532,444755942,"00532M22:01:45.279","00532 22:14:55",199.49,872.80,,,,"     ",3.60,34.09,15.05
532,444755943,"00532M22:01:46.252","00532 22:14:56",199.49,872.77,,,,"     ",3.60,34.23,15.09
532,444755944,"00532M22:01:47.225","00532 22:14:57",199.50,872.82,,,,"     ",3.60,34.14,15.03
532,444755945,"00532M22:01:48.198","00532 22:14:58",199.50,872.80,,,,"     ",3.60,33.82,14.87
532,444755946,"00532M22:01:49.172","00532 22:14:59",199.51,872.89,,,,"     ",3.60,34.19,15.02
532,444755947,"00532M22:01:50.145","00532 22:15:00",199.51,872.80,,,,"     ",3.60,34.28,15.04
532,444755948,"00532M22:01:51.118","00532 22:15:01",199.52,872.84,,,,"     ",3.60,34.36,15.05
532,444755949,"00532M22:01:52.091","00532 22:15:02",199.53,872.76,,,,"     ",3.60,34.23,14.97
532,444755950,"00532M22:01:53.065","00532 22:15:03",199.54,872.77,,,,"     ",3.60,34.37,15.02
532,444755951,"00532M22:01:54.038","00532 22:15:04",199.56,872.76,,,,"     ",3.60,34.37,14.99
532,444755952,"00532M22:01:55.011","00532 22:15:05",199.58,872.80,,,,"     ",3.60,34.37,14.98
532,444755953,"00532M22:01:55.984","00532 22:15:06",199.61,872.78,,,,"     ",3.60,34.41,14.98
532,444755954,"00532M22:01:56.958","00532 22:15:07",199.64,872.74,,,,"     ",3.60,34.41,14.96
532,444755955,"00532M22:01:57.931","00532 22:15:08",199.68,872.81,,,,"     ",3.60,34.47,14.96
532,444755956,"00532M22:01:58.904","00532 22:15:09",199.71,872.68,,,,"     ",3.60,34.45,14.94
532,444755957,"00532M22:01:59.878","00532 22:15:10",199.74,872.77,,,,"     ",3.60,34.48,14.94
532,444755958,"00532M22:02:00.851","00532 22:15:11",199.75,872.77,,,,"     ",3.60,34.44,14.90
532,444755959,"00532M22:02:01.824","00532 22:15:11",199.75,872.80,,,,"     ",3.60,34.55,14.93
532,444755960,"00532M22:02:02.797","00532 22:15:12",199.74,872.84,,,,"     ",3.60,34.50,14.90
532,444755961,"00532M22:02:03.771","00532 22:15:13",199.71,872.74,,,,"     ",3.60,34.49,14.87
532,444755962,"00532M22:02:04.744","00532 22:15:14",199.67,872.68,,,,"     ",3.60,34.23,14.74
532,444755963,"00532M22:02:05.717","00532 22:15:15",199.63,872.85,,,,"     ",3.60,34.53,14.86
532,444755964,"00532M22:02:06.690","00532 22:15:16",199.58,872.89,,,,"     ",3.60,34.57,14.86
532,444755965,"00532M22:02:07.664","00532 22:15:17",199.54,872.72,,,,"     ",3.60,34.63,14.87
532,444755966,"00532M22:02:08.637","00532 22:15:18",199.52,872.88,,,,"     ",3.60,34.64,14.86
532,444755967,"00532M22:02:09.610","00532 22:15:19",199.51,872.70,,,,"     ",3.60,34.62,14.83
532,444755968,"00532M22:02:10.583","00532 22:15:20",199.51,872.82,,,,"     ",3.60,34.67,14.84
532,444755969,"00532M22:02:11.557","00532 22:15:21",199.53,872.81,,,,"     ",3.60,34.66,14.82
532,444755970,"00532M22:02:12.530","00532 22:15:22",199.56,872.81,,,,"     ",3.60,34.62,14.79
532,444755971,"00532M22:02:13.503","00532 22:15:23",199.58,872.77,,,,"     ",3.60,34.70,14.81
532,444755972,"00532M22:02:14.476","00532 22:15:24",199.60,872.81,,,,"     ",3.60,34.71,14.80
532,444755973,"00532M22:02:15.450","00532 22:15:25",199.60,872.73,,,,"     ",3.60,34.76,14.81
532,444755974,"00532M22:02:16.423","00532 22:15:26",199.59,872.79,,,,"     ",3.60,34.69,14.75
532,444755975,"00532M22:02:17.396","00532 22:15:27",199.58,872.81,,,,"     ",3.60,34.82,14.80
532,444755976,"00532M22:02:18.369","00532 22:15:28",199.56,872.80,,,,"     ",3.60,34.79,14.77
532,444755977,"00532M22:02:19.343","00532 22:15:29",199.54,872.84,,,,"     ",3.60,34.89,14.80
532,444755978,"00532M22:02:20.316","00532 22:15:30",199.53,872.82,,,,"     ",3.60,34.85,14.77
532,444755979,"00532M22:02:21.289","00532 22:15:31",199.53,872.87,,,,"     ",3.60,34.82,14.74
532,444755980,"00532M22:02:22.262","00532 22:15:32",199.55,872.85,,,,"     ",3.60,34.88,14.76
532,444755981,"00532M22:02:23.236","00532 22:15:33",199.57,872.79,,,,"     ",3.60,34.96,14.78
532,444755982,"00532M22:02:24.209","00532 22:15:34",199.60,872.96,,,,"     ",3.60,34.90,14.74
532,444755983,"00532M22:02:25.182","00532 22:15:35",199.63,872.83,,,,"     ",3.60,34.94,14.74
532,444755984,"00532M22:02:26.155","00532 22:15:36",199.65,872.91,,,,"     ",3.60,35.06,14.78
532,444755985,"00532M22:02:27.129","00532 22:15:37",199.67,872.87,,,,"     ",3.60,35.04,14.76
532,444755986,"00532M22:02:28.102","00532 22:15:38",199.70,872.86,,,,"     ",3.60,35.11,14.77
532,444755987,"00532M22:02:29.075","00532 22:15:39",199.73,872.93,,,,"     ",3.60,35.17,14.78
532,444755988,"00532M22:02:30.048","00532 22:15:40",199.76,872.93,,,,"     ",3.60,35.18,14.77
532,444755989,"00532M22:02:31.022","00532 22:15:41",199.81,872.91,,,,"     ",3.60,35.25,14.79
532,444755990,"00532M22:02:31.995","00532 22:15:42",199.87,872.90,,,,"     ",3.60,35.36,14.82
532,444755991,"00532M22:02:32.968","00532 22:15:43",199.93,872.85,,,,"     ",3.60,35.36,14.81
532,444755992,"00532M22:02:33.941","00532 22:15:44",199.99,872.83,,,,"     ",3.60,35.39,14.80
532,444755993,"00532M22:02:34.915","00532 22:15:45",200.05,872.85,,,,"     ",3.60,35.39,14.79
532,444755994,"00532M22:02:35.888","00532 22:15:46",200.09,872.97,,,,"     ",3.60,35.48,14.82
532,444755995,"00532M22:02:36.861","00532 22:15:47",200.12,872.95,,,,"     ",3.60,35.46,14.79
532,444755996,"00532M22:02:37.834","00532 22:15:48",200.12,872.92,,,,"     ",3.60,35.44,14.77
532,444755997,"00532M22:02:38.808","00532 22:15:48",200.11,872.92,,,,"     ",3.60,35.50,14.78
532,444755998,"00532M22:02:39.781","00532 22:15:49",200.08,872.90,,,,"     ",3.60,35.66,14.83
532,444755999,"00532M22:02:40.754","00532 22:15:50",200.05,872.91,,,,"     ",3.60,35.57,14.78
532,444756000,"00532M22:02:41.727","00532 22:15:51",199.99,872.83,,,,"     ",3.60,35.61,14.78
532,444756001,"00532M22:02:42.701","00532 22:15:52",199.94,872.83,,,,"     ",3.60,35.64,14.78
532,444756002,"00532M22:02:43.674","00532 22:15:53",199.88,872.81,,,,"     ",3.60,35.63,14.76
532,444756003,"00532M22:02:44.647","00532 22:15:54",199.82,872.82,,,,"     ",3.60,35.68,14.77
532,444756004,"00532M22:02:45.620","00532 22:15:55",199.77,872.79,,,,"     ",3.60,35.66,14.75
532,444756005,"00532M22:02:46.594","00532 22:15:56",199.73,872.80,,,,"     ",3.60,35.40,14.62
532,444756006,"00532M22:02:47.567","00532 22:15:57",199.70,872.91,,,,"     ",3.60,35.83,14.80
532,444756007,"00532M22:02:48.540","00532 22:15:58",199.69,872.86,,,,"     ",3.60,35.76,14.76
532,444756008,"00532M22:02:49.513","00532 22:15:59",199.69,872.90,,,,"     ",3.60,35.79,14.75
532,444756009,"00532M22:02:50.487","00532 22:16:00",199.70,872.95,,,,"     ",3.60,35.79,14.74
532,444756010,"00532M22:02:51.460","00532 22:16:01",199.72,873.06,,,,"     ",3.60,35.46,14.59
532,444756011,"00532M22:02:52.433","00532 22:16:02",199.75,873.13,,,,"     ",3.60,35.79,14.72
532,444756012,"00532M22:02:53.406","00532 22:16:03",199.78,873.08,,,,"     ",3.60,35.79,14.70
532,444756013,"00532M22:02:54.380","00532 22:16:04",199.82,872.98,,,,"     ",3.60,35.82,14.70
532,444756014,"00532M22:02:55.353","00532 22:16:05",199.86,873.00,,,,"     ",3.60,35.70,14.64
532,444756015,"00532M22:02:56.326","00532 22:16:06",199.92,872.77,,,,"     ",3.60,35.78,14.66
532,444756016,"00532M22:02:57.299","00532 22:16:07",199.99,872.86,,,,"     ",3.60,35.72,14.63
532,444756017,"00532M22:02:58.273","00532 22:16:08",200.07,872.94,,,,"     ",3.60,35.81,14.65
532,444756018,"00532M22:02:59.246","00532 22:16:09",200.16,873.00,,,,"     ",3.60,35.93,14.70
532,444756019,"00532M22:03:00.219","00532 22:16:10",200.25,872.89,,,,"     ",3.60,35.78,14.62
532,444756020,"00532M22:03:01.192","00532 22:16:11",200.33,872.93,,,,"     ",3.60,35.88,14.65
532,444756021,"00532M22:03:02.166","00532 22:16:12",200.41,872.99,,,,"     ",3.60,35.89,14.64
532,444756022,"00532M22:03:03.139","00532 22:16:13",200.48,873.01,,,,"     ",3.60,35.79,14.59
532,444756023,"00532M22:03:04.112","00532 22:16:14",200.54,872.99,,,,"     ",3.60,35.89,14.62
532,444756024,"00532M22:03:05.085","00532 22:16:15",200.59,873.03,,,,"     ",3.60,35.81,14.58
532,444756025,"00532M22:03:06.059","00532 22:16:16",200.63,873.08,,,,"     ",3.60,35.86,14.59
532,444756026,"00532M22:03:07.032","00532 22:16:17",200.64,872.96,,,,"     ",3.60,35.84,14.57
532,444756027,"00532M22:03:08.005","00532 22:16:18",200.65,873.05,,,,"     ",3.60,35.86,14.57
532,444756028,"00532M22:03:08.978","00532 22:16:19",200.65,872.98,,,,"     ",3.60,35.87,14.56
532,444756029,"00532M22:03:09.952","00532 22:16:20",200.63,872.99,,,,"     ",3.60,35.83,14.54
532,444756030,"00532M22:03:10.925","00532 22:16:21",200.61,872.95,,,,"     ",3.60,35.90,14.55
532,444756031,"00532M22:03:11.898","00532 22:16:22",200.56,872.95,,,,"     ",3.60,35.85,14.53
532,444756032,"00532M22:03:12.872","00532 22:16:23",200.50,873.07,,,,"     ",3.60,35.84,14.51
532,444756033,"00532M22:03:13.845","00532 22:16:24",200.43,873.06,,,,"     ",3.60,35.82,14.49
532,444756034,"00532M22:03:14.818","00532 22:16:25",200.36,873.09,,,,"     ",3.60,35.78,14.47
532,444756035,"00532M22:03:15.791","00532 22:16:25",200.31,873.05,,,,"     ",3.60,35.80,14.47
532,444756036,"00532M22:03:16.765","00532 22:16:26",200.27,872.98,,,,"     ",3.60,35.78,14.45
532,444756037,"00532M22:03:17.738","00532 22:16:27",200.23,872.99,,,,"     ",3.60,35.74,14.42
532,444756038,"00532M22:03:18.711","00532 22:16:28",200.21,873.03,,,,"     ",3.60,35.87,14.47
532,444756039,"00532M22:03:19.684","00532 22:16:29",200.19,873.01,,,,"     ",3.60,35.75,14.41
532,444756040,"00532M22:03:20.658","00532 22:16:30",200.19,873.00,,,,"     ",3.60,35.70,14.38
532,444756041,"00532M22:03:21.631","00532 22:16:31",200.19,873.03,,,,"     ",3.60,35.74,14.39
532,444756042,"00532M22:03:22.604","00532 22:16:32",200.21,873.04,,,,"     ",3.60,35.72,14.37
532,444756043,"00532M22:03:23.577","00532 22:16:33",200.23,873.07,,,,"     ",3.60,35.72,14.36
532,444756044,"00532M22:03:24.551","00532 22:16:34",200.27,873.06,,,,"     ",3.60,35.79,14.38
532,444756045,"00532M22:03:25.524","00532 22:16:35",200.31,873.05,,,,"     ",3.60,35.81,14.38
532,444756046,"00532M22:03:26.497","00532 22:16:36",200.35,873.05,,,,"     ",3.60,35.86,14.39
532,444756047,"00532M22:03:27.470","00532 22:16:37",200.40,873.04,,,,"     ",3.60,35.73,14.32
532,444756048,"00532M22:03:28.444","00532 22:16:38",200.45,873.10,,,,"     ",3.60,35.76,14.34
532,444756049,"00532M22:03:29.417","00532 22:16:39",200.49,873.07,,,,"     ",3.60,35.83,14.36
532,444756050,"00532M22:03:30.390","00532 22:16:40",200.52,873.16,,,,"     ",3.60,35.80,14.34
532,444756051,"00532M22:03:31.363","00532 22:16:41",200.55,873.16,,,,"     ",3.60,35.81,14.33
532,444756052,"00532M22:03:32.337","00532 22:16:42",200.55,873.09,,,,"     ",3.60,35.82,14.33
532,444756053,"00532M22:03:33.310","00532 22:16:43",200.53,873.03,,,,"     ",3.60,35.75,14.29
532,444756054,"00532M22:03:34.283","00532 22:16:44",200.49,873.04,,,,"     ",3.60,35.83,14.31
532,444756055,"00532M22:03:35.256","00532 22:16:45",200.42,873.00,,,,"     ",3.60,35.85,14.32
532,444756056,"00532M22:03:36.230","00532 22:16:46",200.33,873.04,,,,"     ",3.60,35.80,14.28
532,444756057,"00532M22:03:37.203","00532 22:16:47",200.23,872.99,,,,"     ",3.60,35.82,14.29
532,444756058,"00532M22:03:38.176","00532 22:16:48",200.13,872.97,,,,"     ",3.60,35.77,14.25
532,444756059,"00532M22:03:39.149","00532 22:16:49",200.02,873.02,,,,"     ",3.60,35.76,14.24
532,444756060,"00532M22:03:40.123","00532 22:16:50",199.93,872.98,,,,"     ",3.60,35.80,14.25
532,444756061,"00532M22:03:41.096","00532 22:16:51",199.85,873.02,,,,"     ",3.60,35.77,14.23
532,444756062,"00532M22:03:42.069","00532 22:16:52",199.78,873.03,,,,"     ",3.60,35.83,14.25
532,444756063,"00532M22:03:43.042","00532 22:16:53",199.72,873.02,,,,"     ",3.60,35.82,14.24
532,444756064,"00532M22:03:44.016","00532 22:16:54",199.68,873.04,,,,"     ",3.60,35.75,14.20
532,444756065,"00532M22:03:44.989","00532 22:16:55",199.66,873.05,,,,"     ",3.60,35.85,14.23
532,444756066,"00532M22:03:45.962","00532 22:16:56",199.65,873.20,,,,"     ",3.60,35.38,14.04
532,444756067,"00532M22:03:46.935","00532 22:16:57",199.66,873.25,,,,"     ",3.60,35.87,14.23
532,444756068,"00532M22:03:47.909","00532 22:16:58",199.68,873.07,,,,"     ",3.60,35.72,14.16
532,444756069,"00532M22:03:48.882","00532 22:16:59",199.70,873.10,,,,"     ",3.60,35.87,14.21
532,444756070,"00532M22:03:49.855","00532 22:17:00",199.74,873.13,,,,"     ",3.60,36.43,14.45
532,444756071,"00532M22:03:50.828","00532 22:17:01",199.77,872.93,,,,"     ",3.60,35.76,14.15
532,444756072,"00532M22:03:51.802","00532 22:17:01",199.80,872.99,,,,"     ",3.60,35.82,14.17
532,444756073,"00532M22:03:52.775","00532 22:17:02",199.81,873.12,,,,"     ",3.60,35.88,14.19
532,444756074,"00532M22:03:53.748","00532 22:17:03",199.82,873.11,,,,"     ",3.60,35.78,14.13
532,444756075,"00532M22:03:54.721","00532 22:17:04",199.82,873.07,,,,"     ",3.60,35.74,14.11
532,444756076,"00532M22:03:55.695","00532 22:17:05",199.82,873.06,,,,"     ",3.60,35.73,14.10
532,444756077,"00532M22:03:56.668","00532 22:17:06",199.81,873.00,,,,"     ",3.60,35.76,14.10
532,444756078,"00532M22:03:57.641","00532 22:17:07",199.79,873.04,,,,"     ",3.60,35.87,14.14
532,444756079,"00532M22:03:58.614","00532 22:17:08",199.77,872.99,,,,"     ",3.60,35.73,14.08
532,444756080,"00532M22:03:59.588","00532 22:17:09",199.74,873.02,,,,"     ",3.60,35.76,14.08
532,444756081,"00532M22:04:00.561","00532 22:17:10",199.72,873.05,,,,"     ",3.60,35.76,14.07
532,444756082,"00532M22:04:01.534","00532 22:17:11",199.70,873.10,,,,"     ",3.60,35.79,14.08
532,444756083,"00532M22:04:02.507","00532 22:17:12",199.69,873.03,,,,"     ",3.60,35.93,14.12
532,444756084,"00532M22:04:03.481","00532 22:17:13",199.68,873.02,,,,"     ",3.60,35.79,14.05
532,444756085,"00532M22:04:04.454","00532 22:17:14",199.67,873.16,,,,"     ",3.60,35.68,14.01
532,444756086,"00532M22:04:05.427","00532 22:17:15",199.67,873.12,,,,"     ",3.60,35.80,14.05
532,444756087,"00532M22:04:06.400","00532 22:17:16",199.67,873.16,,,,"     ",3.60,35.83,14.06
532,444756088,"00532M22:04:07.374","00532 22:17:17",199.68,873.12,,,,"     ",3.60,35.78,14.02
532,444756089,"00532M22:04:08.347","00532 22:17:18",199.70,873.12,,,,"     ",3.60,35.70,13.99
532,444756090,"00532M22:04:09.320","00532 22:17:19",199.72,873.18,,,,"     ",3.60,35.67,13.96
532,444756091,"00532M22:04:10.293","00532 22:17:20",199.74,873.14,,,,"     ",3.60,35.62,13.93
532,444756092,"00532M22:04:11.267","00532 22:17:21",199.77,873.09,,,,"     ",3.60,35.79,14.00
532,444756093,"00532M22:04:12.240","00532 22:17:22",199.81,873.09,,,,"     ",3.60,35.75,13.97
532,444756094,"00532M22:04:13.213","00532 22:17:23",199.85,873.07,,,,"     ",3.60,35.66,13.93
532,444756095,"00532M22:04:14.186","00532 22:17:24",199.90,873.09,,,,"     ",3.60,35.61,13.90
532,444756096,"00532M22:04:15.160","00532 22:17:25",199.95,873.08,,,,"     ",3.60,35.75,13.95
532,444756097,"00532M22:04:16.133","00532 22:17:26",200.01,873.13,,,,"     ",3.60,35.69,13.92
532,444756098,"00532M22:04:17.106","00532 22:17:27",200.06,873.13,,,,"     ",3.60,35.69,13.91
532,444756099,"00532M22:04:18.079","00532 22:17:28",200.10,873.03,,,,"     ",3.60,35.72,13.92
532,444756100,"00532M22:04:19.053","00532 22:17:29",200.13,873.19,,,,"     ",3.60,35.72,13.91
532,444756101,"00532M22:04:20.026","00532 22:17:30",200.15,873.23,,,,"     ",3.60,35.67,13.88
532,444756102,"00532M22:04:20.999","00532 22:17:31",200.17,873.17,,,,"     ",3.60,35.81,13.94
532,444756103,"00532M22:04:21.973","00532 22:17:32",200.18,873.12,,,,"     ",3.60,35.69,13.88
532,444756104,"00532M22:04:22.946","00532 22:17:33",200.19,873.09,,,,"     ",3.60,35.63,13.84
532,444756105,"00532M22:04:23.919","00532 22:17:34",200.21,873.09,,,,"     ",3.60,35.62,13.83
532,444756106,"00532M22:04:24.892","00532 22:17:35",200.23,873.11,,,,"     ",3.60,35.69,13.85
532,444756107,"00532M22:04:25.866","00532 22:17:36",200.25,873.09,,,,"     ",3.60,35.66,13.83
532,444756108,"00532M22:04:26.839","00532 22:17:37",200.27,873.13,,,,"     ",3.60,35.70,13.84
532,444756109,"00532M22:04:27.812","00532 22:17:38",200.28,873.05,,,,"     ",3.60,35.62,13.80
532,444756110,"00532M22:04:28.785","00532 22:17:38",200.30,873.17,,,,"     ",3.60,35.66,13.82
532,444756111,"00532M22:04:29.759","00532 22:17:39",200.31,873.07,,,,"     ",3.60,35.52,13.75
532,444756112,"00532M22:04:30.732","00532 22:17:40",200.30,873.12,,,,"     ",3.60,35.36,13.68
532,444756113,"00532M22:04:31.705","00532 22:17:41",200.29,873.09,,,,"     ",3.60,35.56,13.75
532,444756114,"00532M22:04:32.678","00532 22:17:42",200.27,873.16,,,,"     ",3.60,35.63,13.77
532,444756115,"00532M22:04:33.652","00532 22:17:43",200.24,873.19,,,,"     ",3.60,35.58,13.75
532,444756116,"00532M22:04:34.625","00532 22:17:44",200.21,873.12,,,,"     ",3.60,35.64,13.76
532,444756117,"00532M22:04:35.598","00532 22:17:45",200.17,873.14,,,,"     ",3.60,35.47,13.69
532,444756118,"00532M22:04:36.571","00532 22:17:46",200.14,873.06,,,,"     ",3.60,35.64,13.75
532,444756119,"00532M22:04:37.545","00532 22:17:47",200.11,873.15,,,,"     ",3.60,35.60,13.73
532,444756120,"00532M22:04:38.518","00532 22:17:48",200.07,873.07,,,,"     ",3.60,35.57,13.71
532,444756121,"00532M22:04:39.491","00532 22:17:49",200.02,873.19,,,,"     ",3.60,35.56,13.70
532,444756122,"00532M22:04:40.464","00532 22:17:50",199.96,873.11,,,,"     ",3.60,35.50,13.67
532,444756123,"00532M22:04:41.438","00532 22:17:51",199.91,873.13,,,,"     ",3.60,35.59,13.70
532,444756124,"00532M22:04:42.411","00532 22:17:52",199.85,873.14,,,,"     ",3.60,35.48,13.65
532,444756125,"00532M22:04:43.384","00532 22:17:53",199.80,873.16,,,,"     ",3.60,35.51,13.65
532,444756126,"00532M22:04:44.357","00532 22:17:54",199.76,873.16,,,,"     ",3.60,35.60,13.69
532,444756127,"00532M22:04:45.331","00532 22:17:55",199.73,873.12,,,,"     ",3.60,35.49,13.64
532,444756128,"00532M22:04:46.304","00532 22:17:56",199.71,873.07,,,,"     ",3.60,35.49,13.63
532,444756129,"00532M22:04:47.277","00532 22:17:57",199.68,873.22,,,,"     ",3.60,35.47,13.62
532,444756130,"00532M22:04:48.250","00532 22:17:58",199.66,873.34,,,,"     ",3.60,35.56,13.65
532,444756131,"00532M22:04:49.224","00532 22:17:59",199.65,873.32,,,,"     ",3.60,35.47,13.60
532,444756132,"00532M22:04:50.197","00532 22:18:00",199.65,873.43,,,,"     ",3.60,35.45,13.59
532,444756133,"00532M22:04:51.170","00532 22:18:01",199.67,873.33,,,,"     ",3.60,35.98,13.79
532,444756134,"00532M22:04:52.143","00532 22:18:02",199.71,873.16,,,,"     ",3.60,35.48,13.59
532,444756135,"00532M22:04:53.117","00532 22:18:03",199.76,873.10,,,,"     ",3.60,35.61,13.64
532,444756136,"00532M22:04:54.090","00532 22:18:04",199.82,873.14,,,,"     ",3.60,35.55,13.61
532,444756137,"00532M22:04:55.063","00532 22:18:05",199.89,873.15,,,,"     ",3.60,35.61,13.62
532,444756138,"00532M22:04:56.036","00532 22:18:06",199.97,873.16,,,,"     ",3.60,35.51,13.58
532,444756139,"00532M22:04:57.010","00532 22:18:07",200.04,873.15,,,,"     ",3.60,35.55,13.59
532,444756140,"00532M22:04:57.983","00532 22:18:08",200.12,873.11,,,,"     ",3.60,35.68,13.63
532,444756141,"00532M22:04:58.956","00532 22:18:09",200.20,873.10,,,,"     ",3.60,35.56,13.58
532,444756142,"00532M22:04:59.929","00532 22:18:10",200.27,873.06,,,,"     ",3.60,35.57,13.57
532,444756143,"00532M22:05:00.903","00532 22:18:11",200.34,873.23,,,,"     ",3.60,35.54,13.56
532,444756144,"00532M22:05:01.876","00532 22:18:12",200.40,873.22,,,,"     ",3.60,35.46,13.52
532,444756145,"00532M22:05:02.849","00532 22:18:13",200.44,873.28,,,,"     ",3.60,35.51,13.53
532,444756146,"00532M22:05:03.822","00532 22:18:14",200.47,873.29,,,,"     ",3.60,35.53,13.54
532,444756147,"00532M22:05:04.796","00532 22:18:14",200.47,873.29,,,,"     ",3.60,35.48,13.50
532,444756148,"00532M22:05:05.769","00532 22:18:15",200.44,873.27,,,,"     ",3.60,35.62,13.55
532,444756149,"00532M22:05:06.742","00532 22:18:16",200.38,873.20,,,,"     ",3.60,35.58,13.53
532,444756150,"00532M22:05:07.715","00532 22:18:17",200.30,873.16,,,,"     ",3.60,35.48,13.48
532,444756151,"00532M22:05:08.689","00532 22:18:18",200.21,873.15,,,,"     ",3.60,35.44,13.46
532,444756152,"00532M22:05:09.662","00532 22:18:19",200.12,873.15,,,,"     ",3.60,35.56,13.50
532,444756153,"00532M22:05:10.635","00532 22:18:20",200.02,873.22,,,,"     ",3.60,35.51,13.47
532,444756154,"00532M22:05:11.608","00532 22:18:21",199.92,873.24,,,,"     ",3.60,35.60,13.50
532,444756155,"00532M22:05:12.582","00532 22:18:22",199.84,873.31,,,,"     ",3.60,35.59,13.50
532,444756156,"00532M22:05:13.555","00532 22:18:23",199.76,873.25,,,,"     ",3.60,35.61,13.50
532,444756157,"00532M22:05:14.528","00532 22:18:24",199.69,873.21,,,,"     ",3.60,35.61,13.49
532,444756158,"00532M22:05:15.501","00532 22:18:25",199.63,873.20,,,,"     ",3.60,35.60,13.47
532,444756159,"00532M22:05:16.475","00532 22:18:26",199.58,873.27,,,,"     ",3.60,35.71,13.51
532,444756160,"00532M22:05:17.448","00532 22:18:27",199.54,873.25,,,,"     ",3.60,35.59,13.46
532,444756161,"00532M22:05:18.421","00532 22:18:28",199.51,873.23,,,,"     ",3.60,35.71,13.50
532,444756162,"00532M22:05:19.394","00532 22:18:29",199.51,873.28,,,,"     ",3.60,35.64,13.46
532,444756163,"00532M22:05:20.368","00532 22:18:30",199.52,873.33,,,,"     ",3.60,35.58,13.43
532,444756164,"00532M22:05:21.341","00532 22:18:31",199.56,873.25,,,,"     ",3.60,35.57,13.42
532,444756165,"00532M22:05:22.314","00532 22:18:32",199.60,873.25,,,,"     ",3.60,35.56,13.41
532,444756166,"00532M22:05:23.287","00532 22:18:33",199.67,873.28,,,,"     ",3.60,35.57,13.41
532,444756167,"00532M22:05:24.261","00532 22:18:34",199.74,873.21,,,,"     ",3.60,35.56,13.40
532,444756168,"00532M22:05:25.234","00532 22:18:35",199.82,873.22,,,,"     ",3.60,35.62,13.42
532,444756169,"00532M22:05:26.207","00532 22:18:36",199.88,873.26,,,,"     ",3.60,35.65,13.42
532,444756170,"00532M22:05:27.180","00532 22:18:37",199.93,873.31,,,,"     ",3.60,35.56,13.38
532,444756171,"00532M22:05:28.154","00532 22:18:38",199.98,873.28,,,,"     ",3.60,35.64,13.40
532,444756172,"00532M22:05:29.127","00532 22:18:39",200.02,873.29,,,,"     ",3.60,35.58,13.37
532,444756173,"00532M22:05:30.100","00532 22:18:40",200.08,873.24,,,,"     ",3.60,35.64,13.39
532,444756174,"00532M22:05:31.074","00532 22:18:41",200.13,873.25,,,,"     ",3.60,35.64,13.38
532,444756175,"00532M22:05:32.047","00532 22:18:42",200.19,873.28,,,,"     ",3.60,35.69,13.39
532,444756176,"00532M22:05:33.020","00532 22:18:43",200.25,873.31,,,,"     ",3.60,35.64,13.37
532,444756177,"00532M22:05:33.993","00532 22:18:44",200.31,873.23,,,,"     ",3.60,35.76,13.40
532,444756178,"00532M22:05:34.967","00532 22:18:45",200.38,873.30,,,,"     ",3.60,35.65,13.35
532,444756179,"00532M22:05:35.940","00532 22:18:46",200.45,873.28,,,,"     ",3.60,35.76,13.39
532,444756180,"00532M22:05:36.913","00532 22:18:47",200.52,873.26,,,,"     ",3.60,35.71,13.36
532,444756181,"00532M22:05:37.886","00532 22:18:48",200.59,873.31,,,,"     ",3.60,35.77,13.38
532,444756182,"00532M22:05:38.860","00532 22:18:49",200.66,873.41,,,,"     ",3.60,35.80,13.38
532,444756183,"00532M22:05:39.833","00532 22:18:50",200.71,873.32,,,,"     ",3.60,35.74,13.35
532,444756184,"00532M22:05:40.806","00532 22:18:51",200.75,873.27,,,,"     ",3.60,35.82,13.37
532,444756185,"00532M22:05:41.779","00532 22:18:51",200.26,873.24,,,,"     ",3.60,35.70,13.32
532,444756186,"00532M22:05:42.753","00532 22:18:52",200.27,873.33,,,,"     ",3.60,35.68,13.31
532,444756187,"00532M22:05:43.726","00532 22:18:53",200.29,873.25,,,,"     ",3.60,36.07,13.45
532,444759590,"00532M23:00:55.707","00532 23:14:06",197.82,881.27,,,,"     ",3.60,,
532,444759591,"00532M23:00:56.681","00532 23:14:07",197.84,881.22,,,,"     ",3.60,25.35,18.01
532,444759592,"00532M23:00:57.654","00532 23:14:08",197.86,881.24,,,,"     ",3.60,25.41,17.98
532,444759593,"00532M23:00:58.627","00532 23:14:09",197.96,881.13,,,,"     ",3.60,25.40,17.92
532,444759594,"00532M23:00:59.600","00532 23:14:10",197.93,881.17,,,,"     ",3.60,25.46,17.90
532,444759595,"00532M23:01:00.574","00532 23:14:11",197.90,881.18,,,,"     ",3.60,25.56,17.91
532,444759596,"00532M23:01:01.547","00532 23:14:12",197.88,881.26,,,,"     ",3.60,25.54,17.83
532,444759597,"00532M23:01:02.520","00532 23:14:13",197.85,881.28,,,,"     ",3.60,25.64,17.85
532,444759598,"00532M23:01:03.493","00532 23:14:14",197.83,881.26,,,,"     ",3.60,25.70,17.83
532,444759599,"00532M23:01:04.467","00532 23:14:15",197.83,881.30,,,,"     ",3.60,25.66,17.74
532,444759600,"00532M23:01:05.440","00532 23:14:16",197.96,881.19,,,,"     ",3.60,25.73,17.73
532,444759601,"00532M23:01:06.413","00532 23:14:16",197.97,881.23,,,,"     ",3.60,25.72,17.67
532,444759602,"00532M23:01:07.386","00532 23:14:17",197.98,881.23,,,,"     ",3.60,25.73,17.62
532,444759603,"00532M23:01:08.360","00532 23:14:18",197.98,881.23,,,,"     ",3.60,25.80,17.63
532,444759604,"00532M23:01:09.333","00532 23:14:19",197.99,881.28,,,,"     ",3.60,25.78,17.56
532,444759605,"00532M23:01:10.306","00532 23:14:20",197.99,881.22,,,,"     ",3.60,26.11,17.74
532,444759606,"00532M23:01:11.279","00532 23:14:21",198.00,881.22,,,,"     ",3.60,25.86,17.51
532,444759607,"00532M23:01:12.253","00532 23:14:22",198.01,881.31,,,,"     ",3.60,25.94,17.53
532,444759608,"00532M23:01:13.226","00532 23:14:23",198.02,881.33,,,,"     ",3.60,25.94,17.48
532,444759609,"00532M23:01:14.199","00532 23:14:24",197.94,881.27,,,,"     ",3.60,25.98,17.46
532,444759610,"00532M23:01:15.172","00532 23:14:25",198.02,881.31,,,,"     ",3.60,25.96,17.40
532,444759611,"00532M23:01:16.146","00532 23:14:26",198.08,881.27,,,,"     ",3.60,25.74,17.20
532,444759612,"00532M23:01:17.119","00532 23:14:27",198.13,881.24,,,,"     ",3.60,25.99,17.33
532,444759613,"00532M23:01:18.092","00532 23:14:28",198.16,881.20,,,,"     ",3.60,26.05,17.32
532,444759614,"00532M23:01:19.065","00532 23:14:29",198.18,881.32,,,,"     ",3.60,26.06,17.29
532,444759615,"00532M23:01:20.039","00532 23:14:30",198.19,881.26,,,,"     ",3.60,26.00,17.21
532,444759616,"00532M23:01:21.012","00532 23:14:31",198.20,881.25,,,,"     ",3.60,26.12,17.25
532,444759617,"00532M23:01:21.985","00532 23:14:32",198.22,881.25,,,,"     ",3.60,26.04,17.15
532,444759618,"00532M23:01:22.959","00532 23:14:33",198.23,881.34,,,,"     ",3.60,26.07,17.14
532,444759619,"00532M23:01:23.932","00532 23:14:34",198.25,881.27,,,,"     ",3.60,26.11,17.12
532,444759620,"00532M23:01:24.905","00532 23:14:35",198.28,881.34,,,,"     ",3.60,26.13,17.11
532,444759621,"00532M23:01:25.878","00532 23:14:36",198.31,881.26,,,,"     ",3.60,26.15,17.08
532,444759622,"00532M23:01:26.852","00532 23:14:37",198.34,881.23,,,,"     ",3.60,26.18,17.05
532,444759623,"00532M23:01:27.825","00532 23:14:38",198.53,881.32,,,,"     ",3.60,26.25,17.07
532,444759624,"00532M23:01:28.798","00532 23:14:39",198.56,881.22,,,,"     ",3.60,26.18,16.98
532,444759625,"00532M23:01:29.771","00532 23:14:40",198.58,881.14,,,,"     ",3.60,26.24,16.99
532,444759626,"00532M23:01:30.745","00532 23:14:41",198.58,881.18,,,,"     ",3.60,26.25,16.96
532,444759627,"00532M23:01:31.718","00532 23:14:42",198.58,881.27,,,,"     ",3.60,26.22,16.91
532,444759628,"00532M23:01:32.691","00532 23:14:43",198.58,881.15,,,,"     ",3.60,26.33,16.95
532,444759629,"00532M23:01:33.664","00532 23:14:44",198.57,881.25,,,,"     ",3.60,26.22,16.84
532,444759630,"00532M23:01:34.638","00532 23:14:45",198.56,881.31,,,,"     ",3.60,26.33,16.88
532,444759631,"00532M23:01:35.611","00532 23:14:46",198.55,881.32,,,,"     ",3.60,26.35,16.87
532,444759632,"00532M23:01:36.584","00532 23:14:47",198.42,881.33,,,,"     ",3.60,26.37,16.85
532,444759633,"00532M23:01:37.557","00532 23:14:48",198.42,881.27,,,,"     ",3.60,26.34,16.80
532,444759634,"00532M23:01:38.531","00532 23:14:49",198.41,881.18,,,,"     ",3.60,26.31,16.74
532,444759635,"00532M23:01:39.504","00532 23:14:50",198.48,881.25,,,,"     ",3.60,26.39,16.77
532,444759636,"00532M23:01:40.477","00532 23:14:51",198.45,881.31,,,,"     ",3.60,26.39,16.75
532,444759637,"00532M23:01:41.450","00532 23:14:52",198.41,881.20,,,,"     ",3.60,26.37,16.71
532,444759638,"00532M23:01:42.424","00532 23:14:53",198.36,881.33,,,,"     ",3.60,26.40,16.70
532,444759639,"00532M23:01:43.397","00532 23:14:53",198.30,881.30,,,,"     ",3.60,26.40,16.67
532,444759640,"00532M23:01:44.370","00532 23:14:54",198.25,881.34,,,,"     ",3.60,26.41,16.65
532,444759641,"00532M23:01:45.343","00532 23:14:55",198.20,881.34,,,,"     ",3.60,26.42,16.63
532,444759642,"00532M23:01:46.317","00532 23:14:56",198.15,881.28,,,,"     ",3.60,26.44,16.61
532,444759643,"00532M23:01:47.290","00532 23:14:57",198.10,881.28,,,,"     ",3.60,26.41,16.58
532,444759644,"00532M23:01:48.263","00532 23:14:58",198.07,881.26,,,,"     ",3.60,26.44,16.58
532,444759645,"00532M23:01:49.236","00532 23:14:59",198.05,881.27,,,,"     ",3.60,26.48,16.58
532,444759646,"00532M23:01:50.210","00532 23:15:00",198.04,881.21,,,,"     ",3.60,26.44,16.52
532,444759647,"00532M23:01:51.183","00532 23:15:01",198.04,881.11,,,,"     ",3.60,26.40,16.47
532,444759648,"00532M23:01:52.156","00532 23:15:02",198.05,881.19,,,,"     ",3.60,26.54,16.54
532,444759649,"00532M23:01:53.129","00532 23:15:03",198.06,881.29,,,,"     ",3.60,26.59,16.55
532,444759650,"00532M23:01:54.103","00532 23:15:04",198.07,881.26,,,,"     ",3.60,26.42,16.42
532,444759651,"00532M23:01:55.076","00532 23:15:05",198.09,881.27,,,,"     ",3.60,26.47,16.43
532,444759652,"00532M23:01:56.049","00532 23:15:06",198.12,881.28,,,,"     ",3.60,26.48,16.42
532,444759653,"00532M23:01:57.022","00532 23:15:07",198.15,881.40,,,,"     ",3.60,26.48,16.40
532,444759654,"00532M23:01:57.996","00532 23:15:08",198.18,881.33,,,,"     ",3.60,26.55,16.42
532,444759655,"00532M23:01:58.969","00532 23:15:09",198.21,881.37,,,,"     ",3.60,26.54,16.40
532,444759656,"00532M23:01:59.942","00532 23:15:10",198.17,881.39,,,,"     ",3.60,26.53,16.37
532,444759657,"00532M23:02:00.915","00532 23:15:11",198.23,881.34,,,,"     ",3.60,26.51,16.33
532,444759658,"00532M23:02:01.889","00532 23:15:12",198.27,881.43,,,,"     ",3.60,26.56,16.36
532,444759659,"00532M23:02:02.862","00532 23:15:13",198.30,881.36,,,,"     ",3.60,26.55,16.33
532,444759660,"00532M23:02:03.835","00532 23:15:14",198.32,881.25,,,,"     ",3.60,26.61,16.35
532,444759661,"00532M23:02:04.808","00532 23:15:15",198.32,881.40,,,,"     ",3.60,26.56,16.30
532,444759662,"00532M23:02:05.782","00532 23:15:16",198.29,881.36,,,,"     ",3.60,26.63,16.33
532,444759663,"00532M23:02:06.755","00532 23:15:17",198.24,881.29,,,,"     ",3.60,26.51,16.23
532,444759664,"00532M23:02:07.728","00532 23:15:18",198.19,881.38,,,,"     ",3.60,26.61,16.28
532,444759665,"00532M23:02:08.701","00532 23:15:19",198.13,881.29,,,,"     ",3.60,26.79,16.37
532,444759666,"00532M23:02:09.675","00532 23:15:20",198.09,881.26,,,,"     ",3.60,26.63,16.25
532,444759667,"00532M23:02:10.648","00532 23:15:21",198.06,881.31,,,,"     ",3.60,26.62,16.23
532,444759668,"00532M23:02:11.621","00532 23:15:22",198.04,881.32,,,,"     ",3.60,26.64,16.23
532,444759669,"00532M23:02:12.594","00532 23:15:23",198.04,881.38,,,,"     ",3.60,26.67,16.23
532,444759670,"00532M23:02:13.568","00532 23:15:24",198.05,881.29,,,,"     ",3.60,26.71,16.24
532,444759671,"00532M23:02:14.541","00532 23:15:25",198.06,881.29,,,,"     ",3.60,26.88,16.33
532,444759672,"00532M23:02:15.514","00532 23:15:26",198.22,881.44,,,,"     ",3.60,26.64,16.16
532,444759673,"00532M23:02:16.487","00532 23:15:27",198.24,881.39,,,,"     ",3.60,26.66,16.16
532,444759674,"00532M23:02:17.461","00532 23:15:28",198.27,881.29,,,,"     ",3.60,26.65,16.14
532,444759675,"00532M23:02:18.434","00532 23:15:29",198.29,881.38,,,,"     ",3.60,26.70,16.15
532,444759676,"00532M23:02:19.407","00532 23:15:29",198.32,881.29,,,,"     ",3.60,26.73,16.16
532,444759677,"00532M23:02:20.380","00532 23:15:30",198.34,881.25,,,,"     ",3.60,26.68,16.11
532,444759678,"00532M23:02:21.354","00532 23:15:31",198.30,881.30,,,,"     ",3.60,26.64,16.08
532,444759679,"00532M23:02:22.327","00532 23:15:32",198.34,881.29,,,,"     ",3.60,26.66,16.07
532,444759680,"00532M23:02:23.300","00532 23:15:33",198.38,881.29,,,,"     ",3.60,26.71,16.09
532,444759681,"00532M23:02:24.273","00532 23:15:34",198.43,881.42,,,,"     ",3.60,26.61,16.01
532,444759682,"00532M23:02:25.247","00532 23:15:35",198.48,881.41,,,,"     ",3.60,26.75,16.09
532,444759683,"00532M23:02:26.220","00532 23:15:36",198.52,881.40,,,,"     ",3.60,26.69,16.03
532,444759684,"00532M23:02:27.193","00532 23:15:37",198.55,881.36,,,,"     ",3.60,26.74,16.04
532,444759685,"00532M23:02:28.166","00532 23:15:38",198.57,881.28,,,,"     ",3.60,26.73,16.02
532,444759686,"00532M23:02:29.140","00532 23:15:39",198.57,881.30,,,,"     ",3.60,26.65,15.96
532,444759687,"00532M23:02:30.113","00532 23:15:40",198.57,881.43,,,,"     ",3.60,26.71,15.99
532,444759688,"00532M23:02:31.086","00532 23:15:41",198.55,881.42,,,,"     ",3.60,26.67,15.95
532,444759689,"00532M23:02:32.060","00532 23:15:42",198.54,881.35,,,,"     ",3.60,26.67,15.93
532,444759690,"00532M23:02:33.033","00532 23:15:43",198.52,881.39,,,,"     ",3.60,26.71,15.94
532,444759691,"00532M23:02:34.006","00532 23:15:44",198.51,881.35,,,,"     ",3.60,26.67,15.90
532,444759692,"00532M23:02:34.979","00532 23:15:45",198.50,881.43,,,,"     ",3.60,26.76,15.94
532,444759693,"00532M23:02:35.953","00532 23:15:46",198.50,881.30,,,,"     ",3.60,26.74,15.91
532,444759694,"00532M23:02:36.926","00532 23:15:47",198.49,881.27,,,,"     ",3.60,26.73,15.90
532,444759695,"00532M23:02:37.899","00532 23:15:48",198.49,881.27,,,,"     ",3.60,26.77,15.91
532,444759696,"00532M23:02:38.872","00532 23:15:49",198.49,881.50,,,,"     ",3.60,26.72,15.86
532,444759697,"00532M23:02:39.846","00532 23:15:50",198.49,881.38,,,,"     ",3.60,26.70,15.84
532,444759698,"00532M23:02:40.819","00532 23:15:51",198.48,881.37,,,,"     ",3.60,26.69,15.81
532,444759699,"00532M23:02:41.792","00532 23:15:52",198.47,881.41,,,,"     ",3.60,26.71,15.81
532,444759700,"00532M23:02:42.765","00532 23:15:53",198.46,881.32,,,,"     ",3.60,26.71,15.80
532,444759701,"00532M23:02:43.739","00532 23:15:54",198.44,881.32,,,,"     ",3.60,26.48,15.65
532,444759702,"00532M23:02:44.712","00532 23:15:55",198.42,881.41,,,,"     ",3.60,26.79,15.83
532,444759703,"00532M23:02:45.685","00532 23:15:56",198.40,881.44,,,,"     ",3.60,26.74,15.78
532,444759704,"00532M23:02:46.658","00532 23:15:57",198.38,881.38,,,,"     ",3.60,26.82,15.82
532,444759705,"00532M23:02:47.632","00532 23:15:58",198.36,881.42,,,,"     ",3.60,26.71,15.74
532,444759706,"00532M23:02:48.605","00532 23:15:59",198.33,881.44,,,,"     ",3.60,26.65,15.70
532,444759707,"00532M23:02:49.578","00532 23:16:00",198.29,881.49,,,,"     ",3.60,26.70,15.72
532,444759708,"00532M23:02:50.551","00532 23:16:01",198.25,881.40,,,,"     ",3.60,26.72,15.71
532,444759709,"00532M23:02:51.525","00532 23:16:02",198.21,881.36,,,,"     ",3.60,26.71,15.70
532,444759710,"00532M23:02:52.498","00532 23:16:03",198.17,881.39,,,,"     ",3.60,26.77,15.72
532,444759711,"00532M23:02:53.471","00532 23:16:04",198.13,881.42,,,,"     ",3.60,26.70,15.68
532,444759712,"00532M23:02:54.444","00532 23:16:05",198.07,881.46,,,,"     ",3.60,26.84,15.74
532,444759713,"00532M23:02:55.418","00532 23:16:06",198.01,881.36,,,,"     ",3.60,26.83,15.72
532,444759714,"00532M23:02:56.391","00532 23:16:06",197.96,881.40,,,,"     ",3.60,26.77,15.68
532,444759715,"00532M23:02:57.364","00532 23:16:07",197.91,881.39,,,,"     ",3.60,26.75,15.65
532,444759716,"00532M23:02:58.337","00532 23:16:08",197.86,881.45,,,,"     ",3.60,26.77,15.66
532,444759717,"00532M23:02:59.311","00532 23:16:09",197.83,881.41,,,,"     ",3.60,26.78,15.66
532,444759718,"00532M23:03:00.284","00532 23:16:10",197.81,881.35,,,,"     ",3.60,26.83,15.67
532,444759719,"00532M23:03:01.257","00532 23:16:11",197.80,881.40,,,,"     ",3.60,26.82,15.66
532,444759720,"00532M23:03:02.230","00532 23:16:12",197.80,881.39,,,,"     ",3.60,26.70,15.57
532,444759721,"00532M23:03:03.204","00532 23:16:13",197.81,881.43,,,,"     ",3.60,26.77,15.61
532,444759722,"00532M23:03:04.177","00532 23:16:14",197.82,881.53,,,,"     ",3.60,26.86,15.65
532,444759723,"00532M23:03:05.150","00532 23:16:15",197.83,881.46,,,,"     ",3.60,26.69,15.54
532,444759724,"00532M23:03:06.123","00532 23:16:16",197.85,881.49,,,,"     ",3.60,26.97,15.70
532,444759725,"00532M23:03:07.097","00532 23:16:17",197.87,881.45,,,,"     ",3.60,26.85,15.62
532,444759726,"00532M23:03:08.070","00532 23:16:18",197.88,881.41,,,,"     ",3.60,26.87,15.62
532,444759727,"00532M23:03:09.043","00532 23:16:19",197.90,881.41,,,,"     ",3.60,26.79,15.56
532,444759728,"00532M23:03:10.016","00532 23:16:20",197.93,881.37,,,,"     ",3.60,26.83,15.58
532,444759729,"00532M23:03:10.990","00532 23:16:21",197.95,881.37,,,,"     ",3.60,26.91,15.61
532,444759730,"00532M23:03:11.963","00532 23:16:22",197.98,881.40,,,,"     ",3.60,26.88,15.58
532,444759731,"00532M23:03:12.936","00532 23:16:23",198.00,881.43,,,,"     ",3.60,26.89,15.58
532,444759732,"00532M23:03:13.909","00532 23:16:24",198.02,881.38,,,,"     ",3.60,26.90,15.57
532,444759733,"00532M23:03:14.883","00532 23:16:25",198.03,881.42,,,,"     ",3.60,26.88,15.55
532,444759734,"00532M23:03:15.856","00532 23:16:26",198.04,881.54,,,,"     ",3.60,26.92,15.57
532,444759735,"00532M23:03:16.829","00532 23:16:27",198.04,881.41,,,,"     ",3.60,26.91,15.55
532,444759736,"00532M23:03:17.802","00532 23:16:28",198.05,881.48,,,,"     ",3.60,26.89,15.53
532,444759737,"00532M23:03:18.776","00532 23:16:29",198.06,881.52,,,,"     ",3.60,26.88,15.52
532,444759738,"00532M23:03:19.749","00532 23:16:30",198.08,881.65,,,,"     ",3.60,26.78,15.45
532,444759739,"00532M23:03:20.722","00532 23:16:31",198.11,881.47,,,,"     ",3.60,26.96,15.54
532,444759740,"00532M23:03:21.695","00532 23:16:32",198.14,881.33,,,,"     ",3.60,26.88,15.48
532,444759741,"00532M23:03:22.669","00532 23:16:33",198.17,881.35,,,,"     ",3.60,26.91,15.49
532,444759742,"00532M23:03:23.642","00532 23:16:34",198.19,881.30,,,,"     ",3.60,26.97,15.52
532,444759743,"00532M23:03:24.615","00532 23:16:35",198.21,881.32,,,,"     ",3.60,26.95,15.50
532,444759744,"00532M23:03:25.588","00532 23:16:36",198.22,881.36,,,,"     ",3.60,26.99,15.52
532,444759745,"00532M23:03:26.562","00532 23:16:37",198.22,881.43,,,,"     ",3.60,26.92,15.46
532,444759746,"00532M23:03:27.535","00532 23:16:38",198.22,881.40,,,,"     ",3.60,26.95,15.47
532,444759747,"00532M23:03:28.508","00532 23:16:39",198.21,881.53,,,,"     ",3.60,26.95,15.46
532,444759748,"00532M23:03:29.481","00532 23:16:40",198.20,881.54,,,,"     ",3.60,26.98,15.47
532,444759749,"00532M23:03:30.455","00532 23:16:41",198.19,881.47,,,,"     ",3.60,27.03,15.49
532,444759750,"00532M23:03:31.428","00532 23:16:42",198.17,881.45,,,,"     ",3.60,26.94,15.43
532,444759751,"00532M23:03:32.401","00532 23:16:42",198.16,881.45,,,,"     ",3.60,26.94,15.42
532,444759752,"00532M23:03:33.374","00532 23:16:43",198.15,881.50,,,,"     ",3.60,27.00,15.45
532,444759753,"00532M23:03:34.348","00532 23:16:44",198.14,881.54,,,,"     ",3.60,27.04,15.46
532,444759754,"00532M23:03:35.321","00532 23:16:45",198.12,881.47,,,,"     ",3.60,27.03,15.45
532,444759755,"00532M23:03:36.294","00532 23:16:46",198.09,881.47,,,,"     ",3.60,27.02,15.43
532,444759756,"00532M23:03:37.267","00532 23:16:47",198.06,881.48,,,,"     ",3.60,27.03,15.42
532,444759757,"00532M23:03:38.241","00532 23:16:48",198.02,881.50,,,,"     ",3.60,26.83,15.30
532,444759758,"00532M23:03:39.214","00532 23:16:49",197.99,881.48,,,,"     ",3.60,27.09,15.44
532,444759759,"00532M23:03:40.187","00532 23:16:50",197.95,881.40,,,,"     ",3.60,27.05,15.41
532,444759760,"00532M23:03:41.160","00532 23:16:51",197.91,881.47,,,,"     ",3.60,27.14,15.45
532,444759761,"00532M23:03:42.134","00532 23:16:52",197.88,881.54,,,,"     ",3.60,27.12,15.44
532,444759762,"00532M23:03:43.107","00532 23:16:53",197.85,881.48,,,,"     ",3.60,27.09,15.40
532,444759763,"00532M23:03:44.080","00532 23:16:54",197.82,881.44,,,,"     ",3.60,27.04,15.36
532,444759764,"00532M23:03:45.054","00532 23:16:55",197.81,881.52,,,,"     ",3.60,27.18,15.44
532,444759765,"00532M23:03:46.027","00532 23:16:56",197.82,881.57,,,,"     ",3.60,27.19,15.43
532,444759766,"00532M23:03:47.000","00532 23:16:57",197.84,881.49,,,,"     ",3.60,27.14,15.40
532,444759767,"00532M23:03:47.973","00532 23:16:58",197.86,881.47,,,,"     ",3.60,27.18,15.40
532,444759768,"00532M23:03:48.947","00532 23:16:59",197.89,881.51,,,,"     ",3.60,27.18,15.40
532,444759769,"00532M23:03:49.920","00532 23:17:00",197.91,881.51,,,,"     ",3.60,27.18,15.39
532,444759770,"00532M23:03:50.893","00532 23:17:01",197.93,881.58,,,,"     ",3.60,27.32,15.47
532,444759771,"00532M23:03:51.866","00532 23:17:02",197.94,881.48,,,,"     ",3.60,27.17,15.37
532,444759772,"00532M23:03:52.840","00532 23:17:03",197.94,881.37,,,,"     ",3.60,27.20,15.37
532,444759773,"00532M23:03:53.813","00532 23:17:04",197.92,881.40,,,,"     ",3.60,27.27,15.40
532,444759774,"00532M23:03:54.786","00532 23:17:05",197.90,881.35,,,,"     ",3.60,27.22,15.36
532,444759775,"00532M23:03:55.759","00532 23:17:06",197.87,881.36,,,,"     ",3.60,27.09,15.27
532,444759776,"00532M23:03:56.733","00532 23:17:07",197.84,881.50,,,,"     ",3.60,27.23,15.35
532,444759777,"00532M23:03:57.706","00532 23:17:08",197.81,881.58,,,,"     ",3.60,27.23,15.34
532,444759778,"00532M23:03:58.679","00532 23:17:09",197.78,881.52,,,,"     ",3.60,27.22,15.33
532,444759779,"00532M23:03:59.652","00532 23:17:10",197.75,881.48,,,,"     ",3.60,27.34,15.39
532,444759780,"00532M23:04:00.626","00532 23:17:11",197.71,881.33,,,,"     ",3.60,27.30,15.35
532,444759781,"00532M23:04:01.599","00532 23:17:12",197.68,881.34,,,,"     ",3.60,27.32,15.35
532,444759782,"00532M23:04:02.572","00532 23:17:13",197.64,881.42,,,,"     ",3.60,27.55,15.48
532,444759783,"00532M23:04:03.545","00532 23:17:14",197.59,881.47,,,,"     ",3.60,27.34,15.36
532,444759784,"00532M23:04:04.519","00532 23:17:15",197.55,881.52,,,,"     ",3.60,27.30,15.31
532,444759785,"00532M23:04:05.492","00532 23:17:16",197.51,881.39,,,,"     ",3.60,27.29,15.30
532,444759786,"00532M23:04:06.465","00532 23:17:17",197.48,881.46,,,,"     ",3.60,27.36,15.33
532,444759787,"00532M23:04:07.438","00532 23:17:18",197.47,881.40,,,,"     ",3.60,27.37,15.33
532,444759788,"00532M23:04:08.412","00532 23:17:19",197.48,881.42,,,,"     ",3.60,27.45,15.36
532,444759789,"00532M23:04:09.385","00532 23:17:19",197.50,881.49,,,,"     ",3.60,27.53,15.40
532,444759790,"00532M23:04:10.358","00532 23:17:20",197.55,881.56,,,,"     ",3.60,27.50,15.37
532,444759791,"00532M23:04:11.331","00532 23:17:21",197.62,881.54,,,,"     ",3.60,27.37,15.29
532,444759792,"00532M23:04:12.305","00532 23:17:22",197.71,881.52,,,,"     ",3.60,27.55,15.38
532,444759793,"00532M23:04:13.278","00532 23:17:23",197.80,881.55,,,,"     ",3.60,27.54,15.36
532,444759794,"00532M23:04:14.251","00532 23:17:24",197.90,881.60,,,,"     ",3.60,27.48,15.33
532,444759795,"00532M23:04:15.224","00532 23:17:25",198.00,881.59,,,,"     ",3.60,27.51,15.33
532,444759796,"00532M23:04:16.198","00532 23:17:26",198.11,881.58,,,,"     ",3.60,27.44,15.29
532,444759797,"00532M23:04:17.171","00532 23:17:27",198.20,881.57,,,,"     ",3.60,27.58,15.35
532,444759798,"00532M23:04:18.144","00532 23:17:28",198.27,881.62,,,,"     ",3.60,27.49,15.29
532,444759799,"00532M23:04:19.117","00532 23:17:29",198.32,881.60,,,,"     ",3.60,27.53,15.30
532,444759800,"00532M23:04:20.091","00532 23:17:30",198.35,881.53,,,,"     ",3.60,27.61,15.34
532,444759801,"00532M23:04:21.064","00532 23:17:31",198.36,881.58,,,,"     ",3.60,27.60,15.32
532,444759802,"00532M23:04:22.037","00532 23:17:32",198.35,881.63,,,,"     ",3.60,27.59,15.31
532,444759803,"00532M23:04:23.010","00532 23:17:33",198.34,881.53,,,,"     ",3.60,27.58,15.30
532,444759804,"00532M23:04:23.984","00532 23:17:34",198.32,881.51,,,,"     ",3.60,27.57,15.28
532,444759805,"00532M23:04:24.957","00532 23:17:35",198.30,881.48,,,,"     ",3.60,27.62,15.30
532,444759806,"00532M23:04:25.930","00532 23:17:36",198.27,881.52,,,,"     ",3.60,27.60,15.27
532,444759807,"00532M23:04:26.903","00532 23:17:37",198.24,881.54,,,,"     ",3.60,27.58,15.26
532,444759808,"00532M23:04:27.877","00532 23:17:38",198.19,881.52,,,,"     ",3.60,27.55,15.23
532,444759809,"00532M23:04:28.850","00532 23:17:39",198.14,881.54,,,,"     ",3.60,27.65,15.28
532,444759810,"00532M23:04:29.823","00532 23:17:40",198.07,881.60,,,,"     ",3.60,27.59,15.23
532,444759811,"00532M23:04:30.796","00532 23:17:41",198.00,881.60,,,,"     ",3.60,27.55,15.20
532,444759812,"00532M23:04:31.770","00532 23:17:42",197.93,881.60,,,,"     ",3.60,27.64,15.25
532,444759813,"00532M23:04:32.743","00532 23:17:43",197.88,881.48,,,,"     ",3.60,27.54,15.18
532,444759814,"00532M23:04:33.716","00532 23:17:44",197.84,881.56,,,,"     ",3.60,27.55,15.18
532,444759815,"00532M23:04:34.689","00532 23:17:45",197.80,881.56,,,,"     ",3.60,27.64,15.22
532,444759816,"00532M23:04:35.663","00532 23:17:46",197.78,881.58,,,,"     ",3.60,27.51,15.13
532,444759817,"00532M23:04:36.636","00532 23:17:47",197.77,881.64,,,,"     ",3.60,27.38,15.06
532,444759818,"00532M23:04:37.609","00532 23:17:48",197.77,881.78,,,,"     ",3.60,27.61,15.18
532,444759819,"00532M23:04:38.582","00532 23:17:49",197.77,881.58,,,,"     ",3.60,27.63,15.18
532,444759820,"00532M23:04:39.556","00532 23:17:50",197.78,881.72,,,,"     ",3.60,27.41,15.05
532,444759821,"00532M23:04:40.529","00532 23:17:51",197.79,881.76,,,,"     ",3.60,27.66,15.17
532,444759822,"00532M23:04:41.502","00532 23:17:52",197.80,881.57,,,,"     ",3.60,27.61,15.14
532,444759823,"00532M23:04:42.475","00532 23:17:53",197.83,881.53,,,,"     ",3.60,27.67,15.16
532,444759824,"00532M23:04:43.449","00532 23:17:54",197.86,881.61,,,,"     ",3.60,27.59,15.11
532,444759825,"00532M23:04:44.422","00532 23:17:55",197.89,881.42,,,,"     ",3.60,27.57,15.08
532,444759826,"00532M23:04:45.395","00532 23:17:55",197.94,881.50,,,,"     ",3.60,27.68,15.14
532,444759827,"00532M23:04:46.368","00532 23:17:56",197.98,881.53,,,,"     ",3.60,27.65,15.12
532,444759828,"00532M23:04:47.342","00532 23:17:57",198.03,881.53,,,,"     ",3.60,27.67,15.12
532,444759829,"00532M23:04:48.315","00532 23:17:58",198.08,881.71,,,,"     ",3.60,27.68,15.12
532,444759830,"00532M23:04:49.288","00532 23:17:59",198.12,881.65,,,,"     ",3.60,27.61,15.07
532,444759831,"00532M23:04:50.261","00532 23:18:00",198.15,881.67,,,,"     ",3.60,27.62,15.07
532,444759832,"00532M23:04:51.235","00532 23:18:01",198.18,881.61,,,,"     ",3.60,27.64,15.07
532,444759833,"00532M23:04:52.208","00532 23:18:02",198.19,881.59,,,,"     ",3.60,27.67,15.08
532,444759834,"00532M23:04:53.181","00532 23:18:03",198.19,881.59,,,,"     ",3.60,27.66,15.07
532,444759835,"00532M23:04:54.155","00532 23:18:04",198.17,881.51,,,,"     ",3.60,27.62,15.04
532,444759836,"00532M23:04:55.128","00532 23:18:05",198.14,881.55,,,,"     ",3.60,27.63,15.03
532,444759837,"00532M23:04:56.101","00532 23:18:06",198.09,881.57,,,,"     ",3.60,27.61,15.01
532,444759838,"00532M23:04:57.074","00532 23:18:07",198.03,881.63,,,,"     ",3.60,27.65,15.02
532,444759839,"00532M23:04:58.048","00532 23:18:08",197.95,881.59,,,,"     ",3.60,27.65,15.02
532,444759840,"00532M23:04:59.021","00532 23:18:09",197.86,881.62,,,,"     ",3.60,27.64,15.00
532,444759841,"00532M23:04:59.994","00532 23:18:10",197.77,881.64,,,,"     ",3.60,27.66,15.00
532,444759842,"00532M23:05:00.967","00532 23:18:11",197.68,881.65,,,,"     ",3.60,27.75,15.04
532,444759843,"00532M23:05:01.941","00532 23:18:12",197.59,881.71,,,,"     ",3.60,27.64,14.98
532,444759844,"00532M23:05:02.914","00532 23:18:13",197.50,881.69,,,,"     ",3.60,27.96,15.14
532,444759845,"00532M23:05:03.887","00532 23:18:14",197.40,881.64,,,,"     ",3.60,27.68,14.98
532,444759846,"00532M23:05:04.860","00532 23:18:15",197.32,881.64,,,,"     ",3.60,27.64,14.95
532,444759847,"00532M23:05:05.834","00532 23:18:16",197.24,881.57,,,,"     ",3.60,27.73,14.99
532,444759848,"00532M23:05:06.807","00532 23:18:17",197.17,881.61,,,,"     ",3.60,27.73,14.99
532,444759849,"00532M23:05:07.780","00532 23:18:18",197.11,881.62,,,,"     ",3.60,27.74,14.98
532,444759850,"00532M23:05:08.753","00532 23:18:19",197.06,881.70,,,,"     ",3.60,27.77,14.99
532,444759851,"00532M23:05:09.727","00532 23:18:20",197.03,881.64,,,,"     ",3.60,27.76,14.98
532,444759852,"00532M23:05:10.700","00532 23:18:21",197.01,881.64,,,,"     ",3.60,27.78,14.98
532,444759853,"00532M23:05:11.673","00532 23:18:22",197.00,881.63,,,,"     ",3.60,27.76,14.95
532,444759854,"00532M23:05:12.646","00532 23:18:23",197.01,881.69,,,,"     ",3.60,27.80,14.97
532,444759855,"00532M23:05:13.620","00532 23:18:24",197.02,881.69,,,,"     ",3.60,27.80,14.96
532,444759856,"00532M23:05:14.593","00532 23:18:25",197.05,881.64,,,,"     ",3.60,27.80,14.95
532,444759857,"00532M23:05:15.566","00532 23:18:26",197.08,881.65,,,,"     ",3.60,27.79,14.94
532,444759858,"00532M23:05:16.539","00532 23:18:27",197.11,881.63,,,,"     ",3.60,27.83,14.95
532,444759859,"00532M23:05:17.513","00532 23:18:28",197.15,881.63,,,,"     ",3.60,27.87,14.97
532,444759860,"00532M23:05:18.486","00532 23:18:29",197.20,881.60,,,,"     ",3.60,27.80,14.92
532,444759861,"00532M23:05:19.459","00532 23:18:30",197.24,881.69,,,,"     ",3.60,27.86,14.95
532,444759862,"00532M23:05:20.432","00532 23:18:31",197.29,881.61,,,,"     ",3.60,27.89,14.96
532,444759863,"00532M23:05:21.406","00532 23:18:32",197.33,881.68,,,,"     ",3.60,27.79,14.89
532,444759864,"00532M23:05:22.379","00532 23:18:32",197.37,881.70,,,,"     ",3.60,27.88,14.94
532,444759865,"00532M23:05:23.352","00532 23:18:33",197.41,881.59,,,,"     ",3.60,27.88,14.93
532,444759866,"00532M23:05:24.325","00532 23:18:34",197.44,881.46,,,,"     ",3.60,27.83,14.88
532,444759867,"00532M23:05:25.299","00532 23:18:35",197.47,881.66,,,,"     ",3.60,27.53,14.72
532,444759868,"00532M23:05:26.272","00532 23:18:36",197.50,881.75,,,,"     ",3.60,27.89,14.91
532,444759869,"00532M23:05:27.245","00532 23:18:37",197.52,881.78,,,,"     ",3.60,27.81,14.85
532,444759870,"00532M23:05:28.218","00532 23:18:38",197.53,881.82,,,,"     ",3.60,27.86,14.87
532,444759871,"00532M23:05:29.192","00532 23:18:39",197.53,881.84,,,,"     ",3.60,27.77,14.81
532,444759872,"00532M23:05:30.165","00532 23:18:40",197.53,881.61,,,,"     ",3.60,27.80,14.81
532,444759873,"00532M23:05:31.138","00532 23:18:41",197.53,881.69,,,,"     ",3.60,27.88,14.85
532,444759874,"00532M23:05:32.111","00532 23:18:42",197.53,881.68,,,,"     ",3.60,27.84,14.82
532,444759875,"00532M23:05:33.085","00532 23:18:43",197.54,881.72,,,,"     ",3.60,27.82,14.80
532,444759876,"00532M23:05:34.058","00532 23:18:44",197.55,881.70,,,,"     ",3.60,28.14,14.97
532,444759877,"00532M23:05:35.031","00532 23:18:45",197.56,881.70,,,,"     ",3.60,27.85,14.80
532,444759878,"00532M23:05:36.004","00532 23:18:46",197.61,881.76,,,,"     ",3.60,27.79,14.76
532,444759879,"00532M23:05:36.978","00532 23:18:47",197.65,881.64,,,,"     ",3.60,27.83,14.77
532,444759880,"00532M23:05:37.951","00532 23:18:48",197.68,881.67,,,,"     ",3.60,27.80,14.75
532,444759881,"00532M23:05:38.924","00532 23:18:49",197.71,881.68,,,,"     ",3.60,27.82,14.75
532,444759882,"00532M23:05:39.897","00532 23:18:50",197.74,881.73,,,,"     ",3.60,27.79,14.73
532,444759883,"00532M23:05:40.871","00532 23:18:51",197.77,881.79,,,,"     ",3.60,27.75,14.69
532,444759884,"00532M23:05:41.844","00532 23:18:52",197.79,881.77,,,,"     ",3.60,27.83,14.73
532,444759885,"00532M23:05:42.817","00532 23:18:53",197.81,881.83,,,,"     ",3.60,27.83,14.72
532,444759886,"00532M23:05:43.790","00532 23:18:54",197.84,881.86,,,,"     ",3.60,27.74,14.66
532,444759887,"00532M23:05:44.764","00532 23:18:55",197.86,881.87,,,,"     ",3.60,27.77,14.67
532,444759888,"00532M23:05:45.737","00532 23:18:56",197.88,881.81,,,,"     ",3.60,27.85,14.71
532,444759889,"00532M23:05:46.710","00532 23:18:57",197.90,881.84,,,,"     ",3.60,27.79,14.67
532,444759890,"00532M23:05:47.683","00532 23:18:58",197.92,881.86,,,,"     ",3.60,27.80,14.66
532,444759891,"00532M23:05:48.657","00532 23:18:59",197.94,881.84,,,,"     ",3.60,27.74,14.62
532,444759892,"00532M23:05:49.630","00532 23:19:00",197.95,881.86,,,,"     ",3.60,27.85,14.68
532,444759893,"00532M23:05:50.603","00532 23:19:01",197.97,881.81,,,,"     ",3.60,27.82,14.65
532,444759894,"00532M23:05:51.576","00532 23:19:02",197.98,881.76,,,,"     ",3.60,27.82,14.64
532,444759895,"00532M23:05:52.550","00532 23:19:03",197.99,881.78,,,,"     ",3.60,27.74,14.59
532,444759896,"00532M23:05:53.523","00532 23:19:04",198.00,881.76,,,,"     ",3.60,27.80,14.62
532,444759897,"00532M23:05:54.496","00532 23:19:05",198.01,881.63,,,,"     ",3.60,27.80,14.61
