SOL,TIMESTAMP,LMST,LTST,AMBIENT_TEMP,PRESSURE,HORIZONTAL_WIND_SPEED,VERTICAL_WIND_SPEED,WIND_DIRECTION,WS_CONFIDENCE_LEVEL,PRESSURE_UNCERTAINTY,VOLUME_MIXING_RATIO,LOCAL_RELATIVE_HUMIDITY
1771,554666006,"01771M00:00:57.901","01770 23:48:40",206.95,887.71,,,,"     ",5.30,,
1771,554666007,"01771M00:00:58.874","01770 23:48:41",206.88,887.73,,,,"     ",5.30,36.64,9.50
1771,554666008,"01771M00:00:59.847","01770 23:48:42",206.81,887.79,,,,"     ",5.30,36.81,9.52
1771,554666009,"01771M00:01:00.821","01770 23:48:43",206.75,887.69,,,,"     ",5.30,36.90,9.51
1771,554666010,"01771M00:01:01.794","01770 23:48:44",206.69,887.62,,,,"     ",5.30,37.06,9.53
1771,554666011,"01771M00:01:02.767","01770 23:48:45",206.63,887.64,,,,"     ",5.30,37.02,9.50
1771,554666012,"01771M00:01:03.740","01770 23:48:46",206.58,887.65,,,,"     ",5.30,37.11,9.50
1771,554666013,"01771M00:01:04.714","01770 23:48:47",206.54,887.60,,,,"     ",5.30,37.17,9.49
1771,554666014,"01771M00:01:05.687","01770 23:48:48",206.49,887.58,,,,"     ",5.30,37.08,9.44
1771,554666015,"01771M00:01:06.660","01770 23:48:49",206.46,887.68,,,,"     ",5.30,37.03,9.40
1771,554666016,"01771M00:01:07.633","01770 23:48:50",206.42,887.73,,,,"     ",5.30,37.10,9.40
1771,554666017,"01771M00:01:08.607","01770 23:48:51",206.39,887.66,,,,"     ",5.30,37.19,9.40
1771,554666018,"01771M00:01:09.580","01770 23:48:52",206.36,887.67,,,,"     ",5.30,37.19,9.38
1771,554666019,"01771M00:01:10.553","01770 23:48:53",206.34,887.64,,,,"     ",5.30,37.24,9.37
1771,554666020,"01771M00:01:11.526","01770 23:48:54",206.32,887.67,,,,"     ",5.30,37.24,9.35
1771,554666021,"01771M00:01:12.500","01770 23:48:55",206.32,887.70,,,,"     ",5.30,37.36,9.36
1771,554666022,"01771M00:01:13.473","01770 23:48:56",206.30,887.70,,,,"     ",5.30,37.38,9.35
1771,554666023,"01771M00:01:14.446","01770 23:48:57",206.28,887.71,,,,"     ",5.30,37.47,9.35
1771,554666024,"01771M00:01:15.419","01770 23:48:58",206.29,887.71,,,,"     ",5.30,37.34,9.30
1771,554666025,"01771M00:01:16.393","01770 23:48:59",206.32,887.70,,,,"     ",5.30,37.40,9.29
1771,554666026,"01771M00:01:17.366","01770 23:49:00",206.37,887.70,,,,"     ",5.30,37.46,9.29
1771,554666027,"01771M00:01:18.339","01770 23:49:01",206.43,887.71,,,,"     ",5.30,37.43,9.26
1771,554666028,"01771M00:01:19.312","01770 23:49:02",206.47,887.71,,,,"     ",5.30,37.31,9.21
1771,554666029,"01771M00:01:20.286","01770 23:49:03",206.49,887.72,,,,"     ",5.30,37.44,9.23
1771,554666030,"01771M00:01:21.259","01770 23:49:04",206.51,887.73,,,,"     ",5.30,37.64,9.26
1771,554666031,"01771M00:01:22.232","01770 23:49:04",206.54,887.80,,,,"     ",5.30,37.68,9.26
1771,554666032,"01771M00:01:23.205","01770 23:49:05",206.57,887.76,,,,"     ",5.30,37.69,9.24
1771,554666033,"01771M00:01:24.179","01770 23:49:06",206.62,887.74,,,,"     ",5.30,37.62,9.21
1771,554666034,"01771M00:01:25.152","01770 23:49:07",206.68,887.73,,,,"     ",5.30,37.69,9.21
1771,554666035,"01771M00:01:26.125","01770 23:49:08",206.72,887.74,,,,"     ",5.30,37.80,9.22
1771,554666036,"01771M00:01:27.098","01770 23:49:09",206.74,887.69,,,,"     ",5.30,37.54,9.14
1771,554666037,"01771M00:01:28.072","01770 23:49:10",206.72,887.72,,,,"     ",5.30,37.72,9.17
1771,554666038,"01771M00:01:29.045","01770 23:49:11",206.66,887.70,,,,"     ",5.30,37.75,9.16
1771,554666039,"01771M00:01:30.018","01770 23:49:12",206.57,887.67,,,,"     ",5.30,37.73,9.14
1771,554666040,"01771M00:01:30.991","01770 23:49:13",206.49,887.71,,,,"     ",5.30,37.71,9.12
1771,554666041,"01771M00:01:31.965","01770 23:49:14",206.44,887.70,,,,"     ",5.30,37.78,9.12
1771,554666042,"01771M00:01:32.938","01770 23:49:15",206.43,887.67,,,,"     ",5.30,38.07,9.18
1771,554666043,"01771M00:01:33.911","01770 23:49:16",206.46,887.73,,,,"     ",5.30,37.66,9.06
1771,554666044,"01771M00:01:34.884","01770 23:49:17",206.50,887.75,,,,"     ",5.30,37.71,9.06
1771,554666045,"01771M00:01:35.858","01770 23:49:18",206.55,887.72,,,,"     ",5.30,37.89,9.09
1771,554666046,"01771M00:01:36.831","01770 23:49:19",206.59,887.77,,,,"     ",5.30,38.06,9.12
1771,554666047,"01771M00:01:37.804","01770 23:49:20",206.61,887.76,,,,"     ",5.30,37.88,9.06
1771,554666048,"01771M00:01:38.777","01770 23:49:21",206.62,887.79,,,,"     ",5.30,38.01,9.09
1771,554666049,"01771M00:01:39.751","01770 23:49:22",206.65,887.77,,,,"     ",5.30,37.90,9.04
1771,554666050,"01771M00:01:40.724","01770 23:49:23",206.70,887.63,,,,"     ",5.30,38.05,9.07
1771,554666051,"01771M00:01:41.697","01770 23:49:24",206.77,887.66,,,,"     ",5.30,37.88,9.01
1771,554666052,"01771M00:01:42.670","01770 23:49:25",206.85,887.79,,,,"     ",5.30,37.98,9.02
1771,554666053,"01771M00:01:43.644","01770 23:49:26",206.91,887.78,,,,"     ",5.30,37.95,9.01
1771,554666054,"01771M00:01:44.617","01770 23:49:27",206.93,887.75,,,,"     ",5.30,38.07,9.03
1771,554666055,"01771M00:01:45.590","01770 23:49:28",206.93,887.75,,,,"     ",5.30,38.02,9.00
1771,554666056,"01771M00:01:46.563","01770 23:49:29",206.93,887.81,,,,"     ",5.30,37.95,8.97
1771,554666057,"01771M00:01:47.537","01770 23:49:30",206.94,887.80,,,,"     ",5.30,37.88,8.94
1771,554666058,"01771M00:01:48.510","01770 23:49:31",206.97,887.86,,,,"     ",5.30,38.22,9.02
1771,554666059,"01771M00:01:49.483","01770 23:49:32",207.03,887.77,,,,"     ",5.30,38.12,8.98
1771,554666060,"01771M00:01:50.456","01770 23:49:33",207.10,887.81,,,,"     ",5.30,38.14,8.97
1771,554666061,"01771M00:01:51.430","01770 23:49:34",207.18,887.91,,,,"     ",5.30,38.02,8.94
1771,554666062,"01771M00:01:52.403","01770 23:49:35",207.25,887.86,,,,"     ",5.30,38.03,8.93
1771,554666063,"01771M00:01:53.376","01770 23:49:36",207.30,887.82,,,,"     ",5.30,38.20,8.96
1771,554666064,"01771M00:01:54.350","01770 23:49:37",207.34,887.88,,,,"     ",5.30,38.19,8.95
1771,554666065,"01771M00:01:55.323","01770 23:49:38",207.36,887.84,,,,"     ",5.30,38.26,8.95
1771,554666066,"01771M00:01:56.296","01770 23:49:39",207.38,887.83,,,,"     ",5.30,38.27,8.94
1771,554666067,"01771M00:01:57.269","01770 23:49:40",207.40,887.83,,,,"     ",5.30,38.39,8.96
1771,554666068,"01771M00:01:58.243","01770 23:49:41",207.40,887.80,,,,"     ",5.30,38.29,8.93
1771,554666069,"01771M00:01:59.216","01770 23:49:41",207.39,887.78,,,,"     ",5.30,38.13,8.88
1771,554666070,"01771M00:02:00.189","01770 23:49:42",207.35,887.88,,,,"     ",5.30,38.25,8.90
1771,554666071,"01771M00:02:01.162","01770 23:49:43",207.31,887.83,,,,"     ",5.30,38.45,8.94
1771,554666072,"01771M00:02:02.136","01770 23:49:44",207.25,887.81,,,,"     ",5.30,38.35,8.91
1771,554666073,"01771M00:02:03.109","01770 23:49:45",207.19,887.85,,,,"     ",5.30,38.49,8.93
1771,554666074,"01771M00:02:04.082","01770 23:49:46",207.13,887.82,,,,"     ",5.30,38.36,8.89
1771,554666075,"01771M00:02:05.055","01770 23:49:47",207.07,887.77,,,,"     ",5.30,38.48,8.91
1771,554666076,"01771M00:02:06.029","01770 23:49:48",207.04,887.82,,,,"     ",5.30,38.59,8.93
1771,554666077,"01771M00:02:07.002","01770 23:49:49",207.03,887.83,,,,"     ",5.30,38.42,8.88
1771,554666078,"01771M00:02:07.975","01770 23:49:50",207.04,887.83,,,,"     ",5.30,38.61,8.91
1771,554666079,"01771M00:02:08.948","01770 23:49:51",207.08,887.78,,,,"     ",5.30,38.54,8.89
1771,554666080,"01771M00:02:09.922","01770 23:49:52",207.14,887.81,,,,"     ",5.30,38.45,8.86
1771,554666081,"01771M00:02:10.895","01770 23:49:53",207.22,887.89,,,,"     ",5.30,38.50,8.86
1771,554666082,"01771M00:02:11.868","01770 23:49:54",207.30,887.81,,,,"     ",5.30,38.64,8.89
1771,554666083,"01771M00:02:12.841","01770 23:49:55",207.37,887.83,,,,"     ",5.30,38.80,8.92
1771,554666084,"01771M00:02:13.815","01770 23:49:56",207.43,887.92,,,,"     ",5.30,38.69,8.88
1771,554666085,"01771M00:02:14.788","01770 23:49:57",207.46,887.92,,,,"     ",5.30,38.63,8.86
1771,554666086,"01771M00:02:15.761","01770 23:49:58",207.45,887.92,,,,"     ",5.30,38.88,8.91
1771,554666087,"01771M00:02:16.734","01770 23:49:59",207.39,887.91,,,,"     ",5.30,38.80,8.89
1771,554666088,"01771M00:02:17.708","01770 23:50:00",207.31,887.89,,,,"     ",5.30,38.92,8.91
1771,554666089,"01771M00:02:18.681","01770 23:50:01",207.23,887.89,,,,"     ",5.30,38.88,8.89
1771,554666090,"01771M00:02:19.654","01770 23:50:02",207.15,887.86,,,,"     ",5.30,38.91,8.89
1771,554666091,"01771M00:02:20.627","01770 23:50:03",207.08,887.87,,,,"     ",5.30,38.67,8.82
1771,554666092,"01771M00:02:21.601","01770 23:50:04",207.02,887.90,,,,"     ",5.30,38.68,8.82
1771,554666093,"01771M00:02:22.574","01770 23:50:05",206.96,887.92,,,,"     ",5.30,38.87,8.86
1771,554666094,"01771M00:02:23.547","01770 23:50:06",206.91,887.86,,,,"     ",5.30,39.00,8.88
1771,554666095,"01771M00:02:24.520","01770 23:50:07",206.86,887.90,,,,"     ",5.30,39.10,8.90
1771,554666096,"01771M00:02:25.494","01770 23:50:08",206.84,887.85,,,,"     ",5.30,38.97,8.86
1771,554666097,"01771M00:02:26.467","01770 23:50:09",206.85,887.84,,,,"     ",5.30,38.85,8.83
1771,554666098,"01771M00:02:27.440","01770 23:50:10",206.90,887.97,,,,"     ",5.30,38.69,8.78
1771,554666099,"01771M00:02:28.413","01770 23:50:11",206.96,887.91,,,,"     ",5.30,38.93,8.83
1771,554666100,"01771M00:02:29.387","01770 23:50:12",207.03,887.81,,,,"     ",5.30,38.95,8.83
1771,554666101,"01771M00:02:30.360","01770 23:50:13",207.09,887.83,,,,"     ",5.30,39.08,8.85
1771,554666102,"01771M00:02:31.333","01770 23:50:14",207.14,887.88,,,,"     ",5.30,38.90,8.81
1771,554666103,"01771M00:02:32.306","01770 23:50:15",207.18,887.86,,,,"     ",5.30,39.08,8.84
1771,554666104,"01771M00:02:33.280","01770 23:50:16",207.22,887.93,,,,"     ",5.30,38.82,8.78
1771,554666105,"01771M00:02:34.253","01770 23:50:17",207.24,887.92,,,,"     ",5.30,38.72,8.75
1771,554666106,"01771M00:02:35.226","01770 23:50:17",207.26,887.89,,,,"     ",5.30,38.92,8.79
1771,554666107,"01771M00:02:36.199","01770 23:50:18",207.27,887.98,,,,"     ",5.30,38.98,8.80
1771,554666108,"01771M00:02:37.173","01770 23:50:19",207.27,887.92,,,,"     ",5.30,38.83,8.76
1771,554666109,"01771M00:02:38.146","01770 23:50:20",207.29,887.92,,,,"     ",5.30,38.85,8.76
1771,554666110,"01771M00:02:39.119","01770 23:50:21",207.31,887.91,,,,"     ",5.30,38.78,8.73
1771,554666111,"01771M00:02:40.092","01770 23:50:22",207.32,887.83,,,,"     ",5.30,38.79,8.73
1771,554666112,"01771M00:02:41.066","01770 23:50:23",207.31,887.89,,,,"     ",5.30,38.76,8.72
1771,554666113,"01771M00:02:42.039","01770 23:50:24",207.29,887.90,,,,"     ",5.30,38.97,8.76
1771,554666114,"01771M00:02:43.012","01770 23:50:25",207.27,887.94,,,,"     ",5.30,38.73,8.70
1771,554666115,"01771M00:02:43.985","01770 23:50:26",207.26,887.92,,,,"     ",5.30,38.82,8.71
1771,554666116,"01771M00:02:44.959","01770 23:50:27",207.25,888.03,,,,"     ",5.30,38.86,8.72
1771,554666117,"01771M00:02:45.932","01770 23:50:28",207.24,888.00,,,,"     ",5.30,38.90,8.73
1771,554666118,"01771M00:02:46.905","01770 23:50:29",207.23,887.90,,,,"     ",5.30,38.78,8.69
1771,554666119,"01771M00:02:47.878","01770 23:50:30",207.20,887.90,,,,"     ",5.30,38.90,8.71
1771,554666120,"01771M00:02:48.852","01770 23:50:31",207.16,887.89,,,,"     ",5.30,38.82,8.69
1771,554666121,"01771M00:02:49.825","01770 23:50:32",207.11,887.99,,,,"     ",5.30,38.90,8.70
1771,554666122,"01771M00:02:50.798","01770 23:50:33",207.04,887.93,,,,"     ",5.30,38.89,8.70
1771,554666123,"01771M00:02:51.771","01770 23:50:34",206.97,888.08,,,,"     ",5.30,38.79,8.67
1771,554666124,"01771M00:02:52.745","01770 23:50:35",206.89,887.96,,,,"     ",5.30,38.90,8.69
1771,554666125,"01771M00:02:53.718","01770 23:50:36",206.83,887.94,,,,"     ",5.30,38.82,8.66
1771,554666126,"01771M00:02:54.691","01770 23:50:37",206.77,888.05,,,,"     ",5.30,39.10,8.72
1771,554666127,"01771M00:02:55.664","01770 23:50:38",206.73,887.91,,,,"     ",5.30,39.05,8.71
1771,554666128,"01771M00:02:56.638","01770 23:50:39",206.71,887.95,,,,"     ",5.30,39.04,8.70
1771,554666129,"01771M00:02:57.611","01770 23:50:40",206.69,887.99,,,,"     ",5.30,38.87,8.66
1771,554666130,"01771M00:02:58.584","01770 23:50:41",206.69,887.93,,,,"     ",5.30,39.09,8.70
1771,554666131,"01771M00:02:59.557","01770 23:50:42",206.70,888.06,,,,"     ",5.30,38.89,8.65
1771,554666132,"01771M00:03:00.531","01770 23:50:43",206.71,887.99,,,,"     ",5.30,38.91,8.65
1771,554666133,"01771M00:03:01.504","01770 23:50:44",206.71,887.85,,,,"     ",5.30,38.92,8.65
1771,554666134,"01771M00:03:02.477","01770 23:50:45",206.71,887.97,,,,"     ",5.30,38.81,8.62
1771,554666135,"01771M00:03:03.451","01770 23:50:46",206.72,887.97,,,,"     ",5.30,38.86,8.63
1771,554666136,"01771M00:03:04.424","01770 23:50:47",206.74,887.98,,,,"     ",5.30,39.01,8.66
1771,554666137,"01771M00:03:05.397","01770 23:50:48",206.75,887.89,,,,"     ",5.30,39.08,8.66
1771,554666138,"01771M00:03:06.370","01770 23:50:49",206.76,887.91,,,,"     ",5.30,38.99,8.64
1771,554666139,"01771M00:03:07.344","01770 23:50:50",206.77,887.87,,,,"     ",5.30,39.02,8.64
1771,554666140,"01771M00:03:08.317","01770 23:50:51",206.80,887.96,,,,"     ",5.30,39.09,8.66
1771,554666141,"01771M00:03:09.290","01770 23:50:52",206.84,887.89,,,,"     ",5.30,39.04,8.64
1771,554666142,"01771M00:03:10.263","01770 23:50:53",206.88,887.90,,,,"     ",5.30,39.05,8.64
1771,554666143,"01771M00:03:11.237","01770 23:50:54",206.93,887.91,,,,"     ",5.30,38.99,8.62
1771,554666144,"01771M00:03:12.210","01770 23:50:54",206.97,887.96,,,,"     ",5.30,39.07,8.63
1771,554666145,"01771M00:03:13.183","01770 23:50:55",206.99,887.89,,,,"     ",5.30,39.02,8.62
1771,554666146,"01771M00:03:14.156","01770 23:50:56",206.98,887.88,,,,"     ",5.30,39.08,8.63
1771,554666147,"01771M00:03:15.130","01770 23:50:57",206.97,887.99,,,,"     ",5.30,39.14,8.63
1771,554666148,"01771M00:03:16.103","01770 23:50:58",206.95,887.99,,,,"     ",5.30,39.01,8.60
1771,554666149,"01771M00:03:17.076","01770 23:50:59",206.94,888.09,,,,"     ",5.30,39.29,8.67
1771,554666150,"01771M00:03:18.049","01770 23:51:00",206.94,888.02,,,,"     ",5.30,38.94,8.58
1771,554666151,"01771M00:03:19.023","01770 23:51:01",206.93,888.10,,,,"     ",5.30,38.97,8.58
1771,554666152,"01771M00:03:19.996","01770 23:51:02",206.92,888.01,,,,"     ",5.30,38.85,8.55
1771,554666153,"01771M00:03:20.969","01770 23:51:03",206.90,887.98,,,,"     ",5.30,39.08,8.60
1771,554666154,"01771M00:03:21.942","01770 23:51:04",206.87,887.90,,,,"     ",5.30,39.03,8.59
1771,554666155,"01771M00:03:22.916","01770 23:51:05",206.84,887.96,,,,"     ",5.30,39.01,8.58
1771,554666156,"01771M00:03:23.889","01770 23:51:06",206.83,887.95,,,,"     ",5.30,38.93,8.55
1771,554666157,"01771M00:03:24.862","01770 23:51:07",206.83,887.96,,,,"     ",5.30,39.13,8.60
1771,554666158,"01771M00:03:25.835","01770 23:51:08",206.85,887.94,,,,"     ",5.30,39.21,8.61
1771,554666159,"01771M00:03:26.809","01770 23:51:09",206.88,888.01,,,,"     ",5.30,39.10,8.58
1771,554666160,"01771M00:03:27.782","01770 23:51:10",206.90,887.98,,,,"     ",5.30,38.99,8.55
1771,554666161,"01771M00:03:28.755","01770 23:51:11",206.90,888.05,,,,"     ",5.30,38.98,8.55
1771,554666162,"01771M00:03:29.728","01770 23:51:12",206.88,888.17,,,,"     ",5.30,39.11,8.57
1771,554666163,"01771M00:03:30.702","01770 23:51:13",206.83,888.08,,,,"     ",5.30,39.32,8.62
1771,554666164,"01771M00:03:31.675","01770 23:51:14",206.77,888.09,,,,"     ",5.30,39.01,8.54
1771,554666165,"01771M00:03:32.648","01770 23:51:15",206.73,888.10,,,,"     ",5.30,39.05,8.55
1771,554666166,"01771M00:03:33.621","01770 23:51:16",206.72,888.11,,,,"     ",5.30,38.96,8.53
1771,554666167,"01771M00:03:34.595","01770 23:51:17",206.74,888.14,,,,"     ",5.30,39.11,8.55
1771,554666168,"01771M00:03:35.568","01770 23:51:18",206.78,888.02,,,,"     ",5.30,39.06,8.54
1771,554666169,"01771M00:03:36.541","01770 23:51:19",206.84,888.08,,,,"     ",5.30,39.02,8.53
1771,554666170,"01771M00:03:37.514","01770 23:51:20",206.89,887.97,,,,"     ",5.30,39.15,8.55
1771,554666171,"01771M00:03:38.488","01770 23:51:21",206.95,887.99,,,,"     ",5.30,39.16,8.55
1771,554666172,"01771M00:03:39.461","01770 23:51:22",207.00,888.00,,,,"     ",5.30,39.17,8.55
1771,554666173,"01771M00:03:40.434","01770 23:51:23",207.06,888.00,,,,"     ",5.30,39.07,8.52
1771,554666174,"01771M00:03:41.407","01770 23:51:24",207.13,887.99,,,,"     ",5.30,39.34,8.58
1771,554666175,"01771M00:03:42.381","01770 23:51:25",207.19,888.08,,,,"     ",5.30,39.12,8.52
1771,554666176,"01771M00:03:43.354","01770 23:51:26",207.24,888.09,,,,"     ",5.30,39.26,8.55
1771,554666177,"01771M00:03:44.327","01770 23:51:27",207.27,888.05,,,,"     ",5.30,39.28,8.55
1771,554666178,"01771M00:03:45.300","01770 23:51:28",207.29,888.03,,,,"     ",5.30,39.29,8.55
1771,554666179,"01771M00:03:46.274","01770 23:51:29",207.29,888.13,,,,"     ",5.30,39.33,8.56
1771,554666180,"01771M00:03:47.247","01770 23:51:30",207.28,888.11,,,,"     ",5.30,39.30,8.55
1771,554666181,"01771M00:03:48.220","01770 23:51:31",207.28,888.08,,,,"     ",5.30,39.21,8.52
1771,554666182,"01771M00:03:49.193","01770 23:51:31",207.27,888.02,,,,"     ",5.30,39.25,8.53
1771,554666183,"01771M00:03:50.167","01770 23:51:32",207.29,888.07,,,,"     ",5.30,39.32,8.54
1771,554666184,"01771M00:03:51.140","01770 23:51:33",207.31,887.96,,,,"     ",5.30,39.31,8.53
1771,554666185,"01771M00:03:52.113","01770 23:51:34",207.34,888.03,,,,"     ",5.30,39.42,8.55
1771,554666186,"01771M00:03:53.086","01770 23:51:35",207.35,888.08,,,,"     ",5.30,39.35,8.53
1771,554666187,"01771M00:03:54.060","01770 23:51:36",207.34,887.99,,,,"     ",5.30,39.21,8.50
1771,554666188,"01771M00:03:55.033","01770 23:51:37",207.33,887.97,,,,"     ",5.30,39.32,8.51
1771,554666189,"01771M00:03:56.006","01770 23:51:38",207.32,888.01,,,,"     ",5.30,39.55,8.56
1771,554666190,"01771M00:03:56.979","01770 23:51:39",207.33,888.12,,,,"     ",5.30,39.57,8.56
1771,554666191,"01771M00:03:57.953","01770 23:51:40",207.35,888.02,,,,"     ",5.30,39.32,8.50
1771,554666192,"01771M00:03:58.926","01770 23:51:41",207.38,888.11,,,,"     ",5.30,39.54,8.55
1771,554666193,"01771M00:03:59.899","01770 23:51:42",207.40,888.07,,,,"     ",5.30,39.64,8.57
1771,554666194,"01771M00:04:00.872","01770 23:51:43",207.42,888.04,,,,"     ",5.30,39.38,8.50
1771,554666195,"01771M00:04:01.846","01770 23:51:44",207.42,888.11,,,,"     ",5.30,39.43,8.51
1771,554666196,"01771M00:04:02.819","01770 23:51:45",207.42,888.10,,,,"     ",5.30,39.59,8.54
1771,554666197,"01771M00:04:03.792","01770 23:51:46",207.41,888.03,,,,"     ",5.30,39.57,8.53
1771,554666198,"01771M00:04:04.765","01770 23:51:47",207.41,888.12,,,,"     ",5.30,39.59,8.53
1771,554666199,"01771M00:04:05.739","01770 23:51:48",207.41,888.09,,,,"     ",5.30,39.53,8.51
1771,554666200,"01771M00:04:06.712","01770 23:51:49",207.40,888.13,,,,"     ",5.30,39.44,8.49
1771,554666201,"01771M00:04:07.685","01770 23:51:50",207.39,888.04,,,,"     ",5.30,39.54,8.51
1771,554666202,"01771M00:04:08.658","01770 23:51:51",207.37,888.11,,,,"     ",5.30,39.50,8.49
1771,554666203,"01771M00:04:09.632","01770 23:51:52",207.33,888.09,,,,"     ",5.30,39.72,8.54
1771,554666204,"01771M00:04:10.605","01770 23:51:53",207.29,888.02,,,,"     ",5.30,39.64,8.51
1771,554666205,"01771M00:04:11.578","01770 23:51:54",207.23,888.10,,,,"     ",5.30,39.59,8.50
1771,554666206,"01771M00:04:12.552","01770 23:51:55",207.16,888.13,,,,"     ",5.30,39.58,8.49
1771,554666207,"01771M00:04:13.525","01770 23:51:56",207.11,888.18,,,,"     ",5.30,39.68,8.51
1771,554666208,"01771M00:04:14.498","01770 23:51:57",207.07,888.05,,,,"     ",5.30,39.73,8.52
1771,554666209,"01771M00:04:15.471","01770 23:51:58",207.03,888.23,,,,"     ",5.30,39.72,8.51
1771,554666210,"01771M00:04:16.445","01770 23:51:59",206.99,888.19,,,,"     ",5.30,39.83,8.53
1771,554666211,"01771M00:04:17.418","01770 23:52:00",206.93,888.12,,,,"     ",5.30,39.89,8.54
1771,554666212,"01771M00:04:18.391","01770 23:52:01",206.86,888.08,,,,"     ",5.30,39.77,8.51
1771,554666213,"01771M00:04:19.364","01770 23:52:02",206.79,888.12,,,,"     ",5.30,39.68,8.49
1771,554666214,"01771M00:04:20.338","01770 23:52:03",206.72,888.13,,,,"     ",5.30,39.75,8.50
1771,554666215,"01771M00:04:21.311","01770 23:52:04",206.67,888.14,,,,"     ",5.30,39.65,8.47
1771,554666216,"01771M00:04:22.284","01770 23:52:05",206.63,888.17,,,,"     ",5.30,39.83,8.51
1771,554666217,"01771M00:04:23.257","01770 23:52:06",206.61,888.21,,,,"     ",5.30,39.70,8.47
1771,554666218,"01771M00:04:24.231","01770 23:52:07",206.61,888.22,,,,"     ",5.30,39.80,8.49
1771,554666219,"01771M00:04:25.204","01770 23:52:07",206.63,888.19,,,,"     ",5.30,39.85,8.50
1771,554666220,"01771M00:04:26.177","01770 23:52:08",206.68,888.20,,,,"     ",5.30,39.79,8.48
1771,554666221,"01771M00:04:27.150","01770 23:52:09",206.75,888.10,,,,"     ",5.30,39.74,8.47
1771,554666222,"01771M00:04:28.124","01770 23:52:10",206.82,888.17,,,,"     ",5.30,39.86,8.49
1771,554666223,"01771M00:04:29.097","01770 23:52:11",206.89,888.16,,,,"     ",5.30,39.53,8.42
1771,554666224,"01771M00:04:30.070","01770 23:52:12",206.95,888.14,,,,"     ",5.30,39.82,8.48
1771,554666225,"01771M00:04:31.043","01770 23:52:13",207.01,888.04,,,,"     ",5.30,39.57,8.42
1771,554666226,"01771M00:04:32.017","01770 23:52:14",207.06,888.12,,,,"     ",5.30,39.82,8.47
1771,554666227,"01771M00:04:32.990","01770 23:52:15",207.10,888.20,,,,"     ",5.30,39.90,8.48
1771,554666228,"01771M00:04:33.963","01770 23:52:16",207.12,888.13,,,,"     ",5.30,39.82,8.46
1771,554666229,"01771M00:04:34.936","01770 23:52:17",207.13,888.18,,,,"     ",5.30,39.84,8.46
1771,554666230,"01771M00:04:35.910","01770 23:52:18",207.12,888.15,,,,"     ",5.30,39.76,8.44
1771,554666231,"01771M00:04:36.883","01770 23:52:19",207.10,888.14,,,,"     ",5.30,39.81,8.45
1771,554666232,"01771M00:04:37.856","01770 23:52:20",207.06,888.14,,,,"     ",5.30,39.91,8.47
1771,554666233,"01771M00:04:38.829","01770 23:52:21",207.01,888.16,,,,"     ",5.30,39.69,8.42
1771,554666234,"01771M00:04:39.803","01770 23:52:22",206.95,888.14,,,,"     ",5.30,39.88,8.45
1771,554666235,"01771M00:04:40.776","01770 23:52:23",206.90,888.13,,,,"     ",5.30,39.75,8.42
1771,554666236,"01771M00:04:41.749","01770 23:52:24",206.85,888.13,,,,"     ",5.30,39.70,8.41
1771,554666237,"01771M00:04:42.722","01770 23:52:25",206.82,888.10,,,,"     ",5.30,39.89,8.45
1771,554666238,"01771M00:04:43.696","01770 23:52:26",206.81,888.08,,,,"     ",5.30,39.79,8.42
1771,554666239,"01771M00:04:44.669","01770 23:52:27",206.83,888.13,,,,"     ",5.30,39.85,8.43
1771,554666240,"01771M00:04:45.642","01770 23:52:28",206.85,888.20,,,,"     ",5.30,39.74,8.40
1771,554666241,"01771M00:04:46.615","01770 23:52:29",206.89,888.09,,,,"     ",5.30,40.02,8.46
1771,554666242,"01771M00:04:47.589","01770 23:52:30",206.91,888.18,,,,"     ",5.30,39.82,8.41
1771,554666243,"01771M00:04:48.562","01770 23:52:31",206.92,888.18,,,,"     ",5.30,39.76,8.40
1771,554666244,"01771M00:04:49.535","01770 23:52:32",206.93,888.22,,,,"     ",5.30,39.94,8.43
1771,554666245,"01771M00:04:50.508","01770 23:52:33",206.93,888.17,,,,"     ",5.30,39.76,8.39
1771,554666246,"01771M00:04:51.482","01770 23:52:34",206.94,888.12,,,,"     ",5.30,39.96,8.43
1771,554666247,"01771M00:04:52.455","01770 23:52:35",206.96,888.18,,,,"     ",5.30,39.85,8.40
1771,554666248,"01771M00:04:53.428","01770 23:52:36",206.97,888.21,,,,"     ",5.30,39.79,8.39
1771,554666249,"01771M00:04:54.401","01770 23:52:37",206.98,888.17,,,,"     ",5.30,40.03,8.43
1771,554666250,"01771M00:04:55.375","01770 23:52:38",207.01,888.17,,,,"     ",5.30,39.93,8.41
1771,554666251,"01771M00:04:56.348","01770 23:52:39",207.02,888.19,,,,"     ",5.30,39.92,8.41
1771,554666252,"01771M00:04:57.321","01770 23:52:40",207.02,888.17,,,,"     ",5.30,40.05,8.43
1771,554666253,"01771M00:04:58.294","01770 23:52:41",207.00,888.22,,,,"     ",5.30,39.90,8.39
1771,554666254,"01771M00:04:59.268","01770 23:52:42",206.96,888.28,,,,"     ",5.30,39.85,8.38
1771,554666255,"01771M00:05:00.241","01770 23:52:43",206.92,888.27,,,,"     ",5.30,40.01,8.41
1771,554666256,"01771M00:05:01.214","01770 23:52:44",206.88,888.23,,,,"     ",5.30,39.91,8.39
1771,554666257,"01771M00:05:02.187","01770 23:52:44",206.84,888.25,,,,"     ",5.30,39.98,8.40
1771,554666258,"01771M00:05:03.161","01770 23:52:45",206.79,888.29,,,,"     ",5.30,40.01,8.40
1771,554666259,"01771M00:05:04.134","01770 23:52:46",206.73,888.24,,,,"     ",5.30,40.17,8.43
1771,554666260,"01771M00:05:05.107","01770 23:52:47",206.69,888.27,,,,"     ",5.30,40.11,8.42
1771,554666261,"01771M00:05:06.080","01770 23:52:48",206.66,888.10,,,,"     ",5.30,40.13,8.42
1771,554666262,"01771M00:05:07.054","01770 23:52:49",206.66,888.14,,,,"     ",5.30,40.03,8.39
1771,554666263,"01771M00:05:08.027","01770 23:52:50",206.68,888.15,,,,"     ",5.30,40.30,8.45
1771,554666264,"01771M00:05:09.000","01770 23:52:51",206.72,888.29,,,,"     ",5.30,40.22,8.42
1771,554666265,"01771M00:05:09.973","01770 23:52:52",206.79,888.31,,,,"     ",5.30,40.13,8.40
1771,554666266,"01771M00:05:10.947","01770 23:52:53",206.90,888.33,,,,"     ",5.30,40.19,8.41
1771,554666267,"01771M00:05:11.920","01770 23:52:54",207.04,888.31,,,,"     ",5.30,40.16,8.40
1771,554666268,"01771M00:05:12.893","01770 23:52:55",207.18,888.18,,,,"     ",5.30,40.15,8.40
1771,554666269,"01771M00:05:13.866","01770 23:52:56",207.32,888.21,,,,"     ",5.30,40.28,8.42
1771,554666270,"01771M00:05:14.840","01770 23:52:57",207.46,888.17,,,,"     ",5.30,40.13,8.39
1771,554666271,"01771M00:05:15.813","01770 23:52:58",207.59,888.29,,,,"     ",5.30,40.25,8.41
1771,554666272,"01771M00:05:16.786","01770 23:52:59",207.69,888.26,,,,"     ",5.30,40.12,8.38
1771,554666273,"01771M00:05:17.759","01770 23:53:00",207.76,888.20,,,,"     ",5.30,40.20,8.39
1771,554666274,"01771M00:05:18.733","01770 23:53:01",207.79,888.21,,,,"     ",5.30,40.17,8.38
1771,554666275,"01771M00:05:19.706","01770 23:53:02",207.78,888.47,,,,"     ",5.30,40.25,8.40
1771,554666276,"01771M00:05:20.679","01770 23:53:03",207.77,888.23,,,,"     ",5.30,40.19,8.38
1771,554666277,"01771M00:05:21.653","01770 23:53:04",207.75,888.24,,,,"     ",5.30,40.18,8.37
1771,554666278,"01771M00:05:22.626","01770 23:53:05",207.69,888.28,,,,"     ",5.30,40.39,8.42
1771,554666279,"01771M00:05:23.599","01770 23:53:06",207.61,888.23,,,,"     ",5.30,40.31,8.40
1771,554666280,"01771M00:05:24.572","01770 23:53:07",207.51,888.18,,,,"     ",5.30,40.36,8.40
1771,554666281,"01771M00:05:25.546","01770 23:53:08",207.40,888.31,,,,"     ",5.30,40.19,8.36
1771,554666282,"01771M00:05:26.519","01770 23:53:09",207.31,888.18,,,,"     ",5.30,40.25,8.37
1771,554666283,"01771M00:05:27.492","01770 23:53:10",207.22,888.31,,,,"     ",5.30,40.30,8.38
1771,554666284,"01771M00:05:28.465","01770 23:53:11",207.15,888.25,,,,"     ",5.30,40.15,8.35
1771,554666285,"01771M00:05:29.439","01770 23:53:12",207.11,888.20,,,,"     ",5.30,40.23,8.36
1771,554666286,"01771M00:05:30.412","01770 23:53:13",207.10,888.12,,,,"     ",5.30,40.39,8.39
1771,554666287,"01771M00:05:31.385","01770 23:53:14",207.11,888.25,,,,"     ",5.30,40.31,8.37
1771,554666288,"01771M00:05:32.358","01770 23:53:15",207.13,888.20,,,,"     ",5.30,40.19,8.34
1771,554666289,"01771M00:05:33.332","01770 23:53:16",207.15,888.17,,,,"     ",5.30,40.11,8.32
1771,554666290,"01771M00:05:34.305","01770 23:53:17",207.18,888.23,,,,"     ",5.30,40.29,8.36
1771,554666291,"01771M00:05:35.278","01770 23:53:18",207.22,888.23,,,,"     ",5.30,40.49,8.40
1771,554666292,"01771M00:05:36.251","01770 23:53:19",207.27,888.20,,,,"     ",5.30,40.33,8.36
1771,554666293,"01771M00:05:37.225","01770 23:53:20",207.30,888.25,,,,"     ",5.30,40.04,8.30
1771,554666294,"01771M00:05:38.198","01770 23:53:21",207.34,888.26,,,,"     ",5.30,40.44,8.38
1771,554666295,"01771M00:05:39.171","01770 23:53:21",207.38,888.37,,,,"     ",5.30,40.45,8.38
1771,554666296,"01771M00:05:40.144","01770 23:53:22",207.42,888.23,,,,"     ",5.30,40.41,8.37
1771,554666297,"01771M00:05:41.118","01770 23:53:23",207.45,888.27,,,,"     ",5.30,40.52,8.39
1771,554666298,"01771M00:05:42.091","01770 23:53:24",207.46,888.26,,,,"     ",5.30,40.27,8.33
1771,554666299,"01771M00:05:43.064","01770 23:53:25",207.46,888.33,,,,"     ",5.30,40.21,8.32
1771,554666300,"01771M00:05:44.037","01770 23:53:26",207.46,888.26,,,,"     ",5.30,40.40,8.35
1771,554666301,"01771M00:05:45.011","01770 23:53:27",207.48,888.36,,,,"     ",5.30,40.45,8.37
1771,554666302,"01771M00:05:45.984","01770 23:53:28",207.50,888.34,,,,"     ",5.30,40.34,8.34
1771,554666303,"01771M00:05:46.957","01770 23:53:29",207.52,888.25,,,,"     ",5.30,40.33,8.33
1771,554666304,"01771M00:05:47.930","01770 23:53:30",207.54,888.38,,,,"     ",5.30,40.51,8.37
1771,554666305,"01771M00:05:48.904","01770 23:53:31",207.56,888.35,,,,"     ",5.30,40.49,8.36
1771,554666306,"01771M00:05:49.877","01770 23:53:32",207.59,888.26,,,,"     ",5.30,40.50,8.36
1771,554666307,"01771M00:05:50.850","01770 23:53:33",207.61,888.30,,,,"     ",5.30,40.49,8.36
1771,554666308,"01771M00:05:51.823","01770 23:53:34",207.63,888.31,,,,"     ",5.30,40.41,8.34
1771,554666309,"01771M00:05:52.797","01770 23:53:35",207.65,888.32,,,,"     ",5.30,40.56,8.37
1771,554666310,"01771M00:05:53.770","01770 23:53:36",207.66,888.34,,,,"     ",5.30,40.55,8.36
1771,554666311,"01771M00:05:54.743","01770 23:53:37",207.68,888.25,,,,"     ",5.30,40.49,8.34
1771,554666312,"01771M00:05:55.716","01770 23:53:38",207.69,888.30,,,,"     ",5.30,40.47,8.34
1771,554666313,"01771M00:05:56.690","01770 23:53:39",207.70,888.28,,,,"     ",5.30,40.55,8.35
1771,554669716,"01771M01:01:08.671","01771 00:48:52",205.05,894.43,,,,"     ",5.30,,
1771,554669717,"01771M01:01:09.644","01771 00:48:53",205.23,894.30,,,,"     ",5.30,38.45,10.45
1771,554669718,"01771M01:01:10.618","01771 00:48:54",205.40,894.38,,,,"     ",5.30,38.62,10.48
1771,554669719,"01771M01:01:11.591","01771 00:48:55",205.56,894.36,,,,"     ",5.30,38.64,10.45
1771,554669720,"01771M01:01:12.564","01771 00:48:56",205.70,894.23,,,,"     ",5.30,38.72,10.44
1771,554669721,"01771M01:01:13.537","01771 00:48:57",205.83,894.29,,,,"     ",5.30,38.57,10.37
1771,554669722,"01771M01:01:14.511","01771 00:48:58",205.95,894.32,,,,"     ",5.30,38.77,10.41
1771,554669723,"01771M01:01:15.484","01771 00:48:59",206.05,894.42,,,,"     ",5.30,38.69,10.36
1771,554669724,"01771M01:01:16.457","01771 00:49:00",206.14,894.43,,,,"     ",5.30,38.81,10.36
1771,554669725,"01771M01:01:17.431","01771 00:49:01",206.21,894.43,,,,"     ",5.30,38.85,10.35
1771,554669726,"01771M01:01:18.404","01771 00:49:02",206.26,894.42,,,,"     ",5.30,38.74,10.29
1771,554669727,"01771M01:01:19.377","01771 00:49:02",206.30,894.42,,,,"     ",5.30,38.93,10.32
1771,554669728,"01771M01:01:20.350","01771 00:49:03",206.32,894.37,,,,"     ",5.30,39.11,10.35
1771,554669729,"01771M01:01:21.324","01771 00:49:04",206.34,894.35,,,,"     ",5.30,39.20,10.35
1771,554669730,"01771M01:01:22.297","01771 00:49:05",206.36,894.33,,,,"     ",5.30,38.97,10.26
1771,554669731,"01771M01:01:23.270","01771 00:49:06",206.35,894.39,,,,"     ",5.30,38.98,10.24
1771,554669732,"01771M01:01:24.243","01771 00:49:07",206.33,894.36,,,,"     ",5.30,39.08,10.24
1771,554669733,"01771M01:01:25.217","01771 00:49:08",206.29,894.40,,,,"     ",5.30,39.14,10.24
1771,554669734,"01771M01:01:26.190","01771 00:49:09",206.25,894.34,,,,"     ",5.30,39.24,10.24
1771,554669735,"01771M01:01:27.163","01771 00:49:10",206.18,894.36,,,,"     ",5.30,39.15,10.20
1771,554669736,"01771M01:01:28.136","01771 00:49:11",206.09,894.39,,,,"     ",5.30,39.07,10.15
1771,554669737,"01771M01:01:29.110","01771 00:49:12",205.98,894.40,,,,"     ",5.30,39.04,10.13
1771,554669738,"01771M01:01:30.083","01771 00:49:13",205.86,894.34,,,,"     ",5.30,39.18,10.15
1771,554669739,"01771M01:01:31.056","01771 00:49:14",205.77,894.35,,,,"     ",5.30,39.34,10.17
1771,554669740,"01771M01:01:32.029","01771 00:49:15",205.73,894.31,,,,"     ",5.30,39.38,10.16
1771,554669741,"01771M01:01:33.003","01771 00:49:16",205.76,894.34,,,,"     ",5.30,39.29,10.11
1771,554669742,"01771M01:01:33.976","01771 00:49:17",205.85,894.35,,,,"     ",5.30,39.37,10.12
1771,554669743,"01771M01:01:34.949","01771 00:49:18",205.99,894.29,,,,"     ",5.30,39.47,10.12
1771,554669744,"01771M01:01:35.922","01771 00:49:19",206.14,894.36,,,,"     ",5.30,39.53,10.12
1771,554669745,"01771M01:01:36.896","01771 00:49:20",206.31,894.32,,,,"     ",5.30,39.42,10.08
1771,554669746,"01771M01:01:37.869","01771 00:49:21",206.45,894.36,,,,"     ",5.30,39.49,10.08
1771,554669747,"01771M01:01:38.842","01771 00:49:22",206.57,894.38,,,,"     ",5.30,39.45,10.05
1771,554669748,"01771M01:01:39.815","01771 00:49:23",206.65,894.38,,,,"     ",5.30,39.61,10.07
1771,554669749,"01771M01:01:40.789","01771 00:49:24",206.73,894.43,,,,"     ",5.30,39.51,10.03
1771,554669750,"01771M01:01:41.762","01771 00:49:25",206.79,894.41,,,,"     ",5.30,39.55,10.03
1771,554669751,"01771M01:01:42.735","01771 00:49:26",206.86,894.36,,,,"     ",5.30,39.64,10.03
1771,554669752,"01771M01:01:43.708","01771 00:49:27",206.90,894.36,,,,"     ",5.30,39.68,10.03
1771,554669753,"01771M01:01:44.682","01771 00:49:28",206.92,894.40,,,,"     ",5.30,39.71,10.02
1771,554669754,"01771M01:01:45.655","01771 00:49:29",206.90,894.31,,,,"     ",5.30,39.81,10.03
1771,554669755,"01771M01:01:46.628","01771 00:49:30",206.83,894.32,,,,"     ",5.30,39.68,9.98
1771,554669756,"01771M01:01:47.601","01771 00:49:31",206.73,894.34,,,,"     ",5.30,39.73,9.98
1771,554669757,"01771M01:01:48.575","01771 00:49:32",206.63,894.41,,,,"     ",5.30,39.70,9.96
1771,554669758,"01771M01:01:49.548","01771 00:49:33",206.55,894.45,,,,"     ",5.30,39.68,9.94
1771,554669759,"01771M01:01:50.521","01771 00:49:34",206.49,894.39,,,,"     ",5.30,39.63,9.91
1771,554669760,"01771M01:01:51.494","01771 00:49:35",206.46,894.51,,,,"     ",5.30,39.94,9.98
1771,554669761,"01771M01:01:52.468","01771 00:49:36",206.45,894.44,,,,"     ",5.30,39.96,9.97
1771,554669762,"01771M01:01:53.441","01771 00:49:37",206.45,894.49,,,,"     ",5.30,39.84,9.92
1771,554669763,"01771M01:01:54.414","01771 00:49:38",206.44,894.42,,,,"     ",5.30,39.79,9.90
1771,554669764,"01771M01:01:55.387","01771 00:49:39",206.42,894.45,,,,"     ",5.30,39.80,9.89
1771,554669765,"01771M01:01:56.361","01771 00:49:39",206.38,894.39,,,,"     ",5.30,39.79,9.87
1771,554669766,"01771M01:01:57.334","01771 00:49:40",206.32,894.40,,,,"     ",5.30,39.80,9.86
1771,554669767,"01771M01:01:58.307","01771 00:49:41",206.27,894.48,,,,"     ",5.30,39.81,9.85
1771,554669768,"01771M01:01:59.280","01771 00:49:42",206.21,894.43,,,,"     ",5.30,39.88,9.86
1771,554669769,"01771M01:02:00.254","01771 00:49:43",206.17,894.46,,,,"     ",5.30,39.84,9.84
1771,554669770,"01771M01:02:01.227","01771 00:49:44",206.12,894.49,,,,"     ",5.30,39.86,9.83
1771,554669771,"01771M01:02:02.200","01771 00:49:45",206.09,894.42,,,,"     ",5.30,39.81,9.81
1771,554669772,"01771M01:02:03.173","01771 00:49:46",206.06,894.45,,,,"     ",5.30,39.84,9.80
1771,554669773,"01771M01:02:04.147","01771 00:49:47",206.05,894.44,,,,"     ",5.30,39.83,9.79
1771,554669774,"01771M01:02:05.120","01771 00:49:48",206.04,894.40,,,,"     ",5.30,39.88,9.79
1771,554669775,"01771M01:02:06.093","01771 00:49:49",206.04,894.42,,,,"     ",5.30,39.76,9.75
1771,554669776,"01771M01:02:07.066","01771 00:49:50",206.04,894.48,,,,"     ",5.30,39.98,9.80
1771,554669777,"01771M01:02:08.040","01771 00:49:51",206.02,894.47,,,,"     ",5.30,39.96,9.79
1771,554669778,"01771M01:02:09.013","01771 00:49:52",206.01,894.35,,,,"     ",5.30,39.86,9.75
1771,554669779,"01771M01:02:09.986","01771 00:49:53",205.99,894.40,,,,"     ",5.30,39.72,9.70
1771,554669780,"01771M01:02:10.959","01771 00:49:54",205.96,894.44,,,,"     ",5.30,39.79,9.71
1771,554669781,"01771M01:02:11.933","01771 00:49:55",205.92,894.41,,,,"     ",5.30,39.87,9.73
1771,554669782,"01771M01:02:12.906","01771 00:49:56",205.88,894.45,,,,"     ",5.30,39.84,9.71
1771,554669783,"01771M01:02:13.879","01771 00:49:57",205.84,894.33,,,,"     ",5.30,39.72,9.67
1771,554669784,"01771M01:02:14.852","01771 00:49:58",205.80,894.38,,,,"     ",5.30,39.90,9.71
1771,554669785,"01771M01:02:15.826","01771 00:49:59",205.78,894.42,,,,"     ",5.30,39.87,9.69
1771,554669786,"01771M01:02:16.799","01771 00:50:00",205.76,894.44,,,,"     ",5.30,39.79,9.67
1771,554669787,"01771M01:02:17.772","01771 00:50:01",205.76,894.32,,,,"     ",5.30,39.81,9.66
1771,554669788,"01771M01:02:18.745","01771 00:50:02",205.76,894.41,,,,"     ",5.30,39.81,9.65
1771,554669789,"01771M01:02:19.719","01771 00:50:03",205.78,894.39,,,,"     ",5.30,39.89,9.67
1771,554669790,"01771M01:02:20.692","01771 00:50:04",205.81,894.41,,,,"     ",5.30,39.90,9.66
1771,554669791,"01771M01:02:21.665","01771 00:50:05",205.86,894.36,,,,"     ",5.30,39.85,9.64
1771,554669792,"01771M01:02:22.638","01771 00:50:06",205.95,894.40,,,,"     ",5.30,39.88,9.64
1771,554669793,"01771M01:02:23.612","01771 00:50:07",206.06,894.38,,,,"     ",5.30,39.90,9.64
1771,554669794,"01771M01:02:24.585","01771 00:50:08",206.18,894.42,,,,"     ",5.30,39.96,9.64
1771,554669795,"01771M01:02:25.558","01771 00:50:09",206.28,894.29,,,,"     ",5.30,39.83,9.60
1771,554669796,"01771M01:02:26.532","01771 00:50:10",206.34,894.38,,,,"     ",5.30,39.97,9.63
1771,554669797,"01771M01:02:27.505","01771 00:50:11",206.37,894.39,,,,"     ",5.30,39.97,9.63
1771,554669798,"01771M01:02:28.478","01771 00:50:12",206.35,894.41,,,,"     ",5.30,40.02,9.63
1771,554669799,"01771M01:02:29.451","01771 00:50:13",206.30,894.32,,,,"     ",5.30,39.97,9.61
1771,554669800,"01771M01:02:30.425","01771 00:50:14",206.23,894.34,,,,"     ",5.30,39.98,9.60
1771,554669801,"01771M01:02:31.398","01771 00:50:15",206.16,894.28,,,,"     ",5.30,39.88,9.57
1771,554669802,"01771M01:02:32.371","01771 00:50:16",206.09,894.33,,,,"     ",5.30,39.99,9.59
1771,554669803,"01771M01:02:33.344","01771 00:50:16",206.04,894.38,,,,"     ",5.30,39.96,9.58
1771,554669804,"01771M01:02:34.318","01771 00:50:17",205.99,894.31,,,,"     ",5.30,40.06,9.59
1771,554669805,"01771M01:02:35.291","01771 00:50:18",205.93,894.25,,,,"     ",5.30,39.72,9.50
1771,554669806,"01771M01:02:36.264","01771 00:50:19",205.88,894.34,,,,"     ",5.30,39.85,9.53
1771,554669807,"01771M01:02:37.237","01771 00:50:20",205.84,894.37,,,,"     ",5.30,39.91,9.54
1771,554669808,"01771M01:02:38.211","01771 00:50:21",205.80,894.40,,,,"     ",5.30,39.89,9.53
1771,554669809,"01771M01:02:39.184","01771 00:50:22",205.79,894.36,,,,"     ",5.30,39.94,9.53
1771,554669810,"01771M01:02:40.157","01771 00:50:23",205.81,894.41,,,,"     ",5.30,39.95,9.53
1771,554669811,"01771M01:02:41.130","01771 00:50:24",205.87,894.35,,,,"     ",5.30,39.87,9.50
1771,554669812,"01771M01:02:42.104","01771 00:50:25",205.96,894.35,,,,"     ",5.30,39.93,9.51
1771,554669813,"01771M01:02:43.077","01771 00:50:26",206.05,894.42,,,,"     ",5.30,39.72,9.46
1771,554669814,"01771M01:02:44.050","01771 00:50:27",206.12,894.39,,,,"     ",5.30,39.97,9.51
1771,554669815,"01771M01:02:45.023","01771 00:50:28",206.16,894.41,,,,"     ",5.30,39.77,9.46
1771,554669816,"01771M01:02:45.997","01771 00:50:29",206.18,894.43,,,,"     ",5.30,39.60,9.41
1771,554669817,"01771M01:02:46.970","01771 00:50:30",206.17,894.46,,,,"     ",5.30,39.73,9.44
1771,554669818,"01771M01:02:47.943","01771 00:50:31",206.16,894.44,,,,"     ",5.30,39.69,9.42
1771,554669819,"01771M01:02:48.916","01771 00:50:32",206.17,894.53,,,,"     ",5.30,39.78,9.44
1771,554669820,"01771M01:02:49.890","01771 00:50:33",206.18,894.49,,,,"     ",5.30,39.78,9.43
1771,554669821,"01771M01:02:50.863","01771 00:50:34",206.20,894.42,,,,"     ",5.30,39.90,9.46
1771,554669822,"01771M01:02:51.836","01771 00:50:35",206.20,894.47,,,,"     ",5.30,39.81,9.43
1771,554669823,"01771M01:02:52.809","01771 00:50:36",206.18,894.40,,,,"     ",5.30,39.80,9.42
1771,554669824,"01771M01:02:53.783","01771 00:50:37",206.13,894.45,,,,"     ",5.30,39.74,9.41
1771,554669825,"01771M01:02:54.756","01771 00:50:38",206.07,894.51,,,,"     ",5.30,39.52,9.35
1771,554669826,"01771M01:02:55.729","01771 00:50:39",206.02,894.42,,,,"     ",5.30,39.80,9.41
1771,554669827,"01771M01:02:56.702","01771 00:50:40",205.99,894.41,,,,"     ",5.30,39.96,9.45
1771,554669828,"01771M01:02:57.676","01771 00:50:41",205.99,894.50,,,,"     ",5.30,39.82,9.41
1771,554669829,"01771M01:02:58.649","01771 00:50:42",206.00,894.51,,,,"     ",5.30,39.56,9.34
1771,554669830,"01771M01:02:59.622","01771 00:50:43",206.03,894.44,,,,"     ",5.30,39.82,9.40
1771,554669831,"01771M01:03:00.595","01771 00:50:44",206.06,894.54,,,,"     ",5.30,39.55,9.33
1771,554669832,"01771M01:03:01.569","01771 00:50:45",206.09,894.49,,,,"     ",5.30,39.74,9.37
1771,554669833,"01771M01:03:02.542","01771 00:50:46",206.10,894.48,,,,"     ",5.30,39.63,9.34
1771,554669834,"01771M01:03:03.515","01771 00:50:47",206.08,894.49,,,,"     ",5.30,39.84,9.39
1771,554669835,"01771M01:03:04.488","01771 00:50:48",206.03,894.47,,,,"     ",5.30,39.45,9.29
1771,554669836,"01771M01:03:05.462","01771 00:50:49",205.97,894.46,,,,"     ",5.30,39.44,9.28
1771,554669837,"01771M01:03:06.435","01771 00:50:50",205.91,894.46,,,,"     ",5.30,39.69,9.33
1771,554669838,"01771M01:03:07.408","01771 00:50:51",205.85,894.53,,,,"     ",5.30,39.86,9.37
1771,554669839,"01771M01:03:08.381","01771 00:50:52",205.80,894.47,,,,"     ",5.30,39.70,9.33
1771,554669840,"01771M01:03:09.355","01771 00:50:52",205.75,894.48,,,,"     ",5.30,39.82,9.35
1771,554669841,"01771M01:03:10.328","01771 00:50:53",205.70,894.53,,,,"     ",5.30,39.67,9.31
1771,554669842,"01771M01:03:11.301","01771 00:50:54",205.66,894.60,,,,"     ",5.30,39.72,9.32
1771,554669843,"01771M01:03:12.274","01771 00:50:55",205.63,894.55,,,,"     ",5.30,39.79,9.33
1771,554669844,"01771M01:03:13.248","01771 00:50:56",205.62,894.62,,,,"     ",5.30,39.56,9.28
1771,554669845,"01771M01:03:14.221","01771 00:50:57",205.65,894.56,,,,"     ",5.30,39.92,9.36
1771,554669846,"01771M01:03:15.194","01771 00:50:58",205.69,894.55,,,,"     ",5.30,39.86,9.34
1771,554669847,"01771M01:03:16.167","01771 00:50:59",205.76,894.52,,,,"     ",5.30,39.89,9.34
1771,554669848,"01771M01:03:17.141","01771 00:51:00",205.83,894.59,,,,"     ",5.30,39.82,9.32
1771,554669849,"01771M01:03:18.114","01771 00:51:01",205.89,894.55,,,,"     ",5.30,39.78,9.31
1771,554669850,"01771M01:03:19.087","01771 00:51:02",205.91,894.54,,,,"     ",5.30,39.99,9.36
1771,554669851,"01771M01:03:20.060","01771 00:51:03",205.90,894.50,,,,"     ",5.30,39.90,9.33
1771,554669852,"01771M01:03:21.034","01771 00:51:04",205.86,894.44,,,,"     ",5.30,39.81,9.30
1771,554669853,"01771M01:03:22.007","01771 00:51:05",205.79,894.50,,,,"     ",5.30,39.74,9.28
1771,554669854,"01771M01:03:22.980","01771 00:51:06",205.72,894.52,,,,"     ",5.30,39.85,9.31
1771,554669855,"01771M01:03:23.953","01771 00:51:07",205.66,894.61,,,,"     ",5.30,39.73,9.28
1771,554669856,"01771M01:03:24.927","01771 00:51:08",205.62,894.61,,,,"     ",5.30,40.28,9.40
1771,554669857,"01771M01:03:25.900","01771 00:51:09",205.60,894.51,,,,"     ",5.30,39.96,9.32
1771,554669858,"01771M01:03:26.873","01771 00:51:10",205.58,894.54,,,,"     ",5.30,40.03,9.34
1771,554669859,"01771M01:03:27.846","01771 00:51:11",205.55,894.55,,,,"     ",5.30,39.89,9.30
1771,554669860,"01771M01:03:28.820","01771 00:51:12",205.49,894.47,,,,"     ",5.30,39.74,9.26
1771,554669861,"01771M01:03:29.793","01771 00:51:13",205.41,894.45,,,,"     ",5.30,39.80,9.27
1771,554669862,"01771M01:03:30.766","01771 00:51:14",205.32,894.52,,,,"     ",5.30,40.03,9.33
1771,554669863,"01771M01:03:31.739","01771 00:51:15",205.25,894.46,,,,"     ",5.30,39.81,9.27
1771,554669864,"01771M01:03:32.713","01771 00:51:16",205.21,894.42,,,,"     ",5.30,39.96,9.30
1771,554669865,"01771M01:03:33.686","01771 00:51:17",205.20,894.48,,,,"     ",5.30,39.72,9.24
1771,554669866,"01771M01:03:34.659","01771 00:51:18",205.20,894.45,,,,"     ",5.30,40.01,9.31
1771,554669867,"01771M01:03:35.633","01771 00:51:19",205.22,894.46,,,,"     ",5.30,39.81,9.26
1771,554669868,"01771M01:03:36.606","01771 00:51:20",205.23,894.50,,,,"     ",5.30,39.93,9.29
1771,554669869,"01771M01:03:37.579","01771 00:51:21",205.25,894.57,,,,"     ",5.30,39.87,9.27
1771,554669870,"01771M01:03:38.552","01771 00:51:22",205.28,894.50,,,,"     ",5.30,39.85,9.26
1771,554669871,"01771M01:03:39.526","01771 00:51:23",205.33,894.53,,,,"     ",5.30,39.72,9.23
1771,554669872,"01771M01:03:40.499","01771 00:51:24",205.41,894.54,,,,"     ",5.30,39.71,9.23
1771,554669873,"01771M01:03:41.472","01771 00:51:25",205.51,894.54,,,,"     ",5.30,39.55,9.18
1771,554669874,"01771M01:03:42.445","01771 00:51:26",205.62,894.49,,,,"     ",5.30,39.66,9.21
1771,554669875,"01771M01:03:43.419","01771 00:51:27",205.71,894.49,,,,"     ",5.30,39.56,9.18
1771,554669876,"01771M01:03:44.392","01771 00:51:28",205.75,894.55,,,,"     ",5.30,39.68,9.21
1771,554669877,"01771M01:03:45.365","01771 00:51:29",205.76,894.61,,,,"     ",5.30,39.66,9.20
1771,554669878,"01771M01:03:46.338","01771 00:51:29",205.71,894.55,,,,"     ",5.30,39.58,9.18
1771,554669879,"01771M01:03:47.312","01771 00:51:30",205.65,894.46,,,,"     ",5.30,39.71,9.20
1771,554669880,"01771M01:03:48.285","01771 00:51:31",205.57,894.51,,,,"     ",5.30,39.62,9.18
1771,554669881,"01771M01:03:49.258","01771 00:51:32",205.51,894.49,,,,"     ",5.30,39.66,9.19
1771,554669882,"01771M01:03:50.231","01771 00:51:33",205.47,894.77,,,,"     ",5.30,39.54,9.16
1771,554669883,"01771M01:03:51.205","01771 00:51:34",205.47,894.55,,,,"     ",5.30,39.69,9.19
1771,554669884,"01771M01:03:52.178","01771 00:51:35",205.48,894.61,,,,"     ",5.30,39.59,9.17
1771,554669885,"01771M01:03:53.151","01771 00:51:36",205.51,894.47,,,,"     ",5.30,39.59,9.16
1771,554669886,"01771M01:03:54.124","01771 00:51:37",205.53,894.62,,,,"     ",5.30,39.69,9.18
1771,554669887,"01771M01:03:55.098","01771 00:51:38",205.56,894.63,,,,"     ",5.30,39.67,9.18
1771,554669888,"01771M01:03:56.071","01771 00:51:39",205.59,894.66,,,,"     ",5.30,39.53,9.14
1771,554669889,"01771M01:03:57.044","01771 00:51:40",205.62,894.55,,,,"     ",5.30,39.49,9.13
1771,554669890,"01771M01:03:58.017","01771 00:51:41",205.66,894.60,,,,"     ",5.30,39.57,9.14
1771,554669891,"01771M01:03:58.991","01771 00:51:42",205.69,894.65,,,,"     ",5.30,39.67,9.17
1771,554669892,"01771M01:03:59.964","01771 00:51:43",205.71,894.68,,,,"     ",5.30,39.50,9.12
1771,554669893,"01771M01:04:00.937","01771 00:51:44",205.70,894.58,,,,"     ",5.30,39.53,9.13
1771,554669894,"01771M01:04:01.910","01771 00:51:45",205.68,894.55,,,,"     ",5.30,39.58,9.14
1771,554669895,"01771M01:04:02.884","01771 00:51:46",205.66,894.50,,,,"     ",5.30,39.53,9.12
1771,554669896,"01771M01:04:03.857","01771 00:51:47",205.62,894.57,,,,"     ",5.30,39.59,9.13
1771,554669897,"01771M01:04:04.830","01771 00:51:48",205.58,894.58,,,,"     ",5.30,39.51,9.11
1771,554669898,"01771M01:04:05.803","01771 00:51:49",205.55,894.66,,,,"     ",5.30,39.59,9.13
1771,554669899,"01771M01:04:06.777","01771 00:51:50",205.53,894.55,,,,"     ",5.30,39.77,9.17
1771,554669900,"01771M01:04:07.750","01771 00:51:51",205.53,894.54,,,,"     ",5.30,39.76,9.16
1771,554669901,"01771M01:04:08.723","01771 00:51:52",205.55,894.56,,,,"     ",5.30,39.54,9.11
1771,554669902,"01771M01:04:09.696","01771 00:51:53",205.59,894.60,,,,"     ",5.30,39.62,9.12
1771,554669903,"01771M01:04:10.670","01771 00:51:54",205.65,894.55,,,,"     ",5.30,39.65,9.13
1771,554669904,"01771M01:04:11.643","01771 00:51:55",205.70,894.50,,,,"     ",5.30,39.62,9.12
1771,554669905,"01771M01:04:12.616","01771 00:51:56",205.74,894.61,,,,"     ",5.30,39.65,9.12
1771,554669906,"01771M01:04:13.589","01771 00:51:57",205.77,894.58,,,,"     ",5.30,39.65,9.12
1771,554669907,"01771M01:04:14.563","01771 00:51:58",205.79,894.52,,,,"     ",5.30,39.41,9.06
1771,554669908,"01771M01:04:15.536","01771 00:51:59",205.81,894.54,,,,"     ",5.30,39.57,9.10
1771,554669909,"01771M01:04:16.509","01771 00:52:00",205.82,894.50,,,,"     ",5.30,39.48,9.07
1771,554669910,"01771M01:04:17.482","01771 00:52:01",205.83,894.57,,,,"     ",5.30,39.61,9.10
1771,554669911,"01771M01:04:18.456","01771 00:52:02",205.83,894.53,,,,"     ",5.30,39.56,9.08
1771,554669912,"01771M01:04:19.429","01771 00:52:03",205.81,894.57,,,,"     ",5.30,39.55,9.08
1771,554669913,"01771M01:04:20.402","01771 00:52:04",205.76,894.55,,,,"     ",5.30,39.69,9.11
1771,554669914,"01771M01:04:21.375","01771 00:52:05",205.70,894.60,,,,"     ",5.30,39.54,9.07
1771,554669915,"01771M01:04:22.349","01771 00:52:06",205.62,894.60,,,,"     ",5.30,39.43,9.04
1771,554669916,"01771M01:04:23.322","01771 00:52:06",205.55,894.57,,,,"     ",5.30,39.36,9.02
1771,554669917,"01771M01:04:24.295","01771 00:52:07",205.47,894.57,,,,"     ",5.30,39.42,9.04
1771,554669918,"01771M01:04:25.268","01771 00:52:08",205.41,894.53,,,,"     ",5.30,39.38,9.02
1771,554669919,"01771M01:04:26.242","01771 00:52:09",205.37,894.62,,,,"     ",5.30,39.42,9.03
1771,554669920,"01771M01:04:27.215","01771 00:52:10",205.33,894.62,,,,"     ",5.30,39.46,9.04
1771,554669921,"01771M01:04:28.188","01771 00:52:11",205.32,894.65,,,,"     ",5.30,39.51,9.05
1771,554669922,"01771M01:04:29.161","01771 00:52:12",205.32,894.61,,,,"     ",5.30,39.58,9.06
1771,554669923,"01771M01:04:30.135","01771 00:52:13",205.34,894.68,,,,"     ",5.30,39.38,9.01
1771,554669924,"01771M01:04:31.108","01771 00:52:14",205.37,894.64,,,,"     ",5.30,39.42,9.02
1771,554669925,"01771M01:04:32.081","01771 00:52:15",205.41,894.61,,,,"     ",5.30,39.50,9.04
1771,554669926,"01771M01:04:33.054","01771 00:52:16",205.46,894.58,,,,"     ",5.30,39.61,9.06
1771,554669927,"01771M01:04:34.028","01771 00:52:17",205.51,894.56,,,,"     ",5.30,39.36,9.00
1771,554669928,"01771M01:04:35.001","01771 00:52:18",205.55,894.61,,,,"     ",5.30,39.56,9.04
1771,554669929,"01771M01:04:35.974","01771 00:52:19",205.59,894.59,,,,"     ",5.30,39.47,9.02
1771,554669930,"01771M01:04:36.947","01771 00:52:20",205.61,894.69,,,,"     ",5.30,39.37,8.99
1771,554669931,"01771M01:04:37.921","01771 00:52:21",205.63,894.59,,,,"     ",5.30,39.34,8.98
1771,554669932,"01771M01:04:38.894","01771 00:52:22",205.64,894.58,,,,"     ",5.30,39.39,8.99
1771,554669933,"01771M01:04:39.867","01771 00:52:23",205.65,894.49,,,,"     ",5.30,39.43,9.00
1771,554669934,"01771M01:04:40.840","01771 00:52:24",205.67,894.52,,,,"     ",5.30,39.42,9.00
1771,554669935,"01771M01:04:41.814","01771 00:52:25",205.70,894.65,,,,"     ",5.30,39.41,8.99
1771,554669936,"01771M01:04:42.787","01771 00:52:26",205.74,894.74,,,,"     ",5.30,39.36,8.98
1771,554669937,"01771M01:04:43.760","01771 00:52:27",205.77,894.74,,,,"     ",5.30,39.60,9.03
1771,554669938,"01771M01:04:44.734","01771 00:52:28",205.77,894.64,,,,"     ",5.30,39.32,8.96
1771,554669939,"01771M01:04:45.707","01771 00:52:29",205.74,894.67,,,,"     ",5.30,39.55,9.02
1771,554669940,"01771M01:04:46.680","01771 00:52:30",205.71,894.58,,,,"     ",5.30,39.50,9.00
1771,554669941,"01771M01:04:47.653","01771 00:52:31",205.67,894.57,,,,"     ",5.30,39.37,8.96
1771,554669942,"01771M01:04:48.627","01771 00:52:32",205.65,894.56,,,,"     ",5.30,39.48,8.99
1771,554669943,"01771M01:04:49.600","01771 00:52:33",205.64,894.55,,,,"     ",5.30,39.40,8.96
1771,554669944,"01771M01:04:50.573","01771 00:52:34",205.63,894.62,,,,"     ",5.30,39.63,9.02
1771,554669945,"01771M01:04:51.546","01771 00:52:35",205.60,894.62,,,,"     ",5.30,39.59,9.00
1771,554669946,"01771M01:04:52.520","01771 00:52:36",205.57,894.59,,,,"     ",5.30,39.60,9.00
1771,554669947,"01771M01:04:53.493","01771 00:52:37",205.55,894.58,,,,"     ",5.30,39.58,9.00
1771,554669948,"01771M01:04:54.466","01771 00:52:38",205.56,894.59,,,,"     ",5.30,39.60,9.00
1771,554669949,"01771M01:04:55.439","01771 00:52:39",205.59,894.58,,,,"     ",5.30,39.47,8.96
1771,554669950,"01771M01:04:56.413","01771 00:52:40",205.63,894.59,,,,"     ",5.30,39.46,8.96
1771,554669951,"01771M01:04:57.386","01771 00:52:41",205.70,894.48,,,,"     ",5.30,39.60,8.99
1771,554669952,"01771M01:04:58.359","01771 00:52:42",205.77,894.67,,,,"     ",5.30,39.59,8.99
1771,554669953,"01771M01:04:59.332","01771 00:52:42",205.85,894.65,,,,"     ",5.30,39.59,8.98
1771,554669954,"01771M01:05:00.306","01771 00:52:43",205.91,894.65,,,,"     ",5.30,39.62,8.99
1771,554669955,"01771M01:05:01.279","01771 00:52:44",205.94,894.65,,,,"     ",5.30,39.51,8.96
1771,554669956,"01771M01:05:02.252","01771 00:52:45",205.93,894.68,,,,"     ",5.30,39.63,8.98
1771,554669957,"01771M01:05:03.225","01771 00:52:46",205.89,894.63,,,,"     ",5.30,39.70,9.00
1771,554669958,"01771M01:05:04.199","01771 00:52:47",205.84,894.64,,,,"     ",5.30,39.57,8.96
1771,554669959,"01771M01:05:05.172","01771 00:52:48",205.78,894.69,,,,"     ",5.30,39.62,8.97
1771,554669960,"01771M01:05:06.145","01771 00:52:49",205.73,894.68,,,,"     ",5.30,39.66,8.98
1771,554669961,"01771M01:05:07.118","01771 00:52:50",205.71,894.55,,,,"     ",5.30,39.57,8.96
1771,554669962,"01771M01:05:08.092","01771 00:52:51",205.71,894.61,,,,"     ",5.30,39.63,8.96
1771,554669963,"01771M01:05:09.065","01771 00:52:52",205.71,894.65,,,,"     ",5.30,39.60,8.95
1771,554669964,"01771M01:05:10.038","01771 00:52:53",205.70,894.63,,,,"     ",5.30,39.41,8.91
1771,554669965,"01771M01:05:11.011","01771 00:52:54",205.68,894.66,,,,"     ",5.30,39.65,8.96
1771,554669966,"01771M01:05:11.985","01771 00:52:55",205.67,894.61,,,,"     ",5.30,39.62,8.95
1771,554669967,"01771M01:05:12.958","01771 00:52:56",205.69,894.61,,,,"     ",5.30,39.72,8.97
1771,554669968,"01771M01:05:13.931","01771 00:52:57",205.74,894.57,,,,"     ",5.30,39.69,8.96
1771,554669969,"01771M01:05:14.904","01771 00:52:58",205.81,894.59,,,,"     ",5.30,39.64,8.94
1771,554669970,"01771M01:05:15.878","01771 00:52:59",205.89,894.59,,,,"     ",5.30,39.71,8.96
1771,554669971,"01771M01:05:16.851","01771 00:53:00",205.96,894.60,,,,"     ",5.30,39.85,8.99
1771,554669972,"01771M01:05:17.824","01771 00:53:01",206.03,894.64,,,,"     ",5.30,39.67,8.94
1771,554669973,"01771M01:05:18.797","01771 00:53:02",206.11,894.71,,,,"     ",5.30,39.88,8.99
1771,554669974,"01771M01:05:19.771","01771 00:53:03",206.17,894.71,,,,"     ",5.30,39.86,8.98
1771,554669975,"01771M01:05:20.744","01771 00:53:04",206.24,894.76,,,,"     ",5.30,39.76,8.95
1771,554669976,"01771M01:05:21.717","01771 00:53:05",206.29,894.82,,,,"     ",5.30,39.65,8.93
1771,554669977,"01771M01:05:22.690","01771 00:53:06",206.33,894.73,,,,"     ",5.30,39.74,8.95
1771,554669978,"01771M01:05:23.664","01771 00:53:07",206.36,894.77,,,,"     ",5.30,39.79,8.95
1771,554669979,"01771M01:05:24.637","01771 00:53:08",206.38,894.81,,,,"     ",5.30,39.79,8.95
1771,554669980,"01771M01:05:25.610","01771 00:53:09",206.38,894.76,,,,"     ",5.30,39.94,8.98
1771,554669981,"01771M01:05:26.583","01771 00:53:10",206.36,894.69,,,,"     ",5.30,40.12,9.02
1771,554669982,"01771M01:05:27.557","01771 00:53:11",206.33,894.61,,,,"     ",5.30,39.87,8.96
1771,554669983,"01771M01:05:28.530","01771 00:53:12",206.29,894.75,,,,"     ",5.30,39.71,8.91
1771,554669984,"01771M01:05:29.503","01771 00:53:13",206.26,894.60,,,,"     ",5.30,39.87,8.95
1771,554669985,"01771M01:05:30.476","01771 00:53:14",206.24,894.61,,,,"     ",5.30,39.94,8.96
1771,554669986,"01771M01:05:31.450","01771 00:53:15",206.23,894.61,,,,"     ",5.30,39.94,8.95
1771,554669987,"01771M01:05:32.423","01771 00:53:16",206.23,894.58,,,,"     ",5.30,39.93,8.95
1771,554669988,"01771M01:05:33.396","01771 00:53:17",206.24,894.58,,,,"     ",5.30,39.99,8.96
1771,554669989,"01771M01:05:34.369","01771 00:53:18",206.24,894.59,,,,"     ",5.30,40.00,8.95
1771,554669990,"01771M01:05:35.343","01771 00:53:19",206.24,894.61,,,,"     ",5.30,40.08,8.97
1771,554669991,"01771M01:05:36.316","01771 00:53:19",206.25,894.56,,,,"     ",5.30,40.25,9.01
1771,554669992,"01771M01:05:37.289","01771 00:53:20",206.25,894.61,,,,"     ",5.30,40.24,9.00
1771,554669993,"01771M01:05:38.262","01771 00:53:21",206.25,894.59,,,,"     ",5.30,40.07,8.96
1771,554669994,"01771M01:05:39.236","01771 00:53:22",206.25,894.63,,,,"     ",5.30,40.24,8.99
1771,554669995,"01771M01:05:40.209","01771 00:53:23",206.24,894.63,,,,"     ",5.30,40.20,8.98
1771,554669996,"01771M01:05:41.182","01771 00:53:24",206.20,894.67,,,,"     ",5.30,40.35,9.01
1771,554669997,"01771M01:05:42.155","01771 00:53:25",206.17,894.65,,,,"     ",5.30,40.14,8.95
1771,554669998,"01771M01:05:43.129","01771 00:53:26",206.15,894.69,,,,"     ",5.30,40.23,8.97
1771,554669999,"01771M01:05:44.102","01771 00:53:27",206.15,894.74,,,,"     ",5.30,40.29,8.98
1771,554670000,"01771M01:05:45.075","01771 00:53:28",206.18,894.75,,,,"     ",5.30,40.36,8.99
1771,554670001,"01771M01:05:46.048","01771 00:53:29",206.24,894.74,,,,"     ",5.30,40.32,8.98
1771,554670002,"01771M01:05:47.022","01771 00:53:30",206.29,894.68,,,,"     ",5.30,40.18,8.94
1771,554670003,"01771M01:05:47.995","01771 00:53:31",206.35,894.73,,,,"     ",5.30,40.26,8.95
1771,554670004,"01771M01:05:48.968","01771 00:53:32",206.40,894.57,,,,"     ",5.30,40.26,8.95
1771,554670005,"01771M01:05:49.941","01771 00:53:33",206.45,894.62,,,,"     ",5.30,40.30,8.96
1771,554670006,"01771M01:05:50.915","01771 00:53:34",206.49,894.64,,,,"     ",5.30,40.32,8.96
1771,554670007,"01771M01:05:51.888","01771 00:53:35",206.52,894.62,,,,"     ",5.30,40.35,8.96
1771,554670008,"01771M01:05:52.861","01771 00:53:36",206.54,894.61,,,,"     ",5.30,40.37,8.96
1771,554670009,"01771M01:05:53.834","01771 00:53:37",206.56,894.70,,,,"     ",5.30,40.36,8.95
1771,554670010,"01771M01:05:54.808","01771 00:53:38",206.59,894.65,,,,"     ",5.30,40.34,8.95
1771,554670011,"01771M01:05:55.781","01771 00:53:39",206.63,894.74,,,,"     ",5.30,40.50,8.97
1771,554670012,"01771M01:05:56.754","01771 00:53:40",206.66,894.60,,,,"     ",5.30,40.38,8.94
1771,554670013,"01771M01:05:57.728","01771 00:53:41",206.68,894.63,,,,"     ",5.30,40.46,8.96
1771,554670014,"01771M01:05:58.701","01771 00:53:42",206.70,894.62,,,,"     ",5.30,40.45,8.95
1771,554670015,"01771M01:05:59.674","01771 00:53:43",206.71,894.63,,,,"     ",5.30,40.24,8.90
1771,554670016,"01771M01:06:00.647","01771 00:53:44",206.72,894.68,,,,"     ",5.30,40.39,8.93
1771,554670017,"01771M01:06:01.621","01771 00:53:45",206.72,894.67,,,,"     ",5.30,40.40,8.93
1771,554670018,"01771M01:06:02.594","01771 00:53:46",206.72,894.69,,,,"     ",5.30,40.57,8.97
1771,554670019,"01771M01:06:03.567","01771 00:53:47",206.72,894.79,,,,"     ",5.30,40.42,8.93
1771,554670020,"01771M01:06:04.540","01771 00:53:48",206.72,894.76,,,,"     ",5.30,40.40,8.92
1771,554670021,"01771M01:06:05.514","01771 00:53:49",206.71,894.75,,,,"     ",5.30,40.40,8.92
1771,554670022,"01771M01:06:06.487","01771 00:53:50",206.70,894.65,,,,"     ",5.30,40.32,8.89
1771,554670023,"01771M01:06:07.460","01771 00:53:51",206.69,894.70,,,,"     ",5.30,40.32,8.89
1771,554673413,"01771M02:01:06.789","01771 01:48:51",204.47,897.46,,,,"     ",5.30,,
1771,554673414,"01771M02:01:07.763","01771 01:48:52",204.53,897.44,,,,"     ",5.30,32.75,11.35
1771,554673415,"01771M02:01:08.736","01771 01:48:53",204.57,897.43,,,,"     ",5.30,32.87,11.37
1771,554673416,"01771M02:01:09.709","01771 01:48:54",204.62,897.49,,,,"     ",5.30,32.83,11.32
1771,554673417,"01771M02:01:10.682","01771 01:48:55",204.66,897.46,,,,"     ",5.30,32.79,11.28
1771,554673418,"01771M02:01:11.656","01771 01:48:56",204.70,897.52,,,,"     ",5.30,33.00,11.32
1771,554673419,"01771M02:01:12.629","01771 01:48:57",204.73,897.50,,,,"     ",5.30,32.92,11.26
1771,554673420,"01771M02:01:13.602","01771 01:48:58",204.76,897.58,,,,"     ",5.30,32.92,11.24
1771,554673421,"01771M02:01:14.575","01771 01:48:59",204.79,897.55,,,,"     ",5.30,32.97,11.23
1771,554673422,"01771M02:01:15.549","01771 01:49:00",204.82,897.62,,,,"     ",5.30,33.01,11.21
1771,554673423,"01771M02:01:16.522","01771 01:49:01",204.84,897.57,,,,"     ",5.30,33.01,11.19
1771,554673424,"01771M02:01:17.495","01771 01:49:01",204.86,897.55,,,,"     ",5.30,33.13,11.20
1771,554673425,"01771M02:01:18.468","01771 01:49:02",204.87,897.55,,,,"     ",5.30,33.13,11.18
1771,554673426,"01771M02:01:19.442","01771 01:49:03",204.88,897.65,,,,"     ",5.30,33.08,11.13
1771,554673427,"01771M02:01:20.415","01771 01:49:04",204.88,897.57,,,,"     ",5.30,33.11,11.12
1771,554673428,"01771M02:01:21.388","01771 01:49:05",204.87,897.44,,,,"     ",5.30,33.12,11.10
1771,554673429,"01771M02:01:22.361","01771 01:49:06",204.87,897.47,,,,"     ",5.30,33.28,11.13
1771,554673430,"01771M02:01:23.335","01771 01:49:07",204.86,897.48,,,,"     ",5.30,33.17,11.07
1771,554673431,"01771M02:01:24.308","01771 01:49:08",204.85,897.48,,,,"     ",5.30,33.21,11.05
1771,554673432,"01771M02:01:25.281","01771 01:49:09",204.84,897.39,,,,"     ",5.30,33.09,10.99
1771,554673433,"01771M02:01:26.254","01771 01:49:10",204.85,897.42,,,,"     ",5.30,33.28,11.04
1771,554673434,"01771M02:01:27.228","01771 01:49:11",204.85,897.41,,,,"     ",5.30,33.19,10.98
1771,554673435,"01771M02:01:28.201","01771 01:49:12",204.85,897.38,,,,"     ",5.30,33.31,11.00
1771,554673436,"01771M02:01:29.174","01771 01:49:13",204.85,897.49,,,,"     ",5.30,33.37,11.00
1771,554673437,"01771M02:01:30.147","01771 01:49:14",204.84,897.41,,,,"     ",5.30,33.27,10.95
1771,554673438,"01771M02:01:31.121","01771 01:49:15",204.81,897.48,,,,"     ",5.30,33.41,10.97
1771,554673439,"01771M02:01:32.094","01771 01:49:16",204.78,897.49,,,,"     ",5.30,33.30,10.92
1771,554673440,"01771M02:01:33.067","01771 01:49:17",204.75,897.53,,,,"     ",5.30,33.56,10.98
1771,554673441,"01771M02:01:34.040","01771 01:49:18",204.72,897.58,,,,"     ",5.30,33.39,10.91
1771,554673442,"01771M02:01:35.014","01771 01:49:19",204.70,897.57,,,,"     ",5.30,33.37,10.88
1771,554673443,"01771M02:01:35.987","01771 01:49:20",204.68,897.43,,,,"     ",5.30,33.34,10.85
1771,554673444,"01771M02:01:36.960","01771 01:49:21",204.68,897.52,,,,"     ",5.30,33.44,10.87
1771,554673445,"01771M02:01:37.933","01771 01:49:22",204.69,897.53,,,,"     ",5.30,33.39,10.83
1771,554673446,"01771M02:01:38.907","01771 01:49:23",204.71,897.53,,,,"     ",5.30,33.34,10.80
1771,554673447,"01771M02:01:39.880","01771 01:49:24",204.74,897.52,,,,"     ",5.30,33.32,10.78
1771,554673448,"01771M02:01:40.853","01771 01:49:25",204.79,897.55,,,,"     ",5.30,33.46,10.81
1771,554673449,"01771M02:01:41.826","01771 01:49:26",204.83,897.53,,,,"     ",5.30,33.48,10.79
1771,554673450,"01771M02:01:42.800","01771 01:49:27",204.87,897.51,,,,"     ",5.30,33.52,10.79
1771,554673451,"01771M02:01:43.773","01771 01:49:28",204.91,897.55,,,,"     ",5.30,33.55,10.79
1771,554673452,"01771M02:01:44.746","01771 01:49:29",204.93,897.55,,,,"     ",5.30,33.56,10.77
1771,554673453,"01771M02:01:45.719","01771 01:49:30",204.94,897.55,,,,"     ",5.30,33.46,10.72
1771,554673454,"01771M02:01:46.693","01771 01:49:31",204.94,897.62,,,,"     ",5.30,33.65,10.77
1771,554673455,"01771M02:01:47.666","01771 01:49:32",204.93,897.44,,,,"     ",5.30,33.58,10.73
1771,554673456,"01771M02:01:48.639","01771 01:49:33",204.90,897.49,,,,"     ",5.30,33.64,10.74
1771,554673457,"01771M02:01:49.613","01771 01:49:34",204.87,897.42,,,,"     ",5.30,33.62,10.72
1771,554673458,"01771M02:01:50.586","01771 01:49:35",204.83,897.43,,,,"     ",5.30,33.56,10.69
1771,554673459,"01771M02:01:51.559","01771 01:49:36",204.78,897.36,,,,"     ",5.30,33.58,10.68
1771,554673460,"01771M02:01:52.532","01771 01:49:37",204.74,897.42,,,,"     ",5.30,33.61,10.68
1771,554673461,"01771M02:01:53.506","01771 01:49:37",204.69,897.52,,,,"     ",5.30,33.59,10.66
1771,554673462,"01771M02:01:54.479","01771 01:49:38",204.66,897.50,,,,"     ",5.30,33.49,10.61
1771,554673463,"01771M02:01:55.452","01771 01:49:39",204.64,897.62,,,,"     ",5.30,33.54,10.62
1771,554673464,"01771M02:01:56.425","01771 01:49:40",204.63,897.44,,,,"     ",5.30,33.55,10.60
1771,554673465,"01771M02:01:57.399","01771 01:49:41",204.63,897.52,,,,"     ",5.30,33.62,10.62
1771,554673466,"01771M02:01:58.372","01771 01:49:42",204.63,897.51,,,,"     ",5.30,33.67,10.62
1771,554673467,"01771M02:01:59.345","01771 01:49:43",204.64,897.40,,,,"     ",5.30,33.66,10.60
1771,554673468,"01771M02:02:00.318","01771 01:49:44",204.66,897.40,,,,"     ",5.30,33.71,10.61
1771,554673469,"01771M02:02:01.292","01771 01:49:45",204.68,897.40,,,,"     ",5.30,33.78,10.62
1771,554673470,"01771M02:02:02.265","01771 01:49:46",204.71,897.51,,,,"     ",5.30,33.65,10.57
1771,554673471,"01771M02:02:03.238","01771 01:49:47",204.75,897.53,,,,"     ",5.30,33.58,10.53
1771,554673472,"01771M02:02:04.211","01771 01:49:48",204.79,897.55,,,,"     ",5.30,33.68,10.55
1771,554673473,"01771M02:02:05.185","01771 01:49:49",204.83,897.47,,,,"     ",5.30,33.69,10.55
1771,554673474,"01771M02:02:06.158","01771 01:49:50",204.88,897.48,,,,"     ",5.30,33.59,10.50
1771,554673475,"01771M02:02:07.131","01771 01:49:51",204.91,897.44,,,,"     ",5.30,33.60,10.49
1771,554673476,"01771M02:02:08.104","01771 01:49:52",204.95,897.44,,,,"     ",5.30,33.62,10.49
1771,554673477,"01771M02:02:09.078","01771 01:49:53",204.98,897.51,,,,"     ",5.30,33.73,10.52
1771,554673478,"01771M02:02:10.051","01771 01:49:54",205.00,897.46,,,,"     ",5.30,33.64,10.48
1771,554673479,"01771M02:02:11.024","01771 01:49:55",205.01,897.50,,,,"     ",5.30,33.64,10.47
1771,554673480,"01771M02:02:11.997","01771 01:49:56",205.01,897.55,,,,"     ",5.30,33.65,10.46
1771,554673481,"01771M02:02:12.971","01771 01:49:57",205.00,897.46,,,,"     ",5.30,33.69,10.47
1771,554673482,"01771M02:02:13.944","01771 01:49:58",204.99,897.44,,,,"     ",5.30,33.67,10.44
1771,554673483,"01771M02:02:14.917","01771 01:49:59",204.96,897.57,,,,"     ",5.30,33.60,10.42
1771,554673484,"01771M02:02:15.890","01771 01:50:00",204.94,897.39,,,,"     ",5.30,33.59,10.40
1771,554673485,"01771M02:02:16.864","01771 01:50:01",204.91,897.43,,,,"     ",5.30,33.74,10.45
1771,554673486,"01771M02:02:17.837","01771 01:50:02",204.89,897.48,,,,"     ",5.30,33.67,10.41
1771,554673487,"01771M02:02:18.810","01771 01:50:03",204.87,897.49,,,,"     ",5.30,33.72,10.42
1771,554673488,"01771M02:02:19.783","01771 01:50:04",204.86,897.41,,,,"     ",5.30,33.88,10.46
1771,554673489,"01771M02:02:20.757","01771 01:50:05",204.86,897.39,,,,"     ",5.30,33.71,10.40
1771,554673490,"01771M02:02:21.730","01771 01:50:06",204.86,897.47,,,,"     ",5.30,33.66,10.37
1771,554673491,"01771M02:02:22.703","01771 01:50:07",204.87,897.50,,,,"     ",5.30,33.83,10.42
1771,554673492,"01771M02:02:23.676","01771 01:50:08",204.88,897.45,,,,"     ",5.30,33.81,10.40
1771,554673493,"01771M02:02:24.650","01771 01:50:09",204.90,897.46,,,,"     ",5.30,33.76,10.38
1771,554673494,"01771M02:02:25.623","01771 01:50:10",204.91,897.40,,,,"     ",5.30,33.83,10.39
1771,554673495,"01771M02:02:26.596","01771 01:50:11",204.93,897.43,,,,"     ",5.30,33.91,10.41
1771,554673496,"01771M02:02:27.569","01771 01:50:12",204.93,897.37,,,,"     ",5.30,33.78,10.36
1771,554673497,"01771M02:02:28.543","01771 01:50:13",204.93,897.41,,,,"     ",5.30,33.87,10.38
1771,554673498,"01771M02:02:29.516","01771 01:50:14",204.93,897.44,,,,"     ",5.30,33.74,10.33
1771,554673499,"01771M02:02:30.489","01771 01:50:14",204.92,897.80,,,,"     ",5.30,33.80,10.35
1771,554673500,"01771M02:02:31.462","01771 01:50:15",204.91,897.49,,,,"     ",5.30,33.92,10.37
1771,554673501,"01771M02:02:32.436","01771 01:50:16",204.90,897.58,,,,"     ",5.30,33.86,10.34
1771,554673502,"01771M02:02:33.409","01771 01:50:17",204.90,897.44,,,,"     ",5.30,33.86,10.33
1771,554673503,"01771M02:02:34.382","01771 01:50:18",204.90,897.52,,,,"     ",5.30,33.85,10.32
1771,554673504,"01771M02:02:35.355","01771 01:50:19",204.90,897.37,,,,"     ",5.30,33.86,10.32
1771,554673505,"01771M02:02:36.329","01771 01:50:20",204.90,897.34,,,,"     ",5.30,33.96,10.34
1771,554673506,"01771M02:02:37.302","01771 01:50:21",204.91,897.37,,,,"     ",5.30,33.83,10.29
1771,554673507,"01771M02:02:38.275","01771 01:50:22",204.92,897.27,,,,"     ",5.30,33.76,10.26
1771,554673508,"01771M02:02:39.248","01771 01:50:23",204.94,897.29,,,,"     ",5.30,33.82,10.27
1771,554673509,"01771M02:02:40.222","01771 01:50:24",204.96,897.34,,,,"     ",5.30,33.97,10.31
1771,554673510,"01771M02:02:41.195","01771 01:50:25",204.98,897.42,,,,"     ",5.30,33.87,10.27
1771,554673511,"01771M02:02:42.168","01771 01:50:26",205.00,897.44,,,,"     ",5.30,33.78,10.24
1771,554673512,"01771M02:02:43.141","01771 01:50:27",205.03,897.51,,,,"     ",5.30,33.92,10.28
1771,554673513,"01771M02:02:44.115","01771 01:50:28",205.06,897.46,,,,"     ",5.30,33.89,10.26
1771,554673514,"01771M02:02:45.088","01771 01:50:29",205.09,897.57,,,,"     ",5.30,33.82,10.23
1771,554673515,"01771M02:02:46.061","01771 01:50:30",205.10,897.37,,,,"     ",5.30,33.89,10.24
1771,554673516,"01771M02:02:47.034","01771 01:50:31",205.12,897.53,,,,"     ",5.30,33.89,10.24
1771,554673517,"01771M02:02:48.008","01771 01:50:32",205.12,897.52,,,,"     ",5.30,33.78,10.20
1771,554673518,"01771M02:02:48.981","01771 01:50:33",205.12,897.50,,,,"     ",5.30,33.86,10.22
1771,554673519,"01771M02:02:49.954","01771 01:50:34",205.11,897.49,,,,"     ",5.30,33.78,10.18
1771,554673520,"01771M02:02:50.927","01771 01:50:35",205.10,897.47,,,,"     ",5.30,33.74,10.17
1771,554673521,"01771M02:02:51.901","01771 01:50:36",205.10,897.47,,,,"     ",5.30,33.85,10.20
1771,554673522,"01771M02:02:52.874","01771 01:50:37",205.10,897.49,,,,"     ",5.30,33.79,10.17
1771,554673523,"01771M02:02:53.847","01771 01:50:38",205.09,897.47,,,,"     ",5.30,33.80,10.16
1771,554673524,"01771M02:02:54.820","01771 01:50:39",205.09,897.44,,,,"     ",5.30,33.98,10.21
1771,554673525,"01771M02:02:55.794","01771 01:50:40",205.08,897.50,,,,"     ",5.30,33.92,10.19
1771,554673526,"01771M02:02:56.767","01771 01:50:41",205.08,897.44,,,,"     ",5.30,34.00,10.21
1771,554673527,"01771M02:02:57.740","01771 01:50:42",205.06,897.41,,,,"     ",5.30,33.63,10.08
1771,554673528,"01771M02:02:58.714","01771 01:50:43",205.05,897.43,,,,"     ",5.30,33.81,10.13
1771,554673529,"01771M02:02:59.687","01771 01:50:44",205.04,897.37,,,,"     ",5.30,33.81,10.13
1771,554673530,"01771M02:03:00.660","01771 01:50:45",205.03,897.41,,,,"     ",5.30,33.85,10.14
1771,554673531,"01771M02:03:01.633","01771 01:50:46",205.03,897.41,,,,"     ",5.30,33.68,10.08
1771,554673532,"01771M02:03:02.607","01771 01:50:47",205.03,897.51,,,,"     ",5.30,33.68,10.07
1771,554673533,"01771M02:03:03.580","01771 01:50:48",205.04,897.45,,,,"     ",5.30,33.94,10.14
1771,554673534,"01771M02:03:04.553","01771 01:50:49",205.06,897.50,,,,"     ",5.30,33.76,10.08
1771,554673535,"01771M02:03:05.526","01771 01:50:50",205.07,897.53,,,,"     ",5.30,33.86,10.11
1771,554673536,"01771M02:03:06.500","01771 01:50:51",205.09,897.51,,,,"     ",5.30,33.86,10.10
1771,554673537,"01771M02:03:07.473","01771 01:50:51",205.11,897.55,,,,"     ",5.30,33.75,10.07
1771,554673538,"01771M02:03:08.446","01771 01:50:52",205.13,897.44,,,,"     ",5.30,33.87,10.10
1771,554673539,"01771M02:03:09.419","01771 01:50:53",205.16,897.49,,,,"     ",5.30,33.75,10.05
1771,554673540,"01771M02:03:10.393","01771 01:50:54",205.17,897.48,,,,"     ",5.30,33.82,10.07
1771,554673541,"01771M02:03:11.366","01771 01:50:55",205.18,897.47,,,,"     ",5.30,33.72,10.04
1771,554673542,"01771M02:03:12.339","01771 01:50:56",205.19,897.44,,,,"     ",5.30,33.77,10.05
1771,554673543,"01771M02:03:13.312","01771 01:50:57",205.18,897.42,,,,"     ",5.30,33.84,10.06
1771,554673544,"01771M02:03:14.286","01771 01:50:58",205.16,897.38,,,,"     ",5.30,33.79,10.05
1771,554673545,"01771M02:03:15.259","01771 01:50:59",205.14,897.35,,,,"     ",5.30,33.89,10.07
1771,554673546,"01771M02:03:16.232","01771 01:51:00",205.11,897.47,,,,"     ",5.30,33.88,10.06
1771,554673547,"01771M02:03:17.205","01771 01:51:01",205.07,897.44,,,,"     ",5.30,33.88,10.06
1771,554673548,"01771M02:03:18.179","01771 01:51:02",205.01,897.40,,,,"     ",5.30,33.87,10.05
1771,554673549,"01771M02:03:19.152","01771 01:51:03",204.95,897.40,,,,"     ",5.30,33.83,10.03
1771,554673550,"01771M02:03:20.125","01771 01:51:04",204.89,897.39,,,,"     ",5.30,33.84,10.03
1771,554673551,"01771M02:03:21.098","01771 01:51:05",204.82,897.40,,,,"     ",5.30,33.99,10.08
1771,554673552,"01771M02:03:22.072","01771 01:51:06",204.75,897.42,,,,"     ",5.30,33.88,10.04
1771,554673553,"01771M02:03:23.045","01771 01:51:07",204.68,897.36,,,,"     ",5.30,33.99,10.07
1771,554673554,"01771M02:03:24.018","01771 01:51:08",204.63,897.41,,,,"     ",5.30,34.03,10.07
1771,554673555,"01771M02:03:24.991","01771 01:51:09",204.59,897.38,,,,"     ",5.30,34.07,10.08
1771,554673556,"01771M02:03:25.965","01771 01:51:10",204.57,897.41,,,,"     ",5.30,33.94,10.04
1771,554673557,"01771M02:03:26.938","01771 01:51:11",204.56,897.46,,,,"     ",5.30,34.06,10.08
1771,554673558,"01771M02:03:27.911","01771 01:51:12",204.56,897.51,,,,"     ",5.30,34.20,10.11
1771,554673559,"01771M02:03:28.884","01771 01:51:13",204.56,897.51,,,,"     ",5.30,33.95,10.03
1771,554673560,"01771M02:03:29.858","01771 01:51:14",204.57,897.45,,,,"     ",5.30,34.04,10.05
1771,554673561,"01771M02:03:30.831","01771 01:51:15",204.58,897.45,,,,"     ",5.30,34.07,10.06
1771,554673562,"01771M02:03:31.804","01771 01:51:16",204.59,897.49,,,,"     ",5.30,33.99,10.03
1771,554673563,"01771M02:03:32.777","01771 01:51:17",204.60,897.44,,,,"     ",5.30,34.10,10.06
1771,554673564,"01771M02:03:33.751","01771 01:51:18",204.63,897.42,,,,"     ",5.30,34.26,10.10
1771,554673565,"01771M02:03:34.724","01771 01:51:19",204.66,897.46,,,,"     ",5.30,34.32,10.12
1771,554673566,"01771M02:03:35.697","01771 01:51:20",204.71,897.45,,,,"     ",5.30,34.20,10.07
1771,554673567,"01771M02:03:36.670","01771 01:51:21",204.76,897.45,,,,"     ",5.30,34.26,10.09
1771,554673568,"01771M02:03:37.644","01771 01:51:22",204.81,897.51,,,,"     ",5.30,34.18,10.06
1771,554673569,"01771M02:03:38.617","01771 01:51:23",204.85,897.48,,,,"     ",5.30,34.29,10.09
1771,554673570,"01771M02:03:39.590","01771 01:51:24",204.88,897.43,,,,"     ",5.30,34.28,10.08
1771,554673571,"01771M02:03:40.563","01771 01:51:25",204.90,897.43,,,,"     ",5.30,34.48,10.13
1771,554673572,"01771M02:03:41.537","01771 01:51:26",204.90,897.42,,,,"     ",5.30,34.45,10.11
1771,554673573,"01771M02:03:42.510","01771 01:51:27",204.89,897.33,,,,"     ",5.30,34.39,10.09
1771,554673574,"01771M02:03:43.483","01771 01:51:27",204.88,897.33,,,,"     ",5.30,34.42,10.10
1771,554673575,"01771M02:03:44.456","01771 01:51:28",204.87,897.42,,,,"     ",5.30,34.53,10.12
1771,554673576,"01771M02:03:45.430","01771 01:51:29",204.87,897.46,,,,"     ",5.30,34.42,10.09
1771,554673577,"01771M02:03:46.403","01771 01:51:30",204.87,897.40,,,,"     ",5.30,34.40,10.07
1771,554673578,"01771M02:03:47.376","01771 01:51:31",204.88,897.46,,,,"     ",5.30,34.55,10.11
1771,554673579,"01771M02:03:48.349","01771 01:51:32",204.90,897.51,,,,"     ",5.30,34.53,10.10
1771,554673580,"01771M02:03:49.323","01771 01:51:33",204.91,897.40,,,,"     ",5.30,34.59,10.11
1771,554673581,"01771M02:03:50.296","01771 01:51:34",204.93,897.43,,,,"     ",5.30,34.26,10.01
1771,554673582,"01771M02:03:51.269","01771 01:51:35",204.94,897.41,,,,"     ",5.30,34.51,10.08
1771,554673583,"01771M02:03:52.242","01771 01:51:36",204.94,897.26,,,,"     ",5.30,34.47,10.06
1771,554673584,"01771M02:03:53.216","01771 01:51:37",204.93,897.42,,,,"     ",5.30,34.55,10.08
1771,554673585,"01771M02:03:54.189","01771 01:51:38",204.91,897.33,,,,"     ",5.30,34.44,10.04
1771,554673586,"01771M02:03:55.162","01771 01:51:39",204.88,897.45,,,,"     ",5.30,34.20,9.97
1771,554673587,"01771M02:03:56.135","01771 01:51:40",204.84,897.45,,,,"     ",5.30,34.35,10.01
1771,554673588,"01771M02:03:57.109","01771 01:51:41",204.82,897.41,,,,"     ",5.30,34.28,9.98
1771,554673589,"01771M02:03:58.082","01771 01:51:42",204.79,897.29,,,,"     ",5.30,34.38,10.01
1771,554673590,"01771M02:03:59.055","01771 01:51:43",204.77,897.40,,,,"     ",5.30,34.40,10.00
1771,554673591,"01771M02:04:00.028","01771 01:51:44",204.77,897.40,,,,"     ",5.30,34.43,10.01
1771,554673592,"01771M02:04:01.002","01771 01:51:45",204.77,897.49,,,,"     ",5.30,34.43,10.01
1771,554673593,"01771M02:04:01.975","01771 01:51:46",204.77,897.57,,,,"     ",5.30,34.38,9.98
1771,554673594,"01771M02:04:02.948","01771 01:51:47",204.78,897.42,,,,"     ",5.30,34.67,10.06
1771,554673595,"01771M02:04:03.921","01771 01:51:48",204.77,897.33,,,,"     ",5.30,34.86,10.11
1771,554673596,"01771M02:04:04.895","01771 01:51:49",204.77,897.32,,,,"     ",5.30,34.70,10.05
1771,554673597,"01771M02:04:05.868","01771 01:51:50",204.77,897.46,,,,"     ",5.30,34.83,10.09
1771,554673598,"01771M02:04:06.841","01771 01:51:51",204.77,897.39,,,,"     ",5.30,34.88,10.10
1771,554673599,"01771M02:04:07.815","01771 01:51:52",204.79,897.37,,,,"     ",5.30,34.91,10.10
1771,554673600,"01771M02:04:08.788","01771 01:51:53",204.82,897.46,,,,"     ",5.30,34.72,10.04
1771,554673601,"01771M02:04:09.761","01771 01:51:54",204.87,897.43,,,,"     ",5.30,34.90,10.08
1771,554673602,"01771M02:04:10.734","01771 01:51:55",204.93,897.31,,,,"     ",5.30,35.02,10.11
1771,554673603,"01771M02:04:11.708","01771 01:51:56",204.99,897.41,,,,"     ",5.30,35.03,10.10
1771,554673604,"01771M02:04:12.681","01771 01:51:57",205.07,897.35,,,,"     ",5.30,35.06,10.10
1771,554673605,"01771M02:04:13.654","01771 01:51:58",205.14,897.54,,,,"     ",5.30,35.17,10.13
1771,554673606,"01771M02:04:14.627","01771 01:51:59",205.20,897.36,,,,"     ",5.30,35.17,10.12
1771,554673607,"01771M02:04:15.601","01771 01:52:00",205.25,897.50,,,,"     ",5.30,35.25,10.14
1771,554673608,"01771M02:04:16.574","01771 01:52:01",205.30,897.56,,,,"     ",5.30,35.18,10.11
1771,554673609,"01771M02:04:17.547","01771 01:52:02",205.33,897.40,,,,"     ",5.30,35.26,10.13
1771,554673610,"01771M02:04:18.520","01771 01:52:03",205.36,897.43,,,,"     ",5.30,35.36,10.15
1771,554673611,"01771M02:04:19.494","01771 01:52:04",205.38,897.53,,,,"     ",5.30,35.33,10.13
1771,554673612,"01771M02:04:20.467","01771 01:52:04",205.39,897.41,,,,"     ",5.30,35.43,10.15
1771,554673613,"01771M02:04:21.440","01771 01:52:05",205.41,897.50,,,,"     ",5.30,35.40,10.14
1771,554673614,"01771M02:04:22.413","01771 01:52:06",205.42,897.47,,,,"     ",5.30,35.38,10.12
1771,554673615,"01771M02:04:23.387","01771 01:52:07",205.43,897.44,,,,"     ",5.30,35.24,10.08
1771,554673616,"01771M02:04:24.360","01771 01:52:08",205.44,897.45,,,,"     ",5.30,35.34,10.10
1771,554673617,"01771M02:04:25.333","01771 01:52:09",205.45,897.54,,,,"     ",5.30,35.34,10.09
1771,554673618,"01771M02:04:26.306","01771 01:52:10",205.46,897.55,,,,"     ",5.30,35.43,10.11
1771,554673619,"01771M02:04:27.280","01771 01:52:11",205.46,897.49,,,,"     ",5.30,35.40,10.10
1771,554673620,"01771M02:04:28.253","01771 01:52:12",205.47,897.50,,,,"     ",5.30,35.30,10.06
1771,554673621,"01771M02:04:29.226","01771 01:52:13",205.47,897.49,,,,"     ",5.30,35.46,10.10
1771,554673622,"01771M02:04:30.199","01771 01:52:14",205.45,897.42,,,,"     ",5.30,35.31,10.05
1771,554673623,"01771M02:04:31.173","01771 01:52:15",205.43,897.48,,,,"     ",5.30,35.37,10.06
1771,554673624,"01771M02:04:32.146","01771 01:52:16",205.40,897.52,,,,"     ",5.30,35.31,10.04
1771,554673625,"01771M02:04:33.119","01771 01:52:17",205.35,897.49,,,,"     ",5.30,35.28,10.03
1771,554673626,"01771M02:04:34.092","01771 01:52:18",205.30,897.54,,,,"     ",5.30,35.33,10.04
1771,554673627,"01771M02:04:35.066","01771 01:52:19",205.25,897.56,,,,"     ",5.30,35.37,10.04
1771,554673628,"01771M02:04:36.039","01771 01:52:20",205.20,897.51,,,,"     ",5.30,35.39,10.04
1771,554673629,"01771M02:04:37.012","01771 01:52:21",205.15,897.56,,,,"     ",5.30,35.27,10.00
1771,554673630,"01771M02:04:37.985","01771 01:52:22",205.10,897.42,,,,"     ",5.30,35.34,10.02
1771,554673631,"01771M02:04:38.959","01771 01:52:23",205.06,897.47,,,,"     ",5.30,35.26,9.99
1771,554673632,"01771M02:04:39.932","01771 01:52:24",205.03,897.47,,,,"     ",5.30,35.32,10.00
1771,554673633,"01771M02:04:40.905","01771 01:52:25",205.01,897.48,,,,"     ",5.30,35.19,9.96
1771,554673634,"01771M02:04:41.878","01771 01:52:26",205.00,897.50,,,,"     ",5.30,35.40,10.02
1771,554673635,"01771M02:04:42.852","01771 01:52:27",204.99,897.51,,,,"     ",5.30,35.36,10.00
1771,554673636,"01771M02:04:43.825","01771 01:52:28",204.99,897.55,,,,"     ",5.30,35.44,10.02
1771,554673637,"01771M02:04:44.798","01771 01:52:29",205.00,897.55,,,,"     ",5.30,35.18,9.94
1771,554673638,"01771M02:04:45.771","01771 01:52:30",205.00,897.51,,,,"     ",5.30,35.23,9.95
1771,554673639,"01771M02:04:46.745","01771 01:52:31",205.02,897.52,,,,"     ",5.30,35.27,9.96
1771,554673640,"01771M02:04:47.718","01771 01:52:32",205.04,897.54,,,,"     ",5.30,35.22,9.94
1771,554673641,"01771M02:04:48.691","01771 01:52:33",205.08,897.48,,,,"     ",5.30,35.18,9.93
1771,554673642,"01771M02:04:49.664","01771 01:52:34",205.12,897.55,,,,"     ",5.30,35.19,9.93
1771,554673643,"01771M02:04:50.638","01771 01:52:35",205.16,897.46,,,,"     ",5.30,35.32,9.96
1771,554673644,"01771M02:04:51.611","01771 01:52:36",205.21,897.51,,,,"     ",5.30,35.28,9.94
1771,554673645,"01771M02:04:52.584","01771 01:52:37",205.26,897.47,,,,"     ",5.30,35.22,9.92
1771,554673646,"01771M02:04:53.557","01771 01:52:38",205.30,897.51,,,,"     ",5.30,35.39,9.97
1771,554673647,"01771M02:04:54.531","01771 01:52:39",205.32,897.44,,,,"     ",5.30,35.40,9.97
1771,554673648,"01771M02:04:55.504","01771 01:52:40",205.33,897.42,,,,"     ",5.30,35.35,9.95
1771,554673649,"01771M02:04:56.477","01771 01:52:41",205.31,897.42,,,,"     ",5.30,35.35,9.94
1771,554673650,"01771M02:04:57.450","01771 01:52:41",205.26,897.43,,,,"     ",5.30,35.26,9.91
1771,554673651,"01771M02:04:58.424","01771 01:52:42",205.19,897.47,,,,"     ",5.30,35.33,9.93
1771,554673652,"01771M02:04:59.397","01771 01:52:43",205.11,897.49,,,,"     ",5.30,35.35,9.93
1771,554673653,"01771M02:05:00.370","01771 01:52:44",205.02,897.50,,,,"     ",5.30,35.36,9.93
1771,554673654,"01771M02:05:01.343","01771 01:52:45",204.95,897.49,,,,"     ",5.30,35.27,9.90
1771,554673655,"01771M02:05:02.317","01771 01:52:46",204.90,897.60,,,,"     ",5.30,35.50,9.96
1771,554673656,"01771M02:05:03.290","01771 01:52:47",204.87,897.56,,,,"     ",5.30,35.42,9.93
1771,554673657,"01771M02:05:04.263","01771 01:52:48",204.87,897.60,,,,"     ",5.30,35.42,9.93
1771,554673658,"01771M02:05:05.236","01771 01:52:49",204.90,897.49,,,,"     ",5.30,35.31,9.89
1771,554673659,"01771M02:05:06.210","01771 01:52:50",204.94,897.57,,,,"     ",5.30,35.37,9.91
1771,554673660,"01771M02:05:07.183","01771 01:52:51",204.99,897.60,,,,"     ",5.30,35.47,9.93
1771,554673661,"01771M02:05:08.156","01771 01:52:52",205.05,897.57,,,,"     ",5.30,35.35,9.89
1771,554673662,"01771M02:05:09.129","01771 01:52:53",205.11,897.53,,,,"     ",5.30,35.29,9.87
1771,554673663,"01771M02:05:10.103","01771 01:52:54",205.17,897.44,,,,"     ",5.30,35.39,9.89
1771,554673664,"01771M02:05:11.076","01771 01:52:55",205.22,897.58,,,,"     ",5.30,35.48,9.92
1771,554673665,"01771M02:05:12.049","01771 01:52:56",205.26,897.52,,,,"     ",5.30,35.47,9.91
1771,554673666,"01771M02:05:13.022","01771 01:52:57",205.30,897.58,,,,"     ",5.30,35.38,9.88
1771,554673667,"01771M02:05:13.996","01771 01:52:58",205.34,897.53,,,,"     ",5.30,35.49,9.91
1771,554673668,"01771M02:05:14.969","01771 01:52:59",205.38,897.56,,,,"     ",5.30,35.41,9.88
1771,554673669,"01771M02:05:15.942","01771 01:53:00",205.42,897.49,,,,"     ",5.30,35.22,9.82
1771,554673670,"01771M02:05:16.916","01771 01:53:01",205.47,897.52,,,,"     ",5.30,35.38,9.87
1771,554673671,"01771M02:05:17.889","01771 01:53:02",205.50,897.56,,,,"     ",5.30,35.31,9.84
1771,554673672,"01771M02:05:18.862","01771 01:53:03",205.52,897.51,,,,"     ",5.30,35.54,9.91
1771,554673673,"01771M02:05:19.835","01771 01:53:04",205.52,897.49,,,,"     ",5.30,35.33,9.84
1771,554673674,"01771M02:05:20.809","01771 01:53:05",205.50,897.52,,,,"     ",5.30,35.32,9.84
1771,554673675,"01771M02:05:21.782","01771 01:53:06",205.46,897.48,,,,"     ",5.30,35.31,9.83
1771,554673676,"01771M02:05:22.755","01771 01:53:07",205.41,897.48,,,,"     ",5.30,35.33,9.84
1771,554673677,"01771M02:05:23.728","01771 01:53:08",205.35,897.55,,,,"     ",5.30,35.39,9.85
1771,554673678,"01771M02:05:24.702","01771 01:53:09",205.28,897.42,,,,"     ",5.30,35.36,9.84
1771,554673679,"01771M02:05:25.675","01771 01:53:10",205.21,897.54,,,,"     ",5.30,35.42,9.85
1771,554673680,"01771M02:05:26.648","01771 01:53:11",205.15,897.47,,,,"     ",5.30,35.30,9.82
1771,554673681,"01771M02:05:27.621","01771 01:53:12",205.10,897.50,,,,"     ",5.30,35.40,9.84
1771,554673682,"01771M02:05:28.595","01771 01:53:13",205.06,897.58,,,,"     ",5.30,35.35,9.83
1771,554673683,"01771M02:05:29.568","01771 01:53:14",205.04,897.55,,,,"     ",5.30,35.39,9.83
1771,554673684,"01771M02:05:30.541","01771 01:53:15",205.04,897.56,,,,"     ",5.30,35.28,9.80
1771,554673685,"01771M02:05:31.514","01771 01:53:16",205.04,897.53,,,,"     ",5.30,35.17,9.76
1771,554673686,"01771M02:05:32.488","01771 01:53:17",205.04,897.52,,,,"     ",5.30,35.23,9.78
1771,554673687,"01771M02:05:33.461","01771 01:53:18",205.04,897.49,,,,"     ",5.30,35.22,9.77
1771,554673688,"01771M02:05:34.434","01771 01:53:18",205.03,897.46,,,,"     ",5.30,35.34,9.80
1771,554673689,"01771M02:05:35.407","01771 01:53:19",205.01,897.47,,,,"     ",5.30,35.23,9.77
1771,554673690,"01771M02:05:36.381","01771 01:53:20",204.98,897.48,,,,"     ",5.30,35.19,9.76
1771,554673691,"01771M02:05:37.354","01771 01:53:21",204.95,897.43,,,,"     ",5.30,35.30,9.79
1771,554673692,"01771M02:05:38.327","01771 01:53:22",204.92,897.47,,,,"     ",5.30,35.17,9.75
1771,554673693,"01771M02:05:39.300","01771 01:53:23",204.90,897.40,,,,"     ",5.30,35.22,9.76
1771,554673694,"01771M02:05:40.274","01771 01:53:24",204.88,897.40,,,,"     ",5.30,35.37,9.80
1771,554673695,"01771M02:05:41.247","01771 01:53:25",204.88,897.41,,,,"     ",5.30,35.32,9.78
1771,554673696,"01771M02:05:42.220","01771 01:53:26",204.88,897.44,,,,"     ",5.30,35.36,9.79
1771,554673697,"01771M02:05:43.193","01771 01:53:27",204.89,897.45,,,,"     ",5.30,35.32,9.78
1771,554673698,"01771M02:05:44.167","01771 01:53:28",204.91,897.50,,,,"     ",5.30,35.17,9.74
1771,554673699,"01771M02:05:45.140","01771 01:53:29",204.93,897.58,,,,"     ",5.30,35.22,9.75
1771,554673700,"01771M02:05:46.113","01771 01:53:30",204.95,897.63,,,,"     ",5.30,35.24,9.75
1771,554673701,"01771M02:05:47.086","01771 01:53:31",204.99,897.56,,,,"     ",5.30,35.21,9.74
1771,554673702,"01771M02:05:48.060","01771 01:53:32",205.04,897.62,,,,"     ",5.30,35.11,9.71
1771,554673703,"01771M02:05:49.033","01771 01:53:33",205.07,897.66,,,,"     ",5.30,35.12,9.71
1771,554673704,"01771M02:05:50.006","01771 01:53:34",205.10,897.61,,,,"     ",5.30,35.19,9.73
1771,554673705,"01771M02:05:50.979","01771 01:53:35",205.11,897.52,,,,"     ",5.30,35.26,9.74
1771,554673706,"01771M02:05:51.953","01771 01:53:36",205.12,897.58,,,,"     ",5.30,35.22,9.73
1771,554673707,"01771M02:05:52.926","01771 01:53:37",205.11,897.58,,,,"     ",5.30,35.22,9.73
1771,554673708,"01771M02:05:53.899","01771 01:53:38",205.10,897.56,,,,"     ",5.30,35.08,9.69
1771,554673709,"01771M02:05:54.872","01771 01:53:39",205.08,897.51,,,,"     ",5.30,35.19,9.72
1771,554673710,"01771M02:05:55.846","01771 01:53:40",205.06,897.50,,,,"     ",5.30,35.10,9.69
1771,554673711,"01771M02:05:56.819","01771 01:53:41",205.03,897.45,,,,"     ",5.30,34.86,9.62
1771,554673712,"01771M02:05:57.792","01771 01:53:42",204.99,897.44,,,,"     ",5.30,34.97,9.65
1771,554673713,"01771M02:05:58.765","01771 01:53:43",204.95,897.52,,,,"     ",5.30,35.00,9.66
1771,554673714,"01771M02:05:59.739","01771 01:53:44",204.90,897.43,,,,"     ",5.30,35.07,9.68
1771,554673715,"01771M02:06:00.712","01771 01:53:45",204.84,897.56,,,,"     ",5.30,35.11,9.69
1771,554673716,"01771M02:06:01.685","01771 01:53:46",204.78,897.51,,,,"     ",5.30,35.01,9.66
1771,554673717,"01771M02:06:02.658","01771 01:53:47",204.71,897.42,,,,"     ",5.30,34.95,9.64
1771,554673718,"01771M02:06:03.632","01771 01:53:48",204.63,897.48,,,,"     ",5.30,35.02,9.66
1771,554673719,"01771M02:06:04.605","01771 01:53:49",204.54,897.44,,,,"     ",5.30,34.98,9.65
1771,554673720,"01771M02:06:05.578","01771 01:53:50",204.44,897.48,,,,"     ",5.30,35.00,9.65
1771,554673721,"01771M02:06:06.551","01771 01:53:51",205.48,897.45,,,,"     ",5.30,35.17,9.70
1771,554673722,"01771M02:06:07.525","01771 01:53:52",205.36,897.53,,,,"     ",5.30,35.01,9.65
1771,554673723,"01771M02:06:08.498","01771 01:53:53",205.25,897.56,,,,"     ",5.30,35.15,9.69
1771,554673724,"01771M02:06:09.471","01771 01:53:54",205.15,897.49,,,,"     ",5.30,35.05,9.66
1771,554673725,"01771M02:06:10.444","01771 01:53:54",205.06,897.51,,,,"     ",5.30,35.07,9.66
1771,554673726,"01771M02:06:11.418","01771 01:53:55",204.97,897.52,,,,"     ",5.30,35.07,9.66
1771,554673727,"01771M02:06:12.391","01771 01:53:56",204.90,897.57,,,,"     ",5.30,35.02,9.65
1771,554673728,"01771M02:06:13.364","01771 01:53:57",204.83,897.52,,,,"     ",5.30,35.11,9.66
1771,554673729,"01771M02:06:14.337","01771 01:53:58",204.77,897.53,,,,"     ",5.30,35.07,9.65
1771,554673730,"01771M02:06:15.311","01771 01:53:59",204.72,897.57,,,,"     ",5.30,35.18,9.68
1771,554673731,"01771M02:06:16.284","01771 01:54:00",204.67,897.48,,,,"     ",5.30,35.08,9.65
1771,554673732,"01771M02:06:17.257","01771 01:54:01",204.64,897.40,,,,"     ",5.30,35.12,9.66
1771,554673733,"01771M02:06:18.230","01771 01:54:02",204.61,897.46,,,,"     ",5.30,35.13,9.66
1771,554673734,"01771M02:06:19.204","01771 01:54:03",204.59,897.36,,,,"     ",5.30,35.17,9.67
1771,554673735,"01771M02:06:20.177","01771 01:54:04",204.57,897.49,,,,"     ",5.30,35.08,9.64
1771,554673736,"01771M02:06:21.150","01771 01:54:05",204.57,897.56,,,,"     ",5.30,35.06,9.64
1771,554673737,"01771M02:06:22.123","01771 01:54:06",204.57,897.65,,,,"     ",5.30,35.09,9.64
1771,554673738,"01771M02:06:23.097","01771 01:54:07",204.59,897.56,,,,"     ",5.30,35.01,9.62
1771,554673739,"01771M02:06:24.070","01771 01:54:08",204.61,897.62,,,,"     ",5.30,34.93,9.59
1771,554673740,"01771M02:06:25.043","01771 01:54:09",204.65,897.65,,,,"     ",5.30,35.01,9.61
1771,554673741,"01771M02:06:26.016","01771 01:54:10",204.69,897.47,,,,"     ",5.30,35.09,9.63
1771,554673742,"01771M02:06:26.990","01771 01:54:11",204.72,897.51,,,,"     ",5.30,35.03,9.61
1771,554673743,"01771M02:06:27.963","01771 01:54:12",204.74,897.55,,,,"     ",5.30,35.01,9.61
1771,554673744,"01771M02:06:28.936","01771 01:54:13",204.76,897.57,,,,"     ",5.30,34.94,9.59
1771,554673745,"01771M02:06:29.910","01771 01:54:14",204.77,897.54,,,,"     ",5.30,34.99,9.61
1771,554673746,"01771M02:06:30.883","01771 01:54:15",204.79,897.54,,,,"     ",5.30,35.11,9.63
1771,554673747,"01771M02:06:31.856","01771 01:54:16",204.81,897.50,,,,"     ",5.30,34.99,9.60
1771,554673748,"01771M02:06:32.829","01771 01:54:17",204.82,897.57,,,,"     ",5.30,34.90,9.57
1771,554673749,"01771M02:06:33.803","01771 01:54:18",204.84,897.61,,,,"     ",5.30,34.94,9.58
1771,554673750,"01771M02:06:34.776","01771 01:54:19",204.85,897.61,,,,"     ",5.30,34.81,9.54
1771,554673751,"01771M02:06:35.749","01771 01:54:20",204.85,897.58,,,,"     ",5.30,34.81,9.54
1771,554673752,"01771M02:06:36.722","01771 01:54:21",204.85,897.56,,,,"     ",5.30,34.86,9.55
1771,554673753,"01771M02:06:37.696","01771 01:54:22",204.84,897.57,,,,"     ",5.30,34.90,9.57
1771,554673754,"01771M02:06:38.669","01771 01:54:23",204.82,897.61,,,,"     ",5.30,34.73,9.52
1771,554673755,"01771M02:06:39.642","01771 01:54:24",204.80,897.53,,,,"     ",5.30,34.78,9.53
1771,554673756,"01771M02:06:40.615","01771 01:54:25",204.78,897.55,,,,"     ",5.30,34.86,9.55
1771,554673757,"01771M02:06:41.589","01771 01:54:26",204.77,897.58,,,,"     ",5.30,34.80,9.53
1771,554673758,"01771M02:06:42.562","01771 01:54:27",204.77,897.51,,,,"     ",5.30,34.74,9.51
1771,554673759,"01771M02:06:43.535","01771 01:54:28",204.77,897.55,,,,"     ",5.30,34.71,9.51
1771,554673760,"01771M02:06:44.508","01771 01:54:29",204.77,897.54,,,,"     ",5.30,34.74,9.51
1771,554673761,"01771M02:06:45.482","01771 01:54:30",204.76,897.59,,,,"     ",5.30,34.81,9.53
1771,554673762,"01771M02:06:46.455","01771 01:54:31",204.74,897.61,,,,"     ",5.30,34.69,9.50
1771,554673763,"01771M02:06:47.428","01771 01:54:31",204.71,897.59,,,,"     ",5.30,34.67,9.49
1771,554673764,"01771M02:06:48.401","01771 01:54:32",204.67,897.58,,,,"     ",5.30,34.70,9.50
1771,554673765,"01771M02:06:49.375","01771 01:54:33",204.63,897.52,,,,"     ",5.30,34.74,9.51
1771,554673766,"01771M02:06:50.348","01771 01:54:34",204.59,897.60,,,,"     ",5.30,34.70,9.50
1771,554673767,"01771M02:06:51.321","01771 01:54:35",204.56,897.61,,,,"     ",5.30,34.78,9.52
1771,554673768,"01771M02:06:52.294","01771 01:54:36",204.54,897.62,,,,"     ",5.30,34.76,9.51
1771,554673769,"01771M02:06:53.268","01771 01:54:37",204.53,897.53,,,,"     ",5.30,34.64,9.48
1771,554673770,"01771M02:06:54.241","01771 01:54:38",204.53,897.53,,,,"     ",5.30,34.70,9.50
1771,554673771,"01771M02:06:55.214","01771 01:54:39",204.54,897.53,,,,"     ",5.30,34.78,9.52
1771,554673772,"01771M02:06:56.187","01771 01:54:40",204.56,897.55,,,,"     ",5.30,34.69,9.49
1771,554673773,"01771M02:06:57.161","01771 01:54:41",204.58,897.54,,,,"     ",5.30,34.58,9.46
1771,554673774,"01771M02:06:58.134","01771 01:54:42",204.60,897.56,,,,"     ",5.30,34.64,9.47
1771,554673775,"01771M02:06:59.107","01771 01:54:43",204.63,897.52,,,,"     ",5.30,34.67,9.48
1771,554673776,"01771M02:07:00.080","01771 01:54:44",204.65,897.61,,,,"     ",5.30,34.53,9.45
1771,554673777,"01771M02:07:01.054","01771 01:54:45",204.67,897.51,,,,"     ",5.30,34.69,9.49
1771,554673778,"01771M02:07:02.027","01771 01:54:46",204.69,897.55,,,,"     ",5.30,34.69,9.49
1771,554673779,"01771M02:07:03.000","01771 01:54:47",204.70,897.58,,,,"     ",5.30,34.53,9.44
1771,554673780,"01771M02:07:03.973","01771 01:54:48",204.72,897.52,,,,"     ",5.30,34.50,9.43
1771,554673781,"01771M02:07:04.947","01771 01:54:49",204.73,897.50,,,,"     ",5.30,34.55,9.45
1771,554673782,"01771M02:07:05.920","01771 01:54:50",204.73,897.57,,,,"     ",5.30,34.59,9.46
1771,554673783,"01771M02:07:06.893","01771 01:54:51",204.72,897.51,,,,"     ",5.30,34.66,9.47
1771,554673784,"01771M02:07:07.866","01771 01:54:52",204.70,897.57,,,,"     ",5.30,34.66,9.47
1771,554673785,"01771M02:07:08.840","01771 01:54:53",204.67,897.59,,,,"     ",5.30,34.57,9.45
1771,554673786,"01771M02:07:09.813","01771 01:54:54",204.62,897.54,,,,"     ",5.30,34.77,9.50
1771,554673787,"01771M02:07:10.786","01771 01:54:55",204.55,897.59,,,,"     ",5.30,34.61,9.46
1771,554673788,"01771M02:07:11.759","01771 01:54:56",204.48,897.57,,,,"     ",5.30,34.68,9.47
1771,554673789,"01771M02:07:12.733","01771 01:54:57",204.41,897.57,,,,"     ",5.30,34.63,9.46
1771,554673790,"01771M02:07:13.706","01771 01:54:58",204.34,897.49,,,,"     ",5.30,34.58,9.44
1771,554673791,"01771M02:07:14.679","01771 01:54:59",204.27,897.60,,,,"     ",5.30,34.67,9.47
1771,554673792,"01771M02:07:15.652","01771 01:55:00",204.21,897.51,,,,"     ",5.30,34.69,9.47
1771,554673793,"01771M02:07:16.626","01771 01:55:01",204.17,897.56,,,,"     ",5.30,34.62,9.45
1771,554673794,"01771M02:07:17.599","01771 01:55:02",204.15,897.55,,,,"     ",5.30,34.65,9.46
1771,554673795,"01771M02:07:18.572","01771 01:55:03",204.14,897.49,,,,"     ",5.30,34.62,9.45
1771,554673796,"01771M02:07:19.545","01771 01:55:04",204.14,897.50,,,,"     ",5.30,34.55,9.43
1771,554673797,"01771M02:07:20.519","01771 01:55:05",204.16,897.47,,,,"     ",5.30,34.62,9.44
1771,554673798,"01771M02:07:21.492","01771 01:55:06",204.18,897.40,,,,"     ",5.30,34.58,9.43
1771,554673799,"01771M02:07:22.465","01771 01:55:07",204.21,897.34,,,,"     ",5.30,34.58,9.43
1771,554673800,"01771M02:07:23.438","01771 01:55:08",204.23,897.36,,,,"     ",5.30,34.55,9.42
1771,554673801,"01771M02:07:24.412","01771 01:55:08",204.25,897.42,,,,"     ",5.30,34.57,9.43
1771,554673802,"01771M02:07:25.385","01771 01:55:09",204.27,897.45,,,,"     ",5.30,34.64,9.45
1771,554673803,"01771M02:07:26.358","01771 01:55:10",204.28,897.49,,,,"     ",5.30,34.60,9.43
1771,554673804,"01771M02:07:27.331","01771 01:55:11",204.30,897.39,,,,"     ",5.30,34.59,9.42
1771,554673805,"01771M02:07:28.305","01771 01:55:12",204.33,897.36,,,,"     ",5.30,34.61,9.43
1771,554673806,"01771M02:07:29.278","01771 01:55:13",204.37,897.48,,,,"     ",5.30,34.70,9.45
1771,554673807,"01771M02:07:30.251","01771 01:55:14",204.41,897.54,,,,"     ",5.30,34.68,9.44
1771,554673808,"01771M02:07:31.224","01771 01:55:15",204.45,897.55,,,,"     ",5.30,34.74,9.46
1771,554673809,"01771M02:07:32.198","01771 01:55:16",204.49,897.61,,,,"     ",5.30,34.65,9.43
1771,554673810,"01771M02:07:33.171","01771 01:55:17",204.52,897.60,,,,"     ",5.30,34.52,9.39
1771,554673811,"01771M02:07:34.144","01771 01:55:18",204.54,897.55,,,,"     ",5.30,34.72,9.44
1771,554673812,"01771M02:07:35.117","01771 01:55:19",204.55,897.49,,,,"     ",5.30,34.59,9.41
1771,554673813,"01771M02:07:36.091","01771 01:55:20",204.55,897.51,,,,"     ",5.30,34.58,9.40
1771,554673814,"01771M02:07:37.064","01771 01:55:21",204.55,897.57,,,,"     ",5.30,34.75,9.44
1771,554673815,"01771M02:07:38.037","01771 01:55:22",204.54,897.45,,,,"     ",5.30,34.72,9.44
1771,554673816,"01771M02:07:39.011","01771 01:55:23",204.52,897.49,,,,"     ",5.30,34.68,9.42
1771,554673817,"01771M02:07:39.984","01771 01:55:24",204.51,897.58,,,,"     ",5.30,34.74,9.43
1771,554673818,"01771M02:07:40.957","01771 01:55:25",204.50,897.63,,,,"     ",5.30,34.79,9.45
1771,554673819,"01771M02:07:41.930","01771 01:55:26",204.48,897.54,,,,"     ",5.30,34.68,9.41
1771,554673820,"01771M02:07:42.904","01771 01:55:27",204.46,897.51,,,,"     ",5.30,34.81,9.45
1771,554673821,"01771M02:07:43.877","01771 01:55:28",204.45,897.48,,,,"     ",5.30,34.91,9.47
1771,554673822,"01771M02:07:44.850","01771 01:55:29",204.43,897.57,,,,"     ",5.30,34.78,9.44
1771,554673823,"01771M02:07:45.823","01771 01:55:30",204.41,897.57,,,,"     ",5.30,34.77,9.43
1771,554673824,"01771M02:07:46.797","01771 01:55:31",204.40,897.54,,,,"     ",5.30,34.89,9.46
1771,554673825,"01771M02:07:47.770","01771 01:55:32",204.39,897.62,,,,"     ",5.30,34.88,9.45
1771,554673826,"01771M02:07:48.743","01771 01:55:33",204.38,897.60,,,,"     ",5.30,34.81,9.43
1771,554673827,"01771M02:07:49.716","01771 01:55:34",204.36,897.60,,,,"     ",5.30,34.86,9.44
1771,554673828,"01771M02:07:50.690","01771 01:55:35",204.33,897.57,,,,"     ",5.30,34.85,9.43
1771,554673829,"01771M02:07:51.663","01771 01:55:36",204.30,897.57,,,,"     ",5.30,34.91,9.45
1771,554673830,"01771M02:07:52.636","01771 01:55:37",204.26,897.51,,,,"     ",5.30,34.99,9.46
1771,554673831,"01771M02:07:53.609","01771 01:55:38",204.24,897.59,,,,"     ",5.30,34.96,9.45
1771,554673832,"01771M02:07:54.583","01771 01:55:39",204.23,897.62,,,,"     ",5.30,35.03,9.47
1771,554673833,"01771M02:07:55.556","01771 01:55:40",204.23,897.55,,,,"     ",5.30,34.95,9.44
1771,554673834,"01771M02:07:56.529","01771 01:55:41",204.24,897.56,,,,"     ",5.30,34.89,9.43
1771,554673835,"01771M02:07:57.502","01771 01:55:42",204.25,897.53,,,,"     ",5.30,35.11,9.48
1771,554673836,"01771M02:07:58.476","01771 01:55:43",204.26,897.47,,,,"     ",5.30,34.84,9.40
1771,554673837,"01771M02:07:59.449","01771 01:55:44",204.27,897.61,,,,"     ",5.30,35.07,9.46
1771,554673838,"01771M02:08:00.422","01771 01:55:44",204.27,897.60,,,,"     ",5.30,35.11,9.47
1771,554673839,"01771M02:08:01.395","01771 01:55:45",204.27,897.57,,,,"     ",5.30,35.10,9.47
1771,554673840,"01771M02:08:02.369","01771 01:55:46",204.26,897.52,,,,"     ",5.30,34.86,9.40
1771,554673841,"01771M02:08:03.342","01771 01:55:47",204.26,897.56,,,,"     ",5.30,34.95,9.42
1771,554673842,"01771M02:08:04.315","01771 01:55:48",204.26,897.55,,,,"     ",5.30,35.06,9.44
1771,554673843,"01771M02:08:05.288","01771 01:55:49",204.27,897.52,,,,"     ",5.30,34.90,9.40
1771,554673844,"01771M02:08:06.262","01771 01:55:50",204.28,897.64,,,,"     ",5.30,35.01,9.43
1771,554673845,"01771M02:08:07.235","01771 01:55:51",204.30,897.55,,,,"     ",5.30,35.16,9.47
1771,554673846,"01771M02:08:08.208","01771 01:55:52",204.31,897.58,,,,"     ",5.30,35.18,9.47
1771,554673847,"01771M02:08:09.181","01771 01:55:53",204.33,897.59,,,,"     ",5.30,34.95,9.40
1771,554673848,"01771M02:08:10.155","01771 01:55:54",204.36,897.56,,,,"     ",5.30,34.99,9.41
1771,554673849,"01771M02:08:11.128","01771 01:55:55",204.38,897.60,,,,"     ",5.30,34.98,9.41
1771,554673850,"01771M02:08:12.101","01771 01:55:56",204.41,897.54,,,,"     ",5.30,34.95,9.40
1771,554673851,"01771M02:08:13.074","01771 01:55:57",204.43,897.52,,,,"     ",5.30,35.16,9.45
1771,554673852,"01771M02:08:14.048","01771 01:55:58",204.46,897.60,,,,"     ",5.30,35.06,9.43
1771,554673853,"01771M02:08:15.021","01771 01:55:59",204.48,897.60,,,,"     ",5.30,35.04,9.42
1771,554673854,"01771M02:08:15.994","01771 01:56:00",204.50,897.54,,,,"     ",5.30,35.10,9.43
1771,554673855,"01771M02:08:16.967","01771 01:56:01",204.52,897.62,,,,"     ",5.30,34.99,9.40
1771,554673856,"01771M02:08:17.941","01771 01:56:02",204.54,897.58,,,,"     ",5.30,35.06,9.42
1771,554673857,"01771M02:08:18.914","01771 01:56:03",204.55,897.60,,,,"     ",5.30,35.11,9.43
1771,554673858,"01771M02:08:19.887","01771 01:56:04",204.57,897.60,,,,"     ",5.30,35.17,9.44
1771,554673859,"01771M02:08:20.860","01771 01:56:05",204.59,897.59,,,,"     ",5.30,35.21,9.45
1771,554673860,"01771M02:08:21.834","01771 01:56:06",204.61,897.66,,,,"     ",5.30,35.33,9.49
1771,554673861,"01771M02:08:22.807","01771 01:56:07",204.62,897.58,,,,"     ",5.30,35.37,9.49
1771,554673862,"01771M02:08:23.780","01771 01:56:08",204.62,897.61,,,,"     ",5.30,35.29,9.47
1771,554673863,"01771M02:08:24.753","01771 01:56:09",204.62,897.64,,,,"     ",5.30,35.21,9.44
1771,554673864,"01771M02:08:25.727","01771 01:56:10",204.60,897.72,,,,"     ",5.30,35.23,9.44
1771,554673865,"01771M02:08:26.700","01771 01:56:11",204.57,897.62,,,,"     ",5.30,35.36,9.48
1771,554673866,"01771M02:08:27.673","01771 01:56:12",204.53,897.63,,,,"     ",5.30,35.37,9.48
1771,554673867,"01771M02:08:28.646","01771 01:56:13",204.47,897.61,,,,"     ",5.30,35.32,9.46
1771,554673868,"01771M02:08:29.620","01771 01:56:14",204.41,897.59,,,,"     ",5.30,35.41,9.48
1771,554673869,"01771M02:08:30.593","01771 01:56:15",204.34,897.53,,,,"     ",5.30,35.38,9.47
1771,554673870,"01771M02:08:31.566","01771 01:56:16",204.27,897.57,,,,"     ",5.30,35.51,9.50
1771,554673871,"01771M02:08:32.539","01771 01:56:17",204.20,897.58,,,,"     ",5.30,35.28,9.44
1771,554673872,"01771M02:08:33.513","01771 01:56:18",204.13,897.62,,,,"     ",5.30,35.35,9.45
1771,554673873,"01771M02:08:34.486","01771 01:56:19",204.07,897.66,,,,"     ",5.30,35.53,9.50
1771,554673874,"01771M02:08:35.459","01771 01:56:20",204.01,897.71,,,,"     ",5.30,35.40,9.46
1771,554673875,"01771M02:08:36.432","01771 01:56:21",203.96,897.59,,,,"     ",5.30,35.45,9.47
1771,554673876,"01771M02:08:37.406","01771 01:56:21",203.93,897.69,,,,"     ",5.30,35.40,9.45
1771,554673877,"01771M02:08:38.379","01771 01:56:22",203.91,897.65,,,,"     ",5.30,35.49,9.48
1771,554673878,"01771M02:08:39.352","01771 01:56:23",203.90,897.67,,,,"     ",5.30,35.43,9.46
1771,554673879,"01771M02:08:40.325","01771 01:56:24",203.90,897.69,,,,"     ",5.30,35.49,9.47
1771,554673880,"01771M02:08:41.299","01771 01:56:25",203.92,897.63,,,,"     ",5.30,35.24,9.40
1771,554673881,"01771M02:08:42.272","01771 01:56:26",203.94,897.59,,,,"     ",5.30,35.38,9.44
1771,554673882,"01771M02:08:43.245","01771 01:56:27",203.98,897.57,,,,"     ",5.30,35.34,9.42
1771,554673883,"01771M02:08:44.218","01771 01:56:28",204.02,897.67,,,,"     ",5.30,35.42,9.45
1771,554673884,"01771M02:08:45.192","01771 01:56:29",204.06,897.67,,,,"     ",5.30,35.41,9.44
1771,554673885,"01771M02:08:46.165","01771 01:56:30",204.10,897.65,,,,"     ",5.30,35.51,9.47
1771,554673886,"01771M02:08:47.138","01771 01:56:31",204.13,897.65,,,,"     ",5.30,35.28,9.40
1771,554673887,"01771M02:08:48.112","01771 01:56:32",204.15,897.62,,,,"     ",5.30,35.30,9.41
1771,554673888,"01771M02:08:49.085","01771 01:56:33",204.15,897.68,,,,"     ",5.30,35.25,9.39
1771,554673889,"01771M02:08:50.058","01771 01:56:34",204.14,897.69,,,,"     ",5.30,35.17,9.37
1771,554673890,"01771M02:08:51.031","01771 01:56:35",204.12,897.61,,,,"     ",5.30,35.38,9.43
1771,554673891,"01771M02:08:52.005","01771 01:56:36",204.08,897.58,,,,"     ",5.30,35.44,9.44
1771,554673892,"01771M02:08:52.978","01771 01:56:37",204.02,897.65,,,,"     ",5.30,35.32,9.40
1771,554673893,"01771M02:08:53.951","01771 01:56:38",203.95,897.63,,,,"     ",5.30,35.18,9.37
1771,554673894,"01771M02:08:54.924","01771 01:56:39",203.87,897.74,,,,"     ",5.30,35.31,9.40
1771,554673895,"01771M02:08:55.898","01771 01:56:40",203.78,897.65,,,,"     ",5.30,35.30,9.40
1771,554673896,"01771M02:08:56.871","01771 01:56:41",203.69,897.66,,,,"     ",5.30,35.15,9.36
1771,554673897,"01771M02:08:57.844","01771 01:56:42",203.60,897.57,,,,"     ",5.30,35.31,9.40
1771,554673898,"01771M02:08:58.817","01771 01:56:43",203.53,897.63,,,,"     ",5.30,35.38,9.42
1771,554673899,"01771M02:08:59.791","01771 01:56:44",203.47,897.59,,,,"     ",5.30,35.23,9.37
1771,554673900,"01771M02:09:00.764","01771 01:56:45",203.42,897.51,,,,"     ",5.30,35.22,9.37
1771,554673901,"01771M02:09:01.737","01771 01:56:46",203.40,897.57,,,,"     ",5.30,35.31,9.39
1771,554673902,"01771M02:09:02.710","01771 01:56:47",203.40,897.61,,,,"     ",5.30,35.22,9.37
1771,554673903,"01771M02:09:03.684","01771 01:56:48",203.41,897.59,,,,"     ",5.30,35.25,9.38
1771,554673904,"01771M02:09:04.657","01771 01:56:49",203.44,897.51,,,,"     ",5.30,35.22,9.37
1771,554673905,"01771M02:09:05.630","01771 01:56:50",203.48,897.59,,,,"     ",5.30,35.25,9.37
1771,554673906,"01771M02:09:06.603","01771 01:56:51",203.53,897.58,,,,"     ",5.30,35.13,9.34
1771,554673907,"01771M02:09:07.577","01771 01:56:52",203.58,897.55,,,,"     ",5.30,35.21,9.36
1771,554673908,"01771M02:09:08.550","01771 01:56:53",203.64,897.57,,,,"     ",5.30,35.21,9.36
1771,554673909,"01771M02:09:09.523","01771 01:56:54",203.68,897.64,,,,"     ",5.30,35.32,9.39
1771,554673910,"01771M02:09:10.496","01771 01:56:55",203.72,897.51,,,,"     ",5.30,35.21,9.36
1771,554673911,"01771M02:09:11.470","01771 01:56:56",203.75,897.52,,,,"     ",5.30,35.26,9.37
1771,554673912,"01771M02:09:12.443","01771 01:56:57",203.78,897.53,,,,"     ",5.30,35.09,9.32
1771,554673913,"01771M02:09:13.416","01771 01:56:58",203.79,897.51,,,,"     ",5.30,35.22,9.36
1771,554673914,"01771M02:09:14.389","01771 01:56:58",203.79,897.55,,,,"     ",5.30,35.26,9.37
1771,554673915,"01771M02:09:15.363","01771 01:56:59",203.78,897.43,,,,"     ",5.30,35.22,9.36
1771,554673916,"01771M02:09:16.336","01771 01:57:00",203.76,897.58,,,,"     ",5.30,35.25,9.37
1771,554673917,"01771M02:09:17.309","01771 01:57:01",203.73,897.59,,,,"     ",5.30,35.20,9.35
1771,554673918,"01771M02:09:18.282","01771 01:57:02",203.69,897.54,,,,"     ",5.30,35.26,9.37
1771,554673919,"01771M02:09:19.256","01771 01:57:03",203.64,897.54,,,,"     ",5.30,35.20,9.35
1771,554673920,"01771M02:09:20.229","01771 01:57:04",203.59,897.52,,,,"     ",5.30,35.21,9.36
1771,554673921,"01771M02:09:21.202","01771 01:57:05",203.54,897.57,,,,"     ",5.30,35.14,9.33
1771,554673922,"01771M02:09:22.175","01771 01:57:06",203.49,897.54,,,,"     ",5.30,35.08,9.32
1771,554673923,"01771M02:09:23.149","01771 01:57:07",203.45,897.59,,,,"     ",5.30,35.09,9.32
1771,554673924,"01771M02:09:24.122","01771 01:57:08",203.42,897.57,,,,"     ",5.30,35.01,9.30
1771,554673925,"01771M02:09:25.095","01771 01:57:09",203.41,897.54,,,,"     ",5.30,35.13,9.33
1771,554673926,"01771M02:09:26.068","01771 01:57:10",203.42,897.49,,,,"     ",5.30,35.12,9.33
1771,554673927,"01771M02:09:27.042","01771 01:57:11",203.44,897.59,,,,"     ",5.30,35.21,9.35
1771,554673928,"01771M02:09:28.015","01771 01:57:12",203.46,897.61,,,,"     ",5.30,35.19,9.35
1771,554673929,"01771M02:09:28.988","01771 01:57:13",203.49,897.57,,,,"     ",5.30,35.20,9.34
1771,554673930,"01771M02:09:29.961","01771 01:57:14",203.51,897.51,,,,"     ",5.30,35.16,9.33
1771,554673931,"01771M02:09:30.935","01771 01:57:15",203.52,897.62,,,,"     ",5.30,35.08,9.31
1771,554673932,"01771M02:09:31.908","01771 01:57:16",203.53,897.62,,,,"     ",5.30,35.27,9.36
1771,554673933,"01771M02:09:32.881","01771 01:57:17",203.53,897.64,,,,"     ",5.30,35.19,9.34
1771,554673934,"01771M02:09:33.854","01771 01:57:18",203.52,897.72,,,,"     ",5.30,35.16,9.33
1771,554673935,"01771M02:09:34.828","01771 01:57:19",203.51,897.65,,,,"     ",5.30,35.09,9.31
1771,554673936,"01771M02:09:35.801","01771 01:57:20",203.49,897.64,,,,"     ",5.30,35.13,9.32
1771,554673937,"01771M02:09:36.774","01771 01:57:21",203.48,897.59,,,,"     ",5.30,35.17,9.33
1771,554673938,"01771M02:09:37.747","01771 01:57:22",203.48,897.61,,,,"     ",5.30,35.13,9.32
1771,554673939,"01771M02:09:38.721","01771 01:57:23",203.49,897.64,,,,"     ",5.30,35.05,9.30
1771,554673940,"01771M02:09:39.694","01771 01:57:24",203.50,897.71,,,,"     ",5.30,35.24,9.35
1771,554673941,"01771M02:09:40.667","01771 01:57:25",203.52,897.63,,,,"     ",5.30,35.21,9.34
1771,554673942,"01771M02:09:41.640","01771 01:57:26",203.53,897.65,,,,"     ",5.30,35.19,9.33
1771,554673943,"01771M02:09:42.614","01771 01:57:27",203.54,897.62,,,,"     ",5.30,35.23,9.34
1771,554673944,"01771M02:09:43.587","01771 01:57:28",203.53,897.54,,,,"     ",5.30,35.25,9.35
1771,554673945,"01771M02:09:44.560","01771 01:57:29",203.53,897.61,,,,"     ",5.30,35.38,9.38
1771,554673946,"01771M02:09:45.533","01771 01:57:30",203.51,897.52,,,,"     ",5.30,35.34,9.37
1771,554673947,"01771M02:09:46.507","01771 01:57:31",203.49,897.56,,,,"     ",5.30,35.31,9.36
1771,554673948,"01771M02:09:47.480","01771 01:57:32",203.46,897.54,,,,"     ",5.30,35.27,9.34
1771,554673949,"01771M02:09:48.453","01771 01:57:33",203.43,897.57,,,,"     ",5.30,35.44,9.39
1771,554673950,"01771M02:09:49.426","01771 01:57:34",203.41,897.60,,,,"     ",5.30,35.40,9.38
1771,554673951,"01771M02:09:50.400","01771 01:57:35",203.39,897.65,,,,"     ",5.30,35.38,9.37
1771,554673952,"01771M02:09:51.373","01771 01:57:35",203.38,897.60,,,,"     ",5.30,35.48,9.39
1771,554673953,"01771M02:09:52.346","01771 01:57:36",203.37,897.51,,,,"     ",5.30,35.52,9.40
1771,554673954,"01771M02:09:53.319","01771 01:57:37",203.37,897.54,,,,"     ",5.30,35.56,9.41
1771,554673955,"01771M02:09:54.293","01771 01:57:38",203.37,897.47,,,,"     ",5.30,35.50,9.39
1771,554673956,"01771M02:09:55.266","01771 01:57:39",203.36,897.53,,,,"     ",5.30,35.49,9.39
1771,554673957,"01771M02:09:56.239","01771 01:57:40",203.35,897.63,,,,"     ",5.30,35.46,9.38
1771,554673958,"01771M02:09:57.213","01771 01:57:41",203.33,897.57,,,,"     ",5.30,35.47,9.38
1771,554673959,"01771M02:09:58.186","01771 01:57:42",203.32,897.55,,,,"     ",5.30,35.62,9.41
1771,554673960,"01771M02:09:59.159","01771 01:57:43",203.31,897.57,,,,"     ",5.30,35.71,9.44
1771,554673961,"01771M02:10:00.132","01771 01:57:44",203.31,897.60,,,,"     ",5.30,35.49,9.37
1771,554673962,"01771M02:10:01.106","01771 01:57:45",203.32,897.62,,,,"     ",5.30,35.60,9.40
1771,554673963,"01771M02:10:02.079","01771 01:57:46",203.34,897.61,,,,"     ",5.30,35.72,9.43
1771,554673964,"01771M02:10:03.052","01771 01:57:47",203.36,897.66,,,,"     ",5.30,35.55,9.38
1771,554673965,"01771M02:10:04.025","01771 01:57:48",203.39,897.68,,,,"     ",5.30,35.73,9.43
1771,554673966,"01771M02:10:04.999","01771 01:57:49",203.43,897.57,,,,"     ",5.30,35.69,9.42
1771,554673967,"01771M02:10:05.972","01771 01:57:50",203.46,897.61,,,,"     ",5.30,35.73,9.43
1771,554673968,"01771M02:10:06.945","01771 01:57:51",203.49,897.65,,,,"     ",5.30,35.72,9.42
1771,554673969,"01771M02:10:07.918","01771 01:57:52",203.50,897.58,,,,"     ",5.30,35.81,9.44
1771,554673970,"01771M02:10:08.892","01771 01:57:53",203.49,897.56,,,,"     ",5.30,35.77,9.43
1771,554673971,"01771M02:10:09.865","01771 01:57:54",203.47,897.59,,,,"     ",5.30,35.84,9.44
1771,554673972,"01771M02:10:10.838","01771 01:57:55",203.44,897.54,,,,"     ",5.30,35.81,9.43
1771,554673973,"01771M02:10:11.811","01771 01:57:56",203.41,897.60,,,,"     ",5.30,35.68,9.40
1771,554673974,"01771M02:10:12.785","01771 01:57:57",203.38,897.52,,,,"     ",5.30,35.96,9.47
1771,554673975,"01771M02:10:13.758","01771 01:57:58",203.37,897.60,,,,"     ",5.30,35.88,9.45
1771,554673976,"01771M02:10:14.731","01771 01:57:59",203.35,897.54,,,,"     ",5.30,35.79,9.42
1771,554673977,"01771M02:10:15.704","01771 01:58:00",203.34,897.64,,,,"     ",5.30,35.82,9.43
1771,554673978,"01771M02:10:16.678","01771 01:58:01",203.33,897.60,,,,"     ",5.30,35.89,9.44
1771,554673979,"01771M02:10:17.651","01771 01:58:02",203.32,897.65,,,,"     ",5.30,35.95,9.46
1771,554673980,"01771M02:10:18.624","01771 01:58:03",203.31,897.72,,,,"     ",5.30,35.79,9.42
1771,554673981,"01771M02:10:19.597","01771 01:58:04",203.31,897.56,,,,"     ",5.30,35.99,9.47
1771,554673982,"01771M02:10:20.571","01771 01:58:05",203.30,897.65,,,,"     ",5.30,35.81,9.41
1771,554673983,"01771M02:10:21.544","01771 01:58:06",203.29,897.69,,,,"     ",5.30,35.70,9.39
1771,554673984,"01771M02:10:22.517","01771 01:58:07",203.29,897.68,,,,"     ",5.30,35.87,9.43
1771,554673985,"01771M02:10:23.490","01771 01:58:08",203.29,897.73,,,,"     ",5.30,35.83,9.42
1771,554673986,"01771M02:10:24.464","01771 01:58:09",203.30,897.64,,,,"     ",5.30,35.87,9.43
1771,554673987,"01771M02:10:25.437","01771 01:58:10",203.32,897.68,,,,"     ",5.30,35.76,9.39
1771,554673988,"01771M02:10:26.410","01771 01:58:11",203.35,897.61,,,,"     ",5.30,35.93,9.44
1771,554673989,"01771M02:10:27.383","01771 01:58:11",203.39,897.61,,,,"     ",5.30,35.72,9.38
1771,554673990,"01771M02:10:28.357","01771 01:58:12",203.43,897.57,,,,"     ",5.30,35.69,9.37
1771,554673991,"01771M02:10:29.330","01771 01:58:13",203.48,897.55,,,,"     ",5.30,35.78,9.40
1771,554673992,"01771M02:10:30.303","01771 01:58:14",203.52,897.69,,,,"     ",5.30,35.76,9.39
1771,554673993,"01771M02:10:31.276","01771 01:58:15",203.55,897.56,,,,"     ",5.30,35.74,9.38
1771,554673994,"01771M02:10:32.250","01771 01:58:16",203.59,897.71,,,,"     ",5.30,35.65,9.36
1771,554673995,"01771M02:10:33.223","01771 01:58:17",203.62,897.68,,,,"     ",5.30,35.82,9.41
1771,554673996,"01771M02:10:34.196","01771 01:58:18",203.65,897.65,,,,"     ",5.30,35.82,9.41
1771,554673997,"01771M02:10:35.169","01771 01:58:19",203.68,897.50,,,,"     ",5.30,35.64,9.36
1771,554673998,"01771M02:10:36.143","01771 01:58:20",203.71,897.54,,,,"     ",5.30,35.65,9.36
1771,554673999,"01771M02:10:37.116","01771 01:58:21",203.74,897.68,,,,"     ",5.30,35.72,9.38
1771,554674000,"01771M02:10:38.089","01771 01:58:22",203.77,897.62,,,,"     ",5.30,35.79,9.40
1771,554674001,"01771M02:10:39.062","01771 01:58:23",203.80,897.66,,,,"     ",5.30,35.80,9.40
1771,554674002,"01771M02:10:40.036","01771 01:58:24",203.83,897.70,,,,"     ",5.30,35.88,9.43
1771,554674003,"01771M02:10:41.009","01771 01:58:25",203.86,897.63,,,,"     ",5.30,35.74,9.39
1771,554674004,"01771M02:10:41.982","01771 01:58:26",203.87,897.62,,,,"     ",5.30,35.70,9.37
1771,554674005,"01771M02:10:42.955","01771 01:58:27",203.89,897.64,,,,"     ",5.30,35.74,9.39
1771,554674006,"01771M02:10:43.929","01771 01:58:28",203.89,897.67,,,,"     ",5.30,35.82,9.41
1771,554674007,"01771M02:10:44.902","01771 01:58:29",203.89,897.71,,,,"     ",5.30,35.66,9.37
1771,554674008,"01771M02:10:45.875","01771 01:58:30",203.88,897.71,,,,"     ",5.30,35.86,9.42
1771,554674009,"01771M02:10:46.848","01771 01:58:31",203.86,897.63,,,,"     ",5.30,35.75,9.39
1771,554674010,"01771M02:10:47.822","01771 01:58:32",203.84,897.63,,,,"     ",5.30,35.93,9.44
1771,554674011,"01771M02:10:48.795","01771 01:58:33",203.83,897.61,,,,"     ",5.30,36.06,9.47
1771,554674012,"01771M02:10:49.768","01771 01:58:34",203.81,897.67,,,,"     ",5.30,35.96,9.44
1771,554674013,"01771M02:10:50.741","01771 01:58:35",203.79,897.64,,,,"     ",5.30,36.03,9.46
1771,554674014,"01771M02:10:51.715","01771 01:58:36",203.76,897.71,,,,"     ",5.30,35.99,9.45
1771,554674015,"01771M02:10:52.688","01771 01:58:37",203.74,897.64,,,,"     ",5.30,35.97,9.44
1771,554674016,"01771M02:10:53.661","01771 01:58:38",203.71,897.66,,,,"     ",5.30,36.28,9.52
1771,554674017,"01771M02:10:54.634","01771 01:58:39",203.68,897.71,,,,"     ",5.30,36.19,9.50
1771,554674018,"01771M02:10:55.608","01771 01:58:40",203.65,897.74,,,,"     ",5.30,36.19,9.50
1771,554674019,"01771M02:10:56.581","01771 01:58:41",203.61,897.64,,,,"     ",5.30,36.19,9.49
1771,554674020,"01771M02:10:57.554","01771 01:58:42",203.57,897.71,,,,"     ",5.30,36.12,9.47
1771,554674021,"01771M02:10:58.527","01771 01:58:43",203.53,897.55,,,,"     ",5.30,36.33,9.53
1771,554674022,"01771M02:10:59.501","01771 01:58:44",203.48,897.53,,,,"     ",5.30,36.28,9.51
1771,554674023,"01771M02:11:00.474","01771 01:58:45",203.44,897.61,,,,"     ",5.30,36.31,9.52
1771,554674024,"01771M02:11:01.447","01771 01:58:46",203.41,897.63,,,,"     ",5.30,36.27,9.50
1771,554674025,"01771M02:11:02.420","01771 01:58:47",203.58,897.65,,,,"     ",5.30,36.27,9.50
1771,554674026,"01771M02:11:03.394","01771 01:58:48",203.57,897.62,,,,"     ",5.30,36.30,9.51
1771,554674027,"01771M02:11:04.367","01771 01:58:48",203.56,897.62,,,,"     ",5.30,36.33,9.52
1771,554674028,"01771M02:11:05.340","01771 01:58:49",203.55,897.64,,,,"     ",5.30,36.37,9.52
1771,554674029,"01771M02:11:06.314","01771 01:58:50",203.90,897.72,,,,"     ",5.30,36.37,9.52
1771,554674030,"01771M02:11:07.287","01771 01:58:51",203.84,897.62,,,,"     ",5.30,36.40,9.53
1771,554674031,"01771M02:11:08.260","01771 01:58:52",203.79,897.61,,,,"     ",5.30,36.32,9.50
1771,554674032,"01771M02:11:09.233","01771 01:58:53",203.74,897.69,,,,"     ",5.30,36.46,9.54
1771,554674033,"01771M02:11:10.207","01771 01:58:54",203.70,897.63,,,,"     ",5.30,36.42,9.53
1771,554674034,"01771M02:11:11.180","01771 01:58:55",203.66,897.66,,,,"     ",5.30,36.50,9.55
1771,554674035,"01771M02:11:12.153","01771 01:58:56",203.63,897.55,,,,"     ",5.30,36.42,9.52
1771,554674036,"01771M02:11:13.126","01771 01:58:57",203.60,897.70,,,,"     ",5.30,36.50,9.54
1771,554674037,"01771M02:11:14.100","01771 01:58:58",203.58,897.64,,,,"     ",5.30,36.59,9.56
1771,554674038,"01771M02:11:15.073","01771 01:58:59",203.56,897.57,,,,"     ",5.30,36.63,9.57
1771,554674039,"01771M02:11:16.046","01771 01:59:00",203.55,897.67,,,,"     ",5.30,36.52,9.54
1771,554674040,"01771M02:11:17.019","01771 01:59:01",203.54,897.70,,,,"     ",5.30,36.57,9.55
1771,554674041,"01771M02:11:17.993","01771 01:59:02",203.54,897.67,,,,"     ",5.30,36.54,9.54
1771,554674042,"01771M02:11:18.966","01771 01:59:03",203.54,897.71,,,,"     ",5.30,36.54,9.54
1771,554674043,"01771M02:11:19.939","01771 01:59:04",203.55,897.68,,,,"     ",5.30,36.51,9.53
1771,554674044,"01771M02:11:20.912","01771 01:59:05",203.56,897.69,,,,"     ",5.30,36.49,9.53
1771,554674045,"01771M02:11:21.886","01771 01:59:06",203.58,897.63,,,,"     ",5.30,36.56,9.54
1771,554674046,"01771M02:11:22.859","01771 01:59:07",203.60,897.81,,,,"     ",5.30,36.50,9.53
1771,554674047,"01771M02:11:23.832","01771 01:59:08",203.64,897.73,,,,"     ",5.30,36.51,9.53
1771,554674048,"01771M02:11:24.805","01771 01:59:09",203.68,897.69,,,,"     ",5.30,36.48,9.52
1771,554674049,"01771M02:11:25.779","01771 01:59:10",203.73,897.77,,,,"     ",5.30,36.52,9.53
1771,554674050,"01771M02:11:26.752","01771 01:59:11",203.75,897.75,,,,"     ",5.30,36.54,9.53
1771,554674051,"01771M02:11:27.725","01771 01:59:12",203.76,897.83,,,,"     ",5.30,36.57,9.54
1771,554674052,"01771M02:11:28.698","01771 01:59:13",203.75,897.67,,,,"     ",5.30,36.51,9.52
1771,554674053,"01771M02:11:29.672","01771 01:59:14",203.74,897.69,,,,"     ",5.30,36.44,9.50
1771,554674054,"01771M02:11:30.645","01771 01:59:15",203.71,897.62,,,,"     ",5.30,36.51,9.52
1771,554674055,"01771M02:11:31.618","01771 01:59:16",203.68,897.65,,,,"     ",5.30,36.59,9.54
1771,554674056,"01771M02:11:32.591","01771 01:59:17",203.64,897.71,,,,"     ",5.30,36.54,9.53
1771,554674057,"01771M02:11:33.565","01771 01:59:18",203.59,897.71,,,,"     ",5.30,36.53,9.52
1771,554674058,"01771M02:11:34.538","01771 01:59:19",203.54,897.70,,,,"     ",5.30,36.40,9.49
1771,554674059,"01771M02:11:35.511","01771 01:59:20",203.48,897.72,,,,"     ",5.30,36.36,9.48
1771,554674060,"01771M02:11:36.484","01771 01:59:21",203.40,897.73,,,,"     ",5.30,36.43,9.49
1771,554674061,"01771M02:11:37.458","01771 01:59:22",203.33,897.65,,,,"     ",5.30,36.54,9.52
1771,554674062,"01771M02:11:38.431","01771 01:59:23",203.26,897.63,,,,"     ",5.30,36.36,9.47
1771,554674063,"01771M02:11:39.404","01771 01:59:24",203.30,897.69,,,,"     ",5.30,36.34,9.47
1771,554674064,"01771M02:11:40.377","01771 01:59:25",203.25,897.63,,,,"     ",5.30,36.24,9.44
1771,554674065,"01771M02:11:41.351","01771 01:59:25",203.21,897.67,,,,"     ",5.30,36.37,9.48
1771,554674066,"01771M02:11:42.324","01771 01:59:26",203.19,897.74,,,,"     ",5.30,36.53,9.52
1771,554674067,"01771M02:11:43.297","01771 01:59:27",203.17,897.64,,,,"     ",5.30,36.37,9.47
1771,554674068,"01771M02:11:44.270","01771 01:59:28",203.18,897.62,,,,"     ",5.30,36.37,9.47
1771,554674069,"01771M02:11:45.244","01771 01:59:29",203.19,897.65,,,,"     ",5.30,36.30,9.46
1771,554674070,"01771M02:11:46.217","01771 01:59:30",203.20,897.69,,,,"     ",5.30,36.27,9.45
1771,554674071,"01771M02:11:47.190","01771 01:59:31",203.23,897.66,,,,"     ",5.30,36.17,9.42
1771,554674072,"01771M02:11:48.163","01771 01:59:32",203.25,897.61,,,,"     ",5.30,36.29,9.46
1771,554674073,"01771M02:11:49.137","01771 01:59:33",203.23,897.69,,,,"     ",5.30,36.10,9.40
1771,554674074,"01771M02:11:50.110","01771 01:59:34",203.28,897.61,,,,"     ",5.30,36.27,9.45
1771,554674075,"01771M02:11:51.083","01771 01:59:35",203.32,897.60,,,,"     ",5.30,36.30,9.46
1771,554674076,"01771M02:11:52.056","01771 01:59:36",203.36,897.57,,,,"     ",5.30,36.11,9.40
1771,554674077,"01771M02:11:53.030","01771 01:59:37",203.39,897.52,,,,"     ",5.30,36.27,9.45
1771,554674078,"01771M02:11:54.003","01771 01:59:38",203.41,897.66,,,,"     ",5.30,36.25,9.44
1771,554674079,"01771M02:11:54.976","01771 01:59:39",203.42,897.63,,,,"     ",5.30,36.23,9.44
1771,554674080,"01771M02:11:55.949","01771 01:59:40",203.41,897.57,,,,"     ",5.30,36.29,9.45
1771,554674081,"01771M02:11:56.923","01771 01:59:41",203.40,897.63,,,,"     ",5.30,36.17,9.42
1771,554674082,"01771M02:11:57.896","01771 01:59:42",203.38,897.69,,,,"     ",5.30,35.91,9.35
1771,554674083,"01771M02:11:58.869","01771 01:59:43",203.36,897.62,,,,"     ",5.30,35.97,9.37
1771,554674084,"01771M02:11:59.842","01771 01:59:44",203.33,897.68,,,,"     ",5.30,36.00,9.38
1771,554674085,"01771M02:12:00.816","01771 01:59:45",203.31,897.70,,,,"     ",5.30,36.20,9.43
1771,554674086,"01771M02:12:01.789","01771 01:59:46",203.30,897.73,,,,"     ",5.30,35.92,9.36
1771,554674087,"01771M02:12:02.762","01771 01:59:47",203.36,897.66,,,,"     ",5.30,36.09,9.40
1771,554674088,"01771M02:12:03.735","01771 01:59:48",203.35,897.63,,,,"     ",5.30,36.08,9.40
1771,554674089,"01771M02:12:04.709","01771 01:59:49",203.36,897.64,,,,"     ",5.30,36.05,9.39
1771,554674090,"01771M02:12:05.682","01771 01:59:50",203.37,897.69,,,,"     ",5.30,36.00,9.38
1771,554674091,"01771M02:12:06.655","01771 01:59:51",203.31,897.70,,,,"     ",5.30,36.07,9.40
1771,554674092,"01771M02:12:07.628","01771 01:59:52",203.34,897.74,,,,"     ",5.30,36.11,9.41
1771,554674093,"01771M02:12:08.602","01771 01:59:53",203.38,897.83,,,,"     ",5.30,36.03,9.39
1771,554674094,"01771M02:12:09.575","01771 01:59:54",203.41,897.71,,,,"     ",5.30,35.87,9.35
1771,554674095,"01771M02:12:10.548","01771 01:59:55",203.43,897.69,,,,"     ",5.30,36.05,9.40
1771,554674096,"01771M02:12:11.521","01771 01:59:56",203.44,897.64,,,,"     ",5.30,35.87,9.35
1771,554674097,"01771M02:12:12.495","01771 01:59:57",203.44,897.62,,,,"     ",5.30,35.90,9.35
1771,554674098,"01771M02:12:13.468","01771 01:59:58",203.43,897.72,,,,"     ",5.30,35.92,9.36
1771,554674099,"01771M02:12:14.441","01771 01:59:59",203.42,897.65,,,,"     ",5.30,36.00,9.38
1771,554674100,"01771M02:12:15.414","01771 02:00:00",203.39,897.69,,,,"     ",5.30,35.92,9.36
1771,554674101,"01771M02:12:16.388","01771 02:00:01",203.37,897.75,,,,"     ",5.30,35.92,9.37
1771,554674102,"01771M02:12:17.361","01771 02:00:01",203.34,897.73,,,,"     ",5.30,35.81,9.34
1771,554674103,"01771M02:12:18.334","01771 02:00:02",203.30,897.64,,,,"     ",5.30,35.83,9.34
1771,554674104,"01771M02:12:19.308","01771 02:00:03",203.26,897.69,,,,"     ",5.30,35.88,9.35
1771,554674105,"01771M02:12:20.281","01771 02:00:04",203.21,897.65,,,,"     ",5.30,35.85,9.35
1771,554674106,"01771M02:12:21.254","01771 02:00:05",203.15,897.67,,,,"     ",5.30,35.84,9.35
1771,554674107,"01771M02:12:22.227","01771 02:00:06",203.16,897.68,,,,"     ",5.30,35.94,9.37
1771,554674108,"01771M02:12:23.201","01771 02:00:07",203.12,897.67,,,,"     ",5.30,35.75,9.32
1771,554674109,"01771M02:12:24.174","01771 02:00:08",203.09,897.72,,,,"     ",5.30,35.75,9.32
1771,554674110,"01771M02:12:25.147","01771 02:00:09",203.07,897.63,,,,"     ",5.30,35.79,9.33
1771,554674111,"01771M02:12:26.120","01771 02:00:10",203.05,897.63,,,,"     ",5.30,35.84,9.35
1771,554674112,"01771M02:12:27.094","01771 02:00:11",203.05,897.67,,,,"     ",5.30,35.91,9.37
1771,554674113,"01771M02:12:28.067","01771 02:00:12",203.05,897.63,,,,"     ",5.30,35.75,9.32
1771,554674114,"01771M02:12:29.040","01771 02:00:13",203.07,897.61,,,,"     ",5.30,35.72,9.31
1771,554674115,"01771M02:12:30.013","01771 02:00:14",203.09,897.56,,,,"     ",5.30,35.84,9.35
1771,554674116,"01771M02:12:30.987","01771 02:00:15",203.11,897.62,,,,"     ",5.30,35.67,9.30
1771,554674117,"01771M02:12:31.960","01771 02:00:16",203.13,897.65,,,,"     ",5.30,35.70,9.31
1771,554674118,"01771M02:12:32.933","01771 02:00:17",203.15,897.57,,,,"     ",5.30,35.79,9.34
1771,554674119,"01771M02:12:33.906","01771 02:00:18",203.17,897.59,,,,"     ",5.30,35.57,9.27
1771,554674120,"01771M02:12:34.880","01771 02:00:19",203.18,897.66,,,,"     ",5.30,35.87,9.35
1771,554674121,"01771M02:12:35.853","01771 02:00:20",203.19,897.69,,,,"     ",5.30,35.72,9.32
1771,554674122,"01771M02:12:36.826","01771 02:00:21",203.19,897.66,,,,"     ",5.30,35.73,9.32
1771,554674123,"01771M02:12:37.799","01771 02:00:22",203.18,897.83,,,,"     ",5.30,35.56,9.28
1771,554674124,"01771M02:12:38.773","01771 02:00:23",203.17,897.75,,,,"     ",5.30,35.68,9.30
1771,554674125,"01771M02:12:39.746","01771 02:00:24",203.17,897.72,,,,"     ",5.30,35.58,9.28
1771,554674126,"01771M02:12:40.719","01771 02:00:25",203.16,897.71,,,,"     ",5.30,35.69,9.31
1771,554674127,"01771M02:12:41.692","01771 02:00:26",203.16,897.74,,,,"     ",5.30,35.74,9.32
1771,554674128,"01771M02:12:42.666","01771 02:00:27",203.17,897.70,,,,"     ",5.30,35.64,9.29
1771,554674129,"01771M02:12:43.639","01771 02:00:28",203.17,897.69,,,,"     ",5.30,35.75,9.33
1771,554674130,"01771M02:12:44.612","01771 02:00:29",203.18,897.67,,,,"     ",5.30,35.72,9.32
1771,554674131,"01771M02:12:45.585","01771 02:00:30",203.18,897.71,,,,"     ",5.30,35.72,9.32
1771,554674132,"01771M02:12:46.559","01771 02:00:31",203.18,897.63,,,,"     ",5.30,35.73,9.32
1771,554674133,"01771M02:12:47.532","01771 02:00:32",203.17,897.69,,,,"     ",5.30,35.55,9.27
1771,554674134,"01771M02:12:48.505","01771 02:00:33",203.15,897.72,,,,"     ",5.30,35.76,9.33
1771,554674135,"01771M02:12:49.478","01771 02:00:34",203.13,897.78,,,,"     ",5.30,35.64,9.30
1771,554674136,"01771M02:12:50.452","01771 02:00:35",203.11,897.77,,,,"     ",5.30,35.59,9.28
1771,554674137,"01771M02:12:51.425","01771 02:00:36",203.09,897.80,,,,"     ",5.30,35.59,9.28
1771,554674138,"01771M02:12:52.398","01771 02:00:37",203.06,897.75,,,,"     ",5.30,35.67,9.30
1771,554674139,"01771M02:12:53.371","01771 02:00:38",203.04,897.71,,,,"     ",5.30,35.78,9.33
1771,554674140,"01771M02:12:54.345","01771 02:00:38",203.02,897.72,,,,"     ",5.30,35.64,9.30
1771,554674141,"01771M02:12:55.318","01771 02:00:39",203.00,897.68,,,,"     ",5.30,35.67,9.31
1771,554674142,"01771M02:12:56.291","01771 02:00:40",202.98,897.73,,,,"     ",5.30,35.56,9.27
1771,554674143,"01771M02:12:57.264","01771 02:00:41",202.96,897.71,,,,"     ",5.30,35.59,9.28
1771,554674144,"01771M02:12:58.238","01771 02:00:42",202.94,897.73,,,,"     ",5.30,35.57,9.28
1771,554674145,"01771M02:12:59.211","01771 02:00:43",202.92,897.75,,,,"     ",5.30,35.61,9.29
1771,554674146,"01771M02:13:00.184","01771 02:00:44",202.89,897.73,,,,"     ",5.30,35.52,9.26
1771,554674147,"01771M02:13:01.157","01771 02:00:45",202.88,897.81,,,,"     ",5.30,35.57,9.27
1771,554674148,"01771M02:13:02.131","01771 02:00:46",202.87,897.83,,,,"     ",5.30,35.64,9.29
1771,554674149,"01771M02:13:03.104","01771 02:00:47",202.87,897.74,,,,"     ",5.30,35.63,9.29
1771,554674150,"01771M02:13:04.077","01771 02:00:48",202.87,897.69,,,,"     ",5.30,35.54,9.27
1771,554674151,"01771M02:13:05.050","01771 02:00:49",202.88,897.72,,,,"     ",5.30,35.53,9.26
1771,554674152,"01771M02:13:06.024","01771 02:00:50",202.90,897.70,,,,"     ",5.30,35.72,9.31
1771,554674153,"01771M02:13:06.997","01771 02:00:51",202.91,897.65,,,,"     ",5.30,35.49,9.25
1771,554674154,"01771M02:13:07.970","01771 02:00:52",202.93,897.71,,,,"     ",5.30,35.51,9.26
1771,554674155,"01771M02:13:08.943","01771 02:00:53",202.95,897.73,,,,"     ",5.30,35.47,9.24
1771,554674156,"01771M02:13:09.917","01771 02:00:54",202.97,897.71,,,,"     ",5.30,35.60,9.28
1771,554674157,"01771M02:13:10.890","01771 02:00:55",202.99,897.77,,,,"     ",5.30,35.46,9.25
1771,554674158,"01771M02:13:11.863","01771 02:00:56",203.02,897.71,,,,"     ",5.30,35.55,9.27
1771,554674159,"01771M02:13:12.836","01771 02:00:57",203.04,897.71,,,,"     ",5.30,35.59,9.28
1771,554674160,"01771M02:13:13.810","01771 02:00:58",203.07,897.64,,,,"     ",5.30,35.67,9.30
1771,554674161,"01771M02:13:14.783","01771 02:00:59",203.08,897.67,,,,"     ",5.30,35.71,9.31
1771,554674162,"01771M02:13:15.756","01771 02:01:00",203.10,897.74,,,,"     ",5.30,35.59,9.28
1771,554674163,"01771M02:13:16.729","01771 02:01:01",203.11,897.72,,,,"     ",5.30,35.51,9.26
1771,554674164,"01771M02:13:17.703","01771 02:01:02",203.11,897.69,,,,"     ",5.30,35.57,9.27
1771,554674165,"01771M02:13:18.676","01771 02:01:03",203.12,897.71,,,,"     ",5.30,35.61,9.28
1771,554674166,"01771M02:13:19.649","01771 02:01:04",203.11,897.81,,,,"     ",5.30,35.46,9.24
1771,554674167,"01771M02:13:20.622","01771 02:01:05",203.10,897.73,,,,"     ",5.30,35.53,9.26
1771,554674168,"01771M02:13:21.596","01771 02:01:06",203.08,897.72,,,,"     ",5.30,35.49,9.25
1771,554674169,"01771M02:13:22.569","01771 02:01:07",203.06,897.70,,,,"     ",5.30,35.61,9.28
1771,554674170,"01771M02:13:23.542","01771 02:01:08",203.03,897.59,,,,"     ",5.30,35.42,9.23
1771,554674171,"01771M02:13:24.515","01771 02:01:09",203.01,897.64,,,,"     ",5.30,35.63,9.28
1771,554674172,"01771M02:13:25.489","01771 02:01:10",202.99,897.74,,,,"     ",5.30,35.60,9.28
1771,554674173,"01771M02:13:26.462","01771 02:01:11",202.98,897.74,,,,"     ",5.30,35.53,9.26
1771,554674174,"01771M02:13:27.435","01771 02:01:12",202.98,897.75,,,,"     ",5.30,35.41,9.23
1771,554674175,"01771M02:13:28.409","01771 02:01:13",202.99,897.74,,,,"     ",5.30,35.42,9.23
1771,554674176,"01771M02:13:29.382","01771 02:01:14",203.00,897.80,,,,"     ",5.30,35.49,9.25
1771,554674177,"01771M02:13:30.355","01771 02:01:15",203.01,897.75,,,,"     ",5.30,35.45,9.24
1771,554674178,"01771M02:13:31.328","01771 02:01:15",203.02,897.72,,,,"     ",5.30,35.30,9.20
1771,554674179,"01771M02:13:32.302","01771 02:01:16",203.03,897.70,,,,"     ",5.30,35.51,9.25
1771,554674180,"01771M02:13:33.275","01771 02:01:17",203.02,897.63,,,,"     ",5.30,35.56,9.27
1771,554674181,"01771M02:13:34.248","01771 02:01:18",203.00,897.69,,,,"     ",5.30,35.35,9.21
1771,554674182,"01771M02:13:35.221","01771 02:01:19",202.98,897.81,,,,"     ",5.30,35.45,9.24
1771,554674183,"01771M02:13:36.195","01771 02:01:20",202.97,897.76,,,,"     ",5.30,35.48,9.25
1771,554674184,"01771M02:13:37.168","01771 02:01:21",202.96,897.70,,,,"     ",5.30,35.50,9.25
1771,554674185,"01771M02:13:38.141","01771 02:01:22",202.95,897.72,,,,"     ",5.30,35.45,9.24
1771,554674186,"01771M02:13:39.114","01771 02:01:23",202.95,897.72,,,,"     ",5.30,35.54,9.26
1771,554674187,"01771M02:13:40.088","01771 02:01:24",202.94,897.77,,,,"     ",5.30,35.42,9.23
1771,554674188,"01771M02:13:41.061","01771 02:01:25",202.93,897.82,,,,"     ",5.30,35.39,9.23
1771,554674189,"01771M02:13:42.034","01771 02:01:26",202.91,897.78,,,,"     ",5.30,35.38,9.22
1771,554674190,"01771M02:13:43.007","01771 02:01:27",202.88,897.78,,,,"     ",5.30,35.30,9.20
1771,554674191,"01771M02:13:43.981","01771 02:01:28",202.85,897.80,,,,"     ",5.30,35.27,9.19
1771,554674192,"01771M02:13:44.954","01771 02:01:29",202.81,897.64,,,,"     ",5.30,35.41,9.23
1771,554674193,"01771M02:13:45.927","01771 02:01:30",202.78,897.71,,,,"     ",5.30,35.38,9.22
1771,554674194,"01771M02:13:46.900","01771 02:01:31",202.75,897.72,,,,"     ",5.30,35.33,9.21
1771,554674195,"01771M02:13:47.874","01771 02:01:32",202.73,897.59,,,,"     ",5.30,35.22,9.18
1771,554674196,"01771M02:13:48.847","01771 02:01:33",202.71,897.67,,,,"     ",5.30,35.25,9.19
1771,554674197,"01771M02:13:49.820","01771 02:01:34",202.70,897.61,,,,"     ",5.30,35.19,9.17
1771,554674198,"01771M02:13:50.793","01771 02:01:35",202.70,897.61,,,,"     ",5.30,35.20,9.17
1771,554674199,"01771M02:13:51.767","01771 02:01:36",202.71,897.53,,,,"     ",5.30,35.23,9.18
1771,554674200,"01771M02:13:52.740","01771 02:01:37",202.74,897.57,,,,"     ",5.30,35.17,9.17
1771,554674201,"01771M02:13:53.713","01771 02:01:38",202.76,897.57,,,,"     ",5.30,35.31,9.21
1771,554674202,"01771M02:13:54.686","01771 02:01:39",202.80,897.65,,,,"     ",5.30,35.15,9.16
1771,554674203,"01771M02:13:55.660","01771 02:01:40",202.83,897.73,,,,"     ",5.30,35.35,9.22
1771,554674204,"01771M02:13:56.633","01771 02:01:41",202.86,897.75,,,,"     ",5.30,35.23,9.18
1771,554674205,"01771M02:13:57.606","01771 02:01:42",202.88,897.66,,,,"     ",5.30,35.26,9.19
1771,554674206,"01771M02:13:58.579","01771 02:01:43",202.91,897.77,,,,"     ",5.30,35.17,9.17
1771,554674207,"01771M02:13:59.553","01771 02:01:44",202.93,897.69,,,,"     ",5.30,35.24,9.19
1771,554674208,"01771M02:14:00.526","01771 02:01:45",202.94,897.71,,,,"     ",5.30,35.19,9.18
1771,554674209,"01771M02:14:01.499","01771 02:01:46",202.94,897.70,,,,"     ",5.30,35.21,9.18
1771,554674210,"01771M02:14:02.472","01771 02:01:47",202.93,897.75,,,,"     ",5.30,35.08,9.15
1771,554674211,"01771M02:14:03.446","01771 02:01:48",202.92,897.73,,,,"     ",5.30,35.19,9.18
1771,554674212,"01771M02:14:04.419","01771 02:01:49",202.90,897.71,,,,"     ",5.30,35.19,9.18
1771,554674213,"01771M02:14:05.392","01771 02:01:50",202.88,897.61,,,,"     ",5.30,35.14,9.16
1771,554674214,"01771M02:14:06.365","01771 02:01:51",202.85,897.61,,,,"     ",5.30,35.15,9.17
1771,554674215,"01771M02:14:07.339","01771 02:01:52",202.74,897.60,,,,"     ",5.30,35.17,9.17
1771,554674216,"01771M02:14:08.312","01771 02:01:52",202.72,897.52,,,,"     ",5.30,35.11,9.16
1771,554674217,"01771M02:14:09.285","01771 02:01:53",202.69,897.58,,,,"     ",5.30,35.14,9.17
1771,554674218,"01771M02:14:10.258","01771 02:01:54",202.65,897.63,,,,"     ",5.30,35.20,9.18
1771,554674219,"01771M02:14:11.232","01771 02:01:55",202.61,897.73,,,,"     ",5.30,35.01,9.14
1771,554674220,"01771M02:14:12.205","01771 02:01:56",202.57,897.79,,,,"     ",5.30,35.11,9.17
1771,554674221,"01771M02:14:13.178","01771 02:01:57",202.54,897.71,,,,"     ",5.30,35.08,9.15
1771,554674222,"01771M02:14:14.151","01771 02:01:58",202.51,897.76,,,,"     ",5.30,35.13,9.17
1771,554674223,"01771M02:14:15.125","01771 02:01:59",202.49,897.71,,,,"     ",5.30,34.90,9.10
1771,554674224,"01771M02:14:16.098","01771 02:02:00",202.47,897.78,,,,"     ",5.30,34.85,9.09
1771,554674225,"01771M02:14:17.071","01771 02:02:01",202.45,897.64,,,,"     ",5.30,34.94,9.12
1771,554674226,"01771M02:14:18.044","01771 02:02:02",202.45,897.71,,,,"     ",5.30,34.91,9.11
1771,554674227,"01771M02:14:19.018","01771 02:02:03",202.46,897.64,,,,"     ",5.30,34.93,9.11
1771,554674228,"01771M02:14:19.991","01771 02:02:04",202.48,897.65,,,,"     ",5.30,34.95,9.12
1771,554674229,"01771M02:14:20.964","01771 02:02:05",202.52,897.55,,,,"     ",5.30,34.88,9.10
1771,554674230,"01771M02:14:21.937","01771 02:02:06",202.74,897.62,,,,"     ",5.30,35.00,9.14
1771,554674231,"01771M02:14:22.911","01771 02:02:07",202.79,897.66,,,,"     ",5.30,34.87,9.10
1771,554674232,"01771M02:14:23.884","01771 02:02:08",202.84,897.70,,,,"     ",5.30,34.97,9.13
1771,554674233,"01771M02:14:24.857","01771 02:02:09",202.88,897.82,,,,"     ",5.30,34.93,9.12
1771,554674234,"01771M02:14:25.830","01771 02:02:10",202.91,897.81,,,,"     ",5.30,34.83,9.09
1771,554674235,"01771M02:14:26.804","01771 02:02:11",202.93,897.84,,,,"     ",5.30,34.66,9.05
1771,554674236,"01771M02:14:27.777","01771 02:02:12",202.94,897.74,,,,"     ",5.30,34.89,9.11
1771,554674237,"01771M02:14:28.750","01771 02:02:13",202.94,897.74,,,,"     ",5.30,34.85,9.10
1771,554674238,"01771M02:14:29.723","01771 02:02:14",202.93,897.73,,,,"     ",5.30,34.83,9.10
1771,554674239,"01771M02:14:30.697","01771 02:02:15",202.92,897.79,,,,"     ",5.30,34.70,9.06
1771,554674240,"01771M02:14:31.670","01771 02:02:16",202.90,897.66,,,,"     ",5.30,34.86,9.10
1771,554674241,"01771M02:14:32.643","01771 02:02:17",202.88,897.68,,,,"     ",5.30,34.71,9.07
1771,554674242,"01771M02:14:33.616","01771 02:02:18",202.87,897.73,,,,"     ",5.30,34.60,9.04
1771,554674243,"01771M02:14:34.590","01771 02:02:19",202.85,897.65,,,,"     ",5.30,34.70,9.06
1771,554674244,"01771M02:14:35.563","01771 02:02:20",202.84,897.71,,,,"     ",5.30,34.75,9.08
1771,554674245,"01771M02:14:36.536","01771 02:02:21",202.68,897.58,,,,"     ",5.30,34.77,9.09
1771,554674246,"01771M02:14:37.510","01771 02:02:22",202.67,897.62,,,,"     ",5.30,34.79,9.09
1771,554674247,"01771M02:14:38.483","01771 02:02:23",202.67,897.71,,,,"     ",5.30,34.58,9.04
1771,554674248,"01771M02:14:39.456","01771 02:02:24",202.66,897.75,,,,"     ",5.30,34.64,9.05
1771,554674249,"01771M02:14:40.429","01771 02:02:25",202.66,897.69,,,,"     ",5.30,34.57,9.03
1771,554674250,"01771M02:14:41.403","01771 02:02:26",202.67,897.78,,,,"     ",5.30,34.61,9.05
1771,554674251,"01771M02:14:42.376","01771 02:02:27",202.68,897.77,,,,"     ",5.30,34.50,9.02
1771,554674252,"01771M02:14:43.349","01771 02:02:28",202.69,897.76,,,,"     ",5.30,34.76,9.09
1771,554674253,"01771M02:14:44.322","01771 02:02:28",202.71,897.79,,,,"     ",5.30,34.60,9.04
1771,554674254,"01771M02:14:45.296","01771 02:02:29",202.72,897.80,,,,"     ",5.30,34.60,9.05
1771,554674255,"01771M02:14:46.269","01771 02:02:30",202.73,897.68,,,,"     ",5.30,34.68,9.07
1771,554674256,"01771M02:14:47.242","01771 02:02:31",202.73,897.76,,,,"     ",5.30,34.46,9.01
1771,554674257,"01771M02:14:48.215","01771 02:02:32",202.71,897.66,,,,"     ",5.30,34.50,9.02
1771,554674258,"01771M02:14:49.189","01771 02:02:33",202.69,897.68,,,,"     ",5.30,34.63,9.06
1771,554674259,"01771M02:14:50.162","01771 02:02:34",202.66,897.71,,,,"     ",5.30,34.69,9.07
1771,554674260,"01771M02:14:51.135","01771 02:02:35",202.62,897.72,,,,"     ",5.30,34.47,9.01
1771,554674261,"01771M02:14:52.108","01771 02:02:36",202.58,897.74,,,,"     ",5.30,34.49,9.02
1771,554674262,"01771M02:14:53.082","01771 02:02:37",202.54,897.82,,,,"     ",5.30,34.47,9.01
1771,554674263,"01771M02:14:54.055","01771 02:02:38",202.52,897.74,,,,"     ",5.30,34.59,9.05
1771,554674264,"01771M02:14:55.028","01771 02:02:39",202.51,897.71,,,,"     ",5.30,34.49,9.02
1771,554674265,"01771M02:14:56.001","01771 02:02:40",202.52,897.74,,,,"     ",5.30,34.62,9.05
1771,554674266,"01771M02:14:56.975","01771 02:02:41",202.53,897.75,,,,"     ",5.30,34.47,9.02
1771,554674267,"01771M02:14:57.948","01771 02:02:42",202.55,897.64,,,,"     ",5.30,34.44,9.00
1771,554674268,"01771M02:14:58.921","01771 02:02:43",202.58,897.63,,,,"     ",5.30,34.49,9.02
1771,554674269,"01771M02:14:59.894","01771 02:02:44",202.61,897.68,,,,"     ",5.30,34.62,9.06
1771,554674270,"01771M02:15:00.868","01771 02:02:45",202.65,897.71,,,,"     ",5.30,34.55,9.04
1771,554674271,"01771M02:15:01.841","01771 02:02:46",202.68,897.67,,,,"     ",5.30,34.43,9.01
1771,554674272,"01771M02:15:02.814","01771 02:02:47",202.71,897.77,,,,"     ",5.30,34.49,9.02
1771,554674273,"01771M02:15:03.787","01771 02:02:48",202.74,897.68,,,,"     ",5.30,34.57,9.04
1771,554674274,"01771M02:15:04.761","01771 02:02:49",202.78,897.77,,,,"     ",5.30,34.42,9.00
1771,554674275,"01771M02:15:05.734","01771 02:02:50",202.82,897.71,,,,"     ",5.30,34.42,9.01
1771,554674276,"01771M02:15:06.707","01771 02:02:51",202.85,897.71,,,,"     ",5.30,34.42,9.00
1771,554674277,"01771M02:15:07.680","01771 02:02:52",202.88,897.68,,,,"     ",5.30,34.48,9.02
1771,554674278,"01771M02:15:08.654","01771 02:02:53",202.91,897.66,,,,"     ",5.30,34.54,9.03
1771,554674279,"01771M02:15:09.627","01771 02:02:54",202.93,897.72,,,,"     ",5.30,34.52,9.03
1771,554674280,"01771M02:15:10.600","01771 02:02:55",202.94,897.67,,,,"     ",5.30,34.49,9.02
1771,554674281,"01771M02:15:11.573","01771 02:02:56",202.94,897.67,,,,"     ",5.30,34.45,9.01
1771,554674282,"01771M02:15:12.547","01771 02:02:57",203.03,897.80,,,,"     ",5.30,34.39,8.99
1771,554674283,"01771M02:15:13.520","01771 02:02:58",203.04,897.77,,,,"     ",5.30,34.54,9.03
1771,554674284,"01771M02:15:14.493","01771 02:02:59",203.04,897.71,,,,"     ",5.30,34.61,9.05
1771,554674285,"01771M02:15:15.466","01771 02:03:00",203.04,897.75,,,,"     ",5.30,34.44,9.01
1771,554674286,"01771M02:15:16.440","01771 02:03:01",203.05,897.70,,,,"     ",5.30,34.51,9.02
1771,554674287,"01771M02:15:17.413","01771 02:03:02",203.06,897.70,,,,"     ",5.30,34.54,9.04
1771,554674288,"01771M02:15:18.386","01771 02:03:03",203.07,897.70,,,,"     ",5.30,34.54,9.04
1771,554674289,"01771M02:15:19.359","01771 02:03:04",203.08,897.70,,,,"     ",5.30,34.47,9.02
1771,554674290,"01771M02:15:20.333","01771 02:03:05",203.09,897.76,,,,"     ",5.30,34.54,9.04
1771,554674291,"01771M02:15:21.306","01771 02:03:05",203.05,897.72,,,,"     ",5.30,34.47,9.01
1771,554674292,"01771M02:15:22.279","01771 02:03:06",203.08,897.82,,,,"     ",5.30,34.46,9.01
1771,554674293,"01771M02:15:23.252","01771 02:03:07",203.11,897.77,,,,"     ",5.30,34.43,9.00
1771,554674294,"01771M02:15:24.226","01771 02:03:08",203.14,897.72,,,,"     ",5.30,34.43,9.01
1771,554674295,"01771M02:15:25.199","01771 02:03:09",203.08,897.72,,,,"     ",5.30,34.56,9.04
1771,554674296,"01771M02:15:26.172","01771 02:03:10",203.07,897.86,,,,"     ",5.30,34.52,9.03
1771,554674297,"01771M02:15:27.145","01771 02:03:11",203.07,897.83,,,,"     ",5.30,34.54,9.04
1771,554674298,"01771M02:15:28.119","01771 02:03:12",203.06,897.88,,,,"     ",5.30,34.45,9.01
1771,554674299,"01771M02:15:29.092","01771 02:03:13",203.06,897.83,,,,"     ",5.30,34.40,9.00
1771,554674300,"01771M02:15:30.065","01771 02:03:14",203.07,897.87,,,,"     ",5.30,34.48,9.02
1771,554674301,"01771M02:15:31.038","01771 02:03:15",203.07,897.85,,,,"     ",5.30,34.53,9.03
1771,554674302,"01771M02:15:32.012","01771 02:03:16",203.08,897.81,,,,"     ",5.30,34.46,9.01
1771,554674303,"01771M02:15:32.985","01771 02:03:17",203.08,897.83,,,,"     ",5.30,34.42,9.01
1771,554674304,"01771M02:15:33.958","01771 02:03:18",203.08,897.78,,,,"     ",5.30,34.35,8.99
1771,554674305,"01771M02:15:34.931","01771 02:03:19",203.08,897.75,,,,"     ",5.30,34.26,8.96
1771,554674306,"01771M02:15:35.905","01771 02:03:20",203.08,897.71,,,,"     ",5.30,34.41,9.00
1771,554674307,"01771M02:15:36.878","01771 02:03:21",203.08,897.70,,,,"     ",5.30,34.44,9.01
1771,554674308,"01771M02:15:37.851","01771 02:03:22",203.08,897.67,,,,"     ",5.30,34.46,9.02
1771,554674309,"01771M02:15:38.824","01771 02:03:23",203.08,897.68,,,,"     ",5.30,34.45,9.01
1771,554674310,"01771M02:15:39.798","01771 02:03:24",203.08,897.72,,,,"     ",5.30,34.43,9.01
1771,554674311,"01771M02:15:40.771","01771 02:03:25",203.07,897.64,,,,"     ",5.30,34.29,8.97
1771,554674312,"01771M02:15:41.744","01771 02:03:26",203.07,897.72,,,,"     ",5.30,34.24,8.96
1771,554674313,"01771M02:15:42.717","01771 02:03:27",203.05,897.64,,,,"     ",5.30,34.29,8.97
1771,554674314,"01771M02:15:43.691","01771 02:03:28",203.03,897.61,,,,"     ",5.30,34.37,8.99
1771,554674315,"01771M02:15:44.664","01771 02:03:29",203.00,897.63,,,,"     ",5.30,34.38,8.99
1771,554674316,"01771M02:15:45.637","01771 02:03:30",202.97,897.69,,,,"     ",5.30,34.27,8.96
1771,554674317,"01771M02:15:46.611","01771 02:03:31",202.91,897.70,,,,"     ",5.30,34.35,8.99
1771,554674318,"01771M02:15:47.584","01771 02:03:32",202.93,897.74,,,,"     ",5.30,34.37,8.99
1771,554674319,"01771M02:15:48.557","01771 02:03:33",202.86,897.83,,,,"     ",5.30,34.36,8.99
1771,554674320,"01771M02:15:49.530","01771 02:03:34",202.82,897.84,,,,"     ",5.30,34.27,8.97
1771,554674321,"01771M02:15:50.504","01771 02:03:35",202.79,897.78,,,,"     ",5.30,34.22,8.96
1771,554674322,"01771M02:15:51.477","01771 02:03:36",202.76,897.82,,,,"     ",5.30,34.30,8.98
1771,554674323,"01771M02:15:52.450","01771 02:03:37",202.75,897.79,,,,"     ",5.30,34.14,8.93
1771,554674324,"01771M02:15:53.423","01771 02:03:38",202.74,897.79,,,,"     ",5.30,34.30,8.98
1771,554674325,"01771M02:15:54.397","01771 02:03:39",202.75,897.79,,,,"     ",5.30,34.15,8.94
1771,554674326,"01771M02:15:55.370","01771 02:03:40",202.75,897.77,,,,"     ",5.30,34.02,8.91
1771,554674327,"01771M02:15:56.343","01771 02:03:41",202.77,897.87,,,,"     ",5.30,34.18,8.95
1771,554674328,"01771M02:15:57.316","01771 02:03:42",202.80,897.76,,,,"     ",5.30,33.96,8.89
1771,554674329,"01771M02:15:58.290","01771 02:03:42",202.83,897.67,,,,"     ",5.30,34.19,8.95
1771,554674330,"01771M02:15:59.263","01771 02:03:43",202.88,897.73,,,,"     ",5.30,34.18,8.95
1771,554674331,"01771M02:16:00.236","01771 02:03:44",202.92,897.74,,,,"     ",5.30,34.15,8.94
1771,554674332,"01771M02:16:01.209","01771 02:03:45",202.84,897.78,,,,"     ",5.30,34.23,8.97
1771,554674333,"01771M02:16:02.183","01771 02:03:46",202.88,897.80,,,,"     ",5.30,34.17,8.95
1771,554674334,"01771M02:16:03.156","01771 02:03:47",202.92,897.69,,,,"     ",5.30,34.19,8.96
1771,554674335,"01771M02:16:04.129","01771 02:03:48",202.98,897.75,,,,"     ",5.30,34.27,8.98
1771,554674336,"01771M02:16:05.102","01771 02:03:49",203.03,897.84,,,,"     ",5.30,34.18,8.95
1771,554674337,"01771M02:16:06.076","01771 02:03:50",201.58,897.77,,,,"     ",5.30,34.27,8.98
1771,554674338,"01771M02:16:07.049","01771 02:03:51",201.76,897.79,,,,"     ",5.30,34.22,8.96
1771,554674339,"01771M02:16:08.022","01771 02:03:52",201.92,897.78,,,,"     ",5.30,34.06,8.92
1771,554674340,"01771M02:16:08.995","01771 02:03:53",202.07,897.81,,,,"     ",5.30,34.07,8.92
1771,554674341,"01771M02:16:09.969","01771 02:03:54",202.20,897.74,,,,"     ",5.30,34.15,8.94
1771,554674342,"01771M02:16:10.942","01771 02:03:55",202.32,897.71,,,,"     ",5.30,34.12,8.94
1771,554674343,"01771M02:16:11.915","01771 02:03:56",202.43,897.70,,,,"     ",5.30,34.22,8.96
1771,554674344,"01771M02:16:12.888","01771 02:03:57",202.53,897.76,,,,"     ",5.30,34.07,8.93
1771,554674345,"01771M02:16:13.862","01771 02:03:58",202.61,897.74,,,,"     ",5.30,34.06,8.92
1771,554674346,"01771M02:16:14.835","01771 02:03:59",202.68,897.76,,,,"     ",5.30,34.25,8.97
1771,554674347,"01771M02:16:15.808","01771 02:04:00",202.74,897.77,,,,"     ",5.30,34.18,8.95
1771,554674348,"01771M02:16:16.781","01771 02:04:01",202.78,897.85,,,,"     ",5.30,34.09,8.93
1771,554674349,"01771M02:16:17.755","01771 02:04:02",202.82,897.82,,,,"     ",5.30,34.14,8.94
1771,554674350,"01771M02:16:18.728","01771 02:04:03",202.83,897.87,,,,"     ",5.30,34.10,8.93
1771,554674351,"01771M02:16:19.701","01771 02:04:04",202.83,897.88,,,,"     ",5.30,34.14,8.94
1771,554674352,"01771M02:16:20.674","01771 02:04:05",202.81,897.85,,,,"     ",5.30,34.01,8.91
1771,554674353,"01771M02:16:21.648","01771 02:04:06",202.78,897.84,,,,"     ",5.30,34.11,8.93
1771,554674354,"01771M02:16:22.621","01771 02:04:07",202.77,897.72,,,,"     ",5.30,34.19,8.96
1771,554674355,"01771M02:16:23.594","01771 02:04:08",202.76,897.70,,,,"     ",5.30,33.99,8.90
1771,554674356,"01771M02:16:24.567","01771 02:04:09",202.76,897.73,,,,"     ",5.30,34.03,8.91
1771,554674357,"01771M02:16:25.541","01771 02:04:10",202.74,897.74,,,,"     ",5.30,34.05,8.92
1771,554674358,"01771M02:16:26.514","01771 02:04:11",202.72,897.77,,,,"     ",5.30,34.11,8.94
1771,554674359,"01771M02:16:27.487","01771 02:04:12",202.68,897.78,,,,"     ",5.30,34.11,8.93
1771,554674360,"01771M02:16:28.460","01771 02:04:13",202.64,897.70,,,,"     ",5.30,33.99,8.91
1771,554674361,"01771M02:16:29.434","01771 02:04:14",202.60,897.67,,,,"     ",5.30,34.02,8.91
1771,554674362,"01771M02:16:30.407","01771 02:04:15",202.58,897.81,,,,"     ",5.30,34.08,8.93
1771,554674363,"01771M02:16:31.380","01771 02:04:16",202.57,897.77,,,,"     ",5.30,34.12,8.94
1771,554674364,"01771M02:16:32.353","01771 02:04:17",202.57,897.88,,,,"     ",5.30,34.01,8.91
1771,554674365,"01771M02:16:33.327","01771 02:04:18",202.58,897.90,,,,"     ",5.30,34.24,8.97
1771,554674366,"01771M02:16:34.300","01771 02:04:18",202.59,897.88,,,,"     ",5.30,34.06,8.93
1771,554674367,"01771M02:16:35.273","01771 02:04:19",202.59,897.86,,,,"     ",5.30,34.04,8.92
1771,554674368,"01771M02:16:36.246","01771 02:04:20",202.58,897.74,,,,"     ",5.30,33.98,8.90
1771,554674369,"01771M02:16:37.220","01771 02:04:21",202.56,897.78,,,,"     ",5.30,33.86,8.87
1771,554674370,"01771M02:16:38.193","01771 02:04:22",202.55,897.81,,,,"     ",5.30,34.04,8.92
1771,554674371,"01771M02:16:39.166","01771 02:04:23",202.57,897.85,,,,"     ",5.30,34.06,8.93
1771,554674372,"01771M02:16:40.139","01771 02:04:24",202.61,897.76,,,,"     ",5.30,34.01,8.92
1771,554674373,"01771M02:16:41.113","01771 02:04:25",202.66,897.78,,,,"     ",5.30,33.96,8.90
1771,554674374,"01771M02:16:42.086","01771 02:04:26",202.72,897.77,,,,"     ",5.30,33.91,8.89
1771,554674375,"01771M02:16:43.059","01771 02:04:27",202.77,897.76,,,,"     ",5.30,34.09,8.94
1771,554674376,"01771M02:16:44.032","01771 02:04:28",202.81,897.83,,,,"     ",5.30,34.19,8.97
1771,554674377,"01771M02:16:45.006","01771 02:04:29",202.84,897.80,,,,"     ",5.30,34.07,8.93
1771,554674378,"01771M02:16:45.979","01771 02:04:30",202.86,897.84,,,,"     ",5.30,33.90,8.89
1771,554674379,"01771M02:16:46.952","01771 02:04:31",202.88,897.85,,,,"     ",5.30,34.05,8.93
1771,554674380,"01771M02:16:47.925","01771 02:04:32",202.89,897.84,,,,"     ",5.30,34.21,8.97
1771,554674381,"01771M02:16:48.899","01771 02:04:33",202.88,897.82,,,,"     ",5.30,34.15,8.95
1771,554674382,"01771M02:16:49.872","01771 02:04:34",202.84,897.83,,,,"     ",5.30,34.18,8.96
1771,554674383,"01771M02:16:50.845","01771 02:04:35",202.77,897.76,,,,"     ",5.30,34.24,8.98
1771,554674384,"01771M02:16:51.818","01771 02:04:36",202.67,897.75,,,,"     ",5.30,34.21,8.97
1771,554674385,"01771M02:16:52.792","01771 02:04:37",202.59,897.75,,,,"     ",5.30,34.18,8.96
1771,554674386,"01771M02:16:53.765","01771 02:04:38",202.51,897.71,,,,"     ",5.30,34.25,8.98
1771,554674387,"01771M02:16:54.738","01771 02:04:39",202.47,897.70,,,,"     ",5.30,34.32,9.00
1771,554674388,"01771M02:16:55.712","01771 02:04:40",202.47,897.73,,,,"     ",5.30,34.32,9.00
1771,554674389,"01771M02:16:56.685","01771 02:04:41",202.52,897.80,,,,"     ",5.30,34.22,8.97
1771,554674390,"01771M02:16:57.658","01771 02:04:42",202.61,897.74,,,,"     ",5.30,34.36,9.00
1771,554674391,"01771M02:16:58.631","01771 02:04:43",202.73,897.80,,,,"     ",5.30,34.43,9.02
1771,554674392,"01771M02:16:59.605","01771 02:04:44",202.86,897.67,,,,"     ",5.30,34.49,9.04
1771,554674393,"01771M02:17:00.578","01771 02:04:45",202.98,897.63,,,,"     ",5.30,34.45,9.03
1771,554674394,"01771M02:17:01.551","01771 02:04:46",203.08,897.72,,,,"     ",5.30,34.54,9.05
1771,554674395,"01771M02:17:02.524","01771 02:04:47",203.11,897.74,,,,"     ",5.30,34.52,9.04
1771,554674396,"01771M02:17:03.498","01771 02:04:48",203.16,897.73,,,,"     ",5.30,34.61,9.06
1771,554674397,"01771M02:17:04.471","01771 02:04:49",203.19,897.68,,,,"     ",5.30,34.56,9.05
1771,554674398,"01771M02:17:05.444","01771 02:04:50",203.21,897.81,,,,"     ",5.30,34.53,9.04
1771,554674399,"01771M02:17:06.417","01771 02:04:51",203.20,897.74,,,,"     ",5.30,34.58,9.05
1771,554674400,"01771M02:17:07.391","01771 02:04:52",203.17,897.84,,,,"     ",5.30,34.50,9.03
1771,554674401,"01771M02:17:08.364","01771 02:04:53",203.14,897.82,,,,"     ",5.30,34.72,9.08
1771,554674402,"01771M02:17:09.337","01771 02:04:54",203.15,897.78,,,,"     ",5.30,34.44,9.00
1771,554674403,"01771M02:17:10.310","01771 02:04:55",203.12,897.82,,,,"     ",5.30,34.60,9.04
1771,554674404,"01771M02:17:11.284","01771 02:04:55",203.13,897.83,,,,"     ",5.30,34.60,9.04
1771,554674405,"01771M02:17:12.257","01771 02:04:56",203.11,897.79,,,,"     ",5.30,34.55,9.03
1771,554674406,"01771M02:17:13.230","01771 02:04:57",203.17,897.77,,,,"     ",5.30,34.59,9.04
1771,554674407,"01771M02:17:14.203","01771 02:04:58",203.22,897.72,,,,"     ",5.30,34.67,9.06
1771,554674408,"01771M02:17:15.177","01771 02:04:59",203.27,897.79,,,,"     ",5.30,34.72,9.07
1771,554674409,"01771M02:17:16.150","01771 02:05:00",203.30,897.79,,,,"     ",5.30,34.55,9.02
1771,554674410,"01771M02:17:17.123","01771 02:05:01",203.31,897.80,,,,"     ",5.30,34.75,9.07
1771,554674411,"01771M02:17:18.096","01771 02:05:02",203.31,897.83,,,,"     ",5.30,34.72,9.07
1771,554674412,"01771M02:17:19.070","01771 02:05:03",203.30,897.84,,,,"     ",5.30,34.72,9.06
1771,554674413,"01771M02:17:20.043","01771 02:05:04",203.29,897.83,,,,"     ",5.30,34.90,9.11
1771,554674414,"01771M02:17:21.016","01771 02:05:05",203.30,897.79,,,,"     ",5.30,34.86,9.10
1771,554674415,"01771M02:17:21.989","01771 02:05:06",203.32,897.79,,,,"     ",5.30,34.91,9.11
1771,554674416,"01771M02:17:22.963","01771 02:05:07",203.34,897.84,,,,"     ",5.30,34.81,9.08
1771,554674417,"01771M02:17:23.936","01771 02:05:08",203.37,897.78,,,,"     ",5.30,34.98,9.12
1771,554674418,"01771M02:17:24.909","01771 02:05:09",203.38,897.71,,,,"     ",5.30,35.03,9.13
1771,554674419,"01771M02:17:25.882","01771 02:05:10",203.39,897.84,,,,"     ",5.30,35.08,9.14
1771,554674420,"01771M02:17:26.856","01771 02:05:11",203.39,897.85,,,,"     ",5.30,34.97,9.11
1771,554674421,"01771M02:17:27.829","01771 02:05:12",203.39,897.74,,,,"     ",5.30,35.25,9.18
1771,554674422,"01771M02:17:28.802","01771 02:05:13",203.41,897.85,,,,"     ",5.30,35.18,9.16
1771,554674423,"01771M02:17:29.775","01771 02:05:14",203.43,897.70,,,,"     ",5.30,35.24,9.17
1771,554674424,"01771M02:17:30.749","01771 02:05:15",203.46,897.77,,,,"     ",5.30,35.24,9.17
1771,554674425,"01771M02:17:31.722","01771 02:05:16",203.47,897.78,,,,"     ",5.30,35.29,9.18
1771,554674426,"01771M02:17:32.695","01771 02:05:17",203.47,897.74,,,,"     ",5.30,35.46,9.22
1771,554674427,"01771M02:17:33.668","01771 02:05:18",203.46,897.80,,,,"     ",5.30,35.39,9.20
1771,554674428,"01771M02:17:34.642","01771 02:05:19",203.43,897.84,,,,"     ",5.30,35.48,9.22
1771,554674429,"01771M02:17:35.615","01771 02:05:20",203.40,897.87,,,,"     ",5.30,35.50,9.22
1771,554674430,"01771M02:17:36.588","01771 02:05:21",203.37,897.86,,,,"     ",5.30,35.53,9.23
1771,554674431,"01771M02:17:37.561","01771 02:05:22",203.34,897.86,,,,"     ",5.30,35.57,9.24
1771,554674432,"01771M02:17:38.535","01771 02:05:23",203.31,898.00,,,,"     ",5.30,35.64,9.25
1771,554674433,"01771M02:17:39.508","01771 02:05:24",203.28,897.87,,,,"     ",5.30,35.66,9.26
1771,554674434,"01771M02:17:40.481","01771 02:05:25",203.24,897.81,,,,"     ",5.30,35.72,9.27
1771,554674435,"01771M02:17:41.454","01771 02:05:26",203.19,897.83,,,,"     ",5.30,35.69,9.26
1771,554674436,"01771M02:17:42.428","01771 02:05:27",203.14,897.76,,,,"     ",5.30,35.83,9.29
1771,554674437,"01771M02:17:43.401","01771 02:05:28",203.10,897.93,,,,"     ",5.30,35.74,9.26
1771,554674438,"01771M02:17:44.374","01771 02:05:29",203.09,897.87,,,,"     ",5.30,35.88,9.30
1771,554674439,"01771M02:17:45.347","01771 02:05:30",203.12,897.88,,,,"     ",5.30,35.89,9.29
1771,554674440,"01771M02:17:46.321","01771 02:05:31",203.17,897.92,,,,"     ",5.30,35.87,9.29
1771,554674441,"01771M02:17:47.294","01771 02:05:32",203.25,897.89,,,,"     ",5.30,36.05,9.33
1771,554674442,"01771M02:17:48.267","01771 02:05:32",203.34,897.87,,,,"     ",5.30,36.12,9.34
1771,554674443,"01771M02:17:49.240","01771 02:05:33",203.41,897.79,,,,"     ",5.30,36.00,9.31
1771,554674444,"01771M02:17:50.214","01771 02:05:34",203.46,897.83,,,,"     ",5.30,36.30,9.38
1771,554674445,"01771M02:17:51.187","01771 02:05:35",203.49,897.85,,,,"     ",5.30,36.14,9.34
1771,554674446,"01771M02:17:52.160","01771 02:05:36",203.50,897.81,,,,"     ",5.30,36.16,9.35
1771,554674447,"01771M02:17:53.133","01771 02:05:37",203.50,897.84,,,,"     ",5.30,36.24,9.36
1771,554674448,"01771M02:17:54.107","01771 02:05:38",203.48,897.81,,,,"     ",5.30,36.16,9.34
1771,554674449,"01771M02:17:55.080","01771 02:05:39",203.45,897.82,,,,"     ",5.30,36.26,9.36
1771,554674450,"01771M02:17:56.053","01771 02:05:40",203.41,897.75,,,,"     ",5.30,36.20,9.34
1771,554674451,"01771M02:17:57.026","01771 02:05:41",203.37,897.75,,,,"     ",5.30,36.30,9.37
1771,554674452,"01771M02:17:58.000","01771 02:05:42",203.33,897.76,,,,"     ",5.30,36.17,9.33
1771,554674453,"01771M02:17:58.973","01771 02:05:43",203.33,897.74,,,,"     ",5.30,36.37,9.38
1771,554674454,"01771M02:17:59.946","01771 02:05:44",203.32,897.73,,,,"     ",5.30,36.33,9.37
1771,554674455,"01771M02:18:00.919","01771 02:05:45",203.33,897.74,,,,"     ",5.30,36.26,9.35
1771,554674456,"01771M02:18:01.893","01771 02:05:46",203.35,897.72,,,,"     ",5.30,36.12,9.31
1771,554674457,"01771M02:18:02.866","01771 02:05:47",203.42,897.79,,,,"     ",5.30,36.21,9.33
1771,554674458,"01771M02:18:03.839","01771 02:05:48",203.48,897.76,,,,"     ",5.30,36.30,9.35
1771,554674459,"01771M02:18:04.812","01771 02:05:49",203.55,897.84,,,,"     ",5.30,36.34,9.36
1771,554674460,"01771M02:18:05.786","01771 02:05:50",203.61,897.80,,,,"     ",5.30,36.27,9.34
1771,554674461,"01771M02:18:06.759","01771 02:05:51",203.65,897.88,,,,"     ",5.30,36.20,9.32
1771,554674462,"01771M02:18:07.732","01771 02:05:52",203.67,897.87,,,,"     ",5.30,36.25,9.33
1771,554674463,"01771M02:18:08.706","01771 02:05:53",203.66,897.78,,,,"     ",5.30,36.44,9.38
1771,554674464,"01771M02:18:09.679","01771 02:05:54",203.63,897.87,,,,"     ",5.30,36.32,9.35
1771,554674465,"01771M02:18:10.652","01771 02:05:55",203.60,897.93,,,,"     ",5.30,36.29,9.34
1771,554674466,"01771M02:18:11.625","01771 02:05:56",203.56,897.81,,,,"     ",5.30,36.28,9.33
1771,554674467,"01771M02:18:12.599","01771 02:05:57",203.52,897.81,,,,"     ",5.30,36.31,9.34
1771,554674468,"01771M02:18:13.572","01771 02:05:58",203.49,897.79,,,,"     ",5.30,36.48,9.38
1771,554674469,"01771M02:18:14.545","01771 02:05:59",203.48,897.86,,,,"     ",5.30,36.44,9.37
1771,554674470,"01771M02:18:15.518","01771 02:06:00",203.49,897.81,,,,"     ",5.30,36.40,9.36
1771,554674471,"01771M02:18:16.492","01771 02:06:01",203.44,897.76,,,,"     ",5.30,36.35,9.34
1771,554674472,"01771M02:18:17.465","01771 02:06:02",203.42,897.83,,,,"     ",5.30,36.34,9.34
1771,554674473,"01771M02:18:18.438","01771 02:06:03",203.40,897.77,,,,"     ",5.30,36.35,9.34
1771,554674474,"01771M02:18:19.411","01771 02:06:04",203.37,897.79,,,,"     ",5.30,36.50,9.37
1771,554674475,"01771M02:18:20.385","01771 02:06:05",203.35,897.93,,,,"     ",5.30,36.44,9.36
1771,554674476,"01771M02:18:21.358","01771 02:06:06",203.33,897.84,,,,"     ",5.30,36.43,9.36
1771,554674477,"01771M02:18:22.331","01771 02:06:07",203.31,897.97,,,,"     ",5.30,36.35,9.34
1771,554674478,"01771M02:18:23.304","01771 02:06:08",203.30,897.89,,,,"     ",5.30,36.39,9.35
1771,554674479,"01771M02:18:24.278","01771 02:06:09",203.29,897.90,,,,"     ",5.30,36.41,9.35
1771,554674480,"01771M02:18:25.251","01771 02:06:09",203.27,897.92,,,,"     ",5.30,36.30,9.32
1771,554674481,"01771M02:18:26.224","01771 02:06:10",203.27,897.81,,,,"     ",5.30,36.37,9.34
1771,554674482,"01771M02:18:27.197","01771 02:06:11",203.27,897.88,,,,"     ",5.30,36.25,9.30
1771,554674483,"01771M02:18:28.171","01771 02:06:12",203.28,897.80,,,,"     ",5.30,36.29,9.32
1771,554674484,"01771M02:18:29.144","01771 02:06:13",203.28,897.77,,,,"     ",5.30,36.11,9.27
1771,554674485,"01771M02:18:30.117","01771 02:06:14",203.27,897.78,,,,"     ",5.30,36.29,9.32
1771,554674486,"01771M02:18:31.090","01771 02:06:15",203.26,897.84,,,,"     ",5.30,36.26,9.31
1771,554674487,"01771M02:18:32.064","01771 02:06:16",203.25,897.83,,,,"     ",5.30,36.22,9.30
1771,554674488,"01771M02:18:33.037","01771 02:06:17",203.26,897.87,,,,"     ",5.30,36.12,9.27
1771,554674489,"01771M02:18:34.010","01771 02:06:18",203.23,897.77,,,,"     ",5.30,36.33,9.33
1771,554674490,"01771M02:18:34.983","01771 02:06:19",203.21,897.78,,,,"     ",5.30,36.26,9.31
1771,554674491,"01771M02:18:35.957","01771 02:06:20",203.18,897.86,,,,"     ",5.30,36.09,9.27
1771,554674492,"01771M02:18:36.930","01771 02:06:21",203.15,897.80,,,,"     ",5.30,36.21,9.30
1771,554674493,"01771M02:18:37.903","01771 02:06:22",203.11,897.80,,,,"     ",5.30,36.13,9.28
1771,554674494,"01771M02:18:38.876","01771 02:06:23",203.09,897.78,,,,"     ",5.30,36.27,9.31
1771,554674495,"01771M02:18:39.850","01771 02:06:24",203.09,897.75,,,,"     ",5.30,36.26,9.31
1771,554674496,"01771M02:18:40.823","01771 02:06:25",203.10,897.79,,,,"     ",5.30,36.16,9.28
1771,554674497,"01771M02:18:41.796","01771 02:06:26",203.11,897.66,,,,"     ",5.30,36.31,9.32
1771,554674498,"01771M02:18:42.769","01771 02:06:27",203.13,897.69,,,,"     ",5.30,36.32,9.32
1771,554674499,"01771M02:18:43.743","01771 02:06:28",203.14,897.69,,,,"     ",5.30,36.38,9.34
1771,554674500,"01771M02:18:44.716","01771 02:06:29",203.15,897.74,,,,"     ",5.30,36.38,9.34
1771,554674501,"01771M02:18:45.689","01771 02:06:30",203.18,897.72,,,,"     ",5.30,36.27,9.31
1771,554674502,"01771M02:18:46.662","01771 02:06:31",203.30,897.81,,,,"     ",5.30,36.41,9.34
1771,554674503,"01771M02:18:47.636","01771 02:06:32",203.35,897.75,,,,"     ",5.30,36.42,9.35
1771,554674504,"01771M02:18:48.609","01771 02:06:33",203.39,897.79,,,,"     ",5.30,36.39,9.34
1771,554674505,"01771M02:18:49.582","01771 02:06:34",203.43,897.81,,,,"     ",5.30,36.60,9.39
1771,554674506,"01771M02:18:50.555","01771 02:06:35",203.47,897.77,,,,"     ",5.30,36.44,9.35
1771,554674507,"01771M02:18:51.529","01771 02:06:36",203.50,897.79,,,,"     ",5.30,36.44,9.35
1771,554674508,"01771M02:18:52.502","01771 02:06:37",203.52,897.86,,,,"     ",5.30,36.53,9.37
1771,554674509,"01771M02:18:53.475","01771 02:06:38",203.53,897.88,,,,"     ",5.30,36.65,9.40
1771,554674510,"01771M02:18:54.448","01771 02:06:39",203.52,897.79,,,,"     ",5.30,36.47,9.35
1771,554674511,"01771M02:18:55.422","01771 02:06:40",203.51,897.79,,,,"     ",5.30,36.54,9.37
1771,554674512,"01771M02:18:56.395","01771 02:06:41",203.49,897.79,,,,"     ",5.30,36.50,9.36
1771,554674513,"01771M02:18:57.368","01771 02:06:42",203.47,897.89,,,,"     ",5.30,36.46,9.35
1771,554674514,"01771M02:18:58.341","01771 02:06:43",203.47,897.79,,,,"     ",5.30,36.51,9.35
1771,554674515,"01771M02:18:59.315","01771 02:06:44",203.47,897.84,,,,"     ",5.30,36.58,9.37
1771,554674516,"01771M02:19:00.288","01771 02:06:45",203.48,897.85,,,,"     ",5.30,36.39,9.32
1771,554674517,"01771M02:19:01.261","01771 02:06:45",203.50,897.87,,,,"     ",5.30,36.58,9.37
1771,554674518,"01771M02:19:02.234","01771 02:06:46",203.51,897.89,,,,"     ",5.30,36.48,9.34
1771,554674519,"01771M02:19:03.208","01771 02:06:47",203.50,897.85,,,,"     ",5.30,36.70,9.40
1771,554674520,"01771M02:19:04.181","01771 02:06:48",203.50,897.84,,,,"     ",5.30,36.48,9.34
1771,554674521,"01771M02:19:05.154","01771 02:06:49",203.49,897.88,,,,"     ",5.30,36.53,9.35
1771,554674522,"01771M02:19:06.127","01771 02:06:50",203.49,897.78,,,,"     ",5.30,36.47,9.33
1771,554674523,"01771M02:19:07.101","01771 02:06:51",203.51,897.76,,,,"     ",5.30,36.66,9.39
1771,554674524,"01771M02:19:08.074","01771 02:06:52",203.53,897.81,,,,"     ",5.30,36.62,9.37
1771,554674525,"01771M02:19:09.047","01771 02:06:53",203.56,897.71,,,,"     ",5.30,36.49,9.34
1771,554674526,"01771M02:19:10.020","01771 02:06:54",203.59,897.73,,,,"     ",5.30,36.66,9.38
1771,554674527,"01771M02:19:10.994","01771 02:06:55",203.63,897.87,,,,"     ",5.30,36.63,9.38
1771,554674528,"01771M02:19:11.967","01771 02:06:56",203.67,897.83,,,,"     ",5.30,36.64,9.38
1771,554674529,"01771M02:19:12.940","01771 02:06:57",203.71,897.89,,,,"     ",5.30,36.62,9.37
1771,554674530,"01771M02:19:13.913","01771 02:06:58",203.75,897.79,,,,"     ",5.30,36.77,9.41
1771,554674531,"01771M02:19:14.887","01771 02:06:59",203.77,897.74,,,,"     ",5.30,36.71,9.39
1771,554674532,"01771M02:19:15.860","01771 02:07:00",203.78,897.76,,,,"     ",5.30,36.77,9.41
1771,554674533,"01771M02:19:16.833","01771 02:07:01",203.77,897.80,,,,"     ",5.30,36.76,9.40
1771,554674534,"01771M02:19:17.807","01771 02:07:02",203.74,897.74,,,,"     ",5.30,36.69,9.39
1771,554674535,"01771M02:19:18.780","01771 02:07:03",203.69,897.83,,,,"     ",5.30,36.79,9.41
1771,554674536,"01771M02:19:19.753","01771 02:07:04",203.63,897.78,,,,"     ",5.30,36.76,9.40
1771,554674537,"01771M02:19:20.726","01771 02:07:05",203.56,897.78,,,,"     ",5.30,36.77,9.40
1771,554674538,"01771M02:19:21.700","01771 02:07:06",203.49,897.73,,,,"     ",5.30,36.65,9.37
1771,554674539,"01771M02:19:22.673","01771 02:07:07",203.43,897.82,,,,"     ",5.30,36.70,9.38
1771,554674540,"01771M02:19:23.646","01771 02:07:08",203.39,897.83,,,,"     ",5.30,36.60,9.36
1771,554674541,"01771M02:19:24.619","01771 02:07:09",203.37,897.87,,,,"     ",5.30,36.80,9.41
1771,554674542,"01771M02:19:25.593","01771 02:07:10",203.36,897.86,,,,"     ",5.30,36.81,9.41
1771,554674543,"01771M02:19:26.566","01771 02:07:11",203.36,897.81,,,,"     ",5.30,36.77,9.40
1771,554674544,"01771M02:19:27.539","01771 02:07:12",203.37,897.76,,,,"     ",5.30,36.76,9.40
1771,554674545,"01771M02:19:28.512","01771 02:07:13",203.38,897.76,,,,"     ",5.30,36.72,9.38
1771,554674546,"01771M02:19:29.486","01771 02:07:14",203.39,897.73,,,,"     ",5.30,36.78,9.40
1771,554674547,"01771M02:19:30.459","01771 02:07:15",203.38,897.80,,,,"     ",5.30,36.64,9.36
1771,554674548,"01771M02:19:31.432","01771 02:07:16",203.38,897.77,,,,"     ",5.30,36.73,9.39
1771,554674549,"01771M02:19:32.405","01771 02:07:17",203.38,897.79,,,,"     ",5.30,36.74,9.39
1771,554674550,"01771M02:19:33.379","01771 02:07:18",203.39,897.92,,,,"     ",5.30,36.74,9.39
1771,554674551,"01771M02:19:34.352","01771 02:07:19",203.42,897.84,,,,"     ",5.30,36.77,9.39
1771,554674552,"01771M02:19:35.325","01771 02:07:20",203.40,897.78,,,,"     ",5.30,36.90,9.43
1771,554674553,"01771M02:19:36.298","01771 02:07:21",203.36,897.82,,,,"     ",5.30,36.77,9.39
1771,554674554,"01771M02:19:37.272","01771 02:07:22",203.37,897.74,,,,"     ",5.30,36.79,9.39
1771,554674555,"01771M02:19:38.245","01771 02:07:22",203.37,897.82,,,,"     ",5.30,36.85,9.41
1771,554674556,"01771M02:19:39.218","01771 02:07:23",203.38,897.84,,,,"     ",5.30,36.92,9.43
1771,554674557,"01771M02:19:40.191","01771 02:07:24",203.40,897.80,,,,"     ",5.30,37.00,9.45
1771,554674558,"01771M02:19:41.165","01771 02:07:25",203.40,897.77,,,,"     ",5.30,36.96,9.43
1771,554674559,"01771M02:19:42.138","01771 02:07:26",203.44,897.79,,,,"     ",5.30,37.04,9.45
1771,554674560,"01771M02:19:43.111","01771 02:07:27",203.48,897.77,,,,"     ",5.30,36.98,9.44
1771,554674561,"01771M02:19:44.084","01771 02:07:28",203.43,897.74,,,,"     ",5.30,36.92,9.42
1771,554674562,"01771M02:19:45.058","01771 02:07:29",203.44,897.76,,,,"     ",5.30,37.02,9.44
1771,554674563,"01771M02:19:46.031","01771 02:07:30",203.45,897.80,,,,"     ",5.30,37.12,9.47
1771,554674564,"01771M02:19:47.004","01771 02:07:31",203.47,897.83,,,,"     ",5.30,37.06,9.45
1771,554674565,"01771M02:19:47.977","01771 02:07:32",203.50,897.93,,,,"     ",5.30,37.04,9.44
1771,554674566,"01771M02:19:48.951","01771 02:07:33",203.52,897.95,,,,"     ",5.30,37.07,9.45
1771,554674567,"01771M02:19:49.924","01771 02:07:34",203.53,897.79,,,,"     ",5.30,37.03,9.44
1771,554674568,"01771M02:19:50.897","01771 02:07:35",203.54,897.83,,,,"     ",5.30,37.09,9.45
1771,554674569,"01771M02:19:51.870","01771 02:07:36",203.56,897.78,,,,"     ",5.30,37.18,9.47
1771,554674570,"01771M02:19:52.844","01771 02:07:37",203.59,897.76,,,,"     ",5.30,37.06,9.44
1771,554674571,"01771M02:19:53.817","01771 02:07:38",203.63,897.75,,,,"     ",5.30,37.24,9.48
1771,554674572,"01771M02:19:54.790","01771 02:07:39",203.66,897.72,,,,"     ",5.30,37.18,9.47
1771,554674573,"01771M02:19:55.763","01771 02:07:40",203.69,897.77,,,,"     ",5.30,37.19,9.47
1771,554674574,"01771M02:19:56.737","01771 02:07:41",203.70,897.76,,,,"     ",5.30,37.06,9.43
1771,554674575,"01771M02:19:57.710","01771 02:07:42",203.70,897.84,,,,"     ",5.30,37.07,9.43
1771,554674576,"01771M02:19:58.683","01771 02:07:43",203.67,897.84,,,,"     ",5.30,37.12,9.45
1771,554674577,"01771M02:19:59.656","01771 02:07:44",203.61,897.88,,,,"     ",5.30,37.13,9.45
1771,554674578,"01771M02:20:00.630","01771 02:07:45",203.56,897.84,,,,"     ",5.30,37.14,9.45
1771,554674579,"01771M02:20:01.603","01771 02:07:46",203.52,897.79,,,,"     ",5.30,37.30,9.49
1771,554674580,"01771M02:20:02.576","01771 02:07:47",203.50,897.82,,,,"     ",5.30,37.12,9.44
1771,554674581,"01771M02:20:03.549","01771 02:07:48",203.49,897.77,,,,"     ",5.30,37.18,9.46
1771,554674582,"01771M02:20:04.523","01771 02:07:49",203.49,897.81,,,,"     ",5.30,37.28,9.49
1771,554674583,"01771M02:20:05.496","01771 02:07:50",203.48,897.81,,,,"     ",5.30,36.98,9.40
1771,554674584,"01771M02:20:06.469","01771 02:07:51",203.48,897.76,,,,"     ",5.30,37.15,9.45
1771,554674585,"01771M02:20:07.442","01771 02:07:52",203.46,897.76,,,,"     ",5.30,37.33,9.49
1771,554674586,"01771M02:20:08.416","01771 02:07:53",203.44,897.78,,,,"     ",5.30,37.12,9.44
1771,554674587,"01771M02:20:09.389","01771 02:07:54",203.42,897.79,,,,"     ",5.30,37.25,9.47
1771,554674588,"01771M02:20:10.362","01771 02:07:55",203.41,897.74,,,,"     ",5.30,37.21,9.46
1771,554674589,"01771M02:20:11.335","01771 02:07:56",203.43,897.78,,,,"     ",5.30,37.18,9.46
1771,554674590,"01771M02:20:12.309","01771 02:07:57",203.47,897.71,,,,"     ",5.30,37.30,9.48
1771,554674591,"01771M02:20:13.282","01771 02:07:58",203.50,897.68,,,,"     ",5.30,37.10,9.43
1771,554674592,"01771M02:20:14.255","01771 02:07:59",203.51,897.75,,,,"     ",5.30,36.97,9.40
1771,554674593,"01771M02:20:15.228","01771 02:07:59",203.50,897.77,,,,"     ",5.30,37.17,9.45
1771,554674594,"01771M02:20:16.202","01771 02:08:00",203.47,897.72,,,,"     ",5.30,36.98,9.40
1771,554674595,"01771M02:20:17.175","01771 02:08:01",203.42,897.72,,,,"     ",5.30,37.15,9.45
1771,554674596,"01771M02:20:18.148","01771 02:08:02",203.36,897.71,,,,"     ",5.30,37.30,9.48
1771,554674597,"01771M02:20:19.121","01771 02:08:03",203.32,897.69,,,,"     ",5.30,36.92,9.39
1771,554674598,"01771M02:20:20.095","01771 02:08:04",203.30,897.74,,,,"     ",5.30,36.99,9.41
1771,554674599,"01771M02:20:21.068","01771 02:08:05",203.31,897.72,,,,"     ",5.30,37.07,9.43
1771,554674600,"01771M02:20:22.041","01771 02:08:06",203.34,897.67,,,,"     ",5.30,37.07,9.43
1771,554674601,"01771M02:20:23.014","01771 02:08:07",203.38,897.75,,,,"     ",5.30,37.03,9.42
1771,554674602,"01771M02:20:23.988","01771 02:08:08",203.40,897.62,,,,"     ",5.30,36.91,9.39
1771,554674603,"01771M02:20:24.961","01771 02:08:09",203.42,897.73,,,,"     ",5.30,36.92,9.39
1771,554674604,"01771M02:20:25.934","01771 02:08:10",203.44,897.66,,,,"     ",5.30,36.83,9.37
1771,554674605,"01771M02:20:26.908","01771 02:08:11",203.45,897.69,,,,"     ",5.30,36.88,9.38
1771,554674606,"01771M02:20:27.881","01771 02:08:12",203.46,897.71,,,,"     ",5.30,36.87,9.38
1771,554674607,"01771M02:20:28.854","01771 02:08:13",203.48,897.65,,,,"     ",5.30,36.89,9.39
1771,554674608,"01771M02:20:29.827","01771 02:08:14",203.52,897.73,,,,"     ",5.30,36.79,9.36
1771,554674609,"01771M02:20:30.801","01771 02:08:15",203.56,897.75,,,,"     ",5.30,36.69,9.33
1771,554674610,"01771M02:20:31.774","01771 02:08:16",203.59,897.65,,,,"     ",5.30,36.77,9.36
1771,554674611,"01771M02:20:32.747","01771 02:08:17",203.60,897.71,,,,"     ",5.30,36.86,9.38
1771,554674612,"01771M02:20:33.720","01771 02:08:18",203.59,897.67,,,,"     ",5.30,36.82,9.37
1771,554674613,"01771M02:20:34.694","01771 02:08:19",203.55,897.72,,,,"     ",5.30,36.80,9.37
1771,554674614,"01771M02:20:35.667","01771 02:08:20",203.51,897.70,,,,"     ",5.30,36.60,9.32
1771,554674615,"01771M02:20:36.640","01771 02:08:21",203.48,897.60,,,,"     ",5.30,36.73,9.35
1771,554674616,"01771M02:20:37.613","01771 02:08:22",203.47,897.60,,,,"     ",5.30,36.65,9.33
1771,554674617,"01771M02:20:38.587","01771 02:08:23",203.46,897.59,,,,"     ",5.30,36.83,9.38
1771,554674618,"01771M02:20:39.560","01771 02:08:24",203.47,897.63,,,,"     ",5.30,36.81,9.37
1771,554674619,"01771M02:20:40.533","01771 02:08:25",203.48,897.63,,,,"     ",5.30,36.79,9.37
1771,554674620,"01771M02:20:41.506","01771 02:08:26",203.48,897.58,,,,"     ",5.30,36.68,9.34
1771,554674621,"01771M02:20:42.480","01771 02:08:27",203.46,897.73,,,,"     ",5.30,36.60,9.32
1771,554674622,"01771M02:20:43.453","01771 02:08:28",203.44,897.70,,,,"     ",5.30,36.68,9.35
1771,554674623,"01771M02:20:44.426","01771 02:08:29",203.42,897.82,,,,"     ",5.30,36.63,9.33
1771,554674624,"01771M02:20:45.399","01771 02:08:30",203.41,897.71,,,,"     ",5.30,36.68,9.35
1771,554674625,"01771M02:20:46.373","01771 02:08:31",203.43,897.82,,,,"     ",5.30,36.69,9.35
1771,554674626,"01771M02:20:47.346","01771 02:08:32",203.47,897.79,,,,"     ",5.30,36.63,9.34
1771,554674627,"01771M02:20:48.319","01771 02:08:33",203.50,897.67,,,,"     ",5.30,36.40,9.28
1771,554674628,"01771M02:20:49.292","01771 02:08:34",203.52,897.61,,,,"     ",5.30,36.51,9.31
1771,554674629,"01771M02:20:50.266","01771 02:08:35",203.51,897.56,,,,"     ",5.30,36.52,9.31
1771,554674630,"01771M02:20:51.239","01771 02:08:35",203.48,897.56,,,,"     ",5.30,36.53,9.32
1771,554674631,"01771M02:20:52.212","01771 02:08:36",203.43,897.62,,,,"     ",5.30,36.53,9.32
1771,554674632,"01771M02:20:53.185","01771 02:08:37",203.39,897.65,,,,"     ",5.30,36.34,9.27
1771,554674633,"01771M02:20:54.159","01771 02:08:38",203.37,897.71,,,,"     ",5.30,36.39,9.28
1771,554674634,"01771M02:20:55.132","01771 02:08:39",203.36,897.71,,,,"     ",5.30,36.40,9.28
1771,554674635,"01771M02:20:56.105","01771 02:08:40",203.35,897.62,,,,"     ",5.30,36.46,9.30
1771,554674636,"01771M02:20:57.078","01771 02:08:41",203.36,897.65,,,,"     ",5.30,36.29,9.26
1771,554674637,"01771M02:20:58.052","01771 02:08:42",203.36,897.63,,,,"     ",5.30,36.29,9.26
1771,554674638,"01771M02:20:59.025","01771 02:08:43",203.37,897.57,,,,"     ",5.30,36.35,9.28
1771,554674639,"01771M02:20:59.998","01771 02:08:44",203.39,897.58,,,,"     ",5.30,36.42,9.30
1771,554674640,"01771M02:21:00.971","01771 02:08:45",203.40,897.66,,,,"     ",5.30,36.24,9.25
1771,554674641,"01771M02:21:01.945","01771 02:08:46",203.43,897.64,,,,"     ",5.30,36.24,9.25
1771,554674642,"01771M02:21:02.918","01771 02:08:47",203.46,897.63,,,,"     ",5.30,36.15,9.23
1771,554674643,"01771M02:21:03.891","01771 02:08:48",203.50,897.69,,,,"     ",5.30,36.13,9.23
1771,554674644,"01771M02:21:04.864","01771 02:08:49",203.55,897.68,,,,"     ",5.30,36.10,9.22
1771,554674645,"01771M02:21:05.838","01771 02:08:50",203.36,897.67,,,,"     ",5.30,36.16,9.24
1771,554674646,"01771M02:21:06.811","01771 02:08:51",203.30,897.67,,,,"     ",5.30,36.21,9.25
1771,554674647,"01771M02:21:07.784","01771 02:08:52",203.26,897.62,,,,"     ",5.30,36.13,9.23
1771,554674648,"01771M02:21:08.757","01771 02:08:53",203.21,897.64,,,,"     ",5.30,36.18,9.25
1771,554674649,"01771M02:21:09.731","01771 02:08:54",203.27,897.68,,,,"     ",5.30,36.09,9.22
1771,554674650,"01771M02:21:10.704","01771 02:08:55",203.22,897.64,,,,"     ",5.30,36.07,9.22
1771,554674651,"01771M02:21:11.677","01771 02:08:56",203.17,897.67,,,,"     ",5.30,36.14,9.24
1771,554674652,"01771M02:21:12.650","01771 02:08:57",203.12,897.64,,,,"     ",5.30,35.98,9.20
1771,554674653,"01771M02:21:13.624","01771 02:08:58",203.09,897.63,,,,"     ",5.30,36.06,9.22
1771,554674654,"01771M02:21:14.597","01771 02:08:59",203.06,897.72,,,,"     ",5.30,36.14,9.25
1771,554674655,"01771M02:21:15.570","01771 02:09:00",203.04,897.61,,,,"     ",5.30,36.06,9.22
1771,554674656,"01771M02:21:16.543","01771 02:09:01",203.04,897.65,,,,"     ",5.30,35.98,9.20
1771,554674657,"01771M02:21:17.517","01771 02:09:02",203.05,897.64,,,,"     ",5.30,35.91,9.18
1771,554674658,"01771M02:21:18.490","01771 02:09:03",203.07,897.53,,,,"     ",5.30,36.17,9.25
1771,554674659,"01771M02:21:19.463","01771 02:09:04",203.10,897.70,,,,"     ",5.30,35.97,9.20
1771,554674660,"01771M02:21:20.436","01771 02:09:05",203.11,897.64,,,,"     ",5.30,35.97,9.20
1771,554674661,"01771M02:21:21.410","01771 02:09:06",203.11,897.69,,,,"     ",5.30,35.89,9.19
1771,554674662,"01771M02:21:22.383","01771 02:09:07",203.12,897.63,,,,"     ",5.30,36.04,9.23
1771,554674663,"01771M02:21:23.356","01771 02:09:08",203.13,897.58,,,,"     ",5.30,35.98,9.21
1771,554674664,"01771M02:21:24.329","01771 02:09:09",203.16,897.64,,,,"     ",5.30,35.96,9.21
1771,554674665,"01771M02:21:25.303","01771 02:09:10",203.09,897.57,,,,"     ",5.30,36.17,9.26
1771,554674666,"01771M02:21:26.276","01771 02:09:11",203.14,897.55,,,,"     ",5.30,35.96,9.21
1771,554674667,"01771M02:21:27.249","01771 02:09:12",203.21,897.59,,,,"     ",5.30,36.08,9.24
1771,554674668,"01771M02:21:28.222","01771 02:09:12",203.29,897.60,,,,"     ",5.30,36.12,9.25
1771,554674669,"01771M02:21:29.196","01771 02:09:13",203.37,897.62,,,,"     ",5.30,35.92,9.20
1771,554674670,"01771M02:21:30.169","01771 02:09:14",203.45,897.69,,,,"     ",5.30,36.07,9.24
1771,554674671,"01771M02:21:31.142","01771 02:09:15",203.52,897.68,,,,"     ",5.30,36.08,9.24
1771,554674672,"01771M02:21:32.115","01771 02:09:16",203.58,897.64,,,,"     ",5.30,36.01,9.22
1771,554674673,"01771M02:21:33.089","01771 02:09:17",203.60,897.65,,,,"     ",5.30,36.04,9.23
1771,554674674,"01771M02:21:34.062","01771 02:09:18",203.61,897.64,,,,"     ",5.30,35.99,9.21
1771,554674675,"01771M02:21:35.035","01771 02:09:19",203.60,897.64,,,,"     ",5.30,36.02,9.22
1771,554674676,"01771M02:21:36.009","01771 02:09:20",203.60,897.58,,,,"     ",5.30,36.00,9.22
1771,554674677,"01771M02:21:36.982","01771 02:09:21",203.59,897.69,,,,"     ",5.30,36.06,9.23
1771,554674678,"01771M02:21:37.955","01771 02:09:22",203.57,897.62,,,,"     ",5.30,36.01,9.22
1771,554674679,"01771M02:21:38.928","01771 02:09:23",203.66,897.71,,,,"     ",5.30,36.13,9.25
1771,554674680,"01771M02:21:39.902","01771 02:09:24",203.64,897.65,,,,"     ",5.30,35.99,9.22
1771,554674681,"01771M02:21:40.875","01771 02:09:25",203.64,897.59,,,,"     ",5.30,36.16,9.26
1771,554674682,"01771M02:21:41.848","01771 02:09:26",203.65,897.63,,,,"     ",5.30,36.05,9.23
1771,554674683,"01771M02:21:42.821","01771 02:09:27",203.66,897.65,,,,"     ",5.30,36.10,9.24
1771,554674684,"01771M02:21:43.795","01771 02:09:28",203.66,897.54,,,,"     ",5.30,36.24,9.28
1771,554674685,"01771M02:21:44.768","01771 02:09:29",203.54,897.60,,,,"     ",5.30,36.06,9.23
1771,554674686,"01771M02:21:45.741","01771 02:09:30",203.54,897.59,,,,"     ",5.30,36.17,9.26
1771,554674687,"01771M02:21:46.714","01771 02:09:31",203.53,897.70,,,,"     ",5.30,36.10,9.24
1771,554674688,"01771M02:21:47.688","01771 02:09:32",203.54,897.58,,,,"     ",5.30,36.33,9.30
1771,554674689,"01771M02:21:48.661","01771 02:09:33",203.54,897.66,,,,"     ",5.30,36.24,9.28
1771,554674690,"01771M02:21:49.634","01771 02:09:34",203.55,897.71,,,,"     ",5.30,36.10,9.24
1771,554674691,"01771M02:21:50.607","01771 02:09:35",203.54,897.56,,,,"     ",5.30,36.15,9.25
1771,554674692,"01771M02:21:51.581","01771 02:09:36",203.53,897.61,,,,"     ",5.30,36.17,9.26
1771,554674693,"01771M02:21:52.554","01771 02:09:37",203.51,897.72,,,,"     ",5.30,36.25,9.28
1771,554674694,"01771M02:21:53.527","01771 02:09:38",203.50,897.73,,,,"     ",5.30,36.13,9.25
1771,554674695,"01771M02:21:54.500","01771 02:09:39",203.49,897.76,,,,"     ",5.30,36.26,9.29
1771,554674696,"01771M02:21:55.474","01771 02:09:40",203.50,897.83,,,,"     ",5.30,36.29,9.29
1771,554674697,"01771M02:21:56.447","01771 02:09:41",203.52,897.66,,,,"     ",5.30,36.16,9.26
1771,554674698,"01771M02:21:57.420","01771 02:09:42",203.54,897.63,,,,"     ",5.30,36.20,9.27
1771,554674699,"01771M02:21:58.393","01771 02:09:43",203.61,897.72,,,,"     ",5.30,36.22,9.27
1771,554674700,"01771M02:21:59.367","01771 02:09:44",203.62,897.68,,,,"     ",5.30,36.29,9.29
1771,554674701,"01771M02:22:00.340","01771 02:09:45",203.64,897.62,,,,"     ",5.30,36.27,9.29
1771,554674702,"01771M02:22:01.313","01771 02:09:46",203.65,897.61,,,,"     ",5.30,36.18,9.27
1771,554674703,"01771M02:22:02.286","01771 02:09:47",203.67,897.60,,,,"     ",5.30,36.12,9.25
1771,554674704,"01771M02:22:03.260","01771 02:09:48",203.69,897.59,,,,"     ",5.30,36.24,9.28
1771,554674705,"01771M02:22:04.233","01771 02:09:49",203.71,897.62,,,,"     ",5.30,36.33,9.30
1771,554674706,"01771M02:22:05.206","01771 02:09:49",203.61,897.62,,,,"     ",5.30,36.18,9.27
1771,554674707,"01771M02:22:06.179","01771 02:09:50",203.59,897.67,,,,"     ",5.30,36.18,9.26
1771,554674708,"01771M02:22:07.153","01771 02:09:51",203.57,897.65,,,,"     ",5.30,36.21,9.28
1771,554674709,"01771M02:22:08.126","01771 02:09:52",203.54,897.70,,,,"     ",5.30,36.20,9.27
1771,554674710,"01771M02:22:09.099","01771 02:09:53",203.51,897.65,,,,"     ",5.30,36.04,9.23
1771,554674711,"01771M02:22:10.072","01771 02:09:54",203.48,897.65,,,,"     ",5.30,36.22,9.28
1771,554674712,"01771M02:22:11.046","01771 02:09:55",203.47,897.66,,,,"     ",5.30,36.22,9.28
1771,554674713,"01771M02:22:12.019","01771 02:09:56",203.46,897.64,,,,"     ",5.30,36.28,9.30
1771,554674714,"01771M02:22:12.992","01771 02:09:57",203.45,897.67,,,,"     ",5.30,36.28,9.30
1771,554674715,"01771M02:22:13.965","01771 02:09:58",203.45,897.64,,,,"     ",5.30,36.23,9.28
1771,554674716,"01771M02:22:14.939","01771 02:09:59",203.44,897.69,,,,"     ",5.30,36.28,9.30
1771,554674717,"01771M02:22:15.912","01771 02:10:00",203.43,897.74,,,,"     ",5.30,36.10,9.25
1771,554674718,"01771M02:22:16.885","01771 02:10:01",203.41,897.72,,,,"     ",5.30,36.20,9.28
1771,554674719,"01771M02:22:17.858","01771 02:10:02",203.41,897.67,,,,"     ",5.30,36.19,9.27
1771,554674720,"01771M02:22:18.832","01771 02:10:03",203.41,897.75,,,,"     ",5.30,36.25,9.29
1771,554674721,"01771M02:22:19.805","01771 02:10:04",203.42,897.76,,,,"     ",5.30,36.22,9.28
1771,554674722,"01771M02:22:20.778","01771 02:10:05",203.43,897.75,,,,"     ",5.30,36.23,9.28
1771,554674723,"01771M02:22:21.751","01771 02:10:06",203.44,897.66,,,,"     ",5.30,36.06,9.24
1771,554674724,"01771M02:22:22.725","01771 02:10:07",203.44,897.68,,,,"     ",5.30,36.39,9.33
1771,554674725,"01771M02:22:23.698","01771 02:10:08",203.43,897.65,,,,"     ",5.30,36.34,9.31
1771,554674726,"01771M02:22:24.671","01771 02:10:09",203.43,897.59,,,,"     ",5.30,36.25,9.29
1771,554674727,"01771M02:22:25.644","01771 02:10:10",203.42,897.57,,,,"     ",5.30,36.38,9.33
1771,554674728,"01771M02:22:26.618","01771 02:10:11",203.42,897.57,,,,"     ",5.30,36.27,9.30
1771,554674729,"01771M02:22:27.591","01771 02:10:12",203.43,897.65,,,,"     ",5.30,36.32,9.31
1771,554674730,"01771M02:22:28.564","01771 02:10:13",203.44,897.65,,,,"     ",5.30,36.28,9.30
1771,554674731,"01771M02:22:29.537","01771 02:10:14",203.46,897.58,,,,"     ",5.30,36.49,9.36
1771,554674732,"01771M02:22:30.511","01771 02:10:15",203.46,897.66,,,,"     ",5.30,36.25,9.29
1771,554674733,"01771M02:22:31.484","01771 02:10:16",203.47,897.65,,,,"     ",5.30,36.31,9.31
1771,554674734,"01771M02:22:32.457","01771 02:10:17",203.48,897.57,,,,"     ",5.30,36.33,9.31
1771,554674735,"01771M02:22:33.430","01771 02:10:18",203.49,897.63,,,,"     ",5.30,36.38,9.33
1771,554674736,"01771M02:22:34.404","01771 02:10:19",203.51,897.63,,,,"     ",5.30,36.39,9.33
1771,554674737,"01771M02:22:35.377","01771 02:10:20",203.55,897.68,,,,"     ",5.30,36.27,9.30
1771,554674738,"01771M02:22:36.350","01771 02:10:21",203.59,897.60,,,,"     ",5.30,36.34,9.32
1771,554674739,"01771M02:22:37.323","01771 02:10:22",203.64,897.68,,,,"     ",5.30,36.41,9.33
1771,554674740,"01771M02:22:38.297","01771 02:10:23",203.68,897.60,,,,"     ",5.30,36.42,9.33
1771,554674741,"01771M02:22:39.270","01771 02:10:24",203.72,897.62,,,,"     ",5.30,36.43,9.34
1771,554674742,"01771M02:22:40.243","01771 02:10:25",203.73,897.53,,,,"     ",5.30,36.34,9.31
1771,554674743,"01771M02:22:41.216","01771 02:10:26",203.71,897.59,,,,"     ",5.30,36.26,9.29
1771,554674744,"01771M02:22:42.190","01771 02:10:26",203.67,897.55,,,,"     ",5.30,36.28,9.29
1771,554674745,"01771M02:22:43.163","01771 02:10:27",203.62,897.62,,,,"     ",5.30,36.27,9.29
1771,554674746,"01771M02:22:44.136","01771 02:10:28",203.56,897.67,,,,"     ",5.30,36.21,9.28
1771,554674747,"01771M02:22:45.110","01771 02:10:29",203.51,897.64,,,,"     ",5.30,36.35,9.31
1771,554674748,"01771M02:22:46.083","01771 02:10:30",203.46,897.73,,,,"     ",5.30,36.15,9.26
1771,554674749,"01771M02:22:47.056","01771 02:10:31",203.43,897.74,,,,"     ",5.30,36.26,9.29
1771,554674750,"01771M02:22:48.029","01771 02:10:32",203.39,897.64,,,,"     ",5.30,36.32,9.31
1771,554674751,"01771M02:22:49.003","01771 02:10:33",203.37,897.70,,,,"     ",5.30,36.18,9.27
1771,554674752,"01771M02:22:49.976","01771 02:10:34",203.35,897.59,,,,"     ",5.30,36.29,9.30
1771,554674753,"01771M02:22:50.949","01771 02:10:35",203.33,897.63,,,,"     ",5.30,36.19,9.27
1771,554674754,"01771M02:22:51.922","01771 02:10:36",203.32,897.63,,,,"     ",5.30,36.11,9.25
1771,554674755,"01771M02:22:52.896","01771 02:10:37",203.33,897.64,,,,"     ",5.30,36.20,9.28
1771,554674756,"01771M02:22:53.869","01771 02:10:38",203.36,897.61,,,,"     ",5.30,36.25,9.29
1771,554674757,"01771M02:22:54.842","01771 02:10:39",203.40,897.63,,,,"     ",5.30,36.13,9.26
1771,554674758,"01771M02:22:55.815","01771 02:10:40",203.45,897.54,,,,"     ",5.30,36.13,9.26
1771,554674759,"01771M02:22:56.789","01771 02:10:41",203.50,897.44,,,,"     ",5.30,36.07,9.24
1771,554674760,"01771M02:22:57.762","01771 02:10:42",203.53,897.62,,,,"     ",5.30,36.15,9.27
1771,554674761,"01771M02:22:58.735","01771 02:10:43",203.55,897.56,,,,"     ",5.30,35.88,9.20
1771,554674762,"01771M02:22:59.708","01771 02:10:44",203.55,897.57,,,,"     ",5.30,36.06,9.24
1771,554674763,"01771M02:23:00.682","01771 02:10:45",203.55,897.50,,,,"     ",5.30,35.96,9.22
1771,554674764,"01771M02:23:01.655","01771 02:10:46",203.55,897.56,,,,"     ",5.30,35.99,9.22
1771,554674765,"01771M02:23:02.628","01771 02:10:47",203.56,897.53,,,,"     ",5.30,35.92,9.21
1771,554674766,"01771M02:23:03.601","01771 02:10:48",203.55,897.49,,,,"     ",5.30,35.89,9.20
1771,554674767,"01771M02:23:04.575","01771 02:10:49",203.53,897.60,,,,"     ",5.30,35.99,9.23
1771,554674768,"01771M02:23:05.548","01771 02:10:50",203.49,897.50,,,,"     ",5.30,36.01,9.24
1771,554674769,"01771M02:23:06.521","01771 02:10:51",203.45,897.53,,,,"     ",5.30,36.02,9.24
1771,554674770,"01771M02:23:07.494","01771 02:10:52",203.40,897.58,,,,"     ",5.30,36.03,9.24
1771,554674771,"01771M02:23:08.468","01771 02:10:53",203.35,897.58,,,,"     ",5.30,35.93,9.21
1771,554674772,"01771M02:23:09.441","01771 02:10:54",203.30,897.53,,,,"     ",5.30,35.90,9.21
1771,554674773,"01771M02:23:10.414","01771 02:10:55",203.27,897.66,,,,"     ",5.30,35.78,9.18
1771,554674774,"01771M02:23:11.387","01771 02:10:56",203.26,897.66,,,,"     ",5.30,35.89,9.21
1771,554674775,"01771M02:23:12.361","01771 02:10:57",203.26,897.56,,,,"     ",5.30,35.76,9.17
1771,554674776,"01771M02:23:13.334","01771 02:10:58",203.28,897.53,,,,"     ",5.30,35.84,9.20
1771,554674777,"01771M02:23:14.307","01771 02:10:59",203.30,897.52,,,,"     ",5.30,35.94,9.22
1771,554674778,"01771M02:23:15.280","01771 02:11:00",203.32,897.45,,,,"     ",5.30,35.87,9.20
1771,554674779,"01771M02:23:16.254","01771 02:11:01",203.33,897.46,,,,"     ",5.30,35.93,9.22
1771,554674780,"01771M02:23:17.227","01771 02:11:02",203.34,897.48,,,,"     ",5.30,35.71,9.16
1771,554674781,"01771M02:23:18.200","01771 02:11:02",203.35,897.53,,,,"     ",5.30,35.90,9.22
1771,554674782,"01771M02:23:19.173","01771 02:11:03",203.35,897.51,,,,"     ",5.30,35.90,9.21
1771,554674783,"01771M02:23:20.147","01771 02:11:04",203.35,897.53,,,,"     ",5.30,35.83,9.20
1771,554674784,"01771M02:23:21.120","01771 02:11:05",203.35,897.50,,,,"     ",5.30,35.92,9.22
1771,554674785,"01771M02:23:22.093","01771 02:11:06",203.35,897.48,,,,"     ",5.30,35.85,9.20
1771,554674786,"01771M02:23:23.066","01771 02:11:07",203.34,897.50,,,,"     ",5.30,35.90,9.21
1771,554674787,"01771M02:23:24.040","01771 02:11:08",203.34,897.52,,,,"     ",5.30,35.79,9.19
1771,554674788,"01771M02:23:25.013","01771 02:11:09",203.36,897.49,,,,"     ",5.30,35.91,9.22
1771,554674789,"01771M02:23:25.986","01771 02:11:10",203.37,897.46,,,,"     ",5.30,35.74,9.17
1771,554674790,"01771M02:23:26.959","01771 02:11:11",203.39,897.48,,,,"     ",5.30,35.84,9.20
1771,554674791,"01771M02:23:27.933","01771 02:11:12",203.41,897.54,,,,"     ",5.30,35.81,9.19
1771,554674792,"01771M02:23:28.906","01771 02:11:13",203.42,897.44,,,,"     ",5.30,35.81,9.19
1771,554674793,"01771M02:23:29.879","01771 02:11:14",203.42,897.38,,,,"     ",5.30,35.80,9.19
1771,554674794,"01771M02:23:30.852","01771 02:11:15",203.43,897.49,,,,"     ",5.30,35.72,9.17
1771,554674795,"01771M02:23:31.826","01771 02:11:16",203.45,897.58,,,,"     ",5.30,35.77,9.18
1771,554674796,"01771M02:23:32.799","01771 02:11:17",203.47,897.63,,,,"     ",5.30,35.72,9.17
1771,554674797,"01771M02:23:33.772","01771 02:11:18",203.48,897.67,,,,"     ",5.30,35.59,9.13
1771,554674798,"01771M02:23:34.745","01771 02:11:19",203.48,897.59,,,,"     ",5.30,35.79,9.19
1771,554674799,"01771M02:23:35.719","01771 02:11:20",203.46,897.56,,,,"     ",5.30,35.72,9.17
1771,554674800,"01771M02:23:36.692","01771 02:11:21",203.43,897.52,,,,"     ",5.30,35.79,9.19
1771,554674801,"01771M02:23:37.665","01771 02:11:22",203.39,897.55,,,,"     ",5.30,35.68,9.16
1771,554674802,"01771M02:23:38.638","01771 02:11:23",203.34,897.51,,,,"     ",5.30,35.64,9.15
1771,554674803,"01771M02:23:39.612","01771 02:11:24",203.30,897.56,,,,"     ",5.30,35.60,9.13
1771,554674804,"01771M02:23:40.585","01771 02:11:25",203.26,897.50,,,,"     ",5.30,35.82,9.19
1771,554674805,"01771M02:23:41.558","01771 02:11:26",203.23,897.54,,,,"     ",5.30,35.63,9.14
1771,554674806,"01771M02:23:42.531","01771 02:11:27",203.19,897.59,,,,"     ",5.30,35.69,9.16
1771,554674807,"01771M02:23:43.505","01771 02:11:28",203.16,897.49,,,,"     ",5.30,35.73,9.17
1771,554674808,"01771M02:23:44.478","01771 02:11:29",203.13,897.47,,,,"     ",5.30,35.67,9.16
1771,554674809,"01771M02:23:45.451","01771 02:11:30",203.23,897.40,,,,"     ",5.30,35.70,9.16
1771,554674810,"01771M02:23:46.424","01771 02:11:31",203.20,897.46,,,,"     ",5.30,35.69,9.16
1771,554674811,"01771M02:23:47.398","01771 02:11:32",203.19,897.47,,,,"     ",5.30,35.62,9.14
1771,554674812,"01771M02:23:48.371","01771 02:11:33",203.22,897.46,,,,"     ",5.30,35.65,9.15
1771,554674813,"01771M02:23:49.344","01771 02:11:34",203.29,897.47,,,,"     ",5.30,35.59,9.14
1771,554674814,"01771M02:23:50.317","01771 02:11:35",203.28,897.49,,,,"     ",5.30,35.61,9.14
1771,554674815,"01771M02:23:51.291","01771 02:11:36",203.34,897.47,,,,"     ",5.30,35.71,9.17
1771,554674816,"01771M02:23:52.264","01771 02:11:37",203.37,897.58,,,,"     ",5.30,35.61,9.14
1771,554674817,"01771M02:23:53.237","01771 02:11:38",203.39,897.55,,,,"     ",5.30,35.69,9.16
1771,554674818,"01771M02:23:54.210","01771 02:11:39",203.38,897.57,,,,"     ",5.30,35.48,9.11
1771,554674819,"01771M02:23:55.184","01771 02:11:39",203.36,897.55,,,,"     ",5.30,35.57,9.13
1771,554674820,"01771M02:23:56.157","01771 02:11:40",203.33,897.51,,,,"     ",5.30,35.56,9.13
1771,554674821,"01771M02:23:57.130","01771 02:11:41",203.32,897.45,,,,"     ",5.30,35.48,9.11
1771,554674822,"01771M02:23:58.104","01771 02:11:42",203.29,897.48,,,,"     ",5.30,35.45,9.10
1771,554674823,"01771M02:23:59.077","01771 02:11:43",203.25,897.53,,,,"     ",5.30,35.57,9.13
1771,554674824,"01771M02:24:00.050","01771 02:11:44",203.20,897.43,,,,"     ",5.30,35.46,9.10
1771,554674825,"01771M02:24:01.023","01771 02:11:45",203.14,897.47,,,,"     ",5.30,35.49,9.11
1771,554674826,"01771M02:24:01.997","01771 02:11:46",203.22,897.47,,,,"     ",5.30,35.49,9.11
1771,554674827,"01771M02:24:02.970","01771 02:11:47",203.17,897.52,,,,"     ",5.30,35.41,9.09
1771,554674828,"01771M02:24:03.943","01771 02:11:48",203.12,897.54,,,,"     ",5.30,35.38,9.08
1771,554674829,"01771M02:24:04.916","01771 02:11:49",203.09,897.55,,,,"     ",5.30,35.33,9.07
1771,554674830,"01771M02:24:05.890","01771 02:11:50",203.06,897.52,,,,"     ",5.30,35.56,9.13
1771,554674831,"01771M02:24:06.863","01771 02:11:51",203.03,897.49,,,,"     ",5.30,35.47,9.11
1771,554674832,"01771M02:24:07.836","01771 02:11:52",202.98,897.45,,,,"     ",5.30,35.43,9.10
1771,554674833,"01771M02:24:08.809","01771 02:11:53",202.91,897.57,,,,"     ",5.30,35.27,9.06
1771,554674834,"01771M02:24:09.783","01771 02:11:54",202.84,897.54,,,,"     ",5.30,35.37,9.08
1771,554674835,"01771M02:24:10.756","01771 02:11:55",202.76,897.50,,,,"     ",5.30,35.24,9.05
1771,554674836,"01771M02:24:11.729","01771 02:11:56",202.71,897.52,,,,"     ",5.30,35.38,9.09
1771,554674837,"01771M02:24:12.702","01771 02:11:57",202.71,897.45,,,,"     ",5.30,35.30,9.07
1771,554674838,"01771M02:24:13.676","01771 02:11:58",202.76,897.47,,,,"     ",5.30,35.38,9.09
1771,554674839,"01771M02:24:14.649","01771 02:11:59",202.84,897.49,,,,"     ",5.30,35.27,9.06
1771,554674840,"01771M02:24:15.622","01771 02:12:00",202.92,897.51,,,,"     ",5.30,35.29,9.07
1771,554674841,"01771M02:24:16.595","01771 02:12:01",203.00,897.54,,,,"     ",5.30,35.30,9.07
1771,554674842,"01771M02:24:17.569","01771 02:12:02",203.06,897.50,,,,"     ",5.30,35.37,9.09
1771,554674843,"01771M02:24:18.542","01771 02:12:03",203.11,897.54,,,,"     ",5.30,35.26,9.06
1771,554674844,"01771M02:24:19.515","01771 02:12:04",203.16,897.53,,,,"     ",5.30,35.33,9.08
1771,554674845,"01771M02:24:20.488","01771 02:12:05",203.06,897.50,,,,"     ",5.30,35.23,9.06
1771,554674846,"01771M02:24:21.462","01771 02:12:06",203.08,897.53,,,,"     ",5.30,35.33,9.09
1771,554674847,"01771M02:24:22.435","01771 02:12:07",203.10,897.64,,,,"     ",5.30,35.27,9.07
1771,554674848,"01771M02:24:23.408","01771 02:12:08",203.10,897.61,,,,"     ",5.30,35.36,9.10
1771,554674849,"01771M02:24:24.381","01771 02:12:09",203.09,897.62,,,,"     ",5.30,35.23,9.06
1771,554674850,"01771M02:24:25.355","01771 02:12:10",203.08,897.57,,,,"     ",5.30,35.26,9.07
1771,554674851,"01771M02:24:26.328","01771 02:12:11",203.06,897.51,,,,"     ",5.30,35.13,9.04
1771,554674852,"01771M02:24:27.301","01771 02:12:12",203.04,897.70,,,,"     ",5.30,35.07,9.02
1771,554674853,"01771M02:24:28.274","01771 02:12:13",203.03,897.59,,,,"     ",5.30,34.99,9.00
1771,554674854,"01771M02:24:29.248","01771 02:12:14",203.02,897.50,,,,"     ",5.30,35.23,9.07
1771,554674855,"01771M02:24:30.221","01771 02:12:15",203.01,897.51,,,,"     ",5.30,35.25,9.07
1771,554674856,"01771M02:24:31.194","01771 02:12:16",203.01,897.57,,,,"     ",5.30,35.17,9.05
1771,554674857,"01771M02:24:32.167","01771 02:12:16",203.00,897.48,,,,"     ",5.30,35.06,9.02
1771,554674858,"01771M02:24:33.141","01771 02:12:17",202.97,897.54,,,,"     ",5.30,35.11,9.04
1771,554674859,"01771M02:24:34.114","01771 02:12:18",202.94,897.55,,,,"     ",5.30,35.11,9.04
1771,554674860,"01771M02:24:35.087","01771 02:12:19",202.89,897.43,,,,"     ",5.30,35.11,9.04
1771,554674861,"01771M02:24:36.060","01771 02:12:20",202.83,897.58,,,,"     ",5.30,35.20,9.06
1771,554674862,"01771M02:24:37.034","01771 02:12:21",202.96,897.55,,,,"     ",5.30,35.08,9.03
1771,554674863,"01771M02:24:38.007","01771 02:12:22",202.89,897.57,,,,"     ",5.30,35.13,9.05
1771,554674864,"01771M02:24:38.980","01771 02:12:23",202.83,897.52,,,,"     ",5.30,35.05,9.03
1771,554674865,"01771M02:24:39.953","01771 02:12:24",202.78,897.49,,,,"     ",5.30,34.98,9.01
1771,554674866,"01771M02:24:40.927","01771 02:12:25",202.77,897.41,,,,"     ",5.30,35.06,9.03
1771,554674867,"01771M02:24:41.900","01771 02:12:26",202.78,897.42,,,,"     ",5.30,34.95,9.00
1771,554674868,"01771M02:24:42.873","01771 02:12:27",202.82,897.48,,,,"     ",5.30,35.01,9.02
1771,554674869,"01771M02:24:43.846","01771 02:12:28",202.88,897.50,,,,"     ",5.30,35.05,9.03
1771,554674870,"01771M02:24:44.820","01771 02:12:29",202.95,897.42,,,,"     ",5.30,34.96,9.01
1771,554674871,"01771M02:24:45.793","01771 02:12:30",203.02,897.46,,,,"     ",5.30,35.07,9.04
1771,554674872,"01771M02:24:46.766","01771 02:12:31",203.07,897.46,,,,"     ",5.30,34.95,9.01
1771,554674873,"01771M02:24:47.739","01771 02:12:32",203.11,897.46,,,,"     ",5.30,34.97,9.02
1771,554674874,"01771M02:24:48.713","01771 02:12:33",203.12,897.47,,,,"     ",5.30,34.95,9.01
1771,554674875,"01771M02:24:49.686","01771 02:12:34",203.12,897.45,,,,"     ",5.30,34.87,8.99
1771,554674876,"01771M02:24:50.659","01771 02:12:35",203.10,897.49,,,,"     ",5.30,34.91,9.00
1771,554674877,"01771M02:24:51.632","01771 02:12:36",203.07,897.46,,,,"     ",5.30,34.94,9.01
1771,554674878,"01771M02:24:52.606","01771 02:12:37",203.03,897.47,,,,"     ",5.30,34.80,8.98
1771,554674879,"01771M02:24:53.579","01771 02:12:38",202.99,897.47,,,,"     ",5.30,34.76,8.97
1771,554674880,"01771M02:24:54.552","01771 02:12:39",202.96,897.42,,,,"     ",5.30,34.92,9.01
1771,554674881,"01771M02:24:55.525","01771 02:12:40",202.94,897.45,,,,"     ",5.30,34.75,8.97
1771,554674882,"01771M02:24:56.499","01771 02:12:41",202.92,897.37,,,,"     ",5.30,34.89,9.01
1771,554674883,"01771M02:24:57.472","01771 02:12:42",202.91,897.46,,,,"     ",5.30,34.77,8.98
1771,554674884,"01771M02:24:58.445","01771 02:12:43",202.91,897.44,,,,"     ",5.30,34.63,8.94
1771,554674885,"01771M02:24:59.418","01771 02:12:44",202.94,897.36,,,,"     ",5.30,34.90,9.01
1771,554674886,"01771M02:25:00.392","01771 02:12:45",202.97,897.39,,,,"     ",5.30,34.72,8.97
1771,554674887,"01771M02:25:01.365","01771 02:12:46",203.02,897.43,,,,"     ",5.30,34.69,8.96
1771,554674888,"01771M02:25:02.338","01771 02:12:47",203.07,897.38,,,,"     ",5.30,34.83,9.00
1771,554674889,"01771M02:25:03.311","01771 02:12:48",203.11,897.32,,,,"     ",5.30,34.62,8.94
1771,554674890,"01771M02:25:04.285","01771 02:12:49",203.11,897.38,,,,"     ",5.30,34.72,8.97
1771,554674891,"01771M02:25:05.258","01771 02:12:50",203.10,897.43,,,,"     ",5.30,34.73,8.98
1771,554674892,"01771M02:25:06.231","01771 02:12:51",203.06,897.40,,,,"     ",5.30,34.67,8.96
1771,554674893,"01771M02:25:07.205","01771 02:12:52",203.01,897.45,,,,"     ",5.30,34.59,8.94
1771,554674894,"01771M02:25:08.178","01771 02:12:52",202.94,897.41,,,,"     ",5.30,34.72,8.98
1771,554674895,"01771M02:25:09.151","01771 02:12:53",202.87,897.44,,,,"     ",5.30,34.51,8.93
1771,554674896,"01771M02:25:10.124","01771 02:12:54",202.82,897.43,,,,"     ",5.30,34.56,8.94
1771,554674897,"01771M02:25:11.098","01771 02:12:55",202.79,897.49,,,,"     ",5.30,34.56,8.94
1771,554674898,"01771M02:25:12.071","01771 02:12:56",202.77,897.42,,,,"     ",5.30,34.58,8.95
1771,554674899,"01771M02:25:13.044","01771 02:12:57",202.76,897.43,,,,"     ",5.30,34.61,8.96
1771,554674900,"01771M02:25:14.017","01771 02:12:58",202.76,897.42,,,,"     ",5.30,34.61,8.96
1771,554674901,"01771M02:25:14.991","01771 02:12:59",202.78,897.41,,,,"     ",5.30,34.59,8.95
1771,554674902,"01771M02:25:15.964","01771 02:13:00",202.82,897.34,,,,"     ",5.30,34.47,8.92
1771,554674903,"01771M02:25:16.937","01771 02:13:01",202.87,897.44,,,,"     ",5.30,34.50,8.93
1771,554674904,"01771M02:25:17.910","01771 02:13:02",202.93,897.40,,,,"     ",5.30,34.60,8.96
1771,554674905,"01771M02:25:18.884","01771 02:13:03",203.02,897.38,,,,"     ",5.30,34.58,8.95
1771,554674906,"01771M02:25:19.857","01771 02:13:04",202.90,897.33,,,,"     ",5.30,34.71,8.99
1771,554674907,"01771M02:25:20.830","01771 02:13:05",202.91,897.39,,,,"     ",5.30,34.62,8.97
1771,554674908,"01771M02:25:21.803","01771 02:13:06",202.90,897.43,,,,"     ",5.30,34.60,8.96
1771,554674909,"01771M02:25:22.777","01771 02:13:07",202.88,897.38,,,,"     ",5.30,34.55,8.95
1771,554674910,"01771M02:25:23.750","01771 02:13:08",202.85,897.42,,,,"     ",5.30,34.54,8.95
1771,554674911,"01771M02:25:24.723","01771 02:13:09",202.82,897.26,,,,"     ",5.30,34.47,8.93
1771,554674912,"01771M02:25:25.696","01771 02:13:10",202.77,897.34,,,,"     ",5.30,34.51,8.94
1771,554674913,"01771M02:25:26.670","01771 02:13:11",202.91,897.26,,,,"     ",5.30,34.55,8.95
1771,554674914,"01771M02:25:27.643","01771 02:13:12",202.88,897.34,,,,"     ",5.30,34.56,8.96
1771,554674915,"01771M02:25:28.616","01771 02:13:13",202.84,897.34,,,,"     ",5.30,34.57,8.96
1771,554674916,"01771M02:25:29.589","01771 02:13:14",202.82,897.33,,,,"     ",5.30,34.48,8.93
1771,554674917,"01771M02:25:30.563","01771 02:13:15",202.81,897.21,,,,"     ",5.30,34.54,8.95
1771,554674918,"01771M02:25:31.536","01771 02:13:16",202.81,897.30,,,,"     ",5.30,34.62,8.97
1771,554674919,"01771M02:25:32.509","01771 02:13:17",202.84,897.35,,,,"     ",5.30,34.74,9.00
1771,554674920,"01771M02:25:33.482","01771 02:13:18",202.89,897.31,,,,"     ",5.30,34.64,8.98
1771,554674921,"01771M02:25:34.456","01771 02:13:19",202.94,897.44,,,,"     ",5.30,34.65,8.99
1771,554674922,"01771M02:25:35.429","01771 02:13:20",202.99,897.37,,,,"     ",5.30,34.51,8.95
1771,554674923,"01771M02:25:36.402","01771 02:13:21",203.03,897.45,,,,"     ",5.30,34.62,8.98
1771,554674924,"01771M02:25:37.375","01771 02:13:22",202.90,897.40,,,,"     ",5.30,34.52,8.95
1771,554674925,"01771M02:25:38.349","01771 02:13:23",202.94,897.44,,,,"     ",5.30,34.61,8.97
1771,554674926,"01771M02:25:39.322","01771 02:13:24",202.97,897.26,,,,"     ",5.30,34.60,8.97
1771,554674927,"01771M02:25:40.295","01771 02:13:25",202.99,897.25,,,,"     ",5.30,34.56,8.96
1771,554674928,"01771M02:25:41.268","01771 02:13:26",202.98,897.17,,,,"     ",5.30,34.61,8.97
1771,554674929,"01771M02:25:42.242","01771 02:13:27",202.95,897.27,,,,"     ",5.30,34.72,9.01
1771,554674930,"01771M02:25:43.215","01771 02:13:28",202.91,897.30,,,,"     ",5.30,34.57,8.96
1771,554674931,"01771M02:25:44.188","01771 02:13:29",202.87,897.33,,,,"     ",5.30,34.66,8.99
1771,554674932,"01771M02:25:45.161","01771 02:13:29",202.84,897.39,,,,"     ",5.30,34.72,9.01
1771,554674933,"01771M02:25:46.135","01771 02:13:30",202.80,897.34,,,,"     ",5.30,34.64,8.99
1771,554674934,"01771M02:25:47.108","01771 02:13:31",202.75,897.40,,,,"     ",5.30,34.70,9.00
1771,554674935,"01771M02:25:48.081","01771 02:13:32",202.71,897.35,,,,"     ",5.30,34.71,9.00
1771,554674936,"01771M02:25:49.054","01771 02:13:33",202.67,897.36,,,,"     ",5.30,34.67,8.99
1771,554674937,"01771M02:25:50.028","01771 02:13:34",202.64,897.26,,,,"     ",5.30,34.76,9.01
1771,554674938,"01771M02:25:51.001","01771 02:13:35",202.60,897.29,,,,"     ",5.30,34.71,9.00
1771,554674939,"01771M02:25:51.974","01771 02:13:36",202.83,897.36,,,,"     ",5.30,34.86,9.04
1771,554674940,"01771M02:25:52.947","01771 02:13:37",202.78,897.24,,,,"     ",5.30,34.83,9.03
1771,554674941,"01771M02:25:53.921","01771 02:13:38",202.76,897.30,,,,"     ",5.30,35.05,9.09
1771,554674942,"01771M02:25:54.894","01771 02:13:39",202.75,897.35,,,,"     ",5.30,34.99,9.07
1771,554674943,"01771M02:25:55.867","01771 02:13:40",202.76,897.26,,,,"     ",5.30,35.04,9.09
1771,554674944,"01771M02:25:56.840","01771 02:13:41",202.79,897.28,,,,"     ",5.30,34.96,9.06
1771,554674945,"01771M02:25:57.814","01771 02:13:42",202.83,897.35,,,,"     ",5.30,35.04,9.09
1771,554674946,"01771M02:25:58.787","01771 02:13:43",202.88,897.48,,,,"     ",5.30,34.86,9.04
1771,554674947,"01771M02:25:59.760","01771 02:13:44",202.95,897.41,,,,"     ",5.30,35.08,9.09
1771,554674948,"01771M02:26:00.733","01771 02:13:45",203.04,897.48,,,,"     ",5.30,34.89,9.04
1771,554674949,"01771M02:26:01.707","01771 02:13:46",203.15,897.30,,,,"     ",5.30,35.22,9.13
1771,554674950,"01771M02:26:02.680","01771 02:13:47",203.12,897.34,,,,"     ",5.30,35.17,9.12
1771,554674951,"01771M02:26:03.653","01771 02:13:48",203.24,897.26,,,,"     ",5.30,35.17,9.11
1771,554674952,"01771M02:26:04.626","01771 02:13:49",203.37,897.25,,,,"     ",5.30,35.14,9.10
1771,554674953,"01771M02:26:05.600","01771 02:13:50",202.72,897.27,,,,"     ",5.30,35.20,9.12
1771,554674954,"01771M02:26:06.573","01771 02:13:51",202.72,897.25,,,,"     ",5.30,35.16,9.11
1771,554674955,"01771M02:26:07.546","01771 02:13:52",202.72,897.37,,,,"     ",5.30,35.26,9.13
1771,554674956,"01771M02:26:08.519","01771 02:13:53",202.72,897.37,,,,"     ",5.30,35.17,9.11
1771,554674957,"01771M02:26:09.493","01771 02:13:54",202.72,897.37,,,,"     ",5.30,35.34,9.15
1771,554674958,"01771M02:26:10.466","01771 02:13:55",202.72,897.37,,,,"     ",5.30,35.18,9.11
1771,554674959,"01771M02:26:11.439","01771 02:13:56",202.73,897.35,,,,"     ",5.30,35.32,9.15
1771,554674960,"01771M02:26:12.412","01771 02:13:57",202.73,897.32,,,,"     ",5.30,35.30,9.14
1771,554674961,"01771M02:26:13.386","01771 02:13:58",202.73,897.23,,,,"     ",5.30,35.38,9.16
1771,554674962,"01771M02:26:14.359","01771 02:13:59",202.74,897.32,,,,"     ",5.30,35.33,9.15
1771,554674963,"01771M02:26:15.332","01771 02:14:00",202.74,897.37,,,,"     ",5.30,35.34,9.15
1771,554674964,"01771M02:26:16.306","01771 02:14:01",202.75,897.36,,,,"     ",5.30,35.22,9.12
1771,554674965,"01771M02:26:17.279","01771 02:14:02",202.76,897.24,,,,"     ",5.30,35.26,9.13
1771,554674966,"01771M02:26:18.252","01771 02:14:03",202.98,897.26,,,,"     ",5.30,35.44,9.18
1771,554674967,"01771M02:26:19.225","01771 02:14:04",202.99,897.26,,,,"     ",5.30,35.30,9.14
1771,554674968,"01771M02:26:20.199","01771 02:14:05",202.99,897.33,,,,"     ",5.30,35.26,9.13
1771,554674969,"01771M02:26:21.172","01771 02:14:06",203.00,897.30,,,,"     ",5.30,35.21,9.11
1771,554674970,"01771M02:26:22.145","01771 02:14:06",203.00,897.24,,,,"     ",5.30,35.24,9.12
1771,554674971,"01771M02:26:23.118","01771 02:14:07",203.00,897.31,,,,"     ",5.30,35.27,9.13
1771,554674972,"01771M02:26:24.092","01771 02:14:08",203.01,897.35,,,,"     ",5.30,35.38,9.16
1771,554674973,"01771M02:26:25.065","01771 02:14:09",203.02,897.28,,,,"     ",5.30,35.38,9.16
1771,554674974,"01771M02:26:26.038","01771 02:14:10",203.03,897.37,,,,"     ",5.30,35.27,9.13
1771,554674975,"01771M02:26:27.011","01771 02:14:11",202.83,897.38,,,,"     ",5.30,35.34,9.15
1771,554674976,"01771M02:26:27.985","01771 02:14:12",202.84,897.34,,,,"     ",5.30,35.42,9.17
1771,554674977,"01771M02:26:28.958","01771 02:14:13",202.85,897.39,,,,"     ",5.30,35.52,9.20
1771,554674978,"01771M02:26:29.931","01771 02:14:14",202.87,897.42,,,,"     ",5.30,35.53,9.20
1771,554674979,"01771M02:26:30.904","01771 02:14:15",202.88,897.27,,,,"     ",5.30,35.47,9.18
1771,554674980,"01771M02:26:31.878","01771 02:14:16",202.90,897.31,,,,"     ",5.30,35.43,9.17
1771,554674981,"01771M02:26:32.851","01771 02:14:17",202.92,897.35,,,,"     ",5.30,35.49,9.19
1771,554674982,"01771M02:26:33.824","01771 02:14:18",202.95,897.37,,,,"     ",5.30,35.46,9.18
1771,554674983,"01771M02:26:34.797","01771 02:14:19",202.97,897.35,,,,"     ",5.30,35.49,9.19
1771,554674984,"01771M02:26:35.771","01771 02:14:20",203.00,897.22,,,,"     ",5.30,35.58,9.21
1771,554674985,"01771M02:26:36.744","01771 02:14:21",203.02,897.22,,,,"     ",5.30,35.55,9.20
1771,554674986,"01771M02:26:37.717","01771 02:14:22",203.06,897.26,,,,"     ",5.30,35.59,9.21
1771,554674987,"01771M02:26:38.690","01771 02:14:23",203.09,897.30,,,,"     ",5.30,35.59,9.21
1771,554674988,"01771M02:26:39.664","01771 02:14:24",203.12,897.22,,,,"     ",5.30,35.68,9.23
1771,554674989,"01771M02:26:40.637","01771 02:14:25",203.14,897.26,,,,"     ",5.30,35.85,9.27
1771,554674990,"01771M02:26:41.610","01771 02:14:26",203.16,897.38,,,,"     ",5.30,35.71,9.24
1771,554674991,"01771M02:26:42.583","01771 02:14:27",203.17,897.37,,,,"     ",5.30,35.68,9.23
1771,554674992,"01771M02:26:43.557","01771 02:14:28",203.17,897.28,,,,"     ",5.30,35.64,9.22
1771,554674993,"01771M02:26:44.530","01771 02:14:29",203.17,897.36,,,,"     ",5.30,35.77,9.25
1771,554674994,"01771M02:26:45.503","01771 02:14:30",203.16,897.32,,,,"     ",5.30,35.79,9.25
1771,554674995,"01771M02:26:46.476","01771 02:14:31",203.15,897.36,,,,"     ",5.30,35.78,9.25
1771,554674996,"01771M02:26:47.450","01771 02:14:32",203.13,897.34,,,,"     ",5.30,35.94,9.29
1771,554674997,"01771M02:26:48.423","01771 02:14:33",203.12,897.28,,,,"     ",5.30,35.77,9.24
1771,554674998,"01771M02:26:49.396","01771 02:14:34",203.12,897.26,,,,"     ",5.30,36.01,9.30
1771,554674999,"01771M02:26:50.369","01771 02:14:35",203.13,897.19,,,,"     ",5.30,35.72,9.22
1771,554675000,"01771M02:26:51.343","01771 02:14:36",203.14,897.19,,,,"     ",5.30,35.87,9.26
1771,554675001,"01771M02:26:52.316","01771 02:14:37",203.17,897.19,,,,"     ",5.30,35.97,9.29
1771,554675002,"01771M02:26:53.289","01771 02:14:38",203.20,897.23,,,,"     ",5.30,36.03,9.30
1771,554675003,"01771M02:26:54.262","01771 02:14:39",203.25,897.29,,,,"     ",5.30,36.01,9.29
1771,554675004,"01771M02:26:55.236","01771 02:14:40",203.30,897.24,,,,"     ",5.30,36.17,9.33
1771,554675005,"01771M02:26:56.209","01771 02:14:41",203.36,897.35,,,,"     ",5.30,36.12,9.32
1771,554675006,"01771M02:26:57.182","01771 02:14:42",203.43,897.31,,,,"     ",5.30,35.94,9.27
1771,554675007,"01771M02:26:58.155","01771 02:14:43",203.49,897.37,,,,"     ",5.30,36.13,9.32
1771,554675008,"01771M02:26:59.129","01771 02:14:43",203.55,897.31,,,,"     ",5.30,36.06,9.29
1771,554675009,"01771M02:27:00.102","01771 02:14:44",203.60,897.36,,,,"     ",5.30,36.16,9.32
1771,554675010,"01771M02:27:01.075","01771 02:14:45",203.65,897.47,,,,"     ",5.30,36.03,9.28
1771,554675011,"01771M02:27:02.048","01771 02:14:46",203.68,897.42,,,,"     ",5.30,36.36,9.37
1771,554675012,"01771M02:27:03.022","01771 02:14:47",203.70,897.37,,,,"     ",5.30,36.19,9.32
1771,554675013,"01771M02:27:03.995","01771 02:14:48",203.70,897.31,,,,"     ",5.30,36.13,9.30
1771,554675014,"01771M02:27:04.968","01771 02:14:49",203.70,897.26,,,,"     ",5.30,36.33,9.35
1771,554675015,"01771M02:27:05.941","01771 02:14:50",203.68,897.26,,,,"     ",5.30,36.36,9.35
1771,554675016,"01771M02:27:06.915","01771 02:14:51",203.66,897.25,,,,"     ",5.30,36.19,9.31
1771,554675017,"01771M02:27:07.888","01771 02:14:52",203.64,897.26,,,,"     ",5.30,36.38,9.35
1771,554675018,"01771M02:27:08.861","01771 02:14:53",203.61,897.31,,,,"     ",5.30,36.23,9.31
1771,554675019,"01771M02:27:09.834","01771 02:14:54",203.59,897.28,,,,"     ",5.30,36.24,9.31
1771,554675020,"01771M02:27:10.808","01771 02:14:55",203.56,897.39,,,,"     ",5.30,36.33,9.33
1771,554675021,"01771M02:27:11.781","01771 02:14:56",203.54,897.35,,,,"     ",5.30,36.39,9.34
1771,554675022,"01771M02:27:12.754","01771 02:14:57",203.52,897.34,,,,"     ",5.30,36.39,9.34
1771,554675023,"01771M02:27:13.727","01771 02:14:58",203.50,897.29,,,,"     ",5.30,36.42,9.34
1771,554675024,"01771M02:27:14.701","01771 02:14:59",203.48,897.30,,,,"     ",5.30,36.46,9.35
1771,554675025,"01771M02:27:15.674","01771 02:15:00",203.47,897.27,,,,"     ",5.30,36.49,9.36
1771,554675026,"01771M02:27:16.647","01771 02:15:01",203.46,897.25,,,,"     ",5.30,36.58,9.38
1771,554675027,"01771M02:27:17.620","01771 02:15:02",203.45,897.30,,,,"     ",5.30,36.53,9.36
1771,554675028,"01771M02:27:18.594","01771 02:15:03",203.46,897.28,,,,"     ",5.30,36.57,9.37
1771,554675029,"01771M02:27:19.567","01771 02:15:04",203.47,897.29,,,,"     ",5.30,36.50,9.35
1771,554675030,"01771M02:27:20.540","01771 02:15:05",203.48,897.28,,,,"     ",5.30,36.65,9.38
1771,554675031,"01771M02:27:21.513","01771 02:15:06",203.49,897.30,,,,"     ",5.30,36.75,9.41
1771,554675032,"01771M02:27:22.487","01771 02:15:07",203.49,897.30,,,,"     ",5.30,36.60,9.37
1771,554675033,"01771M02:27:23.460","01771 02:15:08",203.49,897.28,,,,"     ",5.30,36.83,9.42
1771,554675034,"01771M02:27:24.433","01771 02:15:09",203.47,897.30,,,,"     ",5.30,36.68,9.38
1771,554675035,"01771M02:27:25.407","01771 02:15:10",203.45,897.35,,,,"     ",5.30,36.80,9.41
1771,554675036,"01771M02:27:26.380","01771 02:15:11",203.41,897.35,,,,"     ",5.30,36.72,9.38
1771,554675037,"01771M02:27:27.353","01771 02:15:12",203.37,897.29,,,,"     ",5.30,36.92,9.43
1771,554675038,"01771M02:27:28.326","01771 02:15:13",203.33,897.30,,,,"     ",5.30,36.78,9.39
1771,554675039,"01771M02:27:29.300","01771 02:15:14",203.29,897.28,,,,"     ",5.30,36.97,9.44
1771,554675040,"01771M02:27:30.273","01771 02:15:15",203.25,897.29,,,,"     ",5.30,36.99,9.44
1771,554675041,"01771M02:27:31.246","01771 02:15:16",203.22,897.32,,,,"     ",5.30,37.03,9.44
1771,554675042,"01771M02:27:32.219","01771 02:15:17",203.27,897.28,,,,"     ",5.30,36.99,9.43
1771,554675043,"01771M02:27:33.193","01771 02:15:18",203.21,897.30,,,,"     ",5.30,36.98,9.42
1771,554675044,"01771M02:27:34.166","01771 02:15:19",203.18,897.25,,,,"     ",5.30,36.96,9.42
1771,554675045,"01771M02:27:35.139","01771 02:15:19",203.16,897.20,,,,"     ",5.30,37.01,9.43
1771,554675046,"01771M02:27:36.112","01771 02:15:20",203.17,897.19,,,,"     ",5.30,37.15,9.46
1771,554675047,"01771M02:27:37.086","01771 02:15:21",203.20,897.21,,,,"     ",5.30,37.12,9.45
1771,554675048,"01771M02:27:38.059","01771 02:15:22",203.23,897.18,,,,"     ",5.30,37.27,9.49
1771,554675049,"01771M02:27:39.032","01771 02:15:23",203.27,897.28,,,,"     ",5.30,37.11,9.44
1771,554675050,"01771M02:27:40.005","01771 02:15:24",203.32,897.28,,,,"     ",5.30,37.05,9.42
1771,554675051,"01771M02:27:40.979","01771 02:15:25",203.37,897.26,,,,"     ",5.30,37.17,9.45
1771,554675052,"01771M02:27:41.952","01771 02:15:26",203.41,897.24,,,,"     ",5.30,37.38,9.50
1771,554675053,"01771M02:27:42.925","01771 02:15:27",203.40,897.21,,,,"     ",5.30,37.21,9.45
1771,554675054,"01771M02:27:43.898","01771 02:15:28",203.41,897.33,,,,"     ",5.30,37.30,9.47
1771,554675055,"01771M02:27:44.872","01771 02:15:29",203.42,897.18,,,,"     ",5.30,37.32,9.48
1771,554675056,"01771M02:27:45.845","01771 02:15:30",203.43,897.17,,,,"     ",5.30,37.29,9.46
1771,554675057,"01771M02:27:46.818","01771 02:15:31",203.43,897.27,,,,"     ",5.30,37.38,9.49
1771,554675058,"01771M02:27:47.791","01771 02:15:32",203.43,897.27,,,,"     ",5.30,37.26,9.45
1771,554675059,"01771M02:27:48.765","01771 02:15:33",203.43,897.30,,,,"     ",5.30,37.25,9.45
1771,554675060,"01771M02:27:49.738","01771 02:15:34",203.41,897.26,,,,"     ",5.30,37.24,9.44
1771,554675061,"01771M02:27:50.711","01771 02:15:35",203.40,897.24,,,,"     ",5.30,37.33,9.46
1771,554675062,"01771M02:27:51.684","01771 02:15:36",203.39,897.23,,,,"     ",5.30,37.41,9.48
1771,554675063,"01771M02:27:52.658","01771 02:15:37",203.39,897.21,,,,"     ",5.30,37.30,9.45
1771,554675064,"01771M02:27:53.631","01771 02:15:38",203.39,897.26,,,,"     ",5.30,37.35,9.46
1771,554675065,"01771M02:27:54.604","01771 02:15:39",203.39,897.30,,,,"     ",5.30,37.36,9.46
1771,554675066,"01771M02:27:55.577","01771 02:15:40",203.40,897.29,,,,"     ",5.30,37.27,9.44
1771,554675067,"01771M02:27:56.551","01771 02:15:41",203.42,897.32,,,,"     ",5.30,37.38,9.46
1771,554675068,"01771M02:27:57.524","01771 02:15:42",203.44,897.24,,,,"     ",5.30,37.36,9.46
1771,554675069,"01771M02:27:58.497","01771 02:15:43",203.46,897.36,,,,"     ",5.30,37.38,9.46
1771,554675070,"01771M02:27:59.470","01771 02:15:44",203.49,897.41,,,,"     ",5.30,37.41,9.47
1771,554675071,"01771M02:28:00.444","01771 02:15:45",203.52,897.34,,,,"     ",5.30,37.37,9.46
1771,554675072,"01771M02:28:01.417","01771 02:15:46",203.55,897.37,,,,"     ",5.30,37.51,9.49
1771,554675073,"01771M02:28:02.390","01771 02:15:47",203.58,897.40,,,,"     ",5.30,37.46,9.48
1771,554675074,"01771M02:28:03.363","01771 02:15:48",203.60,897.28,,,,"     ",5.30,37.30,9.44
1771,554675075,"01771M02:28:04.337","01771 02:15:49",203.61,897.25,,,,"     ",5.30,37.43,9.47
1771,554675076,"01771M02:28:05.310","01771 02:15:50",203.62,897.22,,,,"     ",5.30,37.46,9.47
1771,554675077,"01771M02:28:06.283","01771 02:15:51",203.61,897.26,,,,"     ",5.30,37.38,9.45
1771,554675078,"01771M02:28:07.256","01771 02:15:52",203.60,897.25,,,,"     ",5.30,37.32,9.43
1771,554675079,"01771M02:28:08.230","01771 02:15:53",203.59,897.23,,,,"     ",5.30,37.45,9.47
1771,554675080,"01771M02:28:09.203","01771 02:15:54",203.57,897.27,,,,"     ",5.30,37.53,9.49
1771,554675081,"01771M02:28:10.176","01771 02:15:55",203.55,897.28,,,,"     ",5.30,37.48,9.48
1771,554675082,"01771M02:28:11.149","01771 02:15:56",203.53,897.20,,,,"     ",5.30,37.46,9.47
1771,554675083,"01771M02:28:12.123","01771 02:15:56",203.52,897.22,,,,"     ",5.30,37.39,9.45
1771,554675084,"01771M02:28:13.096","01771 02:15:57",203.50,897.21,,,,"     ",5.30,37.31,9.43
1771,554675085,"01771M02:28:14.069","01771 02:15:58",203.48,897.25,,,,"     ",5.30,37.38,9.44
1771,554675086,"01771M02:28:15.042","01771 02:15:59",203.45,897.26,,,,"     ",5.30,37.46,9.46
1771,554675087,"01771M02:28:16.016","01771 02:16:00",203.41,897.28,,,,"     ",5.30,37.52,9.48
1771,554675088,"01771M02:28:16.989","01771 02:16:01",203.38,897.25,,,,"     ",5.30,37.46,9.47
1771,554675089,"01771M02:28:17.962","01771 02:16:02",203.34,897.21,,,,"     ",5.30,37.35,9.44
1771,554675090,"01771M02:28:18.935","01771 02:16:03",203.31,897.21,,,,"     ",5.30,37.40,9.45
1771,554675091,"01771M02:28:19.909","01771 02:16:04",203.28,897.22,,,,"     ",5.30,37.34,9.43
1771,554675092,"01771M02:28:20.882","01771 02:16:05",203.27,897.21,,,,"     ",5.30,37.44,9.46
1771,554675093,"01771M02:28:21.855","01771 02:16:06",203.26,897.26,,,,"     ",5.30,37.49,9.47
1771,554675094,"01771M02:28:22.828","01771 02:16:07",203.26,897.21,,,,"     ",5.30,37.41,9.45
1771,554675095,"01771M02:28:23.802","01771 02:16:08",203.26,897.22,,,,"     ",5.30,37.40,9.45
1771,554675096,"01771M02:28:24.775","01771 02:16:09",203.27,897.36,,,,"     ",5.30,37.64,9.51
1771,554675097,"01771M02:28:25.748","01771 02:16:10",203.28,897.29,,,,"     ",5.30,37.54,9.48
1771,554675098,"01771M02:28:26.721","01771 02:16:11",203.29,897.36,,,,"     ",5.30,37.59,9.50
1771,554675099,"01771M02:28:27.695","01771 02:16:12",203.31,897.36,,,,"     ",5.30,37.55,9.49
1771,554675100,"01771M02:28:28.668","01771 02:16:13",203.33,897.25,,,,"     ",5.30,37.61,9.50
1771,554675101,"01771M02:28:29.641","01771 02:16:14",203.36,897.25,,,,"     ",5.30,37.50,9.47
1771,554675102,"01771M02:28:30.614","01771 02:16:15",203.39,897.13,,,,"     ",5.30,37.66,9.51
1771,554675103,"01771M02:28:31.588","01771 02:16:16",203.43,897.31,,,,"     ",5.30,37.61,9.50
1771,554675104,"01771M02:28:32.561","01771 02:16:17",203.47,897.29,,,,"     ",5.30,37.61,9.50
1771,554675105,"01771M02:28:33.534","01771 02:16:18",203.51,897.28,,,,"     ",5.30,37.69,9.52
1771,554675106,"01771M02:28:34.508","01771 02:16:19",203.55,897.35,,,,"     ",5.30,37.79,9.55
1771,554675107,"01771M02:28:35.481","01771 02:16:20",203.58,897.40,,,,"     ",5.30,37.62,9.50
1771,554675108,"01771M02:28:36.454","01771 02:16:21",203.61,897.29,,,,"     ",5.30,37.75,9.53
1771,554675109,"01771M02:28:37.427","01771 02:16:22",203.63,897.25,,,,"     ",5.30,37.91,9.57
1771,554675110,"01771M02:28:38.401","01771 02:16:23",203.64,897.21,,,,"     ",5.30,37.96,9.58
1771,554675111,"01771M02:28:39.374","01771 02:16:24",203.65,897.27,,,,"     ",5.30,37.88,9.56
1771,554675112,"01771M02:28:40.347","01771 02:16:25",203.66,897.22,,,,"     ",5.30,37.85,9.55
1771,554675113,"01771M02:28:41.320","01771 02:16:26",203.67,897.26,,,,"     ",5.30,37.85,9.55
1771,554675114,"01771M02:28:42.294","01771 02:16:27",203.68,897.26,,,,"     ",5.30,37.96,9.58
1771,554675115,"01771M02:28:43.267","01771 02:16:28",203.69,897.23,,,,"     ",5.30,38.03,9.60
1771,554675116,"01771M02:28:44.240","01771 02:16:29",203.70,897.24,,,,"     ",5.30,38.09,9.62
1771,554675117,"01771M02:28:45.213","01771 02:16:30",203.71,897.21,,,,"     ",5.30,38.03,9.60
1771,554675118,"01771M02:28:46.187","01771 02:16:31",203.72,897.25,,,,"     ",5.30,38.08,9.60
1771,554675119,"01771M02:28:47.160","01771 02:16:32",203.80,897.23,,,,"     ",5.30,37.94,9.57
1771,554675120,"01771M02:28:48.133","01771 02:16:33",203.81,897.21,,,,"     ",5.30,38.24,9.65
1771,554675121,"01771M02:28:49.106","01771 02:16:33",203.84,897.25,,,,"     ",5.30,37.98,9.58
1771,554675122,"01771M02:28:50.080","01771 02:16:34",203.88,897.25,,,,"     ",5.30,38.10,9.61
1771,554675123,"01771M02:28:51.053","01771 02:16:35",203.92,897.21,,,,"     ",5.30,38.11,9.61
1771,554675124,"01771M02:28:52.026","01771 02:16:36",203.84,897.17,,,,"     ",5.30,38.14,9.62
1771,554675125,"01771M02:28:52.999","01771 02:16:37",203.86,897.24,,,,"     ",5.30,38.17,9.63
1771,554675126,"01771M02:28:53.973","01771 02:16:38",203.87,897.26,,,,"     ",5.30,38.10,9.60
1771,554675127,"01771M02:28:54.946","01771 02:16:39",203.89,897.25,,,,"     ",5.30,38.29,9.66
1771,554675128,"01771M02:28:55.919","01771 02:16:40",203.90,897.30,,,,"     ",5.30,38.10,9.60
1771,554675129,"01771M02:28:56.892","01771 02:16:41",203.92,897.34,,,,"     ",5.30,38.07,9.60
1771,554675130,"01771M02:28:57.866","01771 02:16:42",203.94,897.29,,,,"     ",5.30,38.09,9.60
1771,554675131,"01771M02:28:58.839","01771 02:16:43",203.95,897.32,,,,"     ",5.30,38.14,9.61
1771,554675132,"01771M02:28:59.812","01771 02:16:44",203.95,897.32,,,,"     ",5.30,38.04,9.59
1771,554675133,"01771M02:29:00.785","01771 02:16:45",203.94,897.23,,,,"     ",5.30,38.24,9.64
1771,554675134,"01771M02:29:01.759","01771 02:16:46",203.93,897.32,,,,"     ",5.30,38.01,9.58
1771,554675135,"01771M02:29:02.732","01771 02:16:47",203.92,897.25,,,,"     ",5.30,38.15,9.61
1771,554675136,"01771M02:29:03.705","01771 02:16:48",203.90,897.34,,,,"     ",5.30,38.03,9.59
1771,554675137,"01771M02:29:04.678","01771 02:16:49",203.88,897.32,,,,"     ",5.30,38.25,9.64
1771,554675138,"01771M02:29:05.652","01771 02:16:50",203.86,897.29,,,,"     ",5.30,37.99,9.57
1771,554675139,"01771M02:29:06.625","01771 02:16:51",203.83,897.34,,,,"     ",5.30,38.09,9.60
1771,554675140,"01771M02:29:07.598","01771 02:16:52",203.80,897.28,,,,"     ",5.30,38.00,9.58
1771,554675141,"01771M02:29:08.571","01771 02:16:53",203.76,897.25,,,,"     ",5.30,38.13,9.61
1771,554675142,"01771M02:29:09.545","01771 02:16:54",203.72,897.23,,,,"     ",5.30,38.24,9.64
1771,554675143,"01771M02:29:10.518","01771 02:16:55",203.68,897.28,,,,"     ",5.30,38.04,9.59
1771,554675144,"01771M02:29:11.491","01771 02:16:56",203.64,897.27,,,,"     ",5.30,38.06,9.59
1771,554675145,"01771M02:29:12.464","01771 02:16:57",203.61,897.37,,,,"     ",5.30,38.03,9.58
1771,554675146,"01771M02:29:13.438","01771 02:16:58",203.58,897.23,,,,"     ",5.30,38.11,9.60
1771,554675147,"01771M02:29:14.411","01771 02:16:59",203.55,897.30,,,,"     ",5.30,38.09,9.60
1771,554675148,"01771M02:29:15.384","01771 02:17:00",203.54,897.13,,,,"     ",5.30,38.02,9.58
1771,554675149,"01771M02:29:16.357","01771 02:17:01",203.53,897.19,,,,"     ",5.30,38.03,9.58
1771,554675150,"01771M02:29:17.331","01771 02:17:02",203.53,897.16,,,,"     ",5.30,38.19,9.62
1771,554675151,"01771M02:29:18.304","01771 02:17:03",203.53,897.21,,,,"     ",5.30,38.06,9.59
1771,554675152,"01771M02:29:19.277","01771 02:17:04",203.53,897.17,,,,"     ",5.30,38.15,9.61
1771,554675153,"01771M02:29:20.250","01771 02:17:05",203.53,897.17,,,,"     ",5.30,37.83,9.53
1771,554675154,"01771M02:29:21.224","01771 02:17:06",203.54,897.24,,,,"     ",5.30,38.14,9.61
1771,554675155,"01771M02:29:22.197","01771 02:17:07",203.54,897.22,,,,"     ",5.30,38.01,9.58
1771,554675156,"01771M02:29:23.170","01771 02:17:08",203.55,897.25,,,,"     ",5.30,38.15,9.61
1771,554675157,"01771M02:29:24.143","01771 02:17:09",203.56,897.25,,,,"     ",5.30,38.09,9.60
1771,554675158,"01771M02:29:25.117","01771 02:17:10",203.58,897.31,,,,"     ",5.30,38.19,9.63
1771,554675159,"01771M02:29:26.090","01771 02:17:10",203.61,897.35,,,,"     ",5.30,38.01,9.58
1771,554675160,"01771M02:29:27.063","01771 02:17:11",203.64,897.27,,,,"     ",5.30,38.10,9.61
1771,554675161,"01771M02:29:28.036","01771 02:17:12",203.66,897.29,,,,"     ",5.30,38.11,9.61
1771,554675162,"01771M02:29:29.010","01771 02:17:13",203.69,897.35,,,,"     ",5.30,38.08,9.60
1771,554675163,"01771M02:29:29.983","01771 02:17:14",203.71,897.32,,,,"     ",5.30,38.14,9.62
1771,554675164,"01771M02:29:30.956","01771 02:17:15",203.74,897.39,,,,"     ",5.30,38.24,9.64
1771,554675165,"01771M02:29:31.929","01771 02:17:16",203.75,897.38,,,,"     ",5.30,38.13,9.61
1771,554675166,"01771M02:29:32.903","01771 02:17:17",203.77,897.26,,,,"     ",5.30,38.14,9.62
1771,554675167,"01771M02:29:33.876","01771 02:17:18",203.78,897.31,,,,"     ",5.30,38.09,9.61
1771,554675168,"01771M02:29:34.849","01771 02:17:19",203.78,897.19,,,,"     ",5.30,38.12,9.61
1771,554675169,"01771M02:29:35.822","01771 02:17:20",203.78,897.30,,,,"     ",5.30,38.15,9.62
1771,554675170,"01771M02:29:36.796","01771 02:17:21",203.77,897.33,,,,"     ",5.30,38.09,9.61
1771,554675171,"01771M02:29:37.769","01771 02:17:22",203.76,897.29,,,,"     ",5.30,38.09,9.61
1771,554675172,"01771M02:29:38.742","01771 02:17:23",203.75,897.27,,,,"     ",5.30,38.14,9.62
1771,554675173,"01771M02:29:39.715","01771 02:17:24",203.74,897.24,,,,"     ",5.30,38.04,9.59
1771,554675174,"01771M02:29:40.689","01771 02:17:25",203.72,897.24,,,,"     ",5.30,38.02,9.59
1771,554675175,"01771M02:29:41.662","01771 02:17:26",203.70,897.29,,,,"     ",5.30,38.15,9.62
1771,554675176,"01771M02:29:42.635","01771 02:17:27",203.67,897.23,,,,"     ",5.30,38.10,9.61
1771,554675177,"01771M02:29:43.608","01771 02:17:28",203.65,897.32,,,,"     ",5.30,38.01,9.59
1771,554675178,"01771M02:29:44.582","01771 02:17:29",203.62,897.29,,,,"     ",5.30,37.98,9.58
1771,554675179,"01771M02:29:45.555","01771 02:17:30",203.60,897.36,,,,"     ",5.30,37.87,9.56
1771,554675180,"01771M02:29:46.528","01771 02:17:31",203.59,897.37,,,,"     ",5.30,37.93,9.57
1771,554675181,"01771M02:29:47.502","01771 02:17:32",203.57,897.34,,,,"     ",5.30,37.99,9.59
1771,554675182,"01771M02:29:48.475","01771 02:17:33",203.56,897.25,,,,"     ",5.30,38.03,9.60
1771,554675183,"01771M02:29:49.448","01771 02:17:34",203.57,897.32,,,,"     ",5.30,38.07,9.61
1771,554675184,"01771M02:29:50.421","01771 02:17:35",203.54,897.31,,,,"     ",5.30,38.01,9.60
1771,554675185,"01771M02:29:51.395","01771 02:17:36",203.54,897.27,,,,"     ",5.30,38.02,9.60
1771,554675186,"01771M02:29:52.368","01771 02:17:37",203.55,897.25,,,,"     ",5.30,38.01,9.60
1771,554675187,"01771M02:29:53.341","01771 02:17:38",203.56,897.30,,,,"     ",5.30,38.00,9.59
1771,554675188,"01771M02:29:54.314","01771 02:17:39",203.57,897.28,,,,"     ",5.30,38.00,9.60
1771,554675189,"01771M02:29:55.288","01771 02:17:40",203.59,897.29,,,,"     ",5.30,37.94,9.58
1771,554675190,"01771M02:29:56.261","01771 02:17:41",203.61,897.21,,,,"     ",5.30,38.08,9.62
1771,554675191,"01771M02:29:57.234","01771 02:17:42",203.62,897.29,,,,"     ",5.30,37.92,9.58
1771,554675192,"01771M02:29:58.207","01771 02:17:43",203.65,897.29,,,,"     ",5.30,37.78,9.54
1771,554675193,"01771M02:29:59.181","01771 02:17:44",203.67,897.27,,,,"     ",5.30,37.70,9.53
1771,554675194,"01771M02:30:00.154","01771 02:17:45",203.69,897.23,,,,"     ",5.30,37.93,9.59
1771,554675195,"01771M02:30:01.127","01771 02:17:46",203.70,897.26,,,,"     ",5.30,37.94,9.59
1771,554675196,"01771M02:30:02.100","01771 02:17:46",203.71,897.28,,,,"     ",5.30,37.93,9.59
1771,554675197,"01771M02:30:03.074","01771 02:17:47",203.72,897.21,,,,"     ",5.30,37.92,9.59
1771,554675198,"01771M02:30:04.047","01771 02:17:48",203.72,897.28,,,,"     ",5.30,37.93,9.60
1771,554675199,"01771M02:30:05.020","01771 02:17:49",203.72,897.34,,,,"     ",5.30,37.97,9.60
1771,554675200,"01771M02:30:05.993","01771 02:17:50",203.71,897.25,,,,"     ",5.30,38.00,9.62
1771,554675201,"01771M02:30:06.967","01771 02:17:51",203.69,897.22,,,,"     ",5.30,37.85,9.58
1771,554675202,"01771M02:30:07.940","01771 02:17:52",203.66,897.18,,,,"     ",5.30,37.90,9.59
1771,554675203,"01771M02:30:08.913","01771 02:17:53",203.63,897.25,,,,"     ",5.30,37.86,9.59
1771,554675204,"01771M02:30:09.886","01771 02:17:54",203.60,897.28,,,,"     ",5.30,37.90,9.59
1771,554675205,"01771M02:30:10.860","01771 02:17:55",203.57,897.26,,,,"     ",5.30,37.82,9.58
1771,554675206,"01771M02:30:11.833","01771 02:17:56",203.53,897.29,,,,"     ",5.30,38.00,9.62
1771,554675207,"01771M02:30:12.806","01771 02:17:57",203.50,897.33,,,,"     ",5.30,37.85,9.59
1771,554675208,"01771M02:30:13.779","01771 02:17:58",203.48,897.38,,,,"     ",5.30,37.89,9.59
1771,554675209,"01771M02:30:14.753","01771 02:17:59",203.46,897.33,,,,"     ",5.30,37.69,9.54
1771,554675210,"01771M02:30:15.726","01771 02:18:00",203.44,897.34,,,,"     ",5.30,37.89,9.60
1771,554675211,"01771M02:30:16.699","01771 02:18:01",203.43,897.29,,,,"     ",5.30,37.74,9.56
1771,554675212,"01771M02:30:17.672","01771 02:18:02",203.42,897.32,,,,"     ",5.30,37.71,9.55
1771,554675213,"01771M02:30:18.646","01771 02:18:03",203.42,897.32,,,,"     ",5.30,37.91,9.61
1771,554675214,"01771M02:30:19.619","01771 02:18:04",203.42,897.29,,,,"     ",5.30,37.83,9.58
1771,554675215,"01771M02:30:20.592","01771 02:18:05",203.41,897.31,,,,"     ",5.30,37.89,9.60
1771,554675216,"01771M02:30:21.565","01771 02:18:06",203.41,897.32,,,,"     ",5.30,37.83,9.59
1771,554675217,"01771M02:30:22.539","01771 02:18:07",203.40,897.26,,,,"     ",5.30,37.78,9.57
1771,554675218,"01771M02:30:23.512","01771 02:18:08",203.39,897.31,,,,"     ",5.30,37.97,9.63
1771,554675219,"01771M02:30:24.485","01771 02:18:09",203.37,897.35,,,,"     ",5.30,37.92,9.61
1771,554675220,"01771M02:30:25.458","01771 02:18:10",203.35,897.29,,,,"     ",5.30,37.82,9.59
1771,554675221,"01771M02:30:26.432","01771 02:18:11",203.33,897.26,,,,"     ",5.30,37.66,9.55
1771,554675222,"01771M02:30:27.405","01771 02:18:12",203.30,897.27,,,,"     ",5.30,37.64,9.54
1771,554675223,"01771M02:30:28.378","01771 02:18:13",203.27,897.29,,,,"     ",5.30,37.59,9.53
1771,554675224,"01771M02:30:29.351","01771 02:18:14",203.23,897.36,,,,"     ",5.30,37.56,9.53
1771,554675225,"01771M02:30:30.325","01771 02:18:15",203.19,897.35,,,,"     ",5.30,37.74,9.57
1771,554675226,"01771M02:30:31.298","01771 02:18:16",203.27,897.37,,,,"     ",5.30,37.63,9.55
1771,554675227,"01771M02:30:32.271","01771 02:18:17",203.20,897.28,,,,"     ",5.30,37.66,9.56
1771,554675228,"01771M02:30:33.244","01771 02:18:18",203.12,897.32,,,,"     ",5.30,37.57,9.54
1771,554675229,"01771M02:30:34.218","01771 02:18:19",203.06,897.20,,,,"     ",5.30,37.62,9.55
1771,554675230,"01771M02:30:35.191","01771 02:18:20",203.00,897.19,,,,"     ",5.30,37.57,9.53
1771,554675231,"01771M02:30:36.164","01771 02:18:21",202.96,897.20,,,,"     ",5.30,37.47,9.51
1771,554675232,"01771M02:30:37.137","01771 02:18:22",202.93,897.24,,,,"     ",5.30,37.64,9.56
1771,554675233,"01771M02:30:38.111","01771 02:18:23",202.93,897.23,,,,"     ",5.30,37.47,9.51
1771,554675234,"01771M02:30:39.084","01771 02:18:23",202.94,897.32,,,,"     ",5.30,37.64,9.56
1771,554675235,"01771M02:30:40.057","01771 02:18:24",202.97,897.32,,,,"     ",5.30,37.47,9.52
1771,554675236,"01771M02:30:41.030","01771 02:18:25",203.00,897.36,,,,"     ",5.30,37.62,9.56
1771,554675237,"01771M02:30:42.004","01771 02:18:26",203.04,897.38,,,,"     ",5.30,37.50,9.53
1771,554675238,"01771M02:30:42.977","01771 02:18:27",203.07,897.36,,,,"     ",5.30,37.52,9.54
1771,554675239,"01771M02:30:43.950","01771 02:18:28",203.08,897.30,,,,"     ",5.30,37.41,9.51
1771,554675240,"01771M02:30:44.923","01771 02:18:29",203.08,897.31,,,,"     ",5.30,37.37,9.50
1771,554675241,"01771M02:30:45.897","01771 02:18:30",203.04,897.34,,,,"     ",5.30,37.28,9.48
1771,554675242,"01771M02:30:46.870","01771 02:18:31",202.99,897.25,,,,"     ",5.30,37.33,9.49
1771,554675243,"01771M02:30:47.843","01771 02:18:32",202.95,897.23,,,,"     ",5.30,37.32,9.49
1771,554675244,"01771M02:30:48.816","01771 02:18:33",202.92,897.25,,,,"     ",5.30,37.44,9.53
1771,554675245,"01771M02:30:49.790","01771 02:18:34",202.89,897.23,,,,"     ",5.30,37.24,9.47
1771,554675246,"01771M02:30:50.763","01771 02:18:35",202.86,897.33,,,,"     ",5.30,37.52,9.55
1771,554675247,"01771M02:30:51.736","01771 02:18:36",202.84,897.25,,,,"     ",5.30,37.21,9.47
1771,554675248,"01771M02:30:52.709","01771 02:18:37",202.82,897.30,,,,"     ",5.30,37.25,9.48
1771,554675249,"01771M02:30:53.683","01771 02:18:38",202.80,897.29,,,,"     ",5.30,37.25,9.49
1771,554675250,"01771M02:30:54.656","01771 02:18:39",202.78,897.29,,,,"     ",5.30,37.22,9.48
1771,554675251,"01771M02:30:55.629","01771 02:18:40",202.77,897.26,,,,"     ",5.30,37.25,9.49
1771,554675252,"01771M02:30:56.603","01771 02:18:41",202.75,897.31,,,,"     ",5.30,37.21,9.48
1771,554675253,"01771M02:30:57.576","01771 02:18:42",202.74,897.28,,,,"     ",5.30,37.23,9.49
1771,554675254,"01771M02:30:58.549","01771 02:18:43",202.73,897.28,,,,"     ",5.30,37.24,9.49
1771,554675255,"01771M02:30:59.522","01771 02:18:44",202.72,897.25,,,,"     ",5.30,37.29,9.51
1771,554675256,"01771M02:31:00.496","01771 02:18:45",202.71,897.32,,,,"     ",5.30,37.29,9.51
1771,554675257,"01771M02:31:01.469","01771 02:18:46",202.71,897.36,,,,"     ",5.30,37.10,9.46
1771,554675258,"01771M02:31:02.442","01771 02:18:47",202.71,897.30,,,,"     ",5.30,37.26,9.51
1771,554675259,"01771M02:31:03.415","01771 02:18:48",202.71,897.36,,,,"     ",5.30,37.20,9.49
1771,554675260,"01771M02:31:04.389","01771 02:18:49",202.72,897.34,,,,"     ",5.30,37.14,9.48
1771,554675261,"01771M02:31:05.362","01771 02:18:50",202.80,897.23,,,,"     ",5.30,37.15,9.48
1771,554675262,"01771M02:31:06.335","01771 02:18:51",202.83,897.31,,,,"     ",5.30,37.20,9.50
1771,554675263,"01771M02:31:07.308","01771 02:18:52",202.85,897.29,,,,"     ",5.30,37.19,9.50
1771,554675264,"01771M02:31:08.282","01771 02:18:53",202.87,897.27,,,,"     ",5.30,37.08,9.47
1771,554675265,"01771M02:31:09.255","01771 02:18:54",202.89,897.23,,,,"     ",5.30,37.10,9.48
1771,554675266,"01771M02:31:10.228","01771 02:18:55",202.90,897.26,,,,"     ",5.30,37.09,9.48
1771,554675267,"01771M02:31:11.201","01771 02:18:56",202.92,897.31,,,,"     ",5.30,37.13,9.49
1771,554675268,"01771M02:31:12.175","01771 02:18:57",202.93,897.31,,,,"     ",5.30,37.17,9.50
1771,554675269,"01771M02:31:13.148","01771 02:18:58",202.94,897.31,,,,"     ",5.30,37.09,9.48
1771,554675270,"01771M02:31:14.121","01771 02:18:59",202.95,897.24,,,,"     ",5.30,37.13,9.49
1771,554675271,"01771M02:31:15.094","01771 02:19:00",202.96,897.16,,,,"     ",5.30,37.08,9.48
1771,554675272,"01771M02:31:16.068","01771 02:19:00",202.96,897.23,,,,"     ",5.30,37.05,9.47
1771,554675273,"01771M02:31:17.041","01771 02:19:01",202.97,897.33,,,,"     ",5.30,37.00,9.47
1771,554675274,"01771M02:31:18.014","01771 02:19:02",202.98,897.33,,,,"     ",5.30,37.01,9.46
1771,554675275,"01771M02:31:18.987","01771 02:19:03",203.00,897.28,,,,"     ",5.30,36.94,9.45
1771,554675276,"01771M02:31:19.961","01771 02:19:04",203.18,897.37,,,,"     ",5.30,36.89,9.44
1771,554675277,"01771M02:31:20.934","01771 02:19:05",203.17,897.30,,,,"     ",5.30,37.02,9.47
1771,554675278,"01771M02:31:21.907","01771 02:19:06",203.12,897.34,,,,"     ",5.30,36.92,9.45
1771,554675279,"01771M02:31:22.880","01771 02:19:07",203.05,897.30,,,,"     ",5.30,36.87,9.44
1771,554675280,"01771M02:31:23.854","01771 02:19:08",202.98,897.30,,,,"     ",5.30,36.84,9.43
1771,554675281,"01771M02:31:24.827","01771 02:19:09",202.92,897.38,,,,"     ",5.30,36.83,9.43
1771,554675282,"01771M02:31:25.800","01771 02:19:10",202.87,897.35,,,,"     ",5.30,36.80,9.43
1771,554675283,"01771M02:31:26.773","01771 02:19:11",202.84,897.32,,,,"     ",5.30,36.90,9.46
1771,554675284,"01771M02:31:27.747","01771 02:19:12",202.84,897.28,,,,"     ",5.30,36.95,9.47
1771,554675285,"01771M02:31:28.720","01771 02:19:13",202.84,897.35,,,,"     ",5.30,36.89,9.46
1771,554675286,"01771M02:31:29.693","01771 02:19:14",202.82,897.29,,,,"     ",5.30,36.90,9.46
1771,554675287,"01771M02:31:30.666","01771 02:19:15",202.78,897.32,,,,"     ",5.30,36.98,9.48
1771,554675288,"01771M02:31:31.640","01771 02:19:16",202.73,897.24,,,,"     ",5.30,36.81,9.44
1771,554675289,"01771M02:31:32.613","01771 02:19:17",202.68,897.22,,,,"     ",5.30,36.94,9.47
1771,554675290,"01771M02:31:33.586","01771 02:19:18",202.63,897.28,,,,"     ",5.30,36.92,9.47
1771,554675291,"01771M02:31:34.559","01771 02:19:19",202.60,897.19,,,,"     ",5.30,36.90,9.47
1771,554675292,"01771M02:31:35.533","01771 02:19:20",202.59,897.29,,,,"     ",5.30,36.77,9.43
1771,554675293,"01771M02:31:36.506","01771 02:19:21",202.59,897.21,,,,"     ",5.30,36.73,9.42
1771,554675294,"01771M02:31:37.479","01771 02:19:22",202.58,897.32,,,,"     ",5.30,36.88,9.47
1771,554675295,"01771M02:31:38.452","01771 02:19:23",202.55,897.28,,,,"     ",5.30,36.99,9.50
1771,554675296,"01771M02:31:39.426","01771 02:19:24",202.50,897.32,,,,"     ",5.30,36.88,9.47
1771,554675297,"01771M02:31:40.399","01771 02:19:25",202.46,897.23,,,,"     ",5.30,37.00,9.50
1771,554675298,"01771M02:31:41.372","01771 02:19:26",202.42,897.31,,,,"     ",5.30,36.83,9.46
1771,554675299,"01771M02:31:42.345","01771 02:19:27",202.41,897.32,,,,"     ",5.30,36.96,9.49
1771,554675300,"01771M02:31:43.319","01771 02:19:28",202.42,897.29,,,,"     ",5.30,36.90,9.48
1771,554675301,"01771M02:31:44.292","01771 02:19:29",202.46,897.24,,,,"     ",5.30,36.92,9.48
1771,554675302,"01771M02:31:45.265","01771 02:19:30",202.54,897.26,,,,"     ",5.30,36.92,9.48
1771,554675303,"01771M02:31:46.238","01771 02:19:31",202.67,897.28,,,,"     ",5.30,36.92,9.48
1771,554675304,"01771M02:31:47.212","01771 02:19:32",202.81,897.20,,,,"     ",5.30,36.85,9.47
1771,554675305,"01771M02:31:48.185","01771 02:19:33",202.91,897.25,,,,"     ",5.30,36.93,9.49
1771,554675306,"01771M02:31:49.158","01771 02:19:34",202.96,897.24,,,,"     ",5.30,37.00,9.51
1771,554675307,"01771M02:31:50.131","01771 02:19:35",202.96,897.36,,,,"     ",5.30,36.89,9.48
1771,554675308,"01771M02:31:51.105","01771 02:19:36",202.93,897.35,,,,"     ",5.30,36.93,9.49
1771,554675309,"01771M02:31:52.078","01771 02:19:36",202.88,897.36,,,,"     ",5.30,36.85,9.47
1771,554675310,"01771M02:31:53.051","01771 02:19:37",202.79,897.31,,,,"     ",5.30,36.92,9.49
1771,554675311,"01771M02:31:54.024","01771 02:19:38",202.68,897.32,,,,"     ",5.30,36.88,9.48
1771,554675312,"01771M02:31:54.998","01771 02:19:39",202.54,897.23,,,,"     ",5.30,36.94,9.49
1771,554675313,"01771M02:31:55.971","01771 02:19:40",202.41,897.16,,,,"     ",5.30,36.98,9.51
1771,554675314,"01771M02:31:56.944","01771 02:19:41",202.28,897.22,,,,"     ",5.30,36.94,9.49
1771,554675315,"01771M02:31:57.917","01771 02:19:42",202.18,897.31,,,,"     ",5.30,36.88,9.48
1771,554675316,"01771M02:31:58.891","01771 02:19:43",202.10,897.30,,,,"     ",5.30,36.88,9.48
1771,554675317,"01771M02:31:59.864","01771 02:19:44",202.04,897.34,,,,"     ",5.30,36.84,9.47
1771,554675318,"01771M02:32:00.837","01771 02:19:45",202.03,897.35,,,,"     ",5.30,36.81,9.46
1771,554675319,"01771M02:32:01.810","01771 02:19:46",202.06,897.34,,,,"     ",5.30,36.87,9.48
1771,554675320,"01771M02:32:02.784","01771 02:19:47",202.13,897.31,,,,"     ",5.30,36.85,9.47
1771,554675321,"01771M02:32:03.757","01771 02:19:48",202.24,897.26,,,,"     ",5.30,37.01,9.52
1771,554675322,"01771M02:32:04.730","01771 02:19:49",202.37,897.22,,,,"     ",5.30,37.07,9.53
1771,554675323,"01771M02:32:05.704","01771 02:19:50",202.50,897.34,,,,"     ",5.30,36.92,9.50
1771,554675324,"01771M02:32:06.677","01771 02:19:51",202.60,897.26,,,,"     ",5.30,37.07,9.54
1771,554675325,"01771M02:32:07.650","01771 02:19:52",202.66,897.40,,,,"     ",5.30,36.85,9.48
1771,554675326,"01771M02:32:08.623","01771 02:19:53",202.67,897.35,,,,"     ",5.30,37.00,9.52
1771,554675327,"01771M02:32:09.597","01771 02:19:54",202.66,897.37,,,,"     ",5.30,36.90,9.49
1771,554675328,"01771M02:32:10.570","01771 02:19:55",202.64,897.33,,,,"     ",5.30,36.92,9.50
1771,554675329,"01771M02:32:11.543","01771 02:19:56",202.61,897.32,,,,"     ",5.30,37.10,9.54
1771,554675330,"01771M02:32:12.516","01771 02:19:57",202.58,897.39,,,,"     ",5.30,37.06,9.54
1771,554675331,"01771M02:32:13.490","01771 02:19:58",202.55,897.29,,,,"     ",5.30,36.97,9.51
1771,554675332,"01771M02:32:14.463","01771 02:19:59",202.54,897.24,,,,"     ",5.30,36.79,9.47
1771,554675333,"01771M02:32:15.436","01771 02:20:00",202.56,897.27,,,,"     ",5.30,37.00,9.52
1771,554675334,"01771M02:32:16.409","01771 02:20:01",202.60,897.25,,,,"     ",5.30,36.86,9.49
1771,554675335,"01771M02:32:17.383","01771 02:20:02",202.64,897.33,,,,"     ",5.30,36.90,9.50
1771,554675336,"01771M02:32:18.356","01771 02:20:03",202.68,897.34,,,,"     ",5.30,36.91,9.50
1771,554675337,"01771M02:32:19.329","01771 02:20:04",202.71,897.38,,,,"     ",5.30,37.03,9.53
1771,554675338,"01771M02:32:20.302","01771 02:20:05",202.74,897.28,,,,"     ",5.30,36.87,9.49
1771,554675339,"01771M02:32:21.276","01771 02:20:06",202.79,897.33,,,,"     ",5.30,36.99,9.52
1771,554675340,"01771M02:32:22.249","01771 02:20:07",202.84,897.40,,,,"     ",5.30,37.01,9.53
1771,554675341,"01771M02:32:23.222","01771 02:20:08",202.87,897.40,,,,"     ",5.30,37.10,9.55
1771,554675342,"01771M02:32:24.195","01771 02:20:09",202.87,897.31,,,,"     ",5.30,37.10,9.55
1771,554675343,"01771M02:32:25.169","01771 02:20:10",202.86,897.33,,,,"     ",5.30,37.04,9.53
1771,554675344,"01771M02:32:26.142","01771 02:20:11",202.83,897.31,,,,"     ",5.30,37.11,9.55
1771,554675345,"01771M02:32:27.115","01771 02:20:12",202.76,897.32,,,,"     ",5.30,37.12,9.56
1771,554675346,"01771M02:32:28.088","01771 02:20:13",202.66,897.19,,,,"     ",5.30,37.02,9.53
1771,554675347,"01771M02:32:29.062","01771 02:20:13",202.58,897.27,,,,"     ",5.30,37.01,9.53
1771,554675348,"01771M02:32:30.035","01771 02:20:14",202.51,897.26,,,,"     ",5.30,37.06,9.54
1771,554675349,"01771M02:32:31.008","01771 02:20:15",202.47,897.28,,,,"     ",5.30,37.19,9.58
1771,554675350,"01771M02:32:31.981","01771 02:20:16",202.46,897.31,,,,"     ",5.30,36.90,9.50
1771,554675351,"01771M02:32:32.955","01771 02:20:17",202.48,897.34,,,,"     ",5.30,37.04,9.54
1771,554675352,"01771M02:32:33.928","01771 02:20:18",202.53,897.30,,,,"     ",5.30,37.04,9.54
1771,554675353,"01771M02:32:34.901","01771 02:20:19",202.60,897.31,,,,"     ",5.30,37.03,9.53
1771,554675354,"01771M02:32:35.874","01771 02:20:20",202.67,897.30,,,,"     ",5.30,37.07,9.55
1771,554675355,"01771M02:32:36.848","01771 02:20:21",202.75,897.22,,,,"     ",5.30,37.04,9.54
1771,554675356,"01771M02:32:37.821","01771 02:20:22",202.84,897.29,,,,"     ",5.30,37.00,9.53
1771,554675357,"01771M02:32:38.794","01771 02:20:23",202.89,897.39,,,,"     ",5.30,37.16,9.57
1771,554675358,"01771M02:32:39.767","01771 02:20:24",202.60,897.31,,,,"     ",5.30,37.19,9.58
1771,554675359,"01771M02:32:40.741","01771 02:20:25",202.60,897.38,,,,"     ",5.30,37.06,9.55
1771,554675360,"01771M02:32:41.714","01771 02:20:26",202.59,897.39,,,,"     ",5.30,37.04,9.54
1771,554675361,"01771M02:32:42.687","01771 02:20:27",202.57,897.37,,,,"     ",5.30,37.17,9.58
1771,554675362,"01771M02:32:43.660","01771 02:20:28",202.54,897.30,,,,"     ",5.30,37.07,9.55
1771,554675363,"01771M02:32:44.634","01771 02:20:29",202.51,897.36,,,,"     ",5.30,36.96,9.52
1771,554675364,"01771M02:32:45.607","01771 02:20:30",202.48,897.37,,,,"     ",5.30,37.13,9.57
1771,554675365,"01771M02:32:46.580","01771 02:20:31",202.45,897.33,,,,"     ",5.30,36.94,9.52
1771,554675366,"01771M02:32:47.553","01771 02:20:32",202.42,897.30,,,,"     ",5.30,36.88,9.50
1771,554675367,"01771M02:32:48.527","01771 02:20:33",202.78,897.33,,,,"     ",5.30,37.18,9.58
1771,554675368,"01771M02:32:49.500","01771 02:20:34",202.77,897.34,,,,"     ",5.30,37.01,9.54
1771,554675369,"01771M02:32:50.473","01771 02:20:35",202.75,897.23,,,,"     ",5.30,36.95,9.52
1771,554675370,"01771M02:32:51.446","01771 02:20:36",202.69,897.24,,,,"     ",5.30,37.02,9.54
1771,554675371,"01771M02:32:52.420","01771 02:20:37",202.61,897.33,,,,"     ",5.30,37.06,9.55
1771,554675372,"01771M02:32:53.393","01771 02:20:38",202.53,897.35,,,,"     ",5.30,37.04,9.55
1771,554675373,"01771M02:32:54.366","01771 02:20:39",202.48,897.27,,,,"     ",5.30,36.95,9.53
1771,554675374,"01771M02:32:55.339","01771 02:20:40",202.45,897.34,,,,"     ",5.30,37.02,9.55
1771,554675375,"01771M02:32:56.313","01771 02:20:41",202.43,897.40,,,,"     ",5.30,36.95,9.53
1771,554675376,"01771M02:32:57.286","01771 02:20:42",202.42,897.33,,,,"     ",5.30,37.10,9.57
1771,554675377,"01771M02:32:58.259","01771 02:20:43",202.40,897.43,,,,"     ",5.30,37.09,9.57
1771,554675378,"01771M02:32:59.232","01771 02:20:44",202.39,897.39,,,,"     ",5.30,37.06,9.56
1771,554675379,"01771M02:33:00.206","01771 02:20:45",202.37,897.42,,,,"     ",5.30,37.05,9.56
1771,554675380,"01771M02:33:01.179","01771 02:20:46",202.38,897.46,,,,"     ",5.30,36.84,9.50
1771,554675381,"01771M02:33:02.152","01771 02:20:47",202.41,897.45,,,,"     ",5.30,37.11,9.58
1771,554675382,"01771M02:33:03.125","01771 02:20:48",202.46,897.35,,,,"     ",5.30,37.04,9.56
1771,554675383,"01771M02:33:04.099","01771 02:20:49",202.52,897.44,,,,"     ",5.30,37.12,9.58
1771,554675384,"01771M02:33:05.072","01771 02:20:50",202.57,897.47,,,,"     ",5.30,36.99,9.55
1771,554675385,"01771M02:33:06.045","01771 02:20:50",202.62,897.40,,,,"     ",5.30,36.89,9.52
1771,554675386,"01771M02:33:07.018","01771 02:20:51",202.65,897.40,,,,"     ",5.30,37.03,9.56
1771,554675387,"01771M02:33:07.992","01771 02:20:52",202.66,897.39,,,,"     ",5.30,37.08,9.57
1771,554675388,"01771M02:33:08.965","01771 02:20:53",202.65,897.45,,,,"     ",5.30,37.20,9.61
1771,554675389,"01771M02:33:09.938","01771 02:20:54",202.63,897.38,,,,"     ",5.30,37.07,9.57
1771,554675390,"01771M02:33:10.911","01771 02:20:55",202.59,897.42,,,,"     ",5.30,37.00,9.55
1771,554675391,"01771M02:33:11.885","01771 02:20:56",202.57,897.38,,,,"     ",5.30,37.01,9.56
1771,554675392,"01771M02:33:12.858","01771 02:20:57",202.58,897.38,,,,"     ",5.30,37.06,9.57
1771,554675393,"01771M02:33:13.831","01771 02:20:58",202.62,897.34,,,,"     ",5.30,37.05,9.57
1771,554675394,"01771M02:33:14.805","01771 02:20:59",202.65,897.39,,,,"     ",5.30,36.89,9.52
1771,554675395,"01771M02:33:15.778","01771 02:21:00",202.65,897.38,,,,"     ",5.30,37.04,9.56
1771,554675396,"01771M02:33:16.751","01771 02:21:01",202.60,897.40,,,,"     ",5.30,37.14,9.59
1771,554675397,"01771M02:33:17.724","01771 02:21:02",202.52,897.35,,,,"     ",5.30,37.05,9.57
1771,554675398,"01771M02:33:18.698","01771 02:21:03",202.43,897.27,,,,"     ",5.30,36.89,9.53
1771,554675399,"01771M02:33:19.671","01771 02:21:04",202.36,897.33,,,,"     ",5.30,36.93,9.54
1771,554675400,"01771M02:33:20.644","01771 02:21:05",202.32,897.37,,,,"     ",5.30,37.06,9.57
1771,554675401,"01771M02:33:21.617","01771 02:21:06",202.29,897.30,,,,"     ",5.30,37.02,9.56
1771,554675402,"01771M02:33:22.591","01771 02:21:07",202.28,897.30,,,,"     ",5.30,36.91,9.54
1771,554675403,"01771M02:33:23.564","01771 02:21:08",202.27,897.33,,,,"     ",5.30,37.17,9.61
1771,554675404,"01771M02:33:24.537","01771 02:21:09",202.24,897.30,,,,"     ",5.30,36.96,9.55
1771,554675405,"01771M02:33:25.510","01771 02:21:10",202.20,897.37,,,,"     ",5.30,36.86,9.53
1771,554675406,"01771M02:33:26.484","01771 02:21:11",202.15,897.39,,,,"     ",5.30,36.99,9.56
1771,554675407,"01771M02:33:27.457","01771 02:21:12",202.10,897.37,,,,"     ",5.30,36.89,9.54
1771,554675408,"01771M02:33:28.430","01771 02:21:13",202.06,897.36,,,,"     ",5.30,36.93,9.55
1771,554675409,"01771M02:33:29.403","01771 02:21:14",202.03,897.41,,,,"     ",5.30,36.84,9.52
1771,554675410,"01771M02:33:30.377","01771 02:21:15",202.03,897.28,,,,"     ",5.30,36.98,9.56
1771,554675411,"01771M02:33:31.350","01771 02:21:16",202.06,897.32,,,,"     ",5.30,36.88,9.53
1771,554675412,"01771M02:33:32.323","01771 02:21:17",202.09,897.39,,,,"     ",5.30,36.94,9.56
1771,554675413,"01771M02:33:33.296","01771 02:21:18",202.14,897.34,,,,"     ",5.30,36.94,9.56
1771,554675414,"01771M02:33:34.270","01771 02:21:19",202.17,897.35,,,,"     ",5.30,37.04,9.58
1771,554675415,"01771M02:33:35.243","01771 02:21:20",202.18,897.41,,,,"     ",5.30,36.93,9.56
1771,554675416,"01771M02:33:36.216","01771 02:21:21",202.20,897.46,,,,"     ",5.30,36.74,9.51
1771,554675417,"01771M02:33:37.189","01771 02:21:22",202.22,897.39,,,,"     ",5.30,36.84,9.54
1771,554675418,"01771M02:33:38.163","01771 02:21:23",202.27,897.33,,,,"     ",5.30,36.86,9.54
1771,554675419,"01771M02:33:39.136","01771 02:21:24",202.33,897.33,,,,"     ",5.30,36.78,9.52
1771,554675420,"01771M02:33:40.109","01771 02:21:25",202.41,897.35,,,,"     ",5.30,36.73,9.51
1771,554675421,"01771M02:33:41.082","01771 02:21:26",202.46,897.27,,,,"     ",5.30,36.83,9.54
1771,554675422,"01771M02:33:42.056","01771 02:21:27",202.49,897.27,,,,"     ",5.30,36.65,9.49
1771,554675423,"01771M02:33:43.029","01771 02:21:27",202.49,897.42,,,,"     ",5.30,36.70,9.51
1771,554675424,"01771M02:33:44.002","01771 02:21:28",202.48,897.40,,,,"     ",5.30,36.75,9.52
1771,554675425,"01771M02:33:44.975","01771 02:21:29",202.47,897.34,,,,"     ",5.30,36.77,9.53
1771,554675426,"01771M02:33:45.949","01771 02:21:30",202.44,897.35,,,,"     ",5.30,36.63,9.49
1771,554675427,"01771M02:33:46.922","01771 02:21:31",202.42,897.45,,,,"     ",5.30,36.67,9.51
1771,554675428,"01771M02:33:47.895","01771 02:21:32",202.39,897.47,,,,"     ",5.30,36.51,9.47
1771,554675429,"01771M02:33:48.868","01771 02:21:33",202.36,897.43,,,,"     ",5.30,36.59,9.49
1771,554675430,"01771M02:33:49.842","01771 02:21:34",202.34,897.35,,,,"     ",5.30,36.67,9.51
1771,554675431,"01771M02:33:50.815","01771 02:21:35",202.33,897.42,,,,"     ",5.30,36.69,9.52
1771,554675432,"01771M02:33:51.788","01771 02:21:36",202.33,897.35,,,,"     ",5.30,36.66,9.51
1771,554675433,"01771M02:33:52.761","01771 02:21:37",202.33,897.42,,,,"     ",5.30,36.53,9.48
1771,554675434,"01771M02:33:53.735","01771 02:21:38",202.31,897.42,,,,"     ",5.30,36.65,9.51
1771,554675435,"01771M02:33:54.708","01771 02:21:39",202.28,897.36,,,,"     ",5.30,36.79,9.55
1771,554675436,"01771M02:33:55.681","01771 02:21:40",202.23,897.38,,,,"     ",5.30,36.48,9.47
1771,554675437,"01771M02:33:56.654","01771 02:21:41",202.17,897.47,,,,"     ",5.30,36.61,9.50
1771,554675438,"01771M02:33:57.628","01771 02:21:42",202.11,897.44,,,,"     ",5.30,36.68,9.52
1771,554675439,"01771M02:33:58.601","01771 02:21:43",202.04,897.50,,,,"     ",5.30,36.55,9.49
1771,554675440,"01771M02:33:59.574","01771 02:21:44",201.97,897.45,,,,"     ",5.30,36.60,9.50
1771,554675441,"01771M02:34:00.547","01771 02:21:45",201.92,897.50,,,,"     ",5.30,36.65,9.52
1771,554675442,"01771M02:34:01.521","01771 02:21:46",201.87,897.41,,,,"     ",5.30,36.60,9.51
1771,554675443,"01771M02:34:02.494","01771 02:21:47",201.83,897.32,,,,"     ",5.30,36.60,9.51
1771,554675444,"01771M02:34:03.467","01771 02:21:48",201.80,897.40,,,,"     ",5.30,36.53,9.49
1771,554675445,"01771M02:34:04.440","01771 02:21:49",201.79,897.35,,,,"     ",5.30,36.59,9.51
1771,554675446,"01771M02:34:05.414","01771 02:21:50",201.80,897.36,,,,"     ",5.30,36.63,9.52
1771,554675447,"01771M02:34:06.387","01771 02:21:51",201.82,897.29,,,,"     ",5.30,36.42,9.46
1771,554675448,"01771M02:34:07.360","01771 02:21:52",201.85,897.42,,,,"     ",5.30,36.59,9.51
1771,554675449,"01771M02:34:08.333","01771 02:21:53",201.89,897.28,,,,"     ",5.30,36.38,9.45
1771,554675450,"01771M02:34:09.307","01771 02:21:54",201.95,897.38,,,,"     ",5.30,36.61,9.52
1771,554675451,"01771M02:34:10.280","01771 02:21:55",202.01,897.38,,,,"     ",5.30,36.62,9.52
1771,554675452,"01771M02:34:11.253","01771 02:21:56",202.07,897.46,,,,"     ",5.30,36.55,9.51
1771,554675453,"01771M02:34:12.226","01771 02:21:57",202.10,897.43,,,,"     ",5.30,36.57,9.51
1771,554675454,"01771M02:34:13.200","01771 02:21:58",202.11,897.47,,,,"     ",5.30,36.63,9.53
1771,554675455,"01771M02:34:14.173","01771 02:21:59",202.10,897.44,,,,"     ",5.30,36.59,9.52
1771,554675456,"01771M02:34:15.146","01771 02:22:00",202.07,897.46,,,,"     ",5.30,36.72,9.56
1771,554675457,"01771M02:34:16.119","01771 02:22:01",202.01,897.50,,,,"     ",5.30,36.54,9.51
1771,554675458,"01771M02:34:17.093","01771 02:22:02",201.95,897.52,,,,"     ",5.30,36.70,9.56
1771,554675459,"01771M02:34:18.066","01771 02:22:03",201.89,897.48,,,,"     ",5.30,36.59,9.53
1771,554675460,"01771M02:34:19.039","01771 02:22:03",201.84,897.46,,,,"     ",5.30,36.53,9.51
1771,554675461,"01771M02:34:20.012","01771 02:22:04",201.80,897.43,,,,"     ",5.30,36.61,9.53
1771,554675462,"01771M02:34:20.986","01771 02:22:05",201.79,897.44,,,,"     ",5.30,36.71,9.56
1771,554675463,"01771M02:34:21.959","01771 02:22:06",201.81,897.34,,,,"     ",5.30,36.72,9.56
1771,554675464,"01771M02:34:22.932","01771 02:22:07",201.86,897.40,,,,"     ",5.30,36.70,9.56
1771,554675465,"01771M02:34:23.906","01771 02:22:08",201.94,897.46,,,,"     ",5.30,36.69,9.56
1771,554675466,"01771M02:34:24.879","01771 02:22:09",202.04,897.47,,,,"     ",5.30,36.68,9.55
1771,554675467,"01771M02:34:25.852","01771 02:22:10",202.13,897.47,,,,"     ",5.30,36.71,9.57
1771,554675468,"01771M02:34:26.825","01771 02:22:11",202.21,897.50,,,,"     ",5.30,36.69,9.56
1771,554675469,"01771M02:34:27.799","01771 02:22:12",202.29,897.45,,,,"     ",5.30,36.61,9.54
1771,554675470,"01771M02:34:28.772","01771 02:22:13",202.38,897.47,,,,"     ",5.30,36.65,9.55
1771,554675471,"01771M02:34:29.745","01771 02:22:14",202.47,897.47,,,,"     ",5.30,36.60,9.54
1771,554675472,"01771M02:34:30.718","01771 02:22:15",202.56,897.48,,,,"     ",5.30,36.60,9.54
1771,554675473,"01771M02:34:31.692","01771 02:22:16",202.63,897.50,,,,"     ",5.30,36.73,9.58
1771,554675474,"01771M02:34:32.665","01771 02:22:17",202.66,897.41,,,,"     ",5.30,36.63,9.55
1771,554675475,"01771M02:34:33.638","01771 02:22:18",202.67,897.38,,,,"     ",5.30,36.55,9.53
1771,554675476,"01771M02:34:34.611","01771 02:22:19",202.65,897.43,,,,"     ",5.30,36.61,9.55
1771,554675477,"01771M02:34:35.585","01771 02:22:20",202.62,897.36,,,,"     ",5.30,36.64,9.56
1771,554675478,"01771M02:34:36.558","01771 02:22:21",202.57,897.41,,,,"     ",5.30,36.66,9.57
1771,554675479,"01771M02:34:37.531","01771 02:22:22",202.49,897.33,,,,"     ",5.30,36.45,9.52
1771,554675480,"01771M02:34:38.504","01771 02:22:23",202.41,897.41,,,,"     ",5.30,36.57,9.55
1771,554675481,"01771M02:34:39.478","01771 02:22:24",202.32,897.42,,,,"     ",5.30,36.55,9.55
1771,554675482,"01771M02:34:40.451","01771 02:22:25",202.23,897.45,,,,"     ",5.30,36.57,9.55
1771,554675483,"01771M02:34:41.424","01771 02:22:26",202.14,897.37,,,,"     ",5.30,36.42,9.51
1771,554675484,"01771M02:34:42.397","01771 02:22:27",202.06,897.41,,,,"     ",5.30,36.34,9.50
1771,554675485,"01771M02:34:43.371","01771 02:22:28",201.98,897.38,,,,"     ",5.30,36.43,9.52
1771,554675486,"01771M02:34:44.344","01771 02:22:29",201.92,897.37,,,,"     ",5.30,36.30,9.49
1771,554675487,"01771M02:34:45.317","01771 02:22:30",201.89,897.42,,,,"     ",5.30,36.34,9.50
1771,554675488,"01771M02:34:46.290","01771 02:22:31",201.88,897.35,,,,"     ",5.30,36.40,9.52
1771,554675489,"01771M02:34:47.264","01771 02:22:32",201.90,897.45,,,,"     ",5.30,36.38,9.52
1771,554675490,"01771M02:34:48.237","01771 02:22:33",201.93,897.41,,,,"     ",5.30,36.31,9.50
1771,554675491,"01771M02:34:49.210","01771 02:22:34",201.95,897.42,,,,"     ",5.30,36.20,9.48
1771,554675492,"01771M02:34:50.183","01771 02:22:35",201.97,897.38,,,,"     ",5.30,36.30,9.51
1771,554675493,"01771M02:34:51.157","01771 02:22:36",201.98,897.43,,,,"     ",5.30,36.19,9.48
1771,554675494,"01771M02:34:52.130","01771 02:22:37",201.98,897.42,,,,"     ",5.30,36.16,9.48
1771,554675495,"01771M02:34:53.103","01771 02:22:38",201.96,897.43,,,,"     ",5.30,36.15,9.48
1771,554675496,"01771M02:34:54.076","01771 02:22:39",201.93,897.48,,,,"     ",5.30,36.12,9.47
1771,554675497,"01771M02:34:55.050","01771 02:22:40",201.89,897.38,,,,"     ",5.30,36.16,9.48
1771,554675498,"01771M02:34:56.023","01771 02:22:40",201.83,897.45,,,,"     ",5.30,36.11,9.47
1771,554675499,"01771M02:34:56.996","01771 02:22:41",201.77,897.37,,,,"     ",5.30,36.25,9.51
1771,554675500,"01771M02:34:57.969","01771 02:22:42",201.70,897.51,,,,"     ",5.30,36.17,9.49
1771,554675501,"01771M02:34:58.943","01771 02:22:43",201.63,897.42,,,,"     ",5.30,36.16,9.49
1771,554675502,"01771M02:34:59.916","01771 02:22:44",201.60,897.43,,,,"     ",5.30,36.08,9.47
1771,554675503,"01771M02:35:00.889","01771 02:22:45",201.60,897.40,,,,"     ",5.30,36.13,9.49
1771,554675504,"01771M02:35:01.862","01771 02:22:46",201.64,897.43,,,,"     ",5.30,36.23,9.52
1771,554675505,"01771M02:35:02.836","01771 02:22:47",201.72,897.44,,,,"     ",5.30,36.13,9.49
1771,554675506,"01771M02:35:03.809","01771 02:22:48",201.81,897.43,,,,"     ",5.30,36.19,9.51
1771,554675507,"01771M02:35:04.782","01771 02:22:49",201.91,897.40,,,,"     ",5.30,36.15,9.50
1771,554675508,"01771M02:35:05.755","01771 02:22:50",202.00,897.32,,,,"     ",5.30,36.16,9.51
1771,554675509,"01771M02:35:06.729","01771 02:22:51",202.07,897.26,,,,"     ",5.30,36.14,9.50
1771,554675510,"01771M02:35:07.702","01771 02:22:52",202.13,897.34,,,,"     ",5.30,36.22,9.52
1771,554675511,"01771M02:35:08.675","01771 02:22:53",202.18,897.32,,,,"     ",5.30,36.02,9.47
1771,554675512,"01771M02:35:09.648","01771 02:22:54",202.22,897.42,,,,"     ",5.30,36.09,9.49
1771,554675513,"01771M02:35:10.622","01771 02:22:55",202.26,897.45,,,,"     ",5.30,36.17,9.52
1771,554675514,"01771M02:35:11.595","01771 02:22:56",202.29,897.46,,,,"     ",5.30,36.20,9.53
1771,554675515,"01771M02:35:12.568","01771 02:22:57",202.31,897.42,,,,"     ",5.30,36.28,9.55
1771,554675516,"01771M02:35:13.541","01771 02:22:58",202.31,897.41,,,,"     ",5.30,36.44,9.59
1771,554675517,"01771M02:35:14.515","01771 02:22:59",202.29,897.43,,,,"     ",5.30,36.18,9.52
1771,554675518,"01771M02:35:15.488","01771 02:23:00",202.26,897.38,,,,"     ",5.30,36.10,9.50
1771,554675519,"01771M02:35:16.461","01771 02:23:01",202.23,897.38,,,,"     ",5.30,36.29,9.55
1771,554675520,"01771M02:35:17.434","01771 02:23:02",202.20,897.45,,,,"     ",5.30,36.22,9.54
1771,554675521,"01771M02:35:18.408","01771 02:23:03",202.19,897.39,,,,"     ",5.30,36.31,9.56
1771,554675522,"01771M02:35:19.381","01771 02:23:04",202.20,897.46,,,,"     ",5.30,36.31,9.56
1771,554675523,"01771M02:35:20.354","01771 02:23:05",202.24,897.33,,,,"     ",5.30,36.37,9.58
1771,554675524,"01771M02:35:21.327","01771 02:23:06",202.28,897.41,,,,"     ",5.30,36.38,9.58
1771,554675525,"01771M02:35:22.301","01771 02:23:07",202.32,897.47,,,,"     ",5.30,36.45,9.60
1771,554675526,"01771M02:35:23.274","01771 02:23:08",202.33,897.51,,,,"     ",5.30,36.48,9.61
1771,554675527,"01771M02:35:24.247","01771 02:23:09",202.31,897.50,,,,"     ",5.30,36.44,9.60
1771,554675528,"01771M02:35:25.220","01771 02:23:10",202.28,897.46,,,,"     ",5.30,36.51,9.62
1771,554675529,"01771M02:35:26.194","01771 02:23:11",202.26,897.43,,,,"     ",5.30,36.37,9.58
1771,554675530,"01771M02:35:27.167","01771 02:23:12",202.26,897.36,,,,"     ",5.30,36.46,9.61
1771,554675531,"01771M02:35:28.140","01771 02:23:13",202.30,897.39,,,,"     ",5.30,36.48,9.61
1771,554675532,"01771M02:35:29.113","01771 02:23:14",202.35,897.48,,,,"     ",5.30,36.55,9.63
1771,554675533,"01771M02:35:30.087","01771 02:23:15",202.41,897.46,,,,"     ",5.30,36.57,9.64
1771,554675534,"01771M02:35:31.060","01771 02:23:16",202.46,897.44,,,,"     ",5.30,36.49,9.62
1771,554675535,"01771M02:35:32.033","01771 02:23:17",202.50,897.44,,,,"     ",5.30,36.50,9.62
1771,554675536,"01771M02:35:33.006","01771 02:23:17",202.53,897.45,,,,"     ",5.30,36.68,9.67
1771,554675537,"01771M02:35:33.980","01771 02:23:18",202.55,897.55,,,,"     ",5.30,36.66,9.66
1771,554675538,"01771M02:35:34.953","01771 02:23:19",202.58,897.44,,,,"     ",5.30,36.74,9.69
1771,554675539,"01771M02:35:35.926","01771 02:23:20",202.62,897.35,,,,"     ",5.30,36.63,9.66
1771,554675540,"01771M02:35:36.900","01771 02:23:21",202.66,897.29,,,,"     ",5.30,36.55,9.64
1771,554675541,"01771M02:35:37.873","01771 02:23:22",202.69,897.30,,,,"     ",5.30,36.47,9.62
1771,554675542,"01771M02:35:38.846","01771 02:23:23",202.70,897.38,,,,"     ",5.30,36.47,9.62
1771,554675543,"01771M02:35:39.819","01771 02:23:24",202.68,897.32,,,,"     ",5.30,36.57,9.65
1771,554675544,"01771M02:35:40.793","01771 02:23:25",202.63,897.39,,,,"     ",5.30,36.65,9.67
1771,554675545,"01771M02:35:41.766","01771 02:23:26",202.55,897.38,,,,"     ",5.30,36.59,9.66
1771,554675546,"01771M02:35:42.739","01771 02:23:27",202.47,897.42,,,,"     ",5.30,36.54,9.65
1771,554675547,"01771M02:35:43.712","01771 02:23:28",202.42,897.42,,,,"     ",5.30,36.59,9.66
1771,554675548,"01771M02:35:44.686","01771 02:23:29",202.39,897.39,,,,"     ",5.30,36.74,9.70
1771,554675549,"01771M02:35:45.659","01771 02:23:30",202.40,897.45,,,,"     ",5.30,36.54,9.65
1771,554675550,"01771M02:35:46.632","01771 02:23:31",202.42,897.49,,,,"     ",5.30,36.50,9.64
1771,554675551,"01771M02:35:47.605","01771 02:23:32",202.45,897.47,,,,"     ",5.30,36.62,9.67
1771,554675552,"01771M02:35:48.579","01771 02:23:33",202.47,897.41,,,,"     ",5.30,36.68,9.69
1771,554675553,"01771M02:35:49.552","01771 02:23:34",202.49,897.45,,,,"     ",5.30,36.59,9.67
1771,554675554,"01771M02:35:50.525","01771 02:23:35",202.51,897.32,,,,"     ",5.30,36.64,9.68
1771,554675555,"01771M02:35:51.498","01771 02:23:36",202.54,897.46,,,,"     ",5.30,36.52,9.65
1771,554675556,"01771M02:35:52.472","01771 02:23:37",202.57,897.39,,,,"     ",5.30,36.59,9.67
1771,554675557,"01771M02:35:53.445","01771 02:23:38",202.58,897.33,,,,"     ",5.30,36.71,9.71
1771,554675558,"01771M02:35:54.418","01771 02:23:39",202.59,897.39,,,,"     ",5.30,36.63,9.68
1771,554675559,"01771M02:35:55.391","01771 02:23:40",202.60,897.43,,,,"     ",5.30,36.66,9.70
1771,554675560,"01771M02:35:56.365","01771 02:23:41",202.60,897.31,,,,"     ",5.30,36.57,9.67
1771,554675561,"01771M02:35:57.338","01771 02:23:42",202.60,897.41,,,,"     ",5.30,36.54,9.67
1771,554675562,"01771M02:35:58.311","01771 02:23:43",202.61,897.32,,,,"     ",5.30,36.69,9.71
1771,554675563,"01771M02:35:59.284","01771 02:23:44",202.60,897.38,,,,"     ",5.30,36.66,9.70
1771,554675564,"01771M02:36:00.258","01771 02:23:45",202.60,897.37,,,,"     ",5.30,36.67,9.71
1771,554675565,"01771M02:36:01.231","01771 02:23:46",202.60,897.37,,,,"     ",5.30,36.57,9.69
1771,554675566,"01771M02:36:02.204","01771 02:23:47",202.59,897.42,,,,"     ",5.30,36.55,9.68
1771,554675567,"01771M02:36:03.177","01771 02:23:48",202.58,897.39,,,,"     ",5.30,36.56,9.68
1771,554675568,"01771M02:36:04.151","01771 02:23:49",202.57,897.42,,,,"     ",5.30,36.68,9.72
1771,554675569,"01771M02:36:05.124","01771 02:23:50",201.95,897.39,,,,"     ",5.30,36.55,9.68
1771,554675570,"01771M02:36:06.097","01771 02:23:51",201.98,897.40,,,,"     ",5.30,36.59,9.70
1771,554675571,"01771M02:36:07.070","01771 02:23:52",202.01,897.38,,,,"     ",5.30,36.68,9.73
1771,554675572,"01771M02:36:08.044","01771 02:23:53",202.04,897.43,,,,"     ",5.30,36.59,9.70
1771,554675573,"01771M02:36:09.017","01771 02:23:53",202.08,897.48,,,,"     ",5.30,36.66,9.72
1771,554675574,"01771M02:36:09.990","01771 02:23:54",202.11,897.48,,,,"     ",5.30,36.59,9.71
1771,554675575,"01771M02:36:10.963","01771 02:23:55",202.14,897.41,,,,"     ",5.30,36.64,9.72
1771,554675576,"01771M02:36:11.937","01771 02:23:56",202.17,897.40,,,,"     ",5.30,36.59,9.71
1771,554675577,"01771M02:36:12.910","01771 02:23:57",202.20,897.31,,,,"     ",5.30,36.70,9.74
1771,554675578,"01771M02:36:13.883","01771 02:23:58",202.24,897.42,,,,"     ",5.30,36.54,9.70
1771,554675579,"01771M02:36:14.856","01771 02:23:59",202.27,897.44,,,,"     ",5.30,36.58,9.71
1771,554675580,"01771M02:36:15.830","01771 02:24:00",202.30,897.46,,,,"     ",5.30,36.45,9.68
1771,554675581,"01771M02:36:16.803","01771 02:24:01",202.33,897.50,,,,"     ",5.30,36.57,9.72
1771,554675582,"01771M02:36:17.776","01771 02:24:02",202.36,897.38,,,,"     ",5.30,36.52,9.70
1771,554675583,"01771M02:36:18.749","01771 02:24:03",202.39,897.39,,,,"     ",5.30,36.66,9.74
1771,554675584,"01771M02:36:19.723","01771 02:24:04",202.42,897.44,,,,"     ",5.30,36.53,9.71
1771,554675585,"01771M02:36:20.696","01771 02:24:05",202.45,897.44,,,,"     ",5.30,36.51,9.70
1771,554675586,"01771M02:36:21.669","01771 02:24:06",202.47,897.42,,,,"     ",5.30,36.59,9.73
1771,554675587,"01771M02:36:22.642","01771 02:24:07",202.50,897.38,,,,"     ",5.30,36.66,9.75
1771,554675588,"01771M02:36:23.616","01771 02:24:08",202.53,897.48,,,,"     ",5.30,36.76,9.78
1771,554675589,"01771M02:36:24.589","01771 02:24:09",202.57,897.47,,,,"     ",5.30,36.72,9.77
1771,554675590,"01771M02:36:25.562","01771 02:24:10",202.61,897.44,,,,"     ",5.30,36.69,9.76
1771,554675591,"01771M02:36:26.535","01771 02:24:11",202.66,897.42,,,,"     ",5.30,36.68,9.76
1771,554675592,"01771M02:36:27.509","01771 02:24:12",202.71,897.46,,,,"     ",5.30,36.79,9.79
1771,554675593,"01771M02:36:28.482","01771 02:24:13",202.76,897.39,,,,"     ",5.30,36.68,9.76
1771,554675594,"01771M02:36:29.455","01771 02:24:14",202.81,897.35,,,,"     ",5.30,36.62,9.74
1771,554675595,"01771M02:36:30.428","01771 02:24:15",202.85,897.43,,,,"     ",5.30,36.77,9.79
1771,554675596,"01771M02:36:31.402","01771 02:24:16",202.89,897.39,,,,"     ",5.30,36.72,9.78
1771,554675597,"01771M02:36:32.375","01771 02:24:17",202.92,897.43,,,,"     ",5.30,36.71,9.78
1771,554675598,"01771M02:36:33.348","01771 02:24:18",202.93,897.33,,,,"     ",5.30,36.68,9.77
1771,554675599,"01771M02:36:34.321","01771 02:24:19",202.93,897.37,,,,"     ",5.30,36.68,9.77
1771,554675600,"01771M02:36:35.295","01771 02:24:20",202.92,897.44,,,,"     ",5.30,36.71,9.78
1771,554675601,"01771M02:36:36.268","01771 02:24:21",202.90,897.32,,,,"     ",5.30,36.63,9.76
1771,554675602,"01771M02:36:37.241","01771 02:24:22",202.87,897.31,,,,"     ",5.30,36.80,9.81
1771,554675603,"01771M02:36:38.214","01771 02:24:23",202.85,897.36,,,,"     ",5.30,36.65,9.77
1771,554675604,"01771M02:36:39.188","01771 02:24:24",202.82,897.38,,,,"     ",5.30,36.64,9.77
1771,554675605,"01771M02:36:40.161","01771 02:24:25",202.80,897.26,,,,"     ",5.30,36.83,9.82
1771,554675606,"01771M02:36:41.134","01771 02:24:26",202.77,897.40,,,,"     ",5.30,36.58,9.76
1771,554675607,"01771M02:36:42.107","01771 02:24:27",202.74,897.31,,,,"     ",5.30,36.54,9.75
1771,554675608,"01771M02:36:43.081","01771 02:24:28",202.70,897.28,,,,"     ",5.30,36.59,9.76
1771,554675609,"01771M02:36:44.054","01771 02:24:29",202.66,897.38,,,,"     ",5.30,36.79,9.82
1771,554675610,"01771M02:36:45.027","01771 02:24:30",202.61,897.35,,,,"     ",5.30,36.63,9.78
1771,554675611,"01771M02:36:46.001","01771 02:24:30",202.56,897.42,,,,"     ",5.30,36.61,9.78
1771,554675612,"01771M02:36:46.974","01771 02:24:31",202.52,897.34,,,,"     ",5.30,36.68,9.80
1771,554675613,"01771M02:36:47.947","01771 02:24:32",202.49,897.41,,,,"     ",5.30,36.63,9.78
1771,554675614,"01771M02:36:48.920","01771 02:24:33",202.48,897.36,,,,"     ",5.30,36.52,9.75
1771,554675615,"01771M02:36:49.894","01771 02:24:34",202.48,897.45,,,,"     ",5.30,36.64,9.79
1771,554675616,"01771M02:36:50.867","01771 02:24:35",202.50,897.38,,,,"     ",5.30,36.84,9.85
1771,554675617,"01771M02:36:51.840","01771 02:24:36",202.53,897.34,,,,"     ",5.30,36.63,9.79
1771,554675618,"01771M02:36:52.813","01771 02:24:37",202.57,897.27,,,,"     ",5.30,36.67,9.80
1771,554675619,"01771M02:36:53.787","01771 02:24:38",202.62,897.37,,,,"     ",5.30,36.74,9.82
1771,554675620,"01771M02:36:54.760","01771 02:24:39",202.68,897.34,,,,"     ",5.30,36.69,9.81
1771,554675621,"01771M02:36:55.733","01771 02:24:40",202.75,897.37,,,,"     ",5.30,36.56,9.78
1771,554675622,"01771M02:36:56.706","01771 02:24:41",202.80,897.37,,,,"     ",5.30,36.71,9.82
1771,554675623,"01771M02:36:57.680","01771 02:24:42",202.85,897.40,,,,"     ",5.30,36.82,9.85
1771,554675624,"01771M02:36:58.653","01771 02:24:43",202.88,897.40,,,,"     ",5.30,36.64,9.81
1771,554675625,"01771M02:36:59.626","01771 02:24:44",202.89,897.36,,,,"     ",5.30,36.75,9.83
1771,554675626,"01771M02:37:00.599","01771 02:24:45",202.89,897.39,,,,"     ",5.30,36.64,9.81
1771,554675627,"01771M02:37:01.573","01771 02:24:46",202.86,897.37,,,,"     ",5.30,36.74,9.83
1771,554675628,"01771M02:37:02.546","01771 02:24:47",202.82,897.38,,,,"     ",5.30,36.79,9.85
1771,554675629,"01771M02:37:03.519","01771 02:24:48",202.77,897.31,,,,"     ",5.30,36.85,9.87
1771,554675630,"01771M02:37:04.492","01771 02:24:49",202.71,897.36,,,,"     ",5.30,36.76,9.84
1771,554675631,"01771M02:37:05.466","01771 02:24:50",202.64,897.28,,,,"     ",5.30,36.76,9.85
1771,554675632,"01771M02:37:06.439","01771 02:24:51",202.57,897.32,,,,"     ",5.30,36.75,9.84
1771,554675633,"01771M02:37:07.412","01771 02:24:52",202.49,897.26,,,,"     ",5.30,36.70,9.83
1771,554675634,"01771M02:37:08.385","01771 02:24:53",202.41,897.33,,,,"     ",5.30,36.70,9.83
1771,554675635,"01771M02:37:09.359","01771 02:24:54",202.34,897.24,,,,"     ",5.30,36.76,9.85
1771,554675636,"01771M02:37:10.332","01771 02:24:55",202.28,897.36,,,,"     ",5.30,36.69,9.83
1771,554675637,"01771M02:37:11.305","01771 02:24:56",202.24,897.39,,,,"     ",5.30,36.66,9.83
1771,554675638,"01771M02:37:12.278","01771 02:24:57",202.21,897.41,,,,"     ",5.30,36.66,9.83
1771,554675639,"01771M02:37:13.252","01771 02:24:58",202.20,897.49,,,,"     ",5.30,36.73,9.85
1771,554675640,"01771M02:37:14.225","01771 02:24:59",202.21,897.36,,,,"     ",5.30,36.84,9.88
1771,554675641,"01771M02:37:15.198","01771 02:25:00",202.24,897.41,,,,"     ",5.30,36.69,9.84
1771,554675642,"01771M02:37:16.171","01771 02:25:01",202.28,897.36,,,,"     ",5.30,36.55,9.81
1771,554675643,"01771M02:37:17.145","01771 02:25:02",202.31,897.40,,,,"     ",5.30,36.90,9.91
1771,554675644,"01771M02:37:18.118","01771 02:25:03",202.35,897.38,,,,"     ",5.30,36.67,9.84
1771,554675645,"01771M02:37:19.091","01771 02:25:04",202.40,897.37,,,,"     ",5.30,36.56,9.81
1771,554675646,"01771M02:37:20.064","01771 02:25:05",202.44,897.36,,,,"     ",5.30,36.64,9.84
1771,554675647,"01771M02:37:21.038","01771 02:25:06",202.48,897.42,,,,"     ",5.30,36.62,9.84
1771,554675648,"01771M02:37:22.011","01771 02:25:07",202.52,897.43,,,,"     ",5.30,36.58,9.83
1771,554675649,"01771M02:37:22.984","01771 02:25:07",202.55,897.41,,,,"     ",5.30,36.62,9.84
1771,554675650,"01771M02:37:23.957","01771 02:25:08",202.57,897.39,,,,"     ",5.30,36.59,9.83
1771,554675651,"01771M02:37:24.931","01771 02:25:09",202.58,897.42,,,,"     ",5.30,36.55,9.83
1771,554675652,"01771M02:37:25.904","01771 02:25:10",202.57,897.41,,,,"     ",5.30,36.53,9.82
1771,554675653,"01771M02:37:26.877","01771 02:25:11",202.54,897.42,,,,"     ",5.30,36.45,9.81
1771,554675654,"01771M02:37:27.850","01771 02:25:12",202.50,897.42,,,,"     ",5.30,36.58,9.85
1771,554675655,"01771M02:37:28.824","01771 02:25:13",202.44,897.43,,,,"     ",5.30,36.44,9.81
1771,554675656,"01771M02:37:29.797","01771 02:25:14",202.37,897.42,,,,"     ",5.30,36.63,9.86
1771,554675657,"01771M02:37:30.770","01771 02:25:15",202.30,897.32,,,,"     ",5.30,36.48,9.82
1771,554675658,"01771M02:37:31.743","01771 02:25:16",202.24,897.35,,,,"     ",5.30,36.45,9.82
1771,554675659,"01771M02:37:32.717","01771 02:25:17",202.18,897.30,,,,"     ",5.30,36.51,9.84
1771,554675660,"01771M02:37:33.690","01771 02:25:18",202.12,897.27,,,,"     ",5.30,36.49,9.83
1771,554675661,"01771M02:37:34.663","01771 02:25:19",202.08,897.31,,,,"     ",5.30,36.57,9.86
1771,554675662,"01771M02:37:35.636","01771 02:25:20",202.04,897.20,,,,"     ",5.30,36.47,9.84
1771,554675663,"01771M02:37:36.610","01771 02:25:21",202.01,897.32,,,,"     ",5.30,36.25,9.78
1771,554675664,"01771M02:37:37.583","01771 02:25:22",201.99,897.27,,,,"     ",5.30,36.53,9.86
1771,554675665,"01771M02:37:38.556","01771 02:25:23",201.97,897.29,,,,"     ",5.30,36.45,9.84
1771,554675666,"01771M02:37:39.529","01771 02:25:24",201.96,897.23,,,,"     ",5.30,36.37,9.82
1771,554675667,"01771M02:37:40.503","01771 02:25:25",201.96,897.30,,,,"     ",5.30,36.35,9.81
1771,554675668,"01771M02:37:41.476","01771 02:25:26",201.97,897.26,,,,"     ",5.30,36.45,9.85
1771,554675669,"01771M02:37:42.449","01771 02:25:27",201.98,897.14,,,,"     ",5.30,36.31,9.81
1771,554675670,"01771M02:37:43.422","01771 02:25:28",202.00,897.19,,,,"     ",5.30,36.39,9.83
1771,554675671,"01771M02:37:44.396","01771 02:25:29",202.03,897.20,,,,"     ",5.30,36.32,9.82
1771,554675672,"01771M02:37:45.369","01771 02:25:30",202.06,897.29,,,,"     ",5.30,36.29,9.81
1771,554675673,"01771M02:37:46.342","01771 02:25:31",202.10,897.18,,,,"     ",5.30,36.23,9.79
1771,554675674,"01771M02:37:47.315","01771 02:25:32",202.14,897.23,,,,"     ",5.30,36.22,9.79
1771,554675675,"01771M02:37:48.289","01771 02:25:33",202.19,897.29,,,,"     ",5.30,36.20,9.79
1771,554675676,"01771M02:37:49.262","01771 02:25:34",202.24,897.33,,,,"     ",5.30,36.29,9.82
1771,554675677,"01771M02:37:50.235","01771 02:25:35",202.29,897.31,,,,"     ",5.30,36.27,9.81
1771,554675678,"01771M02:37:51.208","01771 02:25:36",202.33,897.26,,,,"     ",5.30,36.17,9.79
1771,554675679,"01771M02:37:52.182","01771 02:25:37",202.37,897.31,,,,"     ",5.30,36.27,9.81
1771,554675680,"01771M02:37:53.155","01771 02:25:38",202.41,897.39,,,,"     ",5.30,36.35,9.84
1771,554675681,"01771M02:37:54.128","01771 02:25:39",202.44,897.29,,,,"     ",5.30,36.20,9.80
1771,554675682,"01771M02:37:55.102","01771 02:25:40",202.47,897.32,,,,"     ",5.30,36.32,9.83
1771,554675683,"01771M02:37:56.075","01771 02:25:41",202.49,897.27,,,,"     ",5.30,36.29,9.82
1771,554675684,"01771M02:37:57.048","01771 02:25:42",202.51,897.39,,,,"     ",5.30,36.31,9.83
1771,554675685,"01771M02:37:58.021","01771 02:25:43",202.53,897.29,,,,"     ",5.30,36.32,9.83
1771,554675686,"01771M02:37:58.995","01771 02:25:44",202.55,897.22,,,,"     ",5.30,36.31,9.83
1771,554675687,"01771M02:37:59.968","01771 02:25:44",202.58,897.22,,,,"     ",5.30,36.37,9.85
1771,554675688,"01771M02:38:00.941","01771 02:25:45",202.62,897.25,,,,"     ",5.30,36.38,9.85
1771,554675689,"01771M02:38:01.914","01771 02:25:46",202.66,897.29,,,,"     ",5.30,36.40,9.86
1771,554675690,"01771M02:38:02.888","01771 02:25:47",202.71,897.23,,,,"     ",5.30,36.36,9.84
1771,554675691,"01771M02:38:03.861","01771 02:25:48",202.76,897.32,,,,"     ",5.30,36.42,9.86
1771,554675692,"01771M02:38:04.834","01771 02:25:49",202.81,897.22,,,,"     ",5.30,36.31,9.83
1771,554675693,"01771M02:38:05.807","01771 02:25:50",202.86,897.29,,,,"     ",5.30,36.39,9.85
1771,554675694,"01771M02:38:06.781","01771 02:25:51",202.90,897.29,,,,"     ",5.30,36.32,9.83
1771,554675695,"01771M02:38:07.754","01771 02:25:52",202.94,897.26,,,,"     ",5.30,36.51,9.89
1771,554675696,"01771M02:38:08.727","01771 02:25:53",202.97,897.23,,,,"     ",5.30,36.47,9.88
1771,554675697,"01771M02:38:09.700","01771 02:25:54",203.00,897.33,,,,"     ",5.30,36.36,9.84
1771,554675698,"01771M02:38:10.674","01771 02:25:55",203.01,897.33,,,,"     ",5.30,36.31,9.83
1771,554675699,"01771M02:38:11.647","01771 02:25:56",203.03,897.32,,,,"     ",5.30,36.35,9.84
1771,554675700,"01771M02:38:12.620","01771 02:25:57",203.03,897.38,,,,"     ",5.30,36.32,9.84
1771,554675701,"01771M02:38:13.593","01771 02:25:58",203.03,897.23,,,,"     ",5.30,36.35,9.84
1771,554675702,"01771M02:38:14.567","01771 02:25:59",203.02,897.33,,,,"     ",5.30,36.32,9.84
1771,554675703,"01771M02:38:15.540","01771 02:26:00",203.01,897.31,,,,"     ",5.30,36.38,9.85
1771,554675704,"01771M02:38:16.513","01771 02:26:01",202.75,897.38,,,,"     ",5.30,36.45,9.87
1771,554675705,"01771M02:38:17.486","01771 02:26:02",202.74,897.30,,,,"     ",5.30,36.38,9.85
1771,554675706,"01771M02:38:18.460","01771 02:26:03",202.73,897.31,,,,"     ",5.30,36.48,9.88
1771,554675707,"01771M02:38:19.433","01771 02:26:04",202.72,897.18,,,,"     ",5.30,36.30,9.83
1771,554675708,"01771M02:38:20.406","01771 02:26:05",202.97,897.15,,,,"     ",5.30,36.46,9.88
1771,554675709,"01771M02:38:21.379","01771 02:26:06",202.96,897.27,,,,"     ",5.30,36.47,9.88
1771,554675710,"01771M02:38:22.353","01771 02:26:07",202.94,897.30,,,,"     ",5.30,36.39,9.85
1771,554675711,"01771M02:38:23.326","01771 02:26:08",202.92,897.30,,,,"     ",5.30,36.52,9.90
1771,554675712,"01771M02:38:24.299","01771 02:26:09",202.89,897.24,,,,"     ",5.30,36.48,9.88
1771,554675713,"01771M02:38:25.272","01771 02:26:10",202.87,897.21,,,,"     ",5.30,36.46,9.88
1771,554675714,"01771M02:38:26.246","01771 02:26:11",202.86,897.22,,,,"     ",5.30,36.43,9.86
1771,554675715,"01771M02:38:27.219","01771 02:26:12",202.85,897.23,,,,"     ",5.30,36.49,9.89
1771,554675716,"01771M02:38:28.192","01771 02:26:13",202.85,897.31,,,,"     ",5.30,36.37,9.85
1771,554675717,"01771M02:38:29.165","01771 02:26:14",202.85,897.30,,,,"     ",5.30,36.41,9.87
1771,554675718,"01771M02:38:30.139","01771 02:26:15",202.85,897.35,,,,"     ",5.30,36.33,9.85
1771,554675719,"01771M02:38:31.112","01771 02:26:16",202.84,897.32,,,,"     ",5.30,36.43,9.87
1771,554675720,"01771M02:38:32.085","01771 02:26:17",202.83,897.30,,,,"     ",5.30,36.34,9.85
1771,554675721,"01771M02:38:33.058","01771 02:26:18",202.80,897.28,,,,"     ",5.30,36.48,9.89
1771,554675722,"01771M02:38:34.032","01771 02:26:19",202.77,897.26,,,,"     ",5.30,36.37,9.86
1771,554675723,"01771M02:38:35.005","01771 02:26:20",202.74,897.33,,,,"     ",5.30,36.29,9.84
1771,554675724,"01771M02:38:35.978","01771 02:26:20",202.71,897.30,,,,"     ",5.30,36.32,9.85
1771,554675725,"01771M02:38:36.951","01771 02:26:21",202.69,897.30,,,,"     ",5.30,36.28,9.84
1771,554675726,"01771M02:38:37.925","01771 02:26:22",202.69,897.30,,,,"     ",5.30,36.21,9.82
1771,554675727,"01771M02:38:38.898","01771 02:26:23",202.68,897.26,,,,"     ",5.30,36.36,9.86
1771,554675728,"01771M02:38:39.871","01771 02:26:24",202.68,897.18,,,,"     ",5.30,36.44,9.89
1771,554675729,"01771M02:38:40.844","01771 02:26:25",202.67,897.23,,,,"     ",5.30,36.38,9.87
1771,554675730,"01771M02:38:41.818","01771 02:26:26",202.64,897.18,,,,"     ",5.30,36.49,9.90
1771,554675731,"01771M02:38:42.791","01771 02:26:27",202.61,897.14,,,,"     ",5.30,36.40,9.88
1771,554675732,"01771M02:38:43.764","01771 02:26:28",202.56,897.23,,,,"     ",5.30,36.41,9.88
1771,554675733,"01771M02:38:44.737","01771 02:26:29",202.50,897.24,,,,"     ",5.30,36.36,9.87
1771,554675734,"01771M02:38:45.711","01771 02:26:30",202.44,897.26,,,,"     ",5.30,36.33,9.86
1771,554675735,"01771M02:38:46.684","01771 02:26:31",202.38,897.34,,,,"     ",5.30,36.31,9.86
1771,554675736,"01771M02:38:47.657","01771 02:26:32",202.33,897.34,,,,"     ",5.30,36.39,9.88
1771,554675737,"01771M02:38:48.630","01771 02:26:33",202.29,897.30,,,,"     ",5.30,36.31,9.86
1771,554675738,"01771M02:38:49.604","01771 02:26:34",202.26,897.35,,,,"     ",5.30,36.30,9.87
1771,554675739,"01771M02:38:50.577","01771 02:26:35",202.24,897.36,,,,"     ",5.30,36.34,9.87
1771,554675740,"01771M02:38:51.550","01771 02:26:36",202.23,897.29,,,,"     ",5.30,36.08,9.81
1771,554675741,"01771M02:38:52.523","01771 02:26:37",202.23,897.21,,,,"     ",5.30,36.17,9.83
1771,554675742,"01771M02:38:53.497","01771 02:26:38",202.24,897.20,,,,"     ",5.30,36.30,9.87
1771,554675743,"01771M02:38:54.470","01771 02:26:39",202.24,897.30,,,,"     ",5.30,36.26,9.85
1771,554675744,"01771M02:38:55.443","01771 02:26:40",202.25,897.25,,,,"     ",5.30,36.40,9.90
1771,554675745,"01771M02:38:56.416","01771 02:26:41",202.27,897.30,,,,"     ",5.30,36.36,9.89
1771,554675746,"01771M02:38:57.390","01771 02:26:42",202.28,897.33,,,,"     ",5.30,36.11,9.82
1771,554675747,"01771M02:38:58.363","01771 02:26:43",202.30,897.34,,,,"     ",5.30,36.28,9.87
1771,554675748,"01771M02:38:59.336","01771 02:26:44",202.33,897.33,,,,"     ",5.30,36.14,9.83
1771,554675749,"01771M02:39:00.309","01771 02:26:45",202.35,897.36,,,,"     ",5.30,36.19,9.85
1771,554675750,"01771M02:39:01.283","01771 02:26:46",202.37,897.30,,,,"     ",5.30,36.22,9.86
1771,554675751,"01771M02:39:02.256","01771 02:26:47",202.39,897.28,,,,"     ",5.30,36.24,9.87
1771,554675752,"01771M02:39:03.229","01771 02:26:48",202.40,897.23,,,,"     ",5.30,36.17,9.85
1771,554675753,"01771M02:39:04.203","01771 02:26:49",202.41,897.24,,,,"     ",5.30,36.21,9.86
1771,554675754,"01771M02:39:05.176","01771 02:26:50",202.42,897.18,,,,"     ",5.30,36.25,9.87
1771,554675755,"01771M02:39:06.149","01771 02:26:51",202.42,897.16,,,,"     ",5.30,36.09,9.83
1771,554675756,"01771M02:39:07.122","01771 02:26:52",202.41,897.22,,,,"     ",5.30,36.26,9.88
1771,554675757,"01771M02:39:08.096","01771 02:26:53",202.38,897.16,,,,"     ",5.30,36.09,9.83
1771,554675758,"01771M02:39:09.069","01771 02:26:54",202.35,897.17,,,,"     ",5.30,36.30,9.89
1771,554675759,"01771M02:39:10.042","01771 02:26:55",202.30,897.23,,,,"     ",5.30,36.17,9.86
1771,554675760,"01771M02:39:11.015","01771 02:26:56",202.25,897.26,,,,"     ",5.30,36.11,9.84
1771,554675761,"01771M02:39:11.989","01771 02:26:57",202.21,897.24,,,,"     ",5.30,36.11,9.84
1771,554675762,"01771M02:39:12.962","01771 02:26:57",202.18,897.36,,,,"     ",5.30,36.18,9.87
1771,554675763,"01771M02:39:13.935","01771 02:26:58",202.17,897.31,,,,"     ",5.30,36.07,9.84
1771,554675764,"01771M02:39:14.908","01771 02:26:59",202.16,897.30,,,,"     ",5.30,36.18,9.87
1771,554675765,"01771M02:39:15.882","01771 02:27:00",202.16,897.32,,,,"     ",5.30,36.11,9.86
1771,554675766,"01771M02:39:16.855","01771 02:27:01",202.17,897.31,,,,"     ",5.30,36.06,9.85
1771,554675767,"01771M02:39:17.828","01771 02:27:02",202.19,897.27,,,,"     ",5.30,36.25,9.90
1771,554675768,"01771M02:39:18.801","01771 02:27:03",202.20,897.23,,,,"     ",5.30,36.00,9.83
1771,554675769,"01771M02:39:19.775","01771 02:27:04",202.21,897.27,,,,"     ",5.30,36.05,9.84
1771,554675770,"01771M02:39:20.748","01771 02:27:05",202.22,897.19,,,,"     ",5.30,36.11,9.86
1771,554675771,"01771M02:39:21.721","01771 02:27:06",202.22,897.24,,,,"     ",5.30,36.16,9.88
1771,554675772,"01771M02:39:22.694","01771 02:27:07",202.22,897.21,,,,"     ",5.30,36.00,9.84
1771,554675773,"01771M02:39:23.668","01771 02:27:08",202.22,897.22,,,,"     ",5.30,36.01,9.83
1771,554675774,"01771M02:39:24.641","01771 02:27:09",202.22,897.23,,,,"     ",5.30,36.07,9.86
1771,554675775,"01771M02:39:25.614","01771 02:27:10",202.23,897.19,,,,"     ",5.30,35.96,9.83
1771,554675776,"01771M02:39:26.587","01771 02:27:11",202.23,897.18,,,,"     ",5.30,36.20,9.90
1771,554675777,"01771M02:39:27.561","01771 02:27:12",202.24,897.19,,,,"     ",5.30,35.94,9.83
1771,554675778,"01771M02:39:28.534","01771 02:27:13",202.25,897.24,,,,"     ",5.30,36.07,9.86
1771,554675779,"01771M02:39:29.507","01771 02:27:14",202.26,897.23,,,,"     ",5.30,36.01,9.85
1771,554675780,"01771M02:39:30.480","01771 02:27:15",202.27,897.29,,,,"     ",5.30,35.99,9.85
1771,554675781,"01771M02:39:31.454","01771 02:27:16",202.27,897.24,,,,"     ",5.30,36.04,9.86
1771,554675782,"01771M02:39:32.427","01771 02:27:17",202.28,897.25,,,,"     ",5.30,35.92,9.83
1771,554675783,"01771M02:39:33.400","01771 02:27:18",202.28,897.28,,,,"     ",5.30,36.20,9.91
1771,554675784,"01771M02:39:34.373","01771 02:27:19",202.28,897.29,,,,"     ",5.30,35.96,9.84
1771,554675785,"01771M02:39:35.347","01771 02:27:20",202.28,897.29,,,,"     ",5.30,35.91,9.83
1771,554675786,"01771M02:39:36.320","01771 02:27:21",202.27,897.20,,,,"     ",5.30,36.10,9.89
1771,554675787,"01771M02:39:37.293","01771 02:27:22",202.26,897.21,,,,"     ",5.30,35.98,9.86
1771,554675788,"01771M02:39:38.266","01771 02:27:23",202.24,897.29,,,,"     ",5.30,36.14,9.90
1771,554675789,"01771M02:39:39.240","01771 02:27:24",202.23,897.25,,,,"     ",5.30,36.09,9.89
1771,554675790,"01771M02:39:40.213","01771 02:27:25",202.24,897.22,,,,"     ",5.30,36.07,9.89
1771,554675791,"01771M02:39:41.186","01771 02:27:26",202.25,897.20,,,,"     ",5.30,36.00,9.86
1771,554675792,"01771M02:39:42.159","01771 02:27:27",202.27,897.29,,,,"     ",5.30,35.99,9.87
1771,554675793,"01771M02:39:43.133","01771 02:27:28",202.30,897.22,,,,"     ",5.30,36.01,9.87
1771,554675794,"01771M02:39:44.106","01771 02:27:29",202.32,897.26,,,,"     ",5.30,35.87,9.83
1771,554675795,"01771M02:39:45.079","01771 02:27:30",202.33,897.23,,,,"     ",5.30,36.02,9.88
1771,554675796,"01771M02:39:46.052","01771 02:27:31",202.32,897.18,,,,"     ",5.30,35.92,9.85
1771,554675797,"01771M02:39:47.026","01771 02:27:32",202.30,897.18,,,,"     ",5.30,35.88,9.84
1771,554675798,"01771M02:39:47.999","01771 02:27:33",202.26,897.17,,,,"     ",5.30,35.97,9.87
1771,554675799,"01771M02:39:48.972","01771 02:27:34",202.20,897.21,,,,"     ",5.30,36.07,9.90
1771,554675800,"01771M02:39:49.945","01771 02:27:34",202.14,897.17,,,,"     ",5.30,35.99,9.88
1771,554675801,"01771M02:39:50.919","01771 02:27:35",202.08,897.22,,,,"     ",5.30,36.00,9.88
1771,554675802,"01771M02:39:51.892","01771 02:27:36",202.02,897.24,,,,"     ",5.30,35.97,9.87
1771,554675803,"01771M02:39:52.865","01771 02:27:37",201.97,897.25,,,,"     ",5.30,36.05,9.90
1771,554675804,"01771M02:39:53.838","01771 02:27:38",201.92,897.12,,,,"     ",5.30,36.04,9.90
1771,554675805,"01771M02:39:54.812","01771 02:27:39",201.89,897.18,,,,"     ",5.30,35.92,9.86
1771,554675806,"01771M02:39:55.785","01771 02:27:40",201.87,897.21,,,,"     ",5.30,35.93,9.87
1771,554675807,"01771M02:39:56.758","01771 02:27:41",201.86,897.16,,,,"     ",5.30,35.89,9.86
1771,554675808,"01771M02:39:57.731","01771 02:27:42",201.86,897.13,,,,"     ",5.30,35.96,9.88
1771,554675809,"01771M02:39:58.705","01771 02:27:43",201.87,897.20,,,,"     ",5.30,35.85,9.86
1771,554675810,"01771M02:39:59.678","01771 02:27:44",201.88,897.25,,,,"     ",5.30,35.91,9.87
1771,554675811,"01771M02:40:00.651","01771 02:27:45",201.89,897.12,,,,"     ",5.30,35.97,9.89
1771,554675812,"01771M02:40:01.624","01771 02:27:46",201.91,897.11,,,,"     ",5.30,36.03,9.91
1771,554675813,"01771M02:40:02.598","01771 02:27:47",201.93,897.19,,,,"     ",5.30,35.76,9.83
1771,554675814,"01771M02:40:03.571","01771 02:27:48",201.96,897.19,,,,"     ",5.30,35.78,9.84
1771,554675815,"01771M02:40:04.544","01771 02:27:49",201.99,897.19,,,,"     ",5.30,35.92,9.89
1771,554675816,"01771M02:40:05.517","01771 02:27:50",202.03,897.20,,,,"     ",5.30,35.73,9.83
1771,554675817,"01771M02:40:06.491","01771 02:27:51",202.06,897.24,,,,"     ",5.30,35.95,9.90
1771,554675818,"01771M02:40:07.464","01771 02:27:52",202.09,897.23,,,,"     ",5.30,35.86,9.87
1771,554675819,"01771M02:40:08.437","01771 02:27:53",202.12,897.19,,,,"     ",5.30,35.90,9.88
1771,554675820,"01771M02:40:09.410","01771 02:27:54",202.14,897.18,,,,"     ",5.30,35.75,9.85
1771,554675821,"01771M02:40:10.384","01771 02:27:55",202.14,897.26,,,,"     ",5.30,35.85,9.87
1771,554675822,"01771M02:40:11.357","01771 02:27:56",202.12,897.17,,,,"     ",5.30,35.93,9.90
1771,554675823,"01771M02:40:12.330","01771 02:27:57",202.08,897.20,,,,"     ",5.30,35.86,9.88
1771,554675824,"01771M02:40:13.304","01771 02:27:58",202.02,897.22,,,,"     ",5.30,35.80,9.87
1771,554675825,"01771M02:40:14.277","01771 02:27:59",201.94,897.24,,,,"     ",5.30,35.91,9.90
1771,554675826,"01771M02:40:15.250","01771 02:28:00",201.86,897.23,,,,"     ",5.30,35.78,9.87
1771,554675827,"01771M02:40:16.223","01771 02:28:01",201.78,897.23,,,,"     ",5.30,35.81,9.87
1771,554675828,"01771M02:40:17.197","01771 02:28:02",201.71,897.14,,,,"     ",5.30,35.85,9.89
1771,554675829,"01771M02:40:18.170","01771 02:28:03",201.65,897.16,,,,"     ",5.30,35.78,9.87
1771,554675830,"01771M02:40:19.143","01771 02:28:04",201.61,897.22,,,,"     ",5.30,35.74,9.86
1771,554675831,"01771M02:40:20.116","01771 02:28:05",201.57,897.19,,,,"     ",5.30,35.86,9.89
1771,554675832,"01771M02:40:21.090","01771 02:28:06",201.54,897.22,,,,"     ",5.30,35.78,9.87
1771,554675833,"01771M02:40:22.063","01771 02:28:07",201.52,897.12,,,,"     ",5.30,35.88,9.90
1771,554675834,"01771M02:40:23.036","01771 02:28:08",201.52,897.03,,,,"     ",5.30,35.73,9.86
1771,554675835,"01771M02:40:24.009","01771 02:28:09",201.54,897.06,,,,"     ",5.30,35.80,9.88
1771,554675836,"01771M02:40:24.983","01771 02:28:10",201.57,897.11,,,,"     ",5.30,35.86,9.90
1771,554675837,"01771M02:40:25.956","01771 02:28:10",201.61,897.17,,,,"     ",5.30,35.84,9.90
1771,554675838,"01771M02:40:26.929","01771 02:28:11",201.67,897.22,,,,"     ",5.30,35.72,9.86
1771,554675839,"01771M02:40:27.902","01771 02:28:12",201.73,897.22,,,,"     ",5.30,35.84,9.90
1771,554675840,"01771M02:40:28.876","01771 02:28:13",201.80,897.16,,,,"     ",5.30,35.78,9.89
1771,554675841,"01771M02:40:29.849","01771 02:28:14",201.87,897.18,,,,"     ",5.30,35.78,9.89
1771,554675842,"01771M02:40:30.822","01771 02:28:15",201.94,897.21,,,,"     ",5.30,35.78,9.89
1771,554675843,"01771M02:40:31.795","01771 02:28:16",202.00,897.20,,,,"     ",5.30,35.84,9.91
1771,554675844,"01771M02:40:32.769","01771 02:28:17",202.05,897.16,,,,"     ",5.30,35.68,9.86
1771,554675845,"01771M02:40:33.742","01771 02:28:18",202.09,897.06,,,,"     ",5.30,35.61,9.84
1771,554675846,"01771M02:40:34.715","01771 02:28:19",202.11,897.28,,,,"     ",5.30,35.66,9.86
1771,554675847,"01771M02:40:35.688","01771 02:28:20",202.12,897.16,,,,"     ",5.30,35.78,9.90
1771,554675848,"01771M02:40:36.662","01771 02:28:21",202.12,897.10,,,,"     ",5.30,35.78,9.89
1771,554675849,"01771M02:40:37.635","01771 02:28:22",202.11,897.20,,,,"     ",5.30,35.70,9.88
1771,554675850,"01771M02:40:38.608","01771 02:28:23",202.09,897.18,,,,"     ",5.30,35.80,9.91
1771,554675851,"01771M02:40:39.581","01771 02:28:24",202.05,897.17,,,,"     ",5.30,35.72,9.88
1771,554675852,"01771M02:40:40.555","01771 02:28:25",202.00,897.19,,,,"     ",5.30,35.76,9.90
1771,554675853,"01771M02:40:41.528","01771 02:28:26",201.93,897.04,,,,"     ",5.30,35.72,9.89
1771,554675854,"01771M02:40:42.501","01771 02:28:27",201.85,897.13,,,,"     ",5.30,35.75,9.90
1771,554675855,"01771M02:40:43.474","01771 02:28:28",201.76,897.11,,,,"     ",5.30,35.68,9.88
1771,554675856,"01771M02:40:44.448","01771 02:28:29",201.66,897.08,,,,"     ",5.30,35.60,9.86
1771,554675857,"01771M02:40:45.421","01771 02:28:30",201.58,896.91,,,,"     ",5.30,35.68,9.88
1771,554675858,"01771M02:40:46.394","01771 02:28:31",201.53,897.06,,,,"     ",5.30,35.76,9.91
1771,554675859,"01771M02:40:47.367","01771 02:28:32",201.49,897.14,,,,"     ",5.30,35.76,9.91
1771,554675860,"01771M02:40:48.341","01771 02:28:33",201.47,897.14,,,,"     ",5.30,35.67,9.88
1771,554675861,"01771M02:40:49.314","01771 02:28:34",201.46,897.18,,,,"     ",5.30,35.74,9.91
1771,554675862,"01771M02:40:50.287","01771 02:28:35",201.45,897.22,,,,"     ",5.30,35.71,9.90
1771,554675863,"01771M02:40:51.260","01771 02:28:36",201.45,897.25,,,,"     ",5.30,35.59,9.87
1771,554675864,"01771M02:40:52.234","01771 02:28:37",201.46,897.17,,,,"     ",5.30,35.74,9.91
1771,554675865,"01771M02:40:53.207","01771 02:28:38",201.47,897.19,,,,"     ",5.30,35.73,9.91
1771,554675866,"01771M02:40:54.180","01771 02:28:39",201.48,897.11,,,,"     ",5.30,35.59,9.87
1771,554675867,"01771M02:40:55.153","01771 02:28:40",201.51,897.12,,,,"     ",5.30,35.65,9.89
1771,554675868,"01771M02:40:56.127","01771 02:28:41",201.54,897.11,,,,"     ",5.30,35.71,9.91
1771,554675869,"01771M02:40:57.100","01771 02:28:42",201.58,897.13,,,,"     ",5.30,35.70,9.91
1771,554675870,"01771M02:40:58.073","01771 02:28:43",201.62,897.12,,,,"     ",5.30,35.74,9.92
1771,554675871,"01771M02:40:59.046","01771 02:28:44",201.68,897.10,,,,"     ",5.30,35.62,9.89
1771,554675872,"01771M02:41:00.020","01771 02:28:45",201.74,896.98,,,,"     ",5.30,35.58,9.88
1771,554675873,"01771M02:41:00.993","01771 02:28:46",201.81,897.03,,,,"     ",5.30,35.66,9.90
1771,554675874,"01771M02:41:01.966","01771 02:28:47",201.90,897.09,,,,"     ",5.30,35.57,9.88
1771,554675875,"01771M02:41:02.939","01771 02:28:47",201.99,897.17,,,,"     ",5.30,35.69,9.92
1771,554675876,"01771M02:41:03.913","01771 02:28:48",202.09,897.15,,,,"     ",5.30,35.68,9.92
1771,554675877,"01771M02:41:04.886","01771 02:28:49",201.52,897.09,,,,"     ",5.30,35.60,9.90
1771,554675878,"01771M02:41:05.859","01771 02:28:50",201.49,897.14,,,,"     ",5.30,35.54,9.88
1771,554675879,"01771M02:41:06.832","01771 02:28:51",201.46,897.13,,,,"     ",5.30,35.73,9.94
1771,554675880,"01771M02:41:07.806","01771 02:28:52",201.44,897.11,,,,"     ",5.30,35.52,9.88
1771,554675881,"01771M02:41:08.779","01771 02:28:53",201.42,897.09,,,,"     ",5.30,35.59,9.90
1771,554675882,"01771M02:41:09.752","01771 02:28:54",201.40,897.17,,,,"     ",5.30,35.60,9.91
1771,554675883,"01771M02:41:10.725","01771 02:28:55",201.38,897.13,,,,"     ",5.30,35.53,9.88
1771,554675884,"01771M02:41:11.699","01771 02:28:56",201.36,897.04,,,,"     ",5.30,35.58,9.90
1771,554675885,"01771M02:41:12.672","01771 02:28:57",201.35,897.08,,,,"     ",5.30,35.61,9.91
1771,554675886,"01771M02:41:13.645","01771 02:28:58",201.34,897.04,,,,"     ",5.30,35.70,9.94
1771,554675887,"01771M02:41:14.618","01771 02:28:59",201.33,897.08,,,,"     ",5.30,35.49,9.88
1771,554675888,"01771M02:41:15.592","01771 02:29:00",201.32,897.04,,,,"     ",5.30,35.51,9.89
1771,554675889,"01771M02:41:16.565","01771 02:29:01",201.31,897.11,,,,"     ",5.30,35.64,9.93
1771,554675890,"01771M02:41:17.538","01771 02:29:02",201.30,897.02,,,,"     ",5.30,35.51,9.89
1771,554675891,"01771M02:41:18.511","01771 02:29:03",201.30,897.03,,,,"     ",5.30,35.64,9.93
1771,554675892,"01771M02:41:19.485","01771 02:29:04",201.30,897.11,,,,"     ",5.30,35.42,9.87
1771,554675893,"01771M02:41:20.458","01771 02:29:05",201.31,897.21,,,,"     ",5.30,35.39,9.86
1771,554675894,"01771M02:41:21.431","01771 02:29:06",201.33,897.13,,,,"     ",5.30,35.54,9.91
1771,554675895,"01771M02:41:22.404","01771 02:29:07",201.35,897.15,,,,"     ",5.30,35.62,9.93
1771,554675896,"01771M02:41:23.378","01771 02:29:08",201.38,897.00,,,,"     ",5.30,35.53,9.91
1771,554675897,"01771M02:41:24.351","01771 02:29:09",201.39,896.92,,,,"     ",5.30,35.64,9.94
1771,554675898,"01771M02:41:25.324","01771 02:29:10",201.38,896.97,,,,"     ",5.30,35.52,9.91
1771,554675899,"01771M02:41:26.298","01771 02:29:11",201.35,897.05,,,,"     ",5.30,35.47,9.90
1771,554675900,"01771M02:41:27.271","01771 02:29:12",201.30,897.08,,,,"     ",5.30,35.70,9.96
1771,554675901,"01771M02:41:28.244","01771 02:29:13",201.26,896.99,,,,"     ",5.30,35.59,9.93
1771,554675902,"01771M02:41:29.217","01771 02:29:14",201.22,897.02,,,,"     ",5.30,35.53,9.92
1771,554675903,"01771M02:41:30.191","01771 02:29:15",201.19,897.07,,,,"     ",5.30,35.52,9.92
1771,554675904,"01771M02:41:31.164","01771 02:29:16",201.17,897.08,,,,"     ",5.30,35.63,9.95
1771,554675905,"01771M02:41:32.137","01771 02:29:17",201.16,897.04,,,,"     ",5.30,35.58,9.94
1771,554675906,"01771M02:41:33.110","01771 02:29:18",201.17,897.06,,,,"     ",5.30,35.47,9.91
1771,554675907,"01771M02:41:34.084","01771 02:29:19",201.17,897.13,,,,"     ",5.30,35.50,9.92
1771,554675908,"01771M02:41:35.057","01771 02:29:20",201.17,897.16,,,,"     ",5.30,35.61,9.95
1771,554675909,"01771M02:41:36.030","01771 02:29:21",201.17,897.09,,,,"     ",5.30,35.63,9.96
1771,554675910,"01771M02:41:37.003","01771 02:29:22",201.15,897.15,,,,"     ",5.30,35.45,9.91
1771,554675911,"01771M02:41:37.977","01771 02:29:23",201.13,897.12,,,,"     ",5.30,35.64,9.96
1771,554675912,"01771M02:41:38.950","01771 02:29:24",201.11,897.17,,,,"     ",5.30,35.72,9.99
1771,554675913,"01771M02:41:39.923","01771 02:29:24",201.08,897.03,,,,"     ",5.30,35.64,9.97
1771,554675914,"01771M02:41:40.896","01771 02:29:25",201.06,897.14,,,,"     ",5.30,35.50,9.93
1771,554675915,"01771M02:41:41.870","01771 02:29:26",201.03,897.10,,,,"     ",5.30,35.58,9.95
1771,554675916,"01771M02:41:42.843","01771 02:29:27",201.01,897.09,,,,"     ",5.30,35.51,9.93
1771,554675917,"01771M02:41:43.816","01771 02:29:28",200.98,896.97,,,,"     ",5.30,35.60,9.96
1771,554675918,"01771M02:41:44.789","01771 02:29:29",200.97,897.05,,,,"     ",5.30,35.36,9.89
1771,554675919,"01771M02:41:45.763","01771 02:29:30",200.95,897.10,,,,"     ",5.30,35.50,9.93
1771,554675920,"01771M02:41:46.736","01771 02:29:31",200.94,897.20,,,,"     ",5.30,35.53,9.94
1771,554675921,"01771M02:41:47.709","01771 02:29:32",200.93,897.10,,,,"     ",5.30,35.49,9.94
1771,554675922,"01771M02:41:48.682","01771 02:29:33",200.92,897.00,,,,"     ",5.30,35.61,9.97
1771,554675923,"01771M02:41:49.656","01771 02:29:34",200.90,897.07,,,,"     ",5.30,35.41,9.92
1771,554675924,"01771M02:41:50.629","01771 02:29:35",200.89,896.95,,,,"     ",5.30,35.53,9.95
1771,554675925,"01771M02:41:51.602","01771 02:29:36",200.88,897.04,,,,"     ",5.30,35.46,9.93
1771,554675926,"01771M02:41:52.575","01771 02:29:37",200.87,896.98,,,,"     ",5.30,35.53,9.95
1771,554675927,"01771M02:41:53.549","01771 02:29:38",200.87,897.01,,,,"     ",5.30,35.47,9.94
1771,554675928,"01771M02:41:54.522","01771 02:29:39",200.87,897.03,,,,"     ",5.30,35.56,9.96
1771,554675929,"01771M02:41:55.495","01771 02:29:40",200.89,897.06,,,,"     ",5.30,35.57,9.97
1771,554675930,"01771M02:41:56.468","01771 02:29:41",200.91,897.06,,,,"     ",5.30,35.57,9.97
1771,554675931,"01771M02:41:57.442","01771 02:29:42",200.93,897.00,,,,"     ",5.30,35.51,9.95
1771,554675932,"01771M02:41:58.415","01771 02:29:43",200.96,897.08,,,,"     ",5.30,35.61,9.99
1771,554675933,"01771M02:41:59.388","01771 02:29:44",200.98,896.89,,,,"     ",5.30,35.54,9.96
1771,554675934,"01771M02:42:00.361","01771 02:29:45",201.00,896.99,,,,"     ",5.30,35.50,9.95
1771,554675935,"01771M02:42:01.335","01771 02:29:46",201.02,896.95,,,,"     ",5.30,35.50,9.96
1771,554675936,"01771M02:42:02.308","01771 02:29:47",201.02,897.01,,,,"     ",5.30,35.53,9.97
1771,554675937,"01771M02:42:03.281","01771 02:29:48",201.02,897.00,,,,"     ",5.30,35.55,9.97
1771,554675938,"01771M02:42:04.254","01771 02:29:49",201.01,896.96,,,,"     ",5.30,35.60,9.99
1771,554675939,"01771M02:42:05.228","01771 02:29:50",201.00,897.09,,,,"     ",5.30,35.61,9.99
1771,554675940,"01771M02:42:06.201","01771 02:29:51",200.98,897.02,,,,"     ",5.30,35.45,9.95
1771,554675941,"01771M02:42:07.174","01771 02:29:52",200.96,897.12,,,,"     ",5.30,35.41,9.94
1771,554675942,"01771M02:42:08.147","01771 02:29:53",200.94,897.06,,,,"     ",5.30,35.66,10.01
1771,554675943,"01771M02:42:09.121","01771 02:29:54",200.92,897.08,,,,"     ",5.30,35.39,9.94
1771,554675944,"01771M02:42:10.094","01771 02:29:55",200.89,897.09,,,,"     ",5.30,35.44,9.95
1771,554675945,"01771M02:42:11.067","01771 02:29:56",200.86,897.10,,,,"     ",5.30,35.35,9.92
1771,554675946,"01771M02:42:12.040","01771 02:29:57",200.82,897.06,,,,"     ",5.30,35.43,9.95
1771,554675947,"01771M02:42:13.014","01771 02:29:58",200.78,897.01,,,,"     ",5.30,35.62,10.01
1771,554675948,"01771M02:42:13.987","01771 02:29:59",200.74,897.13,,,,"     ",5.30,35.70,10.03
1771,554675949,"01771M02:42:14.960","01771 02:30:00",200.70,897.00,,,,"     ",5.30,35.54,9.98
1771,554675950,"01771M02:42:15.933","01771 02:30:01",200.66,897.08,,,,"     ",5.30,35.54,9.99
1771,554675951,"01771M02:42:16.907","01771 02:30:01",200.63,897.02,,,,"     ",5.30,35.42,9.95
1771,554675952,"01771M02:42:17.880","01771 02:30:02",200.60,897.01,,,,"     ",5.30,35.52,9.98
1771,554675953,"01771M02:42:18.853","01771 02:30:03",200.58,897.01,,,,"     ",5.30,35.60,10.01
1771,554675954,"01771M02:42:19.826","01771 02:30:04",200.57,897.00,,,,"     ",5.30,35.48,9.97
1771,554675955,"01771M02:42:20.800","01771 02:30:05",200.57,897.09,,,,"     ",5.30,35.65,10.02
1771,554675956,"01771M02:42:21.773","01771 02:30:06",200.58,897.03,,,,"     ",5.30,35.55,10.00
1771,554675957,"01771M02:42:22.746","01771 02:30:07",200.60,897.01,,,,"     ",5.30,35.58,10.00
1771,554675958,"01771M02:42:23.719","01771 02:30:08",200.63,897.00,,,,"     ",5.30,35.63,10.02
1771,554675959,"01771M02:42:24.693","01771 02:30:09",200.66,896.96,,,,"     ",5.30,35.52,9.99
1771,554675960,"01771M02:42:25.666","01771 02:30:10",200.68,897.00,,,,"     ",5.30,35.53,10.00
1771,554675961,"01771M02:42:26.639","01771 02:30:11",200.69,897.07,,,,"     ",5.30,35.51,9.99
1771,554675962,"01771M02:42:27.612","01771 02:30:12",200.70,896.95,,,,"     ",5.30,35.53,10.00
1771,554675963,"01771M02:42:28.586","01771 02:30:13",200.71,897.04,,,,"     ",5.30,35.73,10.05
1771,554675964,"01771M02:42:29.559","01771 02:30:14",200.72,897.03,,,,"     ",5.30,35.52,10.00
1771,554675965,"01771M02:42:30.532","01771 02:30:15",200.73,897.01,,,,"     ",5.30,35.47,9.98
1771,554675966,"01771M02:42:31.505","01771 02:30:16",200.75,897.04,,,,"     ",5.30,35.56,10.01
1771,554675967,"01771M02:42:32.479","01771 02:30:17",200.78,897.03,,,,"     ",5.30,35.51,10.00
1771,554675968,"01771M02:42:33.452","01771 02:30:18",200.82,896.96,,,,"     ",5.30,35.61,10.02
1771,554675969,"01771M02:42:34.425","01771 02:30:19",200.86,896.93,,,,"     ",5.30,35.49,9.99
1771,554675970,"01771M02:42:35.399","01771 02:30:20",200.91,897.02,,,,"     ",5.30,35.58,10.02
1771,554675971,"01771M02:42:36.372","01771 02:30:21",200.96,896.94,,,,"     ",5.30,35.63,10.03
1771,554675972,"01771M02:42:37.345","01771 02:30:22",201.00,896.98,,,,"     ",5.30,35.68,10.05
1771,554675973,"01771M02:42:38.318","01771 02:30:23",201.03,896.92,,,,"     ",5.30,35.70,10.06
1771,554675974,"01771M02:42:39.292","01771 02:30:24",201.05,896.92,,,,"     ",5.30,35.67,10.05
1771,554675975,"01771M02:42:40.265","01771 02:30:25",201.06,896.89,,,,"     ",5.30,35.70,10.06
1771,554675976,"01771M02:42:41.238","01771 02:30:26",201.06,896.99,,,,"     ",5.30,35.72,10.06
1771,554675977,"01771M02:42:42.211","01771 02:30:27",201.06,897.01,,,,"     ",5.30,35.62,10.04
1771,554675978,"01771M02:42:43.185","01771 02:30:28",201.06,896.98,,,,"     ",5.30,35.71,10.06
1771,554675979,"01771M02:42:44.158","01771 02:30:29",201.07,896.98,,,,"     ",5.30,35.82,10.10
1771,554675980,"01771M02:42:45.131","01771 02:30:30",201.08,896.97,,,,"     ",5.30,35.75,10.08
1771,554675981,"01771M02:42:46.104","01771 02:30:31",201.09,896.98,,,,"     ",5.30,35.58,10.03
1771,554675982,"01771M02:42:47.078","01771 02:30:32",201.09,896.94,,,,"     ",5.30,35.59,10.03
1771,554675983,"01771M02:42:48.051","01771 02:30:33",201.10,896.95,,,,"     ",5.30,35.69,10.06
1771,554675984,"01771M02:42:49.024","01771 02:30:34",201.09,897.03,,,,"     ",5.30,35.70,10.06
1771,554675985,"01771M02:42:49.997","01771 02:30:35",201.08,897.01,,,,"     ",5.30,35.73,10.07
1771,554675986,"01771M02:42:50.971","01771 02:30:36",201.05,896.94,,,,"     ",5.30,35.72,10.07
1771,554675987,"01771M02:42:51.944","01771 02:30:37",201.02,896.99,,,,"     ",5.30,35.70,10.06
1771,554675988,"01771M02:42:52.917","01771 02:30:37",200.97,896.95,,,,"     ",5.30,35.68,10.06
1771,554675989,"01771M02:42:53.890","01771 02:30:38",200.91,896.97,,,,"     ",5.30,35.65,10.05
1771,554675990,"01771M02:42:54.864","01771 02:30:39",200.86,897.00,,,,"     ",5.30,35.81,10.10
1771,554675991,"01771M02:42:55.837","01771 02:30:40",200.80,896.97,,,,"     ",5.30,35.83,10.10
1771,554675992,"01771M02:42:56.810","01771 02:30:41",200.76,897.02,,,,"     ",5.30,35.78,10.10
1771,554675993,"01771M02:42:57.783","01771 02:30:42",200.72,897.00,,,,"     ",5.30,35.82,10.11
1771,554675994,"01771M02:42:58.757","01771 02:30:43",200.69,896.95,,,,"     ",5.30,35.80,10.10
1771,554675995,"01771M02:42:59.730","01771 02:30:44",200.66,896.96,,,,"     ",5.30,35.78,10.10
1771,554675996,"01771M02:43:00.703","01771 02:30:45",200.64,896.87,,,,"     ",5.30,35.68,10.07
1771,554675997,"01771M02:43:01.676","01771 02:30:46",200.62,896.92,,,,"     ",5.30,35.82,10.11
1771,554675998,"01771M02:43:02.650","01771 02:30:47",200.59,896.96,,,,"     ",5.30,35.84,10.11
1771,554675999,"01771M02:43:03.623","01771 02:30:48",200.56,896.98,,,,"     ",5.30,35.78,10.09
1771,554676000,"01771M02:43:04.596","01771 02:30:49",200.52,896.96,,,,"     ",5.30,35.89,10.13
1771,554676001,"01771M02:43:05.569","01771 02:30:50",200.48,896.99,,,,"     ",5.30,35.70,10.07
1771,554676002,"01771M02:43:06.543","01771 02:30:51",200.44,896.80,,,,"     ",5.30,35.77,10.09
1771,554676003,"01771M02:43:07.516","01771 02:30:52",200.39,896.98,,,,"     ",5.30,35.87,10.12
1771,554676004,"01771M02:43:08.489","01771 02:30:53",200.36,896.98,,,,"     ",5.30,35.89,10.13
1771,554676005,"01771M02:43:09.462","01771 02:30:54",200.34,896.96,,,,"     ",5.30,35.89,10.13
1771,554676006,"01771M02:43:10.436","01771 02:30:55",200.33,896.95,,,,"     ",5.30,35.89,10.13
1771,554676007,"01771M02:43:11.409","01771 02:30:56",200.34,896.83,,,,"     ",5.30,36.01,10.16
1771,554676008,"01771M02:43:12.382","01771 02:30:57",200.35,896.97,,,,"     ",5.30,35.90,10.14
1771,554676009,"01771M02:43:13.355","01771 02:30:58",200.38,896.97,,,,"     ",5.30,35.87,10.13
1771,554676010,"01771M02:43:14.329","01771 02:30:59",200.41,896.94,,,,"     ",5.30,35.93,10.14
1771,554676011,"01771M02:43:15.302","01771 02:31:00",200.44,896.91,,,,"     ",5.30,35.87,10.12
1771,554676012,"01771M02:43:16.275","01771 02:31:01",200.48,897.00,,,,"     ",5.30,35.97,10.16
1771,554676013,"01771M02:43:17.248","01771 02:31:02",200.52,896.94,,,,"     ",5.30,35.94,10.15
1771,554676014,"01771M02:43:18.222","01771 02:31:03",200.57,896.89,,,,"     ",5.30,35.94,10.15
1771,554676015,"01771M02:43:19.195","01771 02:31:04",200.61,896.97,,,,"     ",5.30,35.93,10.14
1771,554676016,"01771M02:43:20.168","01771 02:31:05",200.65,896.97,,,,"     ",5.30,35.99,10.16
1771,554676017,"01771M02:43:21.141","01771 02:31:06",200.69,896.92,,,,"     ",5.30,36.03,10.18
1771,554676018,"01771M02:43:22.115","01771 02:31:07",200.72,896.90,,,,"     ",5.30,36.04,10.18
1771,554676019,"01771M02:43:23.088","01771 02:31:08",200.74,896.92,,,,"     ",5.30,35.98,10.16
1771,554676020,"01771M02:43:24.061","01771 02:31:09",200.76,896.90,,,,"     ",5.30,35.97,10.16
1771,554676021,"01771M02:43:25.034","01771 02:31:10",200.77,896.98,,,,"     ",5.30,36.01,10.17
1771,554676022,"01771M02:43:26.008","01771 02:31:11",200.77,896.93,,,,"     ",5.30,36.11,10.20
1771,554676023,"01771M02:43:26.981","01771 02:31:12",200.78,896.91,,,,"     ",5.30,36.12,10.20
1771,554676024,"01771M02:43:27.954","01771 02:31:13",200.78,896.84,,,,"     ",5.30,36.10,10.19
1771,554676025,"01771M02:43:28.927","01771 02:31:14",200.79,896.85,,,,"     ",5.30,35.95,10.15
1771,554676026,"01771M02:43:29.901","01771 02:31:14",200.80,896.86,,,,"     ",5.30,36.13,10.21
1771,554676027,"01771M02:43:30.874","01771 02:31:15",200.81,896.89,,,,"     ",5.30,36.19,10.22
1771,554676028,"01771M02:43:31.847","01771 02:31:16",200.83,896.83,,,,"     ",5.30,36.06,10.19
1771,554676029,"01771M02:43:32.820","01771 02:31:17",200.86,896.93,,,,"     ",5.30,36.18,10.22
1771,554676030,"01771M02:43:33.794","01771 02:31:18",200.90,896.91,,,,"     ",5.30,36.21,10.23
1771,554676031,"01771M02:43:34.767","01771 02:31:19",200.94,896.87,,,,"     ",5.30,36.20,10.22
1771,554676032,"01771M02:43:35.740","01771 02:31:20",200.99,896.94,,,,"     ",5.30,36.18,10.22
1771,554676033,"01771M02:43:36.713","01771 02:31:21",201.04,896.97,,,,"     ",5.30,36.28,10.25
1771,554676034,"01771M02:43:37.687","01771 02:31:22",201.10,896.91,,,,"     ",5.30,36.11,10.20
1771,554676035,"01771M02:43:38.660","01771 02:31:23",201.15,896.93,,,,"     ",5.30,36.14,10.21
1771,554676036,"01771M02:43:39.633","01771 02:31:24",201.21,896.85,,,,"     ",5.30,36.15,10.21
1771,554676037,"01771M02:43:40.606","01771 02:31:25",201.27,896.90,,,,"     ",5.30,36.25,10.24
1771,554676038,"01771M02:43:41.580","01771 02:31:26",201.31,896.88,,,,"     ",5.30,36.13,10.21
1771,554676039,"01771M02:43:42.553","01771 02:31:27",201.35,896.94,,,,"     ",5.30,36.18,10.23
1771,554676040,"01771M02:43:43.526","01771 02:31:28",201.37,897.02,,,,"     ",5.30,36.28,10.25
1771,554676041,"01771M02:43:44.500","01771 02:31:29",201.38,896.90,,,,"     ",5.30,36.19,10.22
1771,554676042,"01771M02:43:45.473","01771 02:31:30",201.38,896.96,,,,"     ",5.30,36.30,10.26
1771,554676043,"01771M02:43:46.446","01771 02:31:31",201.36,896.93,,,,"     ",5.30,36.14,10.21
1771,554676044,"01771M02:43:47.419","01771 02:31:32",201.34,896.92,,,,"     ",5.30,36.22,10.23
1771,554676045,"01771M02:43:48.393","01771 02:31:33",201.30,896.89,,,,"     ",5.30,36.18,10.22
1771,554676046,"01771M02:43:49.366","01771 02:31:34",201.26,896.94,,,,"     ",5.30,36.29,10.26
1771,554676047,"01771M02:43:50.339","01771 02:31:35",201.21,896.93,,,,"     ",5.30,36.30,10.26
1771,554676048,"01771M02:43:51.312","01771 02:31:36",201.16,896.93,,,,"     ",5.30,36.28,10.25
1771,554676049,"01771M02:43:52.286","01771 02:31:37",201.11,896.86,,,,"     ",5.30,36.19,10.22
1771,554676050,"01771M02:43:53.259","01771 02:31:38",201.06,896.87,,,,"     ",5.30,36.20,10.23
1771,554676051,"01771M02:43:54.232","01771 02:31:39",201.03,896.92,,,,"     ",5.30,36.38,10.28
1771,554676052,"01771M02:43:55.205","01771 02:31:40",201.00,896.94,,,,"     ",5.30,36.14,10.21
1771,554676053,"01771M02:43:56.179","01771 02:31:41",200.99,896.81,,,,"     ",5.30,36.35,10.27
1771,554676054,"01771M02:43:57.152","01771 02:31:42",201.00,896.90,,,,"     ",5.30,36.23,10.24
1771,554676055,"01771M02:43:58.125","01771 02:31:43",201.02,896.83,,,,"     ",5.30,36.21,10.23
1771,554676056,"01771M02:43:59.098","01771 02:31:44",201.05,896.88,,,,"     ",5.30,36.28,10.25
1771,554676057,"01771M02:44:00.072","01771 02:31:45",201.09,896.87,,,,"     ",5.30,36.26,10.25
1771,554676058,"01771M02:44:01.045","01771 02:31:46",201.13,896.84,,,,"     ",5.30,36.27,10.25
1771,554676059,"01771M02:44:02.018","01771 02:31:47",201.16,896.89,,,,"     ",5.30,36.28,10.26
1771,554676060,"01771M02:44:02.991","01771 02:31:48",201.19,896.92,,,,"     ",5.30,36.17,10.22
1771,554676061,"01771M02:44:03.965","01771 02:31:49",201.22,896.89,,,,"     ",5.30,36.16,10.22
1771,554676062,"01771M02:44:04.938","01771 02:31:50",201.24,896.86,,,,"     ",5.30,36.26,10.25
1771,554676063,"01771M02:44:05.911","01771 02:31:51",201.25,896.92,,,,"     ",5.30,36.14,10.22
1771,554676064,"01771M02:44:06.884","01771 02:31:51",201.26,896.83,,,,"     ",5.30,36.16,10.22
1771,554676065,"01771M02:44:07.858","01771 02:31:52",201.27,896.99,,,,"     ",5.30,36.20,10.24
1771,554676066,"01771M02:44:08.831","01771 02:31:53",201.27,897.03,,,,"     ",5.30,36.31,10.27
1771,554676067,"01771M02:44:09.804","01771 02:31:54",201.27,897.02,,,,"     ",5.30,36.31,10.27
1771,554676068,"01771M02:44:10.777","01771 02:31:55",201.26,896.98,,,,"     ",5.30,36.20,10.24
1771,554676069,"01771M02:44:11.751","01771 02:31:56",201.24,896.96,,,,"     ",5.30,36.24,10.25
1771,554676070,"01771M02:44:12.724","01771 02:31:57",201.21,896.89,,,,"     ",5.30,36.26,10.26
1771,554676071,"01771M02:44:13.697","01771 02:31:58",201.18,896.83,,,,"     ",5.30,36.14,10.22
1771,554676072,"01771M02:44:14.670","01771 02:31:59",201.14,896.97,,,,"     ",5.30,36.30,10.27
1771,554676073,"01771M02:44:15.644","01771 02:32:00",201.11,896.90,,,,"     ",5.30,36.26,10.26
1771,554676074,"01771M02:44:16.617","01771 02:32:01",201.07,896.94,,,,"     ",5.30,36.26,10.27
1771,554676075,"01771M02:44:17.590","01771 02:32:02",201.04,896.94,,,,"     ",5.30,36.19,10.24
1771,554676076,"01771M02:44:18.563","01771 02:32:03",201.01,897.03,,,,"     ",5.30,36.19,10.24
1771,554676077,"01771M02:44:19.537","01771 02:32:04",200.99,896.88,,,,"     ",5.30,36.31,10.28
1771,554676078,"01771M02:44:20.510","01771 02:32:05",200.97,896.85,,,,"     ",5.30,36.30,10.27
1771,554676079,"01771M02:44:21.483","01771 02:32:06",200.96,896.91,,,,"     ",5.30,36.22,10.25
1771,554676080,"01771M02:44:22.456","01771 02:32:07",200.94,896.92,,,,"     ",5.30,36.22,10.26
1771,554676081,"01771M02:44:23.430","01771 02:32:08",200.93,896.89,,,,"     ",5.30,36.19,10.25
1771,554676082,"01771M02:44:24.403","01771 02:32:09",200.93,896.88,,,,"     ",5.30,36.21,10.26
1771,554676083,"01771M02:44:25.376","01771 02:32:10",200.93,896.87,,,,"     ",5.30,36.23,10.26
1771,554676084,"01771M02:44:26.349","01771 02:32:11",200.92,896.83,,,,"     ",5.30,36.30,10.28
1771,554676085,"01771M02:44:27.323","01771 02:32:12",200.92,896.88,,,,"     ",5.30,36.24,10.27
1771,554676086,"01771M02:44:28.296","01771 02:32:13",200.92,896.86,,,,"     ",5.30,36.27,10.28
1771,554676087,"01771M02:44:29.269","01771 02:32:14",200.91,896.88,,,,"     ",5.30,36.25,10.27
1771,554676088,"01771M02:44:30.242","01771 02:32:15",200.91,896.80,,,,"     ",5.30,36.19,10.25
1771,554676089,"01771M02:44:31.216","01771 02:32:16",200.92,896.78,,,,"     ",5.30,36.28,10.28
1771,554676090,"01771M02:44:32.189","01771 02:32:17",200.94,896.80,,,,"     ",5.30,36.12,10.23
1771,554676091,"01771M02:44:33.162","01771 02:32:18",200.96,896.79,,,,"     ",5.30,36.15,10.24
1771,554676092,"01771M02:44:34.135","01771 02:32:19",200.99,896.88,,,,"     ",5.30,36.26,10.28
1771,554676093,"01771M02:44:35.109","01771 02:32:20",201.01,896.84,,,,"     ",5.30,36.21,10.26
1771,554676094,"01771M02:44:36.082","01771 02:32:21",201.05,896.89,,,,"     ",5.30,36.16,10.25
1771,554676095,"01771M02:44:37.055","01771 02:32:22",201.08,896.86,,,,"     ",5.30,36.24,10.27
1771,554676096,"01771M02:44:38.028","01771 02:32:23",201.11,896.84,,,,"     ",5.30,36.10,10.23
1771,554676097,"01771M02:44:39.002","01771 02:32:24",201.14,896.81,,,,"     ",5.30,36.19,10.26
1771,554676098,"01771M02:44:39.975","01771 02:32:25",201.18,896.82,,,,"     ",5.30,36.19,10.26
1771,554676099,"01771M02:44:40.948","01771 02:32:26",201.21,896.90,,,,"     ",5.30,36.11,10.24
1771,554676100,"01771M02:44:41.921","01771 02:32:27",201.24,896.84,,,,"     ",5.30,36.20,10.26
1771,554676101,"01771M02:44:42.895","01771 02:32:27",201.28,896.83,,,,"     ",5.30,36.32,10.30
1771,554676102,"01771M02:44:43.868","01771 02:32:28",201.32,896.89,,,,"     ",5.30,36.19,10.27
1771,554676103,"01771M02:44:44.841","01771 02:32:29",201.36,896.90,,,,"     ",5.30,36.35,10.31
1771,554676104,"01771M02:44:45.814","01771 02:32:30",201.40,896.95,,,,"     ",5.30,36.28,10.29
1771,554676105,"01771M02:44:46.788","01771 02:32:31",201.44,896.96,,,,"     ",5.30,36.15,10.26
1771,554676106,"01771M02:44:47.761","01771 02:32:32",201.48,896.95,,,,"     ",5.30,36.25,10.29
1771,554676107,"01771M02:44:48.734","01771 02:32:33",201.51,896.94,,,,"     ",5.30,36.28,10.29
1771,554676108,"01771M02:44:49.707","01771 02:32:34",201.54,896.87,,,,"     ",5.30,36.27,10.29
1771,554676109,"01771M02:44:50.681","01771 02:32:35",201.56,896.92,,,,"     ",5.30,36.30,10.30
1771,554676110,"01771M02:44:51.654","01771 02:32:36",201.58,896.94,,,,"     ",5.30,36.39,10.33
1771,554676111,"01771M02:44:52.627","01771 02:32:37",201.59,896.98,,,,"     ",5.30,36.31,10.31
1771,554676112,"01771M02:44:53.601","01771 02:32:38",201.60,896.86,,,,"     ",5.30,36.35,10.32
1771,554676113,"01771M02:44:54.574","01771 02:32:39",201.61,896.94,,,,"     ",5.30,36.33,10.31
1771,554676114,"01771M02:44:55.547","01771 02:32:40",201.62,896.98,,,,"     ",5.30,36.29,10.30
1771,554676115,"01771M02:44:56.520","01771 02:32:41",201.63,896.96,,,,"     ",5.30,36.34,10.32
1771,554676116,"01771M02:44:57.494","01771 02:32:42",201.63,896.98,,,,"     ",5.30,36.29,10.30
1771,554676117,"01771M02:44:58.467","01771 02:32:43",201.64,896.94,,,,"     ",5.30,36.30,10.30
1771,554676118,"01771M02:44:59.440","01771 02:32:44",201.64,896.88,,,,"     ",5.30,36.47,10.36
1771,554676119,"01771M02:45:00.413","01771 02:32:45",201.64,896.91,,,,"     ",5.30,36.41,10.34
1771,554676120,"01771M02:45:01.387","01771 02:32:46",201.64,896.93,,,,"     ",5.30,36.39,10.33
1771,554676121,"01771M02:45:02.360","01771 02:32:47",201.64,896.92,,,,"     ",5.30,36.42,10.34
1771,554676122,"01771M02:45:03.333","01771 02:32:48",201.63,896.89,,,,"     ",5.30,36.40,10.34
1771,554676123,"01771M02:45:04.306","01771 02:32:49",201.61,896.90,,,,"     ",5.30,36.41,10.34
1771,554676124,"01771M02:45:05.280","01771 02:32:50",201.59,896.85,,,,"     ",5.30,36.45,10.35
1771,554676125,"01771M02:45:06.253","01771 02:32:51",201.57,896.97,,,,"     ",5.30,36.41,10.34
1771,554676126,"01771M02:45:07.226","01771 02:32:52",201.55,896.86,,,,"     ",5.30,36.39,10.34
1771,554676127,"01771M02:45:08.199","01771 02:32:53",201.53,896.89,,,,"     ",5.30,36.23,10.28
1771,554676128,"01771M02:45:09.173","01771 02:32:54",201.51,896.90,,,,"     ",5.30,36.55,10.38
1771,554676129,"01771M02:45:10.146","01771 02:32:55",201.49,896.86,,,,"     ",5.30,36.57,10.39
1771,554676130,"01771M02:45:11.119","01771 02:32:56",201.48,896.90,,,,"     ",5.30,36.60,10.40
1771,554676131,"01771M02:45:12.092","01771 02:32:57",201.48,896.86,,,,"     ",5.30,36.43,10.34
1771,554676132,"01771M02:45:13.066","01771 02:32:58",201.48,896.85,,,,"     ",5.30,36.43,10.35
1771,554676133,"01771M02:45:14.039","01771 02:32:59",201.49,896.89,,,,"     ",5.30,36.50,10.37
1771,554676134,"01771M02:45:15.012","01771 02:33:00",201.51,896.79,,,,"     ",5.30,36.32,10.31
1771,554676135,"01771M02:45:15.985","01771 02:33:01",201.52,896.81,,,,"     ",5.30,36.47,10.36
1771,554676136,"01771M02:45:16.959","01771 02:33:02",201.54,896.83,,,,"     ",5.30,36.51,10.37
1771,554676137,"01771M02:45:17.932","01771 02:33:03",201.55,896.68,,,,"     ",5.30,36.58,10.39
1771,554676138,"01771M02:45:18.905","01771 02:33:04",201.55,896.74,,,,"     ",5.30,36.49,10.36
1771,554676139,"01771M02:45:19.878","01771 02:33:04",201.55,896.81,,,,"     ",5.30,36.52,10.37
1771,554676140,"01771M02:45:20.852","01771 02:33:05",201.54,896.86,,,,"     ",5.30,36.43,10.35
1771,554676141,"01771M02:45:21.825","01771 02:33:06",201.51,896.91,,,,"     ",5.30,36.33,10.32
1771,554676142,"01771M02:45:22.798","01771 02:33:07",201.48,896.96,,,,"     ",5.30,36.43,10.35
1771,554676143,"01771M02:45:23.771","01771 02:33:08",201.43,896.87,,,,"     ",5.30,36.62,10.40
1771,554676144,"01771M02:45:24.745","01771 02:33:09",201.38,896.89,,,,"     ",5.30,36.51,10.37
1771,554676145,"01771M02:45:25.718","01771 02:33:10",201.31,896.83,,,,"     ",5.30,36.61,10.40
1771,554676146,"01771M02:45:26.691","01771 02:33:11",201.25,896.82,,,,"     ",5.30,36.50,10.37
1771,554676147,"01771M02:45:27.664","01771 02:33:12",201.18,896.91,,,,"     ",5.30,36.57,10.39
1771,554676148,"01771M02:45:28.638","01771 02:33:13",201.11,896.88,,,,"     ",5.30,36.61,10.40
1771,554676149,"01771M02:45:29.611","01771 02:33:14",201.04,896.88,,,,"     ",5.30,36.58,10.39
1771,554676150,"01771M02:45:30.584","01771 02:33:15",200.99,896.87,,,,"     ",5.30,36.50,10.37
1771,554676151,"01771M02:45:31.557","01771 02:33:16",200.95,896.85,,,,"     ",5.30,36.67,10.42
1771,554676152,"01771M02:45:32.531","01771 02:33:17",200.93,896.80,,,,"     ",5.30,36.60,10.40
1771,554676153,"01771M02:45:33.504","01771 02:33:18",200.92,896.88,,,,"     ",5.30,36.74,10.44
1771,554676154,"01771M02:45:34.477","01771 02:33:19",200.92,896.83,,,,"     ",5.30,36.63,10.41
1771,554676155,"01771M02:45:35.450","01771 02:33:20",200.93,896.86,,,,"     ",5.30,36.54,10.38
1771,554676156,"01771M02:45:36.424","01771 02:33:21",200.94,896.76,,,,"     ",5.30,36.59,10.39
1771,554676157,"01771M02:45:37.397","01771 02:33:22",200.97,896.82,,,,"     ",5.30,36.51,10.37
1771,554676158,"01771M02:45:38.370","01771 02:33:23",200.99,896.87,,,,"     ",5.30,36.66,10.42
1771,554676159,"01771M02:45:39.343","01771 02:33:24",201.02,896.86,,,,"     ",5.30,36.59,10.39
1771,554676160,"01771M02:45:40.317","01771 02:33:25",201.06,896.82,,,,"     ",5.30,36.45,10.35
1771,554676161,"01771M02:45:41.290","01771 02:33:26",201.09,896.94,,,,"     ",5.30,36.45,10.36
1771,554676162,"01771M02:45:42.263","01771 02:33:27",201.13,896.86,,,,"     ",5.30,36.41,10.35
1771,554676163,"01771M02:45:43.236","01771 02:33:28",201.17,896.83,,,,"     ",5.30,36.50,10.38
1771,554676164,"01771M02:45:44.210","01771 02:33:29",201.20,896.82,,,,"     ",5.30,36.60,10.40
1771,554676165,"01771M02:45:45.183","01771 02:33:30",201.20,896.84,,,,"     ",5.30,36.49,10.37
1771,554676166,"01771M02:45:46.156","01771 02:33:31",201.20,896.81,,,,"     ",5.30,36.45,10.36
1771,554676167,"01771M02:45:47.129","01771 02:33:32",201.19,896.88,,,,"     ",5.30,36.47,10.37
1771,554676168,"01771M02:45:48.103","01771 02:33:33",201.19,896.87,,,,"     ",5.30,36.36,10.34
1771,554676169,"01771M02:45:49.076","01771 02:33:34",201.19,896.87,,,,"     ",5.30,36.38,10.35
1771,554676170,"01771M02:45:50.049","01771 02:33:35",201.18,896.87,,,,"     ",5.30,36.49,10.38
1771,554676171,"01771M02:45:51.022","01771 02:33:36",201.18,896.88,,,,"     ",5.30,36.44,10.37
1771,554676172,"01771M02:45:51.996","01771 02:33:37",201.17,896.92,,,,"     ",5.30,36.34,10.34
1771,554676173,"01771M02:45:52.969","01771 02:33:38",201.16,896.86,,,,"     ",5.30,36.43,10.37
1771,554676174,"01771M02:45:53.942","01771 02:33:39",201.15,896.92,,,,"     ",5.30,36.36,10.35
1771,554676175,"01771M02:45:54.915","01771 02:33:40",201.14,896.87,,,,"     ",5.30,36.41,10.36
1771,554676176,"01771M02:45:55.889","01771 02:33:41",201.13,896.88,,,,"     ",5.30,36.38,10.36
1771,554676177,"01771M02:45:56.862","01771 02:33:41",201.11,896.88,,,,"     ",5.30,36.39,10.36
1771,554676178,"01771M02:45:57.835","01771 02:33:42",201.10,896.89,,,,"     ",5.30,36.33,10.34
1771,554676179,"01771M02:45:58.808","01771 02:33:43",201.08,896.87,,,,"     ",5.30,36.20,10.30
1771,554676180,"01771M02:45:59.782","01771 02:33:44",201.06,896.88,,,,"     ",5.30,36.25,10.32
1771,554676181,"01771M02:46:00.755","01771 02:33:45",201.04,896.82,,,,"     ",5.30,36.23,10.32
1771,554676182,"01771M02:46:01.728","01771 02:33:46",201.03,896.83,,,,"     ",5.30,36.28,10.33
1771,554676183,"01771M02:46:02.702","01771 02:33:47",201.01,896.92,,,,"     ",5.30,36.29,10.33
1771,554676184,"01771M02:46:03.675","01771 02:33:48",200.99,896.98,,,,"     ",5.30,36.19,10.31
1771,554676185,"01771M02:46:04.648","01771 02:33:49",201.33,896.95,,,,"     ",5.30,36.28,10.33
1771,554676186,"01771M02:46:05.621","01771 02:33:50",201.26,896.87,,,,"     ",5.30,36.34,10.35
1771,554676187,"01771M02:46:06.595","01771 02:33:51",201.20,896.87,,,,"     ",5.30,36.19,10.31
1771,554676188,"01771M02:46:07.568","01771 02:33:52",201.14,896.88,,,,"     ",5.30,36.18,10.31
1771,554676189,"01771M02:46:08.541","01771 02:33:53",201.09,896.83,,,,"     ",5.30,36.19,10.31
1771,554676190,"01771M02:46:09.514","01771 02:33:54",201.04,896.91,,,,"     ",5.30,36.13,10.30
1771,554676191,"01771M02:46:10.488","01771 02:33:55",201.00,896.86,,,,"     ",5.30,36.20,10.32
1771,554676192,"01771M02:46:11.461","01771 02:33:56",200.96,896.85,,,,"     ",5.30,36.15,10.31
1771,554676193,"01771M02:46:12.434","01771 02:33:57",200.93,896.85,,,,"     ",5.30,36.04,10.27
1771,554676194,"01771M02:46:13.407","01771 02:33:58",200.90,896.84,,,,"     ",5.30,36.19,10.32
1771,554676195,"01771M02:46:14.381","01771 02:33:59",200.88,896.95,,,,"     ",5.30,36.17,10.32
1771,554676196,"01771M02:46:15.354","01771 02:34:00",200.86,896.98,,,,"     ",5.30,36.13,10.30
1771,554676197,"01771M02:46:16.327","01771 02:34:01",200.85,897.00,,,,"     ",5.30,36.23,10.34
1771,554676198,"01771M02:46:17.300","01771 02:34:02",200.84,896.98,,,,"     ",5.30,36.12,10.30
1771,554676199,"01771M02:46:18.274","01771 02:34:03",200.84,896.97,,,,"     ",5.30,36.00,10.27
1771,554676200,"01771M02:46:19.247","01771 02:34:04",200.85,896.89,,,,"     ",5.30,36.10,10.30
1771,554676201,"01771M02:46:20.220","01771 02:34:05",200.87,896.88,,,,"     ",5.30,36.10,10.30
1771,554676202,"01771M02:46:21.193","01771 02:34:06",200.89,896.83,,,,"     ",5.30,36.17,10.32
1771,554676203,"01771M02:46:22.167","01771 02:34:07",200.91,896.87,,,,"     ",5.30,36.17,10.33
1771,554676204,"01771M02:46:23.140","01771 02:34:08",200.93,896.84,,,,"     ",5.30,35.88,10.24
1771,554676205,"01771M02:46:24.113","01771 02:34:09",200.94,896.85,,,,"     ",5.30,36.07,10.30
1771,554676206,"01771M02:46:25.086","01771 02:34:10",200.95,896.87,,,,"     ",5.30,36.06,10.30
1771,554676207,"01771M02:46:26.060","01771 02:34:11",200.97,896.92,,,,"     ",5.30,35.98,10.27
1771,554676208,"01771M02:46:27.033","01771 02:34:12",200.99,896.94,,,,"     ",5.30,36.10,10.31
1771,554676209,"01771M02:46:28.006","01771 02:34:13",201.02,896.94,,,,"     ",5.30,36.03,10.29
1771,554676210,"01771M02:46:28.979","01771 02:34:14",201.06,896.91,,,,"     ",5.30,36.05,10.29
1771,554676211,"01771M02:46:29.953","01771 02:34:15",201.11,896.97,,,,"     ",5.30,35.89,10.25
1771,554676212,"01771M02:46:30.926","01771 02:34:16",201.16,896.93,,,,"     ",5.30,36.00,10.29
1771,554676213,"01771M02:46:31.899","01771 02:34:17",201.20,896.95,,,,"     ",5.30,36.02,10.30
1771,554676214,"01771M02:46:32.872","01771 02:34:18",201.25,896.89,,,,"     ",5.30,36.06,10.31
1771,554676215,"01771M02:46:33.846","01771 02:34:18",201.29,896.85,,,,"     ",5.30,36.01,10.30
1771,554676216,"01771M02:46:34.819","01771 02:34:19",201.33,896.91,,,,"     ",5.30,35.73,10.21
1771,554676217,"01771M02:46:35.792","01771 02:34:20",201.36,896.93,,,,"     ",5.30,35.80,10.24
1771,554676218,"01771M02:46:36.765","01771 02:34:21",201.38,896.80,,,,"     ",5.30,35.94,10.28
1771,554676219,"01771M02:46:37.739","01771 02:34:22",201.38,896.73,,,,"     ",5.30,35.83,10.25
1771,554676220,"01771M02:46:38.712","01771 02:34:23",201.37,896.75,,,,"     ",5.30,35.74,10.22
1771,554676221,"01771M02:46:39.685","01771 02:34:24",201.34,896.75,,,,"     ",5.30,35.86,10.26
1771,554676222,"01771M02:46:40.658","01771 02:34:25",201.31,896.95,,,,"     ",5.30,35.71,10.22
1771,554676223,"01771M02:46:41.632","01771 02:34:26",201.26,896.88,,,,"     ",5.30,35.60,10.19
1771,554676224,"01771M02:46:42.605","01771 02:34:27",201.21,896.91,,,,"     ",5.30,35.67,10.21
1771,554676225,"01771M02:46:43.578","01771 02:34:28",201.17,896.92,,,,"     ",5.30,35.62,10.20
1771,554676226,"01771M02:46:44.551","01771 02:34:29",201.13,896.84,,,,"     ",5.30,35.65,10.21
1771,554676227,"01771M02:46:45.525","01771 02:34:30",201.11,896.84,,,,"     ",5.30,35.65,10.21
1771,554676228,"01771M02:46:46.498","01771 02:34:31",201.09,896.78,,,,"     ",5.30,35.65,10.21
1771,554676229,"01771M02:46:47.471","01771 02:34:32",201.07,896.75,,,,"     ",5.30,35.54,10.18
1771,554676230,"01771M02:46:48.444","01771 02:34:33",201.05,896.78,,,,"     ",5.30,35.46,10.16
1771,554676231,"01771M02:46:49.418","01771 02:34:34",201.02,896.57,,,,"     ",5.30,35.65,10.21
1771,554676232,"01771M02:46:50.391","01771 02:34:35",200.98,896.71,,,,"     ",5.30,35.64,10.21
1771,554676233,"01771M02:46:51.364","01771 02:34:36",200.94,896.67,,,,"     ",5.30,35.48,10.17
1771,554676234,"01771M02:46:52.337","01771 02:34:37",200.90,896.70,,,,"     ",5.30,35.56,10.20
1771,554676235,"01771M02:46:53.311","01771 02:34:38",200.86,896.84,,,,"     ",5.30,35.41,10.16
1771,554676236,"01771M02:46:54.284","01771 02:34:39",200.82,896.85,,,,"     ",5.30,35.52,10.19
1771,554676237,"01771M02:46:55.257","01771 02:34:40",200.80,896.79,,,,"     ",5.30,35.45,10.17
1771,554676238,"01771M02:46:56.230","01771 02:34:41",200.78,896.86,,,,"     ",5.30,35.55,10.20
1771,554676239,"01771M02:46:57.204","01771 02:34:42",200.78,896.95,,,,"     ",5.30,35.54,10.21
1771,554676240,"01771M02:46:58.177","01771 02:34:43",200.80,896.88,,,,"     ",5.30,35.53,10.20
1771,554676241,"01771M02:46:59.150","01771 02:34:44",200.82,896.77,,,,"     ",5.30,35.37,10.15
1771,554676242,"01771M02:47:00.123","01771 02:34:45",200.85,896.87,,,,"     ",5.30,35.56,10.21
1771,554676243,"01771M02:47:01.097","01771 02:34:46",200.88,896.76,,,,"     ",5.30,35.30,10.14
1771,554676244,"01771M02:47:02.070","01771 02:34:47",200.92,896.86,,,,"     ",5.30,35.39,10.17
1771,554676245,"01771M02:47:03.043","01771 02:34:48",200.97,896.93,,,,"     ",5.30,35.41,10.18
1771,554676246,"01771M02:47:04.016","01771 02:34:49",201.01,896.85,,,,"     ",5.30,35.49,10.20
1771,554676247,"01771M02:47:04.990","01771 02:34:50",201.05,896.87,,,,"     ",5.30,35.39,10.17
1771,554676248,"01771M02:47:05.963","01771 02:34:51",201.09,896.75,,,,"     ",5.30,35.30,10.14
1771,554676249,"01771M02:47:06.936","01771 02:34:52",201.11,896.77,,,,"     ",5.30,35.49,10.20
1771,554676250,"01771M02:47:07.909","01771 02:34:53",201.13,896.72,,,,"     ",5.30,35.46,10.19
1771,554676251,"01771M02:47:08.883","01771 02:34:54",201.14,896.78,,,,"     ",5.30,35.53,10.21
1771,554676252,"01771M02:47:09.856","01771 02:34:54",201.15,896.85,,,,"     ",5.30,35.42,10.18
1771,554676253,"01771M02:47:10.829","01771 02:34:55",201.15,896.86,,,,"     ",5.30,35.64,10.24
1771,554676254,"01771M02:47:11.802","01771 02:34:56",201.16,896.91,,,,"     ",5.30,35.57,10.23
1771,554676255,"01771M02:47:12.776","01771 02:34:57",201.17,896.90,,,,"     ",5.30,35.61,10.24
1771,554676256,"01771M02:47:13.749","01771 02:34:58",201.18,896.82,,,,"     ",5.30,35.59,10.23
1771,554676257,"01771M02:47:14.722","01771 02:34:59",201.19,896.82,,,,"     ",5.30,35.54,10.22
1771,554676258,"01771M02:47:15.696","01771 02:35:00",201.20,896.82,,,,"     ",5.30,35.73,10.27
1771,554676259,"01771M02:47:16.669","01771 02:35:01",201.22,896.82,,,,"     ",5.30,35.57,10.23
1771,554676260,"01771M02:47:17.642","01771 02:35:02",201.25,896.79,,,,"     ",5.30,35.70,10.26
1771,554676261,"01771M02:47:18.615","01771 02:35:03",201.29,896.75,,,,"     ",5.30,35.63,10.24
1771,554676262,"01771M02:47:19.589","01771 02:35:04",201.33,896.78,,,,"     ",5.30,35.69,10.26
1771,554676263,"01771M02:47:20.562","01771 02:35:05",201.38,896.83,,,,"     ",5.30,35.62,10.23
1771,554676264,"01771M02:47:21.535","01771 02:35:06",201.44,896.89,,,,"     ",5.30,35.61,10.24
1771,554676265,"01771M02:47:22.508","01771 02:35:07",201.49,896.93,,,,"     ",5.30,35.57,10.22
1771,554676266,"01771M02:47:23.482","01771 02:35:08",201.54,896.89,,,,"     ",5.30,35.68,10.26
1771,554676267,"01771M02:47:24.455","01771 02:35:09",201.59,896.89,,,,"     ",5.30,35.58,10.23
1771,554676268,"01771M02:47:25.428","01771 02:35:10",201.62,896.91,,,,"     ",5.30,35.47,10.19
1771,554676269,"01771M02:47:26.401","01771 02:35:11",201.64,896.83,,,,"     ",5.30,35.55,10.22
1771,554676270,"01771M02:47:27.375","01771 02:35:12",201.64,896.82,,,,"     ",5.30,35.52,10.21
1771,554676271,"01771M02:47:28.348","01771 02:35:13",201.64,896.78,,,,"     ",5.30,35.68,10.25
1771,554676272,"01771M02:47:29.321","01771 02:35:14",201.62,896.79,,,,"     ",5.30,35.76,10.28
1771,554676273,"01771M02:47:30.294","01771 02:35:15",201.60,896.83,,,,"     ",5.30,35.72,10.26
1771,554676274,"01771M02:47:31.268","01771 02:35:16",201.55,896.90,,,,"     ",5.30,35.64,10.24
1771,554676275,"01771M02:47:32.241","01771 02:35:17",201.50,896.87,,,,"     ",5.30,35.67,10.25
1771,554676276,"01771M02:47:33.214","01771 02:35:18",201.44,896.90,,,,"     ",5.30,35.71,10.26
1771,554676277,"01771M02:47:34.187","01771 02:35:19",201.38,896.84,,,,"     ",5.30,35.65,10.24
1771,554676278,"01771M02:47:35.161","01771 02:35:20",201.31,896.84,,,,"     ",5.30,35.81,10.29
1771,554676279,"01771M02:47:36.134","01771 02:35:21",201.24,896.88,,,,"     ",5.30,35.67,10.25
1771,554676280,"01771M02:47:37.107","01771 02:35:22",201.19,896.81,,,,"     ",5.30,35.78,10.28
1771,554676281,"01771M02:47:38.080","01771 02:35:23",201.16,896.90,,,,"     ",5.30,35.72,10.26
1771,554676282,"01771M02:47:39.054","01771 02:35:24",201.15,896.81,,,,"     ",5.30,35.75,10.27
1771,554676283,"01771M02:47:40.027","01771 02:35:25",201.17,896.87,,,,"     ",5.30,35.79,10.28
1771,554676284,"01771M02:47:41.000","01771 02:35:26",201.21,896.81,,,,"     ",5.30,35.78,10.28
1771,554676285,"01771M02:47:41.973","01771 02:35:27",201.27,896.84,,,,"     ",5.30,35.89,10.31
1771,554676286,"01771M02:47:42.947","01771 02:35:28",201.35,896.90,,,,"     ",5.30,35.73,10.26
1771,554676287,"01771M02:47:43.920","01771 02:35:29",201.44,896.89,,,,"     ",5.30,35.91,10.31
1771,554676288,"01771M02:47:44.893","01771 02:35:30",201.53,896.82,,,,"     ",5.30,35.69,10.25
1771,554676289,"01771M02:47:45.866","01771 02:35:31",201.62,896.79,,,,"     ",5.30,35.78,10.27
1771,554676290,"01771M02:47:46.840","01771 02:35:31",201.71,896.85,,,,"     ",5.30,35.70,10.25
1771,554676291,"01771M02:47:47.813","01771 02:35:32",201.80,896.78,,,,"     ",5.30,35.69,10.25
1771,554676292,"01771M02:47:48.786","01771 02:35:33",201.88,896.87,,,,"     ",5.30,35.73,10.26
1771,554676293,"01771M02:47:49.759","01771 02:35:34",201.97,896.83,,,,"     ",5.30,35.67,10.24
1771,554676294,"01771M02:47:50.733","01771 02:35:35",202.05,896.81,,,,"     ",5.30,35.71,10.25
1771,554676295,"01771M02:47:51.706","01771 02:35:36",202.13,896.83,,,,"     ",5.30,35.80,10.28
1771,554676296,"01771M02:47:52.679","01771 02:35:37",202.20,896.75,,,,"     ",5.30,35.87,10.30
1771,554676297,"01771M02:47:53.652","01771 02:35:38",202.24,896.87,,,,"     ",5.30,35.64,10.23
1771,554676298,"01771M02:47:54.626","01771 02:35:39",202.28,896.88,,,,"     ",5.30,35.77,10.27
1771,554676299,"01771M02:47:55.599","01771 02:35:40",202.30,896.81,,,,"     ",5.30,35.79,10.28
1771,554676300,"01771M02:47:56.572","01771 02:35:41",202.31,896.84,,,,"     ",5.30,35.68,10.25
1771,554676301,"01771M02:47:57.545","01771 02:35:42",202.31,896.88,,,,"     ",5.30,35.72,10.25
1771,554676302,"01771M02:47:58.519","01771 02:35:43",202.31,896.87,,,,"     ",5.30,35.73,10.26
1771,554676303,"01771M02:47:59.492","01771 02:35:44",202.31,896.84,,,,"     ",5.30,35.63,10.23
1771,554676304,"01771M02:48:00.465","01771 02:35:45",202.30,896.86,,,,"     ",5.30,35.70,10.25
1771,554676305,"01771M02:48:01.438","01771 02:35:46",202.29,896.91,,,,"     ",5.30,35.60,10.22
1771,554676306,"01771M02:48:02.412","01771 02:35:47",202.27,896.86,,,,"     ",5.30,35.73,10.26
1771,554676307,"01771M02:48:03.385","01771 02:35:48",202.24,896.87,,,,"     ",5.30,35.73,10.26
1771,554676308,"01771M02:48:04.358","01771 02:35:49",202.20,896.91,,,,"     ",5.30,35.61,10.23
1771,554676309,"01771M02:48:05.331","01771 02:35:50",202.17,896.80,,,,"     ",5.30,35.64,10.23
1771,554676310,"01771M02:48:06.305","01771 02:35:51",202.13,896.82,,,,"     ",5.30,35.75,10.27
1771,554676311,"01771M02:48:07.278","01771 02:35:52",202.09,896.79,,,,"     ",5.30,35.66,10.24
1771,554676312,"01771M02:48:08.251","01771 02:35:53",202.07,896.90,,,,"     ",5.30,35.69,10.25
1771,554676313,"01771M02:48:09.224","01771 02:35:54",202.04,896.81,,,,"     ",5.30,35.62,10.24
1771,554676314,"01771M02:48:10.198","01771 02:35:55",202.02,896.80,,,,"     ",5.30,35.59,10.22
1771,554676315,"01771M02:48:11.171","01771 02:35:56",202.00,896.80,,,,"     ",5.30,35.53,10.21
1771,554676316,"01771M02:48:12.144","01771 02:35:57",201.99,896.80,,,,"     ",5.30,35.62,10.24
1771,554676317,"01771M02:48:13.117","01771 02:35:58",201.99,896.71,,,,"     ",5.30,35.53,10.21
1771,554676318,"01771M02:48:14.091","01771 02:35:59",201.98,896.81,,,,"     ",5.30,35.60,10.23
1771,554676319,"01771M02:48:15.064","01771 02:36:00",201.98,896.82,,,,"     ",5.30,35.53,10.21
1771,554676320,"01771M02:48:16.037","01771 02:36:01",201.97,896.85,,,,"     ",5.30,35.55,10.22
1771,554676321,"01771M02:48:17.010","01771 02:36:02",201.96,896.85,,,,"     ",5.30,35.69,10.26
1771,554676322,"01771M02:48:17.984","01771 02:36:03",201.95,896.93,,,,"     ",5.30,35.80,10.30
1771,554676323,"01771M02:48:18.957","01771 02:36:04",201.92,896.97,,,,"     ",5.30,35.61,10.24
1771,554676324,"01771M02:48:19.930","01771 02:36:05",201.90,896.93,,,,"     ",5.30,35.69,10.26
1771,554676325,"01771M02:48:20.903","01771 02:36:06",201.87,896.97,,,,"     ",5.30,35.52,10.21
1771,554676326,"01771M02:48:21.877","01771 02:36:07",201.84,896.90,,,,"     ",5.30,35.49,10.21
1771,554676327,"01771M02:48:22.850","01771 02:36:08",201.82,896.85,,,,"     ",5.30,35.49,10.21
1771,554676328,"01771M02:48:23.823","01771 02:36:08",201.79,896.92,,,,"     ",5.30,35.63,10.25
1771,554676329,"01771M02:48:24.797","01771 02:36:09",201.78,896.86,,,,"     ",5.30,35.68,10.27
1771,554676330,"01771M02:48:25.770","01771 02:36:10",201.77,896.82,,,,"     ",5.30,35.65,10.25
1771,554676331,"01771M02:48:26.743","01771 02:36:11",201.75,896.84,,,,"     ",5.30,35.65,10.25
1771,554676332,"01771M02:48:27.716","01771 02:36:12",201.73,896.83,,,,"     ",5.30,35.64,10.25
1771,554676333,"01771M02:48:28.690","01771 02:36:13",201.71,896.90,,,,"     ",5.30,35.56,10.23
1771,554676334,"01771M02:48:29.663","01771 02:36:14",201.68,896.81,,,,"     ",5.30,35.65,10.26
1771,554676335,"01771M02:48:30.636","01771 02:36:15",201.65,896.92,,,,"     ",5.30,35.66,10.26
1771,554676336,"01771M02:48:31.609","01771 02:36:16",201.61,896.83,,,,"     ",5.30,35.62,10.25
1771,554676337,"01771M02:48:32.583","01771 02:36:17",201.57,896.87,,,,"     ",5.30,35.57,10.23
1771,554676338,"01771M02:48:33.556","01771 02:36:18",201.53,896.77,,,,"     ",5.30,35.76,10.29
1771,554676339,"01771M02:48:34.529","01771 02:36:19",201.49,896.86,,,,"     ",5.30,35.58,10.24
1771,554676340,"01771M02:48:35.502","01771 02:36:20",201.47,896.84,,,,"     ",5.30,35.75,10.29
1771,554676341,"01771M02:48:36.476","01771 02:36:21",201.45,896.90,,,,"     ",5.30,35.64,10.26
1771,554676342,"01771M02:48:37.449","01771 02:36:22",201.43,896.83,,,,"     ",5.30,35.54,10.23
1771,554676343,"01771M02:48:38.422","01771 02:36:23",201.42,896.74,,,,"     ",5.30,35.72,10.28
1771,554676344,"01771M02:48:39.395","01771 02:36:24",201.40,896.78,,,,"     ",5.30,35.75,10.29
1771,554676345,"01771M02:48:40.369","01771 02:36:25",201.38,896.93,,,,"     ",5.30,35.65,10.26
1771,554676346,"01771M02:48:41.342","01771 02:36:26",201.35,896.91,,,,"     ",5.30,35.71,10.28
1771,554676347,"01771M02:48:42.315","01771 02:36:27",201.33,896.84,,,,"     ",5.30,35.69,10.27
1771,554676348,"01771M02:48:43.288","01771 02:36:28",201.31,896.89,,,,"     ",5.30,35.81,10.31
1771,554676349,"01771M02:48:44.262","01771 02:36:29",201.31,896.84,,,,"     ",5.30,35.78,10.30
1771,554676350,"01771M02:48:45.235","01771 02:36:30",201.31,896.86,,,,"     ",5.30,35.83,10.32
1771,554676351,"01771M02:48:46.208","01771 02:36:31",201.32,896.84,,,,"     ",5.30,35.79,10.30
1771,554676352,"01771M02:48:47.181","01771 02:36:32",201.35,896.93,,,,"     ",5.30,35.78,10.30
1771,554676353,"01771M02:48:48.155","01771 02:36:33",201.39,896.92,,,,"     ",5.30,35.84,10.32
1771,554676354,"01771M02:48:49.128","01771 02:36:34",201.42,896.90,,,,"     ",5.30,35.89,10.33
1771,554676355,"01771M02:48:50.101","01771 02:36:35",201.45,896.89,,,,"     ",5.30,35.79,10.31
1771,554676356,"01771M02:48:51.074","01771 02:36:36",201.47,896.95,,,,"     ",5.30,35.86,10.33
1771,554676357,"01771M02:48:52.048","01771 02:36:37",201.49,896.86,,,,"     ",5.30,35.82,10.31
1771,554676358,"01771M02:48:53.021","01771 02:36:38",201.49,896.82,,,,"     ",5.30,35.89,10.33
1771,554676359,"01771M02:48:53.994","01771 02:36:39",201.49,896.82,,,,"     ",5.30,35.83,10.31
1771,554676360,"01771M02:48:54.967","01771 02:36:40",201.48,896.90,,,,"     ",5.30,35.93,10.35
1771,554676361,"01771M02:48:55.941","01771 02:36:41",201.46,896.80,,,,"     ",5.30,35.91,10.34
1771,554676362,"01771M02:48:56.914","01771 02:36:42",201.45,896.88,,,,"     ",5.30,35.97,10.35
1771,554676363,"01771M02:48:57.887","01771 02:36:43",201.44,896.84,,,,"     ",5.30,35.80,10.30
1771,554676364,"01771M02:48:58.860","01771 02:36:44",201.44,896.85,,,,"     ",5.30,35.80,10.30
1771,554676365,"01771M02:48:59.834","01771 02:36:44",201.43,896.86,,,,"     ",5.30,35.88,10.33
1771,554676366,"01771M02:49:00.807","01771 02:36:45",201.44,896.79,,,,"     ",5.30,35.98,10.36
1771,554676367,"01771M02:49:01.780","01771 02:36:46",201.45,896.83,,,,"     ",5.30,36.04,10.38
1771,554676368,"01771M02:49:02.753","01771 02:36:47",201.46,896.70,,,,"     ",5.30,36.03,10.37
1771,554676369,"01771M02:49:03.727","01771 02:36:48",201.48,896.73,,,,"     ",5.30,35.93,10.34
1771,554676370,"01771M02:49:04.700","01771 02:36:49",201.50,896.80,,,,"     ",5.30,35.90,10.33
1771,554676371,"01771M02:49:05.673","01771 02:36:50",201.51,896.76,,,,"     ",5.30,36.05,10.38
1771,554676372,"01771M02:49:06.646","01771 02:36:51",201.52,896.69,,,,"     ",5.30,36.05,10.38
1771,554676373,"01771M02:49:07.620","01771 02:36:52",201.53,896.72,,,,"     ",5.30,36.01,10.37
1771,554676374,"01771M02:49:08.593","01771 02:36:53",201.52,896.78,,,,"     ",5.30,35.92,10.34
1771,554676375,"01771M02:49:09.566","01771 02:36:54",201.52,896.70,,,,"     ",5.30,35.90,10.33
1771,554676376,"01771M02:49:10.539","01771 02:36:55",201.52,896.77,,,,"     ",5.30,35.93,10.34
1771,554676377,"01771M02:49:11.513","01771 02:36:56",201.52,896.72,,,,"     ",5.30,35.97,10.36
1771,554676378,"01771M02:49:12.486","01771 02:36:57",201.53,896.79,,,,"     ",5.30,35.95,10.35
1771,554676379,"01771M02:49:13.459","01771 02:36:58",201.55,896.79,,,,"     ",5.30,35.99,10.36
1771,554676380,"01771M02:49:14.432","01771 02:36:59",201.56,896.86,,,,"     ",5.30,35.94,10.35
1771,554676381,"01771M02:49:15.406","01771 02:37:00",201.57,896.80,,,,"     ",5.30,35.89,10.33
1771,554676382,"01771M02:49:16.379","01771 02:37:01",201.58,896.82,,,,"     ",5.30,35.97,10.36
1771,554676383,"01771M02:49:17.352","01771 02:37:02",201.58,896.91,,,,"     ",5.30,36.05,10.39
1771,554676384,"01771M02:49:18.325","01771 02:37:03",201.57,896.83,,,,"     ",5.30,35.85,10.32
1771,554676385,"01771M02:49:19.299","01771 02:37:04",201.55,896.85,,,,"     ",5.30,36.01,10.37
1771,554676386,"01771M02:49:20.272","01771 02:37:05",201.54,896.85,,,,"     ",5.30,35.89,10.34
1771,554676387,"01771M02:49:21.245","01771 02:37:06",201.52,896.85,,,,"     ",5.30,35.81,10.31
1771,554676388,"01771M02:49:22.218","01771 02:37:07",201.51,896.83,,,,"     ",5.30,35.76,10.30
1771,554676389,"01771M02:49:23.192","01771 02:37:08",201.50,896.91,,,,"     ",5.30,35.83,10.32
1771,554676390,"01771M02:49:24.165","01771 02:37:09",201.50,896.88,,,,"     ",5.30,35.73,10.30
1771,554676391,"01771M02:49:25.138","01771 02:37:10",201.51,896.80,,,,"     ",5.30,35.86,10.33
1771,554676392,"01771M02:49:26.111","01771 02:37:11",201.53,896.77,,,,"     ",5.30,35.79,10.31
1771,554676393,"01771M02:49:27.085","01771 02:37:12",201.54,896.80,,,,"     ",5.30,35.83,10.33
1771,554676394,"01771M02:49:28.058","01771 02:37:13",201.55,896.88,,,,"     ",5.30,35.81,10.32
1771,554676395,"01771M02:49:29.031","01771 02:37:14",201.54,896.84,,,,"     ",5.30,35.81,10.32
1771,554676396,"01771M02:49:30.004","01771 02:37:15",201.53,896.85,,,,"     ",5.30,35.81,10.32
1771,554676397,"01771M02:49:30.978","01771 02:37:16",201.51,896.79,,,,"     ",5.30,35.84,10.34
1771,554676398,"01771M02:49:31.951","01771 02:37:17",201.48,896.84,,,,"     ",5.30,35.92,10.36
1771,554676399,"01771M02:49:32.924","01771 02:37:18",201.44,896.79,,,,"     ",5.30,35.78,10.32
1771,554676400,"01771M02:49:33.898","01771 02:37:19",201.39,896.82,,,,"     ",5.30,35.80,10.33
1771,554676401,"01771M02:49:34.871","01771 02:37:20",201.35,896.88,,,,"     ",5.30,35.74,10.31
1771,554676402,"01771M02:49:35.844","01771 02:37:21",201.31,896.87,,,,"     ",5.30,35.71,10.30
1771,554676403,"01771M02:49:36.817","01771 02:37:21",201.28,896.81,,,,"     ",5.30,35.74,10.31
1771,554676404,"01771M02:49:37.791","01771 02:37:22",201.25,896.87,,,,"     ",5.30,35.56,10.26
1771,554676405,"01771M02:49:38.764","01771 02:37:23",201.24,896.89,,,,"     ",5.30,35.79,10.33
1771,554676406,"01771M02:49:39.737","01771 02:37:24",201.23,896.89,,,,"     ",5.30,35.74,10.32
1771,554676407,"01771M02:49:40.710","01771 02:37:25",201.22,896.84,,,,"     ",5.30,35.62,10.29
1771,554676408,"01771M02:49:41.684","01771 02:37:26",201.21,896.80,,,,"     ",5.30,35.58,10.27
1771,554676409,"01771M02:49:42.657","01771 02:37:27",201.21,896.87,,,,"     ",5.30,35.64,10.29
1771,554676410,"01771M02:49:43.630","01771 02:37:28",201.21,896.80,,,,"     ",5.30,35.83,10.35
1771,554676411,"01771M02:49:44.603","01771 02:37:29",201.21,896.87,,,,"     ",5.30,35.86,10.36
1771,554676412,"01771M02:49:45.577","01771 02:37:30",201.21,896.85,,,,"     ",5.30,35.65,10.30
1771,554676413,"01771M02:49:46.550","01771 02:37:31",201.22,896.90,,,,"     ",5.30,35.60,10.29
1771,554676414,"01771M02:49:47.523","01771 02:37:32",201.22,896.91,,,,"     ",5.30,35.73,10.33
1771,554676415,"01771M02:49:48.496","01771 02:37:33",201.23,896.89,,,,"     ",5.30,35.74,10.33
1771,554676416,"01771M02:49:49.470","01771 02:37:34",201.23,896.85,,,,"     ",5.30,35.53,10.27
1771,554676417,"01771M02:49:50.443","01771 02:37:35",201.23,896.87,,,,"     ",5.30,35.74,10.33
1771,554676418,"01771M02:49:51.416","01771 02:37:36",201.23,896.82,,,,"     ",5.30,35.56,10.28
1771,554676419,"01771M02:49:52.389","01771 02:37:37",201.22,896.82,,,,"     ",5.30,35.61,10.29
1771,554676420,"01771M02:49:53.363","01771 02:37:38",201.21,896.83,,,,"     ",5.30,35.53,10.28
1771,554676421,"01771M02:49:54.336","01771 02:37:39",201.19,896.77,,,,"     ",5.30,35.66,10.31
1771,554676422,"01771M02:49:55.309","01771 02:37:40",201.17,896.86,,,,"     ",5.30,35.41,10.24
1771,554676423,"01771M02:49:56.282","01771 02:37:41",201.15,896.79,,,,"     ",5.30,35.54,10.28
1771,554676424,"01771M02:49:57.256","01771 02:37:42",201.14,896.80,,,,"     ",5.30,35.56,10.29
1771,554676425,"01771M02:49:58.229","01771 02:37:43",201.13,896.82,,,,"     ",5.30,35.63,10.31
1771,554676426,"01771M02:49:59.202","01771 02:37:44",201.13,896.83,,,,"     ",5.30,35.66,10.33
1771,554676427,"01771M02:50:00.175","01771 02:37:45",201.13,896.88,,,,"     ",5.30,35.69,10.34
1771,554676428,"01771M02:50:01.149","01771 02:37:46",201.13,896.81,,,,"     ",5.30,35.44,10.26
1771,554676429,"01771M02:50:02.122","01771 02:37:47",201.12,896.78,,,,"     ",5.30,35.49,10.28
1771,554676430,"01771M02:50:03.095","01771 02:37:48",201.11,896.90,,,,"     ",5.30,35.50,10.28
1771,554676431,"01771M02:50:04.068","01771 02:37:49",201.09,896.87,,,,"     ",5.30,35.57,10.30
1771,554676432,"01771M02:50:05.042","01771 02:37:50",201.07,896.84,,,,"     ",5.30,35.48,10.28
1771,554676433,"01771M02:50:06.015","01771 02:37:51",201.04,896.85,,,,"     ",5.30,35.47,10.28
1771,554676434,"01771M02:50:06.988","01771 02:37:52",201.01,896.88,,,,"     ",5.30,35.61,10.32
1771,554676435,"01771M02:50:07.961","01771 02:37:53",200.98,896.82,,,,"     ",5.30,35.57,10.31
1771,554676436,"01771M02:50:08.935","01771 02:37:54",200.97,896.90,,,,"     ",5.30,35.45,10.27
1771,554676437,"01771M02:50:09.908","01771 02:37:55",200.96,896.93,,,,"     ",5.30,35.56,10.31
1771,554676438,"01771M02:50:10.881","01771 02:37:56",200.97,896.93,,,,"     ",5.30,35.46,10.28
1771,554676439,"01771M02:50:11.854","01771 02:37:57",200.99,896.98,,,,"     ",5.30,35.52,10.30
1771,554676440,"01771M02:50:12.828","01771 02:37:58",201.01,896.99,,,,"     ",5.30,35.53,10.30
1771,554676441,"01771M02:50:13.801","01771 02:37:58",201.04,896.84,,,,"     ",5.30,35.47,10.28
1771,554676442,"01771M02:50:14.774","01771 02:37:59",201.05,896.89,,,,"     ",5.30,35.48,10.29
1771,554676443,"01771M02:50:15.747","01771 02:38:00",201.07,896.92,,,,"     ",5.30,35.42,10.27
1771,554676444,"01771M02:50:16.721","01771 02:38:01",201.07,896.91,,,,"     ",5.30,35.45,10.28
1771,554676445,"01771M02:50:17.694","01771 02:38:02",201.06,896.93,,,,"     ",5.30,35.55,10.31
1771,554676446,"01771M02:50:18.667","01771 02:38:03",201.06,896.90,,,,"     ",5.30,35.56,10.31
1771,554676447,"01771M02:50:19.640","01771 02:38:04",201.06,896.89,,,,"     ",5.30,35.52,10.30
1771,554676448,"01771M02:50:20.614","01771 02:38:05",201.06,896.89,,,,"     ",5.30,35.49,10.30
1771,554676449,"01771M02:50:21.587","01771 02:38:06",201.06,896.87,,,,"     ",5.30,35.61,10.33
1771,554676450,"01771M02:50:22.560","01771 02:38:07",201.07,896.90,,,,"     ",5.30,35.57,10.32
1771,554676451,"01771M02:50:23.533","01771 02:38:08",201.08,896.80,,,,"     ",5.30,35.45,10.28
1771,554676452,"01771M02:50:24.507","01771 02:38:09",201.09,896.82,,,,"     ",5.30,35.47,10.29
1771,554676453,"01771M02:50:25.480","01771 02:38:10",201.10,896.83,,,,"     ",5.30,35.63,10.34
1771,554676454,"01771M02:50:26.453","01771 02:38:11",201.11,896.82,,,,"     ",5.30,35.47,10.29
1771,554676455,"01771M02:50:27.426","01771 02:38:12",201.12,896.97,,,,"     ",5.30,35.56,10.32
1771,554676456,"01771M02:50:28.400","01771 02:38:13",201.14,896.83,,,,"     ",5.30,35.52,10.31
1771,554676457,"01771M02:50:29.373","01771 02:38:14",201.16,896.94,,,,"     ",5.30,35.44,10.29
1771,554676458,"01771M02:50:30.346","01771 02:38:15",201.19,896.92,,,,"     ",5.30,35.60,10.34
1771,554676459,"01771M02:50:31.319","01771 02:38:16",201.22,897.00,,,,"     ",5.30,35.50,10.30
1771,554676460,"01771M02:50:32.293","01771 02:38:17",201.26,896.96,,,,"     ",5.30,35.50,10.30
1771,554676461,"01771M02:50:33.266","01771 02:38:18",201.29,896.94,,,,"     ",5.30,35.60,10.33
1771,554676462,"01771M02:50:34.239","01771 02:38:19",201.33,896.85,,,,"     ",5.30,35.62,10.34
1771,554676463,"01771M02:50:35.212","01771 02:38:20",201.37,896.82,,,,"     ",5.30,35.53,10.31
1771,554676464,"01771M02:50:36.186","01771 02:38:21",201.41,896.96,,,,"     ",5.30,35.61,10.33
1771,554676465,"01771M02:50:37.159","01771 02:38:22",201.44,896.98,,,,"     ",5.30,35.70,10.36
1771,554676466,"01771M02:50:38.132","01771 02:38:23",201.46,896.95,,,,"     ",5.30,35.66,10.35
1771,554676467,"01771M02:50:39.105","01771 02:38:24",201.48,897.02,,,,"     ",5.30,35.58,10.32
1771,554676468,"01771M02:50:40.079","01771 02:38:25",201.48,896.99,,,,"     ",5.30,35.59,10.33
1771,554676469,"01771M02:50:41.052","01771 02:38:26",201.47,897.04,,,,"     ",5.30,35.75,10.37
1771,554676470,"01771M02:50:42.025","01771 02:38:27",201.45,896.98,,,,"     ",5.30,35.63,10.33
1771,554676471,"01771M02:50:42.999","01771 02:38:28",201.41,896.99,,,,"     ",5.30,35.67,10.35
1771,554676472,"01771M02:50:43.972","01771 02:38:29",201.36,896.94,,,,"     ",5.30,35.69,10.35
1771,554676473,"01771M02:50:44.945","01771 02:38:30",201.32,897.03,,,,"     ",5.30,35.66,10.35
1771,554676474,"01771M02:50:45.918","01771 02:38:31",201.29,896.94,,,,"     ",5.30,35.69,10.35
1771,554676475,"01771M02:50:46.892","01771 02:38:32",201.28,896.96,,,,"     ",5.30,35.64,10.34
1771,554676476,"01771M02:50:47.865","01771 02:38:33",201.27,896.94,,,,"     ",5.30,35.64,10.33
1771,554676477,"01771M02:50:48.838","01771 02:38:34",201.27,896.87,,,,"     ",5.30,35.54,10.31
1771,554676478,"01771M02:50:49.811","01771 02:38:35",201.28,896.94,,,,"     ",5.30,35.61,10.33
1771,554676479,"01771M02:50:50.785","01771 02:38:35",201.29,896.92,,,,"     ",5.30,35.72,10.36
1771,554676480,"01771M02:50:51.758","01771 02:38:36",201.31,897.01,,,,"     ",5.30,35.59,10.32
1771,554676481,"01771M02:50:52.731","01771 02:38:37",201.32,896.92,,,,"     ",5.30,35.71,10.35
1771,554676482,"01771M02:50:53.704","01771 02:38:38",201.35,896.91,,,,"     ",5.30,35.64,10.34
1771,554676483,"01771M02:50:54.678","01771 02:38:39",201.37,896.92,,,,"     ",5.30,35.63,10.33
1771,554676484,"01771M02:50:55.651","01771 02:38:40",201.41,896.96,,,,"     ",5.30,35.59,10.32
1771,554676485,"01771M02:50:56.624","01771 02:38:41",201.45,896.89,,,,"     ",5.30,35.63,10.33
1771,554676486,"01771M02:50:57.597","01771 02:38:42",201.49,896.84,,,,"     ",5.30,35.68,10.34
1771,554676487,"01771M02:50:58.571","01771 02:38:43",201.54,896.87,,,,"     ",5.30,35.67,10.34
1771,554676488,"01771M02:50:59.544","01771 02:38:44",201.59,896.85,,,,"     ",5.30,35.57,10.31
1771,554676489,"01771M02:51:00.517","01771 02:38:45",201.66,896.91,,,,"     ",5.30,35.70,10.35
1771,554676490,"01771M02:51:01.490","01771 02:38:46",201.72,896.92,,,,"     ",5.30,35.85,10.40
1771,554676491,"01771M02:51:02.464","01771 02:38:47",201.80,896.87,,,,"     ",5.30,35.64,10.33
1771,554676492,"01771M02:51:03.437","01771 02:38:48",201.88,896.92,,,,"     ",5.30,35.62,10.33
1771,554676493,"01771M02:51:04.410","01771 02:38:49",202.17,896.88,,,,"     ",5.30,35.67,10.34
1771,554676494,"01771M02:51:05.383","01771 02:38:50",202.11,896.89,,,,"     ",5.30,35.67,10.34
1771,554676495,"01771M02:51:06.357","01771 02:38:51",202.06,896.92,,,,"     ",5.30,35.64,10.33
1771,554676496,"01771M02:51:07.330","01771 02:38:52",202.03,896.90,,,,"     ",5.30,35.59,10.32
1771,554676497,"01771M02:51:08.303","01771 02:38:53",202.00,896.85,,,,"     ",5.30,35.62,10.33
1771,554676498,"01771M02:51:09.276","01771 02:38:54",201.98,896.84,,,,"     ",5.30,35.68,10.34
1771,554676499,"01771M02:51:10.250","01771 02:38:55",201.97,896.88,,,,"     ",5.30,35.63,10.33
1771,554676500,"01771M02:51:11.223","01771 02:38:56",201.96,896.84,,,,"     ",5.30,35.78,10.37
1771,554676501,"01771M02:51:12.196","01771 02:38:57",201.96,896.87,,,,"     ",5.30,35.78,10.37
1771,554676502,"01771M02:51:13.169","01771 02:38:58",201.97,896.88,,,,"     ",5.30,35.57,10.30
1771,554676503,"01771M02:51:14.143","01771 02:38:59",201.99,896.85,,,,"     ",5.30,35.71,10.35
1771,554676504,"01771M02:51:15.116","01771 02:39:00",202.02,896.93,,,,"     ",5.30,35.89,10.40
1771,554676505,"01771M02:51:16.089","01771 02:39:01",202.06,896.92,,,,"     ",5.30,35.77,10.36
1771,554676506,"01771M02:51:17.062","01771 02:39:02",202.12,896.91,,,,"     ",5.30,35.75,10.36
1771,554676507,"01771M02:51:18.036","01771 02:39:03",202.18,896.95,,,,"     ",5.30,35.80,10.37
1771,554676508,"01771M02:51:19.009","01771 02:39:04",202.22,896.93,,,,"     ",5.30,35.83,10.38
1771,554676509,"01771M02:51:19.982","01771 02:39:05",202.25,896.89,,,,"     ",5.30,35.74,10.35
1771,554676510,"01771M02:51:20.955","01771 02:39:06",202.29,896.83,,,,"     ",5.30,35.89,10.39
1771,554676511,"01771M02:51:21.929","01771 02:39:07",202.35,896.81,,,,"     ",5.30,35.91,10.39
1771,554676512,"01771M02:51:22.902","01771 02:39:08",202.43,896.86,,,,"     ",5.30,36.00,10.43
1771,554676513,"01771M02:51:23.875","01771 02:39:09",202.51,896.82,,,,"     ",5.30,35.98,10.42
1771,554676514,"01771M02:51:24.848","01771 02:39:10",202.57,896.87,,,,"     ",5.30,35.86,10.38
1771,554676515,"01771M02:51:25.822","01771 02:39:11",202.59,896.93,,,,"     ",5.30,35.98,10.41
1771,554676516,"01771M02:51:26.795","01771 02:39:11",202.60,896.92,,,,"     ",5.30,36.04,10.43
1771,554676517,"01771M02:51:27.768","01771 02:39:12",202.13,896.95,,,,"     ",5.30,36.17,10.47
1771,554676518,"01771M02:51:28.741","01771 02:39:13",202.14,896.97,,,,"     ",5.30,36.09,10.45
1771,554676519,"01771M02:51:29.715","01771 02:39:14",202.14,896.89,,,,"     ",5.30,36.03,10.42
1771,554676520,"01771M02:51:30.688","01771 02:39:15",202.62,896.86,,,,"     ",5.30,36.12,10.44
1771,554676521,"01771M02:51:31.661","01771 02:39:16",202.63,896.95,,,,"     ",5.30,36.18,10.46
1771,554676522,"01771M02:51:32.634","01771 02:39:17",202.64,896.92,,,,"     ",5.30,36.14,10.45
1771,554676523,"01771M02:51:33.608","01771 02:39:18",202.62,896.93,,,,"     ",5.30,36.27,10.49
1771,554676524,"01771M02:51:34.581","01771 02:39:19",202.59,896.98,,,,"     ",5.30,36.27,10.49
1771,554676525,"01771M02:51:35.554","01771 02:39:20",202.57,896.94,,,,"     ",5.30,36.17,10.46
1771,554676526,"01771M02:51:36.527","01771 02:39:21",202.56,896.81,,,,"     ",5.30,36.19,10.46
1771,554676527,"01771M02:51:37.501","01771 02:39:22",202.57,896.74,,,,"     ",5.30,36.20,10.46
1771,554676528,"01771M02:51:38.474","01771 02:39:23",202.59,896.92,,,,"     ",5.30,36.17,10.45
1771,554676529,"01771M02:51:39.447","01771 02:39:24",202.62,896.83,,,,"     ",5.30,36.21,10.46
1771,554676530,"01771M02:51:40.420","01771 02:39:25",202.65,896.84,,,,"     ",5.30,36.26,10.48
1771,554676531,"01771M02:51:41.394","01771 02:39:26",202.67,896.98,,,,"     ",5.30,36.29,10.49
1771,554676532,"01771M02:51:42.367","01771 02:39:27",202.68,896.83,,,,"     ",5.30,36.35,10.50
1771,554676533,"01771M02:51:43.340","01771 02:39:28",202.67,896.85,,,,"     ",5.30,36.40,10.51
1771,554676534,"01771M02:51:44.313","01771 02:39:29",202.65,896.92,,,,"     ",5.30,36.35,10.50
1771,554676535,"01771M02:51:45.287","01771 02:39:30",202.64,896.89,,,,"     ",5.30,36.30,10.48
1771,554676536,"01771M02:51:46.260","01771 02:39:31",202.63,896.79,,,,"     ",5.30,36.26,10.47
1771,554676537,"01771M02:51:47.233","01771 02:39:32",202.63,896.85,,,,"     ",5.30,36.44,10.52
1771,554676538,"01771M02:51:48.206","01771 02:39:33",202.65,896.80,,,,"     ",5.30,36.29,10.48
1771,554676539,"01771M02:51:49.180","01771 02:39:34",202.68,896.83,,,,"     ",5.30,36.29,10.48
1771,554676540,"01771M02:51:50.153","01771 02:39:35",202.70,896.82,,,,"     ",5.30,36.26,10.47
1771,554676541,"01771M02:51:51.126","01771 02:39:36",202.71,896.88,,,,"     ",5.30,36.34,10.49
1771,554676542,"01771M02:51:52.100","01771 02:39:37",202.71,896.85,,,,"     ",5.30,36.33,10.49
1771,554676543,"01771M02:51:53.073","01771 02:39:38",202.69,896.88,,,,"     ",5.30,36.23,10.46
1771,554676544,"01771M02:51:54.046","01771 02:39:39",202.68,896.90,,,,"     ",5.30,36.31,10.49
1771,554676545,"01771M02:51:55.019","01771 02:39:40",202.66,896.96,,,,"     ",5.30,36.28,10.47
1771,554676546,"01771M02:51:55.993","01771 02:39:41",202.65,896.90,,,,"     ",5.30,36.27,10.47
1771,554676547,"01771M02:51:56.966","01771 02:39:42",202.63,896.92,,,,"     ",5.30,36.33,10.49
1771,554676548,"01771M02:51:57.939","01771 02:39:43",202.60,896.99,,,,"     ",5.30,36.34,10.49
1771,554676549,"01771M02:51:58.912","01771 02:39:44",202.56,896.99,,,,"     ",5.30,36.29,10.48
1771,554676550,"01771M02:51:59.886","01771 02:39:45",202.53,896.98,,,,"     ",5.30,36.42,10.52
1771,554676551,"01771M02:52:00.859","01771 02:39:46",202.49,896.95,,,,"     ",5.30,36.29,10.48
1771,554676552,"01771M02:52:01.832","01771 02:39:47",202.46,896.91,,,,"     ",5.30,36.28,10.48
1771,554676553,"01771M02:52:02.805","01771 02:39:48",202.45,896.85,,,,"     ",5.30,36.21,10.46
1771,554676554,"01771M02:52:03.779","01771 02:39:48",202.44,896.74,,,,"     ",5.30,36.22,10.46
1771,554676555,"01771M02:52:04.752","01771 02:39:49",202.45,896.81,,,,"     ",5.30,36.31,10.48
1771,554676556,"01771M02:52:05.725","01771 02:39:50",202.47,896.86,,,,"     ",5.30,36.22,10.46
1771,554676557,"01771M02:52:06.698","01771 02:39:51",202.50,896.77,,,,"     ",5.30,36.23,10.46
1771,554676558,"01771M02:52:07.672","01771 02:39:52",202.54,896.83,,,,"     ",5.30,36.19,10.45
1771,554676559,"01771M02:52:08.645","01771 02:39:53",202.60,896.90,,,,"     ",5.30,36.23,10.46
1771,554676560,"01771M02:52:09.618","01771 02:39:54",202.66,896.86,,,,"     ",5.30,36.19,10.46
1771,554676561,"01771M02:52:10.591","01771 02:39:55",202.72,896.95,,,,"     ",5.30,36.22,10.47
1771,554676562,"01771M02:52:11.565","01771 02:39:56",202.77,896.84,,,,"     ",5.30,36.12,10.43
1771,554676563,"01771M02:52:12.538","01771 02:39:57",202.79,896.89,,,,"     ",5.30,36.36,10.51
1771,554676564,"01771M02:52:13.511","01771 02:39:58",202.80,896.91,,,,"     ",5.30,36.27,10.48
1771,554676565,"01771M02:52:14.484","01771 02:39:59",202.79,896.91,,,,"     ",5.30,36.21,10.47
1771,554676566,"01771M02:52:15.458","01771 02:40:00",202.77,896.89,,,,"     ",5.30,36.13,10.44
1771,554676567,"01771M02:52:16.431","01771 02:40:01",202.75,896.85,,,,"     ",5.30,36.28,10.49
1771,554676568,"01771M02:52:17.404","01771 02:40:02",202.74,896.84,,,,"     ",5.30,36.22,10.47
1771,554676569,"01771M02:52:18.377","01771 02:40:03",202.73,896.90,,,,"     ",5.30,36.23,10.48
1771,554676570,"01771M02:52:19.351","01771 02:40:04",202.72,896.81,,,,"     ",5.30,36.15,10.45
1771,554676571,"01771M02:52:20.324","01771 02:40:05",202.70,896.97,,,,"     ",5.30,36.14,10.46
1771,554676572,"01771M02:52:21.297","01771 02:40:06",202.66,896.93,,,,"     ",5.30,36.33,10.51
1771,554676573,"01771M02:52:22.270","01771 02:40:07",202.62,896.92,,,,"     ",5.30,36.20,10.47
1771,554676574,"01771M02:52:23.244","01771 02:40:08",202.59,896.86,,,,"     ",5.30,36.23,10.48
1771,554676575,"01771M02:52:24.217","01771 02:40:09",202.58,896.78,,,,"     ",5.30,36.13,10.45
1771,554676576,"01771M02:52:25.190","01771 02:40:10",202.58,896.84,,,,"     ",5.30,36.30,10.50
1771,554676577,"01771M02:52:26.163","01771 02:40:11",202.60,896.87,,,,"     ",5.30,36.24,10.49
1771,554676578,"01771M02:52:27.137","01771 02:40:12",202.61,896.97,,,,"     ",5.30,36.19,10.47
1771,554676579,"01771M02:52:28.110","01771 02:40:13",202.63,896.90,,,,"     ",5.30,36.31,10.51
1771,554676580,"01771M02:52:29.083","01771 02:40:14",202.64,896.92,,,,"     ",5.30,36.28,10.50
1771,554676581,"01771M02:52:30.056","01771 02:40:15",202.64,896.82,,,,"     ",5.30,36.17,10.47
1771,554676582,"01771M02:52:31.030","01771 02:40:16",202.63,896.90,,,,"     ",5.30,36.15,10.46
1771,554676583,"01771M02:52:32.003","01771 02:40:17",202.65,896.79,,,,"     ",5.30,36.17,10.47
1771,554676584,"01771M02:52:32.976","01771 02:40:18",202.68,896.88,,,,"     ",5.30,36.19,10.48
1771,554676585,"01771M02:52:33.949","01771 02:40:19",202.72,896.84,,,,"     ",5.30,36.19,10.48
1771,554676586,"01771M02:52:34.923","01771 02:40:20",202.76,896.84,,,,"     ",5.30,36.23,10.49
1771,554676587,"01771M02:52:35.896","01771 02:40:21",202.41,896.86,,,,"     ",5.30,36.32,10.51
1771,554676588,"01771M02:52:36.869","01771 02:40:22",202.46,896.82,,,,"     ",5.30,36.15,10.47
1771,554676589,"01771M02:52:37.842","01771 02:40:23",202.49,896.86,,,,"     ",5.30,36.25,10.50
1771,554676590,"01771M02:52:38.816","01771 02:40:24",202.52,896.88,,,,"     ",5.30,36.10,10.45
1771,554676591,"01771M02:52:39.789","01771 02:40:25",202.54,896.87,,,,"     ",5.30,36.19,10.48
1771,554676592,"01771M02:52:40.762","01771 02:40:25",202.57,896.96,,,,"     ",5.30,36.07,10.45
1771,554676593,"01771M02:52:41.735","01771 02:40:26",202.86,896.92,,,,"     ",5.30,36.32,10.52
1771,554676594,"01771M02:52:42.709","01771 02:40:27",202.88,896.88,,,,"     ",5.30,36.21,10.49
1771,554676595,"01771M02:52:43.682","01771 02:40:28",202.90,896.91,,,,"     ",5.30,36.17,10.48
1771,554676596,"01771M02:52:44.655","01771 02:40:29",202.92,896.95,,,,"     ",5.30,36.31,10.52
1771,554676597,"01771M02:52:45.628","01771 02:40:30",202.94,896.91,,,,"     ",5.30,36.29,10.52
1771,554676598,"01771M02:52:46.602","01771 02:40:31",202.95,896.91,,,,"     ",5.30,36.17,10.48
1771,554676599,"01771M02:52:47.575","01771 02:40:32",202.73,896.90,,,,"     ",5.30,36.21,10.50
1771,554676600,"01771M02:52:48.548","01771 02:40:33",202.73,896.89,,,,"     ",5.30,36.17,10.48
1771,554676601,"01771M02:52:49.521","01771 02:40:34",202.71,896.88,,,,"     ",5.30,36.25,10.51
1771,554676602,"01771M02:52:50.495","01771 02:40:35",202.69,896.82,,,,"     ",5.30,36.14,10.48
1771,554676603,"01771M02:52:51.468","01771 02:40:36",202.66,896.85,,,,"     ",5.30,36.10,10.46
1771,554676604,"01771M02:52:52.441","01771 02:40:37",202.63,896.88,,,,"     ",5.30,36.14,10.48
1771,554676605,"01771M02:52:53.414","01771 02:40:38",202.90,896.89,,,,"     ",5.30,36.27,10.52
1771,554676606,"01771M02:52:54.388","01771 02:40:39",202.88,896.94,,,,"     ",5.30,36.25,10.51
1771,554676607,"01771M02:52:55.361","01771 02:40:40",202.85,896.80,,,,"     ",5.30,36.22,10.50
1771,554676608,"01771M02:52:56.334","01771 02:40:41",202.81,896.83,,,,"     ",5.30,36.18,10.49
1771,554676609,"01771M02:52:57.307","01771 02:40:42",202.76,896.80,,,,"     ",5.30,36.21,10.50
1771,554676610,"01771M02:52:58.281","01771 02:40:43",202.70,896.80,,,,"     ",5.30,36.29,10.53
1771,554676611,"01771M02:52:59.254","01771 02:40:44",202.64,896.74,,,,"     ",5.30,36.45,10.57
1771,554676612,"01771M02:53:00.227","01771 02:40:45",202.59,896.88,,,,"     ",5.30,36.12,10.48
1771,554676613,"01771M02:53:01.201","01771 02:40:46",202.56,896.74,,,,"     ",5.30,36.28,10.52
1771,554676614,"01771M02:53:02.174","01771 02:40:47",202.56,896.87,,,,"     ",5.30,36.31,10.53
1771,554676615,"01771M02:53:03.147","01771 02:40:48",202.57,896.88,,,,"     ",5.30,36.20,10.50
1771,554676616,"01771M02:53:04.120","01771 02:40:49",202.59,896.85,,,,"     ",5.30,36.29,10.53
1771,554676617,"01771M02:53:05.094","01771 02:40:50",202.62,896.85,,,,"     ",5.30,36.17,10.49
1771,554676618,"01771M02:53:06.067","01771 02:40:51",202.64,896.84,,,,"     ",5.30,36.35,10.55
1771,554676619,"01771M02:53:07.040","01771 02:40:52",202.67,896.76,,,,"     ",5.30,36.30,10.53
1771,554676620,"01771M02:53:08.013","01771 02:40:53",202.70,896.82,,,,"     ",5.30,36.28,10.53
1771,554676621,"01771M02:53:08.987","01771 02:40:54",202.74,896.81,,,,"     ",5.30,36.36,10.56
1771,554676622,"01771M02:53:09.960","01771 02:40:55",202.76,896.77,,,,"     ",5.30,36.24,10.52
1771,554676623,"01771M02:53:10.933","01771 02:40:56",202.47,896.81,,,,"     ",5.30,36.40,10.57
1771,554676624,"01771M02:53:11.906","01771 02:40:57",202.50,896.82,,,,"     ",5.30,36.22,10.51
1771,554676625,"01771M02:53:12.880","01771 02:40:58",202.51,896.82,,,,"     ",5.30,36.26,10.52
1771,554676626,"01771M02:53:13.853","01771 02:40:59",202.52,896.80,,,,"     ",5.30,36.36,10.55
1771,554676627,"01771M02:53:14.826","01771 02:41:00",202.82,896.85,,,,"     ",5.30,36.26,10.53
1771,554676628,"01771M02:53:15.799","01771 02:41:01",202.82,896.80,,,,"     ",5.30,36.39,10.56
1771,554676629,"01771M02:53:16.773","01771 02:41:02",202.79,896.81,,,,"     ",5.30,36.42,10.57
1771,554676630,"01771M02:53:17.746","01771 02:41:02",202.74,896.82,,,,"     ",5.30,36.55,10.62
1771,554676631,"01771M02:53:18.719","01771 02:41:03",202.69,896.81,,,,"     ",5.30,36.37,10.56
1771,554676632,"01771M02:53:19.692","01771 02:41:04",202.65,896.82,,,,"     ",5.30,36.36,10.56
1771,554676633,"01771M02:53:20.666","01771 02:41:05",202.62,896.80,,,,"     ",5.30,36.10,10.48
1771,554676634,"01771M02:53:21.639","01771 02:41:06",202.61,896.86,,,,"     ",5.30,36.34,10.55
1771,554676635,"01771M02:53:22.612","01771 02:41:07",202.60,896.87,,,,"     ",5.30,36.35,10.56
1771,554676636,"01771M02:53:23.585","01771 02:41:08",202.60,896.84,,,,"     ",5.30,36.50,10.61
1771,554676637,"01771M02:53:24.559","01771 02:41:09",202.58,896.82,,,,"     ",5.30,36.52,10.61
1771,554676638,"01771M02:53:25.532","01771 02:41:10",202.54,896.76,,,,"     ",5.30,36.47,10.60
1771,554676639,"01771M02:53:26.505","01771 02:41:11",202.49,896.75,,,,"     ",5.30,36.45,10.59
1771,554676640,"01771M02:53:27.478","01771 02:41:12",202.44,896.83,,,,"     ",5.30,36.36,10.57
1771,554676641,"01771M02:53:28.452","01771 02:41:13",202.40,896.82,,,,"     ",5.30,36.47,10.60
1771,554676642,"01771M02:53:29.425","01771 02:41:14",202.37,896.72,,,,"     ",5.30,36.38,10.57
1771,554676643,"01771M02:53:30.398","01771 02:41:15",202.36,896.83,,,,"     ",5.30,36.48,10.61
1771,554676644,"01771M02:53:31.371","01771 02:41:16",202.37,896.87,,,,"     ",5.30,36.44,10.60
1771,554676645,"01771M02:53:32.345","01771 02:41:17",202.39,896.80,,,,"     ",5.30,36.40,10.59
1771,554676646,"01771M02:53:33.318","01771 02:41:18",202.41,896.85,,,,"     ",5.30,36.48,10.61
1771,554676647,"01771M02:53:34.291","01771 02:41:19",202.42,896.83,,,,"     ",5.30,36.47,10.61
1771,554676648,"01771M02:53:35.264","01771 02:41:20",202.43,896.80,,,,"     ",5.30,36.42,10.60
1771,554676649,"01771M02:53:36.238","01771 02:41:21",202.43,896.81,,,,"     ",5.30,36.54,10.63
1771,554676650,"01771M02:53:37.211","01771 02:41:22",202.42,896.83,,,,"     ",5.30,36.54,10.63
1771,554676651,"01771M02:53:38.184","01771 02:41:23",202.41,896.84,,,,"     ",5.30,36.48,10.62
1771,554676652,"01771M02:53:39.157","01771 02:41:24",202.39,896.92,,,,"     ",5.30,36.41,10.60
1771,554676653,"01771M02:53:40.131","01771 02:41:25",202.37,896.89,,,,"     ",5.30,36.38,10.59
1771,554676654,"01771M02:53:41.104","01771 02:41:26",202.34,896.77,,,,"     ",5.30,36.39,10.60
1771,554676655,"01771M02:53:42.077","01771 02:41:27",202.31,896.75,,,,"     ",5.30,36.44,10.61
1771,554676656,"01771M02:53:43.050","01771 02:41:28",202.27,896.75,,,,"     ",5.30,36.45,10.62
1771,554676657,"01771M02:53:44.024","01771 02:41:29",202.23,896.63,,,,"     ",5.30,36.39,10.60
1771,554676658,"01771M02:53:44.997","01771 02:41:30",202.18,896.73,,,,"     ",5.30,36.39,10.61
1771,554676659,"01771M02:53:45.970","01771 02:41:31",202.12,896.72,,,,"     ",5.30,36.47,10.63
1771,554676660,"01771M02:53:46.943","01771 02:41:32",202.07,896.71,,,,"     ",5.30,36.48,10.63
1771,554676661,"01771M02:53:47.917","01771 02:41:33",202.03,896.66,,,,"     ",5.30,36.29,10.58
1771,554676662,"01771M02:53:48.890","01771 02:41:34",202.00,896.71,,,,"     ",5.30,36.41,10.62
1771,554676663,"01771M02:53:49.863","01771 02:41:35",201.96,896.77,,,,"     ",5.30,36.45,10.63
1771,554676664,"01771M02:53:50.836","01771 02:41:36",201.91,896.72,,,,"     ",5.30,36.35,10.60
1771,554676665,"01771M02:53:51.810","01771 02:41:37",201.85,896.72,,,,"     ",5.30,36.35,10.61
1771,554676666,"01771M02:53:52.783","01771 02:41:38",201.77,896.79,,,,"     ",5.30,36.37,10.61
1771,554676667,"01771M02:53:53.756","01771 02:41:38",201.68,896.59,,,,"     ",5.30,36.52,10.66
1771,554676668,"01771M02:53:54.729","01771 02:41:39",201.59,896.63,,,,"     ",5.30,36.45,10.64
1771,554676669,"01771M02:53:55.703","01771 02:41:40",201.50,896.60,,,,"     ",5.30,36.34,10.61
1771,554676670,"01771M02:53:56.676","01771 02:41:41",201.43,896.77,,,,"     ",5.30,36.34,10.61
1771,554676671,"01771M02:53:57.649","01771 02:41:42",201.39,896.79,,,,"     ",5.30,36.40,10.63
1771,554676672,"01771M02:53:58.622","01771 02:41:43",201.35,896.77,,,,"     ",5.30,36.48,10.66
1771,554676673,"01771M02:53:59.596","01771 02:41:44",201.34,896.78,,,,"     ",5.30,36.33,10.61
1771,554676674,"01771M02:54:00.569","01771 02:41:45",201.36,896.77,,,,"     ",5.30,36.35,10.62
1771,554676675,"01771M02:54:01.542","01771 02:41:46",201.42,896.67,,,,"     ",5.30,36.32,10.60
1771,554676676,"01771M02:54:02.515","01771 02:41:47",201.51,896.77,,,,"     ",5.30,36.41,10.64
1771,554676677,"01771M02:54:03.489","01771 02:41:48",201.62,896.74,,,,"     ",5.30,36.37,10.63
1771,554676678,"01771M02:54:04.462","01771 02:41:49",201.71,896.74,,,,"     ",5.30,36.45,10.65
1771,554676679,"01771M02:54:05.435","01771 02:41:50",201.80,896.74,,,,"     ",5.30,36.41,10.64
1771,554676680,"01771M02:54:06.408","01771 02:41:51",201.86,896.71,,,,"     ",5.30,36.41,10.64
1771,554676681,"01771M02:54:07.382","01771 02:41:52",201.91,896.81,,,,"     ",5.30,36.39,10.63
1771,554676682,"01771M02:54:08.355","01771 02:41:53",201.95,896.72,,,,"     ",5.30,36.54,10.68
1771,554676683,"01771M02:54:09.328","01771 02:41:54",201.96,896.86,,,,"     ",5.30,36.52,10.67
1771,554676684,"01771M02:54:10.301","01771 02:41:55",201.96,896.84,,,,"     ",5.30,36.60,10.70
1771,554676685,"01771M02:54:11.275","01771 02:41:56",201.94,896.86,,,,"     ",5.30,36.60,10.70
1771,554676686,"01771M02:54:12.248","01771 02:41:57",201.90,896.77,,,,"     ",5.30,36.52,10.67
1771,554676687,"01771M02:54:13.221","01771 02:41:58",201.86,896.84,,,,"     ",5.30,36.42,10.64
1771,554676688,"01771M02:54:14.195","01771 02:41:59",201.81,896.77,,,,"     ",5.30,36.47,10.65
1771,554676689,"01771M02:54:15.168","01771 02:42:00",201.75,896.72,,,,"     ",5.30,36.61,10.70
1771,554676690,"01771M02:54:16.141","01771 02:42:01",201.69,896.72,,,,"     ",5.30,36.55,10.68
1771,554676691,"01771M02:54:17.114","01771 02:42:02",201.63,896.72,,,,"     ",5.30,36.61,10.70
1771,554676692,"01771M02:54:18.088","01771 02:42:03",201.59,896.70,,,,"     ",5.30,36.73,10.73
1771,554676693,"01771M02:54:19.061","01771 02:42:04",201.59,896.66,,,,"     ",5.30,36.67,10.71
1771,554676694,"01771M02:54:20.034","01771 02:42:05",201.60,896.68,,,,"     ",5.30,36.65,10.70
1771,554676695,"01771M02:54:21.007","01771 02:42:06",201.63,896.73,,,,"     ",5.30,36.66,10.71
1771,554676696,"01771M02:54:21.981","01771 02:42:07",201.67,896.70,,,,"     ",5.30,36.64,10.70
1771,554676697,"01771M02:54:22.954","01771 02:42:08",201.70,896.77,,,,"     ",5.30,36.62,10.70
1771,554676698,"01771M02:54:23.927","01771 02:42:09",201.72,896.75,,,,"     ",5.30,36.64,10.70
1771,554676699,"01771M02:54:24.900","01771 02:42:10",201.72,896.73,,,,"     ",5.30,36.71,10.72
1771,554676700,"01771M02:54:25.874","01771 02:42:11",201.72,896.66,,,,"     ",5.30,36.80,10.75
1771,554676701,"01771M02:54:26.847","01771 02:42:12",201.72,896.71,,,,"     ",5.30,36.63,10.70
1771,554676702,"01771M02:54:27.820","01771 02:42:13",201.74,896.73,,,,"     ",5.30,36.67,10.71
1771,554676703,"01771M02:54:28.793","01771 02:42:14",201.75,896.71,,,,"     ",5.30,36.82,10.75
1771,554676704,"01771M02:54:29.767","01771 02:42:15",201.76,896.70,,,,"     ",5.30,36.86,10.76
1771,554676705,"01771M02:54:30.740","01771 02:42:15",201.77,896.73,,,,"     ",5.30,36.62,10.69
1771,554676706,"01771M02:54:31.713","01771 02:42:16",201.76,896.77,,,,"     ",5.30,36.72,10.72
1771,554676707,"01771M02:54:32.686","01771 02:42:17",201.75,896.80,,,,"     ",5.30,36.82,10.75
1771,554676708,"01771M02:54:33.660","01771 02:42:18",201.74,896.83,,,,"     ",5.30,36.70,10.72
1771,554676709,"01771M02:54:34.633","01771 02:42:19",201.71,896.67,,,,"     ",5.30,36.77,10.74
1771,554676710,"01771M02:54:35.606","01771 02:42:20",201.67,896.71,,,,"     ",5.30,36.83,10.76
1771,554676711,"01771M02:54:36.579","01771 02:42:21",201.64,896.66,,,,"     ",5.30,36.65,10.70
1771,554676712,"01771M02:54:37.553","01771 02:42:22",201.61,896.71,,,,"     ",5.30,36.78,10.74
1771,554676713,"01771M02:54:38.526","01771 02:42:23",201.60,896.71,,,,"     ",5.30,36.83,10.75
1771,554676714,"01771M02:54:39.499","01771 02:42:24",201.59,896.72,,,,"     ",5.30,36.83,10.75
1771,554676715,"01771M02:54:40.472","01771 02:42:25",201.59,896.65,,,,"     ",5.30,36.85,10.76
1771,554676716,"01771M02:54:41.446","01771 02:42:26",201.62,896.72,,,,"     ",5.30,36.74,10.73
1771,554676717,"01771M02:54:42.419","01771 02:42:27",201.68,896.73,,,,"     ",5.30,36.79,10.74
1771,554676718,"01771M02:54:43.392","01771 02:42:28",201.76,896.79,,,,"     ",5.30,36.81,10.75
1771,554676719,"01771M02:54:44.365","01771 02:42:29",201.86,896.67,,,,"     ",5.30,36.89,10.77
1771,554676720,"01771M02:54:45.339","01771 02:42:30",201.95,896.70,,,,"     ",5.30,36.99,10.80
1771,554676721,"01771M02:54:46.312","01771 02:42:31",202.04,896.73,,,,"     ",5.30,36.84,10.76
1771,554676722,"01771M02:54:47.285","01771 02:42:32",202.12,896.74,,,,"     ",5.30,36.84,10.76
1771,554676723,"01771M02:54:48.258","01771 02:42:33",202.21,896.69,,,,"     ",5.30,36.81,10.75
1771,554676724,"01771M02:54:49.232","01771 02:42:34",202.28,896.67,,,,"     ",5.30,36.84,10.76
1771,554676725,"01771M02:54:50.205","01771 02:42:35",202.35,896.69,,,,"     ",5.30,36.82,10.75
1771,554676726,"01771M02:54:51.178","01771 02:42:36",202.40,896.63,,,,"     ",5.30,36.89,10.77
1771,554676727,"01771M02:54:52.151","01771 02:42:37",202.42,896.62,,,,"     ",5.30,36.94,10.79
1771,554676728,"01771M02:54:53.125","01771 02:42:38",202.42,896.67,,,,"     ",5.30,36.76,10.74
1771,554676729,"01771M02:54:54.098","01771 02:42:39",202.41,896.73,,,,"     ",5.30,36.86,10.77
1771,554676730,"01771M02:54:55.071","01771 02:42:40",202.40,896.70,,,,"     ",5.30,36.92,10.79
1771,554676731,"01771M02:54:56.044","01771 02:42:41",202.41,896.67,,,,"     ",5.30,36.79,10.75
1771,554676732,"01771M02:54:57.018","01771 02:42:42",202.45,896.69,,,,"     ",5.30,36.64,10.71
1771,554676733,"01771M02:54:57.991","01771 02:42:43",202.54,896.59,,,,"     ",5.30,36.88,10.78
1771,554676734,"01771M02:54:58.964","01771 02:42:44",202.64,896.64,,,,"     ",5.30,36.82,10.76
1771,554676735,"01771M02:54:59.937","01771 02:42:45",202.73,896.72,,,,"     ",5.30,36.88,10.78
1771,554676736,"01771M02:55:00.911","01771 02:42:46",202.51,896.64,,,,"     ",5.30,36.94,10.80
1771,554676737,"01771M02:55:01.884","01771 02:42:47",202.60,896.70,,,,"     ",5.30,36.81,10.76
1771,554676738,"01771M02:55:02.857","01771 02:42:48",202.67,896.65,,,,"     ",5.30,36.76,10.75
1771,554676739,"01771M02:55:03.830","01771 02:42:49",202.72,896.66,,,,"     ",5.30,36.71,10.73
1771,554676740,"01771M02:55:04.804","01771 02:42:50",202.75,896.50,,,,"     ",5.30,36.82,10.76
1771,554676741,"01771M02:55:05.777","01771 02:42:51",202.77,896.65,,,,"     ",5.30,36.76,10.75
1771,554676742,"01771M02:55:06.750","01771 02:42:52",202.78,896.64,,,,"     ",5.30,36.71,10.73
1771,554676743,"01771M02:55:07.723","01771 02:42:52",202.77,896.66,,,,"     ",5.30,36.75,10.75
1771,554676744,"01771M02:55:08.697","01771 02:42:53",202.76,896.70,,,,"     ",5.30,36.65,10.72
1771,554676745,"01771M02:55:09.670","01771 02:42:54",202.73,896.71,,,,"     ",5.30,36.76,10.75
1771,554676746,"01771M02:55:10.643","01771 02:42:55",202.70,896.68,,,,"     ",5.30,36.65,10.72
1771,554676747,"01771M02:55:11.616","01771 02:42:56",202.66,896.72,,,,"     ",5.30,36.69,10.73
1771,554676748,"01771M02:55:12.590","01771 02:42:57",202.61,896.74,,,,"     ",5.30,36.83,10.78
1771,554676749,"01771M02:55:13.563","01771 02:42:58",202.57,896.71,,,,"     ",5.30,36.64,10.72
1771,554676750,"01771M02:55:14.536","01771 02:42:59",202.52,896.76,,,,"     ",5.30,36.72,10.74
1771,554676751,"01771M02:55:15.509","01771 02:43:00",202.78,896.71,,,,"     ",5.30,36.69,10.73
1771,554676752,"01771M02:55:16.483","01771 02:43:01",202.75,896.69,,,,"     ",5.30,36.72,10.75
1771,554676753,"01771M02:55:17.456","01771 02:43:02",202.72,896.76,,,,"     ",5.30,36.68,10.74
1771,554676754,"01771M02:55:18.429","01771 02:43:03",202.69,896.75,,,,"     ",5.30,36.71,10.75
1771,554676755,"01771M02:55:19.402","01771 02:43:04",202.64,896.72,,,,"     ",5.30,36.72,10.75
1771,554676756,"01771M02:55:20.376","01771 02:43:05",202.58,896.74,,,,"     ",5.30,36.69,10.75
1771,554676757,"01771M02:55:21.349","01771 02:43:06",202.52,896.63,,,,"     ",5.30,36.54,10.70
1771,554676758,"01771M02:55:22.322","01771 02:43:07",202.49,896.68,,,,"     ",5.30,36.53,10.70
1771,554676759,"01771M02:55:23.296","01771 02:43:08",202.49,896.63,,,,"     ",5.30,36.60,10.72
1771,554676760,"01771M02:55:24.269","01771 02:43:09",202.52,896.59,,,,"     ",5.30,36.63,10.73
1771,554676761,"01771M02:55:25.242","01771 02:43:10",202.57,896.59,,,,"     ",5.30,36.45,10.67
1771,554676762,"01771M02:55:26.215","01771 02:43:11",202.62,896.56,,,,"     ",5.30,36.52,10.70
1771,554676763,"01771M02:55:27.189","01771 02:43:12",202.63,896.61,,,,"     ",5.30,36.62,10.73
1771,554676764,"01771M02:55:28.162","01771 02:43:13",202.62,896.66,,,,"     ",5.30,36.60,10.72
1771,554676765,"01771M02:55:29.135","01771 02:43:14",202.57,896.71,,,,"     ",5.30,36.57,10.72
1771,554676766,"01771M02:55:30.108","01771 02:43:15",202.49,896.76,,,,"     ",5.30,36.45,10.68
1771,554676767,"01771M02:55:31.082","01771 02:43:16",202.40,896.74,,,,"     ",5.30,36.75,10.77
1771,554676768,"01771M02:55:32.055","01771 02:43:17",202.31,896.67,,,,"     ",5.30,36.55,10.72
1771,554676769,"01771M02:55:33.028","01771 02:43:18",202.24,896.68,,,,"     ",5.30,36.54,10.71
1771,554676770,"01771M02:55:34.001","01771 02:43:19",202.21,896.59,,,,"     ",5.30,36.58,10.72
1771,554676771,"01771M02:55:34.975","01771 02:43:20",202.20,896.63,,,,"     ",5.30,36.46,10.69
1771,554676772,"01771M02:55:35.948","01771 02:43:21",202.22,896.62,,,,"     ",5.30,36.56,10.72
1771,554676773,"01771M02:55:36.921","01771 02:43:22",202.26,896.64,,,,"     ",5.30,36.57,10.72
1771,554676774,"01771M02:55:37.894","01771 02:43:23",202.32,896.67,,,,"     ",5.30,36.62,10.74
1771,554676775,"01771M02:55:38.868","01771 02:43:24",202.40,896.57,,,,"     ",5.30,36.62,10.74
1771,554676776,"01771M02:55:39.841","01771 02:43:25",202.46,896.55,,,,"     ",5.30,36.56,10.72
1771,554676777,"01771M02:55:40.814","01771 02:43:26",202.51,896.64,,,,"     ",5.30,36.72,10.77
1771,554676778,"01771M02:55:41.787","01771 02:43:27",202.54,896.62,,,,"     ",5.30,36.50,10.70
1771,554676779,"01771M02:55:42.761","01771 02:43:28",202.56,896.66,,,,"     ",5.30,36.52,10.71
1771,554676780,"01771M02:55:43.734","01771 02:43:28",202.58,896.54,,,,"     ",5.30,36.61,10.74
1771,554676781,"01771M02:55:44.707","01771 02:43:29",202.58,896.60,,,,"     ",5.30,36.49,10.70
1771,554676782,"01771M02:55:45.680","01771 02:43:30",202.55,896.56,,,,"     ",5.30,36.38,10.67
1771,554676783,"01771M02:55:46.654","01771 02:43:31",202.51,896.59,,,,"     ",5.30,36.51,10.71
1771,554676784,"01771M02:55:47.627","01771 02:43:32",202.46,896.59,,,,"     ",5.30,36.31,10.65
1771,554676785,"01771M02:55:48.600","01771 02:43:33",202.41,896.56,,,,"     ",5.30,36.40,10.68
1771,554676786,"01771M02:55:49.573","01771 02:43:34",202.36,896.58,,,,"     ",5.30,36.28,10.64
1771,554676787,"01771M02:55:50.547","01771 02:43:35",202.34,896.60,,,,"     ",5.30,36.30,10.65
1771,554676788,"01771M02:55:51.520","01771 02:43:36",202.31,896.64,,,,"     ",5.30,36.35,10.67
1771,554676789,"01771M02:55:52.493","01771 02:43:37",202.28,896.56,,,,"     ",5.30,36.25,10.64
1771,554676790,"01771M02:55:53.466","01771 02:43:38",202.25,896.62,,,,"     ",5.30,36.20,10.63
1771,554676791,"01771M02:55:54.440","01771 02:43:39",202.21,896.74,,,,"     ",5.30,36.31,10.66
1771,554676792,"01771M02:55:55.413","01771 02:43:40",202.18,896.71,,,,"     ",5.30,36.31,10.66
1771,554676793,"01771M02:55:56.386","01771 02:43:41",202.14,896.67,,,,"     ",5.30,36.24,10.65
1771,554676794,"01771M02:55:57.359","01771 02:43:42",202.10,896.65,,,,"     ",5.30,36.17,10.62
1771,554676795,"01771M02:55:58.333","01771 02:43:43",202.06,896.63,,,,"     ",5.30,36.17,10.63
1771,554676796,"01771M02:55:59.306","01771 02:43:44",202.01,896.63,,,,"     ",5.30,36.14,10.62
1771,554676797,"01771M02:56:00.279","01771 02:43:45",201.96,896.62,,,,"     ",5.30,36.20,10.64
1771,554676798,"01771M02:56:01.252","01771 02:43:46",201.91,896.64,,,,"     ",5.30,36.26,10.66
1771,554676799,"01771M02:56:02.226","01771 02:43:47",201.85,896.65,,,,"     ",5.30,36.20,10.65
1771,554676800,"01771M02:56:03.199","01771 02:43:48",201.80,896.64,,,,"     ",5.30,36.24,10.66
1771,554676801,"01771M02:56:04.172","01771 02:43:49",202.65,896.68,,,,"     ",5.30,36.25,10.66
1771,554676802,"01771M02:56:05.145","01771 02:43:50",202.69,896.69,,,,"     ",5.30,36.23,10.66
1771,554676803,"01771M02:56:06.119","01771 02:43:51",202.72,896.63,,,,"     ",5.30,36.03,10.60
1771,554676804,"01771M02:56:07.092","01771 02:43:52",202.75,896.68,,,,"     ",5.30,36.02,10.60
1771,554676805,"01771M02:56:08.065","01771 02:43:53",202.78,896.66,,,,"     ",5.30,36.02,10.60
1771,554676806,"01771M02:56:09.038","01771 02:43:54",203.01,896.67,,,,"     ",5.30,36.07,10.62
1771,554676807,"01771M02:56:10.012","01771 02:43:55",203.03,896.62,,,,"     ",5.30,36.10,10.62
1771,554676808,"01771M02:56:10.985","01771 02:43:56",203.05,896.65,,,,"     ",5.30,36.12,10.63
1771,554676809,"01771M02:56:11.958","01771 02:43:57",203.06,896.63,,,,"     ",5.30,36.05,10.61
1771,554676810,"01771M02:56:12.931","01771 02:43:58",203.07,896.72,,,,"     ",5.30,35.97,10.59
1771,554676811,"01771M02:56:13.905","01771 02:43:59",203.08,896.67,,,,"     ",5.30,36.14,10.64
1771,554676812,"01771M02:56:14.878","01771 02:44:00",203.09,896.67,,,,"     ",5.30,35.98,10.59
1771,554676813,"01771M02:56:15.851","01771 02:44:01",203.09,896.62,,,,"     ",5.30,36.08,10.62
1771,554676814,"01771M02:56:16.824","01771 02:44:02",202.88,896.68,,,,"     ",5.30,36.07,10.62
1771,554676815,"01771M02:56:17.798","01771 02:44:03",202.87,896.69,,,,"     ",5.30,36.00,10.60
1771,554676816,"01771M02:56:18.771","01771 02:44:04",202.88,896.66,,,,"     ",5.30,36.05,10.62
1771,554676817,"01771M02:56:19.744","01771 02:44:05",202.91,896.66,,,,"     ",5.30,36.02,10.61
1771,554676818,"01771M02:56:20.717","01771 02:44:05",202.94,896.56,,,,"     ",5.30,36.01,10.61
1771,554676819,"01771M02:56:21.691","01771 02:44:06",202.98,896.58,,,,"     ",5.30,35.95,10.59
1771,554676820,"01771M02:56:22.664","01771 02:44:07",203.02,896.69,,,,"     ",5.30,35.92,10.58
1771,554676821,"01771M02:56:23.637","01771 02:44:08",203.06,896.58,,,,"     ",5.30,35.91,10.58
1771,554676822,"01771M02:56:24.610","01771 02:44:09",203.09,896.59,,,,"     ",5.30,36.06,10.62
1771,554676823,"01771M02:56:25.584","01771 02:44:10",203.12,896.68,,,,"     ",5.30,36.01,10.61
1771,554676824,"01771M02:56:26.557","01771 02:44:11",203.16,896.64,,,,"     ",5.30,36.03,10.62
1771,554676825,"01771M02:56:27.530","01771 02:44:12",203.19,896.63,,,,"     ",5.30,36.11,10.65
1771,554676826,"01771M02:56:28.503","01771 02:44:13",203.21,896.58,,,,"     ",5.30,36.08,10.64
1771,554676827,"01771M02:56:29.477","01771 02:44:14",203.23,896.63,,,,"     ",5.30,36.02,10.62
1771,554676828,"01771M02:56:30.450","01771 02:44:15",203.22,896.72,,,,"     ",5.30,35.97,10.61
1771,554676829,"01771M02:56:31.423","01771 02:44:16",203.20,896.65,,,,"     ",5.30,36.09,10.65
1771,554676830,"01771M02:56:32.397","01771 02:44:17",203.16,896.62,,,,"     ",5.30,36.06,10.64
1771,554676831,"01771M02:56:33.370","01771 02:44:18",203.11,896.65,,,,"     ",5.30,35.98,10.62
1771,554676832,"01771M02:56:34.343","01771 02:44:19",203.06,896.70,,,,"     ",5.30,36.08,10.65
1771,554676833,"01771M02:56:35.316","01771 02:44:20",203.02,896.64,,,,"     ",5.30,35.82,10.57
1771,554676834,"01771M02:56:36.290","01771 02:44:21",202.97,896.66,,,,"     ",5.30,36.12,10.66
1771,554676835,"01771M02:56:37.263","01771 02:44:22",202.93,896.66,,,,"     ",5.30,36.01,10.63
1771,554676836,"01771M02:56:38.236","01771 02:44:23",202.87,896.68,,,,"     ",5.30,35.97,10.62
1771,554676837,"01771M02:56:39.209","01771 02:44:24",202.79,896.66,,,,"     ",5.30,36.11,10.66
1771,554676838,"01771M02:56:40.183","01771 02:44:25",202.71,896.73,,,,"     ",5.30,35.88,10.60
1771,554676839,"01771M02:56:41.156","01771 02:44:26",202.64,896.62,,,,"     ",5.30,36.03,10.64
1771,554676840,"01771M02:56:42.129","01771 02:44:27",202.87,896.59,,,,"     ",5.30,36.06,10.65
1771,554676841,"01771M02:56:43.102","01771 02:44:28",202.82,896.71,,,,"     ",5.30,36.08,10.66
1771,554676842,"01771M02:56:44.076","01771 02:44:29",202.78,896.64,,,,"     ",5.30,36.03,10.64
1771,554676843,"01771M02:56:45.049","01771 02:44:30",202.74,896.70,,,,"     ",5.30,36.06,10.66
1771,554676844,"01771M02:56:46.022","01771 02:44:31",202.70,896.65,,,,"     ",5.30,36.04,10.65
1771,554676845,"01771M02:56:46.995","01771 02:44:32",202.68,896.57,,,,"     ",5.30,35.97,10.62
1771,554676846,"01771M02:56:47.969","01771 02:44:33",202.66,896.62,,,,"     ",5.30,35.94,10.62
1771,554676847,"01771M02:56:48.942","01771 02:44:34",202.65,896.57,,,,"     ",5.30,36.12,10.68
1771,554676848,"01771M02:56:49.915","01771 02:44:35",202.64,896.53,,,,"     ",5.30,35.96,10.63
1771,554676849,"01771M02:56:50.888","01771 02:44:36",202.65,896.58,,,,"     ",5.30,36.05,10.66
1771,554676850,"01771M02:56:51.862","01771 02:44:37",202.67,896.61,,,,"     ",5.30,36.12,10.68
1771,554676851,"01771M02:56:52.835","01771 02:44:38",202.71,896.63,,,,"     ",5.30,35.95,10.63
1771,554676852,"01771M02:56:53.808","01771 02:44:39",202.75,896.73,,,,"     ",5.30,36.01,10.65
1771,554676853,"01771M02:56:54.781","01771 02:44:40",202.79,896.59,,,,"     ",5.30,36.04,10.66
1771,554676854,"01771M02:56:55.755","01771 02:44:41",202.83,896.72,,,,"     ",5.30,35.93,10.63
1771,554676855,"01771M02:56:56.728","01771 02:44:42",202.87,896.58,,,,"     ",5.30,36.15,10.70
1771,554676856,"01771M02:56:57.701","01771 02:44:42",202.88,896.71,,,,"     ",5.30,36.06,10.67
1771,554676857,"01771M02:56:58.674","01771 02:44:43",202.89,896.54,,,,"     ",5.30,36.09,10.68
1771,554676858,"01771M02:56:59.648","01771 02:44:44",202.89,896.59,,,,"     ",5.30,36.03,10.66
1771,554676859,"01771M02:57:00.621","01771 02:44:45",202.87,896.69,,,,"     ",5.30,36.01,10.66
1771,554676860,"01771M02:57:01.594","01771 02:44:46",202.83,896.58,,,,"     ",5.30,36.09,10.68
1771,554676861,"01771M02:57:02.567","01771 02:44:47",202.77,896.65,,,,"     ",5.30,36.07,10.68
1771,554676862,"01771M02:57:03.541","01771 02:44:48",202.71,896.66,,,,"     ",5.30,35.97,10.65
1771,554676863,"01771M02:57:04.514","01771 02:44:49",202.66,896.64,,,,"     ",5.30,35.91,10.63
1771,554676864,"01771M02:57:05.487","01771 02:44:50",202.61,896.61,,,,"     ",5.30,36.04,10.67
1771,554676865,"01771M02:57:06.460","01771 02:44:51",202.59,896.66,,,,"     ",5.30,35.91,10.64
1771,554676866,"01771M02:57:07.434","01771 02:44:52",202.58,896.76,,,,"     ",5.30,36.04,10.68
1771,554676867,"01771M02:57:08.407","01771 02:44:53",202.57,896.67,,,,"     ",5.30,36.08,10.69
1771,554676868,"01771M02:57:09.380","01771 02:44:54",202.57,896.68,,,,"     ",5.30,36.08,10.69
1771,554676869,"01771M02:57:10.353","01771 02:44:55",202.56,896.77,,,,"     ",5.30,35.96,10.66
1771,554676870,"01771M02:57:11.327","01771 02:44:56",202.55,896.75,,,,"     ",5.30,35.99,10.67
1771,554676871,"01771M02:57:12.300","01771 02:44:57",202.53,896.70,,,,"     ",5.30,36.01,10.67
1771,554676872,"01771M02:57:13.273","01771 02:44:58",202.50,896.66,,,,"     ",5.30,36.07,10.69
1771,554676873,"01771M02:57:14.246","01771 02:44:59",202.48,896.69,,,,"     ",5.30,36.07,10.69
1771,554676874,"01771M02:57:15.220","01771 02:45:00",202.45,896.71,,,,"     ",5.30,35.97,10.66
1771,554676875,"01771M02:57:16.193","01771 02:45:01",202.42,896.75,,,,"     ",5.30,35.96,10.66
1771,554676876,"01771M02:57:17.166","01771 02:45:02",202.38,896.70,,,,"     ",5.30,35.92,10.65
1771,554676877,"01771M02:57:18.139","01771 02:45:03",202.32,896.70,,,,"     ",5.30,35.90,10.65
1771,554676878,"01771M02:57:19.113","01771 02:45:04",202.25,896.72,,,,"     ",5.30,35.85,10.63
1771,554676879,"01771M02:57:20.086","01771 02:45:05",202.18,896.72,,,,"     ",5.30,36.01,10.68
1771,554676880,"01771M02:57:21.059","01771 02:45:06",202.15,896.65,,,,"     ",5.30,35.86,10.64
1771,554676881,"01771M02:57:22.032","01771 02:45:07",202.14,896.60,,,,"     ",5.30,35.79,10.62
1771,554676882,"01771M02:57:23.006","01771 02:45:08",202.18,896.68,,,,"     ",5.30,36.01,10.69
1771,554676883,"01771M02:57:23.979","01771 02:45:09",202.24,896.69,,,,"     ",5.30,35.89,10.65
1771,554676884,"01771M02:57:24.952","01771 02:45:10",202.34,896.79,,,,"     ",5.30,35.92,10.67
1771,554676885,"01771M02:57:25.925","01771 02:45:11",202.44,896.76,,,,"     ",5.30,35.88,10.65
1771,554676886,"01771M02:57:26.899","01771 02:45:12",202.56,896.71,,,,"     ",5.30,35.77,10.62
1771,554676887,"01771M02:57:27.872","01771 02:45:13",202.65,896.71,,,,"     ",5.30,35.86,10.65
1771,554676888,"01771M02:57:28.845","01771 02:45:14",202.71,896.67,,,,"     ",5.30,35.85,10.65
1771,554676889,"01771M02:57:29.818","01771 02:45:15",202.72,896.68,,,,"     ",5.30,35.84,10.65
1771,554676890,"01771M02:57:30.792","01771 02:45:16",202.71,896.64,,,,"     ",5.30,35.91,10.67
1771,554676891,"01771M02:57:31.765","01771 02:45:17",202.68,896.66,,,,"     ",5.30,35.88,10.66
1771,554676892,"01771M02:57:32.738","01771 02:45:18",202.65,896.67,,,,"     ",5.30,35.85,10.66
1771,554676893,"01771M02:57:33.711","01771 02:45:19",202.60,896.71,,,,"     ",5.30,35.96,10.69
1771,554676894,"01771M02:57:34.685","01771 02:45:19",202.52,896.71,,,,"     ",5.30,35.67,10.60
1771,554676895,"01771M02:57:35.658","01771 02:45:20",202.43,896.66,,,,"     ",5.30,35.76,10.63
1771,554676896,"01771M02:57:36.631","01771 02:45:21",202.33,896.73,,,,"     ",5.30,35.93,10.69
1771,554676897,"01771M02:57:37.604","01771 02:45:22",202.24,896.70,,,,"     ",5.30,35.90,10.68
1771,554676898,"01771M02:57:38.578","01771 02:45:23",202.14,896.76,,,,"     ",5.30,35.71,10.62
1771,554676899,"01771M02:57:39.551","01771 02:45:24",202.06,896.84,,,,"     ",5.30,35.78,10.65
1771,554676900,"01771M02:57:40.524","01771 02:45:25",202.00,896.76,,,,"     ",5.30,35.78,10.65
1771,554676901,"01771M02:57:41.498","01771 02:45:26",201.98,896.74,,,,"     ",5.30,35.61,10.60
1771,554676902,"01771M02:57:42.471","01771 02:45:27",201.99,896.75,,,,"     ",5.30,35.72,10.63
1771,554676903,"01771M02:57:43.444","01771 02:45:28",202.02,896.75,,,,"     ",5.30,35.84,10.67
1771,554676904,"01771M02:57:44.417","01771 02:45:29",202.06,896.77,,,,"     ",5.30,35.78,10.66
1771,554676905,"01771M02:57:45.391","01771 02:45:30",202.09,896.77,,,,"     ",5.30,35.74,10.65
1771,554676906,"01771M02:57:46.364","01771 02:45:31",202.12,896.73,,,,"     ",5.30,35.71,10.64
1771,554676907,"01771M02:57:47.337","01771 02:45:32",202.14,896.72,,,,"     ",5.30,35.69,10.63
1771,554676908,"01771M02:57:48.310","01771 02:45:33",202.15,896.73,,,,"     ",5.30,35.55,10.59
1771,554676909,"01771M02:57:49.284","01771 02:45:34",202.15,896.80,,,,"     ",5.30,35.58,10.61
1771,554676910,"01771M02:57:50.257","01771 02:45:35",202.15,896.82,,,,"     ",5.30,35.63,10.62
1771,554676911,"01771M02:57:51.230","01771 02:45:36",202.17,896.82,,,,"     ",5.30,35.61,10.62
1771,554676912,"01771M02:57:52.203","01771 02:45:37",202.20,896.82,,,,"     ",5.30,35.57,10.61
1771,554676913,"01771M02:57:53.177","01771 02:45:38",202.23,896.82,,,,"     ",5.30,35.49,10.59
1771,554676914,"01771M02:57:54.150","01771 02:45:39",202.25,896.76,,,,"     ",5.30,35.61,10.62
1771,554676915,"01771M02:57:55.123","01771 02:45:40",202.26,896.80,,,,"     ",5.30,35.59,10.62
1771,554676916,"01771M02:57:56.096","01771 02:45:41",202.28,896.78,,,,"     ",5.30,35.54,10.61
1771,554676917,"01771M02:57:57.070","01771 02:45:42",202.28,896.83,,,,"     ",5.30,35.62,10.63
1771,554676918,"01771M02:57:58.043","01771 02:45:43",202.29,896.75,,,,"     ",5.30,35.51,10.60
1771,554676919,"01771M02:57:59.016","01771 02:45:44",202.30,896.70,,,,"     ",5.30,35.55,10.62
1771,554676920,"01771M02:57:59.989","01771 02:45:45",202.32,896.78,,,,"     ",5.30,35.46,10.59
1771,554676921,"01771M02:58:00.963","01771 02:45:46",202.33,896.77,,,,"     ",5.30,35.45,10.59
1771,554676922,"01771M02:58:01.936","01771 02:45:47",202.34,896.75,,,,"     ",5.30,35.39,10.58
1771,554676923,"01771M02:58:02.909","01771 02:45:48",202.33,896.68,,,,"     ",5.30,35.31,10.55
1771,554676924,"01771M02:58:03.882","01771 02:45:49",202.29,896.73,,,,"     ",5.30,35.28,10.55
1771,554676925,"01771M02:58:04.856","01771 02:45:50",202.23,896.66,,,,"     ",5.30,35.34,10.57
1771,554676926,"01771M02:58:05.829","01771 02:45:51",202.17,896.72,,,,"     ",5.30,35.28,10.55
1771,554676927,"01771M02:58:06.802","01771 02:45:52",202.12,896.78,,,,"     ",5.30,35.41,10.60
1771,554676928,"01771M02:58:07.775","01771 02:45:53",202.08,896.74,,,,"     ",5.30,35.37,10.58
1771,554676929,"01771M02:58:08.749","01771 02:45:54",202.06,896.75,,,,"     ",5.30,35.36,10.59
1771,554676930,"01771M02:58:09.722","01771 02:45:55",202.06,896.74,,,,"     ",5.30,35.24,10.55
1771,554676931,"01771M02:58:10.695","01771 02:45:55",202.07,896.81,,,,"     ",5.30,35.29,10.57
1771,554676932,"01771M02:58:11.668","01771 02:45:56",202.09,896.71,,,,"     ",5.30,35.16,10.53
1771,554676933,"01771M02:58:12.642","01771 02:45:57",202.13,896.80,,,,"     ",5.30,35.20,10.55
1771,554676934,"01771M02:58:13.615","01771 02:45:58",202.18,896.79,,,,"     ",5.30,35.18,10.54
1771,554676935,"01771M02:58:14.588","01771 02:45:59",202.24,896.77,,,,"     ",5.30,35.24,10.56
1771,554676936,"01771M02:58:15.561","01771 02:46:00",202.30,896.73,,,,"     ",5.30,35.33,10.59
1771,554676937,"01771M02:58:16.535","01771 02:46:01",202.32,896.80,,,,"     ",5.30,35.27,10.57
1771,554676938,"01771M02:58:17.508","01771 02:46:02",201.88,896.80,,,,"     ",5.30,35.14,10.54
1771,554676939,"01771M02:58:18.481","01771 02:46:03",201.85,896.76,,,,"     ",5.30,35.34,10.60
1771,554676940,"01771M02:58:19.454","01771 02:46:04",201.82,896.69,,,,"     ",5.30,35.07,10.52
1771,554676941,"01771M02:58:20.428","01771 02:46:05",201.79,896.68,,,,"     ",5.30,35.13,10.54
1771,554676942,"01771M02:58:21.401","01771 02:46:06",201.75,896.72,,,,"     ",5.30,35.22,10.57
1771,554676943,"01771M02:58:22.374","01771 02:46:07",201.71,896.67,,,,"     ",5.30,35.16,10.56
1771,554676944,"01771M02:58:23.347","01771 02:46:08",201.67,896.75,,,,"     ",5.30,35.22,10.57
1771,554676945,"01771M02:58:24.321","01771 02:46:09",201.64,896.86,,,,"     ",5.30,35.21,10.57
1771,554676946,"01771M02:58:25.294","01771 02:46:10",201.62,896.81,,,,"     ",5.30,35.17,10.56
1771,554676947,"01771M02:58:26.267","01771 02:46:11",201.61,896.73,,,,"     ",5.30,35.15,10.55
1771,554676948,"01771M02:58:27.240","01771 02:46:12",201.61,896.72,,,,"     ",5.30,35.18,10.57
1771,554676949,"01771M02:58:28.214","01771 02:46:13",201.61,896.71,,,,"     ",5.30,35.25,10.59
1771,554676950,"01771M02:58:29.187","01771 02:46:14",201.61,896.76,,,,"     ",5.30,35.17,10.57
1771,554676951,"01771M02:58:30.160","01771 02:46:15",201.62,896.70,,,,"     ",5.30,35.29,10.61
1771,554676952,"01771M02:58:31.133","01771 02:46:16",201.63,896.75,,,,"     ",5.30,35.22,10.59
1771,554676953,"01771M02:58:32.107","01771 02:46:17",201.64,896.74,,,,"     ",5.30,35.09,10.55
1771,554676954,"01771M02:58:33.080","01771 02:46:18",201.65,896.73,,,,"     ",5.30,35.14,10.57
1771,554676955,"01771M02:58:34.053","01771 02:46:19",201.65,896.79,,,,"     ",5.30,35.19,10.58
1771,554676956,"01771M02:58:35.026","01771 02:46:20",201.63,896.82,,,,"     ",5.30,35.19,10.58
1771,554676957,"01771M02:58:36.000","01771 02:46:21",201.62,896.82,,,,"     ",5.30,35.18,10.59
1771,554676958,"01771M02:58:36.973","01771 02:46:22",201.60,896.80,,,,"     ",5.30,35.16,10.57
1771,554676959,"01771M02:58:37.946","01771 02:46:23",201.58,896.84,,,,"     ",5.30,35.25,10.61
1771,554676960,"01771M02:58:38.919","01771 02:46:24",201.56,896.81,,,,"     ",5.30,35.31,10.63
1771,554676961,"01771M02:58:39.893","01771 02:46:25",201.54,896.69,,,,"     ",5.30,35.18,10.59
1771,554676962,"01771M02:58:40.866","01771 02:46:26",201.52,896.77,,,,"     ",5.30,35.22,10.60
1771,554676963,"01771M02:58:41.839","01771 02:46:27",201.50,896.80,,,,"     ",5.30,35.22,10.60
1771,554676964,"01771M02:58:42.812","01771 02:46:28",201.49,896.75,,,,"     ",5.30,35.11,10.57
1771,554676965,"01771M02:58:43.786","01771 02:46:29",201.47,896.80,,,,"     ",5.30,35.12,10.58
1771,554676966,"01771M02:58:44.759","01771 02:46:30",201.47,896.76,,,,"     ",5.30,35.16,10.59
1771,554676967,"01771M02:58:45.732","01771 02:46:31",201.46,896.77,,,,"     ",5.30,35.21,10.61
1771,554676968,"01771M02:58:46.705","01771 02:46:32",201.47,896.78,,,,"     ",5.30,35.13,10.58
1771,554676969,"01771M02:58:47.679","01771 02:46:32",201.49,896.82,,,,"     ",5.30,35.26,10.62
1771,554676970,"01771M02:58:48.652","01771 02:46:33",201.51,896.78,,,,"     ",5.30,35.26,10.63
1771,554676971,"01771M02:58:49.625","01771 02:46:34",201.52,896.69,,,,"     ",5.30,35.16,10.60
1771,554676972,"01771M02:58:50.599","01771 02:46:35",201.52,896.64,,,,"     ",5.30,35.06,10.57
1771,554676973,"01771M02:58:51.572","01771 02:46:36",201.51,896.69,,,,"     ",5.30,35.12,10.59
1771,554676974,"01771M02:58:52.545","01771 02:46:37",201.50,896.69,,,,"     ",5.30,35.13,10.59
1771,554676975,"01771M02:58:53.518","01771 02:46:38",201.48,896.77,,,,"     ",5.30,35.13,10.59
1771,554676976,"01771M02:58:54.492","01771 02:46:39",202.01,896.78,,,,"     ",5.30,35.11,10.59
1771,554676977,"01771M02:58:55.465","01771 02:46:40",202.01,896.71,,,,"     ",5.30,35.09,10.59
1771,554676978,"01771M02:58:56.438","01771 02:46:41",202.01,896.67,,,,"     ",5.30,35.09,10.58
1771,554676979,"01771M02:58:57.411","01771 02:46:42",202.02,896.72,,,,"     ",5.30,35.24,10.64
1771,554676980,"01771M02:58:58.385","01771 02:46:43",202.02,896.77,,,,"     ",5.30,35.11,10.59
1771,554676981,"01771M02:58:59.358","01771 02:46:44",202.02,896.70,,,,"     ",5.30,35.18,10.62
1771,554676982,"01771M02:59:00.331","01771 02:46:45",201.46,896.73,,,,"     ",5.30,35.10,10.60
1771,554676983,"01771M02:59:01.304","01771 02:46:46",201.47,896.72,,,,"     ",5.30,35.11,10.60
1771,554676984,"01771M02:59:02.278","01771 02:46:47",201.48,896.72,,,,"     ",5.30,35.16,10.62
1771,554676985,"01771M02:59:03.251","01771 02:46:48",201.48,896.77,,,,"     ",5.30,35.14,10.62
1771,554676986,"01771M02:59:04.224","01771 02:46:49",201.49,896.70,,,,"     ",5.30,35.02,10.58
1771,554676987,"01771M02:59:05.197","01771 02:46:50",201.50,896.86,,,,"     ",5.30,35.26,10.66
1771,554676988,"01771M02:59:06.171","01771 02:46:51",201.51,896.75,,,,"     ",5.30,35.26,10.66
1771,554676989,"01771M02:59:07.144","01771 02:46:52",201.52,896.61,,,,"     ",5.30,35.05,10.59
1771,554676990,"01771M02:59:08.117","01771 02:46:53",201.53,896.55,,,,"     ",5.30,35.09,10.61
1771,554676991,"01771M02:59:09.090","01771 02:46:54",201.52,896.67,,,,"     ",5.30,35.07,10.60
1771,554676992,"01771M02:59:10.064","01771 02:46:55",201.51,896.65,,,,"     ",5.30,35.16,10.63
1771,554676993,"01771M02:59:11.037","01771 02:46:56",201.48,896.69,,,,"     ",5.30,35.15,10.64
1771,554676994,"01771M02:59:12.010","01771 02:46:57",201.45,896.71,,,,"     ",5.30,35.02,10.59
1771,554676995,"01771M02:59:12.983","01771 02:46:58",201.42,896.61,,,,"     ",5.30,35.05,10.60
1771,554676996,"01771M02:59:13.957","01771 02:46:59",201.39,896.62,,,,"     ",5.30,34.97,10.58
1771,554676997,"01771M02:59:14.930","01771 02:47:00",201.37,896.63,,,,"     ",5.30,35.05,10.60
1771,554676998,"01771M02:59:15.903","01771 02:47:01",201.35,896.59,,,,"     ",5.30,34.99,10.59
1771,554676999,"01771M02:59:16.876","01771 02:47:02",201.35,896.62,,,,"     ",5.30,34.89,10.56
1771,554677000,"01771M02:59:17.850","01771 02:47:03",201.37,896.53,,,,"     ",5.30,34.92,10.57
1771,554677001,"01771M02:59:18.823","01771 02:47:04",201.41,896.56,,,,"     ",5.30,34.96,10.59
1771,554677002,"01771M02:59:19.796","01771 02:47:05",201.47,896.64,,,,"     ",5.30,34.87,10.56
1771,554677003,"01771M02:59:20.769","01771 02:47:06",201.54,896.55,,,,"     ",5.30,35.04,10.61
1771,554677004,"01771M02:59:21.743","01771 02:47:07",201.62,896.50,,,,"     ",5.30,35.00,10.60
1771,554677005,"01771M02:59:22.716","01771 02:47:08",201.71,896.49,,,,"     ",5.30,34.92,10.58
1771,554677006,"01771M02:59:23.689","01771 02:47:09",201.81,896.56,,,,"     ",5.30,34.91,10.58
1771,554677007,"01771M02:59:24.662","01771 02:47:09",201.89,896.47,,,,"     ",5.30,34.82,10.55
1771,554677008,"01771M02:59:25.636","01771 02:47:10",201.95,896.51,,,,"     ",5.30,34.93,10.59
1771,554677009,"01771M02:59:26.609","01771 02:47:11",201.98,896.50,,,,"     ",5.30,34.91,10.58
1771,554677010,"01771M02:59:27.582","01771 02:47:12",201.99,896.45,,,,"     ",5.30,34.82,10.56
1771,554677011,"01771M02:59:28.555","01771 02:47:13",201.97,896.47,,,,"     ",5.30,34.73,10.53
1771,554677012,"01771M02:59:29.529","01771 02:47:14",201.93,896.41,,,,"     ",5.30,34.80,10.55
1771,554677013,"01771M02:59:30.502","01771 02:47:15",201.89,896.64,,,,"     ",5.30,34.76,10.54
1771,554677014,"01771M02:59:31.475","01771 02:47:16",201.84,896.53,,,,"     ",5.30,34.92,10.59
1771,554677015,"01771M02:59:32.448","01771 02:47:17",201.79,896.58,,,,"     ",5.30,34.89,10.58
1771,554677016,"01771M02:59:33.422","01771 02:47:18",201.75,896.57,,,,"     ",5.30,34.84,10.57
1771,554677017,"01771M02:59:34.395","01771 02:47:19",201.71,896.61,,,,"     ",5.30,34.78,10.55
1771,554677018,"01771M02:59:35.368","01771 02:47:20",201.66,896.63,,,,"     ",5.30,34.75,10.54
1771,554677019,"01771M02:59:36.341","01771 02:47:21",201.62,896.64,,,,"     ",5.30,34.74,10.55
1771,554677020,"01771M02:59:37.315","01771 02:47:22",201.58,896.65,,,,"     ",5.30,34.74,10.54
1771,554677021,"01771M02:59:38.288","01771 02:47:23",201.55,896.81,,,,"     ",5.30,34.72,10.54
1771,554677022,"01771M02:59:39.261","01771 02:47:24",201.53,896.65,,,,"     ",5.30,34.74,10.55
1771,554677023,"01771M02:59:40.234","01771 02:47:25",201.51,896.66,,,,"     ",5.30,34.83,10.58
1771,554677024,"01771M02:59:41.208","01771 02:47:26",201.98,896.65,,,,"     ",5.30,34.90,10.60
1771,554677025,"01771M02:59:42.181","01771 02:47:27",201.95,896.69,,,,"     ",5.30,34.84,10.58
1771,554677026,"01771M02:59:43.154","01771 02:47:28",201.93,896.54,,,,"     ",5.30,34.76,10.55
1771,554677027,"01771M02:59:44.127","01771 02:47:29",201.90,896.61,,,,"     ",5.30,34.74,10.55
1771,554677028,"01771M02:59:45.101","01771 02:47:30",201.88,896.60,,,,"     ",5.30,34.65,10.53
1771,554677029,"01771M02:59:46.074","01771 02:47:31",201.89,896.64,,,,"     ",5.30,34.65,10.53
1771,554677030,"01771M02:59:47.047","01771 02:47:32",201.92,896.62,,,,"     ",5.30,34.70,10.55
1771,554677031,"01771M02:59:48.020","01771 02:47:33",201.95,896.64,,,,"     ",5.30,34.61,10.52
1771,554677032,"01771M02:59:48.994","01771 02:47:34",201.49,896.64,,,,"     ",5.30,34.70,10.55
1771,554677033,"01771M02:59:49.967","01771 02:47:35",201.55,896.63,,,,"     ",5.30,34.67,10.55
1771,554677034,"01771M02:59:50.940","01771 02:47:36",201.59,896.63,,,,"     ",5.30,34.73,10.56
1771,554677035,"01771M02:59:51.913","01771 02:47:37",201.62,896.68,,,,"     ",5.30,34.63,10.54
1771,554677036,"01771M02:59:52.887","01771 02:47:38",201.64,896.67,,,,"     ",5.30,34.47,10.48
1771,554677037,"01771M02:59:53.860","01771 02:47:39",201.66,896.69,,,,"     ",5.30,34.55,10.51
1771,554677038,"01771M02:59:54.833","01771 02:47:40",201.67,896.64,,,,"     ",5.30,34.56,10.52
1771,554677039,"01771M02:59:55.806","01771 02:47:41",201.67,896.60,,,,"     ",5.30,34.56,10.52
1771,554677040,"01771M02:59:56.780","01771 02:47:42",201.66,896.67,,,,"     ",5.30,34.57,10.52
1771,554677041,"01771M02:59:57.753","01771 02:47:43",201.64,896.68,,,,"     ",5.30,34.46,10.49
1771,554677042,"01771M02:59:58.726","01771 02:47:44",201.60,896.61,,,,"     ",5.30,34.50,10.50
1771,554677043,"01771M02:59:59.699","01771 02:47:45",201.56,896.66,,,,"     ",5.30,34.56,10.53
1771,554677044,"01771M03:00:00.673","01771 02:47:45",201.52,896.68,,,,"     ",5.30,34.47,10.50
1771,554677045,"01771M03:00:01.646","01771 02:47:46",201.48,896.70,,,,"     ",5.30,34.44,10.49
1771,554677046,"01771M03:00:02.619","01771 02:47:47",201.96,896.60,,,,"     ",5.30,34.51,10.51
1771,554677047,"01771M03:00:03.593","01771 02:47:48",201.95,896.62,,,,"     ",5.30,34.58,10.54
1771,554677048,"01771M03:00:04.566","01771 02:47:49",201.48,896.73,,,,"     ",5.30,34.65,10.56
1771,554677049,"01771M03:00:05.539","01771 02:47:50",201.50,896.71,,,,"     ",5.30,34.46,10.50
1771,554677050,"01771M03:00:06.512","01771 02:47:51",201.49,896.67,,,,"     ",5.30,34.52,10.52
1771,554677051,"01771M03:00:07.486","01771 02:47:52",201.48,896.71,,,,"     ",5.30,34.53,10.52
1771,554677052,"01771M03:00:08.459","01771 02:47:53",201.45,896.73,,,,"     ",5.30,34.54,10.53
1771,554677053,"01771M03:00:09.432","01771 02:47:54",201.44,896.59,,,,"     ",5.30,34.41,10.49
1771,554677054,"01771M03:00:10.405","01771 02:47:55",201.42,896.70,,,,"     ",5.30,34.45,10.51
1771,554677055,"01771M03:00:11.379","01771 02:47:56",201.91,896.77,,,,"     ",5.30,34.47,10.51
1771,554677056,"01771M03:00:12.352","01771 02:47:57",201.90,896.69,,,,"     ",5.30,34.53,10.53
1771,554677057,"01771M03:00:13.325","01771 02:47:58",201.88,896.74,,,,"     ",5.30,34.50,10.52
1771,554677058,"01771M03:00:14.298","01771 02:47:59",201.84,896.75,,,,"     ",5.30,34.42,10.50
1771,554677059,"01771M03:00:15.272","01771 02:48:00",201.77,896.68,,,,"     ",5.30,34.51,10.52
1771,554677060,"01771M03:00:16.245","01771 02:48:01",201.70,896.77,,,,"     ",5.30,34.48,10.52
1771,554677061,"01771M03:00:17.218","01771 02:48:02",201.63,896.63,,,,"     ",5.30,34.68,10.58
1771,554677062,"01771M03:00:18.191","01771 02:48:03",201.59,896.62,,,,"     ",5.30,34.55,10.53
1771,554677063,"01771M03:00:19.165","01771 02:48:04",201.60,896.65,,,,"     ",5.30,34.52,10.53
1771,554677064,"01771M03:00:20.138","01771 02:48:05",201.63,896.60,,,,"     ",5.30,34.70,10.58
1771,554677065,"01771M03:00:21.111","01771 02:48:06",201.66,896.74,,,,"     ",5.30,34.63,10.57
1771,554677066,"01771M03:00:22.084","01771 02:48:07",201.67,896.62,,,,"     ",5.30,34.67,10.57
1771,554677067,"01771M03:00:23.058","01771 02:48:08",201.07,896.72,,,,"     ",5.30,34.43,10.50
1771,554677068,"01771M03:00:24.031","01771 02:48:09",201.10,896.62,,,,"     ",5.30,34.61,10.55
1771,554677069,"01771M03:00:25.004","01771 02:48:10",201.12,896.66,,,,"     ",5.30,34.66,10.57
1771,554677070,"01771M03:00:25.977","01771 02:48:11",201.15,896.62,,,,"     ",5.30,34.65,10.57
1771,554677071,"01771M03:00:26.951","01771 02:48:12",201.18,896.71,,,,"     ",5.30,34.76,10.60
1771,554677072,"01771M03:00:27.924","01771 02:48:13",201.22,896.61,,,,"     ",5.30,34.69,10.58
1771,554677073,"01771M03:00:28.897","01771 02:48:14",201.26,896.56,,,,"     ",5.30,34.68,10.58
1771,554677074,"01771M03:00:29.870","01771 02:48:15",201.30,896.69,,,,"     ",5.30,34.68,10.58
1771,554677075,"01771M03:00:30.844","01771 02:48:16",201.33,896.67,,,,"     ",5.30,34.70,10.59
1771,554677076,"01771M03:00:31.817","01771 02:48:17",201.34,896.64,,,,"     ",5.30,34.65,10.57
1771,554677077,"01771M03:00:32.790","01771 02:48:18",201.34,896.69,,,,"     ",5.30,34.72,10.59
1771,554677078,"01771M03:00:33.763","01771 02:48:19",201.32,896.73,,,,"     ",5.30,34.62,10.56
1771,554677079,"01771M03:00:34.737","01771 02:48:20",201.30,896.67,,,,"     ",5.30,34.57,10.54
1771,554677080,"01771M03:00:35.710","01771 02:48:21",201.27,896.71,,,,"     ",5.30,34.73,10.59
1771,554677081,"01771M03:00:36.683","01771 02:48:22",201.24,896.67,,,,"     ",5.30,34.56,10.54
1771,554677082,"01771M03:00:37.656","01771 02:48:22",201.20,896.62,,,,"     ",5.30,34.54,10.54
1771,554677083,"01771M03:00:38.630","01771 02:48:23",201.16,896.69,,,,"     ",5.30,34.76,10.61
1771,554677084,"01771M03:00:39.603","01771 02:48:24",201.12,896.72,,,,"     ",5.30,34.64,10.57
1771,554677085,"01771M03:00:40.576","01771 02:48:25",201.09,896.73,,,,"     ",5.30,34.70,10.59
1771,554677086,"01771M03:00:41.549","01771 02:48:26",201.08,896.74,,,,"     ",5.30,34.79,10.62
1771,554677087,"01771M03:00:42.523","01771 02:48:27",201.08,896.58,,,,"     ",5.30,34.74,10.60
1771,554677088,"01771M03:00:43.496","01771 02:48:28",201.64,896.70,,,,"     ",5.30,34.67,10.58
1771,554677089,"01771M03:00:44.469","01771 02:48:29",201.66,896.61,,,,"     ",5.30,34.65,10.57
1771,554677090,"01771M03:00:45.442","01771 02:48:30",201.69,896.58,,,,"     ",5.30,34.62,10.56
1771,554677091,"01771M03:00:46.416","01771 02:48:31",201.72,896.62,,,,"     ",5.30,34.63,10.57
1771,554677092,"01771M03:00:47.389","01771 02:48:32",201.25,896.63,,,,"     ",5.30,34.67,10.58
1771,554677093,"01771M03:00:48.362","01771 02:48:33",201.31,896.69,,,,"     ",5.30,34.56,10.55
1771,554677094,"01771M03:00:49.335","01771 02:48:34",201.39,896.64,,,,"     ",5.30,34.63,10.57
1771,554677095,"01771M03:00:50.309","01771 02:48:35",201.45,896.58,,,,"     ",5.30,34.69,10.59
1771,554677096,"01771M03:00:51.282","01771 02:48:36",201.50,896.64,,,,"     ",5.30,34.67,10.58
1771,554677097,"01771M03:00:52.255","01771 02:48:37",201.54,896.66,,,,"     ",5.30,34.52,10.54
1771,554677098,"01771M03:00:53.228","01771 02:48:38",201.56,896.60,,,,"     ",5.30,34.65,10.58
1771,554677099,"01771M03:00:54.202","01771 02:48:39",201.57,896.60,,,,"     ",5.30,34.60,10.56
1771,554677100,"01771M03:00:55.175","01771 02:48:40",201.58,896.67,,,,"     ",5.30,34.68,10.59
1771,554677101,"01771M03:00:56.148","01771 02:48:41",201.57,896.63,,,,"     ",5.30,34.63,10.57
1771,554677102,"01771M03:00:57.121","01771 02:48:42",201.55,896.61,,,,"     ",5.30,34.58,10.56
1771,554677103,"01771M03:00:58.095","01771 02:48:43",201.53,896.62,,,,"     ",5.30,34.67,10.59
1771,554677104,"01771M03:00:59.068","01771 02:48:44",201.50,896.60,,,,"     ",5.30,34.51,10.54
1771,554677105,"01771M03:01:00.041","01771 02:48:45",201.45,896.61,,,,"     ",5.30,34.64,10.58
1771,554677106,"01771M03:01:01.014","01771 02:48:46",201.40,896.58,,,,"     ",5.30,34.48,10.53
1771,554677107,"01771M03:01:01.988","01771 02:48:47",201.34,896.56,,,,"     ",5.30,34.54,10.55
1771,554677108,"01771M03:01:02.961","01771 02:48:48",201.27,896.54,,,,"     ",5.30,34.69,10.60
1771,554677109,"01771M03:01:03.934","01771 02:48:49",201.73,896.56,,,,"     ",5.30,34.54,10.55
1771,554677110,"01771M03:01:04.907","01771 02:48:50",201.77,896.58,,,,"     ",5.30,34.69,10.60
1771,554677111,"01771M03:01:05.881","01771 02:48:51",201.81,896.64,,,,"     ",5.30,34.60,10.58
1771,554677112,"01771M03:01:06.854","01771 02:48:52",201.84,896.57,,,,"     ",5.30,34.51,10.55
1771,554677113,"01771M03:01:07.827","01771 02:48:53",201.86,896.65,,,,"     ",5.30,34.62,10.58
1771,554677114,"01771M03:01:08.800","01771 02:48:54",201.87,896.55,,,,"     ",5.30,34.54,10.56
1771,554677115,"01771M03:01:09.774","01771 02:48:55",201.88,896.59,,,,"     ",5.30,34.50,10.55
1771,554677116,"01771M03:01:10.747","01771 02:48:56",201.89,896.59,,,,"     ",5.30,34.59,10.57
1771,554677117,"01771M03:01:11.720","01771 02:48:57",201.43,896.55,,,,"     ",5.30,34.49,10.54
1771,554677118,"01771M03:01:12.694","01771 02:48:58",201.44,896.57,,,,"     ",5.30,34.47,10.54
1771,554677119,"01771M03:01:13.667","01771 02:48:59",201.45,896.51,,,,"     ",5.30,34.56,10.57
1771,554677120,"01771M03:01:14.640","01771 02:48:59",201.46,896.53,,,,"     ",5.30,34.49,10.55
1771,554677121,"01771M03:01:15.613","01771 02:49:00",201.47,896.69,,,,"     ",5.30,34.48,10.55
1771,554677122,"01771M03:01:16.587","01771 02:49:01",201.49,896.66,,,,"     ",5.30,34.39,10.52
1771,554677123,"01771M03:01:17.560","01771 02:49:02",201.51,896.50,,,,"     ",5.30,34.63,10.60
1771,554677124,"01771M03:01:18.533","01771 02:49:03",201.52,896.57,,,,"     ",5.30,34.44,10.54
1771,554677125,"01771M03:01:19.506","01771 02:49:04",201.52,896.64,,,,"     ",5.30,34.37,10.52
1771,554677126,"01771M03:01:20.480","01771 02:49:05",201.50,896.56,,,,"     ",5.30,34.42,10.53
1771,554677127,"01771M03:01:21.453","01771 02:49:06",201.47,896.53,,,,"     ",5.30,34.52,10.57
1771,554677128,"01771M03:01:22.426","01771 02:49:07",201.42,896.63,,,,"     ",5.30,34.40,10.53
1771,554677129,"01771M03:01:23.399","01771 02:49:08",201.37,896.68,,,,"     ",5.30,34.62,10.60
1771,554677130,"01771M03:01:24.373","01771 02:49:09",201.31,896.68,,,,"     ",5.30,34.48,10.56
1771,554677131,"01771M03:01:25.346","01771 02:49:10",201.25,896.65,,,,"     ",5.30,34.45,10.55
1771,554677132,"01771M03:01:26.319","01771 02:49:11",201.19,896.63,,,,"     ",5.30,34.43,10.54
1771,554677133,"01771M03:01:27.292","01771 02:49:12",201.15,896.54,,,,"     ",5.30,34.42,10.54
1771,554677134,"01771M03:01:28.266","01771 02:49:13",201.72,896.56,,,,"     ",5.30,34.38,10.53
1771,554677135,"01771M03:01:29.239","01771 02:49:14",201.72,896.57,,,,"     ",5.30,34.39,10.53
1771,554677136,"01771M03:01:30.212","01771 02:49:15",201.73,896.53,,,,"     ",5.30,34.47,10.56
1771,554677137,"01771M03:01:31.185","01771 02:49:16",201.75,896.59,,,,"     ",5.30,34.37,10.53
1771,554677138,"01771M03:01:32.159","01771 02:49:17",201.81,896.68,,,,"     ",5.30,34.40,10.54
1771,554677139,"01771M03:01:33.132","01771 02:49:18",201.87,896.71,,,,"     ",5.30,34.39,10.54
1771,554677140,"01771M03:01:34.105","01771 02:49:19",201.41,896.61,,,,"     ",5.30,34.46,10.57
1771,554677141,"01771M03:01:35.078","01771 02:49:20",201.48,896.63,,,,"     ",5.30,34.33,10.52
1771,554677142,"01771M03:01:36.052","01771 02:49:21",201.53,896.65,,,,"     ",5.30,34.41,10.55
1771,554677143,"01771M03:01:37.025","01771 02:49:22",201.54,896.59,,,,"     ",5.30,34.43,10.56
1771,554677144,"01771M03:01:37.998","01771 02:49:23",201.54,896.71,,,,"     ",5.30,34.34,10.53
1771,554677145,"01771M03:01:38.971","01771 02:49:24",201.51,896.62,,,,"     ",5.30,34.32,10.53
1771,554677146,"01771M03:01:39.945","01771 02:49:25",201.48,896.55,,,,"     ",5.30,34.33,10.53
1771,554677147,"01771M03:01:40.918","01771 02:49:26",201.43,896.59,,,,"     ",5.30,34.22,10.50
1771,554677148,"01771M03:01:41.891","01771 02:49:27",201.40,896.57,,,,"     ",5.30,34.39,10.55
1771,554677149,"01771M03:01:42.864","01771 02:49:28",201.38,896.60,,,,"     ",5.30,34.32,10.53
1771,554677150,"01771M03:01:43.838","01771 02:49:29",201.38,896.62,,,,"     ",5.30,34.35,10.55
1771,554677151,"01771M03:01:44.811","01771 02:49:30",201.39,896.57,,,,"     ",5.30,34.20,10.49
1771,554677152,"01771M03:01:45.784","01771 02:49:31",201.93,896.57,,,,"     ",5.30,34.38,10.55
1771,554677153,"01771M03:01:46.757","01771 02:49:32",201.96,896.57,,,,"     ",5.30,34.26,10.52
1771,554677154,"01771M03:01:47.731","01771 02:49:33",201.99,896.59,,,,"     ",5.30,34.27,10.52
1771,554677155,"01771M03:01:48.704","01771 02:49:34",202.03,896.54,,,,"     ",5.30,34.40,10.57
1771,554677156,"01771M03:01:49.677","01771 02:49:35",202.06,896.54,,,,"     ",5.30,34.37,10.55
1771,554677157,"01771M03:01:50.650","01771 02:49:36",202.09,896.63,,,,"     ",5.30,34.34,10.55
1771,554677158,"01771M03:01:51.624","01771 02:49:36",202.11,896.57,,,,"     ",5.30,34.26,10.52
1771,554677159,"01771M03:01:52.597","01771 02:49:37",202.11,896.58,,,,"     ",5.30,34.26,10.53
1771,554677160,"01771M03:01:53.570","01771 02:49:38",202.10,896.59,,,,"     ",5.30,34.21,10.51
1771,554677161,"01771M03:01:54.543","01771 02:49:39",202.08,896.61,,,,"     ",5.30,34.26,10.53
1771,554677162,"01771M03:01:55.517","01771 02:49:40",202.05,896.52,,,,"     ",5.30,34.17,10.50
1771,554677163,"01771M03:01:56.490","01771 02:49:41",202.02,896.50,,,,"     ",5.30,34.22,10.52
1771,554677164,"01771M03:01:57.463","01771 02:49:42",202.00,896.53,,,,"     ",5.30,34.34,10.56
1771,554677165,"01771M03:01:58.436","01771 02:49:43",201.98,896.49,,,,"     ",5.30,34.20,10.51
1771,554677166,"01771M03:01:59.410","01771 02:49:44",201.97,896.56,,,,"     ",5.30,34.22,10.52
1771,554677167,"01771M03:02:00.383","01771 02:49:45",201.95,896.50,,,,"     ",5.30,34.15,10.50
1771,554677168,"01771M03:02:01.356","01771 02:49:46",201.93,896.59,,,,"     ",5.30,34.28,10.54
1771,554677169,"01771M03:02:02.329","01771 02:49:47",201.91,896.63,,,,"     ",5.30,34.23,10.53
1771,554677170,"01771M03:02:03.303","01771 02:49:48",201.89,896.67,,,,"     ",5.30,34.29,10.55
1771,554677171,"01771M03:02:04.276","01771 02:49:49",201.87,896.59,,,,"     ",5.30,34.14,10.51
1771,554677172,"01771M03:02:05.249","01771 02:49:50",201.85,896.59,,,,"     ",5.30,34.26,10.55
1771,554677173,"01771M03:02:06.222","01771 02:49:51",201.84,896.55,,,,"     ",5.30,34.14,10.51
1771,554677174,"01771M03:02:07.196","01771 02:49:52",201.85,896.58,,,,"     ",5.30,34.25,10.55
1771,554677175,"01771M03:02:08.169","01771 02:49:53",201.87,896.62,,,,"     ",5.30,34.20,10.53
1771,554677176,"01771M03:02:09.142","01771 02:49:54",201.89,896.61,,,,"     ",5.30,34.08,10.50
1771,554677177,"01771M03:02:10.115","01771 02:49:55",201.90,896.61,,,,"     ",5.30,34.17,10.52
1771,554677178,"01771M03:02:11.089","01771 02:49:56",201.91,896.56,,,,"     ",5.30,34.32,10.57
1771,554677179,"01771M03:02:12.062","01771 02:49:57",201.42,896.63,,,,"     ",5.30,34.23,10.55
1771,554677180,"01771M03:02:13.035","01771 02:49:58",201.40,896.61,,,,"     ",5.30,34.14,10.52
1771,554677181,"01771M03:02:14.008","01771 02:49:59",201.39,896.61,,,,"     ",5.30,34.31,10.58
1771,554677182,"01771M03:02:14.982","01771 02:50:00",201.36,896.60,,,,"     ",5.30,34.10,10.51
1771,554677183,"01771M03:02:15.955","01771 02:50:01",201.34,896.59,,,,"     ",5.30,34.06,10.50
1771,554677184,"01771M03:02:16.928","01771 02:50:02",201.30,896.48,,,,"     ",5.30,34.10,10.51
1771,554677185,"01771M03:02:17.901","01771 02:50:03",201.26,896.59,,,,"     ",5.30,34.14,10.53
1771,554677186,"01771M03:02:18.875","01771 02:50:04",201.20,896.54,,,,"     ",5.30,34.16,10.54
1771,554677187,"01771M03:02:19.848","01771 02:50:05",201.75,896.58,,,,"     ",5.30,33.99,10.48
1771,554677188,"01771M03:02:20.821","01771 02:50:06",201.71,896.54,,,,"     ",5.30,34.24,10.57
1771,554677189,"01771M03:02:21.795","01771 02:50:07",201.68,896.67,,,,"     ",5.30,34.00,10.49
1771,554677190,"01771M03:02:22.768","01771 02:50:08",201.65,896.55,,,,"     ",5.30,34.19,10.55
1771,554677191,"01771M03:02:23.741","01771 02:50:09",201.62,896.64,,,,"     ",5.30,34.12,10.53
1771,554677192,"01771M03:02:24.714","01771 02:50:10",201.61,896.55,,,,"     ",5.30,33.96,10.48
1771,554677193,"01771M03:02:25.688","01771 02:50:11",201.60,896.53,,,,"     ",5.30,34.28,10.58
1771,554677194,"01771M03:02:26.661","01771 02:50:12",201.59,896.59,,,,"     ",5.30,34.06,10.52
1771,554677195,"01771M03:02:27.634","01771 02:50:12",201.58,896.54,,,,"     ",5.30,34.05,10.52
1771,554677196,"01771M03:02:28.607","01771 02:50:13",201.59,896.55,,,,"     ",5.30,33.97,10.49
1771,554677197,"01771M03:02:29.581","01771 02:50:14",201.60,896.55,,,,"     ",5.30,34.13,10.55
1771,554677198,"01771M03:02:30.554","01771 02:50:15",201.62,896.59,,,,"     ",5.30,34.05,10.52
1771,554677199,"01771M03:02:31.527","01771 02:50:16",201.65,896.64,,,,"     ",5.30,34.03,10.52
1771,554677200,"01771M03:02:32.500","01771 02:50:17",201.68,896.60,,,,"     ",5.30,33.99,10.51
1771,554677201,"01771M03:02:33.474","01771 02:50:18",201.72,896.57,,,,"     ",5.30,33.94,10.49
1771,554677202,"01771M03:02:34.447","01771 02:50:19",201.75,896.54,,,,"     ",5.30,34.09,10.54
1771,554677203,"01771M03:02:35.420","01771 02:50:20",201.23,896.58,,,,"     ",5.30,34.03,10.52
1771,554677204,"01771M03:02:36.393","01771 02:50:21",201.29,896.61,,,,"     ",5.30,34.06,10.54
1771,554677205,"01771M03:02:37.367","01771 02:50:22",201.35,896.58,,,,"     ",5.30,33.99,10.51
1771,554677206,"01771M03:02:38.340","01771 02:50:23",201.39,896.59,,,,"     ",5.30,34.08,10.55
1771,554677207,"01771M03:02:39.313","01771 02:50:24",201.41,896.61,,,,"     ",5.30,34.07,10.55
1771,554677208,"01771M03:02:40.286","01771 02:50:25",201.40,896.58,,,,"     ",5.30,33.96,10.51
1771,554677209,"01771M03:02:41.260","01771 02:50:26",201.37,896.66,,,,"     ",5.30,34.07,10.55
1771,554677210,"01771M03:02:42.233","01771 02:50:27",201.31,896.72,,,,"     ",5.30,33.89,10.49
1771,554677211,"01771M03:02:43.206","01771 02:50:28",201.22,896.72,,,,"     ",5.30,33.97,10.52
1771,554677212,"01771M03:02:44.179","01771 02:50:29",201.67,896.67,,,,"     ",5.30,34.12,10.57
1771,554677213,"01771M03:02:45.153","01771 02:50:30",201.57,896.63,,,,"     ",5.30,34.00,10.53
1771,554677214,"01771M03:02:46.126","01771 02:50:31",201.44,896.68,,,,"     ",5.30,33.90,10.51
1771,554677215,"01771M03:02:47.099","01771 02:50:32",201.31,896.55,,,,"     ",5.30,34.06,10.56
1771,554677216,"01771M03:02:48.072","01771 02:50:33",201.21,896.62,,,,"     ",5.30,34.03,10.55
1771,554677217,"01771M03:02:49.046","01771 02:50:34",201.14,896.52,,,,"     ",5.30,33.88,10.50
1771,554677218,"01771M03:02:50.019","01771 02:50:35",201.11,896.56,,,,"     ",5.30,33.98,10.54
1771,554677219,"01771M03:02:50.992","01771 02:50:36",201.10,896.58,,,,"     ",5.30,33.98,10.54
1771,554677220,"01771M03:02:51.965","01771 02:50:37",201.12,896.59,,,,"     ",5.30,33.83,10.49
1771,554677221,"01771M03:02:52.939","01771 02:50:38",201.17,896.54,,,,"     ",5.30,33.85,10.50
1771,554677222,"01771M03:02:53.912","01771 02:50:39",201.26,896.56,,,,"     ",5.30,33.92,10.53
1771,554677223,"01771M03:02:54.885","01771 02:50:40",201.36,896.55,,,,"     ",5.30,33.89,10.52
1771,554677224,"01771M03:02:55.858","01771 02:50:41",201.48,896.59,,,,"     ",5.30,33.84,10.50
1771,554677225,"01771M03:02:56.832","01771 02:50:42",201.58,896.63,,,,"     ",5.30,33.83,10.51
1771,554677226,"01771M03:02:57.805","01771 02:50:43",201.65,896.64,,,,"     ",5.30,33.81,10.50
1771,554677227,"01771M03:02:58.778","01771 02:50:44",201.66,896.61,,,,"     ",5.30,33.78,10.49
1771,554677228,"01771M03:02:59.751","01771 02:50:45",201.63,896.60,,,,"     ",5.30,33.89,10.53
1771,554677229,"01771M03:03:00.725","01771 02:50:46",201.56,896.64,,,,"     ",5.30,33.79,10.50
1771,554677230,"01771M03:03:01.698","01771 02:50:47",201.46,896.60,,,,"     ",5.30,33.71,10.48
1771,554677231,"01771M03:03:02.671","01771 02:50:48",201.37,896.51,,,,"     ",5.30,33.88,10.53
1771,554677232,"01771M03:03:03.644","01771 02:50:49",201.31,896.63,,,,"     ",5.30,33.85,10.52
1771,554677233,"01771M03:03:04.618","01771 02:50:49",201.27,896.69,,,,"     ",5.30,33.73,10.49
1771,554677234,"01771M03:03:05.591","01771 02:50:50",201.28,896.70,,,,"     ",5.30,33.85,10.53
1771,554677235,"01771M03:03:06.564","01771 02:50:51",201.31,896.61,,,,"     ",5.30,33.87,10.54
1771,554677236,"01771M03:03:07.537","01771 02:50:52",201.35,896.60,,,,"     ",5.30,33.81,10.52
1771,554677237,"01771M03:03:08.511","01771 02:50:53",201.38,896.64,,,,"     ",5.30,33.73,10.49
1771,554677238,"01771M03:03:09.484","01771 02:50:54",201.40,896.68,,,,"     ",5.30,33.76,10.50
1771,554677239,"01771M03:03:10.457","01771 02:50:55",201.41,896.62,,,,"     ",5.30,33.76,10.51
1771,554677240,"01771M03:03:11.430","01771 02:50:56",201.42,896.58,,,,"     ",5.30,33.79,10.52
1771,554677241,"01771M03:03:12.404","01771 02:50:57",201.42,896.56,,,,"     ",5.30,33.72,10.50
1771,554677242,"01771M03:03:13.377","01771 02:50:58",201.42,896.55,,,,"     ",5.30,33.74,10.51
1771,554677243,"01771M03:03:14.350","01771 02:50:59",201.40,896.67,,,,"     ",5.30,33.68,10.49
1771,554677244,"01771M03:03:15.323","01771 02:51:00",201.37,896.62,,,,"     ",5.30,33.65,10.48
1771,554677245,"01771M03:03:16.297","01771 02:51:01",201.32,896.59,,,,"     ",5.30,33.62,10.48
1771,554677246,"01771M03:03:17.270","01771 02:51:02",201.26,896.57,,,,"     ",5.30,33.71,10.50
1771,554677247,"01771M03:03:18.243","01771 02:51:03",201.20,896.60,,,,"     ",5.30,33.65,10.49
1771,554677248,"01771M03:03:19.216","01771 02:51:04",201.14,896.57,,,,"     ",5.30,33.58,10.46
1771,554677249,"01771M03:03:20.190","01771 02:51:05",201.11,896.57,,,,"     ",5.30,33.66,10.50
1771,554677250,"01771M03:03:21.163","01771 02:51:06",201.10,896.56,,,,"     ",5.30,33.50,10.44
1771,554677251,"01771M03:03:22.136","01771 02:51:07",201.12,896.65,,,,"     ",5.30,33.63,10.49
1771,554677252,"01771M03:03:23.109","01771 02:51:08",201.15,896.68,,,,"     ",5.30,33.68,10.50
1771,554677253,"01771M03:03:24.083","01771 02:51:09",201.18,896.65,,,,"     ",5.30,33.49,10.45
1771,554677254,"01771M03:03:25.056","01771 02:51:10",201.22,896.68,,,,"     ",5.30,33.74,10.53
1771,554677255,"01771M03:03:26.029","01771 02:51:11",201.25,896.73,,,,"     ",5.30,33.48,10.45
1771,554677256,"01771M03:03:27.002","01771 02:51:12",201.28,896.77,,,,"     ",5.30,33.44,10.44
1771,554677257,"01771M03:03:27.976","01771 02:51:13",201.29,896.72,,,,"     ",5.30,33.50,10.46
1771,554677258,"01771M03:03:28.949","01771 02:51:14",201.27,896.65,,,,"     ",5.30,33.52,10.47
1771,554677259,"01771M03:03:29.922","01771 02:51:15",201.24,896.72,,,,"     ",5.30,33.62,10.50
1771,554677260,"01771M03:03:30.896","01771 02:51:16",201.18,896.73,,,,"     ",5.30,33.52,10.47
1771,554677261,"01771M03:03:31.869","01771 02:51:17",201.11,896.72,,,,"     ",5.30,33.47,10.45
1771,554677262,"01771M03:03:32.842","01771 02:51:18",201.04,896.64,,,,"     ",5.30,33.48,10.46
1771,554677263,"01771M03:03:33.815","01771 02:51:19",200.99,896.69,,,,"     ",5.30,33.51,10.47
1771,554677264,"01771M03:03:34.789","01771 02:51:20",200.97,896.68,,,,"     ",5.30,33.55,10.49
1771,554677265,"01771M03:03:35.762","01771 02:51:21",200.99,896.65,,,,"     ",5.30,33.56,10.49
1771,554677266,"01771M03:03:36.735","01771 02:51:22",201.02,896.66,,,,"     ",5.30,33.56,10.49
1771,554677267,"01771M03:03:37.708","01771 02:51:23",201.07,896.66,,,,"     ",5.30,33.37,10.44
1771,554677268,"01771M03:03:38.682","01771 02:51:24",201.13,896.68,,,,"     ",5.30,33.53,10.49
1771,554677269,"01771M03:03:39.655","01771 02:51:25",201.17,896.65,,,,"     ",5.30,33.49,10.48
1771,554677270,"01771M03:03:40.628","01771 02:51:26",201.21,896.67,,,,"     ",5.30,33.46,10.47
1771,554677271,"01771M03:03:41.601","01771 02:51:26",201.24,896.67,,,,"     ",5.30,33.43,10.46
1771,554677272,"01771M03:03:42.575","01771 02:51:27",201.25,896.73,,,,"     ",5.30,33.31,10.43
1771,554677273,"01771M03:03:43.548","01771 02:51:28",201.25,896.63,,,,"     ",5.30,33.46,10.48
1771,554677274,"01771M03:03:44.521","01771 02:51:29",201.24,896.68,,,,"     ",5.30,33.47,10.49
1771,554677275,"01771M03:03:45.494","01771 02:51:30",201.21,896.76,,,,"     ",5.30,33.42,10.48
1771,554677276,"01771M03:03:46.468","01771 02:51:31",201.18,896.67,,,,"     ",5.30,33.55,10.51
1771,554677277,"01771M03:03:47.441","01771 02:51:32",201.12,896.71,,,,"     ",5.30,33.27,10.43
1771,554677278,"01771M03:03:48.414","01771 02:51:33",201.05,896.66,,,,"     ",5.30,33.38,10.47
1771,554677279,"01771M03:03:49.387","01771 02:51:34",200.98,896.59,,,,"     ",5.30,33.44,10.49
1771,554677280,"01771M03:03:50.361","01771 02:51:35",200.93,896.61,,,,"     ",5.30,33.26,10.43
1771,554677281,"01771M03:03:51.334","01771 02:51:36",200.91,896.70,,,,"     ",5.30,33.23,10.42
1771,554677282,"01771M03:03:52.307","01771 02:51:37",200.89,896.56,,,,"     ",5.30,33.35,10.47
1771,554677283,"01771M03:03:53.280","01771 02:51:38",200.88,896.72,,,,"     ",5.30,33.24,10.43
1771,554677284,"01771M03:03:54.254","01771 02:51:39",200.85,896.72,,,,"     ",5.30,33.37,10.48
1771,554677285,"01771M03:03:55.227","01771 02:51:40",200.82,896.71,,,,"     ",5.30,33.26,10.44
1771,554677286,"01771M03:03:56.200","01771 02:51:41",200.78,896.70,,,,"     ",5.30,33.31,10.46
1771,554677287,"01771M03:03:57.173","01771 02:51:42",200.75,896.67,,,,"     ",5.30,33.33,10.47
1771,554677288,"01771M03:03:58.147","01771 02:51:43",200.73,896.62,,,,"     ",5.30,33.16,10.42
1771,554677289,"01771M03:03:59.120","01771 02:51:44",200.73,896.66,,,,"     ",5.30,33.18,10.42
1771,554677290,"01771M03:04:00.093","01771 02:51:45",200.73,896.68,,,,"     ",5.30,33.20,10.43
1771,554677291,"01771M03:04:01.066","01771 02:51:46",200.74,896.72,,,,"     ",5.30,33.27,10.46
1771,554677292,"01771M03:04:02.040","01771 02:51:47",200.75,896.59,,,,"     ",5.30,33.16,10.43
1771,554677293,"01771M03:04:03.013","01771 02:51:48",200.75,896.61,,,,"     ",5.30,33.21,10.45
1771,554677294,"01771M03:04:03.986","01771 02:51:49",200.75,896.65,,,,"     ",5.30,33.26,10.46
1771,554677295,"01771M03:04:04.959","01771 02:51:50",200.75,896.67,,,,"     ",5.30,33.29,10.47
1771,554677296,"01771M03:04:05.933","01771 02:51:51",200.75,896.61,,,,"     ",5.30,33.18,10.44
1771,554677297,"01771M03:04:06.906","01771 02:51:52",200.76,896.68,,,,"     ",5.30,33.07,10.41
1771,554677298,"01771M03:04:07.879","01771 02:51:53",200.77,896.65,,,,"     ",5.30,33.25,10.47
1771,554677299,"01771M03:04:08.852","01771 02:51:54",200.77,896.63,,,,"     ",5.30,33.12,10.43
1771,554677300,"01771M03:04:09.826","01771 02:51:55",200.77,896.61,,,,"     ",5.30,33.27,10.48
1771,554677301,"01771M03:04:10.799","01771 02:51:56",200.75,896.58,,,,"     ",5.30,33.23,10.47
1771,554677302,"01771M03:04:11.772","01771 02:51:57",200.71,896.68,,,,"     ",5.30,33.21,10.47
1771,554677303,"01771M03:04:12.745","01771 02:51:58",200.63,896.61,,,,"     ",5.30,33.04,10.41
1771,554677304,"01771M03:04:13.719","01771 02:51:59",200.55,896.63,,,,"     ",5.30,33.14,10.45
1771,554677305,"01771M03:04:14.692","01771 02:52:00",200.47,896.68,,,,"     ",5.30,33.18,10.47
1771,554677306,"01771M03:04:15.665","01771 02:52:01",200.41,896.73,,,,"     ",5.30,33.25,10.49
1771,554677307,"01771M03:04:16.638","01771 02:52:02",200.37,896.64,,,,"     ",5.30,33.13,10.45
1771,554677308,"01771M03:04:17.612","01771 02:52:02",200.36,896.71,,,,"     ",5.30,33.05,10.43
1771,554677309,"01771M03:04:18.585","01771 02:52:03",200.34,896.59,,,,"     ",5.30,33.17,10.47
1771,554677310,"01771M03:04:19.558","01771 02:52:04",200.31,896.67,,,,"     ",5.30,33.12,10.46
1771,554677311,"01771M03:04:20.531","01771 02:52:05",200.27,896.64,,,,"     ",5.30,33.13,10.46
1771,554677312,"01771M03:04:21.505","01771 02:52:06",200.23,896.62,,,,"     ",5.30,33.16,10.48
1771,554677313,"01771M03:04:22.478","01771 02:52:07",200.20,896.62,,,,"     ",5.30,33.13,10.47
1771,554677314,"01771M03:04:23.451","01771 02:52:08",200.18,896.64,,,,"     ",5.30,33.07,10.45
1771,554677315,"01771M03:04:24.424","01771 02:52:09",200.19,896.63,,,,"     ",5.30,33.13,10.47
1771,554677316,"01771M03:04:25.398","01771 02:52:10",200.21,896.57,,,,"     ",5.30,33.05,10.45
1771,554677317,"01771M03:04:26.371","01771 02:52:11",200.24,896.52,,,,"     ",5.30,33.14,10.48
1771,554677318,"01771M03:04:27.344","01771 02:52:12",200.30,896.74,,,,"     ",5.30,33.02,10.44
1771,554677319,"01771M03:04:28.317","01771 02:52:13",200.35,896.72,,,,"     ",5.30,32.89,10.40
1771,554677320,"01771M03:04:29.291","01771 02:52:14",200.40,896.74,,,,"     ",5.30,32.93,10.42
1771,554677321,"01771M03:04:30.264","01771 02:52:15",200.43,896.72,,,,"     ",5.30,33.01,10.45
1771,554677322,"01771M03:04:31.237","01771 02:52:16",200.44,896.69,,,,"     ",5.30,33.03,10.46
1771,554677323,"01771M03:04:32.210","01771 02:52:17",200.43,896.70,,,,"     ",5.30,32.97,10.44
1771,554677324,"01771M03:04:33.184","01771 02:52:18",200.42,896.70,,,,"     ",5.30,32.87,10.41
1771,554677325,"01771M03:04:34.157","01771 02:52:19",200.43,896.69,,,,"     ",5.30,32.90,10.42
1771,554677326,"01771M03:04:35.130","01771 02:52:20",200.46,896.77,,,,"     ",5.30,32.90,10.43
1771,554677327,"01771M03:04:36.103","01771 02:52:21",200.48,896.44,,,,"     ",5.30,32.97,10.45
1771,554677328,"01771M03:04:37.077","01771 02:52:22",200.50,896.61,,,,"     ",5.30,32.86,10.42
1771,554677329,"01771M03:04:38.050","01771 02:52:23",200.49,896.67,,,,"     ",5.30,32.99,10.47
1771,554677330,"01771M03:04:39.023","01771 02:52:24",200.46,896.73,,,,"     ",5.30,33.01,10.48
1771,554677331,"01771M03:04:39.997","01771 02:52:25",200.42,896.63,,,,"     ",5.30,33.02,10.48
1771,554677332,"01771M03:04:40.970","01771 02:52:26",200.37,896.76,,,,"     ",5.30,32.89,10.44
1771,554677333,"01771M03:04:41.943","01771 02:52:27",200.34,896.69,,,,"     ",5.30,33.02,10.48
1771,554677334,"01771M03:04:42.916","01771 02:52:28",200.31,896.76,,,,"     ",5.30,32.89,10.45
1771,554677335,"01771M03:04:43.890","01771 02:52:29",200.29,896.75,,,,"     ",5.30,32.87,10.44
1771,554677336,"01771M03:04:44.863","01771 02:52:30",200.28,896.85,,,,"     ",5.30,32.83,10.43
1771,554677337,"01771M03:04:45.836","01771 02:52:31",200.29,896.74,,,,"     ",5.30,32.94,10.47
1771,554677338,"01771M03:04:46.809","01771 02:52:32",200.30,896.76,,,,"     ",5.30,32.96,10.47
1771,554677339,"01771M03:04:47.783","01771 02:52:33",200.31,896.76,,,,"     ",5.30,32.88,10.45
1771,554677340,"01771M03:04:48.756","01771 02:52:34",200.32,896.65,,,,"     ",5.30,32.77,10.41
1771,554677341,"01771M03:04:49.729","01771 02:52:35",200.33,896.70,,,,"     ",5.30,32.84,10.44
1771,554677342,"01771M03:04:50.702","01771 02:52:36",200.34,896.66,,,,"     ",5.30,32.74,10.41
1771,554677343,"01771M03:04:51.676","01771 02:52:37",200.36,896.69,,,,"     ",5.30,32.85,10.45
1771,554677344,"01771M03:04:52.649","01771 02:52:38",200.38,896.76,,,,"     ",5.30,32.78,10.43
1771,554677345,"01771M03:04:53.622","01771 02:52:39",200.40,896.79,,,,"     ",5.30,32.74,10.42
1771,554677346,"01771M03:04:54.595","01771 02:52:39",200.42,896.84,,,,"     ",5.30,32.89,10.47
1771,554677347,"01771M03:04:55.569","01771 02:52:40",200.42,896.76,,,,"     ",5.30,32.82,10.45
1771,554677348,"01771M03:04:56.542","01771 02:52:41",200.39,896.81,,,,"     ",5.30,32.84,10.46
1771,554677349,"01771M03:04:57.515","01771 02:52:42",200.35,896.86,,,,"     ",5.30,32.81,10.45
1771,554677350,"01771M03:04:58.488","01771 02:52:43",200.30,896.79,,,,"     ",5.30,32.88,10.47
1771,554677351,"01771M03:04:59.462","01771 02:52:44",200.27,896.80,,,,"     ",5.30,32.74,10.42
1771,554677352,"01771M03:05:00.435","01771 02:52:45",200.26,896.73,,,,"     ",5.30,32.85,10.47
1771,554677353,"01771M03:05:01.408","01771 02:52:46",200.27,896.71,,,,"     ",5.30,32.73,10.43
1771,554677354,"01771M03:05:02.381","01771 02:52:47",200.31,896.71,,,,"     ",5.30,32.76,10.44
1771,554677355,"01771M03:05:03.355","01771 02:52:48",200.37,896.61,,,,"     ",5.30,32.83,10.46
1771,554677356,"01771M03:05:04.328","01771 02:52:49",200.43,896.67,,,,"     ",5.30,32.77,10.44
1771,554677357,"01771M03:05:05.301","01771 02:52:50",200.48,896.70,,,,"     ",5.30,32.87,10.48
1771,554677358,"01771M03:05:06.274","01771 02:52:51",200.51,896.74,,,,"     ",5.30,32.83,10.47
1771,554677359,"01771M03:05:07.248","01771 02:52:52",200.53,896.68,,,,"     ",5.30,32.83,10.47
1771,554677360,"01771M03:05:08.221","01771 02:52:53",200.53,896.66,,,,"     ",5.30,32.69,10.42
1771,554677361,"01771M03:05:09.194","01771 02:52:54",200.51,896.75,,,,"     ",5.30,32.78,10.45
1771,554677362,"01771M03:05:10.167","01771 02:52:55",200.50,896.76,,,,"     ",5.30,32.87,10.49
1771,554677363,"01771M03:05:11.141","01771 02:52:56",200.48,896.73,,,,"     ",5.30,32.75,10.45
1771,554677364,"01771M03:05:12.114","01771 02:52:57",200.46,896.71,,,,"     ",5.30,32.84,10.48
1771,554677365,"01771M03:05:13.087","01771 02:52:58",200.44,896.74,,,,"     ",5.30,32.75,10.45
1771,554677366,"01771M03:05:14.060","01771 02:52:59",200.41,896.69,,,,"     ",5.30,32.76,10.46
1771,554677367,"01771M03:05:15.034","01771 02:53:00",200.38,896.78,,,,"     ",5.30,32.66,10.43
1771,554677368,"01771M03:05:16.007","01771 02:53:01",200.33,896.67,,,,"     ",5.30,32.83,10.48
1771,554677369,"01771M03:05:16.980","01771 02:53:02",200.28,896.69,,,,"     ",5.30,32.71,10.45
1771,554677370,"01771M03:05:17.953","01771 02:53:03",200.21,896.72,,,,"     ",5.30,32.82,10.49
1771,554677371,"01771M03:05:18.927","01771 02:53:04",200.15,896.73,,,,"     ",5.30,32.80,10.48
1771,554677372,"01771M03:05:19.900","01771 02:53:05",200.10,896.64,,,,"     ",5.30,32.74,10.46
1771,554677373,"01771M03:05:20.873","01771 02:53:06",200.04,896.72,,,,"     ",5.30,32.67,10.44
1771,554677374,"01771M03:05:21.846","01771 02:53:07",199.99,896.72,,,,"     ",5.30,32.75,10.47
1771,554677375,"01771M03:05:22.820","01771 02:53:08",199.94,896.74,,,,"     ",5.30,32.64,10.43
1771,554677376,"01771M03:05:23.793","01771 02:53:09",199.93,896.76,,,,"     ",5.30,32.74,10.47
1771,554677377,"01771M03:05:24.766","01771 02:53:10",199.94,896.64,,,,"     ",5.30,32.63,10.43
1771,554677378,"01771M03:05:25.739","01771 02:53:11",199.99,896.68,,,,"     ",5.30,32.58,10.42
1771,554677379,"01771M03:05:26.713","01771 02:53:12",200.06,896.77,,,,"     ",5.30,32.70,10.46
1771,554677380,"01771M03:05:27.686","01771 02:53:13",200.17,896.69,,,,"     ",5.30,32.70,10.47
1771,554677381,"01771M03:05:28.659","01771 02:53:14",200.29,896.75,,,,"     ",5.30,32.64,10.44
1771,554677382,"01771M03:05:29.632","01771 02:53:15",200.42,896.74,,,,"     ",5.30,32.70,10.46
1771,554677383,"01771M03:05:30.606","01771 02:53:16",200.54,896.75,,,,"     ",5.30,32.72,10.47
1771,554677384,"01771M03:05:31.579","01771 02:53:16",200.65,896.70,,,,"     ",5.30,32.67,10.45
1771,554677385,"01771M03:05:32.552","01771 02:53:17",200.73,896.78,,,,"     ",5.30,32.72,10.48
1771,554677386,"01771M03:05:33.525","01771 02:53:18",200.78,896.74,,,,"     ",5.30,32.68,10.46
1771,554677387,"01771M03:05:34.499","01771 02:53:19",200.81,896.73,,,,"     ",5.30,32.64,10.45
1771,554677388,"01771M03:05:35.472","01771 02:53:20",200.81,896.77,,,,"     ",5.30,32.71,10.48
1771,554677389,"01771M03:05:36.445","01771 02:53:21",200.79,896.69,,,,"     ",5.30,32.65,10.46
1771,554677390,"01771M03:05:37.418","01771 02:53:22",200.74,896.77,,,,"     ",5.30,32.76,10.50
1771,554677391,"01771M03:05:38.392","01771 02:53:23",200.64,896.73,,,,"     ",5.30,32.58,10.44
1771,554677392,"01771M03:05:39.365","01771 02:53:24",200.52,896.75,,,,"     ",5.30,32.60,10.45
1771,554677393,"01771M03:05:40.338","01771 02:53:25",200.42,896.66,,,,"     ",5.30,32.52,10.42
1771,554677394,"01771M03:05:41.311","01771 02:53:26",200.34,896.68,,,,"     ",5.30,32.61,10.45
1771,554677395,"01771M03:05:42.285","01771 02:53:27",200.28,896.74,,,,"     ",5.30,32.70,10.49
1771,554677396,"01771M03:05:43.258","01771 02:53:28",200.23,896.76,,,,"     ",5.30,32.49,10.42
1771,554677397,"01771M03:05:44.231","01771 02:53:29",200.20,896.68,,,,"     ",5.30,32.66,10.47
1771,554677398,"01771M03:05:45.204","01771 02:53:30",200.17,896.74,,,,"     ",5.30,32.62,10.46
1771,554677399,"01771M03:05:46.178","01771 02:53:31",200.16,896.77,,,,"     ",5.30,32.63,10.47
1771,554677400,"01771M03:05:47.151","01771 02:53:32",200.17,896.73,,,,"     ",5.30,32.64,10.48
1771,554677401,"01771M03:05:48.124","01771 02:53:33",200.19,896.71,,,,"     ",5.30,32.62,10.47
1771,554677402,"01771M03:05:49.097","01771 02:53:34",200.21,896.72,,,,"     ",5.30,32.67,10.48
1771,554677403,"01771M03:05:50.071","01771 02:53:35",200.23,896.77,,,,"     ",5.30,32.64,10.48
1771,554677404,"01771M03:05:51.044","01771 02:53:36",200.25,896.87,,,,"     ",5.30,32.65,10.48
1771,554677405,"01771M03:05:52.017","01771 02:53:37",200.29,896.76,,,,"     ",5.30,32.66,10.49
1771,554677406,"01771M03:05:52.991","01771 02:53:38",200.32,896.85,,,,"     ",5.30,32.60,10.47
1771,554677407,"01771M03:05:53.964","01771 02:53:39",200.36,896.82,,,,"     ",5.30,32.56,10.46
1771,554677408,"01771M03:05:54.937","01771 02:53:40",200.39,896.77,,,,"     ",5.30,32.58,10.46
1771,554677409,"01771M03:05:55.910","01771 02:53:41",200.42,896.74,,,,"     ",5.30,32.65,10.49
1771,554677410,"01771M03:05:56.884","01771 02:53:42",200.43,896.80,,,,"     ",5.30,32.61,10.48
1771,554677411,"01771M03:05:57.857","01771 02:53:43",200.44,896.71,,,,"     ",5.30,32.70,10.51
1771,554677412,"01771M03:05:58.830","01771 02:53:44",200.45,896.67,,,,"     ",5.30,32.65,10.49
1771,554677413,"01771M03:05:59.803","01771 02:53:45",200.45,896.67,,,,"     ",5.30,32.70,10.51
1771,554677414,"01771M03:06:00.777","01771 02:53:46",200.44,896.70,,,,"     ",5.30,32.54,10.46
1771,554677415,"01771M03:06:01.750","01771 02:53:47",200.44,896.71,,,,"     ",5.30,32.62,10.49
1771,554677416,"01771M03:06:02.723","01771 02:53:48",200.43,896.76,,,,"     ",5.30,32.63,10.50
1771,554677417,"01771M03:06:03.696","01771 02:53:49",200.41,896.75,,,,"     ",5.30,32.58,10.48
1771,554677418,"01771M03:06:04.670","01771 02:53:50",200.39,896.79,,,,"     ",5.30,32.65,10.50
1771,554677419,"01771M03:06:05.643","01771 02:53:51",200.36,896.78,,,,"     ",5.30,32.51,10.46
1771,554680818,"01771M04:01:13.731","01771 03:48:59",200.54,896.88,,,,"     ",5.30,,
1771,554680819,"01771M04:01:14.705","01771 03:49:00",200.47,896.93,,,,"     ",5.30,26.46,18.73
1771,554680820,"01771M04:01:15.678","01771 03:49:01",200.40,896.99,,,,"     ",5.30,26.60,18.79
1771,554680821,"01771M04:01:16.651","01771 03:49:02",200.35,897.05,,,,"     ",5.30,26.52,18.69
1771,554680822,"01771M04:01:17.624","01771 03:49:03",200.30,896.96,,,,"     ",5.30,26.59,18.69
1771,554680823,"01771M04:01:18.598","01771 03:49:04",200.26,896.98,,,,"     ",5.30,26.59,18.64
1771,554680824,"01771M04:01:19.571","01771 03:49:05",200.22,896.95,,,,"     ",5.30,26.66,18.66
1771,554680825,"01771M04:01:20.544","01771 03:49:06",200.20,896.92,,,,"     ",5.30,26.65,18.60
1771,554680826,"01771M04:01:21.517","01771 03:49:07",200.18,897.04,,,,"     ",5.30,26.71,18.60
1771,554680827,"01771M04:01:22.491","01771 03:49:08",200.17,897.09,,,,"     ",5.30,26.68,18.54
1771,554680828,"01771M04:01:23.464","01771 03:49:09",200.17,897.04,,,,"     ",5.30,26.71,18.52
1771,554680829,"01771M04:01:24.437","01771 03:49:10",200.17,897.00,,,,"     ",5.30,26.65,18.44
1771,554680830,"01771M04:01:25.410","01771 03:49:11",200.18,896.97,,,,"     ",5.30,26.79,18.49
1771,554680831,"01771M04:01:26.384","01771 03:49:12",200.20,897.00,,,,"     ",5.30,26.95,18.57
1771,554680832,"01771M04:01:27.357","01771 03:49:13",200.22,896.93,,,,"     ",5.30,26.76,18.39
1771,554680833,"01771M04:01:28.330","01771 03:49:14",200.25,896.92,,,,"     ",5.30,26.85,18.42
1771,554680834,"01771M04:01:29.303","01771 03:49:15",200.28,897.00,,,,"     ",5.30,26.80,18.35
1771,554680835,"01771M04:01:30.277","01771 03:49:16",200.33,896.95,,,,"     ",5.30,26.88,18.37
1771,554680836,"01771M04:01:31.250","01771 03:49:17",200.38,896.95,,,,"     ",5.30,26.89,18.34
1771,554680837,"01771M04:01:32.223","01771 03:49:18",200.46,896.98,,,,"     ",5.30,26.87,18.29
1771,554680838,"01771M04:01:33.196","01771 03:49:19",200.56,897.02,,,,"     ",5.30,26.93,18.29
1771,554680839,"01771M04:01:34.170","01771 03:49:20",200.65,897.06,,,,"     ",5.30,26.91,18.25
1771,554680840,"01771M04:01:35.143","01771 03:49:21",200.74,897.00,,,,"     ",5.30,26.98,18.26
1771,554680841,"01771M04:01:36.116","01771 03:49:22",200.82,897.04,,,,"     ",5.30,27.04,18.27
1771,554680842,"01771M04:01:37.089","01771 03:49:23",200.89,897.00,,,,"     ",5.30,27.04,18.24
1771,554680843,"01771M04:01:38.063","01771 03:49:24",200.95,896.97,,,,"     ",5.30,27.09,18.23
1771,554680844,"01771M04:01:39.036","01771 03:49:25",200.99,897.01,,,,"     ",5.30,27.12,18.22
1771,554680845,"01771M04:01:40.009","01771 03:49:26",201.03,896.95,,,,"     ",5.30,27.11,18.17
1771,554680846,"01771M04:01:40.982","01771 03:49:27",201.06,896.93,,,,"     ",5.30,27.15,18.17
1771,554680847,"01771M04:01:41.956","01771 03:49:28",201.08,896.90,,,,"     ",5.30,27.17,18.16
1771,554680848,"01771M04:01:42.929","01771 03:49:29",201.09,896.93,,,,"     ",5.30,27.18,18.14
1771,554680849,"01771M04:01:43.902","01771 03:49:30",201.09,896.91,,,,"     ",5.30,27.14,18.08
1771,554680850,"01771M04:01:44.876","01771 03:49:31",201.07,896.92,,,,"     ",5.30,27.23,18.11
1771,554680851,"01771M04:01:45.849","01771 03:49:32",201.06,896.92,,,,"     ",5.30,27.20,18.06
1771,554680852,"01771M04:01:46.822","01771 03:49:33",201.04,896.92,,,,"     ",5.30,27.27,18.08
1771,554680853,"01771M04:01:47.795","01771 03:49:34",201.02,896.92,,,,"     ",5.30,27.29,18.07
1771,554680854,"01771M04:01:48.769","01771 03:49:34",200.99,897.00,,,,"     ",5.30,27.34,18.07
1771,554680855,"01771M04:01:49.742","01771 03:49:35",200.95,896.93,,,,"     ",5.30,27.29,18.01
1771,554680856,"01771M04:01:50.715","01771 03:49:36",200.91,896.88,,,,"     ",5.30,27.33,18.00
1771,554680857,"01771M04:01:51.688","01771 03:49:37",200.86,896.92,,,,"     ",5.30,27.35,17.99
1771,554680858,"01771M04:01:52.662","01771 03:49:38",200.82,896.98,,,,"     ",5.30,27.43,18.02
1771,554680859,"01771M04:01:53.635","01771 03:49:39",200.77,896.94,,,,"     ",5.30,27.33,17.93
1771,554680860,"01771M04:01:54.608","01771 03:49:40",200.73,896.97,,,,"     ",5.30,27.38,17.94
1771,554680861,"01771M04:01:55.581","01771 03:49:41",200.69,896.85,,,,"     ",5.30,27.41,17.92
1771,554680862,"01771M04:01:56.555","01771 03:49:42",200.66,896.89,,,,"     ",5.30,27.40,17.89
1771,554680863,"01771M04:01:57.528","01771 03:49:43",200.64,897.02,,,,"     ",5.30,27.55,17.97
1771,554680864,"01771M04:01:58.501","01771 03:49:44",200.61,896.97,,,,"     ",5.30,27.46,17.88
1771,554680865,"01771M04:01:59.474","01771 03:49:45",200.59,896.92,,,,"     ",5.30,27.52,17.90
1771,554680866,"01771M04:02:00.448","01771 03:49:46",200.58,896.97,,,,"     ",5.30,27.50,17.86
1771,554680867,"01771M04:02:01.421","01771 03:49:47",200.58,896.96,,,,"     ",5.30,27.50,17.84
1771,554680868,"01771M04:02:02.394","01771 03:49:48",200.58,897.02,,,,"     ",5.30,27.49,17.81
1771,554680869,"01771M04:02:03.367","01771 03:49:49",200.60,896.99,,,,"     ",5.30,27.48,17.78
1771,554680870,"01771M04:02:04.341","01771 03:49:50",200.62,896.98,,,,"     ",5.30,27.50,17.77
1771,554680871,"01771M04:02:05.314","01771 03:49:51",200.66,896.89,,,,"     ",5.30,27.59,17.81
1771,554680872,"01771M04:02:06.287","01771 03:49:52",200.71,896.96,,,,"     ",5.30,27.59,17.78
1771,554680873,"01771M04:02:07.260","01771 03:49:53",200.77,896.95,,,,"     ",5.30,27.55,17.74
1771,554680874,"01771M04:02:08.234","01771 03:49:54",200.83,896.97,,,,"     ",5.30,27.59,17.74
1771,554680875,"01771M04:02:09.207","01771 03:49:55",200.90,896.92,,,,"     ",5.30,27.58,17.71
1771,554680876,"01771M04:02:10.180","01771 03:49:56",200.98,896.91,,,,"     ",5.30,27.64,17.73
1771,554680877,"01771M04:02:11.153","01771 03:49:57",201.06,896.94,,,,"     ",5.30,27.61,17.69
1771,554680878,"01771M04:02:12.127","01771 03:49:58",201.13,896.91,,,,"     ",5.30,27.64,17.69
1771,554680879,"01771M04:02:13.100","01771 03:49:59",201.19,896.93,,,,"     ",5.30,27.63,17.67
1771,554680880,"01771M04:02:14.073","01771 03:50:00",201.23,896.82,,,,"     ",5.30,27.64,17.65
1771,554680881,"01771M04:02:15.046","01771 03:50:01",201.25,897.06,,,,"     ",5.30,27.58,17.60
1771,554680882,"01771M04:02:16.020","01771 03:50:02",201.25,896.87,,,,"     ",5.30,27.68,17.64
1771,554680883,"01771M04:02:16.993","01771 03:50:03",201.24,896.96,,,,"     ",5.30,27.62,17.59
1771,554680884,"01771M04:02:17.966","01771 03:50:04",201.22,896.99,,,,"     ",5.30,27.64,17.58
1771,554680885,"01771M04:02:18.939","01771 03:50:05",201.19,896.98,,,,"     ",5.30,27.72,17.61
1771,554680886,"01771M04:02:19.913","01771 03:50:06",201.15,896.98,,,,"     ",5.30,27.66,17.55
1771,554680887,"01771M04:02:20.886","01771 03:50:07",201.12,896.93,,,,"     ",5.30,27.68,17.55
1771,554680888,"01771M04:02:21.859","01771 03:50:08",201.09,896.91,,,,"     ",5.30,27.73,17.56
1771,554680889,"01771M04:02:22.832","01771 03:50:09",201.05,896.99,,,,"     ",5.30,27.66,17.50
1771,554680890,"01771M04:02:23.806","01771 03:50:10",201.01,897.03,,,,"     ",5.30,27.67,17.49
1771,554680891,"01771M04:02:24.779","01771 03:50:11",200.97,896.93,,,,"     ",5.30,27.89,17.61
1771,554680892,"01771M04:02:25.752","01771 03:50:11",200.93,896.90,,,,"     ",5.30,27.69,17.47
1771,554680893,"01771M04:02:26.725","01771 03:50:12",200.88,896.94,,,,"     ",5.30,27.76,17.50
1771,554680894,"01771M04:02:27.699","01771 03:50:13",200.84,896.86,,,,"     ",5.30,27.82,17.52
1771,554680895,"01771M04:02:28.672","01771 03:50:14",200.81,896.96,,,,"     ",5.30,27.76,17.46
1771,554680896,"01771M04:02:29.645","01771 03:50:15",200.79,896.94,,,,"     ",5.30,27.70,17.41
1771,554680897,"01771M04:02:30.618","01771 03:50:16",200.79,897.02,,,,"     ",5.30,27.80,17.46
1771,554680898,"01771M04:02:31.592","01771 03:50:17",200.80,896.97,,,,"     ",5.30,27.73,17.40
1771,554680899,"01771M04:02:32.565","01771 03:50:18",200.83,896.88,,,,"     ",5.30,27.71,17.37
1771,554680900,"01771M04:02:33.538","01771 03:50:19",200.86,897.00,,,,"     ",5.30,27.83,17.43
1771,554680901,"01771M04:02:34.511","01771 03:50:20",200.90,897.03,,,,"     ",5.30,27.78,17.38
1771,554680902,"01771M04:02:35.485","01771 03:50:21",200.93,897.01,,,,"     ",5.30,27.82,17.39
1771,554680903,"01771M04:02:36.458","01771 03:50:22",200.96,896.95,,,,"     ",5.30,27.84,17.39
1771,554680904,"01771M04:02:37.431","01771 03:50:23",200.98,896.95,,,,"     ",5.30,27.80,17.35
1771,554680905,"01771M04:02:38.404","01771 03:50:24",200.99,896.98,,,,"     ",5.30,27.87,17.37
1771,554680906,"01771M04:02:39.378","01771 03:50:25",201.00,896.81,,,,"     ",5.30,27.85,17.34
1771,554680907,"01771M04:02:40.351","01771 03:50:26",201.01,896.85,,,,"     ",5.30,27.84,17.33
1771,554680908,"01771M04:02:41.324","01771 03:50:27",201.01,896.80,,,,"     ",5.30,27.84,17.31
1771,554680909,"01771M04:02:42.297","01771 03:50:28",201.02,896.95,,,,"     ",5.30,27.87,17.31
1771,554680910,"01771M04:02:43.271","01771 03:50:29",201.02,896.82,,,,"     ",5.30,27.86,17.29
1771,554680911,"01771M04:02:44.244","01771 03:50:30",201.02,896.95,,,,"     ",5.30,27.85,17.26
1771,554680912,"01771M04:02:45.217","01771 03:50:31",201.03,896.98,,,,"     ",5.30,27.98,17.34
1771,554680913,"01771M04:02:46.190","01771 03:50:32",201.04,896.90,,,,"     ",5.30,27.95,17.30
1771,554680914,"01771M04:02:47.164","01771 03:50:33",201.05,896.93,,,,"     ",5.30,27.99,17.31
1771,554680915,"01771M04:02:48.137","01771 03:50:34",201.07,896.92,,,,"     ",5.30,28.01,17.32
1771,554680916,"01771M04:02:49.110","01771 03:50:35",201.08,896.97,,,,"     ",5.30,27.94,17.25
1771,554680917,"01771M04:02:50.083","01771 03:50:36",201.09,896.99,,,,"     ",5.30,27.93,17.24
1771,554680918,"01771M04:02:51.057","01771 03:50:37",201.10,896.96,,,,"     ",5.30,27.87,17.18
1771,554680919,"01771M04:02:52.030","01771 03:50:38",201.12,897.02,,,,"     ",5.30,27.96,17.22
1771,554680920,"01771M04:02:53.003","01771 03:50:39",201.14,897.07,,,,"     ",5.30,27.95,17.21
1771,554680921,"01771M04:02:53.977","01771 03:50:40",201.16,896.97,,,,"     ",5.30,28.02,17.23
1771,554680922,"01771M04:02:54.950","01771 03:50:41",201.19,896.99,,,,"     ",5.30,27.99,17.20
1771,554680923,"01771M04:02:55.923","01771 03:50:42",201.22,896.92,,,,"     ",5.30,28.00,17.19
1771,554680924,"01771M04:02:56.896","01771 03:50:43",201.25,896.95,,,,"     ",5.30,28.01,17.18
1771,554680925,"01771M04:02:57.870","01771 03:50:44",201.27,897.00,,,,"     ",5.30,27.99,17.16
1771,554680926,"01771M04:02:58.843","01771 03:50:45",201.28,896.93,,,,"     ",5.30,28.01,17.16
1771,554680927,"01771M04:02:59.816","01771 03:50:46",201.28,896.92,,,,"     ",5.30,27.97,17.11
1771,554680928,"01771M04:03:00.789","01771 03:50:47",201.26,896.99,,,,"     ",5.30,28.00,17.13
1771,554680929,"01771M04:03:01.763","01771 03:50:47",201.23,896.93,,,,"     ",5.30,28.08,17.17
1771,554680930,"01771M04:03:02.736","01771 03:50:48",201.18,896.97,,,,"     ",5.30,28.10,17.17
1771,554680931,"01771M04:03:03.709","01771 03:50:49",201.12,896.94,,,,"     ",5.30,28.03,17.11
1771,554680932,"01771M04:03:04.682","01771 03:50:50",201.07,896.94,,,,"     ",5.30,28.03,17.09
1771,554680933,"01771M04:03:05.656","01771 03:50:51",201.01,896.88,,,,"     ",5.30,28.09,17.12
1771,554680934,"01771M04:03:06.629","01771 03:50:52",200.97,896.87,,,,"     ",5.30,28.05,17.09
1771,554680935,"01771M04:03:07.602","01771 03:50:53",200.93,896.90,,,,"     ",5.30,28.08,17.10
1771,554680936,"01771M04:03:08.575","01771 03:50:54",200.92,896.90,,,,"     ",5.30,28.03,17.05
1771,554680937,"01771M04:03:09.549","01771 03:50:55",200.92,896.94,,,,"     ",5.30,28.07,17.07
1771,554680938,"01771M04:03:10.522","01771 03:50:56",200.92,896.98,,,,"     ",5.30,28.11,17.08
1771,554680939,"01771M04:03:11.495","01771 03:50:57",200.93,896.98,,,,"     ",5.30,28.04,17.02
1771,554680940,"01771M04:03:12.468","01771 03:50:58",200.94,897.04,,,,"     ",5.30,28.15,17.08
1771,554680941,"01771M04:03:13.442","01771 03:50:59",200.95,896.99,,,,"     ",5.30,28.19,17.10
1771,554680942,"01771M04:03:14.415","01771 03:51:00",200.95,896.95,,,,"     ",5.30,28.16,17.06
1771,554680943,"01771M04:03:15.388","01771 03:51:01",200.96,896.93,,,,"     ",5.30,28.11,17.02
1771,554680944,"01771M04:03:16.361","01771 03:51:02",200.96,896.93,,,,"     ",5.30,28.14,17.03
1771,554680945,"01771M04:03:17.335","01771 03:51:03",200.96,896.93,,,,"     ",5.30,28.09,16.99
1771,554680946,"01771M04:03:18.308","01771 03:51:04",200.96,896.99,,,,"     ",5.30,28.10,16.99
1771,554680947,"01771M04:03:19.281","01771 03:51:05",200.96,896.93,,,,"     ",5.30,28.13,16.99
1771,554680948,"01771M04:03:20.254","01771 03:51:06",200.95,896.94,,,,"     ",5.30,27.98,16.89
1771,554680949,"01771M04:03:21.228","01771 03:51:07",200.93,897.00,,,,"     ",5.30,28.01,16.90
1771,554680950,"01771M04:03:22.201","01771 03:51:08",200.91,896.93,,,,"     ",5.30,28.07,16.93
1771,554680951,"01771M04:03:23.174","01771 03:51:09",200.87,897.08,,,,"     ",5.30,28.05,16.91
1771,554680952,"01771M04:03:24.147","01771 03:51:10",200.83,896.99,,,,"     ",5.30,28.07,16.91
1771,554680953,"01771M04:03:25.121","01771 03:51:11",200.79,896.89,,,,"     ",5.30,28.09,16.91
1771,554680954,"01771M04:03:26.094","01771 03:51:12",200.75,897.06,,,,"     ",5.30,28.07,16.89
1771,554680955,"01771M04:03:27.067","01771 03:51:13",200.71,896.93,,,,"     ",5.30,28.08,16.88
1771,554680956,"01771M04:03:28.040","01771 03:51:14",200.69,897.00,,,,"     ",5.30,28.07,16.87
1771,554680957,"01771M04:03:29.014","01771 03:51:15",200.68,896.95,,,,"     ",5.30,28.05,16.85
1771,554680958,"01771M04:03:29.987","01771 03:51:16",200.68,896.92,,,,"     ",5.30,28.10,16.86
1771,554680959,"01771M04:03:30.960","01771 03:51:17",200.70,896.94,,,,"     ",5.30,28.14,16.88
1771,554680960,"01771M04:03:31.933","01771 03:51:18",200.74,897.11,,,,"     ",5.30,28.17,16.89
1771,554680961,"01771M04:03:32.907","01771 03:51:19",200.80,897.12,,,,"     ",5.30,28.11,16.85
1771,554680962,"01771M04:03:33.880","01771 03:51:20",200.88,897.13,,,,"     ",5.30,28.05,16.80
1771,554680963,"01771M04:03:34.853","01771 03:51:21",200.98,897.01,,,,"     ",5.30,28.22,16.89
1771,554680964,"01771M04:03:35.826","01771 03:51:22",201.08,896.95,,,,"     ",5.30,28.12,16.82
1771,554680965,"01771M04:03:36.800","01771 03:51:23",201.19,896.95,,,,"     ",5.30,28.10,16.80
1771,554680966,"01771M04:03:37.773","01771 03:51:24",201.29,896.97,,,,"     ",5.30,28.06,16.76
1771,554680967,"01771M04:03:38.746","01771 03:51:24",201.38,897.03,,,,"     ",5.30,28.01,16.73
1771,554680968,"01771M04:03:39.719","01771 03:51:25",201.44,896.98,,,,"     ",5.30,28.09,16.77
1771,554680969,"01771M04:03:40.693","01771 03:51:26",201.48,896.92,,,,"     ",5.30,28.12,16.77
1771,554680970,"01771M04:03:41.666","01771 03:51:27",201.50,896.94,,,,"     ",5.30,28.07,16.73
1771,554680971,"01771M04:03:42.639","01771 03:51:28",201.50,896.92,,,,"     ",5.30,28.12,16.75
1771,554680972,"01771M04:03:43.612","01771 03:51:29",201.48,896.95,,,,"     ",5.30,28.17,16.77
1771,554680973,"01771M04:03:44.586","01771 03:51:30",201.45,896.91,,,,"     ",5.30,28.08,16.70
1771,554680974,"01771M04:03:45.559","01771 03:51:31",201.42,896.99,,,,"     ",5.30,28.07,16.69
1771,554680975,"01771M04:03:46.532","01771 03:51:32",201.37,896.94,,,,"     ",5.30,28.11,16.70
1771,554680976,"01771M04:03:47.505","01771 03:51:33",201.32,896.95,,,,"     ",5.30,28.06,16.66
1771,554680977,"01771M04:03:48.479","01771 03:51:34",201.26,896.94,,,,"     ",5.30,28.13,16.70
1771,554680978,"01771M04:03:49.452","01771 03:51:35",201.20,896.95,,,,"     ",5.30,28.06,16.64
1771,554680979,"01771M04:03:50.425","01771 03:51:36",201.14,896.97,,,,"     ",5.30,28.13,16.68
1771,554680980,"01771M04:03:51.398","01771 03:51:37",201.08,897.04,,,,"     ",5.30,27.95,16.56
1771,554680981,"01771M04:03:52.372","01771 03:51:38",201.03,897.01,,,,"     ",5.30,28.10,16.65
1771,554680982,"01771M04:03:53.345","01771 03:51:39",200.99,897.06,,,,"     ",5.30,28.01,16.57
1771,554680983,"01771M04:03:54.318","01771 03:51:40",200.95,896.97,,,,"     ",5.30,27.98,16.55
1771,554680984,"01771M04:03:55.291","01771 03:51:41",200.93,896.94,,,,"     ",5.30,28.03,16.56
1771,554680985,"01771M04:03:56.265","01771 03:51:42",200.91,896.98,,,,"     ",5.30,28.07,16.58
1771,554680986,"01771M04:03:57.238","01771 03:51:43",200.91,896.93,,,,"     ",5.30,28.06,16.56
1771,554680987,"01771M04:03:58.211","01771 03:51:44",200.91,896.94,,,,"     ",5.30,28.09,16.57
1771,554680988,"01771M04:03:59.184","01771 03:51:45",200.93,896.94,,,,"     ",5.30,28.03,16.52
1771,554680989,"01771M04:04:00.158","01771 03:51:46",200.95,896.94,,,,"     ",5.30,28.18,16.60
1771,554680990,"01771M04:04:01.131","01771 03:51:47",200.99,896.92,,,,"     ",5.30,28.07,16.53
1771,554680991,"01771M04:04:02.104","01771 03:51:48",201.04,896.96,,,,"     ",5.30,28.02,16.48
1771,554680992,"01771M04:04:03.078","01771 03:51:49",201.09,896.86,,,,"     ",5.30,28.02,16.47
1771,554680993,"01771M04:04:04.051","01771 03:51:50",201.15,896.98,,,,"     ",5.30,28.00,16.46
1771,554680994,"01771M04:04:05.024","01771 03:51:51",201.21,896.95,,,,"     ",5.30,28.05,16.48
1771,554680995,"01771M04:04:05.997","01771 03:51:52",201.26,896.95,,,,"     ",5.30,28.12,16.51
1771,554680996,"01771M04:04:06.971","01771 03:51:53",201.29,896.96,,,,"     ",5.30,28.14,16.51
1771,554680997,"01771M04:04:07.944","01771 03:51:54",201.32,896.93,,,,"     ",5.30,28.11,16.48
1771,554680998,"01771M04:04:08.917","01771 03:51:55",201.33,896.88,,,,"     ",5.30,28.15,16.49
1771,554680999,"01771M04:04:09.890","01771 03:51:56",201.35,896.92,,,,"     ",5.30,28.09,16.45
1771,554681000,"01771M04:04:10.864","01771 03:51:57",201.35,896.90,,,,"     ",5.30,28.14,16.47
1771,554681001,"01771M04:04:11.837","01771 03:51:58",201.36,896.95,,,,"     ",5.30,28.13,16.44
1771,554681002,"01771M04:04:12.810","01771 03:51:59",201.37,896.95,,,,"     ",5.30,28.08,16.41
1771,554681003,"01771M04:04:13.783","01771 03:52:00",201.37,897.00,,,,"     ",5.30,28.04,16.38
1771,554681004,"01771M04:04:14.757","01771 03:52:01",201.37,896.97,,,,"     ",5.30,28.11,16.41
1771,554681005,"01771M04:04:15.730","01771 03:52:01",201.37,897.09,,,,"     ",5.30,28.13,16.42
1771,554681006,"01771M04:04:16.703","01771 03:52:02",201.37,897.04,,,,"     ",5.30,28.17,16.43
1771,554681007,"01771M04:04:17.676","01771 03:52:03",201.36,896.95,,,,"     ",5.30,28.17,16.42
1771,554681008,"01771M04:04:18.650","01771 03:52:04",201.35,896.97,,,,"     ",5.30,28.06,16.34
1771,554681009,"01771M04:04:19.623","01771 03:52:05",201.34,896.86,,,,"     ",5.30,28.11,16.37
1771,554681010,"01771M04:04:20.596","01771 03:52:06",201.33,896.88,,,,"     ",5.30,28.14,16.37
1771,554681011,"01771M04:04:21.569","01771 03:52:07",201.32,896.95,,,,"     ",5.30,28.19,16.40
1771,554681012,"01771M04:04:22.543","01771 03:52:08",201.29,896.92,,,,"     ",5.30,28.15,16.37
1771,554681013,"01771M04:04:23.516","01771 03:52:09",201.25,896.93,,,,"     ",5.30,28.10,16.33
1771,554681014,"01771M04:04:24.489","01771 03:52:10",201.21,896.96,,,,"     ",5.30,28.06,16.29
1771,554681015,"01771M04:04:25.462","01771 03:52:11",201.16,896.95,,,,"     ",5.30,28.10,16.31
1771,554681016,"01771M04:04:26.436","01771 03:52:12",201.11,896.94,,,,"     ",5.30,28.31,16.43
1771,554681017,"01771M04:04:27.409","01771 03:52:13",201.05,896.92,,,,"     ",5.30,28.17,16.33
1771,554681018,"01771M04:04:28.382","01771 03:52:14",200.99,897.03,,,,"     ",5.30,28.11,16.29
1771,554681019,"01771M04:04:29.355","01771 03:52:15",200.93,896.99,,,,"     ",5.30,28.09,16.27
1771,554681020,"01771M04:04:30.329","01771 03:52:16",200.86,896.92,,,,"     ",5.30,28.15,16.30
1771,554681021,"01771M04:04:31.302","01771 03:52:17",200.79,896.82,,,,"     ",5.30,28.13,16.28
1771,554681022,"01771M04:04:32.275","01771 03:52:18",200.72,896.77,,,,"     ",5.30,28.18,16.30
1771,554681023,"01771M04:04:33.248","01771 03:52:19",200.66,896.97,,,,"     ",5.30,28.15,16.28
1771,554681024,"01771M04:04:34.222","01771 03:52:20",200.60,896.90,,,,"     ",5.30,28.14,16.26
1771,554681025,"01771M04:04:35.195","01771 03:52:21",200.55,896.92,,,,"     ",5.30,28.17,16.27
1771,554681026,"01771M04:04:36.168","01771 03:52:22",200.51,896.90,,,,"     ",5.30,28.12,16.24
1771,554681027,"01771M04:04:37.141","01771 03:52:23",200.48,896.86,,,,"     ",5.30,28.24,16.29
1771,554681028,"01771M04:04:38.115","01771 03:52:24",200.47,897.00,,,,"     ",5.30,28.16,16.24
1771,554681029,"01771M04:04:39.088","01771 03:52:25",200.48,897.06,,,,"     ",5.30,28.19,16.26
1771,554681030,"01771M04:04:40.061","01771 03:52:26",200.50,897.11,,,,"     ",5.30,28.20,16.25
1771,554681031,"01771M04:04:41.034","01771 03:52:27",200.53,896.98,,,,"     ",5.30,28.30,16.30
1771,554681032,"01771M04:04:42.008","01771 03:52:28",200.57,896.93,,,,"     ",5.30,28.27,16.27
1771,554681033,"01771M04:04:42.981","01771 03:52:29",200.61,896.91,,,,"     ",5.30,28.21,16.23
1771,554681034,"01771M04:04:43.954","01771 03:52:30",200.66,896.95,,,,"     ",5.30,28.19,16.21
1771,554681035,"01771M04:04:44.927","01771 03:52:31",200.71,896.97,,,,"     ",5.30,28.24,16.23
1771,554681036,"01771M04:04:45.901","01771 03:52:32",200.76,896.95,,,,"     ",5.30,28.24,16.22
1771,554681037,"01771M04:04:46.874","01771 03:52:33",200.81,896.97,,,,"     ",5.30,28.18,16.19
1771,554681038,"01771M04:04:47.847","01771 03:52:34",200.85,896.93,,,,"     ",5.30,28.25,16.21
1771,554681039,"01771M04:04:48.820","01771 03:52:35",200.89,896.88,,,,"     ",5.30,28.28,16.23
1771,554681040,"01771M04:04:49.794","01771 03:52:36",200.91,896.87,,,,"     ",5.30,28.19,16.16
1771,554681041,"01771M04:04:50.767","01771 03:52:37",200.93,896.94,,,,"     ",5.30,28.20,16.16
1771,554681042,"01771M04:04:51.740","01771 03:52:37",200.94,896.87,,,,"     ",5.30,28.31,16.22
1771,554681043,"01771M04:04:52.713","01771 03:52:38",200.94,896.93,,,,"     ",5.30,28.27,16.18
1771,554681044,"01771M04:04:53.687","01771 03:52:39",200.95,896.90,,,,"     ",5.30,28.23,16.15
1771,554681045,"01771M04:04:54.660","01771 03:52:40",200.95,896.96,,,,"     ",5.30,28.23,16.14
1771,554681046,"01771M04:04:55.633","01771 03:52:41",200.95,897.01,,,,"     ",5.30,28.26,16.15
1771,554681047,"01771M04:04:56.606","01771 03:52:42",200.95,896.99,,,,"     ",5.30,28.35,16.19
1771,554681048,"01771M04:04:57.580","01771 03:52:43",200.94,897.03,,,,"     ",5.30,28.39,16.21
1771,554681049,"01771M04:04:58.553","01771 03:52:44",200.93,896.96,,,,"     ",5.30,28.35,16.18
1771,554681050,"01771M04:04:59.526","01771 03:52:45",200.91,896.96,,,,"     ",5.30,28.34,16.16
1771,554681051,"01771M04:05:00.499","01771 03:52:46",200.90,896.96,,,,"     ",5.30,28.27,16.11
1771,554681052,"01771M04:05:01.473","01771 03:52:47",200.89,896.93,,,,"     ",5.30,28.38,16.16
1771,554681053,"01771M04:05:02.446","01771 03:52:48",200.88,897.02,,,,"     ",5.30,28.32,16.12
1771,554681054,"01771M04:05:03.419","01771 03:52:49",200.87,897.02,,,,"     ",5.30,28.34,16.13
1771,554681055,"01771M04:05:04.392","01771 03:52:50",200.87,896.95,,,,"     ",5.30,28.34,16.10
1771,554681056,"01771M04:05:05.366","01771 03:52:51",200.87,896.91,,,,"     ",5.30,28.41,16.14
1771,554681057,"01771M04:05:06.339","01771 03:52:52",200.87,896.95,,,,"     ",5.30,28.37,16.10
1771,554681058,"01771M04:05:07.312","01771 03:52:53",200.88,896.97,,,,"     ",5.30,28.28,16.04
1771,554681059,"01771M04:05:08.285","01771 03:52:54",200.88,896.95,,,,"     ",5.30,28.37,16.08
1771,554681060,"01771M04:05:09.259","01771 03:52:55",200.90,896.99,,,,"     ",5.30,28.36,16.08
1771,554681061,"01771M04:05:10.232","01771 03:52:56",200.91,896.98,,,,"     ",5.30,28.37,16.07
1771,554681062,"01771M04:05:11.205","01771 03:52:57",200.93,897.00,,,,"     ",5.30,28.41,16.09
1771,554681063,"01771M04:05:12.178","01771 03:52:58",200.96,896.99,,,,"     ",5.30,28.45,16.10
1771,554681064,"01771M04:05:13.152","01771 03:52:59",200.98,896.92,,,,"     ",5.30,28.43,16.08
1771,554681065,"01771M04:05:14.125","01771 03:53:00",200.99,896.95,,,,"     ",5.30,28.48,16.10
1771,554681066,"01771M04:05:15.098","01771 03:53:01",201.01,896.88,,,,"     ",5.30,28.46,16.07
1771,554681067,"01771M04:05:16.072","01771 03:53:02",201.02,896.90,,,,"     ",5.30,28.42,16.04
1771,554681068,"01771M04:05:17.045","01771 03:53:03",201.02,896.91,,,,"     ",5.30,28.34,15.99
1771,554681069,"01771M04:05:18.018","01771 03:53:04",201.02,896.90,,,,"     ",5.30,28.44,16.03
1771,554681070,"01771M04:05:18.991","01771 03:53:05",201.03,897.04,,,,"     ",5.30,28.33,15.97
1771,554681071,"01771M04:05:19.965","01771 03:53:06",201.03,897.00,,,,"     ",5.30,28.39,15.99
1771,554681072,"01771M04:05:20.938","01771 03:53:07",201.04,897.02,,,,"     ",5.30,28.28,15.92
1771,554681073,"01771M04:05:21.911","01771 03:53:08",201.04,896.95,,,,"     ",5.30,28.35,15.95
1771,554681074,"01771M04:05:22.884","01771 03:53:09",201.04,896.91,,,,"     ",5.30,28.32,15.93
1771,554681075,"01771M04:05:23.858","01771 03:53:10",201.04,896.99,,,,"     ",5.30,28.38,15.95
1771,554681076,"01771M04:05:24.831","01771 03:53:11",201.03,896.95,,,,"     ",5.30,28.30,15.91
1771,554681077,"01771M04:05:25.804","01771 03:53:12",201.01,896.90,,,,"     ",5.30,28.35,15.93
1771,554681078,"01771M04:05:26.777","01771 03:53:13",201.00,897.05,,,,"     ",5.30,28.35,15.92
1771,554681079,"01771M04:05:27.751","01771 03:53:14",201.00,897.03,,,,"     ",5.30,28.35,15.91
1771,554681080,"01771M04:05:28.724","01771 03:53:14",201.00,897.01,,,,"     ",5.30,28.33,15.89
1771,554681081,"01771M04:05:29.697","01771 03:53:15",200.99,896.98,,,,"     ",5.30,28.30,15.87
1771,554681082,"01771M04:05:30.670","01771 03:53:16",200.98,896.87,,,,"     ",5.30,28.38,15.90
1771,554681083,"01771M04:05:31.644","01771 03:53:17",200.97,896.91,,,,"     ",5.30,28.41,15.91
1771,554681084,"01771M04:05:32.617","01771 03:53:18",200.95,896.93,,,,"     ",5.30,28.34,15.86
1771,554681085,"01771M04:05:33.590","01771 03:53:19",200.93,896.82,,,,"     ",5.30,28.35,15.86
1771,554681086,"01771M04:05:34.563","01771 03:53:20",200.90,896.91,,,,"     ",5.30,28.31,15.83
1771,554681087,"01771M04:05:35.537","01771 03:53:21",200.86,896.95,,,,"     ",5.30,28.33,15.83
1771,554681088,"01771M04:05:36.510","01771 03:53:22",200.83,896.92,,,,"     ",5.30,28.35,15.84
1771,554681089,"01771M04:05:37.483","01771 03:53:23",200.80,896.93,,,,"     ",5.30,28.28,15.79
1771,554681090,"01771M04:05:38.456","01771 03:53:24",200.78,896.98,,,,"     ",5.30,28.36,15.83
1771,554681091,"01771M04:05:39.430","01771 03:53:25",200.75,896.98,,,,"     ",5.30,28.35,15.82
1771,554681092,"01771M04:05:40.403","01771 03:53:26",200.73,896.92,,,,"     ",5.30,28.32,15.79
1771,554681093,"01771M04:05:41.376","01771 03:53:27",200.72,896.87,,,,"     ",5.30,28.39,15.82
1771,554681094,"01771M04:05:42.349","01771 03:53:28",200.70,896.88,,,,"     ",5.30,28.24,15.73
1771,554681095,"01771M04:05:43.323","01771 03:53:29",200.69,896.93,,,,"     ",5.30,28.24,15.72
1771,554681096,"01771M04:05:44.296","01771 03:53:30",200.69,897.00,,,,"     ",5.30,28.27,15.73
1771,554681097,"01771M04:05:45.269","01771 03:53:31",200.69,896.98,,,,"     ",5.30,28.24,15.71
1771,554681098,"01771M04:05:46.242","01771 03:53:32",200.71,896.92,,,,"     ",5.30,28.34,15.76
1771,554681099,"01771M04:05:47.216","01771 03:53:33",200.73,896.97,,,,"     ",5.30,28.28,15.71
1771,554681100,"01771M04:05:48.189","01771 03:53:34",200.75,897.20,,,,"     ",5.30,28.32,15.74
1771,554681101,"01771M04:05:49.162","01771 03:53:35",200.78,897.06,,,,"     ",5.30,28.30,15.71
1771,554681102,"01771M04:05:50.135","01771 03:53:36",200.81,897.02,,,,"     ",5.30,28.30,15.71
1771,554681103,"01771M04:05:51.109","01771 03:53:37",200.84,896.95,,,,"     ",5.30,28.30,15.70
1771,554681104,"01771M04:05:52.082","01771 03:53:38",200.87,896.99,,,,"     ",5.30,28.33,15.70
1771,554681105,"01771M04:05:53.055","01771 03:53:39",200.90,896.92,,,,"     ",5.30,28.27,15.66
1771,554681106,"01771M04:05:54.028","01771 03:53:40",200.90,896.96,,,,"     ",5.30,28.29,15.67
1771,554681107,"01771M04:05:55.002","01771 03:53:41",200.91,896.96,,,,"     ",5.30,28.33,15.68
1771,554681108,"01771M04:05:55.975","01771 03:53:42",200.92,897.07,,,,"     ",5.30,28.31,15.67
1771,554681109,"01771M04:05:56.948","01771 03:53:43",200.93,896.83,,,,"     ",5.30,28.40,15.70
1771,554681110,"01771M04:05:57.921","01771 03:53:44",200.95,896.85,,,,"     ",5.30,28.21,15.59
1771,554681111,"01771M04:05:58.895","01771 03:53:45",200.96,896.90,,,,"     ",5.30,28.35,15.67
1771,554681112,"01771M04:05:59.868","01771 03:53:46",200.97,896.90,,,,"     ",5.30,28.35,15.66
1771,554681113,"01771M04:06:00.841","01771 03:53:47",200.98,897.01,,,,"     ",5.30,28.27,15.61
1771,554681114,"01771M04:06:01.814","01771 03:53:48",200.98,896.96,,,,"     ",5.30,28.26,15.60
1771,554681115,"01771M04:06:02.788","01771 03:53:49",200.99,896.93,,,,"     ",5.30,28.34,15.63
1771,554681116,"01771M04:06:03.761","01771 03:53:50",201.00,896.95,,,,"     ",5.30,28.24,15.57
1771,554681117,"01771M04:06:04.734","01771 03:53:51",201.00,896.94,,,,"     ",5.30,28.27,15.58
1771,554681118,"01771M04:06:05.707","01771 03:53:51",201.01,896.90,,,,"     ",5.30,28.31,15.59
1771,554681119,"01771M04:06:06.681","01771 03:53:52",201.01,896.96,,,,"     ",5.30,28.29,15.57
1771,554681120,"01771M04:06:07.654","01771 03:53:53",201.01,896.94,,,,"     ",5.30,28.25,15.55
1771,554681121,"01771M04:06:08.627","01771 03:53:54",201.02,897.01,,,,"     ",5.30,28.31,15.58
1771,554681122,"01771M04:06:09.600","01771 03:53:55",201.02,896.90,,,,"     ",5.30,28.30,15.56
1771,554681123,"01771M04:06:10.574","01771 03:53:56",201.03,896.89,,,,"     ",5.30,28.29,15.55
1771,554681124,"01771M04:06:11.547","01771 03:53:57",201.03,896.90,,,,"     ",5.30,28.23,15.50
1771,554681125,"01771M04:06:12.520","01771 03:53:58",201.03,896.85,,,,"     ",5.30,28.36,15.57
1771,554684525,"01771M05:01:21.582","01771 04:49:08",195.51,898.31,,,,"     ",5.30,,
1771,554684526,"01771M05:01:22.555","01771 04:49:09",195.48,898.18,,,,"     ",5.30,23.38,20.17
1771,554684527,"01771M05:01:23.529","01771 04:49:10",195.46,898.11,,,,"     ",5.30,23.38,20.12
1771,554684528,"01771M05:01:24.502","01771 04:49:11",195.44,898.19,,,,"     ",5.30,23.43,20.12
1771,554684529,"01771M05:01:25.475","01771 04:49:12",195.43,898.04,,,,"     ",5.30,23.46,20.11
1771,554684530,"01771M05:01:26.448","01771 04:49:13",195.42,898.08,,,,"     ",5.30,23.46,20.06
1771,554684531,"01771M05:01:27.422","01771 04:49:14",195.41,898.10,,,,"     ",5.30,23.48,20.03
1771,554684532,"01771M05:01:28.395","01771 04:49:15",195.41,898.13,,,,"     ",5.30,23.49,20.00
1771,554684533,"01771M05:01:29.368","01771 04:49:16",195.41,898.10,,,,"     ",5.30,23.52,19.99
1771,554684534,"01771M05:01:30.341","01771 04:49:17",195.64,898.21,,,,"     ",5.30,23.53,19.95
1771,554684535,"01771M05:01:31.315","01771 04:49:18",195.66,898.08,,,,"     ",5.30,23.74,20.09
1771,554684536,"01771M05:01:32.288","01771 04:49:19",195.67,898.04,,,,"     ",5.30,23.54,19.88
1771,554684537,"01771M05:01:33.261","01771 04:49:20",195.69,898.03,,,,"     ",5.30,23.56,19.85
1771,554684538,"01771M05:01:34.234","01771 04:49:21",195.71,898.00,,,,"     ",5.30,23.63,19.88
1771,554684539,"01771M05:01:35.208","01771 04:49:22",195.72,898.10,,,,"     ",5.30,23.59,19.80
1771,554684540,"01771M05:01:36.181","01771 04:49:23",195.74,898.10,,,,"     ",5.30,23.58,19.75
1771,554684541,"01771M05:01:37.154","01771 04:49:24",195.75,898.04,,,,"     ",5.30,23.62,19.75
1771,554684542,"01771M05:01:38.127","01771 04:49:25",195.76,898.13,,,,"     ",5.30,23.65,19.75
1771,554684543,"01771M05:01:39.101","01771 04:49:26",195.78,898.11,,,,"     ",5.30,23.66,19.72
1771,554684544,"01771M05:01:40.074","01771 04:49:27",195.80,898.24,,,,"     ",5.30,23.60,19.63
1771,554684545,"01771M05:01:41.047","01771 04:49:28",195.84,898.25,,,,"     ",5.30,23.69,19.68
1771,554684546,"01771M05:01:42.020","01771 04:49:29",195.89,898.16,,,,"     ",5.30,23.71,19.66
1771,554684547,"01771M05:01:42.994","01771 04:49:30",195.94,898.11,,,,"     ",5.30,23.67,19.59
1771,554684548,"01771M05:01:43.967","01771 04:49:31",195.99,898.02,,,,"     ",5.30,23.72,19.60
1771,554684549,"01771M05:01:44.940","01771 04:49:32",196.04,898.17,,,,"     ",5.30,23.74,19.59
1771,554684550,"01771M05:01:45.913","01771 04:49:32",196.09,898.02,,,,"     ",5.30,23.73,19.54
1771,554684551,"01771M05:01:46.887","01771 04:49:33",196.13,898.05,,,,"     ",5.30,23.73,19.52
1771,554684552,"01771M05:01:47.860","01771 04:49:34",196.16,898.03,,,,"     ",5.30,23.78,19.53
1771,554684553,"01771M05:01:48.833","01771 04:49:35",196.20,898.15,,,,"     ",5.30,23.78,19.50
1771,554684554,"01771M05:01:49.806","01771 04:49:36",196.22,898.13,,,,"     ",5.30,23.76,19.46
1771,554684555,"01771M05:01:50.780","01771 04:49:37",196.24,898.14,,,,"     ",5.30,23.79,19.46
1771,554684556,"01771M05:01:51.753","01771 04:49:38",196.25,898.18,,,,"     ",5.30,23.79,19.43
1771,554684557,"01771M05:01:52.726","01771 04:49:39",196.26,898.12,,,,"     ",5.30,23.80,19.40
1771,554684558,"01771M05:01:53.699","01771 04:49:40",196.27,898.11,,,,"     ",5.30,23.79,19.36
1771,554684559,"01771M05:01:54.673","01771 04:49:41",196.29,898.20,,,,"     ",5.30,23.83,19.38
1771,554684560,"01771M05:01:55.646","01771 04:49:42",196.31,898.09,,,,"     ",5.30,23.85,19.36
1771,554684561,"01771M05:01:56.619","01771 04:49:43",196.25,898.11,,,,"     ",5.30,23.82,19.32
1771,554684562,"01771M05:01:57.592","01771 04:49:44",196.27,898.11,,,,"     ",5.30,23.86,19.32
1771,554684563,"01771M05:01:58.566","01771 04:49:45",196.37,898.09,,,,"     ",5.30,23.82,19.26
1771,554684564,"01771M05:01:59.539","01771 04:49:46",196.37,898.17,,,,"     ",5.30,23.86,19.28
1771,554684565,"01771M05:02:00.512","01771 04:49:47",196.36,898.20,,,,"     ",5.30,23.80,19.20
1771,554684566,"01771M05:02:01.485","01771 04:49:48",196.34,898.21,,,,"     ",5.30,23.84,19.22
1771,554684567,"01771M05:02:02.459","01771 04:49:49",196.30,898.17,,,,"     ",5.30,23.81,19.17
1771,554684568,"01771M05:02:03.432","01771 04:49:50",196.25,898.18,,,,"     ",5.30,23.88,19.20
1771,554684569,"01771M05:02:04.405","01771 04:49:51",196.00,898.15,,,,"     ",5.30,23.87,19.17
1771,554684570,"01771M05:02:05.378","01771 04:49:52",195.92,898.10,,,,"     ",5.30,23.87,19.15
1771,554684571,"01771M05:02:06.352","01771 04:49:53",195.84,898.21,,,,"     ",5.30,23.93,19.18
1771,554684572,"01771M05:02:07.325","01771 04:49:54",195.76,898.14,,,,"     ",5.30,23.89,19.13
1771,554684573,"01771M05:02:08.298","01771 04:49:55",195.68,898.11,,,,"     ",5.30,23.93,19.14
1771,554684574,"01771M05:02:09.271","01771 04:49:56",195.60,898.07,,,,"     ",5.30,23.87,19.07
1771,554684575,"01771M05:02:10.245","01771 04:49:57",195.52,898.12,,,,"     ",5.30,23.96,19.12
1771,554684576,"01771M05:02:11.218","01771 04:49:58",195.45,898.19,,,,"     ",5.30,23.86,19.02
1771,554684577,"01771M05:02:12.191","01771 04:49:59",195.38,898.18,,,,"     ",5.30,23.86,19.01
1771,554684578,"01771M05:02:13.164","01771 04:50:00",195.32,898.15,,,,"     ",5.30,23.90,19.02
1771,554684579,"01771M05:02:14.138","01771 04:50:01",195.26,898.23,,,,"     ",5.30,23.89,18.99
1771,554684580,"01771M05:02:15.111","01771 04:50:02",195.22,898.28,,,,"     ",5.30,23.93,19.00
1771,554684581,"01771M05:02:16.084","01771 04:50:03",195.20,898.23,,,,"     ",5.30,23.85,18.92
1771,554684582,"01771M05:02:17.058","01771 04:50:04",195.20,898.06,,,,"     ",5.30,23.92,18.95
1771,554684583,"01771M05:02:18.031","01771 04:50:05",195.22,898.11,,,,"     ",5.30,23.88,18.91
1771,554684584,"01771M05:02:19.004","01771 04:50:06",195.25,898.13,,,,"     ",5.30,23.93,18.94
1771,554684585,"01771M05:02:19.977","01771 04:50:07",195.28,898.02,,,,"     ",5.30,23.88,18.87
1771,554684586,"01771M05:02:20.951","01771 04:50:08",195.33,898.02,,,,"     ",5.30,23.88,18.87
1771,554684587,"01771M05:02:21.924","01771 04:50:09",195.37,898.19,,,,"     ",5.30,23.89,18.86
1771,554684588,"01771M05:02:22.897","01771 04:50:09",195.42,897.97,,,,"     ",5.30,24.05,18.97
1771,554684589,"01771M05:02:23.870","01771 04:50:10",195.47,898.03,,,,"     ",5.30,23.91,18.84
1771,554684590,"01771M05:02:24.844","01771 04:50:11",195.53,898.06,,,,"     ",5.30,23.93,18.84
1771,554684591,"01771M05:02:25.817","01771 04:50:12",195.57,898.08,,,,"     ",5.30,23.90,18.80
1771,554684592,"01771M05:02:26.790","01771 04:50:13",195.61,898.08,,,,"     ",5.30,23.94,18.82
1771,554684593,"01771M05:02:27.763","01771 04:50:14",195.63,898.10,,,,"     ",5.30,23.92,18.79
1771,554684594,"01771M05:02:28.737","01771 04:50:15",195.64,898.14,,,,"     ",5.30,23.89,18.75
1771,554684595,"01771M05:02:29.710","01771 04:50:16",195.65,898.08,,,,"     ",5.30,23.83,18.69
1771,554684596,"01771M05:02:30.683","01771 04:50:17",195.67,898.16,,,,"     ",5.30,23.89,18.72
1771,554684597,"01771M05:02:31.656","01771 04:50:18",195.70,898.20,,,,"     ",5.30,23.84,18.67
1771,554684598,"01771M05:02:32.630","01771 04:50:19",195.73,898.10,,,,"     ",5.30,23.80,18.62
1771,554684599,"01771M05:02:33.603","01771 04:50:20",195.77,898.06,,,,"     ",5.30,23.88,18.68
1771,554684600,"01771M05:02:34.576","01771 04:50:21",195.81,898.27,,,,"     ",5.30,23.80,18.60
1771,554684601,"01771M05:02:35.549","01771 04:50:22",195.85,898.21,,,,"     ",5.30,23.92,18.68
1771,554684602,"01771M05:02:36.523","01771 04:50:23",195.90,898.22,,,,"     ",5.30,23.89,18.65
1771,554684603,"01771M05:02:37.496","01771 04:50:24",195.94,898.19,,,,"     ",5.30,23.84,18.60
1771,554684604,"01771M05:02:38.469","01771 04:50:25",195.98,898.21,,,,"     ",5.30,23.85,18.60
1771,554684605,"01771M05:02:39.442","01771 04:50:26",196.02,898.32,,,,"     ",5.30,23.82,18.56
1771,554684606,"01771M05:02:40.416","01771 04:50:27",196.04,898.24,,,,"     ",5.30,23.89,18.60
1771,554684607,"01771M05:02:41.389","01771 04:50:28",196.05,898.15,,,,"     ",5.30,23.94,18.63
1771,554684608,"01771M05:02:42.362","01771 04:50:29",196.05,898.16,,,,"     ",5.30,23.92,18.60
1771,554684609,"01771M05:02:43.335","01771 04:50:30",196.05,898.14,,,,"     ",5.30,23.80,18.49
1771,554684610,"01771M05:02:44.309","01771 04:50:31",196.05,898.15,,,,"     ",5.30,23.89,18.56
1771,554684611,"01771M05:02:45.282","01771 04:50:32",196.04,898.14,,,,"     ",5.30,23.91,18.56
1771,554684612,"01771M05:02:46.255","01771 04:50:33",196.03,898.08,,,,"     ",5.30,23.85,18.50
1771,554684613,"01771M05:02:47.228","01771 04:50:34",196.01,898.07,,,,"     ",5.30,23.86,18.50
1771,554684614,"01771M05:02:48.202","01771 04:50:35",195.98,898.16,,,,"     ",5.30,23.83,18.46
1771,554684615,"01771M05:02:49.175","01771 04:50:36",195.95,898.24,,,,"     ",5.30,23.80,18.43
1771,554684616,"01771M05:02:50.148","01771 04:50:37",195.91,898.14,,,,"     ",5.30,23.83,18.44
1771,554684617,"01771M05:02:51.121","01771 04:50:38",195.86,898.19,,,,"     ",5.30,23.80,18.40
1771,554684618,"01771M05:02:52.095","01771 04:50:39",195.82,898.18,,,,"     ",5.30,23.77,18.37
1771,554684619,"01771M05:02:53.068","01771 04:50:40",195.78,898.18,,,,"     ",5.30,23.81,18.39
1771,554684620,"01771M05:02:54.041","01771 04:50:41",195.73,898.20,,,,"     ",5.30,23.83,18.40
1771,554684621,"01771M05:02:55.014","01771 04:50:42",195.69,898.21,,,,"     ",5.30,23.82,18.37
1771,554684622,"01771M05:02:55.988","01771 04:50:43",195.65,898.23,,,,"     ",5.30,23.79,18.34
1771,554684623,"01771M05:02:56.961","01771 04:50:44",195.61,898.19,,,,"     ",5.30,23.89,18.41
1771,554684624,"01771M05:02:57.934","01771 04:50:45",195.59,898.22,,,,"     ",5.30,23.81,18.34
1771,554684625,"01771M05:02:58.907","01771 04:50:46",195.57,898.18,,,,"     ",5.30,23.87,18.37
1771,554684626,"01771M05:02:59.881","01771 04:50:46",195.57,898.31,,,,"     ",5.30,23.78,18.30
1771,554684627,"01771M05:03:00.854","01771 04:50:47",195.57,898.24,,,,"     ",5.30,23.82,18.32
1771,554684628,"01771M05:03:01.827","01771 04:50:48",195.57,898.27,,,,"     ",5.30,23.97,18.42
1771,554684629,"01771M05:03:02.800","01771 04:50:49",195.56,898.34,,,,"     ",5.30,23.80,18.29
1771,554684630,"01771M05:03:03.774","01771 04:50:50",195.56,898.25,,,,"     ",5.30,23.86,18.32
1771,554684631,"01771M05:03:04.747","01771 04:50:51",195.54,898.30,,,,"     ",5.30,23.75,18.22
1771,554684632,"01771M05:03:05.720","01771 04:50:52",195.52,898.26,,,,"     ",5.30,23.79,18.25
1771,554684633,"01771M05:03:06.693","01771 04:50:53",195.49,898.17,,,,"     ",5.30,23.76,18.22
1771,554684634,"01771M05:03:07.667","01771 04:50:54",195.46,898.14,,,,"     ",5.30,23.79,18.23
1771,554684635,"01771M05:03:08.640","01771 04:50:55",195.44,898.31,,,,"     ",5.30,23.71,18.15
1771,554684636,"01771M05:03:09.613","01771 04:50:56",195.41,898.37,,,,"     ",5.30,23.78,18.20
1771,554684637,"01771M05:03:10.586","01771 04:50:57",195.39,898.29,,,,"     ",5.30,23.78,18.20
1771,554684638,"01771M05:03:11.560","01771 04:50:58",195.38,898.18,,,,"     ",5.30,23.72,18.13
1771,554684639,"01771M05:03:12.533","01771 04:50:59",195.38,898.12,,,,"     ",5.30,23.79,18.18
1771,554684640,"01771M05:03:13.506","01771 04:51:00",195.37,898.15,,,,"     ",5.30,23.78,18.16
1771,554684641,"01771M05:03:14.479","01771 04:51:01",195.36,898.19,,,,"     ",5.30,23.75,18.14
1771,554684642,"01771M05:03:15.453","01771 04:51:02",195.35,898.16,,,,"     ",5.30,23.68,18.07
1771,554684643,"01771M05:03:16.426","01771 04:51:03",195.33,898.27,,,,"     ",5.30,23.68,18.07
1771,554684644,"01771M05:03:17.399","01771 04:51:04",195.32,898.01,,,,"     ",5.30,23.80,18.14
1771,554684645,"01771M05:03:18.372","01771 04:51:05",195.31,898.10,,,,"     ",5.30,23.78,18.13
1771,554684646,"01771M05:03:19.346","01771 04:51:06",195.31,898.23,,,,"     ",5.30,23.76,18.10
1771,554684647,"01771M05:03:20.319","01771 04:51:07",195.30,898.14,,,,"     ",5.30,23.71,18.06
1771,554684648,"01771M05:03:21.292","01771 04:51:08",195.31,898.15,,,,"     ",5.30,23.71,18.04
1771,554684649,"01771M05:03:22.265","01771 04:51:09",195.32,898.05,,,,"     ",5.30,23.66,17.99
1771,554684650,"01771M05:03:23.239","01771 04:51:10",195.35,898.07,,,,"     ",5.30,23.66,17.99
1771,554684651,"01771M05:03:24.212","01771 04:51:11",195.38,898.19,,,,"     ",5.30,23.72,18.03
1771,554684652,"01771M05:03:25.185","01771 04:51:12",195.42,898.14,,,,"     ",5.30,23.64,17.96
1771,554684653,"01771M05:03:26.159","01771 04:51:13",195.46,898.13,,,,"     ",5.30,23.67,17.98
1771,554684654,"01771M05:03:27.132","01771 04:51:14",195.50,898.15,,,,"     ",5.30,23.64,17.95
1771,554684655,"01771M05:03:28.105","01771 04:51:15",195.54,898.21,,,,"     ",5.30,23.71,17.99
1771,554684656,"01771M05:03:29.078","01771 04:51:16",195.58,898.26,,,,"     ",5.30,23.64,17.93
1771,554684657,"01771M05:03:30.052","01771 04:51:17",195.61,898.29,,,,"     ",5.30,23.65,17.92
1771,554684658,"01771M05:03:31.025","01771 04:51:18",195.64,898.28,,,,"     ",5.30,23.59,17.87
1771,554684659,"01771M05:03:31.998","01771 04:51:19",195.66,898.19,,,,"     ",5.30,23.71,17.95
1771,554684660,"01771M05:03:32.971","01771 04:51:20",195.69,898.26,,,,"     ",5.30,23.67,17.92
1771,554684661,"01771M05:03:33.945","01771 04:51:21",195.71,898.22,,,,"     ",5.30,23.67,17.90
1771,554684662,"01771M05:03:34.918","01771 04:51:22",195.73,898.20,,,,"     ",5.30,23.67,17.89
1771,554684663,"01771M05:03:35.891","01771 04:51:22",195.73,898.22,,,,"     ",5.30,23.71,17.91
1771,554684664,"01771M05:03:36.864","01771 04:51:23",195.73,898.24,,,,"     ",5.30,23.67,17.87
1771,554684665,"01771M05:03:37.838","01771 04:51:24",195.72,898.23,,,,"     ",5.30,23.64,17.83
1771,554684666,"01771M05:03:38.811","01771 04:51:25",195.70,898.24,,,,"     ",5.30,23.74,17.91
1771,554684667,"01771M05:03:39.784","01771 04:51:26",195.68,898.24,,,,"     ",5.30,23.69,17.86
1771,554684668,"01771M05:03:40.757","01771 04:51:27",195.66,898.22,,,,"     ",5.30,23.67,17.83
1771,554684669,"01771M05:03:41.731","01771 04:51:28",195.64,898.24,,,,"     ",5.30,23.65,17.81
1771,554684670,"01771M05:03:42.704","01771 04:51:29",195.62,898.23,,,,"     ",5.30,23.71,17.85
1771,554684671,"01771M05:03:43.677","01771 04:51:30",195.61,898.13,,,,"     ",5.30,23.67,17.80
1771,554684672,"01771M05:03:44.650","01771 04:51:31",195.60,898.06,,,,"     ",5.30,23.67,17.79
1771,554684673,"01771M05:03:45.624","01771 04:51:32",195.61,898.12,,,,"     ",5.30,23.68,17.79
1771,554684674,"01771M05:03:46.597","01771 04:51:33",195.62,898.16,,,,"     ",5.30,23.68,17.78
1771,554684675,"01771M05:03:47.570","01771 04:51:34",195.63,898.17,,,,"     ",5.30,23.67,17.76
1771,554684676,"01771M05:03:48.543","01771 04:51:35",195.64,898.19,,,,"     ",5.30,23.68,17.76
1771,554684677,"01771M05:03:49.517","01771 04:51:36",195.65,898.18,,,,"     ",5.30,23.76,17.81
1771,554684678,"01771M05:03:50.490","01771 04:51:37",195.66,898.15,,,,"     ",5.30,23.64,17.70
1771,554684679,"01771M05:03:51.463","01771 04:51:38",195.67,898.14,,,,"     ",5.30,23.66,17.71
1771,554684680,"01771M05:03:52.436","01771 04:51:39",195.68,898.13,,,,"     ",5.30,23.67,17.71
1771,554684681,"01771M05:03:53.410","01771 04:51:40",195.69,898.08,,,,"     ",5.30,23.71,17.73
1771,554684682,"01771M05:03:54.383","01771 04:51:41",195.69,898.19,,,,"     ",5.30,23.77,17.76
1771,554684683,"01771M05:03:55.356","01771 04:51:42",195.69,898.23,,,,"     ",5.30,23.67,17.68
1771,554684684,"01771M05:03:56.329","01771 04:51:43",195.69,898.17,,,,"     ",5.30,23.69,17.69
1771,554684685,"01771M05:03:57.303","01771 04:51:44",195.68,898.22,,,,"     ",5.30,23.60,17.61
1771,554684686,"01771M05:03:58.276","01771 04:51:45",195.67,898.19,,,,"     ",5.30,23.66,17.64
1771,554684687,"01771M05:03:59.249","01771 04:51:46",195.66,898.19,,,,"     ",5.30,23.64,17.62
1771,554684688,"01771M05:04:00.222","01771 04:51:47",195.63,898.23,,,,"     ",5.30,23.64,17.61
1771,554684689,"01771M05:04:01.196","01771 04:51:48",195.60,898.20,,,,"     ",5.30,23.66,17.61
1771,554684690,"01771M05:04:02.169","01771 04:51:49",195.57,898.14,,,,"     ",5.30,23.60,17.56
1771,554684691,"01771M05:04:03.142","01771 04:51:50",195.54,898.21,,,,"     ",5.30,23.69,17.62
1771,554684692,"01771M05:04:04.115","01771 04:51:51",195.52,898.23,,,,"     ",5.30,23.67,17.59
1771,554684693,"01771M05:04:05.089","01771 04:51:52",195.50,898.14,,,,"     ",5.30,23.67,17.58
1771,554684694,"01771M05:04:06.062","01771 04:51:53",195.50,898.14,,,,"     ",5.30,23.66,17.57
1771,554684695,"01771M05:04:07.035","01771 04:51:54",195.50,898.14,,,,"     ",5.30,23.70,17.58
1771,554684696,"01771M05:04:08.008","01771 04:51:55",195.53,898.15,,,,"     ",5.30,23.66,17.54
1771,554684697,"01771M05:04:08.982","01771 04:51:56",195.56,898.21,,,,"     ",5.30,23.62,17.50
1771,554684698,"01771M05:04:09.955","01771 04:51:57",195.60,898.20,,,,"     ",5.30,23.65,17.52
1771,554684699,"01771M05:04:10.928","01771 04:51:58",195.65,898.21,,,,"     ",5.30,23.73,17.57
1771,554684700,"01771M05:04:11.901","01771 04:51:59",195.68,898.29,,,,"     ",5.30,23.66,17.50
1771,554684701,"01771M05:04:12.875","01771 04:51:59",195.71,898.26,,,,"     ",5.30,23.62,17.47
1771,554684702,"01771M05:04:13.848","01771 04:52:00",195.73,898.28,,,,"     ",5.30,23.63,17.47
1771,554684703,"01771M05:04:14.821","01771 04:52:01",195.74,898.23,,,,"     ",5.30,23.66,17.47
1771,554684704,"01771M05:04:15.794","01771 04:52:02",195.75,898.15,,,,"     ",5.30,23.68,17.48
1771,554684705,"01771M05:04:16.768","01771 04:52:03",195.75,898.08,,,,"     ",5.30,23.64,17.44
1771,554684706,"01771M05:04:17.741","01771 04:52:04",195.76,898.24,,,,"     ",5.30,23.57,17.38
1771,554684707,"01771M05:04:18.714","01771 04:52:05",195.76,898.18,,,,"     ",5.30,23.56,17.36
1771,554684708,"01771M05:04:19.687","01771 04:52:06",195.76,898.25,,,,"     ",5.30,23.65,17.43
1771,554684709,"01771M05:04:20.661","01771 04:52:07",195.75,898.26,,,,"     ",5.30,23.60,17.38
1771,554684710,"01771M05:04:21.634","01771 04:52:08",195.74,898.24,,,,"     ",5.30,23.59,17.36
1771,554684711,"01771M05:04:22.607","01771 04:52:09",195.73,898.28,,,,"     ",5.30,23.59,17.35
1771,554684712,"01771M05:04:23.580","01771 04:52:10",195.69,898.26,,,,"     ",5.30,23.60,17.35
1771,554684713,"01771M05:04:24.554","01771 04:52:11",195.64,898.21,,,,"     ",5.30,23.59,17.33
1771,554684714,"01771M05:04:25.527","01771 04:52:12",195.58,898.26,,,,"     ",5.30,23.62,17.35
1771,554684715,"01771M05:04:26.500","01771 04:52:13",195.51,898.32,,,,"     ",5.30,23.63,17.35
1771,554684716,"01771M05:04:27.473","01771 04:52:14",195.44,898.06,,,,"     ",5.30,23.78,17.44
1771,554684717,"01771M05:04:28.447","01771 04:52:15",195.37,898.21,,,,"     ",5.30,23.58,17.30
1771,554684718,"01771M05:04:29.420","01771 04:52:16",195.32,898.18,,,,"     ",5.30,23.60,17.30
1771,554684719,"01771M05:04:30.393","01771 04:52:17",195.27,898.21,,,,"     ",5.30,23.59,17.28
1771,554684720,"01771M05:04:31.366","01771 04:52:18",195.23,898.27,,,,"     ",5.30,23.56,17.25
1771,554684721,"01771M05:04:32.340","01771 04:52:19",195.19,898.32,,,,"     ",5.30,23.54,17.22
1771,554684722,"01771M05:04:33.313","01771 04:52:20",195.17,898.25,,,,"     ",5.30,23.59,17.25
1771,554684723,"01771M05:04:34.286","01771 04:52:21",195.14,898.30,,,,"     ",5.30,23.62,17.27
1771,554684724,"01771M05:04:35.260","01771 04:52:22",195.12,898.29,,,,"     ",5.30,23.54,17.20
1771,554684725,"01771M05:04:36.233","01771 04:52:23",195.10,898.26,,,,"     ",5.30,23.57,17.21
1771,554684726,"01771M05:04:37.206","01771 04:52:24",195.08,898.31,,,,"     ",5.30,23.53,17.18
1771,554684727,"01771M05:04:38.179","01771 04:52:25",195.06,898.29,,,,"     ",5.30,23.61,17.23
1771,554684728,"01771M05:04:39.153","01771 04:52:26",195.06,898.27,,,,"     ",5.30,23.48,17.11
1771,554684729,"01771M05:04:40.126","01771 04:52:27",195.05,898.30,,,,"     ",5.30,23.51,17.14
1771,554684730,"01771M05:04:41.099","01771 04:52:28",195.06,898.32,,,,"     ",5.30,23.53,17.13
1771,554684731,"01771M05:04:42.072","01771 04:52:29",195.08,898.23,,,,"     ",5.30,23.58,17.17
1771,554684732,"01771M05:04:43.046","01771 04:52:30",195.11,898.25,,,,"     ",5.30,23.55,17.14
1771,554684733,"01771M05:04:44.019","01771 04:52:31",195.16,898.23,,,,"     ",5.30,23.56,17.14
1771,554684734,"01771M05:04:44.992","01771 04:52:32",195.22,898.19,,,,"     ",5.30,23.56,17.12
1771,554684735,"01771M05:04:45.965","01771 04:52:33",195.27,898.17,,,,"     ",5.30,23.49,17.06
1771,554684736,"01771M05:04:46.939","01771 04:52:34",195.33,898.18,,,,"     ",5.30,23.54,17.09
1771,554684737,"01771M05:04:47.912","01771 04:52:35",195.39,898.34,,,,"     ",5.30,23.50,17.06
1771,554684738,"01771M05:04:48.885","01771 04:52:36",195.46,898.28,,,,"     ",5.30,23.54,17.07
1771,554684739,"01771M05:04:49.858","01771 04:52:36",195.52,898.40,,,,"     ",5.30,23.49,17.03
1771,554684740,"01771M05:04:50.832","01771 04:52:37",195.58,898.30,,,,"     ",5.30,23.52,17.04
1771,554684741,"01771M05:04:51.805","01771 04:52:38",195.63,898.27,,,,"     ",5.30,23.64,17.12
1771,554684742,"01771M05:04:52.778","01771 04:52:39",195.69,898.31,,,,"     ",5.30,23.52,17.03
1771,554684743,"01771M05:04:53.751","01771 04:52:40",195.75,898.29,,,,"     ",5.30,23.47,16.99
1771,554684744,"01771M05:04:54.725","01771 04:52:41",195.81,898.13,,,,"     ",5.30,23.41,16.93
1771,554684745,"01771M05:04:55.698","01771 04:52:42",195.86,898.26,,,,"     ",5.30,23.45,16.95
1771,554684746,"01771M05:04:56.671","01771 04:52:43",195.90,898.33,,,,"     ",5.30,23.42,16.93
1771,554684747,"01771M05:04:57.644","01771 04:52:44",195.95,898.23,,,,"     ",5.30,23.39,16.89
1771,554684748,"01771M05:04:58.618","01771 04:52:45",195.98,898.33,,,,"     ",5.30,23.39,16.89
1771,554684749,"01771M05:04:59.591","01771 04:52:46",196.00,898.33,,,,"     ",5.30,23.45,16.92
1771,554684750,"01771M05:05:00.564","01771 04:52:47",196.02,898.32,,,,"     ",5.30,23.48,16.94
1771,554684751,"01771M05:05:01.537","01771 04:52:48",196.02,898.23,,,,"     ",5.30,23.49,16.93
1771,554684752,"01771M05:05:02.511","01771 04:52:49",196.01,898.37,,,,"     ",5.30,23.45,16.90
1771,554684753,"01771M05:05:03.484","01771 04:52:50",196.00,898.38,,,,"     ",5.30,23.44,16.89
1771,554684754,"01771M05:05:04.457","01771 04:52:51",195.99,898.32,,,,"     ",5.30,23.40,16.84
1771,554684755,"01771M05:05:05.430","01771 04:52:52",195.99,898.30,,,,"     ",5.30,23.46,16.89
1771,554684756,"01771M05:05:06.404","01771 04:52:53",195.98,898.27,,,,"     ",5.30,23.42,16.84
1771,554684757,"01771M05:05:07.377","01771 04:52:54",195.98,898.24,,,,"     ",5.30,23.44,16.86
1771,554684758,"01771M05:05:08.350","01771 04:52:55",195.98,898.20,,,,"     ",5.30,23.42,16.83
1771,554684759,"01771M05:05:09.323","01771 04:52:56",195.97,898.28,,,,"     ",5.30,23.41,16.81
1771,554684760,"01771M05:05:10.297","01771 04:52:57",195.96,898.32,,,,"     ",5.30,23.46,16.85
1771,554684761,"01771M05:05:11.270","01771 04:52:58",195.95,898.38,,,,"     ",5.30,23.39,16.79
1771,554684762,"01771M05:05:12.243","01771 04:52:59",195.94,898.37,,,,"     ",5.30,23.41,16.80
1771,554684763,"01771M05:05:13.216","01771 04:53:00",195.93,898.20,,,,"     ",5.30,23.49,16.85
1771,554684764,"01771M05:05:14.190","01771 04:53:01",195.93,898.32,,,,"     ",5.30,23.38,16.75
1771,554684765,"01771M05:05:15.163","01771 04:53:02",195.94,898.32,,,,"     ",5.30,23.40,16.76
1771,554684766,"01771M05:05:16.136","01771 04:53:03",195.96,898.27,,,,"     ",5.30,23.46,16.80
1771,554684767,"01771M05:05:17.109","01771 04:53:04",195.98,898.29,,,,"     ",5.30,23.40,16.75
1771,554684768,"01771M05:05:18.083","01771 04:53:05",196.00,898.34,,,,"     ",5.30,23.35,16.70
1771,554684769,"01771M05:05:19.056","01771 04:53:06",196.01,898.31,,,,"     ",5.30,23.40,16.73
1771,554684770,"01771M05:05:20.029","01771 04:53:07",196.02,898.26,,,,"     ",5.30,23.42,16.74
1771,554684771,"01771M05:05:21.002","01771 04:53:08",196.01,898.33,,,,"     ",5.30,23.42,16.73
1771,554684772,"01771M05:05:21.976","01771 04:53:09",195.98,898.35,,,,"     ",5.30,23.40,16.71
1771,554684773,"01771M05:05:22.949","01771 04:53:10",195.95,898.38,,,,"     ",5.30,23.33,16.65
1771,554684774,"01771M05:05:23.922","01771 04:53:11",195.90,898.30,,,,"     ",5.30,23.37,16.68
1771,554684775,"01771M05:05:24.895","01771 04:53:12",195.86,898.40,,,,"     ",5.30,23.32,16.64
1771,554684776,"01771M05:05:25.869","01771 04:53:13",195.82,898.37,,,,"     ",5.30,23.33,16.64
1771,554684777,"01771M05:05:26.842","01771 04:53:13",195.79,898.33,,,,"     ",5.30,23.30,16.61
1771,554684778,"01771M05:05:27.815","01771 04:53:14",195.76,898.25,,,,"     ",5.30,23.31,16.61
1771,554684779,"01771M05:05:28.788","01771 04:53:15",195.74,898.22,,,,"     ",5.30,23.38,16.65
1771,554684780,"01771M05:05:29.762","01771 04:53:16",195.72,898.13,,,,"     ",5.30,23.34,16.62
1771,554684781,"01771M05:05:30.735","01771 04:53:17",195.70,898.09,,,,"     ",5.30,23.41,16.66
1771,554684782,"01771M05:05:31.708","01771 04:53:18",195.69,898.29,,,,"     ",5.30,23.33,16.59
1771,554684783,"01771M05:05:32.681","01771 04:53:19",195.68,898.35,,,,"     ",5.30,23.33,16.59
1771,554684784,"01771M05:05:33.655","01771 04:53:20",195.68,898.21,,,,"     ",5.30,23.34,16.59
1771,554684785,"01771M05:05:34.628","01771 04:53:21",195.69,898.24,,,,"     ",5.30,23.28,16.54
1771,554684786,"01771M05:05:35.601","01771 04:53:22",195.71,898.25,,,,"     ",5.30,23.32,16.56
1771,554684787,"01771M05:05:36.574","01771 04:53:23",195.73,898.27,,,,"     ",5.30,23.36,16.59
1771,554684788,"01771M05:05:37.548","01771 04:53:24",195.77,898.29,,,,"     ",5.30,23.33,16.56
1771,554684789,"01771M05:05:38.521","01771 04:53:25",195.82,898.31,,,,"     ",5.30,23.27,16.51
1771,554684790,"01771M05:05:39.494","01771 04:53:26",195.88,898.26,,,,"     ",5.30,23.35,16.56
1771,554684791,"01771M05:05:40.467","01771 04:53:27",195.96,898.12,,,,"     ",5.30,23.46,16.63
1771,554684792,"01771M05:05:41.441","01771 04:53:28",196.04,898.18,,,,"     ",5.30,23.29,16.50
1771,554684793,"01771M05:05:42.414","01771 04:53:29",196.11,898.27,,,,"     ",5.30,23.33,16.53
1771,554684794,"01771M05:05:43.387","01771 04:53:30",196.18,898.27,,,,"     ",5.30,23.26,16.47
1771,554684795,"01771M05:05:44.360","01771 04:53:31",196.22,898.30,,,,"     ",5.30,23.37,16.54
1771,554684796,"01771M05:05:45.334","01771 04:53:32",196.23,898.29,,,,"     ",5.30,23.34,16.52
1771,554684797,"01771M05:05:46.307","01771 04:53:33",196.20,898.30,,,,"     ",5.30,23.27,16.45
1771,554684798,"01771M05:05:47.280","01771 04:53:34",196.15,898.24,,,,"     ",5.30,23.30,16.47
1771,554684799,"01771M05:05:48.254","01771 04:53:35",196.09,898.34,,,,"     ",5.30,23.27,16.44
1771,554684800,"01771M05:05:49.227","01771 04:53:36",196.02,898.34,,,,"     ",5.30,23.34,16.49
1771,554684801,"01771M05:05:50.200","01771 04:53:37",195.95,898.39,,,,"     ",5.30,23.27,16.43
1771,554684802,"01771M05:05:51.173","01771 04:53:38",195.89,898.41,,,,"     ",5.30,23.27,16.42
1771,554684803,"01771M05:05:52.147","01771 04:53:39",195.83,898.35,,,,"     ",5.30,23.39,16.50
1771,554684804,"01771M05:05:53.120","01771 04:53:40",195.79,898.19,,,,"     ",5.30,23.46,16.53
1771,554684805,"01771M05:05:54.093","01771 04:53:41",195.75,898.28,,,,"     ",5.30,23.27,16.40
1771,554684806,"01771M05:05:55.066","01771 04:53:42",195.72,898.28,,,,"     ",5.30,23.29,16.40
1771,554684807,"01771M05:05:56.040","01771 04:53:43",195.68,898.22,,,,"     ",5.30,23.30,16.40
1771,554684808,"01771M05:05:57.013","01771 04:53:44",195.64,898.24,,,,"     ",5.30,23.34,16.42
1771,554684809,"01771M05:05:57.986","01771 04:53:45",195.59,898.25,,,,"     ",5.30,23.30,16.39
1771,554684810,"01771M05:05:58.959","01771 04:53:46",195.53,898.25,,,,"     ",5.30,23.32,16.39
1771,554684811,"01771M05:05:59.933","01771 04:53:47",195.47,898.38,,,,"     ",5.30,23.25,16.34
1771,554684812,"01771M05:06:00.906","01771 04:53:48",195.41,898.37,,,,"     ",5.30,23.31,16.38
1771,554684813,"01771M05:06:01.879","01771 04:53:49",195.36,898.30,,,,"     ",5.30,23.36,16.40
1771,554684814,"01771M05:06:02.852","01771 04:53:49",195.33,898.30,,,,"     ",5.30,23.31,16.37
1771,554684815,"01771M05:06:03.826","01771 04:53:50",195.32,898.31,,,,"     ",5.30,23.27,16.33
1771,554684816,"01771M05:06:04.799","01771 04:53:51",195.32,898.34,,,,"     ",5.30,23.27,16.32
1771,554684817,"01771M05:06:05.772","01771 04:53:52",195.32,898.35,,,,"     ",5.30,23.32,16.35
1771,554684818,"01771M05:06:06.745","01771 04:53:53",195.33,898.39,,,,"     ",5.30,23.30,16.33
1771,554684819,"01771M05:06:07.719","01771 04:53:54",195.34,898.32,,,,"     ",5.30,23.31,16.33
1771,554684820,"01771M05:06:08.692","01771 04:53:55",195.35,898.29,,,,"     ",5.30,23.36,16.36
1771,554684821,"01771M05:06:09.665","01771 04:53:56",195.36,898.33,,,,"     ",5.30,23.18,16.22
1771,554684822,"01771M05:06:10.638","01771 04:53:57",195.37,898.41,,,,"     ",5.30,23.29,16.29
1771,554684823,"01771M05:06:11.612","01771 04:53:58",195.39,898.35,,,,"     ",5.30,23.29,16.29
1771,554684824,"01771M05:06:12.585","01771 04:53:59",195.40,898.34,,,,"     ",5.30,23.31,16.29
1771,554684825,"01771M05:06:13.558","01771 04:54:00",195.43,898.26,,,,"     ",5.30,23.25,16.25
1771,554684826,"01771M05:06:14.531","01771 04:54:01",195.45,898.27,,,,"     ",5.30,23.31,16.28
1771,554684827,"01771M05:06:15.505","01771 04:54:02",195.48,898.30,,,,"     ",5.30,23.27,16.25
1771,554684828,"01771M05:06:16.478","01771 04:54:03",195.51,898.26,,,,"     ",5.30,23.31,16.26
1771,554684829,"01771M05:06:17.451","01771 04:54:04",195.54,898.29,,,,"     ",5.30,23.23,16.20
1771,554684830,"01771M05:06:18.424","01771 04:54:05",195.58,898.31,,,,"     ",5.30,23.29,16.24
1771,554684831,"01771M05:06:19.398","01771 04:54:06",195.62,898.39,,,,"     ",5.30,23.33,16.26
1771,554684832,"01771M05:06:20.371","01771 04:54:07",195.67,898.43,,,,"     ",5.30,23.22,16.17
1771,554688220,"01771M06:01:17.754","01771 05:49:05",197.43,898.98,,,,"     ",5.30,,
1771,554688221,"01771M06:01:18.727","01771 05:49:06",197.46,898.98,,,,"     ",5.30,23.18,23.62
1771,554688222,"01771M06:01:19.700","01771 05:49:07",197.49,899.00,,,,"     ",5.30,23.25,23.64
1771,554688223,"01771M06:01:20.673","01771 05:49:08",197.53,899.01,,,,"     ",5.30,23.23,23.55
1771,554688224,"01771M06:01:21.647","01771 05:49:09",197.56,898.99,,,,"     ",5.30,23.27,23.53
1771,554688225,"01771M06:01:22.620","01771 05:49:10",197.60,898.96,,,,"     ",5.30,23.42,23.62
1771,554688226,"01771M06:01:23.593","01771 05:49:11",197.64,898.96,,,,"     ",5.30,23.30,23.44
1771,554688227,"01771M06:01:24.566","01771 05:49:12",197.68,898.91,,,,"     ",5.30,23.34,23.43
1771,554688228,"01771M06:01:25.540","01771 05:49:13",197.72,898.91,,,,"     ",5.30,23.39,23.42
1771,554688229,"01771M06:01:26.513","01771 05:49:14",197.76,898.90,,,,"     ",5.30,23.42,23.40
1771,554688230,"01771M06:01:27.486","01771 05:49:15",197.80,898.92,,,,"     ",5.30,23.37,23.29
1771,554688231,"01771M06:01:28.459","01771 05:49:16",197.85,898.98,,,,"     ",5.30,23.46,23.32
1771,554688232,"01771M06:01:29.433","01771 05:49:17",197.89,898.97,,,,"     ",5.30,23.46,23.27
1771,554688233,"01771M06:01:30.406","01771 05:49:18",197.94,899.03,,,,"     ",5.30,23.49,23.25
1771,554688234,"01771M06:01:31.379","01771 05:49:19",197.98,899.04,,,,"     ",5.30,23.49,23.20
1771,554688235,"01771M06:01:32.352","01771 05:49:20",198.04,899.02,,,,"     ",5.30,23.56,23.22
1771,554688236,"01771M06:01:33.326","01771 05:49:21",198.09,899.04,,,,"     ",5.30,23.56,23.15
1771,554688237,"01771M06:01:34.299","01771 05:49:22",198.15,899.02,,,,"     ",5.30,23.58,23.13
1771,554688238,"01771M06:01:35.272","01771 05:49:23",198.21,899.02,,,,"     ",5.30,23.58,23.08
1771,554688239,"01771M06:01:36.245","01771 05:49:24",198.27,899.00,,,,"     ",5.30,23.63,23.08
1771,554688240,"01771M06:01:37.219","01771 05:49:25",198.33,898.99,,,,"     ",5.30,23.62,23.02
1771,554688241,"01771M06:01:38.192","01771 05:49:26",198.37,898.96,,,,"     ",5.30,23.59,22.95
1771,554688242,"01771M06:01:39.165","01771 05:49:27",198.39,898.93,,,,"     ",5.30,23.72,23.03
1771,554688243,"01771M06:01:40.139","01771 05:49:28",198.40,898.98,,,,"     ",5.30,23.67,22.93
1771,554688244,"01771M06:01:41.112","01771 05:49:29",198.39,898.97,,,,"     ",5.30,23.70,22.92
1771,554688245,"01771M06:01:42.085","01771 05:49:30",198.37,898.99,,,,"     ",5.30,23.85,23.02
1771,554688246,"01771M06:01:43.058","01771 05:49:31",198.36,898.96,,,,"     ",5.30,23.80,22.93
1771,554688247,"01771M06:01:44.032","01771 05:49:31",198.34,898.97,,,,"     ",5.30,23.80,22.89
1771,554688248,"01771M06:01:45.005","01771 05:49:32",198.34,898.99,,,,"     ",5.30,23.83,22.88
1771,554688249,"01771M06:01:45.978","01771 05:49:33",198.34,898.92,,,,"     ",5.30,23.87,22.87
1771,554688250,"01771M06:01:46.951","01771 05:49:34",198.36,898.92,,,,"     ",5.30,23.90,22.86
1771,554688251,"01771M06:01:47.925","01771 05:49:35",198.39,898.97,,,,"     ",5.30,23.93,22.85
1771,554688252,"01771M06:01:48.898","01771 05:49:36",198.43,898.94,,,,"     ",5.30,23.87,22.74
1771,554688253,"01771M06:01:49.871","01771 05:49:37",198.47,898.93,,,,"     ",5.30,23.92,22.75
1771,554688254,"01771M06:01:50.844","01771 05:49:38",198.50,899.00,,,,"     ",5.30,23.94,22.73
1771,554688255,"01771M06:01:51.818","01771 05:49:39",198.52,899.04,,,,"     ",5.30,24.00,22.75
1771,554688256,"01771M06:01:52.791","01771 05:49:40",198.53,899.04,,,,"     ",5.30,23.94,22.66
1771,554688257,"01771M06:01:53.764","01771 05:49:41",198.52,898.96,,,,"     ",5.30,24.03,22.70
1771,554688258,"01771M06:01:54.737","01771 05:49:42",198.50,899.03,,,,"     ",5.30,24.12,22.76
1771,554688259,"01771M06:01:55.711","01771 05:49:43",198.48,898.97,,,,"     ",5.30,24.04,22.64
1771,554688260,"01771M06:01:56.684","01771 05:49:44",198.46,898.96,,,,"     ",5.30,24.09,22.65
1771,554688261,"01771M06:01:57.657","01771 05:49:45",198.44,898.93,,,,"     ",5.30,24.24,22.76
1771,554688262,"01771M06:01:58.630","01771 05:49:46",198.42,898.94,,,,"     ",5.30,24.11,22.60
1771,554688263,"01771M06:01:59.604","01771 05:49:47",198.41,898.89,,,,"     ",5.30,24.14,22.59
1771,554688264,"01771M06:02:00.577","01771 05:49:48",198.41,898.80,,,,"     ",5.30,24.15,22.57
1771,554688265,"01771M06:02:01.550","01771 05:49:49",198.39,898.88,,,,"     ",5.30,24.17,22.55
1771,554688266,"01771M06:02:02.523","01771 05:49:50",198.38,898.87,,,,"     ",5.30,24.15,22.49
1771,554688267,"01771M06:02:03.497","01771 05:49:51",198.35,898.86,,,,"     ",5.30,24.19,22.50
1771,554688268,"01771M06:02:04.470","01771 05:49:52",198.31,898.73,,,,"     ",5.30,24.17,22.44
1771,554688269,"01771M06:02:05.443","01771 05:49:53",198.28,899.03,,,,"     ",5.30,24.17,22.41
1771,554688270,"01771M06:02:06.416","01771 05:49:54",198.24,898.97,,,,"     ",5.30,24.20,22.41
1771,554688271,"01771M06:02:07.390","01771 05:49:55",198.21,899.04,,,,"     ",5.30,24.19,22.37
1771,554688272,"01771M06:02:08.363","01771 05:49:56",198.19,899.00,,,,"     ",5.30,24.21,22.36
1771,554688273,"01771M06:02:09.336","01771 05:49:57",198.20,899.00,,,,"     ",5.30,24.35,22.45
1771,554688274,"01771M06:02:10.309","01771 05:49:58",198.24,898.90,,,,"     ",5.30,24.25,22.33
1771,554688275,"01771M06:02:11.283","01771 05:49:59",198.30,898.93,,,,"     ",5.30,24.32,22.36
1771,554688276,"01771M06:02:12.256","01771 05:50:00",198.39,898.94,,,,"     ",5.30,24.25,22.27
1771,554688277,"01771M06:02:13.229","01771 05:50:01",198.48,898.86,,,,"     ",5.30,24.34,22.32
1771,554688278,"01771M06:02:14.202","01771 05:50:02",198.59,898.98,,,,"     ",5.30,24.37,22.32
1771,554688279,"01771M06:02:15.176","01771 05:50:03",198.70,898.73,,,,"     ",5.30,24.48,22.39
1771,554688280,"01771M06:02:16.149","01771 05:50:04",198.80,898.84,,,,"     ",5.30,24.23,22.13
1771,554688281,"01771M06:02:17.122","01771 05:50:05",198.91,898.95,,,,"     ",5.30,24.35,22.22
1771,554688282,"01771M06:02:18.095","01771 05:50:06",198.99,898.88,,,,"     ",5.30,24.35,22.18
1771,554688283,"01771M06:02:19.069","01771 05:50:07",199.06,899.01,,,,"     ",5.30,24.34,22.15
1771,554688284,"01771M06:02:20.042","01771 05:50:07",199.11,899.01,,,,"     ",5.30,24.34,22.12
1771,554688285,"01771M06:02:21.015","01771 05:50:08",199.16,898.90,,,,"     ",5.30,24.37,22.12
1771,554688286,"01771M06:02:21.988","01771 05:50:09",199.19,898.97,,,,"     ",5.30,24.43,22.15
1771,554688287,"01771M06:02:22.962","01771 05:50:10",199.22,898.93,,,,"     ",5.30,24.38,22.08
1771,554688288,"01771M06:02:23.935","01771 05:50:11",199.25,898.88,,,,"     ",5.30,24.45,22.12
1771,554688289,"01771M06:02:24.908","01771 05:50:12",199.28,898.87,,,,"     ",5.30,24.39,22.03
1771,554688290,"01771M06:02:25.881","01771 05:50:13",199.30,898.90,,,,"     ",5.30,24.45,22.06
1771,554688291,"01771M06:02:26.855","01771 05:50:14",199.33,898.80,,,,"     ",5.30,24.48,22.06
1771,554688292,"01771M06:02:27.828","01771 05:50:15",199.34,898.87,,,,"     ",5.30,24.46,22.02
1771,554688293,"01771M06:02:28.801","01771 05:50:16",199.35,898.88,,,,"     ",5.30,24.52,22.05
1771,554688294,"01771M06:02:29.774","01771 05:50:17",199.35,898.89,,,,"     ",5.30,24.54,22.04
1771,554688295,"01771M06:02:30.748","01771 05:50:18",199.34,898.91,,,,"     ",5.30,24.57,22.05
1771,554688296,"01771M06:02:31.721","01771 05:50:19",199.32,898.88,,,,"     ",5.30,24.51,21.96
1771,554688297,"01771M06:02:32.694","01771 05:50:20",199.31,898.89,,,,"     ",5.30,24.55,21.97
1771,554688298,"01771M06:02:33.667","01771 05:50:21",199.28,898.92,,,,"     ",5.30,24.56,21.96
1771,554688299,"01771M06:02:34.641","01771 05:50:22",199.25,898.93,,,,"     ",5.30,24.58,21.95
1771,554688300,"01771M06:02:35.614","01771 05:50:23",199.22,898.84,,,,"     ",5.30,24.60,21.94
1771,554688301,"01771M06:02:36.587","01771 05:50:24",199.19,898.88,,,,"     ",5.30,24.59,21.91
1771,554688302,"01771M06:02:37.560","01771 05:50:25",199.16,898.90,,,,"     ",5.30,24.56,21.86
1771,554688303,"01771M06:02:38.534","01771 05:50:26",199.13,898.89,,,,"     ",5.30,24.61,21.88
1771,554688304,"01771M06:02:39.507","01771 05:50:27",199.11,898.97,,,,"     ",5.30,24.59,21.84
1771,554688305,"01771M06:02:40.480","01771 05:50:28",199.09,898.95,,,,"     ",5.30,24.72,21.92
1771,554688306,"01771M06:02:41.453","01771 05:50:29",199.07,899.01,,,,"     ",5.30,24.64,21.84
1771,554688307,"01771M06:02:42.427","01771 05:50:30",199.05,898.95,,,,"     ",5.30,24.66,21.83
1771,554688308,"01771M06:02:43.400","01771 05:50:31",199.02,898.92,,,,"     ",5.30,24.59,21.74
1771,554688309,"01771M06:02:44.373","01771 05:50:32",198.99,898.99,,,,"     ",5.30,24.63,21.76
1771,554688310,"01771M06:02:45.346","01771 05:50:33",198.96,898.91,,,,"     ",5.30,24.64,21.74
1771,554688311,"01771M06:02:46.320","01771 05:50:34",198.93,898.99,,,,"     ",5.30,24.60,21.69
1771,554688312,"01771M06:02:47.293","01771 05:50:35",198.91,898.99,,,,"     ",5.30,24.67,21.73
1771,554688313,"01771M06:02:48.266","01771 05:50:36",198.90,898.84,,,,"     ",5.30,24.75,21.78
1771,554688314,"01771M06:02:49.240","01771 05:50:37",198.89,898.96,,,,"     ",5.30,24.64,21.66
1771,554688315,"01771M06:02:50.213","01771 05:50:38",198.89,898.88,,,,"     ",5.30,24.61,21.61
1771,554688316,"01771M06:02:51.186","01771 05:50:39",198.89,898.91,,,,"     ",5.30,24.61,21.58
1771,554688317,"01771M06:02:52.159","01771 05:50:40",198.91,898.92,,,,"     ",5.30,24.71,21.66
1771,554688318,"01771M06:02:53.133","01771 05:50:41",198.93,898.89,,,,"     ",5.30,24.73,21.65
1771,554688319,"01771M06:02:54.106","01771 05:50:42",198.95,898.87,,,,"     ",5.30,24.71,21.61
1771,554688320,"01771M06:02:55.079","01771 05:50:43",198.98,898.81,,,,"     ",5.30,24.72,21.60
1771,554688321,"01771M06:02:56.052","01771 05:50:44",198.99,898.90,,,,"     ",5.30,24.68,21.55
1771,554688322,"01771M06:02:57.026","01771 05:50:44",199.01,898.88,,,,"     ",5.30,24.75,21.59
1771,554688323,"01771M06:02:57.999","01771 05:50:45",199.02,898.81,,,,"     ",5.30,24.73,21.55
1771,554688324,"01771M06:02:58.972","01771 05:50:46",199.04,898.91,,,,"     ",5.30,24.76,21.56
1771,554688325,"01771M06:02:59.945","01771 05:50:47",199.05,898.82,,,,"     ",5.30,24.71,21.50
1771,554688326,"01771M06:03:00.919","01771 05:50:48",199.06,899.07,,,,"     ",5.30,24.72,21.49
1771,554688327,"01771M06:03:01.892","01771 05:50:49",199.07,899.03,,,,"     ",5.30,24.74,21.49
1771,554688328,"01771M06:03:02.865","01771 05:50:50",199.08,898.93,,,,"     ",5.30,24.74,21.46
1771,554688329,"01771M06:03:03.838","01771 05:50:51",199.08,898.86,,,,"     ",5.30,24.74,21.44
1771,554688330,"01771M06:03:04.812","01771 05:50:52",199.09,898.87,,,,"     ",5.30,24.84,21.52
1771,554688331,"01771M06:03:05.785","01771 05:50:53",199.09,899.01,,,,"     ",5.30,24.70,21.38
1771,554688332,"01771M06:03:06.758","01771 05:50:54",199.09,898.96,,,,"     ",5.30,24.75,21.40
1771,554688333,"01771M06:03:07.731","01771 05:50:55",199.09,898.93,,,,"     ",5.30,24.77,21.40
1771,554688334,"01771M06:03:08.705","01771 05:50:56",199.08,899.06,,,,"     ",5.30,24.81,21.42
1771,554688335,"01771M06:03:09.678","01771 05:50:57",199.08,899.00,,,,"     ",5.30,24.85,21.44
1771,554688336,"01771M06:03:10.651","01771 05:50:58",199.07,898.82,,,,"     ",5.30,24.96,21.50
1771,554688337,"01771M06:03:11.624","01771 05:50:59",199.06,898.85,,,,"     ",5.30,24.85,21.40
1771,554688338,"01771M06:03:12.598","01771 05:51:00",199.05,898.81,,,,"     ",5.30,24.84,21.38
1771,554688339,"01771M06:03:13.571","01771 05:51:01",199.05,898.96,,,,"     ",5.30,24.81,21.33
1771,554688340,"01771M06:03:14.544","01771 05:51:02",199.06,898.97,,,,"     ",5.30,24.88,21.37
1771,554688341,"01771M06:03:15.517","01771 05:51:03",199.07,899.11,,,,"     ",5.30,24.84,21.32
1771,554688342,"01771M06:03:16.491","01771 05:51:04",199.09,898.80,,,,"     ",5.30,24.91,21.35
1771,554688343,"01771M06:03:17.464","01771 05:51:05",199.10,899.06,,,,"     ",5.30,24.85,21.29
1771,554688344,"01771M06:03:18.437","01771 05:51:06",199.11,898.83,,,,"     ",5.30,24.91,21.31
1771,554688345,"01771M06:03:19.410","01771 05:51:07",199.13,898.85,,,,"     ",5.30,24.87,21.26
1771,554688346,"01771M06:03:20.384","01771 05:51:08",199.15,898.84,,,,"     ",5.30,24.92,21.28
1771,554688347,"01771M06:03:21.357","01771 05:51:09",199.17,898.94,,,,"     ",5.30,24.90,21.25
1771,554688348,"01771M06:03:22.330","01771 05:51:10",199.18,898.94,,,,"     ",5.30,24.93,21.26
1771,554688349,"01771M06:03:23.303","01771 05:51:11",199.19,898.94,,,,"     ",5.30,24.99,21.29
1771,554688350,"01771M06:03:24.277","01771 05:51:12",199.19,898.92,,,,"     ",5.30,25.04,21.30
1771,554688351,"01771M06:03:25.250","01771 05:51:13",199.18,898.83,,,,"     ",5.30,24.98,21.23
1771,554688352,"01771M06:03:26.223","01771 05:51:14",199.17,898.90,,,,"     ",5.30,24.99,21.22
1771,554688353,"01771M06:03:27.196","01771 05:51:15",199.16,898.91,,,,"     ",5.30,25.02,21.24
1771,554688354,"01771M06:03:28.170","01771 05:51:16",199.15,898.93,,,,"     ",5.30,24.98,21.18
1771,554688355,"01771M06:03:29.143","01771 05:51:17",199.14,899.01,,,,"     ",5.30,24.99,21.16
1771,554688356,"01771M06:03:30.116","01771 05:51:18",199.13,898.94,,,,"     ",5.30,25.02,21.17
1771,554688357,"01771M06:03:31.089","01771 05:51:19",199.11,898.93,,,,"     ",5.30,25.00,21.13
1771,554688358,"01771M06:03:32.063","01771 05:51:20",199.08,898.86,,,,"     ",5.30,25.05,21.15
1771,554688359,"01771M06:03:33.036","01771 05:51:21",199.06,898.62,,,,"     ",5.30,25.07,21.14
1771,554688360,"01771M06:03:34.009","01771 05:51:21",199.04,898.78,,,,"     ",5.30,25.06,21.12
1771,554688361,"01771M06:03:34.982","01771 05:51:22",199.01,898.83,,,,"     ",5.30,25.03,21.08
1771,554688362,"01771M06:03:35.956","01771 05:51:23",198.99,898.91,,,,"     ",5.30,25.06,21.09
1771,554688363,"01771M06:03:36.929","01771 05:51:24",198.97,898.92,,,,"     ",5.30,25.07,21.07
1771,554688364,"01771M06:03:37.902","01771 05:51:25",198.96,898.99,,,,"     ",5.30,25.09,21.07
1771,554688365,"01771M06:03:38.875","01771 05:51:26",198.96,898.86,,,,"     ",5.30,25.11,21.07
1771,554688366,"01771M06:03:39.849","01771 05:51:27",198.96,898.92,,,,"     ",5.30,25.10,21.05
1771,554688367,"01771M06:03:40.822","01771 05:51:28",198.97,898.94,,,,"     ",5.30,25.10,21.02
1771,554688368,"01771M06:03:41.795","01771 05:51:29",198.98,898.91,,,,"     ",5.30,25.10,21.00
1771,554688369,"01771M06:03:42.768","01771 05:51:30",199.00,898.91,,,,"     ",5.30,25.16,21.04
1771,554688370,"01771M06:03:43.742","01771 05:51:31",199.02,899.00,,,,"     ",5.30,25.06,20.94
1771,554688371,"01771M06:03:44.715","01771 05:51:32",199.04,898.97,,,,"     ",5.30,25.03,20.90
1771,554688372,"01771M06:03:45.688","01771 05:51:33",199.06,898.94,,,,"     ",5.30,25.10,20.93
1771,554688373,"01771M06:03:46.661","01771 05:51:34",199.08,898.94,,,,"     ",5.30,25.18,20.99
1771,554688374,"01771M06:03:47.635","01771 05:51:35",199.08,898.95,,,,"     ",5.30,25.15,20.94
1771,554688375,"01771M06:03:48.608","01771 05:51:36",199.07,898.97,,,,"     ",5.30,25.19,20.97
1771,554688376,"01771M06:03:49.581","01771 05:51:37",199.04,899.03,,,,"     ",5.30,25.15,20.91
1771,554688377,"01771M06:03:50.554","01771 05:51:38",199.00,899.00,,,,"     ",5.30,25.15,20.90
1771,554688378,"01771M06:03:51.528","01771 05:51:39",198.93,898.90,,,,"     ",5.30,25.12,20.85
1771,554688379,"01771M06:03:52.501","01771 05:51:40",198.86,898.87,,,,"     ",5.30,25.18,20.88
1771,554688380,"01771M06:03:53.474","01771 05:51:41",198.79,898.90,,,,"     ",5.30,25.12,20.82
1771,554688381,"01771M06:03:54.447","01771 05:51:42",198.72,898.80,,,,"     ",5.30,25.13,20.80
1771,554688382,"01771M06:03:55.421","01771 05:51:43",198.65,898.93,,,,"     ",5.30,25.17,20.82
1771,554688383,"01771M06:03:56.394","01771 05:51:44",198.59,898.90,,,,"     ",5.30,25.19,20.83
1771,554688384,"01771M06:03:57.367","01771 05:51:45",198.52,898.89,,,,"     ",5.30,25.11,20.75
1771,554688385,"01771M06:03:58.341","01771 05:51:46",198.46,898.95,,,,"     ",5.30,25.20,20.80
1771,554688386,"01771M06:03:59.314","01771 05:51:47",198.39,898.96,,,,"     ",5.30,25.07,20.69
1771,554688387,"01771M06:04:00.287","01771 05:51:48",198.32,898.96,,,,"     ",5.30,25.14,20.73
1771,554688388,"01771M06:04:01.260","01771 05:51:49",198.26,898.84,,,,"     ",5.30,25.20,20.75
1771,554688389,"01771M06:04:02.234","01771 05:51:50",198.21,898.93,,,,"     ",5.30,25.22,20.76
1771,554688390,"01771M06:04:03.207","01771 05:51:51",198.17,898.89,,,,"     ",5.30,25.18,20.71
1771,554688391,"01771M06:04:04.180","01771 05:51:52",198.15,899.07,,,,"     ",5.30,25.18,20.70
1771,554688392,"01771M06:04:05.153","01771 05:51:53",198.14,899.00,,,,"     ",5.30,25.14,20.65
1771,554688393,"01771M06:04:06.127","01771 05:51:54",198.15,898.91,,,,"     ",5.30,25.19,20.68
1771,554688394,"01771M06:04:07.100","01771 05:51:55",198.17,898.89,,,,"     ",5.30,25.19,20.66
1771,554688395,"01771M06:04:08.073","01771 05:51:56",198.21,899.00,,,,"     ",5.30,25.19,20.65
1771,554688396,"01771M06:04:09.046","01771 05:51:57",198.26,898.96,,,,"     ",5.30,25.20,20.63
1771,554688397,"01771M06:04:10.020","01771 05:51:57",198.32,898.89,,,,"     ",5.30,25.21,20.62
1771,554688398,"01771M06:04:10.993","01771 05:51:58",198.39,898.93,,,,"     ",5.30,25.37,20.74
1771,554688399,"01771M06:04:11.966","01771 05:51:59",198.45,898.95,,,,"     ",5.30,25.18,20.56
1771,554688400,"01771M06:04:12.939","01771 05:52:00",198.51,899.03,,,,"     ",5.30,25.26,20.63
1771,554688401,"01771M06:04:13.913","01771 05:52:01",198.57,898.91,,,,"     ",5.30,25.40,20.72
1771,554688402,"01771M06:04:14.886","01771 05:52:02",198.62,898.86,,,,"     ",5.30,25.27,20.59
1771,554688403,"01771M06:04:15.859","01771 05:52:03",198.66,898.83,,,,"     ",5.30,25.22,20.54
1771,554688404,"01771M06:04:16.832","01771 05:52:04",198.69,898.89,,,,"     ",5.30,25.25,20.55
1771,554688405,"01771M06:04:17.806","01771 05:52:05",198.72,898.83,,,,"     ",5.30,25.28,20.56
1771,554688406,"01771M06:04:18.779","01771 05:52:06",198.75,898.89,,,,"     ",5.30,25.27,20.53
1771,554688407,"01771M06:04:19.752","01771 05:52:07",198.77,898.84,,,,"     ",5.30,25.23,20.47
1771,554688408,"01771M06:04:20.725","01771 05:52:08",198.80,898.95,,,,"     ",5.30,25.26,20.49
1771,554688409,"01771M06:04:21.699","01771 05:52:09",198.83,898.95,,,,"     ",5.30,25.33,20.53
1771,554688410,"01771M06:04:22.672","01771 05:52:10",198.87,898.91,,,,"     ",5.30,25.32,20.50
1771,554688411,"01771M06:04:23.645","01771 05:52:11",198.91,898.91,,,,"     ",5.30,25.30,20.48
1771,554688412,"01771M06:04:24.618","01771 05:52:12",198.96,898.91,,,,"     ",5.30,25.22,20.38
1771,554688413,"01771M06:04:25.592","01771 05:52:13",199.00,898.80,,,,"     ",5.30,25.38,20.50
1771,554688414,"01771M06:04:26.565","01771 05:52:14",199.05,898.87,,,,"     ",5.30,25.29,20.41
1771,554688415,"01771M06:04:27.538","01771 05:52:15",199.09,898.87,,,,"     ",5.30,25.34,20.44
1771,554688416,"01771M06:04:28.511","01771 05:52:16",199.13,898.91,,,,"     ",5.30,25.25,20.35
1771,554688417,"01771M06:04:29.485","01771 05:52:17",199.17,898.87,,,,"     ",5.30,25.29,20.37
1771,554688418,"01771M06:04:30.458","01771 05:52:18",199.20,898.97,,,,"     ",5.30,25.27,20.34
1771,554688419,"01771M06:04:31.431","01771 05:52:19",199.23,898.96,,,,"     ",5.30,25.32,20.36
1771,554688420,"01771M06:04:32.404","01771 05:52:20",199.24,898.90,,,,"     ",5.30,25.32,20.34
1771,554688421,"01771M06:04:33.378","01771 05:52:21",199.24,899.02,,,,"     ",5.30,25.31,20.33
1771,554688422,"01771M06:04:34.351","01771 05:52:22",199.24,898.91,,,,"     ",5.30,25.39,20.38
1771,554688423,"01771M06:04:35.324","01771 05:52:23",199.23,898.90,,,,"     ",5.30,25.29,20.27
1771,554688424,"01771M06:04:36.297","01771 05:52:24",199.22,898.91,,,,"     ",5.30,25.33,20.29
1771,554688425,"01771M06:04:37.271","01771 05:52:25",199.21,898.84,,,,"     ",5.30,25.33,20.28
1771,554688426,"01771M06:04:38.244","01771 05:52:26",199.20,898.80,,,,"     ",5.30,25.31,20.25
1771,554688427,"01771M06:04:39.217","01771 05:52:27",199.19,898.84,,,,"     ",5.30,25.33,20.24
1771,554688428,"01771M06:04:40.190","01771 05:52:28",199.18,898.83,,,,"     ",5.30,25.40,20.29
1771,554688429,"01771M06:04:41.164","01771 05:52:29",199.16,898.88,,,,"     ",5.30,25.39,20.27
1771,554688430,"01771M06:04:42.137","01771 05:52:30",199.14,898.95,,,,"     ",5.30,25.34,20.22
1771,554688431,"01771M06:04:43.110","01771 05:52:31",199.11,898.87,,,,"     ",5.30,25.35,20.20
1771,554688432,"01771M06:04:44.083","01771 05:52:32",199.08,898.96,,,,"     ",5.30,25.40,20.23
1771,554688433,"01771M06:04:45.057","01771 05:52:33",199.03,898.85,,,,"     ",5.30,25.38,20.20
1771,554688434,"01771M06:04:46.030","01771 05:52:34",199.00,898.88,,,,"     ",5.30,25.31,20.13
1771,554688435,"01771M06:04:47.003","01771 05:52:34",198.97,898.92,,,,"     ",5.30,25.35,20.15
1771,554688436,"01771M06:04:47.976","01771 05:52:35",198.96,898.90,,,,"     ",5.30,25.37,20.15
1771,554688437,"01771M06:04:48.950","01771 05:52:36",198.96,898.93,,,,"     ",5.30,25.42,20.16
1771,554688438,"01771M06:04:49.923","01771 05:52:37",198.98,898.83,,,,"     ",5.30,25.46,20.18
1771,554688439,"01771M06:04:50.896","01771 05:52:38",199.02,898.91,,,,"     ",5.30,25.40,20.13
1771,554688440,"01771M06:04:51.869","01771 05:52:39",199.06,898.88,,,,"     ",5.30,25.44,20.14
1771,554688441,"01771M06:04:52.843","01771 05:52:40",199.10,898.94,,,,"     ",5.30,25.41,20.11
1771,554688442,"01771M06:04:53.816","01771 05:52:41",199.12,898.89,,,,"     ",5.30,25.40,20.08
1771,554688443,"01771M06:04:54.789","01771 05:52:42",199.12,898.90,,,,"     ",5.30,25.45,20.10
1771,554688444,"01771M06:04:55.762","01771 05:52:43",199.11,898.89,,,,"     ",5.30,25.42,20.06
1771,554688445,"01771M06:04:56.736","01771 05:52:44",199.08,898.95,,,,"     ",5.30,25.45,20.07
1771,554688446,"01771M06:04:57.709","01771 05:52:45",199.04,898.91,,,,"     ",5.30,25.45,20.06
1771,554688447,"01771M06:04:58.682","01771 05:52:46",198.99,898.89,,,,"     ",5.30,25.42,20.01
1771,554688448,"01771M06:04:59.655","01771 05:52:47",198.93,898.84,,,,"     ",5.30,25.60,20.14
1771,554688449,"01771M06:05:00.629","01771 05:52:48",198.86,898.90,,,,"     ",5.30,25.47,20.01
1771,554688450,"01771M06:05:01.602","01771 05:52:49",198.79,898.86,,,,"     ",5.30,25.50,20.03
1771,554688451,"01771M06:05:02.575","01771 05:52:50",198.71,898.91,,,,"     ",5.30,25.49,20.01
1771,554688452,"01771M06:05:03.548","01771 05:52:51",198.64,898.87,,,,"     ",5.30,25.47,19.98
1771,554688453,"01771M06:05:04.522","01771 05:52:52",198.57,898.83,,,,"     ",5.30,25.48,19.96
1771,554688454,"01771M06:05:05.495","01771 05:52:53",198.51,898.81,,,,"     ",5.30,25.46,19.93
1771,554688455,"01771M06:05:06.468","01771 05:52:54",198.45,898.98,,,,"     ",5.30,25.45,19.92
1771,554688456,"01771M06:05:07.441","01771 05:52:55",198.40,898.98,,,,"     ",5.30,25.49,19.93
1771,554688457,"01771M06:05:08.415","01771 05:52:56",198.35,898.92,,,,"     ",5.30,25.49,19.91
1771,554688458,"01771M06:05:09.388","01771 05:52:57",198.31,898.87,,,,"     ",5.30,25.47,19.88
1771,554688459,"01771M06:05:10.361","01771 05:52:58",198.29,898.76,,,,"     ",5.30,25.50,19.89
1771,554688460,"01771M06:05:11.335","01771 05:52:59",198.28,898.74,,,,"     ",5.30,25.53,19.90
1771,554688461,"01771M06:05:12.308","01771 05:53:00",198.29,898.71,,,,"     ",5.30,25.53,19.88
1771,554688462,"01771M06:05:13.281","01771 05:53:01",198.32,898.92,,,,"     ",5.30,25.49,19.83
1771,554688463,"01771M06:05:14.254","01771 05:53:02",198.37,898.94,,,,"     ",5.30,25.52,19.85
1771,554688464,"01771M06:05:15.228","01771 05:53:03",198.43,898.78,,,,"     ",5.30,25.58,19.88
1771,554688465,"01771M06:05:16.201","01771 05:53:04",198.50,898.87,,,,"     ",5.30,25.55,19.85
1771,554688466,"01771M06:05:17.174","01771 05:53:05",198.57,898.88,,,,"     ",5.30,25.52,19.81
1771,554688467,"01771M06:05:18.147","01771 05:53:06",198.64,898.86,,,,"     ",5.30,25.52,19.79
1771,554688468,"01771M06:05:19.121","01771 05:53:07",198.70,898.96,,,,"     ",5.30,25.44,19.72
1771,554688469,"01771M06:05:20.094","01771 05:53:08",198.75,898.93,,,,"     ",5.30,25.52,19.77
1771,554688470,"01771M06:05:21.067","01771 05:53:09",198.79,898.93,,,,"     ",5.30,25.54,19.77
1771,554688471,"01771M06:05:22.040","01771 05:53:10",198.80,898.88,,,,"     ",5.30,25.53,19.74
1771,554688472,"01771M06:05:23.014","01771 05:53:11",198.81,898.89,,,,"     ",5.30,25.50,19.71
1771,554688473,"01771M06:05:23.987","01771 05:53:11",198.82,898.87,,,,"     ",5.30,25.45,19.66
1771,554688474,"01771M06:05:24.960","01771 05:53:12",198.82,898.92,,,,"     ",5.30,25.49,19.68
1771,554688475,"01771M06:05:25.933","01771 05:53:13",198.82,898.87,,,,"     ",5.30,25.53,19.69
1771,554688476,"01771M06:05:26.907","01771 05:53:14",198.83,898.81,,,,"     ",5.30,25.48,19.64
1771,554688477,"01771M06:05:27.880","01771 05:53:15",198.84,898.83,,,,"     ",5.30,25.52,19.65
1771,554688478,"01771M06:05:28.853","01771 05:53:16",198.85,898.81,,,,"     ",5.30,25.49,19.61
1771,554688479,"01771M06:05:29.826","01771 05:53:17",198.86,898.86,,,,"     ",5.30,25.49,19.59
1771,554688480,"01771M06:05:30.800","01771 05:53:18",198.87,898.81,,,,"     ",5.30,25.47,19.56
1771,554688481,"01771M06:05:31.773","01771 05:53:19",198.88,898.82,,,,"     ",5.30,25.52,19.60
1771,554688482,"01771M06:05:32.746","01771 05:53:20",198.90,898.85,,,,"     ",5.30,25.57,19.62
1771,554688483,"01771M06:05:33.719","01771 05:53:21",198.91,898.79,,,,"     ",5.30,25.48,19.53
1771,554688484,"01771M06:05:34.693","01771 05:53:22",198.92,898.85,,,,"     ",5.30,25.51,19.55
1771,554688485,"01771M06:05:35.666","01771 05:53:23",198.93,898.86,,,,"     ",5.30,25.58,19.58
1771,554688486,"01771M06:05:36.639","01771 05:53:24",198.93,898.88,,,,"     ",5.30,25.50,19.51
1771,554688487,"01771M06:05:37.612","01771 05:53:25",198.93,898.88,,,,"     ",5.30,25.50,19.49
1771,554688488,"01771M06:05:38.586","01771 05:53:26",198.93,898.93,,,,"     ",5.30,25.52,19.50
1771,554688489,"01771M06:05:39.559","01771 05:53:27",198.92,898.87,,,,"     ",5.30,25.54,19.50
1771,554688490,"01771M06:05:40.532","01771 05:53:28",198.91,898.96,,,,"     ",5.30,25.47,19.44
1771,554688491,"01771M06:05:41.505","01771 05:53:29",198.89,898.99,,,,"     ",5.30,25.52,19.46
1771,554688492,"01771M06:05:42.479","01771 05:53:30",198.86,899.02,,,,"     ",5.30,25.51,19.44
1771,554688493,"01771M06:05:43.452","01771 05:53:31",198.82,898.99,,,,"     ",5.30,25.52,19.43
1771,554688494,"01771M06:05:44.425","01771 05:53:32",198.77,898.86,,,,"     ",5.30,25.53,19.42
1771,554688495,"01771M06:05:45.398","01771 05:53:33",198.71,898.84,,,,"     ",5.30,25.55,19.43
1771,554688496,"01771M06:05:46.372","01771 05:53:34",198.64,898.87,,,,"     ",5.30,25.51,19.38
1771,554688497,"01771M06:05:47.345","01771 05:53:35",198.58,898.81,,,,"     ",5.30,25.50,19.37
1771,554688498,"01771M06:05:48.318","01771 05:53:36",198.52,898.83,,,,"     ",5.30,25.49,19.34
1771,554688499,"01771M06:05:49.291","01771 05:53:37",198.46,898.86,,,,"     ",5.30,25.47,19.32
1771,554688500,"01771M06:05:50.265","01771 05:53:38",198.42,898.95,,,,"     ",5.30,25.53,19.36
1771,554688501,"01771M06:05:51.238","01771 05:53:39",198.38,898.86,,,,"     ",5.30,25.58,19.38
1771,554688502,"01771M06:05:52.211","01771 05:53:40",198.36,898.91,,,,"     ",5.30,25.47,19.28
1771,554688503,"01771M06:05:53.184","01771 05:53:41",198.34,898.85,,,,"     ",5.30,25.48,19.28
1771,554688504,"01771M06:05:54.158","01771 05:53:42",198.34,898.92,,,,"     ",5.30,25.46,19.25
1771,554688505,"01771M06:05:55.131","01771 05:53:43",198.36,898.86,,,,"     ",5.30,25.57,19.33
1771,554688506,"01771M06:05:56.104","01771 05:53:44",198.37,898.79,,,,"     ",5.30,25.44,19.21
1771,554688507,"01771M06:05:57.077","01771 05:53:45",198.39,898.79,,,,"     ",5.30,25.47,19.22
1771,554688508,"01771M06:05:58.051","01771 05:53:46",198.42,898.85,,,,"     ",5.30,25.46,19.20
1771,554688509,"01771M06:05:59.024","01771 05:53:47",198.47,898.82,,,,"     ",5.30,25.50,19.23
1771,554688510,"01771M06:05:59.997","01771 05:53:48",198.51,898.81,,,,"     ",5.30,25.57,19.27
1771,554688511,"01771M06:06:00.970","01771 05:53:48",198.55,898.95,,,,"     ",5.30,25.44,19.15
1771,554688512,"01771M06:06:01.944","01771 05:53:49",198.58,898.84,,,,"     ",5.30,25.51,19.19
1771,554688513,"01771M06:06:02.917","01771 05:53:50",198.61,898.89,,,,"     ",5.30,25.49,19.16
1771,554688514,"01771M06:06:03.890","01771 05:53:51",198.63,898.84,,,,"     ",5.30,25.49,19.15
1771,554688515,"01771M06:06:04.863","01771 05:53:52",198.65,898.87,,,,"     ",5.30,25.52,19.16
1771,554688516,"01771M06:06:05.837","01771 05:53:53",198.67,898.91,,,,"     ",5.30,25.49,19.13
1771,554688517,"01771M06:06:06.810","01771 05:53:54",198.68,898.92,,,,"     ",5.30,25.50,19.12
1771,554688518,"01771M06:06:07.783","01771 05:53:55",198.69,898.92,,,,"     ",5.30,25.56,19.15
1771,554688519,"01771M06:06:08.756","01771 05:53:56",198.70,898.88,,,,"     ",5.30,25.52,19.11
1771,554688520,"01771M06:06:09.730","01771 05:53:57",198.71,898.89,,,,"     ",5.30,25.53,19.10
1771,554688521,"01771M06:06:10.703","01771 05:53:58",198.71,898.89,,,,"     ",5.30,25.61,19.15
1771,554688522,"01771M06:06:11.676","01771 05:53:59",198.71,898.85,,,,"     ",5.30,25.59,19.13
1771,554688523,"01771M06:06:12.649","01771 05:54:00",198.71,898.68,,,,"     ",5.30,25.50,19.04
1771,554688524,"01771M06:06:13.623","01771 05:54:01",198.70,898.69,,,,"     ",5.30,25.62,19.12
1771,554688525,"01771M06:06:14.596","01771 05:54:02",198.69,898.91,,,,"     ",5.30,25.54,19.05
1771,554688526,"01771M06:06:15.569","01771 05:54:03",198.68,898.80,,,,"     ",5.30,25.59,19.07
1771,554688527,"01771M06:06:16.542","01771 05:54:04",198.66,898.80,,,,"     ",5.30,25.55,19.03
1771,554691913,"01771M07:01:11.979","01771 06:49:00",198.70,906.68,,,,"     ",5.30,,
1771,554691914,"01771M07:01:12.952","01771 06:49:01",198.70,906.62,,,,"     ",5.30,15.66,13.13
1771,554691915,"01771M07:01:13.925","01771 06:49:02",198.70,906.68,,,,"     ",5.30,15.60,13.05
1771,554691916,"01771M07:01:14.899","01771 06:49:03",198.70,906.69,,,,"     ",5.30,15.69,13.09
1771,554691917,"01771M07:01:15.872","01771 06:49:04",198.70,906.72,,,,"     ",5.30,15.66,13.03
1771,554691918,"01771M07:01:16.845","01771 06:49:05",198.70,906.73,,,,"     ",5.30,15.65,12.99
1771,554691919,"01771M07:01:17.818","01771 06:49:06",198.70,906.79,,,,"     ",5.30,15.76,13.05
1771,554691920,"01771M07:01:18.792","01771 06:49:07",198.70,906.66,,,,"     ",5.30,15.67,12.93
1771,554691921,"01771M07:01:19.765","01771 06:49:08",198.70,906.68,,,,"     ",5.30,15.70,12.93
1771,554691922,"01771M07:01:20.738","01771 06:49:09",198.70,906.60,,,,"     ",5.30,15.68,12.88
1771,554691923,"01771M07:01:21.711","01771 06:49:10",198.70,906.67,,,,"     ",5.30,15.72,12.88
1771,554691924,"01771M07:01:22.685","01771 06:49:11",198.70,906.67,,,,"     ",5.30,15.82,12.93
1771,554691925,"01771M07:01:23.658","01771 06:49:12",198.70,906.58,,,,"     ",5.30,15.76,12.85
1771,554691926,"01771M07:01:24.631","01771 06:49:13",198.71,906.56,,,,"     ",5.30,15.81,12.86
1771,554691927,"01771M07:01:25.604","01771 06:49:14",198.71,906.73,,,,"     ",5.30,15.85,12.86
1771,554691928,"01771M07:01:26.578","01771 06:49:15",198.72,906.66,,,,"     ",5.30,15.85,12.84
1771,554691929,"01771M07:01:27.551","01771 06:49:16",198.74,906.66,,,,"     ",5.30,15.80,12.76
1771,554691930,"01771M07:01:28.524","01771 06:49:17",198.75,906.69,,,,"     ",5.30,15.83,12.76
1771,554691931,"01771M07:01:29.497","01771 06:49:18",198.76,906.72,,,,"     ",5.30,15.76,12.68
1771,554691932,"01771M07:01:30.471","01771 06:49:19",198.77,906.78,,,,"     ",5.30,15.80,12.67
1771,554691933,"01771M07:01:31.444","01771 06:49:20",198.76,906.64,,,,"     ",5.30,15.85,12.68
1771,554691934,"01771M07:01:32.417","01771 06:49:21",198.73,906.60,,,,"     ",5.30,15.80,12.62
1771,554691935,"01771M07:01:33.390","01771 06:49:22",198.71,906.64,,,,"     ",5.30,15.80,12.59
1771,554691936,"01771M07:01:34.364","01771 06:49:23",198.69,906.75,,,,"     ",5.30,15.88,12.64
1771,554691937,"01771M07:01:35.337","01771 06:49:24",198.69,906.78,,,,"     ",5.30,15.86,12.59
1771,554691938,"01771M07:01:36.310","01771 06:49:25",198.70,906.85,,,,"     ",5.30,15.87,12.57
1771,554691939,"01771M07:01:37.283","01771 06:49:26",198.73,906.79,,,,"     ",5.30,15.90,12.57
1771,554691940,"01771M07:01:38.257","01771 06:49:27",198.78,906.72,,,,"     ",5.30,15.91,12.56
1771,554691941,"01771M07:01:39.230","01771 06:49:28",198.85,906.71,,,,"     ",5.30,15.86,12.49
1771,554691942,"01771M07:01:40.203","01771 06:49:29",198.94,906.65,,,,"     ",5.30,15.90,12.49
1771,554691943,"01771M07:01:41.176","01771 06:49:29",199.04,906.67,,,,"     ",5.30,15.94,12.51
1771,554691944,"01771M07:01:42.150","01771 06:49:30",199.15,906.65,,,,"     ",5.30,15.91,12.46
1771,554691945,"01771M07:01:43.123","01771 06:49:31",199.27,906.70,,,,"     ",5.30,15.94,12.46
1771,554691946,"01771M07:01:44.096","01771 06:49:32",199.37,906.72,,,,"     ",5.30,15.96,12.45
1771,554691947,"01771M07:01:45.069","01771 06:49:33",199.45,906.74,,,,"     ",5.30,15.97,12.44
1771,554691948,"01771M07:01:46.043","01771 06:49:34",199.50,906.67,,,,"     ",5.30,15.91,12.37
1771,554691949,"01771M07:01:47.016","01771 06:49:35",199.54,906.62,,,,"     ",5.30,16.01,12.42
1771,554691950,"01771M07:01:47.989","01771 06:49:36",199.56,906.62,,,,"     ",5.30,15.95,12.36
1771,554691951,"01771M07:01:48.962","01771 06:49:37",199.58,906.63,,,,"     ",5.30,15.96,12.34
1771,554691952,"01771M07:01:49.936","01771 06:49:38",199.59,906.67,,,,"     ",5.30,16.02,12.37
1771,554691953,"01771M07:01:50.909","01771 06:49:39",199.61,906.74,,,,"     ",5.30,16.07,12.38
1771,554691954,"01771M07:01:51.882","01771 06:49:40",199.62,906.67,,,,"     ",5.30,16.00,12.31
1771,554691955,"01771M07:01:52.855","01771 06:49:41",199.62,906.64,,,,"     ",5.30,15.96,12.26
1771,554691956,"01771M07:01:53.829","01771 06:49:42",199.62,906.69,,,,"     ",5.30,15.93,12.22
1771,554691957,"01771M07:01:54.802","01771 06:49:43",199.61,906.68,,,,"     ",5.30,16.04,12.28
1771,554691958,"01771M07:01:55.775","01771 06:49:44",199.61,906.66,,,,"     ",5.30,16.01,12.25
1771,554691959,"01771M07:01:56.748","01771 06:49:45",199.60,906.65,,,,"     ",5.30,16.07,12.27
1771,554691960,"01771M07:01:57.722","01771 06:49:46",199.60,906.60,,,,"     ",5.30,15.95,12.15
1771,554691961,"01771M07:01:58.695","01771 06:49:47",199.61,906.66,,,,"     ",5.30,16.03,12.20
1771,554691962,"01771M07:01:59.668","01771 06:49:48",199.63,906.71,,,,"     ",5.30,16.07,12.21
1771,554691963,"01771M07:02:00.641","01771 06:49:49",199.67,906.74,,,,"     ",5.30,16.05,12.18
1771,554691964,"01771M07:02:01.615","01771 06:49:50",199.71,906.76,,,,"     ",5.30,16.01,12.13
1771,554691965,"01771M07:02:02.588","01771 06:49:51",199.77,906.69,,,,"     ",5.30,15.98,12.08
1771,554691966,"01771M07:02:03.561","01771 06:49:52",199.82,906.63,,,,"     ",5.30,16.07,12.14
1771,554691967,"01771M07:02:04.534","01771 06:49:53",199.87,906.81,,,,"     ",5.30,16.08,12.13
1771,554691968,"01771M07:02:05.508","01771 06:49:54",199.93,906.80,,,,"     ",5.30,16.12,12.14
1771,554691969,"01771M07:02:06.481","01771 06:49:55",200.00,906.78,,,,"     ",5.30,16.12,12.13
1771,554691970,"01771M07:02:07.454","01771 06:49:56",200.05,906.68,,,,"     ",5.30,16.12,12.10
1771,554691971,"01771M07:02:08.427","01771 06:49:57",200.10,906.80,,,,"     ",5.30,16.06,12.04
1771,554691972,"01771M07:02:09.401","01771 06:49:58",200.13,906.75,,,,"     ",5.30,16.09,12.05
1771,554691973,"01771M07:02:10.374","01771 06:49:59",200.14,906.69,,,,"     ",5.30,16.04,11.99
1771,554691974,"01771M07:02:11.347","01771 06:50:00",200.14,906.73,,,,"     ",5.30,16.09,12.02
1771,554691975,"01771M07:02:12.321","01771 06:50:01",200.12,906.74,,,,"     ",5.30,16.18,12.07
1771,554691976,"01771M07:02:13.294","01771 06:50:02",200.08,906.60,,,,"     ",5.30,16.23,12.09
1771,554691977,"01771M07:02:14.267","01771 06:50:03",200.04,906.59,,,,"     ",5.30,16.18,12.04
1771,554691978,"01771M07:02:15.240","01771 06:50:04",200.00,906.69,,,,"     ",5.30,16.26,12.08
1771,554691979,"01771M07:02:16.214","01771 06:50:05",199.97,906.66,,,,"     ",5.30,16.27,12.07
1771,554691980,"01771M07:02:17.187","01771 06:50:06",199.94,906.72,,,,"     ",5.30,16.18,11.99
1771,554691981,"01771M07:02:18.160","01771 06:50:06",199.93,906.76,,,,"     ",5.30,16.26,12.04
1771,554691982,"01771M07:02:19.133","01771 06:50:07",199.93,906.76,,,,"     ",5.30,16.27,12.03
1771,554691983,"01771M07:02:20.107","01771 06:50:08",199.94,906.81,,,,"     ",5.30,16.21,11.96
1771,554691984,"01771M07:02:21.080","01771 06:50:09",199.95,906.79,,,,"     ",5.30,16.25,11.98
1771,554691985,"01771M07:02:22.053","01771 06:50:10",199.97,906.77,,,,"     ",5.30,16.27,11.98
1771,554691986,"01771M07:02:23.026","01771 06:50:11",199.99,906.81,,,,"     ",5.30,16.16,11.88
1771,554691987,"01771M07:02:24.000","01771 06:50:12",200.03,906.84,,,,"     ",5.30,16.37,12.03
1771,554691988,"01771M07:02:24.973","01771 06:50:13",200.08,906.81,,,,"     ",5.30,16.28,11.94
1771,554691989,"01771M07:02:25.946","01771 06:50:14",200.14,906.76,,,,"     ",5.30,16.24,11.89
1771,554691990,"01771M07:02:26.919","01771 06:50:15",200.21,906.83,,,,"     ",5.30,16.40,12.00
1771,554691991,"01771M07:02:27.893","01771 06:50:16",200.29,906.81,,,,"     ",5.30,16.34,11.94
1771,554691992,"01771M07:02:28.866","01771 06:50:17",200.38,906.74,,,,"     ",5.30,16.35,11.93
1771,554691993,"01771M07:02:29.839","01771 06:50:18",200.46,906.85,,,,"     ",5.30,16.36,11.92
1771,554691994,"01771M07:02:30.812","01771 06:50:19",200.55,906.81,,,,"     ",5.30,16.34,11.89
1771,554691995,"01771M07:02:31.786","01771 06:50:20",200.63,906.75,,,,"     ",5.30,16.37,11.90
1771,554691996,"01771M07:02:32.759","01771 06:50:21",200.71,906.84,,,,"     ",5.30,16.37,11.89
1771,554691997,"01771M07:02:33.732","01771 06:50:22",200.78,906.78,,,,"     ",5.30,16.39,11.89
1771,554691998,"01771M07:02:34.705","01771 06:50:23",200.85,906.92,,,,"     ",5.30,16.37,11.86
1771,554691999,"01771M07:02:35.679","01771 06:50:24",200.91,906.81,,,,"     ",5.30,16.28,11.78
1771,554692000,"01771M07:02:36.652","01771 06:50:25",200.96,906.77,,,,"     ",5.30,16.36,11.82
1771,554692001,"01771M07:02:37.625","01771 06:50:26",201.00,906.82,,,,"     ",5.30,16.34,11.79
1771,554692002,"01771M07:02:38.598","01771 06:50:27",201.03,906.79,,,,"     ",5.30,16.32,11.76
1771,554692003,"01771M07:02:39.572","01771 06:50:28",201.06,906.84,,,,"     ",5.30,16.37,11.79
1771,554692004,"01771M07:02:40.545","01771 06:50:29",201.08,906.83,,,,"     ",5.30,16.38,11.78
1771,554692005,"01771M07:02:41.518","01771 06:50:30",201.11,906.77,,,,"     ",5.30,16.29,11.70
1771,554692006,"01771M07:02:42.491","01771 06:50:31",201.14,906.74,,,,"     ",5.30,16.31,11.70
1771,554692007,"01771M07:02:43.465","01771 06:50:32",201.17,906.85,,,,"     ",5.30,16.38,11.74
1771,554692008,"01771M07:02:44.438","01771 06:50:33",201.20,906.80,,,,"     ",5.30,16.29,11.66
1771,554692009,"01771M07:02:45.411","01771 06:50:34",201.22,906.78,,,,"     ",5.30,16.35,11.69
1771,554692010,"01771M07:02:46.384","01771 06:50:35",201.23,906.82,,,,"     ",5.30,16.33,11.67
1771,554692011,"01771M07:02:47.358","01771 06:50:36",201.24,906.90,,,,"     ",5.30,16.30,11.63
1771,554692012,"01771M07:02:48.331","01771 06:50:37",201.24,906.87,,,,"     ",5.30,16.36,11.66
1771,554692013,"01771M07:02:49.304","01771 06:50:38",201.24,906.91,,,,"     ",5.30,16.41,11.69
1771,554692014,"01771M07:02:50.277","01771 06:50:39",201.23,906.83,,,,"     ",5.30,16.37,11.64
1771,554692015,"01771M07:02:51.251","01771 06:50:40",201.22,906.82,,,,"     ",5.30,16.42,11.66
1771,554692016,"01771M07:02:52.224","01771 06:50:41",201.20,906.82,,,,"     ",5.30,16.38,11.62
1771,554692017,"01771M07:02:53.197","01771 06:50:42",201.18,906.87,,,,"     ",5.30,16.40,11.62
1771,554692018,"01771M07:02:54.170","01771 06:50:42",201.16,906.95,,,,"     ",5.30,16.39,11.60
1771,554692019,"01771M07:02:55.144","01771 06:50:43",201.14,906.93,,,,"     ",5.30,16.24,11.48
1771,554692020,"01771M07:02:56.117","01771 06:50:44",201.13,906.92,,,,"     ",5.30,16.35,11.55
1771,554692021,"01771M07:02:57.090","01771 06:50:45",201.11,906.86,,,,"     ",5.30,16.37,11.55
1771,554692022,"01771M07:02:58.063","01771 06:50:46",201.08,906.85,,,,"     ",5.30,16.35,11.52
1771,554692023,"01771M07:02:59.037","01771 06:50:47",201.06,906.77,,,,"     ",5.30,16.35,11.51
1771,554692024,"01771M07:03:00.010","01771 06:50:48",201.02,906.98,,,,"     ",5.30,16.37,11.52
1771,554692025,"01771M07:03:00.983","01771 06:50:49",200.99,906.90,,,,"     ",5.30,16.35,11.49
1771,554692026,"01771M07:03:01.956","01771 06:50:50",200.95,906.91,,,,"     ",5.30,16.38,11.49
1771,554692027,"01771M07:03:02.930","01771 06:50:51",200.92,906.86,,,,"     ",5.30,16.41,11.50
1771,554692028,"01771M07:03:03.903","01771 06:50:52",200.89,906.87,,,,"     ",5.30,16.43,11.50
1771,554692029,"01771M07:03:04.876","01771 06:50:53",200.87,906.82,,,,"     ",5.30,16.37,11.44
1771,554692030,"01771M07:03:05.849","01771 06:50:54",200.87,906.80,,,,"     ",5.30,16.35,11.42
1771,554692031,"01771M07:03:06.823","01771 06:50:55",200.87,906.95,,,,"     ",5.30,16.34,11.40
1771,554692032,"01771M07:03:07.796","01771 06:50:56",200.89,906.71,,,,"     ",5.30,16.42,11.45
1771,554692033,"01771M07:03:08.769","01771 06:50:57",200.92,906.80,,,,"     ",5.30,16.35,11.38
1771,554692034,"01771M07:03:09.742","01771 06:50:58",200.96,906.84,,,,"     ",5.30,16.44,11.44
1771,554692035,"01771M07:03:10.716","01771 06:50:59",200.99,906.95,,,,"     ",5.30,16.44,11.43
1771,554692036,"01771M07:03:11.689","01771 06:51:00",201.02,906.85,,,,"     ",5.30,16.38,11.37
1771,554692037,"01771M07:03:12.662","01771 06:51:01",201.04,906.81,,,,"     ",5.30,16.45,11.41
1771,554692038,"01771M07:03:13.635","01771 06:51:02",201.05,906.85,,,,"     ",5.30,16.39,11.35
1771,554692039,"01771M07:03:14.609","01771 06:51:03",201.07,906.86,,,,"     ",5.30,16.39,11.34
1771,554692040,"01771M07:03:15.582","01771 06:51:04",201.08,906.82,,,,"     ",5.30,16.40,11.35
1771,554692041,"01771M07:03:16.555","01771 06:51:05",201.11,906.90,,,,"     ",5.30,16.49,11.39
1771,554692042,"01771M07:03:17.528","01771 06:51:06",201.15,906.97,,,,"     ",5.30,16.43,11.35
1771,554692043,"01771M07:03:18.502","01771 06:51:07",201.20,906.90,,,,"     ",5.30,16.48,11.37
1771,554692044,"01771M07:03:19.475","01771 06:51:08",201.26,906.86,,,,"     ",5.30,16.42,11.31
1771,554692045,"01771M07:03:20.448","01771 06:51:09",201.32,906.86,,,,"     ",5.30,16.36,11.26
1771,554692046,"01771M07:03:21.422","01771 06:51:10",201.38,906.84,,,,"     ",5.30,16.45,11.31
1771,554692047,"01771M07:03:22.395","01771 06:51:11",201.44,906.85,,,,"     ",5.30,16.40,11.26
1771,554692048,"01771M07:03:23.368","01771 06:51:12",201.49,906.80,,,,"     ",5.30,16.45,11.29
1771,554692049,"01771M07:03:24.341","01771 06:51:13",201.54,906.83,,,,"     ",5.30,16.38,11.23
1771,554692050,"01771M07:03:25.315","01771 06:51:14",201.57,906.96,,,,"     ",5.30,16.47,11.28
1771,554692051,"01771M07:03:26.288","01771 06:51:15",201.59,906.85,,,,"     ",5.30,16.40,11.22
1771,554692052,"01771M07:03:27.261","01771 06:51:16",201.60,906.87,,,,"     ",5.30,16.40,11.21
1771,554692053,"01771M07:03:28.234","01771 06:51:17",201.59,906.81,,,,"     ",5.30,16.39,11.19
1771,554692054,"01771M07:03:29.208","01771 06:51:18",201.58,906.89,,,,"     ",5.30,16.42,11.20
1771,554692055,"01771M07:03:30.181","01771 06:51:19",201.56,906.88,,,,"     ",5.30,16.41,11.18
1771,554692056,"01771M07:03:31.154","01771 06:51:19",201.54,906.92,,,,"     ",5.30,16.40,11.16
1771,554692057,"01771M07:03:32.127","01771 06:51:20",201.53,906.89,,,,"     ",5.30,16.38,11.14
1771,554692058,"01771M07:03:33.101","01771 06:51:21",201.52,906.94,,,,"     ",5.30,16.39,11.14
1771,554692059,"01771M07:03:34.074","01771 06:51:22",201.52,906.88,,,,"     ",5.30,16.37,11.11
1771,554692060,"01771M07:03:35.047","01771 06:51:23",201.51,906.93,,,,"     ",5.30,16.43,11.14
1771,554692061,"01771M07:03:36.020","01771 06:51:24",201.50,906.84,,,,"     ",5.30,16.51,11.19
1771,554692062,"01771M07:03:36.994","01771 06:51:25",201.49,906.90,,,,"     ",5.30,16.43,11.11
1771,554692063,"01771M07:03:37.967","01771 06:51:26",201.47,906.98,,,,"     ",5.30,16.40,11.08
1771,554692064,"01771M07:03:38.940","01771 06:51:27",201.45,906.81,,,,"     ",5.30,16.45,11.11
1771,554692065,"01771M07:03:39.913","01771 06:51:28",201.44,906.94,,,,"     ",5.30,16.43,11.09
1771,554692066,"01771M07:03:40.887","01771 06:51:29",201.43,906.90,,,,"     ",5.30,16.46,11.10
1771,554692067,"01771M07:03:41.860","01771 06:51:30",201.43,906.86,,,,"     ",5.30,16.43,11.06
1771,554692068,"01771M07:03:42.833","01771 06:51:31",201.45,906.94,,,,"     ",5.30,16.45,11.06
1771,554692069,"01771M07:03:43.806","01771 06:51:32",201.47,906.90,,,,"     ",5.30,16.51,11.10
1771,554692070,"01771M07:03:44.780","01771 06:51:33",201.50,906.93,,,,"     ",5.30,16.50,11.08
1771,554692071,"01771M07:03:45.753","01771 06:51:34",201.53,906.98,,,,"     ",5.30,16.45,11.03
1771,554692072,"01771M07:03:46.726","01771 06:51:35",201.56,906.91,,,,"     ",5.30,16.45,11.02
1771,554692073,"01771M07:03:47.699","01771 06:51:36",201.58,906.93,,,,"     ",5.30,16.48,11.03
1771,554692074,"01771M07:03:48.673","01771 06:51:37",201.58,906.97,,,,"     ",5.30,16.47,11.02
1771,554692075,"01771M07:03:49.646","01771 06:51:38",201.58,906.98,,,,"     ",5.30,16.49,11.02
1771,554692076,"01771M07:03:50.619","01771 06:51:39",201.56,906.96,,,,"     ",5.30,16.47,11.00
1771,554692077,"01771M07:03:51.592","01771 06:51:40",201.52,906.90,,,,"     ",5.30,16.44,10.96
1771,554692078,"01771M07:03:52.566","01771 06:51:41",201.47,906.94,,,,"     ",5.30,16.53,11.02
1771,554692079,"01771M07:03:53.539","01771 06:51:42",201.41,906.93,,,,"     ",5.30,16.46,10.96
1771,554692080,"01771M07:03:54.512","01771 06:51:43",201.35,906.95,,,,"     ",5.30,16.44,10.93
1771,554692081,"01771M07:03:55.485","01771 06:51:44",201.29,906.95,,,,"     ",5.30,16.56,11.00
1771,554692082,"01771M07:03:56.459","01771 06:51:45",201.22,906.98,,,,"     ",5.30,16.40,10.88
1771,554692083,"01771M07:03:57.432","01771 06:51:46",201.15,906.98,,,,"     ",5.30,16.51,10.95
1771,554692084,"01771M07:03:58.405","01771 06:51:47",201.08,906.86,,,,"     ",5.30,16.47,10.91
1771,554692085,"01771M07:03:59.378","01771 06:51:48",201.01,906.95,,,,"     ",5.30,16.55,10.96
1771,554692086,"01771M07:04:00.352","01771 06:51:49",200.95,907.04,,,,"     ",5.30,16.50,10.91
1771,554692087,"01771M07:04:01.325","01771 06:51:50",200.90,907.00,,,,"     ",5.30,16.40,10.83
1771,554692088,"01771M07:04:02.298","01771 06:51:51",200.87,907.06,,,,"     ",5.30,16.49,10.89
1771,554692089,"01771M07:04:03.271","01771 06:51:52",200.85,906.96,,,,"     ",5.30,16.54,10.91
1771,554692090,"01771M07:04:04.245","01771 06:51:53",200.84,906.97,,,,"     ",5.30,16.53,10.90
1771,554692091,"01771M07:04:05.218","01771 06:51:54",200.86,906.89,,,,"     ",5.30,16.47,10.84
1771,554692092,"01771M07:04:06.191","01771 06:51:55",200.91,906.89,,,,"     ",5.30,16.45,10.81
1771,554692093,"01771M07:04:07.164","01771 06:51:56",200.97,907.00,,,,"     ",5.30,16.60,10.91
1771,554692094,"01771M07:04:08.138","01771 06:51:56",201.05,906.94,,,,"     ",5.30,16.57,10.88
1771,554692095,"01771M07:04:09.111","01771 06:51:57",201.14,906.88,,,,"     ",5.30,16.44,10.78
1771,554692096,"01771M07:04:10.084","01771 06:51:58",201.24,907.10,,,,"     ",5.30,16.46,10.78
1771,554692097,"01771M07:04:11.057","01771 06:51:59",201.34,907.01,,,,"     ",5.30,16.54,10.83
1771,554692098,"01771M07:04:12.031","01771 06:52:00",201.43,906.93,,,,"     ",5.30,16.52,10.80
1771,554692099,"01771M07:04:13.004","01771 06:52:01",201.51,906.97,,,,"     ",5.30,16.56,10.82
1771,554692100,"01771M07:04:13.977","01771 06:52:02",201.58,906.99,,,,"     ",5.30,16.57,10.82
1771,554692101,"01771M07:04:14.950","01771 06:52:03",201.64,907.05,,,,"     ",5.30,16.54,10.79
1771,554692102,"01771M07:04:15.924","01771 06:52:04",201.68,907.00,,,,"     ",5.30,16.53,10.77
1771,554692103,"01771M07:04:16.897","01771 06:52:05",201.71,907.02,,,,"     ",5.30,16.46,10.71
1771,554692104,"01771M07:04:17.870","01771 06:52:06",201.73,907.08,,,,"     ",5.30,16.51,10.74
1771,554692105,"01771M07:04:18.843","01771 06:52:07",201.74,906.91,,,,"     ",5.30,16.52,10.74
1771,554692106,"01771M07:04:19.817","01771 06:52:08",201.75,907.05,,,,"     ",5.30,16.48,10.70
1771,554692107,"01771M07:04:20.790","01771 06:52:09",201.76,907.07,,,,"     ",5.30,16.53,10.73
1771,554692108,"01771M07:04:21.763","01771 06:52:10",201.77,907.05,,,,"     ",5.30,16.53,10.72
1771,554692109,"01771M07:04:22.736","01771 06:52:11",201.78,907.01,,,,"     ",5.30,16.57,10.73
1771,554692110,"01771M07:04:23.710","01771 06:52:12",201.78,907.01,,,,"     ",5.30,16.51,10.68
1771,554692111,"01771M07:04:24.683","01771 06:52:13",201.79,907.04,,,,"     ",5.30,16.55,10.70
1771,554692112,"01771M07:04:25.656","01771 06:52:14",201.79,907.06,,,,"     ",5.30,16.59,10.72
1771,554692113,"01771M07:04:26.629","01771 06:52:15",201.79,907.03,,,,"     ",5.30,16.50,10.65
1771,554692114,"01771M07:04:27.603","01771 06:52:16",201.80,907.06,,,,"     ",5.30,16.51,10.64
1771,554692115,"01771M07:04:28.576","01771 06:52:17",201.82,907.07,,,,"     ",5.30,16.57,10.68
1771,554692116,"01771M07:04:29.549","01771 06:52:18",201.84,907.04,,,,"     ",5.30,16.61,10.69
1771,554692117,"01771M07:04:30.522","01771 06:52:19",201.88,906.91,,,,"     ",5.30,16.56,10.65
1771,554692118,"01771M07:04:31.496","01771 06:52:20",201.94,906.98,,,,"     ",5.30,16.55,10.63
1771,554692119,"01771M07:04:32.469","01771 06:52:21",202.00,907.00,,,,"     ",5.30,16.56,10.63
1771,554692120,"01771M07:04:33.442","01771 06:52:22",202.07,907.02,,,,"     ",5.30,16.61,10.65
1771,554692121,"01771M07:04:34.416","01771 06:52:23",202.14,907.06,,,,"     ",5.30,16.56,10.61
1771,554692122,"01771M07:04:35.389","01771 06:52:24",202.19,907.11,,,,"     ",5.30,16.51,10.57
1771,554692123,"01771M07:04:36.362","01771 06:52:25",202.22,907.02,,,,"     ",5.30,16.60,10.62
1771,554692124,"01771M07:04:37.335","01771 06:52:26",202.23,907.04,,,,"     ",5.30,16.56,10.58
1771,554692125,"01771M07:04:38.309","01771 06:52:27",202.22,906.99,,,,"     ",5.30,16.63,10.61
1771,554692126,"01771M07:04:39.282","01771 06:52:28",202.20,907.01,,,,"     ",5.30,16.64,10.61
1771,554692127,"01771M07:04:40.255","01771 06:52:29",202.17,907.05,,,,"     ",5.30,16.57,10.56
1771,554692128,"01771M07:04:41.228","01771 06:52:30",202.12,907.09,,,,"     ",5.30,16.59,10.56
1771,554692129,"01771M07:04:42.202","01771 06:52:31",202.07,907.04,,,,"     ",5.30,16.54,10.52
1771,554692130,"01771M07:04:43.175","01771 06:52:32",202.01,907.06,,,,"     ",5.30,16.63,10.56
1771,554692131,"01771M07:04:44.148","01771 06:52:32",201.95,907.10,,,,"     ",5.30,16.57,10.52
1771,554692132,"01771M07:04:45.121","01771 06:52:33",201.91,907.03,,,,"     ",5.30,16.65,10.56
1771,554692133,"01771M07:04:46.095","01771 06:52:34",201.87,907.03,,,,"     ",5.30,16.63,10.54
1771,554692134,"01771M07:04:47.068","01771 06:52:35",201.83,907.01,,,,"     ",5.30,16.64,10.54
1771,554692135,"01771M07:04:48.041","01771 06:52:36",201.81,907.05,,,,"     ",5.30,16.71,10.58
1771,554692136,"01771M07:04:49.014","01771 06:52:37",201.78,907.05,,,,"     ",5.30,16.53,10.44
1771,554692137,"01771M07:04:49.988","01771 06:52:38",201.75,907.12,,,,"     ",5.30,16.60,10.48
1771,554692138,"01771M07:04:50.961","01771 06:52:39",201.72,907.08,,,,"     ",5.30,16.59,10.46
1771,554692139,"01771M07:04:51.934","01771 06:52:40",201.69,907.05,,,,"     ",5.30,16.60,10.46
1771,554692140,"01771M07:04:52.907","01771 06:52:41",201.66,907.08,,,,"     ",5.30,16.61,10.46
1771,554692141,"01771M07:04:53.881","01771 06:52:42",201.63,907.09,,,,"     ",5.30,16.60,10.44
1771,554692142,"01771M07:04:54.854","01771 06:52:43",201.62,907.07,,,,"     ",5.30,16.66,10.46
1771,554692143,"01771M07:04:55.827","01771 06:52:44",201.61,907.06,,,,"     ",5.30,16.63,10.44
1771,554692144,"01771M07:04:56.800","01771 06:52:45",201.61,907.11,,,,"     ",5.30,16.62,10.42
1771,554692145,"01771M07:04:57.774","01771 06:52:46",201.62,907.09,,,,"     ",5.30,16.56,10.38
1771,554692146,"01771M07:04:58.747","01771 06:52:47",201.64,907.12,,,,"     ",5.30,16.65,10.42
1771,554692147,"01771M07:04:59.720","01771 06:52:48",201.67,907.13,,,,"     ",5.30,16.65,10.41
1771,554692148,"01771M07:05:00.693","01771 06:52:49",201.69,907.06,,,,"     ",5.30,16.64,10.40
1771,554692149,"01771M07:05:01.667","01771 06:52:50",201.71,907.07,,,,"     ",5.30,16.76,10.46
1771,554692150,"01771M07:05:02.640","01771 06:52:51",201.71,907.11,,,,"     ",5.30,16.65,10.38
1771,554692151,"01771M07:05:03.613","01771 06:52:52",201.70,907.04,,,,"     ",5.30,16.60,10.34
1771,554692152,"01771M07:05:04.586","01771 06:52:53",201.68,907.12,,,,"     ",5.30,16.57,10.31
1771,554692153,"01771M07:05:05.560","01771 06:52:54",201.65,907.12,,,,"     ",5.30,16.64,10.35
1771,554692154,"01771M07:05:06.533","01771 06:52:55",201.63,907.05,,,,"     ",5.30,16.61,10.32
1771,554692155,"01771M07:05:07.506","01771 06:52:56",201.60,907.07,,,,"     ",5.30,16.69,10.36
1771,554692156,"01771M07:05:08.479","01771 06:52:57",201.58,907.09,,,,"     ",5.30,16.67,10.34
1771,554692157,"01771M07:05:09.453","01771 06:52:58",201.57,907.12,,,,"     ",5.30,16.68,10.34
1771,554692158,"01771M07:05:10.426","01771 06:52:59",201.55,907.15,,,,"     ",5.30,16.63,10.30
1771,554692159,"01771M07:05:11.399","01771 06:53:00",201.53,907.16,,,,"     ",5.30,16.62,10.28
1771,554692160,"01771M07:05:12.372","01771 06:53:01",201.52,907.07,,,,"     ",5.30,16.61,10.26
1771,554692161,"01771M07:05:13.346","01771 06:53:02",201.50,907.06,,,,"     ",5.30,16.68,10.30
1771,554692162,"01771M07:05:14.319","01771 06:53:03",201.49,907.12,,,,"     ",5.30,16.70,10.30
1771,554692163,"01771M07:05:15.292","01771 06:53:04",201.48,907.09,,,,"     ",5.30,16.69,10.29
1771,554692164,"01771M07:05:16.265","01771 06:53:05",201.47,907.05,,,,"     ",5.30,16.69,10.28
1771,554692165,"01771M07:05:17.239","01771 06:53:06",201.46,907.10,,,,"     ",5.30,16.77,10.32
1771,554692166,"01771M07:05:18.212","01771 06:53:07",201.44,907.10,,,,"     ",5.30,16.65,10.24
1771,554692167,"01771M07:05:19.185","01771 06:53:08",201.44,907.10,,,,"     ",5.30,16.63,10.21
1771,554692168,"01771M07:05:20.158","01771 06:53:09",201.43,907.04,,,,"     ",5.30,16.61,10.19
1771,554692169,"01771M07:05:21.132","01771 06:53:09",201.42,907.05,,,,"     ",5.30,16.72,10.25
1771,554692170,"01771M07:05:22.105","01771 06:53:10",201.42,907.10,,,,"     ",5.30,16.72,10.24
1771,554692171,"01771M07:05:23.078","01771 06:53:11",201.42,907.09,,,,"     ",5.30,16.67,10.20
1771,554692172,"01771M07:05:24.051","01771 06:53:12",201.42,907.04,,,,"     ",5.30,16.69,10.20
1771,554692173,"01771M07:05:25.025","01771 06:53:13",201.42,907.13,,,,"     ",5.30,16.72,10.21
1771,554692174,"01771M07:05:25.998","01771 06:53:14",201.43,907.21,,,,"     ",5.30,16.74,10.21
1771,554692175,"01771M07:05:26.971","01771 06:53:15",201.43,907.12,,,,"     ",5.30,16.72,10.20
1771,554692176,"01771M07:05:27.944","01771 06:53:16",201.43,907.41,,,,"     ",5.30,16.71,10.18
1771,554692177,"01771M07:05:28.918","01771 06:53:17",201.44,907.24,,,,"     ",5.30,16.70,10.17
1771,554692178,"01771M07:05:29.891","01771 06:53:18",201.44,907.14,,,,"     ",5.30,16.71,10.16
1771,554692179,"01771M07:05:30.864","01771 06:53:19",201.45,907.17,,,,"     ",5.30,16.82,10.22
1771,554692180,"01771M07:05:31.837","01771 06:53:20",201.45,907.28,,,,"     ",5.30,16.68,10.12
1771,554692181,"01771M07:05:32.811","01771 06:53:21",201.46,907.20,,,,"     ",5.30,16.71,10.13
1771,554692182,"01771M07:05:33.784","01771 06:53:22",201.46,907.15,,,,"     ",5.30,16.76,10.15
1771,554692183,"01771M07:05:34.757","01771 06:53:23",201.47,907.27,,,,"     ",5.30,16.72,10.12
1771,554692184,"01771M07:05:35.730","01771 06:53:24",201.48,907.29,,,,"     ",5.30,16.77,10.14
1771,554692185,"01771M07:05:36.704","01771 06:53:25",201.49,907.17,,,,"     ",5.30,16.79,10.14
1771,554692186,"01771M07:05:37.677","01771 06:53:26",201.48,907.18,,,,"     ",5.30,16.79,10.14
1771,554692187,"01771M07:05:38.650","01771 06:53:27",201.48,907.22,,,,"     ",5.30,16.68,10.06
1771,554692188,"01771M07:05:39.623","01771 06:53:28",201.46,907.15,,,,"     ",5.30,16.72,10.07
1771,554692189,"01771M07:05:40.597","01771 06:53:29",201.45,907.17,,,,"     ",5.30,16.72,10.06
1771,554692190,"01771M07:05:41.570","01771 06:53:30",201.44,907.12,,,,"     ",5.30,16.71,10.05
1771,554692191,"01771M07:05:42.543","01771 06:53:31",201.44,907.22,,,,"     ",5.30,16.69,10.03
1771,554692192,"01771M07:05:43.517","01771 06:53:32",201.43,907.28,,,,"     ",5.30,16.77,10.06
1771,554692193,"01771M07:05:44.490","01771 06:53:33",201.43,907.26,,,,"     ",5.30,16.75,10.04
1771,554692194,"01771M07:05:45.463","01771 06:53:34",201.44,907.22,,,,"     ",5.30,16.74,10.03
1771,554692195,"01771M07:05:46.436","01771 06:53:35",201.45,907.25,,,,"     ",5.30,16.79,10.05
1771,554692196,"01771M07:05:47.410","01771 06:53:36",201.46,907.27,,,,"     ",5.30,16.81,10.06
1771,554692197,"01771M07:05:48.383","01771 06:53:37",201.48,907.31,,,,"     ",5.30,16.83,10.06
1771,554692198,"01771M07:05:49.356","01771 06:53:38",201.51,907.33,,,,"     ",5.30,16.71,9.97
1771,554692199,"01771M07:05:50.329","01771 06:53:39",201.53,907.25,,,,"     ",5.30,16.80,10.02
1771,554692200,"01771M07:05:51.303","01771 06:53:40",201.55,907.30,,,,"     ",5.30,16.79,10.00
1771,554692201,"01771M07:05:52.276","01771 06:53:41",201.56,907.29,,,,"     ",5.30,16.77,9.98
1771,554692202,"01771M07:05:53.249","01771 06:53:42",201.56,907.25,,,,"     ",5.30,16.76,9.96
1771,554692203,"01771M07:05:54.222","01771 06:53:43",201.56,907.23,,,,"     ",5.30,16.79,9.98
1771,554692204,"01771M07:05:55.196","01771 06:53:44",201.56,907.19,,,,"     ",5.30,16.88,10.02
1771,554692205,"01771M07:05:56.169","01771 06:53:45",201.56,907.20,,,,"     ",5.30,16.81,9.97
1771,554692206,"01771M07:05:57.142","01771 06:53:46",201.57,907.22,,,,"     ",5.30,16.79,9.94
1771,554692207,"01771M07:05:58.115","01771 06:53:46",201.57,907.24,,,,"     ",5.30,16.79,9.94
1771,554692208,"01771M07:05:59.089","01771 06:53:47",201.58,907.19,,,,"     ",5.30,16.81,9.94
1771,554692209,"01771M07:06:00.062","01771 06:53:48",201.59,907.16,,,,"     ",5.30,16.78,9.91
1771,554692210,"01771M07:06:01.035","01771 06:53:49",201.60,907.15,,,,"     ",5.30,16.86,9.95
1771,554692211,"01771M07:06:02.008","01771 06:53:50",201.61,907.23,,,,"     ",5.30,16.83,9.92
1771,554692212,"01771M07:06:02.982","01771 06:53:51",201.62,907.21,,,,"     ",5.30,16.83,9.92
1771,554692213,"01771M07:06:03.955","01771 06:53:52",201.63,907.41,,,,"     ",5.30,16.88,9.94
1771,554692214,"01771M07:06:04.928","01771 06:53:53",201.64,907.39,,,,"     ",5.30,16.81,9.89
1771,554692215,"01771M07:06:05.901","01771 06:53:54",201.65,907.35,,,,"     ",5.30,16.81,9.88
1771,554692216,"01771M07:06:06.875","01771 06:53:55",201.65,907.30,,,,"     ",5.30,16.83,9.88
1771,554692217,"01771M07:06:07.848","01771 06:53:56",201.66,907.37,,,,"     ",5.30,16.84,9.88
1771,554692218,"01771M07:06:08.821","01771 06:53:57",201.67,907.26,,,,"     ",5.30,16.82,9.86
1771,554692219,"01771M07:06:09.794","01771 06:53:58",201.68,907.22,,,,"     ",5.30,16.80,9.83
1771,554692220,"01771M07:06:10.768","01771 06:53:59",201.69,907.22,,,,"     ",5.30,16.81,9.83
1771,554692221,"01771M07:06:11.741","01771 06:54:00",201.81,907.23,,,,"     ",5.30,16.87,9.86
1771,554692222,"01771M07:06:12.714","01771 06:54:01",201.83,907.28,,,,"     ",5.30,16.88,9.85
1771,554692223,"01771M07:06:13.687","01771 06:54:02",201.85,907.20,,,,"     ",5.30,16.85,9.83
1771,554692224,"01771M07:06:14.661","01771 06:54:03",201.86,907.26,,,,"     ",5.30,16.94,9.88
1771,554692225,"01771M07:06:15.634","01771 06:54:04",201.88,907.25,,,,"     ",5.30,16.85,9.81
1771,554692226,"01771M07:06:16.607","01771 06:54:05",201.89,907.26,,,,"     ",5.30,16.88,9.82
1771,554692227,"01771M07:06:17.580","01771 06:54:06",201.90,907.24,,,,"     ",5.30,16.86,9.79
1771,554692228,"01771M07:06:18.554","01771 06:54:07",201.92,907.32,,,,"     ",5.30,16.89,9.81
1771,554692229,"01771M07:06:19.527","01771 06:54:08",201.93,907.37,,,,"     ",5.30,16.87,9.79
1771,554692230,"01771M07:06:20.500","01771 06:54:09",201.94,907.35,,,,"     ",5.30,16.88,9.78
1771,554692231,"01771M07:06:21.473","01771 06:54:10",201.96,907.33,,,,"     ",5.30,16.88,9.77
1771,554692232,"01771M07:06:22.447","01771 06:54:11",201.97,907.33,,,,"     ",5.30,16.90,9.77
1771,554692233,"01771M07:06:23.420","01771 06:54:12",201.98,907.29,,,,"     ",5.30,16.92,9.78
1771,554692234,"01771M07:06:24.393","01771 06:54:13",202.00,907.32,,,,"     ",5.30,16.98,9.81
1771,554692235,"01771M07:06:25.366","01771 06:54:14",202.01,907.26,,,,"     ",5.30,16.95,9.78
1771,554692236,"01771M07:06:26.340","01771 06:54:15",202.02,907.31,,,,"     ",5.30,16.87,9.73
1771,554692237,"01771M07:06:27.313","01771 06:54:16",202.03,907.33,,,,"     ",5.30,16.85,9.70
1771,554692238,"01771M07:06:28.286","01771 06:54:17",202.04,907.34,,,,"     ",5.30,16.89,9.72
1771,554692239,"01771M07:06:29.259","01771 06:54:18",202.05,907.27,,,,"     ",5.30,16.86,9.69
1771,554692240,"01771M07:06:30.233","01771 06:54:19",202.05,907.31,,,,"     ",5.30,16.84,9.67
1771,554692241,"01771M07:06:31.206","01771 06:54:20",202.05,907.37,,,,"     ",5.30,16.81,9.65
1771,554692242,"01771M07:06:32.179","01771 06:54:21",202.08,907.34,,,,"     ",5.30,16.92,9.70
1771,554692243,"01771M07:06:33.152","01771 06:54:22",202.11,907.39,,,,"     ",5.30,16.92,9.69
1771,554692244,"01771M07:06:34.126","01771 06:54:23",202.15,907.37,,,,"     ",5.30,16.88,9.66
1771,554692245,"01771M07:06:35.099","01771 06:54:23",202.20,907.32,,,,"     ",5.30,16.85,9.63
1771,554692246,"01771M07:06:36.072","01771 06:54:24",202.25,907.37,,,,"     ",5.30,16.94,9.68
1771,554692247,"01771M07:06:37.045","01771 06:54:25",202.30,907.34,,,,"     ",5.30,16.85,9.62
1771,554692248,"01771M07:06:38.019","01771 06:54:26",202.35,907.30,,,,"     ",5.30,16.91,9.64
1771,554692249,"01771M07:06:38.992","01771 06:54:27",202.40,907.31,,,,"     ",5.30,16.87,9.61
1771,554692250,"01771M07:06:39.965","01771 06:54:28",202.45,907.38,,,,"     ",5.30,16.94,9.64
1771,554692251,"01771M07:06:40.938","01771 06:54:29",202.50,907.34,,,,"     ",5.30,16.96,9.65
1771,554692252,"01771M07:06:41.912","01771 06:54:30",202.54,907.26,,,,"     ",5.30,16.89,9.60
1771,554692253,"01771M07:06:42.885","01771 06:54:31",202.58,907.23,,,,"     ",5.30,16.91,9.60
1771,554692254,"01771M07:06:43.858","01771 06:54:32",202.61,907.33,,,,"     ",5.30,16.91,9.60
1771,554692255,"01771M07:06:44.831","01771 06:54:33",202.65,907.32,,,,"     ",5.30,16.89,9.57
1771,554692256,"01771M07:06:45.805","01771 06:54:34",202.67,907.35,,,,"     ",5.30,17.00,9.63
1771,554692257,"01771M07:06:46.778","01771 06:54:35",202.69,907.31,,,,"     ",5.30,17.00,9.62
1771,554692258,"01771M07:06:47.751","01771 06:54:36",202.72,907.29,,,,"     ",5.30,16.97,9.59
1771,554692259,"01771M07:06:48.724","01771 06:54:37",202.74,907.34,,,,"     ",5.30,17.00,9.60
1771,554692260,"01771M07:06:49.698","01771 06:54:38",202.75,907.35,,,,"     ",5.30,16.98,9.59
1771,554692261,"01771M07:06:50.671","01771 06:54:39",202.77,907.36,,,,"     ",5.30,16.96,9.57
1771,554692262,"01771M07:06:51.644","01771 06:54:40",202.77,907.41,,,,"     ",5.30,16.94,9.54
1771,554692263,"01771M07:06:52.618","01771 06:54:41",202.77,907.36,,,,"     ",5.30,16.93,9.53
1771,554692264,"01771M07:06:53.591","01771 06:54:42",202.77,907.29,,,,"     ",5.30,16.99,9.56
1771,554692265,"01771M07:06:54.564","01771 06:54:43",202.76,907.44,,,,"     ",5.30,16.92,9.51
1771,554692266,"01771M07:06:55.537","01771 06:54:44",202.75,907.30,,,,"     ",5.30,17.03,9.56
1771,554692267,"01771M07:06:56.511","01771 06:54:45",202.75,907.31,,,,"     ",5.30,16.97,9.52
1771,554692268,"01771M07:06:57.484","01771 06:54:46",202.75,907.33,,,,"     ",5.30,16.90,9.47
1771,554692269,"01771M07:06:58.457","01771 06:54:47",202.77,907.42,,,,"     ",5.30,17.00,9.52
1771,554692270,"01771M07:06:59.430","01771 06:54:48",202.78,907.34,,,,"     ",5.30,17.00,9.51
1771,554692271,"01771M07:07:00.404","01771 06:54:49",202.80,907.43,,,,"     ",5.30,16.95,9.48
1771,554692272,"01771M07:07:01.377","01771 06:54:50",202.82,907.48,,,,"     ",5.30,16.93,9.46
1771,554692273,"01771M07:07:02.350","01771 06:54:51",202.83,907.49,,,,"     ",5.30,16.97,9.48
1771,554692274,"01771M07:07:03.323","01771 06:54:52",202.84,907.43,,,,"     ",5.30,17.04,9.51
1771,554692275,"01771M07:07:04.297","01771 06:54:53",202.84,907.40,,,,"     ",5.30,16.90,9.42
1771,554692276,"01771M07:07:05.270","01771 06:54:54",202.84,907.44,,,,"     ",5.30,16.99,9.46
1771,554692277,"01771M07:07:06.243","01771 06:54:55",202.84,907.40,,,,"     ",5.30,17.03,9.48
1771,554692278,"01771M07:07:07.216","01771 06:54:56",202.84,907.50,,,,"     ",5.30,17.01,9.46
1771,554692279,"01771M07:07:08.190","01771 06:54:57",202.83,907.44,,,,"     ",5.30,16.95,9.42
1771,554692280,"01771M07:07:09.163","01771 06:54:58",202.82,907.49,,,,"     ",5.30,17.04,9.46
1771,554692281,"01771M07:07:10.136","01771 06:54:59",202.80,907.48,,,,"     ",5.30,16.96,9.41
1771,554692282,"01771M07:07:11.109","01771 06:54:59",202.78,907.50,,,,"     ",5.30,17.09,9.48
1771,554692283,"01771M07:07:12.083","01771 06:55:00",202.76,907.52,,,,"     ",5.30,16.97,9.40
1771,554692284,"01771M07:07:13.056","01771 06:55:01",202.73,907.47,,,,"     ",5.30,17.04,9.43
1771,554692285,"01771M07:07:14.029","01771 06:55:02",202.71,907.45,,,,"     ",5.30,17.05,9.43
1771,554692286,"01771M07:07:15.002","01771 06:55:03",202.68,907.40,,,,"     ",5.30,16.98,9.39
1771,554692287,"01771M07:07:15.976","01771 06:55:04",202.65,907.42,,,,"     ",5.30,17.02,9.40
1771,554692288,"01771M07:07:16.949","01771 06:55:05",202.62,907.48,,,,"     ",5.30,16.97,9.36
1771,554692289,"01771M07:07:17.922","01771 06:55:06",202.60,907.49,,,,"     ",5.30,17.07,9.41
1771,554692290,"01771M07:07:18.895","01771 06:55:07",202.58,907.49,,,,"     ",5.30,17.09,9.41
1771,554692291,"01771M07:07:19.869","01771 06:55:08",202.59,907.43,,,,"     ",5.30,17.10,9.41
1771,554692292,"01771M07:07:20.842","01771 06:55:09",202.61,907.39,,,,"     ",5.30,17.06,9.38
1771,554692293,"01771M07:07:21.815","01771 06:55:10",202.64,907.42,,,,"     ",5.30,17.09,9.39
1771,554692294,"01771M07:07:22.788","01771 06:55:11",202.69,907.46,,,,"     ",5.30,17.10,9.39
1771,554692295,"01771M07:07:23.762","01771 06:55:12",202.76,907.48,,,,"     ",5.30,17.12,9.39
1771,554692296,"01771M07:07:24.735","01771 06:55:13",202.83,907.39,,,,"     ",5.30,17.17,9.41
1771,554692297,"01771M07:07:25.708","01771 06:55:14",202.91,907.44,,,,"     ",5.30,17.13,9.38
1771,554692298,"01771M07:07:26.681","01771 06:55:15",202.99,907.44,,,,"     ",5.30,17.08,9.35
1771,554692299,"01771M07:07:27.655","01771 06:55:16",203.07,907.45,,,,"     ",5.30,17.07,9.33
1771,554692300,"01771M07:07:28.628","01771 06:55:17",203.15,907.40,,,,"     ",5.30,17.08,9.33
1771,554692301,"01771M07:07:29.601","01771 06:55:18",203.22,907.42,,,,"     ",5.30,17.17,9.37
1771,554692302,"01771M07:07:30.574","01771 06:55:19",203.29,907.50,,,,"     ",5.30,17.07,9.31
1771,554692303,"01771M07:07:31.548","01771 06:55:20",203.35,907.51,,,,"     ",5.30,17.09,9.31
1771,554692304,"01771M07:07:32.521","01771 06:55:21",203.41,907.47,,,,"     ",5.30,17.09,9.30
1771,554692305,"01771M07:07:33.494","01771 06:55:22",203.44,907.49,,,,"     ",5.30,17.13,9.32
1771,554692306,"01771M07:07:34.467","01771 06:55:23",203.46,907.51,,,,"     ",5.30,17.11,9.30
1771,554692307,"01771M07:07:35.441","01771 06:55:24",203.47,907.47,,,,"     ",5.30,17.08,9.28
1771,554692308,"01771M07:07:36.414","01771 06:55:25",203.45,907.44,,,,"     ",5.30,17.10,9.28
1771,554692309,"01771M07:07:37.387","01771 06:55:26",203.42,907.53,,,,"     ",5.30,17.07,9.26
1771,554692310,"01771M07:07:38.360","01771 06:55:27",203.37,907.37,,,,"     ",5.30,17.15,9.29
1771,554692311,"01771M07:07:39.334","01771 06:55:28",203.32,907.44,,,,"     ",5.30,17.15,9.28
1771,554692312,"01771M07:07:40.307","01771 06:55:29",203.27,907.46,,,,"     ",5.30,17.10,9.25
1771,554692313,"01771M07:07:41.280","01771 06:55:30",203.21,907.48,,,,"     ",5.30,17.10,9.24
1771,554692314,"01771M07:07:42.253","01771 06:55:31",203.16,907.49,,,,"     ",5.30,17.10,9.24
1771,554692315,"01771M07:07:43.227","01771 06:55:32",203.11,907.47,,,,"     ",5.30,17.17,9.27
1771,554692316,"01771M07:07:44.200","01771 06:55:33",203.07,907.38,,,,"     ",5.30,17.05,9.19
1771,554692317,"01771M07:07:45.173","01771 06:55:34",203.04,907.47,,,,"     ",5.30,17.14,9.23
1771,554692318,"01771M07:07:46.146","01771 06:55:35",203.03,907.50,,,,"     ",5.30,17.09,9.20
1771,554692319,"01771M07:07:47.120","01771 06:55:36",203.03,907.42,,,,"     ",5.30,17.13,9.22
1771,554692320,"01771M07:07:48.093","01771 06:55:36",203.04,907.45,,,,"     ",5.30,17.12,9.20
1771,554692321,"01771M07:07:49.066","01771 06:55:37",203.07,907.53,,,,"     ",5.30,17.16,9.22
1771,554692322,"01771M07:07:50.039","01771 06:55:38",203.11,907.44,,,,"     ",5.30,17.14,9.19
1771,554692323,"01771M07:07:51.013","01771 06:55:39",203.15,907.45,,,,"     ",5.30,17.15,9.20
1771,554692324,"01771M07:07:51.986","01771 06:55:40",203.20,907.52,,,,"     ",5.30,17.15,9.19
1771,554692325,"01771M07:07:52.959","01771 06:55:41",203.26,907.51,,,,"     ",5.30,17.09,9.15
1771,554692326,"01771M07:07:53.932","01771 06:55:42",203.31,907.56,,,,"     ",5.30,17.10,9.15
1771,554692327,"01771M07:07:54.906","01771 06:55:43",203.37,907.52,,,,"     ",5.30,17.07,9.12
1771,554692328,"01771M07:07:55.879","01771 06:55:44",203.42,907.61,,,,"     ",5.30,17.08,9.13
1771,554692329,"01771M07:07:56.852","01771 06:55:45",203.48,907.55,,,,"     ",5.30,17.11,9.14
1771,554692330,"01771M07:07:57.825","01771 06:55:46",203.52,907.55,,,,"     ",5.30,17.14,9.15
1771,554692331,"01771M07:07:58.799","01771 06:55:47",203.56,907.49,,,,"     ",5.30,17.05,9.09
1771,554692332,"01771M07:07:59.772","01771 06:55:48",203.58,907.51,,,,"     ",5.30,17.06,9.09
1771,554692333,"01771M07:08:00.745","01771 06:55:49",203.57,907.53,,,,"     ",5.30,17.12,9.11
1771,554692334,"01771M07:08:01.719","01771 06:55:50",203.54,907.51,,,,"     ",5.30,17.11,9.10
1771,554692335,"01771M07:08:02.692","01771 06:55:51",203.50,907.51,,,,"     ",5.30,17.08,9.07
1771,554692336,"01771M07:08:03.665","01771 06:55:52",203.44,907.50,,,,"     ",5.30,17.07,9.06
1771,554692337,"01771M07:08:04.638","01771 06:55:53",203.37,907.52,,,,"     ",5.30,17.16,9.10
1771,554692338,"01771M07:08:05.612","01771 06:55:54",203.29,907.55,,,,"     ",5.30,17.10,9.07
1771,554692339,"01771M07:08:06.585","01771 06:55:55",203.21,907.48,,,,"     ",5.30,17.23,9.13
1771,554692340,"01771M07:08:07.558","01771 06:55:56",203.14,907.58,,,,"     ",5.30,17.14,9.08
1771,554692341,"01771M07:08:08.531","01771 06:55:57",203.06,907.57,,,,"     ",5.30,17.12,9.06
1771,554692342,"01771M07:08:09.505","01771 06:55:58",203.00,907.49,,,,"     ",5.30,17.17,9.08
1771,554692343,"01771M07:08:10.478","01771 06:55:59",202.95,907.59,,,,"     ",5.30,17.16,9.07
1771,554692344,"01771M07:08:11.451","01771 06:56:00",202.91,907.55,,,,"     ",5.30,17.22,9.10
1771,554692345,"01771M07:08:12.424","01771 06:56:01",202.89,907.53,,,,"     ",5.30,17.12,9.03
1771,554692346,"01771M07:08:13.398","01771 06:56:02",202.89,907.64,,,,"     ",5.30,17.18,9.06
1771,554692347,"01771M07:08:14.371","01771 06:56:03",202.89,907.64,,,,"     ",5.30,17.10,9.01
1771,554692348,"01771M07:08:15.344","01771 06:56:04",202.91,907.60,,,,"     ",5.30,17.13,9.02
1771,554692349,"01771M07:08:16.317","01771 06:56:05",202.94,907.60,,,,"     ",5.30,17.12,9.01
1771,554692350,"01771M07:08:17.291","01771 06:56:06",202.97,907.50,,,,"     ",5.30,17.15,9.02
1771,554692351,"01771M07:08:18.264","01771 06:56:07",203.00,907.49,,,,"     ",5.30,17.19,9.03
1771,554692352,"01771M07:08:19.237","01771 06:56:08",203.02,907.56,,,,"     ",5.30,17.16,9.01
1771,554692353,"01771M07:08:20.210","01771 06:56:09",203.04,907.62,,,,"     ",5.30,17.15,9.00
1771,554692354,"01771M07:08:21.184","01771 06:56:10",203.04,907.53,,,,"     ",5.30,17.23,9.03
1771,554692355,"01771M07:08:22.157","01771 06:56:11",203.04,907.50,,,,"     ",5.30,17.10,8.96
1771,554692356,"01771M07:08:23.130","01771 06:56:12",203.03,907.57,,,,"     ",5.30,17.18,8.99
1771,554692357,"01771M07:08:24.103","01771 06:56:13",203.01,907.50,,,,"     ",5.30,17.21,9.00
1771,554692358,"01771M07:08:25.077","01771 06:56:13",202.99,907.53,,,,"     ",5.30,17.20,8.99
1771,554692359,"01771M07:08:26.050","01771 06:56:14",202.97,907.52,,,,"     ",5.30,17.18,8.97
1771,554692360,"01771M07:08:27.023","01771 06:56:15",202.95,907.44,,,,"     ",5.30,17.21,8.98
1771,554692361,"01771M07:08:27.996","01771 06:56:16",202.94,907.72,,,,"     ",5.30,17.15,8.94
1771,554692362,"01771M07:08:28.970","01771 06:56:17",202.93,907.59,,,,"     ",5.30,17.19,8.96
1771,554692363,"01771M07:08:29.943","01771 06:56:18",202.93,907.59,,,,"     ",5.30,17.15,8.93
1771,554692364,"01771M07:08:30.916","01771 06:56:19",202.93,907.60,,,,"     ",5.30,17.22,8.96
1771,554692365,"01771M07:08:31.889","01771 06:56:20",202.94,907.67,,,,"     ",5.30,17.16,8.93
1771,554692366,"01771M07:08:32.863","01771 06:56:21",202.95,907.55,,,,"     ",5.30,17.21,8.95
1771,554692367,"01771M07:08:33.836","01771 06:56:22",202.96,907.66,,,,"     ",5.30,17.21,8.94
1771,554692368,"01771M07:08:34.809","01771 06:56:23",202.98,907.67,,,,"     ",5.30,17.21,8.93
1771,554692369,"01771M07:08:35.782","01771 06:56:24",203.01,907.86,,,,"     ",5.30,17.22,8.93
1771,554692370,"01771M07:08:36.756","01771 06:56:25",203.05,907.66,,,,"     ",5.30,17.29,8.96
1771,554692371,"01771M07:08:37.729","01771 06:56:26",203.09,907.64,,,,"     ",5.30,17.15,8.88
1771,554692372,"01771M07:08:38.702","01771 06:56:27",203.15,907.68,,,,"     ",5.30,17.20,8.90
1771,554692373,"01771M07:08:39.675","01771 06:56:28",203.21,907.65,,,,"     ",5.30,17.06,8.82
1771,554692374,"01771M07:08:40.649","01771 06:56:29",203.26,907.60,,,,"     ",5.30,17.16,8.86
1771,554692375,"01771M07:08:41.622","01771 06:56:30",203.32,907.72,,,,"     ",5.30,17.27,8.92
1771,554692376,"01771M07:08:42.595","01771 06:56:31",203.37,907.70,,,,"     ",5.30,17.13,8.84
1771,554692377,"01771M07:08:43.568","01771 06:56:32",203.42,907.69,,,,"     ",5.30,17.23,8.89
1771,554692378,"01771M07:08:44.542","01771 06:56:33",203.46,907.63,,,,"     ",5.30,17.17,8.85
1771,554692379,"01771M07:08:45.515","01771 06:56:34",203.49,907.70,,,,"     ",5.30,17.19,8.85
1771,554692380,"01771M07:08:46.488","01771 06:56:35",203.52,907.64,,,,"     ",5.30,17.22,8.86
1771,554692381,"01771M07:08:47.461","01771 06:56:36",203.53,907.66,,,,"     ",5.30,17.14,8.81
1771,554692382,"01771M07:08:48.435","01771 06:56:37",203.55,907.69,,,,"     ",5.30,17.26,8.87
1771,554692383,"01771M07:08:49.408","01771 06:56:38",203.56,907.65,,,,"     ",5.30,17.23,8.85
1771,554692384,"01771M07:08:50.381","01771 06:56:39",203.58,907.68,,,,"     ",5.30,17.13,8.79
1771,554692385,"01771M07:08:51.354","01771 06:56:40",203.60,907.68,,,,"     ",5.30,17.24,8.84
1771,554692386,"01771M07:08:52.328","01771 06:56:41",203.62,907.67,,,,"     ",5.30,17.16,8.79
1771,554692387,"01771M07:08:53.301","01771 06:56:42",203.66,907.67,,,,"     ",5.30,17.20,8.81
1771,554692388,"01771M07:08:54.274","01771 06:56:43",203.70,907.65,,,,"     ",5.30,17.17,8.78
1771,554692389,"01771M07:08:55.247","01771 06:56:44",203.75,907.65,,,,"     ",5.30,17.16,8.77
1771,554692390,"01771M07:08:56.221","01771 06:56:45",203.79,907.61,,,,"     ",5.30,17.26,8.82
1771,554692391,"01771M07:08:57.194","01771 06:56:46",203.83,907.60,,,,"     ",5.30,17.29,8.82
1771,554692392,"01771M07:08:58.167","01771 06:56:47",203.86,907.70,,,,"     ",5.30,17.23,8.79
1771,554692393,"01771M07:08:59.140","01771 06:56:48",203.88,907.63,,,,"     ",5.30,17.18,8.76
1771,554692394,"01771M07:09:00.114","01771 06:56:49",203.89,907.67,,,,"     ",5.30,17.28,8.80
1771,554692395,"01771M07:09:01.087","01771 06:56:49",203.89,907.67,,,,"     ",5.30,17.22,8.76
1771,554692396,"01771M07:09:02.060","01771 06:56:50",203.89,907.66,,,,"     ",5.30,17.28,8.79
1771,554692397,"01771M07:09:03.033","01771 06:56:51",203.89,907.65,,,,"     ",5.30,17.24,8.76
1771,554692398,"01771M07:09:04.007","01771 06:56:52",203.88,907.67,,,,"     ",5.30,17.22,8.74
1771,554692399,"01771M07:09:04.980","01771 06:56:53",203.87,907.70,,,,"     ",5.30,17.12,8.68
1771,554692400,"01771M07:09:05.953","01771 06:56:54",203.85,907.79,,,,"     ",5.30,17.29,8.76
1771,554692401,"01771M07:09:06.926","01771 06:56:55",203.82,907.79,,,,"     ",5.30,17.27,8.75
1771,554692402,"01771M07:09:07.900","01771 06:56:56",203.80,907.79,,,,"     ",5.30,17.24,8.73
1771,554692403,"01771M07:09:08.873","01771 06:56:57",203.77,907.76,,,,"     ",5.30,17.24,8.72
1771,554692404,"01771M07:09:09.846","01771 06:56:58",203.74,907.75,,,,"     ",5.30,17.25,8.72
1771,554692405,"01771M07:09:10.820","01771 06:56:59",203.72,907.77,,,,"     ",5.30,17.14,8.65
1771,554692406,"01771M07:09:11.793","01771 06:57:00",203.71,907.69,,,,"     ",5.30,17.28,8.72
1771,554692407,"01771M07:09:12.766","01771 06:57:01",203.70,907.71,,,,"     ",5.30,17.29,8.72
1771,554692408,"01771M07:09:13.739","01771 06:57:02",203.69,907.67,,,,"     ",5.30,17.23,8.68
1771,554692409,"01771M07:09:14.713","01771 06:57:03",203.69,907.64,,,,"     ",5.30,17.29,8.71
1771,554692410,"01771M07:09:15.686","01771 06:57:04",203.70,907.63,,,,"     ",5.30,17.26,8.68
1771,554692411,"01771M07:09:16.659","01771 06:57:05",203.72,907.70,,,,"     ",5.30,17.25,8.67
1771,554692412,"01771M07:09:17.632","01771 06:57:06",203.74,907.74,,,,"     ",5.30,17.28,8.68
1771,554692413,"01771M07:09:18.606","01771 06:57:07",203.78,907.76,,,,"     ",5.30,17.35,8.71
1771,554692414,"01771M07:09:19.579","01771 06:57:08",203.81,907.72,,,,"     ",5.30,17.28,8.67
1771,554692415,"01771M07:09:20.552","01771 06:57:09",203.85,907.71,,,,"     ",5.30,17.24,8.64
1771,554692416,"01771M07:09:21.525","01771 06:57:10",203.89,907.73,,,,"     ",5.30,17.24,8.64
1771,554692417,"01771M07:09:22.499","01771 06:57:11",203.93,907.81,,,,"     ",5.30,17.16,8.59
1771,554692418,"01771M07:09:23.472","01771 06:57:12",203.98,907.73,,,,"     ",5.30,17.28,8.64
1771,554692419,"01771M07:09:24.445","01771 06:57:13",204.02,907.79,,,,"     ",5.30,17.17,8.58
1771,554692420,"01771M07:09:25.418","01771 06:57:14",204.06,907.70,,,,"     ",5.30,17.21,8.59
1771,554692421,"01771M07:09:26.392","01771 06:57:15",204.10,907.70,,,,"     ",5.30,17.22,8.59
1771,554692422,"01771M07:09:27.365","01771 06:57:16",204.13,907.72,,,,"     ",5.30,17.22,8.59
1771,554692423,"01771M07:09:28.338","01771 06:57:17",204.15,907.76,,,,"     ",5.30,17.30,8.62
1771,554692424,"01771M07:09:29.311","01771 06:57:18",204.16,907.65,,,,"     ",5.30,17.30,8.61
1771,554692425,"01771M07:09:30.285","01771 06:57:19",204.16,907.81,,,,"     ",5.30,17.32,8.62
1771,554692426,"01771M07:09:31.258","01771 06:57:20",204.15,907.75,,,,"     ",5.30,17.25,8.58
1771,554692427,"01771M07:09:32.231","01771 06:57:21",204.13,907.77,,,,"     ",5.30,17.25,8.57
1771,554692428,"01771M07:09:33.204","01771 06:57:22",204.10,907.71,,,,"     ",5.30,17.22,8.55
1771,554692429,"01771M07:09:34.178","01771 06:57:23",204.06,907.73,,,,"     ",5.30,17.27,8.56
1771,554692430,"01771M07:09:35.151","01771 06:57:24",204.01,907.73,,,,"     ",5.30,17.25,8.55
1771,554692431,"01771M07:09:36.124","01771 06:57:25",203.96,907.79,,,,"     ",5.30,17.26,8.55
1771,554692432,"01771M07:09:37.097","01771 06:57:26",203.91,907.73,,,,"     ",5.30,17.28,8.55
1771,554692433,"01771M07:09:38.071","01771 06:57:26",203.86,907.72,,,,"     ",5.30,17.31,8.56
1771,554692434,"01771M07:09:39.044","01771 06:57:27",203.82,907.71,,,,"     ",5.30,17.30,8.55
1771,554692435,"01771M07:09:40.017","01771 06:57:28",203.78,907.66,,,,"     ",5.30,17.34,8.56
1771,554692436,"01771M07:09:40.990","01771 06:57:29",203.75,907.78,,,,"     ",5.30,17.31,8.55
1771,554692437,"01771M07:09:41.964","01771 06:57:30",203.73,907.81,,,,"     ",5.30,17.28,8.52
1771,554692438,"01771M07:09:42.937","01771 06:57:31",203.73,907.77,,,,"     ",5.30,17.29,8.52
1771,554692439,"01771M07:09:43.910","01771 06:57:32",203.74,907.78,,,,"     ",5.30,17.25,8.49
1771,554692440,"01771M07:09:44.883","01771 06:57:33",203.76,907.70,,,,"     ",5.30,17.29,8.50
1771,554692441,"01771M07:09:45.857","01771 06:57:34",203.79,907.59,,,,"     ",5.30,17.24,8.48
1771,554692442,"01771M07:09:46.830","01771 06:57:35",203.82,907.61,,,,"     ",5.30,17.27,8.49
1771,554692443,"01771M07:09:47.803","01771 06:57:36",203.85,907.69,,,,"     ",5.30,17.27,8.48
1771,554692444,"01771M07:09:48.776","01771 06:57:37",203.89,907.61,,,,"     ",5.30,17.30,8.48
1771,554692445,"01771M07:09:49.750","01771 06:57:38",203.93,907.57,,,,"     ",5.30,17.32,8.49
1771,554692446,"01771M07:09:50.723","01771 06:57:39",203.97,907.74,,,,"     ",5.30,17.32,8.48
1771,554692447,"01771M07:09:51.696","01771 06:57:40",204.01,907.70,,,,"     ",5.30,17.24,8.43
1771,554692448,"01771M07:09:52.669","01771 06:57:41",204.04,907.69,,,,"     ",5.30,17.25,8.43
1771,554692449,"01771M07:09:53.643","01771 06:57:42",204.08,907.64,,,,"     ",5.30,17.23,8.42
1771,554692450,"01771M07:09:54.616","01771 06:57:43",204.10,907.68,,,,"     ",5.30,17.31,8.46
1771,554692451,"01771M07:09:55.589","01771 06:57:44",204.11,907.69,,,,"     ",5.30,17.28,8.44
1771,554692452,"01771M07:09:56.562","01771 06:57:45",204.10,907.70,,,,"     ",5.30,17.34,8.46
1771,554692453,"01771M07:09:57.536","01771 06:57:46",204.09,907.66,,,,"     ",5.30,17.32,8.44
1771,554692454,"01771M07:09:58.509","01771 06:57:47",204.06,907.74,,,,"     ",5.30,17.36,8.45
1771,554692455,"01771M07:09:59.482","01771 06:57:48",204.02,907.77,,,,"     ",5.30,17.33,8.43
1771,554692456,"01771M07:10:00.455","01771 06:57:49",203.97,907.98,,,,"     ",5.30,17.27,8.40
1771,554692457,"01771M07:10:01.429","01771 06:57:50",203.93,907.88,,,,"     ",5.30,17.40,8.46
1771,554692458,"01771M07:10:02.402","01771 06:57:51",203.88,907.77,,,,"     ",5.30,17.28,8.39
1771,554692459,"01771M07:10:03.375","01771 06:57:52",203.84,907.82,,,,"     ",5.30,17.34,8.41
1771,554692460,"01771M07:10:04.348","01771 06:57:53",203.80,907.78,,,,"     ",5.30,17.36,8.42
1771,554692461,"01771M07:10:05.322","01771 06:57:54",203.79,907.72,,,,"     ",5.30,17.33,8.40
1771,554692462,"01771M07:10:06.295","01771 06:57:55",203.78,907.78,,,,"     ",5.30,17.37,8.41
1771,554692463,"01771M07:10:07.268","01771 06:57:56",203.80,907.78,,,,"     ",5.30,17.35,8.40
1771,554692464,"01771M07:10:08.241","01771 06:57:57",203.83,907.62,,,,"     ",5.30,17.36,8.39
1771,554692465,"01771M07:10:09.215","01771 06:57:58",203.88,907.59,,,,"     ",5.30,17.35,8.38
1771,554692466,"01771M07:10:10.188","01771 06:57:59",203.94,907.66,,,,"     ",5.30,17.29,8.35
1771,554692467,"01771M07:10:11.161","01771 06:58:00",204.01,907.70,,,,"     ",5.30,17.31,8.36
1771,554692468,"01771M07:10:12.134","01771 06:58:01",204.09,907.65,,,,"     ",5.30,17.37,8.38
1771,554692469,"01771M07:10:13.108","01771 06:58:02",204.18,907.65,,,,"     ",5.30,17.33,8.35
1771,554692470,"01771M07:10:14.081","01771 06:58:03",204.26,907.69,,,,"     ",5.30,17.41,8.39
1771,554692471,"01771M07:10:15.054","01771 06:58:03",204.33,907.72,,,,"     ",5.30,17.24,8.29
1771,554692472,"01771M07:10:16.027","01771 06:58:04",204.40,907.77,,,,"     ",5.30,17.36,8.35
1771,554692473,"01771M07:10:17.001","01771 06:58:05",204.45,907.84,,,,"     ",5.30,17.32,8.33
1771,554692474,"01771M07:10:17.974","01771 06:58:06",204.49,907.89,,,,"     ",5.30,17.39,8.35
1771,554692475,"01771M07:10:18.947","01771 06:58:07",204.52,907.83,,,,"     ",5.30,17.32,8.31
1771,554692476,"01771M07:10:19.920","01771 06:58:08",204.54,907.82,,,,"     ",5.30,17.43,8.36
1771,554692477,"01771M07:10:20.894","01771 06:58:09",204.54,907.84,,,,"     ",5.30,17.53,8.40
1771,554692478,"01771M07:10:21.867","01771 06:58:10",204.53,907.81,,,,"     ",5.30,17.38,8.32
1771,554692479,"01771M07:10:22.840","01771 06:58:11",204.52,907.83,,,,"     ",5.30,17.39,8.32
1771,554692480,"01771M07:10:23.814","01771 06:58:12",204.50,907.86,,,,"     ",5.30,17.39,8.32
1771,554692481,"01771M07:10:24.787","01771 06:58:13",204.48,907.83,,,,"     ",5.30,17.38,8.31
1771,554692482,"01771M07:10:25.760","01771 06:58:14",204.45,907.82,,,,"     ",5.30,17.37,8.30
1771,554692483,"01771M07:10:26.733","01771 06:58:15",204.42,907.77,,,,"     ",5.30,17.42,8.31
1771,554692484,"01771M07:10:27.707","01771 06:58:16",204.39,907.78,,,,"     ",5.30,17.36,8.28
1771,554692485,"01771M07:10:28.680","01771 06:58:17",204.36,907.71,,,,"     ",5.30,17.31,8.25
1771,554692486,"01771M07:10:29.653","01771 06:58:18",204.33,907.73,,,,"     ",5.30,17.39,8.28
1771,554692487,"01771M07:10:30.626","01771 06:58:19",204.30,907.80,,,,"     ",5.30,17.32,8.24
1771,554692488,"01771M07:10:31.600","01771 06:58:20",204.29,907.79,,,,"     ",5.30,17.45,8.30
1771,554692489,"01771M07:10:32.573","01771 06:58:21",204.28,907.77,,,,"     ",5.30,17.39,8.26
1771,554692490,"01771M07:10:33.546","01771 06:58:22",204.28,907.80,,,,"     ",5.30,17.43,8.28
1771,554692491,"01771M07:10:34.519","01771 06:58:23",204.30,907.81,,,,"     ",5.30,17.41,8.26
1771,554692492,"01771M07:10:35.493","01771 06:58:24",204.33,907.80,,,,"     ",5.30,17.40,8.25
1771,554692493,"01771M07:10:36.466","01771 06:58:25",204.38,907.86,,,,"     ",5.30,17.41,8.25
1771,554692494,"01771M07:10:37.439","01771 06:58:26",204.43,907.80,,,,"     ",5.30,17.41,8.24
1771,554692495,"01771M07:10:38.412","01771 06:58:27",204.48,907.90,,,,"     ",5.30,17.38,8.22
1771,554692496,"01771M07:10:39.386","01771 06:58:28",204.53,907.84,,,,"     ",5.30,17.37,8.21
1771,554692497,"01771M07:10:40.359","01771 06:58:29",204.57,907.87,,,,"     ",5.30,17.45,8.25
1771,554692498,"01771M07:10:41.332","01771 06:58:30",204.60,907.84,,,,"     ",5.30,17.46,8.25
1771,554692499,"01771M07:10:42.305","01771 06:58:31",204.62,907.88,,,,"     ",5.30,17.48,8.24
1771,554692500,"01771M07:10:43.279","01771 06:58:32",204.63,907.85,,,,"     ",5.30,17.43,8.22
1771,554692501,"01771M07:10:44.252","01771 06:58:33",204.64,907.80,,,,"     ",5.30,17.47,8.23
1771,554692502,"01771M07:10:45.225","01771 06:58:34",204.64,907.77,,,,"     ",5.30,17.41,8.20
1771,554692503,"01771M07:10:46.198","01771 06:58:35",204.65,907.85,,,,"     ",5.30,17.41,8.19
1771,554692504,"01771M07:10:47.172","01771 06:58:36",204.66,907.78,,,,"     ",5.30,17.50,8.23
1771,554692505,"01771M07:10:48.145","01771 06:58:37",204.68,907.80,,,,"     ",5.30,17.48,8.21
1771,554692506,"01771M07:10:49.118","01771 06:58:38",204.70,907.83,,,,"     ",5.30,17.30,8.12
1771,554692507,"01771M07:10:50.091","01771 06:58:39",204.72,907.93,,,,"     ",5.30,17.45,8.19
1771,554692508,"01771M07:10:51.065","01771 06:58:40",204.75,907.76,,,,"     ",5.30,17.35,8.13
1771,554692509,"01771M07:10:52.038","01771 06:58:40",204.78,907.91,,,,"     ",5.30,17.48,8.19
1771,554692510,"01771M07:10:53.011","01771 06:58:41",204.80,907.85,,,,"     ",5.30,17.54,8.21
1771,554692511,"01771M07:10:53.984","01771 06:58:42",204.80,907.96,,,,"     ",5.30,17.50,8.19
1771,554692512,"01771M07:10:54.958","01771 06:58:43",204.78,907.98,,,,"     ",5.30,17.41,8.14
1771,554692513,"01771M07:10:55.931","01771 06:58:44",204.75,908.02,,,,"     ",5.30,17.40,8.13
1771,554692514,"01771M07:10:56.904","01771 06:58:45",204.72,907.96,,,,"     ",5.30,17.47,8.16
1771,554692515,"01771M07:10:57.877","01771 06:58:46",204.69,907.91,,,,"     ",5.30,17.37,8.10
1771,554692516,"01771M07:10:58.851","01771 06:58:47",204.65,907.84,,,,"     ",5.30,17.42,8.12
1771,554692517,"01771M07:10:59.824","01771 06:58:48",204.60,907.86,,,,"     ",5.30,17.43,8.12
1771,554692518,"01771M07:11:00.797","01771 06:58:49",204.55,907.83,,,,"     ",5.30,17.43,8.11
1771,554692519,"01771M07:11:01.770","01771 06:58:50",204.49,907.79,,,,"     ",5.30,17.37,8.08
1771,554692520,"01771M07:11:02.744","01771 06:58:51",204.43,907.84,,,,"     ",5.30,17.49,8.13
1771,554692521,"01771M07:11:03.717","01771 06:58:52",204.36,907.81,,,,"     ",5.30,17.46,8.11
1771,554692522,"01771M07:11:04.690","01771 06:58:53",204.29,907.84,,,,"     ",5.30,17.51,8.13
1771,554692523,"01771M07:11:05.663","01771 06:58:54",204.21,907.83,,,,"     ",5.30,17.48,8.11
1771,554692524,"01771M07:11:06.637","01771 06:58:55",204.12,907.87,,,,"     ",5.30,17.50,8.11
1771,554692525,"01771M07:11:07.610","01771 06:58:56",204.03,907.88,,,,"     ",5.30,17.48,8.10
1771,554692526,"01771M07:11:08.583","01771 06:58:57",203.92,907.90,,,,"     ",5.30,17.48,8.09
1771,554692527,"01771M07:11:09.556","01771 06:58:58",203.82,907.84,,,,"     ",5.30,17.52,8.10
1771,554692528,"01771M07:11:10.530","01771 06:58:59",203.70,907.81,,,,"     ",5.30,17.50,8.09
1771,554692529,"01771M07:11:11.503","01771 06:59:00",204.73,907.82,,,,"     ",5.30,17.57,8.12
1771,554692530,"01771M07:11:12.476","01771 06:59:01",204.72,907.82,,,,"     ",5.30,17.48,8.07
1771,554692531,"01771M07:11:13.449","01771 06:59:02",204.71,907.79,,,,"     ",5.30,17.52,8.08
1771,554692532,"01771M07:11:14.423","01771 06:59:03",204.71,907.84,,,,"     ",5.30,17.45,8.04
1771,554692533,"01771M07:11:15.396","01771 06:59:04",204.71,907.84,,,,"     ",5.30,17.49,8.06
1771,554692534,"01771M07:11:16.369","01771 06:59:05",204.70,907.84,,,,"     ",5.30,17.55,8.08
1771,554692535,"01771M07:11:17.342","01771 06:59:06",204.70,907.85,,,,"     ",5.30,17.45,8.03
1771,554692536,"01771M07:11:18.316","01771 06:59:07",204.70,907.87,,,,"     ",5.30,17.44,8.02
1771,554692537,"01771M07:11:19.289","01771 06:59:08",204.70,907.88,,,,"     ",5.30,17.60,8.09
1771,554692538,"01771M07:11:20.262","01771 06:59:09",204.70,907.88,,,,"     ",5.30,17.49,8.03
1771,554692539,"01771M07:11:21.235","01771 06:59:10",204.70,907.92,,,,"     ",5.30,17.54,8.05
1771,554692540,"01771M07:11:22.209","01771 06:59:11",204.70,908.00,,,,"     ",5.30,17.49,8.02
1771,554692541,"01771M07:11:23.182","01771 06:59:12",204.70,907.91,,,,"     ",5.30,17.60,8.06
1771,554692542,"01771M07:11:24.155","01771 06:59:13",204.71,907.87,,,,"     ",5.30,17.55,8.04
1771,554692543,"01771M07:11:25.128","01771 06:59:14",204.71,907.93,,,,"     ",5.30,17.52,8.02
1771,554692544,"01771M07:11:26.102","01771 06:59:15",204.72,907.99,,,,"     ",5.30,17.54,8.02
1771,554692545,"01771M07:11:27.075","01771 06:59:16",204.72,908.02,,,,"     ",5.30,17.61,8.05
1771,554692546,"01771M07:11:28.048","01771 06:59:16",204.73,907.99,,,,"     ",5.30,17.50,7.99
1771,554692547,"01771M07:11:29.021","01771 06:59:17",204.74,907.95,,,,"     ",5.30,17.45,7.96
1771,554692548,"01771M07:11:29.995","01771 06:59:18",204.76,907.92,,,,"     ",5.30,17.51,7.99
1771,554692549,"01771M07:11:30.968","01771 06:59:19",204.78,907.93,,,,"     ",5.30,17.59,8.02
1771,554692550,"01771M07:11:31.941","01771 06:59:20",204.82,907.90,,,,"     ",5.30,17.57,8.00
1771,554692551,"01771M07:11:32.915","01771 06:59:21",204.86,907.93,,,,"     ",5.30,17.49,7.96
1771,554692552,"01771M07:11:33.888","01771 06:59:22",204.90,908.10,,,,"     ",5.30,17.55,7.98
1771,554692553,"01771M07:11:34.861","01771 06:59:23",204.92,907.98,,,,"     ",5.30,17.50,7.96
1771,554692554,"01771M07:11:35.834","01771 06:59:24",204.93,907.85,,,,"     ",5.30,17.55,7.97
1771,554692555,"01771M07:11:36.808","01771 06:59:25",204.92,907.91,,,,"     ",5.30,17.49,7.94
1771,554692556,"01771M07:11:37.781","01771 06:59:26",204.91,907.86,,,,"     ",5.30,17.58,7.97
1771,554692557,"01771M07:11:38.754","01771 06:59:27",204.89,907.98,,,,"     ",5.30,17.52,7.94
1771,554692558,"01771M07:11:39.727","01771 06:59:28",204.86,907.89,,,,"     ",5.30,17.59,7.96
1771,554692559,"01771M07:11:40.701","01771 06:59:29",204.83,907.97,,,,"     ",5.30,17.52,7.93
1771,554692560,"01771M07:11:41.674","01771 06:59:30",204.80,907.81,,,,"     ",5.30,17.57,7.95
1771,554692561,"01771M07:11:42.647","01771 06:59:31",204.76,907.86,,,,"     ",5.30,17.45,7.89
1771,554692562,"01771M07:11:43.620","01771 06:59:32",204.72,907.91,,,,"     ",5.30,17.54,7.92
1771,554692563,"01771M07:11:44.594","01771 06:59:33",204.69,907.95,,,,"     ",5.30,17.54,7.92
1771,554692564,"01771M07:11:45.567","01771 06:59:34",204.64,907.97,,,,"     ",5.30,17.60,7.94
1771,554692565,"01771M07:11:46.540","01771 06:59:35",204.60,907.97,,,,"     ",5.30,17.57,7.92
1771,554692566,"01771M07:11:47.513","01771 06:59:36",204.55,908.03,,,,"     ",5.30,17.60,7.93
1771,554692567,"01771M07:11:48.487","01771 06:59:37",204.50,907.96,,,,"     ",5.30,17.59,7.92
1771,554692568,"01771M07:11:49.460","01771 06:59:38",204.46,908.03,,,,"     ",5.30,17.56,7.90
1771,554692569,"01771M07:11:50.433","01771 06:59:39",204.42,907.99,,,,"     ",5.30,17.57,7.90
1771,554692570,"01771M07:11:51.406","01771 06:59:40",204.39,908.01,,,,"     ",5.30,17.61,7.91
1771,554692571,"01771M07:11:52.380","01771 06:59:41",204.38,907.93,,,,"     ",5.30,17.58,7.89
1771,554692572,"01771M07:11:53.353","01771 06:59:42",204.39,907.91,,,,"     ",5.30,17.51,7.85
1771,554692573,"01771M07:11:54.326","01771 06:59:43",204.41,908.00,,,,"     ",5.30,17.65,7.91
1771,554692574,"01771M07:11:55.299","01771 06:59:44",204.44,907.86,,,,"     ",5.30,17.57,7.87
1771,554692575,"01771M07:11:56.273","01771 06:59:45",204.47,907.93,,,,"     ",5.30,17.57,7.87
1771,554692576,"01771M07:11:57.246","01771 06:59:46",204.51,907.87,,,,"     ",5.30,17.61,7.88
1771,554692577,"01771M07:11:58.219","01771 06:59:47",204.54,907.90,,,,"     ",5.30,17.60,7.87
1771,554692578,"01771M07:11:59.192","01771 06:59:48",204.56,907.94,,,,"     ",5.30,17.63,7.87
1771,554692579,"01771M07:12:00.166","01771 06:59:49",204.58,907.94,,,,"     ",5.30,17.69,7.90
1771,554692580,"01771M07:12:01.139","01771 06:59:50",204.59,907.94,,,,"     ",5.30,17.58,7.84
1771,554692581,"01771M07:12:02.112","01771 06:59:51",204.60,907.93,,,,"     ",5.30,17.67,7.88
1771,554692582,"01771M07:12:03.085","01771 06:59:52",204.60,907.96,,,,"     ",5.30,17.65,7.86
1771,554692583,"01771M07:12:04.059","01771 06:59:53",204.59,908.01,,,,"     ",5.30,17.55,7.81
1771,554692584,"01771M07:12:05.032","01771 06:59:53",204.59,907.97,,,,"     ",5.30,17.60,7.83
1771,554692585,"01771M07:12:06.005","01771 06:59:54",204.60,907.91,,,,"     ",5.30,17.59,7.82
1771,554692586,"01771M07:12:06.978","01771 06:59:55",204.60,907.92,,,,"     ",5.30,17.69,7.86
1771,554692587,"01771M07:12:07.952","01771 06:59:56",204.60,908.02,,,,"     ",5.30,17.66,7.84
1771,554692588,"01771M07:12:08.925","01771 06:59:57",204.61,908.01,,,,"     ",5.30,17.62,7.82
1771,554692589,"01771M07:12:09.898","01771 06:59:58",204.62,908.02,,,,"     ",5.30,17.65,7.83
1771,554692590,"01771M07:12:10.871","01771 06:59:59",204.62,907.96,,,,"     ",5.30,17.62,7.80
1771,554692591,"01771M07:12:11.845","01771 07:00:00",204.63,908.00,,,,"     ",5.30,17.66,7.82
1771,554692592,"01771M07:12:12.818","01771 07:00:01",204.63,908.06,,,,"     ",5.30,17.56,7.77
1771,554692593,"01771M07:12:13.791","01771 07:00:02",204.63,907.99,,,,"     ",5.30,17.64,7.80
1771,554692594,"01771M07:12:14.764","01771 07:00:03",204.63,907.98,,,,"     ",5.30,17.68,7.81
1771,554692595,"01771M07:12:15.738","01771 07:00:04",204.63,908.05,,,,"     ",5.30,17.62,7.78
1771,554692596,"01771M07:12:16.711","01771 07:00:05",204.63,908.06,,,,"     ",5.30,17.65,7.79
1771,554692597,"01771M07:12:17.684","01771 07:00:06",204.63,907.95,,,,"     ",5.30,17.65,7.78
1771,554692598,"01771M07:12:18.657","01771 07:00:07",204.63,907.97,,,,"     ",5.30,17.65,7.77
1771,554692599,"01771M07:12:19.631","01771 07:00:08",204.64,907.94,,,,"     ",5.30,17.63,7.76
1771,554692600,"01771M07:12:20.604","01771 07:00:09",204.65,907.95,,,,"     ",5.30,17.72,7.79
1771,554692601,"01771M07:12:21.577","01771 07:00:10",204.66,907.95,,,,"     ",5.30,17.63,7.75
1771,554692602,"01771M07:12:22.550","01771 07:00:11",204.68,907.98,,,,"     ",5.30,17.63,7.74
1771,554692603,"01771M07:12:23.524","01771 07:00:12",204.69,907.97,,,,"     ",5.30,17.64,7.74
1771,554692604,"01771M07:12:24.497","01771 07:00:13",204.71,908.00,,,,"     ",5.30,17.67,7.75
1771,554692605,"01771M07:12:25.470","01771 07:00:14",204.72,908.03,,,,"     ",5.30,17.62,7.73
1771,554692606,"01771M07:12:26.443","01771 07:00:15",204.73,908.01,,,,"     ",5.30,17.69,7.75
1771,554692607,"01771M07:12:27.417","01771 07:00:16",204.74,907.97,,,,"     ",5.30,17.73,7.76
1771,554692608,"01771M07:12:28.390","01771 07:00:17",204.75,907.97,,,,"     ",5.30,17.69,7.74
1771,554692609,"01771M07:12:29.363","01771 07:00:18",204.75,907.99,,,,"     ",5.30,17.62,7.70
1771,554692610,"01771M07:12:30.336","01771 07:00:19",204.76,907.96,,,,"     ",5.30,17.76,7.76
1771,554692611,"01771M07:12:31.310","01771 07:00:20",204.77,907.99,,,,"     ",5.30,17.66,7.71
1771,554692612,"01771M07:12:32.283","01771 07:00:21",204.77,908.01,,,,"     ",5.30,17.66,7.71
1771,554692613,"01771M07:12:33.256","01771 07:00:22",204.77,908.04,,,,"     ",5.30,17.68,7.71
1771,554692614,"01771M07:12:34.229","01771 07:00:23",204.79,907.95,,,,"     ",5.30,17.65,7.69
1771,554692615,"01771M07:12:35.203","01771 07:00:24",204.81,908.04,,,,"     ",5.30,17.71,7.71
1771,554692616,"01771M07:12:36.176","01771 07:00:25",204.83,908.05,,,,"     ",5.30,17.75,7.72
1771,554692617,"01771M07:12:37.149","01771 07:00:26",204.86,908.02,,,,"     ",5.30,17.64,7.67
1771,554692618,"01771M07:12:38.122","01771 07:00:27",204.88,908.01,,,,"     ",5.30,17.70,7.69
1771,554692619,"01771M07:12:39.096","01771 07:00:28",204.91,908.06,,,,"     ",5.30,17.70,7.69
1771,554692620,"01771M07:12:40.069","01771 07:00:29",204.93,908.01,,,,"     ",5.30,17.60,7.64
1771,554692621,"01771M07:12:41.042","01771 07:00:30",204.95,908.02,,,,"     ",5.30,17.69,7.67
1771,554692622,"01771M07:12:42.016","01771 07:00:30",204.98,908.00,,,,"     ",5.30,17.70,7.67
1771,554692623,"01771M07:12:42.989","01771 07:00:31",204.99,908.02,,,,"     ",5.30,17.73,7.68
1771,554692624,"01771M07:12:43.962","01771 07:00:32",205.02,908.07,,,,"     ",5.30,17.69,7.66
1771,554692625,"01771M07:12:44.935","01771 07:00:33",205.04,908.04,,,,"     ",5.30,17.74,7.67
1771,554692626,"01771M07:12:45.909","01771 07:00:34",205.07,908.03,,,,"     ",5.30,17.75,7.67
1771,554692627,"01771M07:12:46.882","01771 07:00:35",205.10,908.05,,,,"     ",5.30,17.85,7.71
1771,554692628,"01771M07:12:47.855","01771 07:00:36",205.13,908.04,,,,"     ",5.30,17.75,7.66
1771,554692629,"01771M07:12:48.828","01771 07:00:37",205.15,908.05,,,,"     ",5.30,17.71,7.64
1771,554692630,"01771M07:12:49.802","01771 07:00:38",205.17,908.01,,,,"     ",5.30,17.72,7.64
1771,554692631,"01771M07:12:50.775","01771 07:00:39",205.18,908.08,,,,"     ",5.30,17.78,7.66
1771,554692632,"01771M07:12:51.748","01771 07:00:40",205.18,908.07,,,,"     ",5.30,17.74,7.64
1771,554692633,"01771M07:12:52.721","01771 07:00:41",205.17,908.15,,,,"     ",5.30,17.78,7.65
1771,554692634,"01771M07:12:53.695","01771 07:00:42",205.16,908.08,,,,"     ",5.30,17.78,7.64
1771,554692635,"01771M07:12:54.668","01771 07:00:43",205.15,908.03,,,,"     ",5.30,17.72,7.61
1771,554692636,"01771M07:12:55.641","01771 07:00:44",205.14,908.00,,,,"     ",5.30,17.77,7.63
1771,554692637,"01771M07:12:56.614","01771 07:00:45",205.12,908.07,,,,"     ",5.30,17.85,7.66
1771,554692638,"01771M07:12:57.588","01771 07:00:46",205.11,907.99,,,,"     ",5.30,17.76,7.62
1771,554692639,"01771M07:12:58.561","01771 07:00:47",205.10,908.02,,,,"     ",5.30,17.75,7.61
1771,554692640,"01771M07:12:59.534","01771 07:00:48",205.09,907.97,,,,"     ",5.30,17.75,7.60
1771,554692641,"01771M07:13:00.507","01771 07:00:49",205.07,908.05,,,,"     ",5.30,17.75,7.59
1771,554692642,"01771M07:13:01.481","01771 07:00:50",205.04,908.14,,,,"     ",5.30,17.76,7.60
1771,554692643,"01771M07:13:02.454","01771 07:00:51",205.01,908.15,,,,"     ",5.30,17.77,7.59
1771,554692644,"01771M07:13:03.427","01771 07:00:52",204.98,908.01,,,,"     ",5.30,17.79,7.60
1771,554692645,"01771M07:13:04.400","01771 07:00:53",204.93,908.13,,,,"     ",5.30,17.73,7.57
1771,554692646,"01771M07:13:05.374","01771 07:00:54",204.88,908.13,,,,"     ",5.30,17.82,7.60
1771,554692647,"01771M07:13:06.347","01771 07:00:55",204.82,908.13,,,,"     ",5.30,17.73,7.56
1771,554692648,"01771M07:13:07.320","01771 07:00:56",204.75,908.07,,,,"     ",5.30,17.83,7.60
1771,554692649,"01771M07:13:08.293","01771 07:00:57",204.68,908.15,,,,"     ",5.30,17.79,7.57
1771,554692650,"01771M07:13:09.267","01771 07:00:58",204.61,908.07,,,,"     ",5.30,17.77,7.56
1771,554692651,"01771M07:13:10.240","01771 07:00:59",204.55,908.02,,,,"     ",5.30,17.82,7.58
1771,554692652,"01771M07:13:11.213","01771 07:01:00",204.50,908.09,,,,"     ",5.30,17.73,7.53
1771,554692653,"01771M07:13:12.186","01771 07:01:01",204.46,908.20,,,,"     ",5.30,17.83,7.57
1771,554692654,"01771M07:13:13.160","01771 07:01:02",204.44,908.23,,,,"     ",5.30,17.79,7.55
1771,554692655,"01771M07:13:14.133","01771 07:01:03",204.43,908.08,,,,"     ",5.30,17.81,7.55
1771,554692656,"01771M07:13:15.106","01771 07:01:04",204.44,908.02,,,,"     ",5.30,17.80,7.54
1771,554692657,"01771M07:13:16.079","01771 07:01:05",204.47,908.17,,,,"     ",5.30,17.72,7.50
1771,554692658,"01771M07:13:17.053","01771 07:01:06",204.51,908.11,,,,"     ",5.30,17.85,7.55
1771,554692659,"01771M07:13:18.026","01771 07:01:07",204.56,908.13,,,,"     ",5.30,17.79,7.52
1771,554692660,"01771M07:13:18.999","01771 07:01:07",204.62,908.21,,,,"     ",5.30,17.78,7.51
1771,554692661,"01771M07:13:19.972","01771 07:01:08",204.69,908.19,,,,"     ",5.30,17.77,7.51
1771,554692662,"01771M07:13:20.946","01771 07:01:09",204.76,908.15,,,,"     ",5.30,17.80,7.51
1771,554692663,"01771M07:13:21.919","01771 07:01:10",204.84,908.19,,,,"     ",5.30,17.80,7.51
1771,554692664,"01771M07:13:22.892","01771 07:01:11",204.91,908.19,,,,"     ",5.30,17.86,7.53
1771,554692665,"01771M07:13:23.865","01771 07:01:12",204.97,908.01,,,,"     ",5.30,17.91,7.55
1771,554692666,"01771M07:13:24.839","01771 07:01:13",205.03,908.11,,,,"     ",5.30,17.92,7.55
1771,554692667,"01771M07:13:25.812","01771 07:01:14",205.07,908.03,,,,"     ",5.30,17.82,7.49
1771,554692668,"01771M07:13:26.785","01771 07:01:15",205.10,908.08,,,,"     ",5.30,17.89,7.52
1771,554692669,"01771M07:13:27.758","01771 07:01:16",205.11,908.11,,,,"     ",5.30,17.85,7.50
1771,554692670,"01771M07:13:28.732","01771 07:01:17",205.11,908.05,,,,"     ",5.30,17.78,7.46
1771,554692671,"01771M07:13:29.705","01771 07:01:18",205.10,908.13,,,,"     ",5.30,17.87,7.50
1771,554692672,"01771M07:13:30.678","01771 07:01:19",205.08,908.08,,,,"     ",5.30,17.81,7.47
1771,554692673,"01771M07:13:31.651","01771 07:01:20",205.06,908.04,,,,"     ",5.30,17.93,7.51
1771,554692674,"01771M07:13:32.625","01771 07:01:21",205.04,908.12,,,,"     ",5.30,17.99,7.53
1771,554692675,"01771M07:13:33.598","01771 07:01:22",205.03,908.10,,,,"     ",5.30,17.91,7.49
1771,554692676,"01771M07:13:34.571","01771 07:01:23",205.03,908.20,,,,"     ",5.30,17.88,7.48
1771,554692677,"01771M07:13:35.544","01771 07:01:24",205.04,908.07,,,,"     ",5.30,17.92,7.49
1771,554692678,"01771M07:13:36.518","01771 07:01:25",205.06,908.13,,,,"     ",5.30,17.85,7.45
1771,554692679,"01771M07:13:37.491","01771 07:01:26",205.10,908.08,,,,"     ",5.30,17.90,7.47
1771,554692680,"01771M07:13:38.464","01771 07:01:27",205.15,908.12,,,,"     ",5.30,17.85,7.44
1771,554692681,"01771M07:13:39.437","01771 07:01:28",205.21,908.04,,,,"     ",5.30,17.88,7.45
1771,554692682,"01771M07:13:40.411","01771 07:01:29",205.29,908.11,,,,"     ",5.30,17.94,7.47
1771,554692683,"01771M07:13:41.384","01771 07:01:30",205.37,908.13,,,,"     ",5.30,17.90,7.45
1771,554692684,"01771M07:13:42.357","01771 07:01:31",205.46,908.15,,,,"     ",5.30,18.03,7.50
1771,554692685,"01771M07:13:43.330","01771 07:01:32",205.55,908.08,,,,"     ",5.30,17.94,7.46
1771,554692686,"01771M07:13:44.304","01771 07:01:33",205.65,908.12,,,,"     ",5.30,18.04,7.49
1771,554692687,"01771M07:13:45.277","01771 07:01:34",205.74,908.10,,,,"     ",5.30,17.87,7.41
1771,554692688,"01771M07:13:46.250","01771 07:01:35",205.81,908.13,,,,"     ",5.30,18.03,7.48
1771,554692689,"01771M07:13:47.223","01771 07:01:36",205.87,908.16,,,,"     ",5.30,17.94,7.44
1771,554692690,"01771M07:13:48.197","01771 07:01:37",205.91,908.13,,,,"     ",5.30,17.98,7.45
1771,554692691,"01771M07:13:49.170","01771 07:01:38",205.93,908.11,,,,"     ",5.30,18.00,7.45
1771,554692692,"01771M07:13:50.143","01771 07:01:39",205.93,908.21,,,,"     ",5.30,17.92,7.42
1771,554692693,"01771M07:13:51.117","01771 07:01:40",205.90,908.19,,,,"     ",5.30,17.98,7.43
1771,554692694,"01771M07:13:52.090","01771 07:01:41",205.87,908.14,,,,"     ",5.30,17.99,7.43
1771,554692695,"01771M07:13:53.063","01771 07:01:42",205.83,908.10,,,,"     ",5.30,18.01,7.44
1771,554692696,"01771M07:13:54.036","01771 07:01:43",205.78,908.17,,,,"     ",5.30,18.01,7.43
1771,554692697,"01771M07:13:55.010","01771 07:01:43",205.72,908.14,,,,"     ",5.30,18.04,7.44
1771,554692698,"01771M07:13:55.983","01771 07:01:44",205.67,908.13,,,,"     ",5.30,18.07,7.45
1771,554692699,"01771M07:13:56.956","01771 07:01:45",205.62,908.18,,,,"     ",5.30,18.07,7.44
1771,554692700,"01771M07:13:57.929","01771 07:01:46",205.58,908.24,,,,"     ",5.30,17.97,7.39
1771,554692701,"01771M07:13:58.903","01771 07:01:47",205.55,908.20,,,,"     ",5.30,18.08,7.43
1771,554692702,"01771M07:13:59.876","01771 07:01:48",205.53,908.20,,,,"     ",5.30,18.07,7.42
1771,554692703,"01771M07:14:00.849","01771 07:01:49",205.51,908.30,,,,"     ",5.30,18.03,7.40
1771,554692704,"01771M07:14:01.822","01771 07:01:50",205.49,908.34,,,,"     ",5.30,18.04,7.41
1771,554692705,"01771M07:14:02.796","01771 07:01:51",205.47,908.27,,,,"     ",5.30,18.05,7.40
1771,554692706,"01771M07:14:03.769","01771 07:01:52",205.46,908.24,,,,"     ",5.30,18.12,7.43
1771,554692707,"01771M07:14:04.742","01771 07:01:53",205.45,908.19,,,,"     ",5.30,18.10,7.41
1771,554692708,"01771M07:14:05.715","01771 07:01:54",205.43,908.25,,,,"     ",5.30,18.10,7.41
1771,554692709,"01771M07:14:06.689","01771 07:01:55",205.42,908.18,,,,"     ",5.30,18.10,7.40
1771,554692710,"01771M07:14:07.662","01771 07:01:56",205.42,908.18,,,,"     ",5.30,18.09,7.39
1771,554692711,"01771M07:14:08.635","01771 07:01:57",205.42,908.18,,,,"     ",5.30,18.02,7.36
1771,554692712,"01771M07:14:09.608","01771 07:01:58",205.42,908.30,,,,"     ",5.30,18.12,7.40
1771,554692713,"01771M07:14:10.582","01771 07:01:59",205.43,908.20,,,,"     ",5.30,18.08,7.37
1771,554692714,"01771M07:14:11.555","01771 07:02:00",205.43,908.25,,,,"     ",5.30,18.04,7.35
1771,554692715,"01771M07:14:12.528","01771 07:02:01",205.43,908.20,,,,"     ",5.30,18.04,7.35
1771,554692716,"01771M07:14:13.501","01771 07:02:02",205.43,908.20,,,,"     ",5.30,18.06,7.35
1771,554692717,"01771M07:14:14.475","01771 07:02:03",205.43,908.16,,,,"     ",5.30,18.08,7.36
1771,554692718,"01771M07:14:15.448","01771 07:02:04",205.43,908.20,,,,"     ",5.30,18.06,7.34
1771,554692719,"01771M07:14:16.421","01771 07:02:05",205.43,908.15,,,,"     ",5.30,18.22,7.40
1771,554692720,"01771M07:14:17.394","01771 07:02:06",205.43,908.24,,,,"     ",5.30,18.14,7.36
1771,554692721,"01771M07:14:18.368","01771 07:02:07",205.44,908.22,,,,"     ",5.30,18.11,7.35
1771,554692722,"01771M07:14:19.341","01771 07:02:08",205.46,908.32,,,,"     ",5.30,18.12,7.35
1771,554692723,"01771M07:14:20.314","01771 07:02:09",205.48,908.28,,,,"     ",5.30,18.11,7.34
1771,554692724,"01771M07:14:21.287","01771 07:02:10",205.50,908.27,,,,"     ",5.30,18.13,7.34
1771,554692725,"01771M07:14:22.261","01771 07:02:11",205.53,908.17,,,,"     ",5.30,18.14,7.34
1771,554692726,"01771M07:14:23.234","01771 07:02:12",205.56,908.19,,,,"     ",5.30,18.21,7.36
1771,554692727,"01771M07:14:24.207","01771 07:02:13",205.58,908.19,,,,"     ",5.30,18.21,7.36
1771,554692728,"01771M07:14:25.180","01771 07:02:14",205.60,908.13,,,,"     ",5.30,18.15,7.33
1771,554692729,"01771M07:14:26.154","01771 07:02:15",205.61,908.14,,,,"     ",5.30,18.21,7.35
1771,554692730,"01771M07:14:27.127","01771 07:02:16",205.61,908.14,,,,"     ",5.30,18.20,7.34
1771,554692731,"01771M07:14:28.100","01771 07:02:17",205.61,908.16,,,,"     ",5.30,18.15,7.31
1771,554692732,"01771M07:14:29.073","01771 07:02:18",205.60,908.14,,,,"     ",5.30,18.13,7.30
1771,554692733,"01771M07:14:30.047","01771 07:02:19",205.58,908.15,,,,"     ",5.30,18.18,7.32
1771,554692734,"01771M07:14:31.020","01771 07:02:20",205.57,908.12,,,,"     ",5.30,18.26,7.34
1771,554692735,"01771M07:14:31.993","01771 07:02:20",205.55,908.23,,,,"     ",5.30,18.25,7.34
1771,554692736,"01771M07:14:32.966","01771 07:02:21",205.52,908.20,,,,"     ",5.30,18.17,7.30
1771,554692737,"01771M07:14:33.940","01771 07:02:22",205.51,908.27,,,,"     ",5.30,18.21,7.31
1771,554692738,"01771M07:14:34.913","01771 07:02:23",205.49,908.31,,,,"     ",5.30,18.22,7.31
1771,554692739,"01771M07:14:35.886","01771 07:02:24",205.48,908.32,,,,"     ",5.30,18.25,7.32
1771,554692740,"01771M07:14:36.859","01771 07:02:25",205.48,908.20,,,,"     ",5.30,18.32,7.34
1771,554692741,"01771M07:14:37.833","01771 07:02:26",205.48,908.20,,,,"     ",5.30,18.14,7.26
1771,554692742,"01771M07:14:38.806","01771 07:02:27",205.49,908.19,,,,"     ",5.30,18.27,7.31
1771,554692743,"01771M07:14:39.779","01771 07:02:28",205.50,908.18,,,,"     ",5.30,18.30,7.32
1771,554692744,"01771M07:14:40.752","01771 07:02:29",205.52,908.22,,,,"     ",5.30,18.31,7.32
1771,554692745,"01771M07:14:41.726","01771 07:02:30",205.53,908.28,,,,"     ",5.30,18.27,7.29
1771,554692746,"01771M07:14:42.699","01771 07:02:31",205.55,908.27,,,,"     ",5.30,18.30,7.30
1771,554692747,"01771M07:14:43.672","01771 07:02:32",205.56,908.24,,,,"     ",5.30,18.26,7.28
1771,554692748,"01771M07:14:44.645","01771 07:02:33",205.55,908.19,,,,"     ",5.30,18.35,7.31
1771,554692749,"01771M07:14:45.619","01771 07:02:34",205.53,908.29,,,,"     ",5.30,18.30,7.29
1771,554692750,"01771M07:14:46.592","01771 07:02:35",205.49,908.31,,,,"     ",5.30,18.31,7.29
1771,554692751,"01771M07:14:47.565","01771 07:02:36",205.44,908.27,,,,"     ",5.30,18.33,7.29
1771,554692752,"01771M07:14:48.538","01771 07:02:37",205.39,908.26,,,,"     ",5.30,18.31,7.28
1771,554692753,"01771M07:14:49.512","01771 07:02:38",205.33,908.24,,,,"     ",5.30,18.34,7.29
1771,554692754,"01771M07:14:50.485","01771 07:02:39",205.28,908.20,,,,"     ",5.30,18.31,7.27
1771,554692755,"01771M07:14:51.458","01771 07:02:40",205.25,908.30,,,,"     ",5.30,18.33,7.27
1771,554692756,"01771M07:14:52.431","01771 07:02:41",205.22,908.28,,,,"     ",5.30,18.24,7.23
1771,554692757,"01771M07:14:53.405","01771 07:02:42",205.20,908.39,,,,"     ",5.30,18.32,7.26
1771,554692758,"01771M07:14:54.378","01771 07:02:43",205.19,908.32,,,,"     ",5.30,18.31,7.25
1771,554692759,"01771M07:14:55.351","01771 07:02:44",205.20,908.33,,,,"     ",5.30,18.36,7.26
1771,554692760,"01771M07:14:56.324","01771 07:02:45",205.21,908.22,,,,"     ",5.30,18.33,7.25
1771,554692761,"01771M07:14:57.298","01771 07:02:46",205.23,908.26,,,,"     ",5.30,18.31,7.23
1771,554692762,"01771M07:14:58.271","01771 07:02:47",205.25,908.30,,,,"     ",5.30,18.51,7.31
1771,554692763,"01771M07:14:59.244","01771 07:02:48",205.28,908.24,,,,"     ",5.30,18.46,7.29
1771,554692764,"01771M07:15:00.218","01771 07:02:49",205.30,908.21,,,,"     ",5.30,18.38,7.25
1771,554692765,"01771M07:15:01.191","01771 07:02:50",205.33,908.26,,,,"     ",5.30,18.36,7.24
1771,554692766,"01771M07:15:02.164","01771 07:02:51",205.37,908.35,,,,"     ",5.30,18.36,7.23
1771,554692767,"01771M07:15:03.137","01771 07:02:52",205.41,908.28,,,,"     ",5.30,18.50,7.28
1771,554692768,"01771M07:15:04.111","01771 07:02:53",205.46,908.26,,,,"     ",5.30,18.44,7.25
1771,554692769,"01771M07:15:05.084","01771 07:02:54",205.51,908.27,,,,"     ",5.30,18.51,7.28
1771,554692770,"01771M07:15:06.057","01771 07:02:55",205.56,908.31,,,,"     ",5.30,18.50,7.27
1771,554692771,"01771M07:15:07.030","01771 07:02:56",205.59,908.30,,,,"     ",5.30,18.44,7.24
1771,554692772,"01771M07:15:08.004","01771 07:02:57",205.61,908.29,,,,"     ",5.30,18.39,7.22
1771,554692773,"01771M07:15:08.977","01771 07:02:57",205.62,908.28,,,,"     ",5.30,18.45,7.24
1771,554692774,"01771M07:15:09.950","01771 07:02:58",205.61,908.25,,,,"     ",5.30,18.45,7.23
1771,554692775,"01771M07:15:10.923","01771 07:02:59",205.59,908.30,,,,"     ",5.30,18.42,7.21
1771,554692776,"01771M07:15:11.897","01771 07:03:00",205.56,908.23,,,,"     ",5.30,18.36,7.19
1771,554692777,"01771M07:15:12.870","01771 07:03:01",205.53,908.36,,,,"     ",5.30,18.46,7.22
1771,554692778,"01771M07:15:13.843","01771 07:03:02",205.49,908.28,,,,"     ",5.30,18.39,7.19
1771,554692779,"01771M07:15:14.816","01771 07:03:03",205.46,908.32,,,,"     ",5.30,18.44,7.20
1771,554692780,"01771M07:15:15.790","01771 07:03:04",205.43,908.41,,,,"     ",5.30,18.44,7.20
1771,554692781,"01771M07:15:16.763","01771 07:03:05",205.41,908.33,,,,"     ",5.30,18.55,7.24
1771,554692782,"01771M07:15:17.736","01771 07:03:06",205.40,908.36,,,,"     ",5.30,18.37,7.16
1771,554692783,"01771M07:15:18.709","01771 07:03:07",205.41,908.20,,,,"     ",5.30,18.51,7.21
1771,554692784,"01771M07:15:19.683","01771 07:03:08",205.41,908.25,,,,"     ",5.30,18.51,7.21
1771,554692785,"01771M07:15:20.656","01771 07:03:09",205.42,908.24,,,,"     ",5.30,18.39,7.16
1771,554692786,"01771M07:15:21.629","01771 07:03:10",205.43,908.25,,,,"     ",5.30,18.52,7.20
1771,554692787,"01771M07:15:22.602","01771 07:03:11",205.44,908.30,,,,"     ",5.30,18.51,7.19
1771,554692788,"01771M07:15:23.576","01771 07:03:12",205.45,908.13,,,,"     ",5.30,18.43,7.16
1771,554692789,"01771M07:15:24.549","01771 07:03:13",205.46,908.19,,,,"     ",5.30,18.39,7.14
1771,554692790,"01771M07:15:25.522","01771 07:03:14",205.47,908.28,,,,"     ",5.30,18.53,7.19
1771,554692791,"01771M07:15:26.495","01771 07:03:15",205.49,908.25,,,,"     ",5.30,18.50,7.17
1771,554692792,"01771M07:15:27.469","01771 07:03:16",205.52,908.24,,,,"     ",5.30,18.67,7.23
1771,554692793,"01771M07:15:28.442","01771 07:03:17",205.55,908.15,,,,"     ",5.30,18.45,7.14
1771,554692794,"01771M07:15:29.415","01771 07:03:18",205.58,908.17,,,,"     ",5.30,18.66,7.22
1771,554692795,"01771M07:15:30.388","01771 07:03:19",205.62,908.34,,,,"     ",5.30,18.52,7.17
1771,554692796,"01771M07:15:31.362","01771 07:03:20",205.66,908.24,,,,"     ",5.30,18.53,7.16
1771,554692797,"01771M07:15:32.335","01771 07:03:21",205.69,908.29,,,,"     ",5.30,18.59,7.18
1771,554692798,"01771M07:15:33.308","01771 07:03:22",205.71,908.29,,,,"     ",5.30,18.65,7.20
1771,554692799,"01771M07:15:34.281","01771 07:03:23",205.72,908.30,,,,"     ",5.30,18.60,7.18
1771,554692800,"01771M07:15:35.255","01771 07:03:24",205.72,908.30,,,,"     ",5.30,18.62,7.18
1771,554692801,"01771M07:15:36.228","01771 07:03:25",205.72,908.22,,,,"     ",5.30,18.60,7.16
1771,554692802,"01771M07:15:37.201","01771 07:03:26",205.72,908.25,,,,"     ",5.30,18.52,7.13
1771,554692803,"01771M07:15:38.174","01771 07:03:27",205.71,908.20,,,,"     ",5.30,18.57,7.15
1771,554692804,"01771M07:15:39.148","01771 07:03:28",205.71,908.26,,,,"     ",5.30,18.61,7.16
1771,554692805,"01771M07:15:40.121","01771 07:03:29",205.71,908.26,,,,"     ",5.30,18.55,7.13
1771,554692806,"01771M07:15:41.094","01771 07:03:30",205.71,908.26,,,,"     ",5.30,18.60,7.15
1771,554692807,"01771M07:15:42.067","01771 07:03:31",205.71,908.21,,,,"     ",5.30,18.60,7.14
1771,554692808,"01771M07:15:43.041","01771 07:03:32",205.72,908.22,,,,"     ",5.30,18.66,7.16
1771,554692809,"01771M07:15:44.014","01771 07:03:33",205.73,908.32,,,,"     ",5.30,18.64,7.14
1771,554692810,"01771M07:15:44.987","01771 07:03:33",205.76,908.24,,,,"     ",5.30,18.63,7.14
1771,554692811,"01771M07:15:45.960","01771 07:03:34",205.79,908.31,,,,"     ",5.30,18.70,7.16
1771,554692812,"01771M07:15:46.934","01771 07:03:35",205.84,908.22,,,,"     ",5.30,18.60,7.11
1771,554692813,"01771M07:15:47.907","01771 07:03:36",205.88,908.34,,,,"     ",5.30,18.61,7.11
1771,554692814,"01771M07:15:48.880","01771 07:03:37",205.93,908.37,,,,"     ",5.30,18.61,7.11
1771,554692815,"01771M07:15:49.853","01771 07:03:38",205.98,908.31,,,,"     ",5.30,18.69,7.14
1771,554692816,"01771M07:15:50.827","01771 07:03:39",206.02,908.38,,,,"     ",5.30,18.63,7.11
1771,554692817,"01771M07:15:51.800","01771 07:03:40",206.04,908.30,,,,"     ",5.30,18.69,7.13
1771,554692818,"01771M07:15:52.773","01771 07:03:41",206.04,908.34,,,,"     ",5.30,18.64,7.10
1771,554692819,"01771M07:15:53.746","01771 07:03:42",206.04,908.28,,,,"     ",5.30,18.74,7.14
1771,554692820,"01771M07:15:54.720","01771 07:03:43",206.04,908.22,,,,"     ",5.30,18.68,7.11
1771,554692821,"01771M07:15:55.693","01771 07:03:44",206.04,908.36,,,,"     ",5.30,18.64,7.09
1771,554692822,"01771M07:15:56.666","01771 07:03:45",206.05,908.36,,,,"     ",5.30,18.74,7.12
1771,554692823,"01771M07:15:57.639","01771 07:03:46",206.05,908.35,,,,"     ",5.30,18.76,7.12
1771,554692824,"01771M07:15:58.613","01771 07:03:47",206.05,908.40,,,,"     ",5.30,18.67,7.09
1771,554692825,"01771M07:15:59.586","01771 07:03:48",206.05,908.37,,,,"     ",5.30,18.74,7.11
1771,554692826,"01771M07:16:00.559","01771 07:03:49",206.05,908.31,,,,"     ",5.30,18.74,7.10
1771,554692827,"01771M07:16:01.532","01771 07:03:50",206.04,908.36,,,,"     ",5.30,18.71,7.09
1771,554692828,"01771M07:16:02.506","01771 07:03:51",206.04,908.29,,,,"     ",5.30,18.77,7.11
1771,554692829,"01771M07:16:03.479","01771 07:03:52",206.03,908.22,,,,"     ",5.30,18.70,7.07
1771,554692830,"01771M07:16:04.452","01771 07:03:53",206.01,908.29,,,,"     ",5.30,18.82,7.12
1771,554692831,"01771M07:16:05.425","01771 07:03:54",206.00,908.34,,,,"     ",5.30,18.84,7.12
1771,554692832,"01771M07:16:06.399","01771 07:03:55",205.98,908.31,,,,"     ",5.30,18.85,7.12
1771,554692833,"01771M07:16:07.372","01771 07:03:56",205.97,908.37,,,,"     ",5.30,18.93,7.15
1771,554692834,"01771M07:16:08.345","01771 07:03:57",205.94,908.33,,,,"     ",5.30,18.82,7.10
1771,554692835,"01771M07:16:09.318","01771 07:03:58",205.92,908.35,,,,"     ",5.30,18.80,7.08
1771,554692836,"01771M07:16:10.292","01771 07:03:59",205.90,908.25,,,,"     ",5.30,18.74,7.06
1771,554692837,"01771M07:16:11.265","01771 07:04:00",206.02,908.31,,,,"     ",5.30,18.83,7.09
1771,554692838,"01771M07:16:12.238","01771 07:04:01",206.01,908.32,,,,"     ",5.30,18.91,7.12
1771,554692839,"01771M07:16:13.212","01771 07:04:02",206.00,908.32,,,,"     ",5.30,18.82,7.08
1771,554692840,"01771M07:16:14.185","01771 07:04:03",206.00,908.33,,,,"     ",5.30,18.82,7.07
1771,554692841,"01771M07:16:15.158","01771 07:04:04",206.00,908.24,,,,"     ",5.30,18.93,7.11
1771,554692842,"01771M07:16:16.131","01771 07:04:05",206.00,908.27,,,,"     ",5.30,19.02,7.14
1771,554692843,"01771M07:16:17.105","01771 07:04:06",206.01,908.36,,,,"     ",5.30,18.83,7.06
1771,554692844,"01771M07:16:18.078","01771 07:04:07",206.02,908.32,,,,"     ",5.30,18.90,7.08
1771,554692845,"01771M07:16:19.051","01771 07:04:08",206.03,908.33,,,,"     ",5.30,18.89,7.08
1771,554692846,"01771M07:16:20.024","01771 07:04:09",206.05,908.39,,,,"     ",5.30,18.86,7.06
1771,554692847,"01771M07:16:20.998","01771 07:04:10",206.07,908.35,,,,"     ",5.30,18.97,7.10
1771,554692848,"01771M07:16:21.971","01771 07:04:10",206.09,908.39,,,,"     ",5.30,18.84,7.04
1771,554692849,"01771M07:16:22.944","01771 07:04:11",206.11,908.26,,,,"     ",5.30,18.93,7.07
1771,554692850,"01771M07:16:23.917","01771 07:04:12",206.15,908.29,,,,"     ",5.30,18.91,7.06
1771,554692851,"01771M07:16:24.891","01771 07:04:13",206.19,908.31,,,,"     ",5.30,18.95,7.07
1771,554692852,"01771M07:16:25.864","01771 07:04:14",206.23,908.34,,,,"     ",5.30,18.86,7.03
1771,554692853,"01771M07:16:26.837","01771 07:04:15",206.27,908.27,,,,"     ",5.30,19.01,7.08
1771,554692854,"01771M07:16:27.810","01771 07:04:16",206.31,908.28,,,,"     ",5.30,18.94,7.06
1771,554692855,"01771M07:16:28.784","01771 07:04:17",206.33,908.30,,,,"     ",5.30,18.77,6.99
1771,554692856,"01771M07:16:29.757","01771 07:04:18",206.35,908.31,,,,"     ",5.30,18.94,7.05
1771,554692857,"01771M07:16:30.730","01771 07:04:19",206.35,908.38,,,,"     ",5.30,18.96,7.05
1771,554692858,"01771M07:16:31.703","01771 07:04:20",206.34,908.38,,,,"     ",5.30,18.92,7.03
1771,554692859,"01771M07:16:32.677","01771 07:04:21",206.31,908.38,,,,"     ",5.30,19.00,7.06
1771,554692860,"01771M07:16:33.650","01771 07:04:22",206.28,908.36,,,,"     ",5.30,18.99,7.05
1771,554692861,"01771M07:16:34.623","01771 07:04:23",206.23,908.37,,,,"     ",5.30,18.99,7.04
1771,554692862,"01771M07:16:35.596","01771 07:04:24",206.16,908.35,,,,"     ",5.30,18.95,7.03
1771,554692863,"01771M07:16:36.570","01771 07:04:25",206.09,908.31,,,,"     ",5.30,18.96,7.02
1771,554692864,"01771M07:16:37.543","01771 07:04:26",206.04,908.35,,,,"     ",5.30,18.92,7.00
1771,554692865,"01771M07:16:38.516","01771 07:04:27",206.02,908.32,,,,"     ",5.30,18.95,7.01
1771,554692866,"01771M07:16:39.489","01771 07:04:28",206.04,908.33,,,,"     ",5.30,18.98,7.02
1771,554692867,"01771M07:16:40.463","01771 07:04:29",206.07,908.30,,,,"     ",5.30,19.02,7.03
1771,554692868,"01771M07:16:41.436","01771 07:04:30",206.09,908.38,,,,"     ",5.30,18.94,6.99
1771,554692869,"01771M07:16:42.409","01771 07:04:31",206.09,908.39,,,,"     ",5.30,19.01,7.01
1771,554692870,"01771M07:16:43.382","01771 07:04:32",206.06,908.35,,,,"     ",5.30,18.89,6.96
1771,554692871,"01771M07:16:44.356","01771 07:04:33",206.01,908.37,,,,"     ",5.30,18.93,6.98
1771,554692872,"01771M07:16:45.329","01771 07:04:34",205.97,908.40,,,,"     ",5.30,19.03,7.01
1771,554692873,"01771M07:16:46.302","01771 07:04:35",205.94,908.41,,,,"     ",5.30,19.04,7.01
1771,554692874,"01771M07:16:47.275","01771 07:04:36",205.91,908.41,,,,"     ",5.30,19.07,7.02
1771,554692875,"01771M07:16:48.249","01771 07:04:37",205.89,908.39,,,,"     ",5.30,18.95,6.96
1771,554692876,"01771M07:16:49.222","01771 07:04:38",205.88,908.38,,,,"     ",5.30,19.07,7.01
1771,554692877,"01771M07:16:50.195","01771 07:04:39",205.88,908.37,,,,"     ",5.30,18.97,6.96
1771,554692878,"01771M07:16:51.168","01771 07:04:40",205.89,908.37,,,,"     ",5.30,18.98,6.97
1771,554692879,"01771M07:16:52.142","01771 07:04:41",205.92,908.37,,,,"     ",5.30,19.05,6.99
1771,554692880,"01771M07:16:53.115","01771 07:04:42",205.94,908.41,,,,"     ",5.30,18.95,6.95
1771,554692881,"01771M07:16:54.088","01771 07:04:43",205.98,908.36,,,,"     ",5.30,19.14,7.01
1771,554692882,"01771M07:16:55.061","01771 07:04:44",206.03,908.43,,,,"     ",5.30,19.05,6.97
1771,554692883,"01771M07:16:56.035","01771 07:04:45",206.09,908.50,,,,"     ",5.30,19.03,6.96
1771,554692884,"01771M07:16:57.008","01771 07:04:46",206.16,908.47,,,,"     ",5.30,19.06,6.97
1771,554692885,"01771M07:16:57.981","01771 07:04:47",206.22,908.39,,,,"     ",5.30,19.12,6.98
1771,554692886,"01771M07:16:58.954","01771 07:04:47",206.28,908.33,,,,"     ",5.30,19.04,6.95
1771,554692887,"01771M07:16:59.928","01771 07:04:48",206.31,908.38,,,,"     ",5.30,19.10,6.97
1771,554692888,"01771M07:17:00.901","01771 07:04:49",206.32,908.39,,,,"     ",5.30,19.08,6.96
1771,554692889,"01771M07:17:01.874","01771 07:04:50",206.29,908.37,,,,"     ",5.30,19.15,6.98
1771,554692890,"01771M07:17:02.847","01771 07:04:51",206.25,908.41,,,,"     ",5.30,19.13,6.97
1771,554692891,"01771M07:17:03.821","01771 07:04:52",206.21,908.49,,,,"     ",5.30,19.09,6.95
1771,554692892,"01771M07:17:04.794","01771 07:04:53",206.17,908.42,,,,"     ",5.30,19.12,6.95
1771,554692893,"01771M07:17:05.767","01771 07:04:54",206.14,908.45,,,,"     ",5.30,19.05,6.93
1771,554692894,"01771M07:17:06.740","01771 07:04:55",206.13,908.44,,,,"     ",5.30,19.07,6.93
1771,554692895,"01771M07:17:07.714","01771 07:04:56",206.13,908.48,,,,"     ",5.30,19.28,7.00
1771,554692896,"01771M07:17:08.687","01771 07:04:57",206.12,908.36,,,,"     ",5.30,19.09,6.93
1771,554692897,"01771M07:17:09.660","01771 07:04:58",206.11,908.47,,,,"     ",5.30,19.18,6.96
1771,554692898,"01771M07:17:10.633","01771 07:04:59",206.09,908.42,,,,"     ",5.30,19.20,6.96
1771,554692899,"01771M07:17:11.607","01771 07:05:00",206.06,908.42,,,,"     ",5.30,19.15,6.94
1771,554692900,"01771M07:17:12.580","01771 07:05:01",206.03,908.44,,,,"     ",5.30,19.18,6.95
1771,554692901,"01771M07:17:13.553","01771 07:05:02",206.02,908.43,,,,"     ",5.30,19.11,6.91
1771,554692902,"01771M07:17:14.526","01771 07:05:03",206.05,908.44,,,,"     ",5.30,19.22,6.95
1771,554692903,"01771M07:17:15.500","01771 07:05:04",206.13,908.40,,,,"     ",5.30,19.06,6.89
1771,554692904,"01771M07:17:16.473","01771 07:05:05",206.24,908.46,,,,"     ",5.30,19.12,6.91
1771,554692905,"01771M07:17:17.446","01771 07:05:06",206.37,908.40,,,,"     ",5.30,19.14,6.91
1771,554692906,"01771M07:17:18.419","01771 07:05:07",206.48,908.42,,,,"     ",5.30,19.22,6.94
1771,554692907,"01771M07:17:19.393","01771 07:05:08",206.56,908.44,,,,"     ",5.30,19.30,6.96
1771,554692908,"01771M07:17:20.366","01771 07:05:09",206.60,908.45,,,,"     ",5.30,19.28,6.95
1771,554692909,"01771M07:17:21.339","01771 07:05:10",206.60,908.42,,,,"     ",5.30,19.25,6.93
1771,554692910,"01771M07:17:22.313","01771 07:05:11",206.57,908.38,,,,"     ",5.30,19.14,6.89
1771,554692911,"01771M07:17:23.286","01771 07:05:12",206.54,908.54,,,,"     ",5.30,19.26,6.93
1771,554692912,"01771M07:17:24.259","01771 07:05:13",206.50,908.37,,,,"     ",5.30,19.17,6.89
1771,554692913,"01771M07:17:25.232","01771 07:05:14",206.46,908.54,,,,"     ",5.30,19.19,6.90
1771,554692914,"01771M07:17:26.206","01771 07:05:15",206.43,908.48,,,,"     ",5.30,19.17,6.88
1771,554692915,"01771M07:17:27.179","01771 07:05:16",206.40,908.48,,,,"     ",5.30,19.17,6.88
1771,554692916,"01771M07:17:28.152","01771 07:05:17",206.37,908.40,,,,"     ",5.30,19.24,6.90
1771,554692917,"01771M07:17:29.125","01771 07:05:18",206.35,908.51,,,,"     ",5.30,19.26,6.91
1771,554692918,"01771M07:17:30.099","01771 07:05:19",206.34,908.35,,,,"     ",5.30,19.17,6.87
1771,554692919,"01771M07:17:31.072","01771 07:05:20",206.34,908.46,,,,"     ",5.30,19.27,6.90
1771,554692920,"01771M07:17:32.045","01771 07:05:21",206.36,908.39,,,,"     ",5.30,19.22,6.88
1771,554692921,"01771M07:17:33.018","01771 07:05:22",206.39,908.39,,,,"     ",5.30,19.28,6.90
1771,554692922,"01771M07:17:33.992","01771 07:05:23",206.40,908.39,,,,"     ",5.30,19.34,6.91
1771,554692923,"01771M07:17:34.965","01771 07:05:24",206.39,908.58,,,,"     ",5.30,19.24,6.88
1771,554692924,"01771M07:17:35.938","01771 07:05:24",206.35,908.46,,,,"     ",5.30,19.15,6.84
1771,554692925,"01771M07:17:36.911","01771 07:05:25",206.29,908.41,,,,"     ",5.30,19.27,6.88
1771,554692926,"01771M07:17:37.885","01771 07:05:26",206.20,908.34,,,,"     ",5.30,19.37,6.91
1771,554692927,"01771M07:17:38.858","01771 07:05:27",206.13,908.42,,,,"     ",5.30,19.23,6.86
1771,554692928,"01771M07:17:39.831","01771 07:05:28",206.07,908.34,,,,"     ",5.30,19.35,6.89
1771,554692929,"01771M07:17:40.804","01771 07:05:29",206.04,908.33,,,,"     ",5.30,19.36,6.89
1771,554692930,"01771M07:17:41.778","01771 07:05:30",206.03,908.49,,,,"     ",5.30,19.29,6.87
1771,554692931,"01771M07:17:42.751","01771 07:05:31",206.04,908.31,,,,"     ",5.30,19.34,6.88
1771,554692932,"01771M07:17:43.724","01771 07:05:32",206.06,908.36,,,,"     ",5.30,19.35,6.88
1771,554692933,"01771M07:17:44.697","01771 07:05:33",206.09,908.45,,,,"     ",5.30,19.30,6.86
1771,554692934,"01771M07:17:45.671","01771 07:05:34",206.13,908.53,,,,"     ",5.30,19.35,6.87
1771,554692935,"01771M07:17:46.644","01771 07:05:35",206.15,908.59,,,,"     ",5.30,19.40,6.88
1771,554692936,"01771M07:17:47.617","01771 07:05:36",206.16,908.61,,,,"     ",5.30,19.35,6.86
1771,554692937,"01771M07:17:48.590","01771 07:05:37",206.15,908.50,,,,"     ",5.30,19.46,6.90
1771,554692938,"01771M07:17:49.564","01771 07:05:38",206.12,908.52,,,,"     ",5.30,19.43,6.88
1771,554692939,"01771M07:17:50.537","01771 07:05:39",206.08,908.41,,,,"     ",5.30,19.32,6.84
1771,554692940,"01771M07:17:51.510","01771 07:05:40",206.04,908.50,,,,"     ",5.30,19.25,6.81
1771,554692941,"01771M07:17:52.483","01771 07:05:41",206.01,908.44,,,,"     ",5.30,19.38,6.85
1771,554692942,"01771M07:17:53.457","01771 07:05:42",206.00,908.44,,,,"     ",5.30,19.35,6.84
1771,554692943,"01771M07:17:54.430","01771 07:05:43",206.01,908.52,,,,"     ",5.30,19.46,6.88
1771,554692944,"01771M07:17:55.403","01771 07:05:44",206.04,908.54,,,,"     ",5.30,19.35,6.83
1771,554692945,"01771M07:17:56.376","01771 07:05:45",206.10,908.47,,,,"     ",5.30,19.27,6.80
1771,554692946,"01771M07:17:57.350","01771 07:05:46",206.17,908.50,,,,"     ",5.30,19.36,6.83
1771,554692947,"01771M07:17:58.323","01771 07:05:47",206.24,908.58,,,,"     ",5.30,19.41,6.84
1771,554692948,"01771M07:17:59.296","01771 07:05:48",206.30,908.55,,,,"     ",5.30,19.42,6.84
1771,554692949,"01771M07:18:00.269","01771 07:05:49",206.35,908.56,,,,"     ",5.30,19.45,6.85
1771,554692950,"01771M07:18:01.243","01771 07:05:50",206.39,908.56,,,,"     ",5.30,19.37,6.81
1771,554692951,"01771M07:18:02.216","01771 07:05:51",206.40,908.49,,,,"     ",5.30,19.50,6.86
1771,554692952,"01771M07:18:03.189","01771 07:05:52",206.38,908.49,,,,"     ",5.30,19.42,6.82
1771,554692953,"01771M07:18:04.162","01771 07:05:53",206.36,908.56,,,,"     ",5.30,19.42,6.82
1771,554692954,"01771M07:18:05.136","01771 07:05:54",206.32,908.51,,,,"     ",5.30,19.50,6.84
1771,554692955,"01771M07:18:06.109","01771 07:05:55",206.28,908.55,,,,"     ",5.30,19.38,6.80
1771,554692956,"01771M07:18:07.082","01771 07:05:56",206.24,908.48,,,,"     ",5.30,19.41,6.80
1771,554692957,"01771M07:18:08.055","01771 07:05:57",206.20,908.46,,,,"     ",5.30,19.52,6.84
1771,554692958,"01771M07:18:09.029","01771 07:05:58",206.19,908.57,,,,"     ",5.30,19.45,6.81
1771,554692959,"01771M07:18:10.002","01771 07:05:59",206.20,908.53,,,,"     ",5.30,19.42,6.79
1771,554692960,"01771M07:18:10.975","01771 07:06:00",206.24,908.48,,,,"     ",5.30,19.43,6.79
1771,554692961,"01771M07:18:11.948","01771 07:06:00",206.30,908.51,,,,"     ",5.30,19.40,6.78
1771,554692962,"01771M07:18:12.922","01771 07:06:01",206.37,908.58,,,,"     ",5.30,19.48,6.80
1771,554692963,"01771M07:18:13.895","01771 07:06:02",206.46,908.49,,,,"     ",5.30,19.52,6.81
1771,554692964,"01771M07:18:14.868","01771 07:06:03",206.55,908.52,,,,"     ",5.30,19.37,6.75
1771,554692965,"01771M07:18:15.841","01771 07:06:04",206.65,908.49,,,,"     ",5.30,19.43,6.77
1771,554692966,"01771M07:18:16.815","01771 07:06:05",206.75,908.56,,,,"     ",5.30,19.52,6.80
1771,554692967,"01771M07:18:17.788","01771 07:06:06",206.83,908.49,,,,"     ",5.30,19.44,6.77
1771,554692968,"01771M07:18:18.761","01771 07:06:07",206.89,908.57,,,,"     ",5.30,19.54,6.80
1771,554692969,"01771M07:18:19.734","01771 07:06:08",206.93,908.64,,,,"     ",5.30,19.43,6.76
1771,554692970,"01771M07:18:20.708","01771 07:06:09",206.93,908.64,,,,"     ",5.30,19.56,6.80
1771,554692971,"01771M07:18:21.681","01771 07:06:10",206.89,908.61,,,,"     ",5.30,19.45,6.75
1771,554692972,"01771M07:18:22.654","01771 07:06:11",206.84,908.52,,,,"     ",5.30,19.49,6.76
1771,554692973,"01771M07:18:23.627","01771 07:06:12",206.77,908.54,,,,"     ",5.30,19.59,6.80
1771,554692974,"01771M07:18:24.601","01771 07:06:13",206.69,908.63,,,,"     ",5.30,19.53,6.77
1771,554692975,"01771M07:18:25.574","01771 07:06:14",206.63,908.48,,,,"     ",5.30,19.57,6.78
1771,554692976,"01771M07:18:26.547","01771 07:06:15",206.56,908.54,,,,"     ",5.30,19.49,6.75
1771,554692977,"01771M07:18:27.520","01771 07:06:16",206.50,908.49,,,,"     ",5.30,19.59,6.78
1771,554692978,"01771M07:18:28.494","01771 07:06:17",206.46,908.57,,,,"     ",5.30,19.55,6.76
1771,554692979,"01771M07:18:29.467","01771 07:06:18",206.46,908.53,,,,"     ",5.30,19.57,6.76
1771,554692980,"01771M07:18:30.440","01771 07:06:19",206.49,908.56,,,,"     ",5.30,19.55,6.75
1771,554692981,"01771M07:18:31.414","01771 07:06:20",206.54,908.59,,,,"     ",5.30,19.50,6.73
1771,554692982,"01771M07:18:32.387","01771 07:06:21",206.60,908.55,,,,"     ",5.30,19.66,6.78
1771,554692983,"01771M07:18:33.360","01771 07:06:22",206.65,908.64,,,,"     ",5.30,19.50,6.72
1771,554692984,"01771M07:18:34.333","01771 07:06:23",206.70,908.71,,,,"     ",5.30,19.61,6.76
1771,554692985,"01771M07:18:35.307","01771 07:06:24",206.73,908.69,,,,"     ",5.30,19.62,6.76
1771,554692986,"01771M07:18:36.280","01771 07:06:25",206.73,908.69,,,,"     ",5.30,19.46,6.70
1771,554692987,"01771M07:18:37.253","01771 07:06:26",206.72,908.60,,,,"     ",5.30,19.53,6.71
1771,554692988,"01771M07:18:38.226","01771 07:06:27",206.70,908.64,,,,"     ",5.30,19.58,6.73
1771,554692989,"01771M07:18:39.200","01771 07:06:28",206.69,908.57,,,,"     ",5.30,19.57,6.72
1771,554692990,"01771M07:18:40.173","01771 07:06:29",206.70,908.66,,,,"     ",5.30,19.75,6.78
1771,554692991,"01771M07:18:41.146","01771 07:06:30",206.73,908.60,,,,"     ",5.30,19.52,6.70
1771,554692992,"01771M07:18:42.119","01771 07:06:31",206.78,908.59,,,,"     ",5.30,19.63,6.73
1771,554692993,"01771M07:18:43.093","01771 07:06:32",206.82,908.60,,,,"     ",5.30,19.64,6.73
1771,554692994,"01771M07:18:44.066","01771 07:06:33",206.85,908.59,,,,"     ",5.30,19.61,6.71
1771,554692995,"01771M07:18:45.039","01771 07:06:34",206.88,908.63,,,,"     ",5.30,19.71,6.75
1771,554692996,"01771M07:18:46.012","01771 07:06:35",206.90,908.69,,,,"     ",5.30,19.68,6.73
1771,554692997,"01771M07:18:46.986","01771 07:06:36",206.92,908.65,,,,"     ",5.30,19.73,6.74
1771,554692998,"01771M07:18:47.959","01771 07:06:37",206.95,908.64,,,,"     ",5.30,19.64,6.71
1771,554692999,"01771M07:18:48.932","01771 07:06:37",206.98,908.62,,,,"     ",5.30,19.61,6.69
1771,554693000,"01771M07:18:49.905","01771 07:06:38",207.01,908.64,,,,"     ",5.30,19.58,6.68
1771,554693001,"01771M07:18:50.879","01771 07:06:39",207.01,908.63,,,,"     ",5.30,19.74,6.73
1771,554693002,"01771M07:18:51.852","01771 07:06:40",206.99,908.67,,,,"     ",5.30,19.70,6.71
1771,554693003,"01771M07:18:52.825","01771 07:06:41",206.96,908.75,,,,"     ",5.30,19.63,6.68
1771,554693004,"01771M07:18:53.798","01771 07:06:42",206.92,908.75,,,,"     ",5.30,19.70,6.70
1771,554693005,"01771M07:18:54.772","01771 07:06:43",206.88,908.76,,,,"     ",5.30,19.76,6.72
1771,554693006,"01771M07:18:55.745","01771 07:06:44",206.85,908.82,,,,"     ",5.30,19.66,6.68
1771,554693007,"01771M07:18:56.718","01771 07:06:45",206.83,908.65,,,,"     ",5.30,19.73,6.70
1771,554693008,"01771M07:18:57.691","01771 07:06:46",206.84,908.65,,,,"     ",5.30,19.66,6.67
1771,554693009,"01771M07:18:58.665","01771 07:06:47",206.87,908.66,,,,"     ",5.30,19.76,6.70
1771,554693010,"01771M07:18:59.638","01771 07:06:48",206.91,908.68,,,,"     ",5.30,19.72,6.68
1771,554693011,"01771M07:19:00.611","01771 07:06:49",206.97,908.62,,,,"     ",5.30,19.66,6.66
1771,554693012,"01771M07:19:01.584","01771 07:06:50",207.02,908.64,,,,"     ",5.30,19.71,6.67
1771,554693013,"01771M07:19:02.558","01771 07:06:51",207.07,908.67,,,,"     ",5.30,19.75,6.68
1771,554693014,"01771M07:19:03.531","01771 07:06:52",207.11,908.60,,,,"     ",5.30,19.75,6.67
1771,554693015,"01771M07:19:04.504","01771 07:06:53",207.16,908.58,,,,"     ",5.30,19.72,6.66
1771,554693016,"01771M07:19:05.477","01771 07:06:54",207.22,908.62,,,,"     ",5.30,19.71,6.65
1771,554693017,"01771M07:19:06.451","01771 07:06:55",207.30,908.68,,,,"     ",5.30,19.84,6.70
1771,554693018,"01771M07:19:07.424","01771 07:06:56",207.38,908.65,,,,"     ",5.30,19.68,6.63
1771,554693019,"01771M07:19:08.397","01771 07:06:57",207.46,908.64,,,,"     ",5.30,19.77,6.66
1771,554693020,"01771M07:19:09.370","01771 07:06:58",207.51,908.60,,,,"     ",5.30,19.77,6.65
1771,554693021,"01771M07:19:10.344","01771 07:06:59",207.53,908.67,,,,"     ",5.30,19.79,6.66
1771,554693022,"01771M07:19:11.317","01771 07:07:00",207.52,908.58,,,,"     ",5.30,19.87,6.68
1771,554693023,"01771M07:19:12.290","01771 07:07:01",207.47,908.66,,,,"     ",5.30,19.76,6.64
1771,554693024,"01771M07:19:13.263","01771 07:07:02",207.41,908.60,,,,"     ",5.30,19.90,6.69
1771,554693025,"01771M07:19:14.237","01771 07:07:03",207.33,908.56,,,,"     ",5.30,19.79,6.64
1771,554693026,"01771M07:19:15.210","01771 07:07:04",207.25,908.67,,,,"     ",5.30,19.85,6.66
1771,554693027,"01771M07:19:16.183","01771 07:07:05",207.18,908.62,,,,"     ",5.30,19.77,6.63
1771,554693028,"01771M07:19:17.156","01771 07:07:06",207.12,908.58,,,,"     ",5.30,20.01,6.70
1771,554693029,"01771M07:19:18.130","01771 07:07:07",207.08,908.68,,,,"     ",5.30,20.00,6.70
1771,554693030,"01771M07:19:19.103","01771 07:07:08",207.07,908.62,,,,"     ",5.30,19.83,6.63
1771,554693031,"01771M07:19:20.076","01771 07:07:09",207.07,908.68,,,,"     ",5.30,19.89,6.65
1771,554693032,"01771M07:19:21.049","01771 07:07:10",207.07,908.73,,,,"     ",5.30,19.91,6.65
1771,554693033,"01771M07:19:22.023","01771 07:07:11",207.08,908.67,,,,"     ",5.30,19.93,6.66
1771,554693034,"01771M07:19:22.996","01771 07:07:12",207.10,908.79,,,,"     ",5.30,19.88,6.64
1771,554693035,"01771M07:19:23.969","01771 07:07:13",207.12,908.76,,,,"     ",5.30,20.03,6.68
1771,554693036,"01771M07:19:24.942","01771 07:07:14",207.13,908.80,,,,"     ",5.30,20.01,6.67
1771,554693037,"01771M07:19:25.916","01771 07:07:14",207.14,908.67,,,,"     ",5.30,19.92,6.64
1771,554693038,"01771M07:19:26.889","01771 07:07:15",207.14,908.58,,,,"     ",5.30,20.07,6.68
1771,554693039,"01771M07:19:27.862","01771 07:07:16",207.11,908.59,,,,"     ",5.30,20.05,6.67
1771,554693040,"01771M07:19:28.835","01771 07:07:17",207.07,908.69,,,,"     ",5.30,19.91,6.62
1771,554693041,"01771M07:19:29.809","01771 07:07:18",207.03,908.68,,,,"     ",5.30,20.04,6.66
1771,554693042,"01771M07:19:30.782","01771 07:07:19",206.98,908.70,,,,"     ",5.30,19.95,6.62
1771,554693043,"01771M07:19:31.755","01771 07:07:20",206.93,908.67,,,,"     ",5.30,20.07,6.66
1771,554693044,"01771M07:19:32.728","01771 07:07:21",206.89,908.68,,,,"     ",5.30,20.04,6.65
1771,554693045,"01771M07:19:33.702","01771 07:07:22",206.87,908.71,,,,"     ",5.30,19.97,6.62
1771,554693046,"01771M07:19:34.675","01771 07:07:23",206.87,908.61,,,,"     ",5.30,20.01,6.63
1771,554693047,"01771M07:19:35.648","01771 07:07:24",206.90,908.63,,,,"     ",5.30,20.03,6.63
1771,554693048,"01771M07:19:36.621","01771 07:07:25",206.95,908.63,,,,"     ",5.30,20.16,6.67
1771,554693049,"01771M07:19:37.595","01771 07:07:26",207.02,908.62,,,,"     ",5.30,20.00,6.61
1771,554693050,"01771M07:19:38.568","01771 07:07:27",207.10,908.70,,,,"     ",5.30,20.02,6.61
1771,554693051,"01771M07:19:39.541","01771 07:07:28",207.20,908.67,,,,"     ",5.30,20.11,6.64
1771,554693052,"01771M07:19:40.515","01771 07:07:29",207.28,908.68,,,,"     ",5.30,20.08,6.62
1771,554693053,"01771M07:19:41.488","01771 07:07:30",207.33,908.79,,,,"     ",5.30,20.14,6.64
1771,554693054,"01771M07:19:42.461","01771 07:07:31",207.34,908.68,,,,"     ",5.30,20.06,6.61
1771,554693055,"01771M07:19:43.434","01771 07:07:32",207.32,908.75,,,,"     ",5.30,20.12,6.63
1771,554693056,"01771M07:19:44.408","01771 07:07:33",207.27,908.77,,,,"     ",5.30,20.05,6.60
1771,554693057,"01771M07:19:45.381","01771 07:07:34",207.21,908.73,,,,"     ",5.30,20.20,6.65
1771,554693058,"01771M07:19:46.354","01771 07:07:35",207.16,908.70,,,,"     ",5.30,20.12,6.62
1771,554693059,"01771M07:19:47.327","01771 07:07:36",207.13,908.67,,,,"     ",5.30,20.16,6.62
1771,554693060,"01771M07:19:48.301","01771 07:07:37",207.10,908.59,,,,"     ",5.30,20.17,6.62
1771,554693061,"01771M07:19:49.274","01771 07:07:38",207.08,908.59,,,,"     ",5.30,20.20,6.63
1771,554693062,"01771M07:19:50.247","01771 07:07:39",207.05,908.67,,,,"     ",5.30,20.17,6.61
1771,554693063,"01771M07:19:51.220","01771 07:07:40",207.03,908.59,,,,"     ",5.30,20.29,6.65
1771,554693064,"01771M07:19:52.194","01771 07:07:41",207.02,908.62,,,,"     ",5.30,20.26,6.64
1771,554693065,"01771M07:19:53.167","01771 07:07:42",207.03,908.70,,,,"     ",5.30,20.30,6.65
1771,554693066,"01771M07:19:54.140","01771 07:07:43",207.09,908.64,,,,"     ",5.30,20.27,6.63
1771,554693067,"01771M07:19:55.113","01771 07:07:44",207.17,908.64,,,,"     ",5.30,20.18,6.60
1771,554693068,"01771M07:19:56.087","01771 07:07:45",207.27,908.55,,,,"     ",5.30,20.24,6.61
1771,554693069,"01771M07:19:57.060","01771 07:07:46",207.34,908.72,,,,"     ",5.30,20.36,6.65
1771,554693070,"01771M07:19:58.033","01771 07:07:47",207.40,908.66,,,,"     ",5.30,20.37,6.65
1771,554693071,"01771M07:19:59.006","01771 07:07:48",207.43,908.66,,,,"     ",5.30,20.16,6.57
1771,554693072,"01771M07:19:59.980","01771 07:07:49",207.45,908.67,,,,"     ",5.30,20.34,6.63
1771,554693073,"01771M07:20:00.953","01771 07:07:50",207.47,908.72,,,,"     ",5.30,20.33,6.62
1771,554693074,"01771M07:20:01.926","01771 07:07:50",207.48,908.68,,,,"     ",5.30,20.29,6.60
1771,554693075,"01771M07:20:02.899","01771 07:07:51",207.50,908.69,,,,"     ",5.30,20.28,6.60
1771,554693076,"01771M07:20:03.873","01771 07:07:52",207.54,908.78,,,,"     ",5.30,20.34,6.61
1771,554693077,"01771M07:20:04.846","01771 07:07:53",207.60,908.77,,,,"     ",5.30,20.40,6.63
1771,554693078,"01771M07:20:05.819","01771 07:07:54",207.67,908.66,,,,"     ",5.30,20.44,6.64
1771,554693079,"01771M07:20:06.792","01771 07:07:55",207.72,908.79,,,,"     ",5.30,20.26,6.57
1771,554693080,"01771M07:20:07.766","01771 07:07:56",207.75,908.70,,,,"     ",5.30,20.20,6.55
1771,554693081,"01771M07:20:08.739","01771 07:07:57",207.74,908.62,,,,"     ",5.30,20.31,6.58
1771,554693082,"01771M07:20:09.712","01771 07:07:58",207.70,908.57,,,,"     ",5.30,20.28,6.57
1771,554693083,"01771M07:20:10.685","01771 07:07:59",207.66,908.54,,,,"     ",5.30,20.40,6.60
1771,554693084,"01771M07:20:11.659","01771 07:08:00",207.62,908.67,,,,"     ",5.30,20.46,6.62
1771,554693085,"01771M07:20:12.632","01771 07:08:01",207.59,908.62,,,,"     ",5.30,20.40,6.59
1771,554693086,"01771M07:20:13.605","01771 07:08:02",207.56,908.70,,,,"     ",5.30,20.30,6.56
1771,554693087,"01771M07:20:14.578","01771 07:08:03",207.54,908.73,,,,"     ",5.30,20.48,6.61
1771,554693088,"01771M07:20:15.552","01771 07:08:04",207.51,908.69,,,,"     ",5.30,20.36,6.57
1771,554693089,"01771M07:20:16.525","01771 07:08:05",207.48,908.71,,,,"     ",5.30,20.44,6.59
1771,554693090,"01771M07:20:17.498","01771 07:08:06",207.45,908.74,,,,"     ",5.30,20.39,6.57
1771,554693091,"01771M07:20:18.471","01771 07:08:07",207.43,908.71,,,,"     ",5.30,20.44,6.58
1771,554693092,"01771M07:20:19.445","01771 07:08:08",207.43,908.77,,,,"     ",5.30,20.53,6.61
1771,554693093,"01771M07:20:20.418","01771 07:08:09",207.43,908.69,,,,"     ",5.30,20.45,6.58
1771,554693094,"01771M07:20:21.391","01771 07:08:10",207.45,908.73,,,,"     ",5.30,20.50,6.59
1771,554693095,"01771M07:20:22.364","01771 07:08:11",207.47,908.67,,,,"     ",5.30,20.39,6.55
1771,554693096,"01771M07:20:23.338","01771 07:08:12",207.49,908.71,,,,"     ",5.30,20.49,6.58
1771,554693097,"01771M07:20:24.311","01771 07:08:13",207.53,908.76,,,,"     ",5.30,20.54,6.59
1771,554693098,"01771M07:20:25.284","01771 07:08:14",207.56,908.72,,,,"     ",5.30,20.36,6.53
1771,554693099,"01771M07:20:26.257","01771 07:08:15",207.58,908.85,,,,"     ",5.30,20.38,6.53
1771,554693100,"01771M07:20:27.231","01771 07:08:16",207.58,908.84,,,,"     ",5.30,20.49,6.56
1771,554693101,"01771M07:20:28.204","01771 07:08:17",207.55,908.77,,,,"     ",5.30,20.51,6.57
1771,554693102,"01771M07:20:29.177","01771 07:08:18",207.51,908.82,,,,"     ",5.30,20.48,6.55
1771,554693103,"01771M07:20:30.150","01771 07:08:19",207.49,908.77,,,,"     ",5.30,20.57,6.57
1771,554693104,"01771M07:20:31.124","01771 07:08:20",207.49,908.78,,,,"     ",5.30,20.56,6.57
1771,554693105,"01771M07:20:32.097","01771 07:08:21",207.51,908.83,,,,"     ",5.30,20.49,6.54
1771,554693106,"01771M07:20:33.070","01771 07:08:22",207.56,908.79,,,,"     ",5.30,20.56,6.56
1771,554693107,"01771M07:20:34.043","01771 07:08:23",207.62,908.85,,,,"     ",5.30,20.44,6.52
1771,554693108,"01771M07:20:35.017","01771 07:08:24",207.67,908.71,,,,"     ",5.30,20.56,6.55
1771,554693109,"01771M07:20:35.990","01771 07:08:25",207.72,908.79,,,,"     ",5.30,20.65,6.58
1771,554693110,"01771M07:20:36.963","01771 07:08:26",207.75,908.77,,,,"     ",5.30,20.57,6.55
1771,554693111,"01771M07:20:37.936","01771 07:08:27",207.76,908.77,,,,"     ",5.30,20.60,6.55
1771,554693112,"01771M07:20:38.910","01771 07:08:27",207.77,908.72,,,,"     ",5.30,20.60,6.55
1771,554693113,"01771M07:20:39.883","01771 07:08:28",207.79,908.73,,,,"     ",5.30,20.61,6.55
1771,554693114,"01771M07:20:40.856","01771 07:08:29",207.81,908.77,,,,"     ",5.30,20.68,6.57
1771,554693115,"01771M07:20:41.829","01771 07:08:30",207.85,908.68,,,,"     ",5.30,20.73,6.58
1771,554693116,"01771M07:20:42.803","01771 07:08:31",207.88,908.68,,,,"     ",5.30,20.53,6.51
1771,554693117,"01771M07:20:43.776","01771 07:08:32",207.91,908.72,,,,"     ",5.30,20.64,6.54
1771,554693118,"01771M07:20:44.749","01771 07:08:33",207.91,908.67,,,,"     ",5.30,20.65,6.54
1771,554693119,"01771M07:20:45.722","01771 07:08:34",207.89,908.66,,,,"     ",5.30,20.78,6.58
1771,554693120,"01771M07:20:46.696","01771 07:08:35",207.86,908.65,,,,"     ",5.30,20.68,6.54
1771,554693121,"01771M07:20:47.669","01771 07:08:36",207.82,908.76,,,,"     ",5.30,20.60,6.51
1771,554693122,"01771M07:20:48.642","01771 07:08:37",207.77,908.76,,,,"     ",5.30,20.72,6.55
1771,554693123,"01771M07:20:49.616","01771 07:08:38",207.74,908.75,,,,"     ",5.30,20.70,6.54
1771,554693124,"01771M07:20:50.589","01771 07:08:39",207.73,908.78,,,,"     ",5.30,20.72,6.54
1771,554693125,"01771M07:20:51.562","01771 07:08:40",207.74,908.79,,,,"     ",5.30,20.60,6.50
1771,554693126,"01771M07:20:52.535","01771 07:08:41",207.77,908.82,,,,"     ",5.30,20.79,6.55
1771,554693127,"01771M07:20:53.509","01771 07:08:42",207.81,908.78,,,,"     ",5.30,20.73,6.53
1771,554693128,"01771M07:20:54.482","01771 07:08:43",207.85,908.74,,,,"     ",5.30,20.69,6.51
1771,554693129,"01771M07:20:55.455","01771 07:08:44",207.88,908.67,,,,"     ",5.30,20.68,6.50
1771,554693130,"01771M07:20:56.428","01771 07:08:45",207.91,908.78,,,,"     ",5.30,20.67,6.50
1771,554693131,"01771M07:20:57.402","01771 07:08:46",207.96,908.79,,,,"     ",5.30,20.74,6.52
1771,554693132,"01771M07:20:58.375","01771 07:08:47",207.98,908.78,,,,"     ",5.30,20.78,6.53
1771,554693133,"01771M07:20:59.348","01771 07:08:48",207.98,908.86,,,,"     ",5.30,20.69,6.49
1771,554693134,"01771M07:21:00.321","01771 07:08:49",207.97,908.77,,,,"     ",5.30,20.63,6.47
1771,554693135,"01771M07:21:01.295","01771 07:08:50",207.95,908.81,,,,"     ",5.30,20.75,6.50
1771,554693136,"01771M07:21:02.268","01771 07:08:51",207.92,908.84,,,,"     ",5.30,20.62,6.46
1771,554693137,"01771M07:21:03.241","01771 07:08:52",207.89,908.79,,,,"     ",5.30,20.80,6.51
1771,554693138,"01771M07:21:04.214","01771 07:08:53",207.84,908.75,,,,"     ",5.30,20.76,6.49
1771,554693139,"01771M07:21:05.188","01771 07:08:54",207.78,908.70,,,,"     ",5.30,20.70,6.47
1771,554693140,"01771M07:21:06.161","01771 07:08:55",207.71,908.72,,,,"     ",5.30,20.88,6.52
1771,554693141,"01771M07:21:07.134","01771 07:08:56",207.63,908.79,,,,"     ",5.30,20.84,6.51
1771,554693142,"01771M07:21:08.107","01771 07:08:57",207.53,908.86,,,,"     ",5.30,20.91,6.52
1771,554693143,"01771M07:21:09.081","01771 07:08:58",207.43,908.74,,,,"     ",5.30,20.82,6.49
1771,554693144,"01771M07:21:10.054","01771 07:08:59",207.31,908.78,,,,"     ",5.30,20.91,6.52
1771,554693145,"01771M07:21:11.027","01771 07:09:00",208.09,908.85,,,,"     ",5.30,20.85,6.49
1771,554693146,"01771M07:21:12.000","01771 07:09:01",208.13,908.85,,,,"     ",5.30,20.93,6.51
1771,554693147,"01771M07:21:12.974","01771 07:09:02",208.17,908.91,,,,"     ",5.30,20.85,6.49
1771,554693148,"01771M07:21:13.947","01771 07:09:03",208.20,908.97,,,,"     ",5.30,20.81,6.47
1771,554693149,"01771M07:21:14.920","01771 07:09:04",208.22,908.87,,,,"     ",5.30,20.93,6.50
1771,554693150,"01771M07:21:15.893","01771 07:09:04",208.23,908.83,,,,"     ",5.30,20.74,6.44
1771,554693151,"01771M07:21:16.867","01771 07:09:05",208.23,908.81,,,,"     ",5.30,20.97,6.51
1771,554693152,"01771M07:21:17.840","01771 07:09:06",208.22,908.83,,,,"     ",5.30,20.89,6.48
1771,554693153,"01771M07:21:18.813","01771 07:09:07",208.21,908.69,,,,"     ",5.30,20.96,6.49
1771,554693154,"01771M07:21:19.786","01771 07:09:08",208.19,908.83,,,,"     ",5.30,20.84,6.45
1771,554693155,"01771M07:21:20.760","01771 07:09:09",208.16,908.74,,,,"     ",5.30,21.00,6.50
1771,554693156,"01771M07:21:21.733","01771 07:09:10",208.14,908.94,,,,"     ",5.30,20.96,6.48
1771,554693157,"01771M07:21:22.706","01771 07:09:11",208.10,908.85,,,,"     ",5.30,20.86,6.45
1771,554693158,"01771M07:21:23.679","01771 07:09:12",208.04,908.79,,,,"     ",5.30,20.90,6.46
1771,554693159,"01771M07:21:24.653","01771 07:09:13",207.94,908.81,,,,"     ",5.30,20.95,6.47
1771,554693160,"01771M07:21:25.626","01771 07:09:14",207.81,908.82,,,,"     ",5.30,20.94,6.46
1771,554693161,"01771M07:21:26.599","01771 07:09:15",207.68,908.86,,,,"     ",5.30,20.98,6.47
1771,554693162,"01771M07:21:27.572","01771 07:09:16",207.57,908.82,,,,"     ",5.30,21.01,6.47
1771,554693163,"01771M07:21:28.546","01771 07:09:17",207.48,908.94,,,,"     ",5.30,20.92,6.44
1771,554693164,"01771M07:21:29.519","01771 07:09:18",207.43,908.77,,,,"     ",5.30,20.96,6.45
1771,554693165,"01771M07:21:30.492","01771 07:09:19",207.41,908.83,,,,"     ",5.30,20.97,6.45
1771,554693166,"01771M07:21:31.465","01771 07:09:20",207.43,908.80,,,,"     ",5.30,20.93,6.43
1771,554693167,"01771M07:21:32.439","01771 07:09:21",207.48,908.76,,,,"     ",5.30,21.13,6.49
1771,554693168,"01771M07:21:33.412","01771 07:09:22",207.55,908.76,,,,"     ",5.30,21.00,6.44
1771,554693169,"01771M07:21:34.385","01771 07:09:23",207.64,908.83,,,,"     ",5.30,20.98,6.43
1771,554693170,"01771M07:21:35.358","01771 07:09:24",207.73,908.85,,,,"     ",5.30,20.92,6.41
1771,554693171,"01771M07:21:36.332","01771 07:09:25",207.82,908.82,,,,"     ",5.30,20.97,6.42
1771,554693172,"01771M07:21:37.305","01771 07:09:26",207.91,908.85,,,,"     ",5.30,20.93,6.40
1771,554693173,"01771M07:21:38.278","01771 07:09:27",207.99,908.82,,,,"     ",5.30,21.01,6.42
1771,554693174,"01771M07:21:39.251","01771 07:09:28",208.05,908.83,,,,"     ",5.30,20.98,6.41
1771,554693175,"01771M07:21:40.225","01771 07:09:29",208.10,908.81,,,,"     ",5.30,21.16,6.46
1771,554693176,"01771M07:21:41.198","01771 07:09:30",208.16,908.81,,,,"     ",5.30,21.08,6.44
1771,554693177,"01771M07:21:42.171","01771 07:09:31",208.22,908.81,,,,"     ",5.30,21.05,6.42
1771,554693178,"01771M07:21:43.144","01771 07:09:32",208.25,908.80,,,,"     ",5.30,21.05,6.41
1771,554693179,"01771M07:21:44.118","01771 07:09:33",208.26,908.78,,,,"     ",5.30,21.11,6.43
1771,554693180,"01771M07:21:45.091","01771 07:09:34",208.23,908.80,,,,"     ",5.30,20.95,6.38
1771,554693181,"01771M07:21:46.064","01771 07:09:35",208.19,908.79,,,,"     ",5.30,21.11,6.42
1771,554693182,"01771M07:21:47.037","01771 07:09:36",208.13,908.79,,,,"     ",5.30,21.07,6.40
1771,554693183,"01771M07:21:48.011","01771 07:09:37",208.07,908.77,,,,"     ",5.30,21.11,6.41
1771,554693184,"01771M07:21:48.984","01771 07:09:38",208.02,908.83,,,,"     ",5.30,21.17,6.43
1771,554693185,"01771M07:21:49.957","01771 07:09:39",207.99,908.76,,,,"     ",5.30,21.10,6.40
1771,554693186,"01771M07:21:50.930","01771 07:09:40",207.97,908.84,,,,"     ",5.30,21.13,6.40
1771,554693187,"01771M07:21:51.904","01771 07:09:41",207.96,908.88,,,,"     ",5.30,21.13,6.40
1771,554693188,"01771M07:21:52.877","01771 07:09:41",207.97,908.82,,,,"     ",5.30,21.11,6.39
1771,554693189,"01771M07:21:53.850","01771 07:09:42",207.99,908.87,,,,"     ",5.30,21.09,6.38
1771,554693190,"01771M07:21:54.823","01771 07:09:43",208.02,908.90,,,,"     ",5.30,21.16,6.40
1771,554693191,"01771M07:21:55.797","01771 07:09:44",208.05,908.84,,,,"     ",5.30,21.29,6.43
1771,554693192,"01771M07:21:56.770","01771 07:09:45",208.10,908.84,,,,"     ",5.30,21.28,6.42
1771,554693193,"01771M07:21:57.743","01771 07:09:46",208.15,908.89,,,,"     ",5.30,21.24,6.41
1771,554693194,"01771M07:21:58.717","01771 07:09:47",208.20,908.84,,,,"     ",5.30,21.14,6.37
1771,554693195,"01771M07:21:59.690","01771 07:09:48",208.23,908.88,,,,"     ",5.30,21.39,6.44
1771,554693196,"01771M07:22:00.663","01771 07:09:49",208.25,908.90,,,,"     ",5.30,21.20,6.38
1771,554693197,"01771M07:22:01.636","01771 07:09:50",208.26,908.92,,,,"     ",5.30,21.20,6.37
1771,554693198,"01771M07:22:02.610","01771 07:09:51",208.26,908.85,,,,"     ",5.30,21.29,6.40
1771,554693199,"01771M07:22:03.583","01771 07:09:52",208.25,908.89,,,,"     ",5.30,21.28,6.39
1771,554693200,"01771M07:22:04.556","01771 07:09:53",208.21,908.88,,,,"     ",5.30,21.25,6.37
1771,554693201,"01771M07:22:05.529","01771 07:09:54",208.18,908.88,,,,"     ",5.30,21.40,6.42
1771,554693202,"01771M07:22:06.503","01771 07:09:55",208.16,908.90,,,,"     ",5.30,21.24,6.37
1771,554693203,"01771M07:22:07.476","01771 07:09:56",208.16,908.80,,,,"     ",5.30,21.26,6.36
1771,554693204,"01771M07:22:08.449","01771 07:09:57",208.17,908.84,,,,"     ",5.30,21.31,6.37
1771,554693205,"01771M07:22:09.422","01771 07:09:58",208.17,908.76,,,,"     ",5.30,21.23,6.34
1771,554693206,"01771M07:22:10.396","01771 07:09:59",208.17,908.86,,,,"     ",5.30,21.34,6.37
1771,554693207,"01771M07:22:11.369","01771 07:10:00",208.14,908.82,,,,"     ",5.30,21.45,6.40
1771,554693208,"01771M07:22:12.342","01771 07:10:01",208.13,908.76,,,,"     ",5.30,21.48,6.41
1771,554693209,"01771M07:22:13.315","01771 07:10:02",208.13,908.74,,,,"     ",5.30,21.37,6.37
1771,554693210,"01771M07:22:14.289","01771 07:10:03",208.15,908.79,,,,"     ",5.30,21.53,6.41
1771,554693211,"01771M07:22:15.262","01771 07:10:04",208.20,908.84,,,,"     ",5.30,21.28,6.33
1771,554693212,"01771M07:22:16.235","01771 07:10:05",208.25,908.83,,,,"     ",5.30,21.47,6.39
1771,554693213,"01771M07:22:17.208","01771 07:10:06",208.31,908.85,,,,"     ",5.30,21.48,6.38
1771,554693214,"01771M07:22:18.182","01771 07:10:07",208.36,908.96,,,,"     ",5.30,21.41,6.36
1771,554693215,"01771M07:22:19.155","01771 07:10:08",208.41,908.88,,,,"     ",5.30,21.34,6.33
1771,554693216,"01771M07:22:20.128","01771 07:10:09",208.46,908.85,,,,"     ",5.30,21.55,6.39
1771,554693217,"01771M07:22:21.101","01771 07:10:10",208.51,908.93,,,,"     ",5.30,21.43,6.35
1771,554693218,"01771M07:22:22.075","01771 07:10:11",208.57,908.93,,,,"     ",5.30,21.49,6.36
1771,554693219,"01771M07:22:23.048","01771 07:10:12",208.62,908.94,,,,"     ",5.30,21.55,6.38
1771,554693220,"01771M07:22:24.021","01771 07:10:13",208.64,908.93,,,,"     ",5.30,21.51,6.36
1771,554693221,"01771M07:22:24.994","01771 07:10:14",208.65,908.82,,,,"     ",5.30,21.55,6.37
1771,554693222,"01771M07:22:25.968","01771 07:10:15",208.64,908.89,,,,"     ",5.30,21.65,6.39
1771,554693223,"01771M07:22:26.941","01771 07:10:16",208.64,908.92,,,,"     ",5.30,21.53,6.35
1771,554693224,"01771M07:22:27.914","01771 07:10:17",208.64,908.93,,,,"     ",5.30,21.45,6.32
1771,554693225,"01771M07:22:28.887","01771 07:10:17",208.64,908.91,,,,"     ",5.30,21.64,6.37
1771,554693226,"01771M07:22:29.861","01771 07:10:18",208.66,908.91,,,,"     ",5.30,21.50,6.33
1771,554693227,"01771M07:22:30.834","01771 07:10:19",208.69,908.85,,,,"     ",5.30,21.46,6.31
1771,554693228,"01771M07:22:31.807","01771 07:10:20",208.72,908.84,,,,"     ",5.30,21.55,6.33
1771,554693229,"01771M07:22:32.780","01771 07:10:21",208.75,908.92,,,,"     ",5.30,21.56,6.33
1771,554693230,"01771M07:22:33.754","01771 07:10:22",208.77,908.88,,,,"     ",5.30,21.61,6.34
1771,554693231,"01771M07:22:34.727","01771 07:10:23",208.75,908.94,,,,"     ",5.30,21.59,6.33
1771,554693232,"01771M07:22:35.700","01771 07:10:24",208.70,908.92,,,,"     ",5.30,21.60,6.33
1771,554693233,"01771M07:22:36.673","01771 07:10:25",208.63,908.99,,,,"     ",5.30,21.56,6.31
1771,554693234,"01771M07:22:37.647","01771 07:10:26",208.56,908.86,,,,"     ",5.30,21.58,6.31
1771,554693235,"01771M07:22:38.620","01771 07:10:27",208.51,908.90,,,,"     ",5.30,21.74,6.36
1771,554693236,"01771M07:22:39.593","01771 07:10:28",208.46,908.87,,,,"     ",5.30,21.70,6.34
1771,554693237,"01771M07:22:40.566","01771 07:10:29",208.41,908.95,,,,"     ",5.30,21.70,6.34
1771,554693238,"01771M07:22:41.540","01771 07:10:30",208.37,908.95,,,,"     ",5.30,21.65,6.32
1771,554693239,"01771M07:22:42.513","01771 07:10:31",208.33,908.95,,,,"     ",5.30,21.72,6.33
1771,554693240,"01771M07:22:43.486","01771 07:10:32",208.31,909.00,,,,"     ",5.30,21.65,6.31
1771,554693241,"01771M07:22:44.459","01771 07:10:33",208.32,908.96,,,,"     ",5.30,21.80,6.35
1771,554693242,"01771M07:22:45.433","01771 07:10:34",208.35,909.00,,,,"     ",5.30,21.79,6.34
1771,554693243,"01771M07:22:46.406","01771 07:10:35",208.40,908.90,,,,"     ",5.30,21.74,6.32
1771,554693244,"01771M07:22:47.379","01771 07:10:36",208.46,908.89,,,,"     ",5.30,21.83,6.35
1771,554693245,"01771M07:22:48.352","01771 07:10:37",208.53,908.84,,,,"     ",5.30,21.75,6.31
1771,554693246,"01771M07:22:49.326","01771 07:10:38",208.60,908.84,,,,"     ",5.30,21.88,6.35
1771,554693247,"01771M07:22:50.299","01771 07:10:39",208.67,908.87,,,,"     ",5.30,21.78,6.31
1771,554693248,"01771M07:22:51.272","01771 07:10:40",208.72,908.97,,,,"     ",5.30,21.82,6.33
1771,554693249,"01771M07:22:52.245","01771 07:10:41",208.76,908.98,,,,"     ",5.30,21.68,6.28
1771,554693250,"01771M07:22:53.219","01771 07:10:42",208.79,908.96,,,,"     ",5.30,21.79,6.31
1771,554693251,"01771M07:22:54.192","01771 07:10:43",208.81,908.97,,,,"     ",5.30,21.89,6.33
1771,554693252,"01771M07:22:55.165","01771 07:10:44",208.83,908.90,,,,"     ",5.30,21.86,6.32
1771,554693253,"01771M07:22:56.138","01771 07:10:45",208.84,908.89,,,,"     ",5.30,21.91,6.33
1771,554693254,"01771M07:22:57.112","01771 07:10:46",208.84,908.92,,,,"     ",5.30,21.79,6.29
1771,554693255,"01771M07:22:58.085","01771 07:10:47",208.85,908.87,,,,"     ",5.30,21.74,6.27
1771,554693256,"01771M07:22:59.058","01771 07:10:48",208.85,908.94,,,,"     ",5.30,21.94,6.33
1771,554693257,"01771M07:23:00.031","01771 07:10:49",208.85,908.89,,,,"     ",5.30,21.86,6.30
1771,554693258,"01771M07:23:01.005","01771 07:10:50",208.84,908.96,,,,"     ",5.30,21.88,6.30
1771,554693259,"01771M07:23:01.978","01771 07:10:51",208.83,908.97,,,,"     ",5.30,21.86,6.29
1771,554693260,"01771M07:23:02.951","01771 07:10:52",208.83,908.95,,,,"     ",5.30,21.97,6.32
1771,554693261,"01771M07:23:03.924","01771 07:10:53",208.82,908.99,,,,"     ",5.30,21.97,6.32
1771,554693262,"01771M07:23:04.898","01771 07:10:54",208.79,908.94,,,,"     ",5.30,21.91,6.29
1771,554693263,"01771M07:23:05.871","01771 07:10:54",208.77,908.98,,,,"     ",5.30,21.88,6.28
1771,554693264,"01771M07:23:06.844","01771 07:10:55",208.75,908.90,,,,"     ",5.30,21.88,6.28
1771,554693265,"01771M07:23:07.817","01771 07:10:56",208.74,908.90,,,,"     ",5.30,21.99,6.30
1771,554693266,"01771M07:23:08.791","01771 07:10:57",208.75,908.88,,,,"     ",5.30,21.85,6.26
1771,554693267,"01771M07:23:09.764","01771 07:10:58",208.75,908.97,,,,"     ",5.30,22.01,6.30
1771,554693268,"01771M07:23:10.737","01771 07:10:59",208.73,908.90,,,,"     ",5.30,21.94,6.28
1771,554693269,"01771M07:23:11.711","01771 07:11:00",208.67,908.94,,,,"     ",5.30,21.98,6.29
1771,554693270,"01771M07:23:12.684","01771 07:11:01",208.60,908.93,,,,"     ",5.30,22.08,6.31
1771,554693271,"01771M07:23:13.657","01771 07:11:02",208.52,908.87,,,,"     ",5.30,21.90,6.26
1771,554693272,"01771M07:23:14.630","01771 07:11:03",208.45,908.93,,,,"     ",5.30,21.93,6.26
1771,554693273,"01771M07:23:15.604","01771 07:11:04",208.39,908.96,,,,"     ",5.30,21.96,6.26
1771,554693274,"01771M07:23:16.577","01771 07:11:05",208.34,908.96,,,,"     ",5.30,22.11,6.31
1771,554693275,"01771M07:23:17.550","01771 07:11:06",208.30,908.93,,,,"     ",5.30,22.00,6.27
1771,554693276,"01771M07:23:18.523","01771 07:11:07",208.26,908.96,,,,"     ",5.30,22.01,6.27
1771,554693277,"01771M07:23:19.497","01771 07:11:08",208.22,908.96,,,,"     ",5.30,22.04,6.27
1771,554693278,"01771M07:23:20.470","01771 07:11:09",208.18,908.98,,,,"     ",5.30,22.00,6.26
1771,554693279,"01771M07:23:21.443","01771 07:11:10",208.15,908.98,,,,"     ",5.30,22.04,6.27
1771,554693280,"01771M07:23:22.416","01771 07:11:11",208.12,909.04,,,,"     ",5.30,22.04,6.27
1771,554693281,"01771M07:23:23.390","01771 07:11:12",208.12,909.05,,,,"     ",5.30,22.07,6.27
1771,554693282,"01771M07:23:24.363","01771 07:11:13",208.13,909.05,,,,"     ",5.30,21.94,6.23
1771,554693283,"01771M07:23:25.336","01771 07:11:14",208.16,908.98,,,,"     ",5.30,22.14,6.28
1771,554693284,"01771M07:23:26.309","01771 07:11:15",208.21,908.97,,,,"     ",5.30,22.08,6.26
1771,554693285,"01771M07:23:27.283","01771 07:11:16",208.26,908.94,,,,"     ",5.30,22.00,6.23
1771,554693286,"01771M07:23:28.256","01771 07:11:17",208.28,909.02,,,,"     ",5.30,22.12,6.27
1771,554693287,"01771M07:23:29.229","01771 07:11:18",208.27,909.05,,,,"     ",5.30,22.03,6.24
1771,554693288,"01771M07:23:30.202","01771 07:11:19",208.22,909.02,,,,"     ",5.30,22.06,6.24
1771,554693289,"01771M07:23:31.176","01771 07:11:20",208.14,908.94,,,,"     ",5.30,22.14,6.26
1771,554693290,"01771M07:23:32.149","01771 07:11:21",208.05,909.00,,,,"     ",5.30,22.02,6.22
1771,554693291,"01771M07:23:33.122","01771 07:11:22",207.96,909.02,,,,"     ",5.30,22.12,6.25
1771,554693292,"01771M07:23:34.095","01771 07:11:23",207.88,908.98,,,,"     ",5.30,22.12,6.24
1771,554693293,"01771M07:23:35.069","01771 07:11:24",207.80,909.04,,,,"     ",5.30,22.00,6.20
1771,554693294,"01771M07:23:36.042","01771 07:11:25",207.72,908.95,,,,"     ",5.30,22.18,6.25
1771,554693295,"01771M07:23:37.015","01771 07:11:26",207.67,909.00,,,,"     ",5.30,22.09,6.22
1771,554693296,"01771M07:23:37.988","01771 07:11:27",207.64,909.09,,,,"     ",5.30,22.27,6.27
1771,554693297,"01771M07:23:38.962","01771 07:11:28",207.65,909.07,,,,"     ",5.30,22.17,6.24
1771,554693298,"01771M07:23:39.935","01771 07:11:29",207.71,908.95,,,,"     ",5.30,22.18,6.24
1771,554693299,"01771M07:23:40.908","01771 07:11:30",207.78,909.00,,,,"     ",5.30,22.14,6.22
1771,554693300,"01771M07:23:41.881","01771 07:11:31",207.85,909.01,,,,"     ",5.30,22.20,6.24
1771,554693301,"01771M07:23:42.855","01771 07:11:31",207.90,909.08,,,,"     ",5.30,22.03,6.18
1771,554693302,"01771M07:23:43.828","01771 07:11:32",207.95,909.07,,,,"     ",5.30,22.31,6.26
1771,554693303,"01771M07:23:44.801","01771 07:11:33",208.00,909.06,,,,"     ",5.30,22.23,6.23
1771,554693304,"01771M07:23:45.774","01771 07:11:34",208.05,909.03,,,,"     ",5.30,22.25,6.23
1771,554693305,"01771M07:23:46.748","01771 07:11:35",208.09,909.09,,,,"     ",5.30,22.10,6.19
1771,554693306,"01771M07:23:47.721","01771 07:11:36",208.11,909.07,,,,"     ",5.30,22.34,6.25
1771,554693307,"01771M07:23:48.694","01771 07:11:37",208.11,909.02,,,,"     ",5.30,22.19,6.21
1771,554693308,"01771M07:23:49.667","01771 07:11:38",208.10,909.06,,,,"     ",5.30,22.22,6.21
1771,554693309,"01771M07:23:50.641","01771 07:11:39",208.08,908.99,,,,"     ",5.30,22.15,6.19
1771,554693310,"01771M07:23:51.614","01771 07:11:40",208.06,909.02,,,,"     ",5.30,22.23,6.21
1771,554693311,"01771M07:23:52.587","01771 07:11:41",208.03,909.02,,,,"     ",5.30,22.30,6.22
1771,554693312,"01771M07:23:53.560","01771 07:11:42",208.00,909.05,,,,"     ",5.30,22.27,6.21
1771,554693313,"01771M07:23:54.534","01771 07:11:43",207.98,909.14,,,,"     ",5.30,22.36,6.23
1771,554693314,"01771M07:23:55.507","01771 07:11:44",207.97,909.04,,,,"     ",5.30,22.39,6.24
1771,554693315,"01771M07:23:56.480","01771 07:11:45",207.99,909.01,,,,"     ",5.30,22.31,6.21
1771,554693316,"01771M07:23:57.453","01771 07:11:46",208.02,908.97,,,,"     ",5.30,22.29,6.20
1771,554693317,"01771M07:23:58.427","01771 07:11:47",208.04,908.95,,,,"     ",5.30,22.47,6.25
1771,554693318,"01771M07:23:59.400","01771 07:11:48",208.05,909.04,,,,"     ",5.30,22.36,6.21
1771,554693319,"01771M07:24:00.373","01771 07:11:49",208.05,909.06,,,,"     ",5.30,22.40,6.22
1771,554693320,"01771M07:24:01.346","01771 07:11:50",208.06,909.00,,,,"     ",5.30,22.38,6.21
1771,554693321,"01771M07:24:02.320","01771 07:11:51",208.06,909.05,,,,"     ",5.30,22.53,6.25
1771,554693322,"01771M07:24:03.293","01771 07:11:52",208.05,909.03,,,,"     ",5.30,22.51,6.24
1771,554693323,"01771M07:24:04.266","01771 07:11:53",208.05,909.06,,,,"     ",5.30,22.48,6.23
1771,554693324,"01771M07:24:05.239","01771 07:11:54",208.05,909.04,,,,"     ",5.30,22.47,6.22
1771,554693325,"01771M07:24:06.213","01771 07:11:55",208.03,909.02,,,,"     ",5.30,22.49,6.22
1771,554693326,"01771M07:24:07.186","01771 07:11:56",208.00,908.99,,,,"     ",5.30,22.57,6.24
1771,554693327,"01771M07:24:08.159","01771 07:11:57",207.96,909.04,,,,"     ",5.30,22.54,6.23
1771,554693328,"01771M07:24:09.132","01771 07:11:58",207.92,909.05,,,,"     ",5.30,22.52,6.22
1771,554693329,"01771M07:24:10.106","01771 07:11:59",207.90,909.07,,,,"     ",5.30,22.57,6.23
1771,554693330,"01771M07:24:11.079","01771 07:12:00",207.89,909.11,,,,"     ",5.30,22.56,6.22
1771,554693331,"01771M07:24:12.052","01771 07:12:01",207.87,909.07,,,,"     ",5.30,22.50,6.20
1771,554693332,"01771M07:24:13.025","01771 07:12:02",207.84,909.10,,,,"     ",5.30,22.60,6.23
1771,554693333,"01771M07:24:13.999","01771 07:12:03",207.81,909.11,,,,"     ",5.30,22.57,6.22
1771,554693334,"01771M07:24:14.972","01771 07:12:04",207.80,909.17,,,,"     ",5.30,22.57,6.21
1771,554693335,"01771M07:24:15.945","01771 07:12:05",207.80,909.01,,,,"     ",5.30,22.56,6.20
1771,554693336,"01771M07:24:16.918","01771 07:12:06",207.82,908.97,,,,"     ",5.30,22.51,6.19
1771,554693337,"01771M07:24:17.892","01771 07:12:07",207.83,909.03,,,,"     ",5.30,22.55,6.19
1771,554693338,"01771M07:24:18.865","01771 07:12:07",207.85,909.09,,,,"     ",5.30,22.63,6.21
1771,554693339,"01771M07:24:19.838","01771 07:12:08",207.88,909.11,,,,"     ",5.30,22.60,6.20
1771,554693340,"01771M07:24:20.812","01771 07:12:09",207.90,909.05,,,,"     ",5.30,22.63,6.20
1771,554693341,"01771M07:24:21.785","01771 07:12:10",207.91,909.04,,,,"     ",5.30,22.68,6.21
1771,554693342,"01771M07:24:22.758","01771 07:12:11",207.90,909.09,,,,"     ",5.30,22.62,6.19
1771,554693343,"01771M07:24:23.731","01771 07:12:12",207.88,909.05,,,,"     ",5.30,22.57,6.18
1771,554693344,"01771M07:24:24.705","01771 07:12:13",207.87,909.10,,,,"     ",5.30,22.67,6.20
1771,554693345,"01771M07:24:25.678","01771 07:12:14",207.88,909.09,,,,"     ",5.30,22.78,6.23
1771,554693346,"01771M07:24:26.651","01771 07:12:15",207.91,909.09,,,,"     ",5.30,22.64,6.18
1771,554693347,"01771M07:24:27.624","01771 07:12:16",207.95,909.09,,,,"     ",5.30,22.76,6.21
1771,554693348,"01771M07:24:28.598","01771 07:12:17",208.00,909.05,,,,"     ",5.30,22.71,6.19
1771,554693349,"01771M07:24:29.571","01771 07:12:18",208.06,909.05,,,,"     ",5.30,22.72,6.20
1771,554693350,"01771M07:24:30.544","01771 07:12:19",208.13,909.03,,,,"     ",5.30,22.62,6.16
1771,554693351,"01771M07:24:31.517","01771 07:12:20",208.18,909.12,,,,"     ",5.30,22.73,6.19
1771,554693352,"01771M07:24:32.491","01771 07:12:21",208.22,909.12,,,,"     ",5.30,22.67,6.17
1771,554693353,"01771M07:24:33.464","01771 07:12:22",208.25,909.17,,,,"     ",5.30,22.78,6.20
1771,554693354,"01771M07:24:34.437","01771 07:12:23",208.28,909.07,,,,"     ",5.30,22.73,6.18
1771,554693355,"01771M07:24:35.410","01771 07:12:24",208.31,909.16,,,,"     ",5.30,22.76,6.18
1771,554693356,"01771M07:24:36.384","01771 07:12:25",208.31,909.12,,,,"     ",5.30,22.81,6.20
1771,554693357,"01771M07:24:37.357","01771 07:12:26",208.30,909.13,,,,"     ",5.30,22.76,6.18
1771,554693358,"01771M07:24:38.330","01771 07:12:27",208.24,909.11,,,,"     ",5.30,22.79,6.18
1771,554693359,"01771M07:24:39.303","01771 07:12:28",208.16,909.12,,,,"     ",5.30,22.68,6.15
1771,554693360,"01771M07:24:40.277","01771 07:12:29",208.05,909.03,,,,"     ",5.30,22.79,6.17
1771,554693361,"01771M07:24:41.250","01771 07:12:30",207.93,909.05,,,,"     ",5.30,22.86,6.19
1771,554693362,"01771M07:24:42.223","01771 07:12:31",207.80,909.04,,,,"     ",5.30,22.87,6.19
1771,554693363,"01771M07:24:43.196","01771 07:12:32",207.68,909.04,,,,"     ",5.30,22.80,6.17
1771,554693364,"01771M07:24:44.170","01771 07:12:33",207.58,909.05,,,,"     ",5.30,22.85,6.18
1771,554693365,"01771M07:24:45.143","01771 07:12:34",207.52,909.10,,,,"     ",5.30,22.86,6.18
1771,554693366,"01771M07:24:46.116","01771 07:12:35",207.51,909.11,,,,"     ",5.30,22.94,6.19
1771,554693367,"01771M07:24:47.089","01771 07:12:36",207.54,909.07,,,,"     ",5.30,22.82,6.16
1771,554693368,"01771M07:24:48.063","01771 07:12:37",207.58,909.07,,,,"     ",5.30,22.88,6.17
1771,554693369,"01771M07:24:49.036","01771 07:12:38",207.60,909.04,,,,"     ",5.30,22.94,6.18
1771,554693370,"01771M07:24:50.009","01771 07:12:39",207.60,909.09,,,,"     ",5.30,22.80,6.14
1771,554693371,"01771M07:24:50.982","01771 07:12:40",207.56,909.11,,,,"     ",5.30,22.84,6.15
1771,554693372,"01771M07:24:51.956","01771 07:12:41",207.49,909.11,,,,"     ",5.30,22.96,6.18
1771,554693373,"01771M07:24:52.929","01771 07:12:42",207.40,909.14,,,,"     ",5.30,22.99,6.18
1771,554693374,"01771M07:24:53.902","01771 07:12:43",207.32,909.06,,,,"     ",5.30,22.91,6.16
1771,554693375,"01771M07:24:54.875","01771 07:12:44",207.27,909.16,,,,"     ",5.30,22.97,6.17
1771,554693376,"01771M07:24:55.849","01771 07:12:44",207.23,909.08,,,,"     ",5.30,23.02,6.18
1771,554693377,"01771M07:24:56.822","01771 07:12:45",207.22,909.18,,,,"     ",5.30,22.97,6.17
1771,554693378,"01771M07:24:57.795","01771 07:12:46",207.21,909.14,,,,"     ",5.30,22.86,6.13
1771,554693379,"01771M07:24:58.768","01771 07:12:47",207.20,909.18,,,,"     ",5.30,22.87,6.13
1771,554693380,"01771M07:24:59.742","01771 07:12:48",207.20,909.21,,,,"     ",5.30,23.00,6.16
1771,554693381,"01771M07:25:00.715","01771 07:12:49",207.22,909.11,,,,"     ",5.30,23.01,6.16
1771,554693382,"01771M07:25:01.688","01771 07:12:50",207.25,909.18,,,,"     ",5.30,22.97,6.15
1771,554693383,"01771M07:25:02.661","01771 07:12:51",207.30,909.14,,,,"     ",5.30,23.03,6.16
1771,554693384,"01771M07:25:03.635","01771 07:12:52",207.36,909.11,,,,"     ",5.30,23.04,6.16
1771,554693385,"01771M07:25:04.608","01771 07:12:53",207.41,909.14,,,,"     ",5.30,23.11,6.18
1771,554693386,"01771M07:25:05.581","01771 07:12:54",207.44,909.18,,,,"     ",5.30,22.99,6.14
1771,554693387,"01771M07:25:06.554","01771 07:12:55",207.45,909.13,,,,"     ",5.30,23.03,6.15
1771,554693388,"01771M07:25:07.528","01771 07:12:56",207.43,909.11,,,,"     ",5.30,22.97,6.13
1771,554693389,"01771M07:25:08.501","01771 07:12:57",207.38,909.07,,,,"     ",5.30,23.04,6.14
1771,554693390,"01771M07:25:09.474","01771 07:12:58",207.31,909.09,,,,"     ",5.30,23.07,6.15
1771,554693391,"01771M07:25:10.447","01771 07:12:59",207.23,909.00,,,,"     ",5.30,23.09,6.15
1771,554693392,"01771M07:25:11.421","01771 07:13:00",207.16,909.07,,,,"     ",5.30,23.17,6.17
1771,554693393,"01771M07:25:12.394","01771 07:13:01",207.11,909.03,,,,"     ",5.30,23.16,6.16
1771,554693394,"01771M07:25:13.367","01771 07:13:02",207.08,909.06,,,,"     ",5.30,23.23,6.18
1771,554693395,"01771M07:25:14.340","01771 07:13:03",207.06,909.13,,,,"     ",5.30,23.19,6.16
1771,554693396,"01771M07:25:15.314","01771 07:13:04",207.04,909.18,,,,"     ",5.30,23.24,6.17
1771,554693397,"01771M07:25:16.287","01771 07:13:05",207.02,909.20,,,,"     ",5.30,23.35,6.20
1771,554693398,"01771M07:25:17.260","01771 07:13:06",206.98,909.14,,,,"     ",5.30,23.28,6.18
1771,554693399,"01771M07:25:18.233","01771 07:13:07",206.95,909.18,,,,"     ",5.30,23.44,6.22
1771,554693400,"01771M07:25:19.207","01771 07:13:08",206.93,909.21,,,,"     ",5.30,23.29,6.18
1771,554693401,"01771M07:25:20.180","01771 07:13:09",206.92,909.21,,,,"     ",5.30,23.40,6.20
1771,554693402,"01771M07:25:21.153","01771 07:13:10",206.93,909.15,,,,"     ",5.30,23.20,6.14
1771,554693403,"01771M07:25:22.126","01771 07:13:11",206.94,909.15,,,,"     ",5.30,23.40,6.19
1771,554693404,"01771M07:25:23.100","01771 07:13:12",206.96,909.17,,,,"     ",5.30,23.36,6.18
1771,554693405,"01771M07:25:24.073","01771 07:13:13",206.99,909.12,,,,"     ",5.30,23.41,6.19
1771,554693406,"01771M07:25:25.046","01771 07:13:14",207.02,909.19,,,,"     ",5.30,23.24,6.14
1771,554693407,"01771M07:25:26.019","01771 07:13:15",207.05,909.19,,,,"     ",5.30,23.50,6.21
1771,554693408,"01771M07:25:26.993","01771 07:13:16",207.06,909.19,,,,"     ",5.30,23.40,6.18
1771,554693409,"01771M07:25:27.966","01771 07:13:17",207.06,909.08,,,,"     ",5.30,23.31,6.15
1771,554693410,"01771M07:25:28.939","01771 07:13:18",207.03,909.10,,,,"     ",5.30,23.33,6.15
1771,554693411,"01771M07:25:29.913","01771 07:13:19",207.00,909.13,,,,"     ",5.30,23.45,6.18
1771,554693412,"01771M07:25:30.886","01771 07:13:20",206.95,909.19,,,,"     ",5.30,23.45,6.17
1771,554693413,"01771M07:25:31.859","01771 07:13:21",206.91,909.12,,,,"     ",5.30,23.38,6.15
1771,554693414,"01771M07:25:32.832","01771 07:13:21",206.87,909.19,,,,"     ",5.30,23.49,6.18
1771,554693415,"01771M07:25:33.806","01771 07:13:22",206.84,909.16,,,,"     ",5.30,23.50,6.18
1771,554693416,"01771M07:25:34.779","01771 07:13:23",206.82,909.13,,,,"     ",5.30,23.49,6.17
1771,554693417,"01771M07:25:35.752","01771 07:13:24",206.80,909.19,,,,"     ",5.30,23.43,6.15
1771,554693418,"01771M07:25:36.725","01771 07:13:25",206.76,909.11,,,,"     ",5.30,23.64,6.20
1771,554693419,"01771M07:25:37.699","01771 07:13:26",206.72,909.16,,,,"     ",5.30,23.62,6.20
1771,554693420,"01771M07:25:38.672","01771 07:13:27",206.68,909.16,,,,"     ",5.30,23.50,6.16
1771,554693421,"01771M07:25:39.645","01771 07:13:28",206.63,909.18,,,,"     ",5.30,23.42,6.14
1771,554693422,"01771M07:25:40.618","01771 07:13:29",206.59,909.25,,,,"     ",5.30,23.55,6.17
1771,554693423,"01771M07:25:41.592","01771 07:13:30",206.57,909.21,,,,"     ",5.30,23.50,6.15
1771,554693424,"01771M07:25:42.565","01771 07:13:31",206.57,909.20,,,,"     ",5.30,23.67,6.19
1771,554693425,"01771M07:25:43.538","01771 07:13:32",206.59,909.21,,,,"     ",5.30,23.63,6.18
1771,554693426,"01771M07:25:44.511","01771 07:13:33",206.62,909.17,,,,"     ",5.30,23.51,6.14
1771,554693427,"01771M07:25:45.485","01771 07:13:34",206.65,909.15,,,,"     ",5.30,23.60,6.16
1771,554693428,"01771M07:25:46.458","01771 07:13:35",206.68,909.21,,,,"     ",5.30,23.49,6.13
1771,554693429,"01771M07:25:47.431","01771 07:13:36",206.71,909.26,,,,"     ",5.30,23.68,6.18
1771,554693430,"01771M07:25:48.404","01771 07:13:37",206.75,909.24,,,,"     ",5.30,23.58,6.15
1771,554693431,"01771M07:25:49.378","01771 07:13:38",206.80,909.22,,,,"     ",5.30,23.56,6.14
1771,554693432,"01771M07:25:50.351","01771 07:13:39",206.84,909.22,,,,"     ",5.30,23.71,6.18
1771,554693433,"01771M07:25:51.324","01771 07:13:40",206.88,909.22,,,,"     ",5.30,23.65,6.16
1771,554693434,"01771M07:25:52.297","01771 07:13:41",206.91,909.16,,,,"     ",5.30,23.68,6.16
1771,554693435,"01771M07:25:53.271","01771 07:13:42",206.92,909.18,,,,"     ",5.30,23.63,6.15
1771,554693436,"01771M07:25:54.244","01771 07:13:43",206.91,909.14,,,,"     ",5.30,23.86,6.20
1771,554693437,"01771M07:25:55.217","01771 07:13:44",206.87,909.18,,,,"     ",5.30,23.79,6.18
1771,554693438,"01771M07:25:56.190","01771 07:13:45",206.78,909.21,,,,"     ",5.30,23.75,6.17
1771,554693439,"01771M07:25:57.164","01771 07:13:46",206.66,909.16,,,,"     ",5.30,23.61,6.12
1771,554693440,"01771M07:25:58.137","01771 07:13:47",206.55,909.26,,,,"     ",5.30,23.88,6.20
1771,554693441,"01771M07:25:59.110","01771 07:13:48",206.46,909.30,,,,"     ",5.30,23.79,6.17
1771,554693442,"01771M07:26:00.083","01771 07:13:49",206.38,909.25,,,,"     ",5.30,23.80,6.17
1771,554693443,"01771M07:26:01.057","01771 07:13:50",206.31,909.31,,,,"     ",5.30,23.88,6.19
1771,554693444,"01771M07:26:02.030","01771 07:13:51",206.25,909.29,,,,"     ",5.30,23.80,6.16
1771,554693445,"01771M07:26:03.003","01771 07:13:52",206.20,909.24,,,,"     ",5.30,23.69,6.13
1771,554693446,"01771M07:26:03.976","01771 07:13:53",206.15,909.29,,,,"     ",5.30,23.82,6.16
1771,554693447,"01771M07:26:04.950","01771 07:13:54",206.11,909.22,,,,"     ",5.30,23.84,6.16
1771,554693448,"01771M07:26:05.923","01771 07:13:55",206.08,909.20,,,,"     ",5.30,23.79,6.14
1771,554693449,"01771M07:26:06.896","01771 07:13:56",206.06,909.13,,,,"     ",5.30,23.82,6.15
1771,554693450,"01771M07:26:07.869","01771 07:13:57",206.04,909.20,,,,"     ",5.30,23.75,6.13
1771,554693451,"01771M07:26:08.843","01771 07:13:58",206.04,909.23,,,,"     ",5.30,23.86,6.16
1771,554693452,"01771M07:26:09.816","01771 07:13:58",206.05,909.20,,,,"     ",5.30,23.87,6.15
1771,554693453,"01771M07:26:10.789","01771 07:13:59",205.81,909.19,,,,"     ",5.30,23.77,6.12
1771,554693454,"01771M07:26:11.762","01771 07:14:00",205.86,909.18,,,,"     ",5.30,23.84,6.14
1771,554693455,"01771M07:26:12.736","01771 07:14:01",205.90,909.16,,,,"     ",5.30,23.91,6.16
1771,554693456,"01771M07:26:13.709","01771 07:14:02",205.94,909.17,,,,"     ",5.30,23.92,6.16
1771,554693457,"01771M07:26:14.682","01771 07:14:03",205.98,909.19,,,,"     ",5.30,23.97,6.17
1771,554693458,"01771M07:26:15.655","01771 07:14:04",206.01,909.18,,,,"     ",5.30,23.85,6.13
1771,554693459,"01771M07:26:16.629","01771 07:14:05",206.04,909.16,,,,"     ",5.30,23.94,6.15
1771,554693460,"01771M07:26:17.602","01771 07:14:06",206.07,909.11,,,,"     ",5.30,23.78,6.11
1771,554693461,"01771M07:26:18.575","01771 07:14:07",206.10,909.22,,,,"     ",5.30,23.89,6.13
1771,554693462,"01771M07:26:19.548","01771 07:14:08",206.13,909.17,,,,"     ",5.30,23.89,6.13
1771,554693463,"01771M07:26:20.522","01771 07:14:09",206.15,909.18,,,,"     ",5.30,24.02,6.16
1771,554693464,"01771M07:26:21.495","01771 07:14:10",206.17,909.12,,,,"     ",5.30,23.85,6.11
1771,554693465,"01771M07:26:22.468","01771 07:14:11",206.19,909.28,,,,"     ",5.30,24.03,6.16
1771,554693466,"01771M07:26:23.441","01771 07:14:12",206.20,909.26,,,,"     ",5.30,23.95,6.13
1771,554693467,"01771M07:26:24.415","01771 07:14:13",206.21,909.20,,,,"     ",5.30,23.97,6.13
1771,554693468,"01771M07:26:25.388","01771 07:14:14",206.22,909.23,,,,"     ",5.30,23.81,6.09
1771,554693469,"01771M07:26:26.361","01771 07:14:15",206.22,909.24,,,,"     ",5.30,23.94,6.12
1771,554693470,"01771M07:26:27.334","01771 07:14:16",206.21,909.28,,,,"     ",5.30,24.03,6.14
1771,554693471,"01771M07:26:28.308","01771 07:14:17",206.20,909.25,,,,"     ",5.30,24.02,6.14
1771,554693472,"01771M07:26:29.281","01771 07:14:18",206.19,909.19,,,,"     ",5.30,23.93,6.11
1771,554693473,"01771M07:26:30.254","01771 07:14:19",206.20,909.20,,,,"     ",5.30,23.97,6.11
1771,554693474,"01771M07:26:31.227","01771 07:14:20",206.22,909.26,,,,"     ",5.30,24.10,6.15
1771,554693475,"01771M07:26:32.201","01771 07:14:21",206.24,909.22,,,,"     ",5.30,24.07,6.13
1771,554693476,"01771M07:26:33.174","01771 07:14:22",206.27,909.19,,,,"     ",5.30,24.23,6.17
1771,554693477,"01771M07:26:34.147","01771 07:14:23",206.30,909.24,,,,"     ",5.30,24.03,6.12
1771,554693478,"01771M07:26:35.120","01771 07:14:24",206.33,909.31,,,,"     ",5.30,24.12,6.14
1771,554693479,"01771M07:26:36.094","01771 07:14:25",206.35,909.18,,,,"     ",5.30,24.10,6.13
1771,554693480,"01771M07:26:37.067","01771 07:14:26",206.37,909.23,,,,"     ",5.30,23.90,6.07
1771,554693481,"01771M07:26:38.040","01771 07:14:27",206.37,909.27,,,,"     ",5.30,24.16,6.14
1771,554693482,"01771M07:26:39.014","01771 07:14:28",206.37,909.28,,,,"     ",5.30,24.08,6.11
1771,554693483,"01771M07:26:39.987","01771 07:14:29",206.36,909.32,,,,"     ",5.30,24.19,6.14
1771,554693484,"01771M07:26:40.960","01771 07:14:30",206.35,909.25,,,,"     ",5.30,24.04,6.10
1771,554693485,"01771M07:26:41.933","01771 07:14:31",206.34,909.18,,,,"     ",5.30,24.28,6.16
1771,554693486,"01771M07:26:42.907","01771 07:14:32",206.34,909.21,,,,"     ",5.30,24.25,6.15
1771,554693487,"01771M07:26:43.880","01771 07:14:33",206.33,909.27,,,,"     ",5.30,24.00,6.08
1771,554693488,"01771M07:26:44.853","01771 07:14:34",206.33,909.22,,,,"     ",5.30,24.27,6.15
1771,554693489,"01771M07:26:45.826","01771 07:14:34",206.33,909.26,,,,"     ",5.30,24.20,6.12
1771,554693490,"01771M07:26:46.800","01771 07:14:35",206.33,909.24,,,,"     ",5.30,24.21,6.12
1771,554693491,"01771M07:26:47.773","01771 07:14:36",206.34,909.18,,,,"     ",5.30,24.36,6.16
1771,554693492,"01771M07:26:48.746","01771 07:14:37",206.36,909.21,,,,"     ",5.30,24.15,6.10
1771,554693493,"01771M07:26:49.719","01771 07:14:38",206.36,909.23,,,,"     ",5.30,24.29,6.13
1771,554693494,"01771M07:26:50.693","01771 07:14:39",206.36,909.31,,,,"     ",5.30,24.34,6.14
1771,554693495,"01771M07:26:51.666","01771 07:14:40",206.35,909.24,,,,"     ",5.30,24.17,6.10
1771,554693496,"01771M07:26:52.639","01771 07:14:41",206.33,909.27,,,,"     ",5.30,24.28,6.12
1771,554693497,"01771M07:26:53.612","01771 07:14:42",206.30,909.28,,,,"     ",5.30,24.39,6.15
1771,554693498,"01771M07:26:54.586","01771 07:14:43",206.27,909.29,,,,"     ",5.30,24.23,6.10
1771,554693499,"01771M07:26:55.559","01771 07:14:44",206.24,909.31,,,,"     ",5.30,24.19,6.09
1771,554693500,"01771M07:26:56.532","01771 07:14:45",206.21,909.23,,,,"     ",5.30,24.25,6.10
1771,554693501,"01771M07:26:57.505","01771 07:14:46",206.19,909.27,,,,"     ",5.30,24.41,6.14
1771,554693502,"01771M07:26:58.479","01771 07:14:47",206.17,909.34,,,,"     ",5.30,24.29,6.10
1771,554693503,"01771M07:26:59.452","01771 07:14:48",206.15,909.29,,,,"     ",5.30,24.35,6.12
1771,554693504,"01771M07:27:00.425","01771 07:14:49",206.14,909.32,,,,"     ",5.30,24.39,6.12
1771,554693505,"01771M07:27:01.398","01771 07:14:50",206.14,909.31,,,,"     ",5.30,24.50,6.15
1771,554693506,"01771M07:27:02.372","01771 07:14:51",206.14,909.24,,,,"     ",5.30,24.33,6.10
1771,554693507,"01771M07:27:03.345","01771 07:14:52",206.14,909.22,,,,"     ",5.30,24.44,6.12
1771,554693508,"01771M07:27:04.318","01771 07:14:53",206.14,909.21,,,,"     ",5.30,24.48,6.13
1771,554693509,"01771M07:27:05.291","01771 07:14:54",206.14,909.26,,,,"     ",5.30,24.39,6.11
1771,554693510,"01771M07:27:06.265","01771 07:14:55",206.13,909.30,,,,"     ",5.30,24.31,6.08
1771,554693511,"01771M07:27:07.238","01771 07:14:56",206.11,909.33,,,,"     ",5.30,24.34,6.09
1771,554693512,"01771M07:27:08.211","01771 07:14:57",206.09,909.29,,,,"     ",5.30,24.34,6.08
1771,554693513,"01771M07:27:09.184","01771 07:14:58",206.08,909.27,,,,"     ",5.30,24.47,6.11
1771,554693514,"01771M07:27:10.158","01771 07:14:59",206.07,909.20,,,,"     ",5.30,24.59,6.14
1771,554693515,"01771M07:27:11.131","01771 07:15:00",206.07,909.26,,,,"     ",5.30,24.48,6.11
1771,554693516,"01771M07:27:12.104","01771 07:15:01",206.09,909.19,,,,"     ",5.30,24.44,6.09
1771,554693517,"01771M07:27:13.077","01771 07:15:02",206.12,909.36,,,,"     ",5.30,24.49,6.11
1771,554693518,"01771M07:27:14.051","01771 07:15:03",206.14,909.29,,,,"     ",5.30,24.43,6.09
1771,554693519,"01771M07:27:15.024","01771 07:15:04",206.16,909.31,,,,"     ",5.30,24.53,6.11
1771,554693520,"01771M07:27:15.997","01771 07:15:05",206.19,909.34,,,,"     ",5.30,24.36,6.06
1771,554693521,"01771M07:27:16.970","01771 07:15:06",206.20,909.29,,,,"     ",5.30,24.59,6.12
1771,554693522,"01771M07:27:17.944","01771 07:15:07",206.22,909.32,,,,"     ",5.30,24.54,6.10
1771,554693523,"01771M07:27:18.917","01771 07:15:08",206.22,909.34,,,,"     ",5.30,24.65,6.13
1771,554693524,"01771M07:27:19.890","01771 07:15:09",206.22,909.36,,,,"     ",5.30,24.55,6.10
1771,554693525,"01771M07:27:20.863","01771 07:15:10",206.22,909.41,,,,"     ",5.30,24.52,6.09
1771,554693526,"01771M07:27:21.837","01771 07:15:11",206.22,909.39,,,,"     ",5.30,24.61,6.10
1771,554693527,"01771M07:27:22.810","01771 07:15:11",206.23,909.23,,,,"     ",5.30,24.59,6.10
1771,554693528,"01771M07:27:23.783","01771 07:15:12",206.24,909.30,,,,"     ",5.30,24.55,6.09
1771,554693529,"01771M07:27:24.756","01771 07:15:13",206.26,909.32,,,,"     ",5.30,24.60,6.09
1771,554693530,"01771M07:27:25.730","01771 07:15:14",206.29,909.30,,,,"     ",5.30,24.55,6.08
1771,554693531,"01771M07:27:26.703","01771 07:15:15",206.33,909.32,,,,"     ",5.30,24.69,6.11
1771,554693532,"01771M07:27:27.676","01771 07:15:16",206.37,909.30,,,,"     ",5.30,24.62,6.09
1771,554693533,"01771M07:27:28.649","01771 07:15:17",206.42,909.39,,,,"     ",5.30,24.62,6.09
1771,554693534,"01771M07:27:29.623","01771 07:15:18",206.46,909.30,,,,"     ",5.30,24.44,6.04
1771,554693535,"01771M07:27:30.596","01771 07:15:19",206.49,909.35,,,,"     ",5.30,24.67,6.09
1771,554693536,"01771M07:27:31.569","01771 07:15:20",206.51,909.25,,,,"     ",5.30,24.52,6.05
1771,554693537,"01771M07:27:32.542","01771 07:15:21",206.52,909.30,,,,"     ",5.30,24.61,6.07
1771,554693538,"01771M07:27:33.516","01771 07:15:22",206.52,909.44,,,,"     ",5.30,24.42,6.02
1771,554693539,"01771M07:27:34.489","01771 07:15:23",206.52,909.30,,,,"     ",5.30,24.57,6.05
1771,554693540,"01771M07:27:35.462","01771 07:15:24",206.51,909.38,,,,"     ",5.30,24.53,6.04
1771,554693541,"01771M07:27:36.435","01771 07:15:25",206.50,909.40,,,,"     ",5.30,24.65,6.07
1771,554693542,"01771M07:27:37.409","01771 07:15:26",206.48,909.36,,,,"     ",5.30,24.57,6.04
1771,554693543,"01771M07:27:38.382","01771 07:15:27",206.47,909.34,,,,"     ",5.30,24.72,6.08
1771,554693544,"01771M07:27:39.355","01771 07:15:28",206.46,909.24,,,,"     ",5.30,24.60,6.04
1771,554693545,"01771M07:27:40.328","01771 07:15:29",206.45,909.27,,,,"     ",5.30,24.55,6.03
1771,554693546,"01771M07:27:41.302","01771 07:15:30",206.44,909.30,,,,"     ",5.30,24.67,6.06
1771,554693547,"01771M07:27:42.275","01771 07:15:31",206.44,909.29,,,,"     ",5.30,24.66,6.05
1771,554693548,"01771M07:27:43.248","01771 07:15:32",206.45,909.29,,,,"     ",5.30,24.72,6.06
1771,554693549,"01771M07:27:44.221","01771 07:15:33",206.47,909.26,,,,"     ",5.30,24.53,6.01
1771,554693550,"01771M07:27:45.195","01771 07:15:34",206.50,909.28,,,,"     ",5.30,24.62,6.03
1771,554693551,"01771M07:27:46.168","01771 07:15:35",206.53,909.23,,,,"     ",5.30,24.66,6.03
1771,554693552,"01771M07:27:47.141","01771 07:15:36",206.58,909.26,,,,"     ",5.30,24.67,6.04
1771,554693553,"01771M07:27:48.115","01771 07:15:37",206.63,909.25,,,,"     ",5.30,24.78,6.06
1771,554693554,"01771M07:27:49.088","01771 07:15:38",206.69,909.33,,,,"     ",5.30,24.62,6.02
1771,554693555,"01771M07:27:50.061","01771 07:15:39",206.75,909.31,,,,"     ",5.30,24.81,6.06
1771,554693556,"01771M07:27:51.034","01771 07:15:40",206.79,909.26,,,,"     ",5.30,24.61,6.01
1771,554693557,"01771M07:27:52.008","01771 07:15:41",206.83,909.28,,,,"     ",5.30,24.61,6.00
1771,554693558,"01771M07:27:52.981","01771 07:15:42",206.86,909.36,,,,"     ",5.30,24.79,6.05
1771,554693559,"01771M07:27:53.954","01771 07:15:43",206.89,909.34,,,,"     ",5.30,24.75,6.03
1771,554693560,"01771M07:27:54.927","01771 07:15:44",206.90,909.23,,,,"     ",5.30,24.80,6.04
1771,554693561,"01771M07:27:55.901","01771 07:15:45",206.89,909.30,,,,"     ",5.30,24.74,6.02
1771,554693562,"01771M07:27:56.874","01771 07:15:46",206.88,909.32,,,,"     ",5.30,24.69,6.01
1771,554693563,"01771M07:27:57.847","01771 07:15:47",206.85,909.36,,,,"     ",5.30,24.84,6.04
1771,554693564,"01771M07:27:58.820","01771 07:15:48",206.82,909.28,,,,"     ",5.30,24.77,6.02
1771,554693565,"01771M07:27:59.794","01771 07:15:48",206.77,909.30,,,,"     ",5.30,24.71,6.00
1771,554693566,"01771M07:28:00.767","01771 07:15:49",206.71,909.36,,,,"     ",5.30,24.71,6.00
1771,554693567,"01771M07:28:01.740","01771 07:15:50",206.65,909.34,,,,"     ",5.30,24.81,6.02
1771,554693568,"01771M07:28:02.713","01771 07:15:51",206.59,909.27,,,,"     ",5.30,24.84,6.03
1771,554693569,"01771M07:28:03.687","01771 07:15:52",206.52,909.27,,,,"     ",5.30,24.93,6.05
1771,554693570,"01771M07:28:04.660","01771 07:15:53",206.45,909.31,,,,"     ",5.30,24.83,6.02
1771,554693571,"01771M07:28:05.633","01771 07:15:54",206.39,909.34,,,,"     ",5.30,24.79,6.01
1771,554693572,"01771M07:28:06.606","01771 07:15:55",206.32,909.30,,,,"     ",5.30,24.68,5.97
1771,554693573,"01771M07:28:07.580","01771 07:15:56",206.26,909.29,,,,"     ",5.30,24.95,6.04
1771,554693574,"01771M07:28:08.553","01771 07:15:57",206.21,909.31,,,,"     ",5.30,24.87,6.02
1771,554693575,"01771M07:28:09.526","01771 07:15:58",206.18,909.34,,,,"     ",5.30,24.81,5.99
1771,554693576,"01771M07:28:10.499","01771 07:15:59",206.16,909.28,,,,"     ",5.30,24.79,5.99
1771,554693577,"01771M07:28:11.473","01771 07:16:00",206.15,909.25,,,,"     ",5.30,24.81,5.99
1771,554693578,"01771M07:28:12.446","01771 07:16:01",206.13,909.31,,,,"     ",5.30,25.00,6.03
1771,554693579,"01771M07:28:13.419","01771 07:16:02",206.12,909.31,,,,"     ",5.30,24.73,5.97
1771,554693580,"01771M07:28:14.392","01771 07:16:03",206.11,909.38,,,,"     ",5.30,25.05,6.04
1771,554693581,"01771M07:28:15.366","01771 07:16:04",206.10,909.38,,,,"     ",5.30,24.66,5.94
1771,554693582,"01771M07:28:16.339","01771 07:16:05",206.08,909.37,,,,"     ",5.30,24.88,5.99
1771,554693583,"01771M07:28:17.312","01771 07:16:06",206.07,909.35,,,,"     ",5.30,24.89,5.99
1771,554693584,"01771M07:28:18.285","01771 07:16:07",206.06,909.41,,,,"     ",5.30,24.96,6.01
1771,554693585,"01771M07:28:19.259","01771 07:16:08",206.05,909.52,,,,"     ",5.30,24.88,5.99
1771,554693586,"01771M07:28:20.232","01771 07:16:09",206.04,909.47,,,,"     ",5.30,24.88,5.98
1771,554693587,"01771M07:28:21.205","01771 07:16:10",206.04,909.45,,,,"     ",5.30,24.75,5.95
1771,554693588,"01771M07:28:22.178","01771 07:16:11",206.05,909.45,,,,"     ",5.30,24.90,5.98
1771,554693589,"01771M07:28:23.152","01771 07:16:12",206.08,909.38,,,,"     ",5.30,25.05,6.01
1771,554693590,"01771M07:28:24.125","01771 07:16:13",206.13,909.46,,,,"     ",5.30,24.93,5.98
1771,554693591,"01771M07:28:25.098","01771 07:16:14",206.18,909.33,,,,"     ",5.30,24.99,5.99
1771,554693592,"01771M07:28:26.071","01771 07:16:15",206.25,909.36,,,,"     ",5.30,24.93,5.97
1771,554693593,"01771M07:28:27.045","01771 07:16:16",206.32,909.31,,,,"     ",5.30,24.93,5.97
1771,554693594,"01771M07:28:28.018","01771 07:16:17",206.40,909.36,,,,"     ",5.30,25.06,6.00
1771,554693595,"01771M07:28:28.991","01771 07:16:18",206.47,909.39,,,,"     ",5.30,24.96,5.97
1771,554693596,"01771M07:28:29.964","01771 07:16:19",206.54,909.38,,,,"     ",5.30,24.94,5.96
1771,554693597,"01771M07:28:30.938","01771 07:16:20",206.60,909.31,,,,"     ",5.30,25.14,6.01
1771,554693598,"01771M07:28:31.911","01771 07:16:21",206.65,909.29,,,,"     ",5.30,24.97,5.96
1771,554693599,"01771M07:28:32.884","01771 07:16:22",206.69,909.29,,,,"     ",5.30,25.01,5.97
1771,554693600,"01771M07:28:33.857","01771 07:16:23",206.71,909.26,,,,"     ",5.30,25.04,5.98
1771,554693601,"01771M07:28:34.831","01771 07:16:24",206.73,909.40,,,,"     ",5.30,25.21,6.01
1771,554693602,"01771M07:28:35.804","01771 07:16:24",206.73,909.34,,,,"     ",5.30,24.95,5.95
1771,554693603,"01771M07:28:36.777","01771 07:16:25",206.73,909.39,,,,"     ",5.30,25.15,6.00
1771,554693604,"01771M07:28:37.750","01771 07:16:26",206.72,909.38,,,,"     ",5.30,25.04,5.96
1771,554693605,"01771M07:28:38.724","01771 07:16:27",206.72,909.43,,,,"     ",5.30,25.11,5.98
1771,554693606,"01771M07:28:39.697","01771 07:16:28",206.72,909.45,,,,"     ",5.30,25.06,5.96
1771,554693607,"01771M07:28:40.670","01771 07:16:29",206.71,909.41,,,,"     ",5.30,25.07,5.96
1771,554693608,"01771M07:28:41.643","01771 07:16:30",206.72,909.46,,,,"     ",5.30,25.05,5.95
1771,554693609,"01771M07:28:42.617","01771 07:16:31",206.72,909.39,,,,"     ",5.30,25.04,5.95
1771,554693610,"01771M07:28:43.590","01771 07:16:32",206.73,909.47,,,,"     ",5.30,25.09,5.96
1771,554693611,"01771M07:28:44.563","01771 07:16:33",206.75,909.42,,,,"     ",5.30,25.18,5.98
1771,554693612,"01771M07:28:45.536","01771 07:16:34",206.77,909.42,,,,"     ",5.30,25.15,5.97
1771,554693613,"01771M07:28:46.510","01771 07:16:35",206.79,909.42,,,,"     ",5.30,25.11,5.95
1771,554693614,"01771M07:28:47.483","01771 07:16:36",206.81,909.38,,,,"     ",5.30,25.02,5.93
1771,554693615,"01771M07:28:48.456","01771 07:16:37",206.84,909.44,,,,"     ",5.30,25.12,5.95
1771,554693616,"01771M07:28:49.429","01771 07:16:38",206.88,909.45,,,,"     ",5.30,25.09,5.94
1771,554693617,"01771M07:28:50.403","01771 07:16:39",206.93,909.41,,,,"     ",5.30,25.10,5.94
1771,554693618,"01771M07:28:51.376","01771 07:16:40",206.99,909.36,,,,"     ",5.30,25.13,5.94
1771,554693619,"01771M07:28:52.349","01771 07:16:41",207.05,909.48,,,,"     ",5.30,25.16,5.94
1771,554693620,"01771M07:28:53.322","01771 07:16:42",207.11,909.38,,,,"     ",5.30,25.22,5.96
1771,554693621,"01771M07:28:54.296","01771 07:16:43",207.17,909.37,,,,"     ",5.30,25.14,5.93
1771,554693622,"01771M07:28:55.269","01771 07:16:44",207.23,909.45,,,,"     ",5.30,25.15,5.94
1771,554693623,"01771M07:28:56.242","01771 07:16:45",207.28,909.37,,,,"     ",5.30,25.15,5.93
1771,554693624,"01771M07:28:57.215","01771 07:16:46",207.33,909.40,,,,"     ",5.30,25.28,5.96
1771,554693625,"01771M07:28:58.189","01771 07:16:47",207.37,909.41,,,,"     ",5.30,25.20,5.94
1771,554693626,"01771M07:28:59.162","01771 07:16:48",207.39,909.50,,,,"     ",5.30,25.20,5.93
1771,554693627,"01771M07:29:00.135","01771 07:16:49",207.41,909.45,,,,"     ",5.30,25.18,5.93
1771,554693628,"01771M07:29:01.109","01771 07:16:50",207.40,909.44,,,,"     ",5.30,25.33,5.96
1771,554693629,"01771M07:29:02.082","01771 07:16:51",207.39,909.43,,,,"     ",5.30,25.20,5.92
1771,554693630,"01771M07:29:03.055","01771 07:16:52",207.38,909.47,,,,"     ",5.30,25.21,5.92
1771,554693631,"01771M07:29:04.028","01771 07:16:53",207.36,909.46,,,,"     ",5.30,25.32,5.95
1771,554693632,"01771M07:29:05.002","01771 07:16:54",207.35,909.38,,,,"     ",5.30,25.28,5.93
1771,554693633,"01771M07:29:05.975","01771 07:16:55",207.35,909.39,,,,"     ",5.30,25.27,5.93
1771,554693634,"01771M07:29:06.948","01771 07:16:56",207.35,909.38,,,,"     ",5.30,25.27,5.93
1771,554693635,"01771M07:29:07.921","01771 07:16:57",207.36,909.33,,,,"     ",5.30,25.36,5.94
1771,554693636,"01771M07:29:08.895","01771 07:16:58",207.37,909.43,,,,"     ",5.30,25.46,5.96
1771,554693637,"01771M07:29:09.868","01771 07:16:59",207.38,909.45,,,,"     ",5.30,25.32,5.93
1771,554693638,"01771M07:29:10.841","01771 07:17:00",207.40,909.40,,,,"     ",5.30,25.36,5.93
1771,554693639,"01771M07:29:11.814","01771 07:17:01",207.42,909.43,,,,"     ",5.30,25.42,5.95
1771,554693640,"01771M07:29:12.788","01771 07:17:01",207.44,909.41,,,,"     ",5.30,25.37,5.93
1771,554693641,"01771M07:29:13.761","01771 07:17:02",207.46,909.40,,,,"     ",5.30,25.32,5.92
1771,554693642,"01771M07:29:14.734","01771 07:17:03",207.50,909.41,,,,"     ",5.30,25.52,5.96
1771,554693643,"01771M07:29:15.707","01771 07:17:04",207.53,909.42,,,,"     ",5.30,25.39,5.93
1771,554693644,"01771M07:29:16.681","01771 07:17:05",207.58,909.46,,,,"     ",5.30,25.35,5.92
1771,554693645,"01771M07:29:17.654","01771 07:17:06",207.62,909.45,,,,"     ",5.30,25.43,5.93
1771,554693646,"01771M07:29:18.627","01771 07:17:07",207.66,909.40,,,,"     ",5.30,25.32,5.90
1771,554693647,"01771M07:29:19.600","01771 07:17:08",207.70,909.43,,,,"     ",5.30,25.44,5.93
1771,554693648,"01771M07:29:20.574","01771 07:17:09",207.74,909.39,,,,"     ",5.30,25.56,5.95
1771,554693649,"01771M07:29:21.547","01771 07:17:10",207.77,909.49,,,,"     ",5.30,25.41,5.91
1771,554693650,"01771M07:29:22.520","01771 07:17:11",207.79,909.52,,,,"     ",5.30,25.33,5.89
1771,554693651,"01771M07:29:23.493","01771 07:17:12",207.82,909.49,,,,"     ",5.30,25.51,5.93
1771,554693652,"01771M07:29:24.467","01771 07:17:13",207.84,909.47,,,,"     ",5.30,25.53,5.93
1771,554693653,"01771M07:29:25.440","01771 07:17:14",207.87,909.47,,,,"     ",5.30,25.51,5.92
1771,554693654,"01771M07:29:26.413","01771 07:17:15",207.89,909.51,,,,"     ",5.30,25.36,5.89
1771,554693655,"01771M07:29:27.386","01771 07:17:16",207.91,909.53,,,,"     ",5.30,25.56,5.93
1771,554693656,"01771M07:29:28.360","01771 07:17:17",207.91,909.41,,,,"     ",5.30,25.54,5.92
1771,554693657,"01771M07:29:29.333","01771 07:17:18",207.90,909.41,,,,"     ",5.30,25.38,5.88
1771,554693658,"01771M07:29:30.306","01771 07:17:19",207.88,909.56,,,,"     ",5.30,25.56,5.92
1771,554693659,"01771M07:29:31.279","01771 07:17:20",207.86,909.59,,,,"     ",5.30,25.53,5.91
1771,554693660,"01771M07:29:32.253","01771 07:17:21",207.82,909.54,,,,"     ",5.30,25.63,5.93
1771,554693661,"01771M07:29:33.226","01771 07:17:22",207.79,909.53,,,,"     ",5.30,25.59,5.92
1771,554693662,"01771M07:29:34.199","01771 07:17:23",207.75,909.44,,,,"     ",5.30,25.62,5.92
1771,554693663,"01771M07:29:35.172","01771 07:17:24",207.70,909.41,,,,"     ",5.30,25.49,5.89
1771,554693664,"01771M07:29:36.146","01771 07:17:25",207.66,909.50,,,,"     ",5.30,25.65,5.92
1771,554693665,"01771M07:29:37.119","01771 07:17:26",207.62,909.42,,,,"     ",5.30,25.48,5.88
1771,554693666,"01771M07:29:38.092","01771 07:17:27",207.58,909.44,,,,"     ",5.30,25.52,5.89
1771,554693667,"01771M07:29:39.065","01771 07:17:28",207.56,909.41,,,,"     ",5.30,25.66,5.92
1771,554693668,"01771M07:29:40.039","01771 07:17:29",207.54,909.33,,,,"     ",5.30,25.67,5.92
1771,554693669,"01771M07:29:41.012","01771 07:17:30",207.54,909.44,,,,"     ",5.30,25.66,5.91
1771,554693670,"01771M07:29:41.985","01771 07:17:31",207.54,909.34,,,,"     ",5.30,25.59,5.89
1771,554693671,"01771M07:29:42.958","01771 07:17:32",207.55,909.31,,,,"     ",5.30,25.73,5.92
1771,554693672,"01771M07:29:43.932","01771 07:17:33",207.57,909.40,,,,"     ",5.30,25.54,5.88
1771,554693673,"01771M07:29:44.905","01771 07:17:34",207.59,909.48,,,,"     ",5.30,25.63,5.89
1771,554693674,"01771M07:29:45.878","01771 07:17:35",207.61,909.48,,,,"     ",5.30,25.79,5.93
1771,554693675,"01771M07:29:46.851","01771 07:17:36",207.64,909.46,,,,"     ",5.30,25.64,5.89
1771,554693676,"01771M07:29:47.825","01771 07:17:37",207.67,909.47,,,,"     ",5.30,25.73,5.91
1771,554693677,"01771M07:29:48.798","01771 07:17:38",207.71,909.51,,,,"     ",5.30,25.73,5.90
1771,554693678,"01771M07:29:49.771","01771 07:17:38",207.75,909.47,,,,"     ",5.30,25.74,5.90
1771,554693679,"01771M07:29:50.744","01771 07:17:39",207.79,909.48,,,,"     ",5.30,25.87,5.93
1771,554693680,"01771M07:29:51.718","01771 07:17:40",207.82,909.45,,,,"     ",5.30,25.69,5.89
1771,554693681,"01771M07:29:52.691","01771 07:17:41",207.86,909.44,,,,"     ",5.30,25.54,5.85
1771,554693682,"01771M07:29:53.664","01771 07:17:42",207.88,909.47,,,,"     ",5.30,25.73,5.89
1771,554693683,"01771M07:29:54.637","01771 07:17:43",207.90,909.45,,,,"     ",5.30,25.74,5.89
1771,554693684,"01771M07:29:55.611","01771 07:17:44",207.90,909.38,,,,"     ",5.30,25.76,5.89
1771,554693685,"01771M07:29:56.584","01771 07:17:45",207.88,909.40,,,,"     ",5.30,25.65,5.86
1771,554693686,"01771M07:29:57.557","01771 07:17:46",207.85,909.44,,,,"     ",5.30,25.91,5.92
1771,554693687,"01771M07:29:58.530","01771 07:17:47",207.82,909.41,,,,"     ",5.30,25.76,5.88
1771,554693688,"01771M07:29:59.504","01771 07:17:48",207.78,909.39,,,,"     ",5.30,25.84,5.90
1771,554693689,"01771M07:30:00.477","01771 07:17:49",207.75,909.35,,,,"     ",5.30,25.74,5.87
1771,554693690,"01771M07:30:01.450","01771 07:17:50",207.72,909.39,,,,"     ",5.30,25.82,5.88
1771,554693691,"01771M07:30:02.423","01771 07:17:51",207.70,909.37,,,,"     ",5.30,25.73,5.86
1771,554693692,"01771M07:30:03.397","01771 07:17:52",207.68,909.41,,,,"     ",5.30,25.98,5.92
1771,554693693,"01771M07:30:04.370","01771 07:17:53",207.66,909.45,,,,"     ",5.30,25.81,5.87
1771,554693694,"01771M07:30:05.343","01771 07:17:54",207.63,909.36,,,,"     ",5.30,25.86,5.88
1771,554693695,"01771M07:30:06.316","01771 07:17:55",207.60,909.38,,,,"     ",5.30,25.94,5.90
1771,554693696,"01771M07:30:07.290","01771 07:17:56",207.57,909.41,,,,"     ",5.30,25.92,5.89
1771,554693697,"01771M07:30:08.263","01771 07:17:57",207.53,909.39,,,,"     ",5.30,25.88,5.88
1771,554693698,"01771M07:30:09.236","01771 07:17:58",207.50,909.45,,,,"     ",5.30,25.82,5.86
1771,554693699,"01771M07:30:10.210","01771 07:17:59",207.47,909.45,,,,"     ",5.30,25.95,5.89
1771,554693700,"01771M07:30:11.183","01771 07:18:00",207.45,909.45,,,,"     ",5.30,25.79,5.85
1771,554693701,"01771M07:30:12.156","01771 07:18:01",207.44,909.39,,,,"     ",5.30,25.95,5.88
1771,554693702,"01771M07:30:13.129","01771 07:18:02",207.44,909.47,,,,"     ",5.30,25.95,5.88
1771,554693703,"01771M07:30:14.103","01771 07:18:03",207.46,909.47,,,,"     ",5.30,25.88,5.86
1771,554693704,"01771M07:30:15.076","01771 07:18:04",207.49,909.49,,,,"     ",5.30,26.08,5.90
1771,554693705,"01771M07:30:16.049","01771 07:18:05",207.53,909.59,,,,"     ",5.30,25.82,5.84
1771,554693706,"01771M07:30:17.022","01771 07:18:06",207.57,909.53,,,,"     ",5.30,25.86,5.85
1771,554693707,"01771M07:30:17.996","01771 07:18:07",207.61,909.50,,,,"     ",5.30,25.96,5.86
1771,554693708,"01771M07:30:18.969","01771 07:18:08",207.65,909.48,,,,"     ",5.30,25.98,5.87
1771,554693709,"01771M07:30:19.942","01771 07:18:09",207.67,909.38,,,,"     ",5.30,25.92,5.85
1771,554693710,"01771M07:30:20.915","01771 07:18:10",207.70,909.38,,,,"     ",5.30,25.93,5.85
1771,554693711,"01771M07:30:21.889","01771 07:18:11",207.72,909.39,,,,"     ",5.30,25.83,5.82
1771,554693712,"01771M07:30:22.862","01771 07:18:12",207.74,909.37,,,,"     ",5.30,25.89,5.84
1771,554693713,"01771M07:30:23.835","01771 07:18:13",207.75,909.45,,,,"     ",5.30,26.02,5.86
1771,554693714,"01771M07:30:24.808","01771 07:18:14",207.76,909.54,,,,"     ",5.30,26.06,5.87
1771,554693715,"01771M07:30:25.782","01771 07:18:15",207.76,909.49,,,,"     ",5.30,26.02,5.85
1771,554693716,"01771M07:30:26.755","01771 07:18:15",207.75,909.50,,,,"     ",5.30,25.99,5.85
1771,554693717,"01771M07:30:27.728","01771 07:18:16",207.73,909.49,,,,"     ",5.30,26.08,5.86
1771,554693718,"01771M07:30:28.701","01771 07:18:17",207.71,909.50,,,,"     ",5.30,26.10,5.86
1771,554693719,"01771M07:30:29.675","01771 07:18:18",207.67,909.51,,,,"     ",5.30,26.16,5.88
1771,554693720,"01771M07:30:30.648","01771 07:18:19",207.62,909.43,,,,"     ",5.30,25.96,5.82
1771,554693721,"01771M07:30:31.621","01771 07:18:20",207.56,909.45,,,,"     ",5.30,26.07,5.85
1771,554693722,"01771M07:30:32.594","01771 07:18:21",207.48,909.49,,,,"     ",5.30,26.08,5.85
1771,554693723,"01771M07:30:33.568","01771 07:18:22",207.39,909.51,,,,"     ",5.30,26.25,5.88
1771,554693724,"01771M07:30:34.541","01771 07:18:23",207.31,909.49,,,,"     ",5.30,26.01,5.82
1771,554693725,"01771M07:30:35.514","01771 07:18:24",207.24,909.53,,,,"     ",5.30,26.15,5.85
1771,554693726,"01771M07:30:36.487","01771 07:18:25",207.19,909.51,,,,"     ",5.30,26.18,5.85
1771,554693727,"01771M07:30:37.461","01771 07:18:26",207.14,909.58,,,,"     ",5.30,26.16,5.85
1771,554693728,"01771M07:30:38.434","01771 07:18:27",207.12,909.50,,,,"     ",5.30,26.08,5.83
1771,554693729,"01771M07:30:39.407","01771 07:18:28",207.10,909.48,,,,"     ",5.30,26.22,5.86
1771,554693730,"01771M07:30:40.380","01771 07:18:29",207.10,909.60,,,,"     ",5.30,26.16,5.84
1771,554693731,"01771M07:30:41.354","01771 07:18:30",207.10,909.59,,,,"     ",5.30,26.22,5.85
1771,554693732,"01771M07:30:42.327","01771 07:18:31",207.10,909.61,,,,"     ",5.30,26.15,5.83
1771,554693733,"01771M07:30:43.300","01771 07:18:32",207.10,909.62,,,,"     ",5.30,26.17,5.83
1771,554693734,"01771M07:30:44.273","01771 07:18:33",207.09,909.53,,,,"     ",5.30,26.17,5.83
1771,554693735,"01771M07:30:45.247","01771 07:18:34",207.08,909.44,,,,"     ",5.30,26.16,5.82
1771,554693736,"01771M07:30:46.220","01771 07:18:35",207.08,909.49,,,,"     ",5.30,26.16,5.82
1771,554693737,"01771M07:30:47.193","01771 07:18:36",207.08,909.43,,,,"     ",5.30,26.27,5.84
1771,554693738,"01771M07:30:48.166","01771 07:18:37",207.09,909.42,,,,"     ",5.30,26.28,5.84
1771,554693739,"01771M07:30:49.140","01771 07:18:38",207.11,909.49,,,,"     ",5.30,26.34,5.85
1771,554693740,"01771M07:30:50.113","01771 07:18:39",207.15,909.45,,,,"     ",5.30,26.29,5.84
1771,554693741,"01771M07:30:51.086","01771 07:18:40",207.22,909.53,,,,"     ",5.30,26.18,5.81
1771,554693742,"01771M07:30:52.059","01771 07:18:41",207.28,909.47,,,,"     ",5.30,26.18,5.80
1771,554693743,"01771M07:30:53.033","01771 07:18:42",207.33,909.45,,,,"     ",5.30,26.32,5.83
1771,554693744,"01771M07:30:54.006","01771 07:18:43",207.37,909.47,,,,"     ",5.30,26.34,5.84
1771,554693745,"01771M07:30:54.979","01771 07:18:44",207.40,909.47,,,,"     ",5.30,26.45,5.86
1771,554693746,"01771M07:30:55.952","01771 07:18:45",207.43,909.50,,,,"     ",5.30,26.28,5.82
1771,554693747,"01771M07:30:56.926","01771 07:18:46",207.46,909.56,,,,"     ",5.30,26.42,5.84
1771,554693748,"01771M07:30:57.899","01771 07:18:47",207.48,909.52,,,,"     ",5.30,26.28,5.81
1771,554693749,"01771M07:30:58.872","01771 07:18:48",207.50,909.53,,,,"     ",5.30,26.30,5.81
1771,554693750,"01771M07:30:59.845","01771 07:18:49",207.51,909.61,,,,"     ",5.30,26.46,5.84
1771,554693751,"01771M07:31:00.819","01771 07:18:50",207.53,909.61,,,,"     ",5.30,26.35,5.82
1771,554693752,"01771M07:31:01.792","01771 07:18:51",207.54,909.57,,,,"     ",5.30,26.33,5.81
1771,554693753,"01771M07:31:02.765","01771 07:18:51",207.55,909.58,,,,"     ",5.30,26.33,5.81
1771,554693754,"01771M07:31:03.738","01771 07:18:52",207.55,909.56,,,,"     ",5.30,26.47,5.83
1771,554693755,"01771M07:31:04.712","01771 07:18:53",207.55,909.61,,,,"     ",5.30,26.31,5.79
1771,554693756,"01771M07:31:05.685","01771 07:18:54",207.55,909.56,,,,"     ",5.30,26.54,5.84
1771,554693757,"01771M07:31:06.658","01771 07:18:55",207.55,909.50,,,,"     ",5.30,26.39,5.81
1771,554693758,"01771M07:31:07.631","01771 07:18:56",207.54,909.54,,,,"     ",5.30,26.52,5.83
1771,554693759,"01771M07:31:08.605","01771 07:18:57",207.52,909.50,,,,"     ",5.30,26.55,5.83
1771,554693760,"01771M07:31:09.578","01771 07:18:58",207.51,909.51,,,,"     ",5.30,26.50,5.82
1771,554693761,"01771M07:31:10.551","01771 07:18:59",207.52,909.45,,,,"     ",5.30,26.53,5.82
1771,554693762,"01771M07:31:11.524","01771 07:19:00",207.56,909.55,,,,"     ",5.30,26.50,5.81
1771,554693763,"01771M07:31:12.498","01771 07:19:01",207.61,909.44,,,,"     ",5.30,26.44,5.80
1771,554693764,"01771M07:31:13.471","01771 07:19:02",207.65,909.57,,,,"     ",5.30,26.47,5.80
1771,554693765,"01771M07:31:14.444","01771 07:19:03",207.69,909.47,,,,"     ",5.30,26.50,5.80
1771,554693766,"01771M07:31:15.417","01771 07:19:04",207.72,909.43,,,,"     ",5.30,26.72,5.85
1771,554693767,"01771M07:31:16.391","01771 07:19:05",207.76,909.56,,,,"     ",5.30,26.55,5.81
1771,554693768,"01771M07:31:17.364","01771 07:19:06",207.78,909.66,,,,"     ",5.30,26.60,5.82
1771,554693769,"01771M07:31:18.337","01771 07:19:07",207.81,909.59,,,,"     ",5.30,26.66,5.83
1771,554693770,"01771M07:31:19.311","01771 07:19:08",207.83,909.60,,,,"     ",5.30,26.55,5.80
1771,554693771,"01771M07:31:20.284","01771 07:19:09",207.85,909.56,,,,"     ",5.30,26.54,5.80
1771,554693772,"01771M07:31:21.257","01771 07:19:10",207.87,909.59,,,,"     ",5.30,26.59,5.80
1771,554693773,"01771M07:31:22.230","01771 07:19:11",207.89,909.55,,,,"     ",5.30,26.65,5.81
1771,554693774,"01771M07:31:23.204","01771 07:19:12",207.90,909.57,,,,"     ",5.30,26.71,5.83
1771,554693775,"01771M07:31:24.177","01771 07:19:13",207.91,909.61,,,,"     ",5.30,26.51,5.78
1771,554693776,"01771M07:31:25.150","01771 07:19:14",207.92,909.60,,,,"     ",5.30,26.59,5.79
1771,554693777,"01771M07:31:26.123","01771 07:19:15",207.93,909.57,,,,"     ",5.30,26.60,5.79
1771,554693778,"01771M07:31:27.097","01771 07:19:16",207.94,909.57,,,,"     ",5.30,26.50,5.77
1771,554693779,"01771M07:31:28.070","01771 07:19:17",207.95,909.58,,,,"     ",5.30,26.76,5.82
1771,554693780,"01771M07:31:29.043","01771 07:19:18",207.95,909.56,,,,"     ",5.30,26.71,5.81
1771,554693781,"01771M07:31:30.016","01771 07:19:19",207.93,909.51,,,,"     ",5.30,26.58,5.78
1771,554693782,"01771M07:31:30.990","01771 07:19:20",207.90,909.52,,,,"     ",5.30,26.68,5.79
1771,554693783,"01771M07:31:31.963","01771 07:19:21",207.86,909.51,,,,"     ",5.30,26.87,5.83
1771,554693784,"01771M07:31:32.936","01771 07:19:22",207.82,909.52,,,,"     ",5.30,26.75,5.80
1771,554693785,"01771M07:31:33.909","01771 07:19:23",207.78,909.46,,,,"     ",5.30,26.79,5.81
1771,554693786,"01771M07:31:34.883","01771 07:19:24",207.75,909.49,,,,"     ",5.30,26.65,5.78
1771,554693787,"01771M07:31:35.856","01771 07:19:25",207.73,909.50,,,,"     ",5.30,26.80,5.81
1771,554693788,"01771M07:31:36.829","01771 07:19:26",207.72,909.46,,,,"     ",5.30,26.65,5.77
1771,554693789,"01771M07:31:37.802","01771 07:19:27",207.72,909.51,,,,"     ",5.30,26.64,5.76
1771,554693790,"01771M07:31:38.776","01771 07:19:28",207.73,909.48,,,,"     ",5.30,26.70,5.78
1771,554693791,"01771M07:31:39.749","01771 07:19:28",207.75,909.55,,,,"     ",5.30,26.80,5.79
1771,554693792,"01771M07:31:40.722","01771 07:19:29",207.77,909.55,,,,"     ",5.30,26.69,5.77
1771,554693793,"01771M07:31:41.695","01771 07:19:30",207.80,909.51,,,,"     ",5.30,26.82,5.79
1771,554693794,"01771M07:31:42.669","01771 07:19:31",207.83,909.64,,,,"     ",5.30,26.72,5.77
1771,554693795,"01771M07:31:43.642","01771 07:19:32",207.87,909.53,,,,"     ",5.30,26.83,5.79
1771,554693796,"01771M07:31:44.615","01771 07:19:33",207.90,909.56,,,,"     ",5.30,26.86,5.79
1771,554693797,"01771M07:31:45.588","01771 07:19:34",207.93,909.41,,,,"     ",5.30,26.96,5.81
1771,554693798,"01771M07:31:46.562","01771 07:19:35",207.96,909.49,,,,"     ",5.30,26.86,5.79
1771,554693799,"01771M07:31:47.535","01771 07:19:36",207.99,909.45,,,,"     ",5.30,26.78,5.77
1771,554693800,"01771M07:31:48.508","01771 07:19:37",208.01,909.39,,,,"     ",5.30,26.85,5.78
1771,554693801,"01771M07:31:49.481","01771 07:19:38",208.03,909.46,,,,"     ",5.30,26.91,5.79
1771,554693802,"01771M07:31:50.455","01771 07:19:39",208.04,909.44,,,,"     ",5.30,26.73,5.75
1771,554693803,"01771M07:31:51.428","01771 07:19:40",208.04,909.40,,,,"     ",5.30,26.95,5.79
1771,554693804,"01771M07:31:52.401","01771 07:19:41",208.02,909.54,,,,"     ",5.30,26.95,5.79
1771,554693805,"01771M07:31:53.374","01771 07:19:42",208.01,909.46,,,,"     ",5.30,26.94,5.79
1771,554693806,"01771M07:31:54.348","01771 07:19:43",207.99,909.50,,,,"     ",5.30,26.89,5.77
1771,554693807,"01771M07:31:55.321","01771 07:19:44",207.99,909.58,,,,"     ",5.30,26.99,5.79
1771,554693808,"01771M07:31:56.294","01771 07:19:45",207.99,909.58,,,,"     ",5.30,26.94,5.78
1771,554693809,"01771M07:31:57.267","01771 07:19:46",207.99,909.52,,,,"     ",5.30,27.08,5.80
1771,554693810,"01771M07:31:58.241","01771 07:19:47",208.00,909.56,,,,"     ",5.30,27.02,5.79
1771,554693811,"01771M07:31:59.214","01771 07:19:48",208.01,909.56,,,,"     ",5.30,27.18,5.82
1771,554693812,"01771M07:32:00.187","01771 07:19:49",208.02,909.54,,,,"     ",5.30,26.96,5.77
1771,554693813,"01771M07:32:01.160","01771 07:19:50",208.03,909.59,,,,"     ",5.30,26.95,5.77
1771,554693814,"01771M07:32:02.134","01771 07:19:51",208.05,909.54,,,,"     ",5.30,27.14,5.80
1771,554693815,"01771M07:32:03.107","01771 07:19:52",208.08,909.54,,,,"     ",5.30,27.11,5.79
1771,554693816,"01771M07:32:04.080","01771 07:19:53",208.12,909.53,,,,"     ",5.30,27.04,5.78
1771,554693817,"01771M07:32:05.053","01771 07:19:54",208.16,909.59,,,,"     ",5.30,27.03,5.77
1771,554693818,"01771M07:32:06.027","01771 07:19:55",208.22,909.58,,,,"     ",5.30,27.12,5.79
1771,554693819,"01771M07:32:07.000","01771 07:19:56",208.27,909.68,,,,"     ",5.30,27.08,5.78
1771,554693820,"01771M07:32:07.973","01771 07:19:57",208.32,909.61,,,,"     ",5.30,27.12,5.78
1771,554693821,"01771M07:32:08.946","01771 07:19:58",208.36,909.58,,,,"     ",5.30,27.07,5.77
1771,554693822,"01771M07:32:09.920","01771 07:19:59",208.39,909.57,,,,"     ",5.30,26.95,5.74
1771,554693823,"01771M07:32:10.893","01771 07:20:00",208.41,909.63,,,,"     ",5.30,27.09,5.76
1771,554693824,"01771M07:32:11.866","01771 07:20:01",208.41,909.52,,,,"     ",5.30,27.12,5.77
1771,554693825,"01771M07:32:12.839","01771 07:20:02",208.40,909.60,,,,"     ",5.30,27.22,5.79
1771,554693826,"01771M07:32:13.813","01771 07:20:03",208.38,909.58,,,,"     ",5.30,27.11,5.76
1771,554693827,"01771M07:32:14.786","01771 07:20:04",208.36,909.56,,,,"     ",5.30,27.21,5.78
1771,554693828,"01771M07:32:15.759","01771 07:20:05",208.34,909.57,,,,"     ",5.30,27.01,5.74
1771,554693829,"01771M07:32:16.732","01771 07:20:05",208.32,909.59,,,,"     ",5.30,27.08,5.75
1771,554693830,"01771M07:32:17.706","01771 07:20:06",208.30,909.62,,,,"     ",5.30,27.03,5.74
1771,554693831,"01771M07:32:18.679","01771 07:20:07",208.28,909.62,,,,"     ",5.30,27.18,5.76
1771,554693832,"01771M07:32:19.652","01771 07:20:08",208.27,909.56,,,,"     ",5.30,27.23,5.77
1771,554693833,"01771M07:32:20.625","01771 07:20:09",208.27,909.52,,,,"     ",5.30,27.34,5.79
1771,554693834,"01771M07:32:21.599","01771 07:20:10",208.27,909.58,,,,"     ",5.30,27.22,5.76
1771,554693835,"01771M07:32:22.572","01771 07:20:11",208.29,909.60,,,,"     ",5.30,27.02,5.72
1771,554693836,"01771M07:32:23.545","01771 07:20:12",208.31,909.56,,,,"     ",5.30,27.17,5.74
1771,554693837,"01771M07:32:24.518","01771 07:20:13",208.34,909.63,,,,"     ",5.30,27.12,5.73
1771,554693838,"01771M07:32:25.492","01771 07:20:14",208.37,909.68,,,,"     ",5.30,27.27,5.76
1771,554693839,"01771M07:32:26.465","01771 07:20:15",208.41,909.58,,,,"     ",5.30,27.34,5.77
1771,554693840,"01771M07:32:27.438","01771 07:20:16",208.45,909.54,,,,"     ",5.30,27.34,5.77
1771,554693841,"01771M07:32:28.412","01771 07:20:17",208.50,909.63,,,,"     ",5.30,27.10,5.72
1771,554693842,"01771M07:32:29.385","01771 07:20:18",208.54,909.58,,,,"     ",5.30,27.20,5.73
1771,554693843,"01771M07:32:30.358","01771 07:20:19",208.59,909.57,,,,"     ",5.30,27.53,5.80
1771,554693844,"01771M07:32:31.331","01771 07:20:20",208.62,909.49,,,,"     ",5.30,27.27,5.74
1771,554693845,"01771M07:32:32.305","01771 07:20:21",208.65,909.54,,,,"     ",5.30,27.07,5.69
1771,554693846,"01771M07:32:33.278","01771 07:20:22",208.66,909.48,,,,"     ",5.30,27.11,5.70
1771,554693847,"01771M07:32:34.251","01771 07:20:23",208.65,909.53,,,,"     ",5.30,27.21,5.72
1771,554693848,"01771M07:32:35.224","01771 07:20:24",208.63,909.52,,,,"     ",5.30,27.20,5.72
1771,554693849,"01771M07:32:36.198","01771 07:20:25",208.60,909.54,,,,"     ",5.30,27.35,5.74
1771,554693850,"01771M07:32:37.171","01771 07:20:26",208.56,909.57,,,,"     ",5.30,27.43,5.76
1771,554693851,"01771M07:32:38.144","01771 07:20:27",208.51,909.57,,,,"     ",5.30,27.44,5.76
1771,554693852,"01771M07:32:39.117","01771 07:20:28",208.46,909.53,,,,"     ",5.30,27.33,5.73
1771,554693853,"01771M07:32:40.091","01771 07:20:29",208.41,909.62,,,,"     ",5.30,27.13,5.68
1771,554693854,"01771M07:32:41.064","01771 07:20:30",208.35,909.63,,,,"     ",5.30,27.27,5.71
1771,554693855,"01771M07:32:42.037","01771 07:20:31",208.30,909.64,,,,"     ",5.30,27.36,5.73
1771,554693856,"01771M07:32:43.010","01771 07:20:32",208.24,909.63,,,,"     ",5.30,27.08,5.66
1771,554693857,"01771M07:32:43.984","01771 07:20:33",208.19,909.56,,,,"     ",5.30,27.20,5.69
1771,554693858,"01771M07:32:44.957","01771 07:20:34",208.13,909.55,,,,"     ",5.30,27.32,5.71
1771,554693859,"01771M07:32:45.930","01771 07:20:35",208.07,909.59,,,,"     ",5.30,27.42,5.73
1771,554693860,"01771M07:32:46.903","01771 07:20:36",208.01,909.62,,,,"     ",5.30,27.41,5.72
1771,554693861,"01771M07:32:47.877","01771 07:20:37",207.96,909.51,,,,"     ",5.30,27.20,5.67
1771,554693862,"01771M07:32:48.850","01771 07:20:38",207.93,909.56,,,,"     ",5.30,27.39,5.71
1771,554693863,"01771M07:32:49.823","01771 07:20:39",207.92,909.64,,,,"     ",5.30,27.49,5.73
1771,554693864,"01771M07:32:50.796","01771 07:20:40",207.93,909.53,,,,"     ",5.30,27.56,5.74
1771,554693865,"01771M07:32:51.770","01771 07:20:41",207.97,909.67,,,,"     ",5.30,27.46,5.71
1771,554693866,"01771M07:32:52.743","01771 07:20:41",208.01,909.60,,,,"     ",5.30,27.56,5.73
1771,554693867,"01771M07:32:53.716","01771 07:20:42",208.07,909.62,,,,"     ",5.30,27.27,5.67
1771,554693868,"01771M07:32:54.689","01771 07:20:43",208.12,909.62,,,,"     ",5.30,27.35,5.68
1771,554693869,"01771M07:32:55.663","01771 07:20:44",208.17,909.58,,,,"     ",5.30,27.45,5.70
1771,554693870,"01771M07:32:56.636","01771 07:20:45",208.22,909.63,,,,"     ",5.30,27.55,5.72
1771,554693871,"01771M07:32:57.609","01771 07:20:46",208.25,909.57,,,,"     ",5.30,27.51,5.70
1771,554693872,"01771M07:32:58.582","01771 07:20:47",208.29,909.59,,,,"     ",5.30,27.24,5.65
1771,554693873,"01771M07:32:59.556","01771 07:20:48",208.33,909.62,,,,"     ",5.30,27.40,5.68
1771,554693874,"01771M07:33:00.529","01771 07:20:49",208.37,909.65,,,,"     ",5.30,27.51,5.70
1771,554693875,"01771M07:33:01.502","01771 07:20:50",208.41,909.49,,,,"     ",5.30,27.42,5.67
1771,554693876,"01771M07:33:02.475","01771 07:20:51",208.45,909.53,,,,"     ",5.30,27.38,5.66
1771,554693877,"01771M07:33:03.449","01771 07:20:52",208.49,909.48,,,,"     ",5.30,27.41,5.66
1771,554693878,"01771M07:33:04.422","01771 07:20:53",208.53,909.55,,,,"     ",5.30,27.32,5.64
1771,554693879,"01771M07:33:05.395","01771 07:20:54",208.56,909.55,,,,"     ",5.30,27.30,5.63
1771,554693880,"01771M07:33:06.368","01771 07:20:55",208.58,909.51,,,,"     ",5.30,27.35,5.64
1771,554693881,"01771M07:33:07.342","01771 07:20:56",208.58,909.60,,,,"     ",5.30,27.44,5.66
1771,554693882,"01771M07:33:08.315","01771 07:20:57",208.58,909.61,,,,"     ",5.30,27.38,5.64
1771,554693883,"01771M07:33:09.288","01771 07:20:58",208.57,909.53,,,,"     ",5.30,27.50,5.66
1771,554693884,"01771M07:33:10.261","01771 07:20:59",208.55,909.56,,,,"     ",5.30,27.42,5.64
1771,554693885,"01771M07:33:11.235","01771 07:21:00",208.53,909.69,,,,"     ",5.30,27.15,5.58
1771,554693886,"01771M07:33:12.208","01771 07:21:01",208.51,909.63,,,,"     ",5.30,27.38,5.63
1771,554693887,"01771M07:33:13.181","01771 07:21:02",208.49,909.59,,,,"     ",5.30,27.51,5.65
1771,554693888,"01771M07:33:14.154","01771 07:21:03",208.47,909.62,,,,"     ",5.30,27.47,5.64
1771,554693889,"01771M07:33:15.128","01771 07:21:04",208.46,909.62,,,,"     ",5.30,27.43,5.62
1771,554693890,"01771M07:33:16.101","01771 07:21:05",208.45,909.62,,,,"     ",5.30,27.51,5.64
1771,554693891,"01771M07:33:17.074","01771 07:21:06",208.44,909.56,,,,"     ",5.30,27.48,5.63
1771,554693892,"01771M07:33:18.047","01771 07:21:07",208.42,909.63,,,,"     ",5.30,27.30,5.59
1771,554693893,"01771M07:33:19.021","01771 07:21:08",208.41,909.54,,,,"     ",5.30,27.47,5.62
1771,554693894,"01771M07:33:19.994","01771 07:21:09",208.39,909.51,,,,"     ",5.30,27.60,5.64
1771,554693895,"01771M07:33:20.967","01771 07:21:10",208.37,909.51,,,,"     ",5.30,27.54,5.63
1771,554693896,"01771M07:33:21.940","01771 07:21:11",208.34,909.49,,,,"     ",5.30,27.48,5.61
1771,554693897,"01771M07:33:22.914","01771 07:21:12",208.31,909.52,,,,"     ",5.30,27.42,5.60
1771,554693898,"01771M07:33:23.887","01771 07:21:13",208.28,909.48,,,,"     ",5.30,27.51,5.61
1771,554693899,"01771M07:33:24.860","01771 07:21:14",208.26,909.55,,,,"     ",5.30,27.52,5.61
1771,554693900,"01771M07:33:25.833","01771 07:21:15",208.27,909.53,,,,"     ",5.30,27.53,5.61
1771,554693901,"01771M07:33:26.807","01771 07:21:16",208.29,909.60,,,,"     ",5.30,27.48,5.60
1771,554693902,"01771M07:33:27.780","01771 07:21:17",208.33,909.60,,,,"     ",5.30,27.36,5.57
1771,554693903,"01771M07:33:28.753","01771 07:21:18",208.39,909.55,,,,"     ",5.30,27.83,5.66
1771,554693904,"01771M07:33:29.726","01771 07:21:18",208.45,909.57,,,,"     ",5.30,27.43,5.58
1771,554693905,"01771M07:33:30.700","01771 07:21:19",208.51,909.61,,,,"     ",5.30,27.68,5.62
1771,554693906,"01771M07:33:31.673","01771 07:21:20",208.56,909.61,,,,"     ",5.30,27.57,5.60
1771,554693907,"01771M07:33:32.646","01771 07:21:21",208.60,909.60,,,,"     ",5.30,27.66,5.61
1771,554693908,"01771M07:33:33.619","01771 07:21:22",208.64,909.62,,,,"     ",5.30,27.65,5.61
1771,554693909,"01771M07:33:34.593","01771 07:21:23",208.68,909.56,,,,"     ",5.30,27.65,5.60
1771,554693910,"01771M07:33:35.566","01771 07:21:24",208.70,909.60,,,,"     ",5.30,27.58,5.59
1771,554693911,"01771M07:33:36.539","01771 07:21:25",208.72,909.57,,,,"     ",5.30,27.68,5.60
1771,554693912,"01771M07:33:37.513","01771 07:21:26",208.72,909.61,,,,"     ",5.30,27.67,5.60
1771,554693913,"01771M07:33:38.486","01771 07:21:27",208.72,909.63,,,,"     ",5.30,27.58,5.57
1771,554693914,"01771M07:33:39.459","01771 07:21:28",208.70,909.71,,,,"     ",5.30,27.58,5.57
1771,554693915,"01771M07:33:40.432","01771 07:21:29",208.68,909.72,,,,"     ",5.30,27.76,5.61
1771,554693916,"01771M07:33:41.406","01771 07:21:30",208.65,909.64,,,,"     ",5.30,27.60,5.57
1771,554693917,"01771M07:33:42.379","01771 07:21:31",208.60,909.67,,,,"     ",5.30,27.84,5.62
1771,554693918,"01771M07:33:43.352","01771 07:21:32",208.55,909.66,,,,"     ",5.30,27.65,5.57
1771,554693919,"01771M07:33:44.325","01771 07:21:33",208.49,909.62,,,,"     ",5.30,27.71,5.58
1771,554693920,"01771M07:33:45.299","01771 07:21:34",208.42,909.62,,,,"     ",5.30,27.50,5.53
1771,554693921,"01771M07:33:46.272","01771 07:21:35",208.34,909.54,,,,"     ",5.30,27.79,5.59
1771,554693922,"01771M07:33:47.245","01771 07:21:36",208.27,909.63,,,,"     ",5.30,27.67,5.56
1771,554693923,"01771M07:33:48.218","01771 07:21:37",208.20,909.62,,,,"     ",5.30,27.71,5.57
1771,554693924,"01771M07:33:49.192","01771 07:21:38",208.13,909.66,,,,"     ",5.30,27.75,5.57
1771,554693925,"01771M07:33:50.165","01771 07:21:39",208.06,909.61,,,,"     ",5.30,27.62,5.54
1771,554693926,"01771M07:33:51.138","01771 07:21:40",208.01,909.70,,,,"     ",5.30,27.79,5.57
1771,554693927,"01771M07:33:52.111","01771 07:21:41",207.97,909.61,,,,"     ",5.30,27.83,5.58
1771,554693928,"01771M07:33:53.085","01771 07:21:42",207.94,909.62,,,,"     ",5.30,27.68,5.54
1771,554693929,"01771M07:33:54.058","01771 07:21:43",207.91,909.62,,,,"     ",5.30,27.79,5.56
1771,554693930,"01771M07:33:55.031","01771 07:21:44",207.90,909.58,,,,"     ",5.30,27.70,5.54
1771,554693931,"01771M07:33:56.004","01771 07:21:45",207.90,909.63,,,,"     ",5.30,27.83,5.57
1771,554693932,"01771M07:33:56.978","01771 07:21:46",207.91,909.64,,,,"     ",5.30,27.89,5.57
1771,554693933,"01771M07:33:57.951","01771 07:21:47",207.93,909.66,,,,"     ",5.30,27.78,5.55
1771,554693934,"01771M07:33:58.924","01771 07:21:48",207.96,909.65,,,,"     ",5.30,27.96,5.58
1771,554693935,"01771M07:33:59.897","01771 07:21:49",208.00,909.69,,,,"     ",5.30,27.89,5.57
1771,554693936,"01771M07:34:00.871","01771 07:21:50",208.04,909.66,,,,"     ",5.30,27.77,5.54
1771,554693937,"01771M07:34:01.844","01771 07:21:51",208.10,909.76,,,,"     ",5.30,27.86,5.55
1771,554693938,"01771M07:34:02.817","01771 07:21:52",208.15,909.66,,,,"     ",5.30,27.77,5.53
1771,554693939,"01771M07:34:03.790","01771 07:21:53",208.21,909.69,,,,"     ",5.30,27.89,5.55
1771,554693940,"01771M07:34:04.764","01771 07:21:54",208.25,909.60,,,,"     ",5.30,27.90,5.55
1771,554693941,"01771M07:34:05.737","01771 07:21:55",208.29,909.64,,,,"     ",5.30,27.82,5.53
1771,554693942,"01771M07:34:06.710","01771 07:21:55",208.31,909.66,,,,"     ",5.30,27.79,5.52
1771,554693943,"01771M07:34:07.683","01771 07:21:56",208.33,909.60,,,,"     ",5.30,27.94,5.55
1771,554693944,"01771M07:34:08.657","01771 07:21:57",208.35,909.70,,,,"     ",5.30,27.88,5.54
1771,554693945,"01771M07:34:09.630","01771 07:21:58",208.36,909.69,,,,"     ",5.30,27.93,5.54
1771,554693946,"01771M07:34:10.603","01771 07:21:59",208.35,909.76,,,,"     ",5.30,27.79,5.51
1771,554693947,"01771M07:34:11.576","01771 07:22:00",208.34,909.66,,,,"     ",5.30,27.90,5.53
1771,554693948,"01771M07:34:12.550","01771 07:22:01",208.32,909.67,,,,"     ",5.30,28.03,5.55
1771,554693949,"01771M07:34:13.523","01771 07:22:02",208.28,909.61,,,,"     ",5.30,27.96,5.53
1771,554693950,"01771M07:34:14.496","01771 07:22:03",208.24,909.59,,,,"     ",5.30,27.98,5.53
1771,554693951,"01771M07:34:15.469","01771 07:22:04",208.20,909.67,,,,"     ",5.30,27.87,5.51
1771,554693952,"01771M07:34:16.443","01771 07:22:05",208.15,909.63,,,,"     ",5.30,28.04,5.54
1771,554693953,"01771M07:34:17.416","01771 07:22:06",208.11,909.62,,,,"     ",5.30,27.92,5.51
1771,554693954,"01771M07:34:18.389","01771 07:22:07",208.08,909.62,,,,"     ",5.30,27.99,5.52
1771,554693955,"01771M07:34:19.362","01771 07:22:08",208.04,909.70,,,,"     ",5.30,28.04,5.53
1771,554693956,"01771M07:34:20.336","01771 07:22:09",208.01,909.61,,,,"     ",5.30,28.23,5.56
1771,554693957,"01771M07:34:21.309","01771 07:22:10",207.99,909.70,,,,"     ",5.30,28.03,5.52
1771,554693958,"01771M07:34:22.282","01771 07:22:11",207.98,909.63,,,,"     ",5.30,28.03,5.52
1771,554693959,"01771M07:34:23.255","01771 07:22:12",207.98,909.71,,,,"     ",5.30,28.05,5.52
1771,554693960,"01771M07:34:24.229","01771 07:22:13",207.98,909.67,,,,"     ",5.30,27.86,5.48
1771,554693961,"01771M07:34:25.202","01771 07:22:14",207.98,909.66,,,,"     ",5.30,28.15,5.53
1771,554693962,"01771M07:34:26.175","01771 07:22:15",207.99,909.74,,,,"     ",5.30,28.01,5.50
1771,554693963,"01771M07:34:27.148","01771 07:22:16",207.99,909.68,,,,"     ",5.30,28.12,5.52
1771,554693964,"01771M07:34:28.122","01771 07:22:17",207.99,909.71,,,,"     ",5.30,28.10,5.52
1771,554693965,"01771M07:34:29.095","01771 07:22:18",207.99,909.68,,,,"     ",5.30,28.09,5.51
1771,554693966,"01771M07:34:30.068","01771 07:22:19",207.98,909.68,,,,"     ",5.30,27.88,5.46
1771,554693967,"01771M07:34:31.041","01771 07:22:20",207.98,909.69,,,,"     ",5.30,27.96,5.48
1771,554693968,"01771M07:34:32.015","01771 07:22:21",207.98,909.66,,,,"     ",5.30,28.17,5.51
1771,554693969,"01771M07:34:32.988","01771 07:22:22",207.98,909.70,,,,"     ",5.30,28.01,5.48
1771,554693970,"01771M07:34:33.961","01771 07:22:23",207.98,909.65,,,,"     ",5.30,28.07,5.49
1771,554693971,"01771M07:34:34.934","01771 07:22:24",207.98,909.71,,,,"     ",5.30,28.05,5.48
1771,554693972,"01771M07:34:35.908","01771 07:22:25",207.97,909.71,,,,"     ",5.30,28.03,5.48
1771,554693973,"01771M07:34:36.881","01771 07:22:26",207.95,909.64,,,,"     ",5.30,28.19,5.50
1771,554693974,"01771M07:34:37.854","01771 07:22:27",207.92,909.68,,,,"     ",5.30,28.33,5.53
1771,554693975,"01771M07:34:38.827","01771 07:22:28",207.87,909.69,,,,"     ",5.30,28.13,5.48
1771,554693976,"01771M07:34:39.801","01771 07:22:29",207.81,909.66,,,,"     ",5.30,28.24,5.51
1771,554693977,"01771M07:34:40.774","01771 07:22:30",207.75,909.75,,,,"     ",5.30,28.08,5.47
1771,554693978,"01771M07:34:41.747","01771 07:22:31",207.67,909.68,,,,"     ",5.30,28.34,5.52
1771,554693979,"01771M07:34:42.720","01771 07:22:32",207.60,909.73,,,,"     ",5.30,28.19,5.49
1771,554693980,"01771M07:34:43.694","01771 07:22:32",207.53,909.78,,,,"     ",5.30,28.13,5.47
1771,554693981,"01771M07:34:44.667","01771 07:22:33",207.47,909.74,,,,"     ",5.30,28.32,5.51
1771,554693982,"01771M07:34:45.640","01771 07:22:34",207.43,909.74,,,,"     ",5.30,28.42,5.53
1771,554693983,"01771M07:34:46.613","01771 07:22:35",207.40,909.77,,,,"     ",5.30,28.26,5.49
1771,554693984,"01771M07:34:47.587","01771 07:22:36",207.39,909.75,,,,"     ",5.30,28.24,5.48
1771,554693985,"01771M07:34:48.560","01771 07:22:37",207.39,909.68,,,,"     ",5.30,28.45,5.52
1771,554693986,"01771M07:34:49.533","01771 07:22:38",207.40,909.73,,,,"     ",5.30,28.36,5.50
1771,554693987,"01771M07:34:50.507","01771 07:22:39",207.43,909.69,,,,"     ",5.30,28.25,5.47
1771,554693988,"01771M07:34:51.480","01771 07:22:40",207.47,909.69,,,,"     ",5.30,28.47,5.52
1771,554693989,"01771M07:34:52.453","01771 07:22:41",207.51,909.63,,,,"     ",5.30,28.38,5.49
1771,554693990,"01771M07:34:53.426","01771 07:22:42",207.56,909.71,,,,"     ",5.30,28.41,5.50
1771,554693991,"01771M07:34:54.400","01771 07:22:43",207.62,909.70,,,,"     ",5.30,28.37,5.49
1771,554693992,"01771M07:34:55.373","01771 07:22:44",207.68,909.69,,,,"     ",5.30,28.31,5.47
1771,554693993,"01771M07:34:56.346","01771 07:22:45",207.75,909.65,,,,"     ",5.30,28.51,5.51
1771,554693994,"01771M07:34:57.319","01771 07:22:46",207.80,909.63,,,,"     ",5.30,28.50,5.50
1771,554693995,"01771M07:34:58.293","01771 07:22:47",207.85,909.73,,,,"     ",5.30,28.49,5.50
1771,554693996,"01771M07:34:59.266","01771 07:22:48",207.90,909.76,,,,"     ",5.30,28.45,5.49
1771,554693997,"01771M07:35:00.239","01771 07:22:49",207.93,909.80,,,,"     ",5.30,28.34,5.46
1771,554693998,"01771M07:35:01.212","01771 07:22:50",207.95,909.81,,,,"     ",5.30,28.53,5.50
1771,554693999,"01771M07:35:02.186","01771 07:22:51",207.96,909.81,,,,"     ",5.30,28.48,5.48
1771,554694000,"01771M07:35:03.159","01771 07:22:52",207.95,909.81,,,,"     ",5.30,28.52,5.49
1771,554694001,"01771M07:35:04.132","01771 07:22:53",207.94,909.76,,,,"     ",5.30,28.59,5.50
1771,554694002,"01771M07:35:05.105","01771 07:22:54",207.92,909.71,,,,"     ",5.30,28.47,5.47
1771,554694003,"01771M07:35:06.079","01771 07:22:55",207.90,909.77,,,,"     ",5.30,28.49,5.47
1771,554694004,"01771M07:35:07.052","01771 07:22:56",207.89,909.64,,,,"     ",5.30,28.78,5.53
1771,554694005,"01771M07:35:08.025","01771 07:22:57",207.88,909.69,,,,"     ",5.30,28.59,5.48
1771,554694006,"01771M07:35:08.998","01771 07:22:58",207.87,909.70,,,,"     ",5.30,28.64,5.49
1771,554694007,"01771M07:35:09.972","01771 07:22:59",207.88,909.69,,,,"     ",5.30,28.57,5.48
1771,554694008,"01771M07:35:10.945","01771 07:23:00",207.89,909.72,,,,"     ",5.30,28.72,5.50
1771,554694009,"01771M07:35:11.918","01771 07:23:01",207.92,909.64,,,,"     ",5.30,28.68,5.49
1771,554694010,"01771M07:35:12.891","01771 07:23:02",207.95,909.74,,,,"     ",5.30,28.77,5.50
1771,554694011,"01771M07:35:13.865","01771 07:23:03",208.00,909.72,,,,"     ",5.30,28.66,5.48
1771,554694012,"01771M07:35:14.838","01771 07:23:04",208.05,909.72,,,,"     ",5.30,28.83,5.51
1771,554694013,"01771M07:35:15.811","01771 07:23:05",208.12,909.66,,,,"     ",5.30,28.75,5.49
1771,554694014,"01771M07:35:16.784","01771 07:23:06",208.18,909.64,,,,"     ",5.30,28.70,5.48
1771,554694015,"01771M07:35:17.758","01771 07:23:07",208.24,909.67,,,,"     ",5.30,28.59,5.45
1771,554694016,"01771M07:35:18.731","01771 07:23:08",208.29,909.74,,,,"     ",5.30,28.83,5.50
1771,554694017,"01771M07:35:19.704","01771 07:23:08",208.32,909.66,,,,"     ",5.30,28.89,5.51
1771,554694018,"01771M07:35:20.677","01771 07:23:09",208.34,909.66,,,,"     ",5.30,28.89,5.50
1771,554694019,"01771M07:35:21.651","01771 07:23:10",208.35,909.70,,,,"     ",5.30,28.65,5.45
1771,554694020,"01771M07:35:22.624","01771 07:23:11",208.36,909.64,,,,"     ",5.30,28.85,5.49
1771,554694021,"01771M07:35:23.597","01771 07:23:12",208.35,909.76,,,,"     ",5.30,28.82,5.48
1771,554694022,"01771M07:35:24.570","01771 07:23:13",208.34,909.74,,,,"     ",5.30,28.86,5.48
1771,554694023,"01771M07:35:25.544","01771 07:23:14",208.33,909.79,,,,"     ",5.30,28.90,5.49
1771,554694024,"01771M07:35:26.517","01771 07:23:15",208.32,909.74,,,,"     ",5.30,28.85,5.47
1771,554694025,"01771M07:35:27.490","01771 07:23:16",208.30,909.77,,,,"     ",5.30,28.92,5.49
1771,554694026,"01771M07:35:28.463","01771 07:23:17",208.29,909.82,,,,"     ",5.30,28.87,5.47
1771,554694027,"01771M07:35:29.437","01771 07:23:18",208.27,909.65,,,,"     ",5.30,28.99,5.49
1771,554694028,"01771M07:35:30.410","01771 07:23:19",208.26,909.74,,,,"     ",5.30,28.99,5.49
1771,554694029,"01771M07:35:31.383","01771 07:23:20",208.24,909.71,,,,"     ",5.30,28.87,5.46
1771,554694030,"01771M07:35:32.356","01771 07:23:21",208.21,909.72,,,,"     ",5.30,29.11,5.50
1771,554694031,"01771M07:35:33.330","01771 07:23:22",208.17,909.76,,,,"     ",5.30,28.98,5.47
1771,554694032,"01771M07:35:34.303","01771 07:23:23",208.12,909.75,,,,"     ",5.30,29.29,5.53
1771,554694033,"01771M07:35:35.276","01771 07:23:24",208.07,909.75,,,,"     ",5.30,29.04,5.48
1771,554694034,"01771M07:35:36.249","01771 07:23:25",208.01,909.76,,,,"     ",5.30,29.02,5.47
1771,554694035,"01771M07:35:37.223","01771 07:23:26",207.96,909.79,,,,"     ",5.30,29.03,5.47
1771,554694036,"01771M07:35:38.196","01771 07:23:27",207.92,909.80,,,,"     ",5.30,29.03,5.47
1771,554694037,"01771M07:35:39.169","01771 07:23:28",207.88,909.84,,,,"     ",5.30,29.02,5.46
1771,554694038,"01771M07:35:40.142","01771 07:23:29",207.84,909.72,,,,"     ",5.30,29.15,5.48
1771,554694039,"01771M07:35:41.116","01771 07:23:30",207.82,909.80,,,,"     ",5.30,29.05,5.46
1771,554694040,"01771M07:35:42.089","01771 07:23:31",207.81,909.77,,,,"     ",5.30,29.19,5.48
1771,554694041,"01771M07:35:43.062","01771 07:23:32",207.80,909.70,,,,"     ",5.30,29.12,5.47
1771,554694042,"01771M07:35:44.035","01771 07:23:33",207.81,909.72,,,,"     ",5.30,29.19,5.48
1771,554694043,"01771M07:35:45.009","01771 07:23:34",207.81,909.67,,,,"     ",5.30,29.29,5.49
1771,554694044,"01771M07:35:45.982","01771 07:23:35",207.82,909.66,,,,"     ",5.30,29.27,5.49
1771,554694045,"01771M07:35:46.955","01771 07:23:36",207.83,909.72,,,,"     ",5.30,29.46,5.52
1771,554694046,"01771M07:35:47.928","01771 07:23:37",207.84,909.68,,,,"     ",5.30,29.32,5.49
1771,554694047,"01771M07:35:48.902","01771 07:23:38",207.85,909.69,,,,"     ",5.30,29.20,5.46
1771,554694048,"01771M07:35:49.875","01771 07:23:39",207.86,909.76,,,,"     ",5.30,29.20,5.46
1771,554694049,"01771M07:35:50.848","01771 07:23:40",207.87,909.70,,,,"     ",5.30,29.34,5.48
1771,554694050,"01771M07:35:51.821","01771 07:23:41",207.88,909.74,,,,"     ",5.30,29.42,5.49
1771,554694051,"01771M07:35:52.795","01771 07:23:42",207.88,909.73,,,,"     ",5.30,29.45,5.50
1771,554694052,"01771M07:35:53.768","01771 07:23:43",207.89,909.77,,,,"     ",5.30,29.33,5.47
1771,554694053,"01771M07:35:54.741","01771 07:23:44",207.89,909.82,,,,"     ",5.30,29.27,5.45
1771,554694054,"01771M07:35:55.714","01771 07:23:45",207.90,909.80,,,,"     ",5.30,29.30,5.45
1771,554694055,"01771M07:35:56.688","01771 07:23:45",207.90,909.77,,,,"     ",5.30,29.28,5.45
1771,554694056,"01771M07:35:57.661","01771 07:23:46",207.91,909.74,,,,"     ",5.30,29.25,5.44
1771,554694057,"01771M07:35:58.634","01771 07:23:47",207.92,909.72,,,,"     ",5.30,29.54,5.49
1771,554694058,"01771M07:35:59.608","01771 07:23:48",207.92,909.71,,,,"     ",5.30,29.37,5.45
1771,554694059,"01771M07:36:00.581","01771 07:23:49",207.93,909.65,,,,"     ",5.30,29.37,5.45
1771,554694060,"01771M07:36:01.554","01771 07:23:50",207.94,909.73,,,,"     ",5.30,29.57,5.49
1771,554694061,"01771M07:36:02.527","01771 07:23:51",207.94,909.74,,,,"     ",5.30,29.51,5.47
1771,554694062,"01771M07:36:03.501","01771 07:23:52",207.95,909.75,,,,"     ",5.30,29.50,5.47
1771,554694063,"01771M07:36:04.474","01771 07:23:53",207.96,909.72,,,,"     ",5.30,29.39,5.44
1771,554694064,"01771M07:36:05.447","01771 07:23:54",207.97,909.67,,,,"     ",5.30,29.50,5.46
1771,554694065,"01771M07:36:06.420","01771 07:23:55",207.97,909.64,,,,"     ",5.30,29.57,5.47
1771,554694066,"01771M07:36:07.394","01771 07:23:56",207.98,909.70,,,,"     ",5.30,29.64,5.48
1771,554694067,"01771M07:36:08.367","01771 07:23:57",207.99,909.78,,,,"     ",5.30,29.40,5.43
1771,554694068,"01771M07:36:09.340","01771 07:23:58",207.99,909.82,,,,"     ",5.30,29.74,5.49
1771,554694069,"01771M07:36:10.313","01771 07:23:59",206.97,909.76,,,,"     ",5.30,29.60,5.46
1771,554694070,"01771M07:36:11.287","01771 07:24:00",207.10,909.81,,,,"     ",5.30,29.62,5.46
1771,554694071,"01771M07:36:12.260","01771 07:24:01",207.23,909.70,,,,"     ",5.30,29.57,5.45
1771,554694072,"01771M07:36:13.233","01771 07:24:02",207.34,909.67,,,,"     ",5.30,29.39,5.41
1771,554694073,"01771M07:36:14.206","01771 07:24:03",207.44,909.80,,,,"     ",5.30,29.68,5.46
1771,554694074,"01771M07:36:15.180","01771 07:24:04",207.53,909.73,,,,"     ",5.30,29.58,5.44
1771,554694075,"01771M07:36:16.153","01771 07:24:05",207.60,909.71,,,,"     ",5.30,29.89,5.49
1771,554694076,"01771M07:36:17.126","01771 07:24:06",207.67,909.71,,,,"     ",5.30,29.73,5.46
1771,554694077,"01771M07:36:18.099","01771 07:24:07",207.73,909.71,,,,"     ",5.30,29.84,5.48
1771,554694078,"01771M07:36:19.073","01771 07:24:08",207.78,909.71,,,,"     ",5.30,29.61,5.43
1771,554694079,"01771M07:36:20.046","01771 07:24:09",207.82,909.76,,,,"     ",5.30,29.66,5.44
1771,554694080,"01771M07:36:21.019","01771 07:24:10",207.85,909.82,,,,"     ",5.30,29.75,5.45
1771,554694081,"01771M07:36:21.992","01771 07:24:11",207.87,909.77,,,,"     ",5.30,29.63,5.42
1771,554694082,"01771M07:36:22.966","01771 07:24:12",207.87,909.75,,,,"     ",5.30,29.94,5.48
1771,554694083,"01771M07:36:23.939","01771 07:24:13",207.86,909.71,,,,"     ",5.30,30.02,5.49
1771,554694084,"01771M07:36:24.912","01771 07:24:14",207.88,909.70,,,,"     ",5.30,29.56,5.40
1771,554694085,"01771M07:36:25.885","01771 07:24:15",207.92,909.69,,,,"     ",5.30,29.92,5.47
1771,554694086,"01771M07:36:26.859","01771 07:24:16",207.96,909.72,,,,"     ",5.30,29.85,5.45
1771,554694087,"01771M07:36:27.832","01771 07:24:17",208.00,909.73,,,,"     ",5.30,29.85,5.45
1771,554694088,"01771M07:36:28.805","01771 07:24:18",208.05,909.74,,,,"     ",5.30,29.74,5.42
1771,554694089,"01771M07:36:29.778","01771 07:24:19",208.10,909.74,,,,"     ",5.30,29.95,5.46
1771,554694090,"01771M07:36:30.752","01771 07:24:20",208.16,909.76,,,,"     ",5.30,29.82,5.43
1771,554694091,"01771M07:36:31.725","01771 07:24:21",208.23,909.79,,,,"     ",5.30,29.89,5.44
1771,554694092,"01771M07:36:32.698","01771 07:24:22",208.27,909.79,,,,"     ",5.30,29.77,5.42
1771,554694093,"01771M07:36:33.671","01771 07:24:22",208.30,909.72,,,,"     ",5.30,29.94,5.45
1771,554694094,"01771M07:36:34.645","01771 07:24:23",208.31,909.72,,,,"     ",5.30,29.91,5.44
1771,554694095,"01771M07:36:35.618","01771 07:24:24",208.30,909.78,,,,"     ",5.30,29.85,5.42
1771,554694096,"01771M07:36:36.591","01771 07:24:25",208.28,909.74,,,,"     ",5.30,30.01,5.45
1771,554694097,"01771M07:36:37.564","01771 07:24:26",208.24,909.77,,,,"     ",5.30,29.87,5.42
1771,554694098,"01771M07:36:38.538","01771 07:24:27",208.18,909.75,,,,"     ",5.30,30.11,5.46
1771,554694099,"01771M07:36:39.511","01771 07:24:28",208.12,909.72,,,,"     ",5.30,29.94,5.43
1771,554694100,"01771M07:36:40.484","01771 07:24:29",208.07,909.69,,,,"     ",5.30,29.99,5.43
1771,554694101,"01771M07:36:41.457","01771 07:24:30",208.01,909.81,,,,"     ",5.30,29.87,5.41
1771,554694102,"01771M07:36:42.431","01771 07:24:31",207.96,909.71,,,,"     ",5.30,29.90,5.41
1771,554694103,"01771M07:36:43.404","01771 07:24:32",207.91,909.84,,,,"     ",5.30,29.89,5.41
1771,554694104,"01771M07:36:44.377","01771 07:24:33",207.85,909.80,,,,"     ",5.30,30.06,5.44
1771,554694105,"01771M07:36:45.350","01771 07:24:34",207.80,909.79,,,,"     ",5.30,30.08,5.44
1771,554694106,"01771M07:36:46.324","01771 07:24:35",207.74,909.77,,,,"     ",5.30,29.96,5.41
1771,554694107,"01771M07:36:47.297","01771 07:24:36",207.70,909.80,,,,"     ",5.30,29.79,5.38
1771,554694108,"01771M07:36:48.270","01771 07:24:37",207.67,909.69,,,,"     ",5.30,30.12,5.43
1771,554694109,"01771M07:36:49.243","01771 07:24:38",207.67,909.78,,,,"     ",5.30,30.06,5.42
1771,554694110,"01771M07:36:50.217","01771 07:24:39",207.68,909.75,,,,"     ",5.30,30.18,5.44
1771,554694111,"01771M07:36:51.190","01771 07:24:40",207.69,909.74,,,,"     ",5.30,30.08,5.41
1771,554694112,"01771M07:36:52.163","01771 07:24:41",207.69,909.76,,,,"     ",5.30,30.06,5.41
1771,554694113,"01771M07:36:53.136","01771 07:24:42",207.68,909.74,,,,"     ",5.30,29.99,5.40
1771,554694114,"01771M07:36:54.110","01771 07:24:43",207.67,909.76,,,,"     ",5.30,30.17,5.42
1771,554694115,"01771M07:36:55.083","01771 07:24:44",207.65,909.77,,,,"     ",5.30,29.98,5.38
1771,554694116,"01771M07:36:56.056","01771 07:24:45",207.63,909.69,,,,"     ",5.30,30.00,5.39
1771,554694117,"01771M07:36:57.029","01771 07:24:46",207.63,909.81,,,,"     ",5.30,29.94,5.37
1771,554694118,"01771M07:36:58.003","01771 07:24:47",207.63,909.72,,,,"     ",5.30,30.17,5.41
1771,554694119,"01771M07:36:58.976","01771 07:24:48",207.65,909.73,,,,"     ",5.30,30.09,5.39
1771,554694120,"01771M07:36:59.949","01771 07:24:49",207.68,909.78,,,,"     ",5.30,30.14,5.40
1771,554694121,"01771M07:37:00.922","01771 07:24:50",207.72,909.78,,,,"     ",5.30,30.22,5.41
1771,554694122,"01771M07:37:01.896","01771 07:24:51",207.74,909.81,,,,"     ",5.30,30.28,5.42
1771,554694123,"01771M07:37:02.869","01771 07:24:52",207.75,909.89,,,,"     ",5.30,30.24,5.41
1771,554694124,"01771M07:37:03.842","01771 07:24:53",207.74,909.85,,,,"     ",5.30,30.21,5.40
1771,554694125,"01771M07:37:04.815","01771 07:24:54",207.72,909.79,,,,"     ",5.30,30.09,5.38
1771,554694126,"01771M07:37:05.789","01771 07:24:55",207.70,909.82,,,,"     ",5.30,30.23,5.40
1771,554694127,"01771M07:37:06.762","01771 07:24:56",207.68,909.88,,,,"     ",5.30,30.25,5.40
1771,554694128,"01771M07:37:07.735","01771 07:24:57",207.66,909.88,,,,"     ",5.30,30.32,5.41
1771,554694129,"01771M07:37:08.709","01771 07:24:58",207.65,909.81,,,,"     ",5.30,30.32,5.41
1771,554694130,"01771M07:37:09.682","01771 07:24:58",207.65,909.80,,,,"     ",5.30,30.26,5.39
1771,554694131,"01771M07:37:10.655","01771 07:24:59",207.63,909.85,,,,"     ",5.30,30.28,5.39
1771,554694132,"01771M07:37:11.628","01771 07:25:00",207.60,909.84,,,,"     ",5.30,30.35,5.40
1771,554694133,"01771M07:37:12.602","01771 07:25:01",207.57,909.77,,,,"     ",5.30,30.21,5.37
1771,554694134,"01771M07:37:13.575","01771 07:25:02",207.55,909.85,,,,"     ",5.30,30.26,5.38
1771,554694135,"01771M07:37:14.548","01771 07:25:03",207.55,909.83,,,,"     ",5.30,30.34,5.39
1771,554694136,"01771M07:37:15.521","01771 07:25:04",207.58,909.85,,,,"     ",5.30,30.24,5.37
1771,554694137,"01771M07:37:16.495","01771 07:25:05",207.61,909.83,,,,"     ",5.30,30.35,5.39
1771,554694138,"01771M07:37:17.468","01771 07:25:06",207.64,909.85,,,,"     ",5.30,30.38,5.39
1771,554694139,"01771M07:37:18.441","01771 07:25:07",207.65,909.87,,,,"     ",5.30,30.67,5.44
1771,554694140,"01771M07:37:19.414","01771 07:25:08",207.65,909.88,,,,"     ",5.30,30.37,5.38
1771,554694141,"01771M07:37:20.388","01771 07:25:09",207.65,909.76,,,,"     ",5.30,30.41,5.38
1771,554694142,"01771M07:37:21.361","01771 07:25:10",207.63,909.73,,,,"     ",5.30,30.39,5.38
1771,554694143,"01771M07:37:22.334","01771 07:25:11",207.61,909.81,,,,"     ",5.30,30.34,5.37
1771,554694144,"01771M07:37:23.307","01771 07:25:12",207.59,909.82,,,,"     ",5.30,30.50,5.39
1771,554694145,"01771M07:37:24.281","01771 07:25:13",207.58,909.78,,,,"     ",5.30,30.40,5.37
1771,554694146,"01771M07:37:25.254","01771 07:25:14",207.58,909.84,,,,"     ",5.30,30.64,5.41
1771,554694147,"01771M07:37:26.227","01771 07:25:15",207.58,909.77,,,,"     ",5.30,30.48,5.38
1771,554694148,"01771M07:37:27.200","01771 07:25:16",207.60,909.75,,,,"     ",5.30,30.60,5.40
1771,554694149,"01771M07:37:28.174","01771 07:25:17",207.62,909.70,,,,"     ",5.30,30.44,5.36
1771,554694150,"01771M07:37:29.147","01771 07:25:18",207.64,909.77,,,,"     ",5.30,30.67,5.40
1771,554694151,"01771M07:37:30.120","01771 07:25:19",207.63,909.78,,,,"     ",5.30,30.60,5.39
1771,554694152,"01771M07:37:31.093","01771 07:25:20",207.61,909.79,,,,"     ",5.30,30.71,5.40
1771,554694153,"01771M07:37:32.067","01771 07:25:21",207.59,909.76,,,,"     ",5.30,30.67,5.39
1771,554694154,"01771M07:37:33.040","01771 07:25:22",207.58,909.82,,,,"     ",5.30,30.72,5.40
1771,554694155,"01771M07:37:34.013","01771 07:25:23",207.59,909.86,,,,"     ",5.30,30.62,5.38
1771,554694156,"01771M07:37:34.986","01771 07:25:24",207.59,909.73,,,,"     ",5.30,30.66,5.38
1771,554694157,"01771M07:37:35.960","01771 07:25:25",207.59,909.76,,,,"     ",5.30,30.76,5.40
1771,554694158,"01771M07:37:36.933","01771 07:25:26",207.58,909.82,,,,"     ",5.30,30.86,5.41
1771,554694159,"01771M07:37:37.906","01771 07:25:27",207.56,909.85,,,,"     ",5.30,30.75,5.39
1771,554694160,"01771M07:37:38.879","01771 07:25:28",207.55,909.87,,,,"     ",5.30,30.77,5.39
1771,554694161,"01771M07:37:39.853","01771 07:25:29",207.55,909.82,,,,"     ",5.30,30.67,5.37
1771,554694162,"01771M07:37:40.826","01771 07:25:30",207.56,909.82,,,,"     ",5.30,30.88,5.40
1771,554694163,"01771M07:37:41.799","01771 07:25:31",207.58,909.87,,,,"     ",5.30,30.83,5.39
1771,554694164,"01771M07:37:42.772","01771 07:25:32",207.60,909.82,,,,"     ",5.30,30.72,5.37
1771,554694165,"01771M07:37:43.746","01771 07:25:33",207.61,909.81,,,,"     ",5.30,30.87,5.39
1771,554694166,"01771M07:37:44.719","01771 07:25:34",207.61,909.77,,,,"     ",5.30,30.71,5.36
1771,554694167,"01771M07:37:45.692","01771 07:25:35",207.61,909.76,,,,"     ",5.30,30.97,5.40
1771,554694168,"01771M07:37:46.665","01771 07:25:35",207.61,909.76,,,,"     ",5.30,31.03,5.41
1771,554694169,"01771M07:37:47.639","01771 07:25:36",207.63,909.80,,,,"     ",5.30,30.95,5.39
1771,554694170,"01771M07:37:48.612","01771 07:25:37",207.65,909.83,,,,"     ",5.30,30.96,5.39
1771,554694171,"01771M07:37:49.585","01771 07:25:38",207.66,909.81,,,,"     ",5.30,30.98,5.39
1771,554694172,"01771M07:37:50.558","01771 07:25:39",207.68,909.82,,,,"     ",5.30,30.93,5.38
1771,554694173,"01771M07:37:51.532","01771 07:25:40",207.69,909.82,,,,"     ",5.30,31.20,5.43
1771,554694174,"01771M07:37:52.505","01771 07:25:41",207.71,909.84,,,,"     ",5.30,31.23,5.43
1771,554694175,"01771M07:37:53.478","01771 07:25:42",207.72,909.73,,,,"     ",5.30,30.94,5.37
1771,554694176,"01771M07:37:54.451","01771 07:25:43",207.72,909.88,,,,"     ",5.30,31.00,5.38
1771,554694177,"01771M07:37:55.425","01771 07:25:44",207.72,909.84,,,,"     ",5.30,30.87,5.36
1771,554694178,"01771M07:37:56.398","01771 07:25:45",207.72,909.82,,,,"     ",5.30,30.84,5.35
1771,554694179,"01771M07:37:57.371","01771 07:25:46",207.73,909.85,,,,"     ",5.30,31.14,5.40
1771,554694180,"01771M07:37:58.344","01771 07:25:47",207.74,909.80,,,,"     ",5.30,31.04,5.38
1771,554694181,"01771M07:37:59.318","01771 07:25:48",207.75,909.80,,,,"     ",5.30,30.91,5.35
1771,554694182,"01771M07:38:00.291","01771 07:25:49",207.76,909.86,,,,"     ",5.30,31.20,5.40
1771,554694183,"01771M07:38:01.264","01771 07:25:50",207.78,909.86,,,,"     ",5.30,31.04,5.37
1771,554694184,"01771M07:38:02.237","01771 07:25:51",207.80,909.90,,,,"     ",5.30,31.12,5.38
1771,554694185,"01771M07:38:03.211","01771 07:25:52",207.82,909.84,,,,"     ",5.30,31.01,5.36
1771,554694186,"01771M07:38:04.184","01771 07:25:53",207.82,909.84,,,,"     ",5.30,31.16,5.38
1771,554694187,"01771M07:38:05.157","01771 07:25:54",207.81,909.80,,,,"     ",5.30,30.91,5.33
1771,554694188,"01771M07:38:06.130","01771 07:25:55",207.78,909.76,,,,"     ",5.30,30.90,5.33
1771,554694189,"01771M07:38:07.104","01771 07:25:56",207.73,909.77,,,,"     ",5.30,31.27,5.39
1771,554694190,"01771M07:38:08.077","01771 07:25:57",207.66,909.78,,,,"     ",5.30,31.16,5.37
1771,554694191,"01771M07:38:09.050","01771 07:25:58",207.57,909.70,,,,"     ",5.30,31.28,5.39
1771,554694192,"01771M07:38:10.023","01771 07:25:59",207.45,909.79,,,,"     ",5.30,31.11,5.36
1771,554694193,"01771M07:38:10.997","01771 07:26:00",207.34,909.76,,,,"     ",5.30,31.30,5.38
1771,554694194,"01771M07:38:11.970","01771 07:26:01",207.26,909.80,,,,"     ",5.30,31.17,5.36
1771,554694195,"01771M07:38:12.943","01771 07:26:02",207.21,909.80,,,,"     ",5.30,31.24,5.37
1771,554694196,"01771M07:38:13.916","01771 07:26:03",207.20,909.75,,,,"     ",5.30,31.20,5.36
1771,554694197,"01771M07:38:14.890","01771 07:26:04",207.23,909.80,,,,"     ",5.30,31.34,5.38
1771,554694198,"01771M07:38:15.863","01771 07:26:05",207.28,909.80,,,,"     ",5.30,31.16,5.34
1771,554694199,"01771M07:38:16.836","01771 07:26:06",207.32,909.78,,,,"     ",5.30,31.20,5.35
1771,554694200,"01771M07:38:17.810","01771 07:26:07",207.37,909.79,,,,"     ",5.30,31.16,5.34
1771,554694201,"01771M07:38:18.783","01771 07:26:08",207.42,909.85,,,,"     ",5.30,31.32,5.37
1771,554694202,"01771M07:38:19.756","01771 07:26:09",207.47,909.91,,,,"     ",5.30,31.51,5.40
1771,554694203,"01771M07:38:20.729","01771 07:26:10",207.53,909.93,,,,"     ",5.30,31.17,5.33
1771,554694204,"01771M07:38:21.703","01771 07:26:11",207.58,909.78,,,,"     ",5.30,31.29,5.35
1771,554694205,"01771M07:38:22.676","01771 07:26:12",207.61,909.78,,,,"     ",5.30,31.22,5.34
1771,554694206,"01771M07:38:23.649","01771 07:26:12",207.62,909.79,,,,"     ",5.30,31.36,5.36
1771,554694207,"01771M07:38:24.622","01771 07:26:13",207.62,909.80,,,,"     ",5.30,31.17,5.32
1771,554694208,"01771M07:38:25.596","01771 07:26:14",207.61,909.80,,,,"     ",5.30,31.38,5.35
1771,554694209,"01771M07:38:26.569","01771 07:26:15",207.60,909.85,,,,"     ",5.30,31.46,5.37
1771,554694210,"01771M07:38:27.542","01771 07:26:16",207.61,909.87,,,,"     ",5.30,31.69,5.40
1771,554694211,"01771M07:38:28.515","01771 07:26:17",207.62,909.88,,,,"     ",5.30,31.36,5.34
1771,554694212,"01771M07:38:29.489","01771 07:26:18",207.63,909.89,,,,"     ",5.30,31.41,5.35
1771,554694213,"01771M07:38:30.462","01771 07:26:19",207.65,909.87,,,,"     ",5.30,31.53,5.37
1771,554694214,"01771M07:38:31.435","01771 07:26:20",207.68,909.89,,,,"     ",5.30,31.50,5.36
1771,554694215,"01771M07:38:32.408","01771 07:26:21",207.71,909.87,,,,"     ",5.30,31.43,5.34
1771,554694216,"01771M07:38:33.382","01771 07:26:22",207.72,909.89,,,,"     ",5.30,31.24,5.31
1771,554694217,"01771M07:38:34.355","01771 07:26:23",207.72,909.90,,,,"     ",5.30,31.58,5.36
1771,554694218,"01771M07:38:35.328","01771 07:26:24",207.71,909.94,,,,"     ",5.30,31.52,5.35
1771,554694219,"01771M07:38:36.301","01771 07:26:25",207.68,909.96,,,,"     ",5.30,31.45,5.34
1771,554694220,"01771M07:38:37.275","01771 07:26:26",207.66,909.90,,,,"     ",5.30,31.62,5.36
1771,554694221,"01771M07:38:38.248","01771 07:26:27",207.66,909.89,,,,"     ",5.30,31.44,5.33
1771,554694222,"01771M07:38:39.221","01771 07:26:28",207.67,909.90,,,,"     ",5.30,31.55,5.34
1771,554694223,"01771M07:38:40.194","01771 07:26:29",207.68,909.87,,,,"     ",5.30,31.27,5.29
1771,554694224,"01771M07:38:41.168","01771 07:26:30",207.69,909.87,,,,"     ",5.30,31.52,5.33
1771,554694225,"01771M07:38:42.141","01771 07:26:31",207.70,909.87,,,,"     ",5.30,31.47,5.32
1771,554694226,"01771M07:38:43.114","01771 07:26:32",207.72,909.82,,,,"     ",5.30,31.66,5.35
1771,554694227,"01771M07:38:44.087","01771 07:26:33",207.75,909.86,,,,"     ",5.30,31.53,5.32
1771,554694228,"01771M07:38:45.061","01771 07:26:34",207.79,909.86,,,,"     ",5.30,31.88,5.38
1771,554694229,"01771M07:38:46.034","01771 07:26:35",207.82,909.81,,,,"     ",5.30,31.50,5.31
1771,554694230,"01771M07:38:47.007","01771 07:26:36",207.84,909.90,,,,"     ",5.30,31.60,5.33
1771,554694231,"01771M07:38:47.980","01771 07:26:37",207.84,909.83,,,,"     ",5.30,31.56,5.32
1771,554694232,"01771M07:38:48.954","01771 07:26:38",207.82,909.83,,,,"     ",5.30,31.81,5.36
1771,554694233,"01771M07:38:49.927","01771 07:26:39",207.77,909.87,,,,"     ",5.30,31.77,5.35
1771,554694234,"01771M07:38:50.900","01771 07:26:40",207.73,909.90,,,,"     ",5.30,31.76,5.34
1771,554694235,"01771M07:38:51.873","01771 07:26:41",207.69,909.85,,,,"     ",5.30,31.68,5.33
1771,554694236,"01771M07:38:52.847","01771 07:26:42",207.66,909.77,,,,"     ",5.30,31.79,5.34
1771,554694237,"01771M07:38:53.820","01771 07:26:43",207.63,909.85,,,,"     ",5.30,31.61,5.31
1771,554694238,"01771M07:38:54.793","01771 07:26:44",207.61,909.86,,,,"     ",5.30,31.81,5.34
1771,554694239,"01771M07:38:55.766","01771 07:26:45",207.61,909.85,,,,"     ",5.30,31.64,5.31
1771,554694240,"01771M07:38:56.740","01771 07:26:46",207.60,909.83,,,,"     ",5.30,31.75,5.32
1771,554694241,"01771M07:38:57.713","01771 07:26:47",207.60,909.82,,,,"     ",5.30,31.86,5.34
1771,554694242,"01771M07:38:58.686","01771 07:26:48",207.62,909.88,,,,"     ",5.30,31.73,5.31
1771,554694243,"01771M07:38:59.659","01771 07:26:49",207.64,909.84,,,,"     ",5.30,31.78,5.32
1771,554694244,"01771M07:39:00.633","01771 07:26:49",207.67,909.94,,,,"     ",5.30,31.83,5.33
1771,554694245,"01771M07:39:01.606","01771 07:26:50",207.69,909.88,,,,"     ",5.30,31.91,5.34
1771,554694246,"01771M07:39:02.579","01771 07:26:51",207.71,909.87,,,,"     ",5.30,31.83,5.32
1771,554694247,"01771M07:39:03.552","01771 07:26:52",207.72,909.84,,,,"     ",5.30,31.74,5.30
1771,554694248,"01771M07:39:04.526","01771 07:26:53",207.72,909.81,,,,"     ",5.30,31.90,5.32
1771,554694249,"01771M07:39:05.499","01771 07:26:54",207.72,909.83,,,,"     ",5.30,32.02,5.34
1771,554694250,"01771M07:39:06.472","01771 07:26:55",207.72,909.81,,,,"     ",5.30,31.87,5.32
1771,554694251,"01771M07:39:07.445","01771 07:26:56",207.73,909.78,,,,"     ",5.30,31.98,5.33
1771,554694252,"01771M07:39:08.419","01771 07:26:57",207.75,909.81,,,,"     ",5.30,31.88,5.31
1771,554694253,"01771M07:39:09.392","01771 07:26:58",207.78,909.82,,,,"     ",5.30,32.05,5.34
1771,554694254,"01771M07:39:10.365","01771 07:26:59",207.82,909.82,,,,"     ",5.30,31.84,5.30
1771,554694255,"01771M07:39:11.338","01771 07:27:00",207.85,909.84,,,,"     ",5.30,31.65,5.26
1771,554694256,"01771M07:39:12.312","01771 07:27:01",207.87,909.91,,,,"     ",5.30,31.80,5.29
1771,554694257,"01771M07:39:13.285","01771 07:27:02",207.86,909.92,,,,"     ",5.30,32.02,5.32
1771,554694258,"01771M07:39:14.258","01771 07:27:03",207.85,910.00,,,,"     ",5.30,32.00,5.31
1771,554694259,"01771M07:39:15.231","01771 07:27:04",207.83,909.91,,,,"     ",5.30,31.85,5.29
1771,554694260,"01771M07:39:16.205","01771 07:27:05",207.82,909.94,,,,"     ",5.30,31.90,5.29
1771,554694261,"01771M07:39:17.178","01771 07:27:06",207.82,909.89,,,,"     ",5.30,31.81,5.27
1771,554694262,"01771M07:39:18.151","01771 07:27:07",207.82,909.89,,,,"     ",5.30,32.03,5.31
1771,554694263,"01771M07:39:19.124","01771 07:27:08",207.83,909.92,,,,"     ",5.30,31.94,5.29
1771,554694264,"01771M07:39:20.098","01771 07:27:09",207.83,909.87,,,,"     ",5.30,31.96,5.29
1771,554694265,"01771M07:39:21.071","01771 07:27:10",207.82,909.97,,,,"     ",5.30,31.99,5.29
1771,554694266,"01771M07:39:22.044","01771 07:27:11",207.80,909.93,,,,"     ",5.30,31.81,5.26
1771,554694267,"01771M07:39:23.017","01771 07:27:12",207.80,909.93,,,,"     ",5.30,32.22,5.33
1771,554694268,"01771M07:39:23.991","01771 07:27:13",207.82,909.97,,,,"     ",5.30,31.89,5.27
1771,554694269,"01771M07:39:24.964","01771 07:27:14",207.85,909.98,,,,"     ",5.30,31.96,5.28
1771,554694270,"01771M07:39:25.937","01771 07:27:15",207.89,909.98,,,,"     ",5.30,32.01,5.28
1771,554694271,"01771M07:39:26.911","01771 07:27:16",207.91,910.01,,,,"     ",5.30,31.97,5.27
1771,554694272,"01771M07:39:27.884","01771 07:27:17",207.90,910.06,,,,"     ",5.30,32.20,5.31
1771,554694273,"01771M07:39:28.857","01771 07:27:18",207.86,909.99,,,,"     ",5.30,31.84,5.25
1771,554694274,"01771M07:39:29.830","01771 07:27:19",207.82,910.03,,,,"     ",5.30,32.01,5.27
1771,554694275,"01771M07:39:30.804","01771 07:27:20",207.78,910.01,,,,"     ",5.30,31.96,5.26
1771,554694276,"01771M07:39:31.777","01771 07:27:21",207.77,910.05,,,,"     ",5.30,31.84,5.24
1771,554694277,"01771M07:39:32.750","01771 07:27:22",207.77,909.95,,,,"     ",5.30,32.09,5.28
1771,554694278,"01771M07:39:33.723","01771 07:27:23",207.76,910.02,,,,"     ",5.30,31.92,5.25
1771,554694279,"01771M07:39:34.697","01771 07:27:24",207.75,909.90,,,,"     ",5.30,32.08,5.27
1771,554694280,"01771M07:39:35.670","01771 07:27:25",207.73,909.85,,,,"     ",5.30,32.03,5.26
1771,554694281,"01771M07:39:36.643","01771 07:27:25",207.69,909.86,,,,"     ",5.30,32.06,5.26
1771,554694282,"01771M07:39:37.616","01771 07:27:26",207.37,909.94,,,,"     ",5.30,32.17,5.28
1771,554694283,"01771M07:39:38.590","01771 07:27:27",207.31,909.90,,,,"     ",5.30,32.02,5.25
1771,554694284,"01771M07:39:39.563","01771 07:27:28",207.24,909.93,,,,"     ",5.30,31.98,5.24
1771,554694285,"01771M07:39:40.536","01771 07:27:29",207.18,910.03,,,,"     ",5.30,31.99,5.24
1771,554694286,"01771M07:39:41.509","01771 07:27:30",207.14,909.93,,,,"     ",5.30,32.00,5.24
1771,554694287,"01771M07:39:42.483","01771 07:27:31",207.11,909.90,,,,"     ",5.30,32.20,5.27
1771,554694288,"01771M07:39:43.456","01771 07:27:32",207.22,909.84,,,,"     ",5.30,32.12,5.25
1771,554694289,"01771M07:39:44.429","01771 07:27:33",207.20,909.87,,,,"     ",5.30,31.90,5.22
1771,554694290,"01771M07:39:45.402","01771 07:27:34",207.18,909.86,,,,"     ",5.30,31.94,5.22
1771,554694291,"01771M07:39:46.376","01771 07:27:35",207.16,909.88,,,,"     ",5.30,32.14,5.25
1771,554694292,"01771M07:39:47.349","01771 07:27:36",207.15,909.95,,,,"     ",5.30,32.25,5.26
1771,554694293,"01771M07:39:48.322","01771 07:27:37",207.16,909.95,,,,"     ",5.30,32.39,5.28
1771,554694294,"01771M07:39:49.295","01771 07:27:38",207.18,909.97,,,,"     ",5.30,32.32,5.27
1771,554694295,"01771M07:39:50.269","01771 07:27:39",207.22,910.00,,,,"     ",5.30,32.24,5.25
1771,554694296,"01771M07:39:51.242","01771 07:27:40",207.25,909.96,,,,"     ",5.30,32.18,5.24
1771,554694297,"01771M07:39:52.215","01771 07:27:41",207.26,909.92,,,,"     ",5.30,32.24,5.25
1771,554694298,"01771M07:39:53.188","01771 07:27:42",207.26,909.91,,,,"     ",5.30,32.07,5.22
1771,554694299,"01771M07:39:54.162","01771 07:27:43",207.26,909.96,,,,"     ",5.30,32.21,5.24
1771,554694300,"01771M07:39:55.135","01771 07:27:44",207.25,910.00,,,,"     ",5.30,32.32,5.25
1771,554694301,"01771M07:39:56.108","01771 07:27:45",207.26,909.86,,,,"     ",5.30,32.29,5.25
1771,554694302,"01771M07:39:57.081","01771 07:27:46",207.29,909.89,,,,"     ",5.30,32.22,5.23
1771,554694303,"01771M07:39:58.055","01771 07:27:47",207.33,909.93,,,,"     ",5.30,32.27,5.23
1771,554694304,"01771M07:39:59.028","01771 07:27:48",207.37,909.95,,,,"     ",5.30,32.37,5.25
1771,554694305,"01771M07:40:00.001","01771 07:27:49",207.43,910.00,,,,"     ",5.30,32.18,5.22
1771,554694306,"01771M07:40:00.974","01771 07:27:50",207.47,909.94,,,,"     ",5.30,32.33,5.24
1771,554694307,"01771M07:40:01.948","01771 07:27:51",207.49,909.97,,,,"     ",5.30,32.47,5.26
1771,554694308,"01771M07:40:02.921","01771 07:27:52",207.50,909.94,,,,"     ",5.30,32.41,5.25
1771,554694309,"01771M07:40:03.894","01771 07:27:53",207.51,909.94,,,,"     ",5.30,32.41,5.24
1771,554694310,"01771M07:40:04.867","01771 07:27:54",207.52,909.94,,,,"     ",5.30,32.11,5.19
1771,554694311,"01771M07:40:05.841","01771 07:27:55",207.52,909.91,,,,"     ",5.30,32.31,5.22
1771,554694312,"01771M07:40:06.814","01771 07:27:56",207.50,909.96,,,,"     ",5.30,32.45,5.24
1771,554694313,"01771M07:40:07.787","01771 07:27:57",207.49,909.91,,,,"     ",5.30,32.28,5.21
1771,554694314,"01771M07:40:08.760","01771 07:27:58",207.49,910.00,,,,"     ",5.30,32.15,5.19
1771,554694315,"01771M07:40:09.734","01771 07:27:59",207.51,910.01,,,,"     ",5.30,32.48,5.24
1771,554694316,"01771M07:40:10.707","01771 07:28:00",207.55,910.09,,,,"     ",5.30,32.42,5.23
1771,554694317,"01771M07:40:11.680","01771 07:28:01",207.61,909.96,,,,"     ",5.30,32.33,5.21
1771,554694318,"01771M07:40:12.653","01771 07:28:02",207.41,910.01,,,,"     ",5.30,32.37,5.21
1771,554694319,"01771M07:40:13.627","01771 07:28:02",207.43,910.00,,,,"     ",5.30,32.45,5.22
1771,554694320,"01771M07:40:14.600","01771 07:28:03",207.45,909.99,,,,"     ",5.30,32.47,5.22
1771,554694321,"01771M07:40:15.573","01771 07:28:04",207.46,909.95,,,,"     ",5.30,32.40,5.21
1771,554694322,"01771M07:40:16.546","01771 07:28:05",207.47,909.89,,,,"     ",5.30,32.41,5.21
1771,554694323,"01771M07:40:17.520","01771 07:28:06",207.47,909.99,,,,"     ",5.30,32.54,5.23
1771,554694324,"01771M07:40:18.493","01771 07:28:07",207.47,910.02,,,,"     ",5.30,32.51,5.22
1771,554694325,"01771M07:40:19.466","01771 07:28:08",207.45,910.03,,,,"     ",5.30,32.60,5.23
1771,554694326,"01771M07:40:20.439","01771 07:28:09",207.41,909.96,,,,"     ",5.30,32.53,5.22
1771,554694327,"01771M07:40:21.413","01771 07:28:10",207.37,910.01,,,,"     ",5.30,32.45,5.20
1771,554694328,"01771M07:40:22.386","01771 07:28:11",207.33,910.06,,,,"     ",5.30,32.50,5.21
1771,554694329,"01771M07:40:23.359","01771 07:28:12",207.30,910.07,,,,"     ",5.30,32.48,5.20
1771,554694330,"01771M07:40:24.332","01771 07:28:13",207.27,910.07,,,,"     ",5.30,32.46,5.19
1771,554694331,"01771M07:40:25.306","01771 07:28:14",207.26,909.99,,,,"     ",5.30,32.54,5.20
1771,554694332,"01771M07:40:26.279","01771 07:28:15",207.26,910.08,,,,"     ",5.30,32.47,5.19
1771,554694333,"01771M07:40:27.252","01771 07:28:16",207.27,910.04,,,,"     ",5.30,32.53,5.20
1771,554694334,"01771M07:40:28.225","01771 07:28:17",207.31,909.96,,,,"     ",5.30,32.35,5.16
1771,554694335,"01771M07:40:29.199","01771 07:28:18",207.37,909.98,,,,"     ",5.30,32.54,5.19
1771,554694336,"01771M07:40:30.172","01771 07:28:19",207.43,909.99,,,,"     ",5.30,32.64,5.21
1771,554694337,"01771M07:40:31.145","01771 07:28:20",207.49,910.00,,,,"     ",5.30,32.60,5.20
1771,554694338,"01771M07:40:32.118","01771 07:28:21",207.72,910.02,,,,"     ",5.30,32.67,5.21
1771,554694339,"01771M07:40:33.092","01771 07:28:22",207.75,910.00,,,,"     ",5.30,32.60,5.19
1771,554694340,"01771M07:40:34.065","01771 07:28:23",207.75,909.96,,,,"     ",5.30,32.50,5.17
1771,554694341,"01771M07:40:35.038","01771 07:28:24",207.75,910.00,,,,"     ",5.30,32.68,5.20
1771,554694342,"01771M07:40:36.011","01771 07:28:25",207.76,909.96,,,,"     ",5.30,32.73,5.20
1771,554694343,"01771M07:40:36.985","01771 07:28:26",207.77,909.95,,,,"     ",5.30,32.68,5.19
1771,554694344,"01771M07:40:37.958","01771 07:28:27",207.80,910.01,,,,"     ",5.30,32.72,5.20
1771,554694345,"01771M07:40:38.931","01771 07:28:28",207.83,910.04,,,,"     ",5.30,32.59,5.17
1771,554694346,"01771M07:40:39.905","01771 07:28:29",207.85,910.01,,,,"     ",5.30,32.84,5.21
1771,554694347,"01771M07:40:40.878","01771 07:28:30",207.86,910.08,,,,"     ",5.30,32.85,5.21
1771,554694348,"01771M07:40:41.851","01771 07:28:31",207.87,910.06,,,,"     ",5.30,32.83,5.20
1771,554694349,"01771M07:40:42.824","01771 07:28:32",207.66,910.10,,,,"     ",5.30,32.63,5.16
1771,554694350,"01771M07:40:43.798","01771 07:28:33",207.66,910.19,,,,"     ",5.30,32.53,5.15
1771,554694351,"01771M07:40:44.771","01771 07:28:34",207.87,910.04,,,,"     ",5.30,32.90,5.20
1771,554694352,"01771M07:40:45.744","01771 07:28:35",207.89,910.10,,,,"     ",5.30,32.88,5.20
1771,554694353,"01771M07:40:46.717","01771 07:28:36",207.91,910.01,,,,"     ",5.30,32.77,5.18
1771,554694354,"01771M07:40:47.691","01771 07:28:37",207.93,910.03,,,,"     ",5.30,32.79,5.17
1771,554694355,"01771M07:40:48.664","01771 07:28:38",207.94,910.03,,,,"     ",5.30,32.59,5.14
1771,554694356,"01771M07:40:49.637","01771 07:28:39",207.90,910.03,,,,"     ",5.30,32.69,5.15
1771,554694357,"01771M07:40:50.610","01771 07:28:39",207.81,910.00,,,,"     ",5.30,32.81,5.17
1771,554694358,"01771M07:40:51.584","01771 07:28:40",207.70,910.05,,,,"     ",5.30,32.84,5.17
1771,554694359,"01771M07:40:52.557","01771 07:28:41",207.58,910.04,,,,"     ",5.30,33.02,5.20
1771,554694360,"01771M07:40:53.530","01771 07:28:42",207.45,910.06,,,,"     ",5.30,32.85,5.17
1771,554694361,"01771M07:40:54.503","01771 07:28:43",207.35,910.03,,,,"     ",5.30,32.93,5.18
1771,554694362,"01771M07:40:55.477","01771 07:28:44",207.26,910.07,,,,"     ",5.30,33.14,5.21
1771,554694363,"01771M07:40:56.450","01771 07:28:45",207.20,909.97,,,,"     ",5.30,33.05,5.19
1771,554694364,"01771M07:40:57.423","01771 07:28:46",207.16,909.90,,,,"     ",5.30,32.99,5.17
1771,554694365,"01771M07:40:58.396","01771 07:28:47",207.14,910.00,,,,"     ",5.30,32.81,5.14
1771,554694366,"01771M07:40:59.370","01771 07:28:48",207.13,910.01,,,,"     ",5.30,32.84,5.15
1771,554694367,"01771M07:41:00.343","01771 07:28:49",207.14,910.05,,,,"     ",5.30,33.09,5.18
1771,554694368,"01771M07:41:01.316","01771 07:28:50",207.16,909.99,,,,"     ",5.30,33.13,5.19
1771,554694369,"01771M07:41:02.289","01771 07:28:51",207.19,910.00,,,,"     ",5.30,32.93,5.15
1771,554694370,"01771M07:41:03.263","01771 07:28:52",207.24,909.96,,,,"     ",5.30,33.12,5.18
1771,554694371,"01771M07:41:04.236","01771 07:28:53",207.31,910.00,,,,"     ",5.30,33.04,5.16
1771,554694372,"01771M07:41:05.209","01771 07:28:54",207.39,910.03,,,,"     ",5.30,33.13,5.17
1771,554694373,"01771M07:41:06.182","01771 07:28:55",207.49,909.98,,,,"     ",5.30,33.08,5.16
1771,554694374,"01771M07:41:07.156","01771 07:28:56",207.60,910.01,,,,"     ",5.30,33.06,5.16
1771,554694375,"01771M07:41:08.129","01771 07:28:57",207.73,909.94,,,,"     ",5.30,33.18,5.17
1771,554694376,"01771M07:41:09.102","01771 07:28:58",207.87,909.92,,,,"     ",5.30,33.17,5.17
1771,554694377,"01771M07:41:10.075","01771 07:28:59",207.63,910.01,,,,"     ",5.30,33.17,5.16
1771,554694378,"01771M07:41:11.049","01771 07:29:00",207.57,910.00,,,,"     ",5.30,33.05,5.14
1771,554694379,"01771M07:41:12.022","01771 07:29:01",207.52,909.95,,,,"     ",5.30,33.24,5.17
1771,554694380,"01771M07:41:12.995","01771 07:29:02",207.48,910.02,,,,"     ",5.30,33.22,5.16
1771,554694381,"01771M07:41:13.968","01771 07:29:03",207.45,910.12,,,,"     ",5.30,33.37,5.18
1771,554694382,"01771M07:41:14.942","01771 07:29:04",207.42,910.05,,,,"     ",5.30,33.27,5.16
1771,554694383,"01771M07:41:15.915","01771 07:29:05",207.40,910.04,,,,"     ",5.30,33.38,5.17
1771,554694384,"01771M07:41:16.888","01771 07:29:06",207.47,910.04,,,,"     ",5.30,33.35,5.17
1771,554694385,"01771M07:41:17.861","01771 07:29:07",207.44,910.02,,,,"     ",5.30,33.27,5.15
1771,554694386,"01771M07:41:18.835","01771 07:29:08",207.42,910.08,,,,"     ",5.30,33.26,5.15
1771,554694387,"01771M07:41:19.808","01771 07:29:09",207.41,910.08,,,,"     ",5.30,33.22,5.14
1771,554694388,"01771M07:41:20.781","01771 07:29:10",207.42,909.99,,,,"     ",5.30,33.45,5.17
1771,554694389,"01771M07:41:21.754","01771 07:29:11",207.43,910.01,,,,"     ",5.30,33.41,5.16
1771,554694390,"01771M07:41:22.728","01771 07:29:12",207.47,909.99,,,,"     ",5.30,33.44,5.16
1771,554694391,"01771M07:41:23.701","01771 07:29:13",207.53,910.06,,,,"     ",5.30,33.50,5.17
1771,554694392,"01771M07:41:24.674","01771 07:29:14",207.45,910.06,,,,"     ",5.30,33.44,5.16
1771,554694393,"01771M07:41:25.647","01771 07:29:15",207.47,910.03,,,,"     ",5.30,33.52,5.16
1771,554694394,"01771M07:41:26.621","01771 07:29:16",207.47,910.06,,,,"     ",5.30,33.45,5.15
1771,554694395,"01771M07:41:27.594","01771 07:29:16",207.45,910.07,,,,"     ",5.30,33.32,5.12
1771,554694396,"01771M07:41:28.567","01771 07:29:17",207.43,910.06,,,,"     ",5.30,33.47,5.15
1771,554694397,"01771M07:41:29.540","01771 07:29:18",207.41,910.11,,,,"     ",5.30,33.61,5.16
1771,554694398,"01771M07:41:30.514","01771 07:29:19",207.40,910.07,,,,"     ",5.30,33.41,5.13
1771,554694399,"01771M07:41:31.487","01771 07:29:20",207.40,910.09,,,,"     ",5.30,33.64,5.16
1771,554694400,"01771M07:41:32.460","01771 07:29:21",207.41,910.06,,,,"     ",5.30,33.59,5.15
1771,554694401,"01771M07:41:33.433","01771 07:29:22",207.43,910.08,,,,"     ",5.30,33.57,5.15
1771,554694402,"01771M07:41:34.407","01771 07:29:23",207.45,910.12,,,,"     ",5.30,33.57,5.14
1771,554694403,"01771M07:41:35.380","01771 07:29:24",207.49,910.07,,,,"     ",5.30,33.49,5.12
1771,554694404,"01771M07:41:36.353","01771 07:29:25",207.54,910.12,,,,"     ",5.30,33.58,5.14
1771,554694405,"01771M07:41:37.326","01771 07:29:26",207.58,910.07,,,,"     ",5.30,33.64,5.14
1771,554694406,"01771M07:41:38.300","01771 07:29:27",207.62,910.04,,,,"     ",5.30,33.57,5.13
1771,554694407,"01771M07:41:39.273","01771 07:29:28",207.66,910.04,,,,"     ",5.30,33.53,5.12
1771,554694408,"01771M07:41:40.246","01771 07:29:29",207.69,910.07,,,,"     ",5.30,33.56,5.12
1771,554694409,"01771M07:41:41.219","01771 07:29:30",207.70,910.16,,,,"     ",5.30,33.66,5.13
1771,554694410,"01771M07:41:42.193","01771 07:29:31",207.70,910.09,,,,"     ",5.30,33.63,5.13
1771,554694411,"01771M07:41:43.166","01771 07:29:32",207.68,910.04,,,,"     ",5.30,33.67,5.13
1771,554694412,"01771M07:41:44.139","01771 07:29:33",207.66,909.96,,,,"     ",5.30,33.80,5.14
1771,554694413,"01771M07:41:45.112","01771 07:29:34",207.64,910.06,,,,"     ",5.30,33.91,5.16
1771,554694414,"01771M07:41:46.086","01771 07:29:35",207.61,910.03,,,,"     ",5.30,33.56,5.10
1771,554694415,"01771M07:41:47.059","01771 07:29:36",207.58,910.09,,,,"     ",5.30,33.61,5.11
1771,554694416,"01771M07:41:48.032","01771 07:29:37",207.55,910.12,,,,"     ",5.30,33.84,5.14
1771,554694417,"01771M07:41:49.006","01771 07:29:38",207.52,910.08,,,,"     ",5.30,33.82,5.13
1771,554694418,"01771M07:41:49.979","01771 07:29:39",207.50,910.08,,,,"     ",5.30,33.90,5.14
1771,554694419,"01771M07:41:50.952","01771 07:29:40",207.50,910.00,,,,"     ",5.30,33.80,5.12
1771,554694420,"01771M07:41:51.925","01771 07:29:41",207.50,910.00,,,,"     ",5.30,34.03,5.15
1771,554694421,"01771M07:41:52.899","01771 07:29:42",207.51,910.09,,,,"     ",5.30,33.73,5.10
1771,554694422,"01771M07:41:53.872","01771 07:29:43",207.52,909.95,,,,"     ",5.30,33.90,5.12
1771,554694423,"01771M07:41:54.845","01771 07:29:44",207.54,910.08,,,,"     ",5.30,33.96,5.13
1771,554694424,"01771M07:41:55.818","01771 07:29:45",207.55,910.15,,,,"     ",5.30,34.00,5.14
1771,554694425,"01771M07:41:56.792","01771 07:29:46",207.56,910.16,,,,"     ",5.30,33.86,5.11
1771,554694426,"01771M07:41:57.765","01771 07:29:47",207.56,910.12,,,,"     ",5.30,33.87,5.11
1771,554694427,"01771M07:41:58.738","01771 07:29:48",207.57,910.14,,,,"     ",5.30,34.18,5.15
1771,554694428,"01771M07:41:59.711","01771 07:29:49",207.57,910.07,,,,"     ",5.30,33.96,5.11
1771,554694429,"01771M07:42:00.685","01771 07:29:50",207.58,910.14,,,,"     ",5.30,34.01,5.12
1771,554694430,"01771M07:42:01.658","01771 07:29:51",207.58,910.08,,,,"     ",5.30,33.97,5.11
1771,554694431,"01771M07:42:02.631","01771 07:29:52",207.58,910.12,,,,"     ",5.30,34.00,5.11
1771,554694432,"01771M07:42:03.604","01771 07:29:52",207.57,910.14,,,,"     ",5.30,34.14,5.13
1771,554694433,"01771M07:42:04.578","01771 07:29:53",207.57,910.16,,,,"     ",5.30,34.25,5.14
1771,554694434,"01771M07:42:05.551","01771 07:29:54",207.57,910.15,,,,"     ",5.30,34.23,5.13
1771,554694435,"01771M07:42:06.524","01771 07:29:55",207.57,910.08,,,,"     ",5.30,34.22,5.13
1771,554694436,"01771M07:42:07.497","01771 07:29:56",207.57,910.10,,,,"     ",5.30,33.97,5.09
1771,554694437,"01771M07:42:08.471","01771 07:29:57",207.56,910.13,,,,"     ",5.30,34.00,5.09
1771,554694438,"01771M07:42:09.444","01771 07:29:58",207.56,910.04,,,,"     ",5.30,33.97,5.08
1771,554694439,"01771M07:42:10.417","01771 07:29:59",207.55,910.08,,,,"     ",5.30,34.06,5.09
1771,554694440,"01771M07:42:11.390","01771 07:30:00",207.53,910.10,,,,"     ",5.30,34.21,5.11
1771,554694441,"01771M07:42:12.364","01771 07:30:01",207.52,910.12,,,,"     ",5.30,34.14,5.09
1771,554694442,"01771M07:42:13.337","01771 07:30:02",207.51,910.12,,,,"     ",5.30,34.24,5.11
1771,554694443,"01771M07:42:14.310","01771 07:30:03",207.50,910.12,,,,"     ",5.30,34.30,5.11
1771,554694444,"01771M07:42:15.283","01771 07:30:04",207.49,910.06,,,,"     ",5.30,34.07,5.07
1771,554694445,"01771M07:42:16.257","01771 07:30:05",207.48,910.01,,,,"     ",5.30,34.36,5.11
1771,554694446,"01771M07:42:17.230","01771 07:30:06",207.47,910.08,,,,"     ",5.30,34.29,5.10
1771,554694447,"01771M07:42:18.203","01771 07:30:07",207.46,910.10,,,,"     ",5.30,34.30,5.10
1771,554694448,"01771M07:42:19.176","01771 07:30:08",207.46,909.98,,,,"     ",5.30,34.12,5.07
1771,554694449,"01771M07:42:20.150","01771 07:30:09",207.47,910.06,,,,"     ",5.30,34.15,5.07
1771,554694450,"01771M07:42:21.123","01771 07:30:10",207.49,910.10,,,,"     ",5.30,34.35,5.09
1771,554694451,"01771M07:42:22.096","01771 07:30:11",207.54,910.14,,,,"     ",5.30,34.39,5.10
1771,554694452,"01771M07:42:23.069","01771 07:30:12",207.59,910.11,,,,"     ",5.30,34.39,5.09
1771,554694453,"01771M07:42:24.043","01771 07:30:13",207.64,910.13,,,,"     ",5.30,34.31,5.08
1771,554694454,"01771M07:42:25.016","01771 07:30:14",207.66,910.11,,,,"     ",5.30,34.22,5.06
1771,554694455,"01771M07:42:25.989","01771 07:30:15",207.66,910.17,,,,"     ",5.30,34.39,5.08
1771,554694456,"01771M07:42:26.962","01771 07:30:16",207.64,910.18,,,,"     ",5.30,34.52,5.10
1771,554694457,"01771M07:42:27.936","01771 07:30:17",207.61,910.28,,,,"     ",5.30,34.52,5.10
1771,554694458,"01771M07:42:28.909","01771 07:30:18",207.58,910.28,,,,"     ",5.30,34.41,5.08
1771,554694459,"01771M07:42:29.882","01771 07:30:19",207.57,910.12,,,,"     ",5.30,34.63,5.11
1771,554694460,"01771M07:42:30.855","01771 07:30:20",207.55,910.15,,,,"     ",5.30,34.34,5.06
1771,554694461,"01771M07:42:31.829","01771 07:30:21",207.54,910.11,,,,"     ",5.30,34.52,5.08
1771,554694462,"01771M07:42:32.802","01771 07:30:22",207.54,910.16,,,,"     ",5.30,34.53,5.08
1771,554694463,"01771M07:42:33.775","01771 07:30:23",207.53,910.09,,,,"     ",5.30,34.53,5.08
1771,554694464,"01771M07:42:34.748","01771 07:30:24",207.53,910.05,,,,"     ",5.30,34.60,5.08
1771,554694465,"01771M07:42:35.722","01771 07:30:25",207.53,910.04,,,,"     ",5.30,34.54,5.07
1771,554694466,"01771M07:42:36.695","01771 07:30:26",207.53,910.06,,,,"     ",5.30,34.63,5.08
1771,554694467,"01771M07:42:37.668","01771 07:30:27",207.54,910.08,,,,"     ",5.30,34.77,5.10
1771,554694468,"01771M07:42:38.641","01771 07:30:28",207.53,910.12,,,,"     ",5.30,34.57,5.06
1771,554694469,"01771M07:42:39.615","01771 07:30:29",207.52,910.08,,,,"     ",5.30,34.52,5.05
1771,554694470,"01771M07:42:40.588","01771 07:30:29",207.49,910.04,,,,"     ",5.30,34.60,5.06
1771,554694471,"01771M07:42:41.561","01771 07:30:30",207.45,910.17,,,,"     ",5.30,34.43,5.03
1771,554694472,"01771M07:42:42.534","01771 07:30:31",207.38,910.15,,,,"     ",5.30,34.45,5.03
1771,554694473,"01771M07:42:43.508","01771 07:30:32",207.29,910.13,,,,"     ",5.30,34.49,5.03
1771,554694474,"01771M07:42:44.481","01771 07:30:33",207.20,910.18,,,,"     ",5.30,34.78,5.07
1771,554694475,"01771M07:42:45.454","01771 07:30:34",207.12,910.13,,,,"     ",5.30,34.62,5.05
1771,554694476,"01771M07:42:46.427","01771 07:30:35",207.08,910.04,,,,"     ",5.30,35.00,5.10
1771,554694477,"01771M07:42:47.401","01771 07:30:36",207.08,910.06,,,,"     ",5.30,34.61,5.04
1771,554694478,"01771M07:42:48.374","01771 07:30:37",207.09,910.16,,,,"     ",5.30,34.81,5.06
1771,554694479,"01771M07:42:49.347","01771 07:30:38",207.10,910.09,,,,"     ",5.30,34.71,5.05
1771,554694480,"01771M07:42:50.320","01771 07:30:39",207.12,910.08,,,,"     ",5.30,34.48,5.01
1771,554694481,"01771M07:42:51.294","01771 07:30:40",207.14,910.10,,,,"     ",5.30,34.85,5.06
1771,554694482,"01771M07:42:52.267","01771 07:30:41",207.16,910.07,,,,"     ",5.30,34.87,5.06
1771,554694483,"01771M07:42:53.240","01771 07:30:42",207.18,910.12,,,,"     ",5.30,35.03,5.08
1771,554694484,"01771M07:42:54.213","01771 07:30:43",207.20,910.11,,,,"     ",5.30,34.86,5.05
1771,554694485,"01771M07:42:55.187","01771 07:30:44",207.21,910.11,,,,"     ",5.30,34.98,5.06
1771,554694486,"01771M07:42:56.160","01771 07:30:45",207.22,910.11,,,,"     ",5.30,34.63,5.01
1771,554694487,"01771M07:42:57.133","01771 07:30:46",207.23,910.09,,,,"     ",5.30,34.99,5.06
1771,554694488,"01771M07:42:58.107","01771 07:30:47",207.22,910.14,,,,"     ",5.30,34.77,5.02
1771,554694489,"01771M07:42:59.080","01771 07:30:48",207.22,910.04,,,,"     ",5.30,34.81,5.02
1771,554694490,"01771M07:43:00.053","01771 07:30:49",207.22,910.07,,,,"     ",5.30,34.81,5.02
1771,554694491,"01771M07:43:01.026","01771 07:30:50",207.23,910.04,,,,"     ",5.30,35.11,5.06
1771,554694492,"01771M07:43:02.000","01771 07:30:51",207.24,910.07,,,,"     ",5.30,34.69,5.00
1771,554694493,"01771M07:43:02.973","01771 07:30:52",207.26,910.04,,,,"     ",5.30,35.01,5.04
1771,554694494,"01771M07:43:03.946","01771 07:30:53",207.28,910.15,,,,"     ",5.30,34.96,5.03
1771,554694495,"01771M07:43:04.919","01771 07:30:54",207.31,910.09,,,,"     ",5.30,35.26,5.07
1771,554694496,"01771M07:43:05.893","01771 07:30:55",207.33,910.11,,,,"     ",5.30,34.78,5.00
1771,554694497,"01771M07:43:06.866","01771 07:30:56",207.34,910.05,,,,"     ",5.30,34.95,5.02
1771,554694498,"01771M07:43:07.839","01771 07:30:57",207.34,910.03,,,,"     ",5.30,35.10,5.04
1771,554694499,"01771M07:43:08.812","01771 07:30:58",207.32,910.18,,,,"     ",5.30,34.84,5.00
1771,554694500,"01771M07:43:09.786","01771 07:30:59",207.29,910.15,,,,"     ",5.30,34.95,5.01
1771,554694501,"01771M07:43:10.759","01771 07:31:00",207.27,910.17,,,,"     ",5.30,35.06,5.02
1771,554694502,"01771M07:43:11.732","01771 07:31:01",207.26,910.19,,,,"     ",5.30,34.90,4.99
1771,554694503,"01771M07:43:12.705","01771 07:31:02",207.26,910.21,,,,"     ",5.30,34.84,4.98
1771,554694504,"01771M07:43:13.679","01771 07:31:03",207.26,910.20,,,,"     ",5.30,34.89,4.99
1771,554694505,"01771M07:43:14.652","01771 07:31:04",207.27,910.23,,,,"     ",5.30,34.64,4.95
1771,554694506,"01771M07:43:15.625","01771 07:31:05",207.29,910.16,,,,"     ",5.30,35.02,5.00
1771,554694507,"01771M07:43:16.598","01771 07:31:06",207.32,910.23,,,,"     ",5.30,35.15,5.02
1771,554694508,"01771M07:43:17.572","01771 07:31:06",207.34,910.22,,,,"     ",5.30,34.98,4.99
1771,554694509,"01771M07:43:18.545","01771 07:31:07",207.36,910.15,,,,"     ",5.30,34.95,4.98
1771,554694510,"01771M07:43:19.518","01771 07:31:08",207.37,910.12,,,,"     ",5.30,35.10,5.00
1771,554694511,"01771M07:43:20.491","01771 07:31:09",207.37,910.16,,,,"     ",5.30,35.02,4.99
1771,554694512,"01771M07:43:21.465","01771 07:31:10",207.37,910.18,,,,"     ",5.30,35.06,4.99
1771,554694513,"01771M07:43:22.438","01771 07:31:11",207.37,910.25,,,,"     ",5.30,35.14,5.00
1771,554694514,"01771M07:43:23.411","01771 07:31:12",207.36,910.18,,,,"     ",5.30,35.00,4.97
1771,554694515,"01771M07:43:24.384","01771 07:31:13",207.36,910.15,,,,"     ",5.30,35.09,4.99
1771,554694516,"01771M07:43:25.358","01771 07:31:14",207.36,910.23,,,,"     ",5.30,35.14,4.99
1771,554694517,"01771M07:43:26.331","01771 07:31:15",207.35,910.18,,,,"     ",5.30,35.07,4.98
1771,554694518,"01771M07:43:27.304","01771 07:31:16",207.34,910.13,,,,"     ",5.30,35.04,4.97
1771,554694519,"01771M07:43:28.277","01771 07:31:17",207.32,910.15,,,,"     ",5.30,35.33,5.01
1771,554694520,"01771M07:43:29.251","01771 07:31:18",207.30,910.12,,,,"     ",5.30,34.94,4.95
1771,554694521,"01771M07:43:30.224","01771 07:31:19",207.29,910.05,,,,"     ",5.30,34.89,4.94
1771,554694522,"01771M07:43:31.197","01771 07:31:20",207.30,910.16,,,,"     ",5.30,35.27,4.99
1771,554694523,"01771M07:43:32.170","01771 07:31:21",207.31,910.10,,,,"     ",5.30,35.20,4.98
1771,554694524,"01771M07:43:33.144","01771 07:31:22",207.32,910.09,,,,"     ",5.30,35.04,4.96
1771,554694525,"01771M07:43:34.117","01771 07:31:23",207.34,910.14,,,,"     ",5.30,35.11,4.96
1771,554694526,"01771M07:43:35.090","01771 07:31:24",207.36,910.15,,,,"     ",5.30,35.15,4.97
1771,554694527,"01771M07:43:36.063","01771 07:31:25",207.37,910.16,,,,"     ",5.30,35.12,4.96
1771,554694528,"01771M07:43:37.037","01771 07:31:26",207.38,910.17,,,,"     ",5.30,35.20,4.97
1771,554694529,"01771M07:43:38.010","01771 07:31:27",207.38,910.09,,,,"     ",5.30,35.08,4.95
1771,554694530,"01771M07:43:38.983","01771 07:31:28",207.37,910.08,,,,"     ",5.30,34.99,4.93
1771,554694531,"01771M07:43:39.956","01771 07:31:29",207.36,910.14,,,,"     ",5.30,34.98,4.93
1771,554694532,"01771M07:43:40.930","01771 07:31:30",207.36,910.19,,,,"     ",5.30,35.21,4.96
1771,554694533,"01771M07:43:41.903","01771 07:31:31",207.36,910.19,,,,"     ",5.30,35.33,4.97
1771,554694534,"01771M07:43:42.876","01771 07:31:32",207.36,910.15,,,,"     ",5.30,35.15,4.94
1771,554694535,"01771M07:43:43.849","01771 07:31:33",207.35,910.22,,,,"     ",5.30,35.12,4.94
1771,554694536,"01771M07:43:44.823","01771 07:31:34",207.35,910.20,,,,"     ",5.30,35.36,4.97
1771,554694537,"01771M07:43:45.796","01771 07:31:35",207.34,910.16,,,,"     ",5.30,35.28,4.96
1771,554694538,"01771M07:43:46.769","01771 07:31:36",207.35,910.21,,,,"     ",5.30,35.19,4.94
1771,554694539,"01771M07:43:47.742","01771 07:31:37",207.37,910.15,,,,"     ",5.30,35.29,4.95
1771,554694540,"01771M07:43:48.716","01771 07:31:38",207.39,910.19,,,,"     ",5.30,35.52,4.98
1771,554694541,"01771M07:43:49.689","01771 07:31:39",207.43,910.20,,,,"     ",5.30,35.42,4.97
1771,554694542,"01771M07:43:50.662","01771 07:31:40",207.47,910.16,,,,"     ",5.30,35.16,4.93
1771,554694543,"01771M07:43:51.635","01771 07:31:41",207.50,910.17,,,,"     ",5.30,35.52,4.97
1771,554694544,"01771M07:43:52.609","01771 07:31:42",207.52,910.17,,,,"     ",5.30,35.20,4.93
1771,554694545,"01771M07:43:53.582","01771 07:31:42",207.54,910.15,,,,"     ",5.30,35.39,4.95
1771,554694546,"01771M07:43:54.555","01771 07:31:43",207.54,910.18,,,,"     ",5.30,35.24,4.93
1771,554694547,"01771M07:43:55.528","01771 07:31:44",207.54,910.17,,,,"     ",5.30,35.17,4.91
1771,554694548,"01771M07:43:56.502","01771 07:31:45",207.53,910.16,,,,"     ",5.30,35.30,4.93
1771,554694549,"01771M07:43:57.475","01771 07:31:46",207.51,910.21,,,,"     ",5.30,35.46,4.95
1771,554694550,"01771M07:43:58.448","01771 07:31:47",207.48,910.20,,,,"     ",5.30,35.32,4.92
1771,554694551,"01771M07:43:59.421","01771 07:31:48",207.46,910.14,,,,"     ",5.30,35.28,4.92
1771,554694552,"01771M07:44:00.395","01771 07:31:49",207.45,910.08,,,,"     ",5.30,35.45,4.94
1771,554694553,"01771M07:44:01.368","01771 07:31:50",207.44,910.09,,,,"     ",5.30,35.30,4.91
1771,554694554,"01771M07:44:02.341","01771 07:31:51",207.43,910.08,,,,"     ",5.30,35.22,4.90
1771,554694555,"01771M07:44:03.314","01771 07:31:52",207.42,910.17,,,,"     ",5.30,35.56,4.94
1771,554694556,"01771M07:44:04.288","01771 07:31:53",207.41,910.15,,,,"     ",5.30,35.44,4.92
1771,554694557,"01771M07:44:05.261","01771 07:31:54",207.41,910.09,,,,"     ",5.30,35.45,4.92
1771,554694558,"01771M07:44:06.234","01771 07:31:55",207.43,910.08,,,,"     ",5.30,35.48,4.92
1771,554694559,"01771M07:44:07.208","01771 07:31:56",207.45,910.13,,,,"     ",5.30,35.45,4.92
1771,554694560,"01771M07:44:08.181","01771 07:31:57",207.47,910.09,,,,"     ",5.30,35.39,4.90
1771,554694561,"01771M07:44:09.154","01771 07:31:58",207.50,910.06,,,,"     ",5.30,35.60,4.93
1771,554694562,"01771M07:44:10.127","01771 07:31:59",207.52,910.08,,,,"     ",5.30,35.63,4.93
1771,554694563,"01771M07:44:11.101","01771 07:32:00",207.53,910.09,,,,"     ",5.30,35.58,4.93
1771,554694564,"01771M07:44:12.074","01771 07:32:01",207.55,910.02,,,,"     ",5.30,35.45,4.90
1771,554694565,"01771M07:44:13.047","01771 07:32:02",207.56,910.11,,,,"     ",5.30,35.60,4.92
1771,554694566,"01771M07:44:14.020","01771 07:32:03",207.57,910.12,,,,"     ",5.30,35.44,4.89
1771,554694567,"01771M07:44:14.994","01771 07:32:04",207.58,910.12,,,,"     ",5.30,35.42,4.89
1771,554694568,"01771M07:44:15.967","01771 07:32:05",207.60,910.15,,,,"     ",5.30,35.62,4.92
1771,554694569,"01771M07:44:16.940","01771 07:32:06",207.62,910.19,,,,"     ",5.30,35.69,4.92
1771,554694570,"01771M07:44:17.913","01771 07:32:07",207.65,910.15,,,,"     ",5.30,35.26,4.86
1771,554694571,"01771M07:44:18.887","01771 07:32:08",207.68,910.11,,,,"     ",5.30,35.39,4.87
1771,554694572,"01771M07:44:19.860","01771 07:32:09",207.72,910.24,,,,"     ",5.30,35.66,4.91
1771,554694573,"01771M07:44:20.833","01771 07:32:10",207.75,910.10,,,,"     ",5.30,35.58,4.90
1771,554694574,"01771M07:44:21.806","01771 07:32:11",207.77,910.16,,,,"     ",5.30,35.74,4.92
1771,554694575,"01771M07:44:22.780","01771 07:32:12",207.79,910.09,,,,"     ",5.30,35.58,4.89
1771,554694576,"01771M07:44:23.753","01771 07:32:13",207.80,910.12,,,,"     ",5.30,35.42,4.87
1771,554694577,"01771M07:44:24.726","01771 07:32:14",207.81,910.11,,,,"     ",5.30,35.53,4.88
1771,554694578,"01771M07:44:25.699","01771 07:32:15",207.81,910.06,,,,"     ",5.30,35.60,4.89
1771,554694579,"01771M07:44:26.673","01771 07:32:16",207.82,910.09,,,,"     ",5.30,35.64,4.89
1771,554694580,"01771M07:44:27.646","01771 07:32:17",207.82,910.16,,,,"     ",5.30,35.61,4.88
1771,554694581,"01771M07:44:28.619","01771 07:32:18",207.81,910.12,,,,"     ",5.30,35.38,4.85
1771,554694582,"01771M07:44:29.592","01771 07:32:19",207.80,910.22,,,,"     ",5.30,35.58,4.87
1771,554694583,"01771M07:44:30.566","01771 07:32:19",207.78,910.11,,,,"     ",5.30,35.72,4.89
1771,554694584,"01771M07:44:31.539","01771 07:32:20",207.76,910.14,,,,"     ",5.30,35.73,4.89
1771,554694585,"01771M07:44:32.512","01771 07:32:21",207.75,910.12,,,,"     ",5.30,35.65,4.87
1771,554694586,"01771M07:44:33.485","01771 07:32:22",207.74,910.13,,,,"     ",5.30,35.81,4.89
1771,554694587,"01771M07:44:34.459","01771 07:32:23",207.74,910.16,,,,"     ",5.30,35.60,4.86
1771,554694588,"01771M07:44:35.432","01771 07:32:24",207.75,910.18,,,,"     ",5.30,35.82,4.89
1771,554694589,"01771M07:44:36.405","01771 07:32:25",207.75,910.13,,,,"     ",5.30,35.89,4.90
1771,554694590,"01771M07:44:37.378","01771 07:32:26",207.75,910.14,,,,"     ",5.30,35.73,4.87
1771,554694591,"01771M07:44:38.352","01771 07:32:27",207.74,910.04,,,,"     ",5.30,35.54,4.84
1771,554694592,"01771M07:44:39.325","01771 07:32:28",207.72,910.16,,,,"     ",5.30,35.82,4.88
1771,554694593,"01771M07:44:40.298","01771 07:32:29",207.69,910.09,,,,"     ",5.30,35.69,4.86
1771,554694594,"01771M07:44:41.271","01771 07:32:30",207.67,910.16,,,,"     ",5.30,35.85,4.88
1771,554694595,"01771M07:44:42.245","01771 07:32:31",207.64,910.23,,,,"     ",5.30,35.64,4.85
1771,554694596,"01771M07:44:43.218","01771 07:32:32",207.61,910.12,,,,"     ",5.30,35.86,4.88
1771,554694597,"01771M07:44:44.191","01771 07:32:33",207.60,910.11,,,,"     ",5.30,35.81,4.87
1771,554694598,"01771M07:44:45.164","01771 07:32:34",207.59,910.12,,,,"     ",5.30,35.89,4.88
1771,554694599,"01771M07:44:46.138","01771 07:32:35",207.68,910.18,,,,"     ",5.30,35.99,4.89
1771,554694600,"01771M07:44:47.111","01771 07:32:36",207.66,910.15,,,,"     ",5.30,35.93,4.88
1771,554694601,"01771M07:44:48.084","01771 07:32:37",207.66,910.13,,,,"     ",5.30,36.09,4.89
1771,554694602,"01771M07:44:49.057","01771 07:32:38",207.70,910.16,,,,"     ",5.30,35.80,4.85
1771,554694603,"01771M07:44:50.031","01771 07:32:39",207.76,910.23,,,,"     ",5.30,35.87,4.86
1771,554694604,"01771M07:44:51.004","01771 07:32:40",207.76,910.21,,,,"     ",5.30,35.71,4.83
1771,554694605,"01771M07:44:51.977","01771 07:32:41",207.82,910.21,,,,"     ",5.30,36.13,4.89
1771,554694606,"01771M07:44:52.950","01771 07:32:42",207.88,910.14,,,,"     ",5.30,36.00,4.87
1771,554694607,"01771M07:44:53.924","01771 07:32:43",207.92,910.21,,,,"     ",5.30,35.75,4.83
1771,554694608,"01771M07:44:54.897","01771 07:32:44",207.95,910.14,,,,"     ",5.30,36.06,4.87
1771,554694609,"01771M07:44:55.870","01771 07:32:45",207.95,910.27,,,,"     ",5.30,36.12,4.88
1771,554694610,"01771M07:44:56.843","01771 07:32:46",207.96,910.12,,,,"     ",5.30,36.13,4.88
1771,554694611,"01771M07:44:57.817","01771 07:32:47",207.96,910.22,,,,"     ",5.30,36.27,4.89
1771,554694612,"01771M07:44:58.790","01771 07:32:48",207.97,910.19,,,,"     ",5.30,36.19,4.88
1771,554694613,"01771M07:44:59.763","01771 07:32:49",207.99,910.15,,,,"     ",5.30,36.00,4.85
1771,554694614,"01771M07:45:00.736","01771 07:32:50",208.01,910.16,,,,"     ",5.30,36.07,4.86
1771,554694615,"01771M07:45:01.710","01771 07:32:51",208.01,910.14,,,,"     ",5.30,36.05,4.85
1771,554694616,"01771M07:45:02.683","01771 07:32:52",207.99,910.15,,,,"     ",5.30,36.18,4.87
1771,554694617,"01771M07:45:03.656","01771 07:32:53",207.97,910.16,,,,"     ",5.30,36.08,4.85
1771,554694618,"01771M07:45:04.629","01771 07:32:54",207.95,910.16,,,,"     ",5.30,36.14,4.86
1771,554694619,"01771M07:45:05.603","01771 07:32:55",207.94,910.12,,,,"     ",5.30,36.34,4.88
1771,554694620,"01771M07:45:06.576","01771 07:32:56",207.93,910.12,,,,"     ",5.30,36.24,4.87
1771,554694621,"01771M07:45:07.549","01771 07:32:56",207.94,910.11,,,,"     ",5.30,36.24,4.86
1771,554694622,"01771M07:45:08.522","01771 07:32:57",207.96,910.12,,,,"     ",5.30,36.08,4.84
1771,554694623,"01771M07:45:09.496","01771 07:32:58",207.98,910.17,,,,"     ",5.30,36.14,4.84
1771,554694624,"01771M07:45:10.469","01771 07:32:59",208.00,910.17,,,,"     ",5.30,36.24,4.86
1771,554694625,"01771M07:45:11.442","01771 07:33:00",208.04,910.20,,,,"     ",5.30,36.25,4.86
1771,554694626,"01771M07:45:12.415","01771 07:33:01",208.07,910.18,,,,"     ",5.30,36.03,4.82
1771,554694627,"01771M07:45:13.389","01771 07:33:02",208.09,910.10,,,,"     ",5.30,36.20,4.84
1771,554694628,"01771M07:45:14.362","01771 07:33:03",208.12,910.09,,,,"     ",5.30,36.18,4.84
1771,554694629,"01771M07:45:15.335","01771 07:33:04",208.16,910.08,,,,"     ",5.30,36.05,4.82
1771,554694630,"01771M07:45:16.309","01771 07:33:05",208.21,910.01,,,,"     ",5.30,36.47,4.87
1771,554694631,"01771M07:45:17.282","01771 07:33:06",208.26,909.98,,,,"     ",5.30,36.36,4.85
1771,554694632,"01771M07:45:18.255","01771 07:33:07",208.30,910.07,,,,"     ",5.30,36.52,4.87
1771,554694633,"01771M07:45:19.228","01771 07:33:08",208.33,910.09,,,,"     ",5.30,36.43,4.86
1771,554694634,"01771M07:45:20.202","01771 07:33:09",208.35,910.12,,,,"     ",5.30,36.40,4.85
1771,554694635,"01771M07:45:21.175","01771 07:33:10",208.34,910.17,,,,"     ",5.30,36.47,4.86
1771,554694636,"01771M07:45:22.148","01771 07:33:11",208.31,910.12,,,,"     ",5.30,36.26,4.83
1771,554694637,"01771M07:45:23.121","01771 07:33:12",208.28,910.22,,,,"     ",5.30,36.20,4.82
1771,554694638,"01771M07:45:24.095","01771 07:33:13",208.25,910.14,,,,"     ",5.30,36.52,4.86
1771,554694639,"01771M07:45:25.068","01771 07:33:14",208.23,910.15,,,,"     ",5.30,36.38,4.83
1771,554694640,"01771M07:45:26.041","01771 07:33:15",208.19,910.06,,,,"     ",5.30,36.22,4.81
1771,554694641,"01771M07:45:27.014","01771 07:33:16",208.15,910.14,,,,"     ",5.30,36.47,4.84
1771,554694642,"01771M07:45:27.988","01771 07:33:17",208.10,910.15,,,,"     ",5.30,36.29,4.81
1771,554694643,"01771M07:45:28.961","01771 07:33:18",208.05,910.08,,,,"     ",5.30,36.29,4.81
1771,554694644,"01771M07:45:29.934","01771 07:33:19",208.02,910.05,,,,"     ",5.30,36.23,4.80
1771,554694645,"01771M07:45:30.907","01771 07:33:20",208.00,910.09,,,,"     ",5.30,36.33,4.81
1771,554694646,"01771M07:45:31.881","01771 07:33:21",207.98,910.10,,,,"     ",5.30,36.55,4.84
1771,554694647,"01771M07:45:32.854","01771 07:33:22",207.98,910.03,,,,"     ",5.30,36.51,4.83
1771,554694648,"01771M07:45:33.827","01771 07:33:23",207.99,910.08,,,,"     ",5.30,36.45,4.82
1771,554694649,"01771M07:45:34.800","01771 07:33:24",208.01,910.16,,,,"     ",5.30,36.50,4.82
1771,554694650,"01771M07:45:35.774","01771 07:33:25",208.04,910.22,,,,"     ",5.30,36.35,4.80
1771,554694651,"01771M07:45:36.747","01771 07:33:26",208.09,910.10,,,,"     ",5.30,36.66,4.84
1771,554694652,"01771M07:45:37.720","01771 07:33:27",208.15,910.02,,,,"     ",5.30,36.39,4.80
1771,554694653,"01771M07:45:38.693","01771 07:33:28",208.21,910.10,,,,"     ",5.30,36.76,4.85
1771,554694654,"01771M07:45:39.667","01771 07:33:29",208.27,910.08,,,,"     ",5.30,36.56,4.82
1771,554694655,"01771M07:45:40.640","01771 07:33:30",208.34,910.14,,,,"     ",5.30,36.36,4.79
1771,554694656,"01771M07:45:41.613","01771 07:33:31",208.40,910.11,,,,"     ",5.30,36.60,4.82
1771,554694657,"01771M07:45:42.586","01771 07:33:32",208.45,910.12,,,,"     ",5.30,36.68,4.83
1771,554694658,"01771M07:45:43.560","01771 07:33:33",208.50,910.08,,,,"     ",5.30,36.73,4.83
1771,554694659,"01771M07:45:44.533","01771 07:33:33",208.53,910.14,,,,"     ",5.30,36.60,4.81
1771,554694660,"01771M07:45:45.506","01771 07:33:34",208.55,910.13,,,,"     ",5.30,36.77,4.83
1771,554694661,"01771M07:45:46.479","01771 07:33:35",208.54,910.13,,,,"     ",5.30,36.54,4.80
1771,554694662,"01771M07:45:47.453","01771 07:33:36",208.52,910.10,,,,"     ",5.30,36.45,4.78
1771,554694663,"01771M07:45:48.426","01771 07:33:37",208.49,910.04,,,,"     ",5.30,36.74,4.82
1771,554694664,"01771M07:45:49.399","01771 07:33:38",208.46,910.11,,,,"     ",5.30,36.73,4.81
1771,554694665,"01771M07:45:50.372","01771 07:33:39",208.42,910.12,,,,"     ",5.30,36.83,4.83
1771,554694666,"01771M07:45:51.346","01771 07:33:40",208.38,910.16,,,,"     ",5.30,36.79,4.82
1771,554694667,"01771M07:45:52.319","01771 07:33:41",208.34,910.19,,,,"     ",5.30,36.64,4.80
1771,554694668,"01771M07:45:53.292","01771 07:33:42",208.31,910.08,,,,"     ",5.30,36.74,4.80
1771,554694669,"01771M07:45:54.265","01771 07:33:43",208.34,910.03,,,,"     ",5.30,36.95,4.83
1771,554694670,"01771M07:45:55.239","01771 07:33:44",208.32,910.09,,,,"     ",5.30,37.06,4.84
1771,554694671,"01771M07:45:56.212","01771 07:33:45",208.34,910.03,,,,"     ",5.30,36.92,4.82
1771,554694672,"01771M07:45:57.185","01771 07:33:46",208.37,910.05,,,,"     ",5.30,36.86,4.81
1771,554694673,"01771M07:45:58.158","01771 07:33:47",208.39,910.11,,,,"     ",5.30,36.78,4.80
1771,554694674,"01771M07:45:59.132","01771 07:33:48",208.42,910.19,,,,"     ",5.30,36.93,4.81
1771,554694675,"01771M07:46:00.105","01771 07:33:49",208.45,910.10,,,,"     ",5.30,37.04,4.83
1771,554694676,"01771M07:46:01.078","01771 07:33:50",208.47,910.14,,,,"     ",5.30,36.95,4.81
1771,554694677,"01771M07:46:02.051","01771 07:33:51",208.39,910.23,,,,"     ",5.30,37.02,4.82
1771,554694678,"01771M07:46:03.025","01771 07:33:52",208.39,910.11,,,,"     ",5.30,37.03,4.82
1771,554694679,"01771M07:46:03.998","01771 07:33:53",208.39,910.15,,,,"     ",5.30,37.03,4.81
1771,554694680,"01771M07:46:04.971","01771 07:33:54",208.39,910.18,,,,"     ",5.30,37.11,4.82
1771,554694681,"01771M07:46:05.944","01771 07:33:55",208.39,910.19,,,,"     ",5.30,36.66,4.76
1771,554694682,"01771M07:46:06.918","01771 07:33:56",208.38,910.09,,,,"     ",5.30,37.04,4.81
1771,554694683,"01771M07:46:07.891","01771 07:33:57",208.37,910.14,,,,"     ",5.30,36.92,4.79
1771,554694684,"01771M07:46:08.864","01771 07:33:58",208.35,910.12,,,,"     ",5.30,37.22,4.83
1771,554694685,"01771M07:46:09.837","01771 07:33:59",208.18,910.11,,,,"     ",5.30,36.87,4.78
1771,554694686,"01771M07:46:10.811","01771 07:34:00",208.17,910.10,,,,"     ",5.30,37.00,4.79
1771,554694687,"01771M07:46:11.784","01771 07:34:01",208.16,910.13,,,,"     ",5.30,37.03,4.79
1771,554694688,"01771M07:46:12.757","01771 07:34:02",208.15,910.09,,,,"     ",5.30,37.15,4.81
1771,554694689,"01771M07:46:13.730","01771 07:34:03",208.14,910.08,,,,"     ",5.30,37.16,4.80
1771,554694690,"01771M07:46:14.704","01771 07:34:04",208.13,910.04,,,,"     ",5.30,36.89,4.77
1771,554694691,"01771M07:46:15.677","01771 07:34:05",208.12,910.11,,,,"     ",5.30,37.24,4.81
1771,554694692,"01771M07:46:16.650","01771 07:34:06",208.11,910.12,,,,"     ",5.30,37.16,4.80
1771,554694693,"01771M07:46:17.623","01771 07:34:07",208.10,910.09,,,,"     ",5.30,37.26,4.81
1771,554694694,"01771M07:46:18.597","01771 07:34:08",208.10,910.14,,,,"     ",5.30,37.22,4.80
1771,554694695,"01771M07:46:19.570","01771 07:34:09",208.09,910.12,,,,"     ",5.30,37.09,4.78
1771,554694696,"01771M07:46:20.543","01771 07:34:09",208.09,910.04,,,,"     ",5.30,37.33,4.81
1771,554694697,"01771M07:46:21.516","01771 07:34:10",208.09,910.04,,,,"     ",5.30,37.37,4.81
1771,554694698,"01771M07:46:22.490","01771 07:34:11",208.09,910.08,,,,"     ",5.30,37.36,4.81
1771,554694699,"01771M07:46:23.463","01771 07:34:12",208.09,910.10,,,,"     ",5.30,37.25,4.79
1771,554694700,"01771M07:46:24.436","01771 07:34:13",208.10,910.11,,,,"     ",5.30,37.10,4.77
1771,554694701,"01771M07:46:25.409","01771 07:34:14",208.09,910.07,,,,"     ",5.30,37.33,4.80
1771,554694702,"01771M07:46:26.383","01771 07:34:15",208.09,910.06,,,,"     ",5.30,37.46,4.81
1771,554694703,"01771M07:46:27.356","01771 07:34:16",208.08,910.13,,,,"     ",5.30,37.39,4.80
1771,554694704,"01771M07:46:28.329","01771 07:34:17",208.07,910.12,,,,"     ",5.30,37.28,4.78
1771,554694705,"01771M07:46:29.303","01771 07:34:18",208.06,910.05,,,,"     ",5.30,37.56,4.82
1771,554694706,"01771M07:46:30.276","01771 07:34:19",208.06,910.06,,,,"     ",5.30,37.36,4.79
1771,554694707,"01771M07:46:31.249","01771 07:34:20",208.06,910.07,,,,"     ",5.30,37.31,4.78
1771,554694708,"01771M07:46:32.222","01771 07:34:21",208.06,910.08,,,,"     ",5.30,37.55,4.81
1771,554694709,"01771M07:46:33.196","01771 07:34:22",208.08,910.04,,,,"     ",5.30,37.42,4.79
1771,554694710,"01771M07:46:34.169","01771 07:34:23",208.06,910.07,,,,"     ",5.30,37.48,4.79
1771,554694711,"01771M07:46:35.142","01771 07:34:24",208.05,910.09,,,,"     ",5.30,37.45,4.79
1771,554694712,"01771M07:46:36.115","01771 07:34:25",208.05,910.11,,,,"     ",5.30,37.53,4.79
1771,554694713,"01771M07:46:37.089","01771 07:34:26",208.08,910.16,,,,"     ",5.30,37.43,4.78
1771,554694714,"01771M07:46:38.062","01771 07:34:27",208.12,910.15,,,,"     ",5.30,37.44,4.78
1771,554694715,"01771M07:46:39.035","01771 07:34:28",208.13,910.14,,,,"     ",5.30,37.47,4.78
1771,554694716,"01771M07:46:40.008","01771 07:34:29",208.15,910.12,,,,"     ",5.30,37.55,4.79
1771,554694717,"01771M07:46:40.982","01771 07:34:30",208.18,910.11,,,,"     ",5.30,37.36,4.76
1771,554694718,"01771M07:46:41.955","01771 07:34:31",208.21,910.07,,,,"     ",5.30,37.73,4.80
1771,554694719,"01771M07:46:42.928","01771 07:34:32",208.23,910.12,,,,"     ",5.30,37.65,4.79
1771,554694720,"01771M07:46:43.901","01771 07:34:33",208.25,910.14,,,,"     ",5.30,37.57,4.78
1771,554694721,"01771M07:46:44.875","01771 07:34:34",208.24,910.11,,,,"     ",5.30,37.55,4.78
1771,554694722,"01771M07:46:45.848","01771 07:34:35",208.24,910.14,,,,"     ",5.30,37.63,4.78
1771,554694723,"01771M07:46:46.821","01771 07:34:36",208.23,910.11,,,,"     ",5.30,37.39,4.75
1771,554694724,"01771M07:46:47.794","01771 07:34:37",208.22,910.07,,,,"     ",5.30,37.70,4.79
1771,554694725,"01771M07:46:48.768","01771 07:34:38",208.20,910.12,,,,"     ",5.30,37.59,4.77
1771,554694726,"01771M07:46:49.741","01771 07:34:39",208.19,910.04,,,,"     ",5.30,37.65,4.78
1771,554694727,"01771M07:46:50.714","01771 07:34:40",208.18,910.06,,,,"     ",5.30,37.83,4.80
1771,554694728,"01771M07:46:51.687","01771 07:34:41",208.17,910.09,,,,"     ",5.30,37.76,4.78
1771,554694729,"01771M07:46:52.661","01771 07:34:42",208.17,910.06,,,,"     ",5.30,37.60,4.76
1771,554694730,"01771M07:46:53.634","01771 07:34:43",208.16,910.15,,,,"     ",5.30,37.89,4.80
1771,554694731,"01771M07:46:54.607","01771 07:34:44",208.17,910.11,,,,"     ",5.30,37.75,4.78
1771,554694732,"01771M07:46:55.580","01771 07:34:45",208.18,910.16,,,,"     ",5.30,37.71,4.77
1771,554694733,"01771M07:46:56.554","01771 07:34:46",208.20,910.20,,,,"     ",5.30,37.77,4.77
1771,554694734,"01771M07:46:57.527","01771 07:34:46",208.23,910.22,,,,"     ",5.30,37.78,4.77
1771,554694735,"01771M07:46:58.500","01771 07:34:47",208.26,910.19,,,,"     ",5.30,37.91,4.79
1771,554694736,"01771M07:46:59.473","01771 07:34:48",208.30,910.23,,,,"     ",5.30,37.92,4.79
1771,554694737,"01771M07:47:00.447","01771 07:34:49",208.34,910.13,,,,"     ",5.30,38.01,4.80
1771,554694738,"01771M07:47:01.420","01771 07:34:50",208.39,910.17,,,,"     ",5.30,37.71,4.75
1771,554694739,"01771M07:47:02.393","01771 07:34:51",208.42,910.09,,,,"     ",5.30,38.01,4.79
1771,554694740,"01771M07:47:03.366","01771 07:34:52",208.44,909.97,,,,"     ",5.30,38.01,4.79
1771,554694741,"01771M07:47:04.340","01771 07:34:53",208.45,909.99,,,,"     ",5.30,37.75,4.75
1771,554694742,"01771M07:47:05.313","01771 07:34:54",208.46,909.96,,,,"     ",5.30,37.98,4.78
1771,554694743,"01771M07:47:06.286","01771 07:34:55",208.45,910.05,,,,"     ",5.30,37.68,4.74
1771,554694744,"01771M07:47:07.259","01771 07:34:56",208.43,910.00,,,,"     ",5.30,37.68,4.74
1771,554694745,"01771M07:47:08.233","01771 07:34:57",208.41,910.10,,,,"     ",5.30,38.13,4.79
1771,554694746,"01771M07:47:09.206","01771 07:34:58",208.38,910.19,,,,"     ",5.30,38.24,4.80
1771,554694747,"01771M07:47:10.179","01771 07:34:59",208.37,910.13,,,,"     ",5.30,37.87,4.75
1771,554694748,"01771M07:47:11.152","01771 07:35:00",208.37,910.13,,,,"     ",5.30,37.99,4.77
1771,554694749,"01771M07:47:12.126","01771 07:35:01",208.37,910.09,,,,"     ",5.30,38.05,4.77
1771,554694750,"01771M07:47:13.099","01771 07:35:02",208.38,910.11,,,,"     ",5.30,37.99,4.76
1771,554694751,"01771M07:47:14.072","01771 07:35:03",208.38,910.06,,,,"     ",5.30,38.23,4.79
1771,554694752,"01771M07:47:15.045","01771 07:35:04",208.38,910.09,,,,"     ",5.30,38.05,4.76
1771,554694753,"01771M07:47:16.019","01771 07:35:05",208.38,910.09,,,,"     ",5.30,38.20,4.78
1771,554694754,"01771M07:47:16.992","01771 07:35:06",208.38,910.09,,,,"     ",5.30,38.13,4.77
1771,554694755,"01771M07:47:17.965","01771 07:35:07",208.39,910.10,,,,"     ",5.30,38.18,4.77
1771,554694756,"01771M07:47:18.938","01771 07:35:08",208.39,910.12,,,,"     ",5.30,37.86,4.73
1771,554694757,"01771M07:47:19.912","01771 07:35:09",208.39,910.10,,,,"     ",5.30,38.03,4.75
1771,554694758,"01771M07:47:20.885","01771 07:35:10",208.38,910.10,,,,"     ",5.30,38.11,4.76
1771,554694759,"01771M07:47:21.858","01771 07:35:11",208.36,910.09,,,,"     ",5.30,38.29,4.78
1771,554694760,"01771M07:47:22.831","01771 07:35:12",208.33,910.03,,,,"     ",5.30,38.37,4.78
1771,554694761,"01771M07:47:23.805","01771 07:35:13",208.31,910.08,,,,"     ",5.30,38.22,4.76
1771,554694762,"01771M07:47:24.778","01771 07:35:14",208.24,910.03,,,,"     ",5.30,38.35,4.78
1771,554694763,"01771M07:47:25.751","01771 07:35:15",208.19,910.10,,,,"     ",5.30,38.25,4.76
1771,554694764,"01771M07:47:26.724","01771 07:35:16",208.17,910.12,,,,"     ",5.30,38.21,4.75
1771,554694765,"01771M07:47:27.698","01771 07:35:17",208.18,910.14,,,,"     ",5.30,38.40,4.78
1771,554694766,"01771M07:47:28.671","01771 07:35:18",208.23,910.21,,,,"     ",5.30,38.20,4.75
1771,554694767,"01771M07:47:29.644","01771 07:35:19",208.30,910.17,,,,"     ",5.30,38.42,4.77
1771,554694768,"01771M07:47:30.617","01771 07:35:20",208.28,910.14,,,,"     ",5.30,38.42,4.77
1771,554694769,"01771M07:47:31.591","01771 07:35:21",208.31,910.12,,,,"     ",5.30,38.35,4.76
1771,554694770,"01771M07:47:32.564","01771 07:35:22",208.34,910.07,,,,"     ",5.30,38.43,4.76
1771,554694771,"01771M07:47:33.537","01771 07:35:23",208.35,910.07,,,,"     ",5.30,38.24,4.74
1771,554694772,"01771M07:47:34.510","01771 07:35:23",208.36,910.11,,,,"     ",5.30,38.27,4.74
1771,554694773,"01771M07:47:35.484","01771 07:35:24",208.38,910.03,,,,"     ",5.30,38.41,4.76
1771,554694774,"01771M07:47:36.457","01771 07:35:25",208.41,910.13,,,,"     ",5.30,38.25,4.73
1771,554694775,"01771M07:47:37.430","01771 07:35:26",208.43,910.14,,,,"     ",5.30,38.37,4.74
1771,554694776,"01771M07:47:38.404","01771 07:35:27",208.45,910.08,,,,"     ",5.30,38.29,4.73
1771,554694777,"01771M07:47:39.377","01771 07:35:28",208.45,910.08,,,,"     ",5.30,38.27,4.73
1771,554694778,"01771M07:47:40.350","01771 07:35:29",208.44,910.17,,,,"     ",5.30,38.50,4.75
1771,554694779,"01771M07:47:41.323","01771 07:35:30",208.41,910.18,,,,"     ",5.30,38.28,4.72
1771,554694780,"01771M07:47:42.297","01771 07:35:31",208.39,910.12,,,,"     ",5.30,38.36,4.73
1771,554694781,"01771M07:47:43.270","01771 07:35:32",208.38,910.07,,,,"     ",5.30,38.39,4.73
1771,554694782,"01771M07:47:44.243","01771 07:35:33",208.37,910.08,,,,"     ",5.30,38.20,4.70
1771,554694783,"01771M07:47:45.216","01771 07:35:34",208.37,910.05,,,,"     ",5.30,38.56,4.75
1771,554694784,"01771M07:47:46.190","01771 07:35:35",208.38,910.10,,,,"     ",5.30,38.51,4.74
1771,554694785,"01771M07:47:47.163","01771 07:35:36",208.39,910.02,,,,"     ",5.30,38.58,4.75
1771,554694786,"01771M07:47:48.136","01771 07:35:37",208.41,910.05,,,,"     ",5.30,38.58,4.74
1771,554694787,"01771M07:47:49.109","01771 07:35:38",208.43,910.10,,,,"     ",5.30,38.52,4.73
1771,554694788,"01771M07:47:50.083","01771 07:35:39",208.44,910.03,,,,"     ",5.30,38.70,4.76
1771,554694789,"01771M07:47:51.056","01771 07:35:40",208.44,910.04,,,,"     ",5.30,38.45,4.72
1771,554694790,"01771M07:47:52.029","01771 07:35:41",208.43,910.04,,,,"     ",5.30,38.40,4.71
1771,554694791,"01771M07:47:53.002","01771 07:35:42",208.43,910.05,,,,"     ",5.30,38.54,4.73
1771,554694792,"01771M07:47:53.976","01771 07:35:43",208.43,910.11,,,,"     ",5.30,38.57,4.73
1771,554694793,"01771M07:47:54.949","01771 07:35:44",208.43,910.12,,,,"     ",5.30,38.49,4.72
1771,554694794,"01771M07:47:55.922","01771 07:35:45",208.45,910.07,,,,"     ",5.30,38.47,4.71
1771,554694795,"01771M07:47:56.895","01771 07:35:46",208.46,910.10,,,,"     ",5.30,38.52,4.71
1771,554694796,"01771M07:47:57.869","01771 07:35:47",208.48,910.06,,,,"     ",5.30,38.70,4.73
1771,554694797,"01771M07:47:58.842","01771 07:35:48",208.49,910.00,,,,"     ",5.30,38.65,4.73
1771,554694798,"01771M07:47:59.815","01771 07:35:49",208.50,910.02,,,,"     ",5.30,38.70,4.73
1771,554694799,"01771M07:48:00.788","01771 07:35:50",208.50,910.08,,,,"     ",5.30,38.55,4.71
1771,554694800,"01771M07:48:01.762","01771 07:35:51",208.48,910.07,,,,"     ",5.30,38.79,4.74
1771,554694801,"01771M07:48:02.735","01771 07:35:52",208.46,910.09,,,,"     ",5.30,38.66,4.72
1771,554694802,"01771M07:48:03.708","01771 07:35:53",208.43,910.08,,,,"     ",5.30,38.63,4.71
1771,554694803,"01771M07:48:04.681","01771 07:35:54",208.40,910.08,,,,"     ",5.30,38.66,4.71
1771,554694804,"01771M07:48:05.655","01771 07:35:55",208.38,910.08,,,,"     ",5.30,38.81,4.73
1771,554694805,"01771M07:48:06.628","01771 07:35:56",208.37,910.16,,,,"     ",5.30,38.56,4.70
1771,554694806,"01771M07:48:07.601","01771 07:35:57",208.35,910.15,,,,"     ",5.30,38.75,4.72
1771,554694807,"01771M07:48:08.574","01771 07:35:58",208.33,910.13,,,,"     ",5.30,38.72,4.71
1771,554694808,"01771M07:48:09.548","01771 07:35:59",208.31,910.14,,,,"     ",5.30,38.83,4.72
1771,554694809,"01771M07:48:10.521","01771 07:35:59",208.30,910.24,,,,"     ",5.30,38.77,4.71
1771,554694810,"01771M07:48:11.494","01771 07:36:00",208.29,910.07,,,,"     ",5.30,38.54,4.68
1771,554694811,"01771M07:48:12.467","01771 07:36:01",208.28,910.22,,,,"     ",5.30,38.66,4.70
1771,554694812,"01771M07:48:13.441","01771 07:36:02",208.28,910.16,,,,"     ",5.30,38.84,4.71
1771,554694813,"01771M07:48:14.414","01771 07:36:03",208.29,910.11,,,,"     ",5.30,38.87,4.72
1771,554694814,"01771M07:48:15.387","01771 07:36:04",208.31,910.15,,,,"     ",5.30,38.75,4.70
1771,554694815,"01771M07:48:16.360","01771 07:36:05",208.32,910.11,,,,"     ",5.30,38.92,4.72
1771,554694816,"01771M07:48:17.334","01771 07:36:06",208.33,910.21,,,,"     ",5.30,38.83,4.70
1771,554694817,"01771M07:48:18.307","01771 07:36:07",208.34,910.05,,,,"     ",5.30,39.06,4.73
1771,554694818,"01771M07:48:19.280","01771 07:36:08",208.34,910.10,,,,"     ",5.30,39.01,4.72
1771,554694819,"01771M07:48:20.253","01771 07:36:09",208.33,910.10,,,,"     ",5.30,38.99,4.71
1771,554694820,"01771M07:48:21.227","01771 07:36:10",208.32,910.05,,,,"     ",5.30,38.80,4.69
1771,554694821,"01771M07:48:22.200","01771 07:36:11",208.41,910.06,,,,"     ",5.30,38.97,4.71
1771,554694822,"01771M07:48:23.173","01771 07:36:12",208.40,910.08,,,,"     ",5.30,38.93,4.70
1771,554694823,"01771M07:48:24.146","01771 07:36:13",208.40,910.09,,,,"     ",5.30,38.94,4.70
1771,554694824,"01771M07:48:25.120","01771 07:36:14",208.41,910.12,,,,"     ",5.30,38.92,4.69
1771,554694825,"01771M07:48:26.093","01771 07:36:15",208.41,910.20,,,,"     ",5.30,39.06,4.71
1771,554694826,"01771M07:48:27.066","01771 07:36:16",208.34,910.13,,,,"     ",5.30,39.17,4.72
1771,554694827,"01771M07:48:28.039","01771 07:36:17",208.36,910.13,,,,"     ",5.30,39.03,4.70
1771,554694828,"01771M07:48:29.013","01771 07:36:18",208.39,910.12,,,,"     ",5.30,38.85,4.67
1771,554694829,"01771M07:48:29.986","01771 07:36:19",208.42,910.08,,,,"     ",5.30,39.05,4.70
1771,554694830,"01771M07:48:30.959","01771 07:36:20",208.45,910.13,,,,"     ",5.30,39.04,4.69
1771,554694831,"01771M07:48:31.932","01771 07:36:21",208.48,910.13,,,,"     ",5.30,38.99,4.68
1771,554694832,"01771M07:48:32.906","01771 07:36:22",208.51,910.14,,,,"     ",5.30,39.34,4.72
1771,554694833,"01771M07:48:33.879","01771 07:36:23",208.54,910.11,,,,"     ",5.30,39.27,4.71
1771,554694834,"01771M07:48:34.852","01771 07:36:24",208.57,910.01,,,,"     ",5.30,39.12,4.69
1771,554694835,"01771M07:48:35.825","01771 07:36:25",208.59,910.00,,,,"     ",5.30,39.09,4.69
1771,554694836,"01771M07:48:36.799","01771 07:36:26",208.59,910.11,,,,"     ",5.30,39.15,4.69
1771,554694837,"01771M07:48:37.772","01771 07:36:27",208.59,910.17,,,,"     ",5.30,39.26,4.70
1771,554694838,"01771M07:48:38.745","01771 07:36:28",208.58,910.14,,,,"     ",5.30,39.02,4.67
1771,554694839,"01771M07:48:39.718","01771 07:36:29",208.56,910.19,,,,"     ",5.30,39.14,4.68
1771,554694840,"01771M07:48:40.692","01771 07:36:30",208.54,910.14,,,,"     ",5.30,39.37,4.71
1771,554694841,"01771M07:48:41.665","01771 07:36:31",208.50,910.08,,,,"     ",5.30,39.47,4.72
1771,554694842,"01771M07:48:42.638","01771 07:36:32",208.46,910.13,,,,"     ",5.30,39.18,4.68
1771,554694843,"01771M07:48:43.611","01771 07:36:33",208.42,910.11,,,,"     ",5.30,39.26,4.69
1771,554694844,"01771M07:48:44.585","01771 07:36:34",208.37,910.17,,,,"     ",5.30,39.37,4.70
1771,554694845,"01771M07:48:45.558","01771 07:36:35",208.33,910.07,,,,"     ",5.30,39.37,4.70
1771,554694846,"01771M07:48:46.531","01771 07:36:36",208.29,910.18,,,,"     ",5.30,39.33,4.69
1771,554694847,"01771M07:48:47.505","01771 07:36:36",208.26,910.10,,,,"     ",5.30,39.34,4.69
1771,554694848,"01771M07:48:48.478","01771 07:36:37",208.25,910.13,,,,"     ",5.30,39.49,4.70
1771,554694849,"01771M07:48:49.451","01771 07:36:38",208.24,910.05,,,,"     ",5.30,39.35,4.68
1771,554694850,"01771M07:48:50.424","01771 07:36:39",208.23,910.07,,,,"     ",5.30,39.36,4.68
1771,554694851,"01771M07:48:51.398","01771 07:36:40",208.22,910.05,,,,"     ",5.30,39.39,4.68
1771,554694852,"01771M07:48:52.371","01771 07:36:41",208.21,910.04,,,,"     ",5.30,39.51,4.70
1771,554694853,"01771M07:48:53.344","01771 07:36:42",208.22,909.99,,,,"     ",5.30,39.25,4.66
1771,554694854,"01771M07:48:54.317","01771 07:36:43",208.23,910.01,,,,"     ",5.30,39.46,4.68
1771,554694855,"01771M07:48:55.291","01771 07:36:44",208.24,909.99,,,,"     ",5.30,39.31,4.66
1771,554694856,"01771M07:48:56.264","01771 07:36:45",208.27,910.02,,,,"     ",5.30,39.42,4.67
1771,554694857,"01771M07:48:57.237","01771 07:36:46",208.32,910.23,,,,"     ",5.30,39.74,4.71
1771,554694858,"01771M07:48:58.210","01771 07:36:47",208.37,910.21,,,,"     ",5.30,39.80,4.72
1771,554694859,"01771M07:48:59.184","01771 07:36:48",208.42,910.18,,,,"     ",5.30,39.60,4.69
1771,554694860,"01771M07:49:00.157","01771 07:36:49",208.47,910.23,,,,"     ",5.30,39.69,4.70
1771,554694861,"01771M07:49:01.130","01771 07:36:50",208.51,910.17,,,,"     ",5.30,39.55,4.68
1771,554694862,"01771M07:49:02.103","01771 07:36:51",208.54,910.12,,,,"     ",5.30,39.64,4.69
1771,554694863,"01771M07:49:03.077","01771 07:36:52",208.55,910.14,,,,"     ",5.30,39.80,4.71
1771,554694864,"01771M07:49:04.050","01771 07:36:53",208.55,910.05,,,,"     ",5.30,39.79,4.70
1771,554694865,"01771M07:49:05.023","01771 07:36:54",208.53,910.09,,,,"     ",5.30,39.50,4.67
1771,554694866,"01771M07:49:05.996","01771 07:36:55",208.50,910.03,,,,"     ",5.30,39.78,4.70
1771,554694867,"01771M07:49:06.970","01771 07:36:56",208.46,910.07,,,,"     ",5.30,39.36,4.64
1771,554694868,"01771M07:49:07.943","01771 07:36:57",208.40,910.03,,,,"     ",5.30,39.61,4.67
1771,554694869,"01771M07:49:08.916","01771 07:36:58",208.50,910.09,,,,"     ",5.30,39.48,4.65
1771,554694870,"01771M07:49:09.889","01771 07:36:59",208.45,910.14,,,,"     ",5.30,39.67,4.67
1771,554694871,"01771M07:49:10.863","01771 07:37:00",208.40,910.15,,,,"     ",5.30,39.65,4.67
1771,554694872,"01771M07:49:11.836","01771 07:37:01",208.37,910.15,,,,"     ",5.30,39.74,4.68
1771,554694873,"01771M07:49:12.809","01771 07:37:02",208.34,910.11,,,,"     ",5.30,40.05,4.71
1771,554694874,"01771M07:49:13.782","01771 07:37:03",208.33,910.08,,,,"     ",5.30,39.76,4.67
1771,554694875,"01771M07:49:14.756","01771 07:37:04",208.33,910.16,,,,"     ",5.30,39.89,4.69
1771,554694876,"01771M07:49:15.729","01771 07:37:05",208.35,910.13,,,,"     ",5.30,39.87,4.68
1771,554694877,"01771M07:49:16.702","01771 07:37:06",208.38,910.09,,,,"     ",5.30,39.88,4.68
1771,554694878,"01771M07:49:17.675","01771 07:37:07",208.44,910.13,,,,"     ",5.30,39.85,4.68
1771,554694879,"01771M07:49:18.649","01771 07:37:08",208.50,910.14,,,,"     ",5.30,40.04,4.70
1771,554694880,"01771M07:49:19.622","01771 07:37:09",208.54,910.17,,,,"     ",5.30,39.92,4.68
1771,554694881,"01771M07:49:20.595","01771 07:37:10",208.37,910.24,,,,"     ",5.30,40.04,4.69
1771,554694882,"01771M07:49:21.568","01771 07:37:11",208.41,910.17,,,,"     ",5.30,40.27,4.72
1771,554694883,"01771M07:49:22.542","01771 07:37:12",208.43,910.18,,,,"     ",5.30,40.20,4.71
1771,554694884,"01771M07:49:23.515","01771 07:37:13",208.45,910.17,,,,"     ",5.30,39.70,4.64
1771,554694885,"01771M07:49:24.488","01771 07:37:13",208.46,910.11,,,,"     ",5.30,40.13,4.69
1771,554694886,"01771M07:49:25.461","01771 07:37:14",208.46,910.12,,,,"     ",5.30,39.84,4.66
1771,554694887,"01771M07:49:26.435","01771 07:37:15",208.45,910.14,,,,"     ",5.30,40.22,4.70
1771,554694888,"01771M07:49:27.408","01771 07:37:16",208.62,910.09,,,,"     ",5.30,39.94,4.66
1771,554694889,"01771M07:49:28.381","01771 07:37:17",208.60,910.15,,,,"     ",5.30,40.14,4.68
1771,554694890,"01771M07:49:29.354","01771 07:37:18",208.56,910.09,,,,"     ",5.30,40.34,4.70
1771,554694891,"01771M07:49:30.328","01771 07:37:19",208.53,910.10,,,,"     ",5.30,40.19,4.68
1771,554694892,"01771M07:49:31.301","01771 07:37:20",208.51,910.12,,,,"     ",5.30,39.89,4.65
1771,554694893,"01771M07:49:32.274","01771 07:37:21",208.51,910.08,,,,"     ",5.30,40.08,4.66
1771,554694894,"01771M07:49:33.247","01771 07:37:22",208.51,910.14,,,,"     ",5.30,40.26,4.69
1771,554694895,"01771M07:49:34.221","01771 07:37:23",208.55,910.15,,,,"     ",5.30,40.15,4.67
1771,554694896,"01771M07:49:35.194","01771 07:37:24",208.63,910.21,,,,"     ",5.30,40.03,4.65
1771,554694897,"01771M07:49:36.167","01771 07:37:25",208.56,910.14,,,,"     ",5.30,40.09,4.66
1771,554694898,"01771M07:49:37.140","01771 07:37:26",208.61,910.13,,,,"     ",5.30,40.29,4.68
1771,554694899,"01771M07:49:38.114","01771 07:37:27",208.66,910.14,,,,"     ",5.30,40.36,4.68
1771,554694900,"01771M07:49:39.087","01771 07:37:28",208.72,910.12,,,,"     ",5.30,40.11,4.65
1771,554694901,"01771M07:49:40.060","01771 07:37:29",208.76,910.03,,,,"     ",5.30,40.27,4.67
1771,554694902,"01771M07:49:41.033","01771 07:37:30",208.78,910.13,,,,"     ",5.30,40.36,4.67
1771,554694903,"01771M07:49:42.007","01771 07:37:31",208.77,910.14,,,,"     ",5.30,40.21,4.65
1771,554694904,"01771M07:49:42.980","01771 07:37:32",208.73,910.11,,,,"     ",5.30,40.34,4.67
1771,554694905,"01771M07:49:43.953","01771 07:37:33",208.67,910.14,,,,"     ",5.30,40.42,4.67
1771,554694906,"01771M07:49:44.926","01771 07:37:34",208.59,910.18,,,,"     ",5.30,40.54,4.68
1771,554694907,"01771M07:49:45.900","01771 07:37:35",208.52,910.11,,,,"     ",5.30,40.37,4.66
1771,554694908,"01771M07:49:46.873","01771 07:37:36",208.45,910.17,,,,"     ",5.30,40.54,4.68
1771,554694909,"01771M07:49:47.846","01771 07:37:37",208.39,910.22,,,,"     ",5.30,40.53,4.67
1771,554694910,"01771M07:49:48.819","01771 07:37:38",208.57,910.19,,,,"     ",5.30,40.34,4.65
1771,554694911,"01771M07:49:49.793","01771 07:37:39",208.55,910.11,,,,"     ",5.30,40.32,4.64
1771,554694912,"01771M07:49:50.766","01771 07:37:40",208.53,910.17,,,,"     ",5.30,40.39,4.65
1771,554694913,"01771M07:49:51.739","01771 07:37:41",208.54,910.15,,,,"     ",5.30,40.57,4.67
1771,554694914,"01771M07:49:52.712","01771 07:37:42",208.57,910.10,,,,"     ",5.30,40.46,4.65
1771,554694915,"01771M07:49:53.686","01771 07:37:43",208.62,910.08,,,,"     ",5.30,40.68,4.68
1771,554694916,"01771M07:49:54.659","01771 07:37:44",208.52,910.10,,,,"     ",5.30,40.40,4.64
1771,554694917,"01771M07:49:55.632","01771 07:37:45",208.61,910.16,,,,"     ",5.30,40.54,4.65
1771,554694918,"01771M07:49:56.606","01771 07:37:46",208.70,910.11,,,,"     ",5.30,40.59,4.66
1771,554694919,"01771M07:49:57.579","01771 07:37:47",208.79,909.99,,,,"     ",5.30,40.49,4.64
1771,554694920,"01771M07:49:58.552","01771 07:37:48",208.87,910.08,,,,"     ",5.30,40.59,4.65
1771,554694921,"01771M07:49:59.525","01771 07:37:49",208.93,910.02,,,,"     ",5.30,40.62,4.65
1771,554694922,"01771M07:50:00.499","01771 07:37:50",208.96,910.09,,,,"     ",5.30,40.59,4.65
1771,554694923,"01771M07:50:01.472","01771 07:37:50",208.97,910.18,,,,"     ",5.30,40.67,4.65
1771,554694924,"01771M07:50:02.445","01771 07:37:51",208.96,910.12,,,,"     ",5.30,40.66,4.65
1771,554694925,"01771M07:50:03.418","01771 07:37:52",208.94,910.12,,,,"     ",5.30,40.84,4.67
1771,554694926,"01771M07:50:04.392","01771 07:37:53",208.92,910.10,,,,"     ",5.30,40.80,4.66
1771,554694927,"01771M07:50:05.365","01771 07:37:54",208.91,910.03,,,,"     ",5.30,40.89,4.67
1771,554694928,"01771M07:50:06.338","01771 07:37:55",208.90,910.03,,,,"     ",5.30,40.79,4.65
1771,554694929,"01771M07:50:07.311","01771 07:37:56",208.90,910.07,,,,"     ",5.30,40.93,4.67
1771,554694930,"01771M07:50:08.285","01771 07:37:57",208.92,910.22,,,,"     ",5.30,40.85,4.65
1771,554694931,"01771M07:50:09.258","01771 07:37:58",208.94,910.13,,,,"     ",5.30,41.04,4.67
1771,554694932,"01771M07:50:10.231","01771 07:37:59",208.96,910.17,,,,"     ",5.30,40.78,4.64
1771,554694933,"01771M07:50:11.204","01771 07:38:00",208.98,910.10,,,,"     ",5.30,40.68,4.63
1771,554694934,"01771M07:50:12.178","01771 07:38:01",209.00,910.06,,,,"     ",5.30,40.85,4.64
1771,554694935,"01771M07:50:13.151","01771 07:38:02",209.01,910.07,,,,"     ",5.30,40.89,4.64
1771,554694936,"01771M07:50:14.124","01771 07:38:03",209.02,910.14,,,,"     ",5.30,40.75,4.62
1771,554694937,"01771M07:50:15.097","01771 07:38:04",209.03,910.13,,,,"     ",5.30,40.99,4.65
1771,554694938,"01771M07:50:16.071","01771 07:38:05",209.04,910.09,,,,"     ",5.30,41.05,4.65
1771,554694939,"01771M07:50:17.044","01771 07:38:06",209.04,910.17,,,,"     ",5.30,40.93,4.64
1771,554694940,"01771M07:50:18.017","01771 07:38:07",209.03,910.10,,,,"     ",5.30,41.11,4.65
1771,554694941,"01771M07:50:18.990","01771 07:38:08",209.03,910.19,,,,"     ",5.30,41.06,4.65
1771,554694942,"01771M07:50:19.964","01771 07:38:09",209.03,910.14,,,,"     ",5.30,41.10,4.65
1771,554694943,"01771M07:50:20.937","01771 07:38:10",209.03,910.05,,,,"     ",5.30,40.95,4.63
1771,554694944,"01771M07:50:21.910","01771 07:38:11",209.03,910.14,,,,"     ",5.30,41.13,4.64
1771,554694945,"01771M07:50:22.883","01771 07:38:12",209.05,910.10,,,,"     ",5.30,41.09,4.64
1771,554694946,"01771M07:50:23.857","01771 07:38:13",209.07,910.08,,,,"     ",5.30,41.07,4.63
1771,554694947,"01771M07:50:24.830","01771 07:38:14",209.09,910.03,,,,"     ",5.30,41.13,4.64
1771,554694948,"01771M07:50:25.803","01771 07:38:15",209.09,910.07,,,,"     ",5.30,41.05,4.62
1771,554694949,"01771M07:50:26.776","01771 07:38:16",209.08,910.02,,,,"     ",5.30,41.13,4.63
1771,554694950,"01771M07:50:27.750","01771 07:38:17",209.05,910.10,,,,"     ",5.30,41.25,4.64
1771,554694951,"01771M07:50:28.723","01771 07:38:18",209.00,910.08,,,,"     ",5.30,41.12,4.62
1771,554694952,"01771M07:50:29.696","01771 07:38:19",208.94,910.08,,,,"     ",5.30,40.96,4.60
1771,554694953,"01771M07:50:30.669","01771 07:38:20",208.87,910.12,,,,"     ",5.30,41.14,4.62
1771,554694954,"01771M07:50:31.643","01771 07:38:21",208.90,910.10,,,,"     ",5.30,41.11,4.61
1771,554694955,"01771M07:50:32.616","01771 07:38:22",208.81,910.10,,,,"     ",5.30,41.21,4.62
1771,554694956,"01771M07:50:33.589","01771 07:38:23",208.74,910.10,,,,"     ",5.30,41.28,4.63
1771,554694957,"01771M07:50:34.562","01771 07:38:24",208.69,910.05,,,,"     ",5.30,41.02,4.59
1771,554694958,"01771M07:50:35.536","01771 07:38:25",208.66,910.08,,,,"     ",5.30,41.24,4.62
1771,554694959,"01771M07:50:36.509","01771 07:38:26",208.65,909.97,,,,"     ",5.30,41.17,4.61
1771,554694960,"01771M07:50:37.482","01771 07:38:26",208.67,910.03,,,,"     ",5.30,41.51,4.64
1771,554694961,"01771M07:50:38.455","01771 07:38:27",208.72,910.12,,,,"     ",5.30,41.19,4.60
1771,554694962,"01771M07:50:39.429","01771 07:38:28",208.79,910.17,,,,"     ",5.30,41.40,4.63
1771,554694963,"01771M07:50:40.402","01771 07:38:29",208.84,910.19,,,,"     ",5.30,41.06,4.59
1771,554694964,"01771M07:50:41.375","01771 07:38:30",208.72,910.20,,,,"     ",5.30,41.30,4.61
1771,554694965,"01771M07:50:42.348","01771 07:38:31",208.74,910.18,,,,"     ",5.30,41.56,4.64
1771,554694966,"01771M07:50:43.322","01771 07:38:32",208.75,910.09,,,,"     ",5.30,41.13,4.59
1771,554694967,"01771M07:50:44.295","01771 07:38:33",208.75,910.14,,,,"     ",5.30,41.34,4.61
1771,554694968,"01771M07:50:45.268","01771 07:38:34",208.74,910.07,,,,"     ",5.30,41.22,4.59
1771,554694969,"01771M07:50:46.241","01771 07:38:35",208.72,910.14,,,,"     ",5.30,41.37,4.61
1771,554694970,"01771M07:50:47.215","01771 07:38:36",208.72,910.08,,,,"     ",5.30,41.04,4.57
1771,554694971,"01771M07:50:48.188","01771 07:38:37",208.74,910.21,,,,"     ",5.30,41.42,4.61
1771,554694972,"01771M07:50:49.161","01771 07:38:38",208.76,910.13,,,,"     ",5.30,41.21,4.58
1771,554694973,"01771M07:50:50.134","01771 07:38:39",208.80,910.06,,,,"     ",5.30,41.46,4.61
1771,554694974,"01771M07:50:51.108","01771 07:38:40",208.83,910.14,,,,"     ",5.30,41.18,4.57
1771,554694975,"01771M07:50:52.081","01771 07:38:41",208.85,910.20,,,,"     ",5.30,41.37,4.59
1771,554694976,"01771M07:50:53.054","01771 07:38:42",208.85,910.14,,,,"     ",5.30,41.33,4.59
1771,554694977,"01771M07:50:54.027","01771 07:38:43",208.83,910.08,,,,"     ",5.30,41.20,4.57
1771,554694978,"01771M07:50:55.001","01771 07:38:44",208.81,910.14,,,,"     ",5.30,41.33,4.58
1771,554694979,"01771M07:50:55.974","01771 07:38:45",208.77,910.05,,,,"     ",5.30,41.33,4.58
1771,554694980,"01771M07:50:56.947","01771 07:38:46",208.76,910.09,,,,"     ",5.30,41.58,4.61
1771,554694981,"01771M07:50:57.920","01771 07:38:47",208.76,910.13,,,,"     ",5.30,41.10,4.55
1771,554694982,"01771M07:50:58.894","01771 07:38:48",208.76,910.10,,,,"     ",5.30,41.70,4.62
1771,554694983,"01771M07:50:59.867","01771 07:38:49",208.77,910.17,,,,"     ",5.30,41.60,4.60
1771,554694984,"01771M07:51:00.840","01771 07:38:50",208.78,910.17,,,,"     ",5.30,41.56,4.60
1771,554694985,"01771M07:51:01.813","01771 07:38:51",208.80,910.12,,,,"     ",5.30,41.54,4.59
1771,554694986,"01771M07:51:02.787","01771 07:38:52",208.81,910.19,,,,"     ",5.30,41.54,4.59
1771,554694987,"01771M07:51:03.760","01771 07:38:53",208.83,910.12,,,,"     ",5.30,41.43,4.58
1771,554694988,"01771M07:51:04.733","01771 07:38:54",208.86,910.16,,,,"     ",5.30,41.55,4.59
1771,554694989,"01771M07:51:05.707","01771 07:38:55",208.89,910.12,,,,"     ",5.30,41.60,4.59
1771,554694990,"01771M07:51:06.680","01771 07:38:56",208.92,910.13,,,,"     ",5.30,41.72,4.60
1771,554694991,"01771M07:51:07.653","01771 07:38:57",208.97,910.16,,,,"     ",5.30,41.72,4.60
1771,554694992,"01771M07:51:08.626","01771 07:38:58",209.01,910.05,,,,"     ",5.30,41.44,4.56
1771,554694993,"01771M07:51:09.600","01771 07:38:59",206.89,910.13,,,,"     ",5.30,41.88,4.61
1771,554694994,"01771M07:51:10.573","01771 07:39:00",206.94,910.11,,,,"     ",5.30,41.72,4.59
1771,554694995,"01771M07:51:11.546","01771 07:39:01",206.99,910.10,,,,"     ",5.30,41.56,4.57
1771,554694996,"01771M07:51:12.519","01771 07:39:02",207.03,910.13,,,,"     ",5.30,41.65,4.58
1771,554694997,"01771M07:51:13.493","01771 07:39:03",207.06,910.15,,,,"     ",5.30,42.01,4.62
1771,554694998,"01771M07:51:14.466","01771 07:39:03",207.10,910.06,,,,"     ",5.30,41.28,4.53
1771,554694999,"01771M07:51:15.439","01771 07:39:04",207.13,910.13,,,,"     ",5.30,41.87,4.60
1771,554695000,"01771M07:51:16.412","01771 07:39:05",207.16,910.11,,,,"     ",5.30,41.64,4.57
1771,554695001,"01771M07:51:17.386","01771 07:39:06",207.18,910.16,,,,"     ",5.30,41.74,4.58
1771,554695002,"01771M07:51:18.359","01771 07:39:07",207.20,910.09,,,,"     ",5.30,41.61,4.56
1771,554695003,"01771M07:51:19.332","01771 07:39:08",207.22,910.19,,,,"     ",5.30,41.74,4.58
1771,554695004,"01771M07:51:20.305","01771 07:39:09",207.23,910.14,,,,"     ",5.30,41.69,4.57
1771,554695005,"01771M07:51:21.279","01771 07:39:10",207.24,910.16,,,,"     ",5.30,41.56,4.55
1771,554695006,"01771M07:51:22.252","01771 07:39:11",207.25,910.15,,,,"     ",5.30,41.73,4.57
1771,554695007,"01771M07:51:23.225","01771 07:39:12",207.25,910.11,,,,"     ",5.30,41.72,4.56
1771,554695008,"01771M07:51:24.198","01771 07:39:13",207.25,910.13,,,,"     ",5.30,41.69,4.56
1771,554695009,"01771M07:51:25.172","01771 07:39:14",207.25,910.09,,,,"     ",5.30,41.78,4.57
1771,554695010,"01771M07:51:26.145","01771 07:39:15",207.24,910.20,,,,"     ",5.30,41.76,4.56
1771,554695011,"01771M07:51:27.118","01771 07:39:16",207.23,910.09,,,,"     ",5.30,41.72,4.56
1771,554695012,"01771M07:51:28.091","01771 07:39:17",207.21,910.08,,,,"     ",5.30,41.91,4.58
1771,554695013,"01771M07:51:29.065","01771 07:39:18",207.18,910.12,,,,"     ",5.30,41.70,4.55
1771,554695014,"01771M07:51:30.038","01771 07:39:19",207.13,910.08,,,,"     ",5.30,41.86,4.57
1771,554695015,"01771M07:51:31.011","01771 07:39:20",207.08,910.09,,,,"     ",5.30,42.00,4.58
1771,554695016,"01771M07:51:31.984","01771 07:39:21",207.04,910.13,,,,"     ",5.30,41.93,4.57
1771,554695017,"01771M07:51:32.958","01771 07:39:22",206.99,910.05,,,,"     ",5.30,42.08,4.59
1771,554695018,"01771M07:51:33.931","01771 07:39:23",206.95,910.07,,,,"     ",5.30,41.90,4.56
1771,554695019,"01771M07:51:34.904","01771 07:39:24",206.90,910.14,,,,"     ",5.30,41.85,4.56
1771,554695020,"01771M07:51:35.877","01771 07:39:25",206.86,910.20,,,,"     ",5.30,41.89,4.56
1771,554695021,"01771M07:51:36.851","01771 07:39:26",206.82,910.13,,,,"     ",5.30,42.00,4.57
1771,554695022,"01771M07:51:37.824","01771 07:39:27",206.78,910.07,,,,"     ",5.30,41.75,4.54
1771,554695023,"01771M07:51:38.797","01771 07:39:28",206.74,910.24,,,,"     ",5.30,41.78,4.54
1771,554695024,"01771M07:51:39.770","01771 07:39:29",206.71,910.12,,,,"     ",5.30,41.84,4.55
1771,554695025,"01771M07:51:40.744","01771 07:39:30",206.70,910.11,,,,"     ",5.30,41.92,4.55
1771,554695026,"01771M07:51:41.717","01771 07:39:31",206.70,910.14,,,,"     ",5.30,42.15,4.58
1771,554695027,"01771M07:51:42.690","01771 07:39:32",206.72,910.07,,,,"     ",5.30,41.82,4.54
1771,554695028,"01771M07:51:43.663","01771 07:39:33",206.76,910.04,,,,"     ",5.30,41.87,4.54
1771,554695029,"01771M07:51:44.637","01771 07:39:34",206.80,910.10,,,,"     ",5.30,42.11,4.57
1771,554695030,"01771M07:51:45.610","01771 07:39:35",206.86,910.09,,,,"     ",5.30,41.88,4.54
1771,554695031,"01771M07:51:46.583","01771 07:39:36",206.91,910.16,,,,"     ",5.30,41.95,4.55
1771,554695032,"01771M07:51:47.556","01771 07:39:37",206.97,910.18,,,,"     ",5.30,41.82,4.53
1771,554695033,"01771M07:51:48.530","01771 07:39:38",207.02,910.23,,,,"     ",5.30,42.13,4.56
1771,554695034,"01771M07:51:49.503","01771 07:39:39",207.07,910.20,,,,"     ",5.30,41.93,4.54
1771,554695035,"01771M07:51:50.476","01771 07:39:40",207.10,910.13,,,,"     ",5.30,42.06,4.55
1771,554695036,"01771M07:51:51.449","01771 07:39:40",207.12,910.17,,,,"     ",5.30,41.98,4.54
1771,554695037,"01771M07:51:52.423","01771 07:39:41",207.14,910.19,,,,"     ",5.30,42.06,4.55
1771,554695038,"01771M07:51:53.396","01771 07:39:42",207.15,910.15,,,,"     ",5.30,42.14,4.55
1771,554695039,"01771M07:51:54.369","01771 07:39:43",207.16,910.11,,,,"     ",5.30,41.89,4.52
1771,554695040,"01771M07:51:55.342","01771 07:39:44",207.15,910.09,,,,"     ",5.30,42.02,4.54
1771,554695041,"01771M07:51:56.316","01771 07:39:45",207.12,910.13,,,,"     ",5.30,42.28,4.56
1771,554695042,"01771M07:51:57.289","01771 07:39:46",207.09,910.14,,,,"     ",5.30,41.91,4.52
1771,554695043,"01771M07:51:58.262","01771 07:39:47",207.04,910.18,,,,"     ",5.30,42.11,4.54
1771,554695044,"01771M07:51:59.235","01771 07:39:48",206.98,910.22,,,,"     ",5.30,42.16,4.54
1771,554695045,"01771M07:52:00.209","01771 07:39:49",206.91,910.15,,,,"     ",5.30,42.06,4.53
1771,554695046,"01771M07:52:01.182","01771 07:39:50",206.83,910.11,,,,"     ",5.30,42.01,4.52
1771,554695047,"01771M07:52:02.155","01771 07:39:51",206.75,910.16,,,,"     ",5.30,42.17,4.54
1771,554695048,"01771M07:52:03.128","01771 07:39:52",206.67,910.15,,,,"     ",5.30,42.02,4.52
1771,554695049,"01771M07:52:04.102","01771 07:39:53",206.60,910.21,,,,"     ",5.30,42.13,4.53
1771,554695050,"01771M07:52:05.075","01771 07:39:54",206.54,910.08,,,,"     ",5.30,42.15,4.53
1771,554695051,"01771M07:52:06.048","01771 07:39:55",206.50,910.09,,,,"     ",5.30,42.50,4.57
1771,554695052,"01771M07:52:07.021","01771 07:39:56",206.47,910.04,,,,"     ",5.30,42.25,4.54
1771,554695053,"01771M07:52:07.995","01771 07:39:57",206.47,910.01,,,,"     ",5.30,42.18,4.53
1771,554695054,"01771M07:52:08.968","01771 07:39:58",206.48,910.01,,,,"     ",5.30,41.90,4.49
1771,554695055,"01771M07:52:09.941","01771 07:39:59",206.50,910.07,,,,"     ",5.30,42.26,4.53
1771,554695056,"01771M07:52:10.914","01771 07:40:00",206.53,910.05,,,,"     ",5.30,42.42,4.55
1771,554695057,"01771M07:52:11.888","01771 07:40:01",206.57,910.12,,,,"     ",5.30,42.30,4.53
1771,554695058,"01771M07:52:12.861","01771 07:40:02",206.60,910.10,,,,"     ",5.30,42.48,4.55
1771,554695059,"01771M07:52:13.834","01771 07:40:03",206.62,910.06,,,,"     ",5.30,42.52,4.55
1771,554695060,"01771M07:52:14.807","01771 07:40:04",206.64,910.09,,,,"     ",5.30,42.41,4.54
1771,554695061,"01771M07:52:15.781","01771 07:40:05",206.64,910.00,,,,"     ",5.30,42.40,4.54
1771,554695062,"01771M07:52:16.754","01771 07:40:06",206.65,910.05,,,,"     ",5.30,42.21,4.51
1771,554695063,"01771M07:52:17.727","01771 07:40:07",206.66,910.07,,,,"     ",5.30,42.40,4.53
1771,554695064,"01771M07:52:18.701","01771 07:40:08",206.66,910.11,,,,"     ",5.30,42.25,4.51
1771,554695065,"01771M07:52:19.674","01771 07:40:09",206.67,910.10,,,,"     ",5.30,42.81,4.57
1771,554695066,"01771M07:52:20.647","01771 07:40:10",206.66,910.07,,,,"     ",5.30,42.22,4.50
1771,554695067,"01771M07:52:21.620","01771 07:40:11",206.65,910.07,,,,"     ",5.30,42.15,4.49
1771,554695068,"01771M07:52:22.594","01771 07:40:12",206.62,910.07,,,,"     ",5.30,42.30,4.51
1771,554695069,"01771M07:52:23.567","01771 07:40:13",206.58,910.11,,,,"     ",5.30,42.43,4.52
1771,554695070,"01771M07:52:24.540","01771 07:40:14",206.51,910.15,,,,"     ",5.30,42.50,4.53
1771,554695071,"01771M07:52:25.513","01771 07:40:15",206.44,910.13,,,,"     ",5.30,42.57,4.53
1771,554695072,"01771M07:52:26.487","01771 07:40:16",206.35,910.17,,,,"     ",5.30,42.51,4.53
1771,554695073,"01771M07:52:27.460","01771 07:40:16",206.27,910.17,,,,"     ",5.30,42.31,4.50
1771,554695074,"01771M07:52:28.433","01771 07:40:17",206.18,910.13,,,,"     ",5.30,42.44,4.51
1771,554695075,"01771M07:52:29.406","01771 07:40:18",206.12,910.08,,,,"     ",5.30,42.80,4.55
1771,554695076,"01771M07:52:30.380","01771 07:40:19",206.07,910.17,,,,"     ",5.30,42.97,4.57
1771,554695077,"01771M07:52:31.353","01771 07:40:20",206.04,910.02,,,,"     ",5.30,42.79,4.55
1771,554695078,"01771M07:52:32.326","01771 07:40:21",206.02,910.16,,,,"     ",5.30,42.89,4.55
1771,554695079,"01771M07:52:33.299","01771 07:40:22",206.03,910.09,,,,"     ",5.30,42.73,4.54
1771,554695080,"01771M07:52:34.273","01771 07:40:23",206.04,910.06,,,,"     ",5.30,42.66,4.52
1771,554695081,"01771M07:52:35.246","01771 07:40:24",206.05,910.12,,,,"     ",5.30,42.82,4.54
1771,554695082,"01771M07:52:36.219","01771 07:40:25",206.05,910.17,,,,"     ",5.30,42.83,4.54
1771,554695083,"01771M07:52:37.192","01771 07:40:26",206.05,910.11,,,,"     ",5.30,42.65,4.52
1771,554695084,"01771M07:52:38.166","01771 07:40:27",206.04,910.13,,,,"     ",5.30,42.85,4.54
1771,554695085,"01771M07:52:39.139","01771 07:40:28",206.01,910.10,,,,"     ",5.30,42.49,4.50
1771,554695086,"01771M07:52:40.112","01771 07:40:29",205.98,910.05,,,,"     ",5.30,42.82,4.53
1771,554695087,"01771M07:52:41.085","01771 07:40:30",205.94,910.12,,,,"     ",5.30,42.59,4.50
1771,554695088,"01771M07:52:42.059","01771 07:40:31",205.90,910.16,,,,"     ",5.30,42.84,4.53
1771,554695089,"01771M07:52:43.032","01771 07:40:32",205.86,910.16,,,,"     ",5.30,42.92,4.54
1771,554695090,"01771M07:52:44.005","01771 07:40:33",205.82,910.11,,,,"     ",5.30,42.63,4.50
1771,554695091,"01771M07:52:44.978","01771 07:40:34",205.78,910.10,,,,"     ",5.30,42.85,4.52
1771,554695092,"01771M07:52:45.952","01771 07:40:35",205.73,910.16,,,,"     ",5.30,42.70,4.51
1771,554695093,"01771M07:52:46.925","01771 07:40:36",205.69,910.19,,,,"     ",5.30,42.91,4.53
1771,554695094,"01771M07:52:47.898","01771 07:40:37",205.64,910.12,,,,"     ",5.30,43.06,4.54
1771,554695095,"01771M07:52:48.871","01771 07:40:38",205.59,910.12,,,,"     ",5.30,42.63,4.49
1771,554695096,"01771M07:52:49.845","01771 07:40:39",205.54,910.06,,,,"     ",5.30,42.95,4.53
1771,554695097,"01771M07:52:50.818","01771 07:40:40",205.49,910.08,,,,"     ",5.30,43.09,4.54
1771,554695098,"01771M07:52:51.791","01771 07:40:41",205.46,910.02,,,,"     ",5.30,42.89,4.51
1771,554695099,"01771M07:52:52.764","01771 07:40:42",205.43,910.10,,,,"     ",5.30,42.97,4.52
1771,554695100,"01771M07:52:53.738","01771 07:40:43",205.43,910.09,,,,"     ",5.30,42.85,4.50
1771,554695101,"01771M07:52:54.711","01771 07:40:44",205.45,910.08,,,,"     ",5.30,42.82,4.50
1771,554695102,"01771M07:52:55.684","01771 07:40:45",205.49,910.04,,,,"     ",5.30,42.95,4.51
1771,554695103,"01771M07:52:56.657","01771 07:40:46",205.54,910.04,,,,"     ",5.30,42.96,4.51
1771,554695104,"01771M07:52:57.631","01771 07:40:47",205.61,910.04,,,,"     ",5.30,43.06,4.52
1771,554695105,"01771M07:52:58.604","01771 07:40:48",205.69,909.98,,,,"     ",5.30,43.09,4.52
1771,554695106,"01771M07:52:59.577","01771 07:40:49",205.76,910.04,,,,"     ",5.30,42.64,4.47
1771,554695107,"01771M07:53:00.550","01771 07:40:50",205.83,910.01,,,,"     ",5.30,42.80,4.48
1771,554695108,"01771M07:53:01.524","01771 07:40:51",205.88,910.00,,,,"     ",5.30,43.06,4.51
1771,554695109,"01771M07:53:02.497","01771 07:40:52",205.92,910.02,,,,"     ",5.30,42.85,4.49
1771,554695110,"01771M07:53:03.470","01771 07:40:53",205.93,910.07,,,,"     ",5.30,42.83,4.48
1771,554695111,"01771M07:53:04.443","01771 07:40:53",205.93,910.08,,,,"     ",5.30,42.94,4.49
1771,554695112,"01771M07:53:05.417","01771 07:40:54",205.91,910.07,,,,"     ",5.30,43.08,4.50
1771,554695113,"01771M07:53:06.390","01771 07:40:55",205.88,910.08,,,,"     ",5.30,43.13,4.51
1771,554695114,"01771M07:53:07.363","01771 07:40:56",205.84,910.07,,,,"     ",5.30,42.83,4.47
1771,554695115,"01771M07:53:08.336","01771 07:40:57",205.80,910.04,,,,"     ",5.30,43.02,4.49
1771,554695116,"01771M07:53:09.310","01771 07:40:58",205.75,910.03,,,,"     ",5.30,43.12,4.50
1771,554695117,"01771M07:53:10.283","01771 07:40:59",205.71,910.04,,,,"     ",5.30,43.41,4.53
1771,554695118,"01771M07:53:11.256","01771 07:41:00",205.66,910.05,,,,"     ",5.30,43.06,4.49
1771,554695119,"01771M07:53:12.229","01771 07:41:01",205.62,910.03,,,,"     ",5.30,43.26,4.51
1771,554695120,"01771M07:53:13.203","01771 07:41:02",205.58,910.01,,,,"     ",5.30,43.59,4.54
1771,554695121,"01771M07:53:14.176","01771 07:41:03",205.54,909.99,,,,"     ",5.30,43.22,4.50
1771,554695122,"01771M07:53:15.149","01771 07:41:04",205.50,910.06,,,,"     ",5.30,43.25,4.50
1771,554695123,"01771M07:53:16.122","01771 07:41:05",205.47,910.00,,,,"     ",5.30,43.44,4.52
1771,554695124,"01771M07:53:17.096","01771 07:41:06",205.44,909.94,,,,"     ",5.30,43.36,4.51
1771,554695125,"01771M07:53:18.069","01771 07:41:07",205.41,909.94,,,,"     ",5.30,43.50,4.52
1771,554695126,"01771M07:53:19.042","01771 07:41:08",205.39,910.04,,,,"     ",5.30,43.13,4.48
1771,554695127,"01771M07:53:20.015","01771 07:41:09",205.37,910.00,,,,"     ",5.30,43.30,4.49
1771,554695128,"01771M07:53:20.989","01771 07:41:10",205.36,910.01,,,,"     ",5.30,43.39,4.50
1771,554695129,"01771M07:53:21.962","01771 07:41:11",205.35,909.96,,,,"     ",5.30,43.42,4.50
1771,554695130,"01771M07:53:22.935","01771 07:41:12",205.35,909.99,,,,"     ",5.30,43.54,4.51
1771,554695131,"01771M07:53:23.908","01771 07:41:13",205.35,909.91,,,,"     ",5.30,43.63,4.52
1771,554695132,"01771M07:53:24.882","01771 07:41:14",205.36,910.02,,,,"     ",5.30,43.52,4.51
1771,554695133,"01771M07:53:25.855","01771 07:41:15",205.37,910.06,,,,"     ",5.30,43.72,4.53
1771,554695134,"01771M07:53:26.828","01771 07:41:16",205.39,910.13,,,,"     ",5.30,43.38,4.49
1771,554695135,"01771M07:53:27.802","01771 07:41:17",205.41,910.00,,,,"     ",5.30,43.56,4.50
1771,554695136,"01771M07:53:28.775","01771 07:41:18",205.44,910.00,,,,"     ",5.30,43.32,4.48
1771,554695137,"01771M07:53:29.748","01771 07:41:19",205.47,910.01,,,,"     ",5.30,43.43,4.48
1771,554695138,"01771M07:53:30.721","01771 07:41:20",205.50,910.04,,,,"     ",5.30,43.39,4.48
1771,554695139,"01771M07:53:31.695","01771 07:41:21",205.54,910.01,,,,"     ",5.30,43.91,4.53
1771,554695140,"01771M07:53:32.668","01771 07:41:22",205.58,910.02,,,,"     ",5.30,43.49,4.48
1771,554695141,"01771M07:53:33.641","01771 07:41:23",205.63,910.06,,,,"     ",5.30,43.51,4.49
1771,554695142,"01771M07:53:34.614","01771 07:41:24",205.67,910.09,,,,"     ",5.30,43.61,4.49
1771,554695143,"01771M07:53:35.588","01771 07:41:25",205.71,910.02,,,,"     ",5.30,43.66,4.50
1771,554695144,"01771M07:53:36.561","01771 07:41:26",205.74,910.06,,,,"     ",5.30,43.35,4.46
1771,554695145,"01771M07:53:37.534","01771 07:41:27",205.77,910.12,,,,"     ",5.30,43.64,4.49
1771,554695146,"01771M07:53:38.507","01771 07:41:28",205.79,910.00,,,,"     ",5.30,43.63,4.49
1771,554695147,"01771M07:53:39.481","01771 07:41:29",205.81,910.15,,,,"     ",5.30,43.64,4.48
1771,554695148,"01771M07:53:40.454","01771 07:41:30",205.81,910.06,,,,"     ",5.30,43.66,4.49
1771,554695149,"01771M07:53:41.427","01771 07:41:30",205.80,910.09,,,,"     ",5.30,43.76,4.49
1771,554695150,"01771M07:53:42.400","01771 07:41:31",205.79,910.07,,,,"     ",5.30,43.51,4.46
1771,554695151,"01771M07:53:43.374","01771 07:41:32",205.76,910.06,,,,"     ",5.30,43.52,4.46
1771,554695152,"01771M07:53:44.347","01771 07:41:33",205.74,910.01,,,,"     ",5.30,43.71,4.48
1771,554695153,"01771M07:53:45.320","01771 07:41:34",205.71,910.08,,,,"     ",5.30,43.64,4.47
1771,554695154,"01771M07:53:46.293","01771 07:41:35",205.68,910.05,,,,"     ",5.30,43.77,4.48
1771,554695155,"01771M07:53:47.267","01771 07:41:36",205.66,910.00,,,,"     ",5.30,43.85,4.49
1771,554695156,"01771M07:53:48.240","01771 07:41:37",205.65,910.10,,,,"     ",5.30,43.58,4.46
1771,554695157,"01771M07:53:49.213","01771 07:41:38",205.64,910.09,,,,"     ",5.30,43.74,4.47
1771,554695158,"01771M07:53:50.186","01771 07:41:39",205.64,910.07,,,,"     ",5.30,43.92,4.49
1771,554695159,"01771M07:53:51.160","01771 07:41:40",205.65,910.13,,,,"     ",5.30,43.74,4.47
1771,554695160,"01771M07:53:52.133","01771 07:41:41",205.66,910.05,,,,"     ",5.30,43.79,4.47
1771,554695161,"01771M07:53:53.106","01771 07:41:42",205.68,910.12,,,,"     ",5.30,44.17,4.51
1771,554695162,"01771M07:53:54.079","01771 07:41:43",205.70,910.07,,,,"     ",5.30,43.85,4.47
1771,554695163,"01771M07:53:55.053","01771 07:41:44",205.72,910.05,,,,"     ",5.30,43.46,4.43
1771,554695164,"01771M07:53:56.026","01771 07:41:45",205.74,910.04,,,,"     ",5.30,43.92,4.47
1771,554695165,"01771M07:53:56.999","01771 07:41:46",205.76,910.10,,,,"     ",5.30,43.51,4.43
1771,554695166,"01771M07:53:57.972","01771 07:41:47",205.78,910.06,,,,"     ",5.30,43.81,4.46
1771,554695167,"01771M07:53:58.946","01771 07:41:48",205.81,910.08,,,,"     ",5.30,44.21,4.50
1771,554695168,"01771M07:53:59.919","01771 07:41:49",205.83,910.09,,,,"     ",5.30,43.85,4.45
1771,554695169,"01771M07:54:00.892","01771 07:41:50",205.86,910.08,,,,"     ",5.30,43.83,4.45
1771,554695170,"01771M07:54:01.865","01771 07:41:51",205.88,909.98,,,,"     ",5.30,43.94,4.46
1771,554695171,"01771M07:54:02.839","01771 07:41:52",205.91,910.06,,,,"     ",5.30,44.01,4.46
1771,554695172,"01771M07:54:03.812","01771 07:41:53",205.94,909.99,,,,"     ",5.30,43.81,4.44
1771,554695173,"01771M07:54:04.785","01771 07:41:54",205.96,910.09,,,,"     ",5.30,43.87,4.44
1771,554695174,"01771M07:54:05.758","01771 07:41:55",205.99,910.00,,,,"     ",5.30,43.90,4.44
1771,554695175,"01771M07:54:06.732","01771 07:41:56",206.02,910.12,,,,"     ",5.30,44.13,4.47
1771,554695176,"01771M07:54:07.705","01771 07:41:57",206.04,910.16,,,,"     ",5.30,43.80,4.43
1771,554695177,"01771M07:54:08.678","01771 07:41:58",206.06,910.17,,,,"     ",5.30,44.01,4.45
1771,554695178,"01771M07:54:09.651","01771 07:41:59",206.07,910.15,,,,"     ",5.30,43.98,4.44
1771,554695179,"01771M07:54:10.625","01771 07:42:00",206.08,910.11,,,,"     ",5.30,44.09,4.45
1771,554695180,"01771M07:54:11.598","01771 07:42:01",206.08,910.05,,,,"     ",5.30,43.72,4.41
1771,554695181,"01771M07:54:12.571","01771 07:42:02",206.09,910.06,,,,"     ",5.30,43.82,4.42
1771,554695182,"01771M07:54:13.544","01771 07:42:03",206.10,910.08,,,,"     ",5.30,43.72,4.40
1771,554695183,"01771M07:54:14.518","01771 07:42:04",206.11,910.04,,,,"     ",5.30,44.04,4.44
1771,554695184,"01771M07:54:15.491","01771 07:42:05",206.13,910.09,,,,"     ",5.30,44.03,4.43
1771,554695185,"01771M07:54:16.464","01771 07:42:06",206.14,910.15,,,,"     ",5.30,44.15,4.44
1771,554695186,"01771M07:54:17.437","01771 07:42:07",206.16,910.14,,,,"     ",5.30,44.10,4.43
1771,554695187,"01771M07:54:18.411","01771 07:42:07",206.18,910.25,,,,"     ",5.30,43.88,4.41
1771,554695188,"01771M07:54:19.384","01771 07:42:08",206.20,910.16,,,,"     ",5.30,44.18,4.44
1771,554695189,"01771M07:54:20.357","01771 07:42:09",206.23,910.17,,,,"     ",5.30,43.66,4.38
1771,554695190,"01771M07:54:21.330","01771 07:42:10",206.25,910.16,,,,"     ",5.30,44.06,4.42
1771,554695191,"01771M07:54:22.304","01771 07:42:11",206.28,910.06,,,,"     ",5.30,44.18,4.43
1771,554695192,"01771M07:54:23.277","01771 07:42:12",206.31,910.00,,,,"     ",5.30,43.95,4.40
1771,554695193,"01771M07:54:24.250","01771 07:42:13",206.34,910.05,,,,"     ",5.30,44.06,4.41
1771,554695194,"01771M07:54:25.223","01771 07:42:14",206.36,909.96,,,,"     ",5.30,43.99,4.40
1771,554695195,"01771M07:54:26.197","01771 07:42:15",206.38,909.99,,,,"     ",5.30,44.48,4.45
1771,554695196,"01771M07:54:27.170","01771 07:42:16",206.40,910.02,,,,"     ",5.30,43.81,4.37
1771,554695197,"01771M07:54:28.143","01771 07:42:17",206.41,910.04,,,,"     ",5.30,43.85,4.38
1771,554695198,"01771M07:54:29.116","01771 07:42:18",206.42,910.06,,,,"     ",5.30,44.19,4.41
1771,554695199,"01771M07:54:30.090","01771 07:42:19",206.43,910.11,,,,"     ",5.30,44.08,4.40
1771,554695200,"01771M07:54:31.063","01771 07:42:20",206.43,910.03,,,,"     ",5.30,44.25,4.41
1771,554695201,"01771M07:54:32.036","01771 07:42:21",206.43,910.06,,,,"     ",5.30,44.31,4.41
1771,554695202,"01771M07:54:33.009","01771 07:42:22",206.43,910.06,,,,"     ",5.30,44.38,4.42
1771,554695203,"01771M07:54:33.983","01771 07:42:23",206.44,910.04,,,,"     ",5.30,44.46,4.42
1771,554695204,"01771M07:54:34.956","01771 07:42:24",206.44,910.08,,,,"     ",5.30,44.57,4.43
1771,554695205,"01771M07:54:35.929","01771 07:42:25",206.45,910.14,,,,"     ",5.30,44.25,4.40
1771,554695206,"01771M07:54:36.903","01771 07:42:26",206.45,910.10,,,,"     ",5.30,44.13,4.38
1771,554695207,"01771M07:54:37.876","01771 07:42:27",206.46,910.08,,,,"     ",5.30,44.35,4.40
1771,554695208,"01771M07:54:38.849","01771 07:42:28",206.47,910.06,,,,"     ",5.30,44.12,4.38
1771,554695209,"01771M07:54:39.822","01771 07:42:29",206.49,910.08,,,,"     ",5.30,44.27,4.39
1771,554695210,"01771M07:54:40.796","01771 07:42:30",206.52,910.14,,,,"     ",5.30,44.49,4.41
1771,554695211,"01771M07:54:41.769","01771 07:42:31",206.55,910.15,,,,"     ",5.30,44.08,4.36
1771,554695212,"01771M07:54:42.742","01771 07:42:32",206.59,910.02,,,,"     ",5.30,44.31,4.38
1771,554695213,"01771M07:54:43.715","01771 07:42:33",206.63,910.10,,,,"     ",5.30,44.31,4.38
1771,554695214,"01771M07:54:44.689","01771 07:42:34",206.68,910.06,,,,"     ",5.30,44.42,4.39
1771,554695215,"01771M07:54:45.662","01771 07:42:35",206.72,909.98,,,,"     ",5.30,44.50,4.39
1771,554695216,"01771M07:54:46.635","01771 07:42:36",206.77,910.07,,,,"     ",5.30,44.57,4.40
1771,554695217,"01771M07:54:47.608","01771 07:42:37",206.81,910.07,,,,"     ",5.30,44.49,4.39
1771,554695218,"01771M07:54:48.582","01771 07:42:38",206.85,910.15,,,,"     ",5.30,44.19,4.36
1771,554695219,"01771M07:54:49.555","01771 07:42:39",206.88,910.08,,,,"     ",5.30,44.36,4.37
1771,554695220,"01771M07:54:50.528","01771 07:42:40",206.90,910.14,,,,"     ",5.30,44.54,4.39
1771,554695221,"01771M07:54:51.501","01771 07:42:41",206.90,910.07,,,,"     ",5.30,44.58,4.39
1771,554695222,"01771M07:54:52.475","01771 07:42:42",206.91,910.05,,,,"     ",5.30,44.64,4.39
1771,554695223,"01771M07:54:53.448","01771 07:42:43",206.90,910.10,,,,"     ",5.30,44.59,4.38
1771,554695224,"01771M07:54:54.421","01771 07:42:43",206.89,910.10,,,,"     ",5.30,44.74,4.39
1771,554695225,"01771M07:54:55.394","01771 07:42:44",206.89,910.03,,,,"     ",5.30,44.57,4.37
1771,554695226,"01771M07:54:56.368","01771 07:42:45",206.88,909.98,,,,"     ",5.30,44.43,4.36
1771,554695227,"01771M07:54:57.341","01771 07:42:46",206.87,910.05,,,,"     ",5.30,44.43,4.36
1771,554695228,"01771M07:54:58.314","01771 07:42:47",206.87,910.06,,,,"     ",5.30,44.92,4.40
1771,554695229,"01771M07:54:59.287","01771 07:42:48",206.87,910.09,,,,"     ",5.30,44.26,4.34
1771,554695230,"01771M07:55:00.261","01771 07:42:49",206.87,910.04,,,,"     ",5.30,44.61,4.37
1771,554695231,"01771M07:55:01.234","01771 07:42:50",206.87,910.09,,,,"     ",5.30,44.55,4.36
1771,554695232,"01771M07:55:02.207","01771 07:42:51",206.87,910.03,,,,"     ",5.30,44.64,4.36
1771,554695233,"01771M07:55:03.180","01771 07:42:52",206.87,910.05,,,,"     ",5.30,44.83,4.38
1771,554695234,"01771M07:55:04.154","01771 07:42:53",206.86,910.07,,,,"     ",5.30,44.95,4.39
1771,554695235,"01771M07:55:05.127","01771 07:42:54",206.84,910.06,,,,"     ",5.30,44.57,4.35
1771,554695236,"01771M07:55:06.100","01771 07:42:55",206.83,910.06,,,,"     ",5.30,44.67,4.36
1771,554695237,"01771M07:55:07.073","01771 07:42:56",206.81,910.15,,,,"     ",5.30,44.71,4.36
1771,554695238,"01771M07:55:08.047","01771 07:42:57",206.78,910.07,,,,"     ",5.30,44.99,4.39
1771,554695239,"01771M07:55:09.020","01771 07:42:58",206.76,910.06,,,,"     ",5.30,44.92,4.38
1771,554695240,"01771M07:55:09.993","01771 07:42:59",206.73,910.01,,,,"     ",5.30,44.74,4.36
1771,554695241,"01771M07:55:10.966","01771 07:43:00",206.69,910.01,,,,"     ",5.30,44.82,4.36
1771,554695242,"01771M07:55:11.940","01771 07:43:01",206.66,909.96,,,,"     ",5.30,44.67,4.34
1771,554695243,"01771M07:55:12.913","01771 07:43:02",206.61,910.04,,,,"     ",5.30,45.00,4.37
1771,554695244,"01771M07:55:13.886","01771 07:43:03",206.57,910.08,,,,"     ",5.30,44.56,4.33
1771,554695245,"01771M07:55:14.859","01771 07:43:04",206.51,910.10,,,,"     ",5.30,44.98,4.37
1771,554695246,"01771M07:55:15.833","01771 07:43:05",206.45,910.06,,,,"     ",5.30,44.80,4.35
1771,554695247,"01771M07:55:16.806","01771 07:43:06",206.37,910.01,,,,"     ",5.30,45.10,4.38
1771,554695248,"01771M07:55:17.779","01771 07:43:07",206.30,910.01,,,,"     ",5.30,44.71,4.34
1771,554695249,"01771M07:55:18.752","01771 07:43:08",206.23,910.07,,,,"     ",5.30,45.17,4.38
1771,554695250,"01771M07:55:19.726","01771 07:43:09",206.16,910.03,,,,"     ",5.30,44.74,4.33
1771,554695251,"01771M07:55:20.699","01771 07:43:10",206.10,910.08,,,,"     ",5.30,44.80,4.34
1771,554695252,"01771M07:55:21.672","01771 07:43:11",206.05,909.96,,,,"     ",5.30,44.70,4.33
1771,554695253,"01771M07:55:22.645","01771 07:43:12",206.00,909.98,,,,"     ",5.30,44.93,4.35
1771,554695254,"01771M07:55:23.619","01771 07:43:13",205.96,910.01,,,,"     ",5.30,44.35,4.29
1771,554695255,"01771M07:55:24.592","01771 07:43:14",205.93,910.06,,,,"     ",5.30,45.01,4.35
1771,554695256,"01771M07:55:25.565","01771 07:43:15",205.90,910.05,,,,"     ",5.30,45.09,4.35
1771,554695257,"01771M07:55:26.538","01771 07:43:16",205.87,910.11,,,,"     ",5.30,45.10,4.36
1771,554695258,"01771M07:55:27.512","01771 07:43:17",205.86,910.01,,,,"     ",5.30,45.23,4.37
1771,554695259,"01771M07:55:28.485","01771 07:43:18",205.84,910.06,,,,"     ",5.30,44.71,4.31
1771,554695260,"01771M07:55:29.458","01771 07:43:19",205.84,909.96,,,,"     ",5.30,45.08,4.35
1771,554695261,"01771M07:55:30.431","01771 07:43:20",205.83,909.98,,,,"     ",5.30,45.24,4.36
1771,554695262,"01771M07:55:31.405","01771 07:43:20",205.83,909.97,,,,"     ",5.30,45.03,4.34
1771,554695263,"01771M07:55:32.378","01771 07:43:21",205.83,909.97,,,,"     ",5.30,45.15,4.35
1771,554695264,"01771M07:55:33.351","01771 07:43:22",205.84,910.01,,,,"     ",5.30,45.18,4.35
1771,554695265,"01771M07:55:34.324","01771 07:43:23",205.85,910.00,,,,"     ",5.30,45.01,4.33
1771,554695266,"01771M07:55:35.298","01771 07:43:24",205.86,910.01,,,,"     ",5.30,45.36,4.36
1771,554695267,"01771M07:55:36.271","01771 07:43:25",205.88,910.11,,,,"     ",5.30,45.32,4.36
1771,554695268,"01771M07:55:37.244","01771 07:43:26",205.90,910.00,,,,"     ",5.30,45.29,4.35
1771,554695269,"01771M07:55:38.217","01771 07:43:27",205.92,910.05,,,,"     ",5.30,44.87,4.31
1771,554695270,"01771M07:55:39.191","01771 07:43:28",205.95,910.05,,,,"     ",5.30,45.09,4.33
1771,554695271,"01771M07:55:40.164","01771 07:43:29",205.97,910.07,,,,"     ",5.30,45.03,4.32
1771,554695272,"01771M07:55:41.137","01771 07:43:30",205.99,910.00,,,,"     ",5.30,44.93,4.31
1771,554695273,"01771M07:55:42.110","01771 07:43:31",206.01,909.98,,,,"     ",5.30,45.24,4.34
1771,554695274,"01771M07:55:43.084","01771 07:43:32",206.02,909.98,,,,"     ",5.30,45.27,4.34
1771,554695275,"01771M07:55:44.057","01771 07:43:33",206.03,909.94,,,,"     ",5.30,45.16,4.32
1771,554695276,"01771M07:55:45.030","01771 07:43:34",206.03,910.01,,,,"     ",5.30,44.97,4.30
1771,554695277,"01771M07:55:46.004","01771 07:43:35",206.03,910.00,,,,"     ",5.30,45.05,4.31
1771,554695278,"01771M07:55:46.977","01771 07:43:36",206.03,909.99,,,,"     ",5.30,45.07,4.31
1771,554695279,"01771M07:55:47.950","01771 07:43:37",206.03,910.09,,,,"     ",5.30,44.98,4.30
1771,554695280,"01771M07:55:48.923","01771 07:43:38",206.03,910.09,,,,"     ",5.30,45.03,4.30
1771,554695281,"01771M07:55:49.897","01771 07:43:39",206.02,910.11,,,,"     ",5.30,45.15,4.31
1771,554695282,"01771M07:55:50.870","01771 07:43:40",206.00,910.15,,,,"     ",5.30,45.01,4.29
1771,554695283,"01771M07:55:51.843","01771 07:43:41",206.00,910.20,,,,"     ",5.30,45.21,4.31
1771,554695284,"01771M07:55:52.816","01771 07:43:42",205.99,910.16,,,,"     ",5.30,45.10,4.30
1771,554695285,"01771M07:55:53.790","01771 07:43:43",205.99,910.16,,,,"     ",5.30,45.20,4.31
1771,554695286,"01771M07:55:54.763","01771 07:43:44",205.98,910.05,,,,"     ",5.30,45.25,4.31
1771,554695287,"01771M07:55:55.736","01771 07:43:45",205.98,910.01,,,,"     ",5.30,45.31,4.31
1771,554695288,"01771M07:55:56.709","01771 07:43:46",205.98,910.08,,,,"     ",5.30,45.50,4.33
1771,554695289,"01771M07:55:57.683","01771 07:43:47",205.98,910.00,,,,"     ",5.30,45.24,4.30
1771,554695290,"01771M07:55:58.656","01771 07:43:48",205.99,910.00,,,,"     ",5.30,45.34,4.31
1771,554695291,"01771M07:55:59.629","01771 07:43:49",205.99,910.11,,,,"     ",5.30,45.04,4.28
1771,554695292,"01771M07:56:00.602","01771 07:43:50",206.00,910.05,,,,"     ",5.30,45.28,4.30
1771,554695293,"01771M07:56:01.576","01771 07:43:51",206.01,910.03,,,,"     ",5.30,45.20,4.29
1771,554695294,"01771M07:56:02.549","01771 07:43:52",206.02,910.01,,,,"     ",5.30,45.20,4.29
1771,554695295,"01771M07:56:03.522","01771 07:43:53",206.03,910.09,,,,"     ",5.30,45.25,4.29
1771,554695296,"01771M07:56:04.495","01771 07:43:54",206.04,910.10,,,,"     ",5.30,45.51,4.32
1771,554695297,"01771M07:56:05.469","01771 07:43:55",206.06,910.08,,,,"     ",5.30,45.33,4.30
1771,554695298,"01771M07:56:06.442","01771 07:43:56",206.08,909.97,,,,"     ",5.30,45.36,4.30
1771,554695299,"01771M07:56:07.415","01771 07:43:57",206.10,910.00,,,,"     ",5.30,45.19,4.28
1771,554695300,"01771M07:56:08.388","01771 07:43:57",206.12,910.09,,,,"     ",5.30,45.27,4.28
1771,554695301,"01771M07:56:09.362","01771 07:43:58",205.85,910.07,,,,"     ",5.30,45.31,4.29
1771,554695302,"01771M07:56:10.335","01771 07:43:59",205.87,910.11,,,,"     ",5.30,45.37,4.29
1771,554695303,"01771M07:56:11.308","01771 07:44:00",205.89,910.10,,,,"     ",5.30,45.32,4.28
1771,554695304,"01771M07:56:12.281","01771 07:44:01",205.91,910.02,,,,"     ",5.30,44.96,4.25
1771,554695305,"01771M07:56:13.255","01771 07:44:02",205.93,910.03,,,,"     ",5.30,45.21,4.27
1771,554695306,"01771M07:56:14.228","01771 07:44:03",205.95,910.02,,,,"     ",5.30,45.60,4.31
1771,554695307,"01771M07:56:15.201","01771 07:44:04",205.97,910.02,,,,"     ",5.30,45.40,4.28
1771,554695308,"01771M07:56:16.174","01771 07:44:05",205.99,910.05,,,,"     ",5.30,45.31,4.27
1771,554695309,"01771M07:56:17.148","01771 07:44:06",206.00,909.93,,,,"     ",5.30,45.21,4.26
1771,554695310,"01771M07:56:18.121","01771 07:44:07",206.02,909.99,,,,"     ",5.30,45.00,4.24
1771,554695311,"01771M07:56:19.094","01771 07:44:08",206.04,909.99,,,,"     ",5.30,45.25,4.26
1771,554695312,"01771M07:56:20.067","01771 07:44:09",206.05,910.09,,,,"     ",5.30,45.34,4.26
1771,554695313,"01771M07:56:21.041","01771 07:44:10",206.06,910.02,,,,"     ",5.30,45.44,4.27
1771,554695314,"01771M07:56:22.014","01771 07:44:11",206.07,910.06,,,,"     ",5.30,45.48,4.27
1771,554695315,"01771M07:56:22.987","01771 07:44:12",206.08,910.04,,,,"     ",5.30,45.63,4.29
1771,554695316,"01771M07:56:23.960","01771 07:44:13",206.09,910.09,,,,"     ",5.30,45.29,4.25
1771,554695317,"01771M07:56:24.934","01771 07:44:14",206.09,909.99,,,,"     ",5.30,45.19,4.24
1771,554695318,"01771M07:56:25.907","01771 07:44:15",206.09,910.00,,,,"     ",5.30,45.27,4.24
1771,554695319,"01771M07:56:26.880","01771 07:44:16",206.09,909.99,,,,"     ",5.30,45.42,4.26
1771,554695320,"01771M07:56:27.853","01771 07:44:17",206.09,910.02,,,,"     ",5.30,45.59,4.27
1771,554695321,"01771M07:56:28.827","01771 07:44:18",206.11,909.99,,,,"     ",5.30,45.57,4.27
1771,554695322,"01771M07:56:29.800","01771 07:44:19",206.13,910.03,,,,"     ",5.30,45.41,4.25
1771,554695323,"01771M07:56:30.773","01771 07:44:20",206.16,910.04,,,,"     ",5.30,45.13,4.22
1771,554695324,"01771M07:56:31.746","01771 07:44:21",206.19,910.00,,,,"     ",5.30,45.38,4.24
1771,554695325,"01771M07:56:32.720","01771 07:44:22",206.22,909.95,,,,"     ",5.30,45.45,4.25
1771,554695326,"01771M07:56:33.693","01771 07:44:23",206.24,910.05,,,,"     ",5.30,45.34,4.23
1771,554695327,"01771M07:56:34.666","01771 07:44:24",206.26,910.04,,,,"     ",5.30,45.48,4.25
1771,554695328,"01771M07:56:35.639","01771 07:44:25",206.28,909.98,,,,"     ",5.30,45.71,4.27
1771,554695329,"01771M07:56:36.613","01771 07:44:26",206.28,910.05,,,,"     ",5.30,45.28,4.22
1771,554695330,"01771M07:56:37.586","01771 07:44:27",206.27,910.03,,,,"     ",5.30,45.47,4.24
1771,554695331,"01771M07:56:38.559","01771 07:44:28",206.26,910.00,,,,"     ",5.30,45.54,4.24
1771,554695332,"01771M07:56:39.532","01771 07:44:29",206.25,909.98,,,,"     ",5.30,45.66,4.25
1771,554695333,"01771M07:56:40.506","01771 07:44:30",206.23,910.02,,,,"     ",5.30,45.45,4.23
1771,554695334,"01771M07:56:41.479","01771 07:44:31",206.21,909.99,,,,"     ",5.30,45.49,4.23
1771,554695335,"01771M07:56:42.452","01771 07:44:32",206.20,910.02,,,,"     ",5.30,45.62,4.24
1771,554695336,"01771M07:56:43.425","01771 07:44:33",206.18,909.98,,,,"     ",5.30,45.63,4.24
1771,554695337,"01771M07:56:44.399","01771 07:44:33",206.16,910.02,,,,"     ",5.30,45.64,4.24
1771,554695338,"01771M07:56:45.372","01771 07:44:34",206.15,910.09,,,,"     ",5.30,45.39,4.21
1771,554695339,"01771M07:56:46.345","01771 07:44:35",206.15,910.04,,,,"     ",5.30,45.67,4.24
1771,554695340,"01771M07:56:47.318","01771 07:44:36",206.15,910.00,,,,"     ",5.30,45.55,4.22
1771,554695341,"01771M07:56:48.292","01771 07:44:37",206.15,910.02,,,,"     ",5.30,45.69,4.24
1771,554695342,"01771M07:56:49.265","01771 07:44:38",206.15,909.96,,,,"     ",5.30,45.84,4.25
1771,554695343,"01771M07:56:50.238","01771 07:44:39",206.14,909.99,,,,"     ",5.30,45.54,4.22
1771,554695344,"01771M07:56:51.211","01771 07:44:40",206.13,910.00,,,,"     ",5.30,45.89,4.25
1771,554695345,"01771M07:56:52.185","01771 07:44:41",206.13,910.02,,,,"     ",5.30,46.00,4.26
1771,554695346,"01771M07:56:53.158","01771 07:44:42",206.12,910.02,,,,"     ",5.30,45.76,4.23
1771,554695347,"01771M07:56:54.131","01771 07:44:43",206.11,910.01,,,,"     ",5.30,45.66,4.22
1771,554695348,"01771M07:56:55.105","01771 07:44:44",206.10,910.06,,,,"     ",5.30,45.74,4.22
1771,554695349,"01771M07:56:56.078","01771 07:44:45",206.10,910.07,,,,"     ",5.30,45.62,4.21
1771,554695350,"01771M07:56:57.051","01771 07:44:46",206.11,910.01,,,,"     ",5.30,45.70,4.22
1771,554695351,"01771M07:56:58.024","01771 07:44:47",206.11,910.10,,,,"     ",5.30,45.74,4.22
1771,554695352,"01771M07:56:58.998","01771 07:44:48",206.12,910.07,,,,"     ",5.30,45.35,4.18
1771,554695353,"01771M07:56:59.971","01771 07:44:49",206.14,910.03,,,,"     ",5.30,45.71,4.21
1771,554695354,"01771M07:57:00.944","01771 07:44:50",206.15,910.03,,,,"     ",5.30,45.66,4.20
1771,554695355,"01771M07:57:01.917","01771 07:44:51",206.17,910.04,,,,"     ",5.30,45.77,4.21
1771,554695356,"01771M07:57:02.891","01771 07:44:52",206.20,910.07,,,,"     ",5.30,45.63,4.20
1771,554695357,"01771M07:57:03.864","01771 07:44:53",206.22,909.99,,,,"     ",5.30,45.68,4.20
1771,554695358,"01771M07:57:04.837","01771 07:44:54",206.25,909.94,,,,"     ",5.30,45.76,4.20
1771,554695359,"01771M07:57:05.810","01771 07:44:55",206.29,910.05,,,,"     ",5.30,45.81,4.21
1771,554695360,"01771M07:57:06.784","01771 07:44:56",206.33,910.07,,,,"     ",5.30,46.04,4.23
1771,554695361,"01771M07:57:07.757","01771 07:44:57",206.39,910.04,,,,"     ",5.30,45.99,4.22
1771,554695362,"01771M07:57:08.730","01771 07:44:58",206.45,910.03,,,,"     ",5.30,45.78,4.20
1771,554695363,"01771M07:57:09.703","01771 07:44:59",206.53,910.04,,,,"     ",5.30,45.92,4.21
1771,554695364,"01771M07:57:10.677","01771 07:45:00",206.60,910.10,,,,"     ",5.30,45.98,4.21
1771,554695365,"01771M07:57:11.650","01771 07:45:01",206.68,910.17,,,,"     ",5.30,45.84,4.19
1771,554695366,"01771M07:57:12.623","01771 07:45:02",206.76,910.17,,,,"     ",5.30,45.87,4.19
1771,554695367,"01771M07:57:13.596","01771 07:45:03",206.84,910.03,,,,"     ",5.30,46.02,4.20
1771,554695368,"01771M07:57:14.570","01771 07:45:04",206.92,910.09,,,,"     ",5.30,45.95,4.20
1771,554695369,"01771M07:57:15.543","01771 07:45:05",207.00,910.05,,,,"     ",5.30,46.34,4.23
1771,554695370,"01771M07:57:16.516","01771 07:45:06",207.07,910.05,,,,"     ",5.30,46.38,4.23
1771,554695371,"01771M07:57:17.489","01771 07:45:07",207.13,910.08,,,,"     ",5.30,46.34,4.22
1771,554695372,"01771M07:57:18.463","01771 07:45:08",207.18,910.04,,,,"     ",5.30,46.23,4.21
1771,554695373,"01771M07:57:19.436","01771 07:45:09",207.21,910.04,,,,"     ",5.30,46.03,4.19
1771,554695374,"01771M07:57:20.409","01771 07:45:10",207.23,910.07,,,,"     ",5.30,46.32,4.21
1771,554695375,"01771M07:57:21.382","01771 07:45:10",207.25,910.08,,,,"     ",5.30,46.57,4.23
1771,554695376,"01771M07:57:22.356","01771 07:45:11",207.26,910.07,,,,"     ",5.30,46.47,4.22
1771,554695377,"01771M07:57:23.329","01771 07:45:12",207.26,909.99,,,,"     ",5.30,46.13,4.18
1771,554695378,"01771M07:57:24.302","01771 07:45:13",207.26,910.09,,,,"     ",5.30,46.37,4.20
1771,554695379,"01771M07:57:25.275","01771 07:45:14",207.26,910.07,,,,"     ",5.30,46.33,4.20
1771,554695380,"01771M07:57:26.249","01771 07:45:15",207.26,910.12,,,,"     ",5.30,46.43,4.20
1771,554695381,"01771M07:57:27.222","01771 07:45:16",207.26,910.09,,,,"     ",5.30,46.21,4.18
1771,554695382,"01771M07:57:28.195","01771 07:45:17",207.26,910.15,,,,"     ",5.30,46.69,4.22
1771,554695383,"01771M07:57:29.168","01771 07:45:18",207.27,910.04,,,,"     ",5.30,46.51,4.20
1771,554695384,"01771M07:57:30.142","01771 07:45:19",207.28,910.05,,,,"     ",5.30,46.42,4.19
1771,554695385,"01771M07:57:31.115","01771 07:45:20",207.29,910.00,,,,"     ",5.30,46.86,4.22
1771,554695386,"01771M07:57:32.088","01771 07:45:21",207.31,910.02,,,,"     ",5.30,46.39,4.18
1771,554695387,"01771M07:57:33.061","01771 07:45:22",207.33,910.01,,,,"     ",5.30,46.70,4.20
1771,554695388,"01771M07:57:34.035","01771 07:45:23",207.35,909.96,,,,"     ",5.30,46.56,4.19
1771,554695389,"01771M07:57:35.008","01771 07:45:24",207.38,909.99,,,,"     ",5.30,46.29,4.16
1771,554695390,"01771M07:57:35.981","01771 07:45:25",207.41,910.01,,,,"     ",5.30,46.73,4.20
1771,554695391,"01771M07:57:36.954","01771 07:45:26",207.44,910.01,,,,"     ",5.30,46.88,4.21
1771,554695392,"01771M07:57:37.928","01771 07:45:27",207.47,909.92,,,,"     ",5.30,46.66,4.18
1771,554695393,"01771M07:57:38.901","01771 07:45:28",207.50,909.92,,,,"     ",5.30,46.56,4.17
1771,554695394,"01771M07:57:39.874","01771 07:45:29",207.53,909.94,,,,"     ",5.30,46.69,4.18
1771,554695395,"01771M07:57:40.847","01771 07:45:30",207.56,909.99,,,,"     ",5.30,46.76,4.18
1771,554695396,"01771M07:57:41.821","01771 07:45:31",207.58,910.06,,,,"     ",5.30,46.71,4.17
1771,554695397,"01771M07:57:42.794","01771 07:45:32",207.59,910.05,,,,"     ",5.30,46.75,4.18
1771,554695398,"01771M07:57:43.767","01771 07:45:33",207.59,910.03,,,,"     ",5.30,46.75,4.17
1771,554695399,"01771M07:57:44.740","01771 07:45:34",207.59,909.93,,,,"     ",5.30,46.78,4.17
1771,554695400,"01771M07:57:45.714","01771 07:45:35",207.58,910.02,,,,"     ",5.30,46.83,4.17
1771,554695401,"01771M07:57:46.687","01771 07:45:36",207.56,910.06,,,,"     ",5.30,46.83,4.17
1771,554695402,"01771M07:57:47.660","01771 07:45:37",207.54,910.03,,,,"     ",5.30,46.93,4.17
1771,554695403,"01771M07:57:48.633","01771 07:45:38",207.53,910.07,,,,"     ",5.30,46.71,4.15
1771,554695404,"01771M07:57:49.607","01771 07:45:39",207.52,910.13,,,,"     ",5.30,47.04,4.18
1771,554695405,"01771M07:57:50.580","01771 07:45:40",207.54,909.98,,,,"     ",5.30,47.16,4.19
1771,554695406,"01771M07:57:51.553","01771 07:45:41",207.56,909.94,,,,"     ",5.30,47.00,4.17
1771,554695407,"01771M07:57:52.526","01771 07:45:42",207.60,909.94,,,,"     ",5.30,46.91,4.16
1771,554695408,"01771M07:57:53.500","01771 07:45:43",207.65,909.97,,,,"     ",5.30,47.03,4.16
1771,554695409,"01771M07:57:54.473","01771 07:45:44",207.70,910.06,,,,"     ",5.30,46.89,4.15
1771,554695410,"01771M07:57:55.446","01771 07:45:45",207.76,910.11,,,,"     ",5.30,47.13,4.17
1771,554695411,"01771M07:57:56.419","01771 07:45:46",207.84,910.06,,,,"     ",5.30,46.80,4.14
1771,554695412,"01771M07:57:57.393","01771 07:45:47",207.91,910.12,,,,"     ",5.30,46.92,4.14
1771,554695413,"01771M07:57:58.366","01771 07:45:47",207.99,910.05,,,,"     ",5.30,46.93,4.14
1771,554695414,"01771M07:57:59.339","01771 07:45:48",208.07,909.99,,,,"     ",5.30,47.25,4.17
1771,554695415,"01771M07:58:00.312","01771 07:45:49",208.13,910.09,,,,"     ",5.30,47.15,4.15
1771,554695416,"01771M07:58:01.286","01771 07:45:50",208.19,910.09,,,,"     ",5.30,47.14,4.15
1771,554695417,"01771M07:58:02.259","01771 07:45:51",208.23,910.02,,,,"     ",5.30,47.06,4.14
1771,554695418,"01771M07:58:03.232","01771 07:45:52",208.27,910.13,,,,"     ",5.30,47.20,4.15
1771,554695419,"01771M07:58:04.205","01771 07:45:53",208.29,910.18,,,,"     ",5.30,47.14,4.14
1771,554695420,"01771M07:58:05.179","01771 07:45:54",208.29,910.08,,,,"     ",5.30,47.08,4.13
1771,554695421,"01771M07:58:06.152","01771 07:45:55",208.28,910.07,,,,"     ",5.30,47.07,4.13
1771,554695422,"01771M07:58:07.125","01771 07:45:56",208.26,910.00,,,,"     ",5.30,47.39,4.15
1771,554695423,"01771M07:58:08.099","01771 07:45:57",208.23,910.10,,,,"     ",5.30,47.38,4.15
1771,554695424,"01771M07:58:09.072","01771 07:45:58",208.19,910.01,,,,"     ",5.30,47.17,4.13
1771,554695425,"01771M07:58:10.045","01771 07:45:59",208.15,910.07,,,,"     ",5.30,47.12,4.12
1771,554695426,"01771M07:58:11.018","01771 07:46:00",208.12,910.04,,,,"     ",5.30,47.56,4.16
1771,554695427,"01771M07:58:11.992","01771 07:46:01",208.08,910.07,,,,"     ",5.30,47.43,4.14
1771,554695428,"01771M07:58:12.965","01771 07:46:02",208.07,910.01,,,,"     ",5.30,47.59,4.15
1771,554695429,"01771M07:58:13.938","01771 07:46:03",208.07,910.11,,,,"     ",5.30,47.52,4.14
1771,554695430,"01771M07:58:14.911","01771 07:46:04",208.09,910.05,,,,"     ",5.30,47.59,4.15
1771,554695431,"01771M07:58:15.885","01771 07:46:05",208.13,910.06,,,,"     ",5.30,47.41,4.13
1771,554695432,"01771M07:58:16.858","01771 07:46:06",208.18,910.08,,,,"     ",5.30,47.81,4.16
1771,554695433,"01771M07:58:17.831","01771 07:46:07",208.25,910.01,,,,"     ",5.30,47.75,4.15
1771,554695434,"01771M07:58:18.804","01771 07:46:08",208.32,909.96,,,,"     ",5.30,47.82,4.15
1771,554695435,"01771M07:58:19.778","01771 07:46:09",208.38,909.92,,,,"     ",5.30,47.75,4.14
1771,554695436,"01771M07:58:20.751","01771 07:46:10",208.44,909.98,,,,"     ",5.30,47.90,4.15
1771,554695437,"01771M07:58:21.724","01771 07:46:11",208.49,909.97,,,,"     ",5.30,47.82,4.14
1771,554695438,"01771M07:58:22.697","01771 07:46:12",208.53,910.07,,,,"     ",5.30,47.50,4.11
1771,554695439,"01771M07:58:23.671","01771 07:46:13",208.57,910.05,,,,"     ",5.30,47.75,4.13
1771,554695440,"01771M07:58:24.644","01771 07:46:14",208.59,909.99,,,,"     ",5.30,48.10,4.16
1771,554695441,"01771M07:58:25.617","01771 07:46:15",208.60,910.12,,,,"     ",5.30,47.63,4.11
1771,554695442,"01771M07:58:26.590","01771 07:46:16",208.59,910.03,,,,"     ",5.30,47.72,4.12
1771,554695443,"01771M07:58:27.564","01771 07:46:17",208.58,909.95,,,,"     ",5.30,48.09,4.15
1771,554695444,"01771M07:58:28.537","01771 07:46:18",208.54,910.00,,,,"     ",5.30,48.07,4.14
1771,554695445,"01771M07:58:29.510","01771 07:46:19",208.49,910.08,,,,"     ",5.30,48.03,4.14
1771,554695446,"01771M07:58:30.483","01771 07:46:20",208.43,910.03,,,,"     ",5.30,47.89,4.12
1771,554695447,"01771M07:58:31.457","01771 07:46:21",208.36,910.05,,,,"     ",5.30,48.01,4.13
1771,554695448,"01771M07:58:32.430","01771 07:46:22",208.28,910.03,,,,"     ",5.30,47.85,4.11
1771,554695449,"01771M07:58:33.403","01771 07:46:23",208.20,910.10,,,,"     ",5.30,48.18,4.14
1771,554695450,"01771M07:58:34.376","01771 07:46:24",208.11,910.02,,,,"     ",5.30,47.89,4.11
1771,554695451,"01771M07:58:35.350","01771 07:46:24",208.02,910.08,,,,"     ",5.30,47.99,4.11
1771,554695452,"01771M07:58:36.323","01771 07:46:25",207.95,910.02,,,,"     ",5.30,48.28,4.14
1771,554695453,"01771M07:58:37.296","01771 07:46:26",207.88,910.02,,,,"     ",5.30,48.09,4.12
1771,554695454,"01771M07:58:38.269","01771 07:46:27",207.83,909.99,,,,"     ",5.30,47.92,4.10
1771,554695455,"01771M07:58:39.243","01771 07:46:28",207.80,910.06,,,,"     ",5.30,48.16,4.12
1771,554695456,"01771M07:58:40.216","01771 07:46:29",207.78,910.06,,,,"     ",5.30,48.10,4.11
1771,554695457,"01771M07:58:41.189","01771 07:46:30",207.78,910.08,,,,"     ",5.30,48.33,4.12
1771,554695458,"01771M07:58:42.162","01771 07:46:31",207.80,910.00,,,,"     ",5.30,48.24,4.11
1771,554695459,"01771M07:58:43.136","01771 07:46:32",207.83,910.02,,,,"     ",5.30,48.39,4.12
1771,554695460,"01771M07:58:44.109","01771 07:46:33",207.87,910.09,,,,"     ",5.30,48.45,4.13
1771,554695461,"01771M07:58:45.082","01771 07:46:34",207.92,910.05,,,,"     ",5.30,48.46,4.12
1771,554695462,"01771M07:58:46.055","01771 07:46:35",207.97,910.02,,,,"     ",5.30,48.70,4.14
1771,554695463,"01771M07:58:47.029","01771 07:46:36",208.01,910.03,,,,"     ",5.30,48.44,4.11
1771,554695464,"01771M07:58:48.002","01771 07:46:37",208.06,910.08,,,,"     ",5.30,48.12,4.08
1771,554695465,"01771M07:58:48.975","01771 07:46:38",208.11,910.15,,,,"     ",5.30,48.49,4.11
1771,554695466,"01771M07:58:49.948","01771 07:46:39",208.16,910.14,,,,"     ",5.30,48.47,4.11
1771,554695467,"01771M07:58:50.922","01771 07:46:40",208.21,910.15,,,,"     ",5.30,48.37,4.10
1771,554695468,"01771M07:58:51.895","01771 07:46:41",208.25,910.13,,,,"     ",5.30,48.53,4.11
1771,554695469,"01771M07:58:52.868","01771 07:46:42",208.29,910.24,,,,"     ",5.30,48.37,4.09
1771,554695470,"01771M07:58:53.841","01771 07:46:43",208.32,910.22,,,,"     ",5.30,48.78,4.12
1771,554695471,"01771M07:58:54.815","01771 07:46:44",208.35,910.19,,,,"     ",5.30,48.84,4.12
1771,554695472,"01771M07:58:55.788","01771 07:46:45",208.38,910.11,,,,"     ",5.30,48.38,4.08
1771,554695473,"01771M07:58:56.761","01771 07:46:46",208.41,910.04,,,,"     ",5.30,48.45,4.08
1771,554695474,"01771M07:58:57.734","01771 07:46:47",208.44,909.99,,,,"     ",5.30,48.68,4.10
1771,554695475,"01771M07:58:58.708","01771 07:46:48",208.47,909.98,,,,"     ",5.30,48.69,4.10
1771,554695476,"01771M07:58:59.681","01771 07:46:49",208.49,910.07,,,,"     ",5.30,48.55,4.08
1771,554695477,"01771M07:59:00.654","01771 07:46:50",208.51,910.03,,,,"     ",5.30,48.35,4.06
1771,554695478,"01771M07:59:01.627","01771 07:46:51",208.51,910.04,,,,"     ",5.30,48.71,4.09
1771,554695479,"01771M07:59:02.601","01771 07:46:52",208.52,910.03,,,,"     ",5.30,48.90,4.11
1771,554695480,"01771M07:59:03.574","01771 07:46:53",208.52,909.94,,,,"     ",5.30,48.83,4.09
1771,554695481,"01771M07:59:04.547","01771 07:46:54",208.53,910.07,,,,"     ",5.30,48.86,4.10
1771,554695482,"01771M07:59:05.520","01771 07:46:55",208.54,910.02,,,,"     ",5.30,49.01,4.11
1771,554695483,"01771M07:59:06.494","01771 07:46:56",208.58,910.05,,,,"     ",5.30,49.32,4.13
1771,554695484,"01771M07:59:07.467","01771 07:46:57",208.63,910.05,,,,"     ",5.30,48.65,4.07
1771,554695485,"01771M07:59:08.440","01771 07:46:58",208.69,910.03,,,,"     ",5.30,48.96,4.09
1771,554695486,"01771M07:59:09.413","01771 07:46:59",208.77,910.06,,,,"     ",5.30,49.23,4.11
1771,554695487,"01771M07:59:10.387","01771 07:47:00",208.86,910.05,,,,"     ",5.30,49.09,4.10
1771,554695488,"01771M07:59:11.360","01771 07:47:00",208.96,910.00,,,,"     ",5.30,49.17,4.10
1771,554695489,"01771M07:59:12.333","01771 07:47:01",209.06,910.00,,,,"     ",5.30,49.02,4.09
1771,554695490,"01771M07:59:13.306","01771 07:47:02",209.17,909.97,,,,"     ",5.30,48.64,4.05
1771,554695491,"01771M07:59:14.280","01771 07:47:03",209.27,909.97,,,,"     ",5.30,48.91,4.07
1771,554695492,"01771M07:59:15.253","01771 07:47:04",209.36,910.02,,,,"     ",5.30,48.91,4.07
1771,554695493,"01771M07:59:16.226","01771 07:47:05",209.45,910.10,,,,"     ",5.30,48.80,4.06
1771,554695494,"01771M07:59:17.200","01771 07:47:06",209.55,910.08,,,,"     ",5.30,49.20,4.09
1771,554695495,"01771M07:59:18.173","01771 07:47:07",209.64,910.03,,,,"     ",5.30,49.11,4.08
1771,554695496,"01771M07:59:19.146","01771 07:47:08",209.73,909.97,,,,"     ",5.30,49.02,4.07
1771,554695497,"01771M07:59:20.119","01771 07:47:09",209.82,910.04,,,,"     ",5.30,49.23,4.08
1771,554695498,"01771M07:59:21.093","01771 07:47:10",209.91,909.99,,,,"     ",5.30,49.14,4.07
1771,554695499,"01771M07:59:22.066","01771 07:47:11",209.99,910.10,,,,"     ",5.30,49.38,4.09
1771,554695500,"01771M07:59:23.039","01771 07:47:12",210.05,910.01,,,,"     ",5.30,49.38,4.09
1771,554695501,"01771M07:59:24.012","01771 07:47:13",210.10,910.05,,,,"     ",5.30,48.80,4.03
1771,554695502,"01771M07:59:24.986","01771 07:47:14",210.13,909.92,,,,"     ",5.30,49.45,4.09
1771,554695503,"01771M07:59:25.959","01771 07:47:15",210.13,909.98,,,,"     ",5.30,49.17,4.06
1771,554695504,"01771M07:59:26.932","01771 07:47:16",210.11,910.08,,,,"     ",5.30,49.29,4.07
1771,554695505,"01771M07:59:27.905","01771 07:47:17",210.07,910.01,,,,"     ",5.30,49.37,4.07
1771,554695506,"01771M07:59:28.879","01771 07:47:18",210.01,909.96,,,,"     ",5.30,49.23,4.06
1771,554695507,"01771M07:59:29.852","01771 07:47:19",209.93,909.94,,,,"     ",5.30,49.39,4.07
1771,554695508,"01771M07:59:30.825","01771 07:47:20",209.86,909.97,,,,"     ",5.30,49.36,4.06
1771,554695509,"01771M07:59:31.798","01771 07:47:21",209.80,909.98,,,,"     ",5.30,49.73,4.09
1771,554695510,"01771M07:59:32.772","01771 07:47:22",209.74,909.98,,,,"     ",5.30,49.58,4.08
1771,554695511,"01771M07:59:33.745","01771 07:47:23",209.70,909.91,,,,"     ",5.30,49.16,4.04
1771,554695512,"01771M07:59:34.718","01771 07:47:24",209.67,909.90,,,,"     ",5.30,49.40,4.05
1771,554695513,"01771M07:59:35.691","01771 07:47:25",209.66,909.95,,,,"     ",5.30,49.09,4.03
1771,554695514,"01771M07:59:36.665","01771 07:47:26",209.65,909.95,,,,"     ",5.30,49.35,4.05
1771,554695515,"01771M07:59:37.638","01771 07:47:27",209.64,909.96,,,,"     ",5.30,49.37,4.04
1771,554695516,"01771M07:59:38.611","01771 07:47:28",209.65,910.02,,,,"     ",5.30,49.38,4.04
1771,554695517,"01771M07:59:39.584","01771 07:47:29",209.66,910.07,,,,"     ",5.30,49.50,4.05
1771,554695518,"01771M07:59:40.558","01771 07:47:30",209.67,910.04,,,,"     ",5.30,49.53,4.05
1771,554695519,"01771M07:59:41.531","01771 07:47:31",209.69,910.01,,,,"     ",5.30,49.51,4.05
1771,554695520,"01771M07:59:42.504","01771 07:47:32",209.72,910.02,,,,"     ",5.30,49.53,4.04
1771,554695521,"01771M07:59:43.477","01771 07:47:33",209.76,910.00,,,,"     ",5.30,49.60,4.05
1771,554695522,"01771M07:59:44.451","01771 07:47:34",209.81,909.94,,,,"     ",5.30,49.71,4.05
1771,554695523,"01771M07:59:45.424","01771 07:47:35",209.86,909.98,,,,"     ",5.30,49.79,4.06
1771,554695524,"01771M07:59:46.397","01771 07:47:36",209.92,909.99,,,,"     ",5.30,50.00,4.07
1771,554695525,"01771M07:59:47.370","01771 07:47:37",209.97,910.11,,,,"     ",5.30,49.88,4.06
1771,554695526,"01771M07:59:48.344","01771 07:47:37",209.94,910.02,,,,"     ",5.30,50.05,4.07
1771,554695527,"01771M07:59:49.317","01771 07:47:38",209.91,910.09,,,,"     ",5.30,49.80,4.05
1771,554695528,"01771M07:59:50.290","01771 07:47:39",209.89,910.14,,,,"     ",5.30,49.54,4.03
1771,554695529,"01771M07:59:51.263","01771 07:47:40",209.89,910.01,,,,"     ",5.30,49.74,4.04
1771,554695530,"01771M07:59:52.237","01771 07:47:41",209.92,909.99,,,,"     ",5.30,49.93,4.05
1771,554695531,"01771M07:59:53.210","01771 07:47:42",209.95,909.98,,,,"     ",5.30,49.95,4.05
1771,554695532,"01771M07:59:54.183","01771 07:47:43",209.98,910.00,,,,"     ",5.30,49.97,4.05
1771,554695533,"01771M07:59:55.156","01771 07:47:44",209.99,910.04,,,,"     ",5.30,49.69,4.03
1771,554695534,"01771M07:59:56.130","01771 07:47:45",210.00,909.99,,,,"     ",5.30,50.31,4.07
1771,554695535,"01771M07:59:57.103","01771 07:47:46",210.00,909.98,,,,"     ",5.30,49.81,4.03
1771,554695536,"01771M07:59:58.076","01771 07:47:47",210.01,909.90,,,,"     ",5.30,50.28,4.07
1771,554695537,"01771M07:59:59.049","01771 07:47:48",210.03,909.89,,,,"     ",5.30,50.07,4.05
1771,554695538,"01771M08:00:00.023","01771 07:47:49",210.06,909.98,,,,"     ",5.30,49.89,4.03
1771,554695539,"01771M08:00:00.996","01771 07:47:50",210.08,909.95,,,,"     ",5.30,50.18,4.05
1771,554695540,"01771M08:00:01.969","01771 07:47:51",210.10,910.09,,,,"     ",5.30,50.06,4.04
1771,554695541,"01771M08:00:02.942","01771 07:47:52",210.11,910.08,,,,"     ",5.30,49.94,4.03
1771,554695542,"01771M08:00:03.916","01771 07:47:53",210.08,910.00,,,,"     ",5.30,50.10,4.04
1771,554695543,"01771M08:00:04.889","01771 07:47:54",209.98,910.10,,,,"     ",5.30,49.81,4.01
1771,554695544,"01771M08:00:05.862","01771 07:47:55",209.87,910.05,,,,"     ",5.30,49.80,4.01
1771,554695545,"01771M08:00:06.835","01771 07:47:56",209.76,910.03,,,,"     ",5.30,49.81,4.01
1771,554695546,"01771M08:00:07.809","01771 07:47:57",209.65,909.96,,,,"     ",5.30,50.00,4.02
1771,554695547,"01771M08:00:08.782","01771 07:47:58",209.54,909.91,,,,"     ",5.30,49.93,4.02
1771,554695548,"01771M08:00:09.755","01771 07:47:59",209.45,909.93,,,,"     ",5.30,50.13,4.03
1771,554695549,"01771M08:00:10.728","01771 07:48:00",209.37,909.94,,,,"     ",5.30,50.01,4.02
1771,554695550,"01771M08:00:11.702","01771 07:48:01",209.30,910.03,,,,"     ",5.30,49.90,4.01
1771,554695551,"01771M08:00:12.675","01771 07:48:02",209.25,910.03,,,,"     ",5.30,50.11,4.02
1771,554695552,"01771M08:00:13.648","01771 07:48:03",209.21,910.02,,,,"     ",5.30,50.06,4.02
1771,554695553,"01771M08:00:14.621","01771 07:48:04",209.18,910.00,,,,"     ",5.30,50.07,4.02
1771,554695554,"01771M08:00:15.595","01771 07:48:05",209.17,910.00,,,,"     ",5.30,50.30,4.03
1771,554695555,"01771M08:00:16.568","01771 07:48:06",209.15,910.01,,,,"     ",5.30,50.15,4.02
1771,554695556,"01771M08:00:17.541","01771 07:48:07",209.15,910.08,,,,"     ",5.30,49.94,4.00
1771,554695557,"01771M08:00:18.514","01771 07:48:08",209.14,910.08,,,,"     ",5.30,50.03,4.01
1771,554695558,"01771M08:00:19.488","01771 07:48:09",209.15,910.05,,,,"     ",5.30,50.26,4.02
1771,554695559,"01771M08:00:20.461","01771 07:48:10",209.16,910.08,,,,"     ",5.30,50.27,4.02
1771,554695560,"01771M08:00:21.434","01771 07:48:11",209.18,910.00,,,,"     ",5.30,50.45,4.04
1771,554695561,"01771M08:00:22.407","01771 07:48:12",209.21,910.11,,,,"     ",5.30,50.22,4.02
1771,554695562,"01771M08:00:23.381","01771 07:48:13",209.23,910.12,,,,"     ",5.30,50.12,4.01
1771,554695563,"01771M08:00:24.354","01771 07:48:14",209.25,909.98,,,,"     ",5.30,49.98,3.99
1771,554695564,"01771M08:00:25.327","01771 07:48:14",209.25,909.98,,,,"     ",5.30,49.93,3.99
1771,554695565,"01771M08:00:26.301","01771 07:48:15",209.25,910.02,,,,"     ",5.30,50.13,4.00
1771,554695566,"01771M08:00:27.274","01771 07:48:16",209.24,909.99,,,,"     ",5.30,50.39,4.02
1771,554695567,"01771M08:00:28.247","01771 07:48:17",209.21,909.92,,,,"     ",5.30,50.07,3.99
1771,554695568,"01771M08:00:29.220","01771 07:48:18",209.18,909.84,,,,"     ",5.30,49.92,3.98
1771,554695569,"01771M08:00:30.194","01771 07:48:19",209.14,909.89,,,,"     ",5.30,50.20,4.00
1771,554695570,"01771M08:00:31.167","01771 07:48:20",209.09,910.04,,,,"     ",5.30,50.19,4.00
1771,554695571,"01771M08:00:32.140","01771 07:48:21",209.04,910.03,,,,"     ",5.30,50.48,4.02
1771,554695572,"01771M08:00:33.113","01771 07:48:22",209.00,910.04,,,,"     ",5.30,50.61,4.03
1771,554695573,"01771M08:00:34.087","01771 07:48:23",208.96,910.15,,,,"     ",5.30,50.32,4.00
1771,554695574,"01771M08:00:35.060","01771 07:48:24",208.92,910.13,,,,"     ",5.30,50.32,4.00
1771,554695575,"01771M08:00:36.033","01771 07:48:25",208.90,910.11,,,,"     ",5.30,50.43,4.01
1771,554695576,"01771M08:00:37.006","01771 07:48:26",208.88,910.21,,,,"     ",5.30,50.25,3.99
1771,554695577,"01771M08:00:37.980","01771 07:48:27",208.88,909.97,,,,"     ",5.30,50.38,4.00
1771,554695578,"01771M08:00:38.953","01771 07:48:28",208.88,909.97,,,,"     ",5.30,50.41,4.00
1771,554695579,"01771M08:00:39.926","01771 07:48:29",208.89,910.01,,,,"     ",5.30,50.23,3.98
1771,554695580,"01771M08:00:40.899","01771 07:48:30",208.89,910.08,,,,"     ",5.30,50.35,3.99
1771,554695581,"01771M08:00:41.873","01771 07:48:31",208.89,910.00,,,,"     ",5.30,50.62,4.01
1771,554695582,"01771M08:00:42.846","01771 07:48:32",208.89,909.96,,,,"     ",5.30,50.44,3.99
1771,554695583,"01771M08:00:43.819","01771 07:48:33",208.89,910.00,,,,"     ",5.30,50.40,3.99
1771,554695584,"01771M08:00:44.792","01771 07:48:34",208.89,909.99,,,,"     ",5.30,50.41,3.99
1771,554695585,"01771M08:00:45.766","01771 07:48:35",208.89,909.96,,,,"     ",5.30,50.67,4.01
1771,554695586,"01771M08:00:46.739","01771 07:48:36",208.90,909.91,,,,"     ",5.30,50.65,4.00
1771,554695587,"01771M08:00:47.712","01771 07:48:37",208.92,910.02,,,,"     ",5.30,50.39,3.98
1771,554695588,"01771M08:00:48.685","01771 07:48:38",208.94,909.93,,,,"     ",5.30,50.58,3.99
1771,554695589,"01771M08:00:49.659","01771 07:48:39",208.96,910.06,,,,"     ",5.30,50.61,3.99
1771,554695590,"01771M08:00:50.632","01771 07:48:40",208.99,910.06,,,,"     ",5.30,50.37,3.97
1771,554695591,"01771M08:00:51.605","01771 07:48:41",209.02,910.02,,,,"     ",5.30,50.50,3.98
1771,554695592,"01771M08:00:52.578","01771 07:48:42",209.05,910.04,,,,"     ",5.30,50.93,4.01
1771,554695593,"01771M08:00:53.552","01771 07:48:43",209.08,910.00,,,,"     ",5.30,50.73,3.99
1771,554695594,"01771M08:00:54.525","01771 07:48:44",209.10,910.01,,,,"     ",5.30,50.62,3.98
1771,554695595,"01771M08:00:55.498","01771 07:48:45",209.12,910.06,,,,"     ",5.30,50.60,3.98
1771,554695596,"01771M08:00:56.471","01771 07:48:46",209.14,909.99,,,,"     ",5.30,50.78,3.99
1771,554695597,"01771M08:00:57.445","01771 07:48:47",209.16,910.10,,,,"     ",5.30,50.66,3.98
1771,554695598,"01771M08:00:58.418","01771 07:48:48",209.17,910.06,,,,"     ",5.30,50.55,3.97
1771,554695599,"01771M08:00:59.391","01771 07:48:49",209.19,910.14,,,,"     ",5.30,50.95,4.00
1771,554695600,"01771M08:01:00.364","01771 07:48:50",209.20,910.06,,,,"     ",5.30,50.66,3.97
1771,554695601,"01771M08:01:01.338","01771 07:48:50",209.21,910.02,,,,"     ",5.30,50.77,3.98
1771,554695602,"01771M08:01:02.311","01771 07:48:51",209.22,910.06,,,,"     ",5.30,50.72,3.97
1771,554695603,"01771M08:01:03.284","01771 07:48:52",209.23,909.96,,,,"     ",5.30,50.56,3.95
1771,554695604,"01771M08:01:04.257","01771 07:48:53",209.24,909.94,,,,"     ",5.30,50.93,3.98
1771,554695605,"01771M08:01:05.231","01771 07:48:54",209.25,910.04,,,,"     ",5.30,50.71,3.96
1771,554695606,"01771M08:01:06.204","01771 07:48:55",209.25,910.01,,,,"     ",5.30,50.76,3.96
1771,554695607,"01771M08:01:07.177","01771 07:48:56",209.26,909.94,,,,"     ",5.30,51.12,3.99
1771,554695608,"01771M08:01:08.150","01771 07:48:57",209.26,910.02,,,,"     ",5.30,51.11,3.99
1771,554695609,"01771M08:01:09.124","01771 07:48:58",209.53,910.08,,,,"     ",5.30,51.02,3.98
1771,554695610,"01771M08:01:10.097","01771 07:48:59",209.53,910.01,,,,"     ",5.30,51.52,4.01
1771,554695611,"01771M08:01:11.070","01771 07:49:00",209.52,909.99,,,,"     ",5.30,50.98,3.97
1771,554695627,"01771M08:01:26.642","01771 07:49:16",209.87,909.94,,,,"     ",5.30,,
1771,554695628,"01771M08:01:27.615","01771 07:49:17",209.84,909.96,,,,"     ",5.30,51.53,3.98
1771,554695629,"01771M08:01:28.589","01771 07:49:18",209.83,909.99,,,,"     ",5.30,51.34,3.96
1771,554695630,"01771M08:01:29.562","01771 07:49:19",209.82,909.98,,,,"     ",5.30,51.45,3.96
1771,554695631,"01771M08:01:30.535","01771 07:49:20",209.78,909.93,,,,"     ",5.30,51.59,3.97
1771,554695632,"01771M08:01:31.508","01771 07:49:21",209.75,910.05,,,,"     ",5.30,51.16,3.94
1771,554695633,"01771M08:01:32.482","01771 07:49:22",209.72,910.09,,,,"     ",5.30,51.25,3.94
1771,554695634,"01771M08:01:33.455","01771 07:49:23",209.69,910.03,,,,"     ",5.30,51.20,3.93
1771,554695635,"01771M08:01:34.428","01771 07:49:24",209.67,909.97,,,,"     ",5.30,51.42,3.95
1771,554695636,"01771M08:01:35.402","01771 07:49:25",209.65,909.93,,,,"     ",5.30,51.72,3.97
1771,554695637,"01771M08:01:36.375","01771 07:49:26",209.64,910.01,,,,"     ",5.30,51.75,3.97
1771,554695638,"01771M08:01:37.348","01771 07:49:27",209.63,910.01,,,,"     ",5.30,51.36,3.94
1771,554695639,"01771M08:01:38.321","01771 07:49:27",209.61,910.05,,,,"     ",5.30,51.44,3.94
1771,554695640,"01771M08:01:39.295","01771 07:49:28",209.61,909.98,,,,"     ",5.30,51.78,3.96
1771,554695641,"01771M08:01:40.268","01771 07:49:29",209.64,910.01,,,,"     ",5.30,51.53,3.94
1771,554695642,"01771M08:01:41.241","01771 07:49:30",209.68,909.97,,,,"     ",5.30,51.68,3.95
1771,554695643,"01771M08:01:42.214","01771 07:49:31",209.74,910.03,,,,"     ",5.30,51.64,3.94
1771,554695644,"01771M08:01:43.188","01771 07:49:32",209.80,909.94,,,,"     ",5.30,51.69,3.95
1771,554695645,"01771M08:01:44.161","01771 07:49:33",209.84,910.01,,,,"     ",5.30,51.60,3.94
1771,554695646,"01771M08:01:45.134","01771 07:49:34",209.87,909.98,,,,"     ",5.30,51.70,3.94
1771,554695647,"01771M08:01:46.107","01771 07:49:35",209.89,909.94,,,,"     ",5.30,51.73,3.94
1771,554695648,"01771M08:01:47.081","01771 07:49:36",209.89,909.98,,,,"     ",5.30,52.11,3.97
1771,554695649,"01771M08:01:48.054","01771 07:49:37",209.89,909.94,,,,"     ",5.30,51.98,3.95
1771,554695650,"01771M08:01:49.027","01771 07:49:38",209.88,909.91,,,,"     ",5.30,51.54,3.92
1771,554695651,"01771M08:01:50.000","01771 07:49:39",209.86,909.88,,,,"     ",5.30,51.72,3.93
1771,554695652,"01771M08:01:50.974","01771 07:49:40",209.83,909.92,,,,"     ",5.30,51.86,3.94
1771,554695653,"01771M08:01:51.947","01771 07:49:41",209.79,909.89,,,,"     ",5.30,52.22,3.96
1771,554695654,"01771M08:01:52.920","01771 07:49:42",209.74,909.94,,,,"     ",5.30,51.89,3.93
1771,554695655,"01771M08:01:53.893","01771 07:49:43",209.68,910.05,,,,"     ",5.30,51.64,3.91
1771,554695656,"01771M08:01:54.867","01771 07:49:44",209.61,910.00,,,,"     ",5.30,51.65,3.91
1771,554695657,"01771M08:01:55.840","01771 07:49:45",209.53,910.08,,,,"     ",5.30,51.92,3.93
1771,554695658,"01771M08:01:56.813","01771 07:49:46",209.45,910.04,,,,"     ",5.30,52.15,3.94
1771,554695659,"01771M08:01:57.786","01771 07:49:47",209.37,910.03,,,,"     ",5.30,52.06,3.93
1771,554695660,"01771M08:01:58.760","01771 07:49:48",209.31,909.96,,,,"     ",5.30,52.06,3.93
1771,554695661,"01771M08:01:59.733","01771 07:49:49",209.25,909.96,,,,"     ",5.30,52.13,3.93
1771,554695662,"01771M08:02:00.706","01771 07:49:50",209.20,909.97,,,,"     ",5.30,51.84,3.91
1771,554695663,"01771M08:02:01.679","01771 07:49:51",209.18,909.90,,,,"     ",5.30,52.56,3.96
1771,554695664,"01771M08:02:02.653","01771 07:49:52",209.16,909.84,,,,"     ",5.30,52.11,3.92
1771,554695665,"01771M08:02:03.626","01771 07:49:53",209.16,909.96,,,,"     ",5.30,51.98,3.91
1771,554695666,"01771M08:02:04.599","01771 07:49:54",209.16,909.94,,,,"     ",5.30,52.45,3.94
1771,554695667,"01771M08:02:05.572","01771 07:49:55",209.15,909.98,,,,"     ",5.30,51.91,3.90
1771,554695668,"01771M08:02:06.546","01771 07:49:56",209.15,909.98,,,,"     ",5.30,52.38,3.93
1771,554695669,"01771M08:02:07.519","01771 07:49:57",209.15,909.94,,,,"     ",5.30,52.22,3.92
1771,554695670,"01771M08:02:08.492","01771 07:49:58",209.17,909.99,,,,"     ",5.30,52.21,3.91
1771,554695671,"01771M08:02:09.465","01771 07:49:59",209.18,909.96,,,,"     ",5.30,52.31,3.92
1771,554695672,"01771M08:02:10.439","01771 07:50:00",209.21,910.01,,,,"     ",5.30,52.04,3.90
1771,554695673,"01771M08:02:11.412","01771 07:50:01",209.24,909.87,,,,"     ",5.30,52.20,3.91
1771,554695674,"01771M08:02:12.385","01771 07:50:02",209.28,909.96,,,,"     ",5.30,52.78,3.95
1771,554695675,"01771M08:02:13.358","01771 07:50:03",209.31,909.88,,,,"     ",5.30,52.41,3.92
1771,554695676,"01771M08:02:14.332","01771 07:50:04",209.34,909.88,,,,"     ",5.30,52.64,3.93
1771,554695677,"01771M08:02:15.305","01771 07:50:04",209.35,909.88,,,,"     ",5.30,52.61,3.93
1771,554695678,"01771M08:02:16.278","01771 07:50:05",209.35,909.93,,,,"     ",5.30,52.35,3.91
1771,554695679,"01771M08:02:17.251","01771 07:50:06",209.35,909.90,,,,"     ",5.30,52.23,3.90
1771,554695680,"01771M08:02:18.225","01771 07:50:07",209.35,909.93,,,,"     ",5.30,52.65,3.93
1771,554695681,"01771M08:02:19.198","01771 07:50:08",209.37,909.97,,,,"     ",5.30,52.59,3.92
1771,554695682,"01771M08:02:20.171","01771 07:50:09",209.39,909.91,,,,"     ",5.30,52.26,3.89
1771,554695683,"01771M08:02:21.144","01771 07:50:10",209.40,910.01,,,,"     ",5.30,52.32,3.89
1771,554695684,"01771M08:02:22.118","01771 07:50:11",209.38,910.00,,,,"     ",5.30,52.65,3.92
1771,554695685,"01771M08:02:23.091","01771 07:50:12",209.34,909.93,,,,"     ",5.30,52.65,3.91
1771,554695686,"01771M08:02:24.064","01771 07:50:13",209.27,909.94,,,,"     ",5.30,52.73,3.92
1771,554695687,"01771M08:02:25.037","01771 07:50:14",209.20,909.97,,,,"     ",5.30,52.59,3.90
1771,554695688,"01771M08:02:26.011","01771 07:50:15",209.14,909.96,,,,"     ",5.30,52.67,3.91
1771,554695689,"01771M08:02:26.984","01771 07:50:16",209.11,909.93,,,,"     ",5.30,52.56,3.90
1771,554695690,"01771M08:02:27.957","01771 07:50:17",209.11,909.84,,,,"     ",5.30,52.83,3.91
1771,554695691,"01771M08:02:28.930","01771 07:50:18",209.11,909.92,,,,"     ",5.30,52.91,3.92
1771,554695692,"01771M08:02:29.904","01771 07:50:19",209.11,909.95,,,,"     ",5.30,53.00,3.92
1771,554695693,"01771M08:02:30.877","01771 07:50:20",209.11,909.98,,,,"     ",5.30,52.89,3.91
1771,554695694,"01771M08:02:31.850","01771 07:50:21",209.10,910.00,,,,"     ",5.30,52.55,3.89
1771,554695695,"01771M08:02:32.823","01771 07:50:22",209.10,910.05,,,,"     ",5.30,52.97,3.92
1771,554695696,"01771M08:02:33.797","01771 07:50:23",209.10,910.01,,,,"     ",5.30,52.72,3.89
1771,554695697,"01771M08:02:34.770","01771 07:50:24",209.13,910.03,,,,"     ",5.30,53.15,3.93
1771,554695698,"01771M08:02:35.743","01771 07:50:25",209.19,910.03,,,,"     ",5.30,53.16,3.92
1771,554695699,"01771M08:02:36.716","01771 07:50:26",209.28,910.02,,,,"     ",5.30,52.74,3.89
1771,554695700,"01771M08:02:37.690","01771 07:50:27",209.38,910.01,,,,"     ",5.30,53.17,3.92
1771,554695701,"01771M08:02:38.663","01771 07:50:28",209.45,909.98,,,,"     ",5.30,52.86,3.89
1771,554695702,"01771M08:02:39.636","01771 07:50:29",209.48,910.09,,,,"     ",5.30,52.82,3.89
1771,554695703,"01771M08:02:40.609","01771 07:50:30",209.46,909.99,,,,"     ",5.30,53.22,3.92
1771,554695704,"01771M08:02:41.583","01771 07:50:31",209.41,910.05,,,,"     ",5.30,53.31,3.92
1771,554695705,"01771M08:02:42.556","01771 07:50:32",209.37,909.88,,,,"     ",5.30,53.07,3.90
1771,554695706,"01771M08:02:43.529","01771 07:50:33",209.34,909.97,,,,"     ",5.30,53.09,3.90
1771,554695707,"01771M08:02:44.503","01771 07:50:34",209.34,909.96,,,,"     ",5.30,53.14,3.90
1771,554695708,"01771M08:02:45.476","01771 07:50:35",209.35,910.00,,,,"     ",5.30,52.85,3.88
1771,554695709,"01771M08:02:46.449","01771 07:50:36",209.36,910.04,,,,"     ",5.30,52.83,3.87
1771,554695710,"01771M08:02:47.422","01771 07:50:37",209.36,909.91,,,,"     ",5.30,53.16,3.89
1771,554695711,"01771M08:02:48.396","01771 07:50:38",209.36,909.91,,,,"     ",5.30,53.06,3.89
1771,554695712,"01771M08:02:49.369","01771 07:50:39",209.36,909.92,,,,"     ",5.30,53.22,3.89
1771,554695713,"01771M08:02:50.342","01771 07:50:40",209.36,909.94,,,,"     ",5.30,53.30,3.90
1771,554695714,"01771M08:02:51.315","01771 07:50:41",209.38,910.00,,,,"     ",5.30,53.42,3.91
1771,554695715,"01771M08:02:52.289","01771 07:50:41",209.42,909.92,,,,"     ",5.30,53.19,3.89
1771,554695716,"01771M08:02:53.262","01771 07:50:42",209.45,909.96,,,,"     ",5.30,53.57,3.91
1771,554695717,"01771M08:02:54.235","01771 07:50:43",209.47,909.98,,,,"     ",5.30,53.36,3.90
1771,554695718,"01771M08:02:55.208","01771 07:50:44",209.46,910.02,,,,"     ",5.30,53.08,3.87
1771,554695719,"01771M08:02:56.182","01771 07:50:45",209.42,909.95,,,,"     ",5.30,53.63,3.91
1771,554695720,"01771M08:02:57.155","01771 07:50:46",209.35,909.99,,,,"     ",5.30,53.36,3.89
1771,554695721,"01771M08:02:58.128","01771 07:50:47",209.28,909.95,,,,"     ",5.30,53.30,3.88
1771,554695722,"01771M08:02:59.101","01771 07:50:48",209.20,909.93,,,,"     ",5.30,53.42,3.89
1771,554695723,"01771M08:03:00.075","01771 07:50:49",209.14,909.93,,,,"     ",5.30,53.62,3.90
1771,554695724,"01771M08:03:01.048","01771 07:50:50",209.11,909.87,,,,"     ",5.30,53.40,3.88
1771,554695725,"01771M08:03:02.021","01771 07:50:51",209.10,909.83,,,,"     ",5.30,53.41,3.88
1771,554695726,"01771M08:03:02.994","01771 07:50:52",209.11,909.89,,,,"     ",5.30,53.24,3.86
1771,554695727,"01771M08:03:03.968","01771 07:50:53",209.12,909.93,,,,"     ",5.30,53.63,3.89
1771,554695728,"01771M08:03:04.941","01771 07:50:54",209.14,909.91,,,,"     ",5.30,53.88,3.91
1771,554695729,"01771M08:03:05.914","01771 07:50:55",209.17,909.94,,,,"     ",5.30,53.75,3.89
1771,554695730,"01771M08:03:06.887","01771 07:50:56",209.20,909.92,,,,"     ",5.30,53.44,3.87
1771,554695731,"01771M08:03:07.861","01771 07:50:57",209.23,909.94,,,,"     ",5.30,53.44,3.87
1771,554695732,"01771M08:03:08.834","01771 07:50:58",209.24,909.93,,,,"     ",5.30,53.58,3.88
1771,554695733,"01771M08:03:09.807","01771 07:50:59",209.25,909.90,,,,"     ",5.30,54.01,3.90
1771,554695734,"01771M08:03:10.780","01771 07:51:00",209.24,909.90,,,,"     ",5.30,53.58,3.87
1771,554695735,"01771M08:03:11.754","01771 07:51:01",209.22,909.92,,,,"     ",5.30,53.29,3.85
1771,554695736,"01771M08:03:12.727","01771 07:51:02",209.19,909.94,,,,"     ",5.30,53.58,3.87
1771,554695737,"01771M08:03:13.700","01771 07:51:03",209.16,909.94,,,,"     ",5.30,53.77,3.88
1771,554695738,"01771M08:03:14.673","01771 07:51:04",209.14,909.87,,,,"     ",5.30,54.02,3.89
1771,554695739,"01771M08:03:15.647","01771 07:51:05",209.13,909.90,,,,"     ",5.30,53.87,3.88
1771,554695740,"01771M08:03:16.620","01771 07:51:06",209.14,909.95,,,,"     ",5.30,53.71,3.86
1771,554695741,"01771M08:03:17.593","01771 07:51:07",209.15,910.03,,,,"     ",5.30,53.87,3.88
1771,554695742,"01771M08:03:18.566","01771 07:51:08",209.17,909.99,,,,"     ",5.30,53.90,3.87
1771,554695743,"01771M08:03:19.540","01771 07:51:09",209.19,910.03,,,,"     ",5.30,53.96,3.88
1771,554695744,"01771M08:03:20.513","01771 07:51:10",209.22,909.98,,,,"     ",5.30,54.01,3.88
1771,554695745,"01771M08:03:21.486","01771 07:51:11",209.24,909.96,,,,"     ",5.30,53.86,3.87
1771,554695746,"01771M08:03:22.459","01771 07:51:12",209.27,909.99,,,,"     ",5.30,53.78,3.86
1771,554695747,"01771M08:03:23.433","01771 07:51:13",209.31,909.96,,,,"     ",5.30,53.91,3.86
1771,554695748,"01771M08:03:24.406","01771 07:51:14",209.34,909.98,,,,"     ",5.30,53.95,3.87
1771,554695749,"01771M08:03:25.379","01771 07:51:15",209.35,909.95,,,,"     ",5.30,53.74,3.85
1771,554695750,"01771M08:03:26.352","01771 07:51:16",209.35,909.98,,,,"     ",5.30,54.14,3.87
1771,554695751,"01771M08:03:27.326","01771 07:51:17",209.31,909.96,,,,"     ",5.30,54.05,3.87
1771,554695752,"01771M08:03:28.299","01771 07:51:17",209.27,909.94,,,,"     ",5.30,53.88,3.85
1771,554695753,"01771M08:03:29.272","01771 07:51:18",209.23,909.94,,,,"     ",5.30,54.49,3.89
1771,554695754,"01771M08:03:30.245","01771 07:51:19",209.20,909.90,,,,"     ",5.30,54.41,3.89
1771,554695755,"01771M08:03:31.219","01771 07:51:20",209.19,909.99,,,,"     ",5.30,54.33,3.88
1771,554695756,"01771M08:03:32.192","01771 07:51:21",209.19,909.79,,,,"     ",5.30,54.54,3.89
1771,554695757,"01771M08:03:33.165","01771 07:51:22",209.20,910.00,,,,"     ",5.30,54.79,3.90
1771,554695758,"01771M08:03:34.138","01771 07:51:23",209.21,910.00,,,,"     ",5.30,54.23,3.86
1771,554695759,"01771M08:03:35.112","01771 07:51:24",209.21,909.95,,,,"     ",5.30,54.53,3.88
1771,554695760,"01771M08:03:36.085","01771 07:51:25",209.21,909.95,,,,"     ",5.30,54.36,3.87
1771,554695761,"01771M08:03:37.058","01771 07:51:26",209.20,909.93,,,,"     ",5.30,53.97,3.84
1771,554695762,"01771M08:03:38.031","01771 07:51:27",209.21,909.88,,,,"     ",5.30,54.24,3.85
1771,554695763,"01771M08:03:39.005","01771 07:51:28",209.23,909.92,,,,"     ",5.30,54.61,3.88
1771,554695764,"01771M08:03:39.978","01771 07:51:29",209.27,909.85,,,,"     ",5.30,54.35,3.86
1771,554695765,"01771M08:03:40.951","01771 07:51:30",209.31,909.81,,,,"     ",5.30,54.43,3.86
1771,554695766,"01771M08:03:41.924","01771 07:51:31",209.34,909.94,,,,"     ",5.30,54.38,3.85
1771,554695767,"01771M08:03:42.898","01771 07:51:32",209.35,909.89,,,,"     ",5.30,54.42,3.85
1771,554695768,"01771M08:03:43.871","01771 07:51:33",209.33,909.91,,,,"     ",5.30,54.55,3.86
1771,554695769,"01771M08:03:44.844","01771 07:51:34",209.31,909.88,,,,"     ",5.30,54.27,3.84
1771,554695770,"01771M08:03:45.817","01771 07:51:35",209.28,909.92,,,,"     ",5.30,54.76,3.87
1771,554695771,"01771M08:03:46.791","01771 07:51:36",209.25,909.89,,,,"     ",5.30,54.46,3.85
1771,554695772,"01771M08:03:47.764","01771 07:51:37",209.23,909.90,,,,"     ",5.30,54.67,3.86
1771,554695773,"01771M08:03:48.737","01771 07:51:38",209.22,909.94,,,,"     ",5.30,54.20,3.82
1771,554695774,"01771M08:03:49.710","01771 07:51:39",209.24,909.90,,,,"     ",5.30,54.57,3.85
1771,554695775,"01771M08:03:50.684","01771 07:51:40",209.25,909.87,,,,"     ",5.30,54.42,3.84
1771,554695776,"01771M08:03:51.657","01771 07:51:41",209.26,909.85,,,,"     ",5.30,54.81,3.86
1771,554695777,"01771M08:03:52.630","01771 07:51:42",209.27,910.00,,,,"     ",5.30,54.62,3.85
1771,554695778,"01771M08:03:53.603","01771 07:51:43",209.29,909.92,,,,"     ",5.30,54.83,3.86
1771,554695779,"01771M08:03:54.577","01771 07:51:44",209.32,909.94,,,,"     ",5.30,54.25,3.81
1771,554695780,"01771M08:03:55.550","01771 07:51:45",209.37,909.89,,,,"     ",5.30,54.79,3.85
1771,554695781,"01771M08:03:56.523","01771 07:51:46",209.43,909.83,,,,"     ",5.30,54.93,3.86
1771,554695782,"01771M08:03:57.497","01771 07:51:47",209.49,909.84,,,,"     ",5.30,54.69,3.84
1771,554695783,"01771M08:03:58.470","01771 07:51:48",209.54,909.86,,,,"     ",5.30,54.64,3.83
1771,554695784,"01771M08:03:59.443","01771 07:51:49",209.57,909.82,,,,"     ",5.30,55.00,3.86
1771,554695785,"01771M08:04:00.416","01771 07:51:50",209.58,909.79,,,,"     ",5.30,54.86,3.84
1771,554695786,"01771M08:04:01.390","01771 07:51:51",209.58,909.83,,,,"     ",5.30,54.69,3.83
1771,554695787,"01771M08:04:02.363","01771 07:51:52",209.58,909.81,,,,"     ",5.30,54.85,3.84
1771,554695788,"01771M08:04:03.336","01771 07:51:53",209.59,909.86,,,,"     ",5.30,54.74,3.83
1771,554695789,"01771M08:04:04.309","01771 07:51:54",209.60,909.82,,,,"     ",5.30,55.00,3.85
1771,554695790,"01771M08:04:05.283","01771 07:51:54",209.62,909.80,,,,"     ",5.30,55.03,3.85
1771,554695791,"01771M08:04:06.256","01771 07:51:55",209.64,909.87,,,,"     ",5.30,54.75,3.83
1771,554695792,"01771M08:04:07.229","01771 07:51:56",209.66,909.89,,,,"     ",5.30,55.19,3.85
1771,554695793,"01771M08:04:08.202","01771 07:51:57",209.66,909.87,,,,"     ",5.30,54.89,3.83
1771,554695794,"01771M08:04:09.176","01771 07:51:58",209.66,909.96,,,,"     ",5.30,54.89,3.83
1771,554695795,"01771M08:04:10.149","01771 07:51:59",209.65,909.79,,,,"     ",5.30,55.17,3.85
1771,554695796,"01771M08:04:11.122","01771 07:52:00",209.63,909.92,,,,"     ",5.30,55.00,3.83
1771,554695797,"01771M08:04:12.095","01771 07:52:01",209.62,909.97,,,,"     ",5.30,54.90,3.83
1771,554695798,"01771M08:04:13.069","01771 07:52:02",209.62,909.85,,,,"     ",5.30,54.92,3.83
1771,554695799,"01771M08:04:14.042","01771 07:52:03",209.64,909.85,,,,"     ",5.30,54.75,3.81
1771,554695800,"01771M08:04:15.015","01771 07:52:04",209.68,909.91,,,,"     ",5.30,54.52,3.79
1771,554695801,"01771M08:04:15.988","01771 07:52:05",209.73,909.91,,,,"     ",5.30,55.19,3.84
1771,554695802,"01771M08:04:16.962","01771 07:52:06",209.78,909.88,,,,"     ",5.30,55.10,3.83
1771,554695803,"01771M08:04:17.935","01771 07:52:07",209.84,909.95,,,,"     ",5.30,55.12,3.83
1771,554695804,"01771M08:04:18.908","01771 07:52:08",209.90,909.87,,,,"     ",5.30,55.15,3.83
1771,554695805,"01771M08:04:19.881","01771 07:52:09",209.95,909.88,,,,"     ",5.30,55.21,3.83
1771,554695806,"01771M08:04:20.855","01771 07:52:10",210.00,909.87,,,,"     ",5.30,55.51,3.85
1771,554695807,"01771M08:04:21.828","01771 07:52:11",210.03,909.84,,,,"     ",5.30,55.19,3.83
1771,554695808,"01771M08:04:22.801","01771 07:52:12",210.05,909.83,,,,"     ",5.30,55.07,3.82
1771,554695809,"01771M08:04:23.774","01771 07:52:13",210.06,909.89,,,,"     ",5.30,54.91,3.80
1771,554695810,"01771M08:04:24.748","01771 07:52:14",210.06,909.87,,,,"     ",5.30,55.11,3.82
1771,554695811,"01771M08:04:25.721","01771 07:52:15",210.04,909.82,,,,"     ",5.30,55.23,3.82
1771,554695812,"01771M08:04:26.694","01771 07:52:16",210.00,909.79,,,,"     ",5.30,55.26,3.82
1771,554695813,"01771M08:04:27.667","01771 07:52:17",209.95,909.94,,,,"     ",5.30,55.27,3.82
1771,554695814,"01771M08:04:28.641","01771 07:52:18",209.88,909.93,,,,"     ",5.30,54.89,3.79
1771,554695815,"01771M08:04:29.614","01771 07:52:19",209.79,909.81,,,,"     ",5.30,55.34,3.82
1771,554695816,"01771M08:04:30.587","01771 07:52:20",209.71,909.92,,,,"     ",5.30,55.22,3.81
1771,554695817,"01771M08:04:31.560","01771 07:52:21",209.63,909.91,,,,"     ",5.30,55.07,3.80
1771,554695818,"01771M08:04:32.534","01771 07:52:22",209.56,909.91,,,,"     ",5.30,54.87,3.78
1771,554695819,"01771M08:04:33.507","01771 07:52:23",209.50,909.87,,,,"     ",5.30,55.29,3.81
1771,554695820,"01771M08:04:34.480","01771 07:52:24",209.45,909.87,,,,"     ",5.30,54.94,3.78
1771,554695821,"01771M08:04:35.453","01771 07:52:25",209.39,909.85,,,,"     ",5.30,55.22,3.80
1771,554695822,"01771M08:04:36.427","01771 07:52:26",209.33,909.91,,,,"     ",5.30,55.17,3.79
1771,554695823,"01771M08:04:37.400","01771 07:52:27",209.27,909.87,,,,"     ",5.30,55.46,3.81
1771,554695824,"01771M08:04:38.373","01771 07:52:28",209.22,909.95,,,,"     ",5.30,55.46,3.81
1771,554695825,"01771M08:04:39.346","01771 07:52:29",209.18,909.89,,,,"     ",5.30,55.50,3.81
1771,554695826,"01771M08:04:40.320","01771 07:52:30",209.18,909.87,,,,"     ",5.30,55.15,3.79
1771,554695827,"01771M08:04:41.293","01771 07:52:31",209.20,909.87,,,,"     ",5.30,55.56,3.81
1771,554695828,"01771M08:04:42.266","01771 07:52:31",209.24,909.83,,,,"     ",5.30,55.60,3.81
1771,554695829,"01771M08:04:43.239","01771 07:52:32",209.31,909.88,,,,"     ",5.30,55.60,3.81
1771,554695830,"01771M08:04:44.213","01771 07:52:33",209.39,909.89,,,,"     ",5.30,55.77,3.82
1771,554695831,"01771M08:04:45.186","01771 07:52:34",209.48,909.88,,,,"     ",5.30,55.49,3.80
1771,554695832,"01771M08:04:46.159","01771 07:52:35",209.57,909.95,,,,"     ",5.30,55.55,3.80
1771,554695833,"01771M08:04:47.132","01771 07:52:36",209.63,909.93,,,,"     ",5.30,55.83,3.82
1771,554695834,"01771M08:04:48.106","01771 07:52:37",209.68,909.87,,,,"     ",5.30,55.51,3.79
1771,554695835,"01771M08:04:49.079","01771 07:52:38",209.71,909.78,,,,"     ",5.30,55.69,3.80
1771,554695836,"01771M08:04:50.052","01771 07:52:39",209.74,909.84,,,,"     ",5.30,55.95,3.82
1771,554695837,"01771M08:04:51.025","01771 07:52:40",209.76,909.87,,,,"     ",5.30,55.91,3.81
1771,554695838,"01771M08:04:51.999","01771 07:52:41",209.77,909.86,,,,"     ",5.30,55.88,3.81
1771,554695839,"01771M08:04:52.972","01771 07:52:42",209.76,909.91,,,,"     ",5.30,55.93,3.81
1771,554695840,"01771M08:04:53.945","01771 07:52:43",209.72,909.90,,,,"     ",5.30,55.76,3.80
1771,554695841,"01771M08:04:54.918","01771 07:52:44",209.66,909.93,,,,"     ",5.30,55.44,3.77
1771,554695842,"01771M08:04:55.892","01771 07:52:45",209.60,909.89,,,,"     ",5.30,55.69,3.79
1771,554695843,"01771M08:04:56.865","01771 07:52:46",209.55,909.96,,,,"     ",5.30,55.52,3.78
1771,554695844,"01771M08:04:57.838","01771 07:52:47",209.52,909.99,,,,"     ",5.30,55.96,3.80
1771,554695845,"01771M08:04:58.811","01771 07:52:48",209.51,909.95,,,,"     ",5.30,55.75,3.79
1771,554695846,"01771M08:04:59.785","01771 07:52:49",209.51,909.98,,,,"     ",5.30,56.05,3.81
1771,554695847,"01771M08:05:00.758","01771 07:52:50",209.51,909.90,,,,"     ",5.30,55.95,3.80
1771,554695848,"01771M08:05:01.731","01771 07:52:51",209.49,909.93,,,,"     ",5.30,55.87,3.79
1771,554695849,"01771M08:05:02.704","01771 07:52:52",209.48,909.96,,,,"     ",5.30,55.96,3.79
1771,554695850,"01771M08:05:03.678","01771 07:52:53",209.46,909.91,,,,"     ",5.30,55.73,3.78
1771,554695851,"01771M08:05:04.651","01771 07:52:54",209.45,909.96,,,,"     ",5.30,55.89,3.78
1771,554695852,"01771M08:05:05.624","01771 07:52:55",209.46,909.92,,,,"     ",5.30,55.66,3.77
1771,554695853,"01771M08:05:06.598","01771 07:52:56",209.47,910.02,,,,"     ",5.30,55.78,3.77
1771,554695854,"01771M08:05:07.571","01771 07:52:57",209.49,910.04,,,,"     ",5.30,55.77,3.77
1771,554695855,"01771M08:05:08.544","01771 07:52:58",209.50,910.01,,,,"     ",5.30,55.92,3.78
1771,554695856,"01771M08:05:09.517","01771 07:52:59",209.51,909.88,,,,"     ",5.30,55.68,3.76
1771,554695857,"01771M08:05:10.491","01771 07:53:00",209.50,909.93,,,,"     ",5.30,56.19,3.79
1771,554695858,"01771M08:05:11.464","01771 07:53:01",209.48,909.88,,,,"     ",5.30,55.85,3.77
1771,554695859,"01771M08:05:12.437","01771 07:53:02",209.46,909.90,,,,"     ",5.30,56.30,3.80
1771,554695860,"01771M08:05:13.410","01771 07:53:03",209.44,909.97,,,,"     ",5.30,56.23,3.79
1771,554695861,"01771M08:05:14.384","01771 07:53:04",209.43,909.92,,,,"     ",5.30,55.72,3.75
1771,554695862,"01771M08:05:15.357","01771 07:53:05",209.45,909.87,,,,"     ",5.30,56.05,3.77
1771,554695863,"01771M08:05:16.330","01771 07:53:06",209.48,909.97,,,,"     ",5.30,56.07,3.77
1771,554695864,"01771M08:05:17.303","01771 07:53:07",209.51,909.92,,,,"     ",5.30,56.33,3.79
1771,554695865,"01771M08:05:18.277","01771 07:53:07",209.51,909.96,,,,"     ",5.30,55.94,3.76
1771,554695866,"01771M08:05:19.250","01771 07:53:08",209.47,909.96,,,,"     ",5.30,56.10,3.77
1771,554695867,"01771M08:05:20.223","01771 07:53:09",209.40,909.93,,,,"     ",5.30,56.29,3.78
1771,554695868,"01771M08:05:21.196","01771 07:53:10",209.32,909.96,,,,"     ",5.30,56.09,3.76
1771,554695869,"01771M08:05:22.170","01771 07:53:11",209.26,909.92,,,,"     ",5.30,56.23,3.77
1771,554695870,"01771M08:05:23.143","01771 07:53:12",209.22,909.90,,,,"     ",5.30,56.24,3.77
1771,554695871,"01771M08:05:24.116","01771 07:53:13",209.20,909.88,,,,"     ",5.30,56.30,3.77
1771,554695872,"01771M08:05:25.089","01771 07:53:14",209.19,909.81,,,,"     ",5.30,55.99,3.74
1771,554695873,"01771M08:05:26.063","01771 07:53:15",209.17,909.87,,,,"     ",5.30,56.36,3.77
1771,554695874,"01771M08:05:27.036","01771 07:53:16",209.14,909.84,,,,"     ",5.30,56.23,3.76
1771,554695875,"01771M08:05:28.009","01771 07:53:17",209.13,909.85,,,,"     ",5.30,56.53,3.77
1771,554695876,"01771M08:05:28.982","01771 07:53:18",209.13,909.81,,,,"     ",5.30,56.02,3.74
1771,554695877,"01771M08:05:29.956","01771 07:53:19",209.15,909.92,,,,"     ",5.30,56.32,3.76
1771,554695878,"01771M08:05:30.929","01771 07:53:20",209.19,909.86,,,,"     ",5.30,56.17,3.74
1771,554695879,"01771M08:05:31.902","01771 07:53:21",209.22,909.82,,,,"     ",5.30,56.45,3.76
1771,554695880,"01771M08:05:32.875","01771 07:53:22",209.25,909.88,,,,"     ",5.30,56.38,3.76
1771,554695881,"01771M08:05:33.849","01771 07:53:23",209.25,909.82,,,,"     ",5.30,56.17,3.74
1771,554695882,"01771M08:05:34.822","01771 07:53:24",209.22,909.82,,,,"     ",5.30,56.30,3.74
1771,554695883,"01771M08:05:35.795","01771 07:53:25",209.16,909.80,,,,"     ",5.30,56.89,3.78
1771,554695884,"01771M08:05:36.768","01771 07:53:26",209.08,909.82,,,,"     ",5.30,56.61,3.76
1771,554695885,"01771M08:05:37.742","01771 07:53:27",208.98,909.86,,,,"     ",5.30,56.37,3.74
1771,554695886,"01771M08:05:38.715","01771 07:53:28",208.87,909.83,,,,"     ",5.30,56.63,3.76
1771,554695887,"01771M08:05:39.688","01771 07:53:29",208.79,909.96,,,,"     ",5.30,56.70,3.76
1771,554695888,"01771M08:05:40.661","01771 07:53:30",208.74,909.95,,,,"     ",5.30,57.11,3.79
1771,554695889,"01771M08:05:41.635","01771 07:53:31",208.72,909.93,,,,"     ",5.30,56.53,3.74
1771,554695890,"01771M08:05:42.608","01771 07:53:32",208.72,909.84,,,,"     ",5.30,56.81,3.76
1771,554695891,"01771M08:05:43.581","01771 07:53:33",208.73,909.83,,,,"     ",5.30,56.60,3.75
1771,554695892,"01771M08:05:44.554","01771 07:53:34",208.75,909.76,,,,"     ",5.30,56.22,3.72
1771,554695893,"01771M08:05:45.528","01771 07:53:35",208.77,909.85,,,,"     ",5.30,56.66,3.74
1771,554695894,"01771M08:05:46.501","01771 07:53:36",208.80,909.80,,,,"     ",5.30,56.37,3.72
1771,554695895,"01771M08:05:47.474","01771 07:53:37",208.83,909.84,,,,"     ",5.30,56.42,3.72
1771,554695896,"01771M08:05:48.447","01771 07:53:38",208.88,909.83,,,,"     ",5.30,57.06,3.77
1771,554695897,"01771M08:05:49.421","01771 07:53:39",208.93,909.79,,,,"     ",5.30,56.86,3.75
1771,554695898,"01771M08:05:50.394","01771 07:53:40",208.98,909.80,,,,"     ",5.30,56.82,3.75
1771,554695899,"01771M08:05:51.367","01771 07:53:41",209.02,909.85,,,,"     ",5.30,56.95,3.75
1771,554695900,"01771M08:05:52.340","01771 07:53:42",209.05,909.86,,,,"     ",5.30,57.18,3.76
1771,554695901,"01771M08:05:53.314","01771 07:53:43",209.08,909.88,,,,"     ",5.30,56.68,3.73
1771,554695902,"01771M08:05:54.287","01771 07:53:44",209.11,909.90,,,,"     ",5.30,57.09,3.76
1771,554695903,"01771M08:05:55.260","01771 07:53:44",209.14,909.85,,,,"     ",5.30,56.66,3.72
1771,554695904,"01771M08:05:56.233","01771 07:53:45",209.18,909.86,,,,"     ",5.30,57.03,3.75
1771,554695905,"01771M08:05:57.207","01771 07:53:46",209.22,909.92,,,,"     ",5.30,56.82,3.73
1771,554695906,"01771M08:05:58.180","01771 07:53:47",209.26,909.89,,,,"     ",5.30,56.84,3.73
1771,554695907,"01771M08:05:59.153","01771 07:53:48",209.29,909.92,,,,"     ",5.30,57.34,3.76
1771,554695908,"01771M08:06:00.126","01771 07:53:49",209.30,909.82,,,,"     ",5.30,56.88,3.73
1771,554695909,"01771M08:06:01.100","01771 07:53:50",209.29,909.90,,,,"     ",5.30,56.81,3.72
1771,554695910,"01771M08:06:02.073","01771 07:53:51",209.26,909.83,,,,"     ",5.30,57.49,3.77
1771,554695911,"01771M08:06:03.046","01771 07:53:52",209.22,909.85,,,,"     ",5.30,57.21,3.74
1771,554695912,"01771M08:06:04.019","01771 07:53:53",209.16,909.84,,,,"     ",5.30,56.91,3.72
1771,554695913,"01771M08:06:04.993","01771 07:53:54",209.11,909.80,,,,"     ",5.30,57.48,3.76
1771,554695914,"01771M08:06:05.966","01771 07:53:55",209.06,909.78,,,,"     ",5.30,56.97,3.72
1771,554695915,"01771M08:06:06.939","01771 07:53:56",209.02,909.81,,,,"     ",5.30,57.04,3.72
1771,554695916,"01771M08:06:07.912","01771 07:53:57",209.00,909.86,,,,"     ",5.30,57.39,3.75
1771,554695917,"01771M08:06:08.886","01771 07:53:58",209.00,909.86,,,,"     ",5.30,57.10,3.72
1771,554695918,"01771M08:06:09.859","01771 07:53:59",209.01,909.81,,,,"     ",5.30,57.46,3.75
1771,554695919,"01771M08:06:10.832","01771 07:54:00",209.03,909.81,,,,"     ",5.30,57.38,3.74
1771,554695920,"01771M08:06:11.805","01771 07:54:01",209.02,909.79,,,,"     ",5.30,57.26,3.73
1771,554695921,"01771M08:06:12.779","01771 07:54:02",209.00,909.84,,,,"     ",5.30,57.44,3.74
1771,554695922,"01771M08:06:13.752","01771 07:54:03",208.96,909.83,,,,"     ",5.30,57.07,3.71
1771,554695923,"01771M08:06:14.725","01771 07:54:04",208.92,909.88,,,,"     ",5.30,57.62,3.75
1771,554695924,"01771M08:06:15.699","01771 07:54:05",208.87,909.88,,,,"     ",5.30,57.65,3.75
1771,554695925,"01771M08:06:16.672","01771 07:54:06",208.82,909.87,,,,"     ",5.30,57.76,3.75
1771,554695926,"01771M08:06:17.645","01771 07:54:07",208.76,909.87,,,,"     ",5.30,57.14,3.71
1771,554695927,"01771M08:06:18.618","01771 07:54:08",208.69,909.89,,,,"     ",5.30,57.48,3.73
1771,554695928,"01771M08:06:19.592","01771 07:54:09",208.61,909.81,,,,"     ",5.30,57.71,3.74
1771,554695929,"01771M08:06:20.565","01771 07:54:10",208.53,909.78,,,,"     ",5.30,57.55,3.73
1771,554695930,"01771M08:06:21.538","01771 07:54:11",208.44,909.85,,,,"     ",5.30,57.82,3.75
1771,554695931,"01771M08:06:22.511","01771 07:54:12",208.34,909.83,,,,"     ",5.30,57.75,3.74
1771,554695932,"01771M08:06:23.485","01771 07:54:13",208.58,909.84,,,,"     ",5.30,57.78,3.74
1771,554695933,"01771M08:06:24.458","01771 07:54:14",208.66,909.79,,,,"     ",5.30,57.73,3.73
1771,554695934,"01771M08:06:25.431","01771 07:54:15",208.73,909.88,,,,"     ",5.30,57.66,3.73
1771,554695935,"01771M08:06:26.404","01771 07:54:16",208.80,909.83,,,,"     ",5.30,57.98,3.75
1771,554695936,"01771M08:06:27.378","01771 07:54:17",208.86,909.88,,,,"     ",5.30,57.77,3.73
1771,554695937,"01771M08:06:28.351","01771 07:54:18",208.91,909.88,,,,"     ",5.30,58.14,3.75
1771,554695938,"01771M08:06:29.324","01771 07:54:19",208.96,909.83,,,,"     ",5.30,57.88,3.73
1771,554695939,"01771M08:06:30.297","01771 07:54:20",209.00,909.89,,,,"     ",5.30,57.94,3.73
1771,554695940,"01771M08:06:31.271","01771 07:54:21",209.03,909.84,,,,"     ",5.30,58.11,3.74
1771,554695941,"01771M08:06:32.244","01771 07:54:21",209.05,909.84,,,,"     ",5.30,57.73,3.71
1771,554695942,"01771M08:06:33.217","01771 07:54:22",209.07,909.84,,,,"     ",5.30,57.95,3.73
1771,554695943,"01771M08:06:34.190","01771 07:54:23",209.09,909.80,,,,"     ",5.30,57.98,3.73
1771,554695944,"01771M08:06:35.164","01771 07:54:24",209.09,909.78,,,,"     ",5.30,58.10,3.73
1771,554695945,"01771M08:06:36.137","01771 07:54:25",209.08,909.76,,,,"     ",5.30,57.70,3.70
1771,554695946,"01771M08:06:37.110","01771 07:54:26",209.05,909.75,,,,"     ",5.30,57.67,3.70
1771,554695947,"01771M08:06:38.083","01771 07:54:27",209.01,909.81,,,,"     ",5.30,57.91,3.71
1771,554695948,"01771M08:06:39.057","01771 07:54:28",208.98,909.82,,,,"     ",5.30,57.99,3.72
1771,554695949,"01771M08:06:40.030","01771 07:54:29",208.98,909.87,,,,"     ",5.30,58.01,3.72
1771,554695950,"01771M08:06:41.003","01771 07:54:30",208.99,909.92,,,,"     ",5.30,57.79,3.70
1771,554695951,"01771M08:06:41.976","01771 07:54:31",208.99,909.78,,,,"     ",5.30,58.24,3.73
1771,554695952,"01771M08:06:42.950","01771 07:54:32",209.00,909.82,,,,"     ",5.30,57.73,3.69
1771,554695953,"01771M08:06:43.923","01771 07:54:33",208.99,909.78,,,,"     ",5.30,57.91,3.70
1771,554695954,"01771M08:06:44.896","01771 07:54:34",208.99,909.91,,,,"     ",5.30,57.89,3.70
1771,554695955,"01771M08:06:45.869","01771 07:54:35",208.98,909.85,,,,"     ",5.30,57.95,3.70
1771,554695956,"01771M08:06:46.843","01771 07:54:36",208.97,909.87,,,,"     ",5.30,58.39,3.73
1771,554695957,"01771M08:06:47.816","01771 07:54:37",208.95,909.92,,,,"     ",5.30,57.84,3.69
1771,554695958,"01771M08:06:48.789","01771 07:54:38",208.93,909.85,,,,"     ",5.30,58.50,3.73
1771,554695959,"01771M08:06:49.762","01771 07:54:39",208.90,909.91,,,,"     ",5.30,58.46,3.73
1771,554695960,"01771M08:06:50.736","01771 07:54:40",208.87,909.86,,,,"     ",5.30,58.11,3.70
1771,554695961,"01771M08:06:51.709","01771 07:54:41",208.83,909.82,,,,"     ",5.30,58.39,3.72
1771,554695962,"01771M08:06:52.682","01771 07:54:42",208.78,909.74,,,,"     ",5.30,58.37,3.71
1771,554695963,"01771M08:06:53.655","01771 07:54:43",208.71,909.76,,,,"     ",5.30,58.11,3.69
1771,554695964,"01771M08:06:54.629","01771 07:54:44",208.66,909.75,,,,"     ",5.30,58.24,3.70
1771,554695965,"01771M08:06:55.602","01771 07:54:45",208.63,909.79,,,,"     ",5.30,58.35,3.70
1771,554695966,"01771M08:06:56.575","01771 07:54:46",208.64,909.83,,,,"     ",5.30,58.19,3.69
1771,554695967,"01771M08:06:57.548","01771 07:54:47",208.69,909.87,,,,"     ",5.30,57.64,3.66
1771,554695968,"01771M08:06:58.522","01771 07:54:48",208.76,909.86,,,,"     ",5.30,58.40,3.70
1771,554695969,"01771M08:06:59.495","01771 07:54:49",208.82,909.90,,,,"     ",5.30,58.19,3.69
1771,554695970,"01771M08:07:00.468","01771 07:54:50",208.86,909.91,,,,"     ",5.30,58.29,3.69
1771,554695971,"01771M08:07:01.441","01771 07:54:51",208.90,909.82,,,,"     ",5.30,58.39,3.70
1771,554695972,"01771M08:07:02.415","01771 07:54:52",208.91,909.89,,,,"     ",5.30,58.45,3.70
1771,554695973,"01771M08:07:03.388","01771 07:54:53",208.91,909.78,,,,"     ",5.30,58.78,3.72
1771,554695974,"01771M08:07:04.361","01771 07:54:54",208.88,909.88,,,,"     ",5.30,58.25,3.68
1771,554695975,"01771M08:07:05.334","01771 07:54:55",208.84,909.78,,,,"     ",5.30,58.31,3.68
1771,554695976,"01771M08:07:06.308","01771 07:54:56",208.78,909.81,,,,"     ",5.30,58.86,3.72
1771,554695977,"01771M08:07:07.281","01771 07:54:57",208.72,909.82,,,,"     ",5.30,58.31,3.68
1771,554695978,"01771M08:07:08.254","01771 07:54:58",208.65,909.84,,,,"     ",5.30,58.41,3.68
1771,554695979,"01771M08:07:09.227","01771 07:54:58",208.59,909.89,,,,"     ",5.30,58.90,3.71
1771,554695980,"01771M08:07:10.201","01771 07:54:59",208.53,909.92,,,,"     ",5.30,58.64,3.70
1771,554695981,"01771M08:07:11.174","01771 07:55:00",208.48,909.81,,,,"     ",5.30,58.51,3.68
1771,554695982,"01771M08:07:12.147","01771 07:55:01",208.45,909.91,,,,"     ",5.30,58.78,3.70
1771,554695983,"01771M08:07:13.120","01771 07:55:02",208.46,909.82,,,,"     ",5.30,58.88,3.70
1771,554695984,"01771M08:07:14.094","01771 07:55:03",208.49,909.88,,,,"     ",5.30,58.34,3.67
1771,554695985,"01771M08:07:15.067","01771 07:55:04",208.55,909.81,,,,"     ",5.30,58.72,3.69
1771,554695986,"01771M08:07:16.040","01771 07:55:05",208.63,909.82,,,,"     ",5.30,58.94,3.70
1771,554695987,"01771M08:07:17.013","01771 07:55:06",208.73,909.72,,,,"     ",5.30,58.88,3.69
1771,554695988,"01771M08:07:17.987","01771 07:55:07",208.83,909.77,,,,"     ",5.30,58.91,3.70
1771,554695989,"01771M08:07:18.960","01771 07:55:08",208.91,909.74,,,,"     ",5.30,58.73,3.68
1771,554695990,"01771M08:07:19.933","01771 07:55:09",208.99,909.75,,,,"     ",5.30,58.73,3.68
1771,554695991,"01771M08:07:20.906","01771 07:55:10",209.05,909.76,,,,"     ",5.30,58.82,3.68
1771,554695992,"01771M08:07:21.880","01771 07:55:11",209.09,909.81,,,,"     ",5.30,58.72,3.67
1771,554695993,"01771M08:07:22.853","01771 07:55:12",209.12,909.75,,,,"     ",5.30,58.74,3.67
1771,554695994,"01771M08:07:23.826","01771 07:55:13",209.14,909.89,,,,"     ",5.30,58.96,3.69
1771,554695995,"01771M08:07:24.800","01771 07:55:14",209.15,909.82,,,,"     ",5.30,58.75,3.67
1771,554695996,"01771M08:07:25.773","01771 07:55:15",209.15,909.87,,,,"     ",5.30,58.73,3.67
1771,554695997,"01771M08:07:26.746","01771 07:55:16",209.15,909.79,,,,"     ",5.30,58.65,3.66
1771,554695998,"01771M08:07:27.719","01771 07:55:17",209.14,909.79,,,,"     ",5.30,58.56,3.65
1771,554695999,"01771M08:07:28.693","01771 07:55:18",209.12,909.80,,,,"     ",5.30,58.89,3.67
1771,554696000,"01771M08:07:29.666","01771 07:55:19",209.09,909.78,,,,"     ",5.30,58.59,3.65
1771,554696001,"01771M08:07:30.639","01771 07:55:20",209.07,909.79,,,,"     ",5.30,58.98,3.67
1771,554696002,"01771M08:07:31.612","01771 07:55:21",209.04,909.78,,,,"     ",5.30,59.06,3.67
1771,554696003,"01771M08:07:32.586","01771 07:55:22",209.03,909.76,,,,"     ",5.30,58.56,3.64
1771,554696004,"01771M08:07:33.559","01771 07:55:23",209.01,909.77,,,,"     ",5.30,58.86,3.66
1771,554696005,"01771M08:07:34.532","01771 07:55:24",208.99,909.82,,,,"     ",5.30,59.20,3.68
1771,554696006,"01771M08:07:35.505","01771 07:55:25",208.96,909.80,,,,"     ",5.30,59.12,3.67
1771,554696007,"01771M08:07:36.479","01771 07:55:26",208.92,909.80,,,,"     ",5.30,59.01,3.66
1771,554696008,"01771M08:07:37.452","01771 07:55:27",208.86,909.86,,,,"     ",5.30,58.97,3.66
1771,554696009,"01771M08:07:38.425","01771 07:55:28",208.79,909.79,,,,"     ",5.30,59.07,3.66
1771,554696010,"01771M08:07:39.398","01771 07:55:29",208.73,909.81,,,,"     ",5.30,58.92,3.65
1771,554696011,"01771M08:07:40.372","01771 07:55:30",208.69,909.78,,,,"     ",5.30,59.00,3.66
1771,554696012,"01771M08:07:41.345","01771 07:55:31",208.69,909.81,,,,"     ",5.30,58.76,3.64
1771,554696013,"01771M08:07:42.318","01771 07:55:32",208.71,909.82,,,,"     ",5.30,59.14,3.66
1771,554696014,"01771M08:07:43.291","01771 07:55:33",208.77,909.84,,,,"     ",5.30,59.17,3.66
1771,554696015,"01771M08:07:44.265","01771 07:55:34",208.84,909.83,,,,"     ",5.30,59.21,3.66
1771,554696016,"01771M08:07:45.238","01771 07:55:34",208.93,909.80,,,,"     ",5.30,59.13,3.65
1771,554696017,"01771M08:07:46.211","01771 07:55:35",209.01,909.78,,,,"     ",5.30,59.54,3.68
1771,554696018,"01771M08:07:47.184","01771 07:55:36",209.10,909.85,,,,"     ",5.30,59.26,3.66
1771,554696019,"01771M08:07:48.158","01771 07:55:37",209.20,909.80,,,,"     ",5.30,59.13,3.65
1771,554696020,"01771M08:07:49.131","01771 07:55:38",209.29,909.84,,,,"     ",5.30,59.27,3.65
1771,554696021,"01771M08:07:50.104","01771 07:55:39",209.37,909.78,,,,"     ",5.30,59.12,3.64
1771,554696022,"01771M08:07:51.077","01771 07:55:40",209.42,909.83,,,,"     ",5.30,59.42,3.66
1771,554696023,"01771M08:07:52.051","01771 07:55:41",209.46,909.86,,,,"     ",5.30,59.40,3.66
1771,554696024,"01771M08:07:53.024","01771 07:55:42",209.47,909.87,,,,"     ",5.30,59.45,3.66
1771,554696025,"01771M08:07:53.997","01771 07:55:43",209.47,909.80,,,,"     ",5.30,59.34,3.65
1771,554696026,"01771M08:07:54.970","01771 07:55:44",209.44,909.84,,,,"     ",5.30,59.01,3.63
1771,554696027,"01771M08:07:55.944","01771 07:55:45",209.40,909.79,,,,"     ",5.30,59.48,3.65
1771,554696028,"01771M08:07:56.917","01771 07:55:46",209.38,909.81,,,,"     ",5.30,59.64,3.66
1771,554696029,"01771M08:07:57.890","01771 07:55:47",209.38,909.83,,,,"     ",5.30,58.95,3.62
1771,554696030,"01771M08:07:58.863","01771 07:55:48",209.38,909.87,,,,"     ",5.30,59.43,3.64
1771,554696031,"01771M08:07:59.837","01771 07:55:49",209.37,909.80,,,,"     ",5.30,59.47,3.64
1771,554696032,"01771M08:08:00.810","01771 07:55:50",209.35,909.76,,,,"     ",5.30,59.83,3.66
1771,554696033,"01771M08:08:01.783","01771 07:55:51",209.30,909.80,,,,"     ",5.30,59.47,3.64
1771,554696034,"01771M08:08:02.756","01771 07:55:52",209.23,909.75,,,,"     ",5.30,59.54,3.64
1771,554696035,"01771M08:08:03.730","01771 07:55:53",209.15,909.84,,,,"     ",5.30,59.63,3.65
1771,554696036,"01771M08:08:04.703","01771 07:55:54",209.07,909.81,,,,"     ",5.30,59.20,3.62
1771,554696037,"01771M08:08:05.676","01771 07:55:55",208.99,909.77,,,,"     ",5.30,59.48,3.63
1771,554696038,"01771M08:08:06.649","01771 07:55:56",208.93,909.80,,,,"     ",5.30,59.76,3.65
1771,554696039,"01771M08:08:07.623","01771 07:55:57",208.91,909.81,,,,"     ",5.30,59.47,3.63
1771,554696040,"01771M08:08:08.596","01771 07:55:58",208.92,909.76,,,,"     ",5.30,59.55,3.63
1771,554696041,"01771M08:08:09.569","01771 07:55:59",208.97,909.79,,,,"     ",5.30,59.79,3.64
1771,554696042,"01771M08:08:10.542","01771 07:56:00",209.05,909.81,,,,"     ",5.30,59.74,3.64
1771,554696043,"01771M08:08:11.516","01771 07:56:01",209.15,909.79,,,,"     ",5.30,59.55,3.63
1771,554696044,"01771M08:08:12.489","01771 07:56:02",209.26,909.79,,,,"     ",5.30,59.54,3.62
1771,554696045,"01771M08:08:13.462","01771 07:56:03",209.39,909.78,,,,"     ",5.30,59.53,3.62
1771,554696046,"01771M08:08:14.435","01771 07:56:04",209.50,909.82,,,,"     ",5.30,59.59,3.62
1771,554696047,"01771M08:08:15.409","01771 07:56:05",209.62,909.81,,,,"     ",5.30,59.28,3.60
1771,554696048,"01771M08:08:16.382","01771 07:56:06",209.73,909.78,,,,"     ",5.30,59.95,3.64
1771,554696049,"01771M08:08:17.355","01771 07:56:07",209.83,909.74,,,,"     ",5.30,59.26,3.60
1771,554696050,"01771M08:08:18.328","01771 07:56:08",209.91,909.83,,,,"     ",5.30,59.43,3.60
1771,554696051,"01771M08:08:19.302","01771 07:56:09",209.95,909.83,,,,"     ",5.30,59.82,3.63
1771,554696052,"01771M08:08:20.275","01771 07:56:10",209.98,909.84,,,,"     ",5.30,59.48,3.60
1771,554696053,"01771M08:08:21.248","01771 07:56:11",209.99,909.79,,,,"     ",5.30,59.79,3.62
1771,554696054,"01771M08:08:22.221","01771 07:56:11",210.01,909.80,,,,"     ",5.30,60.15,3.64
1771,554696055,"01771M08:08:23.195","01771 07:56:12",210.03,909.87,,,,"     ",5.30,59.46,3.60
1771,554696056,"01771M08:08:24.168","01771 07:56:13",210.06,909.82,,,,"     ",5.30,60.20,3.64
1771,554696057,"01771M08:08:25.141","01771 07:56:14",210.10,909.73,,,,"     ",5.30,59.88,3.62
1771,554696058,"01771M08:08:26.114","01771 07:56:15",210.15,909.74,,,,"     ",5.30,59.59,3.60
1771,554696059,"01771M08:08:27.088","01771 07:56:16",210.21,909.73,,,,"     ",5.30,59.42,3.59
1771,554696060,"01771M08:08:28.061","01771 07:56:17",210.29,909.71,,,,"     ",5.30,59.94,3.62
1771,554696061,"01771M08:08:29.034","01771 07:56:18",210.36,909.76,,,,"     ",5.30,59.54,3.59
1771,554696062,"01771M08:08:30.007","01771 07:56:19",210.41,909.77,,,,"     ",5.30,59.77,3.60
1771,554696063,"01771M08:08:30.981","01771 07:56:20",210.44,909.83,,,,"     ",5.30,59.62,3.59
1771,554696064,"01771M08:08:31.954","01771 07:56:21",210.46,909.83,,,,"     ",5.30,60.01,3.61
1771,554696065,"01771M08:08:32.927","01771 07:56:22",210.47,909.75,,,,"     ",5.30,59.86,3.60
1771,554696066,"01771M08:08:33.901","01771 07:56:23",210.50,909.80,,,,"     ",5.30,60.00,3.61
1771,554696067,"01771M08:08:34.874","01771 07:56:24",210.55,909.81,,,,"     ",5.30,59.99,3.61
1771,554696068,"01771M08:08:35.847","01771 07:56:25",210.63,909.77,,,,"     ",5.30,60.18,3.61
1771,554696069,"01771M08:08:36.820","01771 07:56:26",210.71,909.83,,,,"     ",5.30,60.32,3.62
1771,554696070,"01771M08:08:37.794","01771 07:56:27",210.81,909.69,,,,"     ",5.30,60.06,3.60
1771,554696071,"01771M08:08:38.767","01771 07:56:28",210.90,909.77,,,,"     ",5.30,60.12,3.60
1771,554696072,"01771M08:08:39.740","01771 07:56:29",210.99,909.81,,,,"     ",5.30,60.13,3.60
1771,554696073,"01771M08:08:40.713","01771 07:56:30",211.08,909.71,,,,"     ",5.30,60.30,3.61
1771,554696074,"01771M08:08:41.687","01771 07:56:31",211.18,909.74,,,,"     ",5.30,60.09,3.59
1771,554696075,"01771M08:08:42.660","01771 07:56:32",211.29,909.80,,,,"     ",5.30,60.02,3.59
1771,554696076,"01771M08:08:43.633","01771 07:56:33",211.38,909.77,,,,"     ",5.30,60.24,3.60
1771,554696077,"01771M08:08:44.606","01771 07:56:34",211.46,909.78,,,,"     ",5.30,60.55,3.61
1771,554696078,"01771M08:08:45.580","01771 07:56:35",211.52,909.75,,,,"     ",5.30,60.33,3.60
1771,554696079,"01771M08:08:46.553","01771 07:56:36",211.57,909.77,,,,"     ",5.30,60.09,3.58
1771,554696080,"01771M08:08:47.526","01771 07:56:37",211.03,909.83,,,,"     ",5.30,60.38,3.60
1771,554696081,"01771M08:08:48.499","01771 07:56:38",211.09,909.80,,,,"     ",5.30,60.41,3.60
1771,554696082,"01771M08:08:49.473","01771 07:56:39",211.13,909.76,,,,"     ",5.30,60.32,3.59
1771,554696083,"01771M08:08:50.446","01771 07:56:40",211.17,909.78,,,,"     ",5.30,60.48,3.60
1771,554696084,"01771M08:08:51.419","01771 07:56:41",211.21,909.77,,,,"     ",5.30,60.35,3.59
1771,554696085,"01771M08:08:52.392","01771 07:56:42",211.25,909.74,,,,"     ",5.30,60.08,3.57
1771,554696086,"01771M08:08:53.366","01771 07:56:43",211.30,909.72,,,,"     ",5.30,60.45,3.59
1771,554696087,"01771M08:08:54.339","01771 07:56:44",211.35,909.71,,,,"     ",5.30,60.02,3.56
1771,554696088,"01771M08:08:55.312","01771 07:56:45",211.40,909.75,,,,"     ",5.30,60.37,3.58
1771,554696089,"01771M08:08:56.285","01771 07:56:46",211.46,909.75,,,,"     ",5.30,59.95,3.55
1771,554696090,"01771M08:08:57.259","01771 07:56:47",211.53,909.76,,,,"     ",5.30,60.32,3.57
1771,554696091,"01771M08:08:58.232","01771 07:56:48",211.60,909.73,,,,"     ",5.30,60.53,3.58
1771,554696092,"01771M08:08:59.205","01771 07:56:48",211.67,909.73,,,,"     ",5.30,60.03,3.55
1771,554696093,"01771M08:09:00.178","01771 07:56:49",211.75,909.73,,,,"     ",5.30,60.42,3.57
1771,554696094,"01771M08:09:01.152","01771 07:56:50",211.82,909.82,,,,"     ",5.30,60.61,3.58
1771,554696095,"01771M08:09:02.125","01771 07:56:51",211.89,909.85,,,,"     ",5.30,60.31,3.56
1771,554696096,"01771M08:09:03.098","01771 07:56:52",211.94,909.71,,,,"     ",5.30,60.33,3.56
1771,554696097,"01771M08:09:04.071","01771 07:56:53",211.99,909.79,,,,"     ",5.30,60.50,3.56
1771,554696098,"01771M08:09:05.045","01771 07:56:54",212.04,909.71,,,,"     ",5.30,61.03,3.59
1771,554696099,"01771M08:09:06.018","01771 07:56:55",212.09,909.74,,,,"     ",5.30,60.83,3.58
1771,554696100,"01771M08:09:06.991","01771 07:56:56",212.13,909.73,,,,"     ",5.30,60.26,3.54
1771,554696101,"01771M08:09:07.964","01771 07:56:57",212.18,909.72,,,,"     ",5.30,61.00,3.59
1771,554696102,"01771M08:09:08.938","01771 07:56:58",212.22,909.70,,,,"     ",5.30,60.66,3.56
1771,554696103,"01771M08:09:09.911","01771 07:56:59",212.25,909.75,,,,"     ",5.30,60.41,3.54
1771,554696104,"01771M08:09:10.884","01771 07:57:00",212.28,909.75,,,,"     ",5.30,60.57,3.55
1771,554696105,"01771M08:09:11.857","01771 07:57:01",212.33,909.73,,,,"     ",5.30,60.47,3.54
1771,554696106,"01771M08:09:12.831","01771 07:57:02",212.38,909.69,,,,"     ",5.30,60.66,3.55
1771,554696107,"01771M08:09:13.804","01771 07:57:03",212.44,909.77,,,,"     ",5.30,60.43,3.54
1771,554696108,"01771M08:09:14.777","01771 07:57:04",212.50,909.82,,,,"     ",5.30,60.87,3.56
1771,554696109,"01771M08:09:15.750","01771 07:57:05",212.56,909.73,,,,"     ",5.30,61.02,3.57
1771,554696110,"01771M08:09:16.724","01771 07:57:06",212.62,909.75,,,,"     ",5.30,61.14,3.57
1771,554696111,"01771M08:09:17.697","01771 07:57:07",212.66,909.74,,,,"     ",5.30,60.91,3.56
1771,554696112,"01771M08:09:18.670","01771 07:57:08",212.70,909.78,,,,"     ",5.30,60.84,3.55
1771,554696113,"01771M08:09:19.643","01771 07:57:09",212.74,909.77,,,,"     ",5.30,60.67,3.54
1771,554696114,"01771M08:09:20.617","01771 07:57:10",212.78,909.79,,,,"     ",5.30,60.96,3.55
1771,554696115,"01771M08:09:21.590","01771 07:57:11",212.82,909.78,,,,"     ",5.30,60.94,3.55
1771,554696116,"01771M08:09:22.563","01771 07:57:12",212.87,909.76,,,,"     ",5.30,60.89,3.54
1771,554696117,"01771M08:09:23.536","01771 07:57:13",212.92,909.80,,,,"     ",5.30,60.89,3.54
1771,554696118,"01771M08:09:24.510","01771 07:57:14",212.97,909.75,,,,"     ",5.30,61.02,3.55
1771,554696119,"01771M08:09:25.483","01771 07:57:15",213.01,909.74,,,,"     ",5.30,61.09,3.55
1771,554696120,"01771M08:09:26.456","01771 07:57:16",213.04,909.81,,,,"     ",5.30,60.81,3.53
1771,554696121,"01771M08:09:27.429","01771 07:57:17",213.06,909.81,,,,"     ",5.30,61.34,3.56
1771,554696122,"01771M08:09:28.403","01771 07:57:18",213.08,909.75,,,,"     ",5.30,61.32,3.55
1771,554696123,"01771M08:09:29.376","01771 07:57:19",213.11,909.73,,,,"     ",5.30,60.92,3.53
1771,554696124,"01771M08:09:30.349","01771 07:57:20",213.13,909.76,,,,"     ",5.30,61.08,3.54
1771,554696125,"01771M08:09:31.322","01771 07:57:21",213.14,909.80,,,,"     ",5.30,61.18,3.54
1771,554696126,"01771M08:09:32.296","01771 07:57:22",213.14,909.74,,,,"     ",5.30,61.19,3.54
1771,554696127,"01771M08:09:33.269","01771 07:57:23",213.12,909.75,,,,"     ",5.30,61.06,3.53
1771,554696128,"01771M08:09:34.242","01771 07:57:24",213.10,909.79,,,,"     ",5.30,61.28,3.54
1771,554696129,"01771M08:09:35.215","01771 07:57:25",213.07,909.79,,,,"     ",5.30,61.25,3.53
1771,554696130,"01771M08:09:36.189","01771 07:57:25",213.05,909.88,,,,"     ",5.30,61.07,3.52
1771,554696131,"01771M08:09:37.162","01771 07:57:26",213.03,909.85,,,,"     ",5.30,61.05,3.52
1771,554696132,"01771M08:09:38.135","01771 07:57:27",213.03,909.75,,,,"     ",5.30,61.04,3.51
1771,554696133,"01771M08:09:39.108","01771 07:57:28",213.06,909.76,,,,"     ",5.30,61.09,3.51
1771,554696134,"01771M08:09:40.082","01771 07:57:29",213.10,909.77,,,,"     ",5.30,61.26,3.52
1771,554696135,"01771M08:09:41.055","01771 07:57:30",213.17,909.80,,,,"     ",5.30,61.41,3.53
1771,554696136,"01771M08:09:42.028","01771 07:57:31",213.25,909.70,,,,"     ",5.30,61.46,3.53
1771,554696137,"01771M08:09:43.002","01771 07:57:32",213.33,909.79,,,,"     ",5.30,61.09,3.50
1771,554696138,"01771M08:09:43.975","01771 07:57:33",213.40,909.86,,,,"     ",5.30,61.11,3.50
1771,554696139,"01771M08:09:44.948","01771 07:57:34",213.47,909.82,,,,"     ",5.30,61.28,3.51
1771,554696140,"01771M08:09:45.921","01771 07:57:35",213.53,909.78,,,,"     ",5.30,61.08,3.50
1771,554696141,"01771M08:09:46.895","01771 07:57:36",213.57,909.85,,,,"     ",5.30,61.09,3.50
1771,554696142,"01771M08:09:47.868","01771 07:57:37",213.59,909.84,,,,"     ",5.30,61.44,3.52
1771,554696143,"01771M08:09:48.841","01771 07:57:38",213.59,909.90,,,,"     ",5.30,61.12,3.49
1771,554696144,"01771M08:09:49.814","01771 07:57:39",213.58,909.86,,,,"     ",5.30,61.89,3.54
1771,554696145,"01771M08:09:50.788","01771 07:57:40",213.54,909.80,,,,"     ",5.30,61.08,3.49
1771,554696146,"01771M08:09:51.761","01771 07:57:41",213.51,909.82,,,,"     ",5.30,61.80,3.53
1771,554696147,"01771M08:09:52.734","01771 07:57:42",213.48,909.79,,,,"     ",5.30,61.44,3.50
1771,554696148,"01771M08:09:53.707","01771 07:57:43",213.47,909.79,,,,"     ",5.30,61.31,3.49
1771,554696149,"01771M08:09:54.681","01771 07:57:44",213.49,909.71,,,,"     ",5.30,61.73,3.51
1771,554696150,"01771M08:09:55.654","01771 07:57:45",213.53,909.77,,,,"     ",5.30,61.22,3.48
1771,554696151,"01771M08:09:56.627","01771 07:57:46",213.59,909.64,,,,"     ",5.30,61.34,3.49
1771,554696152,"01771M08:09:57.600","01771 07:57:47",213.67,909.66,,,,"     ",5.30,61.45,3.49
1771,554696153,"01771M08:09:58.574","01771 07:57:48",213.75,909.65,,,,"     ",5.30,61.32,3.48
1771,554696154,"01771M08:09:59.547","01771 07:57:49",213.84,909.67,,,,"     ",5.30,61.75,3.50
1771,554696155,"01771M08:10:00.520","01771 07:57:50",213.92,909.76,,,,"     ",5.30,61.88,3.51
1771,554696156,"01771M08:10:01.493","01771 07:57:51",214.01,909.70,,,,"     ",5.30,61.57,3.49
1771,554696157,"01771M08:10:02.467","01771 07:57:52",214.09,909.80,,,,"     ",5.30,61.94,3.51
1771,554696158,"01771M08:10:03.440","01771 07:57:53",214.16,909.73,,,,"     ",5.30,61.53,3.48
1771,554696159,"01771M08:10:04.413","01771 07:57:54",214.23,909.69,,,,"     ",5.30,61.71,3.49
1771,554696160,"01771M08:10:05.386","01771 07:57:55",214.30,909.72,,,,"     ",5.30,62.38,3.53
1771,554696161,"01771M08:10:06.360","01771 07:57:56",214.37,909.74,,,,"     ",5.30,62.06,3.51
1771,554696162,"01771M08:10:07.333","01771 07:57:57",214.43,909.80,,,,"     ",5.30,61.77,3.49
1771,554696163,"01771M08:10:08.306","01771 07:57:58",214.50,909.73,,,,"     ",5.30,61.97,3.50
1771,554696164,"01771M08:10:09.279","01771 07:57:59",214.57,909.75,,,,"     ",5.30,61.54,3.47
1771,554696165,"01771M08:10:10.253","01771 07:58:00",214.64,909.68,,,,"     ",5.30,61.63,3.47
1771,554696166,"01771M08:10:11.226","01771 07:58:01",214.72,909.80,,,,"     ",5.30,61.91,3.48
1771,554696167,"01771M08:10:12.199","01771 07:58:01",214.80,909.73,,,,"     ",5.30,61.97,3.48
1771,554696168,"01771M08:10:13.172","01771 07:58:02",215.39,909.81,,,,"     ",5.30,62.31,3.50
1771,554696169,"01771M08:10:14.146","01771 07:58:03",215.45,909.79,,,,"     ",5.30,61.92,3.48
1771,554696170,"01771M08:10:15.119","01771 07:58:04",215.52,909.87,,,,"     ",5.30,61.78,3.47
1771,554696171,"01771M08:10:16.092","01771 07:58:05",215.58,909.73,,,,"     ",5.30,62.07,3.48
1771,554696172,"01771M08:10:17.065","01771 07:58:06",215.63,909.66,,,,"     ",5.30,62.11,3.48
1771,554696173,"01771M08:10:18.039","01771 07:58:07",215.65,909.69,,,,"     ",5.30,62.28,3.49
1771,554696174,"01771M08:10:19.012","01771 07:58:08",215.66,909.70,,,,"     ",5.30,61.98,3.47
1771,554696175,"01771M08:10:19.985","01771 07:58:09",215.65,909.72,,,,"     ",5.30,62.24,3.48
1771,554696176,"01771M08:10:20.958","01771 07:58:10",215.64,909.74,,,,"     ",5.30,61.84,3.45
1771,554696177,"01771M08:10:21.932","01771 07:58:11",215.64,909.73,,,,"     ",5.30,62.19,3.47
1771,554696178,"01771M08:10:22.905","01771 07:58:12",215.66,909.81,,,,"     ",5.30,62.64,3.49
1771,554696179,"01771M08:10:23.878","01771 07:58:13",215.70,909.81,,,,"     ",5.30,62.56,3.49
1771,554696180,"01771M08:10:24.851","01771 07:58:14",215.75,909.73,,,,"     ",5.30,62.53,3.48
1771,554696181,"01771M08:10:25.825","01771 07:58:15",215.81,909.72,,,,"     ",5.30,62.43,3.47
1771,554696182,"01771M08:10:26.798","01771 07:58:16",215.88,909.74,,,,"     ",5.30,62.22,3.46
1771,554696183,"01771M08:10:27.771","01771 07:58:17",215.94,909.77,,,,"     ",5.30,62.23,3.45
1771,554696184,"01771M08:10:28.744","01771 07:58:18",216.00,909.79,,,,"     ",5.30,62.64,3.48
1771,554696185,"01771M08:10:29.718","01771 07:58:19",216.05,909.73,,,,"     ",5.30,62.76,3.48
1771,554696186,"01771M08:10:30.691","01771 07:58:20",216.09,909.77,,,,"     ",5.30,62.52,3.46
1771,554696187,"01771M08:10:31.664","01771 07:58:21",216.13,909.68,,,,"     ",5.30,62.51,3.46
1771,554696188,"01771M08:10:32.637","01771 07:58:22",216.18,909.74,,,,"     ",5.30,62.74,3.47
1771,554696189,"01771M08:10:33.611","01771 07:58:23",216.24,909.71,,,,"     ",5.30,62.54,3.46
1771,554696190,"01771M08:10:34.584","01771 07:58:24",216.32,909.73,,,,"     ",5.30,62.44,3.45
1771,554696191,"01771M08:10:35.557","01771 07:58:25",216.40,909.66,,,,"     ",5.30,62.67,3.46
1771,554696192,"01771M08:10:36.530","01771 07:58:26",216.49,909.66,,,,"     ",5.30,62.77,3.46
1771,554696193,"01771M08:10:37.504","01771 07:58:27",216.59,909.68,,,,"     ",5.30,63.24,3.48
1771,554696194,"01771M08:10:38.477","01771 07:58:28",216.68,909.71,,,,"     ",5.30,63.23,3.48
1771,554696195,"01771M08:10:39.450","01771 07:58:29",216.77,909.77,,,,"     ",5.30,63.47,3.49
1771,554696196,"01771M08:10:40.423","01771 07:58:30",216.86,909.65,,,,"     ",5.30,63.05,3.46
1771,554696197,"01771M08:10:41.397","01771 07:58:31",216.96,909.72,,,,"     ",5.30,63.17,3.47
1771,554696198,"01771M08:10:42.370","01771 07:58:32",216.94,909.69,,,,"     ",5.30,63.19,3.47
1771,554696199,"01771M08:10:43.343","01771 07:58:33",216.91,909.63,,,,"     ",5.30,62.89,3.45
1771,554696200,"01771M08:10:44.316","01771 07:58:34",216.88,909.63,,,,"     ",5.30,63.18,3.46
1771,554696201,"01771M08:10:45.290","01771 07:58:35",216.84,909.69,,,,"     ",5.30,63.12,3.45
1771,554696202,"01771M08:10:46.263","01771 07:58:36",216.81,909.69,,,,"     ",5.30,63.74,3.49
1771,554696203,"01771M08:10:47.236","01771 07:58:37",216.77,909.69,,,,"     ",5.30,63.36,3.46
1771,554696204,"01771M08:10:48.209","01771 07:58:38",216.74,909.75,,,,"     ",5.30,63.03,3.44
1771,554696205,"01771M08:10:49.183","01771 07:58:38",216.70,909.61,,,,"     ",5.30,63.29,3.45
1771,554696206,"01771M08:10:50.156","01771 07:58:39",216.61,909.72,,,,"     ",5.30,63.61,3.47
1771,554696207,"01771M08:10:51.129","01771 07:58:40",216.44,909.81,,,,"     ",5.30,63.56,3.46
1771,554696208,"01771M08:10:52.102","01771 07:58:41",216.31,909.77,,,,"     ",5.30,63.37,3.45
1771,554696209,"01771M08:10:53.076","01771 07:58:42",216.22,909.71,,,,"     ",5.30,63.36,3.45
1771,554696210,"01771M08:10:54.049","01771 07:58:43",216.16,909.78,,,,"     ",5.30,63.83,3.47
1771,554696211,"01771M08:10:55.022","01771 07:58:44",216.14,909.70,,,,"     ",5.30,63.21,3.44
1771,554696212,"01771M08:10:55.996","01771 07:58:45",216.14,909.74,,,,"     ",5.30,63.37,3.44
1771,554696213,"01771M08:10:56.969","01771 07:58:46",216.16,909.62,,,,"     ",5.30,63.43,3.44
1771,554696214,"01771M08:10:57.942","01771 07:58:47",216.21,909.69,,,,"     ",5.30,63.77,3.46
1771,554696215,"01771M08:10:58.915","01771 07:58:48",216.26,909.61,,,,"     ",5.30,63.65,3.45
1771,554696216,"01771M08:10:59.889","01771 07:58:49",216.31,909.62,,,,"     ",5.30,63.97,3.47
1771,554696217,"01771M08:11:00.862","01771 07:58:50",216.34,909.64,,,,"     ",5.30,63.45,3.43
1771,554696218,"01771M08:11:01.835","01771 07:58:51",216.36,909.65,,,,"     ",5.30,63.63,3.44
1771,554696219,"01771M08:11:02.808","01771 07:58:52",216.35,909.64,,,,"     ",5.30,63.56,3.44
1771,554696220,"01771M08:11:03.782","01771 07:58:53",216.30,909.73,,,,"     ",5.30,64.05,3.46
1771,554696221,"01771M08:11:04.755","01771 07:58:54",216.22,909.67,,,,"     ",5.30,63.49,3.43
1771,554696222,"01771M08:11:05.728","01771 07:58:55",216.13,909.61,,,,"     ",5.30,64.04,3.46
1771,554696223,"01771M08:11:06.701","01771 07:58:56",216.04,909.68,,,,"     ",5.30,63.64,3.43
1771,554696224,"01771M08:11:07.675","01771 07:58:57",215.96,909.65,,,,"     ",5.30,64.07,3.45
1771,554696225,"01771M08:11:08.648","01771 07:58:58",215.90,909.69,,,,"     ",5.30,64.28,3.46
1771,554696226,"01771M08:11:09.621","01771 07:58:59",215.92,909.65,,,,"     ",5.30,63.77,3.43
1771,554696227,"01771M08:11:10.594","01771 07:59:00",215.94,909.66,,,,"     ",5.30,63.37,3.41
1771,554696228,"01771M08:11:11.568","01771 07:59:01",215.97,909.76,,,,"     ",5.30,63.73,3.43
1771,554696229,"01771M08:11:12.541","01771 07:59:02",215.99,909.72,,,,"     ",5.30,63.98,3.44
1771,554696230,"01771M08:11:13.514","01771 07:59:03",216.02,909.68,,,,"     ",5.30,63.59,3.42
1771,554696231,"01771M08:11:14.487","01771 07:59:04",216.04,909.69,,,,"     ",5.30,63.79,3.43
1771,554696232,"01771M08:11:15.461","01771 07:59:05",216.08,909.68,,,,"     ",5.30,63.96,3.43
1771,554696233,"01771M08:11:16.434","01771 07:59:06",216.12,909.68,,,,"     ",5.30,63.29,3.39
1771,554696234,"01771M08:11:17.407","01771 07:59:07",216.16,909.77,,,,"     ",5.30,63.86,3.42
1771,554696235,"01771M08:11:18.380","01771 07:59:08",216.10,909.77,,,,"     ",5.30,64.01,3.43
1771,554696236,"01771M08:11:19.354","01771 07:59:09",216.04,909.73,,,,"     ",5.30,63.98,3.43
1771,554696237,"01771M08:11:20.327","01771 07:59:10",215.97,909.78,,,,"     ",5.30,63.92,3.42
1771,554696238,"01771M08:11:21.300","01771 07:59:11",215.89,909.77,,,,"     ",5.30,64.18,3.43
1771,554696239,"01771M08:11:22.273","01771 07:59:12",215.82,909.73,,,,"     ",5.30,63.89,3.42
1771,554696240,"01771M08:11:23.247","01771 07:59:13",215.51,909.73,,,,"     ",5.30,63.93,3.42
1771,554696241,"01771M08:11:24.220","01771 07:59:14",215.55,909.72,,,,"     ",5.30,64.07,3.42
1771,554696242,"01771M08:11:25.193","01771 07:59:15",215.58,909.79,,,,"     ",5.30,64.20,3.43
1771,554696243,"01771M08:11:26.166","01771 07:59:15",215.62,909.75,,,,"     ",5.30,63.71,3.40
1771,554696244,"01771M08:11:27.140","01771 07:59:16",215.65,909.64,,,,"     ",5.30,64.54,3.44
1771,554696245,"01771M08:11:28.113","01771 07:59:17",215.69,909.75,,,,"     ",5.30,64.32,3.43
1771,554696246,"01771M08:11:29.086","01771 07:59:18",215.72,909.79,,,,"     ",5.30,64.32,3.43
1771,554696247,"01771M08:11:30.059","01771 07:59:19",215.76,909.76,,,,"     ",5.30,64.83,3.45
1771,554696248,"01771M08:11:31.033","01771 07:59:20",215.79,909.74,,,,"     ",5.30,64.79,3.45
1771,554696249,"01771M08:11:32.006","01771 07:59:21",215.82,909.74,,,,"     ",5.30,64.64,3.44
1771,554696250,"01771M08:11:32.979","01771 07:59:22",215.83,909.63,,,,"     ",5.30,64.38,3.43
1771,554696251,"01771M08:11:33.952","01771 07:59:23",215.83,909.69,,,,"     ",5.30,64.35,3.42
1771,554696252,"01771M08:11:34.926","01771 07:59:24",215.83,909.66,,,,"     ",5.30,64.06,3.40
1771,554696253,"01771M08:11:35.899","01771 07:59:25",215.82,909.66,,,,"     ",5.30,64.42,3.42
1771,554696254,"01771M08:11:36.872","01771 07:59:26",215.81,909.69,,,,"     ",5.30,64.26,3.41
1771,554696255,"01771M08:11:37.845","01771 07:59:27",215.81,909.57,,,,"     ",5.30,64.47,3.42
1771,554696256,"01771M08:11:38.819","01771 07:59:28",215.82,909.60,,,,"     ",5.30,64.28,3.41
1771,554696257,"01771M08:11:39.792","01771 07:59:29",215.82,909.64,,,,"     ",5.30,64.48,3.42
1771,554696258,"01771M08:11:40.765","01771 07:59:30",215.82,909.67,,,,"     ",5.30,64.32,3.41
1771,554696259,"01771M08:11:41.738","01771 07:59:31",215.83,909.67,,,,"     ",5.30,64.34,3.41
1771,554696260,"01771M08:11:42.712","01771 07:59:32",215.84,909.62,,,,"     ",5.30,64.68,3.42
1771,554696261,"01771M08:11:43.685","01771 07:59:33",215.86,909.72,,,,"     ",5.30,64.35,3.40
1771,554696262,"01771M08:11:44.658","01771 07:59:34",215.89,909.59,,,,"     ",5.30,64.65,3.42
1771,554696263,"01771M08:11:45.631","01771 07:59:35",215.92,909.63,,,,"     ",5.30,65.04,3.44
1771,554696264,"01771M08:11:46.605","01771 07:59:36",215.94,909.65,,,,"     ",5.30,64.99,3.43
1771,554696265,"01771M08:11:47.578","01771 07:59:37",215.96,909.66,,,,"     ",5.30,64.36,3.40
1771,554696266,"01771M08:11:48.551","01771 07:59:38",215.95,909.61,,,,"     ",5.30,64.68,3.41
1771,554696267,"01771M08:11:49.524","01771 07:59:39",215.94,909.66,,,,"     ",5.30,64.80,3.42
1771,554696268,"01771M08:11:50.498","01771 07:59:40",215.91,909.71,,,,"     ",5.30,64.41,3.39
1771,554696269,"01771M08:11:51.471","01771 07:59:41",215.88,909.70,,,,"     ",5.30,64.47,3.40
1771,554696270,"01771M08:11:52.444","01771 07:59:42",215.83,909.70,,,,"     ",5.30,64.70,3.41
1771,554696271,"01771M08:11:53.417","01771 07:59:43",215.79,909.52,,,,"     ",5.30,64.47,3.39
1771,554696272,"01771M08:11:54.391","01771 07:59:44",215.74,909.65,,,,"     ",5.30,64.43,3.39
1771,554696273,"01771M08:11:55.364","01771 07:59:45",215.70,909.54,,,,"     ",5.30,64.48,3.39
1771,554696274,"01771M08:11:56.337","01771 07:59:46",215.66,909.57,,,,"     ",5.30,64.75,3.40
1771,554696275,"01771M08:11:57.310","01771 07:59:47",215.60,909.58,,,,"     ",5.30,64.13,3.37
1771,554696276,"01771M08:11:58.284","01771 07:59:48",215.54,909.73,,,,"     ",5.30,65.44,3.44
1771,554696277,"01771M08:11:59.257","01771 07:59:49",215.47,909.71,,,,"     ",5.30,64.66,3.39
1771,554696278,"01771M08:12:00.230","01771 07:59:50",215.39,909.67,,,,"     ",5.30,64.79,3.40
1771,554696279,"01771M08:12:01.203","01771 07:59:51",215.30,909.65,,,,"     ",5.30,65.28,3.42
1771,554696280,"01771M08:12:02.177","01771 07:59:51",215.20,909.64,,,,"     ",5.30,65.15,3.41
1771,554696281,"01771M08:12:03.150","01771 07:59:52",215.09,909.68,,,,"     ",5.30,64.73,3.39
1771,554696282,"01771M08:12:04.123","01771 07:59:53",214.98,909.74,,,,"     ",5.30,64.89,3.39
1771,554696283,"01771M08:12:05.097","01771 07:59:54",214.87,909.70,,,,"     ",5.30,65.07,3.40
1771,554696284,"01771M08:12:06.070","01771 07:59:55",214.49,909.62,,,,"     ",5.30,65.13,3.40
1771,554696285,"01771M08:12:07.043","01771 07:59:56",214.36,909.64,,,,"     ",5.30,65.00,3.40
1771,554696286,"01771M08:12:08.016","01771 07:59:57",214.24,909.69,,,,"     ",5.30,65.18,3.40
1771,554696287,"01771M08:12:08.990","01771 07:59:58",214.14,909.76,,,,"     ",5.30,65.11,3.40
1771,554696288,"01771M08:12:09.963","01771 07:59:59",214.06,909.67,,,,"     ",5.30,65.03,3.39
1771,554696289,"01771M08:12:10.936","01771 08:00:00",214.00,909.71,,,,"     ",5.30,64.88,3.38
1771,554696290,"01771M08:12:11.909","01771 08:00:01",213.97,909.69,,,,"     ",5.30,65.02,3.39
1771,554696291,"01771M08:12:12.883","01771 08:00:02",213.95,909.70,,,,"     ",5.30,65.34,3.40
1771,554696292,"01771M08:12:13.856","01771 08:00:03",213.95,909.69,,,,"     ",5.30,65.37,3.40
1771,554696293,"01771M08:12:14.829","01771 08:00:04",213.96,909.65,,,,"     ",5.30,65.15,3.39
1771,554696294,"01771M08:12:15.802","01771 08:00:05",213.98,909.67,,,,"     ",5.30,65.11,3.39
1771,554696295,"01771M08:12:16.776","01771 08:00:06",214.01,909.77,,,,"     ",5.30,65.79,3.42
1771,554696296,"01771M08:12:17.749","01771 08:00:07",214.05,909.66,,,,"     ",5.30,65.21,3.39
1771,554696297,"01771M08:12:18.722","01771 08:00:08",214.08,909.68,,,,"     ",5.30,65.40,3.40
1771,554696298,"01771M08:12:19.695","01771 08:00:09",214.11,909.70,,,,"     ",5.30,64.82,3.36
1771,554696299,"01771M08:12:20.669","01771 08:00:10",214.14,909.72,,,,"     ",5.30,65.01,3.37
1771,554696300,"01771M08:12:21.642","01771 08:00:11",214.16,909.75,,,,"     ",5.30,65.05,3.37
1771,554696301,"01771M08:12:22.615","01771 08:00:12",214.18,909.69,,,,"     ",5.30,65.86,3.41
1771,554696302,"01771M08:12:23.588","01771 08:00:13",214.21,909.65,,,,"     ",5.30,65.80,3.41
1771,554696303,"01771M08:12:24.562","01771 08:00:14",214.25,909.63,,,,"     ",5.30,65.13,3.37
1771,554696304,"01771M08:12:25.535","01771 08:00:15",214.32,909.68,,,,"     ",5.30,64.93,3.36
1771,554696305,"01771M08:12:26.508","01771 08:00:16",214.39,909.69,,,,"     ",5.30,65.39,3.38
1771,554696306,"01771M08:12:27.481","01771 08:00:17",214.47,909.64,,,,"     ",5.30,65.33,3.38
1771,554696307,"01771M08:12:28.455","01771 08:00:18",214.55,909.65,,,,"     ",5.30,64.91,3.35
1771,554696308,"01771M08:12:29.428","01771 08:00:19",214.63,909.72,,,,"     ",5.30,65.35,3.38
1771,554696309,"01771M08:12:30.401","01771 08:00:20",214.99,909.72,,,,"     ",5.30,65.27,3.37
1771,554696310,"01771M08:12:31.374","01771 08:00:21",215.06,909.67,,,,"     ",5.30,65.64,3.39
1771,554696311,"01771M08:12:32.348","01771 08:00:22",215.13,909.63,,,,"     ",5.30,65.26,3.37
1771,554696312,"01771M08:12:33.321","01771 08:00:23",215.21,909.57,,,,"     ",5.30,65.44,3.37
1771,554696313,"01771M08:12:34.294","01771 08:00:24",215.28,909.60,,,,"     ",5.30,65.40,3.37
1771,554696314,"01771M08:12:35.267","01771 08:00:25",215.35,909.61,,,,"     ",5.30,65.58,3.38
1771,554696315,"01771M08:12:36.241","01771 08:00:26",215.40,909.66,,,,"     ",5.30,65.54,3.37
1771,554696316,"01771M08:12:37.214","01771 08:00:27",215.44,909.71,,,,"     ",5.30,65.86,3.39
1771,554696317,"01771M08:12:38.187","01771 08:00:28",215.45,909.65,,,,"     ",5.30,65.48,3.37
1771,554696318,"01771M08:12:39.160","01771 08:00:28",215.45,909.69,,,,"     ",5.30,65.43,3.36
1771,554696319,"01771M08:12:40.134","01771 08:00:29",215.44,909.61,,,,"     ",5.30,65.53,3.36
1771,554696320,"01771M08:12:41.107","01771 08:00:30",215.43,909.62,,,,"     ",5.30,65.61,3.37
1771,554696321,"01771M08:12:42.080","01771 08:00:31",215.44,909.57,,,,"     ",5.30,65.39,3.35
1771,554696322,"01771M08:12:43.053","01771 08:00:32",215.45,909.63,,,,"     ",5.30,65.95,3.38
1771,554696323,"01771M08:12:44.027","01771 08:00:33",215.46,909.60,,,,"     ",5.30,65.74,3.36
1771,554696324,"01771M08:12:45.000","01771 08:00:34",215.48,909.50,,,,"     ",5.30,65.81,3.37
1771,554696325,"01771M08:12:45.973","01771 08:00:35",215.50,909.52,,,,"     ",5.30,65.01,3.32
1771,554696326,"01771M08:12:46.946","01771 08:00:36",215.52,909.61,,,,"     ",5.30,65.10,3.32
1771,554696327,"01771M08:12:47.920","01771 08:00:37",215.54,909.59,,,,"     ",5.30,66.13,3.38
1771,554696328,"01771M08:12:48.893","01771 08:00:38",215.57,909.58,,,,"     ",5.30,65.42,3.34
1771,554696329,"01771M08:12:49.866","01771 08:00:39",215.61,909.60,,,,"     ",5.30,65.83,3.36
1771,554696330,"01771M08:12:50.839","01771 08:00:40",215.65,909.64,,,,"     ",5.30,65.80,3.35
1771,554696331,"01771M08:12:51.813","01771 08:00:41",215.70,909.67,,,,"     ",5.30,66.02,3.36
1771,554696332,"01771M08:12:52.786","01771 08:00:42",215.75,909.58,,,,"     ",5.30,65.81,3.35
1771,554696333,"01771M08:12:53.759","01771 08:00:43",215.81,909.69,,,,"     ",5.30,65.86,3.35
1771,554696334,"01771M08:12:54.732","01771 08:00:44",215.88,909.67,,,,"     ",5.30,65.99,3.35
1771,554696335,"01771M08:12:55.706","01771 08:00:45",215.95,909.70,,,,"     ",5.30,65.69,3.33
1771,554696336,"01771M08:12:56.679","01771 08:00:46",216.04,909.68,,,,"     ",5.30,66.17,3.36
1771,554696337,"01771M08:12:57.652","01771 08:00:47",216.15,909.70,,,,"     ",5.30,66.60,3.38
1771,554696338,"01771M08:12:58.625","01771 08:00:48",216.28,909.60,,,,"     ",5.30,66.36,3.36
1771,554696339,"01771M08:12:59.599","01771 08:00:49",216.41,909.56,,,,"     ",5.30,66.54,3.37
1771,554696340,"01771M08:13:00.572","01771 08:00:50",216.55,909.54,,,,"     ",5.30,66.46,3.36
1771,554696341,"01771M08:13:01.545","01771 08:00:51",216.67,909.67,,,,"     ",5.30,65.81,3.33
1771,554696342,"01771M08:13:02.518","01771 08:00:52",216.78,909.65,,,,"     ",5.30,66.05,3.34
1771,554696343,"01771M08:13:03.492","01771 08:00:53",216.88,909.62,,,,"     ",5.30,66.25,3.35
1771,554696344,"01771M08:13:04.465","01771 08:00:54",216.95,909.65,,,,"     ",5.30,66.88,3.38
1771,554696345,"01771M08:13:05.438","01771 08:00:55",216.99,909.74,,,,"     ",5.30,66.16,3.34
1771,554696346,"01771M08:13:06.411","01771 08:00:56",217.00,909.61,,,,"     ",5.30,65.88,3.32
1771,554696347,"01771M08:13:07.385","01771 08:00:57",217.00,909.60,,,,"     ",5.30,66.27,3.34
1771,554696348,"01771M08:13:08.358","01771 08:00:58",216.99,909.56,,,,"     ",5.30,65.91,3.31
1771,554696349,"01771M08:13:09.331","01771 08:00:59",216.97,909.64,,,,"     ",5.30,66.49,3.34
1771,554696350,"01771M08:13:10.304","01771 08:01:00",216.94,909.61,,,,"     ",5.30,66.25,3.33
1771,554696351,"01771M08:13:11.278","01771 08:01:01",216.90,909.55,,,,"     ",5.30,65.79,3.30
1771,554696352,"01771M08:13:12.251","01771 08:01:02",216.86,909.63,,,,"     ",5.30,65.87,3.30
1771,554696353,"01771M08:13:13.224","01771 08:01:03",216.82,909.47,,,,"     ",5.30,66.67,3.34
1771,554696354,"01771M08:13:14.198","01771 08:01:04",216.80,909.49,,,,"     ",5.30,66.61,3.33
1771,554696355,"01771M08:13:15.171","01771 08:01:05",216.78,909.54,,,,"     ",5.30,66.76,3.34
1771,554696356,"01771M08:13:16.144","01771 08:01:05",216.76,909.52,,,,"     ",5.30,66.59,3.33
1771,554696357,"01771M08:13:17.117","01771 08:01:06",216.74,909.52,,,,"     ",5.30,66.88,3.34
1771,554696358,"01771M08:13:18.091","01771 08:01:07",216.73,909.52,,,,"     ",5.30,66.44,3.31
1771,554696359,"01771M08:13:19.064","01771 08:01:08",216.72,909.56,,,,"     ",5.30,66.78,3.33
1771,554696360,"01771M08:13:20.037","01771 08:01:09",216.72,909.57,,,,"     ",5.30,66.42,3.31
1771,554696361,"01771M08:13:21.010","01771 08:01:10",216.71,909.70,,,,"     ",5.30,66.90,3.33
1771,554696362,"01771M08:13:21.984","01771 08:01:11",216.70,909.71,,,,"     ",5.30,66.66,3.32
1771,554696363,"01771M08:13:22.957","01771 08:01:12",216.67,909.69,,,,"     ",5.30,67.11,3.34
1771,554696364,"01771M08:13:23.930","01771 08:01:13",216.62,909.69,,,,"     ",5.30,66.48,3.30
1771,554696365,"01771M08:13:24.903","01771 08:01:14",216.57,909.70,,,,"     ",5.30,66.87,3.32
1771,554696366,"01771M08:13:25.877","01771 08:01:15",216.51,909.61,,,,"     ",5.30,67.02,3.33
1771,554696367,"01771M08:13:26.850","01771 08:01:16",216.44,909.62,,,,"     ",5.30,66.93,3.32
1771,554696368,"01771M08:13:27.823","01771 08:01:17",216.37,909.61,,,,"     ",5.30,66.55,3.30
1771,554696369,"01771M08:13:28.796","01771 08:01:18",216.29,909.71,,,,"     ",5.30,67.24,3.33
1771,554696370,"01771M08:13:29.770","01771 08:01:19",216.20,909.63,,,,"     ",5.30,66.70,3.30
1771,554696371,"01771M08:13:30.743","01771 08:01:20",216.10,909.60,,,,"     ",5.30,67.50,3.34
1771,554696372,"01771M08:13:31.716","01771 08:01:21",216.00,909.63,,,,"     ",5.30,67.06,3.32
1771,554696373,"01771M08:13:32.689","01771 08:01:22",215.90,909.63,,,,"     ",5.30,66.93,3.31
1771,554696374,"01771M08:13:33.663","01771 08:01:23",215.81,909.64,,,,"     ",5.30,66.25,3.27
1771,554696375,"01771M08:13:34.636","01771 08:01:24",215.73,909.56,,,,"     ",5.30,66.70,3.29
1771,554696376,"01771M08:13:35.609","01771 08:01:25",215.69,909.63,,,,"     ",5.30,67.42,3.33
1771,554696377,"01771M08:13:36.582","01771 08:01:26",215.67,909.63,,,,"     ",5.30,67.53,3.33
1771,554696378,"01771M08:13:37.556","01771 08:01:27",215.70,909.63,,,,"     ",5.30,67.04,3.30
1771,554696379,"01771M08:13:38.529","01771 08:01:28",215.75,909.59,,,,"     ",5.30,67.03,3.30
1771,554696380,"01771M08:13:39.502","01771 08:01:29",215.81,909.68,,,,"     ",5.30,67.32,3.31
1771,554696381,"01771M08:13:40.475","01771 08:01:30",215.87,909.61,,,,"     ",5.30,67.17,3.30
1771,554696382,"01771M08:13:41.449","01771 08:01:31",215.93,909.59,,,,"     ",5.30,67.21,3.30
1771,554696383,"01771M08:13:42.422","01771 08:01:32",215.99,909.61,,,,"     ",5.30,67.73,3.33
1771,554696384,"01771M08:13:43.395","01771 08:01:33",216.05,909.59,,,,"     ",5.30,66.95,3.29
1771,554696385,"01771M08:13:44.368","01771 08:01:34",216.11,909.61,,,,"     ",5.30,67.58,3.32
1771,554696386,"01771M08:13:45.342","01771 08:01:35",216.17,909.57,,,,"     ",5.30,67.07,3.29
1771,554696387,"01771M08:13:46.315","01771 08:01:36",216.24,909.53,,,,"     ",5.30,67.68,3.32
1771,554696388,"01771M08:13:47.288","01771 08:01:37",216.30,909.50,,,,"     ",5.30,67.27,3.29
1771,554696389,"01771M08:13:48.261","01771 08:01:38",216.35,909.62,,,,"     ",5.30,66.77,3.27
1771,554696390,"01771M08:13:49.235","01771 08:01:39",216.40,909.58,,,,"     ",5.30,67.10,3.28
1771,554696391,"01771M08:13:50.208","01771 08:01:40",216.46,909.56,,,,"     ",5.30,67.54,3.30
1771,554696392,"01771M08:13:51.181","01771 08:01:41",216.52,909.60,,,,"     ",5.30,67.71,3.31
1771,554696393,"01771M08:13:52.154","01771 08:01:42",216.60,909.59,,,,"     ",5.30,67.56,3.30
1771,554696394,"01771M08:13:53.128","01771 08:01:42",216.68,909.54,,,,"     ",5.30,67.02,3.27
1771,554696395,"01771M08:13:54.101","01771 08:01:43",216.76,909.59,,,,"     ",5.30,67.76,3.30
1771,554696396,"01771M08:13:55.074","01771 08:01:44",216.83,909.58,,,,"     ",5.30,67.89,3.31
1771,554696397,"01771M08:13:56.047","01771 08:01:45",216.88,909.61,,,,"     ",5.30,67.42,3.28
1771,554696398,"01771M08:13:57.021","01771 08:01:46",216.91,909.63,,,,"     ",5.30,67.58,3.29
1771,554696399,"01771M08:13:57.994","01771 08:01:47",216.93,909.54,,,,"     ",5.30,67.20,3.27
1771,554696400,"01771M08:13:58.967","01771 08:01:48",216.95,909.56,,,,"     ",5.30,68.17,3.32
1771,554696401,"01771M08:13:59.940","01771 08:01:49",216.96,909.52,,,,"     ",5.30,68.09,3.31
1771,554696402,"01771M08:14:00.914","01771 08:01:50",216.97,909.70,,,,"     ",5.30,67.71,3.29
1771,554696403,"01771M08:14:01.887","01771 08:01:51",216.98,909.57,,,,"     ",5.30,67.79,3.29
1771,554696404,"01771M08:14:02.860","01771 08:01:52",216.99,909.56,,,,"     ",5.30,68.10,3.30
1771,554696405,"01771M08:14:03.833","01771 08:01:53",217.00,909.57,,,,"     ",5.30,68.27,3.31
1771,554696406,"01771M08:14:04.807","01771 08:01:54",217.02,909.60,,,,"     ",5.30,68.21,3.30
1771,554696407,"01771M08:14:05.780","01771 08:01:55",217.04,909.60,,,,"     ",5.30,68.25,3.30
1771,554696408,"01771M08:14:06.753","01771 08:01:56",217.06,909.59,,,,"     ",5.30,68.34,3.31
1771,554696409,"01771M08:14:07.726","01771 08:01:57",217.09,909.54,,,,"     ",5.30,68.01,3.29
1771,554696410,"01771M08:14:08.700","01771 08:01:58",217.11,909.60,,,,"     ",5.30,68.10,3.29
1771,554696411,"01771M08:14:09.673","01771 08:01:59",217.13,909.55,,,,"     ",5.30,68.49,3.31
1771,554696412,"01771M08:14:10.646","01771 08:02:00",217.16,909.55,,,,"     ",5.30,68.29,3.30
1771,554696413,"01771M08:14:11.619","01771 08:02:01",217.19,909.48,,,,"     ",5.30,68.05,3.28
1771,554696414,"01771M08:14:12.593","01771 08:02:02",217.23,909.46,,,,"     ",5.30,68.31,3.29
1771,554696415,"01771M08:14:13.566","01771 08:02:03",217.27,909.42,,,,"     ",5.30,67.96,3.27
1771,554696416,"01771M08:14:14.539","01771 08:02:04",217.31,909.51,,,,"     ",5.30,68.10,3.28
1771,554696417,"01771M08:14:15.512","01771 08:02:05",217.36,909.53,,,,"     ",5.30,68.20,3.28
1771,554696418,"01771M08:14:16.486","01771 08:02:06",217.43,909.51,,,,"     ",5.30,68.57,3.30
1771,554696419,"01771M08:14:17.459","01771 08:02:07",217.50,909.56,,,,"     ",5.30,68.69,3.30
1771,554696420,"01771M08:14:18.432","01771 08:02:08",217.57,909.59,,,,"     ",5.30,68.11,3.27
1771,554696421,"01771M08:14:19.405","01771 08:02:09",217.64,909.59,,,,"     ",5.30,68.88,3.31
1771,554696422,"01771M08:14:20.379","01771 08:02:10",217.70,909.60,,,,"     ",5.30,68.74,3.30
1771,554696423,"01771M08:14:21.352","01771 08:02:11",217.70,909.56,,,,"     ",5.30,68.24,3.27
1771,554696424,"01771M08:14:22.325","01771 08:02:12",217.70,909.55,,,,"     ",5.30,68.71,3.29
1771,554696425,"01771M08:14:23.299","01771 08:02:13",217.70,909.60,,,,"     ",5.30,68.25,3.27
1771,554696426,"01771M08:14:24.272","01771 08:02:14",217.69,909.56,,,,"     ",5.30,68.78,3.29
1771,554696427,"01771M08:14:25.245","01771 08:02:15",217.68,909.60,,,,"     ",5.30,68.46,3.27
1771,554696428,"01771M08:14:26.218","01771 08:02:16",217.66,909.58,,,,"     ",5.30,68.70,3.28
1771,554696429,"01771M08:14:27.192","01771 08:02:17",217.64,909.61,,,,"     ",5.30,68.47,3.27
1771,554696430,"01771M08:14:28.165","01771 08:02:18",217.61,909.59,,,,"     ",5.30,68.17,3.25
1771,554696431,"01771M08:14:29.138","01771 08:02:18",217.58,909.54,,,,"     ",5.30,69.02,3.29
1771,554696432,"01771M08:14:30.111","01771 08:02:19",217.54,909.47,,,,"     ",5.30,68.57,3.26
1771,554696433,"01771M08:14:31.085","01771 08:02:20",217.50,909.52,,,,"     ",5.30,68.85,3.28
1771,554696434,"01771M08:14:32.058","01771 08:02:21",217.45,909.52,,,,"     ",5.30,68.92,3.28
1771,554696435,"01771M08:14:33.031","01771 08:02:22",217.41,909.49,,,,"     ",5.30,68.09,3.24
1771,554696436,"01771M08:14:34.004","01771 08:02:23",217.38,909.47,,,,"     ",5.30,68.61,3.26
1771,554696437,"01771M08:14:34.978","01771 08:02:24",217.36,909.44,,,,"     ",5.30,69.23,3.29
1771,554696438,"01771M08:14:35.951","01771 08:02:25",217.35,909.41,,,,"     ",5.30,69.38,3.29
1771,554696439,"01771M08:14:36.924","01771 08:02:26",217.35,909.41,,,,"     ",5.30,69.57,3.30
1771,554696440,"01771M08:14:37.897","01771 08:02:27",217.35,909.43,,,,"     ",5.30,68.68,3.26
1771,554696441,"01771M08:14:38.871","01771 08:02:28",217.32,909.44,,,,"     ",5.30,68.81,3.26
1771,554696442,"01771M08:14:39.844","01771 08:02:29",217.32,909.37,,,,"     ",5.30,68.76,3.25
1771,554696443,"01771M08:14:40.817","01771 08:02:30",217.34,909.48,,,,"     ",5.30,68.73,3.25
1771,554696444,"01771M08:14:41.790","01771 08:02:31",217.34,909.51,,,,"     ",5.30,68.49,3.24
1771,554696445,"01771M08:14:42.764","01771 08:02:32",217.33,909.44,,,,"     ",5.30,69.51,3.29
1771,554696446,"01771M08:14:43.737","01771 08:02:33",217.32,909.52,,,,"     ",5.30,68.81,3.25
1771,554696447,"01771M08:14:44.710","01771 08:02:34",217.32,909.48,,,,"     ",5.30,68.37,3.23
1771,554696448,"01771M08:14:45.683","01771 08:02:35",217.33,909.54,,,,"     ",5.30,69.50,3.28
1771,554696449,"01771M08:14:46.657","01771 08:02:36",217.34,909.52,,,,"     ",5.30,69.67,3.29
1771,554696450,"01771M08:14:47.630","01771 08:02:37",217.35,909.55,,,,"     ",5.30,69.53,3.28
1771,554696451,"01771M08:14:48.603","01771 08:02:38",217.37,909.48,,,,"     ",5.30,69.32,3.27
1771,554696452,"01771M08:14:49.576","01771 08:02:39",217.37,909.49,,,,"     ",5.30,69.67,3.28
1771,554696453,"01771M08:14:50.550","01771 08:02:40",217.38,909.52,,,,"     ",5.30,69.73,3.28
1771,554696454,"01771M08:14:51.523","01771 08:02:41",217.37,909.45,,,,"     ",5.30,69.29,3.26
1771,554696455,"01771M08:14:52.496","01771 08:02:42",217.37,909.54,,,,"     ",5.30,69.13,3.25
1771,554696456,"01771M08:14:53.469","01771 08:02:43",217.36,909.52,,,,"     ",5.30,69.50,3.27
1771,554696457,"01771M08:14:54.443","01771 08:02:44",217.35,909.50,,,,"     ",5.30,69.97,3.29
1771,554696458,"01771M08:14:55.416","01771 08:02:45",217.34,909.53,,,,"     ",5.30,69.05,3.24
1771,554696459,"01771M08:14:56.389","01771 08:02:46",217.33,909.54,,,,"     ",5.30,69.42,3.26
1771,554696460,"01771M08:14:57.362","01771 08:02:47",217.33,909.54,,,,"     ",5.30,69.10,3.24
1771,554696461,"01771M08:14:58.336","01771 08:02:48",217.34,909.54,,,,"     ",5.30,69.54,3.26
1771,554696462,"01771M08:14:59.309","01771 08:02:49",217.35,909.58,,,,"     ",5.30,69.27,3.24
1771,554696463,"01771M08:15:00.282","01771 08:02:50",217.37,909.50,,,,"     ",5.30,69.47,3.25
1771,554696464,"01771M08:15:01.255","01771 08:02:51",217.35,909.51,,,,"     ",5.30,69.33,3.24
1771,554696465,"01771M08:15:02.229","01771 08:02:52",217.25,909.52,,,,"     ",5.30,69.69,3.26
1771,554696466,"01771M08:15:03.202","01771 08:02:53",217.17,909.48,,,,"     ",5.30,69.84,3.27
1771,554696467,"01771M08:15:04.175","01771 08:02:54",217.11,909.46,,,,"     ",5.30,70.07,3.28
1771,554696468,"01771M08:15:05.148","01771 08:02:55",217.05,909.46,,,,"     ",5.30,69.58,3.25
1771,554696469,"01771M08:15:06.122","01771 08:02:55",217.00,909.58,,,,"     ",5.30,69.77,3.26
1771,554696470,"01771M08:15:07.095","01771 08:02:56",216.94,909.46,,,,"     ",5.30,69.48,3.24
1771,554696471,"01771M08:15:08.068","01771 08:02:57",216.88,909.49,,,,"     ",5.30,69.98,3.26
1771,554696472,"01771M08:15:09.041","01771 08:02:58",216.83,909.53,,,,"     ",5.30,69.68,3.25
1771,554696473,"01771M08:15:10.015","01771 08:02:59",216.79,909.51,,,,"     ",5.30,70.32,3.28
1771,554696474,"01771M08:15:10.988","01771 08:03:00",216.76,909.57,,,,"     ",5.30,70.04,3.26
1771,554696475,"01771M08:15:11.961","01771 08:03:01",216.74,909.55,,,,"     ",5.30,69.96,3.26
1771,554696476,"01771M08:15:12.934","01771 08:03:02",216.70,909.55,,,,"     ",5.30,69.85,3.25
1771,554696477,"01771M08:15:13.908","01771 08:03:03",216.65,909.46,,,,"     ",5.30,70.15,3.26
1771,554696478,"01771M08:15:14.881","01771 08:03:04",216.59,909.53,,,,"     ",5.30,70.35,3.27
1771,554696479,"01771M08:15:15.854","01771 08:03:05",216.53,909.55,,,,"     ",5.30,70.29,3.27
1771,554696480,"01771M08:15:16.827","01771 08:03:06",216.49,909.47,,,,"     ",5.30,70.06,3.25
1771,554696481,"01771M08:15:17.801","01771 08:03:07",216.46,909.54,,,,"     ",5.30,70.07,3.25
1771,554696482,"01771M08:15:18.774","01771 08:03:08",216.46,909.46,,,,"     ",5.30,70.11,3.25
1771,554696483,"01771M08:15:19.747","01771 08:03:09",216.47,909.50,,,,"     ",5.30,70.06,3.25
1771,554696484,"01771M08:15:20.720","01771 08:03:10",216.50,909.50,,,,"     ",5.30,69.88,3.24
1771,554696485,"01771M08:15:21.694","01771 08:03:11",216.52,909.42,,,,"     ",5.30,69.95,3.24
1771,554696486,"01771M08:15:22.667","01771 08:03:12",216.52,909.41,,,,"     ",5.30,70.46,3.26
1771,554696487,"01771M08:15:23.640","01771 08:03:13",216.51,909.40,,,,"     ",5.30,70.34,3.25
1771,554696488,"01771M08:15:24.613","01771 08:03:14",216.49,909.39,,,,"     ",5.30,70.67,3.27
1771,554696489,"01771M08:15:25.587","01771 08:03:15",216.46,909.45,,,,"     ",5.30,70.31,3.25
1771,554696490,"01771M08:15:26.560","01771 08:03:16",216.44,909.38,,,,"     ",5.30,70.72,3.27
1771,554696491,"01771M08:15:27.533","01771 08:03:17",216.44,909.42,,,,"     ",5.30,70.13,3.24
1771,554696492,"01771M08:15:28.506","01771 08:03:18",216.45,909.52,,,,"     ",5.30,70.59,3.26
1771,554696493,"01771M08:15:29.480","01771 08:03:19",216.48,909.49,,,,"     ",5.30,70.30,3.25
1771,554696494,"01771M08:15:30.453","01771 08:03:20",216.52,909.52,,,,"     ",5.30,70.94,3.27
1771,554696495,"01771M08:15:31.426","01771 08:03:21",216.57,909.50,,,,"     ",5.30,70.33,3.24
1771,554696496,"01771M08:15:32.400","01771 08:03:22",216.62,909.51,,,,"     ",5.30,70.33,3.24
1771,554696497,"01771M08:15:33.373","01771 08:03:23",216.69,909.49,,,,"     ",5.30,70.13,3.23
1771,554696498,"01771M08:15:34.346","01771 08:03:24",216.77,909.49,,,,"     ",5.30,70.27,3.24
1771,554696499,"01771M08:15:35.319","01771 08:03:25",216.86,909.50,,,,"     ",5.30,70.94,3.27
1771,554696500,"01771M08:15:36.293","01771 08:03:26",216.95,909.58,,,,"     ",5.30,70.66,3.25
1771,554696501,"01771M08:15:37.266","01771 08:03:27",217.05,909.48,,,,"     ",5.30,70.78,3.25
1771,554696502,"01771M08:15:38.239","01771 08:03:28",217.13,909.47,,,,"     ",5.30,70.46,3.24
1771,554696503,"01771M08:15:39.212","01771 08:03:29",217.18,909.60,,,,"     ",5.30,70.67,3.25
1771,554696504,"01771M08:15:40.186","01771 08:03:30",217.22,909.46,,,,"     ",5.30,70.16,3.22
1771,554696505,"01771M08:15:41.159","01771 08:03:31",217.24,909.49,,,,"     ",5.30,70.41,3.23
1771,554696506,"01771M08:15:42.132","01771 08:03:32",217.26,909.50,,,,"     ",5.30,70.79,3.25
1771,554696507,"01771M08:15:43.105","01771 08:03:32",217.29,909.47,,,,"     ",5.30,70.80,3.24
1771,554696508,"01771M08:15:44.079","01771 08:03:33",217.32,909.43,,,,"     ",5.30,70.76,3.24
1771,554696509,"01771M08:15:45.052","01771 08:03:34",217.34,909.43,,,,"     ",5.30,71.14,3.26
1771,554696510,"01771M08:15:46.025","01771 08:03:35",217.35,909.42,,,,"     ",5.30,71.03,3.25
1771,554696511,"01771M08:15:46.998","01771 08:03:36",217.35,909.42,,,,"     ",5.30,71.13,3.25
1771,554696512,"01771M08:15:47.972","01771 08:03:37",217.34,909.42,,,,"     ",5.30,71.28,3.26
1771,554696513,"01771M08:15:48.945","01771 08:03:38",217.31,909.49,,,,"     ",5.30,70.99,3.24
1771,554696514,"01771M08:15:49.918","01771 08:03:39",217.29,909.54,,,,"     ",5.30,70.96,3.24
1771,554696515,"01771M08:15:50.891","01771 08:03:40",217.25,909.48,,,,"     ",5.30,70.95,3.24
1771,554696516,"01771M08:15:51.865","01771 08:03:41",217.21,909.50,,,,"     ",5.30,71.31,3.26
1771,554696517,"01771M08:15:52.838","01771 08:03:42",217.17,909.44,,,,"     ",5.30,70.97,3.24
1771,554696518,"01771M08:15:53.811","01771 08:03:43",217.14,909.45,,,,"     ",5.30,71.22,3.25
1771,554696519,"01771M08:15:54.784","01771 08:03:44",217.12,909.40,,,,"     ",5.30,70.86,3.23
1771,554696520,"01771M08:15:55.758","01771 08:03:45",217.13,909.39,,,,"     ",5.30,71.14,3.24
1771,554696521,"01771M08:15:56.731","01771 08:03:46",217.16,909.44,,,,"     ",5.30,70.93,3.23
1771,554696522,"01771M08:15:57.704","01771 08:03:47",217.21,909.42,,,,"     ",5.30,70.62,3.21
1771,554696523,"01771M08:15:58.677","01771 08:03:48",217.27,909.43,,,,"     ",5.30,70.80,3.22
1771,554696524,"01771M08:15:59.651","01771 08:03:49",217.36,909.40,,,,"     ",5.30,71.00,3.23
1771,554696525,"01771M08:16:00.624","01771 08:03:50",217.47,909.41,,,,"     ",5.30,70.67,3.21
1771,554696526,"01771M08:16:01.597","01771 08:03:51",217.59,909.38,,,,"     ",5.30,71.58,3.25
1771,554696527,"01771M08:16:02.570","01771 08:03:52",217.70,909.46,,,,"     ",5.30,71.10,3.22
1771,554696528,"01771M08:16:03.544","01771 08:03:53",217.79,909.47,,,,"     ",5.30,70.71,3.21
1771,554696529,"01771M08:16:04.517","01771 08:03:54",217.85,909.50,,,,"     ",5.30,71.88,3.26
1771,554696530,"01771M08:16:05.490","01771 08:03:55",217.90,909.51,,,,"     ",5.30,71.45,3.24
1771,554696531,"01771M08:16:06.463","01771 08:03:56",217.92,909.42,,,,"     ",5.30,71.03,3.22
1771,554696532,"01771M08:16:07.437","01771 08:03:57",217.92,909.40,,,,"     ",5.30,71.13,3.22
1771,554696533,"01771M08:16:08.410","01771 08:03:58",217.90,909.38,,,,"     ",5.30,70.98,3.21
1771,554696534,"01771M08:16:09.383","01771 08:03:59",217.85,909.45,,,,"     ",5.30,71.51,3.23
1771,554696535,"01771M08:16:10.356","01771 08:04:00",217.82,909.37,,,,"     ",5.30,71.37,3.22
1771,554696536,"01771M08:16:11.330","01771 08:04:01",217.81,909.41,,,,"     ",5.30,71.23,3.22
1771,554696537,"01771M08:16:12.303","01771 08:04:02",217.81,909.42,,,,"     ",5.30,71.23,3.21
1771,554696538,"01771M08:16:13.276","01771 08:04:03",217.81,909.44,,,,"     ",5.30,71.47,3.22
1771,554696539,"01771M08:16:14.249","01771 08:04:04",217.82,909.30,,,,"     ",5.30,71.60,3.22
1771,554696540,"01771M08:16:15.223","01771 08:04:05",217.83,909.36,,,,"     ",5.30,71.80,3.23
1771,554696541,"01771M08:16:16.196","01771 08:04:06",217.85,909.39,,,,"     ",5.30,71.47,3.22
1771,554696542,"01771M08:16:17.169","01771 08:04:07",217.87,909.45,,,,"     ",5.30,71.50,3.21
1771,554696543,"01771M08:16:18.142","01771 08:04:08",217.90,909.49,,,,"     ",5.30,71.37,3.21
1771,554696544,"01771M08:16:19.116","01771 08:04:08",217.94,909.50,,,,"     ",5.30,71.47,3.21
1771,554696545,"01771M08:16:20.089","01771 08:04:09",217.98,909.44,,,,"     ",5.30,71.68,3.22
1771,554696546,"01771M08:16:21.062","01771 08:04:10",218.03,909.44,,,,"     ",5.30,71.84,3.22
1771,554696547,"01771M08:16:22.035","01771 08:04:11",218.09,909.49,,,,"     ",5.30,71.84,3.22
1771,554696548,"01771M08:16:23.009","01771 08:04:12",217.65,909.42,,,,"     ",5.30,71.92,3.22
1771,554696549,"01771M08:16:23.982","01771 08:04:13",217.62,909.43,,,,"     ",5.30,71.30,3.19
1771,554696550,"01771M08:16:24.955","01771 08:04:14",217.60,909.41,,,,"     ",5.30,71.80,3.21
1771,554696551,"01771M08:16:25.928","01771 08:04:15",217.57,909.40,,,,"     ",5.30,71.57,3.20
1771,554696552,"01771M08:16:26.902","01771 08:04:16",218.57,909.44,,,,"     ",5.30,71.71,3.20
1771,554696553,"01771M08:16:27.875","01771 08:04:17",218.56,909.44,,,,"     ",5.30,71.65,3.20
1771,554696554,"01771M08:16:28.848","01771 08:04:18",218.55,909.36,,,,"     ",5.30,72.14,3.22
1771,554696555,"01771M08:16:29.821","01771 08:04:19",218.54,909.42,,,,"     ",5.30,72.13,3.21
1771,554696556,"01771M08:16:30.795","01771 08:04:20",218.52,909.43,,,,"     ",5.30,72.21,3.22
1771,554696557,"01771M08:16:31.768","01771 08:04:21",218.48,909.43,,,,"     ",5.30,72.17,3.21
1771,554696558,"01771M08:16:32.741","01771 08:04:22",218.43,909.42,,,,"     ",5.30,72.06,3.20
1771,554696559,"01771M08:16:33.714","01771 08:04:23",218.39,909.39,,,,"     ",5.30,71.89,3.19
1771,554696560,"01771M08:16:34.688","01771 08:04:24",218.35,909.39,,,,"     ",5.30,72.07,3.20
1771,554696561,"01771M08:16:35.661","01771 08:04:25",218.31,909.46,,,,"     ",5.30,72.50,3.22
1771,554696562,"01771M08:16:36.634","01771 08:04:26",218.27,909.44,,,,"     ",5.30,72.65,3.22
1771,554696563,"01771M08:16:37.607","01771 08:04:27",218.22,909.43,,,,"     ",5.30,72.59,3.22
1771,554696564,"01771M08:16:38.581","01771 08:04:28",218.18,909.47,,,,"     ",5.30,72.59,3.22
1771,554696565,"01771M08:16:39.554","01771 08:04:29",218.14,909.53,,,,"     ",5.30,72.89,3.23
1771,554696566,"01771M08:16:40.527","01771 08:04:30",218.10,909.45,,,,"     ",5.30,72.65,3.21
1771,554696567,"01771M08:16:41.500","01771 08:04:31",218.06,909.41,,,,"     ",5.30,72.28,3.20
1771,554696568,"01771M08:16:42.474","01771 08:04:32",218.02,909.38,,,,"     ",5.30,72.21,3.19
1771,554696569,"01771M08:16:43.447","01771 08:04:33",217.97,909.37,,,,"     ",5.30,72.59,3.21
1771,554696570,"01771M08:16:44.420","01771 08:04:34",217.91,909.36,,,,"     ",5.30,72.74,3.21
1771,554696571,"01771M08:16:45.394","01771 08:04:35",217.86,909.43,,,,"     ",5.30,72.75,3.21
1771,554696572,"01771M08:16:46.367","01771 08:04:36",217.81,909.40,,,,"     ",5.30,72.57,3.20
1771,554696573,"01771M08:16:47.340","01771 08:04:37",217.76,909.39,,,,"     ",5.30,72.79,3.21
1771,554696574,"01771M08:16:48.313","01771 08:04:38",217.71,909.29,,,,"     ",5.30,72.50,3.19
1771,554696575,"01771M08:16:49.287","01771 08:04:39",217.67,909.25,,,,"     ",5.30,72.48,3.19
1771,554696576,"01771M08:16:50.260","01771 08:04:40",217.64,909.39,,,,"     ",5.30,72.12,3.17
1771,554696577,"01771M08:16:51.233","01771 08:04:41",217.62,909.27,,,,"     ",5.30,72.71,3.20
1771,554696578,"01771M08:16:52.206","01771 08:04:42",217.49,909.28,,,,"     ",5.30,72.10,3.17
1771,554696579,"01771M08:16:53.180","01771 08:04:43",217.34,909.34,,,,"     ",5.30,72.69,3.19
1771,554696580,"01771M08:16:54.153","01771 08:04:44",217.19,909.28,,,,"     ",5.30,73.07,3.21
1771,554696581,"01771M08:16:55.126","01771 08:04:45",217.03,909.31,,,,"     ",5.30,72.39,3.18
1771,554696582,"01771M08:16:56.099","01771 08:04:45",216.88,909.28,,,,"     ",5.30,73.24,3.21
1771,554696583,"01771M08:16:57.073","01771 08:04:46",216.73,909.43,,,,"     ",5.30,72.57,3.18
1771,554696584,"01771M08:16:58.046","01771 08:04:47",216.59,909.37,,,,"     ",5.30,73.04,3.20
1771,554696585,"01771M08:16:59.019","01771 08:04:48",216.47,909.40,,,,"     ",5.30,72.64,3.18
1771,554696586,"01771M08:16:59.992","01771 08:04:49",216.36,909.39,,,,"     ",5.30,72.61,3.18
1771,554696587,"01771M08:17:00.966","01771 08:04:50",216.27,909.41,,,,"     ",5.30,72.95,3.19
1771,554696588,"01771M08:17:01.939","01771 08:04:51",216.20,909.42,,,,"     ",5.30,72.89,3.19
1771,554696589,"01771M08:17:02.912","01771 08:04:52",216.16,909.43,,,,"     ",5.30,72.78,3.18
1771,554696590,"01771M08:17:03.885","01771 08:04:53",216.15,909.37,,,,"     ",5.30,72.38,3.16
1771,554696591,"01771M08:17:04.859","01771 08:04:54",216.18,909.37,,,,"     ",5.30,72.65,3.17
1771,554696592,"01771M08:17:05.832","01771 08:04:55",216.24,909.38,,,,"     ",5.30,73.21,3.20
1771,554696593,"01771M08:17:06.805","01771 08:04:56",216.33,909.34,,,,"     ",5.30,73.04,3.19
1771,554696594,"01771M08:17:07.778","01771 08:04:57",216.42,909.40,,,,"     ",5.30,72.62,3.17
1771,554696595,"01771M08:17:08.752","01771 08:04:58",216.52,909.28,,,,"     ",5.30,73.24,3.19
1771,554696596,"01771M08:17:09.725","01771 08:04:59",216.62,909.35,,,,"     ",5.30,73.16,3.19
1771,554696597,"01771M08:17:10.698","01771 08:05:00",216.73,909.33,,,,"     ",5.30,72.78,3.17
1771,554696598,"01771M08:17:11.671","01771 08:05:01",216.84,909.29,,,,"     ",5.30,72.95,3.18
1771,554696599,"01771M08:17:12.645","01771 08:05:02",216.94,909.41,,,,"     ",5.30,72.72,3.17
1771,554696600,"01771M08:17:13.618","01771 08:05:03",217.01,909.36,,,,"     ",5.30,73.17,3.18
1771,554696601,"01771M08:17:14.591","01771 08:05:04",217.06,909.38,,,,"     ",5.30,73.14,3.18
1771,554696602,"01771M08:17:15.564","01771 08:05:05",217.07,909.33,,,,"     ",5.30,73.23,3.18
1771,554696603,"01771M08:17:16.538","01771 08:05:06",217.05,909.31,,,,"     ",5.30,73.03,3.17
1771,554696604,"01771M08:17:17.511","01771 08:05:07",217.00,909.29,,,,"     ",5.30,73.23,3.18
1771,554696605,"01771M08:17:18.484","01771 08:05:08",216.92,909.37,,,,"     ",5.30,73.07,3.17
1771,554696606,"01771M08:17:19.457","01771 08:05:09",216.83,909.41,,,,"     ",5.30,72.80,3.16
1771,554696607,"01771M08:17:20.431","01771 08:05:10",216.75,909.31,,,,"     ",5.30,73.03,3.17
1771,554696608,"01771M08:17:21.404","01771 08:05:11",216.66,909.38,,,,"     ",5.30,73.36,3.18
1771,554696609,"01771M08:17:22.377","01771 08:05:12",216.56,909.38,,,,"     ",5.30,73.48,3.18
1771,554696610,"01771M08:17:23.350","01771 08:05:13",216.46,909.41,,,,"     ",5.30,72.67,3.15
1771,554696611,"01771M08:17:24.324","01771 08:05:14",216.36,909.40,,,,"     ",5.30,73.32,3.18
1771,554696612,"01771M08:17:25.297","01771 08:05:15",216.25,909.31,,,,"     ",5.30,73.00,3.16
1771,554696613,"01771M08:17:26.270","01771 08:05:16",216.16,909.41,,,,"     ",5.30,73.11,3.16
1771,554696614,"01771M08:17:27.243","01771 08:05:17",216.08,909.34,,,,"     ",5.30,73.17,3.16
1771,554696615,"01771M08:17:28.217","01771 08:05:18",216.01,909.36,,,,"     ",5.30,73.20,3.16
1771,554696616,"01771M08:17:29.190","01771 08:05:19",215.96,909.35,,,,"     ",5.30,73.85,3.19
1771,554696617,"01771M08:17:30.163","01771 08:05:20",215.93,909.34,,,,"     ",5.30,73.28,3.17
1771,554696618,"01771M08:17:31.136","01771 08:05:21",215.93,909.38,,,,"     ",5.30,73.49,3.17
1771,554696619,"01771M08:17:32.110","01771 08:05:22",215.93,909.30,,,,"     ",5.30,73.38,3.17
1771,554696620,"01771M08:17:33.083","01771 08:05:22",215.94,909.34,,,,"     ",5.30,73.85,3.19
1771,554696621,"01771M08:17:34.056","01771 08:05:23",215.97,909.41,,,,"     ",5.30,73.25,3.16
1771,554696622,"01771M08:17:35.029","01771 08:05:24",216.00,909.34,,,,"     ",5.30,73.95,3.19
1771,554696623,"01771M08:17:36.003","01771 08:05:25",216.05,909.36,,,,"     ",5.30,73.03,3.15
1771,554696624,"01771M08:17:36.976","01771 08:05:26",216.11,909.26,,,,"     ",5.30,73.55,3.17
1771,554696625,"01771M08:17:37.949","01771 08:05:27",216.16,909.31,,,,"     ",5.30,72.83,3.13
1771,554696626,"01771M08:17:38.922","01771 08:05:28",216.21,909.35,,,,"     ",5.30,73.70,3.17
1771,554696627,"01771M08:17:39.896","01771 08:05:29",216.23,909.41,,,,"     ",5.30,73.80,3.18
1771,554696628,"01771M08:17:40.869","01771 08:05:30",216.22,909.34,,,,"     ",5.30,73.53,3.16
1771,554696629,"01771M08:17:41.842","01771 08:05:31",216.19,909.37,,,,"     ",5.30,73.88,3.18
1771,554696630,"01771M08:17:42.815","01771 08:05:32",216.13,909.40,,,,"     ",5.30,73.62,3.16
1771,554696631,"01771M08:17:43.789","01771 08:05:33",216.06,909.32,,,,"     ",5.30,73.84,3.17
1771,554696632,"01771M08:17:44.762","01771 08:05:34",215.97,909.36,,,,"     ",5.30,73.23,3.14
1771,554696633,"01771M08:17:45.735","01771 08:05:35",215.88,909.42,,,,"     ",5.30,73.73,3.17
1771,554696634,"01771M08:17:46.708","01771 08:05:36",215.78,909.37,,,,"     ",5.30,73.64,3.16
1771,554696635,"01771M08:17:47.682","01771 08:05:37",215.67,909.41,,,,"     ",5.30,74.14,3.18
1771,554696636,"01771M08:17:48.655","01771 08:05:38",215.56,909.31,,,,"     ",5.30,73.76,3.16
1771,554696637,"01771M08:17:49.628","01771 08:05:39",215.62,909.35,,,,"     ",5.30,73.40,3.15
1771,554696638,"01771M08:17:50.601","01771 08:05:40",215.56,909.33,,,,"     ",5.30,74.03,3.17
1771,554696639,"01771M08:17:51.575","01771 08:05:41",215.49,909.31,,,,"     ",5.30,73.86,3.16
1771,554696640,"01771M08:17:52.548","01771 08:05:42",215.43,909.34,,,,"     ",5.30,73.46,3.14
1771,554696641,"01771M08:17:53.521","01771 08:05:43",215.37,909.38,,,,"     ",5.30,73.92,3.17
1771,554696642,"01771M08:17:54.495","01771 08:05:44",215.31,909.31,,,,"     ",5.30,74.33,3.18
1771,554696643,"01771M08:17:55.468","01771 08:05:45",215.25,909.39,,,,"     ",5.30,73.92,3.16
1771,554696644,"01771M08:17:56.441","01771 08:05:46",215.20,909.36,,,,"     ",5.30,74.51,3.19
1771,554696645,"01771M08:17:57.414","01771 08:05:47",215.15,909.43,,,,"     ",5.30,74.05,3.17
1771,554696646,"01771M08:17:58.388","01771 08:05:48",215.11,909.41,,,,"     ",5.30,73.98,3.16
1771,554696647,"01771M08:17:59.361","01771 08:05:49",215.09,909.42,,,,"     ",5.30,74.14,3.17
1771,554696648,"01771M08:18:00.334","01771 08:05:50",215.08,909.41,,,,"     ",5.30,73.62,3.14
1771,554696649,"01771M08:18:01.307","01771 08:05:51",215.08,909.37,,,,"     ",5.30,74.15,3.17
1771,554696650,"01771M08:18:02.281","01771 08:05:52",215.09,909.33,,,,"     ",5.30,74.03,3.16
1771,554696651,"01771M08:18:03.254","01771 08:05:53",215.11,909.35,,,,"     ",5.30,74.15,3.16
1771,554696652,"01771M08:18:04.227","01771 08:05:54",215.13,909.30,,,,"     ",5.30,74.22,3.17
1771,554696653,"01771M08:18:05.200","01771 08:05:55",215.17,909.26,,,,"     ",5.30,73.90,3.15
1771,554696654,"01771M08:18:06.174","01771 08:05:56",215.20,909.34,,,,"     ",5.30,73.90,3.15
1771,554696655,"01771M08:18:07.147","01771 08:05:57",215.23,909.35,,,,"     ",5.30,74.13,3.16
1771,554696656,"01771M08:18:08.120","01771 08:05:58",215.27,909.36,,,,"     ",5.30,74.01,3.15
1771,554696657,"01771M08:18:09.093","01771 08:05:59",215.29,909.38,,,,"     ",5.30,73.41,3.13
1771,554696658,"01771M08:18:10.067","01771 08:05:59",215.32,909.33,,,,"     ",5.30,74.35,3.17
1771,554696659,"01771M08:18:11.040","01771 08:06:00",215.33,909.37,,,,"     ",5.30,74.51,3.17
1771,554696660,"01771M08:18:12.013","01771 08:06:01",215.35,909.28,,,,"     ",5.30,74.08,3.15
1771,554696661,"01771M08:18:12.986","01771 08:06:02",215.35,909.34,,,,"     ",5.30,74.32,3.16
1771,554696662,"01771M08:18:13.960","01771 08:06:03",215.36,909.31,,,,"     ",5.30,74.34,3.16
1771,554696663,"01771M08:18:14.933","01771 08:06:04",215.38,909.39,,,,"     ",5.30,74.12,3.15
1771,554696664,"01771M08:18:15.906","01771 08:06:05",215.40,909.32,,,,"     ",5.30,74.40,3.16
1771,554696665,"01771M08:18:16.879","01771 08:06:06",215.43,909.34,,,,"     ",5.30,74.24,3.16
1771,554696666,"01771M08:18:17.853","01771 08:06:07",215.47,909.39,,,,"     ",5.30,73.86,3.14
1771,554696667,"01771M08:18:18.826","01771 08:06:08",215.52,909.29,,,,"     ",5.30,73.79,3.14
1771,554696668,"01771M08:18:19.799","01771 08:06:09",215.57,909.32,,,,"     ",5.30,74.43,3.16
1771,554696669,"01771M08:18:20.772","01771 08:06:10",215.62,909.34,,,,"     ",5.30,73.98,3.14
1771,554696670,"01771M08:18:21.746","01771 08:06:11",215.67,909.39,,,,"     ",5.30,74.00,3.14
1771,554696671,"01771M08:18:22.719","01771 08:06:12",215.72,909.37,,,,"     ",5.30,74.82,3.18
1771,554696672,"01771M08:18:23.692","01771 08:06:13",215.78,909.39,,,,"     ",5.30,75.03,3.18
1771,554696673,"01771M08:18:24.665","01771 08:06:14",215.84,909.35,,,,"     ",5.30,74.02,3.14
1771,554696674,"01771M08:18:25.639","01771 08:06:15",215.89,909.42,,,,"     ",5.30,74.27,3.15
1771,554696675,"01771M08:18:26.612","01771 08:06:16",215.95,909.30,,,,"     ",5.30,74.99,3.18
1771,554696676,"01771M08:18:27.585","01771 08:06:17",216.00,909.36,,,,"     ",5.30,74.36,3.15
1771,554696677,"01771M08:18:28.558","01771 08:06:18",216.03,909.38,,,,"     ",5.30,73.95,3.13
1771,554696678,"01771M08:18:29.532","01771 08:06:19",216.07,909.28,,,,"     ",5.30,74.06,3.13
1771,554696679,"01771M08:18:30.505","01771 08:06:20",216.09,909.36,,,,"     ",5.30,74.48,3.15
1771,554696680,"01771M08:18:31.478","01771 08:06:21",215.92,909.38,,,,"     ",5.30,74.76,3.16
1771,554696681,"01771M08:18:32.451","01771 08:06:22",215.93,909.31,,,,"     ",5.30,74.53,3.15
1771,554696682,"01771M08:18:33.425","01771 08:06:23",215.96,909.30,,,,"     ",5.30,74.52,3.15
1771,554696683,"01771M08:18:34.398","01771 08:06:24",215.98,909.35,,,,"     ",5.30,75.10,3.17
1771,554696684,"01771M08:18:35.371","01771 08:06:25",216.01,909.39,,,,"     ",5.30,74.90,3.16
1771,554696685,"01771M08:18:36.344","01771 08:06:26",216.03,909.36,,,,"     ",5.30,74.85,3.16
1771,554696686,"01771M08:18:37.318","01771 08:06:27",216.04,909.32,,,,"     ",5.30,75.11,3.17
1771,554696687,"01771M08:18:38.291","01771 08:06:28",216.04,909.32,,,,"     ",5.30,75.08,3.16
1771,554696688,"01771M08:18:39.264","01771 08:06:29",216.02,909.36,,,,"     ",5.30,74.96,3.16
1771,554696689,"01771M08:18:40.237","01771 08:06:30",215.98,909.40,,,,"     ",5.30,74.22,3.13
1771,554696690,"01771M08:18:41.211","01771 08:06:31",215.94,909.36,,,,"     ",5.30,75.21,3.17
1771,554696691,"01771M08:18:42.184","01771 08:06:32",215.91,909.34,,,,"     ",5.30,75.06,3.16
1771,554696692,"01771M08:18:43.157","01771 08:06:33",216.08,909.29,,,,"     ",5.30,74.88,3.15
1771,554696693,"01771M08:18:44.130","01771 08:06:34",216.06,909.32,,,,"     ",5.30,75.04,3.15
1771,554696694,"01771M08:18:45.104","01771 08:06:35",216.03,909.28,,,,"     ",5.30,74.38,3.12
1771,554696695,"01771M08:18:46.077","01771 08:06:35",215.99,909.29,,,,"     ",5.30,74.78,3.14
1771,554696696,"01771M08:18:47.050","01771 08:06:36",215.94,909.31,,,,"     ",5.30,75.08,3.15
1771,554696697,"01771M08:18:48.023","01771 08:06:37",215.89,909.33,,,,"     ",5.30,74.69,3.13
1771,554696698,"01771M08:18:48.997","01771 08:06:38",215.84,909.32,,,,"     ",5.30,75.05,3.15
1771,554696699,"01771M08:18:49.970","01771 08:06:39",215.80,909.27,,,,"     ",5.30,75.43,3.16
1771,554696700,"01771M08:18:50.943","01771 08:06:40",215.76,909.26,,,,"     ",5.30,75.21,3.15
1771,554696701,"01771M08:18:51.916","01771 08:06:41",215.74,909.20,,,,"     ",5.30,75.42,3.16
1771,554696702,"01771M08:18:52.890","01771 08:06:42",215.73,909.30,,,,"     ",5.30,74.88,3.13
1771,554696703,"01771M08:18:53.863","01771 08:06:43",215.72,909.31,,,,"     ",5.30,74.79,3.13
1771,554696704,"01771M08:18:54.836","01771 08:06:44",215.72,909.35,,,,"     ",5.30,74.97,3.14
1771,554696705,"01771M08:18:55.809","01771 08:06:45",215.72,909.32,,,,"     ",5.30,75.73,3.17
1771,554696706,"01771M08:18:56.783","01771 08:06:46",215.71,909.36,,,,"     ",5.30,75.65,3.16
1771,554696707,"01771M08:18:57.756","01771 08:06:47",215.70,909.35,,,,"     ",5.30,75.02,3.14
1771,554696708,"01771M08:18:58.729","01771 08:06:48",215.69,909.33,,,,"     ",5.30,75.59,3.16
1771,554696709,"01771M08:18:59.702","01771 08:06:49",215.69,909.35,,,,"     ",5.30,75.32,3.15
1771,554696710,"01771M08:19:00.676","01771 08:06:50",215.68,909.41,,,,"     ",5.30,74.81,3.12
1771,554696711,"01771M08:19:01.649","01771 08:06:51",215.67,909.27,,,,"     ",5.30,75.54,3.15
1771,554696712,"01771M08:19:02.622","01771 08:06:52",215.66,909.28,,,,"     ",5.30,75.15,3.13
1771,554696713,"01771M08:19:03.596","01771 08:06:53",215.63,909.34,,,,"     ",5.30,75.48,3.15
1771,554696714,"01771M08:19:04.569","01771 08:06:54",215.60,909.35,,,,"     ",5.30,75.03,3.13
1771,554696715,"01771M08:19:05.542","01771 08:06:55",215.55,909.36,,,,"     ",5.30,75.52,3.15
1771,554696716,"01771M08:19:06.515","01771 08:06:56",215.49,909.32,,,,"     ",5.30,75.50,3.14
1771,554696717,"01771M08:19:07.489","01771 08:06:57",215.42,909.32,,,,"     ",5.30,75.29,3.13
1771,554696718,"01771M08:19:08.462","01771 08:06:58",215.36,909.34,,,,"     ",5.30,75.67,3.15
1771,554696719,"01771M08:19:09.435","01771 08:06:59",215.29,909.28,,,,"     ",5.30,75.35,3.13
1771,554696720,"01771M08:19:10.408","01771 08:07:00",215.23,909.29,,,,"     ",5.30,75.74,3.15
1771,554696721,"01771M08:19:11.382","01771 08:07:01",215.16,909.29,,,,"     ",5.30,75.79,3.15
1771,554696722,"01771M08:19:12.355","01771 08:07:02",215.10,909.28,,,,"     ",5.30,75.78,3.15
1771,554696723,"01771M08:19:13.328","01771 08:07:03",215.02,909.21,,,,"     ",5.30,76.53,3.18
1771,554696724,"01771M08:19:14.301","01771 08:07:04",214.95,909.26,,,,"     ",5.30,75.92,3.15
1771,554696725,"01771M08:19:15.275","01771 08:07:05",214.60,909.23,,,,"     ",5.30,75.99,3.15
1771,554696726,"01771M08:19:16.248","01771 08:07:06",214.52,909.28,,,,"     ",5.30,75.22,3.12
1771,554696727,"01771M08:19:17.221","01771 08:07:07",214.47,909.27,,,,"     ",5.30,75.39,3.12
1771,554696728,"01771M08:19:18.194","01771 08:07:08",214.42,909.36,,,,"     ",5.30,74.87,3.10
1771,554696729,"01771M08:19:19.168","01771 08:07:09",214.39,909.41,,,,"     ",5.30,75.34,3.12
1771,554696730,"01771M08:19:20.141","01771 08:07:10",214.34,909.25,,,,"     ",5.30,76.87,3.18
1771,554696731,"01771M08:19:21.114","01771 08:07:11",214.29,909.20,,,,"     ",5.30,75.75,3.13
1771,554696732,"01771M08:19:22.087","01771 08:07:12",214.22,909.29,,,,"     ",5.30,75.93,3.14
1771,554696733,"01771M08:19:23.061","01771 08:07:12",214.14,909.29,,,,"     ",5.30,75.41,3.12
1771,554696734,"01771M08:19:24.034","01771 08:07:13",214.07,909.34,,,,"     ",5.30,76.12,3.14
1771,554696735,"01771M08:19:25.007","01771 08:07:14",213.99,909.30,,,,"     ",5.30,76.63,3.16
1771,554696736,"01771M08:19:25.980","01771 08:07:15",213.92,909.33,,,,"     ",5.30,75.95,3.13
1771,554696737,"01771M08:19:26.954","01771 08:07:16",213.84,909.35,,,,"     ",5.30,76.26,3.14
1771,554696738,"01771M08:19:27.927","01771 08:07:17",213.78,909.32,,,,"     ",5.30,76.28,3.14
1771,554696739,"01771M08:19:28.900","01771 08:07:18",213.73,909.34,,,,"     ",5.30,75.79,3.12
1771,554696740,"01771M08:19:29.873","01771 08:07:19",213.68,909.26,,,,"     ",5.30,76.08,3.13
1771,554696741,"01771M08:19:30.847","01771 08:07:20",213.63,909.34,,,,"     ",5.30,75.65,3.11
1771,554696742,"01771M08:19:31.820","01771 08:07:21",213.58,909.29,,,,"     ",5.30,76.17,3.13
1771,554696743,"01771M08:19:32.793","01771 08:07:22",213.52,909.32,,,,"     ",5.30,75.74,3.11
1771,554696744,"01771M08:19:33.766","01771 08:07:23",213.46,909.25,,,,"     ",5.30,76.14,3.13
1771,554696745,"01771M08:19:34.740","01771 08:07:24",213.41,909.29,,,,"     ",5.30,76.00,3.12
1771,554696746,"01771M08:19:35.713","01771 08:07:25",213.37,909.29,,,,"     ",5.30,76.06,3.12
1771,554696747,"01771M08:19:36.686","01771 08:07:26",213.35,909.29,,,,"     ",5.30,76.82,3.15
1771,554696748,"01771M08:19:37.659","01771 08:07:27",213.32,909.32,,,,"     ",5.30,76.22,3.13
1771,554696749,"01771M08:19:38.633","01771 08:07:28",213.31,909.29,,,,"     ",5.30,76.02,3.12
1771,554696750,"01771M08:19:39.606","01771 08:07:29",213.29,909.27,,,,"     ",5.30,77.29,3.17
1771,554696751,"01771M08:19:40.579","01771 08:07:30",213.29,909.24,,,,"     ",5.30,76.86,3.15
1771,554696752,"01771M08:19:41.552","01771 08:07:31",213.30,909.25,,,,"     ",5.30,76.37,3.13
1771,554696753,"01771M08:19:42.526","01771 08:07:32",213.32,909.23,,,,"     ",5.30,76.35,3.12
1771,554696754,"01771M08:19:43.499","01771 08:07:33",213.34,909.21,,,,"     ",5.30,75.52,3.09
1771,554696755,"01771M08:19:44.472","01771 08:07:34",213.38,909.30,,,,"     ",5.30,76.54,3.13
1771,554696756,"01771M08:19:45.445","01771 08:07:35",213.42,909.31,,,,"     ",5.30,76.64,3.13
1771,554696757,"01771M08:19:46.419","01771 08:07:36",213.46,909.30,,,,"     ",5.30,76.65,3.13
1771,554696758,"01771M08:19:47.392","01771 08:07:37",213.51,909.28,,,,"     ",5.30,76.11,3.11
1771,554696759,"01771M08:19:48.365","01771 08:07:38",213.56,909.31,,,,"     ",5.30,76.35,3.12
1771,554696760,"01771M08:19:49.338","01771 08:07:39",213.61,909.16,,,,"     ",5.30,76.91,3.14
1771,554696761,"01771M08:19:50.312","01771 08:07:40",213.65,909.26,,,,"     ",5.30,76.15,3.10
1771,554696762,"01771M08:19:51.285","01771 08:07:41",213.68,909.27,,,,"     ",5.30,76.68,3.13
1771,554696763,"01771M08:19:52.258","01771 08:07:42",213.70,909.23,,,,"     ",5.30,76.98,3.14
1771,554696764,"01771M08:19:53.231","01771 08:07:43",213.71,909.29,,,,"     ",5.30,76.74,3.13
1771,554696765,"01771M08:19:54.205","01771 08:07:44",213.71,909.20,,,,"     ",5.30,77.00,3.13
1771,554696766,"01771M08:19:55.178","01771 08:07:45",213.72,909.24,,,,"     ",5.30,76.80,3.12
1771,554696767,"01771M08:19:56.151","01771 08:07:46",213.72,909.28,,,,"     ",5.30,76.94,3.13
1771,554696768,"01771M08:19:57.124","01771 08:07:47",213.71,909.35,,,,"     ",5.30,76.65,3.11
1771,554696769,"01771M08:19:58.098","01771 08:07:48",213.68,909.31,,,,"     ",5.30,77.18,3.13
1771,554696770,"01771M08:19:59.071","01771 08:07:49",213.64,909.27,,,,"     ",5.30,76.57,3.11
1771,554696771,"01771M08:20:00.044","01771 08:07:49",213.59,909.25,,,,"     ",5.30,77.14,3.13
1771,554696772,"01771M08:20:01.017","01771 08:07:50",213.54,909.15,,,,"     ",5.30,76.63,3.11
1771,554696773,"01771M08:20:01.991","01771 08:07:51",213.48,909.27,,,,"     ",5.30,77.07,3.12
1771,554696774,"01771M08:20:02.964","01771 08:07:52",213.43,909.25,,,,"     ",5.30,77.08,3.12
1771,554696775,"01771M08:20:03.937","01771 08:07:53",213.38,909.26,,,,"     ",5.30,76.96,3.12
1771,554696776,"01771M08:20:04.910","01771 08:07:54",213.34,909.22,,,,"     ",5.30,77.37,3.13
1771,554696777,"01771M08:20:05.884","01771 08:07:55",213.31,909.26,,,,"     ",5.30,76.86,3.11
1771,554696778,"01771M08:20:06.857","01771 08:07:56",213.29,909.23,,,,"     ",5.30,77.26,3.13
1771,554696779,"01771M08:20:07.830","01771 08:07:57",213.29,909.28,,,,"     ",5.30,77.45,3.13
1771,554696780,"01771M08:20:08.803","01771 08:07:58",213.29,909.24,,,,"     ",5.30,77.05,3.11
1771,554696781,"01771M08:20:09.777","01771 08:07:59",213.28,909.25,,,,"     ",5.30,76.76,3.10
1771,554696782,"01771M08:20:10.750","01771 08:08:00",213.27,909.21,,,,"     ",5.30,77.25,3.12
1771,554696783,"01771M08:20:11.723","01771 08:08:01",213.25,909.25,,,,"     ",5.30,77.53,3.13
1771,554696784,"01771M08:20:12.697","01771 08:08:02",213.23,909.25,,,,"     ",5.30,77.25,3.12
1771,554696785,"01771M08:20:13.670","01771 08:08:03",213.21,909.25,,,,"     ",5.30,77.09,3.11
1771,554696786,"01771M08:20:14.643","01771 08:08:04",213.19,909.26,,,,"     ",5.30,77.35,3.12
1771,554696787,"01771M08:20:15.616","01771 08:08:05",213.17,909.29,,,,"     ",5.30,77.17,3.11
1771,554696788,"01771M08:20:16.590","01771 08:08:06",213.15,909.32,,,,"     ",5.30,76.86,3.10
1771,554696789,"01771M08:20:17.563","01771 08:08:07",213.14,909.28,,,,"     ",5.30,77.33,3.12
1771,554696790,"01771M08:20:18.536","01771 08:08:08",213.13,909.23,,,,"     ",5.30,77.17,3.11
1771,554696791,"01771M08:20:19.509","01771 08:08:09",213.11,909.18,,,,"     ",5.30,76.83,3.09
1771,554696792,"01771M08:20:20.483","01771 08:08:10",213.10,909.20,,,,"     ",5.30,76.51,3.08
1771,554696793,"01771M08:20:21.456","01771 08:08:11",213.09,909.22,,,,"     ",5.30,76.93,3.10
1771,554696794,"01771M08:20:22.429","01771 08:08:12",213.09,909.16,,,,"     ",5.30,77.01,3.10
1771,554696795,"01771M08:20:23.402","01771 08:08:13",213.09,909.23,,,,"     ",5.30,77.29,3.11
1771,554696796,"01771M08:20:24.376","01771 08:08:14",213.12,909.22,,,,"     ",5.30,77.25,3.11
1771,554696797,"01771M08:20:25.349","01771 08:08:15",213.15,909.24,,,,"     ",5.30,76.89,3.09
1771,554696798,"01771M08:20:26.322","01771 08:08:16",213.21,909.19,,,,"     ",5.30,77.16,3.10
1771,554696799,"01771M08:20:27.295","01771 08:08:17",213.28,909.25,,,,"     ",5.30,77.51,3.11
1771,554696800,"01771M08:20:28.269","01771 08:08:18",213.37,909.21,,,,"     ",5.30,77.33,3.11
1771,554696801,"01771M08:20:29.242","01771 08:08:19",213.47,909.17,,,,"     ",5.30,76.70,3.08
1771,554696802,"01771M08:20:30.215","01771 08:08:20",213.56,909.13,,,,"     ",5.30,77.65,3.12
1771,554696803,"01771M08:20:31.188","01771 08:08:21",213.67,909.08,,,,"     ",5.30,77.99,3.13
1771,554696804,"01771M08:20:32.162","01771 08:08:22",213.78,909.15,,,,"     ",5.30,76.55,3.07
1771,554696805,"01771M08:20:33.135","01771 08:08:23",213.89,909.12,,,,"     ",5.30,77.87,3.12
1771,554696806,"01771M08:20:34.108","01771 08:08:24",213.98,909.21,,,,"     ",5.30,77.29,3.10
1771,554696807,"01771M08:20:35.081","01771 08:08:25",214.05,909.20,,,,"     ",5.30,77.84,3.12
1771,554696808,"01771M08:20:36.055","01771 08:08:25",214.08,909.23,,,,"     ",5.30,77.16,3.09
1771,554696809,"01771M08:20:37.028","01771 08:08:26",214.10,909.27,,,,"     ",5.30,78.21,3.13
1771,554696810,"01771M08:20:38.001","01771 08:08:27",214.09,909.23,,,,"     ",5.30,77.43,3.10
1771,554696811,"01771M08:20:38.974","01771 08:08:28",214.06,909.21,,,,"     ",5.30,77.50,3.10
1771,554696812,"01771M08:20:39.948","01771 08:08:29",214.02,909.13,,,,"     ",5.30,77.77,3.11
1771,554696813,"01771M08:20:40.921","01771 08:08:30",213.98,909.22,,,,"     ",5.30,77.20,3.08
1771,554696814,"01771M08:20:41.894","01771 08:08:31",213.96,909.31,,,,"     ",5.30,77.83,3.11
1771,554696815,"01771M08:20:42.867","01771 08:08:32",213.95,909.23,,,,"     ",5.30,77.44,3.09
1771,554696816,"01771M08:20:43.841","01771 08:08:33",213.97,909.20,,,,"     ",5.30,77.30,3.08
1771,554696817,"01771M08:20:44.814","01771 08:08:34",214.00,909.20,,,,"     ",5.30,77.78,3.10
1771,554696818,"01771M08:20:45.787","01771 08:08:35",214.04,909.15,,,,"     ",5.30,77.33,3.08
1771,554696819,"01771M08:20:46.760","01771 08:08:36",214.09,909.24,,,,"     ",5.30,77.53,3.09
1771,554696820,"01771M08:20:47.734","01771 08:08:37",214.14,909.20,,,,"     ",5.30,78.09,3.11
1771,554696821,"01771M08:20:48.707","01771 08:08:38",214.19,909.20,,,,"     ",5.30,78.15,3.11
1771,554696822,"01771M08:20:49.680","01771 08:08:39",214.24,909.17,,,,"     ",5.30,77.91,3.10
1771,554696823,"01771M08:20:50.653","01771 08:08:40",214.27,909.21,,,,"     ",5.30,78.26,3.11
1771,554696824,"01771M08:20:51.627","01771 08:08:41",214.31,909.24,,,,"     ",5.30,78.25,3.11
1771,554696825,"01771M08:20:52.600","01771 08:08:42",214.33,909.29,,,,"     ",5.30,77.75,3.09
1771,554696826,"01771M08:20:53.573","01771 08:08:43",214.32,909.23,,,,"     ",5.30,78.14,3.10
1771,554696827,"01771M08:20:54.546","01771 08:08:44",214.31,909.18,,,,"     ",5.30,78.10,3.10
1771,554696828,"01771M08:20:55.520","01771 08:08:45",214.28,909.17,,,,"     ",5.30,78.16,3.10
1771,554696829,"01771M08:20:56.493","01771 08:08:46",214.24,909.20,,,,"     ",5.30,78.28,3.10
1771,554696830,"01771M08:20:57.466","01771 08:08:47",214.19,909.27,,,,"     ",5.30,77.93,3.09
1771,554696831,"01771M08:20:58.439","01771 08:08:48",214.13,909.19,,,,"     ",5.30,77.95,3.09
1771,554696832,"01771M08:20:59.413","01771 08:08:49",214.07,909.20,,,,"     ",5.30,77.99,3.09
1771,554696833,"01771M08:21:00.386","01771 08:08:50",214.00,909.24,,,,"     ",5.30,78.84,3.12
1771,554696834,"01771M08:21:01.359","01771 08:08:51",213.93,909.20,,,,"     ",5.30,77.78,3.08
1771,554696835,"01771M08:21:02.332","01771 08:08:52",213.87,909.21,,,,"     ",5.30,78.30,3.10
1771,554696836,"01771M08:21:03.306","01771 08:08:53",213.82,909.15,,,,"     ",5.30,77.81,3.07
1771,554696837,"01771M08:21:04.279","01771 08:08:54",213.78,909.24,,,,"     ",5.30,77.97,3.08
1771,554696838,"01771M08:21:05.252","01771 08:08:55",213.76,909.31,,,,"     ",5.30,78.39,3.09
1771,554696839,"01771M08:21:06.225","01771 08:08:56",213.74,909.35,,,,"     ",5.30,78.38,3.09
1771,554696840,"01771M08:21:07.199","01771 08:08:57",213.75,909.23,,,,"     ",5.30,78.97,3.11
1771,554696841,"01771M08:21:08.172","01771 08:08:58",213.76,909.25,,,,"     ",5.30,78.21,3.08
1771,554696842,"01771M08:21:09.145","01771 08:08:59",213.80,909.25,,,,"     ",5.30,78.44,3.09
1771,554696843,"01771M08:21:10.118","01771 08:09:00",213.82,909.20,,,,"     ",5.30,78.68,3.10
1771,554696844,"01771M08:21:11.092","01771 08:09:01",213.81,909.14,,,,"     ",5.30,78.21,3.08
1771,554696845,"01771M08:21:12.065","01771 08:09:02",213.80,909.18,,,,"     ",5.30,78.13,3.07
1771,554696846,"01771M08:21:13.038","01771 08:09:02",213.77,909.17,,,,"     ",5.30,78.29,3.08
1771,554696847,"01771M08:21:14.011","01771 08:09:03",213.74,909.22,,,,"     ",5.30,79.10,3.11
1771,554696848,"01771M08:21:14.985","01771 08:09:04",213.69,909.25,,,,"     ",5.30,78.11,3.07
1771,554696849,"01771M08:21:15.958","01771 08:09:05",213.64,909.18,,,,"     ",5.30,78.54,3.09
1771,554696850,"01771M08:21:16.931","01771 08:09:06",213.58,909.16,,,,"     ",5.30,78.21,3.07
1771,554696851,"01771M08:21:17.904","01771 08:09:07",213.50,909.16,,,,"     ",5.30,77.93,3.06
1771,554696852,"01771M08:21:18.878","01771 08:09:08",213.42,909.19,,,,"     ",5.30,78.06,3.06
1771,554696853,"01771M08:21:19.851","01771 08:09:09",213.33,909.10,,,,"     ",5.30,78.36,3.07
1771,554696854,"01771M08:21:20.824","01771 08:09:10",213.22,909.17,,,,"     ",5.30,78.77,3.09
1771,554696855,"01771M08:21:21.798","01771 08:09:11",213.84,909.14,,,,"     ",5.30,79.16,3.10
1771,554696856,"01771M08:21:22.771","01771 08:09:12",214.19,909.16,,,,"     ",5.30,79.10,3.10
1771,554696857,"01771M08:21:23.744","01771 08:09:13",214.14,909.12,,,,"     ",5.30,78.53,3.08
1771,554696858,"01771M08:21:24.717","01771 08:09:14",214.10,909.19,,,,"     ",5.30,78.29,3.07
1771,554696859,"01771M08:21:25.691","01771 08:09:15",214.07,909.15,,,,"     ",5.30,78.28,3.07
1771,554696860,"01771M08:21:26.664","01771 08:09:16",214.06,909.14,,,,"     ",5.30,78.70,3.08
1771,554696861,"01771M08:21:27.637","01771 08:09:17",214.06,909.11,,,,"     ",5.30,78.54,3.07
1771,554696862,"01771M08:21:28.610","01771 08:09:18",214.08,909.15,,,,"     ",5.30,78.09,3.05
1771,554696863,"01771M08:21:29.584","01771 08:09:19",214.10,909.13,,,,"     ",5.30,78.67,3.08
1771,554696864,"01771M08:21:30.557","01771 08:09:20",214.14,909.15,,,,"     ",5.30,78.79,3.08
1771,554696865,"01771M08:21:31.530","01771 08:09:21",214.19,909.18,,,,"     ",5.30,79.39,3.10
1771,554696866,"01771M08:21:32.503","01771 08:09:22",214.25,909.19,,,,"     ",5.30,78.85,3.08
1771,554696867,"01771M08:21:33.477","01771 08:09:23",214.32,909.18,,,,"     ",5.30,78.95,3.08
1771,554696868,"01771M08:21:34.450","01771 08:09:24",214.40,909.17,,,,"     ",5.30,78.95,3.08
1771,554696869,"01771M08:21:35.423","01771 08:09:25",214.89,909.16,,,,"     ",5.30,78.05,3.04
1771,554696870,"01771M08:21:36.396","01771 08:09:26",214.99,909.19,,,,"     ",5.30,78.42,3.06
1771,554696871,"01771M08:21:37.370","01771 08:09:27",215.10,909.18,,,,"     ",5.30,79.04,3.08
1771,554696872,"01771M08:21:38.343","01771 08:09:28",215.19,909.13,,,,"     ",5.30,78.82,3.07
1771,554696873,"01771M08:21:39.316","01771 08:09:29",215.26,909.14,,,,"     ",5.30,78.35,3.05
1771,554696874,"01771M08:21:40.289","01771 08:09:30",215.31,909.18,,,,"     ",5.30,78.82,3.07
1771,554696875,"01771M08:21:41.263","01771 08:09:31",215.33,909.21,,,,"     ",5.30,79.86,3.11
1771,554696876,"01771M08:21:42.236","01771 08:09:32",215.32,909.22,,,,"     ",5.30,78.63,3.05
1771,554696877,"01771M08:21:43.209","01771 08:09:33",215.29,909.15,,,,"     ",5.30,78.73,3.06
1771,554696878,"01771M08:21:44.182","01771 08:09:34",215.24,909.09,,,,"     ",5.30,79.38,3.08
1771,554696879,"01771M08:21:45.156","01771 08:09:35",215.19,909.13,,,,"     ",5.30,78.52,3.05
1771,554696880,"01771M08:21:46.129","01771 08:09:36",215.14,909.11,,,,"     ",5.30,79.25,3.07
1771,554696881,"01771M08:21:47.102","01771 08:09:37",215.09,909.08,,,,"     ",5.30,78.95,3.06
1771,554696882,"01771M08:21:48.075","01771 08:09:38",215.06,909.12,,,,"     ",5.30,79.09,3.06
1771,554696883,"01771M08:21:49.049","01771 08:09:39",215.04,909.02,,,,"     ",5.30,79.08,3.06
1771,554696884,"01771M08:21:50.022","01771 08:09:39",215.04,909.12,,,,"     ",5.30,79.70,3.08
1771,554696885,"01771M08:21:50.995","01771 08:09:40",215.05,909.11,,,,"     ",5.30,79.01,3.05
1771,554696886,"01771M08:21:51.968","01771 08:09:41",215.08,909.16,,,,"     ",5.30,78.94,3.05
1771,554696887,"01771M08:21:52.942","01771 08:09:42",215.12,909.15,,,,"     ",5.30,79.25,3.06
1771,554696888,"01771M08:21:53.915","01771 08:09:43",215.16,909.13,,,,"     ",5.30,79.53,3.07
1771,554696889,"01771M08:21:54.888","01771 08:09:44",215.20,909.18,,,,"     ",5.30,79.64,3.07
1771,554696890,"01771M08:21:55.861","01771 08:09:45",215.25,909.05,,,,"     ",5.30,79.38,3.06
1771,554696891,"01771M08:21:56.835","01771 08:09:46",215.31,909.17,,,,"     ",5.30,79.78,3.07
1771,554696892,"01771M08:21:57.808","01771 08:09:47",215.36,909.12,,,,"     ",5.30,79.42,3.06
1771,554696893,"01771M08:21:58.781","01771 08:09:48",215.43,909.19,,,,"     ",5.30,79.50,3.06
1771,554696894,"01771M08:21:59.754","01771 08:09:49",215.49,909.18,,,,"     ",5.30,79.34,3.05
1771,554696895,"01771M08:22:00.728","01771 08:09:50",215.56,909.15,,,,"     ",5.30,79.48,3.05
1771,554696896,"01771M08:22:01.701","01771 08:09:51",215.63,909.18,,,,"     ",5.30,79.96,3.07
1771,554696897,"01771M08:22:02.674","01771 08:09:52",215.70,909.12,,,,"     ",5.30,79.85,3.06
1771,554696898,"01771M08:22:03.647","01771 08:09:53",215.77,909.15,,,,"     ",5.30,80.06,3.07
1771,554696899,"01771M08:22:04.621","01771 08:09:54",215.84,909.13,,,,"     ",5.30,79.77,3.06
1771,554696900,"01771M08:22:05.594","01771 08:09:55",215.89,909.16,,,,"     ",5.30,79.48,3.04
1771,554696901,"01771M08:22:06.567","01771 08:09:56",215.92,909.09,,,,"     ",5.30,80.32,3.08
1771,554696902,"01771M08:22:07.540","01771 08:09:57",215.93,909.07,,,,"     ",5.30,80.30,3.07
1771,554696903,"01771M08:22:08.514","01771 08:09:58",215.93,909.13,,,,"     ",5.30,79.47,3.04
1771,554696904,"01771M08:22:09.487","01771 08:09:59",215.91,909.07,,,,"     ",5.30,80.07,3.06
1771,554696905,"01771M08:22:10.460","01771 08:10:00",215.88,909.15,,,,"     ",5.30,79.96,3.05
1771,554696906,"01771M08:22:11.433","01771 08:10:01",215.84,909.09,,,,"     ",5.30,79.71,3.04
1771,554696907,"01771M08:22:12.407","01771 08:10:02",215.82,909.16,,,,"     ",5.30,80.02,3.05
1771,554696908,"01771M08:22:13.380","01771 08:10:03",215.80,909.09,,,,"     ",5.30,80.08,3.05
1771,554696909,"01771M08:22:14.353","01771 08:10:04",215.80,909.15,,,,"     ",5.30,80.33,3.06
1771,554696910,"01771M08:22:15.326","01771 08:10:05",215.81,909.15,,,,"     ",5.30,80.36,3.06
1771,554696911,"01771M08:22:16.300","01771 08:10:06",215.84,909.09,,,,"     ",5.30,80.15,3.05
1771,554696912,"01771M08:22:17.273","01771 08:10:07",215.88,909.09,,,,"     ",5.30,80.53,3.06
1771,554696913,"01771M08:22:18.246","01771 08:10:08",215.94,909.17,,,,"     ",5.30,80.00,3.04
1771,554696914,"01771M08:22:19.219","01771 08:10:09",216.01,909.11,,,,"     ",5.30,80.13,3.04
1771,554696915,"01771M08:22:20.193","01771 08:10:10",216.09,909.15,,,,"     ",5.30,80.09,3.04
1771,554696916,"01771M08:22:21.166","01771 08:10:11",216.17,909.13,,,,"     ",5.30,80.10,3.04
1771,554696917,"01771M08:22:22.139","01771 08:10:12",216.25,909.09,,,,"     ",5.30,80.52,3.05
1771,554696918,"01771M08:22:23.112","01771 08:10:13",216.33,909.08,,,,"     ",5.30,80.74,3.06
1771,554696919,"01771M08:22:24.086","01771 08:10:14",216.39,909.06,,,,"     ",5.30,80.18,3.03
1771,554696920,"01771M08:22:25.059","01771 08:10:15",216.44,909.02,,,,"     ",5.30,80.84,3.06
1771,554696921,"01771M08:22:26.032","01771 08:10:16",216.48,909.07,,,,"     ",5.30,80.56,3.05
1771,554696922,"01771M08:22:27.005","01771 08:10:16",216.51,909.07,,,,"     ",5.30,80.23,3.03
1771,554696923,"01771M08:22:27.979","01771 08:10:17",216.53,909.05,,,,"     ",5.30,80.33,3.03
1771,554696924,"01771M08:22:28.952","01771 08:10:18",216.55,909.09,,,,"     ",5.30,80.87,3.05
1771,554696925,"01771M08:22:29.925","01771 08:10:19",216.54,909.02,,,,"     ",5.30,80.86,3.05
1771,554696926,"01771M08:22:30.898","01771 08:10:20",216.51,909.09,,,,"     ",5.30,80.92,3.05
1771,554696927,"01771M08:22:31.872","01771 08:10:21",216.46,909.10,,,,"     ",5.30,80.95,3.05
1771,554696928,"01771M08:22:32.845","01771 08:10:22",216.40,908.97,,,,"     ",5.30,80.86,3.04
1771,554696929,"01771M08:22:33.818","01771 08:10:23",216.32,909.10,,,,"     ",5.30,80.95,3.04
1771,554696930,"01771M08:22:34.792","01771 08:10:24",216.24,909.10,,,,"     ",5.30,80.86,3.04
1771,554696931,"01771M08:22:35.765","01771 08:10:25",216.16,909.07,,,,"     ",5.30,80.66,3.03
1771,554696932,"01771M08:22:36.738","01771 08:10:26",216.09,909.12,,,,"     ",5.30,80.69,3.03
1771,554696933,"01771M08:22:37.711","01771 08:10:27",216.02,908.95,,,,"     ",5.30,80.79,3.03
1771,554696934,"01771M08:22:38.685","01771 08:10:28",215.97,909.06,,,,"     ",5.30,81.23,3.05
1771,554696935,"01771M08:22:39.658","01771 08:10:29",215.94,909.01,,,,"     ",5.30,81.16,3.04
1771,554696936,"01771M08:22:40.631","01771 08:10:30",215.91,909.04,,,,"     ",5.30,80.56,3.02
1771,554696937,"01771M08:22:41.604","01771 08:10:31",215.91,909.15,,,,"     ",5.30,80.65,3.02
1771,554696938,"01771M08:22:42.578","01771 08:10:32",215.93,909.17,,,,"     ",5.30,80.56,3.01
1771,554696939,"01771M08:22:43.551","01771 08:10:33",215.98,909.14,,,,"     ",5.30,81.09,3.03
1771,554696940,"01771M08:22:44.524","01771 08:10:34",216.03,909.11,,,,"     ",5.30,81.00,3.03
1771,554696941,"01771M08:22:45.497","01771 08:10:35",216.09,909.13,,,,"     ",5.30,81.28,3.04
1771,554696942,"01771M08:22:46.471","01771 08:10:36",216.14,909.15,,,,"     ",5.30,80.63,3.01
1771,554696943,"01771M08:22:47.444","01771 08:10:37",216.19,909.06,,,,"     ",5.30,81.36,3.04
1771,554696944,"01771M08:22:48.417","01771 08:10:38",216.23,909.05,,,,"     ",5.30,81.68,3.05
1771,554696945,"01771M08:22:49.390","01771 08:10:39",216.26,909.11,,,,"     ",5.30,81.27,3.03
1771,554696946,"01771M08:22:50.364","01771 08:10:40",216.29,909.07,,,,"     ",5.30,81.30,3.03
1771,554696947,"01771M08:22:51.337","01771 08:10:41",216.32,909.11,,,,"     ",5.30,80.97,3.02
1771,554696948,"01771M08:22:52.310","01771 08:10:42",216.37,909.11,,,,"     ",5.30,80.64,3.00
1771,554696949,"01771M08:22:53.283","01771 08:10:43",216.43,909.11,,,,"     ",5.30,80.95,3.01
1771,554696950,"01771M08:22:54.257","01771 08:10:44",216.49,908.98,,,,"     ",5.30,80.86,3.01
1771,554696951,"01771M08:22:55.230","01771 08:10:45",216.55,909.08,,,,"     ",5.30,81.52,3.03
1771,554696952,"01771M08:22:56.203","01771 08:10:46",216.60,909.08,,,,"     ",5.30,81.39,3.03
1771,554696953,"01771M08:22:57.176","01771 08:10:47",216.66,909.09,,,,"     ",5.30,81.40,3.03
1771,554696954,"01771M08:22:58.150","01771 08:10:48",216.60,909.06,,,,"     ",5.30,81.34,3.03
1771,554696955,"01771M08:22:59.123","01771 08:10:49",216.54,909.06,,,,"     ",5.30,81.41,3.03
1771,554696956,"01771M08:23:00.096","01771 08:10:50",216.49,909.07,,,,"     ",5.30,81.47,3.03
1771,554696957,"01771M08:23:01.069","01771 08:10:51",216.45,909.09,,,,"     ",5.30,81.23,3.02
1771,554696958,"01771M08:23:02.043","01771 08:10:52",216.41,909.07,,,,"     ",5.30,81.38,3.02
1771,554696959,"01771M08:23:03.016","01771 08:10:52",216.38,909.10,,,,"     ",5.30,80.93,3.01
1771,554696960,"01771M08:23:03.989","01771 08:10:53",216.36,909.04,,,,"     ",5.30,81.96,3.04
1771,554696961,"01771M08:23:04.962","01771 08:10:54",216.36,909.10,,,,"     ",5.30,81.07,3.01
1771,554696962,"01771M08:23:05.936","01771 08:10:55",216.36,909.04,,,,"     ",5.30,81.70,3.03
1771,554696963,"01771M08:23:06.909","01771 08:10:56",216.37,909.08,,,,"     ",5.30,81.17,3.01
1771,554696964,"01771M08:23:07.882","01771 08:10:57",216.40,909.01,,,,"     ",5.30,81.56,3.02
1771,554696965,"01771M08:23:08.855","01771 08:10:58",216.42,909.03,,,,"     ",5.30,81.25,3.01
1771,554696966,"01771M08:23:09.829","01771 08:10:59",216.44,909.12,,,,"     ",5.30,81.66,3.03
1771,554696967,"01771M08:23:10.802","01771 08:11:00",216.47,909.14,,,,"     ",5.30,80.18,2.97
1771,554696968,"01771M08:23:11.775","01771 08:11:01",216.50,909.06,,,,"     ",5.30,81.13,3.00
1771,554696969,"01771M08:23:12.748","01771 08:11:02",216.53,909.11,,,,"     ",5.30,80.63,2.99
1771,554696970,"01771M08:23:13.722","01771 08:11:03",216.56,909.12,,,,"     ",5.30,81.59,3.02
1771,554696971,"01771M08:23:14.695","01771 08:11:04",216.59,908.98,,,,"     ",5.30,81.37,3.01
1771,554696972,"01771M08:23:15.668","01771 08:11:05",216.61,908.98,,,,"     ",5.30,81.71,3.02
1771,554696973,"01771M08:23:16.641","01771 08:11:06",216.64,909.02,,,,"     ",5.30,81.55,3.02
1771,554696974,"01771M08:23:17.615","01771 08:11:07",216.66,908.99,,,,"     ",5.30,81.74,3.02
1771,554696975,"01771M08:23:18.588","01771 08:11:08",216.69,909.09,,,,"     ",5.30,81.63,3.02
1771,554696976,"01771M08:23:19.561","01771 08:11:09",216.72,909.01,,,,"     ",5.30,81.27,3.00
1771,554696977,"01771M08:23:20.534","01771 08:11:10",216.75,908.98,,,,"     ",5.30,81.41,3.01
1771,554696978,"01771M08:23:21.508","01771 08:11:11",216.77,909.06,,,,"     ",5.30,81.64,3.01
1771,554696979,"01771M08:23:22.481","01771 08:11:12",216.78,909.07,,,,"     ",5.30,81.69,3.02
1771,554696980,"01771M08:23:23.454","01771 08:11:13",216.79,909.08,,,,"     ",5.30,81.55,3.01
1771,554696981,"01771M08:23:24.427","01771 08:11:14",216.79,908.94,,,,"     ",5.30,81.89,3.02
1771,554696982,"01771M08:23:25.401","01771 08:11:15",216.78,909.00,,,,"     ",5.30,82.03,3.02
1771,554696983,"01771M08:23:26.374","01771 08:11:16",216.76,908.99,,,,"     ",5.30,81.82,3.01
1771,554696984,"01771M08:23:27.347","01771 08:11:17",216.74,908.96,,,,"     ",5.30,82.22,3.03
1771,554696985,"01771M08:23:28.320","01771 08:11:18",216.72,908.89,,,,"     ",5.30,82.43,3.03
1771,554696986,"01771M08:23:29.294","01771 08:11:19",216.71,908.98,,,,"     ",5.30,82.23,3.03
1771,554696987,"01771M08:23:30.267","01771 08:11:20",216.69,908.91,,,,"     ",5.30,81.97,3.01
1771,554696988,"01771M08:23:31.240","01771 08:11:21",216.68,908.95,,,,"     ",5.30,82.36,3.03
1771,554696989,"01771M08:23:32.213","01771 08:11:22",216.68,908.93,,,,"     ",5.30,81.72,3.00
1771,554696990,"01771M08:23:33.187","01771 08:11:23",216.68,908.96,,,,"     ",5.30,82.57,3.03
1771,554696991,"01771M08:23:34.160","01771 08:11:24",216.70,909.02,,,,"     ",5.30,81.99,3.01
1771,554696992,"01771M08:23:35.133","01771 08:11:25",216.73,908.96,,,,"     ",5.30,81.79,3.00
1771,554696993,"01771M08:23:36.106","01771 08:11:26",216.77,908.99,,,,"     ",5.30,81.47,2.99
1771,554696994,"01771M08:23:37.080","01771 08:11:27",216.81,909.06,,,,"     ",5.30,82.35,3.02
1771,554696995,"01771M08:23:38.053","01771 08:11:28",216.87,909.05,,,,"     ",5.30,82.71,3.03
1771,554696996,"01771M08:23:39.026","01771 08:11:29",216.92,909.01,,,,"     ",5.30,81.95,3.00
1771,554696997,"01771M08:23:39.999","01771 08:11:29",216.99,908.97,,,,"     ",5.30,82.55,3.02
1771,554696998,"01771M08:23:40.973","01771 08:11:30",217.05,909.05,,,,"     ",5.30,82.01,3.00
1771,554696999,"01771M08:23:41.946","01771 08:11:31",217.11,909.09,,,,"     ",5.30,82.39,3.01
1771,554697000,"01771M08:23:42.919","01771 08:11:32",217.16,908.99,,,,"     ",5.30,82.94,3.03
1771,554697001,"01771M08:23:43.893","01771 08:11:33",217.21,909.03,,,,"     ",5.30,82.13,3.00
1771,554697002,"01771M08:23:44.866","01771 08:11:34",217.25,909.00,,,,"     ",5.30,83.08,3.03
1771,554697003,"01771M08:23:45.839","01771 08:11:35",217.29,908.89,,,,"     ",5.30,83.05,3.03
1771,554697004,"01771M08:23:46.812","01771 08:11:36",217.32,908.90,,,,"     ",5.30,81.85,2.98
1771,554697005,"01771M08:23:47.786","01771 08:11:37",217.34,908.90,,,,"     ",5.30,83.04,3.03
1771,554697006,"01771M08:23:48.759","01771 08:11:38",217.36,908.87,,,,"     ",5.30,83.17,3.03
1771,554697007,"01771M08:23:49.732","01771 08:11:39",217.37,908.85,,,,"     ",5.30,82.48,3.00
1771,554697008,"01771M08:23:50.705","01771 08:11:40",217.37,908.88,,,,"     ",5.30,82.31,3.00
1771,554697009,"01771M08:23:51.679","01771 08:11:41",217.38,908.93,,,,"     ",5.30,82.29,2.99
1771,554697010,"01771M08:23:52.652","01771 08:11:42",217.39,908.92,,,,"     ",5.30,82.91,3.01
1771,554697011,"01771M08:23:53.625","01771 08:11:43",217.40,908.96,,,,"     ",5.30,83.36,3.03
1771,554697012,"01771M08:23:54.598","01771 08:11:44",217.42,908.92,,,,"     ",5.30,83.12,3.02
1771,554697013,"01771M08:23:55.572","01771 08:11:45",217.44,909.00,,,,"     ",5.30,83.33,3.03
1771,554697014,"01771M08:23:56.545","01771 08:11:46",217.46,908.94,,,,"     ",5.30,82.47,2.99
1771,554697015,"01771M08:23:57.518","01771 08:11:47",217.48,908.98,,,,"     ",5.30,83.12,3.01
1771,554697016,"01771M08:23:58.491","01771 08:11:48",217.49,908.98,,,,"     ",5.30,82.10,2.97
1771,554697017,"01771M08:23:59.465","01771 08:11:49",217.50,908.94,,,,"     ",5.30,82.90,3.00
1771,554697018,"01771M08:24:00.438","01771 08:11:50",217.50,908.94,,,,"     ",5.30,83.18,3.01
1771,554697019,"01771M08:24:01.411","01771 08:11:51",217.50,908.93,,,,"     ",5.30,83.05,3.00
1771,554697020,"01771M08:24:02.384","01771 08:11:52",217.49,908.90,,,,"     ",5.30,82.94,3.00
1771,554697021,"01771M08:24:03.358","01771 08:11:53",217.48,908.80,,,,"     ",5.30,83.02,3.00
1771,554697022,"01771M08:24:04.331","01771 08:11:54",217.47,908.95,,,,"     ",5.30,83.41,3.01
1771,554697023,"01771M08:24:05.304","01771 08:11:55",217.45,908.88,,,,"     ",5.30,83.00,2.99
1771,554697024,"01771M08:24:06.277","01771 08:11:56",217.42,908.88,,,,"     ",5.30,83.29,3.00
1771,554697025,"01771M08:24:07.251","01771 08:11:57",217.39,908.86,,,,"     ",5.30,83.22,3.00
1771,554697026,"01771M08:24:08.224","01771 08:11:58",217.35,908.93,,,,"     ",5.30,83.50,3.01
1771,554697027,"01771M08:24:09.197","01771 08:11:59",217.32,908.86,,,,"     ",5.30,82.86,2.98
1771,554697028,"01771M08:24:10.170","01771 08:12:00",217.28,908.94,,,,"     ",5.30,83.58,3.01
1771,554697029,"01771M08:24:11.144","01771 08:12:01",217.25,908.87,,,,"     ",5.30,82.87,2.98
1771,554697030,"01771M08:24:12.117","01771 08:12:02",217.23,908.85,,,,"     ",5.30,83.72,3.01
1771,554697031,"01771M08:24:13.090","01771 08:12:03",217.21,908.97,,,,"     ",5.30,83.55,3.00
1771,554697032,"01771M08:24:14.063","01771 08:12:04",217.21,908.95,,,,"     ",5.30,84.03,3.02
1771,554697033,"01771M08:24:15.037","01771 08:12:05",217.21,908.88,,,,"     ",5.30,83.63,3.00
1771,554697034,"01771M08:24:16.010","01771 08:12:06",217.23,908.87,,,,"     ",5.30,83.72,3.00
1771,554697035,"01771M08:24:16.983","01771 08:12:06",217.25,908.92,,,,"     ",5.30,83.82,3.01
1771,554697036,"01771M08:24:17.956","01771 08:12:07",217.29,908.91,,,,"     ",5.30,83.64,3.00
1771,554697037,"01771M08:24:18.930","01771 08:12:08",217.32,908.84,,,,"     ",5.30,83.21,2.98
1771,554697038,"01771M08:24:19.903","01771 08:12:09",217.36,908.86,,,,"     ",5.30,83.63,3.00
1771,554697039,"01771M08:24:20.876","01771 08:12:10",217.40,908.88,,,,"     ",5.30,83.00,2.97
1771,554697040,"01771M08:24:21.849","01771 08:12:11",217.43,908.90,,,,"     ",5.30,83.70,2.99
1771,554697041,"01771M08:24:22.823","01771 08:12:12",217.45,908.88,,,,"     ",5.30,83.95,3.00
1771,554697042,"01771M08:24:23.796","01771 08:12:13",217.46,908.80,,,,"     ",5.30,83.85,3.00
1771,554697043,"01771M08:24:24.769","01771 08:12:14",217.46,908.83,,,,"     ",5.30,83.83,3.00
1771,554697044,"01771M08:24:25.742","01771 08:12:15",217.45,908.87,,,,"     ",5.30,83.95,3.00
1771,554697045,"01771M08:24:26.716","01771 08:12:16",217.43,908.87,,,,"     ",5.30,84.04,3.00
1771,554697046,"01771M08:24:27.689","01771 08:12:17",217.41,908.83,,,,"     ",5.30,83.87,2.99
1771,554697047,"01771M08:24:28.662","01771 08:12:18",217.39,908.78,,,,"     ",5.30,83.52,2.98
1771,554697048,"01771M08:24:29.635","01771 08:12:19",217.37,908.75,,,,"     ",5.30,83.44,2.97
1771,554697049,"01771M08:24:30.609","01771 08:12:20",217.36,908.76,,,,"     ",5.30,84.14,3.00
1771,554697050,"01771M08:24:31.582","01771 08:12:21",217.34,908.72,,,,"     ",5.30,84.37,3.01
1771,554697051,"01771M08:24:32.555","01771 08:12:22",217.32,908.86,,,,"     ",5.30,84.67,3.02
1771,554697052,"01771M08:24:33.528","01771 08:12:23",217.31,908.87,,,,"     ",5.30,84.26,3.00
1771,554697053,"01771M08:24:34.502","01771 08:12:24",217.30,908.86,,,,"     ",5.30,83.53,2.97
1771,554697054,"01771M08:24:35.475","01771 08:12:25",217.29,908.78,,,,"     ",5.30,84.14,2.99
1771,554697055,"01771M08:24:36.448","01771 08:12:26",217.29,908.91,,,,"     ",5.30,84.53,3.00
1771,554697056,"01771M08:24:37.421","01771 08:12:27",217.28,908.82,,,,"     ",5.30,84.38,3.00
1771,554697057,"01771M08:24:38.395","01771 08:12:28",217.29,908.78,,,,"     ",5.30,83.92,2.98
1771,554697058,"01771M08:24:39.368","01771 08:12:29",217.30,908.80,,,,"     ",5.30,83.79,2.97
1771,554697059,"01771M08:24:40.341","01771 08:12:30",217.32,908.82,,,,"     ",5.30,84.10,2.98
1771,554697060,"01771M08:24:41.314","01771 08:12:31",217.34,908.78,,,,"     ",5.30,84.49,2.99
1771,554697061,"01771M08:24:42.288","01771 08:12:32",217.37,908.69,,,,"     ",5.30,84.71,3.00
1771,554697062,"01771M08:24:43.261","01771 08:12:33",217.39,908.77,,,,"     ",5.30,84.21,2.98
1771,554697063,"01771M08:24:44.234","01771 08:12:34",217.43,908.70,,,,"     ",5.30,84.23,2.98
1771,554697064,"01771M08:24:45.207","01771 08:12:35",217.45,908.82,,,,"     ",5.30,83.89,2.97
1771,554697065,"01771M08:24:46.181","01771 08:12:36",217.48,908.81,,,,"     ",5.30,84.34,2.98
1771,554697066,"01771M08:24:47.154","01771 08:12:37",217.49,908.83,,,,"     ",5.30,84.80,3.00
1771,554697067,"01771M08:24:48.127","01771 08:12:38",217.49,908.76,,,,"     ",5.30,84.95,3.00
1771,554697068,"01771M08:24:49.100","01771 08:12:39",217.45,908.80,,,,"     ",5.30,84.09,2.97
1771,554697069,"01771M08:24:50.074","01771 08:12:40",217.41,908.81,,,,"     ",5.30,84.75,2.99
1771,554697070,"01771M08:24:51.047","01771 08:12:41",217.38,908.84,,,,"     ",5.30,85.36,3.01
1771,554697071,"01771M08:24:52.020","01771 08:12:42",217.36,908.85,,,,"     ",5.30,84.64,2.98
1771,554697072,"01771M08:24:52.994","01771 08:12:42",217.34,908.82,,,,"     ",5.30,84.75,2.99
1771,554697073,"01771M08:24:53.967","01771 08:12:43",217.33,908.90,,,,"     ",5.30,84.85,2.99
1771,554697074,"01771M08:24:54.940","01771 08:12:44",217.32,908.82,,,,"     ",5.30,84.62,2.98
1771,554697075,"01771M08:24:55.913","01771 08:12:45",217.30,908.90,,,,"     ",5.30,84.64,2.98
1771,554697076,"01771M08:24:56.887","01771 08:12:46",217.29,908.88,,,,"     ",5.30,84.40,2.97
1771,554697077,"01771M08:24:57.860","01771 08:12:47",217.27,908.89,,,,"     ",5.30,84.01,2.95
1771,554697078,"01771M08:24:58.833","01771 08:12:48",217.24,908.92,,,,"     ",5.30,84.97,2.99
1771,554697079,"01771M08:24:59.806","01771 08:12:49",217.21,908.86,,,,"     ",5.30,84.98,2.99
1771,554697080,"01771M08:25:00.780","01771 08:12:50",217.17,908.86,,,,"     ",5.30,84.95,2.98
1771,554697081,"01771M08:25:01.753","01771 08:12:51",217.12,908.88,,,,"     ",5.30,84.78,2.98
1771,554697082,"01771M08:25:02.726","01771 08:12:52",217.08,908.79,,,,"     ",5.30,84.98,2.98
1771,554697083,"01771M08:25:03.699","01771 08:12:53",217.05,908.78,,,,"     ",5.30,84.58,2.97
1771,554697084,"01771M08:25:04.673","01771 08:12:54",217.01,908.82,,,,"     ",5.30,85.16,2.99
1771,554697085,"01771M08:25:05.646","01771 08:12:55",216.97,908.81,,,,"     ",5.30,84.67,2.97
1771,554697086,"01771M08:25:06.619","01771 08:12:56",216.92,908.80,,,,"     ",5.30,85.29,2.99
1771,554697087,"01771M08:25:07.592","01771 08:12:57",216.88,908.80,,,,"     ",5.30,84.44,2.96
1771,554697088,"01771M08:25:08.566","01771 08:12:58",216.84,908.81,,,,"     ",5.30,85.12,2.98
1771,554697089,"01771M08:25:09.539","01771 08:12:59",216.80,908.79,,,,"     ",5.30,84.27,2.95
1771,554697090,"01771M08:25:10.512","01771 08:13:00",216.76,908.80,,,,"     ",5.30,84.60,2.96
1771,554697091,"01771M08:25:11.485","01771 08:13:01",216.71,908.76,,,,"     ",5.30,84.98,2.97
1771,554697092,"01771M08:25:12.459","01771 08:13:02",216.65,908.75,,,,"     ",5.30,84.96,2.97
1771,554697093,"01771M08:25:13.432","01771 08:13:03",216.61,908.84,,,,"     ",5.30,84.94,2.97
1771,554697094,"01771M08:25:14.405","01771 08:13:04",216.57,908.72,,,,"     ",5.30,84.71,2.96
1771,554697095,"01771M08:25:15.378","01771 08:13:05",216.55,908.85,,,,"     ",5.30,85.09,2.98
1771,554697096,"01771M08:25:16.352","01771 08:13:06",216.50,908.86,,,,"     ",5.30,85.05,2.97
1771,554697097,"01771M08:25:17.325","01771 08:13:07",216.45,908.83,,,,"     ",5.30,84.94,2.97
1771,554697098,"01771M08:25:18.298","01771 08:13:08",216.42,908.83,,,,"     ",5.30,85.19,2.98
1771,554697099,"01771M08:25:19.271","01771 08:13:09",216.39,908.75,,,,"     ",5.30,85.89,3.00
1771,554697100,"01771M08:25:20.245","01771 08:13:10",216.38,908.75,,,,"     ",5.30,85.08,2.97
1771,554697101,"01771M08:25:21.218","01771 08:13:11",216.38,908.75,,,,"     ",5.30,84.84,2.96
1771,554697102,"01771M08:25:22.191","01771 08:13:12",216.39,908.78,,,,"     ",5.30,85.53,2.99
1771,554697103,"01771M08:25:23.164","01771 08:13:13",216.41,908.78,,,,"     ",5.30,85.18,2.97
1771,554697104,"01771M08:25:24.138","01771 08:13:14",216.43,908.75,,,,"     ",5.30,85.27,2.97
1771,554697105,"01771M08:25:25.111","01771 08:13:15",216.45,908.78,,,,"     ",5.30,84.75,2.95
1771,554697106,"01771M08:25:26.084","01771 08:13:16",216.47,908.83,,,,"     ",5.30,84.60,2.95
1771,554697107,"01771M08:25:27.057","01771 08:13:17",216.48,908.76,,,,"     ",5.30,84.79,2.95
1771,554697108,"01771M08:25:28.031","01771 08:13:18",216.49,908.77,,,,"     ",5.30,85.15,2.96
1771,554697109,"01771M08:25:29.004","01771 08:13:19",216.50,908.85,,,,"     ",5.30,85.05,2.96
1771,554697110,"01771M08:25:29.977","01771 08:13:19",216.51,908.81,,,,"     ",5.30,85.01,2.96
1771,554697111,"01771M08:25:30.950","01771 08:13:20",216.52,908.91,,,,"     ",5.30,84.94,2.95
1771,554697112,"01771M08:25:31.924","01771 08:13:21",216.54,908.85,,,,"     ",5.30,85.79,2.98
1771,554697113,"01771M08:25:32.897","01771 08:13:22",216.56,908.87,,,,"     ",5.30,85.69,2.98
1771,554697114,"01771M08:25:33.870","01771 08:13:23",216.58,908.80,,,,"     ",5.30,85.60,2.97
1771,554697115,"01771M08:25:34.843","01771 08:13:24",216.60,908.86,,,,"     ",5.30,85.69,2.98
1771,554697116,"01771M08:25:35.817","01771 08:13:25",216.62,908.77,,,,"     ",5.30,85.45,2.97
1771,554697117,"01771M08:25:36.790","01771 08:13:26",216.63,908.77,,,,"     ",5.30,85.20,2.96
1771,554697118,"01771M08:25:37.763","01771 08:13:27",216.64,908.83,,,,"     ",5.30,85.32,2.96
1771,554697119,"01771M08:25:38.736","01771 08:13:28",216.65,908.79,,,,"     ",5.30,85.66,2.97
1771,554697120,"01771M08:25:39.710","01771 08:13:29",216.65,908.81,,,,"     ",5.30,85.51,2.97
1771,554697121,"01771M08:25:40.683","01771 08:13:30",216.66,908.79,,,,"     ",5.30,85.35,2.96
1771,554697122,"01771M08:25:41.656","01771 08:13:31",216.67,908.87,,,,"     ",5.30,85.56,2.96
1771,554697123,"01771M08:25:42.629","01771 08:13:32",216.68,908.79,,,,"     ",5.30,85.75,2.97
1771,554697124,"01771M08:25:43.603","01771 08:13:33",216.70,908.84,,,,"     ",5.30,85.17,2.95
1771,554697125,"01771M08:25:44.576","01771 08:13:34",216.71,908.75,,,,"     ",5.30,85.95,2.98
1771,554697126,"01771M08:25:45.549","01771 08:13:35",216.74,908.71,,,,"     ",5.30,85.81,2.97
1771,554697127,"01771M08:25:46.522","01771 08:13:36",216.76,908.81,,,,"     ",5.30,85.81,2.97
1771,554697128,"01771M08:25:47.496","01771 08:13:37",216.79,908.77,,,,"     ",5.30,86.08,2.98
1771,554697129,"01771M08:25:48.469","01771 08:13:38",216.82,908.76,,,,"     ",5.30,85.84,2.97
1771,554697130,"01771M08:25:49.442","01771 08:13:39",216.85,908.76,,,,"     ",5.30,85.92,2.97
1771,554697131,"01771M08:25:50.415","01771 08:13:40",216.88,908.64,,,,"     ",5.30,85.89,2.96
1771,554697132,"01771M08:25:51.389","01771 08:13:41",216.89,908.61,,,,"     ",5.30,86.08,2.97
1771,554697133,"01771M08:25:52.362","01771 08:13:42",216.89,908.66,,,,"     ",5.30,86.25,2.98
1771,554697134,"01771M08:25:53.335","01771 08:13:43",216.86,908.65,,,,"     ",5.30,85.52,2.95
1771,554697135,"01771M08:25:54.308","01771 08:13:44",216.83,908.72,,,,"     ",5.30,86.22,2.97
1771,554697136,"01771M08:25:55.282","01771 08:13:45",216.78,908.78,,,,"     ",5.30,85.93,2.96
1771,554697137,"01771M08:25:56.255","01771 08:13:46",216.72,908.73,,,,"     ",5.30,86.11,2.97
1771,554697138,"01771M08:25:57.228","01771 08:13:47",216.66,908.81,,,,"     ",5.30,85.97,2.96
1771,554697139,"01771M08:25:58.201","01771 08:13:48",216.59,908.80,,,,"     ",5.30,85.66,2.95
1771,554697140,"01771M08:25:59.175","01771 08:13:49",216.53,908.81,,,,"     ",5.30,85.28,2.93
1771,554697141,"01771M08:26:00.148","01771 08:13:50",216.48,908.83,,,,"     ",5.30,86.00,2.96
1771,554697142,"01771M08:26:01.121","01771 08:13:51",216.43,908.76,,,,"     ",5.30,86.00,2.95
1771,554697143,"01771M08:26:02.095","01771 08:13:52",216.39,908.73,,,,"     ",5.30,86.45,2.97
1771,554697144,"01771M08:26:03.068","01771 08:13:53",216.38,908.76,,,,"     ",5.30,85.99,2.95
1771,554697145,"01771M08:26:04.041","01771 08:13:54",216.37,908.81,,,,"     ",5.30,85.93,2.95
1771,554697146,"01771M08:26:05.014","01771 08:13:55",216.36,908.78,,,,"     ",5.30,86.34,2.96
1771,554697147,"01771M08:26:05.988","01771 08:13:56",216.35,908.76,,,,"     ",5.30,85.99,2.95
1771,554697148,"01771M08:26:06.961","01771 08:13:56",216.33,908.72,,,,"     ",5.30,86.20,2.95
1771,554697149,"01771M08:26:07.934","01771 08:13:57",216.31,908.81,,,,"     ",5.30,86.32,2.96
1771,554697150,"01771M08:26:08.907","01771 08:13:58",216.29,908.77,,,,"     ",5.30,86.19,2.95
1771,554697151,"01771M08:26:09.881","01771 08:13:59",216.26,908.76,,,,"     ",5.30,86.78,2.97
1771,554697152,"01771M08:26:10.854","01771 08:14:00",216.24,908.75,,,,"     ",5.30,86.48,2.96
1771,554697153,"01771M08:26:11.827","01771 08:14:01",216.22,908.74,,,,"     ",5.30,86.14,2.95
1771,554697154,"01771M08:26:12.800","01771 08:14:02",216.20,908.75,,,,"     ",5.30,86.60,2.96
1771,554697155,"01771M08:26:13.774","01771 08:14:03",216.18,908.70,,,,"     ",5.30,86.70,2.96
1771,554697156,"01771M08:26:14.747","01771 08:14:04",216.16,908.64,,,,"     ",5.30,86.38,2.95
1771,554697157,"01771M08:26:15.720","01771 08:14:05",216.14,908.60,,,,"     ",5.30,86.43,2.95
1771,554697158,"01771M08:26:16.693","01771 08:14:06",216.12,908.63,,,,"     ",5.30,86.17,2.94
1771,554697159,"01771M08:26:17.667","01771 08:14:07",216.10,908.76,,,,"     ",5.30,86.70,2.96
1771,554697160,"01771M08:26:18.640","01771 08:14:08",216.08,908.67,,,,"     ",5.30,86.61,2.96
1771,554697161,"01771M08:26:19.613","01771 08:14:09",216.06,908.62,,,,"     ",5.30,86.01,2.93
1771,554697162,"01771M08:26:20.586","01771 08:14:10",216.04,908.71,,,,"     ",5.30,86.04,2.93
1771,554697163,"01771M08:26:21.560","01771 08:14:11",216.01,908.68,,,,"     ",5.30,86.51,2.95
1771,554697164,"01771M08:26:22.533","01771 08:14:12",215.61,908.66,,,,"     ",5.30,85.85,2.92
1771,554697165,"01771M08:26:23.506","01771 08:14:13",215.62,908.72,,,,"     ",5.30,86.04,2.93
1771,554697166,"01771M08:26:24.479","01771 08:14:14",215.63,908.65,,,,"     ",5.30,86.57,2.95
1771,554697167,"01771M08:26:25.453","01771 08:14:15",215.65,908.73,,,,"     ",5.30,86.08,2.93
1771,554697168,"01771M08:26:26.426","01771 08:14:16",215.67,908.71,,,,"     ",5.30,86.54,2.94
1771,554697169,"01771M08:26:27.399","01771 08:14:17",215.69,908.70,,,,"     ",5.30,87.39,2.97
1771,554697170,"01771M08:26:28.372","01771 08:14:18",215.71,908.65,,,,"     ",5.30,86.61,2.94
1771,554697171,"01771M08:26:29.346","01771 08:14:19",215.74,908.65,,,,"     ",5.30,86.52,2.94
1771,554697172,"01771M08:26:30.319","01771 08:14:20",215.77,908.70,,,,"     ",5.30,86.39,2.94
1771,554697173,"01771M08:26:31.292","01771 08:14:21",215.80,908.60,,,,"     ",5.30,86.50,2.94
1771,554697174,"01771M08:26:32.265","01771 08:14:22",215.84,908.58,,,,"     ",5.30,86.29,2.93
1771,554697175,"01771M08:26:33.239","01771 08:14:23",215.87,908.60,,,,"     ",5.30,86.10,2.92
1771,554697176,"01771M08:26:34.212","01771 08:14:24",215.92,908.72,,,,"     ",5.30,86.83,2.95
1771,554697177,"01771M08:26:35.185","01771 08:14:25",215.96,908.66,,,,"     ",5.30,86.40,2.93
1771,554697178,"01771M08:26:36.158","01771 08:14:26",216.01,908.58,,,,"     ",5.30,87.04,2.95
1771,554697179,"01771M08:26:37.132","01771 08:14:27",216.03,908.64,,,,"     ",5.30,86.90,2.95
1771,554697180,"01771M08:26:38.105","01771 08:14:28",216.03,908.57,,,,"     ",5.30,85.88,2.91
1771,554697181,"01771M08:26:39.078","01771 08:14:29",216.00,908.59,,,,"     ",5.30,86.83,2.94
1771,554697182,"01771M08:26:40.051","01771 08:14:30",215.96,908.53,,,,"     ",5.30,86.74,2.94
1771,554697183,"01771M08:26:41.025","01771 08:14:31",215.92,908.51,,,,"     ",5.30,86.74,2.94
1771,554697184,"01771M08:26:41.998","01771 08:14:32",215.87,908.53,,,,"     ",5.30,86.35,2.92
1771,554697185,"01771M08:26:42.971","01771 08:14:33",215.83,908.58,,,,"     ",5.30,86.88,2.94
1771,554697186,"01771M08:26:43.944","01771 08:14:33",215.79,908.64,,,,"     ",5.30,86.60,2.93
1771,554697187,"01771M08:26:44.918","01771 08:14:34",215.75,908.68,,,,"     ",5.30,86.16,2.91
1771,554697188,"01771M08:26:45.891","01771 08:14:35",215.69,908.69,,,,"     ",5.30,86.65,2.93
1771,554697189,"01771M08:26:46.864","01771 08:14:36",215.64,908.69,,,,"     ",5.30,87.24,2.95
1771,554697190,"01771M08:26:47.837","01771 08:14:37",215.60,908.65,,,,"     ",5.30,87.66,2.96
1771,554697191,"01771M08:26:48.811","01771 08:14:38",215.57,908.71,,,,"     ",5.30,86.10,2.91
1771,554697192,"01771M08:26:49.784","01771 08:14:39",215.54,908.62,,,,"     ",5.30,86.59,2.92
1771,554697193,"01771M08:26:50.757","01771 08:14:40",215.51,908.65,,,,"     ",5.30,86.95,2.93
1771,554697194,"01771M08:26:51.730","01771 08:14:41",215.47,908.69,,,,"     ",5.30,86.11,2.90
1771,554697195,"01771M08:26:52.704","01771 08:14:42",215.42,908.62,,,,"     ",5.30,86.65,2.92
1771,554697196,"01771M08:26:53.677","01771 08:14:43",215.35,908.60,,,,"     ",5.30,86.03,2.90
1771,554697197,"01771M08:26:54.650","01771 08:14:44",215.27,908.67,,,,"     ",5.30,86.37,2.91
1771,554697198,"01771M08:26:55.623","01771 08:14:45",215.18,908.63,,,,"     ",5.30,86.84,2.93
1771,554697199,"01771M08:26:56.597","01771 08:14:46",215.10,908.62,,,,"     ",5.30,86.02,2.90
1771,554697200,"01771M08:26:57.570","01771 08:14:47",215.03,908.63,,,,"     ",5.30,87.22,2.94
1771,554697201,"01771M08:26:58.543","01771 08:14:48",214.99,908.61,,,,"     ",5.30,86.28,2.91
1771,554697202,"01771M08:26:59.516","01771 08:14:49",214.96,908.63,,,,"     ",5.30,85.99,2.89
1771,554697203,"01771M08:27:00.490","01771 08:14:50",214.94,908.65,,,,"     ",5.30,87.18,2.94
1771,554697204,"01771M08:27:01.463","01771 08:14:51",214.92,908.68,,,,"     ",5.30,86.27,2.90
1771,554697205,"01771M08:27:02.436","01771 08:14:52",214.90,908.62,,,,"     ",5.30,86.14,2.90
1771,554697206,"01771M08:27:03.409","01771 08:14:53",214.87,908.63,,,,"     ",5.30,87.19,2.93
1771,554697207,"01771M08:27:04.383","01771 08:14:54",214.83,908.62,,,,"     ",5.30,86.20,2.90
1771,554697208,"01771M08:27:05.356","01771 08:14:55",214.80,908.57,,,,"     ",5.30,86.98,2.93
1771,554697209,"01771M08:27:06.329","01771 08:14:56",214.76,908.67,,,,"     ",5.30,86.26,2.90
1771,554697210,"01771M08:27:07.302","01771 08:14:57",214.72,908.64,,,,"     ",5.30,86.63,2.91
1771,554697211,"01771M08:27:08.276","01771 08:14:58",214.67,908.73,,,,"     ",5.30,86.73,2.92
1771,554697212,"01771M08:27:09.249","01771 08:14:59",214.61,908.70,,,,"     ",5.30,86.51,2.91
1771,554697213,"01771M08:27:10.222","01771 08:15:00",214.53,908.72,,,,"     ",5.30,86.13,2.89
1771,554697214,"01771M08:27:11.196","01771 08:15:01",214.44,908.61,,,,"     ",5.30,86.83,2.92
1771,554697215,"01771M08:27:12.169","01771 08:15:02",214.35,908.62,,,,"     ",5.30,86.93,2.92
1771,554697216,"01771M08:27:13.142","01771 08:15:03",214.26,908.64,,,,"     ",5.30,86.47,2.90
1771,554697217,"01771M08:27:14.115","01771 08:15:04",214.16,908.67,,,,"     ",5.30,86.34,2.90
1771,554697218,"01771M08:27:15.089","01771 08:15:05",214.05,908.57,,,,"     ",5.30,86.88,2.92
1771,554697219,"01771M08:27:16.062","01771 08:15:06",213.94,908.58,,,,"     ",5.30,86.97,2.92
1771,554697220,"01771M08:27:17.035","01771 08:15:07",213.82,908.56,,,,"     ",5.30,86.40,2.90
1771,554697221,"01771M08:27:18.008","01771 08:15:08",213.70,908.54,,,,"     ",5.30,87.04,2.92
1771,554697222,"01771M08:27:18.982","01771 08:15:09",213.57,908.66,,,,"     ",5.30,86.75,2.91
1771,554697223,"01771M08:27:19.955","01771 08:15:09",213.44,908.66,,,,"     ",5.30,86.69,2.91
1771,554697224,"01771M08:27:20.928","01771 08:15:10",213.33,908.57,,,,"     ",5.30,85.89,2.88
1771,554697225,"01771M08:27:21.901","01771 08:15:11",213.23,908.67,,,,"     ",5.30,86.80,2.91
1771,554697226,"01771M08:27:22.875","01771 08:15:12",213.17,908.73,,,,"     ",5.30,86.44,2.90
1771,554697227,"01771M08:27:23.848","01771 08:15:13",213.12,908.64,,,,"     ",5.30,87.21,2.93
1771,554697228,"01771M08:27:24.821","01771 08:15:14",213.10,908.67,,,,"     ",5.30,86.70,2.91
1771,554697229,"01771M08:27:25.794","01771 08:15:15",213.11,908.62,,,,"     ",5.30,87.46,2.93
1771,554697230,"01771M08:27:26.768","01771 08:15:16",213.14,908.62,,,,"     ",5.30,86.42,2.90
1771,554697231,"01771M08:27:27.741","01771 08:15:17",213.17,908.66,,,,"     ",5.30,85.35,2.86
1771,554697232,"01771M08:27:28.714","01771 08:15:18",213.21,908.62,,,,"     ",5.30,86.26,2.89
1771,554697233,"01771M08:27:29.687","01771 08:15:19",213.26,908.57,,,,"     ",5.30,86.62,2.90
1771,554697234,"01771M08:27:30.661","01771 08:15:20",213.32,908.59,,,,"     ",5.30,87.40,2.93
1771,554697235,"01771M08:27:31.634","01771 08:15:21",213.38,908.66,,,,"     ",5.30,87.17,2.92
1771,554697236,"01771M08:27:32.607","01771 08:15:22",213.43,908.71,,,,"     ",5.30,86.88,2.91
1771,554697237,"01771M08:27:33.580","01771 08:15:23",213.46,908.69,,,,"     ",5.30,87.03,2.92
1771,554697238,"01771M08:27:34.554","01771 08:15:24",213.49,908.63,,,,"     ",5.30,86.38,2.90
1771,554697239,"01771M08:27:35.527","01771 08:15:25",213.50,908.63,,,,"     ",5.30,86.71,2.91
1771,554697240,"01771M08:27:36.500","01771 08:15:26",213.51,908.56,,,,"     ",5.30,86.46,2.90
1771,554697241,"01771M08:27:37.473","01771 08:15:27",213.49,908.61,,,,"     ",5.30,86.03,2.88
1771,554697242,"01771M08:27:38.447","01771 08:15:28",213.46,908.65,,,,"     ",5.30,86.86,2.91
1771,554697243,"01771M08:27:39.420","01771 08:15:29",213.42,908.58,,,,"     ",5.30,86.77,2.91
1771,554697244,"01771M08:27:40.393","01771 08:15:30",213.36,908.68,,,,"     ",5.30,86.90,2.91
1771,554697245,"01771M08:27:41.366","01771 08:15:31",213.30,908.70,,,,"     ",5.30,87.42,2.93
1771,554697246,"01771M08:27:42.340","01771 08:15:32",213.23,908.73,,,,"     ",5.30,86.26,2.89
1771,554697247,"01771M08:27:43.313","01771 08:15:33",213.15,908.55,,,,"     ",5.30,86.39,2.89
1771,554697248,"01771M08:27:44.286","01771 08:15:34",213.08,908.58,,,,"     ",5.30,87.43,2.93
1771,554697249,"01771M08:27:45.259","01771 08:15:35",213.02,908.64,,,,"     ",5.30,86.12,2.88
1771,554697250,"01771M08:27:46.233","01771 08:15:36",212.97,908.71,,,,"     ",5.30,86.70,2.90
1771,554697251,"01771M08:27:47.206","01771 08:15:37",212.95,908.65,,,,"     ",5.30,87.25,2.92
1771,554697252,"01771M08:27:48.179","01771 08:15:38",212.96,908.62,,,,"     ",5.30,86.07,2.88
1771,554697253,"01771M08:27:49.152","01771 08:15:39",212.97,908.68,,,,"     ",5.30,86.27,2.89
1771,554697254,"01771M08:27:50.126","01771 08:15:40",212.99,908.63,,,,"     ",5.30,86.59,2.90
1771,554697255,"01771M08:27:51.099","01771 08:15:41",213.01,908.71,,,,"     ",5.30,86.16,2.88
1771,554697256,"01771M08:27:52.072","01771 08:15:42",213.00,908.70,,,,"     ",5.30,86.56,2.90
1771,554697257,"01771M08:27:53.045","01771 08:15:43",212.99,908.53,,,,"     ",5.30,87.33,2.92
1771,554697258,"01771M08:27:54.019","01771 08:15:44",212.97,908.52,,,,"     ",5.30,86.48,2.89
1771,554697259,"01771M08:27:54.992","01771 08:15:45",212.94,908.47,,,,"     ",5.30,86.60,2.89
1771,554697260,"01771M08:27:55.965","01771 08:15:46",212.91,908.61,,,,"     ",5.30,86.67,2.90
1771,554697261,"01771M08:27:56.938","01771 08:15:46",212.87,908.57,,,,"     ",5.30,86.77,2.90
1771,554697262,"01771M08:27:57.912","01771 08:15:47",212.81,908.59,,,,"     ",5.30,86.36,2.89
1771,554697263,"01771M08:27:58.885","01771 08:15:48",212.75,908.58,,,,"     ",5.30,85.83,2.87
1771,554697264,"01771M08:27:59.858","01771 08:15:49",212.67,908.58,,,,"     ",5.30,86.80,2.90
1771,554697265,"01771M08:28:00.831","01771 08:15:50",212.57,908.65,,,,"     ",5.30,86.27,2.88
1771,554697266,"01771M08:28:01.805","01771 08:15:51",212.47,908.70,,,,"     ",5.30,86.94,2.91
1771,554697267,"01771M08:28:02.778","01771 08:15:52",212.36,908.65,,,,"     ",5.30,86.38,2.89
1771,554697268,"01771M08:28:03.751","01771 08:15:53",212.27,908.62,,,,"     ",5.30,85.24,2.85
1771,554697269,"01771M08:28:04.724","01771 08:15:54",212.20,908.57,,,,"     ",5.30,87.49,2.92
1771,554697270,"01771M08:28:05.698","01771 08:15:55",212.16,908.68,,,,"     ",5.30,87.03,2.91
1771,554697271,"01771M08:28:06.671","01771 08:15:56",212.15,908.67,,,,"     ",5.30,87.23,2.91
1771,554697272,"01771M08:28:07.644","01771 08:15:57",212.15,908.59,,,,"     ",5.30,86.06,2.87
1771,554697273,"01771M08:28:08.617","01771 08:15:58",212.15,908.69,,,,"     ",5.30,87.17,2.91
1771,554697274,"01771M08:28:09.591","01771 08:15:59",212.14,908.58,,,,"     ",5.30,86.80,2.90
1771,554697275,"01771M08:28:10.564","01771 08:16:00",212.14,908.67,,,,"     ",5.30,87.41,2.92
1771,554697276,"01771M08:28:11.537","01771 08:16:01",212.14,908.69,,,,"     ",5.30,87.06,2.91
1771,554697277,"01771M08:28:12.510","01771 08:16:02",212.16,908.62,,,,"     ",5.30,86.88,2.90
1771,554697278,"01771M08:28:13.484","01771 08:16:03",212.21,908.61,,,,"     ",5.30,86.53,2.89
1771,554697279,"01771M08:28:14.457","01771 08:16:04",212.26,908.57,,,,"     ",5.30,86.38,2.88
1771,554697280,"01771M08:28:15.430","01771 08:16:05",212.32,908.65,,,,"     ",5.30,86.61,2.89
1771,554697281,"01771M08:28:16.403","01771 08:16:06",212.37,908.65,,,,"     ",5.30,87.15,2.91
1771,554697282,"01771M08:28:17.377","01771 08:16:07",212.40,908.72,,,,"     ",5.30,86.72,2.89
1771,554697283,"01771M08:28:18.350","01771 08:16:08",212.42,908.66,,,,"     ",5.30,86.47,2.88
1771,554697284,"01771M08:28:19.323","01771 08:16:09",212.41,908.62,,,,"     ",5.30,86.55,2.88
1771,554697285,"01771M08:28:20.296","01771 08:16:10",212.39,908.62,,,,"     ",5.30,87.23,2.91
1771,554697286,"01771M08:28:21.270","01771 08:16:11",212.35,908.56,,,,"     ",5.30,86.85,2.89
1771,554697287,"01771M08:28:22.243","01771 08:16:12",212.30,908.57,,,,"     ",5.30,87.93,2.93
1771,554697288,"01771M08:28:23.216","01771 08:16:13",212.24,908.53,,,,"     ",5.30,87.14,2.90
1771,554697289,"01771M08:28:24.190","01771 08:16:14",212.15,908.52,,,,"     ",5.30,86.97,2.90
1771,554697290,"01771M08:28:25.163","01771 08:16:15",212.06,908.63,,,,"     ",5.30,86.23,2.87
1771,554697291,"01771M08:28:26.136","01771 08:16:16",211.94,908.62,,,,"     ",5.30,87.02,2.90
1771,554697292,"01771M08:28:27.109","01771 08:16:17",211.81,908.62,,,,"     ",5.30,86.99,2.90
1771,554697293,"01771M08:28:28.083","01771 08:16:18",211.68,908.50,,,,"     ",5.30,86.71,2.89
1771,554697294,"01771M08:28:29.056","01771 08:16:19",211.57,908.56,,,,"     ",5.30,87.03,2.90
1771,554697295,"01771M08:28:30.029","01771 08:16:20",211.48,908.61,,,,"     ",5.30,87.29,2.91
1771,554697296,"01771M08:28:31.002","01771 08:16:21",211.43,908.56,,,,"     ",5.30,87.48,2.91
1771,554697297,"01771M08:28:31.976","01771 08:16:22",211.40,908.61,,,,"     ",5.30,86.56,2.88
1771,554697298,"01771M08:28:32.949","01771 08:16:23",211.40,908.70,,,,"     ",5.30,87.03,2.90
1771,554697299,"01771M08:28:33.922","01771 08:16:23",211.43,908.60,,,,"     ",5.30,87.33,2.91
1771,554697300,"01771M08:28:34.895","01771 08:16:24",211.47,908.62,,,,"     ",5.30,86.78,2.89
1771,554697301,"01771M08:28:35.869","01771 08:16:25",211.53,908.60,,,,"     ",5.30,86.60,2.88
1771,554697302,"01771M08:28:36.842","01771 08:16:26",211.59,908.58,,,,"     ",5.30,87.26,2.90
1771,554697303,"01771M08:28:37.815","01771 08:16:27",211.65,908.62,,,,"     ",5.30,87.53,2.91
1771,554697304,"01771M08:28:38.788","01771 08:16:28",211.70,908.61,,,,"     ",5.30,86.95,2.89
1771,554697305,"01771M08:28:39.762","01771 08:16:29",211.75,908.61,,,,"     ",5.30,86.83,2.89
1771,554697306,"01771M08:28:40.735","01771 08:16:30",211.80,908.71,,,,"     ",5.30,87.19,2.90
1771,554697307,"01771M08:28:41.708","01771 08:16:31",209.62,908.65,,,,"     ",5.30,86.91,2.89
1771,554697308,"01771M08:28:42.681","01771 08:16:32",209.64,908.61,,,,"     ",5.30,87.10,2.90
1771,554697309,"01771M08:28:43.655","01771 08:16:33",209.63,908.59,,,,"     ",5.30,86.89,2.89
1771,554697310,"01771M08:28:44.628","01771 08:16:34",209.60,908.57,,,,"     ",5.30,87.31,2.90
1771,554697311,"01771M08:28:45.601","01771 08:16:35",209.56,908.65,,,,"     ",5.30,86.59,2.88
1771,554697312,"01771M08:28:46.574","01771 08:16:36",209.52,908.53,,,,"     ",5.30,87.49,2.91
1771,554697313,"01771M08:28:47.548","01771 08:16:37",209.51,908.59,,,,"     ",5.30,87.06,2.89
1771,554697314,"01771M08:28:48.521","01771 08:16:38",209.51,908.51,,,,"     ",5.30,87.07,2.89
1771,554697315,"01771M08:28:49.494","01771 08:16:39",209.55,908.47,,,,"     ",5.30,86.65,2.88
1771,554697316,"01771M08:28:50.467","01771 08:16:40",209.63,908.52,,,,"     ",5.30,87.59,2.91
1771,554697317,"01771M08:28:51.441","01771 08:16:41",209.73,908.48,,,,"     ",5.30,86.87,2.88
1771,554697318,"01771M08:28:52.414","01771 08:16:42",209.85,908.61,,,,"     ",5.30,87.31,2.90
1771,554697319,"01771M08:28:53.387","01771 08:16:43",209.97,908.66,,,,"     ",5.30,87.20,2.89
1771,554697320,"01771M08:28:54.360","01771 08:16:44",210.08,908.64,,,,"     ",5.30,86.62,2.87
1771,554697321,"01771M08:28:55.334","01771 08:16:45",210.17,908.64,,,,"     ",5.30,87.15,2.89
1771,554697322,"01771M08:28:56.307","01771 08:16:46",210.23,908.61,,,,"     ",5.30,87.28,2.90
1771,554697323,"01771M08:28:57.280","01771 08:16:47",210.30,908.68,,,,"     ",5.30,86.81,2.88
1771,554697324,"01771M08:28:58.253","01771 08:16:48",210.36,908.52,,,,"     ",5.30,87.37,2.90
1771,554697325,"01771M08:28:59.227","01771 08:16:49",210.44,908.57,,,,"     ",5.30,87.06,2.89
1771,554697326,"01771M08:29:00.200","01771 08:16:50",210.49,908.51,,,,"     ",5.30,86.96,2.88
1771,554697327,"01771M08:29:01.173","01771 08:16:51",210.53,908.54,,,,"     ",5.30,86.37,2.86
1771,554697328,"01771M08:29:02.146","01771 08:16:52",210.52,908.51,,,,"     ",5.30,87.09,2.88
1771,554697329,"01771M08:29:03.120","01771 08:16:53",210.49,908.50,,,,"     ",5.30,87.08,2.88
1771,554697330,"01771M08:29:04.093","01771 08:16:54",210.41,908.43,,,,"     ",5.30,87.11,2.88
1771,554697331,"01771M08:29:05.066","01771 08:16:55",210.30,908.53,,,,"     ",5.30,87.69,2.90
1771,554697332,"01771M08:29:06.039","01771 08:16:56",210.17,908.54,,,,"     ",5.30,87.03,2.88
1771,554697333,"01771M08:29:07.013","01771 08:16:57",210.04,908.51,,,,"     ",5.30,86.84,2.87
1771,554697334,"01771M08:29:07.986","01771 08:16:58",209.91,908.52,,,,"     ",5.30,87.30,2.89
1771,554697335,"01771M08:29:08.959","01771 08:16:59",209.82,908.50,,,,"     ",5.30,87.38,2.89
1771,554697336,"01771M08:29:09.932","01771 08:16:59",209.75,908.59,,,,"     ",5.30,87.57,2.89
1771,554697337,"01771M08:29:10.906","01771 08:17:00",209.69,908.57,,,,"     ",5.30,87.55,2.89
1771,554697338,"01771M08:29:11.879","01771 08:17:01",209.63,908.56,,,,"     ",5.30,87.82,2.90
1771,554697339,"01771M08:29:12.852","01771 08:17:02",209.57,908.59,,,,"     ",5.30,87.57,2.89
1771,554697340,"01771M08:29:13.825","01771 08:17:03",209.53,908.55,,,,"     ",5.30,86.98,2.87
1771,554697341,"01771M08:29:14.799","01771 08:17:04",209.49,908.55,,,,"     ",5.30,87.38,2.88
1771,554697342,"01771M08:29:15.772","01771 08:17:05",209.49,908.58,,,,"     ",5.30,87.61,2.89
1771,554697343,"01771M08:29:16.745","01771 08:17:06",209.51,908.54,,,,"     ",5.30,86.95,2.87
1771,554697344,"01771M08:29:17.718","01771 08:17:07",209.54,908.50,,,,"     ",5.30,87.52,2.89
1771,554697345,"01771M08:29:18.692","01771 08:17:08",209.56,908.57,,,,"     ",5.30,87.20,2.87
1771,554697346,"01771M08:29:19.665","01771 08:17:09",209.55,908.63,,,,"     ",5.30,87.64,2.89
1771,554697347,"01771M08:29:20.638","01771 08:17:10",209.51,908.49,,,,"     ",5.30,88.15,2.90
1771,554697348,"01771M08:29:21.611","01771 08:17:11",209.45,908.50,,,,"     ",5.30,87.60,2.89
1771,554697349,"01771M08:29:22.585","01771 08:17:12",209.39,908.42,,,,"     ",5.30,87.54,2.88
1771,554697350,"01771M08:29:23.558","01771 08:17:13",209.35,908.53,,,,"     ",5.30,87.26,2.87
1771,554697351,"01771M08:29:24.531","01771 08:17:14",209.36,908.54,,,,"     ",5.30,87.73,2.89
1771,554697352,"01771M08:29:25.504","01771 08:17:15",209.38,908.61,,,,"     ",5.30,87.81,2.89
1771,554697353,"01771M08:29:26.478","01771 08:17:16",209.45,908.57,,,,"     ",5.30,87.67,2.88
1771,554697354,"01771M08:29:27.451","01771 08:17:17",209.51,908.48,,,,"     ",5.30,87.96,2.89
1771,554697355,"01771M08:29:28.424","01771 08:17:18",209.59,908.55,,,,"     ",5.30,87.81,2.89
1771,554697356,"01771M08:29:29.397","01771 08:17:19",209.67,908.51,,,,"     ",5.30,87.54,2.88
1771,554697357,"01771M08:29:30.371","01771 08:17:20",209.74,908.52,,,,"     ",5.30,87.93,2.89
1771,554697358,"01771M08:29:31.344","01771 08:17:21",209.79,908.53,,,,"     ",5.30,88.03,2.89
1771,554697359,"01771M08:29:32.317","01771 08:17:22",209.82,908.58,,,,"     ",5.30,88.28,2.90
1771,554697360,"01771M08:29:33.291","01771 08:17:23",209.85,908.64,,,,"     ",5.30,87.18,2.86
1771,554697361,"01771M08:29:34.264","01771 08:17:24",209.87,908.55,,,,"     ",5.30,87.55,2.87
1771,554697362,"01771M08:29:35.237","01771 08:17:25",209.87,908.61,,,,"     ",5.30,88.18,2.89
1771,554697363,"01771M08:29:36.210","01771 08:17:26",209.83,908.48,,,,"     ",5.30,87.96,2.88
1771,554697364,"01771M08:29:37.184","01771 08:17:27",209.76,908.41,,,,"     ",5.30,88.16,2.89
1771,554697365,"01771M08:29:38.157","01771 08:17:28",209.67,908.52,,,,"     ",5.30,88.29,2.89
1771,554697366,"01771M08:29:39.130","01771 08:17:29",209.57,908.50,,,,"     ",5.30,88.04,2.89
1771,554697367,"01771M08:29:40.103","01771 08:17:30",209.50,908.49,,,,"     ",5.30,88.06,2.88
1771,554697368,"01771M08:29:41.077","01771 08:17:31",209.44,908.47,,,,"     ",5.30,87.90,2.88
1771,554697369,"01771M08:29:42.050","01771 08:17:32",209.39,908.52,,,,"     ",5.30,88.17,2.89
1771,554697370,"01771M08:29:43.023","01771 08:17:33",209.36,908.52,,,,"     ",5.30,88.08,2.88
1771,554697371,"01771M08:29:43.996","01771 08:17:34",209.34,908.47,,,,"     ",5.30,88.44,2.89
1771,554697372,"01771M08:29:44.970","01771 08:17:35",209.28,908.53,,,,"     ",5.30,87.55,2.86
1771,554697373,"01771M08:29:45.943","01771 08:17:36",209.22,908.46,,,,"     ",5.30,88.08,2.88
1771,554697374,"01771M08:29:46.916","01771 08:17:36",209.15,908.50,,,,"     ",5.30,88.66,2.90
1771,554697375,"01771M08:29:47.889","01771 08:17:37",209.12,908.58,,,,"     ",5.30,89.01,2.91
1771,554697376,"01771M08:29:48.863","01771 08:17:38",209.12,908.57,,,,"     ",5.30,88.16,2.88
1771,554697377,"01771M08:29:49.836","01771 08:17:39",209.15,908.53,,,,"     ",5.30,88.63,2.90
1771,554697378,"01771M08:29:50.809","01771 08:17:40",209.18,908.53,,,,"     ",5.30,87.78,2.87
1771,554697379,"01771M08:29:51.782","01771 08:17:41",209.23,908.51,,,,"     ",5.30,88.55,2.89
1771,554697380,"01771M08:29:52.756","01771 08:17:42",209.27,908.46,,,,"     ",5.30,88.88,2.90
1771,554697381,"01771M08:29:53.729","01771 08:17:43",209.29,908.57,,,,"     ",5.30,88.42,2.89
1771,554697382,"01771M08:29:54.702","01771 08:17:44",209.31,908.53,,,,"     ",5.30,88.62,2.89
1771,554697383,"01771M08:29:55.675","01771 08:17:45",209.33,908.61,,,,"     ",5.30,88.13,2.87
1771,554697384,"01771M08:29:56.649","01771 08:17:46",209.36,908.60,,,,"     ",5.30,89.16,2.91
1771,554697385,"01771M08:29:57.622","01771 08:17:47",209.39,908.60,,,,"     ",5.30,88.57,2.89
1771,554697386,"01771M08:29:58.595","01771 08:17:48",209.41,908.57,,,,"     ",5.30,88.34,2.88
1771,554697387,"01771M08:29:59.568","01771 08:17:49",209.44,908.53,,,,"     ",5.30,89.51,2.92
1771,554697388,"01771M08:30:00.542","01771 08:17:50",209.46,908.42,,,,"     ",5.30,89.11,2.90
1771,554697389,"01771M08:30:01.515","01771 08:17:51",209.44,908.56,,,,"     ",5.30,88.51,2.88
1771,554697390,"01771M08:30:02.488","01771 08:17:52",209.42,908.49,,,,"     ",5.30,88.58,2.88
1771,554697391,"01771M08:30:03.461","01771 08:17:53",209.41,908.52,,,,"     ",5.30,88.79,2.89
1771,554697392,"01771M08:30:04.435","01771 08:17:54",209.43,908.46,,,,"     ",5.30,89.00,2.90
1771,554697393,"01771M08:30:05.408","01771 08:17:55",209.49,908.50,,,,"     ",5.30,88.59,2.88
1771,554697394,"01771M08:30:06.381","01771 08:17:56",209.57,908.48,,,,"     ",5.30,89.12,2.90
1771,554697395,"01771M08:30:07.354","01771 08:17:57",209.70,908.51,,,,"     ",5.30,88.89,2.89
1771,554697396,"01771M08:30:08.328","01771 08:17:58",209.86,908.51,,,,"     ",5.30,89.00,2.89
1771,554697397,"01771M08:30:09.301","01771 08:17:59",210.01,908.63,,,,"     ",5.30,89.45,2.91
1771,554697398,"01771M08:30:10.274","01771 08:18:00",210.16,908.54,,,,"     ",5.30,88.95,2.89
1771,554697399,"01771M08:30:11.247","01771 08:18:01",210.30,908.54,,,,"     ",5.30,89.18,2.89
1771,554697400,"01771M08:30:12.221","01771 08:18:02",210.45,908.55,,,,"     ",5.30,89.42,2.90
1771,554697401,"01771M08:30:13.194","01771 08:18:03",210.60,908.52,,,,"     ",5.30,89.72,2.91
1771,554697402,"01771M08:30:14.167","01771 08:18:04",210.75,908.57,,,,"     ",5.30,89.27,2.89
1771,554697403,"01771M08:30:15.140","01771 08:18:05",210.90,908.55,,,,"     ",5.30,89.25,2.89
1771,554697404,"01771M08:30:16.114","01771 08:18:06",211.03,908.56,,,,"     ",5.30,89.40,2.90
1771,554697405,"01771M08:30:17.087","01771 08:18:07",211.15,908.46,,,,"     ",5.30,89.41,2.89
1771,554697406,"01771M08:30:18.060","01771 08:18:08",211.25,908.52,,,,"     ",5.30,89.38,2.89
1771,554697407,"01771M08:30:19.033","01771 08:18:09",211.31,908.56,,,,"     ",5.30,89.53,2.90
1771,554697408,"01771M08:30:20.007","01771 08:18:10",211.36,908.50,,,,"     ",5.30,89.92,2.91
1771,554697409,"01771M08:30:20.980","01771 08:18:11",211.38,908.49,,,,"     ",5.30,89.36,2.89
1771,554697410,"01771M08:30:21.953","01771 08:18:12",211.39,908.52,,,,"     ",5.30,90.49,2.92
1771,554697411,"01771M08:30:22.926","01771 08:18:13",211.39,908.43,,,,"     ",5.30,89.87,2.90
1771,554697412,"01771M08:30:23.900","01771 08:18:13",211.40,908.57,,,,"     ",5.30,89.83,2.90
1771,554697413,"01771M08:30:24.873","01771 08:18:14",213.34,908.57,,,,"     ",5.30,90.60,2.92
1771,554697414,"01771M08:30:25.846","01771 08:18:15",213.38,908.56,,,,"     ",5.30,91.03,2.93
1771,554697415,"01771M08:30:26.819","01771 08:18:16",213.42,908.57,,,,"     ",5.30,90.44,2.91
1771,554697416,"01771M08:30:27.793","01771 08:18:17",213.46,908.59,,,,"     ",5.30,89.86,2.89
1771,554697417,"01771M08:30:28.766","01771 08:18:18",213.51,908.48,,,,"     ",5.30,90.36,2.91
1771,554697418,"01771M08:30:29.739","01771 08:18:19",213.56,908.57,,,,"     ",5.30,89.95,2.89
1771,554697419,"01771M08:30:30.712","01771 08:18:20",213.61,908.58,,,,"     ",5.30,90.51,2.91
1771,554697420,"01771M08:30:31.686","01771 08:18:21",213.66,908.53,,,,"     ",5.30,90.40,2.90
1771,554697421,"01771M08:30:32.659","01771 08:18:22",213.70,908.47,,,,"     ",5.30,89.86,2.88
1771,554697422,"01771M08:30:33.632","01771 08:18:23",213.75,908.48,,,,"     ",5.30,90.95,2.92
1771,554697423,"01771M08:30:34.605","01771 08:18:24",213.81,908.41,,,,"     ",5.30,90.26,2.89
1771,554697424,"01771M08:30:35.579","01771 08:18:25",213.86,908.48,,,,"     ",5.30,90.60,2.90
1771,554697425,"01771M08:30:36.552","01771 08:18:26",213.93,908.47,,,,"     ",5.30,90.52,2.90
1771,554697426,"01771M08:30:37.525","01771 08:18:27",214.01,908.55,,,,"     ",5.30,90.14,2.88
1771,554697427,"01771M08:30:38.498","01771 08:18:28",214.09,908.58,,,,"     ",5.30,91.23,2.92
1771,554697428,"01771M08:30:39.472","01771 08:18:29",214.18,908.50,,,,"     ",5.30,90.82,2.90
1771,554697429,"01771M08:30:40.445","01771 08:18:30",214.26,908.48,,,,"     ",5.30,90.99,2.91
1771,554697430,"01771M08:30:41.418","01771 08:18:31",214.34,908.51,,,,"     ",5.30,90.68,2.89
1771,554697431,"01771M08:30:42.392","01771 08:18:32",214.42,908.54,,,,"     ",5.30,91.00,2.90
1771,554697432,"01771M08:30:43.365","01771 08:18:33",214.50,908.45,,,,"     ",5.30,90.81,2.89
1771,554697433,"01771M08:30:44.338","01771 08:18:34",214.57,908.43,,,,"     ",5.30,91.40,2.91
1771,554697434,"01771M08:30:45.311","01771 08:18:35",214.64,908.48,,,,"     ",5.30,90.82,2.89
1771,554697435,"01771M08:30:46.285","01771 08:18:36",214.71,908.54,,,,"     ",5.30,92.20,2.93
1771,554697436,"01771M08:30:47.258","01771 08:18:37",214.77,908.44,,,,"     ",5.30,91.21,2.90
1771,554697437,"01771M08:30:48.231","01771 08:18:38",214.82,908.46,,,,"     ",5.30,91.46,2.90
1771,554697438,"01771M08:30:49.204","01771 08:18:39",214.86,908.55,,,,"     ",5.30,91.72,2.91
1771,554697439,"01771M08:30:50.178","01771 08:18:40",214.88,908.55,,,,"     ",5.30,90.63,2.87
1771,554697440,"01771M08:30:51.151","01771 08:18:41",214.89,908.49,,,,"     ",5.30,91.38,2.90
1771,554697441,"01771M08:30:52.124","01771 08:18:42",214.87,908.55,,,,"     ",5.30,91.53,2.90
1771,554697442,"01771M08:30:53.097","01771 08:18:43",214.84,908.59,,,,"     ",5.30,91.32,2.89
1771,554697443,"01771M08:30:54.071","01771 08:18:44",214.82,908.51,,,,"     ",5.30,91.46,2.89
1771,554697444,"01771M08:30:55.044","01771 08:18:45",214.80,908.46,,,,"     ",5.30,91.50,2.89
1771,554697445,"01771M08:30:56.017","01771 08:18:46",214.80,908.46,,,,"     ",5.30,91.22,2.88
1771,554697446,"01771M08:30:56.990","01771 08:18:47",214.81,908.47,,,,"     ",5.30,91.61,2.89
1771,554697447,"01771M08:30:57.964","01771 08:18:48",214.83,908.45,,,,"     ",5.30,91.45,2.89
1771,554697448,"01771M08:30:58.937","01771 08:18:49",214.87,908.37,,,,"     ",5.30,91.97,2.90
1771,554697449,"01771M08:30:59.910","01771 08:18:50",214.90,908.43,,,,"     ",5.30,92.72,2.92
1771,554697450,"01771M08:31:00.883","01771 08:18:50",214.93,908.46,,,,"     ",5.30,91.76,2.89
1771,554697451,"01771M08:31:01.857","01771 08:18:51",214.97,908.53,,,,"     ",5.30,92.07,2.90
1771,554697452,"01771M08:31:02.830","01771 08:18:52",215.00,908.49,,,,"     ",5.30,92.07,2.90
1771,554697453,"01771M08:31:03.803","01771 08:18:53",215.03,908.50,,,,"     ",5.30,91.57,2.88
1771,554697454,"01771M08:31:04.776","01771 08:18:54",215.05,908.42,,,,"     ",5.30,92.47,2.91
1771,554697455,"01771M08:31:05.750","01771 08:18:55",215.07,908.43,,,,"     ",5.30,92.03,2.89
1771,554697456,"01771M08:31:06.723","01771 08:18:56",215.09,908.39,,,,"     ",5.30,92.50,2.90
1771,554697457,"01771M08:31:07.696","01771 08:18:57",215.10,908.44,,,,"     ",5.30,92.20,2.89
1771,554697458,"01771M08:31:08.669","01771 08:18:58",215.12,908.43,,,,"     ",5.30,92.32,2.89
1771,554697459,"01771M08:31:09.643","01771 08:18:59",215.18,908.43,,,,"     ",5.30,92.58,2.90
1771,554697460,"01771M08:31:10.616","01771 08:19:00",215.25,908.48,,,,"     ",5.30,91.88,2.88
1771,554697461,"01771M08:31:11.589","01771 08:19:01",215.32,908.45,,,,"     ",5.30,92.03,2.88
1771,554697462,"01771M08:31:12.562","01771 08:19:02",215.40,908.47,,,,"     ",5.30,91.82,2.87
1771,554697463,"01771M08:31:13.536","01771 08:19:03",215.48,908.49,,,,"     ",5.30,92.96,2.91
1771,554697464,"01771M08:31:14.509","01771 08:19:04",215.56,908.46,,,,"     ",5.30,93.16,2.91
1771,554697465,"01771M08:31:15.482","01771 08:19:05",215.65,908.47,,,,"     ",5.30,92.64,2.89
1771,554697466,"01771M08:31:16.455","01771 08:19:06",215.75,908.45,,,,"     ",5.30,92.48,2.88
1771,554697467,"01771M08:31:17.429","01771 08:19:07",215.86,908.41,,,,"     ",5.30,92.79,2.89
1771,554697468,"01771M08:31:18.402","01771 08:19:08",215.97,908.44,,,,"     ",5.30,93.23,2.90
1771,554697469,"01771M08:31:19.375","01771 08:19:09",216.10,908.50,,,,"     ",5.30,92.54,2.88
1771,554697470,"01771M08:31:20.348","01771 08:19:10",216.23,908.40,,,,"     ",5.30,92.85,2.89
1771,554697471,"01771M08:31:21.322","01771 08:19:11",216.37,908.28,,,,"     ",5.30,92.34,2.87
1771,554697472,"01771M08:31:22.295","01771 08:19:12",216.46,908.31,,,,"     ",5.30,93.42,2.90
1771,554697473,"01771M08:31:23.268","01771 08:19:13",216.52,908.37,,,,"     ",5.30,92.08,2.86
1771,554697474,"01771M08:31:24.241","01771 08:19:14",216.57,908.40,,,,"     ",5.30,93.03,2.89
1771,554697475,"01771M08:31:25.215","01771 08:19:15",216.62,908.42,,,,"     ",5.30,92.29,2.86
1771,554697476,"01771M08:31:26.188","01771 08:19:16",216.66,908.42,,,,"     ",5.30,93.15,2.88
1771,554697477,"01771M08:31:27.161","01771 08:19:17",216.70,908.37,,,,"     ",5.30,92.82,2.87
1771,554697478,"01771M08:31:28.134","01771 08:19:18",216.73,908.47,,,,"     ",5.30,94.08,2.91
1771,554697479,"01771M08:31:29.108","01771 08:19:19",216.77,908.42,,,,"     ",5.30,93.43,2.89
1771,554697480,"01771M08:31:30.081","01771 08:19:20",216.79,908.47,,,,"     ",5.30,93.02,2.87
1771,554697481,"01771M08:31:31.054","01771 08:19:21",216.82,908.55,,,,"     ",5.30,92.99,2.87
1771,554697482,"01771M08:31:32.027","01771 08:19:22",216.84,908.45,,,,"     ",5.30,93.35,2.88
1771,554697483,"01771M08:31:33.001","01771 08:19:23",216.86,908.47,,,,"     ",5.30,93.70,2.89
1771,554697484,"01771M08:31:33.974","01771 08:19:24",216.88,908.41,,,,"     ",5.30,93.79,2.89
1771,554697485,"01771M08:31:34.947","01771 08:19:25",216.89,908.46,,,,"     ",5.30,93.94,2.89
1771,554697486,"01771M08:31:35.920","01771 08:19:26",216.90,908.40,,,,"     ",5.30,93.71,2.88
1771,554697487,"01771M08:31:36.894","01771 08:19:26",216.91,908.54,,,,"     ",5.30,94.13,2.89
1771,554697488,"01771M08:31:37.867","01771 08:19:27",216.91,908.47,,,,"     ",5.30,93.21,2.86
1771,554697489,"01771M08:31:38.840","01771 08:19:28",216.91,908.47,,,,"     ",5.30,93.65,2.87
1771,554697490,"01771M08:31:39.813","01771 08:19:29",216.90,908.43,,,,"     ",5.30,95.02,2.91
1771,554697491,"01771M08:31:40.787","01771 08:19:30",216.88,908.41,,,,"     ",5.30,93.41,2.86
1771,554697492,"01771M08:31:41.760","01771 08:19:31",216.87,908.44,,,,"     ",5.30,94.19,2.88
1771,554697493,"01771M08:31:42.733","01771 08:19:32",216.91,908.50,,,,"     ",5.30,94.71,2.90
1771,554697494,"01771M08:31:43.706","01771 08:19:33",216.95,908.43,,,,"     ",5.30,93.88,2.87
1771,554697495,"01771M08:31:44.680","01771 08:19:34",217.01,908.45,,,,"     ",5.30,93.88,2.87
1771,554697496,"01771M08:31:45.653","01771 08:19:35",217.06,908.43,,,,"     ",5.30,95.00,2.90
1771,554697497,"01771M08:31:46.626","01771 08:19:36",217.12,908.40,,,,"     ",5.30,93.72,2.86
1771,554697498,"01771M08:31:47.599","01771 08:19:37",217.18,908.37,,,,"     ",5.30,94.39,2.88
1771,554697499,"01771M08:31:48.573","01771 08:19:38",217.25,908.34,,,,"     ",5.30,94.30,2.87
1771,554697500,"01771M08:31:49.546","01771 08:19:39",217.31,908.38,,,,"     ",5.30,94.67,2.88
1771,554697501,"01771M08:31:50.519","01771 08:19:40",217.38,908.42,,,,"     ",5.30,94.34,2.87
1771,554697502,"01771M08:31:51.493","01771 08:19:41",217.44,908.43,,,,"     ",5.30,94.50,2.87
1771,554697503,"01771M08:31:52.466","01771 08:19:42",217.50,908.33,,,,"     ",5.30,94.98,2.88
1771,554697504,"01771M08:31:53.439","01771 08:19:43",217.56,908.36,,,,"     ",5.30,94.27,2.86
1771,554697505,"01771M08:31:54.412","01771 08:19:44",217.60,908.31,,,,"     ",5.30,93.68,2.84
1771,554697506,"01771M08:31:55.386","01771 08:19:45",217.63,908.34,,,,"     ",5.30,95.37,2.89
1771,554697507,"01771M08:31:56.359","01771 08:19:46",217.65,908.38,,,,"     ",5.30,94.76,2.87
1771,554697508,"01771M08:31:57.332","01771 08:19:47",217.66,908.37,,,,"     ",5.30,94.61,2.86
1771,554697509,"01771M08:31:58.305","01771 08:19:48",217.65,908.30,,,,"     ",5.30,94.50,2.85
1771,554697510,"01771M08:31:59.279","01771 08:19:49",217.63,908.37,,,,"     ",5.30,94.41,2.85
1771,554697511,"01771M08:32:00.252","01771 08:19:50",217.62,908.36,,,,"     ",5.30,94.94,2.86
1771,554697512,"01771M08:32:01.225","01771 08:19:51",217.60,908.40,,,,"     ",5.30,94.48,2.85
1771,554697513,"01771M08:32:02.198","01771 08:19:52",217.60,908.43,,,,"     ",5.30,94.86,2.86
1771,554697514,"01771M08:32:03.172","01771 08:19:53",217.60,908.42,,,,"     ",5.30,94.34,2.84
1771,554697515,"01771M08:32:04.145","01771 08:19:54",217.62,908.41,,,,"     ",5.30,94.78,2.85
1771,554697516,"01771M08:32:05.118","01771 08:19:55",217.65,908.49,,,,"     ",5.30,95.80,2.88
1771,554697517,"01771M08:32:06.091","01771 08:19:56",217.70,908.36,,,,"     ",5.30,94.75,2.85
1771,554697518,"01771M08:32:07.065","01771 08:19:57",217.75,908.24,,,,"     ",5.30,95.24,2.86
1771,554697519,"01771M08:32:08.038","01771 08:19:58",217.82,908.34,,,,"     ",5.30,94.90,2.85
1771,554697520,"01771M08:32:09.011","01771 08:19:59",217.88,908.41,,,,"     ",5.30,94.52,2.83
1771,554697521,"01771M08:32:09.984","01771 08:20:00",217.94,908.35,,,,"     ",5.30,94.98,2.85
1771,554697522,"01771M08:32:10.958","01771 08:20:01",217.98,908.42,,,,"     ",5.30,94.88,2.84
1771,554697523,"01771M08:32:11.931","01771 08:20:02",218.02,908.35,,,,"     ",5.30,95.64,2.86
1771,554697524,"01771M08:32:12.904","01771 08:20:03",218.04,908.38,,,,"     ",5.30,95.32,2.85
1771,554697525,"01771M08:32:13.877","01771 08:20:03",218.05,908.47,,,,"     ",5.30,96.30,2.88
1771,554697526,"01771M08:32:14.851","01771 08:20:04",218.05,908.38,,,,"     ",5.30,95.53,2.85
1771,554697527,"01771M08:32:15.824","01771 08:20:05",218.04,908.38,,,,"     ",5.30,95.84,2.86
1771,554697528,"01771M08:32:16.797","01771 08:20:06",218.03,908.42,,,,"     ",5.30,95.75,2.86
1771,554697529,"01771M08:32:17.770","01771 08:20:07",218.02,908.35,,,,"     ",5.30,96.08,2.86
1771,554697530,"01771M08:32:18.744","01771 08:20:08",218.01,908.42,,,,"     ",5.30,95.86,2.86
1771,554697531,"01771M08:32:19.717","01771 08:20:09",218.00,908.45,,,,"     ",5.30,95.31,2.84
1771,554697532,"01771M08:32:20.690","01771 08:20:10",217.99,908.38,,,,"     ",5.30,95.10,2.83
1771,554697533,"01771M08:32:21.663","01771 08:20:11",217.98,908.38,,,,"     ",5.30,95.07,2.83
1771,554697534,"01771M08:32:22.637","01771 08:20:12",217.97,908.43,,,,"     ",5.30,95.69,2.84
1771,554697535,"01771M08:32:23.610","01771 08:20:13",217.96,908.39,,,,"     ",5.30,96.19,2.86
1771,554697536,"01771M08:32:24.583","01771 08:20:14",217.95,908.41,,,,"     ",5.30,96.81,2.87
1771,554697537,"01771M08:32:25.556","01771 08:20:15",217.96,908.42,,,,"     ",5.30,95.95,2.85
1771,554697538,"01771M08:32:26.530","01771 08:20:16",217.97,908.43,,,,"     ",5.30,95.46,2.83
1771,554697539,"01771M08:32:27.503","01771 08:20:17",217.99,908.40,,,,"     ",5.30,95.67,2.84
1771,554697540,"01771M08:32:28.476","01771 08:20:18",218.03,908.33,,,,"     ",5.30,96.30,2.85
1771,554697541,"01771M08:32:29.449","01771 08:20:19",218.07,908.32,,,,"     ",5.30,95.97,2.84
1771,554697542,"01771M08:32:30.423","01771 08:20:20",218.12,908.37,,,,"     ",5.30,96.19,2.85
1771,554697543,"01771M08:32:31.396","01771 08:20:21",218.17,908.39,,,,"     ",5.30,96.07,2.84
1771,554697544,"01771M08:32:32.369","01771 08:20:22",218.23,908.42,,,,"     ",5.30,96.54,2.85
1771,554697545,"01771M08:32:33.342","01771 08:20:23",218.28,908.29,,,,"     ",5.30,95.60,2.82
1771,554697546,"01771M08:32:34.316","01771 08:20:24",218.33,908.33,,,,"     ",5.30,96.26,2.84
1771,554697547,"01771M08:32:35.289","01771 08:20:25",218.36,908.27,,,,"     ",5.30,96.40,2.84
1771,554697548,"01771M08:32:36.262","01771 08:20:26",218.37,908.37,,,,"     ",5.30,96.11,2.83
1771,554697549,"01771M08:32:37.235","01771 08:20:27",218.37,908.36,,,,"     ",5.30,96.48,2.84
1771,554697550,"01771M08:32:38.209","01771 08:20:28",218.35,908.37,,,,"     ",5.30,96.67,2.85
1771,554697551,"01771M08:32:39.182","01771 08:20:29",218.32,908.30,,,,"     ",5.30,95.97,2.82
1771,554697552,"01771M08:32:40.155","01771 08:20:30",218.29,908.38,,,,"     ",5.30,96.79,2.85
1771,554697553,"01771M08:32:41.128","01771 08:20:31",218.25,908.36,,,,"     ",5.30,96.08,2.82
1771,554697554,"01771M08:32:42.102","01771 08:20:32",218.21,908.38,,,,"     ",5.30,96.31,2.83
1771,554697555,"01771M08:32:43.075","01771 08:20:33",218.17,908.36,,,,"     ",5.30,96.85,2.84
1771,554697556,"01771M08:32:44.048","01771 08:20:34",218.13,908.39,,,,"     ",5.30,96.53,2.83
1771,554697557,"01771M08:32:45.021","01771 08:20:35",218.08,908.37,,,,"     ",5.30,96.92,2.84
1771,554697558,"01771M08:32:45.995","01771 08:20:36",218.04,908.25,,,,"     ",5.30,96.61,2.83
1771,554697559,"01771M08:32:46.968","01771 08:20:37",217.99,908.30,,,,"     ",5.30,96.94,2.84
1771,554697560,"01771M08:32:47.941","01771 08:20:38",217.95,908.34,,,,"     ",5.30,96.41,2.82
1771,554697561,"01771M08:32:48.914","01771 08:20:39",217.90,908.31,,,,"     ",5.30,96.95,2.84
1771,554697562,"01771M08:32:49.888","01771 08:20:40",217.86,908.36,,,,"     ",5.30,96.61,2.82
1771,554697563,"01771M08:32:50.861","01771 08:20:40",217.82,908.26,,,,"     ",5.30,97.40,2.85
1771,554697564,"01771M08:32:51.834","01771 08:20:41",217.77,908.36,,,,"     ",5.30,97.18,2.84
1771,554697565,"01771M08:32:52.807","01771 08:20:42",217.73,908.38,,,,"     ",5.30,97.30,2.84
1771,554697566,"01771M08:32:53.781","01771 08:20:43",217.68,908.35,,,,"     ",5.30,96.53,2.82
1771,554697567,"01771M08:32:54.754","01771 08:20:44",217.64,908.31,,,,"     ",5.30,97.44,2.84
1771,554697568,"01771M08:32:55.727","01771 08:20:45",217.60,908.31,,,,"     ",5.30,97.61,2.85
1771,554697569,"01771M08:32:56.700","01771 08:20:46",217.56,908.31,,,,"     ",5.30,97.58,2.84
1771,554697570,"01771M08:32:57.674","01771 08:20:47",217.52,908.33,,,,"     ",5.30,97.35,2.83
1771,554697571,"01771M08:32:58.647","01771 08:20:48",217.50,908.29,,,,"     ",5.30,97.62,2.84
1771,554697572,"01771M08:32:59.620","01771 08:20:49",217.48,908.34,,,,"     ",5.30,98.48,2.87
1771,554697573,"01771M08:33:00.594","01771 08:20:50",217.47,908.36,,,,"     ",5.30,96.97,2.82
1771,554697574,"01771M08:33:01.567","01771 08:20:51",217.47,908.32,,,,"     ",5.30,97.48,2.83
1771,554697575,"01771M08:33:02.540","01771 08:20:52",217.49,908.33,,,,"     ",5.30,97.55,2.83
1771,554697576,"01771M08:33:03.513","01771 08:20:53",217.51,908.37,,,,"     ",5.30,98.28,2.86
1771,554697577,"01771M08:33:04.487","01771 08:20:54",217.53,908.30,,,,"     ",5.30,97.99,2.85
1771,554697578,"01771M08:33:05.460","01771 08:20:55",217.56,908.27,,,,"     ",5.30,97.85,2.84
1771,554697579,"01771M08:33:06.433","01771 08:20:56",217.59,908.28,,,,"     ",5.30,97.97,2.84
1771,554697580,"01771M08:33:07.406","01771 08:20:57",217.61,908.29,,,,"     ",5.30,97.57,2.83
1771,554697581,"01771M08:33:08.380","01771 08:20:58",217.63,908.30,,,,"     ",5.30,98.41,2.85
1771,554697582,"01771M08:33:09.353","01771 08:20:59",217.64,908.25,,,,"     ",5.30,98.12,2.84
1771,554697583,"01771M08:33:10.326","01771 08:21:00",217.65,908.32,,,,"     ",5.30,98.40,2.85
1771,554697584,"01771M08:33:11.299","01771 08:21:01",217.65,908.22,,,,"     ",5.30,97.83,2.83
1771,554697585,"01771M08:33:12.273","01771 08:21:02",217.64,908.28,,,,"     ",5.30,97.80,2.83
1771,554697586,"01771M08:33:13.246","01771 08:21:03",217.63,908.31,,,,"     ",5.30,98.05,2.84
1771,554697587,"01771M08:33:14.219","01771 08:21:04",217.60,908.34,,,,"     ",5.30,98.46,2.85
1771,554697588,"01771M08:33:15.192","01771 08:21:05",217.56,908.31,,,,"     ",5.30,98.45,2.85
1771,554697589,"01771M08:33:16.166","01771 08:21:06",217.51,908.38,,,,"     ",5.30,97.79,2.83
1771,554697590,"01771M08:33:17.139","01771 08:21:07",217.46,908.21,,,,"     ",5.30,98.56,2.85
1771,554697591,"01771M08:33:18.112","01771 08:21:08",217.41,908.15,,,,"     ",5.30,98.96,2.86
1771,554697592,"01771M08:33:19.085","01771 08:21:09",217.36,908.24,,,,"     ",5.30,99.04,2.86
1771,554697593,"01771M08:33:20.059","01771 08:21:10",217.32,908.27,,,,"     ",5.30,98.02,2.83
1771,554697594,"01771M08:33:21.032","01771 08:21:11",217.30,908.28,,,,"     ",5.30,98.39,2.84
1771,554697595,"01771M08:33:22.005","01771 08:21:12",217.29,908.22,,,,"     ",5.30,98.60,2.84
1771,554697596,"01771M08:33:22.978","01771 08:21:13",217.30,908.32,,,,"     ",5.30,98.87,2.85
1771,554697597,"01771M08:33:23.952","01771 08:21:14",217.33,908.16,,,,"     ",5.30,98.60,2.84
1771,554697598,"01771M08:33:24.925","01771 08:21:15",217.36,908.16,,,,"     ",5.30,98.85,2.84
1771,554697599,"01771M08:33:25.898","01771 08:21:16",217.41,908.19,,,,"     ",5.30,98.47,2.83
1771,554697600,"01771M08:33:26.871","01771 08:21:16",217.45,908.19,,,,"     ",5.30,98.42,2.83
1771,554697601,"01771M08:33:27.845","01771 08:21:17",217.50,908.24,,,,"     ",5.30,98.95,2.84
1771,554697602,"01771M08:33:28.818","01771 08:21:18",217.55,908.34,,,,"     ",5.30,97.73,2.81
1771,554697603,"01771M08:33:29.791","01771 08:21:19",217.60,908.21,,,,"     ",5.30,99.19,2.85
1771,554697604,"01771M08:33:30.764","01771 08:21:20",217.64,908.35,,,,"     ",5.30,98.80,2.84
1771,554697605,"01771M08:33:31.738","01771 08:21:21",217.67,908.38,,,,"     ",5.30,98.81,2.83
1771,554697606,"01771M08:33:32.711","01771 08:21:22",217.70,908.34,,,,"     ",5.30,99.25,2.85
1771,554697607,"01771M08:33:33.684","01771 08:21:23",217.72,908.30,,,,"     ",5.30,98.49,2.82
1771,554697608,"01771M08:33:34.657","01771 08:21:24",217.73,908.27,,,,"     ",5.30,99.64,2.86
1771,554697609,"01771M08:33:35.631","01771 08:21:25",217.74,908.24,,,,"     ",5.30,99.32,2.84
1771,554697610,"01771M08:33:36.604","01771 08:21:26",217.74,908.24,,,,"     ",5.30,98.70,2.82
1771,554697611,"01771M08:33:37.577","01771 08:21:27",217.74,908.21,,,,"     ",5.30,100.04,2.86
1771,554697612,"01771M08:33:38.550","01771 08:21:28",217.74,908.17,,,,"     ",5.30,99.05,2.83
1771,554697613,"01771M08:33:39.524","01771 08:21:29",217.74,908.20,,,,"     ",5.30,99.50,2.84
1771,554697614,"01771M08:33:40.497","01771 08:21:30",217.75,908.25,,,,"     ",5.30,99.67,2.85
1771,554697615,"01771M08:33:41.470","01771 08:21:31",217.75,908.29,,,,"     ",5.30,98.99,2.83
1771,554697616,"01771M08:33:42.443","01771 08:21:32",217.76,908.24,,,,"     ",5.30,98.51,2.81
1771,554697617,"01771M08:33:43.417","01771 08:21:33",217.75,908.24,,,,"     ",5.30,98.99,2.82
1771,554697618,"01771M08:33:44.390","01771 08:21:34",217.75,908.17,,,,"     ",5.30,99.55,2.84
1771,554697619,"01771M08:33:45.363","01771 08:21:35",217.75,908.23,,,,"     ",5.30,99.35,2.83
1771,554697620,"01771M08:33:46.336","01771 08:21:36",217.76,908.11,,,,"     ",5.30,98.98,2.82
1771,554697621,"01771M08:33:47.310","01771 08:21:37",217.77,908.17,,,,"     ",5.30,99.03,2.82
1771,554697622,"01771M08:33:48.283","01771 08:21:38",217.78,908.22,,,,"     ",5.30,98.79,2.81
1771,554697623,"01771M08:33:49.256","01771 08:21:39",217.79,908.23,,,,"     ",5.30,99.42,2.83
1771,554697624,"01771M08:33:50.229","01771 08:21:40",217.79,908.18,,,,"     ",5.30,99.96,2.84
1771,554697625,"01771M08:33:51.203","01771 08:21:41",217.79,908.15,,,,"     ",5.30,99.17,2.82
1771,554697626,"01771M08:33:52.176","01771 08:21:42",217.79,908.10,,,,"     ",5.30,99.54,2.83
1771,554697627,"01771M08:33:53.149","01771 08:21:43",217.79,908.09,,,,"     ",5.30,100.11,2.84
1771,554697628,"01771M08:33:54.122","01771 08:21:44",217.79,908.10,,,,"     ",5.30,100.64,2.86
1771,554697629,"01771M08:33:55.096","01771 08:21:45",217.70,908.12,,,,"     ",5.30,100.01,2.83
1771,554697630,"01771M08:33:56.069","01771 08:21:46",217.65,908.14,,,,"     ",5.30,99.74,2.83
1771,554697631,"01771M08:33:57.042","01771 08:21:47",217.61,908.15,,,,"     ",5.30,99.42,2.81
1771,554697632,"01771M08:33:58.015","01771 08:21:48",217.58,908.16,,,,"     ",5.30,99.59,2.82
1771,554697633,"01771M08:33:58.989","01771 08:21:49",217.54,908.22,,,,"     ",5.30,100.57,2.85
1771,554697634,"01771M08:33:59.962","01771 08:21:50",217.50,908.26,,,,"     ",5.30,98.80,2.79
1771,554697635,"01771M08:34:00.935","01771 08:21:51",217.46,908.22,,,,"     ",5.30,99.74,2.82
1771,554697636,"01771M08:34:01.908","01771 08:21:52",217.43,908.17,,,,"     ",5.30,99.73,2.82
1771,554697637,"01771M08:34:02.882","01771 08:21:53",217.40,908.19,,,,"     ",5.30,99.15,2.80
1771,554697638,"01771M08:34:03.855","01771 08:21:53",217.39,908.15,,,,"     ",5.30,100.37,2.83
1771,554697639,"01771M08:34:04.828","01771 08:21:54",217.39,908.17,,,,"     ",5.30,99.69,2.81
1771,554697640,"01771M08:34:05.801","01771 08:21:55",217.41,908.24,,,,"     ",5.30,99.90,2.82
1771,554697641,"01771M08:34:06.775","01771 08:21:56",217.43,908.20,,,,"     ",5.30,99.98,2.82
1771,554697642,"01771M08:34:07.748","01771 08:21:57",217.46,908.30,,,,"     ",5.30,100.22,2.82
1771,554697643,"01771M08:34:08.721","01771 08:21:58",217.50,908.19,,,,"     ",5.30,100.07,2.82
1771,554697644,"01771M08:34:09.694","01771 08:21:59",217.56,908.28,,,,"     ",5.30,100.17,2.82
1771,554697645,"01771M08:34:10.668","01771 08:22:00",217.62,908.22,,,,"     ",5.30,100.24,2.82
1771,554697646,"01771M08:34:11.641","01771 08:22:01",217.69,908.25,,,,"     ",5.30,100.07,2.81
1771,554697647,"01771M08:34:12.614","01771 08:22:02",217.76,908.32,,,,"     ",5.30,99.69,2.80
1771,554697648,"01771M08:34:13.588","01771 08:22:03",217.83,908.17,,,,"     ",5.30,100.01,2.81
1771,554697649,"01771M08:34:14.561","01771 08:22:04",217.89,908.19,,,,"     ",5.30,100.35,2.82
1771,554697650,"01771M08:34:15.534","01771 08:22:05",217.93,908.15,,,,"     ",5.30,99.99,2.80
1771,554697651,"01771M08:34:16.507","01771 08:22:06",217.95,908.18,,,,"     ",5.30,100.38,2.81
1771,554697652,"01771M08:34:17.481","01771 08:22:07",217.93,908.17,,,,"     ",5.30,100.24,2.81
1771,554697653,"01771M08:34:18.454","01771 08:22:08",217.89,908.19,,,,"     ",5.30,100.66,2.82
1771,554697654,"01771M08:34:19.427","01771 08:22:09",217.84,908.18,,,,"     ",5.30,100.50,2.81
1771,554697655,"01771M08:34:20.400","01771 08:22:10",217.78,908.19,,,,"     ",5.30,99.85,2.79
1771,554697656,"01771M08:34:21.374","01771 08:22:11",217.74,908.24,,,,"     ",5.30,99.63,2.78
1771,554697657,"01771M08:34:22.347","01771 08:22:12",217.71,908.20,,,,"     ",5.30,99.54,2.78
1771,554697658,"01771M08:34:23.320","01771 08:22:13",217.69,908.25,,,,"     ",5.30,100.01,2.79
1771,554697659,"01771M08:34:24.293","01771 08:22:14",217.68,908.20,,,,"     ",5.30,100.45,2.80
1771,554697660,"01771M08:34:25.267","01771 08:22:15",217.69,908.20,,,,"     ",5.30,100.00,2.79
1771,554697661,"01771M08:34:26.240","01771 08:22:16",217.70,908.21,,,,"     ",5.30,100.43,2.80
1771,554697662,"01771M08:34:27.213","01771 08:22:17",217.73,908.27,,,,"     ",5.30,100.15,2.79
1771,554697663,"01771M08:34:28.186","01771 08:22:18",217.76,908.15,,,,"     ",5.30,99.76,2.78
1771,554697664,"01771M08:34:29.160","01771 08:22:19",217.81,908.15,,,,"     ",5.30,100.08,2.78
1771,554697665,"01771M08:34:30.133","01771 08:22:20",217.86,908.18,,,,"     ",5.30,100.46,2.79
1771,554697666,"01771M08:34:31.106","01771 08:22:21",217.92,908.11,,,,"     ",5.30,99.18,2.75
1771,554697667,"01771M08:34:32.079","01771 08:22:22",217.99,908.08,,,,"     ",5.30,99.85,2.77
1771,554697668,"01771M08:34:33.053","01771 08:22:23",218.07,908.05,,,,"     ",5.30,100.33,2.78
1771,554697669,"01771M08:34:34.026","01771 08:22:24",218.15,908.16,,,,"     ",5.30,100.42,2.78
1771,554697670,"01771M08:34:34.999","01771 08:22:25",218.24,908.11,,,,"     ",5.30,100.01,2.77
1771,554697671,"01771M08:34:35.972","01771 08:22:26",218.34,908.11,,,,"     ",5.30,100.51,2.78
1771,554697672,"01771M08:34:36.946","01771 08:22:27",218.44,908.16,,,,"     ",5.30,99.85,2.76
1771,554697673,"01771M08:34:37.919","01771 08:22:28",218.54,908.20,,,,"     ",5.30,100.37,2.78
1771,554697674,"01771M08:34:38.892","01771 08:22:29",218.64,908.15,,,,"     ",5.30,101.18,2.80
1771,554697675,"01771M08:34:39.865","01771 08:22:30",218.74,908.18,,,,"     ",5.30,100.54,2.78
1771,554697676,"01771M08:34:40.839","01771 08:22:30",218.63,908.09,,,,"     ",5.30,100.21,2.77
1771,554697677,"01771M08:34:41.812","01771 08:22:31",218.69,908.18,,,,"     ",5.30,100.82,2.78
1771,554697678,"01771M08:34:42.785","01771 08:22:32",218.74,908.13,,,,"     ",5.30,101.07,2.79
1771,554697679,"01771M08:34:43.758","01771 08:22:33",218.80,908.20,,,,"     ",5.30,101.15,2.79
1771,554697680,"01771M08:34:44.732","01771 08:22:34",218.86,908.12,,,,"     ",5.30,100.98,2.78
1771,554697681,"01771M08:34:45.705","01771 08:22:35",218.93,908.15,,,,"     ",5.30,100.87,2.77
1771,554697682,"01771M08:34:46.678","01771 08:22:36",219.00,908.10,,,,"     ",5.30,100.79,2.77
1771,554697683,"01771M08:34:47.651","01771 08:22:37",219.07,908.27,,,,"     ",5.30,100.79,2.77
1771,554697684,"01771M08:34:48.625","01771 08:22:38",219.11,908.11,,,,"     ",5.30,101.00,2.77
1771,554697685,"01771M08:34:49.598","01771 08:22:39",219.15,908.11,,,,"     ",5.30,100.20,2.75
1771,554697686,"01771M08:34:50.571","01771 08:22:40",219.20,908.15,,,,"     ",5.30,100.86,2.77
1771,554697687,"01771M08:34:51.544","01771 08:22:41",219.25,908.14,,,,"     ",5.30,101.00,2.77
1771,554697688,"01771M08:34:52.518","01771 08:22:42",219.28,908.14,,,,"     ",5.30,101.29,2.77
1771,554697689,"01771M08:34:53.491","01771 08:22:43",219.31,908.16,,,,"     ",5.30,101.14,2.77
1771,554697690,"01771M08:34:54.464","01771 08:22:44",219.35,908.15,,,,"     ",5.30,100.88,2.76
1771,554697691,"01771M08:34:55.437","01771 08:22:45",219.37,908.20,,,,"     ",5.30,100.83,2.75
1771,554697692,"01771M08:34:56.411","01771 08:22:46",219.39,908.10,,,,"     ",5.30,101.35,2.77
1771,554697693,"01771M08:34:57.384","01771 08:22:47",219.41,908.19,,,,"     ",5.30,101.06,2.76
1771,554697694,"01771M08:34:58.357","01771 08:22:48",219.42,908.22,,,,"     ",5.30,101.76,2.77
1771,554697695,"01771M08:34:59.330","01771 08:22:49",219.42,908.19,,,,"     ",5.30,101.33,2.76
1771,554697696,"01771M08:35:00.304","01771 08:22:50",219.42,908.15,,,,"     ",5.30,101.49,2.76
1771,554697697,"01771M08:35:01.277","01771 08:22:51",219.41,908.12,,,,"     ",5.30,101.71,2.77
1771,554697698,"01771M08:35:02.250","01771 08:22:52",219.40,908.15,,,,"     ",5.30,102.48,2.79
1771,554697699,"01771M08:35:03.223","01771 08:22:53",219.40,908.14,,,,"     ",5.30,101.67,2.76
1771,554697700,"01771M08:35:04.197","01771 08:22:54",219.39,908.08,,,,"     ",5.30,102.13,2.77
1771,554697701,"01771M08:35:05.170","01771 08:22:55",219.39,908.07,,,,"     ",5.30,101.61,2.75
1771,554697702,"01771M08:35:06.143","01771 08:22:56",219.38,908.03,,,,"     ",5.30,101.22,2.74
1771,554697703,"01771M08:35:07.116","01771 08:22:57",219.38,908.06,,,,"     ",5.30,101.70,2.75
1771,554697704,"01771M08:35:08.090","01771 08:22:58",219.38,908.07,,,,"     ",5.30,100.88,2.73
1771,554697705,"01771M08:35:09.063","01771 08:22:59",219.40,908.01,,,,"     ",5.30,101.08,2.73
1771,554697706,"01771M08:35:10.036","01771 08:23:00",219.43,908.08,,,,"     ",5.30,102.08,2.76
1771,554697707,"01771M08:35:11.009","01771 08:23:01",219.48,908.11,,,,"     ",5.30,100.99,2.73
1771,554697708,"01771M08:35:11.983","01771 08:23:02",219.53,908.21,,,,"     ",5.30,102.68,2.77
1771,554697709,"01771M08:35:12.956","01771 08:23:03",219.72,908.05,,,,"     ",5.30,101.91,2.75
1771,554697710,"01771M08:35:13.929","01771 08:23:04",219.79,908.07,,,,"     ",5.30,102.29,2.76
1771,554697711,"01771M08:35:14.902","01771 08:23:05",219.87,908.18,,,,"     ",5.30,102.14,2.75
1771,554697712,"01771M08:35:15.876","01771 08:23:06",219.94,908.14,,,,"     ",5.30,102.49,2.76
1771,554697713,"01771M08:35:16.849","01771 08:23:07",219.99,908.02,,,,"     ",5.30,102.63,2.76
1771,554697714,"01771M08:35:17.822","01771 08:23:07",220.05,908.07,,,,"     ",5.30,101.76,2.74
1771,554697715,"01771M08:35:18.795","01771 08:23:08",220.09,908.05,,,,"     ",5.30,101.80,2.73
1771,554697716,"01771M08:35:19.769","01771 08:23:09",220.13,908.03,,,,"     ",5.30,102.66,2.76
1771,554697717,"01771M08:35:20.742","01771 08:23:10",220.16,908.02,,,,"     ",5.30,102.37,2.74
1771,554697718,"01771M08:35:21.715","01771 08:23:11",220.19,908.01,,,,"     ",5.30,102.29,2.74
1771,554697719,"01771M08:35:22.689","01771 08:23:12",220.22,908.01,,,,"     ",5.30,101.76,2.72
1771,554697720,"01771M08:35:23.662","01771 08:23:13",220.24,908.07,,,,"     ",5.30,101.90,2.73
1771,554697721,"01771M08:35:24.635","01771 08:23:14",220.25,907.98,,,,"     ",5.30,101.76,2.72
1771,554697722,"01771M08:35:25.608","01771 08:23:15",220.26,907.98,,,,"     ",5.30,102.72,2.74
1771,554697723,"01771M08:35:26.582","01771 08:23:16",220.26,907.99,,,,"     ",5.30,102.58,2.74
1771,554697724,"01771M08:35:27.555","01771 08:23:17",220.24,908.02,,,,"     ",5.30,102.91,2.74
1771,554697725,"01771M08:35:28.528","01771 08:23:18",220.20,907.94,,,,"     ",5.30,103.27,2.75
1771,554697726,"01771M08:35:29.501","01771 08:23:19",220.14,907.95,,,,"     ",5.30,102.78,2.74
1771,554697727,"01771M08:35:30.475","01771 08:23:20",220.07,907.91,,,,"     ",5.30,102.75,2.73
1771,554697728,"01771M08:35:31.448","01771 08:23:21",219.98,908.00,,,,"     ",5.30,102.86,2.74
1771,554697729,"01771M08:35:32.421","01771 08:23:22",219.89,908.00,,,,"     ",5.30,104.51,2.78
1771,554697730,"01771M08:35:33.394","01771 08:23:23",219.80,907.94,,,,"     ",5.30,103.07,2.74
1771,554697731,"01771M08:35:34.368","01771 08:23:24",219.74,907.96,,,,"     ",5.30,104.38,2.77
1771,554697732,"01771M08:35:35.341","01771 08:23:25",219.70,907.91,,,,"     ",5.30,102.11,2.71
1771,554697733,"01771M08:35:36.314","01771 08:23:26",219.71,908.01,,,,"     ",5.30,103.66,2.75
1771,554697734,"01771M08:35:37.287","01771 08:23:27",219.73,907.99,,,,"     ",5.30,102.61,2.72
1771,554697735,"01771M08:35:38.261","01771 08:23:28",219.77,907.96,,,,"     ",5.30,103.55,2.74
1771,554697736,"01771M08:35:39.234","01771 08:23:29",219.83,907.93,,,,"     ",5.30,103.26,2.73
1771,554697737,"01771M08:35:40.207","01771 08:23:30",219.91,908.02,,,,"     ",5.30,103.10,2.73
1771,554697738,"01771M08:35:41.180","01771 08:23:31",220.02,908.03,,,,"     ",5.30,103.56,2.74
1771,554697739,"01771M08:35:42.154","01771 08:23:32",220.14,908.03,,,,"     ",5.30,103.13,2.72
1771,554697740,"01771M08:35:43.127","01771 08:23:33",220.27,908.03,,,,"     ",5.30,103.62,2.73
1771,554697741,"01771M08:35:44.100","01771 08:23:34",220.40,908.07,,,,"     ",5.30,103.81,2.74
1771,554697742,"01771M08:35:45.073","01771 08:23:35",220.52,907.96,,,,"     ",5.30,103.04,2.71
1771,554697743,"01771M08:35:46.047","01771 08:23:36",220.62,907.95,,,,"     ",5.30,103.52,2.73
1771,554697744,"01771M08:35:47.020","01771 08:23:37",220.70,907.99,,,,"     ",5.30,103.40,2.72
1771,554697745,"01771M08:35:47.993","01771 08:23:38",220.75,908.07,,,,"     ",5.30,103.89,2.73
1771,554697746,"01771M08:35:48.966","01771 08:23:39",220.78,908.00,,,,"     ",5.30,102.83,2.70
1771,554697747,"01771M08:35:49.940","01771 08:23:40",220.80,908.01,,,,"     ",5.30,103.96,2.73
1771,554697748,"01771M08:35:50.913","01771 08:23:41",220.81,908.06,,,,"     ",5.30,104.68,2.75
1771,554697749,"01771M08:35:51.886","01771 08:23:42",220.82,907.97,,,,"     ",5.30,104.23,2.73
1771,554697750,"01771M08:35:52.859","01771 08:23:43",220.83,908.04,,,,"     ",5.30,104.60,2.74
1771,554697751,"01771M08:35:53.833","01771 08:23:43",220.85,908.00,,,,"     ",5.30,103.66,2.71
1771,554697752,"01771M08:35:54.806","01771 08:23:44",220.88,907.96,,,,"     ",5.30,103.98,2.72
1771,554697753,"01771M08:35:55.779","01771 08:23:45",220.91,907.99,,,,"     ",5.30,103.77,2.71
1771,554697754,"01771M08:35:56.752","01771 08:23:46",220.95,908.04,,,,"     ",5.30,104.74,2.74
1771,554697755,"01771M08:35:57.726","01771 08:23:47",220.98,908.00,,,,"     ",5.30,104.70,2.73
1771,554697756,"01771M08:35:58.699","01771 08:23:48",221.02,908.06,,,,"     ",5.30,105.43,2.75
1771,554697757,"01771M08:35:59.672","01771 08:23:49",221.06,908.11,,,,"     ",5.30,104.57,2.73
1771,554697758,"01771M08:36:00.645","01771 08:23:50",221.10,908.05,,,,"     ",5.30,104.73,2.73
1771,554697759,"01771M08:36:01.619","01771 08:23:51",221.14,908.16,,,,"     ",5.30,104.51,2.72
1771,554697760,"01771M08:36:02.592","01771 08:23:52",221.18,908.05,,,,"     ",5.30,105.02,2.73
1771,554697761,"01771M08:36:03.565","01771 08:23:53",221.21,907.95,,,,"     ",5.30,105.28,2.74
1771,554697762,"01771M08:36:04.538","01771 08:23:54",221.24,907.93,,,,"     ",5.30,103.98,2.70
1771,554697763,"01771M08:36:05.512","01771 08:23:55",221.27,907.89,,,,"     ",5.30,104.89,2.72
1771,554697764,"01771M08:36:06.485","01771 08:23:56",221.28,907.91,,,,"     ",5.30,104.73,2.71
1771,554697765,"01771M08:36:07.458","01771 08:23:57",221.30,907.94,,,,"     ",5.30,105.28,2.73
1771,554697766,"01771M08:36:08.431","01771 08:23:58",221.34,907.96,,,,"     ",5.30,104.99,2.72
1771,554697767,"01771M08:36:09.405","01771 08:23:59",221.37,907.98,,,,"     ",5.30,104.87,2.71
1771,554697768,"01771M08:36:10.378","01771 08:24:00",221.38,907.98,,,,"     ",5.30,104.92,2.71
1771,554697769,"01771M08:36:11.351","01771 08:24:01",221.39,907.89,,,,"     ",5.30,105.78,2.73
1771,554697770,"01771M08:36:12.324","01771 08:24:02",221.38,907.85,,,,"     ",5.30,105.76,2.73
1771,554697771,"01771M08:36:13.298","01771 08:24:03",221.36,907.90,,,,"     ",5.30,105.35,2.72
1771,554697772,"01771M08:36:14.271","01771 08:24:04",221.33,907.80,,,,"     ",5.30,104.97,2.70
1771,554697773,"01771M08:36:15.244","01771 08:24:05",221.30,907.88,,,,"     ",5.30,105.46,2.72
1771,554697774,"01771M08:36:16.217","01771 08:24:06",221.25,907.96,,,,"     ",5.30,105.32,2.71
1771,554697775,"01771M08:36:17.191","01771 08:24:07",221.19,907.98,,,,"     ",5.30,105.18,2.70
1771,554697776,"01771M08:36:18.164","01771 08:24:08",221.13,907.93,,,,"     ",5.30,105.40,2.71
1771,554697777,"01771M08:36:19.137","01771 08:24:09",221.05,907.93,,,,"     ",5.30,105.05,2.70
1771,554697778,"01771M08:36:20.110","01771 08:24:10",220.96,908.04,,,,"     ",5.30,106.39,2.73
1771,554697779,"01771M08:36:21.084","01771 08:24:11",220.86,907.96,,,,"     ",5.30,106.10,2.72
1771,554697780,"01771M08:36:22.057","01771 08:24:12",221.42,907.98,,,,"     ",5.30,106.66,2.73
1771,554697781,"01771M08:36:23.030","01771 08:24:13",221.48,907.94,,,,"     ",5.30,105.28,2.70
1771,554697782,"01771M08:36:24.003","01771 08:24:14",221.53,907.92,,,,"     ",5.30,106.16,2.72
1771,554697783,"01771M08:36:24.977","01771 08:24:15",221.58,907.80,,,,"     ",5.30,106.03,2.71
1771,554697784,"01771M08:36:25.950","01771 08:24:16",221.62,907.79,,,,"     ",5.30,106.40,2.72
1771,554697785,"01771M08:36:26.923","01771 08:24:17",221.65,907.75,,,,"     ",5.30,105.49,2.69
1771,554697786,"01771M08:36:27.896","01771 08:24:18",221.68,907.86,,,,"     ",5.30,107.01,2.73
1771,554697787,"01771M08:36:28.870","01771 08:24:19",221.71,907.83,,,,"     ",5.30,106.47,2.72
1771,554697788,"01771M08:36:29.843","01771 08:24:20",221.73,907.91,,,,"     ",5.30,106.17,2.71
1771,554697789,"01771M08:36:30.816","01771 08:24:20",221.74,907.89,,,,"     ",5.30,106.63,2.72
1771,554697790,"01771M08:36:31.790","01771 08:24:21",221.75,907.81,,,,"     ",5.30,107.29,2.73
1771,554697791,"01771M08:36:32.763","01771 08:24:22",221.76,907.82,,,,"     ",5.30,107.24,2.73
1771,554697792,"01771M08:36:33.736","01771 08:24:23",221.76,907.95,,,,"     ",5.30,106.53,2.71
1771,554697793,"01771M08:36:34.709","01771 08:24:24",221.75,907.88,,,,"     ",5.30,107.24,2.72
1771,554697794,"01771M08:36:35.683","01771 08:24:25",221.72,907.88,,,,"     ",5.30,107.72,2.74
1771,554697795,"01771M08:36:36.656","01771 08:24:26",221.69,907.90,,,,"     ",5.30,106.71,2.71
1771,554697796,"01771M08:36:37.629","01771 08:24:27",221.67,907.94,,,,"     ",5.30,108.33,2.75
1771,554697797,"01771M08:36:38.602","01771 08:24:28",221.65,907.91,,,,"     ",5.30,107.43,2.72
1771,554697798,"01771M08:36:39.576","01771 08:24:29",221.65,907.91,,,,"     ",5.30,107.39,2.72
1771,554697799,"01771M08:36:40.549","01771 08:24:30",221.67,907.91,,,,"     ",5.30,106.92,2.71
1771,554697800,"01771M08:36:41.522","01771 08:24:31",221.70,907.96,,,,"     ",5.30,108.24,2.74
1771,554697801,"01771M08:36:42.495","01771 08:24:32",221.74,907.90,,,,"     ",5.30,107.44,2.71
1771,554697802,"01771M08:36:43.469","01771 08:24:33",221.77,907.90,,,,"     ",5.30,107.79,2.72
1771,554697803,"01771M08:36:44.442","01771 08:24:34",221.78,907.93,,,,"     ",5.30,107.93,2.72
1771,554697804,"01771M08:36:45.415","01771 08:24:35",221.78,907.97,,,,"     ",5.30,108.03,2.73
1771,554697805,"01771M08:36:46.388","01771 08:24:36",221.75,907.87,,,,"     ",5.30,109.07,2.75
1771,554697806,"01771M08:36:47.362","01771 08:24:37",221.72,907.96,,,,"     ",5.30,108.11,2.73
1771,554697807,"01771M08:36:48.335","01771 08:24:38",221.67,907.90,,,,"     ",5.30,107.71,2.71
1771,554697808,"01771M08:36:49.308","01771 08:24:39",221.61,907.89,,,,"     ",5.30,108.28,2.73
1771,554697809,"01771M08:36:50.281","01771 08:24:40",221.54,907.81,,,,"     ",5.30,107.96,2.72
1771,554697810,"01771M08:36:51.255","01771 08:24:41",221.47,907.89,,,,"     ",5.30,108.94,2.74
1771,554697811,"01771M08:36:52.228","01771 08:24:42",221.41,907.84,,,,"     ",5.30,108.19,2.72
1771,554697812,"01771M08:36:53.201","01771 08:24:43",221.35,907.80,,,,"     ",5.30,107.97,2.71
1771,554697813,"01771M08:36:54.174","01771 08:24:44",221.30,907.89,,,,"     ",5.30,108.44,2.72
1771,554697814,"01771M08:36:55.148","01771 08:24:45",221.27,907.79,,,,"     ",5.30,107.94,2.71
1771,554697815,"01771M08:36:56.121","01771 08:24:46",221.25,907.83,,,,"     ",5.30,106.94,2.68
1771,554697816,"01771M08:36:57.094","01771 08:24:47",221.26,907.86,,,,"     ",5.30,108.44,2.72
1771,554697817,"01771M08:36:58.067","01771 08:24:48",221.29,907.81,,,,"     ",5.30,108.40,2.72
1771,554697818,"01771M08:36:59.041","01771 08:24:49",221.35,907.85,,,,"     ",5.30,108.56,2.72
1771,554697819,"01771M08:37:00.014","01771 08:24:50",221.42,907.72,,,,"     ",5.30,108.75,2.72
1771,554697820,"01771M08:37:00.987","01771 08:24:51",221.47,907.73,,,,"     ",5.30,108.97,2.73
1771,554697821,"01771M08:37:01.960","01771 08:24:52",221.52,907.86,,,,"     ",5.30,108.72,2.72
1771,554697822,"01771M08:37:02.934","01771 08:24:53",221.55,907.76,,,,"     ",5.30,108.68,2.72
1771,554697823,"01771M08:37:03.907","01771 08:24:54",221.58,907.77,,,,"     ",5.30,109.17,2.73
1771,554697824,"01771M08:37:04.880","01771 08:24:55",221.60,907.85,,,,"     ",5.30,109.59,2.74
1771,554697825,"01771M08:37:05.853","01771 08:24:56",221.64,907.86,,,,"     ",5.30,110.25,2.75
1771,554697826,"01771M08:37:06.827","01771 08:24:57",221.68,907.87,,,,"     ",5.30,109.31,2.73
1771,554697827,"01771M08:37:07.800","01771 08:24:57",221.72,907.82,,,,"     ",5.30,109.09,2.72
1771,554697828,"01771M08:37:08.773","01771 08:24:58",221.76,907.90,,,,"     ",5.30,109.18,2.72
1771,554697829,"01771M08:37:09.746","01771 08:24:59",221.79,907.83,,,,"     ",5.30,109.21,2.72
1771,554697830,"01771M08:37:10.720","01771 08:25:00",221.82,907.82,,,,"     ",5.30,109.55,2.73
1771,554697831,"01771M08:37:11.693","01771 08:25:01",221.84,907.86,,,,"     ",5.30,109.44,2.72
1771,554697832,"01771M08:37:12.666","01771 08:25:02",221.85,907.80,,,,"     ",5.30,109.53,2.72
1771,554697833,"01771M08:37:13.639","01771 08:25:03",221.84,907.83,,,,"     ",5.30,110.27,2.74
1771,554697834,"01771M08:37:14.613","01771 08:25:04",221.84,907.95,,,,"     ",5.30,109.75,2.73
1771,554697835,"01771M08:37:15.586","01771 08:25:05",221.83,907.92,,,,"     ",5.30,109.62,2.72
1771,554697836,"01771M08:37:16.559","01771 08:25:06",221.81,907.90,,,,"     ",5.30,109.50,2.72
1771,554697837,"01771M08:37:17.532","01771 08:25:07",221.79,907.91,,,,"     ",5.30,110.61,2.74
1771,554697838,"01771M08:37:18.506","01771 08:25:08",221.78,907.91,,,,"     ",5.30,109.49,2.71
1771,554697839,"01771M08:37:19.479","01771 08:25:09",221.76,907.89,,,,"     ",5.30,109.97,2.72
1771,554697840,"01771M08:37:20.452","01771 08:25:10",221.74,907.78,,,,"     ",5.30,109.84,2.72
1771,554697841,"01771M08:37:21.425","01771 08:25:11",221.72,907.78,,,,"     ",5.30,110.35,2.73
1771,554697842,"01771M08:37:22.399","01771 08:25:12",221.71,907.90,,,,"     ",5.30,110.78,2.74
1771,554697843,"01771M08:37:23.372","01771 08:25:13",221.72,907.91,,,,"     ",5.30,109.99,2.72
1771,554697844,"01771M08:37:24.345","01771 08:25:14",221.74,907.90,,,,"     ",5.30,109.95,2.72
1771,554697845,"01771M08:37:25.318","01771 08:25:15",221.76,907.91,,,,"     ",5.30,110.08,2.72
1771,554697846,"01771M08:37:26.292","01771 08:25:16",221.76,907.77,,,,"     ",5.30,110.91,2.74
1771,554697847,"01771M08:37:27.265","01771 08:25:17",221.76,907.81,,,,"     ",5.30,111.17,2.74
1771,554697848,"01771M08:37:28.238","01771 08:25:18",221.74,907.85,,,,"     ",5.30,110.52,2.72
1771,554697849,"01771M08:37:29.211","01771 08:25:19",221.71,907.85,,,,"     ",5.30,110.19,2.71
1771,554697850,"01771M08:37:30.185","01771 08:25:20",221.69,907.76,,,,"     ",5.30,110.69,2.72
1771,554697851,"01771M08:37:31.158","01771 08:25:21",221.67,907.82,,,,"     ",5.30,110.08,2.71
1771,554697852,"01771M08:37:32.131","01771 08:25:22",221.65,907.82,,,,"     ",5.30,110.49,2.72
1771,554697853,"01771M08:37:33.104","01771 08:25:23",221.64,907.81,,,,"     ",5.30,111.54,2.74
1771,554697854,"01771M08:37:34.078","01771 08:25:24",221.63,907.81,,,,"     ",5.30,111.52,2.74
1771,554697855,"01771M08:37:35.051","01771 08:25:25",221.63,907.86,,,,"     ",5.30,110.76,2.72
1771,554697856,"01771M08:37:36.024","01771 08:25:26",221.63,907.77,,,,"     ",5.30,110.71,2.72
1771,554697857,"01771M08:37:36.997","01771 08:25:27",221.63,907.86,,,,"     ",5.30,111.18,2.73
1771,554697858,"01771M08:37:37.971","01771 08:25:28",221.63,907.81,,,,"     ",5.30,110.48,2.71
1771,554697859,"01771M08:37:38.944","01771 08:25:29",221.63,907.80,,,,"     ",5.30,110.90,2.72
1771,554697860,"01771M08:37:39.917","01771 08:25:30",221.64,907.89,,,,"     ",5.30,110.84,2.71
1771,554697861,"01771M08:37:40.891","01771 08:25:31",221.63,907.78,,,,"     ",5.30,110.38,2.70
1771,554697862,"01771M08:37:41.864","01771 08:25:32",221.62,907.85,,,,"     ",5.30,111.21,2.72
1771,554697863,"01771M08:37:42.837","01771 08:25:33",221.59,907.82,,,,"     ",5.30,111.91,2.74
1771,554697864,"01771M08:37:43.810","01771 08:25:34",221.54,907.77,,,,"     ",5.30,111.89,2.74
1771,554697865,"01771M08:37:44.784","01771 08:25:34",221.47,907.84,,,,"     ",5.30,111.60,2.73
1771,554697866,"01771M08:37:45.757","01771 08:25:35",221.41,907.85,,,,"     ",5.30,111.73,2.73
1771,554697867,"01771M08:37:46.730","01771 08:25:36",221.37,907.79,,,,"     ",5.30,111.37,2.72
1771,554697868,"01771M08:37:47.703","01771 08:25:37",221.33,907.85,,,,"     ",5.30,111.59,2.72
1771,554697869,"01771M08:37:48.677","01771 08:25:38",221.31,907.81,,,,"     ",5.30,111.68,2.73
1771,554697870,"01771M08:37:49.650","01771 08:25:39",221.30,907.75,,,,"     ",5.30,111.41,2.72
1771,554697871,"01771M08:37:50.623","01771 08:25:40",221.29,907.77,,,,"     ",5.30,113.35,2.76
1771,554697872,"01771M08:37:51.596","01771 08:25:41",221.28,907.70,,,,"     ",5.30,112.08,2.73
1771,554697873,"01771M08:37:52.570","01771 08:25:42",221.26,907.84,,,,"     ",5.30,111.31,2.71
1771,554697874,"01771M08:37:53.543","01771 08:25:43",221.23,907.78,,,,"     ",5.30,112.11,2.73
1771,554697875,"01771M08:37:54.516","01771 08:25:44",221.18,907.75,,,,"     ",5.30,111.26,2.71
1771,554697876,"01771M08:37:55.489","01771 08:25:45",221.14,907.72,,,,"     ",5.30,112.75,2.74
1771,554697877,"01771M08:37:56.463","01771 08:25:46",221.08,907.73,,,,"     ",5.30,112.16,2.73
1771,554697878,"01771M08:37:57.436","01771 08:25:47",221.02,907.75,,,,"     ",5.30,112.11,2.73
1771,554697879,"01771M08:37:58.409","01771 08:25:48",220.93,907.73,,,,"     ",5.30,113.53,2.76
1771,554697880,"01771M08:37:59.382","01771 08:25:49",220.81,907.76,,,,"     ",5.30,111.73,2.71
1771,554697881,"01771M08:38:00.356","01771 08:25:50",220.67,907.80,,,,"     ",5.30,112.34,2.73
1771,554697882,"01771M08:38:01.329","01771 08:25:51",220.51,907.76,,,,"     ",5.30,111.74,2.71
1771,554697883,"01771M08:38:02.302","01771 08:25:52",220.35,907.76,,,,"     ",5.30,112.09,2.72
1771,554697884,"01771M08:38:03.275","01771 08:25:53",220.22,907.73,,,,"     ",5.30,112.85,2.74
1771,554697885,"01771M08:38:04.249","01771 08:25:54",220.21,907.68,,,,"     ",5.30,113.04,2.74
1771,554697886,"01771M08:38:05.222","01771 08:25:55",220.08,907.72,,,,"     ",5.30,111.79,2.71
1771,554697887,"01771M08:38:06.195","01771 08:25:56",219.97,907.66,,,,"     ",5.30,112.04,2.71
1771,554697888,"01771M08:38:07.168","01771 08:25:57",219.83,907.68,,,,"     ",5.30,112.48,2.72
1771,554697889,"01771M08:38:08.142","01771 08:25:58",219.76,907.78,,,,"     ",5.30,110.84,2.68
1771,554697890,"01771M08:38:09.115","01771 08:25:59",219.69,907.74,,,,"     ",5.30,112.88,2.73
1771,554697891,"01771M08:38:10.088","01771 08:26:00",219.65,907.69,,,,"     ",5.30,113.03,2.73
1771,554697892,"01771M08:38:11.061","01771 08:26:01",219.61,907.71,,,,"     ",5.30,112.66,2.72
1771,554697893,"01771M08:38:12.035","01771 08:26:02",219.59,907.69,,,,"     ",5.30,111.78,2.70
1771,554697894,"01771M08:38:13.008","01771 08:26:03",219.56,907.72,,,,"     ",5.30,111.34,2.69
1771,554697895,"01771M08:38:13.981","01771 08:26:04",219.53,907.63,,,,"     ",5.30,111.97,2.70
1771,554697896,"01771M08:38:14.954","01771 08:26:05",219.49,907.64,,,,"     ",5.30,112.56,2.72
1771,554697897,"01771M08:38:15.928","01771 08:26:06",219.43,907.67,,,,"     ",5.30,112.97,2.73
1771,554697898,"01771M08:38:16.901","01771 08:26:07",219.37,907.66,,,,"     ",5.30,112.44,2.71
1771,554697899,"01771M08:38:17.874","01771 08:26:08",219.31,907.61,,,,"     ",5.30,113.14,2.73
1771,554697900,"01771M08:38:18.847","01771 08:26:09",219.25,907.64,,,,"     ",5.30,112.51,2.71
1771,554697901,"01771M08:38:19.821","01771 08:26:10",219.20,907.69,,,,"     ",5.30,111.69,2.69
1771,554697902,"01771M08:38:20.794","01771 08:26:10",219.16,907.68,,,,"     ",5.30,112.92,2.72
1771,554697903,"01771M08:38:21.767","01771 08:26:11",219.13,907.65,,,,"     ",5.30,112.80,2.72
1771,554697904,"01771M08:38:22.740","01771 08:26:12",219.11,907.64,,,,"     ",5.30,112.19,2.70
1771,554697905,"01771M08:38:23.714","01771 08:26:13",219.10,907.63,,,,"     ",5.30,112.96,2.72
1771,554697906,"01771M08:38:24.687","01771 08:26:14",219.09,907.66,,,,"     ",5.30,112.24,2.70
1771,554697907,"01771M08:38:25.660","01771 08:26:15",219.08,907.65,,,,"     ",5.30,113.32,2.73
1771,554697908,"01771M08:38:26.633","01771 08:26:16",219.08,907.67,,,,"     ",5.30,112.00,2.69
1771,554697909,"01771M08:38:27.607","01771 08:26:17",219.09,907.60,,,,"     ",5.30,113.09,2.72
1771,554697910,"01771M08:38:28.580","01771 08:26:18",219.10,907.56,,,,"     ",5.30,112.85,2.71
1771,554697911,"01771M08:38:29.553","01771 08:26:19",219.11,907.55,,,,"     ",5.30,113.17,2.72
1771,554697912,"01771M08:38:30.526","01771 08:26:20",219.11,907.58,,,,"     ",5.30,113.02,2.71
1771,554697913,"01771M08:38:31.500","01771 08:26:21",219.09,907.58,,,,"     ",5.30,112.26,2.69
1771,554697914,"01771M08:38:32.473","01771 08:26:22",219.05,907.58,,,,"     ",5.30,112.77,2.71
1771,554697915,"01771M08:38:33.446","01771 08:26:23",218.99,907.58,,,,"     ",5.30,113.22,2.72
1771,554697916,"01771M08:38:34.419","01771 08:26:24",218.91,907.63,,,,"     ",5.30,112.56,2.70
1771,554697917,"01771M08:38:35.393","01771 08:26:25",218.82,907.59,,,,"     ",5.30,113.49,2.72
1771,554697918,"01771M08:38:36.366","01771 08:26:26",218.70,907.59,,,,"     ",5.30,112.92,2.71
1771,554697919,"01771M08:38:37.339","01771 08:26:27",218.58,907.54,,,,"     ",5.30,112.06,2.68
1771,554697920,"01771M08:38:38.312","01771 08:26:28",218.44,907.58,,,,"     ",5.30,112.85,2.70
1771,554697921,"01771M08:38:39.286","01771 08:26:29",218.31,907.50,,,,"     ",5.30,113.12,2.71
1771,554697922,"01771M08:38:40.259","01771 08:26:30",218.18,907.55,,,,"     ",5.30,112.16,2.68
1771,554697923,"01771M08:38:41.232","01771 08:26:31",218.05,907.58,,,,"     ",5.30,113.03,2.70
1771,554697924,"01771M08:38:42.205","01771 08:26:32",217.94,907.59,,,,"     ",5.30,112.39,2.69
1771,554697925,"01771M08:38:43.179","01771 08:26:33",217.86,907.63,,,,"     ",5.30,112.37,2.69
1771,554697926,"01771M08:38:44.152","01771 08:26:34",217.82,907.47,,,,"     ",5.30,112.73,2.69
1771,554697927,"01771M08:38:45.125","01771 08:26:35",217.79,907.59,,,,"     ",5.30,112.71,2.69
1771,554697928,"01771M08:38:46.098","01771 08:26:36",217.79,907.60,,,,"     ",5.30,112.92,2.70
1771,554697929,"01771M08:38:47.072","01771 08:26:37",217.79,907.62,,,,"     ",5.30,112.01,2.67
1771,554697930,"01771M08:38:48.045","01771 08:26:38",217.79,907.58,,,,"     ",5.30,112.74,2.69
1771,554697931,"01771M08:38:49.018","01771 08:26:39",217.79,907.55,,,,"     ",5.30,112.25,2.68
1771,554697932,"01771M08:38:49.992","01771 08:26:40",217.79,907.51,,,,"     ",5.30,112.40,2.68
1771,554697933,"01771M08:38:50.965","01771 08:26:41",217.79,907.60,,,,"     ",5.30,113.99,2.72
1771,554697934,"01771M08:38:51.938","01771 08:26:42",217.77,907.57,,,,"     ",5.30,113.07,2.70
1771,554697935,"01771M08:38:52.911","01771 08:26:43",217.75,907.59,,,,"     ",5.30,112.89,2.69
1771,554697936,"01771M08:38:53.885","01771 08:26:44",217.73,907.65,,,,"     ",5.30,112.60,2.68
1771,554697937,"01771M08:38:54.858","01771 08:26:45",217.70,907.64,,,,"     ",5.30,112.56,2.68
1771,554697938,"01771M08:38:55.831","01771 08:26:46",217.68,907.57,,,,"     ",5.30,113.32,2.70
1771,554697939,"01771M08:38:56.804","01771 08:26:47",217.65,907.60,,,,"     ",5.30,113.54,2.70
1771,554697940,"01771M08:38:57.778","01771 08:26:47",217.63,907.59,,,,"     ",5.30,111.64,2.66
1771,554697941,"01771M08:38:58.751","01771 08:26:48",217.61,907.52,,,,"     ",5.30,112.71,2.68
1771,554697942,"01771M08:38:59.724","01771 08:26:49",217.58,907.60,,,,"     ",5.30,113.07,2.69
1771,554697943,"01771M08:39:00.697","01771 08:26:50",217.56,907.64,,,,"     ",5.30,112.61,2.68
1771,554697944,"01771M08:39:01.671","01771 08:26:51",217.52,907.67,,,,"     ",5.30,112.85,2.68
1771,554697945,"01771M08:39:02.644","01771 08:26:52",217.46,907.65,,,,"     ",5.30,113.47,2.70
1771,554697946,"01771M08:39:03.617","01771 08:26:53",217.39,907.65,,,,"     ",5.30,112.77,2.68
1771,554697947,"01771M08:39:04.590","01771 08:26:54",217.30,907.56,,,,"     ",5.30,112.70,2.68
1771,554697948,"01771M08:39:05.564","01771 08:26:55",217.19,907.48,,,,"     ",5.30,113.53,2.70
1771,554697949,"01771M08:39:06.537","01771 08:26:56",217.08,907.56,,,,"     ",5.30,113.12,2.68
1771,554697950,"01771M08:39:07.510","01771 08:26:57",216.96,907.54,,,,"     ",5.30,113.40,2.69
1771,554697951,"01771M08:39:08.483","01771 08:26:58",216.85,907.52,,,,"     ",5.30,113.64,2.70
1771,554697952,"01771M08:39:09.457","01771 08:26:59",216.74,907.53,,,,"     ",5.30,112.93,2.68
1771,554697953,"01771M08:39:10.430","01771 08:27:00",216.64,907.57,,,,"     ",5.30,112.97,2.68
1771,554697954,"01771M08:39:11.403","01771 08:27:01",216.54,907.47,,,,"     ",5.30,113.25,2.68
1771,554697955,"01771M08:39:12.376","01771 08:27:02",216.45,907.45,,,,"     ",5.30,113.29,2.68
1771,554697956,"01771M08:39:13.350","01771 08:27:03",216.38,907.47,,,,"     ",5.30,113.04,2.68
1771,554697957,"01771M08:39:14.323","01771 08:27:04",216.31,907.51,,,,"     ",5.30,113.17,2.68
1771,554697958,"01771M08:39:15.296","01771 08:27:05",216.25,907.46,,,,"     ",5.30,112.68,2.67
1771,554697959,"01771M08:39:16.269","01771 08:27:06",216.19,907.46,,,,"     ",5.30,113.82,2.69
1771,554697960,"01771M08:39:17.243","01771 08:27:07",216.14,907.49,,,,"     ",5.30,113.27,2.68
1771,554697961,"01771M08:39:18.216","01771 08:27:08",216.09,907.48,,,,"     ",5.30,113.05,2.67
1771,554697962,"01771M08:39:19.189","01771 08:27:09",216.04,907.53,,,,"     ",5.30,112.54,2.66
1771,554697963,"01771M08:39:20.162","01771 08:27:10",215.99,907.49,,,,"     ",5.30,113.31,2.68
1771,554697964,"01771M08:39:21.136","01771 08:27:11",215.95,907.55,,,,"     ",5.30,114.02,2.70
1771,554697965,"01771M08:39:22.109","01771 08:27:12",215.90,907.56,,,,"     ",5.30,113.49,2.68
1771,554697966,"01771M08:39:23.082","01771 08:27:13",215.86,907.53,,,,"     ",5.30,113.29,2.67
1771,554697967,"01771M08:39:24.055","01771 08:27:14",215.82,907.50,,,,"     ",5.30,114.46,2.70
1771,554697968,"01771M08:39:25.029","01771 08:27:15",215.78,907.40,,,,"     ",5.30,113.22,2.67
1771,554697969,"01771M08:39:26.002","01771 08:27:16",215.74,907.44,,,,"     ",5.30,113.30,2.67
1771,554697970,"01771M08:39:26.975","01771 08:27:17",215.69,907.40,,,,"     ",5.30,113.50,2.68
1771,554697971,"01771M08:39:27.948","01771 08:27:18",215.64,907.40,,,,"     ",5.30,113.93,2.69
1771,554697972,"01771M08:39:28.922","01771 08:27:19",215.59,907.44,,,,"     ",5.30,113.72,2.68
1771,554697973,"01771M08:39:29.895","01771 08:27:20",215.53,907.44,,,,"     ",5.30,114.15,2.69
1771,554697974,"01771M08:39:30.868","01771 08:27:21",215.47,907.39,,,,"     ",5.30,114.37,2.69
1771,554697975,"01771M08:39:31.841","01771 08:27:22",215.41,907.42,,,,"     ",5.30,113.54,2.67
1771,554697976,"01771M08:39:32.815","01771 08:27:23",215.36,907.39,,,,"     ",5.30,114.01,2.68
1771,554697977,"01771M08:39:33.788","01771 08:27:24",215.30,907.47,,,,"     ",5.30,113.47,2.67
1771,554697978,"01771M08:39:34.761","01771 08:27:24",215.25,907.47,,,,"     ",5.30,113.40,2.67
1771,554697979,"01771M08:39:35.734","01771 08:27:25",215.20,907.51,,,,"     ",5.30,113.92,2.68
1771,554697980,"01771M08:39:36.708","01771 08:27:26",215.15,907.54,,,,"     ",5.30,113.06,2.66
1771,554697981,"01771M08:39:37.681","01771 08:27:27",215.10,907.63,,,,"     ",5.30,113.78,2.67
1771,554697982,"01771M08:39:38.654","01771 08:27:28",215.07,907.54,,,,"     ",5.30,113.49,2.67
1771,554697983,"01771M08:39:39.627","01771 08:27:29",215.04,907.50,,,,"     ",5.30,113.43,2.66
1771,554697984,"01771M08:39:40.601","01771 08:27:30",215.02,907.41,,,,"     ",5.30,113.86,2.67
1771,554697985,"01771M08:39:41.574","01771 08:27:31",215.00,907.49,,,,"     ",5.30,113.56,2.67
1771,554697986,"01771M08:39:42.547","01771 08:27:32",214.98,907.48,,,,"     ",5.30,113.60,2.67
1771,554697987,"01771M08:39:43.520","01771 08:27:33",214.95,907.48,,,,"     ",5.30,113.13,2.65
1771,554697988,"01771M08:39:44.494","01771 08:27:34",214.93,907.52,,,,"     ",5.30,112.64,2.64
1771,554697989,"01771M08:39:45.467","01771 08:27:35",214.90,907.51,,,,"     ",5.30,113.57,2.66
1771,554697990,"01771M08:39:46.440","01771 08:27:36",214.87,907.49,,,,"     ",5.30,112.60,2.64
1771,554697991,"01771M08:39:47.413","01771 08:27:37",214.85,907.38,,,,"     ",5.30,115.70,2.71
1771,554697992,"01771M08:39:48.387","01771 08:27:38",214.83,907.40,,,,"     ",5.30,113.58,2.66
1771,554697993,"01771M08:39:49.360","01771 08:27:39",214.81,907.37,,,,"     ",5.30,113.67,2.66
1771,554697994,"01771M08:39:50.333","01771 08:27:40",214.80,907.37,,,,"     ",5.30,114.02,2.67
1771,554697995,"01771M08:39:51.306","01771 08:27:41",214.78,907.46,,,,"     ",5.30,114.27,2.68
1771,554697996,"01771M08:39:52.280","01771 08:27:42",214.76,907.41,,,,"     ",5.30,113.51,2.66
1771,554697997,"01771M08:39:53.253","01771 08:27:43",214.75,907.43,,,,"     ",5.30,113.80,2.66
1771,554697998,"01771M08:39:54.226","01771 08:27:44",214.72,907.46,,,,"     ",5.30,113.77,2.66
1771,554697999,"01771M08:39:55.199","01771 08:27:45",214.70,907.44,,,,"     ",5.30,113.54,2.65
1771,554698000,"01771M08:39:56.173","01771 08:27:46",214.68,907.43,,,,"     ",5.30,114.45,2.68
1771,554698001,"01771M08:39:57.146","01771 08:27:47",214.65,907.46,,,,"     ",5.30,114.29,2.67
1771,554698002,"01771M08:39:58.119","01771 08:27:48",214.62,907.44,,,,"     ",5.30,114.79,2.68
1771,554698003,"01771M08:39:59.092","01771 08:27:49",214.59,907.47,,,,"     ",5.30,113.40,2.65
1771,554698004,"01771M08:40:00.066","01771 08:27:50",214.55,907.40,,,,"     ",5.30,115.43,2.70
1771,554698005,"01771M08:40:01.039","01771 08:27:51",214.50,907.53,,,,"     ",5.30,114.43,2.67
1771,554698006,"01771M08:40:02.012","01771 08:27:52",214.45,907.55,,,,"     ",5.30,113.87,2.66
1771,554698007,"01771M08:40:02.986","01771 08:27:53",214.40,907.40,,,,"     ",5.30,113.40,2.64
1771,554698008,"01771M08:40:03.959","01771 08:27:54",214.36,907.41,,,,"     ",5.30,113.13,2.64
1771,554698009,"01771M08:40:04.932","01771 08:27:55",214.35,907.52,,,,"     ",5.30,114.14,2.66
1771,554698010,"01771M08:40:05.905","01771 08:27:56",214.35,907.49,,,,"     ",5.30,113.21,2.64
1771,554698011,"01771M08:40:06.879","01771 08:27:57",214.36,907.50,,,,"     ",5.30,113.95,2.66
1771,554698012,"01771M08:40:07.852","01771 08:27:58",214.38,907.44,,,,"     ",5.30,114.35,2.66
1771,554698013,"01771M08:40:08.825","01771 08:27:59",214.40,907.42,,,,"     ",5.30,113.76,2.65
1771,554698014,"01771M08:40:09.798","01771 08:28:00",214.43,907.48,,,,"     ",5.30,113.89,2.65
1771,554698015,"01771M08:40:10.772","01771 08:28:00",214.45,907.43,,,,"     ",5.30,114.80,2.67
1771,554698016,"01771M08:40:11.745","01771 08:28:01",214.48,907.45,,,,"     ",5.30,113.78,2.65
1771,554698017,"01771M08:40:12.718","01771 08:28:02",214.51,907.44,,,,"     ",5.30,114.24,2.66
1771,554698018,"01771M08:40:13.691","01771 08:28:03",214.53,907.38,,,,"     ",5.30,114.57,2.66
1771,554698019,"01771M08:40:14.665","01771 08:28:04",214.56,907.41,,,,"     ",5.30,114.86,2.67
1771,554698020,"01771M08:40:15.638","01771 08:28:05",214.58,907.41,,,,"     ",5.30,114.41,2.66
1771,554698021,"01771M08:40:16.611","01771 08:28:06",214.60,907.39,,,,"     ",5.30,114.79,2.67
1771,554698022,"01771M08:40:17.584","01771 08:28:07",214.63,907.36,,,,"     ",5.30,114.55,2.66
1771,554698023,"01771M08:40:18.558","01771 08:28:08",214.65,907.44,,,,"     ",5.30,114.35,2.66
1771,554698024,"01771M08:40:19.531","01771 08:28:09",214.68,907.36,,,,"     ",5.30,114.98,2.67
1771,554698025,"01771M08:40:20.504","01771 08:28:10",214.72,907.46,,,,"     ",5.30,114.11,2.65
1771,554698026,"01771M08:40:21.477","01771 08:28:11",214.77,907.40,,,,"     ",5.30,114.73,2.66
1771,554698027,"01771M08:40:22.451","01771 08:28:12",214.81,907.36,,,,"     ",5.30,114.88,2.67
1771,554698028,"01771M08:40:23.424","01771 08:28:13",214.84,907.33,,,,"     ",5.30,114.11,2.65
1771,554698029,"01771M08:40:24.397","01771 08:28:14",214.87,907.33,,,,"     ",5.30,115.00,2.67
1771,554698030,"01771M08:40:25.370","01771 08:28:15",214.89,907.38,,,,"     ",5.30,113.56,2.63
1771,554698031,"01771M08:40:26.344","01771 08:28:16",214.93,907.35,,,,"     ",5.30,115.08,2.67
1771,554698032,"01771M08:40:27.317","01771 08:28:17",214.97,907.39,,,,"     ",5.30,114.94,2.66
1771,554698033,"01771M08:40:28.290","01771 08:28:18",215.03,907.32,,,,"     ",5.30,115.95,2.69
1771,554698034,"01771M08:40:29.263","01771 08:28:19",215.12,907.28,,,,"     ",5.30,115.73,2.68
1771,554698035,"01771M08:40:30.237","01771 08:28:20",215.21,907.30,,,,"     ",5.30,115.47,2.67
1771,554698036,"01771M08:40:31.210","01771 08:28:21",215.31,907.45,,,,"     ",5.30,114.26,2.64
1771,554698037,"01771M08:40:32.183","01771 08:28:22",215.41,907.34,,,,"     ",5.30,114.25,2.64
1771,554698038,"01771M08:40:33.156","01771 08:28:23",215.50,907.40,,,,"     ",5.30,114.92,2.66
1771,554698039,"01771M08:40:34.130","01771 08:28:24",215.60,907.40,,,,"     ",5.30,114.25,2.64
1771,554698040,"01771M08:40:35.103","01771 08:28:25",215.70,907.38,,,,"     ",5.30,114.73,2.65
1771,554698041,"01771M08:40:36.076","01771 08:28:26",215.80,907.43,,,,"     ",5.30,115.25,2.66
1771,554698042,"01771M08:40:37.049","01771 08:28:27",215.90,907.37,,,,"     ",5.30,114.23,2.64
1771,554698043,"01771M08:40:38.023","01771 08:28:28",215.99,907.34,,,,"     ",5.30,114.88,2.65
1771,554698044,"01771M08:40:38.996","01771 08:28:29",216.06,907.32,,,,"     ",5.30,114.33,2.64
1771,554698045,"01771M08:40:39.969","01771 08:28:30",216.11,907.28,,,,"     ",5.30,115.46,2.66
1771,554698046,"01771M08:40:40.942","01771 08:28:31",216.12,907.32,,,,"     ",5.30,114.76,2.65
1771,554698047,"01771M08:40:41.916","01771 08:28:32",216.11,907.31,,,,"     ",5.30,114.41,2.64
1771,554698048,"01771M08:40:42.889","01771 08:28:33",216.06,907.40,,,,"     ",5.30,115.28,2.66
1771,554698049,"01771M08:40:43.862","01771 08:28:34",216.00,907.34,,,,"     ",5.30,114.83,2.65
1771,554698050,"01771M08:40:44.835","01771 08:28:35",215.94,907.43,,,,"     ",5.30,115.15,2.65
1771,554698051,"01771M08:40:45.809","01771 08:28:36",215.89,907.42,,,,"     ",5.30,114.37,2.63
1771,554698052,"01771M08:40:46.782","01771 08:28:37",215.84,907.41,,,,"     ",5.30,115.05,2.65
1771,554698053,"01771M08:40:47.755","01771 08:28:37",215.80,907.31,,,,"     ",5.30,116.02,2.67
1771,554698054,"01771M08:40:48.728","01771 08:28:38",215.77,907.33,,,,"     ",5.30,115.11,2.65
1771,554698055,"01771M08:40:49.702","01771 08:28:39",215.76,907.27,,,,"     ",5.30,115.11,2.65
1771,554698056,"01771M08:40:50.675","01771 08:28:40",215.76,907.34,,,,"     ",5.30,113.82,2.61
1771,554698057,"01771M08:40:51.648","01771 08:28:41",215.78,907.23,,,,"     ",5.30,114.84,2.64
1771,554698058,"01771M08:40:52.621","01771 08:28:42",215.83,907.30,,,,"     ",5.30,115.53,2.65
1771,554698059,"01771M08:40:53.595","01771 08:28:43",215.91,907.33,,,,"     ",5.30,115.79,2.66
1771,554698060,"01771M08:40:54.568","01771 08:28:44",216.02,907.28,,,,"     ",5.30,115.48,2.65
1771,554698061,"01771M08:40:55.541","01771 08:28:45",216.16,907.36,,,,"     ",5.30,115.47,2.65
1771,554698062,"01771M08:40:56.514","01771 08:28:46",216.31,907.26,,,,"     ",5.30,114.49,2.62
1771,554698063,"01771M08:40:57.488","01771 08:28:47",216.47,907.37,,,,"     ",5.30,115.13,2.64
1771,554698064,"01771M08:40:58.461","01771 08:28:48",216.61,907.33,,,,"     ",5.30,114.92,2.63
1771,554698065,"01771M08:40:59.434","01771 08:28:49",216.73,907.31,,,,"     ",5.30,116.04,2.66
1771,554698066,"01771M08:41:00.407","01771 08:28:50",216.83,907.31,,,,"     ",5.30,115.50,2.65
1771,554698067,"01771M08:41:01.381","01771 08:28:51",216.90,907.36,,,,"     ",5.30,115.71,2.65
1771,554698068,"01771M08:41:02.354","01771 08:28:52",216.95,907.26,,,,"     ",5.30,116.41,2.66
1771,554698069,"01771M08:41:03.327","01771 08:28:53",216.98,907.28,,,,"     ",5.30,115.90,2.65
1771,554698070,"01771M08:41:04.300","01771 08:28:54",216.98,907.33,,,,"     ",5.30,115.11,2.63
1771,554698071,"01771M08:41:05.274","01771 08:28:55",216.96,907.28,,,,"     ",5.30,115.00,2.63
1771,554698072,"01771M08:41:06.247","01771 08:28:56",216.90,907.33,,,,"     ",5.30,115.54,2.64
1771,554698073,"01771M08:41:07.220","01771 08:28:57",216.83,907.31,,,,"     ",5.30,116.13,2.65
1771,554698074,"01771M08:41:08.193","01771 08:28:58",216.74,907.30,,,,"     ",5.30,115.92,2.64
1771,554698075,"01771M08:41:09.167","01771 08:28:59",216.66,907.34,,,,"     ",5.30,116.08,2.65
1771,554698076,"01771M08:41:10.140","01771 08:29:00",216.58,907.26,,,,"     ",5.30,115.20,2.63
1771,554698077,"01771M08:41:11.113","01771 08:29:01",216.51,907.26,,,,"     ",5.30,115.40,2.63
1771,554698078,"01771M08:41:12.087","01771 08:29:02",216.44,907.29,,,,"     ",5.30,116.00,2.64
1771,554698079,"01771M08:41:13.060","01771 08:29:03",216.37,907.29,,,,"     ",5.30,114.99,2.62
1771,554698080,"01771M08:41:14.033","01771 08:29:04",216.31,907.18,,,,"     ",5.30,114.98,2.62
1771,554698081,"01771M08:41:15.006","01771 08:29:05",216.24,907.27,,,,"     ",5.30,115.34,2.62
1771,554698082,"01771M08:41:15.980","01771 08:29:06",216.17,907.29,,,,"     ",5.30,115.58,2.63
1771,554698083,"01771M08:41:16.953","01771 08:29:07",216.10,907.31,,,,"     ",5.30,115.82,2.63
1771,554698084,"01771M08:41:17.926","01771 08:29:08",216.04,907.36,,,,"     ",5.30,116.35,2.64
1771,554698085,"01771M08:41:18.899","01771 08:29:09",215.98,907.37,,,,"     ",5.30,115.76,2.63
1771,554698086,"01771M08:41:19.873","01771 08:29:10",215.92,907.41,,,,"     ",5.30,115.74,2.63
1771,554698087,"01771M08:41:20.846","01771 08:29:11",215.86,907.41,,,,"     ",5.30,114.61,2.60
1771,554698088,"01771M08:41:21.819","01771 08:29:12",215.72,907.38,,,,"     ",5.30,115.64,2.62
1771,554698089,"01771M08:41:22.792","01771 08:29:13",215.75,907.35,,,,"     ",5.30,116.29,2.64
1771,554698090,"01771M08:41:23.766","01771 08:29:14",215.78,907.33,,,,"     ",5.30,114.77,2.60
1771,554698091,"01771M08:41:24.739","01771 08:29:14",215.81,907.23,,,,"     ",5.30,116.01,2.63
1771,554698092,"01771M08:41:25.712","01771 08:29:15",215.84,907.25,,,,"     ",5.30,116.17,2.63
1771,554698093,"01771M08:41:26.685","01771 08:29:16",215.88,907.18,,,,"     ",5.30,115.18,2.61
1771,554698094,"01771M08:41:27.659","01771 08:29:17",215.91,907.20,,,,"     ",5.30,115.60,2.62
1771,554698095,"01771M08:41:28.632","01771 08:29:18",215.95,907.26,,,,"     ",5.30,115.01,2.60
1771,554698096,"01771M08:41:29.605","01771 08:29:19",215.99,907.25,,,,"     ",5.30,115.54,2.62
1771,554698097,"01771M08:41:30.578","01771 08:29:20",216.04,907.23,,,,"     ",5.30,116.35,2.63
1771,554698098,"01771M08:41:31.552","01771 08:29:21",216.08,907.21,,,,"     ",5.30,116.12,2.63
1771,554698099,"01771M08:41:32.525","01771 08:29:22",216.13,907.24,,,,"     ",5.30,116.05,2.63
1771,554698100,"01771M08:41:33.498","01771 08:29:23",216.18,907.20,,,,"     ",5.30,116.74,2.64
1771,554698101,"01771M08:41:34.471","01771 08:29:24",216.22,907.28,,,,"     ",5.30,115.20,2.60
1771,554698102,"01771M08:41:35.445","01771 08:29:25",216.28,907.22,,,,"     ",5.30,116.02,2.62
1771,554698103,"01771M08:41:36.418","01771 08:29:26",216.36,907.28,,,,"     ",5.30,117.02,2.65
1771,554698104,"01771M08:41:37.391","01771 08:29:27",216.45,907.32,,,,"     ",5.30,116.18,2.62
1771,554698105,"01771M08:41:38.364","01771 08:29:28",216.54,907.21,,,,"     ",5.30,116.13,2.62
1771,554698106,"01771M08:41:39.338","01771 08:29:29",216.64,907.27,,,,"     ",5.30,116.43,2.63
1771,554698107,"01771M08:41:40.311","01771 08:29:30",216.72,907.19,,,,"     ",5.30,115.92,2.62
1771,554698108,"01771M08:41:41.284","01771 08:29:31",216.78,907.23,,,,"     ",5.30,116.00,2.62
1771,554698109,"01771M08:41:42.257","01771 08:29:32",216.83,907.20,,,,"     ",5.30,115.84,2.61
1771,554698110,"01771M08:41:43.231","01771 08:29:33",216.87,907.15,,,,"     ",5.30,116.02,2.62
1771,554698111,"01771M08:41:44.204","01771 08:29:34",216.90,907.19,,,,"     ",5.30,116.42,2.63
1771,554698112,"01771M08:41:45.177","01771 08:29:35",216.92,907.21,,,,"     ",5.30,116.08,2.62
1771,554698113,"01771M08:41:46.150","01771 08:29:36",216.94,907.15,,,,"     ",5.30,116.07,2.61
1771,554698114,"01771M08:41:47.124","01771 08:29:37",216.95,907.20,,,,"     ",5.30,115.92,2.61
1771,554698115,"01771M08:41:48.097","01771 08:29:38",216.96,907.21,,,,"     ",5.30,116.58,2.63
1771,554698116,"01771M08:41:49.070","01771 08:29:39",216.97,907.18,,,,"     ",5.30,116.61,2.62
1771,554698117,"01771M08:41:50.043","01771 08:29:40",217.00,907.28,,,,"     ",5.30,116.56,2.62
1771,554698118,"01771M08:41:51.017","01771 08:29:41",217.05,907.21,,,,"     ",5.30,116.45,2.62
1771,554698119,"01771M08:41:51.990","01771 08:29:42",217.13,907.23,,,,"     ",5.30,116.42,2.62
1771,554698120,"01771M08:41:52.963","01771 08:29:43",217.23,907.25,,,,"     ",5.30,114.88,2.58
1771,554698121,"01771M08:41:53.936","01771 08:29:44",217.36,907.31,,,,"     ",5.30,116.38,2.61
1771,554698122,"01771M08:41:54.910","01771 08:29:45",217.50,907.20,,,,"     ",5.30,115.82,2.60
1771,554698123,"01771M08:41:55.883","01771 08:29:46",217.64,907.30,,,,"     ",5.30,116.35,2.61
1771,554698124,"01771M08:41:56.856","01771 08:29:47",217.77,907.28,,,,"     ",5.30,117.33,2.63
1771,554698125,"01771M08:41:57.829","01771 08:29:48",217.88,907.18,,,,"     ",5.30,116.87,2.62
1771,554698126,"01771M08:41:58.803","01771 08:29:49",217.95,907.21,,,,"     ",5.30,116.56,2.61
1771,554698127,"01771M08:41:59.776","01771 08:29:50",218.01,907.18,,,,"     ",5.30,115.97,2.60
1771,554698128,"01771M08:42:00.749","01771 08:29:51",218.05,907.16,,,,"     ",5.30,117.25,2.63
1771,554698129,"01771M08:42:01.722","01771 08:29:51",218.08,907.15,,,,"     ",5.30,116.32,2.60
1771,554698130,"01771M08:42:02.696","01771 08:29:52",218.13,907.12,,,,"     ",5.30,116.54,2.61
1771,554698131,"01771M08:42:03.669","01771 08:29:53",218.18,907.23,,,,"     ",5.30,116.72,2.61
1771,554698132,"01771M08:42:04.642","01771 08:29:54",218.23,907.13,,,,"     ",5.30,116.94,2.62
1771,554698133,"01771M08:42:05.615","01771 08:29:55",218.28,907.20,,,,"     ",5.30,116.71,2.61
1771,554698134,"01771M08:42:06.589","01771 08:29:56",218.33,907.22,,,,"     ",5.30,116.85,2.61
1771,554698135,"01771M08:42:07.562","01771 08:29:57",218.38,907.19,,,,"     ",5.30,117.05,2.61
1771,554698136,"01771M08:42:08.535","01771 08:29:58",218.44,907.24,,,,"     ",5.30,116.99,2.61
1771,554698137,"01771M08:42:09.508","01771 08:29:59",218.51,907.33,,,,"     ",5.30,116.89,2.61
1771,554698138,"01771M08:42:10.482","01771 08:30:00",218.57,907.23,,,,"     ",5.30,117.19,2.61
1771,554698139,"01771M08:42:11.455","01771 08:30:01",218.64,907.24,,,,"     ",5.30,116.15,2.59
1771,554698140,"01771M08:42:12.428","01771 08:30:02",217.91,907.15,,,,"     ",5.30,116.82,2.60
1771,554698141,"01771M08:42:13.401","01771 08:30:03",218.01,907.20,,,,"     ",5.30,117.98,2.63
1771,554698142,"01771M08:42:14.375","01771 08:30:04",218.10,907.19,,,,"     ",5.30,116.10,2.58
1771,554698143,"01771M08:42:15.348","01771 08:30:05",218.18,907.29,,,,"     ",5.30,116.81,2.60
1771,554698144,"01771M08:42:16.321","01771 08:30:06",218.25,907.26,,,,"     ",5.30,117.28,2.61
1771,554698145,"01771M08:42:17.294","01771 08:30:07",218.30,907.30,,,,"     ",5.30,117.78,2.62
1771,554698146,"01771M08:42:18.268","01771 08:30:08",218.35,907.19,,,,"     ",5.30,116.53,2.59
1771,554698147,"01771M08:42:19.241","01771 08:30:09",218.40,907.23,,,,"     ",5.30,116.67,2.59
1771,554698148,"01771M08:42:20.214","01771 08:30:10",218.45,907.18,,,,"     ",5.30,117.56,2.61
1771,554698149,"01771M08:42:21.188","01771 08:30:11",218.50,907.14,,,,"     ",5.30,117.73,2.61
1771,554698150,"01771M08:42:22.161","01771 08:30:12",218.55,907.19,,,,"     ",5.30,117.30,2.60
1771,554698151,"01771M08:42:23.134","01771 08:30:13",218.60,907.11,,,,"     ",5.30,117.55,2.60
1771,554698152,"01771M08:42:24.107","01771 08:30:14",218.65,907.07,,,,"     ",5.30,117.68,2.60
1771,554698153,"01771M08:42:25.081","01771 08:30:15",218.69,907.13,,,,"     ",5.30,117.18,2.59
1771,554698154,"01771M08:42:26.054","01771 08:30:16",218.74,907.17,,,,"     ",5.30,116.75,2.58
1771,554698155,"01771M08:42:27.027","01771 08:30:17",218.80,907.08,,,,"     ",5.30,117.48,2.59
1771,554698156,"01771M08:42:28.000","01771 08:30:18",218.87,907.11,,,,"     ",5.30,117.82,2.60
1771,554698157,"01771M08:42:28.974","01771 08:30:19",218.95,907.07,,,,"     ",5.30,118.81,2.62
1771,554698158,"01771M08:42:29.947","01771 08:30:20",219.03,907.14,,,,"     ",5.30,118.24,2.61
1771,554698159,"01771M08:42:30.920","01771 08:30:21",219.12,907.16,,,,"     ",5.30,117.57,2.59
1771,554698160,"01771M08:42:31.893","01771 08:30:22",219.21,907.22,,,,"     ",5.30,117.36,2.58
1771,554698161,"01771M08:42:32.867","01771 08:30:23",219.29,907.16,,,,"     ",5.30,116.60,2.57
1771,554698162,"01771M08:42:33.840","01771 08:30:24",219.36,907.22,,,,"     ",5.30,117.87,2.59
1771,554698163,"01771M08:42:34.813","01771 08:30:25",219.42,907.17,,,,"     ",5.30,117.91,2.59
1771,554698164,"01771M08:42:35.786","01771 08:30:26",219.48,907.09,,,,"     ",5.30,117.46,2.58
1771,554698165,"01771M08:42:36.760","01771 08:30:27",219.52,907.07,,,,"     ",5.30,117.78,2.59
1771,554698166,"01771M08:42:37.733","01771 08:30:27",219.55,907.14,,,,"     ",5.30,118.00,2.59
1771,554698167,"01771M08:42:38.706","01771 08:30:28",219.57,907.12,,,,"     ",5.30,118.61,2.60
1771,554698168,"01771M08:42:39.679","01771 08:30:29",219.59,907.03,,,,"     ",5.30,118.00,2.58
1771,554698169,"01771M08:42:40.653","01771 08:30:30",219.60,907.14,,,,"     ",5.30,118.21,2.59
1771,554698170,"01771M08:42:41.626","01771 08:30:31",219.60,907.13,,,,"     ",5.30,118.58,2.59
1771,554698171,"01771M08:42:42.599","01771 08:30:32",219.61,907.11,,,,"     ",5.30,118.65,2.59
1771,554698172,"01771M08:42:43.572","01771 08:30:33",219.61,907.08,,,,"     ",5.30,118.90,2.60
1771,554698173,"01771M08:42:44.546","01771 08:30:34",219.61,907.19,,,,"     ",5.30,117.82,2.57
1771,554698174,"01771M08:42:45.519","01771 08:30:35",219.62,907.21,,,,"     ",5.30,118.39,2.58
1771,554698175,"01771M08:42:46.492","01771 08:30:36",219.63,907.14,,,,"     ",5.30,119.74,2.61
1771,554698176,"01771M08:42:47.465","01771 08:30:37",219.63,907.17,,,,"     ",5.30,118.16,2.57
1771,554698177,"01771M08:42:48.439","01771 08:30:38",219.62,907.12,,,,"     ",5.30,119.19,2.60
1771,554698178,"01771M08:42:49.412","01771 08:30:39",219.60,907.13,,,,"     ",5.30,118.51,2.58
1771,554698179,"01771M08:42:50.385","01771 08:30:40",219.57,907.19,,,,"     ",5.30,119.26,2.59
1771,554698180,"01771M08:42:51.358","01771 08:30:41",219.52,907.16,,,,"     ",5.30,119.74,2.60
1771,554698181,"01771M08:42:52.332","01771 08:30:42",219.45,907.11,,,,"     ",5.30,118.85,2.58
1771,554698182,"01771M08:42:53.305","01771 08:30:43",219.36,907.11,,,,"     ",5.30,119.24,2.59
1771,554698183,"01771M08:42:54.278","01771 08:30:44",219.26,907.00,,,,"     ",5.30,119.27,2.59
1771,554698184,"01771M08:42:55.251","01771 08:30:45",219.14,907.02,,,,"     ",5.30,119.50,2.59
1771,554698185,"01771M08:42:56.225","01771 08:30:46",219.55,907.02,,,,"     ",5.30,119.43,2.59
1771,554698186,"01771M08:42:57.198","01771 08:30:47",219.46,907.13,,,,"     ",5.30,119.21,2.58
1771,554698187,"01771M08:42:58.171","01771 08:30:48",219.37,907.06,,,,"     ",5.30,119.28,2.58
1771,554698188,"01771M08:42:59.144","01771 08:30:49",219.27,907.13,,,,"     ",5.30,118.61,2.57
1771,554698189,"01771M08:43:00.118","01771 08:30:50",219.18,907.17,,,,"     ",5.30,118.79,2.57
1771,554698190,"01771M08:43:01.091","01771 08:30:51",219.10,907.08,,,,"     ",5.30,119.47,2.58
1771,554698191,"01771M08:43:02.064","01771 08:30:52",219.04,907.09,,,,"     ",5.30,119.43,2.58
1771,554698192,"01771M08:43:03.037","01771 08:30:53",218.99,907.09,,,,"     ",5.30,119.16,2.57
1771,554698193,"01771M08:43:04.011","01771 08:30:54",218.96,907.12,,,,"     ",5.30,118.15,2.55
1771,554698194,"01771M08:43:04.984","01771 08:30:55",218.94,907.14,,,,"     ",5.30,120.24,2.60
1771,554698195,"01771M08:43:05.957","01771 08:30:56",218.94,907.09,,,,"     ",5.30,118.18,2.55
1771,554698196,"01771M08:43:06.930","01771 08:30:57",218.94,907.15,,,,"     ",5.30,120.11,2.59
1771,554698197,"01771M08:43:07.904","01771 08:30:58",218.95,907.07,,,,"     ",5.30,119.86,2.58
1771,554698198,"01771M08:43:08.877","01771 08:30:59",218.97,907.05,,,,"     ",5.30,120.15,2.59
1771,554698199,"01771M08:43:09.850","01771 08:31:00",218.99,907.04,,,,"     ",5.30,119.80,2.58
1771,554698200,"01771M08:43:10.823","01771 08:31:01",219.02,907.07,,,,"     ",5.30,119.42,2.57
1771,554698201,"01771M08:43:11.797","01771 08:31:02",219.05,907.03,,,,"     ",5.30,120.22,2.59
1771,554698202,"01771M08:43:12.770","01771 08:31:03",219.07,907.10,,,,"     ",5.30,119.45,2.57
1771,554698203,"01771M08:43:13.743","01771 08:31:04",219.08,907.07,,,,"     ",5.30,119.85,2.58
1771,554698204,"01771M08:43:14.716","01771 08:31:04",219.09,907.04,,,,"     ",5.30,119.01,2.56
1771,554698205,"01771M08:43:15.690","01771 08:31:05",219.10,907.05,,,,"     ",5.30,119.86,2.58
1771,554698206,"01771M08:43:16.663","01771 08:31:06",219.12,907.02,,,,"     ",5.30,119.03,2.56
1771,554698207,"01771M08:43:17.636","01771 08:31:07",219.13,907.05,,,,"     ",5.30,120.09,2.58
1771,554698208,"01771M08:43:18.609","01771 08:31:08",219.14,907.06,,,,"     ",5.30,119.75,2.57
1771,554698209,"01771M08:43:19.583","01771 08:31:09",219.17,907.14,,,,"     ",5.30,118.97,2.55
1771,554698210,"01771M08:43:20.556","01771 08:31:10",219.20,907.16,,,,"     ",5.30,118.60,2.54
1771,554698211,"01771M08:43:21.529","01771 08:31:11",219.25,907.13,,,,"     ",5.30,120.42,2.58
1771,554698212,"01771M08:43:22.502","01771 08:31:12",218.61,907.07,,,,"     ",5.30,118.92,2.55
1771,554698213,"01771M08:43:23.476","01771 08:31:13",218.69,907.10,,,,"     ",5.30,120.51,2.58
1771,554698214,"01771M08:43:24.449","01771 08:31:14",218.79,907.12,,,,"     ",5.30,120.06,2.57
1771,554698215,"01771M08:43:25.422","01771 08:31:15",218.89,907.14,,,,"     ",5.30,120.72,2.58
1771,554698216,"01771M08:43:26.395","01771 08:31:16",218.99,907.02,,,,"     ",5.30,119.06,2.55
1771,554698217,"01771M08:43:27.369","01771 08:31:17",219.10,907.10,,,,"     ",5.30,119.93,2.56
1771,554698218,"01771M08:43:28.342","01771 08:31:18",219.20,907.08,,,,"     ",5.30,120.36,2.57
1771,554698219,"01771M08:43:29.315","01771 08:31:19",219.30,907.06,,,,"     ",5.30,121.06,2.59
1771,554698220,"01771M08:43:30.289","01771 08:31:20",219.39,907.10,,,,"     ",5.30,120.84,2.58
1771,554698221,"01771M08:43:31.262","01771 08:31:21",219.48,907.11,,,,"     ",5.30,120.56,2.57
1771,554698222,"01771M08:43:32.235","01771 08:31:22",219.57,907.04,,,,"     ",5.30,120.77,2.58
1771,554698223,"01771M08:43:33.208","01771 08:31:23",219.65,906.97,,,,"     ",5.30,119.63,2.55
1771,554698224,"01771M08:43:34.182","01771 08:31:24",219.72,907.10,,,,"     ",5.30,119.87,2.55
1771,554698225,"01771M08:43:35.155","01771 08:31:25",219.78,907.09,,,,"     ",5.30,120.36,2.56
1771,554698226,"01771M08:43:36.128","01771 08:31:26",219.83,907.06,,,,"     ",5.30,120.68,2.57
1771,554698227,"01771M08:43:37.101","01771 08:31:27",219.88,907.01,,,,"     ",5.30,120.75,2.57
1771,554698228,"01771M08:43:38.075","01771 08:31:28",219.92,907.12,,,,"     ",5.30,121.22,2.58
1771,554698229,"01771M08:43:39.048","01771 08:31:29",219.95,907.00,,,,"     ",5.30,120.55,2.56
1771,554698230,"01771M08:43:40.021","01771 08:31:30",219.98,907.11,,,,"     ",5.30,120.46,2.56
1771,554698231,"01771M08:43:40.994","01771 08:31:31",220.01,907.15,,,,"     ",5.30,120.90,2.57
1771,554698232,"01771M08:43:41.968","01771 08:31:32",220.02,907.09,,,,"     ",5.30,119.88,2.54
1771,554698233,"01771M08:43:42.941","01771 08:31:33",220.02,907.08,,,,"     ",5.30,121.21,2.57
1771,554698234,"01771M08:43:43.914","01771 08:31:34",220.01,907.05,,,,"     ",5.30,119.50,2.53
1771,554698235,"01771M08:43:44.887","01771 08:31:35",219.99,907.07,,,,"     ",5.30,121.14,2.57
1771,554698236,"01771M08:43:45.861","01771 08:31:36",219.96,907.16,,,,"     ",5.30,120.40,2.55
1771,554698237,"01771M08:43:46.834","01771 08:31:37",219.93,907.10,,,,"     ",5.30,120.51,2.55
1771,554698238,"01771M08:43:47.807","01771 08:31:38",219.91,907.11,,,,"     ",5.30,121.64,2.57
1771,554698239,"01771M08:43:48.780","01771 08:31:39",219.90,907.08,,,,"     ",5.30,120.90,2.55
1771,554698240,"01771M08:43:49.754","01771 08:31:40",219.90,907.09,,,,"     ",5.30,120.92,2.55
1771,554698241,"01771M08:43:50.727","01771 08:31:41",219.92,907.05,,,,"     ",5.30,121.51,2.56
1771,554698242,"01771M08:43:51.700","01771 08:31:41",219.94,907.03,,,,"     ",5.30,120.67,2.55
1771,554698243,"01771M08:43:52.673","01771 08:31:42",219.97,907.02,,,,"     ",5.30,121.09,2.55
1771,554698244,"01771M08:43:53.647","01771 08:31:43",219.99,907.08,,,,"     ",5.30,122.15,2.57
1771,554698245,"01771M08:43:54.620","01771 08:31:44",220.00,907.03,,,,"     ",5.30,121.71,2.56
1771,554698246,"01771M08:43:55.593","01771 08:31:45",220.00,907.00,,,,"     ",5.30,121.78,2.56
1771,554698247,"01771M08:43:56.566","01771 08:31:46",220.01,906.96,,,,"     ",5.30,120.75,2.54
1771,554698248,"01771M08:43:57.540","01771 08:31:47",220.01,907.03,,,,"     ",5.30,120.82,2.54
1771,554698249,"01771M08:43:58.513","01771 08:31:48",220.01,907.09,,,,"     ",5.30,121.56,2.56
1771,554698250,"01771M08:43:59.486","01771 08:31:49",220.01,907.15,,,,"     ",5.30,121.05,2.54
1771,554698251,"01771M08:44:00.459","01771 08:31:50",220.01,907.13,,,,"     ",5.30,121.29,2.55
1771,554698252,"01771M08:44:01.433","01771 08:31:51",220.01,907.12,,,,"     ",5.30,121.08,2.54
1771,554698253,"01771M08:44:02.406","01771 08:31:52",220.02,907.07,,,,"     ",5.30,121.41,2.55
1771,554698254,"01771M08:44:03.379","01771 08:31:53",220.03,906.99,,,,"     ",5.30,121.53,2.55
1771,554698255,"01771M08:44:04.352","01771 08:31:54",220.05,906.96,,,,"     ",5.30,121.69,2.55
1771,554698256,"01771M08:44:05.326","01771 08:31:55",220.07,907.00,,,,"     ",5.30,121.15,2.54
1771,554698257,"01771M08:44:06.299","01771 08:31:56",220.09,907.09,,,,"     ",5.30,121.77,2.55
1771,554698258,"01771M08:44:07.272","01771 08:31:57",220.12,907.05,,,,"     ",5.30,121.47,2.54
1771,554698259,"01771M08:44:08.245","01771 08:31:58",220.15,907.06,,,,"     ",5.30,121.98,2.55
1771,554698260,"01771M08:44:09.219","01771 08:31:59",220.18,907.05,,,,"     ",5.30,121.67,2.54
1771,554698261,"01771M08:44:10.192","01771 08:32:00",220.20,907.05,,,,"     ",5.30,121.97,2.55
1771,554698262,"01771M08:44:11.165","01771 08:32:01",220.21,907.01,,,,"     ",5.30,122.26,2.55
1771,554698263,"01771M08:44:12.138","01771 08:32:02",220.21,906.97,,,,"     ",5.30,121.97,2.55
1771,554698264,"01771M08:44:13.112","01771 08:32:03",220.20,907.01,,,,"     ",5.30,122.21,2.55
1771,554698265,"01771M08:44:14.085","01771 08:32:04",220.19,906.98,,,,"     ",5.30,121.59,2.54
1771,554698266,"01771M08:44:15.058","01771 08:32:05",220.18,906.86,,,,"     ",5.30,122.85,2.56
1771,554698267,"01771M08:44:16.031","01771 08:32:06",220.19,907.02,,,,"     ",5.30,121.10,2.52
1771,554698268,"01771M08:44:17.005","01771 08:32:07",220.19,906.99,,,,"     ",5.30,122.05,2.54
1771,554698269,"01771M08:44:17.978","01771 08:32:08",220.20,906.97,,,,"     ",5.30,121.63,2.53
1771,554698270,"01771M08:44:18.951","01771 08:32:09",220.21,907.02,,,,"     ",5.30,122.68,2.55
1771,554698271,"01771M08:44:19.924","01771 08:32:10",220.21,906.92,,,,"     ",5.30,122.62,2.55
1771,554698272,"01771M08:44:20.898","01771 08:32:11",220.20,906.90,,,,"     ",5.30,122.15,2.54
1771,554698273,"01771M08:44:21.871","01771 08:32:12",220.19,907.01,,,,"     ",5.30,122.47,2.55
1771,554698274,"01771M08:44:22.844","01771 08:32:13",220.16,907.00,,,,"     ",5.30,121.41,2.52
1771,554698275,"01771M08:44:23.817","01771 08:32:14",220.12,906.97,,,,"     ",5.30,122.46,2.54
1771,554698276,"01771M08:44:24.791","01771 08:32:15",220.07,906.97,,,,"     ",5.30,122.07,2.53
1771,554698277,"01771M08:44:25.764","01771 08:32:16",220.01,907.02,,,,"     ",5.30,122.13,2.53
1771,554698278,"01771M08:44:26.737","01771 08:32:17",219.95,907.00,,,,"     ",5.30,122.26,2.53
1771,554698279,"01771M08:44:27.710","01771 08:32:17",219.88,907.02,,,,"     ",5.30,122.75,2.54
1771,554698280,"01771M08:44:28.684","01771 08:32:18",219.80,907.07,,,,"     ",5.30,122.61,2.54
1771,554698281,"01771M08:44:29.657","01771 08:32:19",219.72,906.99,,,,"     ",5.30,122.32,2.53
1771,554698282,"01771M08:44:30.630","01771 08:32:20",219.64,907.05,,,,"     ",5.30,122.33,2.53
1771,554698283,"01771M08:44:31.603","01771 08:32:21",219.56,907.05,,,,"     ",5.30,122.50,2.53
1771,554698284,"01771M08:44:32.577","01771 08:32:22",219.48,907.06,,,,"     ",5.30,123.26,2.55
1771,554698285,"01771M08:44:33.550","01771 08:32:23",219.90,907.04,,,,"     ",5.30,122.73,2.54
1771,554698286,"01771M08:44:34.523","01771 08:32:24",219.84,907.01,,,,"     ",5.30,123.17,2.54
1771,554698287,"01771M08:44:35.496","01771 08:32:25",219.77,906.94,,,,"     ",5.30,122.77,2.54
1771,554698288,"01771M08:44:36.470","01771 08:32:26",219.67,907.02,,,,"     ",5.30,123.21,2.54
1771,554698289,"01771M08:44:37.443","01771 08:32:27",219.54,906.97,,,,"     ",5.30,122.76,2.53
1771,554698290,"01771M08:44:38.416","01771 08:32:28",219.40,906.99,,,,"     ",5.30,122.24,2.52
1771,554698291,"01771M08:44:39.390","01771 08:32:29",219.27,906.98,,,,"     ",5.30,123.62,2.55
1771,554698292,"01771M08:44:40.363","01771 08:32:30",219.14,906.93,,,,"     ",5.30,121.76,2.51
1771,554698293,"01771M08:44:41.336","01771 08:32:31",219.02,907.01,,,,"     ",5.30,123.29,2.54
1771,554698294,"01771M08:44:42.309","01771 08:32:32",218.92,907.01,,,,"     ",5.30,122.70,2.53
1771,554698295,"01771M08:44:43.283","01771 08:32:33",218.82,907.04,,,,"     ",5.30,123.04,2.53
1771,554698296,"01771M08:44:44.256","01771 08:32:34",218.73,907.14,,,,"     ",5.30,123.29,2.54
1771,554698297,"01771M08:44:45.229","01771 08:32:35",218.65,907.02,,,,"     ",5.30,122.14,2.51
1771,554698298,"01771M08:44:46.202","01771 08:32:36",218.57,907.02,,,,"     ",5.30,123.02,2.53
1771,554698299,"01771M08:44:47.176","01771 08:32:37",218.50,907.06,,,,"     ",5.30,123.16,2.53
1771,554698300,"01771M08:44:48.149","01771 08:32:38",218.41,907.02,,,,"     ",5.30,123.39,2.54
1771,554698301,"01771M08:44:49.122","01771 08:32:39",218.33,906.98,,,,"     ",5.30,122.99,2.53
1771,554698302,"01771M08:44:50.095","01771 08:32:40",218.25,907.05,,,,"     ",5.30,122.67,2.52
1771,554698303,"01771M08:44:51.069","01771 08:32:41",218.18,907.11,,,,"     ",5.30,124.35,2.55
1771,554698304,"01771M08:44:52.042","01771 08:32:42",218.10,907.01,,,,"     ",5.30,123.84,2.54
1771,554698305,"01771M08:44:53.015","01771 08:32:43",218.02,907.00,,,,"     ",5.30,122.79,2.52
1771,554698306,"01771M08:44:53.988","01771 08:32:44",217.93,906.87,,,,"     ",5.30,123.55,2.53
1771,554698307,"01771M08:44:54.962","01771 08:32:45",217.85,906.98,,,,"     ",5.30,123.80,2.54
1771,554698308,"01771M08:44:55.935","01771 08:32:46",217.78,906.90,,,,"     ",5.30,123.49,2.53
1771,554698309,"01771M08:44:56.908","01771 08:32:47",217.71,906.96,,,,"     ",5.30,123.44,2.53
1771,554698310,"01771M08:44:57.881","01771 08:32:48",217.65,906.92,,,,"     ",5.30,123.43,2.53
1771,554698311,"01771M08:44:58.855","01771 08:32:49",217.59,906.96,,,,"     ",5.30,123.72,2.53
1771,554698312,"01771M08:44:59.828","01771 08:32:50",217.53,906.97,,,,"     ",5.30,123.80,2.54
1771,554698313,"01771M08:45:00.801","01771 08:32:51",217.47,906.90,,,,"     ",5.30,123.66,2.53
1771,554698314,"01771M08:45:01.774","01771 08:32:52",217.42,906.89,,,,"     ",5.30,122.92,2.51
1771,554698315,"01771M08:45:02.748","01771 08:32:53",217.36,906.90,,,,"     ",5.30,123.11,2.52
1771,554698316,"01771M08:45:03.721","01771 08:32:54",217.30,906.87,,,,"     ",5.30,124.04,2.54
1771,554698317,"01771M08:45:04.694","01771 08:32:54",217.23,906.94,,,,"     ",5.30,123.85,2.53
1771,554698318,"01771M08:45:05.667","01771 08:32:55",217.15,906.92,,,,"     ",5.30,123.34,2.52
1771,554698319,"01771M08:45:06.641","01771 08:32:56",217.07,906.98,,,,"     ",5.30,124.58,2.55
1771,554698320,"01771M08:45:07.614","01771 08:32:57",216.98,906.94,,,,"     ",5.30,123.89,2.53
1771,554698321,"01771M08:45:08.587","01771 08:32:58",216.89,907.02,,,,"     ",5.30,124.03,2.53
1771,554698322,"01771M08:45:09.560","01771 08:32:59",216.79,907.06,,,,"     ",5.30,123.61,2.52
1771,554698323,"01771M08:45:10.534","01771 08:33:00",216.70,906.95,,,,"     ",5.30,123.94,2.53
1771,554698324,"01771M08:45:11.507","01771 08:33:01",216.60,907.01,,,,"     ",5.30,125.08,2.55
1771,554698325,"01771M08:45:12.480","01771 08:33:02",216.51,906.97,,,,"     ",5.30,124.11,2.53
1771,554698326,"01771M08:45:13.453","01771 08:33:03",216.41,907.02,,,,"     ",5.30,124.82,2.55
1771,554698327,"01771M08:45:14.427","01771 08:33:04",216.32,907.03,,,,"     ",5.30,124.30,2.53
1771,554698328,"01771M08:45:15.400","01771 08:33:05",216.23,907.01,,,,"     ",5.30,124.77,2.54
1771,554698329,"01771M08:45:16.373","01771 08:33:06",216.16,907.01,,,,"     ",5.30,124.50,2.54
1771,554698330,"01771M08:45:17.346","01771 08:33:07",216.10,906.95,,,,"     ",5.30,124.49,2.54
1771,554698331,"01771M08:45:18.320","01771 08:33:08",216.07,906.94,,,,"     ",5.30,124.68,2.54
1771,554698332,"01771M08:45:19.293","01771 08:33:09",216.05,906.98,,,,"     ",5.30,124.30,2.53
1771,554698333,"01771M08:45:20.266","01771 08:33:10",216.05,906.94,,,,"     ",5.30,123.86,2.52
1771,554698334,"01771M08:45:21.239","01771 08:33:11",216.04,906.88,,,,"     ",5.30,123.61,2.51
1771,554698335,"01771M08:45:22.213","01771 08:33:12",216.03,906.89,,,,"     ",5.30,123.11,2.50
1771,554698336,"01771M08:45:23.186","01771 08:33:13",216.01,906.93,,,,"     ",5.30,123.94,2.52
1771,554698337,"01771M08:45:24.159","01771 08:33:14",215.99,906.85,,,,"     ",5.30,125.87,2.56
1771,554698338,"01771M08:45:25.132","01771 08:33:15",215.95,906.84,,,,"     ",5.30,125.08,2.54
1771,554698339,"01771M08:45:26.106","01771 08:33:16",215.90,906.92,,,,"     ",5.30,125.54,2.55
1771,554698340,"01771M08:45:27.079","01771 08:33:17",215.85,906.87,,,,"     ",5.30,123.17,2.50
1771,554698341,"01771M08:45:28.052","01771 08:33:18",215.81,906.91,,,,"     ",5.30,124.51,2.53
1771,554698342,"01771M08:45:29.025","01771 08:33:19",215.76,906.92,,,,"     ",5.30,125.86,2.55
1771,554698343,"01771M08:45:29.999","01771 08:33:20",215.72,906.93,,,,"     ",5.30,125.47,2.54
1771,554698344,"01771M08:45:30.972","01771 08:33:21",215.68,907.04,,,,"     ",5.30,124.67,2.53
1771,554698345,"01771M08:45:31.945","01771 08:33:22",215.63,907.00,,,,"     ",5.30,123.97,2.51
1771,554698346,"01771M08:45:32.918","01771 08:33:23",215.60,907.07,,,,"     ",5.30,125.45,2.54
1771,554698347,"01771M08:45:33.892","01771 08:33:24",215.57,907.05,,,,"     ",5.30,125.36,2.54
1771,554698348,"01771M08:45:34.865","01771 08:33:25",215.56,907.02,,,,"     ",5.30,123.72,2.51
1771,554698349,"01771M08:45:35.838","01771 08:33:26",215.54,907.04,,,,"     ",5.30,125.69,2.55
1771,554698350,"01771M08:45:36.811","01771 08:33:27",215.53,906.96,,,,"     ",5.30,126.21,2.56
1771,554698351,"01771M08:45:37.785","01771 08:33:28",215.53,907.01,,,,"     ",5.30,125.53,2.54
1771,554698352,"01771M08:45:38.758","01771 08:33:29",215.52,906.99,,,,"     ",5.30,124.83,2.52
1771,554698353,"01771M08:45:39.731","01771 08:33:30",215.51,906.90,,,,"     ",5.30,125.73,2.54
1771,554698354,"01771M08:45:40.704","01771 08:33:31",215.50,906.89,,,,"     ",5.30,125.77,2.54
1771,554698355,"01771M08:45:41.678","01771 08:33:31",215.50,906.82,,,,"     ",5.30,124.50,2.52
1771,554698356,"01771M08:45:42.651","01771 08:33:32",215.50,906.90,,,,"     ",5.30,125.60,2.54
1771,554698357,"01771M08:45:43.624","01771 08:33:33",215.51,906.86,,,,"     ",5.30,124.44,2.51
1771,554698358,"01771M08:45:44.597","01771 08:33:34",215.51,906.89,,,,"     ",5.30,124.32,2.51
1771,554698359,"01771M08:45:45.571","01771 08:33:35",215.50,906.88,,,,"     ",5.30,125.13,2.53
1771,554698360,"01771M08:45:46.544","01771 08:33:36",215.49,906.90,,,,"     ",5.30,124.93,2.52
1771,554698361,"01771M08:45:47.517","01771 08:33:37",215.47,906.86,,,,"     ",5.30,126.18,2.55
1771,554698362,"01771M08:45:48.490","01771 08:33:38",215.44,906.84,,,,"     ",5.30,125.23,2.53
1771,554698363,"01771M08:45:49.464","01771 08:33:39",215.38,906.86,,,,"     ",5.30,125.45,2.53
1771,554698364,"01771M08:45:50.437","01771 08:33:40",215.32,906.88,,,,"     ",5.30,125.24,2.53
1771,554698365,"01771M08:45:51.410","01771 08:33:41",215.24,906.82,,,,"     ",5.30,124.85,2.52
1771,554698366,"01771M08:45:52.384","01771 08:33:42",215.15,906.82,,,,"     ",5.30,124.69,2.51
1771,554698367,"01771M08:45:53.357","01771 08:33:43",215.06,906.81,,,,"     ",5.30,125.24,2.52
1771,554698368,"01771M08:45:54.330","01771 08:33:44",214.96,906.78,,,,"     ",5.30,125.90,2.54
1771,554698369,"01771M08:45:55.303","01771 08:33:45",214.86,906.82,,,,"     ",5.30,125.63,2.53
1771,554698370,"01771M08:45:56.277","01771 08:33:46",214.77,906.78,,,,"     ",5.30,125.92,2.54
1771,554698371,"01771M08:45:57.250","01771 08:33:47",214.69,906.77,,,,"     ",5.30,124.94,2.52
1771,554698372,"01771M08:45:58.223","01771 08:33:48",214.63,906.85,,,,"     ",5.30,126.09,2.54
1771,554698373,"01771M08:45:59.196","01771 08:33:49",214.58,906.86,,,,"     ",5.30,124.88,2.51
1771,554698374,"01771M08:46:00.170","01771 08:33:50",214.53,906.87,,,,"     ",5.30,125.49,2.53
1771,554698375,"01771M08:46:01.143","01771 08:33:51",214.48,906.92,,,,"     ",5.30,126.13,2.54
1771,554698376,"01771M08:46:02.116","01771 08:33:52",214.43,906.88,,,,"     ",5.30,125.07,2.52
1771,554698377,"01771M08:46:03.089","01771 08:33:53",214.36,906.94,,,,"     ",5.30,125.58,2.53
1771,554698378,"01771M08:46:04.063","01771 08:33:54",214.29,906.98,,,,"     ",5.30,126.89,2.55
1771,554698379,"01771M08:46:05.036","01771 08:33:55",214.23,906.88,,,,"     ",5.30,126.21,2.54
1771,554698380,"01771M08:46:06.009","01771 08:33:56",214.17,906.94,,,,"     ",5.30,125.94,2.53
1771,554698381,"01771M08:46:06.982","01771 08:33:57",214.12,906.89,,,,"     ",5.30,125.33,2.52
1771,554698382,"01771M08:46:07.956","01771 08:33:58",214.07,906.87,,,,"     ",5.30,126.15,2.54
1771,554698383,"01771M08:46:08.929","01771 08:33:59",214.05,906.82,,,,"     ",5.30,126.31,2.54
1771,554698384,"01771M08:46:09.902","01771 08:34:00",214.04,906.88,,,,"     ",5.30,125.96,2.53
1771,554698385,"01771M08:46:10.875","01771 08:34:01",214.04,906.95,,,,"     ",5.30,125.98,2.53
1771,554698386,"01771M08:46:11.849","01771 08:34:02",214.05,906.98,,,,"     ",5.30,126.28,2.54
1771,554698387,"01771M08:46:12.822","01771 08:34:03",214.08,906.90,,,,"     ",5.30,125.78,2.53
1771,554698388,"01771M08:46:13.795","01771 08:34:04",214.11,906.93,,,,"     ",5.30,125.99,2.53
1771,554698389,"01771M08:46:14.768","01771 08:34:05",214.16,906.94,,,,"     ",5.30,124.48,2.50
1771,554698390,"01771M08:46:15.742","01771 08:34:06",214.23,907.00,,,,"     ",5.30,126.00,2.53
1771,554698391,"01771M08:46:16.715","01771 08:34:07",214.30,907.00,,,,"     ",5.30,126.05,2.53
1771,554698392,"01771M08:46:17.688","01771 08:34:08",214.39,906.97,,,,"     ",5.30,126.61,2.54
1771,554698393,"01771M08:46:18.661","01771 08:34:08",214.49,906.84,,,,"     ",5.30,125.22,2.51
1771,554698394,"01771M08:46:19.635","01771 08:34:09",214.60,906.84,,,,"     ",5.30,125.99,2.53
1771,554698395,"01771M08:46:20.608","01771 08:34:10",214.73,906.83,,,,"     ",5.30,125.72,2.52
1771,554698396,"01771M08:46:21.581","01771 08:34:11",214.55,906.84,,,,"     ",5.30,126.27,2.53
1771,554698397,"01771M08:46:22.554","01771 08:34:12",214.57,906.88,,,,"     ",5.30,126.00,2.53
1771,554698398,"01771M08:46:23.528","01771 08:34:13",214.58,906.78,,,,"     ",5.30,125.63,2.52
1771,554698399,"01771M08:46:24.501","01771 08:34:14",214.59,906.74,,,,"     ",5.30,125.48,2.51
1771,554698400,"01771M08:46:25.474","01771 08:34:15",214.59,906.77,,,,"     ",5.30,126.37,2.53
1771,554698401,"01771M08:46:26.447","01771 08:34:16",214.59,906.78,,,,"     ",5.30,126.60,2.54
1771,554698402,"01771M08:46:27.421","01771 08:34:17",214.58,906.88,,,,"     ",5.30,125.84,2.52
1771,554698403,"01771M08:46:28.394","01771 08:34:18",214.57,906.83,,,,"     ",5.30,126.02,2.52
1771,554698404,"01771M08:46:29.367","01771 08:34:19",214.55,906.91,,,,"     ",5.30,125.50,2.51
1771,554698405,"01771M08:46:30.340","01771 08:34:20",214.52,906.84,,,,"     ",5.30,125.74,2.52
1771,554698406,"01771M08:46:31.314","01771 08:34:21",214.50,906.85,,,,"     ",5.30,127.11,2.54
1771,554698407,"01771M08:46:32.287","01771 08:34:22",214.46,906.83,,,,"     ",5.30,127.08,2.54
1771,554698408,"01771M08:46:33.260","01771 08:34:23",214.43,906.69,,,,"     ",5.30,126.01,2.52
1771,554698409,"01771M08:46:34.233","01771 08:34:24",214.38,906.78,,,,"     ",5.30,127.84,2.56
1771,554698410,"01771M08:46:35.207","01771 08:34:25",214.32,906.80,,,,"     ",5.30,126.69,2.53
1771,554698411,"01771M08:46:36.180","01771 08:34:26",214.26,906.84,,,,"     ",5.30,125.96,2.52
1771,554698412,"01771M08:46:37.153","01771 08:34:27",214.21,906.78,,,,"     ",5.30,127.34,2.54
1771,554698413,"01771M08:46:38.126","01771 08:34:28",214.16,906.80,,,,"     ",5.30,126.67,2.53
1771,554698414,"01771M08:46:39.100","01771 08:34:29",214.13,906.80,,,,"     ",5.30,127.53,2.55
1771,554698415,"01771M08:46:40.073","01771 08:34:30",214.11,906.90,,,,"     ",5.30,126.27,2.52
1771,554698416,"01771M08:46:41.046","01771 08:34:31",214.11,906.92,,,,"     ",5.30,126.99,2.53
1771,554698417,"01771M08:46:42.019","01771 08:34:32",214.12,906.88,,,,"     ",5.30,126.65,2.53
1771,554698418,"01771M08:46:42.993","01771 08:34:33",214.14,906.83,,,,"     ",5.30,126.09,2.51
1771,554698419,"01771M08:46:43.966","01771 08:34:34",214.17,906.78,,,,"     ",5.30,126.74,2.53
1771,554698420,"01771M08:46:44.939","01771 08:34:35",214.19,906.74,,,,"     ",5.30,127.03,2.53
1771,554698421,"01771M08:46:45.912","01771 08:34:36",214.20,906.86,,,,"     ",5.30,126.66,2.52
1771,554698422,"01771M08:46:46.886","01771 08:34:37",214.19,906.84,,,,"     ",5.30,125.51,2.50
1771,554698423,"01771M08:46:47.859","01771 08:34:38",214.17,906.85,,,,"     ",5.30,126.81,2.52
1771,554698424,"01771M08:46:48.832","01771 08:34:39",214.13,906.79,,,,"     ",5.30,126.79,2.52
1771,554698425,"01771M08:46:49.805","01771 08:34:40",214.09,906.82,,,,"     ",5.30,126.94,2.52
1771,554698426,"01771M08:46:50.779","01771 08:34:41",214.04,906.73,,,,"     ",5.30,126.50,2.51
1771,554698427,"01771M08:46:51.752","01771 08:34:42",214.01,906.75,,,,"     ",5.30,126.99,2.52
1771,554698428,"01771M08:46:52.725","01771 08:34:43",213.99,906.82,,,,"     ",5.30,127.16,2.53
1771,554698429,"01771M08:46:53.698","01771 08:34:44",213.98,906.83,,,,"     ",5.30,127.14,2.53
1771,554698430,"01771M08:46:54.672","01771 08:34:44",213.98,906.80,,,,"     ",5.30,125.38,2.49
1771,554698431,"01771M08:46:55.645","01771 08:34:45",213.99,906.81,,,,"     ",5.30,127.03,2.52
1771,554698432,"01771M08:46:56.618","01771 08:34:46",214.00,906.80,,,,"     ",5.30,126.01,2.50
1771,554698433,"01771M08:46:57.591","01771 08:34:47",214.03,906.77,,,,"     ",5.30,126.32,2.51
1771,554698434,"01771M08:46:58.565","01771 08:34:48",214.06,906.72,,,,"     ",5.30,128.14,2.54
1771,554698435,"01771M08:46:59.538","01771 08:34:49",214.09,906.72,,,,"     ",5.30,127.12,2.52
1771,554698436,"01771M08:47:00.511","01771 08:34:50",214.13,906.70,,,,"     ",5.30,126.67,2.51
1771,554698437,"01771M08:47:01.485","01771 08:34:51",214.15,906.79,,,,"     ",5.30,126.97,2.52
1771,554698438,"01771M08:47:02.458","01771 08:34:52",214.16,906.71,,,,"     ",5.30,126.68,2.51
1771,554698439,"01771M08:47:03.431","01771 08:34:53",214.16,906.77,,,,"     ",5.30,127.94,2.53
1771,554698440,"01771M08:47:04.404","01771 08:34:54",214.16,906.81,,,,"     ",5.30,127.07,2.52
1771,554698441,"01771M08:47:05.378","01771 08:34:55",214.13,906.76,,,,"     ",5.30,125.81,2.49
1771,554698442,"01771M08:47:06.351","01771 08:34:56",214.11,906.81,,,,"     ",5.30,127.62,2.53
1771,554698443,"01771M08:47:07.324","01771 08:34:57",214.08,906.79,,,,"     ",5.30,126.69,2.51
1771,554698444,"01771M08:47:08.297","01771 08:34:58",214.07,906.80,,,,"     ",5.30,127.58,2.52
1771,554698445,"01771M08:47:09.271","01771 08:34:59",214.09,906.83,,,,"     ",5.30,126.88,2.51
1771,554698446,"01771M08:47:10.244","01771 08:35:00",214.13,906.76,,,,"     ",5.30,127.50,2.52
1771,554698447,"01771M08:47:11.217","01771 08:35:01",214.19,906.79,,,,"     ",5.30,126.98,2.51
1771,554698448,"01771M08:47:12.190","01771 08:35:02",214.26,906.75,,,,"     ",5.30,127.00,2.51
1771,554698449,"01771M08:47:13.164","01771 08:35:03",214.34,906.85,,,,"     ",5.30,128.01,2.53
1771,554698450,"01771M08:47:14.137","01771 08:35:04",214.43,906.81,,,,"     ",5.30,127.12,2.51
1771,554698451,"01771M08:47:15.110","01771 08:35:05",214.52,906.74,,,,"     ",5.30,126.91,2.50
1771,554698452,"01771M08:47:16.083","01771 08:35:06",214.61,906.71,,,,"     ",5.30,127.43,2.51
1771,554698453,"01771M08:47:17.057","01771 08:35:07",214.69,906.74,,,,"     ",5.30,126.89,2.50
1771,554698454,"01771M08:47:18.030","01771 08:35:08",214.75,906.65,,,,"     ",5.30,127.22,2.51
1771,554698455,"01771M08:47:19.003","01771 08:35:09",214.81,906.72,,,,"     ",5.30,127.12,2.50
1771,554698456,"01771M08:47:19.976","01771 08:35:10",214.85,906.73,,,,"     ",5.30,126.84,2.50
1771,554698457,"01771M08:47:20.950","01771 08:35:11",214.89,906.71,,,,"     ",5.30,128.09,2.52
1771,554698458,"01771M08:47:21.923","01771 08:35:12",214.93,906.74,,,,"     ",5.30,128.09,2.52
1771,554698459,"01771M08:47:22.896","01771 08:35:13",214.96,906.77,,,,"     ",5.30,128.21,2.52
1771,554698460,"01771M08:47:23.869","01771 08:35:14",214.98,906.76,,,,"     ",5.30,127.47,2.51
1771,554698461,"01771M08:47:24.843","01771 08:35:15",214.99,906.88,,,,"     ",5.30,127.80,2.51
1771,554698462,"01771M08:47:25.816","01771 08:35:16",214.99,906.82,,,,"     ",5.30,128.15,2.52
1771,554698463,"01771M08:47:26.789","01771 08:35:17",214.99,906.85,,,,"     ",5.30,128.34,2.52
1771,554698464,"01771M08:47:27.762","01771 08:35:18",214.99,906.83,,,,"     ",5.30,128.31,2.52
1771,554698465,"01771M08:47:28.736","01771 08:35:19",215.00,906.65,,,,"     ",5.30,126.75,2.49
1771,554698466,"01771M08:47:29.709","01771 08:35:20",215.02,906.62,,,,"     ",5.30,127.09,2.49
1771,554698467,"01771M08:47:30.682","01771 08:35:21",215.04,906.67,,,,"     ",5.30,127.85,2.51
1771,554698468,"01771M08:47:31.655","01771 08:35:21",215.05,906.63,,,,"     ",5.30,126.96,2.49
1771,554698469,"01771M08:47:32.629","01771 08:35:22",215.07,906.71,,,,"     ",5.30,128.20,2.51
1771,554698470,"01771M08:47:33.602","01771 08:35:23",215.07,906.58,,,,"     ",5.30,128.67,2.52
1771,554698471,"01771M08:47:34.575","01771 08:35:24",215.08,906.66,,,,"     ",5.30,127.73,2.50
1771,554698472,"01771M08:47:35.548","01771 08:35:25",215.07,906.63,,,,"     ",5.30,127.53,2.50
1771,554698473,"01771M08:47:36.522","01771 08:35:26",215.05,906.67,,,,"     ",5.30,128.49,2.52
1771,554698474,"01771M08:47:37.495","01771 08:35:27",215.03,906.56,,,,"     ",5.30,128.96,2.52
1771,554698475,"01771M08:47:38.468","01771 08:35:28",215.01,906.63,,,,"     ",5.30,128.30,2.51
1771,554698476,"01771M08:47:39.441","01771 08:35:29",215.00,906.61,,,,"     ",5.30,129.45,2.53
1771,554698477,"01771M08:47:40.415","01771 08:35:30",214.99,906.69,,,,"     ",5.30,128.04,2.50
1771,554698478,"01771M08:47:41.388","01771 08:35:31",215.00,906.74,,,,"     ",5.30,128.98,2.52
1771,554698479,"01771M08:47:42.361","01771 08:35:32",215.01,906.70,,,,"     ",5.30,129.18,2.52
1771,554698480,"01771M08:47:43.334","01771 08:35:33",215.03,906.72,,,,"     ",5.30,128.46,2.51
1771,554698481,"01771M08:47:44.308","01771 08:35:34",215.07,906.70,,,,"     ",5.30,128.62,2.51
1771,554698482,"01771M08:47:45.281","01771 08:35:35",215.13,906.69,,,,"     ",5.30,128.67,2.51
1771,554698483,"01771M08:47:46.254","01771 08:35:36",215.20,906.65,,,,"     ",5.30,127.25,2.48
1771,554698484,"01771M08:47:47.227","01771 08:35:37",215.30,906.71,,,,"     ",5.30,129.21,2.52
1771,554698485,"01771M08:47:48.201","01771 08:35:38",215.41,906.66,,,,"     ",5.30,128.38,2.50
1771,554698486,"01771M08:47:49.174","01771 08:35:39",215.51,906.58,,,,"     ",5.30,128.62,2.51
1771,554698487,"01771M08:47:50.147","01771 08:35:40",215.60,906.63,,,,"     ",5.30,127.84,2.49
1771,554698488,"01771M08:47:51.120","01771 08:35:41",215.67,906.64,,,,"     ",5.30,128.78,2.51
1771,554698489,"01771M08:47:52.094","01771 08:35:42",215.72,906.67,,,,"     ",5.30,129.27,2.52
1771,554698490,"01771M08:47:53.067","01771 08:35:43",215.75,906.63,,,,"     ",5.30,127.28,2.48
1771,554698491,"01771M08:47:54.040","01771 08:35:44",215.76,906.74,,,,"     ",5.30,128.02,2.49
1771,554698492,"01771M08:47:55.013","01771 08:35:45",215.74,906.71,,,,"     ",5.30,127.36,2.48
1771,554698493,"01771M08:47:55.987","01771 08:35:46",215.71,906.71,,,,"     ",5.30,128.01,2.49
1771,554698494,"01771M08:47:56.960","01771 08:35:47",215.66,906.70,,,,"     ",5.30,128.48,2.50
1771,554698495,"01771M08:47:57.933","01771 08:35:48",215.61,906.67,,,,"     ",5.30,128.89,2.50
1771,554698496,"01771M08:47:58.906","01771 08:35:49",215.56,906.67,,,,"     ",5.30,129.05,2.51
1771,554698497,"01771M08:47:59.880","01771 08:35:50",215.50,906.62,,,,"     ",5.30,128.47,2.49
1771,554698498,"01771M08:48:00.853","01771 08:35:51",215.46,906.64,,,,"     ",5.30,127.95,2.48
1771,554698499,"01771M08:48:01.826","01771 08:35:52",215.41,906.70,,,,"     ",5.30,128.89,2.50
1771,554698500,"01771M08:48:02.799","01771 08:35:53",215.38,906.69,,,,"     ",5.30,128.91,2.50
1771,554698501,"01771M08:48:03.773","01771 08:35:54",215.35,906.67,,,,"     ",5.30,127.75,2.47
1771,554698502,"01771M08:48:04.746","01771 08:35:55",215.33,906.65,,,,"     ",5.30,128.84,2.50
1771,554698503,"01771M08:48:05.719","01771 08:35:56",215.31,906.61,,,,"     ",5.30,129.35,2.51
1771,554698504,"01771M08:48:06.692","01771 08:35:57",215.31,906.65,,,,"     ",5.30,129.04,2.50
1771,554698505,"01771M08:48:07.666","01771 08:35:58",215.32,906.74,,,,"     ",5.30,128.18,2.48
1771,554698506,"01771M08:48:08.639","01771 08:35:58",215.33,906.67,,,,"     ",5.30,128.03,2.48
1771,554698507,"01771M08:48:09.612","01771 08:35:59",215.35,906.65,,,,"     ",5.30,128.44,2.48
1771,554698508,"01771M08:48:10.586","01771 08:36:00",215.36,906.66,,,,"     ",5.30,129.10,2.49
1771,554698509,"01771M08:48:11.559","01771 08:36:01",215.37,906.70,,,,"     ",5.30,128.23,2.48
1771,554698510,"01771M08:48:12.532","01771 08:36:02",215.37,906.73,,,,"     ",5.30,129.74,2.51
1771,554698511,"01771M08:48:13.505","01771 08:36:03",215.37,906.70,,,,"     ",5.30,128.95,2.49
1771,554698512,"01771M08:48:14.479","01771 08:36:04",215.36,906.73,,,,"     ",5.30,129.20,2.49
1771,554698513,"01771M08:48:15.452","01771 08:36:05",215.36,906.80,,,,"     ",5.30,128.91,2.49
1771,554698514,"01771M08:48:16.425","01771 08:36:06",215.35,906.65,,,,"     ",5.30,129.38,2.49
1771,554698515,"01771M08:48:17.398","01771 08:36:07",215.34,906.74,,,,"     ",5.30,129.98,2.51
1771,554698516,"01771M08:48:18.372","01771 08:36:08",215.32,906.63,,,,"     ",5.30,128.92,2.48
1771,554698517,"01771M08:48:19.345","01771 08:36:09",215.28,906.68,,,,"     ",5.30,128.89,2.48
1771,554698518,"01771M08:48:20.318","01771 08:36:10",215.22,906.69,,,,"     ",5.30,129.63,2.50
1771,554698519,"01771M08:48:21.291","01771 08:36:11",215.14,906.60,,,,"     ",5.30,128.89,2.48
1771,554698520,"01771M08:48:22.265","01771 08:36:12",215.05,906.64,,,,"     ",5.30,130.38,2.51
1771,554698521,"01771M08:48:23.238","01771 08:36:13",214.95,906.70,,,,"     ",5.30,129.58,2.49
1771,554698522,"01771M08:48:24.211","01771 08:36:14",214.86,906.67,,,,"     ",5.30,129.15,2.48
1771,554698523,"01771M08:48:25.184","01771 08:36:15",214.76,906.75,,,,"     ",5.30,128.96,2.48
1771,554698524,"01771M08:48:26.158","01771 08:36:16",214.68,906.66,,,,"     ",5.30,130.65,2.51
1771,554698525,"01771M08:48:27.131","01771 08:36:17",214.63,906.70,,,,"     ",5.30,129.59,2.49
1771,554698526,"01771M08:48:28.104","01771 08:36:18",214.61,906.60,,,,"     ",5.30,128.88,2.47
1771,554698527,"01771M08:48:29.077","01771 08:36:19",214.61,906.66,,,,"     ",5.30,129.16,2.48
1771,554698528,"01771M08:48:30.051","01771 08:36:20",214.63,906.69,,,,"     ",5.30,128.72,2.47
1771,554698529,"01771M08:48:31.024","01771 08:36:21",214.67,906.66,,,,"     ",5.30,129.70,2.49
1771,554698530,"01771M08:48:31.997","01771 08:36:22",214.74,906.56,,,,"     ",5.30,130.13,2.49
1771,554698531,"01771M08:48:32.970","01771 08:36:23",214.82,906.52,,,,"     ",5.30,130.50,2.50
1771,554698532,"01771M08:48:33.944","01771 08:36:24",214.92,906.50,,,,"     ",5.30,129.37,2.48
1771,554698533,"01771M08:48:34.917","01771 08:36:25",215.02,906.50,,,,"     ",5.30,129.80,2.48
1771,554698534,"01771M08:48:35.890","01771 08:36:26",215.10,906.54,,,,"     ",5.30,129.11,2.47
1771,554698535,"01771M08:48:36.863","01771 08:36:27",215.15,906.59,,,,"     ",5.30,129.33,2.47
1771,554698536,"01771M08:48:37.837","01771 08:36:28",215.18,906.58,,,,"     ",5.30,129.91,2.48
1771,554698537,"01771M08:48:38.810","01771 08:36:29",215.19,906.58,,,,"     ",5.30,131.46,2.51
1771,554698538,"01771M08:48:39.783","01771 08:36:30",215.19,906.61,,,,"     ",5.30,130.82,2.50
1771,554698539,"01771M08:48:40.756","01771 08:36:31",215.18,906.60,,,,"     ",5.30,129.75,2.48
1771,554698540,"01771M08:48:41.730","01771 08:36:32",215.17,906.55,,,,"     ",5.30,130.24,2.49
1771,554698541,"01771M08:48:42.703","01771 08:36:33",215.16,906.55,,,,"     ",5.30,130.65,2.49
1771,554698542,"01771M08:48:43.676","01771 08:36:34",215.16,906.61,,,,"     ",5.30,129.76,2.47
1771,554698543,"01771M08:48:44.649","01771 08:36:34",215.17,906.62,,,,"     ",5.30,130.69,2.49
1771,554698544,"01771M08:48:45.623","01771 08:36:35",215.18,906.53,,,,"     ",5.30,130.05,2.48
1771,554698545,"01771M08:48:46.596","01771 08:36:36",215.21,906.57,,,,"     ",5.30,130.51,2.49
1771,554698546,"01771M08:48:47.569","01771 08:36:37",215.24,906.58,,,,"     ",5.30,130.87,2.49
1771,554698547,"01771M08:48:48.542","01771 08:36:38",215.28,906.61,,,,"     ",5.30,130.20,2.48
1771,554698548,"01771M08:48:49.516","01771 08:36:39",215.30,906.65,,,,"     ",5.30,130.28,2.48
1771,554698549,"01771M08:48:50.489","01771 08:36:40",215.32,906.57,,,,"     ",5.30,131.13,2.49
1771,554698550,"01771M08:48:51.462","01771 08:36:41",215.33,906.55,,,,"     ",5.30,131.46,2.50
1771,554698551,"01771M08:48:52.435","01771 08:36:42",215.33,906.53,,,,"     ",5.30,131.17,2.49
1771,554698552,"01771M08:48:53.409","01771 08:36:43",215.32,906.47,,,,"     ",5.30,130.34,2.47
1771,554698553,"01771M08:48:54.382","01771 08:36:44",215.29,906.48,,,,"     ",5.30,130.34,2.47
1771,554698554,"01771M08:48:55.355","01771 08:36:45",215.24,906.54,,,,"     ",5.30,131.09,2.49
1771,554698555,"01771M08:48:56.328","01771 08:36:46",215.18,906.50,,,,"     ",5.30,129.92,2.46
1771,554698556,"01771M08:48:57.302","01771 08:36:47",215.11,906.49,,,,"     ",5.30,131.11,2.49
1771,554698557,"01771M08:48:58.275","01771 08:36:48",215.05,906.62,,,,"     ",5.30,131.59,2.49
1771,554698558,"01771M08:48:59.248","01771 08:36:49",214.99,906.58,,,,"     ",5.30,131.19,2.49
1771,554698559,"01771M08:49:00.221","01771 08:36:50",214.94,906.53,,,,"     ",5.30,130.67,2.47
1771,554698560,"01771M08:49:01.195","01771 08:36:51",214.88,906.51,,,,"     ",5.30,131.14,2.48
1771,554698561,"01771M08:49:02.168","01771 08:36:52",214.84,906.57,,,,"     ",5.30,130.71,2.47
1771,554698562,"01771M08:49:03.141","01771 08:36:53",214.80,906.59,,,,"     ",5.30,131.64,2.49
1771,554698563,"01771M08:49:04.114","01771 08:36:54",214.76,906.53,,,,"     ",5.30,132.25,2.50
1771,554698564,"01771M08:49:05.088","01771 08:36:55",214.73,906.49,,,,"     ",5.30,132.21,2.50
1771,554698565,"01771M08:49:06.061","01771 08:36:56",214.70,906.53,,,,"     ",5.30,131.03,2.47
1771,554698566,"01771M08:49:07.034","01771 08:36:57",214.66,906.53,,,,"     ",5.30,132.00,2.49
1771,554698567,"01771M08:49:08.007","01771 08:36:58",214.62,906.54,,,,"     ",5.30,130.74,2.47
1771,554698568,"01771M08:49:08.981","01771 08:36:59",214.58,906.48,,,,"     ",5.30,132.34,2.50
1771,554698569,"01771M08:49:09.954","01771 08:37:00",214.55,906.47,,,,"     ",5.30,132.92,2.51
1771,554698570,"01771M08:49:10.927","01771 08:37:01",214.52,906.49,,,,"     ",5.30,130.02,2.45
1771,554698571,"01771M08:49:11.900","01771 08:37:02",214.49,906.47,,,,"     ",5.30,131.59,2.48
1771,554698572,"01771M08:49:12.874","01771 08:37:03",214.47,906.56,,,,"     ",5.30,131.15,2.47
1771,554698573,"01771M08:49:13.847","01771 08:37:04",214.45,906.51,,,,"     ",5.30,131.88,2.48
1771,554698574,"01771M08:49:14.820","01771 08:37:05",214.43,906.50,,,,"     ",5.30,132.90,2.50
1771,554698575,"01771M08:49:15.793","01771 08:37:06",214.42,906.45,,,,"     ",5.30,131.90,2.48
1771,554698576,"01771M08:49:16.767","01771 08:37:07",214.41,906.47,,,,"     ",5.30,131.61,2.48
1771,554698577,"01771M08:49:17.740","01771 08:37:08",214.41,906.46,,,,"     ",5.30,131.78,2.48
1771,554698578,"01771M08:49:18.713","01771 08:37:09",214.43,906.51,,,,"     ",5.30,132.75,2.50
1771,554698579,"01771M08:49:19.687","01771 08:37:10",214.45,906.50,,,,"     ",5.30,131.37,2.47
1771,554698580,"01771M08:49:20.660","01771 08:37:11",214.46,906.49,,,,"     ",5.30,131.41,2.47
1771,554698581,"01771M08:49:21.633","01771 08:37:11",214.47,906.49,,,,"     ",5.30,131.51,2.47
1771,554698582,"01771M08:49:22.606","01771 08:37:12",214.48,906.50,,,,"     ",5.30,131.72,2.47
1771,554698583,"01771M08:49:23.580","01771 08:37:13",214.47,906.53,,,,"     ",5.30,132.00,2.48
1771,554698584,"01771M08:49:24.553","01771 08:37:14",214.45,906.39,,,,"     ",5.30,132.65,2.49
1771,554698585,"01771M08:49:25.526","01771 08:37:15",214.41,906.39,,,,"     ",5.30,131.58,2.47
1771,554698586,"01771M08:49:26.499","01771 08:37:16",214.37,906.45,,,,"     ",5.30,132.73,2.49
1771,554698587,"01771M08:49:27.473","01771 08:37:17",214.33,906.46,,,,"     ",5.30,132.68,2.49
1771,554698588,"01771M08:49:28.446","01771 08:37:18",214.28,906.53,,,,"     ",5.30,132.49,2.48
1771,554698589,"01771M08:49:29.419","01771 08:37:19",214.24,906.39,,,,"     ",5.30,131.91,2.47
1771,554698590,"01771M08:49:30.392","01771 08:37:20",214.20,906.35,,,,"     ",5.30,132.85,2.49
1771,554698591,"01771M08:49:31.366","01771 08:37:21",214.18,906.38,,,,"     ",5.30,131.01,2.45
1771,554698592,"01771M08:49:32.339","01771 08:37:22",214.18,906.34,,,,"     ",5.30,132.57,2.48
1771,554698593,"01771M08:49:33.312","01771 08:37:23",214.19,906.36,,,,"     ",5.30,132.53,2.48
1771,554698594,"01771M08:49:34.285","01771 08:37:24",214.22,906.42,,,,"     ",5.30,131.62,2.46
1771,554698595,"01771M08:49:35.259","01771 08:37:25",214.27,906.40,,,,"     ",5.30,132.22,2.47
1771,554698596,"01771M08:49:36.232","01771 08:37:26",214.34,906.38,,,,"     ",5.30,132.22,2.47
1771,554698597,"01771M08:49:37.205","01771 08:37:27",214.42,906.34,,,,"     ",5.30,132.12,2.47
1771,554698598,"01771M08:49:38.178","01771 08:37:28",214.50,906.33,,,,"     ",5.30,131.88,2.46
1771,554698599,"01771M08:49:39.152","01771 08:37:29",214.60,906.41,,,,"     ",5.30,132.18,2.47
1771,554698600,"01771M08:49:40.125","01771 08:37:30",214.71,906.45,,,,"     ",5.30,133.36,2.49
1771,554698601,"01771M08:49:41.098","01771 08:37:31",214.84,906.44,,,,"     ",5.30,131.94,2.46
1771,554698602,"01771M08:49:42.071","01771 08:37:32",214.98,906.44,,,,"     ",5.30,132.89,2.48
1771,554698603,"01771M08:49:43.045","01771 08:37:33",215.12,906.40,,,,"     ",5.30,132.62,2.47
1771,554698604,"01771M08:49:44.018","01771 08:37:34",215.25,906.48,,,,"     ",5.30,131.86,2.45
1771,554698605,"01771M08:49:44.991","01771 08:37:35",215.37,906.46,,,,"     ",5.30,132.63,2.47
1771,554698606,"01771M08:49:45.964","01771 08:37:36",215.48,906.49,,,,"     ",5.30,132.69,2.47
1771,554698607,"01771M08:49:46.938","01771 08:37:37",215.59,906.50,,,,"     ",5.30,132.85,2.47
1771,554698608,"01771M08:49:47.911","01771 08:37:38",215.70,906.34,,,,"     ",5.30,133.33,2.48
1771,554698609,"01771M08:49:48.884","01771 08:37:39",215.81,906.38,,,,"     ",5.30,132.51,2.46
1771,554698610,"01771M08:49:49.857","01771 08:37:40",215.94,906.40,,,,"     ",5.30,131.72,2.44
1771,554698611,"01771M08:49:50.831","01771 08:37:41",216.06,906.43,,,,"     ",5.30,133.29,2.47
1771,554698612,"01771M08:49:51.804","01771 08:37:42",216.18,906.36,,,,"     ",5.30,134.00,2.48
1771,554698613,"01771M08:49:52.777","01771 08:37:43",216.28,906.51,,,,"     ",5.30,133.86,2.48
1771,554698614,"01771M08:49:53.750","01771 08:37:44",216.37,906.45,,,,"     ",5.30,133.99,2.48
1771,554698615,"01771M08:49:54.724","01771 08:37:45",216.44,906.34,,,,"     ",5.30,133.63,2.47
1771,554698616,"01771M08:49:55.697","01771 08:37:46",216.50,906.42,,,,"     ",5.30,133.61,2.47
1771,554698617,"01771M08:49:56.670","01771 08:37:47",216.58,906.41,,,,"     ",5.30,133.79,2.47
1771,554698618,"01771M08:49:57.643","01771 08:37:48",216.66,906.42,,,,"     ",5.30,132.82,2.45
1771,554698619,"01771M08:49:58.617","01771 08:37:48",216.76,906.41,,,,"     ",5.30,133.99,2.48
1771,554698620,"01771M08:49:59.590","01771 08:37:49",216.88,906.38,,,,"     ",5.30,134.24,2.48
1771,554698621,"01771M08:50:00.563","01771 08:37:50",217.00,906.36,,,,"     ",5.30,134.50,2.48
1771,554698622,"01771M08:50:01.536","01771 08:37:51",217.11,906.31,,,,"     ",5.30,134.42,2.48
1771,554698623,"01771M08:50:02.510","01771 08:37:52",217.23,906.32,,,,"     ",5.30,133.56,2.46
1771,554698624,"01771M08:50:03.483","01771 08:37:53",217.34,906.35,,,,"     ",5.30,133.28,2.46
1771,554698625,"01771M08:50:04.456","01771 08:37:54",217.47,906.33,,,,"     ",5.30,132.88,2.45
1771,554698626,"01771M08:50:05.429","01771 08:37:55",217.62,906.35,,,,"     ",5.30,133.87,2.46
1771,554698627,"01771M08:50:06.403","01771 08:37:56",217.77,906.37,,,,"     ",5.30,134.93,2.48
1771,554698628,"01771M08:50:07.376","01771 08:37:57",217.92,906.44,,,,"     ",5.30,133.18,2.45
1771,554698629,"01771M08:50:08.349","01771 08:37:58",218.06,906.41,,,,"     ",5.30,133.31,2.45
1771,554698630,"01771M08:50:09.322","01771 08:37:59",218.17,906.43,,,,"     ",5.30,133.70,2.45
1771,554698631,"01771M08:50:10.296","01771 08:38:00",218.26,906.43,,,,"     ",5.30,134.16,2.46
1771,554698632,"01771M08:50:11.269","01771 08:38:01",218.32,906.38,,,,"     ",5.30,134.44,2.46
1771,554698633,"01771M08:50:12.242","01771 08:38:02",218.36,906.34,,,,"     ",5.30,134.75,2.47
1771,554698634,"01771M08:50:13.215","01771 08:38:03",218.40,906.41,,,,"     ",5.30,134.39,2.46
1771,554698635,"01771M08:50:14.189","01771 08:38:04",218.44,906.38,,,,"     ",5.30,134.42,2.46
1771,554698636,"01771M08:50:15.162","01771 08:38:05",218.48,906.40,,,,"     ",5.30,134.48,2.46
1771,554698637,"01771M08:50:16.135","01771 08:38:06",218.53,906.42,,,,"     ",5.30,134.09,2.45
1771,554698638,"01771M08:50:17.108","01771 08:38:07",218.57,906.37,,,,"     ",5.30,135.97,2.48
1771,554698639,"01771M08:50:18.082","01771 08:38:08",218.62,906.31,,,,"     ",5.30,134.48,2.45
1771,554698640,"01771M08:50:19.055","01771 08:38:09",218.66,906.34,,,,"     ",5.30,134.22,2.45
1771,554698641,"01771M08:50:20.028","01771 08:38:10",218.71,906.39,,,,"     ",5.30,134.73,2.46
1771,554698642,"01771M08:50:21.001","01771 08:38:11",218.77,906.26,,,,"     ",5.30,134.76,2.45
1771,554698643,"01771M08:50:21.975","01771 08:38:12",218.84,906.27,,,,"     ",5.30,134.38,2.45
1771,554698644,"01771M08:50:22.948","01771 08:38:13",218.93,906.36,,,,"     ",5.30,136.35,2.48
1771,554698645,"01771M08:50:23.921","01771 08:38:14",219.02,906.30,,,,"     ",5.30,134.87,2.45
1771,554698646,"01771M08:50:24.894","01771 08:38:15",219.10,906.28,,,,"     ",5.30,135.86,2.47
1771,554698647,"01771M08:50:25.868","01771 08:38:16",219.17,906.30,,,,"     ",5.30,135.34,2.46
1771,554698648,"01771M08:50:26.841","01771 08:38:17",219.21,906.31,,,,"     ",5.30,134.00,2.43
1771,554698649,"01771M08:50:27.814","01771 08:38:18",219.23,906.36,,,,"     ",5.30,135.30,2.45
1771,554698650,"01771M08:50:28.788","01771 08:38:19",219.24,906.18,,,,"     ",5.30,134.67,2.44
1771,554698651,"01771M08:50:29.761","01771 08:38:20",219.24,906.24,,,,"     ",5.30,135.10,2.45
1771,554698652,"01771M08:50:30.734","01771 08:38:21",219.21,906.29,,,,"     ",5.30,136.75,2.48
1771,554698653,"01771M08:50:31.707","01771 08:38:22",219.17,906.23,,,,"     ",5.30,134.67,2.44
1771,554698654,"01771M08:50:32.681","01771 08:38:23",219.13,906.19,,,,"     ",5.30,134.59,2.43
1771,554698655,"01771M08:50:33.654","01771 08:38:24",219.08,906.12,,,,"     ",5.30,135.31,2.44
1771,554698656,"01771M08:50:34.627","01771 08:38:25",219.03,906.11,,,,"     ",5.30,135.12,2.44
1771,554698657,"01771M08:50:35.600","01771 08:38:25",218.99,906.17,,,,"     ",5.30,135.55,2.45
1771,554698658,"01771M08:50:36.574","01771 08:38:26",218.97,906.26,,,,"     ",5.30,135.26,2.44
1771,554698659,"01771M08:50:37.547","01771 08:38:27",218.97,906.23,,,,"     ",5.30,136.45,2.46
1771,554698660,"01771M08:50:38.520","01771 08:38:28",219.01,906.23,,,,"     ",5.30,135.93,2.45
1771,554698661,"01771M08:50:39.493","01771 08:38:29",219.08,906.19,,,,"     ",5.30,137.13,2.47
1771,554698662,"01771M08:50:40.467","01771 08:38:30",219.19,906.22,,,,"     ",5.30,135.94,2.45
1771,554698663,"01771M08:50:41.440","01771 08:38:31",219.32,906.24,,,,"     ",5.30,136.36,2.45
1771,554698664,"01771M08:50:42.413","01771 08:38:32",219.47,906.26,,,,"     ",5.30,136.59,2.46
1771,554698665,"01771M08:50:43.386","01771 08:38:33",219.61,906.19,,,,"     ",5.30,136.13,2.45
1771,554698666,"01771M08:50:44.360","01771 08:38:34",219.74,906.21,,,,"     ",5.30,135.99,2.44
1771,554698667,"01771M08:50:45.333","01771 08:38:35",219.85,906.28,,,,"     ",5.30,135.84,2.44
1771,554698668,"01771M08:50:46.306","01771 08:38:36",219.93,906.21,,,,"     ",5.30,136.68,2.45
1771,554698669,"01771M08:50:47.279","01771 08:38:37",219.19,906.12,,,,"     ",5.30,137.11,2.46
1771,554698670,"01771M08:50:48.253","01771 08:38:38",219.29,906.17,,,,"     ",5.30,135.99,2.44
1771,554698671,"01771M08:50:49.226","01771 08:38:39",219.40,906.16,,,,"     ",5.30,136.55,2.44
1771,554698672,"01771M08:50:50.199","01771 08:38:40",219.49,906.22,,,,"     ",5.30,136.74,2.45
1771,554698673,"01771M08:50:51.172","01771 08:38:41",219.59,906.16,,,,"     ",5.30,134.57,2.41
1771,554698674,"01771M08:50:52.146","01771 08:38:42",219.69,906.17,,,,"     ",5.30,136.15,2.43
1771,554698675,"01771M08:50:53.119","01771 08:38:43",219.79,906.13,,,,"     ",5.30,135.77,2.42
1771,554698676,"01771M08:50:54.092","01771 08:38:44",219.89,906.16,,,,"     ",5.30,136.73,2.44
1771,554698677,"01771M08:50:55.065","01771 08:38:45",219.98,906.22,,,,"     ",5.30,136.09,2.43
1771,554698678,"01771M08:50:56.039","01771 08:38:46",220.06,906.20,,,,"     ",5.30,135.86,2.42
1771,554698679,"01771M08:50:57.012","01771 08:38:47",220.13,906.28,,,,"     ",5.30,135.57,2.41
1771,554698680,"01771M08:50:57.985","01771 08:38:48",220.18,906.20,,,,"     ",5.30,136.96,2.44
1771,554698681,"01771M08:50:58.958","01771 08:38:49",220.21,906.17,,,,"     ",5.30,136.09,2.42
1771,554698682,"01771M08:50:59.932","01771 08:38:50",220.22,906.21,,,,"     ",5.30,136.50,2.43
1771,554698683,"01771M08:51:00.905","01771 08:38:51",220.22,906.15,,,,"     ",5.30,137.32,2.44
1771,554698684,"01771M08:51:01.878","01771 08:38:52",220.20,906.15,,,,"     ",5.30,136.59,2.43
1771,554698685,"01771M08:51:02.851","01771 08:38:53",220.17,906.16,,,,"     ",5.30,137.05,2.43
1771,554698686,"01771M08:51:03.825","01771 08:38:54",220.13,906.21,,,,"     ",5.30,136.69,2.42
1771,554698687,"01771M08:51:04.798","01771 08:38:55",220.09,906.18,,,,"     ",5.30,137.86,2.44
1771,554698688,"01771M08:51:05.771","01771 08:38:56",220.05,906.17,,,,"     ",5.30,137.41,2.44
1771,554698689,"01771M08:51:06.744","01771 08:38:57",220.00,906.16,,,,"     ",5.30,137.07,2.43
1771,554698690,"01771M08:51:07.718","01771 08:38:58",219.95,906.17,,,,"     ",5.30,136.30,2.41
1771,554698691,"01771M08:51:08.691","01771 08:38:59",220.55,906.19,,,,"     ",5.30,136.09,2.41
1771,554698692,"01771M08:51:09.664","01771 08:39:00",220.53,906.09,,,,"     ",5.30,136.51,2.41
1771,554698693,"01771M08:51:10.637","01771 08:39:01",220.51,906.13,,,,"     ",5.30,136.88,2.42
1771,554698694,"01771M08:51:11.611","01771 08:39:01",220.50,906.13,,,,"     ",5.30,137.11,2.42
1771,554698695,"01771M08:51:12.584","01771 08:39:02",220.48,906.11,,,,"     ",5.30,137.55,2.43
1771,554698696,"01771M08:51:13.557","01771 08:39:03",220.47,906.11,,,,"     ",5.30,136.91,2.42
1771,554698697,"01771M08:51:14.530","01771 08:39:04",220.47,906.10,,,,"     ",5.30,136.55,2.41
1771,554698698,"01771M08:51:15.504","01771 08:39:05",220.47,906.13,,,,"     ",5.30,137.55,2.43
1771,554698699,"01771M08:51:16.477","01771 08:39:06",220.47,906.12,,,,"     ",5.30,138.23,2.44
1771,554698700,"01771M08:51:17.450","01771 08:39:07",220.48,906.17,,,,"     ",5.30,138.09,2.43
1771,554698701,"01771M08:51:18.423","01771 08:39:08",220.49,906.04,,,,"     ",5.30,137.03,2.41
1771,554698702,"01771M08:51:19.397","01771 08:39:09",220.51,906.07,,,,"     ",5.30,137.99,2.43
1771,554698703,"01771M08:51:20.370","01771 08:39:10",220.53,906.08,,,,"     ",5.30,138.30,2.43
1771,554698704,"01771M08:51:21.343","01771 08:39:11",219.74,906.08,,,,"     ",5.30,136.28,2.40
1771,554698705,"01771M08:51:22.316","01771 08:39:12",220.43,906.08,,,,"     ",5.30,138.52,2.44
1771,554698706,"01771M08:51:23.290","01771 08:39:13",220.36,906.10,,,,"     ",5.30,137.51,2.42
1771,554698707,"01771M08:51:24.263","01771 08:39:14",220.30,906.06,,,,"     ",5.30,136.66,2.40
1771,554698708,"01771M08:51:25.236","01771 08:39:15",220.23,906.09,,,,"     ",5.30,137.37,2.41
1771,554698709,"01771M08:51:26.209","01771 08:39:16",220.16,906.10,,,,"     ",5.30,137.66,2.42
1771,554698710,"01771M08:51:27.183","01771 08:39:17",220.10,906.07,,,,"     ",5.30,137.98,2.42
1771,554698711,"01771M08:51:28.156","01771 08:39:18",220.05,906.05,,,,"     ",5.30,137.91,2.42
1771,554698712,"01771M08:51:29.129","01771 08:39:19",220.00,906.08,,,,"     ",5.30,138.78,2.43
1771,554698713,"01771M08:51:30.102","01771 08:39:20",219.97,906.06,,,,"     ",5.30,137.95,2.42
1771,554698714,"01771M08:51:31.076","01771 08:39:21",219.94,906.02,,,,"     ",5.30,136.61,2.39
1771,554698715,"01771M08:51:32.049","01771 08:39:22",219.93,906.08,,,,"     ",5.30,138.55,2.43
1771,554698716,"01771M08:51:33.022","01771 08:39:23",219.93,906.03,,,,"     ",5.30,138.11,2.42
1771,554698717,"01771M08:51:33.995","01771 08:39:24",219.94,906.06,,,,"     ",5.30,138.59,2.43
1771,554698718,"01771M08:51:34.969","01771 08:39:25",219.97,906.06,,,,"     ",5.30,137.97,2.41
1771,554698719,"01771M08:51:35.942","01771 08:39:26",220.02,906.01,,,,"     ",5.30,138.60,2.42
1771,554698720,"01771M08:51:36.915","01771 08:39:27",220.09,906.02,,,,"     ",5.30,138.59,2.42
1771,554698721,"01771M08:51:37.889","01771 08:39:28",220.16,906.03,,,,"     ",5.30,139.05,2.43
1771,554698722,"01771M08:51:38.862","01771 08:39:29",220.24,906.09,,,,"     ",5.30,138.55,2.42
1771,554698723,"01771M08:51:39.835","01771 08:39:30",220.31,906.04,,,,"     ",5.30,137.95,2.41
1771,554698724,"01771M08:51:40.808","01771 08:39:31",220.38,906.07,,,,"     ",5.30,138.22,2.41
1771,554698725,"01771M08:51:41.782","01771 08:39:32",220.44,905.93,,,,"     ",5.30,136.75,2.39
1771,554698726,"01771M08:51:42.755","01771 08:39:33",220.49,905.95,,,,"     ",5.30,138.68,2.42
1771,554698727,"01771M08:51:43.728","01771 08:39:34",219.79,906.01,,,,"     ",5.30,137.60,2.40
1771,554698728,"01771M08:51:44.701","01771 08:39:35",219.87,905.99,,,,"     ",5.30,137.89,2.40
1771,554698729,"01771M08:51:45.675","01771 08:39:36",219.96,905.99,,,,"     ",5.30,138.71,2.42
1771,554698730,"01771M08:51:46.648","01771 08:39:37",220.04,905.98,,,,"     ",5.30,138.11,2.40
1771,554698731,"01771M08:51:47.621","01771 08:39:38",220.13,905.99,,,,"     ",5.30,139.04,2.42
1771,554698732,"01771M08:51:48.594","01771 08:39:38",220.21,906.02,,,,"     ",5.30,138.47,2.41
1771,554698733,"01771M08:51:49.568","01771 08:39:39",220.28,906.03,,,,"     ",5.30,137.84,2.40
1771,554698734,"01771M08:51:50.541","01771 08:39:40",220.34,906.05,,,,"     ",5.30,138.35,2.40
1771,554698735,"01771M08:51:51.514","01771 08:39:41",220.39,906.06,,,,"     ",5.30,139.57,2.43
1771,554698736,"01771M08:51:52.487","01771 08:39:42",220.43,905.93,,,,"     ",5.30,140.63,2.44
1771,554698737,"01771M08:51:53.461","01771 08:39:43",220.47,905.97,,,,"     ",5.30,138.57,2.40
1771,554698738,"01771M08:51:54.434","01771 08:39:44",220.50,906.01,,,,"     ",5.30,139.38,2.42
1771,554698739,"01771M08:51:55.407","01771 08:39:45",220.54,905.94,,,,"     ",5.30,139.64,2.42
1771,554698740,"01771M08:51:56.380","01771 08:39:46",220.57,905.96,,,,"     ",5.30,140.50,2.44
1771,554698741,"01771M08:51:57.354","01771 08:39:47",220.61,906.05,,,,"     ",5.30,140.75,2.44
1771,554698742,"01771M08:51:58.327","01771 08:39:48",220.64,905.99,,,,"     ",5.30,138.88,2.40
1771,554698743,"01771M08:51:59.300","01771 08:39:49",220.67,906.02,,,,"     ",5.30,139.38,2.41
1771,554698744,"01771M08:52:00.273","01771 08:39:50",220.71,906.03,,,,"     ",5.30,139.08,2.41
1771,554698745,"01771M08:52:01.247","01771 08:39:51",220.75,906.06,,,,"     ",5.30,137.68,2.38
1771,554698746,"01771M08:52:02.220","01771 08:39:52",220.80,906.03,,,,"     ",5.30,138.52,2.39
1771,554698747,"01771M08:52:03.193","01771 08:39:53",220.87,906.05,,,,"     ",5.30,137.95,2.38
1771,554698748,"01771M08:52:04.166","01771 08:39:54",220.95,906.01,,,,"     ",5.30,139.35,2.40
1771,554698749,"01771M08:52:05.140","01771 08:39:55",221.03,906.01,,,,"     ",5.30,139.78,2.41
1771,554698750,"01771M08:52:06.113","01771 08:39:56",221.13,906.03,,,,"     ",5.30,139.06,2.40
1771,554698751,"01771M08:52:07.086","01771 08:39:57",221.21,906.03,,,,"     ",5.30,140.53,2.42
1771,554698752,"01771M08:52:08.059","01771 08:39:58",221.29,905.96,,,,"     ",5.30,138.43,2.38
1771,554698753,"01771M08:52:09.033","01771 08:39:59",221.34,905.96,,,,"     ",5.30,140.40,2.42
1771,554698754,"01771M08:52:10.006","01771 08:40:00",221.37,905.89,,,,"     ",5.30,139.00,2.39
1771,554698755,"01771M08:52:10.979","01771 08:40:01",221.38,905.85,,,,"     ",5.30,141.11,2.43
1771,554698756,"01771M08:52:11.952","01771 08:40:02",221.37,905.91,,,,"     ",5.30,140.18,2.41
1771,554698757,"01771M08:52:12.926","01771 08:40:03",221.33,905.95,,,,"     ",5.30,139.06,2.39
1771,554698758,"01771M08:52:13.899","01771 08:40:04",221.27,905.97,,,,"     ",5.30,139.77,2.40
1771,554698759,"01771M08:52:14.872","01771 08:40:05",221.19,906.03,,,,"     ",5.30,140.84,2.42
1771,554698760,"01771M08:52:15.845","01771 08:40:06",221.08,905.99,,,,"     ",5.30,139.63,2.39
1771,554698761,"01771M08:52:16.819","01771 08:40:07",220.96,906.03,,,,"     ",5.30,139.60,2.39
1771,554698762,"01771M08:52:17.792","01771 08:40:08",220.83,905.97,,,,"     ",5.30,140.61,2.41
1771,554698763,"01771M08:52:18.765","01771 08:40:09",220.72,905.96,,,,"     ",5.30,139.64,2.39
1771,554698764,"01771M08:52:19.738","01771 08:40:10",220.62,905.91,,,,"     ",5.30,141.12,2.42
1771,554698765,"01771M08:52:20.712","01771 08:40:11",220.55,905.91,,,,"     ",5.30,141.17,2.42
1771,554698766,"01771M08:52:21.685","01771 08:40:12",220.52,905.88,,,,"     ",5.30,139.42,2.38
1771,554698767,"01771M08:52:22.658","01771 08:40:13",221.05,905.93,,,,"     ",5.30,140.27,2.40
1771,554698768,"01771M08:52:23.631","01771 08:40:14",221.06,905.93,,,,"     ",5.30,140.89,2.41
1771,554698769,"01771M08:52:24.605","01771 08:40:15",220.54,905.92,,,,"     ",5.30,140.61,2.40
1771,554698770,"01771M08:52:25.578","01771 08:40:15",220.57,905.95,,,,"     ",5.30,138.99,2.37
1771,554698771,"01771M08:52:26.551","01771 08:40:16",220.62,905.94,,,,"     ",5.30,140.38,2.40
1771,554698772,"01771M08:52:27.524","01771 08:40:17",220.67,905.90,,,,"     ",5.30,141.24,2.41
1771,554698773,"01771M08:52:28.498","01771 08:40:18",220.74,905.91,,,,"     ",5.30,141.57,2.41
1771,554698774,"01771M08:52:29.471","01771 08:40:19",220.82,905.94,,,,"     ",5.30,140.39,2.39
1771,554698775,"01771M08:52:30.444","01771 08:40:20",220.90,905.88,,,,"     ",5.30,141.30,2.41
1771,554698776,"01771M08:52:31.417","01771 08:40:21",220.98,905.96,,,,"     ",5.30,140.38,2.39
1771,554698777,"01771M08:52:32.391","01771 08:40:22",221.05,905.94,,,,"     ",5.30,141.14,2.40
1771,554698778,"01771M08:52:33.364","01771 08:40:23",221.10,905.97,,,,"     ",5.30,141.50,2.41
1771,554698779,"01771M08:52:34.337","01771 08:40:24",221.15,905.87,,,,"     ",5.30,138.96,2.36
1771,554698780,"01771M08:52:35.310","01771 08:40:25",221.19,905.87,,,,"     ",5.30,141.62,2.41
1771,554698781,"01771M08:52:36.284","01771 08:40:26",221.23,905.93,,,,"     ",5.30,139.83,2.38
1771,554698782,"01771M08:52:37.257","01771 08:40:27",221.27,905.86,,,,"     ",5.30,141.10,2.40
1771,554698783,"01771M08:52:38.230","01771 08:40:28",221.31,905.87,,,,"     ",5.30,141.43,2.40
1771,554698784,"01771M08:52:39.203","01771 08:40:29",221.33,905.87,,,,"     ",5.30,140.90,2.39
1771,554698785,"01771M08:52:40.177","01771 08:40:30",221.34,905.83,,,,"     ",5.30,141.44,2.40
1771,554698786,"01771M08:52:41.150","01771 08:40:31",221.32,905.85,,,,"     ",5.30,140.23,2.38
1771,554698787,"01771M08:52:42.123","01771 08:40:32",221.28,905.82,,,,"     ",5.30,141.26,2.39
1771,554698788,"01771M08:52:43.096","01771 08:40:33",221.23,905.83,,,,"     ",5.30,141.87,2.40
1771,554698789,"01771M08:52:44.070","01771 08:40:34",221.16,905.85,,,,"     ",5.30,142.38,2.41
1771,554698790,"01771M08:52:45.043","01771 08:40:35",221.08,905.81,,,,"     ",5.30,142.27,2.41
1771,554698791,"01771M08:52:46.016","01771 08:40:36",221.01,905.79,,,,"     ",5.30,141.75,2.40
1771,554698792,"01771M08:52:46.989","01771 08:40:37",221.41,905.81,,,,"     ",5.30,140.60,2.38
1771,554698793,"01771M08:52:47.963","01771 08:40:38",221.38,905.78,,,,"     ",5.30,141.38,2.39
1771,554698794,"01771M08:52:48.936","01771 08:40:39",221.37,905.83,,,,"     ",5.30,140.69,2.38
1771,554698795,"01771M08:52:49.909","01771 08:40:40",221.36,905.79,,,,"     ",5.30,142.20,2.40
1771,554698796,"01771M08:52:50.883","01771 08:40:41",221.36,905.72,,,,"     ",5.30,141.33,2.38
1771,554698797,"01771M08:52:51.856","01771 08:40:42",221.37,905.75,,,,"     ",5.30,141.78,2.39
1771,554698798,"01771M08:52:52.829","01771 08:40:43",220.92,905.80,,,,"     ",5.30,142.86,2.41
1771,554698799,"01771M08:52:53.802","01771 08:40:44",220.96,905.74,,,,"     ",5.30,143.80,2.43
1771,554698800,"01771M08:52:54.776","01771 08:40:45",221.01,905.87,,,,"     ",5.30,139.81,2.35
1771,554698801,"01771M08:52:55.749","01771 08:40:46",221.06,905.79,,,,"     ",5.30,141.99,2.39
1771,554698802,"01771M08:52:56.722","01771 08:40:47",221.11,905.73,,,,"     ",5.30,141.80,2.39
1771,554698803,"01771M08:52:57.695","01771 08:40:48",221.15,905.80,,,,"     ",5.30,141.06,2.37
1771,554698804,"01771M08:52:58.669","01771 08:40:49",221.17,905.84,,,,"     ",5.30,141.01,2.37
1771,554698805,"01771M08:52:59.642","01771 08:40:50",221.18,905.84,,,,"     ",5.30,142.46,2.40
1771,554698806,"01771M08:53:00.615","01771 08:40:51",221.16,905.75,,,,"     ",5.30,142.60,2.40
1771,554698807,"01771M08:53:01.588","01771 08:40:51",221.13,905.81,,,,"     ",5.30,140.84,2.37
1771,554698808,"01771M08:53:02.562","01771 08:40:52",221.47,905.81,,,,"     ",5.30,142.85,2.40
1771,554698809,"01771M08:53:03.535","01771 08:40:53",221.41,905.70,,,,"     ",5.30,142.48,2.39
1771,554698810,"01771M08:53:04.508","01771 08:40:54",221.30,905.78,,,,"     ",5.30,141.72,2.38
1771,554698811,"01771M08:53:05.481","01771 08:40:55",221.17,905.73,,,,"     ",5.30,141.94,2.38
1771,554698812,"01771M08:53:06.455","01771 08:40:56",221.06,905.67,,,,"     ",5.30,141.75,2.38
1771,554698813,"01771M08:53:07.428","01771 08:40:57",220.96,905.68,,,,"     ",5.30,141.55,2.37
1771,554698814,"01771M08:53:08.401","01771 08:40:58",220.88,905.57,,,,"     ",5.30,142.81,2.39
1771,554698815,"01771M08:53:09.374","01771 08:40:59",220.81,905.65,,,,"     ",5.30,142.08,2.38
1771,554698816,"01771M08:53:10.348","01771 08:41:00",220.75,905.65,,,,"     ",5.30,142.45,2.39
1771,554698817,"01771M08:53:11.321","01771 08:41:01",220.69,905.68,,,,"     ",5.30,141.94,2.38
1771,554698818,"01771M08:53:12.294","01771 08:41:02",220.64,905.62,,,,"     ",5.30,142.29,2.38
1771,554698819,"01771M08:53:13.267","01771 08:41:03",220.60,905.64,,,,"     ",5.30,142.70,2.39
1771,554698820,"01771M08:53:14.241","01771 08:41:04",220.57,905.66,,,,"     ",5.30,141.01,2.36
1771,554698821,"01771M08:53:15.214","01771 08:41:05",220.54,905.67,,,,"     ",5.30,141.85,2.37
1771,554698822,"01771M08:53:16.187","01771 08:41:06",220.53,905.75,,,,"     ",5.30,142.51,2.38
1771,554698823,"01771M08:53:17.160","01771 08:41:07",220.52,905.71,,,,"     ",5.30,142.13,2.38
1771,554698824,"01771M08:53:18.134","01771 08:41:08",220.52,905.69,,,,"     ",5.30,141.57,2.37
1771,554698825,"01771M08:53:19.107","01771 08:41:09",220.51,905.68,,,,"     ",5.30,141.83,2.37
1771,554698826,"01771M08:53:20.080","01771 08:41:10",220.51,905.82,,,,"     ",5.30,142.45,2.38
1771,554698827,"01771M08:53:21.053","01771 08:41:11",220.50,905.69,,,,"     ",5.30,144.11,2.41
1771,554698828,"01771M08:53:22.027","01771 08:41:12",220.48,905.71,,,,"     ",5.30,141.25,2.36
1771,554698829,"01771M08:53:23.000","01771 08:41:13",220.45,905.75,,,,"     ",5.30,141.83,2.37
1771,554698830,"01771M08:53:23.973","01771 08:41:14",220.41,905.70,,,,"     ",5.30,141.77,2.37
1771,554698831,"01771M08:53:24.946","01771 08:41:15",220.37,905.75,,,,"     ",5.30,141.83,2.37
1771,554698832,"01771M08:53:25.920","01771 08:41:16",220.33,905.73,,,,"     ",5.30,142.95,2.39
1771,554698833,"01771M08:53:26.893","01771 08:41:17",220.28,905.72,,,,"     ",5.30,142.78,2.38
1771,554698834,"01771M08:53:27.866","01771 08:41:18",220.23,905.65,,,,"     ",5.30,142.91,2.38
1771,554698835,"01771M08:53:28.839","01771 08:41:19",220.18,905.70,,,,"     ",5.30,142.80,2.38
1771,554698836,"01771M08:53:29.813","01771 08:41:20",220.13,905.69,,,,"     ",5.30,144.54,2.41
1771,554698837,"01771M08:53:30.786","01771 08:41:21",220.09,905.69,,,,"     ",5.30,142.87,2.38
1771,554698838,"01771M08:53:31.759","01771 08:41:22",220.06,905.65,,,,"     ",5.30,142.74,2.38
1771,554698839,"01771M08:53:32.732","01771 08:41:23",220.04,905.65,,,,"     ",5.30,142.01,2.37
1771,554698840,"01771M08:53:33.706","01771 08:41:24",220.03,905.64,,,,"     ",5.30,141.77,2.36
1771,554698841,"01771M08:53:34.679","01771 08:41:25",220.03,905.63,,,,"     ",5.30,142.91,2.38
1771,554698842,"01771M08:53:35.652","01771 08:41:26",220.06,905.57,,,,"     ",5.30,142.64,2.37
1771,554698843,"01771M08:53:36.625","01771 08:41:27",220.10,905.62,,,,"     ",5.30,143.01,2.38
1771,554698844,"01771M08:53:37.599","01771 08:41:28",220.15,905.61,,,,"     ",5.30,142.40,2.37
1771,554698845,"01771M08:53:38.572","01771 08:41:28",220.21,905.60,,,,"     ",5.30,142.92,2.38
1771,554698846,"01771M08:53:39.545","01771 08:41:29",220.26,905.60,,,,"     ",5.30,142.59,2.37
1771,554698847,"01771M08:53:40.518","01771 08:41:30",220.32,905.64,,,,"     ",5.30,142.24,2.36
1771,554698848,"01771M08:53:41.492","01771 08:41:31",220.37,905.66,,,,"     ",5.30,141.62,2.35
1771,554698849,"01771M08:53:42.465","01771 08:41:32",220.42,905.63,,,,"     ",5.30,143.19,2.38
1771,554698850,"01771M08:53:43.438","01771 08:41:33",220.48,905.64,,,,"     ",5.30,144.43,2.40
1771,554698851,"01771M08:53:44.411","01771 08:41:34",220.55,905.60,,,,"     ",5.30,144.25,2.39
1771,554698852,"01771M08:53:45.385","01771 08:41:35",220.62,905.61,,,,"     ",5.30,142.93,2.37
1771,554698853,"01771M08:53:46.358","01771 08:41:36",220.68,905.54,,,,"     ",5.30,144.90,2.40
1771,554698854,"01771M08:53:47.331","01771 08:41:37",220.72,905.59,,,,"     ",5.30,143.78,2.38
1771,554698855,"01771M08:53:48.304","01771 08:41:38",220.74,905.58,,,,"     ",5.30,144.12,2.39
1771,554698856,"01771M08:53:49.278","01771 08:41:39",220.74,905.56,,,,"     ",5.30,142.90,2.37
1771,554698857,"01771M08:53:50.251","01771 08:41:40",220.71,905.60,,,,"     ",5.30,143.41,2.37
1771,554698858,"01771M08:53:51.224","01771 08:41:41",220.65,905.59,,,,"     ",5.30,144.60,2.39
1771,554698859,"01771M08:53:52.197","01771 08:41:42",220.57,905.62,,,,"     ",5.30,143.61,2.38
1771,554698860,"01771M08:53:53.171","01771 08:41:43",220.47,905.62,,,,"     ",5.30,143.84,2.38
1771,554698861,"01771M08:53:54.144","01771 08:41:44",220.35,905.63,,,,"     ",5.30,142.88,2.36
1771,554698862,"01771M08:53:55.117","01771 08:41:45",220.22,905.60,,,,"     ",5.30,145.11,2.40
1771,554698863,"01771M08:53:56.090","01771 08:41:46",220.08,905.56,,,,"     ",5.30,144.32,2.39
1771,554698864,"01771M08:53:57.064","01771 08:41:47",219.94,905.54,,,,"     ",5.30,144.33,2.38
1771,554698865,"01771M08:53:58.037","01771 08:41:48",219.79,905.52,,,,"     ",5.30,144.18,2.38
1771,554698866,"01771M08:53:59.010","01771 08:41:49",219.65,905.61,,,,"     ",5.30,145.28,2.40
1771,554698867,"01771M08:53:59.984","01771 08:41:50",219.51,905.61,,,,"     ",5.30,144.54,2.39
1771,554698868,"01771M08:54:00.957","01771 08:41:51",219.40,905.54,,,,"     ",5.30,144.42,2.38
1771,554698869,"01771M08:54:01.930","01771 08:41:52",219.29,905.52,,,,"     ",5.30,143.90,2.37
1771,554698870,"01771M08:54:02.903","01771 08:41:53",219.20,905.52,,,,"     ",5.30,144.03,2.38
1771,554698871,"01771M08:54:03.877","01771 08:41:54",219.09,905.49,,,,"     ",5.30,143.77,2.37
1771,554698872,"01771M08:54:04.850","01771 08:41:55",218.97,905.46,,,,"     ",5.30,143.50,2.37
1771,554698873,"01771M08:54:05.823","01771 08:41:56",218.84,905.47,,,,"     ",5.30,143.57,2.37
1771,554698874,"01771M08:54:06.796","01771 08:41:57",218.71,905.51,,,,"     ",5.30,143.82,2.37
1771,554698875,"01771M08:54:07.770","01771 08:41:58",218.59,905.59,,,,"     ",5.30,144.38,2.38
1771,554698876,"01771M08:54:08.743","01771 08:41:59",218.48,905.62,,,,"     ",5.30,144.52,2.38
1771,554698877,"01771M08:54:09.716","01771 08:42:00",218.40,905.54,,,,"     ",5.30,144.45,2.38
1771,554698878,"01771M08:54:10.689","01771 08:42:01",218.34,905.55,,,,"     ",5.30,144.13,2.37
1771,554698879,"01771M08:54:11.663","01771 08:42:02",218.31,905.53,,,,"     ",5.30,144.51,2.38
1771,554698880,"01771M08:54:12.636","01771 08:42:03",218.29,905.48,,,,"     ",5.30,144.40,2.37
1771,554698881,"01771M08:54:13.609","01771 08:42:04",218.29,905.48,,,,"     ",5.30,145.41,2.39
1771,554698882,"01771M08:54:14.582","01771 08:42:05",218.28,905.48,,,,"     ",5.30,144.61,2.38
1771,554698883,"01771M08:54:15.556","01771 08:42:05",218.28,905.54,,,,"     ",5.30,144.74,2.38
1771,554698884,"01771M08:54:16.529","01771 08:42:06",218.27,905.57,,,,"     ",5.30,144.11,2.37
1771,554698885,"01771M08:54:17.502","01771 08:42:07",218.26,905.51,,,,"     ",5.30,144.96,2.38
1771,554698886,"01771M08:54:18.475","01771 08:42:08",218.25,905.52,,,,"     ",5.30,144.06,2.36
1771,554698887,"01771M08:54:19.449","01771 08:42:09",218.23,905.51,,,,"     ",5.30,144.74,2.37
1771,554698888,"01771M08:54:20.422","01771 08:42:10",218.19,905.53,,,,"     ",5.30,145.66,2.39
1771,554698889,"01771M08:54:21.395","01771 08:42:11",218.13,905.47,,,,"     ",5.30,144.33,2.37
1771,554698890,"01771M08:54:22.368","01771 08:42:12",218.06,905.45,,,,"     ",5.30,144.43,2.37
1771,554698891,"01771M08:54:23.342","01771 08:42:13",217.97,905.48,,,,"     ",5.30,145.90,2.39
1771,554698892,"01771M08:54:24.315","01771 08:42:14",217.87,905.42,,,,"     ",5.30,145.93,2.39
1771,554698893,"01771M08:54:25.288","01771 08:42:15",217.79,905.45,,,,"     ",5.30,145.37,2.38
1771,554698894,"01771M08:54:26.261","01771 08:42:16",217.72,905.45,,,,"     ",5.30,145.79,2.39
1771,554698895,"01771M08:54:27.235","01771 08:42:17",217.67,905.48,,,,"     ",5.30,144.18,2.36
1771,554698896,"01771M08:54:28.208","01771 08:42:18",217.62,905.47,,,,"     ",5.30,145.62,2.38
1771,554698897,"01771M08:54:29.181","01771 08:42:19",217.58,905.44,,,,"     ",5.30,145.27,2.38
1771,554698898,"01771M08:54:30.154","01771 08:42:20",217.53,905.54,,,,"     ",5.30,144.21,2.36
1771,554698899,"01771M08:54:31.128","01771 08:42:21",217.48,905.52,,,,"     ",5.30,145.76,2.38
1771,554698900,"01771M08:54:32.101","01771 08:42:22",217.42,905.56,,,,"     ",5.30,145.74,2.38
1771,554698901,"01771M08:54:33.074","01771 08:42:23",217.36,905.57,,,,"     ",5.30,145.64,2.38
1771,554698902,"01771M08:54:34.047","01771 08:42:24",217.30,905.56,,,,"     ",5.30,145.02,2.37
1771,554698903,"01771M08:54:35.021","01771 08:42:25",217.24,905.58,,,,"     ",5.30,145.86,2.38
1771,554698904,"01771M08:54:35.994","01771 08:42:26",217.18,905.51,,,,"     ",5.30,145.12,2.37
1771,554698905,"01771M08:54:36.967","01771 08:42:27",217.13,905.52,,,,"     ",5.30,145.47,2.37
1771,554698906,"01771M08:54:37.940","01771 08:42:28",217.07,905.48,,,,"     ",5.30,145.72,2.38
1771,554698907,"01771M08:54:38.914","01771 08:42:29",217.02,905.45,,,,"     ",5.30,145.54,2.37
1771,554698908,"01771M08:54:39.887","01771 08:42:30",216.97,905.52,,,,"     ",5.30,145.67,2.38
1771,554698909,"01771M08:54:40.860","01771 08:42:31",216.94,905.48,,,,"     ",5.30,145.37,2.37
1771,554698910,"01771M08:54:41.833","01771 08:42:32",216.92,905.51,,,,"     ",5.30,145.93,2.38
1771,554698911,"01771M08:54:42.807","01771 08:42:33",216.92,905.51,,,,"     ",5.30,147.59,2.40
1771,554698912,"01771M08:54:43.780","01771 08:42:34",216.93,905.53,,,,"     ",5.30,144.66,2.35
1771,554698913,"01771M08:54:44.753","01771 08:42:35",216.95,905.49,,,,"     ",5.30,146.21,2.38
1771,554698914,"01771M08:54:45.726","01771 08:42:36",216.97,905.49,,,,"     ",5.30,146.03,2.38
1771,554698915,"01771M08:54:46.700","01771 08:42:37",216.98,905.45,,,,"     ",5.30,145.07,2.36
1771,554698916,"01771M08:54:47.673","01771 08:42:38",216.99,905.37,,,,"     ",5.30,146.50,2.38
1771,554698917,"01771M08:54:48.646","01771 08:42:39",216.98,905.42,,,,"     ",5.30,146.82,2.39
1771,554698918,"01771M08:54:49.619","01771 08:42:40",216.95,905.48,,,,"     ",5.30,144.79,2.35
1771,554698919,"01771M08:54:50.593","01771 08:42:41",216.93,905.46,,,,"     ",5.30,145.24,2.36
1771,554698920,"01771M08:54:51.566","01771 08:42:42",216.90,905.51,,,,"     ",5.30,146.27,2.38
1771,554698921,"01771M08:54:52.539","01771 08:42:42",216.87,905.47,,,,"     ",5.30,146.36,2.38
1771,554698922,"01771M08:54:53.512","01771 08:42:43",216.83,905.46,,,,"     ",5.30,146.68,2.38
1771,554698923,"01771M08:54:54.486","01771 08:42:44",216.79,905.41,,,,"     ",5.30,145.93,2.37
1771,554698924,"01771M08:54:55.459","01771 08:42:45",216.75,905.41,,,,"     ",5.30,144.83,2.35
1771,554698925,"01771M08:54:56.432","01771 08:42:46",216.73,905.40,,,,"     ",5.30,144.69,2.35
1771,554698926,"01771M08:54:57.405","01771 08:42:47",216.71,905.38,,,,"     ",5.30,145.76,2.36
1771,554698927,"01771M08:54:58.379","01771 08:42:48",216.71,905.39,,,,"     ",5.30,146.82,2.38
1771,554698928,"01771M08:54:59.352","01771 08:42:49",216.72,905.50,,,,"     ",5.30,145.51,2.36
1771,554698929,"01771M08:55:00.325","01771 08:42:50",216.75,905.42,,,,"     ",5.30,147.68,2.39
1771,554698930,"01771M08:55:01.298","01771 08:42:51",216.80,905.38,,,,"     ",5.30,147.10,2.38
1771,554698931,"01771M08:55:02.272","01771 08:42:52",216.85,905.45,,,,"     ",5.30,145.65,2.36
1771,554698932,"01771M08:55:03.245","01771 08:42:53",216.90,905.41,,,,"     ",5.30,145.55,2.35
1771,554698933,"01771M08:55:04.218","01771 08:42:54",216.95,905.42,,,,"     ",5.30,146.55,2.37
1771,554698934,"01771M08:55:05.191","01771 08:42:55",216.99,905.45,,,,"     ",5.30,145.50,2.35
1771,554698935,"01771M08:55:06.165","01771 08:42:56",217.03,905.42,,,,"     ",5.30,146.69,2.37
1771,554698936,"01771M08:55:07.138","01771 08:42:57",217.05,905.37,,,,"     ",5.30,146.32,2.36
1771,554698937,"01771M08:55:08.111","01771 08:42:58",217.06,905.30,,,,"     ",5.30,146.59,2.37
1771,554698938,"01771M08:55:09.085","01771 08:42:59",217.06,905.38,,,,"     ",5.30,146.07,2.36
1771,554698939,"01771M08:55:10.058","01771 08:43:00",217.05,905.27,,,,"     ",5.30,147.75,2.39
1771,554698940,"01771M08:55:11.031","01771 08:43:01",217.04,905.37,,,,"     ",5.30,146.61,2.37
1771,554698941,"01771M08:55:12.004","01771 08:43:02",217.03,905.30,,,,"     ",5.30,145.87,2.35
1771,554698942,"01771M08:55:12.978","01771 08:43:03",217.01,905.21,,,,"     ",5.30,147.23,2.37
1771,554698943,"01771M08:55:13.951","01771 08:43:04",216.99,905.34,,,,"     ",5.30,146.73,2.37
1771,554698944,"01771M08:55:14.924","01771 08:43:05",216.96,905.34,,,,"     ",5.30,147.42,2.38
1771,554698945,"01771M08:55:15.897","01771 08:43:06",216.93,905.27,,,,"     ",5.30,148.55,2.40
1771,554698946,"01771M08:55:16.871","01771 08:43:07",216.88,905.37,,,,"     ",5.30,146.83,2.36
1771,554698947,"01771M08:55:17.844","01771 08:43:08",216.83,905.38,,,,"     ",5.30,146.97,2.37
1771,554698948,"01771M08:55:18.817","01771 08:43:09",216.76,905.31,,,,"     ",5.30,147.89,2.38
1771,554698949,"01771M08:55:19.790","01771 08:43:10",216.68,905.29,,,,"     ",5.30,145.91,2.35
1771,554698950,"01771M08:55:20.764","01771 08:43:11",216.61,905.33,,,,"     ",5.30,146.79,2.36
1771,554698951,"01771M08:55:21.737","01771 08:43:12",216.53,905.27,,,,"     ",5.30,148.25,2.39
1771,554698952,"01771M08:55:22.710","01771 08:43:13",216.44,905.32,,,,"     ",5.30,148.65,2.39
1771,554698953,"01771M08:55:23.683","01771 08:43:14",216.36,905.31,,,,"     ",5.30,148.29,2.38
1771,554698954,"01771M08:55:24.657","01771 08:43:15",216.28,905.29,,,,"     ",5.30,147.06,2.36
1771,554698955,"01771M08:55:25.630","01771 08:43:16",216.20,905.27,,,,"     ",5.30,147.00,2.36
1771,554698956,"01771M08:55:26.603","01771 08:43:17",216.12,905.25,,,,"     ",5.30,147.80,2.37
1771,554698957,"01771M08:55:27.576","01771 08:43:18",216.04,905.30,,,,"     ",5.30,147.82,2.37
1771,554698958,"01771M08:55:28.550","01771 08:43:18",215.96,905.24,,,,"     ",5.30,147.28,2.36
1771,554698959,"01771M08:55:29.523","01771 08:43:19",215.89,905.28,,,,"     ",5.30,148.22,2.38
1771,554698960,"01771M08:55:30.496","01771 08:43:20",215.83,905.28,,,,"     ",5.30,147.84,2.37
1771,554698961,"01771M08:55:31.469","01771 08:43:21",215.77,905.24,,,,"     ",5.30,148.85,2.39
1771,554698962,"01771M08:55:32.443","01771 08:43:22",215.71,905.30,,,,"     ",5.30,148.00,2.37
1771,554698963,"01771M08:55:33.416","01771 08:43:23",215.66,905.31,,,,"     ",5.30,148.88,2.38
1771,554698964,"01771M08:55:34.389","01771 08:43:24",215.61,905.32,,,,"     ",5.30,149.02,2.39
1771,554698965,"01771M08:55:35.362","01771 08:43:25",215.56,905.24,,,,"     ",5.30,148.05,2.37
1771,554698966,"01771M08:55:36.336","01771 08:43:26",215.51,905.26,,,,"     ",5.30,147.05,2.35
1771,554698967,"01771M08:55:37.309","01771 08:43:27",215.47,905.29,,,,"     ",5.30,147.40,2.36
1771,554698968,"01771M08:55:38.282","01771 08:43:28",215.45,905.31,,,,"     ",5.30,148.76,2.38
1771,554698969,"01771M08:55:39.255","01771 08:43:29",215.45,905.28,,,,"     ",5.30,147.61,2.36
1771,554698970,"01771M08:55:40.229","01771 08:43:30",215.47,905.24,,,,"     ",5.30,147.38,2.35
1771,554698971,"01771M08:55:41.202","01771 08:43:31",215.50,905.22,,,,"     ",5.30,148.84,2.38
1771,554698972,"01771M08:55:42.175","01771 08:43:32",215.55,905.23,,,,"     ",5.30,147.87,2.36
1771,554698973,"01771M08:55:43.148","01771 08:43:33",215.60,905.23,,,,"     ",5.30,148.54,2.37
1771,554698974,"01771M08:55:44.122","01771 08:43:34",215.65,905.20,,,,"     ",5.30,146.87,2.34
1771,554698975,"01771M08:55:45.095","01771 08:43:35",215.69,905.25,,,,"     ",5.30,147.94,2.36
1771,554698976,"01771M08:55:46.068","01771 08:43:36",215.74,905.24,,,,"     ",5.30,147.84,2.36
1771,554698977,"01771M08:55:47.041","01771 08:43:37",215.79,905.22,,,,"     ",5.30,148.56,2.37
1771,554698978,"01771M08:55:48.015","01771 08:43:38",215.84,905.23,,,,"     ",5.30,149.59,2.39
1771,554698979,"01771M08:55:48.988","01771 08:43:39",215.90,905.25,,,,"     ",5.30,149.82,2.39
1771,554698980,"01771M08:55:49.961","01771 08:43:40",215.97,905.24,,,,"     ",5.30,149.10,2.37
1771,554698981,"01771M08:55:50.934","01771 08:43:41",216.04,905.21,,,,"     ",5.30,148.49,2.36
1771,554698982,"01771M08:55:51.908","01771 08:43:42",216.10,905.12,,,,"     ",5.30,147.60,2.35
1771,554698983,"01771M08:55:52.881","01771 08:43:43",216.15,905.12,,,,"     ",5.30,147.93,2.35
1771,554698984,"01771M08:55:53.854","01771 08:43:44",216.19,905.17,,,,"     ",5.30,149.08,2.37
1771,554698985,"01771M08:55:54.827","01771 08:43:45",216.21,905.20,,,,"     ",5.30,148.20,2.36
1771,554698986,"01771M08:55:55.801","01771 08:43:46",216.22,905.26,,,,"     ",5.30,148.27,2.36
1771,554698987,"01771M08:55:56.774","01771 08:43:47",216.20,905.25,,,,"     ",5.30,148.33,2.36
1771,554698988,"01771M08:55:57.747","01771 08:43:48",216.16,905.29,,,,"     ",5.30,149.66,2.38
1771,554698989,"01771M08:55:58.720","01771 08:43:49",216.10,905.21,,,,"     ",5.30,149.38,2.37
1771,554698990,"01771M08:55:59.694","01771 08:43:50",216.02,905.24,,,,"     ",5.30,148.76,2.36
1771,554698991,"01771M08:56:00.667","01771 08:43:51",215.92,905.27,,,,"     ",5.30,148.05,2.35
1771,554698992,"01771M08:56:01.640","01771 08:43:52",215.81,905.17,,,,"     ",5.30,148.40,2.35
1771,554698993,"01771M08:56:02.613","01771 08:43:53",215.69,905.19,,,,"     ",5.30,148.51,2.36
1771,554698994,"01771M08:56:03.587","01771 08:43:54",215.57,905.23,,,,"     ",5.30,148.89,2.36
1771,554698995,"01771M08:56:04.560","01771 08:43:55",215.46,905.15,,,,"     ",5.30,148.74,2.36
1771,554698996,"01771M08:56:05.533","01771 08:43:55",215.38,905.22,,,,"     ",5.30,148.99,2.36
1771,554698997,"01771M08:56:06.506","01771 08:43:56",215.31,905.14,,,,"     ",5.30,150.24,2.38
1771,554698998,"01771M08:56:07.480","01771 08:43:57",215.27,905.20,,,,"     ",5.30,149.55,2.37
1771,554698999,"01771M08:56:08.453","01771 08:43:58",215.24,905.19,,,,"     ",5.30,149.94,2.38
1771,554699000,"01771M08:56:09.426","01771 08:43:59",215.21,905.15,,,,"     ",5.30,149.18,2.36
1771,554699001,"01771M08:56:10.399","01771 08:44:00",215.19,905.15,,,,"     ",5.30,149.62,2.37
1771,554699002,"01771M08:56:11.373","01771 08:44:01",215.17,905.21,,,,"     ",5.30,148.65,2.35
1771,554699003,"01771M08:56:12.346","01771 08:44:02",215.16,905.23,,,,"     ",5.30,150.52,2.38
1771,554699004,"01771M08:56:13.319","01771 08:44:03",215.16,905.19,,,,"     ",5.30,149.62,2.37
1771,554699005,"01771M08:56:14.292","01771 08:44:04",215.17,905.22,,,,"     ",5.30,148.57,2.35
1771,554699006,"01771M08:56:15.266","01771 08:44:05",215.19,905.22,,,,"     ",5.30,149.32,2.36
1771,554699007,"01771M08:56:16.239","01771 08:44:06",215.21,905.13,,,,"     ",5.30,149.92,2.37
1771,554699008,"01771M08:56:17.212","01771 08:44:07",215.24,905.20,,,,"     ",5.30,149.32,2.36
1771,554699009,"01771M08:56:18.186","01771 08:44:08",215.27,905.14,,,,"     ",5.30,150.33,2.37
1771,554699010,"01771M08:56:19.159","01771 08:44:09",215.31,905.15,,,,"     ",5.30,149.66,2.36
1771,554699011,"01771M08:56:20.132","01771 08:44:10",215.36,905.17,,,,"     ",5.30,150.06,2.37
1771,554699012,"01771M08:56:21.105","01771 08:44:11",215.23,905.17,,,,"     ",5.30,149.50,2.36
1771,554699013,"01771M08:56:22.079","01771 08:44:12",215.25,905.10,,,,"     ",5.30,149.80,2.36
1771,554699014,"01771M08:56:23.052","01771 08:44:13",215.28,905.13,,,,"     ",5.30,149.17,2.35
1771,554699015,"01771M08:56:24.025","01771 08:44:14",215.30,905.10,,,,"     ",5.30,149.07,2.35
1771,554699016,"01771M08:56:24.998","01771 08:44:15",215.32,905.04,,,,"     ",5.30,149.26,2.35
1771,554699017,"01771M08:56:25.972","01771 08:44:16",215.34,905.12,,,,"     ",5.30,150.01,2.36
1771,554699018,"01771M08:56:26.945","01771 08:44:17",215.36,905.15,,,,"     ",5.30,149.11,2.35
1771,554699019,"01771M08:56:27.918","01771 08:44:18",215.38,905.14,,,,"     ",5.30,149.00,2.35
1771,554699020,"01771M08:56:28.891","01771 08:44:19",215.39,905.14,,,,"     ",5.30,149.91,2.36
1771,554699021,"01771M08:56:29.865","01771 08:44:20",215.40,905.09,,,,"     ",5.30,149.16,2.35
1771,554699022,"01771M08:56:30.838","01771 08:44:21",215.41,905.05,,,,"     ",5.30,150.38,2.36
1771,554699023,"01771M08:56:31.811","01771 08:44:22",215.42,905.06,,,,"     ",5.30,150.13,2.36
1771,554699024,"01771M08:56:32.784","01771 08:44:23",215.43,905.09,,,,"     ",5.30,150.78,2.37
1771,554699025,"01771M08:56:33.758","01771 08:44:24",215.43,905.03,,,,"     ",5.30,149.71,2.35
1771,554699026,"01771M08:56:34.731","01771 08:44:25",215.44,905.13,,,,"     ",5.30,149.96,2.36
1771,554699027,"01771M08:56:35.704","01771 08:44:26",215.42,905.11,,,,"     ",5.30,150.54,2.36
1771,554699028,"01771M08:56:36.677","01771 08:44:27",215.40,905.10,,,,"     ",5.30,149.89,2.35
1771,554699029,"01771M08:56:37.651","01771 08:44:28",215.37,905.07,,,,"     ",5.30,149.41,2.34
1771,554699030,"01771M08:56:38.624","01771 08:44:29",215.33,905.13,,,,"     ",5.30,149.41,2.34
1771,554699031,"01771M08:56:39.597","01771 08:44:30",215.29,905.11,,,,"     ",5.30,150.70,2.36
1771,554699032,"01771M08:56:40.570","01771 08:44:31",215.25,905.18,,,,"     ",5.30,150.31,2.36
1771,554699033,"01771M08:56:41.544","01771 08:44:32",215.21,905.09,,,,"     ",5.30,150.00,2.35
1771,554699034,"01771M08:56:42.517","01771 08:44:32",215.19,905.10,,,,"     ",5.30,150.99,2.37
1771,554699035,"01771M08:56:43.490","01771 08:44:33",215.18,905.03,,,,"     ",5.30,150.53,2.36
1771,554699036,"01771M08:56:44.463","01771 08:44:34",215.18,905.10,,,,"     ",5.30,149.82,2.35
1771,554699037,"01771M08:56:45.437","01771 08:44:35",215.19,905.05,,,,"     ",5.30,149.36,2.34
1771,554699038,"01771M08:56:46.410","01771 08:44:36",215.20,905.08,,,,"     ",5.30,149.43,2.34
1771,554699039,"01771M08:56:47.383","01771 08:44:37",215.20,905.04,,,,"     ",5.30,150.40,2.35
1771,554699040,"01771M08:56:48.356","01771 08:44:38",215.19,905.04,,,,"     ",5.30,149.91,2.34
1771,554699041,"01771M08:56:49.330","01771 08:44:39",215.18,905.04,,,,"     ",5.30,150.78,2.36
1771,554699042,"01771M08:56:50.303","01771 08:44:40",215.17,905.03,,,,"     ",5.30,150.88,2.36
1771,554699043,"01771M08:56:51.276","01771 08:44:41",215.14,904.98,,,,"     ",5.30,150.95,2.36
1771,554699044,"01771M08:56:52.249","01771 08:44:42",215.12,905.04,,,,"     ",5.30,150.54,2.35
1771,554699045,"01771M08:56:53.223","01771 08:44:43",215.09,905.06,,,,"     ",5.30,151.18,2.36
1771,554699046,"01771M08:56:54.196","01771 08:44:44",215.06,905.06,,,,"     ",5.30,150.93,2.36
1771,554699047,"01771M08:56:55.169","01771 08:44:45",215.02,905.13,,,,"     ",5.30,151.01,2.36
1771,554699048,"01771M08:56:56.142","01771 08:44:46",214.98,905.10,,,,"     ",5.30,151.88,2.37
1771,554699049,"01771M08:56:57.116","01771 08:44:47",214.95,905.10,,,,"     ",5.30,150.52,2.35
1771,554699050,"01771M08:56:58.089","01771 08:44:48",214.94,905.11,,,,"     ",5.30,150.85,2.35
1771,554699051,"01771M08:56:59.062","01771 08:44:49",214.93,905.01,,,,"     ",5.30,150.29,2.34
1771,554699052,"01771M08:57:00.035","01771 08:44:50",214.92,905.00,,,,"     ",5.30,151.34,2.36
1771,554699053,"01771M08:57:01.009","01771 08:44:51",214.91,905.03,,,,"     ",5.30,151.49,2.36
1771,554699054,"01771M08:57:01.982","01771 08:44:52",214.91,905.05,,,,"     ",5.30,151.82,2.36
1771,554699055,"01771M08:57:02.955","01771 08:44:53",214.90,905.08,,,,"     ",5.30,151.05,2.35
1771,554699056,"01771M08:57:03.928","01771 08:44:54",214.90,905.08,,,,"     ",5.30,151.62,2.36
1771,554699057,"01771M08:57:04.902","01771 08:44:55",214.90,905.03,,,,"     ",5.30,152.12,2.37
1771,554699058,"01771M08:57:05.875","01771 08:44:56",214.91,905.01,,,,"     ",5.30,151.74,2.36
1771,554699059,"01771M08:57:06.848","01771 08:44:57",214.94,905.03,,,,"     ",5.30,150.14,2.33
1771,554699060,"01771M08:57:07.821","01771 08:44:58",214.97,905.00,,,,"     ",5.30,152.31,2.37
1771,554699061,"01771M08:57:08.795","01771 08:44:59",215.01,905.00,,,,"     ",5.30,151.59,2.35
1771,554699062,"01771M08:57:09.768","01771 08:45:00",215.04,904.97,,,,"     ",5.30,151.91,2.36
1771,554699063,"01771M08:57:10.741","01771 08:45:01",215.06,904.95,,,,"     ",5.30,152.89,2.37
1771,554699064,"01771M08:57:11.714","01771 08:45:02",215.07,904.93,,,,"     ",5.30,150.81,2.34
1771,554699065,"01771M08:57:12.688","01771 08:45:03",215.06,904.96,,,,"     ",5.30,151.82,2.35
1771,554699066,"01771M08:57:13.661","01771 08:45:04",215.02,905.01,,,,"     ",5.30,150.72,2.34
1771,554699067,"01771M08:57:14.634","01771 08:45:05",214.97,905.06,,,,"     ",5.30,151.65,2.35
1771,554699068,"01771M08:57:15.607","01771 08:45:06",214.91,904.97,,,,"     ",5.30,150.51,2.33
1771,554699069,"01771M08:57:16.581","01771 08:45:07",214.84,905.03,,,,"     ",5.30,152.56,2.36
1771,554699070,"01771M08:57:17.554","01771 08:45:08",214.77,905.06,,,,"     ",5.30,152.20,2.36
1771,554699071,"01771M08:57:18.527","01771 08:45:08",214.68,905.03,,,,"     ",5.30,151.99,2.35
1771,554699072,"01771M08:57:19.500","01771 08:45:09",214.60,905.01,,,,"     ",5.30,151.67,2.35
1771,554699073,"01771M08:57:20.474","01771 08:45:10",214.53,905.02,,,,"     ",5.30,150.58,2.33
1771,554699074,"01771M08:57:21.447","01771 08:45:11",214.45,905.00,,,,"     ",5.30,151.55,2.34
1771,554699075,"01771M08:57:22.420","01771 08:45:12",214.38,904.96,,,,"     ",5.30,153.06,2.37
1771,554699076,"01771M08:57:23.393","01771 08:45:13",214.32,904.97,,,,"     ",5.30,152.33,2.35
1771,554699077,"01771M08:57:24.367","01771 08:45:14",214.25,905.04,,,,"     ",5.30,152.59,2.36
1771,554699078,"01771M08:57:25.340","01771 08:45:15",214.21,904.95,,,,"     ",5.30,153.26,2.37
1771,554699079,"01771M08:57:26.313","01771 08:45:16",214.17,904.91,,,,"     ",5.30,152.86,2.36
1771,554699080,"01771M08:57:27.287","01771 08:45:17",214.14,904.94,,,,"     ",5.30,152.42,2.35
1771,554699081,"01771M08:57:28.260","01771 08:45:18",214.12,904.96,,,,"     ",5.30,152.68,2.35
1771,554699082,"01771M08:57:29.233","01771 08:45:19",214.09,904.97,,,,"     ",5.30,152.20,2.35
1771,554699083,"01771M08:57:30.206","01771 08:45:20",214.06,905.00,,,,"     ",5.30,152.32,2.35
1771,554699084,"01771M08:57:31.180","01771 08:45:21",214.02,904.83,,,,"     ",5.30,152.18,2.34
1771,554699085,"01771M08:57:32.153","01771 08:45:22",213.99,904.90,,,,"     ",5.30,152.47,2.35
1771,554699086,"01771M08:57:33.126","01771 08:45:23",213.95,904.88,,,,"     ",5.30,152.40,2.35
1771,554699087,"01771M08:57:34.099","01771 08:45:24",213.94,904.92,,,,"     ",5.30,153.60,2.37
1771,554699088,"01771M08:57:35.073","01771 08:45:25",213.93,904.99,,,,"     ",5.30,152.08,2.34
1771,554699089,"01771M08:57:36.046","01771 08:45:26",213.92,904.95,,,,"     ",5.30,153.77,2.37
1771,554699090,"01771M08:57:37.019","01771 08:45:27",213.92,904.96,,,,"     ",5.30,151.33,2.33
1771,554699091,"01771M08:57:37.992","01771 08:45:28",213.91,904.93,,,,"     ",5.30,152.06,2.34
1771,554699092,"01771M08:57:38.966","01771 08:45:29",213.89,904.88,,,,"     ",5.30,151.47,2.33
1771,554699093,"01771M08:57:39.939","01771 08:45:30",213.88,904.94,,,,"     ",5.30,154.34,2.37
1771,554699094,"01771M08:57:40.912","01771 08:45:31",213.86,904.92,,,,"     ",5.30,152.04,2.33
1771,554699095,"01771M08:57:41.885","01771 08:45:32",213.84,904.98,,,,"     ",5.30,152.17,2.33
1771,554699096,"01771M08:57:42.859","01771 08:45:33",213.84,904.98,,,,"     ",5.30,154.40,2.37
1771,554699097,"01771M08:57:43.832","01771 08:45:34",213.84,904.94,,,,"     ",5.30,153.36,2.35
1771,554699098,"01771M08:57:44.805","01771 08:45:35",213.85,904.92,,,,"     ",5.30,153.46,2.35
1771,554699099,"01771M08:57:45.778","01771 08:45:36",213.86,904.93,,,,"     ",5.30,153.22,2.35
1771,554699100,"01771M08:57:46.752","01771 08:45:37",213.86,904.92,,,,"     ",5.30,152.02,2.33
1771,554699101,"01771M08:57:47.725","01771 08:45:38",213.86,904.90,,,,"     ",5.30,153.95,2.36
1771,554699102,"01771M08:57:48.698","01771 08:45:39",213.84,904.86,,,,"     ",5.30,153.86,2.36
1771,554699103,"01771M08:57:49.671","01771 08:45:40",213.82,904.90,,,,"     ",5.30,152.40,2.33
1771,554699104,"01771M08:57:50.645","01771 08:45:41",213.79,904.93,,,,"     ",5.30,154.25,2.36
1771,554699105,"01771M08:57:51.618","01771 08:45:42",213.76,904.82,,,,"     ",5.30,153.20,2.34
1771,554699106,"01771M08:57:52.591","01771 08:45:43",213.72,904.90,,,,"     ",5.30,154.11,2.36
1771,554699107,"01771M08:57:53.564","01771 08:45:44",213.69,904.85,,,,"     ",5.30,152.54,2.33
1771,554699108,"01771M08:57:54.538","01771 08:45:45",213.65,904.85,,,,"     ",5.30,152.80,2.33
1771,554699109,"01771M08:57:55.511","01771 08:45:45",213.63,904.87,,,,"     ",5.30,153.46,2.34
1771,554699110,"01771M08:57:56.484","01771 08:45:46",213.62,904.85,,,,"     ",5.30,153.96,2.35
1771,554699111,"01771M08:57:57.457","01771 08:45:47",213.62,904.86,,,,"     ",5.30,152.37,2.32
1771,554699112,"01771M08:57:58.431","01771 08:45:48",213.63,904.83,,,,"     ",5.30,154.58,2.36
1771,554699113,"01771M08:57:59.404","01771 08:45:49",213.65,904.81,,,,"     ",5.30,152.26,2.32
1771,554699114,"01771M08:58:00.377","01771 08:45:50",213.67,904.85,,,,"     ",5.30,152.67,2.33
1771,554699115,"01771M08:58:01.350","01771 08:45:51",213.69,904.89,,,,"     ",5.30,153.06,2.33
1771,554699116,"01771M08:58:02.324","01771 08:45:52",213.70,904.88,,,,"     ",5.30,152.79,2.33
1771,554699117,"01771M08:58:03.297","01771 08:45:53",213.71,904.84,,,,"     ",5.30,152.38,2.32
1771,554699118,"01771M08:58:04.270","01771 08:45:54",213.71,904.90,,,,"     ",5.30,154.58,2.35
1771,554699119,"01771M08:58:05.243","01771 08:45:55",213.70,904.93,,,,"     ",5.30,154.55,2.35
1771,554699120,"01771M08:58:06.217","01771 08:45:56",213.69,904.76,,,,"     ",5.30,153.27,2.33
1771,554699121,"01771M08:58:07.190","01771 08:45:57",213.67,904.88,,,,"     ",5.30,154.30,2.35
1771,554699122,"01771M08:58:08.163","01771 08:45:58",213.64,904.89,,,,"     ",5.30,154.25,2.35
1771,554699123,"01771M08:58:09.136","01771 08:45:59",213.60,904.87,,,,"     ",5.30,154.53,2.35
1771,554699124,"01771M08:58:10.110","01771 08:46:00",213.56,904.82,,,,"     ",5.30,153.58,2.33
1771,554699125,"01771M08:58:11.083","01771 08:46:01",213.52,904.89,,,,"     ",5.30,154.00,2.34
1771,554699126,"01771M08:58:12.056","01771 08:46:02",213.49,904.89,,,,"     ",5.30,153.91,2.34
1771,554699127,"01771M08:58:13.029","01771 08:46:03",213.48,904.94,,,,"     ",5.30,153.54,2.33
1771,554699128,"01771M08:58:14.003","01771 08:46:04",213.48,904.92,,,,"     ",5.30,154.02,2.34
1771,554699129,"01771M08:58:14.976","01771 08:46:05",213.48,904.86,,,,"     ",5.30,155.17,2.35
1771,554699130,"01771M08:58:15.949","01771 08:46:06",213.50,904.87,,,,"     ",5.30,153.77,2.33
1771,554699131,"01771M08:58:16.922","01771 08:46:07",213.52,904.89,,,,"     ",5.30,153.69,2.33
1771,554699132,"01771M08:58:17.896","01771 08:46:08",213.55,904.88,,,,"     ",5.30,154.05,2.33
1771,554699133,"01771M08:58:18.869","01771 08:46:09",213.58,904.86,,,,"     ",5.30,154.47,2.34
1771,554699134,"01771M08:58:19.842","01771 08:46:10",213.61,904.87,,,,"     ",5.30,154.29,2.34
1771,554699135,"01771M08:58:20.815","01771 08:46:11",213.65,904.82,,,,"     ",5.30,153.25,2.32
1771,554699136,"01771M08:58:21.789","01771 08:46:12",213.70,904.77,,,,"     ",5.30,154.00,2.33
1771,554699137,"01771M08:58:22.762","01771 08:46:13",213.74,904.84,,,,"     ",5.30,155.37,2.35
1771,554699138,"01771M08:58:23.735","01771 08:46:14",213.78,904.77,,,,"     ",5.30,154.40,2.33
1771,554699139,"01771M08:58:24.708","01771 08:46:15",213.82,904.88,,,,"     ",5.30,154.25,2.33
1771,554699140,"01771M08:58:25.682","01771 08:46:16",213.85,904.88,,,,"     ",5.30,153.31,2.32
1771,554699141,"01771M08:58:26.655","01771 08:46:17",213.88,904.87,,,,"     ",5.30,154.02,2.33
1771,554699142,"01771M08:58:27.628","01771 08:46:18",213.93,904.88,,,,"     ",5.30,154.76,2.34
1771,554699143,"01771M08:58:28.601","01771 08:46:19",213.98,904.81,,,,"     ",5.30,154.72,2.34
1771,554699144,"01771M08:58:29.575","01771 08:46:20",214.05,904.71,,,,"     ",5.30,155.50,2.35
1771,554699145,"01771M08:58:30.548","01771 08:46:21",214.12,904.70,,,,"     ",5.30,153.99,2.32
1771,554699146,"01771M08:58:31.521","01771 08:46:22",214.21,904.73,,,,"     ",5.30,154.02,2.32
1771,554699147,"01771M08:58:32.494","01771 08:46:22",214.31,904.82,,,,"     ",5.30,154.45,2.33
1771,554699148,"01771M08:58:33.468","01771 08:46:23",214.42,904.72,,,,"     ",5.30,154.91,2.33
1771,554699149,"01771M08:58:34.441","01771 08:46:24",214.55,904.70,,,,"     ",5.30,154.32,2.32
1771,554699150,"01771M08:58:35.414","01771 08:46:25",214.67,904.76,,,,"     ",5.30,153.73,2.31
1771,554699151,"01771M08:58:36.387","01771 08:46:26",214.81,904.82,,,,"     ",5.30,155.22,2.34
1771,554699152,"01771M08:58:37.361","01771 08:46:27",214.95,904.71,,,,"     ",5.30,155.92,2.35
1771,554699153,"01771M08:58:38.334","01771 08:46:28",215.08,904.77,,,,"     ",5.30,154.85,2.33
1771,554699154,"01771M08:58:39.307","01771 08:46:29",215.20,904.81,,,,"     ",5.30,155.72,2.34
1771,554699155,"01771M08:58:40.281","01771 08:46:30",215.32,904.86,,,,"     ",5.30,155.51,2.34
1771,554699156,"01771M08:58:41.254","01771 08:46:31",215.44,904.78,,,,"     ",5.30,155.57,2.34
1771,554699157,"01771M08:58:42.227","01771 08:46:32",215.58,904.83,,,,"     ",5.30,155.22,2.33
1771,554699158,"01771M08:58:43.200","01771 08:46:33",215.71,904.79,,,,"     ",5.30,154.87,2.32
1771,554699159,"01771M08:58:44.174","01771 08:46:34",215.85,904.86,,,,"     ",5.30,155.03,2.33
1771,554699160,"01771M08:58:45.147","01771 08:46:35",215.98,904.78,,,,"     ",5.30,156.16,2.34
1771,554699161,"01771M08:58:46.120","01771 08:46:36",216.12,904.73,,,,"     ",5.30,155.53,2.33
1771,554699162,"01771M08:58:47.093","01771 08:46:37",216.26,904.73,,,,"     ",5.30,155.90,2.34
1771,554699163,"01771M08:58:48.067","01771 08:46:38",216.39,904.75,,,,"     ",5.30,155.64,2.33
1771,554699164,"01771M08:58:49.040","01771 08:46:39",216.50,904.75,,,,"     ",5.30,156.36,2.34
1771,554699165,"01771M08:58:50.013","01771 08:46:40",216.59,904.69,,,,"     ",5.30,157.52,2.36
1771,554699166,"01771M08:58:50.986","01771 08:46:41",216.68,904.74,,,,"     ",5.30,156.94,2.35
1771,554699167,"01771M08:58:51.960","01771 08:46:42",216.76,904.74,,,,"     ",5.30,155.78,2.33
1771,554699168,"01771M08:58:52.933","01771 08:46:43",216.84,904.83,,,,"     ",5.30,158.22,2.36
1771,554699169,"01771M08:58:53.906","01771 08:46:44",216.90,904.82,,,,"     ",5.30,154.80,2.31
1771,554699170,"01771M08:58:54.879","01771 08:46:45",216.96,904.86,,,,"     ",5.30,155.12,2.31
1771,554699171,"01771M08:58:55.853","01771 08:46:46",217.01,904.83,,,,"     ",5.30,157.07,2.34
1771,554699172,"01771M08:58:56.826","01771 08:46:47",217.07,904.79,,,,"     ",5.30,155.96,2.32
1771,554699173,"01771M08:58:57.799","01771 08:46:48",217.13,904.78,,,,"     ",5.30,156.90,2.34
1771,554699174,"01771M08:58:58.772","01771 08:46:49",217.20,904.76,,,,"     ",5.30,155.52,2.31
1771,554699175,"01771M08:58:59.746","01771 08:46:50",217.29,904.70,,,,"     ",5.30,156.71,2.33
1771,554699176,"01771M08:59:00.719","01771 08:46:51",217.38,904.73,,,,"     ",5.30,156.05,2.32
1771,554699177,"01771M08:59:01.692","01771 08:46:52",217.49,904.72,,,,"     ",5.30,156.52,2.33
1771,554699178,"01771M08:59:02.665","01771 08:46:53",217.60,904.74,,,,"     ",5.30,157.84,2.34
1771,554699179,"01771M08:59:03.639","01771 08:46:54",217.72,904.70,,,,"     ",5.30,156.49,2.32
1771,554699180,"01771M08:59:04.612","01771 08:46:55",217.85,904.68,,,,"     ",5.30,158.07,2.35
1771,554699181,"01771M08:59:05.585","01771 08:46:56",217.99,904.69,,,,"     ",5.30,156.94,2.33
1771,554699182,"01771M08:59:06.558","01771 08:46:57",218.12,904.69,,,,"     ",5.30,156.91,2.32
1771,554699183,"01771M08:59:07.532","01771 08:46:58",218.25,904.71,,,,"     ",5.30,157.51,2.33
1771,554699184,"01771M08:59:08.505","01771 08:46:59",218.36,904.69,,,,"     ",5.30,156.03,2.31
1771,554699185,"01771M08:59:09.478","01771 08:46:59",218.46,904.69,,,,"     ",5.30,157.50,2.33
1771,554699186,"01771M08:59:10.451","01771 08:47:00",218.56,904.69,,,,"     ",5.30,155.77,2.30
1771,554699187,"01771M08:59:11.425","01771 08:47:01",218.65,904.73,,,,"     ",5.30,157.09,2.32
1771,554699188,"01771M08:59:12.398","01771 08:47:02",218.73,904.72,,,,"     ",5.30,156.29,2.31
1771,554699189,"01771M08:59:13.371","01771 08:47:03",218.81,904.68,,,,"     ",5.30,158.79,2.34
1771,554699190,"01771M08:59:14.344","01771 08:47:04",218.89,904.73,,,,"     ",5.30,155.66,2.29
1771,554699191,"01771M08:59:15.318","01771 08:47:05",218.97,904.61,,,,"     ",5.30,156.00,2.30
1771,554699192,"01771M08:59:16.291","01771 08:47:06",219.06,904.77,,,,"     ",5.30,158.59,2.34
1771,554699193,"01771M08:59:17.264","01771 08:47:07",219.14,904.77,,,,"     ",5.30,157.34,2.31
1771,554699194,"01771M08:59:18.237","01771 08:47:08",219.22,904.70,,,,"     ",5.30,159.00,2.34
1771,554699195,"01771M08:59:19.211","01771 08:47:09",219.30,904.69,,,,"     ",5.30,157.93,2.32
1771,554699196,"01771M08:59:20.184","01771 08:47:10",219.38,904.72,,,,"     ",5.30,155.67,2.28
1771,554699197,"01771M08:59:21.157","01771 08:47:11",219.49,904.72,,,,"     ",5.30,155.75,2.29
1771,554699198,"01771M08:59:22.130","01771 08:47:12",219.61,904.70,,,,"     ",5.30,156.60,2.30
1771,554699199,"01771M08:59:23.104","01771 08:47:13",219.74,904.67,,,,"     ",5.30,158.29,2.32
1771,554699200,"01771M08:59:24.077","01771 08:47:14",219.87,904.65,,,,"     ",5.30,157.37,2.31
1771,554699201,"01771M08:59:25.050","01771 08:47:15",219.99,904.73,,,,"     ",5.30,158.21,2.32
1771,554699202,"01771M08:59:26.023","01771 08:47:16",220.09,904.64,,,,"     ",5.30,156.64,2.29
1771,554699203,"01771M08:59:26.997","01771 08:47:17",220.17,904.67,,,,"     ",5.30,157.45,2.30
1771,554699204,"01771M08:59:27.970","01771 08:47:18",220.23,904.65,,,,"     ",5.30,158.88,2.32
1771,554699205,"01771M08:59:28.943","01771 08:47:19",220.29,904.69,,,,"     ",5.30,157.72,2.30
1771,554699206,"01771M08:59:29.916","01771 08:47:20",220.36,904.71,,,,"     ",5.30,158.13,2.31
1771,554699207,"01771M08:59:30.890","01771 08:47:21",220.42,904.67,,,,"     ",5.30,159.31,2.32
1771,554699208,"01771M08:59:31.863","01771 08:47:22",220.49,904.77,,,,"     ",5.30,157.32,2.29
1771,554699209,"01771M08:59:32.836","01771 08:47:23",220.56,904.66,,,,"     ",5.30,158.23,2.30
1771,554699210,"01771M08:59:33.809","01771 08:47:24",220.63,904.67,,,,"     ",5.30,157.90,2.30
1771,554699211,"01771M08:59:34.783","01771 08:47:25",220.68,904.70,,,,"     ",5.30,157.61,2.29
1771,554699212,"01771M08:59:35.756","01771 08:47:26",220.73,904.61,,,,"     ",5.30,158.44,2.30
1771,554699213,"01771M08:59:36.729","01771 08:47:27",220.76,904.59,,,,"     ",5.30,158.19,2.30
1771,554699214,"01771M08:59:37.702","01771 08:47:28",220.78,904.59,,,,"     ",5.30,158.31,2.30
1771,554699215,"01771M08:59:38.676","01771 08:47:29",220.80,904.65,,,,"     ",5.30,158.06,2.29
1771,554699216,"01771M08:59:39.649","01771 08:47:30",220.81,904.64,,,,"     ",5.30,158.80,2.30
1771,554699217,"01771M08:59:40.622","01771 08:47:31",220.82,904.71,,,,"     ",5.30,158.68,2.30
1771,554699218,"01771M08:59:41.595","01771 08:47:32",220.83,904.60,,,,"     ",5.30,159.31,2.31
1771,554699219,"01771M08:59:42.569","01771 08:47:33",220.83,904.60,,,,"     ",5.30,159.09,2.30
1771,554699220,"01771M08:59:43.542","01771 08:47:34",220.83,904.65,,,,"     ",5.30,158.79,2.30
1771,554699221,"01771M08:59:44.515","01771 08:47:35",220.82,904.60,,,,"     ",5.30,158.27,2.29
1771,554699222,"01771M08:59:45.488","01771 08:47:35",220.81,904.54,,,,"     ",5.30,158.38,2.29
1771,554699223,"01771M08:59:46.462","01771 08:47:36",220.81,904.64,,,,"     ",5.30,159.82,2.31
1771,554699224,"01771M08:59:47.435","01771 08:47:37",220.82,904.70,,,,"     ",5.30,158.10,2.28
1771,554699225,"01771M08:59:48.408","01771 08:47:38",220.84,904.61,,,,"     ",5.30,157.66,2.27
1771,554699226,"01771M08:59:49.382","01771 08:47:39",220.88,904.70,,,,"     ",5.30,157.64,2.27
1771,554699227,"01771M08:59:50.355","01771 08:47:40",220.92,904.63,,,,"     ",5.30,158.09,2.28
1771,554699228,"01771M08:59:51.328","01771 08:47:41",220.97,904.66,,,,"     ",5.30,159.25,2.29
1771,554699229,"01771M08:59:52.301","01771 08:47:42",221.02,904.67,,,,"     ",5.30,157.43,2.26
1771,554699230,"01771M08:59:53.275","01771 08:47:43",221.07,904.66,,,,"     ",5.30,158.92,2.29
1771,554699231,"01771M08:59:54.248","01771 08:47:44",221.11,904.61,,,,"     ",5.30,158.11,2.27
1771,554699232,"01771M08:59:55.221","01771 08:47:45",221.14,904.68,,,,"     ",5.30,159.91,2.30
1771,554699233,"01771M08:59:56.194","01771 08:47:46",221.17,904.63,,,,"     ",5.30,158.22,2.27
1771,554699234,"01771M08:59:57.168","01771 08:47:47",221.18,904.49,,,,"     ",5.30,159.75,2.29
1771,554699235,"01771M08:59:58.141","01771 08:47:48",221.18,904.51,,,,"     ",5.30,159.70,2.29
1771,554699236,"01771M08:59:59.114","01771 08:47:49",221.17,904.44,,,,"     ",5.30,159.16,2.28
1771,554699237,"01771M09:00:00.087","01771 08:47:50",221.14,904.59,,,,"     ",5.30,159.91,2.29
1771,554699238,"01771M09:00:01.061","01771 08:47:51",221.10,904.54,,,,"     ",5.30,158.82,2.28
1771,554699239,"01771M09:00:02.034","01771 08:47:52",221.06,904.54,,,,"     ",5.30,159.25,2.28
1771,554699240,"01771M09:00:03.007","01771 08:47:53",221.01,904.53,,,,"     ",5.30,158.49,2.27
1771,554699241,"01771M09:00:03.980","01771 08:47:54",220.97,904.60,,,,"     ",5.30,157.47,2.25
1771,554699242,"01771M09:00:04.954","01771 08:47:55",220.94,904.54,,,,"     ",5.30,159.21,2.28
1771,554699243,"01771M09:00:05.927","01771 08:47:56",220.91,904.55,,,,"     ",5.30,160.33,2.29
1771,554699244,"01771M09:00:06.900","01771 08:47:57",220.88,904.61,,,,"     ",5.30,158.81,2.27
1771,554699245,"01771M09:00:07.873","01771 08:47:58",220.85,904.56,,,,"     ",5.30,158.60,2.27
1771,554699246,"01771M09:00:08.847","01771 08:47:59",220.81,904.62,,,,"     ",5.30,160.42,2.29
1771,554699247,"01771M09:00:09.820","01771 08:48:00",220.77,904.63,,,,"     ",5.30,160.11,2.29
1771,554699248,"01771M09:00:10.793","01771 08:48:01",220.72,904.59,,,,"     ",5.30,159.29,2.27
1771,554699249,"01771M09:00:11.766","01771 08:48:02",220.66,904.59,,,,"     ",5.30,159.30,2.27
1771,554699250,"01771M09:00:12.740","01771 08:48:03",220.58,904.59,,,,"     ",5.30,159.67,2.28
1771,554699251,"01771M09:00:13.713","01771 08:48:04",220.48,904.59,,,,"     ",5.30,159.49,2.28
1771,554699252,"01771M09:00:14.686","01771 08:48:05",220.36,904.64,,,,"     ",5.30,159.58,2.28
1771,554699253,"01771M09:00:15.659","01771 08:48:06",220.22,904.63,,,,"     ",5.30,159.91,2.28
1771,554699254,"01771M09:00:16.633","01771 08:48:07",220.04,904.64,,,,"     ",5.30,160.31,2.29
1771,554699255,"01771M09:00:17.606","01771 08:48:08",219.85,904.66,,,,"     ",5.30,161.04,2.29
1771,554699256,"01771M09:00:18.579","01771 08:48:09",219.66,904.68,,,,"     ",5.30,159.71,2.28
1771,554699257,"01771M09:00:19.552","01771 08:48:10",219.47,904.73,,,,"     ",5.30,158.39,2.26
1771,554699258,"01771M09:00:20.526","01771 08:48:11",219.31,904.67,,,,"     ",5.30,160.35,2.28
1771,554699259,"01771M09:00:21.499","01771 08:48:12",219.17,904.60,,,,"     ",5.30,160.59,2.29
1771,554699260,"01771M09:00:22.472","01771 08:48:12",219.05,904.47,,,,"     ",5.30,161.08,2.29
1771,554699261,"01771M09:00:23.445","01771 08:48:13",218.94,904.63,,,,"     ",5.30,159.21,2.26
1771,554699262,"01771M09:00:24.419","01771 08:48:14",218.86,904.63,,,,"     ",5.30,160.72,2.29
1771,554699263,"01771M09:00:25.392","01771 08:48:15",218.79,904.60,,,,"     ",5.30,160.90,2.29
1771,554699264,"01771M09:00:26.365","01771 08:48:16",218.74,904.56,,,,"     ",5.30,160.40,2.28
1771,554699265,"01771M09:00:27.338","01771 08:48:17",218.70,904.54,,,,"     ",5.30,160.92,2.29
1771,554699266,"01771M09:00:28.312","01771 08:48:18",218.67,904.59,,,,"     ",5.30,161.13,2.29
1771,554699267,"01771M09:00:29.285","01771 08:48:19",218.65,904.50,,,,"     ",5.30,162.07,2.30
1771,554699268,"01771M09:00:30.258","01771 08:48:20",218.61,904.53,,,,"     ",5.30,160.44,2.28
1771,554699269,"01771M09:00:31.231","01771 08:48:21",218.55,904.53,,,,"     ",5.30,161.00,2.28
1771,554699270,"01771M09:00:32.205","01771 08:48:22",218.46,904.44,,,,"     ",5.30,161.20,2.29
1771,554699271,"01771M09:00:33.178","01771 08:48:23",218.37,904.49,,,,"     ",5.30,160.79,2.28
1771,554699272,"01771M09:00:34.151","01771 08:48:24",218.26,904.41,,,,"     ",5.30,161.16,2.29
1771,554699273,"01771M09:00:35.124","01771 08:48:25",218.15,904.52,,,,"     ",5.30,161.25,2.29
1771,554699274,"01771M09:00:36.098","01771 08:48:26",218.03,904.50,,,,"     ",5.30,161.15,2.28
1771,554699275,"01771M09:00:37.071","01771 08:48:27",217.92,904.47,,,,"     ",5.30,161.99,2.30
1771,554699276,"01771M09:00:38.044","01771 08:48:28",217.82,904.52,,,,"     ",5.30,160.93,2.28
1771,554699277,"01771M09:00:39.017","01771 08:48:29",217.73,904.44,,,,"     ",5.30,161.71,2.29
1771,554699278,"01771M09:00:39.991","01771 08:48:30",217.64,904.46,,,,"     ",5.30,160.88,2.28
1771,554699279,"01771M09:00:40.964","01771 08:48:31",217.56,904.51,,,,"     ",5.30,160.09,2.27
1771,554699280,"01771M09:00:41.937","01771 08:48:32",217.50,904.50,,,,"     ",5.30,160.41,2.27
1771,554699281,"01771M09:00:42.910","01771 08:48:33",217.46,904.43,,,,"     ",5.30,161.17,2.28
1771,554699282,"01771M09:00:43.884","01771 08:48:34",217.43,904.49,,,,"     ",5.30,161.73,2.29
1771,554699283,"01771M09:00:44.857","01771 08:48:35",217.42,904.49,,,,"     ",5.30,161.94,2.29
1771,554699284,"01771M09:00:45.830","01771 08:48:36",217.41,904.54,,,,"     ",5.30,161.17,2.28
1771,554699285,"01771M09:00:46.803","01771 08:48:37",217.39,904.43,,,,"     ",5.30,162.19,2.29
1771,554699286,"01771M09:00:47.777","01771 08:48:38",217.38,904.53,,,,"     ",5.30,161.36,2.28
1771,554699287,"01771M09:00:48.750","01771 08:48:39",217.35,904.49,,,,"     ",5.30,162.08,2.29
1771,554699288,"01771M09:00:49.723","01771 08:48:40",217.31,904.46,,,,"     ",5.30,160.49,2.27
1771,554699289,"01771M09:00:50.696","01771 08:48:41",217.28,904.50,,,,"     ",5.30,162.73,2.30
1771,554699290,"01771M09:00:51.670","01771 08:48:42",217.25,904.53,,,,"     ",5.30,163.28,2.31
1771,554699291,"01771M09:00:52.643","01771 08:48:43",217.23,904.58,,,,"     ",5.30,161.53,2.28
1771,554699292,"01771M09:00:53.616","01771 08:48:44",217.23,904.55,,,,"     ",5.30,162.21,2.29
1771,554699293,"01771M09:00:54.589","01771 08:48:45",217.22,904.49,,,,"     ",5.30,161.24,2.27
1771,554699294,"01771M09:00:55.563","01771 08:48:46",217.21,904.47,,,,"     ",5.30,161.97,2.28
1771,554699295,"01771M09:00:56.536","01771 08:48:47",217.19,904.42,,,,"     ",5.30,162.20,2.29
1771,554699296,"01771M09:00:57.509","01771 08:48:48",217.17,904.50,,,,"     ",5.30,162.03,2.28
1771,554699297,"01771M09:00:58.483","01771 08:48:49",217.15,904.49,,,,"     ",5.30,161.35,2.27
1771,554699298,"01771M09:00:59.456","01771 08:48:49",217.14,904.53,,,,"     ",5.30,162.03,2.28
1771,554699299,"01771M09:01:00.429","01771 08:48:50",217.13,904.53,,,,"     ",5.30,161.70,2.28
1771,554699300,"01771M09:01:01.402","01771 08:48:51",217.12,904.38,,,,"     ",5.30,161.48,2.27
1771,554699301,"01771M09:01:02.376","01771 08:48:52",217.10,904.49,,,,"     ",5.30,162.30,2.28
1771,554699302,"01771M09:01:03.349","01771 08:48:53",217.07,904.46,,,,"     ",5.30,161.99,2.28
1771,554699303,"01771M09:01:04.322","01771 08:48:54",217.03,904.44,,,,"     ",5.30,162.34,2.28
1771,554699304,"01771M09:01:05.295","01771 08:48:55",216.98,904.43,,,,"     ",5.30,161.51,2.27
1771,554699305,"01771M09:01:06.269","01771 08:48:56",216.94,904.44,,,,"     ",5.30,162.85,2.29
1771,554699306,"01771M09:01:07.242","01771 08:48:57",216.91,904.40,,,,"     ",5.30,160.05,2.25
1771,554699307,"01771M09:01:08.215","01771 08:48:58",216.88,904.45,,,,"     ",5.30,163.69,2.30
1771,554699308,"01771M09:01:09.188","01771 08:48:59",216.85,904.37,,,,"     ",5.30,163.07,2.29
1771,554699309,"01771M09:01:10.162","01771 08:49:00",216.82,904.41,,,,"     ",5.30,162.05,2.28
1771,554699310,"01771M09:01:11.135","01771 08:49:01",216.79,904.39,,,,"     ",5.30,163.07,2.29
1771,554699311,"01771M09:01:12.108","01771 08:49:02",216.76,904.38,,,,"     ",5.30,161.80,2.27
1771,554699312,"01771M09:01:13.081","01771 08:49:03",216.73,904.35,,,,"     ",5.30,162.85,2.29
1771,554699313,"01771M09:01:14.055","01771 08:49:04",216.71,904.40,,,,"     ",5.30,162.09,2.27
1771,554699314,"01771M09:01:15.028","01771 08:49:05",216.68,904.42,,,,"     ",5.30,162.47,2.28
1771,554699315,"01771M09:01:16.001","01771 08:49:06",216.66,904.45,,,,"     ",5.30,162.59,2.28
1771,554699316,"01771M09:01:16.974","01771 08:49:07",216.64,904.40,,,,"     ",5.30,163.72,2.30
1771,554699317,"01771M09:01:17.948","01771 08:49:08",216.62,904.47,,,,"     ",5.30,163.70,2.30
1771,554699318,"01771M09:01:18.921","01771 08:49:09",216.60,904.38,,,,"     ",5.30,163.81,2.30
1771,554699319,"01771M09:01:19.894","01771 08:49:10",216.59,904.40,,,,"     ",5.30,161.16,2.26
1771,554699320,"01771M09:01:20.867","01771 08:49:11",216.97,904.37,,,,"     ",5.30,162.90,2.28
1771,554699321,"01771M09:01:21.841","01771 08:49:12",216.90,904.40,,,,"     ",5.30,164.67,2.31
1771,554699322,"01771M09:01:22.814","01771 08:49:13",216.83,904.46,,,,"     ",5.30,163.79,2.29
1771,554699323,"01771M09:01:23.787","01771 08:49:14",216.75,904.44,,,,"     ",5.30,162.64,2.28
1771,554699324,"01771M09:01:24.760","01771 08:49:15",216.68,904.41,,,,"     ",5.30,162.13,2.27
1771,554699325,"01771M09:01:25.734","01771 08:49:16",216.60,904.38,,,,"     ",5.30,163.56,2.29
1771,554699341,"01771M09:01:41.306","01771 08:49:31",215.55,904.33,,,,"     ",5.30,,
1771,554699342,"01771M09:01:42.279","01771 08:49:32",215.51,904.34,,,,"     ",5.30,162.59,2.27
1771,554699343,"01771M09:01:43.252","01771 08:49:33",215.47,904.45,,,,"     ",5.30,161.97,2.26
1771,554699344,"01771M09:01:44.225","01771 08:49:34",215.44,904.36,,,,"     ",5.30,163.70,2.28
1771,554699345,"01771M09:01:45.199","01771 08:49:35",215.39,904.34,,,,"     ",5.30,163.26,2.28
1771,554699346,"01771M09:01:46.172","01771 08:49:36",215.35,904.28,,,,"     ",5.30,162.95,2.27
1771,554699347,"01771M09:01:47.145","01771 08:49:37",215.32,904.39,,,,"     ",5.30,163.55,2.28
1771,554699348,"01771M09:01:48.118","01771 08:49:38",215.29,904.36,,,,"     ",5.30,165.85,2.31
1771,554699349,"01771M09:01:49.092","01771 08:49:39",215.27,904.44,,,,"     ",5.30,163.49,2.28
1771,554699350,"01771M09:01:50.065","01771 08:49:40",215.27,904.38,,,,"     ",5.30,164.63,2.30
1771,554699351,"01771M09:01:51.038","01771 08:49:41",215.28,904.46,,,,"     ",5.30,164.73,2.30
1771,554699352,"01771M09:01:52.011","01771 08:49:42",215.30,904.46,,,,"     ",5.30,163.55,2.28
1771,554699353,"01771M09:01:52.985","01771 08:49:43",215.35,904.38,,,,"     ",5.30,164.21,2.29
1771,554699354,"01771M09:01:53.958","01771 08:49:44",215.41,904.37,,,,"     ",5.30,164.85,2.29
1771,554699355,"01771M09:01:54.931","01771 08:49:45",215.45,904.34,,,,"     ",5.30,165.11,2.30
1771,554699356,"01771M09:01:55.904","01771 08:49:46",215.49,904.28,,,,"     ",5.30,163.27,2.27
1771,554699357,"01771M09:01:56.878","01771 08:49:47",215.51,904.25,,,,"     ",5.30,163.12,2.27
1771,554699358,"01771M09:01:57.851","01771 08:49:48",215.54,904.30,,,,"     ",5.30,163.88,2.28
1771,554699359,"01771M09:01:58.824","01771 08:49:49",215.56,904.31,,,,"     ",5.30,164.43,2.29
1771,554699360,"01771M09:01:59.797","01771 08:49:50",215.59,904.37,,,,"     ",5.30,163.95,2.28
1771,554699361,"01771M09:02:00.771","01771 08:49:51",215.62,904.36,,,,"     ",5.30,164.32,2.28
1771,554699362,"01771M09:02:01.744","01771 08:49:52",215.66,904.28,,,,"     ",5.30,164.25,2.28
1771,554699363,"01771M09:02:02.717","01771 08:49:53",215.70,904.24,,,,"     ",5.30,164.63,2.29
1771,554699364,"01771M09:02:03.690","01771 08:49:54",215.76,904.23,,,,"     ",5.30,163.27,2.27
1771,554699365,"01771M09:02:04.664","01771 08:49:55",215.83,904.24,,,,"     ",5.30,164.39,2.28
1771,554699366,"01771M09:02:05.637","01771 08:49:56",215.91,904.30,,,,"     ",5.30,163.03,2.26
1771,554699367,"01771M09:02:06.610","01771 08:49:57",216.00,904.32,,,,"     ",5.30,164.50,2.28
1771,554699368,"01771M09:02:07.584","01771 08:49:58",216.10,904.33,,,,"     ",5.30,166.53,2.31
1771,554699369,"01771M09:02:08.557","01771 08:49:59",216.21,904.28,,,,"     ",5.30,164.73,2.28
1771,554699370,"01771M09:02:09.530","01771 08:50:00",216.31,904.31,,,,"     ",5.30,163.81,2.27
1771,554699371,"01771M09:02:10.503","01771 08:50:01",216.39,904.31,,,,"     ",5.30,166.18,2.30
1771,554699372,"01771M09:02:11.477","01771 08:50:02",216.47,904.30,,,,"     ",5.30,165.03,2.28
1771,554699373,"01771M09:02:12.450","01771 08:50:02",216.53,904.20,,,,"     ",5.30,163.70,2.26
1771,554699374,"01771M09:02:13.423","01771 08:50:03",216.59,904.25,,,,"     ",5.30,164.90,2.28
1771,554699375,"01771M09:02:14.396","01771 08:50:04",216.65,904.18,,,,"     ",5.30,163.93,2.27
1771,554699376,"01771M09:02:15.370","01771 08:50:05",216.70,904.24,,,,"     ",5.30,164.43,2.27
1771,554699377,"01771M09:02:16.343","01771 08:50:06",216.74,904.33,,,,"     ",5.30,163.87,2.26
1771,554699378,"01771M09:02:17.316","01771 08:50:07",216.77,904.27,,,,"     ",5.30,164.26,2.27
1771,554699379,"01771M09:02:18.289","01771 08:50:08",216.78,904.28,,,,"     ",5.30,165.74,2.29
1771,554699380,"01771M09:02:19.263","01771 08:50:09",216.79,904.29,,,,"     ",5.30,164.89,2.28
1771,554699381,"01771M09:02:20.236","01771 08:50:10",216.79,904.16,,,,"     ",5.30,164.29,2.27
1771,554699382,"01771M09:02:21.209","01771 08:50:11",216.80,904.25,,,,"     ",5.30,164.55,2.27
1771,554699383,"01771M09:02:22.182","01771 08:50:12",216.83,904.14,,,,"     ",5.30,164.56,2.27
1771,554699384,"01771M09:02:23.156","01771 08:50:13",216.85,904.15,,,,"     ",5.30,164.87,2.28
1771,554699385,"01771M09:02:24.129","01771 08:50:14",216.87,904.15,,,,"     ",5.30,163.86,2.26
1771,554699386,"01771M09:02:25.102","01771 08:50:15",216.88,904.20,,,,"     ",5.30,163.82,2.26
1771,554699387,"01771M09:02:26.075","01771 08:50:16",216.89,904.23,,,,"     ",5.30,164.50,2.27
1771,554699388,"01771M09:02:27.049","01771 08:50:17",216.89,904.11,,,,"     ",5.30,163.76,2.26
1771,554699389,"01771M09:02:28.022","01771 08:50:18",216.90,904.22,,,,"     ",5.30,165.39,2.28
1771,554699390,"01771M09:02:28.995","01771 08:50:19",216.91,904.28,,,,"     ",5.30,164.07,2.26
1771,554699391,"01771M09:02:29.968","01771 08:50:20",216.93,904.14,,,,"     ",5.30,166.46,2.29
1771,554699392,"01771M09:02:30.942","01771 08:50:21",216.96,904.27,,,,"     ",5.30,163.95,2.26
1771,554699393,"01771M09:02:31.915","01771 08:50:22",217.00,904.18,,,,"     ",5.30,166.44,2.29
1771,554699394,"01771M09:02:32.888","01771 08:50:23",217.05,904.18,,,,"     ",5.30,167.53,2.31
1771,554699395,"01771M09:02:33.861","01771 08:50:24",217.10,904.20,,,,"     ",5.30,165.31,2.28
1771,554699396,"01771M09:02:34.835","01771 08:50:25",217.16,904.19,,,,"     ",5.30,164.74,2.27
1771,554699397,"01771M09:02:35.808","01771 08:50:26",217.22,904.24,,,,"     ",5.30,165.87,2.28
1771,554699398,"01771M09:02:36.781","01771 08:50:27",217.28,904.17,,,,"     ",5.30,165.43,2.27
1771,554699399,"01771M09:02:37.754","01771 08:50:28",217.34,904.17,,,,"     ",5.30,166.68,2.29
1771,554699400,"01771M09:02:38.728","01771 08:50:29",217.41,904.22,,,,"     ",5.30,165.67,2.28
1771,554699401,"01771M09:02:39.701","01771 08:50:30",217.49,904.17,,,,"     ",5.30,164.77,2.26
1771,554699402,"01771M09:02:40.674","01771 08:50:31",217.56,904.21,,,,"     ",5.30,165.49,2.27
1771,554699403,"01771M09:02:41.647","01771 08:50:32",217.64,904.25,,,,"     ",5.30,163.95,2.25
1771,554699404,"01771M09:02:42.621","01771 08:50:33",217.70,904.23,,,,"     ",5.30,166.68,2.29
1771,554699405,"01771M09:02:43.594","01771 08:50:34",217.75,904.24,,,,"     ",5.30,166.24,2.28
1771,554699406,"01771M09:02:44.567","01771 08:50:35",217.80,904.19,,,,"     ",5.30,164.44,2.26
1771,554699407,"01771M09:02:45.540","01771 08:50:36",217.86,904.20,,,,"     ",5.30,166.20,2.28
1771,554699408,"01771M09:02:46.514","01771 08:50:37",217.93,904.13,,,,"     ",5.30,167.30,2.29
1771,554699409,"01771M09:02:47.487","01771 08:50:38",218.02,904.14,,,,"     ",5.30,166.03,2.28
1771,554699410,"01771M09:02:48.460","01771 08:50:39",218.11,904.12,,,,"     ",5.30,165.80,2.27
1771,554699411,"01771M09:02:49.433","01771 08:50:39",218.20,904.13,,,,"     ",5.30,167.22,2.29
1771,554699412,"01771M09:02:50.407","01771 08:50:40",218.29,904.20,,,,"     ",5.30,165.90,2.27
1771,554699413,"01771M09:02:51.380","01771 08:50:41",218.37,904.12,,,,"     ",5.30,166.01,2.27
1771,554699414,"01771M09:02:52.353","01771 08:50:42",218.43,904.15,,,,"     ",5.30,166.12,2.27
1771,554699415,"01771M09:02:53.326","01771 08:50:43",218.47,904.17,,,,"     ",5.30,166.71,2.28
1771,554699416,"01771M09:02:54.300","01771 08:50:44",218.51,904.11,,,,"     ",5.30,165.54,2.26
1771,554699417,"01771M09:02:55.273","01771 08:50:45",218.53,904.11,,,,"     ",5.30,166.90,2.28
1771,554699418,"01771M09:02:56.246","01771 08:50:46",218.53,904.10,,,,"     ",5.30,167.33,2.29
1771,554699419,"01771M09:02:57.219","01771 08:50:47",218.52,904.10,,,,"     ",5.30,168.06,2.29
1771,554699420,"01771M09:02:58.193","01771 08:50:48",218.49,904.12,,,,"     ",5.30,165.91,2.26
1771,554699421,"01771M09:02:59.166","01771 08:50:49",218.44,904.10,,,,"     ",5.30,166.46,2.27
1771,554699422,"01771M09:03:00.139","01771 08:50:50",218.38,904.03,,,,"     ",5.30,165.79,2.26
1771,554699423,"01771M09:03:01.112","01771 08:50:51",218.31,904.09,,,,"     ",5.30,165.47,2.25
1771,554699424,"01771M09:03:02.086","01771 08:50:52",218.24,904.08,,,,"     ",5.30,166.19,2.26
1771,554699425,"01771M09:03:03.059","01771 08:50:53",218.19,904.03,,,,"     ",5.30,167.34,2.28
1771,554699426,"01771M09:03:04.032","01771 08:50:54",218.16,904.12,,,,"     ",5.30,167.01,2.27
1771,554699427,"01771M09:03:05.005","01771 08:50:55",218.16,904.06,,,,"     ",5.30,166.32,2.26
1771,554699428,"01771M09:03:05.979","01771 08:50:56",218.17,904.17,,,,"     ",5.30,167.83,2.28
1771,554699429,"01771M09:03:06.952","01771 08:50:57",218.20,904.16,,,,"     ",5.30,167.49,2.28
1771,554699430,"01771M09:03:07.925","01771 08:50:58",218.23,904.15,,,,"     ",5.30,168.17,2.29
1771,554699431,"01771M09:03:08.898","01771 08:50:59",218.24,904.14,,,,"     ",5.30,166.37,2.26
1771,554699432,"01771M09:03:09.872","01771 08:51:00",218.25,904.13,,,,"     ",5.30,168.53,2.29
1771,554699433,"01771M09:03:10.845","01771 08:51:01",218.24,904.17,,,,"     ",5.30,166.38,2.26
1771,554699434,"01771M09:03:11.818","01771 08:51:02",218.23,904.14,,,,"     ",5.30,166.52,2.26
1771,554699435,"01771M09:03:12.791","01771 08:51:03",218.22,904.13,,,,"     ",5.30,167.14,2.27
1771,554699436,"01771M09:03:13.765","01771 08:51:04",218.21,904.14,,,,"     ",5.30,167.62,2.27
1771,554699437,"01771M09:03:14.738","01771 08:51:05",218.21,903.99,,,,"     ",5.30,165.76,2.25
1771,554699438,"01771M09:03:15.711","01771 08:51:06",218.20,904.04,,,,"     ",5.30,165.96,2.25
1771,554699439,"01771M09:03:16.685","01771 08:51:07",218.19,904.07,,,,"     ",5.30,167.96,2.28
1771,554699440,"01771M09:03:17.658","01771 08:51:08",218.18,904.04,,,,"     ",5.30,166.73,2.26
1771,554699441,"01771M09:03:18.631","01771 08:51:09",218.18,904.09,,,,"     ",5.30,166.66,2.26
1771,554699442,"01771M09:03:19.604","01771 08:51:10",218.19,904.01,,,,"     ",5.30,168.22,2.28
1771,554699443,"01771M09:03:20.578","01771 08:51:11",218.22,904.05,,,,"     ",5.30,167.08,2.26
1771,554699444,"01771M09:03:21.551","01771 08:51:12",218.27,904.08,,,,"     ",5.30,167.60,2.27
1771,554699445,"01771M09:03:22.524","01771 08:51:13",218.33,904.04,,,,"     ",5.30,168.10,2.28
1771,554699446,"01771M09:03:23.497","01771 08:51:14",218.41,904.03,,,,"     ",5.30,167.99,2.27
1771,554699447,"01771M09:03:24.471","01771 08:51:15",218.49,904.02,,,,"     ",5.30,167.22,2.26
1771,554699448,"01771M09:03:25.444","01771 08:51:16",218.58,904.04,,,,"     ",5.30,166.86,2.26
1771,554699449,"01771M09:03:26.417","01771 08:51:16",218.67,903.99,,,,"     ",5.30,167.16,2.26
1771,554699450,"01771M09:03:27.390","01771 08:51:17",218.77,903.94,,,,"     ",5.30,167.10,2.26
1771,554699451,"01771M09:03:28.364","01771 08:51:18",218.89,904.00,,,,"     ",5.30,169.06,2.28
1771,554699452,"01771M09:03:29.337","01771 08:51:19",219.03,904.05,,,,"     ",5.30,167.18,2.26
1771,554699453,"01771M09:03:30.310","01771 08:51:20",219.17,904.04,,,,"     ",5.30,168.23,2.27
1771,554699454,"01771M09:03:31.283","01771 08:51:21",219.32,904.06,,,,"     ",5.30,168.69,2.28
1771,554699455,"01771M09:03:32.257","01771 08:51:22",219.46,904.01,,,,"     ",5.30,168.77,2.28
1771,554699456,"01771M09:03:33.230","01771 08:51:23",219.56,904.04,,,,"     ",5.30,168.19,2.27
1771,554699457,"01771M09:03:34.203","01771 08:51:24",219.64,904.06,,,,"     ",5.30,168.27,2.27
1771,554699458,"01771M09:03:35.176","01771 08:51:25",219.68,904.05,,,,"     ",5.30,168.25,2.27
1771,554699459,"01771M09:03:36.150","01771 08:51:26",219.70,904.05,,,,"     ",5.30,168.03,2.26
1771,554699460,"01771M09:03:37.123","01771 08:51:27",219.71,904.04,,,,"     ",5.30,167.65,2.26
1771,554699461,"01771M09:03:38.096","01771 08:51:28",219.71,904.06,,,,"     ",5.30,168.34,2.26
1771,554699462,"01771M09:03:39.069","01771 08:51:29",219.69,904.06,,,,"     ",5.30,169.72,2.28
1771,554699463,"01771M09:03:40.043","01771 08:51:30",219.67,904.01,,,,"     ",5.30,168.32,2.26
1771,554699464,"01771M09:03:41.016","01771 08:51:31",219.64,904.06,,,,"     ",5.30,168.70,2.27
1771,554699465,"01771M09:03:41.989","01771 08:51:32",219.61,903.95,,,,"     ",5.30,170.37,2.29
1771,554699466,"01771M09:03:42.962","01771 08:51:33",219.58,903.99,,,,"     ",5.30,169.09,2.27
1771,554699467,"01771M09:03:43.936","01771 08:51:34",219.57,903.96,,,,"     ",5.30,169.42,2.27
1771,554699468,"01771M09:03:44.909","01771 08:51:35",219.56,903.96,,,,"     ",5.30,167.67,2.25
1771,554699469,"01771M09:03:45.882","01771 08:51:36",219.57,904.05,,,,"     ",5.30,169.19,2.27
1771,554699470,"01771M09:03:46.855","01771 08:51:37",219.58,903.93,,,,"     ",5.30,168.41,2.26
1771,554699471,"01771M09:03:47.829","01771 08:51:38",219.61,904.04,,,,"     ",5.30,169.09,2.26
1771,554699472,"01771M09:03:48.802","01771 08:51:39",219.63,904.05,,,,"     ",5.30,168.51,2.26
1771,554699473,"01771M09:03:49.775","01771 08:51:40",219.65,904.03,,,,"     ",5.30,168.30,2.25
1771,554699474,"01771M09:03:50.748","01771 08:51:41",219.65,904.03,,,,"     ",5.30,168.48,2.25
1771,554699475,"01771M09:03:51.722","01771 08:51:42",219.65,903.99,,,,"     ",5.30,170.07,2.27
1771,554699476,"01771M09:03:52.695","01771 08:51:43",219.64,904.00,,,,"     ",5.30,168.77,2.26
1771,554699477,"01771M09:03:53.668","01771 08:51:44",219.65,903.91,,,,"     ",5.30,169.23,2.26
1771,554699478,"01771M09:03:54.641","01771 08:51:45",219.67,904.01,,,,"     ",5.30,168.50,2.25
1771,554699479,"01771M09:03:55.615","01771 08:51:46",219.72,903.96,,,,"     ",5.30,168.69,2.25
1771,554699480,"01771M09:03:56.588","01771 08:51:47",219.81,903.94,,,,"     ",5.30,168.97,2.25
1771,554699481,"01771M09:03:57.561","01771 08:51:48",219.93,903.96,,,,"     ",5.30,169.11,2.26
1771,554699482,"01771M09:03:58.534","01771 08:51:49",220.06,903.94,,,,"     ",5.30,168.28,2.24
1771,554699483,"01771M09:03:59.508","01771 08:51:50",220.20,903.99,,,,"     ",5.30,171.06,2.28
1771,554699484,"01771M09:04:00.481","01771 08:51:51",220.34,903.91,,,,"     ",5.30,168.88,2.25
1771,554699485,"01771M09:04:01.454","01771 08:51:52",220.49,903.99,,,,"     ",5.30,168.84,2.25
1771,554699486,"01771M09:04:02.427","01771 08:51:52",220.62,904.01,,,,"     ",5.30,168.49,2.24
1771,554699487,"01771M09:04:03.401","01771 08:51:53",220.75,903.98,,,,"     ",5.30,169.08,2.25
1771,554699488,"01771M09:04:04.374","01771 08:51:54",220.86,903.89,,,,"     ",5.30,168.77,2.24
1771,554699489,"01771M09:04:05.347","01771 08:51:55",220.97,903.91,,,,"     ",5.30,169.03,2.25
1771,554699490,"01771M09:04:06.320","01771 08:51:56",221.05,903.97,,,,"     ",5.30,169.65,2.25
1771,554699491,"01771M09:04:07.294","01771 08:51:57",221.11,903.90,,,,"     ",5.30,170.41,2.26
1771,554699492,"01771M09:04:08.267","01771 08:51:58",221.14,903.91,,,,"     ",5.30,169.57,2.25
1771,554699493,"01771M09:04:09.240","01771 08:51:59",221.16,903.93,,,,"     ",5.30,171.96,2.28
1771,554699494,"01771M09:04:10.213","01771 08:52:00",221.15,903.88,,,,"     ",5.30,170.50,2.26
1771,554699495,"01771M09:04:11.187","01771 08:52:01",221.12,903.86,,,,"     ",5.30,170.85,2.26
1771,554699496,"01771M09:04:12.160","01771 08:52:02",221.07,903.89,,,,"     ",5.30,170.10,2.25
1771,554699497,"01771M09:04:13.133","01771 08:52:03",221.02,903.96,,,,"     ",5.30,168.99,2.24
1771,554699498,"01771M09:04:14.106","01771 08:52:04",220.96,903.97,,,,"     ",5.30,170.35,2.25
1771,554699499,"01771M09:04:15.080","01771 08:52:05",220.90,903.97,,,,"     ",5.30,170.77,2.26
1771,554699500,"01771M09:04:16.053","01771 08:52:06",220.83,903.97,,,,"     ",5.30,171.21,2.26
1771,554699501,"01771M09:04:17.026","01771 08:52:07",220.75,903.89,,,,"     ",5.30,171.00,2.26
1771,554699502,"01771M09:04:17.999","01771 08:52:08",220.66,903.87,,,,"     ",5.30,170.68,2.25
1771,554699503,"01771M09:04:18.973","01771 08:52:09",220.57,903.87,,,,"     ",5.30,171.50,2.26
1771,554699504,"01771M09:04:19.946","01771 08:52:10",220.49,903.94,,,,"     ",5.30,170.63,2.25
1771,554699505,"01771M09:04:20.919","01771 08:52:11",220.41,903.85,,,,"     ",5.30,169.73,2.24
1771,554699506,"01771M09:04:21.892","01771 08:52:12",220.35,903.96,,,,"     ",5.30,169.22,2.23
1771,554699507,"01771M09:04:22.866","01771 08:52:13",220.29,903.85,,,,"     ",5.30,172.04,2.27
1771,554699508,"01771M09:04:23.839","01771 08:52:14",220.23,903.91,,,,"     ",5.30,170.26,2.24
1771,554699509,"01771M09:04:24.812","01771 08:52:15",220.17,903.99,,,,"     ",5.30,170.24,2.24
1771,554699510,"01771M09:04:25.785","01771 08:52:16",220.11,903.98,,,,"     ",5.30,171.46,2.26
1771,554699511,"01771M09:04:26.759","01771 08:52:17",220.06,904.01,,,,"     ",5.30,171.88,2.26
1771,554699512,"01771M09:04:27.732","01771 08:52:18",220.03,904.01,,,,"     ",5.30,168.68,2.22
1771,554699513,"01771M09:04:28.705","01771 08:52:19",220.02,904.04,,,,"     ",5.30,171.46,2.25
1771,554699514,"01771M09:04:29.679","01771 08:52:20",220.02,903.96,,,,"     ",5.30,171.08,2.25
1771,554699515,"01771M09:04:30.652","01771 08:52:21",220.04,903.91,,,,"     ",5.30,170.15,2.23
1771,554699516,"01771M09:04:31.625","01771 08:52:22",220.07,903.92,,,,"     ",5.30,170.23,2.23
1771,554699517,"01771M09:04:32.598","01771 08:52:23",220.11,903.83,,,,"     ",5.30,170.10,2.23
1771,554699518,"01771M09:04:33.572","01771 08:52:24",220.16,903.83,,,,"     ",5.30,170.58,2.24
1771,554699519,"01771M09:04:34.545","01771 08:52:25",220.23,903.82,,,,"     ",5.30,171.63,2.25
1771,554699520,"01771M09:04:35.518","01771 08:52:26",220.30,903.83,,,,"     ",5.30,172.39,2.26
1771,554699521,"01771M09:04:36.491","01771 08:52:27",220.38,903.88,,,,"     ",5.30,171.06,2.24
1771,554699522,"01771M09:04:37.465","01771 08:52:28",220.48,903.91,,,,"     ",5.30,172.31,2.26
1771,554699523,"01771M09:04:38.438","01771 08:52:29",220.58,903.75,,,,"     ",5.30,170.82,2.24
1771,554699524,"01771M09:04:39.411","01771 08:52:29",220.67,903.78,,,,"     ",5.30,171.29,2.24
1771,554699525,"01771M09:04:40.384","01771 08:52:30",220.76,903.78,,,,"     ",5.30,172.25,2.25
1771,554699526,"01771M09:04:41.358","01771 08:52:31",220.84,903.74,,,,"     ",5.30,171.26,2.24
1771,554699527,"01771M09:04:42.331","01771 08:52:32",220.90,903.84,,,,"     ",5.30,170.83,2.23
1771,554699528,"01771M09:04:43.304","01771 08:52:33",220.96,903.82,,,,"     ",5.30,171.47,2.24
1771,554699529,"01771M09:04:44.277","01771 08:52:34",221.01,903.82,,,,"     ",5.30,171.61,2.24
1771,554699530,"01771M09:04:45.251","01771 08:52:35",221.07,903.71,,,,"     ",5.30,171.46,2.24
1771,554699531,"01771M09:04:46.224","01771 08:52:36",221.11,903.80,,,,"     ",5.30,170.88,2.23
1771,554699532,"01771M09:04:47.197","01771 08:52:37",221.16,903.83,,,,"     ",5.30,171.44,2.24
1771,554699533,"01771M09:04:48.170","01771 08:52:38",221.21,903.81,,,,"     ",5.30,171.68,2.24
1771,554699534,"01771M09:04:49.144","01771 08:52:39",221.26,903.82,,,,"     ",5.30,173.02,2.26
1771,554699535,"01771M09:04:50.117","01771 08:52:40",221.30,903.78,,,,"     ",5.30,171.52,2.23
1771,554699536,"01771M09:04:51.090","01771 08:52:41",221.33,903.75,,,,"     ",5.30,172.95,2.25
1771,554699537,"01771M09:04:52.063","01771 08:52:42",221.36,903.79,,,,"     ",5.30,171.83,2.24
1771,554699538,"01771M09:04:53.037","01771 08:52:43",221.37,903.78,,,,"     ",5.30,171.56,2.23
1771,554699539,"01771M09:04:54.010","01771 08:52:44",221.37,903.71,,,,"     ",5.30,173.04,2.25
1771,554699540,"01771M09:04:54.983","01771 08:52:45",221.33,903.78,,,,"     ",5.30,173.06,2.25
1771,554699541,"01771M09:04:55.956","01771 08:52:46",221.28,903.77,,,,"     ",5.30,173.25,2.25
1771,554699542,"01771M09:04:56.930","01771 08:52:47",221.21,903.86,,,,"     ",5.30,172.99,2.25
1771,554699543,"01771M09:04:57.903","01771 08:52:48",221.14,903.67,,,,"     ",5.30,171.55,2.23
1771,554699544,"01771M09:04:58.876","01771 08:52:49",221.06,903.69,,,,"     ",5.30,171.73,2.23
1771,554699545,"01771M09:04:59.849","01771 08:52:50",220.98,903.81,,,,"     ",5.30,171.96,2.23
1771,554699546,"01771M09:05:00.823","01771 08:52:51",220.91,903.73,,,,"     ",5.30,173.72,2.25
1771,554699547,"01771M09:05:01.796","01771 08:52:52",220.86,903.66,,,,"     ",5.30,171.74,2.23
1771,554699548,"01771M09:05:02.769","01771 08:52:53",220.82,903.73,,,,"     ",5.30,172.20,2.23
1771,554699549,"01771M09:05:03.742","01771 08:52:54",220.81,903.76,,,,"     ",5.30,172.12,2.23
1771,554699550,"01771M09:05:04.716","01771 08:52:55",220.81,903.80,,,,"     ",5.30,173.51,2.25
1771,554699551,"01771M09:05:05.689","01771 08:52:56",220.83,903.81,,,,"     ",5.30,171.86,2.22
1771,554699552,"01771M09:05:06.662","01771 08:52:57",220.87,903.77,,,,"     ",5.30,172.97,2.24
1771,554699553,"01771M09:05:07.635","01771 08:52:58",220.93,903.73,,,,"     ",5.30,172.22,2.23
1771,554699554,"01771M09:05:08.609","01771 08:52:59",221.00,903.74,,,,"     ",5.30,172.21,2.23
1771,554699555,"01771M09:05:09.582","01771 08:53:00",221.07,903.77,,,,"     ",5.30,172.71,2.23
1771,554699556,"01771M09:05:10.555","01771 08:53:01",221.14,903.77,,,,"     ",5.30,173.38,2.24
1771,554699557,"01771M09:05:11.528","01771 08:53:02",221.21,903.77,,,,"     ",5.30,173.61,2.24
1771,554699558,"01771M09:05:12.502","01771 08:53:03",221.28,903.73,,,,"     ",5.30,174.42,2.25
1771,554699559,"01771M09:05:13.475","01771 08:53:04",221.36,903.82,,,,"     ",5.30,172.44,2.22
1771,554699560,"01771M09:05:14.448","01771 08:53:05",221.44,903.87,,,,"     ",5.30,174.08,2.25
1771,554699561,"01771M09:05:15.421","01771 08:53:06",221.52,903.76,,,,"     ",5.30,173.16,2.23
1771,554699562,"01771M09:05:16.395","01771 08:53:06",221.60,903.68,,,,"     ",5.30,173.58,2.24
1771,554699563,"01771M09:05:17.368","01771 08:53:07",221.68,903.77,,,,"     ",5.30,174.64,2.25
1771,554699564,"01771M09:05:18.341","01771 08:53:08",221.76,903.69,,,,"     ",5.30,175.66,2.26
1771,554699565,"01771M09:05:19.314","01771 08:53:09",221.86,903.63,,,,"     ",5.30,174.40,2.24
1771,554699566,"01771M09:05:20.288","01771 08:53:10",221.96,903.74,,,,"     ",5.30,174.29,2.24
1771,554699567,"01771M09:05:21.261","01771 08:53:11",222.07,903.77,,,,"     ",5.30,173.62,2.23
1771,554699568,"01771M09:05:22.234","01771 08:53:12",222.16,903.76,,,,"     ",5.30,175.86,2.26
1771,554699569,"01771M09:05:23.207","01771 08:53:13",222.23,903.64,,,,"     ",5.30,174.73,2.24
1771,554699570,"01771M09:05:24.181","01771 08:53:14",222.27,903.68,,,,"     ",5.30,174.17,2.24
1771,554699571,"01771M09:05:25.154","01771 08:53:15",222.30,903.65,,,,"     ",5.30,172.61,2.21
1771,554699572,"01771M09:05:26.127","01771 08:53:16",222.32,903.75,,,,"     ",5.30,174.55,2.24
1771,554699573,"01771M09:05:27.100","01771 08:53:17",222.35,903.69,,,,"     ",5.30,173.77,2.23
1771,554699574,"01771M09:05:28.074","01771 08:53:18",222.40,903.67,,,,"     ",5.30,175.82,2.25
1771,554699575,"01771M09:05:29.047","01771 08:53:19",222.47,903.71,,,,"     ",5.30,175.17,2.24
1771,554699576,"01771M09:05:30.020","01771 08:53:20",222.56,903.71,,,,"     ",5.30,174.20,2.23
1771,554699577,"01771M09:05:30.993","01771 08:53:21",222.65,903.59,,,,"     ",5.30,174.47,2.23
1771,554699578,"01771M09:05:31.967","01771 08:53:22",222.76,903.68,,,,"     ",5.30,176.00,2.25
1771,554699579,"01771M09:05:32.940","01771 08:53:23",222.88,903.61,,,,"     ",5.30,175.85,2.25
1771,554699580,"01771M09:05:33.913","01771 08:53:24",222.98,903.66,,,,"     ",5.30,174.81,2.23
1771,554699581,"01771M09:05:34.886","01771 08:53:25",223.06,903.63,,,,"     ",5.30,174.48,2.23
1771,554699582,"01771M09:05:35.860","01771 08:53:26",223.12,903.71,,,,"     ",5.30,175.28,2.23
1771,554699583,"01771M09:05:36.833","01771 08:53:27",223.17,903.67,,,,"     ",5.30,176.62,2.25
1771,554699584,"01771M09:05:37.806","01771 08:53:28",223.20,903.74,,,,"     ",5.30,175.88,2.24
1771,554699585,"01771M09:05:38.780","01771 08:53:29",223.22,903.76,,,,"     ",5.30,174.25,2.22
1771,554699586,"01771M09:05:39.753","01771 08:53:30",223.21,903.69,,,,"     ",5.30,175.07,2.23
1771,554699587,"01771M09:05:40.726","01771 08:53:31",223.18,903.70,,,,"     ",5.30,174.45,2.22
1771,554699588,"01771M09:05:41.699","01771 08:53:32",223.11,903.63,,,,"     ",5.30,178.12,2.26
1771,554699589,"01771M09:05:42.673","01771 08:53:33",223.00,903.68,,,,"     ",5.30,175.11,2.22
1771,554699590,"01771M09:05:43.646","01771 08:53:34",222.87,903.59,,,,"     ",5.30,176.12,2.23
1771,554699591,"01771M09:05:44.619","01771 08:53:35",222.74,903.63,,,,"     ",5.30,176.91,2.24
1771,554699592,"01771M09:05:45.592","01771 08:53:36",222.61,903.61,,,,"     ",5.30,177.23,2.25
1771,554699593,"01771M09:05:46.566","01771 08:53:37",222.50,903.64,,,,"     ",5.30,178.16,2.26
1771,554699594,"01771M09:05:47.539","01771 08:53:38",222.41,903.58,,,,"     ",5.30,177.82,2.25
1771,554699595,"01771M09:05:48.512","01771 08:53:39",222.33,903.65,,,,"     ",5.30,177.23,2.24
1771,554699596,"01771M09:05:49.485","01771 08:53:40",222.28,903.64,,,,"     ",5.30,177.16,2.24
1771,554699597,"01771M09:05:50.459","01771 08:53:41",222.26,903.70,,,,"     ",5.30,177.92,2.25
1771,554699598,"01771M09:05:51.432","01771 08:53:42",222.27,903.68,,,,"     ",5.30,176.32,2.23
1771,554699599,"01771M09:05:52.405","01771 08:53:43",222.30,903.64,,,,"     ",5.30,177.00,2.24
1771,554699600,"01771M09:05:53.378","01771 08:53:43",222.33,903.70,,,,"     ",5.30,177.37,2.24
1771,554699601,"01771M09:05:54.352","01771 08:53:44",222.36,903.66,,,,"     ",5.30,177.23,2.24
1771,554699602,"01771M09:05:55.325","01771 08:53:45",222.39,903.58,,,,"     ",5.30,177.10,2.23
1771,554699603,"01771M09:05:56.298","01771 08:53:46",222.41,903.64,,,,"     ",5.30,178.29,2.25
1771,554699604,"01771M09:05:57.271","01771 08:53:47",222.44,903.54,,,,"     ",5.30,177.10,2.23
1771,554699605,"01771M09:05:58.245","01771 08:53:48",222.48,903.56,,,,"     ",5.30,178.45,2.25
1771,554699606,"01771M09:05:59.218","01771 08:53:49",222.52,903.53,,,,"     ",5.30,176.15,2.22
1771,554699607,"01771M09:06:00.191","01771 08:53:50",222.56,903.52,,,,"     ",5.30,177.50,2.23
1771,554699608,"01771M09:06:01.164","01771 08:53:51",222.60,903.43,,,,"     ",5.30,178.86,2.25
1771,554699609,"01771M09:06:02.138","01771 08:53:52",222.61,903.55,,,,"     ",5.30,176.02,2.21
1771,554699610,"01771M09:06:03.111","01771 08:53:53",222.61,903.55,,,,"     ",5.30,177.05,2.22
1771,554699611,"01771M09:06:04.084","01771 08:53:54",222.58,903.55,,,,"     ",5.30,177.90,2.23
1771,554699612,"01771M09:06:05.057","01771 08:53:55",222.54,903.57,,,,"     ",5.30,178.32,2.24
1771,554699613,"01771M09:06:06.031","01771 08:53:56",222.50,903.56,,,,"     ",5.30,177.76,2.23
1771,554699614,"01771M09:06:07.004","01771 08:53:57",222.44,903.52,,,,"     ",5.30,177.44,2.23
1771,554699615,"01771M09:06:07.977","01771 08:53:58",222.39,903.54,,,,"     ",5.30,178.54,2.24
1771,554699616,"01771M09:06:08.950","01771 08:53:59",222.35,903.47,,,,"     ",5.30,179.34,2.25
1771,554699617,"01771M09:06:09.924","01771 08:54:00",222.30,903.54,,,,"     ",5.30,179.18,2.25
1771,554699618,"01771M09:06:10.897","01771 08:54:01",222.25,903.47,,,,"     ",5.30,177.56,2.23
1771,554699619,"01771M09:06:11.870","01771 08:54:02",222.20,903.50,,,,"     ",5.30,177.89,2.23
1771,554699620,"01771M09:06:12.843","01771 08:54:03",222.15,903.53,,,,"     ",5.30,178.03,2.23
1771,554699621,"01771M09:06:13.817","01771 08:54:04",222.09,903.54,,,,"     ",5.30,179.32,2.25
1771,554699622,"01771M09:06:14.790","01771 08:54:05",222.01,903.44,,,,"     ",5.30,179.25,2.25
1771,554699623,"01771M09:06:15.763","01771 08:54:06",221.94,903.49,,,,"     ",5.30,178.69,2.24
1771,554699624,"01771M09:06:16.736","01771 08:54:07",221.86,903.39,,,,"     ",5.30,178.26,2.23
1771,554699625,"01771M09:06:17.710","01771 08:54:08",221.80,903.34,,,,"     ",5.30,178.08,2.23
1771,554699626,"01771M09:06:18.683","01771 08:54:09",221.76,903.46,,,,"     ",5.30,178.84,2.24
1771,554699627,"01771M09:06:19.656","01771 08:54:10",221.74,903.43,,,,"     ",5.30,179.74,2.25
1771,554699628,"01771M09:06:20.629","01771 08:54:11",221.74,903.50,,,,"     ",5.30,178.06,2.23
1771,554699629,"01771M09:06:21.603","01771 08:54:12",221.75,903.43,,,,"     ",5.30,179.70,2.25
1771,554699630,"01771M09:06:22.576","01771 08:54:13",221.77,903.41,,,,"     ",5.30,177.29,2.22
1771,554699631,"01771M09:06:23.549","01771 08:54:14",221.79,903.46,,,,"     ",5.30,176.96,2.21
1771,554699632,"01771M09:06:24.522","01771 08:54:15",221.80,903.40,,,,"     ",5.30,177.74,2.22
1771,554699633,"01771M09:06:25.496","01771 08:54:16",221.81,903.45,,,,"     ",5.30,178.64,2.23
1771,554699634,"01771M09:06:26.469","01771 08:54:17",221.83,903.44,,,,"     ",5.30,178.14,2.23
1771,554699635,"01771M09:06:27.442","01771 08:54:18",221.85,903.47,,,,"     ",5.30,178.57,2.23
1771,554699636,"01771M09:06:28.415","01771 08:54:19",221.87,903.41,,,,"     ",5.30,179.01,2.24
1771,554699637,"01771M09:06:29.389","01771 08:54:19",221.90,903.38,,,,"     ",5.30,177.39,2.22
1771,554699638,"01771M09:06:30.362","01771 08:54:20",221.93,903.44,,,,"     ",5.30,178.38,2.23
1771,554699639,"01771M09:06:31.335","01771 08:54:21",221.97,903.44,,,,"     ",5.30,178.31,2.23
1771,554699640,"01771M09:06:32.308","01771 08:54:22",222.01,903.50,,,,"     ",5.30,181.84,2.27
1771,554699641,"01771M09:06:33.282","01771 08:54:23",222.05,903.52,,,,"     ",5.30,178.91,2.24
1771,554699642,"01771M09:06:34.255","01771 08:54:24",222.09,903.55,,,,"     ",5.30,179.24,2.24
1771,554699643,"01771M09:06:35.228","01771 08:54:25",222.06,903.48,,,,"     ",5.30,179.07,2.24
1771,554699644,"01771M09:06:36.201","01771 08:54:26",222.07,903.43,,,,"     ",5.30,180.03,2.25
1771,554699645,"01771M09:06:37.175","01771 08:54:27",222.07,903.43,,,,"     ",5.30,178.36,2.23
1771,554699646,"01771M09:06:38.148","01771 08:54:28",222.07,903.42,,,,"     ",5.30,178.89,2.23
1771,554699647,"01771M09:06:39.121","01771 08:54:29",222.06,903.39,,,,"     ",5.30,177.67,2.22
1771,554699648,"01771M09:06:40.094","01771 08:54:30",222.04,903.47,,,,"     ",5.30,178.90,2.23
1771,554699649,"01771M09:06:41.068","01771 08:54:31",222.02,903.36,,,,"     ",5.30,179.69,2.24
1771,554699650,"01771M09:06:42.041","01771 08:54:32",221.99,903.46,,,,"     ",5.30,178.25,2.22
1771,554699651,"01771M09:06:43.014","01771 08:54:33",221.95,903.41,,,,"     ",5.30,177.39,2.21
1771,554699652,"01771M09:06:43.987","01771 08:54:34",221.91,903.49,,,,"     ",5.30,178.71,2.23
1771,554699653,"01771M09:06:44.961","01771 08:54:35",221.86,903.37,,,,"     ",5.30,179.40,2.24
1771,554699654,"01771M09:06:45.934","01771 08:54:36",221.81,903.44,,,,"     ",5.30,179.62,2.24
1771,554699655,"01771M09:06:46.907","01771 08:54:37",221.75,903.42,,,,"     ",5.30,180.64,2.25
1771,554699656,"01771M09:06:47.881","01771 08:54:38",221.68,903.50,,,,"     ",5.30,178.99,2.23
1771,554699657,"01771M09:06:48.854","01771 08:54:39",221.59,903.44,,,,"     ",5.30,178.92,2.23
1771,554699658,"01771M09:06:49.827","01771 08:54:40",221.49,903.48,,,,"     ",5.30,177.77,2.21
1771,554699659,"01771M09:06:50.800","01771 08:54:41",221.40,903.45,,,,"     ",5.30,178.82,2.22
1771,554699660,"01771M09:06:51.774","01771 08:54:42",221.30,903.31,,,,"     ",5.30,178.68,2.22
1771,554699661,"01771M09:06:52.747","01771 08:54:43",221.23,903.36,,,,"     ",5.30,178.30,2.22
1771,554699662,"01771M09:06:53.720","01771 08:54:44",221.18,903.38,,,,"     ",5.30,180.96,2.25
1771,554699663,"01771M09:06:54.693","01771 08:54:45",221.16,903.31,,,,"     ",5.30,179.19,2.23
1771,554699664,"01771M09:06:55.667","01771 08:54:46",221.16,903.35,,,,"     ",5.30,179.96,2.24
1771,554699665,"01771M09:06:56.640","01771 08:54:47",221.18,903.28,,,,"     ",5.30,178.93,2.22
1771,554699666,"01771M09:06:57.613","01771 08:54:48",221.21,903.26,,,,"     ",5.30,179.23,2.23
1771,554699667,"01771M09:06:58.586","01771 08:54:49",221.26,903.33,,,,"     ",5.30,178.90,2.22
1771,554699668,"01771M09:06:59.560","01771 08:54:50",221.31,903.38,,,,"     ",5.30,180.21,2.24
1771,554699669,"01771M09:07:00.533","01771 08:54:51",221.39,903.31,,,,"     ",5.30,180.25,2.24
1771,554699670,"01771M09:07:01.506","01771 08:54:52",221.50,903.35,,,,"     ",5.30,179.09,2.22
1771,554699671,"01771M09:07:02.479","01771 08:54:53",221.61,903.42,,,,"     ",5.30,181.19,2.25
1771,554699672,"01771M09:07:03.453","01771 08:54:54",221.75,903.44,,,,"     ",5.30,181.07,2.25
1771,554699673,"01771M09:07:04.426","01771 08:54:55",221.89,903.36,,,,"     ",5.30,179.96,2.23
1771,554699674,"01771M09:07:05.399","01771 08:54:56",222.03,903.40,,,,"     ",5.30,179.38,2.23
1771,554699675,"01771M09:07:06.372","01771 08:54:56",222.15,903.39,,,,"     ",5.30,179.81,2.23
1771,554699676,"01771M09:07:07.346","01771 08:54:57",222.24,903.44,,,,"     ",5.30,178.76,2.22
1771,554699677,"01771M09:07:08.319","01771 08:54:58",222.30,903.49,,,,"     ",5.30,179.43,2.22
1771,554699678,"01771M09:07:09.292","01771 08:54:59",222.32,903.42,,,,"     ",5.30,181.93,2.25
1771,554699679,"01771M09:07:10.265","01771 08:55:00",222.30,903.34,,,,"     ",5.30,179.18,2.22
1771,554699680,"01771M09:07:11.239","01771 08:55:01",222.26,903.31,,,,"     ",5.30,179.62,2.22
1771,554699681,"01771M09:07:12.212","01771 08:55:02",222.18,903.32,,,,"     ",5.30,179.84,2.23
1771,554699682,"01771M09:07:13.185","01771 08:55:03",222.08,903.31,,,,"     ",5.30,180.93,2.24
1771,554699683,"01771M09:07:14.158","01771 08:55:04",221.95,903.37,,,,"     ",5.30,181.62,2.25
1771,554699684,"01771M09:07:15.132","01771 08:55:05",221.80,903.31,,,,"     ",5.30,181.50,2.24
1771,554699685,"01771M09:07:16.105","01771 08:55:06",221.63,903.34,,,,"     ",5.30,178.76,2.21
1771,554699686,"01771M09:07:17.078","01771 08:55:07",221.45,903.33,,,,"     ",5.30,181.40,2.24
1771,554699687,"01771M09:07:18.051","01771 08:55:08",221.26,903.33,,,,"     ",5.30,178.75,2.21
1771,554699688,"01771M09:07:19.025","01771 08:55:09",221.09,903.39,,,,"     ",5.30,180.30,2.23
1771,554699689,"01771M09:07:19.998","01771 08:55:10",220.94,903.33,,,,"     ",5.30,179.33,2.21
1771,554699690,"01771M09:07:20.971","01771 08:55:11",220.82,903.24,,,,"     ",5.30,181.13,2.23
1771,554699691,"01771M09:07:21.944","01771 08:55:12",220.73,903.30,,,,"     ",5.30,179.17,2.21
1771,554699692,"01771M09:07:22.918","01771 08:55:13",220.68,903.23,,,,"     ",5.30,179.97,2.22
1771,554699693,"01771M09:07:23.891","01771 08:55:14",220.64,903.27,,,,"     ",5.30,178.14,2.19
1771,554699694,"01771M09:07:24.864","01771 08:55:15",220.62,903.22,,,,"     ",5.30,180.81,2.23
1771,554699695,"01771M09:07:25.837","01771 08:55:16",220.61,903.35,,,,"     ",5.30,179.80,2.21
1771,554699696,"01771M09:07:26.811","01771 08:55:17",220.59,903.29,,,,"     ",5.30,180.80,2.23
1771,554699697,"01771M09:07:27.784","01771 08:55:18",220.59,903.22,,,,"     ",5.30,179.43,2.21
1771,554699698,"01771M09:07:28.757","01771 08:55:19",220.59,903.21,,,,"     ",5.30,178.68,2.20
1771,554699699,"01771M09:07:29.730","01771 08:55:20",220.60,903.28,,,,"     ",5.30,180.31,2.22
1771,554699700,"01771M09:07:30.704","01771 08:55:21",220.62,903.31,,,,"     ",5.30,178.93,2.20
1771,554699701,"01771M09:07:31.677","01771 08:55:22",220.64,903.30,,,,"     ",5.30,181.19,2.23
1771,554699702,"01771M09:07:32.650","01771 08:55:23",220.66,903.37,,,,"     ",5.30,179.74,2.21
1771,554699703,"01771M09:07:33.623","01771 08:55:24",220.67,903.30,,,,"     ",5.30,179.75,2.21
1771,554699704,"01771M09:07:34.597","01771 08:55:25",220.67,903.25,,,,"     ",5.30,180.98,2.22
1771,554699705,"01771M09:07:35.570","01771 08:55:26",220.67,903.22,,,,"     ",5.30,181.30,2.22
1771,554699706,"01771M09:07:36.543","01771 08:55:27",220.66,903.26,,,,"     ",5.30,180.67,2.22
1771,554699707,"01771M09:07:37.516","01771 08:55:28",220.64,903.18,,,,"     ",5.30,180.34,2.21
1771,554699708,"01771M09:07:38.490","01771 08:55:29",220.62,903.18,,,,"     ",5.30,181.78,2.23
1771,554699709,"01771M09:07:39.463","01771 08:55:30",220.61,903.12,,,,"     ",5.30,181.31,2.22
1771,554699710,"01771M09:07:40.436","01771 08:55:31",220.62,903.25,,,,"     ",5.30,182.27,2.23
1771,554699711,"01771M09:07:41.409","01771 08:55:32",220.64,903.21,,,,"     ",5.30,180.36,2.21
1771,554699712,"01771M09:07:42.383","01771 08:55:33",220.68,903.28,,,,"     ",5.30,182.21,2.23
1771,554699713,"01771M09:07:43.356","01771 08:55:33",220.74,903.21,,,,"     ",5.30,180.43,2.21
1771,554699714,"01771M09:07:44.329","01771 08:55:34",220.82,903.24,,,,"     ",5.30,180.78,2.21
1771,554699715,"01771M09:07:45.302","01771 08:55:35",220.92,903.24,,,,"     ",5.30,180.16,2.20
1771,554699716,"01771M09:07:46.276","01771 08:55:36",221.04,903.25,,,,"     ",5.30,182.83,2.23
1771,554699717,"01771M09:07:47.249","01771 08:55:37",221.17,903.24,,,,"     ",5.30,182.31,2.23
1771,554699718,"01771M09:07:48.222","01771 08:55:38",221.30,903.18,,,,"     ",5.30,181.69,2.22
1771,554699719,"01771M09:07:49.195","01771 08:55:39",221.44,903.18,,,,"     ",5.30,182.74,2.23
1771,554699720,"01771M09:07:50.169","01771 08:55:40",221.58,903.16,,,,"     ",5.30,181.36,2.21
1771,554699721,"01771M09:07:51.142","01771 08:55:41",221.70,903.24,,,,"     ",5.30,182.11,2.22
1771,554699722,"01771M09:07:52.115","01771 08:55:42",221.82,903.23,,,,"     ",5.30,183.12,2.23
1771,554699723,"01771M09:07:53.088","01771 08:55:43",221.93,903.24,,,,"     ",5.30,182.07,2.22
1771,554699724,"01771M09:07:54.062","01771 08:55:44",222.01,903.23,,,,"     ",5.30,182.48,2.22
1771,554699725,"01771M09:07:55.035","01771 08:55:45",222.08,903.14,,,,"     ",5.30,181.41,2.21
1771,554699726,"01771M09:07:56.008","01771 08:55:46",222.13,903.13,,,,"     ",5.30,182.80,2.22
1771,554699727,"01771M09:07:56.982","01771 08:55:47",222.17,903.12,,,,"     ",5.30,184.40,2.24
1771,554699728,"01771M09:07:57.955","01771 08:55:48",222.22,903.05,,,,"     ",5.30,182.53,2.22
1771,554699729,"01771M09:07:58.928","01771 08:55:49",222.27,903.07,,,,"     ",5.30,182.00,2.21
1771,554699730,"01771M09:07:59.901","01771 08:55:50",222.33,903.11,,,,"     ",5.30,181.71,2.21
1771,554699731,"01771M09:08:00.875","01771 08:55:51",222.41,903.08,,,,"     ",5.30,181.67,2.20
1771,554699732,"01771M09:08:01.848","01771 08:55:52",222.49,903.15,,,,"     ",5.30,183.38,2.22
1771,554699733,"01771M09:08:02.821","01771 08:55:53",222.56,903.16,,,,"     ",5.30,183.53,2.23
1771,554699734,"01771M09:08:03.794","01771 08:55:54",222.62,903.14,,,,"     ",5.30,182.06,2.21
1771,554699735,"01771M09:08:04.768","01771 08:55:55",222.67,903.15,,,,"     ",5.30,182.63,2.21
1771,554699736,"01771M09:08:05.741","01771 08:55:56",222.70,903.16,,,,"     ",5.30,183.71,2.22
1771,554699737,"01771M09:08:06.714","01771 08:55:57",222.72,903.04,,,,"     ",5.30,181.39,2.19
1771,554699738,"01771M09:08:07.687","01771 08:55:58",222.72,903.07,,,,"     ",5.30,183.72,2.22
1771,554699739,"01771M09:08:08.661","01771 08:55:59",222.72,903.14,,,,"     ",5.30,182.44,2.20
1771,554699740,"01771M09:08:09.634","01771 08:56:00",222.72,903.12,,,,"     ",5.30,182.03,2.20
1771,554699741,"01771M09:08:10.607","01771 08:56:01",222.72,903.12,,,,"     ",5.30,182.60,2.20
1771,554699742,"01771M09:08:11.580","01771 08:56:02",222.72,903.11,,,,"     ",5.30,182.22,2.20
1771,554699743,"01771M09:08:12.554","01771 08:56:03",222.72,903.22,,,,"     ",5.30,183.55,2.21
1771,554699744,"01771M09:08:13.527","01771 08:56:04",222.73,903.07,,,,"     ",5.30,183.28,2.21
1771,554699745,"01771M09:08:14.500","01771 08:56:05",222.75,903.09,,,,"     ",5.30,184.00,2.22
1771,554699746,"01771M09:08:15.473","01771 08:56:06",222.80,903.10,,,,"     ",5.30,184.13,2.22
1771,554699747,"01771M09:08:16.447","01771 08:56:07",222.87,903.12,,,,"     ",5.30,183.31,2.21
1771,554699748,"01771M09:08:17.420","01771 08:56:08",222.95,903.09,,,,"     ",5.30,182.89,2.20
1771,554699749,"01771M09:08:18.393","01771 08:56:09",223.05,903.15,,,,"     ",5.30,182.35,2.19
1771,554699750,"01771M09:08:19.366","01771 08:56:09",223.15,903.17,,,,"     ",5.30,183.57,2.21
1771,554699751,"01771M09:08:20.340","01771 08:56:10",223.25,903.07,,,,"     ",5.30,184.11,2.21
1771,554699752,"01771M09:08:21.313","01771 08:56:11",223.35,903.12,,,,"     ",5.30,182.31,2.19
1771,554699753,"01771M09:08:22.286","01771 08:56:12",223.43,903.14,,,,"     ",5.30,183.96,2.21
1771,554699754,"01771M09:08:23.259","01771 08:56:13",223.50,903.11,,,,"     ",5.30,183.17,2.20
1771,554699755,"01771M09:08:24.233","01771 08:56:14",223.54,903.17,,,,"     ",5.30,185.04,2.22
1771,554699756,"01771M09:08:25.206","01771 08:56:15",223.56,903.16,,,,"     ",5.30,185.50,2.22
1771,554699757,"01771M09:08:26.179","01771 08:56:16",223.56,903.20,,,,"     ",5.30,182.73,2.19
1771,554699758,"01771M09:08:27.152","01771 08:56:17",223.55,903.08,,,,"     ",5.30,184.38,2.21
1771,554699759,"01771M09:08:28.126","01771 08:56:18",223.52,903.12,,,,"     ",5.30,183.46,2.19
1771,554699760,"01771M09:08:29.099","01771 08:56:19",223.49,903.12,,,,"     ",5.30,184.85,2.21
1771,554699761,"01771M09:08:30.072","01771 08:56:20",223.44,903.03,,,,"     ",5.30,184.95,2.21
1771,554699762,"01771M09:08:31.045","01771 08:56:21",223.40,903.08,,,,"     ",5.30,184.03,2.20
1771,554699763,"01771M09:08:32.019","01771 08:56:22",223.35,903.00,,,,"     ",5.30,184.64,2.20
1771,554699764,"01771M09:08:32.992","01771 08:56:23",223.30,903.00,,,,"     ",5.30,184.80,2.21
1771,554699765,"01771M09:08:33.965","01771 08:56:24",223.25,903.02,,,,"     ",5.30,184.25,2.20
1771,554699766,"01771M09:08:34.938","01771 08:56:25",223.19,903.09,,,,"     ",5.30,185.26,2.21
1771,554699767,"01771M09:08:35.912","01771 08:56:26",223.12,903.04,,,,"     ",5.30,184.90,2.20
1771,554699768,"01771M09:08:36.885","01771 08:56:27",223.06,903.05,,,,"     ",5.30,184.84,2.20
1771,554699769,"01771M09:08:37.858","01771 08:56:28",223.01,903.02,,,,"     ",5.30,185.29,2.21
1771,554699770,"01771M09:08:38.831","01771 08:56:29",222.95,903.07,,,,"     ",5.30,184.34,2.19
1771,554699771,"01771M09:08:39.805","01771 08:56:30",222.90,903.07,,,,"     ",5.30,183.01,2.18
1771,554699772,"01771M09:08:40.778","01771 08:56:31",222.86,903.05,,,,"     ",5.30,184.99,2.20
1771,554699773,"01771M09:08:41.751","01771 08:56:32",222.81,903.00,,,,"     ",5.30,184.88,2.20
1771,554699774,"01771M09:08:42.724","01771 08:56:33",222.77,902.95,,,,"     ",5.30,183.66,2.18
1771,554699775,"01771M09:08:43.698","01771 08:56:34",222.74,902.92,,,,"     ",5.30,185.10,2.20
1771,554699776,"01771M09:08:44.671","01771 08:56:35",222.72,902.98,,,,"     ",5.30,185.22,2.20
1771,554699777,"01771M09:08:45.644","01771 08:56:36",222.72,902.98,,,,"     ",5.30,185.05,2.20
1771,554699778,"01771M09:08:46.617","01771 08:56:37",222.73,903.00,,,,"     ",5.30,184.31,2.19
1771,554699779,"01771M09:08:47.591","01771 08:56:38",222.76,903.02,,,,"     ",5.30,183.78,2.18
1771,554699780,"01771M09:08:48.564","01771 08:56:39",222.79,903.05,,,,"     ",5.30,185.76,2.21
1771,554699781,"01771M09:08:49.537","01771 08:56:40",222.83,903.02,,,,"     ",5.30,186.17,2.21
1771,554699782,"01771M09:08:50.510","01771 08:56:41",222.87,903.02,,,,"     ",5.30,185.17,2.20
1771,554699783,"01771M09:08:51.484","01771 08:56:42",222.89,902.97,,,,"     ",5.30,184.62,2.19
1771,554699784,"01771M09:08:52.457","01771 08:56:43",222.90,902.98,,,,"     ",5.30,184.65,2.19
1771,554699785,"01771M09:08:53.430","01771 08:56:44",222.90,902.86,,,,"     ",5.30,186.35,2.21
1771,554699786,"01771M09:08:54.403","01771 08:56:45",222.90,902.93,,,,"     ",5.30,184.59,2.19
1771,554699787,"01771M09:08:55.377","01771 08:56:46",222.91,902.92,,,,"     ",5.30,184.71,2.19
1771,554699788,"01771M09:08:56.350","01771 08:56:46",222.92,902.92,,,,"     ",5.30,184.15,2.19
1771,554699789,"01771M09:08:57.323","01771 08:56:47",222.93,902.87,,,,"     ",5.30,183.95,2.18
1771,554699790,"01771M09:08:58.296","01771 08:56:48",222.95,902.96,,,,"     ",5.30,185.65,2.20
1771,554699791,"01771M09:08:59.270","01771 08:56:49",222.97,902.89,,,,"     ",5.30,185.44,2.20
1771,554699792,"01771M09:09:00.243","01771 08:56:50",223.00,902.91,,,,"     ",5.30,186.06,2.21
1771,554699793,"01771M09:09:01.216","01771 08:56:51",223.04,902.91,,,,"     ",5.30,183.90,2.18
1771,554699794,"01771M09:09:02.189","01771 08:56:52",223.09,902.81,,,,"     ",5.30,185.15,2.20
1771,554699795,"01771M09:09:03.163","01771 08:56:53",223.15,902.90,,,,"     ",5.30,185.80,2.20
1771,554699796,"01771M09:09:04.136","01771 08:56:54",223.22,902.85,,,,"     ",5.30,186.47,2.21
1771,554699797,"01771M09:09:05.109","01771 08:56:55",223.28,902.92,,,,"     ",5.30,186.17,2.21
1771,554699798,"01771M09:09:06.083","01771 08:56:56",223.32,902.94,,,,"     ",5.30,186.09,2.21
1771,554699799,"01771M09:09:07.056","01771 08:56:57",223.34,902.95,,,,"     ",5.30,186.97,2.22
1771,554699800,"01771M09:09:08.029","01771 08:56:58",223.35,902.84,,,,"     ",5.30,186.26,2.21
1771,554699801,"01771M09:09:09.002","01771 08:56:59",223.34,902.81,,,,"     ",5.30,185.61,2.20
1771,554699802,"01771M09:09:09.976","01771 08:57:00",223.32,902.91,,,,"     ",5.30,185.51,2.20
1771,554699803,"01771M09:09:10.949","01771 08:57:01",223.31,902.85,,,,"     ",5.30,185.93,2.20
1771,554699804,"01771M09:09:11.922","01771 08:57:02",223.30,902.91,,,,"     ",5.30,185.61,2.20
1771,554699805,"01771M09:09:12.895","01771 08:57:03",223.30,902.87,,,,"     ",5.30,185.85,2.20
1771,554699806,"01771M09:09:13.869","01771 08:57:04",223.31,902.86,,,,"     ",5.30,186.38,2.21
1771,554699807,"01771M09:09:14.842","01771 08:57:05",223.34,902.86,,,,"     ",5.30,186.08,2.20
1771,554699808,"01771M09:09:15.815","01771 08:57:06",223.37,902.84,,,,"     ",5.30,186.46,2.21
1771,554699809,"01771M09:09:16.788","01771 08:57:07",223.41,902.84,,,,"     ",5.30,184.63,2.18
1771,554699810,"01771M09:09:17.762","01771 08:57:08",223.47,902.88,,,,"     ",5.30,185.37,2.19
1771,554699811,"01771M09:09:18.735","01771 08:57:09",223.53,902.84,,,,"     ",5.30,187.31,2.22
1771,554699812,"01771M09:09:19.708","01771 08:57:10",223.61,902.88,,,,"     ",5.30,186.95,2.21
1771,554699813,"01771M09:09:20.681","01771 08:57:11",223.70,902.88,,,,"     ",5.30,184.79,2.18
1771,554699814,"01771M09:09:21.655","01771 08:57:12",223.78,902.84,,,,"     ",5.30,186.82,2.21
1771,554699815,"01771M09:09:22.628","01771 08:57:13",223.85,902.90,,,,"     ",5.30,186.49,2.20
1771,554699816,"01771M09:09:23.601","01771 08:57:14",223.92,902.90,,,,"     ",5.30,186.41,2.20
1771,554699817,"01771M09:09:24.574","01771 08:57:15",223.97,902.83,,,,"     ",5.30,187.56,2.22
1771,554699818,"01771M09:09:25.548","01771 08:57:16",224.01,902.83,,,,"     ",5.30,186.17,2.20
1771,554699819,"01771M09:09:26.521","01771 08:57:17",224.05,902.83,,,,"     ",5.30,187.28,2.21
1771,554699820,"01771M09:09:27.494","01771 08:57:18",224.09,902.86,,,,"     ",5.30,187.07,2.21
1771,554699821,"01771M09:09:28.467","01771 08:57:19",224.12,902.79,,,,"     ",5.30,186.31,2.20
1771,554699822,"01771M09:09:29.441","01771 08:57:20",224.14,902.85,,,,"     ",5.30,185.97,2.19
1771,554699823,"01771M09:09:30.414","01771 08:57:21",224.15,902.89,,,,"     ",5.30,188.61,2.22
1771,554699824,"01771M09:09:31.387","01771 08:57:22",224.15,902.72,,,,"     ",5.30,185.76,2.19
1771,554699825,"01771M09:09:32.360","01771 08:57:23",224.15,902.86,,,,"     ",5.30,188.18,2.22
1771,554699826,"01771M09:09:33.334","01771 08:57:23",224.13,902.85,,,,"     ",5.30,187.37,2.21
1771,554699827,"01771M09:09:34.307","01771 08:57:24",224.10,902.81,,,,"     ",5.30,185.97,2.19
1771,554699828,"01771M09:09:35.280","01771 08:57:25",224.07,902.79,,,,"     ",5.30,184.25,2.17
1771,554699829,"01771M09:09:36.253","01771 08:57:26",224.02,902.78,,,,"     ",5.30,184.67,2.17
1771,554699830,"01771M09:09:37.227","01771 08:57:27",223.96,902.71,,,,"     ",5.30,186.77,2.19
1771,554699831,"01771M09:09:38.200","01771 08:57:28",223.90,902.82,,,,"     ",5.30,187.76,2.20
1771,554699832,"01771M09:09:39.173","01771 08:57:29",223.83,902.72,,,,"     ",5.30,186.72,2.19
1771,554699833,"01771M09:09:40.146","01771 08:57:30",223.79,902.74,,,,"     ",5.30,186.29,2.18
1771,554699834,"01771M09:09:41.120","01771 08:57:31",223.76,902.83,,,,"     ",5.30,187.80,2.20
1771,554699835,"01771M09:09:42.093","01771 08:57:32",223.74,902.78,,,,"     ",5.30,188.79,2.21
1771,554699836,"01771M09:09:43.066","01771 08:57:33",223.74,902.91,,,,"     ",5.30,187.73,2.20
1771,554699837,"01771M09:09:44.039","01771 08:57:34",223.75,902.74,,,,"     ",5.30,188.94,2.21
1771,554699838,"01771M09:09:45.013","01771 08:57:35",223.77,902.77,,,,"     ",5.30,188.25,2.20
1771,554699839,"01771M09:09:45.986","01771 08:57:36",223.79,902.76,,,,"     ",5.30,187.25,2.19
1771,554699840,"01771M09:09:46.959","01771 08:57:37",223.81,902.83,,,,"     ",5.30,186.99,2.19
1771,554699841,"01771M09:09:47.932","01771 08:57:38",223.83,902.82,,,,"     ",5.30,186.47,2.18
1771,554699842,"01771M09:09:48.906","01771 08:57:39",223.84,902.79,,,,"     ",5.30,187.15,2.19
1771,554699843,"01771M09:09:49.879","01771 08:57:40",223.87,902.79,,,,"     ",5.30,186.93,2.18
1771,554699844,"01771M09:09:50.852","01771 08:57:41",223.89,902.80,,,,"     ",5.30,187.78,2.19
1771,554699845,"01771M09:09:51.825","01771 08:57:42",223.92,902.82,,,,"     ",5.30,187.40,2.19
1771,554699846,"01771M09:09:52.799","01771 08:57:43",223.96,902.82,,,,"     ",5.30,186.00,2.17
1771,554699847,"01771M09:09:53.772","01771 08:57:44",224.01,902.75,,,,"     ",5.30,186.25,2.17
1771,554699848,"01771M09:09:54.745","01771 08:57:45",224.06,902.80,,,,"     ",5.30,187.68,2.19
1771,554699849,"01771M09:09:55.718","01771 08:57:46",224.12,902.73,,,,"     ",5.30,187.31,2.18
1771,554699850,"01771M09:09:56.692","01771 08:57:47",224.18,902.82,,,,"     ",5.30,188.33,2.19
1771,554699851,"01771M09:09:57.665","01771 08:57:48",224.25,902.79,,,,"     ",5.30,187.16,2.18
1771,554699852,"01771M09:09:58.638","01771 08:57:49",224.32,902.76,,,,"     ",5.30,187.18,2.18
1771,554699853,"01771M09:09:59.611","01771 08:57:50",224.40,902.76,,,,"     ",5.30,189.03,2.20
1771,554699854,"01771M09:10:00.585","01771 08:57:51",224.46,902.76,,,,"     ",5.30,187.80,2.18
1771,554699855,"01771M09:10:01.558","01771 08:57:52",224.50,902.76,,,,"     ",5.30,188.17,2.19
1771,554699856,"01771M09:10:02.531","01771 08:57:53",224.52,902.73,,,,"     ",5.30,188.86,2.19
1771,554699857,"01771M09:10:03.504","01771 08:57:54",224.53,902.66,,,,"     ",5.30,188.00,2.18
1771,554699858,"01771M09:10:04.478","01771 08:57:55",224.52,902.69,,,,"     ",5.30,189.24,2.20
1771,554699859,"01771M09:10:05.451","01771 08:57:56",224.50,902.65,,,,"     ",5.30,187.26,2.17
1771,554699860,"01771M09:10:06.424","01771 08:57:57",224.47,902.75,,,,"     ",5.30,189.75,2.20
1771,554699861,"01771M09:10:07.397","01771 08:57:58",224.43,902.75,,,,"     ",5.30,189.14,2.19
1771,554699862,"01771M09:10:08.371","01771 08:57:59",224.40,902.67,,,,"     ",5.30,187.37,2.17
1771,554699863,"01771M09:10:09.344","01771 08:58:00",224.39,902.70,,,,"     ",5.30,189.46,2.19
1771,554699864,"01771M09:10:10.317","01771 08:58:00",224.39,902.77,,,,"     ",5.30,189.41,2.19
1771,554699865,"01771M09:10:11.290","01771 08:58:01",224.41,902.65,,,,"     ",5.30,187.23,2.16
1771,554699866,"01771M09:10:12.264","01771 08:58:02",224.43,902.73,,,,"     ",5.30,188.80,2.18
1771,554699867,"01771M09:10:13.237","01771 08:58:03",224.46,902.70,,,,"     ",5.30,188.71,2.18
1771,554699868,"01771M09:10:14.210","01771 08:58:04",224.49,902.72,,,,"     ",5.30,188.65,2.18
1771,554699869,"01771M09:10:15.183","01771 08:58:05",224.52,902.66,,,,"     ",5.30,188.81,2.18
1771,554699870,"01771M09:10:16.157","01771 08:58:06",224.54,902.70,,,,"     ",5.30,191.10,2.20
1771,554699871,"01771M09:10:17.130","01771 08:58:07",224.56,902.66,,,,"     ",5.30,189.41,2.18
1771,554699872,"01771M09:10:18.103","01771 08:58:08",224.58,902.77,,,,"     ",5.30,189.69,2.19
1771,554699873,"01771M09:10:19.077","01771 08:58:09",224.61,902.72,,,,"     ",5.30,188.28,2.17
1771,554699874,"01771M09:10:20.050","01771 08:58:10",224.63,902.78,,,,"     ",5.30,190.40,2.19
1771,554699875,"01771M09:10:21.023","01771 08:58:11",224.65,902.70,,,,"     ",5.30,188.03,2.16
1771,554699876,"01771M09:10:21.996","01771 08:58:12",224.68,902.67,,,,"     ",5.30,189.75,2.18
1771,554699877,"01771M09:10:22.970","01771 08:58:13",224.70,902.67,,,,"     ",5.30,188.63,2.17
1771,554699878,"01771M09:10:23.943","01771 08:58:14",224.73,902.56,,,,"     ",5.30,190.69,2.19
1771,554699879,"01771M09:10:24.916","01771 08:58:15",224.76,902.54,,,,"     ",5.30,189.11,2.17
1771,554699880,"01771M09:10:25.889","01771 08:58:16",224.79,902.50,,,,"     ",5.30,190.74,2.19
1771,554699881,"01771M09:10:26.863","01771 08:58:17",224.82,902.69,,,,"     ",5.30,189.69,2.17
1771,554699882,"01771M09:10:27.836","01771 08:58:18",224.84,902.66,,,,"     ",5.30,190.01,2.18
1771,554699883,"01771M09:10:28.809","01771 08:58:19",224.85,902.65,,,,"     ",5.30,190.41,2.18
1771,554699884,"01771M09:10:29.782","01771 08:58:20",224.84,902.67,,,,"     ",5.30,188.35,2.16
1771,554699885,"01771M09:10:30.756","01771 08:58:21",224.82,902.66,,,,"     ",5.30,190.10,2.18
1771,554699886,"01771M09:10:31.729","01771 08:58:22",224.77,902.57,,,,"     ",5.30,189.48,2.17
1771,554699887,"01771M09:10:32.702","01771 08:58:23",224.71,902.62,,,,"     ",5.30,191.85,2.19
1771,554699888,"01771M09:10:33.675","01771 08:58:24",224.65,902.60,,,,"     ",5.30,190.52,2.18
1771,554699889,"01771M09:10:34.649","01771 08:58:25",224.59,902.64,,,,"     ",5.30,191.97,2.19
1771,554699890,"01771M09:10:35.622","01771 08:58:26",224.53,902.67,,,,"     ",5.30,191.43,2.19
1771,554699891,"01771M09:10:36.595","01771 08:58:27",224.50,902.63,,,,"     ",5.30,191.00,2.18
1771,554699892,"01771M09:10:37.568","01771 08:58:28",224.49,902.61,,,,"     ",5.30,191.43,2.18
1771,554699893,"01771M09:10:38.542","01771 08:58:29",224.50,902.56,,,,"     ",5.30,190.87,2.18
1771,554699894,"01771M09:10:39.515","01771 08:58:30",224.52,902.57,,,,"     ",5.30,190.83,2.17
1771,554699895,"01771M09:10:40.488","01771 08:58:31",224.55,902.58,,,,"     ",5.30,189.92,2.16
1771,554699896,"01771M09:10:41.461","01771 08:58:32",224.60,902.53,,,,"     ",5.30,192.01,2.19
1771,554699897,"01771M09:10:42.435","01771 08:58:33",224.66,902.55,,,,"     ",5.30,191.05,2.17
1771,554699898,"01771M09:10:43.408","01771 08:58:34",224.72,902.49,,,,"     ",5.30,191.15,2.17
1771,554699899,"01771M09:10:44.381","01771 08:58:35",224.77,902.53,,,,"     ",5.30,192.42,2.19
1771,554699900,"01771M09:10:45.354","01771 08:58:36",224.81,902.47,,,,"     ",5.30,191.93,2.18
1771,554699901,"01771M09:10:46.328","01771 08:58:36",224.83,902.56,,,,"     ",5.30,190.28,2.16
1771,554699902,"01771M09:10:47.301","01771 08:58:37",224.85,902.57,,,,"     ",5.30,192.66,2.19
1771,554699903,"01771M09:10:48.274","01771 08:58:38",224.86,902.56,,,,"     ",5.30,192.21,2.18
1771,554699904,"01771M09:10:49.247","01771 08:58:39",224.86,902.55,,,,"     ",5.30,190.05,2.16
1771,554699905,"01771M09:10:50.221","01771 08:58:40",224.86,902.57,,,,"     ",5.30,192.44,2.18
1771,554699906,"01771M09:10:51.194","01771 08:58:41",224.86,902.61,,,,"     ",5.30,191.60,2.17
1771,554699907,"01771M09:10:52.167","01771 08:58:42",224.86,902.55,,,,"     ",5.30,189.97,2.15
1771,554699908,"01771M09:10:53.140","01771 08:58:43",224.87,902.52,,,,"     ",5.30,193.14,2.19
1771,554699909,"01771M09:10:54.114","01771 08:58:44",224.90,902.56,,,,"     ",5.30,192.00,2.17
1771,554699910,"01771M09:10:55.087","01771 08:58:45",224.95,902.48,,,,"     ",5.30,191.56,2.17
1771,554699911,"01771M09:10:56.060","01771 08:58:46",224.99,902.50,,,,"     ",5.30,191.62,2.17
1771,554699912,"01771M09:10:57.033","01771 08:58:47",224.85,902.48,,,,"     ",5.30,191.99,2.17
1771,554699913,"01771M09:10:58.007","01771 08:58:48",224.92,902.54,,,,"     ",5.30,193.31,2.19
1771,554699914,"01771M09:10:58.980","01771 08:58:49",224.99,902.50,,,,"     ",5.30,191.29,2.16
1771,554699915,"01771M09:10:59.953","01771 08:58:50",225.05,902.57,,,,"     ",5.30,192.22,2.17
1771,554699916,"01771M09:11:00.926","01771 08:58:51",225.10,902.53,,,,"     ",5.30,193.32,2.18
1771,554699917,"01771M09:11:01.900","01771 08:58:52",225.15,902.45,,,,"     ",5.30,193.16,2.18
1771,554699918,"01771M09:11:02.873","01771 08:58:53",225.17,902.48,,,,"     ",5.30,192.90,2.17
1771,554699919,"01771M09:11:03.846","01771 08:58:54",225.18,902.50,,,,"     ",5.30,192.86,2.17
1771,554699920,"01771M09:11:04.819","01771 08:58:55",225.18,902.51,,,,"     ",5.30,194.85,2.20
1771,554699921,"01771M09:11:05.793","01771 08:58:56",225.17,902.41,,,,"     ",5.30,193.94,2.18
1771,554699922,"01771M09:11:06.766","01771 08:58:57",225.16,902.45,,,,"     ",5.30,192.73,2.17
1771,554699923,"01771M09:11:07.739","01771 08:58:58",225.15,902.41,,,,"     ",5.30,193.45,2.17
1771,554699924,"01771M09:11:08.712","01771 08:58:59",225.15,902.41,,,,"     ",5.30,194.17,2.18
1771,554699925,"01771M09:11:09.686","01771 08:59:00",225.15,902.47,,,,"     ",5.30,191.71,2.15
1771,554699926,"01771M09:11:10.659","01771 08:59:01",225.16,902.47,,,,"     ",5.30,193.70,2.17
1771,554699927,"01771M09:11:11.632","01771 08:59:02",225.17,902.46,,,,"     ",5.30,193.56,2.17
1771,554699928,"01771M09:11:12.605","01771 08:59:03",225.19,902.44,,,,"     ",5.30,195.64,2.19
1771,554699929,"01771M09:11:13.579","01771 08:59:04",225.20,902.52,,,,"     ",5.30,194.32,2.18
1771,554699930,"01771M09:11:14.552","01771 08:59:05",225.22,902.56,,,,"     ",5.30,193.09,2.16
1771,554699931,"01771M09:11:15.525","01771 08:59:06",225.23,902.54,,,,"     ",5.30,194.13,2.17
1771,554699932,"01771M09:11:16.498","01771 08:59:07",225.22,902.49,,,,"     ",5.30,192.16,2.15
1771,554699933,"01771M09:11:17.472","01771 08:59:08",225.19,902.52,,,,"     ",5.30,193.85,2.17
1771,554699934,"01771M09:11:18.445","01771 08:59:09",225.14,902.44,,,,"     ",5.30,192.52,2.15
1771,554699935,"01771M09:11:19.418","01771 08:59:10",225.05,902.41,,,,"     ",5.30,191.03,2.13
1771,554699936,"01771M09:11:20.391","01771 08:59:11",224.93,902.46,,,,"     ",5.30,195.10,2.18
1771,554699937,"01771M09:11:21.365","01771 08:59:12",225.02,902.45,,,,"     ",5.30,194.67,2.17
1771,554699938,"01771M09:11:22.338","01771 08:59:13",224.91,902.47,,,,"     ",5.30,194.22,2.17
1771,554699939,"01771M09:11:23.311","01771 08:59:13",224.78,902.49,,,,"     ",5.30,193.66,2.16
1771,554699940,"01771M09:11:24.284","01771 08:59:14",224.65,902.42,,,,"     ",5.30,195.48,2.18
1771,554699941,"01771M09:11:25.258","01771 08:59:15",224.52,902.42,,,,"     ",5.30,194.94,2.17
1771,554699942,"01771M09:11:26.231","01771 08:59:16",224.39,902.38,,,,"     ",5.30,195.18,2.17
1771,554699943,"01771M09:11:27.204","01771 08:59:17",224.26,902.36,,,,"     ",5.30,194.77,2.17
1771,554699944,"01771M09:11:28.178","01771 08:59:18",224.12,902.40,,,,"     ",5.30,194.56,2.17
1771,554699945,"01771M09:11:29.151","01771 08:59:19",223.98,902.36,,,,"     ",5.30,195.13,2.17
1771,554699946,"01771M09:11:30.124","01771 08:59:20",223.84,902.38,,,,"     ",5.30,194.52,2.16
1771,554699947,"01771M09:11:31.097","01771 08:59:21",223.70,902.38,,,,"     ",5.30,194.31,2.16
1771,554699948,"01771M09:11:32.071","01771 08:59:22",223.55,902.36,,,,"     ",5.30,194.44,2.16
1771,554699949,"01771M09:11:33.044","01771 08:59:23",223.41,902.43,,,,"     ",5.30,197.14,2.19
1771,554699950,"01771M09:11:34.017","01771 08:59:24",223.27,902.39,,,,"     ",5.30,194.49,2.16
1771,554699951,"01771M09:11:34.990","01771 08:59:25",222.68,902.38,,,,"     ",5.30,195.68,2.17
1771,554699952,"01771M09:11:35.964","01771 08:59:26",222.69,902.41,,,,"     ",5.30,194.65,2.16
1771,554699953,"01771M09:11:36.937","01771 08:59:27",222.70,902.40,,,,"     ",5.30,194.78,2.16
1771,554699954,"01771M09:11:37.910","01771 08:59:28",222.71,902.45,,,,"     ",5.30,194.18,2.15
1771,554699955,"01771M09:11:38.883","01771 08:59:29",222.73,902.33,,,,"     ",5.30,195.97,2.17
1771,554699956,"01771M09:11:39.857","01771 08:59:30",222.74,902.37,,,,"     ",5.30,197.53,2.19
1771,554699957,"01771M09:11:40.830","01771 08:59:31",222.76,902.37,,,,"     ",5.30,195.99,2.17
1771,554699958,"01771M09:11:41.803","01771 08:59:32",222.78,902.40,,,,"     ",5.30,195.56,2.17
1771,554699959,"01771M09:11:42.776","01771 08:59:33",222.80,902.34,,,,"     ",5.30,195.51,2.16
1771,554699960,"01771M09:11:43.750","01771 08:59:34",222.82,902.42,,,,"     ",5.30,195.47,2.16
1771,554699961,"01771M09:11:44.723","01771 08:59:35",222.84,902.36,,,,"     ",5.30,196.24,2.17
1771,554699962,"01771M09:11:45.696","01771 08:59:36",222.86,902.37,,,,"     ",5.30,195.93,2.17
1771,554699963,"01771M09:11:46.669","01771 08:59:37",222.89,902.38,,,,"     ",5.30,196.90,2.18
1771,554699964,"01771M09:11:47.643","01771 08:59:38",222.92,902.41,,,,"     ",5.30,197.72,2.19
1771,554699965,"01771M09:11:48.616","01771 08:59:39",222.96,902.34,,,,"     ",5.30,194.15,2.14
1771,554699966,"01771M09:11:49.589","01771 08:59:40",222.99,902.36,,,,"     ",5.30,195.50,2.16
1771,554699967,"01771M09:11:50.562","01771 08:59:41",223.03,902.41,,,,"     ",5.30,195.80,2.16
1771,554699968,"01771M09:11:51.536","01771 08:59:42",223.05,902.38,,,,"     ",5.30,196.88,2.17
1771,554699969,"01771M09:11:52.509","01771 08:59:43",223.05,902.36,,,,"     ",5.30,196.17,2.17
1771,554699970,"01771M09:11:53.482","01771 08:59:44",223.05,902.37,,,,"     ",5.30,195.82,2.16
1771,554699971,"01771M09:11:54.455","01771 08:59:45",223.03,902.36,,,,"     ",5.30,197.34,2.18
1771,554699972,"01771M09:11:55.429","01771 08:59:46",223.01,902.34,,,,"     ",5.30,197.88,2.18
1771,554699973,"01771M09:11:56.402","01771 08:59:47",222.98,902.29,,,,"     ",5.30,196.14,2.16
1771,554699974,"01771M09:11:57.375","01771 08:59:48",222.96,902.37,,,,"     ",5.30,197.29,2.18
1771,554699975,"01771M09:11:58.348","01771 08:59:49",222.95,902.35,,,,"     ",5.30,195.39,2.15
1771,554699976,"01771M09:11:59.322","01771 08:59:50",222.95,902.31,,,,"     ",5.30,197.75,2.18
1771,554699977,"01771M09:12:00.295","01771 08:59:50",222.94,902.33,,,,"     ",5.30,196.78,2.17
1771,554699978,"01771M09:12:01.268","01771 08:59:51",222.92,902.33,,,,"     ",5.30,197.11,2.17
1771,554699979,"01771M09:12:02.241","01771 08:59:52",222.89,902.32,,,,"     ",5.30,197.68,2.18
1771,554699980,"01771M09:12:03.215","01771 08:59:53",222.85,902.32,,,,"     ",5.30,196.44,2.16
1771,554699981,"01771M09:12:04.188","01771 08:59:54",222.80,902.28,,,,"     ",5.30,196.09,2.16
1771,554699982,"01771M09:12:05.161","01771 08:59:55",222.76,902.20,,,,"     ",5.30,197.93,2.18
1771,554699983,"01771M09:12:06.134","01771 08:59:56",222.73,902.32,,,,"     ",5.30,196.30,2.16
1771,554699984,"01771M09:12:07.108","01771 08:59:57",222.71,902.32,,,,"     ",5.30,198.13,2.18
1771,554699985,"01771M09:12:08.081","01771 08:59:58",222.70,902.33,,,,"     ",5.30,197.46,2.17
1771,554699986,"01771M09:12:09.054","01771 08:59:59",222.67,902.31,,,,"     ",5.30,197.63,2.17
1771,554699987,"01771M09:12:10.027","01771 09:00:00",222.64,902.30,,,,"     ",5.30,197.04,2.16
1771,554699988,"01771M09:12:11.001","01771 09:00:01",222.58,902.30,,,,"     ",5.30,197.29,2.17
1771,554699989,"01771M09:12:11.974","01771 09:00:02",222.50,902.24,,,,"     ",5.30,197.95,2.17
1771,554699990,"01771M09:12:12.947","01771 09:00:03",222.42,902.25,,,,"     ",5.30,196.25,2.15
1771,554699991,"01771M09:12:13.920","01771 09:00:04",222.33,902.21,,,,"     ",5.30,198.20,2.18
1771,554699992,"01771M09:12:14.894","01771 09:00:05",222.25,902.20,,,,"     ",5.30,196.64,2.16
1771,554699993,"01771M09:12:15.867","01771 09:00:06",222.17,902.22,,,,"     ",5.30,196.46,2.16
1771,554699994,"01771M09:12:16.840","01771 09:00:07",222.09,902.15,,,,"     ",5.30,198.15,2.18
1771,554699995,"01771M09:12:17.813","01771 09:00:08",222.02,902.16,,,,"     ",5.30,198.82,2.18
1771,554699996,"01771M09:12:18.787","01771 09:00:09",221.94,902.12,,,,"     ",5.30,198.58,2.18
1771,554699997,"01771M09:12:19.760","01771 09:00:10",221.86,902.04,,,,"     ",5.30,200.75,2.20
1771,554699998,"01771M09:12:20.733","01771 09:00:11",221.78,902.15,,,,"     ",5.30,197.40,2.17
1771,554699999,"01771M09:12:21.706","01771 09:00:12",221.69,902.11,,,,"     ",5.30,198.50,2.18
1771,554700000,"01771M09:12:22.680","01771 09:00:13",221.61,902.11,,,,"     ",5.30,198.75,2.18
1771,554700001,"01771M09:12:23.653","01771 09:00:14",221.52,902.22,,,,"     ",5.30,195.91,2.15
1771,554700002,"01771M09:12:24.626","01771 09:00:15",221.43,902.21,,,,"     ",5.30,197.86,2.17
1771,554700003,"01771M09:12:25.599","01771 09:00:16",221.35,902.22,,,,"     ",5.30,198.22,2.18
1771,554700004,"01771M09:12:26.573","01771 09:00:17",221.26,902.24,,,,"     ",5.30,196.64,2.16
1771,554700005,"01771M09:12:27.546","01771 09:00:18",221.16,902.20,,,,"     ",5.30,196.43,2.16
1771,554700006,"01771M09:12:28.519","01771 09:00:19",221.05,902.21,,,,"     ",5.30,200.00,2.20
1771,554700007,"01771M09:12:29.492","01771 09:00:20",220.93,902.22,,,,"     ",5.30,197.45,2.17
1771,554700008,"01771M09:12:30.466","01771 09:00:21",220.80,902.28,,,,"     ",5.30,198.67,2.18
1771,554700009,"01771M09:12:31.439","01771 09:00:22",220.67,902.10,,,,"     ",5.30,197.65,2.17
1771,554700010,"01771M09:12:32.412","01771 09:00:23",220.53,902.19,,,,"     ",5.30,197.97,2.17
1771,554700011,"01771M09:12:33.385","01771 09:00:24",220.39,902.28,,,,"     ",5.30,199.16,2.19
1771,554700012,"01771M09:12:34.359","01771 09:00:25",220.28,902.19,,,,"     ",5.30,198.28,2.18
1771,554700013,"01771M09:12:35.332","01771 09:00:26",220.18,902.14,,,,"     ",5.30,197.91,2.17
1771,554700014,"01771M09:12:36.305","01771 09:00:26",220.10,902.16,,,,"     ",5.30,197.09,2.17
1771,554700015,"01771M09:12:37.279","01771 09:00:27",220.03,902.19,,,,"     ",5.30,196.01,2.15
1771,554700016,"01771M09:12:38.252","01771 09:00:28",219.97,902.21,,,,"     ",5.30,197.82,2.18
1771,554700017,"01771M09:12:39.225","01771 09:00:29",219.91,902.18,,,,"     ",5.30,198.57,2.19
1771,554700018,"01771M09:12:40.198","01771 09:00:30",219.86,902.18,,,,"     ",5.30,198.11,2.18
1771,554700019,"01771M09:12:41.172","01771 09:00:31",219.80,902.17,,,,"     ",5.30,197.90,2.18
1771,554700020,"01771M09:12:42.145","01771 09:00:32",219.75,902.21,,,,"     ",5.30,197.94,2.18
1771,554700021,"01771M09:12:43.118","01771 09:00:33",219.70,902.17,,,,"     ",5.30,197.23,2.17
1771,554700022,"01771M09:12:44.091","01771 09:00:34",219.65,902.15,,,,"     ",5.30,198.14,2.18
1771,554700023,"01771M09:12:45.065","01771 09:00:35",219.62,902.11,,,,"     ",5.30,197.67,2.18
1771,554700024,"01771M09:12:46.038","01771 09:00:36",219.59,902.16,,,,"     ",5.30,196.47,2.16
1771,554700025,"01771M09:12:47.011","01771 09:00:37",219.56,902.11,,,,"     ",5.30,195.87,2.16
1771,554700026,"01771M09:12:47.984","01771 09:00:38",219.54,902.15,,,,"     ",5.30,197.36,2.18
1771,554700027,"01771M09:12:48.958","01771 09:00:39",219.51,902.10,,,,"     ",5.30,198.53,2.19
1771,554700028,"01771M09:12:49.931","01771 09:00:40",219.46,902.13,,,,"     ",5.30,197.70,2.18
1771,554700029,"01771M09:12:50.904","01771 09:00:41",219.40,902.08,,,,"     ",5.30,198.54,2.19
1771,554700030,"01771M09:12:51.877","01771 09:00:42",219.33,902.07,,,,"     ",5.30,199.25,2.20
1771,554700031,"01771M09:12:52.851","01771 09:00:43",219.25,902.13,,,,"     ",5.30,197.00,2.18
1771,554700032,"01771M09:12:53.824","01771 09:00:44",219.16,902.04,,,,"     ",5.30,197.55,2.18
1771,554700033,"01771M09:12:54.797","01771 09:00:45",219.07,902.05,,,,"     ",5.30,197.09,2.18
1771,554700034,"01771M09:12:55.770","01771 09:00:46",218.96,902.04,,,,"     ",5.30,196.62,2.17
1771,554700035,"01771M09:12:56.744","01771 09:00:47",218.85,902.12,,,,"     ",5.30,199.54,2.21
1771,554700036,"01771M09:12:57.717","01771 09:00:48",218.73,902.05,,,,"     ",5.30,197.09,2.18
1771,554700037,"01771M09:12:58.690","01771 09:00:49",218.61,902.06,,,,"     ",5.30,197.04,2.18
1771,554700038,"01771M09:12:59.663","01771 09:00:50",218.49,902.04,,,,"     ",5.30,196.46,2.17
1771,554700039,"01771M09:13:00.637","01771 09:00:51",218.40,902.03,,,,"     ",5.30,197.42,2.18
1771,554700040,"01771M09:13:01.610","01771 09:00:52",218.32,902.05,,,,"     ",5.30,197.96,2.19
1771,554700041,"01771M09:13:02.583","01771 09:00:53",218.26,901.99,,,,"     ",5.30,195.74,2.17
1771,554700042,"01771M09:13:03.556","01771 09:00:54",218.23,902.15,,,,"     ",5.30,198.53,2.20
1771,554700043,"01771M09:13:04.530","01771 09:00:55",218.22,902.14,,,,"     ",5.30,197.26,2.19
1771,554700044,"01771M09:13:05.503","01771 09:00:56",218.21,902.02,,,,"     ",5.30,196.57,2.18
1771,554700045,"01771M09:13:06.476","01771 09:00:57",218.22,902.03,,,,"     ",5.30,196.53,2.18
1771,554700046,"01771M09:13:07.449","01771 09:00:58",218.23,902.04,,,,"     ",5.30,197.14,2.19
1771,554700047,"01771M09:13:08.423","01771 09:00:59",218.25,902.11,,,,"     ",5.30,196.76,2.18
1771,554700048,"01771M09:13:09.396","01771 09:01:00",218.27,902.01,,,,"     ",5.30,196.82,2.18
1771,554700049,"01771M09:13:10.369","01771 09:01:01",218.30,902.08,,,,"     ",5.30,197.78,2.20
1771,554700050,"01771M09:13:11.342","01771 09:01:02",218.33,902.06,,,,"     ",5.30,196.51,2.18
1771,554700051,"01771M09:13:12.316","01771 09:01:03",218.34,902.12,,,,"     ",5.30,195.53,2.17
1771,554700052,"01771M09:13:13.289","01771 09:01:03",218.36,902.08,,,,"     ",5.30,196.21,2.18
1771,554700053,"01771M09:13:14.262","01771 09:01:04",218.35,901.99,,,,"     ",5.30,197.67,2.20
1771,554700054,"01771M09:13:15.235","01771 09:01:05",218.33,902.03,,,,"     ",5.30,197.00,2.19
1771,554700055,"01771M09:13:16.209","01771 09:01:06",218.30,902.03,,,,"     ",5.30,196.69,2.19
1771,554700056,"01771M09:13:17.182","01771 09:01:07",218.26,902.06,,,,"     ",5.30,198.72,2.21
1771,554700057,"01771M09:13:18.155","01771 09:01:08",218.20,902.07,,,,"     ",5.30,196.16,2.18
1771,554700058,"01771M09:13:19.128","01771 09:01:09",218.11,902.07,,,,"     ",5.30,196.54,2.19
1771,554700059,"01771M09:13:20.102","01771 09:01:10",218.02,902.01,,,,"     ",5.30,197.96,2.20
1771,554700060,"01771M09:13:21.075","01771 09:01:11",217.92,902.01,,,,"     ",5.30,197.98,2.21
1771,554700061,"01771M09:13:22.048","01771 09:01:12",217.84,902.03,,,,"     ",5.30,197.39,2.20
1771,554700062,"01771M09:13:23.021","01771 09:01:13",217.77,901.96,,,,"     ",5.30,195.74,2.18
1771,554700063,"01771M09:13:23.995","01771 09:01:14",217.72,901.98,,,,"     ",5.30,194.82,2.17
1771,554700064,"01771M09:13:24.968","01771 09:01:15",217.70,901.96,,,,"     ",5.30,195.89,2.18
1771,554700065,"01771M09:13:25.941","01771 09:01:16",217.72,901.93,,,,"     ",5.30,195.38,2.18
1771,554700066,"01771M09:13:26.914","01771 09:01:17",217.79,902.02,,,,"     ",5.30,198.05,2.21
1771,554700067,"01771M09:13:27.888","01771 09:01:18",217.89,902.04,,,,"     ",5.30,196.37,2.19
1771,554700068,"01771M09:13:28.861","01771 09:01:19",218.03,902.05,,,,"     ",5.30,195.89,2.18
1771,554700069,"01771M09:13:29.834","01771 09:01:20",218.21,901.95,,,,"     ",5.30,193.88,2.16
1771,554700070,"01771M09:13:30.807","01771 09:01:21",218.41,901.98,,,,"     ",5.30,194.93,2.17
1771,554700071,"01771M09:13:31.781","01771 09:01:22",218.62,901.98,,,,"     ",5.30,196.50,2.19
1771,554700072,"01771M09:13:32.754","01771 09:01:23",218.84,901.98,,,,"     ",5.30,195.65,2.18
1771,554700073,"01771M09:13:33.727","01771 09:01:24",219.05,902.05,,,,"     ",5.30,196.57,2.19
1771,554700074,"01771M09:13:34.700","01771 09:01:25",219.24,901.98,,,,"     ",5.30,196.06,2.19
1771,554700075,"01771M09:13:35.674","01771 09:01:26",219.39,902.03,,,,"     ",5.30,196.28,2.19
1771,554700076,"01771M09:13:36.647","01771 09:01:27",219.50,901.97,,,,"     ",5.30,196.34,2.19
1771,554700077,"01771M09:13:37.620","01771 09:01:28",219.58,901.96,,,,"     ",5.30,195.50,2.18
1771,554700078,"01771M09:13:38.593","01771 09:01:29",219.63,901.99,,,,"     ",5.30,198.10,2.21
1771,554700079,"01771M09:13:39.567","01771 09:01:30",219.67,901.99,,,,"     ",5.30,197.18,2.20
1771,554700080,"01771M09:13:40.540","01771 09:01:31",219.70,901.97,,,,"     ",5.30,197.03,2.20
1771,554700081,"01771M09:13:41.513","01771 09:01:32",219.73,901.93,,,,"     ",5.30,197.32,2.20
1771,554700082,"01771M09:13:42.486","01771 09:01:33",219.77,901.99,,,,"     ",5.30,197.75,2.20
1771,554700083,"01771M09:13:43.460","01771 09:01:34",219.80,901.94,,,,"     ",5.30,194.22,2.16
1771,554700084,"01771M09:13:44.433","01771 09:01:35",219.84,901.95,,,,"     ",5.30,197.29,2.20
1771,554700085,"01771M09:13:45.406","01771 09:01:36",219.88,901.97,,,,"     ",5.30,195.76,2.18
1771,554700086,"01771M09:13:46.380","01771 09:01:37",219.93,901.92,,,,"     ",5.30,196.56,2.19
1771,554700087,"01771M09:13:47.353","01771 09:01:38",219.97,901.98,,,,"     ",5.30,196.97,2.19
1771,554700088,"01771M09:13:48.326","01771 09:01:39",220.02,902.01,,,,"     ",5.30,194.35,2.16
1771,554700089,"01771M09:13:49.299","01771 09:01:40",220.07,901.92,,,,"     ",5.30,196.68,2.19
1771,554700090,"01771M09:13:50.273","01771 09:01:40",220.11,901.90,,,,"     ",5.30,195.61,2.17
1771,554700091,"01771M09:13:51.246","01771 09:01:41",220.13,901.94,,,,"     ",5.30,197.73,2.20
1771,554700092,"01771M09:13:52.219","01771 09:01:42",220.15,901.95,,,,"     ",5.30,197.49,2.19
1771,554700093,"01771M09:13:53.192","01771 09:01:43",220.14,902.03,,,,"     ",5.30,197.60,2.19
1771,554700094,"01771M09:13:54.166","01771 09:01:44",220.09,902.00,,,,"     ",5.30,196.95,2.19
1771,554700095,"01771M09:13:55.139","01771 09:01:45",220.02,902.01,,,,"     ",5.30,194.65,2.16
1771,554700096,"01771M09:13:56.112","01771 09:01:46",219.94,901.89,,,,"     ",5.30,197.41,2.19
1771,554700097,"01771M09:13:57.085","01771 09:01:47",219.85,901.99,,,,"     ",5.30,195.90,2.17
1771,554700098,"01771M09:13:58.059","01771 09:01:48",219.76,901.93,,,,"     ",5.30,196.59,2.18
1771,554700099,"01771M09:13:59.032","01771 09:01:49",219.67,901.94,,,,"     ",5.30,196.36,2.18
1771,554700100,"01771M09:14:00.005","01771 09:01:50",219.58,901.90,,,,"     ",5.30,195.67,2.17
1771,554700101,"01771M09:14:00.978","01771 09:01:51",219.50,901.94,,,,"     ",5.30,196.84,2.18
1771,554700102,"01771M09:14:01.952","01771 09:01:52",219.41,901.95,,,,"     ",5.30,196.15,2.17
1771,554700103,"01771M09:14:02.925","01771 09:01:53",219.33,901.94,,,,"     ",5.30,196.77,2.18
1771,554700104,"01771M09:14:03.898","01771 09:01:54",219.24,901.96,,,,"     ",5.30,195.89,2.17
1771,554700105,"01771M09:14:04.871","01771 09:01:55",219.14,901.91,,,,"     ",5.30,197.68,2.19
1771,554700106,"01771M09:14:05.845","01771 09:01:56",219.05,901.93,,,,"     ",5.30,196.53,2.17
1771,554700107,"01771M09:14:06.818","01771 09:01:57",218.96,901.90,,,,"     ",5.30,195.99,2.17
1771,554700108,"01771M09:14:07.791","01771 09:01:58",218.90,901.88,,,,"     ",5.30,197.16,2.18
1771,554700109,"01771M09:14:08.764","01771 09:01:59",218.85,901.95,,,,"     ",5.30,197.92,2.19
1771,554700110,"01771M09:14:09.738","01771 09:02:00",218.81,901.87,,,,"     ",5.30,198.14,2.19
1771,554700111,"01771M09:14:10.711","01771 09:02:01",218.78,901.94,,,,"     ",5.30,198.52,2.19
1771,554700112,"01771M09:14:11.684","01771 09:02:02",218.75,901.87,,,,"     ",5.30,196.11,2.16
1771,554700113,"01771M09:14:12.657","01771 09:02:03",218.71,901.95,,,,"     ",5.30,199.00,2.20
1771,554700114,"01771M09:14:13.631","01771 09:02:04",218.66,901.93,,,,"     ",5.30,197.11,2.17
1771,554700115,"01771M09:14:14.604","01771 09:02:05",218.61,902.02,,,,"     ",5.30,196.27,2.16
1771,554700116,"01771M09:14:15.577","01771 09:02:06",218.55,901.98,,,,"     ",5.30,196.43,2.16
1771,554700117,"01771M09:14:16.550","01771 09:02:07",218.50,901.90,,,,"     ",5.30,199.04,2.19
1771,554700118,"01771M09:14:17.524","01771 09:02:08",218.46,901.88,,,,"     ",5.30,195.88,2.16
1771,554700119,"01771M09:14:18.497","01771 09:02:09",218.42,901.86,,,,"     ",5.30,197.02,2.17
1771,554700120,"01771M09:14:19.470","01771 09:02:10",218.40,901.88,,,,"     ",5.30,197.93,2.18
1771,554700121,"01771M09:14:20.443","01771 09:02:11",218.38,901.79,,,,"     ",5.30,199.07,2.19
1771,554700122,"01771M09:14:21.417","01771 09:02:12",218.37,901.82,,,,"     ",5.30,197.08,2.17
1771,554700123,"01771M09:14:22.390","01771 09:02:13",218.36,901.85,,,,"     ",5.30,197.81,2.17
1771,554700124,"01771M09:14:23.363","01771 09:02:14",218.36,901.89,,,,"     ",5.30,196.95,2.16
1771,554700125,"01771M09:14:24.336","01771 09:02:15",218.35,901.93,,,,"     ",5.30,196.80,2.16
1771,554700126,"01771M09:14:25.310","01771 09:02:16",218.34,901.91,,,,"     ",5.30,197.14,2.16
1771,554700127,"01771M09:14:26.283","01771 09:02:17",218.33,901.91,,,,"     ",5.30,199.40,2.19
1771,554700128,"01771M09:14:27.256","01771 09:02:17",218.31,901.88,,,,"     ",5.30,197.06,2.16
1771,554700129,"01771M09:14:28.229","01771 09:02:18",218.28,901.92,,,,"     ",5.30,196.87,2.16
1771,554700130,"01771M09:14:29.203","01771 09:02:19",218.24,901.89,,,,"     ",5.30,196.32,2.15
1771,554700131,"01771M09:14:30.176","01771 09:02:20",218.20,901.86,,,,"     ",5.30,196.57,2.15
1771,554700132,"01771M09:14:31.149","01771 09:02:21",218.16,901.92,,,,"     ",5.30,199.15,2.18
1771,554700133,"01771M09:14:32.122","01771 09:02:22",218.11,901.88,,,,"     ",5.30,198.12,2.17
1771,554700134,"01771M09:14:33.096","01771 09:02:23",218.07,901.88,,,,"     ",5.30,197.49,2.16
1771,554700135,"01771M09:14:34.069","01771 09:02:24",218.02,901.79,,,,"     ",5.30,199.18,2.18
1771,554700136,"01771M09:14:35.042","01771 09:02:25",217.98,901.89,,,,"     ",5.30,198.28,2.17
1771,554700137,"01771M09:14:36.015","01771 09:02:26",217.95,901.82,,,,"     ",5.30,197.10,2.16
1771,554700138,"01771M09:14:36.989","01771 09:02:27",217.93,901.79,,,,"     ",5.30,198.38,2.17
1771,554700139,"01771M09:14:37.962","01771 09:02:28",217.91,901.87,,,,"     ",5.30,197.52,2.16
1771,554700140,"01771M09:14:38.935","01771 09:02:29",217.91,901.76,,,,"     ",5.30,197.46,2.16
1771,554700141,"01771M09:14:39.908","01771 09:02:30",217.93,901.75,,,,"     ",5.30,197.65,2.16
1771,554700142,"01771M09:14:40.882","01771 09:02:31",217.98,901.76,,,,"     ",5.30,198.52,2.17
1771,554700143,"01771M09:14:41.855","01771 09:02:32",218.04,901.82,,,,"     ",5.30,198.48,2.17
1771,554700144,"01771M09:14:42.828","01771 09:02:33",218.11,901.79,,,,"     ",5.30,196.29,2.14
1771,554700145,"01771M09:14:43.801","01771 09:02:34",218.19,901.82,,,,"     ",5.30,196.28,2.14
1771,554700146,"01771M09:14:44.775","01771 09:02:35",218.27,901.84,,,,"     ",5.30,199.03,2.17
1771,554700147,"01771M09:14:45.748","01771 09:02:36",218.33,901.84,,,,"     ",5.30,196.51,2.15
1771,554700148,"01771M09:14:46.721","01771 09:02:37",218.40,901.79,,,,"     ",5.30,197.11,2.15
1771,554700149,"01771M09:14:47.694","01771 09:02:38",218.47,901.80,,,,"     ",5.30,197.76,2.16
1771,554700150,"01771M09:14:48.668","01771 09:02:39",218.55,901.85,,,,"     ",5.30,197.66,2.16
1771,554700151,"01771M09:14:49.641","01771 09:02:40",218.63,901.78,,,,"     ",5.30,197.23,2.15
1771,554700152,"01771M09:14:50.614","01771 09:02:41",218.71,901.87,,,,"     ",5.30,197.29,2.15
1771,554700153,"01771M09:14:51.587","01771 09:02:42",218.79,901.79,,,,"     ",5.30,199.03,2.17
1771,554700154,"01771M09:14:52.561","01771 09:02:43",218.85,901.74,,,,"     ",5.30,197.16,2.15
1771,554700155,"01771M09:14:53.534","01771 09:02:44",218.89,901.72,,,,"     ",5.30,197.14,2.15
1771,554700156,"01771M09:14:54.507","01771 09:02:45",218.92,901.78,,,,"     ",5.30,196.81,2.14
1771,554700157,"01771M09:14:55.481","01771 09:02:46",218.93,901.69,,,,"     ",5.30,197.06,2.15
1771,554700158,"01771M09:14:56.454","01771 09:02:47",218.95,901.76,,,,"     ",5.30,197.30,2.15
1771,554700159,"01771M09:14:57.427","01771 09:02:48",218.95,901.75,,,,"     ",5.30,199.00,2.17
1771,554700160,"01771M09:14:58.400","01771 09:02:49",218.96,901.67,,,,"     ",5.30,198.01,2.16
1771,554700161,"01771M09:14:59.374","01771 09:02:50",218.96,901.78,,,,"     ",5.30,198.48,2.16
1771,554700162,"01771M09:15:00.347","01771 09:02:51",218.96,901.77,,,,"     ",5.30,196.59,2.14
1771,554700163,"01771M09:15:01.320","01771 09:02:52",218.95,901.77,,,,"     ",5.30,199.68,2.17
1771,554700164,"01771M09:15:02.293","01771 09:02:53",218.92,901.72,,,,"     ",5.30,196.92,2.14
1771,554700165,"01771M09:15:03.267","01771 09:02:53",218.87,901.80,,,,"     ",5.30,198.54,2.16
1771,554700166,"01771M09:15:04.240","01771 09:02:54",218.79,901.74,,,,"     ",5.30,197.29,2.14
1771,554700167,"01771M09:15:05.213","01771 09:02:55",218.70,901.76,,,,"     ",5.30,197.92,2.15
1771,554700168,"01771M09:15:06.186","01771 09:02:56",218.62,901.77,,,,"     ",5.30,197.70,2.15
1771,554700169,"01771M09:15:07.160","01771 09:02:57",218.54,901.77,,,,"     ",5.30,198.92,2.16
1771,554700170,"01771M09:15:08.133","01771 09:02:58",218.47,901.73,,,,"     ",5.30,199.23,2.16
1771,554700171,"01771M09:15:09.106","01771 09:02:59",218.42,901.75,,,,"     ",5.30,200.33,2.18
1771,554700172,"01771M09:15:10.079","01771 09:03:00",218.38,901.76,,,,"     ",5.30,196.36,2.13
1771,554700173,"01771M09:15:11.053","01771 09:03:01",218.34,901.74,,,,"     ",5.30,198.64,2.16
1771,554700174,"01771M09:15:12.026","01771 09:03:02",218.31,901.76,,,,"     ",5.30,196.78,2.13
1771,554700175,"01771M09:15:12.999","01771 09:03:03",218.28,901.79,,,,"     ",5.30,199.18,2.16
1771,554700176,"01771M09:15:13.972","01771 09:03:04",218.25,901.81,,,,"     ",5.30,199.93,2.17
1771,554700177,"01771M09:15:14.946","01771 09:03:05",218.22,901.73,,,,"     ",5.30,199.88,2.17
1771,554700178,"01771M09:15:15.919","01771 09:03:06",218.21,901.82,,,,"     ",5.30,199.53,2.16
1771,554700179,"01771M09:15:16.892","01771 09:03:07",218.20,901.73,,,,"     ",5.30,197.49,2.14
1771,554700180,"01771M09:15:17.865","01771 09:03:08",218.19,901.76,,,,"     ",5.30,199.77,2.17
1771,554700181,"01771M09:15:18.839","01771 09:03:09",218.19,901.71,,,,"     ",5.30,197.58,2.14
1771,554700182,"01771M09:15:19.812","01771 09:03:10",218.19,901.69,,,,"     ",5.30,199.33,2.16
1771,554700183,"01771M09:15:20.785","01771 09:03:11",218.19,901.62,,,,"     ",5.30,198.85,2.16
1771,554700184,"01771M09:15:21.758","01771 09:03:12",218.19,901.73,,,,"     ",5.30,196.35,2.13
1771,554700185,"01771M09:15:22.732","01771 09:03:13",218.19,901.67,,,,"     ",5.30,199.10,2.16
1771,554700186,"01771M09:15:23.705","01771 09:03:14",218.19,901.69,,,,"     ",5.30,199.29,2.16
1771,554700187,"01771M09:15:24.678","01771 09:03:15",218.20,901.66,,,,"     ",5.30,198.89,2.16
1771,554700188,"01771M09:15:25.651","01771 09:03:16",218.23,901.73,,,,"     ",5.30,198.10,2.15
1771,554700189,"01771M09:15:26.625","01771 09:03:17",218.27,901.63,,,,"     ",5.30,199.54,2.16
1771,554700190,"01771M09:15:27.598","01771 09:03:18",218.34,901.72,,,,"     ",5.30,199.30,2.16
1771,554700191,"01771M09:15:28.571","01771 09:03:19",218.41,901.68,,,,"     ",5.30,199.29,2.16
1771,554700192,"01771M09:15:29.544","01771 09:03:20",218.49,901.64,,,,"     ",5.30,199.54,2.16
1771,554700193,"01771M09:15:30.518","01771 09:03:21",218.59,901.64,,,,"     ",5.30,200.22,2.17
1771,554700194,"01771M09:15:31.491","01771 09:03:22",218.69,901.67,,,,"     ",5.30,199.50,2.16
1771,554700195,"01771M09:15:32.464","01771 09:03:23",218.80,901.67,,,,"     ",5.30,196.66,2.13
1771,554700196,"01771M09:15:33.437","01771 09:03:24",218.91,901.64,,,,"     ",5.30,198.42,2.15
1771,554700197,"01771M09:15:34.411","01771 09:03:25",219.02,901.61,,,,"     ",5.30,199.75,2.16
1771,554700198,"01771M09:15:35.384","01771 09:03:26",219.14,901.68,,,,"     ",5.30,200.09,2.17
1771,554700199,"01771M09:15:36.357","01771 09:03:27",219.24,901.53,,,,"     ",5.30,199.02,2.15
1771,554700200,"01771M09:15:37.330","01771 09:03:28",219.35,901.64,,,,"     ",5.30,200.57,2.17
1771,554700201,"01771M09:15:38.304","01771 09:03:29",219.47,901.55,,,,"     ",5.30,200.25,2.17
1771,554700202,"01771M09:15:39.277","01771 09:03:30",219.58,901.55,,,,"     ",5.30,199.53,2.16
1771,554700203,"01771M09:15:40.250","01771 09:03:30",219.68,901.57,,,,"     ",5.30,201.24,2.18
1771,554700204,"01771M09:15:41.223","01771 09:03:31",219.78,901.52,,,,"     ",5.30,196.79,2.13
1771,554700205,"01771M09:15:42.197","01771 09:03:32",219.87,901.61,,,,"     ",5.30,198.55,2.15
1771,554700206,"01771M09:15:43.170","01771 09:03:33",219.97,901.61,,,,"     ",5.30,200.05,2.16
1771,554700207,"01771M09:15:44.143","01771 09:03:34",220.05,901.58,,,,"     ",5.30,199.44,2.15
1771,554700208,"01771M09:15:45.116","01771 09:03:35",220.14,901.60,,,,"     ",5.30,198.43,2.14
1771,554700209,"01771M09:15:46.090","01771 09:03:36",220.22,901.55,,,,"     ",5.30,201.15,2.17
1771,554700210,"01771M09:15:47.063","01771 09:03:37",220.31,901.62,,,,"     ",5.30,200.53,2.16
1771,554700211,"01771M09:15:48.036","01771 09:03:38",220.40,901.60,,,,"     ",5.30,200.22,2.16
1771,554700212,"01771M09:15:49.009","01771 09:03:39",220.49,901.67,,,,"     ",5.30,199.74,2.15
1771,554700213,"01771M09:15:49.983","01771 09:03:40",220.59,901.58,,,,"     ",5.30,200.88,2.16
1771,554700214,"01771M09:15:50.956","01771 09:03:41",220.68,901.57,,,,"     ",5.30,200.46,2.16
1771,554700215,"01771M09:15:51.929","01771 09:03:42",220.78,901.64,,,,"     ",5.30,201.99,2.18
1771,554700216,"01771M09:15:52.902","01771 09:03:43",220.86,901.61,,,,"     ",5.30,199.10,2.14
1771,554700217,"01771M09:15:53.876","01771 09:03:44",220.93,901.59,,,,"     ",5.30,202.66,2.18
1771,554700218,"01771M09:15:54.849","01771 09:03:45",221.00,901.65,,,,"     ",5.30,201.26,2.16
1771,554700219,"01771M09:15:55.822","01771 09:03:46",221.06,901.56,,,,"     ",5.30,200.14,2.15
1771,554700220,"01771M09:15:56.795","01771 09:03:47",221.11,901.53,,,,"     ",5.30,201.45,2.17
1771,554700221,"01771M09:15:57.769","01771 09:03:48",221.15,901.60,,,,"     ",5.30,200.92,2.16
1771,554700222,"01771M09:15:58.742","01771 09:03:49",221.16,901.62,,,,"     ",5.30,202.49,2.17
1771,554700223,"01771M09:15:59.715","01771 09:03:50",221.17,901.64,,,,"     ",5.30,200.62,2.15
1771,554700224,"01771M09:16:00.688","01771 09:03:51",221.16,901.51,,,,"     ",5.30,201.87,2.16
1771,554700225,"01771M09:16:01.662","01771 09:03:52",221.14,901.56,,,,"     ",5.30,201.31,2.16
1771,554700226,"01771M09:16:02.635","01771 09:03:53",221.12,901.47,,,,"     ",5.30,201.63,2.16
1771,554700227,"01771M09:16:03.608","01771 09:03:54",221.11,901.52,,,,"     ",5.30,200.74,2.15
1771,554700228,"01771M09:16:04.581","01771 09:03:55",221.11,901.47,,,,"     ",5.30,199.76,2.14
1771,554700229,"01771M09:16:05.555","01771 09:03:56",221.13,901.57,,,,"     ",5.30,201.12,2.15
1771,554700230,"01771M09:16:06.528","01771 09:03:57",221.16,901.57,,,,"     ",5.30,200.43,2.14
1771,554700231,"01771M09:16:07.501","01771 09:03:58",221.22,901.59,,,,"     ",5.30,201.80,2.16
1771,554700232,"01771M09:16:08.475","01771 09:03:59",221.30,901.56,,,,"     ",5.30,201.61,2.15
1771,554700233,"01771M09:16:09.448","01771 09:04:00",221.40,901.61,,,,"     ",5.30,201.46,2.15
1771,554700234,"01771M09:16:10.421","01771 09:04:01",221.50,901.41,,,,"     ",5.30,201.40,2.15
1771,554700235,"01771M09:16:11.394","01771 09:04:02",221.61,901.45,,,,"     ",5.30,202.03,2.15
1771,554700236,"01771M09:16:12.368","01771 09:04:03",221.73,901.49,,,,"     ",5.30,202.91,2.16
1771,554700237,"01771M09:16:13.341","01771 09:04:04",221.84,901.55,,,,"     ",5.30,201.26,2.14
1771,554700238,"01771M09:16:14.314","01771 09:04:05",221.95,901.56,,,,"     ",5.30,201.71,2.15
1771,554700239,"01771M09:16:15.287","01771 09:04:06",222.06,901.52,,,,"     ",5.30,202.03,2.15
1771,554700240,"01771M09:16:16.261","01771 09:04:07",222.14,901.47,,,,"     ",5.30,200.84,2.14
1771,554700241,"01771M09:16:17.234","01771 09:04:07",222.20,901.48,,,,"     ",5.30,200.44,2.13
1771,554700242,"01771M09:16:18.207","01771 09:04:08",222.24,901.48,,,,"     ",5.30,202.22,2.15
1771,554700243,"01771M09:16:19.180","01771 09:04:09",222.25,901.53,,,,"     ",5.30,204.00,2.17
1771,554700244,"01771M09:16:20.154","01771 09:04:10",222.22,901.60,,,,"     ",5.30,201.65,2.14
1771,554700245,"01771M09:16:21.127","01771 09:04:11",222.13,901.54,,,,"     ",5.30,200.63,2.13
1771,554700246,"01771M09:16:22.100","01771 09:04:12",222.03,901.54,,,,"     ",5.30,203.67,2.16
1771,554700247,"01771M09:16:23.073","01771 09:04:13",221.92,901.48,,,,"     ",5.30,203.88,2.16
1771,554700248,"01771M09:16:24.047","01771 09:04:14",221.81,901.55,,,,"     ",5.30,203.13,2.15
1771,554700249,"01771M09:16:25.020","01771 09:04:15",221.69,901.56,,,,"     ",5.30,202.61,2.14
1771,554700250,"01771M09:16:25.993","01771 09:04:16",221.57,901.50,,,,"     ",5.30,202.60,2.14
1771,554700251,"01771M09:16:26.966","01771 09:04:17",221.44,901.51,,,,"     ",5.30,201.47,2.13
1771,554700252,"01771M09:16:27.940","01771 09:04:18",221.30,901.49,,,,"     ",5.30,202.83,2.14
1771,554700253,"01771M09:16:28.913","01771 09:04:19",221.14,901.47,,,,"     ",5.30,202.05,2.13
1771,554700254,"01771M09:16:29.886","01771 09:04:20",220.98,901.47,,,,"     ",5.30,202.32,2.14
1771,554700255,"01771M09:16:30.859","01771 09:04:21",220.81,901.47,,,,"     ",5.30,203.30,2.14
1771,554700256,"01771M09:16:31.833","01771 09:04:22",220.63,901.49,,,,"     ",5.30,202.96,2.14
1771,554700257,"01771M09:16:32.806","01771 09:04:23",220.45,901.51,,,,"     ",5.30,203.22,2.14
1771,554700258,"01771M09:16:33.779","01771 09:04:24",220.26,901.42,,,,"     ",5.30,202.67,2.13
1771,554700259,"01771M09:16:34.752","01771 09:04:25",220.66,901.49,,,,"     ",5.30,203.25,2.14
1771,554700260,"01771M09:16:35.726","01771 09:04:26",220.65,901.62,,,,"     ",5.30,202.61,2.13
1771,554700261,"01771M09:16:36.699","01771 09:04:27",220.63,901.50,,,,"     ",5.30,203.96,2.15
1771,554700262,"01771M09:16:37.672","01771 09:04:28",220.61,901.46,,,,"     ",5.30,203.97,2.14
1771,554700263,"01771M09:16:38.645","01771 09:04:29",220.58,901.50,,,,"     ",5.30,203.90,2.14
1771,554700264,"01771M09:16:39.619","01771 09:04:30",220.54,901.54,,,,"     ",5.30,205.17,2.16
1771,554700265,"01771M09:16:40.592","01771 09:04:31",220.49,901.54,,,,"     ",5.30,201.46,2.11
1771,554700266,"01771M09:16:41.565","01771 09:04:32",220.44,901.51,,,,"     ",5.30,204.76,2.15
1771,554700267,"01771M09:16:42.538","01771 09:04:33",220.37,901.44,,,,"     ",5.30,204.69,2.15
1771,554700268,"01771M09:16:43.512","01771 09:04:34",220.30,901.44,,,,"     ",5.30,202.75,2.13
1771,554700269,"01771M09:16:44.485","01771 09:04:35",220.22,901.52,,,,"     ",5.30,204.74,2.15
1771,554700270,"01771M09:16:45.458","01771 09:04:36",220.13,901.39,,,,"     ",5.30,205.14,2.15
1771,554700271,"01771M09:16:46.431","01771 09:04:37",220.03,901.48,,,,"     ",5.30,202.75,2.12
1771,554700272,"01771M09:16:47.405","01771 09:04:38",219.92,901.46,,,,"     ",5.30,202.77,2.12
1771,554700273,"01771M09:16:48.378","01771 09:04:39",219.81,901.53,,,,"     ",5.30,204.84,2.14
1771,554700274,"01771M09:16:49.351","01771 09:04:40",219.72,901.46,,,,"     ",5.30,203.17,2.13
1771,554700275,"01771M09:16:50.324","01771 09:04:41",219.64,901.41,,,,"     ",5.30,204.35,2.14
1771,554700276,"01771M09:16:51.298","01771 09:04:42",219.57,901.45,,,,"     ",5.30,205.29,2.15
1771,554700277,"01771M09:16:52.271","01771 09:04:43",219.50,901.41,,,,"     ",5.30,204.23,2.13
1771,554700278,"01771M09:16:53.244","01771 09:04:43",219.43,901.39,,,,"     ",5.30,205.97,2.15
1771,554700279,"01771M09:16:54.217","01771 09:04:44",219.36,901.45,,,,"     ",5.30,206.62,2.16
1771,554700280,"01771M09:16:55.191","01771 09:04:45",219.28,901.38,,,,"     ",5.30,205.93,2.15
1771,554700281,"01771M09:16:56.164","01771 09:04:46",219.20,901.36,,,,"     ",5.30,203.82,2.13
1771,554700282,"01771M09:16:57.137","01771 09:04:47",219.11,901.35,,,,"     ",5.30,203.84,2.12
1771,554700283,"01771M09:16:58.110","01771 09:04:48",219.03,901.46,,,,"     ",5.30,206.59,2.15
1771,554700284,"01771M09:16:59.084","01771 09:04:49",218.94,901.47,,,,"     ",5.30,204.29,2.13
1771,554700285,"01771M09:17:00.057","01771 09:04:50",218.87,901.48,,,,"     ",5.30,205.57,2.14
1771,554700286,"01771M09:17:01.030","01771 09:04:51",218.81,901.51,,,,"     ",5.30,205.93,2.15
1771,554700287,"01771M09:17:02.003","01771 09:04:52",218.77,901.42,,,,"     ",5.30,207.24,2.16
1771,554700288,"01771M09:17:02.977","01771 09:04:53",218.76,901.45,,,,"     ",5.30,205.07,2.13
1771,554700289,"01771M09:17:03.950","01771 09:04:54",218.77,901.37,,,,"     ",5.30,206.43,2.15
1771,554700290,"01771M09:17:04.923","01771 09:04:55",218.82,901.32,,,,"     ",5.30,205.51,2.14
1771,554700291,"01771M09:17:05.896","01771 09:04:56",218.89,901.39,,,,"     ",5.30,206.15,2.14
1771,554700292,"01771M09:17:06.870","01771 09:04:57",218.98,901.40,,,,"     ",5.30,206.25,2.14
1771,554700293,"01771M09:17:07.843","01771 09:04:58",219.09,901.45,,,,"     ",5.30,205.25,2.13
1771,554700294,"01771M09:17:08.816","01771 09:04:59",219.21,901.44,,,,"     ",5.30,206.06,2.14
1771,554700295,"01771M09:17:09.789","01771 09:05:00",219.33,901.39,,,,"     ",5.30,205.86,2.14
1771,554700296,"01771M09:17:10.763","01771 09:05:01",219.45,901.37,,,,"     ",5.30,205.52,2.13
1771,554700297,"01771M09:17:11.736","01771 09:05:02",219.56,901.35,,,,"     ",5.30,206.03,2.14
1771,554700298,"01771M09:17:12.709","01771 09:05:03",219.66,901.39,,,,"     ",5.30,206.98,2.15
1771,554700299,"01771M09:17:13.682","01771 09:05:04",219.74,901.38,,,,"     ",5.30,205.39,2.13
1771,554700300,"01771M09:17:14.656","01771 09:05:05",219.79,901.39,,,,"     ",5.30,205.36,2.13
1771,554700301,"01771M09:17:15.629","01771 09:05:06",219.81,901.30,,,,"     ",5.30,208.99,2.17
1771,554700302,"01771M09:17:16.602","01771 09:05:07",219.81,901.26,,,,"     ",5.30,205.90,2.13
1771,554700303,"01771M09:17:17.576","01771 09:05:08",219.79,901.31,,,,"     ",5.30,206.96,2.14
1771,554700304,"01771M09:17:18.549","01771 09:05:09",219.76,901.27,,,,"     ",5.30,204.88,2.12
1771,554700305,"01771M09:17:19.522","01771 09:05:10",219.72,901.34,,,,"     ",5.30,205.66,2.13
1771,554700306,"01771M09:17:20.495","01771 09:05:11",219.68,901.36,,,,"     ",5.30,206.69,2.14
1771,554700307,"01771M09:17:21.469","01771 09:05:12",219.64,901.24,,,,"     ",5.30,205.71,2.12
1771,554700308,"01771M09:17:22.442","01771 09:05:13",219.59,901.34,,,,"     ",5.30,205.49,2.12
1771,554700309,"01771M09:17:23.415","01771 09:05:14",219.54,901.34,,,,"     ",5.30,207.79,2.15
1771,554700310,"01771M09:17:24.388","01771 09:05:15",219.48,901.29,,,,"     ",5.30,205.64,2.12
1771,554700311,"01771M09:17:25.362","01771 09:05:16",219.42,901.35,,,,"     ",5.30,204.13,2.11
1771,554700312,"01771M09:17:26.335","01771 09:05:17",219.35,901.36,,,,"     ",5.30,206.54,2.13
1771,554700313,"01771M09:17:27.308","01771 09:05:18",219.30,901.32,,,,"     ",5.30,207.06,2.13
1771,554700314,"01771M09:17:28.281","01771 09:05:19",219.26,901.21,,,,"     ",5.30,206.83,2.13
1771,554700315,"01771M09:17:29.255","01771 09:05:20",219.23,901.31,,,,"     ",5.30,206.86,2.13
1771,554700316,"01771M09:17:30.228","01771 09:05:20",219.21,901.30,,,,"     ",5.30,207.14,2.13
1771,554700317,"01771M09:17:31.201","01771 09:05:21",219.19,901.19,,,,"     ",5.30,208.81,2.15
1771,554700318,"01771M09:17:32.174","01771 09:05:22",219.17,901.26,,,,"     ",5.30,206.05,2.12
1771,554700319,"01771M09:17:33.148","01771 09:05:23",219.15,901.27,,,,"     ",5.30,208.43,2.14
1771,554700320,"01771M09:17:34.121","01771 09:05:24",219.12,901.20,,,,"     ",5.30,207.27,2.13
1771,554700321,"01771M09:17:35.094","01771 09:05:25",219.07,901.24,,,,"     ",5.30,206.04,2.12
1771,554700322,"01771M09:17:36.067","01771 09:05:26",219.03,901.30,,,,"     ",5.30,207.43,2.13
1771,554700323,"01771M09:17:37.041","01771 09:05:27",218.98,901.30,,,,"     ",5.30,208.35,2.14
1771,554700324,"01771M09:17:38.014","01771 09:05:28",218.92,901.29,,,,"     ",5.30,209.27,2.15
1771,554700325,"01771M09:17:38.987","01771 09:05:29",218.88,901.27,,,,"     ",5.30,204.86,2.10
1771,554700326,"01771M09:17:39.960","01771 09:05:30",218.85,901.27,,,,"     ",5.30,206.30,2.12
1771,554700327,"01771M09:17:40.934","01771 09:05:31",218.83,901.24,,,,"     ",5.30,208.07,2.13
1771,554700328,"01771M09:17:41.907","01771 09:05:32",218.82,901.21,,,,"     ",5.30,207.80,2.13
1771,554700329,"01771M09:17:42.880","01771 09:05:33",218.81,901.22,,,,"     ",5.30,208.32,2.14
1771,554700330,"01771M09:17:43.853","01771 09:05:34",218.79,901.17,,,,"     ",5.30,208.47,2.14
1771,554700331,"01771M09:17:44.827","01771 09:05:35",218.77,901.15,,,,"     ",5.30,209.25,2.14
1771,554700332,"01771M09:17:45.800","01771 09:05:36",218.75,901.13,,,,"     ",5.30,209.17,2.14
1771,554700333,"01771M09:17:46.773","01771 09:05:37",218.72,901.15,,,,"     ",5.30,206.29,2.11
1771,554700334,"01771M09:17:47.746","01771 09:05:38",218.68,901.23,,,,"     ",5.30,207.62,2.12
1771,554700335,"01771M09:17:48.720","01771 09:05:39",218.65,901.21,,,,"     ",5.30,207.39,2.12
1771,554700336,"01771M09:17:49.693","01771 09:05:40",218.60,901.26,,,,"     ",5.30,207.39,2.12
1771,554700337,"01771M09:17:50.666","01771 09:05:41",218.57,901.25,,,,"     ",5.30,207.70,2.12
1771,554700338,"01771M09:17:51.639","01771 09:05:42",218.53,901.21,,,,"     ",5.30,208.60,2.13
1771,554700339,"01771M09:17:52.613","01771 09:05:43",218.51,901.24,,,,"     ",5.30,208.54,2.13
1771,554700340,"01771M09:17:53.586","01771 09:05:44",218.50,901.13,,,,"     ",5.30,209.41,2.14
1771,554700341,"01771M09:17:54.559","01771 09:05:45",218.49,901.26,,,,"     ",5.30,208.82,2.13
1771,554700342,"01771M09:17:55.532","01771 09:05:46",218.51,901.23,,,,"     ",5.30,209.14,2.13
1771,554700343,"01771M09:17:56.506","01771 09:05:47",218.55,901.17,,,,"     ",5.30,206.86,2.11
1771,554700344,"01771M09:17:57.479","01771 09:05:48",218.62,901.19,,,,"     ",5.30,210.04,2.14
1771,554700345,"01771M09:17:58.452","01771 09:05:49",218.69,901.13,,,,"     ",5.30,210.77,2.15
1771,554700346,"01771M09:17:59.425","01771 09:05:50",218.76,901.19,,,,"     ",5.30,209.34,2.13
1771,554700347,"01771M09:18:00.399","01771 09:05:51",218.82,901.10,,,,"     ",5.30,210.39,2.14
1771,554700348,"01771M09:18:01.372","01771 09:05:52",218.88,901.04,,,,"     ",5.30,209.49,2.13
1771,554700349,"01771M09:18:02.345","01771 09:05:53",218.91,901.13,,,,"     ",5.30,208.34,2.12
1771,554700350,"01771M09:18:03.318","01771 09:05:54",218.94,901.13,,,,"     ",5.30,208.39,2.12
1771,554700351,"01771M09:18:04.292","01771 09:05:55",218.95,901.13,,,,"     ",5.30,209.23,2.13
1771,554700352,"01771M09:18:05.265","01771 09:05:56",218.95,901.13,,,,"     ",5.30,208.52,2.12
1771,554700353,"01771M09:18:06.238","01771 09:05:57",218.96,901.15,,,,"     ",5.30,209.24,2.13
1771,554700354,"01771M09:18:07.211","01771 09:05:57",218.96,901.15,,,,"     ",5.30,209.74,2.13
1771,554700355,"01771M09:18:08.185","01771 09:05:58",218.98,901.15,,,,"     ",5.30,206.99,2.10
1771,554700356,"01771M09:18:09.158","01771 09:05:59",218.99,901.17,,,,"     ",5.30,209.16,2.13
1771,554700357,"01771M09:18:10.131","01771 09:06:00",219.01,901.16,,,,"     ",5.30,208.76,2.12
1771,554700358,"01771M09:18:11.104","01771 09:06:01",219.04,901.12,,,,"     ",5.30,208.49,2.12
1771,554700359,"01771M09:18:12.078","01771 09:06:02",219.08,901.12,,,,"     ",5.30,208.49,2.12
1771,554700360,"01771M09:18:13.051","01771 09:06:03",219.13,901.03,,,,"     ",5.30,207.91,2.11
1771,554700361,"01771M09:18:14.024","01771 09:06:04",219.18,901.12,,,,"     ",5.30,208.71,2.12
1771,554700362,"01771M09:18:14.997","01771 09:06:05",219.24,901.01,,,,"     ",5.30,208.76,2.12
1771,554700363,"01771M09:18:15.971","01771 09:06:06",219.28,901.08,,,,"     ",5.30,210.30,2.13
1771,554700364,"01771M09:18:16.944","01771 09:06:07",219.30,901.13,,,,"     ",5.30,208.67,2.12
1771,554700365,"01771M09:18:17.917","01771 09:06:08",219.31,901.11,,,,"     ",5.30,208.83,2.12
1771,554700366,"01771M09:18:18.890","01771 09:06:09",219.30,901.15,,,,"     ",5.30,211.26,2.14
1771,554700367,"01771M09:18:19.864","01771 09:06:10",219.25,901.16,,,,"     ",5.30,209.61,2.12
1771,554700368,"01771M09:18:20.837","01771 09:06:11",219.19,901.14,,,,"     ",5.30,211.89,2.15
1771,554700369,"01771M09:18:21.810","01771 09:06:12",219.12,901.10,,,,"     ",5.30,210.53,2.13
1771,554700370,"01771M09:18:22.783","01771 09:06:13",219.04,901.06,,,,"     ",5.30,208.92,2.11
1771,554700371,"01771M09:18:23.757","01771 09:06:14",218.96,901.06,,,,"     ",5.30,212.06,2.15
1771,554700372,"01771M09:18:24.730","01771 09:06:15",218.89,901.07,,,,"     ",5.30,211.98,2.14
1771,554700373,"01771M09:18:25.703","01771 09:06:16",218.84,901.05,,,,"     ",5.30,210.56,2.13
1771,554700374,"01771M09:18:26.677","01771 09:06:17",218.81,901.06,,,,"     ",5.30,209.95,2.12
1771,554700375,"01771M09:18:27.650","01771 09:06:18",218.80,901.12,,,,"     ",5.30,209.69,2.12
1771,554700376,"01771M09:18:28.623","01771 09:06:19",218.80,901.13,,,,"     ",5.30,208.23,2.10
1771,554700377,"01771M09:18:29.596","01771 09:06:20",218.81,901.16,,,,"     ",5.30,207.33,2.09
1771,554700378,"01771M09:18:30.570","01771 09:06:21",218.83,901.06,,,,"     ",5.30,210.84,2.13
1771,554700379,"01771M09:18:31.543","01771 09:06:22",218.85,901.14,,,,"     ",5.30,210.54,2.13
1771,554700380,"01771M09:18:32.516","01771 09:06:23",218.88,901.00,,,,"     ",5.30,210.94,2.13
1771,554700381,"01771M09:18:33.489","01771 09:06:24",218.91,901.06,,,,"     ",5.30,211.42,2.13
1771,554700382,"01771M09:18:34.463","01771 09:06:25",218.93,901.06,,,,"     ",5.30,210.66,2.13
1771,554700383,"01771M09:18:35.436","01771 09:06:26",218.95,901.12,,,,"     ",5.30,210.87,2.13
1771,554700384,"01771M09:18:36.409","01771 09:06:27",218.96,901.10,,,,"     ",5.30,210.10,2.12
1771,554700385,"01771M09:18:37.382","01771 09:06:28",218.96,901.05,,,,"     ",5.30,210.70,2.12
1771,554700386,"01771M09:18:38.356","01771 09:06:29",218.98,901.10,,,,"     ",5.30,211.21,2.13
1771,554700387,"01771M09:18:39.329","01771 09:06:30",219.02,901.10,,,,"     ",5.30,210.27,2.12
1771,554700388,"01771M09:18:40.302","01771 09:06:31",219.07,901.05,,,,"     ",5.30,211.81,2.13
1771,554700389,"01771M09:18:41.275","01771 09:06:32",219.16,901.03,,,,"     ",5.30,211.63,2.13
1771,554700390,"01771M09:18:42.249","01771 09:06:33",219.28,900.97,,,,"     ",5.30,211.90,2.13
1771,554700391,"01771M09:18:43.222","01771 09:06:34",219.42,900.97,,,,"     ",5.30,212.13,2.14
1771,554700392,"01771M09:18:44.195","01771 09:06:34",219.56,901.01,,,,"     ",5.30,211.69,2.13
1771,554700393,"01771M09:18:45.168","01771 09:06:35",219.70,901.02,,,,"     ",5.30,211.76,2.13
1771,554700394,"01771M09:18:46.142","01771 09:06:36",219.83,900.98,,,,"     ",5.30,213.34,2.15
1771,554700395,"01771M09:18:47.115","01771 09:06:37",219.94,900.91,,,,"     ",5.30,213.66,2.15
1771,554700396,"01771M09:18:48.088","01771 09:06:38",220.04,900.95,,,,"     ",5.30,213.37,2.14
1771,554700397,"01771M09:18:49.061","01771 09:06:39",220.12,900.94,,,,"     ",5.30,211.29,2.12
1771,554700398,"01771M09:18:50.035","01771 09:06:40",220.18,900.96,,,,"     ",5.30,212.03,2.13
1771,554700399,"01771M09:18:51.008","01771 09:06:41",220.24,901.03,,,,"     ",5.30,213.84,2.15
1771,554700400,"01771M09:18:51.981","01771 09:06:42",220.29,901.10,,,,"     ",5.30,212.00,2.13
1771,554700401,"01771M09:18:52.954","01771 09:06:43",220.34,900.99,,,,"     ",5.30,212.27,2.13
1771,554700402,"01771M09:18:53.928","01771 09:06:44",220.38,901.07,,,,"     ",5.30,213.41,2.14
1771,554700403,"01771M09:18:54.901","01771 09:06:45",220.42,900.99,,,,"     ",5.30,212.20,2.13
1771,554700404,"01771M09:18:55.874","01771 09:06:46",220.46,900.99,,,,"     ",5.30,211.03,2.11
1771,554700405,"01771M09:18:56.847","01771 09:06:47",220.51,901.05,,,,"     ",5.30,211.99,2.12
1771,554700406,"01771M09:18:57.821","01771 09:06:48",220.58,901.03,,,,"     ",5.30,213.38,2.14
1771,554700407,"01771M09:18:58.794","01771 09:06:49",220.66,901.02,,,,"     ",5.30,208.57,2.08
1771,554700408,"01771M09:18:59.767","01771 09:06:50",220.73,900.99,,,,"     ",5.30,213.50,2.14
1771,554700409,"01771M09:19:00.740","01771 09:06:51",220.81,901.04,,,,"     ",5.30,213.15,2.13
1771,554700410,"01771M09:19:01.714","01771 09:06:52",220.87,900.98,,,,"     ",5.30,211.10,2.11
1771,554700411,"01771M09:19:02.687","01771 09:06:53",220.92,900.93,,,,"     ",5.30,215.57,2.15
1771,554700412,"01771M09:19:03.660","01771 09:06:54",220.97,900.91,,,,"     ",5.30,212.78,2.12
1771,554700413,"01771M09:19:04.633","01771 09:06:55",221.03,900.84,,,,"     ",5.30,210.92,2.10
1771,554700414,"01771M09:19:05.607","01771 09:06:56",221.09,900.87,,,,"     ",5.30,213.24,2.13
1771,554700415,"01771M09:19:06.580","01771 09:06:57",221.17,900.87,,,,"     ",5.30,211.84,2.11
1771,554700416,"01771M09:19:07.553","01771 09:06:58",221.26,900.93,,,,"     ",5.30,213.87,2.13
1771,554700417,"01771M09:19:08.526","01771 09:06:59",221.37,901.01,,,,"     ",5.30,213.68,2.13
1771,554700418,"01771M09:19:09.500","01771 09:07:00",221.48,901.02,,,,"     ",5.30,211.52,2.11
1771,554700419,"01771M09:19:10.473","01771 09:07:01",221.59,900.95,,,,"     ",5.30,213.84,2.13
1771,554700420,"01771M09:19:11.446","01771 09:07:02",221.71,900.90,,,,"     ",5.30,211.85,2.11
1771,554700421,"01771M09:19:12.419","01771 09:07:03",221.83,900.92,,,,"     ",5.30,214.31,2.13
1771,554700422,"01771M09:19:13.393","01771 09:07:04",221.94,900.92,,,,"     ",5.30,212.33,2.11
1771,554700423,"01771M09:19:14.366","01771 09:07:05",222.05,900.92,,,,"     ",5.30,212.79,2.11
1771,554700424,"01771M09:19:15.339","01771 09:07:06",222.14,900.93,,,,"     ",5.30,213.98,2.13
1771,554700425,"01771M09:19:16.312","01771 09:07:07",222.22,900.94,,,,"     ",5.30,212.95,2.11
1771,554700426,"01771M09:19:17.286","01771 09:07:08",222.27,900.84,,,,"     ",5.30,213.77,2.12
1771,554700427,"01771M09:19:18.259","01771 09:07:09",222.29,900.83,,,,"     ",5.30,212.08,2.10
1771,554700428,"01771M09:19:19.232","01771 09:07:10",222.30,900.88,,,,"     ",5.30,213.86,2.12
1771,554700429,"01771M09:19:20.205","01771 09:07:10",222.30,900.97,,,,"     ",5.30,212.56,2.11
1771,554700430,"01771M09:19:21.179","01771 09:07:11",222.31,900.87,,,,"     ",5.30,213.45,2.11
1771,554700431,"01771M09:19:22.152","01771 09:07:12",222.31,900.92,,,,"     ",5.30,213.91,2.12
1771,554700432,"01771M09:19:23.125","01771 09:07:13",222.31,900.85,,,,"     ",5.30,214.90,2.13
1771,554700433,"01771M09:19:24.098","01771 09:07:14",222.31,900.92,,,,"     ",5.30,213.89,2.12
1771,554700434,"01771M09:19:25.072","01771 09:07:15",222.31,900.84,,,,"     ",5.30,212.58,2.10
1771,554700435,"01771M09:19:26.045","01771 09:07:16",222.29,900.87,,,,"     ",5.30,215.35,2.13
1771,554700436,"01771M09:19:27.018","01771 09:07:17",222.27,900.93,,,,"     ",5.30,213.96,2.11
1771,554700437,"01771M09:19:27.991","01771 09:07:18",222.25,900.86,,,,"     ",5.30,214.54,2.12
1771,554700438,"01771M09:19:28.965","01771 09:07:19",222.23,900.90,,,,"     ",5.30,214.30,2.12
1771,554700439,"01771M09:19:29.938","01771 09:07:20",222.21,900.91,,,,"     ",5.30,213.07,2.10
1771,554700440,"01771M09:19:30.911","01771 09:07:21",222.18,900.92,,,,"     ",5.30,215.08,2.12
1771,554700441,"01771M09:19:31.884","01771 09:07:22",222.16,900.92,,,,"     ",5.30,216.00,2.13
1771,554700442,"01771M09:19:32.858","01771 09:07:23",222.13,900.92,,,,"     ",5.30,213.54,2.10
1771,554700443,"01771M09:19:33.831","01771 09:07:24",222.09,900.90,,,,"     ",5.30,214.58,2.11
1771,554700444,"01771M09:19:34.804","01771 09:07:25",222.07,900.89,,,,"     ",5.30,215.59,2.12
1771,554700445,"01771M09:19:35.778","01771 09:07:26",222.06,900.90,,,,"     ",5.30,215.21,2.12
1771,554700446,"01771M09:19:36.751","01771 09:07:27",222.07,900.85,,,,"     ",5.30,215.67,2.12
1771,554700447,"01771M09:19:37.724","01771 09:07:28",222.11,900.91,,,,"     ",5.30,214.41,2.11
1771,554700448,"01771M09:19:38.697","01771 09:07:29",222.19,900.86,,,,"     ",5.30,214.91,2.11
1771,554700449,"01771M09:19:39.671","01771 09:07:30",222.30,900.80,,,,"     ",5.30,214.07,2.10
1771,554700450,"01771M09:19:40.644","01771 09:07:31",222.43,900.86,,,,"     ",5.30,214.46,2.11
1771,554700451,"01771M09:19:41.617","01771 09:07:32",222.57,900.84,,,,"     ",5.30,215.00,2.11
1771,554700452,"01771M09:19:42.590","01771 09:07:33",222.72,900.78,,,,"     ",5.30,214.11,2.10
1771,554700453,"01771M09:19:43.564","01771 09:07:34",222.85,900.89,,,,"     ",5.30,217.45,2.13
1771,554700454,"01771M09:19:44.537","01771 09:07:35",222.98,900.94,,,,"     ",5.30,214.78,2.11
1771,554700455,"01771M09:19:45.510","01771 09:07:36",223.08,900.78,,,,"     ",5.30,215.77,2.12
1771,554700456,"01771M09:19:46.483","01771 09:07:37",223.18,900.77,,,,"     ",5.30,213.73,2.09
1771,554700457,"01771M09:19:47.457","01771 09:07:38",223.25,900.75,,,,"     ",5.30,215.91,2.11
1771,554700458,"01771M09:19:48.430","01771 09:07:39",223.32,900.80,,,,"     ",5.30,213.32,2.09
1771,554700459,"01771M09:19:49.403","01771 09:07:40",223.38,900.78,,,,"     ",5.30,217.27,2.13
1771,554700460,"01771M09:19:50.376","01771 09:07:41",223.41,900.86,,,,"     ",5.30,214.50,2.10
1771,554700461,"01771M09:19:51.350","01771 09:07:42",223.42,900.83,,,,"     ",5.30,213.97,2.09
1771,554700462,"01771M09:19:52.323","01771 09:07:43",223.40,900.83,,,,"     ",5.30,216.60,2.12
1771,554700463,"01771M09:19:53.296","01771 09:07:44",223.36,900.79,,,,"     ",5.30,216.31,2.11
1771,554700464,"01771M09:19:54.269","01771 09:07:45",223.32,900.78,,,,"     ",5.30,215.13,2.10
1771,554700465,"01771M09:19:55.243","01771 09:07:46",223.28,900.81,,,,"     ",5.30,217.12,2.12
1771,554700466,"01771M09:19:56.216","01771 09:07:47",223.25,900.79,,,,"     ",5.30,219.15,2.14
1771,554700467,"01771M09:19:57.189","01771 09:07:47",223.24,900.79,,,,"     ",5.30,217.23,2.12
1771,554700468,"01771M09:19:58.162","01771 09:07:48",223.22,900.75,,,,"     ",5.30,216.51,2.11
1771,554700469,"01771M09:19:59.136","01771 09:07:49",223.22,900.76,,,,"     ",5.30,218.77,2.13
1771,554700470,"01771M09:20:00.109","01771 09:07:50",223.21,900.78,,,,"     ",5.30,217.15,2.12
1771,554700471,"01771M09:20:01.082","01771 09:07:51",223.20,900.79,,,,"     ",5.30,216.54,2.11
1771,554700472,"01771M09:20:02.055","01771 09:07:52",223.18,900.85,,,,"     ",5.30,216.91,2.11
1771,554700473,"01771M09:20:03.029","01771 09:07:53",223.15,900.73,,,,"     ",5.30,216.86,2.11
1771,554700474,"01771M09:20:04.002","01771 09:07:54",223.12,900.76,,,,"     ",5.30,215.92,2.10
1771,554700475,"01771M09:20:04.975","01771 09:07:55",223.09,900.85,,,,"     ",5.30,216.79,2.11
1771,554700476,"01771M09:20:05.948","01771 09:07:56",223.06,900.76,,,,"     ",5.30,217.21,2.11
1771,554700477,"01771M09:20:06.922","01771 09:07:57",223.01,900.82,,,,"     ",5.30,215.59,2.09
1771,554700478,"01771M09:20:07.895","01771 09:07:58",222.96,900.71,,,,"     ",5.30,216.27,2.10
1771,554700479,"01771M09:20:08.868","01771 09:07:59",222.87,900.79,,,,"     ",5.30,217.05,2.11
1771,554700480,"01771M09:20:09.841","01771 09:08:00",222.77,900.69,,,,"     ",5.30,216.76,2.10
1771,554700481,"01771M09:20:10.815","01771 09:08:01",222.64,900.80,,,,"     ",5.30,216.02,2.09
1771,554700482,"01771M09:20:11.788","01771 09:08:02",222.52,900.67,,,,"     ",5.30,216.95,2.10
1771,554700483,"01771M09:20:12.761","01771 09:08:03",222.41,900.63,,,,"     ",5.30,216.76,2.10
1771,554700484,"01771M09:20:13.734","01771 09:08:04",222.33,900.76,,,,"     ",5.30,217.80,2.11
1771,554700485,"01771M09:20:14.708","01771 09:08:05",222.26,900.70,,,,"     ",5.30,218.48,2.12
1771,554700486,"01771M09:20:15.681","01771 09:08:06",222.20,900.67,,,,"     ",5.30,216.92,2.10
1771,554700487,"01771M09:20:16.654","01771 09:08:07",222.15,900.76,,,,"     ",5.30,217.84,2.11
1771,554700488,"01771M09:20:17.627","01771 09:08:08",222.11,900.68,,,,"     ",5.30,216.91,2.10
1771,554700489,"01771M09:20:18.601","01771 09:08:09",222.07,900.73,,,,"     ",5.30,216.69,2.10
1771,554700490,"01771M09:20:19.574","01771 09:08:10",222.04,900.78,,,,"     ",5.30,216.70,2.10
1771,554700491,"01771M09:20:20.547","01771 09:08:11",222.00,900.86,,,,"     ",5.30,213.95,2.07
1771,554700492,"01771M09:20:21.520","01771 09:08:12",221.97,900.80,,,,"     ",5.30,217.67,2.11
1771,554700493,"01771M09:20:22.494","01771 09:08:13",221.95,900.81,,,,"     ",5.30,216.90,2.10
1771,554700494,"01771M09:20:23.467","01771 09:08:14",221.92,900.75,,,,"     ",5.30,218.24,2.11
1771,554700495,"01771M09:20:24.440","01771 09:08:15",221.88,900.74,,,,"     ",5.30,217.29,2.10
1771,554700496,"01771M09:20:25.413","01771 09:08:16",221.84,900.70,,,,"     ",5.30,217.72,2.10
1771,554700497,"01771M09:20:26.387","01771 09:08:17",221.79,900.69,,,,"     ",5.30,218.39,2.11
1771,554700498,"01771M09:20:27.360","01771 09:08:18",221.74,900.71,,,,"     ",5.30,217.92,2.11
1771,554700499,"01771M09:20:28.333","01771 09:08:19",221.68,900.66,,,,"     ",5.30,217.41,2.10
1771,554700500,"01771M09:20:29.306","01771 09:08:20",221.64,900.68,,,,"     ",5.30,217.20,2.10
1771,554700501,"01771M09:20:30.280","01771 09:08:21",221.60,900.68,,,,"     ",5.30,218.70,2.11
1771,554700502,"01771M09:20:31.253","01771 09:08:22",221.57,900.65,,,,"     ",5.30,218.40,2.11
1771,554700503,"01771M09:20:32.226","01771 09:08:23",221.54,900.71,,,,"     ",5.30,216.57,2.09
1771,554700504,"01771M09:20:33.199","01771 09:08:24",221.52,900.71,,,,"     ",5.30,218.32,2.11
1771,554700505,"01771M09:20:34.173","01771 09:08:24",221.48,900.66,,,,"     ",5.30,216.99,2.09
1771,554700506,"01771M09:20:35.146","01771 09:08:25",221.43,900.69,,,,"     ",5.30,216.44,2.09
1771,554700507,"01771M09:20:36.119","01771 09:08:26",221.37,900.73,,,,"     ",5.30,213.91,2.06
1771,554700508,"01771M09:20:37.092","01771 09:08:27",221.30,900.65,,,,"     ",5.30,217.66,2.10
1771,554700509,"01771M09:20:38.066","01771 09:08:28",221.24,900.63,,,,"     ",5.30,219.63,2.12
1771,554700510,"01771M09:20:39.039","01771 09:08:29",221.18,900.60,,,,"     ",5.30,217.24,2.10
1771,554700511,"01771M09:20:40.012","01771 09:08:30",221.12,900.54,,,,"     ",5.30,217.98,2.10
1771,554700512,"01771M09:20:40.985","01771 09:08:31",221.07,900.53,,,,"     ",5.30,219.48,2.12
1771,554700513,"01771M09:20:41.959","01771 09:08:32",221.01,900.58,,,,"     ",5.30,218.40,2.11
1771,554700514,"01771M09:20:42.932","01771 09:08:33",220.94,900.57,,,,"     ",5.30,215.94,2.08
1771,554700515,"01771M09:20:43.905","01771 09:08:34",220.87,900.60,,,,"     ",5.30,218.49,2.11
1771,554700516,"01771M09:20:44.879","01771 09:08:35",220.80,900.55,,,,"     ",5.30,217.15,2.10
1771,554700517,"01771M09:20:45.852","01771 09:08:36",220.74,900.64,,,,"     ",5.30,217.02,2.09
1771,554700518,"01771M09:20:46.825","01771 09:08:37",220.70,900.68,,,,"     ",5.30,218.69,2.11
1771,554700519,"01771M09:20:47.798","01771 09:08:38",220.67,900.64,,,,"     ",5.30,219.72,2.12
1771,554700520,"01771M09:20:48.772","01771 09:08:39",220.65,900.59,,,,"     ",5.30,220.01,2.13
1771,554700521,"01771M09:20:49.745","01771 09:08:40",220.63,900.64,,,,"     ",5.30,219.45,2.12
1771,554700522,"01771M09:20:50.718","01771 09:08:41",220.61,900.63,,,,"     ",5.30,218.88,2.12
1771,554700523,"01771M09:20:51.691","01771 09:08:42",220.60,900.63,,,,"     ",5.30,219.13,2.12
1771,554700524,"01771M09:20:52.665","01771 09:08:43",220.59,900.53,,,,"     ",5.30,218.20,2.11
1771,554700525,"01771M09:20:53.638","01771 09:08:44",220.59,900.68,,,,"     ",5.30,216.84,2.10
1771,554700526,"01771M09:20:54.611","01771 09:08:45",220.60,900.59,,,,"     ",5.30,218.39,2.11
1771,554700527,"01771M09:20:55.584","01771 09:08:46",220.61,900.63,,,,"     ",5.30,215.96,2.09
1771,554700528,"01771M09:20:56.558","01771 09:08:47",220.63,900.71,,,,"     ",5.30,217.37,2.10
1771,554700529,"01771M09:20:57.531","01771 09:08:48",220.66,900.71,,,,"     ",5.30,215.02,2.08
1771,554700530,"01771M09:20:58.504","01771 09:08:49",220.61,900.67,,,,"     ",5.30,217.39,2.11
1771,554700531,"01771M09:20:59.477","01771 09:08:50",220.53,900.51,,,,"     ",5.30,219.96,2.13
1771,554700532,"01771M09:21:00.451","01771 09:08:51",220.46,900.60,,,,"     ",5.30,215.94,2.09
1771,554700533,"01771M09:21:01.424","01771 09:08:52",220.41,900.60,,,,"     ",5.30,219.19,2.12
1771,554700534,"01771M09:21:02.397","01771 09:08:53",220.38,900.62,,,,"     ",5.30,215.16,2.09
1771,554700535,"01771M09:21:03.370","01771 09:08:54",220.36,900.51,,,,"     ",5.30,218.11,2.12
1771,554700536,"01771M09:21:04.344","01771 09:08:55",220.37,900.59,,,,"     ",5.30,216.99,2.10
1771,554700537,"01771M09:21:05.317","01771 09:08:56",220.38,900.51,,,,"     ",5.30,218.12,2.12
1771,554700538,"01771M09:21:06.290","01771 09:08:57",220.41,900.47,,,,"     ",5.30,218.80,2.12
1771,554700539,"01771M09:21:07.263","01771 09:08:58",220.43,900.43,,,,"     ",5.30,217.45,2.11
1771,554700540,"01771M09:21:08.237","01771 09:08:59",220.45,900.50,,,,"     ",5.30,218.44,2.12
1771,554700541,"01771M09:21:09.210","01771 09:09:00",220.46,900.58,,,,"     ",5.30,217.16,2.11
1771,554700542,"01771M09:21:10.183","01771 09:09:00",220.46,900.56,,,,"     ",5.30,218.62,2.12
1771,554700543,"01771M09:21:11.156","01771 09:09:01",220.47,900.48,,,,"     ",5.30,218.45,2.12
1771,554700544,"01771M09:21:12.130","01771 09:09:02",220.46,900.46,,,,"     ",5.30,217.10,2.11
1771,554700545,"01771M09:21:13.103","01771 09:09:03",220.45,900.46,,,,"     ",5.30,216.70,2.11
1771,554700546,"01771M09:21:14.076","01771 09:09:04",220.44,900.38,,,,"     ",5.30,218.01,2.12
1771,554700547,"01771M09:21:15.049","01771 09:09:05",220.42,900.39,,,,"     ",5.30,219.37,2.13
1771,554700548,"01771M09:21:16.023","01771 09:09:06",220.40,900.50,,,,"     ",5.30,218.58,2.13
1771,554700549,"01771M09:21:16.996","01771 09:09:07",220.39,900.55,,,,"     ",5.30,217.24,2.11
1771,554700550,"01771M09:21:17.969","01771 09:09:08",220.38,900.50,,,,"     ",5.30,217.29,2.11
1771,554700551,"01771M09:21:18.942","01771 09:09:09",220.37,900.46,,,,"     ",5.30,217.01,2.11
1771,554700552,"01771M09:21:19.916","01771 09:09:10",220.38,900.55,,,,"     ",5.30,213.93,2.08
1771,554700553,"01771M09:21:20.889","01771 09:09:11",220.38,900.48,,,,"     ",5.30,217.03,2.11
1771,554700554,"01771M09:21:21.862","01771 09:09:12",220.38,900.53,,,,"     ",5.30,217.28,2.12
1771,554700555,"01771M09:21:22.835","01771 09:09:13",220.40,900.48,,,,"     ",5.30,215.27,2.10
1771,554700556,"01771M09:21:23.809","01771 09:09:14",220.40,900.44,,,,"     ",5.30,218.31,2.13
1771,554700557,"01771M09:21:24.782","01771 09:09:15",220.41,900.45,,,,"     ",5.30,217.10,2.11
1771,554700558,"01771M09:21:25.755","01771 09:09:16",220.43,900.46,,,,"     ",5.30,217.31,2.12
1771,554700559,"01771M09:21:26.728","01771 09:09:17",220.44,900.48,,,,"     ",5.30,218.12,2.13
1771,554700560,"01771M09:21:27.702","01771 09:09:18",220.47,900.47,,,,"     ",5.30,217.00,2.11
1771,554700561,"01771M09:21:28.675","01771 09:09:19",220.49,900.46,,,,"     ",5.30,216.90,2.11
1771,554700562,"01771M09:21:29.648","01771 09:09:20",220.52,900.44,,,,"     ",5.30,215.93,2.10
1771,554700563,"01771M09:21:30.621","01771 09:09:21",220.55,900.45,,,,"     ",5.30,217.63,2.12
1771,554700564,"01771M09:21:31.595","01771 09:09:22",220.58,900.50,,,,"     ",5.30,216.53,2.11
1771,554700565,"01771M09:21:32.568","01771 09:09:23",220.62,900.47,,,,"     ",5.30,217.33,2.12
1771,554700566,"01771M09:21:33.541","01771 09:09:24",220.66,900.43,,,,"     ",5.30,217.41,2.12
1771,554700567,"01771M09:21:34.514","01771 09:09:25",220.01,900.47,,,,"     ",5.30,220.06,2.15
1771,554700568,"01771M09:21:35.488","01771 09:09:26",220.17,900.51,,,,"     ",5.30,216.91,2.12
1771,554700569,"01771M09:21:36.461","01771 09:09:27",220.32,900.43,,,,"     ",5.30,216.73,2.11
1771,554700570,"01771M09:21:37.434","01771 09:09:28",220.48,900.37,,,,"     ",5.30,219.01,2.14
1771,554700571,"01771M09:21:38.407","01771 09:09:29",220.63,900.39,,,,"     ",5.30,217.89,2.13
1771,554700572,"01771M09:21:39.381","01771 09:09:30",220.78,900.34,,,,"     ",5.30,216.92,2.12
1771,554700573,"01771M09:21:40.354","01771 09:09:31",220.93,900.31,,,,"     ",5.30,217.57,2.12
1771,554700574,"01771M09:21:41.327","01771 09:09:32",221.08,900.40,,,,"     ",5.30,219.12,2.14
1771,554700575,"01771M09:21:42.300","01771 09:09:33",221.22,900.35,,,,"     ",5.30,218.35,2.13
1771,554700576,"01771M09:21:43.274","01771 09:09:34",221.36,900.36,,,,"     ",5.30,217.37,2.12
1771,554700577,"01771M09:21:44.247","01771 09:09:35",221.50,900.34,,,,"     ",5.30,217.45,2.12
1771,554700578,"01771M09:21:45.220","01771 09:09:36",221.64,900.33,,,,"     ",5.30,216.44,2.11
1771,554700579,"01771M09:21:46.193","01771 09:09:37",221.77,900.38,,,,"     ",5.30,219.14,2.14
1771,554700580,"01771M09:21:47.167","01771 09:09:37",221.91,900.34,,,,"     ",5.30,218.24,2.13
1771,554700581,"01771M09:21:48.140","01771 09:09:38",222.00,900.39,,,,"     ",5.30,215.97,2.10
1771,554700582,"01771M09:21:49.113","01771 09:09:39",222.06,900.36,,,,"     ",5.30,216.88,2.11
1771,554700583,"01771M09:21:50.086","01771 09:09:40",222.11,900.28,,,,"     ",5.30,218.78,2.13
1771,554700584,"01771M09:21:51.060","01771 09:09:41",222.14,900.28,,,,"     ",5.30,218.86,2.13
1771,554700585,"01771M09:21:52.033","01771 09:09:42",222.16,900.34,,,,"     ",5.30,216.54,2.11
1771,554700586,"01771M09:21:53.006","01771 09:09:43",222.17,900.34,,,,"     ",5.30,218.62,2.13
1771,554700587,"01771M09:21:53.979","01771 09:09:44",222.18,900.34,,,,"     ",5.30,220.19,2.14
1771,554700588,"01771M09:21:54.953","01771 09:09:45",222.20,900.38,,,,"     ",5.30,216.83,2.11
1771,554700589,"01771M09:21:55.926","01771 09:09:46",222.23,900.32,,,,"     ",5.30,218.46,2.12
1771,554700590,"01771M09:21:56.899","01771 09:09:47",222.28,900.37,,,,"     ",5.30,217.94,2.12
1771,554700591,"01771M09:21:57.873","01771 09:09:48",222.32,900.37,,,,"     ",5.30,219.78,2.14
1771,554700592,"01771M09:21:58.846","01771 09:09:49",222.36,900.31,,,,"     ",5.30,219.08,2.13
1771,554700593,"01771M09:21:59.819","01771 09:09:50",222.39,900.31,,,,"     ",5.30,220.27,2.14
1771,554700594,"01771M09:22:00.792","01771 09:09:51",222.41,900.41,,,,"     ",5.30,218.06,2.12
1771,554700595,"01771M09:22:01.766","01771 09:09:52",222.42,900.38,,,,"     ",5.30,219.73,2.13
1771,554700596,"01771M09:22:02.739","01771 09:09:53",222.42,900.31,,,,"     ",5.30,219.38,2.13
1771,554700597,"01771M09:22:03.712","01771 09:09:54",222.42,900.32,,,,"     ",5.30,221.40,2.15
1771,554700598,"01771M09:22:04.685","01771 09:09:55",222.41,900.33,,,,"     ",5.30,217.82,2.11
1771,554700599,"01771M09:22:05.659","01771 09:09:56",222.39,900.31,,,,"     ",5.30,218.51,2.12
1771,554700600,"01771M09:22:06.632","01771 09:09:57",222.35,900.33,,,,"     ",5.30,218.82,2.12
1771,554700601,"01771M09:22:07.605","01771 09:09:58",222.30,900.32,,,,"     ",5.30,217.95,2.11
1771,554700602,"01771M09:22:08.578","01771 09:09:59",222.25,900.35,,,,"     ",5.30,218.45,2.11
1771,554700603,"01771M09:22:09.552","01771 09:10:00",222.19,900.33,,,,"     ",5.30,218.42,2.11
1771,554700604,"01771M09:22:10.525","01771 09:10:01",222.13,900.26,,,,"     ",5.30,217.65,2.10
1771,554700605,"01771M09:22:11.498","01771 09:10:02",222.07,900.23,,,,"     ",5.30,219.26,2.12
1771,554700606,"01771M09:22:12.471","01771 09:10:03",222.01,900.23,,,,"     ",5.30,217.31,2.10
1771,554700607,"01771M09:22:13.445","01771 09:10:04",221.96,900.22,,,,"     ",5.30,218.29,2.11
1771,554700608,"01771M09:22:14.418","01771 09:10:05",221.84,900.20,,,,"     ",5.30,219.03,2.12
1771,554700609,"01771M09:22:15.391","01771 09:10:06",221.71,900.20,,,,"     ",5.30,217.54,2.10
1771,554700610,"01771M09:22:16.364","01771 09:10:07",221.58,900.32,,,,"     ",5.30,219.06,2.12
1771,554700611,"01771M09:22:17.338","01771 09:10:08",221.46,900.21,,,,"     ",5.30,217.40,2.10
1771,554700612,"01771M09:22:18.311","01771 09:10:09",221.36,900.16,,,,"     ",5.30,218.20,2.11
1771,554700613,"01771M09:22:19.284","01771 09:10:10",221.26,900.26,,,,"     ",5.30,217.83,2.10
1771,554700614,"01771M09:22:20.257","01771 09:10:11",221.19,900.26,,,,"     ",5.30,220.79,2.13
1771,554700615,"01771M09:22:21.231","01771 09:10:12",221.13,900.22,,,,"     ",5.30,217.85,2.10
1771,554700616,"01771M09:22:22.204","01771 09:10:13",221.09,900.16,,,,"     ",5.30,219.82,2.12
1771,554700617,"01771M09:22:23.177","01771 09:10:14",221.07,900.19,,,,"     ",5.30,218.70,2.11
1771,554700618,"01771M09:22:24.150","01771 09:10:14",221.07,900.26,,,,"     ",5.30,220.08,2.12
1771,554700619,"01771M09:22:25.124","01771 09:10:15",221.09,900.26,,,,"     ",5.30,217.52,2.10
1771,554700620,"01771M09:22:26.097","01771 09:10:16",221.12,900.27,,,,"     ",5.30,217.84,2.10
1771,554700621,"01771M09:22:27.070","01771 09:10:17",221.16,900.21,,,,"     ",5.30,217.73,2.10
1771,554700622,"01771M09:22:28.043","01771 09:10:18",221.23,900.19,,,,"     ",5.30,219.18,2.11
1771,554700623,"01771M09:22:29.017","01771 09:10:19",221.32,900.19,,,,"     ",5.30,218.58,2.11
1771,554700624,"01771M09:22:29.990","01771 09:10:20",221.42,900.09,,,,"     ",5.30,220.23,2.12
1771,554700625,"01771M09:22:30.963","01771 09:10:21",221.53,900.14,,,,"     ",5.30,220.61,2.13
1771,554700626,"01771M09:22:31.936","01771 09:10:22",221.65,900.14,,,,"     ",5.30,220.10,2.12
1771,554700627,"01771M09:22:32.910","01771 09:10:23",221.76,900.12,,,,"     ",5.30,217.52,2.10
1771,554700628,"01771M09:22:33.883","01771 09:10:24",221.88,900.12,,,,"     ",5.30,220.38,2.12
1771,554700629,"01771M09:22:34.856","01771 09:10:25",222.00,900.21,,,,"     ",5.30,219.52,2.11
1771,554700630,"01771M09:22:35.829","01771 09:10:26",222.12,900.21,,,,"     ",5.30,219.29,2.11
1771,554700631,"01771M09:22:36.803","01771 09:10:27",222.23,900.20,,,,"     ",5.30,220.03,2.12
1771,554700632,"01771M09:22:37.776","01771 09:10:28",222.34,900.21,,,,"     ",5.30,219.17,2.11
1771,554700633,"01771M09:22:38.749","01771 09:10:29",222.43,900.12,,,,"     ",5.30,221.38,2.13
1771,554700634,"01771M09:22:39.722","01771 09:10:30",222.52,900.21,,,,"     ",5.30,218.60,2.10
1771,554700635,"01771M09:22:40.696","01771 09:10:31",222.60,900.18,,,,"     ",5.30,220.59,2.12
1771,554700636,"01771M09:22:41.669","01771 09:10:32",222.68,900.14,,,,"     ",5.30,217.74,2.09
1771,554700637,"01771M09:22:42.642","01771 09:10:33",222.74,900.15,,,,"     ",5.30,219.10,2.10
1771,554700638,"01771M09:22:43.615","01771 09:10:34",222.80,900.12,,,,"     ",5.30,220.08,2.11
1771,554700639,"01771M09:22:44.589","01771 09:10:35",222.84,900.13,,,,"     ",5.30,219.22,2.10
1771,554700640,"01771M09:22:45.562","01771 09:10:36",222.88,900.21,,,,"     ",5.30,218.84,2.10
1771,554700641,"01771M09:22:46.535","01771 09:10:37",222.92,900.20,,,,"     ",5.30,218.68,2.10
1771,554700642,"01771M09:22:47.508","01771 09:10:38",222.95,900.15,,,,"     ",5.30,218.04,2.09
1771,554700643,"01771M09:22:48.482","01771 09:10:39",222.99,900.24,,,,"     ",5.30,218.32,2.09
1771,554700644,"01771M09:22:49.455","01771 09:10:40",223.03,900.15,,,,"     ",5.30,219.08,2.10
1771,554700645,"01771M09:22:50.428","01771 09:10:41",223.07,900.15,,,,"     ",5.30,218.14,2.09
1771,554700646,"01771M09:22:51.401","01771 09:10:42",223.12,900.07,,,,"     ",5.30,219.77,2.10
1771,554700647,"01771M09:22:52.375","01771 09:10:43",223.12,900.13,,,,"     ",5.30,218.02,2.08
1771,554700648,"01771M09:22:53.348","01771 09:10:44",223.03,900.08,,,,"     ",5.30,221.23,2.12
1771,554700649,"01771M09:22:54.321","01771 09:10:45",222.91,900.11,,,,"     ",5.30,220.25,2.11
1771,554700650,"01771M09:22:55.294","01771 09:10:46",222.78,900.08,,,,"     ",5.30,218.51,2.09
1771,554700651,"01771M09:22:56.268","01771 09:10:47",222.65,900.09,,,,"     ",5.30,217.62,2.08
1771,554700652,"01771M09:22:57.241","01771 09:10:48",222.52,900.21,,,,"     ",5.30,221.07,2.11
1771,554700653,"01771M09:22:58.214","01771 09:10:49",222.40,900.19,,,,"     ",5.30,216.71,2.07
1771,554700654,"01771M09:22:59.187","01771 09:10:50",222.31,900.09,,,,"     ",5.30,218.89,2.09
1771,554700655,"01771M09:23:00.161","01771 09:10:51",222.23,900.11,,,,"     ",5.30,220.19,2.10
1771,554700656,"01771M09:23:01.134","01771 09:10:51",222.17,900.23,,,,"     ",5.30,220.14,2.10
1771,554700657,"01771M09:23:02.107","01771 09:10:52",222.13,900.16,,,,"     ",5.30,220.89,2.10
1771,554700658,"01771M09:23:03.080","01771 09:10:53",222.10,900.13,,,,"     ",5.30,219.58,2.09
1771,554700659,"01771M09:23:04.054","01771 09:10:54",222.09,900.13,,,,"     ",5.30,222.33,2.12
1771,554700660,"01771M09:23:05.027","01771 09:10:55",222.10,900.09,,,,"     ",5.30,221.17,2.10
1771,554700661,"01771M09:23:06.000","01771 09:10:56",222.13,900.04,,,,"     ",5.30,220.20,2.09
1771,554700662,"01771M09:23:06.974","01771 09:10:57",222.18,900.00,,,,"     ",5.30,221.53,2.11
1771,554700663,"01771M09:23:07.947","01771 09:10:58",222.25,900.04,,,,"     ",5.30,220.89,2.10
1771,554700664,"01771M09:23:08.920","01771 09:10:59",222.32,900.05,,,,"     ",5.30,220.53,2.10
1771,554700665,"01771M09:23:09.893","01771 09:11:00",222.38,900.11,,,,"     ",5.30,220.73,2.10
1771,554700666,"01771M09:23:10.867","01771 09:11:01",222.42,900.03,,,,"     ",5.30,222.65,2.11
1771,554700667,"01771M09:23:11.840","01771 09:11:02",222.43,900.05,,,,"     ",5.30,220.83,2.09
1771,554700668,"01771M09:23:12.813","01771 09:11:03",222.43,900.08,,,,"     ",5.30,220.20,2.09
1771,554700669,"01771M09:23:13.786","01771 09:11:04",222.42,900.04,,,,"     ",5.30,221.07,2.10
1771,554700670,"01771M09:23:14.760","01771 09:11:05",222.40,900.06,,,,"     ",5.30,222.82,2.11
1771,554700671,"01771M09:23:15.733","01771 09:11:06",222.37,900.11,,,,"     ",5.30,222.75,2.11
1771,554700672,"01771M09:23:16.706","01771 09:11:07",222.33,900.07,,,,"     ",5.30,218.23,2.06
1771,554700673,"01771M09:23:17.679","01771 09:11:08",222.28,900.22,,,,"     ",5.30,217.95,2.06
1771,554700674,"01771M09:23:18.653","01771 09:11:09",222.22,900.14,,,,"     ",5.30,220.21,2.08
1771,554700675,"01771M09:23:19.626","01771 09:11:10",222.14,900.07,,,,"     ",5.30,218.48,2.06
1771,554700676,"01771M09:23:20.599","01771 09:11:11",222.06,900.02,,,,"     ",5.30,222.16,2.10
1771,554700677,"01771M09:23:21.572","01771 09:11:12",221.99,900.07,,,,"     ",5.30,220.56,2.08
1771,554700678,"01771M09:23:22.546","01771 09:11:13",221.93,900.05,,,,"     ",5.30,221.29,2.09
1771,554700679,"01771M09:23:23.519","01771 09:11:14",221.89,899.95,,,,"     ",5.30,222.65,2.10
1771,554700680,"01771M09:23:24.492","01771 09:11:15",221.88,899.93,,,,"     ",5.30,220.82,2.08
1771,554700681,"01771M09:23:25.465","01771 09:11:16",221.89,899.90,,,,"     ",5.30,221.95,2.09
1771,554700682,"01771M09:23:26.439","01771 09:11:17",221.93,899.94,,,,"     ",5.30,223.81,2.11
1771,554700683,"01771M09:23:27.412","01771 09:11:18",221.98,899.93,,,,"     ",5.30,221.14,2.08
1771,554700684,"01771M09:23:28.385","01771 09:11:19",222.04,899.94,,,,"     ",5.30,221.11,2.08
1771,554700685,"01771M09:23:29.358","01771 09:11:20",222.10,899.94,,,,"     ",5.30,222.30,2.09
1771,554700686,"01771M09:23:30.332","01771 09:11:21",222.15,899.97,,,,"     ",5.30,221.05,2.08
1771,554700687,"01771M09:23:31.305","01771 09:11:22",222.20,899.98,,,,"     ",5.30,222.91,2.10
1771,554700688,"01771M09:23:32.278","01771 09:11:23",222.25,899.95,,,,"     ",5.30,222.85,2.10
1771,554700689,"01771M09:23:33.251","01771 09:11:24",222.29,899.94,,,,"     ",5.30,221.97,2.09
1771,554700690,"01771M09:23:34.225","01771 09:11:25",222.32,899.95,,,,"     ",5.30,223.95,2.10
1771,554700691,"01771M09:23:35.198","01771 09:11:26",222.34,899.94,,,,"     ",5.30,222.52,2.09
1771,554700692,"01771M09:23:36.171","01771 09:11:27",222.34,899.99,,,,"     ",5.30,222.23,2.09
1771,554700693,"01771M09:23:37.144","01771 09:11:27",222.33,899.95,,,,"     ",5.30,224.66,2.11
1771,554700694,"01771M09:23:38.118","01771 09:11:28",222.33,899.95,,,,"     ",5.30,219.03,2.05
1771,554700695,"01771M09:23:39.091","01771 09:11:29",222.34,899.89,,,,"     ",5.30,218.99,2.05
1771,554700696,"01771M09:23:40.064","01771 09:11:30",222.36,899.90,,,,"     ",5.30,222.49,2.09
1771,554700697,"01771M09:23:41.037","01771 09:11:31",222.40,899.86,,,,"     ",5.30,222.25,2.08
1771,554700698,"01771M09:23:42.011","01771 09:11:32",222.45,899.92,,,,"     ",5.30,224.75,2.11
1771,554700699,"01771M09:23:42.984","01771 09:11:33",222.50,899.86,,,,"     ",5.30,222.54,2.08
1771,554700700,"01771M09:23:43.957","01771 09:11:34",222.54,899.87,,,,"     ",5.30,224.34,2.10
1771,554700701,"01771M09:23:44.930","01771 09:11:35",222.58,899.92,,,,"     ",5.30,221.85,2.07
1771,554700702,"01771M09:23:45.904","01771 09:11:36",222.60,899.90,,,,"     ",5.30,224.54,2.10
1771,554700703,"01771M09:23:46.877","01771 09:11:37",222.61,899.91,,,,"     ",5.30,221.00,2.06
1771,554700704,"01771M09:23:47.850","01771 09:11:38",222.62,899.86,,,,"     ",5.30,223.63,2.09
1771,554700705,"01771M09:23:48.823","01771 09:11:39",222.62,899.84,,,,"     ",5.30,222.41,2.08
1771,554700706,"01771M09:23:49.797","01771 09:11:40",222.60,899.83,,,,"     ",5.30,222.17,2.07
1771,554700707,"01771M09:23:50.770","01771 09:11:41",222.59,899.81,,,,"     ",5.30,221.59,2.07
1771,554700708,"01771M09:23:51.743","01771 09:11:42",222.57,899.88,,,,"     ",5.30,222.08,2.07
1771,554700709,"01771M09:23:52.716","01771 09:11:43",222.54,899.84,,,,"     ",5.30,224.18,2.09
1771,554700710,"01771M09:23:53.690","01771 09:11:44",222.52,899.83,,,,"     ",5.30,224.29,2.09
1771,554700711,"01771M09:23:54.663","01771 09:11:45",222.50,899.87,,,,"     ",5.30,225.63,2.10
1771,554700712,"01771M09:23:55.636","01771 09:11:46",222.48,899.78,,,,"     ",5.30,223.59,2.08
1771,554700713,"01771M09:23:56.609","01771 09:11:47",222.48,899.74,,,,"     ",5.30,221.77,2.06
1771,554700714,"01771M09:23:57.583","01771 09:11:48",222.50,899.77,,,,"     ",5.30,223.26,2.08
1771,554700715,"01771M09:23:58.556","01771 09:11:49",222.52,899.78,,,,"     ",5.30,222.10,2.06
1771,554700716,"01771M09:23:59.529","01771 09:11:50",222.54,899.74,,,,"     ",5.30,223.54,2.08
1771,554700717,"01771M09:24:00.502","01771 09:11:51",222.55,899.79,,,,"     ",5.30,222.29,2.06
1771,554700718,"01771M09:24:01.476","01771 09:11:52",222.54,899.74,,,,"     ",5.30,224.54,2.08
1771,554700719,"01771M09:24:02.449","01771 09:11:53",222.53,899.77,,,,"     ",5.30,222.70,2.07
1771,554700720,"01771M09:24:03.422","01771 09:11:54",222.51,899.66,,,,"     ",5.30,222.42,2.06
1771,554700721,"01771M09:24:04.395","01771 09:11:55",222.48,899.70,,,,"     ",5.30,222.60,2.06
1771,554700722,"01771M09:24:05.369","01771 09:11:56",222.46,899.69,,,,"     ",5.30,223.23,2.07
1771,554700723,"01771M09:24:06.342","01771 09:11:57",222.44,899.77,,,,"     ",5.30,223.82,2.07
1771,554700724,"01771M09:24:07.315","01771 09:11:58",222.42,899.81,,,,"     ",5.30,227.26,2.10
1771,554700725,"01771M09:24:08.288","01771 09:11:59",222.40,899.77,,,,"     ",5.30,225.50,2.09
1771,554700726,"01771M09:24:09.262","01771 09:12:00",222.38,899.82,,,,"     ",5.30,223.84,2.07
1771,554700727,"01771M09:24:10.235","01771 09:12:01",222.36,899.86,,,,"     ",5.30,222.66,2.06
1771,554700728,"01771M09:24:11.208","01771 09:12:02",222.34,899.84,,,,"     ",5.30,223.68,2.07
1771,554700729,"01771M09:24:12.181","01771 09:12:03",222.32,899.79,,,,"     ",5.30,224.63,2.08
1771,554700730,"01771M09:24:13.155","01771 09:12:04",222.30,899.76,,,,"     ",5.30,222.62,2.06
1771,554700731,"01771M09:24:14.128","01771 09:12:04",222.27,899.79,,,,"     ",5.30,222.02,2.05
1771,554700732,"01771M09:24:15.101","01771 09:12:05",222.24,899.80,,,,"     ",5.30,225.05,2.08
1771,554700733,"01771M09:24:16.075","01771 09:12:06",222.21,899.67,,,,"     ",5.30,222.12,2.05
1771,554700734,"01771M09:24:17.048","01771 09:12:07",222.18,899.76,,,,"     ",5.30,222.62,2.05
1771,554700735,"01771M09:24:18.021","01771 09:12:08",222.13,899.76,,,,"     ",5.30,225.22,2.08
1771,554700736,"01771M09:24:18.994","01771 09:12:09",222.08,899.70,,,,"     ",5.30,224.56,2.07
1771,554700737,"01771M09:24:19.968","01771 09:12:10",222.03,899.70,,,,"     ",5.30,223.40,2.06
1771,554700738,"01771M09:24:20.941","01771 09:12:11",221.97,899.72,,,,"     ",5.30,224.24,2.07
1771,554700739,"01771M09:24:21.914","01771 09:12:12",221.92,899.77,,,,"     ",5.30,223.73,2.06
1771,554700740,"01771M09:24:22.887","01771 09:12:13",221.87,899.75,,,,"     ",5.30,221.96,2.04
1771,554700741,"01771M09:24:23.861","01771 09:12:14",221.83,899.80,,,,"     ",5.30,224.57,2.07
1771,554700742,"01771M09:24:24.834","01771 09:12:15",221.81,899.81,,,,"     ",5.30,222.11,2.04
1771,554700743,"01771M09:24:25.807","01771 09:12:16",221.81,899.76,,,,"     ",5.30,226.90,2.09
1771,554700744,"01771M09:24:26.780","01771 09:12:17",221.82,899.66,,,,"     ",5.30,223.16,2.05
1771,554700745,"01771M09:24:27.754","01771 09:12:18",221.84,899.69,,,,"     ",5.30,226.85,2.09
1771,554700746,"01771M09:24:28.727","01771 09:12:19",221.88,899.68,,,,"     ",5.30,224.71,2.06
1771,554700747,"01771M09:24:29.700","01771 09:12:20",221.94,899.67,,,,"     ",5.30,221.86,2.04
1771,554700748,"01771M09:24:30.673","01771 09:12:21",222.00,899.70,,,,"     ",5.30,222.98,2.05
1771,554700749,"01771M09:24:31.647","01771 09:12:22",222.06,899.64,,,,"     ",5.30,222.36,2.04
1771,554700750,"01771M09:24:32.620","01771 09:12:23",222.13,899.70,,,,"     ",5.30,222.67,2.04
1771,554700751,"01771M09:24:33.593","01771 09:12:24",222.20,899.65,,,,"     ",5.30,225.19,2.07
1771,554700752,"01771M09:24:34.566","01771 09:12:25",222.26,899.71,,,,"     ",5.30,222.94,2.04
1771,554700753,"01771M09:24:35.540","01771 09:12:26",222.30,899.74,,,,"     ",5.30,222.19,2.04
1771,554700754,"01771M09:24:36.513","01771 09:12:27",222.33,899.77,,,,"     ",5.30,225.82,2.07
1771,554700755,"01771M09:24:37.486","01771 09:12:28",222.34,899.78,,,,"     ",5.30,223.46,2.05
1771,554700756,"01771M09:24:38.459","01771 09:12:29",222.33,899.69,,,,"     ",5.30,222.58,2.04
1771,554700757,"01771M09:24:39.433","01771 09:12:30",222.30,899.64,,,,"     ",5.30,224.87,2.06
1771,554700758,"01771M09:24:40.406","01771 09:12:31",222.27,899.71,,,,"     ",5.30,224.02,2.05
1771,554700759,"01771M09:24:41.379","01771 09:12:32",222.24,899.70,,,,"     ",5.30,223.27,2.04
1771,554700760,"01771M09:24:42.352","01771 09:12:33",222.22,899.71,,,,"     ",5.30,223.32,2.04
1771,554700761,"01771M09:24:43.326","01771 09:12:34",222.20,899.72,,,,"     ",5.30,223.80,2.05
1771,554700762,"01771M09:24:44.299","01771 09:12:35",222.18,899.64,,,,"     ",5.30,222.47,2.03
1771,554700763,"01771M09:24:45.272","01771 09:12:36",222.17,899.65,,,,"     ",5.30,225.78,2.06
1771,554700764,"01771M09:24:46.245","01771 09:12:37",222.14,899.71,,,,"     ",5.30,223.39,2.04
1771,554700765,"01771M09:24:47.219","01771 09:12:38",222.12,899.74,,,,"     ",5.30,224.74,2.05
1771,554700766,"01771M09:24:48.192","01771 09:12:39",222.11,899.68,,,,"     ",5.30,225.38,2.06
1771,554700767,"01771M09:24:49.165","01771 09:12:40",222.11,899.56,,,,"     ",5.30,225.16,2.05
1771,554700768,"01771M09:24:50.138","01771 09:12:41",222.13,899.60,,,,"     ",5.30,224.19,2.05
1771,554700769,"01771M09:24:51.112","01771 09:12:41",222.16,899.66,,,,"     ",5.30,223.35,2.04
1771,554700770,"01771M09:24:52.085","01771 09:12:42",222.18,899.60,,,,"     ",5.30,224.49,2.05
1771,554700771,"01771M09:24:53.058","01771 09:12:43",222.18,899.66,,,,"     ",5.30,227.99,2.08
1771,554700772,"01771M09:24:54.031","01771 09:12:44",222.17,899.68,,,,"     ",5.30,225.42,2.05
1771,554700773,"01771M09:24:55.005","01771 09:12:45",222.15,899.67,,,,"     ",5.30,224.45,2.04
1771,554700774,"01771M09:24:55.978","01771 09:12:46",222.10,899.61,,,,"     ",5.30,225.28,2.05
1771,554700775,"01771M09:24:56.951","01771 09:12:47",222.05,899.63,,,,"     ",5.30,226.35,2.06
1771,554700776,"01771M09:24:57.924","01771 09:12:48",222.00,899.62,,,,"     ",5.30,226.43,2.06
1771,554700777,"01771M09:24:58.898","01771 09:12:49",221.95,899.59,,,,"     ",5.30,225.55,2.05
1771,554700778,"01771M09:24:59.871","01771 09:12:50",221.89,899.58,,,,"     ",5.30,224.85,2.04
1771,554700779,"01771M09:25:00.844","01771 09:12:51",221.81,899.61,,,,"     ",5.30,225.97,2.05
1771,554700780,"01771M09:25:01.817","01771 09:12:52",221.72,899.54,,,,"     ",5.30,227.27,2.07
1771,554700781,"01771M09:25:02.791","01771 09:12:53",221.62,899.52,,,,"     ",5.30,225.54,2.05
1771,554700782,"01771M09:25:03.764","01771 09:12:54",221.51,899.56,,,,"     ",5.30,224.48,2.04
1771,554700783,"01771M09:25:04.737","01771 09:12:55",221.41,899.54,,,,"     ",5.30,227.31,2.06
1771,554700784,"01771M09:25:05.710","01771 09:12:56",221.33,899.64,,,,"     ",5.30,223.03,2.02
1771,554700785,"01771M09:25:06.684","01771 09:12:57",221.26,899.65,,,,"     ",5.30,226.64,2.06
1771,554700786,"01771M09:25:07.657","01771 09:12:58",221.21,899.60,,,,"     ",5.30,228.54,2.07
1771,554700787,"01771M09:25:08.630","01771 09:12:59",221.19,899.60,,,,"     ",5.30,226.99,2.06
1771,554700788,"01771M09:25:09.603","01771 09:13:00",221.17,899.56,,,,"     ",5.30,229.25,2.08
1771,554700789,"01771M09:25:10.577","01771 09:13:01",221.14,899.57,,,,"     ",5.30,229.29,2.08
1771,554700790,"01771M09:25:11.550","01771 09:13:02",221.10,899.55,,,,"     ",5.30,227.91,2.06
1771,554700791,"01771M09:25:12.523","01771 09:13:03",221.06,899.58,,,,"     ",5.30,226.42,2.05
1771,554700792,"01771M09:25:13.496","01771 09:13:04",221.02,899.56,,,,"     ",5.30,225.77,2.04
1771,554700793,"01771M09:25:14.470","01771 09:13:05",220.99,899.58,,,,"     ",5.30,228.05,2.06
1771,554700794,"01771M09:25:15.443","01771 09:13:06",220.97,899.54,,,,"     ",5.30,228.39,2.06
1771,554700795,"01771M09:25:16.416","01771 09:13:07",220.96,899.65,,,,"     ",5.30,228.25,2.06
1771,554700796,"01771M09:25:17.389","01771 09:13:08",220.96,899.50,,,,"     ",5.30,225.70,2.04
1771,554700797,"01771M09:25:18.363","01771 09:13:09",220.97,899.55,,,,"     ",5.30,228.90,2.07
1771,554700798,"01771M09:25:19.336","01771 09:13:10",220.98,899.47,,,,"     ",5.30,226.70,2.04
1771,554700799,"01771M09:25:20.309","01771 09:13:11",220.99,899.57,,,,"     ",5.30,228.39,2.06
1771,554700800,"01771M09:25:21.282","01771 09:13:12",221.01,899.55,,,,"     ",5.30,226.55,2.04
1771,554700801,"01771M09:25:22.256","01771 09:13:13",221.03,899.46,,,,"     ",5.30,226.46,2.04
1771,554700802,"01771M09:25:23.229","01771 09:13:14",221.06,899.44,,,,"     ",5.30,227.93,2.05
1771,554700803,"01771M09:25:24.202","01771 09:13:15",221.10,899.49,,,,"     ",5.30,228.65,2.06
1771,554700804,"01771M09:25:25.176","01771 09:13:16",221.13,899.53,,,,"     ",5.30,227.75,2.05
1771,554700805,"01771M09:25:26.149","01771 09:13:17",221.15,899.47,,,,"     ",5.30,229.18,2.06
1771,554700806,"01771M09:25:27.122","01771 09:13:17",221.15,899.44,,,,"     ",5.30,228.89,2.06
1771,554700807,"01771M09:25:28.095","01771 09:13:18",221.14,899.56,,,,"     ",5.30,227.89,2.05
1771,554700808,"01771M09:25:29.069","01771 09:13:19",221.12,899.52,,,,"     ",5.30,230.47,2.07
1771,554700809,"01771M09:25:30.042","01771 09:13:20",221.08,899.48,,,,"     ",5.30,230.82,2.08
1771,554700810,"01771M09:25:31.015","01771 09:13:21",221.03,899.45,,,,"     ",5.30,224.99,2.02
1771,554700811,"01771M09:25:31.988","01771 09:13:22",220.98,899.53,,,,"     ",5.30,228.49,2.05
1771,554700812,"01771M09:25:32.962","01771 09:13:23",220.94,899.58,,,,"     ",5.30,228.92,2.06
1771,554700813,"01771M09:25:33.935","01771 09:13:24",220.89,899.52,,,,"     ",5.30,228.17,2.05
1771,554700814,"01771M09:25:34.908","01771 09:13:25",220.84,899.48,,,,"     ",5.30,231.48,2.08
1771,554700815,"01771M09:25:35.881","01771 09:13:26",220.78,899.49,,,,"     ",5.30,229.54,2.06
1771,554700816,"01771M09:25:36.855","01771 09:13:27",220.71,899.48,,,,"     ",5.30,229.85,2.06
1771,554700817,"01771M09:25:37.828","01771 09:13:28",220.63,899.55,,,,"     ",5.30,227.50,2.04
1771,554700818,"01771M09:25:38.801","01771 09:13:29",220.55,899.47,,,,"     ",5.30,228.37,2.05
1771,554700819,"01771M09:25:39.774","01771 09:13:30",220.47,899.54,,,,"     ",5.30,229.13,2.05
1771,554700820,"01771M09:25:40.748","01771 09:13:31",220.39,899.44,,,,"     ",5.30,229.65,2.06
1771,554700821,"01771M09:25:41.721","01771 09:13:32",220.31,899.42,,,,"     ",5.30,229.15,2.05
1771,554700822,"01771M09:25:42.694","01771 09:13:33",220.22,899.48,,,,"     ",5.30,229.72,2.06
1771,554700823,"01771M09:25:43.667","01771 09:13:34",220.13,899.42,,,,"     ",5.30,228.43,2.04
1771,554700824,"01771M09:25:44.641","01771 09:13:35",220.04,899.48,,,,"     ",5.30,228.44,2.04
1771,554700825,"01771M09:25:45.614","01771 09:13:36",219.96,899.44,,,,"     ",5.30,229.25,2.05
1771,554700826,"01771M09:25:46.587","01771 09:13:37",219.89,899.44,,,,"     ",5.30,228.76,2.04
1771,554700827,"01771M09:25:47.560","01771 09:13:38",219.83,899.35,,,,"     ",5.30,230.49,2.06
1771,554700828,"01771M09:25:48.534","01771 09:13:39",219.80,899.47,,,,"     ",5.30,229.51,2.05
1771,554700829,"01771M09:25:49.507","01771 09:13:40",219.79,899.43,,,,"     ",5.30,230.93,2.06
1771,554700830,"01771M09:25:50.480","01771 09:13:41",219.78,899.34,,,,"     ",5.30,229.43,2.05
1771,554700831,"01771M09:25:51.453","01771 09:13:42",219.78,899.42,,,,"     ",5.30,229.96,2.05
1771,554700832,"01771M09:25:52.427","01771 09:13:43",219.78,899.42,,,,"     ",5.30,231.27,2.06
1771,554700833,"01771M09:25:53.400","01771 09:13:44",219.78,899.39,,,,"     ",5.30,231.24,2.06
1771,554700834,"01771M09:25:54.373","01771 09:13:45",219.77,899.33,,,,"     ",5.30,230.83,2.06
1771,554700835,"01771M09:25:55.346","01771 09:13:46",219.77,899.32,,,,"     ",5.30,228.42,2.03
1771,554700836,"01771M09:25:56.320","01771 09:13:47",219.76,899.40,,,,"     ",5.30,230.11,2.05
1771,554700837,"01771M09:25:57.293","01771 09:13:48",219.75,899.32,,,,"     ",5.30,231.19,2.06
1771,554700838,"01771M09:25:58.266","01771 09:13:49",219.73,899.29,,,,"     ",5.30,229.22,2.04
1771,554700839,"01771M09:25:59.239","01771 09:13:50",219.69,899.29,,,,"     ",5.30,229.76,2.04
1771,554700840,"01771M09:26:00.213","01771 09:13:51",219.64,899.28,,,,"     ",5.30,231.49,2.06
1771,554700841,"01771M09:26:01.186","01771 09:13:52",219.58,899.32,,,,"     ",5.30,231.27,2.06
1771,554700842,"01771M09:26:02.159","01771 09:13:53",219.51,899.32,,,,"     ",5.30,231.88,2.06
1771,554700843,"01771M09:26:03.132","01771 09:13:54",219.44,899.30,,,,"     ",5.30,229.55,2.04
1771,554700844,"01771M09:26:04.106","01771 09:13:54",219.38,899.31,,,,"     ",5.30,231.92,2.06
1771,554700845,"01771M09:26:05.079","01771 09:13:55",219.33,899.36,,,,"     ",5.30,230.86,2.05
1771,554700846,"01771M09:26:06.052","01771 09:13:56",219.28,899.28,,,,"     ",5.30,231.11,2.05
1771,554700847,"01771M09:26:07.025","01771 09:13:57",219.25,899.32,,,,"     ",5.30,229.36,2.04
1771,554700848,"01771M09:26:07.999","01771 09:13:58",219.22,899.26,,,,"     ",5.30,229.63,2.04
1771,554700849,"01771M09:26:08.972","01771 09:13:59",219.21,899.27,,,,"     ",5.30,228.93,2.03
1771,554700850,"01771M09:26:09.945","01771 09:14:00",219.20,899.20,,,,"     ",5.30,231.99,2.06
1771,554700851,"01771M09:26:10.918","01771 09:14:01",219.20,899.18,,,,"     ",5.30,229.72,2.04
1771,554700852,"01771M09:26:11.892","01771 09:14:02",219.19,899.21,,,,"     ",5.30,227.58,2.02
1771,554700853,"01771M09:26:12.865","01771 09:14:03",219.19,899.18,,,,"     ",5.30,230.42,2.04
1771,554700854,"01771M09:26:13.838","01771 09:14:04",219.19,899.20,,,,"     ",5.30,231.47,2.05
1771,554700855,"01771M09:26:14.811","01771 09:14:05",219.17,899.23,,,,"     ",5.30,229.22,2.03
1771,554700856,"01771M09:26:15.785","01771 09:14:06",219.15,899.23,,,,"     ",5.30,230.53,2.04
1771,554700857,"01771M09:26:16.758","01771 09:14:07",219.11,899.10,,,,"     ",5.30,229.56,2.03
1771,554700858,"01771M09:26:17.731","01771 09:14:08",219.06,899.16,,,,"     ",5.30,230.51,2.04
1771,554700859,"01771M09:26:18.704","01771 09:14:09",219.01,899.13,,,,"     ",5.30,226.88,2.01
1771,554700860,"01771M09:26:19.678","01771 09:14:10",218.95,899.17,,,,"     ",5.30,229.83,2.03
1771,554700861,"01771M09:26:20.651","01771 09:14:11",218.90,899.13,,,,"     ",5.30,229.87,2.04
1771,554700862,"01771M09:26:21.624","01771 09:14:12",218.85,899.21,,,,"     ",5.30,230.43,2.04
1771,554700863,"01771M09:26:22.597","01771 09:14:13",218.83,899.22,,,,"     ",5.30,230.27,2.04
1771,554700864,"01771M09:26:23.571","01771 09:14:14",218.82,899.24,,,,"     ",5.30,231.04,2.04
1771,554700865,"01771M09:26:24.544","01771 09:14:15",218.82,899.27,,,,"     ",5.30,232.09,2.05
1771,554700866,"01771M09:26:25.517","01771 09:14:16",218.83,899.19,,,,"     ",5.30,232.00,2.05
1771,554700867,"01771M09:26:26.490","01771 09:14:17",218.86,899.20,,,,"     ",5.30,231.22,2.05
1771,554700868,"01771M09:26:27.464","01771 09:14:18",218.89,899.18,,,,"     ",5.30,230.98,2.04
1771,554700869,"01771M09:26:28.437","01771 09:14:19",218.94,899.20,,,,"     ",5.30,231.47,2.05
1771,554700870,"01771M09:26:29.410","01771 09:14:20",219.01,899.19,,,,"     ",5.30,231.50,2.05
1771,554700871,"01771M09:26:30.383","01771 09:14:21",219.08,899.20,,,,"     ",5.30,229.51,2.03
1771,554700872,"01771M09:26:31.357","01771 09:14:22",219.17,899.13,,,,"     ",5.30,232.13,2.05
1771,554700873,"01771M09:26:32.330","01771 09:14:23",219.27,899.11,,,,"     ",5.30,230.36,2.04
1771,554700874,"01771M09:26:33.303","01771 09:14:24",219.39,899.17,,,,"     ",5.30,231.00,2.04
1771,554700875,"01771M09:26:34.277","01771 09:14:25",219.14,899.11,,,,"     ",5.30,229.72,2.03
1771,554700876,"01771M09:26:35.250","01771 09:14:26",219.08,899.18,,,,"     ",5.30,228.21,2.01
1771,554700877,"01771M09:26:36.223","01771 09:14:27",219.03,899.14,,,,"     ",5.30,232.89,2.06
1771,554700878,"01771M09:26:37.196","01771 09:14:28",218.99,899.13,,,,"     ",5.30,231.41,2.04
1771,554700879,"01771M09:26:38.170","01771 09:14:29",218.95,899.10,,,,"     ",5.30,228.37,2.01
1771,554700880,"01771M09:26:39.143","01771 09:14:30",218.92,899.13,,,,"     ",5.30,233.65,2.06
1771,554700881,"01771M09:26:40.116","01771 09:14:31",218.89,899.10,,,,"     ",5.30,230.45,2.03
1771,554700882,"01771M09:26:41.089","01771 09:14:31",218.87,899.12,,,,"     ",5.30,228.86,2.02
1771,554700883,"01771M09:26:42.063","01771 09:14:32",218.85,899.12,,,,"     ",5.30,231.99,2.05
1771,554700884,"01771M09:26:43.036","01771 09:14:33",218.84,899.08,,,,"     ",5.30,229.68,2.02
1771,554700885,"01771M09:26:44.009","01771 09:14:34",218.84,899.12,,,,"     ",5.30,231.28,2.04
1771,554700886,"01771M09:26:44.982","01771 09:14:35",218.84,899.12,,,,"     ",5.30,232.90,2.05
1771,554700887,"01771M09:26:45.956","01771 09:14:36",218.86,899.16,,,,"     ",5.30,231.50,2.04
1771,554700888,"01771M09:26:46.929","01771 09:14:37",218.88,899.19,,,,"     ",5.30,230.11,2.03
1771,554700889,"01771M09:26:47.902","01771 09:14:38",218.90,899.14,,,,"     ",5.30,233.48,2.06
1771,554700890,"01771M09:26:48.875","01771 09:14:39",218.93,899.12,,,,"     ",5.30,231.48,2.04
1771,554700891,"01771M09:26:49.849","01771 09:14:40",218.95,899.10,,,,"     ",5.30,232.09,2.04
1771,554700892,"01771M09:26:50.822","01771 09:14:41",218.97,899.14,,,,"     ",5.30,234.85,2.07
1771,554700893,"01771M09:26:51.795","01771 09:14:42",218.99,899.11,,,,"     ",5.30,229.69,2.02
1771,554700894,"01771M09:26:52.768","01771 09:14:43",219.02,899.11,,,,"     ",5.30,231.60,2.04
1771,554700895,"01771M09:26:53.742","01771 09:14:44",219.04,899.16,,,,"     ",5.30,232.19,2.04
1771,554700896,"01771M09:26:54.715","01771 09:14:45",219.08,899.16,,,,"     ",5.30,232.38,2.04
1771,554700897,"01771M09:26:55.688","01771 09:14:46",219.11,899.18,,,,"     ",5.30,235.07,2.07
1771,554700898,"01771M09:26:56.661","01771 09:14:47",219.13,899.17,,,,"     ",5.30,231.61,2.04
1771,554700899,"01771M09:26:57.635","01771 09:14:48",219.13,899.08,,,,"     ",5.30,231.94,2.04
1771,554700900,"01771M09:26:58.608","01771 09:14:49",219.11,899.16,,,,"     ",5.30,231.83,2.04
1771,554700901,"01771M09:26:59.581","01771 09:14:50",219.07,899.09,,,,"     ",5.30,233.36,2.05
1771,554700902,"01771M09:27:00.554","01771 09:14:51",219.02,899.09,,,,"     ",5.30,233.29,2.05
1771,554700903,"01771M09:27:01.528","01771 09:14:52",218.96,899.02,,,,"     ",5.30,230.56,2.02
1771,554700904,"01771M09:27:02.501","01771 09:14:53",218.91,899.08,,,,"     ",5.30,233.06,2.05
1771,554700905,"01771M09:27:03.474","01771 09:14:54",218.86,899.01,,,,"     ",5.30,232.23,2.04
1771,554700906,"01771M09:27:04.447","01771 09:14:55",218.81,899.04,,,,"     ",5.30,231.29,2.03
1771,554700907,"01771M09:27:05.421","01771 09:14:56",218.76,899.08,,,,"     ",5.30,233.64,2.05
1771,554700908,"01771M09:27:06.394","01771 09:14:57",218.71,899.03,,,,"     ",5.30,232.98,2.04
1771,554700909,"01771M09:27:07.367","01771 09:14:58",218.64,899.00,,,,"     ",5.30,231.24,2.03
1771,554700910,"01771M09:27:08.340","01771 09:14:59",218.56,899.08,,,,"     ",5.30,233.05,2.05
1771,554700911,"01771M09:27:09.314","01771 09:15:00",218.47,899.02,,,,"     ",5.30,232.45,2.04
1771,554700912,"01771M09:27:10.287","01771 09:15:01",218.39,898.96,,,,"     ",5.30,232.90,2.04
1771,554700913,"01771M09:27:11.260","01771 09:15:02",218.32,898.94,,,,"     ",5.30,231.52,2.03
1771,554700914,"01771M09:27:12.233","01771 09:15:03",218.27,899.01,,,,"     ",5.30,232.96,2.04
1771,554700915,"01771M09:27:13.207","01771 09:15:04",218.25,899.03,,,,"     ",5.30,233.86,2.05
1771,554700916,"01771M09:27:14.180","01771 09:15:05",218.25,898.97,,,,"     ",5.30,233.37,2.05
1771,554700917,"01771M09:27:15.153","01771 09:15:06",218.26,899.06,,,,"     ",5.30,232.96,2.04
1771,554700918,"01771M09:27:16.126","01771 09:15:07",218.28,899.04,,,,"     ",5.30,230.99,2.02
1771,554700919,"01771M09:27:17.100","01771 09:15:08",218.30,899.11,,,,"     ",5.30,232.16,2.03
1771,554700920,"01771M09:27:18.073","01771 09:15:08",218.30,899.09,,,,"     ",5.30,234.05,2.05
1771,554700921,"01771M09:27:19.046","01771 09:15:09",218.30,899.01,,,,"     ",5.30,233.10,2.04
1771,554700922,"01771M09:27:20.019","01771 09:15:10",218.29,898.95,,,,"     ",5.30,233.26,2.04
1771,554700923,"01771M09:27:20.993","01771 09:15:11",218.29,898.96,,,,"     ",5.30,233.29,2.04
1771,554700924,"01771M09:27:21.966","01771 09:15:12",218.28,898.97,,,,"     ",5.30,231.90,2.03
1771,554700925,"01771M09:27:22.939","01771 09:15:13",218.27,898.90,,,,"     ",5.30,233.80,2.04
1771,554700926,"01771M09:27:23.912","01771 09:15:14",218.26,898.96,,,,"     ",5.30,235.52,2.06
1771,554700927,"01771M09:27:24.886","01771 09:15:15",218.24,898.93,,,,"     ",5.30,233.97,2.05
1771,554700928,"01771M09:27:25.859","01771 09:15:16",218.21,899.01,,,,"     ",5.30,233.12,2.04
1771,554700929,"01771M09:27:26.832","01771 09:15:17",218.16,898.91,,,,"     ",5.30,235.00,2.05
1771,554700930,"01771M09:27:27.805","01771 09:15:18",218.10,898.86,,,,"     ",5.30,234.93,2.05
1771,554700931,"01771M09:27:28.779","01771 09:15:19",218.04,898.90,,,,"     ",5.30,233.34,2.04
1771,554700932,"01771M09:27:29.752","01771 09:15:20",217.99,898.87,,,,"     ",5.30,234.70,2.05
1771,554700933,"01771M09:27:30.725","01771 09:15:21",217.95,898.95,,,,"     ",5.30,237.29,2.07
1771,554700934,"01771M09:27:31.698","01771 09:15:22",217.92,898.85,,,,"     ",5.30,235.36,2.06
1771,554700935,"01771M09:27:32.672","01771 09:15:23",217.89,898.81,,,,"     ",5.30,235.30,2.05
1771,554700936,"01771M09:27:33.645","01771 09:15:24",217.86,898.86,,,,"     ",5.30,234.19,2.04
1771,554700937,"01771M09:27:34.618","01771 09:15:25",217.83,898.94,,,,"     ",5.30,232.69,2.03
1771,554700938,"01771M09:27:35.591","01771 09:15:26",217.79,898.93,,,,"     ",5.30,234.53,2.05
1771,554700939,"01771M09:27:36.565","01771 09:15:27",217.75,898.93,,,,"     ",5.30,233.84,2.04
1771,554700940,"01771M09:27:37.538","01771 09:15:28",217.70,898.87,,,,"     ",5.30,233.13,2.03
1771,554700941,"01771M09:27:38.511","01771 09:15:29",217.66,898.95,,,,"     ",5.30,234.59,2.04
1771,554700942,"01771M09:27:39.484","01771 09:15:30",217.62,898.89,,,,"     ",5.30,234.27,2.04
1771,554700943,"01771M09:27:40.458","01771 09:15:31",217.58,898.86,,,,"     ",5.30,233.63,2.03
1771,554700944,"01771M09:27:41.431","01771 09:15:32",217.55,898.89,,,,"     ",5.30,233.59,2.03
1771,554700945,"01771M09:27:42.404","01771 09:15:33",217.52,898.87,,,,"     ",5.30,236.26,2.06
1771,554700946,"01771M09:27:43.377","01771 09:15:34",217.48,898.82,,,,"     ",5.30,235.70,2.05
1771,554700947,"01771M09:27:44.351","01771 09:15:35",217.44,898.85,,,,"     ",5.30,235.43,2.05
1771,554700948,"01771M09:27:45.324","01771 09:15:36",217.40,898.93,,,,"     ",5.30,235.90,2.05
1771,554700949,"01771M09:27:46.297","01771 09:15:37",217.36,898.91,,,,"     ",5.30,234.16,2.04
1771,554700950,"01771M09:27:47.271","01771 09:15:38",217.33,898.80,,,,"     ",5.30,232.79,2.02
1771,554700951,"01771M09:27:48.244","01771 09:15:39",217.31,898.86,,,,"     ",5.30,236.19,2.05
1771,554700952,"01771M09:27:49.217","01771 09:15:40",217.28,898.87,,,,"     ",5.30,233.78,2.03
1771,554700953,"01771M09:27:50.190","01771 09:15:41",217.25,898.81,,,,"     ",5.30,236.49,2.06
1771,554700954,"01771M09:27:51.164","01771 09:15:42",217.21,898.80,,,,"     ",5.30,235.08,2.04
1771,554700955,"01771M09:27:52.137","01771 09:15:43",217.16,898.79,,,,"     ",5.30,236.29,2.05
1771,554700956,"01771M09:27:53.110","01771 09:15:44",217.10,898.81,,,,"     ",5.30,234.74,2.04
1771,554700957,"01771M09:27:54.083","01771 09:15:44",217.04,898.78,,,,"     ",5.30,234.88,2.04
1771,554700958,"01771M09:27:55.057","01771 09:15:45",216.98,898.75,,,,"     ",5.30,233.49,2.03
1771,554700959,"01771M09:27:56.030","01771 09:15:46",216.92,898.76,,,,"     ",5.30,237.42,2.06
1771,554700960,"01771M09:27:57.003","01771 09:15:47",216.88,898.77,,,,"     ",5.30,232.80,2.02
1771,554700961,"01771M09:27:57.976","01771 09:15:48",216.86,898.73,,,,"     ",5.30,234.98,2.04
1771,554700962,"01771M09:27:58.950","01771 09:15:49",216.85,898.77,,,,"     ",5.30,234.80,2.04
1771,554700963,"01771M09:27:59.923","01771 09:15:50",216.87,898.79,,,,"     ",5.30,235.60,2.04
1771,554700964,"01771M09:28:00.896","01771 09:15:51",216.89,898.79,,,,"     ",5.30,234.33,2.03
1771,554700965,"01771M09:28:01.869","01771 09:15:52",216.94,898.78,,,,"     ",5.30,235.74,2.04
1771,554700966,"01771M09:28:02.843","01771 09:15:53",217.01,898.76,,,,"     ",5.30,233.05,2.02
1771,554700967,"01771M09:28:03.816","01771 09:15:54",217.09,898.76,,,,"     ",5.30,234.34,2.03
1771,554700968,"01771M09:28:04.789","01771 09:15:55",217.19,898.80,,,,"     ",5.30,235.65,2.04
1771,554700969,"01771M09:28:05.762","01771 09:15:56",217.29,898.81,,,,"     ",5.30,235.93,2.04
1771,554700970,"01771M09:28:06.736","01771 09:15:57",217.38,898.86,,,,"     ",5.30,236.66,2.05
1771,554700971,"01771M09:28:07.709","01771 09:15:58",217.45,898.84,,,,"     ",5.30,233.86,2.02
1771,554700972,"01771M09:28:08.682","01771 09:15:59",217.49,898.72,,,,"     ",5.30,235.86,2.04
1771,554700973,"01771M09:28:09.655","01771 09:16:00",217.52,898.79,,,,"     ",5.30,236.41,2.05
1771,554700974,"01771M09:28:10.629","01771 09:16:01",217.52,898.76,,,,"     ",5.30,237.08,2.05
1771,554700975,"01771M09:28:11.602","01771 09:16:02",217.51,898.69,,,,"     ",5.30,234.89,2.03
1771,554700976,"01771M09:28:12.575","01771 09:16:03",217.49,898.65,,,,"     ",5.30,237.82,2.06
1771,554700977,"01771M09:28:13.548","01771 09:16:04",217.47,898.70,,,,"     ",5.30,236.54,2.04
1771,554700978,"01771M09:28:14.522","01771 09:16:05",217.45,898.67,,,,"     ",5.30,237.50,2.05
1771,554700979,"01771M09:28:15.495","01771 09:16:06",217.43,898.70,,,,"     ",5.30,234.33,2.02
1771,554700980,"01771M09:28:16.468","01771 09:16:07",217.40,898.74,,,,"     ",5.30,237.74,2.05
1771,554700981,"01771M09:28:17.441","01771 09:16:08",217.37,898.71,,,,"     ",5.30,236.66,2.04
1771,554700982,"01771M09:28:18.415","01771 09:16:09",217.35,898.71,,,,"     ",5.30,234.62,2.03
1771,554700983,"01771M09:28:19.388","01771 09:16:10",217.33,898.68,,,,"     ",5.30,234.18,2.02
1771,554700984,"01771M09:28:20.361","01771 09:16:11",217.31,898.60,,,,"     ",5.30,236.84,2.04
1771,554700985,"01771M09:28:21.334","01771 09:16:12",217.28,898.62,,,,"     ",5.30,236.68,2.04
1771,554700986,"01771M09:28:22.308","01771 09:16:13",217.25,898.60,,,,"     ",5.30,237.27,2.05
1771,554700987,"01771M09:28:23.281","01771 09:16:14",217.22,898.67,,,,"     ",5.30,237.49,2.05
1771,554700988,"01771M09:28:24.254","01771 09:16:15",217.19,898.60,,,,"     ",5.30,238.80,2.06
1771,554700989,"01771M09:28:25.227","01771 09:16:16",217.17,898.63,,,,"     ",5.30,236.58,2.04
1771,554700990,"01771M09:28:26.201","01771 09:16:17",217.16,898.68,,,,"     ",5.30,237.90,2.05
1771,554700991,"01771M09:28:27.174","01771 09:16:18",217.16,898.64,,,,"     ",5.30,237.51,2.05
1771,554700992,"01771M09:28:28.147","01771 09:16:19",217.18,898.65,,,,"     ",5.30,235.68,2.03
1771,554700993,"01771M09:28:29.120","01771 09:16:20",217.21,898.62,,,,"     ",5.30,235.67,2.03
1771,554700994,"01771M09:28:30.094","01771 09:16:21",217.25,898.67,,,,"     ",5.30,234.77,2.02
1771,554700995,"01771M09:28:31.067","01771 09:16:21",217.30,898.61,,,,"     ",5.30,237.57,2.04
1771,554700996,"01771M09:28:32.040","01771 09:16:22",217.35,898.69,,,,"     ",5.30,237.46,2.04
1771,554700997,"01771M09:28:33.013","01771 09:16:23",217.40,898.63,,,,"     ",5.30,236.89,2.04
1771,554700998,"01771M09:28:33.987","01771 09:16:24",217.44,898.57,,,,"     ",5.30,237.83,2.04
1771,554700999,"01771M09:28:34.960","01771 09:16:25",217.46,898.55,,,,"     ",5.30,237.60,2.04
1771,554701000,"01771M09:28:35.933","01771 09:16:26",217.46,898.61,,,,"     ",5.30,240.23,2.06
1771,554701001,"01771M09:28:36.906","01771 09:16:27",217.43,898.65,,,,"     ",5.30,238.71,2.05
1771,554701002,"01771M09:28:37.880","01771 09:16:28",217.38,898.64,,,,"     ",5.30,238.13,2.05
1771,554701003,"01771M09:28:38.853","01771 09:16:29",217.30,898.63,,,,"     ",5.30,235.81,2.02
1771,554701004,"01771M09:28:39.826","01771 09:16:30",217.22,898.60,,,,"     ",5.30,236.61,2.03
1771,554701005,"01771M09:28:40.799","01771 09:16:31",217.14,898.59,,,,"     ",5.30,236.71,2.03
1771,554701006,"01771M09:28:41.773","01771 09:16:32",217.07,898.58,,,,"     ",5.30,238.12,2.04
1771,554701007,"01771M09:28:42.746","01771 09:16:33",217.02,898.56,,,,"     ",5.30,239.72,2.06
1771,554701008,"01771M09:28:43.719","01771 09:16:34",216.98,898.54,,,,"     ",5.30,237.42,2.04
1771,554701009,"01771M09:28:44.692","01771 09:16:35",216.97,898.60,,,,"     ",5.30,238.39,2.04
1771,554701010,"01771M09:28:45.666","01771 09:16:36",216.97,898.57,,,,"     ",5.30,238.60,2.05
1771,554701011,"01771M09:28:46.639","01771 09:16:37",216.99,898.55,,,,"     ",5.30,236.62,2.03
1771,554701012,"01771M09:28:47.612","01771 09:16:38",217.01,898.54,,,,"     ",5.30,237.50,2.03
1771,554701013,"01771M09:28:48.585","01771 09:16:39",217.04,898.53,,,,"     ",5.30,237.28,2.03
1771,554701014,"01771M09:28:49.559","01771 09:16:40",217.07,898.50,,,,"     ",5.30,238.32,2.04
1771,554701015,"01771M09:28:50.532","01771 09:16:41",217.10,898.58,,,,"     ",5.30,236.35,2.02
1771,554701016,"01771M09:28:51.505","01771 09:16:42",217.13,898.49,,,,"     ",5.30,237.91,2.04
1771,554701017,"01771M09:28:52.478","01771 09:16:43",217.16,898.48,,,,"     ",5.30,237.69,2.03
1771,554701018,"01771M09:28:53.452","01771 09:16:44",217.18,898.48,,,,"     ",5.30,237.41,2.03
1771,554701019,"01771M09:28:54.425","01771 09:16:45",217.19,898.50,,,,"     ",5.30,240.31,2.05
1771,554701020,"01771M09:28:55.398","01771 09:16:46",217.21,898.58,,,,"     ",5.30,238.36,2.04
1771,554701021,"01771M09:28:56.372","01771 09:16:47",217.22,898.55,,,,"     ",5.30,239.99,2.05
1771,554701022,"01771M09:28:57.345","01771 09:16:48",217.22,898.59,,,,"     ",5.30,236.08,2.02
1771,554701023,"01771M09:28:58.318","01771 09:16:49",217.22,898.53,,,,"     ",5.30,238.33,2.04
1771,554701024,"01771M09:28:59.291","01771 09:16:50",217.22,898.59,,,,"     ",5.30,238.98,2.04
1771,554701025,"01771M09:29:00.265","01771 09:16:51",217.22,898.56,,,,"     ",5.30,240.68,2.06
1771,554701026,"01771M09:29:01.238","01771 09:16:52",217.22,898.56,,,,"     ",5.30,238.69,2.04
1771,554701027,"01771M09:29:02.211","01771 09:16:53",217.21,898.55,,,,"     ",5.30,238.61,2.04
1771,554701028,"01771M09:29:03.184","01771 09:16:54",217.21,898.60,,,,"     ",5.30,237.84,2.03
1771,554701029,"01771M09:29:04.158","01771 09:16:55",217.21,898.60,,,,"     ",5.30,238.95,2.04
1771,554701030,"01771M09:29:05.131","01771 09:16:56",217.21,898.58,,,,"     ",5.30,237.69,2.03
1771,554701031,"01771M09:29:06.104","01771 09:16:57",217.21,898.54,,,,"     ",5.30,237.80,2.03
1771,554701032,"01771M09:29:07.077","01771 09:16:58",217.21,898.55,,,,"     ",5.30,237.45,2.02
1771,554701033,"01771M09:29:08.051","01771 09:16:58",217.20,898.61,,,,"     ",5.30,239.12,2.04
1771,554701034,"01771M09:29:09.024","01771 09:16:59",217.19,898.58,,,,"     ",5.30,240.75,2.05
1771,554701035,"01771M09:29:09.997","01771 09:17:00",217.17,898.51,,,,"     ",5.30,241.12,2.05
1771,554701036,"01771M09:29:10.970","01771 09:17:01",217.15,898.47,,,,"     ",5.30,241.84,2.06
1771,554701037,"01771M09:29:11.944","01771 09:17:02",217.14,898.53,,,,"     ",5.30,240.35,2.05
1771,554701038,"01771M09:29:12.917","01771 09:17:03",217.14,898.47,,,,"     ",5.30,238.26,2.03
1771,554701039,"01771M09:29:13.890","01771 09:17:04",217.15,898.50,,,,"     ",5.30,239.56,2.04
1771,554701040,"01771M09:29:14.863","01771 09:17:05",217.16,898.56,,,,"     ",5.30,238.03,2.03
1771,554701041,"01771M09:29:15.837","01771 09:17:06",217.16,898.55,,,,"     ",5.30,238.72,2.03
1771,554701042,"01771M09:29:16.810","01771 09:17:07",217.16,898.48,,,,"     ",5.30,238.27,2.03
1771,554701043,"01771M09:29:17.783","01771 09:17:08",217.15,898.52,,,,"     ",5.30,240.32,2.04
1771,554701044,"01771M09:29:18.756","01771 09:17:09",217.15,898.57,,,,"     ",5.30,239.56,2.04
1771,554701045,"01771M09:29:19.730","01771 09:17:10",217.14,898.53,,,,"     ",5.30,240.66,2.05
1771,554701046,"01771M09:29:20.703","01771 09:17:11",217.13,898.53,,,,"     ",5.30,241.46,2.05
1771,554701047,"01771M09:29:21.676","01771 09:17:12",217.12,898.54,,,,"     ",5.30,241.09,2.05
1771,554701048,"01771M09:29:22.649","01771 09:17:13",217.11,898.53,,,,"     ",5.30,238.94,2.03
1771,554701049,"01771M09:29:23.623","01771 09:17:14",217.09,898.54,,,,"     ",5.30,239.49,2.03
1771,554701050,"01771M09:29:24.596","01771 09:17:15",217.05,898.45,,,,"     ",5.30,242.17,2.06
1771,554701051,"01771M09:29:25.569","01771 09:17:16",217.01,898.43,,,,"     ",5.30,240.27,2.04
1771,554701052,"01771M09:29:26.542","01771 09:17:17",216.95,898.39,,,,"     ",5.30,238.67,2.03
1771,554701053,"01771M09:29:27.516","01771 09:17:18",216.89,898.42,,,,"     ",5.30,238.83,2.03
1771,554701054,"01771M09:29:28.489","01771 09:17:19",216.83,898.36,,,,"     ",5.30,240.71,2.04
1771,554701055,"01771M09:29:29.462","01771 09:17:20",216.80,898.44,,,,"     ",5.30,240.20,2.04
1771,554701056,"01771M09:29:30.435","01771 09:17:21",216.79,898.40,,,,"     ",5.30,241.65,2.05
1771,554701057,"01771M09:29:31.409","01771 09:17:22",216.80,898.44,,,,"     ",5.30,240.26,2.04
1771,554701058,"01771M09:29:32.382","01771 09:17:23",216.82,898.41,,,,"     ",5.30,238.88,2.03
1771,554701059,"01771M09:29:33.355","01771 09:17:24",216.85,898.51,,,,"     ",5.30,238.97,2.03
1771,554701060,"01771M09:29:34.328","01771 09:17:25",216.89,898.44,,,,"     ",5.30,240.19,2.04
1771,554701061,"01771M09:29:35.302","01771 09:17:26",216.93,898.43,,,,"     ",5.30,238.76,2.02
1771,554701062,"01771M09:29:36.275","01771 09:17:27",216.97,898.45,,,,"     ",5.30,240.48,2.04
1771,554701063,"01771M09:29:37.248","01771 09:17:28",217.02,898.40,,,,"     ",5.30,239.13,2.03
1771,554701064,"01771M09:29:38.221","01771 09:17:29",217.07,898.31,,,,"     ",5.30,240.20,2.04
1771,554701065,"01771M09:29:39.195","01771 09:17:30",217.12,898.49,,,,"     ",5.30,241.42,2.05
1771,554701066,"01771M09:29:40.168","01771 09:17:31",217.18,898.41,,,,"     ",5.30,238.98,2.03
1771,554701067,"01771M09:29:41.141","01771 09:17:32",217.22,898.34,,,,"     ",5.30,239.03,2.03
1771,554701068,"01771M09:29:42.114","01771 09:17:33",217.25,898.34,,,,"     ",5.30,240.70,2.04
1771,554701069,"01771M09:29:43.088","01771 09:17:34",217.27,898.32,,,,"     ",5.30,242.20,2.05
1771,554701070,"01771M09:29:44.061","01771 09:17:34",217.26,898.35,,,,"     ",5.30,241.45,2.05
1771,554701071,"01771M09:29:45.034","01771 09:17:35",217.25,898.40,,,,"     ",5.30,240.77,2.04
1771,554701072,"01771M09:29:46.007","01771 09:17:36",217.22,898.38,,,,"     ",5.30,241.65,2.05
1771,554701073,"01771M09:29:46.981","01771 09:17:37",217.18,898.43,,,,"     ",5.30,241.70,2.05
1771,554701074,"01771M09:29:47.954","01771 09:17:38",217.13,898.42,,,,"     ",5.30,239.04,2.02
1771,554701075,"01771M09:29:48.927","01771 09:17:39",217.08,898.38,,,,"     ",5.30,241.55,2.04
1771,554701076,"01771M09:29:49.900","01771 09:17:40",217.02,898.38,,,,"     ",5.30,239.55,2.03
1771,554701077,"01771M09:29:50.874","01771 09:17:41",216.95,898.41,,,,"     ",5.30,239.85,2.03
1771,554701078,"01771M09:29:51.847","01771 09:17:42",216.88,898.28,,,,"     ",5.30,239.81,2.03
1771,554701079,"01771M09:29:52.820","01771 09:17:43",216.81,898.31,,,,"     ",5.30,239.60,2.03
1771,554701080,"01771M09:29:53.793","01771 09:17:44",216.76,898.27,,,,"     ",5.30,240.54,2.03
1771,554701081,"01771M09:29:54.767","01771 09:17:45",216.73,898.28,,,,"     ",5.30,240.23,2.03
1771,554701082,"01771M09:29:55.740","01771 09:17:46",216.70,898.32,,,,"     ",5.30,242.84,2.05
1771,554701083,"01771M09:29:56.713","01771 09:17:47",216.68,898.38,,,,"     ",5.30,239.13,2.02
1771,554701084,"01771M09:29:57.686","01771 09:17:48",216.67,898.34,,,,"     ",5.30,242.46,2.05
1771,554701085,"01771M09:29:58.660","01771 09:17:49",216.66,898.38,,,,"     ",5.30,241.36,2.04
1771,554701086,"01771M09:29:59.633","01771 09:17:50",216.68,898.31,,,,"     ",5.30,240.71,2.03
1771,554701087,"01771M09:30:00.606","01771 09:17:51",216.70,898.26,,,,"     ",5.30,242.75,2.05
1771,554701088,"01771M09:30:01.579","01771 09:17:52",216.73,898.33,,,,"     ",5.30,239.84,2.02
1771,554701089,"01771M09:30:02.553","01771 09:17:53",216.76,898.31,,,,"     ",5.30,240.74,2.03
1771,554701090,"01771M09:30:03.526","01771 09:17:54",216.79,898.28,,,,"     ",5.30,240.17,2.03
1771,554701091,"01771M09:30:04.499","01771 09:17:55",216.82,898.24,,,,"     ",5.30,240.36,2.03
1771,554701092,"01771M09:30:05.473","01771 09:17:56",216.83,898.21,,,,"     ",5.30,240.62,2.03
1771,554701093,"01771M09:30:06.446","01771 09:17:57",216.83,898.29,,,,"     ",5.30,242.19,2.04
1771,554701094,"01771M09:30:07.419","01771 09:17:58",216.82,898.26,,,,"     ",5.30,239.64,2.02
1771,554701095,"01771M09:30:08.392","01771 09:17:59",216.80,898.25,,,,"     ",5.30,240.46,2.03
1771,554701096,"01771M09:30:09.366","01771 09:18:00",216.79,898.28,,,,"     ",5.30,241.90,2.04
1771,554701097,"01771M09:30:10.339","01771 09:18:01",216.77,898.25,,,,"     ",5.30,240.92,2.03
1771,554701098,"01771M09:30:11.312","01771 09:18:02",216.77,898.25,,,,"     ",5.30,241.40,2.03
1771,554701099,"01771M09:30:12.285","01771 09:18:03",216.79,898.20,,,,"     ",5.30,241.44,2.03
1771,554701100,"01771M09:30:13.259","01771 09:18:04",216.82,898.32,,,,"     ",5.30,241.85,2.04
1771,554701101,"01771M09:30:14.232","01771 09:18:05",216.87,898.24,,,,"     ",5.30,241.91,2.04
1771,554701102,"01771M09:30:15.205","01771 09:18:06",216.94,898.31,,,,"     ",5.30,241.03,2.03
1771,554701103,"01771M09:30:16.178","01771 09:18:07",217.03,898.33,,,,"     ",5.30,243.60,2.05
1771,554701104,"01771M09:30:17.152","01771 09:18:08",217.14,898.27,,,,"     ",5.30,242.12,2.04
1771,554701105,"01771M09:30:18.125","01771 09:18:09",217.27,898.26,,,,"     ",5.30,240.82,2.03
1771,554701106,"01771M09:30:19.098","01771 09:18:10",217.42,898.27,,,,"     ",5.30,242.89,2.04
1771,554701107,"01771M09:30:20.071","01771 09:18:11",217.57,898.31,,,,"     ",5.30,241.53,2.03
1771,554701108,"01771M09:30:21.045","01771 09:18:11",217.72,898.25,,,,"     ",5.30,241.73,2.03
1771,554701109,"01771M09:30:22.018","01771 09:18:12",217.87,898.23,,,,"     ",5.30,241.32,2.03
1771,554701110,"01771M09:30:22.991","01771 09:18:13",218.01,898.18,,,,"     ",5.30,241.78,2.03
1771,554701111,"01771M09:30:23.964","01771 09:18:14",218.15,898.14,,,,"     ",5.30,242.40,2.04
1771,554701112,"01771M09:30:24.938","01771 09:18:15",218.29,898.28,,,,"     ",5.30,241.87,2.03
1771,554701113,"01771M09:30:25.911","01771 09:18:16",218.43,898.28,,,,"     ",5.30,241.41,2.03
1771,554701114,"01771M09:30:26.884","01771 09:18:17",218.57,898.30,,,,"     ",5.30,242.38,2.04
1771,554701115,"01771M09:30:27.857","01771 09:18:18",218.71,898.26,,,,"     ",5.30,243.75,2.05
1771,554701116,"01771M09:30:28.831","01771 09:18:19",218.84,898.27,,,,"     ",5.30,243.56,2.05
1771,554701117,"01771M09:30:29.804","01771 09:18:20",218.98,898.22,,,,"     ",5.30,241.39,2.03
1771,554701118,"01771M09:30:30.777","01771 09:18:21",219.12,898.25,,,,"     ",5.30,242.36,2.03
1771,554701119,"01771M09:30:31.750","01771 09:18:22",219.26,898.23,,,,"     ",5.30,240.81,2.02
1771,554701120,"01771M09:30:32.724","01771 09:18:23",219.38,898.24,,,,"     ",5.30,240.88,2.02
1771,554701121,"01771M09:30:33.697","01771 09:18:24",219.47,898.17,,,,"     ",5.30,244.37,2.05
1771,554701122,"01771M09:30:34.670","01771 09:18:25",219.55,898.20,,,,"     ",5.30,244.50,2.05
1771,554701123,"01771M09:30:35.643","01771 09:18:26",219.59,898.21,,,,"     ",5.30,242.85,2.04
1771,554701124,"01771M09:30:36.617","01771 09:18:27",219.60,898.18,,,,"     ",5.30,244.18,2.05
1771,554701125,"01771M09:30:37.590","01771 09:18:28",219.58,898.19,,,,"     ",5.30,242.56,2.03
1771,554701126,"01771M09:30:38.563","01771 09:18:29",219.53,898.12,,,,"     ",5.30,242.59,2.03
1771,554701127,"01771M09:30:39.536","01771 09:18:30",219.46,898.13,,,,"     ",5.30,241.39,2.02
1771,554701128,"01771M09:30:40.510","01771 09:18:31",219.40,898.13,,,,"     ",5.30,241.83,2.02
1771,554701129,"01771M09:30:41.483","01771 09:18:32",219.33,898.14,,,,"     ",5.30,242.05,2.02
1771,554701130,"01771M09:30:42.456","01771 09:18:33",219.28,898.08,,,,"     ",5.30,241.66,2.02
1771,554701131,"01771M09:30:43.429","01771 09:18:34",219.24,898.19,,,,"     ",5.30,243.34,2.03
1771,554701132,"01771M09:30:44.403","01771 09:18:35",219.20,898.17,,,,"     ",5.30,241.16,2.02
1771,554701133,"01771M09:30:45.376","01771 09:18:36",219.16,898.13,,,,"     ",5.30,239.99,2.00
1771,554701134,"01771M09:30:46.349","01771 09:18:37",219.12,898.18,,,,"     ",5.30,244.10,2.04
1771,554701135,"01771M09:30:47.322","01771 09:18:38",219.08,898.14,,,,"     ",5.30,243.16,2.03
1771,554701136,"01771M09:30:48.296","01771 09:18:39",219.05,898.12,,,,"     ",5.30,240.34,2.01
1771,554701137,"01771M09:30:49.269","01771 09:18:40",219.02,898.00,,,,"     ",5.30,243.23,2.03
1771,554701138,"01771M09:30:50.242","01771 09:18:41",218.98,898.13,,,,"     ",5.30,242.87,2.03
1771,554701139,"01771M09:30:51.215","01771 09:18:42",218.93,898.07,,,,"     ",5.30,245.30,2.05
1771,554701140,"01771M09:30:52.189","01771 09:18:43",218.88,898.05,,,,"     ",5.30,241.82,2.02
1771,554701141,"01771M09:30:53.162","01771 09:18:44",218.81,898.05,,,,"     ",5.30,243.40,2.03
1771,554701142,"01771M09:30:54.135","01771 09:18:45",218.74,898.15,,,,"     ",5.30,247.00,2.06
1771,554701143,"01771M09:30:55.108","01771 09:18:46",218.65,898.22,,,,"     ",5.30,243.25,2.03
1771,554701144,"01771M09:30:56.082","01771 09:18:47",218.56,898.19,,,,"     ",5.30,244.97,2.04
1771,554701145,"01771M09:30:57.055","01771 09:18:48",218.48,898.15,,,,"     ",5.30,244.37,2.04
1771,554701146,"01771M09:30:58.028","01771 09:18:48",218.41,898.08,,,,"     ",5.30,244.72,2.04
1771,554701147,"01771M09:30:59.001","01771 09:18:49",218.35,898.09,,,,"     ",5.30,246.44,2.05
1771,554701148,"01771M09:30:59.975","01771 09:18:50",218.32,898.13,,,,"     ",5.30,242.48,2.02
1771,554701149,"01771M09:31:00.948","01771 09:18:51",218.30,898.10,,,,"     ",5.30,243.59,2.03
1771,554701150,"01771M09:31:01.921","01771 09:18:52",218.28,898.14,,,,"     ",5.30,245.36,2.04
1771,554701151,"01771M09:31:02.894","01771 09:18:53",218.27,898.14,,,,"     ",5.30,243.78,2.03
1771,554701152,"01771M09:31:03.868","01771 09:18:54",218.26,898.11,,,,"     ",5.30,243.80,2.03
1771,554701153,"01771M09:31:04.841","01771 09:18:55",218.24,898.15,,,,"     ",5.30,245.95,2.05
1771,554701154,"01771M09:31:05.814","01771 09:18:56",218.21,898.16,,,,"     ",5.30,242.90,2.02
1771,554701155,"01771M09:31:06.787","01771 09:18:57",218.17,898.16,,,,"     ",5.30,244.12,2.03
1771,554701156,"01771M09:31:07.761","01771 09:18:58",218.13,898.25,,,,"     ",5.30,243.78,2.03
1771,554701157,"01771M09:31:08.734","01771 09:18:59",218.09,898.19,,,,"     ",5.30,246.09,2.05
1771,554701158,"01771M09:31:09.707","01771 09:19:00",218.04,898.10,,,,"     ",5.30,245.88,2.04
1771,554701159,"01771M09:31:10.680","01771 09:19:01",218.00,898.08,,,,"     ",5.30,244.79,2.03
1771,554701160,"01771M09:31:11.654","01771 09:19:02",217.95,898.04,,,,"     ",5.30,245.54,2.04
1771,554701161,"01771M09:31:12.627","01771 09:19:03",217.91,897.99,,,,"     ",5.30,244.29,2.03
1771,554701162,"01771M09:31:13.600","01771 09:19:04",217.86,898.02,,,,"     ",5.30,244.98,2.03
1771,554701163,"01771M09:31:14.574","01771 09:19:05",217.82,897.94,,,,"     ",5.30,245.36,2.04
1771,554701164,"01771M09:31:15.547","01771 09:19:06",217.78,898.08,,,,"     ",5.30,244.89,2.03
1771,554701165,"01771M09:31:16.520","01771 09:19:07",217.74,897.97,,,,"     ",5.30,244.70,2.03
1771,554701166,"01771M09:31:17.493","01771 09:19:08",217.70,898.01,,,,"     ",5.30,245.25,2.03
1771,554701167,"01771M09:31:18.467","01771 09:19:09",217.68,897.90,,,,"     ",5.30,243.96,2.02
1771,554701168,"01771M09:31:19.440","01771 09:19:10",217.65,897.94,,,,"     ",5.30,242.89,2.01
1771,554701169,"01771M09:31:20.413","01771 09:19:11",217.62,897.95,,,,"     ",5.30,243.10,2.01
1771,554701170,"01771M09:31:21.386","01771 09:19:12",217.59,898.01,,,,"     ",5.30,244.70,2.03
1771,554701171,"01771M09:31:22.360","01771 09:19:13",217.54,897.94,,,,"     ",5.30,245.87,2.04
1771,554701172,"01771M09:31:23.333","01771 09:19:14",217.49,897.97,,,,"     ",5.30,246.36,2.04
1771,554701173,"01771M09:31:24.306","01771 09:19:15",217.44,897.95,,,,"     ",5.30,243.93,2.02
1771,554701174,"01771M09:31:25.279","01771 09:19:16",217.38,897.91,,,,"     ",5.30,244.42,2.02
1771,554701175,"01771M09:31:26.253","01771 09:19:17",217.32,897.94,,,,"     ",5.30,246.32,2.04
1771,554701176,"01771M09:31:27.226","01771 09:19:18",217.25,897.91,,,,"     ",5.30,245.91,2.04
1771,554701177,"01771M09:31:28.199","01771 09:19:19",217.18,897.96,,,,"     ",5.30,246.65,2.04
1771,554701178,"01771M09:31:29.172","01771 09:19:20",217.11,897.97,,,,"     ",5.30,244.61,2.02
1771,554701179,"01771M09:31:30.146","01771 09:19:21",217.03,897.94,,,,"     ",5.30,245.98,2.04
1771,554701180,"01771M09:31:31.119","01771 09:19:22",216.94,898.00,,,,"     ",5.30,246.50,2.04
1771,554701181,"01771M09:31:32.092","01771 09:19:23",216.86,897.97,,,,"     ",5.30,246.55,2.04
1771,554701182,"01771M09:31:33.065","01771 09:19:24",216.76,898.01,,,,"     ",5.30,247.26,2.05
1771,554701183,"01771M09:31:34.039","01771 09:19:25",217.39,898.00,,,,"     ",5.30,245.09,2.03
1771,554701184,"01771M09:31:35.012","01771 09:19:25",217.29,897.94,,,,"     ",5.30,244.46,2.02
1771,554701185,"01771M09:31:35.985","01771 09:19:26",217.20,897.96,,,,"     ",5.30,248.49,2.06
1771,554701186,"01771M09:31:36.958","01771 09:19:27",217.11,897.92,,,,"     ",5.30,245.46,2.03
1771,554701187,"01771M09:31:37.932","01771 09:19:28",217.03,897.87,,,,"     ",5.30,247.27,2.04
1771,554701188,"01771M09:31:38.905","01771 09:19:29",216.96,897.99,,,,"     ",5.30,245.93,2.03
1771,554701189,"01771M09:31:39.878","01771 09:19:30",216.89,897.96,,,,"     ",5.30,245.42,2.03
1771,554701190,"01771M09:31:40.851","01771 09:19:31",216.83,898.02,,,,"     ",5.30,246.92,2.04
1771,554701191,"01771M09:31:41.825","01771 09:19:32",216.77,897.99,,,,"     ",5.30,246.11,2.03
1771,554701192,"01771M09:31:42.798","01771 09:19:33",216.73,897.92,,,,"     ",5.30,245.70,2.03
1771,554701193,"01771M09:31:43.771","01771 09:19:34",216.68,897.89,,,,"     ",5.30,244.03,2.01
1771,554701194,"01771M09:31:44.744","01771 09:19:35",216.64,897.88,,,,"     ",5.30,243.12,2.01
1771,554701195,"01771M09:31:45.718","01771 09:19:36",216.61,897.86,,,,"     ",5.30,245.57,2.03
1771,554701196,"01771M09:31:46.691","01771 09:19:37",216.58,897.80,,,,"     ",5.30,246.21,2.03
1771,554701197,"01771M09:31:47.664","01771 09:19:38",216.57,897.85,,,,"     ",5.30,245.55,2.02
1771,554701198,"01771M09:31:48.637","01771 09:19:39",216.60,897.93,,,,"     ",5.30,246.28,2.03
1771,554701199,"01771M09:31:49.611","01771 09:19:40",216.62,897.92,,,,"     ",5.30,246.98,2.04
1771,554701200,"01771M09:31:50.584","01771 09:19:41",216.64,897.91,,,,"     ",5.30,246.44,2.03
1771,554701201,"01771M09:31:51.557","01771 09:19:42",216.65,897.88,,,,"     ",5.30,245.41,2.02
1771,554701202,"01771M09:31:52.530","01771 09:19:43",216.64,897.95,,,,"     ",5.30,247.31,2.04
1771,554701203,"01771M09:31:53.504","01771 09:19:44",216.63,897.99,,,,"     ",5.30,247.51,2.04
1771,554701204,"01771M09:31:54.477","01771 09:19:45",216.62,897.89,,,,"     ",5.30,245.61,2.02
1771,554701205,"01771M09:31:55.450","01771 09:19:46",216.61,897.84,,,,"     ",5.30,247.07,2.04
1771,554701206,"01771M09:31:56.423","01771 09:19:47",216.60,897.87,,,,"     ",5.30,245.50,2.02
1771,554701207,"01771M09:31:57.397","01771 09:19:48",216.58,897.82,,,,"     ",5.30,248.63,2.05
1771,554701208,"01771M09:31:58.370","01771 09:19:49",216.55,897.87,,,,"     ",5.30,244.51,2.01
1771,554701209,"01771M09:31:59.343","01771 09:19:50",216.53,897.89,,,,"     ",5.30,244.82,2.02
1771,554701210,"01771M09:32:00.316","01771 09:19:51",216.51,897.88,,,,"     ",5.30,247.97,2.04
1771,554701211,"01771M09:32:01.290","01771 09:19:52",216.50,897.87,,,,"     ",5.30,247.38,2.04
1771,554701212,"01771M09:32:02.263","01771 09:19:53",216.49,897.87,,,,"     ",5.30,246.76,2.03
1771,554701213,"01771M09:32:03.236","01771 09:19:54",216.48,897.90,,,,"     ",5.30,248.76,2.05
1771,554701214,"01771M09:32:04.209","01771 09:19:55",216.47,897.89,,,,"     ",5.30,244.19,2.01
1771,554701215,"01771M09:32:05.183","01771 09:19:56",216.45,897.85,,,,"     ",5.30,246.40,2.03
1771,554701216,"01771M09:32:06.156","01771 09:19:57",216.42,897.93,,,,"     ",5.30,245.71,2.02
1771,554701217,"01771M09:32:07.129","01771 09:19:58",216.39,897.88,,,,"     ",5.30,247.56,2.03
1771,554701218,"01771M09:32:08.102","01771 09:19:59",216.35,897.91,,,,"     ",5.30,244.95,2.01
1771,554701219,"01771M09:32:09.076","01771 09:20:00",216.31,897.79,,,,"     ",5.30,247.23,2.03
1771,554701220,"01771M09:32:10.049","01771 09:20:01",216.28,897.82,,,,"     ",5.30,245.78,2.02
1771,554701221,"01771M09:32:11.022","01771 09:20:01",216.27,897.75,,,,"     ",5.30,244.25,2.00
1771,554701222,"01771M09:32:11.995","01771 09:20:02",216.26,897.73,,,,"     ",5.30,247.17,2.03
1771,554701223,"01771M09:32:12.969","01771 09:20:03",216.27,897.81,,,,"     ",5.30,245.83,2.02
1771,554701224,"01771M09:32:13.942","01771 09:20:04",216.28,897.75,,,,"     ",5.30,247.19,2.03
1771,554701225,"01771M09:32:14.915","01771 09:20:05",216.29,897.75,,,,"     ",5.30,244.14,2.00
1771,554701226,"01771M09:32:15.888","01771 09:20:06",216.30,897.75,,,,"     ",5.30,246.76,2.02
1771,554701227,"01771M09:32:16.862","01771 09:20:07",216.30,897.74,,,,"     ",5.30,246.30,2.02
1771,554701228,"01771M09:32:17.835","01771 09:20:08",216.29,897.71,,,,"     ",5.30,247.50,2.03
1771,554701229,"01771M09:32:18.808","01771 09:20:09",216.28,897.77,,,,"     ",5.30,247.54,2.03
1771,554701230,"01771M09:32:19.781","01771 09:20:10",216.26,897.77,,,,"     ",5.30,247.33,2.03
1771,554701231,"01771M09:32:20.755","01771 09:20:11",216.22,897.78,,,,"     ",5.30,245.81,2.01
1771,554701232,"01771M09:32:21.728","01771 09:20:12",216.18,897.73,,,,"     ",5.30,247.18,2.02
1771,554701233,"01771M09:32:22.701","01771 09:20:13",216.13,897.82,,,,"     ",5.30,246.60,2.02
1771,554701234,"01771M09:32:23.675","01771 09:20:14",216.09,897.74,,,,"     ",5.30,249.90,2.05
1771,554701235,"01771M09:32:24.648","01771 09:20:15",216.06,897.77,,,,"     ",5.30,246.31,2.02
1771,554701236,"01771M09:32:25.621","01771 09:20:16",216.04,897.83,,,,"     ",5.30,246.09,2.01
1771,554701237,"01771M09:32:26.594","01771 09:20:17",216.03,897.73,,,,"     ",5.30,246.80,2.02
1771,554701238,"01771M09:32:27.568","01771 09:20:18",216.03,897.71,,,,"     ",5.30,248.81,2.03
1771,554701239,"01771M09:32:28.541","01771 09:20:19",216.03,897.70,,,,"     ",5.30,248.25,2.03
1771,554701240,"01771M09:32:29.514","01771 09:20:20",216.03,897.77,,,,"     ",5.30,248.10,2.03
1771,554701241,"01771M09:32:30.487","01771 09:20:21",216.02,897.68,,,,"     ",5.30,247.81,2.02
1771,554701242,"01771M09:32:31.461","01771 09:20:22",216.01,897.73,,,,"     ",5.30,244.35,1.99
1771,554701243,"01771M09:32:32.434","01771 09:20:23",216.00,897.78,,,,"     ",5.30,250.02,2.04
1771,554701244,"01771M09:32:33.407","01771 09:20:24",215.99,897.74,,,,"     ",5.30,248.21,2.03
1771,554701245,"01771M09:32:34.380","01771 09:20:25",215.98,897.82,,,,"     ",5.30,246.98,2.02
1771,554701246,"01771M09:32:35.354","01771 09:20:26",215.98,897.68,,,,"     ",5.30,246.58,2.01
1771,554701247,"01771M09:32:36.327","01771 09:20:27",215.98,897.76,,,,"     ",5.30,249.08,2.03
1771,554701248,"01771M09:32:37.300","01771 09:20:28",215.98,897.72,,,,"     ",5.30,246.29,2.01
1771,554701249,"01771M09:32:38.273","01771 09:20:29",215.98,897.75,,,,"     ",5.30,251.05,2.05
1771,554701250,"01771M09:32:39.247","01771 09:20:30",215.99,897.74,,,,"     ",5.30,249.26,2.03
1771,554701251,"01771M09:32:40.220","01771 09:20:31",216.01,897.75,,,,"     ",5.30,245.48,2.00
1771,554701252,"01771M09:32:41.193","01771 09:20:32",216.03,897.82,,,,"     ",5.30,248.33,2.02
1771,554701253,"01771M09:32:42.166","01771 09:20:33",216.07,897.79,,,,"     ",5.30,248.87,2.03
1771,554701254,"01771M09:32:43.140","01771 09:20:34",216.10,897.71,,,,"     ",5.30,246.37,2.01
1771,554701255,"01771M09:32:44.113","01771 09:20:35",216.13,897.73,,,,"     ",5.30,249.45,2.03
1771,554701256,"01771M09:32:45.086","01771 09:20:36",216.15,897.70,,,,"     ",5.30,248.41,2.02
1771,554701257,"01771M09:32:46.059","01771 09:20:37",216.16,897.82,,,,"     ",5.30,248.26,2.02
1771,554701258,"01771M09:32:47.033","01771 09:20:38",216.16,897.73,,,,"     ",5.30,250.83,2.04
1771,554701259,"01771M09:32:48.006","01771 09:20:38",216.14,897.64,,,,"     ",5.30,250.61,2.04
1771,554701260,"01771M09:32:48.979","01771 09:20:39",216.12,897.58,,,,"     ",5.30,247.76,2.02
1771,554701261,"01771M09:32:49.952","01771 09:20:40",216.11,897.57,,,,"     ",5.30,248.80,2.02
1771,554701262,"01771M09:32:50.926","01771 09:20:41",216.10,897.64,,,,"     ",5.30,247.86,2.02
1771,554701263,"01771M09:32:51.899","01771 09:20:42",216.09,897.60,,,,"     ",5.30,247.65,2.01
1771,554701264,"01771M09:32:52.872","01771 09:20:43",216.10,897.63,,,,"     ",5.30,249.21,2.03
1771,554701265,"01771M09:32:53.845","01771 09:20:44",216.11,897.69,,,,"     ",5.30,248.96,2.02
1771,554701266,"01771M09:32:54.819","01771 09:20:45",216.13,897.71,,,,"     ",5.30,250.31,2.03
1771,554701267,"01771M09:32:55.792","01771 09:20:46",216.16,897.67,,,,"     ",5.30,250.29,2.03
1771,554701268,"01771M09:32:56.765","01771 09:20:47",216.18,897.60,,,,"     ",5.30,249.55,2.03
1771,554701269,"01771M09:32:57.738","01771 09:20:48",216.20,897.58,,,,"     ",5.30,247.92,2.01
1771,554701270,"01771M09:32:58.712","01771 09:20:49",216.22,897.63,,,,"     ",5.30,249.19,2.02
1771,554701271,"01771M09:32:59.685","01771 09:20:50",216.23,897.59,,,,"     ",5.30,249.15,2.02
1771,554701272,"01771M09:33:00.658","01771 09:20:51",216.22,897.61,,,,"     ",5.30,249.57,2.03
1771,554701273,"01771M09:33:01.631","01771 09:20:52",216.21,897.68,,,,"     ",5.30,249.50,2.03
1771,554701274,"01771M09:33:02.605","01771 09:20:53",216.19,897.65,,,,"     ",5.30,248.66,2.02
1771,554701275,"01771M09:33:03.578","01771 09:20:54",216.16,897.72,,,,"     ",5.30,246.98,2.00
1771,554701276,"01771M09:33:04.551","01771 09:20:55",216.13,897.62,,,,"     ",5.30,247.74,2.01
1771,554701277,"01771M09:33:05.524","01771 09:20:56",216.10,897.65,,,,"     ",5.30,249.66,2.03
1771,554701278,"01771M09:33:06.498","01771 09:20:57",216.07,897.62,,,,"     ",5.30,249.67,2.03
1771,554701279,"01771M09:33:07.471","01771 09:20:58",216.05,897.61,,,,"     ",5.30,251.22,2.04
1771,554701280,"01771M09:33:08.444","01771 09:20:59",216.06,897.54,,,,"     ",5.30,250.40,2.03
1771,554701281,"01771M09:33:09.417","01771 09:21:00",216.09,897.49,,,,"     ",5.30,248.00,2.01
1771,554701282,"01771M09:33:10.391","01771 09:21:01",216.16,897.60,,,,"     ",5.30,249.56,2.02
1771,554701283,"01771M09:33:11.364","01771 09:21:02",216.25,897.61,,,,"     ",5.30,250.62,2.03
1771,554701284,"01771M09:33:12.337","01771 09:21:03",216.37,897.55,,,,"     ",5.30,247.54,2.01
1771,554701285,"01771M09:33:13.310","01771 09:21:04",216.51,897.60,,,,"     ",5.30,250.34,2.03
1771,554701286,"01771M09:33:14.284","01771 09:21:05",216.66,897.51,,,,"     ",5.30,251.10,2.04
1771,554701287,"01771M09:33:15.257","01771 09:21:06",216.81,897.59,,,,"     ",5.30,248.86,2.02
1771,554701288,"01771M09:33:16.230","01771 09:21:07",216.96,897.60,,,,"     ",5.30,249.98,2.03
1771,554701289,"01771M09:33:17.203","01771 09:21:08",217.11,897.61,,,,"     ",5.30,249.70,2.02
1771,554701290,"01771M09:33:18.177","01771 09:21:09",217.25,897.60,,,,"     ",5.30,250.46,2.03
1771,554701291,"01771M09:33:19.150","01771 09:21:10",217.37,897.53,,,,"     ",5.30,248.66,2.01
1771,554701292,"01771M09:33:20.123","01771 09:21:11",217.49,897.59,,,,"     ",5.30,249.60,2.02
1771,554701293,"01771M09:33:21.096","01771 09:21:12",217.60,897.57,,,,"     ",5.30,251.06,2.03
1771,554701294,"01771M09:33:22.070","01771 09:21:13",217.68,897.52,,,,"     ",5.30,252.03,2.04
1771,554701295,"01771M09:33:23.043","01771 09:21:14",217.75,897.53,,,,"     ",5.30,249.30,2.02
1771,554701296,"01771M09:33:24.016","01771 09:21:15",217.81,897.53,,,,"     ",5.30,249.57,2.02
1771,554701297,"01771M09:33:24.989","01771 09:21:15",217.86,897.48,,,,"     ",5.30,249.54,2.02
1771,554701298,"01771M09:33:25.963","01771 09:21:16",217.91,897.55,,,,"     ",5.30,248.68,2.01
1771,554701299,"01771M09:33:26.936","01771 09:21:17",217.98,897.43,,,,"     ",5.30,250.98,2.03
1771,554701300,"01771M09:33:27.909","01771 09:21:18",218.06,897.42,,,,"     ",5.30,251.60,2.03
1771,554701301,"01771M09:33:28.882","01771 09:21:19",218.14,897.43,,,,"     ",5.30,251.13,2.03
1771,554701302,"01771M09:33:29.856","01771 09:21:20",218.23,897.40,,,,"     ",5.30,251.90,2.04
1771,554701303,"01771M09:33:30.829","01771 09:21:21",218.32,897.44,,,,"     ",5.30,249.35,2.01
1771,554701304,"01771M09:33:31.802","01771 09:21:22",218.41,897.48,,,,"     ",5.30,251.92,2.04
1771,554701305,"01771M09:33:32.775","01771 09:21:23",218.50,897.47,,,,"     ",5.30,250.45,2.02
1771,554701306,"01771M09:33:33.749","01771 09:21:24",218.60,897.43,,,,"     ",5.30,251.38,2.03
1771,554701307,"01771M09:33:34.722","01771 09:21:25",218.70,897.44,,,,"     ",5.30,249.50,2.01
1771,554701308,"01771M09:33:35.695","01771 09:21:26",218.79,897.41,,,,"     ",5.30,248.95,2.01
1771,554701309,"01771M09:33:36.669","01771 09:21:27",218.89,897.38,,,,"     ",5.30,250.54,2.02
1771,554701310,"01771M09:33:37.642","01771 09:21:28",218.98,897.45,,,,"     ",5.30,250.83,2.02
1771,554701311,"01771M09:33:38.615","01771 09:21:29",219.08,897.43,,,,"     ",5.30,252.35,2.04
1771,554701312,"01771M09:33:39.588","01771 09:21:30",219.19,897.49,,,,"     ",5.30,251.60,2.03
1771,554701313,"01771M09:33:40.562","01771 09:21:31",219.29,897.44,,,,"     ",5.30,250.52,2.02
1771,554701314,"01771M09:33:41.535","01771 09:21:32",219.40,897.48,,,,"     ",5.30,250.97,2.02
1771,554701315,"01771M09:33:42.508","01771 09:21:33",219.52,897.42,,,,"     ",5.30,250.59,2.02
1771,554701316,"01771M09:33:43.481","01771 09:21:34",219.65,897.46,,,,"     ",5.30,251.20,2.02
1771,554701317,"01771M09:33:44.455","01771 09:21:35",219.78,897.50,,,,"     ",5.30,250.62,2.02
1771,554701318,"01771M09:33:45.428","01771 09:21:36",219.91,897.42,,,,"     ",5.30,248.11,2.00
1771,554701319,"01771M09:33:46.401","01771 09:21:37",220.03,897.45,,,,"     ",5.30,249.46,2.01
1771,554701320,"01771M09:33:47.374","01771 09:21:38",220.13,897.47,,,,"     ",5.30,251.26,2.02
1771,554701321,"01771M09:33:48.348","01771 09:21:39",220.21,897.44,,,,"     ",5.30,249.42,2.01
1771,554701322,"01771M09:33:49.321","01771 09:21:40",220.27,897.47,,,,"     ",5.30,250.24,2.01
1771,554701323,"01771M09:33:50.294","01771 09:21:41",220.30,897.37,,,,"     ",5.30,250.11,2.01
1771,554701324,"01771M09:33:51.267","01771 09:21:42",220.32,897.40,,,,"     ",5.30,251.59,2.02
1771,554701325,"01771M09:33:52.241","01771 09:21:43",220.31,897.38,,,,"     ",5.30,252.45,2.03
1771,554701326,"01771M09:33:53.214","01771 09:21:44",220.29,897.36,,,,"     ",5.30,250.44,2.01
1771,554701327,"01771M09:33:54.187","01771 09:21:45",220.28,897.34,,,,"     ",5.30,251.92,2.02
1771,554701328,"01771M09:33:55.160","01771 09:21:46",220.27,897.25,,,,"     ",5.30,252.17,2.02
1771,554701329,"01771M09:33:56.134","01771 09:21:47",220.27,897.26,,,,"     ",5.30,249.00,2.00
1771,554701330,"01771M09:33:57.107","01771 09:21:48",220.29,897.33,,,,"     ",5.30,252.14,2.02
1771,554701331,"01771M09:33:58.080","01771 09:21:49",220.33,897.25,,,,"     ",5.30,252.13,2.02
1771,554701332,"01771M09:33:59.053","01771 09:21:50",220.39,897.30,,,,"     ",5.30,253.45,2.03
1771,554701333,"01771M09:34:00.027","01771 09:21:51",220.47,897.40,,,,"     ",5.30,250.66,2.01
1771,554701334,"01771M09:34:01.000","01771 09:21:52",220.55,897.29,,,,"     ",5.30,253.59,2.03
1771,554701335,"01771M09:34:01.973","01771 09:21:52",220.62,897.34,,,,"     ",5.30,253.66,2.03
1771,554701336,"01771M09:34:02.946","01771 09:21:53",220.70,897.25,,,,"     ",5.30,251.93,2.02
1771,554701337,"01771M09:34:03.920","01771 09:21:54",220.77,897.29,,,,"     ",5.30,254.55,2.04
1771,554701338,"01771M09:34:04.893","01771 09:21:55",220.82,897.29,,,,"     ",5.30,250.59,2.01
1771,554701339,"01771M09:34:05.866","01771 09:21:56",220.84,897.32,,,,"     ",5.30,253.26,2.03
1771,554701340,"01771M09:34:06.839","01771 09:21:57",220.85,897.30,,,,"     ",5.30,252.73,2.02
1771,554701341,"01771M09:34:07.813","01771 09:21:58",220.85,897.31,,,,"     ",5.30,252.61,2.02
1771,554701342,"01771M09:34:08.786","01771 09:21:59",220.85,897.42,,,,"     ",5.30,251.51,2.01
1771,554701343,"01771M09:34:09.759","01771 09:22:00",220.84,897.32,,,,"     ",5.30,254.12,2.03
1771,554701344,"01771M09:34:10.732","01771 09:22:01",220.84,897.36,,,,"     ",5.30,252.23,2.02
1771,554701345,"01771M09:34:11.706","01771 09:22:02",220.86,897.21,,,,"     ",5.30,253.54,2.03
1771,554701346,"01771M09:34:12.679","01771 09:22:03",220.90,897.21,,,,"     ",5.30,251.89,2.01
1771,554701347,"01771M09:34:13.652","01771 09:22:04",220.97,897.20,,,,"     ",5.30,251.99,2.01
1771,554701348,"01771M09:34:14.625","01771 09:22:05",221.05,897.21,,,,"     ",5.30,255.30,2.04
1771,554701349,"01771M09:34:15.599","01771 09:22:06",221.14,897.31,,,,"     ",5.30,253.93,2.03
1771,554701350,"01771M09:34:16.572","01771 09:22:07",221.25,897.25,,,,"     ",5.30,250.89,2.00
1771,554701351,"01771M09:34:17.545","01771 09:22:08",221.36,897.27,,,,"     ",5.30,254.25,2.03
1771,554701352,"01771M09:34:18.518","01771 09:22:09",221.48,897.24,,,,"     ",5.30,253.44,2.02
1771,554701353,"01771M09:34:19.492","01771 09:22:10",221.61,897.20,,,,"     ",5.30,253.36,2.02
1771,554701354,"01771M09:34:20.465","01771 09:22:11",221.72,897.20,,,,"     ",5.30,252.31,2.01
1771,554701355,"01771M09:34:21.438","01771 09:22:12",221.83,897.20,,,,"     ",5.30,253.39,2.02
1771,554701356,"01771M09:34:22.411","01771 09:22:13",221.92,897.15,,,,"     ",5.30,255.09,2.03
1771,554701357,"01771M09:34:23.385","01771 09:22:14",222.01,897.12,,,,"     ",5.30,251.64,2.00
1771,554701358,"01771M09:34:24.358","01771 09:22:15",222.08,897.09,,,,"     ",5.30,254.43,2.02
1771,554701359,"01771M09:34:25.331","01771 09:22:16",222.14,897.18,,,,"     ",5.30,254.48,2.02
1771,554701360,"01771M09:34:26.304","01771 09:22:17",222.20,897.06,,,,"     ",5.30,254.20,2.02
1771,554701361,"01771M09:34:27.278","01771 09:22:18",222.27,897.11,,,,"     ",5.30,251.93,2.00
1771,554701362,"01771M09:34:28.251","01771 09:22:19",222.34,897.11,,,,"     ",5.30,254.54,2.02
1771,554701363,"01771M09:34:29.224","01771 09:22:20",222.41,897.14,,,,"     ",5.30,254.67,2.02
1771,554701364,"01771M09:34:30.197","01771 09:22:21",222.49,897.14,,,,"     ",5.30,251.24,1.99
1771,554701365,"01771M09:34:31.171","01771 09:22:22",222.56,897.17,,,,"     ",5.30,253.94,2.01
1771,554701366,"01771M09:34:32.144","01771 09:22:23",222.63,897.20,,,,"     ",5.30,255.67,2.03
1771,554701367,"01771M09:34:33.117","01771 09:22:24",222.69,897.17,,,,"     ",5.30,253.93,2.01
1771,554701368,"01771M09:34:34.090","01771 09:22:25",222.74,897.24,,,,"     ",5.30,254.37,2.02
1771,554701369,"01771M09:34:35.064","01771 09:22:26",222.79,897.13,,,,"     ",5.30,253.57,2.01
1771,554701370,"01771M09:34:36.037","01771 09:22:27",222.83,897.19,,,,"     ",5.30,255.57,2.02
1771,554701371,"01771M09:34:37.010","01771 09:22:28",222.88,897.18,,,,"     ",5.30,255.04,2.02
1771,554701372,"01771M09:34:37.983","01771 09:22:28",222.92,897.12,,,,"     ",5.30,253.08,2.00
1771,554701373,"01771M09:34:38.957","01771 09:22:29",222.97,897.11,,,,"     ",5.30,255.59,2.02
1771,554701374,"01771M09:34:39.930","01771 09:22:30",223.02,897.10,,,,"     ",5.30,255.43,2.02
1771,554701375,"01771M09:34:40.903","01771 09:22:31",223.06,897.12,,,,"     ",5.30,256.32,2.03
1771,554701376,"01771M09:34:41.876","01771 09:22:32",223.11,897.12,,,,"     ",5.30,255.52,2.02
1771,554701377,"01771M09:34:42.850","01771 09:22:33",223.15,897.17,,,,"     ",5.30,255.87,2.02
1771,554701378,"01771M09:34:43.823","01771 09:22:34",223.19,897.11,,,,"     ",5.30,255.03,2.01
1771,554701379,"01771M09:34:44.796","01771 09:22:35",223.23,897.17,,,,"     ",5.30,253.85,2.00
1771,554701380,"01771M09:34:45.770","01771 09:22:36",223.26,897.16,,,,"     ",5.30,253.26,2.00
1771,554701381,"01771M09:34:46.743","01771 09:22:37",223.30,897.19,,,,"     ",5.30,254.10,2.00
1771,554701382,"01771M09:34:47.716","01771 09:22:38",223.35,897.09,,,,"     ",5.30,255.61,2.01
1771,554701383,"01771M09:34:48.689","01771 09:22:39",223.39,897.15,,,,"     ",5.30,254.33,2.00
1771,554701384,"01771M09:34:49.663","01771 09:22:40",223.44,897.12,,,,"     ",5.30,255.98,2.02
1771,554701385,"01771M09:34:50.636","01771 09:22:41",223.49,897.16,,,,"     ",5.30,255.88,2.01
1771,554701386,"01771M09:34:51.609","01771 09:22:42",223.54,897.16,,,,"     ",5.30,256.71,2.02
1771,554701387,"01771M09:34:52.582","01771 09:22:43",223.59,897.15,,,,"     ",5.30,255.05,2.01
1771,554701388,"01771M09:34:53.556","01771 09:22:44",223.65,897.11,,,,"     ",5.30,254.38,2.00
1771,554701389,"01771M09:34:54.529","01771 09:22:45",223.70,897.10,,,,"     ",5.30,257.06,2.02
1771,554701390,"01771M09:34:55.502","01771 09:22:46",223.76,897.06,,,,"     ",5.30,256.94,2.02
1771,554701391,"01771M09:34:56.475","01771 09:22:47",223.80,897.09,,,,"     ",5.30,258.16,2.03
1771,554701392,"01771M09:34:57.449","01771 09:22:48",223.84,897.06,,,,"     ",5.30,254.84,2.00
1771,554701393,"01771M09:34:58.422","01771 09:22:49",223.86,897.14,,,,"     ",5.30,256.66,2.02
1771,554701394,"01771M09:34:59.395","01771 09:22:50",223.85,897.18,,,,"     ",5.30,257.13,2.02
1771,554701395,"01771M09:35:00.368","01771 09:22:51",223.82,897.17,,,,"     ",5.30,256.87,2.02
1771,554701396,"01771M09:35:01.342","01771 09:22:52",223.77,897.13,,,,"     ",5.30,254.87,2.00
1771,554701397,"01771M09:35:02.315","01771 09:22:53",223.69,897.09,,,,"     ",5.30,256.79,2.01
1771,554701398,"01771M09:35:03.288","01771 09:22:54",223.58,897.15,,,,"     ",5.30,256.96,2.01
1771,554701399,"01771M09:35:04.261","01771 09:22:55",223.47,897.02,,,,"     ",5.30,256.29,2.01
1771,554701400,"01771M09:35:05.235","01771 09:22:56",223.35,897.07,,,,"     ",5.30,259.49,2.03
1771,554701401,"01771M09:35:06.208","01771 09:22:57",223.22,897.11,,,,"     ",5.30,256.42,2.01
1771,554701402,"01771M09:35:07.181","01771 09:22:58",223.08,897.09,,,,"     ",5.30,256.05,2.00
1771,554701403,"01771M09:35:08.154","01771 09:22:59",222.94,897.04,,,,"     ",5.30,258.85,2.03
1771,554701404,"01771M09:35:09.128","01771 09:23:00",222.80,897.06,,,,"     ",5.30,257.56,2.01
1771,554701405,"01771M09:35:10.101","01771 09:23:01",222.66,897.07,,,,"     ",5.30,256.61,2.01
1771,554701406,"01771M09:35:11.074","01771 09:23:02",222.53,897.10,,,,"     ",5.30,257.87,2.02
1771,554701407,"01771M09:35:12.047","01771 09:23:03",222.42,897.09,,,,"     ",5.30,253.87,1.98
1771,554701408,"01771M09:35:13.021","01771 09:23:04",222.33,897.10,,,,"     ",5.30,257.68,2.01
1771,554701409,"01771M09:35:13.994","01771 09:23:05",222.25,897.05,,,,"     ",5.30,258.78,2.02
1771,554701410,"01771M09:35:14.967","01771 09:23:05",222.18,897.17,,,,"     ",5.30,257.76,2.01
1771,554701411,"01771M09:35:15.940","01771 09:23:06",222.11,897.16,,,,"     ",5.30,258.70,2.02
1771,554701412,"01771M09:35:16.914","01771 09:23:07",222.05,897.06,,,,"     ",5.30,257.15,2.01
1771,554701413,"01771M09:35:17.887","01771 09:23:08",221.98,896.97,,,,"     ",5.30,257.58,2.01
1771,554701414,"01771M09:35:18.860","01771 09:23:09",221.91,896.95,,,,"     ",5.30,257.13,2.01
1771,554701415,"01771M09:35:19.833","01771 09:23:10",221.84,897.03,,,,"     ",5.30,259.07,2.02
1771,554701416,"01771M09:35:20.807","01771 09:23:11",221.78,897.04,,,,"     ",5.30,256.63,2.00
1771,554701417,"01771M09:35:21.780","01771 09:23:12",221.72,897.01,,,,"     ",5.30,256.99,2.00
1771,554701418,"01771M09:35:22.753","01771 09:23:13",221.67,897.07,,,,"     ",5.30,255.98,2.00
1771,554701419,"01771M09:35:23.726","01771 09:23:14",221.62,897.06,,,,"     ",5.30,257.30,2.01
1771,554701420,"01771M09:35:24.700","01771 09:23:15",221.55,896.93,,,,"     ",5.30,255.65,1.99
1771,554701421,"01771M09:35:25.673","01771 09:23:16",221.46,897.00,,,,"     ",5.30,256.18,2.00
1771,554701422,"01771M09:35:26.646","01771 09:23:17",221.37,896.95,,,,"     ",5.30,255.44,1.99
1771,554701423,"01771M09:35:27.619","01771 09:23:18",221.28,896.95,,,,"     ",5.30,257.74,2.01
1771,554701424,"01771M09:35:28.593","01771 09:23:19",221.19,896.92,,,,"     ",5.30,254.80,1.98
1771,554701425,"01771M09:35:29.566","01771 09:23:20",221.11,897.01,,,,"     ",5.30,259.66,2.02
1771,554701426,"01771M09:35:30.539","01771 09:23:21",221.03,896.97,,,,"     ",5.30,259.06,2.02
1771,554701427,"01771M09:35:31.512","01771 09:23:22",220.97,896.95,,,,"     ",5.30,257.79,2.01
1771,554701428,"01771M09:35:32.486","01771 09:23:23",220.91,896.95,,,,"     ",5.30,257.66,2.00
1771,554701429,"01771M09:35:33.459","01771 09:23:24",220.86,896.88,,,,"     ",5.30,260.30,2.03
1771,554701430,"01771M09:35:34.432","01771 09:23:25",220.81,896.94,,,,"     ",5.30,257.99,2.01
1771,554701431,"01771M09:35:35.405","01771 09:23:26",220.76,896.88,,,,"     ",5.30,258.48,2.01
1771,554701432,"01771M09:35:36.379","01771 09:23:27",220.73,896.96,,,,"     ",5.30,257.48,2.00
1771,554701433,"01771M09:35:37.352","01771 09:23:28",220.71,896.97,,,,"     ",5.30,258.65,2.01
1771,554701434,"01771M09:35:38.325","01771 09:23:29",220.71,897.01,,,,"     ",5.30,257.01,2.00
1771,554701435,"01771M09:35:39.298","01771 09:23:30",220.72,897.07,,,,"     ",5.30,258.72,2.01
1771,554701436,"01771M09:35:40.272","01771 09:23:31",220.74,897.00,,,,"     ",5.30,260.28,2.02
1771,554701437,"01771M09:35:41.245","01771 09:23:32",220.77,896.96,,,,"     ",5.30,257.20,2.00
1771,554701438,"01771M09:35:42.218","01771 09:23:33",220.80,896.90,,,,"     ",5.30,258.04,2.00
1771,554701439,"01771M09:35:43.191","01771 09:23:34",220.83,896.93,,,,"     ",5.30,259.76,2.02
1771,554701440,"01771M09:35:44.165","01771 09:23:35",220.86,896.84,,,,"     ",5.30,257.57,2.00
1771,554701441,"01771M09:35:45.138","01771 09:23:36",220.91,896.87,,,,"     ",5.30,258.40,2.00
1771,554701442,"01771M09:35:46.111","01771 09:23:37",220.96,896.85,,,,"     ",5.30,258.13,2.00
1771,554701443,"01771M09:35:47.084","01771 09:23:38",221.01,896.79,,,,"     ",5.30,257.38,2.00
1771,554701444,"01771M09:35:48.058","01771 09:23:39",221.06,896.75,,,,"     ",5.30,258.10,2.00
1771,554701445,"01771M09:35:49.031","01771 09:23:40",221.11,896.75,,,,"     ",5.30,257.81,2.00
1771,554701446,"01771M09:35:50.004","01771 09:23:41",221.14,896.72,,,,"     ",5.30,258.48,2.00
1771,554701447,"01771M09:35:50.977","01771 09:23:42",221.18,896.74,,,,"     ",5.30,259.34,2.01
1771,554701448,"01771M09:35:51.951","01771 09:23:42",221.20,896.76,,,,"     ",5.30,259.89,2.01
1771,554701449,"01771M09:35:52.924","01771 09:23:43",221.23,896.85,,,,"     ",5.30,257.33,1.99
1771,554701450,"01771M09:35:53.897","01771 09:23:44",221.24,896.82,,,,"     ",5.30,258.69,2.00
1771,554701451,"01771M09:35:54.871","01771 09:23:45",221.24,896.85,,,,"     ",5.30,261.71,2.03
1771,554701452,"01771M09:35:55.844","01771 09:23:46",221.23,896.79,,,,"     ",5.30,260.10,2.01
1771,554701453,"01771M09:35:56.817","01771 09:23:47",221.21,896.86,,,,"     ",5.30,259.73,2.01
1771,554701454,"01771M09:35:57.790","01771 09:23:48",221.18,896.70,,,,"     ",5.30,258.90,2.00
1771,554701455,"01771M09:35:58.764","01771 09:23:49",221.14,896.75,,,,"     ",5.30,260.77,2.02
1771,554701456,"01771M09:35:59.737","01771 09:23:50",221.09,896.71,,,,"     ",5.30,258.34,2.00
1771,554701457,"01771M09:36:00.710","01771 09:23:51",221.04,896.67,,,,"     ",5.30,259.51,2.01
1771,554701458,"01771M09:36:01.683","01771 09:23:52",220.99,896.80,,,,"     ",5.30,259.47,2.01
1771,554701459,"01771M09:36:02.657","01771 09:23:53",220.93,896.81,,,,"     ",5.30,258.89,2.00
1771,554701460,"01771M09:36:03.630","01771 09:23:54",220.89,896.83,,,,"     ",5.30,260.95,2.02
1771,554701461,"01771M09:36:04.603","01771 09:23:55",220.86,896.74,,,,"     ",5.30,258.69,2.00
1771,554701462,"01771M09:36:05.576","01771 09:23:56",220.85,896.82,,,,"     ",5.30,260.51,2.01
1771,554701463,"01771M09:36:06.550","01771 09:23:57",220.84,896.90,,,,"     ",5.30,260.92,2.01
1771,554701464,"01771M09:36:07.523","01771 09:23:58",220.85,896.84,,,,"     ",5.30,261.32,2.02
1771,554701465,"01771M09:36:08.496","01771 09:23:59",220.86,896.77,,,,"     ",5.30,260.17,2.01
1771,554701466,"01771M09:36:09.469","01771 09:24:00",220.88,896.69,,,,"     ",5.30,261.82,2.02
1771,554701467,"01771M09:36:10.443","01771 09:24:01",220.91,896.74,,,,"     ",5.30,260.59,2.01
1771,554701468,"01771M09:36:11.416","01771 09:24:02",220.94,896.73,,,,"     ",5.30,260.31,2.01
1771,554701469,"01771M09:36:12.389","01771 09:24:03",220.98,896.72,,,,"     ",5.30,262.47,2.02
1771,554701470,"01771M09:36:13.362","01771 09:24:04",221.03,896.69,,,,"     ",5.30,262.79,2.03
1771,554701471,"01771M09:36:14.336","01771 09:24:05",221.09,896.69,,,,"     ",5.30,261.44,2.02
1771,554701472,"01771M09:36:15.309","01771 09:24:06",221.16,896.76,,,,"     ",5.30,259.64,2.00
1771,554701473,"01771M09:36:16.282","01771 09:24:07",221.24,896.68,,,,"     ",5.30,261.82,2.02
1771,554701474,"01771M09:36:17.255","01771 09:24:08",221.33,896.69,,,,"     ",5.30,260.57,2.01
1771,554701475,"01771M09:36:18.229","01771 09:24:09",221.41,896.69,,,,"     ",5.30,262.16,2.02
1771,554701476,"01771M09:36:19.202","01771 09:24:10",221.48,896.77,,,,"     ",5.30,258.61,1.99
1771,554701477,"01771M09:36:20.175","01771 09:24:11",221.53,896.66,,,,"     ",5.30,263.26,2.03
1771,554701478,"01771M09:36:21.148","01771 09:24:12",221.54,896.73,,,,"     ",5.30,263.01,2.03
1771,554701479,"01771M09:36:22.122","01771 09:24:13",221.53,896.71,,,,"     ",5.30,260.10,2.00
1771,554701480,"01771M09:36:23.095","01771 09:24:14",221.51,896.72,,,,"     ",5.30,260.56,2.01
1771,554701481,"01771M09:36:24.068","01771 09:24:15",221.48,896.65,,,,"     ",5.30,262.10,2.02
1771,554701482,"01771M09:36:25.041","01771 09:24:16",221.44,896.73,,,,"     ",5.30,261.25,2.01
1771,554701483,"01771M09:36:26.015","01771 09:24:17",221.40,896.68,,,,"     ",5.30,259.26,1.99
1771,554701484,"01771M09:36:26.988","01771 09:24:18",221.34,896.68,,,,"     ",5.30,260.37,2.00
1771,554701485,"01771M09:36:27.961","01771 09:24:18",221.27,896.70,,,,"     ",5.30,261.63,2.01
1771,554701486,"01771M09:36:28.934","01771 09:24:19",221.19,896.66,,,,"     ",5.30,261.81,2.01
1771,554701487,"01771M09:36:29.908","01771 09:24:20",221.10,896.60,,,,"     ",5.30,260.12,2.00
1771,554701488,"01771M09:36:30.881","01771 09:24:21",220.99,896.60,,,,"     ",5.30,260.36,2.00
1771,554701489,"01771M09:36:31.854","01771 09:24:22",220.87,896.61,,,,"     ",5.30,261.40,2.01
1771,554701490,"01771M09:36:32.827","01771 09:24:23",220.74,896.58,,,,"     ",5.30,260.67,2.00
1771,554701491,"01771M09:36:33.801","01771 09:24:24",221.05,896.59,,,,"     ",5.30,262.21,2.01
1771,554701492,"01771M09:36:34.774","01771 09:24:25",220.94,896.67,,,,"     ",5.30,261.38,2.01
1771,554701493,"01771M09:36:35.747","01771 09:24:26",220.83,896.58,,,,"     ",5.30,259.50,1.99
1771,554701494,"01771M09:36:36.720","01771 09:24:27",220.73,896.66,,,,"     ",5.30,260.50,2.00
1771,554701495,"01771M09:36:37.694","01771 09:24:28",220.63,896.72,,,,"     ",5.30,261.03,2.00
1771,554701496,"01771M09:36:38.667","01771 09:24:29",220.54,896.63,,,,"     ",5.30,262.79,2.02
1771,554701497,"01771M09:36:39.640","01771 09:24:30",220.46,896.69,,,,"     ",5.30,261.96,2.01
1771,554701498,"01771M09:36:40.613","01771 09:24:31",220.38,896.66,,,,"     ",5.30,262.94,2.02
1771,554701499,"01771M09:36:41.587","01771 09:24:32",220.31,896.68,,,,"     ",5.30,259.72,1.99
1771,554701500,"01771M09:36:42.560","01771 09:24:33",220.24,896.57,,,,"     ",5.30,261.24,2.00
1771,554701501,"01771M09:36:43.533","01771 09:24:34",220.19,896.73,,,,"     ",5.30,262.24,2.01
1771,554701502,"01771M09:36:44.506","01771 09:24:35",220.13,896.67,,,,"     ",5.30,261.34,2.00
1771,554701503,"01771M09:36:45.480","01771 09:24:36",220.09,896.62,,,,"     ",5.30,260.02,1.99
1771,554701504,"01771M09:36:46.453","01771 09:24:37",220.06,896.66,,,,"     ",5.30,261.19,2.00
1771,554701505,"01771M09:36:47.426","01771 09:24:38",220.03,896.56,,,,"     ",5.30,261.76,2.00
1771,554701506,"01771M09:36:48.399","01771 09:24:39",219.99,896.53,,,,"     ",5.30,261.21,2.00
1771,554701507,"01771M09:36:49.373","01771 09:24:40",219.94,896.54,,,,"     ",5.30,262.53,2.01
1771,554701508,"01771M09:36:50.346","01771 09:24:41",219.88,896.53,,,,"     ",5.30,262.34,2.01
1771,554701509,"01771M09:36:51.319","01771 09:24:42",219.83,896.43,,,,"     ",5.30,262.99,2.01
1771,554701510,"01771M09:36:52.292","01771 09:24:43",219.78,896.47,,,,"     ",5.30,260.59,1.99
1771,554701511,"01771M09:36:53.266","01771 09:24:44",219.73,896.41,,,,"     ",5.30,260.71,1.99
1771,554701512,"01771M09:36:54.239","01771 09:24:45",219.69,896.46,,,,"     ",5.30,258.83,1.98
1771,554701513,"01771M09:36:55.212","01771 09:24:46",219.65,896.44,,,,"     ",5.30,261.70,2.00
1771,554701514,"01771M09:36:56.185","01771 09:24:47",219.63,896.52,,,,"     ",5.30,262.65,2.01
1771,554701515,"01771M09:36:57.159","01771 09:24:48",219.62,896.49,,,,"     ",5.30,265.12,2.03
1771,554701516,"01771M09:36:58.132","01771 09:24:49",219.63,896.45,,,,"     ",5.30,262.20,2.00
1771,554701517,"01771M09:36:59.105","01771 09:24:50",219.66,896.44,,,,"     ",5.30,264.45,2.02
1771,554701518,"01771M09:37:00.078","01771 09:24:51",219.71,896.53,,,,"     ",5.30,264.68,2.02
1771,554701519,"01771M09:37:01.052","01771 09:24:52",219.77,896.40,,,,"     ",5.30,261.70,2.00
1771,554701520,"01771M09:37:02.025","01771 09:24:53",219.84,896.42,,,,"     ",5.30,262.69,2.00
1771,554701521,"01771M09:37:02.998","01771 09:24:54",219.90,896.37,,,,"     ",5.30,263.05,2.01
1771,554701522,"01771M09:37:03.972","01771 09:24:55",219.96,896.36,,,,"     ",5.30,262.63,2.00
1771,554701523,"01771M09:37:04.945","01771 09:24:55",219.99,896.36,,,,"     ",5.30,263.64,2.01
1771,554701524,"01771M09:37:05.918","01771 09:24:56",220.00,896.46,,,,"     ",5.30,262.82,2.00
1771,554701525,"01771M09:37:06.891","01771 09:24:57",219.99,896.50,,,,"     ",5.30,264.29,2.02
1771,554701526,"01771M09:37:07.865","01771 09:24:58",219.94,896.48,,,,"     ",5.30,264.51,2.02
1771,554701527,"01771M09:37:08.838","01771 09:24:59",219.87,896.50,,,,"     ",5.30,261.19,1.99
1771,554701528,"01771M09:37:09.811","01771 09:25:00",219.79,896.53,,,,"     ",5.30,262.13,2.00
1771,554701529,"01771M09:37:10.784","01771 09:25:01",219.70,896.48,,,,"     ",5.30,263.99,2.01
1771,554701530,"01771M09:37:11.758","01771 09:25:02",219.61,896.48,,,,"     ",5.30,263.39,2.01
1771,554701531,"01771M09:37:12.731","01771 09:25:03",219.53,896.41,,,,"     ",5.30,264.00,2.01
1771,554701532,"01771M09:37:13.704","01771 09:25:04",219.46,896.51,,,,"     ",5.30,264.01,2.01
1771,554701533,"01771M09:37:14.677","01771 09:25:05",219.40,896.43,,,,"     ",5.30,263.70,2.01
1771,554701534,"01771M09:37:15.651","01771 09:25:06",219.36,896.41,,,,"     ",5.30,262.28,1.99
1771,554701535,"01771M09:37:16.624","01771 09:25:07",219.33,896.44,,,,"     ",5.30,262.92,2.00
1771,554701536,"01771M09:37:17.597","01771 09:25:08",219.31,896.38,,,,"     ",5.30,262.76,2.00
1771,554701537,"01771M09:37:18.570","01771 09:25:09",219.30,896.40,,,,"     ",5.30,263.10,2.00
1771,554701538,"01771M09:37:19.544","01771 09:25:10",219.28,896.41,,,,"     ",5.30,263.62,2.00
1771,554701539,"01771M09:37:20.517","01771 09:25:11",219.24,896.41,,,,"     ",5.30,264.89,2.01
1771,554701540,"01771M09:37:21.490","01771 09:25:12",219.20,896.36,,,,"     ",5.30,263.85,2.00
1771,554701541,"01771M09:37:22.463","01771 09:25:13",219.13,896.39,,,,"     ",5.30,264.42,2.01
1771,554701542,"01771M09:37:23.437","01771 09:25:14",219.04,896.45,,,,"     ",5.30,264.23,2.01
1771,554701543,"01771M09:37:24.410","01771 09:25:15",218.95,896.37,,,,"     ",5.30,262.47,1.99
1771,554701544,"01771M09:37:25.383","01771 09:25:16",218.87,896.39,,,,"     ",5.30,264.31,2.01
1771,554701545,"01771M09:37:26.356","01771 09:25:17",218.79,896.48,,,,"     ",5.30,263.26,2.00
1771,554701546,"01771M09:37:27.330","01771 09:25:18",218.73,896.37,,,,"     ",5.30,262.63,1.99
1771,554701547,"01771M09:37:28.303","01771 09:25:19",218.69,896.30,,,,"     ",5.30,265.07,2.01
1771,554701548,"01771M09:37:29.276","01771 09:25:20",218.68,896.32,,,,"     ",5.30,265.58,2.01
1771,554701549,"01771M09:37:30.249","01771 09:25:21",218.67,896.38,,,,"     ",5.30,264.30,2.00
1771,554701550,"01771M09:37:31.223","01771 09:25:22",218.67,896.38,,,,"     ",5.30,264.76,2.01
1771,554701551,"01771M09:37:32.196","01771 09:25:23",218.67,896.33,,,,"     ",5.30,261.87,1.98
1771,554701552,"01771M09:37:33.169","01771 09:25:24",218.67,896.32,,,,"     ",5.30,264.47,2.00
1771,554701553,"01771M09:37:34.142","01771 09:25:25",218.66,896.33,,,,"     ",5.30,264.43,2.00
1771,554701554,"01771M09:37:35.116","01771 09:25:26",218.65,896.32,,,,"     ",5.30,263.78,2.00
1771,554701555,"01771M09:37:36.089","01771 09:25:27",218.63,896.34,,,,"     ",5.30,265.96,2.01
1771,554701556,"01771M09:37:37.062","01771 09:25:28",218.62,896.28,,,,"     ",5.30,264.83,2.00
1771,554701557,"01771M09:37:38.035","01771 09:25:29",218.59,896.37,,,,"     ",5.30,263.92,2.00
1771,554701558,"01771M09:37:39.009","01771 09:25:30",218.57,896.33,,,,"     ",5.30,265.00,2.00
1771,554701559,"01771M09:37:39.982","01771 09:25:31",218.54,896.30,,,,"     ",5.30,263.52,1.99
1771,554701560,"01771M09:37:40.955","01771 09:25:32",218.51,896.27,,,,"     ",5.30,264.00,2.00
1771,554701561,"01771M09:37:41.928","01771 09:25:32",218.49,896.30,,,,"     ",5.30,264.96,2.00
1771,554701562,"01771M09:37:42.902","01771 09:25:33",218.49,896.26,,,,"     ",5.30,263.14,1.99
1771,554701563,"01771M09:37:43.875","01771 09:25:34",218.50,896.31,,,,"     ",5.30,266.36,2.01
1771,554701564,"01771M09:37:44.848","01771 09:25:35",218.53,896.20,,,,"     ",5.30,264.70,2.00
1771,554701565,"01771M09:37:45.821","01771 09:25:36",218.57,896.30,,,,"     ",5.30,264.06,1.99
1771,554701566,"01771M09:37:46.795","01771 09:25:37",218.62,896.30,,,,"     ",5.30,264.80,2.00
1771,554701567,"01771M09:37:47.768","01771 09:25:38",218.67,896.30,,,,"     ",5.30,265.68,2.01
1771,554701568,"01771M09:37:48.741","01771 09:25:39",218.71,896.27,,,,"     ",5.30,265.34,2.00
1771,554701569,"01771M09:37:49.714","01771 09:25:40",218.74,896.24,,,,"     ",5.30,266.45,2.01
1771,554701570,"01771M09:37:50.688","01771 09:25:41",218.75,896.23,,,,"     ",5.30,263.87,1.99
1771,554701571,"01771M09:37:51.661","01771 09:25:42",218.74,896.25,,,,"     ",5.30,265.06,2.00
1771,554701572,"01771M09:37:52.634","01771 09:25:43",218.72,896.20,,,,"     ",5.30,263.62,1.99
1771,554701573,"01771M09:37:53.607","01771 09:25:44",218.68,896.17,,,,"     ",5.30,264.27,1.99
1771,554701574,"01771M09:37:54.581","01771 09:25:45",218.63,896.16,,,,"     ",5.30,264.58,2.00
1771,554701575,"01771M09:37:55.554","01771 09:25:46",218.57,896.12,,,,"     ",5.30,263.27,1.98
1771,554701576,"01771M09:37:56.527","01771 09:25:47",218.50,896.13,,,,"     ",5.30,265.16,2.00
1771,554701577,"01771M09:37:57.500","01771 09:25:48",218.43,896.17,,,,"     ",5.30,264.49,1.99
1771,554701578,"01771M09:37:58.474","01771 09:25:49",218.35,896.17,,,,"     ",5.30,265.76,2.00
1771,554701579,"01771M09:37:59.447","01771 09:25:50",218.25,896.07,,,,"     ",5.30,264.49,1.99
1771,554701580,"01771M09:38:00.420","01771 09:25:51",218.14,896.12,,,,"     ",5.30,261.35,1.97
1771,554701581,"01771M09:38:01.393","01771 09:25:52",218.05,896.11,,,,"     ",5.30,267.86,2.02
1771,554701582,"01771M09:38:02.367","01771 09:25:53",217.96,896.12,,,,"     ",5.30,263.96,1.99
1771,554701583,"01771M09:38:03.340","01771 09:25:54",217.88,896.15,,,,"     ",5.30,264.47,1.99
1771,554701584,"01771M09:38:04.313","01771 09:25:55",217.82,896.12,,,,"     ",5.30,265.33,2.00
1771,554701585,"01771M09:38:05.286","01771 09:25:56",217.78,896.13,,,,"     ",5.30,263.76,1.99
1771,554701586,"01771M09:38:06.260","01771 09:25:57",217.74,896.12,,,,"     ",5.30,263.89,1.99
1771,554701587,"01771M09:38:07.233","01771 09:25:58",217.72,896.12,,,,"     ",5.30,263.69,1.99
1771,554701588,"01771M09:38:08.206","01771 09:25:59",217.71,896.15,,,,"     ",5.30,264.77,2.00
1771,554701589,"01771M09:38:09.179","01771 09:26:00",217.70,896.07,,,,"     ",5.30,263.20,1.98
1771,554701590,"01771M09:38:10.153","01771 09:26:01",217.68,896.01,,,,"     ",5.30,263.22,1.98
1771,554701591,"01771M09:38:11.126","01771 09:26:02",217.66,896.03,,,,"     ",5.30,263.67,1.99
1771,554701592,"01771M09:38:12.099","01771 09:26:03",217.64,896.07,,,,"     ",5.30,264.23,1.99
1771,554701593,"01771M09:38:13.073","01771 09:26:04",217.61,896.05,,,,"     ",5.30,265.54,2.00
1771,554701594,"01771M09:38:14.046","01771 09:26:05",217.58,896.07,,,,"     ",5.30,263.10,1.99
1771,554701595,"01771M09:38:15.019","01771 09:26:06",217.54,896.09,,,,"     ",5.30,265.25,2.00
1771,554701596,"01771M09:38:15.992","01771 09:26:07",217.51,896.03,,,,"     ",5.30,262.88,1.98
1771,554701597,"01771M09:38:16.966","01771 09:26:08",217.48,896.06,,,,"     ",5.30,263.04,1.99
1771,554701598,"01771M09:38:17.939","01771 09:26:09",217.45,896.02,,,,"     ",5.30,261.15,1.97
1771,554701599,"01771M09:38:18.912","01771 09:26:09",217.45,896.11,,,,"     ",5.30,264.72,2.00
1771,554701600,"01771M09:38:19.885","01771 09:26:10",217.46,896.11,,,,"     ",5.30,264.53,2.00
1771,554701601,"01771M09:38:20.859","01771 09:26:11",217.49,896.04,,,,"     ",5.30,265.02,2.00
1771,554701602,"01771M09:38:21.832","01771 09:26:12",217.51,896.06,,,,"     ",5.30,263.24,1.99
1771,554701603,"01771M09:38:22.805","01771 09:26:13",217.53,896.03,,,,"     ",5.30,264.10,2.00
1771,554701604,"01771M09:38:23.778","01771 09:26:14",217.53,896.08,,,,"     ",5.30,265.63,2.01
1771,554701605,"01771M09:38:24.752","01771 09:26:15",217.53,896.06,,,,"     ",5.30,262.82,1.99
1771,554701606,"01771M09:38:25.725","01771 09:26:16",217.51,896.01,,,,"     ",5.30,263.57,1.99
1771,554701607,"01771M09:38:26.698","01771 09:26:17",217.50,895.97,,,,"     ",5.30,265.65,2.01
1771,554701608,"01771M09:38:27.671","01771 09:26:18",217.49,896.04,,,,"     ",5.30,262.14,1.98
1771,554701609,"01771M09:38:28.645","01771 09:26:19",217.47,896.03,,,,"     ",5.30,262.68,1.99
1771,554701610,"01771M09:38:29.618","01771 09:26:20",217.45,896.01,,,,"     ",5.30,261.56,1.98
1771,554701611,"01771M09:38:30.591","01771 09:26:21",217.43,896.04,,,,"     ",5.30,263.56,2.00
1771,554701612,"01771M09:38:31.564","01771 09:26:22",217.41,896.04,,,,"     ",5.30,263.25,1.99
1771,554701613,"01771M09:38:32.538","01771 09:26:23",217.39,896.06,,,,"     ",5.30,261.94,1.98
1771,554701614,"01771M09:38:33.511","01771 09:26:24",217.39,895.99,,,,"     ",5.30,264.68,2.00
1771,554701615,"01771M09:38:34.484","01771 09:26:25",217.40,896.02,,,,"     ",5.30,264.01,2.00
1771,554701616,"01771M09:38:35.457","01771 09:26:26",217.43,896.01,,,,"     ",5.30,265.21,2.01
1771,554701617,"01771M09:38:36.431","01771 09:26:27",217.47,895.97,,,,"     ",5.30,262.68,1.99
1771,554701618,"01771M09:38:37.404","01771 09:26:28",217.52,895.93,,,,"     ",5.30,262.25,1.99
1771,554701619,"01771M09:38:38.377","01771 09:26:29",217.58,895.95,,,,"     ",5.30,265.40,2.01
1771,554701620,"01771M09:38:39.350","01771 09:26:30",217.63,895.99,,,,"     ",5.30,266.13,2.02
1771,554701621,"01771M09:38:40.324","01771 09:26:31",217.65,895.96,,,,"     ",5.30,263.02,1.99
1771,554701622,"01771M09:38:41.297","01771 09:26:32",217.66,895.93,,,,"     ",5.30,265.96,2.01
1771,554701623,"01771M09:38:42.270","01771 09:26:33",217.65,895.93,,,,"     ",5.30,262.56,1.99
1771,554701624,"01771M09:38:43.243","01771 09:26:34",217.62,895.94,,,,"     ",5.30,265.48,2.01
1771,554701625,"01771M09:38:44.217","01771 09:26:35",217.61,896.02,,,,"     ",5.30,265.58,2.01
1771,554701626,"01771M09:38:45.190","01771 09:26:36",217.60,895.88,,,,"     ",5.30,267.10,2.02
1771,554701627,"01771M09:38:46.163","01771 09:26:37",217.59,895.90,,,,"     ",5.30,266.79,2.02
1771,554701628,"01771M09:38:47.136","01771 09:26:38",217.57,895.86,,,,"     ",5.30,263.93,2.00
1771,554701629,"01771M09:38:48.110","01771 09:26:39",217.54,895.96,,,,"     ",5.30,264.63,2.00
1771,554701630,"01771M09:38:49.083","01771 09:26:40",217.51,895.93,,,,"     ",5.30,265.08,2.01
1771,554701631,"01771M09:38:50.056","01771 09:26:41",217.48,895.87,,,,"     ",5.30,262.18,1.98
1771,554701632,"01771M09:38:51.029","01771 09:26:42",217.45,895.83,,,,"     ",5.30,265.52,2.01
1771,554701633,"01771M09:38:52.003","01771 09:26:43",217.42,895.88,,,,"     ",5.30,263.12,1.99
1771,554701634,"01771M09:38:52.976","01771 09:26:44",217.41,895.92,,,,"     ",5.30,265.07,2.00
1771,554701635,"01771M09:38:53.949","01771 09:26:45",217.40,895.84,,,,"     ",5.30,265.45,2.01
1771,554701636,"01771M09:38:54.922","01771 09:26:45",217.40,895.93,,,,"     ",5.30,262.53,1.98
1771,554701637,"01771M09:38:55.896","01771 09:26:46",217.39,895.86,,,,"     ",5.30,262.08,1.98
1771,554701638,"01771M09:38:56.869","01771 09:26:47",217.38,895.80,,,,"     ",5.30,264.25,1.99
1771,554701639,"01771M09:38:57.842","01771 09:26:48",217.37,895.91,,,,"     ",5.30,265.13,2.00
1771,554701640,"01771M09:38:58.815","01771 09:26:49",217.35,895.83,,,,"     ",5.30,261.93,1.98
1771,554701641,"01771M09:38:59.789","01771 09:26:50",217.34,895.88,,,,"     ",5.30,266.07,2.01
1771,554701642,"01771M09:39:00.762","01771 09:26:51",217.32,895.82,,,,"     ",5.30,266.51,2.01
1771,554701643,"01771M09:39:01.735","01771 09:26:52",217.31,895.82,,,,"     ",5.30,263.38,1.99
1771,554701644,"01771M09:39:02.708","01771 09:26:53",217.29,895.76,,,,"     ",5.30,265.19,2.00
1771,554701645,"01771M09:39:03.682","01771 09:26:54",217.29,895.78,,,,"     ",5.30,264.97,2.00
1771,554701646,"01771M09:39:04.655","01771 09:26:55",217.28,895.81,,,,"     ",5.30,264.40,1.99
1771,554701647,"01771M09:39:05.628","01771 09:26:56",217.27,895.81,,,,"     ",5.30,264.20,1.99
1771,554701648,"01771M09:39:06.601","01771 09:26:57",217.25,895.75,,,,"     ",5.30,265.11,2.00
1771,554701649,"01771M09:39:07.575","01771 09:26:58",217.23,895.73,,,,"     ",5.30,267.64,2.02
1771,554701650,"01771M09:39:08.548","01771 09:26:59",217.22,895.68,,,,"     ",5.30,266.30,2.01
1771,554701651,"01771M09:39:09.521","01771 09:27:00",217.21,895.78,,,,"     ",5.30,265.48,2.00
1771,554701652,"01771M09:39:10.494","01771 09:27:01",217.22,895.77,,,,"     ",5.30,267.05,2.01
1771,554701653,"01771M09:39:11.468","01771 09:27:02",217.23,895.76,,,,"     ",5.30,262.36,1.97
1771,554701654,"01771M09:39:12.441","01771 09:27:03",217.25,895.62,,,,"     ",5.30,264.53,1.99
1771,554701655,"01771M09:39:13.414","01771 09:27:04",217.26,895.71,,,,"     ",5.30,265.38,2.00
1771,554701656,"01771M09:39:14.387","01771 09:27:05",217.28,895.73,,,,"     ",5.30,262.09,1.97
1771,554701657,"01771M09:39:15.361","01771 09:27:06",217.29,895.72,,,,"     ",5.30,264.70,1.99
1771,554701658,"01771M09:39:16.334","01771 09:27:07",217.29,895.74,,,,"     ",5.30,264.08,1.99
1771,554701659,"01771M09:39:17.307","01771 09:27:08",217.30,895.65,,,,"     ",5.30,264.51,1.99
1771,554701660,"01771M09:39:18.280","01771 09:27:09",217.30,895.72,,,,"     ",5.30,264.41,1.99
1771,554701661,"01771M09:39:19.254","01771 09:27:10",217.31,895.72,,,,"     ",5.30,266.18,2.00
1771,554701662,"01771M09:39:20.227","01771 09:27:11",217.31,895.75,,,,"     ",5.30,265.96,2.00
1771,554701663,"01771M09:39:21.200","01771 09:27:12",217.33,895.78,,,,"     ",5.30,265.93,2.00
1771,554701664,"01771M09:39:22.174","01771 09:27:13",217.35,895.78,,,,"     ",5.30,267.03,2.01
1771,554701665,"01771M09:39:23.147","01771 09:27:14",217.40,895.70,,,,"     ",5.30,265.82,2.00
1771,554701666,"01771M09:39:24.120","01771 09:27:15",217.47,895.71,,,,"     ",5.30,265.24,1.99
1771,554701667,"01771M09:39:25.093","01771 09:27:16",217.55,895.69,,,,"     ",5.30,265.21,1.99
1771,554701668,"01771M09:39:26.067","01771 09:27:17",217.67,895.70,,,,"     ",5.30,264.19,1.98
1771,554701669,"01771M09:39:27.040","01771 09:27:18",217.82,895.65,,,,"     ",5.30,262.48,1.97
1771,554701670,"01771M09:39:28.013","01771 09:27:19",217.98,895.61,,,,"     ",5.30,264.00,1.98
1771,554701671,"01771M09:39:28.986","01771 09:27:20",218.16,895.59,,,,"     ",5.30,261.82,1.96
1771,554701672,"01771M09:39:29.960","01771 09:27:21",218.35,895.56,,,,"     ",5.30,264.85,1.98
1771,554701673,"01771M09:39:30.933","01771 09:27:22",218.53,895.61,,,,"     ",5.30,265.37,1.99
1771,554701674,"01771M09:39:31.906","01771 09:27:22",218.71,895.61,,,,"     ",5.30,267.73,2.00
1771,554701675,"01771M09:39:32.879","01771 09:27:23",218.86,895.61,,,,"     ",5.30,266.30,1.99
1771,554701676,"01771M09:39:33.853","01771 09:27:24",219.00,895.65,,,,"     ",5.30,264.55,1.98
1771,554701677,"01771M09:39:34.826","01771 09:27:25",219.10,895.68,,,,"     ",5.30,267.13,2.00
1771,554701678,"01771M09:39:35.799","01771 09:27:26",219.18,895.66,,,,"     ",5.30,266.13,1.99
1771,554701679,"01771M09:39:36.772","01771 09:27:27",219.25,895.61,,,,"     ",5.30,267.79,2.00
1771,554701680,"01771M09:39:37.746","01771 09:27:28",219.31,895.59,,,,"     ",5.30,267.66,2.00
1771,554701681,"01771M09:39:38.719","01771 09:27:29",219.36,895.52,,,,"     ",5.30,266.42,1.99
1771,554701682,"01771M09:39:39.692","01771 09:27:30",219.40,895.53,,,,"     ",5.30,267.03,1.99
1771,554701683,"01771M09:39:40.665","01771 09:27:31",219.45,895.65,,,,"     ",5.30,265.78,1.99
1771,554701684,"01771M09:39:41.639","01771 09:27:32",219.51,895.64,,,,"     ",5.30,267.13,1.99
1771,554701685,"01771M09:39:42.612","01771 09:27:33",219.57,895.70,,,,"     ",5.30,267.81,2.00
1771,554701686,"01771M09:39:43.585","01771 09:27:34",219.64,895.69,,,,"     ",5.30,268.55,2.00
1771,554701687,"01771M09:39:44.558","01771 09:27:35",219.72,895.65,,,,"     ",5.30,265.58,1.98
1771,554701688,"01771M09:39:45.532","01771 09:27:36",219.80,895.60,,,,"     ",5.30,266.46,1.99
1771,554701689,"01771M09:39:46.505","01771 09:27:37",219.87,895.65,,,,"     ",5.30,267.01,1.99
1771,554701690,"01771M09:39:47.478","01771 09:27:38",219.94,895.64,,,,"     ",5.30,266.05,1.98
1771,554701691,"01771M09:39:48.451","01771 09:27:39",219.98,895.60,,,,"     ",5.30,268.01,2.00
1771,554701692,"01771M09:39:49.425","01771 09:27:40",220.02,895.55,,,,"     ",5.30,268.71,2.00
1771,554701693,"01771M09:39:50.398","01771 09:27:41",220.04,895.65,,,,"     ",5.30,266.59,1.98
1771,554701694,"01771M09:39:51.371","01771 09:27:42",220.04,895.62,,,,"     ",5.30,266.44,1.98
1771,554701695,"01771M09:39:52.344","01771 09:27:43",220.03,895.59,,,,"     ",5.30,266.13,1.98
1771,554701696,"01771M09:39:53.318","01771 09:27:44",220.00,895.56,,,,"     ",5.30,267.29,1.99
1771,554701697,"01771M09:39:54.291","01771 09:27:45",219.95,895.50,,,,"     ",5.30,265.25,1.97
1771,554701698,"01771M09:39:55.264","01771 09:27:46",219.89,895.57,,,,"     ",5.30,265.39,1.97
1771,554701699,"01771M09:39:56.237","01771 09:27:47",219.83,895.55,,,,"     ",5.30,268.31,1.99
1771,554701700,"01771M09:39:57.211","01771 09:27:48",219.77,895.55,,,,"     ",5.30,267.87,1.99
1771,554701701,"01771M09:39:58.184","01771 09:27:49",219.73,895.45,,,,"     ",5.30,265.23,1.97
1771,554701702,"01771M09:39:59.157","01771 09:27:50",219.69,895.47,,,,"     ",5.30,267.97,1.99
1771,554701703,"01771M09:40:00.130","01771 09:27:51",219.67,895.44,,,,"     ",5.30,266.54,1.98
1771,554701704,"01771M09:40:01.104","01771 09:27:52",219.66,895.47,,,,"     ",5.30,266.17,1.97
1771,554701705,"01771M09:40:02.077","01771 09:27:53",219.66,895.44,,,,"     ",5.30,266.89,1.98
1771,554701706,"01771M09:40:03.050","01771 09:27:54",219.66,895.43,,,,"     ",5.30,265.74,1.97
1771,554701707,"01771M09:40:04.023","01771 09:27:55",219.68,895.44,,,,"     ",5.30,269.97,2.00
1771,554701708,"01771M09:40:04.997","01771 09:27:56",219.70,895.45,,,,"     ",5.30,267.88,1.98
1771,554701709,"01771M09:40:05.970","01771 09:27:57",219.75,895.44,,,,"     ",5.30,267.30,1.98
1771,554701710,"01771M09:40:06.943","01771 09:27:58",219.80,895.40,,,,"     ",5.30,264.72,1.96
1771,554701711,"01771M09:40:07.916","01771 09:27:59",219.87,895.25,,,,"     ",5.30,265.81,1.97
1771,554701712,"01771M09:40:08.890","01771 09:27:59",219.95,895.19,,,,"     ",5.30,268.85,1.99
1771,554701713,"01771M09:40:09.863","01771 09:28:00",220.04,895.17,,,,"     ",5.30,267.18,1.98
1771,554701714,"01771M09:40:10.836","01771 09:28:01",220.13,895.09,,,,"     ",5.30,267.89,1.98
1771,554701715,"01771M09:40:11.809","01771 09:28:02",220.24,895.05,,,,"     ",5.30,265.70,1.97
1771,554701716,"01771M09:40:12.783","01771 09:28:03",220.35,894.90,,,,"     ",5.30,268.12,1.98
1771,554701717,"01771M09:40:13.756","01771 09:28:04",220.49,895.01,,,,"     ",5.30,267.35,1.98
1771,554701718,"01771M09:40:14.729","01771 09:28:05",220.65,895.03,,,,"     ",5.30,269.34,1.99
1771,554701719,"01771M09:40:15.702","01771 09:28:06",220.82,894.95,,,,"     ",5.30,266.62,1.97
1771,554701720,"01771M09:40:16.676","01771 09:28:07",221.02,895.17,,,,"     ",5.30,265.17,1.96
1771,554701721,"01771M09:40:17.649","01771 09:28:08",221.22,895.19,,,,"     ",5.30,266.29,1.97
1771,554701722,"01771M09:40:18.622","01771 09:28:09",221.40,895.28,,,,"     ",5.30,266.03,1.97
1771,554701723,"01771M09:40:19.595","01771 09:28:10",221.58,895.31,,,,"     ",5.30,267.76,1.98
1771,554701724,"01771M09:40:20.569","01771 09:28:11",221.75,895.35,,,,"     ",5.30,268.52,1.99
1771,554701725,"01771M09:40:21.542","01771 09:28:12",221.91,895.34,,,,"     ",5.30,266.87,1.98
1771,554701726,"01771M09:40:22.515","01771 09:28:13",222.05,895.41,,,,"     ",5.30,265.75,1.97
1771,554701727,"01771M09:40:23.488","01771 09:28:14",222.20,895.29,,,,"     ",5.30,267.83,1.98
1771,554701728,"01771M09:40:24.462","01771 09:28:15",222.33,895.29,,,,"     ",5.30,268.58,1.99
1771,554701729,"01771M09:40:25.435","01771 09:28:16",222.45,895.34,,,,"     ",5.30,267.33,1.98
1771,554701730,"01771M09:40:26.408","01771 09:28:17",222.57,895.27,,,,"     ",5.30,267.21,1.98
1771,554701731,"01771M09:40:27.381","01771 09:28:18",222.68,895.29,,,,"     ",5.30,268.67,1.99
1771,554701732,"01771M09:40:28.355","01771 09:28:19",222.79,895.34,,,,"     ",5.30,265.95,1.97
1771,554701733,"01771M09:40:29.328","01771 09:28:20",222.89,895.38,,,,"     ",5.30,270.08,2.00
1771,554701734,"01771M09:40:30.301","01771 09:28:21",222.98,895.38,,,,"     ",5.30,266.61,1.97
1771,554701735,"01771M09:40:31.274","01771 09:28:22",223.07,895.37,,,,"     ",5.30,269.57,1.99
1771,554701736,"01771M09:40:32.248","01771 09:28:23",223.15,895.39,,,,"     ",5.30,268.27,1.98
1771,554701737,"01771M09:40:33.221","01771 09:28:24",223.22,895.45,,,,"     ",5.30,266.48,1.97
1771,554701738,"01771M09:40:34.194","01771 09:28:25",223.27,895.44,,,,"     ",5.30,268.68,1.98
1771,554701739,"01771M09:40:35.168","01771 09:28:26",223.31,895.36,,,,"     ",5.30,265.59,1.96
1771,554701740,"01771M09:40:36.141","01771 09:28:27",223.33,895.32,,,,"     ",5.30,268.06,1.98
1771,554701741,"01771M09:40:37.114","01771 09:28:28",223.34,895.28,,,,"     ",5.30,268.96,1.98
1771,554701742,"01771M09:40:38.087","01771 09:28:29",223.35,895.30,,,,"     ",5.30,269.74,1.99
1771,554701743,"01771M09:40:39.061","01771 09:28:30",223.37,895.32,,,,"     ",5.30,268.46,1.98
1771,554701744,"01771M09:40:40.034","01771 09:28:31",223.38,895.39,,,,"     ",5.30,268.83,1.98
1771,554701745,"01771M09:40:41.007","01771 09:28:32",223.41,895.39,,,,"     ",5.30,268.69,1.98
1771,554701746,"01771M09:40:41.980","01771 09:28:33",223.44,895.34,,,,"     ",5.30,268.93,1.98
1771,554701747,"01771M09:40:42.954","01771 09:28:34",223.48,895.34,,,,"     ",5.30,267.99,1.97
1771,554701748,"01771M09:40:43.927","01771 09:28:35",223.52,895.24,,,,"     ",5.30,270.33,1.99
1771,554701749,"01771M09:40:44.900","01771 09:28:35",223.55,895.29,,,,"     ",5.30,267.29,1.97
1771,554701750,"01771M09:40:45.873","01771 09:28:36",223.59,895.31,,,,"     ",5.30,267.34,1.96
1771,554701751,"01771M09:40:46.847","01771 09:28:37",223.63,895.28,,,,"     ",5.30,270.40,1.99
1771,554701752,"01771M09:40:47.820","01771 09:28:38",223.68,895.33,,,,"     ",5.30,266.96,1.96
1771,554701753,"01771M09:40:48.793","01771 09:28:39",223.72,895.35,,,,"     ",5.30,270.52,1.99
1771,554701754,"01771M09:40:49.766","01771 09:28:40",223.77,895.31,,,,"     ",5.30,270.65,1.99
1771,554701755,"01771M09:40:50.740","01771 09:28:41",223.82,895.33,,,,"     ",5.30,270.38,1.98
1771,554701756,"01771M09:40:51.713","01771 09:28:42",223.86,895.31,,,,"     ",5.30,270.88,1.99
1771,554701757,"01771M09:40:52.686","01771 09:28:43",223.91,895.35,,,,"     ",5.30,267.74,1.96
1771,554701758,"01771M09:40:53.659","01771 09:28:44",223.95,895.26,,,,"     ",5.30,268.90,1.97
1771,554701759,"01771M09:40:54.633","01771 09:28:45",224.01,895.26,,,,"     ",5.30,268.16,1.96
1771,554701760,"01771M09:40:55.606","01771 09:28:46",224.08,895.21,,,,"     ",5.30,267.87,1.96
1771,554701761,"01771M09:40:56.579","01771 09:28:47",224.17,895.24,,,,"     ",5.30,268.95,1.97
1771,554701762,"01771M09:40:57.552","01771 09:28:48",224.28,895.16,,,,"     ",5.30,269.53,1.97
1771,554701763,"01771M09:40:58.526","01771 09:28:49",224.39,895.10,,,,"     ",5.30,268.69,1.96
1771,554701764,"01771M09:40:59.499","01771 09:28:50",224.50,895.18,,,,"     ",5.30,268.53,1.96
1771,554701765,"01771M09:41:00.472","01771 09:28:51",224.61,895.14,,,,"     ",5.30,268.30,1.96
1771,554701766,"01771M09:41:01.445","01771 09:28:52",224.72,895.09,,,,"     ",5.30,271.40,1.98
1771,554701767,"01771M09:41:02.419","01771 09:28:53",224.83,895.18,,,,"     ",5.30,272.53,1.99
1771,554701768,"01771M09:41:03.392","01771 09:28:54",224.93,895.22,,,,"     ",5.30,271.84,1.99
1771,554701769,"01771M09:41:04.365","01771 09:28:55",225.04,895.19,,,,"     ",5.30,270.05,1.97
1771,554701770,"01771M09:41:05.338","01771 09:28:56",225.15,895.21,,,,"     ",5.30,272.03,1.99
1771,554701771,"01771M09:41:06.312","01771 09:28:57",225.26,895.18,,,,"     ",5.30,269.08,1.96
1771,554701772,"01771M09:41:07.285","01771 09:28:58",225.37,895.21,,,,"     ",5.30,272.79,1.99
1771,554701773,"01771M09:41:08.258","01771 09:28:59",225.47,895.09,,,,"     ",5.30,268.84,1.96
1771,554701774,"01771M09:41:09.231","01771 09:29:00",225.58,895.19,,,,"     ",5.30,269.92,1.97
1771,554701775,"01771M09:41:10.205","01771 09:29:01",225.68,895.19,,,,"     ",5.30,268.32,1.95
1771,554701776,"01771M09:41:11.178","01771 09:29:02",225.78,895.19,,,,"     ",5.30,270.88,1.97
1771,554701777,"01771M09:41:12.151","01771 09:29:03",225.87,895.11,,,,"     ",5.30,267.09,1.94
1771,554701778,"01771M09:41:13.124","01771 09:29:04",225.96,895.22,,,,"     ",5.30,273.39,1.99
1771,554701779,"01771M09:41:14.098","01771 09:29:05",226.03,895.07,,,,"     ",5.30,269.97,1.96
1771,554701780,"01771M09:41:15.071","01771 09:29:06",226.09,895.13,,,,"     ",5.30,270.55,1.96
1771,554701781,"01771M09:41:16.044","01771 09:29:07",226.13,895.14,,,,"     ",5.30,268.23,1.95
1771,554701782,"01771M09:41:17.017","01771 09:29:08",226.14,895.12,,,,"     ",5.30,271.92,1.97
1771,554701783,"01771M09:41:17.991","01771 09:29:09",226.14,895.14,,,,"     ",5.30,271.28,1.97
1771,554701784,"01771M09:41:18.964","01771 09:29:10",226.14,895.08,,,,"     ",5.30,269.79,1.95
1771,554701785,"01771M09:41:19.937","01771 09:29:11",226.12,895.13,,,,"     ",5.30,272.05,1.97
1771,554701786,"01771M09:41:20.910","01771 09:29:12",226.12,895.13,,,,"     ",5.30,272.38,1.97
1771,554701787,"01771M09:41:21.884","01771 09:29:12",226.13,895.04,,,,"     ",5.30,272.69,1.97
1771,554701788,"01771M09:41:22.857","01771 09:29:13",226.14,895.11,,,,"     ",5.30,271.53,1.96
1771,554701789,"01771M09:41:23.830","01771 09:29:14",226.15,895.07,,,,"     ",5.30,270.18,1.95
1771,554701790,"01771M09:41:24.803","01771 09:29:15",226.15,895.02,,,,"     ",5.30,270.63,1.95
1771,554701791,"01771M09:41:25.777","01771 09:29:16",226.16,895.10,,,,"     ",5.30,273.23,1.97
1771,554701792,"01771M09:41:26.750","01771 09:29:17",226.17,895.13,,,,"     ",5.30,271.29,1.96
1771,554701793,"01771M09:41:27.723","01771 09:29:18",226.17,895.11,,,,"     ",5.30,269.22,1.94
1771,554701794,"01771M09:41:28.696","01771 09:29:19",226.18,895.16,,,,"     ",5.30,271.81,1.96
1771,554701795,"01771M09:41:29.670","01771 09:29:20",226.20,895.19,,,,"     ",5.30,273.05,1.97
1771,554701796,"01771M09:41:30.643","01771 09:29:21",226.21,895.14,,,,"     ",5.30,272.56,1.97
1771,554701797,"01771M09:41:31.616","01771 09:29:22",226.23,895.10,,,,"     ",5.30,270.44,1.95
1771,554701798,"01771M09:41:32.589","01771 09:29:23",226.25,895.11,,,,"     ",5.30,273.66,1.97
1771,554701799,"01771M09:41:33.563","01771 09:29:24",226.03,895.09,,,,"     ",5.30,269.72,1.94
1771,554701800,"01771M09:41:34.536","01771 09:29:25",225.99,895.08,,,,"     ",5.30,272.34,1.96
1771,554701801,"01771M09:41:35.509","01771 09:29:26",225.95,894.95,,,,"     ",5.30,271.33,1.95
1771,554701802,"01771M09:41:36.482","01771 09:29:27",225.91,894.99,,,,"     ",5.30,272.27,1.96
1771,554701803,"01771M09:41:37.456","01771 09:29:28",225.87,895.00,,,,"     ",5.30,271.02,1.95
1771,554701804,"01771M09:41:38.429","01771 09:29:29",225.83,894.97,,,,"     ",5.30,270.13,1.94
1771,554701805,"01771M09:41:39.402","01771 09:29:30",225.79,894.99,,,,"     ",5.30,275.22,1.98
1771,554701806,"01771M09:41:40.375","01771 09:29:31",225.75,894.92,,,,"     ",5.30,273.36,1.96
1771,554701807,"01771M09:41:41.349","01771 09:29:32",225.71,894.98,,,,"     ",5.30,273.80,1.97
1771,554701808,"01771M09:41:42.322","01771 09:29:33",225.67,894.95,,,,"     ",5.30,273.01,1.96
1771,554701809,"01771M09:41:43.295","01771 09:29:34",225.63,894.97,,,,"     ",5.30,273.65,1.96
1771,554701810,"01771M09:41:44.269","01771 09:29:35",225.59,894.98,,,,"     ",5.30,272.14,1.95
1771,554701811,"01771M09:41:45.242","01771 09:29:36",225.55,894.94,,,,"     ",5.30,272.13,1.95
1771,554701812,"01771M09:41:46.215","01771 09:29:37",225.50,894.95,,,,"     ",5.30,273.94,1.96
1771,554701813,"01771M09:41:47.188","01771 09:29:38",225.45,894.96,,,,"     ",5.30,273.77,1.96
1771,554701814,"01771M09:41:48.162","01771 09:29:39",225.42,894.98,,,,"     ",5.30,271.52,1.94
1771,554701815,"01771M09:41:49.135","01771 09:29:40",225.41,894.96,,,,"     ",5.30,272.91,1.95
1771,554701816,"01771M09:41:50.108","01771 09:29:41",225.41,894.93,,,,"     ",5.30,274.68,1.97
1771,554701817,"01771M09:41:51.081","01771 09:29:42",225.41,894.94,,,,"     ",5.30,271.71,1.94
1771,554701818,"01771M09:41:52.055","01771 09:29:43",225.42,894.96,,,,"     ",5.30,274.10,1.96
1771,554701819,"01771M09:41:53.028","01771 09:29:44",225.43,895.01,,,,"     ",5.30,270.37,1.93
1771,554701820,"01771M09:41:54.001","01771 09:29:45",225.45,895.00,,,,"     ",5.30,272.74,1.95
1771,554701821,"01771M09:41:54.974","01771 09:29:46",225.46,894.99,,,,"     ",5.30,273.30,1.95
1771,554701822,"01771M09:41:55.948","01771 09:29:47",225.48,894.98,,,,"     ",5.30,270.45,1.93
1771,554701823,"01771M09:41:56.921","01771 09:29:48",225.50,895.02,,,,"     ",5.30,273.70,1.96
1771,554701824,"01771M09:41:57.894","01771 09:29:49",225.53,895.01,,,,"     ",5.30,272.01,1.94
1771,554701825,"01771M09:41:58.867","01771 09:29:49",225.56,894.95,,,,"     ",5.30,272.74,1.95
1771,554701826,"01771M09:41:59.841","01771 09:29:50",225.60,894.92,,,,"     ",5.30,273.91,1.96
1771,554701827,"01771M09:42:00.814","01771 09:29:51",225.65,894.90,,,,"     ",5.30,275.60,1.97
1771,554701828,"01771M09:42:01.787","01771 09:29:52",225.71,894.84,,,,"     ",5.30,274.55,1.96
1771,554701829,"01771M09:42:02.760","01771 09:29:53",225.77,894.94,,,,"     ",5.30,275.39,1.97
1771,554701830,"01771M09:42:03.734","01771 09:29:54",225.84,894.94,,,,"     ",5.30,274.26,1.96
1771,554701831,"01771M09:42:04.707","01771 09:29:55",225.91,894.88,,,,"     ",5.30,272.93,1.95
1771,554701832,"01771M09:42:05.680","01771 09:29:56",225.98,894.85,,,,"     ",5.30,275.95,1.97
1771,554701833,"01771M09:42:06.653","01771 09:29:57",226.06,894.75,,,,"     ",5.30,273.82,1.95
1771,554701834,"01771M09:42:07.627","01771 09:29:58",226.13,894.86,,,,"     ",5.30,275.90,1.97
1771,554701835,"01771M09:42:08.600","01771 09:29:59",226.20,894.76,,,,"     ",5.30,275.52,1.96
1771,554701836,"01771M09:42:09.573","01771 09:30:00",226.27,894.85,,,,"     ",5.30,278.93,1.99
1771,554701837,"01771M09:42:10.546","01771 09:30:01",226.34,894.83,,,,"     ",5.30,273.64,1.95
1771,554701838,"01771M09:42:11.520","01771 09:30:02",226.40,894.83,,,,"     ",5.30,277.39,1.97
1771,554701839,"01771M09:42:12.493","01771 09:30:03",226.46,894.86,,,,"     ",5.30,275.27,1.96
1771,554701840,"01771M09:42:13.466","01771 09:30:04",226.51,894.90,,,,"     ",5.30,275.55,1.96
1771,554701841,"01771M09:42:14.439","01771 09:30:05",226.55,894.83,,,,"     ",5.30,278.09,1.98
1771,554701842,"01771M09:42:15.413","01771 09:30:06",226.57,894.85,,,,"     ",5.30,273.73,1.94
1771,554701843,"01771M09:42:16.386","01771 09:30:07",226.57,894.87,,,,"     ",5.30,273.36,1.94
1771,554701844,"01771M09:42:17.359","01771 09:30:08",226.54,894.87,,,,"     ",5.30,275.80,1.96
1771,554701845,"01771M09:42:18.332","01771 09:30:09",226.49,894.82,,,,"     ",5.30,275.52,1.96
1771,554701846,"01771M09:42:19.306","01771 09:30:10",226.42,894.86,,,,"     ",5.30,276.97,1.96
1771,554701847,"01771M09:42:20.279","01771 09:30:11",226.33,894.85,,,,"     ",5.30,275.07,1.95
1771,554701848,"01771M09:42:21.252","01771 09:30:12",226.22,894.89,,,,"     ",5.30,274.68,1.95
1771,554701849,"01771M09:42:22.225","01771 09:30:13",226.10,894.88,,,,"     ",5.30,276.16,1.96
1771,554701850,"01771M09:42:23.199","01771 09:30:14",225.97,894.89,,,,"     ",5.30,277.32,1.96
1771,554701851,"01771M09:42:24.172","01771 09:30:15",225.85,894.84,,,,"     ",5.30,276.68,1.96
1771,554701852,"01771M09:42:25.145","01771 09:30:16",225.74,894.79,,,,"     ",5.30,275.90,1.95
1771,554701853,"01771M09:42:26.118","01771 09:30:17",225.65,894.91,,,,"     ",5.30,276.71,1.96
1771,554701854,"01771M09:42:27.092","01771 09:30:18",225.58,894.87,,,,"     ",5.30,276.87,1.96
1771,554701855,"01771M09:42:28.065","01771 09:30:19",225.54,894.82,,,,"     ",5.30,276.21,1.95
1771,554701856,"01771M09:42:29.038","01771 09:30:20",225.52,894.83,,,,"     ",5.30,275.91,1.95
1771,554701857,"01771M09:42:30.011","01771 09:30:21",225.51,894.86,,,,"     ",5.30,275.12,1.94
1771,554701858,"01771M09:42:30.985","01771 09:30:22",225.52,894.80,,,,"     ",5.30,275.33,1.94
1771,554701859,"01771M09:42:31.958","01771 09:30:23",225.53,894.80,,,,"     ",5.30,276.93,1.96
1771,554701860,"01771M09:42:32.931","01771 09:30:24",225.54,894.79,,,,"     ",5.30,276.37,1.95
1771,554701861,"01771M09:42:33.904","01771 09:30:25",225.54,894.81,,,,"     ",5.30,275.43,1.94
1771,554701862,"01771M09:42:34.878","01771 09:30:26",225.52,894.79,,,,"     ",5.30,277.91,1.96
1771,554701863,"01771M09:42:35.851","01771 09:30:26",225.47,894.82,,,,"     ",5.30,278.87,1.97
1771,554701864,"01771M09:42:36.824","01771 09:30:27",225.40,894.81,,,,"     ",5.30,278.03,1.96
1771,554701865,"01771M09:42:37.797","01771 09:30:28",225.30,894.79,,,,"     ",5.30,274.81,1.94
1771,554701866,"01771M09:42:38.771","01771 09:30:29",225.19,894.76,,,,"     ",5.30,277.37,1.95
1771,554701867,"01771M09:42:39.744","01771 09:30:30",225.07,894.78,,,,"     ",5.30,274.73,1.94
1771,554701868,"01771M09:42:40.717","01771 09:30:31",224.95,894.74,,,,"     ",5.30,277.17,1.95
1771,554701869,"01771M09:42:41.690","01771 09:30:32",224.84,894.71,,,,"     ",5.30,278.39,1.96
1771,554701870,"01771M09:42:42.664","01771 09:30:33",224.75,894.64,,,,"     ",5.30,277.26,1.95
1771,554701871,"01771M09:42:43.637","01771 09:30:34",224.68,894.65,,,,"     ",5.30,275.76,1.94
1771,554701872,"01771M09:42:44.610","01771 09:30:35",224.62,894.70,,,,"     ",5.30,277.67,1.95
1771,554701873,"01771M09:42:45.583","01771 09:30:36",224.59,894.70,,,,"     ",5.30,277.74,1.95
1771,554701874,"01771M09:42:46.557","01771 09:30:37",224.57,894.74,,,,"     ",5.30,278.43,1.96
1771,554701875,"01771M09:42:47.530","01771 09:30:38",224.56,894.71,,,,"     ",5.30,279.27,1.96
1771,554701876,"01771M09:42:48.503","01771 09:30:39",224.56,894.68,,,,"     ",5.30,279.56,1.97
1771,554701877,"01771M09:42:49.476","01771 09:30:40",224.56,894.75,,,,"     ",5.30,279.44,1.96
1771,554701878,"01771M09:42:50.450","01771 09:30:41",224.56,894.68,,,,"     ",5.30,279.67,1.97
1771,554701879,"01771M09:42:51.423","01771 09:30:42",224.55,894.68,,,,"     ",5.30,276.85,1.95
1771,554701880,"01771M09:42:52.396","01771 09:30:43",224.54,894.73,,,,"     ",5.30,277.49,1.95
1771,554701881,"01771M09:42:53.370","01771 09:30:44",224.51,894.76,,,,"     ",5.30,278.87,1.96
1771,554701882,"01771M09:42:54.343","01771 09:30:45",224.48,894.72,,,,"     ",5.30,279.02,1.96
1771,554701883,"01771M09:42:55.316","01771 09:30:46",224.43,894.76,,,,"     ",5.30,277.50,1.95
1771,554701884,"01771M09:42:56.289","01771 09:30:47",224.36,894.71,,,,"     ",5.30,279.62,1.96
1771,554701885,"01771M09:42:57.263","01771 09:30:48",224.29,894.74,,,,"     ",5.30,283.68,1.99
1771,554701886,"01771M09:42:58.236","01771 09:30:49",224.20,894.61,,,,"     ",5.30,276.61,1.94
1771,554701887,"01771M09:42:59.209","01771 09:30:50",224.11,894.64,,,,"     ",5.30,280.91,1.97
1771,554701888,"01771M09:43:00.182","01771 09:30:51",224.02,894.60,,,,"     ",5.30,277.19,1.94
1771,554701889,"01771M09:43:01.156","01771 09:30:52",223.93,894.49,,,,"     ",5.30,279.71,1.96
1771,554701890,"01771M09:43:02.129","01771 09:30:53",223.84,894.55,,,,"     ",5.30,278.21,1.95
1771,554701891,"01771M09:43:03.102","01771 09:30:54",223.75,894.57,,,,"     ",5.30,278.01,1.95
1771,554701892,"01771M09:43:04.075","01771 09:30:55",223.65,894.55,,,,"     ",5.30,278.49,1.95
1771,554701893,"01771M09:43:05.049","01771 09:30:56",223.55,894.62,,,,"     ",5.30,277.03,1.94
1771,554701894,"01771M09:43:06.022","01771 09:30:57",223.45,894.56,,,,"     ",5.30,278.13,1.95
1771,554701895,"01771M09:43:06.995","01771 09:30:58",223.34,894.57,,,,"     ",5.30,277.10,1.94
1771,554701896,"01771M09:43:07.968","01771 09:30:59",223.23,894.59,,,,"     ",5.30,280.84,1.97
1771,554701897,"01771M09:43:08.942","01771 09:31:00",223.12,894.64,,,,"     ",5.30,277.61,1.94
1771,554701898,"01771M09:43:09.915","01771 09:31:01",223.02,894.62,,,,"     ",5.30,277.45,1.94
1771,554701899,"01771M09:43:10.888","01771 09:31:02",222.93,894.65,,,,"     ",5.30,281.48,1.97
1771,554701900,"01771M09:43:11.861","01771 09:31:02",222.86,894.60,,,,"     ",5.30,278.62,1.95
1771,554701901,"01771M09:43:12.835","01771 09:31:03",222.79,894.58,,,,"     ",5.30,278.29,1.95
1771,554701902,"01771M09:43:13.808","01771 09:31:04",222.72,894.55,,,,"     ",5.30,280.55,1.96
1771,554701903,"01771M09:43:14.781","01771 09:31:05",222.65,894.53,,,,"     ",5.30,276.61,1.93
1771,554701904,"01771M09:43:15.754","01771 09:31:06",222.59,894.56,,,,"     ",5.30,279.66,1.96
1771,554701905,"01771M09:43:16.728","01771 09:31:07",222.53,894.60,,,,"     ",5.30,279.79,1.96
1771,554701906,"01771M09:43:17.701","01771 09:31:08",222.48,894.59,,,,"     ",5.30,278.74,1.95
1771,554701907,"01771M09:43:18.674","01771 09:31:09",222.44,894.54,,,,"     ",5.30,279.52,1.96
1771,554701908,"01771M09:43:19.647","01771 09:31:10",222.41,894.51,,,,"     ",5.30,278.71,1.95
1771,554701909,"01771M09:43:20.621","01771 09:31:11",222.38,894.54,,,,"     ",5.30,280.20,1.96
1771,554701910,"01771M09:43:21.594","01771 09:31:12",222.36,894.57,,,,"     ",5.30,279.83,1.96
1771,554701911,"01771M09:43:22.567","01771 09:31:13",222.34,894.54,,,,"     ",5.30,282.25,1.97
1771,554701912,"01771M09:43:23.540","01771 09:31:14",222.32,894.60,,,,"     ",5.30,282.23,1.97
1771,554701913,"01771M09:43:24.514","01771 09:31:15",222.29,894.49,,,,"     ",5.30,283.41,1.98
1771,554701914,"01771M09:43:25.487","01771 09:31:16",222.25,894.53,,,,"     ",5.30,278.72,1.95
1771,554701915,"01771M09:43:26.460","01771 09:31:17",222.22,894.58,,,,"     ",5.30,278.01,1.94
1771,554701916,"01771M09:43:27.433","01771 09:31:18",222.20,894.56,,,,"     ",5.30,279.59,1.96
1771,554701917,"01771M09:43:28.407","01771 09:31:19",222.19,894.58,,,,"     ",5.30,279.32,1.95
1771,554701918,"01771M09:43:29.380","01771 09:31:20",222.19,894.63,,,,"     ",5.30,276.38,1.93
1771,554701919,"01771M09:43:30.353","01771 09:31:21",222.21,894.60,,,,"     ",5.30,280.48,1.96
1771,554701920,"01771M09:43:31.326","01771 09:31:22",222.25,894.51,,,,"     ",5.30,280.21,1.96
1771,554701921,"01771M09:43:32.300","01771 09:31:23",222.31,894.59,,,,"     ",5.30,280.79,1.96
1771,554701922,"01771M09:43:33.273","01771 09:31:24",222.39,894.52,,,,"     ",5.30,280.81,1.96
1771,554701923,"01771M09:43:34.246","01771 09:31:25",222.48,894.58,,,,"     ",5.30,277.25,1.94
1771,554701924,"01771M09:43:35.219","01771 09:31:26",222.59,894.50,,,,"     ",5.30,279.90,1.96
1771,554701925,"01771M09:43:36.193","01771 09:31:27",222.69,894.47,,,,"     ",5.30,281.12,1.97
1771,554701926,"01771M09:43:37.166","01771 09:31:28",222.79,894.46,,,,"     ",5.30,282.54,1.98
1771,554701927,"01771M09:43:38.139","01771 09:31:29",222.88,894.41,,,,"     ",5.30,282.57,1.98
1771,554701928,"01771M09:43:39.112","01771 09:31:30",222.94,894.47,,,,"     ",5.30,280.09,1.96
1771,554701929,"01771M09:43:40.086","01771 09:31:31",222.98,894.53,,,,"     ",5.30,280.89,1.96
1771,554701930,"01771M09:43:41.059","01771 09:31:32",222.99,894.44,,,,"     ",5.30,278.84,1.95
1771,554701931,"01771M09:43:42.032","01771 09:31:33",222.97,894.43,,,,"     ",5.30,278.31,1.94
1771,554701932,"01771M09:43:43.005","01771 09:31:34",222.93,894.42,,,,"     ",5.30,282.50,1.97
1771,554701933,"01771M09:43:43.979","01771 09:31:35",222.85,894.36,,,,"     ",5.30,280.74,1.96
1771,554701934,"01771M09:43:44.952","01771 09:31:36",222.75,894.41,,,,"     ",5.30,280.88,1.96
1771,554701935,"01771M09:43:45.925","01771 09:31:37",222.63,894.41,,,,"     ",5.30,279.34,1.95
1771,554701936,"01771M09:43:46.898","01771 09:31:38",222.50,894.46,,,,"     ",5.30,280.02,1.96
1771,554701937,"01771M09:43:47.872","01771 09:31:39",222.36,894.55,,,,"     ",5.30,280.13,1.96
1771,554701938,"01771M09:43:48.845","01771 09:31:39",222.23,894.39,,,,"     ",5.30,281.53,1.97
1771,554701939,"01771M09:43:49.818","01771 09:31:40",222.11,894.48,,,,"     ",5.30,279.81,1.95
1771,554701940,"01771M09:43:50.791","01771 09:31:41",222.00,894.48,,,,"     ",5.30,282.03,1.97
1771,554701941,"01771M09:43:51.765","01771 09:31:42",221.89,894.46,,,,"     ",5.30,280.21,1.96
1771,554701942,"01771M09:43:52.738","01771 09:31:43",221.78,894.45,,,,"     ",5.30,281.99,1.97
1771,554701943,"01771M09:43:53.711","01771 09:31:44",221.69,894.51,,,,"     ",5.30,279.64,1.95
1771,554701944,"01771M09:43:54.684","01771 09:31:45",221.60,894.48,,,,"     ",5.30,279.65,1.95
1771,554701945,"01771M09:43:55.658","01771 09:31:46",221.53,894.45,,,,"     ",5.30,281.93,1.97
1771,554701946,"01771M09:43:56.631","01771 09:31:47",221.45,894.46,,,,"     ",5.30,280.06,1.96
1771,554701947,"01771M09:43:57.604","01771 09:31:48",221.39,894.43,,,,"     ",5.30,282.06,1.97
1771,554701948,"01771M09:43:58.577","01771 09:31:49",221.33,894.48,,,,"     ",5.30,281.01,1.96
1771,554701949,"01771M09:43:59.551","01771 09:31:50",221.29,894.36,,,,"     ",5.30,279.48,1.95
1771,554701950,"01771M09:44:00.524","01771 09:31:51",221.25,894.36,,,,"     ",5.30,281.79,1.97
1771,554701951,"01771M09:44:01.497","01771 09:31:52",221.23,894.38,,,,"     ",5.30,281.21,1.96
1771,554701952,"01771M09:44:02.471","01771 09:31:53",221.22,894.48,,,,"     ",5.30,284.58,1.99
1771,554701953,"01771M09:44:03.444","01771 09:31:54",221.21,894.36,,,,"     ",5.30,281.72,1.97
1771,554701954,"01771M09:44:04.417","01771 09:31:55",221.22,894.26,,,,"     ",5.30,278.41,1.94
1771,554701955,"01771M09:44:05.390","01771 09:31:56",221.25,894.39,,,,"     ",5.30,279.33,1.95
1771,554701956,"01771M09:44:06.364","01771 09:31:57",221.29,894.37,,,,"     ",5.30,280.14,1.95
1771,554701957,"01771M09:44:07.337","01771 09:31:58",221.33,894.41,,,,"     ",5.30,281.93,1.97
1771,554701958,"01771M09:44:08.310","01771 09:31:59",221.35,894.38,,,,"     ",5.30,280.99,1.96
1771,554701959,"01771M09:44:09.283","01771 09:32:00",221.36,894.33,,,,"     ",5.30,279.72,1.95
1771,554701960,"01771M09:44:10.257","01771 09:32:01",221.34,894.34,,,,"     ",5.30,281.94,1.97
1771,554701961,"01771M09:44:11.230","01771 09:32:02",221.29,894.36,,,,"     ",5.30,283.14,1.97
1771,554701962,"01771M09:44:12.203","01771 09:32:03",221.22,894.28,,,,"     ",5.30,281.66,1.96
1771,554701963,"01771M09:44:13.176","01771 09:32:04",221.14,894.31,,,,"     ",5.30,281.03,1.96
1771,554701964,"01771M09:44:14.150","01771 09:32:05",221.06,894.27,,,,"     ",5.30,281.62,1.96
1771,554701965,"01771M09:44:15.123","01771 09:32:06",220.99,894.24,,,,"     ",5.30,280.40,1.95
1771,554701966,"01771M09:44:16.096","01771 09:32:07",220.91,894.31,,,,"     ",5.30,281.23,1.96
1771,554701967,"01771M09:44:17.069","01771 09:32:08",220.84,894.22,,,,"     ",5.30,282.44,1.97
1771,554701968,"01771M09:44:18.043","01771 09:32:09",220.78,894.28,,,,"     ",5.30,281.59,1.96
1771,554701969,"01771M09:44:19.016","01771 09:32:10",220.73,894.26,,,,"     ",5.30,283.03,1.97
1771,554701970,"01771M09:44:19.989","01771 09:32:11",220.69,894.25,,,,"     ",5.30,281.87,1.96
1771,554701971,"01771M09:44:20.962","01771 09:32:12",220.66,894.32,,,,"     ",5.30,281.91,1.96
1771,554701972,"01771M09:44:21.936","01771 09:32:13",220.62,894.27,,,,"     ",5.30,281.33,1.96
1771,554701973,"01771M09:44:22.909","01771 09:32:14",220.59,894.39,,,,"     ",5.30,283.13,1.97
1771,554701974,"01771M09:44:23.882","01771 09:32:15",220.57,894.29,,,,"     ",5.30,280.32,1.95
1771,554701975,"01771M09:44:24.855","01771 09:32:16",220.55,894.23,,,,"     ",5.30,282.34,1.97
1771,554701976,"01771M09:44:25.829","01771 09:32:16",220.54,894.28,,,,"     ",5.30,280.18,1.95
1771,554701977,"01771M09:44:26.802","01771 09:32:17",220.52,894.21,,,,"     ",5.30,278.46,1.94
1771,554701978,"01771M09:44:27.775","01771 09:32:18",220.50,894.27,,,,"     ",5.30,284.81,1.98
1771,554701979,"01771M09:44:28.748","01771 09:32:19",220.48,894.25,,,,"     ",5.30,282.30,1.97
1771,554701980,"01771M09:44:29.722","01771 09:32:20",220.45,894.17,,,,"     ",5.30,280.53,1.95
1771,554701981,"01771M09:44:30.695","01771 09:32:21",220.43,894.24,,,,"     ",5.30,281.47,1.96
1771,554701982,"01771M09:44:31.668","01771 09:32:22",220.40,894.17,,,,"     ",5.30,281.40,1.96
1771,554701983,"01771M09:44:32.641","01771 09:32:23",220.37,894.20,,,,"     ",5.30,279.22,1.94
1771,554701984,"01771M09:44:33.615","01771 09:32:24",220.35,894.17,,,,"     ",5.30,284.38,1.98
1771,554701985,"01771M09:44:34.588","01771 09:32:25",220.32,894.21,,,,"     ",5.30,282.07,1.96
1771,554701986,"01771M09:44:35.561","01771 09:32:26",220.30,894.21,,,,"     ",5.30,280.09,1.95
1771,554701987,"01771M09:44:36.534","01771 09:32:27",220.28,894.22,,,,"     ",5.30,279.87,1.95
1771,554701988,"01771M09:44:37.508","01771 09:32:28",220.26,894.28,,,,"     ",5.30,281.22,1.96
1771,554701989,"01771M09:44:38.481","01771 09:32:29",220.24,894.15,,,,"     ",5.30,282.37,1.97
1771,554701990,"01771M09:44:39.454","01771 09:32:30",220.21,894.21,,,,"     ",5.30,280.29,1.95
1771,554701991,"01771M09:44:40.427","01771 09:32:31",220.20,894.10,,,,"     ",5.30,282.02,1.96
1771,554701992,"01771M09:44:41.401","01771 09:32:32",220.20,894.15,,,,"     ",5.30,279.71,1.95
1771,554701993,"01771M09:44:42.374","01771 09:32:33",220.22,894.17,,,,"     ",5.30,282.89,1.97
1771,554701994,"01771M09:44:43.347","01771 09:32:34",220.25,894.18,,,,"     ",5.30,279.71,1.95
1771,554701995,"01771M09:44:44.320","01771 09:32:35",220.31,894.07,,,,"     ",5.30,282.73,1.97
1771,554701996,"01771M09:44:45.294","01771 09:32:36",220.38,894.18,,,,"     ",5.30,281.26,1.96
1771,554701997,"01771M09:44:46.267","01771 09:32:37",220.46,894.14,,,,"     ",5.30,281.35,1.96
1771,554701998,"01771M09:44:47.240","01771 09:32:38",220.54,894.09,,,,"     ",5.30,280.76,1.95
1771,554701999,"01771M09:44:48.213","01771 09:32:39",220.60,894.16,,,,"     ",5.30,278.65,1.94
1771,554702000,"01771M09:44:49.187","01771 09:32:40",220.65,894.15,,,,"     ",5.30,281.76,1.96
1771,554702001,"01771M09:44:50.160","01771 09:32:41",220.69,894.12,,,,"     ",5.30,286.70,2.00
1771,554702002,"01771M09:44:51.133","01771 09:32:42",220.70,894.19,,,,"     ",5.30,281.97,1.96
1771,554702003,"01771M09:44:52.106","01771 09:32:43",220.71,894.05,,,,"     ",5.30,278.90,1.94
1771,554702004,"01771M09:44:53.080","01771 09:32:44",220.72,894.14,,,,"     ",5.30,279.48,1.95
1771,554702005,"01771M09:44:54.053","01771 09:32:45",220.73,894.11,,,,"     ",5.30,279.32,1.94
1771,554702006,"01771M09:44:55.026","01771 09:32:46",220.75,894.09,,,,"     ",5.30,282.95,1.97
1771,554702007,"01771M09:44:55.999","01771 09:32:47",220.76,894.07,,,,"     ",5.30,284.53,1.98
1771,554702008,"01771M09:44:56.973","01771 09:32:48",220.76,894.02,,,,"     ",5.30,281.45,1.96
1771,554702009,"01771M09:44:57.946","01771 09:32:49",220.77,894.06,,,,"     ",5.30,280.67,1.95
1771,554702010,"01771M09:44:58.919","01771 09:32:50",220.76,894.07,,,,"     ",5.30,282.28,1.97
1771,554702011,"01771M09:44:59.892","01771 09:32:51",220.75,894.06,,,,"     ",5.30,281.02,1.96
1771,554702012,"01771M09:45:00.866","01771 09:32:52",220.74,894.09,,,,"     ",5.30,281.77,1.96
1771,554702013,"01771M09:45:01.839","01771 09:32:52",220.73,894.15,,,,"     ",5.30,281.58,1.96
1771,554702014,"01771M09:45:02.812","01771 09:32:53",220.72,894.18,,,,"     ",5.30,284.81,1.99
1771,554702015,"01771M09:45:03.785","01771 09:32:54",220.72,894.17,,,,"     ",5.30,283.06,1.97
1771,554702016,"01771M09:45:04.759","01771 09:32:55",220.73,894.15,,,,"     ",5.30,281.18,1.96
1771,554702017,"01771M09:45:05.732","01771 09:32:56",220.74,894.15,,,,"     ",5.30,280.89,1.96
1771,554702018,"01771M09:45:06.705","01771 09:32:57",220.77,894.17,,,,"     ",5.30,281.96,1.96
1771,554702019,"01771M09:45:07.678","01771 09:32:58",220.81,894.15,,,,"     ",5.30,280.42,1.95
1771,554702020,"01771M09:45:08.652","01771 09:32:59",220.83,894.04,,,,"     ",5.30,282.79,1.97
1771,554702021,"01771M09:45:09.625","01771 09:33:00",220.86,894.14,,,,"     ",5.30,282.63,1.97
1771,554702022,"01771M09:45:10.598","01771 09:33:01",220.87,894.12,,,,"     ",5.30,280.68,1.96
1771,554702023,"01771M09:45:11.572","01771 09:33:02",220.89,894.18,,,,"     ",5.30,281.73,1.96
1771,554702024,"01771M09:45:12.545","01771 09:33:03",220.89,894.19,,,,"     ",5.30,280.31,1.95
1771,554702025,"01771M09:45:13.518","01771 09:33:04",220.87,894.06,,,,"     ",5.30,282.52,1.97
1771,554702026,"01771M09:45:14.491","01771 09:33:05",220.83,894.10,,,,"     ",5.30,282.98,1.97
1771,554702027,"01771M09:45:15.465","01771 09:33:06",220.77,894.11,,,,"     ",5.30,284.22,1.98
1771,554702028,"01771M09:45:16.438","01771 09:33:07",220.68,894.12,,,,"     ",5.30,282.72,1.97
1771,554702029,"01771M09:45:17.411","01771 09:33:08",220.57,894.12,,,,"     ",5.30,282.45,1.97
1771,554702030,"01771M09:45:18.384","01771 09:33:09",220.45,894.09,,,,"     ",5.30,278.76,1.94
1771,554702031,"01771M09:45:19.358","01771 09:33:10",220.34,894.10,,,,"     ",5.30,280.79,1.96
1771,554702032,"01771M09:45:20.331","01771 09:33:11",220.23,894.10,,,,"     ",5.30,283.58,1.98
1771,554702033,"01771M09:45:21.304","01771 09:33:12",220.14,893.98,,,,"     ",5.30,279.85,1.95
1771,554702034,"01771M09:45:22.277","01771 09:33:13",220.07,894.03,,,,"     ",5.30,282.85,1.97
1771,554702035,"01771M09:45:23.251","01771 09:33:14",220.01,893.98,,,,"     ",5.30,282.39,1.97
1771,554702036,"01771M09:45:24.224","01771 09:33:15",219.97,894.05,,,,"     ",5.30,282.08,1.96
1771,554702037,"01771M09:45:25.197","01771 09:33:16",219.94,894.05,,,,"     ",5.30,283.91,1.98
1771,554702038,"01771M09:45:26.170","01771 09:33:17",219.94,894.05,,,,"     ",5.30,281.81,1.96
1771,554702039,"01771M09:45:27.144","01771 09:33:18",219.95,894.07,,,,"     ",5.30,280.28,1.95
1771,554702040,"01771M09:45:28.117","01771 09:33:19",219.98,894.03,,,,"     ",5.30,281.50,1.96
1771,554702041,"01771M09:45:29.090","01771 09:33:20",220.02,894.01,,,,"     ",5.30,284.87,1.98
1771,554702042,"01771M09:45:30.063","01771 09:33:21",220.06,894.02,,,,"     ",5.30,284.97,1.98
1771,554702043,"01771M09:45:31.037","01771 09:33:22",220.12,894.04,,,,"     ",5.30,283.04,1.97
1771,554702044,"01771M09:45:32.010","01771 09:33:23",220.18,893.97,,,,"     ",5.30,283.57,1.97
1771,554702045,"01771M09:45:32.983","01771 09:33:24",220.25,894.05,,,,"     ",5.30,283.48,1.97
1771,554702046,"01771M09:45:33.956","01771 09:33:25",220.33,894.07,,,,"     ",5.30,282.98,1.97
1771,554702047,"01771M09:45:34.930","01771 09:33:26",220.41,893.91,,,,"     ",5.30,281.64,1.96
1771,554702048,"01771M09:45:35.903","01771 09:33:27",220.50,893.94,,,,"     ",5.30,281.62,1.96
1771,554702049,"01771M09:45:36.876","01771 09:33:28",220.60,893.92,,,,"     ",5.30,282.38,1.96
1771,554702050,"01771M09:45:37.849","01771 09:33:29",220.70,893.94,,,,"     ",5.30,283.05,1.97
1771,554702051,"01771M09:45:38.823","01771 09:33:29",220.80,893.98,,,,"     ",5.30,280.97,1.95
1771,554702052,"01771M09:45:39.796","01771 09:33:30",220.89,893.93,,,,"     ",5.30,284.68,1.98
1771,554702053,"01771M09:45:40.769","01771 09:33:31",220.96,893.89,,,,"     ",5.30,282.14,1.96
1771,554702054,"01771M09:45:41.742","01771 09:33:32",221.01,893.92,,,,"     ",5.30,284.61,1.98
1771,554702055,"01771M09:45:42.716","01771 09:33:33",221.04,893.90,,,,"     ",5.30,281.98,1.96
1771,554702056,"01771M09:45:43.689","01771 09:33:34",221.05,893.89,,,,"     ",5.30,281.60,1.96
1771,554702057,"01771M09:45:44.662","01771 09:33:35",221.05,893.98,,,,"     ",5.30,281.84,1.96
1771,554702058,"01771M09:45:45.635","01771 09:33:36",221.03,893.99,,,,"     ",5.30,282.71,1.96
1771,554702059,"01771M09:45:46.609","01771 09:33:37",221.01,893.97,,,,"     ",5.30,282.64,1.96
1771,554702060,"01771M09:45:47.582","01771 09:33:38",220.97,893.97,,,,"     ",5.30,283.45,1.97
1771,554702061,"01771M09:45:48.555","01771 09:33:39",220.92,893.90,,,,"     ",5.30,283.40,1.97
1771,554702062,"01771M09:45:49.528","01771 09:33:40",220.85,893.85,,,,"     ",5.30,283.53,1.97
1771,554702063,"01771M09:45:50.502","01771 09:33:41",220.78,893.84,,,,"     ",5.30,284.42,1.98
1771,554702064,"01771M09:45:51.475","01771 09:33:42",220.72,893.84,,,,"     ",5.30,284.63,1.98
1771,554702065,"01771M09:45:52.448","01771 09:33:43",220.66,893.92,,,,"     ",5.30,284.46,1.97
1771,554702066,"01771M09:45:53.421","01771 09:33:44",220.63,893.85,,,,"     ",5.30,279.67,1.94
1771,554702067,"01771M09:45:54.395","01771 09:33:45",220.62,893.80,,,,"     ",5.30,283.97,1.97
1771,554702068,"01771M09:45:55.368","01771 09:33:46",220.63,893.83,,,,"     ",5.30,282.89,1.96
1771,554702069,"01771M09:45:56.341","01771 09:33:47",220.67,893.77,,,,"     ",5.30,280.96,1.95
1771,554702070,"01771M09:45:57.314","01771 09:33:48",220.73,893.85,,,,"     ",5.30,281.78,1.95
1771,554702071,"01771M09:45:58.288","01771 09:33:49",220.82,893.78,,,,"     ",5.30,282.69,1.96
1771,554702072,"01771M09:45:59.261","01771 09:33:50",220.92,893.76,,,,"     ",5.30,283.56,1.97
1771,554702073,"01771M09:46:00.234","01771 09:33:51",221.04,893.80,,,,"     ",5.30,282.32,1.96
1771,554702074,"01771M09:46:01.207","01771 09:33:52",221.16,893.83,,,,"     ",5.30,284.24,1.97
1771,554702075,"01771M09:46:02.181","01771 09:33:53",221.29,893.78,,,,"     ",5.30,284.50,1.97
1771,554702076,"01771M09:46:03.154","01771 09:33:54",221.42,893.75,,,,"     ",5.30,285.19,1.98
1771,554702077,"01771M09:46:04.127","01771 09:33:55",221.55,893.64,,,,"     ",5.30,283.06,1.96
1771,554702078,"01771M09:46:05.100","01771 09:33:56",221.67,893.68,,,,"     ",5.30,285.02,1.97
1771,554702079,"01771M09:46:06.074","01771 09:33:57",221.78,893.70,,,,"     ",5.30,283.05,1.96
1771,554702080,"01771M09:46:07.047","01771 09:33:58",221.89,893.65,,,,"     ",5.30,282.60,1.96
1771,554702081,"01771M09:46:08.020","01771 09:33:59",221.99,893.81,,,,"     ",5.30,281.86,1.95
1771,554702082,"01771M09:46:08.993","01771 09:34:00",222.09,893.71,,,,"     ",5.30,283.96,1.96
1771,554702083,"01771M09:46:09.967","01771 09:34:01",222.21,893.69,,,,"     ",5.30,282.74,1.96
1771,554702084,"01771M09:46:10.940","01771 09:34:02",222.33,893.77,,,,"     ",5.30,283.19,1.96
1771,554702085,"01771M09:46:11.913","01771 09:34:03",222.46,893.81,,,,"     ",5.30,282.73,1.95
1771,554702086,"01771M09:46:12.886","01771 09:34:04",222.59,893.76,,,,"     ",5.30,284.28,1.96
1771,554702087,"01771M09:46:13.860","01771 09:34:05",222.72,893.78,,,,"     ",5.30,283.75,1.96
1771,554702088,"01771M09:46:14.833","01771 09:34:06",222.83,893.78,,,,"     ",5.30,283.76,1.96
1771,554702089,"01771M09:46:15.806","01771 09:34:06",222.92,893.70,,,,"     ",5.30,287.15,1.98
1771,554702090,"01771M09:46:16.779","01771 09:34:07",223.00,893.67,,,,"     ",5.30,284.88,1.97
1771,554702091,"01771M09:46:17.753","01771 09:34:08",223.06,893.77,,,,"     ",5.30,282.44,1.95
1771,554702092,"01771M09:46:18.726","01771 09:34:09",223.11,893.75,,,,"     ",5.30,282.29,1.95
1771,554702093,"01771M09:46:19.699","01771 09:34:10",223.12,893.69,,,,"     ",5.30,284.45,1.96
1771,554702094,"01771M09:46:20.672","01771 09:34:11",223.13,893.80,,,,"     ",5.30,285.21,1.97
1771,554702095,"01771M09:46:21.646","01771 09:34:12",223.14,893.83,,,,"     ",5.30,285.45,1.97
1771,554702096,"01771M09:46:22.619","01771 09:34:13",223.14,893.76,,,,"     ",5.30,282.55,1.95
1771,554702097,"01771M09:46:23.592","01771 09:34:14",223.12,893.78,,,,"     ",5.30,284.48,1.96
1771,554702098,"01771M09:46:24.566","01771 09:34:15",223.10,893.72,,,,"     ",5.30,283.68,1.95
1771,554702099,"01771M09:46:25.539","01771 09:34:16",223.07,893.78,,,,"     ",5.30,285.81,1.97
1771,554702100,"01771M09:46:26.512","01771 09:34:17",223.04,893.78,,,,"     ",5.30,283.88,1.95
1771,554702101,"01771M09:46:27.485","01771 09:34:18",222.99,893.79,,,,"     ",5.30,283.40,1.95
1771,554702102,"01771M09:46:28.459","01771 09:34:19",222.94,893.75,,,,"     ",5.30,283.11,1.95
1771,554702103,"01771M09:46:29.432","01771 09:34:20",222.88,893.75,,,,"     ",5.30,284.84,1.96
1771,554702104,"01771M09:46:30.405","01771 09:34:21",222.81,893.74,,,,"     ",5.30,284.15,1.95
1771,554702105,"01771M09:46:31.378","01771 09:34:22",222.74,893.71,,,,"     ",5.30,285.25,1.96
1771,554702106,"01771M09:46:32.352","01771 09:34:23",222.66,893.66,,,,"     ",5.30,287.11,1.97
1771,554702107,"01771M09:46:33.325","01771 09:34:24",223.27,893.67,,,,"     ",5.30,285.10,1.96
1771,554702108,"01771M09:46:34.298","01771 09:34:25",223.24,893.68,,,,"     ",5.30,284.36,1.95
1771,554702109,"01771M09:46:35.271","01771 09:34:26",223.22,893.60,,,,"     ",5.30,284.49,1.95
1771,554702110,"01771M09:46:36.245","01771 09:34:27",223.21,893.63,,,,"     ",5.30,286.78,1.97
1771,554702111,"01771M09:46:37.218","01771 09:34:28",223.20,893.66,,,,"     ",5.30,284.41,1.95
1771,554702112,"01771M09:46:38.191","01771 09:34:29",223.20,893.67,,,,"     ",5.30,285.40,1.96
1771,554702113,"01771M09:46:39.164","01771 09:34:30",223.21,893.64,,,,"     ",5.30,286.18,1.96
1771,554702114,"01771M09:46:40.138","01771 09:34:31",223.22,893.61,,,,"     ",5.30,284.06,1.95
1771,554702115,"01771M09:46:41.111","01771 09:34:32",223.23,893.58,,,,"     ",5.30,284.62,1.95
1771,554702116,"01771M09:46:42.084","01771 09:34:33",223.25,893.61,,,,"     ",5.30,282.61,1.94
1771,554702117,"01771M09:46:43.057","01771 09:34:34",223.28,893.58,,,,"     ",5.30,285.90,1.96
1771,554702118,"01771M09:46:44.031","01771 09:34:35",223.30,893.59,,,,"     ",5.30,283.32,1.94
1771,554702119,"01771M09:46:45.004","01771 09:34:36",223.34,893.61,,,,"     ",5.30,286.69,1.97
1771,554702120,"01771M09:46:45.977","01771 09:34:37",223.39,893.59,,,,"     ",5.30,284.69,1.95
1771,554702121,"01771M09:46:46.950","01771 09:34:38",223.46,893.62,,,,"     ",5.30,283.96,1.94
1771,554702122,"01771M09:46:47.924","01771 09:34:39",223.55,893.65,,,,"     ",5.30,287.59,1.97
1771,554702123,"01771M09:46:48.897","01771 09:34:40",223.61,893.63,,,,"     ",5.30,287.42,1.97
1771,554702124,"01771M09:46:49.870","01771 09:34:41",223.66,893.60,,,,"     ",5.30,287.02,1.96
1771,554702125,"01771M09:46:50.843","01771 09:34:42",223.67,893.64,,,,"     ",5.30,286.72,1.96
1771,554702126,"01771M09:46:51.817","01771 09:34:43",223.66,893.63,,,,"     ",5.30,287.83,1.97
1771,554702127,"01771M09:46:52.790","01771 09:34:43",223.63,893.64,,,,"     ",5.30,284.96,1.95
1771,554702128,"01771M09:46:53.763","01771 09:34:44",223.58,893.59,,,,"     ",5.30,287.99,1.97
1771,554702129,"01771M09:46:54.736","01771 09:34:45",223.51,893.64,,,,"     ",5.30,287.12,1.96
1771,554702130,"01771M09:46:55.710","01771 09:34:46",223.42,893.59,,,,"     ",5.30,283.33,1.94
1771,554702131,"01771M09:46:56.683","01771 09:34:47",223.31,893.62,,,,"     ",5.30,285.04,1.95
1771,554702132,"01771M09:46:57.656","01771 09:34:48",223.18,893.62,,,,"     ",5.30,285.76,1.95
1771,554702133,"01771M09:46:58.629","01771 09:34:49",223.05,893.50,,,,"     ",5.30,288.94,1.97
1771,554702134,"01771M09:46:59.603","01771 09:34:50",222.92,893.53,,,,"     ",5.30,286.31,1.95
1771,554702135,"01771M09:47:00.576","01771 09:34:51",222.79,893.58,,,,"     ",5.30,285.63,1.95
1771,554702136,"01771M09:47:01.549","01771 09:34:52",222.68,893.56,,,,"     ",5.30,289.36,1.98
1771,554702137,"01771M09:47:02.522","01771 09:34:53",222.59,893.48,,,,"     ",5.30,285.36,1.95
1771,554702138,"01771M09:47:03.496","01771 09:34:54",222.52,893.52,,,,"     ",5.30,286.35,1.95
1771,554702139,"01771M09:47:04.469","01771 09:34:55",222.45,893.52,,,,"     ",5.30,288.99,1.97
1771,554702140,"01771M09:47:05.442","01771 09:34:56",222.38,893.51,,,,"     ",5.30,287.85,1.96
1771,554702141,"01771M09:47:06.415","01771 09:34:57",222.31,893.49,,,,"     ",5.30,283.61,1.93
1771,554702142,"01771M09:47:07.389","01771 09:34:58",222.23,893.55,,,,"     ",5.30,288.53,1.97
1771,554702143,"01771M09:47:08.362","01771 09:34:59",222.16,893.52,,,,"     ",5.30,282.80,1.93
1771,554702144,"01771M09:47:09.335","01771 09:35:00",222.10,893.59,,,,"     ",5.30,287.12,1.96
1771,554702145,"01771M09:47:10.308","01771 09:35:01",222.05,893.62,,,,"     ",5.30,283.98,1.94
1771,554702146,"01771M09:47:11.282","01771 09:35:02",222.01,893.53,,,,"     ",5.30,285.20,1.94
1771,554702147,"01771M09:47:12.255","01771 09:35:03",221.97,893.60,,,,"     ",5.30,285.97,1.95
1771,554702148,"01771M09:47:13.228","01771 09:35:04",221.94,893.52,,,,"     ",5.30,285.89,1.95
1771,554702149,"01771M09:47:14.201","01771 09:35:05",221.89,893.52,,,,"     ",5.30,287.92,1.96
1771,554702150,"01771M09:47:15.175","01771 09:35:06",221.83,893.52,,,,"     ",5.30,286.19,1.95
1771,554702151,"01771M09:47:16.148","01771 09:35:07",221.78,893.51,,,,"     ",5.30,286.75,1.95
1771,554702152,"01771M09:47:17.121","01771 09:35:08",221.72,893.49,,,,"     ",5.30,286.28,1.95
1771,554702153,"01771M09:47:18.094","01771 09:35:09",221.66,893.47,,,,"     ",5.30,286.48,1.95
1771,554702154,"01771M09:47:19.068","01771 09:35:10",221.59,893.45,,,,"     ",5.30,287.20,1.95
1771,554702155,"01771M09:47:20.041","01771 09:35:11",221.52,893.53,,,,"     ",5.30,288.08,1.96
1771,554702156,"01771M09:47:21.014","01771 09:35:12",221.45,893.51,,,,"     ",5.30,286.99,1.95
1771,554702157,"01771M09:47:21.987","01771 09:35:13",221.38,893.52,,,,"     ",5.30,285.84,1.95
1771,554702158,"01771M09:47:22.961","01771 09:35:14",221.31,893.54,,,,"     ",5.30,284.64,1.94
1771,554702159,"01771M09:47:23.934","01771 09:35:15",221.24,893.48,,,,"     ",5.30,289.07,1.97
1771,554702160,"01771M09:47:24.907","01771 09:35:16",221.17,893.44,,,,"     ",5.30,287.36,1.95
1771,554702161,"01771M09:47:25.880","01771 09:35:17",221.09,893.44,,,,"     ",5.30,287.72,1.96
1771,554702162,"01771M09:47:26.854","01771 09:35:18",221.02,893.41,,,,"     ",5.30,288.02,1.96
1771,554702163,"01771M09:47:27.827","01771 09:35:19",220.96,893.46,,,,"     ",5.30,285.93,1.94
1771,554702164,"01771M09:47:28.800","01771 09:35:19",220.90,893.44,,,,"     ",5.30,287.81,1.96
1771,554702165,"01771M09:47:29.773","01771 09:35:20",220.86,893.29,,,,"     ",5.30,285.75,1.94
1771,554702166,"01771M09:47:30.747","01771 09:35:21",220.83,893.41,,,,"     ",5.30,288.88,1.96
1771,554702167,"01771M09:47:31.720","01771 09:35:22",220.81,893.41,,,,"     ",5.30,285.96,1.94
1771,554702168,"01771M09:47:32.693","01771 09:35:23",220.80,893.39,,,,"     ",5.30,288.03,1.96
1771,554702169,"01771M09:47:33.667","01771 09:35:24",220.78,893.42,,,,"     ",5.30,287.25,1.95
1771,554702170,"01771M09:47:34.640","01771 09:35:25",220.76,893.47,,,,"     ",5.30,288.33,1.96
1771,554702171,"01771M09:47:35.613","01771 09:35:26",220.72,893.52,,,,"     ",5.30,289.00,1.96
1771,554702172,"01771M09:47:36.586","01771 09:35:27",220.68,893.43,,,,"     ",5.30,285.61,1.94
1771,554702173,"01771M09:47:37.560","01771 09:35:28",220.64,893.48,,,,"     ",5.30,286.77,1.95
1771,554702174,"01771M09:47:38.533","01771 09:35:29",220.60,893.38,,,,"     ",5.30,288.32,1.96
1771,554702175,"01771M09:47:39.506","01771 09:35:30",220.55,893.41,,,,"     ",5.30,287.88,1.96
1771,554702176,"01771M09:47:40.479","01771 09:35:31",220.50,893.43,,,,"     ",5.30,286.78,1.95
1771,554702177,"01771M09:47:41.453","01771 09:35:32",220.46,893.48,,,,"     ",5.30,285.59,1.94
1771,554702178,"01771M09:47:42.426","01771 09:35:33",220.42,893.41,,,,"     ",5.30,287.70,1.95
1771,554702179,"01771M09:47:43.399","01771 09:35:34",220.38,893.38,,,,"     ",5.30,286.49,1.95
1771,554702180,"01771M09:47:44.372","01771 09:35:35",220.34,893.37,,,,"     ",5.30,287.23,1.95
1771,554702181,"01771M09:47:45.346","01771 09:35:36",220.31,893.36,,,,"     ",5.30,286.68,1.95
1771,554702182,"01771M09:47:46.319","01771 09:35:37",220.30,893.37,,,,"     ",5.30,288.57,1.96
1771,554702183,"01771M09:47:47.292","01771 09:35:38",220.29,893.35,,,,"     ",5.30,287.67,1.95
1771,554702184,"01771M09:47:48.265","01771 09:35:39",220.31,893.30,,,,"     ",5.30,286.44,1.94
1771,554702185,"01771M09:47:49.239","01771 09:35:40",220.33,893.34,,,,"     ",5.30,285.08,1.94
1771,554702186,"01771M09:47:50.212","01771 09:35:41",220.37,893.32,,,,"     ",5.30,289.18,1.96
1771,554702187,"01771M09:47:51.185","01771 09:35:42",220.39,893.29,,,,"     ",5.30,288.08,1.96
1771,554702188,"01771M09:47:52.158","01771 09:35:43",220.41,893.35,,,,"     ",5.30,288.79,1.96
1771,554702189,"01771M09:47:53.132","01771 09:35:44",220.40,893.30,,,,"     ",5.30,287.90,1.96
1771,554702190,"01771M09:47:54.105","01771 09:35:45",220.38,893.28,,,,"     ",5.30,286.84,1.95
1771,554702191,"01771M09:47:55.078","01771 09:35:46",220.34,893.35,,,,"     ",5.30,286.50,1.95
1771,554702192,"01771M09:47:56.051","01771 09:35:47",220.31,893.39,,,,"     ",5.30,287.39,1.95
1771,554702193,"01771M09:47:57.025","01771 09:35:48",220.28,893.30,,,,"     ",5.30,290.84,1.97
1771,554702194,"01771M09:47:57.998","01771 09:35:49",220.26,893.38,,,,"     ",5.30,289.10,1.96
1771,554702195,"01771M09:47:58.971","01771 09:35:50",220.24,893.35,,,,"     ",5.30,287.73,1.95
1771,554702196,"01771M09:47:59.944","01771 09:35:51",220.22,893.42,,,,"     ",5.30,287.20,1.95
1771,554702197,"01771M09:48:00.918","01771 09:35:52",220.22,893.36,,,,"     ",5.30,288.24,1.96
1771,554702198,"01771M09:48:01.891","01771 09:35:53",220.22,893.32,,,,"     ",5.30,287.50,1.95
1771,554702199,"01771M09:48:02.864","01771 09:35:54",220.22,893.40,,,,"     ",5.30,289.53,1.97
1771,554702200,"01771M09:48:03.837","01771 09:35:55",220.21,893.38,,,,"     ",5.30,289.11,1.96
1771,554702201,"01771M09:48:04.811","01771 09:35:56",220.20,893.34,,,,"     ",5.30,288.12,1.95
1771,554702202,"01771M09:48:05.784","01771 09:35:56",220.19,893.30,,,,"     ",5.30,286.88,1.95
1771,554702203,"01771M09:48:06.757","01771 09:35:57",220.16,893.36,,,,"     ",5.30,284.05,1.93
1771,554702204,"01771M09:48:07.730","01771 09:35:58",220.14,893.36,,,,"     ",5.30,285.42,1.94
1771,554702205,"01771M09:48:08.704","01771 09:35:59",220.10,893.38,,,,"     ",5.30,288.55,1.96
1771,554702206,"01771M09:48:09.677","01771 09:36:00",220.06,893.35,,,,"     ",5.30,290.50,1.97
1771,554702207,"01771M09:48:10.650","01771 09:36:01",220.01,893.35,,,,"     ",5.30,287.19,1.95
1771,554702208,"01771M09:48:11.623","01771 09:36:02",219.94,893.35,,,,"     ",5.30,288.44,1.96
1771,554702209,"01771M09:48:12.597","01771 09:36:03",219.88,893.34,,,,"     ",5.30,289.70,1.96
1771,554702210,"01771M09:48:13.570","01771 09:36:04",219.81,893.35,,,,"     ",5.30,290.11,1.97
1771,554702211,"01771M09:48:14.543","01771 09:36:05",219.75,893.28,,,,"     ",5.30,287.12,1.95
1771,554702212,"01771M09:48:15.516","01771 09:36:06",219.70,893.38,,,,"     ",5.30,286.70,1.94
1771,554702213,"01771M09:48:16.490","01771 09:36:07",219.64,893.39,,,,"     ",5.30,286.33,1.94
1771,554702214,"01771M09:48:17.463","01771 09:36:08",219.58,893.32,,,,"     ",5.30,289.76,1.96
1771,554702215,"01771M09:48:18.436","01771 09:36:09",219.52,893.28,,,,"     ",5.30,289.43,1.96
1771,554702216,"01771M09:48:19.409","01771 09:36:10",219.45,893.31,,,,"     ",5.30,289.42,1.96
1771,554702217,"01771M09:48:20.383","01771 09:36:11",219.38,893.22,,,,"     ",5.30,288.99,1.96
1771,554702218,"01771M09:48:21.356","01771 09:36:12",219.32,893.22,,,,"     ",5.30,289.93,1.97
1771,554702219,"01771M09:48:22.329","01771 09:36:13",219.27,893.25,,,,"     ",5.30,289.34,1.96
1771,554702220,"01771M09:48:23.302","01771 09:36:14",219.24,893.24,,,,"     ",5.30,290.17,1.97
1771,554702221,"01771M09:48:24.276","01771 09:36:15",219.22,893.29,,,,"     ",5.30,288.40,1.95
1771,554702222,"01771M09:48:25.249","01771 09:36:16",219.23,893.21,,,,"     ",5.30,289.71,1.96
1771,554702223,"01771M09:48:26.222","01771 09:36:17",219.26,893.23,,,,"     ",5.30,288.28,1.95
1771,554702224,"01771M09:48:27.195","01771 09:36:18",219.32,893.24,,,,"     ",5.30,286.53,1.94
1771,554702225,"01771M09:48:28.169","01771 09:36:19",219.40,893.26,,,,"     ",5.30,289.28,1.96
1771,554702226,"01771M09:48:29.142","01771 09:36:20",219.49,893.30,,,,"     ",5.30,288.17,1.95
1771,554702227,"01771M09:48:30.115","01771 09:36:21",219.57,893.18,,,,"     ",5.30,288.52,1.95
1771,554702228,"01771M09:48:31.088","01771 09:36:22",219.65,893.11,,,,"     ",5.30,290.20,1.97
1771,554702229,"01771M09:48:32.062","01771 09:36:23",219.73,893.16,,,,"     ",5.30,288.90,1.96
1771,554702230,"01771M09:48:33.035","01771 09:36:24",219.79,893.10,,,,"     ",5.30,287.31,1.95
1771,554702231,"01771M09:48:34.008","01771 09:36:25",219.83,893.14,,,,"     ",5.30,290.99,1.97
1771,554702232,"01771M09:48:34.981","01771 09:36:26",219.84,893.21,,,,"     ",5.30,287.44,1.95
1771,554702233,"01771M09:48:35.955","01771 09:36:27",219.83,893.25,,,,"     ",5.30,290.86,1.97
1771,554702234,"01771M09:48:36.928","01771 09:36:28",219.80,893.22,,,,"     ",5.30,288.29,1.95
1771,554702235,"01771M09:48:37.901","01771 09:36:29",219.75,893.16,,,,"     ",5.30,287.58,1.95
1771,554702236,"01771M09:48:38.874","01771 09:36:30",219.69,893.18,,,,"     ",5.30,285.55,1.93
1771,554702237,"01771M09:48:39.848","01771 09:36:31",219.62,893.15,,,,"     ",5.30,292.09,1.98
1771,554702238,"01771M09:48:40.821","01771 09:36:32",219.54,893.19,,,,"     ",5.30,287.93,1.95
1771,554702239,"01771M09:48:41.794","01771 09:36:33",219.47,893.15,,,,"     ",5.30,287.86,1.95
1771,554702240,"01771M09:48:42.768","01771 09:36:33",219.41,893.18,,,,"     ",5.30,287.03,1.94
1771,554702241,"01771M09:48:43.741","01771 09:36:34",219.35,893.15,,,,"     ",5.30,286.72,1.94
1771,554702242,"01771M09:48:44.714","01771 09:36:35",219.29,893.18,,,,"     ",5.30,289.00,1.96
1771,554702243,"01771M09:48:45.687","01771 09:36:36",219.26,893.24,,,,"     ",5.30,288.84,1.95
1771,554702244,"01771M09:48:46.661","01771 09:36:37",219.24,893.30,,,,"     ",5.30,288.64,1.95
1771,554702245,"01771M09:48:47.634","01771 09:36:38",219.23,893.26,,,,"     ",5.30,289.77,1.96
1771,554702246,"01771M09:48:48.607","01771 09:36:39",219.23,893.17,,,,"     ",5.30,288.85,1.95
1771,554702247,"01771M09:48:49.580","01771 09:36:40",219.25,893.20,,,,"     ",5.30,285.83,1.93
1771,554702248,"01771M09:48:50.554","01771 09:36:41",219.28,893.14,,,,"     ",5.30,290.48,1.96
1771,554702249,"01771M09:48:51.527","01771 09:36:42",219.32,893.23,,,,"     ",5.30,287.70,1.95
1771,554702250,"01771M09:48:52.500","01771 09:36:43",219.36,893.18,,,,"     ",5.30,288.38,1.95
1771,554702251,"01771M09:48:53.473","01771 09:36:44",219.40,893.09,,,,"     ",5.30,285.95,1.93
1771,554702252,"01771M09:48:54.447","01771 09:36:45",219.44,893.07,,,,"     ",5.30,288.20,1.95
1771,554702253,"01771M09:48:55.420","01771 09:36:46",219.48,893.18,,,,"     ",5.30,288.22,1.95
1771,554702254,"01771M09:48:56.393","01771 09:36:47",219.50,893.13,,,,"     ",5.30,287.91,1.95
1771,554702255,"01771M09:48:57.366","01771 09:36:48",219.51,893.06,,,,"     ",5.30,289.19,1.96
1771,554702256,"01771M09:48:58.340","01771 09:36:49",219.51,893.07,,,,"     ",5.30,288.98,1.95
1771,554702257,"01771M09:48:59.313","01771 09:36:50",219.49,893.14,,,,"     ",5.30,289.82,1.96
1771,554702258,"01771M09:49:00.286","01771 09:36:51",219.46,893.12,,,,"     ",5.30,291.67,1.97
1771,554702259,"01771M09:49:01.259","01771 09:36:52",219.42,893.08,,,,"     ",5.30,289.42,1.96
1771,554702260,"01771M09:49:02.233","01771 09:36:53",219.37,893.11,,,,"     ",5.30,289.31,1.96
1771,554702261,"01771M09:49:03.206","01771 09:36:54",219.31,893.00,,,,"     ",5.30,289.32,1.95
1771,554702262,"01771M09:49:04.179","01771 09:36:55",219.25,893.09,,,,"     ",5.30,291.91,1.97
1771,554702263,"01771M09:49:05.152","01771 09:36:56",219.19,893.06,,,,"     ",5.30,290.76,1.96
1771,554702264,"01771M09:49:06.126","01771 09:36:57",219.12,893.06,,,,"     ",5.30,288.78,1.95
1771,554702265,"01771M09:49:07.099","01771 09:36:58",219.02,893.09,,,,"     ",5.30,292.10,1.97
1771,554702266,"01771M09:49:08.072","01771 09:36:59",218.91,893.07,,,,"     ",5.30,290.00,1.96
1771,554702267,"01771M09:49:09.045","01771 09:37:00",218.79,892.96,,,,"     ",5.30,289.55,1.96
1771,554702268,"01771M09:49:10.019","01771 09:37:01",218.67,893.02,,,,"     ",5.30,289.37,1.95
1771,554702269,"01771M09:49:10.992","01771 09:37:02",218.58,893.04,,,,"     ",5.30,289.14,1.95
1771,554702270,"01771M09:49:11.965","01771 09:37:03",218.49,893.05,,,,"     ",5.30,289.34,1.95
1771,554702271,"01771M09:49:12.938","01771 09:37:04",218.43,893.05,,,,"     ",5.30,290.14,1.96
1771,554702272,"01771M09:49:13.912","01771 09:37:05",218.38,892.97,,,,"     ",5.30,287.60,1.94
1771,554702273,"01771M09:49:14.885","01771 09:37:06",218.33,892.97,,,,"     ",5.30,288.50,1.95
1771,554702274,"01771M09:49:15.858","01771 09:37:07",218.30,892.98,,,,"     ",5.30,290.54,1.96
1771,554702275,"01771M09:49:16.831","01771 09:37:08",218.28,892.95,,,,"     ",5.30,287.02,1.94
1771,554702276,"01771M09:49:17.805","01771 09:37:09",218.27,892.92,,,,"     ",5.30,289.71,1.96
1771,554702277,"01771M09:49:18.778","01771 09:37:09",218.27,892.96,,,,"     ",5.30,288.71,1.95
1771,554702278,"01771M09:49:19.751","01771 09:37:10",218.28,892.93,,,,"     ",5.30,288.45,1.95
1771,554702279,"01771M09:49:20.724","01771 09:37:11",218.30,892.94,,,,"     ",5.30,288.08,1.94
1771,554702280,"01771M09:49:21.698","01771 09:37:12",218.31,892.93,,,,"     ",5.30,290.86,1.96
1771,554702281,"01771M09:49:22.671","01771 09:37:13",218.33,892.94,,,,"     ",5.30,288.56,1.95
1771,554702282,"01771M09:49:23.644","01771 09:37:14",218.33,893.02,,,,"     ",5.30,288.27,1.95
1771,554702283,"01771M09:49:24.617","01771 09:37:15",218.33,893.00,,,,"     ",5.30,288.77,1.95
1771,554702284,"01771M09:49:25.591","01771 09:37:16",218.32,892.92,,,,"     ",5.30,289.04,1.95
1771,554702285,"01771M09:49:26.564","01771 09:37:17",218.30,892.97,,,,"     ",5.30,287.06,1.94
1771,554702286,"01771M09:49:27.537","01771 09:37:18",218.28,892.90,,,,"     ",5.30,290.20,1.96
1771,554702287,"01771M09:49:28.510","01771 09:37:19",218.27,892.98,,,,"     ",5.30,285.93,1.93
1771,554702288,"01771M09:49:29.484","01771 09:37:20",218.27,893.02,,,,"     ",5.30,290.93,1.97
1771,554702289,"01771M09:49:30.457","01771 09:37:21",218.27,893.02,,,,"     ",5.30,288.25,1.95
1771,554702290,"01771M09:49:31.430","01771 09:37:22",218.28,892.96,,,,"     ",5.30,287.53,1.94
1771,554702291,"01771M09:49:32.403","01771 09:37:23",218.29,892.99,,,,"     ",5.30,286.38,1.94
1771,554702292,"01771M09:49:33.377","01771 09:37:24",218.30,893.01,,,,"     ",5.30,290.45,1.97
1771,554702293,"01771M09:49:34.350","01771 09:37:25",218.31,892.96,,,,"     ",5.30,287.90,1.95
1771,554702294,"01771M09:49:35.323","01771 09:37:26",218.31,892.95,,,,"     ",5.30,290.39,1.97
1771,554702295,"01771M09:49:36.296","01771 09:37:27",218.33,892.96,,,,"     ",5.30,290.35,1.96
1771,554702296,"01771M09:49:37.270","01771 09:37:28",218.35,892.93,,,,"     ",5.30,287.83,1.95
1771,554702297,"01771M09:49:38.243","01771 09:37:29",218.37,892.88,,,,"     ",5.30,288.68,1.95
1771,554702298,"01771M09:49:39.216","01771 09:37:30",218.42,892.95,,,,"     ",5.30,289.21,1.96
1771,554702299,"01771M09:49:40.189","01771 09:37:31",218.46,892.86,,,,"     ",5.30,289.83,1.96
1771,554702300,"01771M09:49:41.163","01771 09:37:32",218.52,892.90,,,,"     ",5.30,290.73,1.97
1771,554702301,"01771M09:49:42.136","01771 09:37:33",218.58,892.87,,,,"     ",5.30,288.82,1.95
1771,554702302,"01771M09:49:43.109","01771 09:37:34",218.65,892.90,,,,"     ",5.30,289.58,1.96
1771,554702303,"01771M09:49:44.082","01771 09:37:35",218.73,892.86,,,,"     ",5.30,290.09,1.96
1771,554702304,"01771M09:49:45.056","01771 09:37:36",218.82,892.94,,,,"     ",5.30,286.28,1.94
1771,554702305,"01771M09:49:46.029","01771 09:37:37",218.92,892.90,,,,"     ",5.30,287.74,1.95
1771,554702306,"01771M09:49:47.002","01771 09:37:38",219.04,892.89,,,,"     ",5.30,288.68,1.95
1771,554702307,"01771M09:49:47.975","01771 09:37:39",219.15,892.85,,,,"     ",5.30,286.16,1.93
1771,554702308,"01771M09:49:48.949","01771 09:37:40",219.27,892.90,,,,"     ",5.30,288.40,1.95
1771,554702309,"01771M09:49:49.922","01771 09:37:41",219.37,892.82,,,,"     ",5.30,285.32,1.93
1771,554702310,"01771M09:49:50.895","01771 09:37:42",219.45,892.88,,,,"     ",5.30,290.09,1.96
1771,554702311,"01771M09:49:51.869","01771 09:37:43",219.53,892.93,,,,"     ",5.30,288.66,1.95
1771,554702312,"01771M09:49:52.842","01771 09:37:44",219.60,892.83,,,,"     ",5.30,289.55,1.96
1771,554702313,"01771M09:49:53.815","01771 09:37:45",219.68,892.88,,,,"     ",5.30,292.00,1.98
1771,554702314,"01771M09:49:54.788","01771 09:37:46",219.76,892.81,,,,"     ",5.30,288.90,1.95
1771,554702315,"01771M09:49:55.762","01771 09:37:46",219.86,892.88,,,,"     ",5.30,290.00,1.96
1771,554702316,"01771M09:49:56.735","01771 09:37:47",219.96,892.87,,,,"     ",5.30,289.72,1.96
1771,554702317,"01771M09:49:57.708","01771 09:37:48",220.07,892.84,,,,"     ",5.30,290.27,1.96
1771,554702318,"01771M09:49:58.681","01771 09:37:49",220.17,892.86,,,,"     ",5.30,286.37,1.93
1771,554702319,"01771M09:49:59.655","01771 09:37:50",220.27,892.82,,,,"     ",5.30,289.41,1.96
1771,554702320,"01771M09:50:00.628","01771 09:37:51",220.36,892.84,,,,"     ",5.30,288.63,1.95
1771,554702321,"01771M09:50:01.601","01771 09:37:52",220.45,892.87,,,,"     ",5.30,289.18,1.95
1771,554702322,"01771M09:50:02.574","01771 09:37:53",220.56,892.77,,,,"     ",5.30,289.15,1.95
1771,554702323,"01771M09:50:03.548","01771 09:37:54",220.69,892.77,,,,"     ",5.30,290.08,1.96
1771,554702324,"01771M09:50:04.521","01771 09:37:55",220.81,892.71,,,,"     ",5.30,291.33,1.97
1771,554702325,"01771M09:50:05.494","01771 09:37:56",220.93,892.73,,,,"     ",5.30,287.84,1.94
1771,554702326,"01771M09:50:06.467","01771 09:37:57",221.03,892.66,,,,"     ",5.30,290.14,1.96
1771,554702327,"01771M09:50:07.441","01771 09:37:58",221.12,892.62,,,,"     ",5.30,287.85,1.94
1771,554702328,"01771M09:50:08.414","01771 09:37:59",221.19,892.69,,,,"     ",5.30,288.58,1.95
1771,554702329,"01771M09:50:09.387","01771 09:38:00",221.26,892.78,,,,"     ",5.30,286.25,1.93
1771,554702330,"01771M09:50:10.360","01771 09:38:01",221.34,892.80,,,,"     ",5.30,286.52,1.93
1771,554702331,"01771M09:50:11.334","01771 09:38:02",221.43,892.66,,,,"     ",5.30,291.50,1.97
1771,554702332,"01771M09:50:12.307","01771 09:38:03",221.52,892.66,,,,"     ",5.30,290.44,1.96
1771,554702333,"01771M09:50:13.280","01771 09:38:04",221.62,892.74,,,,"     ",5.30,289.99,1.95
1771,554702334,"01771M09:50:14.253","01771 09:38:05",221.71,892.71,,,,"     ",5.30,287.79,1.94
1771,554702335,"01771M09:50:15.227","01771 09:38:06",221.80,892.71,,,,"     ",5.30,289.39,1.95
1771,554702336,"01771M09:50:16.200","01771 09:38:07",221.88,892.76,,,,"     ",5.30,289.28,1.95
1771,554702337,"01771M09:50:17.173","01771 09:38:08",221.96,892.73,,,,"     ",5.30,290.27,1.96
1771,554702338,"01771M09:50:18.146","01771 09:38:09",222.04,892.72,,,,"     ",5.30,289.70,1.95
1771,554702339,"01771M09:50:19.120","01771 09:38:10",222.13,892.71,,,,"     ",5.30,290.99,1.96
1771,554702340,"01771M09:50:20.093","01771 09:38:11",222.23,892.72,,,,"     ",5.30,288.05,1.94
1771,554702341,"01771M09:50:21.066","01771 09:38:12",222.32,892.77,,,,"     ",5.30,288.80,1.94
1771,554702342,"01771M09:50:22.039","01771 09:38:13",222.40,892.76,,,,"     ",5.30,290.95,1.96
1771,554702343,"01771M09:50:23.013","01771 09:38:14",222.47,892.70,,,,"     ",5.30,289.29,1.95
1771,554702344,"01771M09:50:23.986","01771 09:38:15",222.52,892.77,,,,"     ",5.30,289.34,1.95
1771,554702345,"01771M09:50:24.959","01771 09:38:16",222.56,892.77,,,,"     ",5.30,290.63,1.95
1771,554702346,"01771M09:50:25.932","01771 09:38:17",222.59,892.72,,,,"     ",5.30,289.09,1.94
1771,554702347,"01771M09:50:26.906","01771 09:38:18",222.61,892.69,,,,"     ",5.30,293.10,1.97
1771,554702348,"01771M09:50:27.879","01771 09:38:19",222.64,892.77,,,,"     ",5.30,290.35,1.95
1771,554702349,"01771M09:50:28.852","01771 09:38:20",222.68,892.71,,,,"     ",5.30,290.55,1.95
1771,554702350,"01771M09:50:29.825","01771 09:38:21",222.73,892.69,,,,"     ",5.30,289.79,1.94
1771,554702351,"01771M09:50:30.799","01771 09:38:22",222.79,892.75,,,,"     ",5.30,290.43,1.95
1771,554702352,"01771M09:50:31.772","01771 09:38:23",222.86,892.71,,,,"     ",5.30,290.71,1.95
1771,554702353,"01771M09:50:32.745","01771 09:38:23",222.94,892.58,,,,"     ",5.30,293.38,1.97
1771,554702354,"01771M09:50:33.718","01771 09:38:24",223.03,892.65,,,,"     ",5.30,289.27,1.94
1771,554702355,"01771M09:50:34.692","01771 09:38:25",223.14,892.64,,,,"     ",5.30,289.82,1.94
1771,554702356,"01771M09:50:35.665","01771 09:38:26",223.25,892.52,,,,"     ",5.30,290.88,1.95
1771,554702357,"01771M09:50:36.638","01771 09:38:27",223.36,892.58,,,,"     ",5.30,289.84,1.94
1771,554702358,"01771M09:50:37.611","01771 09:38:28",223.47,892.64,,,,"     ",5.30,291.22,1.95
1771,554702359,"01771M09:50:38.585","01771 09:38:29",223.56,892.66,,,,"     ",5.30,292.10,1.96
1771,554702360,"01771M09:50:39.558","01771 09:38:30",223.63,892.63,,,,"     ",5.30,290.88,1.95
1771,554702361,"01771M09:50:40.531","01771 09:38:31",223.69,892.67,,,,"     ",5.30,291.54,1.95
1771,554702362,"01771M09:50:41.504","01771 09:38:32",223.73,892.69,,,,"     ",5.30,288.96,1.93
1771,554702363,"01771M09:50:42.478","01771 09:38:33",223.75,892.64,,,,"     ",5.30,294.63,1.97
1771,554702364,"01771M09:50:43.451","01771 09:38:34",223.78,892.60,,,,"     ",5.30,292.12,1.95
1771,554702365,"01771M09:50:44.424","01771 09:38:35",223.81,892.64,,,,"     ",5.30,292.71,1.96
1771,554702366,"01771M09:50:45.397","01771 09:38:36",223.85,892.62,,,,"     ",5.30,292.74,1.96
1771,554702367,"01771M09:50:46.371","01771 09:38:37",223.91,892.57,,,,"     ",5.30,291.45,1.95
1771,554702368,"01771M09:50:47.344","01771 09:38:38",223.98,892.58,,,,"     ",5.30,290.74,1.94
1771,554702369,"01771M09:50:48.317","01771 09:38:39",224.07,892.55,,,,"     ",5.30,293.49,1.96
1771,554702370,"01771M09:50:49.290","01771 09:38:40",224.17,892.56,,,,"     ",5.30,293.67,1.96
1771,554702371,"01771M09:50:50.264","01771 09:38:41",224.28,892.58,,,,"     ",5.30,290.56,1.94
1771,554702372,"01771M09:50:51.237","01771 09:38:42",224.39,892.58,,,,"     ",5.30,289.73,1.93
1771,554702373,"01771M09:50:52.210","01771 09:38:43",224.50,892.59,,,,"     ",5.30,292.50,1.95
1771,554702374,"01771M09:50:53.183","01771 09:38:44",224.59,892.63,,,,"     ",5.30,292.73,1.95
1771,554702375,"01771M09:50:54.157","01771 09:38:45",224.67,892.60,,,,"     ",5.30,291.16,1.94
1771,554702376,"01771M09:50:55.130","01771 09:38:46",224.74,892.49,,,,"     ",5.30,291.87,1.94
1771,554702377,"01771M09:50:56.103","01771 09:38:47",224.79,892.53,,,,"     ",5.30,291.42,1.94
1771,554702378,"01771M09:50:57.076","01771 09:38:48",224.83,892.56,,,,"     ",5.30,289.66,1.92
1771,554702379,"01771M09:50:58.050","01771 09:38:49",224.86,892.55,,,,"     ",5.30,289.63,1.92
1771,554702380,"01771M09:50:59.023","01771 09:38:50",224.88,892.53,,,,"     ",5.30,294.33,1.96
1771,554702381,"01771M09:50:59.996","01771 09:38:51",224.90,892.60,,,,"     ",5.30,293.68,1.95
1771,554702382,"01771M09:51:00.970","01771 09:38:52",224.92,892.58,,,,"     ",5.30,291.54,1.94
1771,554702383,"01771M09:51:01.943","01771 09:38:53",224.95,892.53,,,,"     ",5.30,293.58,1.95
1771,554702384,"01771M09:51:02.916","01771 09:38:54",224.99,892.55,,,,"     ",5.30,293.95,1.95
1771,554702385,"01771M09:51:03.889","01771 09:38:55",225.05,892.54,,,,"     ",5.30,290.97,1.93
1771,554702386,"01771M09:51:04.863","01771 09:38:56",225.12,892.48,,,,"     ",5.30,295.53,1.96
1771,554702387,"01771M09:51:05.836","01771 09:38:57",225.20,892.55,,,,"     ",5.30,292.44,1.94
1771,554702388,"01771M09:51:06.809","01771 09:38:58",225.29,892.42,,,,"     ",5.30,293.53,1.94
1771,554702389,"01771M09:51:07.782","01771 09:38:59",225.38,892.47,,,,"     ",5.30,291.63,1.93
1771,554702390,"01771M09:51:08.756","01771 09:39:00",225.47,892.51,,,,"     ",5.30,294.27,1.95
1771,554702391,"01771M09:51:09.729","01771 09:39:00",225.54,892.58,,,,"     ",5.30,290.76,1.92
1771,554702392,"01771M09:51:10.702","01771 09:39:01",225.61,892.56,,,,"     ",5.30,296.80,1.96
1771,554702393,"01771M09:51:11.675","01771 09:39:02",225.66,892.51,,,,"     ",5.30,293.34,1.94
1771,554702394,"01771M09:51:12.649","01771 09:39:03",225.70,892.47,,,,"     ",5.30,293.88,1.94
1771,554702395,"01771M09:51:13.622","01771 09:39:04",225.73,892.53,,,,"     ",5.30,294.83,1.95
1771,554702396,"01771M09:51:14.595","01771 09:39:05",225.75,892.48,,,,"     ",5.30,294.38,1.94
1771,554702397,"01771M09:51:15.568","01771 09:39:06",225.76,892.47,,,,"     ",5.30,294.11,1.94
1771,554702398,"01771M09:51:16.542","01771 09:39:07",225.76,892.43,,,,"     ",5.30,297.12,1.96
1771,554702399,"01771M09:51:17.515","01771 09:39:08",225.75,892.43,,,,"     ",5.30,291.56,1.92
1771,554702400,"01771M09:51:18.488","01771 09:39:09",225.74,892.45,,,,"     ",5.30,293.40,1.93
1771,554702401,"01771M09:51:19.461","01771 09:39:10",225.71,892.44,,,,"     ",5.30,295.11,1.94
1771,554702402,"01771M09:51:20.435","01771 09:39:11",225.68,892.44,,,,"     ",5.30,294.05,1.94
1771,554702403,"01771M09:51:21.408","01771 09:39:12",225.66,892.52,,,,"     ",5.30,290.89,1.91
1771,554702404,"01771M09:51:22.381","01771 09:39:13",225.65,892.46,,,,"     ",5.30,294.91,1.94
1771,554702405,"01771M09:51:23.354","01771 09:39:14",225.64,892.47,,,,"     ",5.30,292.62,1.93
1771,554702406,"01771M09:51:24.328","01771 09:39:15",225.64,892.45,,,,"     ",5.30,293.19,1.93
1771,554702407,"01771M09:51:25.301","01771 09:39:16",225.64,892.45,,,,"     ",5.30,293.50,1.93
1771,554702408,"01771M09:51:26.274","01771 09:39:17",225.64,892.39,,,,"     ",5.30,295.14,1.94
1771,554702409,"01771M09:51:27.247","01771 09:39:18",225.64,892.48,,,,"     ",5.30,292.77,1.92
1771,554702410,"01771M09:51:28.221","01771 09:39:19",225.65,892.43,,,,"     ",5.30,299.71,1.97
1771,554702411,"01771M09:51:29.194","01771 09:39:20",225.66,892.40,,,,"     ",5.30,293.61,1.93
1771,554702412,"01771M09:51:30.167","01771 09:39:21",225.67,892.40,,,,"     ",5.30,295.85,1.94
1771,554702413,"01771M09:51:31.140","01771 09:39:22",225.69,892.40,,,,"     ",5.30,298.44,1.96
1771,554702414,"01771M09:51:32.114","01771 09:39:23",225.72,892.41,,,,"     ",5.30,296.10,1.94
1771,554702415,"01771M09:51:33.087","01771 09:39:24",225.97,892.44,,,,"     ",5.30,295.76,1.94
1771,554702416,"01771M09:51:34.060","01771 09:39:25",225.92,892.32,,,,"     ",5.30,297.46,1.95
1771,554702417,"01771M09:51:35.033","01771 09:39:26",225.86,892.46,,,,"     ",5.30,294.94,1.93
1771,554702418,"01771M09:51:36.007","01771 09:39:27",225.80,892.39,,,,"     ",5.30,296.87,1.95
1771,554702419,"01771M09:51:36.980","01771 09:39:28",225.73,892.45,,,,"     ",5.30,295.24,1.93
1771,554702420,"01771M09:51:37.953","01771 09:39:29",225.65,892.43,,,,"     ",5.30,294.17,1.93
1771,554702421,"01771M09:51:38.926","01771 09:39:30",225.57,892.48,,,,"     ",5.30,296.93,1.94
1771,554702422,"01771M09:51:39.900","01771 09:39:31",225.49,892.38,,,,"     ",5.30,298.35,1.95
1771,554702423,"01771M09:51:40.873","01771 09:39:32",225.39,892.37,,,,"     ",5.30,297.18,1.95
1771,554702424,"01771M09:51:41.846","01771 09:39:33",225.30,892.31,,,,"     ",5.30,296.56,1.94
1771,554702425,"01771M09:51:42.819","01771 09:39:34",225.19,892.38,,,,"     ",5.30,297.59,1.95
1771,554702426,"01771M09:51:43.793","01771 09:39:35",225.08,892.38,,,,"     ",5.30,293.31,1.92
1771,554702427,"01771M09:51:44.766","01771 09:39:36",224.96,892.36,,,,"     ",5.30,296.64,1.94
1771,554702428,"01771M09:51:45.739","01771 09:39:36",224.83,892.47,,,,"     ",5.30,296.62,1.94
1771,554702429,"01771M09:51:46.712","01771 09:39:37",224.69,892.32,,,,"     ",5.30,296.62,1.94
1771,554702430,"01771M09:51:47.686","01771 09:39:38",224.56,892.40,,,,"     ",5.30,294.75,1.93
1771,554702431,"01771M09:51:48.659","01771 09:39:39",224.43,892.29,,,,"     ",5.30,296.11,1.93
1771,554702432,"01771M09:51:49.632","01771 09:39:40",224.31,892.33,,,,"     ",5.30,296.52,1.94
1771,554702433,"01771M09:51:50.605","01771 09:39:41",224.18,892.28,,,,"     ",5.30,295.61,1.93
1771,554702434,"01771M09:51:51.579","01771 09:39:42",224.06,892.26,,,,"     ",5.30,292.14,1.91
1771,554702435,"01771M09:51:52.552","01771 09:39:43",223.94,892.34,,,,"     ",5.30,294.33,1.92
1771,554702436,"01771M09:51:53.525","01771 09:39:44",223.82,892.33,,,,"     ",5.30,296.41,1.94
1771,554702437,"01771M09:51:54.498","01771 09:39:45",223.70,892.29,,,,"     ",5.30,296.31,1.94
1771,554702438,"01771M09:51:55.472","01771 09:39:46",223.58,892.28,,,,"     ",5.30,295.80,1.93
1771,554702439,"01771M09:51:56.445","01771 09:39:47",223.47,892.32,,,,"     ",5.30,296.51,1.94
1771,554702440,"01771M09:51:57.418","01771 09:39:48",223.35,892.29,,,,"     ",5.30,296.72,1.94
1771,554702441,"01771M09:51:58.391","01771 09:39:49",223.25,892.34,,,,"     ",5.30,295.60,1.93
1771,554702442,"01771M09:51:59.365","01771 09:39:50",223.16,892.34,,,,"     ",5.30,295.67,1.93
1771,554702443,"01771M09:52:00.338","01771 09:39:51",223.08,892.31,,,,"     ",5.30,295.26,1.93
1771,554702444,"01771M09:52:01.311","01771 09:39:52",223.02,892.25,,,,"     ",5.30,298.98,1.95
1771,554702445,"01771M09:52:02.284","01771 09:39:53",222.98,892.13,,,,"     ",5.30,295.56,1.93
1771,554702446,"01771M09:52:03.258","01771 09:39:54",222.98,892.21,,,,"     ",5.30,297.10,1.94
1771,554702447,"01771M09:52:04.231","01771 09:39:55",223.00,892.16,,,,"     ",5.30,294.73,1.92
1771,554702448,"01771M09:52:05.204","01771 09:39:56",223.05,892.20,,,,"     ",5.30,295.44,1.93
1771,554702449,"01771M09:52:06.177","01771 09:39:57",223.10,892.11,,,,"     ",5.30,297.28,1.94
1771,554702450,"01771M09:52:07.151","01771 09:39:58",223.16,892.14,,,,"     ",5.30,294.11,1.92
1771,554702451,"01771M09:52:08.124","01771 09:39:59",223.22,892.13,,,,"     ",5.30,297.09,1.94
1771,554702452,"01771M09:52:09.097","01771 09:40:00",223.28,892.20,,,,"     ",5.30,294.09,1.92
1771,554702453,"01771M09:52:10.070","01771 09:40:01",223.32,892.21,,,,"     ",5.30,295.67,1.93
1771,554702454,"01771M09:52:11.044","01771 09:40:02",223.34,892.27,,,,"     ",5.30,295.29,1.93
1771,554702455,"01771M09:52:12.017","01771 09:40:03",223.35,892.28,,,,"     ",5.30,297.17,1.94
1771,554702456,"01771M09:52:12.990","01771 09:40:04",223.34,892.21,,,,"     ",5.30,295.05,1.93
1771,554702457,"01771M09:52:13.964","01771 09:40:05",223.30,892.27,,,,"     ",5.30,297.10,1.94
1771,554702458,"01771M09:52:14.937","01771 09:40:06",223.23,892.26,,,,"     ",5.30,296.96,1.94
1771,554702459,"01771M09:52:15.910","01771 09:40:07",223.15,892.24,,,,"     ",5.30,295.71,1.93
1771,554702460,"01771M09:52:16.883","01771 09:40:08",223.06,892.14,,,,"     ",5.30,293.04,1.91
1771,554702461,"01771M09:52:17.857","01771 09:40:09",222.98,892.14,,,,"     ",5.30,295.79,1.93
1771,554702462,"01771M09:52:18.830","01771 09:40:10",222.92,892.23,,,,"     ",5.30,296.19,1.93
1771,554702463,"01771M09:52:19.803","01771 09:40:11",222.88,892.21,,,,"     ",5.30,297.49,1.94
1771,554702464,"01771M09:52:20.776","01771 09:40:12",222.86,892.15,,,,"     ",5.30,294.11,1.92
1771,554702465,"01771M09:52:21.750","01771 09:40:13",222.86,892.23,,,,"     ",5.30,293.19,1.92
1771,554702466,"01771M09:52:22.723","01771 09:40:13",222.86,892.23,,,,"     ",5.30,296.42,1.94
1771,554702467,"01771M09:52:23.696","01771 09:40:14",222.87,892.23,,,,"     ",5.30,297.70,1.95
1771,554702468,"01771M09:52:24.669","01771 09:40:15",222.89,892.16,,,,"     ",5.30,296.95,1.94
1771,554702469,"01771M09:52:25.643","01771 09:40:16",222.91,892.17,,,,"     ",5.30,296.96,1.94
1771,554702470,"01771M09:52:26.616","01771 09:40:17",222.93,892.11,,,,"     ",5.30,296.39,1.94
1771,554702471,"01771M09:52:27.589","01771 09:40:18",222.97,892.18,,,,"     ",5.30,297.41,1.94
1771,554702472,"01771M09:52:28.562","01771 09:40:19",223.01,892.21,,,,"     ",5.30,295.51,1.93
1771,554702473,"01771M09:52:29.536","01771 09:40:20",223.05,892.18,,,,"     ",5.30,296.34,1.94
1771,554702474,"01771M09:52:30.509","01771 09:40:21",223.09,892.16,,,,"     ",5.30,295.86,1.93
1771,554702475,"01771M09:52:31.482","01771 09:40:22",223.12,892.21,,,,"     ",5.30,295.74,1.93
1771,554702476,"01771M09:52:32.455","01771 09:40:23",223.16,892.15,,,,"     ",5.30,297.02,1.94
1771,554702477,"01771M09:52:33.429","01771 09:40:24",223.20,892.12,,,,"     ",5.30,296.06,1.93
1771,554702478,"01771M09:52:34.402","01771 09:40:25",223.24,892.08,,,,"     ",5.30,295.93,1.93
1771,554702479,"01771M09:52:35.375","01771 09:40:26",223.30,892.18,,,,"     ",5.30,293.40,1.92
1771,554702480,"01771M09:52:36.348","01771 09:40:27",223.37,892.15,,,,"     ",5.30,294.90,1.93
1771,554702481,"01771M09:52:37.322","01771 09:40:28",223.47,892.03,,,,"     ",5.30,297.46,1.94
1771,554702482,"01771M09:52:38.295","01771 09:40:29",223.56,892.03,,,,"     ",5.30,293.17,1.91
1771,554702483,"01771M09:52:39.268","01771 09:40:30",223.66,892.03,,,,"     ",5.30,299.42,1.96
1771,554702484,"01771M09:52:40.241","01771 09:40:31",223.75,892.10,,,,"     ",5.30,296.10,1.93
1771,554702485,"01771M09:52:41.215","01771 09:40:32",223.83,892.11,,,,"     ",5.30,298.30,1.95
1771,554702486,"01771M09:52:42.188","01771 09:40:33",223.90,892.12,,,,"     ",5.30,294.93,1.93
1771,554702487,"01771M09:52:43.161","01771 09:40:34",223.95,892.08,,,,"     ",5.30,296.59,1.94
1771,554702488,"01771M09:52:44.134","01771 09:40:35",223.99,892.11,,,,"     ",5.30,298.82,1.95
1771,554702489,"01771M09:52:45.108","01771 09:40:36",224.01,892.05,,,,"     ",5.30,298.10,1.95
1771,554702490,"01771M09:52:46.081","01771 09:40:37",224.03,891.99,,,,"     ",5.30,296.73,1.94
1771,554702491,"01771M09:52:47.054","01771 09:40:38",224.04,892.02,,,,"     ",5.30,297.28,1.94
1771,554702492,"01771M09:52:48.027","01771 09:40:39",224.03,892.03,,,,"     ",5.30,296.72,1.94
1771,554702493,"01771M09:52:49.001","01771 09:40:40",224.02,892.07,,,,"     ",5.30,300.92,1.96
1771,554702494,"01771M09:52:49.974","01771 09:40:41",224.01,891.99,,,,"     ",5.30,296.31,1.93
1771,554702495,"01771M09:52:50.947","01771 09:40:42",224.00,892.03,,,,"     ",5.30,294.83,1.92
1771,554702496,"01771M09:52:51.920","01771 09:40:43",224.01,892.03,,,,"     ",5.30,295.92,1.93
1771,554702497,"01771M09:52:52.894","01771 09:40:44",224.03,892.06,,,,"     ",5.30,298.19,1.95
1771,554702498,"01771M09:52:53.867","01771 09:40:45",224.07,892.13,,,,"     ",5.30,297.41,1.94
1771,554702499,"01771M09:52:54.840","01771 09:40:46",224.12,892.08,,,,"     ",5.30,300.20,1.96
1771,554702500,"01771M09:52:55.813","01771 09:40:47",224.19,892.04,,,,"     ",5.30,298.92,1.95
1771,554702501,"01771M09:52:56.787","01771 09:40:48",224.27,892.01,,,,"     ",5.30,297.95,1.94
1771,554702502,"01771M09:52:57.760","01771 09:40:49",224.36,891.99,,,,"     ",5.30,297.08,1.94
1771,554702503,"01771M09:52:58.733","01771 09:40:50",224.45,892.00,,,,"     ",5.30,296.57,1.93
1771,554702504,"01771M09:52:59.706","01771 09:40:50",224.54,891.97,,,,"     ",5.30,294.28,1.92
1771,554702505,"01771M09:53:00.680","01771 09:40:51",224.61,891.88,,,,"     ",5.30,295.79,1.93
1771,554702506,"01771M09:53:01.653","01771 09:40:52",224.67,892.01,,,,"     ",5.30,295.22,1.92
1771,554702507,"01771M09:53:02.626","01771 09:40:53",224.70,891.98,,,,"     ",5.30,298.49,1.95
1771,554702508,"01771M09:53:03.599","01771 09:40:54",224.70,891.90,,,,"     ",5.30,298.40,1.94
1771,554702509,"01771M09:53:04.573","01771 09:40:55",224.67,891.93,,,,"     ",5.30,295.98,1.93
1771,554702510,"01771M09:53:05.546","01771 09:40:56",224.61,891.88,,,,"     ",5.30,300.13,1.95
1771,554702511,"01771M09:53:06.519","01771 09:40:57",224.52,891.75,,,,"     ",5.30,298.61,1.94
1771,554702512,"01771M09:53:07.492","01771 09:40:58",224.42,891.71,,,,"     ",5.30,300.01,1.95
1771,554702513,"01771M09:53:08.466","01771 09:40:59",224.30,891.64,,,,"     ",5.30,295.06,1.92
1771,554702514,"01771M09:53:09.439","01771 09:41:00",224.17,891.80,,,,"     ",5.30,297.13,1.93
1771,554702515,"01771M09:53:10.412","01771 09:41:01",224.04,891.91,,,,"     ",5.30,298.62,1.94
1771,554702516,"01771M09:53:11.385","01771 09:41:02",223.90,891.92,,,,"     ",5.30,297.04,1.93
1771,554702517,"01771M09:53:12.359","01771 09:41:03",223.77,891.99,,,,"     ",5.30,299.54,1.95
1771,554702518,"01771M09:53:13.332","01771 09:41:04",223.64,891.90,,,,"     ",5.30,298.64,1.94
1771,554702519,"01771M09:53:14.305","01771 09:41:05",223.54,891.92,,,,"     ",5.30,297.09,1.93
1771,554702520,"01771M09:53:15.278","01771 09:41:06",223.47,891.91,,,,"     ",5.30,297.62,1.94
1771,554702521,"01771M09:53:16.252","01771 09:41:07",223.42,891.86,,,,"     ",5.30,295.98,1.93
1771,554702522,"01771M09:53:17.225","01771 09:41:08",223.40,891.86,,,,"     ",5.30,297.31,1.94
1771,554702523,"01771M09:53:18.198","01771 09:41:09",223.40,891.79,,,,"     ",5.30,296.77,1.93
1771,554702524,"01771M09:53:19.171","01771 09:41:10",223.39,891.76,,,,"     ",5.30,294.91,1.92
1771,554702525,"01771M09:53:20.145","01771 09:41:11",223.38,891.80,,,,"     ",5.30,297.24,1.94
1771,554702526,"01771M09:53:21.118","01771 09:41:12",223.36,891.79,,,,"     ",5.30,297.76,1.94
1771,554702527,"01771M09:53:22.091","01771 09:41:13",223.33,891.87,,,,"     ",5.30,298.27,1.94
1771,554702528,"01771M09:53:23.065","01771 09:41:14",223.29,891.87,,,,"     ",5.30,295.76,1.93
1771,554702529,"01771M09:53:24.038","01771 09:41:15",223.24,891.86,,,,"     ",5.30,294.61,1.92
1771,554702530,"01771M09:53:25.011","01771 09:41:16",223.20,891.97,,,,"     ",5.30,295.11,1.92
1771,554702531,"01771M09:53:25.984","01771 09:41:17",223.15,891.86,,,,"     ",5.30,294.43,1.92
1771,554702532,"01771M09:53:26.958","01771 09:41:18",223.11,891.96,,,,"     ",5.30,298.76,1.95
1771,554702533,"01771M09:53:27.931","01771 09:41:19",223.07,891.80,,,,"     ",5.30,297.57,1.94
1771,554702534,"01771M09:53:28.904","01771 09:41:20",223.03,891.82,,,,"     ",5.30,294.92,1.92
1771,554702535,"01771M09:53:29.877","01771 09:41:21",222.99,891.79,,,,"     ",5.30,297.09,1.94
1771,554702536,"01771M09:53:30.851","01771 09:41:22",222.96,891.83,,,,"     ",5.30,295.70,1.93
1771,554702537,"01771M09:53:31.824","01771 09:41:23",222.93,891.75,,,,"     ",5.30,295.01,1.92
1771,554702538,"01771M09:53:32.797","01771 09:41:24",222.92,891.82,,,,"     ",5.30,297.51,1.94
1771,554702539,"01771M09:53:33.770","01771 09:41:25",222.91,891.79,,,,"     ",5.30,294.12,1.92
1771,554702540,"01771M09:53:34.744","01771 09:41:26",222.91,891.82,,,,"     ",5.30,299.41,1.95
1771,554702541,"01771M09:53:35.717","01771 09:41:26",222.91,891.85,,,,"     ",5.30,293.45,1.91
1771,554702542,"01771M09:53:36.690","01771 09:41:27",222.90,891.83,,,,"     ",5.30,296.17,1.93
1771,554702543,"01771M09:53:37.663","01771 09:41:28",222.89,891.85,,,,"     ",5.30,294.06,1.92
1771,554702544,"01771M09:53:38.637","01771 09:41:29",222.86,891.89,,,,"     ",5.30,297.93,1.94
1771,554702545,"01771M09:53:39.610","01771 09:41:30",222.82,891.85,,,,"     ",5.30,298.79,1.95
1771,554702546,"01771M09:53:40.583","01771 09:41:31",222.77,891.83,,,,"     ",5.30,301.01,1.97
1771,554702547,"01771M09:53:41.556","01771 09:41:32",222.73,891.81,,,,"     ",5.30,295.40,1.93
1771,554702548,"01771M09:53:42.530","01771 09:41:33",222.68,891.82,,,,"     ",5.30,297.29,1.94
1771,554702549,"01771M09:53:43.503","01771 09:41:34",222.65,891.81,,,,"     ",5.30,296.52,1.94
1771,554702550,"01771M09:53:44.476","01771 09:41:35",222.61,891.77,,,,"     ",5.30,297.77,1.94
1771,554702551,"01771M09:53:45.449","01771 09:41:36",222.56,891.78,,,,"     ",5.30,299.01,1.95
1771,554702552,"01771M09:53:46.423","01771 09:41:37",222.50,891.82,,,,"     ",5.30,295.29,1.93
1771,554702553,"01771M09:53:47.396","01771 09:41:38",222.42,891.81,,,,"     ",5.30,299.83,1.96
1771,554702554,"01771M09:53:48.369","01771 09:41:39",222.34,891.86,,,,"     ",5.30,296.13,1.93
1771,554702555,"01771M09:53:49.342","01771 09:41:40",222.24,891.83,,,,"     ",5.30,299.73,1.96
1771,554702556,"01771M09:53:50.316","01771 09:41:41",222.15,891.82,,,,"     ",5.30,297.31,1.94
1771,554702557,"01771M09:53:51.289","01771 09:41:42",222.06,891.76,,,,"     ",5.30,298.41,1.95
1771,554702558,"01771M09:53:52.262","01771 09:41:43",221.97,891.84,,,,"     ",5.30,295.56,1.93
1771,554702559,"01771M09:53:53.235","01771 09:41:44",221.88,891.78,,,,"     ",5.30,295.65,1.93
1771,554702560,"01771M09:53:54.209","01771 09:41:45",221.80,891.69,,,,"     ",5.30,296.48,1.93
1771,554702561,"01771M09:53:55.182","01771 09:41:46",221.72,891.76,,,,"     ",5.30,293.66,1.92
1771,554702562,"01771M09:53:56.155","01771 09:41:47",221.65,891.72,,,,"     ",5.30,295.38,1.93
1771,554702563,"01771M09:53:57.128","01771 09:41:48",221.60,891.74,,,,"     ",5.30,294.82,1.92
1771,554702564,"01771M09:53:58.102","01771 09:41:49",221.55,891.71,,,,"     ",5.30,297.44,1.94
1771,554702565,"01771M09:53:59.075","01771 09:41:50",221.50,891.77,,,,"     ",5.30,296.40,1.94
1771,554702566,"01771M09:54:00.048","01771 09:41:51",221.45,891.73,,,,"     ",5.30,296.50,1.94
1771,554702567,"01771M09:54:01.021","01771 09:41:52",221.41,891.75,,,,"     ",5.30,298.31,1.95
1771,554702568,"01771M09:54:01.995","01771 09:41:53",221.37,891.69,,,,"     ",5.30,295.94,1.93
1771,554702569,"01771M09:54:02.968","01771 09:41:54",221.34,891.72,,,,"     ",5.30,293.09,1.91
1771,554702570,"01771M09:54:03.941","01771 09:41:55",221.30,891.72,,,,"     ",5.30,300.87,1.96
1771,554702571,"01771M09:54:04.914","01771 09:41:56",221.25,891.70,,,,"     ",5.30,294.73,1.92
1771,554702572,"01771M09:54:05.888","01771 09:41:57",221.19,891.66,,,,"     ",5.30,296.11,1.93
1771,554702573,"01771M09:54:06.861","01771 09:41:58",221.15,891.70,,,,"     ",5.30,297.39,1.94
1771,554702574,"01771M09:54:07.834","01771 09:41:59",221.11,891.65,,,,"     ",5.30,297.12,1.94
1771,554702575,"01771M09:54:08.807","01771 09:42:00",221.10,891.61,,,,"     ",5.30,297.86,1.94
1771,554702576,"01771M09:54:09.781","01771 09:42:01",221.11,891.64,,,,"     ",5.30,299.56,1.96
1771,554702577,"01771M09:54:10.754","01771 09:42:02",221.13,891.72,,,,"     ",5.30,297.29,1.94
1771,554702578,"01771M09:54:11.727","01771 09:42:03",221.16,891.66,,,,"     ",5.30,297.60,1.94
1771,554702579,"01771M09:54:12.700","01771 09:42:03",221.20,891.69,,,,"     ",5.30,296.68,1.94
1771,554702580,"01771M09:54:13.674","01771 09:42:04",221.23,891.71,,,,"     ",5.30,296.82,1.94
1771,554702581,"01771M09:54:14.647","01771 09:42:05",221.27,891.68,,,,"     ",5.30,296.06,1.93
1771,554702582,"01771M09:54:15.620","01771 09:42:06",221.31,891.69,,,,"     ",5.30,296.68,1.94
1771,554702583,"01771M09:54:16.593","01771 09:42:07",221.35,891.59,,,,"     ",5.30,296.35,1.94
1771,554702584,"01771M09:54:17.567","01771 09:42:08",221.38,891.60,,,,"     ",5.30,296.69,1.94
1771,554702585,"01771M09:54:18.540","01771 09:42:09",221.41,891.61,,,,"     ",5.30,296.13,1.93
1771,554702586,"01771M09:54:19.513","01771 09:42:10",221.43,891.66,,,,"     ",5.30,295.04,1.93
1771,554702587,"01771M09:54:20.486","01771 09:42:11",221.44,891.63,,,,"     ",5.30,297.90,1.95
1771,554702588,"01771M09:54:21.460","01771 09:42:12",221.45,891.68,,,,"     ",5.30,295.33,1.93
1771,554702589,"01771M09:54:22.433","01771 09:42:13",221.46,891.70,,,,"     ",5.30,297.82,1.95
1771,554702590,"01771M09:54:23.406","01771 09:42:14",221.46,891.64,,,,"     ",5.30,297.46,1.95
1771,554702591,"01771M09:54:24.379","01771 09:42:15",221.46,891.66,,,,"     ",5.30,296.91,1.94
1771,554702592,"01771M09:54:25.353","01771 09:42:16",221.46,891.78,,,,"     ",5.30,296.32,1.94
1771,554702593,"01771M09:54:26.326","01771 09:42:17",221.47,891.71,,,,"     ",5.30,296.91,1.94
1771,554702594,"01771M09:54:27.299","01771 09:42:18",221.47,891.76,,,,"     ",5.30,294.88,1.93
1771,554702595,"01771M09:54:28.272","01771 09:42:19",221.47,891.75,,,,"     ",5.30,297.49,1.94
1771,554702596,"01771M09:54:29.246","01771 09:42:20",221.47,891.68,,,,"     ",5.30,296.75,1.94
1771,554702597,"01771M09:54:30.219","01771 09:42:21",221.45,891.62,,,,"     ",5.30,298.39,1.95
1771,554702598,"01771M09:54:31.192","01771 09:42:22",221.43,891.67,,,,"     ",5.30,298.09,1.95
1771,554702599,"01771M09:54:32.166","01771 09:42:23",221.41,891.61,,,,"     ",5.30,295.25,1.93
1771,554702600,"01771M09:54:33.139","01771 09:42:24",221.38,891.56,,,,"     ",5.30,297.11,1.94
1771,554702601,"01771M09:54:34.112","01771 09:42:25",221.37,891.60,,,,"     ",5.30,297.95,1.95
1771,554702602,"01771M09:54:35.085","01771 09:42:26",221.36,891.52,,,,"     ",5.30,298.39,1.95
1771,554702603,"01771M09:54:36.059","01771 09:42:27",221.36,891.56,,,,"     ",5.30,297.46,1.94
1771,554702604,"01771M09:54:37.032","01771 09:42:28",221.34,891.57,,,,"     ",5.30,298.12,1.95
1771,554702605,"01771M09:54:38.005","01771 09:42:29",221.32,891.51,,,,"     ",5.30,298.84,1.95
1771,554702606,"01771M09:54:38.978","01771 09:42:30",221.28,891.56,,,,"     ",5.30,295.82,1.93
1771,554702607,"01771M09:54:39.952","01771 09:42:31",221.23,891.51,,,,"     ",5.30,298.83,1.95
1771,554702608,"01771M09:54:40.925","01771 09:42:32",221.18,891.49,,,,"     ",5.30,295.27,1.93
1771,554702609,"01771M09:54:41.898","01771 09:42:33",221.13,891.49,,,,"     ",5.30,297.42,1.94
1771,554702610,"01771M09:54:42.871","01771 09:42:34",221.08,891.52,,,,"     ",5.30,295.61,1.93
1771,554702611,"01771M09:54:43.845","01771 09:42:35",221.02,891.57,,,,"     ",5.30,295.29,1.93
1771,554702612,"01771M09:54:44.818","01771 09:42:36",220.96,891.56,,,,"     ",5.30,297.00,1.94
1771,554702613,"01771M09:54:45.791","01771 09:42:37",220.90,891.57,,,,"     ",5.30,297.79,1.95
1771,554702614,"01771M09:54:46.764","01771 09:42:38",220.85,891.51,,,,"     ",5.30,298.03,1.95
1771,554702615,"01771M09:54:47.738","01771 09:42:39",220.80,891.52,,,,"     ",5.30,298.36,1.95
1771,554702616,"01771M09:54:48.711","01771 09:42:40",220.76,891.54,,,,"     ",5.30,297.71,1.95
1771,554702617,"01771M09:54:49.684","01771 09:42:40",220.74,891.50,,,,"     ",5.30,297.88,1.95
1771,554702618,"01771M09:54:50.657","01771 09:42:41",220.74,891.58,,,,"     ",5.30,295.39,1.93
1771,554702619,"01771M09:54:51.631","01771 09:42:42",220.76,891.48,,,,"     ",5.30,299.02,1.95
1771,554702620,"01771M09:54:52.604","01771 09:42:43",220.79,891.49,,,,"     ",5.30,295.06,1.93
1771,554702621,"01771M09:54:53.577","01771 09:42:44",220.84,891.51,,,,"     ",5.30,299.30,1.96
1771,554702622,"01771M09:54:54.550","01771 09:42:45",220.88,891.49,,,,"     ",5.30,298.75,1.95
1771,554702623,"01771M09:54:55.524","01771 09:42:46",220.91,891.49,,,,"     ",5.30,297.80,1.94
1771,554702624,"01771M09:54:56.497","01771 09:42:47",220.94,891.48,,,,"     ",5.30,295.07,1.93
1771,554702625,"01771M09:54:57.470","01771 09:42:48",220.96,891.50,,,,"     ",5.30,298.15,1.95
1771,554702626,"01771M09:54:58.443","01771 09:42:49",220.97,891.46,,,,"     ",5.30,297.53,1.94
1771,554702627,"01771M09:54:59.417","01771 09:42:50",220.98,891.39,,,,"     ",5.30,297.61,1.94
1771,554702628,"01771M09:55:00.390","01771 09:42:51",220.98,891.41,,,,"     ",5.30,296.29,1.93
1771,554702629,"01771M09:55:01.363","01771 09:42:52",220.96,891.42,,,,"     ",5.30,296.90,1.94
1771,554702630,"01771M09:55:02.336","01771 09:42:53",220.92,891.44,,,,"     ",5.30,296.62,1.94
1771,554702631,"01771M09:55:03.310","01771 09:42:54",220.85,891.44,,,,"     ",5.30,297.17,1.94
1771,554702632,"01771M09:55:04.283","01771 09:42:55",220.76,891.37,,,,"     ",5.30,296.92,1.94
1771,554702633,"01771M09:55:05.256","01771 09:42:56",220.66,891.39,,,,"     ",5.30,298.53,1.95
1771,554702634,"01771M09:55:06.229","01771 09:42:57",220.56,891.39,,,,"     ",5.30,297.28,1.94
1771,554702635,"01771M09:55:07.203","01771 09:42:58",220.45,891.41,,,,"     ",5.30,296.54,1.94
1771,554702636,"01771M09:55:08.176","01771 09:42:59",220.35,891.39,,,,"     ",5.30,297.06,1.94
1771,554702637,"01771M09:55:09.149","01771 09:43:00",220.27,891.45,,,,"     ",5.30,299.42,1.96
1771,554702638,"01771M09:55:10.122","01771 09:43:01",220.19,891.47,,,,"     ",5.30,297.30,1.94
1771,554702639,"01771M09:55:11.096","01771 09:43:02",220.12,891.43,,,,"     ",5.30,297.06,1.94
1771,554702640,"01771M09:55:12.069","01771 09:43:03",220.08,891.43,,,,"     ",5.30,298.52,1.95
1771,554702641,"01771M09:55:13.042","01771 09:43:04",220.06,891.46,,,,"     ",5.30,295.51,1.93
1771,554702642,"01771M09:55:14.015","01771 09:43:05",220.07,891.37,,,,"     ",5.30,295.64,1.93
1771,554702643,"01771M09:55:14.989","01771 09:43:06",220.10,891.31,,,,"     ",5.30,293.02,1.92
1771,554702644,"01771M09:55:15.962","01771 09:43:07",220.16,891.29,,,,"     ",5.30,292.63,1.92
1771,554702645,"01771M09:55:16.935","01771 09:43:08",220.24,891.35,,,,"     ",5.30,297.69,1.95
1771,554702646,"01771M09:55:17.908","01771 09:43:09",220.33,891.26,,,,"     ",5.30,296.03,1.94
1771,554702647,"01771M09:55:18.882","01771 09:43:10",220.44,891.34,,,,"     ",5.30,295.89,1.94
1771,554702648,"01771M09:55:19.855","01771 09:43:11",220.54,891.38,,,,"     ",5.30,298.27,1.96
1771,554702649,"01771M09:55:20.828","01771 09:43:12",220.62,891.31,,,,"     ",5.30,296.37,1.95
1771,554702650,"01771M09:55:21.801","01771 09:43:13",220.67,891.33,,,,"     ",5.30,295.92,1.94
1771,554702651,"01771M09:55:22.775","01771 09:43:14",220.68,891.32,,,,"     ",5.30,295.52,1.94
1771,554702652,"01771M09:55:23.748","01771 09:43:15",220.65,891.28,,,,"     ",5.30,295.34,1.94
1771,554702653,"01771M09:55:24.721","01771 09:43:16",220.60,891.44,,,,"     ",5.30,296.00,1.95
1771,554702654,"01771M09:55:25.694","01771 09:43:17",220.53,891.29,,,,"     ",5.30,293.35,1.93
1771,554702655,"01771M09:55:26.668","01771 09:43:17",220.45,891.31,,,,"     ",5.30,296.04,1.95
1771,554702656,"01771M09:55:27.641","01771 09:43:18",220.36,891.32,,,,"     ",5.30,296.92,1.95
1771,554702657,"01771M09:55:28.614","01771 09:43:19",220.28,891.24,,,,"     ",5.30,294.24,1.94
1771,554702658,"01771M09:55:29.587","01771 09:43:20",220.21,891.32,,,,"     ",5.30,290.77,1.91
1771,554702659,"01771M09:55:30.561","01771 09:43:21",220.17,891.33,,,,"     ",5.30,295.58,1.95
1771,554702660,"01771M09:55:31.534","01771 09:43:22",220.14,891.33,,,,"     ",5.30,295.10,1.95
1771,554702661,"01771M09:55:32.507","01771 09:43:23",220.13,891.28,,,,"     ",5.30,293.99,1.94
1771,554702662,"01771M09:55:33.480","01771 09:43:24",220.14,891.35,,,,"     ",5.30,293.25,1.93
1771,554702663,"01771M09:55:34.454","01771 09:43:25",220.16,891.33,,,,"     ",5.30,294.12,1.94
1771,554702664,"01771M09:55:35.427","01771 09:43:26",220.20,891.31,,,,"     ",5.30,294.85,1.95
1771,554702665,"01771M09:55:36.400","01771 09:43:27",220.24,891.27,,,,"     ",5.30,293.87,1.94
1771,554702666,"01771M09:55:37.373","01771 09:43:28",220.28,891.35,,,,"     ",5.30,294.69,1.95
1771,554702667,"01771M09:55:38.347","01771 09:43:29",220.30,891.30,,,,"     ",5.30,295.68,1.95
1771,554702668,"01771M09:55:39.320","01771 09:43:30",220.29,891.34,,,,"     ",5.30,292.92,1.94
1771,554702669,"01771M09:55:40.293","01771 09:43:31",220.24,891.37,,,,"     ",5.30,294.00,1.95
1771,554702670,"01771M09:55:41.267","01771 09:43:32",220.17,891.34,,,,"     ",5.30,295.07,1.95
1771,554702671,"01771M09:55:42.240","01771 09:43:33",220.08,891.42,,,,"     ",5.30,293.23,1.94
1771,554702672,"01771M09:55:43.213","01771 09:43:34",220.00,891.28,,,,"     ",5.30,293.66,1.95
1771,554702673,"01771M09:55:44.186","01771 09:43:35",219.93,891.32,,,,"     ",5.30,293.08,1.94
1771,554702674,"01771M09:55:45.160","01771 09:43:36",219.87,891.31,,,,"     ",5.30,293.63,1.95
1771,554702675,"01771M09:55:46.133","01771 09:43:37",219.84,891.31,,,,"     ",5.30,295.24,1.96
1771,554702676,"01771M09:55:47.106","01771 09:43:38",219.83,891.20,,,,"     ",5.30,293.00,1.94
1771,554702677,"01771M09:55:48.079","01771 09:43:39",219.83,891.21,,,,"     ",5.30,295.22,1.96
1771,554702678,"01771M09:55:49.053","01771 09:43:40",219.84,891.24,,,,"     ",5.30,292.27,1.94
1771,554702679,"01771M09:55:50.026","01771 09:43:41",219.86,891.23,,,,"     ",5.30,292.35,1.94
1771,554702680,"01771M09:55:50.999","01771 09:43:42",219.87,891.19,,,,"     ",5.30,293.62,1.95
1771,554702681,"01771M09:55:51.972","01771 09:43:43",219.89,891.24,,,,"     ",5.30,293.55,1.95
1771,554702682,"01771M09:55:52.946","01771 09:43:44",219.90,891.23,,,,"     ",5.30,293.88,1.95
1771,554702683,"01771M09:55:53.919","01771 09:43:45",219.90,891.22,,,,"     ",5.30,290.11,1.93
1771,554702684,"01771M09:55:54.892","01771 09:43:46",219.88,891.24,,,,"     ",5.30,292.44,1.95
1771,554702685,"01771M09:55:55.865","01771 09:43:47",219.86,891.27,,,,"     ",5.30,293.41,1.95
1771,554702686,"01771M09:55:56.839","01771 09:43:48",219.83,891.24,,,,"     ",5.30,294.07,1.96
1771,554702687,"01771M09:55:57.812","01771 09:43:49",219.79,891.21,,,,"     ",5.30,291.02,1.94
1771,554702688,"01771M09:55:58.785","01771 09:43:50",219.76,891.24,,,,"     ",5.30,292.20,1.95
1771,554702689,"01771M09:55:59.758","01771 09:43:51",219.73,891.21,,,,"     ",5.30,296.51,1.98
1771,554702690,"01771M09:56:00.732","01771 09:43:52",219.71,891.33,,,,"     ",5.30,294.37,1.96
1771,554702691,"01771M09:56:01.705","01771 09:43:53",219.69,891.25,,,,"     ",5.30,291.24,1.94
1771,554702692,"01771M09:56:02.678","01771 09:43:53",219.69,891.19,,,,"     ",5.30,292.43,1.95
1771,554702693,"01771M09:56:03.651","01771 09:43:54",219.70,891.20,,,,"     ",5.30,291.77,1.95
1771,554702694,"01771M09:56:04.625","01771 09:43:55",219.73,891.16,,,,"     ",5.30,293.32,1.96
1771,554702695,"01771M09:56:05.598","01771 09:43:56",219.77,891.11,,,,"     ",5.30,293.81,1.96
1771,554702696,"01771M09:56:06.571","01771 09:43:57",219.82,891.10,,,,"     ",5.30,291.20,1.94
1771,554702697,"01771M09:56:07.544","01771 09:43:58",219.86,891.16,,,,"     ",5.30,292.22,1.95
1771,554702698,"01771M09:56:08.518","01771 09:43:59",219.90,891.11,,,,"     ",5.30,291.30,1.94
1771,554702699,"01771M09:56:09.491","01771 09:44:00",219.92,891.15,,,,"     ",5.30,291.98,1.95
1771,554702700,"01771M09:56:10.464","01771 09:44:01",219.93,891.10,,,,"     ",5.30,289.22,1.93
1771,554702701,"01771M09:56:11.437","01771 09:44:02",219.93,891.09,,,,"     ",5.30,292.76,1.95
1771,554702702,"01771M09:56:12.411","01771 09:44:03",219.93,891.08,,,,"     ",5.30,293.84,1.96
1771,554702703,"01771M09:56:13.384","01771 09:44:04",219.93,891.12,,,,"     ",5.30,294.11,1.96
1771,554702704,"01771M09:56:14.357","01771 09:44:05",219.93,891.08,,,,"     ",5.30,295.59,1.97
1771,554702705,"01771M09:56:15.330","01771 09:44:06",219.94,891.17,,,,"     ",5.30,293.55,1.96
1771,554702706,"01771M09:56:16.304","01771 09:44:07",219.96,891.09,,,,"     ",5.30,294.34,1.97
1771,554702707,"01771M09:56:17.277","01771 09:44:08",219.97,891.08,,,,"     ",5.30,291.54,1.95
1771,554702708,"01771M09:56:18.250","01771 09:44:09",219.99,891.05,,,,"     ",5.30,292.61,1.95
1771,554702709,"01771M09:56:19.223","01771 09:44:10",220.02,891.16,,,,"     ",5.30,295.57,1.98
1771,554702710,"01771M09:56:20.197","01771 09:44:11",220.06,891.05,,,,"     ",5.30,290.45,1.94
1771,554702711,"01771M09:56:21.170","01771 09:44:12",220.08,891.14,,,,"     ",5.30,289.52,1.93
1771,554702712,"01771M09:56:22.143","01771 09:44:13",220.10,891.09,,,,"     ",5.30,293.80,1.96
1771,554702713,"01771M09:56:23.116","01771 09:44:14",220.12,891.16,,,,"     ",5.30,293.05,1.96
1771,554702714,"01771M09:56:24.090","01771 09:44:15",220.13,891.14,,,,"     ",5.30,292.28,1.95
1771,554702715,"01771M09:56:25.063","01771 09:44:16",220.13,891.12,,,,"     ",5.30,292.79,1.96
1771,554702716,"01771M09:56:26.036","01771 09:44:17",220.14,891.07,,,,"     ",5.30,290.83,1.94
1771,554702717,"01771M09:56:27.009","01771 09:44:18",220.14,891.01,,,,"     ",5.30,293.87,1.96
1771,554702718,"01771M09:56:27.983","01771 09:44:19",220.14,891.03,,,,"     ",5.30,291.58,1.95
1771,554702719,"01771M09:56:28.956","01771 09:44:20",220.14,891.03,,,,"     ",5.30,295.01,1.97
1771,554702720,"01771M09:56:29.929","01771 09:44:21",220.12,890.95,,,,"     ",5.30,295.90,1.98
1771,554702721,"01771M09:56:30.902","01771 09:44:22",220.11,891.03,,,,"     ",5.30,293.92,1.96
1771,554702722,"01771M09:56:31.876","01771 09:44:23",220.09,891.02,,,,"     ",5.30,294.12,1.96
1771,554702723,"01771M09:56:32.849","01771 09:44:24",220.02,891.04,,,,"     ",5.30,296.87,1.98
1771,554702724,"01771M09:56:33.822","01771 09:44:25",220.03,891.05,,,,"     ",5.30,293.13,1.96
1771,554702725,"01771M09:56:34.795","01771 09:44:26",220.04,891.07,,,,"     ",5.30,292.48,1.95
1771,554702726,"01771M09:56:35.769","01771 09:44:27",220.05,891.13,,,,"     ",5.30,295.03,1.97
1771,554702727,"01771M09:56:36.742","01771 09:44:28",220.06,891.09,,,,"     ",5.30,295.14,1.97
1771,554702728,"01771M09:56:37.715","01771 09:44:29",220.06,891.04,,,,"     ",5.30,292.69,1.95
1771,554702729,"01771M09:56:38.688","01771 09:44:30",220.06,891.05,,,,"     ",5.30,294.28,1.96
1771,554702730,"01771M09:56:39.662","01771 09:44:30",220.06,891.01,,,,"     ",5.30,294.55,1.97
1771,554702731,"01771M09:56:40.635","01771 09:44:31",220.07,890.97,,,,"     ",5.30,292.95,1.95
1771,554702732,"01771M09:56:41.608","01771 09:44:32",220.06,890.95,,,,"     ",5.30,292.51,1.95
1771,554702733,"01771M09:56:42.581","01771 09:44:33",220.06,891.01,,,,"     ",5.30,294.01,1.96
1771,554702734,"01771M09:56:43.555","01771 09:44:34",220.05,891.00,,,,"     ",5.30,296.81,1.98
1771,554702735,"01771M09:56:44.528","01771 09:44:35",220.04,891.02,,,,"     ",5.30,291.48,1.94
1771,554702736,"01771M09:56:45.501","01771 09:44:36",220.03,891.02,,,,"     ",5.30,293.12,1.95
1771,554702737,"01771M09:56:46.474","01771 09:44:37",220.02,890.95,,,,"     ",5.30,293.00,1.95
1771,554702738,"01771M09:56:47.448","01771 09:44:38",220.02,890.97,,,,"     ",5.30,293.74,1.96
1771,554702739,"01771M09:56:48.421","01771 09:44:39",220.01,890.95,,,,"     ",5.30,293.39,1.96
1771,554702740,"01771M09:56:49.394","01771 09:44:40",220.01,891.01,,,,"     ",5.30,291.58,1.94
1771,554702741,"01771M09:56:50.368","01771 09:44:41",220.00,890.92,,,,"     ",5.30,291.81,1.94
1771,554702742,"01771M09:56:51.341","01771 09:44:42",220.00,890.98,,,,"     ",5.30,292.16,1.95
1771,554702743,"01771M09:56:52.314","01771 09:44:43",219.99,891.00,,,,"     ",5.30,293.40,1.95
1771,554702744,"01771M09:56:53.287","01771 09:44:44",219.98,890.94,,,,"     ",5.30,292.79,1.95
1771,554702745,"01771M09:56:54.261","01771 09:44:45",219.96,890.92,,,,"     ",5.30,292.76,1.95
1771,554702746,"01771M09:56:55.234","01771 09:44:46",219.94,890.93,,,,"     ",5.30,293.77,1.96
1771,554702747,"01771M09:56:56.207","01771 09:44:47",219.91,890.89,,,,"     ",5.30,294.18,1.96
1771,554702748,"01771M09:56:57.180","01771 09:44:48",219.87,890.91,,,,"     ",5.30,291.96,1.94
1771,554702749,"01771M09:56:58.154","01771 09:44:49",219.83,890.92,,,,"     ",5.30,293.45,1.95
1771,554702750,"01771M09:56:59.127","01771 09:44:50",219.77,890.92,,,,"     ",5.30,293.38,1.95
1771,554702751,"01771M09:57:00.100","01771 09:44:51",219.72,890.91,,,,"     ",5.30,292.62,1.95
1771,554702752,"01771M09:57:01.073","01771 09:44:52",219.67,890.92,,,,"     ",5.30,294.72,1.96
1771,554702753,"01771M09:57:02.047","01771 09:44:53",219.62,890.96,,,,"     ",5.30,293.95,1.95
1771,554702754,"01771M09:57:03.020","01771 09:44:54",219.59,890.99,,,,"     ",5.30,295.62,1.97
1771,554702755,"01771M09:57:03.993","01771 09:44:55",219.58,890.92,,,,"     ",5.30,295.11,1.96
1771,554702756,"01771M09:57:04.966","01771 09:44:56",219.58,890.85,,,,"     ",5.30,295.43,1.96
1771,554702757,"01771M09:57:05.940","01771 09:44:57",219.59,890.86,,,,"     ",5.30,294.28,1.95
1771,554702758,"01771M09:57:06.913","01771 09:44:58",219.62,890.81,,,,"     ",5.30,292.79,1.94
1771,554702759,"01771M09:57:07.886","01771 09:44:59",219.65,890.91,,,,"     ",5.30,292.42,1.94
1771,554702760,"01771M09:57:08.859","01771 09:45:00",219.69,890.87,,,,"     ",5.30,294.53,1.96
1771,554702761,"01771M09:57:09.833","01771 09:45:01",219.72,890.88,,,,"     ",5.30,295.69,1.96
1771,554702762,"01771M09:57:10.806","01771 09:45:02",219.74,890.92,,,,"     ",5.30,293.19,1.95
1771,554702763,"01771M09:57:11.779","01771 09:45:03",219.75,890.83,,,,"     ",5.30,294.18,1.95
1771,554702764,"01771M09:57:12.752","01771 09:45:04",219.75,890.87,,,,"     ",5.30,291.63,1.94
1771,554702765,"01771M09:57:13.726","01771 09:45:05",219.73,890.89,,,,"     ",5.30,290.84,1.93
1771,554702766,"01771M09:57:14.699","01771 09:45:06",219.69,890.90,,,,"     ",5.30,293.96,1.95
1771,554702767,"01771M09:57:15.672","01771 09:45:07",219.63,890.86,,,,"     ",5.30,293.15,1.94
1771,554702768,"01771M09:57:16.645","01771 09:45:07",219.56,890.83,,,,"     ",5.30,292.71,1.94
1771,554702769,"01771M09:57:17.619","01771 09:45:08",219.48,890.72,,,,"     ",5.30,292.99,1.94
1771,554702770,"01771M09:57:18.592","01771 09:45:09",219.39,890.76,,,,"     ",5.30,290.59,1.93
1771,554702771,"01771M09:57:19.565","01771 09:45:10",219.33,890.82,,,,"     ",5.30,292.03,1.94
1771,554702772,"01771M09:57:20.538","01771 09:45:11",219.27,890.77,,,,"     ",5.30,295.14,1.96
1771,554702773,"01771M09:57:21.512","01771 09:45:12",219.23,890.78,,,,"     ",5.30,289.66,1.92
1771,554702774,"01771M09:57:22.485","01771 09:45:13",219.19,890.80,,,,"     ",5.30,292.54,1.94
1771,554702775,"01771M09:57:23.458","01771 09:45:14",219.15,890.69,,,,"     ",5.30,292.08,1.93
1771,554702776,"01771M09:57:24.431","01771 09:45:15",219.13,890.70,,,,"     ",5.30,295.97,1.96
1771,554702777,"01771M09:57:25.405","01771 09:45:16",219.10,890.80,,,,"     ",5.30,295.72,1.96
1771,554702778,"01771M09:57:26.378","01771 09:45:17",219.08,890.73,,,,"     ",5.30,294.70,1.95
1771,554702779,"01771M09:57:27.351","01771 09:45:18",219.06,890.73,,,,"     ",5.30,293.26,1.94
1771,554702780,"01771M09:57:28.324","01771 09:45:19",219.04,890.75,,,,"     ",5.30,294.47,1.95
1771,554702781,"01771M09:57:29.298","01771 09:45:20",219.02,890.78,,,,"     ",5.30,294.19,1.95
1771,554702782,"01771M09:57:30.271","01771 09:45:21",219.01,890.83,,,,"     ",5.30,293.43,1.94
1771,554702783,"01771M09:57:31.244","01771 09:45:22",219.02,890.79,,,,"     ",5.30,295.69,1.96
1771,554702784,"01771M09:57:32.217","01771 09:45:23",219.04,890.80,,,,"     ",5.30,296.49,1.96
1771,554702785,"01771M09:57:33.191","01771 09:45:24",219.06,890.76,,,,"     ",5.30,293.12,1.94
1771,554702786,"01771M09:57:34.164","01771 09:45:25",219.10,890.90,,,,"     ",5.30,292.52,1.94
1771,554702787,"01771M09:57:35.137","01771 09:45:26",219.15,890.80,,,,"     ",5.30,294.83,1.95
1771,554702788,"01771M09:57:36.110","01771 09:45:27",219.21,890.79,,,,"     ",5.30,288.63,1.91
1771,554702789,"01771M09:57:37.084","01771 09:45:28",219.27,890.79,,,,"     ",5.30,295.16,1.95
1771,554702790,"01771M09:57:38.057","01771 09:45:29",219.33,890.82,,,,"     ",5.30,296.65,1.96
1771,554702791,"01771M09:57:39.030","01771 09:45:30",219.37,890.82,,,,"     ",5.30,293.41,1.94
1771,554702792,"01771M09:57:40.003","01771 09:45:31",219.40,890.77,,,,"     ",5.30,292.52,1.94
1771,554702793,"01771M09:57:40.977","01771 09:45:32",219.40,890.82,,,,"     ",5.30,293.30,1.94
1771,554702794,"01771M09:57:41.950","01771 09:45:33",219.38,890.74,,,,"     ",5.30,292.52,1.94
1771,554702795,"01771M09:57:42.923","01771 09:45:34",219.34,890.74,,,,"     ",5.30,291.76,1.93
1771,554702796,"01771M09:57:43.896","01771 09:45:35",219.28,890.86,,,,"     ",5.30,292.33,1.93
1771,554702797,"01771M09:57:44.870","01771 09:45:36",219.22,890.87,,,,"     ",5.30,292.59,1.94
1771,554702798,"01771M09:57:45.843","01771 09:45:37",219.15,890.84,,,,"     ",5.30,295.21,1.95
1771,554702799,"01771M09:57:46.816","01771 09:45:38",219.08,890.74,,,,"     ",5.30,292.60,1.94
1771,554702800,"01771M09:57:47.789","01771 09:45:39",219.03,890.84,,,,"     ",5.30,295.55,1.96
1771,554702801,"01771M09:57:48.763","01771 09:45:40",219.00,890.76,,,,"     ",5.30,294.40,1.95
1771,554702802,"01771M09:57:49.736","01771 09:45:41",219.01,890.71,,,,"     ",5.30,296.38,1.96
1771,554702803,"01771M09:57:50.709","01771 09:45:42",219.05,890.72,,,,"     ",5.30,298.23,1.97
1771,554702804,"01771M09:57:51.682","01771 09:45:43",219.11,890.74,,,,"     ",5.30,293.71,1.94
1771,554702805,"01771M09:57:52.656","01771 09:45:43",219.19,890.72,,,,"     ",5.30,290.29,1.92
1771,554702806,"01771M09:57:53.629","01771 09:45:44",219.27,890.67,,,,"     ",5.30,292.55,1.94
1771,554702807,"01771M09:57:54.602","01771 09:45:45",219.33,890.72,,,,"     ",5.30,293.64,1.94
1771,554702808,"01771M09:57:55.575","01771 09:45:46",219.39,890.67,,,,"     ",5.30,294.47,1.95
1771,554702809,"01771M09:57:56.549","01771 09:45:47",219.42,890.60,,,,"     ",5.30,294.76,1.95
1771,554702810,"01771M09:57:57.522","01771 09:45:48",219.44,890.67,,,,"     ",5.30,295.16,1.95
1771,554702811,"01771M09:57:58.495","01771 09:45:49",219.44,890.70,,,,"     ",5.30,294.95,1.95
1771,554702812,"01771M09:57:59.468","01771 09:45:50",219.42,890.67,,,,"     ",5.30,296.33,1.96
1771,554702813,"01771M09:58:00.442","01771 09:45:51",219.39,890.76,,,,"     ",5.30,291.40,1.93
1771,554702814,"01771M09:58:01.415","01771 09:45:52",219.34,890.67,,,,"     ",5.30,295.73,1.96
1771,554702815,"01771M09:58:02.388","01771 09:45:53",219.27,890.62,,,,"     ",5.30,294.03,1.94
1771,554702816,"01771M09:58:03.362","01771 09:45:54",219.20,890.67,,,,"     ",5.30,295.33,1.95
1771,554702817,"01771M09:58:04.335","01771 09:45:55",219.13,890.58,,,,"     ",5.30,294.99,1.95
1771,554702818,"01771M09:58:05.308","01771 09:45:56",219.08,890.51,,,,"     ",5.30,296.57,1.96
1771,554702819,"01771M09:58:06.281","01771 09:45:57",219.05,890.57,,,,"     ",5.30,293.31,1.94
1771,554702820,"01771M09:58:07.255","01771 09:45:58",219.04,890.55,,,,"     ",5.30,294.68,1.95
1771,554702821,"01771M09:58:08.228","01771 09:45:59",219.04,890.54,,,,"     ",5.30,295.28,1.95
1771,554702822,"01771M09:58:09.201","01771 09:46:00",219.05,890.59,,,,"     ",5.30,295.65,1.96
1771,554702823,"01771M09:58:10.174","01771 09:46:01",219.05,890.60,,,,"     ",5.30,296.76,1.96
1771,554702824,"01771M09:58:11.148","01771 09:46:02",219.03,890.58,,,,"     ",5.30,295.07,1.95
1771,554702825,"01771M09:58:12.121","01771 09:46:03",219.00,890.55,,,,"     ",5.30,293.42,1.94
1771,554702826,"01771M09:58:13.094","01771 09:46:04",218.95,890.59,,,,"     ",5.30,291.79,1.93
1771,554702827,"01771M09:58:14.067","01771 09:46:05",218.88,890.59,,,,"     ",5.30,292.72,1.93
1771,554702828,"01771M09:58:15.041","01771 09:46:06",218.81,890.60,,,,"     ",5.30,295.10,1.95
1771,554702829,"01771M09:58:16.014","01771 09:46:07",218.75,890.62,,,,"     ",5.30,295.72,1.96
1771,554702830,"01771M09:58:16.987","01771 09:46:08",218.69,890.61,,,,"     ",5.30,297.06,1.97
1771,554702831,"01771M09:58:17.960","01771 09:46:09",218.64,890.45,,,,"     ",5.30,293.72,1.94
1771,554702832,"01771M09:58:18.934","01771 09:46:10",218.58,890.53,,,,"     ",5.30,293.44,1.94
1771,554702833,"01771M09:58:19.907","01771 09:46:11",218.52,890.60,,,,"     ",5.30,296.91,1.96
1771,554702834,"01771M09:58:20.880","01771 09:46:12",218.46,890.50,,,,"     ",5.30,294.97,1.95
1771,554702835,"01771M09:58:21.853","01771 09:46:13",218.42,890.59,,,,"     ",5.30,291.91,1.93
1771,554702836,"01771M09:58:22.827","01771 09:46:14",218.38,890.54,,,,"     ",5.30,293.67,1.94
1771,554702837,"01771M09:58:23.800","01771 09:46:15",218.36,890.54,,,,"     ",5.30,296.05,1.96
1771,554702838,"01771M09:58:24.773","01771 09:46:16",218.34,890.50,,,,"     ",5.30,293.79,1.94
1771,554702839,"01771M09:58:25.746","01771 09:46:17",218.34,890.53,,,,"     ",5.30,295.33,1.95
1771,554702840,"01771M09:58:26.720","01771 09:46:18",218.34,890.58,,,,"     ",5.30,298.84,1.98
1771,554702841,"01771M09:58:27.693","01771 09:46:19",218.35,890.62,,,,"     ",5.30,296.20,1.96
1771,554702842,"01771M09:58:28.666","01771 09:46:20",218.36,890.63,,,,"     ",5.30,292.20,1.93
1771,554702843,"01771M09:58:29.639","01771 09:46:20",218.37,890.63,,,,"     ",5.30,292.38,1.93
1771,554702844,"01771M09:58:30.613","01771 09:46:21",218.40,890.61,,,,"     ",5.30,296.36,1.96
1771,554702845,"01771M09:58:31.586","01771 09:46:22",218.42,890.51,,,,"     ",5.30,294.27,1.95
1771,554702846,"01771M09:58:32.559","01771 09:46:23",218.46,890.57,,,,"     ",5.30,294.77,1.95
1771,554702847,"01771M09:58:33.532","01771 09:46:24",218.51,890.54,,,,"     ",5.30,292.10,1.93
1771,554702848,"01771M09:58:34.506","01771 09:46:25",218.56,890.53,,,,"     ",5.30,292.41,1.93
1771,554702849,"01771M09:58:35.479","01771 09:46:26",218.61,890.45,,,,"     ",5.30,296.77,1.96
1771,554702850,"01771M09:58:36.452","01771 09:46:27",218.66,890.51,,,,"     ",5.30,294.29,1.95
1771,554702851,"01771M09:58:37.425","01771 09:46:28",218.70,890.47,,,,"     ",5.30,291.33,1.93
1771,554702852,"01771M09:58:38.399","01771 09:46:29",218.71,890.48,,,,"     ",5.30,292.90,1.94
1771,554702853,"01771M09:58:39.372","01771 09:46:30",218.69,890.53,,,,"     ",5.30,292.77,1.94
1771,554702854,"01771M09:58:40.345","01771 09:46:31",218.65,890.50,,,,"     ",5.30,294.39,1.95
1771,554702855,"01771M09:58:41.318","01771 09:46:32",218.61,890.49,,,,"     ",5.30,294.50,1.95
1771,554702856,"01771M09:58:42.292","01771 09:46:33",218.55,890.51,,,,"     ",5.30,295.82,1.96
1771,554702857,"01771M09:58:43.265","01771 09:46:34",218.51,890.44,,,,"     ",5.30,292.29,1.93
1771,554702858,"01771M09:58:44.238","01771 09:46:35",218.46,890.48,,,,"     ",5.30,294.42,1.95
1771,554702859,"01771M09:58:45.211","01771 09:46:36",218.42,890.53,,,,"     ",5.30,294.63,1.95
1771,554702860,"01771M09:58:46.185","01771 09:46:37",218.39,890.43,,,,"     ",5.30,293.76,1.94
1771,554702861,"01771M09:58:47.158","01771 09:46:38",218.35,890.47,,,,"     ",5.30,291.57,1.93
1771,554702862,"01771M09:58:48.131","01771 09:46:39",218.33,890.48,,,,"     ",5.30,294.42,1.95
1771,554702863,"01771M09:58:49.104","01771 09:46:40",218.29,890.44,,,,"     ",5.30,296.27,1.96
1771,554702864,"01771M09:58:50.078","01771 09:46:41",218.24,890.39,,,,"     ",5.30,293.39,1.94
1771,554702865,"01771M09:58:51.051","01771 09:46:42",218.19,890.42,,,,"     ",5.30,291.73,1.93
1771,554702866,"01771M09:58:52.024","01771 09:46:43",218.13,890.41,,,,"     ",5.30,296.24,1.96
1771,554702867,"01771M09:58:52.997","01771 09:46:44",218.07,890.39,,,,"     ",5.30,294.05,1.95
1771,554702868,"01771M09:58:53.971","01771 09:46:45",218.00,890.43,,,,"     ",5.30,293.50,1.94
1771,554702869,"01771M09:58:54.944","01771 09:46:46",217.94,890.45,,,,"     ",5.30,293.46,1.94
1771,554702870,"01771M09:58:55.917","01771 09:46:47",217.88,890.45,,,,"     ",5.30,294.81,1.95
1771,554702871,"01771M09:58:56.890","01771 09:46:48",217.83,890.41,,,,"     ",5.30,296.93,1.97
1771,554702872,"01771M09:58:57.864","01771 09:46:49",217.78,890.44,,,,"     ",5.30,295.26,1.95
1771,554702873,"01771M09:58:58.837","01771 09:46:50",217.76,890.37,,,,"     ",5.30,295.92,1.96
1771,554702874,"01771M09:58:59.810","01771 09:46:51",217.76,890.44,,,,"     ",5.30,293.10,1.94
1771,554702875,"01771M09:59:00.783","01771 09:46:52",217.78,890.42,,,,"     ",5.30,293.26,1.94
1771,554702876,"01771M09:59:01.757","01771 09:46:53",217.81,890.39,,,,"     ",5.30,292.40,1.93
1771,554702877,"01771M09:59:02.730","01771 09:46:54",217.86,890.38,,,,"     ",5.30,293.22,1.94
1771,554702878,"01771M09:59:03.703","01771 09:46:55",217.92,890.35,,,,"     ",5.30,293.51,1.94
1771,554702879,"01771M09:59:04.676","01771 09:46:56",217.98,890.33,,,,"     ",5.30,294.08,1.95
1771,554702880,"01771M09:59:05.650","01771 09:46:57",218.05,890.34,,,,"     ",5.30,296.31,1.96
1771,554702881,"01771M09:59:06.623","01771 09:46:57",218.12,890.36,,,,"     ",5.30,292.27,1.93
1771,554702882,"01771M09:59:07.596","01771 09:46:58",218.20,890.34,,,,"     ",5.30,294.25,1.95
1771,554702883,"01771M09:59:08.569","01771 09:46:59",218.28,890.34,,,,"     ",5.30,295.14,1.96
1771,554702884,"01771M09:59:09.543","01771 09:47:00",218.36,890.37,,,,"     ",5.30,292.66,1.94
1771,554702885,"01771M09:59:10.516","01771 09:47:01",218.46,890.24,,,,"     ",5.30,295.15,1.96
1771,554702886,"01771M09:59:11.489","01771 09:47:02",218.57,890.29,,,,"     ",5.30,296.23,1.96
1771,554702887,"01771M09:59:12.463","01771 09:47:03",218.69,890.32,,,,"     ",5.30,296.21,1.96
1771,554702888,"01771M09:59:13.436","01771 09:47:04",218.81,890.35,,,,"     ",5.30,295.64,1.96
1771,554702889,"01771M09:59:14.409","01771 09:47:05",218.94,890.26,,,,"     ",5.30,293.51,1.94
1771,554702890,"01771M09:59:15.382","01771 09:47:06",219.08,890.28,,,,"     ",5.30,292.05,1.94
1771,554702891,"01771M09:59:16.356","01771 09:47:07",219.20,890.32,,,,"     ",5.30,294.59,1.95
1771,554702892,"01771M09:59:17.329","01771 09:47:08",219.32,890.38,,,,"     ",5.30,293.50,1.94
1771,554702893,"01771M09:59:18.302","01771 09:47:09",219.41,890.24,,,,"     ",5.30,294.47,1.95
1771,554702894,"01771M09:59:19.275","01771 09:47:10",219.48,890.28,,,,"     ",5.30,292.71,1.94
1771,554702895,"01771M09:59:20.249","01771 09:47:11",219.53,890.25,,,,"     ",5.30,294.13,1.95
1771,554702896,"01771M09:59:21.222","01771 09:47:12",219.55,890.25,,,,"     ",5.30,294.43,1.95
1771,554702897,"01771M09:59:22.195","01771 09:47:13",219.54,890.25,,,,"     ",5.30,294.69,1.95
1771,554702898,"01771M09:59:23.168","01771 09:47:14",219.51,890.21,,,,"     ",5.30,293.44,1.94
1771,554702899,"01771M09:59:24.142","01771 09:47:15",219.44,890.19,,,,"     ",5.30,294.91,1.95
1771,554702900,"01771M09:59:25.115","01771 09:47:16",219.35,890.28,,,,"     ",5.30,292.85,1.94
1771,554702901,"01771M09:59:26.088","01771 09:47:17",219.25,890.30,,,,"     ",5.30,295.35,1.96
1771,554702902,"01771M09:59:27.061","01771 09:47:18",219.13,890.34,,,,"     ",5.30,296.10,1.96
1771,554702903,"01771M09:59:28.035","01771 09:47:19",219.01,890.29,,,,"     ",5.30,296.69,1.97
1771,554702904,"01771M09:59:29.008","01771 09:47:20",218.90,890.18,,,,"     ",5.30,296.01,1.96
1771,554702905,"01771M09:59:29.981","01771 09:47:21",218.82,890.28,,,,"     ",5.30,297.44,1.97
1771,554702906,"01771M09:59:30.954","01771 09:47:22",218.76,890.32,,,,"     ",5.30,296.95,1.97
1771,554702907,"01771M09:59:31.928","01771 09:47:23",218.73,890.20,,,,"     ",5.30,295.93,1.96
1771,554702908,"01771M09:59:32.901","01771 09:47:24",218.73,890.23,,,,"     ",5.30,297.68,1.97
1771,554702909,"01771M09:59:33.874","01771 09:47:25",218.77,890.19,,,,"     ",5.30,292.17,1.94
1771,554702910,"01771M09:59:34.847","01771 09:47:26",218.83,890.28,,,,"     ",5.30,295.03,1.96
1771,554702911,"01771M09:59:35.821","01771 09:47:27",218.92,890.18,,,,"     ",5.30,292.76,1.94
1771,554702912,"01771M09:59:36.794","01771 09:47:28",219.02,890.20,,,,"     ",5.30,293.09,1.94
1771,554702913,"01771M09:59:37.767","01771 09:47:29",219.13,890.20,,,,"     ",5.30,295.56,1.96
1771,554702914,"01771M09:59:38.740","01771 09:47:30",219.24,890.20,,,,"     ",5.30,292.47,1.94
1771,554702915,"01771M09:59:39.714","01771 09:47:31",219.34,890.17,,,,"     ",5.30,295.74,1.96
1771,554702916,"01771M09:59:40.687","01771 09:47:32",219.43,890.18,,,,"     ",5.30,295.61,1.96
1771,554702917,"01771M09:59:41.660","01771 09:47:33",219.49,890.19,,,,"     ",5.30,294.75,1.95
1771,554702918,"01771M09:59:42.633","01771 09:47:34",219.52,890.22,,,,"     ",5.30,295.30,1.96
1771,554702919,"01771M09:59:43.607","01771 09:47:34",219.52,890.25,,,,"     ",5.30,295.59,1.96
1771,554702920,"01771M09:59:44.580","01771 09:47:35",219.49,890.16,,,,"     ",5.30,298.25,1.98
1771,554702921,"01771M09:59:45.553","01771 09:47:36",219.45,890.15,,,,"     ",5.30,296.97,1.97
1771,554702922,"01771M09:59:46.526","01771 09:47:37",219.40,890.17,,,,"     ",5.30,297.12,1.97
1771,554702923,"01771M09:59:47.500","01771 09:47:38",219.36,890.18,,,,"     ",5.30,294.63,1.95
1771,554702924,"01771M09:59:48.473","01771 09:47:39",219.33,890.16,,,,"     ",5.30,293.75,1.95
1771,554702925,"01771M09:59:49.446","01771 09:47:40",219.31,890.20,,,,"     ",5.30,295.26,1.96
1771,554702926,"01771M09:59:50.419","01771 09:47:41",219.30,890.20,,,,"     ",5.30,294.66,1.95
1771,554702927,"01771M09:59:51.393","01771 09:47:42",219.30,890.10,,,,"     ",5.30,293.49,1.95
1771,554702928,"01771M09:59:52.366","01771 09:47:43",219.30,890.01,,,,"     ",5.30,298.04,1.98
1771,554702929,"01771M09:59:53.339","01771 09:47:44",219.29,890.01,,,,"     ",5.30,295.41,1.96
1771,554702930,"01771M09:59:54.312","01771 09:47:45",219.28,890.04,,,,"     ",5.30,295.71,1.96
1771,554702931,"01771M09:59:55.286","01771 09:47:46",219.25,890.10,,,,"     ",5.30,293.58,1.94
1771,554702932,"01771M09:59:56.259","01771 09:47:47",219.23,890.09,,,,"     ",5.30,296.35,1.96
1771,554702933,"01771M09:59:57.232","01771 09:47:48",219.20,890.18,,,,"     ",5.30,294.28,1.95
1771,554702934,"01771M09:59:58.205","01771 09:47:49",219.17,890.24,,,,"     ",5.30,294.47,1.95
1771,554702935,"01771M09:59:59.179","01771 09:47:50",219.15,890.12,,,,"     ",5.30,297.70,1.97
1771,554702936,"01771M10:00:00.152","01771 09:47:51",219.11,890.13,,,,"     ",5.30,293.73,1.95
1771,554702937,"01771M10:00:01.125","01771 09:47:52",219.07,890.11,,,,"     ",5.30,293.92,1.95
1771,554702938,"01771M10:00:02.098","01771 09:47:53",219.02,890.02,,,,"     ",5.30,292.97,1.94
1771,554702939,"01771M10:00:03.072","01771 09:47:54",218.97,890.06,,,,"     ",5.30,292.64,1.94
1771,554702940,"01771M10:00:04.045","01771 09:47:55",218.91,890.09,,,,"     ",5.30,292.77,1.94
1771,554702941,"01771M10:00:05.018","01771 09:47:56",218.86,890.04,,,,"     ",5.30,294.60,1.95
1771,554702942,"01771M10:00:05.991","01771 09:47:57",218.82,890.12,,,,"     ",5.30,292.91,1.94
1771,554702943,"01771M10:00:06.965","01771 09:47:58",218.78,890.05,,,,"     ",5.30,295.40,1.96
1771,554702944,"01771M10:00:07.938","01771 09:47:59",218.73,890.11,,,,"     ",5.30,294.60,1.95
1771,554702945,"01771M10:00:08.911","01771 09:48:00",218.68,890.08,,,,"     ",5.30,292.39,1.94
1771,554702946,"01771M10:00:09.884","01771 09:48:01",218.62,890.11,,,,"     ",5.30,296.22,1.96
1771,554702947,"01771M10:00:10.858","01771 09:48:02",218.55,890.13,,,,"     ",5.30,294.20,1.95
1771,554702948,"01771M10:00:11.831","01771 09:48:03",218.47,890.12,,,,"     ",5.30,294.47,1.95
1771,554702949,"01771M10:00:12.804","01771 09:48:04",218.38,890.12,,,,"     ",5.30,295.52,1.96
1771,554702950,"01771M10:00:13.777","01771 09:48:05",218.31,890.10,,,,"     ",5.30,297.47,1.97
1771,554702951,"01771M10:00:14.751","01771 09:48:06",218.26,890.11,,,,"     ",5.30,297.96,1.97
1771,554702952,"01771M10:00:15.724","01771 09:48:07",218.25,890.00,,,,"     ",5.30,294.30,1.95
1771,554702953,"01771M10:00:16.697","01771 09:48:08",218.27,889.99,,,,"     ",5.30,294.74,1.95
1771,554702954,"01771M10:00:17.670","01771 09:48:09",218.31,890.03,,,,"     ",5.30,294.23,1.95
1771,554702955,"01771M10:00:18.644","01771 09:48:10",218.37,889.98,,,,"     ",5.30,294.22,1.95
1771,554702956,"01771M10:00:19.617","01771 09:48:10",218.44,889.99,,,,"     ",5.30,298.49,1.98
1771,554702957,"01771M10:00:20.590","01771 09:48:11",218.52,890.05,,,,"     ",5.30,291.90,1.93
1771,554702958,"01771M10:00:21.564","01771 09:48:12",218.61,890.07,,,,"     ",5.30,296.87,1.97
1771,554702959,"01771M10:00:22.537","01771 09:48:13",218.69,889.99,,,,"     ",5.30,294.10,1.95
1771,554702960,"01771M10:00:23.510","01771 09:48:14",218.78,890.05,,,,"     ",5.30,294.76,1.95
1771,554702961,"01771M10:00:24.483","01771 09:48:15",218.85,890.00,,,,"     ",5.30,294.77,1.95
1771,554702962,"01771M10:00:25.457","01771 09:48:16",218.91,890.01,,,,"     ",5.30,294.22,1.95
1771,554702963,"01771M10:00:26.430","01771 09:48:17",218.94,889.96,,,,"     ",5.30,291.88,1.93
1771,554702964,"01771M10:00:27.403","01771 09:48:18",218.94,889.94,,,,"     ",5.30,295.95,1.96
1771,554702965,"01771M10:00:28.376","01771 09:48:19",218.91,889.90,,,,"     ",5.30,295.24,1.96
1771,554702966,"01771M10:00:29.350","01771 09:48:20",218.86,889.92,,,,"     ",5.30,294.58,1.95
1771,554702967,"01771M10:00:30.323","01771 09:48:21",218.78,889.96,,,,"     ",5.30,293.75,1.95
1771,554702968,"01771M10:00:31.296","01771 09:48:22",218.71,890.01,,,,"     ",5.30,297.31,1.97
1771,554702969,"01771M10:00:32.269","01771 09:48:23",218.64,889.93,,,,"     ",5.30,294.85,1.95
1771,554702970,"01771M10:00:33.243","01771 09:48:24",218.58,889.97,,,,"     ",5.30,296.54,1.96
1771,554702971,"01771M10:00:34.216","01771 09:48:25",218.53,889.94,,,,"     ",5.30,295.46,1.96
1771,554702972,"01771M10:00:35.189","01771 09:48:26",218.49,890.01,,,,"     ",5.30,293.75,1.95
1771,554702973,"01771M10:00:36.162","01771 09:48:27",218.45,889.93,,,,"     ",5.30,294.63,1.95
1771,554702974,"01771M10:00:37.136","01771 09:48:28",218.40,889.90,,,,"     ",5.30,292.08,1.93
1771,554702975,"01771M10:00:38.109","01771 09:48:29",218.35,889.91,,,,"     ",5.30,294.09,1.95
1771,554702976,"01771M10:00:39.082","01771 09:48:30",218.30,889.83,,,,"     ",5.30,294.68,1.95
1771,554702977,"01771M10:00:40.055","01771 09:48:31",218.27,889.79,,,,"     ",5.30,294.92,1.95
1771,554702978,"01771M10:00:41.029","01771 09:48:32",218.24,889.83,,,,"     ",5.30,294.56,1.95
1771,554702979,"01771M10:00:42.002","01771 09:48:33",218.22,889.90,,,,"     ",5.30,297.95,1.97
1771,554702980,"01771M10:00:42.975","01771 09:48:34",218.21,889.80,,,,"     ",5.30,296.81,1.97
1771,554702981,"01771M10:00:43.948","01771 09:48:35",218.20,889.81,,,,"     ",5.30,299.94,1.99
1771,554702982,"01771M10:00:44.922","01771 09:48:36",218.19,889.82,,,,"     ",5.30,299.15,1.98
1771,554702983,"01771M10:00:45.895","01771 09:48:37",218.19,889.81,,,,"     ",5.30,294.80,1.95
1771,554702984,"01771M10:00:46.868","01771 09:48:38",218.21,889.81,,,,"     ",5.30,296.81,1.97
1771,554702985,"01771M10:00:47.841","01771 09:48:39",218.26,889.89,,,,"     ",5.30,293.01,1.94
1771,554702986,"01771M10:00:48.815","01771 09:48:40",218.32,889.85,,,,"     ",5.30,296.15,1.96
1771,554702987,"01771M10:00:49.788","01771 09:48:41",218.39,889.87,,,,"     ",5.30,295.58,1.96
1771,554702988,"01771M10:00:50.761","01771 09:48:42",218.49,889.93,,,,"     ",5.30,297.49,1.97
1771,554702989,"01771M10:00:51.734","01771 09:48:43",218.59,889.94,,,,"     ",5.30,294.85,1.95
1771,554702990,"01771M10:00:52.708","01771 09:48:44",218.69,889.91,,,,"     ",5.30,295.57,1.96
1771,554702991,"01771M10:00:53.681","01771 09:48:45",218.78,889.80,,,,"     ",5.30,294.59,1.95
1771,554702992,"01771M10:00:54.654","01771 09:48:46",218.85,889.83,,,,"     ",5.30,293.64,1.95
1771,554702993,"01771M10:00:55.627","01771 09:48:47",218.90,889.77,,,,"     ",5.30,293.92,1.95
1771,554702994,"01771M10:00:56.601","01771 09:48:47",218.94,889.78,,,,"     ",5.30,295.03,1.95
1771,554702995,"01771M10:00:57.574","01771 09:48:48",218.98,889.78,,,,"     ",5.30,295.94,1.96
1771,554702996,"01771M10:00:58.547","01771 09:48:49",219.02,889.85,,,,"     ",5.30,296.11,1.96
1771,554702997,"01771M10:00:59.520","01771 09:48:50",219.04,889.76,,,,"     ",5.30,293.81,1.95
1771,554702998,"01771M10:01:00.494","01771 09:48:51",219.06,889.74,,,,"     ",5.30,297.32,1.97
1771,554702999,"01771M10:01:01.467","01771 09:48:52",219.08,889.74,,,,"     ",5.30,295.60,1.96
1771,554703000,"01771M10:01:02.440","01771 09:48:53",219.10,889.75,,,,"     ",5.30,298.00,1.98
1771,554703001,"01771M10:01:03.413","01771 09:48:54",219.13,889.78,,,,"     ",5.30,295.22,1.96
1771,554703002,"01771M10:01:04.387","01771 09:48:55",219.17,889.75,,,,"     ",5.30,295.27,1.96
1771,554703003,"01771M10:01:05.360","01771 09:48:56",219.21,889.72,,,,"     ",5.30,297.69,1.97
1771,554703004,"01771M10:01:06.333","01771 09:48:57",219.26,889.74,,,,"     ",5.30,295.53,1.96
1771,554703005,"01771M10:01:07.306","01771 09:48:58",219.30,889.72,,,,"     ",5.30,296.14,1.96
1771,554703006,"01771M10:01:08.280","01771 09:48:59",219.34,889.68,,,,"     ",5.30,295.53,1.96
1771,554703007,"01771M10:01:09.253","01771 09:49:00",219.36,889.70,,,,"     ",5.30,296.28,1.96
1771,554703008,"01771M10:01:10.226","01771 09:49:01",219.37,889.71,,,,"     ",5.30,295.60,1.96
1771,554703009,"01771M10:01:11.199","01771 09:49:02",219.36,889.71,,,,"     ",5.30,295.39,1.96
1771,554703010,"01771M10:01:12.173","01771 09:49:03",219.35,889.69,,,,"     ",5.30,296.98,1.97
1771,554703011,"01771M10:01:13.146","01771 09:49:04",219.33,889.72,,,,"     ",5.30,294.48,1.95
1771,554703012,"01771M10:01:14.119","01771 09:49:05",219.30,889.74,,,,"     ",5.30,296.37,1.97
1771,554703013,"01771M10:01:15.092","01771 09:49:06",219.28,889.70,,,,"     ",5.30,299.61,1.99
1771,554703014,"01771M10:01:16.066","01771 09:49:07",219.25,889.68,,,,"     ",5.30,296.98,1.97
1771,554703015,"01771M10:01:17.039","01771 09:49:08",219.23,889.71,,,,"     ",5.30,291.61,1.93
1771,554703016,"01771M10:01:18.012","01771 09:49:09",219.20,889.72,,,,"     ",5.30,294.86,1.96
1771,554703017,"01771M10:01:18.985","01771 09:49:10",219.19,889.71,,,,"     ",5.30,293.81,1.95
1771,554703018,"01771M10:01:19.959","01771 09:49:11",219.17,889.73,,,,"     ",5.30,292.91,1.94
1771,554703019,"01771M10:01:20.932","01771 09:49:12",219.15,889.67,,,,"     ",5.30,296.94,1.97
1771,554703020,"01771M10:01:21.905","01771 09:49:13",219.14,889.71,,,,"     ",5.30,296.46,1.97
1771,554703021,"01771M10:01:22.878","01771 09:49:14",219.12,889.58,,,,"     ",5.30,295.67,1.96
1771,554703022,"01771M10:01:23.852","01771 09:49:15",219.11,889.63,,,,"     ",5.30,298.47,1.98
1771,554703023,"01771M10:01:24.825","01771 09:49:16",219.09,889.72,,,,"     ",5.30,297.58,1.97
1771,554703024,"01771M10:01:25.798","01771 09:49:17",219.07,889.68,,,,"     ",5.30,295.74,1.96
1771,554703025,"01771M10:01:26.771","01771 09:49:18",219.06,889.74,,,,"     ",5.30,293.76,1.95
1771,554703026,"01771M10:01:27.745","01771 09:49:19",219.04,889.82,,,,"     ",5.30,295.41,1.96
1771,554703027,"01771M10:01:28.718","01771 09:49:20",219.02,889.76,,,,"     ",5.30,293.49,1.95
1771,554703028,"01771M10:01:29.691","01771 09:49:21",219.00,889.72,,,,"     ",5.30,295.04,1.96
1771,554703029,"01771M10:01:30.665","01771 09:49:22",218.98,889.78,,,,"     ",5.30,295.42,1.96
1771,554703030,"01771M10:01:31.638","01771 09:49:23",218.96,889.80,,,,"     ",5.30,295.19,1.96
1771,554703031,"01771M10:01:32.611","01771 09:49:24",219.19,889.79,,,,"     ",5.30,298.54,1.98
1771,554703032,"01771M10:01:33.584","01771 09:49:24",219.26,889.72,,,,"     ",5.30,297.70,1.98
1771,554703033,"01771M10:01:34.558","01771 09:49:25",219.31,889.79,,,,"     ",5.30,295.19,1.96
1771,554703034,"01771M10:01:35.531","01771 09:49:26",219.36,889.76,,,,"     ",5.30,294.14,1.95
1771,554703035,"01771M10:01:36.504","01771 09:49:27",219.39,889.77,,,,"     ",5.30,296.90,1.97
1771,554703036,"01771M10:01:37.477","01771 09:49:28",219.42,889.76,,,,"     ",5.30,294.17,1.95
1771,554703037,"01771M10:01:38.451","01771 09:49:29",219.43,889.65,,,,"     ",5.30,295.97,1.97
1771,554703038,"01771M10:01:39.424","01771 09:49:30",219.44,889.67,,,,"     ",5.30,295.18,1.96
1771,554703039,"01771M10:01:40.397","01771 09:49:31",219.43,889.61,,,,"     ",5.30,294.51,1.95
1771,554703040,"01771M10:01:41.370","01771 09:49:32",219.43,889.68,,,,"     ",5.30,294.54,1.96
1771,554703041,"01771M10:01:42.344","01771 09:49:33",219.41,889.64,,,,"     ",5.30,295.63,1.96
1771,554703042,"01771M10:01:43.317","01771 09:49:34",219.39,889.62,,,,"     ",5.30,293.03,1.94
1771,554703043,"01771M10:01:44.290","01771 09:49:35",219.36,889.64,,,,"     ",5.30,295.30,1.96
1771,554703044,"01771M10:01:45.263","01771 09:49:36",219.31,889.70,,,,"     ",5.30,297.15,1.97
1771,554703045,"01771M10:01:46.237","01771 09:49:37",219.23,889.68,,,,"     ",5.30,296.91,1.97
1771,554703046,"01771M10:01:47.210","01771 09:49:38",219.17,889.70,,,,"     ",5.30,296.48,1.97
1771,554703047,"01771M10:01:48.183","01771 09:49:39",219.11,889.71,,,,"     ",5.30,294.42,1.96
1771,554703048,"01771M10:01:49.156","01771 09:49:40",219.05,889.70,,,,"     ",5.30,295.38,1.96
1771,554703049,"01771M10:01:50.130","01771 09:49:41",219.00,889.72,,,,"     ",5.30,294.19,1.95
1771,554703050,"01771M10:01:51.103","01771 09:49:42",218.96,889.67,,,,"     ",5.30,294.50,1.96
1771,554703051,"01771M10:01:52.076","01771 09:49:43",218.93,889.66,,,,"     ",5.30,295.00,1.96
1771,554703052,"01771M10:01:53.049","01771 09:49:44",218.89,889.61,,,,"     ",5.30,294.18,1.96
1771,554703053,"01771M10:01:54.023","01771 09:49:45",218.85,889.66,,,,"     ",5.30,294.72,1.96
1771,554703054,"01771M10:01:54.996","01771 09:49:46",218.81,889.64,,,,"     ",5.30,296.26,1.97
1771,554703055,"01771M10:01:55.969","01771 09:49:47",218.77,889.65,,,,"     ",5.30,293.73,1.95
1771,554703056,"01771M10:01:56.942","01771 09:49:48",218.74,889.62,,,,"     ",5.30,295.85,1.97
1771,554703057,"01771M10:01:57.916","01771 09:49:49",218.70,889.64,,,,"     ",5.30,295.06,1.96
1771,554703058,"01771M10:01:58.889","01771 09:49:50",218.67,889.64,,,,"     ",5.30,294.96,1.96
1771,554703059,"01771M10:01:59.862","01771 09:49:51",218.66,889.65,,,,"     ",5.30,292.38,1.94
1771,554703060,"01771M10:02:00.835","01771 09:49:52",218.65,889.63,,,,"     ",5.30,296.93,1.98
1771,554703061,"01771M10:02:01.809","01771 09:49:53",218.65,889.62,,,,"     ",5.30,293.75,1.95
1771,554703062,"01771M10:02:02.782","01771 09:49:54",218.66,889.70,,,,"     ",5.30,294.83,1.96
1771,554703063,"01771M10:02:03.755","01771 09:49:55",218.68,889.69,,,,"     ",5.30,295.17,1.96
1771,554703064,"01771M10:02:04.728","01771 09:49:56",218.70,889.66,,,,"     ",5.30,296.31,1.97
1771,554703065,"01771M10:02:05.702","01771 09:49:57",218.72,889.56,,,,"     ",5.30,296.05,1.97
1771,554703066,"01771M10:02:06.675","01771 09:49:58",218.72,889.51,,,,"     ",5.30,293.60,1.95
1771,554703067,"01771M10:02:07.648","01771 09:49:59",218.71,889.56,,,,"     ",5.30,294.31,1.96
1771,554703068,"01771M10:02:08.621","01771 09:50:00",218.68,889.56,,,,"     ",5.30,293.53,1.95
1771,554703069,"01771M10:02:09.595","01771 09:50:01",218.64,889.55,,,,"     ",5.30,292.85,1.95
1771,554703070,"01771M10:02:10.568","01771 09:50:01",218.61,889.63,,,,"     ",5.30,294.23,1.96
1771,554703071,"01771M10:02:11.541","01771 09:50:02",218.58,889.53,,,,"     ",5.30,292.90,1.95
1771,554703072,"01771M10:02:12.514","01771 09:50:03",218.56,889.56,,,,"     ",5.30,294.21,1.96
1771,554703073,"01771M10:02:13.488","01771 09:50:04",218.55,889.50,,,,"     ",5.30,294.35,1.96
1771,554703074,"01771M10:02:14.461","01771 09:50:05",218.55,889.56,,,,"     ",5.30,293.60,1.96
1771,554703075,"01771M10:02:15.434","01771 09:50:06",218.55,889.52,,,,"     ",5.30,292.39,1.95
1771,554703076,"01771M10:02:16.407","01771 09:50:07",218.55,889.48,,,,"     ",5.30,292.38,1.95
1771,554703077,"01771M10:02:17.381","01771 09:50:08",218.55,889.48,,,,"     ",5.30,293.29,1.96
1771,554703078,"01771M10:02:18.354","01771 09:50:09",218.54,889.56,,,,"     ",5.30,292.95,1.96
1771,554703079,"01771M10:02:19.327","01771 09:50:10",218.53,889.49,,,,"     ",5.30,292.57,1.95
1771,554703080,"01771M10:02:20.300","01771 09:50:11",218.52,889.52,,,,"     ",5.30,295.02,1.97
1771,554703081,"01771M10:02:21.274","01771 09:50:12",218.51,889.55,,,,"     ",5.30,291.30,1.95
1771,554703082,"01771M10:02:22.247","01771 09:50:13",218.50,889.55,,,,"     ",5.30,293.35,1.96
1771,554703083,"01771M10:02:23.220","01771 09:50:14",218.49,889.51,,,,"     ",5.30,293.45,1.96
1771,554703084,"01771M10:02:24.193","01771 09:50:15",218.47,889.53,,,,"     ",5.30,292.28,1.95
1771,554703085,"01771M10:02:25.167","01771 09:50:16",218.46,889.45,,,,"     ",5.30,293.58,1.96
1771,554703086,"01771M10:02:26.140","01771 09:50:17",218.44,889.49,,,,"     ",5.30,292.21,1.95
1771,554703087,"01771M10:02:27.113","01771 09:50:18",218.41,889.47,,,,"     ",5.30,291.49,1.95
1771,554703088,"01771M10:02:28.086","01771 09:50:19",218.39,889.42,,,,"     ",5.30,294.93,1.97
1771,554703089,"01771M10:02:29.060","01771 09:50:20",218.37,889.42,,,,"     ",5.30,291.50,1.95
1771,554703090,"01771M10:02:30.033","01771 09:50:21",218.35,889.47,,,,"     ",5.30,291.62,1.95
1771,554703091,"01771M10:02:31.006","01771 09:50:22",218.34,889.41,,,,"     ",5.30,293.18,1.96
1771,554703092,"01771M10:02:31.979","01771 09:50:23",218.33,889.43,,,,"     ",5.30,292.80,1.96
1771,554703093,"01771M10:02:32.953","01771 09:50:24",218.33,889.43,,,,"     ",5.30,295.87,1.98
1771,554703094,"01771M10:02:33.926","01771 09:50:25",218.33,889.41,,,,"     ",5.30,293.78,1.97
1771,554703095,"01771M10:02:34.899","01771 09:50:26",218.34,889.44,,,,"     ",5.30,290.87,1.95
1771,554703096,"01771M10:02:35.872","01771 09:50:27",218.36,889.47,,,,"     ",5.30,294.37,1.98
1771,554703097,"01771M10:02:36.846","01771 09:50:28",218.39,889.46,,,,"     ",5.30,291.36,1.96
1771,554703098,"01771M10:02:37.819","01771 09:50:29",218.44,889.47,,,,"     ",5.30,292.93,1.97
1771,554703099,"01771M10:02:38.792","01771 09:50:30",218.50,889.45,,,,"     ",5.30,292.50,1.97
1771,554703100,"01771M10:02:39.766","01771 09:50:31",218.57,889.50,,,,"     ",5.30,290.21,1.95
1771,554703101,"01771M10:02:40.739","01771 09:50:32",218.65,889.53,,,,"     ",5.30,293.86,1.98
1771,554703102,"01771M10:02:41.712","01771 09:50:33",218.74,889.44,,,,"     ",5.30,293.21,1.97
1771,554703103,"01771M10:02:42.685","01771 09:50:34",218.81,889.41,,,,"     ",5.30,293.34,1.98
1771,554703104,"01771M10:02:43.659","01771 09:50:35",218.88,889.41,,,,"     ",5.30,290.97,1.96
1771,554703105,"01771M10:02:44.632","01771 09:50:36",218.92,889.40,,,,"     ",5.30,289.60,1.95
1771,554703106,"01771M10:02:45.605","01771 09:50:37",218.94,889.37,,,,"     ",5.30,291.24,1.96
1771,554703107,"01771M10:02:46.578","01771 09:50:37",218.94,889.39,,,,"     ",5.30,289.77,1.95
1771,554703108,"01771M10:02:47.552","01771 09:50:38",218.91,889.27,,,,"     ",5.30,291.88,1.97
1771,554703109,"01771M10:02:48.525","01771 09:50:39",218.87,889.39,,,,"     ",5.30,292.03,1.97
1771,554703110,"01771M10:02:49.498","01771 09:50:40",218.80,889.40,,,,"     ",5.30,291.17,1.97
1771,554703111,"01771M10:02:50.471","01771 09:50:41",218.74,889.37,,,,"     ",5.30,292.30,1.98
1771,554703112,"01771M10:02:51.445","01771 09:50:42",218.69,889.35,,,,"     ",5.30,291.20,1.97
1771,554703113,"01771M10:02:52.418","01771 09:50:43",218.64,889.41,,,,"     ",5.30,291.34,1.97
1771,554703114,"01771M10:02:53.391","01771 09:50:44",218.61,889.37,,,,"     ",5.30,291.90,1.98
1771,554703115,"01771M10:02:54.364","01771 09:50:45",218.61,889.33,,,,"     ",5.30,292.51,1.98
1771,554703116,"01771M10:02:55.338","01771 09:50:46",218.61,889.33,,,,"     ",5.30,293.91,1.99
1771,554703117,"01771M10:02:56.311","01771 09:50:47",218.63,889.33,,,,"     ",5.30,289.73,1.97
1771,554703118,"01771M10:02:57.284","01771 09:50:48",218.66,889.34,,,,"     ",5.30,290.79,1.97
1771,554703119,"01771M10:02:58.257","01771 09:50:49",218.69,889.37,,,,"     ",5.30,289.14,1.96
1771,554703120,"01771M10:02:59.231","01771 09:50:50",218.72,889.32,,,,"     ",5.30,289.26,1.97
1771,554703121,"01771M10:03:00.204","01771 09:50:51",218.76,889.33,,,,"     ",5.30,288.66,1.96
1771,554703122,"01771M10:03:01.177","01771 09:50:52",218.80,889.33,,,,"     ",5.30,290.51,1.98
1771,554703123,"01771M10:03:02.150","01771 09:50:53",218.85,889.31,,,,"     ",5.30,289.86,1.98
1771,554703124,"01771M10:03:03.124","01771 09:50:54",218.89,889.28,,,,"     ",5.30,292.68,2.00
1771,554703125,"01771M10:03:04.097","01771 09:50:55",218.93,889.35,,,,"     ",5.30,290.69,1.98
1771,554703126,"01771M10:03:05.070","01771 09:50:56",218.96,889.30,,,,"     ",5.30,288.58,1.97
1771,554703127,"01771M10:03:06.043","01771 09:50:57",218.97,889.27,,,,"     ",5.30,287.86,1.97
1771,554703128,"01771M10:03:07.017","01771 09:50:58",218.98,889.34,,,,"     ",5.30,290.38,1.99
1771,554703129,"01771M10:03:07.990","01771 09:50:59",218.98,889.30,,,,"     ",5.30,289.20,1.98
1771,554703130,"01771M10:03:08.963","01771 09:51:00",218.99,889.34,,,,"     ",5.30,288.29,1.97
1771,554703131,"01771M10:03:09.936","01771 09:51:01",219.00,889.25,,,,"     ",5.30,289.68,1.98
1771,554703132,"01771M10:03:10.910","01771 09:51:02",219.02,889.19,,,,"     ",5.30,291.37,2.00
1771,554703133,"01771M10:03:11.883","01771 09:51:03",219.04,889.23,,,,"     ",5.30,287.31,1.97
1771,554703134,"01771M10:03:12.856","01771 09:51:04",219.05,889.19,,,,"     ",5.30,285.70,1.96
1771,554703135,"01771M10:03:13.829","01771 09:51:05",219.05,889.36,,,,"     ",5.30,290.54,1.99
1771,554703136,"01771M10:03:14.803","01771 09:51:06",219.04,889.25,,,,"     ",5.30,288.89,1.98
1771,554703137,"01771M10:03:15.776","01771 09:51:07",219.02,889.21,,,,"     ",5.30,290.52,2.00
1771,554703138,"01771M10:03:16.749","01771 09:51:08",219.01,889.28,,,,"     ",5.30,289.62,1.99
1771,554703139,"01771M10:03:17.722","01771 09:51:09",218.99,889.24,,,,"     ",5.30,287.07,1.97
1771,554703140,"01771M10:03:18.696","01771 09:51:10",218.99,889.29,,,,"     ",5.30,289.77,1.99
1771,554703141,"01771M10:03:19.669","01771 09:51:11",219.02,889.27,,,,"     ",5.30,286.56,1.97
1771,554703142,"01771M10:03:20.642","01771 09:51:12",219.06,889.21,,,,"     ",5.30,286.92,1.97
1771,554703143,"01771M10:03:21.615","01771 09:51:13",219.12,889.26,,,,"     ",5.30,289.32,1.99
1771,554703144,"01771M10:03:22.589","01771 09:51:14",219.20,889.27,,,,"     ",5.30,286.79,1.98
1771,554703145,"01771M10:03:23.562","01771 09:51:14",219.30,889.17,,,,"     ",5.30,289.93,2.00
1771,554703146,"01771M10:03:24.535","01771 09:51:15",219.41,889.19,,,,"     ",5.30,283.53,1.95
1771,554703147,"01771M10:03:25.508","01771 09:51:16",219.54,889.26,,,,"     ",5.30,287.88,1.98
1771,554703148,"01771M10:03:26.482","01771 09:51:17",219.67,889.23,,,,"     ",5.30,286.76,1.98
1771,554703149,"01771M10:03:27.455","01771 09:51:18",219.81,889.23,,,,"     ",5.30,287.27,1.98
1771,554703150,"01771M10:03:28.428","01771 09:51:19",219.94,889.25,,,,"     ",5.30,287.29,1.98
1771,554703151,"01771M10:03:29.401","01771 09:51:20",220.06,889.25,,,,"     ",5.30,284.74,1.96
1771,554703152,"01771M10:03:30.375","01771 09:51:21",220.16,889.24,,,,"     ",5.30,288.23,1.99
1771,554703153,"01771M10:03:31.348","01771 09:51:22",220.22,889.21,,,,"     ",5.30,287.68,1.99
1771,554703154,"01771M10:03:32.321","01771 09:51:23",220.26,889.21,,,,"     ",5.30,287.72,1.99
1771,554703155,"01771M10:03:33.294","01771 09:51:24",220.26,889.26,,,,"     ",5.30,289.57,2.00
1771,554703156,"01771M10:03:34.268","01771 09:51:25",220.23,889.26,,,,"     ",5.30,286.19,1.97
1771,554703157,"01771M10:03:35.241","01771 09:51:26",220.18,889.18,,,,"     ",5.30,288.17,1.99
1771,554703158,"01771M10:03:36.214","01771 09:51:27",220.11,889.12,,,,"     ",5.30,287.11,1.98
1771,554703159,"01771M10:03:37.187","01771 09:51:28",220.03,889.17,,,,"     ",5.30,287.61,1.99
1771,554703160,"01771M10:03:38.161","01771 09:51:29",219.95,889.13,,,,"     ",5.30,287.43,1.98
1771,554703161,"01771M10:03:39.134","01771 09:51:30",219.87,889.20,,,,"     ",5.30,288.67,1.99
1771,554703162,"01771M10:03:40.107","01771 09:51:31",219.80,889.21,,,,"     ",5.30,287.00,1.98
1771,554703163,"01771M10:03:41.080","01771 09:51:32",219.73,889.26,,,,"     ",5.30,285.81,1.97
1771,554703164,"01771M10:03:42.054","01771 09:51:33",219.67,889.29,,,,"     ",5.30,288.50,1.99
1771,554703165,"01771M10:03:43.027","01771 09:51:34",219.62,889.19,,,,"     ",5.30,286.17,1.97
1771,554703166,"01771M10:03:44.000","01771 09:51:35",219.57,889.30,,,,"     ",5.30,286.80,1.98
1771,554703167,"01771M10:03:44.973","01771 09:51:36",219.53,889.24,,,,"     ",5.30,287.39,1.98
1771,554703168,"01771M10:03:45.947","01771 09:51:37",219.49,889.25,,,,"     ",5.30,287.38,1.98
1771,554703169,"01771M10:03:46.920","01771 09:51:38",219.45,889.19,,,,"     ",5.30,287.32,1.98
1771,554703170,"01771M10:03:47.893","01771 09:51:39",219.41,889.12,,,,"     ",5.30,287.55,1.98
1771,554703171,"01771M10:03:48.866","01771 09:51:40",219.37,889.10,,,,"     ",5.30,286.91,1.98
1771,554703172,"01771M10:03:49.840","01771 09:51:41",219.34,889.08,,,,"     ",5.30,286.60,1.98
1771,554703173,"01771M10:03:50.813","01771 09:51:42",219.31,889.13,,,,"     ",5.30,284.91,1.97
1771,554703174,"01771M10:03:51.786","01771 09:51:43",219.30,889.08,,,,"     ",5.30,286.28,1.97
1771,554703175,"01771M10:03:52.760","01771 09:51:44",219.30,889.08,,,,"     ",5.30,285.80,1.97
1771,554703176,"01771M10:03:53.733","01771 09:51:45",219.29,889.09,,,,"     ",5.30,288.14,1.99
1771,554703177,"01771M10:03:54.706","01771 09:51:46",219.30,889.05,,,,"     ",5.30,286.02,1.97
1771,554703178,"01771M10:03:55.679","01771 09:51:47",219.30,889.08,,,,"     ",5.30,285.73,1.97
1771,554703179,"01771M10:03:56.653","01771 09:51:48",219.31,889.08,,,,"     ",5.30,288.65,1.99
1771,554703180,"01771M10:03:57.626","01771 09:51:49",219.32,889.14,,,,"     ",5.30,287.98,1.98
1771,554703181,"01771M10:03:58.599","01771 09:51:50",219.33,889.09,,,,"     ",5.30,288.27,1.99
1771,554703182,"01771M10:03:59.572","01771 09:51:51",219.35,889.06,,,,"     ",5.30,286.80,1.98
1771,554703183,"01771M10:04:00.546","01771 09:51:51",219.36,889.10,,,,"     ",5.30,288.57,1.99
1771,554703184,"01771M10:04:01.519","01771 09:51:52",219.37,889.06,,,,"     ",5.30,284.65,1.96
1771,554703185,"01771M10:04:02.492","01771 09:51:53",219.37,888.99,,,,"     ",5.30,285.64,1.97
1771,554703186,"01771M10:04:03.465","01771 09:51:54",219.36,889.09,,,,"     ",5.30,288.14,1.98
1771,554703187,"01771M10:04:04.439","01771 09:51:55",219.34,889.07,,,,"     ",5.30,289.80,2.00
1771,554703188,"01771M10:04:05.412","01771 09:51:56",219.31,889.09,,,,"     ",5.30,286.12,1.97
1771,554703189,"01771M10:04:06.385","01771 09:51:57",219.28,889.01,,,,"     ",5.30,288.51,1.99
1771,554703190,"01771M10:04:07.358","01771 09:51:58",219.25,889.05,,,,"     ",5.30,286.65,1.97
1771,554703191,"01771M10:04:08.332","01771 09:51:59",219.22,889.09,,,,"     ",5.30,289.51,1.99
1771,554703192,"01771M10:04:09.305","01771 09:52:00",219.20,889.02,,,,"     ",5.30,287.96,1.98
1771,554703193,"01771M10:04:10.278","01771 09:52:01",219.18,889.03,,,,"     ",5.30,288.24,1.98
1771,554703194,"01771M10:04:11.251","01771 09:52:02",219.16,888.99,,,,"     ",5.30,288.04,1.98
1771,554703195,"01771M10:04:12.225","01771 09:52:03",219.15,889.10,,,,"     ",5.30,288.20,1.98
1771,554703196,"01771M10:04:13.198","01771 09:52:04",219.14,889.04,,,,"     ",5.30,288.86,1.99
1771,554703197,"01771M10:04:14.171","01771 09:52:05",219.15,889.07,,,,"     ",5.30,286.45,1.97
1771,554703198,"01771M10:04:15.144","01771 09:52:06",219.18,889.08,,,,"     ",5.30,287.76,1.98
1771,554703199,"01771M10:04:16.118","01771 09:52:07",219.23,888.92,,,,"     ",5.30,287.61,1.98
1771,554703200,"01771M10:04:17.091","01771 09:52:08",219.30,889.05,,,,"     ",5.30,287.65,1.98
1771,554703201,"01771M10:04:18.064","01771 09:52:09",219.38,889.09,,,,"     ",5.30,288.27,1.98
1771,554703202,"01771M10:04:19.037","01771 09:52:10",219.46,889.07,,,,"     ",5.30,288.45,1.98
1771,554703203,"01771M10:04:20.011","01771 09:52:11",219.56,889.12,,,,"     ",5.30,288.15,1.98
1771,554703204,"01771M10:04:20.984","01771 09:52:12",219.68,889.09,,,,"     ",5.30,286.58,1.97
1771,554703205,"01771M10:04:21.957","01771 09:52:13",219.80,889.04,,,,"     ",5.30,289.11,1.98
1771,554703206,"01771M10:04:22.930","01771 09:52:14",219.93,889.02,,,,"     ",5.30,287.44,1.97
1771,554703207,"01771M10:04:23.904","01771 09:52:15",220.06,888.97,,,,"     ",5.30,287.10,1.97
1771,554703208,"01771M10:04:24.877","01771 09:52:16",220.18,889.08,,,,"     ",5.30,289.70,1.99
1771,554703209,"01771M10:04:25.850","01771 09:52:17",220.29,889.03,,,,"     ",5.30,287.63,1.97
1771,554703210,"01771M10:04:26.823","01771 09:52:18",220.39,889.03,,,,"     ",5.30,289.34,1.98
1771,554703211,"01771M10:04:27.797","01771 09:52:19",220.47,888.97,,,,"     ",5.30,288.42,1.97
1771,554703212,"01771M10:04:28.770","01771 09:52:20",220.54,888.95,,,,"     ",5.30,289.92,1.99
1771,554703213,"01771M10:04:29.743","01771 09:52:21",220.61,888.94,,,,"     ",5.30,290.66,1.99
1771,554703214,"01771M10:04:30.716","01771 09:52:22",220.68,888.88,,,,"     ",5.30,287.94,1.97
1771,554703215,"01771M10:04:31.690","01771 09:52:23",220.75,888.88,,,,"     ",5.30,289.59,1.98
1771,554703216,"01771M10:04:32.663","01771 09:52:24",220.83,888.91,,,,"     ",5.30,289.60,1.98
1771,554703217,"01771M10:04:33.636","01771 09:52:25",220.90,888.86,,,,"     ",5.30,288.25,1.97
1771,554703218,"01771M10:04:34.609","01771 09:52:26",220.98,888.85,,,,"     ",5.30,287.72,1.97
1771,554703219,"01771M10:04:35.583","01771 09:52:27",221.07,888.78,,,,"     ",5.30,288.62,1.97
1771,554703220,"01771M10:04:36.556","01771 09:52:27",221.16,888.82,,,,"     ",5.30,290.37,1.98
1771,554703221,"01771M10:04:37.529","01771 09:52:28",221.25,888.87,,,,"     ",5.30,290.43,1.98
1771,554703222,"01771M10:04:38.502","01771 09:52:29",221.34,888.91,,,,"     ",5.30,290.28,1.98
1771,554703223,"01771M10:04:39.476","01771 09:52:30",221.43,888.83,,,,"     ",5.30,289.46,1.98
1771,554703224,"01771M10:04:40.449","01771 09:52:31",221.52,888.86,,,,"     ",5.30,291.09,1.99
1771,554703225,"01771M10:04:41.422","01771 09:52:32",221.60,888.84,,,,"     ",5.30,291.44,1.99
1771,554703226,"01771M10:04:42.395","01771 09:52:33",221.68,888.94,,,,"     ",5.30,290.16,1.98
1771,554703227,"01771M10:04:43.369","01771 09:52:34",221.75,888.87,,,,"     ",5.30,289.27,1.97
1771,554703228,"01771M10:04:44.342","01771 09:52:35",221.82,888.93,,,,"     ",5.30,292.14,1.99
1771,554703229,"01771M10:04:45.315","01771 09:52:36",221.88,888.81,,,,"     ",5.30,290.85,1.98
1771,554703230,"01771M10:04:46.288","01771 09:52:37",221.96,888.80,,,,"     ",5.30,287.67,1.96
1771,554703231,"01771M10:04:47.262","01771 09:52:38",222.04,888.79,,,,"     ",5.30,290.59,1.98
1771,554703232,"01771M10:04:48.235","01771 09:52:39",222.13,888.79,,,,"     ",5.30,291.13,1.98
1771,554703233,"01771M10:04:49.208","01771 09:52:40",222.24,888.81,,,,"     ",5.30,291.25,1.98
1771,554703234,"01771M10:04:50.181","01771 09:52:41",222.35,888.81,,,,"     ",5.30,291.48,1.99
1771,554703235,"01771M10:04:51.155","01771 09:52:42",222.48,888.80,,,,"     ",5.30,288.13,1.96
1771,554703236,"01771M10:04:52.128","01771 09:52:43",222.61,888.81,,,,"     ",5.30,288.21,1.96
1771,554703237,"01771M10:04:53.101","01771 09:52:44",222.76,888.79,,,,"     ",5.30,291.46,1.98
1771,554703238,"01771M10:04:54.074","01771 09:52:45",222.91,888.88,,,,"     ",5.30,292.47,1.99
1771,554703239,"01771M10:04:55.048","01771 09:52:46",223.05,888.91,,,,"     ",5.30,291.15,1.98
1771,554703240,"01771M10:04:56.021","01771 09:52:47",223.18,888.81,,,,"     ",5.30,287.36,1.95
1771,554703241,"01771M10:04:56.994","01771 09:52:48",223.31,888.85,,,,"     ",5.30,289.28,1.97
1771,554703242,"01771M10:04:57.967","01771 09:52:49",223.42,888.85,,,,"     ",5.30,290.84,1.98
1771,554703243,"01771M10:04:58.941","01771 09:52:50",223.51,888.82,,,,"     ",5.30,292.59,1.99
1771,554703244,"01771M10:04:59.914","01771 09:52:51",223.58,888.77,,,,"     ",5.30,288.99,1.96
1771,554703245,"01771M10:05:00.887","01771 09:52:52",223.62,888.75,,,,"     ",5.30,290.35,1.97
1771,554703246,"01771M10:05:01.861","01771 09:52:53",223.65,888.73,,,,"     ",5.30,291.69,1.98
1771,554703247,"01771M10:05:02.834","01771 09:52:54",223.67,888.73,,,,"     ",5.30,290.40,1.97
1771,554703248,"01771M10:05:03.807","01771 09:52:55",223.68,888.75,,,,"     ",5.30,290.51,1.97
1771,554703249,"01771M10:05:04.780","01771 09:52:56",223.69,888.76,,,,"     ",5.30,290.40,1.97
1771,554703250,"01771M10:05:05.754","01771 09:52:57",223.71,888.72,,,,"     ",5.30,291.20,1.97
1771,554703251,"01771M10:05:06.727","01771 09:52:58",223.73,888.74,,,,"     ",5.30,289.42,1.96
1771,554703252,"01771M10:05:07.700","01771 09:52:59",223.78,888.74,,,,"     ",5.30,292.02,1.98
1771,554703253,"01771M10:05:08.673","01771 09:53:00",223.83,888.76,,,,"     ",5.30,289.60,1.96
1771,554703254,"01771M10:05:09.647","01771 09:53:01",223.90,888.70,,,,"     ",5.30,291.76,1.97
1771,554703255,"01771M10:05:10.620","01771 09:53:02",223.98,888.80,,,,"     ",5.30,291.03,1.97
1771,554703256,"01771M10:05:11.593","01771 09:53:03",224.07,888.78,,,,"     ",5.30,290.37,1.96
1771,554703257,"01771M10:05:12.566","01771 09:53:04",224.17,888.71,,,,"     ",5.30,290.60,1.96
1771,554703258,"01771M10:05:13.540","01771 09:53:04",224.28,888.70,,,,"     ",5.30,288.61,1.95
1771,554703259,"01771M10:05:14.513","01771 09:53:05",224.40,888.71,,,,"     ",5.30,291.23,1.97
1771,554703260,"01771M10:05:15.486","01771 09:53:06",224.52,888.74,,,,"     ",5.30,290.73,1.96
1771,554703261,"01771M10:05:16.459","01771 09:53:07",224.66,888.75,,,,"     ",5.30,292.00,1.97
1771,554703262,"01771M10:05:17.433","01771 09:53:08",224.80,888.65,,,,"     ",5.30,288.94,1.95
1771,554703263,"01771M10:05:18.406","01771 09:53:09",224.94,888.68,,,,"     ",5.30,288.32,1.94
1771,554703264,"01771M10:05:19.379","01771 09:53:10",225.09,888.68,,,,"     ",5.30,291.85,1.97
1771,554703265,"01771M10:05:20.352","01771 09:53:11",225.23,888.67,,,,"     ",5.30,290.54,1.96
1771,554703266,"01771M10:05:21.326","01771 09:53:12",225.37,888.74,,,,"     ",5.30,290.30,1.96
1771,554703267,"01771M10:05:22.299","01771 09:53:13",225.52,888.70,,,,"     ",5.30,292.05,1.97
1771,554703268,"01771M10:05:23.272","01771 09:53:14",225.67,888.79,,,,"     ",5.30,290.94,1.96
1771,554703269,"01771M10:05:24.245","01771 09:53:15",225.83,888.73,,,,"     ",5.30,289.95,1.95
1771,554703270,"01771M10:05:25.219","01771 09:53:16",225.98,888.77,,,,"     ",5.30,292.43,1.97
1771,554703271,"01771M10:05:26.192","01771 09:53:17",226.13,888.74,,,,"     ",5.30,291.65,1.96
1771,554703272,"01771M10:05:27.165","01771 09:53:18",226.26,888.65,,,,"     ",5.30,292.94,1.97
1771,554703273,"01771M10:05:28.138","01771 09:53:19",226.39,888.69,,,,"     ",5.30,292.55,1.97
1771,554703274,"01771M10:05:29.112","01771 09:53:20",226.46,888.69,,,,"     ",5.30,293.09,1.97
1771,554703275,"01771M10:05:30.085","01771 09:53:21",226.45,888.71,,,,"     ",5.30,292.83,1.97
1771,554703276,"01771M10:05:31.058","01771 09:53:22",226.48,888.63,,,,"     ",5.30,290.80,1.95
1771,554703277,"01771M10:05:32.031","01771 09:53:23",226.53,888.58,,,,"     ",5.30,293.12,1.97
1771,554703278,"01771M10:05:33.005","01771 09:53:24",226.60,888.61,,,,"     ",5.30,291.54,1.95
1771,554703279,"01771M10:05:33.978","01771 09:53:25",226.68,888.64,,,,"     ",5.30,294.00,1.97
1771,554703280,"01771M10:05:34.951","01771 09:53:26",226.75,888.62,,,,"     ",5.30,291.25,1.95
1771,554703281,"01771M10:05:35.924","01771 09:53:27",226.81,888.63,,,,"     ",5.30,293.49,1.97
1771,554703282,"01771M10:05:36.898","01771 09:53:28",226.87,888.56,,,,"     ",5.30,293.92,1.97
1771,554703283,"01771M10:05:37.871","01771 09:53:29",226.88,888.68,,,,"     ",5.30,292.15,1.96
1771,554703284,"01771M10:05:38.844","01771 09:53:30",226.89,888.58,,,,"     ",5.30,292.04,1.95
1771,554703285,"01771M10:05:39.817","01771 09:53:31",226.90,888.59,,,,"     ",5.30,292.08,1.95
1771,554703286,"01771M10:05:40.791","01771 09:53:32",226.91,888.57,,,,"     ",5.30,294.62,1.97
1771,554703287,"01771M10:05:41.764","01771 09:53:33",226.93,888.59,,,,"     ",5.30,293.28,1.96
1771,554703288,"01771M10:05:42.737","01771 09:53:34",226.97,888.59,,,,"     ",5.30,295.87,1.98
1771,554703289,"01771M10:05:43.710","01771 09:53:35",227.00,888.64,,,,"     ",5.30,293.03,1.96
1771,554703290,"01771M10:05:44.684","01771 09:53:36",227.04,888.56,,,,"     ",5.30,295.41,1.97
1771,554703291,"01771M10:05:45.657","01771 09:53:37",227.08,888.68,,,,"     ",5.30,293.44,1.96
1771,554703292,"01771M10:05:46.630","01771 09:53:38",227.12,888.60,,,,"     ",5.30,292.75,1.95
1771,554703293,"01771M10:05:47.603","01771 09:53:39",227.15,888.68,,,,"     ",5.30,289.20,1.93
1771,554703294,"01771M10:05:48.577","01771 09:53:40",227.17,888.65,,,,"     ",5.30,294.00,1.96
1771,554703295,"01771M10:05:49.550","01771 09:53:41",227.20,888.60,,,,"     ",5.30,297.25,1.98
1771,554703296,"01771M10:05:50.523","01771 09:53:41",227.22,888.61,,,,"     ",5.30,292.13,1.95
1771,554703297,"01771M10:05:51.496","01771 09:53:42",227.23,888.60,,,,"     ",5.30,292.85,1.95
1771,554703298,"01771M10:05:52.470","01771 09:53:43",227.23,888.54,,,,"     ",5.30,293.76,1.96
1771,554703299,"01771M10:05:53.443","01771 09:53:44",227.20,888.51,,,,"     ",5.30,291.19,1.94
1771,554703300,"01771M10:05:54.416","01771 09:53:45",227.15,888.50,,,,"     ",5.30,293.48,1.95
1771,554703301,"01771M10:05:55.389","01771 09:53:46",227.07,888.64,,,,"     ",5.30,294.34,1.96
1771,554703302,"01771M10:05:56.363","01771 09:53:47",226.98,888.62,,,,"     ",5.30,296.14,1.97
1771,554703303,"01771M10:05:57.336","01771 09:53:48",226.87,888.66,,,,"     ",5.30,296.26,1.97
1771,554703304,"01771M10:05:58.309","01771 09:53:49",226.74,888.63,,,,"     ",5.30,294.58,1.96
1771,554703305,"01771M10:05:59.282","01771 09:53:50",226.61,888.60,,,,"     ",5.30,294.48,1.96
1771,554703306,"01771M10:06:00.256","01771 09:53:51",226.47,888.53,,,,"     ",5.30,294.63,1.96
1771,554703307,"01771M10:06:01.229","01771 09:53:52",226.32,888.50,,,,"     ",5.30,296.72,1.97
1771,554703308,"01771M10:06:02.202","01771 09:53:53",226.17,888.55,,,,"     ",5.30,296.26,1.97
1771,554703309,"01771M10:06:03.175","01771 09:53:54",225.97,888.51,,,,"     ",5.30,291.70,1.94
1771,554703310,"01771M10:06:04.149","01771 09:53:55",225.74,888.53,,,,"     ",5.30,295.65,1.97
1771,554703311,"01771M10:06:05.122","01771 09:53:56",225.54,888.56,,,,"     ",5.30,292.44,1.94
1771,554703312,"01771M10:06:06.095","01771 09:53:57",225.38,888.51,,,,"     ",5.30,293.69,1.95
1771,554703313,"01771M10:06:07.068","01771 09:53:58",225.24,888.47,,,,"     ",5.30,292.03,1.94
1771,554703314,"01771M10:06:08.042","01771 09:53:59",225.12,888.45,,,,"     ",5.30,295.33,1.96
1771,554703315,"01771M10:06:09.015","01771 09:54:00",224.99,888.40,,,,"     ",5.30,296.44,1.97
1771,554703316,"01771M10:06:09.988","01771 09:54:01",224.85,888.45,,,,"     ",5.30,292.80,1.95
1771,554703317,"01771M10:06:10.962","01771 09:54:02",224.69,888.41,,,,"     ",5.30,294.11,1.96
1771,554703318,"01771M10:06:11.935","01771 09:54:03",224.52,888.38,,,,"     ",5.30,292.16,1.95
1771,554703319,"01771M10:06:12.908","01771 09:54:04",224.34,888.48,,,,"     ",5.30,293.06,1.95
1771,554703320,"01771M10:06:13.881","01771 09:54:05",224.14,888.42,,,,"     ",5.30,292.45,1.95
1771,554703321,"01771M10:06:14.855","01771 09:54:06",223.95,888.37,,,,"     ",5.30,292.56,1.95
1771,554703322,"01771M10:06:15.828","01771 09:54:07",223.76,888.46,,,,"     ",5.30,292.40,1.95
1771,554703323,"01771M10:06:16.801","01771 09:54:08",223.58,888.51,,,,"     ",5.30,293.03,1.95
1771,554703324,"01771M10:06:17.774","01771 09:54:09",223.42,888.56,,,,"     ",5.30,293.43,1.96
1771,554703325,"01771M10:06:18.748","01771 09:54:10",223.35,888.58,,,,"     ",5.30,292.80,1.95
1771,554703326,"01771M10:06:19.721","01771 09:54:11",223.31,888.46,,,,"     ",5.30,292.93,1.96
1771,554703327,"01771M10:06:20.694","01771 09:54:12",223.28,888.50,,,,"     ",5.30,298.15,1.99
1771,554703328,"01771M10:06:21.667","01771 09:54:13",223.25,888.49,,,,"     ",5.30,292.17,1.95
1771,554703329,"01771M10:06:22.641","01771 09:54:14",223.25,888.44,,,,"     ",5.30,292.73,1.96
1771,554703330,"01771M10:06:23.614","01771 09:54:15",223.26,888.42,,,,"     ",5.30,291.76,1.95
1771,554703331,"01771M10:06:24.587","01771 09:54:16",223.29,888.38,,,,"     ",5.30,290.93,1.95
1771,554703332,"01771M10:06:25.560","01771 09:54:17",223.34,888.42,,,,"     ",5.30,289.88,1.94
1771,554703333,"01771M10:06:26.534","01771 09:54:18",223.40,888.40,,,,"     ",5.30,292.02,1.96
1771,554703334,"01771M10:06:27.507","01771 09:54:18",223.48,888.37,,,,"     ",5.30,292.31,1.96
1771,554703335,"01771M10:06:28.480","01771 09:54:19",223.58,888.33,,,,"     ",5.30,290.39,1.95
1771,554703336,"01771M10:06:29.453","01771 09:54:20",223.70,888.26,,,,"     ",5.30,291.11,1.95
1771,554703337,"01771M10:06:30.427","01771 09:54:21",223.83,888.37,,,,"     ",5.30,293.28,1.97
1771,554703338,"01771M10:06:31.400","01771 09:54:22",223.97,888.40,,,,"     ",5.30,293.83,1.97
1771,554703339,"01771M10:06:32.373","01771 09:54:23",223.34,888.34,,,,"     ",5.30,291.86,1.96
1771,554703340,"01771M10:06:33.346","01771 09:54:24",223.24,888.32,,,,"     ",5.30,293.35,1.97
1771,554703341,"01771M10:06:34.320","01771 09:54:25",223.13,888.38,,,,"     ",5.30,291.94,1.96
1771,554703342,"01771M10:06:35.293","01771 09:54:26",223.05,888.30,,,,"     ",5.30,291.68,1.96
1771,554703343,"01771M10:06:36.266","01771 09:54:27",222.97,888.38,,,,"     ",5.30,292.04,1.96
1771,554703344,"01771M10:06:37.239","01771 09:54:28",222.91,888.34,,,,"     ",5.30,289.64,1.95
1771,554703345,"01771M10:06:38.213","01771 09:54:29",222.85,888.35,,,,"     ",5.30,293.65,1.98
1771,554703346,"01771M10:06:39.186","01771 09:54:30",222.81,888.25,,,,"     ",5.30,291.35,1.96
1771,554703347,"01771M10:06:40.159","01771 09:54:31",222.77,888.30,,,,"     ",5.30,293.24,1.98
1771,554703348,"01771M10:06:41.132","01771 09:54:32",222.74,888.29,,,,"     ",5.30,290.90,1.96
1771,554703349,"01771M10:06:42.106","01771 09:54:33",222.72,888.29,,,,"     ",5.30,292.27,1.97
1771,554703350,"01771M10:06:43.079","01771 09:54:34",222.71,888.27,,,,"     ",5.30,293.05,1.98
1771,554703351,"01771M10:06:44.052","01771 09:54:35",222.72,888.26,,,,"     ",5.30,291.87,1.97
1771,554703352,"01771M10:06:45.025","01771 09:54:36",222.74,888.23,,,,"     ",5.30,289.94,1.96
1771,554703353,"01771M10:06:45.999","01771 09:54:37",222.79,888.27,,,,"     ",5.30,289.28,1.95
1771,554703354,"01771M10:06:46.972","01771 09:54:38",222.78,888.25,,,,"     ",5.30,292.97,1.98
1771,554703355,"01771M10:06:47.945","01771 09:54:39",222.75,888.22,,,,"     ",5.30,292.00,1.97
1771,554703356,"01771M10:06:48.918","01771 09:54:40",222.70,888.25,,,,"     ",5.30,291.45,1.97
1771,554703357,"01771M10:06:49.892","01771 09:54:41",222.62,888.17,,,,"     ",5.30,290.98,1.97
1771,554703358,"01771M10:06:50.865","01771 09:54:42",222.52,888.32,,,,"     ",5.30,290.87,1.97
1771,554703359,"01771M10:06:51.838","01771 09:54:43",222.41,888.28,,,,"     ",5.30,293.07,1.99
1771,554703360,"01771M10:06:52.811","01771 09:54:44",222.30,888.25,,,,"     ",5.30,291.67,1.98
1771,554703361,"01771M10:06:53.785","01771 09:54:45",222.18,888.29,,,,"     ",5.30,287.96,1.95
1771,554703362,"01771M10:06:54.758","01771 09:54:46",222.06,888.21,,,,"     ",5.30,291.24,1.97
1771,554703363,"01771M10:06:55.731","01771 09:54:47",221.94,888.27,,,,"     ",5.30,290.41,1.97
1771,554703364,"01771M10:06:56.704","01771 09:54:48",221.82,888.27,,,,"     ",5.30,290.37,1.97
1771,554703365,"01771M10:06:57.678","01771 09:54:49",221.72,888.22,,,,"     ",5.30,290.14,1.97
1771,554703366,"01771M10:06:58.651","01771 09:54:50",221.61,888.22,,,,"     ",5.30,291.59,1.98
1771,554703367,"01771M10:06:59.624","01771 09:54:51",221.50,888.26,,,,"     ",5.30,287.65,1.95
1771,554703368,"01771M10:07:00.597","01771 09:54:52",221.39,888.21,,,,"     ",5.30,289.63,1.97
1771,554703369,"01771M10:07:01.571","01771 09:54:53",221.27,888.25,,,,"     ",5.30,289.37,1.97
1771,554703370,"01771M10:07:02.544","01771 09:54:54",221.18,888.24,,,,"     ",5.30,288.79,1.96
1771,554703371,"01771M10:07:03.517","01771 09:54:54",221.09,888.22,,,,"     ",5.30,290.48,1.98
1771,554703372,"01771M10:07:04.490","01771 09:54:55",221.03,888.27,,,,"     ",5.30,289.96,1.98
1771,554703373,"01771M10:07:05.464","01771 09:54:56",220.97,888.23,,,,"     ",5.30,289.06,1.97
1771,554703374,"01771M10:07:06.437","01771 09:54:57",220.94,888.26,,,,"     ",5.30,291.17,1.99
1771,554703375,"01771M10:07:07.410","01771 09:54:58",220.92,888.18,,,,"     ",5.30,286.37,1.95
1771,554703376,"01771M10:07:08.383","01771 09:54:59",220.90,888.14,,,,"     ",5.30,292.40,2.00
1771,554703377,"01771M10:07:09.357","01771 09:55:00",220.88,888.15,,,,"     ",5.30,291.34,1.99
1771,554703378,"01771M10:07:10.330","01771 09:55:01",220.84,888.05,,,,"     ",5.30,288.58,1.97
1771,554703379,"01771M10:07:11.303","01771 09:55:02",220.79,888.06,,,,"     ",5.30,288.55,1.97
1771,554703380,"01771M10:07:12.276","01771 09:55:03",220.74,888.10,,,,"     ",5.30,287.00,1.96
1771,554703381,"01771M10:07:13.250","01771 09:55:04",220.68,887.99,,,,"     ",5.30,287.12,1.96
1771,554703382,"01771M10:07:14.223","01771 09:55:05",220.62,888.06,,,,"     ",5.30,287.87,1.97
1771,554703383,"01771M10:07:15.196","01771 09:55:06",220.56,888.13,,,,"     ",5.30,285.22,1.95
1771,554703384,"01771M10:07:16.169","01771 09:55:07",220.52,888.12,,,,"     ",5.30,287.53,1.97
1771,554703385,"01771M10:07:17.143","01771 09:55:08",220.50,888.18,,,,"     ",5.30,287.77,1.97
1771,554703386,"01771M10:07:18.116","01771 09:55:09",220.51,888.22,,,,"     ",5.30,290.79,1.99
1771,554703387,"01771M10:07:19.089","01771 09:55:10",220.54,888.18,,,,"     ",5.30,288.72,1.98
1771,554703388,"01771M10:07:20.063","01771 09:55:11",220.62,888.29,,,,"     ",5.30,288.42,1.98
1771,554703389,"01771M10:07:21.036","01771 09:55:12",220.73,888.17,,,,"     ",5.30,289.79,1.99
1771,554703390,"01771M10:07:22.009","01771 09:55:13",220.89,888.14,,,,"     ",5.30,291.02,2.00
1771,554703391,"01771M10:07:22.982","01771 09:55:14",221.07,888.12,,,,"     ",5.30,286.58,1.97
1771,554703392,"01771M10:07:23.956","01771 09:55:15",221.28,888.15,,,,"     ",5.30,287.25,1.97
1771,554703393,"01771M10:07:24.929","01771 09:55:16",221.47,888.15,,,,"     ",5.30,285.71,1.96
1771,554703394,"01771M10:07:25.902","01771 09:55:17",221.68,888.13,,,,"     ",5.30,287.55,1.98
1771,554703395,"01771M10:07:26.875","01771 09:55:18",221.86,888.20,,,,"     ",5.30,287.92,1.98
1771,554703396,"01771M10:07:27.849","01771 09:55:19",222.01,888.17,,,,"     ",5.30,287.10,1.98
1771,554703397,"01771M10:07:28.822","01771 09:55:20",222.14,888.10,,,,"     ",5.30,289.05,1.99
1771,554703398,"01771M10:07:29.795","01771 09:55:21",222.25,888.10,,,,"     ",5.30,287.89,1.98
1771,554703399,"01771M10:07:30.768","01771 09:55:22",222.36,888.08,,,,"     ",5.30,289.42,1.99
1771,554703400,"01771M10:07:31.742","01771 09:55:23",222.47,888.10,,,,"     ",5.30,286.93,1.98
1771,554703401,"01771M10:07:32.715","01771 09:55:24",222.57,888.07,,,,"     ",5.30,286.82,1.98
1771,554703402,"01771M10:07:33.688","01771 09:55:25",222.66,888.08,,,,"     ",5.30,284.85,1.96
1771,554703403,"01771M10:07:34.661","01771 09:55:26",222.74,888.10,,,,"     ",5.30,289.04,1.99
1771,554703404,"01771M10:07:35.635","01771 09:55:27",222.80,888.01,,,,"     ",5.30,287.07,1.98
1771,554703405,"01771M10:07:36.608","01771 09:55:28",222.85,887.98,,,,"     ",5.30,287.82,1.98
1771,554703406,"01771M10:07:37.581","01771 09:55:29",222.86,888.00,,,,"     ",5.30,287.67,1.98
1771,554703407,"01771M10:07:38.554","01771 09:55:30",222.88,887.97,,,,"     ",5.30,285.08,1.96
1771,554703408,"01771M10:07:39.528","01771 09:55:31",222.91,887.99,,,,"     ",5.30,287.60,1.98
1771,554703409,"01771M10:07:40.501","01771 09:55:31",222.96,887.99,,,,"     ",5.30,289.25,1.99
1771,554703410,"01771M10:07:41.474","01771 09:55:32",223.02,888.07,,,,"     ",5.30,287.91,1.98
1771,554703411,"01771M10:07:42.447","01771 09:55:33",223.08,888.03,,,,"     ",5.30,287.61,1.98
1771,554703412,"01771M10:07:43.421","01771 09:55:34",223.15,887.98,,,,"     ",5.30,287.24,1.98
1771,554703413,"01771M10:07:44.394","01771 09:55:35",223.25,888.02,,,,"     ",5.30,287.97,1.98
1771,554703414,"01771M10:07:45.367","01771 09:55:36",223.36,888.00,,,,"     ",5.30,289.07,1.99
1771,554703415,"01771M10:07:46.340","01771 09:55:37",223.50,888.04,,,,"     ",5.30,290.08,2.00
1771,554703416,"01771M10:07:47.314","01771 09:55:38",223.64,888.01,,,,"     ",5.30,288.13,1.98
1771,554703417,"01771M10:07:48.287","01771 09:55:39",223.78,887.96,,,,"     ",5.30,290.04,2.00
1771,554703418,"01771M10:07:49.260","01771 09:55:40",223.92,887.93,,,,"     ",5.30,286.16,1.97
1771,554703419,"01771M10:07:50.233","01771 09:55:41",224.06,887.99,,,,"     ",5.30,290.09,2.00
1771,554703420,"01771M10:07:51.207","01771 09:55:42",224.17,887.95,,,,"     ",5.30,287.86,1.98
1771,554703421,"01771M10:07:52.180","01771 09:55:43",224.26,887.94,,,,"     ",5.30,287.38,1.98
1771,554703422,"01771M10:07:53.153","01771 09:55:44",224.32,887.99,,,,"     ",5.30,287.38,1.98
1771,554703423,"01771M10:07:54.126","01771 09:55:45",224.37,887.97,,,,"     ",5.30,285.03,1.96
1771,554703424,"01771M10:07:55.100","01771 09:55:46",224.42,887.95,,,,"     ",5.30,284.17,1.95
1771,554703425,"01771M10:07:56.073","01771 09:55:47",224.47,887.98,,,,"     ",5.30,288.46,1.98
1771,554703426,"01771M10:07:57.046","01771 09:55:48",224.50,887.96,,,,"     ",5.30,285.60,1.96
1771,554703427,"01771M10:07:58.019","01771 09:55:49",224.50,887.95,,,,"     ",5.30,288.00,1.98
1771,554703428,"01771M10:07:58.993","01771 09:55:50",224.49,887.98,,,,"     ",5.30,289.31,1.99
1771,554703429,"01771M10:07:59.966","01771 09:55:51",224.47,888.00,,,,"     ",5.30,286.73,1.97
1771,554703430,"01771M10:08:00.939","01771 09:55:52",224.44,888.05,,,,"     ",5.30,287.98,1.98
1771,554703431,"01771M10:08:01.912","01771 09:55:53",224.40,888.06,,,,"     ",5.30,287.33,1.97
1771,554703432,"01771M10:08:02.886","01771 09:55:54",224.39,888.05,,,,"     ",5.30,286.28,1.97
1771,554703433,"01771M10:08:03.859","01771 09:55:55",224.41,887.99,,,,"     ",5.30,289.78,1.99
1771,554703434,"01771M10:08:04.832","01771 09:55:56",224.47,888.01,,,,"     ",5.30,288.58,1.98
1771,554703435,"01771M10:08:05.805","01771 09:55:57",224.56,888.00,,,,"     ",5.30,286.60,1.97
1771,554703436,"01771M10:08:06.779","01771 09:55:58",224.66,887.98,,,,"     ",5.30,288.21,1.98
1771,554703437,"01771M10:08:07.752","01771 09:55:59",224.78,887.96,,,,"     ",5.30,285.36,1.96
1771,554703438,"01771M10:08:08.725","01771 09:56:00",224.92,887.94,,,,"     ",5.30,289.00,1.98
1771,554703439,"01771M10:08:09.698","01771 09:56:01",225.07,887.97,,,,"     ",5.30,285.72,1.96
1771,554703440,"01771M10:08:10.672","01771 09:56:02",225.23,887.93,,,,"     ",5.30,285.96,1.96
1771,554703441,"01771M10:08:11.645","01771 09:56:03",225.37,887.93,,,,"     ",5.30,288.16,1.97
1771,554703442,"01771M10:08:12.618","01771 09:56:04",225.48,887.96,,,,"     ",5.30,288.28,1.98
1771,554703443,"01771M10:08:13.591","01771 09:56:05",225.56,887.97,,,,"     ",5.30,287.27,1.97
1771,554703444,"01771M10:08:14.565","01771 09:56:06",225.60,887.91,,,,"     ",5.30,290.09,1.99
1771,554703445,"01771M10:08:15.538","01771 09:56:07",225.61,887.90,,,,"     ",5.30,288.65,1.98
1771,554703446,"01771M10:08:16.511","01771 09:56:08",225.58,887.95,,,,"     ",5.30,288.91,1.98
1771,554703447,"01771M10:08:17.484","01771 09:56:08",225.52,887.94,,,,"     ",5.30,288.19,1.97
1771,554703448,"01771M10:08:18.458","01771 09:56:09",225.44,887.92,,,,"     ",5.30,289.49,1.98
1771,554703449,"01771M10:08:19.431","01771 09:56:10",225.37,887.98,,,,"     ",5.30,290.17,1.98
1771,554703450,"01771M10:08:20.404","01771 09:56:11",225.33,887.86,,,,"     ",5.30,289.64,1.98
1771,554703451,"01771M10:08:21.377","01771 09:56:12",225.31,887.89,,,,"     ",5.30,290.54,1.99
1771,554703452,"01771M10:08:22.351","01771 09:56:13",225.33,887.79,,,,"     ",5.30,288.20,1.97
1771,554703453,"01771M10:08:23.324","01771 09:56:14",225.37,887.84,,,,"     ",5.30,288.81,1.97
1771,554703454,"01771M10:08:24.297","01771 09:56:15",225.42,887.85,,,,"     ",5.30,288.83,1.97
1771,554703455,"01771M10:08:25.270","01771 09:56:16",225.48,887.83,,,,"     ",5.30,285.77,1.95
1771,554703456,"01771M10:08:26.244","01771 09:56:17",225.54,887.80,,,,"     ",5.30,286.94,1.96
1771,554703457,"01771M10:08:27.217","01771 09:56:18",225.61,887.86,,,,"     ",5.30,291.94,1.99
1771,554703458,"01771M10:08:28.190","01771 09:56:19",225.66,887.88,,,,"     ",5.30,288.58,1.97
1771,554703459,"01771M10:08:29.164","01771 09:56:20",225.69,887.89,,,,"     ",5.30,290.16,1.98
1771,554703460,"01771M10:08:30.137","01771 09:56:21",225.72,887.83,,,,"     ",5.30,289.61,1.97
1771,554703461,"01771M10:08:31.110","01771 09:56:22",225.74,887.83,,,,"     ",5.30,286.20,1.95
1771,554703462,"01771M10:08:32.083","01771 09:56:23",225.77,887.84,,,,"     ",5.30,288.25,1.96
1771,554703463,"01771M10:08:33.057","01771 09:56:24",225.82,887.86,,,,"     ",5.30,291.33,1.99
1771,554703464,"01771M10:08:34.030","01771 09:56:25",225.86,887.75,,,,"     ",5.30,290.10,1.98
1771,554703465,"01771M10:08:35.003","01771 09:56:26",225.90,887.75,,,,"     ",5.30,288.91,1.97
1771,554703466,"01771M10:08:35.976","01771 09:56:27",225.88,887.76,,,,"     ",5.30,291.55,1.99
1771,554703467,"01771M10:08:36.950","01771 09:56:28",225.79,887.66,,,,"     ",5.30,288.91,1.97
1771,554703468,"01771M10:08:37.923","01771 09:56:29",225.70,887.67,,,,"     ",5.30,288.36,1.96
1771,554703469,"01771M10:08:38.896","01771 09:56:30",225.60,887.66,,,,"     ",5.30,289.37,1.97
1771,554703470,"01771M10:08:39.869","01771 09:56:31",225.50,887.83,,,,"     ",5.30,290.37,1.97
1771,554703471,"01771M10:08:40.843","01771 09:56:32",225.42,887.75,,,,"     ",5.30,288.47,1.96
1771,554703472,"01771M10:08:41.816","01771 09:56:33",225.35,887.83,,,,"     ",5.30,285.78,1.94
1771,554703473,"01771M10:08:42.789","01771 09:56:34",225.29,887.84,,,,"     ",5.30,293.36,2.00
1771,554703474,"01771M10:08:43.762","01771 09:56:35",225.23,887.78,,,,"     ",5.30,289.57,1.97
1771,554703475,"01771M10:08:44.736","01771 09:56:36",225.18,887.78,,,,"     ",5.30,291.33,1.98
1771,554703476,"01771M10:08:45.709","01771 09:56:37",225.14,887.82,,,,"     ",5.30,289.77,1.97
1771,554703477,"01771M10:08:46.682","01771 09:56:38",225.11,887.80,,,,"     ",5.30,288.19,1.96
1771,554703478,"01771M10:08:47.655","01771 09:56:39",225.08,887.66,,,,"     ",5.30,288.84,1.96
1771,554703479,"01771M10:08:48.629","01771 09:56:40",225.07,887.74,,,,"     ",5.30,292.13,1.98
1771,554703480,"01771M10:08:49.602","01771 09:56:41",225.08,887.71,,,,"     ",5.30,291.53,1.98
1771,554703481,"01771M10:08:50.575","01771 09:56:42",225.11,887.76,,,,"     ",5.30,287.88,1.95
1771,554703482,"01771M10:08:51.548","01771 09:56:43",225.13,887.66,,,,"     ",5.30,291.66,1.98
1771,554703483,"01771M10:08:52.522","01771 09:56:44",225.16,887.76,,,,"     ",5.30,290.93,1.97
1771,554703484,"01771M10:08:53.495","01771 09:56:44",225.18,887.65,,,,"     ",5.30,291.89,1.98
1771,554703485,"01771M10:08:54.468","01771 09:56:45",225.19,887.69,,,,"     ",5.30,289.80,1.96
1771,554703486,"01771M10:08:55.441","01771 09:56:46",225.21,887.66,,,,"     ",5.30,289.51,1.96
1771,554703487,"01771M10:08:56.415","01771 09:56:47",225.22,887.67,,,,"     ",5.30,292.54,1.98
1771,554703488,"01771M10:08:57.388","01771 09:56:48",225.25,887.65,,,,"     ",5.30,290.69,1.97
1771,554703489,"01771M10:08:58.361","01771 09:56:49",225.28,887.66,,,,"     ",5.30,290.72,1.97
1771,554703490,"01771M10:08:59.334","01771 09:56:50",225.32,887.69,,,,"     ",5.30,292.98,1.98
1771,554703491,"01771M10:09:00.308","01771 09:56:51",225.37,887.67,,,,"     ",5.30,290.97,1.97
1771,554703492,"01771M10:09:01.281","01771 09:56:52",225.42,887.68,,,,"     ",5.30,289.81,1.96
1771,554703493,"01771M10:09:02.254","01771 09:56:53",225.44,887.71,,,,"     ",5.30,292.21,1.98
1771,554703494,"01771M10:09:03.227","01771 09:56:54",225.44,887.69,,,,"     ",5.30,289.69,1.96
1771,554703495,"01771M10:09:04.201","01771 09:56:55",225.42,887.62,,,,"     ",5.30,290.29,1.96
1771,554703496,"01771M10:09:05.174","01771 09:56:56",225.39,887.73,,,,"     ",5.30,294.31,1.99
1771,554703497,"01771M10:09:06.147","01771 09:56:57",225.35,887.66,,,,"     ",5.30,292.89,1.98
1771,554703498,"01771M10:09:07.120","01771 09:56:58",225.31,887.69,,,,"     ",5.30,291.21,1.97
1771,554703499,"01771M10:09:08.094","01771 09:56:59",225.28,887.70,,,,"     ",5.30,292.42,1.98
1771,554703500,"01771M10:09:09.067","01771 09:57:00",225.23,887.67,,,,"     ",5.30,291.61,1.97
1771,554703501,"01771M10:09:10.040","01771 09:57:01",225.18,887.60,,,,"     ",5.30,294.70,1.99
1771,554703502,"01771M10:09:11.013","01771 09:57:02",225.12,887.55,,,,"     ",5.30,295.07,1.99
1771,554703503,"01771M10:09:11.987","01771 09:57:03",225.05,887.62,,,,"     ",5.30,294.24,1.99
1771,554703504,"01771M10:09:12.960","01771 09:57:04",224.96,887.69,,,,"     ",5.30,290.04,1.96
1771,554703505,"01771M10:09:13.933","01771 09:57:05",224.88,887.55,,,,"     ",5.30,292.20,1.97
1771,554703506,"01771M10:09:14.906","01771 09:57:06",224.79,887.58,,,,"     ",5.30,290.31,1.96
1771,554703507,"01771M10:09:15.880","01771 09:57:07",224.71,887.61,,,,"     ",5.30,290.45,1.96
1771,554703508,"01771M10:09:16.853","01771 09:57:08",224.63,887.55,,,,"     ",5.30,292.80,1.98
1771,554703509,"01771M10:09:17.826","01771 09:57:09",224.55,887.59,,,,"     ",5.30,292.18,1.97
1771,554703510,"01771M10:09:18.799","01771 09:57:10",224.48,887.67,,,,"     ",5.30,293.78,1.98
1771,554703511,"01771M10:09:19.773","01771 09:57:11",224.41,887.69,,,,"     ",5.30,295.05,1.99
1771,554703512,"01771M10:09:20.746","01771 09:57:12",224.34,887.64,,,,"     ",5.30,292.96,1.98
1771,554703513,"01771M10:09:21.719","01771 09:57:13",224.29,887.63,,,,"     ",5.30,294.36,1.98
1771,554703514,"01771M10:09:22.692","01771 09:57:14",224.25,887.66,,,,"     ",5.30,295.48,1.99
1771,554703515,"01771M10:09:23.666","01771 09:57:15",224.24,887.62,,,,"     ",5.30,290.59,1.96
1771,554703516,"01771M10:09:24.639","01771 09:57:16",224.26,887.53,,,,"     ",5.30,291.32,1.96
1771,554703517,"01771M10:09:25.612","01771 09:57:17",224.29,887.54,,,,"     ",5.30,290.66,1.96
1771,554703518,"01771M10:09:26.585","01771 09:57:18",224.33,887.55,,,,"     ",5.30,292.20,1.97
1771,554703519,"01771M10:09:27.559","01771 09:57:19",224.36,887.52,,,,"     ",5.30,291.54,1.96
1771,554703520,"01771M10:09:28.532","01771 09:57:20",224.38,887.55,,,,"     ",5.30,294.10,1.98
1771,554703521,"01771M10:09:29.505","01771 09:57:21",224.37,887.62,,,,"     ",5.30,292.05,1.97
1771,554703522,"01771M10:09:30.478","01771 09:57:21",224.33,887.56,,,,"     ",5.30,293.39,1.97
1771,554703523,"01771M10:09:31.452","01771 09:57:22",224.26,887.58,,,,"     ",5.30,295.45,1.99
1771,554703524,"01771M10:09:32.425","01771 09:57:23",224.16,887.60,,,,"     ",5.30,291.80,1.96
1771,554703525,"01771M10:09:33.398","01771 09:57:24",224.06,887.55,,,,"     ",5.30,290.35,1.95
1771,554703526,"01771M10:09:34.371","01771 09:57:25",223.94,887.49,,,,"     ",5.30,292.68,1.97
1771,554703527,"01771M10:09:35.345","01771 09:57:26",223.82,887.52,,,,"     ",5.30,292.78,1.97
1771,554703528,"01771M10:09:36.318","01771 09:57:27",223.70,887.45,,,,"     ",5.30,291.10,1.96
1771,554703529,"01771M10:09:37.291","01771 09:57:28",223.58,887.56,,,,"     ",5.30,291.18,1.96
1771,554703530,"01771M10:09:38.264","01771 09:57:29",223.46,887.55,,,,"     ",5.30,290.60,1.95
1771,554703531,"01771M10:09:39.238","01771 09:57:30",223.36,887.42,,,,"     ",5.30,290.86,1.96
1771,554703532,"01771M10:09:40.211","01771 09:57:31",223.26,887.53,,,,"     ",5.30,291.31,1.96
1771,554703533,"01771M10:09:41.184","01771 09:57:32",223.18,887.58,,,,"     ",5.30,293.25,1.97
1771,554703534,"01771M10:09:42.158","01771 09:57:33",223.12,887.62,,,,"     ",5.30,295.92,1.99
1771,554703535,"01771M10:09:43.131","01771 09:57:34",223.07,887.45,,,,"     ",5.30,293.78,1.97
1771,554703536,"01771M10:09:44.104","01771 09:57:35",223.03,887.45,,,,"     ",5.30,292.65,1.97
1771,554703537,"01771M10:09:45.077","01771 09:57:36",223.00,887.47,,,,"     ",5.30,294.39,1.98
1771,554703538,"01771M10:09:46.051","01771 09:57:37",222.97,887.49,,,,"     ",5.30,290.74,1.95
1771,554703539,"01771M10:09:47.024","01771 09:57:38",222.96,887.45,,,,"     ",5.30,294.27,1.98
1771,554703540,"01771M10:09:47.997","01771 09:57:39",222.95,887.48,,,,"     ",5.30,289.26,1.94
1771,554703541,"01771M10:09:48.970","01771 09:57:40",222.96,887.55,,,,"     ",5.30,293.59,1.97
1771,554703542,"01771M10:09:49.944","01771 09:57:41",222.98,887.52,,,,"     ",5.30,295.09,1.98
1771,554703543,"01771M10:09:50.917","01771 09:57:42",223.00,887.57,,,,"     ",5.30,293.82,1.97
1771,554703544,"01771M10:09:51.890","01771 09:57:43",223.02,887.46,,,,"     ",5.30,291.51,1.96
1771,554703545,"01771M10:09:52.863","01771 09:57:44",223.04,887.46,,,,"     ",5.30,291.60,1.96
1771,554703546,"01771M10:09:53.837","01771 09:57:45",223.06,887.53,,,,"     ",5.30,294.61,1.98
1771,554703547,"01771M10:09:54.810","01771 09:57:46",223.06,887.43,,,,"     ",5.30,292.77,1.96
1771,554703548,"01771M10:09:55.783","01771 09:57:47",223.05,887.50,,,,"     ",5.30,291.70,1.96
1771,554703549,"01771M10:09:56.756","01771 09:57:48",223.03,887.40,,,,"     ",5.30,296.29,1.99
1771,554703550,"01771M10:09:57.730","01771 09:57:49",223.02,887.38,,,,"     ",5.30,292.62,1.96
1771,554703551,"01771M10:09:58.703","01771 09:57:50",223.02,887.42,,,,"     ",5.30,292.03,1.96
1771,554703552,"01771M10:09:59.676","01771 09:57:51",223.02,887.40,,,,"     ",5.30,293.64,1.97
1771,554703553,"01771M10:10:00.649","01771 09:57:52",223.04,887.48,,,,"     ",5.30,291.13,1.95
1771,554703554,"01771M10:10:01.623","01771 09:57:53",223.07,887.45,,,,"     ",5.30,292.57,1.96
1771,554703555,"01771M10:10:02.596","01771 09:57:54",223.11,887.42,,,,"     ",5.30,297.24,1.99
1771,554703556,"01771M10:10:03.569","01771 09:57:55",223.17,887.43,,,,"     ",5.30,292.55,1.96
1771,554703557,"01771M10:10:04.542","01771 09:57:56",223.25,887.37,,,,"     ",5.30,293.94,1.97
1771,554703558,"01771M10:10:05.516","01771 09:57:57",223.34,887.38,,,,"     ",5.30,295.08,1.98
1771,554703559,"01771M10:10:06.489","01771 09:57:58",223.46,887.34,,,,"     ",5.30,291.91,1.96
1771,554703560,"01771M10:10:07.462","01771 09:57:58",223.57,887.32,,,,"     ",5.30,292.10,1.96
1771,554703561,"01771M10:10:08.435","01771 09:57:59",223.68,887.35,,,,"     ",5.30,294.61,1.98
1771,554703562,"01771M10:10:09.409","01771 09:58:00",223.78,887.39,,,,"     ",5.30,289.89,1.94
1771,554703563,"01771M10:10:10.382","01771 09:58:01",223.86,887.35,,,,"     ",5.30,292.19,1.96
1771,554703564,"01771M10:10:11.355","01771 09:58:02",223.92,887.35,,,,"     ",5.30,294.54,1.97
1771,554703565,"01771M10:10:12.328","01771 09:58:03",223.96,887.31,,,,"     ",5.30,293.88,1.97
1771,554703566,"01771M10:10:13.302","01771 09:58:04",223.99,887.38,,,,"     ",5.30,293.17,1.97
1771,554703567,"01771M10:10:14.275","01771 09:58:05",224.01,887.38,,,,"     ",5.30,291.88,1.96
1771,554703568,"01771M10:10:15.248","01771 09:58:06",224.02,887.35,,,,"     ",5.30,293.87,1.97
1771,554703569,"01771M10:10:16.221","01771 09:58:07",224.02,887.35,,,,"     ",5.30,294.45,1.97
1771,554703570,"01771M10:10:17.195","01771 09:58:08",224.02,887.32,,,,"     ",5.30,293.48,1.97
1771,554703571,"01771M10:10:18.168","01771 09:58:09",224.01,887.35,,,,"     ",5.30,294.42,1.97
1771,554703572,"01771M10:10:19.141","01771 09:58:10",224.00,887.35,,,,"     ",5.30,294.07,1.97
1771,554703573,"01771M10:10:20.114","01771 09:58:11",223.98,887.36,,,,"     ",5.30,298.24,2.00
1771,554703574,"01771M10:10:21.088","01771 09:58:12",223.95,887.37,,,,"     ",5.30,291.45,1.95
1771,554703575,"01771M10:10:22.061","01771 09:58:13",223.91,887.36,,,,"     ",5.30,293.31,1.96
1771,554703576,"01771M10:10:23.034","01771 09:58:14",223.86,887.27,,,,"     ",5.30,292.87,1.96
1771,554703577,"01771M10:10:24.007","01771 09:58:15",223.81,887.27,,,,"     ",5.30,292.36,1.96
1771,554703578,"01771M10:10:24.981","01771 09:58:16",223.76,887.30,,,,"     ",5.30,293.26,1.96
1771,554703579,"01771M10:10:25.954","01771 09:58:17",223.70,887.23,,,,"     ",5.30,293.43,1.96
1771,554703580,"01771M10:10:26.927","01771 09:58:18",223.63,887.36,,,,"     ",5.30,293.44,1.96
1771,554703581,"01771M10:10:27.900","01771 09:58:19",223.56,887.31,,,,"     ",5.30,295.07,1.98
1771,554703582,"01771M10:10:28.874","01771 09:58:20",223.49,887.37,,,,"     ",5.30,293.54,1.97
1771,554703583,"01771M10:10:29.847","01771 09:58:21",223.42,887.30,,,,"     ",5.30,292.24,1.96
1771,554703584,"01771M10:10:30.820","01771 09:58:22",223.35,887.38,,,,"     ",5.30,291.84,1.95
1771,554703585,"01771M10:10:31.793","01771 09:58:23",223.30,887.39,,,,"     ",5.30,292.87,1.96
1771,554703586,"01771M10:10:32.767","01771 09:58:24",223.25,887.26,,,,"     ",5.30,295.43,1.98
1771,554703587,"01771M10:10:33.740","01771 09:58:25",223.22,887.30,,,,"     ",5.30,292.83,1.96
1771,554703588,"01771M10:10:34.713","01771 09:58:26",223.19,887.37,,,,"     ",5.30,296.63,1.99
1771,554703589,"01771M10:10:35.686","01771 09:58:27",223.17,887.32,,,,"     ",5.30,294.21,1.97
1771,554703590,"01771M10:10:36.660","01771 09:58:28",223.17,887.26,,,,"     ",5.30,296.31,1.98
1771,554703591,"01771M10:10:37.633","01771 09:58:29",223.16,887.27,,,,"     ",5.30,294.03,1.97
1771,554703592,"01771M10:10:38.606","01771 09:58:30",223.17,887.26,,,,"     ",5.30,294.92,1.97
1771,554703593,"01771M10:10:39.579","01771 09:58:31",223.17,887.29,,,,"     ",5.30,296.10,1.98
1771,554703594,"01771M10:10:40.553","01771 09:58:32",223.18,887.27,,,,"     ",5.30,294.78,1.97
1771,554703595,"01771M10:10:41.526","01771 09:58:33",223.20,887.30,,,,"     ",5.30,293.07,1.96
1771,554703596,"01771M10:10:42.499","01771 09:58:34",223.23,887.30,,,,"     ",5.30,292.12,1.95
1771,554703597,"01771M10:10:43.472","01771 09:58:35",223.25,887.28,,,,"     ",5.30,295.59,1.98
1771,554703598,"01771M10:10:44.446","01771 09:58:35",223.27,887.33,,,,"     ",5.30,294.55,1.97
1771,554703599,"01771M10:10:45.419","01771 09:58:36",223.28,887.28,,,,"     ",5.30,294.83,1.97
1771,554703600,"01771M10:10:46.392","01771 09:58:37",223.28,887.31,,,,"     ",5.30,292.68,1.96
1771,554703601,"01771M10:10:47.365","01771 09:58:38",223.25,887.31,,,,"     ",5.30,295.55,1.98
1771,554703602,"01771M10:10:48.339","01771 09:58:39",223.22,887.28,,,,"     ",5.30,292.53,1.96
1771,554703603,"01771M10:10:49.312","01771 09:58:40",223.16,887.30,,,,"     ",5.30,294.46,1.97
1771,554703604,"01771M10:10:50.285","01771 09:58:41",223.10,887.22,,,,"     ",5.30,295.58,1.98
1771,554703605,"01771M10:10:51.259","01771 09:58:42",223.02,887.17,,,,"     ",5.30,293.43,1.96
1771,554703606,"01771M10:10:52.232","01771 09:58:43",222.94,887.27,,,,"     ",5.30,291.86,1.95
1771,554703607,"01771M10:10:53.205","01771 09:58:44",222.85,887.30,,,,"     ",5.30,293.09,1.96
1771,554703608,"01771M10:10:54.178","01771 09:58:45",222.75,887.18,,,,"     ",5.30,292.63,1.95
1771,554703609,"01771M10:10:55.152","01771 09:58:46",222.66,887.24,,,,"     ",5.30,291.58,1.95
1771,554703610,"01771M10:10:56.125","01771 09:58:47",222.58,887.19,,,,"     ",5.30,295.38,1.97
1771,554703611,"01771M10:10:57.098","01771 09:58:48",222.50,887.18,,,,"     ",5.30,292.54,1.95
1771,554703612,"01771M10:10:58.071","01771 09:58:49",222.43,887.23,,,,"     ",5.30,290.51,1.94
1771,554703613,"01771M10:10:59.045","01771 09:58:50",222.37,887.21,,,,"     ",5.30,292.55,1.96
1771,554703614,"01771M10:11:00.018","01771 09:58:51",222.33,887.20,,,,"     ",5.30,293.40,1.96
1771,554703615,"01771M10:11:00.991","01771 09:58:52",222.31,887.21,,,,"     ",5.30,294.15,1.97
1771,554703616,"01771M10:11:01.964","01771 09:58:53",222.29,887.13,,,,"     ",5.30,290.54,1.94
1771,554703617,"01771M10:11:02.938","01771 09:58:54",222.29,887.23,,,,"     ",5.30,294.19,1.97
1771,554703618,"01771M10:11:03.911","01771 09:58:55",222.30,887.22,,,,"     ",5.30,295.00,1.97
1771,554703619,"01771M10:11:04.884","01771 09:58:56",222.33,887.29,,,,"     ",5.30,294.34,1.97
1771,554703620,"01771M10:11:05.857","01771 09:58:57",222.37,887.26,,,,"     ",5.30,299.09,2.00
1771,554703621,"01771M10:11:06.831","01771 09:58:58",222.42,887.19,,,,"     ",5.30,295.93,1.98
1771,554703622,"01771M10:11:07.804","01771 09:58:59",222.47,887.18,,,,"     ",5.30,294.27,1.97
1771,554703623,"01771M10:11:08.777","01771 09:59:00",222.51,887.14,,,,"     ",5.30,295.29,1.97
1771,554703624,"01771M10:11:09.750","01771 09:59:01",222.54,887.22,,,,"     ",5.30,295.40,1.97
1771,554703625,"01771M10:11:10.724","01771 09:59:02",222.55,887.18,,,,"     ",5.30,296.41,1.98
1771,554703626,"01771M10:11:11.697","01771 09:59:03",222.56,887.11,,,,"     ",5.30,292.70,1.96
1771,554703627,"01771M10:11:12.670","01771 09:59:04",222.56,887.15,,,,"     ",5.30,295.81,1.98
1771,554703628,"01771M10:11:13.643","01771 09:59:05",222.55,887.19,,,,"     ",5.30,294.90,1.97
1771,554703629,"01771M10:11:14.617","01771 09:59:06",222.53,887.14,,,,"     ",5.30,296.35,1.98
1771,554703630,"01771M10:11:15.590","01771 09:59:07",222.51,887.08,,,,"     ",5.30,293.27,1.96
1771,554703631,"01771M10:11:16.563","01771 09:59:08",222.48,887.04,,,,"     ",5.30,295.06,1.97
1771,554703632,"01771M10:11:17.536","01771 09:59:09",222.45,887.07,,,,"     ",5.30,295.98,1.98
1771,554703633,"01771M10:11:18.510","01771 09:59:10",222.41,887.06,,,,"     ",5.30,296.39,1.98
1771,554703634,"01771M10:11:19.483","01771 09:59:11",222.38,886.98,,,,"     ",5.30,296.72,1.98
1771,554703635,"01771M10:11:20.456","01771 09:59:11",222.34,887.03,,,,"     ",5.30,295.16,1.97
1771,554703636,"01771M10:11:21.429","01771 09:59:12",222.30,887.08,,,,"     ",5.30,293.59,1.96
1771,554703637,"01771M10:11:22.403","01771 09:59:13",222.26,887.09,,,,"     ",5.30,297.10,1.98
1771,554703638,"01771M10:11:23.376","01771 09:59:14",222.21,887.09,,,,"     ",5.30,294.72,1.97
1771,554703639,"01771M10:11:24.349","01771 09:59:15",222.17,887.16,,,,"     ",5.30,294.60,1.97
1771,554703640,"01771M10:11:25.322","01771 09:59:16",222.12,887.12,,,,"     ",5.30,294.69,1.97
1771,554703641,"01771M10:11:26.296","01771 09:59:17",222.08,887.11,,,,"     ",5.30,295.57,1.97
1771,554703642,"01771M10:11:27.269","01771 09:59:18",222.03,887.11,,,,"     ",5.30,297.55,1.99
1771,554703643,"01771M10:11:28.242","01771 09:59:19",221.98,887.08,,,,"     ",5.30,294.42,1.96
1771,554703644,"01771M10:11:29.215","01771 09:59:20",221.92,887.12,,,,"     ",5.30,293.50,1.96
1771,554703645,"01771M10:11:30.189","01771 09:59:21",221.87,887.18,,,,"     ",5.30,293.37,1.96
1771,554703646,"01771M10:11:31.162","01771 09:59:22",221.81,887.12,,,,"     ",5.30,296.01,1.97
1771,554703647,"01771M10:11:32.135","01771 09:59:23",221.51,887.03,,,,"     ",5.30,292.64,1.95
1771,554703648,"01771M10:11:33.108","01771 09:59:24",221.56,887.05,,,,"     ",5.30,297.42,1.98
1771,554703649,"01771M10:11:34.082","01771 09:59:25",221.60,887.03,,,,"     ",5.30,296.58,1.98
1771,554703650,"01771M10:11:35.055","01771 09:59:26",221.63,887.02,,,,"     ",5.30,294.97,1.97
1771,554703651,"01771M10:11:36.028","01771 09:59:27",221.66,887.06,,,,"     ",5.30,294.63,1.96
1771,554703652,"01771M10:11:37.001","01771 09:59:28",221.69,886.97,,,,"     ",5.30,296.24,1.98
1771,554703653,"01771M10:11:37.975","01771 09:59:29",221.71,887.05,,,,"     ",5.30,296.27,1.98
1771,554703654,"01771M10:11:38.948","01771 09:59:30",221.72,887.01,,,,"     ",5.30,293.50,1.96
1771,554703655,"01771M10:11:39.921","01771 09:59:31",221.72,887.09,,,,"     ",5.30,293.73,1.96
1771,554703656,"01771M10:11:40.894","01771 09:59:32",221.71,887.11,,,,"     ",5.30,294.87,1.97
1771,554703657,"01771M10:11:41.868","01771 09:59:33",221.70,887.07,,,,"     ",5.30,297.15,1.98
1771,554703658,"01771M10:11:42.841","01771 09:59:34",221.69,887.12,,,,"     ",5.30,293.44,1.96
1771,554703659,"01771M10:11:43.814","01771 09:59:35",221.67,887.16,,,,"     ",5.30,295.58,1.97
1771,554703660,"01771M10:11:44.787","01771 09:59:36",221.64,887.05,,,,"     ",5.30,295.47,1.97
1771,554703661,"01771M10:11:45.761","01771 09:59:37",221.62,887.09,,,,"     ",5.30,293.88,1.96
1771,554703662,"01771M10:11:46.734","01771 09:59:38",221.57,887.06,,,,"     ",5.30,294.90,1.97
1771,554703663,"01771M10:11:47.707","01771 09:59:39",221.51,887.00,,,,"     ",5.30,293.30,1.95
1771,554703664,"01771M10:11:48.680","01771 09:59:40",221.44,887.06,,,,"     ",5.30,295.92,1.97
1771,554703665,"01771M10:11:49.654","01771 09:59:41",221.36,886.98,,,,"     ",5.30,297.24,1.98
1771,554703666,"01771M10:11:50.627","01771 09:59:42",221.29,887.00,,,,"     ",5.30,296.24,1.97
1771,554703667,"01771M10:11:51.600","01771 09:59:43",221.23,886.96,,,,"     ",5.30,293.54,1.96
1771,554703668,"01771M10:11:52.573","01771 09:59:44",221.18,887.00,,,,"     ",5.30,300.46,2.00
1771,554703669,"01771M10:11:53.547","01771 09:59:45",221.17,886.99,,,,"     ",5.30,296.15,1.97
1771,554703670,"01771M10:11:54.520","01771 09:59:46",221.18,886.93,,,,"     ",5.30,296.24,1.97
1771,554703671,"01771M10:11:55.493","01771 09:59:47",221.23,886.93,,,,"     ",5.30,294.11,1.96
1771,554703672,"01771M10:11:56.466","01771 09:59:48",221.30,886.97,,,,"     ",5.30,295.54,1.97
1771,554703673,"01771M10:11:57.440","01771 09:59:48",221.41,886.97,,,,"     ",5.30,298.76,1.99
1771,554703674,"01771M10:11:58.413","01771 09:59:49",221.54,886.96,,,,"     ",5.30,297.41,1.98
1771,554703675,"01771M10:11:59.386","01771 09:59:50",221.68,886.97,,,,"     ",5.30,296.65,1.98
1771,554703676,"01771M10:12:00.360","01771 09:59:51",221.84,886.98,,,,"     ",5.30,296.81,1.98
1771,554703677,"01771M10:12:01.333","01771 09:59:52",222.01,886.95,,,,"     ",5.30,295.04,1.96
1771,554703678,"01771M10:12:02.306","01771 09:59:53",222.20,886.92,,,,"     ",5.30,295.47,1.97
1771,554703679,"01771M10:12:03.279","01771 09:59:54",222.38,886.90,,,,"     ",5.30,295.60,1.97
1771,554703680,"01771M10:12:04.253","01771 09:59:55",222.57,886.92,,,,"     ",5.30,291.46,1.94
1771,554703681,"01771M10:12:05.226","01771 09:59:56",222.76,886.90,,,,"     ",5.30,295.91,1.97
1771,554703682,"01771M10:12:06.199","01771 09:59:57",222.94,886.91,,,,"     ",5.30,295.02,1.96
1771,554703683,"01771M10:12:07.172","01771 09:59:58",223.12,886.83,,,,"     ",5.30,296.84,1.97
1771,554703684,"01771M10:12:08.146","01771 09:59:59",223.29,886.89,,,,"     ",5.30,295.08,1.96
1771,554703685,"01771M10:12:09.119","01771 10:00:00",223.45,886.84,,,,"     ",5.30,295.62,1.97
1771,554703686,"01771M10:12:10.092","01771 10:00:01",223.61,886.90,,,,"     ",5.30,298.98,1.99
1771,554703687,"01771M10:12:11.065","01771 10:00:02",223.78,886.92,,,,"     ",5.30,295.40,1.96
1771,554703688,"01771M10:12:12.039","01771 10:00:03",223.94,886.84,,,,"     ",5.30,295.47,1.96
1771,554703689,"01771M10:12:13.012","01771 10:00:04",224.11,886.80,,,,"     ",5.30,294.69,1.96
1771,554703690,"01771M10:12:13.985","01771 10:00:05",224.28,886.88,,,,"     ",5.30,294.14,1.95
1771,554703691,"01771M10:12:14.958","01771 10:00:06",224.44,886.93,,,,"     ",5.30,296.46,1.97
1771,554703692,"01771M10:12:15.932","01771 10:00:07",224.58,886.88,,,,"     ",5.30,295.75,1.96
1771,554703693,"01771M10:12:16.905","01771 10:00:08",224.70,886.87,,,,"     ",5.30,294.96,1.96
1771,554703694,"01771M10:12:17.878","01771 10:00:09",224.80,886.89,,,,"     ",5.30,297.97,1.98
1771,554703695,"01771M10:12:18.851","01771 10:00:10",224.87,886.90,,,,"     ",5.30,296.96,1.97
1771,554703696,"01771M10:12:19.825","01771 10:00:11",224.91,886.86,,,,"     ",5.30,298.06,1.98
1771,554703697,"01771M10:12:20.798","01771 10:00:12",224.93,886.86,,,,"     ",5.30,293.06,1.94
1771,554703698,"01771M10:12:21.771","01771 10:00:13",224.94,886.91,,,,"     ",5.30,296.12,1.96
1771,554703699,"01771M10:12:22.744","01771 10:00:14",224.95,886.83,,,,"     ",5.30,294.89,1.95
1771,554703700,"01771M10:12:23.718","01771 10:00:15",224.94,886.80,,,,"     ",5.30,300.02,1.99
1771,554703701,"01771M10:12:24.691","01771 10:00:16",224.94,886.80,,,,"     ",5.30,296.55,1.96
1771,554703702,"01771M10:12:25.664","01771 10:00:17",224.95,886.82,,,,"     ",5.30,295.32,1.96
1771,554703703,"01771M10:12:26.637","01771 10:00:18",224.95,886.84,,,,"     ",5.30,297.11,1.97
1771,554703704,"01771M10:12:27.611","01771 10:00:19",224.97,886.88,,,,"     ",5.30,294.48,1.95
1771,554703705,"01771M10:12:28.584","01771 10:00:20",225.00,886.95,,,,"     ",5.30,296.54,1.96
1771,554703706,"01771M10:12:29.557","01771 10:00:21",225.05,886.85,,,,"     ",5.30,297.60,1.97
1771,554703707,"01771M10:12:30.530","01771 10:00:22",225.11,886.87,,,,"     ",5.30,294.54,1.95
1771,554703708,"01771M10:12:31.504","01771 10:00:23",225.20,886.84,,,,"     ",5.30,296.60,1.96
1771,554703709,"01771M10:12:32.477","01771 10:00:24",225.29,886.81,,,,"     ",5.30,296.32,1.96
1771,554703710,"01771M10:12:33.450","01771 10:00:25",225.39,886.83,,,,"     ",5.30,296.42,1.96
1771,554703711,"01771M10:12:34.423","01771 10:00:25",225.49,886.84,,,,"     ",5.30,294.93,1.95
1771,554703712,"01771M10:12:35.397","01771 10:00:26",225.59,886.87,,,,"     ",5.30,295.67,1.95
1771,554703713,"01771M10:12:36.370","01771 10:00:27",225.68,886.89,,,,"     ",5.30,296.24,1.96
1771,554703714,"01771M10:12:37.343","01771 10:00:28",225.77,886.85,,,,"     ",5.30,296.44,1.96
1771,554703715,"01771M10:12:38.316","01771 10:00:29",225.86,886.78,,,,"     ",5.30,298.37,1.97
1771,554703716,"01771M10:12:39.290","01771 10:00:30",225.94,886.81,,,,"     ",5.30,296.11,1.96
1771,554703717,"01771M10:12:40.263","01771 10:00:31",226.03,886.87,,,,"     ",5.30,295.56,1.95
1771,554703718,"01771M10:12:41.236","01771 10:00:32",226.12,886.86,,,,"     ",5.30,295.55,1.95
1771,554703719,"01771M10:12:42.209","01771 10:00:33",226.21,886.70,,,,"     ",5.30,297.43,1.96
1771,554703720,"01771M10:12:43.183","01771 10:00:34",226.31,886.72,,,,"     ",5.30,296.16,1.95
1771,554703721,"01771M10:12:44.156","01771 10:00:35",226.40,886.68,,,,"     ",5.30,297.88,1.97
1771,554703722,"01771M10:12:45.129","01771 10:00:36",226.50,886.69,,,,"     ",5.30,296.67,1.96
1771,554703723,"01771M10:12:46.102","01771 10:00:37",226.59,886.71,,,,"     ",5.30,297.58,1.96
1771,554703724,"01771M10:12:47.076","01771 10:00:38",226.69,886.67,,,,"     ",5.30,293.99,1.94
1771,554703725,"01771M10:12:48.049","01771 10:00:39",226.79,886.70,,,,"     ",5.30,296.28,1.95
1771,554703726,"01771M10:12:49.022","01771 10:00:40",226.88,886.80,,,,"     ",5.30,292.77,1.93
1771,554703727,"01771M10:12:49.995","01771 10:00:41",226.97,886.69,,,,"     ",5.30,292.96,1.93
1771,554703728,"01771M10:12:50.969","01771 10:00:42",227.04,886.77,,,,"     ",5.30,294.25,1.94
1771,554703729,"01771M10:12:51.942","01771 10:00:43",227.10,886.74,,,,"     ",5.30,295.02,1.94
1771,554703730,"01771M10:12:52.915","01771 10:00:44",227.13,886.69,,,,"     ",5.30,294.85,1.94
1771,554703731,"01771M10:12:53.888","01771 10:00:45",227.14,886.75,,,,"     ",5.30,294.30,1.94
1771,554703732,"01771M10:12:54.862","01771 10:00:46",227.13,886.61,,,,"     ",5.30,295.20,1.94
1771,554703733,"01771M10:12:55.835","01771 10:00:47",227.09,886.66,,,,"     ",5.30,297.17,1.96
1771,554703734,"01771M10:12:56.808","01771 10:00:48",227.04,886.74,,,,"     ",5.30,298.17,1.96
1771,554703735,"01771M10:12:57.781","01771 10:00:49",226.96,886.69,,,,"     ",5.30,296.12,1.95
1771,554703736,"01771M10:12:58.755","01771 10:00:50",226.87,886.65,,,,"     ",5.30,297.26,1.96
1771,554703737,"01771M10:12:59.728","01771 10:00:51",226.76,886.62,,,,"     ",5.30,296.85,1.95
1771,554703738,"01771M10:13:00.701","01771 10:00:52",226.65,886.66,,,,"     ",5.30,296.74,1.95
1771,554703739,"01771M10:13:01.674","01771 10:00:53",226.53,886.67,,,,"     ",5.30,296.66,1.95
1771,554703740,"01771M10:13:02.648","01771 10:00:54",226.41,886.63,,,,"     ",5.30,298.68,1.96
1771,554703741,"01771M10:13:03.621","01771 10:00:55",226.29,886.65,,,,"     ",5.30,295.24,1.94
1771,554703742,"01771M10:13:04.594","01771 10:00:56",226.18,886.67,,,,"     ",5.30,299.11,1.97
1771,554703743,"01771M10:13:05.567","01771 10:00:57",226.08,886.62,,,,"     ",5.30,296.35,1.95
1771,554703744,"01771M10:13:06.541","01771 10:00:58",225.98,886.57,,,,"     ",5.30,297.36,1.95
1771,554703745,"01771M10:13:07.514","01771 10:00:59",225.90,886.62,,,,"     ",5.30,296.30,1.95
1771,554703746,"01771M10:13:08.487","01771 10:01:00",225.83,886.63,,,,"     ",5.30,295.78,1.94
1771,554703747,"01771M10:13:09.461","01771 10:01:01",225.76,886.62,,,,"     ",5.30,297.53,1.96
1771,554703748,"01771M10:13:10.434","01771 10:01:01",225.71,886.61,,,,"     ",5.30,295.22,1.94
1771,554703749,"01771M10:13:11.407","01771 10:01:02",225.66,886.59,,,,"     ",5.30,295.81,1.94
1771,554703750,"01771M10:13:12.380","01771 10:01:03",225.61,886.59,,,,"     ",5.30,298.74,1.96
1771,554703751,"01771M10:13:13.354","01771 10:01:04",225.57,886.59,,,,"     ",5.30,295.68,1.94
1771,554703752,"01771M10:13:14.327","01771 10:01:05",225.53,886.58,,,,"     ",5.30,294.74,1.94
1771,554703753,"01771M10:13:15.300","01771 10:01:06",225.49,886.59,,,,"     ",5.30,299.01,1.97
1771,554703754,"01771M10:13:16.273","01771 10:01:07",225.45,886.60,,,,"     ",5.30,295.73,1.94
1771,554703755,"01771M10:13:17.247","01771 10:01:08",225.41,886.55,,,,"     ",5.30,295.16,1.94
1771,554703756,"01771M10:13:18.220","01771 10:01:09",225.37,886.58,,,,"     ",5.30,296.47,1.95
1771,554703757,"01771M10:13:19.193","01771 10:01:10",225.35,886.53,,,,"     ",5.30,297.47,1.96
1771,554703758,"01771M10:13:20.166","01771 10:01:11",225.33,886.48,,,,"     ",5.30,294.90,1.94
1771,554703759,"01771M10:13:21.140","01771 10:01:12",225.33,886.58,,,,"     ",5.30,296.05,1.95
1771,554703760,"01771M10:13:22.113","01771 10:01:13",225.29,886.51,,,,"     ",5.30,294.95,1.94
1771,554703761,"01771M10:13:23.086","01771 10:01:14",225.19,886.48,,,,"     ",5.30,296.17,1.95
1771,554703762,"01771M10:13:24.059","01771 10:01:15",225.12,886.44,,,,"     ",5.30,295.34,1.95
1771,554703763,"01771M10:13:25.033","01771 10:01:16",225.07,886.45,,,,"     ",5.30,295.11,1.94
1771,554703764,"01771M10:13:26.006","01771 10:01:17",225.02,886.48,,,,"     ",5.30,292.82,1.93
1771,554703765,"01771M10:13:26.979","01771 10:01:18",224.98,886.47,,,,"     ",5.30,294.13,1.94
1771,554703766,"01771M10:13:27.952","01771 10:01:19",224.95,886.60,,,,"     ",5.30,294.16,1.94
1771,554703767,"01771M10:13:28.926","01771 10:01:20",224.92,886.51,,,,"     ",5.30,294.57,1.94
1771,554703768,"01771M10:13:29.899","01771 10:01:21",224.90,886.53,,,,"     ",5.30,293.81,1.94
1771,554703769,"01771M10:13:30.872","01771 10:01:22",224.89,886.49,,,,"     ",5.30,294.70,1.95
1771,554703770,"01771M10:13:31.845","01771 10:01:23",224.87,886.56,,,,"     ",5.30,294.13,1.94
1771,554703771,"01771M10:13:32.819","01771 10:01:24",224.86,886.57,,,,"     ",5.30,294.94,1.95
1771,554703772,"01771M10:13:33.792","01771 10:01:25",224.84,886.54,,,,"     ",5.30,292.80,1.94
1771,554703773,"01771M10:13:34.765","01771 10:01:26",224.81,886.59,,,,"     ",5.30,295.15,1.95
1771,554703774,"01771M10:13:35.738","01771 10:01:27",224.78,886.47,,,,"     ",5.30,292.08,1.93
1771,554703775,"01771M10:13:36.712","01771 10:01:28",224.74,886.43,,,,"     ",5.30,294.00,1.95
1771,554703776,"01771M10:13:37.685","01771 10:01:29",224.68,886.46,,,,"     ",5.30,292.98,1.94
1771,554703777,"01771M10:13:38.658","01771 10:01:30",224.61,886.53,,,,"     ",5.30,292.21,1.94
1771,554703778,"01771M10:13:39.631","01771 10:01:31",224.53,886.43,,,,"     ",5.30,295.34,1.96
1771,554703779,"01771M10:13:40.605","01771 10:01:32",224.44,886.47,,,,"     ",5.30,292.48,1.94
1771,554703780,"01771M10:13:41.578","01771 10:01:33",224.35,886.41,,,,"     ",5.30,292.84,1.94
1771,554703781,"01771M10:13:42.551","01771 10:01:34",224.25,886.40,,,,"     ",5.30,294.43,1.95
1771,554703782,"01771M10:13:43.524","01771 10:01:35",224.17,886.38,,,,"     ",5.30,296.35,1.97
1771,554703783,"01771M10:13:44.498","01771 10:01:36",224.10,886.34,,,,"     ",5.30,296.80,1.97
1771,554703784,"01771M10:13:45.471","01771 10:01:37",224.06,886.31,,,,"     ",5.30,291.66,1.94
1771,554703785,"01771M10:13:46.444","01771 10:01:38",224.05,886.30,,,,"     ",5.30,295.12,1.96
1771,554703786,"01771M10:13:47.417","01771 10:01:38",224.07,886.40,,,,"     ",5.30,293.25,1.95
1771,554703787,"01771M10:13:48.391","01771 10:01:39",224.12,886.37,,,,"     ",5.30,293.78,1.95
1771,554703788,"01771M10:13:49.364","01771 10:01:40",224.20,886.38,,,,"     ",5.30,295.85,1.97
1771,554703789,"01771M10:13:50.337","01771 10:01:41",224.31,886.39,,,,"     ",5.30,292.05,1.94
1771,554703790,"01771M10:13:51.310","01771 10:01:42",224.44,886.42,,,,"     ",5.30,294.50,1.96
1771,554703791,"01771M10:13:52.284","01771 10:01:43",224.59,886.38,,,,"     ",5.30,294.55,1.96
1771,554703792,"01771M10:13:53.257","01771 10:01:44",224.76,886.35,,,,"     ",5.30,293.98,1.96
1771,554703793,"01771M10:13:54.230","01771 10:01:45",224.93,886.29,,,,"     ",5.30,295.10,1.96
1771,554703794,"01771M10:13:55.203","01771 10:01:46",225.10,886.29,,,,"     ",5.30,294.74,1.96
1771,554703795,"01771M10:13:56.177","01771 10:01:47",225.26,886.36,,,,"     ",5.30,293.67,1.96
1771,554703796,"01771M10:13:57.150","01771 10:01:48",225.42,886.26,,,,"     ",5.30,296.46,1.97
1771,554703797,"01771M10:13:58.123","01771 10:01:49",225.58,886.32,,,,"     ",5.30,292.05,1.95
1771,554703798,"01771M10:13:59.096","01771 10:01:50",225.72,886.28,,,,"     ",5.30,295.52,1.97
1771,554703799,"01771M10:14:00.070","01771 10:01:51",225.85,886.31,,,,"     ",5.30,295.06,1.97
1771,554703800,"01771M10:14:01.043","01771 10:01:52",225.97,886.33,,,,"     ",5.30,292.69,1.95
1771,554703801,"01771M10:14:02.016","01771 10:01:53",226.06,886.26,,,,"     ",5.30,293.48,1.96
1771,554703802,"01771M10:14:02.989","01771 10:01:54",226.10,886.23,,,,"     ",5.30,295.25,1.97
1771,554703803,"01771M10:14:03.963","01771 10:01:55",226.11,886.27,,,,"     ",5.30,294.62,1.96
1771,554703804,"01771M10:14:04.936","01771 10:01:56",226.10,886.28,,,,"     ",5.30,294.47,1.96
1771,554703805,"01771M10:14:05.909","01771 10:01:57",226.06,886.23,,,,"     ",5.30,291.48,1.94
1771,554703806,"01771M10:14:06.882","01771 10:01:58",225.99,886.26,,,,"     ",5.30,295.24,1.97
1771,554703807,"01771M10:14:07.856","01771 10:01:59",225.92,886.26,,,,"     ",5.30,296.26,1.97
1771,554703808,"01771M10:14:08.829","01771 10:02:00",225.85,886.33,,,,"     ",5.30,295.28,1.97
1771,554703809,"01771M10:14:09.802","01771 10:02:01",225.81,886.34,,,,"     ",5.30,294.49,1.96
1771,554703810,"01771M10:14:10.775","01771 10:02:02",225.79,886.27,,,,"     ",5.30,295.82,1.97
1771,554703811,"01771M10:14:11.749","01771 10:02:03",225.80,886.27,,,,"     ",5.30,294.63,1.96
1771,554703812,"01771M10:14:12.722","01771 10:02:04",225.81,886.30,,,,"     ",5.30,299.79,2.00
1771,554703813,"01771M10:14:13.695","01771 10:02:05",225.84,886.25,,,,"     ",5.30,296.76,1.98
1771,554703814,"01771M10:14:14.668","01771 10:02:06",225.89,886.30,,,,"     ",5.30,296.30,1.97
1771,554703815,"01771M10:14:15.642","01771 10:02:07",225.96,886.34,,,,"     ",5.30,297.04,1.98
1771,554703816,"01771M10:14:16.615","01771 10:02:08",226.05,886.37,,,,"     ",5.30,295.80,1.97
1771,554703817,"01771M10:14:17.588","01771 10:02:09",226.14,886.25,,,,"     ",5.30,294.03,1.96
1771,554703818,"01771M10:14:18.562","01771 10:02:10",226.21,886.28,,,,"     ",5.30,295.21,1.96
1771,554703819,"01771M10:14:19.535","01771 10:02:11",226.24,886.24,,,,"     ",5.30,295.76,1.97
1771,554703820,"01771M10:14:20.508","01771 10:02:12",226.24,886.30,,,,"     ",5.30,293.84,1.95
1771,554703821,"01771M10:14:21.481","01771 10:02:13",226.21,886.26,,,,"     ",5.30,295.05,1.96
1771,554703822,"01771M10:14:22.455","01771 10:02:14",226.17,886.24,,,,"     ",5.30,293.88,1.95
1771,554703823,"01771M10:14:23.428","01771 10:02:15",226.13,886.26,,,,"     ",5.30,293.36,1.95
1771,554703824,"01771M10:14:24.401","01771 10:02:15",226.08,886.24,,,,"     ",5.30,294.94,1.96
1771,554703825,"01771M10:14:25.374","01771 10:02:16",226.05,886.18,,,,"     ",5.30,296.42,1.97
1771,554703826,"01771M10:14:26.348","01771 10:02:17",226.03,886.17,,,,"     ",5.30,295.36,1.96
1771,554703827,"01771M10:14:27.321","01771 10:02:18",226.03,886.23,,,,"     ",5.30,295.14,1.96
1771,554703828,"01771M10:14:28.294","01771 10:02:19",226.05,886.19,,,,"     ",5.30,296.68,1.97
1771,554703829,"01771M10:14:29.267","01771 10:02:20",226.07,886.18,,,,"     ",5.30,293.99,1.95
1771,554703830,"01771M10:14:30.241","01771 10:02:21",226.10,886.22,,,,"     ",5.30,294.90,1.96
1771,554703831,"01771M10:14:31.214","01771 10:02:22",226.12,886.21,,,,"     ",5.30,296.34,1.97
1771,554703832,"01771M10:14:32.187","01771 10:02:23",226.14,886.15,,,,"     ",5.30,296.19,1.97
1771,554703833,"01771M10:14:33.160","01771 10:02:24",226.16,886.16,,,,"     ",5.30,295.40,1.96
1771,554703834,"01771M10:14:34.134","01771 10:02:25",226.17,886.22,,,,"     ",5.30,296.57,1.97
1771,554703835,"01771M10:14:35.107","01771 10:02:26",226.19,886.12,,,,"     ",5.30,296.22,1.96
1771,554703836,"01771M10:14:36.080","01771 10:02:27",226.20,886.15,,,,"     ",5.30,296.93,1.97
1771,554703837,"01771M10:14:37.053","01771 10:02:28",226.20,886.22,,,,"     ",5.30,296.74,1.97
1771,554703838,"01771M10:14:38.027","01771 10:02:29",226.19,886.15,,,,"     ",5.30,294.70,1.95
1771,554703839,"01771M10:14:39.000","01771 10:02:30",226.16,886.09,,,,"     ",5.30,295.46,1.96
1771,554703840,"01771M10:14:39.973","01771 10:02:31",226.13,886.09,,,,"     ",5.30,295.73,1.96
1771,554703841,"01771M10:14:40.946","01771 10:02:32",226.07,886.05,,,,"     ",5.30,297.56,1.97
1771,554703842,"01771M10:14:41.920","01771 10:02:33",226.00,886.03,,,,"     ",5.30,295.35,1.95
1771,554703843,"01771M10:14:42.893","01771 10:02:34",225.92,886.08,,,,"     ",5.30,296.54,1.96
1771,554703844,"01771M10:14:43.866","01771 10:02:35",225.85,886.02,,,,"     ",5.30,294.39,1.95
1771,554703845,"01771M10:14:44.839","01771 10:02:36",225.79,886.03,,,,"     ",5.30,294.24,1.94
1771,554703846,"01771M10:14:45.813","01771 10:02:37",225.74,886.05,,,,"     ",5.30,294.67,1.95
1771,554703847,"01771M10:14:46.786","01771 10:02:38",225.71,886.13,,,,"     ",5.30,297.48,1.97
1771,554703848,"01771M10:14:47.759","01771 10:02:39",225.68,886.08,,,,"     ",5.30,294.51,1.95
1771,554703849,"01771M10:14:48.732","01771 10:02:40",225.67,886.15,,,,"     ",5.30,296.22,1.96
1771,554703850,"01771M10:14:49.706","01771 10:02:41",225.66,886.10,,,,"     ",5.30,298.28,1.97
1771,554703851,"01771M10:14:50.679","01771 10:02:42",225.66,886.18,,,,"     ",5.30,294.95,1.95
1771,554703852,"01771M10:14:51.652","01771 10:02:43",225.67,886.15,,,,"     ",5.30,295.26,1.95
1771,554703853,"01771M10:14:52.625","01771 10:02:44",225.68,886.11,,,,"     ",5.30,295.78,1.95
1771,554703854,"01771M10:14:53.599","01771 10:02:45",225.69,886.10,,,,"     ",5.30,298.45,1.97
1771,554703855,"01771M10:14:54.572","01771 10:02:46",225.70,886.02,,,,"     ",5.30,297.50,1.96
1771,554703856,"01771M10:14:55.545","01771 10:02:47",225.70,886.01,,,,"     ",5.30,295.23,1.95
1771,554703857,"01771M10:14:56.518","01771 10:02:48",225.69,886.09,,,,"     ",5.30,297.37,1.96
1771,554703858,"01771M10:14:57.492","01771 10:02:49",225.66,886.00,,,,"     ",5.30,296.12,1.95
1771,554703859,"01771M10:14:58.465","01771 10:02:50",225.64,886.04,,,,"     ",5.30,299.10,1.97
1771,554703860,"01771M10:14:59.438","01771 10:02:51",225.60,886.01,,,,"     ",5.30,297.92,1.96
1771,554703861,"01771M10:15:00.411","01771 10:02:52",225.57,886.08,,,,"     ",5.30,296.34,1.95
1771,554703862,"01771M10:15:01.385","01771 10:02:52",225.54,886.03,,,,"     ",5.30,294.61,1.94
1771,554703863,"01771M10:15:02.358","01771 10:02:53",225.52,886.04,,,,"     ",5.30,296.34,1.95
1771,554703864,"01771M10:15:03.331","01771 10:02:54",225.52,886.04,,,,"     ",5.30,300.03,1.98
1771,554703865,"01771M10:15:04.304","01771 10:02:55",225.54,886.02,,,,"     ",5.30,298.16,1.96
1771,554703866,"01771M10:15:05.278","01771 10:02:56",225.57,885.95,,,,"     ",5.30,296.31,1.95
1771,554703867,"01771M10:15:06.251","01771 10:02:57",225.62,885.93,,,,"     ",5.30,296.85,1.95
1771,554703868,"01771M10:15:07.224","01771 10:02:58",225.67,885.93,,,,"     ",5.30,298.03,1.96
1771,554703869,"01771M10:15:08.197","01771 10:02:59",225.73,885.91,,,,"     ",5.30,297.06,1.95
1771,554703870,"01771M10:15:09.171","01771 10:03:00",225.79,885.91,,,,"     ",5.30,294.79,1.94
1771,554703871,"01771M10:15:10.144","01771 10:03:01",225.84,885.97,,,,"     ",5.30,296.18,1.95
1771,554703872,"01771M10:15:11.117","01771 10:03:02",225.89,885.90,,,,"     ",5.30,300.48,1.98
1771,554703873,"01771M10:15:12.090","01771 10:03:03",225.94,886.00,,,,"     ",5.30,300.35,1.97
1771,554703874,"01771M10:15:13.064","01771 10:03:04",225.98,885.95,,,,"     ",5.30,296.18,1.95
1771,554703875,"01771M10:15:14.037","01771 10:03:05",226.01,885.96,,,,"     ",5.30,296.21,1.94
1771,554703876,"01771M10:15:15.010","01771 10:03:06",226.01,885.91,,,,"     ",5.30,296.26,1.95
1771,554703877,"01771M10:15:15.983","01771 10:03:07",225.99,885.93,,,,"     ",5.30,293.12,1.92
1771,554703878,"01771M10:15:16.957","01771 10:03:08",225.95,885.89,,,,"     ",5.30,298.59,1.96
1771,554703879,"01771M10:15:17.930","01771 10:03:09",225.89,885.89,,,,"     ",5.30,298.28,1.96
1771,554703880,"01771M10:15:18.903","01771 10:03:10",225.82,885.86,,,,"     ",5.30,299.30,1.96
1771,554703881,"01771M10:15:19.876","01771 10:03:11",225.75,885.75,,,,"     ",5.30,301.20,1.98
1771,554703882,"01771M10:15:20.850","01771 10:03:12",225.68,885.90,,,,"     ",5.30,297.81,1.95
1771,554703883,"01771M10:15:21.823","01771 10:03:13",225.61,885.85,,,,"     ",5.30,299.37,1.96
1771,554703884,"01771M10:15:22.796","01771 10:03:14",225.55,885.83,,,,"     ",5.30,299.83,1.97
1771,554703885,"01771M10:15:23.769","01771 10:03:15",225.50,885.85,,,,"     ",5.30,300.03,1.97
1771,554703886,"01771M10:15:24.743","01771 10:03:16",225.45,885.80,,,,"     ",5.30,295.60,1.94
1771,554703887,"01771M10:15:25.716","01771 10:03:17",225.40,885.88,,,,"     ",5.30,295.57,1.94
1771,554703888,"01771M10:15:26.689","01771 10:03:18",225.37,885.79,,,,"     ",5.30,297.71,1.95
1771,554703889,"01771M10:15:27.662","01771 10:03:19",225.35,885.82,,,,"     ",5.30,295.82,1.94
1771,554703890,"01771M10:15:28.636","01771 10:03:20",225.33,885.87,,,,"     ",5.30,297.31,1.95
1771,554703891,"01771M10:15:29.609","01771 10:03:21",225.33,885.78,,,,"     ",5.30,296.38,1.94
1771,554703892,"01771M10:15:30.582","01771 10:03:22",225.32,885.83,,,,"     ",5.30,298.21,1.95
1771,554703893,"01771M10:15:31.556","01771 10:03:23",225.31,885.89,,,,"     ",5.30,294.10,1.93
1771,554703894,"01771M10:15:32.529","01771 10:03:24",225.29,885.86,,,,"     ",5.30,298.61,1.96
1771,554703895,"01771M10:15:33.502","01771 10:03:25",225.26,885.75,,,,"     ",5.30,294.15,1.93
1771,554703896,"01771M10:15:34.475","01771 10:03:26",225.22,885.86,,,,"     ",5.30,296.97,1.95
1771,554703897,"01771M10:15:35.449","01771 10:03:27",225.17,885.79,,,,"     ",5.30,297.38,1.95
1771,554703898,"01771M10:15:36.422","01771 10:03:28",225.12,885.78,,,,"     ",5.30,297.43,1.95
1771,554703899,"01771M10:15:37.395","01771 10:03:28",225.07,885.76,,,,"     ",5.30,295.95,1.94
1771,554703900,"01771M10:15:38.368","01771 10:03:29",225.02,885.72,,,,"     ",5.30,296.03,1.94
1771,554703901,"01771M10:15:39.342","01771 10:03:30",224.96,885.71,,,,"     ",5.30,296.28,1.94
1771,554703902,"01771M10:15:40.315","01771 10:03:31",224.88,885.74,,,,"     ",5.30,297.42,1.95
1771,554703903,"01771M10:15:41.288","01771 10:03:32",224.80,885.71,,,,"     ",5.30,296.82,1.95
1771,554703904,"01771M10:15:42.261","01771 10:03:33",224.70,885.72,,,,"     ",5.30,295.45,1.94
1771,554703905,"01771M10:15:43.235","01771 10:03:34",224.61,885.71,,,,"     ",5.30,297.04,1.95
1771,554703906,"01771M10:15:44.208","01771 10:03:35",224.51,885.69,,,,"     ",5.30,297.31,1.95
1771,554703907,"01771M10:15:45.181","01771 10:03:36",224.38,885.78,,,,"     ",5.30,294.77,1.93
1771,554703908,"01771M10:15:46.154","01771 10:03:37",224.20,885.71,,,,"     ",5.30,295.51,1.94
1771,554703909,"01771M10:15:47.128","01771 10:03:38",224.01,885.71,,,,"     ",5.30,294.83,1.94
1771,554703910,"01771M10:15:48.101","01771 10:03:39",223.84,885.66,,,,"     ",5.30,298.20,1.96
1771,554703911,"01771M10:15:49.074","01771 10:03:40",223.70,885.69,,,,"     ",5.30,295.70,1.94
1771,554703912,"01771M10:15:50.047","01771 10:03:41",223.59,885.68,,,,"     ",5.30,294.31,1.93
1771,554703913,"01771M10:15:51.021","01771 10:03:42",223.51,885.76,,,,"     ",5.30,295.02,1.94
1771,554703914,"01771M10:15:51.994","01771 10:03:43",223.45,885.65,,,,"     ",5.30,295.87,1.95
1771,554703915,"01771M10:15:52.967","01771 10:03:44",223.41,885.65,,,,"     ",5.30,297.05,1.95
1771,554703916,"01771M10:15:53.940","01771 10:03:45",223.41,885.70,,,,"     ",5.30,296.95,1.95
1771,554703917,"01771M10:15:54.914","01771 10:03:46",223.41,885.72,,,,"     ",5.30,297.29,1.96
1771,554703918,"01771M10:15:55.887","01771 10:03:47",223.43,885.69,,,,"     ",5.30,295.53,1.95
1771,554703919,"01771M10:15:56.860","01771 10:03:48",223.45,885.71,,,,"     ",5.30,298.39,1.97
1771,554703920,"01771M10:15:57.833","01771 10:03:49",223.46,885.59,,,,"     ",5.30,295.75,1.95
1771,554703921,"01771M10:15:58.807","01771 10:03:50",223.43,885.63,,,,"     ",5.30,296.61,1.96
1771,554703922,"01771M10:15:59.780","01771 10:03:51",223.39,885.67,,,,"     ",5.30,293.84,1.94
1771,554703923,"01771M10:16:00.753","01771 10:03:52",223.32,885.62,,,,"     ",5.30,293.12,1.93
1771,554703924,"01771M10:16:01.726","01771 10:03:53",223.21,885.66,,,,"     ",5.30,296.13,1.95
1771,554703925,"01771M10:16:02.700","01771 10:03:54",223.09,885.62,,,,"     ",5.30,293.76,1.94
1771,554703926,"01771M10:16:03.673","01771 10:03:55",222.96,885.56,,,,"     ",5.30,294.26,1.94
1771,554703927,"01771M10:16:04.646","01771 10:03:56",222.85,885.62,,,,"     ",5.30,293.80,1.94
1771,554703928,"01771M10:16:05.619","01771 10:03:57",222.78,885.64,,,,"     ",5.30,295.11,1.95
1771,554703929,"01771M10:16:06.593","01771 10:03:58",222.76,885.67,,,,"     ",5.30,295.07,1.95
1771,554703930,"01771M10:16:07.566","01771 10:03:59",222.76,885.68,,,,"     ",5.30,294.09,1.94
1771,554703931,"01771M10:16:08.539","01771 10:04:00",222.77,885.63,,,,"     ",5.30,295.79,1.96
1771,554703932,"01771M10:16:09.512","01771 10:04:01",222.79,885.57,,,,"     ",5.30,293.94,1.95
1771,554703933,"01771M10:16:10.486","01771 10:04:02",222.80,885.65,,,,"     ",5.30,294.12,1.95
1771,554703934,"01771M10:16:11.459","01771 10:04:03",222.82,885.62,,,,"     ",5.30,295.75,1.96
1771,554703935,"01771M10:16:12.432","01771 10:04:04",222.84,885.57,,,,"     ",5.30,292.53,1.94
1771,554703936,"01771M10:16:13.405","01771 10:04:05",222.86,885.63,,,,"     ",5.30,294.26,1.95
1771,554703937,"01771M10:16:14.379","01771 10:04:05",222.89,885.64,,,,"     ",5.30,295.42,1.96
1771,554703938,"01771M10:16:15.352","01771 10:04:06",222.92,885.63,,,,"     ",5.30,293.16,1.94
1771,554703939,"01771M10:16:16.325","01771 10:04:07",222.96,885.58,,,,"     ",5.30,293.62,1.95
1771,554703940,"01771M10:16:17.298","01771 10:04:08",223.01,885.53,,,,"     ",5.30,294.73,1.96
1771,554703941,"01771M10:16:18.272","01771 10:04:09",223.09,885.62,,,,"     ",5.30,298.29,1.98
1771,554703942,"01771M10:16:19.245","01771 10:04:10",223.16,885.58,,,,"     ",5.30,291.75,1.94
1771,554703943,"01771M10:16:20.218","01771 10:04:11",223.21,885.63,,,,"     ",5.30,294.79,1.96
1771,554703944,"01771M10:16:21.191","01771 10:04:12",223.25,885.62,,,,"     ",5.30,292.05,1.94
1771,554703945,"01771M10:16:22.165","01771 10:04:13",223.24,885.56,,,,"     ",5.30,298.30,1.98
1771,554703946,"01771M10:16:23.138","01771 10:04:14",223.22,885.56,,,,"     ",5.30,293.06,1.95
1771,554703947,"01771M10:16:24.111","01771 10:04:15",223.20,885.53,,,,"     ",5.30,294.74,1.96
1771,554703948,"01771M10:16:25.084","01771 10:04:16",223.18,885.49,,,,"     ",5.30,293.96,1.95
1771,554703949,"01771M10:16:26.058","01771 10:04:17",223.16,885.43,,,,"     ",5.30,293.84,1.95
1771,554703950,"01771M10:16:27.031","01771 10:04:18",223.15,885.50,,,,"     ",5.30,293.51,1.95
1771,554703951,"01771M10:16:28.004","01771 10:04:19",223.13,885.47,,,,"     ",5.30,294.89,1.96
1771,554703952,"01771M10:16:28.977","01771 10:04:20",223.12,885.47,,,,"     ",5.30,293.13,1.95
1771,554703953,"01771M10:16:29.951","01771 10:04:21",223.10,885.53,,,,"     ",5.30,292.68,1.95
1771,554703954,"01771M10:16:30.924","01771 10:04:22",223.09,885.53,,,,"     ",5.30,292.72,1.95
1771,554703955,"01771M10:16:31.897","01771 10:04:23",222.98,885.55,,,,"     ",5.30,294.66,1.96
1771,554703956,"01771M10:16:32.870","01771 10:04:24",222.93,885.54,,,,"     ",5.30,296.17,1.97
1771,554703957,"01771M10:16:33.844","01771 10:04:25",222.88,885.56,,,,"     ",5.30,293.78,1.95
1771,554703958,"01771M10:16:34.817","01771 10:04:26",222.83,885.49,,,,"     ",5.30,295.80,1.97
1771,554703959,"01771M10:16:35.790","01771 10:04:27",222.81,885.46,,,,"     ",5.30,294.21,1.96
1771,554703960,"01771M10:16:36.763","01771 10:04:28",222.78,885.49,,,,"     ",5.30,295.25,1.96
1771,554703961,"01771M10:16:37.737","01771 10:04:29",222.76,885.50,,,,"     ",5.30,293.63,1.95
1771,554703962,"01771M10:16:38.710","01771 10:04:30",222.75,885.48,,,,"     ",5.30,292.91,1.95
1771,554703963,"01771M10:16:39.683","01771 10:04:31",222.75,885.54,,,,"     ",5.30,291.87,1.94
1771,554703964,"01771M10:16:40.657","01771 10:04:32",222.75,885.47,,,,"     ",5.30,291.20,1.94
1771,554703965,"01771M10:16:41.630","01771 10:04:33",222.76,885.50,,,,"     ",5.30,290.90,1.93
1771,554703966,"01771M10:16:42.603","01771 10:04:34",222.78,885.50,,,,"     ",5.30,294.10,1.96
1771,554703967,"01771M10:16:43.576","01771 10:04:35",222.80,885.49,,,,"     ",5.30,291.43,1.94
1771,554703968,"01771M10:16:44.550","01771 10:04:36",222.83,885.39,,,,"     ",5.30,294.52,1.96
1771,554703969,"01771M10:16:45.523","01771 10:04:37",222.86,885.39,,,,"     ",5.30,291.59,1.94
1771,554703970,"01771M10:16:46.496","01771 10:04:38",222.90,885.47,,,,"     ",5.30,289.72,1.93
1771,554703971,"01771M10:16:47.469","01771 10:04:39",222.94,885.42,,,,"     ",5.30,292.36,1.95
1771,554703972,"01771M10:16:48.443","01771 10:04:40",222.98,885.46,,,,"     ",5.30,292.81,1.95
1771,554703973,"01771M10:16:49.416","01771 10:04:41",223.03,885.46,,,,"     ",5.30,296.28,1.97
1771,554703974,"01771M10:16:50.389","01771 10:04:42",222.98,885.40,,,,"     ",5.30,293.26,1.95
1771,554703975,"01771M10:16:51.362","01771 10:04:42",222.93,885.33,,,,"     ",5.30,296.16,1.97
1771,554703976,"01771M10:16:52.336","01771 10:04:43",222.87,885.32,,,,"     ",5.30,292.02,1.95
1771,554703977,"01771M10:16:53.309","01771 10:04:44",222.81,885.32,,,,"     ",5.30,291.61,1.94
1771,554703978,"01771M10:16:54.282","01771 10:04:45",222.75,885.35,,,,"     ",5.30,294.06,1.96
1771,554703979,"01771M10:16:55.255","01771 10:04:46",222.71,885.34,,,,"     ",5.30,295.40,1.97
1771,554703980,"01771M10:16:56.229","01771 10:04:47",222.69,885.39,,,,"     ",5.30,293.70,1.96
1771,554703981,"01771M10:16:57.202","01771 10:04:48",222.70,885.37,,,,"     ",5.30,292.50,1.95
1771,554703982,"01771M10:16:58.175","01771 10:04:49",222.71,885.32,,,,"     ",5.30,290.96,1.94
1771,554703983,"01771M10:16:59.148","01771 10:04:50",222.75,885.35,,,,"     ",5.30,293.42,1.96
1771,554703984,"01771M10:17:00.122","01771 10:04:51",222.79,885.33,,,,"     ",5.30,293.55,1.96
1771,554703985,"01771M10:17:01.095","01771 10:04:52",222.84,885.44,,,,"     ",5.30,291.65,1.94
1771,554703986,"01771M10:17:02.068","01771 10:04:53",222.88,885.33,,,,"     ",5.30,295.17,1.97
1771,554703987,"01771M10:17:03.041","01771 10:04:54",222.89,885.43,,,,"     ",5.30,294.98,1.97
1771,554703988,"01771M10:17:04.015","01771 10:04:55",222.90,885.43,,,,"     ",5.30,293.85,1.96
1771,554703989,"01771M10:17:04.988","01771 10:04:56",222.89,885.37,,,,"     ",5.30,294.73,1.96
1771,554703990,"01771M10:17:05.961","01771 10:04:57",222.89,885.44,,,,"     ",5.30,295.84,1.97
1771,554703991,"01771M10:17:06.934","01771 10:04:58",222.90,885.38,,,,"     ",5.30,296.66,1.97
1771,554703992,"01771M10:17:07.908","01771 10:04:59",222.94,885.32,,,,"     ",5.30,294.86,1.96
1771,554703993,"01771M10:17:08.881","01771 10:05:00",222.98,885.35,,,,"     ",5.30,293.38,1.95
1771,554703994,"01771M10:17:09.854","01771 10:05:01",223.05,885.35,,,,"     ",5.30,298.02,1.98
1771,554703995,"01771M10:17:10.827","01771 10:05:02",223.13,885.33,,,,"     ",5.30,294.84,1.96
1771,554703996,"01771M10:17:11.801","01771 10:05:03",223.24,885.40,,,,"     ",5.30,295.38,1.96
1771,554703997,"01771M10:17:12.774","01771 10:05:04",223.36,885.34,,,,"     ",5.30,292.58,1.94
1771,554703998,"01771M10:17:13.747","01771 10:05:05",223.49,885.34,,,,"     ",5.30,295.64,1.96
1771,554703999,"01771M10:17:14.720","01771 10:05:06",223.63,885.33,,,,"     ",5.30,293.33,1.95
1771,554704000,"01771M10:17:15.694","01771 10:05:07",223.80,885.35,,,,"     ",5.30,293.70,1.95
1771,554704001,"01771M10:17:16.667","01771 10:05:08",223.97,885.34,,,,"     ",5.30,291.91,1.94
1771,554704002,"01771M10:17:17.640","01771 10:05:09",224.15,885.29,,,,"     ",5.30,294.20,1.95
1771,554704003,"01771M10:17:18.613","01771 10:05:10",224.31,885.27,,,,"     ",5.30,296.04,1.97
1771,554704004,"01771M10:17:19.587","01771 10:05:11",224.45,885.31,,,,"     ",5.30,294.69,1.96
1771,554704005,"01771M10:17:20.560","01771 10:05:12",224.55,885.29,,,,"     ",5.30,294.01,1.95
1771,554704006,"01771M10:17:21.533","01771 10:05:13",224.62,885.28,,,,"     ",5.30,297.01,1.97
1771,554704007,"01771M10:17:22.506","01771 10:05:14",224.65,885.33,,,,"     ",5.30,297.12,1.97
1771,554704008,"01771M10:17:23.480","01771 10:05:15",224.66,885.24,,,,"     ",5.30,294.41,1.95
1771,554704009,"01771M10:17:24.453","01771 10:05:16",224.64,885.25,,,,"     ",5.30,295.89,1.96
1771,554704010,"01771M10:17:25.426","01771 10:05:17",224.60,885.29,,,,"     ",5.30,298.77,1.98
1771,554704011,"01771M10:17:26.399","01771 10:05:18",224.55,885.27,,,,"     ",5.30,294.77,1.95
1771,554704012,"01771M10:17:27.373","01771 10:05:18",224.49,885.30,,,,"     ",5.30,297.00,1.96
1771,554704013,"01771M10:17:28.346","01771 10:05:19",224.42,885.28,,,,"     ",5.30,296.38,1.96
1771,554704014,"01771M10:17:29.319","01771 10:05:20",224.36,885.29,,,,"     ",5.30,295.20,1.95
1771,554704015,"01771M10:17:30.292","01771 10:05:21",224.31,885.23,,,,"     ",5.30,296.33,1.96
1771,554704016,"01771M10:17:31.266","01771 10:05:22",224.28,885.27,,,,"     ",5.30,296.10,1.96
1771,554704017,"01771M10:17:32.239","01771 10:05:23",224.28,885.21,,,,"     ",5.30,295.88,1.95
1771,554704018,"01771M10:17:33.212","01771 10:05:24",224.30,885.23,,,,"     ",5.30,293.16,1.93
1771,554704019,"01771M10:17:34.185","01771 10:05:25",224.34,885.32,,,,"     ",5.30,298.80,1.97
1771,554704020,"01771M10:17:35.159","01771 10:05:26",224.38,885.27,,,,"     ",5.30,295.81,1.95
1771,554704021,"01771M10:17:36.132","01771 10:05:27",224.44,885.35,,,,"     ",5.30,298.92,1.97
1771,554704022,"01771M10:17:37.105","01771 10:05:28",224.48,885.27,,,,"     ",5.30,293.21,1.93
1771,554704023,"01771M10:17:38.078","01771 10:05:29",224.51,885.26,,,,"     ",5.30,297.48,1.96
1771,554704024,"01771M10:17:39.052","01771 10:05:30",224.50,885.23,,,,"     ",5.30,297.11,1.96
1771,554704025,"01771M10:17:40.025","01771 10:05:31",224.47,885.20,,,,"     ",5.30,292.09,1.92
1771,554704026,"01771M10:17:40.998","01771 10:05:32",224.42,885.16,,,,"     ",5.30,296.50,1.95
1771,554704027,"01771M10:17:41.971","01771 10:05:33",224.35,885.16,,,,"     ",5.30,296.43,1.95
1771,554704028,"01771M10:17:42.945","01771 10:05:34",224.27,885.07,,,,"     ",5.30,297.17,1.95
1771,554704029,"01771M10:17:43.918","01771 10:05:35",224.21,885.05,,,,"     ",5.30,297.35,1.95
1771,554704030,"01771M10:17:44.891","01771 10:05:36",224.15,885.02,,,,"     ",5.30,298.12,1.96
1771,554704031,"01771M10:17:45.864","01771 10:05:37",224.11,885.13,,,,"     ",5.30,296.44,1.95
1771,554704032,"01771M10:17:46.838","01771 10:05:38",224.09,885.15,,,,"     ",5.30,296.25,1.95
1771,554704033,"01771M10:17:47.811","01771 10:05:39",224.10,885.11,,,,"     ",5.30,296.28,1.94
1771,554704034,"01771M10:17:48.784","01771 10:05:40",224.14,885.18,,,,"     ",5.30,298.16,1.96
1771,554704035,"01771M10:17:49.758","01771 10:05:41",224.21,885.14,,,,"     ",5.30,298.01,1.96
1771,554704036,"01771M10:17:50.731","01771 10:05:42",224.31,885.11,,,,"     ",5.30,296.32,1.94
1771,554704037,"01771M10:17:51.704","01771 10:05:43",224.42,885.13,,,,"     ",5.30,295.15,1.93
1771,554704038,"01771M10:17:52.677","01771 10:05:44",224.53,885.10,,,,"     ",5.30,298.72,1.96
1771,554704039,"01771M10:17:53.651","01771 10:05:45",224.65,885.06,,,,"     ",5.30,294.70,1.93
1771,554704040,"01771M10:17:54.624","01771 10:05:46",224.76,885.14,,,,"     ",5.30,294.14,1.93
1771,554704041,"01771M10:17:55.597","01771 10:05:47",224.86,885.10,,,,"     ",5.30,297.77,1.95
1771,554704042,"01771M10:17:56.570","01771 10:05:48",224.96,885.13,,,,"     ",5.30,299.74,1.96
1771,554704043,"01771M10:17:57.544","01771 10:05:49",225.04,885.16,,,,"     ",5.30,299.94,1.96
1771,554704044,"01771M10:17:58.517","01771 10:05:50",225.12,885.12,,,,"     ",5.30,297.60,1.95
1771,554704045,"01771M10:17:59.490","01771 10:05:51",225.19,885.10,,,,"     ",5.30,297.86,1.95
1771,554704046,"01771M10:18:00.463","01771 10:05:52",225.27,885.05,,,,"     ",5.30,298.81,1.95
1771,554704047,"01771M10:18:01.437","01771 10:05:53",225.35,885.11,,,,"     ",5.30,296.52,1.94
1771,554704048,"01771M10:18:02.410","01771 10:05:54",225.43,885.14,,,,"     ",5.30,297.74,1.94
1771,554704049,"01771M10:18:03.383","01771 10:05:55",225.53,885.05,,,,"     ",5.30,300.87,1.97
1771,554704050,"01771M10:18:04.356","01771 10:05:55",225.63,885.02,,,,"     ",5.30,297.18,1.94
1771,554704051,"01771M10:18:05.330","01771 10:05:56",225.72,885.07,,,,"     ",5.30,297.15,1.94
1771,554704052,"01771M10:18:06.303","01771 10:05:57",225.81,884.97,,,,"     ",5.30,299.85,1.96
1771,554704053,"01771M10:18:07.276","01771 10:05:58",225.89,885.04,,,,"     ",5.30,296.52,1.93
1771,554704054,"01771M10:18:08.249","01771 10:05:59",225.94,885.09,,,,"     ",5.30,298.11,1.94
1771,554704055,"01771M10:18:09.223","01771 10:06:00",225.97,885.02,,,,"     ",5.30,299.60,1.95
1771,554704056,"01771M10:18:10.196","01771 10:06:01",225.98,885.04,,,,"     ",5.30,298.95,1.95
1771,554704057,"01771M10:18:11.169","01771 10:06:02",225.97,885.04,,,,"     ",5.30,299.73,1.95
1771,554704058,"01771M10:18:12.142","01771 10:06:03",225.92,885.06,,,,"     ",5.30,300.74,1.96
1771,554704059,"01771M10:18:13.116","01771 10:06:04",225.86,885.01,,,,"     ",5.30,297.88,1.94
1771,554704060,"01771M10:18:14.089","01771 10:06:05",225.79,885.00,,,,"     ",5.30,295.90,1.92
1771,554704061,"01771M10:18:15.062","01771 10:06:06",225.72,885.03,,,,"     ",5.30,300.96,1.96
1771,554704062,"01771M10:18:16.035","01771 10:06:07",225.66,885.06,,,,"     ",5.30,298.72,1.94
1771,554704063,"01771M10:18:17.009","01771 10:06:08",225.62,885.01,,,,"     ",5.30,300.12,1.95
1771,554704064,"01771M10:18:17.982","01771 10:06:09",225.58,885.04,,,,"     ",5.30,298.02,1.94
1771,554704065,"01771M10:18:18.955","01771 10:06:10",225.58,885.08,,,,"     ",5.30,298.59,1.94
1771,554704066,"01771M10:18:19.928","01771 10:06:11",225.61,885.03,,,,"     ",5.30,296.58,1.93
1771,554704067,"01771M10:18:20.902","01771 10:06:12",225.68,885.07,,,,"     ",5.30,299.50,1.95
1771,554704068,"01771M10:18:21.875","01771 10:06:13",225.77,884.99,,,,"     ",5.30,296.95,1.93
1771,554704069,"01771M10:18:22.848","01771 10:06:14",225.89,885.01,,,,"     ",5.30,297.44,1.93
1771,554704070,"01771M10:18:23.821","01771 10:06:15",226.02,884.99,,,,"     ",5.30,298.63,1.94
1771,554704071,"01771M10:18:24.795","01771 10:06:16",226.18,884.97,,,,"     ",5.30,300.20,1.95
1771,554704072,"01771M10:18:25.768","01771 10:06:17",226.35,885.03,,,,"     ",5.30,296.92,1.93
1771,554704073,"01771M10:18:26.741","01771 10:06:18",226.52,885.01,,,,"     ",5.30,298.89,1.94
1771,554704074,"01771M10:18:27.714","01771 10:06:19",226.68,884.99,,,,"     ",5.30,298.68,1.94
1771,554704075,"01771M10:18:28.688","01771 10:06:20",226.84,885.01,,,,"     ",5.30,301.15,1.95
1771,554704076,"01771M10:18:29.661","01771 10:06:21",227.00,885.01,,,,"     ",5.30,300.49,1.95
1771,554704077,"01771M10:18:30.634","01771 10:06:22",227.14,884.92,,,,"     ",5.30,299.14,1.94
1771,554704078,"01771M10:18:31.607","01771 10:06:23",227.28,884.94,,,,"     ",5.30,298.50,1.93
1771,554704079,"01771M10:18:32.581","01771 10:06:24",227.41,885.00,,,,"     ",5.30,300.07,1.94
1771,554704080,"01771M10:18:33.554","01771 10:06:25",227.55,884.93,,,,"     ",5.30,299.55,1.94
1771,554704081,"01771M10:18:34.527","01771 10:06:26",227.69,885.06,,,,"     ",5.30,299.70,1.94
1771,554704082,"01771M10:18:35.500","01771 10:06:27",227.82,885.03,,,,"     ",5.30,298.00,1.93
1771,554704083,"01771M10:18:36.474","01771 10:06:28",227.94,885.07,,,,"     ",5.30,299.79,1.94
1771,554704084,"01771M10:18:37.447","01771 10:06:29",228.04,885.12,,,,"     ",5.30,299.17,1.93
1771,554704085,"01771M10:18:38.420","01771 10:06:30",228.14,885.05,,,,"     ",5.30,299.74,1.94
1771,554704086,"01771M10:18:39.393","01771 10:06:31",228.23,884.99,,,,"     ",5.30,298.65,1.93
1771,554704087,"01771M10:18:40.367","01771 10:06:32",228.32,884.94,,,,"     ",5.30,298.13,1.92
1771,554704088,"01771M10:18:41.340","01771 10:06:32",228.38,884.98,,,,"     ",5.30,299.59,1.93
1771,554704089,"01771M10:18:42.313","01771 10:06:33",228.44,884.96,,,,"     ",5.30,300.70,1.94
1771,554704090,"01771M10:18:43.286","01771 10:06:34",228.47,884.97,,,,"     ",5.30,299.71,1.93
1771,554704091,"01771M10:18:44.260","01771 10:06:35",228.47,884.86,,,,"     ",5.30,299.04,1.93
1771,554704092,"01771M10:18:45.233","01771 10:06:36",228.45,884.90,,,,"     ",5.30,299.15,1.93
1771,554704093,"01771M10:18:46.206","01771 10:06:37",228.40,884.90,,,,"     ",5.30,300.49,1.94
1771,554704094,"01771M10:18:47.179","01771 10:06:38",228.31,884.85,,,,"     ",5.30,300.92,1.94
1771,554704095,"01771M10:18:48.153","01771 10:06:39",228.21,884.86,,,,"     ",5.30,302.15,1.95
1771,554704096,"01771M10:18:49.126","01771 10:06:40",228.08,884.85,,,,"     ",5.30,303.60,1.95
1771,554704097,"01771M10:18:50.099","01771 10:06:41",227.95,884.86,,,,"     ",5.30,299.92,1.93
1771,554704098,"01771M10:18:51.072","01771 10:06:42",227.81,884.91,,,,"     ",5.30,299.82,1.93
1771,554704099,"01771M10:18:52.046","01771 10:06:43",227.69,884.91,,,,"     ",5.30,302.12,1.94
1771,554704100,"01771M10:18:53.019","01771 10:06:44",227.56,884.91,,,,"     ",5.30,302.22,1.94
1771,554704101,"01771M10:18:53.992","01771 10:06:45",227.46,884.97,,,,"     ",5.30,299.55,1.92
1771,554704102,"01771M10:18:54.965","01771 10:06:46",227.36,884.88,,,,"     ",5.30,300.54,1.93
1771,554704103,"01771M10:18:55.939","01771 10:06:47",227.28,884.95,,,,"     ",5.30,301.98,1.94
1771,554704104,"01771M10:18:56.912","01771 10:06:48",227.20,884.86,,,,"     ",5.30,299.89,1.92
1771,554704105,"01771M10:18:57.885","01771 10:06:49",227.14,884.86,,,,"     ",5.30,300.78,1.93
1771,554704106,"01771M10:18:58.859","01771 10:06:50",227.08,884.87,,,,"     ",5.30,302.56,1.94
1771,554704107,"01771M10:18:59.832","01771 10:06:51",227.02,884.88,,,,"     ",5.30,300.85,1.93
1771,554704108,"01771M10:19:00.805","01771 10:06:52",226.96,884.84,,,,"     ",5.30,296.40,1.90
1771,554704109,"01771M10:19:01.778","01771 10:06:53",226.88,884.82,,,,"     ",5.30,301.87,1.93
1771,554704110,"01771M10:19:02.752","01771 10:06:54",226.78,884.86,,,,"     ",5.30,301.96,1.93
1771,554704111,"01771M10:19:03.725","01771 10:06:55",226.67,884.93,,,,"     ",5.30,301.00,1.93
1771,554704112,"01771M10:19:04.698","01771 10:06:56",226.54,884.91,,,,"     ",5.30,302.76,1.94
1771,554704113,"01771M10:19:05.671","01771 10:06:57",226.40,884.94,,,,"     ",5.30,301.24,1.93
1771,554704114,"01771M10:19:06.645","01771 10:06:58",226.27,884.95,,,,"     ",5.30,302.54,1.94
1771,554704115,"01771M10:19:07.618","01771 10:06:59",226.15,884.91,,,,"     ",5.30,302.67,1.94
1771,554704116,"01771M10:19:08.591","01771 10:07:00",226.06,884.95,,,,"     ",5.30,302.57,1.94
1771,554704117,"01771M10:19:09.564","01771 10:07:01",225.99,885.01,,,,"     ",5.30,301.78,1.93
1771,554704118,"01771M10:19:10.538","01771 10:07:02",225.94,884.91,,,,"     ",5.30,299.14,1.91
1771,554704119,"01771M10:19:11.511","01771 10:07:03",225.92,884.85,,,,"     ",5.30,303.41,1.94
1771,554704120,"01771M10:19:12.484","01771 10:07:04",225.92,884.88,,,,"     ",5.30,299.14,1.91
1771,554704121,"01771M10:19:13.457","01771 10:07:05",225.93,884.80,,,,"     ",5.30,303.07,1.94
1771,554704122,"01771M10:19:14.431","01771 10:07:06",225.94,884.87,,,,"     ",5.30,299.86,1.92
1771,554704123,"01771M10:19:15.404","01771 10:07:07",225.95,884.84,,,,"     ",5.30,302.70,1.93
1771,554704124,"01771M10:19:16.377","01771 10:07:08",225.94,884.89,,,,"     ",5.30,300.12,1.92
1771,554704125,"01771M10:19:17.350","01771 10:07:09",225.92,884.87,,,,"     ",5.30,302.66,1.93
1771,554704126,"01771M10:19:18.324","01771 10:07:09",225.87,884.75,,,,"     ",5.30,303.05,1.93
1771,554704127,"01771M10:19:19.297","01771 10:07:10",225.78,884.82,,,,"     ",5.30,303.72,1.94
1771,554704128,"01771M10:19:20.270","01771 10:07:11",225.67,884.78,,,,"     ",5.30,303.60,1.94
1771,554704129,"01771M10:19:21.243","01771 10:07:12",225.52,884.83,,,,"     ",5.30,301.98,1.93
1771,554704130,"01771M10:19:22.217","01771 10:07:13",225.35,884.82,,,,"     ",5.30,300.52,1.92
1771,554704131,"01771M10:19:23.190","01771 10:07:14",225.17,884.73,,,,"     ",5.30,303.53,1.94
1771,554704132,"01771M10:19:24.163","01771 10:07:15",225.00,884.75,,,,"     ",5.30,301.63,1.92
1771,554704133,"01771M10:19:25.136","01771 10:07:16",224.84,884.65,,,,"     ",5.30,305.72,1.95
1771,554704134,"01771M10:19:26.110","01771 10:07:17",224.71,884.74,,,,"     ",5.30,304.26,1.94
1771,554704135,"01771M10:19:27.083","01771 10:07:18",224.61,884.73,,,,"     ",5.30,306.36,1.96
1771,554704136,"01771M10:19:28.056","01771 10:07:19",224.52,884.69,,,,"     ",5.30,301.98,1.93
1771,554704137,"01771M10:19:29.029","01771 10:07:20",224.47,884.72,,,,"     ",5.30,301.87,1.93
1771,554704138,"01771M10:19:30.003","01771 10:07:21",224.42,884.66,,,,"     ",5.30,299.20,1.91
1771,554704139,"01771M10:19:30.976","01771 10:07:22",224.40,884.68,,,,"     ",5.30,299.64,1.91
1771,554704140,"01771M10:19:31.949","01771 10:07:23",224.39,884.67,,,,"     ",5.30,301.42,1.92
1771,554704141,"01771M10:19:32.922","01771 10:07:24",224.38,884.59,,,,"     ",5.30,301.95,1.93
1771,554704142,"01771M10:19:33.896","01771 10:07:25",224.38,884.61,,,,"     ",5.30,302.42,1.93
1771,554704143,"01771M10:19:34.869","01771 10:07:26",224.37,884.57,,,,"     ",5.30,303.26,1.93
1771,554704144,"01771M10:19:35.842","01771 10:07:27",224.35,884.55,,,,"     ",5.30,301.24,1.92
1771,554704145,"01771M10:19:36.815","01771 10:07:28",224.33,884.61,,,,"     ",5.30,301.53,1.92
1771,554704146,"01771M10:19:37.789","01771 10:07:29",224.29,884.62,,,,"     ",5.30,301.30,1.92
1771,554704147,"01771M10:19:38.762","01771 10:07:30",224.25,884.63,,,,"     ",5.30,300.01,1.91
1771,554704148,"01771M10:19:39.735","01771 10:07:31",224.20,884.59,,,,"     ",5.30,300.62,1.92
1771,554704149,"01771M10:19:40.708","01771 10:07:32",224.16,884.60,,,,"     ",5.30,301.89,1.93
1771,554704150,"01771M10:19:41.682","01771 10:07:33",224.12,884.63,,,,"     ",5.30,301.63,1.93
1771,554704151,"01771M10:19:42.655","01771 10:07:34",224.11,884.53,,,,"     ",5.30,301.88,1.93
1771,554704152,"01771M10:19:43.628","01771 10:07:35",224.11,884.53,,,,"     ",5.30,299.26,1.91
1771,554704153,"01771M10:19:44.601","01771 10:07:36",224.12,884.56,,,,"     ",5.30,301.80,1.93
1771,554704154,"01771M10:19:45.575","01771 10:07:37",224.14,884.62,,,,"     ",5.30,303.24,1.94
1771,554704155,"01771M10:19:46.548","01771 10:07:38",224.17,884.58,,,,"     ",5.30,302.14,1.93
1771,554704156,"01771M10:19:47.521","01771 10:07:39",224.20,884.62,,,,"     ",5.30,300.61,1.92
1771,554704157,"01771M10:19:48.494","01771 10:07:40",224.23,884.58,,,,"     ",5.30,301.01,1.93
1771,554704158,"01771M10:19:49.468","01771 10:07:41",224.28,884.63,,,,"     ",5.30,301.14,1.93
1771,554704159,"01771M10:19:50.441","01771 10:07:42",224.32,884.60,,,,"     ",5.30,299.55,1.92
1771,554704160,"01771M10:19:51.414","01771 10:07:43",224.37,884.60,,,,"     ",5.30,301.09,1.93
1771,554704161,"01771M10:19:52.387","01771 10:07:44",224.43,884.60,,,,"     ",5.30,300.40,1.92
1771,554704162,"01771M10:19:53.361","01771 10:07:45",224.50,884.61,,,,"     ",5.30,300.43,1.93
1771,554704163,"01771M10:19:54.334","01771 10:07:45",224.56,884.61,,,,"     ",5.30,300.56,1.93
1771,554704164,"01771M10:19:55.307","01771 10:07:46",224.63,884.62,,,,"     ",5.30,299.85,1.92
1771,554704165,"01771M10:19:56.280","01771 10:07:47",224.69,884.60,,,,"     ",5.30,302.05,1.94
1771,554704166,"01771M10:19:57.254","01771 10:07:48",224.73,884.65,,,,"     ",5.30,301.29,1.93
1771,554704167,"01771M10:19:58.227","01771 10:07:49",224.76,884.61,,,,"     ",5.30,301.82,1.93
1771,554704168,"01771M10:19:59.200","01771 10:07:50",224.77,884.59,,,,"     ",5.30,305.33,1.96
1771,554704169,"01771M10:20:00.173","01771 10:07:51",224.77,884.64,,,,"     ",5.30,303.04,1.94
1771,554704170,"01771M10:20:01.147","01771 10:07:52",224.75,884.55,,,,"     ",5.30,301.09,1.93
1771,554704171,"01771M10:20:02.120","01771 10:07:53",224.73,884.56,,,,"     ",5.30,305.00,1.95
1771,554704172,"01771M10:20:03.093","01771 10:07:54",224.71,884.48,,,,"     ",5.30,301.15,1.93
1771,554704173,"01771M10:20:04.066","01771 10:07:55",224.69,884.43,,,,"     ",5.30,299.89,1.92
1771,554704174,"01771M10:20:05.040","01771 10:07:56",224.66,884.43,,,,"     ",5.30,301.98,1.94
1771,554704175,"01771M10:20:06.013","01771 10:07:57",224.63,884.41,,,,"     ",5.30,302.04,1.94
1771,554704176,"01771M10:20:06.986","01771 10:07:58",224.61,884.37,,,,"     ",5.30,303.31,1.94
1771,554704177,"01771M10:20:07.960","01771 10:07:59",224.60,884.52,,,,"     ",5.30,303.21,1.94
1771,554704178,"01771M10:20:08.933","01771 10:08:00",224.60,884.47,,,,"     ",5.30,303.28,1.94
1771,554704179,"01771M10:20:09.906","01771 10:08:01",224.62,884.43,,,,"     ",5.30,302.34,1.94
1771,554704180,"01771M10:20:10.879","01771 10:08:02",224.65,884.46,,,,"     ",5.30,303.93,1.95
1771,554704181,"01771M10:20:11.853","01771 10:08:03",224.69,884.45,,,,"     ",5.30,301.69,1.93
1771,554704182,"01771M10:20:12.826","01771 10:08:04",224.75,884.52,,,,"     ",5.30,301.87,1.94
1771,554704183,"01771M10:20:13.799","01771 10:08:05",224.81,884.54,,,,"     ",5.30,303.86,1.95
1771,554704184,"01771M10:20:14.772","01771 10:08:06",224.86,884.47,,,,"     ",5.30,300.46,1.93
1771,554704185,"01771M10:20:15.746","01771 10:08:07",224.91,884.49,,,,"     ",5.30,303.55,1.95
1771,554704186,"01771M10:20:16.719","01771 10:08:08",224.96,884.41,,,,"     ",5.30,298.94,1.92
1771,554704187,"01771M10:20:17.692","01771 10:08:09",225.00,884.38,,,,"     ",5.30,303.06,1.94
1771,554704188,"01771M10:20:18.665","01771 10:08:10",225.05,884.41,,,,"     ",5.30,305.59,1.96
1771,554704189,"01771M10:20:19.639","01771 10:08:11",225.09,884.51,,,,"     ",5.30,304.14,1.95
1771,554704190,"01771M10:20:20.612","01771 10:08:12",225.14,884.47,,,,"     ",5.30,304.35,1.95
1771,554704191,"01771M10:20:21.585","01771 10:08:13",225.18,884.43,,,,"     ",5.30,302.91,1.94
1771,554704192,"01771M10:20:22.558","01771 10:08:14",225.21,884.37,,,,"     ",5.30,303.37,1.95
1771,554704193,"01771M10:20:23.532","01771 10:08:15",225.24,884.32,,,,"     ",5.30,300.06,1.92
1771,554704194,"01771M10:20:24.505","01771 10:08:16",225.12,884.37,,,,"     ",5.30,299.55,1.92
1771,554704195,"01771M10:20:25.478","01771 10:08:17",224.95,884.36,,,,"     ",5.30,304.45,1.95
1771,554704196,"01771M10:20:26.451","01771 10:08:18",224.78,884.31,,,,"     ",5.30,300.82,1.93
1771,554704197,"01771M10:20:27.425","01771 10:08:19",224.61,884.28,,,,"     ",5.30,301.63,1.93
1771,554704198,"01771M10:20:28.398","01771 10:08:20",224.46,884.32,,,,"     ",5.30,302.19,1.94
1771,554704199,"01771M10:20:29.371","01771 10:08:21",224.31,884.38,,,,"     ",5.30,303.42,1.95
1771,554704200,"01771M10:20:30.344","01771 10:08:22",224.17,884.35,,,,"     ",5.30,303.43,1.95
1771,554704201,"01771M10:20:31.318","01771 10:08:22",224.03,884.38,,,,"     ",5.30,301.28,1.93
1771,554704202,"01771M10:20:32.291","01771 10:08:23",223.87,884.38,,,,"     ",5.30,302.01,1.94
1771,554704203,"01771M10:20:33.264","01771 10:08:24",223.70,884.33,,,,"     ",5.30,300.88,1.93
1771,554704204,"01771M10:20:34.237","01771 10:08:25",223.55,884.34,,,,"     ",5.30,304.24,1.95
1771,554704205,"01771M10:20:35.211","01771 10:08:26",223.42,884.44,,,,"     ",5.30,302.39,1.94
1771,554704206,"01771M10:20:36.184","01771 10:08:27",223.29,884.38,,,,"     ",5.30,304.09,1.95
1771,554704207,"01771M10:20:37.157","01771 10:08:28",223.18,884.39,,,,"     ",5.30,301.88,1.94
1771,554704208,"01771M10:20:38.130","01771 10:08:29",223.09,884.40,,,,"     ",5.30,301.25,1.94
1771,554704209,"01771M10:20:39.104","01771 10:08:30",223.01,884.33,,,,"     ",5.30,301.61,1.94
1771,554704210,"01771M10:20:40.077","01771 10:08:31",222.95,884.40,,,,"     ",5.30,299.44,1.92
1771,554704211,"01771M10:20:41.050","01771 10:08:32",222.88,884.36,,,,"     ",5.30,300.53,1.93
1771,554704212,"01771M10:20:42.023","01771 10:08:33",222.80,884.34,,,,"     ",5.30,301.25,1.94
1771,554704213,"01771M10:20:42.997","01771 10:08:34",222.69,884.32,,,,"     ",5.30,295.50,1.90
1771,554704214,"01771M10:20:43.970","01771 10:08:35",222.57,884.32,,,,"     ",5.30,301.12,1.94
1771,554704215,"01771M10:20:44.943","01771 10:08:36",222.45,884.34,,,,"     ",5.30,295.34,1.90
1771,554704216,"01771M10:20:45.916","01771 10:08:37",222.33,884.37,,,,"     ",5.30,301.38,1.94
1771,554704217,"01771M10:20:46.890","01771 10:08:38",222.20,884.31,,,,"     ",5.30,301.91,1.95
1771,554704218,"01771M10:20:47.863","01771 10:08:39",222.10,884.38,,,,"     ",5.30,299.82,1.93
1771,554704219,"01771M10:20:48.836","01771 10:08:40",222.00,884.35,,,,"     ",5.30,302.86,1.95
1771,554704220,"01771M10:20:49.809","01771 10:08:41",221.89,884.33,,,,"     ",5.30,298.75,1.93
1771,554704221,"01771M10:20:50.783","01771 10:08:42",221.78,884.38,,,,"     ",5.30,302.44,1.95
1771,554704222,"01771M10:20:51.756","01771 10:08:43",221.69,884.28,,,,"     ",5.30,300.43,1.94
1771,554704223,"01771M10:20:52.729","01771 10:08:44",221.62,884.34,,,,"     ",5.30,299.93,1.94
1771,554704224,"01771M10:20:53.702","01771 10:08:45",221.57,884.26,,,,"     ",5.30,301.51,1.95
1771,554704225,"01771M10:20:54.676","01771 10:08:46",221.59,884.28,,,,"     ",5.30,299.52,1.93
1771,554704226,"01771M10:20:55.649","01771 10:08:47",221.62,884.25,,,,"     ",5.30,298.73,1.93
1771,554704227,"01771M10:20:56.622","01771 10:08:48",221.67,884.26,,,,"     ",5.30,296.43,1.91
1771,554704228,"01771M10:20:57.595","01771 10:08:49",221.73,884.28,,,,"     ",5.30,301.55,1.95
1771,554704229,"01771M10:20:58.569","01771 10:08:50",221.77,884.22,,,,"     ",5.30,301.11,1.95
1771,554704230,"01771M10:20:59.542","01771 10:08:51",221.79,884.32,,,,"     ",5.30,299.31,1.94
1771,554704231,"01771M10:21:00.515","01771 10:08:52",221.76,884.28,,,,"     ",5.30,303.10,1.96
1771,554704232,"01771M10:21:01.488","01771 10:08:53",221.68,884.27,,,,"     ",5.30,303.11,1.96
1771,554704233,"01771M10:21:02.462","01771 10:08:54",221.55,884.27,,,,"     ",5.30,296.59,1.92
1771,554704234,"01771M10:21:03.435","01771 10:08:55",221.40,884.14,,,,"     ",5.30,302.01,1.96
1771,554704235,"01771M10:21:04.408","01771 10:08:56",221.23,884.26,,,,"     ",5.30,300.98,1.95
1771,554704236,"01771M10:21:05.381","01771 10:08:57",221.05,884.23,,,,"     ",5.30,301.55,1.96
1771,554704237,"01771M10:21:06.355","01771 10:08:58",220.87,884.22,,,,"     ",5.30,300.84,1.95
1771,554704238,"01771M10:21:07.328","01771 10:08:59",220.69,884.30,,,,"     ",5.30,297.72,1.93
1771,554704239,"01771M10:21:08.301","01771 10:08:59",220.55,884.27,,,,"     ",5.30,298.40,1.94
1771,554704240,"01771M10:21:09.274","01771 10:09:00",220.41,884.27,,,,"     ",5.30,299.01,1.94
1771,554704241,"01771M10:21:10.248","01771 10:09:01",220.28,884.24,,,,"     ",5.30,302.89,1.97
1771,554704242,"01771M10:21:11.221","01771 10:09:02",220.14,884.20,,,,"     ",5.30,295.08,1.92
1771,554704243,"01771M10:21:12.194","01771 10:09:03",220.00,884.19,,,,"     ",5.30,302.62,1.97
1771,554704244,"01771M10:21:13.167","01771 10:09:04",219.85,884.21,,,,"     ",5.30,297.42,1.93
1771,554704245,"01771M10:21:14.141","01771 10:09:05",219.71,884.21,,,,"     ",5.30,297.21,1.93
1771,554704246,"01771M10:21:15.114","01771 10:09:06",219.56,884.23,,,,"     ",5.30,295.72,1.92
1771,554704247,"01771M10:21:16.087","01771 10:09:07",219.42,884.19,,,,"     ",5.30,297.79,1.94
1771,554704248,"01771M10:21:17.060","01771 10:09:08",219.25,884.19,,,,"     ",5.30,298.32,1.94
1771,554704249,"01771M10:21:18.034","01771 10:09:09",219.05,884.13,,,,"     ",5.30,298.33,1.95
1771,554704250,"01771M10:21:19.007","01771 10:09:10",218.89,884.07,,,,"     ",5.30,296.41,1.93
1771,554704251,"01771M10:21:19.980","01771 10:09:11",218.76,884.05,,,,"     ",5.30,300.38,1.96
1771,554704252,"01771M10:21:20.954","01771 10:09:12",218.65,884.07,,,,"     ",5.30,297.67,1.94
1771,554704253,"01771M10:21:21.927","01771 10:09:13",218.57,884.11,,,,"     ",5.30,300.13,1.96
1771,554704254,"01771M10:21:22.900","01771 10:09:14",218.50,884.06,,,,"     ",5.30,298.01,1.95
1771,554704255,"01771M10:21:23.873","01771 10:09:15",218.46,884.12,,,,"     ",5.30,297.05,1.94
1771,554704256,"01771M10:21:24.847","01771 10:09:16",218.44,884.08,,,,"     ",5.30,298.28,1.95
1771,554704257,"01771M10:21:25.820","01771 10:09:17",218.44,884.05,,,,"     ",5.30,296.96,1.95
1771,554704258,"01771M10:21:26.793","01771 10:09:18",218.46,884.12,,,,"     ",5.30,295.29,1.93
1771,554704259,"01771M10:21:27.766","01771 10:09:19",218.50,884.12,,,,"     ",5.30,296.91,1.95
1771,554704260,"01771M10:21:28.740","01771 10:09:20",218.57,884.15,,,,"     ",5.30,299.45,1.96
1771,554704261,"01771M10:21:29.713","01771 10:09:21",218.67,884.12,,,,"     ",5.30,298.03,1.96
1771,554704262,"01771M10:21:30.686","01771 10:09:22",218.79,884.10,,,,"     ",5.30,298.52,1.96
1771,554704263,"01771M10:21:31.659","01771 10:09:23",218.21,884.10,,,,"     ",5.30,297.69,1.96
1771,554704264,"01771M10:21:32.633","01771 10:09:24",218.23,884.10,,,,"     ",5.30,295.05,1.94
1771,554704265,"01771M10:21:33.606","01771 10:09:25",218.25,884.05,,,,"     ",5.30,295.30,1.94
1771,554704266,"01771M10:21:34.579","01771 10:09:26",218.26,884.07,,,,"     ",5.30,297.58,1.96
1771,554704267,"01771M10:21:35.552","01771 10:09:27",218.29,883.99,,,,"     ",5.30,294.94,1.94
1771,554704268,"01771M10:21:36.526","01771 10:09:28",218.30,884.05,,,,"     ",5.30,298.15,1.96
1771,554704269,"01771M10:21:37.499","01771 10:09:29",218.33,884.08,,,,"     ",5.30,297.15,1.96
1771,554704270,"01771M10:21:38.472","01771 10:09:30",218.35,884.00,,,,"     ",5.30,295.79,1.95
1771,554704271,"01771M10:21:39.445","01771 10:09:31",218.37,884.03,,,,"     ",5.30,296.88,1.96
1771,554704272,"01771M10:21:40.419","01771 10:09:32",218.38,884.01,,,,"     ",5.30,296.75,1.96
1771,554704273,"01771M10:21:41.392","01771 10:09:33",218.41,883.99,,,,"     ",5.30,298.76,1.97
1771,554704274,"01771M10:21:42.365","01771 10:09:34",218.42,884.07,,,,"     ",5.30,295.24,1.95
1771,554704275,"01771M10:21:43.338","01771 10:09:35",218.43,883.99,,,,"     ",5.30,294.69,1.95
1771,554704276,"01771M10:21:44.312","01771 10:09:35",218.47,883.90,,,,"     ",5.30,294.17,1.95
1771,554704277,"01771M10:21:45.285","01771 10:09:36",218.52,884.03,,,,"     ",5.30,293.25,1.94
1771,554704278,"01771M10:21:46.258","01771 10:09:37",218.60,884.01,,,,"     ",5.30,293.18,1.94
1771,554704279,"01771M10:21:47.231","01771 10:09:38",218.68,884.04,,,,"     ",5.30,299.01,1.98
1771,554704280,"01771M10:21:48.205","01771 10:09:39",218.76,884.12,,,,"     ",5.30,291.12,1.93
1771,554704281,"01771M10:21:49.178","01771 10:09:40",218.84,884.00,,,,"     ",5.30,293.14,1.94
1771,554704282,"01771M10:21:50.151","01771 10:09:41",218.90,884.06,,,,"     ",5.30,293.09,1.94
1771,554704283,"01771M10:21:51.124","01771 10:09:42",218.97,883.99,,,,"     ",5.30,297.45,1.97
1771,554704284,"01771M10:21:52.098","01771 10:09:43",219.06,883.98,,,,"     ",5.30,296.49,1.97
1771,554704285,"01771M10:21:53.071","01771 10:09:44",219.18,883.90,,,,"     ",5.30,290.96,1.93
1771,554704286,"01771M10:21:54.044","01771 10:09:45",219.33,883.91,,,,"     ",5.30,292.32,1.94
1771,554704287,"01771M10:21:55.017","01771 10:09:46",219.51,883.95,,,,"     ",5.30,297.83,1.98
1771,554704288,"01771M10:21:55.991","01771 10:09:47",219.69,883.95,,,,"     ",5.30,291.34,1.94
1771,554704289,"01771M10:21:56.964","01771 10:09:48",219.86,883.85,,,,"     ",5.30,297.52,1.98
1771,554704290,"01771M10:21:57.937","01771 10:09:49",220.02,883.88,,,,"     ",5.30,295.86,1.97
1771,554704291,"01771M10:21:58.910","01771 10:09:50",220.14,883.82,,,,"     ",5.30,298.68,1.99
1771,554704292,"01771M10:21:59.884","01771 10:09:51",220.22,883.92,,,,"     ",5.30,293.22,1.95
1771,554704293,"01771M10:22:00.857","01771 10:09:52",220.28,883.91,,,,"     ",5.30,297.06,1.98
1771,554704294,"01771M10:22:01.830","01771 10:09:53",220.30,883.87,,,,"     ",5.30,296.33,1.97
1771,554704295,"01771M10:22:02.803","01771 10:09:54",220.30,883.83,,,,"     ",5.30,292.26,1.94
1771,554704296,"01771M10:22:03.777","01771 10:09:55",220.28,883.84,,,,"     ",5.30,294.69,1.96
1771,554704297,"01771M10:22:04.750","01771 10:09:56",220.24,883.75,,,,"     ",5.30,296.89,1.98
1771,554704298,"01771M10:22:05.723","01771 10:09:57",220.19,883.81,,,,"     ",5.30,296.92,1.98
1771,554704299,"01771M10:22:06.696","01771 10:09:58",220.13,883.89,,,,"     ",5.30,293.93,1.96
1771,554704300,"01771M10:22:07.670","01771 10:09:59",220.05,883.96,,,,"     ",5.30,294.47,1.96
1771,554704301,"01771M10:22:08.643","01771 10:10:00",219.97,883.88,,,,"     ",5.30,294.57,1.96
1771,554704302,"01771M10:22:09.616","01771 10:10:01",219.88,883.92,,,,"     ",5.30,294.42,1.96
1771,554704303,"01771M10:22:10.589","01771 10:10:02",219.82,883.88,,,,"     ",5.30,292.18,1.94
1771,554704304,"01771M10:22:11.563","01771 10:10:03",219.80,883.93,,,,"     ",5.30,295.55,1.97
1771,554704305,"01771M10:22:12.536","01771 10:10:04",219.83,883.94,,,,"     ",5.30,294.91,1.96
1771,554704306,"01771M10:22:13.509","01771 10:10:05",219.91,883.93,,,,"     ",5.30,294.69,1.96
1771,554704307,"01771M10:22:14.482","01771 10:10:06",220.04,883.94,,,,"     ",5.30,294.36,1.96
1771,554704308,"01771M10:22:15.456","01771 10:10:07",220.19,884.00,,,,"     ",5.30,293.95,1.96
1771,554704309,"01771M10:22:16.429","01771 10:10:08",220.33,884.02,,,,"     ",5.30,297.89,1.98
1771,554704310,"01771M10:22:17.402","01771 10:10:09",220.47,884.03,,,,"     ",5.30,294.51,1.96
1771,554704311,"01771M10:22:18.375","01771 10:10:10",220.58,884.00,,,,"     ",5.30,295.64,1.97
1771,554704312,"01771M10:22:19.349","01771 10:10:11",220.68,883.96,,,,"     ",5.30,291.56,1.94
1771,554704313,"01771M10:22:20.322","01771 10:10:12",220.75,883.90,,,,"     ",5.30,295.05,1.97
1771,554704314,"01771M10:22:21.295","01771 10:10:12",220.81,883.90,,,,"     ",5.30,295.86,1.97
1771,554704315,"01771M10:22:22.268","01771 10:10:13",220.89,883.87,,,,"     ",5.30,296.76,1.98
1771,554704316,"01771M10:22:23.242","01771 10:10:14",220.97,883.91,,,,"     ",5.30,295.26,1.97
1771,554704317,"01771M10:22:24.215","01771 10:10:15",221.09,883.90,,,,"     ",5.30,295.71,1.97
1771,554704318,"01771M10:22:25.188","01771 10:10:16",221.25,883.88,,,,"     ",5.30,292.71,1.95
1771,554704319,"01771M10:22:26.161","01771 10:10:17",221.42,883.88,,,,"     ",5.30,295.20,1.96
1771,554704320,"01771M10:22:27.135","01771 10:10:18",221.59,883.85,,,,"     ",5.30,296.65,1.98
1771,554704321,"01771M10:22:28.108","01771 10:10:19",221.74,883.95,,,,"     ",5.30,297.20,1.98
1771,554704322,"01771M10:22:29.081","01771 10:10:20",221.87,883.92,,,,"     ",5.30,293.74,1.95
1771,554704323,"01771M10:22:30.055","01771 10:10:21",222.00,883.88,,,,"     ",5.30,295.36,1.96
1771,554704324,"01771M10:22:31.028","01771 10:10:22",222.13,883.93,,,,"     ",5.30,293.79,1.95
1771,554704325,"01771M10:22:32.001","01771 10:10:23",222.28,883.86,,,,"     ",5.30,294.49,1.96
1771,554704326,"01771M10:22:32.974","01771 10:10:24",222.44,883.89,,,,"     ",5.30,296.67,1.97
1771,554704327,"01771M10:22:33.948","01771 10:10:25",222.60,883.85,,,,"     ",5.30,293.85,1.95
1771,554704328,"01771M10:22:34.921","01771 10:10:26",222.74,883.84,,,,"     ",5.30,296.38,1.97
1771,554704329,"01771M10:22:35.894","01771 10:10:27",222.87,883.81,,,,"     ",5.30,295.65,1.96
1771,554704330,"01771M10:22:36.867","01771 10:10:28",222.97,883.86,,,,"     ",5.30,295.38,1.96
1771,554704331,"01771M10:22:37.841","01771 10:10:29",223.05,883.85,,,,"     ",5.30,293.16,1.95
1771,554704332,"01771M10:22:38.814","01771 10:10:30",223.11,883.94,,,,"     ",5.30,296.21,1.97
1771,554704333,"01771M10:22:39.787","01771 10:10:31",223.16,883.96,,,,"     ",5.30,296.87,1.97
1771,554704334,"01771M10:22:40.760","01771 10:10:32",223.21,883.91,,,,"     ",5.30,292.99,1.94
1771,554704335,"01771M10:22:41.734","01771 10:10:33",223.27,883.89,,,,"     ",5.30,293.24,1.94
1771,554704336,"01771M10:22:42.707","01771 10:10:34",223.34,883.90,,,,"     ",5.30,294.71,1.95
1771,554704337,"01771M10:22:43.680","01771 10:10:35",223.43,883.86,,,,"     ",5.30,296.67,1.97
1771,554704338,"01771M10:22:44.653","01771 10:10:36",223.52,883.87,,,,"     ",5.30,295.48,1.96
1771,554704339,"01771M10:22:45.627","01771 10:10:37",223.61,883.87,,,,"     ",5.30,294.88,1.95
1771,554704340,"01771M10:22:46.600","01771 10:10:38",223.69,883.84,,,,"     ",5.30,298.27,1.98
1771,554704341,"01771M10:22:47.573","01771 10:10:39",223.76,883.76,,,,"     ",5.30,294.72,1.95
1771,554704342,"01771M10:22:48.546","01771 10:10:40",223.82,883.87,,,,"     ",5.30,294.28,1.95
1771,554704343,"01771M10:22:49.520","01771 10:10:41",223.90,883.90,,,,"     ",5.30,295.26,1.95
1771,554704344,"01771M10:22:50.493","01771 10:10:42",224.01,883.81,,,,"     ",5.30,298.08,1.97
1771,554704345,"01771M10:22:51.466","01771 10:10:43",224.15,883.83,,,,"     ",5.30,295.77,1.95
1771,554704346,"01771M10:22:52.439","01771 10:10:44",224.32,883.82,,,,"     ",5.30,295.33,1.95
1771,554704347,"01771M10:22:53.413","01771 10:10:45",224.50,883.86,,,,"     ",5.30,295.13,1.95
1771,554704348,"01771M10:22:54.386","01771 10:10:46",224.68,883.76,,,,"     ",5.30,297.43,1.96
1771,554704349,"01771M10:22:55.359","01771 10:10:47",224.83,883.77,,,,"     ",5.30,297.63,1.96
1771,554704350,"01771M10:22:56.332","01771 10:10:48",224.94,883.81,,,,"     ",5.30,297.52,1.96
1771,554704351,"01771M10:22:57.306","01771 10:10:49",225.00,883.80,,,,"     ",5.30,294.94,1.94
1771,554704352,"01771M10:22:58.279","01771 10:10:49",225.01,883.80,,,,"     ",5.30,295.76,1.95
1771,554704353,"01771M10:22:59.252","01771 10:10:50",224.98,883.87,,,,"     ",5.30,297.25,1.96
1771,554704354,"01771M10:23:00.225","01771 10:10:51",224.96,883.80,,,,"     ",5.30,293.99,1.94
1771,554704355,"01771M10:23:01.199","01771 10:10:52",224.95,883.84,,,,"     ",5.30,294.69,1.94
1771,554704356,"01771M10:23:02.172","01771 10:10:53",224.98,883.79,,,,"     ",5.30,294.45,1.94
1771,554704357,"01771M10:23:03.145","01771 10:10:54",225.02,883.79,,,,"     ",5.30,298.76,1.97
1771,554704358,"01771M10:23:04.118","01771 10:10:55",225.07,883.86,,,,"     ",5.30,296.23,1.95
1771,554704359,"01771M10:23:05.092","01771 10:10:56",225.11,883.78,,,,"     ",5.30,296.41,1.95
1771,554704360,"01771M10:23:06.065","01771 10:10:57",225.13,883.79,,,,"     ",5.30,295.98,1.94
1771,554704361,"01771M10:23:07.038","01771 10:10:58",225.16,883.77,,,,"     ",5.30,297.21,1.95
1771,554704362,"01771M10:23:08.011","01771 10:10:59",225.19,883.76,,,,"     ",5.30,298.76,1.96
1771,554704363,"01771M10:23:08.985","01771 10:11:00",225.24,883.75,,,,"     ",5.30,295.64,1.94
1771,554704364,"01771M10:23:09.958","01771 10:11:01",225.29,883.75,,,,"     ",5.30,295.54,1.94
1771,554704365,"01771M10:23:10.931","01771 10:11:02",225.38,883.74,,,,"     ",5.30,296.13,1.94
1771,554704366,"01771M10:23:11.904","01771 10:11:03",225.49,883.82,,,,"     ",5.30,296.72,1.94
1771,554704367,"01771M10:23:12.878","01771 10:11:04",225.60,883.70,,,,"     ",5.30,298.96,1.96
1771,554704368,"01771M10:23:13.851","01771 10:11:05",225.70,883.76,,,,"     ",5.30,297.96,1.95
1771,554704369,"01771M10:23:14.824","01771 10:11:06",225.79,883.76,,,,"     ",5.30,295.58,1.93
1771,554704370,"01771M10:23:15.797","01771 10:11:07",225.88,883.80,,,,"     ",5.30,298.97,1.95
1771,554704371,"01771M10:23:16.771","01771 10:11:08",225.96,883.67,,,,"     ",5.30,296.92,1.94
1771,554704372,"01771M10:23:17.744","01771 10:11:09",226.05,883.67,,,,"     ",5.30,298.45,1.95
1771,554704373,"01771M10:23:18.717","01771 10:11:10",226.14,883.70,,,,"     ",5.30,299.97,1.96
1771,554704374,"01771M10:23:19.690","01771 10:11:11",226.24,883.62,,,,"     ",5.30,297.25,1.94
1771,554704375,"01771M10:23:20.664","01771 10:11:12",226.36,883.60,,,,"     ",5.30,298.15,1.94
1771,554704376,"01771M10:23:21.637","01771 10:11:13",226.48,883.62,,,,"     ",5.30,297.31,1.94
1771,554704377,"01771M10:23:22.610","01771 10:11:14",226.60,883.66,,,,"     ",5.30,298.77,1.95
1771,554704378,"01771M10:23:23.583","01771 10:11:15",226.71,883.61,,,,"     ",5.30,298.20,1.94
1771,554704379,"01771M10:23:24.557","01771 10:11:16",226.81,883.68,,,,"     ",5.30,299.35,1.95
1771,554704380,"01771M10:23:25.530","01771 10:11:17",226.89,883.60,,,,"     ",5.30,300.06,1.95
1771,554704381,"01771M10:23:26.503","01771 10:11:18",226.96,883.61,,,,"     ",5.30,299.02,1.94
1771,554704382,"01771M10:23:27.476","01771 10:11:19",227.00,883.64,,,,"     ",5.30,299.88,1.95
1771,554704383,"01771M10:23:28.450","01771 10:11:20",227.04,883.55,,,,"     ",5.30,301.33,1.96
1771,554704384,"01771M10:23:29.423","01771 10:11:21",227.05,883.58,,,,"     ",5.30,297.89,1.93
1771,554704385,"01771M10:23:30.396","01771 10:11:22",227.06,883.60,,,,"     ",5.30,299.72,1.94
1771,554704386,"01771M10:23:31.369","01771 10:11:23",227.09,883.66,,,,"     ",5.30,300.84,1.95
1771,554704387,"01771M10:23:32.343","01771 10:11:24",227.13,883.65,,,,"     ",5.30,299.32,1.94
1771,554704388,"01771M10:23:33.316","01771 10:11:25",227.17,883.70,,,,"     ",5.30,299.69,1.94
1771,554704389,"01771M10:23:34.289","01771 10:11:26",227.20,883.66,,,,"     ",5.30,299.55,1.94
1771,554704390,"01771M10:23:35.262","01771 10:11:26",227.24,883.62,,,,"     ",5.30,302.41,1.96
1771,554704391,"01771M10:23:36.236","01771 10:11:27",227.28,883.56,,,,"     ",5.30,300.74,1.94
1771,554704392,"01771M10:23:37.209","01771 10:11:28",227.33,883.60,,,,"     ",5.30,301.33,1.95
1771,554704393,"01771M10:23:38.182","01771 10:11:29",227.39,883.62,,,,"     ",5.30,298.80,1.93
1771,554704394,"01771M10:23:39.156","01771 10:11:30",227.47,883.54,,,,"     ",5.30,305.09,1.97
1771,554704395,"01771M10:23:40.129","01771 10:11:31",227.58,883.55,,,,"     ",5.30,302.62,1.95
1771,554704396,"01771M10:23:41.102","01771 10:11:32",227.69,883.56,,,,"     ",5.30,297.75,1.92
1771,554704397,"01771M10:23:42.075","01771 10:11:33",227.79,883.65,,,,"     ",5.30,299.00,1.92
1771,554704398,"01771M10:23:43.049","01771 10:11:34",227.86,883.61,,,,"     ",5.30,298.26,1.92
1771,554704399,"01771M10:23:44.022","01771 10:11:35",227.89,883.63,,,,"     ",5.30,300.21,1.93
1771,554704400,"01771M10:23:44.995","01771 10:11:36",227.87,883.63,,,,"     ",5.30,302.51,1.95
1771,554704401,"01771M10:23:45.968","01771 10:11:37",227.80,883.54,,,,"     ",5.30,302.47,1.94
1771,554704402,"01771M10:23:46.942","01771 10:11:38",227.70,883.56,,,,"     ",5.30,298.99,1.92
1771,554704403,"01771M10:23:47.915","01771 10:11:39",227.59,883.56,,,,"     ",5.30,306.70,1.97
1771,554704404,"01771M10:23:48.888","01771 10:11:40",227.50,883.56,,,,"     ",5.30,299.78,1.92
1771,554704405,"01771M10:23:49.861","01771 10:11:41",227.46,883.55,,,,"     ",5.30,300.62,1.93
1771,554704406,"01771M10:23:50.835","01771 10:11:42",227.48,883.61,,,,"     ",5.30,301.44,1.93
1771,554704407,"01771M10:23:51.808","01771 10:11:43",227.56,883.57,,,,"     ",5.30,300.48,1.93
1771,554704408,"01771M10:23:52.781","01771 10:11:44",227.66,883.57,,,,"     ",5.30,299.80,1.92
1771,554704409,"01771M10:23:53.754","01771 10:11:45",227.76,883.52,,,,"     ",5.30,300.36,1.92
1771,554704410,"01771M10:23:54.728","01771 10:11:46",227.84,883.55,,,,"     ",5.30,301.88,1.93
1771,554704411,"01771M10:23:55.701","01771 10:11:47",227.90,883.52,,,,"     ",5.30,300.66,1.92
1771,554704412,"01771M10:23:56.674","01771 10:11:48",227.97,883.50,,,,"     ",5.30,304.14,1.95
1771,554704413,"01771M10:23:57.647","01771 10:11:49",228.05,883.50,,,,"     ",5.30,300.39,1.92
1771,554704414,"01771M10:23:58.621","01771 10:11:50",228.14,883.48,,,,"     ",5.30,300.01,1.92
1771,554704415,"01771M10:23:59.594","01771 10:11:51",228.25,883.49,,,,"     ",5.30,301.72,1.93
1771,554704416,"01771M10:24:00.567","01771 10:11:52",228.35,883.50,,,,"     ",5.30,300.25,1.92
1771,554704417,"01771M10:24:01.540","01771 10:11:53",228.39,883.51,,,,"     ",5.30,302.03,1.93
1771,554704418,"01771M10:24:02.514","01771 10:11:54",228.25,883.57,,,,"     ",5.30,299.90,1.91
1771,554704419,"01771M10:24:03.487","01771 10:11:55",228.11,883.63,,,,"     ",5.30,300.78,1.92
1771,554704420,"01771M10:24:04.460","01771 10:11:56",227.96,883.57,,,,"     ",5.30,302.72,1.93
1771,554704421,"01771M10:24:05.433","01771 10:11:57",227.82,883.61,,,,"     ",5.30,302.63,1.93
1771,554704422,"01771M10:24:06.407","01771 10:11:58",227.69,883.53,,,,"     ",5.30,303.50,1.93
1771,554704423,"01771M10:24:07.380","01771 10:11:59",227.58,883.60,,,,"     ",5.30,307.89,1.96
1771,554704424,"01771M10:24:08.353","01771 10:12:00",227.49,883.53,,,,"     ",5.30,302.92,1.93
1771,554704425,"01771M10:24:09.326","01771 10:12:01",227.41,883.62,,,,"     ",5.30,301.13,1.92
1771,554704426,"01771M10:24:10.300","01771 10:12:02",227.36,883.55,,,,"     ",5.30,302.74,1.93
1771,554704427,"01771M10:24:11.273","01771 10:12:02",227.32,883.59,,,,"     ",5.30,303.07,1.93
1771,554704428,"01771M10:24:12.246","01771 10:12:03",227.30,883.63,,,,"     ",5.30,302.54,1.93
1771,554704429,"01771M10:24:13.219","01771 10:12:04",227.20,883.62,,,,"     ",5.30,300.69,1.91
1771,554704430,"01771M10:24:14.193","01771 10:12:05",227.15,883.59,,,,"     ",5.30,301.08,1.91
1771,554704431,"01771M10:24:15.166","01771 10:12:06",227.15,883.53,,,,"     ",5.30,305.61,1.94
1771,554704432,"01771M10:24:16.139","01771 10:12:07",227.21,883.62,,,,"     ",5.30,304.70,1.94
1771,554704433,"01771M10:24:17.112","01771 10:12:08",227.30,883.59,,,,"     ",5.30,302.60,1.92
1771,554704434,"01771M10:24:18.086","01771 10:12:09",227.28,883.49,,,,"     ",5.30,303.51,1.93
1771,554704435,"01771M10:24:19.059","01771 10:12:10",227.24,883.53,,,,"     ",5.30,303.76,1.93
1771,554704436,"01771M10:24:20.032","01771 10:12:11",227.22,883.51,,,,"     ",5.30,302.28,1.92
1771,554704437,"01771M10:24:21.005","01771 10:12:12",227.19,883.50,,,,"     ",5.30,302.39,1.92
1771,554704438,"01771M10:24:21.979","01771 10:12:13",227.19,883.58,,,,"     ",5.30,304.34,1.93
1771,554704439,"01771M10:24:22.952","01771 10:12:14",227.22,883.55,,,,"     ",5.30,304.72,1.93
1771,554704440,"01771M10:24:23.925","01771 10:12:15",227.26,883.53,,,,"     ",5.30,301.94,1.92
1771,554704441,"01771M10:24:24.898","01771 10:12:16",227.32,883.54,,,,"     ",5.30,303.19,1.92
1771,554704442,"01771M10:24:25.872","01771 10:12:17",227.38,883.55,,,,"     ",5.30,301.75,1.91
1771,554704443,"01771M10:24:26.845","01771 10:12:18",227.44,883.55,,,,"     ",5.30,304.07,1.93
1771,554704444,"01771M10:24:27.818","01771 10:12:19",227.49,883.49,,,,"     ",5.30,302.09,1.91
1771,554704445,"01771M10:24:28.791","01771 10:12:20",227.52,883.51,,,,"     ",5.30,304.63,1.93
1771,554704446,"01771M10:24:29.765","01771 10:12:21",227.54,883.46,,,,"     ",5.30,304.47,1.93
1771,554704447,"01771M10:24:30.738","01771 10:12:22",227.53,883.52,,,,"     ",5.30,301.42,1.91
1771,554704448,"01771M10:24:31.711","01771 10:12:23",227.50,883.47,,,,"     ",5.30,303.47,1.92
1771,554704449,"01771M10:24:32.684","01771 10:12:24",227.46,883.41,,,,"     ",5.30,306.23,1.94
1771,554704450,"01771M10:24:33.658","01771 10:12:25",227.41,883.51,,,,"     ",5.30,304.71,1.93
1771,554704451,"01771M10:24:34.631","01771 10:12:26",227.34,883.45,,,,"     ",5.30,306.51,1.94
1771,554704452,"01771M10:24:35.604","01771 10:12:27",227.28,883.44,,,,"     ",5.30,304.91,1.93
1771,554704453,"01771M10:24:36.577","01771 10:12:28",227.22,883.43,,,,"     ",5.30,304.66,1.93
1771,554704454,"01771M10:24:37.551","01771 10:12:29",227.17,883.48,,,,"     ",5.30,307.03,1.94
1771,554704455,"01771M10:24:38.524","01771 10:12:30",227.15,883.45,,,,"     ",5.30,303.05,1.92
1771,554704456,"01771M10:24:39.497","01771 10:12:31",227.14,883.56,,,,"     ",5.30,303.60,1.92
1771,554704457,"01771M10:24:40.470","01771 10:12:32",227.16,883.52,,,,"     ",5.30,304.39,1.93
1771,554704458,"01771M10:24:41.444","01771 10:12:33",227.20,883.48,,,,"     ",5.30,302.94,1.92
1771,554704459,"01771M10:24:42.417","01771 10:12:34",227.24,883.53,,,,"     ",5.30,301.57,1.91
1771,554704460,"01771M10:24:43.390","01771 10:12:35",227.30,883.50,,,,"     ",5.30,303.08,1.92
1771,554704461,"01771M10:24:44.363","01771 10:12:36",227.37,883.47,,,,"     ",5.30,303.35,1.92
1771,554704462,"01771M10:24:45.337","01771 10:12:37",227.44,883.44,,,,"     ",5.30,308.54,1.95
1771,554704463,"01771M10:24:46.310","01771 10:12:38",227.52,883.40,,,,"     ",5.30,302.85,1.91
1771,554704464,"01771M10:24:47.283","01771 10:12:39",227.61,883.42,,,,"     ",5.30,302.67,1.91
1771,554704465,"01771M10:24:48.257","01771 10:12:39",227.70,883.38,,,,"     ",5.30,305.57,1.93
1771,554704466,"01771M10:24:49.230","01771 10:12:40",227.79,883.40,,,,"     ",5.30,304.53,1.92
1771,554704467,"01771M10:24:50.203","01771 10:12:41",227.86,883.43,,,,"     ",5.30,304.13,1.92
1771,554704468,"01771M10:24:51.176","01771 10:12:42",227.92,883.37,,,,"     ",5.30,304.14,1.92
1771,554704469,"01771M10:24:52.150","01771 10:12:43",227.97,883.43,,,,"     ",5.30,302.72,1.91
1771,554704470,"01771M10:24:53.123","01771 10:12:44",228.01,883.38,,,,"     ",5.30,302.20,1.91
1771,554704471,"01771M10:24:54.096","01771 10:12:45",228.05,883.40,,,,"     ",5.30,302.70,1.91
1771,554704472,"01771M10:24:55.069","01771 10:12:46",228.10,883.34,,,,"     ",5.30,304.79,1.92
1771,554704473,"01771M10:24:56.043","01771 10:12:47",228.14,883.32,,,,"     ",5.30,304.52,1.92
1771,554704474,"01771M10:24:57.016","01771 10:12:48",228.19,883.36,,,,"     ",5.30,307.10,1.94
1771,554704475,"01771M10:24:57.989","01771 10:12:49",228.24,883.31,,,,"     ",5.30,306.40,1.93
1771,554704476,"01771M10:24:58.962","01771 10:12:50",228.29,883.34,,,,"     ",5.30,305.49,1.92
1771,554704477,"01771M10:24:59.936","01771 10:12:51",228.35,883.28,,,,"     ",5.30,307.93,1.94
1771,554704478,"01771M10:25:00.909","01771 10:12:52",228.40,883.33,,,,"     ",5.30,307.21,1.94
1771,554704479,"01771M10:25:01.882","01771 10:12:53",228.45,883.34,,,,"     ",5.30,307.27,1.93
1771,554704480,"01771M10:25:02.855","01771 10:12:54",228.49,883.33,,,,"     ",5.30,307.71,1.94
1771,554704481,"01771M10:25:03.829","01771 10:12:55",228.52,883.30,,,,"     ",5.30,306.85,1.93
1771,554704482,"01771M10:25:04.802","01771 10:12:56",228.55,883.27,,,,"     ",5.30,308.66,1.94
1771,554704483,"01771M10:25:05.775","01771 10:12:57",228.56,883.26,,,,"     ",5.30,304.85,1.92
1771,554704484,"01771M10:25:06.748","01771 10:12:58",228.57,883.32,,,,"     ",5.30,304.69,1.92
1771,554704485,"01771M10:25:07.722","01771 10:12:59",228.56,883.40,,,,"     ",5.30,304.42,1.91
1771,554704486,"01771M10:25:08.695","01771 10:13:00",228.54,883.31,,,,"     ",5.30,307.21,1.93
1771,554704487,"01771M10:25:09.668","01771 10:13:01",228.49,883.27,,,,"     ",5.30,303.26,1.90
1771,554704488,"01771M10:25:10.641","01771 10:13:02",228.43,883.23,,,,"     ",5.30,303.47,1.90
1771,554704489,"01771M10:25:11.615","01771 10:13:03",228.34,883.20,,,,"     ",5.30,308.11,1.93
1771,554704490,"01771M10:25:12.588","01771 10:13:04",228.26,883.22,,,,"     ",5.30,307.72,1.93
1771,554704491,"01771M10:25:13.561","01771 10:13:05",228.19,883.22,,,,"     ",5.30,303.91,1.91
1771,554704492,"01771M10:25:14.534","01771 10:13:06",228.12,883.26,,,,"     ",5.30,306.74,1.92
1771,554704493,"01771M10:25:15.508","01771 10:13:07",228.06,883.28,,,,"     ",5.30,308.13,1.93
1771,554704494,"01771M10:25:16.481","01771 10:13:08",228.02,883.29,,,,"     ",5.30,308.11,1.93
1771,554704495,"01771M10:25:17.454","01771 10:13:09",227.99,883.16,,,,"     ",5.30,304.84,1.91
1771,554704496,"01771M10:25:18.427","01771 10:13:10",227.98,883.20,,,,"     ",5.30,307.99,1.93
1771,554704497,"01771M10:25:19.401","01771 10:13:11",227.98,883.24,,,,"     ",5.30,307.12,1.92
1771,554704498,"01771M10:25:20.374","01771 10:13:12",228.01,883.20,,,,"     ",5.30,305.52,1.91
1771,554704499,"01771M10:25:21.347","01771 10:13:13",228.05,883.21,,,,"     ",5.30,307.63,1.92
1771,554704500,"01771M10:25:22.320","01771 10:13:14",228.13,883.24,,,,"     ",5.30,310.50,1.94
1771,554704501,"01771M10:25:23.294","01771 10:13:15",228.22,883.24,,,,"     ",5.30,309.10,1.93
1771,554704502,"01771M10:25:24.267","01771 10:13:16",228.34,883.24,,,,"     ",5.30,304.82,1.90
1771,554704503,"01771M10:25:25.240","01771 10:13:16",228.46,883.30,,,,"     ",5.30,309.13,1.93
1771,554704504,"01771M10:25:26.213","01771 10:13:17",228.56,883.31,,,,"     ",5.30,307.40,1.92
1771,554704505,"01771M10:25:27.187","01771 10:13:18",228.64,883.32,,,,"     ",5.30,305.31,1.91
1771,554704506,"01771M10:25:28.160","01771 10:13:19",228.69,883.24,,,,"     ",5.30,307.62,1.92
1771,554704507,"01771M10:25:29.133","01771 10:13:20",228.71,883.30,,,,"     ",5.30,309.15,1.93
1771,554704508,"01771M10:25:30.106","01771 10:13:21",228.70,883.22,,,,"     ",5.30,308.94,1.93
1771,554704509,"01771M10:25:31.080","01771 10:13:22",228.67,883.26,,,,"     ",5.30,308.75,1.93
1771,554704510,"01771M10:25:32.053","01771 10:13:23",228.62,883.21,,,,"     ",5.30,305.29,1.90
1771,554704511,"01771M10:25:33.026","01771 10:13:24",228.57,883.16,,,,"     ",5.30,304.20,1.90
1771,554704512,"01771M10:25:33.999","01771 10:13:25",228.52,883.17,,,,"     ",5.30,308.90,1.93
1771,554704513,"01771M10:25:34.973","01771 10:13:26",228.48,883.17,,,,"     ",5.30,307.04,1.91
1771,554704514,"01771M10:25:35.946","01771 10:13:27",228.44,883.26,,,,"     ",5.30,307.55,1.92
1771,554704515,"01771M10:25:36.919","01771 10:13:28",228.42,883.20,,,,"     ",5.30,306.75,1.91
1771,554704516,"01771M10:25:37.892","01771 10:13:29",228.41,883.16,,,,"     ",5.30,310.14,1.93
1771,554704517,"01771M10:25:38.866","01771 10:13:30",228.42,883.24,,,,"     ",5.30,305.72,1.90
1771,554704518,"01771M10:25:39.839","01771 10:13:31",228.44,883.15,,,,"     ",5.30,307.94,1.92
1771,554704519,"01771M10:25:40.812","01771 10:13:32",228.47,883.08,,,,"     ",5.30,305.64,1.90
1771,554704520,"01771M10:25:41.785","01771 10:13:33",228.50,883.20,,,,"     ",5.30,309.30,1.92
1771,554704521,"01771M10:25:42.759","01771 10:13:34",228.53,883.09,,,,"     ",5.30,310.43,1.93
1771,554704522,"01771M10:25:43.732","01771 10:13:35",228.56,883.00,,,,"     ",5.30,306.71,1.91
1771,554704523,"01771M10:25:44.705","01771 10:13:36",228.57,883.07,,,,"     ",5.30,306.61,1.91
1771,554704524,"01771M10:25:45.678","01771 10:13:37",228.57,883.27,,,,"     ",5.30,309.26,1.92
1771,554704525,"01771M10:25:46.652","01771 10:13:38",228.54,883.20,,,,"     ",5.30,310.52,1.93
1771,554704526,"01771M10:25:47.625","01771 10:13:39",228.50,883.17,,,,"     ",5.30,305.79,1.90
1771,554704527,"01771M10:25:48.598","01771 10:13:40",228.43,883.14,,,,"     ",5.30,308.52,1.92
1771,554704528,"01771M10:25:49.571","01771 10:13:41",228.34,883.13,,,,"     ",5.30,307.50,1.91
1771,554704529,"01771M10:25:50.545","01771 10:13:42",228.23,883.15,,,,"     ",5.30,310.89,1.93
1771,554704530,"01771M10:25:51.518","01771 10:13:43",228.12,883.19,,,,"     ",5.30,311.42,1.93
1771,554704531,"01771M10:25:52.491","01771 10:13:44",228.01,883.23,,,,"     ",5.30,311.42,1.93
1771,554704532,"01771M10:25:53.464","01771 10:13:45",227.92,883.19,,,,"     ",5.30,306.41,1.90
1771,554704533,"01771M10:25:54.438","01771 10:13:46",227.84,883.24,,,,"     ",5.30,310.36,1.93
1771,554704534,"01771M10:25:55.411","01771 10:13:47",227.78,883.08,,,,"     ",5.30,308.63,1.91
1771,554704535,"01771M10:25:56.384","01771 10:13:48",227.73,883.11,,,,"     ",5.30,311.38,1.93
1771,554704536,"01771M10:25:57.358","01771 10:13:49",227.70,883.16,,,,"     ",5.30,308.65,1.91
1771,554704537,"01771M10:25:58.331","01771 10:13:50",227.69,883.16,,,,"     ",5.30,310.96,1.93
1771,554704538,"01771M10:25:59.304","01771 10:13:51",227.69,883.19,,,,"     ",5.30,308.54,1.91
1771,554704539,"01771M10:26:00.277","01771 10:13:52",227.71,883.17,,,,"     ",5.30,310.88,1.93
1771,554704540,"01771M10:26:01.251","01771 10:13:52",227.74,883.14,,,,"     ",5.30,306.64,1.90
1771,554704541,"01771M10:26:02.224","01771 10:13:53",227.77,883.19,,,,"     ",5.30,309.73,1.92
1771,554704542,"01771M10:26:03.197","01771 10:13:54",227.81,883.12,,,,"     ",5.30,310.16,1.92
1771,554704543,"01771M10:26:04.170","01771 10:13:55",227.83,883.14,,,,"     ",5.30,312.95,1.94
1771,554704544,"01771M10:26:05.144","01771 10:13:56",227.85,883.13,,,,"     ",5.30,310.50,1.92
1771,554704545,"01771M10:26:06.117","01771 10:13:57",227.86,883.06,,,,"     ",5.30,308.81,1.91
1771,554704546,"01771M10:26:07.090","01771 10:13:58",227.86,883.11,,,,"     ",5.30,308.64,1.91
1771,554704547,"01771M10:26:08.063","01771 10:13:59",227.86,882.98,,,,"     ",5.30,312.42,1.93
1771,554704548,"01771M10:26:09.037","01771 10:14:00",227.89,882.99,,,,"     ",5.30,311.06,1.92
1771,554704549,"01771M10:26:10.010","01771 10:14:01",227.94,882.93,,,,"     ",5.30,309.13,1.91
1771,554704550,"01771M10:26:10.983","01771 10:14:02",228.01,882.95,,,,"     ",5.30,311.50,1.93
1771,554704551,"01771M10:26:11.956","01771 10:14:03",228.11,882.98,,,,"     ",5.30,312.49,1.93
1771,554704552,"01771M10:26:12.930","01771 10:14:04",228.22,882.97,,,,"     ",5.30,311.01,1.92
1771,554704553,"01771M10:26:13.903","01771 10:14:05",228.34,883.03,,,,"     ",5.30,310.64,1.92
1771,554704554,"01771M10:26:14.876","01771 10:14:06",228.45,883.10,,,,"     ",5.30,309.44,1.91
1771,554704555,"01771M10:26:15.849","01771 10:14:07",228.56,883.06,,,,"     ",5.30,311.00,1.92
1771,554704556,"01771M10:26:16.823","01771 10:14:08",228.65,883.01,,,,"     ",5.30,309.01,1.91
1771,554704557,"01771M10:26:17.796","01771 10:14:09",228.69,882.98,,,,"     ",5.30,309.91,1.91
1771,554704558,"01771M10:26:18.769","01771 10:14:10",228.72,883.06,,,,"     ",5.30,307.99,1.90
1771,554704559,"01771M10:26:19.742","01771 10:14:11",228.75,883.01,,,,"     ",5.30,310.56,1.91
1771,554704560,"01771M10:26:20.716","01771 10:14:12",228.77,883.07,,,,"     ",5.30,309.53,1.91
1771,554704561,"01771M10:26:21.689","01771 10:14:13",228.79,883.09,,,,"     ",5.30,309.17,1.90
1771,554704562,"01771M10:26:22.662","01771 10:14:14",228.80,883.05,,,,"     ",5.30,310.49,1.91
1771,554704563,"01771M10:26:23.635","01771 10:14:15",228.81,883.00,,,,"     ",5.30,313.72,1.93
1771,554704564,"01771M10:26:24.609","01771 10:14:16",228.81,882.94,,,,"     ",5.30,312.58,1.92
1771,554704565,"01771M10:26:25.582","01771 10:14:17",228.80,882.92,,,,"     ",5.30,310.89,1.91
1771,554704566,"01771M10:26:26.555","01771 10:14:18",228.78,882.93,,,,"     ",5.30,312.47,1.92
1771,554704567,"01771M10:26:27.528","01771 10:14:19",228.76,882.93,,,,"     ",5.30,312.36,1.92
1771,554704568,"01771M10:26:28.502","01771 10:14:20",228.73,882.82,,,,"     ",5.30,309.78,1.90
1771,554704569,"01771M10:26:29.475","01771 10:14:21",228.69,882.89,,,,"     ",5.30,314.11,1.93
1771,554704570,"01771M10:26:30.448","01771 10:14:22",228.65,882.95,,,,"     ",5.30,316.43,1.94
1771,554704571,"01771M10:26:31.421","01771 10:14:23",228.75,882.83,,,,"     ",5.30,314.01,1.93
1771,554704572,"01771M10:26:32.395","01771 10:14:24",228.77,882.93,,,,"     ",5.30,309.85,1.90
1771,554704573,"01771M10:26:33.368","01771 10:14:25",228.78,882.89,,,,"     ",5.30,312.94,1.92
1771,554704574,"01771M10:26:34.341","01771 10:14:26",228.79,882.91,,,,"     ",5.30,312.78,1.92
1771,554704575,"01771M10:26:35.314","01771 10:14:27",228.78,883.00,,,,"     ",5.30,314.64,1.93
1771,554704576,"01771M10:26:36.288","01771 10:14:28",228.76,882.91,,,,"     ",5.30,314.44,1.93
1771,554704577,"01771M10:26:37.261","01771 10:14:29",228.73,882.93,,,,"     ",5.30,312.30,1.91
1771,554704578,"01771M10:26:38.234","01771 10:14:29",228.70,882.85,,,,"     ",5.30,314.25,1.92
1771,554704579,"01771M10:26:39.207","01771 10:14:30",228.65,882.83,,,,"     ",5.30,316.16,1.93
1771,554704580,"01771M10:26:40.181","01771 10:14:31",228.60,882.84,,,,"     ",5.30,313.59,1.92
1771,554704581,"01771M10:26:41.154","01771 10:14:32",228.54,882.92,,,,"     ",5.30,314.97,1.92
1771,554704582,"01771M10:26:42.127","01771 10:14:33",228.47,882.89,,,,"     ",5.30,312.54,1.91
1771,554704583,"01771M10:26:43.100","01771 10:14:34",228.40,882.88,,,,"     ",5.30,314.80,1.92
1771,554704584,"01771M10:26:44.074","01771 10:14:35",228.30,882.92,,,,"     ",5.30,313.27,1.91
1771,554704585,"01771M10:26:45.047","01771 10:14:36",228.18,882.87,,,,"     ",5.30,314.41,1.92
1771,554704586,"01771M10:26:46.020","01771 10:14:37",228.10,882.82,,,,"     ",5.30,316.51,1.93
1771,554704587,"01771M10:26:46.993","01771 10:14:38",228.01,882.88,,,,"     ",5.30,315.67,1.93
1771,554704588,"01771M10:26:47.967","01771 10:14:39",227.92,882.87,,,,"     ",5.30,311.78,1.90
1771,554704589,"01771M10:26:48.940","01771 10:14:40",227.84,882.98,,,,"     ",5.30,313.46,1.91
1771,554704590,"01771M10:26:49.913","01771 10:14:41",227.75,882.87,,,,"     ",5.30,313.48,1.91
1771,554704591,"01771M10:26:50.886","01771 10:14:42",227.67,882.89,,,,"     ",5.30,317.00,1.93
1771,554704592,"01771M10:26:51.860","01771 10:14:43",227.59,882.87,,,,"     ",5.30,313.72,1.91
1771,554704593,"01771M10:26:52.833","01771 10:14:44",227.50,882.87,,,,"     ",5.30,313.93,1.91
1771,554704594,"01771M10:26:53.806","01771 10:14:45",227.39,882.80,,,,"     ",5.30,310.75,1.89
1771,554704595,"01771M10:26:54.779","01771 10:14:46",227.28,882.84,,,,"     ",5.30,310.69,1.89
1771,554704596,"01771M10:26:55.753","01771 10:14:47",227.16,882.86,,,,"     ",5.30,312.55,1.90
1771,554704597,"01771M10:26:56.726","01771 10:14:48",227.03,882.85,,,,"     ",5.30,312.05,1.90
1771,554704598,"01771M10:26:57.699","01771 10:14:49",226.90,882.85,,,,"     ",5.30,314.54,1.91
1771,554704599,"01771M10:26:58.672","01771 10:14:50",226.79,882.90,,,,"     ",5.30,313.68,1.91
1771,554704600,"01771M10:26:59.646","01771 10:14:51",226.69,882.81,,,,"     ",5.30,312.32,1.90
1771,554704601,"01771M10:27:00.619","01771 10:14:52",226.59,882.83,,,,"     ",5.30,313.24,1.90
1771,554704602,"01771M10:27:01.592","01771 10:14:53",226.51,882.84,,,,"     ",5.30,318.77,1.94
1771,554704603,"01771M10:27:02.565","01771 10:14:54",226.43,882.84,,,,"     ",5.30,312.48,1.90
1771,554704604,"01771M10:27:03.539","01771 10:14:55",226.33,882.76,,,,"     ",5.30,313.52,1.90
1771,554704605,"01771M10:27:04.512","01771 10:14:56",226.23,882.77,,,,"     ",5.30,314.71,1.91
1771,554704606,"01771M10:27:05.485","01771 10:14:57",226.10,882.83,,,,"     ",5.30,317.52,1.93
1771,554704607,"01771M10:27:06.459","01771 10:14:58",225.98,882.79,,,,"     ",5.30,314.98,1.91
1771,554704608,"01771M10:27:07.432","01771 10:14:59",225.86,882.72,,,,"     ",5.30,315.84,1.92
1771,554704609,"01771M10:27:08.405","01771 10:15:00",225.75,882.80,,,,"     ",5.30,315.79,1.92
1771,554704610,"01771M10:27:09.378","01771 10:15:01",225.66,882.86,,,,"     ",5.30,316.70,1.92
1771,554704611,"01771M10:27:10.352","01771 10:15:02",225.59,882.82,,,,"     ",5.30,316.20,1.92
1771,554704612,"01771M10:27:11.325","01771 10:15:03",225.54,882.86,,,,"     ",5.30,313.68,1.90
1771,554704613,"01771M10:27:12.298","01771 10:15:04",225.49,882.87,,,,"     ",5.30,311.63,1.89
1771,554704614,"01771M10:27:13.271","01771 10:15:05",225.47,882.84,,,,"     ",5.30,315.33,1.91
1771,554704615,"01771M10:27:14.245","01771 10:15:06",225.45,882.78,,,,"     ",5.30,316.56,1.92
1771,554704616,"01771M10:27:15.218","01771 10:15:06",225.45,882.85,,,,"     ",5.30,313.89,1.90
1771,554704617,"01771M10:27:16.191","01771 10:15:07",225.45,882.75,,,,"     ",5.30,314.93,1.91
1771,554704618,"01771M10:27:17.164","01771 10:15:08",225.46,882.79,,,,"     ",5.30,312.92,1.90
1771,554704619,"01771M10:27:18.138","01771 10:15:09",225.47,882.72,,,,"     ",5.30,317.86,1.93
1771,554704620,"01771M10:27:19.111","01771 10:15:10",225.47,882.74,,,,"     ",5.30,313.79,1.90
1771,554704621,"01771M10:27:20.084","01771 10:15:11",225.45,882.72,,,,"     ",5.30,314.77,1.91
1771,554704622,"01771M10:27:21.057","01771 10:15:12",225.41,882.64,,,,"     ",5.30,314.69,1.91
1771,554704623,"01771M10:27:22.031","01771 10:15:13",225.35,882.66,,,,"     ",5.30,315.38,1.91
1771,554704624,"01771M10:27:23.004","01771 10:15:14",225.28,882.65,,,,"     ",5.30,315.98,1.91
1771,554704625,"01771M10:27:23.977","01771 10:15:15",225.20,882.71,,,,"     ",5.30,315.48,1.91
1771,554704626,"01771M10:27:24.950","01771 10:15:16",225.11,882.77,,,,"     ",5.30,313.65,1.90
1771,554704627,"01771M10:27:25.924","01771 10:15:17",225.02,882.77,,,,"     ",5.30,314.80,1.91
1771,554704628,"01771M10:27:26.897","01771 10:15:18",224.94,882.72,,,,"     ",5.30,314.78,1.90
1771,554704629,"01771M10:27:27.870","01771 10:15:19",224.86,882.76,,,,"     ",5.30,312.00,1.89
1771,554704630,"01771M10:27:28.843","01771 10:15:20",224.80,882.80,,,,"     ",5.30,318.29,1.93
1771,554704631,"01771M10:27:29.817","01771 10:15:21",224.75,882.82,,,,"     ",5.30,313.74,1.90
1771,554704632,"01771M10:27:30.790","01771 10:15:22",224.71,882.71,,,,"     ",5.30,315.12,1.91
1771,554704633,"01771M10:27:31.763","01771 10:15:23",224.69,882.72,,,,"     ",5.30,311.54,1.88
1771,554704634,"01771M10:27:32.736","01771 10:15:24",224.70,882.66,,,,"     ",5.30,314.73,1.90
1771,554704635,"01771M10:27:33.710","01771 10:15:25",224.72,882.73,,,,"     ",5.30,312.60,1.89
1771,554704636,"01771M10:27:34.683","01771 10:15:26",224.75,882.66,,,,"     ",5.30,317.16,1.92
1771,554704637,"01771M10:27:35.656","01771 10:15:27",224.80,882.67,,,,"     ",5.30,316.03,1.91
1771,554704638,"01771M10:27:36.629","01771 10:15:28",224.84,882.65,,,,"     ",5.30,316.65,1.91
1771,554704639,"01771M10:27:37.603","01771 10:15:29",224.88,882.64,,,,"     ",5.30,313.19,1.89
1771,554704640,"01771M10:27:38.576","01771 10:15:30",224.92,882.70,,,,"     ",5.30,315.94,1.91
1771,554704641,"01771M10:27:39.549","01771 10:15:31",224.95,882.70,,,,"     ",5.30,315.70,1.91
1771,554704642,"01771M10:27:40.522","01771 10:15:32",224.97,882.62,,,,"     ",5.30,315.87,1.91
1771,554704643,"01771M10:27:41.496","01771 10:15:33",224.98,882.70,,,,"     ",5.30,314.09,1.90
1771,554704644,"01771M10:27:42.469","01771 10:15:34",224.98,882.71,,,,"     ",5.30,313.98,1.90
1771,554704645,"01771M10:27:43.442","01771 10:15:35",224.98,882.67,,,,"     ",5.30,315.10,1.90
1771,554704646,"01771M10:27:44.415","01771 10:15:36",224.97,882.64,,,,"     ",5.30,316.95,1.91
1771,554704647,"01771M10:27:45.389","01771 10:15:37",224.95,882.65,,,,"     ",5.30,318.61,1.92
1771,554704648,"01771M10:27:46.362","01771 10:15:38",224.93,882.65,,,,"     ",5.30,315.23,1.90
1771,554704649,"01771M10:27:47.335","01771 10:15:39",224.89,882.63,,,,"     ",5.30,318.34,1.92
1771,554704650,"01771M10:27:48.308","01771 10:15:40",224.84,882.60,,,,"     ",5.30,315.72,1.91
1771,554704651,"01771M10:27:49.282","01771 10:15:41",224.77,882.64,,,,"     ",5.30,317.37,1.92
1771,554704652,"01771M10:27:50.255","01771 10:15:42",224.68,882.61,,,,"     ",5.30,316.11,1.91
1771,554704653,"01771M10:27:51.228","01771 10:15:43",224.58,882.63,,,,"     ",5.30,316.29,1.91
1771,554704654,"01771M10:27:52.201","01771 10:15:43",224.48,882.59,,,,"     ",5.30,317.14,1.91
1771,554704655,"01771M10:27:53.175","01771 10:15:44",224.39,882.62,,,,"     ",5.30,317.48,1.91
1771,554704656,"01771M10:27:54.148","01771 10:15:45",224.32,882.62,,,,"     ",5.30,317.03,1.91
1771,554704657,"01771M10:27:55.121","01771 10:15:46",224.26,882.61,,,,"     ",5.30,315.98,1.90
1771,554704658,"01771M10:27:56.094","01771 10:15:47",224.22,882.61,,,,"     ",5.30,316.81,1.91
1771,554704659,"01771M10:27:57.068","01771 10:15:48",224.20,882.62,,,,"     ",5.30,316.13,1.90
1771,554704660,"01771M10:27:58.041","01771 10:15:49",224.20,882.51,,,,"     ",5.30,316.45,1.91
1771,554704661,"01771M10:27:59.014","01771 10:15:50",224.22,882.53,,,,"     ",5.30,317.47,1.91
1771,554704662,"01771M10:27:59.987","01771 10:15:51",224.27,882.52,,,,"     ",5.30,316.06,1.90
1771,554704663,"01771M10:28:00.961","01771 10:15:52",224.33,882.52,,,,"     ",5.30,318.64,1.92
1771,554704664,"01771M10:28:01.934","01771 10:15:53",224.43,882.55,,,,"     ",5.30,313.92,1.89
1771,554704665,"01771M10:28:02.907","01771 10:15:54",224.52,882.46,,,,"     ",5.30,316.93,1.91
1771,554704666,"01771M10:28:03.880","01771 10:15:55",224.60,882.52,,,,"     ",5.30,318.64,1.92
1771,554704667,"01771M10:28:04.854","01771 10:15:56",224.66,882.55,,,,"     ",5.30,316.74,1.91
1771,554704668,"01771M10:28:05.827","01771 10:15:57",224.70,882.50,,,,"     ",5.30,316.95,1.91
1771,554704669,"01771M10:28:06.800","01771 10:15:58",224.73,882.50,,,,"     ",5.30,317.26,1.91
1771,554704670,"01771M10:28:07.773","01771 10:15:59",224.73,882.46,,,,"     ",5.30,318.64,1.92
1771,554704671,"01771M10:28:08.747","01771 10:16:00",224.72,882.45,,,,"     ",5.30,318.36,1.91
1771,554704672,"01771M10:28:09.720","01771 10:16:01",224.71,882.50,,,,"     ",5.30,318.29,1.91
1771,554704673,"01771M10:28:10.693","01771 10:16:02",224.69,882.59,,,,"     ",5.30,316.47,1.90
1771,554704674,"01771M10:28:11.666","01771 10:16:03",224.68,882.54,,,,"     ",5.30,318.82,1.92
1771,554704675,"01771M10:28:12.640","01771 10:16:04",224.67,882.54,,,,"     ",5.30,319.91,1.92
1771,554704676,"01771M10:28:13.613","01771 10:16:05",224.65,882.55,,,,"     ",5.30,316.92,1.90
1771,554704677,"01771M10:28:14.586","01771 10:16:06",224.61,882.56,,,,"     ",5.30,316.30,1.90
1771,554704678,"01771M10:28:15.559","01771 10:16:07",224.57,882.52,,,,"     ",5.30,318.14,1.91
1771,554704679,"01771M10:28:16.533","01771 10:16:08",224.52,882.48,,,,"     ",5.30,319.98,1.92
1771,554704680,"01771M10:28:17.506","01771 10:16:09",224.47,882.58,,,,"     ",5.30,317.32,1.90
1771,554704681,"01771M10:28:18.479","01771 10:16:10",224.43,882.54,,,,"     ",5.30,318.34,1.91
1771,554704682,"01771M10:28:19.453","01771 10:16:11",224.40,882.58,,,,"     ",5.30,317.40,1.90
1771,554704683,"01771M10:28:20.426","01771 10:16:12",224.39,882.63,,,,"     ",5.30,317.76,1.90
1771,554704684,"01771M10:28:21.399","01771 10:16:13",224.40,882.53,,,,"     ",5.30,320.83,1.92
1771,554704685,"01771M10:28:22.372","01771 10:16:14",224.43,882.60,,,,"     ",5.30,319.15,1.91
1771,554704686,"01771M10:28:23.346","01771 10:16:15",224.49,882.58,,,,"     ",5.30,317.41,1.90
1771,554704687,"01771M10:28:24.319","01771 10:16:16",224.57,882.56,,,,"     ",5.30,320.68,1.92
1771,554704688,"01771M10:28:25.292","01771 10:16:17",224.69,882.50,,,,"     ",5.30,319.26,1.91
1771,554704689,"01771M10:28:26.265","01771 10:16:18",224.85,882.56,,,,"     ",5.30,316.87,1.90
1771,554704690,"01771M10:28:27.239","01771 10:16:19",225.03,882.52,,,,"     ",5.30,314.34,1.88
1771,554704691,"01771M10:28:28.212","01771 10:16:19",225.23,882.46,,,,"     ",5.30,316.89,1.90
1771,554704692,"01771M10:28:29.185","01771 10:16:20",225.43,882.45,,,,"     ",5.30,317.43,1.90
1771,554704693,"01771M10:28:30.158","01771 10:16:21",225.62,882.45,,,,"     ",5.30,316.47,1.89
1771,554704694,"01771M10:28:31.132","01771 10:16:22",225.79,882.48,,,,"     ",5.30,319.95,1.91
1771,554704695,"01771M10:28:32.105","01771 10:16:23",225.95,882.44,,,,"     ",5.30,318.51,1.91
1771,554704696,"01771M10:28:33.078","01771 10:16:24",226.09,882.44,,,,"     ",5.30,318.77,1.90
1771,554704697,"01771M10:28:34.051","01771 10:16:25",226.21,882.44,,,,"     ",5.30,319.07,1.91
1771,554704698,"01771M10:28:35.025","01771 10:16:26",226.32,882.40,,,,"     ",5.30,319.76,1.91
1771,554704699,"01771M10:28:35.998","01771 10:16:27",226.41,882.48,,,,"     ",5.30,317.66,1.90
1771,554704700,"01771M10:28:36.971","01771 10:16:28",226.51,882.52,,,,"     ",5.30,318.01,1.90
1771,554704701,"01771M10:28:37.944","01771 10:16:29",226.61,882.58,,,,"     ",5.30,321.40,1.92
1771,554704702,"01771M10:28:38.918","01771 10:16:30",226.71,882.59,,,,"     ",5.30,318.28,1.90
1771,554704703,"01771M10:28:39.891","01771 10:16:31",226.80,882.54,,,,"     ",5.30,317.48,1.89
1771,554704704,"01771M10:28:40.864","01771 10:16:32",226.91,882.53,,,,"     ",5.30,318.67,1.90
1771,554704705,"01771M10:28:41.837","01771 10:16:33",227.01,882.47,,,,"     ",5.30,321.32,1.92
1771,554704706,"01771M10:28:42.811","01771 10:16:34",227.13,882.44,,,,"     ",5.30,321.87,1.92
1771,554704707,"01771M10:28:43.784","01771 10:16:35",227.25,882.44,,,,"     ",5.30,319.38,1.90
1771,554704708,"01771M10:28:44.757","01771 10:16:36",227.38,882.48,,,,"     ",5.30,322.37,1.92
1771,554704709,"01771M10:28:45.730","01771 10:16:37",227.51,882.43,,,,"     ",5.30,321.97,1.92
1771,554704710,"01771M10:28:46.704","01771 10:16:38",227.62,882.40,,,,"     ",5.30,321.04,1.91
1771,554704711,"01771M10:28:47.677","01771 10:16:39",227.72,882.41,,,,"     ",5.30,319.43,1.90
1771,554704712,"01771M10:28:48.650","01771 10:16:40",227.79,882.43,,,,"     ",5.30,320.09,1.90
1771,554704713,"01771M10:28:49.623","01771 10:16:41",227.85,882.47,,,,"     ",5.30,321.08,1.91
1771,554704714,"01771M10:28:50.597","01771 10:16:42",227.89,882.42,,,,"     ",5.30,320.86,1.90
1771,554704715,"01771M10:28:51.570","01771 10:16:43",227.92,882.35,,,,"     ",5.30,319.46,1.89
1771,554704716,"01771M10:28:52.543","01771 10:16:44",227.95,882.32,,,,"     ",5.30,322.24,1.91
1771,554704717,"01771M10:28:53.516","01771 10:16:45",227.99,882.36,,,,"     ",5.30,322.75,1.91
1771,554704718,"01771M10:28:54.490","01771 10:16:46",228.03,882.41,,,,"     ",5.30,319.08,1.89
1771,554704719,"01771M10:28:55.463","01771 10:16:47",228.08,882.44,,,,"     ",5.30,321.16,1.90
1771,554704720,"01771M10:28:56.436","01771 10:16:48",228.14,882.37,,,,"     ",5.30,320.99,1.90
1771,554704721,"01771M10:28:57.409","01771 10:16:49",228.20,882.40,,,,"     ",5.30,319.91,1.89
1771,554704722,"01771M10:28:58.383","01771 10:16:50",228.27,882.45,,,,"     ",5.30,323.46,1.91
1771,554704723,"01771M10:28:59.356","01771 10:16:51",228.33,882.52,,,,"     ",5.30,323.83,1.92
1771,554704724,"01771M10:29:00.329","01771 10:16:52",228.38,882.46,,,,"     ",5.30,318.05,1.88
1771,554704725,"01771M10:29:01.302","01771 10:16:53",228.42,882.42,,,,"     ",5.30,320.17,1.89
1771,554704726,"01771M10:29:02.276","01771 10:16:54",228.45,882.43,,,,"     ",5.30,319.56,1.89
1771,554704727,"01771M10:29:03.249","01771 10:16:55",228.46,882.49,,,,"     ",5.30,322.85,1.91
1771,554704728,"01771M10:29:04.222","01771 10:16:56",228.47,882.47,,,,"     ",5.30,321.22,1.89
1771,554704729,"01771M10:29:05.195","01771 10:16:56",228.47,882.47,,,,"     ",5.30,322.95,1.90
1771,554704730,"01771M10:29:06.169","01771 10:16:57",228.47,882.45,,,,"     ",5.30,324.27,1.91
1771,554704731,"01771M10:29:07.142","01771 10:16:58",228.46,882.36,,,,"     ",5.30,320.89,1.89
1771,554704732,"01771M10:29:08.115","01771 10:16:59",228.44,882.41,,,,"     ",5.30,323.21,1.90
1771,554704733,"01771M10:29:09.088","01771 10:17:00",228.42,882.47,,,,"     ",5.30,320.74,1.89
1771,554704734,"01771M10:29:10.062","01771 10:17:01",228.40,882.45,,,,"     ",5.30,322.94,1.90
1771,554704735,"01771M10:29:11.035","01771 10:17:02",228.37,882.43,,,,"     ",5.30,320.65,1.89
1771,554704736,"01771M10:29:12.008","01771 10:17:03",228.34,882.42,,,,"     ",5.30,322.28,1.90
1771,554704737,"01771M10:29:12.981","01771 10:17:04",228.31,882.41,,,,"     ",5.30,321.35,1.89
1771,554704738,"01771M10:29:13.955","01771 10:17:05",228.28,882.42,,,,"     ",5.30,323.55,1.90
1771,554704739,"01771M10:29:14.928","01771 10:17:06",228.23,882.36,,,,"     ",5.30,322.99,1.90
1771,554704740,"01771M10:29:15.901","01771 10:17:07",228.17,882.30,,,,"     ",5.30,321.60,1.89
1771,554704741,"01771M10:29:16.874","01771 10:17:08",228.09,882.28,,,,"     ",5.30,320.83,1.88
1771,554704742,"01771M10:29:17.848","01771 10:17:09",228.00,882.32,,,,"     ",5.30,325.90,1.91
1771,554704743,"01771M10:29:18.821","01771 10:17:10",227.91,882.29,,,,"     ",5.30,322.22,1.89
1771,554704744,"01771M10:29:19.794","01771 10:17:11",227.80,882.31,,,,"     ",5.30,321.81,1.89
1771,554704745,"01771M10:29:20.767","01771 10:17:12",227.70,882.33,,,,"     ",5.30,322.98,1.89
1771,554704746,"01771M10:29:21.741","01771 10:17:13",227.59,882.26,,,,"     ",5.30,320.23,1.88
1771,554704747,"01771M10:29:22.714","01771 10:17:14",227.50,882.27,,,,"     ",5.30,324.54,1.90
1771,554704748,"01771M10:29:23.687","01771 10:17:15",227.42,882.27,,,,"     ",5.30,319.38,1.87
1771,554704749,"01771M10:29:24.660","01771 10:17:16",227.33,882.27,,,,"     ",5.30,318.82,1.87
1771,554704750,"01771M10:29:25.634","01771 10:17:17",227.25,882.25,,,,"     ",5.30,322.06,1.89
1771,554704751,"01771M10:29:26.607","01771 10:17:18",227.18,882.25,,,,"     ",5.30,322.21,1.89
1771,554704752,"01771M10:29:27.580","01771 10:17:19",227.12,882.26,,,,"     ",5.30,319.42,1.87
1771,554704753,"01771M10:29:28.554","01771 10:17:20",227.07,882.30,,,,"     ",5.30,323.83,1.90
1771,554704754,"01771M10:29:29.527","01771 10:17:21",227.03,882.32,,,,"     ",5.30,323.46,1.89
1771,554704755,"01771M10:29:30.500","01771 10:17:22",227.00,882.25,,,,"     ",5.30,320.76,1.88
1771,554704756,"01771M10:29:31.473","01771 10:17:23",226.97,882.32,,,,"     ",5.30,322.65,1.89
1771,554704757,"01771M10:29:32.447","01771 10:17:24",226.94,882.24,,,,"     ",5.30,323.48,1.89
1771,554704758,"01771M10:29:33.420","01771 10:17:25",226.92,882.33,,,,"     ",5.30,319.78,1.87
1771,554704759,"01771M10:29:34.393","01771 10:17:26",226.91,882.22,,,,"     ",5.30,324.24,1.90
1771,554704760,"01771M10:29:35.366","01771 10:17:27",226.92,882.19,,,,"     ",5.30,323.18,1.89
1771,554704761,"01771M10:29:36.340","01771 10:17:28",226.96,882.18,,,,"     ",5.30,319.45,1.87
1771,554704762,"01771M10:29:37.313","01771 10:17:29",227.02,882.23,,,,"     ",5.30,320.59,1.88
1771,554704763,"01771M10:29:38.286","01771 10:17:30",227.11,882.20,,,,"     ",5.30,322.10,1.89
1771,554704764,"01771M10:29:39.259","01771 10:17:31",227.21,882.25,,,,"     ",5.30,324.56,1.90
1771,554704765,"01771M10:29:40.233","01771 10:17:32",227.31,882.39,,,,"     ",5.30,323.66,1.90
1771,554704766,"01771M10:29:41.206","01771 10:17:33",227.41,882.35,,,,"     ",5.30,322.59,1.89
1771,554704767,"01771M10:29:42.179","01771 10:17:33",227.49,882.30,,,,"     ",5.30,319.68,1.87
1771,554704768,"01771M10:29:43.152","01771 10:17:34",227.56,882.21,,,,"     ",5.30,324.20,1.90
1771,554704769,"01771M10:29:44.126","01771 10:17:35",227.59,882.30,,,,"     ",5.30,322.48,1.89
1771,554704770,"01771M10:29:45.099","01771 10:17:36",227.60,882.17,,,,"     ",5.30,323.98,1.90
1771,554704771,"01771M10:29:46.072","01771 10:17:37",227.58,882.23,,,,"     ",5.30,320.55,1.88
1771,554704772,"01771M10:29:47.045","01771 10:17:38",227.54,882.25,,,,"     ",5.30,322.89,1.89
1771,554704773,"01771M10:29:48.019","01771 10:17:39",227.48,882.31,,,,"     ",5.30,319.82,1.87
1771,554704774,"01771M10:29:48.992","01771 10:17:40",227.39,882.21,,,,"     ",5.30,319.83,1.87
1771,554704775,"01771M10:29:49.965","01771 10:17:41",227.30,882.24,,,,"     ",5.30,321.14,1.88
1771,554704776,"01771M10:29:50.938","01771 10:17:42",227.19,882.27,,,,"     ",5.30,322.74,1.89
1771,554704777,"01771M10:29:51.912","01771 10:17:43",227.09,882.29,,,,"     ",5.30,323.41,1.89
1771,554704778,"01771M10:29:52.885","01771 10:17:44",227.00,882.24,,,,"     ",5.30,320.71,1.88
1771,554704779,"01771M10:29:53.858","01771 10:17:45",226.93,882.16,,,,"     ",5.30,323.02,1.89
1771,554704780,"01771M10:29:54.831","01771 10:17:46",226.87,882.26,,,,"     ",5.30,321.72,1.88
1771,554704781,"01771M10:29:55.805","01771 10:17:47",226.83,882.16,,,,"     ",5.30,321.18,1.88
1771,554704782,"01771M10:29:56.778","01771 10:17:48",226.82,882.13,,,,"     ",5.30,323.82,1.89
1771,554704783,"01771M10:29:57.751","01771 10:17:49",226.82,882.25,,,,"     ",5.30,321.49,1.88
1771,554704784,"01771M10:29:58.724","01771 10:17:50",226.81,882.27,,,,"     ",5.30,323.49,1.89
1771,554704785,"01771M10:29:59.698","01771 10:17:51",226.80,882.28,,,,"     ",5.30,320.22,1.87
1771,554704786,"01771M10:30:00.671","01771 10:17:52",226.78,882.27,,,,"     ",5.30,325.21,1.90
1771,554704787,"01771M10:30:01.644","01771 10:17:53",226.73,882.22,,,,"     ",5.30,327.60,1.92
1771,554704788,"01771M10:30:02.617","01771 10:17:54",226.67,882.21,,,,"     ",5.30,324.05,1.90
1771,554704789,"01771M10:30:03.591","01771 10:17:55",226.59,882.11,,,,"     ",5.30,324.19,1.90
1771,554704790,"01771M10:30:04.564","01771 10:17:56",226.50,882.18,,,,"     ",5.30,322.38,1.88
1771,554704791,"01771M10:30:05.537","01771 10:17:57",226.40,882.17,,,,"     ",5.30,325.11,1.90
1771,554704792,"01771M10:30:06.510","01771 10:17:58",226.31,882.23,,,,"     ",5.30,325.26,1.90
1771,554704793,"01771M10:30:07.484","01771 10:17:59",226.23,882.27,,,,"     ",5.30,323.20,1.89
1771,554704794,"01771M10:30:08.457","01771 10:18:00",226.14,882.18,,,,"     ",5.30,322.81,1.89
1771,554704795,"01771M10:30:09.430","01771 10:18:01",226.06,882.20,,,,"     ",5.30,323.73,1.89
1771,554704796,"01771M10:30:10.403","01771 10:18:02",225.98,882.18,,,,"     ",5.30,322.81,1.89
1771,554704797,"01771M10:30:11.377","01771 10:18:03",225.90,882.15,,,,"     ",5.30,323.04,1.89
1771,554704798,"01771M10:30:12.350","01771 10:18:04",225.82,882.20,,,,"     ",5.30,322.08,1.88
1771,554704799,"01771M10:30:13.323","01771 10:18:05",225.72,882.14,,,,"     ",5.30,325.02,1.90
1771,554704800,"01771M10:30:14.296","01771 10:18:06",225.63,882.10,,,,"     ",5.30,326.19,1.90
1771,554704801,"01771M10:30:15.270","01771 10:18:07",225.53,882.18,,,,"     ",5.30,324.53,1.89
1771,554704802,"01771M10:30:16.243","01771 10:18:08",225.43,882.25,,,,"     ",5.30,326.43,1.91
1771,554704803,"01771M10:30:17.216","01771 10:18:09",225.33,882.16,,,,"     ",5.30,324.14,1.89
1771,554704804,"01771M10:30:18.189","01771 10:18:10",225.22,882.15,,,,"     ",5.30,326.26,1.90
1771,554704805,"01771M10:30:19.163","01771 10:18:10",225.12,882.10,,,,"     ",5.30,325.40,1.90
1771,554704806,"01771M10:30:20.136","01771 10:18:11",225.02,882.09,,,,"     ",5.30,322.38,1.88
1771,554704807,"01771M10:30:21.109","01771 10:18:12",224.94,882.10,,,,"     ",5.30,324.70,1.89
1771,554704808,"01771M10:30:22.082","01771 10:18:13",224.87,882.10,,,,"     ",5.30,325.05,1.89
1771,554704809,"01771M10:30:23.056","01771 10:18:14",224.83,882.17,,,,"     ",5.30,326.28,1.90
1771,554704810,"01771M10:30:24.029","01771 10:18:15",224.81,882.21,,,,"     ",5.30,323.75,1.89
1771,554704811,"01771M10:30:25.002","01771 10:18:16",224.82,882.12,,,,"     ",5.30,325.77,1.90
1771,554704812,"01771M10:30:25.975","01771 10:18:17",224.84,882.11,,,,"     ",5.30,323.42,1.88
1771,554704813,"01771M10:30:26.949","01771 10:18:18",224.87,882.13,,,,"     ",5.30,321.77,1.87
1771,554704814,"01771M10:30:27.922","01771 10:18:19",224.90,882.05,,,,"     ",5.30,324.45,1.89
1771,554704815,"01771M10:30:28.895","01771 10:18:20",224.91,882.04,,,,"     ",5.30,329.71,1.92
1771,554704816,"01771M10:30:29.868","01771 10:18:21",224.92,881.95,,,,"     ",5.30,326.12,1.90
1771,554704817,"01771M10:30:30.842","01771 10:18:22",224.92,882.04,,,,"     ",5.30,327.60,1.91
1771,554704818,"01771M10:30:31.815","01771 10:18:23",224.90,882.06,,,,"     ",5.30,327.90,1.91
1771,554704819,"01771M10:30:32.788","01771 10:18:24",224.88,882.02,,,,"     ",5.30,323.94,1.88
1771,554704820,"01771M10:30:33.761","01771 10:18:25",224.86,881.98,,,,"     ",5.30,322.44,1.87
1771,554704821,"01771M10:30:34.735","01771 10:18:26",224.85,881.98,,,,"     ",5.30,328.22,1.91
1771,554704822,"01771M10:30:35.708","01771 10:18:27",224.85,882.06,,,,"     ",5.30,326.96,1.90
1771,554704823,"01771M10:30:36.681","01771 10:18:28",224.86,881.98,,,,"     ",5.30,327.67,1.90
1771,554704824,"01771M10:30:37.655","01771 10:18:29",224.91,881.98,,,,"     ",5.30,326.35,1.90
1771,554704825,"01771M10:30:38.628","01771 10:18:30",224.99,881.95,,,,"     ",5.30,324.53,1.88
1771,554704826,"01771M10:30:39.601","01771 10:18:31",225.08,881.97,,,,"     ",5.30,328.18,1.91
1771,554704827,"01771M10:30:40.574","01771 10:18:32",225.19,882.04,,,,"     ",5.30,325.88,1.89
1771,554704828,"01771M10:30:41.548","01771 10:18:33",225.31,881.95,,,,"     ",5.30,328.63,1.91
1771,554704829,"01771M10:30:42.521","01771 10:18:34",225.43,882.02,,,,"     ",5.30,326.65,1.90
1771,554704830,"01771M10:30:43.494","01771 10:18:35",225.54,882.05,,,,"     ",5.30,327.64,1.90
1771,554704831,"01771M10:30:44.467","01771 10:18:36",225.65,882.03,,,,"     ",5.30,328.28,1.90
1771,554704832,"01771M10:30:45.441","01771 10:18:37",225.73,882.07,,,,"     ",5.30,328.34,1.90
1771,554704833,"01771M10:30:46.414","01771 10:18:38",225.79,882.08,,,,"     ",5.30,328.38,1.90
1771,554704834,"01771M10:30:47.387","01771 10:18:39",225.84,882.09,,,,"     ",5.30,325.71,1.89
1771,554704835,"01771M10:30:48.360","01771 10:18:40",225.87,882.07,,,,"     ",5.30,327.46,1.90
1771,554704836,"01771M10:30:49.334","01771 10:18:41",225.88,882.13,,,,"     ",5.30,326.11,1.89
1771,554704837,"01771M10:30:50.307","01771 10:18:42",225.88,882.03,,,,"     ",5.30,328.69,1.90
1771,554704838,"01771M10:30:51.280","01771 10:18:43",225.86,881.98,,,,"     ",5.30,327.60,1.90
1771,554704839,"01771M10:30:52.253","01771 10:18:44",225.84,882.02,,,,"     ",5.30,327.52,1.90
1771,554704840,"01771M10:30:53.227","01771 10:18:45",225.79,881.98,,,,"     ",5.30,327.88,1.90
1771,554704841,"01771M10:30:54.200","01771 10:18:46",225.73,882.02,,,,"     ",5.30,324.85,1.88
1771,554704842,"01771M10:30:55.173","01771 10:18:46",225.66,882.00,,,,"     ",5.30,326.28,1.89
1771,554704843,"01771M10:30:56.146","01771 10:18:47",225.56,882.07,,,,"     ",5.30,327.08,1.89
1771,554704844,"01771M10:30:57.120","01771 10:18:48",225.46,882.03,,,,"     ",5.30,328.31,1.90
1771,554704845,"01771M10:30:58.093","01771 10:18:49",225.34,881.96,,,,"     ",5.30,324.33,1.87
1771,554704846,"01771M10:30:59.066","01771 10:18:50",225.23,881.97,,,,"     ",5.30,325.68,1.88
1771,554704847,"01771M10:31:00.039","01771 10:18:51",225.12,882.02,,,,"     ",5.30,327.88,1.89
1771,554704848,"01771M10:31:01.013","01771 10:18:52",225.03,881.98,,,,"     ",5.30,325.92,1.88
1771,554704849,"01771M10:31:01.986","01771 10:18:53",224.97,881.97,,,,"     ",5.30,325.32,1.88
1771,554704850,"01771M10:31:02.959","01771 10:18:54",224.93,881.98,,,,"     ",5.30,328.94,1.90
1771,554704851,"01771M10:31:03.932","01771 10:18:55",224.91,881.91,,,,"     ",5.30,325.40,1.88
1771,554704852,"01771M10:31:04.906","01771 10:18:56",224.91,881.89,,,,"     ",5.30,329.19,1.90
1771,554704853,"01771M10:31:05.879","01771 10:18:57",224.92,881.92,,,,"     ",5.30,328.54,1.89
1771,554704854,"01771M10:31:06.852","01771 10:18:58",224.94,881.95,,,,"     ",5.30,324.15,1.87
1771,554704855,"01771M10:31:07.825","01771 10:18:59",224.96,881.95,,,,"     ",5.30,326.50,1.88
1771,554704856,"01771M10:31:08.799","01771 10:19:00",224.99,881.92,,,,"     ",5.30,328.28,1.89
1771,554704857,"01771M10:31:09.772","01771 10:19:01",225.02,881.97,,,,"     ",5.30,327.76,1.89
1771,554704858,"01771M10:31:10.745","01771 10:19:02",225.04,882.04,,,,"     ",5.30,328.83,1.89
1771,554704859,"01771M10:31:11.718","01771 10:19:03",225.04,881.96,,,,"     ",5.30,329.76,1.90
1771,554704860,"01771M10:31:12.692","01771 10:19:04",225.02,882.02,,,,"     ",5.30,329.41,1.90
1771,554704861,"01771M10:31:13.665","01771 10:19:05",224.97,881.96,,,,"     ",5.30,327.87,1.89
1771,554704862,"01771M10:31:14.638","01771 10:19:06",224.91,881.99,,,,"     ",5.30,328.59,1.89
1771,554704863,"01771M10:31:15.611","01771 10:19:07",224.84,881.91,,,,"     ",5.30,328.95,1.89
1771,554704864,"01771M10:31:16.585","01771 10:19:08",224.78,881.94,,,,"     ",5.30,328.84,1.89
1771,554704865,"01771M10:31:17.558","01771 10:19:09",224.73,881.86,,,,"     ",5.30,328.13,1.88
1771,554704866,"01771M10:31:18.531","01771 10:19:10",224.70,881.94,,,,"     ",5.30,329.68,1.89
1771,554704867,"01771M10:31:19.504","01771 10:19:11",224.69,881.85,,,,"     ",5.30,329.80,1.89
1771,554704868,"01771M10:31:20.478","01771 10:19:12",224.68,881.88,,,,"     ",5.30,325.88,1.87
1771,554704869,"01771M10:31:21.451","01771 10:19:13",224.69,881.85,,,,"     ",5.30,329.12,1.89
1771,554704870,"01771M10:31:22.424","01771 10:19:14",224.70,881.87,,,,"     ",5.30,331.03,1.90
1771,554704871,"01771M10:31:23.397","01771 10:19:15",224.72,881.87,,,,"     ",5.30,332.27,1.91
1771,554704872,"01771M10:31:24.371","01771 10:19:16",224.74,881.83,,,,"     ",5.30,332.31,1.90
1771,554704873,"01771M10:31:25.344","01771 10:19:17",224.77,881.85,,,,"     ",5.30,332.55,1.91
1771,554704874,"01771M10:31:26.317","01771 10:19:18",224.82,881.84,,,,"     ",5.30,330.83,1.89
1771,554704875,"01771M10:31:27.290","01771 10:19:19",224.87,881.82,,,,"     ",5.30,331.98,1.90
1771,554704876,"01771M10:31:28.264","01771 10:19:20",224.93,881.76,,,,"     ",5.30,329.84,1.89
1771,554704877,"01771M10:31:29.237","01771 10:19:21",225.00,881.74,,,,"     ",5.30,329.35,1.88
1771,554704878,"01771M10:31:30.210","01771 10:19:22",225.08,881.85,,,,"     ",5.30,330.68,1.89
1771,554704879,"01771M10:31:31.183","01771 10:19:23",225.09,881.90,,,,"     ",5.30,329.16,1.88
1771,554704880,"01771M10:31:32.157","01771 10:19:23",225.03,881.79,,,,"     ",5.30,333.16,1.90
1771,554704881,"01771M10:31:33.130","01771 10:19:24",224.98,881.74,,,,"     ",5.30,330.69,1.89
1771,554704882,"01771M10:31:34.103","01771 10:19:25",224.94,881.79,,,,"     ",5.30,329.53,1.88
1771,554704883,"01771M10:31:35.076","01771 10:19:26",224.90,881.87,,,,"     ",5.30,332.00,1.90
1771,554704884,"01771M10:31:36.050","01771 10:19:27",224.87,881.87,,,,"     ",5.30,334.60,1.91
1771,554704885,"01771M10:31:37.023","01771 10:19:28",224.84,881.88,,,,"     ",5.30,334.78,1.91
1771,554704886,"01771M10:31:37.996","01771 10:19:29",224.81,881.88,,,,"     ",5.30,331.45,1.89
1771,554704887,"01771M10:31:38.969","01771 10:19:30",224.79,881.87,,,,"     ",5.30,332.75,1.90
1771,554704888,"01771M10:31:39.943","01771 10:19:31",224.78,881.86,,,,"     ",5.30,330.85,1.89
1771,554704889,"01771M10:31:40.916","01771 10:19:32",224.76,881.73,,,,"     ",5.30,333.15,1.90
1771,554704890,"01771M10:31:41.889","01771 10:19:33",224.75,881.82,,,,"     ",5.30,330.48,1.88
1771,554704891,"01771M10:31:42.862","01771 10:19:34",224.74,881.80,,,,"     ",5.30,332.77,1.90
1771,554704892,"01771M10:31:43.836","01771 10:19:35",224.75,881.82,,,,"     ",5.30,333.00,1.90
1771,554704893,"01771M10:31:44.809","01771 10:19:36",224.78,881.81,,,,"     ",5.30,332.43,1.89
1771,554704894,"01771M10:31:45.782","01771 10:19:37",224.79,881.78,,,,"     ",5.30,330.99,1.88
1771,554704895,"01771M10:31:46.756","01771 10:19:38",224.80,881.81,,,,"     ",5.30,332.07,1.89
1771,554704896,"01771M10:31:47.729","01771 10:19:39",224.78,881.84,,,,"     ",5.30,333.23,1.90
1771,554704897,"01771M10:31:48.702","01771 10:19:40",224.74,881.82,,,,"     ",5.30,333.08,1.89
1771,554704898,"01771M10:31:49.675","01771 10:19:41",224.68,881.84,,,,"     ",5.30,332.22,1.89
1771,554704899,"01771M10:31:50.649","01771 10:19:42",224.60,881.84,,,,"     ",5.30,330.09,1.88
1771,554704900,"01771M10:31:51.622","01771 10:19:43",224.51,881.75,,,,"     ",5.30,333.43,1.89
1771,554704901,"01771M10:31:52.595","01771 10:19:44",224.42,881.81,,,,"     ",5.30,331.41,1.88
1771,554704902,"01771M10:31:53.568","01771 10:19:45",224.32,881.81,,,,"     ",5.30,335.22,1.90
1771,554704903,"01771M10:31:54.542","01771 10:19:46",224.22,881.85,,,,"     ",5.30,330.71,1.88
1771,554704904,"01771M10:31:55.515","01771 10:19:47",224.14,881.81,,,,"     ",5.30,331.75,1.88
1771,554704905,"01771M10:31:56.488","01771 10:19:48",224.07,881.76,,,,"     ",5.30,333.40,1.89
1771,554704906,"01771M10:31:57.461","01771 10:19:49",224.03,881.73,,,,"     ",5.30,331.82,1.88
1771,554704907,"01771M10:31:58.435","01771 10:19:50",224.00,881.71,,,,"     ",5.30,333.96,1.89
1771,554704908,"01771M10:31:59.408","01771 10:19:51",223.99,881.76,,,,"     ",5.30,331.89,1.88
1771,554704909,"01771M10:32:00.381","01771 10:19:52",223.97,881.69,,,,"     ",5.30,333.49,1.89
1771,554704910,"01771M10:32:01.354","01771 10:19:53",223.94,881.70,,,,"     ",5.30,334.02,1.89
1771,554704911,"01771M10:32:02.328","01771 10:19:54",223.91,881.64,,,,"     ",5.30,330.16,1.87
1771,554704912,"01771M10:32:03.301","01771 10:19:55",223.85,881.65,,,,"     ",5.30,332.55,1.88
1771,554704913,"01771M10:32:04.274","01771 10:19:56",223.79,881.82,,,,"     ",5.30,335.04,1.90
1771,554704914,"01771M10:32:05.247","01771 10:19:57",223.73,881.74,,,,"     ",5.30,333.26,1.89
1771,554704915,"01771M10:32:06.221","01771 10:19:58",223.66,881.81,,,,"     ",5.30,332.45,1.88
1771,554704916,"01771M10:32:07.194","01771 10:19:59",223.62,881.73,,,,"     ",5.30,332.15,1.88
1771,554704917,"01771M10:32:08.167","01771 10:20:00",223.59,881.74,,,,"     ",5.30,333.45,1.89
1771,554704918,"01771M10:32:09.140","01771 10:20:00",223.58,881.68,,,,"     ",5.30,332.69,1.88
1771,554704919,"01771M10:32:10.114","01771 10:20:01",223.57,881.62,,,,"     ",5.30,334.46,1.89
1771,554704920,"01771M10:32:11.087","01771 10:20:02",223.58,881.63,,,,"     ",5.30,334.23,1.89
1771,554704921,"01771M10:32:12.060","01771 10:20:03",223.59,881.68,,,,"     ",5.30,331.32,1.87
1771,554704922,"01771M10:32:13.033","01771 10:20:04",223.61,881.71,,,,"     ",5.30,335.80,1.90
1771,554704923,"01771M10:32:14.007","01771 10:20:05",223.61,881.63,,,,"     ",5.30,334.45,1.89
1771,554704924,"01771M10:32:14.980","01771 10:20:06",223.62,881.65,,,,"     ",5.30,332.47,1.88
1771,554704925,"01771M10:32:15.953","01771 10:20:07",223.62,881.64,,,,"     ",5.30,337.95,1.91
1771,554704926,"01771M10:32:16.926","01771 10:20:08",223.60,881.59,,,,"     ",5.30,331.13,1.87
1771,554704927,"01771M10:32:17.900","01771 10:20:09",223.57,881.63,,,,"     ",5.30,333.08,1.88
1771,554704928,"01771M10:32:18.873","01771 10:20:10",223.50,881.59,,,,"     ",5.30,334.73,1.89
1771,554704929,"01771M10:32:19.846","01771 10:20:11",223.42,881.67,,,,"     ",5.30,336.79,1.90
1771,554704930,"01771M10:32:20.819","01771 10:20:12",223.31,881.65,,,,"     ",5.30,335.33,1.89
1771,554704931,"01771M10:32:21.793","01771 10:20:13",223.20,881.61,,,,"     ",5.30,337.30,1.90
1771,554704932,"01771M10:32:22.766","01771 10:20:14",223.08,881.59,,,,"     ",5.30,336.17,1.90
1771,554704933,"01771M10:32:23.739","01771 10:20:15",222.97,881.74,,,,"     ",5.30,337.21,1.90
1771,554704934,"01771M10:32:24.712","01771 10:20:16",222.86,881.66,,,,"     ",5.30,331.80,1.87
1771,554704935,"01771M10:32:25.686","01771 10:20:17",222.77,881.57,,,,"     ",5.30,332.31,1.87
1771,554704936,"01771M10:32:26.659","01771 10:20:18",222.69,881.53,,,,"     ",5.30,336.45,1.90
1771,554704937,"01771M10:32:27.632","01771 10:20:19",222.62,881.65,,,,"     ",5.30,333.62,1.88
1771,554704938,"01771M10:32:28.605","01771 10:20:20",222.56,881.65,,,,"     ",5.30,333.03,1.88
1771,554704939,"01771M10:32:29.579","01771 10:20:21",222.52,881.67,,,,"     ",5.30,334.36,1.88
1771,554704940,"01771M10:32:30.552","01771 10:20:22",222.48,881.67,,,,"     ",5.30,330.99,1.86
1771,554704941,"01771M10:32:31.525","01771 10:20:23",222.46,881.63,,,,"     ",5.30,335.81,1.89
1771,554704942,"01771M10:32:32.498","01771 10:20:24",222.45,881.67,,,,"     ",5.30,334.22,1.88
1771,554704943,"01771M10:32:33.472","01771 10:20:25",222.45,881.56,,,,"     ",5.30,337.49,1.90
1771,554704944,"01771M10:32:34.445","01771 10:20:26",222.46,881.56,,,,"     ",5.30,334.05,1.88
1771,554704945,"01771M10:32:35.418","01771 10:20:27",222.48,881.63,,,,"     ",5.30,332.77,1.87
1771,554704946,"01771M10:32:36.391","01771 10:20:28",222.51,881.64,,,,"     ",5.30,333.39,1.88
1771,554704947,"01771M10:32:37.365","01771 10:20:29",222.55,881.63,,,,"     ",5.30,332.90,1.88
1771,554704948,"01771M10:32:38.338","01771 10:20:30",222.59,881.58,,,,"     ",5.30,331.30,1.87
1771,554704949,"01771M10:32:39.311","01771 10:20:31",222.62,881.63,,,,"     ",5.30,335.73,1.89
1771,554704950,"01771M10:32:40.284","01771 10:20:32",222.64,881.68,,,,"     ",5.30,334.37,1.88
1771,554704951,"01771M10:32:41.258","01771 10:20:33",222.65,881.55,,,,"     ",5.30,336.44,1.90
1771,554704952,"01771M10:32:42.231","01771 10:20:34",222.64,881.61,,,,"     ",5.30,334.49,1.88
1771,554704953,"01771M10:32:43.204","01771 10:20:35",222.61,881.54,,,,"     ",5.30,334.71,1.89
1771,554704954,"01771M10:32:44.177","01771 10:20:36",222.58,881.60,,,,"     ",5.30,335.02,1.89
1771,554704955,"01771M10:32:45.151","01771 10:20:36",222.55,881.61,,,,"     ",5.30,334.80,1.89
1771,554704956,"01771M10:32:46.124","01771 10:20:37",222.52,881.56,,,,"     ",5.30,338.21,1.91
1771,554704957,"01771M10:32:47.097","01771 10:20:38",222.48,881.57,,,,"     ",5.30,335.52,1.89
1771,554704958,"01771M10:32:48.070","01771 10:20:39",222.45,881.60,,,,"     ",5.30,333.11,1.88
1771,554704959,"01771M10:32:49.044","01771 10:20:40",222.40,881.59,,,,"     ",5.30,336.54,1.90
1771,554704960,"01771M10:32:50.017","01771 10:20:41",222.36,881.61,,,,"     ",5.30,334.88,1.89
1771,554704961,"01771M10:32:50.990","01771 10:20:42",222.31,881.63,,,,"     ",5.30,334.97,1.89
1771,554704962,"01771M10:32:51.963","01771 10:20:43",222.27,881.64,,,,"     ",5.30,335.93,1.89
1771,554704963,"01771M10:32:52.937","01771 10:20:44",222.22,881.57,,,,"     ",5.30,333.34,1.88
1771,554704964,"01771M10:32:53.910","01771 10:20:45",222.17,881.61,,,,"     ",5.30,334.50,1.88
1771,554704965,"01771M10:32:54.883","01771 10:20:46",222.12,881.53,,,,"     ",5.30,333.47,1.88
1771,554704966,"01771M10:32:55.857","01771 10:20:47",222.05,881.55,,,,"     ",5.30,333.95,1.88
1771,554704967,"01771M10:32:56.830","01771 10:20:48",221.98,881.54,,,,"     ",5.30,335.32,1.89
1771,554704968,"01771M10:32:57.803","01771 10:20:49",221.89,881.55,,,,"     ",5.30,335.15,1.89
1771,554704969,"01771M10:32:58.776","01771 10:20:50",221.81,881.63,,,,"     ",5.30,332.31,1.87
1771,554704970,"01771M10:32:59.750","01771 10:20:51",221.72,881.55,,,,"     ",5.30,334.29,1.88
1771,554704971,"01771M10:33:00.723","01771 10:20:52",221.64,881.55,,,,"     ",5.30,335.15,1.89
1771,554704972,"01771M10:33:01.696","01771 10:20:53",221.58,881.50,,,,"     ",5.30,335.25,1.89
1771,554704973,"01771M10:33:02.669","01771 10:20:54",221.52,881.47,,,,"     ",5.30,332.78,1.87
1771,554704974,"01771M10:33:03.643","01771 10:20:55",221.49,881.41,,,,"     ",5.30,336.60,1.89
1771,554704975,"01771M10:33:04.616","01771 10:20:56",221.46,881.58,,,,"     ",5.30,334.82,1.88
1771,554704976,"01771M10:33:05.589","01771 10:20:57",221.45,881.53,,,,"     ",5.30,332.81,1.87
1771,554704977,"01771M10:33:06.562","01771 10:20:58",221.44,881.47,,,,"     ",5.30,337.71,1.90
1771,554704978,"01771M10:33:07.536","01771 10:20:59",221.44,881.48,,,,"     ",5.30,336.10,1.89
1771,554704979,"01771M10:33:08.509","01771 10:21:00",221.45,881.48,,,,"     ",5.30,335.15,1.89
1771,554704980,"01771M10:33:09.482","01771 10:21:01",221.47,881.39,,,,"     ",5.30,333.28,1.88
1771,554704981,"01771M10:33:10.455","01771 10:21:02",221.49,881.40,,,,"     ",5.30,332.49,1.87
1771,554704982,"01771M10:33:11.429","01771 10:21:03",221.51,881.47,,,,"     ",5.30,333.92,1.88
1771,554704983,"01771M10:33:12.402","01771 10:21:04",221.53,881.41,,,,"     ",5.30,333.11,1.88
1771,554704984,"01771M10:33:13.375","01771 10:21:05",221.54,881.47,,,,"     ",5.30,334.31,1.88
1771,554704985,"01771M10:33:14.348","01771 10:21:06",221.54,881.42,,,,"     ",5.30,331.31,1.87
1771,554704986,"01771M10:33:15.322","01771 10:21:07",221.53,881.42,,,,"     ",5.30,333.87,1.88
1771,554704987,"01771M10:33:16.295","01771 10:21:08",221.53,881.39,,,,"     ",5.30,332.03,1.87
1771,554704988,"01771M10:33:17.268","01771 10:21:09",221.53,881.40,,,,"     ",5.30,335.40,1.89
1771,554704989,"01771M10:33:18.241","01771 10:21:10",221.54,881.38,,,,"     ",5.30,332.39,1.88
1771,554704990,"01771M10:33:19.215","01771 10:21:11",221.56,881.36,,,,"     ",5.30,331.13,1.87
1771,554704991,"01771M10:33:20.188","01771 10:21:12",221.58,881.43,,,,"     ",5.30,331.70,1.87
1771,554704992,"01771M10:33:21.161","01771 10:21:13",221.61,881.35,,,,"     ",5.30,330.86,1.87
1771,554704993,"01771M10:33:22.134","01771 10:21:13",221.64,881.44,,,,"     ",5.30,334.26,1.89
1771,554704994,"01771M10:33:23.108","01771 10:21:14",221.67,881.42,,,,"     ",5.30,331.56,1.87
1771,554704995,"01771M10:33:24.081","01771 10:21:15",221.70,881.41,,,,"     ",5.30,333.30,1.89
1771,554704996,"01771M10:33:25.054","01771 10:21:16",221.73,881.42,,,,"     ",5.30,331.81,1.88
1771,554704997,"01771M10:33:26.027","01771 10:21:17",221.78,881.37,,,,"     ",5.30,334.21,1.89
1771,554704998,"01771M10:33:27.001","01771 10:21:18",221.83,881.38,,,,"     ",5.30,333.45,1.89
1771,554704999,"01771M10:33:27.974","01771 10:21:19",221.91,881.42,,,,"     ",5.30,330.64,1.87
1771,554705000,"01771M10:33:28.947","01771 10:21:20",222.00,881.42,,,,"     ",5.30,332.04,1.88
1771,554705001,"01771M10:33:29.920","01771 10:21:21",222.10,881.36,,,,"     ",5.30,332.31,1.88
1771,554705002,"01771M10:33:30.894","01771 10:21:22",222.22,881.35,,,,"     ",5.30,333.21,1.89
1771,554705003,"01771M10:33:31.867","01771 10:21:23",222.34,881.32,,,,"     ",5.30,330.46,1.87
1771,554705004,"01771M10:33:32.840","01771 10:21:24",222.47,881.45,,,,"     ",5.30,329.20,1.87
1771,554705005,"01771M10:33:33.813","01771 10:21:25",222.60,881.34,,,,"     ",5.30,330.58,1.88
1771,554705006,"01771M10:33:34.787","01771 10:21:26",222.73,881.39,,,,"     ",5.30,331.19,1.88
1771,554705007,"01771M10:33:35.760","01771 10:21:27",222.85,881.44,,,,"     ",5.30,330.63,1.88
1771,554705008,"01771M10:33:36.733","01771 10:21:28",222.96,881.41,,,,"     ",5.30,331.36,1.88
1771,554705009,"01771M10:33:37.706","01771 10:21:29",223.04,881.33,,,,"     ",5.30,333.75,1.90
1771,554705010,"01771M10:33:38.680","01771 10:21:30",223.10,881.45,,,,"     ",5.30,334.22,1.90
1771,554705011,"01771M10:33:39.653","01771 10:21:31",223.12,881.45,,,,"     ",5.30,330.57,1.88
1771,554705012,"01771M10:33:40.626","01771 10:21:32",223.12,881.44,,,,"     ",5.30,335.15,1.90
1771,554705013,"01771M10:33:41.599","01771 10:21:33",223.10,881.35,,,,"     ",5.30,330.88,1.88
1771,554705014,"01771M10:33:42.573","01771 10:21:34",223.06,881.31,,,,"     ",5.30,332.57,1.89
1771,554705015,"01771M10:33:43.546","01771 10:21:35",223.00,881.37,,,,"     ",5.30,335.41,1.91
1771,554705016,"01771M10:33:44.519","01771 10:21:36",222.93,881.35,,,,"     ",5.30,333.97,1.90
1771,554705017,"01771M10:33:45.492","01771 10:21:37",222.86,881.34,,,,"     ",5.30,334.99,1.90
1771,554705018,"01771M10:33:46.466","01771 10:21:38",222.78,881.29,,,,"     ",5.30,332.53,1.89
1771,554705019,"01771M10:33:47.439","01771 10:21:39",222.71,881.36,,,,"     ",5.30,332.28,1.89
1771,554705020,"01771M10:33:48.412","01771 10:21:40",222.65,881.27,,,,"     ",5.30,333.92,1.90
1771,554705021,"01771M10:33:49.385","01771 10:21:41",222.59,881.37,,,,"     ",5.30,334.18,1.90
1771,554705022,"01771M10:33:50.359","01771 10:21:42",222.54,881.25,,,,"     ",5.30,334.40,1.90
1771,554705023,"01771M10:33:51.332","01771 10:21:43",222.51,881.37,,,,"     ",5.30,330.12,1.87
1771,554705024,"01771M10:33:52.305","01771 10:21:44",222.48,881.28,,,,"     ",5.30,337.51,1.92
1771,554705025,"01771M10:33:53.278","01771 10:21:45",222.47,881.24,,,,"     ",5.30,331.31,1.88
1771,554705026,"01771M10:33:54.252","01771 10:21:46",222.47,881.25,,,,"     ",5.30,333.53,1.89
1771,554705027,"01771M10:33:55.225","01771 10:21:47",222.47,881.27,,,,"     ",5.30,331.05,1.88
1771,554705028,"01771M10:33:56.198","01771 10:21:48",222.48,881.14,,,,"     ",5.30,333.11,1.89
1771,554705029,"01771M10:33:57.171","01771 10:21:49",222.49,881.16,,,,"     ",5.30,337.36,1.91
1771,554705030,"01771M10:33:58.145","01771 10:21:50",222.50,881.17,,,,"     ",5.30,332.34,1.88
1771,554705031,"01771M10:33:59.118","01771 10:21:50",222.52,881.13,,,,"     ",5.30,336.13,1.91
1771,554705032,"01771M10:34:00.091","01771 10:21:51",222.52,881.23,,,,"     ",5.30,334.54,1.90
1771,554705033,"01771M10:34:01.064","01771 10:21:52",222.53,881.29,,,,"     ",5.30,334.84,1.90
1771,554705034,"01771M10:34:02.038","01771 10:21:53",222.52,881.20,,,,"     ",5.30,335.46,1.90
1771,554705035,"01771M10:34:03.011","01771 10:21:54",222.51,881.22,,,,"     ",5.30,333.29,1.89
1771,554705036,"01771M10:34:03.984","01771 10:21:55",222.48,881.13,,,,"     ",5.30,330.44,1.87
1771,554705037,"01771M10:34:04.957","01771 10:21:56",222.46,881.14,,,,"     ",5.30,336.57,1.91
1771,554705038,"01771M10:34:05.931","01771 10:21:57",222.43,881.27,,,,"     ",5.30,333.50,1.89
1771,554705039,"01771M10:34:06.904","01771 10:21:58",222.39,881.22,,,,"     ",5.30,332.81,1.88
1771,554705040,"01771M10:34:07.877","01771 10:21:59",222.36,881.28,,,,"     ",5.30,335.59,1.90
1771,554705041,"01771M10:34:08.851","01771 10:22:00",222.34,881.29,,,,"     ",5.30,335.36,1.90
1771,554705042,"01771M10:34:09.824","01771 10:22:01",222.32,881.30,,,,"     ",5.30,333.87,1.89
1771,554705043,"01771M10:34:10.797","01771 10:22:02",222.30,881.22,,,,"     ",5.30,336.26,1.90
1771,554705044,"01771M10:34:11.770","01771 10:22:03",222.29,881.25,,,,"     ",5.30,331.49,1.87
1771,554705045,"01771M10:34:12.744","01771 10:22:04",222.26,881.26,,,,"     ",5.30,333.97,1.89
1771,554705046,"01771M10:34:13.717","01771 10:22:05",222.23,881.16,,,,"     ",5.30,336.14,1.90
1771,554705047,"01771M10:34:14.690","01771 10:22:06",222.19,881.09,,,,"     ",5.30,335.40,1.89
1771,554705048,"01771M10:34:15.663","01771 10:22:07",222.14,881.13,,,,"     ",5.30,335.66,1.89
1771,554705049,"01771M10:34:16.637","01771 10:22:08",222.09,881.22,,,,"     ",5.30,336.44,1.90
1771,554705050,"01771M10:34:17.610","01771 10:22:09",222.04,881.20,,,,"     ",5.30,332.32,1.87
1771,554705051,"01771M10:34:18.583","01771 10:22:10",221.97,881.15,,,,"     ",5.30,334.19,1.88
1771,554705052,"01771M10:34:19.556","01771 10:22:11",221.91,881.16,,,,"     ",5.30,337.51,1.90
1771,554705053,"01771M10:34:20.530","01771 10:22:12",221.86,881.08,,,,"     ",5.30,336.07,1.89
1771,554705054,"01771M10:34:21.503","01771 10:22:13",221.81,881.16,,,,"     ",5.30,335.88,1.89
1771,554705055,"01771M10:34:22.476","01771 10:22:14",221.78,881.16,,,,"     ",5.30,331.12,1.86
1771,554705056,"01771M10:34:23.449","01771 10:22:15",221.76,881.19,,,,"     ",5.30,334.97,1.89
1771,554705057,"01771M10:34:24.423","01771 10:22:16",221.76,881.25,,,,"     ",5.30,337.34,1.90
1771,554705058,"01771M10:34:25.396","01771 10:22:17",221.78,881.24,,,,"     ",5.30,333.73,1.88
1771,554705059,"01771M10:34:26.369","01771 10:22:18",221.82,881.16,,,,"     ",5.30,334.38,1.88
1771,554705060,"01771M10:34:27.342","01771 10:22:19",221.87,881.15,,,,"     ",5.30,336.71,1.89
1771,554705061,"01771M10:34:28.316","01771 10:22:20",221.92,881.14,,,,"     ",5.30,335.52,1.89
1771,554705062,"01771M10:34:29.289","01771 10:22:21",221.98,881.09,,,,"     ",5.30,339.62,1.91
1771,554705063,"01771M10:34:30.262","01771 10:22:22",222.04,881.07,,,,"     ",5.30,335.22,1.88
1771,554705064,"01771M10:34:31.235","01771 10:22:23",222.08,881.17,,,,"     ",5.30,335.01,1.88
1771,554705065,"01771M10:34:32.209","01771 10:22:24",222.13,881.21,,,,"     ",5.30,335.00,1.88
1771,554705066,"01771M10:34:33.182","01771 10:22:25",222.17,881.19,,,,"     ",5.30,335.65,1.88
1771,554705067,"01771M10:34:34.155","01771 10:22:26",222.21,881.19,,,,"     ",5.30,337.38,1.89
1771,554705068,"01771M10:34:35.128","01771 10:22:27",222.25,881.11,,,,"     ",5.30,338.23,1.90
1771,554705069,"01771M10:34:36.102","01771 10:22:27",222.30,881.19,,,,"     ",5.30,337.11,1.89
1771,554705070,"01771M10:34:37.075","01771 10:22:28",222.35,881.27,,,,"     ",5.30,337.48,1.89
1771,554705071,"01771M10:34:38.048","01771 10:22:29",222.41,881.11,,,,"     ",5.30,337.62,1.89
1771,554705072,"01771M10:34:39.021","01771 10:22:30",222.47,881.11,,,,"     ",5.30,336.83,1.89
1771,554705073,"01771M10:34:39.995","01771 10:22:31",222.54,881.11,,,,"     ",5.30,336.75,1.89
1771,554705074,"01771M10:34:40.968","01771 10:22:32",222.60,881.09,,,,"     ",5.30,334.25,1.87
1771,554705075,"01771M10:34:41.941","01771 10:22:33",222.66,881.17,,,,"     ",5.30,338.33,1.89
1771,554705076,"01771M10:34:42.914","01771 10:22:34",222.72,881.11,,,,"     ",5.30,337.59,1.89
1771,554705077,"01771M10:34:43.888","01771 10:22:35",222.78,881.11,,,,"     ",5.30,341.23,1.91
1771,554705078,"01771M10:34:44.861","01771 10:22:36",222.85,881.13,,,,"     ",5.30,335.90,1.88
1771,554705079,"01771M10:34:45.834","01771 10:22:37",222.90,881.16,,,,"     ",5.30,337.96,1.89
1771,554705080,"01771M10:34:46.807","01771 10:22:38",222.95,881.09,,,,"     ",5.30,335.98,1.88
1771,554705081,"01771M10:34:47.781","01771 10:22:39",222.98,881.09,,,,"     ",5.30,340.56,1.90
1771,554705082,"01771M10:34:48.754","01771 10:22:40",223.00,881.09,,,,"     ",5.30,339.17,1.89
1771,554705083,"01771M10:34:49.727","01771 10:22:41",223.00,881.08,,,,"     ",5.30,334.39,1.87
1771,554705084,"01771M10:34:50.700","01771 10:22:42",222.98,881.13,,,,"     ",5.30,337.47,1.88
1771,554705085,"01771M10:34:51.674","01771 10:22:43",222.95,881.14,,,,"     ",5.30,338.10,1.89
1771,554705086,"01771M10:34:52.647","01771 10:22:44",222.92,881.07,,,,"     ",5.30,337.38,1.88
1771,554705087,"01771M10:34:53.620","01771 10:22:45",222.88,881.07,,,,"     ",5.30,336.91,1.88
1771,554705088,"01771M10:34:54.593","01771 10:22:46",222.84,881.03,,,,"     ",5.30,335.40,1.87
1771,554705089,"01771M10:34:55.567","01771 10:22:47",222.78,881.06,,,,"     ",5.30,335.73,1.87
1771,554705090,"01771M10:34:56.540","01771 10:22:48",222.70,881.04,,,,"     ",5.30,339.18,1.89
1771,554705091,"01771M10:34:57.513","01771 10:22:49",222.62,881.03,,,,"     ",5.30,339.86,1.89
1771,554705092,"01771M10:34:58.486","01771 10:22:50",222.54,881.01,,,,"     ",5.30,336.84,1.87
1771,554705093,"01771M10:34:59.460","01771 10:22:51",222.46,881.04,,,,"     ",5.30,338.09,1.88
1771,554705094,"01771M10:35:00.433","01771 10:22:52",222.39,880.97,,,,"     ",5.30,341.74,1.90
1771,554705095,"01771M10:35:01.406","01771 10:22:53",222.33,881.07,,,,"     ",5.30,339.64,1.89
1771,554705096,"01771M10:35:02.379","01771 10:22:54",222.29,881.05,,,,"     ",5.30,339.00,1.88
1771,554705097,"01771M10:35:03.353","01771 10:22:55",222.25,881.07,,,,"     ",5.30,338.82,1.88
1771,554705098,"01771M10:35:04.326","01771 10:22:56",222.24,881.01,,,,"     ",5.30,339.31,1.88
1771,554705099,"01771M10:35:05.299","01771 10:22:57",222.25,880.94,,,,"     ",5.30,339.54,1.88
1771,554705100,"01771M10:35:06.272","01771 10:22:58",222.27,880.93,,,,"     ",5.30,339.67,1.88
1771,554705101,"01771M10:35:07.246","01771 10:22:59",222.30,880.92,,,,"     ",5.30,338.40,1.88
1771,554705102,"01771M10:35:08.219","01771 10:23:00",222.36,880.94,,,,"     ",5.30,338.50,1.88
1771,554705103,"01771M10:35:09.192","01771 10:23:01",222.43,880.94,,,,"     ",5.30,340.37,1.89
1771,554705104,"01771M10:35:10.165","01771 10:23:02",222.52,880.91,,,,"     ",5.30,342.85,1.90
1771,554705105,"01771M10:35:11.139","01771 10:23:03",222.63,880.90,,,,"     ",5.30,342.57,1.90
1771,554705106,"01771M10:35:12.112","01771 10:23:03",222.74,880.91,,,,"     ",5.30,338.36,1.87
1771,554705107,"01771M10:35:13.085","01771 10:23:04",222.86,880.86,,,,"     ",5.30,337.44,1.87
1771,554705108,"01771M10:35:14.058","01771 10:23:05",222.98,880.92,,,,"     ",5.30,338.13,1.87
1771,554705109,"01771M10:35:15.032","01771 10:23:06",223.09,880.95,,,,"     ",5.30,336.88,1.86
1771,554705110,"01771M10:35:16.005","01771 10:23:07",223.17,880.96,,,,"     ",5.30,339.28,1.88
1771,554705111,"01771M10:35:16.978","01771 10:23:08",223.25,881.02,,,,"     ",5.30,341.30,1.89
1771,554705112,"01771M10:35:17.952","01771 10:23:09",223.30,880.92,,,,"     ",5.30,341.94,1.89
1771,554705113,"01771M10:35:18.925","01771 10:23:10",223.33,880.97,,,,"     ",5.30,340.58,1.88
1771,554705114,"01771M10:35:19.898","01771 10:23:11",223.34,880.90,,,,"     ",5.30,342.83,1.90
1771,554705115,"01771M10:35:20.871","01771 10:23:12",223.33,881.00,,,,"     ",5.30,341.15,1.89
1771,554705116,"01771M10:35:21.845","01771 10:23:13",223.30,880.90,,,,"     ",5.30,340.33,1.88
1771,554705117,"01771M10:35:22.818","01771 10:23:14",223.26,880.94,,,,"     ",5.30,342.83,1.89
1771,554705118,"01771M10:35:23.791","01771 10:23:15",223.21,880.94,,,,"     ",5.30,340.03,1.88
1771,554705119,"01771M10:35:24.764","01771 10:23:16",223.16,880.89,,,,"     ",5.30,343.71,1.90
1771,554705120,"01771M10:35:25.738","01771 10:23:17",223.12,880.86,,,,"     ",5.30,341.47,1.88
1771,554705121,"01771M10:35:26.711","01771 10:23:18",223.08,880.90,,,,"     ",5.30,340.72,1.88
1771,554705122,"01771M10:35:27.684","01771 10:23:19",223.04,880.87,,,,"     ",5.30,337.79,1.86
1771,554705123,"01771M10:35:28.657","01771 10:23:20",223.02,880.86,,,,"     ",5.30,341.08,1.88
1771,554705124,"01771M10:35:29.631","01771 10:23:21",223.02,880.88,,,,"     ",5.30,342.65,1.89
1771,554705125,"01771M10:35:30.604","01771 10:23:22",223.03,880.85,,,,"     ",5.30,341.38,1.88
1771,554705126,"01771M10:35:31.577","01771 10:23:23",223.07,880.89,,,,"     ",5.30,342.01,1.88
1771,554705127,"01771M10:35:32.550","01771 10:23:24",223.10,880.82,,,,"     ",5.30,341.26,1.88
1771,554705128,"01771M10:35:33.524","01771 10:23:25",223.15,880.80,,,,"     ",5.30,344.20,1.89
1771,554705129,"01771M10:35:34.497","01771 10:23:26",223.18,880.86,,,,"     ",5.30,341.97,1.88
1771,554705130,"01771M10:35:35.470","01771 10:23:27",223.22,880.80,,,,"     ",5.30,343.57,1.89
1771,554705131,"01771M10:35:36.443","01771 10:23:28",223.26,880.97,,,,"     ",5.30,340.28,1.87
1771,554705132,"01771M10:35:37.417","01771 10:23:29",223.30,880.88,,,,"     ",5.30,342.70,1.88
1771,554705133,"01771M10:35:38.390","01771 10:23:30",223.33,880.87,,,,"     ",5.30,342.87,1.89
1771,554705134,"01771M10:35:39.363","01771 10:23:31",223.35,880.91,,,,"     ",5.30,340.56,1.87
1771,554705135,"01771M10:35:40.336","01771 10:23:32",223.36,880.88,,,,"     ",5.30,342.44,1.88
1771,554705136,"01771M10:35:41.310","01771 10:23:33",223.36,880.81,,,,"     ",5.30,343.97,1.89
1771,554705137,"01771M10:35:42.283","01771 10:23:34",223.36,880.80,,,,"     ",5.30,337.71,1.85
1771,554705138,"01771M10:35:43.256","01771 10:23:35",223.36,880.82,,,,"     ",5.30,345.72,1.90
1771,554705139,"01771M10:35:44.229","01771 10:23:36",223.35,880.75,,,,"     ",5.30,342.70,1.88
1771,554705140,"01771M10:35:45.203","01771 10:23:37",223.34,880.82,,,,"     ",5.30,340.26,1.87
1771,554705141,"01771M10:35:46.176","01771 10:23:38",223.33,880.80,,,,"     ",5.30,340.00,1.86
1771,554705142,"01771M10:35:47.149","01771 10:23:39",223.32,880.76,,,,"     ",5.30,342.83,1.88
1771,554705143,"01771M10:35:48.122","01771 10:23:40",223.30,880.75,,,,"     ",5.30,343.53,1.88
1771,554705144,"01771M10:35:49.096","01771 10:23:40",223.29,880.78,,,,"     ",5.30,344.10,1.89
1771,554705145,"01771M10:35:50.069","01771 10:23:41",223.28,880.78,,,,"     ",5.30,343.52,1.88
1771,554705146,"01771M10:35:51.042","01771 10:23:42",223.27,880.74,,,,"     ",5.30,341.62,1.87
1771,554705147,"01771M10:35:52.015","01771 10:23:43",223.26,880.87,,,,"     ",5.30,342.57,1.88
1771,554705148,"01771M10:35:52.989","01771 10:23:44",223.27,880.78,,,,"     ",5.30,343.82,1.88
1771,554705149,"01771M10:35:53.962","01771 10:23:45",223.27,880.74,,,,"     ",5.30,341.66,1.87
1771,554705150,"01771M10:35:54.935","01771 10:23:46",223.29,880.72,,,,"     ",5.30,340.15,1.86
1771,554705151,"01771M10:35:55.908","01771 10:23:47",223.32,880.83,,,,"     ",5.30,344.45,1.89
1771,554705152,"01771M10:35:56.882","01771 10:23:48",223.37,880.89,,,,"     ",5.30,340.52,1.86
1771,554705153,"01771M10:35:57.855","01771 10:23:49",223.43,880.86,,,,"     ",5.30,344.72,1.89
1771,554705154,"01771M10:35:58.828","01771 10:23:50",223.50,880.90,,,,"     ",5.30,345.53,1.89
1771,554705155,"01771M10:35:59.801","01771 10:23:51",223.57,880.91,,,,"     ",5.30,345.70,1.89
1771,554705156,"01771M10:36:00.775","01771 10:23:52",223.65,880.88,,,,"     ",5.30,342.27,1.87
1771,554705157,"01771M10:36:01.748","01771 10:23:53",223.74,880.81,,,,"     ",5.30,340.06,1.86
1771,554705158,"01771M10:36:02.721","01771 10:23:54",223.83,880.83,,,,"     ",5.30,346.64,1.89
1771,554705159,"01771M10:36:03.694","01771 10:23:55",223.90,880.82,,,,"     ",5.30,343.07,1.87
1771,554705160,"01771M10:36:04.668","01771 10:23:56",223.97,880.85,,,,"     ",5.30,338.94,1.85
1771,554705161,"01771M10:36:05.641","01771 10:23:57",224.02,880.82,,,,"     ",5.30,343.78,1.88
1771,554705162,"01771M10:36:06.614","01771 10:23:58",224.04,880.78,,,,"     ",5.30,345.51,1.89
1771,554705163,"01771M10:36:07.587","01771 10:23:59",224.04,880.77,,,,"     ",5.30,340.66,1.86
1771,554705164,"01771M10:36:08.561","01771 10:24:00",224.02,880.70,,,,"     ",5.30,347.44,1.90
1771,554705165,"01771M10:36:09.534","01771 10:24:01",223.98,880.66,,,,"     ",5.30,340.55,1.86
1771,554705166,"01771M10:36:10.507","01771 10:24:02",223.93,880.63,,,,"     ",5.30,344.27,1.88
1771,554705167,"01771M10:36:11.480","01771 10:24:03",223.88,880.62,,,,"     ",5.30,343.75,1.87
1771,554705168,"01771M10:36:12.454","01771 10:24:04",223.82,880.64,,,,"     ",5.30,339.67,1.85
1771,554705169,"01771M10:36:13.427","01771 10:24:05",223.76,880.68,,,,"     ",5.30,348.79,1.90
1771,554705170,"01771M10:36:14.400","01771 10:24:06",223.69,880.76,,,,"     ",5.30,340.58,1.86
1771,554705171,"01771M10:36:15.373","01771 10:24:07",223.62,880.65,,,,"     ",5.30,345.16,1.88
1771,554705172,"01771M10:36:16.347","01771 10:24:08",223.55,880.62,,,,"     ",5.30,344.69,1.88
1771,554705173,"01771M10:36:17.320","01771 10:24:09",223.48,880.65,,,,"     ",5.30,344.03,1.88
1771,554705174,"01771M10:36:18.293","01771 10:24:10",223.41,880.71,,,,"     ",5.30,343.23,1.87
1771,554705175,"01771M10:36:19.266","01771 10:24:11",223.36,880.68,,,,"     ",5.30,344.49,1.88
1771,554705176,"01771M10:36:20.240","01771 10:24:12",223.31,880.65,,,,"     ",5.30,341.99,1.86
1771,554705177,"01771M10:36:21.213","01771 10:24:13",223.27,880.66,,,,"     ",5.30,344.12,1.88
1771,554705178,"01771M10:36:22.186","01771 10:24:14",223.25,880.72,,,,"     ",5.30,343.07,1.87
1771,554705179,"01771M10:36:23.159","01771 10:24:15",223.23,880.73,,,,"     ",5.30,344.88,1.88
1771,554705180,"01771M10:36:24.133","01771 10:24:16",223.22,880.71,,,,"     ",5.30,347.25,1.89
1771,554705181,"01771M10:36:25.106","01771 10:24:17",223.21,880.69,,,,"     ",5.30,344.54,1.88
1771,554705182,"01771M10:36:26.079","01771 10:24:17",223.22,880.69,,,,"     ",5.30,341.72,1.86
1771,554705183,"01771M10:36:27.053","01771 10:24:18",223.22,880.66,,,,"     ",5.30,343.27,1.87
1771,554705184,"01771M10:36:28.026","01771 10:24:19",223.24,880.77,,,,"     ",5.30,339.93,1.85
1771,554705185,"01771M10:36:28.999","01771 10:24:20",223.27,880.64,,,,"     ",5.30,345.27,1.88
1771,554705186,"01771M10:36:29.972","01771 10:24:21",223.31,880.74,,,,"     ",5.30,340.75,1.86
1771,554705187,"01771M10:36:30.946","01771 10:24:22",223.07,880.71,,,,"     ",5.30,343.25,1.87
1771,554705188,"01771M10:36:31.919","01771 10:24:23",222.97,880.69,,,,"     ",5.30,343.19,1.87
1771,554705189,"01771M10:36:32.892","01771 10:24:24",222.89,880.70,,,,"     ",5.30,339.41,1.85
1771,554705190,"01771M10:36:33.865","01771 10:24:25",222.81,880.69,,,,"     ",5.30,342.79,1.87
1771,554705191,"01771M10:36:34.839","01771 10:24:26",222.72,880.68,,,,"     ",5.30,341.36,1.86
1771,554705192,"01771M10:36:35.812","01771 10:24:27",222.65,880.70,,,,"     ",5.30,339.77,1.85
1771,554705193,"01771M10:36:36.785","01771 10:24:28",222.58,880.68,,,,"     ",5.30,342.41,1.87
1771,554705194,"01771M10:36:37.758","01771 10:24:29",222.51,880.67,,,,"     ",5.30,342.46,1.87
1771,554705195,"01771M10:36:38.732","01771 10:24:30",222.45,880.68,,,,"     ",5.30,343.24,1.87
1771,554705196,"01771M10:36:39.705","01771 10:24:31",222.39,880.66,,,,"     ",5.30,340.83,1.86
1771,554705197,"01771M10:36:40.678","01771 10:24:32",222.34,880.62,,,,"     ",5.30,340.74,1.86
1771,554705198,"01771M10:36:41.651","01771 10:24:33",222.30,880.63,,,,"     ",5.30,344.98,1.88
1771,554705199,"01771M10:36:42.625","01771 10:24:34",222.25,880.70,,,,"     ",5.30,343.23,1.87
1771,554705200,"01771M10:36:43.598","01771 10:24:35",222.22,880.64,,,,"     ",5.30,343.18,1.88
1771,554705201,"01771M10:36:44.571","01771 10:24:36",222.18,880.72,,,,"     ",5.30,340.22,1.86
1771,554705202,"01771M10:36:45.544","01771 10:24:37",222.12,880.70,,,,"     ",5.30,343.45,1.88
1771,554705203,"01771M10:36:46.518","01771 10:24:38",222.07,880.63,,,,"     ",5.30,344.38,1.88
1771,554705204,"01771M10:36:47.491","01771 10:24:39",222.02,880.62,,,,"     ",5.30,339.00,1.85
1771,554705205,"01771M10:36:48.464","01771 10:24:40",222.00,880.63,,,,"     ",5.30,344.53,1.89
1771,554705206,"01771M10:36:49.437","01771 10:24:41",221.99,880.63,,,,"     ",5.30,338.02,1.85
1771,554705207,"01771M10:36:50.411","01771 10:24:42",221.99,880.63,,,,"     ",5.30,340.90,1.87
1771,554705208,"01771M10:36:51.384","01771 10:24:43",222.01,880.63,,,,"     ",5.30,346.85,1.90
1771,554705209,"01771M10:36:52.357","01771 10:24:44",222.02,880.63,,,,"     ",5.30,340.25,1.86
1771,554705210,"01771M10:36:53.330","01771 10:24:45",222.04,880.65,,,,"     ",5.30,340.56,1.87
1771,554705211,"01771M10:36:54.304","01771 10:24:46",222.05,880.65,,,,"     ",5.30,339.44,1.86
1771,554705212,"01771M10:36:55.277","01771 10:24:47",222.08,880.69,,,,"     ",5.30,341.68,1.87
1771,554705213,"01771M10:36:56.250","01771 10:24:48",222.10,880.62,,,,"     ",5.30,343.87,1.89
1771,554705214,"01771M10:36:57.223","01771 10:24:49",222.14,880.58,,,,"     ",5.30,341.48,1.87
1771,554705215,"01771M10:36:58.197","01771 10:24:50",222.19,880.64,,,,"     ",5.30,342.09,1.88
1771,554705216,"01771M10:36:59.170","01771 10:24:51",222.23,880.58,,,,"     ",5.30,341.52,1.88
1771,554705217,"01771M10:37:00.143","01771 10:24:52",222.29,880.62,,,,"     ",5.30,342.17,1.88
1771,554705218,"01771M10:37:01.116","01771 10:24:53",222.34,880.65,,,,"     ",5.30,343.08,1.89
1771,554705219,"01771M10:37:02.090","01771 10:24:53",222.38,880.66,,,,"     ",5.30,340.34,1.87
1771,554705220,"01771M10:37:03.063","01771 10:24:54",222.41,880.68,,,,"     ",5.30,340.43,1.87
1771,554705221,"01771M10:37:04.036","01771 10:24:55",222.43,880.64,,,,"     ",5.30,337.95,1.86
1771,554705222,"01771M10:37:05.009","01771 10:24:56",222.46,880.64,,,,"     ",5.30,341.60,1.88
1771,554705223,"01771M10:37:05.983","01771 10:24:57",222.48,880.69,,,,"     ",5.30,341.52,1.88
1771,554705224,"01771M10:37:06.956","01771 10:24:58",222.52,880.71,,,,"     ",5.30,344.91,1.90
1771,554705225,"01771M10:37:07.929","01771 10:24:59",222.55,880.69,,,,"     ",5.30,342.38,1.89
1771,554705226,"01771M10:37:08.902","01771 10:25:00",222.58,880.68,,,,"     ",5.30,340.55,1.88
1771,554705227,"01771M10:37:09.876","01771 10:25:01",222.58,880.58,,,,"     ",5.30,341.84,1.88
1771,554705228,"01771M10:37:10.849","01771 10:25:02",222.59,880.63,,,,"     ",5.30,342.30,1.89
1771,554705229,"01771M10:37:11.822","01771 10:25:03",222.60,880.59,,,,"     ",5.30,339.70,1.87
1771,554705230,"01771M10:37:12.795","01771 10:25:04",222.62,880.60,,,,"     ",5.30,338.41,1.87
1771,554705231,"01771M10:37:13.769","01771 10:25:05",222.65,880.56,,,,"     ",5.30,339.06,1.87
1771,554705232,"01771M10:37:14.742","01771 10:25:06",222.72,880.55,,,,"     ",5.30,340.68,1.88
1771,554705233,"01771M10:37:15.715","01771 10:25:07",222.82,880.58,,,,"     ",5.30,342.43,1.89
1771,554705234,"01771M10:37:16.688","01771 10:25:08",222.94,880.57,,,,"     ",5.30,341.03,1.88
1771,554705235,"01771M10:37:17.662","01771 10:25:09",223.06,880.55,,,,"     ",5.30,340.49,1.88
1771,554705236,"01771M10:37:18.635","01771 10:25:10",223.19,880.59,,,,"     ",5.30,338.16,1.87
1771,554705237,"01771M10:37:19.608","01771 10:25:11",223.32,880.53,,,,"     ",5.30,338.65,1.87
1771,554705238,"01771M10:37:20.581","01771 10:25:12",223.44,880.58,,,,"     ",5.30,340.33,1.88
1771,554705239,"01771M10:37:21.555","01771 10:25:13",223.55,880.53,,,,"     ",5.30,340.83,1.88
1771,554705240,"01771M10:37:22.528","01771 10:25:14",223.67,880.47,,,,"     ",5.30,341.14,1.89
1771,554705241,"01771M10:37:23.501","01771 10:25:15",223.78,880.51,,,,"     ",5.30,338.92,1.87
1771,554705242,"01771M10:37:24.474","01771 10:25:16",223.89,880.48,,,,"     ",5.30,340.90,1.89
1771,554705243,"01771M10:37:25.448","01771 10:25:17",223.99,880.51,,,,"     ",5.30,339.39,1.88
1771,554705244,"01771M10:37:26.421","01771 10:25:18",224.08,880.46,,,,"     ",5.30,336.90,1.86
1771,554705245,"01771M10:37:27.394","01771 10:25:19",224.16,880.52,,,,"     ",5.30,341.75,1.89
1771,554705246,"01771M10:37:28.367","01771 10:25:20",224.22,880.53,,,,"     ",5.30,337.81,1.87
1771,554705247,"01771M10:37:29.341","01771 10:25:21",224.27,880.55,,,,"     ",5.30,339.64,1.88
1771,554705248,"01771M10:37:30.314","01771 10:25:22",224.30,880.50,,,,"     ",5.30,339.29,1.88
1771,554705249,"01771M10:37:31.287","01771 10:25:23",224.33,880.50,,,,"     ",5.30,337.86,1.87
1771,554705250,"01771M10:37:32.260","01771 10:25:24",224.36,880.40,,,,"     ",5.30,340.82,1.88
1771,554705251,"01771M10:37:33.234","01771 10:25:25",224.37,880.48,,,,"     ",5.30,342.08,1.89
1771,554705252,"01771M10:37:34.207","01771 10:25:26",224.37,880.44,,,,"     ",5.30,340.21,1.88
1771,554705253,"01771M10:37:35.180","01771 10:25:27",224.35,880.44,,,,"     ",5.30,337.24,1.86
1771,554705254,"01771M10:37:36.154","01771 10:25:28",224.31,880.40,,,,"     ",5.30,339.20,1.87
1771,554705255,"01771M10:37:37.127","01771 10:25:29",224.26,880.52,,,,"     ",5.30,338.64,1.87
1771,554705256,"01771M10:37:38.100","01771 10:25:30",224.21,880.41,,,,"     ",5.30,341.51,1.89
1771,554705257,"01771M10:37:39.073","01771 10:25:30",224.18,880.44,,,,"     ",5.30,338.92,1.87
1771,554705258,"01771M10:37:40.047","01771 10:25:31",224.16,880.38,,,,"     ",5.30,337.25,1.86
1771,554705259,"01771M10:37:41.020","01771 10:25:32",224.18,880.46,,,,"     ",5.30,340.36,1.88
1771,554705260,"01771M10:37:41.993","01771 10:25:33",224.21,880.44,,,,"     ",5.30,337.65,1.86
1771,554705261,"01771M10:37:42.966","01771 10:25:34",224.25,880.44,,,,"     ",5.30,341.19,1.88
1771,554705262,"01771M10:37:43.940","01771 10:25:35",224.30,880.38,,,,"     ",5.30,340.10,1.88
1771,554705263,"01771M10:37:44.913","01771 10:25:36",224.35,880.55,,,,"     ",5.30,341.90,1.89
1771,554705264,"01771M10:37:45.886","01771 10:25:37",224.39,880.47,,,,"     ",5.30,338.49,1.87
1771,554705265,"01771M10:37:46.859","01771 10:25:38",224.42,880.41,,,,"     ",5.30,338.37,1.87
1771,554705266,"01771M10:37:47.833","01771 10:25:39",224.43,880.39,,,,"     ",5.30,340.01,1.88
1771,554705267,"01771M10:37:48.806","01771 10:25:40",224.43,880.43,,,,"     ",5.30,339.12,1.87
1771,554705268,"01771M10:37:49.779","01771 10:25:41",224.39,880.36,,,,"     ",5.30,337.68,1.86
1771,554705269,"01771M10:37:50.752","01771 10:25:42",224.33,880.31,,,,"     ",5.30,342.35,1.89
1771,554705270,"01771M10:37:51.726","01771 10:25:43",224.24,880.29,,,,"     ",5.30,340.70,1.88
1771,554705271,"01771M10:37:52.699","01771 10:25:44",224.13,880.34,,,,"     ",5.30,336.82,1.86
1771,554705272,"01771M10:37:53.672","01771 10:25:45",224.01,880.39,,,,"     ",5.30,339.81,1.88
1771,554705273,"01771M10:37:54.645","01771 10:25:46",223.89,880.38,,,,"     ",5.30,339.55,1.87
1771,554705274,"01771M10:37:55.619","01771 10:25:47",223.79,880.31,,,,"     ",5.30,338.19,1.87
1771,554705275,"01771M10:37:56.592","01771 10:25:48",223.72,880.37,,,,"     ",5.30,342.20,1.89
1771,554705276,"01771M10:37:57.565","01771 10:25:49",223.69,880.33,,,,"     ",5.30,339.64,1.87
1771,554705277,"01771M10:37:58.538","01771 10:25:50",223.69,880.37,,,,"     ",5.30,336.25,1.85
1771,554705278,"01771M10:37:59.512","01771 10:25:51",223.72,880.39,,,,"     ",5.30,341.01,1.88
1771,554705279,"01771M10:38:00.485","01771 10:25:52",223.78,880.34,,,,"     ",5.30,340.92,1.88
1771,554705280,"01771M10:38:01.458","01771 10:25:53",223.84,880.29,,,,"     ",5.30,338.88,1.87
1771,554705281,"01771M10:38:02.431","01771 10:25:54",223.92,880.37,,,,"     ",5.30,339.50,1.87
1771,554705282,"01771M10:38:03.405","01771 10:25:55",223.99,880.33,,,,"     ",5.30,337.55,1.86
1771,554705283,"01771M10:38:04.378","01771 10:25:56",224.07,880.24,,,,"     ",5.30,339.16,1.87
1771,554705284,"01771M10:38:05.351","01771 10:25:57",224.16,880.24,,,,"     ",5.30,343.50,1.89
1771,554705285,"01771M10:38:06.324","01771 10:25:58",224.22,880.28,,,,"     ",5.30,340.69,1.88
1771,554705286,"01771M10:38:07.298","01771 10:25:59",224.28,880.35,,,,"     ",5.30,341.55,1.88
1771,554705287,"01771M10:38:08.271","01771 10:26:00",224.34,880.29,,,,"     ",5.30,341.56,1.88
1771,554705288,"01771M10:38:09.244","01771 10:26:01",224.37,880.24,,,,"     ",5.30,341.40,1.88
1771,554705289,"01771M10:38:10.217","01771 10:26:02",224.40,880.30,,,,"     ",5.30,341.71,1.88
1771,554705290,"01771M10:38:11.191","01771 10:26:03",224.41,880.24,,,,"     ",5.30,340.83,1.88
1771,554705291,"01771M10:38:12.164","01771 10:26:04",224.41,880.24,,,,"     ",5.30,335.70,1.85
1771,554705292,"01771M10:38:13.137","01771 10:26:05",224.44,880.27,,,,"     ",5.30,336.91,1.85
1771,554705293,"01771M10:38:14.110","01771 10:26:06",224.46,880.21,,,,"     ",5.30,340.01,1.87
1771,554705294,"01771M10:38:15.084","01771 10:26:07",224.51,880.27,,,,"     ",5.30,344.96,1.90
1771,554705295,"01771M10:38:16.057","01771 10:26:07",224.58,880.24,,,,"     ",5.30,338.95,1.86
1771,554705296,"01771M10:38:17.030","01771 10:26:08",224.66,880.20,,,,"     ",5.30,341.65,1.88
1771,554705297,"01771M10:38:18.003","01771 10:26:09",224.75,880.20,,,,"     ",5.30,340.33,1.87
1771,554705298,"01771M10:38:18.977","01771 10:26:10",224.85,880.31,,,,"     ",5.30,340.79,1.88
1771,554705299,"01771M10:38:19.950","01771 10:26:11",224.95,880.25,,,,"     ",5.30,340.60,1.87
1771,554705300,"01771M10:38:20.923","01771 10:26:12",225.03,880.26,,,,"     ",5.30,339.53,1.87
1771,554705301,"01771M10:38:21.896","01771 10:26:13",225.12,880.28,,,,"     ",5.30,340.05,1.87
1771,554705302,"01771M10:38:22.870","01771 10:26:14",225.20,880.24,,,,"     ",5.30,343.09,1.89
1771,554705303,"01771M10:38:23.843","01771 10:26:15",225.30,880.24,,,,"     ",5.30,339.21,1.86
1771,554705304,"01771M10:38:24.816","01771 10:26:16",225.41,880.18,,,,"     ",5.30,341.63,1.88
1771,554705305,"01771M10:38:25.789","01771 10:26:17",225.52,880.18,,,,"     ",5.30,338.42,1.86
1771,554705306,"01771M10:38:26.763","01771 10:26:18",225.63,880.11,,,,"     ",5.30,339.50,1.86
1771,554705307,"01771M10:38:27.736","01771 10:26:19",225.73,880.08,,,,"     ",5.30,340.70,1.87
1771,554705308,"01771M10:38:28.709","01771 10:26:20",225.82,880.12,,,,"     ",5.30,337.46,1.85
1771,554705309,"01771M10:38:29.682","01771 10:26:21",225.91,880.17,,,,"     ",5.30,343.16,1.88
1771,554705310,"01771M10:38:30.656","01771 10:26:22",226.00,880.14,,,,"     ",5.30,336.28,1.84
1771,554705311,"01771M10:38:31.629","01771 10:26:23",226.10,880.14,,,,"     ",5.30,339.35,1.86
1771,554705312,"01771M10:38:32.602","01771 10:26:24",226.21,880.17,,,,"     ",5.30,340.86,1.87
1771,554705313,"01771M10:38:33.575","01771 10:26:25",226.33,880.23,,,,"     ",5.30,344.94,1.89
1771,554705314,"01771M10:38:34.549","01771 10:26:26",226.45,880.18,,,,"     ",5.30,340.14,1.86
1771,554705315,"01771M10:38:35.522","01771 10:26:27",226.58,880.29,,,,"     ",5.30,342.15,1.88
1771,554705316,"01771M10:38:36.495","01771 10:26:28",226.70,880.23,,,,"     ",5.30,341.32,1.87
1771,554705317,"01771M10:38:37.468","01771 10:26:29",226.80,880.17,,,,"     ",5.30,341.88,1.87
1771,554705318,"01771M10:38:38.442","01771 10:26:30",226.91,880.11,,,,"     ",5.30,341.01,1.87
1771,554705319,"01771M10:38:39.415","01771 10:26:31",227.00,880.07,,,,"     ",5.30,340.85,1.87
1771,554705320,"01771M10:38:40.388","01771 10:26:32",227.11,880.12,,,,"     ",5.30,341.97,1.87
1771,554705321,"01771M10:38:41.361","01771 10:26:33",227.22,880.02,,,,"     ",5.30,344.12,1.88
1771,554705322,"01771M10:38:42.335","01771 10:26:34",227.34,880.05,,,,"     ",5.30,337.27,1.84
1771,554705323,"01771M10:38:43.308","01771 10:26:35",227.47,880.13,,,,"     ",5.30,342.66,1.87
1771,554705324,"01771M10:38:44.281","01771 10:26:36",227.60,880.15,,,,"     ",5.30,337.65,1.85
1771,554705325,"01771M10:38:45.255","01771 10:26:37",227.74,880.17,,,,"     ",5.30,343.55,1.88
1771,554705326,"01771M10:38:46.228","01771 10:26:38",227.87,880.20,,,,"     ",5.30,339.69,1.86
1771,554705327,"01771M10:38:47.201","01771 10:26:39",227.99,880.12,,,,"     ",5.30,342.44,1.87
1771,554705328,"01771M10:38:48.174","01771 10:26:40",228.11,880.25,,,,"     ",5.30,341.28,1.86
1771,554705329,"01771M10:38:49.148","01771 10:26:41",228.22,880.13,,,,"     ",5.30,341.03,1.86
1771,554705330,"01771M10:38:50.121","01771 10:26:42",228.32,880.10,,,,"     ",5.30,340.97,1.86
1771,554705331,"01771M10:38:51.094","01771 10:26:43",228.41,880.11,,,,"     ",5.30,337.10,1.84
1771,554705332,"01771M10:38:52.067","01771 10:26:44",228.47,880.11,,,,"     ",5.30,341.07,1.86
1771,554705333,"01771M10:38:53.041","01771 10:26:44",228.52,880.17,,,,"     ",5.30,341.74,1.86
1771,554705334,"01771M10:38:54.014","01771 10:26:45",228.54,880.16,,,,"     ",5.30,340.66,1.86
1771,554705335,"01771M10:38:54.987","01771 10:26:46",228.55,880.11,,,,"     ",5.30,343.65,1.87
1771,554705336,"01771M10:38:55.960","01771 10:26:47",228.53,880.11,,,,"     ",5.30,342.02,1.86
1771,554705337,"01771M10:38:56.934","01771 10:26:48",228.49,880.10,,,,"     ",5.30,342.42,1.86
1771,554705338,"01771M10:38:57.907","01771 10:26:49",228.43,880.23,,,,"     ",5.30,344.83,1.88
1771,554705339,"01771M10:38:58.880","01771 10:26:50",228.37,880.23,,,,"     ",5.30,342.44,1.86
1771,554705340,"01771M10:38:59.853","01771 10:26:51",228.29,880.32,,,,"     ",5.30,340.87,1.85
1771,554705341,"01771M10:39:00.827","01771 10:26:52",228.22,880.23,,,,"     ",5.30,339.72,1.85
1771,554705342,"01771M10:39:01.800","01771 10:26:53",228.16,880.17,,,,"     ",5.30,340.86,1.85
1771,554705343,"01771M10:39:02.773","01771 10:26:54",228.11,880.15,,,,"     ",5.30,339.19,1.84
1771,554705344,"01771M10:39:03.746","01771 10:26:55",228.06,880.12,,,,"     ",5.30,344.24,1.87
1771,554705345,"01771M10:39:04.720","01771 10:26:56",228.02,880.13,,,,"     ",5.30,343.73,1.86
1771,554705346,"01771M10:39:05.693","01771 10:26:57",227.98,880.12,,,,"     ",5.30,345.81,1.87
1771,554705347,"01771M10:39:06.666","01771 10:26:58",227.94,880.11,,,,"     ",5.30,341.36,1.85
1771,554705348,"01771M10:39:07.639","01771 10:26:59",227.89,880.11,,,,"     ",5.30,340.34,1.84
1771,554705349,"01771M10:39:08.613","01771 10:27:00",227.85,880.05,,,,"     ",5.30,343.07,1.86
1771,554705350,"01771M10:39:09.586","01771 10:27:01",227.80,880.06,,,,"     ",5.30,343.59,1.86
1771,554705351,"01771M10:39:10.559","01771 10:27:02",227.75,880.10,,,,"     ",5.30,339.36,1.84
1771,554705352,"01771M10:39:11.532","01771 10:27:03",227.69,880.05,,,,"     ",5.30,341.99,1.85
1771,554705353,"01771M10:39:12.506","01771 10:27:04",227.62,880.08,,,,"     ",5.30,343.02,1.86
1771,554705354,"01771M10:39:13.479","01771 10:27:05",227.54,880.06,,,,"     ",5.30,342.85,1.86
1771,554705355,"01771M10:39:14.452","01771 10:27:06",227.45,880.05,,,,"     ",5.30,343.47,1.86
1771,554705356,"01771M10:39:15.425","01771 10:27:07",227.37,880.07,,,,"     ",5.30,339.69,1.84
1771,554705357,"01771M10:39:16.399","01771 10:27:08",227.29,880.08,,,,"     ",5.30,342.09,1.85
1771,554705358,"01771M10:39:17.372","01771 10:27:09",227.21,880.02,,,,"     ",5.30,342.62,1.85
1771,554705359,"01771M10:39:18.345","01771 10:27:10",227.15,880.04,,,,"     ",5.30,341.24,1.84
1771,554705360,"01771M10:39:19.318","01771 10:27:11",227.11,880.03,,,,"     ",5.30,340.89,1.84
1771,554705361,"01771M10:39:20.292","01771 10:27:12",227.08,879.96,,,,"     ",5.30,347.07,1.88
1771,554705362,"01771M10:39:21.265","01771 10:27:13",227.05,880.01,,,,"     ",5.30,345.99,1.87
1771,554705363,"01771M10:39:22.238","01771 10:27:14",227.02,879.96,,,,"     ",5.30,340.05,1.84
1771,554705364,"01771M10:39:23.211","01771 10:27:15",226.99,879.86,,,,"     ",5.30,344.14,1.86
1771,554705365,"01771M10:39:24.185","01771 10:27:16",226.95,879.94,,,,"     ",5.30,344.04,1.86
1771,554705366,"01771M10:39:25.158","01771 10:27:17",226.91,879.96,,,,"     ",5.30,343.94,1.86
1771,554705367,"01771M10:39:26.131","01771 10:27:18",226.84,880.01,,,,"     ",5.30,343.58,1.85
1771,554705368,"01771M10:39:27.104","01771 10:27:19",226.77,879.99,,,,"     ",5.30,344.84,1.86
1771,554705369,"01771M10:39:28.078","01771 10:27:20",226.68,879.94,,,,"     ",5.30,340.05,1.83
1771,554705370,"01771M10:39:29.051","01771 10:27:20",226.60,879.94,,,,"     ",5.30,342.71,1.85
1771,554705371,"01771M10:39:30.024","01771 10:27:21",226.52,879.88,,,,"     ",5.30,346.58,1.87
1771,554705372,"01771M10:39:30.997","01771 10:27:22",226.43,879.89,,,,"     ",5.30,339.71,1.83
1771,554705373,"01771M10:39:31.971","01771 10:27:23",226.34,879.90,,,,"     ",5.30,343.60,1.85
1771,554705374,"01771M10:39:32.944","01771 10:27:24",226.24,879.89,,,,"     ",5.30,348.65,1.88
1771,554705375,"01771M10:39:33.917","01771 10:27:25",226.14,879.88,,,,"     ",5.30,341.89,1.85
1771,554705376,"01771M10:39:34.890","01771 10:27:26",226.05,879.88,,,,"     ",5.30,343.06,1.85
1771,554705377,"01771M10:39:35.864","01771 10:27:27",225.96,879.85,,,,"     ",5.30,344.40,1.86
1771,554705378,"01771M10:39:36.837","01771 10:27:28",225.88,879.91,,,,"     ",5.30,340.99,1.84
1771,554705379,"01771M10:39:37.810","01771 10:27:29",225.80,879.86,,,,"     ",5.30,338.96,1.83
1771,554705380,"01771M10:39:38.783","01771 10:27:30",225.72,879.83,,,,"     ",5.30,343.18,1.86
1771,554705381,"01771M10:39:39.757","01771 10:27:31",225.63,879.88,,,,"     ",5.30,340.13,1.84
1771,554705382,"01771M10:39:40.730","01771 10:27:32",225.55,879.84,,,,"     ",5.30,341.20,1.85
1771,554705383,"01771M10:39:41.703","01771 10:27:33",225.46,879.83,,,,"     ",5.30,344.24,1.86
1771,554705384,"01771M10:39:42.676","01771 10:27:34",225.37,879.81,,,,"     ",5.30,343.56,1.86
1771,554705385,"01771M10:39:43.650","01771 10:27:35",225.28,879.82,,,,"     ",5.30,343.01,1.86
1771,554705386,"01771M10:39:44.623","01771 10:27:36",225.18,879.78,,,,"     ",5.30,338.50,1.83
1771,554705387,"01771M10:39:45.596","01771 10:27:37",225.09,879.76,,,,"     ",5.30,340.57,1.85
1771,554705388,"01771M10:39:46.569","01771 10:27:38",225.00,879.83,,,,"     ",5.30,338.69,1.84
1771,554705389,"01771M10:39:47.543","01771 10:27:39",224.93,879.85,,,,"     ",5.30,341.51,1.85
1771,554705390,"01771M10:39:48.516","01771 10:27:40",224.86,879.84,,,,"     ",5.30,342.70,1.86
1771,554705391,"01771M10:39:49.489","01771 10:27:41",224.80,879.77,,,,"     ",5.30,344.69,1.88
1771,554705392,"01771M10:39:50.462","01771 10:27:42",224.75,879.78,,,,"     ",5.30,338.87,1.84
1771,554705393,"01771M10:39:51.436","01771 10:27:43",224.69,879.78,,,,"     ",5.30,340.30,1.85
1771,554705394,"01771M10:39:52.409","01771 10:27:44",224.64,879.75,,,,"     ",5.30,340.31,1.85
1771,554705395,"01771M10:39:53.382","01771 10:27:45",224.59,879.69,,,,"     ",5.30,336.28,1.83
1771,554705396,"01771M10:39:54.355","01771 10:27:46",224.54,879.59,,,,"     ",5.30,340.68,1.86
1771,554705397,"01771M10:39:55.329","01771 10:27:47",224.49,879.72,,,,"     ",5.30,336.85,1.84
1771,554705398,"01771M10:39:56.302","01771 10:27:48",224.46,879.76,,,,"     ",5.30,337.36,1.84
1771,554705399,"01771M10:39:57.275","01771 10:27:49",224.43,879.71,,,,"     ",5.30,340.12,1.86
1771,554705400,"01771M10:39:58.249","01771 10:27:50",224.39,879.73,,,,"     ",5.30,340.19,1.86
1771,554705401,"01771M10:39:59.222","01771 10:27:51",224.36,879.72,,,,"     ",5.30,339.45,1.86
1771,554705402,"01771M10:40:00.195","01771 10:27:52",224.34,879.71,,,,"     ",5.30,338.55,1.86
1771,554705403,"01771M10:40:01.168","01771 10:27:53",224.32,879.77,,,,"     ",5.30,339.89,1.87
1771,554705404,"01771M10:40:02.142","01771 10:27:54",224.33,879.73,,,,"     ",5.30,339.61,1.87
1771,554705405,"01771M10:40:03.115","01771 10:27:55",224.34,879.72,,,,"     ",5.30,339.98,1.87
1771,554705406,"01771M10:40:04.088","01771 10:27:56",224.36,879.74,,,,"     ",5.30,334.71,1.84
1771,554705407,"01771M10:40:05.061","01771 10:27:57",224.40,879.75,,,,"     ",5.30,339.49,1.87
1771,554705408,"01771M10:40:06.035","01771 10:27:57",224.44,879.82,,,,"     ",5.30,336.20,1.85
1771,554705409,"01771M10:40:07.008","01771 10:27:58",224.49,879.81,,,,"     ",5.30,333.60,1.84
1771,554705410,"01771M10:40:07.981","01771 10:27:59",224.54,879.88,,,,"     ",5.30,335.69,1.85
1771,554705411,"01771M10:40:08.954","01771 10:28:00",224.59,879.86,,,,"     ",5.30,336.51,1.86
1771,554705412,"01771M10:40:09.928","01771 10:28:01",224.63,879.83,,,,"     ",5.30,337.50,1.86
1771,554705413,"01771M10:40:10.901","01771 10:28:02",224.66,879.84,,,,"     ",5.30,339.05,1.87
1771,554705414,"01771M10:40:11.874","01771 10:28:03",224.66,879.76,,,,"     ",5.30,337.79,1.87
1771,554705415,"01771M10:40:12.847","01771 10:28:04",224.66,879.83,,,,"     ",5.30,335.96,1.86
1771,554705416,"01771M10:40:13.821","01771 10:28:05",224.67,879.88,,,,"     ",5.30,336.90,1.87
1771,554705417,"01771M10:40:14.794","01771 10:28:06",224.67,879.85,,,,"     ",5.30,336.34,1.86
1771,554705418,"01771M10:40:15.767","01771 10:28:07",224.66,879.86,,,,"     ",5.30,337.57,1.87
1771,554705419,"01771M10:40:16.740","01771 10:28:08",224.66,879.87,,,,"     ",5.30,336.42,1.86
1771,554705420,"01771M10:40:17.714","01771 10:28:09",224.68,879.82,,,,"     ",5.30,336.93,1.87
1771,554705421,"01771M10:40:18.687","01771 10:28:10",224.74,879.75,,,,"     ",5.30,337.16,1.87
1771,554705422,"01771M10:40:19.660","01771 10:28:11",224.87,879.81,,,,"     ",5.30,336.17,1.86
1771,554705423,"01771M10:40:20.633","01771 10:28:12",225.02,879.79,,,,"     ",5.30,337.75,1.87
1771,554705424,"01771M10:40:21.607","01771 10:28:13",225.09,879.83,,,,"     ",5.30,338.35,1.88
1771,554705425,"01771M10:40:22.580","01771 10:28:14",225.16,879.82,,,,"     ",5.30,338.22,1.88
1771,554705426,"01771M10:40:23.553","01771 10:28:15",225.24,879.81,,,,"     ",5.30,338.41,1.88
1771,554705427,"01771M10:40:24.526","01771 10:28:16",225.33,879.78,,,,"     ",5.30,337.95,1.88
1771,554705428,"01771M10:40:25.500","01771 10:28:17",225.44,879.82,,,,"     ",5.30,333.38,1.85
1771,554705429,"01771M10:40:26.473","01771 10:28:18",225.55,879.80,,,,"     ",5.30,335.14,1.86
1771,554705430,"01771M10:40:27.446","01771 10:28:19",225.66,879.85,,,,"     ",5.30,337.90,1.88
1771,554705431,"01771M10:40:28.419","01771 10:28:20",225.76,879.78,,,,"     ",5.30,336.09,1.87
1771,554705432,"01771M10:40:29.393","01771 10:28:21",225.85,879.74,,,,"     ",5.30,337.48,1.87
1771,554705433,"01771M10:40:30.366","01771 10:28:22",225.92,879.74,,,,"     ",5.30,334.68,1.86
1771,554705434,"01771M10:40:31.339","01771 10:28:23",225.98,879.69,,,,"     ",5.30,337.50,1.87
1771,554705435,"01771M10:40:32.312","01771 10:28:24",226.01,879.75,,,,"     ",5.30,338.00,1.88
1771,554705436,"01771M10:40:33.286","01771 10:28:25",226.03,879.76,,,,"     ",5.30,338.76,1.88
1771,554705437,"01771M10:40:34.259","01771 10:28:26",226.02,879.73,,,,"     ",5.30,338.33,1.88
1771,554705438,"01771M10:40:35.232","01771 10:28:27",226.00,879.74,,,,"     ",5.30,337.65,1.88
1771,554705439,"01771M10:40:36.205","01771 10:28:28",225.97,879.74,,,,"     ",5.30,336.66,1.87
1771,554705440,"01771M10:40:37.179","01771 10:28:29",225.93,879.66,,,,"     ",5.30,336.72,1.87
1771,554705441,"01771M10:40:38.152","01771 10:28:30",225.89,879.65,,,,"     ",5.30,337.51,1.87
1771,554705442,"01771M10:40:39.125","01771 10:28:31",225.87,879.63,,,,"     ",5.30,338.97,1.88
1771,554705443,"01771M10:40:40.098","01771 10:28:32",225.88,879.72,,,,"     ",5.30,339.40,1.88
1771,554705444,"01771M10:40:41.072","01771 10:28:33",225.91,879.66,,,,"     ",5.30,338.14,1.88
1771,554705445,"01771M10:40:42.045","01771 10:28:34",225.97,879.75,,,,"     ",5.30,339.44,1.88
1771,554705446,"01771M10:40:43.018","01771 10:28:34",226.05,879.73,,,,"     ",5.30,340.25,1.89
1771,554705447,"01771M10:40:43.991","01771 10:28:35",226.15,879.62,,,,"     ",5.30,334.68,1.86
1771,554705448,"01771M10:40:44.965","01771 10:28:36",226.25,879.64,,,,"     ",5.30,337.82,1.87
1771,554705449,"01771M10:40:45.938","01771 10:28:37",226.35,879.69,,,,"     ",5.30,333.27,1.85
1771,554705450,"01771M10:40:46.911","01771 10:28:38",226.45,879.67,,,,"     ",5.30,338.28,1.88
1771,554705451,"01771M10:40:47.884","01771 10:28:39",226.54,879.68,,,,"     ",5.30,339.04,1.88
1771,554705452,"01771M10:40:48.858","01771 10:28:40",226.63,879.67,,,,"     ",5.30,338.79,1.88
1771,554705453,"01771M10:40:49.831","01771 10:28:41",226.69,879.63,,,,"     ",5.30,336.80,1.87
1771,554705454,"01771M10:40:50.804","01771 10:28:42",226.76,879.58,,,,"     ",5.30,339.57,1.88
1771,554705455,"01771M10:40:51.777","01771 10:28:43",226.82,879.61,,,,"     ",5.30,336.98,1.86
1771,554705456,"01771M10:40:52.751","01771 10:28:44",226.86,879.55,,,,"     ",5.30,337.20,1.87
1771,554705457,"01771M10:40:53.724","01771 10:28:45",226.91,879.53,,,,"     ",5.30,336.55,1.86
1771,554705458,"01771M10:40:54.697","01771 10:28:46",226.96,879.62,,,,"     ",5.30,337.56,1.87
1771,554705459,"01771M10:40:55.670","01771 10:28:47",227.01,879.58,,,,"     ",5.30,337.78,1.87
1771,554705460,"01771M10:40:56.644","01771 10:28:48",227.08,879.58,,,,"     ",5.30,340.81,1.88
1771,554705461,"01771M10:40:57.617","01771 10:28:49",227.16,879.61,,,,"     ",5.30,341.48,1.89
1771,554705462,"01771M10:40:58.590","01771 10:28:50",227.24,879.61,,,,"     ",5.30,337.80,1.87
1771,554705463,"01771M10:40:59.563","01771 10:28:51",227.34,879.56,,,,"     ",5.30,339.31,1.87
1771,554705464,"01771M10:41:00.537","01771 10:28:52",227.43,879.68,,,,"     ",5.30,337.08,1.86
1771,554705465,"01771M10:41:01.510","01771 10:28:53",227.52,879.60,,,,"     ",5.30,341.05,1.88
1771,554705466,"01771M10:41:02.483","01771 10:28:54",227.59,879.60,,,,"     ",5.30,338.64,1.87
1771,554705467,"01771M10:41:03.456","01771 10:28:55",227.63,879.74,,,,"     ",5.30,338.77,1.87
1771,554705468,"01771M10:41:04.430","01771 10:28:56",227.66,879.61,,,,"     ",5.30,340.11,1.87
1771,554705469,"01771M10:41:05.403","01771 10:28:57",227.68,879.61,,,,"     ",5.30,339.89,1.87
1771,554705470,"01771M10:41:06.376","01771 10:28:58",227.67,879.59,,,,"     ",5.30,337.63,1.86
1771,554705471,"01771M10:41:07.350","01771 10:28:59",227.66,879.54,,,,"     ",5.30,339.91,1.87
1771,554705472,"01771M10:41:08.323","01771 10:29:00",227.63,879.53,,,,"     ",5.30,337.89,1.86
1771,554705473,"01771M10:41:09.296","01771 10:29:01",227.59,879.48,,,,"     ",5.30,339.77,1.87
1771,554705474,"01771M10:41:10.269","01771 10:29:02",227.55,879.60,,,,"     ",5.30,336.73,1.85
1771,554705475,"01771M10:41:11.243","01771 10:29:03",227.51,879.57,,,,"     ",5.30,340.38,1.87
1771,554705476,"01771M10:41:12.216","01771 10:29:04",227.48,879.57,,,,"     ",5.30,340.28,1.87
1771,554705477,"01771M10:41:13.189","01771 10:29:05",227.47,879.61,,,,"     ",5.30,340.71,1.87
1771,554705478,"01771M10:41:14.162","01771 10:29:06",227.49,879.56,,,,"     ",5.30,336.26,1.85
1771,554705479,"01771M10:41:15.136","01771 10:29:07",227.53,879.60,,,,"     ",5.30,340.22,1.87
1771,554705480,"01771M10:41:16.109","01771 10:29:08",227.60,879.63,,,,"     ",5.30,341.24,1.87
1771,554705481,"01771M10:41:17.082","01771 10:29:09",227.68,879.61,,,,"     ",5.30,337.08,1.85
1771,554705482,"01771M10:41:18.055","01771 10:29:10",227.76,879.55,,,,"     ",5.30,336.93,1.85
1771,554705483,"01771M10:41:19.029","01771 10:29:10",227.84,879.51,,,,"     ",5.30,339.44,1.86
1771,554705484,"01771M10:41:20.002","01771 10:29:11",227.92,879.50,,,,"     ",5.30,338.96,1.86
1771,554705485,"01771M10:41:20.975","01771 10:29:12",228.00,879.49,,,,"     ",5.30,337.61,1.85
1771,554705486,"01771M10:41:21.948","01771 10:29:13",228.09,879.55,,,,"     ",5.30,341.05,1.87
1771,554705487,"01771M10:41:22.922","01771 10:29:14",228.18,879.60,,,,"     ",5.30,338.30,1.85
1771,554705488,"01771M10:41:23.895","01771 10:29:15",228.27,879.60,,,,"     ",5.30,337.82,1.85
1771,554705489,"01771M10:41:24.868","01771 10:29:16",228.37,879.56,,,,"     ",5.30,336.94,1.84
1771,554705490,"01771M10:41:25.841","01771 10:29:17",228.47,879.50,,,,"     ",5.30,343.78,1.88
1771,554705491,"01771M10:41:26.815","01771 10:29:18",230.17,879.48,,,,"     ",5.30,340.82,1.86
1771,554705492,"01771M10:41:27.788","01771 10:29:19",230.27,879.55,,,,"     ",5.30,339.03,1.85
1771,554705493,"01771M10:41:28.761","01771 10:29:20",230.37,879.60,,,,"     ",5.30,338.37,1.85
1771,554705494,"01771M10:41:29.734","01771 10:29:21",230.45,879.57,,,,"     ",5.30,341.13,1.86
1771,554705495,"01771M10:41:30.708","01771 10:29:22",228.94,879.60,,,,"     ",5.30,341.21,1.86
1771,554705496,"01771M10:41:31.681","01771 10:29:23",230.49,879.55,,,,"     ",5.30,340.95,1.86
1771,554705497,"01771M10:41:32.654","01771 10:29:24",230.54,879.55,,,,"     ",5.30,345.49,1.88
1771,554705498,"01771M10:41:33.627","01771 10:29:25",230.59,879.43,,,,"     ",5.30,343.83,1.87
1771,554705499,"01771M10:41:34.601","01771 10:29:26",230.64,879.43,,,,"     ",5.30,339.93,1.85
1771,554705500,"01771M10:41:35.574","01771 10:29:27",230.70,879.45,,,,"     ",5.30,338.10,1.84
1771,554705501,"01771M10:41:36.547","01771 10:29:28",230.75,879.50,,,,"     ",5.30,339.49,1.85
1771,554705502,"01771M10:41:37.520","01771 10:29:29",230.80,879.43,,,,"     ",5.30,339.91,1.85
1771,554705503,"01771M10:41:38.494","01771 10:29:30",230.84,879.37,,,,"     ",5.30,341.28,1.85
1771,554705504,"01771M10:41:39.467","01771 10:29:31",230.89,879.43,,,,"     ",5.30,340.18,1.85
1771,554705505,"01771M10:41:40.440","01771 10:29:32",230.94,879.38,,,,"     ",5.30,342.77,1.86
1771,554705506,"01771M10:41:41.413","01771 10:29:33",230.98,879.43,,,,"     ",5.30,339.87,1.84
1771,554705507,"01771M10:41:42.387","01771 10:29:34",231.03,879.45,,,,"     ",5.30,343.51,1.86
1771,554705508,"01771M10:41:43.360","01771 10:29:35",231.08,879.43,,,,"     ",5.30,344.36,1.87
1771,554705509,"01771M10:41:44.333","01771 10:29:36",231.13,879.37,,,,"     ",5.30,344.62,1.87
1771,554705510,"01771M10:41:45.306","01771 10:29:37",231.15,879.42,,,,"     ",5.30,344.99,1.87
1771,554705511,"01771M10:41:46.280","01771 10:29:38",231.15,879.43,,,,"     ",5.30,342.45,1.85
1771,554705512,"01771M10:41:47.253","01771 10:29:39",231.16,879.46,,,,"     ",5.30,341.85,1.85
1771,554705513,"01771M10:41:48.226","01771 10:29:40",231.16,879.44,,,,"     ",5.30,348.37,1.88
1771,554705514,"01771M10:41:49.199","01771 10:29:41",231.16,879.43,,,,"     ",5.30,345.02,1.86
1771,554705515,"01771M10:41:50.173","01771 10:29:42",231.16,879.35,,,,"     ",5.30,344.42,1.86
1771,554705516,"01771M10:41:51.146","01771 10:29:43",231.16,879.33,,,,"     ",5.30,347.11,1.87
1771,554705517,"01771M10:41:52.119","01771 10:29:44",231.17,879.33,,,,"     ",5.30,344.54,1.86
1771,554705518,"01771M10:41:53.092","01771 10:29:45",231.18,879.26,,,,"     ",5.30,345.89,1.86
1771,554705519,"01771M10:41:54.066","01771 10:29:46",231.19,879.30,,,,"     ",5.30,346.30,1.86
1771,554705520,"01771M10:41:55.039","01771 10:29:47",231.20,879.31,,,,"     ",5.30,346.32,1.86
1771,554705521,"01771M10:41:56.012","01771 10:29:47",231.20,879.29,,,,"     ",5.30,344.42,1.85
1771,554705522,"01771M10:41:56.985","01771 10:29:48",231.21,879.38,,,,"     ",5.30,343.61,1.85
1771,554705523,"01771M10:41:57.959","01771 10:29:49",231.21,879.47,,,,"     ",5.30,345.23,1.85
1771,554705524,"01771M10:41:58.932","01771 10:29:50",231.20,879.39,,,,"     ",5.30,343.32,1.84
1771,554705525,"01771M10:41:59.905","01771 10:29:51",231.19,879.41,,,,"     ",5.30,343.50,1.84
1771,554705526,"01771M10:42:00.878","01771 10:29:52",231.18,879.40,,,,"     ",5.30,346.97,1.86
1771,554705527,"01771M10:42:01.852","01771 10:29:53",231.17,879.44,,,,"     ",5.30,342.68,1.84
1771,554705528,"01771M10:42:02.825","01771 10:29:54",231.15,879.38,,,,"     ",5.30,346.30,1.86
1771,554705529,"01771M10:42:03.798","01771 10:29:55",231.13,879.39,,,,"     ",5.30,340.74,1.82
1771,554705530,"01771M10:42:04.771","01771 10:29:56",231.11,879.34,,,,"     ",5.30,345.02,1.85
1771,554705531,"01771M10:42:05.745","01771 10:29:57",231.10,879.38,,,,"     ",5.30,342.89,1.83
1771,554705532,"01771M10:42:06.718","01771 10:29:58",231.09,879.34,,,,"     ",5.30,343.27,1.84
1771,554705533,"01771M10:42:07.691","01771 10:29:59",231.08,879.36,,,,"     ",5.30,346.99,1.85
1771,554705534,"01771M10:42:08.664","01771 10:30:00",231.08,879.35,,,,"     ",5.30,348.36,1.86
1771,554705535,"01771M10:42:09.638","01771 10:30:01",231.06,879.35,,,,"     ",5.30,348.02,1.86
1771,554705536,"01771M10:42:10.611","01771 10:30:02",231.04,879.35,,,,"     ",5.30,345.28,1.84
1771,554705537,"01771M10:42:11.584","01771 10:30:03",231.01,879.41,,,,"     ",5.30,344.93,1.84
1771,554705538,"01771M10:42:12.557","01771 10:30:04",230.97,879.44,,,,"     ",5.30,345.17,1.84
1771,554705539,"01771M10:42:13.531","01771 10:30:05",230.92,879.44,,,,"     ",5.30,345.65,1.84
1771,554705540,"01771M10:42:14.504","01771 10:30:06",230.86,879.34,,,,"     ",5.30,347.91,1.85
1771,554705541,"01771M10:42:15.477","01771 10:30:07",230.79,879.32,,,,"     ",5.30,350.79,1.87
1771,554705542,"01771M10:42:16.451","01771 10:30:08",230.72,879.32,,,,"     ",5.30,344.46,1.83
1771,554705543,"01771M10:42:17.424","01771 10:30:09",230.64,879.37,,,,"     ",5.30,345.09,1.84
1771,554705544,"01771M10:42:18.397","01771 10:30:10",230.55,879.40,,,,"     ",5.30,347.49,1.85
1771,554705545,"01771M10:42:19.370","01771 10:30:11",230.46,879.32,,,,"     ",5.30,346.77,1.85
1771,554705546,"01771M10:42:20.344","01771 10:30:12",230.37,879.33,,,,"     ",5.30,341.12,1.81
1771,554705547,"01771M10:42:21.317","01771 10:30:13",230.27,879.30,,,,"     ",5.30,347.36,1.85
1771,554705548,"01771M10:42:22.290","01771 10:30:14",230.18,879.36,,,,"     ",5.30,343.56,1.83
1771,554705549,"01771M10:42:23.263","01771 10:30:15",230.10,879.25,,,,"     ",5.30,343.81,1.83
1771,554705550,"01771M10:42:24.237","01771 10:30:16",230.03,879.29,,,,"     ",5.30,349.62,1.86
1771,554705551,"01771M10:42:25.210","01771 10:30:17",229.97,879.28,,,,"     ",5.30,347.91,1.85
1771,554705552,"01771M10:42:26.183","01771 10:30:18",229.92,879.27,,,,"     ",5.30,346.71,1.84
1771,554705553,"01771M10:42:27.156","01771 10:30:19",229.90,879.33,,,,"     ",5.30,345.56,1.84
1771,554705554,"01771M10:42:28.130","01771 10:30:20",229.89,879.31,,,,"     ",5.30,346.47,1.84
1771,554705555,"01771M10:42:29.103","01771 10:30:21",229.89,879.39,,,,"     ",5.30,346.41,1.84
1771,554705556,"01771M10:42:30.076","01771 10:30:22",229.91,879.32,,,,"     ",5.30,348.88,1.86
1771,554705557,"01771M10:42:31.049","01771 10:30:23",229.94,879.32,,,,"     ",5.30,344.42,1.83
1771,554705558,"01771M10:42:32.023","01771 10:30:24",229.97,879.18,,,,"     ",5.30,346.28,1.84
1771,554705559,"01771M10:42:32.996","01771 10:30:24",230.00,879.27,,,,"     ",5.30,346.95,1.85
1771,554705560,"01771M10:42:33.969","01771 10:30:25",230.03,879.31,,,,"     ",5.30,347.52,1.85
1771,554705561,"01771M10:42:34.942","01771 10:30:26",230.04,879.35,,,,"     ",5.30,346.89,1.85
1771,554705562,"01771M10:42:35.916","01771 10:30:27",230.04,879.31,,,,"     ",5.30,344.93,1.84
1771,554705563,"01771M10:42:36.889","01771 10:30:28",230.03,879.32,,,,"     ",5.30,345.11,1.84
1771,554705564,"01771M10:42:37.862","01771 10:30:29",230.02,879.26,,,,"     ",5.30,347.46,1.85
1771,554705565,"01771M10:42:38.835","01771 10:30:30",229.99,879.21,,,,"     ",5.30,348.37,1.85
1771,554705566,"01771M10:42:39.809","01771 10:30:31",229.96,879.34,,,,"     ",5.30,342.65,1.82
1771,554705567,"01771M10:42:40.782","01771 10:30:32",229.92,879.29,,,,"     ",5.30,348.10,1.85
1771,554705568,"01771M10:42:41.755","01771 10:30:33",229.88,879.27,,,,"     ",5.30,346.70,1.84
1771,554705569,"01771M10:42:42.728","01771 10:30:34",229.84,879.26,,,,"     ",5.30,345.72,1.84
1771,554705570,"01771M10:42:43.702","01771 10:30:35",229.79,879.22,,,,"     ",5.30,346.51,1.84
1771,554705571,"01771M10:42:44.675","01771 10:30:36",229.76,879.24,,,,"     ",5.30,350.40,1.87
1771,554705572,"01771M10:42:45.648","01771 10:30:37",229.73,879.25,,,,"     ",5.30,346.40,1.84
1771,554705573,"01771M10:42:46.621","01771 10:30:38",229.72,879.22,,,,"     ",5.30,342.67,1.82
1771,554705574,"01771M10:42:47.595","01771 10:30:39",229.71,879.27,,,,"     ",5.30,349.32,1.86
1771,554705575,"01771M10:42:48.568","01771 10:30:40",229.72,879.22,,,,"     ",5.30,344.06,1.83
1771,554705576,"01771M10:42:49.541","01771 10:30:41",229.72,879.20,,,,"     ",5.30,346.83,1.84
1771,554705577,"01771M10:42:50.514","01771 10:30:42",229.73,879.21,,,,"     ",5.30,345.33,1.84
1771,554705578,"01771M10:42:51.488","01771 10:30:43",229.74,879.16,,,,"     ",5.30,346.43,1.84
1771,554705579,"01771M10:42:52.461","01771 10:30:44",229.73,879.19,,,,"     ",5.30,349.10,1.86
1771,554705580,"01771M10:42:53.434","01771 10:30:45",229.73,879.23,,,,"     ",5.30,346.65,1.84
1771,554705581,"01771M10:42:54.407","01771 10:30:46",229.71,879.25,,,,"     ",5.30,345.42,1.84
1771,554705582,"01771M10:42:55.381","01771 10:30:47",229.69,879.31,,,,"     ",5.30,348.79,1.85
1771,554705583,"01771M10:42:56.354","01771 10:30:48",229.66,879.25,,,,"     ",5.30,344.95,1.83
1771,554705584,"01771M10:42:57.327","01771 10:30:49",229.62,879.22,,,,"     ",5.30,343.96,1.83
1771,554705585,"01771M10:42:58.300","01771 10:30:50",229.56,879.26,,,,"     ",5.30,349.19,1.86
1771,554705586,"01771M10:42:59.274","01771 10:30:51",229.49,879.19,,,,"     ",5.30,348.08,1.85
1771,554705587,"01771M10:43:00.247","01771 10:30:52",229.40,879.21,,,,"     ",5.30,348.04,1.85
1771,554705588,"01771M10:43:01.220","01771 10:30:53",229.30,879.19,,,,"     ",5.30,346.75,1.84
1771,554705589,"01771M10:43:02.193","01771 10:30:54",229.19,879.17,,,,"     ",5.30,349.21,1.86
1771,554705590,"01771M10:43:03.167","01771 10:30:55",229.07,879.17,,,,"     ",5.30,346.97,1.84
1771,554705591,"01771M10:43:04.140","01771 10:30:56",228.96,879.19,,,,"     ",5.30,349.23,1.86
1771,554705592,"01771M10:43:05.113","01771 10:30:57",228.85,879.20,,,,"     ",5.30,347.09,1.84
1771,554705593,"01771M10:43:06.086","01771 10:30:58",226.58,879.12,,,,"     ",5.30,348.88,1.85
1771,554705594,"01771M10:43:07.060","01771 10:30:59",226.50,879.12,,,,"     ",5.30,350.10,1.86
1771,554705595,"01771M10:43:08.033","01771 10:31:00",226.42,879.22,,,,"     ",5.30,347.14,1.84
1771,554705596,"01771M10:43:09.006","01771 10:31:01",226.35,879.21,,,,"     ",5.30,352.18,1.87
1771,554705597,"01771M10:43:09.979","01771 10:31:01",226.28,879.27,,,,"     ",5.30,348.67,1.85
1771,554705598,"01771M10:43:10.953","01771 10:31:02",226.22,879.19,,,,"     ",5.30,349.32,1.86
1771,554705599,"01771M10:43:11.926","01771 10:31:03",226.16,879.24,,,,"     ",5.30,348.86,1.85
1771,554705600,"01771M10:43:12.899","01771 10:31:04",226.10,879.18,,,,"     ",5.30,346.43,1.84
1771,554705601,"01771M10:43:13.872","01771 10:31:05",226.03,879.12,,,,"     ",5.30,347.96,1.85
1771,554705602,"01771M10:43:14.846","01771 10:31:06",225.96,879.14,,,,"     ",5.30,350.59,1.86
1771,554705603,"01771M10:43:15.819","01771 10:31:07",225.88,879.04,,,,"     ",5.30,348.47,1.85
1771,554705604,"01771M10:43:16.792","01771 10:31:08",225.81,879.11,,,,"     ",5.30,349.00,1.85
1771,554705605,"01771M10:43:17.765","01771 10:31:09",225.75,879.02,,,,"     ",5.30,349.48,1.85
1771,554705606,"01771M10:43:18.739","01771 10:31:10",225.69,879.00,,,,"     ",5.30,349.68,1.85
1771,554705607,"01771M10:43:19.712","01771 10:31:11",225.63,879.18,,,,"     ",5.30,350.07,1.86
1771,554705608,"01771M10:43:20.685","01771 10:31:12",225.59,879.11,,,,"     ",5.30,345.45,1.83
1771,554705609,"01771M10:43:21.658","01771 10:31:13",225.56,879.14,,,,"     ",5.30,346.21,1.83
1771,554705610,"01771M10:43:22.632","01771 10:31:14",225.54,879.10,,,,"     ",5.30,347.87,1.84
1771,554705611,"01771M10:43:23.605","01771 10:31:15",225.52,879.13,,,,"     ",5.30,350.81,1.86
1771,554705612,"01771M10:43:24.578","01771 10:31:16",225.53,879.12,,,,"     ",5.30,353.29,1.87
1771,554705613,"01771M10:43:25.552","01771 10:31:17",225.54,878.97,,,,"     ",5.30,349.10,1.85
1771,554705614,"01771M10:43:26.525","01771 10:31:18",225.55,879.03,,,,"     ",5.30,350.82,1.86
1771,554705615,"01771M10:43:27.498","01771 10:31:19",225.57,879.03,,,,"     ",5.30,350.60,1.85
1771,554705616,"01771M10:43:28.471","01771 10:31:20",225.59,879.06,,,,"     ",5.30,348.89,1.84
1771,554705617,"01771M10:43:29.445","01771 10:31:21",225.61,879.15,,,,"     ",5.30,348.10,1.84
1771,554705618,"01771M10:43:30.418","01771 10:31:22",225.62,879.08,,,,"     ",5.30,350.84,1.86
1771,554705619,"01771M10:43:31.391","01771 10:31:23",225.63,879.05,,,,"     ",5.30,348.19,1.84
1771,554705620,"01771M10:43:32.364","01771 10:31:24",225.62,879.07,,,,"     ",5.30,350.70,1.85
1771,554705621,"01771M10:43:33.338","01771 10:31:25",225.60,878.95,,,,"     ",5.30,350.88,1.85
1771,554705622,"01771M10:43:34.311","01771 10:31:26",225.56,878.98,,,,"     ",5.30,350.57,1.85
1771,554705623,"01771M10:43:35.284","01771 10:31:27",225.51,879.04,,,,"     ",5.30,350.41,1.85
1771,554705624,"01771M10:43:36.257","01771 10:31:28",225.47,879.06,,,,"     ",5.30,350.89,1.85
1771,554705625,"01771M10:43:37.231","01771 10:31:29",225.41,879.11,,,,"     ",5.30,351.23,1.85
1771,554705626,"01771M10:43:38.204","01771 10:31:30",225.34,879.03,,,,"     ",5.30,347.37,1.83
1771,554705627,"01771M10:43:39.177","01771 10:31:31",225.26,879.10,,,,"     ",5.30,351.49,1.86
1771,554705628,"01771M10:43:40.150","01771 10:31:32",225.18,879.12,,,,"     ",5.30,349.48,1.84
1771,554705629,"01771M10:43:41.124","01771 10:31:33",225.10,879.04,,,,"     ",5.30,347.82,1.84
1771,554705630,"01771M10:43:42.097","01771 10:31:34",225.03,879.10,,,,"     ",5.30,346.93,1.83
1771,554705631,"01771M10:43:43.070","01771 10:31:35",224.96,879.03,,,,"     ",5.30,348.23,1.84
1771,554705632,"01771M10:43:44.043","01771 10:31:36",224.91,879.07,,,,"     ",5.30,345.61,1.82
1771,554705633,"01771M10:43:45.017","01771 10:31:37",224.85,879.01,,,,"     ",5.30,347.31,1.83
1771,554705634,"01771M10:43:45.990","01771 10:31:37",224.81,878.97,,,,"     ",5.30,348.66,1.84
1771,554705635,"01771M10:43:46.963","01771 10:31:38",224.78,879.03,,,,"     ",5.30,343.72,1.81
1771,554705636,"01771M10:43:47.936","01771 10:31:39",224.77,878.99,,,,"     ",5.30,348.80,1.84
1771,554705637,"01771M10:43:48.910","01771 10:31:40",224.77,879.02,,,,"     ",5.30,348.49,1.84
1771,554705638,"01771M10:43:49.883","01771 10:31:41",224.77,879.03,,,,"     ",5.30,344.89,1.82
1771,554705639,"01771M10:43:50.856","01771 10:31:42",224.80,879.00,,,,"     ",5.30,349.03,1.84
1771,554705640,"01771M10:43:51.829","01771 10:31:43",224.82,879.01,,,,"     ",5.30,349.00,1.84
1771,554705641,"01771M10:43:52.803","01771 10:31:44",224.85,879.02,,,,"     ",5.30,348.21,1.84
1771,554705642,"01771M10:43:53.776","01771 10:31:45",224.88,878.96,,,,"     ",5.30,350.20,1.85
1771,554705643,"01771M10:43:54.749","01771 10:31:46",224.91,878.95,,,,"     ",5.30,352.15,1.86
1771,554705644,"01771M10:43:55.722","01771 10:31:47",224.93,878.97,,,,"     ",5.30,350.96,1.85
1771,554705645,"01771M10:43:56.696","01771 10:31:48",224.95,879.00,,,,"     ",5.30,349.95,1.85
1771,554705646,"01771M10:43:57.669","01771 10:31:49",224.96,878.91,,,,"     ",5.30,350.79,1.85
1771,554705647,"01771M10:43:58.642","01771 10:31:50",224.96,878.96,,,,"     ",5.30,348.40,1.84
1771,554705648,"01771M10:43:59.615","01771 10:31:51",224.96,879.00,,,,"     ",5.30,348.76,1.84
1771,554705649,"01771M10:44:00.589","01771 10:31:52",224.95,879.00,,,,"     ",5.30,352.71,1.86
1771,554705650,"01771M10:44:01.562","01771 10:31:53",224.94,878.97,,,,"     ",5.30,347.80,1.83
1771,554705651,"01771M10:44:02.535","01771 10:31:54",224.92,878.94,,,,"     ",5.30,348.52,1.84
1771,554705652,"01771M10:44:03.508","01771 10:31:55",224.90,878.93,,,,"     ",5.30,351.98,1.86
1771,554705653,"01771M10:44:04.482","01771 10:31:56",224.86,878.92,,,,"     ",5.30,352.15,1.86
1771,554705654,"01771M10:44:05.455","01771 10:31:57",224.82,878.94,,,,"     ",5.30,347.90,1.83
1771,554705655,"01771M10:44:06.428","01771 10:31:58",224.80,878.99,,,,"     ",5.30,349.00,1.84
1771,554705656,"01771M10:44:07.401","01771 10:31:59",224.77,878.92,,,,"     ",5.30,352.25,1.86
1771,554705657,"01771M10:44:08.375","01771 10:32:00",224.75,878.86,,,,"     ",5.30,352.70,1.86
1771,554705658,"01771M10:44:09.348","01771 10:32:01",224.73,878.87,,,,"     ",5.30,350.30,1.84
1771,554705659,"01771M10:44:10.321","01771 10:32:02",224.71,878.93,,,,"     ",5.30,350.26,1.84
1771,554705660,"01771M10:44:11.294","01771 10:32:03",224.69,878.94,,,,"     ",5.30,350.52,1.84
1771,554705661,"01771M10:44:12.268","01771 10:32:04",224.66,878.97,,,,"     ",5.30,351.62,1.85
1771,554705662,"01771M10:44:13.241","01771 10:32:05",224.62,878.96,,,,"     ",5.30,351.95,1.85
1771,554705663,"01771M10:44:14.214","01771 10:32:06",224.57,879.00,,,,"     ",5.30,349.53,1.84
1771,554705664,"01771M10:44:15.187","01771 10:32:07",224.51,878.95,,,,"     ",5.30,351.07,1.85
1771,554705665,"01771M10:44:16.161","01771 10:32:08",224.45,878.94,,,,"     ",5.30,348.01,1.83
1771,554705666,"01771M10:44:17.134","01771 10:32:09",224.39,878.95,,,,"     ",5.30,352.81,1.85
1771,554705667,"01771M10:44:18.107","01771 10:32:10",224.34,879.04,,,,"     ",5.30,353.15,1.86
1771,554705668,"01771M10:44:19.080","01771 10:32:11",224.29,878.97,,,,"     ",5.30,350.75,1.84
1771,554705669,"01771M10:44:20.054","01771 10:32:12",224.24,878.96,,,,"     ",5.30,353.98,1.86
1771,554705670,"01771M10:44:21.027","01771 10:32:13",224.20,879.00,,,,"     ",5.30,349.45,1.84
1771,554705671,"01771M10:44:22.000","01771 10:32:14",224.14,879.04,,,,"     ",5.30,352.14,1.85
1771,554705672,"01771M10:44:22.973","01771 10:32:14",224.08,879.02,,,,"     ",5.30,351.56,1.85
1771,554705673,"01771M10:44:23.947","01771 10:32:15",224.03,879.00,,,,"     ",5.30,351.03,1.84
1771,554705674,"01771M10:44:24.920","01771 10:32:16",223.97,878.93,,,,"     ",5.30,352.50,1.85
1771,554705675,"01771M10:44:25.893","01771 10:32:17",223.92,878.95,,,,"     ",5.30,351.37,1.84
1771,554705676,"01771M10:44:26.866","01771 10:32:18",223.85,878.87,,,,"     ",5.30,353.15,1.85
1771,554705677,"01771M10:44:27.840","01771 10:32:19",223.79,878.90,,,,"     ",5.30,352.37,1.85
1771,554705678,"01771M10:44:28.813","01771 10:32:20",223.74,878.94,,,,"     ",5.30,351.79,1.84
1771,554705679,"01771M10:44:29.786","01771 10:32:21",223.67,878.99,,,,"     ",5.30,350.19,1.83
1771,554705680,"01771M10:44:30.759","01771 10:32:22",223.61,878.86,,,,"     ",5.30,352.95,1.85
1771,554705681,"01771M10:44:31.733","01771 10:32:23",223.55,878.85,,,,"     ",5.30,353.82,1.85
1771,554705682,"01771M10:44:32.706","01771 10:32:24",223.49,878.95,,,,"     ",5.30,350.85,1.84
1771,554705683,"01771M10:44:33.679","01771 10:32:25",223.44,878.93,,,,"     ",5.30,351.06,1.84
1771,554705684,"01771M10:44:34.653","01771 10:32:26",223.39,878.95,,,,"     ",5.30,348.52,1.82
1771,554705685,"01771M10:44:35.626","01771 10:32:27",223.37,878.97,,,,"     ",5.30,356.09,1.86
1771,554705686,"01771M10:44:36.599","01771 10:32:28",223.35,878.95,,,,"     ",5.30,349.79,1.83
1771,554705687,"01771M10:44:37.572","01771 10:32:29",223.34,878.94,,,,"     ",5.30,354.21,1.85
1771,554705688,"01771M10:44:38.546","01771 10:32:30",223.34,878.92,,,,"     ",5.30,353.79,1.85
1771,554705689,"01771M10:44:39.519","01771 10:32:31",223.34,878.89,,,,"     ",5.30,350.90,1.83
1771,554705690,"01771M10:44:40.492","01771 10:32:32",223.34,878.87,,,,"     ",5.30,351.38,1.84
1771,554705691,"01771M10:44:41.465","01771 10:32:33",223.35,878.93,,,,"     ",5.30,351.09,1.83
1771,554705692,"01771M10:44:42.439","01771 10:32:34",223.37,879.01,,,,"     ",5.30,349.09,1.82
1771,554705693,"01771M10:44:43.412","01771 10:32:35",223.39,878.95,,,,"     ",5.30,352.09,1.84
1771,554705694,"01771M10:44:44.385","01771 10:32:36",223.42,878.91,,,,"     ",5.30,352.83,1.84
1771,554705695,"01771M10:44:45.358","01771 10:32:37",223.46,878.93,,,,"     ",5.30,355.78,1.86
1771,554705696,"01771M10:44:46.332","01771 10:32:38",223.50,878.87,,,,"     ",5.30,349.96,1.82
1771,554705697,"01771M10:44:47.305","01771 10:32:39",223.54,878.85,,,,"     ",5.30,352.99,1.84
1771,554705698,"01771M10:44:48.278","01771 10:32:40",223.58,878.77,,,,"     ",5.30,352.27,1.84
1771,554705699,"01771M10:44:49.251","01771 10:32:41",223.61,878.81,,,,"     ",5.30,357.36,1.86
1771,554705700,"01771M10:44:50.225","01771 10:32:42",223.62,878.77,,,,"     ",5.30,354.15,1.85
1771,554705701,"01771M10:44:51.198","01771 10:32:43",223.62,878.75,,,,"     ",5.30,353.89,1.84
1771,554705702,"01771M10:44:52.171","01771 10:32:44",223.61,878.74,,,,"     ",5.30,351.40,1.83
1771,554705703,"01771M10:44:53.144","01771 10:32:45",223.57,878.75,,,,"     ",5.30,350.89,1.83
1771,554705704,"01771M10:44:54.118","01771 10:32:46",223.52,878.77,,,,"     ",5.30,350.52,1.82
1771,554705705,"01771M10:44:55.091","01771 10:32:47",223.47,878.77,,,,"     ",5.30,356.38,1.86
1771,554705706,"01771M10:44:56.064","01771 10:32:48",223.42,878.79,,,,"     ",5.30,352.30,1.83
1771,554705707,"01771M10:44:57.037","01771 10:32:49",223.37,878.75,,,,"     ",5.30,353.06,1.84
1771,554705708,"01771M10:44:58.011","01771 10:32:50",223.34,878.70,,,,"     ",5.30,355.90,1.85
1771,554705709,"01771M10:44:58.984","01771 10:32:51",223.31,878.70,,,,"     ",5.30,354.38,1.84
1771,554705710,"01771M10:44:59.957","01771 10:32:51",223.30,878.76,,,,"     ",5.30,354.09,1.84
1771,554705711,"01771M10:45:00.930","01771 10:32:52",223.30,878.83,,,,"     ",5.30,354.54,1.84
1771,554705712,"01771M10:45:01.904","01771 10:32:53",223.30,878.71,,,,"     ",5.30,353.93,1.84
1771,554705713,"01771M10:45:02.877","01771 10:32:54",223.28,878.79,,,,"     ",5.30,354.02,1.84
1771,554705714,"01771M10:45:03.850","01771 10:32:55",223.27,878.75,,,,"     ",5.30,352.59,1.83
1771,554705715,"01771M10:45:04.823","01771 10:32:56",223.24,878.75,,,,"     ",5.30,354.39,1.84
1771,554705716,"01771M10:45:05.797","01771 10:32:57",223.21,878.68,,,,"     ",5.30,352.95,1.83
1771,554705717,"01771M10:45:06.770","01771 10:32:58",223.17,878.60,,,,"     ",5.30,354.68,1.84
1771,554705718,"01771M10:45:07.743","01771 10:32:59",223.12,878.62,,,,"     ",5.30,350.17,1.82
1771,554705719,"01771M10:45:08.716","01771 10:33:00",223.07,878.64,,,,"     ",5.30,355.38,1.85
1771,554705720,"01771M10:45:09.690","01771 10:33:01",223.03,878.66,,,,"     ",5.30,355.39,1.85
1771,554705721,"01771M10:45:10.663","01771 10:33:02",223.01,878.68,,,,"     ",5.30,353.29,1.84
1771,554705722,"01771M10:45:11.636","01771 10:33:03",223.01,878.77,,,,"     ",5.30,354.13,1.84
1771,554705723,"01771M10:45:12.609","01771 10:33:04",223.04,878.79,,,,"     ",5.30,352.91,1.83
1771,554705724,"01771M10:45:13.583","01771 10:33:05",223.11,878.77,,,,"     ",5.30,355.97,1.85
1771,554705725,"01771M10:45:14.556","01771 10:33:06",223.20,878.75,,,,"     ",5.30,354.41,1.84
1771,554705726,"01771M10:45:15.529","01771 10:33:07",223.31,878.68,,,,"     ",5.30,351.52,1.82
1771,554705727,"01771M10:45:16.502","01771 10:33:08",223.45,878.67,,,,"     ",5.30,355.28,1.84
1771,554705728,"01771M10:45:17.476","01771 10:33:09",223.58,878.66,,,,"     ",5.30,356.64,1.85
1771,554705729,"01771M10:45:18.449","01771 10:33:10",223.73,878.68,,,,"     ",5.30,353.49,1.83
1771,554705730,"01771M10:45:19.422","01771 10:33:11",223.85,878.64,,,,"     ",5.30,355.60,1.85
1771,554705731,"01771M10:45:20.395","01771 10:33:12",223.95,878.62,,,,"     ",5.30,355.88,1.85
1771,554705732,"01771M10:45:21.369","01771 10:33:13",224.03,878.71,,,,"     ",5.30,355.98,1.85
1771,554705733,"01771M10:45:22.342","01771 10:33:14",224.09,878.72,,,,"     ",5.30,353.32,1.83
1771,554705734,"01771M10:45:23.315","01771 10:33:15",224.11,878.70,,,,"     ",5.30,354.21,1.84
1771,554705735,"01771M10:45:24.288","01771 10:33:16",224.12,878.65,,,,"     ",5.30,352.65,1.83
1771,554705736,"01771M10:45:25.262","01771 10:33:17",224.11,878.74,,,,"     ",5.30,355.20,1.84
1771,554705737,"01771M10:45:26.235","01771 10:33:18",224.09,878.74,,,,"     ",5.30,351.69,1.82
1771,554705738,"01771M10:45:27.208","01771 10:33:19",224.07,878.72,,,,"     ",5.30,356.06,1.84
1771,554705739,"01771M10:45:28.181","01771 10:33:20",224.07,878.81,,,,"     ",5.30,353.73,1.83
1771,554705740,"01771M10:45:29.155","01771 10:33:21",224.08,878.68,,,,"     ",5.30,355.76,1.84
1771,554705741,"01771M10:45:30.128","01771 10:33:22",224.10,878.64,,,,"     ",5.30,354.31,1.83
1771,554705742,"01771M10:45:31.101","01771 10:33:23",224.14,878.73,,,,"     ",5.30,352.66,1.82
1771,554705743,"01771M10:45:32.074","01771 10:33:24",224.20,878.70,,,,"     ",5.30,354.75,1.84
1771,554705744,"01771M10:45:33.048","01771 10:33:25",224.26,878.62,,,,"     ",5.30,353.73,1.83
1771,554705745,"01771M10:45:34.021","01771 10:33:26",224.34,878.68,,,,"     ",5.30,356.45,1.84
1771,554705746,"01771M10:45:34.994","01771 10:33:27",224.41,878.67,,,,"     ",5.30,355.06,1.84
1771,554705747,"01771M10:45:35.967","01771 10:33:27",224.49,878.59,,,,"     ",5.30,354.82,1.83
1771,554705748,"01771M10:45:36.941","01771 10:33:28",224.55,878.61,,,,"     ",5.30,355.51,1.84
1771,554705749,"01771M10:45:37.914","01771 10:33:29",224.61,878.52,,,,"     ",5.30,355.11,1.83
1771,554705750,"01771M10:45:38.887","01771 10:33:30",224.65,878.63,,,,"     ",5.30,352.55,1.82
1771,554705751,"01771M10:45:39.860","01771 10:33:31",224.65,878.63,,,,"     ",5.30,355.13,1.83
1771,554705752,"01771M10:45:40.834","01771 10:33:32",224.66,878.72,,,,"     ",5.30,354.08,1.83
1771,554705753,"01771M10:45:41.807","01771 10:33:33",224.65,878.64,,,,"     ",5.30,356.89,1.84
1771,554705754,"01771M10:45:42.780","01771 10:33:34",224.66,878.62,,,,"     ",5.30,355.84,1.84
1771,554705755,"01771M10:45:43.753","01771 10:33:35",224.67,878.64,,,,"     ",5.30,354.30,1.83
1771,554705756,"01771M10:45:44.727","01771 10:33:36",224.68,878.64,,,,"     ",5.30,357.43,1.84
1771,554705757,"01771M10:45:45.700","01771 10:33:37",224.69,878.60,,,,"     ",5.30,353.81,1.82
1771,554705758,"01771M10:45:46.673","01771 10:33:38",224.70,878.61,,,,"     ",5.30,354.63,1.83
1771,554705759,"01771M10:45:47.647","01771 10:33:39",224.71,878.62,,,,"     ",5.30,355.75,1.83
1771,554705760,"01771M10:45:48.620","01771 10:33:40",224.70,878.61,,,,"     ",5.30,357.30,1.84
1771,554705761,"01771M10:45:49.593","01771 10:33:41",224.70,878.60,,,,"     ",5.30,358.34,1.85
1771,554705762,"01771M10:45:50.566","01771 10:33:42",224.70,878.52,,,,"     ",5.30,359.17,1.85
1771,554705763,"01771M10:45:51.540","01771 10:33:43",224.70,878.60,,,,"     ",5.30,353.92,1.82
1771,554705764,"01771M10:45:52.513","01771 10:33:44",224.71,878.56,,,,"     ",5.30,356.75,1.84
1771,554705765,"01771M10:45:53.486","01771 10:33:45",224.71,878.59,,,,"     ",5.30,355.06,1.83
1771,554705766,"01771M10:45:54.459","01771 10:33:46",224.71,878.60,,,,"     ",5.30,357.47,1.84
1771,554705767,"01771M10:45:55.433","01771 10:33:47",224.70,878.57,,,,"     ",5.30,354.47,1.82
1771,554705768,"01771M10:45:56.406","01771 10:33:48",224.68,878.56,,,,"     ",5.30,355.63,1.83
1771,554705769,"01771M10:45:57.379","01771 10:33:49",224.65,878.54,,,,"     ",5.30,355.08,1.83
1771,554705770,"01771M10:45:58.352","01771 10:33:50",224.60,878.53,,,,"     ",5.30,353.55,1.82
1771,554705771,"01771M10:45:59.326","01771 10:33:51",224.56,878.45,,,,"     ",5.30,358.04,1.84
1771,554705772,"01771M10:46:00.299","01771 10:33:52",224.52,878.52,,,,"     ",5.30,354.08,1.82
1771,554705773,"01771M10:46:01.272","01771 10:33:53",224.47,878.50,,,,"     ",5.30,355.28,1.83
1771,554705774,"01771M10:46:02.245","01771 10:33:54",224.43,878.57,,,,"     ",5.30,352.75,1.82
1771,554705775,"01771M10:46:03.219","01771 10:33:55",224.39,878.55,,,,"     ",5.30,352.17,1.81
1771,554705776,"01771M10:46:04.192","01771 10:33:56",224.33,878.51,,,,"     ",5.30,355.07,1.83
1771,554705777,"01771M10:46:05.165","01771 10:33:57",224.27,878.52,,,,"     ",5.30,354.58,1.83
1771,554705778,"01771M10:46:06.138","01771 10:33:58",224.22,878.53,,,,"     ",5.30,355.92,1.84
1771,554705779,"01771M10:46:07.112","01771 10:33:59",224.16,878.53,,,,"     ",5.30,353.54,1.82
1771,554705780,"01771M10:46:08.085","01771 10:34:00",224.12,878.52,,,,"     ",5.30,354.82,1.83
1771,554705781,"01771M10:46:09.058","01771 10:34:01",224.10,878.49,,,,"     ",5.30,352.62,1.82
1771,554705782,"01771M10:46:10.031","01771 10:34:02",224.09,878.50,,,,"     ",5.30,355.58,1.84
1771,554705783,"01771M10:46:11.005","01771 10:34:03",224.10,878.51,,,,"     ",5.30,354.48,1.83
1771,554705784,"01771M10:46:11.978","01771 10:34:04",224.12,878.56,,,,"     ",5.30,358.01,1.85
1771,554705785,"01771M10:46:12.951","01771 10:34:04",224.15,878.50,,,,"     ",5.30,355.10,1.84
1771,554705786,"01771M10:46:13.924","01771 10:34:05",224.19,878.53,,,,"     ",5.30,349.33,1.81
1771,554705787,"01771M10:46:14.898","01771 10:34:06",224.22,878.58,,,,"     ",5.30,356.31,1.85
1771,554705788,"01771M10:46:15.871","01771 10:34:07",224.25,878.59,,,,"     ",5.30,352.26,1.82
1771,554705789,"01771M10:46:16.844","01771 10:34:08",224.29,878.48,,,,"     ",5.30,354.86,1.84
1771,554705790,"01771M10:46:17.817","01771 10:34:09",224.35,878.47,,,,"     ",5.30,353.40,1.83
1771,554705791,"01771M10:46:18.791","01771 10:34:10",224.41,878.45,,,,"     ",5.30,353.55,1.83
1771,554705792,"01771M10:46:19.764","01771 10:34:11",224.46,878.47,,,,"     ",5.30,356.95,1.85
1771,554705793,"01771M10:46:20.737","01771 10:34:12",224.53,878.49,,,,"     ",5.30,352.49,1.83
1771,554705794,"01771M10:46:21.710","01771 10:34:13",224.60,878.46,,,,"     ",5.30,352.72,1.83
1771,554705795,"01771M10:46:22.684","01771 10:34:14",224.67,878.43,,,,"     ",5.30,356.74,1.85
1771,554705796,"01771M10:46:23.657","01771 10:34:15",224.75,878.51,,,,"     ",5.30,353.66,1.83
1771,554705797,"01771M10:46:24.630","01771 10:34:16",224.83,878.42,,,,"     ",5.30,352.17,1.83
1771,554705798,"01771M10:46:25.603","01771 10:34:17",224.91,878.47,,,,"     ",5.30,357.83,1.86
1771,554705799,"01771M10:46:26.577","01771 10:34:18",225.01,878.40,,,,"     ",5.30,354.90,1.84
1771,554705800,"01771M10:46:27.550","01771 10:34:19",225.10,878.39,,,,"     ",5.30,353.48,1.83
1771,554705801,"01771M10:46:28.523","01771 10:34:20",225.21,878.41,,,,"     ",5.30,358.01,1.86
1771,554705802,"01771M10:46:29.496","01771 10:34:21",225.31,878.47,,,,"     ",5.30,355.53,1.85
1771,554705803,"01771M10:46:30.470","01771 10:34:22",225.09,878.49,,,,"     ",5.30,351.70,1.83
1771,554705804,"01771M10:46:31.443","01771 10:34:23",225.22,878.39,,,,"     ",5.30,354.13,1.84
1771,554705805,"01771M10:46:32.416","01771 10:34:24",225.35,878.38,,,,"     ",5.30,351.62,1.82
1771,554705806,"01771M10:46:33.389","01771 10:34:25",225.46,878.37,,,,"     ",5.30,352.05,1.83
1771,554705807,"01771M10:46:34.363","01771 10:34:26",225.57,878.39,,,,"     ",5.30,357.06,1.85
1771,554705808,"01771M10:46:35.336","01771 10:34:27",225.67,878.49,,,,"     ",5.30,352.18,1.83
1771,554705809,"01771M10:46:36.309","01771 10:34:28",225.76,878.45,,,,"     ",5.30,350.83,1.82
1771,554705810,"01771M10:46:37.282","01771 10:34:29",225.85,878.47,,,,"     ",5.30,356.47,1.85
1771,554705811,"01771M10:46:38.256","01771 10:34:30",225.93,878.40,,,,"     ",5.30,352.60,1.83
1771,554705812,"01771M10:46:39.229","01771 10:34:31",226.01,878.43,,,,"     ",5.30,353.57,1.84
1771,554705813,"01771M10:46:40.202","01771 10:34:32",226.07,878.41,,,,"     ",5.30,351.16,1.82
1771,554705814,"01771M10:46:41.175","01771 10:34:33",226.14,878.38,,,,"     ",5.30,351.07,1.82
1771,554705815,"01771M10:46:42.149","01771 10:34:34",226.18,878.33,,,,"     ",5.30,354.59,1.84
1771,554705816,"01771M10:46:43.122","01771 10:34:35",226.22,878.35,,,,"     ",5.30,350.62,1.82
1771,554705817,"01771M10:46:44.095","01771 10:34:36",226.26,878.35,,,,"     ",5.30,356.85,1.85
1771,554705818,"01771M10:46:45.068","01771 10:34:37",226.28,878.29,,,,"     ",5.30,355.02,1.84
1771,554705819,"01771M10:46:46.042","01771 10:34:38",226.30,878.29,,,,"     ",5.30,358.37,1.86
1771,554705820,"01771M10:46:47.015","01771 10:34:39",226.33,878.32,,,,"     ",5.30,356.78,1.85
1771,554705821,"01771M10:46:47.988","01771 10:34:40",226.35,878.39,,,,"     ",5.30,358.37,1.86
1771,554705822,"01771M10:46:48.961","01771 10:34:41",224.07,878.32,,,,"     ",5.30,355.60,1.85
1771,554705823,"01771M10:46:49.935","01771 10:34:41",223.92,878.34,,,,"     ",5.30,353.02,1.83
1771,554705824,"01771M10:46:50.908","01771 10:34:42",223.77,878.36,,,,"     ",5.30,353.44,1.84
1771,554705825,"01771M10:46:51.881","01771 10:34:43",223.64,878.34,,,,"     ",5.30,356.91,1.86
1771,554705826,"01771M10:46:52.854","01771 10:34:44",223.50,878.34,,,,"     ",5.30,354.13,1.84
1771,554705827,"01771M10:46:53.828","01771 10:34:45",223.37,878.36,,,,"     ",5.30,355.23,1.85
1771,554705828,"01771M10:46:54.801","01771 10:34:46",223.24,878.28,,,,"     ",5.30,359.06,1.87
1771,554705829,"01771M10:46:55.774","01771 10:34:47",223.14,878.33,,,,"     ",5.30,348.92,1.82
1771,554705830,"01771M10:46:56.748","01771 10:34:48",223.07,878.38,,,,"     ",5.30,353.14,1.84
1771,554705831,"01771M10:46:57.721","01771 10:34:49",223.01,878.27,,,,"     ",5.30,352.89,1.84
1771,554705832,"01771M10:46:58.694","01771 10:34:50",222.97,878.28,,,,"     ",5.30,356.09,1.86
1771,554705833,"01771M10:46:59.667","01771 10:34:51",222.95,878.25,,,,"     ",5.30,352.95,1.84
1771,554705834,"01771M10:47:00.641","01771 10:34:52",222.95,878.34,,,,"     ",5.30,353.27,1.84
1771,554705835,"01771M10:47:01.614","01771 10:34:53",222.96,878.34,,,,"     ",5.30,355.00,1.85
1771,554705836,"01771M10:47:02.587","01771 10:34:54",222.97,878.32,,,,"     ",5.30,355.47,1.86
1771,554705837,"01771M10:47:03.560","01771 10:34:55",222.98,878.39,,,,"     ",5.30,351.20,1.83
1771,554705838,"01771M10:47:04.534","01771 10:34:56",222.95,878.34,,,,"     ",5.30,355.93,1.86
1771,554705839,"01771M10:47:05.507","01771 10:34:57",222.89,878.31,,,,"     ",5.30,353.26,1.85
1771,554705840,"01771M10:47:06.480","01771 10:34:58",222.83,878.26,,,,"     ",5.30,350.02,1.83
1771,554705841,"01771M10:47:07.453","01771 10:34:59",222.77,878.22,,,,"     ",5.30,352.51,1.84
1771,554705842,"01771M10:47:08.427","01771 10:35:00",222.71,878.23,,,,"     ",5.30,352.85,1.84
1771,554705843,"01771M10:47:09.400","01771 10:35:01",222.66,878.23,,,,"     ",5.30,350.30,1.83
1771,554705844,"01771M10:47:10.373","01771 10:35:02",222.59,878.31,,,,"     ",5.30,352.92,1.85
1771,554705845,"01771M10:47:11.346","01771 10:35:03",222.51,878.26,,,,"     ",5.30,350.30,1.83
1771,554705846,"01771M10:47:12.320","01771 10:35:04",222.42,878.36,,,,"     ",5.30,352.16,1.84
1771,554705847,"01771M10:47:13.293","01771 10:35:05",222.34,878.26,,,,"     ",5.30,350.19,1.83
1771,554705848,"01771M10:47:14.266","01771 10:35:06",222.25,878.30,,,,"     ",5.30,351.40,1.84
1771,554705849,"01771M10:47:15.239","01771 10:35:07",222.21,878.30,,,,"     ",5.30,353.59,1.85
1771,554705850,"01771M10:47:16.213","01771 10:35:08",222.18,878.25,,,,"     ",5.30,349.02,1.83
1771,554705851,"01771M10:47:17.186","01771 10:35:09",222.17,878.25,,,,"     ",5.30,350.40,1.84
1771,554705852,"01771M10:47:18.159","01771 10:35:10",222.18,878.20,,,,"     ",5.30,349.93,1.84
1771,554705853,"01771M10:47:19.132","01771 10:35:11",222.20,878.23,,,,"     ",5.30,350.91,1.84
1771,554705854,"01771M10:47:20.106","01771 10:35:12",222.22,878.16,,,,"     ",5.30,352.27,1.85
1771,554705855,"01771M10:47:21.079","01771 10:35:13",222.23,878.22,,,,"     ",5.30,349.28,1.83
1771,554705856,"01771M10:47:22.052","01771 10:35:14",222.25,878.30,,,,"     ",5.30,349.89,1.84
1771,554705857,"01771M10:47:23.025","01771 10:35:15",222.28,878.27,,,,"     ",5.30,351.71,1.85
1771,554705858,"01771M10:47:23.999","01771 10:35:16",222.33,878.26,,,,"     ",5.30,350.69,1.84
1771,554705859,"01771M10:47:24.972","01771 10:35:17",222.39,878.19,,,,"     ",5.30,352.44,1.85
1771,554705860,"01771M10:47:25.945","01771 10:35:18",222.48,878.30,,,,"     ",5.30,350.49,1.84
1771,554705861,"01771M10:47:26.918","01771 10:35:18",222.57,878.25,,,,"     ",5.30,347.42,1.83
1771,554705862,"01771M10:47:27.892","01771 10:35:19",222.63,878.28,,,,"     ",5.30,348.68,1.84
1771,554705863,"01771M10:47:28.865","01771 10:35:20",222.65,878.26,,,,"     ",5.30,352.35,1.86
1771,554705864,"01771M10:47:29.838","01771 10:35:21",222.62,878.16,,,,"     ",5.30,352.63,1.86
1771,554705865,"01771M10:47:30.811","01771 10:35:22",222.55,878.09,,,,"     ",5.30,351.53,1.85
1771,554705866,"01771M10:47:31.785","01771 10:35:23",222.46,878.01,,,,"     ",5.30,351.62,1.85
1771,554705867,"01771M10:47:32.758","01771 10:35:24",222.35,878.14,,,,"     ",5.30,350.13,1.84
1771,554705868,"01771M10:47:33.731","01771 10:35:25",222.25,878.19,,,,"     ",5.30,351.97,1.86
1771,554705869,"01771M10:47:34.704","01771 10:35:26",222.14,878.17,,,,"     ",5.30,347.84,1.83
1771,554705870,"01771M10:47:35.678","01771 10:35:27",222.05,878.15,,,,"     ",5.30,350.23,1.85
1771,554705871,"01771M10:47:36.651","01771 10:35:28",221.97,878.13,,,,"     ",5.30,352.03,1.86
1771,554705872,"01771M10:47:37.624","01771 10:35:29",221.90,878.13,,,,"     ",5.30,349.67,1.84
1771,554705873,"01771M10:47:38.597","01771 10:35:30",221.82,878.21,,,,"     ",5.30,351.28,1.85
1771,554705874,"01771M10:47:39.571","01771 10:35:31",221.77,878.19,,,,"     ",5.30,352.38,1.86
1771,554705875,"01771M10:47:40.544","01771 10:35:32",221.76,878.13,,,,"     ",5.30,352.17,1.86
1771,554705876,"01771M10:47:41.517","01771 10:35:33",221.79,878.17,,,,"     ",5.30,349.11,1.84
1771,554705877,"01771M10:47:42.490","01771 10:35:34",221.86,878.14,,,,"     ",5.30,351.92,1.86
1771,554705878,"01771M10:47:43.464","01771 10:35:35",221.96,878.17,,,,"     ",5.30,349.78,1.85
1771,554705879,"01771M10:47:44.437","01771 10:35:36",222.07,878.12,,,,"     ",5.30,350.20,1.85
1771,554705880,"01771M10:47:45.410","01771 10:35:37",222.18,878.11,,,,"     ",5.30,348.96,1.84
1771,554705881,"01771M10:47:46.383","01771 10:35:38",222.28,878.09,,,,"     ",5.30,349.24,1.85
1771,554705882,"01771M10:47:47.357","01771 10:35:39",222.39,878.16,,,,"     ",5.30,351.03,1.86
1771,554705883,"01771M10:47:48.330","01771 10:35:40",222.48,878.16,,,,"     ",5.30,351.35,1.86
1771,554705884,"01771M10:47:49.303","01771 10:35:41",222.54,878.22,,,,"     ",5.30,350.31,1.85
1771,554705885,"01771M10:47:50.276","01771 10:35:42",222.59,878.19,,,,"     ",5.30,350.17,1.85
1771,554705886,"01771M10:47:51.250","01771 10:35:43",222.61,878.16,,,,"     ",5.30,348.24,1.84
1771,554705887,"01771M10:47:52.223","01771 10:35:44",222.59,878.09,,,,"     ",5.30,347.71,1.84
1771,554705888,"01771M10:47:53.196","01771 10:35:45",222.52,878.09,,,,"     ",5.30,348.69,1.85
1771,554705889,"01771M10:47:54.169","01771 10:35:46",222.43,878.11,,,,"     ",5.30,350.98,1.86
1771,554705890,"01771M10:47:55.143","01771 10:35:47",222.30,878.14,,,,"     ",5.30,346.92,1.84
1771,554705891,"01771M10:47:56.116","01771 10:35:48",222.15,878.13,,,,"     ",5.30,347.22,1.84
1771,554705892,"01771M10:47:57.089","01771 10:35:49",222.00,878.09,,,,"     ",5.30,346.89,1.84
1771,554705893,"01771M10:47:58.062","01771 10:35:50",221.85,878.06,,,,"     ",5.30,352.23,1.87
1771,554705894,"01771M10:47:59.036","01771 10:35:51",221.71,878.09,,,,"     ",5.30,345.17,1.83
1771,554705895,"01771M10:48:00.009","01771 10:35:52",221.59,878.11,,,,"     ",5.30,347.32,1.84
1771,554705896,"01771M10:48:00.982","01771 10:35:53",221.48,878.11,,,,"     ",5.30,349.92,1.86
1771,554705897,"01771M10:48:01.955","01771 10:35:54",221.39,878.17,,,,"     ",5.30,349.30,1.85
1771,554705898,"01771M10:48:02.929","01771 10:35:54",221.33,878.19,,,,"     ",5.30,349.48,1.85
1771,554705899,"01771M10:48:03.902","01771 10:35:55",221.28,878.16,,,,"     ",5.30,347.19,1.84
1771,554705900,"01771M10:48:04.875","01771 10:35:56",221.27,878.12,,,,"     ",5.30,347.30,1.84
1771,554705901,"01771M10:48:05.849","01771 10:35:57",221.31,878.08,,,,"     ",5.30,350.35,1.86
1771,554705902,"01771M10:48:06.822","01771 10:35:58",221.37,878.09,,,,"     ",5.30,347.44,1.85
1771,554705903,"01771M10:48:07.795","01771 10:35:59",221.42,878.06,,,,"     ",5.30,348.49,1.85
1771,554705904,"01771M10:48:08.768","01771 10:36:00",221.45,878.14,,,,"     ",5.30,350.24,1.86
1771,554705905,"01771M10:48:09.742","01771 10:36:01",221.44,878.11,,,,"     ",5.30,347.54,1.85
1771,554705906,"01771M10:48:10.715","01771 10:36:02",221.39,878.05,,,,"     ",5.30,350.73,1.87
1771,554705907,"01771M10:48:11.688","01771 10:36:03",221.31,877.97,,,,"     ",5.30,345.97,1.84
1771,554705908,"01771M10:48:12.661","01771 10:36:04",221.20,877.99,,,,"     ",5.30,348.01,1.85
1771,554705909,"01771M10:48:13.635","01771 10:36:05",221.10,878.07,,,,"     ",5.30,344.66,1.83
1771,554705910,"01771M10:48:14.608","01771 10:36:06",221.01,878.11,,,,"     ",5.30,350.35,1.87
1771,554705911,"01771M10:48:15.581","01771 10:36:07",220.90,878.01,,,,"     ",5.30,345.24,1.84
1771,554705912,"01771M10:48:16.554","01771 10:36:08",220.79,878.08,,,,"     ",5.30,347.26,1.85
1771,554705913,"01771M10:48:17.528","01771 10:36:09",220.70,878.05,,,,"     ",5.30,350.45,1.87
1771,554705914,"01771M10:48:18.501","01771 10:36:10",220.63,878.06,,,,"     ",5.30,345.46,1.84
1771,554705915,"01771M10:48:19.474","01771 10:36:11",220.59,878.00,,,,"     ",5.30,346.57,1.85
1771,554705916,"01771M10:48:20.447","01771 10:36:12",220.59,878.05,,,,"     ",5.30,345.16,1.84
1771,554705917,"01771M10:48:21.421","01771 10:36:13",220.61,878.00,,,,"     ",5.30,345.97,1.85
1771,554705918,"01771M10:48:22.394","01771 10:36:14",220.67,878.03,,,,"     ",5.30,346.44,1.85
1771,554705919,"01771M10:48:23.367","01771 10:36:15",220.76,877.97,,,,"     ",5.30,345.29,1.85
1771,554705920,"01771M10:48:24.340","01771 10:36:16",220.88,877.95,,,,"     ",5.30,346.60,1.86
1771,554705921,"01771M10:48:25.314","01771 10:36:17",221.00,877.92,,,,"     ",5.30,349.11,1.87
1771,554705922,"01771M10:48:26.287","01771 10:36:18",221.11,878.01,,,,"     ",5.30,343.25,1.84
1771,554705923,"01771M10:48:27.260","01771 10:36:19",221.18,878.00,,,,"     ",5.30,341.31,1.83
1771,554705924,"01771M10:48:28.233","01771 10:36:20",221.23,878.05,,,,"     ",5.30,343.65,1.84
1771,554705925,"01771M10:48:29.207","01771 10:36:21",221.24,878.00,,,,"     ",5.30,346.88,1.86
1771,554705926,"01771M10:48:30.180","01771 10:36:22",221.23,877.91,,,,"     ",5.30,346.28,1.86
1771,554705927,"01771M10:48:31.153","01771 10:36:23",221.18,877.96,,,,"     ",5.30,343.55,1.85
1771,554705928,"01771M10:48:32.126","01771 10:36:24",221.11,877.92,,,,"     ",5.30,344.36,1.85
1771,554705929,"01771M10:48:33.100","01771 10:36:25",221.01,877.89,,,,"     ",5.30,341.75,1.84
1771,554705930,"01771M10:48:34.073","01771 10:36:26",220.91,877.92,,,,"     ",5.30,344.74,1.86
1771,554705931,"01771M10:48:35.046","01771 10:36:27",220.78,877.89,,,,"     ",5.30,341.40,1.84
1771,554705932,"01771M10:48:36.019","01771 10:36:28",220.66,877.90,,,,"     ",5.30,342.94,1.85
1771,554705933,"01771M10:48:36.993","01771 10:36:29",220.54,877.89,,,,"     ",5.30,345.26,1.86
1771,554705934,"01771M10:48:37.966","01771 10:36:30",220.44,877.90,,,,"     ",5.30,342.52,1.85
1771,554705935,"01771M10:48:38.939","01771 10:36:31",220.34,877.98,,,,"     ",5.30,343.28,1.85
1771,554705936,"01771M10:48:39.912","01771 10:36:31",220.25,877.89,,,,"     ",5.30,346.84,1.87
1771,554705937,"01771M10:48:40.886","01771 10:36:32",220.17,877.91,,,,"     ",5.30,345.53,1.87
1771,554705938,"01771M10:48:41.859","01771 10:36:33",220.13,877.88,,,,"     ",5.30,343.14,1.86
1771,554705939,"01771M10:48:42.832","01771 10:36:34",220.13,877.89,,,,"     ",5.30,343.82,1.86
1771,554705940,"01771M10:48:43.805","01771 10:36:35",220.16,877.98,,,,"     ",5.30,342.76,1.86
1771,554705941,"01771M10:48:44.779","01771 10:36:36",220.23,877.99,,,,"     ",5.30,342.96,1.86
1771,554705942,"01771M10:48:45.752","01771 10:36:37",220.32,877.98,,,,"     ",5.30,342.41,1.86
1771,554705943,"01771M10:48:46.725","01771 10:36:38",220.42,877.97,,,,"     ",5.30,343.43,1.86
1771,554705944,"01771M10:48:47.698","01771 10:36:39",220.52,878.01,,,,"     ",5.30,341.55,1.85
1771,554705945,"01771M10:48:48.672","01771 10:36:40",220.63,877.97,,,,"     ",5.30,346.15,1.88
1771,554705946,"01771M10:48:49.645","01771 10:36:41",220.71,878.00,,,,"     ",5.30,341.71,1.86
1771,554705947,"01771M10:48:50.618","01771 10:36:42",220.76,878.00,,,,"     ",5.30,346.30,1.88
1771,554705948,"01771M10:48:51.591","01771 10:36:43",220.78,877.89,,,,"     ",5.30,339.95,1.85
1771,554705949,"01771M10:48:52.565","01771 10:36:44",220.77,877.99,,,,"     ",5.30,344.78,1.88
1771,554705950,"01771M10:48:53.538","01771 10:36:45",220.73,877.81,,,,"     ",5.30,343.14,1.87
1771,554705951,"01771M10:48:54.511","01771 10:36:46",220.67,877.89,,,,"     ",5.30,338.32,1.84
1771,554705952,"01771M10:48:55.484","01771 10:36:47",220.60,877.89,,,,"     ",5.30,339.61,1.85
1771,554705953,"01771M10:48:56.458","01771 10:36:48",220.51,877.81,,,,"     ",5.30,338.91,1.85
1771,554705954,"01771M10:48:57.431","01771 10:36:49",220.43,877.79,,,,"     ",5.30,341.51,1.86
1771,554705955,"01771M10:48:58.404","01771 10:36:50",220.35,877.85,,,,"     ",5.30,338.87,1.85
1771,554705956,"01771M10:48:59.377","01771 10:36:51",220.31,877.92,,,,"     ",5.30,340.01,1.86
1771,554705957,"01771M10:49:00.351","01771 10:36:52",220.30,877.90,,,,"     ",5.30,343.95,1.88
1771,554705958,"01771M10:49:01.324","01771 10:36:53",220.31,878.02,,,,"     ",5.30,342.36,1.87
1771,554705959,"01771M10:49:02.297","01771 10:36:54",220.33,877.97,,,,"     ",5.30,340.62,1.86
1771,554705960,"01771M10:49:03.270","01771 10:36:55",220.34,877.94,,,,"     ",5.30,341.29,1.87
1771,554705961,"01771M10:49:04.244","01771 10:36:56",220.34,877.92,,,,"     ",5.30,342.63,1.87
1771,554705962,"01771M10:49:05.217","01771 10:36:57",220.34,877.99,,,,"     ",5.30,343.01,1.88
1771,554705963,"01771M10:49:06.190","01771 10:36:58",220.31,877.98,,,,"     ",5.30,340.52,1.86
1771,554705964,"01771M10:49:07.163","01771 10:36:59",220.28,877.97,,,,"     ",5.30,338.01,1.85
1771,554705965,"01771M10:49:08.137","01771 10:37:00",220.23,877.89,,,,"     ",5.30,341.58,1.87
1771,554705966,"01771M10:49:09.110","01771 10:37:01",220.18,877.95,,,,"     ",5.30,340.38,1.86
1771,554705967,"01771M10:49:10.083","01771 10:37:02",220.13,877.88,,,,"     ",5.30,344.19,1.88
1771,554705968,"01771M10:49:11.056","01771 10:37:03",220.08,877.89,,,,"     ",5.30,340.76,1.87
1771,554705969,"01771M10:49:12.030","01771 10:37:04",220.02,877.93,,,,"     ",5.30,339.87,1.86
1771,554705970,"01771M10:49:13.003","01771 10:37:05",219.98,877.87,,,,"     ",5.30,339.62,1.86
1771,554705971,"01771M10:49:13.976","01771 10:37:06",219.95,877.81,,,,"     ",5.30,341.36,1.87
1771,554705972,"01771M10:49:14.950","01771 10:37:07",219.93,877.80,,,,"     ",5.30,343.13,1.88
1771,554705973,"01771M10:49:15.923","01771 10:37:08",219.92,877.81,,,,"     ",5.30,338.90,1.86
1771,554705974,"01771M10:49:16.896","01771 10:37:08",219.93,877.84,,,,"     ",5.30,338.65,1.86
1771,554705975,"01771M10:49:17.869","01771 10:37:09",219.94,877.88,,,,"     ",5.30,338.46,1.86
1771,554705976,"01771M10:49:18.843","01771 10:37:10",219.95,877.83,,,,"     ",5.30,340.08,1.86
1771,554705977,"01771M10:49:19.816","01771 10:37:11",219.95,877.85,,,,"     ",5.30,338.68,1.86
1771,554705978,"01771M10:49:20.789","01771 10:37:12",219.94,877.71,,,,"     ",5.30,337.55,1.85
1771,554705979,"01771M10:49:21.762","01771 10:37:13",219.93,877.75,,,,"     ",5.30,339.34,1.86
1771,554705980,"01771M10:49:22.736","01771 10:37:14",219.91,877.75,,,,"     ",5.30,340.24,1.87
1771,554705981,"01771M10:49:23.709","01771 10:37:15",219.92,877.74,,,,"     ",5.30,337.74,1.85
1771,554705982,"01771M10:49:24.682","01771 10:37:16",219.98,877.77,,,,"     ",5.30,340.65,1.87
1771,554705983,"01771M10:49:25.655","01771 10:37:17",220.08,877.76,,,,"     ",5.30,342.48,1.88
1771,554705984,"01771M10:49:26.629","01771 10:37:18",220.21,877.78,,,,"     ",5.30,338.85,1.86
1771,554705985,"01771M10:49:27.602","01771 10:37:19",220.37,877.76,,,,"     ",5.30,337.63,1.85
1771,554705986,"01771M10:49:28.575","01771 10:37:20",220.54,877.88,,,,"     ",5.30,336.67,1.85
1771,554705987,"01771M10:49:29.548","01771 10:37:21",220.73,877.85,,,,"     ",5.30,341.91,1.88
1771,554705988,"01771M10:49:30.522","01771 10:37:22",220.91,877.86,,,,"     ",5.30,338.62,1.86
1771,554705989,"01771M10:49:31.495","01771 10:37:23",221.08,877.81,,,,"     ",5.30,340.91,1.87
1771,554705990,"01771M10:49:32.468","01771 10:37:24",221.24,877.80,,,,"     ",5.30,340.02,1.87
1771,554705991,"01771M10:49:33.441","01771 10:37:25",221.36,877.80,,,,"     ",5.30,341.92,1.88
1771,554705992,"01771M10:49:34.415","01771 10:37:26",221.44,877.82,,,,"     ",5.30,339.58,1.86
1771,554705993,"01771M10:49:35.388","01771 10:37:27",221.49,877.83,,,,"     ",5.30,343.29,1.88
1771,554705994,"01771M10:49:36.361","01771 10:37:28",221.49,877.78,,,,"     ",5.30,335.33,1.84
1771,554705995,"01771M10:49:37.334","01771 10:37:29",221.45,877.71,,,,"     ",5.30,339.00,1.86
1771,554705996,"01771M10:49:38.308","01771 10:37:30",221.40,877.78,,,,"     ",5.30,337.63,1.85
1771,554705997,"01771M10:49:39.281","01771 10:37:31",221.32,877.79,,,,"     ",5.30,341.55,1.87
1771,554705998,"01771M10:49:40.254","01771 10:37:32",221.24,877.75,,,,"     ",5.30,341.35,1.87
1771,554705999,"01771M10:49:41.227","01771 10:37:33",221.17,877.77,,,,"     ",5.30,339.15,1.86
1771,554706000,"01771M10:49:42.201","01771 10:37:34",221.12,877.74,,,,"     ",5.30,341.80,1.87
1771,554706001,"01771M10:49:43.174","01771 10:37:35",221.11,877.71,,,,"     ",5.30,342.81,1.88
1771,554706002,"01771M10:49:44.147","01771 10:37:36",221.14,877.70,,,,"     ",5.30,339.65,1.86
1771,554706003,"01771M10:49:45.120","01771 10:37:37",221.21,877.73,,,,"     ",5.30,340.87,1.87
1771,554706004,"01771M10:49:46.094","01771 10:37:38",221.31,877.77,,,,"     ",5.30,337.99,1.85
1771,554706005,"01771M10:49:47.067","01771 10:37:39",221.44,877.72,,,,"     ",5.30,342.27,1.87
1771,554706006,"01771M10:49:48.040","01771 10:37:40",221.57,877.80,,,,"     ",5.30,343.62,1.88
1771,554706007,"01771M10:49:49.013","01771 10:37:41",221.69,877.77,,,,"     ",5.30,345.86,1.90
1771,554706008,"01771M10:49:49.987","01771 10:37:42",221.78,877.77,,,,"     ",5.30,343.99,1.88
1771,554706009,"01771M10:49:50.960","01771 10:37:43",221.84,877.89,,,,"     ",5.30,339.82,1.86
1771,554706010,"01771M10:49:51.933","01771 10:37:44",221.86,877.82,,,,"     ",5.30,339.76,1.86
1771,554706011,"01771M10:49:52.906","01771 10:37:44",221.84,877.83,,,,"     ",5.30,339.45,1.86
1771,554706012,"01771M10:49:53.880","01771 10:37:45",221.82,877.68,,,,"     ",5.30,340.99,1.87
1771,554706013,"01771M10:49:54.853","01771 10:37:46",221.79,877.76,,,,"     ",5.30,343.06,1.88
1771,554706014,"01771M10:49:55.826","01771 10:37:47",221.77,877.64,,,,"     ",5.30,337.12,1.84
1771,554706015,"01771M10:49:56.799","01771 10:37:48",221.77,877.69,,,,"     ",5.30,345.25,1.89
1771,554706016,"01771M10:49:57.773","01771 10:37:49",221.77,877.68,,,,"     ",5.30,344.60,1.89
1771,554706017,"01771M10:49:58.746","01771 10:37:50",221.79,877.74,,,,"     ",5.30,342.03,1.87
1771,554706018,"01771M10:49:59.719","01771 10:37:51",221.84,877.77,,,,"     ",5.30,341.95,1.87
1771,554706019,"01771M10:50:00.692","01771 10:37:52",221.94,877.81,,,,"     ",5.30,342.80,1.87
1771,554706020,"01771M10:50:01.666","01771 10:37:53",222.08,877.78,,,,"     ",5.30,340.63,1.86
1771,554706021,"01771M10:50:02.639","01771 10:37:54",222.28,877.75,,,,"     ",5.30,343.41,1.88
1771,554706022,"01771M10:50:03.612","01771 10:37:55",222.54,877.82,,,,"     ",5.30,339.37,1.85
1771,554706023,"01771M10:50:04.585","01771 10:37:56",222.84,877.84,,,,"     ",5.30,340.94,1.86
1771,554706024,"01771M10:50:05.559","01771 10:37:57",223.16,877.79,,,,"     ",5.30,341.63,1.86
1771,554706025,"01771M10:50:06.532","01771 10:37:58",223.48,877.74,,,,"     ",5.30,341.74,1.86
1771,554706026,"01771M10:50:07.505","01771 10:37:59",223.78,877.70,,,,"     ",5.30,342.22,1.87
1771,554706027,"01771M10:50:08.478","01771 10:38:00",224.05,877.62,,,,"     ",5.30,342.79,1.87
1771,554706028,"01771M10:50:09.452","01771 10:38:01",224.27,877.63,,,,"     ",5.30,342.09,1.86
1771,554706029,"01771M10:50:10.425","01771 10:38:02",224.44,877.62,,,,"     ",5.30,346.32,1.89
1771,554706030,"01771M10:50:11.398","01771 10:38:03",224.59,877.67,,,,"     ",5.30,343.08,1.87
1771,554706031,"01771M10:50:12.371","01771 10:38:04",224.73,877.63,,,,"     ",5.30,338.54,1.84
1771,554706032,"01771M10:50:13.345","01771 10:38:05",224.84,877.57,,,,"     ",5.30,346.05,1.88
1771,554706033,"01771M10:50:14.318","01771 10:38:06",224.94,877.56,,,,"     ",5.30,343.35,1.86
1771,554706034,"01771M10:50:15.291","01771 10:38:07",225.00,877.62,,,,"     ",5.30,342.84,1.86
1771,554706035,"01771M10:50:16.264","01771 10:38:08",225.04,877.62,,,,"     ",5.30,342.79,1.86
1771,554706036,"01771M10:50:17.238","01771 10:38:09",225.07,877.60,,,,"     ",5.30,338.57,1.83
1771,554706037,"01771M10:50:18.211","01771 10:38:10",225.11,877.62,,,,"     ",5.30,343.30,1.86
1771,554706038,"01771M10:50:19.184","01771 10:38:11",225.17,877.57,,,,"     ",5.30,344.56,1.87
1771,554706039,"01771M10:50:20.157","01771 10:38:12",225.27,877.59,,,,"     ",5.30,345.62,1.87
1771,554706040,"01771M10:50:21.131","01771 10:38:13",225.39,877.65,,,,"     ",5.30,343.23,1.86
1771,554706041,"01771M10:50:22.104","01771 10:38:14",225.53,877.62,,,,"     ",5.30,342.14,1.85
1771,554706042,"01771M10:50:23.077","01771 10:38:15",225.70,877.68,,,,"     ",5.30,341.74,1.85
1771,554706043,"01771M10:50:24.051","01771 10:38:16",225.88,877.63,,,,"     ",5.30,345.32,1.86
1771,554706044,"01771M10:50:25.024","01771 10:38:17",226.06,877.60,,,,"     ",5.30,345.76,1.87
1771,554706045,"01771M10:50:25.997","01771 10:38:18",226.22,877.56,,,,"     ",5.30,345.29,1.86
1771,554706046,"01771M10:50:26.970","01771 10:38:19",226.34,877.48,,,,"     ",5.30,346.16,1.86
1771,554706047,"01771M10:50:27.944","01771 10:38:20",226.45,877.58,,,,"     ",5.30,342.74,1.85
1771,554706048,"01771M10:50:28.917","01771 10:38:21",226.54,877.60,,,,"     ",5.30,346.40,1.86
1771,554706049,"01771M10:50:29.890","01771 10:38:21",226.62,877.58,,,,"     ",5.30,344.23,1.85
1771,554706050,"01771M10:50:30.863","01771 10:38:22",226.69,877.64,,,,"     ",5.30,344.51,1.85
1771,554706051,"01771M10:50:31.837","01771 10:38:23",226.75,877.60,,,,"     ",5.30,345.82,1.86
1771,554706052,"01771M10:50:32.810","01771 10:38:24",226.80,877.62,,,,"     ",5.30,345.99,1.86
1771,554706053,"01771M10:50:33.783","01771 10:38:25",226.84,877.64,,,,"     ",5.30,345.52,1.85
1771,554706054,"01771M10:50:34.756","01771 10:38:26",226.89,877.60,,,,"     ",5.30,345.85,1.85
1771,554706055,"01771M10:50:35.730","01771 10:38:27",226.93,877.55,,,,"     ",5.30,345.15,1.85
1771,554706056,"01771M10:50:36.703","01771 10:38:28",226.99,877.58,,,,"     ",5.30,344.62,1.85
1771,554706057,"01771M10:50:37.676","01771 10:38:29",227.07,877.54,,,,"     ",5.30,342.82,1.83
1771,554706058,"01771M10:50:38.649","01771 10:38:30",227.16,877.54,,,,"     ",5.30,349.90,1.87
1771,554706059,"01771M10:50:39.623","01771 10:38:31",227.25,877.62,,,,"     ",5.30,348.18,1.86
1771,554706060,"01771M10:50:40.596","01771 10:38:32",227.34,877.62,,,,"     ",5.30,340.95,1.82
1771,554706061,"01771M10:50:41.569","01771 10:38:33",227.42,877.57,,,,"     ",5.30,343.12,1.83
1771,554706062,"01771M10:50:42.542","01771 10:38:34",227.48,877.49,,,,"     ",5.30,347.45,1.85
1771,554706063,"01771M10:50:43.516","01771 10:38:35",227.53,877.45,,,,"     ",5.30,345.79,1.84
1771,554706064,"01771M10:50:44.489","01771 10:38:36",227.57,877.46,,,,"     ",5.30,347.98,1.85
1771,554706065,"01771M10:50:45.462","01771 10:38:37",227.59,877.44,,,,"     ",5.30,348.22,1.85
1771,554706066,"01771M10:50:46.435","01771 10:38:38",227.62,877.49,,,,"     ",5.30,346.30,1.84
1771,554706067,"01771M10:50:47.409","01771 10:38:39",227.66,877.55,,,,"     ",5.30,347.42,1.85
1771,554706068,"01771M10:50:48.382","01771 10:38:40",227.72,877.50,,,,"     ",5.30,343.37,1.82
1771,554706069,"01771M10:50:49.355","01771 10:38:41",227.81,877.52,,,,"     ",5.30,346.80,1.84
1771,554706070,"01771M10:50:50.328","01771 10:38:42",227.90,877.56,,,,"     ",5.30,352.06,1.87
1771,554706071,"01771M10:50:51.302","01771 10:38:43",227.99,877.55,,,,"     ",5.30,350.56,1.86
1771,554706072,"01771M10:50:52.275","01771 10:38:44",228.09,877.53,,,,"     ",5.30,345.59,1.83
1771,554706073,"01771M10:50:53.248","01771 10:38:45",228.20,877.50,,,,"     ",5.30,350.26,1.85
1771,554706074,"01771M10:50:54.221","01771 10:38:46",228.31,877.47,,,,"     ",5.30,345.07,1.83
1771,554706075,"01771M10:50:55.195","01771 10:38:47",228.42,877.52,,,,"     ",5.30,346.16,1.83
1771,554706076,"01771M10:50:56.168","01771 10:38:48",228.50,877.53,,,,"     ",5.30,348.61,1.84
1771,554706077,"01771M10:50:57.141","01771 10:38:49",228.54,877.41,,,,"     ",5.30,348.47,1.84
1771,554706078,"01771M10:50:58.114","01771 10:38:50",228.55,877.43,,,,"     ",5.30,349.82,1.85
1771,554706079,"01771M10:50:59.088","01771 10:38:51",228.56,877.50,,,,"     ",5.30,348.74,1.84
1771,554706080,"01771M10:51:00.061","01771 10:38:52",228.56,877.48,,,,"     ",5.30,351.08,1.85
1771,554706081,"01771M10:51:01.034","01771 10:38:53",228.55,877.49,,,,"     ",5.30,346.22,1.82
1771,554706082,"01771M10:51:02.007","01771 10:38:54",228.57,877.53,,,,"     ",5.30,349.16,1.84
1771,554706083,"01771M10:51:02.981","01771 10:38:55",228.61,877.47,,,,"     ",5.30,349.87,1.84
1771,554706084,"01771M10:51:03.954","01771 10:38:56",228.68,877.41,,,,"     ",5.30,350.12,1.84
1771,554706085,"01771M10:51:04.927","01771 10:38:57",228.76,877.51,,,,"     ",5.30,347.32,1.83
1771,554706086,"01771M10:51:05.900","01771 10:38:58",228.87,877.47,,,,"     ",5.30,346.40,1.82
1771,554706087,"01771M10:51:06.874","01771 10:38:58",228.99,877.43,,,,"     ",5.30,350.56,1.84
1771,554706088,"01771M10:51:07.847","01771 10:38:59",229.13,877.38,,,,"     ",5.30,348.61,1.83
1771,554706089,"01771M10:51:08.820","01771 10:39:00",229.29,877.44,,,,"     ",5.30,347.84,1.82
1771,554706090,"01771M10:51:09.793","01771 10:39:01",229.45,877.38,,,,"     ",5.30,348.51,1.83
1771,554706091,"01771M10:51:10.767","01771 10:39:02",229.60,877.36,,,,"     ",5.30,352.13,1.84
1771,554706092,"01771M10:51:11.740","01771 10:39:03",229.73,877.47,,,,"     ",5.30,350.53,1.83
1771,554706093,"01771M10:51:12.713","01771 10:39:04",229.83,877.40,,,,"     ",5.30,351.70,1.84
1771,554706094,"01771M10:51:13.686","01771 10:39:05",229.92,877.50,,,,"     ",5.30,351.55,1.84
1771,554706095,"01771M10:51:14.660","01771 10:39:06",229.99,877.38,,,,"     ",5.30,349.51,1.83
1771,554706096,"01771M10:51:15.633","01771 10:39:07",230.04,877.44,,,,"     ",5.30,353.05,1.84
1771,554706097,"01771M10:51:16.606","01771 10:39:08",230.11,877.39,,,,"     ",5.30,350.50,1.83
1771,554706098,"01771M10:51:17.579","01771 10:39:09",230.18,877.51,,,,"     ",5.30,352.25,1.84
1771,554706099,"01771M10:51:18.553","01771 10:39:10",231.27,877.42,,,,"     ",5.30,350.97,1.83
1771,554706100,"01771M10:51:19.526","01771 10:39:11",231.35,877.38,,,,"     ",5.30,351.93,1.83
1771,554706101,"01771M10:51:20.499","01771 10:39:12",231.42,877.42,,,,"     ",5.30,358.52,1.87
1771,554706102,"01771M10:51:21.472","01771 10:39:13",231.50,877.37,,,,"     ",5.30,350.58,1.82
1771,554706103,"01771M10:51:22.446","01771 10:39:14",231.57,877.28,,,,"     ",5.30,353.34,1.83
1771,554706104,"01771M10:51:23.419","01771 10:39:15",231.63,877.30,,,,"     ",5.30,355.87,1.85
1771,554706105,"01771M10:51:24.392","01771 10:39:16",231.69,877.29,,,,"     ",5.30,350.94,1.82
1771,554706106,"01771M10:51:25.365","01771 10:39:17",231.75,877.41,,,,"     ",5.30,355.20,1.84
1771,554706107,"01771M10:51:26.339","01771 10:39:18",231.80,877.43,,,,"     ",5.30,355.93,1.84
1771,554706108,"01771M10:51:27.312","01771 10:39:19",231.85,877.33,,,,"     ",5.30,356.65,1.84
1771,554706109,"01771M10:51:28.285","01771 10:39:20",231.89,877.40,,,,"     ",5.30,357.03,1.84
1771,554706110,"01771M10:51:29.258","01771 10:39:21",231.92,877.40,,,,"     ",5.30,356.76,1.84
1771,554706111,"01771M10:51:30.232","01771 10:39:22",231.99,877.42,,,,"     ",5.30,353.20,1.82
1771,554706112,"01771M10:51:31.205","01771 10:39:23",232.00,877.40,,,,"     ",5.30,354.39,1.83
1771,554706113,"01771M10:51:32.178","01771 10:39:24",231.98,877.35,,,,"     ",5.30,356.49,1.83
1771,554706114,"01771M10:51:33.151","01771 10:39:25",231.88,877.38,,,,"     ",5.30,352.72,1.81
1771,554706115,"01771M10:51:34.125","01771 10:39:26",231.78,877.39,,,,"     ",5.30,355.12,1.83
1771,554706116,"01771M10:51:35.098","01771 10:39:27",231.67,877.43,,,,"     ",5.30,355.55,1.83
1771,554706117,"01771M10:51:36.071","01771 10:39:28",231.57,877.44,,,,"     ",5.30,357.86,1.84
1771,554706118,"01771M10:51:37.045","01771 10:39:29",231.98,877.34,,,,"     ",5.30,355.24,1.82
1771,554706119,"01771M10:51:38.018","01771 10:39:30",231.96,877.42,,,,"     ",5.30,353.33,1.81
1771,554706120,"01771M10:51:38.991","01771 10:39:31",231.95,877.46,,,,"     ",5.30,358.70,1.84
1771,554706121,"01771M10:51:39.964","01771 10:39:32",231.93,877.36,,,,"     ",5.30,358.06,1.83
1771,554706122,"01771M10:51:40.938","01771 10:39:33",231.91,877.36,,,,"     ",5.30,355.83,1.82
1771,554706123,"01771M10:51:41.911","01771 10:39:34",231.89,877.38,,,,"     ",5.30,359.10,1.84
1771,554706124,"01771M10:51:42.884","01771 10:39:35",231.87,877.42,,,,"     ",5.30,355.23,1.82
1771,554706125,"01771M10:51:43.857","01771 10:39:35",231.84,877.39,,,,"     ",5.30,358.30,1.83
1771,554706126,"01771M10:51:44.831","01771 10:39:36",231.82,877.39,,,,"     ",5.30,359.80,1.84
1771,554706127,"01771M10:51:45.804","01771 10:39:37",231.79,877.42,,,,"     ",5.30,357.35,1.82
1771,554706128,"01771M10:51:46.777","01771 10:39:38",231.75,877.43,,,,"     ",5.30,355.09,1.81
1771,554706129,"01771M10:51:47.750","01771 10:39:39",231.70,877.41,,,,"     ",5.30,356.84,1.82
1771,554706130,"01771M10:51:48.724","01771 10:39:40",231.65,877.41,,,,"     ",5.30,360.94,1.84
1771,554706131,"01771M10:51:49.697","01771 10:39:41",231.59,877.39,,,,"     ",5.30,353.49,1.80
1771,554706132,"01771M10:51:50.670","01771 10:39:42",231.57,877.43,,,,"     ",5.30,357.21,1.82
1771,554706133,"01771M10:51:51.643","01771 10:39:43",231.55,877.41,,,,"     ",5.30,355.42,1.81
1771,554706134,"01771M10:51:52.617","01771 10:39:44",231.54,877.49,,,,"     ",5.30,358.54,1.83
1771,554706135,"01771M10:51:53.590","01771 10:39:45",231.46,877.47,,,,"     ",5.30,359.32,1.83
1771,554706136,"01771M10:51:54.563","01771 10:39:46",231.39,877.49,,,,"     ",5.30,353.71,1.80
1771,554706137,"01771M10:51:55.536","01771 10:39:47",231.33,877.45,,,,"     ",5.30,360.13,1.83
1771,554706138,"01771M10:51:56.510","01771 10:39:48",231.28,877.50,,,,"     ",5.30,357.85,1.82
1771,554706139,"01771M10:51:57.483","01771 10:39:49",231.24,877.43,,,,"     ",5.30,357.57,1.82
1771,554706140,"01771M10:51:58.456","01771 10:39:50",231.22,877.41,,,,"     ",5.30,354.62,1.80
1771,554706141,"01771M10:51:59.429","01771 10:39:51",231.20,877.45,,,,"     ",5.30,358.59,1.82
1771,554706142,"01771M10:52:00.403","01771 10:39:52",231.19,877.45,,,,"     ",5.30,356.06,1.81
1771,554706143,"01771M10:52:01.376","01771 10:39:53",231.19,877.45,,,,"     ",5.30,357.43,1.82
1771,554706144,"01771M10:52:02.349","01771 10:39:54",231.19,877.42,,,,"     ",5.30,358.45,1.82
1771,554706145,"01771M10:52:03.322","01771 10:39:55",231.18,877.44,,,,"     ",5.30,358.46,1.82
1771,554706146,"01771M10:52:04.296","01771 10:39:56",231.17,877.41,,,,"     ",5.30,359.93,1.83
1771,554706147,"01771M10:52:05.269","01771 10:39:57",231.15,877.49,,,,"     ",5.30,359.66,1.83
1771,554706148,"01771M10:52:06.242","01771 10:39:58",231.12,877.41,,,,"     ",5.30,358.87,1.82
1771,554706149,"01771M10:52:07.215","01771 10:39:59",231.07,877.46,,,,"     ",5.30,354.93,1.80
1771,554706150,"01771M10:52:08.189","01771 10:40:00",231.02,877.36,,,,"     ",5.30,356.89,1.81
1771,554706151,"01771M10:52:09.162","01771 10:40:01",230.97,877.31,,,,"     ",5.30,360.29,1.83
1771,554706152,"01771M10:52:10.135","01771 10:40:02",230.92,877.34,,,,"     ",5.30,357.20,1.81
1771,554706153,"01771M10:52:11.108","01771 10:40:03",230.88,877.36,,,,"     ",5.30,358.06,1.82
1771,554706154,"01771M10:52:12.082","01771 10:40:04",230.84,877.43,,,,"     ",5.30,355.12,1.80
1771,554706155,"01771M10:52:13.055","01771 10:40:05",230.81,877.34,,,,"     ",5.30,358.59,1.82
1771,554706156,"01771M10:52:14.028","01771 10:40:06",230.79,877.31,,,,"     ",5.30,359.09,1.82
1771,554706157,"01771M10:52:15.001","01771 10:40:07",230.78,877.26,,,,"     ",5.30,358.31,1.81
1771,554706158,"01771M10:52:15.975","01771 10:40:08",230.78,877.34,,,,"     ",5.30,359.45,1.82
1771,554706159,"01771M10:52:16.948","01771 10:40:09",230.78,877.39,,,,"     ",5.30,362.82,1.84
1771,554706160,"01771M10:52:17.921","01771 10:40:10",230.79,877.34,,,,"     ",5.30,357.36,1.81
1771,554706161,"01771M10:52:18.894","01771 10:40:11",230.80,877.34,,,,"     ",5.30,357.68,1.81
1771,554706162,"01771M10:52:19.868","01771 10:40:11",230.81,877.40,,,,"     ",5.30,355.80,1.80
1771,554706163,"01771M10:52:20.841","01771 10:40:12",230.80,877.42,,,,"     ",5.30,360.37,1.83
1771,554706164,"01771M10:52:21.814","01771 10:40:13",230.79,877.33,,,,"     ",5.30,357.95,1.81
1771,554706165,"01771M10:52:22.787","01771 10:40:14",230.78,877.33,,,,"     ",5.30,360.90,1.83
1771,554706166,"01771M10:52:23.761","01771 10:40:15",230.76,877.25,,,,"     ",5.30,356.64,1.80
1771,554706167,"01771M10:52:24.734","01771 10:40:16",230.74,877.36,,,,"     ",5.30,358.22,1.81
1771,554706168,"01771M10:52:25.707","01771 10:40:17",230.72,877.29,,,,"     ",5.30,358.92,1.82
1771,554706169,"01771M10:52:26.680","01771 10:40:18",230.69,877.24,,,,"     ",5.30,363.02,1.84
1771,554706170,"01771M10:52:27.654","01771 10:40:19",230.66,877.35,,,,"     ",5.30,361.90,1.83
1771,554706171,"01771M10:52:28.627","01771 10:40:20",230.63,877.35,,,,"     ",5.30,358.23,1.81
1771,554706172,"01771M10:52:29.600","01771 10:40:21",230.59,877.21,,,,"     ",5.30,358.97,1.81
1771,554706173,"01771M10:52:30.573","01771 10:40:22",230.55,877.22,,,,"     ",5.30,361.52,1.83
1771,554706174,"01771M10:52:31.547","01771 10:40:23",230.51,877.22,,,,"     ",5.30,359.38,1.82
1771,554706175,"01771M10:52:32.520","01771 10:40:24",230.39,877.19,,,,"     ",5.30,364.16,1.84
1771,554706176,"01771M10:52:33.493","01771 10:40:25",230.24,877.24,,,,"     ",5.30,359.48,1.82
1771,554706177,"01771M10:52:34.466","01771 10:40:26",230.10,877.31,,,,"     ",5.30,357.76,1.81
1771,554706178,"01771M10:52:35.440","01771 10:40:27",229.97,877.19,,,,"     ",5.30,361.28,1.83
1771,554706179,"01771M10:52:36.413","01771 10:40:28",229.85,877.22,,,,"     ",5.30,358.35,1.81
1771,554706180,"01771M10:52:37.386","01771 10:40:29",229.74,877.26,,,,"     ",5.30,358.66,1.81
1771,554706181,"01771M10:52:38.359","01771 10:40:30",229.65,877.26,,,,"     ",5.30,357.41,1.81
1771,554706182,"01771M10:52:39.333","01771 10:40:31",229.58,877.23,,,,"     ",5.30,360.30,1.82
1771,554706183,"01771M10:52:40.306","01771 10:40:32",229.52,877.22,,,,"     ",5.30,358.37,1.81
1771,554706184,"01771M10:52:41.279","01771 10:40:33",229.47,877.16,,,,"     ",5.30,358.79,1.81
1771,554706185,"01771M10:52:42.252","01771 10:40:34",229.43,877.17,,,,"     ",5.30,357.42,1.81
1771,554706186,"01771M10:52:43.226","01771 10:40:35",229.40,877.28,,,,"     ",5.30,359.01,1.82
1771,554706187,"01771M10:52:44.199","01771 10:40:36",229.38,877.19,,,,"     ",5.30,364.32,1.84
1771,554706188,"01771M10:52:45.172","01771 10:40:37",229.37,877.27,,,,"     ",5.30,360.93,1.83
1771,554706189,"01771M10:52:46.146","01771 10:40:38",229.36,877.24,,,,"     ",5.30,356.64,1.80
1771,554706190,"01771M10:52:47.119","01771 10:40:39",229.36,877.16,,,,"     ",5.30,359.69,1.82
1771,554706191,"01771M10:52:48.092","01771 10:40:40",229.36,877.29,,,,"     ",5.30,359.88,1.82
1771,554706192,"01771M10:52:49.065","01771 10:40:41",229.36,877.16,,,,"     ",5.30,359.14,1.82
1771,554706193,"01771M10:52:50.039","01771 10:40:42",229.37,877.25,,,,"     ",5.30,358.51,1.81
1771,554706194,"01771M10:52:51.012","01771 10:40:43",229.39,877.21,,,,"     ",5.30,358.71,1.82
1771,554706195,"01771M10:52:51.985","01771 10:40:44",229.41,877.16,,,,"     ",5.30,359.33,1.82
1771,554706196,"01771M10:52:52.958","01771 10:40:45",229.45,877.17,,,,"     ",5.30,357.78,1.81
1771,554706197,"01771M10:52:53.932","01771 10:40:46",229.49,877.16,,,,"     ",5.30,359.27,1.82
1771,554706198,"01771M10:52:54.905","01771 10:40:47",229.53,877.24,,,,"     ",5.30,361.88,1.83
1771,554706199,"01771M10:52:55.878","01771 10:40:48",229.58,877.20,,,,"     ",5.30,361.09,1.83
1771,554706200,"01771M10:52:56.851","01771 10:40:48",229.62,877.20,,,,"     ",5.30,362.85,1.84
1771,554706201,"01771M10:52:57.825","01771 10:40:49",229.67,877.17,,,,"     ",5.30,356.54,1.80
1771,554706202,"01771M10:52:58.798","01771 10:40:50",229.72,877.25,,,,"     ",5.30,355.68,1.80
1771,554706203,"01771M10:52:59.771","01771 10:40:51",229.76,877.11,,,,"     ",5.30,361.85,1.83
1771,554706204,"01771M10:53:00.744","01771 10:40:52",229.80,877.17,,,,"     ",5.30,359.73,1.82
1771,554706205,"01771M10:53:01.718","01771 10:40:53",229.83,877.10,,,,"     ",5.30,358.08,1.81
1771,554706206,"01771M10:53:02.691","01771 10:40:54",229.86,877.12,,,,"     ",5.30,360.36,1.82
1771,554706207,"01771M10:53:03.664","01771 10:40:55",229.88,877.15,,,,"     ",5.30,360.58,1.83
1771,554706208,"01771M10:53:04.637","01771 10:40:56",229.91,877.09,,,,"     ",5.30,361.68,1.83
1771,554706209,"01771M10:53:05.611","01771 10:40:57",229.93,877.08,,,,"     ",5.30,360.89,1.83
1771,554706210,"01771M10:53:06.584","01771 10:40:58",229.96,877.14,,,,"     ",5.30,360.54,1.83
1771,554706211,"01771M10:53:07.557","01771 10:40:59",229.99,877.13,,,,"     ",5.30,359.50,1.82
1771,554706212,"01771M10:53:08.530","01771 10:41:00",230.03,877.11,,,,"     ",5.30,362.23,1.83
1771,554706213,"01771M10:53:09.504","01771 10:41:01",230.07,877.07,,,,"     ",5.30,364.13,1.84
1771,554706214,"01771M10:53:10.477","01771 10:41:02",230.12,877.11,,,,"     ",5.30,357.68,1.81
1771,554706215,"01771M10:53:11.450","01771 10:41:03",230.16,877.08,,,,"     ",5.30,360.70,1.83
1771,554706216,"01771M10:53:12.423","01771 10:41:04",230.21,877.09,,,,"     ",5.30,363.79,1.84
1771,554706217,"01771M10:53:13.397","01771 10:41:05",230.25,877.06,,,,"     ",5.30,363.88,1.84
1771,554706218,"01771M10:53:14.370","01771 10:41:06",230.28,877.10,,,,"     ",5.30,361.59,1.83
1771,554706219,"01771M10:53:15.343","01771 10:41:07",230.32,877.13,,,,"     ",5.30,358.52,1.81
1771,554706220,"01771M10:53:16.316","01771 10:41:08",230.25,877.13,,,,"     ",5.30,357.47,1.81
1771,554706221,"01771M10:53:17.290","01771 10:41:09",230.15,877.07,,,,"     ",5.30,360.36,1.82
1771,554706222,"01771M10:53:18.263","01771 10:41:10",230.04,877.09,,,,"     ",5.30,361.98,1.83
1771,554706223,"01771M10:53:19.236","01771 10:41:11",227.62,877.10,,,,"     ",5.30,359.55,1.82
1771,554706224,"01771M10:53:20.209","01771 10:41:12",227.52,877.07,,,,"     ",5.30,358.98,1.81
1771,554706225,"01771M10:53:21.183","01771 10:41:13",227.42,877.09,,,,"     ",5.30,365.47,1.85
1771,554706226,"01771M10:53:22.156","01771 10:41:14",227.32,877.11,,,,"     ",5.30,357.68,1.81
1771,554706227,"01771M10:53:23.129","01771 10:41:15",227.21,877.11,,,,"     ",5.30,359.77,1.82
1771,554706228,"01771M10:53:24.102","01771 10:41:16",227.10,877.04,,,,"     ",5.30,361.18,1.82
1771,554706229,"01771M10:53:25.076","01771 10:41:17",226.99,877.03,,,,"     ",5.30,362.16,1.83
1771,554706230,"01771M10:53:26.049","01771 10:41:18",226.87,876.96,,,,"     ",5.30,359.41,1.81
1771,554706231,"01771M10:53:27.022","01771 10:41:19",226.75,877.05,,,,"     ",5.30,365.86,1.84
1771,554706232,"01771M10:53:27.995","01771 10:41:20",226.65,877.15,,,,"     ",5.30,362.82,1.83
1771,554706233,"01771M10:53:28.969","01771 10:41:21",226.54,877.10,,,,"     ",5.30,363.60,1.83
1771,554706234,"01771M10:53:29.942","01771 10:41:22",226.45,877.09,,,,"     ",5.30,361.65,1.82
1771,554706235,"01771M10:53:30.915","01771 10:41:23",226.36,877.06,,,,"     ",5.30,363.30,1.83
1771,554706236,"01771M10:53:31.888","01771 10:41:24",226.27,877.06,,,,"     ",5.30,360.94,1.82
1771,554706237,"01771M10:53:32.862","01771 10:41:25",226.20,877.06,,,,"     ",5.30,364.10,1.83
1771,554706238,"01771M10:53:33.835","01771 10:41:25",226.13,877.13,,,,"     ",5.30,364.78,1.84
1771,554706239,"01771M10:53:34.808","01771 10:41:26",226.07,877.02,,,,"     ",5.30,364.38,1.83
1771,554706240,"01771M10:53:35.781","01771 10:41:27",226.02,876.96,,,,"     ",5.30,361.64,1.82
1771,554706241,"01771M10:53:36.755","01771 10:41:28",225.98,877.05,,,,"     ",5.30,364.57,1.83
1771,554706242,"01771M10:53:37.728","01771 10:41:29",225.96,877.11,,,,"     ",5.30,362.29,1.82
1771,554706243,"01771M10:53:38.701","01771 10:41:30",225.93,877.00,,,,"     ",5.30,364.18,1.83
1771,554706244,"01771M10:53:39.674","01771 10:41:31",225.92,877.00,,,,"     ",5.30,365.39,1.83
1771,554706245,"01771M10:53:40.648","01771 10:41:32",225.90,877.00,,,,"     ",5.30,360.68,1.81
1771,554706246,"01771M10:53:41.621","01771 10:41:33",225.88,876.97,,,,"     ",5.30,363.10,1.82
1771,554706247,"01771M10:53:42.594","01771 10:41:34",225.86,877.04,,,,"     ",5.30,363.59,1.82
1771,554706248,"01771M10:53:43.567","01771 10:41:35",225.82,877.04,,,,"     ",5.30,364.62,1.83
1771,554706249,"01771M10:53:44.541","01771 10:41:36",225.79,877.02,,,,"     ",5.30,363.85,1.82
1771,554706250,"01771M10:53:45.514","01771 10:41:37",225.75,877.05,,,,"     ",5.30,366.09,1.83
1771,554706251,"01771M10:53:46.487","01771 10:41:38",225.73,877.06,,,,"     ",5.30,364.07,1.82
1771,554706252,"01771M10:53:47.460","01771 10:41:39",225.72,876.95,,,,"     ",5.30,366.06,1.83
1771,554706253,"01771M10:53:48.434","01771 10:41:40",225.73,876.92,,,,"     ",5.30,362.75,1.81
1771,554706254,"01771M10:53:49.407","01771 10:41:41",225.75,876.95,,,,"     ",5.30,367.93,1.84
1771,554706255,"01771M10:53:50.380","01771 10:41:42",225.78,876.97,,,,"     ",5.30,365.86,1.83
1771,554706256,"01771M10:53:51.353","01771 10:41:43",225.81,876.97,,,,"     ",5.30,367.17,1.83
1771,554706257,"01771M10:53:52.327","01771 10:41:44",225.83,876.97,,,,"     ",5.30,360.41,1.80
1771,554706258,"01771M10:53:53.300","01771 10:41:45",225.86,876.95,,,,"     ",5.30,363.74,1.82
1771,554706259,"01771M10:53:54.273","01771 10:41:46",225.87,876.92,,,,"     ",5.30,363.22,1.81
1771,554706260,"01771M10:53:55.247","01771 10:41:47",225.87,876.90,,,,"     ",5.30,368.45,1.84
1771,554706261,"01771M10:53:56.220","01771 10:41:48",225.84,876.89,,,,"     ",5.30,366.16,1.83
1771,554706262,"01771M10:53:57.193","01771 10:41:49",225.80,876.95,,,,"     ",5.30,367.03,1.83
1771,554706263,"01771M10:53:58.166","01771 10:41:50",225.75,876.95,,,,"     ",5.30,367.12,1.83
1771,554706264,"01771M10:53:59.140","01771 10:41:51",225.68,876.92,,,,"     ",5.30,367.82,1.83
1771,554706265,"01771M10:54:00.113","01771 10:41:52",225.58,876.97,,,,"     ",5.30,364.97,1.82
1771,554706266,"01771M10:54:01.086","01771 10:41:53",225.47,876.94,,,,"     ",5.30,367.46,1.83
1771,554706267,"01771M10:54:02.059","01771 10:41:54",225.35,876.90,,,,"     ",5.30,364.99,1.82
1771,554706268,"01771M10:54:03.033","01771 10:41:55",225.23,876.89,,,,"     ",5.30,365.13,1.82
1771,554706269,"01771M10:54:04.006","01771 10:41:56",225.12,876.96,,,,"     ",5.30,369.23,1.84
1771,554706270,"01771M10:54:04.979","01771 10:41:57",225.02,876.97,,,,"     ",5.30,369.15,1.84
1771,554706271,"01771M10:54:05.952","01771 10:41:58",224.95,876.94,,,,"     ",5.30,368.22,1.83
1771,554706272,"01771M10:54:06.926","01771 10:41:59",224.90,876.96,,,,"     ",5.30,363.62,1.80
1771,554706273,"01771M10:54:07.899","01771 10:42:00",224.87,876.90,,,,"     ",5.30,368.24,1.83
1771,554706274,"01771M10:54:08.872","01771 10:42:01",224.86,876.87,,,,"     ",5.30,368.03,1.83
1771,554706275,"01771M10:54:09.845","01771 10:42:01",224.87,876.86,,,,"     ",5.30,363.53,1.80
1771,554706276,"01771M10:54:10.819","01771 10:42:02",224.89,876.91,,,,"     ",5.30,367.56,1.82
1771,554706277,"01771M10:54:11.792","01771 10:42:03",224.92,877.00,,,,"     ",5.30,370.26,1.83
1771,554706278,"01771M10:54:12.765","01771 10:42:04",224.95,876.90,,,,"     ",5.30,370.20,1.83
1771,554706279,"01771M10:54:13.738","01771 10:42:05",224.98,876.91,,,,"     ",5.30,369.81,1.83
1771,554706280,"01771M10:54:14.712","01771 10:42:06",225.00,876.79,,,,"     ",5.30,368.51,1.82
1771,554706281,"01771M10:54:15.685","01771 10:42:07",225.03,876.85,,,,"     ",5.30,368.57,1.82
1771,554706282,"01771M10:54:16.658","01771 10:42:08",225.04,876.88,,,,"     ",5.30,369.99,1.83
1771,554706283,"01771M10:54:17.631","01771 10:42:09",225.05,876.86,,,,"     ",5.30,366.00,1.81
1771,554706284,"01771M10:54:18.605","01771 10:42:10",225.06,876.82,,,,"     ",5.30,366.36,1.81
1771,554706285,"01771M10:54:19.578","01771 10:42:11",225.07,876.88,,,,"     ",5.30,371.00,1.83
1771,554706286,"01771M10:54:20.551","01771 10:42:12",225.08,876.89,,,,"     ",5.30,370.74,1.83
1771,554706287,"01771M10:54:21.524","01771 10:42:13",225.11,876.91,,,,"     ",5.30,366.22,1.81
1771,554706288,"01771M10:54:22.498","01771 10:42:14",225.15,876.92,,,,"     ",5.30,366.49,1.81
1771,554706289,"01771M10:54:23.471","01771 10:42:15",225.23,876.93,,,,"     ",5.30,370.06,1.82
1771,554706290,"01771M10:54:24.444","01771 10:42:16",225.32,876.88,,,,"     ",5.30,371.48,1.83
1771,554706291,"01771M10:54:25.417","01771 10:42:17",225.42,876.86,,,,"     ",5.30,368.40,1.81
1771,554706292,"01771M10:54:26.391","01771 10:42:18",225.54,876.96,,,,"     ",5.30,369.95,1.82
1771,554706293,"01771M10:54:27.364","01771 10:42:19",225.65,876.87,,,,"     ",5.30,365.44,1.80
1771,554706294,"01771M10:54:28.337","01771 10:42:20",225.75,876.80,,,,"     ",5.30,372.54,1.83
1771,554706295,"01771M10:54:29.310","01771 10:42:21",225.84,876.90,,,,"     ",5.30,371.90,1.83
1771,554706296,"01771M10:54:30.284","01771 10:42:22",225.91,876.80,,,,"     ",5.30,369.97,1.82
1771,554706297,"01771M10:54:31.257","01771 10:42:23",225.96,876.85,,,,"     ",5.30,368.76,1.81
1771,554706298,"01771M10:54:32.230","01771 10:42:24",225.99,876.89,,,,"     ",5.30,372.30,1.83
1771,554706299,"01771M10:54:33.203","01771 10:42:25",226.00,876.85,,,,"     ",5.30,369.66,1.81
1771,554706300,"01771M10:54:34.177","01771 10:42:26",225.98,876.78,,,,"     ",5.30,369.63,1.81
1771,554706301,"01771M10:54:35.150","01771 10:42:27",225.96,876.85,,,,"     ",5.30,370.75,1.82
1771,554706302,"01771M10:54:36.123","01771 10:42:28",225.92,876.83,,,,"     ",5.30,371.49,1.82
1771,554706303,"01771M10:54:37.096","01771 10:42:29",225.87,876.86,,,,"     ",5.30,373.57,1.83
1771,554706304,"01771M10:54:38.070","01771 10:42:30",225.82,876.88,,,,"     ",5.30,372.35,1.82
1771,554706305,"01771M10:54:39.043","01771 10:42:31",225.76,876.86,,,,"     ",5.30,371.61,1.82
1771,554706306,"01771M10:54:40.016","01771 10:42:32",225.72,876.84,,,,"     ",5.30,373.96,1.83
1771,554706307,"01771M10:54:40.989","01771 10:42:33",225.68,876.79,,,,"     ",5.30,371.41,1.81
1771,554706308,"01771M10:54:41.963","01771 10:42:34",225.66,876.76,,,,"     ",5.30,371.31,1.81
1771,554706309,"01771M10:54:42.936","01771 10:42:35",225.64,876.80,,,,"     ",5.30,370.79,1.81
1771,554706310,"01771M10:54:43.909","01771 10:42:36",225.62,876.80,,,,"     ",5.30,372.05,1.81
1771,554706311,"01771M10:54:44.882","01771 10:42:37",225.61,876.86,,,,"     ",5.30,373.09,1.82
1771,554706312,"01771M10:54:45.856","01771 10:42:38",225.60,876.85,,,,"     ",5.30,374.23,1.82
1771,554706313,"01771M10:54:46.829","01771 10:42:38",225.60,876.76,,,,"     ",5.30,372.28,1.81
1771,554706314,"01771M10:54:47.802","01771 10:42:39",225.61,876.89,,,,"     ",5.30,370.59,1.80
1771,554706315,"01771M10:54:48.775","01771 10:42:40",225.64,876.85,,,,"     ",5.30,372.41,1.81
1771,554706316,"01771M10:54:49.749","01771 10:42:41",225.69,876.73,,,,"     ",5.30,371.53,1.81
1771,554706317,"01771M10:54:50.722","01771 10:42:42",225.76,876.77,,,,"     ",5.30,375.03,1.82
1771,554706318,"01771M10:54:51.695","01771 10:42:43",225.82,876.80,,,,"     ",5.30,375.20,1.82
1771,554706319,"01771M10:54:52.668","01771 10:42:44",225.89,876.79,,,,"     ",5.30,369.65,1.79
1771,554706320,"01771M10:54:53.642","01771 10:42:45",225.96,876.75,,,,"     ",5.30,373.21,1.81
1771,554706321,"01771M10:54:54.615","01771 10:42:46",226.01,876.77,,,,"     ",5.30,375.42,1.82
1771,554706322,"01771M10:54:55.588","01771 10:42:47",226.05,876.83,,,,"     ",5.30,375.74,1.82
1771,554706323,"01771M10:54:56.561","01771 10:42:48",226.06,876.79,,,,"     ",5.30,375.25,1.82
1771,554706324,"01771M10:54:57.535","01771 10:42:49",226.06,876.84,,,,"     ",5.30,375.34,1.82
1771,554706325,"01771M10:54:58.508","01771 10:42:50",226.05,876.80,,,,"     ",5.30,372.86,1.80
1771,554706326,"01771M10:54:59.481","01771 10:42:51",226.02,876.74,,,,"     ",5.30,375.63,1.82
1771,554706327,"01771M10:55:00.454","01771 10:42:52",225.99,876.80,,,,"     ",5.30,372.20,1.80
1771,554706328,"01771M10:55:01.428","01771 10:42:53",225.96,876.78,,,,"     ",5.30,377.79,1.83
1771,554706329,"01771M10:55:02.401","01771 10:42:54",225.93,876.82,,,,"     ",5.30,375.33,1.81
1771,554706330,"01771M10:55:03.374","01771 10:42:55",225.91,876.80,,,,"     ",5.30,376.34,1.82
1771,554706331,"01771M10:55:04.348","01771 10:42:56",225.92,876.83,,,,"     ",5.30,376.04,1.82
1771,554706332,"01771M10:55:05.321","01771 10:42:57",225.95,876.85,,,,"     ",5.30,379.97,1.83
1771,554706333,"01771M10:55:06.294","01771 10:42:58",226.00,876.75,,,,"     ",5.30,375.25,1.81
1771,554706334,"01771M10:55:07.267","01771 10:42:59",226.08,876.76,,,,"     ",5.30,376.05,1.81
1771,554706335,"01771M10:55:08.241","01771 10:43:00",226.16,876.80,,,,"     ",5.30,375.37,1.81
1771,554706336,"01771M10:55:09.214","01771 10:43:01",226.24,876.76,,,,"     ",5.30,376.28,1.81
1771,554706337,"01771M10:55:10.187","01771 10:43:02",226.31,876.78,,,,"     ",5.30,376.27,1.81
1771,554706338,"01771M10:55:11.160","01771 10:43:03",226.38,876.73,,,,"     ",5.30,378.17,1.82
1771,554706339,"01771M10:55:12.134","01771 10:43:04",226.42,876.83,,,,"     ",5.30,374.32,1.80
1771,554706340,"01771M10:55:13.107","01771 10:43:05",226.44,876.75,,,,"     ",5.30,372.71,1.79
1771,554706341,"01771M10:55:14.080","01771 10:43:06",226.44,876.71,,,,"     ",5.30,376.00,1.81
1771,554706342,"01771M10:55:15.053","01771 10:43:07",226.40,876.71,,,,"     ",5.30,377.63,1.82
1771,554706343,"01771M10:55:16.027","01771 10:43:08",226.35,876.81,,,,"     ",5.30,376.71,1.81
1771,554706344,"01771M10:55:17.000","01771 10:43:09",226.26,876.77,,,,"     ",5.30,377.57,1.81
1771,554706345,"01771M10:55:17.973","01771 10:43:10",226.16,876.78,,,,"     ",5.30,381.40,1.83
1771,554706346,"01771M10:55:18.946","01771 10:43:11",226.05,876.76,,,,"     ",5.30,374.69,1.80
1771,554706347,"01771M10:55:19.920","01771 10:43:12",225.95,876.80,,,,"     ",5.30,372.87,1.79
1771,554706348,"01771M10:55:20.893","01771 10:43:13",225.86,876.80,,,,"     ",5.30,376.49,1.80
1771,554706349,"01771M10:55:21.866","01771 10:43:14",225.78,876.77,,,,"     ",5.30,380.59,1.82
1771,554706350,"01771M10:55:22.839","01771 10:43:15",225.74,876.72,,,,"     ",5.30,378.14,1.81
1771,554706351,"01771M10:55:23.813","01771 10:43:15",225.72,876.76,,,,"     ",5.30,376.33,1.80
1771,554706352,"01771M10:55:24.786","01771 10:43:16",225.71,876.72,,,,"     ",5.30,375.08,1.79
1771,554706353,"01771M10:55:25.759","01771 10:43:17",225.73,876.79,,,,"     ",5.30,378.85,1.81
1771,554706354,"01771M10:55:26.732","01771 10:43:18",225.76,876.72,,,,"     ",5.30,380.38,1.82
1771,554706355,"01771M10:55:27.706","01771 10:43:19",225.81,876.79,,,,"     ",5.30,379.18,1.81
1771,554706356,"01771M10:55:28.679","01771 10:43:20",225.86,876.76,,,,"     ",5.30,379.23,1.81
1771,554706357,"01771M10:55:29.652","01771 10:43:21",225.90,876.72,,,,"     ",5.30,376.57,1.80
1771,554706358,"01771M10:55:30.625","01771 10:43:22",225.95,876.72,,,,"     ",5.30,381.20,1.82
1771,554706359,"01771M10:55:31.599","01771 10:43:23",226.01,876.76,,,,"     ",5.30,380.57,1.82
1771,554706360,"01771M10:55:32.572","01771 10:43:24",226.07,876.67,,,,"     ",5.30,380.68,1.82
1771,554706361,"01771M10:55:33.545","01771 10:43:25",226.12,876.68,,,,"     ",5.30,379.86,1.81
1771,554706362,"01771M10:55:34.518","01771 10:43:26",226.19,876.71,,,,"     ",5.30,378.20,1.80
1771,554706363,"01771M10:55:35.492","01771 10:43:27",226.24,876.60,,,,"     ",5.30,380.95,1.82
1771,554706364,"01771M10:55:36.465","01771 10:43:28",226.29,876.64,,,,"     ",5.30,377.93,1.80
1771,554706365,"01771M10:55:37.438","01771 10:43:29",226.33,876.60,,,,"     ",5.30,379.29,1.81
1771,554706366,"01771M10:55:38.411","01771 10:43:30",226.36,876.63,,,,"     ",5.30,379.96,1.81
1771,554706367,"01771M10:55:39.385","01771 10:43:31",226.39,876.59,,,,"     ",5.30,375.69,1.79
1771,554706368,"01771M10:55:40.358","01771 10:43:32",226.41,876.65,,,,"     ",5.30,382.22,1.82
1771,554706369,"01771M10:55:41.331","01771 10:43:33",226.44,876.61,,,,"     ",5.30,382.86,1.82
1771,554706370,"01771M10:55:42.304","01771 10:43:34",226.46,876.66,,,,"     ",5.30,377.74,1.80
1771,554706371,"01771M10:55:43.278","01771 10:43:35",226.49,876.76,,,,"     ",5.30,381.67,1.81
1771,554706372,"01771M10:55:44.251","01771 10:43:36",226.52,876.65,,,,"     ",5.30,379.48,1.80
1771,554706373,"01771M10:55:45.224","01771 10:43:37",226.56,876.68,,,,"     ",5.30,381.82,1.81
1771,554706374,"01771M10:55:46.197","01771 10:43:38",226.59,876.60,,,,"     ",5.30,381.96,1.81
1771,554706375,"01771M10:55:47.171","01771 10:43:39",226.61,876.66,,,,"     ",5.30,380.15,1.80
1771,554706376,"01771M10:55:48.144","01771 10:43:40",226.62,876.61,,,,"     ",5.30,380.08,1.80
1771,554706377,"01771M10:55:49.117","01771 10:43:41",226.61,876.58,,,,"     ",5.30,381.20,1.81
1771,554706378,"01771M10:55:50.090","01771 10:43:42",226.60,876.54,,,,"     ",5.30,376.83,1.78
1771,554706379,"01771M10:55:51.064","01771 10:43:43",226.58,876.56,,,,"     ",5.30,380.64,1.80
1771,554706380,"01771M10:55:52.037","01771 10:43:44",226.56,876.57,,,,"     ",5.30,379.14,1.79
1771,554706381,"01771M10:55:53.010","01771 10:43:45",226.54,876.68,,,,"     ",5.30,382.35,1.81
1771,554706382,"01771M10:55:53.983","01771 10:43:46",226.52,876.64,,,,"     ",5.30,379.10,1.79
1771,554706383,"01771M10:55:54.957","01771 10:43:47",226.50,876.59,,,,"     ",5.30,380.82,1.80
1771,554706384,"01771M10:55:55.930","01771 10:43:48",226.49,876.50,,,,"     ",5.30,377.77,1.78
1771,554706385,"01771M10:55:56.903","01771 10:43:49",226.49,876.54,,,,"     ",5.30,380.15,1.79
1771,554706386,"01771M10:55:57.876","01771 10:43:50",226.51,876.53,,,,"     ",5.30,384.80,1.82
1771,554706387,"01771M10:55:58.850","01771 10:43:51",226.56,876.48,,,,"     ",5.30,380.98,1.80
1771,554706388,"01771M10:55:59.823","01771 10:43:52",226.65,876.48,,,,"     ",5.30,382.49,1.81
1771,554706389,"01771M10:56:00.796","01771 10:43:52",226.77,876.52,,,,"     ",5.30,382.10,1.80
1771,554706390,"01771M10:56:01.769","01771 10:43:53",226.93,876.50,,,,"     ",5.30,382.46,1.80
1771,554706391,"01771M10:56:02.743","01771 10:43:54",227.10,876.47,,,,"     ",5.30,380.20,1.79
1771,554706392,"01771M10:56:03.716","01771 10:43:55",227.26,876.49,,,,"     ",5.30,381.31,1.80
1771,554706393,"01771M10:56:04.689","01771 10:43:56",227.42,876.47,,,,"     ",5.30,382.31,1.80
1771,554706394,"01771M10:56:05.662","01771 10:43:57",227.54,876.46,,,,"     ",5.30,380.91,1.79
1771,554706395,"01771M10:56:06.636","01771 10:43:58",227.63,876.51,,,,"     ",5.30,381.75,1.80
1771,554706396,"01771M10:56:07.609","01771 10:43:59",227.67,876.56,,,,"     ",5.30,385.34,1.81
1771,554706397,"01771M10:56:08.582","01771 10:44:00",227.68,876.57,,,,"     ",5.30,381.46,1.79
1771,554706398,"01771M10:56:09.555","01771 10:44:01",227.64,876.65,,,,"     ",5.30,383.86,1.81
1771,554706399,"01771M10:56:10.529","01771 10:44:02",227.57,876.58,,,,"     ",5.30,380.69,1.79
1771,554706400,"01771M10:56:11.502","01771 10:44:03",227.48,876.56,,,,"     ",5.30,382.50,1.80
1771,554706401,"01771M10:56:12.475","01771 10:44:04",227.37,876.48,,,,"     ",5.30,384.42,1.81
1771,554706402,"01771M10:56:13.449","01771 10:44:05",227.24,876.42,,,,"     ",5.30,384.17,1.80
1771,554706403,"01771M10:56:14.422","01771 10:44:06",227.11,876.43,,,,"     ",5.30,380.48,1.78
1771,554706404,"01771M10:56:15.395","01771 10:44:07",226.97,876.45,,,,"     ",5.30,384.00,1.80
1771,554706405,"01771M10:56:16.368","01771 10:44:08",226.87,876.46,,,,"     ",5.30,382.82,1.80
1771,554706406,"01771M10:56:17.342","01771 10:44:09",226.77,876.46,,,,"     ",5.30,383.56,1.80
1771,554706407,"01771M10:56:18.315","01771 10:44:10",226.69,876.45,,,,"     ",5.30,382.24,1.79
1771,554706408,"01771M10:56:19.288","01771 10:44:11",226.63,876.47,,,,"     ",5.30,384.80,1.80
1771,554706409,"01771M10:56:20.261","01771 10:44:12",226.58,876.39,,,,"     ",5.30,376.66,1.76
1771,554706410,"01771M10:56:21.235","01771 10:44:13",226.54,876.46,,,,"     ",5.30,381.74,1.79
1771,554706411,"01771M10:56:22.208","01771 10:44:14",226.50,876.43,,,,"     ",5.30,385.36,1.80
1771,554706412,"01771M10:56:23.181","01771 10:44:15",226.48,876.50,,,,"     ",5.30,385.25,1.80
1771,554706413,"01771M10:56:24.154","01771 10:44:16",226.48,876.56,,,,"     ",5.30,383.63,1.79
1771,554706414,"01771M10:56:25.128","01771 10:44:17",226.48,876.53,,,,"     ",5.30,383.25,1.79
1771,554706415,"01771M10:56:26.101","01771 10:44:18",226.49,876.45,,,,"     ",5.30,386.70,1.81
1771,554706416,"01771M10:56:27.074","01771 10:44:19",226.52,876.52,,,,"     ",5.30,379.03,1.77
1771,554706417,"01771M10:56:28.047","01771 10:44:20",226.56,876.60,,,,"     ",5.30,383.53,1.79
1771,554706418,"01771M10:56:29.021","01771 10:44:21",226.61,876.51,,,,"     ",5.30,383.28,1.79
1771,554706419,"01771M10:56:29.994","01771 10:44:22",227.10,876.50,,,,"     ",5.30,386.05,1.80
1771,554706420,"01771M10:56:30.967","01771 10:44:23",227.00,876.56,,,,"     ",5.30,383.68,1.79
1771,554706421,"01771M10:56:31.940","01771 10:44:24",226.91,876.49,,,,"     ",5.30,384.92,1.80
1771,554706422,"01771M10:56:32.914","01771 10:44:25",226.81,876.47,,,,"     ",5.30,385.25,1.80
1771,554706423,"01771M10:56:33.887","01771 10:44:26",226.72,876.51,,,,"     ",5.30,386.93,1.80
1771,554706424,"01771M10:56:34.860","01771 10:44:27",226.63,876.38,,,,"     ",5.30,382.40,1.78
1771,554706425,"01771M10:56:35.833","01771 10:44:28",226.55,876.46,,,,"     ",5.30,386.19,1.80
1771,554706426,"01771M10:56:36.807","01771 10:44:28",226.46,876.46,,,,"     ",5.30,388.21,1.81
1771,554706427,"01771M10:56:37.780","01771 10:44:29",226.38,876.48,,,,"     ",5.30,387.65,1.81
1771,554706428,"01771M10:56:38.753","01771 10:44:30",226.30,876.51,,,,"     ",5.30,388.09,1.81
1771,554706429,"01771M10:56:39.726","01771 10:44:31",226.23,876.48,,,,"     ",5.30,387.96,1.81
1771,554706430,"01771M10:56:40.700","01771 10:44:32",226.15,876.50,,,,"     ",5.30,389.79,1.81
1771,554706431,"01771M10:56:41.673","01771 10:44:33",226.08,876.51,,,,"     ",5.30,384.81,1.79
1771,554706432,"01771M10:56:42.646","01771 10:44:34",226.00,876.57,,,,"     ",5.30,386.38,1.80
1771,554706433,"01771M10:56:43.619","01771 10:44:35",225.94,876.56,,,,"     ",5.30,388.67,1.81
1771,554706434,"01771M10:56:44.593","01771 10:44:36",225.89,876.43,,,,"     ",5.30,386.33,1.80
1771,554706435,"01771M10:56:45.566","01771 10:44:37",225.84,876.47,,,,"     ",5.30,387.12,1.80
1771,554706436,"01771M10:56:46.539","01771 10:44:38",225.80,876.38,,,,"     ",5.30,387.73,1.80
1771,554706437,"01771M10:56:47.512","01771 10:44:39",225.76,876.32,,,,"     ",5.30,384.42,1.78
1771,554706438,"01771M10:56:48.486","01771 10:44:40",225.72,876.31,,,,"     ",5.30,386.20,1.79
1771,554706439,"01771M10:56:49.459","01771 10:44:41",225.68,876.44,,,,"     ",5.30,384.30,1.78
1771,554706440,"01771M10:56:50.432","01771 10:44:42",225.65,876.44,,,,"     ",5.30,390.01,1.81
1771,554706441,"01771M10:56:51.405","01771 10:44:43",225.61,876.41,,,,"     ",5.30,387.79,1.80
1771,554706442,"01771M10:56:52.379","01771 10:44:44",225.56,876.38,,,,"     ",5.30,385.33,1.79
1771,554706443,"01771M10:56:53.352","01771 10:44:45",225.50,876.46,,,,"     ",5.30,383.36,1.78
1771,554706444,"01771M10:56:54.325","01771 10:44:46",225.45,876.38,,,,"     ",5.30,388.64,1.80
1771,554706445,"01771M10:56:55.298","01771 10:44:47",225.40,876.39,,,,"     ",5.30,389.65,1.81
1771,554706446,"01771M10:56:56.272","01771 10:44:48",225.35,876.37,,,,"     ",5.30,389.69,1.81
1771,554706447,"01771M10:56:57.245","01771 10:44:49",225.32,876.43,,,,"     ",5.30,384.96,1.78
1771,554706448,"01771M10:56:58.218","01771 10:44:50",225.30,876.43,,,,"     ",5.30,387.16,1.79
1771,554706449,"01771M10:56:59.191","01771 10:44:51",225.28,876.38,,,,"     ",5.30,388.50,1.80
1771,554706450,"01771M10:57:00.165","01771 10:44:52",225.26,876.36,,,,"     ",5.30,386.54,1.79
1771,554706451,"01771M10:57:01.138","01771 10:44:53",225.23,876.44,,,,"     ",5.30,387.23,1.79
1771,554706452,"01771M10:57:02.111","01771 10:44:54",225.21,876.46,,,,"     ",5.30,388.52,1.80
1771,554706453,"01771M10:57:03.084","01771 10:44:55",225.19,876.41,,,,"     ",5.30,390.68,1.81
1771,554706454,"01771M10:57:04.058","01771 10:44:56",225.18,876.43,,,,"     ",5.30,389.39,1.80
1771,554706455,"01771M10:57:05.031","01771 10:44:57",225.17,876.44,,,,"     ",5.30,390.53,1.81
1771,554706456,"01771M10:57:06.004","01771 10:44:58",225.15,876.37,,,,"     ",5.30,387.35,1.79
1771,554706457,"01771M10:57:06.977","01771 10:44:59",225.14,876.43,,,,"     ",5.30,389.44,1.80
1771,554706458,"01771M10:57:07.951","01771 10:45:00",225.13,876.35,,,,"     ",5.30,387.92,1.79
1771,554706459,"01771M10:57:08.924","01771 10:45:01",225.12,876.28,,,,"     ",5.30,390.43,1.80
1771,554706460,"01771M10:57:09.897","01771 10:45:02",225.12,876.35,,,,"     ",5.30,387.69,1.79
1771,554706461,"01771M10:57:10.870","01771 10:45:03",225.11,876.38,,,,"     ",5.30,388.05,1.79
1771,554706462,"01771M10:57:11.844","01771 10:45:04",225.11,876.29,,,,"     ",5.30,387.28,1.79
1771,554706463,"01771M10:57:12.817","01771 10:45:05",225.10,876.35,,,,"     ",5.30,387.37,1.79
1771,554706464,"01771M10:57:13.790","01771 10:45:05",225.10,876.33,,,,"     ",5.30,391.78,1.81
1771,554706465,"01771M10:57:14.763","01771 10:45:06",225.09,876.35,,,,"     ",5.30,384.35,1.77
1771,554706466,"01771M10:57:15.737","01771 10:45:07",225.06,876.24,,,,"     ",5.30,385.64,1.78
1771,554706467,"01771M10:57:16.710","01771 10:45:08",225.04,876.32,,,,"     ",5.30,386.63,1.78
1771,554706468,"01771M10:57:17.683","01771 10:45:09",225.02,876.35,,,,"     ",5.30,389.44,1.80
1771,554706469,"01771M10:57:18.656","01771 10:45:10",225.01,876.31,,,,"     ",5.30,389.05,1.80
1771,554706470,"01771M10:57:19.630","01771 10:45:11",225.00,876.33,,,,"     ",5.30,385.46,1.78
1771,554706471,"01771M10:57:20.603","01771 10:45:12",225.01,876.37,,,,"     ",5.30,385.23,1.78
1771,554706472,"01771M10:57:21.576","01771 10:45:13",225.01,876.37,,,,"     ",5.30,386.26,1.78
1771,554706473,"01771M10:57:22.549","01771 10:45:14",225.03,876.27,,,,"     ",5.30,390.00,1.80
1771,554706474,"01771M10:57:23.523","01771 10:45:15",225.05,876.32,,,,"     ",5.30,386.77,1.78
1771,554706475,"01771M10:57:24.496","01771 10:45:16",225.08,876.24,,,,"     ",5.30,386.71,1.78
1771,554706476,"01771M10:57:25.469","01771 10:45:17",225.12,876.24,,,,"     ",5.30,389.67,1.80
1771,554706477,"01771M10:57:26.443","01771 10:45:18",225.19,876.19,,,,"     ",5.30,387.50,1.79
1771,554706478,"01771M10:57:27.416","01771 10:45:19",225.27,876.19,,,,"     ",5.30,390.42,1.80
1771,554706479,"01771M10:57:28.389","01771 10:45:20",225.36,876.21,,,,"     ",5.30,388.98,1.79
1771,554706480,"01771M10:57:29.362","01771 10:45:21",225.46,876.24,,,,"     ",5.30,389.59,1.80
1771,554706481,"01771M10:57:30.336","01771 10:45:22",225.55,876.29,,,,"     ",5.30,388.47,1.79
1771,554706482,"01771M10:57:31.309","01771 10:45:23",225.63,876.35,,,,"     ",5.30,387.73,1.79
1771,554706483,"01771M10:57:32.282","01771 10:45:24",225.71,876.29,,,,"     ",5.30,390.09,1.80
1771,554706484,"01771M10:57:33.255","01771 10:45:25",225.77,876.34,,,,"     ",5.30,387.48,1.79
1771,554706485,"01771M10:57:34.229","01771 10:45:26",225.81,876.27,,,,"     ",5.30,389.78,1.80
1771,554706486,"01771M10:57:35.202","01771 10:45:27",225.84,876.26,,,,"     ",5.30,391.12,1.80
1771,554706487,"01771M10:57:36.175","01771 10:45:28",225.85,876.23,,,,"     ",5.30,387.15,1.78
1771,554706488,"01771M10:57:37.148","01771 10:45:29",225.84,876.24,,,,"     ",5.30,392.80,1.81
1771,554706489,"01771M10:57:38.122","01771 10:45:30",225.82,876.20,,,,"     ",5.30,387.99,1.79
1771,554706490,"01771M10:57:39.095","01771 10:45:31",225.78,876.06,,,,"     ",5.30,390.86,1.80
1771,554706491,"01771M10:57:40.068","01771 10:45:32",225.73,876.14,,,,"     ",5.30,388.22,1.79
1771,554706492,"01771M10:57:41.041","01771 10:45:33",225.68,876.18,,,,"     ",5.30,391.62,1.80
1771,554706493,"01771M10:57:42.015","01771 10:45:34",225.64,876.13,,,,"     ",5.30,392.85,1.81
1771,554706494,"01771M10:57:42.988","01771 10:45:35",225.59,876.00,,,,"     ",5.30,386.60,1.78
1771,554706495,"01771M10:57:43.961","01771 10:45:36",225.56,875.93,,,,"     ",5.30,390.23,1.79
1771,554706496,"01771M10:57:44.934","01771 10:45:37",225.51,875.92,,,,"     ",5.30,390.22,1.79
1771,554706497,"01771M10:57:45.908","01771 10:45:38",225.47,875.80,,,,"     ",5.30,391.38,1.80
1771,554706498,"01771M10:57:46.881","01771 10:45:39",225.43,875.60,,,,"     ",5.30,389.83,1.79
1771,554706499,"01771M10:57:47.854","01771 10:45:40",225.40,875.87,,,,"     ",5.30,390.63,1.80
1771,554706500,"01771M10:57:48.827","01771 10:45:41",225.36,876.15,,,,"     ",5.30,391.09,1.80
1771,554706501,"01771M10:57:49.801","01771 10:45:42",225.33,876.13,,,,"     ",5.30,392.24,1.80
1771,554706502,"01771M10:57:50.774","01771 10:45:42",225.30,876.12,,,,"     ",5.30,388.47,1.79
1771,554706503,"01771M10:57:51.747","01771 10:45:43",225.25,876.15,,,,"     ",5.30,389.58,1.79
1771,554706504,"01771M10:57:52.720","01771 10:45:44",225.20,876.15,,,,"     ",5.30,389.59,1.79
1771,554706505,"01771M10:57:53.694","01771 10:45:45",225.15,876.14,,,,"     ",5.30,388.64,1.79
1771,554706506,"01771M10:57:54.667","01771 10:45:46",225.12,876.20,,,,"     ",5.30,390.12,1.79
1771,554706507,"01771M10:57:55.640","01771 10:45:47",225.10,876.14,,,,"     ",5.30,389.15,1.79
1771,554706508,"01771M10:57:56.613","01771 10:45:48",225.10,876.20,,,,"     ",5.30,386.75,1.78
1771,554706509,"01771M10:57:57.587","01771 10:45:49",225.12,876.21,,,,"     ",5.30,394.33,1.82
1771,554706510,"01771M10:57:58.560","01771 10:45:50",225.16,876.23,,,,"     ",5.30,389.19,1.79
1771,554706511,"01771M10:57:59.533","01771 10:45:51",225.20,876.22,,,,"     ",5.30,389.62,1.79
1771,554706512,"01771M10:58:00.506","01771 10:45:52",225.24,876.21,,,,"     ",5.30,392.67,1.81
1771,554706513,"01771M10:58:01.480","01771 10:45:53",225.25,876.27,,,,"     ",5.30,391.61,1.80
1771,554706514,"01771M10:58:02.453","01771 10:45:54",225.26,876.18,,,,"     ",5.30,395.96,1.82
1771,554706515,"01771M10:58:03.426","01771 10:45:55",225.26,876.16,,,,"     ",5.30,391.12,1.80
1771,554706516,"01771M10:58:04.399","01771 10:45:56",225.25,876.17,,,,"     ",5.30,390.24,1.80
1771,554706517,"01771M10:58:05.373","01771 10:45:57",225.24,876.17,,,,"     ",5.30,389.55,1.79
1771,554706518,"01771M10:58:06.346","01771 10:45:58",225.23,876.17,,,,"     ",5.30,391.15,1.80
1771,554706519,"01771M10:58:07.319","01771 10:45:59",225.21,876.16,,,,"     ",5.30,389.45,1.79
1771,554706520,"01771M10:58:08.292","01771 10:46:00",225.19,876.16,,,,"     ",5.30,389.45,1.79
1771,554706521,"01771M10:58:09.266","01771 10:46:01",225.17,876.16,,,,"     ",5.30,392.70,1.81
1771,554706522,"01771M10:58:10.239","01771 10:46:02",225.13,876.18,,,,"     ",5.30,390.79,1.80
1771,554706523,"01771M10:58:11.212","01771 10:46:03",225.11,876.18,,,,"     ",5.30,391.54,1.80
1771,554706524,"01771M10:58:12.185","01771 10:46:04",225.09,876.20,,,,"     ",5.30,391.12,1.80
1771,554706525,"01771M10:58:13.159","01771 10:46:05",225.09,876.09,,,,"     ",5.30,390.39,1.79
1771,554706526,"01771M10:58:14.132","01771 10:46:06",225.11,876.18,,,,"     ",5.30,390.45,1.79
1771,554706527,"01771M10:58:15.105","01771 10:46:07",225.13,876.21,,,,"     ",5.30,393.33,1.81
1771,554706528,"01771M10:58:16.078","01771 10:46:08",225.15,876.13,,,,"     ",5.30,390.91,1.80
1771,554706529,"01771M10:58:17.052","01771 10:46:09",225.18,876.19,,,,"     ",5.30,390.15,1.79
1771,554706530,"01771M10:58:18.025","01771 10:46:10",225.22,876.20,,,,"     ",5.30,393.78,1.81
1771,554706531,"01771M10:58:18.998","01771 10:46:11",225.27,876.20,,,,"     ",5.30,394.43,1.81
1771,554706532,"01771M10:58:19.971","01771 10:46:12",225.32,876.17,,,,"     ",5.30,389.92,1.79
1771,554706533,"01771M10:58:20.945","01771 10:46:13",225.39,876.09,,,,"     ",5.30,391.77,1.80
1771,554706534,"01771M10:58:21.918","01771 10:46:14",225.46,876.15,,,,"     ",5.30,387.96,1.78
1771,554706535,"01771M10:58:22.891","01771 10:46:15",225.55,876.06,,,,"     ",5.30,390.67,1.79
1771,554706536,"01771M10:58:23.864","01771 10:46:16",225.63,876.12,,,,"     ",5.30,392.67,1.80
1771,554706537,"01771M10:58:24.838","01771 10:46:17",225.72,876.19,,,,"     ",5.30,391.71,1.79
1771,554706538,"01771M10:58:25.811","01771 10:46:18",225.80,876.11,,,,"     ",5.30,391.59,1.79
1771,554706539,"01771M10:58:26.784","01771 10:46:19",225.87,876.10,,,,"     ",5.30,389.20,1.78
1771,554706540,"01771M10:58:27.757","01771 10:46:19",225.93,876.07,,,,"     ",5.30,390.14,1.79
1771,554706541,"01771M10:58:28.731","01771 10:46:20",225.98,876.08,,,,"     ",5.30,390.54,1.79
1771,554706542,"01771M10:58:29.704","01771 10:46:21",226.02,876.04,,,,"     ",5.30,392.19,1.80
1771,554706543,"01771M10:58:30.677","01771 10:46:22",226.03,876.01,,,,"     ",5.30,393.63,1.80
1771,554706544,"01771M10:58:31.650","01771 10:46:23",226.02,876.07,,,,"     ",5.30,394.24,1.80
1771,554706545,"01771M10:58:32.624","01771 10:46:24",226.00,876.07,,,,"     ",5.30,390.03,1.78
1771,554706546,"01771M10:58:33.597","01771 10:46:25",225.94,876.06,,,,"     ",5.30,395.57,1.81
1771,554706547,"01771M10:58:34.570","01771 10:46:26",225.87,876.05,,,,"     ",5.30,394.94,1.81
1771,554706548,"01771M10:58:35.544","01771 10:46:27",225.79,876.12,,,,"     ",5.30,393.75,1.80
1771,554706549,"01771M10:58:36.517","01771 10:46:28",225.72,876.10,,,,"     ",5.30,393.84,1.80
1771,554706550,"01771M10:58:37.490","01771 10:46:29",225.65,876.13,,,,"     ",5.30,392.65,1.79
1771,554706551,"01771M10:58:38.463","01771 10:46:30",225.60,876.04,,,,"     ",5.30,392.18,1.79
1771,554706552,"01771M10:58:39.437","01771 10:46:31",225.57,876.13,,,,"     ",5.30,389.99,1.78
1771,554706553,"01771M10:58:40.410","01771 10:46:32",225.56,876.14,,,,"     ",5.30,393.06,1.79
1771,554706554,"01771M10:58:41.383","01771 10:46:33",225.58,876.08,,,,"     ",5.30,390.06,1.78
1771,554706555,"01771M10:58:42.356","01771 10:46:34",225.64,876.08,,,,"     ",5.30,394.16,1.80
1771,554706556,"01771M10:58:43.330","01771 10:46:35",225.71,876.08,,,,"     ",5.30,392.19,1.79
1771,554706557,"01771M10:58:44.303","01771 10:46:36",225.82,876.05,,,,"     ",5.30,396.75,1.81
1771,554706558,"01771M10:58:45.276","01771 10:46:37",225.95,875.99,,,,"     ",5.30,393.37,1.79
1771,554706559,"01771M10:58:46.249","01771 10:46:38",226.12,876.05,,,,"     ",5.30,389.66,1.77
1771,554706560,"01771M10:58:47.223","01771 10:46:39",226.30,876.05,,,,"     ",5.30,396.85,1.81
1771,554706561,"01771M10:58:48.196","01771 10:46:40",226.50,876.08,,,,"     ",5.30,393.04,1.79
1771,554706562,"01771M10:58:49.169","01771 10:46:41",226.71,876.07,,,,"     ",5.30,396.32,1.80
1771,554706563,"01771M10:58:50.142","01771 10:46:42",226.92,876.03,,,,"     ",5.30,392.63,1.78
1771,554706564,"01771M10:58:51.116","01771 10:46:43",227.13,876.03,,,,"     ",5.30,393.87,1.79
1771,554706565,"01771M10:58:52.089","01771 10:46:44",227.33,876.08,,,,"     ",5.30,393.09,1.79
1771,554706566,"01771M10:58:53.062","01771 10:46:45",227.52,876.01,,,,"     ",5.30,396.55,1.80
1771,554706567,"01771M10:58:54.035","01771 10:46:46",227.69,876.08,,,,"     ",5.30,396.45,1.80
1771,554706568,"01771M10:58:55.009","01771 10:46:47",227.86,875.96,,,,"     ",5.30,396.96,1.80
1771,554706569,"01771M10:58:55.982","01771 10:46:48",228.01,875.99,,,,"     ",5.30,399.65,1.81
1771,554706570,"01771M10:58:56.955","01771 10:46:49",228.16,876.01,,,,"     ",5.30,398.52,1.81
1771,554706571,"01771M10:58:57.928","01771 10:46:50",228.29,875.94,,,,"     ",5.30,399.87,1.81
1771,554706572,"01771M10:58:58.902","01771 10:46:51",228.40,876.07,,,,"     ",5.30,395.88,1.79
1771,554706573,"01771M10:58:59.875","01771 10:46:52",228.50,876.04,,,,"     ",5.30,394.71,1.79
1771,554706574,"01771M10:59:00.848","01771 10:46:53",228.58,876.00,,,,"     ",5.30,395.89,1.79
1771,554706575,"01771M10:59:01.821","01771 10:46:54",228.65,875.96,,,,"     ",5.30,395.47,1.79
1771,554706576,"01771M10:59:02.795","01771 10:46:55",228.71,876.09,,,,"     ",5.30,399.01,1.81
1771,554706577,"01771M10:59:03.768","01771 10:46:55",228.75,876.06,,,,"     ",5.30,396.05,1.79
1771,554706578,"01771M10:59:04.741","01771 10:46:56",228.78,876.08,,,,"     ",5.30,394.59,1.78
1771,554706579,"01771M10:59:05.714","01771 10:46:57",228.80,876.10,,,,"     ",5.30,396.44,1.79
1771,554706580,"01771M10:59:06.688","01771 10:46:58",228.81,875.90,,,,"     ",5.30,399.20,1.80
1771,554706581,"01771M10:59:07.661","01771 10:46:59",228.81,875.93,,,,"     ",5.30,394.23,1.78
1771,554706582,"01771M10:59:08.634","01771 10:47:00",228.81,876.01,,,,"     ",5.30,395.40,1.78
1771,554706583,"01771M10:59:09.607","01771 10:47:01",228.79,875.97,,,,"     ",5.30,394.71,1.78
1771,554706584,"01771M10:59:10.581","01771 10:47:02",228.76,875.82,,,,"     ",5.30,399.04,1.80
1771,554706585,"01771M10:59:11.554","01771 10:47:03",228.71,875.95,,,,"     ",5.30,397.49,1.79
1771,554706586,"01771M10:59:12.527","01771 10:47:04",228.65,875.95,,,,"     ",5.30,394.78,1.78
1771,554706587,"01771M10:59:13.500","01771 10:47:05",228.57,875.94,,,,"     ",5.30,398.55,1.79
1771,554706588,"01771M10:59:14.474","01771 10:47:06",228.48,875.97,,,,"     ",5.30,396.77,1.79
1771,554706589,"01771M10:59:15.447","01771 10:47:07",228.39,875.93,,,,"     ",5.30,397.19,1.79
1771,554706590,"01771M10:59:16.420","01771 10:47:08",228.29,875.95,,,,"     ",5.30,397.82,1.79
1771,554706591,"01771M10:59:17.393","01771 10:47:09",228.21,875.94,,,,"     ",5.30,399.48,1.80
1771,554706592,"01771M10:59:18.367","01771 10:47:10",228.14,875.88,,,,"     ",5.30,390.45,1.75
1771,554706593,"01771M10:59:19.340","01771 10:47:11",228.08,875.97,,,,"     ",5.30,394.96,1.77
1771,554706594,"01771M10:59:20.313","01771 10:47:12",228.06,875.97,,,,"     ",5.30,396.90,1.78
1771,554706595,"01771M10:59:21.286","01771 10:47:13",228.06,876.07,,,,"     ",5.30,396.91,1.78
1771,554706596,"01771M10:59:22.260","01771 10:47:14",228.10,876.03,,,,"     ",5.30,395.05,1.77
1771,554706597,"01771M10:59:23.233","01771 10:47:15",228.17,876.06,,,,"     ",5.30,397.11,1.78
1771,554706598,"01771M10:59:24.206","01771 10:47:16",228.28,875.99,,,,"     ",5.30,398.05,1.79
1771,554706599,"01771M10:59:25.179","01771 10:47:17",228.41,876.05,,,,"     ",5.30,395.21,1.77
1771,554706600,"01771M10:59:26.153","01771 10:47:18",228.55,876.04,,,,"     ",5.30,392.31,1.76
1771,554706601,"01771M10:59:27.126","01771 10:47:19",228.70,876.04,,,,"     ",5.30,395.75,1.77
1771,554706602,"01771M10:59:28.099","01771 10:47:20",228.84,875.99,,,,"     ",5.30,395.20,1.77
1771,554706603,"01771M10:59:29.072","01771 10:47:21",228.96,876.04,,,,"     ",5.30,397.06,1.78
1771,554706604,"01771M10:59:30.046","01771 10:47:22",229.05,875.94,,,,"     ",5.30,399.09,1.79
1771,554706605,"01771M10:59:31.019","01771 10:47:23",229.11,876.06,,,,"     ",5.30,396.70,1.78
1771,554706606,"01771M10:59:31.992","01771 10:47:24",229.13,876.01,,,,"     ",5.30,399.13,1.79
1771,554706607,"01771M10:59:32.965","01771 10:47:25",229.13,876.03,,,,"     ",5.30,395.07,1.77
1771,554706608,"01771M10:59:33.939","01771 10:47:26",229.09,876.02,,,,"     ",5.30,400.06,1.79
1771,554706609,"01771M10:59:34.912","01771 10:47:27",229.04,876.01,,,,"     ",5.30,398.23,1.78
1771,554706610,"01771M10:59:35.885","01771 10:47:28",228.97,876.04,,,,"     ",5.30,398.08,1.78
1771,554706611,"01771M10:59:36.858","01771 10:47:29",228.90,875.95,,,,"     ",5.30,398.29,1.78
1771,554706612,"01771M10:59:37.832","01771 10:47:30",228.83,876.00,,,,"     ",5.30,396.85,1.77
1771,554706613,"01771M10:59:38.805","01771 10:47:31",228.77,875.94,,,,"     ",5.30,398.56,1.78
1771,554706614,"01771M10:59:39.778","01771 10:47:32",228.72,875.99,,,,"     ",5.30,398.01,1.78
1771,554706615,"01771M10:59:40.751","01771 10:47:32",228.69,876.01,,,,"     ",5.30,397.61,1.78
1771,554706616,"01771M10:59:41.725","01771 10:47:33",228.68,876.02,,,,"     ",5.30,393.64,1.76
1771,554706617,"01771M10:59:42.698","01771 10:47:34",228.69,875.98,,,,"     ",5.30,400.91,1.79
1771,554706618,"01771M10:59:43.671","01771 10:47:35",228.71,875.97,,,,"     ",5.30,401.16,1.79
1771,554706619,"01771M10:59:44.645","01771 10:47:36",228.75,875.97,,,,"     ",5.30,398.39,1.78
1771,554706620,"01771M10:59:45.618","01771 10:47:37",228.78,875.95,,,,"     ",5.30,399.93,1.78
1771,554706621,"01771M10:59:46.591","01771 10:47:38",228.82,875.93,,,,"     ",5.30,399.37,1.78
1771,554706622,"01771M10:59:47.564","01771 10:47:39",228.85,875.89,,,,"     ",5.30,398.24,1.77
1771,554706623,"01771M10:59:48.538","01771 10:47:40",228.89,875.90,,,,"     ",5.30,403.71,1.80
1771,554706624,"01771M10:59:49.511","01771 10:47:41",228.93,875.83,,,,"     ",5.30,397.57,1.77
1771,554706625,"01771M10:59:50.484","01771 10:47:42",228.97,875.84,,,,"     ",5.30,401.31,1.79
1771,554706626,"01771M10:59:51.457","01771 10:47:43",229.02,875.82,,,,"     ",5.30,398.55,1.77
1771,554706627,"01771M10:59:52.431","01771 10:47:44",229.06,875.83,,,,"     ",5.30,396.12,1.76
1771,554706628,"01771M10:59:53.404","01771 10:47:45",229.09,875.90,,,,"     ",5.30,396.90,1.76
1771,554706629,"01771M10:59:54.377","01771 10:47:46",229.13,875.97,,,,"     ",5.30,398.92,1.77
1771,554706630,"01771M10:59:55.350","01771 10:47:47",229.16,875.90,,,,"     ",5.30,394.11,1.75
1771,554706631,"01771M10:59:56.324","01771 10:47:48",229.18,875.89,,,,"     ",5.30,398.14,1.77
1771,554706632,"01771M10:59:57.297","01771 10:47:49",229.20,875.94,,,,"     ",5.30,402.51,1.79
1771,554706633,"01771M10:59:58.270","01771 10:47:50",229.22,875.86,,,,"     ",5.30,401.96,1.79
1771,554706634,"01771M10:59:59.243","01771 10:47:51",229.23,875.83,,,,"     ",5.30,399.27,1.77
1771,554706635,"01771M11:00:00.217","01771 10:47:52",229.24,875.93,,,,"     ",5.30,397.52,1.76
1771,554706636,"01771M11:00:01.190","01771 10:47:53",229.23,875.88,,,,"     ",5.30,400.11,1.78
1771,554706637,"01771M11:00:02.163","01771 10:47:54",229.21,875.84,,,,"     ",5.30,399.19,1.77
1771,554706638,"01771M11:00:03.136","01771 10:47:55",229.18,875.83,,,,"     ",5.30,398.00,1.76
1771,554706639,"01771M11:00:04.110","01771 10:47:56",229.13,875.89,,,,"     ",5.30,399.62,1.77
1771,554706640,"01771M11:00:05.083","01771 10:47:57",229.08,875.96,,,,"     ",5.30,400.97,1.78
1771,554706641,"01771M11:00:06.056","01771 10:47:58",229.02,875.95,,,,"     ",5.30,401.13,1.78
1771,554706642,"01771M11:00:07.029","01771 10:47:59",228.98,875.89,,,,"     ",5.30,401.73,1.78
1771,554706643,"01771M11:00:08.003","01771 10:48:00",228.94,875.87,,,,"     ",5.30,400.89,1.77
1771,554706644,"01771M11:00:08.976","01771 10:48:01",228.90,875.85,,,,"     ",5.30,403.04,1.78
1771,554706645,"01771M11:00:09.949","01771 10:48:02",228.88,875.90,,,,"     ",5.30,399.67,1.77
1771,554706646,"01771M11:00:10.922","01771 10:48:03",228.86,875.89,,,,"     ",5.30,401.28,1.77
1771,554706647,"01771M11:00:11.896","01771 10:48:04",228.84,875.82,,,,"     ",5.30,401.82,1.78
1771,554706648,"01771M11:00:12.869","01771 10:48:05",228.83,875.79,,,,"     ",5.30,401.02,1.77
1771,554706649,"01771M11:00:13.842","01771 10:48:06",228.83,875.75,,,,"     ",5.30,400.35,1.77
1771,554706650,"01771M11:00:14.815","01771 10:48:07",228.82,875.75,,,,"     ",5.30,407.12,1.80
1771,554706651,"01771M11:00:15.789","01771 10:48:08",228.81,875.75,,,,"     ",5.30,403.62,1.78
1771,554706652,"01771M11:00:16.762","01771 10:48:09",228.80,875.80,,,,"     ",5.30,400.85,1.77
1771,554706653,"01771M11:00:17.735","01771 10:48:09",228.78,875.74,,,,"     ",5.30,404.91,1.79
1771,554706654,"01771M11:00:18.708","01771 10:48:10",228.74,875.75,,,,"     ",5.30,402.30,1.78
1771,554706655,"01771M11:00:19.682","01771 10:48:11",228.70,875.68,,,,"     ",5.30,399.73,1.76
1771,554706656,"01771M11:00:20.655","01771 10:48:12",228.65,875.76,,,,"     ",5.30,401.19,1.77
1771,554706657,"01771M11:00:21.628","01771 10:48:13",228.61,875.70,,,,"     ",5.30,398.18,1.75
1771,554706658,"01771M11:00:22.601","01771 10:48:14",228.58,875.76,,,,"     ",5.30,400.12,1.76
1771,554706659,"01771M11:00:23.575","01771 10:48:15",228.55,875.78,,,,"     ",5.30,400.50,1.77
1771,554706660,"01771M11:00:24.548","01771 10:48:16",228.53,875.72,,,,"     ",5.30,405.00,1.79
1771,554706661,"01771M11:00:25.521","01771 10:48:17",228.51,875.62,,,,"     ",5.30,403.32,1.78
1771,554706662,"01771M11:00:26.494","01771 10:48:18",228.51,875.61,,,,"     ",5.30,407.58,1.80
1771,554706663,"01771M11:00:27.468","01771 10:48:19",228.52,875.66,,,,"     ",5.30,402.68,1.77
1771,554706664,"01771M11:00:28.441","01771 10:48:20",228.54,875.57,,,,"     ",5.30,404.38,1.78
1771,554706665,"01771M11:00:29.414","01771 10:48:21",228.56,875.65,,,,"     ",5.30,400.00,1.76
1771,554706666,"01771M11:00:30.387","01771 10:48:22",228.59,875.64,,,,"     ",5.30,396.98,1.75
1771,554706667,"01771M11:00:31.361","01771 10:48:23",228.62,875.69,,,,"     ",5.30,402.20,1.77
1771,554706668,"01771M11:00:32.334","01771 10:48:24",228.66,875.71,,,,"     ",5.30,400.23,1.76
1771,554706669,"01771M11:00:33.307","01771 10:48:25",228.69,875.63,,,,"     ",5.30,402.83,1.77
1771,554706670,"01771M11:00:34.280","01771 10:48:26",228.74,875.62,,,,"     ",5.30,400.24,1.76
1771,554706671,"01771M11:00:35.254","01771 10:48:27",228.78,875.60,,,,"     ",5.30,401.66,1.77
1771,554706672,"01771M11:00:36.227","01771 10:48:28",228.84,875.53,,,,"     ",5.30,402.46,1.77
1771,554706673,"01771M11:00:37.200","01771 10:48:29",228.90,875.63,,,,"     ",5.30,402.29,1.77
1771,554706674,"01771M11:00:38.173","01771 10:48:30",228.96,875.59,,,,"     ",5.30,399.77,1.76
1771,554706675,"01771M11:00:39.147","01771 10:48:31",229.03,875.56,,,,"     ",5.30,401.54,1.77
1771,554706676,"01771M11:00:40.120","01771 10:48:32",229.08,875.55,,,,"     ",5.30,401.60,1.77
1771,554706677,"01771M11:00:41.093","01771 10:48:33",229.13,875.66,,,,"     ",5.30,405.57,1.78
1771,554706678,"01771M11:00:42.066","01771 10:48:34",229.16,875.65,,,,"     ",5.30,401.56,1.77
1771,554706679,"01771M11:00:43.040","01771 10:48:35",229.17,875.62,,,,"     ",5.30,404.01,1.78
1771,554706680,"01771M11:00:44.013","01771 10:48:36",229.16,875.70,,,,"     ",5.30,399.77,1.76
1771,554706681,"01771M11:00:44.986","01771 10:48:37",229.12,875.59,,,,"     ",5.30,404.04,1.78
1771,554706682,"01771M11:00:45.959","01771 10:48:38",229.07,875.71,,,,"     ",5.30,402.99,1.77
1771,554706683,"01771M11:00:46.933","01771 10:48:39",229.02,875.63,,,,"     ",5.30,403.38,1.77
1771,554706684,"01771M11:00:47.906","01771 10:48:40",228.94,875.74,,,,"     ",5.30,402.91,1.77
1771,554706685,"01771M11:00:48.879","01771 10:48:41",228.87,875.63,,,,"     ",5.30,399.15,1.75
1771,554706686,"01771M11:00:49.852","01771 10:48:42",228.80,875.66,,,,"     ",5.30,402.98,1.77
1771,554706687,"01771M11:00:50.826","01771 10:48:43",228.74,875.68,,,,"     ",5.30,405.94,1.78
1771,554706688,"01771M11:00:51.799","01771 10:48:44",228.70,875.67,,,,"     ",5.30,405.22,1.78
1771,554706689,"01771M11:00:52.772","01771 10:48:45",228.67,875.70,,,,"     ",5.30,402.15,1.76
1771,554706690,"01771M11:00:53.746","01771 10:48:45",228.67,875.63,,,,"     ",5.30,402.46,1.76
1771,554706691,"01771M11:00:54.719","01771 10:48:46",228.66,875.64,,,,"     ",5.30,407.00,1.78
1771,554706692,"01771M11:00:55.692","01771 10:48:47",228.65,875.71,,,,"     ",5.30,405.80,1.78
1771,554706693,"01771M11:00:56.665","01771 10:48:48",228.63,875.67,,,,"     ",5.30,406.48,1.78
1771,554706694,"01771M11:00:57.639","01771 10:48:49",228.60,875.61,,,,"     ",5.30,401.05,1.76
1771,554706695,"01771M11:00:58.612","01771 10:48:50",228.54,875.52,,,,"     ",5.30,406.40,1.78
1771,554706696,"01771M11:00:59.585","01771 10:48:51",228.46,875.57,,,,"     ",5.30,403.14,1.76
1771,554706697,"01771M11:01:00.558","01771 10:48:52",228.36,875.59,,,,"     ",5.30,403.19,1.76
1771,554706698,"01771M11:01:01.532","01771 10:48:53",228.25,875.56,,,,"     ",5.30,408.64,1.79
1771,554706699,"01771M11:01:02.505","01771 10:48:54",228.12,875.57,,,,"     ",5.30,405.02,1.77
1771,554706700,"01771M11:01:03.478","01771 10:48:55",227.98,875.56,,,,"     ",5.30,404.05,1.77
1771,554706701,"01771M11:01:04.451","01771 10:48:56",227.85,875.58,,,,"     ",5.30,407.17,1.78
1771,554706702,"01771M11:01:05.425","01771 10:48:57",227.73,875.61,,,,"     ",5.30,410.27,1.79
1771,554706703,"01771M11:01:06.398","01771 10:48:58",227.63,875.57,,,,"     ",5.30,401.26,1.75
1771,554706704,"01771M11:01:07.371","01771 10:48:59",227.58,875.57,,,,"     ",5.30,402.23,1.76
1771,554706705,"01771M11:01:08.344","01771 10:49:00",227.57,875.59,,,,"     ",5.30,405.42,1.77
1771,554706706,"01771M11:01:09.318","01771 10:49:01",227.59,875.60,,,,"     ",5.30,405.55,1.77
1771,554706707,"01771M11:01:10.291","01771 10:49:02",227.64,875.57,,,,"     ",5.30,406.44,1.77
1771,554706708,"01771M11:01:11.264","01771 10:49:03",227.70,875.60,,,,"     ",5.30,408.69,1.78
1771,554706709,"01771M11:01:12.237","01771 10:49:04",227.76,875.49,,,,"     ",5.30,405.55,1.77
1771,554706710,"01771M11:01:13.211","01771 10:49:05",227.82,875.52,,,,"     ",5.30,406.19,1.77
1771,554706711,"01771M11:01:14.184","01771 10:49:06",227.87,875.64,,,,"     ",5.30,399.48,1.74
1771,554706712,"01771M11:01:15.157","01771 10:49:07",227.90,875.58,,,,"     ",5.30,405.77,1.77
1771,554706713,"01771M11:01:16.130","01771 10:49:08",227.92,875.60,,,,"     ",5.30,404.14,1.76
1771,554706714,"01771M11:01:17.104","01771 10:49:09",227.94,875.58,,,,"     ",5.30,406.44,1.77
1771,554706715,"01771M11:01:18.077","01771 10:49:10",227.98,875.54,,,,"     ",5.30,410.15,1.79
1771,554706716,"01771M11:01:19.050","01771 10:49:11",228.03,875.55,,,,"     ",5.30,407.13,1.77
1771,554706717,"01771M11:01:20.023","01771 10:49:12",228.08,875.53,,,,"     ",5.30,407.06,1.77
1771,554706718,"01771M11:01:20.997","01771 10:49:13",228.14,875.58,,,,"     ",5.30,407.96,1.78
1771,554706719,"01771M11:01:21.970","01771 10:49:14",228.20,875.58,,,,"     ",5.30,408.71,1.78
1771,554706720,"01771M11:01:22.943","01771 10:49:15",228.27,875.58,,,,"     ",5.30,403.57,1.75
1771,554706721,"01771M11:01:23.916","01771 10:49:16",228.35,875.51,,,,"     ",5.30,402.58,1.75
1771,554706722,"01771M11:01:24.890","01771 10:49:17",228.43,875.60,,,,"     ",5.30,408.85,1.78
1771,554706723,"01771M11:01:25.863","01771 10:49:18",228.53,875.55,,,,"     ",5.30,401.68,1.74
1771,554706724,"01771M11:01:26.836","01771 10:49:19",228.62,875.59,,,,"     ",5.30,407.43,1.77
1771,554706725,"01771M11:01:27.809","01771 10:49:20",228.73,875.55,,,,"     ",5.30,404.25,1.76
1771,554706726,"01771M11:01:28.783","01771 10:49:21",228.84,875.59,,,,"     ",5.30,408.97,1.78
1771,554706727,"01771M11:01:29.756","01771 10:49:22",229.58,875.52,,,,"     ",5.30,410.97,1.78
1771,554706728,"01771M11:01:30.729","01771 10:49:22",229.57,875.37,,,,"     ",5.30,408.63,1.77
1771,554706729,"01771M11:01:31.702","01771 10:49:23",229.55,875.45,,,,"     ",5.30,406.54,1.76
1771,554706730,"01771M11:01:32.676","01771 10:49:24",229.53,875.45,,,,"     ",5.30,409.05,1.77
1771,554706731,"01771M11:01:33.649","01771 10:49:25",229.51,875.46,,,,"     ",5.30,407.73,1.77
1771,554706732,"01771M11:01:34.622","01771 10:49:26",229.49,875.49,,,,"     ",5.30,401.38,1.74
1771,554706733,"01771M11:01:35.595","01771 10:49:27",229.46,875.47,,,,"     ",5.30,406.15,1.76
1771,554706734,"01771M11:01:36.569","01771 10:49:28",229.44,875.46,,,,"     ",5.30,411.38,1.78
1771,554706735,"01771M11:01:37.542","01771 10:49:29",229.41,875.55,,,,"     ",5.30,410.59,1.78
1771,554706736,"01771M11:01:38.515","01771 10:49:30",229.39,875.51,,,,"     ",5.30,407.29,1.76
1771,554706737,"01771M11:01:39.488","01771 10:49:31",229.37,875.51,,,,"     ",5.30,409.14,1.77
1771,554706738,"01771M11:01:40.462","01771 10:49:32",229.34,875.49,,,,"     ",5.30,410.39,1.77
1771,554706739,"01771M11:01:41.435","01771 10:49:33",229.32,875.53,,,,"     ",5.30,407.44,1.76
1771,554706740,"01771M11:01:42.408","01771 10:49:34",229.28,875.46,,,,"     ",5.30,413.12,1.78
1771,554706741,"01771M11:01:43.381","01771 10:49:35",229.23,875.47,,,,"     ",5.30,415.62,1.80
1771,554706742,"01771M11:01:44.355","01771 10:49:36",229.24,875.50,,,,"     ",5.30,409.12,1.77
1771,554706743,"01771M11:01:45.328","01771 10:49:37",229.27,875.51,,,,"     ",5.30,412.49,1.78
1771,554706744,"01771M11:01:46.301","01771 10:49:38",229.34,875.47,,,,"     ",5.30,410.37,1.77
1771,554706745,"01771M11:01:47.274","01771 10:49:39",229.45,875.54,,,,"     ",5.30,412.33,1.78
1771,554706746,"01771M11:01:48.248","01771 10:49:40",229.56,875.53,,,,"     ",5.30,405.72,1.75
1771,554706747,"01771M11:01:49.221","01771 10:49:41",229.68,875.50,,,,"     ",5.30,407.52,1.76
1771,554706748,"01771M11:01:50.194","01771 10:49:42",229.78,875.51,,,,"     ",5.30,409.68,1.76
1771,554706749,"01771M11:01:51.167","01771 10:49:43",229.85,875.54,,,,"     ",5.30,409.13,1.76
1771,554706750,"01771M11:01:52.141","01771 10:49:44",229.87,875.56,,,,"     ",5.30,407.82,1.75
1771,554706751,"01771M11:01:53.114","01771 10:49:45",229.85,875.49,,,,"     ",5.30,408.24,1.76
1771,554706752,"01771M11:01:54.087","01771 10:49:46",229.78,875.47,,,,"     ",5.30,409.51,1.76
1771,554706753,"01771M11:01:55.060","01771 10:49:47",229.66,875.45,,,,"     ",5.30,410.88,1.77
1771,554706754,"01771M11:01:56.034","01771 10:49:48",229.53,875.45,,,,"     ",5.30,412.02,1.77
1771,554706755,"01771M11:01:57.007","01771 10:49:49",229.38,875.50,,,,"     ",5.30,408.65,1.76
1771,554706756,"01771M11:01:57.980","01771 10:49:50",229.25,875.40,,,,"     ",5.30,410.85,1.77
1771,554706757,"01771M11:01:58.953","01771 10:49:51",229.13,875.48,,,,"     ",5.30,409.11,1.76
1771,554706758,"01771M11:01:59.927","01771 10:49:52",229.06,875.48,,,,"     ",5.30,408.11,1.75
1771,554706759,"01771M11:02:00.900","01771 10:49:53",229.01,875.49,,,,"     ",5.30,411.71,1.77
1771,554706760,"01771M11:02:01.873","01771 10:49:54",229.00,875.47,,,,"     ",5.30,407.62,1.75
1771,554706761,"01771M11:02:02.847","01771 10:49:55",229.03,875.45,,,,"     ",5.30,411.87,1.77
1771,554706762,"01771M11:02:03.820","01771 10:49:56",229.07,875.52,,,,"     ",5.30,410.23,1.76
1771,554706763,"01771M11:02:04.793","01771 10:49:57",229.13,875.46,,,,"     ",5.30,407.78,1.75
1771,554706764,"01771M11:02:05.766","01771 10:49:58",229.20,875.54,,,,"     ",5.30,411.90,1.77
1771,554706765,"01771M11:02:06.740","01771 10:49:59",229.27,875.52,,,,"     ",5.30,409.94,1.76
1771,554706766,"01771M11:02:07.713","01771 10:49:59",229.32,875.51,,,,"     ",5.30,408.90,1.75
1771,554706767,"01771M11:02:08.686","01771 10:50:00",229.36,875.49,,,,"     ",5.30,413.12,1.77
1771,554706768,"01771M11:02:09.659","01771 10:50:01",229.39,875.51,,,,"     ",5.30,411.65,1.76
1771,554706769,"01771M11:02:10.633","01771 10:50:02",229.40,875.58,,,,"     ",5.30,410.66,1.76
1771,554706770,"01771M11:02:11.606","01771 10:50:03",229.41,875.51,,,,"     ",5.30,411.01,1.76
1771,554706771,"01771M11:02:12.579","01771 10:50:04",229.41,875.56,,,,"     ",5.30,409.99,1.75
1771,554706772,"01771M11:02:13.552","01771 10:50:05",229.41,875.58,,,,"     ",5.30,415.88,1.78
1771,554706773,"01771M11:02:14.526","01771 10:50:06",229.42,875.48,,,,"     ",5.30,410.12,1.75
1771,554706774,"01771M11:02:15.499","01771 10:50:07",229.44,875.49,,,,"     ",5.30,409.14,1.75
1771,554706775,"01771M11:02:16.472","01771 10:50:08",229.47,875.49,,,,"     ",5.30,416.57,1.78
1771,554706776,"01771M11:02:17.445","01771 10:50:09",229.52,875.47,,,,"     ",5.30,410.90,1.75
1771,554706777,"01771M11:02:18.419","01771 10:50:10",229.60,875.53,,,,"     ",5.30,414.33,1.77
1771,554706778,"01771M11:02:19.392","01771 10:50:11",229.67,875.55,,,,"     ",5.30,409.81,1.75
1771,554706779,"01771M11:02:20.365","01771 10:50:12",229.77,875.53,,,,"     ",5.30,411.18,1.75
1771,554706780,"01771M11:02:21.338","01771 10:50:13",229.87,875.51,,,,"     ",5.30,407.81,1.74
1771,554706781,"01771M11:02:22.312","01771 10:50:14",229.98,875.49,,,,"     ",5.30,414.14,1.77
1771,554706782,"01771M11:02:23.285","01771 10:50:15",230.08,875.49,,,,"     ",5.30,414.24,1.77
1771,554706783,"01771M11:02:24.258","01771 10:50:16",230.19,875.49,,,,"     ",5.30,413.21,1.76
1771,554706784,"01771M11:02:25.231","01771 10:50:17",230.30,875.38,,,,"     ",5.30,418.49,1.78
1771,554706785,"01771M11:02:26.205","01771 10:50:18",230.42,875.45,,,,"     ",5.30,412.34,1.75
1771,554706786,"01771M11:02:27.178","01771 10:50:19",230.55,875.38,,,,"     ",5.30,413.87,1.76
1771,554706787,"01771M11:02:28.151","01771 10:50:20",230.68,875.48,,,,"     ",5.30,416.45,1.77
1771,554706788,"01771M11:02:29.124","01771 10:50:21",230.82,875.46,,,,"     ",5.30,414.13,1.76
1771,554706789,"01771M11:02:30.098","01771 10:50:22",230.95,875.52,,,,"     ",5.30,413.61,1.76
1771,554706790,"01771M11:02:31.071","01771 10:50:23",231.07,875.50,,,,"     ",5.30,414.22,1.76
1771,554706791,"01771M11:02:32.044","01771 10:50:24",231.17,875.52,,,,"     ",5.30,414.76,1.76
1771,554706792,"01771M11:02:33.017","01771 10:50:25",231.25,875.49,,,,"     ",5.30,414.72,1.76
1771,554706793,"01771M11:02:33.991","01771 10:50:26",231.32,875.54,,,,"     ",5.30,417.25,1.77
1771,554706794,"01771M11:02:34.964","01771 10:50:27",231.36,875.43,,,,"     ",5.30,413.97,1.76
1771,554706795,"01771M11:02:35.937","01771 10:50:28",231.39,875.44,,,,"     ",5.30,417.63,1.77
1771,554706796,"01771M11:02:36.910","01771 10:50:29",231.39,875.44,,,,"     ",5.30,415.89,1.76
1771,554706797,"01771M11:02:37.884","01771 10:50:30",231.37,875.52,,,,"     ",5.30,413.02,1.75
1771,554706798,"01771M11:02:38.857","01771 10:50:31",231.32,875.58,,,,"     ",5.30,411.55,1.74
1771,554706799,"01771M11:02:39.830","01771 10:50:32",231.25,875.56,,,,"     ",5.30,416.61,1.76
1771,554706800,"01771M11:02:40.803","01771 10:50:33",231.15,875.45,,,,"     ",5.30,415.11,1.76
1771,554706801,"01771M11:02:41.777","01771 10:50:34",231.02,875.40,,,,"     ",5.30,414.82,1.75
1771,554706802,"01771M11:02:42.750","01771 10:50:35",230.86,875.37,,,,"     ",5.30,413.58,1.75
1771,554706803,"01771M11:02:43.723","01771 10:50:36",230.69,875.40,,,,"     ",5.30,416.12,1.76
1771,554706804,"01771M11:02:44.696","01771 10:50:36",230.52,875.43,,,,"     ",5.30,414.18,1.75
1771,554706805,"01771M11:02:45.670","01771 10:50:37",230.35,875.40,,,,"     ",5.30,414.46,1.75
1771,554706806,"01771M11:02:46.643","01771 10:50:38",230.21,875.30,,,,"     ",5.30,416.57,1.76
1771,554706807,"01771M11:02:47.616","01771 10:50:39",230.09,875.35,,,,"     ",5.30,415.58,1.75
1771,554706808,"01771M11:02:48.589","01771 10:50:40",229.99,875.39,,,,"     ",5.30,415.00,1.75
1771,554706809,"01771M11:02:49.563","01771 10:50:41",229.92,875.36,,,,"     ",5.30,421.26,1.78
1771,554706810,"01771M11:02:50.536","01771 10:50:42",229.87,875.37,,,,"     ",5.30,416.43,1.75
1771,554706811,"01771M11:02:51.509","01771 10:50:43",229.84,875.40,,,,"     ",5.30,417.07,1.76
1771,554706812,"01771M11:02:52.482","01771 10:50:44",229.84,875.38,,,,"     ",5.30,416.45,1.75
1771,554706813,"01771M11:02:53.456","01771 10:50:45",229.84,875.43,,,,"     ",5.30,417.67,1.76
1771,554706814,"01771M11:02:54.429","01771 10:50:46",229.85,875.37,,,,"     ",5.30,418.99,1.76
1771,554706815,"01771M11:02:55.402","01771 10:50:47",229.85,875.39,,,,"     ",5.30,412.61,1.73
1771,554706816,"01771M11:02:56.375","01771 10:50:48",229.83,875.43,,,,"     ",5.30,417.27,1.75
1771,554706817,"01771M11:02:57.349","01771 10:50:49",229.81,875.49,,,,"     ",5.30,417.92,1.76
1771,554706818,"01771M11:02:58.322","01771 10:50:50",229.78,875.40,,,,"     ",5.30,420.16,1.76
1771,554706819,"01771M11:02:59.295","01771 10:50:51",229.76,875.51,,,,"     ",5.30,418.67,1.76
1771,554706820,"01771M11:03:00.268","01771 10:50:52",229.74,875.39,,,,"     ",5.30,414.84,1.74
1771,554706821,"01771M11:03:01.242","01771 10:50:53",229.72,875.36,,,,"     ",5.30,417.81,1.75
1771,554706822,"01771M11:03:02.215","01771 10:50:54",229.72,875.33,,,,"     ",5.30,419.89,1.76
1771,554706823,"01771M11:03:03.188","01771 10:50:55",229.71,875.28,,,,"     ",5.30,419.18,1.76
1771,554706824,"01771M11:03:04.161","01771 10:50:56",229.72,875.42,,,,"     ",5.30,422.11,1.77
1771,554706825,"01771M11:03:05.135","01771 10:50:57",229.73,875.32,,,,"     ",5.30,417.64,1.75
1771,554706826,"01771M11:03:06.108","01771 10:50:58",229.76,875.36,,,,"     ",5.30,417.23,1.75
1771,554706827,"01771M11:03:07.081","01771 10:50:59",229.79,875.40,,,,"     ",5.30,417.25,1.75
1771,554706828,"01771M11:03:08.054","01771 10:51:00",229.84,875.31,,,,"     ",5.30,420.07,1.76
1771,554706829,"01771M11:03:09.028","01771 10:51:01",229.89,875.27,,,,"     ",5.30,422.74,1.77
1771,554706830,"01771M11:03:10.001","01771 10:51:02",229.95,875.30,,,,"     ",5.30,421.06,1.76
1771,554706831,"01771M11:03:10.974","01771 10:51:03",230.02,875.33,,,,"     ",5.30,414.37,1.73
1771,554706832,"01771M11:03:11.947","01771 10:51:04",230.07,875.31,,,,"     ",5.30,417.42,1.75
1771,554706833,"01771M11:03:12.921","01771 10:51:05",230.12,875.32,,,,"     ",5.30,419.85,1.76
1771,554706834,"01771M11:03:13.894","01771 10:51:06",230.14,875.33,,,,"     ",5.30,420.95,1.76
1771,554706835,"01771M11:03:14.867","01771 10:51:07",230.15,875.34,,,,"     ",5.30,422.02,1.77
1771,554706836,"01771M11:03:15.841","01771 10:51:08",230.17,875.23,,,,"     ",5.30,421.30,1.76
1771,554706837,"01771M11:03:16.814","01771 10:51:09",230.18,875.30,,,,"     ",5.30,419.29,1.75
1771,554706838,"01771M11:03:17.787","01771 10:51:10",230.21,875.32,,,,"     ",5.30,418.96,1.75
1771,554706839,"01771M11:03:18.760","01771 10:51:11",230.25,875.29,,,,"     ",5.30,419.82,1.75
1771,554706840,"01771M11:03:19.734","01771 10:51:12",230.28,875.30,,,,"     ",5.30,423.13,1.77
1771,554706841,"01771M11:03:20.707","01771 10:51:12",230.31,875.32,,,,"     ",5.30,421.88,1.76
1771,554706842,"01771M11:03:21.680","01771 10:51:13",230.32,875.29,,,,"     ",5.30,422.10,1.76
1771,554706843,"01771M11:03:22.653","01771 10:51:14",230.33,875.25,,,,"     ",5.30,418.86,1.75
1771,554706844,"01771M11:03:23.627","01771 10:51:15",230.33,875.26,,,,"     ",5.30,426.13,1.78
1771,554706845,"01771M11:03:24.600","01771 10:51:16",230.34,875.26,,,,"     ",5.30,425.43,1.77
1771,554706846,"01771M11:03:25.573","01771 10:51:17",230.35,875.35,,,,"     ",5.30,421.19,1.76
1771,554706847,"01771M11:03:26.546","01771 10:51:18",230.37,875.28,,,,"     ",5.30,414.30,1.72
1771,554706848,"01771M11:03:27.520","01771 10:51:19",230.42,875.21,,,,"     ",5.30,422.49,1.76
1771,554706849,"01771M11:03:28.493","01771 10:51:20",230.46,875.26,,,,"     ",5.30,422.80,1.76
1771,554706850,"01771M11:03:29.466","01771 10:51:21",230.49,875.28,,,,"     ",5.30,420.20,1.75
1771,554706851,"01771M11:03:30.439","01771 10:51:22",230.51,875.25,,,,"     ",5.30,422.29,1.76
1771,554706852,"01771M11:03:31.413","01771 10:51:23",230.52,875.23,,,,"     ",5.30,423.30,1.76
1771,554706853,"01771M11:03:32.386","01771 10:51:24",230.50,875.28,,,,"     ",5.30,421.53,1.75
1771,554706854,"01771M11:03:33.359","01771 10:51:25",230.47,875.34,,,,"     ",5.30,419.87,1.74
1771,554706855,"01771M11:03:34.332","01771 10:51:26",230.43,875.28,,,,"     ",5.30,420.85,1.75
1771,554706856,"01771M11:03:35.306","01771 10:51:27",230.39,875.22,,,,"     ",5.30,424.04,1.76
1771,554706857,"01771M11:03:36.279","01771 10:51:28",230.35,875.18,,,,"     ",5.30,420.08,1.74
1771,554706858,"01771M11:03:37.252","01771 10:51:29",230.31,875.22,,,,"     ",5.30,419.69,1.74
1771,554706859,"01771M11:03:38.225","01771 10:51:30",230.28,875.28,,,,"     ",5.30,419.96,1.74
1771,554706860,"01771M11:03:39.199","01771 10:51:31",230.23,875.20,,,,"     ",5.30,424.78,1.76
1771,554706861,"01771M11:03:40.172","01771 10:51:32",230.18,875.30,,,,"     ",5.30,422.56,1.75
1771,554706862,"01771M11:03:41.145","01771 10:51:33",230.12,875.35,,,,"     ",5.30,422.98,1.75
1771,554706863,"01771M11:03:42.118","01771 10:51:34",230.06,875.27,,,,"     ",5.30,418.31,1.73
1771,554706864,"01771M11:03:43.092","01771 10:51:35",230.00,875.31,,,,"     ",5.30,421.88,1.75
1771,554706865,"01771M11:03:44.065","01771 10:51:36",229.95,875.26,,,,"     ",5.30,425.67,1.76
1771,554706866,"01771M11:03:45.038","01771 10:51:37",229.91,875.22,,,,"     ",5.30,421.74,1.75
1771,554706867,"01771M11:03:46.011","01771 10:51:38",229.89,875.28,,,,"     ",5.30,419.98,1.74
1771,554706868,"01771M11:03:46.985","01771 10:51:39",229.88,875.18,,,,"     ",5.30,427.73,1.77
1771,554706869,"01771M11:03:47.958","01771 10:51:40",229.87,875.21,,,,"     ",5.30,423.87,1.75
1771,554706870,"01771M11:03:48.931","01771 10:51:41",229.87,875.08,,,,"     ",5.30,421.46,1.74
1771,554706871,"01771M11:03:49.904","01771 10:51:42",229.86,875.17,,,,"     ",5.30,426.15,1.76
1771,554706872,"01771M11:03:50.878","01771 10:51:43",229.87,875.21,,,,"     ",5.30,421.28,1.74
1771,554706873,"01771M11:03:51.851","01771 10:51:44",229.88,875.27,,,,"     ",5.30,422.01,1.74
1771,554706874,"01771M11:03:52.824","01771 10:51:45",229.92,875.20,,,,"     ",5.30,428.79,1.77
1771,554706875,"01771M11:03:53.797","01771 10:51:46",229.98,875.21,,,,"     ",5.30,423.85,1.75
1771,554706876,"01771M11:03:54.771","01771 10:51:47",230.05,875.17,,,,"     ",5.30,430.33,1.78
1771,554706877,"01771M11:03:55.744","01771 10:51:48",230.13,875.21,,,,"     ",5.30,426.94,1.76
1771,554706878,"01771M11:03:56.717","01771 10:51:49",230.21,875.12,,,,"     ",5.30,422.29,1.74
1771,554706879,"01771M11:03:57.690","01771 10:51:49",230.28,875.26,,,,"     ",5.30,424.78,1.75
1771,554706880,"01771M11:03:58.664","01771 10:51:50",230.35,875.24,,,,"     ",5.30,422.58,1.74
1771,554706881,"01771M11:03:59.637","01771 10:51:51",230.41,875.18,,,,"     ",5.30,427.37,1.76
1771,554706882,"01771M11:04:00.610","01771 10:51:52",230.45,875.13,,,,"     ",5.30,424.12,1.75
1771,554706883,"01771M11:04:01.583","01771 10:51:53",230.48,875.14,,,,"     ",5.30,424.68,1.75
1771,554706884,"01771M11:04:02.557","01771 10:51:54",230.50,875.13,,,,"     ",5.30,422.12,1.74
1771,554706885,"01771M11:04:03.530","01771 10:51:55",230.52,875.06,,,,"     ",5.30,423.89,1.75
1771,554706886,"01771M11:04:04.503","01771 10:51:56",230.53,875.07,,,,"     ",5.30,423.73,1.75
1771,554706887,"01771M11:04:05.476","01771 10:51:57",230.53,875.12,,,,"     ",5.30,425.10,1.75
1771,554706888,"01771M11:04:06.450","01771 10:51:58",230.53,875.19,,,,"     ",5.30,428.49,1.77
1771,554706889,"01771M11:04:07.423","01771 10:51:59",230.53,875.13,,,,"     ",5.30,427.80,1.76
1771,554706890,"01771M11:04:08.396","01771 10:52:00",230.53,875.19,,,,"     ",5.30,425.03,1.75
1771,554706891,"01771M11:04:09.369","01771 10:52:01",230.53,875.15,,,,"     ",5.30,427.35,1.76
1771,554706892,"01771M11:04:10.343","01771 10:52:02",230.56,875.17,,,,"     ",5.30,421.85,1.74
1771,554706893,"01771M11:04:11.316","01771 10:52:03",230.59,875.15,,,,"     ",5.30,428.88,1.76
1771,554706894,"01771M11:04:12.289","01771 10:52:04",230.65,875.21,,,,"     ",5.30,426.72,1.76
1771,554706895,"01771M11:04:13.262","01771 10:52:05",230.72,875.06,,,,"     ",5.30,424.04,1.74
1771,554706896,"01771M11:04:14.236","01771 10:52:06",230.79,875.07,,,,"     ",5.30,430.15,1.77
1771,554706897,"01771M11:04:15.209","01771 10:52:07",230.88,875.02,,,,"     ",5.30,424.77,1.75
1771,554706898,"01771M11:04:16.182","01771 10:52:08",230.97,875.03,,,,"     ",5.30,425.83,1.75
1771,554706899,"01771M11:04:17.155","01771 10:52:09",231.07,875.06,,,,"     ",5.30,428.05,1.76
1771,554706900,"01771M11:04:18.129","01771 10:52:10",231.17,875.06,,,,"     ",5.30,427.18,1.75
1771,554706901,"01771M11:04:19.102","01771 10:52:11",231.28,875.07,,,,"     ",5.30,426.75,1.75
1771,554706902,"01771M11:04:20.075","01771 10:52:12",231.38,875.09,,,,"     ",5.30,425.31,1.74
1771,554706903,"01771M11:04:21.048","01771 10:52:13",231.47,875.07,,,,"     ",5.30,424.14,1.74
1771,554706904,"01771M11:04:22.022","01771 10:52:14",231.55,875.17,,,,"     ",5.30,427.34,1.75
1771,554706905,"01771M11:04:22.995","01771 10:52:15",231.62,875.15,,,,"     ",5.30,427.84,1.75
1771,554706906,"01771M11:04:23.968","01771 10:52:16",231.68,875.11,,,,"     ",5.30,426.11,1.75
1771,554706907,"01771M11:04:24.942","01771 10:52:17",231.73,875.09,,,,"     ",5.30,431.34,1.77
1771,554706908,"01771M11:04:25.915","01771 10:52:18",231.77,874.98,,,,"     ",5.30,430.03,1.76
1771,554706909,"01771M11:04:26.888","01771 10:52:19",231.80,875.01,,,,"     ",5.30,429.04,1.76
1771,554706910,"01771M11:04:27.861","01771 10:52:20",231.84,874.95,,,,"     ",5.30,428.92,1.75
1771,554706911,"01771M11:04:28.835","01771 10:52:21",231.88,874.93,,,,"     ",5.30,432.31,1.77
1771,554706912,"01771M11:04:29.808","01771 10:52:22",231.93,874.91,,,,"     ",5.30,428.51,1.75
1771,554706913,"01771M11:04:30.781","01771 10:52:23",231.99,875.03,,,,"     ",5.30,432.12,1.77
1771,554706914,"01771M11:04:31.754","01771 10:52:24",232.06,875.04,,,,"     ",5.30,428.96,1.75
1771,554706915,"01771M11:04:32.728","01771 10:52:25",232.14,875.03,,,,"     ",5.30,429.10,1.75
1771,554706916,"01771M11:04:33.701","01771 10:52:26",232.23,875.01,,,,"     ",5.30,434.28,1.77
1771,554706917,"01771M11:04:34.674","01771 10:52:26",232.32,874.97,,,,"     ",5.30,428.20,1.75
1771,554706918,"01771M11:04:35.647","01771 10:52:27",232.40,875.03,,,,"     ",5.30,430.34,1.76
1771,554706919,"01771M11:04:36.621","01771 10:52:28",232.49,874.98,,,,"     ",5.30,432.82,1.77
1771,554706920,"01771M11:04:37.594","01771 10:52:29",232.57,874.95,,,,"     ",5.30,433.83,1.77
1771,554706921,"01771M11:04:38.567","01771 10:52:30",232.63,874.96,,,,"     ",5.30,424.73,1.73
1771,554706922,"01771M11:04:39.540","01771 10:52:31",232.67,874.97,,,,"     ",5.30,429.01,1.75
1771,554706923,"01771M11:04:40.514","01771 10:52:32",232.69,874.99,,,,"     ",5.30,431.19,1.76
1771,554706924,"01771M11:04:41.487","01771 10:52:33",232.68,875.05,,,,"     ",5.30,428.62,1.75
1771,554706925,"01771M11:04:42.460","01771 10:52:34",232.66,875.04,,,,"     ",5.30,428.89,1.74
1771,554706926,"01771M11:04:43.433","01771 10:52:35",232.63,875.01,,,,"     ",5.30,426.31,1.73
1771,554706927,"01771M11:04:44.407","01771 10:52:36",232.59,875.07,,,,"     ",5.30,427.73,1.74
1771,554706928,"01771M11:04:45.380","01771 10:52:37",232.57,875.07,,,,"     ",5.30,431.43,1.75
1771,554706929,"01771M11:04:46.353","01771 10:52:38",232.55,875.11,,,,"     ",5.30,432.38,1.76
1771,554706930,"01771M11:04:47.326","01771 10:52:39",232.56,875.05,,,,"     ",5.30,434.97,1.77
1771,554706931,"01771M11:04:48.300","01771 10:52:40",232.57,875.05,,,,"     ",5.30,430.18,1.75
1771,554706932,"01771M11:04:49.273","01771 10:52:41",232.60,875.10,,,,"     ",5.30,432.69,1.76
1771,554706933,"01771M11:04:50.246","01771 10:52:42",232.64,875.13,,,,"     ",5.30,427.30,1.73
1771,554706934,"01771M11:04:51.219","01771 10:52:43",232.69,875.09,,,,"     ",5.30,432.36,1.75
1771,554706935,"01771M11:04:52.193","01771 10:52:44",232.75,875.12,,,,"     ",5.30,425.41,1.72
1771,554706936,"01771M11:04:53.166","01771 10:52:45",232.82,875.11,,,,"     ",5.30,431.01,1.75
1771,554706937,"01771M11:04:54.139","01771 10:52:46",232.89,875.00,,,,"     ",5.30,435.00,1.76
1771,554706938,"01771M11:04:55.112","01771 10:52:47",232.98,874.99,,,,"     ",5.30,426.99,1.73
1771,554706939,"01771M11:04:56.086","01771 10:52:48",233.07,874.96,,,,"     ",5.30,430.40,1.74
1771,554706940,"01771M11:04:57.059","01771 10:52:49",233.15,875.00,,,,"     ",5.30,434.13,1.76
1771,554706941,"01771M11:04:58.032","01771 10:52:50",233.24,875.06,,,,"     ",5.30,430.98,1.74
1771,554706942,"01771M11:04:59.005","01771 10:52:51",233.31,875.07,,,,"     ",5.30,434.01,1.76
1771,554706943,"01771M11:04:59.979","01771 10:52:52",233.37,874.96,,,,"     ",5.30,430.08,1.74
1771,554706944,"01771M11:05:00.952","01771 10:52:53",233.40,874.95,,,,"     ",5.30,430.36,1.74
1771,554706945,"01771M11:05:01.925","01771 10:52:54",233.42,874.95,,,,"     ",5.30,429.53,1.73
1771,554706946,"01771M11:05:02.898","01771 10:52:55",233.42,875.02,,,,"     ",5.30,433.14,1.75
1771,554706947,"01771M11:05:03.872","01771 10:52:56",233.39,875.04,,,,"     ",5.30,430.30,1.74
1771,554706948,"01771M11:05:04.845","01771 10:52:57",233.34,874.94,,,,"     ",5.30,432.68,1.75
1771,554706949,"01771M11:05:05.818","01771 10:52:58",233.29,874.84,,,,"     ",5.30,431.94,1.74
1771,554706950,"01771M11:05:06.791","01771 10:52:59",233.24,874.90,,,,"     ",5.30,430.00,1.73
1771,554706951,"01771M11:05:07.765","01771 10:53:00",233.18,874.90,,,,"     ",5.30,427.00,1.72
1771,554706952,"01771M11:05:08.738","01771 10:53:01",233.13,874.92,,,,"     ",5.30,431.37,1.74
1771,554706953,"01771M11:05:09.711","01771 10:53:02",233.08,874.98,,,,"     ",5.30,430.77,1.73
1771,554706954,"01771M11:05:10.684","01771 10:53:02",233.02,874.92,,,,"     ",5.30,433.25,1.74
1771,554706955,"01771M11:05:11.658","01771 10:53:03",232.97,874.99,,,,"     ",5.30,431.51,1.74
1771,554706956,"01771M11:05:12.631","01771 10:53:04",232.92,874.97,,,,"     ",5.30,431.40,1.74
1771,554706957,"01771M11:05:13.604","01771 10:53:05",232.88,874.98,,,,"     ",5.30,438.39,1.77
1771,554706958,"01771M11:05:14.577","01771 10:53:06",232.85,874.94,,,,"     ",5.30,428.88,1.72
1771,554706959,"01771M11:05:15.551","01771 10:53:07",232.82,875.03,,,,"     ",5.30,429.34,1.73
1771,554706960,"01771M11:05:16.524","01771 10:53:08",232.80,874.96,,,,"     ",5.30,433.32,1.74
1771,554706961,"01771M11:05:17.497","01771 10:53:09",232.78,874.96,,,,"     ",5.30,432.56,1.74
1771,554706962,"01771M11:05:18.470","01771 10:53:10",232.75,874.97,,,,"     ",5.30,433.18,1.74
1771,554706963,"01771M11:05:19.444","01771 10:53:11",232.71,874.95,,,,"     ",5.30,436.08,1.75
1771,554706964,"01771M11:05:20.417","01771 10:53:12",232.66,874.98,,,,"     ",5.30,435.59,1.75
1771,554706965,"01771M11:05:21.390","01771 10:53:13",232.61,875.00,,,,"     ",5.30,435.57,1.75
1771,554706966,"01771M11:05:22.363","01771 10:53:14",232.57,874.88,,,,"     ",5.30,436.24,1.75
1771,554706967,"01771M11:05:23.337","01771 10:53:15",232.55,874.94,,,,"     ",5.30,427.26,1.71
1771,554706968,"01771M11:05:24.310","01771 10:53:16",232.55,875.00,,,,"     ",5.30,437.83,1.76
1771,554706969,"01771M11:05:25.283","01771 10:53:17",232.58,874.95,,,,"     ",5.30,432.97,1.73
1771,554706970,"01771M11:05:26.256","01771 10:53:18",232.63,874.93,,,,"     ",5.30,433.02,1.74
1771,554706971,"01771M11:05:27.230","01771 10:53:19",232.70,874.96,,,,"     ",5.30,436.62,1.75
1771,554706972,"01771M11:05:28.203","01771 10:53:20",232.78,874.86,,,,"     ",5.30,434.14,1.74
1771,554706973,"01771M11:05:29.176","01771 10:53:21",232.86,874.93,,,,"     ",5.30,431.00,1.73
1771,554706974,"01771M11:05:30.149","01771 10:53:22",232.96,874.86,,,,"     ",5.30,434.93,1.74
1771,554706975,"01771M11:05:31.123","01771 10:53:23",233.05,874.89,,,,"     ",5.30,433.29,1.73
1771,554706976,"01771M11:05:32.096","01771 10:53:24",233.15,874.83,,,,"     ",5.30,433.34,1.73
1771,554706977,"01771M11:05:33.069","01771 10:53:25",233.26,874.89,,,,"     ",5.30,430.65,1.72
1771,554706978,"01771M11:05:34.043","01771 10:53:26",233.35,874.86,,,,"     ",5.30,434.30,1.74
1771,554706979,"01771M11:05:35.016","01771 10:53:27",233.43,874.80,,,,"     ",5.30,437.35,1.75
1771,554706980,"01771M11:05:35.989","01771 10:53:28",233.49,874.79,,,,"     ",5.30,433.62,1.73
1771,554706981,"01771M11:05:36.962","01771 10:53:29",233.53,874.78,,,,"     ",5.30,433.82,1.73
1771,554706982,"01771M11:05:37.936","01771 10:53:30",233.55,874.83,,,,"     ",5.30,437.56,1.75
1771,554706983,"01771M11:05:38.909","01771 10:53:31",233.56,874.81,,,,"     ",5.30,432.57,1.73
1771,554706984,"01771M11:05:39.882","01771 10:53:32",233.56,874.81,,,,"     ",5.30,438.52,1.75
1771,554706985,"01771M11:05:40.855","01771 10:53:33",233.56,874.86,,,,"     ",5.30,434.47,1.73
1771,554706986,"01771M11:05:41.829","01771 10:53:34",233.56,874.79,,,,"     ",5.30,436.73,1.74
1771,554706987,"01771M11:05:42.802","01771 10:53:35",233.58,874.79,,,,"     ",5.30,435.37,1.73
1771,554706988,"01771M11:05:43.775","01771 10:53:36",233.60,874.79,,,,"     ",5.30,437.73,1.74
1771,554706989,"01771M11:05:44.748","01771 10:53:37",233.61,874.87,,,,"     ",5.30,433.72,1.73
1771,554706990,"01771M11:05:45.722","01771 10:53:38",233.62,874.77,,,,"     ",5.30,434.10,1.73
1771,554706991,"01771M11:05:46.695","01771 10:53:39",233.62,874.79,,,,"     ",5.30,435.66,1.73
1771,554706992,"01771M11:05:47.668","01771 10:53:39",233.61,874.80,,,,"     ",5.30,429.18,1.71
1771,554706993,"01771M11:05:48.641","01771 10:53:40",233.60,874.82,,,,"     ",5.30,435.22,1.73
1771,554706994,"01771M11:05:49.615","01771 10:53:41",233.58,874.82,,,,"     ",5.30,437.53,1.74
1771,554706995,"01771M11:05:50.588","01771 10:53:42",233.55,874.85,,,,"     ",5.30,438.37,1.74
1771,554706996,"01771M11:05:51.561","01771 10:53:43",233.50,874.87,,,,"     ",5.30,435.93,1.73
1771,554706997,"01771M11:05:52.534","01771 10:53:44",233.45,874.78,,,,"     ",5.30,435.07,1.73
1771,554706998,"01771M11:05:53.508","01771 10:53:45",233.36,874.78,,,,"     ",5.30,436.80,1.73
1771,554706999,"01771M11:05:54.481","01771 10:53:46",233.27,874.87,,,,"     ",5.30,432.28,1.71
1771,554707000,"01771M11:05:55.454","01771 10:53:47",233.15,874.81,,,,"     ",5.30,438.02,1.74
1771,554707001,"01771M11:05:56.427","01771 10:53:48",233.01,874.74,,,,"     ",5.30,439.77,1.74
1771,554707002,"01771M11:05:57.401","01771 10:53:49",232.85,874.71,,,,"     ",5.30,434.94,1.72
1771,554707003,"01771M11:05:58.374","01771 10:53:50",232.67,874.86,,,,"     ",5.30,436.06,1.73
1771,554707004,"01771M11:05:59.347","01771 10:53:51",232.49,874.93,,,,"     ",5.30,438.38,1.74
1771,554707005,"01771M11:06:00.320","01771 10:53:52",232.30,874.94,,,,"     ",5.30,439.54,1.74
1771,554707006,"01771M11:06:01.294","01771 10:53:53",232.10,874.89,,,,"     ",5.30,437.39,1.73
1771,554707007,"01771M11:06:02.267","01771 10:53:54",231.90,874.94,,,,"     ",5.30,437.06,1.73
1771,554707008,"01771M11:06:03.240","01771 10:53:55",231.69,874.95,,,,"     ",5.30,437.29,1.73
1771,554707009,"01771M11:06:04.213","01771 10:53:56",231.49,874.74,,,,"     ",5.30,439.44,1.74
1771,554707010,"01771M11:06:05.187","01771 10:53:57",231.28,874.83,,,,"     ",5.30,438.67,1.74
1771,554707011,"01771M11:06:06.160","01771 10:53:58",231.08,874.82,,,,"     ",5.30,433.63,1.72
1771,554707012,"01771M11:06:07.133","01771 10:53:59",230.88,874.74,,,,"     ",5.30,439.19,1.74
1771,554707013,"01771M11:06:08.106","01771 10:54:00",230.70,874.68,,,,"     ",5.30,435.18,1.72
1771,554707014,"01771M11:06:09.080","01771 10:54:01",230.54,874.77,,,,"     ",5.30,439.21,1.74
1771,554707015,"01771M11:06:10.053","01771 10:54:02",230.41,874.78,,,,"     ",5.30,438.15,1.73
1771,554707016,"01771M11:06:11.026","01771 10:54:03",230.30,874.75,,,,"     ",5.30,436.66,1.73
1771,554707017,"01771M11:06:11.999","01771 10:54:04",230.22,874.85,,,,"     ",5.30,434.05,1.72
1771,554707018,"01771M11:06:12.973","01771 10:54:05",230.16,874.83,,,,"     ",5.30,435.67,1.72
1771,554707019,"01771M11:06:13.946","01771 10:54:06",230.10,874.84,,,,"     ",5.30,436.54,1.73
1771,554707020,"01771M11:06:14.919","01771 10:54:07",230.05,874.84,,,,"     ",5.30,440.88,1.74
1771,554707021,"01771M11:06:15.892","01771 10:54:08",230.00,874.80,,,,"     ",5.30,440.89,1.74
1771,554707022,"01771M11:06:16.866","01771 10:54:09",229.96,874.81,,,,"     ",5.30,442.33,1.75
1771,554707023,"01771M11:06:17.839","01771 10:54:10",229.92,874.80,,,,"     ",5.30,441.35,1.74
1771,554707024,"01771M11:06:18.812","01771 10:54:11",229.89,874.80,,,,"     ",5.30,431.64,1.70
1771,554707025,"01771M11:06:19.785","01771 10:54:12",229.86,874.86,,,,"     ",5.30,439.66,1.74
1771,554707026,"01771M11:06:20.759","01771 10:54:13",229.82,874.81,,,,"     ",5.30,436.87,1.73
1771,554707027,"01771M11:06:21.732","01771 10:54:14",229.77,874.78,,,,"     ",5.30,435.84,1.72
1771,554707028,"01771M11:06:22.705","01771 10:54:15",229.71,874.72,,,,"     ",5.30,438.46,1.73
1771,554707029,"01771M11:06:23.678","01771 10:54:16",229.63,874.66,,,,"     ",5.30,439.71,1.74
1771,554707030,"01771M11:06:24.652","01771 10:54:16",229.55,874.69,,,,"     ",5.30,437.94,1.73
1771,554707031,"01771M11:06:25.625","01771 10:54:17",229.46,874.73,,,,"     ",5.30,436.74,1.72
1771,554707032,"01771M11:06:26.598","01771 10:54:18",229.38,874.73,,,,"     ",5.30,441.25,1.74
1771,554707033,"01771M11:06:27.571","01771 10:54:19",229.34,874.72,,,,"     ",5.30,437.12,1.73
1771,554707034,"01771M11:06:28.545","01771 10:54:20",229.32,874.77,,,,"     ",5.30,438.07,1.73
1771,554707035,"01771M11:06:29.518","01771 10:54:21",229.29,874.79,,,,"     ",5.30,437.01,1.72
1771,554707036,"01771M11:06:30.491","01771 10:54:22",229.27,874.69,,,,"     ",5.30,439.81,1.73
1771,554707037,"01771M11:06:31.464","01771 10:54:23",229.24,874.76,,,,"     ",5.30,440.00,1.74
1771,554707038,"01771M11:06:32.438","01771 10:54:24",229.22,874.71,,,,"     ",5.30,441.45,1.74
1771,554707039,"01771M11:06:33.411","01771 10:54:25",229.20,874.72,,,,"     ",5.30,440.28,1.74
1771,554707040,"01771M11:06:34.384","01771 10:54:26",229.19,874.67,,,,"     ",5.30,437.33,1.72
1771,554707041,"01771M11:06:35.357","01771 10:54:27",229.18,874.64,,,,"     ",5.30,439.38,1.73
1771,554707042,"01771M11:06:36.331","01771 10:54:28",229.17,874.67,,,,"     ",5.30,443.62,1.75
1771,554707043,"01771M11:06:37.304","01771 10:54:29",229.16,874.73,,,,"     ",5.30,442.71,1.75
1771,554707044,"01771M11:06:38.277","01771 10:54:30",229.16,874.68,,,,"     ",5.30,438.35,1.73
1771,554707045,"01771M11:06:39.250","01771 10:54:31",229.16,874.71,,,,"     ",5.30,440.43,1.74
1771,554707046,"01771M11:06:40.224","01771 10:54:32",229.16,874.68,,,,"     ",5.30,441.57,1.74
1771,554710385,"01771M12:00:49.917","01771 11:48:43",240.26,867.40,,,,"     ",5.30,,
1771,554710386,"01771M12:00:50.890","01771 11:48:44",240.30,867.45,,,,"     ",5.30,583.51,1.67
1771,554710387,"01771M12:00:51.864","01771 11:48:44",240.34,867.42,,,,"     ",5.30,572.59,1.63
1771,554710388,"01771M12:00:52.837","01771 11:48:45",240.37,867.42,,,,"     ",5.30,575.87,1.64
1771,554710389,"01771M12:00:53.810","01771 11:48:46",240.41,867.42,,,,"     ",5.30,578.35,1.64
1771,554710390,"01771M12:00:54.783","01771 11:48:47",240.46,867.48,,,,"     ",5.30,579.10,1.64
1771,554710391,"01771M12:00:55.757","01771 11:48:48",240.50,867.48,,,,"     ",5.30,582.76,1.65
1771,554710392,"01771M12:00:56.730","01771 11:48:49",240.55,867.41,,,,"     ",5.30,588.00,1.66
1771,554710393,"01771M12:00:57.703","01771 11:48:50",240.59,867.58,,,,"     ",5.30,575.94,1.62
1771,554710394,"01771M12:00:58.676","01771 11:48:51",240.64,867.58,,,,"     ",5.30,584.01,1.64
1771,554710395,"01771M12:00:59.650","01771 11:48:52",240.68,867.50,,,,"     ",5.30,585.57,1.64
1771,554710396,"01771M12:01:00.623","01771 11:48:53",240.73,867.50,,,,"     ",5.30,593.46,1.66
1771,554710397,"01771M12:01:01.596","01771 11:48:54",240.77,867.42,,,,"     ",5.30,582.39,1.62
1771,554710398,"01771M12:01:02.569","01771 11:48:55",240.83,867.47,,,,"     ",5.30,588.58,1.64
1771,554710399,"01771M12:01:03.543","01771 11:48:56",240.89,867.41,,,,"     ",5.30,584.32,1.62
1771,554710400,"01771M12:01:04.516","01771 11:48:57",240.96,867.44,,,,"     ",5.30,582.19,1.61
1771,554710401,"01771M12:01:05.489","01771 11:48:58",241.01,867.41,,,,"     ",5.30,588.54,1.63
1771,554710402,"01771M12:01:06.462","01771 11:48:59",241.07,867.50,,,,"     ",5.30,590.14,1.63
1771,554710403,"01771M12:01:07.436","01771 11:49:00",241.11,867.41,,,,"     ",5.30,583.11,1.61
1771,554710404,"01771M12:01:08.409","01771 11:49:01",241.14,867.45,,,,"     ",5.30,587.44,1.62
1771,554710405,"01771M12:01:09.382","01771 11:49:02",241.17,867.52,,,,"     ",5.30,595.65,1.64
1771,554710406,"01771M12:01:10.355","01771 11:49:03",241.19,867.42,,,,"     ",5.30,589.71,1.62
1771,554710407,"01771M12:01:11.329","01771 11:49:04",241.21,867.41,,,,"     ",5.30,592.06,1.62
1771,554710408,"01771M12:01:12.302","01771 11:49:05",241.21,867.50,,,,"     ",5.30,591.25,1.62
1771,554710409,"01771M12:01:13.275","01771 11:49:06",241.22,867.55,,,,"     ",5.30,592.45,1.62
1771,554710410,"01771M12:01:14.248","01771 11:49:07",241.21,867.52,,,,"     ",5.30,593.18,1.62
1771,554710411,"01771M12:01:15.222","01771 11:49:08",241.20,867.57,,,,"     ",5.30,594.65,1.62
1771,554710412,"01771M12:01:16.195","01771 11:49:09",241.18,867.58,,,,"     ",5.30,593.07,1.61
1771,554710413,"01771M12:01:17.168","01771 11:49:10",241.17,867.58,,,,"     ",5.30,594.11,1.61
1771,554710414,"01771M12:01:18.141","01771 11:49:11",241.16,867.57,,,,"     ",5.30,593.25,1.61
1771,554710415,"01771M12:01:19.115","01771 11:49:12",241.15,867.65,,,,"     ",5.30,597.22,1.61
1771,554710416,"01771M12:01:20.088","01771 11:49:13",241.15,867.56,,,,"     ",5.30,598.74,1.62
1771,554710417,"01771M12:01:21.061","01771 11:49:14",241.15,867.56,,,,"     ",5.30,599.63,1.62
1771,554710418,"01771M12:01:22.034","01771 11:49:15",241.15,867.52,,,,"     ",5.30,594.50,1.60
1771,554710419,"01771M12:01:23.008","01771 11:49:16",241.15,867.49,,,,"     ",5.30,598.75,1.61
1771,554710420,"01771M12:01:23.981","01771 11:49:17",241.15,867.53,,,,"     ",5.30,597.25,1.60
1771,554710421,"01771M12:01:24.954","01771 11:49:18",241.15,867.47,,,,"     ",5.30,598.00,1.60
1771,554710422,"01771M12:01:25.928","01771 11:49:19",241.15,867.45,,,,"     ",5.30,602.00,1.61
1771,554710423,"01771M12:01:26.901","01771 11:49:20",241.15,867.41,,,,"     ",5.30,599.39,1.60
1771,554710424,"01771M12:01:27.874","01771 11:49:20",241.14,867.39,,,,"     ",5.30,604.49,1.62
1771,554710425,"01771M12:01:28.847","01771 11:49:21",241.13,867.43,,,,"     ",5.30,604.92,1.62
1771,554710426,"01771M12:01:29.821","01771 11:49:22",241.11,867.40,,,,"     ",5.30,602.85,1.61
1771,554710427,"01771M12:01:30.794","01771 11:49:23",241.09,867.44,,,,"     ",5.30,602.65,1.61
1771,554710428,"01771M12:01:31.767","01771 11:49:24",241.07,867.42,,,,"     ",5.30,600.56,1.60
1771,554710429,"01771M12:01:32.740","01771 11:49:25",241.05,867.43,,,,"     ",5.30,599.22,1.59
1771,554710430,"01771M12:01:33.714","01771 11:49:26",241.04,867.39,,,,"     ",5.30,606.10,1.61
1771,554710431,"01771M12:01:34.687","01771 11:49:27",241.04,867.45,,,,"     ",5.30,601.43,1.60
1771,554710432,"01771M12:01:35.660","01771 11:49:28",241.06,867.41,,,,"     ",5.30,603.72,1.60
1771,554710433,"01771M12:01:36.633","01771 11:49:29",241.09,867.44,,,,"     ",5.30,608.64,1.61
1771,554710434,"01771M12:01:37.607","01771 11:49:30",241.13,867.41,,,,"     ",5.30,609.52,1.61
1771,554710435,"01771M12:01:38.580","01771 11:49:31",241.17,867.44,,,,"     ",5.30,603.80,1.60
1771,554710436,"01771M12:01:39.553","01771 11:49:32",241.20,867.40,,,,"     ",5.30,612.32,1.62
1771,554710437,"01771M12:01:40.526","01771 11:49:33",241.23,867.47,,,,"     ",5.30,614.69,1.62
1771,554710438,"01771M12:01:41.500","01771 11:49:34",241.24,867.44,,,,"     ",5.30,613.93,1.62
1771,554710439,"01771M12:01:42.473","01771 11:49:35",241.23,867.39,,,,"     ",5.30,610.36,1.61
1771,554710440,"01771M12:01:43.446","01771 11:49:36",241.21,867.35,,,,"     ",5.30,618.48,1.63
1771,554710441,"01771M12:01:44.419","01771 11:49:37",241.17,867.41,,,,"     ",5.30,607.98,1.60
1771,554710442,"01771M12:01:45.393","01771 11:49:38",241.12,867.35,,,,"     ",5.30,615.56,1.62
1771,554710443,"01771M12:01:46.366","01771 11:49:39",241.05,867.31,,,,"     ",5.30,615.79,1.62
1771,554710444,"01771M12:01:47.339","01771 11:49:40",240.96,867.26,,,,"     ",5.30,610.56,1.60
1771,554710445,"01771M12:01:48.312","01771 11:49:41",240.85,867.30,,,,"     ",5.30,615.88,1.61
1771,554710446,"01771M12:01:49.286","01771 11:49:42",240.73,867.26,,,,"     ",5.30,615.42,1.61
1771,554710447,"01771M12:01:50.259","01771 11:49:43",240.60,867.30,,,,"     ",5.30,616.21,1.61
1771,554710448,"01771M12:01:51.232","01771 11:49:44",240.47,867.33,,,,"     ",5.30,612.95,1.60
1771,554710449,"01771M12:01:52.205","01771 11:49:45",240.34,867.38,,,,"     ",5.30,620.95,1.62
1771,554710450,"01771M12:01:53.179","01771 11:49:46",240.22,867.32,,,,"     ",5.30,612.13,1.60
1771,554710451,"01771M12:01:54.152","01771 11:49:47",240.11,867.32,,,,"     ",5.30,608.02,1.59
1771,554710452,"01771M12:01:55.125","01771 11:49:48",240.02,867.33,,,,"     ",5.30,612.47,1.60
1771,554710453,"01771M12:01:56.098","01771 11:49:49",239.95,867.33,,,,"     ",5.30,610.68,1.59
1771,554710454,"01771M12:01:57.072","01771 11:49:50",239.89,867.29,,,,"     ",5.30,612.73,1.60
1771,554710455,"01771M12:01:58.045","01771 11:49:51",239.85,867.32,,,,"     ",5.30,607.19,1.58
1771,554710456,"01771M12:01:59.018","01771 11:49:52",239.83,867.34,,,,"     ",5.30,610.45,1.59
1771,554710457,"01771M12:01:59.991","01771 11:49:53",239.83,867.29,,,,"     ",5.30,621.64,1.62
1771,554710458,"01771M12:02:00.965","01771 11:49:54",239.83,867.37,,,,"     ",5.30,610.61,1.59
1771,554710459,"01771M12:02:01.938","01771 11:49:55",239.84,867.31,,,,"     ",5.30,608.97,1.58
1771,554710460,"01771M12:02:02.911","01771 11:49:56",239.85,867.34,,,,"     ",5.30,615.76,1.60
1771,554710461,"01771M12:02:03.884","01771 11:49:57",239.86,867.35,,,,"     ",5.30,618.73,1.61
1771,554710462,"01771M12:02:04.858","01771 11:49:57",239.87,867.39,,,,"     ",5.30,617.36,1.60
1771,554710463,"01771M12:02:05.831","01771 11:49:58",239.86,867.37,,,,"     ",5.30,619.24,1.61
1771,554710464,"01771M12:02:06.804","01771 11:49:59",239.83,867.34,,,,"     ",5.30,616.88,1.60
1771,554710465,"01771M12:02:07.777","01771 11:50:00",239.79,867.35,,,,"     ",5.30,612.10,1.58
1771,554710466,"01771M12:02:08.751","01771 11:50:01",239.73,867.30,,,,"     ",5.30,619.30,1.60
1771,554710467,"01771M12:02:09.724","01771 11:50:02",239.66,867.35,,,,"     ",5.30,619.42,1.60
1771,554710468,"01771M12:02:10.697","01771 11:50:03",239.57,867.38,,,,"     ",5.30,628.49,1.63
1771,554710469,"01771M12:02:11.670","01771 11:50:04",239.47,867.34,,,,"     ",5.30,617.76,1.60
1771,554710470,"01771M12:02:12.644","01771 11:50:05",239.37,867.38,,,,"     ",5.30,616.93,1.59
1771,554710471,"01771M12:02:13.617","01771 11:50:06",239.27,867.29,,,,"     ",5.30,625.48,1.62
1771,554710472,"01771M12:02:14.590","01771 11:50:07",239.17,867.30,,,,"     ",5.30,623.69,1.61
1771,554710473,"01771M12:02:15.563","01771 11:50:08",239.09,867.27,,,,"     ",5.30,621.97,1.61
1771,554710474,"01771M12:02:16.537","01771 11:50:09",239.02,867.38,,,,"     ",5.30,623.93,1.61
1771,554710475,"01771M12:02:17.510","01771 11:50:10",238.97,867.33,,,,"     ",5.30,621.09,1.60
1771,554710476,"01771M12:02:18.483","01771 11:50:11",238.93,867.42,,,,"     ",5.30,625.86,1.62
1771,554710477,"01771M12:02:19.456","01771 11:50:12",238.90,867.40,,,,"     ",5.30,622.57,1.61
1771,554710478,"01771M12:02:20.430","01771 11:50:13",238.88,867.37,,,,"     ",5.30,626.31,1.62
1771,554710479,"01771M12:02:21.403","01771 11:50:14",238.87,867.38,,,,"     ",5.30,625.73,1.61
1771,554710480,"01771M12:02:22.376","01771 11:50:15",238.85,867.40,,,,"     ",5.30,623.20,1.61
1771,554710481,"01771M12:02:23.349","01771 11:50:16",238.84,867.34,,,,"     ",5.30,620.06,1.60
1771,554710482,"01771M12:02:24.323","01771 11:50:17",238.83,867.28,,,,"     ",5.30,625.28,1.61
1771,554710483,"01771M12:02:25.296","01771 11:50:18",238.82,867.31,,,,"     ",5.30,619.14,1.59
1771,554710484,"01771M12:02:26.269","01771 11:50:19",238.81,867.29,,,,"     ",5.30,623.79,1.61
1771,554710485,"01771M12:02:27.242","01771 11:50:20",238.80,867.25,,,,"     ",5.30,617.60,1.59
1771,554710486,"01771M12:02:28.216","01771 11:50:21",238.79,867.31,,,,"     ",5.30,619.47,1.59
1771,554710487,"01771M12:02:29.189","01771 11:50:22",238.78,867.32,,,,"     ",5.30,625.17,1.61
1771,554710488,"01771M12:02:30.162","01771 11:50:23",238.76,867.29,,,,"     ",5.30,622.38,1.60
1771,554710489,"01771M12:02:31.135","01771 11:50:24",238.74,867.25,,,,"     ",5.30,627.64,1.62
1771,554710490,"01771M12:02:32.109","01771 11:50:25",238.71,867.21,,,,"     ",5.30,623.77,1.61
1771,554710491,"01771M12:02:33.082","01771 11:50:26",238.67,867.26,,,,"     ",5.30,623.62,1.60
1771,554710492,"01771M12:02:34.055","01771 11:50:27",238.64,867.24,,,,"     ",5.30,623.64,1.60
1771,554710493,"01771M12:02:35.029","01771 11:50:28",238.61,867.33,,,,"     ",5.30,620.63,1.60
1771,554710494,"01771M12:02:36.002","01771 11:50:29",238.59,867.21,,,,"     ",5.30,624.50,1.61
1771,554710495,"01771M12:02:36.975","01771 11:50:30",238.56,867.30,,,,"     ",5.30,619.68,1.59
1771,554710496,"01771M12:02:37.948","01771 11:50:31",238.53,867.29,,,,"     ",5.30,625.42,1.61
1771,554710497,"01771M12:02:38.922","01771 11:50:32",238.50,867.18,,,,"     ",5.30,634.09,1.63
1771,554710498,"01771M12:02:39.895","01771 11:50:33",238.46,867.19,,,,"     ",5.30,625.14,1.61
1771,554710499,"01771M12:02:40.868","01771 11:50:34",238.42,867.18,,,,"     ",5.30,626.92,1.61
1771,554710500,"01771M12:02:41.841","01771 11:50:34",238.39,867.22,,,,"     ",5.30,631.26,1.62
1771,554710501,"01771M12:02:42.815","01771 11:50:35",238.37,867.28,,,,"     ",5.30,629.77,1.62
1771,554710502,"01771M12:02:43.788","01771 11:50:36",238.35,867.21,,,,"     ",5.30,626.85,1.61
1771,554710503,"01771M12:02:44.761","01771 11:50:37",238.34,867.28,,,,"     ",5.30,628.37,1.62
1771,554710504,"01771M12:02:45.734","01771 11:50:38",238.33,867.25,,,,"     ",5.30,626.35,1.61
1771,554710505,"01771M12:02:46.708","01771 11:50:39",238.32,867.29,,,,"     ",5.30,629.40,1.62
1771,554710506,"01771M12:02:47.681","01771 11:50:40",238.30,867.28,,,,"     ",5.30,631.01,1.62
1771,554710507,"01771M12:02:48.654","01771 11:50:41",238.27,867.28,,,,"     ",5.30,629.73,1.62
1771,554710508,"01771M12:02:49.627","01771 11:50:42",238.22,867.23,,,,"     ",5.30,629.43,1.62
1771,554710509,"01771M12:02:50.601","01771 11:50:43",238.16,867.20,,,,"     ",5.30,628.79,1.62
1771,554710510,"01771M12:02:51.574","01771 11:50:44",238.09,867.19,,,,"     ",5.30,624.84,1.61
1771,554710511,"01771M12:02:52.547","01771 11:50:45",238.02,867.24,,,,"     ",5.30,624.80,1.61
1771,554710512,"01771M12:02:53.520","01771 11:50:46",237.95,867.26,,,,"     ",5.30,632.33,1.63
1771,554710513,"01771M12:02:54.494","01771 11:50:47",237.87,867.26,,,,"     ",5.30,634.99,1.63
1771,554710514,"01771M12:02:55.467","01771 11:50:48",237.78,867.25,,,,"     ",5.30,629.89,1.62
1771,554710515,"01771M12:02:56.440","01771 11:50:49",237.70,867.29,,,,"     ",5.30,630.97,1.62
1771,554710516,"01771M12:02:57.413","01771 11:50:50",237.62,867.30,,,,"     ",5.30,627.24,1.61
1771,554710517,"01771M12:02:58.387","01771 11:50:51",237.56,867.28,,,,"     ",5.30,627.30,1.61
1771,554710518,"01771M12:02:59.360","01771 11:50:52",237.51,867.18,,,,"     ",5.30,631.97,1.63
1771,554710519,"01771M12:03:00.333","01771 11:50:53",237.49,867.21,,,,"     ",5.30,625.45,1.61
1771,554710520,"01771M12:03:01.306","01771 11:50:54",237.48,867.21,,,,"     ",5.30,629.33,1.62
1771,554710521,"01771M12:03:02.280","01771 11:50:55",237.48,867.27,,,,"     ",5.30,620.52,1.60
1771,554710522,"01771M12:03:03.253","01771 11:50:56",237.49,867.23,,,,"     ",5.30,628.64,1.62
1771,554710523,"01771M12:03:04.226","01771 11:50:57",237.51,867.16,,,,"     ",5.30,624.25,1.61
1771,554710524,"01771M12:03:05.199","01771 11:50:58",237.54,867.19,,,,"     ",5.30,629.09,1.62
1771,554710525,"01771M12:03:06.173","01771 11:50:59",237.57,867.28,,,,"     ",5.30,627.82,1.62
1771,554710526,"01771M12:03:07.146","01771 11:51:00",237.61,867.21,,,,"     ",5.30,625.55,1.61
1771,554710527,"01771M12:03:08.119","01771 11:51:01",237.65,867.25,,,,"     ",5.30,628.33,1.62
1771,554710528,"01771M12:03:09.092","01771 11:51:02",237.70,867.25,,,,"     ",5.30,623.42,1.60
1771,554710529,"01771M12:03:10.066","01771 11:51:03",237.74,867.28,,,,"     ",5.30,630.85,1.62
1771,554710530,"01771M12:03:11.039","01771 11:51:04",237.80,867.32,,,,"     ",5.30,627.19,1.61
1771,554710531,"01771M12:03:12.012","01771 11:51:05",237.85,867.30,,,,"     ",5.30,635.16,1.64
1771,554710532,"01771M12:03:12.985","01771 11:51:06",237.91,867.32,,,,"     ",5.30,627.20,1.61
1771,554710533,"01771M12:03:13.959","01771 11:51:07",237.97,867.23,,,,"     ",5.30,632.70,1.63
1771,554710534,"01771M12:03:14.932","01771 11:51:08",238.04,867.21,,,,"     ",5.30,626.71,1.61
1771,554710535,"01771M12:03:15.905","01771 11:51:09",238.11,867.34,,,,"     ",5.30,626.19,1.61
1771,554710536,"01771M12:03:16.878","01771 11:51:10",238.19,867.30,,,,"     ",5.30,623.24,1.60
1771,554710537,"01771M12:03:17.852","01771 11:51:11",238.28,867.42,,,,"     ",5.30,630.43,1.62
1771,554710538,"01771M12:03:18.825","01771 11:51:11",238.36,867.29,,,,"     ",5.30,624.46,1.61
1771,554710539,"01771M12:03:19.798","01771 11:51:12",238.43,867.33,,,,"     ",5.30,632.14,1.63
1771,554710540,"01771M12:03:20.771","01771 11:51:13",238.49,867.35,,,,"     ",5.30,626.83,1.61
1771,554710541,"01771M12:03:21.745","01771 11:51:14",238.55,867.40,,,,"     ",5.30,626.83,1.61
1771,554710542,"01771M12:03:22.718","01771 11:51:15",238.61,867.39,,,,"     ",5.30,623.39,1.60
1771,554710543,"01771M12:03:23.691","01771 11:51:16",238.67,867.34,,,,"     ",5.30,627.21,1.61
1771,554710544,"01771M12:03:24.664","01771 11:51:17",238.73,867.32,,,,"     ",5.30,627.16,1.61
1771,554710545,"01771M12:03:25.638","01771 11:51:18",238.79,867.32,,,,"     ",5.30,625.32,1.61
1771,554710546,"01771M12:03:26.611","01771 11:51:19",238.86,867.33,,,,"     ",5.30,625.98,1.61
1771,554710547,"01771M12:03:27.584","01771 11:51:20",238.94,867.33,,,,"     ",5.30,628.15,1.61
1771,554710548,"01771M12:03:28.557","01771 11:51:21",239.01,867.30,,,,"     ",5.30,626.76,1.61
1771,554710549,"01771M12:03:29.531","01771 11:51:22",239.09,867.33,,,,"     ",5.30,628.08,1.61
1771,554710550,"01771M12:03:30.504","01771 11:51:23",239.17,867.31,,,,"     ",5.30,628.83,1.61
1771,554710551,"01771M12:03:31.477","01771 11:51:24",239.26,867.29,,,,"     ",5.30,625.31,1.60
1771,554710552,"01771M12:03:32.450","01771 11:51:25",239.34,867.32,,,,"     ",5.30,629.22,1.61
1771,554710553,"01771M12:03:33.424","01771 11:51:26",239.42,867.36,,,,"     ",5.30,628.68,1.61
1771,554710554,"01771M12:03:34.397","01771 11:51:27",239.51,867.32,,,,"     ",5.30,634.80,1.62
1771,554710555,"01771M12:03:35.370","01771 11:51:28",239.60,867.26,,,,"     ",5.30,630.47,1.61
1771,554710556,"01771M12:03:36.343","01771 11:51:29",239.69,867.33,,,,"     ",5.30,628.80,1.61
1771,554710557,"01771M12:03:37.317","01771 11:51:30",239.78,867.37,,,,"     ",5.30,625.75,1.60
1771,554710558,"01771M12:03:38.290","01771 11:51:31",239.88,867.30,,,,"     ",5.30,626.19,1.60
1771,554710559,"01771M12:03:39.263","01771 11:51:32",239.99,867.35,,,,"     ",5.30,627.42,1.60
1771,554710560,"01771M12:03:40.236","01771 11:51:33",240.08,867.32,,,,"     ",5.30,634.71,1.62
1771,554710561,"01771M12:03:41.210","01771 11:51:34",240.18,867.33,,,,"     ",5.30,624.29,1.59
1771,554710562,"01771M12:03:42.183","01771 11:51:35",240.27,867.35,,,,"     ",5.30,638.47,1.63
1771,554710563,"01771M12:03:43.156","01771 11:51:36",240.36,867.28,,,,"     ",5.30,627.11,1.60
1771,554710564,"01771M12:03:44.129","01771 11:51:37",240.44,867.26,,,,"     ",5.30,632.03,1.61
1771,554710565,"01771M12:03:45.103","01771 11:51:38",240.52,867.18,,,,"     ",5.30,630.52,1.60
1771,554710566,"01771M12:03:46.076","01771 11:51:39",240.58,867.21,,,,"     ",5.30,631.66,1.61
1771,554710567,"01771M12:03:47.049","01771 11:51:40",240.64,867.20,,,,"     ",5.30,627.17,1.59
1771,554710568,"01771M12:03:48.023","01771 11:51:41",240.69,867.17,,,,"     ",5.30,639.93,1.62
1771,554710569,"01771M12:03:48.996","01771 11:51:42",240.72,867.15,,,,"     ",5.30,633.41,1.61
1771,554710570,"01771M12:03:49.969","01771 11:51:43",240.75,867.23,,,,"     ",5.30,634.69,1.61
1771,554710571,"01771M12:03:50.942","01771 11:51:44",240.77,867.19,,,,"     ",5.30,635.57,1.61
1771,554710572,"01771M12:03:51.916","01771 11:51:45",240.80,867.19,,,,"     ",5.30,633.45,1.60
1771,554710573,"01771M12:03:52.889","01771 11:51:46",240.82,867.12,,,,"     ",5.30,632.12,1.60
1771,554710574,"01771M12:03:53.862","01771 11:51:47",240.84,867.18,,,,"     ",5.30,636.41,1.61
1771,554710575,"01771M12:03:54.835","01771 11:51:47",240.87,867.22,,,,"     ",5.30,633.04,1.60
1771,554710576,"01771M12:03:55.809","01771 11:51:48",240.91,867.25,,,,"     ",5.30,632.08,1.60
1771,554710577,"01771M12:03:56.782","01771 11:51:49",240.95,867.26,,,,"     ",5.30,636.67,1.61
1771,554710578,"01771M12:03:57.755","01771 11:51:50",240.99,867.30,,,,"     ",5.30,637.18,1.61
1771,554710579,"01771M12:03:58.728","01771 11:51:51",241.03,867.33,,,,"     ",5.30,634.40,1.60
1771,554710580,"01771M12:03:59.702","01771 11:51:52",241.07,867.32,,,,"     ",5.30,636.10,1.60
1771,554710581,"01771M12:04:00.675","01771 11:51:53",241.12,867.29,,,,"     ",5.30,633.21,1.60
1771,554710582,"01771M12:04:01.648","01771 11:51:54",241.17,867.33,,,,"     ",5.30,641.50,1.62
1771,554710583,"01771M12:04:02.621","01771 11:51:55",241.22,867.33,,,,"     ",5.30,628.71,1.58
1771,554710584,"01771M12:04:03.595","01771 11:51:56",241.29,867.21,,,,"     ",5.30,638.21,1.60
1771,554710585,"01771M12:04:04.568","01771 11:51:57",241.37,867.16,,,,"     ",5.30,639.07,1.61
1771,554710586,"01771M12:04:05.541","01771 11:51:58",241.44,867.17,,,,"     ",5.30,635.46,1.59
1771,554710587,"01771M12:04:06.514","01771 11:51:59",241.52,867.22,,,,"     ",5.30,635.91,1.60
1771,554710588,"01771M12:04:07.488","01771 11:52:00",241.59,867.19,,,,"     ",5.30,639.50,1.60
1771,554710589,"01771M12:04:08.461","01771 11:52:01",241.66,867.24,,,,"     ",5.30,634.14,1.59
1771,554710590,"01771M12:04:09.434","01771 11:52:02",241.73,867.16,,,,"     ",5.30,634.69,1.59
1771,554710591,"01771M12:04:10.407","01771 11:52:03",241.80,867.20,,,,"     ",5.30,636.38,1.59
1771,554710592,"01771M12:04:11.381","01771 11:52:04",241.87,867.22,,,,"     ",5.30,638.47,1.60
1771,554710593,"01771M12:04:12.354","01771 11:52:05",241.94,867.22,,,,"     ",5.30,634.56,1.59
1771,554710594,"01771M12:04:13.327","01771 11:52:06",242.01,867.20,,,,"     ",5.30,636.98,1.59
1771,554710595,"01771M12:04:14.300","01771 11:52:07",242.08,867.23,,,,"     ",5.30,633.51,1.58
1771,554710596,"01771M12:04:15.274","01771 11:52:08",242.14,867.32,,,,"     ",5.30,638.27,1.59
1771,554710597,"01771M12:04:16.247","01771 11:52:09",242.20,867.30,,,,"     ",5.30,649.82,1.62
1771,554710598,"01771M12:04:17.220","01771 11:52:10",242.24,867.28,,,,"     ",5.30,639.13,1.59
1771,554710599,"01771M12:04:18.193","01771 11:52:11",242.28,867.31,,,,"     ",5.30,643.02,1.60
1771,554710600,"01771M12:04:19.167","01771 11:52:12",242.29,867.34,,,,"     ",5.30,639.49,1.59
1771,554710601,"01771M12:04:20.140","01771 11:52:13",242.29,867.33,,,,"     ",5.30,643.34,1.60
1771,554710602,"01771M12:04:21.113","01771 11:52:14",242.28,867.36,,,,"     ",5.30,641.31,1.59
1771,554710603,"01771M12:04:22.086","01771 11:52:15",242.24,867.41,,,,"     ",5.30,639.29,1.59
1771,554710604,"01771M12:04:23.060","01771 11:52:16",242.18,867.43,,,,"     ",5.30,638.88,1.59
1771,554710605,"01771M12:04:24.033","01771 11:52:17",242.10,867.37,,,,"     ",5.30,643.28,1.60
1771,554710606,"01771M12:04:25.006","01771 11:52:18",241.99,867.38,,,,"     ",5.30,644.25,1.60
1771,554710607,"01771M12:04:25.979","01771 11:52:19",241.86,867.39,,,,"     ",5.30,637.87,1.58
1771,554710608,"01771M12:04:26.953","01771 11:52:20",241.72,867.35,,,,"     ",5.30,639.90,1.58
1771,554710609,"01771M12:04:27.926","01771 11:52:21",241.57,867.30,,,,"     ",5.30,641.04,1.59
1771,554710610,"01771M12:04:28.899","01771 11:52:22",241.43,867.28,,,,"     ",5.30,646.15,1.60
1771,554710611,"01771M12:04:29.872","01771 11:52:23",241.28,867.29,,,,"     ",5.30,645.35,1.59
1771,554710612,"01771M12:04:30.846","01771 11:52:24",241.14,867.28,,,,"     ",5.30,644.83,1.59
1771,554710613,"01771M12:04:31.819","01771 11:52:24",241.02,867.21,,,,"     ",5.30,642.84,1.59
1771,554710614,"01771M12:04:32.792","01771 11:52:25",240.91,867.20,,,,"     ",5.30,645.53,1.59
1771,554710615,"01771M12:04:33.765","01771 11:52:26",240.81,867.17,,,,"     ",5.30,647.81,1.60
1771,554710616,"01771M12:04:34.739","01771 11:52:27",240.72,867.19,,,,"     ",5.30,648.95,1.60
1771,554710617,"01771M12:04:35.712","01771 11:52:28",240.63,867.21,,,,"     ",5.30,643.05,1.58
1771,554710618,"01771M12:04:36.685","01771 11:52:29",240.53,867.26,,,,"     ",5.30,641.90,1.58
1771,554710619,"01771M12:04:37.658","01771 11:52:30",240.44,867.21,,,,"     ",5.30,646.09,1.59
1771,554710620,"01771M12:04:38.632","01771 11:52:31",240.34,867.20,,,,"     ",5.30,652.28,1.60
1771,554710621,"01771M12:04:39.605","01771 11:52:32",240.23,867.19,,,,"     ",5.30,649.99,1.60
1771,554710622,"01771M12:04:40.578","01771 11:52:33",240.11,867.17,,,,"     ",5.30,654.94,1.61
1771,554710623,"01771M12:04:41.551","01771 11:52:34",239.99,867.22,,,,"     ",5.30,645.31,1.58
1771,554710624,"01771M12:04:42.525","01771 11:52:35",239.85,867.17,,,,"     ",5.30,646.75,1.59
1771,554710625,"01771M12:04:43.498","01771 11:52:36",239.70,867.16,,,,"     ",5.30,650.50,1.59
1771,554710626,"01771M12:04:44.471","01771 11:52:37",239.54,867.14,,,,"     ",5.30,652.05,1.60
1771,554710627,"01771M12:04:45.444","01771 11:52:38",239.38,867.15,,,,"     ",5.30,649.37,1.59
1771,554710628,"01771M12:04:46.418","01771 11:52:39",237.67,867.14,,,,"     ",5.30,651.17,1.60
1771,554710629,"01771M12:04:47.391","01771 11:52:40",237.53,867.18,,,,"     ",5.30,646.69,1.58
1771,554710630,"01771M12:04:48.364","01771 11:52:41",237.41,867.15,,,,"     ",5.30,651.82,1.60
1771,554710631,"01771M12:04:49.337","01771 11:52:42",237.30,867.15,,,,"     ",5.30,653.93,1.60
1771,554710632,"01771M12:04:50.311","01771 11:52:43",237.21,867.22,,,,"     ",5.30,643.88,1.58
1771,554710633,"01771M12:04:51.284","01771 11:52:44",237.15,867.20,,,,"     ",5.30,653.05,1.60
1771,554710634,"01771M12:04:52.257","01771 11:52:45",237.11,867.23,,,,"     ",5.30,647.89,1.58
1771,554710635,"01771M12:04:53.230","01771 11:52:46",237.09,867.18,,,,"     ",5.30,642.96,1.57
1771,554710636,"01771M12:04:54.204","01771 11:52:47",237.08,867.22,,,,"     ",5.30,653.46,1.60
1771,554710637,"01771M12:04:55.177","01771 11:52:48",237.09,867.17,,,,"     ",5.30,643.21,1.57
1771,554710638,"01771M12:04:56.150","01771 11:52:49",237.13,867.14,,,,"     ",5.30,646.38,1.58
1771,554710639,"01771M12:04:57.124","01771 11:52:50",237.19,867.06,,,,"     ",5.30,648.76,1.59
1771,554710640,"01771M12:04:58.097","01771 11:52:51",237.26,867.09,,,,"     ",5.30,651.77,1.59
1771,554710641,"01771M12:04:59.070","01771 11:52:52",237.35,867.12,,,,"     ",5.30,650.35,1.59
1771,554710642,"01771M12:05:00.043","01771 11:52:53",237.43,867.04,,,,"     ",5.30,644.80,1.57
1771,554710643,"01771M12:05:01.017","01771 11:52:54",237.51,867.04,,,,"     ",5.30,651.57,1.59
1771,554710644,"01771M12:05:01.990","01771 11:52:55",237.59,867.06,,,,"     ",5.30,658.76,1.61
1771,554710645,"01771M12:05:02.963","01771 11:52:56",237.65,867.09,,,,"     ",5.30,652.76,1.59
1771,554710646,"01771M12:05:03.936","01771 11:52:57",237.69,867.02,,,,"     ",5.30,654.37,1.60
1771,554710647,"01771M12:05:04.910","01771 11:52:58",237.72,866.98,,,,"     ",5.30,651.73,1.59
1771,554710648,"01771M12:05:05.883","01771 11:52:59",237.72,867.04,,,,"     ",5.30,653.74,1.60
1771,554710649,"01771M12:05:06.856","01771 11:53:00",237.70,867.03,,,,"     ",5.30,648.97,1.58
1771,554710650,"01771M12:05:07.829","01771 11:53:01",237.67,867.11,,,,"     ",5.30,646.36,1.58
1771,554710651,"01771M12:05:08.803","01771 11:53:01",237.62,867.09,,,,"     ",5.30,653.42,1.59
1771,554710652,"01771M12:05:09.776","01771 11:53:02",237.57,866.99,,,,"     ",5.30,650.00,1.59
1771,554710653,"01771M12:05:10.749","01771 11:53:03",237.53,866.97,,,,"     ",5.30,650.25,1.59
1771,554710654,"01771M12:05:11.722","01771 11:53:04",237.48,867.07,,,,"     ",5.30,649.36,1.58
1771,554710655,"01771M12:05:12.696","01771 11:53:05",237.44,867.02,,,,"     ",5.30,648.81,1.58
1771,554710656,"01771M12:05:13.669","01771 11:53:06",237.41,866.95,,,,"     ",5.30,649.58,1.58
1771,554710657,"01771M12:05:14.642","01771 11:53:07",237.37,867.00,,,,"     ",5.30,647.45,1.58
1771,554710658,"01771M12:05:15.615","01771 11:53:08",237.35,866.99,,,,"     ",5.30,653.25,1.59
1771,554710659,"01771M12:05:16.589","01771 11:53:09",237.32,866.99,,,,"     ",5.30,650.05,1.58
1771,554710660,"01771M12:05:17.562","01771 11:53:10",237.31,866.99,,,,"     ",5.30,652.24,1.59
1771,554710661,"01771M12:05:18.535","01771 11:53:11",237.29,866.91,,,,"     ",5.30,648.19,1.58
1771,554710662,"01771M12:05:19.508","01771 11:53:12",237.26,866.95,,,,"     ",5.30,655.08,1.60
1771,554710663,"01771M12:05:20.482","01771 11:53:13",237.23,866.99,,,,"     ",5.30,646.83,1.58
1771,554710664,"01771M12:05:21.455","01771 11:53:14",237.18,867.00,,,,"     ",5.30,650.17,1.58
1771,554710665,"01771M12:05:22.428","01771 11:53:15",237.13,867.04,,,,"     ",5.30,652.59,1.59
1771,554710666,"01771M12:05:23.401","01771 11:53:16",237.06,867.00,,,,"     ",5.30,651.09,1.59
1771,554710667,"01771M12:05:24.375","01771 11:53:17",236.98,867.01,,,,"     ",5.30,647.25,1.58
1771,554710668,"01771M12:05:25.348","01771 11:53:18",236.91,867.03,,,,"     ",5.30,651.83,1.59
1771,554710669,"01771M12:05:26.321","01771 11:53:19",236.84,867.01,,,,"     ",5.30,661.44,1.61
1771,554710670,"01771M12:05:27.294","01771 11:53:20",236.76,867.03,,,,"     ",5.30,650.69,1.58
1771,554710671,"01771M12:05:28.268","01771 11:53:21",236.69,867.00,,,,"     ",5.30,652.76,1.59
1771,554710672,"01771M12:05:29.241","01771 11:53:22",236.63,867.02,,,,"     ",5.30,655.26,1.60
1771,554710673,"01771M12:05:30.214","01771 11:53:23",236.56,867.09,,,,"     ",5.30,657.44,1.60
1771,554710674,"01771M12:05:31.187","01771 11:53:24",236.48,867.04,,,,"     ",5.30,655.74,1.60
1771,554710675,"01771M12:05:32.161","01771 11:53:25",236.41,867.10,,,,"     ",5.30,642.91,1.57
1771,554710676,"01771M12:05:33.134","01771 11:53:26",236.34,867.07,,,,"     ",5.30,651.37,1.59
1771,554710677,"01771M12:05:34.107","01771 11:53:27",236.29,866.99,,,,"     ",5.30,648.94,1.58
1771,554710678,"01771M12:05:35.080","01771 11:53:28",236.25,866.99,,,,"     ",5.30,651.29,1.59
1771,554710679,"01771M12:05:36.054","01771 11:53:29",236.25,867.08,,,,"     ",5.30,653.32,1.59
1771,554710680,"01771M12:05:37.027","01771 11:53:30",238.19,867.03,,,,"     ",5.30,653.82,1.59
1771,554710681,"01771M12:05:38.000","01771 11:53:31",238.14,866.97,,,,"     ",5.30,649.86,1.58
1771,554710682,"01771M12:05:38.973","01771 11:53:32",238.07,867.00,,,,"     ",5.30,644.70,1.57
1771,554710683,"01771M12:05:39.947","01771 11:53:33",238.00,866.97,,,,"     ",5.30,644.39,1.57
1771,554710684,"01771M12:05:40.920","01771 11:53:34",237.94,867.02,,,,"     ",5.30,647.51,1.58
1771,554710685,"01771M12:05:41.893","01771 11:53:35",237.88,867.04,,,,"     ",5.30,646.32,1.57
1771,554710686,"01771M12:05:42.866","01771 11:53:36",237.83,866.99,,,,"     ",5.30,649.10,1.58
1771,554710687,"01771M12:05:43.840","01771 11:53:37",237.78,867.03,,,,"     ",5.30,651.40,1.59
1771,554710688,"01771M12:05:44.813","01771 11:53:37",237.74,866.98,,,,"     ",5.30,653.45,1.59
1771,554710689,"01771M12:05:45.786","01771 11:53:38",237.70,867.04,,,,"     ",5.30,651.18,1.59
1771,554710690,"01771M12:05:46.759","01771 11:53:39",237.66,867.01,,,,"     ",5.30,658.10,1.60
1771,554710691,"01771M12:05:47.733","01771 11:53:40",237.62,866.96,,,,"     ",5.30,651.49,1.59
1771,554710692,"01771M12:05:48.706","01771 11:53:41",237.59,866.95,,,,"     ",5.30,646.00,1.57
1771,554710693,"01771M12:05:49.679","01771 11:53:42",237.54,866.99,,,,"     ",5.30,647.81,1.58
1771,554710694,"01771M12:05:50.652","01771 11:53:43",237.57,867.00,,,,"     ",5.30,649.71,1.58
1771,554710695,"01771M12:05:51.626","01771 11:53:44",237.61,867.03,,,,"     ",5.30,654.08,1.59
1771,554710696,"01771M12:05:52.599","01771 11:53:45",237.64,866.96,,,,"     ",5.30,654.70,1.60
1771,554710697,"01771M12:05:53.572","01771 11:53:46",237.67,866.97,,,,"     ",5.30,652.58,1.59
1771,554710698,"01771M12:05:54.545","01771 11:53:47",237.70,867.09,,,,"     ",5.30,646.03,1.58
1771,554710699,"01771M12:05:55.519","01771 11:53:48",237.73,867.04,,,,"     ",5.30,655.71,1.60
1771,554710700,"01771M12:05:56.492","01771 11:53:49",237.76,866.98,,,,"     ",5.30,645.77,1.57
1771,554710701,"01771M12:05:57.465","01771 11:53:50",237.79,866.89,,,,"     ",5.30,654.67,1.60
1771,554710702,"01771M12:05:58.438","01771 11:53:51",237.81,866.93,,,,"     ",5.30,643.68,1.57
1771,554710703,"01771M12:05:59.412","01771 11:53:52",237.84,866.87,,,,"     ",5.30,651.04,1.59
1771,554710704,"01771M12:06:00.385","01771 11:53:53",237.86,866.88,,,,"     ",5.30,650.05,1.58
1771,554710705,"01771M12:06:01.358","01771 11:53:54",237.87,866.89,,,,"     ",5.30,648.02,1.58
1771,554710706,"01771M12:06:02.331","01771 11:53:55",237.89,866.91,,,,"     ",5.30,651.30,1.59
1771,554710707,"01771M12:06:03.305","01771 11:53:56",237.91,866.98,,,,"     ",5.30,651.38,1.59
1771,554710708,"01771M12:06:04.278","01771 11:53:57",237.94,866.95,,,,"     ",5.30,650.81,1.59
1771,554710709,"01771M12:06:05.251","01771 11:53:58",237.97,866.92,,,,"     ",5.30,648.38,1.58
1771,554710710,"01771M12:06:06.225","01771 11:53:59",238.01,867.06,,,,"     ",5.30,650.77,1.59
1771,554710711,"01771M12:06:07.198","01771 11:54:00",238.03,866.96,,,,"     ",5.30,650.47,1.58
1771,554710712,"01771M12:06:08.171","01771 11:54:01",238.03,866.94,,,,"     ",5.30,648.59,1.58
1771,554710713,"01771M12:06:09.144","01771 11:54:02",237.99,866.98,,,,"     ",5.30,653.71,1.59
1771,554710714,"01771M12:06:10.118","01771 11:54:03",237.92,866.95,,,,"     ",5.30,656.20,1.60
1771,554710715,"01771M12:06:11.091","01771 11:54:04",237.85,866.98,,,,"     ",5.30,651.82,1.59
1771,554710716,"01771M12:06:12.064","01771 11:54:05",237.78,866.97,,,,"     ",5.30,656.38,1.60
1771,554710717,"01771M12:06:13.037","01771 11:54:06",237.73,867.04,,,,"     ",5.30,652.63,1.59
1771,554710718,"01771M12:06:14.011","01771 11:54:07",237.70,866.98,,,,"     ",5.30,651.54,1.58
1771,554710719,"01771M12:06:14.984","01771 11:54:08",237.68,867.07,,,,"     ",5.30,648.04,1.58
1771,554710720,"01771M12:06:15.957","01771 11:54:09",237.68,867.08,,,,"     ",5.30,652.67,1.59
1771,554710721,"01771M12:06:16.930","01771 11:54:10",237.68,867.09,,,,"     ",5.30,657.70,1.60
1771,554710722,"01771M12:06:17.904","01771 11:54:11",237.68,867.07,,,,"     ",5.30,657.26,1.60
1771,554710723,"01771M12:06:18.877","01771 11:54:12",237.69,867.03,,,,"     ",5.30,653.67,1.59
1771,554710724,"01771M12:06:19.850","01771 11:54:13",237.71,867.04,,,,"     ",5.30,648.58,1.58
1771,554710725,"01771M12:06:20.823","01771 11:54:14",237.75,866.97,,,,"     ",5.30,648.66,1.58
1771,554710726,"01771M12:06:21.797","01771 11:54:14",237.81,866.95,,,,"     ",5.30,657.10,1.60
1771,554710727,"01771M12:06:22.770","01771 11:54:15",237.87,867.04,,,,"     ",5.30,657.50,1.60
1771,554710728,"01771M12:06:23.743","01771 11:54:16",237.91,867.15,,,,"     ",5.30,650.48,1.58
1771,554710729,"01771M12:06:24.716","01771 11:54:17",237.93,867.08,,,,"     ",5.30,654.21,1.59
1771,554710730,"01771M12:06:25.690","01771 11:54:18",237.93,867.05,,,,"     ",5.30,655.19,1.59
1771,554710731,"01771M12:06:26.663","01771 11:54:19",237.92,867.07,,,,"     ",5.30,652.30,1.58
1771,554710732,"01771M12:06:27.636","01771 11:54:20",237.91,867.03,,,,"     ",5.30,651.15,1.58
1771,554710733,"01771M12:06:28.609","01771 11:54:21",237.90,866.92,,,,"     ",5.30,654.80,1.59
1771,554710734,"01771M12:06:29.583","01771 11:54:22",237.90,866.92,,,,"     ",5.30,657.80,1.60
1771,554710735,"01771M12:06:30.556","01771 11:54:23",237.89,866.90,,,,"     ",5.30,658.11,1.60
1771,554710736,"01771M12:06:31.529","01771 11:54:24",237.90,866.97,,,,"     ",5.30,651.71,1.58
1771,554710737,"01771M12:06:32.502","01771 11:54:25",237.90,867.08,,,,"     ",5.30,649.62,1.58
1771,554710738,"01771M12:06:33.476","01771 11:54:26",237.91,867.06,,,,"     ",5.30,652.88,1.58
1771,554710739,"01771M12:06:34.449","01771 11:54:27",237.93,867.06,,,,"     ",5.30,654.83,1.59
1771,554710740,"01771M12:06:35.422","01771 11:54:28",237.96,867.09,,,,"     ",5.30,651.50,1.58
1771,554710741,"01771M12:06:36.395","01771 11:54:29",238.01,867.02,,,,"     ",5.30,663.44,1.61
1771,554710742,"01771M12:06:37.369","01771 11:54:30",238.06,866.99,,,,"     ",5.30,644.62,1.56
1771,554710743,"01771M12:06:38.342","01771 11:54:31",238.12,866.94,,,,"     ",5.30,652.23,1.58
1771,554710744,"01771M12:06:39.315","01771 11:54:32",238.17,867.05,,,,"     ",5.30,657.04,1.59
1771,554710745,"01771M12:06:40.288","01771 11:54:33",238.22,867.04,,,,"     ",5.30,654.73,1.59
1771,554710746,"01771M12:06:41.262","01771 11:54:34",238.26,867.04,,,,"     ",5.30,654.71,1.58
1771,554710747,"01771M12:06:42.235","01771 11:54:35",238.29,867.05,,,,"     ",5.30,652.22,1.58
1771,554710748,"01771M12:06:43.208","01771 11:54:36",238.32,867.00,,,,"     ",5.30,662.16,1.60
1771,554710749,"01771M12:06:44.181","01771 11:54:37",238.35,867.07,,,,"     ",5.30,659.11,1.59
1771,554710750,"01771M12:06:45.155","01771 11:54:38",238.39,867.06,,,,"     ",5.30,658.25,1.59
1771,554710751,"01771M12:06:46.128","01771 11:54:39",238.29,867.04,,,,"     ",5.30,650.88,1.57
1771,554710752,"01771M12:06:47.101","01771 11:54:40",238.20,867.07,,,,"     ",5.30,661.00,1.60
1771,554710753,"01771M12:06:48.074","01771 11:54:41",238.11,867.06,,,,"     ",5.30,651.42,1.57
1771,554710754,"01771M12:06:49.048","01771 11:54:42",238.02,867.08,,,,"     ",5.30,660.40,1.60
1771,554710755,"01771M12:06:50.021","01771 11:54:43",237.93,867.15,,,,"     ",5.30,653.29,1.58
1771,554710756,"01771M12:06:50.994","01771 11:54:44",237.84,867.08,,,,"     ",5.30,654.13,1.58
1771,554710757,"01771M12:06:51.967","01771 11:54:45",237.76,867.06,,,,"     ",5.30,655.72,1.58
1771,554710758,"01771M12:06:52.941","01771 11:54:46",237.68,867.02,,,,"     ",5.30,649.18,1.57
1771,554710759,"01771M12:06:53.914","01771 11:54:47",237.61,867.06,,,,"     ",5.30,651.06,1.57
1771,554710760,"01771M12:06:54.887","01771 11:54:48",237.55,867.07,,,,"     ",5.30,660.77,1.59
1771,554710761,"01771M12:06:55.860","01771 11:54:49",237.50,867.11,,,,"     ",5.30,651.63,1.57
1771,554710762,"01771M12:06:56.834","01771 11:54:50",237.45,867.16,,,,"     ",5.30,658.42,1.59
1771,554710763,"01771M12:06:57.807","01771 11:54:51",237.41,867.14,,,,"     ",5.30,655.15,1.58
1771,554710764,"01771M12:06:58.780","01771 11:54:51",237.37,867.11,,,,"     ",5.30,659.23,1.59
1771,554710765,"01771M12:06:59.753","01771 11:54:52",237.33,867.09,,,,"     ",5.30,658.79,1.59
1771,554710766,"01771M12:07:00.727","01771 11:54:53",237.29,867.14,,,,"     ",5.30,653.56,1.58
1771,554710767,"01771M12:07:01.700","01771 11:54:54",237.25,867.12,,,,"     ",5.30,648.40,1.56
1771,554710768,"01771M12:07:02.673","01771 11:54:55",237.22,867.13,,,,"     ",5.30,650.39,1.57
1771,554710769,"01771M12:07:03.646","01771 11:54:56",237.19,867.13,,,,"     ",5.30,655.45,1.58
1771,554710770,"01771M12:07:04.620","01771 11:54:57",237.16,867.12,,,,"     ",5.30,654.01,1.58
1771,554710771,"01771M12:07:05.593","01771 11:54:58",237.15,867.06,,,,"     ",5.30,662.25,1.60
1771,554710772,"01771M12:07:06.566","01771 11:54:59",237.15,867.08,,,,"     ",5.30,652.79,1.57
1771,554710773,"01771M12:07:07.539","01771 11:55:00",237.16,867.09,,,,"     ",5.30,653.34,1.57
1771,554710774,"01771M12:07:08.513","01771 11:55:01",237.18,867.09,,,,"     ",5.30,659.37,1.59
1771,554710775,"01771M12:07:09.486","01771 11:55:02",237.22,867.07,,,,"     ",5.30,649.05,1.56
1771,554710776,"01771M12:07:10.459","01771 11:55:03",237.27,867.04,,,,"     ",5.30,652.96,1.57
1771,554710777,"01771M12:07:11.432","01771 11:55:04",237.32,866.97,,,,"     ",5.30,658.25,1.59
1771,554710778,"01771M12:07:12.406","01771 11:55:05",237.37,867.00,,,,"     ",5.30,651.78,1.57
1771,554710779,"01771M12:07:13.379","01771 11:55:06",237.42,867.07,,,,"     ",5.30,655.30,1.58
1771,554710780,"01771M12:07:14.352","01771 11:55:07",237.48,867.09,,,,"     ",5.30,651.06,1.57
1771,554710781,"01771M12:07:15.326","01771 11:55:08",237.53,867.06,,,,"     ",5.30,655.56,1.58
1771,554710782,"01771M12:07:16.299","01771 11:55:09",237.59,867.08,,,,"     ",5.30,661.85,1.59
1771,554710783,"01771M12:07:17.272","01771 11:55:10",237.64,866.99,,,,"     ",5.30,658.49,1.58
1771,554710784,"01771M12:07:18.245","01771 11:55:11",237.70,867.02,,,,"     ",5.30,653.50,1.57
1771,554710785,"01771M12:07:19.219","01771 11:55:12",237.76,867.10,,,,"     ",5.30,650.25,1.56
1771,554710786,"01771M12:07:20.192","01771 11:55:13",237.83,867.10,,,,"     ",5.30,661.40,1.59
1771,554710787,"01771M12:07:21.165","01771 11:55:14",237.89,867.06,,,,"     ",5.30,658.86,1.58
1771,554710788,"01771M12:07:22.138","01771 11:55:15",237.96,867.06,,,,"     ",5.30,652.92,1.57
1771,554710789,"01771M12:07:23.112","01771 11:55:16",238.04,867.10,,,,"     ",5.30,655.01,1.57
1771,554710790,"01771M12:07:24.085","01771 11:55:17",238.12,867.06,,,,"     ",5.30,657.87,1.58
1771,554710791,"01771M12:07:25.058","01771 11:55:18",238.21,867.15,,,,"     ",5.30,655.85,1.57
1771,554710792,"01771M12:07:26.031","01771 11:55:19",238.32,867.17,,,,"     ",5.30,652.94,1.57
1771,554710793,"01771M12:07:27.005","01771 11:55:20",238.42,867.12,,,,"     ",5.30,652.57,1.56
1771,554710794,"01771M12:07:27.978","01771 11:55:21",238.53,867.04,,,,"     ",5.30,660.33,1.58
1771,554710795,"01771M12:07:28.951","01771 11:55:22",238.63,866.99,,,,"     ",5.30,655.63,1.57
1771,554710796,"01771M12:07:29.924","01771 11:55:23",238.71,867.05,,,,"     ",5.30,663.97,1.59
1771,554710797,"01771M12:07:30.898","01771 11:55:24",238.78,867.01,,,,"     ",5.30,659.08,1.58
1771,554710798,"01771M12:07:31.871","01771 11:55:25",238.85,867.02,,,,"     ",5.30,655.86,1.57
1771,554710799,"01771M12:07:32.844","01771 11:55:26",238.90,867.03,,,,"     ",5.30,654.26,1.56
1771,554710800,"01771M12:07:33.817","01771 11:55:27",238.96,867.08,,,,"     ",5.30,653.48,1.56
1771,554710801,"01771M12:07:34.791","01771 11:55:28",239.01,867.12,,,,"     ",5.30,656.06,1.57
1771,554710802,"01771M12:07:35.764","01771 11:55:28",239.07,867.06,,,,"     ",5.30,655.16,1.56
1771,554710803,"01771M12:07:36.737","01771 11:55:29",239.12,867.12,,,,"     ",5.30,658.92,1.57
1771,554710804,"01771M12:07:37.710","01771 11:55:30",239.16,867.12,,,,"     ",5.30,656.02,1.56
1771,554710805,"01771M12:07:38.684","01771 11:55:31",239.21,867.07,,,,"     ",5.30,661.09,1.58
1771,554710806,"01771M12:07:39.657","01771 11:55:32",239.25,866.99,,,,"     ",5.30,654.06,1.56
1771,554710807,"01771M12:07:40.630","01771 11:55:33",239.29,867.01,,,,"     ",5.30,659.22,1.57
1771,554710808,"01771M12:07:41.603","01771 11:55:34",239.33,866.99,,,,"     ",5.30,660.06,1.57
1771,554710809,"01771M12:07:42.577","01771 11:55:35",239.37,866.99,,,,"     ",5.30,655.12,1.56
1771,554710810,"01771M12:07:43.550","01771 11:55:36",239.43,866.94,,,,"     ",5.30,661.52,1.57
1771,554710811,"01771M12:07:44.523","01771 11:55:37",239.48,866.95,,,,"     ",5.30,656.80,1.56
1771,554710812,"01771M12:07:45.496","01771 11:55:38",239.53,867.04,,,,"     ",5.30,657.12,1.56
1771,554710813,"01771M12:07:46.470","01771 11:55:39",239.57,867.03,,,,"     ",5.30,662.04,1.57
1771,554710814,"01771M12:07:47.443","01771 11:55:40",239.61,866.99,,,,"     ",5.30,662.62,1.57
1771,554710815,"01771M12:07:48.416","01771 11:55:41",239.64,866.92,,,,"     ",5.30,659.73,1.56
1771,554710816,"01771M12:07:49.389","01771 11:55:42",239.67,867.02,,,,"     ",5.30,658.51,1.56
1771,554710817,"01771M12:07:50.363","01771 11:55:43",239.69,867.06,,,,"     ",5.30,668.83,1.59
1771,554710818,"01771M12:07:51.336","01771 11:55:44",239.72,867.08,,,,"     ",5.30,659.28,1.56
1771,554710819,"01771M12:07:52.309","01771 11:55:45",239.74,867.00,,,,"     ",5.30,666.80,1.58
1771,554710820,"01771M12:07:53.282","01771 11:55:46",239.77,867.02,,,,"     ",5.30,660.79,1.56
1771,554710821,"01771M12:07:54.256","01771 11:55:47",239.79,867.05,,,,"     ",5.30,662.94,1.57
1771,554710822,"01771M12:07:55.229","01771 11:55:48",239.81,867.06,,,,"     ",5.30,659.74,1.56
1771,554710823,"01771M12:07:56.202","01771 11:55:49",239.83,867.08,,,,"     ",5.30,665.76,1.57
1771,554710824,"01771M12:07:57.175","01771 11:55:50",239.85,867.14,,,,"     ",5.30,662.18,1.56
1771,554710825,"01771M12:07:58.149","01771 11:55:51",239.88,867.14,,,,"     ",5.30,663.67,1.57
1771,554710826,"01771M12:07:59.122","01771 11:55:52",239.91,867.13,,,,"     ",5.30,659.79,1.56
1771,554710827,"01771M12:08:00.095","01771 11:55:53",239.94,867.06,,,,"     ",5.30,665.19,1.57
1771,554710828,"01771M12:08:01.068","01771 11:55:54",239.96,867.02,,,,"     ",5.30,666.00,1.57
1771,554710829,"01771M12:08:02.042","01771 11:55:55",239.97,866.97,,,,"     ",5.30,660.98,1.56
1771,554710830,"01771M12:08:03.015","01771 11:55:56",239.97,867.06,,,,"     ",5.30,665.71,1.57
1771,554710831,"01771M12:08:03.988","01771 11:55:57",239.97,867.04,,,,"     ",5.30,665.18,1.57
1771,554710832,"01771M12:08:04.961","01771 11:55:58",239.96,867.01,,,,"     ",5.30,663.26,1.56
1771,554710833,"01771M12:08:05.935","01771 11:55:59",239.94,867.04,,,,"     ",5.30,667.76,1.57
1771,554710834,"01771M12:08:06.908","01771 11:56:00",239.93,867.08,,,,"     ",5.30,669.85,1.57
1771,554710835,"01771M12:08:07.881","01771 11:56:01",239.92,867.00,,,,"     ",5.30,665.94,1.56
1771,554710836,"01771M12:08:08.854","01771 11:56:02",239.90,867.00,,,,"     ",5.30,667.26,1.57
1771,554710837,"01771M12:08:09.828","01771 11:56:03",239.87,866.95,,,,"     ",5.30,665.60,1.56
1771,554710838,"01771M12:08:10.801","01771 11:56:04",239.83,867.01,,,,"     ",5.30,667.65,1.57
1771,554710839,"01771M12:08:11.774","01771 11:56:04",239.78,866.92,,,,"     ",5.30,670.49,1.57
1771,554710840,"01771M12:08:12.747","01771 11:56:05",239.72,866.91,,,,"     ",5.30,666.71,1.56
1771,554710841,"01771M12:08:13.721","01771 11:56:06",239.65,866.92,,,,"     ",5.30,664.98,1.56
1771,554710842,"01771M12:08:14.694","01771 11:56:07",239.59,866.91,,,,"     ",5.30,664.65,1.55
1771,554710843,"01771M12:08:15.667","01771 11:56:08",239.54,866.88,,,,"     ",5.30,663.40,1.55
1771,554710844,"01771M12:08:16.640","01771 11:56:09",239.50,866.87,,,,"     ",5.30,669.19,1.56
1771,554710845,"01771M12:08:17.614","01771 11:56:10",239.48,866.89,,,,"     ",5.30,660.63,1.54
1771,554710846,"01771M12:08:18.587","01771 11:56:11",239.47,866.93,,,,"     ",5.30,668.40,1.56
1771,554710847,"01771M12:08:19.560","01771 11:56:12",239.48,866.94,,,,"     ",5.30,667.18,1.56
1771,554710848,"01771M12:08:20.533","01771 11:56:13",239.51,867.01,,,,"     ",5.30,664.13,1.55
1771,554710849,"01771M12:08:21.507","01771 11:56:14",239.56,867.04,,,,"     ",5.30,667.98,1.56
1771,554710850,"01771M12:08:22.480","01771 11:56:15",239.62,867.00,,,,"     ",5.30,667.90,1.56
1771,554710851,"01771M12:08:23.453","01771 11:56:16",239.69,867.02,,,,"     ",5.30,663.20,1.55
1771,554710852,"01771M12:08:24.427","01771 11:56:17",239.77,866.97,,,,"     ",5.30,665.67,1.55
1771,554710853,"01771M12:08:25.400","01771 11:56:18",239.84,866.99,,,,"     ",5.30,671.80,1.56
1771,554710854,"01771M12:08:26.373","01771 11:56:19",239.92,866.91,,,,"     ",5.30,667.76,1.55
1771,554710855,"01771M12:08:27.346","01771 11:56:20",239.99,866.97,,,,"     ",5.30,672.60,1.56
1771,554710856,"01771M12:08:28.320","01771 11:56:21",240.06,866.89,,,,"     ",5.30,674.05,1.57
1771,554710857,"01771M12:08:29.293","01771 11:56:22",240.13,866.95,,,,"     ",5.30,665.47,1.55
1771,554710858,"01771M12:08:30.266","01771 11:56:23",240.20,866.96,,,,"     ",5.30,674.71,1.57
1771,554710859,"01771M12:08:31.239","01771 11:56:24",240.28,866.90,,,,"     ",5.30,669.59,1.55
1771,554710860,"01771M12:08:32.213","01771 11:56:25",240.37,866.87,,,,"     ",5.30,671.40,1.56
1771,554710861,"01771M12:08:33.186","01771 11:56:26",240.48,866.92,,,,"     ",5.30,671.88,1.56
1771,554710862,"01771M12:08:34.159","01771 11:56:27",240.60,866.97,,,,"     ",5.30,674.51,1.56
1771,554710863,"01771M12:08:35.132","01771 11:56:28",240.73,866.97,,,,"     ",5.30,679.14,1.58
1771,554710864,"01771M12:08:36.106","01771 11:56:29",240.86,866.98,,,,"     ",5.30,677.75,1.57
1771,554710865,"01771M12:08:37.079","01771 11:56:30",240.98,866.94,,,,"     ",5.30,674.63,1.56
1771,554710866,"01771M12:08:38.052","01771 11:56:31",241.09,866.91,,,,"     ",5.30,674.49,1.56
1771,554710867,"01771M12:08:39.025","01771 11:56:32",241.18,867.07,,,,"     ",5.30,670.91,1.55
1771,554710868,"01771M12:08:39.999","01771 11:56:33",241.25,867.05,,,,"     ",5.30,674.56,1.56
1771,554710869,"01771M12:08:40.972","01771 11:56:34",241.30,867.08,,,,"     ",5.30,674.00,1.56
1771,554710870,"01771M12:08:41.945","01771 11:56:35",241.32,867.02,,,,"     ",5.30,673.11,1.55
1771,554710871,"01771M12:08:42.918","01771 11:56:36",241.32,866.99,,,,"     ",5.30,677.16,1.56
1771,554710872,"01771M12:08:43.892","01771 11:56:37",241.31,866.89,,,,"     ",5.30,678.01,1.56
1771,554710873,"01771M12:08:44.865","01771 11:56:38",241.28,867.02,,,,"     ",5.30,668.64,1.54
1771,554710874,"01771M12:08:45.838","01771 11:56:39",241.26,866.96,,,,"     ",5.30,669.29,1.54
1771,554710875,"01771M12:08:46.811","01771 11:56:40",241.23,866.99,,,,"     ",5.30,672.60,1.55
1771,554710876,"01771M12:08:47.785","01771 11:56:41",241.20,866.97,,,,"     ",5.30,674.16,1.55
1771,554710877,"01771M12:08:48.758","01771 11:56:41",241.18,867.02,,,,"     ",5.30,678.49,1.56
1771,554710878,"01771M12:08:49.731","01771 11:56:42",241.16,867.01,,,,"     ",5.30,681.62,1.57
1771,554710879,"01771M12:08:50.704","01771 11:56:43",241.16,866.91,,,,"     ",5.30,680.40,1.56
1771,554710880,"01771M12:08:51.678","01771 11:56:44",241.16,866.89,,,,"     ",5.30,678.10,1.56
1771,554710881,"01771M12:08:52.651","01771 11:56:45",241.17,866.80,,,,"     ",5.30,680.21,1.56
1771,554710882,"01771M12:08:53.624","01771 11:56:46",241.19,866.98,,,,"     ",5.30,672.42,1.54
1771,554710883,"01771M12:08:54.597","01771 11:56:47",241.21,866.98,,,,"     ",5.30,683.12,1.56
1771,554710884,"01771M12:08:55.571","01771 11:56:48",241.24,866.95,,,,"     ",5.30,686.11,1.57
1771,554710885,"01771M12:08:56.544","01771 11:56:49",241.27,867.01,,,,"     ",5.30,673.01,1.54
1771,554710886,"01771M12:08:57.517","01771 11:56:50",241.30,867.01,,,,"     ",5.30,683.38,1.56
1771,554710887,"01771M12:08:58.490","01771 11:56:51",241.32,867.03,,,,"     ",5.30,677.38,1.55
1771,554710888,"01771M12:08:59.464","01771 11:56:52",241.34,867.01,,,,"     ",5.30,682.39,1.56
1771,554710889,"01771M12:09:00.437","01771 11:56:53",241.35,866.97,,,,"     ",5.30,684.07,1.56
1771,554710890,"01771M12:09:01.410","01771 11:56:54",241.37,867.04,,,,"     ",5.30,680.79,1.55
1771,554710891,"01771M12:09:02.383","01771 11:56:55",241.37,867.03,,,,"     ",5.30,680.50,1.55
1771,554710892,"01771M12:09:03.357","01771 11:56:56",241.38,867.05,,,,"     ",5.30,682.57,1.55
1771,554710893,"01771M12:09:04.330","01771 11:56:57",241.38,867.13,,,,"     ",5.30,680.70,1.55
1771,554710894,"01771M12:09:05.303","01771 11:56:58",241.39,867.11,,,,"     ",5.30,680.24,1.55
1771,554710895,"01771M12:09:06.276","01771 11:56:59",241.41,867.15,,,,"     ",5.30,684.82,1.56
1771,554710896,"01771M12:09:07.250","01771 11:57:00",241.43,867.17,,,,"     ",5.30,682.48,1.55
1771,554710897,"01771M12:09:08.223","01771 11:57:01",241.45,867.04,,,,"     ",5.30,679.40,1.54
1771,554710898,"01771M12:09:09.196","01771 11:57:02",241.48,867.10,,,,"     ",5.30,687.54,1.56
1771,554710899,"01771M12:09:10.169","01771 11:57:03",241.50,867.03,,,,"     ",5.30,681.21,1.54
1771,554710900,"01771M12:09:11.143","01771 11:57:04",241.53,867.07,,,,"     ",5.30,684.90,1.55
1771,554710901,"01771M12:09:12.116","01771 11:57:05",241.56,867.06,,,,"     ",5.30,682.43,1.55
1771,554710902,"01771M12:09:13.089","01771 11:57:06",241.58,867.06,,,,"     ",5.30,685.83,1.55
1771,554710903,"01771M12:09:14.062","01771 11:57:07",241.59,867.07,,,,"     ",5.30,690.09,1.56
1771,554710904,"01771M12:09:15.036","01771 11:57:08",241.58,867.07,,,,"     ",5.30,685.92,1.55
1771,554710905,"01771M12:09:16.009","01771 11:57:09",241.55,866.99,,,,"     ",5.30,683.77,1.54
1771,554710906,"01771M12:09:16.982","01771 11:57:10",241.51,867.02,,,,"     ",5.30,686.63,1.55
1771,554710907,"01771M12:09:17.955","01771 11:57:11",241.45,867.01,,,,"     ",5.30,689.80,1.56
1771,554710908,"01771M12:09:18.929","01771 11:57:12",241.37,866.96,,,,"     ",5.30,682.97,1.54
1771,554710909,"01771M12:09:19.902","01771 11:57:13",241.28,867.07,,,,"     ",5.30,686.64,1.55
1771,554710910,"01771M12:09:20.875","01771 11:57:14",241.19,867.03,,,,"     ",5.30,682.52,1.54
1771,554710911,"01771M12:09:21.848","01771 11:57:15",241.11,867.09,,,,"     ",5.30,698.09,1.57
1771,554710912,"01771M12:09:22.822","01771 11:57:16",241.03,867.01,,,,"     ",5.30,679.97,1.53
1771,554710913,"01771M12:09:23.795","01771 11:57:17",240.98,867.03,,,,"     ",5.30,688.51,1.55
1771,554710914,"01771M12:09:24.768","01771 11:57:18",240.95,866.98,,,,"     ",5.30,683.14,1.53
1771,554710915,"01771M12:09:25.741","01771 11:57:18",240.94,867.04,,,,"     ",5.30,690.09,1.55
1771,554710916,"01771M12:09:26.715","01771 11:57:19",240.94,866.97,,,,"     ",5.30,688.44,1.55
1771,554710917,"01771M12:09:27.688","01771 11:57:20",240.96,867.06,,,,"     ",5.30,684.79,1.54
1771,554710918,"01771M12:09:28.661","01771 11:57:21",241.00,867.08,,,,"     ",5.30,692.79,1.55
1771,554710919,"01771M12:09:29.634","01771 11:57:22",241.05,867.03,,,,"     ",5.30,683.38,1.53
1771,554710920,"01771M12:09:30.608","01771 11:57:23",241.12,866.99,,,,"     ",5.30,692.80,1.55
1771,554710921,"01771M12:09:31.581","01771 11:57:24",241.20,867.01,,,,"     ",5.30,692.62,1.55
1771,554710922,"01771M12:09:32.554","01771 11:57:25",241.28,867.03,,,,"     ",5.30,684.96,1.53
1771,554710923,"01771M12:09:33.527","01771 11:57:26",241.36,867.02,,,,"     ",5.30,688.21,1.54
1771,554710924,"01771M12:09:34.501","01771 11:57:27",241.43,867.04,,,,"     ",5.30,691.76,1.55
1771,554710925,"01771M12:09:35.474","01771 11:57:28",241.49,866.96,,,,"     ",5.30,692.16,1.55
1771,554710926,"01771M12:09:36.447","01771 11:57:29",241.54,867.00,,,,"     ",5.30,689.53,1.54
1771,554710927,"01771M12:09:37.421","01771 11:57:30",241.58,867.00,,,,"     ",5.30,693.39,1.55
1771,554710928,"01771M12:09:38.394","01771 11:57:31",241.61,867.01,,,,"     ",5.30,695.56,1.55
1771,554710929,"01771M12:09:39.367","01771 11:57:32",241.63,866.97,,,,"     ",5.30,688.55,1.54
1771,554710930,"01771M12:09:40.340","01771 11:57:33",241.65,867.01,,,,"     ",5.30,695.23,1.55
1771,554710931,"01771M12:09:41.314","01771 11:57:34",241.67,867.11,,,,"     ",5.30,692.48,1.54
1771,554710932,"01771M12:09:42.287","01771 11:57:35",241.70,867.06,,,,"     ",5.30,696.26,1.55
1771,554710933,"01771M12:09:43.260","01771 11:57:36",241.72,867.06,,,,"     ",5.30,693.88,1.55
1771,554710934,"01771M12:09:44.233","01771 11:57:37",241.74,867.01,,,,"     ",5.30,686.12,1.53
1771,554710935,"01771M12:09:45.207","01771 11:57:38",241.75,866.98,,,,"     ",5.30,688.00,1.53
1771,554710936,"01771M12:09:46.180","01771 11:57:39",241.77,866.97,,,,"     ",5.30,696.63,1.55
1771,554710937,"01771M12:09:47.153","01771 11:57:40",241.78,866.96,,,,"     ",5.30,698.36,1.55
1771,554710938,"01771M12:09:48.126","01771 11:57:41",241.80,866.91,,,,"     ",5.30,683.51,1.52
1771,554710939,"01771M12:09:49.100","01771 11:57:42",241.83,866.94,,,,"     ",5.30,697.09,1.55
1771,554710940,"01771M12:09:50.073","01771 11:57:43",241.86,866.91,,,,"     ",5.30,691.58,1.54
1771,554710941,"01771M12:09:51.046","01771 11:57:44",241.89,866.95,,,,"     ",5.30,698.70,1.55
1771,554710942,"01771M12:09:52.019","01771 11:57:45",241.93,866.95,,,,"     ",5.30,696.18,1.54
1771,554710943,"01771M12:09:52.993","01771 11:57:46",241.98,866.97,,,,"     ",5.30,689.18,1.53
1771,554710944,"01771M12:09:53.966","01771 11:57:47",242.02,866.95,,,,"     ",5.30,692.79,1.53
1771,554710945,"01771M12:09:54.939","01771 11:57:48",242.07,866.94,,,,"     ",5.30,700.31,1.55
1771,554710946,"01771M12:09:55.912","01771 11:57:49",242.11,866.92,,,,"     ",5.30,697.43,1.54
1771,554710947,"01771M12:09:56.886","01771 11:57:50",242.14,866.85,,,,"     ",5.30,695.39,1.54
1771,554710948,"01771M12:09:57.859","01771 11:57:51",242.17,866.85,,,,"     ",5.30,695.46,1.54
1771,554710949,"01771M12:09:58.832","01771 11:57:52",242.18,866.88,,,,"     ",5.30,689.77,1.52
1771,554710950,"01771M12:09:59.805","01771 11:57:53",242.17,866.88,,,,"     ",5.30,695.89,1.54
1771,554710951,"01771M12:10:00.779","01771 11:57:54",242.15,866.90,,,,"     ",5.30,703.40,1.55
1771,554710952,"01771M12:10:01.752","01771 11:57:54",242.11,866.86,,,,"     ",5.30,695.45,1.54
1771,554710953,"01771M12:10:02.725","01771 11:57:55",242.06,866.94,,,,"     ",5.30,689.61,1.52
1771,554710954,"01771M12:10:03.698","01771 11:57:56",241.99,866.95,,,,"     ",5.30,696.14,1.54
1771,554710955,"01771M12:10:04.672","01771 11:57:57",241.91,866.86,,,,"     ",5.30,692.12,1.53
1771,554710956,"01771M12:10:05.645","01771 11:57:58",241.83,866.96,,,,"     ",5.30,701.08,1.55
1771,554710957,"01771M12:10:06.618","01771 11:57:59",241.76,866.97,,,,"     ",5.30,690.90,1.52
1771,554710958,"01771M12:10:07.591","01771 11:58:00",241.69,866.85,,,,"     ",5.30,690.05,1.52
1771,554710959,"01771M12:10:08.565","01771 11:58:01",241.63,866.91,,,,"     ",5.30,694.01,1.53
1771,554710960,"01771M12:10:09.538","01771 11:58:02",241.58,866.88,,,,"     ",5.30,701.86,1.55
1771,554710961,"01771M12:10:10.511","01771 11:58:03",241.53,866.94,,,,"     ",5.30,696.48,1.53
1771,554710962,"01771M12:10:11.484","01771 11:58:04",241.49,866.88,,,,"     ",5.30,697.85,1.53
1771,554710963,"01771M12:10:12.458","01771 11:58:05",241.46,866.85,,,,"     ",5.30,695.69,1.53
1771,554710964,"01771M12:10:13.431","01771 11:58:06",241.42,866.86,,,,"     ",5.30,699.52,1.54
1771,554710965,"01771M12:10:14.404","01771 11:58:07",241.38,866.79,,,,"     ",5.30,698.50,1.54
1771,554710966,"01771M12:10:15.377","01771 11:58:08",241.34,866.82,,,,"     ",5.30,695.08,1.53
1771,554710967,"01771M12:10:16.351","01771 11:58:09",241.31,866.86,,,,"     ",5.30,695.58,1.53
1771,554710968,"01771M12:10:17.324","01771 11:58:10",241.28,866.92,,,,"     ",5.30,710.53,1.56
1771,554710969,"01771M12:10:18.297","01771 11:58:11",241.25,866.91,,,,"     ",5.30,705.75,1.55
1771,554710970,"01771M12:10:19.270","01771 11:58:12",241.23,866.92,,,,"     ",5.30,686.58,1.51
1771,554710971,"01771M12:10:20.244","01771 11:58:13",241.21,866.88,,,,"     ",5.30,703.37,1.55
1771,554710972,"01771M12:10:21.217","01771 11:58:14",241.20,866.92,,,,"     ",5.30,692.50,1.52
1771,554710973,"01771M12:10:22.190","01771 11:58:15",241.20,866.87,,,,"     ",5.30,695.49,1.53
1771,554710974,"01771M12:10:23.163","01771 11:58:16",241.20,866.92,,,,"     ",5.30,699.78,1.54
1771,554710975,"01771M12:10:24.137","01771 11:58:17",241.20,866.86,,,,"     ",5.30,698.12,1.53
1771,554710976,"01771M12:10:25.110","01771 11:58:18",241.21,866.93,,,,"     ",5.30,702.40,1.54
1771,554710977,"01771M12:10:26.083","01771 11:58:19",241.21,866.88,,,,"     ",5.30,697.37,1.53
1771,554710978,"01771M12:10:27.056","01771 11:58:20",241.22,866.93,,,,"     ",5.30,695.25,1.52
1771,554710979,"01771M12:10:28.030","01771 11:58:21",241.21,866.91,,,,"     ",5.30,696.42,1.53
1771,554710980,"01771M12:10:29.003","01771 11:58:22",241.20,866.86,,,,"     ",5.30,699.59,1.53
1771,554710981,"01771M12:10:29.976","01771 11:58:23",241.16,866.84,,,,"     ",5.30,701.56,1.54
1771,554710982,"01771M12:10:30.949","01771 11:58:24",241.11,866.83,,,,"     ",5.30,699.13,1.53
1771,554710983,"01771M12:10:31.923","01771 11:58:25",241.05,866.85,,,,"     ",5.30,701.88,1.54
1771,554710984,"01771M12:10:32.896","01771 11:58:26",240.97,866.87,,,,"     ",5.30,699.21,1.53
1771,554710985,"01771M12:10:33.869","01771 11:58:27",240.88,866.86,,,,"     ",5.30,699.46,1.53
1771,554710986,"01771M12:10:34.842","01771 11:58:28",240.79,866.81,,,,"     ",5.30,698.31,1.53
1771,554710987,"01771M12:10:35.816","01771 11:58:29",240.69,866.82,,,,"     ",5.30,703.01,1.54
1771,554710988,"01771M12:10:36.789","01771 11:58:30",240.59,866.74,,,,"     ",5.30,695.61,1.52
1771,554710989,"01771M12:10:37.762","01771 11:58:31",240.50,866.70,,,,"     ",5.30,702.60,1.54
1771,554710990,"01771M12:10:38.735","01771 11:58:31",240.41,866.68,,,,"     ",5.30,702.30,1.54
1771,554710991,"01771M12:10:39.709","01771 11:58:32",240.33,866.69,,,,"     ",5.30,710.62,1.55
1771,554710992,"01771M12:10:40.682","01771 11:58:33",240.25,866.62,,,,"     ",5.30,704.00,1.54
1771,554710993,"01771M12:10:41.655","01771 11:58:34",240.18,866.64,,,,"     ",5.30,706.53,1.55
1771,554710994,"01771M12:10:42.628","01771 11:58:35",240.11,866.67,,,,"     ",5.30,695.35,1.52
1771,554710995,"01771M12:10:43.602","01771 11:58:36",240.04,866.69,,,,"     ",5.30,696.90,1.52
1771,554710996,"01771M12:10:44.575","01771 11:58:37",239.97,866.58,,,,"     ",5.30,694.74,1.52
1771,554710997,"01771M12:10:45.548","01771 11:58:38",239.91,866.71,,,,"     ",5.30,697.10,1.52
1771,554710998,"01771M12:10:46.522","01771 11:58:39",239.85,866.70,,,,"     ",5.30,700.33,1.53
1771,554710999,"01771M12:10:47.495","01771 11:58:40",239.79,866.69,,,,"     ",5.30,701.39,1.53
1771,554711000,"01771M12:10:48.468","01771 11:58:41",239.74,866.72,,,,"     ",5.30,699.12,1.53
1771,554711001,"01771M12:10:49.441","01771 11:58:42",240.10,866.65,,,,"     ",5.30,696.35,1.52
1771,554711002,"01771M12:10:50.415","01771 11:58:43",240.07,866.60,,,,"     ",5.30,697.73,1.52
1771,554711003,"01771M12:10:51.388","01771 11:58:44",239.87,866.65,,,,"     ",5.30,703.13,1.54
1771,554711004,"01771M12:10:52.361","01771 11:58:45",239.70,866.69,,,,"     ",5.30,699.88,1.53
1771,554711005,"01771M12:10:53.334","01771 11:58:46",239.55,866.75,,,,"     ",5.30,705.12,1.54
1771,554711006,"01771M12:10:54.308","01771 11:58:47",239.42,866.65,,,,"     ",5.30,699.34,1.53
1771,554711007,"01771M12:10:55.281","01771 11:58:48",239.32,866.69,,,,"     ",5.30,697.14,1.52
1771,554711008,"01771M12:10:56.254","01771 11:58:49",239.24,866.68,,,,"     ",5.30,698.15,1.53
1771,554711009,"01771M12:10:57.227","01771 11:58:50",239.18,866.67,,,,"     ",5.30,699.39,1.53
1771,554711010,"01771M12:10:58.201","01771 11:58:51",239.15,866.68,,,,"     ",5.30,700.51,1.53
1771,554711011,"01771M12:10:59.174","01771 11:58:52",239.13,866.73,,,,"     ",5.30,698.89,1.53
1771,554711012,"01771M12:11:00.147","01771 11:58:53",239.14,866.73,,,,"     ",5.30,697.52,1.53
1771,554711013,"01771M12:11:01.120","01771 11:58:54",239.17,866.69,,,,"     ",5.30,703.91,1.54
1771,554711014,"01771M12:11:02.094","01771 11:58:55",239.24,866.71,,,,"     ",5.30,701.07,1.53
1771,554711015,"01771M12:11:03.067","01771 11:58:56",239.34,866.62,,,,"     ",5.30,695.72,1.52
1771,554711016,"01771M12:11:04.040","01771 11:58:57",239.47,866.69,,,,"     ",5.30,701.81,1.54
1771,554711017,"01771M12:11:05.013","01771 11:58:58",239.59,866.68,,,,"     ",5.30,696.90,1.53
1771,554711018,"01771M12:11:05.987","01771 11:58:59",239.70,866.66,,,,"     ",5.30,704.20,1.54
1771,554711019,"01771M12:11:06.960","01771 11:59:00",239.79,866.65,,,,"     ",5.30,705.78,1.55
1771,554711020,"01771M12:11:07.933","01771 11:59:01",239.87,866.73,,,,"     ",5.30,690.94,1.51
1771,554711021,"01771M12:11:08.906","01771 11:59:02",239.94,866.71,,,,"     ",5.30,701.57,1.54
1771,554711022,"01771M12:11:09.880","01771 11:59:03",240.00,866.62,,,,"     ",5.30,703.63,1.54
1771,554711023,"01771M12:11:10.853","01771 11:59:04",240.05,866.70,,,,"     ",5.30,696.08,1.52
1771,554711024,"01771M12:11:11.826","01771 11:59:05",240.09,866.61,,,,"     ",5.30,701.85,1.54
1771,554711025,"01771M12:11:12.799","01771 11:59:06",240.12,866.68,,,,"     ",5.30,700.33,1.53
1771,554711026,"01771M12:11:13.773","01771 11:59:07",240.14,866.68,,,,"     ",5.30,700.16,1.53
1771,554711027,"01771M12:11:14.746","01771 11:59:08",240.16,866.63,,,,"     ",5.30,696.96,1.53
1771,554711028,"01771M12:11:15.719","01771 11:59:08",240.18,866.68,,,,"     ",5.30,706.42,1.55
1771,554711029,"01771M12:11:16.692","01771 11:59:09",240.21,866.71,,,,"     ",5.30,706.38,1.55
1771,554711030,"01771M12:11:17.666","01771 11:59:10",240.25,866.71,,,,"     ",5.30,696.29,1.52
1771,554711031,"01771M12:11:18.639","01771 11:59:11",240.32,866.70,,,,"     ",5.30,701.44,1.54
1771,554711032,"01771M12:11:19.612","01771 11:59:12",240.33,866.70,,,,"     ",5.30,702.42,1.54
1771,554711033,"01771M12:11:20.585","01771 11:59:13",240.20,866.67,,,,"     ",5.30,703.99,1.54
1771,554711034,"01771M12:11:21.559","01771 11:59:14",240.06,866.69,,,,"     ",5.30,700.90,1.53
1771,554711035,"01771M12:11:22.532","01771 11:59:15",239.92,866.71,,,,"     ",5.30,701.57,1.53
1771,554711036,"01771M12:11:23.505","01771 11:59:16",239.78,866.67,,,,"     ",5.30,711.87,1.56
1771,554711037,"01771M12:11:24.478","01771 11:59:17",239.63,866.66,,,,"     ",5.30,699.05,1.53
1771,554711038,"01771M12:11:25.452","01771 11:59:18",239.49,866.60,,,,"     ",5.30,697.78,1.52
1771,554711039,"01771M12:11:26.425","01771 11:59:19",239.35,866.71,,,,"     ",5.30,700.38,1.53
1771,554711040,"01771M12:11:27.398","01771 11:59:20",239.20,866.68,,,,"     ",5.30,698.84,1.53
1771,554711041,"01771M12:11:28.371","01771 11:59:21",237.00,866.66,,,,"     ",5.30,706.02,1.54
1771,554711042,"01771M12:11:29.345","01771 11:59:22",236.88,866.65,,,,"     ",5.30,708.68,1.55
1771,554711043,"01771M12:11:30.318","01771 11:59:23",236.80,866.65,,,,"     ",5.30,700.56,1.53
1771,554711044,"01771M12:11:31.291","01771 11:59:24",236.73,866.64,,,,"     ",5.30,703.16,1.53
1771,554711045,"01771M12:11:32.264","01771 11:59:25",236.69,866.61,,,,"     ",5.30,703.04,1.53
1771,554711046,"01771M12:11:33.238","01771 11:59:26",236.66,866.64,,,,"     ",5.30,697.96,1.52
1771,554711047,"01771M12:11:34.211","01771 11:59:27",236.66,866.57,,,,"     ",5.30,702.74,1.53
1771,554711048,"01771M12:11:35.184","01771 11:59:28",236.68,866.70,,,,"     ",5.30,700.41,1.52
1771,554711049,"01771M12:11:36.157","01771 11:59:29",236.70,866.64,,,,"     ",5.30,697.71,1.52
1771,554711050,"01771M12:11:37.131","01771 11:59:30",236.74,866.68,,,,"     ",5.30,707.01,1.54
1771,554711051,"01771M12:11:38.104","01771 11:59:31",236.78,866.71,,,,"     ",5.30,703.69,1.53
1771,554711052,"01771M12:11:39.077","01771 11:59:32",236.83,866.64,,,,"     ",5.30,707.54,1.54
1771,554711053,"01771M12:11:40.050","01771 11:59:33",236.89,866.63,,,,"     ",5.30,699.86,1.52
1771,554711054,"01771M12:11:41.024","01771 11:59:34",236.94,866.70,,,,"     ",5.30,709.34,1.54
1771,554711055,"01771M12:11:41.997","01771 11:59:35",236.99,866.75,,,,"     ",5.30,699.50,1.52
1771,554711056,"01771M12:11:42.970","01771 11:59:36",237.04,866.75,,,,"     ",5.30,704.40,1.53
1771,554711057,"01771M12:11:43.943","01771 11:59:37",237.07,866.70,,,,"     ",5.30,708.60,1.54
1771,554711058,"01771M12:11:44.917","01771 11:59:38",237.10,866.72,,,,"     ",5.30,705.76,1.53
1771,554711059,"01771M12:11:45.890","01771 11:59:39",237.14,866.78,,,,"     ",5.30,705.87,1.53
1771,554711060,"01771M12:11:46.863","01771 11:59:40",237.17,866.73,,,,"     ",5.30,700.86,1.52
1771,554711061,"01771M12:11:47.836","01771 11:59:41",237.20,866.72,,,,"     ",5.30,711.40,1.54
1771,554711062,"01771M12:11:48.810","01771 11:59:42",237.23,866.69,,,,"     ",5.30,702.48,1.52
1771,554711063,"01771M12:11:49.783","01771 11:59:43",237.26,866.76,,,,"     ",5.30,712.14,1.54
1771,554711064,"01771M12:11:50.756","01771 11:59:44",237.28,866.75,,,,"     ",5.30,699.99,1.52
1771,554711065,"01771M12:11:51.729","01771 11:59:45",237.30,866.72,,,,"     ",5.30,714.20,1.55
1771,554711066,"01771M12:11:52.703","01771 11:59:45",237.30,866.68,,,,"     ",5.30,700.26,1.51
1771,554711067,"01771M12:11:53.676","01771 11:59:46",237.29,866.68,,,,"     ",5.30,702.55,1.52
1771,554711068,"01771M12:11:54.649","01771 11:59:47",237.27,866.76,,,,"     ",5.30,701.55,1.52
1771,554711069,"01771M12:11:55.623","01771 11:59:48",237.23,866.72,,,,"     ",5.30,708.64,1.53
1771,554711070,"01771M12:11:56.596","01771 11:59:49",237.18,866.77,,,,"     ",5.30,705.89,1.53
1771,554711071,"01771M12:11:57.569","01771 11:59:50",237.12,866.69,,,,"     ",5.30,706.77,1.53
1771,554711072,"01771M12:11:58.542","01771 11:59:51",237.06,866.71,,,,"     ",5.30,709.47,1.53
1771,554711073,"01771M12:11:59.516","01771 11:59:52",237.00,866.71,,,,"     ",5.30,711.85,1.54
1771,554711074,"01771M12:12:00.489","01771 11:59:53",236.96,866.72,,,,"     ",5.30,711.35,1.53
1771,554711075,"01771M12:12:01.462","01771 11:59:54",236.93,866.77,,,,"     ",5.30,708.94,1.53
1771,554711076,"01771M12:12:02.435","01771 11:59:55",236.94,866.72,,,,"     ",5.30,710.19,1.53
1771,554711077,"01771M12:12:03.409","01771 11:59:56",236.99,866.67,,,,"     ",5.30,716.22,1.54
1771,554711078,"01771M12:12:04.382","01771 11:59:57",237.06,866.70,,,,"     ",5.30,712.50,1.53
1771,554711079,"01771M12:12:05.355","01771 11:59:58",237.17,866.67,,,,"     ",5.30,709.36,1.53
1771,554711080,"01771M12:12:06.328","01771 11:59:59",237.30,866.71,,,,"     ",5.30,713.37,1.53
1771,554711081,"01771M12:12:07.302","01771 12:00:00",237.44,866.74,,,,"     ",5.30,708.20,1.52
1771,554711082,"01771M12:12:08.275","01771 12:00:01",237.59,866.69,,,,"     ",5.30,719.29,1.55
1771,554711083,"01771M12:12:09.248","01771 12:00:02",237.74,866.66,,,,"     ",5.30,707.68,1.52
1771,554711084,"01771M12:12:10.221","01771 12:00:03",237.90,866.65,,,,"     ",5.30,706.87,1.52
1771,554711085,"01771M12:12:11.195","01771 12:00:04",238.05,866.69,,,,"     ",5.30,711.48,1.52
1771,554711086,"01771M12:12:12.168","01771 12:00:05",238.20,866.63,,,,"     ",5.30,711.13,1.52
1771,554711087,"01771M12:12:13.141","01771 12:00:06",238.34,866.58,,,,"     ",5.30,710.09,1.52
1771,554711088,"01771M12:12:14.114","01771 12:00:07",238.47,866.62,,,,"     ",5.30,720.16,1.54
1771,554711089,"01771M12:12:15.088","01771 12:00:08",238.59,866.58,,,,"     ",5.30,709.08,1.52
1771,554711090,"01771M12:12:16.061","01771 12:00:09",238.69,866.61,,,,"     ",5.30,714.75,1.53
1771,554711091,"01771M12:12:17.034","01771 12:00:10",238.80,866.63,,,,"     ",5.30,718.77,1.54
1771,554711092,"01771M12:12:18.007","01771 12:00:11",238.90,866.71,,,,"     ",5.30,714.04,1.53
1771,554711093,"01771M12:12:18.981","01771 12:00:12",239.00,866.64,,,,"     ",5.30,706.60,1.51
1771,554711094,"01771M12:12:19.954","01771 12:00:13",239.09,866.74,,,,"     ",5.30,710.36,1.52
1771,554711095,"01771M12:12:20.927","01771 12:00:14",239.19,866.72,,,,"     ",5.30,715.98,1.53
1771,554711096,"01771M12:12:21.900","01771 12:00:15",239.30,866.69,,,,"     ",5.30,709.29,1.51
1771,554711097,"01771M12:12:22.874","01771 12:00:16",239.40,866.61,,,,"     ",5.30,714.97,1.52
1771,554711098,"01771M12:12:23.847","01771 12:00:17",239.51,866.65,,,,"     ",5.30,715.59,1.52
1771,554711099,"01771M12:12:24.820","01771 12:00:18",239.61,866.60,,,,"     ",5.30,719.00,1.53
1771,554711100,"01771M12:12:25.793","01771 12:00:19",239.70,866.51,,,,"     ",5.30,717.84,1.53
1771,554711101,"01771M12:12:26.767","01771 12:00:20",239.79,866.48,,,,"     ",5.30,714.90,1.52
1771,554711102,"01771M12:12:27.740","01771 12:00:21",239.87,866.52,,,,"     ",5.30,718.02,1.52
1771,554711103,"01771M12:12:28.713","01771 12:00:21",239.94,866.53,,,,"     ",5.30,712.72,1.51
1771,554711104,"01771M12:12:29.686","01771 12:00:22",240.02,866.53,,,,"     ",5.30,714.94,1.52
1771,554711105,"01771M12:12:30.660","01771 12:00:23",240.09,866.63,,,,"     ",5.30,710.48,1.50
1771,554711106,"01771M12:12:31.633","01771 12:00:24",240.16,866.67,,,,"     ",5.30,716.22,1.52
1771,554711107,"01771M12:12:32.606","01771 12:00:25",240.24,866.63,,,,"     ",5.30,714.50,1.51
1771,554711108,"01771M12:12:33.579","01771 12:00:26",240.32,866.60,,,,"     ",5.30,715.51,1.51
1771,554711109,"01771M12:12:34.553","01771 12:00:27",240.40,866.59,,,,"     ",5.30,718.96,1.52
1771,554711110,"01771M12:12:35.526","01771 12:00:28",240.48,866.59,,,,"     ",5.30,717.63,1.52
1771,554711111,"01771M12:12:36.499","01771 12:00:29",240.56,866.54,,,,"     ",5.30,723.21,1.53
1771,554711112,"01771M12:12:37.472","01771 12:00:30",240.63,866.58,,,,"     ",5.30,711.82,1.50
1771,554711113,"01771M12:12:38.446","01771 12:00:31",240.71,866.68,,,,"     ",5.30,718.37,1.52
1771,554711114,"01771M12:12:39.419","01771 12:00:32",240.77,866.69,,,,"     ",5.30,723.30,1.53
1771,554711115,"01771M12:12:40.392","01771 12:00:33",240.84,866.64,,,,"     ",5.30,720.89,1.52
1771,554711116,"01771M12:12:41.365","01771 12:00:34",240.89,866.64,,,,"     ",5.30,722.13,1.52
1771,554711117,"01771M12:12:42.339","01771 12:00:35",240.94,866.67,,,,"     ",5.30,724.12,1.52
1771,554711118,"01771M12:12:43.312","01771 12:00:36",240.98,866.58,,,,"     ",5.30,718.65,1.51
1771,554711119,"01771M12:12:44.285","01771 12:00:37",241.01,866.64,,,,"     ",5.30,718.91,1.51
1771,554711120,"01771M12:12:45.258","01771 12:00:38",241.04,866.58,,,,"     ",5.30,724.77,1.52
1771,554711121,"01771M12:12:46.232","01771 12:00:39",241.06,866.52,,,,"     ",5.30,721.49,1.52
1771,554711122,"01771M12:12:47.205","01771 12:00:40",241.08,866.60,,,,"     ",5.30,721.99,1.51
1771,554711123,"01771M12:12:48.178","01771 12:00:41",241.09,866.61,,,,"     ",5.30,712.23,1.49
1771,554711124,"01771M12:12:49.151","01771 12:00:42",241.10,866.62,,,,"     ",5.30,727.46,1.53
1771,554711125,"01771M12:12:50.125","01771 12:00:43",241.12,866.59,,,,"     ",5.30,716.44,1.50
1771,554711126,"01771M12:12:51.098","01771 12:00:44",241.15,866.56,,,,"     ",5.30,719.13,1.50
1771,554711127,"01771M12:12:52.071","01771 12:00:45",241.18,866.59,,,,"     ",5.30,715.34,1.50
1771,554711128,"01771M12:12:53.044","01771 12:00:46",241.23,866.67,,,,"     ",5.30,716.43,1.50
1771,554711129,"01771M12:12:54.018","01771 12:00:47",241.29,866.69,,,,"     ",5.30,715.00,1.49
1771,554711130,"01771M12:12:54.991","01771 12:00:48",241.35,866.60,,,,"     ",5.30,722.96,1.51
1771,554711131,"01771M12:12:55.964","01771 12:00:49",241.41,866.66,,,,"     ",5.30,731.67,1.53
1771,554711132,"01771M12:12:56.937","01771 12:00:50",241.46,866.69,,,,"     ",5.30,724.46,1.51
1771,554711133,"01771M12:12:57.911","01771 12:00:51",241.50,866.71,,,,"     ",5.30,729.10,1.52
1771,554711134,"01771M12:12:58.884","01771 12:00:52",241.51,866.74,,,,"     ",5.30,722.20,1.51
1771,554711135,"01771M12:12:59.857","01771 12:00:53",241.50,866.67,,,,"     ",5.30,717.79,1.49
1771,554711136,"01771M12:13:00.830","01771 12:00:54",241.49,866.67,,,,"     ",5.30,722.85,1.50
1771,554711137,"01771M12:13:01.804","01771 12:00:55",241.47,866.55,,,,"     ",5.30,724.73,1.51
1771,554711138,"01771M12:13:02.777","01771 12:00:56",241.45,866.51,,,,"     ",5.30,728.46,1.51
1771,554711139,"01771M12:13:03.750","01771 12:00:57",241.43,866.58,,,,"     ",5.30,726.11,1.51
1771,554711140,"01771M12:13:04.724","01771 12:00:58",241.41,866.64,,,,"     ",5.30,731.11,1.52
1771,554711141,"01771M12:13:05.697","01771 12:00:58",241.38,866.63,,,,"     ",5.30,724.06,1.50
1771,554711142,"01771M12:13:06.670","01771 12:00:59",241.33,866.65,,,,"     ",5.30,726.93,1.51
1771,554711143,"01771M12:13:07.643","01771 12:01:00",241.27,866.65,,,,"     ",5.30,733.37,1.52
1771,554711144,"01771M12:13:08.617","01771 12:01:01",241.21,866.60,,,,"     ",5.30,730.50,1.51
1771,554711145,"01771M12:13:09.590","01771 12:01:02",241.15,866.66,,,,"     ",5.30,730.59,1.51
1771,554711146,"01771M12:13:10.563","01771 12:01:03",241.10,866.61,,,,"     ",5.30,733.73,1.52
1771,554711147,"01771M12:13:11.536","01771 12:01:04",241.07,866.62,,,,"     ",5.30,725.80,1.50
1771,554711148,"01771M12:13:12.510","01771 12:01:05",241.04,866.60,,,,"     ",5.30,730.60,1.51
1771,554711149,"01771M12:13:13.483","01771 12:01:06",241.03,866.54,,,,"     ",5.30,738.87,1.53
1771,554711150,"01771M12:13:14.456","01771 12:01:07",241.02,866.53,,,,"     ",5.30,726.55,1.50
1771,554711151,"01771M12:13:15.429","01771 12:01:08",241.01,866.59,,,,"     ",5.30,730.67,1.51
1771,554711152,"01771M12:13:16.403","01771 12:01:09",241.00,866.54,,,,"     ",5.30,727.95,1.50
1771,554711153,"01771M12:13:17.376","01771 12:01:10",240.98,866.56,,,,"     ",5.30,731.84,1.51
1771,554711154,"01771M12:13:18.349","01771 12:01:11",240.96,866.51,,,,"     ",5.30,737.52,1.52
1771,554711155,"01771M12:13:19.322","01771 12:01:12",240.93,866.54,,,,"     ",5.30,737.55,1.52
1771,554711156,"01771M12:13:20.296","01771 12:01:13",240.90,866.58,,,,"     ",5.30,735.50,1.52
1771,554711157,"01771M12:13:21.269","01771 12:01:14",240.88,866.61,,,,"     ",5.30,727.01,1.50
1771,554711158,"01771M12:13:22.242","01771 12:01:15",240.85,866.55,,,,"     ",5.30,727.88,1.50
1771,554711159,"01771M12:13:23.215","01771 12:01:16",240.81,866.56,,,,"     ",5.30,734.78,1.51
1771,554711160,"01771M12:13:24.189","01771 12:01:17",240.78,866.56,,,,"     ",5.30,736.62,1.52
1771,554711161,"01771M12:13:25.162","01771 12:01:18",240.75,866.65,,,,"     ",5.30,727.60,1.50
1771,554711162,"01771M12:13:26.135","01771 12:01:19",240.73,866.61,,,,"     ",5.30,732.30,1.50
1771,554711163,"01771M12:13:27.108","01771 12:01:20",240.72,866.65,,,,"     ",5.30,734.63,1.51
1771,554711164,"01771M12:13:28.082","01771 12:01:21",240.72,866.58,,,,"     ",5.30,727.79,1.49
1771,554711165,"01771M12:13:29.055","01771 12:01:22",240.74,866.56,,,,"     ",5.30,729.61,1.50
1771,554711166,"01771M12:13:30.028","01771 12:01:23",240.77,866.61,,,,"     ",5.30,731.63,1.50
1771,554711167,"01771M12:13:31.001","01771 12:01:24",240.81,866.61,,,,"     ",5.30,730.86,1.50
1771,554711168,"01771M12:13:31.975","01771 12:01:25",240.86,866.63,,,,"     ",5.30,738.97,1.51
1771,554711169,"01771M12:13:32.948","01771 12:01:26",240.91,866.55,,,,"     ",5.30,733.14,1.50
1771,554711170,"01771M12:13:33.921","01771 12:01:27",240.96,866.52,,,,"     ",5.30,733.78,1.50
1771,554711171,"01771M12:13:34.894","01771 12:01:28",241.00,866.57,,,,"     ",5.30,731.25,1.50
1771,554711172,"01771M12:13:35.868","01771 12:01:29",241.01,866.59,,,,"     ",5.30,733.76,1.50
1771,554711173,"01771M12:13:36.841","01771 12:01:30",241.01,866.57,,,,"     ",5.30,735.09,1.50
1771,554711174,"01771M12:13:37.814","01771 12:01:31",241.00,866.51,,,,"     ",5.30,736.03,1.50
1771,554711175,"01771M12:13:38.787","01771 12:01:32",240.97,866.50,,,,"     ",5.30,735.99,1.50
1771,554711176,"01771M12:13:39.761","01771 12:01:33",240.95,866.41,,,,"     ",5.30,735.66,1.50
1771,554711177,"01771M12:13:40.734","01771 12:01:34",240.94,866.48,,,,"     ",5.30,737.46,1.50
1771,554711178,"01771M12:13:41.707","01771 12:01:35",240.93,866.51,,,,"     ",5.30,737.18,1.50
1771,554711179,"01771M12:13:42.680","01771 12:01:35",240.92,866.50,,,,"     ",5.30,734.37,1.50
1771,554711180,"01771M12:13:43.654","01771 12:01:36",240.92,866.55,,,,"     ",5.30,736.66,1.50
1771,554711181,"01771M12:13:44.627","01771 12:01:37",240.90,866.50,,,,"     ",5.30,736.03,1.50
1771,554711182,"01771M12:13:45.600","01771 12:01:38",240.88,866.52,,,,"     ",5.30,729.85,1.49
1771,554711183,"01771M12:13:46.573","01771 12:01:39",240.86,866.49,,,,"     ",5.30,745.85,1.52
1771,554711184,"01771M12:13:47.547","01771 12:01:40",240.84,866.50,,,,"     ",5.30,737.57,1.50
1771,554711185,"01771M12:13:48.520","01771 12:01:41",240.83,866.56,,,,"     ",5.30,749.10,1.52
1771,554711186,"01771M12:13:49.493","01771 12:01:42",240.83,866.46,,,,"     ",5.30,739.15,1.50
1771,554711187,"01771M12:13:50.466","01771 12:01:43",240.84,866.54,,,,"     ",5.30,735.47,1.49
1771,554711188,"01771M12:13:51.440","01771 12:01:44",240.86,866.45,,,,"     ",5.30,731.81,1.49
1771,554711189,"01771M12:13:52.413","01771 12:01:45",240.89,866.47,,,,"     ",5.30,737.72,1.50
1771,554711190,"01771M12:13:53.386","01771 12:01:46",240.94,866.52,,,,"     ",5.30,745.45,1.51
1771,554711191,"01771M12:13:54.359","01771 12:01:47",241.00,866.42,,,,"     ",5.30,742.37,1.50
1771,554711192,"01771M12:13:55.333","01771 12:01:48",241.06,866.42,,,,"     ",5.30,746.61,1.51
1771,554711193,"01771M12:13:56.306","01771 12:01:49",241.14,866.44,,,,"     ",5.30,737.26,1.49
1771,554711194,"01771M12:13:57.279","01771 12:01:50",241.23,866.37,,,,"     ",5.30,740.32,1.50
1771,554711195,"01771M12:13:58.252","01771 12:01:51",241.31,866.44,,,,"     ",5.30,739.06,1.50
1771,554711196,"01771M12:13:59.226","01771 12:01:52",241.40,866.45,,,,"     ",5.30,742.06,1.50
1771,554711197,"01771M12:14:00.199","01771 12:01:53",241.48,866.38,,,,"     ",5.30,745.42,1.51
1771,554711198,"01771M12:14:01.172","01771 12:01:54",241.55,866.32,,,,"     ",5.30,739.77,1.49
1771,554711199,"01771M12:14:02.145","01771 12:01:55",241.60,866.42,,,,"     ",5.30,747.99,1.51
1771,554711200,"01771M12:14:03.119","01771 12:01:56",241.63,866.41,,,,"     ",5.30,740.30,1.49
1771,554711201,"01771M12:14:04.092","01771 12:01:57",241.64,866.40,,,,"     ",5.30,744.71,1.50
1771,554711202,"01771M12:14:05.065","01771 12:01:58",241.65,866.49,,,,"     ",5.30,743.16,1.50
1771,554711203,"01771M12:14:06.038","01771 12:01:59",241.66,866.51,,,,"     ",5.30,742.57,1.50
1771,554711204,"01771M12:14:07.012","01771 12:02:00",241.67,866.52,,,,"     ",5.30,742.04,1.50
1771,554711205,"01771M12:14:07.985","01771 12:02:01",241.68,866.42,,,,"     ",5.30,745.14,1.50
1771,554711206,"01771M12:14:08.958","01771 12:02:02",241.69,866.37,,,,"     ",5.30,749.45,1.51
1771,554711207,"01771M12:14:09.931","01771 12:02:03",241.70,866.43,,,,"     ",5.30,741.69,1.49
1771,554711208,"01771M12:14:10.905","01771 12:02:04",241.72,866.39,,,,"     ",5.30,748.71,1.51
1771,554711209,"01771M12:14:11.878","01771 12:02:05",241.73,866.45,,,,"     ",5.30,750.05,1.51
1771,554711210,"01771M12:14:12.851","01771 12:02:06",241.75,866.47,,,,"     ",5.30,745.12,1.50
1771,554711211,"01771M12:14:13.825","01771 12:02:07",241.76,866.50,,,,"     ",5.30,742.89,1.49
1771,554711212,"01771M12:14:14.798","01771 12:02:08",241.77,866.46,,,,"     ",5.30,744.58,1.50
1771,554711213,"01771M12:14:15.771","01771 12:02:09",241.78,866.44,,,,"     ",5.30,741.27,1.49
1771,554711214,"01771M12:14:16.744","01771 12:02:10",241.78,866.44,,,,"     ",5.30,751.42,1.51
1771,554711215,"01771M12:14:17.718","01771 12:02:11",242.84,866.37,,,,"     ",5.30,741.46,1.49
1771,554711216,"01771M12:14:18.691","01771 12:02:11",242.87,866.49,,,,"     ",5.30,748.03,1.50
1771,554711217,"01771M12:14:19.664","01771 12:02:12",242.89,866.36,,,,"     ",5.30,745.71,1.50
1771,554711218,"01771M12:14:20.637","01771 12:02:13",242.91,866.43,,,,"     ",5.30,749.25,1.50
1771,554711219,"01771M12:14:21.611","01771 12:02:14",242.94,866.38,,,,"     ",5.30,743.52,1.49
1771,554711220,"01771M12:14:22.584","01771 12:02:15",242.96,866.38,,,,"     ",5.30,750.19,1.50
1771,554711221,"01771M12:14:23.557","01771 12:02:16",243.00,866.34,,,,"     ",5.30,733.51,1.47
1771,554711222,"01771M12:14:24.530","01771 12:02:17",243.03,866.38,,,,"     ",5.30,747.55,1.50
1771,554711223,"01771M12:14:25.504","01771 12:02:18",243.08,866.37,,,,"     ",5.30,750.63,1.50
1771,554711224,"01771M12:14:26.477","01771 12:02:19",243.12,866.33,,,,"     ",5.30,751.91,1.50
1771,554711225,"01771M12:14:27.450","01771 12:02:20",243.16,866.24,,,,"     ",5.30,750.07,1.50
1771,554711226,"01771M12:14:28.423","01771 12:02:21",243.20,866.26,,,,"     ",5.30,755.55,1.51
1771,554711227,"01771M12:14:29.397","01771 12:02:22",243.24,866.26,,,,"     ",5.30,746.13,1.49
1771,554711228,"01771M12:14:30.370","01771 12:02:23",243.27,866.23,,,,"     ",5.30,754.70,1.51
1771,554711229,"01771M12:14:31.343","01771 12:02:24",243.31,866.26,,,,"     ",5.30,743.82,1.48
1771,554711230,"01771M12:14:32.316","01771 12:02:25",243.33,866.32,,,,"     ",5.30,747.49,1.49
1771,554711231,"01771M12:14:33.290","01771 12:02:26",243.35,866.37,,,,"     ",5.30,752.37,1.50
1771,554711232,"01771M12:14:34.263","01771 12:02:27",243.37,866.33,,,,"     ",5.30,730.67,1.46
1771,554711233,"01771M12:14:35.236","01771 12:02:28",243.37,866.37,,,,"     ",5.30,743.25,1.48
1771,554711234,"01771M12:14:36.209","01771 12:02:29",243.36,866.39,,,,"     ",5.30,752.16,1.50
1771,554711235,"01771M12:14:37.183","01771 12:02:30",243.34,866.38,,,,"     ",5.30,755.15,1.50
1771,554711236,"01771M12:14:38.156","01771 12:02:31",243.32,866.36,,,,"     ",5.30,757.92,1.51
1771,554711237,"01771M12:14:39.129","01771 12:02:32",243.30,866.36,,,,"     ",5.30,747.06,1.49
1771,554711238,"01771M12:14:40.102","01771 12:02:33",243.27,866.39,,,,"     ",5.30,760.49,1.52
1771,554711239,"01771M12:14:41.076","01771 12:02:34",243.24,866.30,,,,"     ",5.30,750.58,1.49
1771,554711240,"01771M12:14:42.049","01771 12:02:35",243.21,866.26,,,,"     ",5.30,751.36,1.49
1771,554711241,"01771M12:14:43.022","01771 12:02:36",243.19,866.23,,,,"     ",5.30,749.11,1.49
1771,554711242,"01771M12:14:43.995","01771 12:02:37",243.16,866.27,,,,"     ",5.30,756.97,1.50
1771,554711243,"01771M12:14:44.969","01771 12:02:38",243.14,866.23,,,,"     ",5.30,743.29,1.48
1771,554711244,"01771M12:14:45.942","01771 12:02:39",243.11,866.30,,,,"     ",5.30,747.39,1.49
1771,554711245,"01771M12:14:46.915","01771 12:02:40",243.09,866.28,,,,"     ",5.30,750.45,1.49
1771,554711246,"01771M12:14:47.888","01771 12:02:41",243.07,866.30,,,,"     ",5.30,751.13,1.49
1771,554711247,"01771M12:14:48.862","01771 12:02:42",243.06,866.31,,,,"     ",5.30,750.30,1.49
1771,554711248,"01771M12:14:49.835","01771 12:02:43",243.06,866.34,,,,"     ",5.30,753.21,1.50
1771,554711249,"01771M12:14:50.808","01771 12:02:44",243.06,866.28,,,,"     ",5.30,754.62,1.50
1771,554711250,"01771M12:14:51.781","01771 12:02:45",243.06,866.29,,,,"     ",5.30,748.73,1.49
1771,554711251,"01771M12:14:52.755","01771 12:02:46",243.08,866.24,,,,"     ",5.30,749.34,1.49
1771,554711252,"01771M12:14:53.728","01771 12:02:47",243.10,866.19,,,,"     ",5.30,754.15,1.50
1771,554711253,"01771M12:14:54.701","01771 12:02:48",243.13,866.20,,,,"     ",5.30,751.28,1.49
1771,554711254,"01771M12:14:55.674","01771 12:02:48",243.16,866.31,,,,"     ",5.30,745.86,1.48
1771,554711255,"01771M12:14:56.648","01771 12:02:49",243.20,866.25,,,,"     ",5.30,747.63,1.48
1771,554711256,"01771M12:14:57.621","01771 12:02:50",243.23,866.24,,,,"     ",5.30,752.20,1.49
1771,554711257,"01771M12:14:58.594","01771 12:02:51",243.26,866.22,,,,"     ",5.30,752.75,1.49
1771,554711258,"01771M12:14:59.567","01771 12:02:52",243.27,866.22,,,,"     ",5.30,750.02,1.48
1771,554711259,"01771M12:15:00.541","01771 12:02:53",243.28,866.24,,,,"     ",5.30,757.17,1.50
1771,554711260,"01771M12:15:01.514","01771 12:02:54",243.27,866.27,,,,"     ",5.30,747.08,1.48
1771,554711261,"01771M12:15:02.487","01771 12:02:55",243.25,866.23,,,,"     ",5.30,756.50,1.50
1771,554711262,"01771M12:15:03.460","01771 12:02:56",243.21,866.18,,,,"     ",5.30,752.63,1.49
1771,554711263,"01771M12:15:04.434","01771 12:02:57",243.14,866.14,,,,"     ",5.30,751.21,1.48
1771,554711264,"01771M12:15:05.407","01771 12:02:58",243.05,866.23,,,,"     ",5.30,750.63,1.48
1771,554711265,"01771M12:15:06.380","01771 12:02:59",242.93,866.24,,,,"     ",5.30,761.32,1.50
1771,554711266,"01771M12:15:07.353","01771 12:03:00",242.81,866.26,,,,"     ",5.30,765.15,1.51
1771,554711267,"01771M12:15:08.327","01771 12:03:01",242.67,866.31,,,,"     ",5.30,754.19,1.49
1771,554711268,"01771M12:15:09.300","01771 12:03:02",242.52,866.29,,,,"     ",5.30,758.11,1.50
1771,554711269,"01771M12:15:10.273","01771 12:03:03",242.37,866.28,,,,"     ",5.30,757.70,1.50
1771,554711270,"01771M12:15:11.246","01771 12:03:04",242.20,866.19,,,,"     ",5.30,753.47,1.49
1771,554711271,"01771M12:15:12.220","01771 12:03:05",240.64,866.23,,,,"     ",5.30,760.51,1.50
1771,554711272,"01771M12:15:13.193","01771 12:03:06",240.48,866.23,,,,"     ",5.30,756.45,1.49
1771,554711273,"01771M12:15:14.166","01771 12:03:07",240.30,866.17,,,,"     ",5.30,756.47,1.49
1771,554711274,"01771M12:15:15.139","01771 12:03:08",240.11,866.22,,,,"     ",5.30,757.10,1.49
1771,554711275,"01771M12:15:16.113","01771 12:03:09",239.92,866.29,,,,"     ",5.30,751.74,1.48
1771,554711276,"01771M12:15:17.086","01771 12:03:10",239.71,866.26,,,,"     ",5.30,755.07,1.49
1771,554711277,"01771M12:15:18.059","01771 12:03:11",239.52,866.27,,,,"     ",5.30,758.90,1.49
1771,554711278,"01771M12:15:19.032","01771 12:03:12",239.33,866.28,,,,"     ",5.30,757.69,1.49
1771,554711279,"01771M12:15:20.006","01771 12:03:13",239.15,866.23,,,,"     ",5.30,760.27,1.50
1771,554711280,"01771M12:15:20.979","01771 12:03:14",238.97,866.29,,,,"     ",5.30,753.18,1.48
1771,554711281,"01771M12:15:21.952","01771 12:03:15",238.80,866.31,,,,"     ",5.30,755.49,1.49
1771,554711282,"01771M12:15:22.925","01771 12:03:16",238.64,866.30,,,,"     ",5.30,762.46,1.50
1771,554711283,"01771M12:15:23.899","01771 12:03:17",238.51,866.27,,,,"     ",5.30,760.25,1.50
1771,554711284,"01771M12:15:24.872","01771 12:03:18",238.39,866.23,,,,"     ",5.30,753.85,1.48
1771,554711285,"01771M12:15:25.845","01771 12:03:19",238.30,866.28,,,,"     ",5.30,751.16,1.48
1771,554711286,"01771M12:15:26.819","01771 12:03:20",238.23,866.23,,,,"     ",5.30,753.16,1.48
1771,554711287,"01771M12:15:27.792","01771 12:03:21",238.19,866.18,,,,"     ",5.30,760.26,1.49
1771,554711288,"01771M12:15:28.765","01771 12:03:22",238.16,866.16,,,,"     ",5.30,760.97,1.50
1771,554711289,"01771M12:15:29.738","01771 12:03:23",238.14,866.27,,,,"     ",5.30,757.43,1.49
1771,554711290,"01771M12:15:30.712","01771 12:03:24",238.12,866.26,,,,"     ",5.30,752.57,1.48
1771,554711291,"01771M12:15:31.685","01771 12:03:25",238.11,866.25,,,,"     ",5.30,757.99,1.49
1771,554711292,"01771M12:15:32.658","01771 12:03:25",238.09,866.16,,,,"     ",5.30,755.58,1.48
1771,554711293,"01771M12:15:33.631","01771 12:03:26",238.07,866.16,,,,"     ",5.30,747.26,1.47
1771,554711294,"01771M12:15:34.605","01771 12:03:27",238.04,866.22,,,,"     ",5.30,760.21,1.49
1771,554711295,"01771M12:15:35.578","01771 12:03:28",238.00,866.13,,,,"     ",5.30,754.41,1.48
1771,554711296,"01771M12:15:36.551","01771 12:03:29",237.97,866.10,,,,"     ",5.30,757.32,1.49
1771,554711297,"01771M12:15:37.524","01771 12:03:30",237.93,866.13,,,,"     ",5.30,756.12,1.48
1771,554711298,"01771M12:15:38.498","01771 12:03:31",237.90,866.11,,,,"     ",5.30,753.33,1.48
1771,554711299,"01771M12:15:39.471","01771 12:03:32",237.86,866.12,,,,"     ",5.30,760.44,1.49
1771,554711300,"01771M12:15:40.444","01771 12:03:33",237.81,866.11,,,,"     ",5.30,763.95,1.50
1771,554711301,"01771M12:15:41.417","01771 12:03:34",237.76,866.11,,,,"     ",5.30,761.68,1.49
1771,554711302,"01771M12:15:42.391","01771 12:03:35",237.71,866.13,,,,"     ",5.30,756.04,1.48
1771,554711303,"01771M12:15:43.364","01771 12:03:36",237.66,866.14,,,,"     ",5.30,761.76,1.49
1771,554711304,"01771M12:15:44.337","01771 12:03:37",237.61,866.17,,,,"     ",5.30,764.50,1.50
1771,554711305,"01771M12:15:45.310","01771 12:03:38",237.55,866.20,,,,"     ",5.30,756.79,1.48
1771,554711306,"01771M12:15:46.284","01771 12:03:39",237.49,866.19,,,,"     ",5.30,755.22,1.48
1771,554711307,"01771M12:15:47.257","01771 12:03:40",237.43,866.13,,,,"     ",5.30,756.07,1.48
1771,554711308,"01771M12:15:48.230","01771 12:03:41",237.37,866.14,,,,"     ",5.30,763.48,1.50
1771,554711309,"01771M12:15:49.203","01771 12:03:42",237.07,866.23,,,,"     ",5.30,763.42,1.49
1771,554711310,"01771M12:15:50.177","01771 12:03:43",237.00,866.14,,,,"     ",5.30,760.52,1.49
1771,554711311,"01771M12:15:51.150","01771 12:03:44",236.93,866.20,,,,"     ",5.30,758.72,1.48
1771,554711312,"01771M12:15:52.123","01771 12:03:45",236.86,866.18,,,,"     ",5.30,762.50,1.49
1771,554711313,"01771M12:15:53.096","01771 12:03:46",236.79,866.19,,,,"     ",5.30,757.58,1.48
1771,554711314,"01771M12:15:54.070","01771 12:03:47",236.71,866.18,,,,"     ",5.30,764.10,1.49
1771,554711315,"01771M12:15:55.043","01771 12:03:48",236.64,866.17,,,,"     ",5.30,760.52,1.49
1771,554711316,"01771M12:15:56.016","01771 12:03:49",236.57,866.18,,,,"     ",5.30,751.80,1.47
1771,554711317,"01771M12:15:56.989","01771 12:03:50",236.50,866.15,,,,"     ",5.30,761.05,1.49
1771,554711318,"01771M12:15:57.963","01771 12:03:51",236.43,866.13,,,,"     ",5.30,766.46,1.50
1771,554711319,"01771M12:15:58.936","01771 12:03:52",236.37,866.12,,,,"     ",5.30,762.88,1.49
1771,554711320,"01771M12:15:59.909","01771 12:03:53",236.30,866.18,,,,"     ",5.30,759.21,1.48
1771,554711321,"01771M12:16:00.882","01771 12:03:54",236.23,866.06,,,,"     ",5.30,761.97,1.49
1771,554711322,"01771M12:16:01.856","01771 12:03:55",236.15,866.03,,,,"     ",5.30,764.36,1.49
1771,554711323,"01771M12:16:02.829","01771 12:03:56",236.07,866.00,,,,"     ",5.30,768.49,1.50
1771,554711324,"01771M12:16:03.802","01771 12:03:57",236.02,866.14,,,,"     ",5.30,762.69,1.49
1771,554711325,"01771M12:16:04.775","01771 12:03:58",235.97,866.15,,,,"     ",5.30,754.75,1.47
1771,554711326,"01771M12:16:05.749","01771 12:03:59",235.94,866.12,,,,"     ",5.30,763.11,1.49
1771,554711327,"01771M12:16:06.722","01771 12:04:00",235.93,866.12,,,,"     ",5.30,756.99,1.48
1771,554711328,"01771M12:16:07.695","01771 12:04:01",235.92,866.04,,,,"     ",5.30,762.80,1.49
1771,554711329,"01771M12:16:08.668","01771 12:04:02",235.92,866.12,,,,"     ",5.30,756.93,1.48
1771,554711330,"01771M12:16:09.642","01771 12:04:02",235.93,866.11,,,,"     ",5.30,762.18,1.49
1771,554711331,"01771M12:16:10.615","01771 12:04:03",235.94,866.17,,,,"     ",5.30,766.61,1.50
1771,554711332,"01771M12:16:11.588","01771 12:04:04",235.94,866.18,,,,"     ",5.30,766.71,1.50
1771,554711333,"01771M12:16:12.561","01771 12:04:05",235.91,866.09,,,,"     ",5.30,756.69,1.48
1771,554711334,"01771M12:16:13.535","01771 12:04:06",235.87,866.05,,,,"     ",5.30,772.64,1.51
1771,554711335,"01771M12:16:14.508","01771 12:04:07",235.81,866.14,,,,"     ",5.30,761.80,1.49
1771,554711336,"01771M12:16:15.481","01771 12:04:08",235.73,866.15,,,,"     ",5.30,761.83,1.49
1771,554711337,"01771M12:16:16.454","01771 12:04:09",235.64,866.09,,,,"     ",5.30,760.40,1.48
1771,554711338,"01771M12:16:17.428","01771 12:04:10",235.53,866.04,,,,"     ",5.30,761.10,1.48
1771,554711339,"01771M12:16:18.401","01771 12:04:11",235.41,866.11,,,,"     ",5.30,765.09,1.49
1771,554711340,"01771M12:16:19.374","01771 12:04:12",235.29,866.13,,,,"     ",5.30,762.82,1.49
1771,554711341,"01771M12:16:20.347","01771 12:04:13",235.17,866.14,,,,"     ",5.30,769.56,1.50
1771,554711342,"01771M12:16:21.321","01771 12:04:14",235.06,866.11,,,,"     ",5.30,759.77,1.48
1771,554711343,"01771M12:16:22.294","01771 12:04:15",234.96,866.16,,,,"     ",5.30,769.12,1.50
1771,554711344,"01771M12:16:23.267","01771 12:04:16",234.89,866.11,,,,"     ",5.30,766.58,1.49
1771,554711345,"01771M12:16:24.240","01771 12:04:17",234.84,866.14,,,,"     ",5.30,762.27,1.48
1771,554711346,"01771M12:16:25.214","01771 12:04:18",234.83,866.06,,,,"     ",5.30,762.00,1.48
1771,554711347,"01771M12:16:26.187","01771 12:04:19",234.84,866.08,,,,"     ",5.30,757.49,1.47
1771,554711348,"01771M12:16:27.160","01771 12:04:20",234.87,866.06,,,,"     ",5.30,761.06,1.48
1771,554711349,"01771M12:16:28.133","01771 12:04:21",234.92,866.16,,,,"     ",5.30,767.38,1.49
1771,554711350,"01771M12:16:29.107","01771 12:04:22",234.97,866.17,,,,"     ",5.30,759.61,1.48
1771,554711351,"01771M12:16:30.080","01771 12:04:23",235.02,866.07,,,,"     ",5.30,765.22,1.49
1771,554711352,"01771M12:16:31.053","01771 12:04:24",235.07,866.10,,,,"     ",5.30,766.16,1.49
1771,554711353,"01771M12:16:32.026","01771 12:04:25",235.10,866.07,,,,"     ",5.30,764.17,1.49
1771,554711354,"01771M12:16:33.000","01771 12:04:26",235.13,866.05,,,,"     ",5.30,766.76,1.49
1771,554711355,"01771M12:16:33.973","01771 12:04:27",235.14,865.97,,,,"     ",5.30,763.78,1.49
1771,554711356,"01771M12:16:34.946","01771 12:04:28",235.14,866.02,,,,"     ",5.30,775.39,1.51
1771,554711357,"01771M12:16:35.920","01771 12:04:29",235.14,866.10,,,,"     ",5.30,766.88,1.49
1771,554711358,"01771M12:16:36.893","01771 12:04:30",235.14,866.05,,,,"     ",5.30,767.07,1.49
1771,554711359,"01771M12:16:37.866","01771 12:04:31",235.14,866.09,,,,"     ",5.30,763.76,1.48
1771,554711360,"01771M12:16:38.839","01771 12:04:32",235.14,866.10,,,,"     ",5.30,756.04,1.47
1771,554711361,"01771M12:16:39.813","01771 12:04:33",235.14,866.13,,,,"     ",5.30,760.63,1.48
1771,554711362,"01771M12:16:40.786","01771 12:04:34",235.14,866.03,,,,"     ",5.30,764.44,1.48
1771,554711363,"01771M12:16:41.759","01771 12:04:35",235.13,866.05,,,,"     ",5.30,765.40,1.49
1771,554711364,"01771M12:16:42.732","01771 12:04:36",235.12,866.11,,,,"     ",5.30,765.61,1.49
1771,554711365,"01771M12:16:43.706","01771 12:04:37",235.10,866.02,,,,"     ",5.30,765.00,1.48
1771,554711366,"01771M12:16:44.679","01771 12:04:38",235.08,866.01,,,,"     ",5.30,765.63,1.49
1771,554711367,"01771M12:16:45.652","01771 12:04:38",235.04,866.02,,,,"     ",5.30,767.75,1.49
1771,554711368,"01771M12:16:46.625","01771 12:04:39",234.99,866.02,,,,"     ",5.30,760.00,1.47
1771,554711369,"01771M12:16:47.599","01771 12:04:40",234.92,865.99,,,,"     ",5.30,769.51,1.49
1771,554711370,"01771M12:16:48.572","01771 12:04:41",234.85,866.02,,,,"     ",5.30,764.81,1.48
1771,554711371,"01771M12:16:49.545","01771 12:04:42",234.75,865.94,,,,"     ",5.30,759.32,1.47
1771,554711372,"01771M12:16:50.518","01771 12:04:43",234.65,865.97,,,,"     ",5.30,763.99,1.48
1771,554711373,"01771M12:16:51.492","01771 12:04:44",234.56,865.99,,,,"     ",5.30,769.98,1.49
1771,554711374,"01771M12:16:52.465","01771 12:04:45",234.46,865.95,,,,"     ",5.30,760.53,1.47
1771,554711375,"01771M12:16:53.438","01771 12:04:46",234.37,865.99,,,,"     ",5.30,765.36,1.48
1771,554711376,"01771M12:16:54.411","01771 12:04:47",234.29,865.95,,,,"     ",5.30,772.50,1.50
1771,554711377,"01771M12:16:55.385","01771 12:04:48",234.21,865.88,,,,"     ",5.30,768.73,1.49
1771,554711378,"01771M12:16:56.358","01771 12:04:49",234.14,865.95,,,,"     ",5.30,765.10,1.48
1771,554711379,"01771M12:16:57.331","01771 12:04:50",234.08,865.95,,,,"     ",5.30,766.94,1.49
1771,554711380,"01771M12:16:58.304","01771 12:04:51",234.02,865.93,,,,"     ",5.30,762.63,1.48
1771,554711381,"01771M12:16:59.278","01771 12:04:52",233.96,865.96,,,,"     ",5.30,765.80,1.48
1771,554711382,"01771M12:17:00.251","01771 12:04:53",233.93,865.94,,,,"     ",5.30,765.77,1.48
1771,554711383,"01771M12:17:01.224","01771 12:04:54",233.92,865.93,,,,"     ",5.30,761.75,1.47
1771,554711384,"01771M12:17:02.197","01771 12:04:55",233.93,865.97,,,,"     ",5.30,772.69,1.50
1771,554711385,"01771M12:17:03.171","01771 12:04:56",233.98,866.02,,,,"     ",5.30,766.70,1.48
1771,554711386,"01771M12:17:04.144","01771 12:04:57",234.04,866.03,,,,"     ",5.30,765.88,1.48
1771,554711387,"01771M12:17:05.117","01771 12:04:58",234.14,866.00,,,,"     ",5.30,765.36,1.48
1771,554711388,"01771M12:17:06.090","01771 12:04:59",234.25,865.97,,,,"     ",5.30,770.32,1.49
1771,554711389,"01771M12:17:07.064","01771 12:05:00",234.39,866.00,,,,"     ",5.30,763.93,1.48
1771,554711390,"01771M12:17:08.037","01771 12:05:01",234.54,865.95,,,,"     ",5.30,755.93,1.46
1771,554711391,"01771M12:17:09.010","01771 12:05:02",234.73,865.94,,,,"     ",5.30,770.97,1.49
1771,554711392,"01771M12:17:09.983","01771 12:05:03",234.92,865.98,,,,"     ",5.30,768.63,1.49
1771,554711393,"01771M12:17:10.957","01771 12:05:04",235.13,866.03,,,,"     ",5.30,762.36,1.47
1771,554711394,"01771M12:17:11.930","01771 12:05:05",235.34,866.01,,,,"     ",5.30,765.69,1.48
1771,554711395,"01771M12:17:12.903","01771 12:05:06",235.55,866.02,,,,"     ",5.30,766.52,1.48
1771,554711396,"01771M12:17:13.876","01771 12:05:07",235.76,866.02,,,,"     ",5.30,766.51,1.48
1771,554711397,"01771M12:17:14.850","01771 12:05:08",235.97,866.03,,,,"     ",5.30,765.48,1.48
1771,554711398,"01771M12:17:15.823","01771 12:05:09",236.16,866.06,,,,"     ",5.30,767.87,1.48
1771,554711399,"01771M12:17:16.796","01771 12:05:10",236.35,866.01,,,,"     ",5.30,760.76,1.47
1771,554711400,"01771M12:17:17.769","01771 12:05:11",236.53,866.00,,,,"     ",5.30,774.01,1.49
1771,554711401,"01771M12:17:18.743","01771 12:05:12",236.70,865.96,,,,"     ",5.30,770.70,1.49
1771,554711402,"01771M12:17:19.716","01771 12:05:13",236.85,865.95,,,,"     ",5.30,772.21,1.49
1771,554711403,"01771M12:17:20.689","01771 12:05:14",236.99,865.96,,,,"     ",5.30,774.40,1.49
1771,554711404,"01771M12:17:21.662","01771 12:05:15",237.10,866.01,,,,"     ",5.30,776.81,1.50
1771,554711405,"01771M12:17:22.636","01771 12:05:15",237.20,866.04,,,,"     ",5.30,761.16,1.47
1771,554711406,"01771M12:17:23.609","01771 12:05:16",237.29,866.04,,,,"     ",5.30,775.35,1.49
1771,554711407,"01771M12:17:24.582","01771 12:05:17",237.37,866.06,,,,"     ",5.30,763.46,1.47
1771,554711408,"01771M12:17:25.555","01771 12:05:18",237.46,866.11,,,,"     ",5.30,767.58,1.48
1771,554711409,"01771M12:17:26.529","01771 12:05:19",237.56,865.99,,,,"     ",5.30,770.90,1.48
1771,554711410,"01771M12:17:27.502","01771 12:05:20",237.66,865.94,,,,"     ",5.30,775.47,1.49
1771,554711411,"01771M12:17:28.475","01771 12:05:21",237.77,865.97,,,,"     ",5.30,768.72,1.48
1771,554711412,"01771M12:17:29.448","01771 12:05:22",237.87,865.92,,,,"     ",5.30,764.62,1.47
1771,554711413,"01771M12:17:30.422","01771 12:05:23",237.96,865.98,,,,"     ",5.30,768.77,1.48
1771,554711414,"01771M12:17:31.395","01771 12:05:24",238.04,866.04,,,,"     ",5.30,771.91,1.48
1771,554711415,"01771M12:17:32.368","01771 12:05:25",238.09,866.03,,,,"     ",5.30,767.77,1.47
1771,554711416,"01771M12:17:33.341","01771 12:05:26",238.12,866.01,,,,"     ",5.30,774.56,1.48
1771,554711417,"01771M12:17:34.315","01771 12:05:27",238.13,866.01,,,,"     ",5.30,761.63,1.46
1771,554711418,"01771M12:17:35.288","01771 12:05:28",238.12,865.95,,,,"     ",5.30,773.04,1.48
1771,554711419,"01771M12:17:36.261","01771 12:05:29",238.09,865.86,,,,"     ",5.30,778.01,1.49
1771,554711420,"01771M12:17:37.234","01771 12:05:30",238.03,865.99,,,,"     ",5.30,776.40,1.49
1771,554711421,"01771M12:17:38.208","01771 12:05:31",237.95,865.92,,,,"     ",5.30,775.15,1.48
1771,554711422,"01771M12:17:39.181","01771 12:05:32",237.86,865.99,,,,"     ",5.30,780.72,1.49
1771,554711423,"01771M12:17:40.154","01771 12:05:33",237.76,865.98,,,,"     ",5.30,777.92,1.49
1771,554711424,"01771M12:17:41.127","01771 12:05:34",237.67,865.97,,,,"     ",5.30,774.05,1.48
1771,554711425,"01771M12:17:42.101","01771 12:05:35",237.60,865.99,,,,"     ",5.30,776.19,1.48
1771,554711426,"01771M12:17:43.074","01771 12:05:36",237.56,866.04,,,,"     ",5.30,784.56,1.50
1771,554711427,"01771M12:17:44.047","01771 12:05:37",237.55,865.98,,,,"     ",5.30,779.09,1.49
1771,554711428,"01771M12:17:45.021","01771 12:05:38",237.58,865.96,,,,"     ",5.30,771.04,1.47
1771,554711429,"01771M12:17:45.994","01771 12:05:39",237.64,865.90,,,,"     ",5.30,775.75,1.48
1771,554711430,"01771M12:17:46.967","01771 12:05:40",237.72,866.02,,,,"     ",5.30,778.55,1.49
1771,554711431,"01771M12:17:47.940","01771 12:05:41",237.81,865.93,,,,"     ",5.30,775.64,1.48
1771,554711432,"01771M12:17:48.914","01771 12:05:42",237.90,865.92,,,,"     ",5.30,777.71,1.48
1771,554711433,"01771M12:17:49.887","01771 12:05:43",238.00,865.89,,,,"     ",5.30,766.11,1.46
1771,554711434,"01771M12:17:50.860","01771 12:05:44",238.08,865.97,,,,"     ",5.30,771.88,1.47
1771,554711435,"01771M12:17:51.833","01771 12:05:45",238.15,865.95,,,,"     ",5.30,775.58,1.48
1771,554711436,"01771M12:17:52.807","01771 12:05:46",238.21,865.96,,,,"     ",5.30,777.96,1.48
1771,554711437,"01771M12:17:53.780","01771 12:05:47",238.25,865.93,,,,"     ",5.30,773.41,1.47
1771,554711438,"01771M12:17:54.753","01771 12:05:48",238.28,865.96,,,,"     ",5.30,775.14,1.47
1771,554711439,"01771M12:17:55.726","01771 12:05:49",238.29,865.90,,,,"     ",5.30,780.30,1.48
1771,554711440,"01771M12:17:56.700","01771 12:05:50",238.30,865.89,,,,"     ",5.30,775.75,1.47
1771,554711441,"01771M12:17:57.673","01771 12:05:51",238.31,865.92,,,,"     ",5.30,780.46,1.48
1771,554711442,"01771M12:17:58.646","01771 12:05:52",238.31,865.97,,,,"     ",5.30,771.40,1.46
1771,554711443,"01771M12:17:59.619","01771 12:05:52",238.32,865.94,,,,"     ",5.30,779.62,1.48
1771,554711444,"01771M12:18:00.593","01771 12:05:53",238.32,865.95,,,,"     ",5.30,771.75,1.46
1771,554711445,"01771M12:18:01.566","01771 12:05:54",238.33,865.89,,,,"     ",5.30,778.00,1.48
1771,554711446,"01771M12:18:02.539","01771 12:05:55",238.34,865.88,,,,"     ",5.30,777.19,1.47
1771,554711447,"01771M12:18:03.512","01771 12:05:56",238.37,865.94,,,,"     ",5.30,773.47,1.47
1771,554711448,"01771M12:18:04.486","01771 12:05:57",238.41,865.92,,,,"     ",5.30,781.67,1.48
1771,554711449,"01771M12:18:05.459","01771 12:05:58",238.45,865.92,,,,"     ",5.30,782.19,1.48
1771,554711450,"01771M12:18:06.432","01771 12:05:59",238.50,865.91,,,,"     ",5.30,771.41,1.46
1771,554711451,"01771M12:18:07.405","01771 12:06:00",238.54,865.93,,,,"     ",5.30,773.23,1.46
1771,554711452,"01771M12:18:08.379","01771 12:06:01",238.58,865.89,,,,"     ",5.30,779.95,1.48
1771,554711453,"01771M12:18:09.352","01771 12:06:02",238.62,865.85,,,,"     ",5.30,779.93,1.47
1771,554711454,"01771M12:18:10.325","01771 12:06:03",238.65,865.90,,,,"     ",5.30,777.65,1.47
1771,554711455,"01771M12:18:11.298","01771 12:06:04",238.67,865.95,,,,"     ",5.30,779.71,1.47
1771,554711456,"01771M12:18:12.272","01771 12:06:05",238.68,865.92,,,,"     ",5.30,778.25,1.47
1771,554711457,"01771M12:18:13.245","01771 12:06:06",238.70,865.91,,,,"     ",5.30,782.40,1.48
1771,554711458,"01771M12:18:14.218","01771 12:06:07",238.73,865.88,,,,"     ",5.30,773.89,1.46
1771,554711459,"01771M12:18:15.191","01771 12:06:08",238.76,865.90,,,,"     ",5.30,774.43,1.46
1771,554711460,"01771M12:18:16.165","01771 12:06:09",238.81,865.86,,,,"     ",5.30,779.25,1.47
1771,554711461,"01771M12:18:17.138","01771 12:06:10",238.86,865.91,,,,"     ",5.30,779.45,1.47
1771,554711462,"01771M12:18:18.111","01771 12:06:11",238.92,865.92,,,,"     ",5.30,773.67,1.46
1771,554711463,"01771M12:18:19.084","01771 12:06:12",238.98,865.86,,,,"     ",5.30,785.21,1.48
1771,554711464,"01771M12:18:20.058","01771 12:06:13",239.05,865.94,,,,"     ",5.30,771.02,1.45
1771,554711465,"01771M12:18:21.031","01771 12:06:14",239.14,865.83,,,,"     ",5.30,778.12,1.46
1771,554711466,"01771M12:18:22.004","01771 12:06:15",239.23,865.90,,,,"     ",5.30,780.31,1.47
1771,554711467,"01771M12:18:22.977","01771 12:06:16",239.33,865.90,,,,"     ",5.30,786.60,1.48
1771,554711468,"01771M12:18:23.951","01771 12:06:17",239.42,865.84,,,,"     ",5.30,782.97,1.47
1771,554711469,"01771M12:18:24.924","01771 12:06:18",239.50,865.84,,,,"     ",5.30,791.70,1.49
1771,554711470,"01771M12:18:25.897","01771 12:06:19",239.58,865.80,,,,"     ",5.30,783.96,1.47
1771,554711471,"01771M12:18:26.870","01771 12:06:20",239.65,865.79,,,,"     ",5.30,786.92,1.48
1771,554711472,"01771M12:18:27.844","01771 12:06:21",239.71,865.85,,,,"     ",5.30,783.92,1.47
1771,554711473,"01771M12:18:28.817","01771 12:06:22",239.77,865.84,,,,"     ",5.30,785.15,1.47
1771,554711474,"01771M12:18:29.790","01771 12:06:23",239.82,865.84,,,,"     ",5.30,789.97,1.48
1771,554711475,"01771M12:18:30.763","01771 12:06:24",239.87,865.91,,,,"     ",5.30,775.46,1.45
1771,554711476,"01771M12:18:31.737","01771 12:06:25",239.92,865.90,,,,"     ",5.30,783.97,1.47
1771,554711477,"01771M12:18:32.710","01771 12:06:26",239.98,865.83,,,,"     ",5.30,776.22,1.45
1771,554711478,"01771M12:18:33.683","01771 12:06:27",240.04,865.84,,,,"     ",5.30,781.49,1.46
1771,554711479,"01771M12:18:34.656","01771 12:06:28",240.11,865.98,,,,"     ",5.30,783.30,1.47
1771,554711480,"01771M12:18:35.630","01771 12:06:28",240.17,865.81,,,,"     ",5.30,800.21,1.50
1771,554711481,"01771M12:18:36.603","01771 12:06:29",240.21,865.80,,,,"     ",5.30,784.80,1.47
1771,554711482,"01771M12:18:37.576","01771 12:06:30",240.23,865.84,,,,"     ",5.30,775.94,1.45
1771,554711483,"01771M12:18:38.549","01771 12:06:31",240.24,865.83,,,,"     ",5.30,774.82,1.45
1771,554711484,"01771M12:18:39.523","01771 12:06:32",240.22,865.89,,,,"     ",5.30,776.34,1.45
1771,554711485,"01771M12:18:40.496","01771 12:06:33",240.19,865.78,,,,"     ",5.30,784.66,1.47
1771,554711486,"01771M12:18:41.469","01771 12:06:34",240.13,865.87,,,,"     ",5.30,783.38,1.46
1771,554711487,"01771M12:18:42.442","01771 12:06:35",240.05,865.86,,,,"     ",5.30,788.69,1.47
1771,554711488,"01771M12:18:43.416","01771 12:06:36",239.95,865.80,,,,"     ",5.30,794.98,1.48
1771,554711489,"01771M12:18:44.389","01771 12:06:37",239.84,865.78,,,,"     ",5.30,778.39,1.45
1771,554711490,"01771M12:18:45.362","01771 12:06:38",239.72,865.84,,,,"     ",5.30,782.15,1.46
1771,554711491,"01771M12:18:46.335","01771 12:06:39",239.59,865.78,,,,"     ",5.30,787.46,1.47
1771,554711492,"01771M12:18:47.309","01771 12:06:40",239.45,865.86,,,,"     ",5.30,782.31,1.46
1771,554711493,"01771M12:18:48.282","01771 12:06:41",239.32,865.73,,,,"     ",5.30,788.36,1.47
1771,554711494,"01771M12:18:49.255","01771 12:06:42",239.17,865.74,,,,"     ",5.30,785.72,1.46
1771,554711495,"01771M12:18:50.228","01771 12:06:43",239.02,865.79,,,,"     ",5.30,786.49,1.47
1771,554711496,"01771M12:18:51.202","01771 12:06:44",238.87,865.70,,,,"     ",5.30,789.44,1.47
1771,554711497,"01771M12:18:52.175","01771 12:06:45",238.71,865.71,,,,"     ",5.30,786.64,1.47
1771,554711498,"01771M12:18:53.148","01771 12:06:46",238.54,865.77,,,,"     ",5.30,784.09,1.46
1771,554711499,"01771M12:18:54.122","01771 12:06:47",238.37,865.76,,,,"     ",5.30,783.60,1.46
1771,554711500,"01771M12:18:55.095","01771 12:06:48",238.19,865.82,,,,"     ",5.30,793.13,1.48
1771,554711501,"01771M12:18:56.068","01771 12:06:49",238.01,865.77,,,,"     ",5.30,783.45,1.46
1771,554711502,"01771M12:18:57.041","01771 12:06:50",237.83,865.79,,,,"     ",5.30,778.71,1.45
1771,554711503,"01771M12:18:58.015","01771 12:06:51",237.64,865.75,,,,"     ",5.30,785.84,1.47
1771,554711504,"01771M12:18:58.988","01771 12:06:52",237.46,865.79,,,,"     ",5.30,782.90,1.46
1771,554711505,"01771M12:18:59.961","01771 12:06:53",237.28,865.76,,,,"     ",5.30,781.33,1.46
1771,554711506,"01771M12:19:00.934","01771 12:06:54",237.12,865.77,,,,"     ",5.30,790.20,1.48
1771,554711507,"01771M12:19:01.908","01771 12:06:55",236.96,865.82,,,,"     ",5.30,785.99,1.47
1771,554711508,"01771M12:19:02.881","01771 12:06:56",236.81,865.83,,,,"     ",5.30,787.71,1.47
1771,554711509,"01771M12:19:03.854","01771 12:06:57",236.67,865.82,,,,"     ",5.30,781.83,1.46
1771,554711510,"01771M12:19:04.827","01771 12:06:58",236.56,865.73,,,,"     ",5.30,793.73,1.48
1771,554711511,"01771M12:19:05.801","01771 12:06:59",236.46,865.71,,,,"     ",5.30,782.41,1.46
1771,554711512,"01771M12:19:06.774","01771 12:07:00",236.38,865.65,,,,"     ",5.30,784.21,1.47
1771,554711513,"01771M12:19:07.747","01771 12:07:01",236.32,865.76,,,,"     ",5.30,786.64,1.47
1771,554711514,"01771M12:19:08.720","01771 12:07:02",236.28,865.88,,,,"     ",5.30,777.46,1.45
1771,554711515,"01771M12:19:09.694","01771 12:07:03",236.25,865.81,,,,"     ",5.30,773.48,1.45
1771,554711516,"01771M12:19:10.667","01771 12:07:04",236.24,865.76,,,,"     ",5.30,784.19,1.47
1771,554711517,"01771M12:19:11.640","01771 12:07:05",236.25,865.77,,,,"     ",5.30,790.46,1.48
1771,554711518,"01771M12:19:12.613","01771 12:07:05",236.25,865.72,,,,"     ",5.30,781.86,1.47
1771,554711519,"01771M12:19:13.587","01771 12:07:06",236.24,865.78,,,,"     ",5.30,783.89,1.47
1771,554711520,"01771M12:19:14.560","01771 12:07:07",236.23,865.77,,,,"     ",5.30,782.97,1.47
1771,554711521,"01771M12:19:15.533","01771 12:07:08",236.20,865.73,,,,"     ",5.30,780.06,1.46
1771,554711522,"01771M12:19:16.506","01771 12:07:09",236.15,865.76,,,,"     ",5.30,783.56,1.47
1771,554711523,"01771M12:19:17.480","01771 12:07:10",236.08,865.75,,,,"     ",5.30,777.88,1.46
1771,554711524,"01771M12:19:18.453","01771 12:07:11",235.98,865.70,,,,"     ",5.30,775.98,1.46
1771,554711525,"01771M12:19:19.426","01771 12:07:12",235.88,865.74,,,,"     ",5.30,782.99,1.47
1771,554711526,"01771M12:19:20.399","01771 12:07:13",235.77,865.71,,,,"     ",5.30,782.02,1.47
1771,554711527,"01771M12:19:21.373","01771 12:07:14",235.65,865.70,,,,"     ",5.30,782.36,1.47
1771,554711528,"01771M12:19:22.346","01771 12:07:15",235.54,865.76,,,,"     ",5.30,778.39,1.46
1771,554711529,"01771M12:19:23.319","01771 12:07:16",235.44,865.71,,,,"     ",5.30,779.15,1.46
1771,554711530,"01771M12:19:24.292","01771 12:07:17",235.36,865.71,,,,"     ",5.30,773.36,1.45
1771,554711531,"01771M12:19:25.266","01771 12:07:18",235.27,865.70,,,,"     ",5.30,776.89,1.46
1771,554711532,"01771M12:19:26.239","01771 12:07:19",235.21,865.63,,,,"     ",5.30,782.61,1.47
1771,554711533,"01771M12:19:27.212","01771 12:07:20",235.16,865.74,,,,"     ",5.30,779.15,1.47
1771,554711534,"01771M12:19:28.185","01771 12:07:21",235.12,865.67,,,,"     ",5.30,776.30,1.46
1771,554711535,"01771M12:19:29.159","01771 12:07:22",235.10,865.76,,,,"     ",5.30,777.38,1.46
1771,554711536,"01771M12:19:30.132","01771 12:07:23",235.08,865.75,,,,"     ",5.30,775.09,1.46
1771,554711537,"01771M12:19:31.105","01771 12:07:24",235.06,865.76,,,,"     ",5.30,776.39,1.46
1771,554711538,"01771M12:19:32.078","01771 12:07:25",235.04,865.76,,,,"     ",5.30,776.14,1.46
1771,554711539,"01771M12:19:33.052","01771 12:07:26",235.02,865.65,,,,"     ",5.30,774.61,1.46
1771,554711540,"01771M12:19:34.025","01771 12:07:27",234.99,865.61,,,,"     ",5.30,786.15,1.48
1771,554711541,"01771M12:19:34.998","01771 12:07:28",234.95,865.66,,,,"     ",5.30,777.80,1.47
1771,554711542,"01771M12:19:35.971","01771 12:07:29",234.91,865.68,,,,"     ",5.30,783.87,1.48
1771,554711543,"01771M12:19:36.945","01771 12:07:30",234.87,865.65,,,,"     ",5.30,778.75,1.47
1771,554711544,"01771M12:19:37.918","01771 12:07:31",234.84,865.67,,,,"     ",5.30,774.69,1.46
1771,554711545,"01771M12:19:38.891","01771 12:07:32",234.81,865.59,,,,"     ",5.30,776.62,1.47
1771,554711546,"01771M12:19:39.864","01771 12:07:33",234.81,865.63,,,,"     ",5.30,779.65,1.47
1771,554711547,"01771M12:19:40.838","01771 12:07:34",234.80,865.61,,,,"     ",5.30,786.24,1.48
1771,554711548,"01771M12:19:41.811","01771 12:07:35",234.80,865.61,,,,"     ",5.30,781.35,1.47
1771,554711549,"01771M12:19:42.784","01771 12:07:36",234.82,865.55,,,,"     ",5.30,785.27,1.48
1771,554711550,"01771M12:19:43.757","01771 12:07:37",234.84,865.58,,,,"     ",5.30,788.04,1.49
1771,554711551,"01771M12:19:44.731","01771 12:07:38",234.87,865.59,,,,"     ",5.30,770.80,1.45
1771,554711552,"01771M12:19:45.704","01771 12:07:39",234.92,865.59,,,,"     ",5.30,783.02,1.48
1771,554711553,"01771M12:19:46.677","01771 12:07:40",234.97,865.54,,,,"     ",5.30,773.34,1.46
1771,554711554,"01771M12:19:47.650","01771 12:07:41",235.04,865.57,,,,"     ",5.30,775.00,1.46
1771,554711555,"01771M12:19:48.624","01771 12:07:42",235.12,865.61,,,,"     ",5.30,768.03,1.45
1771,554711556,"01771M12:19:49.597","01771 12:07:42",235.21,865.60,,,,"     ",5.30,779.67,1.47
1771,554711557,"01771M12:19:50.570","01771 12:07:43",235.31,865.53,,,,"     ",5.30,777.88,1.47
1771,554711558,"01771M12:19:51.543","01771 12:07:44",235.41,865.58,,,,"     ",5.30,774.38,1.46
1771,554711559,"01771M12:19:52.517","01771 12:07:45",235.53,865.62,,,,"     ",5.30,781.42,1.48
1771,554711560,"01771M12:19:53.490","01771 12:07:46",235.65,865.59,,,,"     ",5.30,770.01,1.45
1771,554711561,"01771M12:19:54.463","01771 12:07:47",235.77,865.56,,,,"     ",5.30,775.42,1.46
1771,554711562,"01771M12:19:55.436","01771 12:07:48",235.89,865.56,,,,"     ",5.30,784.12,1.48
1771,554711563,"01771M12:19:56.410","01771 12:07:49",236.00,865.58,,,,"     ",5.30,770.57,1.45
1771,554711564,"01771M12:19:57.383","01771 12:07:50",236.11,865.61,,,,"     ",5.30,774.96,1.46
1771,554711565,"01771M12:19:58.356","01771 12:07:51",236.21,865.63,,,,"     ",5.30,786.63,1.49
1771,554711566,"01771M12:19:59.329","01771 12:07:52",236.31,865.59,,,,"     ",5.30,778.96,1.47
1771,554711567,"01771M12:20:00.303","01771 12:07:53",236.40,865.54,,,,"     ",5.30,784.18,1.48
1771,554711568,"01771M12:20:01.276","01771 12:07:54",236.49,865.56,,,,"     ",5.30,776.03,1.47
1771,554711569,"01771M12:20:02.249","01771 12:07:55",236.57,865.55,,,,"     ",5.30,779.08,1.47
1771,554711570,"01771M12:20:03.223","01771 12:07:56",236.65,865.56,,,,"     ",5.30,777.64,1.47
1771,554711571,"01771M12:20:04.196","01771 12:07:57",236.72,865.61,,,,"     ",5.30,773.03,1.46
1771,554711572,"01771M12:20:05.169","01771 12:07:58",236.80,865.63,,,,"     ",5.30,781.95,1.47
1771,554711573,"01771M12:20:06.142","01771 12:07:59",236.87,865.70,,,,"     ",5.30,785.98,1.48
1771,554711574,"01771M12:20:07.116","01771 12:08:00",236.94,865.68,,,,"     ",5.30,771.74,1.45
1771,554711575,"01771M12:20:08.089","01771 12:08:01",237.03,865.65,,,,"     ",5.30,776.98,1.46
1771,554711576,"01771M12:20:09.062","01771 12:08:02",237.14,865.64,,,,"     ",5.30,782.25,1.48
1771,554711577,"01771M12:20:10.035","01771 12:08:03",237.26,865.68,,,,"     ",5.30,784.99,1.48
1771,554711578,"01771M12:20:11.009","01771 12:08:04",237.39,865.60,,,,"     ",5.30,779.03,1.47
1771,554711579,"01771M12:20:11.982","01771 12:08:05",237.53,865.58,,,,"     ",5.30,778.07,1.46
1771,554711580,"01771M12:20:12.955","01771 12:08:06",237.66,865.57,,,,"     ",5.30,786.56,1.48
1771,554711581,"01771M12:20:13.928","01771 12:08:07",237.78,865.60,,,,"     ",5.30,784.77,1.48
1771,554711582,"01771M12:20:14.902","01771 12:08:08",237.90,865.60,,,,"     ",5.30,781.50,1.47
1771,554711583,"01771M12:20:15.875","01771 12:08:09",238.02,865.56,,,,"     ",5.30,777.40,1.46
1771,554711584,"01771M12:20:16.848","01771 12:08:10",238.13,865.57,,,,"     ",5.30,785.52,1.48
1771,554711585,"01771M12:20:17.821","01771 12:08:11",238.25,865.55,,,,"     ",5.30,784.13,1.47
1771,554711586,"01771M12:20:18.795","01771 12:08:12",238.36,865.58,,,,"     ",5.30,781.97,1.47
1771,554711587,"01771M12:20:19.768","01771 12:08:13",238.47,865.58,,,,"     ",5.30,779.36,1.46
1771,554711588,"01771M12:20:20.741","01771 12:08:14",238.59,865.56,,,,"     ",5.30,787.75,1.48
1771,554711589,"01771M12:20:21.714","01771 12:08:15",238.70,865.51,,,,"     ",5.30,782.57,1.47
1771,554711590,"01771M12:20:22.688","01771 12:08:16",238.82,865.55,,,,"     ",5.30,783.29,1.47
1771,554711591,"01771M12:20:23.661","01771 12:08:17",238.94,865.53,,,,"     ",5.30,775.66,1.45
1771,554711592,"01771M12:20:24.634","01771 12:08:18",239.06,865.63,,,,"     ",5.30,785.51,1.47
1771,554711593,"01771M12:20:25.607","01771 12:08:19",239.17,865.56,,,,"     ",5.30,778.28,1.46
1771,554711594,"01771M12:20:26.581","01771 12:08:19",239.28,865.61,,,,"     ",5.30,779.31,1.46
1771,554711595,"01771M12:20:27.554","01771 12:08:20",239.38,865.56,,,,"     ",5.30,779.56,1.46
1771,554711596,"01771M12:20:28.527","01771 12:08:21",239.46,865.53,,,,"     ",5.30,797.51,1.49
1771,554711597,"01771M12:20:29.500","01771 12:08:22",239.53,865.54,,,,"     ",5.30,788.12,1.47
1771,554711598,"01771M12:20:30.474","01771 12:08:23",239.57,865.51,,,,"     ",5.30,786.39,1.47
1771,554711599,"01771M12:20:31.447","01771 12:08:24",239.59,865.49,,,,"     ",5.30,790.40,1.47
1771,554711600,"01771M12:20:32.420","01771 12:08:25",239.58,865.56,,,,"     ",5.30,783.42,1.46
1771,554711601,"01771M12:20:33.393","01771 12:08:26",239.54,865.57,,,,"     ",5.30,790.96,1.47
1771,554711602,"01771M12:20:34.367","01771 12:08:27",239.47,865.59,,,,"     ",5.30,784.90,1.46
1771,554711603,"01771M12:20:35.340","01771 12:08:28",239.40,865.48,,,,"     ",5.30,781.48,1.45
1771,554711604,"01771M12:20:36.313","01771 12:08:29",239.31,865.47,,,,"     ",5.30,788.32,1.47
1771,554711605,"01771M12:20:37.286","01771 12:08:30",239.22,865.38,,,,"     ",5.30,782.86,1.46
1771,554711606,"01771M12:20:38.260","01771 12:08:31",239.13,865.49,,,,"     ",5.30,780.30,1.45
1771,554711607,"01771M12:20:39.233","01771 12:08:32",239.03,865.44,,,,"     ",5.30,785.08,1.46
1771,554711608,"01771M12:20:40.206","01771 12:08:33",238.91,865.45,,,,"     ",5.30,781.68,1.45
1771,554711609,"01771M12:20:41.179","01771 12:08:34",238.80,865.57,,,,"     ",5.30,785.25,1.46
1771,554711610,"01771M12:20:42.153","01771 12:08:35",238.67,865.57,,,,"     ",5.30,786.48,1.46
1771,554711611,"01771M12:20:43.126","01771 12:08:36",238.53,865.59,,,,"     ",5.30,798.05,1.48
1771,554711612,"01771M12:20:44.099","01771 12:08:37",238.39,865.57,,,,"     ",5.30,790.38,1.47
1771,554711613,"01771M12:20:45.072","01771 12:08:38",238.24,865.53,,,,"     ",5.30,796.44,1.48
1771,554711614,"01771M12:20:46.046","01771 12:08:39",238.09,865.51,,,,"     ",5.30,788.79,1.46
1771,554711615,"01771M12:20:47.019","01771 12:08:40",237.92,865.59,,,,"     ",5.30,788.33,1.46
1771,554711616,"01771M12:20:47.992","01771 12:08:41",237.76,865.53,,,,"     ",5.30,793.95,1.47
1771,554711617,"01771M12:20:48.965","01771 12:08:42",237.73,865.49,,,,"     ",5.30,792.36,1.47
1771,554711618,"01771M12:20:49.939","01771 12:08:43",237.69,865.50,,,,"     ",5.30,796.27,1.47
1771,554711619,"01771M12:20:50.912","01771 12:08:44",237.66,865.51,,,,"     ",5.30,792.46,1.46
1771,554711620,"01771M12:20:51.885","01771 12:08:45",237.64,865.46,,,,"     ",5.30,794.93,1.47
1771,554711621,"01771M12:20:52.858","01771 12:08:46",237.63,865.50,,,,"     ",5.30,787.04,1.45
1771,554711622,"01771M12:20:53.832","01771 12:08:47",237.63,865.51,,,,"     ",5.30,779.20,1.44
1771,554711623,"01771M12:20:54.805","01771 12:08:48",237.63,865.49,,,,"     ",5.30,791.87,1.46
1771,554711624,"01771M12:20:55.778","01771 12:08:49",237.64,865.46,,,,"     ",5.30,795.39,1.47
1771,554711625,"01771M12:20:56.751","01771 12:08:50",237.65,865.50,,,,"     ",5.30,791.16,1.46
1771,554711626,"01771M12:20:57.725","01771 12:08:51",237.68,865.54,,,,"     ",5.30,787.14,1.45
1771,554711627,"01771M12:20:58.698","01771 12:08:52",237.71,865.47,,,,"     ",5.30,791.98,1.46
1771,554711628,"01771M12:20:59.671","01771 12:08:53",237.75,865.49,,,,"     ",5.30,784.14,1.44
1771,554711629,"01771M12:21:00.644","01771 12:08:54",237.80,865.44,,,,"     ",5.30,787.64,1.45
1771,554711630,"01771M12:21:01.618","01771 12:08:55",237.86,865.54,,,,"     ",5.30,791.07,1.46
1771,554711631,"01771M12:21:02.591","01771 12:08:55",237.92,865.45,,,,"     ",5.30,788.17,1.45
1771,554711632,"01771M12:21:03.564","01771 12:08:56",237.99,865.47,,,,"     ",5.30,784.67,1.44
1771,554711633,"01771M12:21:04.537","01771 12:08:57",238.06,865.42,,,,"     ",5.30,792.00,1.46
1771,554711634,"01771M12:21:05.511","01771 12:08:58",238.13,865.47,,,,"     ",5.30,791.46,1.45
1771,554711635,"01771M12:21:06.484","01771 12:08:59",238.19,865.51,,,,"     ",5.30,787.63,1.45
1771,554711636,"01771M12:21:07.457","01771 12:09:00",238.23,865.44,,,,"     ",5.30,794.68,1.46
1771,554711637,"01771M12:21:08.430","01771 12:09:01",238.24,865.50,,,,"     ",5.30,785.34,1.44
1771,554711638,"01771M12:21:09.404","01771 12:09:02",238.23,865.48,,,,"     ",5.30,792.61,1.45
1771,554711639,"01771M12:21:10.377","01771 12:09:03",238.19,865.48,,,,"     ",5.30,787.49,1.44
1771,554711640,"01771M12:21:11.350","01771 12:09:04",238.13,865.58,,,,"     ",5.30,790.06,1.45
1771,554711641,"01771M12:21:12.323","01771 12:09:05",238.08,865.58,,,,"     ",5.30,796.09,1.46
1771,554711642,"01771M12:21:13.297","01771 12:09:06",238.01,865.50,,,,"     ",5.30,792.54,1.45
1771,554711643,"01771M12:21:14.270","01771 12:09:07",237.97,865.48,,,,"     ",5.30,786.86,1.44
1771,554711644,"01771M12:21:15.243","01771 12:09:08",237.95,865.52,,,,"     ",5.30,790.76,1.45
1771,554711645,"01771M12:21:16.217","01771 12:09:09",237.96,865.45,,,,"     ",5.30,789.44,1.44
1771,554711646,"01771M12:21:17.190","01771 12:09:10",238.01,865.41,,,,"     ",5.30,790.39,1.45
1771,554711647,"01771M12:21:18.163","01771 12:09:11",238.10,865.45,,,,"     ",5.30,799.60,1.46
1771,554711648,"01771M12:21:19.136","01771 12:09:12",238.21,865.47,,,,"     ",5.30,790.33,1.44
1771,554711649,"01771M12:21:20.110","01771 12:09:13",238.35,865.41,,,,"     ",5.30,800.75,1.46
1771,554711650,"01771M12:21:21.083","01771 12:09:14",238.49,865.37,,,,"     ",5.30,800.06,1.46
1771,554711651,"01771M12:21:22.056","01771 12:09:15",238.64,865.43,,,,"     ",5.30,795.23,1.45
1771,554711652,"01771M12:21:23.029","01771 12:09:16",238.77,865.38,,,,"     ",5.30,788.08,1.44
1771,554711653,"01771M12:21:24.003","01771 12:09:17",238.88,865.32,,,,"     ",5.30,793.80,1.45
1771,554711654,"01771M12:21:24.976","01771 12:09:18",238.96,865.35,,,,"     ",5.30,795.39,1.45
1771,554711655,"01771M12:21:25.949","01771 12:09:19",238.99,865.38,,,,"     ",5.30,797.50,1.45
1771,554711656,"01771M12:21:26.922","01771 12:09:20",239.00,865.34,,,,"     ",5.30,792.64,1.44
1771,554711657,"01771M12:21:27.896","01771 12:09:21",238.97,865.45,,,,"     ",5.30,801.49,1.46
1771,554711658,"01771M12:21:28.869","01771 12:09:22",238.92,865.42,,,,"     ",5.30,796.10,1.45
1771,554711659,"01771M12:21:29.842","01771 12:09:23",238.86,865.34,,,,"     ",5.30,795.57,1.45
1771,554711660,"01771M12:21:30.815","01771 12:09:24",238.82,865.39,,,,"     ",5.30,803.77,1.46
1771,554711661,"01771M12:21:31.789","01771 12:09:25",238.77,865.33,,,,"     ",5.30,794.13,1.44
1771,554711662,"01771M12:21:32.762","01771 12:09:26",238.75,865.49,,,,"     ",5.30,790.39,1.44
1771,554711663,"01771M12:21:33.735","01771 12:09:27",238.75,865.40,,,,"     ",5.30,795.21,1.45
1771,554711664,"01771M12:21:34.708","01771 12:09:28",238.76,865.31,,,,"     ",5.30,794.66,1.44
1771,554711665,"01771M12:21:35.682","01771 12:09:29",238.79,865.28,,,,"     ",5.30,802.86,1.46
1771,554711666,"01771M12:21:36.655","01771 12:09:30",238.84,865.25,,,,"     ",5.30,803.09,1.46
1771,554711667,"01771M12:21:37.628","01771 12:09:31",238.89,865.37,,,,"     ",5.30,790.47,1.43
1771,554711668,"01771M12:21:38.601","01771 12:09:32",238.95,865.36,,,,"     ",5.30,802.33,1.46
1771,554711669,"01771M12:21:39.575","01771 12:09:32",239.01,865.44,,,,"     ",5.30,794.15,1.44
1771,554711670,"01771M12:21:40.548","01771 12:09:33",239.08,865.43,,,,"     ",5.30,795.87,1.44
1771,554711671,"01771M12:21:41.521","01771 12:09:34",239.15,865.42,,,,"     ",5.30,800.77,1.45
1771,554711672,"01771M12:21:42.494","01771 12:09:35",239.22,865.40,,,,"     ",5.30,804.99,1.46
1771,554711673,"01771M12:21:43.468","01771 12:09:36",239.29,865.43,,,,"     ",5.30,800.17,1.45
1771,554711674,"01771M12:21:44.441","01771 12:09:37",239.36,865.39,,,,"     ",5.30,798.28,1.45
1771,554711675,"01771M12:21:45.414","01771 12:09:38",239.43,865.40,,,,"     ",5.30,800.73,1.45
1771,554711676,"01771M12:21:46.387","01771 12:09:39",239.50,865.46,,,,"     ",5.30,801.00,1.45
1771,554711677,"01771M12:21:47.361","01771 12:09:40",239.56,865.47,,,,"     ",5.30,797.52,1.44
1771,554711678,"01771M12:21:48.334","01771 12:09:41",239.61,865.36,,,,"     ",5.30,804.92,1.46
1771,554711679,"01771M12:21:49.307","01771 12:09:42",239.66,865.49,,,,"     ",5.30,804.55,1.46
1771,554711680,"01771M12:21:50.280","01771 12:09:43",239.70,865.45,,,,"     ",5.30,803.96,1.45
1771,554711681,"01771M12:21:51.254","01771 12:09:44",239.74,865.35,,,,"     ",5.30,801.87,1.45
1771,554711682,"01771M12:21:52.227","01771 12:09:45",239.77,865.29,,,,"     ",5.30,802.83,1.45
1771,554711683,"01771M12:21:53.200","01771 12:09:46",239.79,865.37,,,,"     ",5.30,800.06,1.45
1771,554711684,"01771M12:21:54.173","01771 12:09:47",239.79,865.29,,,,"     ",5.30,795.22,1.44
1771,554711685,"01771M12:21:55.147","01771 12:09:48",239.79,865.34,,,,"     ",5.30,808.72,1.46
1771,554711686,"01771M12:21:56.120","01771 12:09:49",239.78,865.29,,,,"     ",5.30,797.95,1.44
1771,554711687,"01771M12:21:57.093","01771 12:09:50",239.77,865.38,,,,"     ",5.30,803.11,1.45
1771,554711688,"01771M12:21:58.066","01771 12:09:51",239.75,865.40,,,,"     ",5.30,817.97,1.48
1771,554711689,"01771M12:21:59.040","01771 12:09:52",239.74,865.45,,,,"     ",5.30,810.55,1.46
1771,554711690,"01771M12:22:00.013","01771 12:09:53",239.73,865.46,,,,"     ",5.30,803.08,1.45
1771,554711691,"01771M12:22:00.986","01771 12:09:54",239.75,865.47,,,,"     ",5.30,797.73,1.44
1771,554711692,"01771M12:22:01.959","01771 12:09:55",239.78,865.48,,,,"     ",5.30,801.06,1.44
1771,554711693,"01771M12:22:02.933","01771 12:09:56",239.83,865.47,,,,"     ",5.30,807.56,1.46
1771,554711694,"01771M12:22:03.906","01771 12:09:57",239.89,865.47,,,,"     ",5.30,808.74,1.46
1771,554711695,"01771M12:22:04.879","01771 12:09:58",239.96,865.44,,,,"     ",5.30,794.24,1.43
1771,554711696,"01771M12:22:05.852","01771 12:09:59",240.04,865.38,,,,"     ",5.30,797.37,1.44
1771,554711697,"01771M12:22:06.826","01771 12:10:00",240.13,865.30,,,,"     ",5.30,801.82,1.44
1771,554711698,"01771M12:22:07.799","01771 12:10:01",240.22,865.28,,,,"     ",5.30,805.09,1.45
1771,554711699,"01771M12:22:08.772","01771 12:10:02",240.33,865.31,,,,"     ",5.30,812.92,1.46
1771,554711700,"01771M12:22:09.745","01771 12:10:03",240.43,865.35,,,,"     ",5.30,809.29,1.46
1771,554711701,"01771M12:22:10.719","01771 12:10:04",240.55,865.38,,,,"     ",5.30,804.46,1.45
1771,554711702,"01771M12:22:11.692","01771 12:10:05",240.66,865.30,,,,"     ",5.30,810.15,1.46
1771,554711703,"01771M12:22:12.665","01771 12:10:06",240.77,865.35,,,,"     ",5.30,803.50,1.44
1771,554711704,"01771M12:22:13.638","01771 12:10:07",240.87,865.39,,,,"     ",5.30,804.30,1.45
1771,554711705,"01771M12:22:14.612","01771 12:10:08",240.96,865.38,,,,"     ",5.30,805.98,1.45
1771,554711706,"01771M12:22:15.585","01771 12:10:09",241.04,865.41,,,,"     ",5.30,808.10,1.45
1771,554711707,"01771M12:22:16.558","01771 12:10:09",241.12,865.34,,,,"     ",5.30,807.45,1.45
1771,554711708,"01771M12:22:17.531","01771 12:10:10",241.18,865.30,,,,"     ",5.30,803.87,1.44
1771,554711709,"01771M12:22:18.505","01771 12:10:11",241.23,865.36,,,,"     ",5.30,806.62,1.45
1771,554711710,"01771M12:22:19.478","01771 12:10:12",241.26,865.35,,,,"     ",5.30,805.22,1.44
1771,554711711,"01771M12:22:20.451","01771 12:10:13",241.28,865.33,,,,"     ",5.30,813.00,1.46
1771,554711712,"01771M12:22:21.424","01771 12:10:14",241.28,865.27,,,,"     ",5.30,808.82,1.45
1771,554711713,"01771M12:22:22.398","01771 12:10:15",241.26,865.26,,,,"     ",5.30,809.96,1.45
1771,554711714,"01771M12:22:23.371","01771 12:10:16",241.23,865.27,,,,"     ",5.30,808.62,1.45
1771,554711715,"01771M12:22:24.344","01771 12:10:17",241.18,865.28,,,,"     ",5.30,803.90,1.44
1771,554711716,"01771M12:22:25.318","01771 12:10:18",241.12,865.27,,,,"     ",5.30,804.09,1.44
1771,554711717,"01771M12:22:26.291","01771 12:10:19",241.04,865.20,,,,"     ",5.30,808.78,1.45
1771,554711718,"01771M12:22:27.264","01771 12:10:20",240.96,865.29,,,,"     ",5.30,805.81,1.44
1771,554711719,"01771M12:22:28.237","01771 12:10:21",240.87,865.29,,,,"     ",5.30,808.87,1.45
1771,554711720,"01771M12:22:29.211","01771 12:10:22",240.76,865.19,,,,"     ",5.30,806.01,1.44
1771,554711721,"01771M12:22:30.184","01771 12:10:23",240.65,865.20,,,,"     ",5.30,807.40,1.44
1771,554711722,"01771M12:22:31.157","01771 12:10:24",240.55,865.23,,,,"     ",5.30,812.37,1.45
1771,554711723,"01771M12:22:32.130","01771 12:10:25",240.45,865.13,,,,"     ",5.30,806.41,1.44
1771,554711724,"01771M12:22:33.104","01771 12:10:26",240.36,865.15,,,,"     ",5.30,810.68,1.45
1771,554711725,"01771M12:22:34.077","01771 12:10:27",240.26,865.22,,,,"     ",5.30,814.56,1.45
1771,554711726,"01771M12:22:35.050","01771 12:10:28",240.19,865.15,,,,"     ",5.30,807.47,1.44
1771,554711727,"01771M12:22:36.023","01771 12:10:29",240.12,865.13,,,,"     ",5.30,807.06,1.44
1771,554711728,"01771M12:22:36.997","01771 12:10:30",240.06,865.22,,,,"     ",5.30,809.12,1.44
1771,554711729,"01771M12:22:37.970","01771 12:10:31",240.02,865.16,,,,"     ",5.30,812.07,1.45
1771,554711730,"01771M12:22:38.943","01771 12:10:32",239.99,865.12,,,,"     ",5.30,809.90,1.44
1771,554711731,"01771M12:22:39.916","01771 12:10:33",239.96,865.16,,,,"     ",5.30,807.26,1.44
1771,554711732,"01771M12:22:40.890","01771 12:10:34",239.95,865.19,,,,"     ",5.30,804.07,1.43
1771,554711733,"01771M12:22:41.863","01771 12:10:35",239.93,865.21,,,,"     ",5.30,801.79,1.43
1771,554711734,"01771M12:22:42.836","01771 12:10:36",239.93,865.28,,,,"     ",5.30,812.92,1.45
1771,554711735,"01771M12:22:43.809","01771 12:10:37",239.93,865.25,,,,"     ",5.30,810.28,1.45
1771,554711736,"01771M12:22:44.783","01771 12:10:38",239.94,865.27,,,,"     ",5.30,807.94,1.44
1771,554711737,"01771M12:22:45.756","01771 12:10:39",239.96,865.19,,,,"     ",5.30,808.68,1.44
1771,554711738,"01771M12:22:46.729","01771 12:10:40",240.00,865.28,,,,"     ",5.30,796.88,1.42
1771,554711739,"01771M12:22:47.702","01771 12:10:41",240.07,865.22,,,,"     ",5.30,811.94,1.45
1771,554711740,"01771M12:22:48.676","01771 12:10:42",241.89,865.11,,,,"     ",5.30,806.21,1.44
1771,554711741,"01771M12:22:49.649","01771 12:10:43",241.97,865.21,,,,"     ",5.30,808.43,1.44
1771,554711742,"01771M12:22:50.622","01771 12:10:44",242.05,865.22,,,,"     ",5.30,809.39,1.44
1771,554711743,"01771M12:22:51.595","01771 12:10:45",242.13,865.23,,,,"     ",5.30,813.73,1.45
1771,554711744,"01771M12:22:52.569","01771 12:10:45",242.22,865.27,,,,"     ",5.30,818.72,1.46
1771,554711745,"01771M12:22:53.542","01771 12:10:46",242.30,865.27,,,,"     ",5.30,813.20,1.45
1771,554711746,"01771M12:22:54.515","01771 12:10:47",242.37,865.32,,,,"     ",5.30,806.50,1.44
1771,554711747,"01771M12:22:55.488","01771 12:10:48",242.43,865.25,,,,"     ",5.30,811.04,1.44
1771,554711748,"01771M12:22:56.462","01771 12:10:49",242.47,865.38,,,,"     ",5.30,815.28,1.45
1771,554711749,"01771M12:22:57.435","01771 12:10:50",242.50,865.27,,,,"     ",5.30,808.01,1.44
1771,554711750,"01771M12:22:58.408","01771 12:10:51",242.49,865.33,,,,"     ",5.30,810.10,1.44
1771,554711751,"01771M12:22:59.381","01771 12:10:52",242.46,865.17,,,,"     ",5.30,814.55,1.45
1771,554711752,"01771M12:23:00.355","01771 12:10:53",242.41,865.13,,,,"     ",5.30,805.67,1.43
1771,554711753,"01771M12:23:01.328","01771 12:10:54",242.34,865.06,,,,"     ",5.30,804.42,1.43
1771,554711754,"01771M12:23:02.301","01771 12:10:55",242.25,865.06,,,,"     ",5.30,820.62,1.46
1771,554711755,"01771M12:23:03.274","01771 12:10:56",240.50,865.15,,,,"     ",5.30,806.43,1.43
1771,554711756,"01771M12:23:04.248","01771 12:10:57",240.40,865.25,,,,"     ",5.30,819.93,1.46
1771,554711757,"01771M12:23:05.221","01771 12:10:58",240.30,865.22,,,,"     ",5.30,809.62,1.44
1771,554711758,"01771M12:23:06.194","01771 12:10:59",240.20,865.27,,,,"     ",5.30,807.11,1.43
1771,554711759,"01771M12:23:07.167","01771 12:11:00",240.12,865.36,,,,"     ",5.30,810.98,1.44
1771,554711760,"01771M12:23:08.141","01771 12:11:01",240.06,865.43,,,,"     ",5.30,809.11,1.44
1771,554711761,"01771M12:23:09.114","01771 12:11:02",240.00,865.41,,,,"     ",5.30,809.36,1.44
1771,554711762,"01771M12:23:10.087","01771 12:11:03",239.97,865.47,,,,"     ",5.30,818.94,1.45
1771,554711763,"01771M12:23:11.060","01771 12:11:04",239.95,865.51,,,,"     ",5.30,803.88,1.43
1771,554711764,"01771M12:23:12.034","01771 12:11:05",239.97,865.38,,,,"     ",5.30,814.31,1.45
1771,554711765,"01771M12:23:13.007","01771 12:11:06",240.00,865.30,,,,"     ",5.30,811.47,1.44
1771,554711766,"01771M12:23:13.980","01771 12:11:07",240.06,865.18,,,,"     ",5.30,815.26,1.45
1771,554711767,"01771M12:23:14.953","01771 12:11:08",240.12,865.22,,,,"     ",5.30,813.30,1.44
1771,554711768,"01771M12:23:15.927","01771 12:11:09",240.21,865.21,,,,"     ",5.30,808.99,1.43
1771,554711769,"01771M12:23:16.900","01771 12:11:10",240.29,865.26,,,,"     ",5.30,812.68,1.44
1771,554711770,"01771M12:23:17.873","01771 12:11:11",240.39,865.27,,,,"     ",5.30,816.88,1.45
1771,554711771,"01771M12:23:18.846","01771 12:11:12",240.48,865.32,,,,"     ",5.30,813.79,1.44
1771,554711772,"01771M12:23:19.820","01771 12:11:13",240.57,865.26,,,,"     ",5.30,823.37,1.46
1771,554711773,"01771M12:23:20.793","01771 12:11:14",240.66,865.17,,,,"     ",5.30,812.31,1.44
1771,554711774,"01771M12:23:21.766","01771 12:11:15",240.74,865.15,,,,"     ",5.30,818.60,1.45
1771,554711775,"01771M12:23:22.739","01771 12:11:16",240.82,865.13,,,,"     ",5.30,811.09,1.43
1771,554711776,"01771M12:23:23.713","01771 12:11:17",240.89,865.10,,,,"     ",5.30,813.13,1.44
1771,554711777,"01771M12:23:24.686","01771 12:11:18",240.95,865.15,,,,"     ",5.30,820.84,1.45
1771,554711778,"01771M12:23:25.659","01771 12:11:19",241.00,865.15,,,,"     ",5.30,813.09,1.44
1771,554711779,"01771M12:23:26.632","01771 12:11:20",241.03,865.18,,,,"     ",5.30,816.95,1.44
1771,554711780,"01771M12:23:27.606","01771 12:11:21",241.04,865.16,,,,"     ",5.30,817.61,1.44
1771,554711781,"01771M12:23:28.579","01771 12:11:22",241.03,865.15,,,,"     ",5.30,816.89,1.44
1771,554711782,"01771M12:23:29.552","01771 12:11:22",241.00,865.19,,,,"     ",5.30,821.13,1.45
1771,554711783,"01771M12:23:30.525","01771 12:11:23",240.95,865.10,,,,"     ",5.30,818.35,1.44
1771,554711784,"01771M12:23:31.499","01771 12:11:24",240.89,865.24,,,,"     ",5.30,825.78,1.46
1771,554711785,"01771M12:23:32.472","01771 12:11:25",240.83,865.21,,,,"     ",5.30,818.11,1.44
1771,554711786,"01771M12:23:33.445","01771 12:11:26",240.75,865.19,,,,"     ",5.30,829.23,1.46
1771,554711787,"01771M12:23:34.419","01771 12:11:27",240.67,865.20,,,,"     ",5.30,825.48,1.45
1771,554711788,"01771M12:23:35.392","01771 12:11:28",240.58,865.16,,,,"     ",5.30,821.79,1.45
1771,554711789,"01771M12:23:36.365","01771 12:11:29",240.47,865.24,,,,"     ",5.30,820.20,1.44
1771,554711790,"01771M12:23:37.338","01771 12:11:30",240.34,865.17,,,,"     ",5.30,819.42,1.44
1771,554711791,"01771M12:23:38.312","01771 12:11:31",240.20,865.28,,,,"     ",5.30,822.60,1.45
1771,554711792,"01771M12:23:39.285","01771 12:11:32",240.05,865.24,,,,"     ",5.30,813.62,1.43
1771,554711793,"01771M12:23:40.258","01771 12:11:33",239.89,865.30,,,,"     ",5.30,813.71,1.43
1771,554711794,"01771M12:23:41.231","01771 12:11:34",239.71,865.28,,,,"     ",5.30,816.29,1.43
1771,554711795,"01771M12:23:42.205","01771 12:11:35",239.52,865.19,,,,"     ",5.30,813.64,1.43
1771,554711796,"01771M12:23:43.178","01771 12:11:36",239.32,865.15,,,,"     ",5.30,817.30,1.43
1771,554711797,"01771M12:23:44.151","01771 12:11:37",239.12,865.15,,,,"     ",5.30,824.38,1.45
1771,554711798,"01771M12:23:45.124","01771 12:11:38",238.92,865.15,,,,"     ",5.30,821.29,1.44
1771,554711799,"01771M12:23:46.098","01771 12:11:39",238.75,865.29,,,,"     ",5.30,820.81,1.44
1771,554711800,"01771M12:23:47.071","01771 12:11:40",238.59,865.20,,,,"     ",5.30,802.44,1.41
1771,554711801,"01771M12:23:48.044","01771 12:11:41",238.46,865.22,,,,"     ",5.30,812.84,1.43
1771,554711802,"01771M12:23:49.017","01771 12:11:42",238.35,865.26,,,,"     ",5.30,819.25,1.44
1771,554711803,"01771M12:23:49.991","01771 12:11:43",238.27,865.26,,,,"     ",5.30,822.11,1.44
1771,554711804,"01771M12:23:50.964","01771 12:11:44",238.22,865.21,,,,"     ",5.30,829.84,1.45
1771,554711805,"01771M12:23:51.937","01771 12:11:45",238.19,865.23,,,,"     ",5.30,817.07,1.43
1771,554711806,"01771M12:23:52.910","01771 12:11:46",238.18,865.28,,,,"     ",5.30,817.35,1.43
1771,554711807,"01771M12:23:53.884","01771 12:11:47",238.18,865.32,,,,"     ",5.30,820.46,1.44
1771,554711808,"01771M12:23:54.857","01771 12:11:48",238.19,865.32,,,,"     ",5.30,816.93,1.43
1771,554711809,"01771M12:23:55.830","01771 12:11:49",238.19,865.27,,,,"     ",5.30,814.47,1.43
1771,554711810,"01771M12:23:56.803","01771 12:11:50",238.18,865.32,,,,"     ",5.30,817.02,1.43
1771,554711811,"01771M12:23:57.777","01771 12:11:51",238.17,865.24,,,,"     ",5.30,806.83,1.41
1771,554711812,"01771M12:23:58.750","01771 12:11:52",238.15,865.34,,,,"     ",5.30,829.55,1.45
1771,554711813,"01771M12:23:59.723","01771 12:11:53",238.12,865.26,,,,"     ",5.30,816.75,1.43
1771,554711814,"01771M12:24:00.696","01771 12:11:54",238.09,865.27,,,,"     ",5.30,820.90,1.44
1771,554711815,"01771M12:24:01.670","01771 12:11:55",238.06,865.24,,,,"     ",5.30,831.10,1.45
1771,554711816,"01771M12:24:02.643","01771 12:11:56",238.03,865.20,,,,"     ",5.30,818.19,1.43
1771,554711817,"01771M12:24:03.616","01771 12:11:57",237.99,865.30,,,,"     ",5.30,826.65,1.45
1771,554711818,"01771M12:24:04.589","01771 12:11:58",237.96,865.28,,,,"     ",5.30,822.39,1.44
1771,554711819,"01771M12:24:05.563","01771 12:11:59",237.94,865.23,,,,"     ",5.30,816.69,1.43
1771,554711820,"01771M12:24:06.536","01771 12:11:59",237.92,865.27,,,,"     ",5.30,827.69,1.45
1771,554711821,"01771M12:24:07.509","01771 12:12:00",237.91,865.19,,,,"     ",5.30,822.09,1.44
1771,554711822,"01771M12:24:08.482","01771 12:12:01",237.91,865.22,,,,"     ",5.30,816.17,1.43
1771,554711823,"01771M12:24:09.456","01771 12:12:02",237.91,865.18,,,,"     ",5.30,823.20,1.44
1771,554711824,"01771M12:24:10.429","01771 12:12:03",237.92,865.19,,,,"     ",5.30,823.94,1.44
1771,554711825,"01771M12:24:11.402","01771 12:12:04",237.95,865.25,,,,"     ",5.30,823.52,1.44
1771,554711826,"01771M12:24:12.375","01771 12:12:05",238.00,865.22,,,,"     ",5.30,825.41,1.44
1771,554711827,"01771M12:24:13.349","01771 12:12:06",238.06,865.28,,,,"     ",5.30,824.56,1.44
1771,554711828,"01771M12:24:14.322","01771 12:12:07",238.14,865.27,,,,"     ",5.30,820.08,1.43
1771,554711829,"01771M12:24:15.295","01771 12:12:08",238.25,865.29,,,,"     ",5.30,819.79,1.43
1771,554711830,"01771M12:24:16.268","01771 12:12:09",238.36,865.34,,,,"     ",5.30,818.88,1.43
1771,554711831,"01771M12:24:17.242","01771 12:12:10",238.48,865.22,,,,"     ",5.30,821.04,1.43
1771,554711832,"01771M12:24:18.215","01771 12:12:11",238.61,865.27,,,,"     ",5.30,823.39,1.44
1771,554711833,"01771M12:24:19.188","01771 12:12:12",238.74,865.22,,,,"     ",5.30,823.68,1.44
1771,554711834,"01771M12:24:20.161","01771 12:12:13",238.86,865.30,,,,"     ",5.30,813.72,1.42
1771,554711835,"01771M12:24:21.135","01771 12:12:14",238.97,865.29,,,,"     ",5.30,818.11,1.42
1771,554711836,"01771M12:24:22.108","01771 12:12:15",239.07,865.23,,,,"     ",5.30,818.28,1.43
1771,554711837,"01771M12:24:23.081","01771 12:12:16",239.17,865.26,,,,"     ",5.30,820.62,1.43
1771,554711838,"01771M12:24:24.054","01771 12:12:17",239.26,865.22,,,,"     ",5.30,827.77,1.44
1771,554711839,"01771M12:24:25.028","01771 12:12:18",239.35,865.16,,,,"     ",5.30,818.50,1.42
1771,554711840,"01771M12:24:26.001","01771 12:12:19",239.42,865.11,,,,"     ",5.30,830.78,1.45
1771,554711841,"01771M12:24:26.974","01771 12:12:20",239.50,865.12,,,,"     ",5.30,822.94,1.43
1771,554711842,"01771M12:24:27.947","01771 12:12:21",239.57,865.09,,,,"     ",5.30,826.15,1.44
1771,554711843,"01771M12:24:28.921","01771 12:12:22",239.64,865.13,,,,"     ",5.30,830.71,1.44
1771,554711844,"01771M12:24:29.894","01771 12:12:23",239.70,865.17,,,,"     ",5.30,814.75,1.42
1771,554711845,"01771M12:24:30.867","01771 12:12:24",239.76,865.19,,,,"     ",5.30,813.79,1.41
1771,554711846,"01771M12:24:31.840","01771 12:12:25",239.80,865.06,,,,"     ",5.30,829.69,1.44
1771,554711847,"01771M12:24:32.814","01771 12:12:26",239.83,865.23,,,,"     ",5.30,827.63,1.44
1771,554711848,"01771M12:24:33.787","01771 12:12:27",239.84,865.14,,,,"     ",5.30,819.07,1.42
1771,554711849,"01771M12:24:34.760","01771 12:12:28",239.83,865.14,,,,"     ",5.30,825.93,1.43
1771,554711850,"01771M12:24:35.733","01771 12:12:29",239.79,865.13,,,,"     ",5.30,831.00,1.44
1771,554711851,"01771M12:24:36.707","01771 12:12:30",239.74,865.10,,,,"     ",5.30,838.43,1.45
1771,554711852,"01771M12:24:37.680","01771 12:12:31",239.67,864.97,,,,"     ",5.30,826.15,1.43
1771,554711853,"01771M12:24:38.653","01771 12:12:32",239.59,864.97,,,,"     ",5.30,827.83,1.43
1771,554711854,"01771M12:24:39.626","01771 12:12:33",239.50,864.89,,,,"     ",5.30,827.16,1.43
1771,554711855,"01771M12:24:40.600","01771 12:12:34",239.41,864.96,,,,"     ",5.30,824.45,1.43
1771,554711856,"01771M12:24:41.573","01771 12:12:35",239.34,864.99,,,,"     ",5.30,827.27,1.43
1771,554711857,"01771M12:24:42.546","01771 12:12:36",239.29,865.10,,,,"     ",5.30,823.72,1.42
1771,554711858,"01771M12:24:43.520","01771 12:12:36",239.27,865.04,,,,"     ",5.30,828.92,1.43
1771,554711859,"01771M12:24:44.493","01771 12:12:37",239.27,865.08,,,,"     ",5.30,814.47,1.41
1771,554711860,"01771M12:24:45.466","01771 12:12:38",239.31,865.08,,,,"     ",5.30,834.48,1.44
1771,554711861,"01771M12:24:46.439","01771 12:12:39",239.38,865.03,,,,"     ",5.30,832.06,1.44
1771,554711862,"01771M12:24:47.413","01771 12:12:40",239.47,865.06,,,,"     ",5.30,832.00,1.44
1771,554711863,"01771M12:24:48.386","01771 12:12:41",239.59,864.98,,,,"     ",5.30,817.89,1.41
1771,554711864,"01771M12:24:49.359","01771 12:12:42",239.71,864.97,,,,"     ",5.30,828.81,1.43
1771,554711865,"01771M12:24:50.332","01771 12:12:43",239.84,864.98,,,,"     ",5.30,824.31,1.42
1771,554711866,"01771M12:24:51.306","01771 12:12:44",239.98,865.03,,,,"     ",5.30,825.42,1.43
1771,554711867,"01771M12:24:52.279","01771 12:12:45",240.13,865.03,,,,"     ",5.30,835.62,1.44
1771,554711868,"01771M12:24:53.252","01771 12:12:46",240.28,865.01,,,,"     ",5.30,836.22,1.44
1771,554711869,"01771M12:24:54.225","01771 12:12:47",240.43,865.07,,,,"     ",5.30,826.19,1.43
1771,554711870,"01771M12:24:55.199","01771 12:12:48",240.57,865.18,,,,"     ",5.30,830.17,1.43
1771,554711871,"01771M12:24:56.172","01771 12:12:49",240.69,865.04,,,,"     ",5.30,826.69,1.43
1771,554711872,"01771M12:24:57.145","01771 12:12:50",240.81,864.94,,,,"     ",5.30,823.81,1.42
1771,554711873,"01771M12:24:58.118","01771 12:12:51",240.90,865.02,,,,"     ",5.30,827.31,1.43
1771,554711874,"01771M12:24:59.092","01771 12:12:52",240.97,865.05,,,,"     ",5.30,827.40,1.43
1771,554711875,"01771M12:25:00.065","01771 12:12:53",241.02,865.10,,,,"     ",5.30,835.06,1.44
1771,554711876,"01771M12:25:01.038","01771 12:12:54",241.04,865.05,,,,"     ",5.30,838.19,1.44
1771,554711877,"01771M12:25:02.011","01771 12:12:55",241.04,865.09,,,,"     ",5.30,826.20,1.42
1771,554711878,"01771M12:25:02.985","01771 12:12:56",241.02,865.08,,,,"     ",5.30,822.65,1.42
1771,554711879,"01771M12:25:03.958","01771 12:12:57",240.97,865.08,,,,"     ",5.30,829.62,1.43
1771,554711880,"01771M12:25:04.931","01771 12:12:58",240.93,865.14,,,,"     ",5.30,828.73,1.43
1771,554711881,"01771M12:25:05.904","01771 12:12:59",240.87,865.09,,,,"     ",5.30,831.74,1.43
1771,554711882,"01771M12:25:06.878","01771 12:13:00",240.82,865.07,,,,"     ",5.30,828.16,1.42
1771,554711883,"01771M12:25:07.851","01771 12:13:01",240.78,865.13,,,,"     ",5.30,835.30,1.44
1771,554711884,"01771M12:25:08.824","01771 12:13:02",240.75,865.08,,,,"     ",5.30,835.07,1.43
1771,554711885,"01771M12:25:09.797","01771 12:13:03",240.74,865.20,,,,"     ",5.30,823.87,1.41
1771,554711886,"01771M12:25:10.771","01771 12:13:04",240.75,865.15,,,,"     ",5.30,826.47,1.42
1771,554711887,"01771M12:25:11.744","01771 12:13:05",240.79,865.07,,,,"     ",5.30,832.06,1.43
1771,554711888,"01771M12:25:12.717","01771 12:13:06",240.86,865.10,,,,"     ",5.30,837.75,1.44
1771,554711889,"01771M12:25:13.690","01771 12:13:07",240.93,865.05,,,,"     ",5.30,831.78,1.43
1771,554711890,"01771M12:25:14.664","01771 12:13:08",241.01,865.05,,,,"     ",5.30,836.50,1.43
1771,554711891,"01771M12:25:15.637","01771 12:13:09",241.07,865.03,,,,"     ",5.30,832.79,1.43
1771,554711892,"01771M12:25:16.610","01771 12:13:10",241.12,865.02,,,,"     ",5.30,830.13,1.42
1771,554711893,"01771M12:25:17.583","01771 12:13:11",241.14,865.01,,,,"     ",5.30,833.80,1.43
1771,554711894,"01771M12:25:18.557","01771 12:13:12",241.13,865.05,,,,"     ",5.30,841.10,1.44
1771,554711895,"01771M12:25:19.530","01771 12:13:12",241.10,865.08,,,,"     ",5.30,835.45,1.43
1771,554711896,"01771M12:25:20.503","01771 12:13:13",241.06,864.98,,,,"     ",5.30,837.14,1.43
1771,554711897,"01771M12:25:21.476","01771 12:13:14",241.00,864.89,,,,"     ",5.30,831.13,1.42
1771,554711898,"01771M12:25:22.450","01771 12:13:15",240.94,864.94,,,,"     ",5.30,835.47,1.43
1771,554711899,"01771M12:25:23.423","01771 12:13:16",240.86,864.95,,,,"     ",5.30,836.36,1.43
1771,554711900,"01771M12:25:24.396","01771 12:13:17",240.77,864.92,,,,"     ",5.30,835.58,1.43
1771,554711901,"01771M12:25:25.369","01771 12:13:18",240.67,864.98,,,,"     ",5.30,834.44,1.43
1771,554711902,"01771M12:25:26.343","01771 12:13:19",240.56,864.93,,,,"     ",5.30,837.31,1.43
1771,554711903,"01771M12:25:27.316","01771 12:13:20",240.44,864.98,,,,"     ",5.30,842.57,1.44
1771,554711904,"01771M12:25:28.289","01771 12:13:21",240.32,864.93,,,,"     ",5.30,829.74,1.42
1771,554711905,"01771M12:25:29.262","01771 12:13:22",240.21,864.91,,,,"     ",5.30,823.34,1.41
1771,554711906,"01771M12:25:30.236","01771 12:13:23",240.11,864.85,,,,"     ",5.30,848.26,1.45
1771,554711907,"01771M12:25:31.209","01771 12:13:24",240.02,864.87,,,,"     ",5.30,835.90,1.43
1771,554711908,"01771M12:25:32.182","01771 12:13:25",239.93,864.88,,,,"     ",5.30,841.62,1.44
1771,554711909,"01771M12:25:33.155","01771 12:13:26",239.84,864.93,,,,"     ",5.30,830.46,1.42
1771,554711910,"01771M12:25:34.129","01771 12:13:27",239.74,864.95,,,,"     ",5.30,826.22,1.41
1771,554711911,"01771M12:25:35.102","01771 12:13:28",239.64,864.96,,,,"     ",5.30,835.13,1.43
1771,554711912,"01771M12:25:36.075","01771 12:13:29",239.53,864.93,,,,"     ",5.30,831.21,1.42
1771,554711913,"01771M12:25:37.048","01771 12:13:30",239.44,864.93,,,,"     ",5.30,838.92,1.43
1771,554711914,"01771M12:25:38.022","01771 12:13:31",239.34,864.95,,,,"     ",5.30,839.66,1.43
1771,554711915,"01771M12:25:38.995","01771 12:13:32",239.26,864.98,,,,"     ",5.30,828.91,1.41
1771,554711916,"01771M12:25:39.968","01771 12:13:33",239.17,864.90,,,,"     ",5.30,829.94,1.42
1771,554711917,"01771M12:25:40.941","01771 12:13:34",239.09,864.85,,,,"     ",5.30,835.93,1.43
1771,554711918,"01771M12:25:41.915","01771 12:13:35",239.01,864.86,,,,"     ",5.30,842.54,1.44
1771,554711919,"01771M12:25:42.888","01771 12:13:36",238.93,864.89,,,,"     ",5.30,835.77,1.43
1771,554711920,"01771M12:25:43.861","01771 12:13:37",238.85,864.98,,,,"     ",5.30,832.97,1.42
1771,554711921,"01771M12:25:44.834","01771 12:13:38",238.78,864.91,,,,"     ",5.30,831.23,1.42
1771,554711922,"01771M12:25:45.808","01771 12:13:39",238.71,864.92,,,,"     ",5.30,834.20,1.42
1771,554711923,"01771M12:25:46.781","01771 12:13:40",238.64,864.92,,,,"     ",5.30,835.26,1.43
1771,554711924,"01771M12:25:47.754","01771 12:13:41",238.58,864.90,,,,"     ",5.30,830.31,1.42
1771,554711925,"01771M12:25:48.727","01771 12:13:42",238.85,864.88,,,,"     ",5.30,833.22,1.42
1771,554711926,"01771M12:25:49.701","01771 12:13:43",238.78,864.83,,,,"     ",5.30,834.62,1.42
1771,554711927,"01771M12:25:50.674","01771 12:13:44",238.71,864.86,,,,"     ",5.30,835.10,1.43
1771,554711928,"01771M12:25:51.647","01771 12:13:45",238.64,864.84,,,,"     ",5.30,831.50,1.42
1771,554711929,"01771M12:25:52.621","01771 12:13:46",238.57,864.94,,,,"     ",5.30,837.55,1.43
1771,554711930,"01771M12:25:53.594","01771 12:13:47",238.51,864.88,,,,"     ",5.30,828.37,1.41
1771,554711931,"01771M12:25:54.567","01771 12:13:48",238.44,864.90,,,,"     ",5.30,825.58,1.41
1771,554711932,"01771M12:25:55.540","01771 12:13:49",238.37,864.93,,,,"     ",5.30,837.89,1.43
1771,554711933,"01771M12:25:56.514","01771 12:13:49",238.31,864.86,,,,"     ",5.30,839.70,1.43
1771,554711934,"01771M12:25:57.487","01771 12:13:50",238.25,865.04,,,,"     ",5.30,827.76,1.41
1771,554711935,"01771M12:25:58.460","01771 12:13:51",238.19,864.97,,,,"     ",5.30,834.03,1.42
1771,554711936,"01771M12:25:59.433","01771 12:13:52",238.13,864.96,,,,"     ",5.30,825.49,1.41
1771,554711937,"01771M12:26:00.407","01771 12:13:53",238.08,864.99,,,,"     ",5.30,833.64,1.42
1771,554711938,"01771M12:26:01.380","01771 12:13:54",238.01,864.90,,,,"     ",5.30,838.58,1.43
1771,554711939,"01771M12:26:02.353","01771 12:13:55",237.95,864.92,,,,"     ",5.30,832.04,1.42
1771,554711940,"01771M12:26:03.326","01771 12:13:56",237.93,864.82,,,,"     ",5.30,832.16,1.42
1771,554711941,"01771M12:26:04.300","01771 12:13:57",237.95,864.94,,,,"     ",5.30,825.25,1.41
1771,554711942,"01771M12:26:05.273","01771 12:13:58",237.98,864.93,,,,"     ",5.30,834.51,1.43
1771,554711943,"01771M12:26:06.246","01771 12:13:59",238.03,864.92,,,,"     ",5.30,823.61,1.41
1771,554711944,"01771M12:26:07.219","01771 12:14:00",238.09,864.97,,,,"     ",5.30,838.60,1.43
1771,554711945,"01771M12:26:08.193","01771 12:14:01",238.14,864.91,,,,"     ",5.30,832.64,1.42
1771,554711946,"01771M12:26:09.166","01771 12:14:02",238.19,864.90,,,,"     ",5.30,835.42,1.43
1771,554711947,"01771M12:26:10.139","01771 12:14:03",238.22,864.87,,,,"     ",5.30,836.44,1.43
1771,554711948,"01771M12:26:11.112","01771 12:14:04",238.24,864.89,,,,"     ",5.30,835.25,1.43
1771,554711949,"01771M12:26:12.086","01771 12:14:05",238.23,864.90,,,,"     ",5.30,820.95,1.40
1771,554711950,"01771M12:26:13.059","01771 12:14:06",240.55,864.83,,,,"     ",5.30,833.29,1.42
1771,554711951,"01771M12:26:14.032","01771 12:14:07",240.53,864.91,,,,"     ",5.30,826.54,1.41
1771,554711952,"01771M12:26:15.005","01771 12:14:08",240.48,864.95,,,,"     ",5.30,839.10,1.44
1771,554711953,"01771M12:26:15.979","01771 12:14:09",240.42,864.93,,,,"     ",5.30,830.36,1.42
1771,554711954,"01771M12:26:16.952","01771 12:14:10",240.36,864.94,,,,"     ",5.30,833.61,1.43
1771,554711955,"01771M12:26:17.925","01771 12:14:11",240.31,864.95,,,,"     ",5.30,824.58,1.41
1771,554711956,"01771M12:26:18.898","01771 12:14:12",240.27,864.90,,,,"     ",5.30,834.84,1.43
1771,554711957,"01771M12:26:19.872","01771 12:14:13",240.26,864.88,,,,"     ",5.30,837.21,1.43
1771,554711958,"01771M12:26:20.845","01771 12:14:14",240.27,864.87,,,,"     ",5.30,831.51,1.42
1771,554711959,"01771M12:26:21.818","01771 12:14:15",240.28,864.90,,,,"     ",5.30,830.04,1.42
1771,554711960,"01771M12:26:22.791","01771 12:14:16",240.31,864.91,,,,"     ",5.30,838.11,1.43
1771,554711961,"01771M12:26:23.765","01771 12:14:17",240.33,864.87,,,,"     ",5.30,836.76,1.43
1771,554711962,"01771M12:26:24.738","01771 12:14:18",240.37,864.86,,,,"     ",5.30,828.63,1.42
1771,554711963,"01771M12:26:25.711","01771 12:14:19",240.41,864.86,,,,"     ",5.30,839.72,1.44
1771,554711964,"01771M12:26:26.684","01771 12:14:20",240.46,864.81,,,,"     ",5.30,832.23,1.42
1771,554711965,"01771M12:26:27.658","01771 12:14:21",240.51,864.83,,,,"     ",5.30,825.59,1.41
1771,554711966,"01771M12:26:28.631","01771 12:14:22",240.56,864.77,,,,"     ",5.30,836.00,1.43
1771,554711967,"01771M12:26:29.604","01771 12:14:23",240.61,864.83,,,,"     ",5.30,830.40,1.42
1771,554711968,"01771M12:26:30.577","01771 12:14:24",240.65,864.85,,,,"     ",5.30,835.67,1.43
1771,554711969,"01771M12:26:31.551","01771 12:14:25",240.69,864.91,,,,"     ",5.30,828.91,1.42
1771,554711970,"01771M12:26:32.524","01771 12:14:26",240.73,864.91,,,,"     ",5.30,817.23,1.40
1771,554711971,"01771M12:26:33.497","01771 12:14:26",240.76,864.89,,,,"     ",5.30,823.44,1.41
1771,554711972,"01771M12:26:34.470","01771 12:14:27",240.80,864.90,,,,"     ",5.30,832.53,1.43
1771,554711973,"01771M12:26:35.444","01771 12:14:28",240.85,864.79,,,,"     ",5.30,826.02,1.41
1771,554711974,"01771M12:26:36.417","01771 12:14:29",240.89,864.85,,,,"     ",5.30,835.82,1.43
1771,554711975,"01771M12:26:37.390","01771 12:14:30",240.94,864.86,,,,"     ",5.30,821.84,1.41
1771,554711976,"01771M12:26:38.363","01771 12:14:31",240.98,864.84,,,,"     ",5.30,831.30,1.42
1771,554711977,"01771M12:26:39.337","01771 12:14:32",241.01,864.77,,,,"     ",5.30,834.61,1.43
1771,554711978,"01771M12:26:40.310","01771 12:14:33",241.02,864.81,,,,"     ",5.30,832.28,1.42
1771,554711979,"01771M12:26:41.283","01771 12:14:34",241.01,864.81,,,,"     ",5.30,829.91,1.42
1771,554711980,"01771M12:26:42.256","01771 12:14:35",241.00,864.76,,,,"     ",5.30,825.45,1.41
1771,554711981,"01771M12:26:43.230","01771 12:14:36",240.99,864.73,,,,"     ",5.30,826.32,1.41
1771,554711982,"01771M12:26:44.203","01771 12:14:37",240.97,864.75,,,,"     ",5.30,829.34,1.42
1771,554711983,"01771M12:26:45.176","01771 12:14:38",240.94,864.82,,,,"     ",5.30,829.90,1.42
1771,554711984,"01771M12:26:46.149","01771 12:14:39",240.92,864.80,,,,"     ",5.30,825.53,1.41
1771,554711985,"01771M12:26:47.123","01771 12:14:40",240.89,864.83,,,,"     ",5.30,834.29,1.43
1771,554711986,"01771M12:26:48.096","01771 12:14:41",240.86,864.89,,,,"     ",5.30,831.73,1.42
1771,554711987,"01771M12:26:49.069","01771 12:14:42",240.81,864.86,,,,"     ",5.30,836.15,1.43
1771,554711988,"01771M12:26:50.042","01771 12:14:43",240.77,864.90,,,,"     ",5.30,829.95,1.42
1771,554711989,"01771M12:26:51.016","01771 12:14:44",240.73,864.81,,,,"     ",5.30,830.30,1.42
1771,554711990,"01771M12:26:51.989","01771 12:14:45",240.69,864.79,,,,"     ",5.30,837.27,1.43
1771,554711991,"01771M12:26:52.962","01771 12:14:46",240.64,864.78,,,,"     ",5.30,823.14,1.41
1771,554711992,"01771M12:26:53.935","01771 12:14:47",240.60,864.76,,,,"     ",5.30,834.21,1.43
1771,554711993,"01771M12:26:54.909","01771 12:14:48",240.56,864.90,,,,"     ",5.30,831.63,1.42
1771,554711994,"01771M12:26:55.882","01771 12:14:49",240.51,864.93,,,,"     ",5.30,830.97,1.42
1771,554711995,"01771M12:26:56.855","01771 12:14:50",240.46,864.77,,,,"     ",5.30,828.02,1.41
1771,554711996,"01771M12:26:57.828","01771 12:14:51",240.41,864.79,,,,"     ",5.30,832.19,1.42
1771,554711997,"01771M12:26:58.802","01771 12:14:52",240.36,864.77,,,,"     ",5.30,825.95,1.41
1771,554711998,"01771M12:26:59.775","01771 12:14:53",240.32,864.77,,,,"     ",5.30,832.60,1.42
1771,554711999,"01771M12:27:00.748","01771 12:14:54",240.29,864.86,,,,"     ",5.30,839.79,1.44
1771,554712000,"01771M12:27:01.721","01771 12:14:55",240.27,864.91,,,,"     ",5.30,826.74,1.41
1771,554712001,"01771M12:27:02.695","01771 12:14:56",240.27,864.98,,,,"     ",5.30,837.24,1.43
1771,554712002,"01771M12:27:03.668","01771 12:14:57",240.28,865.00,,,,"     ",5.30,825.24,1.41
1771,554712003,"01771M12:27:04.641","01771 12:14:58",240.30,864.86,,,,"     ",5.30,831.88,1.42
1771,554712004,"01771M12:27:05.615","01771 12:14:59",240.33,864.95,,,,"     ",5.30,829.66,1.42
1771,554712005,"01771M12:27:06.588","01771 12:15:00",240.36,864.90,,,,"     ",5.30,829.53,1.42
1771,554712006,"01771M12:27:07.561","01771 12:15:01",240.39,864.92,,,,"     ",5.30,833.99,1.43
1771,554712007,"01771M12:27:08.534","01771 12:15:02",240.43,864.88,,,,"     ",5.30,834.99,1.43
1771,554712008,"01771M12:27:09.508","01771 12:15:03",240.47,865.00,,,,"     ",5.30,828.26,1.42
1771,554712009,"01771M12:27:10.481","01771 12:15:03",240.52,864.94,,,,"     ",5.30,837.58,1.43
1771,554712010,"01771M12:27:11.454","01771 12:15:04",240.57,864.90,,,,"     ",5.30,834.07,1.43
1771,554712011,"01771M12:27:12.427","01771 12:15:05",240.62,864.90,,,,"     ",5.30,837.77,1.43
1771,554712012,"01771M12:27:13.401","01771 12:15:06",240.66,864.98,,,,"     ",5.30,826.71,1.41
1771,554712013,"01771M12:27:14.374","01771 12:15:07",240.71,864.87,,,,"     ",5.30,825.73,1.41
1771,554712014,"01771M12:27:15.347","01771 12:15:08",240.76,864.93,,,,"     ",5.30,832.02,1.42
1771,554712015,"01771M12:27:16.320","01771 12:15:09",240.81,864.94,,,,"     ",5.30,830.36,1.42
1771,554712016,"01771M12:27:17.294","01771 12:15:10",240.86,864.87,,,,"     ",5.30,829.64,1.42
1771,554712017,"01771M12:27:18.267","01771 12:15:11",240.92,864.84,,,,"     ",5.30,840.45,1.44
1771,554712018,"01771M12:27:19.240","01771 12:15:12",241.00,864.89,,,,"     ",5.30,830.59,1.42
1771,554712019,"01771M12:27:20.213","01771 12:15:13",241.07,864.88,,,,"     ",5.30,835.56,1.43
1771,554712020,"01771M12:27:21.187","01771 12:15:14",241.15,864.94,,,,"     ",5.30,831.99,1.42
1771,554712021,"01771M12:27:22.160","01771 12:15:15",241.23,864.89,,,,"     ",5.30,830.95,1.42
1771,554712022,"01771M12:27:23.133","01771 12:15:16",241.30,864.85,,,,"     ",5.30,828.36,1.41
1771,554712023,"01771M12:27:24.106","01771 12:15:17",241.37,864.89,,,,"     ",5.30,839.41,1.43
1771,554712024,"01771M12:27:25.080","01771 12:15:18",241.43,864.87,,,,"     ",5.30,826.27,1.41
1771,554712025,"01771M12:27:26.053","01771 12:15:19",241.49,864.81,,,,"     ",5.30,829.67,1.42
1771,554712026,"01771M12:27:27.026","01771 12:15:20",241.55,864.71,,,,"     ",5.30,827.09,1.41
1771,554712027,"01771M12:27:27.999","01771 12:15:21",241.61,864.74,,,,"     ",5.30,826.88,1.41
1771,554712028,"01771M12:27:28.973","01771 12:15:22",241.67,864.76,,,,"     ",5.30,831.88,1.42
1771,554712029,"01771M12:27:29.946","01771 12:15:23",241.74,864.86,,,,"     ",5.30,833.90,1.42
1771,554712030,"01771M12:27:30.919","01771 12:15:24",241.81,864.88,,,,"     ",5.30,836.93,1.43
1771,554712031,"01771M12:27:31.892","01771 12:15:25",241.89,864.87,,,,"     ",5.30,839.02,1.43
1771,554712032,"01771M12:27:32.866","01771 12:15:26",241.97,864.88,,,,"     ",5.30,828.30,1.41
1771,554712033,"01771M12:27:33.839","01771 12:15:27",242.05,864.85,,,,"     ",5.30,842.48,1.44
1771,554712034,"01771M12:27:34.812","01771 12:15:28",242.12,864.89,,,,"     ",5.30,822.61,1.40
1771,554712035,"01771M12:27:35.785","01771 12:15:29",242.19,864.84,,,,"     ",5.30,826.49,1.41
1771,554712036,"01771M12:27:36.759","01771 12:15:30",242.25,864.79,,,,"     ",5.30,836.65,1.42
1771,554712037,"01771M12:27:37.732","01771 12:15:31",242.28,864.76,,,,"     ",5.30,825.87,1.40
1771,554712038,"01771M12:27:38.705","01771 12:15:32",242.29,864.68,,,,"     ",5.30,830.36,1.41
1771,554712039,"01771M12:27:39.678","01771 12:15:33",242.28,864.68,,,,"     ",5.30,837.79,1.42
1771,554712040,"01771M12:27:40.652","01771 12:15:34",242.24,864.68,,,,"     ",5.30,831.98,1.41
1771,554712041,"01771M12:27:41.625","01771 12:15:35",242.18,864.53,,,,"     ",5.30,832.35,1.41
1771,554712042,"01771M12:27:42.598","01771 12:15:36",242.09,864.58,,,,"     ",5.30,834.01,1.42
1771,554712043,"01771M12:27:43.571","01771 12:15:37",241.99,864.60,,,,"     ",5.30,840.41,1.43
1771,554712044,"01771M12:27:44.545","01771 12:15:38",241.87,864.66,,,,"     ",5.30,844.66,1.43
1771,554712045,"01771M12:27:45.518","01771 12:15:39",241.74,864.65,,,,"     ",5.30,839.03,1.42
1771,554712046,"01771M12:27:46.491","01771 12:15:39",241.60,864.67,,,,"     ",5.30,836.26,1.42
1771,554712047,"01771M12:27:47.464","01771 12:15:40",241.46,864.66,,,,"     ",5.30,844.71,1.43
1771,554712048,"01771M12:27:48.438","01771 12:15:41",241.31,864.67,,,,"     ",5.30,834.19,1.41
1771,554712049,"01771M12:27:49.411","01771 12:15:42",241.16,864.63,,,,"     ",5.30,836.51,1.42
1771,554712050,"01771M12:27:50.384","01771 12:15:43",241.02,864.79,,,,"     ",5.30,840.36,1.43
1771,554712051,"01771M12:27:51.357","01771 12:15:44",240.87,864.78,,,,"     ",5.30,833.04,1.41
1771,554712052,"01771M12:27:52.331","01771 12:15:45",240.74,864.66,,,,"     ",5.30,832.73,1.41
1771,554712053,"01771M12:27:53.304","01771 12:15:46",240.61,864.72,,,,"     ",5.30,836.24,1.42
1771,554712054,"01771M12:27:54.277","01771 12:15:47",240.49,864.70,,,,"     ",5.30,835.11,1.42
1771,554712055,"01771M12:27:55.250","01771 12:15:48",240.38,864.71,,,,"     ",5.30,834.25,1.42
1771,554712056,"01771M12:27:56.224","01771 12:15:49",240.29,864.66,,,,"     ",5.30,831.25,1.41
1771,554712057,"01771M12:27:57.197","01771 12:15:50",240.21,864.65,,,,"     ",5.30,831.02,1.41
1771,554712058,"01771M12:27:58.170","01771 12:15:51",240.13,864.66,,,,"     ",5.30,832.58,1.41
1771,554712059,"01771M12:27:59.143","01771 12:15:52",240.07,864.59,,,,"     ",5.30,834.61,1.42
1771,554712060,"01771M12:28:00.117","01771 12:15:53",240.01,864.69,,,,"     ",5.30,839.00,1.42
1771,554712061,"01771M12:28:01.090","01771 12:15:54",239.95,864.67,,,,"     ",5.30,833.02,1.41
1771,554712062,"01771M12:28:02.063","01771 12:15:55",239.89,864.67,,,,"     ",5.30,840.29,1.43
1771,554712063,"01771M12:28:03.036","01771 12:15:56",239.83,864.69,,,,"     ",5.30,824.20,1.40
1771,554712064,"01771M12:28:04.010","01771 12:15:57",239.77,864.69,,,,"     ",5.30,826.87,1.40
1771,554712065,"01771M12:28:04.983","01771 12:15:58",239.70,864.75,,,,"     ",5.30,823.61,1.40
1771,554712066,"01771M12:28:05.956","01771 12:15:59",239.63,864.79,,,,"     ",5.30,827.17,1.41
1771,554712067,"01771M12:28:06.929","01771 12:16:00",239.56,864.82,,,,"     ",5.30,819.50,1.39
1771,554712068,"01771M12:28:07.903","01771 12:16:01",239.48,864.79,,,,"     ",5.30,824.45,1.40
1771,554712069,"01771M12:28:08.876","01771 12:16:02",239.40,864.64,,,,"     ",5.30,826.89,1.41
1771,554712070,"01771M12:28:09.849","01771 12:16:03",239.32,864.65,,,,"     ",5.30,832.72,1.42
1771,554712071,"01771M12:28:10.822","01771 12:16:04",239.24,864.61,,,,"     ",5.30,822.40,1.40
1771,554712072,"01771M12:28:11.796","01771 12:16:05",239.16,864.64,,,,"     ",5.30,832.63,1.42
1771,554712073,"01771M12:28:12.769","01771 12:16:06",239.09,864.59,,,,"     ",5.30,834.83,1.42
1771,554712074,"01771M12:28:13.742","01771 12:16:07",239.03,864.55,,,,"     ",5.30,836.65,1.43
1771,554712075,"01771M12:28:14.716","01771 12:16:08",238.97,864.59,,,,"     ",5.30,838.53,1.43
1771,554712076,"01771M12:28:15.689","01771 12:16:09",238.91,864.62,,,,"     ",5.30,833.80,1.42
1771,554712077,"01771M12:28:16.662","01771 12:16:10",238.86,864.72,,,,"     ",5.30,823.27,1.40
1771,554712078,"01771M12:28:17.635","01771 12:16:11",238.82,864.69,,,,"     ",5.30,837.92,1.43
1771,554712079,"01771M12:28:18.609","01771 12:16:12",238.78,864.69,,,,"     ",5.30,831.99,1.42
1771,554712080,"01771M12:28:19.582","01771 12:16:13",238.75,864.63,,,,"     ",5.30,838.24,1.43
1771,554712081,"01771M12:28:20.555","01771 12:16:14",238.73,864.55,,,,"     ",5.30,829.14,1.41
1771,554712082,"01771M12:28:21.528","01771 12:16:15",238.71,864.60,,,,"     ",5.30,828.58,1.41
1771,554712083,"01771M12:28:22.502","01771 12:16:16",238.70,864.61,,,,"     ",5.30,826.61,1.41
1771,554712084,"01771M12:28:23.475","01771 12:16:16",238.69,864.60,,,,"     ",5.30,834.45,1.43
1771,554712085,"01771M12:28:24.448","01771 12:16:17",238.67,864.57,,,,"     ",5.30,836.64,1.43
1771,554712086,"01771M12:28:25.421","01771 12:16:18",238.65,864.55,,,,"     ",5.30,833.93,1.43
1771,554712087,"01771M12:28:26.395","01771 12:16:19",238.61,864.50,,,,"     ",5.30,829.04,1.42
1771,554712088,"01771M12:28:27.368","01771 12:16:20",238.57,864.54,,,,"     ",5.30,833.39,1.43
1771,554712089,"01771M12:28:28.341","01771 12:16:21",238.52,864.41,,,,"     ",5.30,837.46,1.43
1771,554712090,"01771M12:28:29.314","01771 12:16:22",238.46,864.45,,,,"     ",5.30,841.41,1.44
1771,554712091,"01771M12:28:30.288","01771 12:16:23",238.41,864.52,,,,"     ",5.30,824.58,1.41
1771,554712092,"01771M12:28:31.261","01771 12:16:24",238.36,864.45,,,,"     ",5.30,821.58,1.41
1771,554712093,"01771M12:28:32.234","01771 12:16:25",238.32,864.50,,,,"     ",5.30,827.87,1.42
1771,554712094,"01771M12:28:33.207","01771 12:16:26",238.30,864.45,,,,"     ",5.30,822.36,1.41
1771,554712095,"01771M12:28:34.181","01771 12:16:27",238.28,864.53,,,,"     ",5.30,827.18,1.42
1771,554712096,"01771M12:28:35.154","01771 12:16:28",238.29,864.51,,,,"     ",5.30,823.27,1.41
1771,554712097,"01771M12:28:36.127","01771 12:16:29",238.31,864.52,,,,"     ",5.30,825.52,1.42
1771,554712098,"01771M12:28:37.100","01771 12:16:30",238.36,864.47,,,,"     ",5.30,823.79,1.41
1771,554712099,"01771M12:28:38.074","01771 12:16:31",238.28,864.44,,,,"     ",5.30,823.53,1.41
1771,554712100,"01771M12:28:39.047","01771 12:16:32",238.18,864.50,,,,"     ",5.30,828.41,1.42
1771,554712101,"01771M12:28:40.020","01771 12:16:33",238.07,864.43,,,,"     ",5.30,833.96,1.43
1771,554712102,"01771M12:28:40.993","01771 12:16:34",237.97,864.42,,,,"     ",5.30,821.79,1.41
1771,554712103,"01771M12:28:41.967","01771 12:16:35",237.87,864.39,,,,"     ",5.30,823.31,1.41
1771,554712104,"01771M12:28:42.940","01771 12:16:36",237.79,864.32,,,,"     ",5.30,820.38,1.41
1771,554712105,"01771M12:28:43.913","01771 12:16:37",237.73,864.31,,,,"     ",5.30,819.14,1.41
1771,554712106,"01771M12:28:44.886","01771 12:16:38",237.68,864.36,,,,"     ",5.30,827.32,1.42
1771,554712107,"01771M12:28:45.860","01771 12:16:39",237.65,864.31,,,,"     ",5.30,824.94,1.42
1771,554712108,"01771M12:28:46.833","01771 12:16:40",237.62,864.39,,,,"     ",5.30,817.09,1.41
1771,554712109,"01771M12:28:47.806","01771 12:16:41",237.62,864.40,,,,"     ",5.30,826.17,1.42
1771,554712110,"01771M12:28:48.779","01771 12:16:42",237.64,864.43,,,,"     ",5.30,829.85,1.43
1771,554712111,"01771M12:28:49.753","01771 12:16:43",237.68,864.42,,,,"     ",5.30,829.94,1.43
1771,554712112,"01771M12:28:50.726","01771 12:16:44",237.72,864.46,,,,"     ",5.30,821.04,1.42
1771,554712113,"01771M12:28:51.699","01771 12:16:45",237.77,864.45,,,,"     ",5.30,827.59,1.43
1771,554712114,"01771M12:28:52.672","01771 12:16:46",237.81,864.35,,,,"     ",5.30,835.86,1.44
1771,554712115,"01771M12:28:53.646","01771 12:16:47",237.85,864.40,,,,"     ",5.30,823.99,1.42
1771,554712116,"01771M12:28:54.619","01771 12:16:48",237.88,864.30,,,,"     ",5.30,824.18,1.42
1771,554712117,"01771M12:28:55.592","01771 12:16:49",237.91,864.43,,,,"     ",5.30,820.74,1.42
1771,554712118,"01771M12:28:56.565","01771 12:16:50",237.92,864.41,,,,"     ",5.30,827.02,1.43
1771,554712119,"01771M12:28:57.539","01771 12:16:51",237.93,864.42,,,,"     ",5.30,828.15,1.43
1771,554712120,"01771M12:28:58.512","01771 12:16:52",237.95,864.44,,,,"     ",5.30,820.09,1.42
1771,554712121,"01771M12:28:59.485","01771 12:16:53",237.97,864.40,,,,"     ",5.30,817.76,1.41
1771,554712122,"01771M12:29:00.458","01771 12:16:53",238.00,864.42,,,,"     ",5.30,821.42,1.42
1771,554712123,"01771M12:29:01.432","01771 12:16:54",238.04,864.34,,,,"     ",5.30,825.93,1.43
1771,554712124,"01771M12:29:02.405","01771 12:16:55",238.09,864.50,,,,"     ",5.30,820.62,1.42
1771,554712125,"01771M12:29:03.378","01771 12:16:56",238.13,864.41,,,,"     ",5.30,831.75,1.44
1771,554712126,"01771M12:29:04.351","01771 12:16:57",238.19,864.50,,,,"     ",5.30,822.44,1.42
1771,554712127,"01771M12:29:05.325","01771 12:16:58",238.25,864.49,,,,"     ",5.30,820.84,1.42
1771,554712128,"01771M12:29:06.298","01771 12:16:59",238.33,864.47,,,,"     ",5.30,817.11,1.41
1771,554712129,"01771M12:29:07.271","01771 12:17:00",238.43,864.49,,,,"     ",5.30,814.75,1.41
1771,554712130,"01771M12:29:08.244","01771 12:17:01",238.56,864.47,,,,"     ",5.30,819.62,1.42
1771,554712131,"01771M12:29:09.218","01771 12:17:02",238.71,864.47,,,,"     ",5.30,826.72,1.43
1771,554712132,"01771M12:29:10.191","01771 12:17:03",238.86,864.51,,,,"     ",5.30,821.57,1.42
1771,554712133,"01771M12:29:11.164","01771 12:17:04",239.00,864.59,,,,"     ",5.30,819.57,1.42
1771,554712134,"01771M12:29:12.137","01771 12:17:05",239.13,864.61,,,,"     ",5.30,826.21,1.43
1771,554712135,"01771M12:29:13.111","01771 12:17:06",239.25,864.57,,,,"     ",5.30,820.23,1.42
1771,554712136,"01771M12:29:14.084","01771 12:17:07",239.38,864.55,,,,"     ",5.30,817.85,1.42
1771,554712137,"01771M12:29:15.057","01771 12:17:08",239.51,864.50,,,,"     ",5.30,813.78,1.41
1771,554712138,"01771M12:29:16.030","01771 12:17:09",239.64,864.54,,,,"     ",5.30,823.59,1.43
1771,554712139,"01771M12:29:17.004","01771 12:17:10",239.78,864.49,,,,"     ",5.30,827.12,1.43
1771,554712140,"01771M12:29:17.977","01771 12:17:11",239.93,864.50,,,,"     ",5.30,824.14,1.43
1771,554712141,"01771M12:29:18.950","01771 12:17:12",240.05,864.49,,,,"     ",5.30,817.69,1.41
1771,554712142,"01771M12:29:19.923","01771 12:17:13",240.16,864.48,,,,"     ",5.30,823.62,1.42
1771,554712143,"01771M12:29:20.897","01771 12:17:14",240.23,864.54,,,,"     ",5.30,827.98,1.43
1771,554712144,"01771M12:29:21.870","01771 12:17:15",238.32,864.57,,,,"     ",5.30,827.71,1.43
1771,554712145,"01771M12:29:22.843","01771 12:17:16",238.27,864.55,,,,"     ",5.30,819.53,1.42
1771,554712146,"01771M12:29:23.817","01771 12:17:17",238.21,864.58,,,,"     ",5.30,822.72,1.42
1771,554712147,"01771M12:29:24.790","01771 12:17:18",238.16,864.57,,,,"     ",5.30,828.72,1.43
1771,554712148,"01771M12:29:25.763","01771 12:17:19",238.13,864.49,,,,"     ",5.30,822.18,1.42
1771,554712149,"01771M12:29:26.736","01771 12:17:20",238.09,864.54,,,,"     ",5.30,825.24,1.42
1771,554712150,"01771M12:29:27.710","01771 12:17:21",238.08,864.53,,,,"     ",5.30,817.18,1.41
1771,554712151,"01771M12:29:28.683","01771 12:17:22",238.09,864.59,,,,"     ",5.30,821.60,1.42
1771,554712152,"01771M12:29:29.656","01771 12:17:23",238.12,864.63,,,,"     ",5.30,829.39,1.43
1771,554712153,"01771M12:29:30.629","01771 12:17:24",238.17,864.61,,,,"     ",5.30,821.64,1.41
1771,554712154,"01771M12:29:31.603","01771 12:17:25",238.25,864.46,,,,"     ",5.30,826.80,1.42
1771,554712155,"01771M12:29:32.576","01771 12:17:26",238.36,864.57,,,,"     ",5.30,822.09,1.41
1771,554712156,"01771M12:29:33.549","01771 12:17:27",238.48,864.52,,,,"     ",5.30,819.81,1.41
1771,554712157,"01771M12:29:34.522","01771 12:17:28",238.62,864.43,,,,"     ",5.30,822.37,1.41
1771,554712158,"01771M12:29:35.496","01771 12:17:29",238.76,864.45,,,,"     ",5.30,830.13,1.43
1771,554712159,"01771M12:29:36.469","01771 12:17:29",238.88,864.47,,,,"     ",5.30,831.50,1.43
1771,554712160,"01771M12:29:37.442","01771 12:17:30",238.99,864.42,,,,"     ",5.30,836.49,1.44
1771,554712161,"01771M12:29:38.415","01771 12:17:31",239.06,864.35,,,,"     ",5.30,822.05,1.41
1771,554712162,"01771M12:29:39.389","01771 12:17:32",239.10,864.33,,,,"     ",5.30,825.04,1.42
1771,554712163,"01771M12:29:40.362","01771 12:17:33",239.11,864.22,,,,"     ",5.30,829.31,1.42
1771,554712164,"01771M12:29:41.335","01771 12:17:34",239.09,864.15,,,,"     ",5.30,825.06,1.41
1771,554712165,"01771M12:29:42.308","01771 12:17:35",239.05,864.25,,,,"     ",5.30,829.04,1.42
1771,554712166,"01771M12:29:43.282","01771 12:17:36",238.99,864.34,,,,"     ",5.30,835.45,1.43
1771,554712167,"01771M12:29:44.255","01771 12:17:37",238.90,864.33,,,,"     ",5.30,829.98,1.42
1771,554712168,"01771M12:29:45.228","01771 12:17:38",238.80,864.37,,,,"     ",5.30,826.22,1.41
1771,554712169,"01771M12:29:46.201","01771 12:17:39",238.68,864.39,,,,"     ",5.30,824.67,1.41
1771,554712170,"01771M12:29:47.175","01771 12:17:40",238.56,864.41,,,,"     ",5.30,831.20,1.42
1771,554712171,"01771M12:29:48.148","01771 12:17:41",238.45,864.42,,,,"     ",5.30,831.77,1.42
1771,554712172,"01771M12:29:49.121","01771 12:17:42",238.36,864.45,,,,"     ",5.30,825.38,1.41
1771,554712173,"01771M12:29:50.094","01771 12:17:43",238.27,864.52,,,,"     ",5.30,832.90,1.42
1771,554712174,"01771M12:29:51.068","01771 12:17:44",238.19,864.48,,,,"     ",5.30,835.11,1.43
1771,554712175,"01771M12:29:52.041","01771 12:17:45",238.10,864.39,,,,"     ",5.30,826.92,1.41
1771,554712176,"01771M12:29:53.014","01771 12:17:46",238.02,864.37,,,,"     ",5.30,821.79,1.40
1771,554712177,"01771M12:29:53.987","01771 12:17:47",237.94,864.51,,,,"     ",5.30,828.78,1.41
1771,554712178,"01771M12:29:54.961","01771 12:17:48",237.85,864.37,,,,"     ",5.30,831.15,1.42
1771,554712179,"01771M12:29:55.934","01771 12:17:49",237.75,864.46,,,,"     ",5.30,824.68,1.41
1771,554712180,"01771M12:29:56.907","01771 12:17:50",237.64,864.34,,,,"     ",5.30,819.00,1.40
1771,554712181,"01771M12:29:57.880","01771 12:17:51",237.53,864.35,,,,"     ",5.30,827.64,1.41
1771,554712182,"01771M12:29:58.854","01771 12:17:52",237.42,864.32,,,,"     ",5.30,832.25,1.42
1771,554712183,"01771M12:29:59.827","01771 12:17:53",237.32,864.25,,,,"     ",5.30,824.41,1.40
1771,554712184,"01771M12:30:00.800","01771 12:17:54",237.22,864.38,,,,"     ",5.30,836.32,1.43
1771,554712185,"01771M12:30:01.773","01771 12:17:55",237.14,864.38,,,,"     ",5.30,830.12,1.42
1771,554712186,"01771M12:30:02.747","01771 12:17:56",237.07,864.34,,,,"     ",5.30,831.66,1.42
1771,554712187,"01771M12:30:03.720","01771 12:17:57",237.00,864.30,,,,"     ",5.30,823.52,1.40
1771,554712188,"01771M12:30:04.693","01771 12:17:58",236.94,864.36,,,,"     ",5.30,824.19,1.40
1771,554712189,"01771M12:30:05.666","01771 12:17:59",236.89,864.22,,,,"     ",5.30,835.63,1.42
1771,554712190,"01771M12:30:06.640","01771 12:18:00",236.83,864.28,,,,"     ",5.30,827.43,1.41
1771,554712191,"01771M12:30:07.613","01771 12:18:01",236.76,864.29,,,,"     ",5.30,834.39,1.42
1771,554712192,"01771M12:30:08.586","01771 12:18:02",236.67,864.29,,,,"     ",5.30,831.11,1.42
1771,554712193,"01771M12:30:09.559","01771 12:18:03",236.58,864.23,,,,"     ",5.30,838.75,1.43
1771,554712194,"01771M12:30:10.533","01771 12:18:04",236.47,864.27,,,,"     ",5.30,833.80,1.42
1771,554712195,"01771M12:30:11.506","01771 12:18:05",236.35,864.37,,,,"     ",5.30,827.95,1.41
1771,554712196,"01771M12:30:12.479","01771 12:18:06",236.22,864.34,,,,"     ",5.30,827.19,1.41
1771,554712197,"01771M12:30:13.452","01771 12:18:06",236.07,864.39,,,,"     ",5.30,823.48,1.40
1771,554712198,"01771M12:30:14.426","01771 12:18:07",235.94,864.40,,,,"     ",5.30,825.52,1.41
1771,554712199,"01771M12:30:15.399","01771 12:18:08",235.81,864.39,,,,"     ",5.30,834.90,1.43
1771,554712200,"01771M12:30:16.372","01771 12:18:09",235.68,864.43,,,,"     ",5.30,825.79,1.41
1771,554712201,"01771M12:30:17.345","01771 12:18:10",235.58,864.43,,,,"     ",5.30,827.36,1.41
1771,554712202,"01771M12:30:18.319","01771 12:18:11",235.50,864.45,,,,"     ",5.30,833.27,1.42
1771,554712203,"01771M12:30:19.292","01771 12:18:12",235.44,864.52,,,,"     ",5.30,828.81,1.42
1771,554712204,"01771M12:30:20.265","01771 12:18:13",235.38,864.47,,,,"     ",5.30,828.98,1.42
1771,554712205,"01771M12:30:21.238","01771 12:18:14",235.35,864.47,,,,"     ",5.30,829.89,1.42
1771,554712206,"01771M12:30:22.212","01771 12:18:15",235.31,864.41,,,,"     ",5.30,823.71,1.41
1771,554712207,"01771M12:30:23.185","01771 12:18:16",235.27,864.46,,,,"     ",5.30,818.77,1.40
1771,554712208,"01771M12:30:24.158","01771 12:18:17",235.24,864.36,,,,"     ",5.30,838.73,1.44
1771,554712209,"01771M12:30:25.131","01771 12:18:18",235.22,864.42,,,,"     ",5.30,825.61,1.41
1771,554712210,"01771M12:30:26.105","01771 12:18:19",235.22,864.38,,,,"     ",5.30,825.43,1.41
1771,554712211,"01771M12:30:27.078","01771 12:18:20",235.25,864.38,,,,"     ",5.30,825.49,1.41
1771,554712212,"01771M12:30:28.051","01771 12:18:21",235.30,864.36,,,,"     ",5.30,831.58,1.42
1771,554712213,"01771M12:30:29.024","01771 12:18:22",235.38,864.26,,,,"     ",5.30,817.86,1.40
1771,554712214,"01771M12:30:29.998","01771 12:18:23",235.47,864.20,,,,"     ",5.30,822.93,1.41
1771,554712215,"01771M12:30:30.971","01771 12:18:24",235.57,864.32,,,,"     ",5.30,829.72,1.42
1771,554712216,"01771M12:30:31.944","01771 12:18:25",235.71,864.11,,,,"     ",5.30,819.42,1.40
1771,554712217,"01771M12:30:32.918","01771 12:18:26",235.86,864.35,,,,"     ",5.30,825.95,1.42
1771,554712218,"01771M12:30:33.891","01771 12:18:27",236.03,864.38,,,,"     ",5.30,828.55,1.42
1771,554712219,"01771M12:30:34.864","01771 12:18:28",236.19,864.45,,,,"     ",5.30,819.94,1.41
1771,554712220,"01771M12:30:35.837","01771 12:18:29",236.34,864.46,,,,"     ",5.30,826.20,1.42
1771,554712221,"01771M12:30:36.811","01771 12:18:30",236.48,864.50,,,,"     ",5.30,829.13,1.42
1771,554712222,"01771M12:30:37.784","01771 12:18:31",236.61,864.61,,,,"     ",5.30,826.54,1.42
1771,554712223,"01771M12:30:38.757","01771 12:18:32",236.75,864.45,,,,"     ",5.30,826.24,1.42
1771,554712224,"01771M12:30:39.730","01771 12:18:33",236.89,864.52,,,,"     ",5.30,820.48,1.41
1771,554712225,"01771M12:30:40.704","01771 12:18:34",237.02,864.52,,,,"     ",5.30,826.56,1.42
1771,554712226,"01771M12:30:41.677","01771 12:18:35",237.15,864.39,,,,"     ",5.30,831.61,1.43
1771,554712227,"01771M12:30:42.650","01771 12:18:36",237.27,864.35,,,,"     ",5.30,839.65,1.44
1771,554712228,"01771M12:30:43.623","01771 12:18:37",237.40,864.27,,,,"     ",5.30,830.01,1.42
1771,554712229,"01771M12:30:44.597","01771 12:18:38",237.52,864.28,,,,"     ",5.30,822.59,1.41
1771,554712230,"01771M12:30:45.570","01771 12:18:39",237.64,864.24,,,,"     ",5.30,842.25,1.44
1771,554712231,"01771M12:30:46.543","01771 12:18:40",237.76,864.34,,,,"     ",5.30,831.14,1.42
1771,554712232,"01771M12:30:47.516","01771 12:18:41",237.87,864.34,,,,"     ",5.30,822.20,1.41
1771,554712233,"01771M12:30:48.490","01771 12:18:42",237.66,864.43,,,,"     ",5.30,818.18,1.40
1771,554712234,"01771M12:30:49.463","01771 12:18:43",237.84,864.28,,,,"     ",5.30,823.54,1.41
1771,554712235,"01771M12:30:50.436","01771 12:18:43",238.03,864.30,,,,"     ",5.30,822.51,1.41
1771,554712236,"01771M12:30:51.409","01771 12:18:44",238.20,864.33,,,,"     ",5.30,829.72,1.42
1771,554712237,"01771M12:30:52.383","01771 12:18:45",238.37,864.35,,,,"     ",5.30,823.05,1.41
1771,554712238,"01771M12:30:53.356","01771 12:18:46",238.54,864.36,,,,"     ",5.30,825.41,1.41
1771,554712239,"01771M12:30:54.329","01771 12:18:47",238.69,864.32,,,,"     ",5.30,834.86,1.43
1771,554712240,"01771M12:30:55.302","01771 12:18:48",238.84,864.31,,,,"     ",5.30,822.88,1.41
1771,554712241,"01771M12:30:56.276","01771 12:18:49",238.98,864.33,,,,"     ",5.30,827.30,1.41
1771,554712242,"01771M12:30:57.249","01771 12:18:50",239.11,864.28,,,,"     ",5.30,826.90,1.41
1771,554712243,"01771M12:30:58.222","01771 12:18:51",239.24,864.27,,,,"     ",5.30,829.14,1.42
1771,554712244,"01771M12:30:59.195","01771 12:18:52",239.36,864.30,,,,"     ",5.30,837.36,1.43
1771,554712245,"01771M12:31:00.169","01771 12:18:53",239.48,864.34,,,,"     ",5.30,831.93,1.42
1771,554712246,"01771M12:31:01.142","01771 12:18:54",239.59,864.30,,,,"     ",5.30,836.52,1.43
1771,554712247,"01771M12:31:02.115","01771 12:18:55",239.68,864.35,,,,"     ",5.30,837.31,1.43
1771,554712248,"01771M12:31:03.088","01771 12:18:56",239.78,864.27,,,,"     ",5.30,832.45,1.42
1771,554712249,"01771M12:31:04.062","01771 12:18:57",239.87,864.29,,,,"     ",5.30,832.00,1.42
1771,554712250,"01771M12:31:05.035","01771 12:18:58",239.94,864.34,,,,"     ",5.30,830.06,1.41
1771,554712251,"01771M12:31:06.008","01771 12:18:59",240.01,864.39,,,,"     ",5.30,821.79,1.40
1771,554712252,"01771M12:31:06.981","01771 12:19:00",240.08,864.33,,,,"     ",5.30,832.42,1.42
1771,554712253,"01771M12:31:07.955","01771 12:19:01",240.14,864.30,,,,"     ",5.30,835.83,1.42
1771,554712254,"01771M12:31:08.928","01771 12:19:02",240.21,864.34,,,,"     ",5.30,826.06,1.40
1771,554712255,"01771M12:31:09.901","01771 12:19:03",240.29,864.33,,,,"     ",5.30,833.75,1.42
1771,554712256,"01771M12:31:10.874","01771 12:19:04",240.38,864.31,,,,"     ",5.30,825.95,1.40
1771,554712257,"01771M12:31:11.848","01771 12:19:05",240.47,864.34,,,,"     ",5.30,832.86,1.41
1771,554712258,"01771M12:31:12.821","01771 12:19:06",240.57,864.36,,,,"     ",5.30,830.48,1.41
1771,554712259,"01771M12:31:13.794","01771 12:19:07",240.68,864.36,,,,"     ",5.30,840.17,1.42
1771,554712260,"01771M12:31:14.767","01771 12:19:08",240.80,864.32,,,,"     ",5.30,831.57,1.41
1771,554712261,"01771M12:31:15.741","01771 12:19:09",240.93,864.39,,,,"     ",5.30,824.41,1.40
1771,554712262,"01771M12:31:16.714","01771 12:19:10",241.07,864.34,,,,"     ",5.30,840.07,1.42
1771,554712263,"01771M12:31:17.687","01771 12:19:11",241.20,864.40,,,,"     ",5.30,837.19,1.42
1771,554712264,"01771M12:31:18.660","01771 12:19:12",241.32,864.39,,,,"     ",5.30,831.86,1.41
1771,554712265,"01771M12:31:19.634","01771 12:19:13",241.42,864.42,,,,"     ",5.30,834.95,1.41
1771,554712266,"01771M12:31:20.607","01771 12:19:14",241.49,864.39,,,,"     ",5.30,834.62,1.41
1771,554712267,"01771M12:31:21.580","01771 12:19:15",241.53,864.34,,,,"     ",5.30,831.35,1.40
1771,554712268,"01771M12:31:22.553","01771 12:19:16",241.53,864.31,,,,"     ",5.30,838.86,1.41
1771,554712269,"01771M12:31:23.527","01771 12:19:17",241.50,864.24,,,,"     ",5.30,838.31,1.41
1771,554712270,"01771M12:31:24.500","01771 12:19:18",242.57,864.33,,,,"     ",5.30,835.27,1.41
1771,554712271,"01771M12:31:25.473","01771 12:19:19",242.55,864.29,,,,"     ",5.30,839.00,1.41
1771,554712272,"01771M12:31:26.446","01771 12:19:20",242.51,864.24,,,,"     ",5.30,841.75,1.42
1771,554712273,"01771M12:31:27.420","01771 12:19:20",242.47,864.26,,,,"     ",5.30,841.22,1.41
1771,554712274,"01771M12:31:28.393","01771 12:19:21",242.41,864.31,,,,"     ",5.30,841.81,1.41
1771,554712275,"01771M12:31:29.366","01771 12:19:22",242.34,864.27,,,,"     ",5.30,838.85,1.41
1771,554712276,"01771M12:31:30.339","01771 12:19:23",242.26,864.33,,,,"     ",5.30,825.90,1.38
1771,554712277,"01771M12:31:31.313","01771 12:19:24",242.20,864.31,,,,"     ",5.30,838.14,1.41
1771,554712278,"01771M12:31:32.286","01771 12:19:25",242.16,864.27,,,,"     ",5.30,838.51,1.41
1771,554712279,"01771M12:31:33.259","01771 12:19:26",242.14,864.28,,,,"     ",5.30,844.89,1.42
1771,554712280,"01771M12:31:34.232","01771 12:19:27",242.15,864.27,,,,"     ",5.30,832.41,1.39
1771,554712281,"01771M12:31:35.206","01771 12:19:28",242.19,864.30,,,,"     ",5.30,849.84,1.42
1771,554712282,"01771M12:31:36.179","01771 12:19:29",242.26,864.26,,,,"     ",5.30,848.93,1.42
1771,554712283,"01771M12:31:37.152","01771 12:19:30",242.35,864.27,,,,"     ",5.30,844.63,1.41
1771,554712284,"01771M12:31:38.125","01771 12:19:31",242.43,864.22,,,,"     ",5.30,835.30,1.40
1771,554712285,"01771M12:31:39.099","01771 12:19:32",242.50,864.22,,,,"     ",5.30,839.65,1.40
1771,554712286,"01771M12:31:40.072","01771 12:19:33",242.57,864.19,,,,"     ",5.30,846.39,1.41
1771,554712287,"01771M12:31:41.045","01771 12:19:34",242.65,864.21,,,,"     ",5.30,836.53,1.40
1771,554712288,"01771M12:31:42.019","01771 12:19:35",242.74,864.11,,,,"     ",5.30,844.97,1.41
1771,554712289,"01771M12:31:42.992","01771 12:19:36",242.83,864.17,,,,"     ",5.30,846.78,1.41
1771,554712290,"01771M12:31:43.965","01771 12:19:37",242.93,864.20,,,,"     ",5.30,836.25,1.39
1771,554712291,"01771M12:31:44.938","01771 12:19:38",243.03,864.20,,,,"     ",5.30,845.40,1.41
1771,554712292,"01771M12:31:45.912","01771 12:19:39",243.11,864.14,,,,"     ",5.30,838.85,1.40
1771,554712293,"01771M12:31:46.885","01771 12:19:40",243.20,864.27,,,,"     ",5.30,843.64,1.40
1771,554712294,"01771M12:31:47.858","01771 12:19:41",243.27,864.28,,,,"     ",5.30,847.23,1.41
1771,554712295,"01771M12:31:48.831","01771 12:19:42",243.27,864.32,,,,"     ",5.30,850.15,1.41
1771,554712296,"01771M12:31:49.805","01771 12:19:43",243.25,864.20,,,,"     ",5.30,847.89,1.41
1771,554712297,"01771M12:31:50.778","01771 12:19:44",243.24,864.19,,,,"     ",5.30,840.61,1.40
1771,554712298,"01771M12:31:51.751","01771 12:19:45",243.24,864.14,,,,"     ",5.30,847.67,1.41
1771,554712299,"01771M12:31:52.724","01771 12:19:46",243.25,864.20,,,,"     ",5.30,852.64,1.42
1771,554712300,"01771M12:31:53.698","01771 12:19:47",243.26,864.26,,,,"     ",5.30,844.60,1.40
1771,554712301,"01771M12:31:54.671","01771 12:19:48",243.29,864.26,,,,"     ",5.30,845.39,1.40
1771,554712302,"01771M12:31:55.644","01771 12:19:49",243.32,864.27,,,,"     ",5.30,845.79,1.40
1771,554712303,"01771M12:31:56.617","01771 12:19:50",243.35,864.30,,,,"     ",5.30,846.61,1.40
1771,554712304,"01771M12:31:57.591","01771 12:19:51",243.40,864.39,,,,"     ",5.30,846.90,1.40
1771,554712305,"01771M12:31:58.564","01771 12:19:52",243.46,864.31,,,,"     ",5.30,850.03,1.41
1771,554712306,"01771M12:31:59.537","01771 12:19:53",243.53,864.22,,,,"     ",5.30,856.18,1.42
1771,554712307,"01771M12:32:00.510","01771 12:19:54",243.60,864.19,,,,"     ",5.30,845.63,1.40
1771,554712308,"01771M12:32:01.484","01771 12:19:55",243.65,864.23,,,,"     ",5.30,854.93,1.41
1771,554712309,"01771M12:32:02.457","01771 12:19:56",243.68,864.21,,,,"     ",5.30,850.16,1.41
1771,554712310,"01771M12:32:03.430","01771 12:19:56",243.68,864.17,,,,"     ",5.30,854.47,1.41
1771,554712311,"01771M12:32:04.403","01771 12:19:57",243.67,864.22,,,,"     ",5.30,847.61,1.40
1771,554712312,"01771M12:32:05.377","01771 12:19:58",243.65,864.15,,,,"     ",5.30,846.59,1.40
1771,554712313,"01771M12:32:06.350","01771 12:19:59",243.63,864.10,,,,"     ",5.30,830.78,1.37
1771,554712314,"01771M12:32:07.323","01771 12:20:00",243.63,864.21,,,,"     ",5.30,853.16,1.41
1771,554712315,"01771M12:32:08.296","01771 12:20:01",243.63,864.22,,,,"     ",5.30,847.38,1.40
1771,554712316,"01771M12:32:09.270","01771 12:20:02",243.66,864.26,,,,"     ",5.30,854.97,1.41
1771,554712317,"01771M12:32:10.243","01771 12:20:03",243.71,864.21,,,,"     ",5.30,849.00,1.40
1771,554712318,"01771M12:32:11.216","01771 12:20:04",243.76,864.23,,,,"     ",5.30,854.91,1.41
1771,554712319,"01771M12:32:12.189","01771 12:20:05",243.81,864.29,,,,"     ",5.30,850.17,1.40
1771,554712320,"01771M12:32:13.163","01771 12:20:06",243.85,864.11,,,,"     ",5.30,853.17,1.40
1771,554712321,"01771M12:32:14.136","01771 12:20:07",243.89,864.17,,,,"     ",5.30,854.76,1.41
1771,554712322,"01771M12:32:15.109","01771 12:20:08",243.94,864.15,,,,"     ",5.30,847.03,1.39
1771,554712323,"01771M12:32:16.082","01771 12:20:09",243.99,864.11,,,,"     ",5.30,851.29,1.40
1771,554712324,"01771M12:32:17.056","01771 12:20:10",244.04,864.11,,,,"     ",5.30,856.96,1.41
1771,554712325,"01771M12:32:18.029","01771 12:20:11",244.08,864.14,,,,"     ",5.30,850.20,1.40
1771,554712326,"01771M12:32:19.002","01771 12:20:12",244.12,864.15,,,,"     ",5.30,851.47,1.40
1771,554712327,"01771M12:32:19.975","01771 12:20:13",244.13,864.21,,,,"     ",5.30,853.59,1.40
1771,554712328,"01771M12:32:20.949","01771 12:20:14",244.14,864.20,,,,"     ",5.30,849.36,1.39
1771,554712329,"01771M12:32:21.922","01771 12:20:15",244.13,864.18,,,,"     ",5.30,859.23,1.41
1771,554712330,"01771M12:32:22.895","01771 12:20:16",244.13,864.20,,,,"     ",5.30,851.72,1.40
1771,554712331,"01771M12:32:23.868","01771 12:20:17",244.14,864.23,,,,"     ",5.30,853.41,1.40
1771,554712332,"01771M12:32:24.842","01771 12:20:18",244.07,864.15,,,,"     ",5.30,859.70,1.41
1771,554712333,"01771M12:32:25.815","01771 12:20:19",243.99,864.18,,,,"     ",5.30,854.20,1.40
1771,554712334,"01771M12:32:26.788","01771 12:20:20",243.89,864.21,,,,"     ",5.30,865.88,1.42
1771,554712335,"01771M12:32:27.761","01771 12:20:21",243.78,864.18,,,,"     ",5.30,856.38,1.40
1771,554712336,"01771M12:32:28.735","01771 12:20:22",243.66,864.25,,,,"     ",5.30,851.16,1.39
1771,554712337,"01771M12:32:29.708","01771 12:20:23",243.52,864.23,,,,"     ",5.30,856.06,1.40
1771,554712338,"01771M12:32:30.681","01771 12:20:24",241.71,864.17,,,,"     ",5.30,853.89,1.39
1771,554712339,"01771M12:32:31.654","01771 12:20:25",241.59,864.25,,,,"     ",5.30,855.37,1.40
1771,554712340,"01771M12:32:32.628","01771 12:20:26",241.48,864.16,,,,"     ",5.30,846.33,1.38
1771,554712341,"01771M12:32:33.601","01771 12:20:27",241.37,864.18,,,,"     ",5.30,861.92,1.41
1771,554712342,"01771M12:32:34.574","01771 12:20:28",241.28,864.20,,,,"     ",5.30,862.93,1.41
1771,554712343,"01771M12:32:35.547","01771 12:20:29",241.20,864.19,,,,"     ",5.30,851.07,1.39
1771,554712344,"01771M12:32:36.521","01771 12:20:30",241.14,864.15,,,,"     ",5.30,860.32,1.40
1771,554712345,"01771M12:32:37.494","01771 12:20:31",241.10,864.06,,,,"     ",5.30,856.24,1.39
1771,554712346,"01771M12:32:38.467","01771 12:20:32",241.07,864.17,,,,"     ",5.30,860.68,1.40
1771,554712347,"01771M12:32:39.440","01771 12:20:33",241.06,864.09,,,,"     ",5.30,862.80,1.40
1771,554712348,"01771M12:32:40.414","01771 12:20:33",241.07,864.11,,,,"     ",5.30,852.90,1.39
1771,554712349,"01771M12:32:41.387","01771 12:20:34",241.10,864.16,,,,"     ",5.30,853.25,1.39
1771,554712350,"01771M12:32:42.360","01771 12:20:35",241.16,864.10,,,,"     ",5.30,867.24,1.41
1771,554712351,"01771M12:32:43.333","01771 12:20:36",241.23,864.12,,,,"     ",5.30,860.66,1.40
1771,554712352,"01771M12:32:44.307","01771 12:20:37",241.31,864.05,,,,"     ",5.30,854.13,1.39
1771,554712353,"01771M12:32:45.280","01771 12:20:38",241.40,864.08,,,,"     ",5.30,865.23,1.41
1771,554712354,"01771M12:32:46.253","01771 12:20:39",241.46,864.13,,,,"     ",5.30,854.83,1.39
1771,554712355,"01771M12:32:47.226","01771 12:20:40",241.50,864.07,,,,"     ",5.30,859.61,1.40
1771,554712356,"01771M12:32:48.200","01771 12:20:41",241.52,864.08,,,,"     ",5.30,857.80,1.39
1771,554712357,"01771M12:32:49.173","01771 12:20:42",241.50,864.08,,,,"     ",5.30,860.48,1.40
1771,554712358,"01771M12:32:50.146","01771 12:20:43",241.46,864.17,,,,"     ",5.30,857.71,1.39
1771,554712359,"01771M12:32:51.119","01771 12:20:44",241.39,864.09,,,,"     ",5.30,858.96,1.39
1771,554712360,"01771M12:32:52.093","01771 12:20:45",241.29,864.20,,,,"     ",5.30,869.98,1.41
1771,554712361,"01771M12:32:53.066","01771 12:20:46",241.16,864.16,,,,"     ",5.30,865.42,1.40
1771,554712362,"01771M12:32:54.039","01771 12:20:47",241.02,864.21,,,,"     ",5.30,873.18,1.41
1771,554712363,"01771M12:32:55.013","01771 12:20:48",240.86,864.08,,,,"     ",5.30,867.40,1.40
1771,554712364,"01771M12:32:55.986","01771 12:20:49",240.67,864.12,,,,"     ",5.30,865.27,1.40
1771,554712365,"01771M12:32:56.959","01771 12:20:50",240.48,864.10,,,,"     ",5.30,859.24,1.39
1771,554712366,"01771M12:32:57.932","01771 12:20:51",240.28,864.09,,,,"     ",5.30,862.35,1.39
1771,554712367,"01771M12:32:58.906","01771 12:20:52",240.08,864.23,,,,"     ",5.30,856.52,1.38
1771,554712368,"01771M12:32:59.879","01771 12:20:53",239.89,864.18,,,,"     ",5.30,859.29,1.39
1771,554712369,"01771M12:33:00.852","01771 12:20:54",239.69,864.14,,,,"     ",5.30,862.86,1.39
1771,554712370,"01771M12:33:01.825","01771 12:20:55",239.52,864.17,,,,"     ",5.30,865.92,1.40
1771,554712371,"01771M12:33:02.799","01771 12:20:56",239.35,864.16,,,,"     ",5.30,863.22,1.39
1771,554712372,"01771M12:33:03.772","01771 12:20:57",239.19,864.15,,,,"     ",5.30,866.07,1.40
1771,554712373,"01771M12:33:04.745","01771 12:20:58",239.04,864.10,,,,"     ",5.30,859.42,1.39
1771,554712374,"01771M12:33:05.718","01771 12:20:59",238.91,864.16,,,,"     ",5.30,856.83,1.38
1771,554712375,"01771M12:33:06.692","01771 12:21:00",238.80,864.12,,,,"     ",5.30,867.61,1.40
1771,554712376,"01771M12:33:07.665","01771 12:21:01",238.72,864.08,,,,"     ",5.30,858.93,1.38
1771,554712377,"01771M12:33:08.638","01771 12:21:02",238.65,864.11,,,,"     ",5.30,865.63,1.40
1771,554712378,"01771M12:33:09.611","01771 12:21:03",238.61,864.12,,,,"     ",5.30,860.43,1.39
1771,554712379,"01771M12:33:10.585","01771 12:21:04",238.58,864.14,,,,"     ",5.30,863.67,1.39
1771,554712380,"01771M12:33:11.558","01771 12:21:05",238.55,864.22,,,,"     ",5.30,854.10,1.38
1771,554712381,"01771M12:33:12.531","01771 12:21:06",238.52,864.13,,,,"     ",5.30,872.60,1.41
1771,554712382,"01771M12:33:13.504","01771 12:21:07",238.47,864.13,,,,"     ",5.30,856.69,1.38
1771,554712383,"01771M12:33:14.478","01771 12:21:08",238.42,864.18,,,,"     ",5.30,860.40,1.39
1771,554712384,"01771M12:33:15.451","01771 12:21:09",238.36,864.15,,,,"     ",5.30,862.80,1.39
1771,554712385,"01771M12:33:16.424","01771 12:21:10",238.30,864.14,,,,"     ",5.30,870.69,1.40
1771,554712386,"01771M12:33:17.397","01771 12:21:10",238.24,864.17,,,,"     ",5.30,858.54,1.38
1771,554712387,"01771M12:33:18.371","01771 12:21:11",238.18,864.10,,,,"     ",5.30,870.32,1.40
1771,554712388,"01771M12:33:19.344","01771 12:21:12",238.14,864.10,,,,"     ",5.30,849.34,1.37
1771,554712389,"01771M12:33:20.317","01771 12:21:13",238.09,864.12,,,,"     ",5.30,871.86,1.40
1771,554712390,"01771M12:33:21.290","01771 12:21:14",238.04,864.06,,,,"     ",5.30,864.97,1.39
1771,554712391,"01771M12:33:22.264","01771 12:21:15",237.99,863.94,,,,"     ",5.30,870.64,1.40
1771,554712392,"01771M12:33:23.237","01771 12:21:16",237.94,864.09,,,,"     ",5.30,867.66,1.39
1771,554712393,"01771M12:33:24.210","01771 12:21:17",237.90,864.03,,,,"     ",5.30,862.97,1.39
1771,554712394,"01771M12:33:25.183","01771 12:21:18",237.88,863.98,,,,"     ",5.30,871.80,1.40
1771,554712395,"01771M12:33:26.157","01771 12:21:19",237.86,864.01,,,,"     ",5.30,868.00,1.39
1771,554712396,"01771M12:33:27.130","01771 12:21:20",237.86,864.11,,,,"     ",5.30,859.81,1.38
1771,554712397,"01771M12:33:28.103","01771 12:21:21",237.88,864.05,,,,"     ",5.30,869.45,1.40
1771,554712398,"01771M12:33:29.076","01771 12:21:22",237.89,864.10,,,,"     ",5.30,868.45,1.39
1771,554712399,"01771M12:33:30.050","01771 12:21:23",237.91,864.03,,,,"     ",5.30,868.74,1.39
1771,554712400,"01771M12:33:31.023","01771 12:21:24",237.93,863.94,,,,"     ",5.30,868.13,1.39
1771,554712401,"01771M12:33:31.996","01771 12:21:25",237.95,864.01,,,,"     ",5.30,860.98,1.38
1771,554712402,"01771M12:33:32.969","01771 12:21:26",237.98,864.02,,,,"     ",5.30,872.31,1.40
1771,554712403,"01771M12:33:33.943","01771 12:21:27",238.03,863.98,,,,"     ",5.30,862.88,1.38
1771,554712404,"01771M12:33:34.916","01771 12:21:28",238.10,863.99,,,,"     ",5.30,874.79,1.40
1771,554712405,"01771M12:33:35.889","01771 12:21:29",238.19,863.94,,,,"     ",5.30,871.28,1.40
1771,554712406,"01771M12:33:36.862","01771 12:21:30",238.28,863.93,,,,"     ",5.30,870.56,1.39
1771,554712407,"01771M12:33:37.836","01771 12:21:31",238.37,863.82,,,,"     ",5.30,866.08,1.39
1771,554712408,"01771M12:33:38.809","01771 12:21:32",238.43,863.95,,,,"     ",5.30,872.92,1.40
1771,554712409,"01771M12:33:39.782","01771 12:21:33",238.47,863.87,,,,"     ",5.30,877.77,1.40
1771,554712410,"01771M12:33:40.755","01771 12:21:34",238.47,863.94,,,,"     ",5.30,872.00,1.39
1771,554712411,"01771M12:33:41.729","01771 12:21:35",238.43,863.99,,,,"     ",5.30,872.18,1.39
1771,554712412,"01771M12:33:42.702","01771 12:21:36",238.36,863.91,,,,"     ",5.30,876.94,1.40
1771,554712413,"01771M12:33:43.675","01771 12:21:37",238.27,863.90,,,,"     ",5.30,875.19,1.40
1771,554712414,"01771M12:33:44.648","01771 12:21:38",238.16,863.95,,,,"     ",5.30,864.98,1.38
1771,554712415,"01771M12:33:45.622","01771 12:21:39",238.04,863.94,,,,"     ",5.30,870.57,1.39
1771,554712416,"01771M12:33:46.595","01771 12:21:40",237.92,863.92,,,,"     ",5.30,876.74,1.40
1771,554712417,"01771M12:33:47.568","01771 12:21:41",237.81,863.92,,,,"     ",5.30,880.25,1.41
1771,554712418,"01771M12:33:48.541","01771 12:21:42",237.70,863.94,,,,"     ",5.30,882.04,1.41
1771,554712419,"01771M12:33:49.515","01771 12:21:43",237.61,863.98,,,,"     ",5.30,867.85,1.38
1771,554712420,"01771M12:33:50.488","01771 12:21:44",237.54,863.89,,,,"     ",5.30,878.21,1.40
1771,554712421,"01771M12:33:51.461","01771 12:21:45",237.49,863.87,,,,"     ",5.30,866.11,1.38
1771,554712422,"01771M12:33:52.434","01771 12:21:46",237.47,863.92,,,,"     ",5.30,866.65,1.38
1771,554712423,"01771M12:33:53.408","01771 12:21:46",237.46,863.83,,,,"     ",5.30,875.37,1.40
1771,554712424,"01771M12:33:54.381","01771 12:21:47",237.47,863.96,,,,"     ",5.30,872.84,1.39
1771,554712425,"01771M12:33:55.354","01771 12:21:48",237.48,863.95,,,,"     ",5.30,865.93,1.38
1771,554712426,"01771M12:33:56.327","01771 12:21:49",237.48,863.94,,,,"     ",5.30,871.99,1.39
1771,554712427,"01771M12:33:57.301","01771 12:21:50",237.46,863.95,,,,"     ",5.30,872.36,1.39
1771,554712428,"01771M12:33:58.274","01771 12:21:51",237.44,863.95,,,,"     ",5.30,878.31,1.40
1771,554712429,"01771M12:33:59.247","01771 12:21:52",237.40,864.01,,,,"     ",5.30,864.03,1.37
1771,554712430,"01771M12:34:00.220","01771 12:21:53",237.34,863.96,,,,"     ",5.30,866.70,1.38
1771,554712431,"01771M12:34:01.194","01771 12:21:54",237.27,864.03,,,,"     ",5.30,876.60,1.39
1771,554712432,"01771M12:34:02.167","01771 12:21:55",237.20,863.92,,,,"     ",5.30,878.60,1.40
1771,554712433,"01771M12:34:03.140","01771 12:21:56",237.11,863.95,,,,"     ",5.30,877.64,1.40
1771,554712434,"01771M12:34:04.114","01771 12:21:57",237.02,863.91,,,,"     ",5.30,879.54,1.40
1771,554712435,"01771M12:34:05.087","01771 12:21:58",236.92,863.86,,,,"     ",5.30,868.99,1.38
1771,554712436,"01771M12:34:06.060","01771 12:21:59",236.82,863.90,,,,"     ",5.30,883.54,1.40
1771,554712437,"01771M12:34:07.033","01771 12:22:00",236.71,863.85,,,,"     ",5.30,871.02,1.38
1771,554712438,"01771M12:34:08.007","01771 12:22:01",236.60,863.89,,,,"     ",5.30,866.04,1.37
1771,554712439,"01771M12:34:08.980","01771 12:22:02",236.49,863.83,,,,"     ",5.30,873.44,1.39
1771,554712440,"01771M12:34:09.953","01771 12:22:03",236.38,863.88,,,,"     ",5.30,869.70,1.38
1771,554712441,"01771M12:34:10.926","01771 12:22:04",236.29,863.79,,,,"     ",5.30,863.73,1.37
1771,554712442,"01771M12:34:11.900","01771 12:22:05",236.19,863.88,,,,"     ",5.30,863.90,1.37
1771,554712443,"01771M12:34:12.873","01771 12:22:06",236.10,863.87,,,,"     ",5.30,879.10,1.39
1771,554712444,"01771M12:34:13.846","01771 12:22:07",236.02,863.90,,,,"     ",5.30,874.46,1.39
1771,554712445,"01771M12:34:14.819","01771 12:22:08",235.96,863.90,,,,"     ",5.30,874.61,1.39
1771,554712446,"01771M12:34:15.793","01771 12:22:09",235.91,863.88,,,,"     ",5.30,876.72,1.39
1771,554712447,"01771M12:34:16.766","01771 12:22:10",235.88,863.87,,,,"     ",5.30,872.46,1.38
1771,554712448,"01771M12:34:17.739","01771 12:22:11",235.86,863.85,,,,"     ",5.30,889.83,1.41
1771,554712449,"01771M12:34:18.712","01771 12:22:12",235.85,863.81,,,,"     ",5.30,877.30,1.39
1771,554712450,"01771M12:34:19.686","01771 12:22:13",235.84,863.77,,,,"     ",5.30,877.18,1.39
1771,554712451,"01771M12:34:20.659","01771 12:22:14",235.83,863.86,,,,"     ",5.30,882.59,1.40
1771,554712452,"01771M12:34:21.632","01771 12:22:15",235.80,863.81,,,,"     ",5.30,888.76,1.41
1771,554712453,"01771M12:34:22.605","01771 12:22:16",235.77,863.74,,,,"     ",5.30,874.54,1.38
1771,554712454,"01771M12:34:23.579","01771 12:22:17",235.74,863.83,,,,"     ",5.30,879.17,1.39
1771,554712455,"01771M12:34:24.552","01771 12:22:18",235.70,863.83,,,,"     ",5.30,873.01,1.38
1771,554712456,"01771M12:34:25.525","01771 12:22:19",235.64,863.73,,,,"     ",5.30,878.47,1.39
1771,554712457,"01771M12:34:26.498","01771 12:22:20",235.57,863.75,,,,"     ",5.30,877.68,1.39
1771,554712458,"01771M12:34:27.472","01771 12:22:21",235.48,863.71,,,,"     ",5.30,875.05,1.38
1771,554712459,"01771M12:34:28.445","01771 12:22:22",235.39,863.74,,,,"     ",5.30,881.80,1.40
1771,554712460,"01771M12:34:29.418","01771 12:22:23",235.29,863.81,,,,"     ",5.30,878.55,1.39
1771,554712461,"01771M12:34:30.391","01771 12:22:23",235.20,863.71,,,,"     ",5.30,876.72,1.39
1771,554712462,"01771M12:34:31.365","01771 12:22:24",235.11,863.75,,,,"     ",5.30,880.22,1.39
1771,554712463,"01771M12:34:32.338","01771 12:22:25",235.04,863.75,,,,"     ",5.30,884.85,1.40
1771,554712464,"01771M12:34:33.311","01771 12:22:26",234.97,863.72,,,,"     ",5.30,873.23,1.38
1771,554712465,"01771M12:34:34.284","01771 12:22:27",234.94,863.72,,,,"     ",5.30,877.25,1.39
1771,554712466,"01771M12:34:35.258","01771 12:22:28",234.91,863.69,,,,"     ",5.30,880.89,1.39
1771,554712467,"01771M12:34:36.231","01771 12:22:29",234.89,863.71,,,,"     ",5.30,882.77,1.40
1771,554712468,"01771M12:34:37.204","01771 12:22:30",234.87,863.70,,,,"     ",5.30,880.88,1.39
1771,554712469,"01771M12:34:38.177","01771 12:22:31",234.86,863.77,,,,"     ",5.30,867.33,1.37
1771,554712470,"01771M12:34:39.151","01771 12:22:32",234.86,863.75,,,,"     ",5.30,879.12,1.39
1771,554712471,"01771M12:34:40.124","01771 12:22:33",234.87,863.78,,,,"     ",5.30,883.59,1.40
1771,554712472,"01771M12:34:41.097","01771 12:22:34",234.87,863.74,,,,"     ",5.30,880.03,1.39
1771,554712473,"01771M12:34:42.070","01771 12:22:35",234.89,863.79,,,,"     ",5.30,878.99,1.39
1771,554712474,"01771M12:34:43.044","01771 12:22:36",234.90,863.76,,,,"     ",5.30,885.64,1.40
1771,554712475,"01771M12:34:44.017","01771 12:22:37",234.92,863.78,,,,"     ",5.30,886.20,1.40
1771,554712476,"01771M12:34:44.990","01771 12:22:38",234.95,863.79,,,,"     ",5.30,885.51,1.40
1771,554712477,"01771M12:34:45.963","01771 12:22:39",234.98,863.71,,,,"     ",5.30,867.91,1.37
1771,554712478,"01771M12:34:46.937","01771 12:22:40",235.02,863.74,,,,"     ",5.30,874.63,1.38
1771,554712479,"01771M12:34:47.910","01771 12:22:41",235.08,863.68,,,,"     ",5.30,877.17,1.39
1771,554712480,"01771M12:34:48.883","01771 12:22:42",235.15,863.72,,,,"     ",5.30,878.77,1.39
1771,554712481,"01771M12:34:49.856","01771 12:22:43",235.23,863.70,,,,"     ",5.30,881.68,1.39
1771,554712482,"01771M12:34:50.830","01771 12:22:44",235.34,863.76,,,,"     ",5.30,878.31,1.39
1771,554712483,"01771M12:34:51.803","01771 12:22:45",235.46,863.76,,,,"     ",5.30,888.64,1.41
1771,554712484,"01771M12:34:52.776","01771 12:22:46",235.59,863.79,,,,"     ",5.30,873.39,1.38
1771,554712485,"01771M12:34:53.749","01771 12:22:47",235.73,863.75,,,,"     ",5.30,883.56,1.40
1771,554712486,"01771M12:34:54.723","01771 12:22:48",235.89,863.78,,,,"     ",5.30,875.78,1.38
1771,554712487,"01771M12:34:55.696","01771 12:22:49",236.05,863.77,,,,"     ",5.30,871.25,1.38
1771,554712488,"01771M12:34:56.669","01771 12:22:50",236.22,863.67,,,,"     ",5.30,868.40,1.37
1771,554712489,"01771M12:34:57.642","01771 12:22:51",236.40,863.70,,,,"     ",5.30,872.90,1.38
1771,554712490,"01771M12:34:58.616","01771 12:22:52",236.60,863.63,,,,"     ",5.30,891.17,1.41
1771,554712491,"01771M12:34:59.589","01771 12:22:53",236.79,863.65,,,,"     ",5.30,884.24,1.40
1771,554712492,"01771M12:35:00.562","01771 12:22:54",236.98,863.61,,,,"     ",5.30,873.31,1.38
1771,554712493,"01771M12:35:01.535","01771 12:22:55",237.17,863.73,,,,"     ",5.30,877.08,1.38
1771,554712494,"01771M12:35:02.509","01771 12:22:56",237.34,863.70,,,,"     ",5.30,873.11,1.38
1771,554712495,"01771M12:35:03.482","01771 12:22:57",237.48,863.68,,,,"     ",5.30,881.67,1.39
1771,554712496,"01771M12:35:04.455","01771 12:22:58",237.61,863.66,,,,"     ",5.30,889.45,1.40
1771,554712497,"01771M12:35:05.428","01771 12:22:59",237.72,863.68,,,,"     ",5.30,874.58,1.38
1771,554712498,"01771M12:35:06.402","01771 12:23:00",237.81,863.74,,,,"     ",5.30,891.27,1.41
1771,554712499,"01771M12:35:07.375","01771 12:23:00",237.88,863.72,,,,"     ",5.30,876.36,1.38
1771,554712500,"01771M12:35:08.348","01771 12:23:01",237.94,863.76,,,,"     ",5.30,881.52,1.39
1771,554712501,"01771M12:35:09.321","01771 12:23:02",238.01,863.68,,,,"     ",5.30,879.37,1.38
1771,554712502,"01771M12:35:10.295","01771 12:23:03",238.06,863.77,,,,"     ",5.30,879.63,1.38
1771,554712503,"01771M12:35:11.268","01771 12:23:04",238.11,863.70,,,,"     ",5.30,881.22,1.39
1771,554712504,"01771M12:35:12.241","01771 12:23:05",238.17,863.69,,,,"     ",5.30,881.75,1.39
1771,554712505,"01771M12:35:13.215","01771 12:23:06",238.24,863.69,,,,"     ",5.30,882.78,1.39
1771,554712506,"01771M12:35:14.188","01771 12:23:07",238.32,863.74,,,,"     ",5.30,883.08,1.39
1771,554712507,"01771M12:35:15.161","01771 12:23:08",238.41,863.70,,,,"     ",5.30,871.43,1.37
1771,554712508,"01771M12:35:16.134","01771 12:23:09",238.53,863.72,,,,"     ",5.30,877.23,1.38
1771,554712509,"01771M12:35:17.108","01771 12:23:10",238.66,863.74,,,,"     ",5.30,887.77,1.40
1771,554712510,"01771M12:35:18.081","01771 12:23:11",238.80,863.64,,,,"     ",5.30,889.58,1.40
1771,554712511,"01771M12:35:19.054","01771 12:23:12",238.95,863.72,,,,"     ",5.30,884.23,1.39
1771,554712512,"01771M12:35:20.027","01771 12:23:13",239.11,863.71,,,,"     ",5.30,889.20,1.40
1771,554712513,"01771M12:35:21.001","01771 12:23:14",239.25,863.71,,,,"     ",5.30,883.28,1.39
1771,554712514,"01771M12:35:21.974","01771 12:23:15",239.39,863.61,,,,"     ",5.30,887.39,1.39
1771,554712515,"01771M12:35:22.947","01771 12:23:16",239.51,863.72,,,,"     ",5.30,879.51,1.38
1771,554712516,"01771M12:35:23.920","01771 12:23:17",239.62,863.72,,,,"     ",5.30,882.74,1.38
1771,554712517,"01771M12:35:24.894","01771 12:23:18",239.71,863.77,,,,"     ",5.30,883.44,1.38
1771,554712518,"01771M12:35:25.867","01771 12:23:19",239.79,863.73,,,,"     ",5.30,872.81,1.37
1771,554712519,"01771M12:35:26.840","01771 12:23:20",239.86,863.67,,,,"     ",5.30,873.80,1.37
1771,554712520,"01771M12:35:27.813","01771 12:23:21",239.91,863.72,,,,"     ",5.30,879.56,1.38
1771,554712521,"01771M12:35:28.787","01771 12:23:22",239.96,863.69,,,,"     ",5.30,882.44,1.38
1771,554712522,"01771M12:35:29.760","01771 12:23:23",239.99,863.69,,,,"     ",5.30,877.96,1.37
1771,554712523,"01771M12:35:30.733","01771 12:23:24",240.04,863.78,,,,"     ",5.30,886.02,1.38
1771,554712524,"01771M12:35:31.706","01771 12:23:25",240.08,863.73,,,,"     ",5.30,889.89,1.39
1771,554712525,"01771M12:35:32.680","01771 12:23:26",240.13,863.75,,,,"     ",5.30,884.39,1.38
1771,554712526,"01771M12:35:33.653","01771 12:23:27",240.20,863.77,,,,"     ",5.30,891.03,1.39
1771,554712527,"01771M12:35:34.626","01771 12:23:28",240.29,863.68,,,,"     ",5.30,890.44,1.39
1771,554712528,"01771M12:35:35.599","01771 12:23:29",240.39,863.77,,,,"     ",5.30,895.90,1.40
1771,554712529,"01771M12:35:36.573","01771 12:23:30",240.46,863.78,,,,"     ",5.30,891.95,1.39
1771,554712530,"01771M12:35:37.546","01771 12:23:31",240.55,863.75,,,,"     ",5.30,889.16,1.39
1771,554712531,"01771M12:35:38.519","01771 12:23:32",240.62,863.76,,,,"     ",5.30,886.61,1.38
1771,554712532,"01771M12:35:39.492","01771 12:23:33",240.69,863.68,,,,"     ",5.30,892.22,1.39
1771,554712533,"01771M12:35:40.466","01771 12:23:34",240.76,863.63,,,,"     ",5.30,888.93,1.38
1771,554712534,"01771M12:35:41.439","01771 12:23:35",240.83,863.65,,,,"     ",5.30,898.16,1.40
1771,554712535,"01771M12:35:42.412","01771 12:23:36",240.89,863.70,,,,"     ",5.30,892.79,1.39
1771,554712536,"01771M12:35:43.385","01771 12:23:37",240.96,863.71,,,,"     ",5.30,884.34,1.37
1771,554712537,"01771M12:35:44.359","01771 12:23:37",241.02,863.71,,,,"     ",5.30,882.94,1.37
1771,554712538,"01771M12:35:45.332","01771 12:23:38",241.07,863.73,,,,"     ",5.30,882.46,1.37
1771,554712539,"01771M12:35:46.305","01771 12:23:39",241.13,863.71,,,,"     ",5.30,884.95,1.37
1771,554712540,"01771M12:35:47.278","01771 12:23:40",241.18,863.68,,,,"     ",5.30,894.45,1.39
1771,554712541,"01771M12:35:48.252","01771 12:23:41",241.13,863.67,,,,"     ",5.30,893.32,1.39
1771,554712542,"01771M12:35:49.225","01771 12:23:42",241.11,863.65,,,,"     ",5.30,895.06,1.39
1771,554712543,"01771M12:35:50.198","01771 12:23:43",241.08,863.71,,,,"     ",5.30,887.81,1.38
1771,554712544,"01771M12:35:51.171","01771 12:23:44",241.05,863.73,,,,"     ",5.30,894.79,1.39
1771,554712545,"01771M12:35:52.145","01771 12:23:45",241.02,863.67,,,,"     ",5.30,879.75,1.36
1771,554712546,"01771M12:35:53.118","01771 12:23:46",240.98,863.53,,,,"     ",5.30,887.93,1.38
1771,554712547,"01771M12:35:54.091","01771 12:23:47",240.94,863.54,,,,"     ",5.30,890.73,1.38
1771,554712548,"01771M12:35:55.064","01771 12:23:48",240.88,863.52,,,,"     ",5.30,896.61,1.39
1771,554712549,"01771M12:35:56.038","01771 12:23:49",240.83,863.52,,,,"     ",5.30,897.73,1.39
1771,554712550,"01771M12:35:57.011","01771 12:23:50",240.77,863.56,,,,"     ",5.30,887.73,1.37
1771,554712551,"01771M12:35:57.984","01771 12:23:51",240.70,863.54,,,,"     ",5.30,881.32,1.36
1771,554712552,"01771M12:35:58.957","01771 12:23:52",240.62,863.59,,,,"     ",5.30,902.86,1.40
1771,554712553,"01771M12:35:59.931","01771 12:23:53",240.54,863.64,,,,"     ",5.30,901.07,1.39
1771,554712554,"01771M12:36:00.904","01771 12:23:54",240.46,863.65,,,,"     ",5.30,892.74,1.38
1771,554712555,"01771M12:36:01.877","01771 12:23:55",240.38,863.69,,,,"     ",5.30,894.73,1.38
1771,554712556,"01771M12:36:02.850","01771 12:23:56",240.26,863.58,,,,"     ",5.30,901.53,1.39
1771,554712557,"01771M12:36:03.824","01771 12:23:57",240.12,863.69,,,,"     ",5.30,893.62,1.38
1771,554712558,"01771M12:36:04.797","01771 12:23:58",239.97,863.61,,,,"     ",5.30,895.11,1.38
1771,554712559,"01771M12:36:05.770","01771 12:23:59",239.82,863.59,,,,"     ",5.30,900.25,1.39
1771,554712560,"01771M12:36:06.743","01771 12:24:00",239.67,863.63,,,,"     ",5.30,895.39,1.38
1771,554712561,"01771M12:36:07.717","01771 12:24:01",239.54,863.56,,,,"     ",5.30,890.28,1.38
1771,554712562,"01771M12:36:08.690","01771 12:24:02",239.44,863.65,,,,"     ",5.30,885.04,1.37
1771,554712563,"01771M12:36:09.663","01771 12:24:03",239.38,863.79,,,,"     ",5.30,899.24,1.39
1771,554712564,"01771M12:36:10.636","01771 12:24:04",239.36,863.75,,,,"     ",5.30,886.12,1.37
1771,554712565,"01771M12:36:11.610","01771 12:24:05",239.40,863.79,,,,"     ",5.30,890.21,1.38
1771,554712566,"01771M12:36:12.583","01771 12:24:06",239.48,863.64,,,,"     ",5.30,888.39,1.37
1771,554712567,"01771M12:36:13.556","01771 12:24:07",239.61,863.63,,,,"     ",5.30,893.84,1.38
1771,554712568,"01771M12:36:14.529","01771 12:24:08",239.76,863.70,,,,"     ",5.30,886.59,1.37
1771,554712569,"01771M12:36:15.503","01771 12:24:09",239.92,863.76,,,,"     ",5.30,878.55,1.36
1771,554712570,"01771M12:36:16.476","01771 12:24:10",240.08,863.65,,,,"     ",5.30,896.87,1.39
1771,554712571,"01771M12:36:17.449","01771 12:24:11",240.24,863.65,,,,"     ",5.30,897.00,1.39
1771,554712572,"01771M12:36:18.422","01771 12:24:12",240.38,863.68,,,,"     ",5.30,896.88,1.39
1771,554712573,"01771M12:36:19.396","01771 12:24:13",240.50,863.66,,,,"     ",5.30,893.29,1.38
1771,554712574,"01771M12:36:20.369","01771 12:24:13",240.59,863.67,,,,"     ",5.30,891.28,1.38
1771,554712575,"01771M12:36:21.342","01771 12:24:14",240.67,863.68,,,,"     ",5.30,891.47,1.38
1771,554712576,"01771M12:36:22.316","01771 12:24:15",240.73,863.62,,,,"     ",5.30,901.35,1.39
1771,554712577,"01771M12:36:23.289","01771 12:24:16",240.77,863.68,,,,"     ",5.30,903.23,1.40
1771,554712578,"01771M12:36:24.262","01771 12:24:17",240.79,863.70,,,,"     ",5.30,885.19,1.37
1771,554712579,"01771M12:36:25.235","01771 12:24:18",240.80,863.70,,,,"     ",5.30,891.28,1.38
1771,554712580,"01771M12:36:26.209","01771 12:24:19",240.80,863.78,,,,"     ",5.30,907.70,1.40
1771,554712581,"01771M12:36:27.182","01771 12:24:20",240.79,863.66,,,,"     ",5.30,903.61,1.40
1771,554712582,"01771M12:36:28.155","01771 12:24:21",240.77,863.70,,,,"     ",5.30,887.02,1.37
1771,554712583,"01771M12:36:29.128","01771 12:24:22",240.75,863.68,,,,"     ",5.30,898.35,1.39
1771,554712584,"01771M12:36:30.102","01771 12:24:23",240.72,863.74,,,,"     ",5.30,906.10,1.40
1771,554712585,"01771M12:36:31.075","01771 12:24:24",240.71,863.74,,,,"     ",5.30,906.54,1.40
1771,554712586,"01771M12:36:32.048","01771 12:24:25",240.69,863.78,,,,"     ",5.30,886.64,1.37
1771,554712587,"01771M12:36:33.021","01771 12:24:26",240.67,863.73,,,,"     ",5.30,886.35,1.37
1771,554712588,"01771M12:36:33.995","01771 12:24:27",240.66,863.76,,,,"     ",5.30,882.99,1.36
1771,554712589,"01771M12:36:34.968","01771 12:24:28",240.65,863.78,,,,"     ",5.30,897.98,1.39
1771,554712590,"01771M12:36:35.941","01771 12:24:29",240.63,863.73,,,,"     ",5.30,889.99,1.37
1771,554712591,"01771M12:36:36.914","01771 12:24:30",240.61,863.74,,,,"     ",5.30,891.07,1.38
1771,554712592,"01771M12:36:37.888","01771 12:24:31",240.61,863.73,,,,"     ",5.30,899.67,1.39
1771,554712593,"01771M12:36:38.861","01771 12:24:32",240.60,863.72,,,,"     ",5.30,895.82,1.38
1771,554712594,"01771M12:36:39.834","01771 12:24:33",240.59,863.67,,,,"     ",5.30,896.30,1.38
1771,554712595,"01771M12:36:40.807","01771 12:24:34",240.58,863.66,,,,"     ",5.30,891.02,1.37
1771,554712596,"01771M12:36:41.781","01771 12:24:35",240.58,863.66,,,,"     ",5.30,887.08,1.37
1771,554712597,"01771M12:36:42.754","01771 12:24:36",240.58,863.61,,,,"     ",5.30,902.59,1.39
1771,554712598,"01771M12:36:43.727","01771 12:24:37",240.59,863.55,,,,"     ",5.30,886.01,1.37
1771,554712599,"01771M12:36:44.700","01771 12:24:38",240.61,863.49,,,,"     ",5.30,900.16,1.39
1771,554712600,"01771M12:36:45.674","01771 12:24:39",240.65,863.53,,,,"     ",5.30,890.36,1.37
1771,554712601,"01771M12:36:46.647","01771 12:24:40",240.69,863.49,,,,"     ",5.30,889.35,1.37
1771,554712602,"01771M12:36:47.620","01771 12:24:41",240.75,863.48,,,,"     ",5.30,894.65,1.38
1771,554712603,"01771M12:36:48.593","01771 12:24:42",240.82,863.50,,,,"     ",5.30,894.14,1.38
1771,554712604,"01771M12:36:49.567","01771 12:24:43",240.89,863.56,,,,"     ",5.30,890.23,1.37
1771,554712605,"01771M12:36:50.540","01771 12:24:44",240.97,863.51,,,,"     ",5.30,898.10,1.38
1771,554712606,"01771M12:36:51.513","01771 12:24:45",241.05,863.45,,,,"     ",5.30,899.80,1.39
1771,554712607,"01771M12:36:52.486","01771 12:24:46",241.13,863.52,,,,"     ",5.30,899.99,1.39
1771,554712608,"01771M12:36:53.460","01771 12:24:47",241.21,863.55,,,,"     ",5.30,882.84,1.36
1771,554712609,"01771M12:36:54.433","01771 12:24:48",241.27,863.49,,,,"     ",5.30,898.48,1.38
1771,554712610,"01771M12:36:55.406","01771 12:24:49",241.32,863.53,,,,"     ",5.30,902.55,1.39
1771,554712611,"01771M12:36:56.379","01771 12:24:50",241.35,863.60,,,,"     ",5.30,899.19,1.39
1771,554712612,"01771M12:36:57.353","01771 12:24:50",241.37,863.50,,,,"     ",5.30,898.63,1.38
1771,554712613,"01771M12:36:58.326","01771 12:24:51",241.38,863.50,,,,"     ",5.30,898.04,1.38
1771,554712614,"01771M12:36:59.299","01771 12:24:52",241.37,863.50,,,,"     ",5.30,893.58,1.38
1771,554712615,"01771M12:37:00.272","01771 12:24:53",241.35,863.50,,,,"     ",5.30,896.14,1.38
1771,554712616,"01771M12:37:01.246","01771 12:24:54",241.33,863.53,,,,"     ",5.30,891.53,1.37
1771,554712617,"01771M12:37:02.219","01771 12:24:55",241.32,863.51,,,,"     ",5.30,891.10,1.37
1771,554712618,"01771M12:37:03.192","01771 12:24:56",241.30,863.44,,,,"     ",5.30,893.40,1.38
1771,554712619,"01771M12:37:04.165","01771 12:24:57",241.29,863.45,,,,"     ",5.30,904.24,1.39
1771,554712620,"01771M12:37:05.139","01771 12:24:58",241.27,863.62,,,,"     ",5.30,888.78,1.37
1771,554712621,"01771M12:37:06.112","01771 12:24:59",241.26,863.53,,,,"     ",5.30,885.95,1.36
1771,554712622,"01771M12:37:07.085","01771 12:25:00",241.25,863.46,,,,"     ",5.30,897.17,1.38
1771,554712623,"01771M12:37:08.058","01771 12:25:01",241.25,863.47,,,,"     ",5.30,902.95,1.39
1771,554712624,"01771M12:37:09.032","01771 12:25:02",241.25,863.45,,,,"     ",5.30,892.83,1.37
1771,554712625,"01771M12:37:10.005","01771 12:25:03",241.26,863.53,,,,"     ",5.30,891.77,1.37
1771,554712626,"01771M12:37:10.978","01771 12:25:04",241.28,863.60,,,,"     ",5.30,899.33,1.38
1771,554712627,"01771M12:37:11.951","01771 12:25:05",241.29,863.59,,,,"     ",5.30,892.85,1.37
1771,554712628,"01771M12:37:12.925","01771 12:25:06",241.31,863.57,,,,"     ",5.30,902.65,1.39
1771,554712629,"01771M12:37:13.898","01771 12:25:07",241.33,863.59,,,,"     ",5.30,890.05,1.37
1771,554712630,"01771M12:37:14.871","01771 12:25:08",241.35,863.62,,,,"     ",5.30,902.33,1.39
1771,554712631,"01771M12:37:15.844","01771 12:25:09",241.40,863.58,,,,"     ",5.30,898.89,1.38
1771,554712632,"01771M12:37:16.818","01771 12:25:10",241.46,863.52,,,,"     ",5.30,892.56,1.37
1771,554712633,"01771M12:37:17.791","01771 12:25:11",241.54,863.46,,,,"     ",5.30,910.04,1.40
1771,554712634,"01771M12:37:18.764","01771 12:25:12",241.64,863.48,,,,"     ",5.30,893.22,1.37
1771,554712635,"01771M12:37:19.737","01771 12:25:13",241.74,863.55,,,,"     ",5.30,900.66,1.38
1771,554712636,"01771M12:37:20.711","01771 12:25:14",241.85,863.53,,,,"     ",5.30,898.05,1.38
1771,554712637,"01771M12:37:21.684","01771 12:25:15",241.96,863.57,,,,"     ",5.30,895.30,1.37
1771,554712638,"01771M12:37:22.657","01771 12:25:16",242.06,863.59,,,,"     ",5.30,890.00,1.37
1771,554712639,"01771M12:37:23.630","01771 12:25:17",242.15,863.64,,,,"     ",5.30,894.89,1.37
1771,554712640,"01771M12:37:24.604","01771 12:25:18",242.23,863.63,,,,"     ",5.30,898.69,1.38
1771,554712641,"01771M12:37:25.577","01771 12:25:19",242.30,863.65,,,,"     ",5.30,901.97,1.38
1771,554712642,"01771M12:37:26.550","01771 12:25:20",242.36,863.50,,,,"     ",5.30,888.17,1.36
1771,554712643,"01771M12:37:27.523","01771 12:25:21",242.41,863.54,,,,"     ",5.30,887.50,1.36
1771,554712644,"01771M12:37:28.497","01771 12:25:22",242.43,863.57,,,,"     ",5.30,892.35,1.37
1771,554712645,"01771M12:37:29.470","01771 12:25:23",242.45,863.46,,,,"     ",5.30,897.45,1.38
1771,554712646,"01771M12:37:30.443","01771 12:25:24",242.47,863.47,,,,"     ",5.30,894.23,1.37
1771,554712647,"01771M12:37:31.417","01771 12:25:25",242.48,863.47,,,,"     ",5.30,902.66,1.38
1771,554712648,"01771M12:37:32.390","01771 12:25:26",242.50,863.56,,,,"     ",5.30,911.82,1.40
1771,554712649,"01771M12:37:33.363","01771 12:25:27",242.54,863.44,,,,"     ",5.30,903.88,1.38
1771,554712650,"01771M12:37:34.336","01771 12:25:27",242.58,863.48,,,,"     ",5.30,902.01,1.38
1771,554712651,"01771M12:37:35.310","01771 12:25:28",242.63,863.44,,,,"     ",5.30,895.55,1.37
1771,554712652,"01771M12:37:36.283","01771 12:25:29",242.68,863.49,,,,"     ",5.30,899.29,1.37
1771,554712653,"01771M12:37:37.256","01771 12:25:30",242.71,863.53,,,,"     ",5.30,912.98,1.40
1771,554712654,"01771M12:37:38.229","01771 12:25:31",242.74,863.46,,,,"     ",5.30,897.67,1.37
1771,554712655,"01771M12:37:39.203","01771 12:25:32",242.74,863.58,,,,"     ",5.30,896.98,1.37
1771,554712656,"01771M12:37:40.176","01771 12:25:33",242.72,863.40,,,,"     ",5.30,893.20,1.36
1771,554712657,"01771M12:37:41.149","01771 12:25:34",242.69,863.49,,,,"     ",5.30,897.11,1.37
1771,554712658,"01771M12:37:42.122","01771 12:25:35",242.64,863.57,,,,"     ",5.30,895.31,1.37
1771,554712659,"01771M12:37:43.096","01771 12:25:36",242.59,863.43,,,,"     ",5.30,909.22,1.39
1771,554712660,"01771M12:37:44.069","01771 12:25:37",242.54,863.49,,,,"     ",5.30,897.00,1.37
1771,554712661,"01771M12:37:45.042","01771 12:25:38",242.49,863.41,,,,"     ",5.30,895.53,1.37
1771,554712662,"01771M12:37:46.015","01771 12:25:39",242.44,863.50,,,,"     ",5.30,900.20,1.37
1771,554712663,"01771M12:37:46.989","01771 12:25:40",242.40,863.53,,,,"     ",5.30,896.56,1.37
1771,554712664,"01771M12:37:47.962","01771 12:25:41",242.36,863.54,,,,"     ",5.30,899.60,1.37
1771,554712665,"01771M12:37:48.935","01771 12:25:42",242.33,863.62,,,,"     ",5.30,898.72,1.37
1771,554712666,"01771M12:37:49.908","01771 12:25:43",242.30,863.68,,,,"     ",5.30,894.35,1.36
1771,554712667,"01771M12:37:50.882","01771 12:25:44",242.27,863.64,,,,"     ",5.30,906.26,1.38
1771,554712668,"01771M12:37:51.855","01771 12:25:45",242.21,863.65,,,,"     ",5.30,895.70,1.37
1771,554712669,"01771M12:37:52.828","01771 12:25:46",242.15,863.64,,,,"     ",5.30,899.46,1.37
1771,554712670,"01771M12:37:53.801","01771 12:25:47",242.07,863.55,,,,"     ",5.30,903.56,1.38
1771,554712671,"01771M12:37:54.775","01771 12:25:48",241.97,863.51,,,,"     ",5.30,898.96,1.37
1771,554712672,"01771M12:37:55.748","01771 12:25:49",243.64,863.52,,,,"     ",5.30,889.19,1.35
1771,554712673,"01771M12:37:56.721","01771 12:25:50",243.57,863.54,,,,"     ",5.30,901.08,1.37
1771,554712674,"01771M12:37:57.694","01771 12:25:51",243.51,863.49,,,,"     ",5.30,905.35,1.38
1771,554712675,"01771M12:37:58.668","01771 12:25:52",243.46,863.56,,,,"     ",5.30,892.81,1.36
1771,554712676,"01771M12:37:59.641","01771 12:25:53",243.42,863.59,,,,"     ",5.30,902.73,1.38
1771,554712677,"01771M12:38:00.614","01771 12:25:54",243.39,863.60,,,,"     ",5.30,898.61,1.37
1771,554712678,"01771M12:38:01.587","01771 12:25:55",243.38,863.53,,,,"     ",5.30,901.17,1.37
1771,554712679,"01771M12:38:02.561","01771 12:25:56",243.37,863.63,,,,"     ",5.30,901.72,1.37
1771,554712680,"01771M12:38:03.534","01771 12:25:57",243.37,863.66,,,,"     ",5.30,906.70,1.38
1771,554712681,"01771M12:38:04.507","01771 12:25:58",243.37,863.62,,,,"     ",5.30,901.45,1.37
1771,554712682,"01771M12:38:05.480","01771 12:25:59",243.37,863.55,,,,"     ",5.30,892.01,1.36
1771,554712683,"01771M12:38:06.454","01771 12:26:00",243.37,863.57,,,,"     ",5.30,891.93,1.36
1771,554712684,"01771M12:38:07.427","01771 12:26:01",243.35,863.59,,,,"     ",5.30,907.43,1.38
1771,554712685,"01771M12:38:08.400","01771 12:26:02",243.32,863.61,,,,"     ",5.30,898.79,1.37
1771,554712686,"01771M12:38:09.373","01771 12:26:03",243.28,863.61,,,,"     ",5.30,899.88,1.37
1771,554712687,"01771M12:38:10.347","01771 12:26:03",243.22,863.58,,,,"     ",5.30,899.28,1.37
1771,554712688,"01771M12:38:11.320","01771 12:26:04",243.16,863.58,,,,"     ",5.30,902.44,1.37
1771,554712689,"01771M12:38:12.293","01771 12:26:05",243.09,863.60,,,,"     ",5.30,898.53,1.37
1771,554712690,"01771M12:38:13.266","01771 12:26:06",243.02,863.58,,,,"     ",5.30,897.79,1.37
1771,554712691,"01771M12:38:14.240","01771 12:26:07",242.96,863.54,,,,"     ",5.30,903.28,1.37
1771,554712692,"01771M12:38:15.213","01771 12:26:08",242.92,863.51,,,,"     ",5.30,897.16,1.37
1771,554712693,"01771M12:38:16.186","01771 12:26:09",242.89,863.52,,,,"     ",5.30,902.69,1.37
1771,554712694,"01771M12:38:17.159","01771 12:26:10",242.87,863.60,,,,"     ",5.30,903.21,1.37
1771,554712695,"01771M12:38:18.133","01771 12:26:11",242.86,863.54,,,,"     ",5.30,905.36,1.38
1771,554712696,"01771M12:38:19.106","01771 12:26:12",242.87,863.60,,,,"     ",5.30,900.35,1.37
1771,554712697,"01771M12:38:20.079","01771 12:26:13",242.89,863.52,,,,"     ",5.30,887.71,1.35
1771,554712698,"01771M12:38:21.052","01771 12:26:14",242.92,863.58,,,,"     ",5.30,893.01,1.36
1771,554712699,"01771M12:38:22.026","01771 12:26:15",242.96,863.57,,,,"     ",5.30,898.16,1.37
1771,554712700,"01771M12:38:22.999","01771 12:26:16",243.02,863.51,,,,"     ",5.30,907.32,1.38
1771,554712701,"01771M12:38:23.972","01771 12:26:17",243.08,863.54,,,,"     ",5.30,899.32,1.37
1771,554712702,"01771M12:38:24.945","01771 12:26:18",243.14,863.49,,,,"     ",5.30,902.69,1.37
1771,554712703,"01771M12:38:25.919","01771 12:26:19",243.20,863.59,,,,"     ",5.30,905.94,1.38
1771,554712704,"01771M12:38:26.892","01771 12:26:20",243.27,863.57,,,,"     ",5.30,909.05,1.38
1771,554712705,"01771M12:38:27.865","01771 12:26:21",243.32,863.58,,,,"     ",5.30,896.72,1.36
1771,554712706,"01771M12:38:28.838","01771 12:26:22",243.38,863.55,,,,"     ",5.30,898.74,1.37
1771,554712707,"01771M12:38:29.812","01771 12:26:23",243.43,863.56,,,,"     ",5.30,909.92,1.38
1771,554712708,"01771M12:38:30.785","01771 12:26:24",243.47,863.53,,,,"     ",5.30,905.61,1.38
1771,554712709,"01771M12:38:31.758","01771 12:26:25",243.50,863.53,,,,"     ",5.30,900.58,1.37
1771,554712710,"01771M12:38:32.731","01771 12:26:26",243.54,863.41,,,,"     ",5.30,902.37,1.37
1771,554712711,"01771M12:38:33.705","01771 12:26:27",243.57,863.42,,,,"     ",5.30,902.20,1.37
1771,554712712,"01771M12:38:34.678","01771 12:26:28",243.61,863.38,,,,"     ",5.30,899.81,1.37
1771,554712713,"01771M12:38:35.651","01771 12:26:29",243.65,863.35,,,,"     ",5.30,905.03,1.37
1771,554712714,"01771M12:38:36.624","01771 12:26:30",243.68,863.27,,,,"     ",5.30,901.42,1.37
1771,554712715,"01771M12:38:37.598","01771 12:26:31",243.70,863.36,,,,"     ",5.30,893.63,1.36
1771,554712716,"01771M12:38:38.571","01771 12:26:32",243.71,863.37,,,,"     ",5.30,903.34,1.37
1771,554712717,"01771M12:38:39.544","01771 12:26:33",243.71,863.38,,,,"     ",5.30,903.83,1.37
1771,554712718,"01771M12:38:40.518","01771 12:26:34",243.70,863.43,,,,"     ",5.30,900.41,1.37
1771,554712719,"01771M12:38:41.491","01771 12:26:35",243.70,863.44,,,,"     ",5.30,907.29,1.38
1771,554712720,"01771M12:38:42.464","01771 12:26:36",243.69,863.39,,,,"     ",5.30,892.26,1.35
1771,554712721,"01771M12:38:43.437","01771 12:26:37",243.68,863.32,,,,"     ",5.30,900.09,1.36
1771,554712722,"01771M12:38:44.411","01771 12:26:38",243.67,863.35,,,,"     ",5.30,907.69,1.38
1771,554712723,"01771M12:38:45.384","01771 12:26:39",243.67,863.34,,,,"     ",5.30,901.80,1.37
1771,554712724,"01771M12:38:46.357","01771 12:26:40",243.68,863.33,,,,"     ",5.30,907.08,1.37
1771,554712725,"01771M12:38:47.330","01771 12:26:40",243.69,863.30,,,,"     ",5.30,892.10,1.35
1771,554712726,"01771M12:38:48.304","01771 12:26:41",243.72,863.26,,,,"     ",5.30,906.38,1.37
1771,554712727,"01771M12:38:49.277","01771 12:26:42",243.77,863.36,,,,"     ",5.30,912.54,1.38
1771,554712728,"01771M12:38:50.250","01771 12:26:43",243.83,863.35,,,,"     ",5.30,897.08,1.36
1771,554712729,"01771M12:38:51.223","01771 12:26:44",243.90,863.33,,,,"     ",5.30,914.65,1.39
1771,554712730,"01771M12:38:52.197","01771 12:26:45",243.99,863.41,,,,"     ",5.30,904.09,1.37
1771,554712731,"01771M12:38:53.170","01771 12:26:46",244.08,863.43,,,,"     ",5.30,899.47,1.36
1771,554712732,"01771M12:38:54.143","01771 12:26:47",244.16,863.41,,,,"     ",5.30,891.63,1.35
1771,554712733,"01771M12:38:55.116","01771 12:26:48",244.24,863.46,,,,"     ",5.30,905.80,1.37
1771,554712734,"01771M12:38:56.090","01771 12:26:49",244.30,863.43,,,,"     ",5.30,916.61,1.39
1771,554712735,"01771M12:38:57.063","01771 12:26:50",244.35,863.43,,,,"     ",5.30,910.24,1.38
1771,554712736,"01771M12:38:58.036","01771 12:26:51",244.39,863.40,,,,"     ",5.30,898.54,1.36
1771,554712737,"01771M12:38:59.009","01771 12:26:52",244.42,863.35,,,,"     ",5.30,907.75,1.37
1771,554712738,"01771M12:38:59.983","01771 12:26:53",244.44,863.28,,,,"     ",5.30,902.24,1.36
1771,554712739,"01771M12:39:00.956","01771 12:26:54",244.47,863.40,,,,"     ",5.30,900.63,1.36
1771,554712740,"01771M12:39:01.929","01771 12:26:55",244.49,863.38,,,,"     ",5.30,896.44,1.35
1771,554712741,"01771M12:39:02.902","01771 12:26:56",244.51,863.35,,,,"     ",5.30,912.10,1.38
1771,554712742,"01771M12:39:03.876","01771 12:26:57",244.53,863.38,,,,"     ",5.30,898.58,1.35
1771,554712743,"01771M12:39:04.849","01771 12:26:58",244.56,863.43,,,,"     ",5.30,905.61,1.36
1771,554712744,"01771M12:39:05.822","01771 12:26:59",244.60,863.42,,,,"     ",5.30,910.84,1.37
1771,554712745,"01771M12:39:06.795","01771 12:27:00",244.64,863.40,,,,"     ",5.30,911.43,1.37
1771,554712746,"01771M12:39:07.769","01771 12:27:01",244.69,863.38,,,,"     ",5.30,904.22,1.36
1771,554712747,"01771M12:39:08.742","01771 12:27:02",244.75,863.35,,,,"     ",5.30,909.24,1.37
1771,554712748,"01771M12:39:09.715","01771 12:27:03",244.82,863.25,,,,"     ",5.30,903.71,1.36
1771,554712749,"01771M12:39:10.688","01771 12:27:04",244.88,863.31,,,,"     ",5.30,910.39,1.37
1771,554712750,"01771M12:39:11.662","01771 12:27:05",244.95,863.31,,,,"     ",5.30,903.88,1.36
1771,554712751,"01771M12:39:12.635","01771 12:27:06",245.02,863.32,,,,"     ",5.30,909.94,1.37
1771,554712752,"01771M12:39:13.608","01771 12:27:07",245.09,863.25,,,,"     ",5.30,908.44,1.37
1771,554712753,"01771M12:39:14.581","01771 12:27:08",245.16,863.29,,,,"     ",5.30,909.16,1.37
1771,554712754,"01771M12:39:15.555","01771 12:27:09",245.23,863.28,,,,"     ",5.30,908.24,1.36
1771,554712755,"01771M12:39:16.528","01771 12:27:10",245.30,863.26,,,,"     ",5.30,907.30,1.36
1771,554712756,"01771M12:39:17.501","01771 12:27:11",245.37,863.22,,,,"     ",5.30,912.59,1.37
1771,554712757,"01771M12:39:18.474","01771 12:27:12",245.44,863.30,,,,"     ",5.30,902.89,1.35
1771,554712758,"01771M12:39:19.448","01771 12:27:13",245.51,863.28,,,,"     ",5.30,906.20,1.36
1771,554712759,"01771M12:39:20.421","01771 12:27:14",245.58,863.27,,,,"     ",5.30,906.71,1.36
1771,554712760,"01771M12:39:21.394","01771 12:27:15",245.65,863.30,,,,"     ",5.30,917.01,1.37
1771,554712761,"01771M12:39:22.367","01771 12:27:16",245.72,863.29,,,,"     ",5.30,919.64,1.38
1771,554712762,"01771M12:39:23.341","01771 12:27:17",245.78,863.32,,,,"     ",5.30,917.87,1.37
1771,554712763,"01771M12:39:24.314","01771 12:27:17",245.85,863.36,,,,"     ",5.30,903.57,1.35
1771,554712764,"01771M12:39:25.287","01771 12:27:18",245.91,863.26,,,,"     ",5.30,908.36,1.36
1771,554712765,"01771M12:39:26.260","01771 12:27:19",245.96,863.25,,,,"     ",5.30,907.19,1.36
1771,554712766,"01771M12:39:27.234","01771 12:27:20",245.99,863.24,,,,"     ",5.30,912.22,1.36
1771,554712767,"01771M12:39:28.207","01771 12:27:21",245.99,863.29,,,,"     ",5.30,907.13,1.36
1771,554712768,"01771M12:39:29.180","01771 12:27:22",245.94,863.25,,,,"     ",5.30,915.71,1.37
1771,554712769,"01771M12:39:30.153","01771 12:27:23",245.89,863.27,,,,"     ",5.30,914.88,1.37
1771,554712770,"01771M12:39:31.127","01771 12:27:24",245.85,863.35,,,,"     ",5.30,912.83,1.36
1771,554712771,"01771M12:39:32.100","01771 12:27:25",245.80,863.23,,,,"     ",5.30,926.64,1.38
1771,554712772,"01771M12:39:33.073","01771 12:27:26",245.77,863.37,,,,"     ",5.30,912.51,1.36
1771,554712773,"01771M12:39:34.046","01771 12:27:27",245.74,863.37,,,,"     ",5.30,914.91,1.36
1771,554712774,"01771M12:39:35.020","01771 12:27:28",245.71,863.36,,,,"     ",5.30,933.31,1.39
1771,554712775,"01771M12:39:35.993","01771 12:27:29",245.69,863.32,,,,"     ",5.30,915.34,1.36
1771,554712776,"01771M12:39:36.966","01771 12:27:30",245.68,863.35,,,,"     ",5.30,909.13,1.35
1771,554712777,"01771M12:39:37.939","01771 12:27:31",245.68,863.30,,,,"     ",5.30,916.79,1.36
1771,554712778,"01771M12:39:38.913","01771 12:27:32",245.69,863.34,,,,"     ",5.30,922.64,1.37
1771,554712779,"01771M12:39:39.886","01771 12:27:33",245.71,863.38,,,,"     ",5.30,914.95,1.36
1771,554712780,"01771M12:39:40.859","01771 12:27:34",245.73,863.35,,,,"     ",5.30,920.49,1.37
1771,554712781,"01771M12:39:41.832","01771 12:27:35",245.76,863.42,,,,"     ",5.30,913.15,1.36
1771,554712782,"01771M12:39:42.806","01771 12:27:36",245.80,863.39,,,,"     ",5.30,907.35,1.35
1771,554712783,"01771M12:39:43.779","01771 12:27:37",245.80,863.36,,,,"     ",5.30,914.70,1.36
1771,554712784,"01771M12:39:44.752","01771 12:27:38",245.76,863.38,,,,"     ",5.30,919.99,1.37
1771,554712785,"01771M12:39:45.725","01771 12:27:39",245.70,863.44,,,,"     ",5.30,909.97,1.35
1771,554712786,"01771M12:39:46.699","01771 12:27:40",245.63,863.38,,,,"     ",5.30,919.55,1.37
1771,554712787,"01771M12:39:47.672","01771 12:27:41",245.56,863.30,,,,"     ",5.30,904.54,1.34
1771,554712788,"01771M12:39:48.645","01771 12:27:42",245.49,863.25,,,,"     ",5.30,911.74,1.35
1771,554712789,"01771M12:39:49.618","01771 12:27:43",245.43,863.25,,,,"     ",5.30,912.66,1.35
1771,554712790,"01771M12:39:50.592","01771 12:27:44",245.38,863.31,,,,"     ",5.30,908.89,1.35
1771,554712791,"01771M12:39:51.565","01771 12:27:45",245.34,863.35,,,,"     ",5.30,926.80,1.38
1771,554712792,"01771M12:39:52.538","01771 12:27:46",245.32,863.32,,,,"     ",5.30,908.91,1.35
1771,554712793,"01771M12:39:53.512","01771 12:27:47",245.33,863.35,,,,"     ",5.30,924.53,1.37
1771,554712794,"01771M12:39:54.485","01771 12:27:48",245.35,863.29,,,,"     ",5.30,910.87,1.35
1771,554712795,"01771M12:39:55.458","01771 12:27:49",245.40,863.38,,,,"     ",5.30,908.47,1.35
1771,554712796,"01771M12:39:56.431","01771 12:27:50",245.45,863.44,,,,"     ",5.30,919.82,1.36
1771,554712797,"01771M12:39:57.405","01771 12:27:51",245.52,863.50,,,,"     ",5.30,905.44,1.34
1771,554712798,"01771M12:39:58.378","01771 12:27:52",245.58,863.55,,,,"     ",5.30,926.28,1.37
1771,554712799,"01771M12:39:59.351","01771 12:27:53",245.64,863.39,,,,"     ",5.30,920.00,1.36
1771,554712800,"01771M12:40:00.324","01771 12:27:54",245.69,863.39,,,,"     ",5.30,920.14,1.36
1771,554712801,"01771M12:40:01.298","01771 12:27:54",245.73,863.44,,,,"     ",5.30,913.68,1.35
1771,554712802,"01771M12:40:02.271","01771 12:27:55",245.77,863.36,,,,"     ",5.30,922.18,1.36
1771,554712803,"01771M12:40:03.244","01771 12:27:56",245.81,863.41,,,,"     ",5.30,927.46,1.37
1771,554712804,"01771M12:40:04.217","01771 12:27:57",245.85,863.33,,,,"     ",5.30,916.99,1.36
1771,554712805,"01771M12:40:05.191","01771 12:27:58",245.88,863.38,,,,"     ",5.30,919.25,1.36
1771,554712806,"01771M12:40:06.164","01771 12:27:59",245.91,863.38,,,,"     ",5.30,916.90,1.35
1771,554712807,"01771M12:40:07.137","01771 12:28:00",245.94,863.33,,,,"     ",5.30,912.56,1.35
1771,554712808,"01771M12:40:08.110","01771 12:28:01",245.97,863.36,,,,"     ",5.30,925.78,1.37
1771,554712809,"01771M12:40:09.084","01771 12:28:02",246.00,863.36,,,,"     ",5.30,925.18,1.36
1771,554712810,"01771M12:40:10.057","01771 12:28:03",245.99,863.37,,,,"     ",5.30,912.19,1.34
1771,554712811,"01771M12:40:11.030","01771 12:28:04",245.98,863.30,,,,"     ",5.30,918.74,1.35
1771,554712812,"01771M12:40:12.003","01771 12:28:05",245.99,863.23,,,,"     ",5.30,929.57,1.37
1771,554712813,"01771M12:40:12.977","01771 12:28:06",246.00,863.27,,,,"     ",5.30,918.12,1.35
1771,554712814,"01771M12:40:13.950","01771 12:28:07",246.01,863.30,,,,"     ",5.30,918.02,1.35
1771,554712815,"01771M12:40:14.923","01771 12:28:08",246.03,863.28,,,,"     ",5.30,919.06,1.35
1771,554712816,"01771M12:40:15.896","01771 12:28:09",246.05,863.32,,,,"     ",5.30,917.73,1.35
1771,554712817,"01771M12:40:16.870","01771 12:28:10",246.07,863.35,,,,"     ",5.30,926.67,1.36
1771,554712818,"01771M12:40:17.843","01771 12:28:11",246.08,863.38,,,,"     ",5.30,913.74,1.34
1771,554712819,"01771M12:40:18.816","01771 12:28:12",246.08,863.34,,,,"     ",5.30,921.41,1.35
1771,554712820,"01771M12:40:19.789","01771 12:28:13",246.06,863.29,,,,"     ",5.30,920.71,1.35
1771,554712821,"01771M12:40:20.763","01771 12:28:14",246.03,863.37,,,,"     ",5.30,928.70,1.36
1771,554712822,"01771M12:40:21.736","01771 12:28:15",245.98,863.25,,,,"     ",5.30,925.34,1.36
1771,554712823,"01771M12:40:22.709","01771 12:28:16",245.91,863.28,,,,"     ",5.30,925.10,1.36
1771,554712824,"01771M12:40:23.682","01771 12:28:17",245.83,863.34,,,,"     ",5.30,925.34,1.36
1771,554712825,"01771M12:40:24.656","01771 12:28:18",245.73,863.27,,,,"     ",5.30,918.43,1.35
1771,554712826,"01771M12:40:25.629","01771 12:28:19",245.61,863.24,,,,"     ",5.30,922.81,1.35
1771,554712827,"01771M12:40:26.602","01771 12:28:20",245.47,863.21,,,,"     ",5.30,930.68,1.37
1771,554712828,"01771M12:40:27.575","01771 12:28:21",245.32,863.20,,,,"     ",5.30,921.48,1.35
1771,554712829,"01771M12:40:28.549","01771 12:28:22",245.15,863.17,,,,"     ",5.30,925.35,1.36
1771,554712830,"01771M12:40:29.522","01771 12:28:23",244.99,863.28,,,,"     ",5.30,923.10,1.35
1771,554712831,"01771M12:40:30.495","01771 12:28:24",244.84,863.21,,,,"     ",5.30,923.48,1.35
1771,554712832,"01771M12:40:31.468","01771 12:28:25",244.69,863.18,,,,"     ",5.30,917.79,1.35
1771,554712833,"01771M12:40:32.442","01771 12:28:26",244.54,863.10,,,,"     ",5.30,921.62,1.35
1771,554712834,"01771M12:40:33.415","01771 12:28:27",244.40,863.20,,,,"     ",5.30,914.17,1.34
1771,554712835,"01771M12:40:34.388","01771 12:28:28",244.25,863.13,,,,"     ",5.30,933.48,1.37
1771,554712836,"01771M12:40:35.361","01771 12:28:29",244.09,863.12,,,,"     ",5.30,921.33,1.35
1771,554712837,"01771M12:40:36.335","01771 12:28:30",243.94,863.21,,,,"     ",5.30,924.69,1.36
1771,554712838,"01771M12:40:37.308","01771 12:28:30",243.78,863.31,,,,"     ",5.30,927.26,1.36
1771,554712839,"01771M12:40:38.281","01771 12:28:31",243.62,863.26,,,,"     ",5.30,935.05,1.37
1771,554712840,"01771M12:40:39.254","01771 12:28:32",243.46,863.19,,,,"     ",5.30,923.62,1.36
1771,554712841,"01771M12:40:40.228","01771 12:28:33",243.30,863.15,,,,"     ",5.30,928.90,1.36
1771,554712842,"01771M12:40:41.201","01771 12:28:34",243.13,863.19,,,,"     ",5.30,917.05,1.35
1771,554712843,"01771M12:40:42.174","01771 12:28:35",242.97,863.12,,,,"     ",5.30,932.56,1.37
1771,554712844,"01771M12:40:43.147","01771 12:28:36",242.80,863.15,,,,"     ",5.30,917.00,1.35
1771,554712845,"01771M12:40:44.121","01771 12:28:37",242.63,863.12,,,,"     ",5.30,919.73,1.35
1771,554712846,"01771M12:40:45.094","01771 12:28:38",242.47,863.08,,,,"     ",5.30,925.15,1.36
1771,554712847,"01771M12:40:46.067","01771 12:28:39",242.30,863.18,,,,"     ",5.30,919.88,1.35
1771,554712848,"01771M12:40:47.040","01771 12:28:40",242.13,863.24,,,,"     ",5.30,932.43,1.37
1771,554712849,"01771M12:40:48.014","01771 12:28:41",242.15,863.21,,,,"     ",5.30,934.00,1.38
1771,554712850,"01771M12:40:48.987","01771 12:28:42",242.25,863.19,,,,"     ",5.30,918.35,1.35
1771,554712851,"01771M12:40:49.960","01771 12:28:43",242.34,863.19,,,,"     ",5.30,924.49,1.36
1771,554712852,"01771M12:40:50.933","01771 12:28:44",242.42,863.25,,,,"     ",5.30,915.63,1.35
1771,554712853,"01771M12:40:51.907","01771 12:28:45",242.51,863.28,,,,"     ",5.30,922.82,1.36
1771,554712854,"01771M12:40:52.880","01771 12:28:46",242.59,863.25,,,,"     ",5.30,922.56,1.36
1771,554712855,"01771M12:40:53.853","01771 12:28:47",242.67,863.27,,,,"     ",5.30,923.12,1.36
1771,554712856,"01771M12:40:54.826","01771 12:28:48",242.74,863.20,,,,"     ",5.30,916.37,1.35
1771,554712857,"01771M12:40:55.800","01771 12:28:49",242.81,863.15,,,,"     ",5.30,916.46,1.35
1771,554712858,"01771M12:40:56.773","01771 12:28:50",242.87,863.16,,,,"     ",5.30,919.49,1.36
1771,554712859,"01771M12:40:57.746","01771 12:28:51",242.93,863.13,,,,"     ",5.30,935.33,1.38
1771,554712860,"01771M12:40:58.719","01771 12:28:52",242.98,863.20,,,,"     ",5.30,913.49,1.35
1771,554712861,"01771M12:40:59.693","01771 12:28:53",243.03,863.21,,,,"     ",5.30,918.93,1.36
1771,554712862,"01771M12:41:00.666","01771 12:28:54",240.88,863.12,,,,"     ",5.30,929.17,1.37
1771,554712863,"01771M12:41:01.639","01771 12:28:55",240.77,863.16,,,,"     ",5.30,923.44,1.36
1771,554712864,"01771M12:41:02.613","01771 12:28:56",240.63,863.23,,,,"     ",5.30,927.35,1.37
1771,554712865,"01771M12:41:03.586","01771 12:28:57",240.47,863.23,,,,"     ",5.30,913.07,1.35
1771,554712866,"01771M12:41:04.559","01771 12:28:58",240.31,863.30,,,,"     ",5.30,927.10,1.37
1771,554712867,"01771M12:41:05.532","01771 12:28:59",240.15,863.37,,,,"     ",5.30,929.34,1.37
1771,554712868,"01771M12:41:06.506","01771 12:29:00",240.00,863.35,,,,"     ",5.30,920.41,1.36
1771,554712869,"01771M12:41:07.479","01771 12:29:01",239.87,863.32,,,,"     ",5.30,923.27,1.37
1771,554712870,"01771M12:41:08.452","01771 12:29:02",239.76,863.33,,,,"     ",5.30,923.22,1.36
1771,554712871,"01771M12:41:09.425","01771 12:29:03",239.66,863.25,,,,"     ",5.30,926.37,1.37
1771,554712872,"01771M12:41:10.399","01771 12:29:04",239.57,863.30,,,,"     ",5.30,919.17,1.36
1771,554712873,"01771M12:41:11.372","01771 12:29:05",239.48,863.26,,,,"     ",5.30,924.45,1.37
1771,554712874,"01771M12:41:12.345","01771 12:29:06",239.39,863.27,,,,"     ",5.30,914.61,1.35
1771,554712875,"01771M12:41:13.318","01771 12:29:07",239.28,863.30,,,,"     ",5.30,931.12,1.38
1771,554712876,"01771M12:41:14.292","01771 12:29:07",239.18,863.32,,,,"     ",5.30,926.64,1.37
1771,554712877,"01771M12:41:15.265","01771 12:29:08",239.07,863.28,,,,"     ",5.30,925.04,1.37
1771,554712878,"01771M12:41:16.238","01771 12:29:09",238.95,863.30,,,,"     ",5.30,918.60,1.36
1771,554712879,"01771M12:41:17.211","01771 12:29:10",238.83,863.22,,,,"     ",5.30,910.01,1.35
1771,554712880,"01771M12:41:18.185","01771 12:29:11",238.71,863.27,,,,"     ",5.30,912.51,1.35
1771,554712881,"01771M12:41:19.158","01771 12:29:12",238.59,863.27,,,,"     ",5.30,926.53,1.37
1771,554712882,"01771M12:41:20.131","01771 12:29:13",238.48,863.26,,,,"     ",5.30,916.60,1.36
1771,554712883,"01771M12:41:21.104","01771 12:29:14",238.38,863.27,,,,"     ",5.30,912.11,1.35
1771,554712884,"01771M12:41:22.078","01771 12:29:15",238.29,863.21,,,,"     ",5.30,917.98,1.36
1771,554712885,"01771M12:41:23.051","01771 12:29:16",238.20,863.19,,,,"     ",5.30,917.09,1.36
1771,554712886,"01771M12:41:24.024","01771 12:29:17",238.13,863.22,,,,"     ",5.30,916.00,1.36
1771,554712887,"01771M12:41:24.997","01771 12:29:18",238.09,863.17,,,,"     ",5.30,921.42,1.36
1771,554712888,"01771M12:41:25.971","01771 12:29:19",238.07,863.19,,,,"     ",5.30,915.05,1.35
1771,554712889,"01771M12:41:26.944","01771 12:29:20",238.09,863.20,,,,"     ",5.30,929.32,1.37
1771,554712890,"01771M12:41:27.917","01771 12:29:21",238.13,863.22,,,,"     ",5.30,928.48,1.37
1771,554712891,"01771M12:41:28.890","01771 12:29:22",238.20,863.26,,,,"     ",5.30,917.28,1.36
1771,554712892,"01771M12:41:29.864","01771 12:29:23",238.29,863.24,,,,"     ",5.30,914.11,1.35
1771,554712893,"01771M12:41:30.837","01771 12:29:24",238.38,863.22,,,,"     ",5.30,914.80,1.35
1771,554712894,"01771M12:41:31.810","01771 12:29:25",238.49,863.26,,,,"     ",5.30,925.07,1.37
1771,554712895,"01771M12:41:32.783","01771 12:29:26",238.60,863.22,,,,"     ",5.30,919.29,1.36
1771,554712896,"01771M12:41:33.757","01771 12:29:27",238.71,863.16,,,,"     ",5.30,919.63,1.36
1771,554712897,"01771M12:41:34.730","01771 12:29:28",238.82,863.18,,,,"     ",5.30,920.36,1.36
1771,554712898,"01771M12:41:35.703","01771 12:29:29",238.94,863.12,,,,"     ",5.30,924.17,1.37
1771,554712899,"01771M12:41:36.676","01771 12:29:30",239.05,863.11,,,,"     ",5.30,917.53,1.36
1771,554712900,"01771M12:41:37.650","01771 12:29:31",239.16,863.11,,,,"     ",5.30,912.25,1.35
1771,554712901,"01771M12:41:38.623","01771 12:29:32",239.26,863.14,,,,"     ",5.30,921.55,1.36
1771,554712902,"01771M12:41:39.596","01771 12:29:33",239.34,863.15,,,,"     ",5.30,924.61,1.37
1771,554712903,"01771M12:41:40.569","01771 12:29:34",239.40,863.22,,,,"     ",5.30,925.68,1.37
1771,554712904,"01771M12:41:41.543","01771 12:29:35",239.45,863.20,,,,"     ",5.30,919.85,1.36
1771,554712905,"01771M12:41:42.516","01771 12:29:36",239.49,863.31,,,,"     ",5.30,909.85,1.34
1771,554712906,"01771M12:41:43.489","01771 12:29:37",239.52,863.25,,,,"     ",5.30,918.43,1.36
1771,554712907,"01771M12:41:44.462","01771 12:29:38",239.55,863.28,,,,"     ",5.30,923.92,1.36
1771,554712908,"01771M12:41:45.436","01771 12:29:39",239.59,863.21,,,,"     ",5.30,916.29,1.35
1771,554712909,"01771M12:41:46.409","01771 12:29:40",239.61,863.17,,,,"     ",5.30,918.95,1.35
1771,554712910,"01771M12:41:47.382","01771 12:29:41",239.63,863.15,,,,"     ",5.30,907.60,1.34
1771,554712911,"01771M12:41:48.355","01771 12:29:42",239.63,863.21,,,,"     ",5.30,928.98,1.37
1771,554712912,"01771M12:41:49.329","01771 12:29:43",239.62,863.21,,,,"     ",5.30,925.05,1.36
1771,554712913,"01771M12:41:50.302","01771 12:29:44",239.59,863.21,,,,"     ",5.30,917.74,1.35
1771,554712914,"01771M12:41:51.275","01771 12:29:44",239.56,863.17,,,,"     ",5.30,922.12,1.36
1771,554712915,"01771M12:41:52.248","01771 12:29:45",239.52,863.14,,,,"     ",5.30,929.19,1.37
1771,554712916,"01771M12:41:53.222","01771 12:29:46",239.46,863.26,,,,"     ",5.30,922.47,1.36
1771,554712917,"01771M12:41:54.195","01771 12:29:47",239.40,863.20,,,,"     ",5.30,925.98,1.36
1771,554712918,"01771M12:41:55.168","01771 12:29:48",239.34,863.23,,,,"     ",5.30,936.88,1.38
1771,554712919,"01771M12:41:56.141","01771 12:29:49",239.26,863.25,,,,"     ",5.30,922.19,1.36
1771,554712920,"01771M12:41:57.115","01771 12:29:50",239.18,863.23,,,,"     ",5.30,933.71,1.37
1771,554712921,"01771M12:41:58.088","01771 12:29:51",239.08,863.37,,,,"     ",5.30,925.11,1.36
1771,554712922,"01771M12:41:59.061","01771 12:29:52",238.98,863.25,,,,"     ",5.30,930.27,1.37
1771,554712923,"01771M12:42:00.034","01771 12:29:53",238.87,863.30,,,,"     ",5.30,921.79,1.35
1771,554712924,"01771M12:42:01.008","01771 12:29:54",238.77,863.26,,,,"     ",5.30,923.48,1.36
1771,554712925,"01771M12:42:01.981","01771 12:29:55",238.67,863.19,,,,"     ",5.30,918.99,1.35
1771,554712926,"01771M12:42:02.954","01771 12:29:56",238.56,863.29,,,,"     ",5.30,929.71,1.37
1771,554712927,"01771M12:42:03.927","01771 12:29:57",238.46,863.22,,,,"     ",5.30,927.94,1.36
1771,554712928,"01771M12:42:04.901","01771 12:29:58",238.34,863.12,,,,"     ",5.30,913.39,1.34
1771,554712929,"01771M12:42:05.874","01771 12:29:59",238.23,863.12,,,,"     ",5.30,911.87,1.34
1771,554712930,"01771M12:42:06.847","01771 12:30:00",238.11,863.05,,,,"     ",5.30,920.95,1.35
1771,554712931,"01771M12:42:07.820","01771 12:30:01",237.99,863.05,,,,"     ",5.30,929.55,1.36
1771,554712932,"01771M12:42:08.794","01771 12:30:02",237.86,863.15,,,,"     ",5.30,915.65,1.34
1771,554712933,"01771M12:42:09.767","01771 12:30:03",237.74,863.18,,,,"     ",5.30,937.61,1.37
1771,554712934,"01771M12:42:10.740","01771 12:30:04",237.63,863.25,,,,"     ",5.30,926.73,1.36
1771,554712935,"01771M12:42:11.714","01771 12:30:05",237.52,863.17,,,,"     ",5.30,918.44,1.34
1771,554712936,"01771M12:42:12.687","01771 12:30:06",237.41,863.19,,,,"     ",5.30,932.17,1.37
1771,554712937,"01771M12:42:13.660","01771 12:30:07",237.33,863.14,,,,"     ",5.30,919.67,1.35
1771,554712938,"01771M12:42:14.633","01771 12:30:08",237.25,863.12,,,,"     ",5.30,921.37,1.35
1771,554712939,"01771M12:42:15.607","01771 12:30:09",237.18,863.06,,,,"     ",5.30,922.08,1.35
1771,554712940,"01771M12:42:16.580","01771 12:30:10",237.12,863.14,,,,"     ",5.30,924.95,1.35
1771,554712941,"01771M12:42:17.553","01771 12:30:11",237.07,863.10,,,,"     ",5.30,921.39,1.35
1771,554712942,"01771M12:42:18.526","01771 12:30:12",237.02,863.06,,,,"     ",5.30,922.18,1.35
1771,554712943,"01771M12:42:19.500","01771 12:30:13",236.97,863.09,,,,"     ",5.30,920.32,1.34
1771,554712944,"01771M12:42:20.473","01771 12:30:14",236.92,863.04,,,,"     ",5.30,921.48,1.35
1771,554712945,"01771M12:42:21.446","01771 12:30:15",236.87,863.08,,,,"     ",5.30,929.99,1.36
1771,554712946,"01771M12:42:22.419","01771 12:30:16",236.81,863.10,,,,"     ",5.30,926.12,1.35
1771,554712947,"01771M12:42:23.393","01771 12:30:17",236.73,863.03,,,,"     ",5.30,933.55,1.36
1771,554712948,"01771M12:42:24.366","01771 12:30:18",236.65,863.02,,,,"     ",5.30,923.11,1.35
1771,554712949,"01771M12:42:25.339","01771 12:30:19",236.55,863.12,,,,"     ",5.30,926.20,1.35
1771,554712950,"01771M12:42:26.312","01771 12:30:20",236.46,863.15,,,,"     ",5.30,923.16,1.35
1771,554712951,"01771M12:42:27.286","01771 12:30:20",236.37,863.06,,,,"     ",5.30,918.86,1.34
1771,554712952,"01771M12:42:28.259","01771 12:30:21",236.28,862.91,,,,"     ",5.30,938.85,1.37
1771,554712953,"01771M12:42:29.232","01771 12:30:22",236.19,862.92,,,,"     ",5.30,924.27,1.35
1771,554712954,"01771M12:42:30.205","01771 12:30:23",236.13,862.95,,,,"     ",5.30,937.14,1.37
1771,554712955,"01771M12:42:31.179","01771 12:30:24",236.08,862.87,,,,"     ",5.30,928.08,1.35
1771,554712956,"01771M12:42:32.152","01771 12:30:25",236.03,862.90,,,,"     ",5.30,922.98,1.35
1771,554712957,"01771M12:42:33.125","01771 12:30:26",236.00,862.94,,,,"     ",5.30,922.73,1.34
1771,554712958,"01771M12:42:34.098","01771 12:30:27",235.97,862.83,,,,"     ",5.30,925.50,1.35
1771,554712959,"01771M12:42:35.072","01771 12:30:28",235.95,862.86,,,,"     ",5.30,921.53,1.34
1771,554712960,"01771M12:42:36.045","01771 12:30:29",235.93,862.74,,,,"     ",5.30,925.01,1.35
1771,554712961,"01771M12:42:37.018","01771 12:30:30",235.92,862.70,,,,"     ",5.30,931.01,1.36
1771,554712962,"01771M12:42:37.991","01771 12:30:31",235.92,862.68,,,,"     ",5.30,928.07,1.35
1771,554712963,"01771M12:42:38.965","01771 12:30:32",235.93,862.67,,,,"     ",5.30,928.33,1.35
1771,554712964,"01771M12:42:39.938","01771 12:30:33",235.94,862.76,,,,"     ",5.30,932.61,1.36
1771,554712965,"01771M12:42:40.911","01771 12:30:34",235.96,862.68,,,,"     ",5.30,923.53,1.35
1771,554712966,"01771M12:42:41.884","01771 12:30:35",235.99,862.74,,,,"     ",5.30,928.87,1.35
1771,554712967,"01771M12:42:42.858","01771 12:30:36",236.03,862.76,,,,"     ",5.30,917.03,1.34
1771,554712968,"01771M12:42:43.831","01771 12:30:37",236.07,862.84,,,,"     ",5.30,922.16,1.35
1771,554712969,"01771M12:42:44.804","01771 12:30:38",236.11,862.81,,,,"     ",5.30,923.88,1.35
1771,554712970,"01771M12:42:45.777","01771 12:30:39",236.16,862.86,,,,"     ",5.30,926.30,1.35
1771,554712971,"01771M12:42:46.751","01771 12:30:40",236.21,862.85,,,,"     ",5.30,925.84,1.35
1771,554712972,"01771M12:42:47.724","01771 12:30:41",236.27,862.79,,,,"     ",5.30,925.90,1.35
1771,554712973,"01771M12:42:48.697","01771 12:30:42",236.34,862.85,,,,"     ",5.30,914.00,1.33
1771,554712974,"01771M12:42:49.670","01771 12:30:43",236.42,862.71,,,,"     ",5.30,913.23,1.33
1771,554712975,"01771M12:42:50.644","01771 12:30:44",236.51,862.69,,,,"     ",5.30,930.83,1.36
1771,554712976,"01771M12:42:51.617","01771 12:30:45",236.61,862.47,,,,"     ",5.30,916.86,1.34
1771,554712977,"01771M12:42:52.590","01771 12:30:46",236.72,862.28,,,,"     ",5.30,927.18,1.35
1771,554712978,"01771M12:42:53.563","01771 12:30:47",236.81,862.11,,,,"     ",5.30,923.92,1.35
1771,554712979,"01771M12:42:54.537","01771 12:30:48",236.90,861.93,,,,"     ",5.30,917.98,1.34
1771,554712980,"01771M12:42:55.510","01771 12:30:49",236.98,861.80,,,,"     ",5.30,925.25,1.35
1771,554712981,"01771M12:42:56.483","01771 12:30:50",237.04,861.85,,,,"     ",5.30,920.45,1.34
1771,554712982,"01771M12:42:57.456","01771 12:30:51",237.10,862.23,,,,"     ",5.30,928.98,1.36
1771,554712983,"01771M12:42:58.430","01771 12:30:52",237.14,862.52,,,,"     ",5.30,916.75,1.34
1771,554712984,"01771M12:42:59.403","01771 12:30:53",237.16,862.57,,,,"     ",5.30,924.29,1.35
1771,554712985,"01771M12:43:00.376","01771 12:30:54",237.18,862.70,,,,"     ",5.30,920.27,1.34
1771,554712986,"01771M12:43:01.349","01771 12:30:55",237.18,862.67,,,,"     ",5.30,927.34,1.36
1771,554712987,"01771M12:43:02.323","01771 12:30:56",237.18,862.75,,,,"     ",5.30,924.86,1.35
1771,554712988,"01771M12:43:03.296","01771 12:30:57",237.17,862.81,,,,"     ",5.30,922.04,1.35
1771,554712989,"01771M12:43:04.269","01771 12:30:57",237.16,862.77,,,,"     ",5.30,930.09,1.36
1771,554712990,"01771M12:43:05.242","01771 12:30:58",237.17,862.79,,,,"     ",5.30,918.60,1.34
1771,554712991,"01771M12:43:06.216","01771 12:30:59",237.20,862.76,,,,"     ",5.30,926.91,1.36
1771,554712992,"01771M12:43:07.189","01771 12:31:00",237.25,862.81,,,,"     ",5.30,922.26,1.35
1771,554712993,"01771M12:43:08.162","01771 12:31:01",237.31,862.83,,,,"     ",5.30,926.77,1.36
1771,554712994,"01771M12:43:09.135","01771 12:31:02",237.36,862.87,,,,"     ",5.30,924.59,1.35
1771,554712995,"01771M12:43:10.109","01771 12:31:03",237.41,862.82,,,,"     ",5.30,915.82,1.34
1771,554712996,"01771M12:43:11.082","01771 12:31:04",237.44,862.85,,,,"     ",5.30,924.96,1.35
1771,554712997,"01771M12:43:12.055","01771 12:31:05",237.46,862.76,,,,"     ",5.30,923.17,1.35
1771,554712998,"01771M12:43:13.028","01771 12:31:06",237.46,862.74,,,,"     ",5.30,931.33,1.36
1771,554712999,"01771M12:43:14.002","01771 12:31:07",237.45,862.87,,,,"     ",5.30,935.44,1.37
1771,554713000,"01771M12:43:14.975","01771 12:31:08",237.45,862.76,,,,"     ",5.30,926.84,1.36
1771,554713001,"01771M12:43:15.948","01771 12:31:09",237.45,862.75,,,,"     ",5.30,933.41,1.37
1771,554713002,"01771M12:43:16.921","01771 12:31:10",237.47,862.69,,,,"     ",5.30,914.63,1.34
1771,554713003,"01771M12:43:17.895","01771 12:31:11",237.50,862.77,,,,"     ",5.30,922.03,1.35
1771,554713004,"01771M12:43:18.868","01771 12:31:12",237.56,862.82,,,,"     ",5.30,923.73,1.35
1771,554713005,"01771M12:43:19.841","01771 12:31:13",237.64,862.86,,,,"     ",5.30,921.89,1.35
1771,554713006,"01771M12:43:20.815","01771 12:31:14",237.75,862.89,,,,"     ",5.30,922.31,1.35
1771,554713007,"01771M12:43:21.788","01771 12:31:15",237.89,862.92,,,,"     ",5.30,919.57,1.35
1771,554713008,"01771M12:43:22.761","01771 12:31:16",238.05,862.84,,,,"     ",5.30,923.36,1.35
1771,554713009,"01771M12:43:23.734","01771 12:31:17",238.23,862.83,,,,"     ",5.30,923.81,1.35
1771,554713010,"01771M12:43:24.708","01771 12:31:18",238.41,862.85,,,,"     ",5.30,921.26,1.35
1771,554713011,"01771M12:43:25.681","01771 12:31:19",238.58,862.84,,,,"     ",5.30,919.11,1.35
1771,554713012,"01771M12:43:26.654","01771 12:31:20",238.71,862.79,,,,"     ",5.30,921.22,1.35
1771,554713013,"01771M12:43:27.627","01771 12:31:21",238.81,862.82,,,,"     ",5.30,937.83,1.37
1771,554713014,"01771M12:43:28.601","01771 12:31:22",238.88,862.90,,,,"     ",5.30,929.91,1.36
1771,554713015,"01771M12:43:29.574","01771 12:31:23",238.90,862.81,,,,"     ",5.30,920.47,1.35
1771,554713016,"01771M12:43:30.547","01771 12:31:24",238.90,862.86,,,,"     ",5.30,923.81,1.35
1771,554713017,"01771M12:43:31.520","01771 12:31:25",238.86,862.89,,,,"     ",5.30,923.02,1.35
1771,554713018,"01771M12:43:32.494","01771 12:31:26",238.81,862.86,,,,"     ",5.30,918.08,1.34
1771,554713019,"01771M12:43:33.467","01771 12:31:27",238.74,862.67,,,,"     ",5.30,924.06,1.35
1771,554713020,"01771M12:43:34.440","01771 12:31:28",238.65,862.80,,,,"     ",5.30,933.12,1.37
1771,554713021,"01771M12:43:35.413","01771 12:31:29",238.55,862.74,,,,"     ",5.30,922.87,1.35
1771,554713022,"01771M12:43:36.387","01771 12:31:30",238.43,862.76,,,,"     ",5.30,917.09,1.34
1771,554713023,"01771M12:43:37.360","01771 12:31:31",238.29,862.87,,,,"     ",5.30,927.55,1.36
1771,554713024,"01771M12:43:38.333","01771 12:31:32",238.15,862.84,,,,"     ",5.30,929.64,1.36
1771,554713025,"01771M12:43:39.306","01771 12:31:33",238.00,862.81,,,,"     ",5.30,916.49,1.34
1771,554713026,"01771M12:43:40.280","01771 12:31:34",237.86,862.83,,,,"     ",5.30,917.49,1.34
1771,554713027,"01771M12:43:41.253","01771 12:31:34",237.73,862.78,,,,"     ",5.30,913.88,1.34
1771,554713028,"01771M12:43:42.226","01771 12:31:35",237.60,862.76,,,,"     ",5.30,928.90,1.36
1771,554713029,"01771M12:43:43.199","01771 12:31:36",237.46,862.71,,,,"     ",5.30,931.63,1.36
1771,554713030,"01771M12:43:44.173","01771 12:31:37",237.33,862.77,,,,"     ",5.30,925.35,1.36
1771,554713031,"01771M12:43:45.146","01771 12:31:38",237.20,862.79,,,,"     ",5.30,920.06,1.35
1771,554713032,"01771M12:43:46.119","01771 12:31:39",237.08,862.73,,,,"     ",5.30,926.98,1.36
1771,554713033,"01771M12:43:47.092","01771 12:31:40",236.99,862.81,,,,"     ",5.30,920.58,1.35
1771,554713034,"01771M12:43:48.066","01771 12:31:41",236.92,862.72,,,,"     ",5.30,926.38,1.36
1771,554713035,"01771M12:43:49.039","01771 12:31:42",236.90,862.81,,,,"     ",5.30,925.01,1.36
1771,554713036,"01771M12:43:50.012","01771 12:31:43",236.92,862.81,,,,"     ",5.30,929.75,1.36
1771,554713037,"01771M12:43:50.985","01771 12:31:44",236.98,862.84,,,,"     ",5.30,913.71,1.34
1771,554713038,"01771M12:43:51.959","01771 12:31:45",237.08,862.84,,,,"     ",5.30,909.81,1.33
1771,554713039,"01771M12:43:52.932","01771 12:31:46",237.21,862.86,,,,"     ",5.30,923.94,1.36
1771,554713040,"01771M12:43:53.905","01771 12:31:47",237.36,862.91,,,,"     ",5.30,916.16,1.35
1771,554713041,"01771M12:43:54.878","01771 12:31:48",237.53,862.77,,,,"     ",5.30,925.24,1.36
1771,554713042,"01771M12:43:55.852","01771 12:31:49",237.73,862.77,,,,"     ",5.30,930.58,1.37
1771,554713043,"01771M12:43:56.825","01771 12:31:50",237.93,862.75,,,,"     ",5.30,927.45,1.36
1771,554713044,"01771M12:43:57.798","01771 12:31:51",238.14,862.81,,,,"     ",5.30,922.88,1.36
1771,554713045,"01771M12:43:58.771","01771 12:31:52",238.36,862.86,,,,"     ",5.30,918.81,1.35
1771,554713046,"01771M12:43:59.745","01771 12:31:53",238.58,862.93,,,,"     ",5.30,921.20,1.35
1771,554713047,"01771M12:44:00.718","01771 12:31:54",238.78,862.86,,,,"     ",5.30,917.89,1.35
1771,554713048,"01771M12:44:01.691","01771 12:31:55",238.98,862.89,,,,"     ",5.30,929.38,1.37
1771,554713049,"01771M12:44:02.664","01771 12:31:56",239.15,862.91,,,,"     ",5.30,922.87,1.36
1771,554713050,"01771M12:44:03.638","01771 12:31:57",239.30,862.89,,,,"     ",5.30,931.20,1.37
1771,554713051,"01771M12:44:04.611","01771 12:31:58",239.45,862.88,,,,"     ",5.30,917.33,1.35
1771,554713052,"01771M12:44:05.584","01771 12:31:59",239.57,862.93,,,,"     ",5.30,922.84,1.36
1771,554713053,"01771M12:44:06.557","01771 12:32:00",239.70,862.87,,,,"     ",5.30,922.26,1.36
1771,554713054,"01771M12:44:07.531","01771 12:32:01",239.81,862.93,,,,"     ",5.30,937.28,1.38
1771,554713055,"01771M12:44:08.504","01771 12:32:02",239.92,862.81,,,,"     ",5.30,926.08,1.36
1771,554713056,"01771M12:44:09.477","01771 12:32:03",240.03,862.88,,,,"     ",5.30,922.35,1.35
1771,554713057,"01771M12:44:10.450","01771 12:32:04",240.14,862.93,,,,"     ",5.30,923.86,1.36
1771,554713058,"01771M12:44:11.424","01771 12:32:05",240.26,862.91,,,,"     ",5.30,920.50,1.35
1771,554713059,"01771M12:44:12.397","01771 12:32:06",240.38,862.84,,,,"     ",5.30,916.50,1.35
1771,554713060,"01771M12:44:13.370","01771 12:32:07",240.51,862.95,,,,"     ",5.30,925.11,1.36
1771,554713061,"01771M12:44:14.343","01771 12:32:08",240.63,863.01,,,,"     ",5.30,913.94,1.34
1771,554713062,"01771M12:44:15.317","01771 12:32:09",240.75,863.04,,,,"     ",5.30,922.96,1.35
1771,554713063,"01771M12:44:16.290","01771 12:32:10",240.87,863.00,,,,"     ",5.30,931.22,1.37
1771,554713064,"01771M12:44:17.263","01771 12:32:11",240.99,863.00,,,,"     ",5.30,921.08,1.35
1771,554713065,"01771M12:44:18.236","01771 12:32:11",241.11,862.96,,,,"     ",5.30,918.34,1.35
1771,554713066,"01771M12:44:19.210","01771 12:32:12",241.22,862.98,,,,"     ",5.30,914.58,1.34
1771,554713067,"01771M12:44:20.183","01771 12:32:13",241.33,862.93,,,,"     ",5.30,928.35,1.36
1771,554713068,"01771M12:44:21.156","01771 12:32:14",241.43,862.95,,,,"     ",5.30,913.68,1.34
1771,554713069,"01771M12:44:22.129","01771 12:32:15",241.53,862.97,,,,"     ",5.30,920.44,1.35
1771,554713070,"01771M12:44:23.103","01771 12:32:16",241.62,862.93,,,,"     ",5.30,917.70,1.34
1771,554713071,"01771M12:44:24.076","01771 12:32:17",241.71,862.85,,,,"     ",5.30,920.98,1.35
1771,554713072,"01771M12:44:25.049","01771 12:32:18",241.80,862.87,,,,"     ",5.30,932.18,1.36
1771,554713073,"01771M12:44:26.022","01771 12:32:19",241.88,862.83,,,,"     ",5.30,923.43,1.35
1771,554713074,"01771M12:44:26.996","01771 12:32:20",241.96,862.94,,,,"     ",5.30,923.23,1.35
1771,554713075,"01771M12:44:27.969","01771 12:32:21",242.04,862.88,,,,"     ",5.30,919.04,1.34
1771,554713076,"01771M12:44:28.942","01771 12:32:22",242.13,862.93,,,,"     ",5.30,930.16,1.36
1771,554713077,"01771M12:44:29.916","01771 12:32:23",242.21,862.94,,,,"     ",5.30,921.61,1.34
1771,554713078,"01771M12:44:30.889","01771 12:32:24",242.29,862.90,,,,"     ",5.30,926.39,1.35
1771,554713079,"01771M12:44:31.862","01771 12:32:25",242.36,862.92,,,,"     ",5.30,927.99,1.35
1771,554713080,"01771M12:44:32.835","01771 12:32:26",242.42,862.95,,,,"     ",5.30,938.29,1.37
1771,554713081,"01771M12:44:33.809","01771 12:32:27",242.47,862.92,,,,"     ",5.30,932.26,1.36
1771,554713082,"01771M12:44:34.782","01771 12:32:28",242.52,862.91,,,,"     ",5.30,938.81,1.37
1771,554713083,"01771M12:44:35.755","01771 12:32:29",242.55,862.93,,,,"     ",5.30,925.51,1.35
1771,554713084,"01771M12:44:36.728","01771 12:32:30",242.59,862.86,,,,"     ",5.30,932.00,1.36
1771,554713085,"01771M12:44:37.702","01771 12:32:31",242.62,862.88,,,,"     ",5.30,934.43,1.36
1771,554713086,"01771M12:44:38.675","01771 12:32:32",242.65,862.94,,,,"     ",5.30,928.64,1.35
1771,554713087,"01771M12:44:39.648","01771 12:32:33",242.67,862.94,,,,"     ",5.30,933.29,1.36
1771,554713088,"01771M12:44:40.621","01771 12:32:34",242.67,862.91,,,,"     ",5.30,924.27,1.34
1771,554713089,"01771M12:44:41.595","01771 12:32:35",242.66,862.84,,,,"     ",5.30,926.28,1.34
1771,554713090,"01771M12:44:42.568","01771 12:32:36",242.62,862.91,,,,"     ",5.30,923.29,1.34
1771,554713091,"01771M12:44:43.541","01771 12:32:37",242.57,862.92,,,,"     ",5.30,931.40,1.35
1771,554713092,"01771M12:44:44.514","01771 12:32:38",242.50,862.87,,,,"     ",5.30,921.43,1.34
1771,554713093,"01771M12:44:45.488","01771 12:32:39",242.42,862.96,,,,"     ",5.30,930.67,1.35
1771,554713094,"01771M12:44:46.461","01771 12:32:40",242.35,862.99,,,,"     ",5.30,923.22,1.34
1771,554713095,"01771M12:44:47.434","01771 12:32:41",242.28,862.93,,,,"     ",5.30,924.14,1.34
1771,554713096,"01771M12:44:48.407","01771 12:32:42",242.24,862.95,,,,"     ",5.30,943.34,1.37
1771,554713097,"01771M12:44:49.381","01771 12:32:43",242.21,862.94,,,,"     ",5.30,922.87,1.34
1771,554713098,"01771M12:44:50.354","01771 12:32:44",242.20,862.96,,,,"     ",5.30,920.07,1.33
1771,554713099,"01771M12:44:51.327","01771 12:32:45",242.21,863.02,,,,"     ",5.30,930.38,1.35
1771,554713100,"01771M12:44:52.300","01771 12:32:46",242.24,862.99,,,,"     ",5.30,935.08,1.35
1771,554713101,"01771M12:44:53.274","01771 12:32:47",242.30,862.97,,,,"     ",5.30,931.05,1.35
1771,554713102,"01771M12:44:54.247","01771 12:32:47",242.39,862.91,,,,"     ",5.30,935.87,1.35
1771,554713103,"01771M12:44:55.220","01771 12:32:48",242.48,862.96,,,,"     ",5.30,928.38,1.34
1771,554713104,"01771M12:44:56.193","01771 12:32:49",242.60,863.07,,,,"     ",5.30,935.99,1.35
1771,554713105,"01771M12:44:57.167","01771 12:32:50",242.72,862.88,,,,"     ",5.30,939.95,1.36
1771,554713106,"01771M12:44:58.140","01771 12:32:51",242.82,862.99,,,,"     ",5.30,921.49,1.33
1771,554713107,"01771M12:44:59.113","01771 12:32:52",242.91,862.94,,,,"     ",5.30,939.15,1.35
1771,554713108,"01771M12:45:00.086","01771 12:32:53",242.99,862.93,,,,"     ",5.30,935.37,1.35
1771,554713109,"01771M12:45:01.060","01771 12:32:54",243.05,862.96,,,,"     ",5.30,929.01,1.34
1771,554713110,"01771M12:45:02.033","01771 12:32:55",243.10,862.88,,,,"     ",5.30,931.42,1.34
1771,554713111,"01771M12:45:03.006","01771 12:32:56",243.13,862.86,,,,"     ",5.30,933.35,1.34
1771,554713112,"01771M12:45:03.979","01771 12:32:57",243.17,862.87,,,,"     ",5.30,934.35,1.34
1771,554713113,"01771M12:45:04.953","01771 12:32:58",243.20,862.89,,,,"     ",5.30,933.27,1.34
1771,554713114,"01771M12:45:05.926","01771 12:32:59",243.25,862.92,,,,"     ",5.30,938.02,1.35
1771,554713115,"01771M12:45:06.899","01771 12:33:00",243.30,862.89,,,,"     ",5.30,927.62,1.33
1771,554713116,"01771M12:45:07.872","01771 12:33:01",243.35,862.92,,,,"     ",5.30,934.32,1.34
1771,554713117,"01771M12:45:08.846","01771 12:33:02",243.40,862.93,,,,"     ",5.30,931.44,1.34
1771,554713118,"01771M12:45:09.819","01771 12:33:03",243.47,862.92,,,,"     ",5.30,932.38,1.34
1771,554713119,"01771M12:45:10.792","01771 12:33:04",243.53,862.97,,,,"     ",5.30,925.32,1.33
1771,554713120,"01771M12:45:11.765","01771 12:33:05",243.60,862.90,,,,"     ",5.30,949.16,1.36
1771,554713121,"01771M12:45:12.739","01771 12:33:06",243.67,862.89,,,,"     ",5.30,938.69,1.35
1771,554713122,"01771M12:45:13.712","01771 12:33:07",243.75,862.92,,,,"     ",5.30,935.44,1.34
1771,554713123,"01771M12:45:14.685","01771 12:33:08",243.83,862.92,,,,"     ",5.30,934.88,1.34
1771,554713124,"01771M12:45:15.658","01771 12:33:09",243.90,862.92,,,,"     ",5.30,940.82,1.35
1771,554713125,"01771M12:45:16.632","01771 12:33:10",243.96,862.92,,,,"     ",5.30,938.33,1.34
1771,554713126,"01771M12:45:17.605","01771 12:33:11",243.99,862.94,,,,"     ",5.30,937.12,1.34
1771,554713127,"01771M12:45:18.578","01771 12:33:12",244.03,862.94,,,,"     ",5.30,938.90,1.34
1771,554713128,"01771M12:45:19.551","01771 12:33:13",244.04,862.85,,,,"     ",5.30,936.51,1.34
1771,554713129,"01771M12:45:20.525","01771 12:33:14",244.04,862.79,,,,"     ",5.30,943.01,1.35
1771,554713130,"01771M12:45:21.498","01771 12:33:15",244.02,862.89,,,,"     ",5.30,937.40,1.34
1771,554713131,"01771M12:45:22.471","01771 12:33:16",243.98,862.82,,,,"     ",5.30,936.95,1.34
1771,554713132,"01771M12:45:23.444","01771 12:33:17",243.94,862.85,,,,"     ",5.30,943.16,1.35
1771,554713133,"01771M12:45:24.418","01771 12:33:18",243.87,862.80,,,,"     ",5.30,932.80,1.33
1771,554713134,"01771M12:45:25.391","01771 12:33:19",243.81,862.83,,,,"     ",5.30,935.91,1.34
1771,554713135,"01771M12:45:26.364","01771 12:33:20",243.72,862.91,,,,"     ",5.30,941.71,1.34
1771,554713136,"01771M12:45:27.337","01771 12:33:21",243.65,862.90,,,,"     ",5.30,939.90,1.34
1771,554713137,"01771M12:45:28.311","01771 12:33:22",243.57,862.85,,,,"     ",5.30,937.11,1.34
1771,554713138,"01771M12:45:29.284","01771 12:33:23",243.51,862.82,,,,"     ",5.30,941.14,1.34
1771,554713139,"01771M12:45:30.257","01771 12:33:24",243.45,862.84,,,,"     ",5.30,950.67,1.35
1771,554713140,"01771M12:45:31.230","01771 12:33:24",245.04,862.88,,,,"     ",5.30,930.88,1.33
1771,554713141,"01771M12:45:32.204","01771 12:33:25",245.03,862.87,,,,"     ",5.30,943.26,1.34
1771,554713142,"01771M12:45:33.177","01771 12:33:26",245.01,862.85,,,,"     ",5.30,944.90,1.35
1771,554713143,"01771M12:45:34.150","01771 12:33:27",245.01,862.91,,,,"     ",5.30,933.14,1.33
1771,554713144,"01771M12:45:35.123","01771 12:33:28",245.00,862.92,,,,"     ",5.30,938.02,1.33
1771,554713145,"01771M12:45:36.097","01771 12:33:29",244.99,862.89,,,,"     ",5.30,949.13,1.35
1771,554713146,"01771M12:45:37.070","01771 12:33:30",244.97,862.82,,,,"     ",5.30,938.26,1.33
1771,554713147,"01771M12:45:38.043","01771 12:33:31",244.96,862.82,,,,"     ",5.30,936.33,1.33
1771,554713148,"01771M12:45:39.016","01771 12:33:32",244.94,862.87,,,,"     ",5.30,948.52,1.35
1771,554713149,"01771M12:45:39.990","01771 12:33:33",244.92,862.76,,,,"     ",5.30,950.01,1.35
1771,554713150,"01771M12:45:40.963","01771 12:33:34",244.90,862.75,,,,"     ",5.30,949.18,1.35
1771,554713151,"01771M12:45:41.936","01771 12:33:35",244.88,862.69,,,,"     ",5.30,946.78,1.34
1771,554713152,"01771M12:45:42.910","01771 12:33:36",243.14,862.65,,,,"     ",5.30,940.96,1.33
1771,554713153,"01771M12:45:43.883","01771 12:33:37",243.12,862.76,,,,"     ",5.30,941.75,1.34
1771,554713154,"01771M12:45:44.856","01771 12:33:38",243.11,862.71,,,,"     ",5.30,932.00,1.32
1771,554713155,"01771M12:45:45.829","01771 12:33:39",243.10,862.83,,,,"     ",5.30,940.27,1.33
1771,554713156,"01771M12:45:46.803","01771 12:33:40",243.08,862.78,,,,"     ",5.30,944.24,1.34
1771,554713157,"01771M12:45:47.776","01771 12:33:41",243.27,862.77,,,,"     ",5.30,946.49,1.34
1771,554713158,"01771M12:45:48.749","01771 12:33:42",243.31,862.74,,,,"     ",5.30,952.52,1.35
1771,554713159,"01771M12:45:49.722","01771 12:33:43",243.35,862.66,,,,"     ",5.30,940.57,1.33
1771,554713160,"01771M12:45:50.696","01771 12:33:44",243.37,862.75,,,,"     ",5.30,942.69,1.33
1771,554713161,"01771M12:45:51.669","01771 12:33:45",243.39,862.67,,,,"     ",5.30,946.28,1.34
1771,554713162,"01771M12:45:52.642","01771 12:33:46",243.40,862.64,,,,"     ",5.30,949.91,1.34
1771,554713163,"01771M12:45:53.615","01771 12:33:47",243.40,862.72,,,,"     ",5.30,951.83,1.35
1771,554713164,"01771M12:45:54.589","01771 12:33:48",243.39,862.73,,,,"     ",5.30,941.53,1.33
1771,554713165,"01771M12:45:55.562","01771 12:33:49",243.38,862.73,,,,"     ",5.30,931.55,1.32
1771,554713166,"01771M12:45:56.535","01771 12:33:50",243.36,862.77,,,,"     ",5.30,941.33,1.33
1771,554713167,"01771M12:45:57.508","01771 12:33:51",243.32,862.77,,,,"     ",5.30,935.07,1.32
1771,554713168,"01771M12:45:58.482","01771 12:33:52",243.28,862.71,,,,"     ",5.30,946.89,1.34
1771,554713169,"01771M12:45:59.455","01771 12:33:53",243.24,862.67,,,,"     ",5.30,956.17,1.35
1771,554713170,"01771M12:46:00.428","01771 12:33:54",243.19,862.70,,,,"     ",5.30,951.67,1.34
1771,554713171,"01771M12:46:01.401","01771 12:33:55",243.12,862.68,,,,"     ",5.30,944.18,1.33
1771,554713172,"01771M12:46:02.375","01771 12:33:56",243.07,862.72,,,,"     ",5.30,954.86,1.35
1771,554713173,"01771M12:46:03.348","01771 12:33:57",243.01,862.81,,,,"     ",5.30,949.17,1.34
1771,554713174,"01771M12:46:04.321","01771 12:33:58",242.94,862.70,,,,"     ",5.30,946.91,1.33
1771,554713175,"01771M12:46:05.294","01771 12:33:59",242.86,862.73,,,,"     ",5.30,940.77,1.32
1771,554713176,"01771M12:46:06.268","01771 12:34:00",242.79,862.69,,,,"     ",5.30,940.03,1.32
1771,554713177,"01771M12:46:07.241","01771 12:34:01",242.74,862.70,,,,"     ",5.30,950.74,1.34
1771,554713178,"01771M12:46:08.214","01771 12:34:01",242.70,862.78,,,,"     ",5.30,943.51,1.33
1771,554713179,"01771M12:46:09.187","01771 12:34:02",242.67,862.70,,,,"     ",5.30,935.48,1.32
1771,554713180,"01771M12:46:10.161","01771 12:34:03",242.68,862.66,,,,"     ",5.30,942.11,1.33
1771,554713181,"01771M12:46:11.134","01771 12:34:04",242.69,862.49,,,,"     ",5.30,932.12,1.31
1771,554713182,"01771M12:46:12.107","01771 12:34:05",242.71,862.56,,,,"     ",5.30,945.61,1.33
1771,554713183,"01771M12:46:13.080","01771 12:34:06",242.75,862.65,,,,"     ",5.30,946.65,1.33
1771,554713184,"01771M12:46:14.054","01771 12:34:07",242.81,862.67,,,,"     ",5.30,945.28,1.33
1771,554713185,"01771M12:46:15.027","01771 12:34:08",242.87,862.65,,,,"     ",5.30,953.51,1.34
1771,554713186,"01771M12:46:16.000","01771 12:34:09",242.96,862.74,,,,"     ",5.30,949.29,1.33
1771,554713187,"01771M12:46:16.973","01771 12:34:10",243.06,862.66,,,,"     ",5.30,948.65,1.33
1771,554713188,"01771M12:46:17.947","01771 12:34:11",243.18,862.57,,,,"     ",5.30,964.48,1.35
1771,554713189,"01771M12:46:18.920","01771 12:34:12",243.31,862.55,,,,"     ",5.30,955.68,1.34
1771,554713190,"01771M12:46:19.893","01771 12:34:13",243.43,862.56,,,,"     ",5.30,958.90,1.35
1771,554713191,"01771M12:46:20.866","01771 12:34:14",243.54,862.55,,,,"     ",5.30,941.91,1.32
1771,554713192,"01771M12:46:21.840","01771 12:34:15",243.63,862.66,,,,"     ",5.30,946.71,1.33
1771,554713193,"01771M12:46:22.813","01771 12:34:16",243.70,862.64,,,,"     ",5.30,948.79,1.33
1771,554713194,"01771M12:46:23.786","01771 12:34:17",243.78,862.72,,,,"     ",5.30,954.22,1.34
1771,554713195,"01771M12:46:24.759","01771 12:34:18",243.84,862.66,,,,"     ",5.30,944.99,1.32
1771,554713196,"01771M12:46:25.733","01771 12:34:19",243.90,862.67,,,,"     ",5.30,949.93,1.33
1771,554713197,"01771M12:46:26.706","01771 12:34:20",243.96,862.68,,,,"     ",5.30,947.01,1.32
1771,554713198,"01771M12:46:27.679","01771 12:34:21",244.02,862.56,,,,"     ",5.30,954.89,1.34
1771,554713199,"01771M12:46:28.652","01771 12:34:22",244.07,862.72,,,,"     ",5.30,947.75,1.32
1771,554713200,"01771M12:46:29.626","01771 12:34:23",244.11,862.67,,,,"     ",5.30,943.07,1.32
1771,554713201,"01771M12:46:30.599","01771 12:34:24",244.15,862.71,,,,"     ",5.30,950.65,1.33
1771,554713202,"01771M12:46:31.572","01771 12:34:25",244.17,862.70,,,,"     ",5.30,953.90,1.33
1771,554713203,"01771M12:46:32.545","01771 12:34:26",244.17,862.67,,,,"     ",5.30,951.51,1.33
1771,554713204,"01771M12:46:33.519","01771 12:34:27",244.17,862.70,,,,"     ",5.30,972.20,1.36
1771,554713205,"01771M12:46:34.492","01771 12:34:28",244.14,862.70,,,,"     ",5.30,965.27,1.35
1771,554713206,"01771M12:46:35.465","01771 12:34:29",244.11,862.64,,,,"     ",5.30,956.46,1.33
1771,554713207,"01771M12:46:36.438","01771 12:34:30",244.08,862.62,,,,"     ",5.30,945.50,1.32
1771,554713208,"01771M12:46:37.412","01771 12:34:31",244.03,862.66,,,,"     ",5.30,949.17,1.32
1771,554713209,"01771M12:46:38.385","01771 12:34:32",244.00,862.64,,,,"     ",5.30,950.01,1.32
1771,554713210,"01771M12:46:39.358","01771 12:34:33",243.97,862.60,,,,"     ",5.30,969.32,1.35
1771,554713211,"01771M12:46:40.331","01771 12:34:34",243.94,862.67,,,,"     ",5.30,961.99,1.34
1771,554713212,"01771M12:46:41.305","01771 12:34:35",243.91,862.66,,,,"     ",5.30,957.98,1.33
1771,554713213,"01771M12:46:42.278","01771 12:34:36",243.88,862.61,,,,"     ",5.30,950.52,1.32
1771,554713214,"01771M12:46:43.251","01771 12:34:37",243.85,862.65,,,,"     ",5.30,945.38,1.31
1771,554713215,"01771M12:46:44.224","01771 12:34:37",243.81,862.60,,,,"     ",5.30,961.35,1.34
1771,554713216,"01771M12:46:45.198","01771 12:34:38",243.77,862.56,,,,"     ",5.30,958.46,1.33
1771,554713217,"01771M12:46:46.171","01771 12:34:39",243.73,862.59,,,,"     ",5.30,955.51,1.33
1771,554713218,"01771M12:46:47.144","01771 12:34:40",243.67,862.58,,,,"     ",5.30,957.13,1.33
1771,554713219,"01771M12:46:48.117","01771 12:34:41",243.60,862.58,,,,"     ",5.30,950.67,1.32
1771,554713220,"01771M12:46:49.091","01771 12:34:42",243.52,862.55,,,,"     ",5.30,957.95,1.33
1771,554713221,"01771M12:46:50.064","01771 12:34:43",243.42,862.51,,,,"     ",5.30,959.18,1.33
1771,554713222,"01771M12:46:51.037","01771 12:34:44",243.31,862.54,,,,"     ",5.30,965.37,1.34
1771,554713223,"01771M12:46:52.011","01771 12:34:45",243.21,862.54,,,,"     ",5.30,956.74,1.33
1771,554713224,"01771M12:46:52.984","01771 12:34:46",243.11,862.57,,,,"     ",5.30,952.79,1.32
1771,554713225,"01771M12:46:53.957","01771 12:34:47",243.02,862.66,,,,"     ",5.30,954.63,1.32
1771,554713226,"01771M12:46:54.930","01771 12:34:48",242.94,862.59,,,,"     ",5.30,955.27,1.32
1771,554713227,"01771M12:46:55.904","01771 12:34:49",242.87,862.53,,,,"     ",5.30,955.26,1.32
1771,554713228,"01771M12:46:56.877","01771 12:34:50",242.81,862.55,,,,"     ",5.30,957.44,1.33
1771,554713229,"01771M12:46:57.850","01771 12:34:51",242.75,862.55,,,,"     ",5.30,950.17,1.32
1771,554713230,"01771M12:46:58.823","01771 12:34:52",242.69,862.52,,,,"     ",5.30,958.23,1.33
1771,554713231,"01771M12:46:59.797","01771 12:34:53",242.63,862.51,,,,"     ",5.30,965.35,1.34
1771,554713232,"01771M12:47:00.770","01771 12:34:54",242.56,862.45,,,,"     ",5.30,953.01,1.32
1771,554713233,"01771M12:47:01.743","01771 12:34:55",244.45,862.50,,,,"     ",5.30,955.22,1.32
1771,554713234,"01771M12:47:02.716","01771 12:34:56",244.42,862.47,,,,"     ",5.30,956.27,1.33
1771,554713235,"01771M12:47:03.690","01771 12:34:57",244.39,862.48,,,,"     ",5.30,958.16,1.33
1771,554713236,"01771M12:47:04.663","01771 12:34:58",244.36,862.44,,,,"     ",5.30,951.09,1.32
1771,554713237,"01771M12:47:05.636","01771 12:34:59",244.33,862.58,,,,"     ",5.30,966.13,1.34
1771,554713238,"01771M12:47:06.609","01771 12:35:00",244.29,862.62,,,,"     ",5.30,966.21,1.34
1771,554713239,"01771M12:47:07.583","01771 12:35:01",244.26,862.54,,,,"     ",5.30,957.44,1.33
1771,554713240,"01771M12:47:08.556","01771 12:35:02",244.22,862.51,,,,"     ",5.30,959.74,1.33
1771,554713241,"01771M12:47:09.529","01771 12:35:03",244.19,862.54,,,,"     ",5.30,958.54,1.33
1771,554713242,"01771M12:47:10.502","01771 12:35:04",244.16,862.50,,,,"     ",5.30,963.28,1.34
1771,554713243,"01771M12:47:11.476","01771 12:35:05",244.15,862.50,,,,"     ",5.30,957.92,1.33
1771,554713244,"01771M12:47:12.449","01771 12:35:06",244.14,862.55,,,,"     ",5.30,967.42,1.34
1771,554713245,"01771M12:47:13.422","01771 12:35:07",244.14,862.42,,,,"     ",5.30,955.52,1.32
1771,554713246,"01771M12:47:14.395","01771 12:35:08",244.13,862.49,,,,"     ",5.30,952.80,1.32
1771,554713247,"01771M12:47:15.369","01771 12:35:09",244.12,862.49,,,,"     ",5.30,952.40,1.32
1771,554713248,"01771M12:47:16.342","01771 12:35:10",244.11,862.57,,,,"     ",5.30,956.88,1.33
1771,554713249,"01771M12:47:17.315","01771 12:35:11",244.11,862.45,,,,"     ",5.30,961.76,1.33
1771,554713250,"01771M12:47:18.288","01771 12:35:12",244.11,862.49,,,,"     ",5.30,961.32,1.33
1771,554713251,"01771M12:47:19.262","01771 12:35:13",244.11,862.52,,,,"     ",5.30,949.49,1.32
1771,554713252,"01771M12:47:20.235","01771 12:35:14",244.14,862.49,,,,"     ",5.30,965.16,1.34
1771,554713253,"01771M12:47:21.208","01771 12:35:14",244.17,862.41,,,,"     ",5.30,960.47,1.33
1771,554713254,"01771M12:47:22.181","01771 12:35:15",244.22,862.50,,,,"     ",5.30,954.69,1.32
1771,554713255,"01771M12:47:23.155","01771 12:35:16",244.27,862.42,,,,"     ",5.30,962.00,1.33
1771,554713256,"01771M12:47:24.128","01771 12:35:17",244.32,862.43,,,,"     ",5.30,962.96,1.34
1771,554713257,"01771M12:47:25.101","01771 12:35:18",244.38,862.39,,,,"     ",5.30,958.94,1.33
1771,554713258,"01771M12:47:26.074","01771 12:35:19",244.45,862.39,,,,"     ",5.30,949.02,1.32
1771,554713259,"01771M12:47:27.048","01771 12:35:20",244.51,862.42,,,,"     ",5.30,958.76,1.33
1771,554713260,"01771M12:47:28.021","01771 12:35:21",244.58,862.32,,,,"     ",5.30,955.07,1.32
1771,554713261,"01771M12:47:28.994","01771 12:35:22",244.65,862.36,,,,"     ",5.30,951.90,1.32
1771,554713262,"01771M12:47:29.967","01771 12:35:23",244.72,862.35,,,,"     ",5.30,956.72,1.33
1771,554713263,"01771M12:47:30.941","01771 12:35:24",244.77,862.35,,,,"     ",5.30,958.01,1.33
1771,554713264,"01771M12:47:31.914","01771 12:35:25",244.82,862.39,,,,"     ",5.30,950.38,1.32
1771,554713265,"01771M12:47:32.887","01771 12:35:26",244.85,862.39,,,,"     ",5.30,963.18,1.34
1771,554713266,"01771M12:47:33.860","01771 12:35:27",244.88,862.36,,,,"     ",5.30,969.08,1.34
1771,554713267,"01771M12:47:34.834","01771 12:35:28",244.90,862.34,,,,"     ",5.30,958.38,1.33
1771,554713268,"01771M12:47:35.807","01771 12:35:29",244.91,862.40,,,,"     ",5.30,955.86,1.32
1771,554713269,"01771M12:47:36.780","01771 12:35:30",244.92,862.41,,,,"     ",5.30,955.31,1.32
1771,554713270,"01771M12:47:37.753","01771 12:35:31",244.94,862.43,,,,"     ",5.30,959.32,1.33
1771,554713271,"01771M12:47:38.727","01771 12:35:32",244.95,862.49,,,,"     ",5.30,949.42,1.31
1771,554713272,"01771M12:47:39.700","01771 12:35:33",244.96,862.46,,,,"     ",5.30,953.39,1.32
1771,554713273,"01771M12:47:40.673","01771 12:35:34",244.97,862.35,,,,"     ",5.30,964.73,1.34
1771,554713274,"01771M12:47:41.646","01771 12:35:35",244.98,862.45,,,,"     ",5.30,970.38,1.34
1771,554713275,"01771M12:47:42.620","01771 12:35:36",244.99,862.40,,,,"     ",5.30,957.69,1.33
1771,554713276,"01771M12:47:43.593","01771 12:35:37",245.02,862.40,,,,"     ",5.30,967.98,1.34
1771,554713277,"01771M12:47:44.566","01771 12:35:38",245.05,862.30,,,,"     ",5.30,952.25,1.32
1771,554713278,"01771M12:47:45.539","01771 12:35:39",245.10,862.36,,,,"     ",5.30,965.76,1.34
1771,554713279,"01771M12:47:46.513","01771 12:35:40",245.14,862.35,,,,"     ",5.30,965.88,1.34
1771,554713280,"01771M12:47:47.486","01771 12:35:41",245.18,862.45,,,,"     ",5.30,969.37,1.34
1771,554713281,"01771M12:47:48.459","01771 12:35:42",245.20,862.41,,,,"     ",5.30,953.84,1.32
1771,554713282,"01771M12:47:49.432","01771 12:35:43",245.21,862.32,,,,"     ",5.30,961.79,1.33
1771,554713283,"01771M12:47:50.406","01771 12:35:44",245.19,862.39,,,,"     ",5.30,960.13,1.33
1771,554713284,"01771M12:47:51.379","01771 12:35:45",245.17,862.39,,,,"     ",5.30,959.70,1.33
1771,554713285,"01771M12:47:52.352","01771 12:35:46",245.14,862.49,,,,"     ",5.30,957.41,1.32
1771,554713286,"01771M12:47:53.325","01771 12:35:47",245.10,862.45,,,,"     ",5.30,956.34,1.32
1771,554713287,"01771M12:47:54.299","01771 12:35:48",245.06,862.35,,,,"     ",5.30,967.92,1.34
1771,554713288,"01771M12:47:55.272","01771 12:35:49",245.02,862.44,,,,"     ",5.30,948.87,1.31
1771,554713289,"01771M12:47:56.245","01771 12:35:50",244.98,862.39,,,,"     ",5.30,963.00,1.33
1771,554713290,"01771M12:47:57.218","01771 12:35:51",243.16,862.31,,,,"     ",5.30,967.75,1.33
1771,554713291,"01771M12:47:58.192","01771 12:35:51",243.12,862.33,,,,"     ",5.30,971.62,1.34
1771,554713292,"01771M12:47:59.165","01771 12:35:52",243.07,862.39,,,,"     ",5.30,966.14,1.33
1771,554713293,"01771M12:48:00.138","01771 12:35:53",243.02,862.30,,,,"     ",5.30,959.11,1.32
1771,554713294,"01771M12:48:01.112","01771 12:35:54",242.98,862.30,,,,"     ",5.30,957.40,1.32
1771,554713295,"01771M12:48:02.085","01771 12:35:55",242.96,862.32,,,,"     ",5.30,957.93,1.32
1771,554713296,"01771M12:48:03.058","01771 12:35:56",242.93,862.39,,,,"     ",5.30,965.41,1.33
1771,554713297,"01771M12:48:04.031","01771 12:35:57",242.92,862.35,,,,"     ",5.30,968.78,1.33
1771,554713298,"01771M12:48:05.005","01771 12:35:58",242.90,862.41,,,,"     ",5.30,963.13,1.33
1771,554713299,"01771M12:48:05.978","01771 12:35:59",242.88,862.38,,,,"     ",5.30,959.86,1.32
1771,554713300,"01771M12:48:06.951","01771 12:36:00",242.86,862.31,,,,"     ",5.30,959.51,1.32
1771,554713301,"01771M12:48:07.924","01771 12:36:01",242.84,862.30,,,,"     ",5.30,966.83,1.33
1771,554713302,"01771M12:48:08.898","01771 12:36:02",244.74,862.36,,,,"     ",5.30,962.99,1.32
1771,554713303,"01771M12:48:09.871","01771 12:36:03",244.77,862.24,,,,"     ",5.30,973.46,1.34
1771,554713304,"01771M12:48:10.844","01771 12:36:04",244.80,862.26,,,,"     ",5.30,966.37,1.33
1771,554713305,"01771M12:48:11.817","01771 12:36:05",244.84,862.27,,,,"     ",5.30,962.39,1.32
1771,554713306,"01771M12:48:12.791","01771 12:36:06",244.86,862.34,,,,"     ",5.30,960.98,1.32
1771,554713307,"01771M12:48:13.764","01771 12:36:07",244.86,862.30,,,,"     ",5.30,960.15,1.32
1771,554713308,"01771M12:48:14.737","01771 12:36:08",244.83,862.37,,,,"     ",5.30,960.82,1.32
1771,554713309,"01771M12:48:15.710","01771 12:36:09",244.76,862.33,,,,"     ",5.30,963.95,1.32
1771,554713310,"01771M12:48:16.684","01771 12:36:10",242.73,862.31,,,,"     ",5.30,949.35,1.30
1771,554713311,"01771M12:48:17.657","01771 12:36:11",242.59,862.29,,,,"     ",5.30,967.03,1.33
1771,554713312,"01771M12:48:18.630","01771 12:36:12",242.44,862.17,,,,"     ",5.30,963.87,1.32
1771,554713313,"01771M12:48:19.603","01771 12:36:13",242.28,862.18,,,,"     ",5.30,960.73,1.32
1771,554713314,"01771M12:48:20.577","01771 12:36:14",242.12,862.17,,,,"     ",5.30,970.33,1.33
1771,554713315,"01771M12:48:21.550","01771 12:36:15",241.97,862.10,,,,"     ",5.30,968.80,1.33
1771,554713316,"01771M12:48:22.523","01771 12:36:16",241.84,862.11,,,,"     ",5.30,955.83,1.31
1771,554713317,"01771M12:48:23.496","01771 12:36:17",241.75,862.12,,,,"     ",5.30,969.69,1.33
1771,554713318,"01771M12:48:24.470","01771 12:36:18",241.69,862.15,,,,"     ",5.30,964.02,1.32
1771,554713319,"01771M12:48:25.443","01771 12:36:19",241.68,862.29,,,,"     ",5.30,959.62,1.31
1771,554713320,"01771M12:48:26.416","01771 12:36:20",241.71,862.26,,,,"     ",5.30,980.78,1.34
1771,554713321,"01771M12:48:27.389","01771 12:36:21",241.79,862.29,,,,"     ",5.30,965.42,1.32
1771,554713322,"01771M12:48:28.363","01771 12:36:22",241.91,862.29,,,,"     ",5.30,959.78,1.31
1771,554713323,"01771M12:48:29.336","01771 12:36:23",242.06,862.28,,,,"     ",5.30,967.28,1.32
1771,554713324,"01771M12:48:30.309","01771 12:36:24",242.22,862.30,,,,"     ",5.30,962.89,1.32
1771,554713325,"01771M12:48:31.282","01771 12:36:25",242.38,862.35,,,,"     ",5.30,963.44,1.32
1771,554713326,"01771M12:48:32.256","01771 12:36:26",242.53,862.32,,,,"     ",5.30,962.04,1.32
1771,554713327,"01771M12:48:33.229","01771 12:36:27",242.67,862.28,,,,"     ",5.30,968.32,1.32
1771,554713328,"01771M12:48:34.202","01771 12:36:28",242.78,862.31,,,,"     ",5.30,967.34,1.32
1771,554713329,"01771M12:48:35.175","01771 12:36:28",242.87,862.30,,,,"     ",5.30,960.87,1.31
1771,554713330,"01771M12:48:36.149","01771 12:36:29",242.93,862.25,,,,"     ",5.30,961.84,1.31
1771,554713331,"01771M12:48:37.122","01771 12:36:30",242.98,862.22,,,,"     ",5.30,971.62,1.33
1771,554713332,"01771M12:48:38.095","01771 12:36:31",243.01,862.24,,,,"     ",5.30,967.99,1.32
1771,554713333,"01771M12:48:39.068","01771 12:36:32",243.02,862.24,,,,"     ",5.30,963.07,1.31
1771,554713334,"01771M12:48:40.042","01771 12:36:33",243.03,862.27,,,,"     ",5.30,977.53,1.33
1771,554713335,"01771M12:48:41.015","01771 12:36:34",243.03,862.26,,,,"     ",5.30,975.71,1.33
1771,554713336,"01771M12:48:41.988","01771 12:36:35",243.02,862.38,,,,"     ",5.30,970.91,1.32
1771,554713337,"01771M12:48:42.961","01771 12:36:36",243.01,862.41,,,,"     ",5.30,972.85,1.33
1771,554713338,"01771M12:48:43.935","01771 12:36:37",243.00,862.32,,,,"     ",5.30,965.80,1.32
1771,554713339,"01771M12:48:44.908","01771 12:36:38",242.99,862.37,,,,"     ",5.30,982.33,1.34
1771,554713340,"01771M12:48:45.881","01771 12:36:39",242.98,862.31,,,,"     ",5.30,969.38,1.32
1771,554713341,"01771M12:48:46.854","01771 12:36:40",242.98,862.27,,,,"     ",5.30,970.06,1.32
1771,554713342,"01771M12:48:47.828","01771 12:36:41",242.97,862.28,,,,"     ",5.30,990.59,1.35
1771,554713343,"01771M12:48:48.801","01771 12:36:42",242.96,862.29,,,,"     ",5.30,977.27,1.33
1771,554713344,"01771M12:48:49.774","01771 12:36:43",242.94,862.29,,,,"     ",5.30,977.20,1.33
1771,554713345,"01771M12:48:50.747","01771 12:36:44",242.91,862.31,,,,"     ",5.30,976.44,1.33
1771,554713346,"01771M12:48:51.721","01771 12:36:45",242.86,862.34,,,,"     ",5.30,983.13,1.34
1771,554713347,"01771M12:48:52.694","01771 12:36:46",242.78,862.27,,,,"     ",5.30,976.67,1.33
1771,554713348,"01771M12:48:53.667","01771 12:36:47",242.70,862.24,,,,"     ",5.30,970.55,1.32
1771,554713349,"01771M12:48:54.640","01771 12:36:48",242.60,862.23,,,,"     ",5.30,977.01,1.33
1771,554713350,"01771M12:48:55.614","01771 12:36:49",242.48,862.24,,,,"     ",5.30,968.90,1.32
1771,554713351,"01771M12:48:56.587","01771 12:36:50",242.34,862.16,,,,"     ",5.30,966.28,1.31
1771,554713352,"01771M12:48:57.560","01771 12:36:51",242.19,862.20,,,,"     ",5.30,969.41,1.31
1771,554713353,"01771M12:48:58.533","01771 12:36:52",242.03,862.27,,,,"     ",5.30,977.34,1.33
1771,554713354,"01771M12:48:59.507","01771 12:36:53",241.85,862.27,,,,"     ",5.30,966.79,1.31
1771,554713355,"01771M12:49:00.480","01771 12:36:54",241.67,862.19,,,,"     ",5.30,975.23,1.32
1771,554713356,"01771M12:49:01.453","01771 12:36:55",241.48,862.30,,,,"     ",5.30,972.50,1.32
1771,554713357,"01771M12:49:02.426","01771 12:36:56",241.29,862.33,,,,"     ",5.30,971.92,1.32
1771,554713358,"01771M12:49:03.400","01771 12:36:57",241.11,862.35,,,,"     ",5.30,988.95,1.34
1771,554713359,"01771M12:49:04.373","01771 12:36:58",240.95,862.33,,,,"     ",5.30,987.43,1.34
1771,554713360,"01771M12:49:05.346","01771 12:36:59",240.80,862.32,,,,"     ",5.30,979.37,1.33
1771,554713361,"01771M12:49:06.319","01771 12:37:00",240.66,862.31,,,,"     ",5.30,959.68,1.30
1771,554713362,"01771M12:49:07.293","01771 12:37:01",240.53,862.19,,,,"     ",5.30,988.18,1.34
1771,554713363,"01771M12:49:08.266","01771 12:37:02",240.42,862.11,,,,"     ",5.30,975.97,1.32
1771,554713364,"01771M12:49:09.239","01771 12:37:03",240.32,862.08,,,,"     ",5.30,975.08,1.32
1771,554713365,"01771M12:49:10.213","01771 12:37:04",240.23,862.19,,,,"     ",5.30,973.16,1.32
1771,554713366,"01771M12:49:11.186","01771 12:37:04",240.15,862.15,,,,"     ",5.30,965.05,1.30
1771,554713367,"01771M12:49:12.159","01771 12:37:05",240.08,862.19,,,,"     ",5.30,977.63,1.32
1771,554713368,"01771M12:49:13.132","01771 12:37:06",240.02,862.19,,,,"     ",5.30,964.46,1.30
1771,554713369,"01771M12:49:14.106","01771 12:37:07",239.95,862.23,,,,"     ",5.30,961.62,1.30
1771,554713370,"01771M12:49:15.079","01771 12:37:08",239.88,862.21,,,,"     ",5.30,968.30,1.31
1771,554713371,"01771M12:49:16.052","01771 12:37:09",239.82,862.23,,,,"     ",5.30,978.76,1.32
1771,554713372,"01771M12:49:17.025","01771 12:37:10",239.76,862.17,,,,"     ",5.30,972.32,1.31
1771,554713373,"01771M12:49:17.999","01771 12:37:11",239.72,862.31,,,,"     ",5.30,974.04,1.32
1771,554713374,"01771M12:49:18.972","01771 12:37:12",239.69,862.22,,,,"     ",5.30,967.04,1.31
1771,554713375,"01771M12:49:19.945","01771 12:37:13",239.67,862.27,,,,"     ",5.30,985.47,1.33
1771,554713376,"01771M12:49:20.918","01771 12:37:14",239.64,862.18,,,,"     ",5.30,976.27,1.32
1771,554713377,"01771M12:49:21.892","01771 12:37:15",239.61,862.12,,,,"     ",5.30,984.08,1.33
1771,554713378,"01771M12:49:22.865","01771 12:37:16",239.57,862.13,,,,"     ",5.30,980.03,1.32
1771,554713379,"01771M12:49:23.838","01771 12:37:17",239.53,862.18,,,,"     ",5.30,984.55,1.33
1771,554713380,"01771M12:49:24.811","01771 12:37:18",239.49,862.19,,,,"     ",5.30,971.05,1.31
1771,554713381,"01771M12:49:25.785","01771 12:37:19",239.47,862.16,,,,"     ",5.30,973.34,1.31
1771,554713382,"01771M12:49:26.758","01771 12:37:20",239.48,862.18,,,,"     ",5.30,983.07,1.33
1771,554713383,"01771M12:49:27.731","01771 12:37:21",239.51,862.16,,,,"     ",5.30,973.74,1.31
1771,554713384,"01771M12:49:28.704","01771 12:37:22",239.58,862.10,,,,"     ",5.30,973.73,1.31
1771,554713385,"01771M12:49:29.678","01771 12:37:23",239.66,862.03,,,,"     ",5.30,973.40,1.31
1771,554713386,"01771M12:49:30.651","01771 12:37:24",239.74,861.98,,,,"     ",5.30,967.21,1.30
1771,554713387,"01771M12:49:31.624","01771 12:37:25",239.82,862.08,,,,"     ",5.30,970.32,1.31
1771,554713388,"01771M12:49:32.597","01771 12:37:26",239.90,862.16,,,,"     ",5.30,976.57,1.32
1771,554713389,"01771M12:49:33.571","01771 12:37:27",239.96,862.17,,,,"     ",5.30,985.72,1.33
1771,554713390,"01771M12:49:34.544","01771 12:37:28",240.00,862.19,,,,"     ",5.30,980.98,1.32
1771,554713391,"01771M12:49:35.517","01771 12:37:29",240.03,862.18,,,,"     ",5.30,973.38,1.31
1771,554713392,"01771M12:49:36.490","01771 12:37:30",240.03,862.13,,,,"     ",5.30,987.68,1.33
1771,554713393,"01771M12:49:37.464","01771 12:37:31",239.99,862.09,,,,"     ",5.30,989.46,1.33
1771,554713394,"01771M12:49:38.437","01771 12:37:32",239.91,862.19,,,,"     ",5.30,987.65,1.33
1771,554713395,"01771M12:49:39.410","01771 12:37:33",239.80,862.11,,,,"     ",5.30,979.67,1.32
1771,554713396,"01771M12:49:40.383","01771 12:37:34",239.67,862.11,,,,"     ",5.30,989.25,1.33
1771,554713397,"01771M12:49:41.357","01771 12:37:35",239.53,862.14,,,,"     ",5.30,966.90,1.30
1771,554713398,"01771M12:49:42.330","01771 12:37:36",239.40,862.12,,,,"     ",5.30,983.34,1.32
1771,554713399,"01771M12:49:43.303","01771 12:37:37",239.30,862.11,,,,"     ",5.30,972.65,1.31
1771,554713400,"01771M12:49:44.276","01771 12:37:38",239.21,862.22,,,,"     ",5.30,981.34,1.32
1771,554713401,"01771M12:49:45.250","01771 12:37:39",239.15,862.09,,,,"     ",5.30,987.50,1.33
1771,554713402,"01771M12:49:46.223","01771 12:37:40",239.12,862.12,,,,"     ",5.30,985.59,1.33
1771,554713403,"01771M12:49:47.196","01771 12:37:41",239.11,862.12,,,,"     ",5.30,975.81,1.31
1771,554713404,"01771M12:49:48.169","01771 12:37:41",239.11,862.11,,,,"     ",5.30,970.73,1.30
1771,554713405,"01771M12:49:49.143","01771 12:37:42",239.11,862.23,,,,"     ",5.30,968.92,1.30
1771,554713406,"01771M12:49:50.116","01771 12:37:43",239.11,862.14,,,,"     ",5.30,977.73,1.31
1771,554713407,"01771M12:49:51.089","01771 12:37:44",239.11,862.18,,,,"     ",5.30,974.04,1.31
1771,554713408,"01771M12:49:52.062","01771 12:37:45",239.10,862.10,,,,"     ",5.30,990.26,1.33
1771,554713409,"01771M12:49:53.036","01771 12:37:46",239.08,862.09,,,,"     ",5.30,984.85,1.32
1771,554713410,"01771M12:49:54.009","01771 12:37:47",239.06,862.05,,,,"     ",5.30,968.83,1.30
1771,554713411,"01771M12:49:54.982","01771 12:37:48",239.02,862.09,,,,"     ",5.30,983.84,1.32
1771,554713412,"01771M12:49:55.955","01771 12:37:49",238.97,862.09,,,,"     ",5.30,982.81,1.32
1771,554713413,"01771M12:49:56.929","01771 12:37:50",238.90,862.07,,,,"     ",5.30,983.23,1.32
1771,554713414,"01771M12:49:57.902","01771 12:37:51",238.81,862.03,,,,"     ",5.30,976.12,1.31
1771,554713415,"01771M12:49:58.875","01771 12:37:52",238.71,862.03,,,,"     ",5.30,987.20,1.33
1771,554713416,"01771M12:49:59.848","01771 12:37:53",238.61,862.00,,,,"     ",5.30,980.06,1.32
1771,554713417,"01771M12:50:00.822","01771 12:37:54",238.51,862.09,,,,"     ",5.30,968.66,1.30
1771,554713418,"01771M12:50:01.795","01771 12:37:55",238.41,862.11,,,,"     ",5.30,978.69,1.31
1771,554713419,"01771M12:50:02.768","01771 12:37:56",238.33,862.04,,,,"     ",5.30,975.04,1.31
1771,554713420,"01771M12:50:03.741","01771 12:37:57",238.24,862.05,,,,"     ",5.30,971.52,1.31
1771,554713421,"01771M12:50:04.715","01771 12:37:58",238.17,862.06,,,,"     ",5.30,971.68,1.30
1771,554713422,"01771M12:50:05.688","01771 12:37:59",238.10,862.02,,,,"     ",5.30,983.11,1.32
1771,554713423,"01771M12:50:06.661","01771 12:38:00",238.04,861.95,,,,"     ",5.30,978.15,1.31
1771,554713424,"01771M12:50:07.634","01771 12:38:01",237.98,862.01,,,,"     ",5.30,973.76,1.31
1771,554713425,"01771M12:50:08.608","01771 12:38:02",237.92,861.99,,,,"     ",5.30,976.63,1.31
1771,554713426,"01771M12:50:09.581","01771 12:38:03",237.87,861.90,,,,"     ",5.30,977.99,1.31
1771,554713427,"01771M12:50:10.554","01771 12:38:04",237.84,861.94,,,,"     ",5.30,984.82,1.32
1771,554713428,"01771M12:50:11.527","01771 12:38:05",237.84,861.99,,,,"     ",5.30,965.32,1.29
1771,554713429,"01771M12:50:12.501","01771 12:38:06",237.85,861.92,,,,"     ",5.30,978.19,1.31
1771,554713430,"01771M12:50:13.474","01771 12:38:07",237.87,861.78,,,,"     ",5.30,976.35,1.31
1771,554713431,"01771M12:50:14.447","01771 12:38:08",237.91,861.88,,,,"     ",5.30,995.12,1.34
1771,554713432,"01771M12:50:15.420","01771 12:38:09",237.95,861.78,,,,"     ",5.30,974.50,1.31
1771,554713433,"01771M12:50:16.394","01771 12:38:10",237.99,861.69,,,,"     ",5.30,977.04,1.31
1771,554713434,"01771M12:50:17.367","01771 12:38:11",238.03,861.86,,,,"     ",5.30,980.04,1.32
1771,554713435,"01771M12:50:18.340","01771 12:38:12",238.08,861.83,,,,"     ",5.30,982.40,1.32
1771,554713436,"01771M12:50:19.314","01771 12:38:13",238.13,861.87,,,,"     ",5.30,978.58,1.31
1771,554713437,"01771M12:50:20.287","01771 12:38:14",238.18,861.94,,,,"     ",5.30,972.41,1.31
1771,554713438,"01771M12:50:21.260","01771 12:38:15",238.24,861.94,,,,"     ",5.30,989.85,1.33
1771,554713439,"01771M12:50:22.233","01771 12:38:16",238.29,861.88,,,,"     ",5.30,977.76,1.31
1771,554713440,"01771M12:50:23.207","01771 12:38:17",238.33,861.96,,,,"     ",5.30,996.15,1.34
1771,554713441,"01771M12:50:24.180","01771 12:38:18",238.36,862.06,,,,"     ",5.30,984.46,1.32
1771,554713442,"01771M12:50:25.153","01771 12:38:18",238.36,861.98,,,,"     ",5.30,986.95,1.33
1771,554713443,"01771M12:50:26.126","01771 12:38:19",238.36,861.96,,,,"     ",5.30,977.67,1.31
1771,554713444,"01771M12:50:27.100","01771 12:38:20",238.36,862.02,,,,"     ",5.30,973.54,1.31
1771,554713445,"01771M12:50:28.073","01771 12:38:21",238.36,861.97,,,,"     ",5.30,982.39,1.32
1771,554713446,"01771M12:50:29.046","01771 12:38:22",238.37,861.97,,,,"     ",5.30,981.62,1.32
1771,554713447,"01771M12:50:30.019","01771 12:38:23",238.40,862.04,,,,"     ",5.30,988.69,1.33
1771,554713448,"01771M12:50:30.993","01771 12:38:24",238.44,861.99,,,,"     ",5.30,975.94,1.31
1771,554713449,"01771M12:50:31.966","01771 12:38:25",238.50,861.95,,,,"     ",5.30,972.95,1.31
1771,554713450,"01771M12:50:32.939","01771 12:38:26",238.56,861.98,,,,"     ",5.30,981.15,1.32
1771,554713451,"01771M12:50:33.912","01771 12:38:27",238.64,861.98,,,,"     ",5.30,974.95,1.31
1771,554713452,"01771M12:50:34.886","01771 12:38:28",238.71,862.00,,,,"     ",5.30,993.62,1.33
1771,554713453,"01771M12:50:35.859","01771 12:38:29",238.77,862.06,,,,"     ",5.30,984.71,1.32
1771,554713454,"01771M12:50:36.832","01771 12:38:30",238.82,862.03,,,,"     ",5.30,989.08,1.33
1771,554713455,"01771M12:50:37.805","01771 12:38:31",238.87,862.15,,,,"     ",5.30,984.02,1.32
1771,554713456,"01771M12:50:38.779","01771 12:38:32",238.92,861.98,,,,"     ",5.30,979.71,1.31
1771,554713457,"01771M12:50:39.752","01771 12:38:33",238.96,861.98,,,,"     ",5.30,994.19,1.34
1771,554713458,"01771M12:50:40.725","01771 12:38:34",239.00,862.00,,,,"     ",5.30,986.34,1.32
1771,554713459,"01771M12:50:41.698","01771 12:38:35",239.03,862.00,,,,"     ",5.30,988.16,1.33
1771,554713460,"01771M12:50:42.672","01771 12:38:36",239.06,862.00,,,,"     ",5.30,980.83,1.32
1771,554713461,"01771M12:50:43.645","01771 12:38:37",239.09,861.91,,,,"     ",5.30,986.47,1.32
1771,554713462,"01771M12:50:44.618","01771 12:38:38",239.11,861.90,,,,"     ",5.30,987.85,1.33
1771,554713463,"01771M12:50:45.591","01771 12:38:39",239.13,861.93,,,,"     ",5.30,987.19,1.32
1771,554713464,"01771M12:50:46.565","01771 12:38:40",239.14,861.90,,,,"     ",5.30,982.26,1.32
1771,554713465,"01771M12:50:47.538","01771 12:38:41",238.75,861.96,,,,"     ",5.30,988.63,1.33
1771,554713466,"01771M12:50:48.511","01771 12:38:42",238.64,861.91,,,,"     ",5.30,986.50,1.32
1771,554713467,"01771M12:50:49.484","01771 12:38:43",238.53,862.05,,,,"     ",5.30,972.47,1.30
1771,554713468,"01771M12:50:50.458","01771 12:38:44",238.42,861.99,,,,"     ",5.30,994.00,1.33
1771,554713469,"01771M12:50:51.431","01771 12:38:45",238.31,862.07,,,,"     ",5.30,966.66,1.29
1771,554713470,"01771M12:50:52.404","01771 12:38:46",238.21,861.93,,,,"     ",5.30,974.33,1.30
1771,554713471,"01771M12:50:53.377","01771 12:38:47",238.10,861.85,,,,"     ",5.30,979.09,1.31
1771,554713472,"01771M12:50:54.351","01771 12:38:48",237.99,861.98,,,,"     ",5.30,987.86,1.32
1771,554713473,"01771M12:50:55.324","01771 12:38:49",237.90,861.96,,,,"     ",5.30,981.14,1.31
1771,554713474,"01771M12:50:56.297","01771 12:38:50",237.80,861.89,,,,"     ",5.30,989.59,1.33
1771,554713475,"01771M12:50:57.270","01771 12:38:51",237.71,861.89,,,,"     ",5.30,987.59,1.32
1771,554713476,"01771M12:50:58.244","01771 12:38:52",237.62,861.89,,,,"     ",5.30,979.66,1.31
1771,554713477,"01771M12:50:59.217","01771 12:38:53",237.53,861.89,,,,"     ",5.30,975.88,1.31
1771,554713478,"01771M12:51:00.190","01771 12:38:54",237.43,861.91,,,,"     ",5.30,987.34,1.32
1771,554713479,"01771M12:51:01.163","01771 12:38:54",237.31,861.88,,,,"     ",5.30,984.71,1.32
1771,554713480,"01771M12:51:02.137","01771 12:38:55",237.25,861.92,,,,"     ",5.30,995.48,1.33
1771,554713481,"01771M12:51:03.110","01771 12:38:56",237.22,861.82,,,,"     ",5.30,988.79,1.32
1771,554713482,"01771M12:51:04.083","01771 12:38:57",237.23,861.90,,,,"     ",5.30,970.71,1.30
1771,554713483,"01771M12:51:05.056","01771 12:38:58",237.27,861.86,,,,"     ",5.30,983.73,1.32
1771,554713484,"01771M12:51:06.030","01771 12:38:59",237.34,861.90,,,,"     ",5.30,987.65,1.32
1771,554713485,"01771M12:51:07.003","01771 12:39:00",237.42,861.92,,,,"     ",5.30,983.55,1.32
1771,554713486,"01771M12:51:07.976","01771 12:39:01",237.52,861.93,,,,"     ",5.30,988.56,1.32
1771,554713487,"01771M12:51:08.949","01771 12:39:02",237.61,861.84,,,,"     ",5.30,982.19,1.31
1771,554713488,"01771M12:51:09.923","01771 12:39:03",237.69,861.86,,,,"     ",5.30,981.61,1.31
1771,554713489,"01771M12:51:10.896","01771 12:39:04",237.74,861.82,,,,"     ",5.30,967.94,1.29
1771,554713490,"01771M12:51:11.869","01771 12:39:05",237.77,861.83,,,,"     ",5.30,988.54,1.32
1771,554713491,"01771M12:51:12.842","01771 12:39:06",237.77,861.85,,,,"     ",5.30,979.17,1.31
1771,554713492,"01771M12:51:13.816","01771 12:39:07",237.74,861.87,,,,"     ",5.30,994.39,1.33
1771,554713493,"01771M12:51:14.789","01771 12:39:08",237.69,861.79,,,,"     ",5.30,988.66,1.32
1771,554713494,"01771M12:51:15.762","01771 12:39:09",237.62,861.81,,,,"     ",5.30,986.23,1.32
1771,554713495,"01771M12:51:16.735","01771 12:39:10",237.53,861.90,,,,"     ",5.30,983.85,1.31
1771,554713496,"01771M12:51:17.709","01771 12:39:11",237.43,861.83,,,,"     ",5.30,977.21,1.31
1771,554713497,"01771M12:51:18.682","01771 12:39:12",237.31,861.85,,,,"     ",5.30,987.10,1.32
1771,554713498,"01771M12:51:19.655","01771 12:39:13",237.18,861.91,,,,"     ",5.30,980.79,1.31
1771,554713499,"01771M12:51:20.628","01771 12:39:14",237.06,861.91,,,,"     ",5.30,992.56,1.33
1771,554713500,"01771M12:51:21.602","01771 12:39:15",236.94,861.83,,,,"     ",5.30,982.89,1.31
1771,554713501,"01771M12:51:22.575","01771 12:39:16",236.82,861.87,,,,"     ",5.30,986.93,1.32
1771,554713502,"01771M12:51:23.548","01771 12:39:17",236.70,861.82,,,,"     ",5.30,976.99,1.30
1771,554713503,"01771M12:51:24.521","01771 12:39:18",236.59,861.82,,,,"     ",5.30,980.30,1.31
1771,554713504,"01771M12:51:25.495","01771 12:39:19",236.48,861.78,,,,"     ",5.30,988.54,1.32
1771,554713505,"01771M12:51:26.468","01771 12:39:20",236.39,861.78,,,,"     ",5.30,979.70,1.31
1771,554713506,"01771M12:51:27.441","01771 12:39:21",236.31,861.84,,,,"     ",5.30,989.77,1.32
1771,554713507,"01771M12:51:28.414","01771 12:39:22",236.25,861.83,,,,"     ",5.30,985.11,1.31
1771,554713508,"01771M12:51:29.388","01771 12:39:23",236.20,861.85,,,,"     ",5.30,989.58,1.32
1771,554713509,"01771M12:51:30.361","01771 12:39:24",236.18,861.95,,,,"     ",5.30,980.59,1.31
1771,554713510,"01771M12:51:31.334","01771 12:39:25",236.18,861.89,,,,"     ",5.30,982.36,1.31
1771,554713511,"01771M12:51:32.308","01771 12:39:26",236.18,861.77,,,,"     ",5.30,984.70,1.31
1771,554713512,"01771M12:51:33.281","01771 12:39:27",236.18,861.84,,,,"     ",5.30,988.37,1.32
1771,554713513,"01771M12:51:34.254","01771 12:39:28",236.19,861.76,,,,"     ",5.30,981.80,1.31
1771,554713514,"01771M12:51:35.227","01771 12:39:29",236.19,861.74,,,,"     ",5.30,986.18,1.32
1771,554713515,"01771M12:51:36.201","01771 12:39:30",236.21,861.85,,,,"     ",5.30,987.99,1.32
1771,554713516,"01771M12:51:37.174","01771 12:39:31",236.22,861.88,,,,"     ",5.30,979.75,1.31
1771,554713517,"01771M12:51:38.147","01771 12:39:31",236.24,861.76,,,,"     ",5.30,980.81,1.31
1771,554713518,"01771M12:51:39.120","01771 12:39:32",236.25,861.79,,,,"     ",5.30,981.37,1.31
1771,554713519,"01771M12:51:40.094","01771 12:39:33",236.26,861.82,,,,"     ",5.30,999.61,1.33
1771,554713520,"01771M12:51:41.067","01771 12:39:34",236.26,861.71,,,,"     ",5.30,987.59,1.32
1771,554713521,"01771M12:51:42.040","01771 12:39:35",236.24,861.85,,,,"     ",5.30,976.31,1.30
1771,554713522,"01771M12:51:43.013","01771 12:39:36",236.21,861.80,,,,"     ",5.30,987.06,1.32
1771,554713523,"01771M12:51:43.987","01771 12:39:37",236.18,861.80,,,,"     ",5.30,987.22,1.32
1771,554713524,"01771M12:51:44.960","01771 12:39:38",236.14,861.83,,,,"     ",5.30,993.91,1.33
1771,554713525,"01771M12:51:45.933","01771 12:39:39",236.10,861.79,,,,"     ",5.30,980.91,1.31
1771,554713526,"01771M12:51:46.906","01771 12:39:40",236.07,861.76,,,,"     ",5.30,982.99,1.31
1771,554713527,"01771M12:51:47.880","01771 12:39:41",236.03,861.79,,,,"     ",5.30,988.46,1.32
1771,554713528,"01771M12:51:48.853","01771 12:39:42",235.99,861.71,,,,"     ",5.30,984.95,1.31
1771,554713529,"01771M12:51:49.826","01771 12:39:43",235.97,861.76,,,,"     ",5.30,990.61,1.32
1771,554713530,"01771M12:51:50.799","01771 12:39:44",235.95,861.82,,,,"     ",5.30,992.47,1.32
1771,554713531,"01771M12:51:51.773","01771 12:39:45",235.94,861.72,,,,"     ",5.30,990.73,1.32
1771,554713532,"01771M12:51:52.746","01771 12:39:46",235.96,861.71,,,,"     ",5.30,992.92,1.33
1771,554713533,"01771M12:51:53.719","01771 12:39:47",236.01,861.69,,,,"     ",5.30,982.18,1.31
1771,554713534,"01771M12:51:54.692","01771 12:39:48",236.06,861.71,,,,"     ",5.30,978.69,1.30
1771,554713535,"01771M12:51:55.666","01771 12:39:49",236.12,861.69,,,,"     ",5.30,984.82,1.31
1771,554713536,"01771M12:51:56.639","01771 12:39:50",236.18,861.82,,,,"     ",5.30,986.38,1.32
1771,554713537,"01771M12:51:57.612","01771 12:39:51",236.24,861.80,,,,"     ",5.30,995.32,1.33
1771,554713538,"01771M12:51:58.585","01771 12:39:52",236.28,861.77,,,,"     ",5.30,973.43,1.30
1771,554713539,"01771M12:51:59.559","01771 12:39:53",236.30,861.74,,,,"     ",5.30,984.36,1.31
1771,554713540,"01771M12:52:00.532","01771 12:39:54",236.31,861.81,,,,"     ",5.30,985.75,1.31
1771,554713541,"01771M12:52:01.505","01771 12:39:55",236.29,861.83,,,,"     ",5.30,980.72,1.31
1771,554713542,"01771M12:52:02.478","01771 12:39:56",236.27,861.79,,,,"     ",5.30,994.33,1.33
1771,554713543,"01771M12:52:03.452","01771 12:39:57",236.24,861.74,,,,"     ",5.30,980.04,1.31
1771,554713544,"01771M12:52:04.425","01771 12:39:58",236.20,861.75,,,,"     ",5.30,985.64,1.31
1771,554713545,"01771M12:52:05.398","01771 12:39:59",236.16,861.78,,,,"     ",5.30,978.43,1.30
1771,554713546,"01771M12:52:06.371","01771 12:40:00",236.10,861.66,,,,"     ",5.30,985.18,1.31
1771,554713547,"01771M12:52:07.345","01771 12:40:01",236.05,861.73,,,,"     ",5.30,985.58,1.31
1771,554713548,"01771M12:52:08.318","01771 12:40:02",235.99,861.72,,,,"     ",5.30,986.86,1.32
1771,554713549,"01771M12:52:09.291","01771 12:40:03",235.94,861.74,,,,"     ",5.30,976.62,1.30
1771,554713550,"01771M12:52:10.264","01771 12:40:04",235.90,861.87,,,,"     ",5.30,994.31,1.33
1771,554713551,"01771M12:52:11.238","01771 12:40:05",235.87,861.84,,,,"     ",5.30,987.32,1.32
1771,554713552,"01771M12:52:12.211","01771 12:40:06",235.84,861.80,,,,"     ",5.30,980.56,1.31
1771,554713553,"01771M12:52:13.184","01771 12:40:07",235.83,861.76,,,,"     ",5.30,990.83,1.32
1771,554713554,"01771M12:52:14.157","01771 12:40:08",235.81,861.73,,,,"     ",5.30,990.71,1.32
1771,554713555,"01771M12:52:15.131","01771 12:40:08",235.79,861.68,,,,"     ",5.30,990.28,1.32
1771,554713556,"01771M12:52:16.104","01771 12:40:09",235.78,861.77,,,,"     ",5.30,975.91,1.30
1771,554713557,"01771M12:52:17.077","01771 12:40:10",235.76,861.70,,,,"     ",5.30,984.35,1.31
1771,554713558,"01771M12:52:18.050","01771 12:40:11",235.73,861.72,,,,"     ",5.30,987.08,1.32
1771,554713559,"01771M12:52:19.024","01771 12:40:12",235.69,861.74,,,,"     ",5.30,986.09,1.31
1771,554713560,"01771M12:52:19.997","01771 12:40:13",235.65,861.75,,,,"     ",5.30,996.30,1.33
1771,554713561,"01771M12:52:20.970","01771 12:40:14",235.60,861.73,,,,"     ",5.30,983.35,1.31
1771,554713562,"01771M12:52:21.943","01771 12:40:15",235.55,861.70,,,,"     ",5.30,982.07,1.31
1771,554713563,"01771M12:52:22.917","01771 12:40:16",235.51,861.75,,,,"     ",5.30,989.91,1.32
1771,554713564,"01771M12:52:23.890","01771 12:40:17",235.47,861.74,,,,"     ",5.30,989.70,1.32
1771,554713565,"01771M12:52:24.863","01771 12:40:18",235.44,861.68,,,,"     ",5.30,982.82,1.31
1771,554713566,"01771M12:52:25.836","01771 12:40:19",235.41,861.64,,,,"     ",5.30,990.55,1.32
1771,554713567,"01771M12:52:26.810","01771 12:40:20",235.39,861.62,,,,"     ",5.30,987.41,1.32
1771,554713568,"01771M12:52:27.783","01771 12:40:21",235.39,861.64,,,,"     ",5.30,982.26,1.31
1771,554713569,"01771M12:52:28.756","01771 12:40:22",235.38,861.72,,,,"     ",5.30,990.53,1.32
1771,554713570,"01771M12:52:29.729","01771 12:40:23",235.38,861.66,,,,"     ",5.30,990.90,1.32
1771,554713571,"01771M12:52:30.703","01771 12:40:24",235.39,861.71,,,,"     ",5.30,976.71,1.30
1771,554713572,"01771M12:52:31.676","01771 12:40:25",235.39,861.63,,,,"     ",5.30,988.11,1.32
1771,554713573,"01771M12:52:32.649","01771 12:40:26",235.38,861.58,,,,"     ",5.30,994.16,1.32
1771,554713574,"01771M12:52:33.622","01771 12:40:27",235.38,861.53,,,,"     ",5.30,983.75,1.31
1771,554713575,"01771M12:52:34.596","01771 12:40:28",235.36,861.47,,,,"     ",5.30,984.69,1.31
1771,554713576,"01771M12:52:35.569","01771 12:40:29",235.34,861.59,,,,"     ",5.30,979.49,1.30
1771,554713577,"01771M12:52:36.542","01771 12:40:30",235.31,861.57,,,,"     ",5.30,984.43,1.31
1771,554713578,"01771M12:52:37.515","01771 12:40:31",235.28,861.53,,,,"     ",5.30,990.01,1.32
1771,554713579,"01771M12:52:38.489","01771 12:40:32",235.24,861.50,,,,"     ",5.30,973.31,1.30
1771,554713580,"01771M12:52:39.462","01771 12:40:33",235.22,861.63,,,,"     ",5.30,983.81,1.31
1771,554713581,"01771M12:52:40.435","01771 12:40:34",235.22,861.57,,,,"     ",5.30,979.64,1.31
1771,554713582,"01771M12:52:41.409","01771 12:40:35",235.25,861.59,,,,"     ",5.30,994.86,1.33
1771,554713583,"01771M12:52:42.382","01771 12:40:36",235.31,861.58,,,,"     ",5.30,979.90,1.31
1771,554713584,"01771M12:52:43.355","01771 12:40:37",235.39,861.56,,,,"     ",5.30,990.14,1.32
1771,554713585,"01771M12:52:44.328","01771 12:40:38",235.48,861.59,,,,"     ",5.30,985.17,1.32
1771,554713586,"01771M12:52:45.302","01771 12:40:39",235.57,861.70,,,,"     ",5.30,971.41,1.30
1771,554713587,"01771M12:52:46.275","01771 12:40:40",235.66,861.77,,,,"     ",5.30,983.75,1.31
1771,554713588,"01771M12:52:47.248","01771 12:40:41",235.74,861.63,,,,"     ",5.30,983.11,1.31
1771,554713589,"01771M12:52:48.221","01771 12:40:42",235.82,861.64,,,,"     ",5.30,982.90,1.31
1771,554713590,"01771M12:52:49.195","01771 12:40:43",235.88,861.71,,,,"     ",5.30,987.01,1.32
1771,554713591,"01771M12:52:50.168","01771 12:40:44",235.95,861.83,,,,"     ",5.30,983.42,1.31
1771,554713592,"01771M12:52:51.141","01771 12:40:45",236.00,861.87,,,,"     ",5.30,978.04,1.31
1771,554713593,"01771M12:52:52.114","01771 12:40:45",236.05,861.85,,,,"     ",5.30,972.57,1.30
1771,554713594,"01771M12:52:53.088","01771 12:40:46",236.08,861.87,,,,"     ",5.30,990.49,1.33
1771,554713595,"01771M12:52:54.061","01771 12:40:47",236.09,861.82,,,,"     ",5.30,971.06,1.30
1771,554713596,"01771M12:52:55.034","01771 12:40:48",236.08,861.86,,,,"     ",5.30,985.00,1.32
1771,554713597,"01771M12:52:56.007","01771 12:40:49",236.06,861.88,,,,"     ",5.30,994.49,1.33
1771,554713598,"01771M12:52:56.981","01771 12:40:50",236.04,861.87,,,,"     ",5.30,985.73,1.32
1771,554713599,"01771M12:52:57.954","01771 12:40:51",236.04,861.83,,,,"     ",5.30,986.06,1.32
1771,554713600,"01771M12:52:58.927","01771 12:40:52",236.05,861.81,,,,"     ",5.30,994.80,1.33
1771,554713601,"01771M12:52:59.900","01771 12:40:53",236.08,861.81,,,,"     ",5.30,974.86,1.30
1771,554713602,"01771M12:53:00.874","01771 12:40:54",236.14,861.80,,,,"     ",5.30,980.05,1.31
1771,554713603,"01771M12:53:01.847","01771 12:40:55",236.21,861.88,,,,"     ",5.30,983.56,1.32
1771,554713604,"01771M12:53:02.820","01771 12:40:56",236.30,861.93,,,,"     ",5.30,998.62,1.34
1771,554713605,"01771M12:53:03.793","01771 12:40:57",236.40,861.95,,,,"     ",5.30,979.99,1.31
1771,554713606,"01771M12:53:04.767","01771 12:40:58",236.51,861.96,,,,"     ",5.30,989.29,1.32
1771,554713607,"01771M12:53:05.740","01771 12:40:59",236.66,861.91,,,,"     ",5.30,978.38,1.31
1771,554713608,"01771M12:53:06.713","01771 12:41:00",236.82,861.93,,,,"     ",5.30,989.17,1.32
1771,554713609,"01771M12:53:07.686","01771 12:41:01",236.99,861.88,,,,"     ",5.30,981.62,1.31
1771,554713610,"01771M12:53:08.660","01771 12:41:02",237.16,861.86,,,,"     ",5.30,987.37,1.32
1771,554713611,"01771M12:53:09.633","01771 12:41:03",237.33,861.87,,,,"     ",5.30,987.75,1.32
1771,554713612,"01771M12:53:10.606","01771 12:41:04",237.48,861.87,,,,"     ",5.30,983.50,1.32
1771,554713613,"01771M12:53:11.579","01771 12:41:05",237.63,861.80,,,,"     ",5.30,979.82,1.31
1771,554713614,"01771M12:53:12.553","01771 12:41:06",237.77,861.69,,,,"     ",5.30,978.73,1.31
1771,554713615,"01771M12:53:13.526","01771 12:41:07",237.91,861.78,,,,"     ",5.30,980.33,1.31
1771,554713616,"01771M12:53:14.499","01771 12:41:08",238.06,861.79,,,,"     ",5.30,988.66,1.32
1771,554713617,"01771M12:53:15.472","01771 12:41:09",238.21,861.72,,,,"     ",5.30,988.41,1.32
1771,554713618,"01771M12:53:16.446","01771 12:41:10",238.36,861.67,,,,"     ",5.30,978.88,1.31
1771,554713619,"01771M12:53:17.419","01771 12:41:11",238.50,861.68,,,,"     ",5.30,990.78,1.32
1771,554713620,"01771M12:53:18.392","01771 12:41:12",238.62,861.78,,,,"     ",5.30,988.51,1.32
1771,554713621,"01771M12:53:19.365","01771 12:41:13",238.72,861.80,,,,"     ",5.30,995.10,1.33
1771,554713622,"01771M12:53:20.339","01771 12:41:14",238.81,861.74,,,,"     ",5.30,992.68,1.33
1771,554713623,"01771M12:53:21.312","01771 12:41:15",238.87,861.71,,,,"     ",5.30,978.16,1.31
1771,554713624,"01771M12:53:22.285","01771 12:41:16",238.91,861.70,,,,"     ",5.30,990.75,1.32
1771,554713625,"01771M12:53:23.258","01771 12:41:17",238.93,861.74,,,,"     ",5.30,984.61,1.31
1771,554713626,"01771M12:53:24.232","01771 12:41:18",238.91,861.72,,,,"     ",5.30,997.20,1.33
1771,554713627,"01771M12:53:25.205","01771 12:41:19",238.87,861.67,,,,"     ",5.30,990.27,1.32
1771,554713628,"01771M12:53:26.178","01771 12:41:20",238.81,861.67,,,,"     ",5.30,971.97,1.30
1771,554713629,"01771M12:53:27.151","01771 12:41:21",238.73,861.74,,,,"     ",5.30,987.99,1.32
1771,554713630,"01771M12:53:28.125","01771 12:41:21",238.65,861.67,,,,"     ",5.30,990.82,1.32
1771,554713631,"01771M12:53:29.098","01771 12:41:22",238.57,861.77,,,,"     ",5.30,984.32,1.31
1771,554713632,"01771M12:53:30.071","01771 12:41:23",238.51,861.74,,,,"     ",5.30,971.28,1.29
1771,554713633,"01771M12:53:31.044","01771 12:41:24",238.46,861.73,,,,"     ",5.30,975.76,1.30
1771,554713634,"01771M12:53:32.018","01771 12:41:25",238.43,861.67,,,,"     ",5.30,992.64,1.32
1771,554713635,"01771M12:53:32.991","01771 12:41:26",238.40,861.66,,,,"     ",5.30,979.66,1.30
1771,554713636,"01771M12:53:33.964","01771 12:41:27",238.39,861.66,,,,"     ",5.30,983.04,1.31
1771,554713637,"01771M12:53:34.937","01771 12:41:28",238.37,861.71,,,,"     ",5.30,991.48,1.32
1771,554713638,"01771M12:53:35.911","01771 12:41:29",238.36,861.61,,,,"     ",5.30,985.98,1.31
1771,554713639,"01771M12:53:36.884","01771 12:41:30",238.34,861.68,,,,"     ",5.30,988.57,1.32
1771,554713640,"01771M12:53:37.857","01771 12:41:31",238.31,861.62,,,,"     ",5.30,984.40,1.31
1771,554713641,"01771M12:53:38.830","01771 12:41:32",238.27,861.58,,,,"     ",5.30,981.99,1.31
1771,554713642,"01771M12:53:39.804","01771 12:41:33",238.20,861.65,,,,"     ",5.30,985.70,1.31
1771,554713643,"01771M12:53:40.777","01771 12:41:34",238.13,861.67,,,,"     ",5.30,980.83,1.31
1771,554713644,"01771M12:53:41.750","01771 12:41:35",238.04,861.67,,,,"     ",5.30,988.28,1.32
1771,554713645,"01771M12:53:42.723","01771 12:41:36",237.94,861.69,,,,"     ",5.30,986.45,1.31
1771,554713646,"01771M12:53:43.697","01771 12:41:37",237.83,861.73,,,,"     ",5.30,994.88,1.33
1771,554713647,"01771M12:53:44.670","01771 12:41:38",237.73,861.69,,,,"     ",5.30,989.48,1.32
1771,554713648,"01771M12:53:45.643","01771 12:41:39",237.65,861.77,,,,"     ",5.30,993.86,1.32
1771,554713649,"01771M12:53:46.616","01771 12:41:40",237.58,861.85,,,,"     ",5.30,985.62,1.31
1771,554713650,"01771M12:53:47.590","01771 12:41:41",237.52,861.78,,,,"     ",5.30,987.42,1.32
1771,554713651,"01771M12:53:48.563","01771 12:41:42",237.47,861.74,,,,"     ",5.30,981.11,1.31
1771,554713652,"01771M12:53:49.536","01771 12:41:43",237.43,861.67,,,,"     ",5.30,983.15,1.31
1771,554713653,"01771M12:53:50.510","01771 12:41:44",237.40,861.74,,,,"     ",5.30,988.06,1.32
1771,554713654,"01771M12:53:51.483","01771 12:41:45",237.38,861.62,,,,"     ",5.30,983.78,1.31
1771,554713655,"01771M12:53:52.456","01771 12:41:46",237.36,861.63,,,,"     ",5.30,987.96,1.32
1771,554713656,"01771M12:53:53.429","01771 12:41:47",237.33,861.70,,,,"     ",5.30,985.39,1.31
1771,554713657,"01771M12:53:54.403","01771 12:41:48",237.28,861.76,,,,"     ",5.30,978.86,1.30
1771,554713658,"01771M12:53:55.376","01771 12:41:49",237.22,861.76,,,,"     ",5.30,987.78,1.32
1771,554713659,"01771M12:53:56.349","01771 12:41:50",237.15,861.77,,,,"     ",5.30,981.01,1.31
1771,554713660,"01771M12:53:57.322","01771 12:41:51",237.06,861.63,,,,"     ",5.30,987.67,1.32
1771,554713661,"01771M12:53:58.296","01771 12:41:52",236.97,861.77,,,,"     ",5.30,973.29,1.30
1771,554713662,"01771M12:53:59.269","01771 12:41:53",236.88,861.72,,,,"     ",5.30,990.88,1.32
1771,554713663,"01771M12:54:00.242","01771 12:41:54",236.78,861.69,,,,"     ",5.30,985.68,1.32
1771,554713664,"01771M12:54:01.215","01771 12:41:55",236.70,861.71,,,,"     ",5.30,986.92,1.32
1771,554713665,"01771M12:54:02.189","01771 12:41:56",236.61,861.68,,,,"     ",5.30,984.43,1.31
1771,554713666,"01771M12:54:03.162","01771 12:41:57",236.55,861.65,,,,"     ",5.30,985.88,1.32
1771,554713667,"01771M12:54:04.135","01771 12:41:58",236.50,861.61,,,,"     ",5.30,982.71,1.31
1771,554713668,"01771M12:54:05.108","01771 12:41:58",236.46,861.68,,,,"     ",5.30,995.20,1.33
1771,554713669,"01771M12:54:06.082","01771 12:41:59",236.43,861.74,,,,"     ",5.30,980.19,1.31
1771,554713670,"01771M12:54:07.055","01771 12:42:00",236.43,861.68,,,,"     ",5.30,986.71,1.32
1771,554713671,"01771M12:54:08.028","01771 12:42:01",236.43,861.69,,,,"     ",5.30,992.56,1.33
1771,554713672,"01771M12:54:09.001","01771 12:42:02",236.45,861.68,,,,"     ",5.30,982.42,1.31
1771,554713673,"01771M12:54:09.975","01771 12:42:03",236.46,861.65,,,,"     ",5.30,969.64,1.30
1771,554713674,"01771M12:54:10.948","01771 12:42:04",236.48,861.68,,,,"     ",5.30,985.87,1.32
1771,554713675,"01771M12:54:11.921","01771 12:42:05",236.50,861.77,,,,"     ",5.30,978.33,1.31
1771,554713676,"01771M12:54:12.894","01771 12:42:06",236.51,861.74,,,,"     ",5.30,992.14,1.33
1771,554713677,"01771M12:54:13.868","01771 12:42:07",236.53,861.71,,,,"     ",5.30,973.05,1.30
1771,554713678,"01771M12:54:14.841","01771 12:42:08",236.55,861.70,,,,"     ",5.30,973.91,1.31
1771,554713679,"01771M12:54:15.814","01771 12:42:09",236.58,861.71,,,,"     ",5.30,976.83,1.31
1771,554713680,"01771M12:54:16.787","01771 12:42:10",236.61,861.72,,,,"     ",5.30,994.27,1.33
1771,554713681,"01771M12:54:17.761","01771 12:42:11",236.67,861.75,,,,"     ",5.30,974.82,1.31
1771,554713682,"01771M12:54:18.734","01771 12:42:12",236.74,861.74,,,,"     ",5.30,992.00,1.33
1771,554713683,"01771M12:54:19.707","01771 12:42:13",236.81,861.68,,,,"     ",5.30,985.34,1.32
1771,554713684,"01771M12:54:20.680","01771 12:42:14",236.90,861.71,,,,"     ",5.30,977.77,1.31
1771,554713685,"01771M12:54:21.654","01771 12:42:15",236.99,861.61,,,,"     ",5.30,983.28,1.32
1771,554713686,"01771M12:54:22.627","01771 12:42:16",237.08,861.66,,,,"     ",5.30,974.92,1.31
1771,554713687,"01771M12:54:23.600","01771 12:42:17",237.16,861.66,,,,"     ",5.30,961.94,1.29
1771,554713688,"01771M12:54:24.573","01771 12:42:18",237.23,861.67,,,,"     ",5.30,978.60,1.31
1771,554713689,"01771M12:54:25.547","01771 12:42:19",237.29,861.58,,,,"     ",5.30,974.93,1.31
1771,554713690,"01771M12:54:26.520","01771 12:42:20",237.34,861.62,,,,"     ",5.30,979.51,1.32
1771,554713691,"01771M12:54:27.493","01771 12:42:21",237.39,861.65,,,,"     ",5.30,966.56,1.30
1771,554713692,"01771M12:54:28.466","01771 12:42:22",237.45,861.66,,,,"     ",5.30,975.81,1.31
1771,554713693,"01771M12:54:29.440","01771 12:42:23",237.51,861.67,,,,"     ",5.30,969.76,1.30
1771,554713694,"01771M12:54:30.413","01771 12:42:24",237.56,861.69,,,,"     ",5.30,969.94,1.30
1771,554713695,"01771M12:54:31.386","01771 12:42:25",237.62,861.53,,,,"     ",5.30,979.18,1.32
1771,554713696,"01771M12:54:32.359","01771 12:42:26",237.68,861.51,,,,"     ",5.30,986.28,1.33
1771,554713697,"01771M12:54:33.333","01771 12:42:27",237.74,861.61,,,,"     ",5.30,973.25,1.31
1771,554713698,"01771M12:54:34.306","01771 12:42:28",237.79,861.59,,,,"     ",5.30,973.79,1.31
1771,554713699,"01771M12:54:35.279","01771 12:42:29",237.85,861.60,,,,"     ",5.30,978.77,1.32
1771,554713700,"01771M12:54:36.252","01771 12:42:30",237.90,861.57,,,,"     ",5.30,974.40,1.31
1771,554713701,"01771M12:54:37.226","01771 12:42:31",237.94,861.58,,,,"     ",5.30,982.70,1.32
1771,554713702,"01771M12:54:38.199","01771 12:42:32",237.96,861.60,,,,"     ",5.30,965.99,1.30
1771,554713703,"01771M12:54:39.172","01771 12:42:33",237.96,861.50,,,,"     ",5.30,976.44,1.31
1771,554713704,"01771M12:54:40.145","01771 12:42:34",237.95,861.59,,,,"     ",5.30,979.07,1.32
1771,554713705,"01771M12:54:41.119","01771 12:42:35",237.93,861.54,,,,"     ",5.30,975.61,1.31
1771,554713706,"01771M12:54:42.092","01771 12:42:35",237.92,861.55,,,,"     ",5.30,988.68,1.33
1771,554713707,"01771M12:54:43.065","01771 12:42:36",237.92,861.54,,,,"     ",5.30,970.38,1.30
1771,554713708,"01771M12:54:44.038","01771 12:42:37",237.94,861.54,,,,"     ",5.30,973.14,1.31
1771,554713709,"01771M12:54:45.012","01771 12:42:38",237.99,861.61,,,,"     ",5.30,974.73,1.31
1771,554713710,"01771M12:54:45.985","01771 12:42:39",238.08,861.60,,,,"     ",5.30,979.17,1.32
1771,554713711,"01771M12:54:46.958","01771 12:42:40",238.20,861.56,,,,"     ",5.30,976.48,1.31
1771,554713712,"01771M12:54:47.931","01771 12:42:41",238.33,861.69,,,,"     ",5.30,976.64,1.31
1771,554713713,"01771M12:54:48.905","01771 12:42:42",238.49,861.64,,,,"     ",5.30,991.75,1.33
1771,554713714,"01771M12:54:49.878","01771 12:42:43",238.66,861.62,,,,"     ",5.30,985.27,1.33
1771,554713715,"01771M12:54:50.851","01771 12:42:44",238.84,861.61,,,,"     ",5.30,974.99,1.31
1771,554713716,"01771M12:54:51.824","01771 12:42:45",239.03,861.51,,,,"     ",5.30,980.28,1.32
1771,554713717,"01771M12:54:52.798","01771 12:42:46",239.21,861.60,,,,"     ",5.30,981.67,1.32
1771,554713718,"01771M12:54:53.771","01771 12:42:47",239.38,861.58,,,,"     ",5.30,988.75,1.33
1771,554713719,"01771M12:54:54.744","01771 12:42:48",239.55,861.60,,,,"     ",5.30,981.34,1.32
1771,554713720,"01771M12:54:55.717","01771 12:42:49",239.72,861.59,,,,"     ",5.30,976.56,1.31
1771,554713721,"01771M12:54:56.691","01771 12:42:50",239.87,861.55,,,,"     ",5.30,981.77,1.32
1771,554713722,"01771M12:54:57.664","01771 12:42:51",239.99,861.61,,,,"     ",5.30,981.51,1.32
1771,554713723,"01771M12:54:58.637","01771 12:42:52",240.12,861.58,,,,"     ",5.30,968.32,1.30
1771,554713724,"01771M12:54:59.611","01771 12:42:53",240.23,861.59,,,,"     ",5.30,985.01,1.32
1771,554713725,"01771M12:55:00.584","01771 12:42:54",240.32,861.54,,,,"     ",5.30,980.44,1.32
1771,554713726,"01771M12:55:01.557","01771 12:42:55",240.41,861.46,,,,"     ",5.30,988.77,1.33
1771,554713727,"01771M12:55:02.530","01771 12:42:56",240.48,861.54,,,,"     ",5.30,976.72,1.31
1771,554713728,"01771M12:55:03.504","01771 12:42:57",240.55,861.56,,,,"     ",5.30,977.26,1.31
1771,554713729,"01771M12:55:04.477","01771 12:42:58",240.60,861.54,,,,"     ",5.30,971.53,1.30
1771,554713730,"01771M12:55:05.450","01771 12:42:59",240.66,861.58,,,,"     ",5.30,987.70,1.32
1771,554713731,"01771M12:55:06.423","01771 12:43:00",240.71,861.61,,,,"     ",5.30,984.40,1.32
1771,554713732,"01771M12:55:07.397","01771 12:43:01",240.77,861.59,,,,"     ",5.30,987.21,1.32
1771,554713733,"01771M12:55:08.370","01771 12:43:02",240.82,861.62,,,,"     ",5.30,979.02,1.31
1771,554713734,"01771M12:55:09.343","01771 12:43:03",240.90,861.59,,,,"     ",5.30,990.45,1.33
1771,554713735,"01771M12:55:10.316","01771 12:43:04",240.99,861.59,,,,"     ",5.30,966.03,1.29
1771,554713736,"01771M12:55:11.290","01771 12:43:05",241.08,861.53,,,,"     ",5.30,985.81,1.32
1771,554713737,"01771M12:55:12.263","01771 12:43:06",241.19,861.60,,,,"     ",5.30,985.47,1.32
1771,554713738,"01771M12:55:13.236","01771 12:43:07",241.31,861.58,,,,"     ",5.30,987.04,1.32
1771,554713739,"01771M12:55:14.209","01771 12:43:08",241.43,861.55,,,,"     ",5.30,968.10,1.29
1771,554713740,"01771M12:55:15.183","01771 12:43:09",241.56,861.54,,,,"     ",5.30,998.29,1.33
1771,554713741,"01771M12:55:16.156","01771 12:43:10",241.67,861.57,,,,"     ",5.30,981.25,1.31
1771,554713742,"01771M12:55:17.129","01771 12:43:11",241.76,861.57,,,,"     ",5.30,985.30,1.31
1771,554713743,"01771M12:55:18.102","01771 12:43:12",241.82,861.52,,,,"     ",5.30,976.25,1.30
1771,554713744,"01771M12:55:19.076","01771 12:43:12",241.86,861.54,,,,"     ",5.30,986.28,1.31
1771,554713745,"01771M12:55:20.049","01771 12:43:13",241.87,861.58,,,,"     ",5.30,988.10,1.32
1771,554713746,"01771M12:55:21.022","01771 12:43:14",241.85,861.59,,,,"     ",5.30,987.74,1.32
1771,554713747,"01771M12:55:21.995","01771 12:43:15",241.80,861.61,,,,"     ",5.30,982.33,1.31
1771,554713748,"01771M12:55:22.969","01771 12:43:16",241.74,861.55,,,,"     ",5.30,981.53,1.31
1771,554713749,"01771M12:55:23.942","01771 12:43:17",241.67,861.54,,,,"     ",5.30,984.25,1.31
1771,554713750,"01771M12:55:24.915","01771 12:43:18",241.58,861.57,,,,"     ",5.30,991.97,1.32
1771,554713751,"01771M12:55:25.888","01771 12:43:19",241.50,861.57,,,,"     ",5.30,984.80,1.31
1771,554713752,"01771M12:55:26.862","01771 12:43:20",241.42,861.56,,,,"     ",5.30,980.71,1.30
1771,554713753,"01771M12:55:27.835","01771 12:43:21",241.35,861.58,,,,"     ",5.30,979.04,1.30
1771,554713754,"01771M12:55:28.808","01771 12:43:22",241.29,861.57,,,,"     ",5.30,980.53,1.30
1771,554713755,"01771M12:55:29.781","01771 12:43:23",241.24,861.54,,,,"     ",5.30,986.08,1.31
1771,554713756,"01771M12:55:30.755","01771 12:43:24",241.20,861.44,,,,"     ",5.30,978.53,1.30
1771,554713757,"01771M12:55:31.728","01771 12:43:25",241.18,861.48,,,,"     ",5.30,995.78,1.32
1771,554713758,"01771M12:55:32.701","01771 12:43:26",241.18,861.46,,,,"     ",5.30,995.69,1.32
1771,554713759,"01771M12:55:33.674","01771 12:43:27",241.18,861.50,,,,"     ",5.30,988.35,1.31
1771,554713760,"01771M12:55:34.648","01771 12:43:28",241.18,861.51,,,,"     ",5.30,985.31,1.31
1771,554713761,"01771M12:55:35.621","01771 12:43:29",241.19,861.50,,,,"     ",5.30,985.76,1.31
1771,554713762,"01771M12:55:36.594","01771 12:43:30",241.20,861.63,,,,"     ",5.30,975.74,1.29
1771,554713763,"01771M12:55:37.567","01771 12:43:31",241.22,861.54,,,,"     ",5.30,989.85,1.31
1771,554713764,"01771M12:55:38.541","01771 12:43:32",241.25,861.50,,,,"     ",5.30,983.17,1.30
1771,554713765,"01771M12:55:39.514","01771 12:43:33",241.27,861.48,,,,"     ",5.30,982.88,1.30
1771,554713766,"01771M12:55:40.487","01771 12:43:34",241.31,861.52,,,,"     ",5.30,985.33,1.30
1771,554713767,"01771M12:55:41.460","01771 12:43:35",241.34,861.48,,,,"     ",5.30,987.74,1.31
1771,554713768,"01771M12:55:42.434","01771 12:43:36",241.38,861.54,,,,"     ",5.30,976.98,1.29
1771,554713769,"01771M12:55:43.407","01771 12:43:37",241.43,861.57,,,,"     ",5.30,987.77,1.31
1771,554713770,"01771M12:55:44.380","01771 12:43:38",241.47,861.51,,,,"     ",5.30,991.13,1.31
1771,554713771,"01771M12:55:45.353","01771 12:43:39",241.53,861.53,,,,"     ",5.30,991.22,1.31
1771,554713772,"01771M12:55:46.327","01771 12:43:40",241.58,861.61,,,,"     ",5.30,991.30,1.31
1771,554713773,"01771M12:55:47.300","01771 12:43:41",241.65,861.54,,,,"     ",5.30,982.75,1.30
1771,554713774,"01771M12:55:48.273","01771 12:43:42",241.64,861.60,,,,"     ",5.30,1000.50,1.32
1771,554713775,"01771M12:55:49.246","01771 12:43:43",241.64,861.54,,,,"     ",5.30,982.25,1.29
1771,554713776,"01771M12:55:50.220","01771 12:43:44",241.64,861.51,,,,"     ",5.30,996.74,1.31
1771,554713777,"01771M12:55:51.193","01771 12:43:45",241.65,861.50,,,,"     ",5.30,991.41,1.31
1771,554713778,"01771M12:55:52.166","01771 12:43:46",241.65,861.52,,,,"     ",5.30,990.36,1.30
1771,554713779,"01771M12:55:53.139","01771 12:43:47",241.67,861.54,,,,"     ",5.30,983.04,1.29
1771,554713780,"01771M12:55:54.113","01771 12:43:48",241.69,861.52,,,,"     ",5.30,989.60,1.30
1771,554713781,"01771M12:55:55.086","01771 12:43:48",241.71,861.50,,,,"     ",5.30,989.01,1.30
1771,554713782,"01771M12:55:56.059","01771 12:43:49",241.73,861.50,,,,"     ",5.30,989.88,1.30
1771,554713783,"01771M12:55:57.032","01771 12:43:50",241.76,861.47,,,,"     ",5.30,990.84,1.30
1771,554713784,"01771M12:55:58.006","01771 12:43:51",241.79,861.42,,,,"     ",5.30,998.99,1.31
1771,554713785,"01771M12:55:58.979","01771 12:43:52",241.82,861.41,,,,"     ",5.30,993.46,1.30
1771,554713786,"01771M12:55:59.952","01771 12:43:53",241.85,861.51,,,,"     ",5.30,996.58,1.31
1771,554713787,"01771M12:56:00.925","01771 12:43:54",241.90,861.48,,,,"     ",5.30,1001.39,1.31
1771,554713788,"01771M12:56:01.899","01771 12:43:55",241.97,861.47,,,,"     ",5.30,998.91,1.31
1771,554713789,"01771M12:56:02.872","01771 12:43:56",242.05,861.54,,,,"     ",5.30,999.36,1.31
1771,554713790,"01771M12:56:03.845","01771 12:43:57",242.13,861.55,,,,"     ",5.30,993.57,1.30
1771,554713791,"01771M12:56:04.818","01771 12:43:58",242.21,861.53,,,,"     ",5.30,990.99,1.30
1771,554713792,"01771M12:56:05.792","01771 12:43:59",242.29,861.51,,,,"     ",5.30,1003.76,1.31
1771,554713793,"01771M12:56:06.765","01771 12:44:00",242.37,861.49,,,,"     ",5.30,996.94,1.30
1771,554713794,"01771M12:56:07.738","01771 12:44:01",242.44,861.43,,,,"     ",5.30,995.98,1.30
1771,554713795,"01771M12:56:08.712","01771 12:44:02",242.50,861.44,,,,"     ",5.30,987.65,1.29
1771,554713796,"01771M12:56:09.685","01771 12:44:03",242.56,861.42,,,,"     ",5.30,1009.47,1.32
1771,554713797,"01771M12:56:10.658","01771 12:44:04",242.61,861.52,,,,"     ",5.30,999.15,1.31
1771,554713798,"01771M12:56:11.631","01771 12:44:05",242.65,861.53,,,,"     ",5.30,1006.21,1.31
1771,554713799,"01771M12:56:12.605","01771 12:44:06",242.68,861.48,,,,"     ",5.30,984.46,1.28
1771,554713800,"01771M12:56:13.578","01771 12:44:07",242.70,861.50,,,,"     ",5.30,984.53,1.28
1771,554713801,"01771M12:56:14.551","01771 12:44:08",242.71,861.50,,,,"     ",5.30,1002.41,1.31
1771,554713802,"01771M12:56:15.524","01771 12:44:09",242.69,861.47,,,,"     ",5.30,997.05,1.30
1771,554713803,"01771M12:56:16.498","01771 12:44:10",242.65,861.48,,,,"     ",5.30,997.64,1.30
1771,554713804,"01771M12:56:17.471","01771 12:44:11",242.61,861.50,,,,"     ",5.30,998.72,1.30
1771,554713805,"01771M12:56:18.444","01771 12:44:12",242.56,861.51,,,,"     ",5.30,1004.39,1.31
1771,554713806,"01771M12:56:19.417","01771 12:44:13",242.50,861.47,,,,"     ",5.30,1006.19,1.31
1771,554713807,"01771M12:56:20.391","01771 12:44:14",242.45,861.43,,,,"     ",5.30,1004.73,1.31
1771,554713808,"01771M12:56:21.364","01771 12:44:15",242.40,861.40,,,,"     ",5.30,1002.34,1.30
1771,554713809,"01771M12:56:22.337","01771 12:44:16",242.37,861.49,,,,"     ",5.30,990.11,1.29
1771,554713810,"01771M12:56:23.310","01771 12:44:17",242.35,861.44,,,,"     ",5.30,995.89,1.29
1771,554713811,"01771M12:56:24.284","01771 12:44:18",242.34,861.38,,,,"     ",5.30,1000.48,1.30
1771,554713812,"01771M12:56:25.257","01771 12:44:19",242.34,861.30,,,,"     ",5.30,990.22,1.28
1771,554713813,"01771M12:56:26.230","01771 12:44:20",242.34,861.35,,,,"     ",5.30,995.71,1.29
1771,554713814,"01771M12:56:27.203","01771 12:44:21",242.34,861.35,,,,"     ",5.30,995.02,1.29
1771,554713815,"01771M12:56:28.177","01771 12:44:22",242.32,861.42,,,,"     ",5.30,1009.24,1.31
1771,554713816,"01771M12:56:29.150","01771 12:44:23",242.30,861.39,,,,"     ",5.30,997.73,1.29
1771,554713817,"01771M12:56:30.123","01771 12:44:24",242.28,861.34,,,,"     ",5.30,1010.21,1.31
1771,554713818,"01771M12:56:31.096","01771 12:44:25",242.26,861.48,,,,"     ",5.30,981.74,1.27
1771,554713819,"01771M12:56:32.070","01771 12:44:25",242.24,861.39,,,,"     ",5.30,1006.21,1.30
1771,554713820,"01771M12:56:33.043","01771 12:44:26",242.24,861.33,,,,"     ",5.30,1005.93,1.30
1771,554713821,"01771M12:56:34.016","01771 12:44:27",242.24,861.42,,,,"     ",5.30,1007.35,1.30
1771,554713822,"01771M12:56:34.989","01771 12:44:28",242.25,861.43,,,,"     ",5.30,1004.01,1.30
1771,554713823,"01771M12:56:35.963","01771 12:44:29",242.27,861.40,,,,"     ",5.30,993.68,1.28
1771,554713824,"01771M12:56:36.936","01771 12:44:30",242.32,861.25,,,,"     ",5.30,1001.20,1.29
1771,554713825,"01771M12:56:37.909","01771 12:44:31",242.39,861.27,,,,"     ",5.30,1006.77,1.30
1771,554713826,"01771M12:56:38.882","01771 12:44:32",242.49,861.25,,,,"     ",5.30,1007.19,1.30
1771,554713827,"01771M12:56:39.856","01771 12:44:33",242.62,861.26,,,,"     ",5.30,1010.84,1.31
1771,554713828,"01771M12:56:40.829","01771 12:44:34",242.77,861.31,,,,"     ",5.30,1019.06,1.32
1771,554713829,"01771M12:56:41.802","01771 12:44:35",242.94,861.46,,,,"     ",5.30,988.87,1.27
1771,554713830,"01771M12:56:42.775","01771 12:44:36",243.11,861.44,,,,"     ",5.30,1020.40,1.32
1771,554713831,"01771M12:56:43.749","01771 12:44:37",243.29,861.42,,,,"     ",5.30,1000.06,1.29
1771,554713832,"01771M12:56:44.722","01771 12:44:38",243.45,861.44,,,,"     ",5.30,1005.24,1.30
1771,554713833,"01771M12:56:45.695","01771 12:44:39",243.62,861.44,,,,"     ",5.30,1017.52,1.31
1771,554713834,"01771M12:56:46.668","01771 12:44:40",243.77,861.50,,,,"     ",5.30,1012.21,1.30
1771,554713835,"01771M12:56:47.642","01771 12:44:41",243.92,861.48,,,,"     ",5.30,1011.84,1.30
1771,554713836,"01771M12:56:48.615","01771 12:44:42",244.07,861.41,,,,"     ",5.30,1008.63,1.30
1771,554713837,"01771M12:56:49.588","01771 12:44:43",244.19,861.40,,,,"     ",5.30,1008.74,1.30
1771,554713838,"01771M12:56:50.561","01771 12:44:44",244.29,861.40,,,,"     ",5.30,1020.72,1.31
1771,554713839,"01771M12:56:51.535","01771 12:44:45",244.37,861.39,,,,"     ",5.30,1010.55,1.30
1771,554713840,"01771M12:56:52.508","01771 12:44:46",244.43,861.28,,,,"     ",5.30,1011.90,1.30
1771,554713841,"01771M12:56:53.481","01771 12:44:47",244.47,861.22,,,,"     ",5.30,1007.09,1.29
1771,554713842,"01771M12:56:54.454","01771 12:44:48",244.49,861.28,,,,"     ",5.30,1008.51,1.29
1771,554713843,"01771M12:56:55.428","01771 12:44:49",244.49,861.31,,,,"     ",5.30,1019.07,1.31
1771,554713844,"01771M12:56:56.401","01771 12:44:50",244.50,861.26,,,,"     ",5.30,1026.27,1.32
1771,554713845,"01771M12:56:57.374","01771 12:44:51",244.50,861.24,,,,"     ",5.30,1000.68,1.28
1771,554713846,"01771M12:56:58.347","01771 12:44:52",244.52,861.33,,,,"     ",5.30,1008.31,1.29
1771,554713847,"01771M12:56:59.321","01771 12:44:53",244.53,861.35,,,,"     ",5.30,1011.20,1.30
1771,554713848,"01771M12:57:00.294","01771 12:44:54",244.54,861.36,,,,"     ",5.30,1006.28,1.29
1771,554713849,"01771M12:57:01.267","01771 12:44:55",244.56,861.32,,,,"     ",5.30,1010.84,1.29
1771,554713850,"01771M12:57:02.240","01771 12:44:56",244.57,861.34,,,,"     ",5.30,1009.30,1.29
1771,554713851,"01771M12:57:03.214","01771 12:44:57",244.60,861.30,,,,"     ",5.30,1022.29,1.31
1771,554713852,"01771M12:57:04.187","01771 12:44:58",244.63,861.29,,,,"     ",5.30,1027.77,1.31
1771,554713853,"01771M12:57:05.160","01771 12:44:59",244.67,861.33,,,,"     ",5.30,1008.06,1.29
1771,554713854,"01771M12:57:06.133","01771 12:45:00",244.71,861.35,,,,"     ",5.30,1011.08,1.29
1771,554713855,"01771M12:57:07.107","01771 12:45:01",244.77,861.33,,,,"     ",5.30,1005.19,1.28
1771,554713856,"01771M12:57:08.080","01771 12:45:02",244.83,861.29,,,,"     ",5.30,1009.17,1.29
1771,554713857,"01771M12:57:09.053","01771 12:45:02",244.89,861.30,,,,"     ",5.30,1013.36,1.29
1771,554713858,"01771M12:57:10.026","01771 12:45:03",244.96,861.40,,,,"     ",5.30,1015.17,1.30
1771,554713859,"01771M12:57:11.000","01771 12:45:04",245.02,861.38,,,,"     ",5.30,1010.82,1.29
1771,554713860,"01771M12:57:11.973","01771 12:45:05",245.08,861.31,,,,"     ",5.30,1009.36,1.29
1771,554713861,"01771M12:57:12.946","01771 12:45:06",245.13,861.27,,,,"     ",5.30,1007.45,1.28
1771,554713862,"01771M12:57:13.919","01771 12:45:07",245.16,861.26,,,,"     ",5.30,1009.03,1.28
1771,554713863,"01771M12:57:14.893","01771 12:45:08",245.18,861.31,,,,"     ",5.30,1023.29,1.30
1771,554713864,"01771M12:57:15.866","01771 12:45:09",245.17,861.39,,,,"     ",5.30,1011.35,1.29
1771,554713865,"01771M12:57:16.839","01771 12:45:10",245.12,861.31,,,,"     ",5.30,1018.45,1.30
1771,554713866,"01771M12:57:17.812","01771 12:45:11",245.04,861.40,,,,"     ",5.30,1010.56,1.29
1771,554713867,"01771M12:57:18.786","01771 12:45:12",244.93,861.33,,,,"     ",5.30,1029.48,1.31
1771,554713868,"01771M12:57:19.759","01771 12:45:13",244.80,861.43,,,,"     ",5.30,1014.90,1.29
1771,554713869,"01771M12:57:20.732","01771 12:45:14",244.65,861.38,,,,"     ",5.30,1022.24,1.30
1771,554713870,"01771M12:57:21.706","01771 12:45:15",244.50,861.38,,,,"     ",5.30,1022.82,1.30
1771,554713871,"01771M12:57:22.679","01771 12:45:16",244.37,861.36,,,,"     ",5.30,1027.81,1.31
1771,554713872,"01771M12:57:23.652","01771 12:45:17",244.25,861.37,,,,"     ",5.30,1018.57,1.29
1771,554713873,"01771M12:57:24.625","01771 12:45:18",244.16,861.35,,,,"     ",5.30,1025.26,1.30
1771,554713874,"01771M12:57:25.599","01771 12:45:19",244.11,861.28,,,,"     ",5.30,1028.06,1.30
1771,554713875,"01771M12:57:26.572","01771 12:45:20",244.08,861.29,,,,"     ",5.30,1014.44,1.29
1771,554713876,"01771M12:57:27.545","01771 12:45:21",244.09,861.29,,,,"     ",5.30,1035.88,1.31
1771,554713877,"01771M12:57:28.518","01771 12:45:22",244.11,861.27,,,,"     ",5.30,1020.37,1.29
1771,554713878,"01771M12:57:29.492","01771 12:45:23",244.15,861.23,,,,"     ",5.30,1024.56,1.30
1771,554713879,"01771M12:57:30.465","01771 12:45:24",244.18,861.33,,,,"     ",5.30,1019.74,1.29
1771,554713880,"01771M12:57:31.438","01771 12:45:25",244.20,861.31,,,,"     ",5.30,1017.16,1.29
1771,554713881,"01771M12:57:32.411","01771 12:45:26",244.18,861.25,,,,"     ",5.30,1007.13,1.27
1771,554713882,"01771M12:57:33.385","01771 12:45:27",244.13,861.38,,,,"     ",5.30,1026.55,1.30
1771,554713883,"01771M12:57:34.358","01771 12:45:28",244.04,861.29,,,,"     ",5.30,1024.17,1.30
1771,554713884,"01771M12:57:35.331","01771 12:45:29",243.90,861.27,,,,"     ",5.30,1018.74,1.29
1771,554713885,"01771M12:57:36.304","01771 12:45:30",243.72,861.25,,,,"     ",5.30,1029.43,1.30
1771,554713886,"01771M12:57:37.278","01771 12:45:31",243.52,861.25,,,,"     ",5.30,1028.75,1.30
1771,554713887,"01771M12:57:38.251","01771 12:45:32",243.31,861.31,,,,"     ",5.30,1025.57,1.30
1771,554713888,"01771M12:57:39.224","01771 12:45:33",243.11,861.32,,,,"     ",5.30,1017.96,1.29
1771,554713889,"01771M12:57:40.197","01771 12:45:34",242.93,861.39,,,,"     ",5.30,1010.95,1.28
1771,554713890,"01771M12:57:41.171","01771 12:45:35",242.77,861.36,,,,"     ",5.30,1031.15,1.30
1771,554713891,"01771M12:57:42.144","01771 12:45:36",242.65,861.32,,,,"     ",5.30,1017.80,1.28
1771,554713892,"01771M12:57:43.117","01771 12:45:37",242.57,861.34,,,,"     ",5.30,1025.50,1.29
1771,554713893,"01771M12:57:44.090","01771 12:45:38",242.52,861.36,,,,"     ",5.30,1029.63,1.30
1771,554713894,"01771M12:57:45.064","01771 12:45:38",242.51,861.34,,,,"     ",5.30,1024.34,1.29
1771,554713895,"01771M12:57:46.037","01771 12:45:39",242.53,861.33,,,,"     ",5.30,1021.49,1.29
1771,554713896,"01771M12:57:47.010","01771 12:45:40",242.58,861.23,,,,"     ",5.30,1034.69,1.31
1771,554713897,"01771M12:57:47.983","01771 12:45:41",242.65,861.30,,,,"     ",5.30,1023.95,1.29
1771,554713898,"01771M12:57:48.957","01771 12:45:42",242.72,861.24,,,,"     ",5.30,1018.10,1.28
1771,554713899,"01771M12:57:49.930","01771 12:45:43",242.79,861.29,,,,"     ",5.30,1012.21,1.27
1771,554713900,"01771M12:57:50.903","01771 12:45:44",242.84,861.32,,,,"     ",5.30,1006.15,1.27
1771,554713901,"01771M12:57:51.876","01771 12:45:45",242.85,861.20,,,,"     ",5.30,1015.44,1.28
1771,554713902,"01771M12:57:52.850","01771 12:45:46",242.83,861.20,,,,"     ",5.30,1023.95,1.29
1771,554713903,"01771M12:57:53.823","01771 12:45:47",242.77,861.25,,,,"     ",5.30,1030.59,1.30
1771,554713904,"01771M12:57:54.796","01771 12:45:48",242.69,861.21,,,,"     ",5.30,1018.54,1.28
1771,554713905,"01771M12:57:55.769","01771 12:45:49",242.59,861.26,,,,"     ",5.30,1019.64,1.28
1771,554713906,"01771M12:57:56.743","01771 12:45:50",242.50,861.20,,,,"     ",5.30,1021.13,1.29
1771,554713907,"01771M12:57:57.716","01771 12:45:51",242.41,861.14,,,,"     ",5.30,1015.48,1.28
1771,554713908,"01771M12:57:58.689","01771 12:45:52",242.34,861.20,,,,"     ",5.30,1014.63,1.28
1771,554713909,"01771M12:57:59.662","01771 12:45:53",242.29,861.16,,,,"     ",5.30,1040.97,1.31
1771,554713910,"01771M12:58:00.636","01771 12:45:54",242.25,861.26,,,,"     ",5.30,1030.14,1.30
1771,554713911,"01771M12:58:01.609","01771 12:45:55",242.24,861.19,,,,"     ",5.30,1026.51,1.29
1771,554713912,"01771M12:58:02.582","01771 12:45:56",242.24,861.25,,,,"     ",5.30,1021.04,1.28
1771,554713913,"01771M12:58:03.555","01771 12:45:57",242.26,861.30,,,,"     ",5.30,1031.81,1.30
1771,554713914,"01771M12:58:04.529","01771 12:45:58",242.29,861.24,,,,"     ",5.30,1024.14,1.29
1771,554713915,"01771M12:58:05.502","01771 12:45:59",242.32,861.25,,,,"     ",5.30,1022.35,1.28
1771,554713916,"01771M12:58:06.475","01771 12:46:00",242.34,861.32,,,,"     ",5.30,1026.43,1.29
1771,554713917,"01771M12:58:07.448","01771 12:46:01",242.36,861.27,,,,"     ",5.30,1015.37,1.28
1771,554713918,"01771M12:58:08.422","01771 12:46:02",242.34,861.24,,,,"     ",5.30,1029.68,1.29
1771,554713919,"01771M12:58:09.395","01771 12:46:03",242.30,861.27,,,,"     ",5.30,1028.15,1.29
1771,554713920,"01771M12:58:10.368","01771 12:46:04",242.23,861.32,,,,"     ",5.30,1013.36,1.27
1771,554713921,"01771M12:58:11.341","01771 12:46:05",242.13,861.35,,,,"     ",5.30,1033.03,1.30
1771,554713922,"01771M12:58:12.315","01771 12:46:06",242.00,861.31,,,,"     ",5.30,1021.76,1.28
1771,554713923,"01771M12:58:13.288","01771 12:46:07",241.87,861.28,,,,"     ",5.30,1034.35,1.30
1771,554713924,"01771M12:58:14.261","01771 12:46:08",241.73,861.27,,,,"     ",5.30,1030.10,1.29
1771,554713925,"01771M12:58:15.234","01771 12:46:09",241.60,861.32,,,,"     ",5.30,1023.29,1.28
1771,554713926,"01771M12:58:16.208","01771 12:46:10",241.48,861.26,,,,"     ",5.30,1015.72,1.27
1771,554713927,"01771M12:58:17.181","01771 12:46:11",241.38,861.21,,,,"     ",5.30,1017.11,1.27
1771,554713928,"01771M12:58:18.154","01771 12:46:12",241.30,861.18,,,,"     ",5.30,1024.63,1.28
1771,554713929,"01771M12:58:19.127","01771 12:46:13",241.23,861.17,,,,"     ",5.30,1023.54,1.28
1771,554713930,"01771M12:58:20.101","01771 12:46:14",241.16,861.18,,,,"     ",5.30,1032.92,1.29
1771,554713931,"01771M12:58:21.074","01771 12:46:15",241.11,861.20,,,,"     ",5.30,1027.14,1.29
1771,554713932,"01771M12:58:22.047","01771 12:46:15",241.04,861.26,,,,"     ",5.30,1025.78,1.28
1771,554713933,"01771M12:58:23.020","01771 12:46:16",240.97,861.20,,,,"     ",5.30,1025.19,1.28
1771,554713934,"01771M12:58:23.994","01771 12:46:17",240.89,861.21,,,,"     ",5.30,1026.07,1.28
1771,554713935,"01771M12:58:24.967","01771 12:46:18",240.80,861.15,,,,"     ",5.30,1032.84,1.29
1771,554713936,"01771M12:58:25.940","01771 12:46:19",240.71,861.24,,,,"     ",5.30,1033.77,1.29
1771,554713937,"01771M12:58:26.913","01771 12:46:20",240.61,861.30,,,,"     ",5.30,1035.34,1.30
1771,554713938,"01771M12:58:27.887","01771 12:46:21",240.53,861.22,,,,"     ",5.30,1025.02,1.28
1771,554713939,"01771M12:58:28.860","01771 12:46:22",240.46,861.20,,,,"     ",5.30,1025.79,1.28
1771,554713940,"01771M12:58:29.833","01771 12:46:23",240.42,861.27,,,,"     ",5.30,1031.75,1.29
1771,554713941,"01771M12:58:30.807","01771 12:46:24",240.40,861.19,,,,"     ",5.30,1023.50,1.28
1771,554713942,"01771M12:58:31.780","01771 12:46:25",240.39,861.15,,,,"     ",5.30,1029.65,1.29
1771,554713943,"01771M12:58:32.753","01771 12:46:26",240.40,861.15,,,,"     ",5.30,1035.82,1.30
1771,554713944,"01771M12:58:33.726","01771 12:46:27",240.42,861.07,,,,"     ",5.30,1022.09,1.28
1771,554713945,"01771M12:58:34.700","01771 12:46:28",240.45,861.14,,,,"     ",5.30,1038.97,1.30
1771,554713946,"01771M12:58:35.673","01771 12:46:29",240.48,861.16,,,,"     ",5.30,1035.09,1.29
1771,554713947,"01771M12:58:36.646","01771 12:46:30",240.50,861.14,,,,"     ",5.30,1027.42,1.28
1771,554713948,"01771M12:58:37.619","01771 12:46:31",240.51,861.13,,,,"     ",5.30,1035.87,1.29
1771,554713949,"01771M12:58:38.593","01771 12:46:32",240.53,861.17,,,,"     ",5.30,1033.00,1.29
1771,554713950,"01771M12:58:39.566","01771 12:46:33",240.56,861.21,,,,"     ",5.30,1020.68,1.27
1771,554713951,"01771M12:58:40.539","01771 12:46:34",240.58,861.13,,,,"     ",5.30,1043.96,1.30
1771,554713952,"01771M12:58:41.512","01771 12:46:35",240.62,861.15,,,,"     ",5.30,1027.94,1.28
1771,554713953,"01771M12:58:42.486","01771 12:46:36",240.66,861.12,,,,"     ",5.30,1031.39,1.29
1771,554713954,"01771M12:58:43.459","01771 12:46:37",240.69,861.06,,,,"     ",5.30,1034.10,1.29
1771,554713955,"01771M12:58:44.432","01771 12:46:38",240.72,860.99,,,,"     ",5.30,1025.09,1.28
1771,554713956,"01771M12:58:45.405","01771 12:46:39",240.76,861.15,,,,"     ",5.30,1023.10,1.28
1771,554713957,"01771M12:58:46.379","01771 12:46:40",240.80,861.07,,,,"     ",5.30,1042.50,1.30
1771,554713958,"01771M12:58:47.352","01771 12:46:41",240.84,861.06,,,,"     ",5.30,1035.03,1.29
1771,554713959,"01771M12:58:48.325","01771 12:46:42",240.87,861.08,,,,"     ",5.30,1032.38,1.29
1771,554713960,"01771M12:58:49.298","01771 12:46:43",240.89,861.15,,,,"     ",5.30,1022.69,1.28
1771,554713961,"01771M12:58:50.272","01771 12:46:44",240.89,861.09,,,,"     ",5.30,1030.58,1.29
1771,554713962,"01771M12:58:51.245","01771 12:46:45",240.86,861.18,,,,"     ",5.30,1033.69,1.29
1771,554713963,"01771M12:58:52.218","01771 12:46:46",240.80,861.06,,,,"     ",5.30,1042.00,1.30
1771,554713964,"01771M12:58:53.191","01771 12:46:47",240.73,861.09,,,,"     ",5.30,1030.93,1.29
1771,554713965,"01771M12:58:54.165","01771 12:46:48",240.64,861.11,,,,"     ",5.30,1029.56,1.28
1771,554713966,"01771M12:58:55.138","01771 12:46:49",240.57,861.05,,,,"     ",5.30,1022.12,1.27
1771,554713967,"01771M12:58:56.111","01771 12:46:50",240.50,861.11,,,,"     ",5.30,1036.42,1.29
1771,554713968,"01771M12:58:57.084","01771 12:46:51",240.46,861.20,,,,"     ",5.30,1034.92,1.29
1771,554713969,"01771M12:58:58.058","01771 12:46:52",240.45,861.14,,,,"     ",5.30,1036.37,1.29
1771,554713970,"01771M12:58:59.031","01771 12:46:52",240.47,861.11,,,,"     ",5.30,1032.50,1.29
1771,554713971,"01771M12:59:00.004","01771 12:46:53",240.50,861.18,,,,"     ",5.30,1035.07,1.29
1771,554713972,"01771M12:59:00.977","01771 12:46:54",240.53,861.22,,,,"     ",5.30,1039.54,1.29
1771,554713973,"01771M12:59:01.951","01771 12:46:55",240.56,861.24,,,,"     ",5.30,1030.02,1.28
1771,554713974,"01771M12:59:02.924","01771 12:46:56",240.57,861.18,,,,"     ",5.30,1030.19,1.28
1771,554713975,"01771M12:59:03.897","01771 12:46:57",240.56,861.22,,,,"     ",5.30,1017.49,1.26
1771,554713976,"01771M12:59:04.870","01771 12:46:58",240.54,861.20,,,,"     ",5.30,1027.10,1.28
1771,554713977,"01771M12:59:05.844","01771 12:46:59",240.51,861.19,,,,"     ",5.30,1032.79,1.28
1771,554713978,"01771M12:59:06.817","01771 12:47:00",240.46,861.10,,,,"     ",5.30,1033.21,1.28
1771,554713979,"01771M12:59:07.790","01771 12:47:01",240.41,861.08,,,,"     ",5.30,1029.36,1.28
1771,554713980,"01771M12:59:08.763","01771 12:47:02",240.35,861.14,,,,"     ",5.30,1039.59,1.29
1771,554713981,"01771M12:59:09.737","01771 12:47:03",240.28,861.16,,,,"     ",5.30,1035.65,1.29
1771,554713982,"01771M12:59:10.710","01771 12:47:04",240.22,861.23,,,,"     ",5.30,1040.71,1.29
1771,554713983,"01771M12:59:11.683","01771 12:47:05",240.17,861.16,,,,"     ",5.30,1029.89,1.28
1771,554713984,"01771M12:59:12.656","01771 12:47:06",240.13,861.15,,,,"     ",5.30,1026.22,1.27
1771,554713985,"01771M12:59:13.630","01771 12:47:07",240.10,861.25,,,,"     ",5.30,1033.64,1.28
1771,554713986,"01771M12:59:14.603","01771 12:47:08",240.08,861.26,,,,"     ",5.30,1044.05,1.30
1771,554713987,"01771M12:59:15.576","01771 12:47:09",240.08,861.21,,,,"     ",5.30,1033.53,1.28
1771,554713988,"01771M12:59:16.549","01771 12:47:10",240.08,861.22,,,,"     ",5.30,1038.37,1.29
1771,554713989,"01771M12:59:17.523","01771 12:47:11",240.09,861.16,,,,"     ",5.30,1035.49,1.29
1771,554713990,"01771M12:59:18.496","01771 12:47:12",240.10,861.10,,,,"     ",5.30,1031.29,1.28
1771,554713991,"01771M12:59:19.469","01771 12:47:13",240.12,861.11,,,,"     ",5.30,1037.98,1.29
1771,554713992,"01771M12:59:20.442","01771 12:47:14",240.14,861.18,,,,"     ",5.30,1037.26,1.29
1771,554713993,"01771M12:59:21.416","01771 12:47:15",240.18,861.18,,,,"     ",5.30,1032.43,1.28
1771,554713994,"01771M12:59:22.389","01771 12:47:16",240.22,861.19,,,,"     ",5.30,1052.76,1.31
1771,554713995,"01771M12:59:23.362","01771 12:47:17",240.28,861.12,,,,"     ",5.30,1035.92,1.29
1771,554713996,"01771M12:59:24.335","01771 12:47:18",240.36,861.05,,,,"     ",5.30,1044.10,1.30
1771,554713997,"01771M12:59:25.309","01771 12:47:19",240.46,861.15,,,,"     ",5.30,1042.31,1.29
1771,554713998,"01771M12:59:26.282","01771 12:47:20",240.58,861.10,,,,"     ",5.30,1046.29,1.30
1771,554713999,"01771M12:59:27.255","01771 12:47:21",240.73,861.15,,,,"     ",5.30,1042.04,1.29
1771,554714000,"01771M12:59:28.228","01771 12:47:22",240.89,861.14,,,,"     ",5.30,1031.24,1.28
1771,554714001,"01771M12:59:29.202","01771 12:47:23",241.08,861.18,,,,"     ",5.30,1026.85,1.27
1771,554714002,"01771M12:59:30.175","01771 12:47:24",241.27,861.23,,,,"     ",5.30,1034.99,1.28
1771,554714003,"01771M12:59:31.148","01771 12:47:25",241.46,861.19,,,,"     ",5.30,1039.68,1.29
1771,554714004,"01771M12:59:32.121","01771 12:47:26",241.65,861.14,,,,"     ",5.30,1034.91,1.28
1771,554714005,"01771M12:59:33.095","01771 12:47:27",241.83,861.15,,,,"     ",5.30,1039.25,1.29
1771,554714006,"01771M12:59:34.068","01771 12:47:28",242.00,861.09,,,,"     ",5.30,1029.33,1.27
1771,554714007,"01771M12:59:35.041","01771 12:47:29",242.16,861.18,,,,"     ",5.30,1038.77,1.29
1771,554714008,"01771M12:59:36.014","01771 12:47:29",242.31,861.11,,,,"     ",5.30,1040.55,1.29
1771,554714009,"01771M12:59:36.988","01771 12:47:30",242.45,861.03,,,,"     ",5.30,1041.00,1.29
1771,554714010,"01771M12:59:37.961","01771 12:47:31",242.59,860.96,,,,"     ",5.30,1037.51,1.28
1771,554714011,"01771M12:59:38.934","01771 12:47:32",242.71,861.11,,,,"     ",5.30,1041.97,1.29
1771,554714012,"01771M12:59:39.908","01771 12:47:33",242.82,861.09,,,,"     ",5.30,1044.80,1.29
1771,554714013,"01771M12:59:40.881","01771 12:47:34",242.92,861.04,,,,"     ",5.30,1035.65,1.28
1771,554714014,"01771M12:59:41.854","01771 12:47:35",243.00,861.08,,,,"     ",5.30,1042.94,1.29
1771,554714015,"01771M12:59:42.827","01771 12:47:36",243.06,861.12,,,,"     ",5.30,1030.77,1.27
1771,554714016,"01771M12:59:43.801","01771 12:47:37",243.11,861.08,,,,"     ",5.30,1037.62,1.28
1771,554714017,"01771M12:59:44.774","01771 12:47:38",243.16,861.20,,,,"     ",5.30,1025.32,1.26
1771,554714018,"01771M12:59:45.747","01771 12:47:39",243.19,861.05,,,,"     ",5.30,1041.30,1.28
1771,554714019,"01771M12:59:46.720","01771 12:47:40",243.22,861.09,,,,"     ",5.30,1034.34,1.28
1771,554714020,"01771M12:59:47.694","01771 12:47:41",243.24,861.11,,,,"     ",5.30,1049.22,1.29
1771,554714021,"01771M12:59:48.667","01771 12:47:42",243.27,861.12,,,,"     ",5.30,1037.02,1.28
1771,554714022,"01771M12:59:49.640","01771 12:47:43",243.30,861.14,,,,"     ",5.30,1035.72,1.28
1771,554714023,"01771M12:59:50.613","01771 12:47:44",243.33,861.06,,,,"     ",5.30,1034.38,1.27
1771,554714024,"01771M12:59:51.587","01771 12:47:45",243.36,861.17,,,,"     ",5.30,1026.07,1.26
1771,554714025,"01771M12:59:52.560","01771 12:47:46",243.40,861.15,,,,"     ",5.30,1037.09,1.28
1771,554714026,"01771M12:59:53.533","01771 12:47:47",243.44,861.09,,,,"     ",5.30,1036.28,1.28
1771,554714027,"01771M12:59:54.506","01771 12:47:48",243.49,861.08,,,,"     ",5.30,1045.05,1.29
1771,554714028,"01771M12:59:55.480","01771 12:47:49",243.54,861.09,,,,"     ",5.30,1048.89,1.29
1771,554714029,"01771M12:59:56.453","01771 12:47:50",243.59,861.03,,,,"     ",5.30,1042.67,1.28
1771,554714030,"01771M12:59:57.426","01771 12:47:51",243.64,861.19,,,,"     ",5.30,1044.83,1.29
1771,554714031,"01771M12:59:58.399","01771 12:47:52",243.68,861.14,,,,"     ",5.30,1032.65,1.27
1771,554714032,"01771M12:59:59.373","01771 12:47:53",243.70,861.14,,,,"     ",5.30,1042.53,1.28
1771,554714033,"01771M13:00:00.346","01771 12:47:54",243.73,861.16,,,,"     ",5.30,1037.48,1.28
1771,554714034,"01771M13:00:01.319","01771 12:47:55",243.75,861.15,,,,"     ",5.30,1030.08,1.27
1771,554714035,"01771M13:00:02.292","01771 12:47:56",243.77,861.22,,,,"     ",5.30,1034.16,1.27
1771,554714036,"01771M13:00:03.266","01771 12:47:57",243.79,861.22,,,,"     ",5.30,1038.91,1.28
1771,554714037,"01771M13:00:04.239","01771 12:47:58",243.81,861.11,,,,"     ",5.30,1039.64,1.28
1771,554714038,"01771M13:00:05.212","01771 12:47:59",243.84,861.12,,,,"     ",5.30,1039.05,1.28
1771,554714039,"01771M13:00:06.185","01771 12:48:00",243.88,861.11,,,,"     ",5.30,1045.53,1.28
1771,554714040,"01771M13:00:07.159","01771 12:48:01",243.93,861.16,,,,"     ",5.30,1047.46,1.29
1771,554714041,"01771M13:00:08.132","01771 12:48:02",243.99,861.15,,,,"     ",5.30,1044.44,1.28
1771,554714042,"01771M13:00:09.105","01771 12:48:03",244.05,861.17,,,,"     ",5.30,1034.00,1.27
1771,554714043,"01771M13:00:10.078","01771 12:48:04",244.12,861.20,,,,"     ",5.30,1041.90,1.28
1771,554714044,"01771M13:00:11.052","01771 12:48:05",244.19,861.09,,,,"     ",5.30,1040.15,1.28
1771,554714045,"01771M13:00:12.025","01771 12:48:05",244.25,861.07,,,,"     ",5.30,1032.50,1.26
1771,554714046,"01771M13:00:12.998","01771 12:48:06",244.31,861.09,,,,"     ",5.30,1041.75,1.28
1771,554714047,"01771M13:00:13.971","01771 12:48:07",244.36,861.12,,,,"     ",5.30,1034.35,1.27
1771,554714048,"01771M13:00:14.945","01771 12:48:08",244.39,861.08,,,,"     ",5.30,1047.15,1.28
1771,554714049,"01771M13:00:15.918","01771 12:48:09",244.41,861.13,,,,"     ",5.30,1024.08,1.25
1771,554714050,"01771M13:00:16.891","01771 12:48:10",244.42,861.17,,,,"     ",5.30,1037.35,1.27
1771,554714051,"01771M13:00:17.864","01771 12:48:11",244.43,861.24,,,,"     ",5.30,1035.63,1.27
1771,554714052,"01771M13:00:18.838","01771 12:48:12",244.42,861.32,,,,"     ",5.30,1036.60,1.27
1771,554714053,"01771M13:00:19.811","01771 12:48:13",244.40,861.17,,,,"     ",5.30,1044.61,1.28
1771,554714054,"01771M13:00:20.784","01771 12:48:14",244.37,861.19,,,,"     ",5.30,1044.38,1.28
1771,554714055,"01771M13:00:21.757","01771 12:48:15",244.34,861.14,,,,"     ",5.30,1037.97,1.27
1771,554714056,"01771M13:00:22.731","01771 12:48:16",244.30,861.15,,,,"     ",5.30,1037.27,1.27
1771,554714057,"01771M13:00:23.704","01771 12:48:17",244.25,861.15,,,,"     ",5.30,1041.86,1.27
1771,554714058,"01771M13:00:24.677","01771 12:48:18",244.21,861.07,,,,"     ",5.30,1047.52,1.28
1771,554714059,"01771M13:00:25.650","01771 12:48:19",244.16,861.21,,,,"     ",5.30,1044.50,1.28
1771,554714060,"01771M13:00:26.624","01771 12:48:20",244.11,861.21,,,,"     ",5.30,1051.54,1.28
1771,554714061,"01771M13:00:27.597","01771 12:48:21",244.06,861.17,,,,"     ",5.30,1039.68,1.27
1771,554714062,"01771M13:00:28.570","01771 12:48:22",244.00,861.12,,,,"     ",5.30,1041.16,1.27
1771,554714063,"01771M13:00:29.543","01771 12:48:23",243.93,861.19,,,,"     ",5.30,1048.99,1.28
1771,554714064,"01771M13:00:30.517","01771 12:48:24",243.85,861.14,,,,"     ",5.30,1038.80,1.27
1771,554714065,"01771M13:00:31.490","01771 12:48:25",243.75,861.17,,,,"     ",5.30,1048.70,1.28
1771,554714066,"01771M13:00:32.463","01771 12:48:26",243.64,861.16,,,,"     ",5.30,1050.94,1.28
1771,554714067,"01771M13:00:33.436","01771 12:48:27",243.50,861.14,,,,"     ",5.30,1043.02,1.27
1771,554714068,"01771M13:00:34.410","01771 12:48:28",243.37,861.16,,,,"     ",5.30,1047.25,1.28
1771,554714069,"01771M13:00:35.383","01771 12:48:29",243.25,861.13,,,,"     ",5.30,1052.54,1.28
1771,554714070,"01771M13:00:36.356","01771 12:48:30",243.15,861.16,,,,"     ",5.30,1044.80,1.27
1771,554714071,"01771M13:00:37.329","01771 12:48:31",243.05,861.20,,,,"     ",5.30,1043.26,1.27
1771,554714072,"01771M13:00:38.303","01771 12:48:32",242.96,861.11,,,,"     ",5.30,1035.89,1.26
1771,554714073,"01771M13:00:39.276","01771 12:48:33",242.88,861.16,,,,"     ",5.30,1051.58,1.28
1771,554714074,"01771M13:00:40.249","01771 12:48:34",242.80,861.15,,,,"     ",5.30,1053.95,1.28
1771,554714075,"01771M13:00:41.222","01771 12:48:35",242.73,861.23,,,,"     ",5.30,1043.20,1.27
1771,554714076,"01771M13:00:42.196","01771 12:48:36",242.66,861.08,,,,"     ",5.30,1042.91,1.27
1771,554714077,"01771M13:00:43.169","01771 12:48:37",242.60,861.02,,,,"     ",5.30,1043.75,1.27
1771,554714078,"01771M13:00:44.142","01771 12:48:38",242.55,861.03,,,,"     ",5.30,1038.11,1.26
1771,554714079,"01771M13:00:45.115","01771 12:48:39",242.51,861.07,,,,"     ",5.30,1042.59,1.27
1771,554714080,"01771M13:00:46.089","01771 12:48:40",242.47,861.12,,,,"     ",5.30,1050.44,1.28
1771,554714081,"01771M13:00:47.062","01771 12:48:41",242.35,861.12,,,,"     ",5.30,1056.63,1.29
1771,554714082,"01771M13:00:48.035","01771 12:48:42",242.52,861.04,,,,"     ",5.30,1041.87,1.27
1771,554714083,"01771M13:00:49.009","01771 12:48:42",242.69,861.17,,,,"     ",5.30,1059.03,1.29
1771,554714084,"01771M13:00:49.982","01771 12:48:43",242.85,861.18,,,,"     ",5.30,1053.02,1.28
1771,554714085,"01771M13:00:50.955","01771 12:48:44",243.00,861.20,,,,"     ",5.30,1055.09,1.28
1771,554714086,"01771M13:00:51.928","01771 12:48:45",243.14,861.20,,,,"     ",5.30,1043.99,1.27
1771,554714087,"01771M13:00:52.902","01771 12:48:46",243.27,861.16,,,,"     ",5.30,1046.45,1.27
1771,554714088,"01771M13:00:53.875","01771 12:48:47",243.40,861.03,,,,"     ",5.30,1048.53,1.27
1771,554714089,"01771M13:00:54.848","01771 12:48:48",243.52,861.03,,,,"     ",5.30,1045.84,1.27
1771,554714090,"01771M13:00:55.821","01771 12:48:49",243.64,860.93,,,,"     ",5.30,1045.10,1.27
1771,554714091,"01771M13:00:56.795","01771 12:48:50",243.74,860.98,,,,"     ",5.30,1033.61,1.26
1771,554714092,"01771M13:00:57.768","01771 12:48:51",243.84,861.00,,,,"     ",5.30,1051.50,1.28
1771,554714093,"01771M13:00:58.741","01771 12:48:52",243.93,860.98,,,,"     ",5.30,1051.40,1.28
1771,554714094,"01771M13:00:59.714","01771 12:48:53",244.01,861.02,,,,"     ",5.30,1045.06,1.27
1771,554714095,"01771M13:01:00.688","01771 12:48:54",244.07,860.96,,,,"     ",5.30,1045.00,1.27
1771,554714096,"01771M13:01:01.661","01771 12:48:55",244.13,861.03,,,,"     ",5.30,1053.59,1.28
1771,554714097,"01771M13:01:02.634","01771 12:48:56",244.21,861.00,,,,"     ",5.30,1053.85,1.28
1771,554714098,"01771M13:01:03.607","01771 12:48:57",244.29,860.97,,,,"     ",5.30,1048.21,1.27
1771,554714099,"01771M13:01:04.581","01771 12:48:58",244.37,860.87,,,,"     ",5.30,1053.04,1.28
1771,554714100,"01771M13:01:05.554","01771 12:48:59",244.44,860.98,,,,"     ",5.30,1045.49,1.27
1771,554714101,"01771M13:01:06.527","01771 12:49:00",244.50,860.93,,,,"     ",5.30,1047.53,1.27
1771,554714102,"01771M13:01:07.500","01771 12:49:01",244.56,860.87,,,,"     ",5.30,1047.66,1.27
1771,554714103,"01771M13:01:08.474","01771 12:49:02",244.61,860.90,,,,"     ",5.30,1049.78,1.27
1771,554714104,"01771M13:01:09.447","01771 12:49:03",244.65,860.89,,,,"     ",5.30,1057.99,1.28
1771,554714105,"01771M13:01:10.420","01771 12:49:04",244.69,860.96,,,,"     ",5.30,1053.56,1.28
1771,554714106,"01771M13:01:11.393","01771 12:49:05",244.72,860.93,,,,"     ",5.30,1050.77,1.27
1771,554714107,"01771M13:01:12.367","01771 12:49:06",244.73,861.03,,,,"     ",5.30,1058.39,1.28
1771,554714108,"01771M13:01:13.340","01771 12:49:07",244.72,861.09,,,,"     ",5.30,1044.94,1.26
1771,554714109,"01771M13:01:14.313","01771 12:49:08",244.69,861.02,,,,"     ",5.30,1051.49,1.27
1771,554714110,"01771M13:01:15.286","01771 12:49:09",244.62,861.04,,,,"     ",5.30,1052.58,1.27
1771,554714111,"01771M13:01:16.260","01771 12:49:10",244.53,861.03,,,,"     ",5.30,1063.74,1.29
1771,554714112,"01771M13:01:17.233","01771 12:49:11",244.42,861.05,,,,"     ",5.30,1059.71,1.28
1771,554714113,"01771M13:01:18.206","01771 12:49:12",244.30,861.02,,,,"     ",5.30,1050.29,1.27
1771,554714114,"01771M13:01:19.179","01771 12:49:13",244.17,861.04,,,,"     ",5.30,1047.04,1.26
1771,554714115,"01771M13:01:20.153","01771 12:49:14",244.04,861.09,,,,"     ",5.30,1047.50,1.26
1771,554714116,"01771M13:01:21.126","01771 12:49:15",243.89,861.09,,,,"     ",5.30,1053.30,1.27
1771,554714117,"01771M13:01:22.099","01771 12:49:16",243.75,861.10,,,,"     ",5.30,1049.61,1.27
1771,554714118,"01771M13:01:23.072","01771 12:49:17",243.60,861.11,,,,"     ",5.30,1055.78,1.27
1771,554714119,"01771M13:01:24.046","01771 12:49:18",243.44,861.08,,,,"     ",5.30,1056.82,1.28
1771,554714120,"01771M13:01:25.019","01771 12:49:19",243.28,861.01,,,,"     ",5.30,1055.07,1.27
1771,554714121,"01771M13:01:25.992","01771 12:49:19",243.12,861.02,,,,"     ",5.30,1047.20,1.26
1771,554714122,"01771M13:01:26.965","01771 12:49:20",242.97,861.04,,,,"     ",5.30,1052.53,1.27
1771,554714123,"01771M13:01:27.939","01771 12:49:21",242.83,861.00,,,,"     ",5.30,1049.46,1.27
1771,554714124,"01771M13:01:28.912","01771 12:49:22",242.70,861.03,,,,"     ",5.30,1055.77,1.27
1771,554714125,"01771M13:01:29.885","01771 12:49:23",242.58,860.97,,,,"     ",5.30,1047.93,1.26
1771,554714126,"01771M13:01:30.858","01771 12:49:24",242.47,860.97,,,,"     ",5.30,1061.47,1.28
1771,554714127,"01771M13:01:31.832","01771 12:49:25",242.37,860.99,,,,"     ",5.30,1061.86,1.28
1771,554714128,"01771M13:01:32.805","01771 12:49:26",242.27,860.99,,,,"     ",5.30,1056.59,1.27
1771,554714129,"01771M13:01:33.778","01771 12:49:27",242.18,861.01,,,,"     ",5.30,1052.75,1.27
1771,554714130,"01771M13:01:34.751","01771 12:49:28",242.08,861.00,,,,"     ",5.30,1061.12,1.28
1771,554714131,"01771M13:01:35.725","01771 12:49:29",241.99,860.94,,,,"     ",5.30,1038.85,1.25
1771,554714132,"01771M13:01:36.698","01771 12:49:30",241.90,861.00,,,,"     ",5.30,1049.28,1.26
1771,554714133,"01771M13:01:37.671","01771 12:49:31",241.82,860.99,,,,"     ",5.30,1045.28,1.26
1771,554714134,"01771M13:01:38.644","01771 12:49:32",241.74,860.94,,,,"     ",5.30,1049.48,1.26
1771,554714135,"01771M13:01:39.618","01771 12:49:33",241.66,861.02,,,,"     ",5.30,1053.15,1.27
1771,554714136,"01771M13:01:40.591","01771 12:49:34",241.58,861.02,,,,"     ",5.30,1045.95,1.26
1771,554714137,"01771M13:01:41.564","01771 12:49:35",241.50,861.06,,,,"     ",5.30,1052.33,1.27
1771,554714138,"01771M13:01:42.537","01771 12:49:36",241.43,861.02,,,,"     ",5.30,1048.71,1.26
1771,554714139,"01771M13:01:43.511","01771 12:49:37",241.35,861.03,,,,"     ",5.30,1052.93,1.27
1771,554714140,"01771M13:01:44.484","01771 12:49:38",241.29,861.07,,,,"     ",5.30,1063.33,1.28
1771,554714141,"01771M13:01:45.457","01771 12:49:39",241.25,861.09,,,,"     ",5.30,1053.46,1.27
1771,554714142,"01771M13:01:46.430","01771 12:49:40",241.22,861.07,,,,"     ",5.30,1058.80,1.28
1771,554714143,"01771M13:01:47.404","01771 12:49:41",241.20,861.05,,,,"     ",5.30,1060.60,1.28
1771,554714144,"01771M13:01:48.377","01771 12:49:42",241.19,861.08,,,,"     ",5.30,1075.06,1.30
1771,554714145,"01771M13:01:49.350","01771 12:49:43",241.16,861.02,,,,"     ",5.30,1048.07,1.26
1771,554714146,"01771M13:01:50.323","01771 12:49:44",241.14,861.04,,,,"     ",5.30,1064.31,1.28
1771,554714147,"01771M13:01:51.297","01771 12:49:45",241.10,860.98,,,,"     ",5.30,1045.68,1.26
1771,554714148,"01771M13:01:52.270","01771 12:49:46",241.04,860.97,,,,"     ",5.30,1044.37,1.26
1771,554714149,"01771M13:01:53.243","01771 12:49:47",240.97,860.95,,,,"     ",5.30,1066.00,1.28
1771,554714150,"01771M13:01:54.216","01771 12:49:48",240.88,860.97,,,,"     ",5.30,1051.66,1.27
1771,554714151,"01771M13:01:55.190","01771 12:49:49",240.79,861.01,,,,"     ",5.30,1043.15,1.26
1771,554714152,"01771M13:01:56.163","01771 12:49:50",240.69,861.02,,,,"     ",5.30,1045.97,1.26
1771,554714153,"01771M13:01:57.136","01771 12:49:51",240.59,860.95,,,,"     ",5.30,1058.06,1.28
1771,554714154,"01771M13:01:58.110","01771 12:49:52",240.51,860.99,,,,"     ",5.30,1068.38,1.29
1771,554714155,"01771M13:01:59.083","01771 12:49:53",240.44,860.99,,,,"     ",5.30,1067.93,1.29
1771,554714156,"01771M13:02:00.056","01771 12:49:54",240.39,861.09,,,,"     ",5.30,1048.19,1.26
1771,554714157,"01771M13:02:01.029","01771 12:49:55",240.37,861.02,,,,"     ",5.30,1060.43,1.28
1771,554714158,"01771M13:02:02.003","01771 12:49:55",240.37,861.01,,,,"     ",5.30,1059.91,1.28
1771,554714159,"01771M13:02:02.976","01771 12:49:56",240.40,861.02,,,,"     ",5.30,1052.90,1.27
1771,554714160,"01771M13:02:03.949","01771 12:49:57",240.45,860.97,,,,"     ",5.30,1050.07,1.26
1771,554714161,"01771M13:02:04.922","01771 12:49:58",240.51,860.91,,,,"     ",5.30,1060.13,1.28
1771,554714162,"01771M13:02:05.896","01771 12:49:59",240.57,860.94,,,,"     ",5.30,1043.79,1.26
1771,554714163,"01771M13:02:06.869","01771 12:50:00",240.64,860.98,,,,"     ",5.30,1047.54,1.26
1771,554714164,"01771M13:02:07.842","01771 12:50:01",240.69,861.04,,,,"     ",5.30,1044.89,1.26
1771,554714165,"01771M13:02:08.815","01771 12:50:02",240.73,860.98,,,,"     ",5.30,1049.78,1.26
1771,554714166,"01771M13:02:09.789","01771 12:50:03",240.74,860.94,,,,"     ",5.30,1058.90,1.28
1771,554714167,"01771M13:02:10.762","01771 12:50:04",240.72,861.06,,,,"     ",5.30,1061.63,1.28
1771,554714168,"01771M13:02:11.735","01771 12:50:05",240.67,860.97,,,,"     ",5.30,1059.16,1.28
1771,554714169,"01771M13:02:12.708","01771 12:50:06",240.60,861.05,,,,"     ",5.30,1050.34,1.26
1771,554714170,"01771M13:02:13.682","01771 12:50:07",240.49,860.96,,,,"     ",5.30,1058.69,1.28
1771,554714171,"01771M13:02:14.655","01771 12:50:08",240.37,860.88,,,,"     ",5.30,1054.89,1.27
1771,554714172,"01771M13:02:15.628","01771 12:50:09",240.23,860.90,,,,"     ",5.30,1046.67,1.26
1771,554714173,"01771M13:02:16.601","01771 12:50:10",240.10,860.87,,,,"     ",5.30,1045.72,1.26
1771,554714174,"01771M13:02:17.575","01771 12:50:11",239.97,860.83,,,,"     ",5.30,1053.55,1.27
1771,554714175,"01771M13:02:18.548","01771 12:50:12",239.84,860.94,,,,"     ",5.30,1044.17,1.26
1771,554714176,"01771M13:02:19.521","01771 12:50:13",239.73,860.91,,,,"     ",5.30,1048.68,1.26
1771,554714177,"01771M13:02:20.494","01771 12:50:14",239.63,860.88,,,,"     ",5.30,1068.87,1.29
1771,554714178,"01771M13:02:21.468","01771 12:50:15",239.54,860.85,,,,"     ",5.30,1046.83,1.26
1771,554714179,"01771M13:02:22.441","01771 12:50:16",239.46,860.97,,,,"     ",5.30,1062.43,1.28
1771,554714180,"01771M13:02:23.414","01771 12:50:17",239.38,860.89,,,,"     ",5.30,1047.34,1.26
1771,554714181,"01771M13:02:24.387","01771 12:50:18",239.31,860.88,,,,"     ",5.30,1046.66,1.26
1771,554714182,"01771M13:02:25.361","01771 12:50:19",239.24,860.82,,,,"     ",5.30,1056.48,1.27
1771,554714183,"01771M13:02:26.334","01771 12:50:20",239.18,860.76,,,,"     ",5.30,1041.41,1.25
1771,554714184,"01771M13:02:27.307","01771 12:50:21",239.12,860.80,,,,"     ",5.30,1053.34,1.27
1771,554714185,"01771M13:02:28.280","01771 12:50:22",239.07,860.80,,,,"     ",5.30,1056.63,1.27
1771,554714186,"01771M13:02:29.254","01771 12:50:23",239.04,860.79,,,,"     ",5.30,1061.38,1.28
1771,554714187,"01771M13:02:30.227","01771 12:50:24",239.03,860.79,,,,"     ",5.30,1061.46,1.28
1771,554714188,"01771M13:02:31.200","01771 12:50:25",239.04,860.70,,,,"     ",5.30,1052.11,1.26
1771,554714189,"01771M13:02:32.173","01771 12:50:26",239.08,860.68,,,,"     ",5.30,1057.61,1.27
1771,554714190,"01771M13:02:33.147","01771 12:50:27",239.16,860.72,,,,"     ",5.30,1043.72,1.25
1771,554714191,"01771M13:02:34.120","01771 12:50:28",239.27,860.77,,,,"     ",5.30,1060.55,1.27
1771,554714192,"01771M13:02:35.093","01771 12:50:29",239.40,860.74,,,,"     ",5.30,1048.04,1.26
1771,554714193,"01771M13:02:36.066","01771 12:50:30",239.57,860.68,,,,"     ",5.30,1040.35,1.25
1771,554714194,"01771M13:02:37.040","01771 12:50:31",239.75,860.69,,,,"     ",5.30,1056.59,1.27
1771,554714195,"01771M13:02:38.013","01771 12:50:32",239.93,860.74,,,,"     ",5.30,1049.13,1.26
1771,554714196,"01771M13:02:38.986","01771 12:50:32",240.12,860.82,,,,"     ",5.30,1064.19,1.28
1771,554714197,"01771M13:02:39.959","01771 12:50:33",240.29,860.77,,,,"     ",5.30,1057.50,1.27
1771,554714198,"01771M13:02:40.933","01771 12:50:34",240.44,860.78,,,,"     ",5.30,1059.22,1.27
1771,554714199,"01771M13:02:41.906","01771 12:50:35",240.58,860.74,,,,"     ",5.30,1055.61,1.27
1771,554714200,"01771M13:02:42.879","01771 12:50:36",240.70,860.79,,,,"     ",5.30,1051.60,1.26
1771,554714201,"01771M13:02:43.852","01771 12:50:37",240.81,860.74,,,,"     ",5.30,1068.58,1.28
1771,554714202,"01771M13:02:44.826","01771 12:50:38",240.91,860.79,,,,"     ",5.30,1052.65,1.26
1771,554714203,"01771M13:02:45.799","01771 12:50:39",241.01,860.76,,,,"     ",5.30,1052.16,1.26
1771,554714204,"01771M13:02:46.772","01771 12:50:40",241.12,860.86,,,,"     ",5.30,1061.59,1.27
1771,554714205,"01771M13:02:47.745","01771 12:50:41",241.23,860.77,,,,"     ",5.30,1067.15,1.28
1771,554714206,"01771M13:02:48.719","01771 12:50:42",241.33,860.78,,,,"     ",5.30,1048.17,1.26
1771,554714207,"01771M13:02:49.692","01771 12:50:43",241.43,860.74,,,,"     ",5.30,1059.37,1.27
1771,554714208,"01771M13:02:50.665","01771 12:50:44",241.52,860.78,,,,"     ",5.30,1048.97,1.26
1771,554714209,"01771M13:02:51.638","01771 12:50:45",241.59,860.81,,,,"     ",5.30,1065.59,1.28
1771,554714210,"01771M13:02:52.612","01771 12:50:46",241.64,860.71,,,,"     ",5.30,1051.98,1.26
1771,554714211,"01771M13:02:53.585","01771 12:50:47",241.66,860.73,,,,"     ",5.30,1051.26,1.26
1771,554714212,"01771M13:02:54.558","01771 12:50:48",241.68,860.77,,,,"     ",5.30,1048.75,1.26
1771,554714213,"01771M13:02:55.531","01771 12:50:49",241.67,860.81,,,,"     ",5.30,1067.49,1.28
1771,554714214,"01771M13:02:56.505","01771 12:50:50",241.65,860.79,,,,"     ",5.30,1057.52,1.27
1771,554714215,"01771M13:02:57.478","01771 12:50:51",241.62,860.80,,,,"     ",5.30,1068.96,1.28
1771,554714216,"01771M13:02:58.451","01771 12:50:52",241.58,860.75,,,,"     ",5.30,1073.04,1.28
1771,554714217,"01771M13:02:59.424","01771 12:50:53",241.55,860.83,,,,"     ",5.30,1056.80,1.26
1771,554714218,"01771M13:03:00.398","01771 12:50:54",241.52,860.83,,,,"     ",5.30,1056.69,1.26
1771,554714219,"01771M13:03:01.371","01771 12:50:55",241.52,860.74,,,,"     ",5.30,1050.68,1.25
1771,554714220,"01771M13:03:02.344","01771 12:50:56",241.53,860.85,,,,"     ",5.30,1052.94,1.26
1771,554714221,"01771M13:03:03.317","01771 12:50:57",241.55,860.81,,,,"     ",5.30,1071.63,1.28
1771,554714222,"01771M13:03:04.291","01771 12:50:58",241.57,860.72,,,,"     ",5.30,1061.26,1.27
1771,554714223,"01771M13:03:05.264","01771 12:50:59",241.59,860.68,,,,"     ",5.30,1070.63,1.28
1771,554714224,"01771M13:03:06.237","01771 12:51:00",241.60,860.69,,,,"     ",5.30,1059.87,1.26
1771,554714225,"01771M13:03:07.210","01771 12:51:01",241.59,860.75,,,,"     ",5.30,1067.56,1.27
1771,554714226,"01771M13:03:08.184","01771 12:51:02",241.55,860.76,,,,"     ",5.30,1059.63,1.26
1771,554714227,"01771M13:03:09.157","01771 12:51:03",241.49,860.75,,,,"     ",5.30,1054.14,1.26
1771,554714228,"01771M13:03:10.130","01771 12:51:04",241.41,860.75,,,,"     ",5.30,1050.41,1.25
1771,554714229,"01771M13:03:11.104","01771 12:51:05",241.33,860.80,,,,"     ",5.30,1067.04,1.27
1771,554714230,"01771M13:03:12.077","01771 12:51:06",241.25,860.74,,,,"     ",5.30,1073.07,1.28
1771,554714231,"01771M13:03:13.050","01771 12:51:07",241.17,860.73,,,,"     ",5.30,1065.77,1.27
1771,554714232,"01771M13:03:14.023","01771 12:51:08",241.10,860.73,,,,"     ",5.30,1064.73,1.27
1771,554714233,"01771M13:03:14.997","01771 12:51:09",241.04,860.71,,,,"     ",5.30,1054.49,1.26
1771,554714234,"01771M13:03:15.970","01771 12:51:09",240.99,860.70,,,,"     ",5.30,1070.33,1.27
1771,554714235,"01771M13:03:16.943","01771 12:51:10",240.94,860.78,,,,"     ",5.30,1087.50,1.30
1771,554714236,"01771M13:03:17.916","01771 12:51:11",240.91,860.82,,,,"     ",5.30,1058.93,1.26
1771,554714237,"01771M13:03:18.890","01771 12:51:12",240.88,860.78,,,,"     ",5.30,1054.91,1.26
1771,554714238,"01771M13:03:19.863","01771 12:51:13",240.85,860.71,,,,"     ",5.30,1069.98,1.27
1771,554714239,"01771M13:03:20.836","01771 12:51:14",240.82,860.78,,,,"     ",5.30,1058.10,1.26
1771,554714240,"01771M13:03:21.809","01771 12:51:15",240.78,860.82,,,,"     ",5.30,1053.78,1.25
1771,554714241,"01771M13:03:22.783","01771 12:51:16",240.72,860.82,,,,"     ",5.30,1063.42,1.27
1771,554714242,"01771M13:03:23.756","01771 12:51:17",240.66,860.81,,,,"     ",5.30,1060.26,1.26
1771,554714243,"01771M13:03:24.729","01771 12:51:18",240.59,860.78,,,,"     ",5.30,1072.44,1.28
1771,554714244,"01771M13:03:25.702","01771 12:51:19",240.50,860.79,,,,"     ",5.30,1058.82,1.26
1771,554714245,"01771M13:03:26.676","01771 12:51:20",240.42,860.71,,,,"     ",5.30,1061.37,1.26
1771,554714246,"01771M13:03:27.649","01771 12:51:21",240.33,860.81,,,,"     ",5.30,1062.47,1.26
1771,554714247,"01771M13:03:28.622","01771 12:51:22",240.24,860.74,,,,"     ",5.30,1068.46,1.27
1771,554714248,"01771M13:03:29.595","01771 12:51:23",240.15,860.86,,,,"     ",5.30,1076.87,1.28
1771,554714249,"01771M13:03:30.569","01771 12:51:24",240.07,860.86,,,,"     ",5.30,1060.39,1.26
1771,554714250,"01771M13:03:31.542","01771 12:51:25",239.99,860.88,,,,"     ",5.30,1070.43,1.27
1771,554714251,"01771M13:03:32.515","01771 12:51:26",239.92,860.83,,,,"     ",5.30,1051.58,1.25
1771,554714252,"01771M13:03:33.488","01771 12:51:27",239.85,860.84,,,,"     ",5.30,1063.42,1.26
1771,554714253,"01771M13:03:34.462","01771 12:51:28",239.79,860.88,,,,"     ",5.30,1073.12,1.28
1771,554714254,"01771M13:03:35.435","01771 12:51:29",239.74,860.80,,,,"     ",5.30,1053.75,1.25
1771,554714255,"01771M13:03:36.408","01771 12:51:30",239.71,860.83,,,,"     ",5.30,1063.47,1.26
1771,554714256,"01771M13:03:37.381","01771 12:51:31",239.67,860.84,,,,"     ",5.30,1061.44,1.26
1771,554714257,"01771M13:03:38.355","01771 12:51:32",239.64,860.88,,,,"     ",5.30,1060.04,1.26
1771,554714258,"01771M13:03:39.328","01771 12:51:33",239.61,860.82,,,,"     ",5.30,1071.92,1.27
1771,554714259,"01771M13:03:40.301","01771 12:51:34",239.59,860.97,,,,"     ",5.30,1079.00,1.28
1771,554714260,"01771M13:03:41.274","01771 12:51:35",239.56,860.90,,,,"     ",5.30,1062.68,1.26
1771,554714261,"01771M13:03:42.248","01771 12:51:36",239.55,860.89,,,,"     ",5.30,1061.12,1.26
1771,554714262,"01771M13:03:43.221","01771 12:51:37",239.55,860.80,,,,"     ",5.30,1058.66,1.26
1771,554714263,"01771M13:03:44.194","01771 12:51:38",239.55,860.90,,,,"     ",5.30,1066.37,1.27
1771,554714264,"01771M13:03:45.167","01771 12:51:39",239.57,860.85,,,,"     ",5.30,1062.85,1.26
1771,554714265,"01771M13:03:46.141","01771 12:51:40",239.60,860.81,,,,"     ",5.30,1076.61,1.28
1771,554714266,"01771M13:03:47.114","01771 12:51:41",239.64,860.86,,,,"     ",5.30,1060.52,1.26
1771,554714267,"01771M13:03:48.087","01771 12:51:42",239.70,860.90,,,,"     ",5.30,1074.98,1.28
1771,554714268,"01771M13:03:49.060","01771 12:51:43",239.77,861.04,,,,"     ",5.30,1051.33,1.25
1771,554714269,"01771M13:03:50.034","01771 12:51:44",239.86,861.00,,,,"     ",5.30,1065.17,1.27
1771,554714270,"01771M13:03:51.007","01771 12:51:45",239.96,860.94,,,,"     ",5.30,1066.44,1.27
1771,554714271,"01771M13:03:51.980","01771 12:51:46",240.08,860.93,,,,"     ",5.30,1062.01,1.26
1771,554714272,"01771M13:03:52.953","01771 12:51:46",240.21,860.95,,,,"     ",5.30,1069.91,1.27
1771,554714273,"01771M13:03:53.927","01771 12:51:47",240.36,860.93,,,,"     ",5.30,1063.98,1.26
1771,554714274,"01771M13:03:54.900","01771 12:51:48",240.51,860.95,,,,"     ",5.30,1063.34,1.26
1771,554714275,"01771M13:03:55.873","01771 12:51:49",240.67,860.90,,,,"     ",5.30,1063.89,1.26
1771,554714276,"01771M13:03:56.846","01771 12:51:50",240.82,861.00,,,,"     ",5.30,1069.72,1.27
1771,554714277,"01771M13:03:57.820","01771 12:51:51",240.97,860.83,,,,"     ",5.30,1058.06,1.26
1771,554714278,"01771M13:03:58.793","01771 12:51:52",241.11,860.87,,,,"     ",5.30,1064.65,1.26
1771,554714279,"01771M13:03:59.766","01771 12:51:53",241.25,860.80,,,,"     ",5.30,1063.17,1.26
1771,554714280,"01771M13:04:00.739","01771 12:51:54",241.39,860.79,,,,"     ",5.30,1056.11,1.25
1771,554714281,"01771M13:04:01.713","01771 12:51:55",241.53,860.84,,,,"     ",5.30,1066.40,1.27
1771,554714282,"01771M13:04:02.686","01771 12:51:56",241.67,860.82,,,,"     ",5.30,1067.13,1.27
1771,554714283,"01771M13:04:03.659","01771 12:51:57",241.79,860.87,,,,"     ",5.30,1069.70,1.27
1771,554714284,"01771M13:04:04.632","01771 12:51:58",241.91,860.88,,,,"     ",5.30,1066.07,1.26
1771,554714285,"01771M13:04:05.606","01771 12:51:59",242.01,860.89,,,,"     ",5.30,1063.83,1.26
1771,554714286,"01771M13:04:06.579","01771 12:52:00",242.08,860.89,,,,"     ",5.30,1057.58,1.25
1771,554714287,"01771M13:04:07.552","01771 12:52:01",242.13,860.87,,,,"     ",5.30,1076.83,1.28
1771,554714288,"01771M13:04:08.525","01771 12:52:02",242.13,860.83,,,,"     ",5.30,1053.88,1.25
1771,554714289,"01771M13:04:09.499","01771 12:52:03",242.11,860.84,,,,"     ",5.30,1078.67,1.28
1771,554714290,"01771M13:04:10.472","01771 12:52:04",242.06,860.81,,,,"     ",5.30,1066.45,1.26
1771,554714291,"01771M13:04:11.445","01771 12:52:05",241.99,860.79,,,,"     ",5.30,1056.56,1.25
1771,554714292,"01771M13:04:12.418","01771 12:52:06",241.91,860.74,,,,"     ",5.30,1064.92,1.26
1771,554714293,"01771M13:04:13.392","01771 12:52:07",241.83,860.71,,,,"     ",5.30,1060.14,1.25
1771,554714294,"01771M13:04:14.365","01771 12:52:08",241.74,860.66,,,,"     ",5.30,1062.34,1.26
1771,554714295,"01771M13:04:15.338","01771 12:52:09",241.65,860.72,,,,"     ",5.30,1072.47,1.27
1771,554714296,"01771M13:04:16.311","01771 12:52:10",241.57,860.63,,,,"     ",5.30,1070.35,1.27
1771,554714297,"01771M13:04:17.285","01771 12:52:11",241.49,860.64,,,,"     ",5.30,1072.02,1.27
1771,554714298,"01771M13:04:18.258","01771 12:52:12",241.42,860.67,,,,"     ",5.30,1066.83,1.26
1771,554714299,"01771M13:04:19.231","01771 12:52:13",241.36,860.62,,,,"     ",5.30,1052.34,1.24
1771,554714300,"01771M13:04:20.205","01771 12:52:14",241.30,860.66,,,,"     ",5.30,1071.71,1.27
1771,554714301,"01771M13:04:21.178","01771 12:52:15",241.24,860.60,,,,"     ",5.30,1076.81,1.27
1771,554714302,"01771M13:04:22.151","01771 12:52:16",241.19,860.66,,,,"     ",5.30,1059.69,1.25
1771,554714303,"01771M13:04:23.124","01771 12:52:17",241.14,860.66,,,,"     ",5.30,1069.66,1.26
1771,554714304,"01771M13:04:24.098","01771 12:52:18",241.09,860.62,,,,"     ",5.30,1067.52,1.26
1771,554714305,"01771M13:04:25.071","01771 12:52:19",241.03,860.68,,,,"     ",5.30,1065.38,1.26
1771,554714306,"01771M13:04:26.044","01771 12:52:20",240.96,860.69,,,,"     ",5.30,1059.60,1.25
1771,554714307,"01771M13:04:27.017","01771 12:52:21",240.88,860.66,,,,"     ",5.30,1072.95,1.27
1771,554714308,"01771M13:04:27.991","01771 12:52:22",240.79,860.57,,,,"     ",5.30,1068.98,1.26
1771,554714309,"01771M13:04:28.964","01771 12:52:22",240.69,860.63,,,,"     ",5.30,1059.44,1.25
1771,554714310,"01771M13:04:29.937","01771 12:52:23",240.57,860.70,,,,"     ",5.30,1068.67,1.26
1771,554714311,"01771M13:04:30.910","01771 12:52:24",240.45,860.63,,,,"     ",5.30,1062.99,1.26
1771,554714312,"01771M13:04:31.884","01771 12:52:25",240.32,860.67,,,,"     ",5.30,1066.73,1.26
1771,554714313,"01771M13:04:32.857","01771 12:52:26",240.21,860.70,,,,"     ",5.30,1061.51,1.26
1771,554714314,"01771M13:04:33.830","01771 12:52:27",240.09,860.59,,,,"     ",5.30,1055.84,1.25
1771,554714315,"01771M13:04:34.803","01771 12:52:28",239.99,860.67,,,,"     ",5.30,1056.88,1.25
1771,554714316,"01771M13:04:35.777","01771 12:52:29",239.91,860.65,,,,"     ",5.30,1075.11,1.27
1771,554714317,"01771M13:04:36.750","01771 12:52:30",239.85,860.77,,,,"     ",5.30,1055.72,1.25
1771,554714318,"01771M13:04:37.723","01771 12:52:31",239.82,860.75,,,,"     ",5.30,1060.53,1.26
1771,554714319,"01771M13:04:38.696","01771 12:52:32",239.81,860.74,,,,"     ",5.30,1073.86,1.27
1771,554714320,"01771M13:04:39.670","01771 12:52:33",239.84,860.61,,,,"     ",5.30,1060.47,1.26
1771,554714321,"01771M13:04:40.643","01771 12:52:34",239.90,860.62,,,,"     ",5.30,1063.59,1.26
1771,554714322,"01771M13:04:41.616","01771 12:52:35",239.98,860.56,,,,"     ",5.30,1054.62,1.25
1771,554714323,"01771M13:04:42.589","01771 12:52:36",240.08,860.55,,,,"     ",5.30,1067.13,1.27
1771,554714324,"01771M13:04:43.563","01771 12:52:37",240.18,860.58,,,,"     ",5.30,1076.63,1.28
1771,554714325,"01771M13:04:44.536","01771 12:52:38",240.28,860.63,,,,"     ",5.30,1055.79,1.25
1771,554714326,"01771M13:04:45.509","01771 12:52:39",240.36,860.60,,,,"     ",5.30,1066.38,1.27
1771,554714327,"01771M13:04:46.482","01771 12:52:40",240.40,860.61,,,,"     ",5.30,1059.97,1.26
1771,554714328,"01771M13:04:47.456","01771 12:52:41",240.42,860.63,,,,"     ",5.30,1058.71,1.26
1771,554714329,"01771M13:04:48.429","01771 12:52:42",240.39,860.52,,,,"     ",5.30,1063.92,1.26
1771,554714330,"01771M13:04:49.402","01771 12:52:43",240.32,860.51,,,,"     ",5.30,1069.47,1.27
1771,554714331,"01771M13:04:50.375","01771 12:52:44",240.22,860.40,,,,"     ",5.30,1071.30,1.27
1771,554714332,"01771M13:04:51.349","01771 12:52:45",240.08,860.50,,,,"     ",5.30,1064.04,1.26
1771,554714333,"01771M13:04:52.322","01771 12:52:46",239.92,860.55,,,,"     ",5.30,1056.71,1.26
1771,554714334,"01771M13:04:53.295","01771 12:52:47",239.75,860.57,,,,"     ",5.30,1063.83,1.26
1771,554714335,"01771M13:04:54.268","01771 12:52:48",239.56,860.53,,,,"     ",5.30,1070.44,1.27
1771,554714336,"01771M13:04:55.242","01771 12:52:49",239.37,860.57,,,,"     ",5.30,1057.95,1.26
1771,554714337,"01771M13:04:56.215","01771 12:52:50",239.17,860.53,,,,"     ",5.30,1055.13,1.26
1771,554714338,"01771M13:04:57.188","01771 12:52:51",238.98,860.54,,,,"     ",5.30,1049.35,1.25
1771,554714339,"01771M13:04:58.161","01771 12:52:52",238.80,860.57,,,,"     ",5.30,1053.35,1.25
1771,554714340,"01771M13:04:59.135","01771 12:52:53",238.64,860.57,,,,"     ",5.30,1061.47,1.26
1771,554714341,"01771M13:05:00.108","01771 12:52:54",238.51,860.68,,,,"     ",5.30,1050.01,1.25
1771,554714342,"01771M13:05:01.081","01771 12:52:55",238.40,860.67,,,,"     ",5.30,1062.14,1.27
1771,554714343,"01771M13:05:02.054","01771 12:52:56",238.30,860.67,,,,"     ",5.30,1049.43,1.25
1771,554714344,"01771M13:05:03.028","01771 12:52:57",238.23,860.63,,,,"     ",5.30,1065.64,1.27
1771,554714345,"01771M13:05:04.001","01771 12:52:58",238.18,860.68,,,,"     ",5.30,1054.42,1.26
1771,554714346,"01771M13:05:04.974","01771 12:52:59",238.15,860.58,,,,"     ",5.30,1057.95,1.26
1771,554714347,"01771M13:05:05.947","01771 12:52:59",238.12,860.65,,,,"     ",5.30,1062.77,1.27
1771,554714348,"01771M13:05:06.921","01771 12:53:00",238.09,860.69,,,,"     ",5.30,1059.01,1.27
1771,554714349,"01771M13:05:07.894","01771 12:53:01",238.08,860.71,,,,"     ",5.30,1059.65,1.27
1771,554714350,"01771M13:05:08.867","01771 12:53:02",238.07,860.67,,,,"     ",5.30,1055.39,1.26
1771,554714351,"01771M13:05:09.840","01771 12:53:03",238.07,860.61,,,,"     ",5.30,1047.32,1.25
1771,554714352,"01771M13:05:10.814","01771 12:53:04",238.07,860.67,,,,"     ",5.30,1044.42,1.25
1771,554714353,"01771M13:05:11.787","01771 12:53:05",238.07,860.66,,,,"     ",5.30,1066.30,1.28
1771,554714354,"01771M13:05:12.760","01771 12:53:06",238.07,860.57,,,,"     ",5.30,1058.15,1.27
1771,554714355,"01771M13:05:13.733","01771 12:53:07",238.07,860.59,,,,"     ",5.30,1058.34,1.27
1771,554714356,"01771M13:05:14.707","01771 12:53:08",238.06,860.66,,,,"     ",5.30,1034.50,1.24
1771,554714357,"01771M13:05:15.680","01771 12:53:09",238.05,860.51,,,,"     ",5.30,1042.89,1.25
1771,554714358,"01771M13:05:16.653","01771 12:53:10",238.06,860.68,,,,"     ",5.30,1058.41,1.27
1771,554714359,"01771M13:05:17.626","01771 12:53:11",238.07,860.64,,,,"     ",5.30,1051.52,1.26
1771,554714360,"01771M13:05:18.600","01771 12:53:12",238.09,860.65,,,,"     ",5.30,1045.78,1.26
1771,554714361,"01771M13:05:19.573","01771 12:53:13",238.11,860.59,,,,"     ",5.30,1059.22,1.27
1771,554714362,"01771M13:05:20.546","01771 12:53:14",238.15,860.63,,,,"     ",5.30,1043.66,1.25
1771,554714363,"01771M13:05:21.519","01771 12:53:15",238.17,860.57,,,,"     ",5.30,1061.21,1.28
1771,554714364,"01771M13:05:22.493","01771 12:53:16",238.19,860.61,,,,"     ",5.30,1060.64,1.28
1771,554714365,"01771M13:05:23.466","01771 12:53:17",238.20,860.55,,,,"     ",5.30,1040.53,1.25
1771,554714366,"01771M13:05:24.439","01771 12:53:18",238.21,860.53,,,,"     ",5.30,1053.36,1.27
1771,554714367,"01771M13:05:25.412","01771 12:53:19",238.20,860.62,,,,"     ",5.30,1056.00,1.27
1771,554714368,"01771M13:05:26.386","01771 12:53:20",238.19,860.67,,,,"     ",5.30,1074.24,1.29
1771,554714369,"01771M13:05:27.359","01771 12:53:21",238.20,860.64,,,,"     ",5.30,1048.20,1.26
1771,554714370,"01771M13:05:28.332","01771 12:53:22",238.19,860.69,,,,"     ",5.30,1065.75,1.28
1771,554714371,"01771M13:05:29.306","01771 12:53:23",238.18,860.65,,,,"     ",5.30,1056.19,1.27
1771,554714372,"01771M13:05:30.279","01771 12:53:24",238.17,860.62,,,,"     ",5.30,1049.45,1.26
1771,554714373,"01771M13:05:31.252","01771 12:53:25",238.16,860.54,,,,"     ",5.30,1058.84,1.28
1771,554714374,"01771M13:05:32.225","01771 12:53:26",238.17,860.61,,,,"     ",5.30,1036.22,1.25
1771,554714375,"01771M13:05:33.199","01771 12:53:27",238.18,860.63,,,,"     ",5.30,1040.09,1.25
1771,554714376,"01771M13:05:34.172","01771 12:53:28",238.21,860.59,,,,"     ",5.30,1040.25,1.25
1771,554714377,"01771M13:05:35.145","01771 12:53:29",238.26,860.56,,,,"     ",5.30,1048.02,1.26
1771,554714378,"01771M13:05:36.118","01771 12:53:30",238.35,860.55,,,,"     ",5.30,1054.80,1.27
1771,554714379,"01771M13:05:37.092","01771 12:53:31",238.46,860.65,,,,"     ",5.30,1066.54,1.29
1771,554714380,"01771M13:05:38.065","01771 12:53:32",238.55,860.60,,,,"     ",5.30,1057.01,1.28
1771,554714381,"01771M13:05:39.038","01771 12:53:33",238.66,860.56,,,,"     ",5.30,1038.12,1.25
1771,554714382,"01771M13:05:40.011","01771 12:53:34",238.76,860.59,,,,"     ",5.30,1048.08,1.26
1771,554714383,"01771M13:05:40.985","01771 12:53:35",238.86,860.55,,,,"     ",5.30,1047.61,1.26
1771,554714384,"01771M13:05:41.958","01771 12:53:36",238.96,860.61,,,,"     ",5.30,1048.31,1.27
1771,554714385,"01771M13:05:42.931","01771 12:53:36",239.06,860.55,,,,"     ",5.30,1042.63,1.26
1771,554714386,"01771M13:05:43.904","01771 12:53:37",239.16,860.60,,,,"     ",5.30,1049.38,1.27
1771,554714387,"01771M13:05:44.878","01771 12:53:38",239.27,860.54,,,,"     ",5.30,1045.84,1.26
1771,554714388,"01771M13:05:45.851","01771 12:53:39",239.38,860.52,,,,"     ",5.30,1049.32,1.27
1771,554714389,"01771M13:05:46.824","01771 12:53:40",239.50,860.57,,,,"     ",5.30,1047.14,1.26
1771,554714390,"01771M13:05:47.797","01771 12:53:41",239.61,860.66,,,,"     ",5.30,1044.60,1.26
1771,554714391,"01771M13:05:48.771","01771 12:53:42",239.72,860.67,,,,"     ",5.30,1047.75,1.26
1771,554717781,"01771M14:00:48.100","01771 13:48:42",243.72,853.31,,,,"     ",5.30,,
1771,554717782,"01771M14:00:49.073","01771 13:48:43",243.77,853.33,,,,"     ",5.30,1011.38,1.30
1771,554717783,"01771M14:00:50.046","01771 13:48:44",243.82,853.25,,,,"     ",5.30,1004.20,1.29
1771,554717784,"01771M14:00:51.020","01771 13:48:45",243.86,853.28,,,,"     ",5.30,1008.17,1.29
1771,554717785,"01771M14:00:51.993","01771 13:48:46",243.91,853.27,,,,"     ",5.30,1014.48,1.29
1771,554717786,"01771M14:00:52.966","01771 13:48:47",243.95,853.25,,,,"     ",5.30,1006.56,1.28
1771,554717787,"01771M14:00:53.939","01771 13:48:48",243.98,853.27,,,,"     ",5.30,1010.95,1.28
1771,554717788,"01771M14:00:54.913","01771 13:48:49",244.02,853.31,,,,"     ",5.30,1016.30,1.29
1771,554717789,"01771M14:00:55.886","01771 13:48:50",244.04,853.31,,,,"     ",5.30,1010.96,1.28
1771,554717790,"01771M14:00:56.859","01771 13:48:51",244.07,853.22,,,,"     ",5.30,997.65,1.26
1771,554717791,"01771M14:00:57.832","01771 13:48:52",244.09,853.27,,,,"     ",5.30,1016.07,1.28
1771,554717792,"01771M14:00:58.806","01771 13:48:53",244.11,853.26,,,,"     ",5.30,1016.38,1.28
1771,554717793,"01771M14:00:59.779","01771 13:48:54",244.12,853.26,,,,"     ",5.30,1015.71,1.28
1771,554717794,"01771M14:01:00.752","01771 13:48:55",244.13,853.31,,,,"     ",5.30,1027.52,1.29
1771,554717795,"01771M14:01:01.725","01771 13:48:56",244.14,853.25,,,,"     ",5.30,1013.13,1.27
1771,554717796,"01771M14:01:02.699","01771 13:48:57",244.13,853.21,,,,"     ",5.30,1024.55,1.28
1771,554717797,"01771M14:01:03.672","01771 13:48:58",244.10,853.24,,,,"     ",5.30,1021.09,1.27
1771,554717798,"01771M14:01:04.645","01771 13:48:59",244.07,853.25,,,,"     ",5.30,1026.64,1.28
1771,554717799,"01771M14:01:05.618","01771 13:49:00",244.03,853.25,,,,"     ",5.30,1025.07,1.28
1771,554717800,"01771M14:01:06.592","01771 13:49:01",243.99,853.27,,,,"     ",5.30,1033.78,1.28
1771,554717801,"01771M14:01:07.565","01771 13:49:02",243.94,853.26,,,,"     ",5.30,1025.00,1.27
1771,554717802,"01771M14:01:08.538","01771 13:49:03",243.90,853.29,,,,"     ",5.30,1018.05,1.26
1771,554717803,"01771M14:01:09.511","01771 13:49:04",243.86,853.31,,,,"     ",5.30,1020.98,1.26
1771,554717804,"01771M14:01:10.485","01771 13:49:05",243.83,853.28,,,,"     ",5.30,1018.13,1.26
1771,554717805,"01771M14:01:11.458","01771 13:49:06",243.81,853.32,,,,"     ",5.30,1047.72,1.29
1771,554717806,"01771M14:01:12.431","01771 13:49:07",243.80,853.31,,,,"     ",5.30,1022.09,1.26
1771,554717807,"01771M14:01:13.404","01771 13:49:08",243.81,853.29,,,,"     ",5.30,1024.17,1.26
1771,554717808,"01771M14:01:14.378","01771 13:49:09",243.83,853.21,,,,"     ",5.30,1026.15,1.26
1771,554717809,"01771M14:01:15.351","01771 13:49:10",243.86,853.21,,,,"     ",5.30,1043.52,1.28
1771,554717810,"01771M14:01:16.324","01771 13:49:11",243.89,853.26,,,,"     ",5.30,1039.36,1.27
1771,554717811,"01771M14:01:17.297","01771 13:49:12",243.92,853.27,,,,"     ",5.30,1033.07,1.27
1771,554717812,"01771M14:01:18.271","01771 13:49:13",243.94,853.35,,,,"     ",5.30,1042.51,1.27
1771,554717813,"01771M14:01:19.244","01771 13:49:14",243.95,853.33,,,,"     ",5.30,1045.29,1.28
1771,554717814,"01771M14:01:20.217","01771 13:49:15",243.95,853.33,,,,"     ",5.30,1033.25,1.26
1771,554717815,"01771M14:01:21.191","01771 13:49:16",243.96,853.29,,,,"     ",5.30,1039.29,1.27
1771,554717816,"01771M14:01:22.164","01771 13:49:17",243.96,853.29,,,,"     ",5.30,1041.20,1.27
1771,554717817,"01771M14:01:23.137","01771 13:49:17",243.97,853.29,,,,"     ",5.30,1056.38,1.29
1771,554717818,"01771M14:01:24.110","01771 13:49:18",243.99,853.25,,,,"     ",5.30,1034.77,1.26
1771,554717819,"01771M14:01:25.084","01771 13:49:19",244.00,853.25,,,,"     ",5.30,1041.76,1.26
1771,554717820,"01771M14:01:26.057","01771 13:49:20",244.01,853.30,,,,"     ",5.30,1039.98,1.26
1771,554717821,"01771M14:01:27.030","01771 13:49:21",244.02,853.26,,,,"     ",5.30,1046.44,1.27
1771,554717822,"01771M14:01:28.003","01771 13:49:22",244.02,853.25,,,,"     ",5.30,1054.49,1.28
1771,554717823,"01771M14:01:28.977","01771 13:49:23",244.02,853.34,,,,"     ",5.30,1058.65,1.28
1771,554717824,"01771M14:01:29.950","01771 13:49:24",244.02,853.37,,,,"     ",5.30,1045.75,1.26
1771,554717825,"01771M14:01:30.923","01771 13:49:25",244.01,853.26,,,,"     ",5.30,1056.93,1.27
1771,554717826,"01771M14:01:31.896","01771 13:49:26",244.00,853.32,,,,"     ",5.30,1058.54,1.28
1771,554717827,"01771M14:01:32.870","01771 13:49:27",243.99,853.35,,,,"     ",5.30,1053.57,1.27
1771,554717828,"01771M14:01:33.843","01771 13:49:28",243.98,853.22,,,,"     ",5.30,1033.89,1.24
1771,554717829,"01771M14:01:34.816","01771 13:49:29",243.98,853.26,,,,"     ",5.30,1048.27,1.26
1771,554717830,"01771M14:01:35.789","01771 13:49:30",244.00,853.35,,,,"     ",5.30,1049.38,1.26
1771,554717831,"01771M14:01:36.763","01771 13:49:31",244.02,853.28,,,,"     ",5.30,1051.03,1.26
1771,554717832,"01771M14:01:37.736","01771 13:49:32",244.07,853.29,,,,"     ",5.30,1048.86,1.26
1771,554717833,"01771M14:01:38.709","01771 13:49:33",244.13,853.24,,,,"     ",5.30,1060.13,1.27
1771,554717834,"01771M14:01:39.682","01771 13:49:34",244.21,853.21,,,,"     ",5.30,1049.93,1.25
1771,554717835,"01771M14:01:40.656","01771 13:49:35",244.29,853.29,,,,"     ",5.30,1055.82,1.26
1771,554717836,"01771M14:01:41.629","01771 13:49:36",244.38,853.15,,,,"     ",5.30,1070.20,1.28
1771,554717837,"01771M14:01:42.602","01771 13:49:37",244.47,853.25,,,,"     ",5.30,1059.41,1.26
1771,554717838,"01771M14:01:43.575","01771 13:49:38",244.55,853.28,,,,"     ",5.30,1064.65,1.27
1771,554717839,"01771M14:01:44.549","01771 13:49:39",244.63,853.23,,,,"     ",5.30,1062.73,1.26
1771,554717840,"01771M14:01:45.522","01771 13:49:40",244.71,853.27,,,,"     ",5.30,1073.17,1.28
1771,554717841,"01771M14:01:46.495","01771 13:49:41",244.79,853.23,,,,"     ",5.30,1077.85,1.28
1771,554717842,"01771M14:01:47.468","01771 13:49:42",244.88,853.19,,,,"     ",5.30,1065.63,1.26
1771,554717843,"01771M14:01:48.442","01771 13:49:43",244.96,853.28,,,,"     ",5.30,1068.13,1.27
1771,554717844,"01771M14:01:49.415","01771 13:49:44",245.05,853.20,,,,"     ",5.30,1067.30,1.26
1771,554717845,"01771M14:01:50.388","01771 13:49:45",245.14,853.26,,,,"     ",5.30,1066.55,1.26
1771,554717846,"01771M14:01:51.361","01771 13:49:46",245.23,853.22,,,,"     ",5.30,1073.27,1.27
1771,554717847,"01771M14:01:52.335","01771 13:49:47",245.32,853.22,,,,"     ",5.30,1068.38,1.26
1771,554717848,"01771M14:01:53.308","01771 13:49:48",245.41,853.20,,,,"     ",5.30,1080.23,1.28
1771,554717849,"01771M14:01:54.281","01771 13:49:49",245.51,853.27,,,,"     ",5.30,1066.95,1.26
1771,554717850,"01771M14:01:55.254","01771 13:49:50",245.60,853.16,,,,"     ",5.30,1075.01,1.27
1771,554717851,"01771M14:01:56.228","01771 13:49:51",245.67,853.14,,,,"     ",5.30,1073.25,1.26
1771,554717852,"01771M14:01:57.201","01771 13:49:52",245.74,853.08,,,,"     ",5.30,1070.88,1.26
1771,554717853,"01771M14:01:58.174","01771 13:49:53",245.79,853.00,,,,"     ",5.30,1083.08,1.27
1771,554717854,"01771M14:01:59.147","01771 13:49:54",245.83,853.12,,,,"     ",5.30,1071.63,1.26
1771,554717855,"01771M14:02:00.121","01771 13:49:54",245.87,853.12,,,,"     ",5.30,1070.15,1.26
1771,554717856,"01771M14:02:01.094","01771 13:49:55",245.91,853.13,,,,"     ",5.30,1078.56,1.26
1771,554717857,"01771M14:02:02.067","01771 13:49:56",245.96,853.09,,,,"     ",5.30,1078.72,1.26
1771,554717858,"01771M14:02:03.040","01771 13:49:57",246.01,853.15,,,,"     ",5.30,1082.97,1.27
1771,554717859,"01771M14:02:04.014","01771 13:49:58",246.06,853.16,,,,"     ",5.30,1087.33,1.27
1771,554717860,"01771M14:02:04.987","01771 13:49:59",246.11,853.18,,,,"     ",5.30,1082.09,1.27
1771,554717861,"01771M14:02:05.960","01771 13:50:00",246.16,853.18,,,,"     ",5.30,1065.91,1.24
1771,554717862,"01771M14:02:06.933","01771 13:50:01",246.21,853.16,,,,"     ",5.30,1084.63,1.27
1771,554717863,"01771M14:02:07.907","01771 13:50:02",246.28,853.13,,,,"     ",5.30,1082.66,1.26
1771,554717864,"01771M14:02:08.880","01771 13:50:03",246.35,853.22,,,,"     ",5.30,1081.43,1.26
1771,554717865,"01771M14:02:09.853","01771 13:50:04",246.45,853.11,,,,"     ",5.30,1083.98,1.26
1771,554717866,"01771M14:02:10.826","01771 13:50:05",246.54,853.13,,,,"     ",5.30,1077.90,1.25
1771,554717867,"01771M14:02:11.800","01771 13:50:06",246.65,853.13,,,,"     ",5.30,1085.86,1.26
1771,554717868,"01771M14:02:12.773","01771 13:50:07",246.74,853.16,,,,"     ",5.30,1080.16,1.25
1771,554717869,"01771M14:02:13.746","01771 13:50:08",246.82,853.13,,,,"     ",5.30,1092.32,1.27
1771,554717870,"01771M14:02:14.719","01771 13:50:09",246.88,853.13,,,,"     ",5.30,1088.83,1.26
1771,554717871,"01771M14:02:15.693","01771 13:50:10",246.93,853.10,,,,"     ",5.30,1085.58,1.26
1771,554717872,"01771M14:02:16.666","01771 13:50:11",246.96,853.09,,,,"     ",5.30,1086.10,1.26
1771,554717873,"01771M14:02:17.639","01771 13:50:12",246.97,853.11,,,,"     ",5.30,1083.50,1.25
1771,554717874,"01771M14:02:18.612","01771 13:50:13",246.96,853.06,,,,"     ",5.30,1090.94,1.26
1771,554717875,"01771M14:02:19.586","01771 13:50:14",246.94,853.10,,,,"     ",5.30,1093.01,1.26
1771,554717876,"01771M14:02:20.559","01771 13:50:15",246.93,853.08,,,,"     ",5.30,1086.63,1.25
1771,554717877,"01771M14:02:21.532","01771 13:50:16",246.90,853.05,,,,"     ",5.30,1081.57,1.25
1771,554717878,"01771M14:02:22.505","01771 13:50:17",246.88,853.04,,,,"     ",5.30,1080.64,1.25
1771,554717879,"01771M14:02:23.479","01771 13:50:18",246.86,853.05,,,,"     ",5.30,1093.08,1.26
1771,554717880,"01771M14:02:24.452","01771 13:50:19",246.86,853.08,,,,"     ",5.30,1087.59,1.25
1771,554717881,"01771M14:02:25.425","01771 13:50:20",246.87,853.03,,,,"     ",5.30,1084.85,1.25
1771,554717882,"01771M14:02:26.398","01771 13:50:21",246.89,853.09,,,,"     ",5.30,1071.97,1.23
1771,554717883,"01771M14:02:27.372","01771 13:50:22",246.93,853.00,,,,"     ",5.30,1089.38,1.25
1771,554717884,"01771M14:02:28.345","01771 13:50:23",246.96,853.12,,,,"     ",5.30,1092.02,1.26
1771,554717885,"01771M14:02:29.318","01771 13:50:24",246.98,853.04,,,,"     ",5.30,1083.05,1.24
1771,554717886,"01771M14:02:30.291","01771 13:50:25",246.98,853.13,,,,"     ",5.30,1106.80,1.27
1771,554717887,"01771M14:02:31.265","01771 13:50:26",246.96,853.14,,,,"     ",5.30,1098.03,1.26
1771,554717888,"01771M14:02:32.238","01771 13:50:27",246.93,853.02,,,,"     ",5.30,1100.17,1.26
1771,554717889,"01771M14:02:33.211","01771 13:50:28",246.89,853.05,,,,"     ",5.30,1095.89,1.26
1771,554717890,"01771M14:02:34.185","01771 13:50:29",246.84,853.08,,,,"     ",5.30,1087.96,1.25
1771,554717891,"01771M14:02:35.158","01771 13:50:30",246.79,853.11,,,,"     ",5.30,1091.76,1.25
1771,554717892,"01771M14:02:36.131","01771 13:50:30",246.74,853.07,,,,"     ",5.30,1094.64,1.25
1771,554717893,"01771M14:02:37.104","01771 13:50:31",246.68,853.09,,,,"     ",5.30,1096.51,1.25
1771,554717894,"01771M14:02:38.078","01771 13:50:32",246.63,853.04,,,,"     ",5.30,1097.07,1.25
1771,554717895,"01771M14:02:39.051","01771 13:50:33",246.57,853.10,,,,"     ",5.30,1101.18,1.26
1771,554717896,"01771M14:02:40.024","01771 13:50:34",246.52,853.14,,,,"     ",5.30,1102.23,1.26
1771,554717897,"01771M14:02:40.997","01771 13:50:35",246.45,853.13,,,,"     ",5.30,1099.42,1.26
1771,554717898,"01771M14:02:41.971","01771 13:50:36",246.38,853.14,,,,"     ",5.30,1102.05,1.26
1771,554717899,"01771M14:02:42.944","01771 13:50:37",246.29,853.07,,,,"     ",5.30,1099.44,1.25
1771,554717900,"01771M14:02:43.917","01771 13:50:38",246.19,853.05,,,,"     ",5.30,1095.54,1.25
1771,554717901,"01771M14:02:44.890","01771 13:50:39",246.08,853.08,,,,"     ",5.30,1100.95,1.25
1771,554717902,"01771M14:02:45.864","01771 13:50:40",245.97,853.07,,,,"     ",5.30,1111.75,1.27
1771,554717903,"01771M14:02:46.837","01771 13:50:41",245.85,853.06,,,,"     ",5.30,1099.75,1.25
1771,554717904,"01771M14:02:47.810","01771 13:50:42",245.72,853.10,,,,"     ",5.30,1103.54,1.26
1771,554717905,"01771M14:02:48.783","01771 13:50:43",245.60,853.05,,,,"     ",5.30,1083.24,1.23
1771,554717906,"01771M14:02:49.757","01771 13:50:44",245.49,853.05,,,,"     ",5.30,1107.72,1.26
1771,554717907,"01771M14:02:50.730","01771 13:50:45",245.39,853.08,,,,"     ",5.30,1115.64,1.27
1771,554717908,"01771M14:02:51.703","01771 13:50:46",245.30,853.00,,,,"     ",5.30,1105.24,1.25
1771,554717909,"01771M14:02:52.676","01771 13:50:47",245.23,853.00,,,,"     ",5.30,1093.23,1.24
1771,554717910,"01771M14:02:53.650","01771 13:50:48",245.16,853.05,,,,"     ",5.30,1110.59,1.26
1771,554717911,"01771M14:02:54.623","01771 13:50:49",245.11,852.93,,,,"     ",5.30,1100.36,1.25
1771,554717912,"01771M14:02:55.596","01771 13:50:50",245.07,853.02,,,,"     ",5.30,1100.83,1.25
1771,554717913,"01771M14:02:56.569","01771 13:50:51",245.04,852.98,,,,"     ",5.30,1102.37,1.25
1771,554717914,"01771M14:02:57.543","01771 13:50:52",245.01,852.98,,,,"     ",5.30,1104.88,1.25
1771,554717915,"01771M14:02:58.516","01771 13:50:53",244.98,852.95,,,,"     ",5.30,1099.08,1.24
1771,554717916,"01771M14:02:59.489","01771 13:50:54",244.96,852.94,,,,"     ",5.30,1098.76,1.24
1771,554717917,"01771M14:03:00.462","01771 13:50:55",244.93,852.95,,,,"     ",5.30,1101.56,1.25
1771,554717918,"01771M14:03:01.436","01771 13:50:56",244.91,852.91,,,,"     ",5.30,1105.66,1.25
1771,554717919,"01771M14:03:02.409","01771 13:50:57",244.87,852.97,,,,"     ",5.30,1101.42,1.24
1771,554717920,"01771M14:03:03.382","01771 13:50:58",244.83,853.00,,,,"     ",5.30,1104.04,1.25
1771,554717921,"01771M14:03:04.355","01771 13:50:59",244.78,852.90,,,,"     ",5.30,1098.97,1.24
1771,554717922,"01771M14:03:05.329","01771 13:51:00",244.72,852.95,,,,"     ",5.30,1110.05,1.25
1771,554717923,"01771M14:03:06.302","01771 13:51:01",244.64,852.95,,,,"     ",5.30,1107.87,1.25
1771,554717924,"01771M14:03:07.275","01771 13:51:02",244.53,852.93,,,,"     ",5.30,1105.89,1.25
1771,554717925,"01771M14:03:08.248","01771 13:51:03",244.41,852.94,,,,"     ",5.30,1110.83,1.25
1771,554717926,"01771M14:03:09.222","01771 13:51:04",244.29,852.94,,,,"     ",5.30,1108.50,1.25
1771,554717927,"01771M14:03:10.195","01771 13:51:05",244.15,853.04,,,,"     ",5.30,1105.54,1.25
1771,554717928,"01771M14:03:11.168","01771 13:51:06",244.02,852.97,,,,"     ",5.30,1104.86,1.25
1771,554717929,"01771M14:03:12.141","01771 13:51:07",243.89,852.90,,,,"     ",5.30,1102.84,1.24
1771,554717930,"01771M14:03:13.115","01771 13:51:07",243.79,852.83,,,,"     ",5.30,1087.83,1.23
1771,554717931,"01771M14:03:14.088","01771 13:51:08",243.71,852.81,,,,"     ",5.30,1105.02,1.25
1771,554717932,"01771M14:03:15.061","01771 13:51:09",243.64,852.87,,,,"     ",5.30,1114.39,1.26
1771,554717933,"01771M14:03:16.034","01771 13:51:10",243.60,852.83,,,,"     ",5.30,1095.34,1.24
1771,554717934,"01771M14:03:17.008","01771 13:51:11",243.58,852.84,,,,"     ",5.30,1094.43,1.23
1771,554717935,"01771M14:03:17.981","01771 13:51:12",243.57,852.89,,,,"     ",5.30,1105.34,1.25
1771,554717936,"01771M14:03:18.954","01771 13:51:13",243.56,852.89,,,,"     ",5.30,1106.20,1.25
1771,554717937,"01771M14:03:19.927","01771 13:51:14",243.56,852.83,,,,"     ",5.30,1105.42,1.25
1771,554717938,"01771M14:03:20.901","01771 13:51:15",243.56,852.90,,,,"     ",5.30,1105.42,1.25
1771,554717939,"01771M14:03:21.874","01771 13:51:16",243.56,852.85,,,,"     ",5.30,1093.36,1.23
1771,554717940,"01771M14:03:22.847","01771 13:51:17",243.56,852.84,,,,"     ",5.30,1098.13,1.24
1771,554717941,"01771M14:03:23.820","01771 13:51:18",243.56,852.85,,,,"     ",5.30,1099.12,1.24
1771,554717942,"01771M14:03:24.794","01771 13:51:19",243.57,852.82,,,,"     ",5.30,1106.76,1.25
1771,554717943,"01771M14:03:25.767","01771 13:51:20",243.58,852.89,,,,"     ",5.30,1094.34,1.23
1771,554717944,"01771M14:03:26.740","01771 13:51:21",243.60,852.86,,,,"     ",5.30,1094.07,1.23
1771,554717945,"01771M14:03:27.713","01771 13:51:22",243.64,852.91,,,,"     ",5.30,1120.08,1.26
1771,554717946,"01771M14:03:28.687","01771 13:51:23",243.68,852.89,,,,"     ",5.30,1099.38,1.24
1771,554717947,"01771M14:03:29.660","01771 13:51:24",243.72,852.85,,,,"     ",5.30,1104.20,1.25
1771,554717948,"01771M14:03:30.633","01771 13:51:25",243.75,852.81,,,,"     ",5.30,1110.01,1.25
1771,554717949,"01771M14:03:31.606","01771 13:51:26",243.76,852.84,,,,"     ",5.30,1108.73,1.25
1771,554717950,"01771M14:03:32.580","01771 13:51:27",243.75,852.77,,,,"     ",5.30,1109.32,1.25
1771,554717951,"01771M14:03:33.553","01771 13:51:28",243.72,852.81,,,,"     ",5.30,1086.88,1.23
1771,554717952,"01771M14:03:34.526","01771 13:51:29",243.65,852.79,,,,"     ",5.30,1112.98,1.26
1771,554717953,"01771M14:03:35.499","01771 13:51:30",243.57,852.84,,,,"     ",5.30,1097.01,1.24
1771,554717954,"01771M14:03:36.473","01771 13:51:31",243.47,852.83,,,,"     ",5.30,1101.30,1.24
1771,554717955,"01771M14:03:37.446","01771 13:51:32",243.36,852.82,,,,"     ",5.30,1121.02,1.27
1771,554717956,"01771M14:03:38.419","01771 13:51:33",243.25,852.77,,,,"     ",5.30,1103.70,1.25
1771,554717957,"01771M14:03:39.392","01771 13:51:34",243.16,852.86,,,,"     ",5.30,1108.84,1.25
1771,554717958,"01771M14:03:40.366","01771 13:51:35",243.07,852.78,,,,"     ",5.30,1101.76,1.24
1771,554717959,"01771M14:03:41.339","01771 13:51:36",243.02,852.85,,,,"     ",5.30,1108.79,1.25
1771,554717960,"01771M14:03:42.312","01771 13:51:37",242.98,852.76,,,,"     ",5.30,1096.14,1.24
1771,554717961,"01771M14:03:43.286","01771 13:51:38",242.97,852.78,,,,"     ",5.30,1097.40,1.24
1771,554717962,"01771M14:03:44.259","01771 13:51:39",242.97,852.81,,,,"     ",5.30,1114.74,1.26
1771,554717963,"01771M14:03:45.232","01771 13:51:40",242.98,852.79,,,,"     ",5.30,1103.09,1.25
1771,554717964,"01771M14:03:46.205","01771 13:51:41",242.98,852.83,,,,"     ",5.30,1112.37,1.26
1771,554717965,"01771M14:03:47.179","01771 13:51:42",242.98,852.81,,,,"     ",5.30,1090.35,1.23
1771,554717966,"01771M14:03:48.152","01771 13:51:43",242.95,852.84,,,,"     ",5.30,1099.40,1.24
1771,554717967,"01771M14:03:49.125","01771 13:51:44",242.91,852.76,,,,"     ",5.30,1111.48,1.26
1771,554717968,"01771M14:03:50.098","01771 13:51:44",242.85,852.78,,,,"     ",5.30,1114.28,1.26
1771,554717969,"01771M14:03:51.072","01771 13:51:45",242.78,852.72,,,,"     ",5.30,1113.67,1.26
1771,554717970,"01771M14:03:52.045","01771 13:51:46",242.69,852.74,,,,"     ",5.30,1113.64,1.26
1771,554717971,"01771M14:03:53.018","01771 13:51:47",242.58,852.69,,,,"     ",5.30,1085.09,1.23
1771,554717972,"01771M14:03:53.991","01771 13:51:48",242.47,852.77,,,,"     ",5.30,1096.90,1.24
1771,554717973,"01771M14:03:54.965","01771 13:51:49",242.35,852.79,,,,"     ",5.30,1100.73,1.24
1771,554717974,"01771M14:03:55.938","01771 13:51:50",242.23,852.74,,,,"     ",5.30,1125.30,1.27
1771,554717975,"01771M14:03:56.911","01771 13:51:51",242.12,852.72,,,,"     ",5.30,1106.52,1.25
1771,554717976,"01771M14:03:57.884","01771 13:51:52",242.01,852.74,,,,"     ",5.30,1110.48,1.26
1771,554717977,"01771M14:03:58.858","01771 13:51:53",241.91,852.72,,,,"     ",5.30,1104.58,1.25
1771,554717978,"01771M14:03:59.831","01771 13:51:54",241.83,852.75,,,,"     ",5.30,1106.05,1.25
1771,554717979,"01771M14:04:00.804","01771 13:51:55",241.76,852.68,,,,"     ",5.30,1106.49,1.25
1771,554717980,"01771M14:04:01.777","01771 13:51:56",241.71,852.77,,,,"     ",5.30,1100.42,1.24
1771,554717981,"01771M14:04:02.751","01771 13:51:57",241.68,852.79,,,,"     ",5.30,1111.69,1.26
1771,554717982,"01771M14:04:03.724","01771 13:51:58",241.67,852.75,,,,"     ",5.30,1087.23,1.23
1771,554717983,"01771M14:04:04.697","01771 13:51:59",241.67,852.77,,,,"     ",5.30,1104.91,1.25
1771,554717984,"01771M14:04:05.670","01771 13:52:00",241.69,852.73,,,,"     ",5.30,1095.01,1.24
1771,554717985,"01771M14:04:06.644","01771 13:52:01",241.71,852.67,,,,"     ",5.30,1103.27,1.25
1771,554717986,"01771M14:04:07.617","01771 13:52:02",241.74,852.75,,,,"     ",5.30,1106.04,1.25
1771,554717987,"01771M14:04:08.590","01771 13:52:03",241.78,852.80,,,,"     ",5.30,1111.15,1.26
1771,554717988,"01771M14:04:09.563","01771 13:52:04",241.80,852.71,,,,"     ",5.30,1097.64,1.24
1771,554717989,"01771M14:04:10.537","01771 13:52:05",241.81,852.77,,,,"     ",5.30,1108.63,1.25
1771,554717990,"01771M14:04:11.510","01771 13:52:06",241.82,852.76,,,,"     ",5.30,1109.35,1.25
1771,554717991,"01771M14:04:12.483","01771 13:52:07",241.81,852.75,,,,"     ",5.30,1089.83,1.23
1771,554717992,"01771M14:04:13.456","01771 13:52:08",241.80,852.73,,,,"     ",5.30,1103.31,1.25
1771,554717993,"01771M14:04:14.430","01771 13:52:09",241.78,852.69,,,,"     ",5.30,1104.91,1.25
1771,554717994,"01771M14:04:15.403","01771 13:52:10",241.75,852.66,,,,"     ",5.30,1096.78,1.24
1771,554717995,"01771M14:04:16.376","01771 13:52:11",241.70,852.67,,,,"     ",5.30,1099.65,1.24
1771,554717996,"01771M14:04:17.349","01771 13:52:12",241.65,852.61,,,,"     ",5.30,1097.02,1.24
1771,554717997,"01771M14:04:18.323","01771 13:52:13",241.60,852.67,,,,"     ",5.30,1114.74,1.26
1771,554717998,"01771M14:04:19.296","01771 13:52:14",241.55,852.63,,,,"     ",5.30,1097.78,1.24
1771,554717999,"01771M14:04:20.269","01771 13:52:15",241.52,852.72,,,,"     ",5.30,1098.87,1.24
1771,554718000,"01771M14:04:21.242","01771 13:52:16",241.50,852.76,,,,"     ",5.30,1108.78,1.25
1771,554718001,"01771M14:04:22.216","01771 13:52:17",241.48,852.63,,,,"     ",5.30,1084.01,1.22
1771,554718002,"01771M14:04:23.189","01771 13:52:18",241.47,852.62,,,,"     ",5.30,1100.52,1.24
1771,554718003,"01771M14:04:24.162","01771 13:52:19",241.47,852.60,,,,"     ",5.30,1117.53,1.26
1771,554718004,"01771M14:04:25.135","01771 13:52:20",241.47,852.71,,,,"     ",5.30,1107.24,1.25
1771,554718005,"01771M14:04:26.109","01771 13:52:21",241.48,852.64,,,,"     ",5.30,1101.67,1.24
1771,554718006,"01771M14:04:27.082","01771 13:52:21",241.49,852.62,,,,"     ",5.30,1114.65,1.26
1771,554718007,"01771M14:04:28.055","01771 13:52:22",241.51,852.68,,,,"     ",5.30,1117.08,1.26
1771,554718008,"01771M14:04:29.028","01771 13:52:23",241.53,852.65,,,,"     ",5.30,1094.91,1.23
1771,554718009,"01771M14:04:30.002","01771 13:52:24",241.55,852.73,,,,"     ",5.30,1103.83,1.24
1771,554718010,"01771M14:04:30.975","01771 13:52:25",241.57,852.62,,,,"     ",5.30,1101.54,1.24
1771,554718011,"01771M14:04:31.948","01771 13:52:26",241.58,852.67,,,,"     ",5.30,1106.85,1.25
1771,554718012,"01771M14:04:32.921","01771 13:52:27",241.58,852.66,,,,"     ",5.30,1097.43,1.24
1771,554718013,"01771M14:04:33.895","01771 13:52:28",241.55,852.68,,,,"     ",5.30,1109.84,1.25
1771,554718014,"01771M14:04:34.868","01771 13:52:29",241.51,852.60,,,,"     ",5.30,1105.91,1.25
1771,554718015,"01771M14:04:35.841","01771 13:52:30",241.45,852.59,,,,"     ",5.30,1105.91,1.25
1771,554718016,"01771M14:04:36.814","01771 13:52:31",241.37,852.63,,,,"     ",5.30,1105.08,1.24
1771,554718017,"01771M14:04:37.788","01771 13:52:32",241.29,852.59,,,,"     ",5.30,1101.74,1.24
1771,554718018,"01771M14:04:38.761","01771 13:52:33",241.20,852.63,,,,"     ",5.30,1110.10,1.25
1771,554718019,"01771M14:04:39.734","01771 13:52:34",241.13,852.63,,,,"     ",5.30,1107.99,1.25
1771,554718020,"01771M14:04:40.707","01771 13:52:35",241.06,852.61,,,,"     ",5.30,1102.55,1.24
1771,554718021,"01771M14:04:41.681","01771 13:52:36",241.01,852.62,,,,"     ",5.30,1098.79,1.24
1771,554718022,"01771M14:04:42.654","01771 13:52:37",240.98,852.60,,,,"     ",5.30,1110.47,1.25
1771,554718023,"01771M14:04:43.627","01771 13:52:38",240.95,852.56,,,,"     ",5.30,1101.92,1.24
1771,554718024,"01771M14:04:44.600","01771 13:52:39",240.93,852.56,,,,"     ",5.30,1109.15,1.25
1771,554718025,"01771M14:04:45.574","01771 13:52:40",240.92,852.59,,,,"     ",5.30,1111.48,1.25
1771,554718026,"01771M14:04:46.547","01771 13:52:41",240.92,852.63,,,,"     ",5.30,1112.07,1.25
1771,554718027,"01771M14:04:47.520","01771 13:52:42",240.93,852.58,,,,"     ",5.30,1107.00,1.24
1771,554718028,"01771M14:04:48.493","01771 13:52:43",240.96,852.59,,,,"     ",5.30,1110.17,1.25
1771,554718029,"01771M14:04:49.467","01771 13:52:44",241.01,852.57,,,,"     ",5.30,1077.93,1.21
1771,554718030,"01771M14:04:50.440","01771 13:52:45",241.07,852.57,,,,"     ",5.30,1088.92,1.22
1771,554718031,"01771M14:04:51.413","01771 13:52:46",241.13,852.54,,,,"     ",5.30,1107.20,1.24
1771,554718032,"01771M14:04:52.387","01771 13:52:47",241.19,852.57,,,,"     ",5.30,1103.74,1.24
1771,554718033,"01771M14:04:53.360","01771 13:52:48",241.24,852.55,,,,"     ",5.30,1101.70,1.24
1771,554718034,"01771M14:04:54.333","01771 13:52:49",241.27,852.59,,,,"     ",5.30,1108.02,1.24
1771,554718035,"01771M14:04:55.306","01771 13:52:50",241.29,852.58,,,,"     ",5.30,1102.03,1.24
1771,554718036,"01771M14:04:56.280","01771 13:52:51",241.30,852.55,,,,"     ",5.30,1105.75,1.24
1771,554718037,"01771M14:04:57.253","01771 13:52:52",241.29,852.49,,,,"     ",5.30,1119.21,1.26
1771,554718038,"01771M14:04:58.226","01771 13:52:53",241.27,852.50,,,,"     ",5.30,1111.49,1.25
1771,554718039,"01771M14:04:59.199","01771 13:52:54",241.24,852.47,,,,"     ",5.30,1111.58,1.25
1771,554718040,"01771M14:05:00.173","01771 13:52:55",241.20,852.56,,,,"     ",5.30,1103.25,1.24
1771,554718041,"01771M14:05:01.146","01771 13:52:56",241.15,852.52,,,,"     ",5.30,1100.56,1.23
1771,554718042,"01771M14:05:02.119","01771 13:52:57",241.08,852.50,,,,"     ",5.30,1112.13,1.25
1771,554718043,"01771M14:05:03.092","01771 13:52:57",241.02,852.46,,,,"     ",5.30,1102.08,1.23
1771,554718044,"01771M14:05:04.066","01771 13:52:58",240.96,852.44,,,,"     ",5.30,1102.45,1.24
1771,554718045,"01771M14:05:05.039","01771 13:52:59",240.90,852.46,,,,"     ",5.30,1099.51,1.23
1771,554718046,"01771M14:05:06.012","01771 13:53:00",240.85,852.49,,,,"     ",5.30,1110.36,1.24
1771,554718047,"01771M14:05:06.985","01771 13:53:01",240.81,852.42,,,,"     ",5.30,1101.41,1.23
1771,554718048,"01771M14:05:07.959","01771 13:53:02",240.78,852.46,,,,"     ",5.30,1105.38,1.24
1771,554718049,"01771M14:05:08.932","01771 13:53:03",240.74,852.55,,,,"     ",5.30,1102.18,1.23
1771,554718050,"01771M14:05:09.905","01771 13:53:04",240.71,852.58,,,,"     ",5.30,1106.14,1.24
1771,554718051,"01771M14:05:10.878","01771 13:53:05",240.67,852.50,,,,"     ",5.30,1108.48,1.24
1771,554718052,"01771M14:05:11.852","01771 13:53:06",240.61,852.43,,,,"     ",5.30,1110.31,1.24
1771,554718053,"01771M14:05:12.825","01771 13:53:07",240.53,852.47,,,,"     ",5.30,1104.90,1.24
1771,554718054,"01771M14:05:13.798","01771 13:53:08",240.44,852.43,,,,"     ",5.30,1103.10,1.24
1771,554718055,"01771M14:05:14.771","01771 13:53:09",240.34,852.38,,,,"     ",5.30,1115.65,1.25
1771,554718056,"01771M14:05:15.745","01771 13:53:10",240.24,852.46,,,,"     ",5.30,1103.53,1.24
1771,554718057,"01771M14:05:16.718","01771 13:53:11",240.14,852.50,,,,"     ",5.30,1107.20,1.24
1771,554718058,"01771M14:05:17.691","01771 13:53:12",240.05,852.45,,,,"     ",5.30,1106.55,1.24
1771,554718059,"01771M14:05:18.664","01771 13:53:13",239.98,852.44,,,,"     ",5.30,1093.68,1.22
1771,554718060,"01771M14:05:19.638","01771 13:53:14",239.94,852.39,,,,"     ",5.30,1106.20,1.24
1771,554718061,"01771M14:05:20.611","01771 13:53:15",239.90,852.35,,,,"     ",5.30,1105.06,1.24
1771,554718062,"01771M14:05:21.584","01771 13:53:16",239.87,852.33,,,,"     ",5.30,1107.37,1.24
1771,554718063,"01771M14:05:22.557","01771 13:53:17",239.86,852.38,,,,"     ",5.30,1114.94,1.25
1771,554718064,"01771M14:05:23.531","01771 13:53:18",239.84,852.40,,,,"     ",5.30,1102.05,1.24
1771,554718065,"01771M14:05:24.504","01771 13:53:19",239.83,852.40,,,,"     ",5.30,1115.11,1.25
1771,554718066,"01771M14:05:25.477","01771 13:53:20",239.84,852.44,,,,"     ",5.30,1109.70,1.25
1771,554718067,"01771M14:05:26.450","01771 13:53:21",239.85,852.33,,,,"     ",5.30,1095.47,1.23
1771,554718068,"01771M14:05:27.424","01771 13:53:22",239.87,852.31,,,,"     ",5.30,1104.03,1.24
1771,554718069,"01771M14:05:28.397","01771 13:53:23",239.88,852.30,,,,"     ",5.30,1108.54,1.25
1771,554718070,"01771M14:05:29.370","01771 13:53:24",239.89,852.33,,,,"     ",5.30,1097.28,1.23
1771,554718071,"01771M14:05:30.343","01771 13:53:25",239.90,852.37,,,,"     ",5.30,1098.52,1.24
1771,554718072,"01771M14:05:31.317","01771 13:53:26",239.89,852.36,,,,"     ",5.30,1097.86,1.24
1771,554718073,"01771M14:05:32.290","01771 13:53:27",239.89,852.48,,,,"     ",5.30,1097.32,1.23
1771,554718074,"01771M14:05:33.263","01771 13:53:28",239.89,852.40,,,,"     ",5.30,1097.03,1.23
1771,554718075,"01771M14:05:34.236","01771 13:53:29",239.91,852.44,,,,"     ",5.30,1108.83,1.25
1771,554718076,"01771M14:05:35.210","01771 13:53:30",239.94,852.50,,,,"     ",5.30,1118.69,1.26
1771,554718077,"01771M14:05:36.183","01771 13:53:31",239.98,852.41,,,,"     ",5.30,1115.48,1.26
1771,554718078,"01771M14:05:37.156","01771 13:53:32",240.02,852.42,,,,"     ",5.30,1093.07,1.23
1771,554718079,"01771M14:05:38.129","01771 13:53:33",240.07,852.39,,,,"     ",5.30,1105.10,1.25
1771,554718080,"01771M14:05:39.103","01771 13:53:34",240.14,852.45,,,,"     ",5.30,1107.61,1.25
1771,554718081,"01771M14:05:40.076","01771 13:53:34",240.20,852.41,,,,"     ",5.30,1098.43,1.24
1771,554718082,"01771M14:05:41.049","01771 13:53:35",240.28,852.42,,,,"     ",5.30,1115.12,1.26
1771,554718083,"01771M14:05:42.022","01771 13:53:36",240.36,852.44,,,,"     ",5.30,1096.35,1.24
1771,554718084,"01771M14:05:42.996","01771 13:53:37",240.45,852.44,,,,"     ",5.30,1099.83,1.24
1771,554718085,"01771M14:05:43.969","01771 13:53:38",240.55,852.41,,,,"     ",5.30,1091.02,1.23
1771,554718086,"01771M14:05:44.942","01771 13:53:39",240.66,852.38,,,,"     ",5.30,1102.15,1.24
1771,554718087,"01771M14:05:45.915","01771 13:53:40",240.77,852.47,,,,"     ",5.30,1109.65,1.25
1771,554718088,"01771M14:05:46.889","01771 13:53:41",240.90,852.51,,,,"     ",5.30,1093.27,1.23
1771,554718089,"01771M14:05:47.862","01771 13:53:42",240.77,852.45,,,,"     ",5.30,1095.63,1.24
1771,554718090,"01771M14:05:48.835","01771 13:53:43",240.66,852.45,,,,"     ",5.30,1109.08,1.25
1771,554718091,"01771M14:05:49.808","01771 13:53:44",240.55,852.45,,,,"     ",5.30,1101.08,1.24
1771,554718092,"01771M14:05:50.782","01771 13:53:45",240.45,852.39,,,,"     ",5.30,1097.64,1.24
1771,554718093,"01771M14:05:51.755","01771 13:53:46",240.36,852.36,,,,"     ",5.30,1106.29,1.25
1771,554718094,"01771M14:05:52.728","01771 13:53:47",240.27,852.42,,,,"     ",5.30,1085.43,1.23
1771,554718095,"01771M14:05:53.701","01771 13:53:48",240.19,852.33,,,,"     ",5.30,1101.34,1.24
1771,554718096,"01771M14:05:54.675","01771 13:53:49",240.12,852.44,,,,"     ",5.30,1108.88,1.25
1771,554718097,"01771M14:05:55.648","01771 13:53:50",240.05,852.43,,,,"     ",5.30,1093.30,1.23
1771,554718098,"01771M14:05:56.621","01771 13:53:51",240.00,852.39,,,,"     ",5.30,1100.02,1.24
1771,554718099,"01771M14:05:57.594","01771 13:53:52",239.95,852.40,,,,"     ",5.30,1112.65,1.26
1771,554718100,"01771M14:05:58.568","01771 13:53:53",239.91,852.40,,,,"     ",5.30,1106.44,1.25
1771,554718101,"01771M14:05:59.541","01771 13:53:54",239.88,852.41,,,,"     ",5.30,1105.87,1.25
1771,554718102,"01771M14:06:00.514","01771 13:53:55",239.86,852.41,,,,"     ",5.30,1097.00,1.24
1771,554718103,"01771M14:06:01.488","01771 13:53:56",239.83,852.42,,,,"     ",5.30,1111.97,1.25
1771,554718104,"01771M14:06:02.461","01771 13:53:57",239.82,852.40,,,,"     ",5.30,1101.54,1.24
1771,554718105,"01771M14:06:03.434","01771 13:53:58",239.81,852.37,,,,"     ",5.30,1089.12,1.23
1771,554718106,"01771M14:06:04.407","01771 13:53:59",239.80,852.35,,,,"     ",5.30,1098.25,1.24
1771,554718107,"01771M14:06:05.381","01771 13:54:00",239.81,852.43,,,,"     ",5.30,1097.91,1.24
1771,554718108,"01771M14:06:06.354","01771 13:54:01",239.83,852.42,,,,"     ",5.30,1103.73,1.24
1771,554718109,"01771M14:06:07.327","01771 13:54:02",239.85,852.40,,,,"     ",5.30,1097.77,1.24
1771,554718110,"01771M14:06:08.300","01771 13:54:03",239.87,852.41,,,,"     ",5.30,1104.68,1.25
1771,554718111,"01771M14:06:09.274","01771 13:54:04",239.88,852.32,,,,"     ",5.30,1090.82,1.23
1771,554718112,"01771M14:06:10.247","01771 13:54:05",239.88,852.41,,,,"     ",5.30,1088.84,1.23
1771,554718113,"01771M14:06:11.220","01771 13:54:06",239.86,852.37,,,,"     ",5.30,1097.14,1.24
1771,554718114,"01771M14:06:12.193","01771 13:54:07",239.82,852.31,,,,"     ",5.30,1106.16,1.25
1771,554718115,"01771M14:06:13.167","01771 13:54:08",239.76,852.28,,,,"     ",5.30,1096.95,1.23
1771,554718116,"01771M14:06:14.140","01771 13:54:09",239.69,852.28,,,,"     ",5.30,1101.34,1.24
1771,554718117,"01771M14:06:15.113","01771 13:54:10",239.61,852.35,,,,"     ",5.30,1097.65,1.23
1771,554718118,"01771M14:06:16.086","01771 13:54:11",239.53,852.33,,,,"     ",5.30,1106.59,1.24
1771,554718119,"01771M14:06:17.060","01771 13:54:11",239.47,852.31,,,,"     ",5.30,1109.92,1.25
1771,554718120,"01771M14:06:18.033","01771 13:54:12",239.43,852.38,,,,"     ",5.30,1091.79,1.23
1771,554718121,"01771M14:06:19.006","01771 13:54:13",239.41,852.23,,,,"     ",5.30,1093.31,1.23
1771,554718122,"01771M14:06:19.979","01771 13:54:14",239.42,852.19,,,,"     ",5.30,1107.75,1.25
1771,554718123,"01771M14:06:20.953","01771 13:54:15",239.43,852.23,,,,"     ",5.30,1100.39,1.24
1771,554718124,"01771M14:06:21.926","01771 13:54:16",239.46,852.24,,,,"     ",5.30,1100.15,1.24
1771,554718125,"01771M14:06:22.899","01771 13:54:17",239.50,852.20,,,,"     ",5.30,1089.44,1.22
1771,554718126,"01771M14:06:23.872","01771 13:54:18",239.54,852.29,,,,"     ",5.30,1104.87,1.24
1771,554718127,"01771M14:06:24.846","01771 13:54:19",239.57,852.20,,,,"     ",5.30,1084.41,1.22
1771,554718128,"01771M14:06:25.819","01771 13:54:20",239.59,852.21,,,,"     ",5.30,1104.96,1.24
1771,554718129,"01771M14:06:26.792","01771 13:54:21",239.59,852.20,,,,"     ",5.30,1105.55,1.24
1771,554718130,"01771M14:06:27.765","01771 13:54:22",239.58,852.18,,,,"     ",5.30,1089.76,1.22
1771,554718131,"01771M14:06:28.739","01771 13:54:23",239.54,852.11,,,,"     ",5.30,1101.30,1.24
1771,554718132,"01771M14:06:29.712","01771 13:54:24",239.49,852.17,,,,"     ",5.30,1105.25,1.24
1771,554718133,"01771M14:06:30.685","01771 13:54:25",239.44,852.11,,,,"     ",5.30,1103.12,1.24
1771,554718134,"01771M14:06:31.658","01771 13:54:26",239.37,852.13,,,,"     ",5.30,1100.29,1.24
1771,554718135,"01771M14:06:32.632","01771 13:54:27",239.32,852.16,,,,"     ",5.30,1099.19,1.24
1771,554718136,"01771M14:06:33.605","01771 13:54:28",239.26,852.19,,,,"     ",5.30,1084.29,1.22
1771,554718137,"01771M14:06:34.578","01771 13:54:29",239.21,852.28,,,,"     ",5.30,1093.26,1.23
1771,554718138,"01771M14:06:35.551","01771 13:54:30",239.17,852.24,,,,"     ",5.30,1100.46,1.24
1771,554718139,"01771M14:06:36.525","01771 13:54:31",239.14,852.24,,,,"     ",5.30,1103.11,1.24
1771,554718140,"01771M14:06:37.498","01771 13:54:32",239.10,852.22,,,,"     ",5.30,1104.29,1.24
1771,554718141,"01771M14:06:38.471","01771 13:54:33",239.07,852.21,,,,"     ",5.30,1106.59,1.25
1771,554718142,"01771M14:06:39.444","01771 13:54:34",239.04,852.17,,,,"     ",5.30,1098.51,1.24
1771,554718143,"01771M14:06:40.418","01771 13:54:35",239.01,852.20,,,,"     ",5.30,1079.20,1.21
1771,554718144,"01771M14:06:41.391","01771 13:54:36",238.99,852.20,,,,"     ",5.30,1103.05,1.24
1771,554718145,"01771M14:06:42.364","01771 13:54:37",238.96,852.15,,,,"     ",5.30,1099.20,1.24
1771,554718146,"01771M14:06:43.337","01771 13:54:38",238.92,852.20,,,,"     ",5.30,1078.10,1.21
1771,554718147,"01771M14:06:44.311","01771 13:54:39",238.88,852.23,,,,"     ",5.30,1086.18,1.22
1771,554718148,"01771M14:06:45.284","01771 13:54:40",238.83,852.13,,,,"     ",5.30,1095.88,1.23
1771,554718149,"01771M14:06:46.257","01771 13:54:41",238.79,852.23,,,,"     ",5.30,1098.10,1.24
1771,554718150,"01771M14:06:47.230","01771 13:54:42",238.77,852.23,,,,"     ",5.30,1093.56,1.23
1771,554718151,"01771M14:06:48.204","01771 13:54:43",238.76,852.17,,,,"     ",5.30,1093.25,1.23
1771,554718152,"01771M14:06:49.177","01771 13:54:44",238.78,852.19,,,,"     ",5.30,1097.71,1.24
1771,554718153,"01771M14:06:50.150","01771 13:54:45",238.81,852.22,,,,"     ",5.30,1088.04,1.23
1771,554718154,"01771M14:06:51.123","01771 13:54:46",238.85,852.17,,,,"     ",5.30,1086.60,1.22
1771,554718155,"01771M14:06:52.097","01771 13:54:47",238.88,852.22,,,,"     ",5.30,1114.65,1.26
1771,554718156,"01771M14:06:53.070","01771 13:54:47",238.90,852.22,,,,"     ",5.30,1097.78,1.24
1771,554718157,"01771M14:06:54.043","01771 13:54:48",238.91,852.19,,,,"     ",5.30,1103.65,1.25
1771,554718158,"01771M14:06:55.016","01771 13:54:49",238.91,852.21,,,,"     ",5.30,1109.10,1.25
1771,554718159,"01771M14:06:55.990","01771 13:54:50",238.90,852.19,,,,"     ",5.30,1096.94,1.24
1771,554718160,"01771M14:06:56.963","01771 13:54:51",238.89,852.05,,,,"     ",5.30,1091.58,1.23
1771,554718161,"01771M14:06:57.936","01771 13:54:52",238.87,852.12,,,,"     ",5.30,1106.17,1.25
1771,554718162,"01771M14:06:58.909","01771 13:54:53",238.87,852.18,,,,"     ",5.30,1095.36,1.24
1771,554718163,"01771M14:06:59.883","01771 13:54:54",238.86,852.14,,,,"     ",5.30,1116.73,1.26
1771,554718164,"01771M14:07:00.856","01771 13:54:55",238.86,852.16,,,,"     ",5.30,1096.03,1.24
1771,554718165,"01771M14:07:01.829","01771 13:54:56",238.87,852.15,,,,"     ",5.30,1095.59,1.24
1771,554718166,"01771M14:07:02.802","01771 13:54:57",238.89,852.17,,,,"     ",5.30,1090.93,1.23
1771,554718167,"01771M14:07:03.776","01771 13:54:58",238.93,852.11,,,,"     ",5.30,1088.07,1.23
1771,554718168,"01771M14:07:04.749","01771 13:54:59",238.98,852.09,,,,"     ",5.30,1098.49,1.24
1771,554718169,"01771M14:07:05.722","01771 13:55:00",239.04,852.15,,,,"     ",5.30,1101.97,1.24
1771,554718170,"01771M14:07:06.695","01771 13:55:01",239.11,852.11,,,,"     ",5.30,1101.42,1.24
1771,554718171,"01771M14:07:07.669","01771 13:55:02",239.16,852.15,,,,"     ",5.30,1113.97,1.26
1771,554718172,"01771M14:07:08.642","01771 13:55:03",239.19,852.16,,,,"     ",5.30,1093.92,1.23
1771,554718173,"01771M14:07:09.615","01771 13:55:04",239.20,852.29,,,,"     ",5.30,1095.99,1.24
1771,554718174,"01771M14:07:10.589","01771 13:55:05",239.17,852.14,,,,"     ",5.30,1085.53,1.22
1771,554718175,"01771M14:07:11.562","01771 13:55:06",239.12,852.23,,,,"     ",5.30,1105.81,1.25
1771,554718176,"01771M14:07:12.535","01771 13:55:07",239.04,852.15,,,,"     ",5.30,1094.12,1.23
1771,554718177,"01771M14:07:13.508","01771 13:55:08",238.93,852.26,,,,"     ",5.30,1097.18,1.24
1771,554718178,"01771M14:07:14.482","01771 13:55:09",238.81,852.19,,,,"     ",5.30,1095.96,1.24
1771,554718179,"01771M14:07:15.455","01771 13:55:10",238.68,852.17,,,,"     ",5.30,1102.91,1.24
1771,554718180,"01771M14:07:16.428","01771 13:55:11",238.56,852.09,,,,"     ",5.30,1088.20,1.23
1771,554718181,"01771M14:07:17.401","01771 13:55:12",238.46,852.13,,,,"     ",5.30,1094.86,1.24
1771,554718182,"01771M14:07:18.375","01771 13:55:13",238.40,852.13,,,,"     ",5.30,1101.51,1.24
1771,554718183,"01771M14:07:19.348","01771 13:55:14",238.35,852.05,,,,"     ",5.30,1089.69,1.23
1771,554718184,"01771M14:07:20.321","01771 13:55:15",238.33,852.16,,,,"     ",5.30,1107.72,1.25
1771,554718185,"01771M14:07:21.294","01771 13:55:16",238.34,852.22,,,,"     ",5.30,1095.55,1.24
1771,554718186,"01771M14:07:22.268","01771 13:55:17",238.36,852.24,,,,"     ",5.30,1098.10,1.24
1771,554718187,"01771M14:07:23.241","01771 13:55:18",238.39,852.21,,,,"     ",5.30,1083.64,1.22
1771,554718188,"01771M14:07:24.214","01771 13:55:19",238.41,852.23,,,,"     ",5.30,1102.07,1.25
1771,554718189,"01771M14:07:25.187","01771 13:55:20",238.42,852.24,,,,"     ",5.30,1075.36,1.22
1771,554718190,"01771M14:07:26.161","01771 13:55:21",238.42,852.28,,,,"     ",5.30,1100.67,1.24
1771,554718191,"01771M14:07:27.134","01771 13:55:22",238.42,852.19,,,,"     ",5.30,1104.48,1.25
1771,554718192,"01771M14:07:28.107","01771 13:55:23",238.40,852.16,,,,"     ",5.30,1090.50,1.23
1771,554718193,"01771M14:07:29.080","01771 13:55:24",238.38,852.04,,,,"     ",5.30,1103.06,1.25
1771,554718194,"01771M14:07:30.054","01771 13:55:24",238.36,852.15,,,,"     ",5.30,1091.04,1.23
1771,554718195,"01771M14:07:31.027","01771 13:55:25",238.35,852.10,,,,"     ",5.30,1091.37,1.23
1771,554718196,"01771M14:07:32.000","01771 13:55:26",238.34,852.08,,,,"     ",5.30,1092.65,1.24
1771,554718197,"01771M14:07:32.973","01771 13:55:27",238.36,852.04,,,,"     ",5.30,1099.12,1.24
1771,554718198,"01771M14:07:33.947","01771 13:55:28",238.40,852.07,,,,"     ",5.30,1096.90,1.24
1771,554718199,"01771M14:07:34.920","01771 13:55:29",238.47,852.12,,,,"     ",5.30,1106.51,1.25
1771,554718200,"01771M14:07:35.893","01771 13:55:30",238.57,852.21,,,,"     ",5.30,1090.35,1.23
1771,554718201,"01771M14:07:36.866","01771 13:55:31",238.69,852.15,,,,"     ",5.30,1096.34,1.24
1771,554718202,"01771M14:07:37.840","01771 13:55:32",238.84,852.09,,,,"     ",5.30,1097.78,1.24
1771,554718203,"01771M14:07:38.813","01771 13:55:33",238.98,852.11,,,,"     ",5.30,1101.05,1.25
1771,554718204,"01771M14:07:39.786","01771 13:55:34",239.10,852.08,,,,"     ",5.30,1080.19,1.22
1771,554718205,"01771M14:07:40.759","01771 13:55:35",239.21,852.16,,,,"     ",5.30,1096.36,1.24
1771,554718206,"01771M14:07:41.733","01771 13:55:36",239.29,852.23,,,,"     ",5.30,1110.70,1.26
1771,554718207,"01771M14:07:42.706","01771 13:55:37",239.33,852.13,,,,"     ",5.30,1099.30,1.24
1771,554718208,"01771M14:07:43.679","01771 13:55:38",239.35,852.12,,,,"     ",5.30,1087.28,1.23
1771,554718209,"01771M14:07:44.652","01771 13:55:39",239.33,852.09,,,,"     ",5.30,1085.42,1.23
1771,554718210,"01771M14:07:45.626","01771 13:55:40",239.30,852.06,,,,"     ",5.30,1096.09,1.24
1771,554718211,"01771M14:07:46.599","01771 13:55:41",239.25,852.03,,,,"     ",5.30,1101.73,1.25
1771,554718212,"01771M14:07:47.572","01771 13:55:42",239.19,852.05,,,,"     ",5.30,1089.87,1.23
1771,554718213,"01771M14:07:48.545","01771 13:55:43",239.12,852.04,,,,"     ",5.30,1094.26,1.24
1771,554718214,"01771M14:07:49.519","01771 13:55:44",239.06,852.05,,,,"     ",5.30,1101.44,1.24
1771,554718215,"01771M14:07:50.492","01771 13:55:45",239.01,852.07,,,,"     ",5.30,1093.90,1.24
1771,554718216,"01771M14:07:51.465","01771 13:55:46",238.96,852.09,,,,"     ",5.30,1085.08,1.23
1771,554718217,"01771M14:07:52.438","01771 13:55:47",238.92,852.11,,,,"     ",5.30,1096.56,1.24
1771,554718218,"01771M14:07:53.412","01771 13:55:48",238.90,852.11,,,,"     ",5.30,1106.39,1.25
1771,554718219,"01771M14:07:54.385","01771 13:55:49",238.88,852.10,,,,"     ",5.30,1097.17,1.24
1771,554718220,"01771M14:07:55.358","01771 13:55:50",238.88,852.17,,,,"     ",5.30,1087.37,1.23
1771,554718221,"01771M14:07:56.331","01771 13:55:51",238.87,852.11,,,,"     ",5.30,1083.24,1.22
1771,554718222,"01771M14:07:57.305","01771 13:55:52",238.86,852.15,,,,"     ",5.30,1098.16,1.24
1771,554718223,"01771M14:07:58.278","01771 13:55:53",238.85,852.12,,,,"     ",5.30,1096.34,1.24
1771,554718224,"01771M14:07:59.251","01771 13:55:54",238.82,852.10,,,,"     ",5.30,1104.52,1.24
1771,554718225,"01771M14:08:00.224","01771 13:55:55",238.79,852.08,,,,"     ",5.30,1093.75,1.23
1771,554718226,"01771M14:08:01.198","01771 13:55:56",238.75,852.06,,,,"     ",5.30,1095.66,1.23
1771,554718227,"01771M14:08:02.171","01771 13:55:57",238.71,852.07,,,,"     ",5.30,1095.42,1.23
1771,554718228,"01771M14:08:03.144","01771 13:55:58",238.68,852.04,,,,"     ",5.30,1104.23,1.24
1771,554718229,"01771M14:08:04.117","01771 13:55:59",238.66,851.99,,,,"     ",5.30,1089.39,1.23
1771,554718230,"01771M14:08:05.091","01771 13:56:00",238.66,851.96,,,,"     ",5.30,1092.01,1.23
1771,554718231,"01771M14:08:06.064","01771 13:56:01",238.66,851.96,,,,"     ",5.30,1081.44,1.22
1771,554718232,"01771M14:08:07.037","01771 13:56:01",238.68,851.95,,,,"     ",5.30,1094.84,1.23
1771,554718233,"01771M14:08:08.010","01771 13:56:02",238.70,852.04,,,,"     ",5.30,1084.99,1.22
1771,554718234,"01771M14:08:08.984","01771 13:56:03",238.73,852.04,,,,"     ",5.30,1099.79,1.24
1771,554718235,"01771M14:08:09.957","01771 13:56:04",238.77,852.00,,,,"     ",5.30,1108.62,1.24
1771,554718236,"01771M14:08:10.930","01771 13:56:05",238.81,851.97,,,,"     ",5.30,1098.52,1.23
1771,554718237,"01771M14:08:11.903","01771 13:56:06",238.85,852.01,,,,"     ",5.30,1094.93,1.23
1771,554718238,"01771M14:08:12.877","01771 13:56:07",238.89,852.07,,,,"     ",5.30,1106.09,1.24
1771,554718239,"01771M14:08:13.850","01771 13:56:08",238.93,852.05,,,,"     ",5.30,1092.69,1.22
1771,554718240,"01771M14:08:14.823","01771 13:56:09",238.95,852.03,,,,"     ",5.30,1095.63,1.23
1771,554718241,"01771M14:08:15.796","01771 13:56:10",238.97,852.06,,,,"     ",5.30,1092.88,1.22
1771,554718242,"01771M14:08:16.770","01771 13:56:11",238.98,852.03,,,,"     ",5.30,1093.16,1.22
1771,554718243,"01771M14:08:17.743","01771 13:56:12",238.98,852.10,,,,"     ",5.30,1098.82,1.23
1771,554718244,"01771M14:08:18.716","01771 13:56:13",238.97,852.10,,,,"     ",5.30,1101.61,1.23
1771,554718245,"01771M14:08:19.690","01771 13:56:14",238.96,852.07,,,,"     ",5.30,1094.37,1.22
1771,554718246,"01771M14:08:20.663","01771 13:56:15",238.95,852.13,,,,"     ",5.30,1096.24,1.23
1771,554718247,"01771M14:08:21.636","01771 13:56:16",238.95,852.05,,,,"     ",5.30,1095.42,1.22
1771,554718248,"01771M14:08:22.609","01771 13:56:17",238.93,852.01,,,,"     ",5.30,1098.88,1.23
1771,554718249,"01771M14:08:23.583","01771 13:56:18",238.92,852.05,,,,"     ",5.30,1103.12,1.23
1771,554718250,"01771M14:08:24.556","01771 13:56:19",238.89,851.99,,,,"     ",5.30,1105.83,1.23
1771,554718251,"01771M14:08:25.529","01771 13:56:20",238.85,852.05,,,,"     ",5.30,1123.03,1.25
1771,554718252,"01771M14:08:26.502","01771 13:56:21",238.80,852.04,,,,"     ",5.30,1108.80,1.24
1771,554718253,"01771M14:08:27.476","01771 13:56:22",238.74,852.04,,,,"     ",5.30,1098.14,1.22
1771,554718254,"01771M14:08:28.449","01771 13:56:23",238.67,852.03,,,,"     ",5.30,1101.02,1.23
1771,554718255,"01771M14:08:29.422","01771 13:56:24",238.59,852.05,,,,"     ",5.30,1114.62,1.24
1771,554718256,"01771M14:08:30.395","01771 13:56:25",238.52,851.98,,,,"     ",5.30,1106.11,1.23
1771,554718257,"01771M14:08:31.369","01771 13:56:26",238.46,851.91,,,,"     ",5.30,1107.29,1.23
1771,554718258,"01771M14:08:32.342","01771 13:56:27",238.41,851.95,,,,"     ",5.30,1107.19,1.23
1771,554718259,"01771M14:08:33.315","01771 13:56:28",238.36,852.04,,,,"     ",5.30,1114.68,1.24
1771,554718260,"01771M14:08:34.288","01771 13:56:29",238.32,852.03,,,,"     ",5.30,1101.45,1.22
1771,554718261,"01771M14:08:35.262","01771 13:56:30",238.31,851.99,,,,"     ",5.30,1098.78,1.22
1771,554718262,"01771M14:08:36.235","01771 13:56:31",238.30,852.00,,,,"     ",5.30,1120.74,1.24
1771,554718263,"01771M14:08:37.208","01771 13:56:32",238.33,852.01,,,,"     ",5.30,1108.68,1.23
1771,554718264,"01771M14:08:38.181","01771 13:56:33",238.36,851.99,,,,"     ",5.30,1106.97,1.23
1771,554718265,"01771M14:08:39.155","01771 13:56:34",238.41,852.03,,,,"     ",5.30,1091.80,1.21
1771,554718266,"01771M14:08:40.128","01771 13:56:35",238.45,852.04,,,,"     ",5.30,1100.33,1.22
1771,554718267,"01771M14:08:41.101","01771 13:56:36",238.49,852.03,,,,"     ",5.30,1103.83,1.22
1771,554718268,"01771M14:08:42.074","01771 13:56:37",238.53,851.90,,,,"     ",5.30,1120.48,1.24
1771,554718269,"01771M14:08:43.048","01771 13:56:38",238.55,851.98,,,,"     ",5.30,1124.68,1.24
1771,554718270,"01771M14:08:44.021","01771 13:56:38",238.56,851.95,,,,"     ",5.30,1114.03,1.23
1771,554718271,"01771M14:08:44.994","01771 13:56:39",238.55,851.93,,,,"     ",5.30,1109.69,1.23
1771,554718272,"01771M14:08:45.967","01771 13:56:40",238.54,851.86,,,,"     ",5.30,1108.72,1.22
1771,554718273,"01771M14:08:46.941","01771 13:56:41",238.51,851.96,,,,"     ",5.30,1126.89,1.25
1771,554718274,"01771M14:08:47.914","01771 13:56:42",238.48,851.91,,,,"     ",5.30,1107.89,1.22
1771,554718275,"01771M14:08:48.887","01771 13:56:43",238.44,851.89,,,,"     ",5.30,1106.05,1.22
1771,554718276,"01771M14:08:49.860","01771 13:56:44",238.40,851.84,,,,"     ",5.30,1111.84,1.23
1771,554718277,"01771M14:08:50.834","01771 13:56:45",238.35,851.85,,,,"     ",5.30,1101.57,1.21
1771,554718278,"01771M14:08:51.807","01771 13:56:46",238.30,851.81,,,,"     ",5.30,1116.97,1.23
1771,554718279,"01771M14:08:52.780","01771 13:56:47",238.27,851.84,,,,"     ",5.30,1100.17,1.21
1771,554718280,"01771M14:08:53.753","01771 13:56:48",238.24,851.90,,,,"     ",5.30,1112.71,1.23
1771,554718281,"01771M14:08:54.727","01771 13:56:49",238.22,851.89,,,,"     ",5.30,1106.61,1.22
1771,554718282,"01771M14:08:55.700","01771 13:56:50",238.20,851.96,,,,"     ",5.30,1103.63,1.21
1771,554718283,"01771M14:08:56.673","01771 13:56:51",238.19,852.01,,,,"     ",5.30,1113.12,1.22
1771,554718284,"01771M14:08:57.646","01771 13:56:52",238.18,851.91,,,,"     ",5.30,1118.05,1.23
1771,554718285,"01771M14:08:58.620","01771 13:56:53",238.18,851.87,,,,"     ",5.30,1114.46,1.22
1771,554718286,"01771M14:08:59.593","01771 13:56:54",238.19,851.97,,,,"     ",5.30,1119.52,1.23
1771,554718287,"01771M14:09:00.566","01771 13:56:55",238.21,851.89,,,,"     ",5.30,1114.52,1.22
1771,554718288,"01771M14:09:01.539","01771 13:56:56",238.26,851.94,,,,"     ",5.30,1122.44,1.23
1771,554718289,"01771M14:09:02.513","01771 13:56:57",238.31,851.92,,,,"     ",5.30,1112.38,1.22
1771,554718290,"01771M14:09:03.486","01771 13:56:58",238.37,851.90,,,,"     ",5.30,1124.00,1.23
1771,554718291,"01771M14:09:04.459","01771 13:56:59",238.46,851.95,,,,"     ",5.30,1120.89,1.23
1771,554718292,"01771M14:09:05.432","01771 13:57:00",238.54,851.90,,,,"     ",5.30,1124.24,1.23
1771,554718293,"01771M14:09:06.406","01771 13:57:01",238.62,851.95,,,,"     ",5.30,1115.02,1.22
1771,554718294,"01771M14:09:07.379","01771 13:57:02",238.70,851.92,,,,"     ",5.30,1121.42,1.23
1771,554718295,"01771M14:09:08.352","01771 13:57:03",238.75,851.87,,,,"     ",5.30,1110.89,1.22
1771,554718296,"01771M14:09:09.325","01771 13:57:04",238.80,851.87,,,,"     ",5.30,1113.92,1.22
1771,554718297,"01771M14:09:10.299","01771 13:57:05",238.84,851.92,,,,"     ",5.30,1123.48,1.23
1771,554718298,"01771M14:09:11.272","01771 13:57:06",238.87,851.91,,,,"     ",5.30,1122.52,1.23
1771,554718299,"01771M14:09:12.245","01771 13:57:07",238.87,851.97,,,,"     ",5.30,1111.93,1.21
1771,554718300,"01771M14:09:13.218","01771 13:57:08",238.87,851.90,,,,"     ",5.30,1124.37,1.23
1771,554718301,"01771M14:09:14.192","01771 13:57:09",238.85,852.02,,,,"     ",5.30,1126.36,1.23
1771,554718302,"01771M14:09:15.165","01771 13:57:10",238.82,851.87,,,,"     ",5.30,1117.14,1.22
1771,554718303,"01771M14:09:16.138","01771 13:57:11",238.78,851.87,,,,"     ",5.30,1123.14,1.23
1771,554718304,"01771M14:09:17.111","01771 13:57:12",238.73,851.89,,,,"     ",5.30,1121.79,1.22
1771,554718305,"01771M14:09:18.085","01771 13:57:13",238.68,851.83,,,,"     ",5.30,1128.48,1.23
1771,554718306,"01771M14:09:19.058","01771 13:57:14",238.63,851.81,,,,"     ",5.30,1111.22,1.21
1771,554718307,"01771M14:09:20.031","01771 13:57:14",238.58,851.83,,,,"     ",5.30,1130.83,1.23
1771,554718308,"01771M14:09:21.004","01771 13:57:15",238.53,851.86,,,,"     ",5.30,1124.20,1.23
1771,554718309,"01771M14:09:21.978","01771 13:57:16",238.48,851.87,,,,"     ",5.30,1125.23,1.23
1771,554718310,"01771M14:09:22.951","01771 13:57:17",238.44,851.86,,,,"     ",5.30,1125.20,1.23
1771,554718311,"01771M14:09:23.924","01771 13:57:18",238.40,851.81,,,,"     ",5.30,1131.10,1.23
1771,554718312,"01771M14:09:24.897","01771 13:57:19",238.38,851.79,,,,"     ",5.30,1120.60,1.22
1771,554718313,"01771M14:09:25.871","01771 13:57:20",238.35,851.80,,,,"     ",5.30,1120.41,1.22
1771,554718314,"01771M14:09:26.844","01771 13:57:21",238.33,851.77,,,,"     ",5.30,1145.23,1.25
1771,554718315,"01771M14:09:27.817","01771 13:57:22",238.31,851.81,,,,"     ",5.30,1117.16,1.22
1771,554718316,"01771M14:09:28.790","01771 13:57:23",238.31,851.79,,,,"     ",5.30,1133.50,1.24
1771,554718317,"01771M14:09:29.764","01771 13:57:24",238.33,851.71,,,,"     ",5.30,1125.51,1.23
1771,554718318,"01771M14:09:30.737","01771 13:57:25",238.36,851.75,,,,"     ",5.30,1121.45,1.22
1771,554718319,"01771M14:09:31.710","01771 13:57:26",238.39,851.80,,,,"     ",5.30,1123.64,1.22
1771,554718320,"01771M14:09:32.684","01771 13:57:27",238.44,851.76,,,,"     ",5.30,1124.01,1.23
1771,554718321,"01771M14:09:33.657","01771 13:57:28",238.48,851.78,,,,"     ",5.30,1122.11,1.22
1771,554718322,"01771M14:09:34.630","01771 13:57:29",238.53,851.81,,,,"     ",5.30,1131.18,1.23
1771,554718323,"01771M14:09:35.603","01771 13:57:30",238.57,851.78,,,,"     ",5.30,1117.64,1.22
1771,554718324,"01771M14:09:36.577","01771 13:57:31",238.61,851.76,,,,"     ",5.30,1120.78,1.22
1771,554718325,"01771M14:09:37.550","01771 13:57:32",238.64,851.74,,,,"     ",5.30,1120.24,1.22
1771,554718326,"01771M14:09:38.523","01771 13:57:33",238.66,851.72,,,,"     ",5.30,1121.96,1.22
1771,554718327,"01771M14:09:39.496","01771 13:57:34",238.67,851.71,,,,"     ",5.30,1135.50,1.24
1771,554718328,"01771M14:09:40.470","01771 13:57:35",238.67,851.74,,,,"     ",5.30,1121.08,1.22
1771,554718329,"01771M14:09:41.443","01771 13:57:36",238.65,851.70,,,,"     ",5.30,1124.68,1.23
1771,554718330,"01771M14:09:42.416","01771 13:57:37",238.63,851.76,,,,"     ",5.30,1124.55,1.22
1771,554718331,"01771M14:09:43.389","01771 13:57:38",238.60,851.73,,,,"     ",5.30,1134.50,1.24
1771,554718332,"01771M14:09:44.363","01771 13:57:39",238.57,851.70,,,,"     ",5.30,1122.51,1.22
1771,554718333,"01771M14:09:45.336","01771 13:57:40",238.55,851.73,,,,"     ",5.30,1128.27,1.23
1771,554718334,"01771M14:09:46.309","01771 13:57:41",238.52,851.72,,,,"     ",5.30,1120.54,1.22
1771,554718335,"01771M14:09:47.282","01771 13:57:42",238.50,851.82,,,,"     ",5.30,1130.67,1.23
1771,554718336,"01771M14:09:48.256","01771 13:57:43",238.49,851.71,,,,"     ",5.30,1121.36,1.22
1771,554718337,"01771M14:09:49.229","01771 13:57:44",238.48,851.76,,,,"     ",5.30,1118.36,1.22
1771,554718338,"01771M14:09:50.202","01771 13:57:45",238.47,851.76,,,,"     ",5.30,1125.08,1.22
1771,554718339,"01771M14:09:51.175","01771 13:57:46",238.47,851.76,,,,"     ",5.30,1119.02,1.22
1771,554718340,"01771M14:09:52.149","01771 13:57:47",238.46,851.69,,,,"     ",5.30,1125.89,1.23
1771,554718341,"01771M14:09:53.122","01771 13:57:48",238.45,851.71,,,,"     ",5.30,1119.84,1.22
1771,554718342,"01771M14:09:54.095","01771 13:57:49",238.44,851.74,,,,"     ",5.30,1137.46,1.24
1771,554718343,"01771M14:09:55.068","01771 13:57:50",238.42,851.70,,,,"     ",5.30,1121.92,1.22
1771,554718344,"01771M14:09:56.042","01771 13:57:51",238.40,851.70,,,,"     ",5.30,1118.02,1.22
1771,554718345,"01771M14:09:57.015","01771 13:57:51",238.37,851.72,,,,"     ",5.30,1120.69,1.22
1771,554718346,"01771M14:09:57.988","01771 13:57:52",238.35,851.75,,,,"     ",5.30,1132.01,1.23
1771,554718347,"01771M14:09:58.961","01771 13:57:53",238.32,851.81,,,,"     ",5.30,1120.04,1.22
1771,554718348,"01771M14:09:59.935","01771 13:57:54",238.30,851.76,,,,"     ",5.30,1120.81,1.22
1771,554718349,"01771M14:10:00.908","01771 13:57:55",238.28,851.79,,,,"     ",5.30,1122.26,1.22
1771,554718350,"01771M14:10:01.881","01771 13:57:56",238.28,851.79,,,,"     ",5.30,1122.41,1.22
1771,554718351,"01771M14:10:02.854","01771 13:57:57",238.29,851.83,,,,"     ",5.30,1120.77,1.22
1771,554718352,"01771M14:10:03.828","01771 13:57:58",238.33,851.79,,,,"     ",5.30,1109.32,1.21
1771,554718353,"01771M14:10:04.801","01771 13:57:59",238.37,851.86,,,,"     ",5.30,1117.14,1.22
1771,554718354,"01771M14:10:05.774","01771 13:58:00",238.42,851.84,,,,"     ",5.30,1113.58,1.21
1771,554718355,"01771M14:10:06.747","01771 13:58:01",238.47,851.83,,,,"     ",5.30,1115.27,1.22
1771,554718356,"01771M14:10:07.721","01771 13:58:02",238.52,851.79,,,,"     ",5.30,1116.76,1.22
1771,554718357,"01771M14:10:08.694","01771 13:58:03",238.57,851.77,,,,"     ",5.30,1114.95,1.22
1771,554718358,"01771M14:10:09.667","01771 13:58:04",238.60,851.69,,,,"     ",5.30,1105.99,1.20
1771,554718359,"01771M14:10:10.640","01771 13:58:05",238.62,851.71,,,,"     ",5.30,1124.98,1.23
1771,554718360,"01771M14:10:11.614","01771 13:58:06",238.63,851.69,,,,"     ",5.30,1131.89,1.23
1771,554718361,"01771M14:10:12.587","01771 13:58:07",238.63,851.70,,,,"     ",5.30,1118.34,1.22
1771,554718362,"01771M14:10:13.560","01771 13:58:08",238.62,851.79,,,,"     ",5.30,1106.24,1.21
1771,554718363,"01771M14:10:14.533","01771 13:58:09",238.61,851.66,,,,"     ",5.30,1117.77,1.22
1771,554718364,"01771M14:10:15.507","01771 13:58:10",238.58,851.60,,,,"     ",5.30,1118.44,1.22
1771,554718365,"01771M14:10:16.480","01771 13:58:11",238.53,851.55,,,,"     ",5.30,1113.77,1.21
1771,554718366,"01771M14:10:17.453","01771 13:58:12",238.48,851.60,,,,"     ",5.30,1114.27,1.21
1771,554718367,"01771M14:10:18.426","01771 13:58:13",238.43,851.70,,,,"     ",5.30,1115.04,1.22
1771,554718368,"01771M14:10:19.400","01771 13:58:14",238.37,851.60,,,,"     ",5.30,1113.94,1.21
1771,554718369,"01771M14:10:20.373","01771 13:58:15",238.32,851.70,,,,"     ",5.30,1123.56,1.23
1771,554718370,"01771M14:10:21.346","01771 13:58:16",238.27,851.68,,,,"     ",5.30,1127.31,1.23
1771,554718371,"01771M14:10:22.319","01771 13:58:17",238.24,851.74,,,,"     ",5.30,1109.30,1.21
1771,554718372,"01771M14:10:23.293","01771 13:58:18",238.22,851.74,,,,"     ",5.30,1129.67,1.23
1771,554718373,"01771M14:10:24.266","01771 13:58:19",238.22,851.58,,,,"     ",5.30,1120.07,1.22
1771,554718374,"01771M14:10:25.239","01771 13:58:20",238.24,851.67,,,,"     ",5.30,1124.91,1.23
1771,554718375,"01771M14:10:26.212","01771 13:58:21",238.27,851.75,,,,"     ",5.30,1130.32,1.23
1771,554718376,"01771M14:10:27.186","01771 13:58:22",238.31,851.74,,,,"     ",5.30,1113.88,1.22
1771,554718377,"01771M14:10:28.159","01771 13:58:23",238.35,851.73,,,,"     ",5.30,1120.20,1.22
1771,554718378,"01771M14:10:29.132","01771 13:58:24",238.40,851.73,,,,"     ",5.30,1101.26,1.20
1771,554718379,"01771M14:10:30.105","01771 13:58:25",238.44,851.76,,,,"     ",5.30,1124.97,1.23
1771,554718380,"01771M14:10:31.079","01771 13:58:26",238.48,851.67,,,,"     ",5.30,1113.76,1.22
1771,554718381,"01771M14:10:32.052","01771 13:58:27",238.52,851.71,,,,"     ",5.30,1104.58,1.20
1771,554718382,"01771M14:10:33.025","01771 13:58:28",238.55,851.70,,,,"     ",5.30,1110.49,1.21
1771,554718383,"01771M14:10:33.998","01771 13:58:28",238.57,851.77,,,,"     ",5.30,1115.06,1.22
1771,554718384,"01771M14:10:34.972","01771 13:58:29",238.60,851.71,,,,"     ",5.30,1121.71,1.22
1771,554718385,"01771M14:10:35.945","01771 13:58:30",238.63,851.78,,,,"     ",5.30,1114.23,1.22
1771,554718386,"01771M14:10:36.918","01771 13:58:31",238.66,851.63,,,,"     ",5.30,1115.42,1.22
1771,554718387,"01771M14:10:37.891","01771 13:58:32",238.68,851.78,,,,"     ",5.30,1122.57,1.23
1771,554718388,"01771M14:10:38.865","01771 13:58:33",238.71,851.74,,,,"     ",5.30,1109.87,1.21
1771,554718389,"01771M14:10:39.838","01771 13:58:34",238.73,851.74,,,,"     ",5.30,1106.79,1.21
1771,554718390,"01771M14:10:40.811","01771 13:58:35",238.75,851.69,,,,"     ",5.30,1114.61,1.22
1771,554718391,"01771M14:10:41.785","01771 13:58:36",238.78,851.62,,,,"     ",5.30,1121.14,1.22
1771,554718392,"01771M14:10:42.758","01771 13:58:37",238.80,851.78,,,,"     ",5.30,1122.62,1.23
1771,554718393,"01771M14:10:43.731","01771 13:58:38",238.83,851.85,,,,"     ",5.30,1120.10,1.22
1771,554718394,"01771M14:10:44.704","01771 13:58:39",238.85,851.86,,,,"     ",5.30,1121.15,1.22
1771,554718395,"01771M14:10:45.678","01771 13:58:40",238.88,851.80,,,,"     ",5.30,1123.04,1.23
1771,554718396,"01771M14:10:46.651","01771 13:58:41",238.91,851.78,,,,"     ",5.30,1111.71,1.21
1771,554718397,"01771M14:10:47.624","01771 13:58:42",238.86,851.72,,,,"     ",5.30,1119.25,1.22
1771,554718398,"01771M14:10:48.597","01771 13:58:43",238.84,851.71,,,,"     ",5.30,1128.60,1.23
1771,554718399,"01771M14:10:49.571","01771 13:58:44",238.81,851.70,,,,"     ",5.30,1120.94,1.22
1771,554718400,"01771M14:10:50.544","01771 13:58:45",238.79,851.69,,,,"     ",5.30,1130.10,1.23
1771,554718401,"01771M14:10:51.517","01771 13:58:46",238.76,851.67,,,,"     ",5.30,1119.04,1.22
1771,554718402,"01771M14:10:52.490","01771 13:58:47",238.74,851.66,,,,"     ",5.30,1122.64,1.22
1771,554718403,"01771M14:10:53.464","01771 13:58:48",238.72,851.71,,,,"     ",5.30,1127.83,1.23
1771,554718404,"01771M14:10:54.437","01771 13:58:49",238.70,851.63,,,,"     ",5.30,1138.04,1.24
1771,554718405,"01771M14:10:55.410","01771 13:58:50",238.68,851.72,,,,"     ",5.30,1110.82,1.21
1771,554718406,"01771M14:10:56.383","01771 13:58:51",238.67,851.68,,,,"     ",5.30,1112.93,1.21
1771,554718407,"01771M14:10:57.357","01771 13:58:52",238.65,851.68,,,,"     ",5.30,1110.48,1.21
1771,554718408,"01771M14:10:58.330","01771 13:58:53",238.63,851.77,,,,"     ",5.30,1123.40,1.22
1771,554718409,"01771M14:10:59.303","01771 13:58:54",238.61,851.68,,,,"     ",5.30,1120.74,1.22
1771,554718410,"01771M14:11:00.276","01771 13:58:55",238.59,851.65,,,,"     ",5.30,1129.45,1.23
1771,554718411,"01771M14:11:01.250","01771 13:58:56",238.59,851.76,,,,"     ",5.30,1105.71,1.20
1771,554718412,"01771M14:11:02.223","01771 13:58:57",238.61,851.63,,,,"     ",5.30,1120.59,1.22
1771,554718413,"01771M14:11:03.196","01771 13:58:58",238.64,851.66,,,,"     ",5.30,1132.26,1.23
1771,554718414,"01771M14:11:04.169","01771 13:58:59",238.67,851.71,,,,"     ",5.30,1130.37,1.23
1771,554718415,"01771M14:11:05.143","01771 13:59:00",238.68,851.65,,,,"     ",5.30,1141.71,1.24
1771,554718416,"01771M14:11:06.116","01771 13:59:01",238.67,851.62,,,,"     ",5.30,1097.79,1.19
1771,554718417,"01771M14:11:07.089","01771 13:59:02",238.64,851.69,,,,"     ",5.30,1132.83,1.23
1771,554718418,"01771M14:11:08.062","01771 13:59:03",238.61,851.66,,,,"     ",5.30,1127.80,1.22
1771,554718419,"01771M14:11:09.036","01771 13:59:04",238.59,851.67,,,,"     ",5.30,1132.49,1.23
1771,554718420,"01771M14:11:10.009","01771 13:59:04",238.56,851.73,,,,"     ",5.30,1119.85,1.21
1771,554718421,"01771M14:11:10.982","01771 13:59:05",238.53,851.63,,,,"     ",5.30,1113.11,1.20
1771,554718422,"01771M14:11:11.955","01771 13:59:06",238.51,851.62,,,,"     ",5.30,1132.81,1.23
1771,554718423,"01771M14:11:12.929","01771 13:59:07",238.49,851.72,,,,"     ",5.30,1130.29,1.22
1771,554718424,"01771M14:11:13.902","01771 13:59:08",238.46,851.69,,,,"     ",5.30,1130.59,1.22
1771,554718425,"01771M14:11:14.875","01771 13:59:09",238.42,851.65,,,,"     ",5.30,1149.51,1.24
1771,554718426,"01771M14:11:15.848","01771 13:59:10",238.39,851.59,,,,"     ",5.30,1135.22,1.23
1771,554718427,"01771M14:11:16.822","01771 13:59:11",238.36,851.69,,,,"     ",5.30,1125.87,1.22
1771,554718428,"01771M14:11:17.795","01771 13:59:12",238.34,851.70,,,,"     ",5.30,1130.46,1.22
1771,554718429,"01771M14:11:18.768","01771 13:59:13",238.32,851.67,,,,"     ",5.30,1124.27,1.21
1771,554718430,"01771M14:11:19.741","01771 13:59:14",238.32,851.69,,,,"     ",5.30,1123.40,1.21
1771,554718431,"01771M14:11:20.715","01771 13:59:15",238.31,851.66,,,,"     ",5.30,1134.99,1.22
1771,554718432,"01771M14:11:21.688","01771 13:59:16",238.31,851.75,,,,"     ",5.30,1127.20,1.21
1771,554718433,"01771M14:11:22.661","01771 13:59:17",238.31,851.68,,,,"     ",5.30,1146.25,1.24
1771,554718434,"01771M14:11:23.634","01771 13:59:18",238.30,851.67,,,,"     ",5.30,1131.51,1.22
1771,554718435,"01771M14:11:24.608","01771 13:59:19",238.30,851.61,,,,"     ",5.30,1133.62,1.22
1771,554718436,"01771M14:11:25.581","01771 13:59:20",238.30,851.55,,,,"     ",5.30,1141.76,1.23
1771,554718437,"01771M14:11:26.554","01771 13:59:21",238.31,851.59,,,,"     ",5.30,1132.74,1.22
1771,554718438,"01771M14:11:27.527","01771 13:59:22",238.32,851.57,,,,"     ",5.30,1128.78,1.21
1771,554718439,"01771M14:11:28.501","01771 13:59:23",238.33,851.59,,,,"     ",5.30,1131.15,1.22
1771,554718440,"01771M14:11:29.474","01771 13:59:24",238.33,851.55,,,,"     ",5.30,1133.83,1.22
1771,554718441,"01771M14:11:30.447","01771 13:59:25",238.32,851.56,,,,"     ",5.30,1149.88,1.24
1771,554718442,"01771M14:11:31.420","01771 13:59:26",238.31,851.55,,,,"     ",5.30,1144.60,1.23
1771,554718443,"01771M14:11:32.394","01771 13:59:27",238.29,851.60,,,,"     ",5.30,1138.47,1.22
1771,554718444,"01771M14:11:33.367","01771 13:59:28",238.27,851.52,,,,"     ",5.30,1138.49,1.22
1771,554718445,"01771M14:11:34.340","01771 13:59:29",238.25,851.53,,,,"     ",5.30,1134.56,1.22
1771,554718446,"01771M14:11:35.313","01771 13:59:30",238.24,851.65,,,,"     ",5.30,1138.01,1.22
1771,554718447,"01771M14:11:36.287","01771 13:59:31",238.23,851.70,,,,"     ",5.30,1139.52,1.22
1771,554718448,"01771M14:11:37.260","01771 13:59:32",238.23,851.51,,,,"     ",5.30,1146.01,1.23
1771,554718449,"01771M14:11:38.233","01771 13:59:33",238.22,851.53,,,,"     ",5.30,1136.52,1.22
1771,554718450,"01771M14:11:39.206","01771 13:59:34",238.21,851.46,,,,"     ",5.30,1133.16,1.21
1771,554718451,"01771M14:11:40.180","01771 13:59:35",238.20,851.60,,,,"     ",5.30,1143.78,1.22
1771,554718452,"01771M14:11:41.153","01771 13:59:36",238.18,851.46,,,,"     ",5.30,1143.15,1.22
1771,554718453,"01771M14:11:42.126","01771 13:59:37",238.15,851.55,,,,"     ",5.30,1124.70,1.20
1771,554718454,"01771M14:11:43.099","01771 13:59:38",238.13,851.59,,,,"     ",5.30,1136.00,1.21
1771,554718455,"01771M14:11:44.073","01771 13:59:39",238.10,851.57,,,,"     ",5.30,1142.75,1.22
1771,554718456,"01771M14:11:45.046","01771 13:59:40",238.06,851.58,,,,"     ",5.30,1114.00,1.19
1771,554718457,"01771M14:11:46.019","01771 13:59:41",238.02,851.53,,,,"     ",5.30,1128.59,1.20
1771,554718458,"01771M14:11:46.992","01771 13:59:41",237.98,851.49,,,,"     ",5.30,1139.58,1.22
1771,554718459,"01771M14:11:47.966","01771 13:59:42",237.94,851.50,,,,"     ",5.30,1124.69,1.20
1771,554718460,"01771M14:11:48.939","01771 13:59:43",237.92,851.53,,,,"     ",5.30,1141.97,1.22
1771,554718461,"01771M14:11:49.912","01771 13:59:44",237.91,851.54,,,,"     ",5.30,1138.56,1.22
1771,554718462,"01771M14:11:50.886","01771 13:59:45",237.90,851.59,,,,"     ",5.30,1131.16,1.21
1771,554718463,"01771M14:11:51.859","01771 13:59:46",237.92,851.58,,,,"     ",5.30,1142.69,1.22
1771,554718464,"01771M14:11:52.832","01771 13:59:47",237.95,851.58,,,,"     ",5.30,1141.79,1.22
1771,554718465,"01771M14:11:53.805","01771 13:59:48",237.97,851.49,,,,"     ",5.30,1138.30,1.21
1771,554718466,"01771M14:11:54.779","01771 13:59:49",238.00,851.48,,,,"     ",5.30,1141.47,1.22
1771,554718467,"01771M14:11:55.752","01771 13:59:50",238.04,851.59,,,,"     ",5.30,1124.81,1.20
1771,554718468,"01771M14:11:56.725","01771 13:59:51",238.08,851.51,,,,"     ",5.30,1136.99,1.21
1771,554718469,"01771M14:11:57.698","01771 13:59:52",238.11,851.63,,,,"     ",5.30,1130.35,1.21
1771,554718470,"01771M14:11:58.672","01771 13:59:53",238.15,851.62,,,,"     ",5.30,1130.39,1.21
1771,554718471,"01771M14:11:59.645","01771 13:59:54",238.19,851.57,,,,"     ",5.30,1136.51,1.21
1771,554718472,"01771M14:12:00.618","01771 13:59:55",238.22,851.60,,,,"     ",5.30,1141.29,1.22
1771,554718473,"01771M14:12:01.591","01771 13:59:56",238.25,851.48,,,,"     ",5.30,1117.51,1.19
1771,554718474,"01771M14:12:02.565","01771 13:59:57",238.28,851.57,,,,"     ",5.30,1116.97,1.19
1771,554718475,"01771M14:12:03.538","01771 13:59:58",238.32,851.55,,,,"     ",5.30,1127.57,1.20
1771,554718476,"01771M14:12:04.511","01771 13:59:59",238.37,851.53,,,,"     ",5.30,1128.29,1.20
1771,554718477,"01771M14:12:05.484","01771 14:00:00",238.43,851.57,,,,"     ",5.30,1145.28,1.22
1771,554718478,"01771M14:12:06.458","01771 14:00:01",238.51,851.53,,,,"     ",5.30,1134.50,1.21
1771,554718479,"01771M14:12:07.431","01771 14:00:02",238.60,851.57,,,,"     ",5.30,1137.56,1.21
1771,554718480,"01771M14:12:08.404","01771 14:00:03",238.69,851.54,,,,"     ",5.30,1127.16,1.20
1771,554718481,"01771M14:12:09.377","01771 14:00:04",238.79,851.60,,,,"     ",5.30,1145.45,1.22
1771,554718482,"01771M14:12:10.351","01771 14:00:05",238.88,851.54,,,,"     ",5.30,1135.54,1.21
1771,554718483,"01771M14:12:11.324","01771 14:00:06",238.97,851.56,,,,"     ",5.30,1131.05,1.20
1771,554718484,"01771M14:12:12.297","01771 14:00:07",239.07,851.54,,,,"     ",5.30,1138.71,1.21
1771,554718485,"01771M14:12:13.270","01771 14:00:08",239.18,851.53,,,,"     ",5.30,1131.28,1.20
1771,554718486,"01771M14:12:14.244","01771 14:00:09",239.29,851.48,,,,"     ",5.30,1162.78,1.24
1771,554718487,"01771M14:12:15.217","01771 14:00:10",239.40,851.45,,,,"     ",5.30,1148.31,1.22
1771,554718488,"01771M14:12:16.190","01771 14:00:11",239.49,851.49,,,,"     ",5.30,1146.44,1.22
1771,554718489,"01771M14:12:17.163","01771 14:00:12",239.57,851.52,,,,"     ",5.30,1145.49,1.22
1771,554718490,"01771M14:12:18.137","01771 14:00:13",239.62,851.54,,,,"     ",5.30,1142.75,1.21
1771,554718491,"01771M14:12:19.110","01771 14:00:14",239.65,851.55,,,,"     ",5.30,1138.37,1.21
1771,554718492,"01771M14:12:20.083","01771 14:00:15",239.67,851.51,,,,"     ",5.30,1140.65,1.21
1771,554718493,"01771M14:12:21.056","01771 14:00:16",239.67,851.51,,,,"     ",5.30,1150.60,1.22
1771,554718494,"01771M14:12:22.030","01771 14:00:17",239.66,851.52,,,,"     ",5.30,1138.14,1.21
1771,554718495,"01771M14:12:23.003","01771 14:00:18",239.65,851.51,,,,"     ",5.30,1152.67,1.22
1771,554718496,"01771M14:12:23.976","01771 14:00:18",239.63,851.49,,,,"     ",5.30,1134.65,1.20
1771,554718497,"01771M14:12:24.949","01771 14:00:19",239.61,851.47,,,,"     ",5.30,1140.37,1.21
1771,554718498,"01771M14:12:25.923","01771 14:00:20",239.57,851.55,,,,"     ",5.30,1165.86,1.24
1771,554718499,"01771M14:12:26.896","01771 14:00:21",239.54,851.49,,,,"     ",5.30,1153.06,1.22
1771,554718500,"01771M14:12:27.869","01771 14:00:22",239.49,851.56,,,,"     ",5.30,1138.33,1.20
1771,554718501,"01771M14:12:28.842","01771 14:00:23",239.45,851.55,,,,"     ",5.30,1139.46,1.21
1771,554718502,"01771M14:12:29.816","01771 14:00:24",239.42,851.55,,,,"     ",5.30,1145.80,1.21
1771,554718503,"01771M14:12:30.789","01771 14:00:25",239.41,851.53,,,,"     ",5.30,1139.71,1.21
1771,554718504,"01771M14:12:31.762","01771 14:00:26",239.42,851.51,,,,"     ",5.30,1144.68,1.21
1771,554718505,"01771M14:12:32.735","01771 14:00:27",239.45,851.53,,,,"     ",5.30,1142.83,1.21
1771,554718506,"01771M14:12:33.709","01771 14:00:28",239.49,851.52,,,,"     ",5.30,1152.17,1.22
1771,554718507,"01771M14:12:34.682","01771 14:00:29",239.55,851.51,,,,"     ",5.30,1141.47,1.21
1771,554718508,"01771M14:12:35.655","01771 14:00:30",239.62,851.52,,,,"     ",5.30,1150.50,1.22
1771,554718509,"01771M14:12:36.628","01771 14:00:31",239.68,851.52,,,,"     ",5.30,1158.23,1.22
1771,554718510,"01771M14:12:37.602","01771 14:00:32",239.76,851.59,,,,"     ",5.30,1134.69,1.20
1771,554718511,"01771M14:12:38.575","01771 14:00:33",239.84,851.60,,,,"     ",5.30,1149.42,1.21
1771,554718512,"01771M14:12:39.548","01771 14:00:34",239.93,851.68,,,,"     ",5.30,1167.54,1.23
1771,554718513,"01771M14:12:40.521","01771 14:00:35",240.04,851.52,,,,"     ",5.30,1147.20,1.21
1771,554718514,"01771M14:12:41.495","01771 14:00:36",240.16,851.50,,,,"     ",5.30,1147.89,1.21
1771,554718515,"01771M14:12:42.468","01771 14:00:37",240.27,851.47,,,,"     ",5.30,1154.74,1.22
1771,554718516,"01771M14:12:43.441","01771 14:00:38",240.39,851.43,,,,"     ",5.30,1157.21,1.22
1771,554718517,"01771M14:12:44.414","01771 14:00:39",240.51,851.44,,,,"     ",5.30,1161.27,1.22
1771,554718518,"01771M14:12:45.388","01771 14:00:40",240.62,851.56,,,,"     ",5.30,1149.81,1.21
1771,554718519,"01771M14:12:46.361","01771 14:00:41",240.72,851.56,,,,"     ",5.30,1140.39,1.20
1771,554718520,"01771M14:12:47.334","01771 14:00:42",240.83,851.56,,,,"     ",5.30,1155.03,1.21
1771,554718521,"01771M14:12:48.307","01771 14:00:43",240.93,851.51,,,,"     ",5.30,1145.56,1.20
1771,554718522,"01771M14:12:49.281","01771 14:00:44",241.03,851.49,,,,"     ",5.30,1144.41,1.20
1771,554718523,"01771M14:12:50.254","01771 14:00:45",241.12,851.45,,,,"     ",5.30,1137.61,1.19
1771,554718524,"01771M14:12:51.227","01771 14:00:46",241.21,851.48,,,,"     ",5.30,1152.48,1.21
1771,554718525,"01771M14:12:52.200","01771 14:00:47",241.30,851.47,,,,"     ",5.30,1146.88,1.20
1771,554718526,"01771M14:12:53.174","01771 14:00:48",241.38,851.54,,,,"     ",5.30,1162.91,1.22
1771,554718527,"01771M14:12:54.147","01771 14:00:49",241.47,851.51,,,,"     ",5.30,1148.18,1.20
1771,554718528,"01771M14:12:55.120","01771 14:00:50",241.56,851.49,,,,"     ",5.30,1172.94,1.23
1771,554718529,"01771M14:12:56.093","01771 14:00:51",241.64,851.61,,,,"     ",5.30,1151.16,1.21
1771,554718530,"01771M14:12:57.067","01771 14:00:52",241.73,851.52,,,,"     ",5.30,1154.89,1.21
1771,554718531,"01771M14:12:58.040","01771 14:00:53",241.82,851.50,,,,"     ",5.30,1143.96,1.20
1771,554718532,"01771M14:12:59.013","01771 14:00:54",241.92,851.53,,,,"     ",5.30,1162.24,1.21
1771,554718533,"01771M14:12:59.987","01771 14:00:55",242.02,851.64,,,,"     ",5.30,1143.70,1.19
1771,554718534,"01771M14:13:00.960","01771 14:00:55",242.11,851.54,,,,"     ",5.30,1150.11,1.20
1771,554718535,"01771M14:13:01.933","01771 14:00:56",242.20,851.47,,,,"     ",5.30,1163.53,1.21
1771,554718536,"01771M14:13:02.906","01771 14:00:57",242.26,851.43,,,,"     ",5.30,1157.45,1.21
1771,554718537,"01771M14:13:03.880","01771 14:00:58",242.29,851.45,,,,"     ",5.30,1132.59,1.18
1771,554718538,"01771M14:13:04.853","01771 14:00:59",242.29,851.39,,,,"     ",5.30,1162.12,1.21
1771,554718539,"01771M14:13:05.826","01771 14:01:00",242.25,851.51,,,,"     ",5.30,1157.86,1.21
1771,554718540,"01771M14:13:06.799","01771 14:01:01",242.19,851.46,,,,"     ",5.30,1171.31,1.22
1771,554718541,"01771M14:13:07.773","01771 14:01:02",242.12,851.46,,,,"     ",5.30,1148.78,1.20
1771,554718542,"01771M14:13:08.746","01771 14:01:03",242.05,851.47,,,,"     ",5.30,1159.24,1.21
1771,554718543,"01771M14:13:09.719","01771 14:01:04",241.98,851.42,,,,"     ",5.30,1157.30,1.20
1771,554718544,"01771M14:13:10.692","01771 14:01:05",241.92,851.35,,,,"     ",5.30,1160.66,1.21
1771,554718545,"01771M14:13:11.666","01771 14:01:06",241.89,851.35,,,,"     ",5.30,1149.83,1.19
1771,554718546,"01771M14:13:12.639","01771 14:01:07",241.88,851.39,,,,"     ",5.30,1148.97,1.19
1771,554718547,"01771M14:13:13.612","01771 14:01:08",241.90,851.43,,,,"     ",5.30,1165.42,1.21
1771,554718548,"01771M14:13:14.585","01771 14:01:09",241.93,851.54,,,,"     ",5.30,1146.72,1.19
1771,554718549,"01771M14:13:15.559","01771 14:01:10",241.97,851.52,,,,"     ",5.30,1160.23,1.20
1771,554718550,"01771M14:13:16.532","01771 14:01:11",242.02,851.39,,,,"     ",5.30,1153.83,1.19
1771,554718551,"01771M14:13:17.505","01771 14:01:12",242.09,851.52,,,,"     ",5.30,1163.23,1.20
1771,554718552,"01771M14:13:18.478","01771 14:01:13",242.17,851.37,,,,"     ",5.30,1153.85,1.19
1771,554718553,"01771M14:13:19.452","01771 14:01:14",242.26,851.43,,,,"     ",5.30,1172.39,1.21
1771,554718554,"01771M14:13:20.425","01771 14:01:15",242.33,851.39,,,,"     ",5.30,1164.12,1.20
1771,554718555,"01771M14:13:21.398","01771 14:01:16",242.40,851.48,,,,"     ",5.30,1169.97,1.21
1771,554718556,"01771M14:13:22.371","01771 14:01:17",242.43,851.51,,,,"     ",5.30,1168.14,1.21
1771,554718557,"01771M14:13:23.345","01771 14:01:18",242.46,851.31,,,,"     ",5.30,1170.89,1.21
1771,554718558,"01771M14:13:24.318","01771 14:01:19",242.47,851.41,,,,"     ",5.30,1166.82,1.20
1771,554718559,"01771M14:13:25.291","01771 14:01:20",242.48,851.39,,,,"     ",5.30,1158.90,1.19
1771,554718560,"01771M14:13:26.264","01771 14:01:21",242.49,851.38,,,,"     ",5.30,1161.24,1.20
1771,554718561,"01771M14:13:27.238","01771 14:01:22",242.50,851.41,,,,"     ",5.30,1177.94,1.21
1771,554718562,"01771M14:13:28.211","01771 14:01:23",242.51,851.37,,,,"     ",5.30,1171.66,1.21
1771,554718563,"01771M14:13:29.184","01771 14:01:24",242.52,851.34,,,,"     ",5.30,1156.28,1.19
1771,554718564,"01771M14:13:30.157","01771 14:01:25",242.53,851.39,,,,"     ",5.30,1173.60,1.21
1771,554718565,"01771M14:13:31.131","01771 14:01:26",242.53,851.29,,,,"     ",5.30,1178.60,1.21
1771,554718566,"01771M14:13:32.104","01771 14:01:27",242.51,851.34,,,,"     ",5.30,1171.67,1.20
1771,554718567,"01771M14:13:33.077","01771 14:01:28",242.50,851.38,,,,"     ",5.30,1162.79,1.19
1771,554718568,"01771M14:13:34.050","01771 14:01:29",242.48,851.30,,,,"     ",5.30,1174.30,1.21
1771,554718569,"01771M14:13:35.024","01771 14:01:30",242.47,851.36,,,,"     ",5.30,1178.33,1.21
1771,554718570,"01771M14:13:35.997","01771 14:01:31",242.48,851.37,,,,"     ",5.30,1158.46,1.19
1771,554718571,"01771M14:13:36.970","01771 14:01:31",242.51,851.37,,,,"     ",5.30,1178.24,1.21
1771,554718572,"01771M14:13:37.943","01771 14:01:32",242.57,851.42,,,,"     ",5.30,1171.53,1.20
1771,554718573,"01771M14:13:38.917","01771 14:01:33",242.67,851.34,,,,"     ",5.30,1170.01,1.20
1771,554718574,"01771M14:13:39.890","01771 14:01:34",242.78,851.35,,,,"     ",5.30,1175.33,1.20
1771,554718575,"01771M14:13:40.863","01771 14:01:35",242.92,851.33,,,,"     ",5.30,1171.83,1.20
1771,554718576,"01771M14:13:41.836","01771 14:01:36",243.07,851.30,,,,"     ",5.30,1177.76,1.21
1771,554718577,"01771M14:13:42.810","01771 14:01:37",243.23,851.31,,,,"     ",5.30,1164.69,1.19
1771,554718578,"01771M14:13:43.783","01771 14:01:38",243.40,851.31,,,,"     ",5.30,1166.33,1.19
1771,554718579,"01771M14:13:44.756","01771 14:01:39",243.56,851.30,,,,"     ",5.30,1160.61,1.19
1771,554718580,"01771M14:13:45.729","01771 14:01:40",243.72,851.33,,,,"     ",5.30,1169.73,1.19
1771,554718581,"01771M14:13:46.703","01771 14:01:41",243.86,851.30,,,,"     ",5.30,1184.40,1.21
1771,554718582,"01771M14:13:47.676","01771 14:01:42",243.99,851.30,,,,"     ",5.30,1172.43,1.20
1771,554718583,"01771M14:13:48.649","01771 14:01:43",244.11,851.40,,,,"     ",5.30,1179.07,1.20
1771,554718584,"01771M14:13:49.622","01771 14:01:44",244.21,851.38,,,,"     ",5.30,1178.78,1.20
1771,554718585,"01771M14:13:50.596","01771 14:01:45",244.30,851.41,,,,"     ",5.30,1174.48,1.20
1771,554718586,"01771M14:13:51.569","01771 14:01:46",244.36,851.42,,,,"     ",5.30,1173.39,1.20
1771,554718587,"01771M14:13:52.542","01771 14:01:47",244.42,851.38,,,,"     ",5.30,1175.74,1.20
1771,554718588,"01771M14:13:53.515","01771 14:01:48",244.46,851.44,,,,"     ",5.30,1161.94,1.18
1771,554718589,"01771M14:13:54.489","01771 14:01:49",244.50,851.38,,,,"     ",5.30,1180.62,1.20
1771,554718590,"01771M14:13:55.462","01771 14:01:50",244.53,851.32,,,,"     ",5.30,1176.57,1.20
1771,554718591,"01771M14:13:56.435","01771 14:01:51",244.56,851.33,,,,"     ",5.30,1173.79,1.19
1771,554718592,"01771M14:13:57.408","01771 14:01:52",244.59,851.22,,,,"     ",5.30,1166.81,1.18
1771,554718593,"01771M14:13:58.382","01771 14:01:53",244.62,851.29,,,,"     ",5.30,1183.21,1.20
1771,554718594,"01771M14:13:59.355","01771 14:01:54",244.65,851.29,,,,"     ",5.30,1169.17,1.19
1771,554718595,"01771M14:14:00.328","01771 14:01:55",244.69,851.34,,,,"     ",5.30,1174.23,1.19
1771,554718596,"01771M14:14:01.301","01771 14:01:56",244.73,851.36,,,,"     ",5.30,1170.14,1.19
1771,554718597,"01771M14:14:02.275","01771 14:01:57",244.77,851.30,,,,"     ",5.30,1173.35,1.19
1771,554718598,"01771M14:14:03.248","01771 14:01:58",244.81,851.32,,,,"     ",5.30,1188.14,1.20
1771,554718599,"01771M14:14:04.221","01771 14:01:59",244.86,851.36,,,,"     ",5.30,1165.49,1.18
1771,554718600,"01771M14:14:05.194","01771 14:02:00",244.93,851.35,,,,"     ",5.30,1179.35,1.19
1771,554718601,"01771M14:14:06.168","01771 14:02:01",245.00,851.34,,,,"     ",5.30,1181.70,1.20
1771,554718602,"01771M14:14:07.141","01771 14:02:02",245.07,851.39,,,,"     ",5.30,1174.75,1.19
1771,554718603,"01771M14:14:08.114","01771 14:02:03",245.15,851.38,,,,"     ",5.30,1181.29,1.19
1771,554718604,"01771M14:14:09.088","01771 14:02:04",245.22,851.36,,,,"     ",5.30,1174.42,1.19
1771,554718605,"01771M14:14:10.061","01771 14:02:05",245.28,851.31,,,,"     ",5.30,1176.59,1.19
1771,554718606,"01771M14:14:11.034","01771 14:02:06",245.33,851.31,,,,"     ",5.30,1179.31,1.19
1771,554718607,"01771M14:14:12.007","01771 14:02:07",245.37,851.27,,,,"     ",5.30,1177.11,1.19
1771,554718608,"01771M14:14:12.981","01771 14:02:08",245.40,851.30,,,,"     ",5.30,1186.70,1.20
1771,554718609,"01771M14:14:13.954","01771 14:02:08",245.41,851.24,,,,"     ",5.30,1178.94,1.19
1771,554718610,"01771M14:14:14.927","01771 14:02:09",245.42,851.31,,,,"     ",5.30,1193.42,1.20
1771,554718611,"01771M14:14:15.900","01771 14:02:10",245.41,851.23,,,,"     ",5.30,1175.43,1.18
1771,554718612,"01771M14:14:16.874","01771 14:02:11",245.39,851.21,,,,"     ",5.30,1180.41,1.19
1771,554718613,"01771M14:14:17.847","01771 14:02:12",245.35,851.28,,,,"     ",5.30,1200.99,1.21
1771,554718614,"01771M14:14:18.820","01771 14:02:13",245.30,851.25,,,,"     ",5.30,1169.97,1.18
1771,554718615,"01771M14:14:19.793","01771 14:02:14",245.24,851.23,,,,"     ",5.30,1197.91,1.21
1771,554718616,"01771M14:14:20.767","01771 14:02:15",245.17,851.16,,,,"     ",5.30,1181.62,1.19
1771,554718617,"01771M14:14:21.740","01771 14:02:16",245.09,851.26,,,,"     ",5.30,1213.89,1.22
1771,554718618,"01771M14:14:22.713","01771 14:02:17",245.02,851.24,,,,"     ",5.30,1186.58,1.19
1771,554718619,"01771M14:14:23.686","01771 14:02:18",244.93,851.34,,,,"     ",5.30,1188.73,1.19
1771,554718620,"01771M14:14:24.660","01771 14:02:19",244.84,851.28,,,,"     ",5.30,1189.17,1.19
1771,554718621,"01771M14:14:25.633","01771 14:02:20",244.74,851.23,,,,"     ",5.30,1191.92,1.20
1771,554718622,"01771M14:14:26.606","01771 14:02:21",244.64,851.21,,,,"     ",5.30,1185.94,1.19
1771,554718623,"01771M14:14:27.579","01771 14:02:22",244.53,851.21,,,,"     ",5.30,1190.64,1.19
1771,554718624,"01771M14:14:28.553","01771 14:02:23",244.41,851.19,,,,"     ",5.30,1185.64,1.19
1771,554718625,"01771M14:14:29.526","01771 14:02:24",244.31,851.23,,,,"     ",5.30,1190.10,1.19
1771,554718626,"01771M14:14:30.499","01771 14:02:25",244.21,851.18,,,,"     ",5.30,1180.75,1.18
1771,554718627,"01771M14:14:31.472","01771 14:02:26",244.12,851.27,,,,"     ",5.30,1169.38,1.17
1771,554718628,"01771M14:14:32.446","01771 14:02:27",244.04,851.20,,,,"     ",5.30,1169.04,1.17
1771,554718629,"01771M14:14:33.419","01771 14:02:28",243.96,851.21,,,,"     ",5.30,1185.24,1.19
1771,554718630,"01771M14:14:34.392","01771 14:02:29",243.89,851.25,,,,"     ",5.30,1189.55,1.19
1771,554718631,"01771M14:14:35.365","01771 14:02:30",243.81,851.23,,,,"     ",5.30,1176.29,1.18
1771,554718632,"01771M14:14:36.339","01771 14:02:31",243.75,851.15,,,,"     ",5.30,1192.16,1.19
1771,554718633,"01771M14:14:37.312","01771 14:02:32",243.69,851.14,,,,"     ",5.30,1180.26,1.18
1771,554718634,"01771M14:14:38.285","01771 14:02:33",243.65,851.23,,,,"     ",5.30,1194.55,1.20
1771,554718635,"01771M14:14:39.258","01771 14:02:34",243.63,851.18,,,,"     ",5.30,1193.49,1.19
1771,554718636,"01771M14:14:40.232","01771 14:02:35",243.64,851.19,,,,"     ",5.30,1197.15,1.20
1771,554718637,"01771M14:14:41.205","01771 14:02:36",243.64,851.19,,,,"     ",5.30,1198.07,1.20
1771,554718638,"01771M14:14:42.178","01771 14:02:37",243.68,851.15,,,,"     ",5.30,1190.06,1.19
1771,554718639,"01771M14:14:43.151","01771 14:02:38",243.71,851.16,,,,"     ",5.30,1192.01,1.19
1771,554718640,"01771M14:14:44.125","01771 14:02:39",243.74,851.12,,,,"     ",5.30,1180.41,1.18
1771,554718641,"01771M14:14:45.098","01771 14:02:40",243.79,851.14,,,,"     ",5.30,1194.95,1.20
1771,554718642,"01771M14:14:46.071","01771 14:02:41",243.84,851.15,,,,"     ",5.30,1191.84,1.19
1771,554718643,"01771M14:14:47.044","01771 14:02:42",243.91,851.13,,,,"     ",5.30,1186.52,1.19
1771,554718644,"01771M14:14:48.018","01771 14:02:43",243.98,851.15,,,,"     ",5.30,1181.68,1.18
1771,554718645,"01771M14:14:48.991","01771 14:02:44",244.05,851.12,,,,"     ",5.30,1195.95,1.20
1771,554718646,"01771M14:14:49.964","01771 14:02:45",244.13,851.12,,,,"     ",5.30,1192.24,1.19
1771,554718647,"01771M14:14:50.937","01771 14:02:45",244.20,851.15,,,,"     ",5.30,1180.06,1.18
1771,554718648,"01771M14:14:51.911","01771 14:02:46",244.26,851.13,,,,"     ",5.30,1186.56,1.19
1771,554718649,"01771M14:14:52.884","01771 14:02:47",244.32,851.15,,,,"     ",5.30,1199.32,1.20
1771,554718650,"01771M14:14:53.857","01771 14:02:48",244.38,851.17,,,,"     ",5.30,1197.08,1.20
1771,554718651,"01771M14:14:54.830","01771 14:02:49",244.44,851.15,,,,"     ",5.30,1186.17,1.18
1771,554718652,"01771M14:14:55.804","01771 14:02:50",244.50,851.22,,,,"     ",5.30,1201.41,1.20
1771,554718653,"01771M14:14:56.777","01771 14:02:51",244.59,851.23,,,,"     ",5.30,1189.94,1.19
1771,554718654,"01771M14:14:57.750","01771 14:02:52",244.67,851.20,,,,"     ",5.30,1198.79,1.20
1771,554718655,"01771M14:14:58.723","01771 14:02:53",244.77,851.26,,,,"     ",5.30,1186.72,1.18
1771,554718656,"01771M14:14:59.697","01771 14:02:54",244.88,851.26,,,,"     ",5.30,1200.82,1.20
1771,554718657,"01771M14:15:00.670","01771 14:02:55",244.98,851.24,,,,"     ",5.30,1184.89,1.18
1771,554718658,"01771M14:15:01.643","01771 14:02:56",245.09,851.16,,,,"     ",5.30,1186.49,1.18
1771,554718659,"01771M14:15:02.616","01771 14:02:57",245.20,851.19,,,,"     ",5.30,1184.35,1.18
1771,554718660,"01771M14:15:03.590","01771 14:02:58",245.31,851.24,,,,"     ",5.30,1185.84,1.18
1771,554718661,"01771M14:15:04.563","01771 14:02:59",245.42,851.33,,,,"     ",5.30,1194.65,1.19
1771,554718662,"01771M14:15:05.536","01771 14:03:00",245.51,851.28,,,,"     ",5.30,1188.67,1.18
1771,554718663,"01771M14:15:06.509","01771 14:03:01",245.59,851.26,,,,"     ",5.30,1181.02,1.18
1771,554718664,"01771M14:15:07.483","01771 14:03:02",245.63,851.30,,,,"     ",5.30,1193.82,1.19
1771,554718665,"01771M14:15:08.456","01771 14:03:03",245.64,851.28,,,,"     ",5.30,1190.07,1.19
1771,554718666,"01771M14:15:09.429","01771 14:03:04",245.61,851.21,,,,"     ",5.30,1178.65,1.17
1771,554718667,"01771M14:15:10.402","01771 14:03:05",245.56,851.28,,,,"     ",5.30,1204.83,1.20
1771,554718668,"01771M14:15:11.376","01771 14:03:06",245.49,851.29,,,,"     ",5.30,1182.30,1.18
1771,554718669,"01771M14:15:12.349","01771 14:03:07",245.43,851.25,,,,"     ",5.30,1203.23,1.20
1771,554718670,"01771M14:15:13.322","01771 14:03:08",245.36,851.21,,,,"     ",5.30,1190.46,1.18
1771,554718671,"01771M14:15:14.295","01771 14:03:09",245.30,851.20,,,,"     ",5.30,1204.32,1.20
1771,554718672,"01771M14:15:15.269","01771 14:03:10",245.25,851.11,,,,"     ",5.30,1181.84,1.18
1771,554718673,"01771M14:15:16.242","01771 14:03:11",245.22,851.12,,,,"     ",5.30,1186.31,1.18
1771,554718674,"01771M14:15:17.215","01771 14:03:12",245.21,851.14,,,,"     ",5.30,1193.82,1.19
1771,554718675,"01771M14:15:18.188","01771 14:03:13",245.23,851.16,,,,"     ",5.30,1203.03,1.20
1771,554718676,"01771M14:15:19.162","01771 14:03:14",245.28,851.22,,,,"     ",5.30,1185.96,1.18
1771,554718677,"01771M14:15:20.135","01771 14:03:15",245.35,851.24,,,,"     ",5.30,1180.22,1.17
1771,554718678,"01771M14:15:21.108","01771 14:03:16",245.44,851.19,,,,"     ",5.30,1191.17,1.18
1771,554718679,"01771M14:15:22.082","01771 14:03:17",245.53,851.20,,,,"     ",5.30,1193.25,1.19
1771,554718680,"01771M14:15:23.055","01771 14:03:18",245.61,851.20,,,,"     ",5.30,1192.53,1.19
1771,554718681,"01771M14:15:24.028","01771 14:03:19",245.68,851.15,,,,"     ",5.30,1199.03,1.19
1771,554718682,"01771M14:15:25.001","01771 14:03:20",245.72,851.11,,,,"     ",5.30,1178.33,1.17
1771,554718683,"01771M14:15:25.975","01771 14:03:21",245.74,851.18,,,,"     ",5.30,1204.78,1.20
1771,554718684,"01771M14:15:26.948","01771 14:03:21",245.73,851.12,,,,"     ",5.30,1181.02,1.17
1771,554718685,"01771M14:15:27.921","01771 14:03:22",245.72,851.14,,,,"     ",5.30,1194.93,1.19
1771,554718686,"01771M14:15:28.894","01771 14:03:23",245.70,851.17,,,,"     ",5.30,1198.27,1.19
1771,554718687,"01771M14:15:29.868","01771 14:03:24",245.69,851.18,,,,"     ",5.30,1201.67,1.19
1771,554718688,"01771M14:15:30.841","01771 14:03:25",245.70,851.27,,,,"     ",5.30,1177.12,1.17
1771,554718689,"01771M14:15:31.814","01771 14:03:26",245.71,851.17,,,,"     ",5.30,1186.03,1.18
1771,554718690,"01771M14:15:32.787","01771 14:03:27",245.72,851.15,,,,"     ",5.30,1196.44,1.19
1771,554718691,"01771M14:15:33.761","01771 14:03:28",245.74,851.15,,,,"     ",5.30,1198.79,1.19
1771,554718692,"01771M14:15:34.734","01771 14:03:29",245.74,851.18,,,,"     ",5.30,1211.16,1.20
1771,554718693,"01771M14:15:35.707","01771 14:03:30",245.71,851.16,,,,"     ",5.30,1186.20,1.18
1771,554718694,"01771M14:15:36.680","01771 14:03:31",245.68,851.07,,,,"     ",5.30,1189.19,1.18
1771,554718695,"01771M14:15:37.654","01771 14:03:32",245.64,851.09,,,,"     ",5.30,1188.59,1.18
1771,554718696,"01771M14:15:38.627","01771 14:03:33",245.59,851.10,,,,"     ",5.30,1184.14,1.17
1771,554718697,"01771M14:15:39.600","01771 14:03:34",245.54,851.11,,,,"     ",5.30,1187.30,1.18
1771,554718698,"01771M14:15:40.573","01771 14:03:35",245.47,851.10,,,,"     ",5.30,1188.44,1.18
1771,554718699,"01771M14:15:41.547","01771 14:03:36",245.39,851.07,,,,"     ",5.30,1189.56,1.18
1771,554718700,"01771M14:15:42.520","01771 14:03:37",245.31,851.06,,,,"     ",5.30,1196.58,1.19
1771,554718701,"01771M14:15:43.493","01771 14:03:38",245.21,851.05,,,,"     ",5.30,1199.62,1.19
1771,554718702,"01771M14:15:44.466","01771 14:03:39",245.11,851.04,,,,"     ",5.30,1192.06,1.18
1771,554718703,"01771M14:15:45.440","01771 14:03:40",244.99,850.96,,,,"     ",5.30,1191.49,1.18
1771,554718704,"01771M14:15:46.413","01771 14:03:41",244.87,850.91,,,,"     ",5.30,1199.66,1.19
1771,554718705,"01771M14:15:47.386","01771 14:03:42",245.00,850.98,,,,"     ",5.30,1192.85,1.18
1771,554718706,"01771M14:15:48.359","01771 14:03:43",245.02,850.97,,,,"     ",5.30,1181.13,1.17
1771,554718707,"01771M14:15:49.333","01771 14:03:44",245.03,850.93,,,,"     ",5.30,1199.74,1.19
1771,554718708,"01771M14:15:50.306","01771 14:03:45",245.05,850.93,,,,"     ",5.30,1200.03,1.19
1771,554718709,"01771M14:15:51.279","01771 14:03:46",245.04,851.00,,,,"     ",5.30,1201.74,1.19
1771,554718710,"01771M14:15:52.252","01771 14:03:47",245.04,850.86,,,,"     ",5.30,1192.16,1.18
1771,554718711,"01771M14:15:53.226","01771 14:03:48",245.02,850.97,,,,"     ",5.30,1193.94,1.18
1771,554718712,"01771M14:15:54.199","01771 14:03:49",245.00,851.02,,,,"     ",5.30,1191.64,1.18
1771,554718713,"01771M14:15:55.172","01771 14:03:50",244.97,850.98,,,,"     ",5.30,1187.17,1.18
1771,554718714,"01771M14:15:56.145","01771 14:03:51",244.94,850.90,,,,"     ",5.30,1206.02,1.20
1771,554718715,"01771M14:15:57.119","01771 14:03:52",244.89,850.86,,,,"     ",5.30,1199.56,1.19
1771,554718716,"01771M14:15:58.092","01771 14:03:53",244.85,850.85,,,,"     ",5.30,1189.50,1.18
1771,554718717,"01771M14:15:59.065","01771 14:03:54",244.78,850.86,,,,"     ",5.30,1190.30,1.18
1771,554718718,"01771M14:16:00.038","01771 14:03:55",244.72,850.78,,,,"     ",5.30,1193.48,1.18
1771,554718719,"01771M14:16:01.012","01771 14:03:56",244.64,850.90,,,,"     ",5.30,1199.85,1.19
1771,554718720,"01771M14:16:01.985","01771 14:03:57",244.57,850.83,,,,"     ",5.30,1199.23,1.19
1771,554718721,"01771M14:16:02.958","01771 14:03:58",244.51,850.90,,,,"     ",5.30,1195.70,1.19
1771,554718722,"01771M14:16:03.931","01771 14:03:58",244.45,850.85,,,,"     ",5.30,1185.45,1.17
1771,554718723,"01771M14:16:04.905","01771 14:03:59",244.40,850.86,,,,"     ",5.30,1190.10,1.18
1771,554718724,"01771M14:16:05.878","01771 14:04:00",244.35,850.86,,,,"     ",5.30,1201.52,1.19
1771,554718725,"01771M14:16:06.851","01771 14:04:01",244.30,850.87,,,,"     ",5.30,1191.40,1.18
1771,554718726,"01771M14:16:07.824","01771 14:04:02",244.26,850.84,,,,"     ",5.30,1194.55,1.18
1771,554718727,"01771M14:16:08.798","01771 14:04:03",244.22,850.83,,,,"     ",5.30,1172.27,1.16
1771,554718728,"01771M14:16:09.771","01771 14:04:04",244.18,850.83,,,,"     ",5.30,1185.10,1.18
1771,554718729,"01771M14:16:10.744","01771 14:04:05",244.14,850.78,,,,"     ",5.30,1182.11,1.17
1771,554718730,"01771M14:16:11.717","01771 14:04:06",244.10,850.78,,,,"     ",5.30,1203.64,1.20
1771,554718731,"01771M14:16:12.691","01771 14:04:07",244.06,850.80,,,,"     ",5.30,1186.08,1.18
1771,554718732,"01771M14:16:13.664","01771 14:04:08",244.02,850.88,,,,"     ",5.30,1204.94,1.20
1771,554718733,"01771M14:16:14.637","01771 14:04:09",243.99,850.82,,,,"     ",5.30,1190.87,1.18
1771,554718734,"01771M14:16:15.610","01771 14:04:10",243.97,850.84,,,,"     ",5.30,1201.04,1.19
1771,554718735,"01771M14:16:16.584","01771 14:04:11",243.96,850.89,,,,"     ",5.30,1181.69,1.17
1771,554718736,"01771M14:16:17.557","01771 14:04:12",243.98,850.81,,,,"     ",5.30,1183.11,1.18
1771,554718737,"01771M14:16:18.530","01771 14:04:13",244.01,850.79,,,,"     ",5.30,1187.16,1.18
1771,554718738,"01771M14:16:19.503","01771 14:04:14",244.05,850.80,,,,"     ",5.30,1178.69,1.17
1771,554718739,"01771M14:16:20.477","01771 14:04:15",244.13,850.77,,,,"     ",5.30,1172.78,1.17
1771,554718740,"01771M14:16:21.450","01771 14:04:16",244.22,850.83,,,,"     ",5.30,1188.43,1.18
1771,554718741,"01771M14:16:22.423","01771 14:04:17",244.32,850.84,,,,"     ",5.30,1180.75,1.17
1771,554718742,"01771M14:16:23.396","01771 14:04:18",244.44,850.87,,,,"     ",5.30,1183.89,1.18
1771,554718743,"01771M14:16:24.370","01771 14:04:19",244.55,850.81,,,,"     ",5.30,1184.10,1.18
1771,554718744,"01771M14:16:25.343","01771 14:04:20",244.67,850.83,,,,"     ",5.30,1186.74,1.18
1771,554718745,"01771M14:16:26.316","01771 14:04:21",244.77,850.82,,,,"     ",5.30,1172.34,1.17
1771,554718746,"01771M14:16:27.289","01771 14:04:22",244.87,850.81,,,,"     ",5.30,1187.06,1.18
1771,554718747,"01771M14:16:28.263","01771 14:04:23",244.94,850.73,,,,"     ",5.30,1182.44,1.18
1771,554718748,"01771M14:16:29.236","01771 14:04:24",244.98,850.85,,,,"     ",5.30,1186.05,1.18
1771,554718749,"01771M14:16:30.209","01771 14:04:25",245.00,850.75,,,,"     ",5.30,1181.70,1.18
1771,554718750,"01771M14:16:31.183","01771 14:04:26",244.99,850.74,,,,"     ",5.30,1190.22,1.19
1771,554718751,"01771M14:16:32.156","01771 14:04:27",244.96,850.75,,,,"     ",5.30,1194.49,1.19
1771,554718752,"01771M14:16:33.129","01771 14:04:28",244.89,850.80,,,,"     ",5.30,1193.33,1.19
1771,554718753,"01771M14:16:34.102","01771 14:04:29",244.80,850.79,,,,"     ",5.30,1187.50,1.18
1771,554718754,"01771M14:16:35.076","01771 14:04:30",244.71,850.79,,,,"     ",5.30,1193.62,1.19
1771,554718755,"01771M14:16:36.049","01771 14:04:31",244.60,850.78,,,,"     ",5.30,1195.21,1.19
1771,554718756,"01771M14:16:37.022","01771 14:04:32",244.49,850.76,,,,"     ",5.30,1188.21,1.18
1771,554718757,"01771M14:16:37.995","01771 14:04:33",244.38,850.73,,,,"     ",5.30,1190.54,1.18
1771,554718758,"01771M14:16:38.969","01771 14:04:34",244.27,850.75,,,,"     ",5.30,1187.58,1.18
1771,554718759,"01771M14:16:39.942","01771 14:04:35",244.18,850.70,,,,"     ",5.30,1191.42,1.18
1771,554718760,"01771M14:16:40.915","01771 14:04:35",244.09,850.75,,,,"     ",5.30,1196.72,1.19
1771,554718761,"01771M14:16:41.888","01771 14:04:36",244.01,850.70,,,,"     ",5.30,1202.07,1.20
1771,554718762,"01771M14:16:42.862","01771 14:04:37",243.95,850.57,,,,"     ",5.30,1182.22,1.18
1771,554718763,"01771M14:16:43.835","01771 14:04:38",243.90,850.63,,,,"     ",5.30,1203.51,1.20
1771,554718764,"01771M14:16:44.808","01771 14:04:39",243.87,850.62,,,,"     ",5.30,1183.69,1.18
1771,554718765,"01771M14:16:45.781","01771 14:04:40",243.84,850.56,,,,"     ",5.30,1181.93,1.17
1771,554718766,"01771M14:16:46.755","01771 14:04:41",243.82,850.59,,,,"     ",5.30,1175.37,1.17
1771,554718767,"01771M14:16:47.728","01771 14:04:42",243.79,850.64,,,,"     ",5.30,1197.65,1.19
1771,554718768,"01771M14:16:48.701","01771 14:04:43",243.75,850.52,,,,"     ",5.30,1192.27,1.19
1771,554718769,"01771M14:16:49.674","01771 14:04:44",243.70,850.56,,,,"     ",5.30,1188.92,1.18
1771,554718770,"01771M14:16:50.648","01771 14:04:45",243.65,850.53,,,,"     ",5.30,1199.08,1.19
1771,554718771,"01771M14:16:51.621","01771 14:04:46",243.59,850.62,,,,"     ",5.30,1189.05,1.18
1771,554718772,"01771M14:16:52.594","01771 14:04:47",243.52,850.63,,,,"     ",5.30,1183.93,1.18
1771,554718773,"01771M14:16:53.567","01771 14:04:48",243.46,850.67,,,,"     ",5.30,1191.18,1.18
1771,554718774,"01771M14:16:54.541","01771 14:04:49",243.39,850.57,,,,"     ",5.30,1169.93,1.16
1771,554718775,"01771M14:16:55.514","01771 14:04:50",243.31,850.63,,,,"     ",5.30,1170.43,1.16
1771,554718776,"01771M14:16:56.487","01771 14:04:51",243.24,850.67,,,,"     ",5.30,1183.12,1.18
1771,554718777,"01771M14:16:57.460","01771 14:04:52",243.16,850.72,,,,"     ",5.30,1187.84,1.18
1771,554718778,"01771M14:16:58.434","01771 14:04:53",243.10,850.65,,,,"     ",5.30,1192.23,1.18
1771,554718779,"01771M14:16:59.407","01771 14:04:54",243.04,850.71,,,,"     ",5.30,1181.07,1.17
1771,554718780,"01771M14:17:00.380","01771 14:04:55",243.00,850.65,,,,"     ",5.30,1182.06,1.17
1771,554718781,"01771M14:17:01.353","01771 14:04:56",242.95,850.65,,,,"     ",5.30,1178.89,1.17
1771,554718782,"01771M14:17:02.327","01771 14:04:57",242.93,850.68,,,,"     ",5.30,1180.94,1.17
1771,554718783,"01771M14:17:03.300","01771 14:04:58",242.93,850.70,,,,"     ",5.30,1193.33,1.19
1771,554718784,"01771M14:17:04.273","01771 14:04:59",242.93,850.69,,,,"     ",5.30,1195.70,1.19
1771,554718785,"01771M14:17:05.246","01771 14:05:00",242.96,850.61,,,,"     ",5.30,1186.24,1.18
1771,554718786,"01771M14:17:06.220","01771 14:05:01",243.00,850.64,,,,"     ",5.30,1180.68,1.17
1771,554718787,"01771M14:17:07.193","01771 14:05:02",243.06,850.73,,,,"     ",5.30,1185.19,1.18
1771,554718788,"01771M14:17:08.166","01771 14:05:03",243.13,850.78,,,,"     ",5.30,1165.60,1.16
1771,554718789,"01771M14:17:09.139","01771 14:05:04",243.23,850.71,,,,"     ",5.30,1193.63,1.19
1771,554718790,"01771M14:17:10.113","01771 14:05:05",243.34,850.76,,,,"     ",5.30,1169.46,1.16
1771,554718791,"01771M14:17:11.086","01771 14:05:06",243.47,850.75,,,,"     ",5.30,1177.83,1.17
1771,554718792,"01771M14:17:12.059","01771 14:05:07",243.60,850.82,,,,"     ",5.30,1182.80,1.18
1771,554718793,"01771M14:17:13.032","01771 14:05:08",243.74,850.74,,,,"     ",5.30,1186.97,1.18
1771,554718794,"01771M14:17:14.006","01771 14:05:09",243.89,850.75,,,,"     ",5.30,1187.97,1.18
1771,554718795,"01771M14:17:14.979","01771 14:05:10",244.04,850.75,,,,"     ",5.30,1177.29,1.17
1771,554718796,"01771M14:17:15.952","01771 14:05:11",244.18,850.77,,,,"     ",5.30,1196.72,1.19
1771,554718797,"01771M14:17:16.925","01771 14:05:12",244.32,850.77,,,,"     ",5.30,1196.08,1.19
1771,554718798,"01771M14:17:17.899","01771 14:05:12",244.47,850.69,,,,"     ",5.30,1189.57,1.18
1771,554718799,"01771M14:17:18.872","01771 14:05:13",244.60,850.67,,,,"     ",5.30,1196.86,1.19
1771,554718800,"01771M14:17:19.845","01771 14:05:14",244.72,850.70,,,,"     ",5.30,1204.91,1.20
1771,554718801,"01771M14:17:20.818","01771 14:05:15",244.83,850.64,,,,"     ",5.30,1190.18,1.18
1771,554718802,"01771M14:17:21.792","01771 14:05:16",244.93,850.69,,,,"     ",5.30,1205.10,1.20
1771,554718803,"01771M14:17:22.765","01771 14:05:17",245.03,850.65,,,,"     ",5.30,1184.08,1.18
1771,554718804,"01771M14:17:23.738","01771 14:05:18",245.11,850.56,,,,"     ",5.30,1185.85,1.18
1771,554718805,"01771M14:17:24.711","01771 14:05:19",245.18,850.65,,,,"     ",5.30,1200.75,1.19
1771,554718806,"01771M14:17:25.685","01771 14:05:20",245.23,850.70,,,,"     ",5.30,1197.24,1.19
1771,554718807,"01771M14:17:26.658","01771 14:05:21",245.25,850.75,,,,"     ",5.30,1188.76,1.18
1771,554718808,"01771M14:17:27.631","01771 14:05:22",245.26,850.72,,,,"     ",5.30,1188.87,1.18
1771,554718809,"01771M14:17:28.604","01771 14:05:23",245.22,850.67,,,,"     ",5.30,1190.58,1.18
1771,554718810,"01771M14:17:29.578","01771 14:05:24",245.16,850.71,,,,"     ",5.30,1195.34,1.18
1771,554718811,"01771M14:17:30.551","01771 14:05:25",245.07,850.67,,,,"     ",5.30,1183.11,1.17
1771,554718812,"01771M14:17:31.524","01771 14:05:26",244.95,850.68,,,,"     ",5.30,1196.11,1.18
1771,554718813,"01771M14:17:32.497","01771 14:05:27",244.81,850.58,,,,"     ",5.30,1194.56,1.18
1771,554718814,"01771M14:17:33.471","01771 14:05:28",244.68,850.62,,,,"     ",5.30,1208.22,1.19
1771,554718815,"01771M14:17:34.444","01771 14:05:29",244.54,850.57,,,,"     ",5.30,1191.09,1.18
1771,554718816,"01771M14:17:35.417","01771 14:05:30",244.42,850.60,,,,"     ",5.30,1200.31,1.19
1771,554718817,"01771M14:17:36.390","01771 14:05:31",244.30,850.63,,,,"     ",5.30,1189.56,1.17
1771,554718818,"01771M14:17:37.364","01771 14:05:32",244.20,850.64,,,,"     ",5.30,1177.23,1.16
1771,554718819,"01771M14:17:38.337","01771 14:05:33",244.13,850.54,,,,"     ",5.30,1192.67,1.18
1771,554718820,"01771M14:17:39.310","01771 14:05:34",244.07,850.54,,,,"     ",5.30,1200.83,1.18
1771,554718821,"01771M14:17:40.284","01771 14:05:35",244.02,850.59,,,,"     ",5.30,1208.59,1.19
1771,554718822,"01771M14:17:41.257","01771 14:05:36",243.98,850.58,,,,"     ",5.30,1202.15,1.18
1771,554718823,"01771M14:17:42.230","01771 14:05:37",243.95,850.64,,,,"     ",5.30,1185.95,1.17
1771,554718824,"01771M14:17:43.203","01771 14:05:38",243.93,850.59,,,,"     ",5.30,1182.15,1.16
1771,554718825,"01771M14:17:44.177","01771 14:05:39",243.89,850.61,,,,"     ",5.30,1194.17,1.18
1771,554718826,"01771M14:17:45.150","01771 14:05:40",243.84,850.64,,,,"     ",5.30,1192.12,1.17
1771,554718827,"01771M14:17:46.123","01771 14:05:41",243.78,850.58,,,,"     ",5.30,1182.64,1.16
1771,554718828,"01771M14:17:47.096","01771 14:05:42",243.69,850.57,,,,"     ",5.30,1200.95,1.18
1771,554718829,"01771M14:17:48.070","01771 14:05:43",243.59,850.66,,,,"     ",5.30,1195.66,1.18
1771,554718830,"01771M14:17:49.043","01771 14:05:44",243.49,850.64,,,,"     ",5.30,1202.39,1.18
1771,554718831,"01771M14:17:50.016","01771 14:05:45",243.38,850.64,,,,"     ",5.30,1207.55,1.19
1771,554718832,"01771M14:17:50.989","01771 14:05:46",243.28,850.71,,,,"     ",5.30,1200.51,1.18
1771,554718833,"01771M14:17:51.963","01771 14:05:47",243.20,850.62,,,,"     ",5.30,1203.99,1.18
1771,554718834,"01771M14:17:52.936","01771 14:05:48",243.15,850.67,,,,"     ",5.30,1195.62,1.17
1771,554718835,"01771M14:17:53.909","01771 14:05:48",243.12,850.65,,,,"     ",5.30,1200.29,1.18
1771,554718836,"01771M14:17:54.882","01771 14:05:49",243.12,850.61,,,,"     ",5.30,1192.66,1.17
1771,554718837,"01771M14:17:55.856","01771 14:05:50",243.13,850.63,,,,"     ",5.30,1189.28,1.17
1771,554718838,"01771M14:17:56.829","01771 14:05:51",243.14,850.63,,,,"     ",5.30,1209.01,1.19
1771,554718839,"01771M14:17:57.802","01771 14:05:52",243.15,850.67,,,,"     ",5.30,1184.96,1.16
1771,554718840,"01771M14:17:58.775","01771 14:05:53",243.16,850.64,,,,"     ",5.30,1198.43,1.17
1771,554718841,"01771M14:17:59.749","01771 14:05:54",243.16,850.81,,,,"     ",5.30,1197.89,1.17
1771,554718842,"01771M14:18:00.722","01771 14:05:55",243.17,850.72,,,,"     ",5.30,1183.91,1.16
1771,554718843,"01771M14:18:01.695","01771 14:05:56",243.17,850.69,,,,"     ",5.30,1197.29,1.17
1771,554718844,"01771M14:18:02.668","01771 14:05:57",243.16,850.60,,,,"     ",5.30,1194.58,1.17
1771,554718845,"01771M14:18:03.642","01771 14:05:58",243.15,850.70,,,,"     ",5.30,1192.01,1.17
1771,554718846,"01771M14:18:04.615","01771 14:05:59",243.14,850.59,,,,"     ",5.30,1197.44,1.17
1771,554718847,"01771M14:18:05.588","01771 14:06:00",243.12,850.69,,,,"     ",5.30,1212.22,1.19
1771,554718848,"01771M14:18:06.561","01771 14:06:01",243.11,850.64,,,,"     ",5.30,1205.87,1.18
1771,554718849,"01771M14:18:07.535","01771 14:06:02",243.10,850.63,,,,"     ",5.30,1208.04,1.18
1771,554718850,"01771M14:18:08.508","01771 14:06:03",243.09,850.66,,,,"     ",5.30,1208.95,1.18
1771,554718851,"01771M14:18:09.481","01771 14:06:04",243.10,850.65,,,,"     ",5.30,1206.41,1.18
1771,554718852,"01771M14:18:10.454","01771 14:06:05",243.14,850.57,,,,"     ",5.30,1216.07,1.19
1771,554718853,"01771M14:18:11.428","01771 14:06:06",243.18,850.57,,,,"     ",5.30,1198.13,1.17
1771,554718854,"01771M14:18:12.401","01771 14:06:07",243.22,850.49,,,,"     ",5.30,1202.76,1.17
1771,554718855,"01771M14:18:13.374","01771 14:06:08",243.28,850.60,,,,"     ",5.30,1218.38,1.19
1771,554718856,"01771M14:18:14.347","01771 14:06:09",243.34,850.49,,,,"     ",5.30,1212.83,1.18
1771,554718857,"01771M14:18:15.321","01771 14:06:10",243.39,850.55,,,,"     ",5.30,1200.09,1.17
1771,554718858,"01771M14:18:16.294","01771 14:06:11",243.45,850.61,,,,"     ",5.30,1198.18,1.17
1771,554718859,"01771M14:18:17.267","01771 14:06:12",243.52,850.68,,,,"     ",5.30,1208.13,1.18
1771,554718860,"01771M14:18:18.240","01771 14:06:13",243.58,850.55,,,,"     ",5.30,1200.78,1.17
1771,554718861,"01771M14:18:19.214","01771 14:06:14",243.65,850.50,,,,"     ",5.30,1208.26,1.18
1771,554718862,"01771M14:18:20.187","01771 14:06:15",243.70,850.62,,,,"     ",5.30,1215.68,1.18
1771,554718863,"01771M14:18:21.160","01771 14:06:16",243.74,850.62,,,,"     ",5.30,1199.10,1.17
1771,554718864,"01771M14:18:22.133","01771 14:06:17",243.77,850.68,,,,"     ",5.30,1201.77,1.17
1771,554718865,"01771M14:18:23.107","01771 14:06:18",243.79,850.59,,,,"     ",5.30,1208.30,1.17
1771,554718866,"01771M14:18:24.080","01771 14:06:19",243.82,850.62,,,,"     ",5.30,1222.89,1.19
1771,554718867,"01771M14:18:25.053","01771 14:06:20",243.84,850.59,,,,"     ",5.30,1211.23,1.18
1771,554718868,"01771M14:18:26.026","01771 14:06:21",243.86,850.55,,,,"     ",5.30,1194.46,1.16
1771,554718869,"01771M14:18:27.000","01771 14:06:22",243.87,850.54,,,,"     ",5.30,1232.03,1.19
1771,554718870,"01771M14:18:27.973","01771 14:06:23",243.89,850.54,,,,"     ",5.30,1216.81,1.18
1771,554718871,"01771M14:18:28.946","01771 14:06:24",243.90,850.65,,,,"     ",5.30,1219.85,1.18
1771,554718872,"01771M14:18:29.919","01771 14:06:25",243.93,850.53,,,,"     ",5.30,1200.30,1.16
1771,554718873,"01771M14:18:30.893","01771 14:06:25",243.94,850.57,,,,"     ",5.30,1222.69,1.18
1771,554718874,"01771M14:18:31.866","01771 14:06:26",243.95,850.56,,,,"     ",5.30,1207.32,1.17
1771,554718875,"01771M14:18:32.839","01771 14:06:27",243.96,850.60,,,,"     ",5.30,1213.39,1.17
1771,554718876,"01771M14:18:33.812","01771 14:06:28",243.97,850.65,,,,"     ",5.30,1203.18,1.16
1771,554718877,"01771M14:18:34.786","01771 14:06:29",243.96,850.67,,,,"     ",5.30,1209.69,1.17
1771,554718878,"01771M14:18:35.759","01771 14:06:30",243.95,850.70,,,,"     ",5.30,1216.04,1.17
1771,554718879,"01771M14:18:36.732","01771 14:06:31",243.90,850.60,,,,"     ",5.30,1211.20,1.17
1771,554718880,"01771M14:18:37.705","01771 14:06:32",243.83,850.58,,,,"     ",5.30,1219.09,1.18
1771,554718881,"01771M14:18:38.679","01771 14:06:33",243.73,850.50,,,,"     ",5.30,1201.96,1.16
1771,554718882,"01771M14:18:39.652","01771 14:06:34",243.62,850.53,,,,"     ",5.30,1214.85,1.17
1771,554718883,"01771M14:18:40.625","01771 14:06:35",243.50,850.55,,,,"     ",5.30,1207.76,1.16
1771,554718884,"01771M14:18:41.598","01771 14:06:36",243.37,850.56,,,,"     ",5.30,1202.62,1.16
1771,554718885,"01771M14:18:42.572","01771 14:06:37",243.25,850.60,,,,"     ",5.30,1205.23,1.16
1771,554718886,"01771M14:18:43.545","01771 14:06:38",243.15,850.56,,,,"     ",5.30,1219.05,1.17
1771,554718887,"01771M14:18:44.518","01771 14:06:39",243.05,850.53,,,,"     ",5.30,1227.84,1.18
1771,554718888,"01771M14:18:45.491","01771 14:06:40",242.98,850.54,,,,"     ",5.30,1231.29,1.18
1771,554718889,"01771M14:18:46.465","01771 14:06:41",242.91,850.59,,,,"     ",5.30,1216.93,1.17
1771,554718890,"01771M14:18:47.438","01771 14:06:42",242.87,850.58,,,,"     ",5.30,1200.95,1.15
1771,554718891,"01771M14:18:48.411","01771 14:06:43",242.83,850.50,,,,"     ",5.30,1218.81,1.17
1771,554718892,"01771M14:18:49.385","01771 14:06:44",242.80,850.54,,,,"     ",5.30,1221.31,1.17
1771,554718893,"01771M14:18:50.358","01771 14:06:45",242.79,850.55,,,,"     ",5.30,1210.74,1.16
1771,554718894,"01771M14:18:51.331","01771 14:06:46",242.77,850.52,,,,"     ",5.30,1210.78,1.16
1771,554718895,"01771M14:18:52.304","01771 14:06:47",242.76,850.48,,,,"     ",5.30,1219.77,1.17
1771,554718896,"01771M14:18:53.278","01771 14:06:48",242.75,850.54,,,,"     ",5.30,1215.08,1.17
1771,554718897,"01771M14:18:54.251","01771 14:06:49",242.74,850.49,,,,"     ",5.30,1222.79,1.17
1771,554718898,"01771M14:18:55.224","01771 14:06:50",242.71,850.44,,,,"     ",5.30,1220.60,1.17
1771,554718899,"01771M14:18:56.197","01771 14:06:51",242.66,850.55,,,,"     ",5.30,1214.11,1.16
1771,554718900,"01771M14:18:57.171","01771 14:06:52",242.59,850.58,,,,"     ",5.30,1223.45,1.17
1771,554718901,"01771M14:18:58.144","01771 14:06:53",242.50,850.59,,,,"     ",5.30,1234.66,1.18
1771,554718902,"01771M14:18:59.117","01771 14:06:54",242.42,850.55,,,,"     ",5.30,1214.51,1.16
1771,554718903,"01771M14:19:00.090","01771 14:06:55",242.34,850.56,,,,"     ",5.30,1214.67,1.16
1771,554718904,"01771M14:19:01.064","01771 14:06:56",242.28,850.62,,,,"     ",5.30,1222.88,1.17
1771,554718905,"01771M14:19:02.037","01771 14:06:57",242.24,850.58,,,,"     ",5.30,1214.63,1.16
1771,554718906,"01771M14:19:03.010","01771 14:06:58",242.20,850.48,,,,"     ",5.30,1229.24,1.18
1771,554718907,"01771M14:19:03.983","01771 14:06:59",242.17,850.56,,,,"     ",5.30,1214.88,1.16
1771,554718908,"01771M14:19:04.957","01771 14:07:00",242.14,850.55,,,,"     ",5.30,1210.82,1.16
1771,554718909,"01771M14:19:05.930","01771 14:07:01",242.11,850.51,,,,"     ",5.30,1221.99,1.17
1771,554718910,"01771M14:19:06.903","01771 14:07:02",242.06,850.54,,,,"     ",5.30,1231.64,1.18
1771,554718911,"01771M14:19:07.876","01771 14:07:02",242.01,850.50,,,,"     ",5.30,1218.60,1.16
1771,554718912,"01771M14:19:08.850","01771 14:07:03",241.94,850.52,,,,"     ",5.30,1226.89,1.17
1771,554718913,"01771M14:19:09.823","01771 14:07:04",241.87,850.53,,,,"     ",5.30,1211.62,1.16
1771,554718914,"01771M14:19:10.796","01771 14:07:05",241.79,850.52,,,,"     ",5.30,1222.19,1.17
1771,554718915,"01771M14:19:11.769","01771 14:07:06",241.71,850.55,,,,"     ",5.30,1208.41,1.15
1771,554718916,"01771M14:19:12.743","01771 14:07:07",241.62,850.58,,,,"     ",5.30,1222.82,1.17
1771,554718917,"01771M14:19:13.716","01771 14:07:08",241.53,850.55,,,,"     ",5.30,1222.80,1.17
1771,554718918,"01771M14:19:14.689","01771 14:07:09",241.44,850.50,,,,"     ",5.30,1205.89,1.15
1771,554718919,"01771M14:19:15.662","01771 14:07:10",241.34,850.47,,,,"     ",5.30,1227.00,1.17
1771,554718920,"01771M14:19:16.636","01771 14:07:11",241.25,850.40,,,,"     ",5.30,1227.55,1.17
1771,554718921,"01771M14:19:17.609","01771 14:07:12",241.17,850.40,,,,"     ",5.30,1224.98,1.17
1771,554718922,"01771M14:19:18.582","01771 14:07:13",241.11,850.46,,,,"     ",5.30,1227.18,1.17
1771,554718923,"01771M14:19:19.555","01771 14:07:14",241.07,850.39,,,,"     ",5.30,1216.69,1.16
1771,554718924,"01771M14:19:20.529","01771 14:07:15",241.04,850.38,,,,"     ",5.30,1213.89,1.16
1771,554718925,"01771M14:19:21.502","01771 14:07:16",241.02,850.49,,,,"     ",5.30,1236.34,1.18
1771,554718926,"01771M14:19:22.475","01771 14:07:17",241.00,850.41,,,,"     ",5.30,1231.17,1.17
1771,554718927,"01771M14:19:23.448","01771 14:07:18",240.98,850.54,,,,"     ",5.30,1223.32,1.17
1771,554718928,"01771M14:19:24.422","01771 14:07:19",240.95,850.47,,,,"     ",5.30,1225.70,1.17
1771,554718929,"01771M14:19:25.395","01771 14:07:20",240.92,850.44,,,,"     ",5.30,1230.27,1.17
1771,554718930,"01771M14:19:26.368","01771 14:07:21",240.88,850.55,,,,"     ",5.30,1215.72,1.16
1771,554718931,"01771M14:19:27.341","01771 14:07:22",240.83,850.47,,,,"     ",5.30,1228.07,1.17
1771,554718932,"01771M14:19:28.315","01771 14:07:23",240.76,850.44,,,,"     ",5.30,1238.14,1.18
1771,554718933,"01771M14:19:29.288","01771 14:07:24",240.69,850.46,,,,"     ",5.30,1212.09,1.15
1771,554718934,"01771M14:19:30.261","01771 14:07:25",240.61,850.45,,,,"     ",5.30,1217.51,1.16
1771,554718935,"01771M14:19:31.234","01771 14:07:26",240.52,850.44,,,,"     ",5.30,1219.78,1.16
1771,554718936,"01771M14:19:32.208","01771 14:07:27",240.43,850.48,,,,"     ",5.30,1222.24,1.16
1771,554718937,"01771M14:19:33.181","01771 14:07:28",240.33,850.46,,,,"     ",5.30,1225.74,1.17
1771,554718938,"01771M14:19:34.154","01771 14:07:29",240.24,850.38,,,,"     ",5.30,1225.98,1.17
1771,554718939,"01771M14:19:35.127","01771 14:07:30",240.14,850.38,,,,"     ",5.30,1236.57,1.18
1771,554718940,"01771M14:19:36.101","01771 14:07:31",240.06,850.45,,,,"     ",5.30,1215.26,1.16
1771,554718941,"01771M14:19:37.074","01771 14:07:32",239.98,850.42,,,,"     ",5.30,1215.33,1.16
1771,554718942,"01771M14:19:38.047","01771 14:07:33",239.92,850.44,,,,"     ",5.30,1237.23,1.18
1771,554718943,"01771M14:19:39.020","01771 14:07:34",239.88,850.41,,,,"     ",5.30,1220.57,1.16
1771,554718944,"01771M14:19:39.994","01771 14:07:35",239.85,850.38,,,,"     ",5.30,1232.18,1.17
1771,554718945,"01771M14:19:40.967","01771 14:07:36",239.85,850.49,,,,"     ",5.30,1233.90,1.17
1771,554718946,"01771M14:19:41.940","01771 14:07:37",239.86,850.45,,,,"     ",5.30,1226.85,1.17
1771,554718947,"01771M14:19:42.913","01771 14:07:38",239.90,850.38,,,,"     ",5.30,1215.82,1.16
1771,554718948,"01771M14:19:43.887","01771 14:07:38",239.95,850.43,,,,"     ",5.30,1225.00,1.16
1771,554718949,"01771M14:19:44.860","01771 14:07:39",240.01,850.40,,,,"     ",5.30,1219.97,1.16
1771,554718950,"01771M14:19:45.833","01771 14:07:40",240.07,850.54,,,,"     ",5.30,1223.75,1.16
1771,554718951,"01771M14:19:46.806","01771 14:07:41",240.13,850.41,,,,"     ",5.30,1215.57,1.15
1771,554718952,"01771M14:19:47.780","01771 14:07:42",240.18,850.37,,,,"     ",5.30,1227.03,1.17
1771,554718953,"01771M14:19:48.753","01771 14:07:43",240.24,850.44,,,,"     ",5.30,1232.61,1.17
1771,554718954,"01771M14:19:49.726","01771 14:07:44",240.28,850.37,,,,"     ",5.30,1238.18,1.17
1771,554718955,"01771M14:19:50.699","01771 14:07:45",240.31,850.42,,,,"     ",5.30,1242.78,1.18
1771,554718956,"01771M14:19:51.673","01771 14:07:46",240.34,850.34,,,,"     ",5.30,1224.44,1.16
1771,554718957,"01771M14:19:52.646","01771 14:07:47",240.36,850.39,,,,"     ",5.30,1220.75,1.16
1771,554718958,"01771M14:19:53.619","01771 14:07:48",240.36,850.33,,,,"     ",5.30,1234.59,1.17
1771,554718959,"01771M14:19:54.592","01771 14:07:49",240.36,850.36,,,,"     ",5.30,1247.03,1.18
1771,554718960,"01771M14:19:55.566","01771 14:07:50",240.36,850.39,,,,"     ",5.30,1249.05,1.18
1771,554718961,"01771M14:19:56.539","01771 14:07:51",240.35,850.37,,,,"     ",5.30,1237.33,1.17
1771,554718962,"01771M14:19:57.512","01771 14:07:52",240.36,850.39,,,,"     ",5.30,1230.81,1.17
1771,554718963,"01771M14:19:58.486","01771 14:07:53",240.38,850.40,,,,"     ",5.30,1231.01,1.17
1771,554718964,"01771M14:19:59.459","01771 14:07:54",240.41,850.42,,,,"     ",5.30,1237.33,1.17
1771,554718965,"01771M14:20:00.432","01771 14:07:55",240.44,850.41,,,,"     ",5.30,1238.75,1.17
1771,554718966,"01771M14:20:01.405","01771 14:07:56",240.48,850.33,,,,"     ",5.30,1224.38,1.16
1771,554718967,"01771M14:20:02.379","01771 14:07:57",240.52,850.40,,,,"     ",5.30,1239.01,1.17
1771,554718968,"01771M14:20:03.352","01771 14:07:58",240.56,850.41,,,,"     ",5.30,1225.81,1.16
1771,554718969,"01771M14:20:04.325","01771 14:07:59",240.58,850.35,,,,"     ",5.30,1221.35,1.16
1771,554718970,"01771M14:20:05.298","01771 14:08:00",240.59,850.35,,,,"     ",5.30,1249.54,1.18
1771,554718971,"01771M14:20:06.272","01771 14:08:01",240.59,850.29,,,,"     ",5.30,1229.37,1.16
1771,554718972,"01771M14:20:07.245","01771 14:08:02",240.58,850.29,,,,"     ",5.30,1239.94,1.17
1771,554718973,"01771M14:20:08.218","01771 14:08:03",240.56,850.28,,,,"     ",5.30,1234.21,1.17
1771,554718974,"01771M14:20:09.191","01771 14:08:04",240.52,850.26,,,,"     ",5.30,1229.12,1.16
1771,554718975,"01771M14:20:10.165","01771 14:08:05",240.48,850.27,,,,"     ",5.30,1237.75,1.17
1771,554718976,"01771M14:20:11.138","01771 14:08:06",240.42,850.30,,,,"     ",5.30,1233.45,1.17
1771,554718977,"01771M14:20:12.111","01771 14:08:07",240.37,850.33,,,,"     ",5.30,1248.76,1.18
1771,554718978,"01771M14:20:13.084","01771 14:08:08",240.32,850.39,,,,"     ",5.30,1241.07,1.17
1771,554718979,"01771M14:20:14.058","01771 14:08:09",240.27,850.32,,,,"     ",5.30,1230.45,1.16
1771,554718980,"01771M14:20:15.031","01771 14:08:10",240.24,850.39,,,,"     ",5.30,1220.54,1.15
1771,554718981,"01771M14:20:16.004","01771 14:08:11",240.21,850.33,,,,"     ",5.30,1233.32,1.16
1771,554718982,"01771M14:20:16.977","01771 14:08:12",240.20,850.30,,,,"     ",5.30,1232.04,1.16
1771,554718983,"01771M14:20:17.951","01771 14:08:13",240.18,850.38,,,,"     ",5.30,1225.63,1.16
1771,554718984,"01771M14:20:18.924","01771 14:08:14",240.18,850.40,,,,"     ",5.30,1248.14,1.18
1771,554718985,"01771M14:20:19.897","01771 14:08:15",240.17,850.41,,,,"     ",5.30,1226.56,1.16
1771,554718986,"01771M14:20:20.870","01771 14:08:15",240.16,850.41,,,,"     ",5.30,1226.92,1.16
1771,554718987,"01771M14:20:21.844","01771 14:08:16",240.14,850.39,,,,"     ",5.30,1237.50,1.17
1771,554718988,"01771M14:20:22.817","01771 14:08:17",240.11,850.27,,,,"     ",5.30,1232.47,1.16
1771,554718989,"01771M14:20:23.790","01771 14:08:18",240.06,850.35,,,,"     ",5.30,1230.05,1.16
1771,554718990,"01771M14:20:24.763","01771 14:08:19",240.00,850.33,,,,"     ",5.30,1227.56,1.16
1771,554718991,"01771M14:20:25.737","01771 14:08:20",239.92,850.35,,,,"     ",5.30,1249.69,1.18
1771,554718992,"01771M14:20:26.710","01771 14:08:21",239.83,850.38,,,,"     ",5.30,1216.15,1.15
1771,554718993,"01771M14:20:27.683","01771 14:08:22",239.75,850.32,,,,"     ",5.30,1237.33,1.17
1771,554718994,"01771M14:20:28.656","01771 14:08:23",239.67,850.27,,,,"     ",5.30,1225.05,1.15
1771,554718995,"01771M14:20:29.630","01771 14:08:24",239.60,850.34,,,,"     ",5.30,1224.39,1.15
1771,554718996,"01771M14:20:30.603","01771 14:08:25",239.54,850.29,,,,"     ",5.30,1237.85,1.17
1771,554718997,"01771M14:20:31.576","01771 14:08:26",239.51,850.24,,,,"     ",5.30,1242.98,1.17
1771,554718998,"01771M14:20:32.549","01771 14:08:27",239.48,850.30,,,,"     ",5.30,1241.31,1.17
1771,554718999,"01771M14:20:33.523","01771 14:08:28",239.49,850.20,,,,"     ",5.30,1232.31,1.16
1771,554719000,"01771M14:20:34.496","01771 14:08:29",239.50,850.34,,,,"     ",5.30,1220.09,1.15
1771,554719001,"01771M14:20:35.469","01771 14:08:30",239.48,850.32,,,,"     ",5.30,1222.63,1.15
1771,554719002,"01771M14:20:36.442","01771 14:08:31",239.46,850.29,,,,"     ",5.30,1235.79,1.16
1771,554719003,"01771M14:20:37.416","01771 14:08:32",239.44,850.27,,,,"     ",5.30,1241.43,1.17
1771,554719004,"01771M14:20:38.389","01771 14:08:33",239.41,850.25,,,,"     ",5.30,1226.16,1.15
1771,554719005,"01771M14:20:39.362","01771 14:08:34",239.38,850.27,,,,"     ",5.30,1234.20,1.16
1771,554719006,"01771M14:20:40.335","01771 14:08:35",239.34,850.24,,,,"     ",5.30,1241.65,1.17
1771,554719007,"01771M14:20:41.309","01771 14:08:36",239.30,850.27,,,,"     ",5.30,1222.61,1.15
1771,554719008,"01771M14:20:42.282","01771 14:08:37",239.26,850.29,,,,"     ",5.30,1237.41,1.16
1771,554719009,"01771M14:20:43.255","01771 14:08:38",239.21,850.29,,,,"     ",5.30,1248.94,1.18
1771,554719010,"01771M14:20:44.228","01771 14:08:39",239.15,850.33,,,,"     ",5.30,1237.03,1.16
1771,554719011,"01771M14:20:45.202","01771 14:08:40",239.09,850.26,,,,"     ",5.30,1243.89,1.17
1771,554719012,"01771M14:20:46.175","01771 14:08:41",239.02,850.23,,,,"     ",5.30,1240.98,1.17
1771,554719013,"01771M14:20:47.148","01771 14:08:42",238.87,850.12,,,,"     ",5.30,1228.00,1.15
1771,554719014,"01771M14:20:48.121","01771 14:08:43",238.91,850.16,,,,"     ",5.30,1234.50,1.16
1771,554719015,"01771M14:20:49.095","01771 14:08:44",238.94,850.15,,,,"     ",5.30,1224.48,1.15
1771,554719016,"01771M14:20:50.068","01771 14:08:45",238.97,850.16,,,,"     ",5.30,1212.40,1.14
1771,554719017,"01771M14:20:51.041","01771 14:08:46",238.99,850.18,,,,"     ",5.30,1233.19,1.16
1771,554719018,"01771M14:20:52.014","01771 14:08:47",239.02,850.17,,,,"     ",5.30,1243.44,1.17
1771,554719019,"01771M14:20:52.988","01771 14:08:48",239.03,850.11,,,,"     ",5.30,1243.24,1.17
1771,554719020,"01771M14:20:53.961","01771 14:08:49",239.04,850.16,,,,"     ",5.30,1232.10,1.16
1771,554719021,"01771M14:20:54.934","01771 14:08:50",239.05,850.26,,,,"     ",5.30,1245.13,1.17
1771,554719022,"01771M14:20:55.907","01771 14:08:51",239.05,850.15,,,,"     ",5.30,1230.91,1.16
1771,554719023,"01771M14:20:56.881","01771 14:08:52",239.05,850.15,,,,"     ",5.30,1223.61,1.15
1771,554719024,"01771M14:20:57.854","01771 14:08:52",239.04,850.17,,,,"     ",5.30,1243.94,1.17
1771,554719025,"01771M14:20:58.827","01771 14:08:53",239.03,850.15,,,,"     ",5.30,1239.49,1.17
1771,554719026,"01771M14:20:59.800","01771 14:08:54",239.02,850.22,,,,"     ",5.30,1231.36,1.16
1771,554719027,"01771M14:21:00.774","01771 14:08:55",239.00,850.17,,,,"     ",5.30,1249.16,1.17
1771,554719028,"01771M14:21:01.747","01771 14:08:56",238.95,850.18,,,,"     ",5.30,1246.17,1.17
1771,554719029,"01771M14:21:02.720","01771 14:08:57",238.90,850.16,,,,"     ",5.30,1233.39,1.16
1771,554719030,"01771M14:21:03.693","01771 14:08:58",238.83,850.18,,,,"     ",5.30,1238.94,1.17
1771,554719031,"01771M14:21:04.667","01771 14:08:59",238.75,850.13,,,,"     ",5.30,1238.05,1.16
1771,554719032,"01771M14:21:05.640","01771 14:09:00",238.66,850.15,,,,"     ",5.30,1247.27,1.17
1771,554719033,"01771M14:21:06.613","01771 14:09:01",238.56,850.16,,,,"     ",5.30,1241.65,1.17
1771,554719034,"01771M14:21:07.586","01771 14:09:02",238.46,850.09,,,,"     ",5.30,1225.92,1.15
1771,554719035,"01771M14:21:08.560","01771 14:09:03",238.38,850.20,,,,"     ",5.30,1231.58,1.16
1771,554719036,"01771M14:21:09.533","01771 14:09:04",238.31,850.15,,,,"     ",5.30,1233.03,1.16
1771,554719037,"01771M14:21:10.506","01771 14:09:05",238.28,850.09,,,,"     ",5.30,1222.98,1.15
1771,554719038,"01771M14:21:11.480","01771 14:09:06",238.27,850.13,,,,"     ",5.30,1241.19,1.17
1771,554719039,"01771M14:21:12.453","01771 14:09:07",238.29,850.17,,,,"     ",5.30,1224.10,1.15
1771,554719040,"01771M14:21:13.426","01771 14:09:08",238.33,850.17,,,,"     ",5.30,1225.83,1.16
1771,554719041,"01771M14:21:14.399","01771 14:09:09",238.38,850.16,,,,"     ",5.30,1240.55,1.17
1771,554719042,"01771M14:21:15.373","01771 14:09:10",238.43,850.10,,,,"     ",5.30,1229.59,1.16
1771,554719043,"01771M14:21:16.346","01771 14:09:11",238.47,850.14,,,,"     ",5.30,1228.52,1.16
1771,554719044,"01771M14:21:17.319","01771 14:09:12",238.51,850.04,,,,"     ",5.30,1228.14,1.16
1771,554719045,"01771M14:21:18.292","01771 14:09:13",238.54,850.14,,,,"     ",5.30,1226.04,1.16
1771,554719046,"01771M14:21:19.266","01771 14:09:14",238.57,850.10,,,,"     ",5.30,1236.38,1.17
1771,554719047,"01771M14:21:20.239","01771 14:09:15",238.60,850.13,,,,"     ",5.30,1236.34,1.17
1771,554719048,"01771M14:21:21.212","01771 14:09:16",238.62,850.13,,,,"     ",5.30,1214.15,1.15
1771,554719049,"01771M14:21:22.185","01771 14:09:17",238.63,850.12,,,,"     ",5.30,1228.19,1.16
1771,554719050,"01771M14:21:23.159","01771 14:09:18",238.64,850.09,,,,"     ",5.30,1226.46,1.16
1771,554719051,"01771M14:21:24.132","01771 14:09:19",238.64,850.14,,,,"     ",5.30,1223.35,1.16
1771,554719052,"01771M14:21:25.105","01771 14:09:20",238.65,850.14,,,,"     ",5.30,1234.64,1.17
1771,554719053,"01771M14:21:26.078","01771 14:09:21",238.67,850.12,,,,"     ",5.30,1221.51,1.16
1771,554719054,"01771M14:21:27.052","01771 14:09:22",238.72,850.04,,,,"     ",5.30,1229.92,1.17
1771,554719055,"01771M14:21:28.025","01771 14:09:23",238.78,849.99,,,,"     ",5.30,1227.48,1.16
1771,554719056,"01771M14:21:28.998","01771 14:09:24",238.86,850.10,,,,"     ",5.30,1218.77,1.16
1771,554719057,"01771M14:21:29.971","01771 14:09:25",238.96,850.06,,,,"     ",5.30,1236.15,1.17
1771,554719058,"01771M14:21:30.945","01771 14:09:26",239.08,850.07,,,,"     ",5.30,1247.55,1.18
1771,554719059,"01771M14:21:31.918","01771 14:09:27",239.20,850.10,,,,"     ",5.30,1215.19,1.15
1771,554719060,"01771M14:21:32.891","01771 14:09:28",239.33,850.09,,,,"     ",5.30,1239.41,1.18
1771,554719061,"01771M14:21:33.864","01771 14:09:29",239.47,850.07,,,,"     ",5.30,1216.11,1.15
1771,554719062,"01771M14:21:34.838","01771 14:09:29",239.61,849.99,,,,"     ",5.30,1230.98,1.17
1771,554719063,"01771M14:21:35.811","01771 14:09:30",239.75,849.98,,,,"     ",5.30,1235.77,1.17
1771,554719064,"01771M14:21:36.784","01771 14:09:31",239.88,850.07,,,,"     ",5.30,1214.78,1.15
1771,554719065,"01771M14:21:37.757","01771 14:09:32",240.01,850.03,,,,"     ",5.30,1221.26,1.16
1771,554719066,"01771M14:21:38.731","01771 14:09:33",240.10,850.03,,,,"     ",5.30,1230.01,1.17
1771,554719067,"01771M14:21:39.704","01771 14:09:34",240.19,850.01,,,,"     ",5.30,1214.88,1.15
1771,554719068,"01771M14:21:40.677","01771 14:09:35",240.24,850.05,,,,"     ",5.30,1236.74,1.17
1771,554719069,"01771M14:21:41.650","01771 14:09:36",240.26,849.99,,,,"     ",5.30,1230.87,1.17
1771,554719070,"01771M14:21:42.624","01771 14:09:37",240.25,849.88,,,,"     ",5.30,1231.35,1.17
1771,554719071,"01771M14:21:43.597","01771 14:09:38",240.21,849.88,,,,"     ",5.30,1225.20,1.16
1771,554719072,"01771M14:21:44.570","01771 14:09:39",240.16,849.87,,,,"     ",5.30,1228.33,1.16
1771,554719073,"01771M14:21:45.543","01771 14:09:40",240.09,849.83,,,,"     ",5.30,1251.46,1.19
1771,554719074,"01771M14:21:46.517","01771 14:09:41",240.02,849.86,,,,"     ",5.30,1242.99,1.18
1771,554719075,"01771M14:21:47.490","01771 14:09:42",239.94,849.93,,,,"     ",5.30,1247.57,1.18
1771,554719076,"01771M14:21:48.463","01771 14:09:43",239.87,850.00,,,,"     ",5.30,1239.43,1.17
1771,554719077,"01771M14:21:49.436","01771 14:09:44",239.80,850.01,,,,"     ",5.30,1224.73,1.16
1771,554719078,"01771M14:21:50.410","01771 14:09:45",239.75,850.05,,,,"     ",5.30,1233.87,1.17
1771,554719079,"01771M14:21:51.383","01771 14:09:46",239.71,849.95,,,,"     ",5.30,1225.30,1.16
1771,554719080,"01771M14:21:52.356","01771 14:09:47",239.68,849.96,,,,"     ",5.30,1238.99,1.17
1771,554719081,"01771M14:21:53.329","01771 14:09:48",239.66,849.96,,,,"     ",5.30,1233.98,1.17
1771,554719082,"01771M14:21:54.303","01771 14:09:49",239.67,849.90,,,,"     ",5.30,1235.97,1.17
1771,554719083,"01771M14:21:55.276","01771 14:09:50",239.69,849.95,,,,"     ",5.30,1231.72,1.16
1771,554719084,"01771M14:21:56.249","01771 14:09:51",239.74,849.90,,,,"     ",5.30,1235.72,1.17
1771,554719085,"01771M14:21:57.222","01771 14:09:52",239.81,850.00,,,,"     ",5.30,1223.12,1.16
1771,554719086,"01771M14:21:58.196","01771 14:09:53",239.91,849.87,,,,"     ",5.30,1242.43,1.17
1771,554719087,"01771M14:21:59.169","01771 14:09:54",240.03,849.86,,,,"     ",5.30,1213.35,1.15
1771,554719088,"01771M14:22:00.142","01771 14:09:55",240.16,849.78,,,,"     ",5.30,1232.34,1.16
1771,554719089,"01771M14:22:01.115","01771 14:09:56",240.31,849.79,,,,"     ",5.30,1237.54,1.17
1771,554719090,"01771M14:22:02.089","01771 14:09:57",240.48,849.73,,,,"     ",5.30,1227.86,1.16
1771,554719091,"01771M14:22:03.062","01771 14:09:58",240.63,849.72,,,,"     ",5.30,1244.98,1.17
1771,554719092,"01771M14:22:04.035","01771 14:09:59",240.80,849.71,,,,"     ",5.30,1228.45,1.16
1771,554719093,"01771M14:22:05.008","01771 14:10:00",240.95,849.73,,,,"     ",5.30,1237.82,1.17
1771,554719094,"01771M14:22:05.982","01771 14:10:01",241.08,849.86,,,,"     ",5.30,1234.80,1.16
1771,554719095,"01771M14:22:06.955","01771 14:10:02",241.19,849.78,,,,"     ",5.30,1240.01,1.17
1771,554719096,"01771M14:22:07.928","01771 14:10:03",241.29,849.80,,,,"     ",5.30,1221.76,1.15
1771,554719097,"01771M14:22:08.901","01771 14:10:04",241.36,849.82,,,,"     ",5.30,1233.89,1.16
1771,554719098,"01771M14:22:09.875","01771 14:10:05",241.41,849.83,,,,"     ",5.30,1221.69,1.15
1771,554719099,"01771M14:22:10.848","01771 14:10:05",241.46,849.85,,,,"     ",5.30,1230.99,1.16
1771,554719100,"01771M14:22:11.821","01771 14:10:06",241.50,849.79,,,,"     ",5.30,1238.74,1.17
1771,554719101,"01771M14:22:12.794","01771 14:10:07",241.53,849.84,,,,"     ",5.30,1227.52,1.16
1771,554719102,"01771M14:22:13.768","01771 14:10:08",241.57,849.89,,,,"     ",5.30,1235.59,1.17
1771,554719103,"01771M14:22:14.741","01771 14:10:09",241.63,849.88,,,,"     ",5.30,1244.16,1.17
1771,554719104,"01771M14:22:15.714","01771 14:10:10",241.71,849.96,,,,"     ",5.30,1234.80,1.16
1771,554719105,"01771M14:22:16.687","01771 14:10:11",241.80,849.93,,,,"     ",5.30,1240.84,1.17
1771,554719106,"01771M14:22:17.661","01771 14:10:12",241.92,849.95,,,,"     ",5.30,1238.80,1.17
1771,554719107,"01771M14:22:18.634","01771 14:10:13",242.03,849.97,,,,"     ",5.30,1238.60,1.17
1771,554719108,"01771M14:22:19.607","01771 14:10:14",242.14,850.01,,,,"     ",5.30,1240.75,1.17
1771,554719109,"01771M14:22:20.581","01771 14:10:15",242.25,849.98,,,,"     ",5.30,1238.47,1.17
1771,554719110,"01771M14:22:21.554","01771 14:10:16",242.33,849.88,,,,"     ",5.30,1223.76,1.15
1771,554719111,"01771M14:22:22.527","01771 14:10:17",242.39,849.92,,,,"     ",5.30,1239.69,1.17
1771,554719112,"01771M14:22:23.500","01771 14:10:18",242.43,849.90,,,,"     ",5.30,1238.90,1.17
1771,554719113,"01771M14:22:24.474","01771 14:10:19",242.45,849.86,,,,"     ",5.30,1238.70,1.17
1771,554719114,"01771M14:22:25.447","01771 14:10:20",242.46,849.78,,,,"     ",5.30,1224.06,1.15
1771,554719115,"01771M14:22:26.420","01771 14:10:21",242.47,849.70,,,,"     ",5.30,1238.51,1.17
1771,554719116,"01771M14:22:27.393","01771 14:10:22",242.46,849.63,,,,"     ",5.30,1245.20,1.17
1771,554719117,"01771M14:22:28.367","01771 14:10:23",242.47,849.61,,,,"     ",5.30,1238.47,1.16
1771,554719118,"01771M14:22:29.340","01771 14:10:24",242.48,849.58,,,,"     ",5.30,1226.11,1.15
1771,554719119,"01771M14:22:30.313","01771 14:10:25",242.50,849.57,,,,"     ",5.30,1220.91,1.15
1771,554719120,"01771M14:22:31.286","01771 14:10:26",242.53,849.56,,,,"     ",5.30,1237.19,1.16
1771,554719121,"01771M14:22:32.260","01771 14:10:27",242.58,849.57,,,,"     ",5.30,1235.37,1.16
1771,554719122,"01771M14:22:33.233","01771 14:10:28",242.65,849.67,,,,"     ",5.30,1238.17,1.16
1771,554719123,"01771M14:22:34.206","01771 14:10:29",242.73,849.61,,,,"     ",5.30,1231.18,1.16
1771,554719124,"01771M14:22:35.179","01771 14:10:30",242.83,849.53,,,,"     ",5.30,1239.31,1.16
1771,554719125,"01771M14:22:36.153","01771 14:10:31",242.93,849.58,,,,"     ",5.30,1236.06,1.16
1771,554719126,"01771M14:22:37.126","01771 14:10:32",243.04,849.54,,,,"     ",5.30,1231.67,1.16
1771,554719127,"01771M14:22:38.099","01771 14:10:33",243.17,849.54,,,,"     ",5.30,1248.61,1.17
1771,554719128,"01771M14:22:39.072","01771 14:10:34",243.31,849.43,,,,"     ",5.30,1240.40,1.16
1771,554719129,"01771M14:22:40.046","01771 14:10:35",243.44,849.39,,,,"     ",5.30,1222.52,1.15
1771,554719130,"01771M14:22:41.019","01771 14:10:36",243.58,849.39,,,,"     ",5.30,1252.40,1.17
1771,554719131,"01771M14:22:41.992","01771 14:10:37",243.72,849.45,,,,"     ",5.30,1244.54,1.17
1771,554719132,"01771M14:22:42.965","01771 14:10:38",243.85,849.50,,,,"     ",5.30,1229.85,1.15
1771,554719133,"01771M14:22:43.939","01771 14:10:39",243.97,849.51,,,,"     ",5.30,1227.43,1.15
1771,554719134,"01771M14:22:44.912","01771 14:10:40",244.07,849.41,,,,"     ",5.30,1241.50,1.16
1771,554719135,"01771M14:22:45.885","01771 14:10:41",244.15,849.47,,,,"     ",5.30,1238.49,1.16
1771,554719136,"01771M14:22:46.858","01771 14:10:42",244.21,849.47,,,,"     ",5.30,1241.92,1.16
1771,554719137,"01771M14:22:47.832","01771 14:10:42",244.23,849.39,,,,"     ",5.30,1233.89,1.15
1771,554719138,"01771M14:22:48.805","01771 14:10:43",244.22,849.39,,,,"     ",5.30,1234.48,1.15
1771,554719139,"01771M14:22:49.778","01771 14:10:44",244.18,849.42,,,,"     ",5.30,1228.75,1.15
1771,554719140,"01771M14:22:50.751","01771 14:10:45",244.10,849.37,,,,"     ",5.30,1231.38,1.15
1771,554719141,"01771M14:22:51.725","01771 14:10:46",244.00,849.39,,,,"     ",5.30,1249.46,1.17
1771,554719142,"01771M14:22:52.698","01771 14:10:47",243.88,849.34,,,,"     ",5.30,1224.48,1.14
1771,554719143,"01771M14:22:53.671","01771 14:10:48",243.76,849.44,,,,"     ",5.30,1238.21,1.16
1771,554719144,"01771M14:22:54.644","01771 14:10:49",243.64,849.50,,,,"     ",5.30,1239.53,1.16
1771,554719145,"01771M14:22:55.618","01771 14:10:50",243.54,849.56,,,,"     ",5.30,1238.83,1.16
1771,554719146,"01771M14:22:56.591","01771 14:10:51",243.45,849.57,,,,"     ",5.30,1243.77,1.16
1771,554719147,"01771M14:22:57.564","01771 14:10:52",243.37,849.57,,,,"     ",5.30,1241.35,1.16
1771,554719148,"01771M14:22:58.537","01771 14:10:53",243.31,849.58,,,,"     ",5.30,1236.04,1.15
1771,554719149,"01771M14:22:59.511","01771 14:10:54",243.24,849.62,,,,"     ",5.30,1248.07,1.16
1771,554719150,"01771M14:23:00.484","01771 14:10:55",243.19,849.65,,,,"     ",5.30,1247.75,1.16
1771,554719151,"01771M14:23:01.457","01771 14:10:56",243.13,849.63,,,,"     ",5.30,1242.71,1.16
1771,554719152,"01771M14:23:02.430","01771 14:10:57",243.08,849.66,,,,"     ",5.30,1238.04,1.15
1771,554719153,"01771M14:23:03.404","01771 14:10:58",243.01,849.69,,,,"     ",5.30,1240.35,1.16
1771,554719154,"01771M14:23:04.377","01771 14:10:59",242.93,849.69,,,,"     ",5.30,1239.54,1.16
1771,554719155,"01771M14:23:05.350","01771 14:11:00",242.85,849.66,,,,"     ",5.30,1237.99,1.16
1771,554719156,"01771M14:23:06.323","01771 14:11:01",242.74,849.64,,,,"     ",5.30,1245.22,1.16
1771,554719157,"01771M14:23:07.297","01771 14:11:02",242.64,849.62,,,,"     ",5.30,1241.02,1.16
1771,554719158,"01771M14:23:08.270","01771 14:11:03",242.53,849.63,,,,"     ",5.30,1244.96,1.16
1771,554719159,"01771M14:23:09.243","01771 14:11:04",242.41,849.59,,,,"     ",5.30,1252.75,1.17
1771,554719160,"01771M14:23:10.216","01771 14:11:05",242.32,849.68,,,,"     ",5.30,1247.40,1.17
1771,554719161,"01771M14:23:11.190","01771 14:11:06",242.25,849.72,,,,"     ",5.30,1245.26,1.16
1771,554719162,"01771M14:23:12.163","01771 14:11:07",242.20,849.70,,,,"     ",5.30,1235.53,1.15
1771,554719163,"01771M14:23:13.136","01771 14:11:08",242.19,849.68,,,,"     ",5.30,1230.13,1.15
1771,554719164,"01771M14:23:14.109","01771 14:11:09",242.20,849.73,,,,"     ",5.30,1236.33,1.16
1771,554719165,"01771M14:23:15.083","01771 14:11:10",242.23,849.71,,,,"     ",5.30,1242.78,1.16
1771,554719166,"01771M14:23:16.056","01771 14:11:11",242.28,849.67,,,,"     ",5.30,1230.40,1.15
1771,554719167,"01771M14:23:17.029","01771 14:11:12",242.32,849.69,,,,"     ",5.30,1235.99,1.16
1771,554719168,"01771M14:23:18.002","01771 14:11:13",242.37,849.63,,,,"     ",5.30,1202.00,1.12
1771,554719169,"01771M14:23:18.976","01771 14:11:14",242.42,849.64,,,,"     ",5.30,1242.08,1.16
1771,554719170,"01771M14:23:19.949","01771 14:11:15",242.46,849.59,,,,"     ",5.30,1251.01,1.17
1771,554719171,"01771M14:23:20.922","01771 14:11:16",242.48,849.57,,,,"     ",5.30,1243.38,1.17
1771,554719172,"01771M14:23:21.895","01771 14:11:17",242.50,849.53,,,,"     ",5.30,1221.89,1.15
1771,554719173,"01771M14:23:22.869","01771 14:11:18",242.51,849.60,,,,"     ",5.30,1236.42,1.16
1771,554719174,"01771M14:23:23.842","01771 14:11:19",242.52,849.62,,,,"     ",5.30,1238.03,1.16
1771,554719175,"01771M14:23:24.815","01771 14:11:19",242.51,849.56,,,,"     ",5.30,1234.64,1.16
1771,554719176,"01771M14:23:25.788","01771 14:11:20",242.51,849.50,,,,"     ",5.30,1247.39,1.17
1771,554719177,"01771M14:23:26.762","01771 14:11:21",242.50,849.58,,,,"     ",5.30,1221.32,1.15
1771,554719178,"01771M14:23:27.735","01771 14:11:22",242.50,849.50,,,,"     ",5.30,1227.76,1.15
1771,554719179,"01771M14:23:28.708","01771 14:11:23",242.51,849.50,,,,"     ",5.30,1235.22,1.16
1771,554719180,"01771M14:23:29.682","01771 14:11:24",242.52,849.48,,,,"     ",5.30,1230.09,1.16
1771,554719181,"01771M14:23:30.655","01771 14:11:25",242.55,849.46,,,,"     ",5.30,1227.75,1.15
1771,554719182,"01771M14:23:31.628","01771 14:11:26",242.59,849.44,,,,"     ",5.30,1247.04,1.17
1771,554719183,"01771M14:23:32.601","01771 14:11:27",242.64,849.60,,,,"     ",5.30,1238.65,1.17
1771,554719184,"01771M14:23:33.575","01771 14:11:28",242.71,849.58,,,,"     ",5.30,1224.24,1.15
1771,554719185,"01771M14:23:34.548","01771 14:11:29",242.78,849.58,,,,"     ",5.30,1242.18,1.17
1771,554719186,"01771M14:23:35.521","01771 14:11:30",242.86,849.61,,,,"     ",5.30,1221.02,1.15
1771,554719187,"01771M14:23:36.494","01771 14:11:31",242.94,849.62,,,,"     ",5.30,1220.22,1.15
1771,554719188,"01771M14:23:37.468","01771 14:11:32",243.02,849.62,,,,"     ",5.30,1229.19,1.16
1771,554719189,"01771M14:23:38.441","01771 14:11:33",243.09,849.62,,,,"     ",5.30,1237.72,1.16
1771,554719190,"01771M14:23:39.414","01771 14:11:34",243.17,849.64,,,,"     ",5.30,1239.56,1.17
1771,554719191,"01771M14:23:40.387","01771 14:11:35",243.23,849.70,,,,"     ",5.30,1257.75,1.18
1771,554719192,"01771M14:23:41.361","01771 14:11:36",243.30,849.69,,,,"     ",5.30,1219.12,1.15
1771,554719193,"01771M14:23:42.334","01771 14:11:37",243.35,849.64,,,,"     ",5.30,1246.58,1.17
1771,554719194,"01771M14:23:43.307","01771 14:11:38",243.41,849.62,,,,"     ",5.30,1230.00,1.16
1771,554719195,"01771M14:23:44.280","01771 14:11:39",243.46,849.60,,,,"     ",5.30,1231.37,1.16
1771,554719196,"01771M14:23:45.254","01771 14:11:40",243.50,849.55,,,,"     ",5.30,1238.64,1.16
1771,554719197,"01771M14:23:46.227","01771 14:11:41",243.53,849.59,,,,"     ",5.30,1238.26,1.16
1771,554719198,"01771M14:23:47.200","01771 14:11:42",243.55,849.56,,,,"     ",5.30,1233.72,1.16
1771,554719199,"01771M14:23:48.173","01771 14:11:43",243.56,849.58,,,,"     ",5.30,1239.50,1.16
1771,554719200,"01771M14:23:49.147","01771 14:11:44",243.54,849.59,,,,"     ",5.30,1231.17,1.16
1771,554719201,"01771M14:23:50.120","01771 14:11:45",243.52,849.61,,,,"     ",5.30,1241.45,1.17
1771,554719202,"01771M14:23:51.093","01771 14:11:46",243.48,849.61,,,,"     ",5.30,1234.14,1.16
1771,554719203,"01771M14:23:52.066","01771 14:11:47",243.42,849.66,,,,"     ",5.30,1221.15,1.15
1771,554719204,"01771M14:23:53.040","01771 14:11:48",243.36,849.53,,,,"     ",5.30,1230.19,1.15
1771,554719205,"01771M14:23:54.013","01771 14:11:49",243.29,849.59,,,,"     ",5.30,1228.60,1.15
1771,554719206,"01771M14:23:54.986","01771 14:11:50",243.20,849.66,,,,"     ",5.30,1240.31,1.16
1771,554719207,"01771M14:23:55.959","01771 14:11:51",243.12,849.64,,,,"     ",5.30,1244.89,1.17
1771,554719208,"01771M14:23:56.933","01771 14:11:52",243.02,849.59,,,,"     ",5.30,1229.19,1.15
1771,554719209,"01771M14:23:57.906","01771 14:11:53",242.93,849.48,,,,"     ",5.30,1232.32,1.15
1771,554719210,"01771M14:23:58.879","01771 14:11:54",242.85,849.54,,,,"     ",5.30,1245.87,1.17
1771,554719211,"01771M14:23:59.852","01771 14:11:55",242.78,849.62,,,,"     ",5.30,1250.04,1.17
1771,554719212,"01771M14:24:00.826","01771 14:11:55",242.73,849.64,,,,"     ",5.30,1240.16,1.16
1771,554719213,"01771M14:24:01.799","01771 14:11:56",242.70,849.61,,,,"     ",5.30,1247.42,1.17
1771,554719214,"01771M14:24:02.772","01771 14:11:57",242.70,849.62,,,,"     ",5.30,1254.56,1.17
1771,554719215,"01771M14:24:03.745","01771 14:11:58",242.71,849.59,,,,"     ",5.30,1248.29,1.17
1771,554719216,"01771M14:24:04.719","01771 14:11:59",242.74,849.58,,,,"     ",5.30,1242.54,1.16
1771,554719217,"01771M14:24:05.692","01771 14:12:00",242.76,849.56,,,,"     ",5.30,1250.59,1.17
1771,554719218,"01771M14:24:06.665","01771 14:12:01",242.79,849.52,,,,"     ",5.30,1244.21,1.16
1771,554719219,"01771M14:24:07.638","01771 14:12:02",242.83,849.57,,,,"     ",5.30,1236.72,1.15
1771,554719220,"01771M14:24:08.612","01771 14:12:03",242.87,849.57,,,,"     ",5.30,1252.72,1.17
1771,554719221,"01771M14:24:09.585","01771 14:12:04",242.91,849.63,,,,"     ",5.30,1246.46,1.16
1771,554719222,"01771M14:24:10.558","01771 14:12:05",242.97,849.62,,,,"     ",5.30,1248.80,1.16
1771,554719223,"01771M14:24:11.531","01771 14:12:06",243.03,849.66,,,,"     ",5.30,1251.97,1.17
1771,554719224,"01771M14:24:12.505","01771 14:12:07",243.10,849.62,,,,"     ",5.30,1227.64,1.14
1771,554719225,"01771M14:24:13.478","01771 14:12:08",243.17,849.54,,,,"     ",5.30,1225.55,1.14
1771,554719226,"01771M14:24:14.451","01771 14:12:09",243.25,849.52,,,,"     ",5.30,1240.48,1.15
1771,554719227,"01771M14:24:15.424","01771 14:12:10",243.34,849.57,,,,"     ",5.30,1240.52,1.15
1771,554719228,"01771M14:24:16.398","01771 14:12:11",243.42,849.57,,,,"     ",5.30,1250.02,1.16
1771,554719229,"01771M14:24:17.371","01771 14:12:12",243.50,849.64,,,,"     ",5.30,1241.34,1.16
1771,554719230,"01771M14:24:18.344","01771 14:12:13",243.58,849.60,,,,"     ",5.30,1258.49,1.17
1771,554719231,"01771M14:24:19.317","01771 14:12:14",243.65,849.57,,,,"     ",5.30,1253.78,1.17
1771,554719232,"01771M14:24:20.291","01771 14:12:15",243.73,849.49,,,,"     ",5.30,1253.44,1.16
1771,554719233,"01771M14:24:21.264","01771 14:12:16",243.79,849.54,,,,"     ",5.30,1249.76,1.16
1771,554719234,"01771M14:24:22.237","01771 14:12:17",243.84,849.57,,,,"     ",5.30,1240.46,1.15
1771,554719235,"01771M14:24:23.210","01771 14:12:18",243.87,849.52,,,,"     ",5.30,1243.57,1.15
1771,554719236,"01771M14:24:24.184","01771 14:12:19",243.88,849.53,,,,"     ",5.30,1241.23,1.15
1771,554719237,"01771M14:24:25.157","01771 14:12:20",243.87,849.56,,,,"     ",5.30,1247.53,1.16
1771,554719238,"01771M14:24:26.130","01771 14:12:21",243.85,849.49,,,,"     ",5.30,1238.47,1.15
1771,554719239,"01771M14:24:27.103","01771 14:12:22",243.81,849.53,,,,"     ",5.30,1248.23,1.16
1771,554719240,"01771M14:24:28.077","01771 14:12:23",243.78,849.49,,,,"     ",5.30,1249.16,1.16
1771,554719241,"01771M14:24:29.050","01771 14:12:24",243.74,849.47,,,,"     ",5.30,1245.57,1.15
1771,554719242,"01771M14:24:30.023","01771 14:12:25",243.71,849.54,,,,"     ",5.30,1242.56,1.15
1771,554719243,"01771M14:24:30.996","01771 14:12:26",243.69,849.51,,,,"     ",5.30,1250.42,1.16
1771,554719244,"01771M14:24:31.970","01771 14:12:27",243.67,849.56,,,,"     ",5.30,1239.13,1.15
1771,554719245,"01771M14:24:32.943","01771 14:12:28",243.67,849.52,,,,"     ",5.30,1242.70,1.15
1771,554719246,"01771M14:24:33.916","01771 14:12:29",243.69,849.60,,,,"     ",5.30,1248.91,1.15
1771,554719247,"01771M14:24:34.889","01771 14:12:30",243.72,849.53,,,,"     ",5.30,1261.93,1.17
1771,554719248,"01771M14:24:35.863","01771 14:12:31",243.75,849.51,,,,"     ",5.30,1252.21,1.16
1771,554719249,"01771M14:24:36.836","01771 14:12:32",243.79,849.53,,,,"     ",5.30,1254.67,1.16
1771,554719250,"01771M14:24:37.809","01771 14:12:32",243.82,849.55,,,,"     ",5.30,1241.47,1.14
1771,554719251,"01771M14:24:38.783","01771 14:12:33",243.83,849.60,,,,"     ",5.30,1245.94,1.15
1771,554719252,"01771M14:24:39.756","01771 14:12:34",243.84,849.57,,,,"     ",5.30,1244.57,1.15
1771,554719253,"01771M14:24:40.729","01771 14:12:35",243.82,849.53,,,,"     ",5.30,1256.84,1.16
1771,554719254,"01771M14:24:41.702","01771 14:12:36",243.78,849.58,,,,"     ",5.30,1257.60,1.16
1771,554719255,"01771M14:24:42.676","01771 14:12:37",243.72,849.57,,,,"     ",5.30,1263.92,1.16
1771,554719256,"01771M14:24:43.649","01771 14:12:38",243.64,849.55,,,,"     ",5.30,1252.59,1.15
1771,554719257,"01771M14:24:44.622","01771 14:12:39",243.54,849.51,,,,"     ",5.30,1271.42,1.17
1771,554719258,"01771M14:24:45.595","01771 14:12:40",243.44,849.51,,,,"     ",5.30,1251.08,1.15
1771,554719259,"01771M14:24:46.569","01771 14:12:41",243.32,849.48,,,,"     ",5.30,1240.53,1.14
1771,554719260,"01771M14:24:47.542","01771 14:12:42",243.20,849.52,,,,"     ",5.30,1254.40,1.15
1771,554719261,"01771M14:24:48.515","01771 14:12:43",243.06,849.61,,,,"     ",5.30,1264.19,1.16
1771,554719262,"01771M14:24:49.488","01771 14:12:44",242.94,849.53,,,,"     ",5.30,1256.06,1.15
1771,554719263,"01771M14:24:50.462","01771 14:12:45",242.82,849.58,,,,"     ",5.30,1243.13,1.14
1771,554719264,"01771M14:24:51.435","01771 14:12:46",242.71,849.55,,,,"     ",5.30,1247.82,1.14
1771,554719265,"01771M14:24:52.408","01771 14:12:47",242.64,849.54,,,,"     ",5.30,1254.17,1.15
1771,554719266,"01771M14:24:53.381","01771 14:12:48",242.60,849.55,,,,"     ",5.30,1262.55,1.16
1771,554719267,"01771M14:24:54.355","01771 14:12:49",242.60,849.54,,,,"     ",5.30,1268.00,1.16
1771,554719268,"01771M14:24:55.328","01771 14:12:50",242.62,849.55,,,,"     ",5.30,1262.03,1.16
1771,554719269,"01771M14:24:56.301","01771 14:12:51",242.69,849.47,,,,"     ",5.30,1260.54,1.15
1771,554719270,"01771M14:24:57.274","01771 14:12:52",242.78,849.49,,,,"     ",5.30,1259.50,1.15
1771,554719271,"01771M14:24:58.248","01771 14:12:53",242.89,849.46,,,,"     ",5.30,1254.26,1.15
1771,554719272,"01771M14:24:59.221","01771 14:12:54",243.03,849.46,,,,"     ",5.30,1255.05,1.15
1771,554719273,"01771M14:25:00.194","01771 14:12:55",243.17,849.42,,,,"     ",5.30,1264.09,1.16
1771,554719274,"01771M14:25:01.167","01771 14:12:56",243.33,849.53,,,,"     ",5.30,1264.89,1.16
1771,554719275,"01771M14:25:02.141","01771 14:12:57",243.48,849.44,,,,"     ",5.30,1251.65,1.14
1771,554719276,"01771M14:25:03.114","01771 14:12:58",243.63,849.42,,,,"     ",5.30,1273.75,1.16
1771,554719277,"01771M14:25:04.087","01771 14:12:59",243.76,849.41,,,,"     ",5.30,1268.42,1.16
1771,554719278,"01771M14:25:05.060","01771 14:13:00",243.87,849.44,,,,"     ",5.30,1276.75,1.17
1771,554719279,"01771M14:25:06.034","01771 14:13:01",243.97,849.45,,,,"     ",5.30,1280.08,1.17
1771,554719280,"01771M14:25:07.007","01771 14:13:02",244.04,849.43,,,,"     ",5.30,1252.01,1.14
1771,554719281,"01771M14:25:07.980","01771 14:13:03",244.10,849.47,,,,"     ",5.30,1266.73,1.16
1771,554719282,"01771M14:25:08.953","01771 14:13:04",244.16,849.42,,,,"     ",5.30,1269.08,1.16
1771,554719283,"01771M14:25:09.927","01771 14:13:05",244.22,849.37,,,,"     ",5.30,1268.33,1.16
1771,554719284,"01771M14:25:10.900","01771 14:13:06",244.29,849.41,,,,"     ",5.30,1256.79,1.14
1771,554719285,"01771M14:25:11.873","01771 14:13:07",244.36,849.37,,,,"     ",5.30,1270.93,1.16
1771,554719286,"01771M14:25:12.846","01771 14:13:08",244.45,849.41,,,,"     ",5.30,1244.91,1.13
1771,554719287,"01771M14:25:13.820","01771 14:13:09",244.55,849.37,,,,"     ",5.30,1279.38,1.16
1771,554719288,"01771M14:25:14.793","01771 14:13:09",244.65,849.49,,,,"     ",5.30,1258.01,1.14
1771,554719289,"01771M14:25:15.766","01771 14:13:10",244.76,849.43,,,,"     ",5.30,1266.26,1.15
1771,554719290,"01771M14:25:16.739","01771 14:13:11",244.86,849.47,,,,"     ",5.30,1263.83,1.15
1771,554719291,"01771M14:25:17.713","01771 14:13:12",244.96,849.44,,,,"     ",5.30,1265.55,1.15
1771,554719292,"01771M14:25:18.686","01771 14:13:13",245.06,849.43,,,,"     ",5.30,1266.40,1.15
1771,554719293,"01771M14:25:19.659","01771 14:13:14",245.17,849.38,,,,"     ",5.30,1269.56,1.15
1771,554719294,"01771M14:25:20.632","01771 14:13:15",245.26,849.37,,,,"     ",5.30,1276.31,1.16
1771,554719295,"01771M14:25:21.606","01771 14:13:16",245.36,849.33,,,,"     ",5.30,1258.26,1.14
1771,554719296,"01771M14:25:22.579","01771 14:13:17",245.45,849.34,,,,"     ",5.30,1259.37,1.14
1771,554719297,"01771M14:25:23.552","01771 14:13:18",245.54,849.30,,,,"     ",5.30,1265.84,1.15
1771,554719298,"01771M14:25:24.525","01771 14:13:19",245.61,849.32,,,,"     ",5.30,1284.80,1.16
1771,554719299,"01771M14:25:25.499","01771 14:13:20",245.68,849.32,,,,"     ",5.30,1269.84,1.15
1771,554719300,"01771M14:25:26.472","01771 14:13:21",245.72,849.25,,,,"     ",5.30,1288.95,1.17
1771,554719301,"01771M14:25:27.445","01771 14:13:22",245.76,849.26,,,,"     ",5.30,1264.77,1.14
1771,554719302,"01771M14:25:28.418","01771 14:13:23",245.77,849.28,,,,"     ",5.30,1271.01,1.15
1771,554719303,"01771M14:25:29.392","01771 14:13:24",245.76,849.31,,,,"     ",5.30,1252.60,1.13
1771,554719304,"01771M14:25:30.365","01771 14:13:25",245.74,849.37,,,,"     ",5.30,1267.29,1.14
1771,554719305,"01771M14:25:31.338","01771 14:13:26",245.72,849.39,,,,"     ",5.30,1277.68,1.15
1771,554719306,"01771M14:25:32.311","01771 14:13:27",245.68,849.41,,,,"     ",5.30,1263.24,1.14
1771,554719307,"01771M14:25:33.285","01771 14:13:28",245.64,849.43,,,,"     ",5.30,1253.75,1.13
1771,554719308,"01771M14:25:34.258","01771 14:13:29",245.60,849.41,,,,"     ",5.30,1269.74,1.14
1771,554719309,"01771M14:25:35.231","01771 14:13:30",245.57,849.42,,,,"     ",5.30,1280.33,1.15
1771,554719310,"01771M14:25:36.204","01771 14:13:31",245.54,849.33,,,,"     ",5.30,1282.87,1.16
1771,554719311,"01771M14:25:37.178","01771 14:13:32",245.50,849.27,,,,"     ",5.30,1283.43,1.16
1771,554719312,"01771M14:25:38.151","01771 14:13:33",245.47,849.26,,,,"     ",5.30,1267.11,1.14
1771,554719313,"01771M14:25:39.124","01771 14:13:34",245.43,849.27,,,,"     ",5.30,1263.73,1.14
1771,554719314,"01771M14:25:40.097","01771 14:13:35",245.40,849.32,,,,"     ",5.30,1277.01,1.15
1771,554719315,"01771M14:25:41.071","01771 14:13:36",245.38,849.30,,,,"     ",5.30,1275.69,1.15
1771,554719316,"01771M14:25:42.044","01771 14:13:37",245.35,849.32,,,,"     ",5.30,1268.42,1.14
1771,554719317,"01771M14:25:43.017","01771 14:13:38",245.32,849.45,,,,"     ",5.30,1278.86,1.15
1771,554719318,"01771M14:25:43.990","01771 14:13:39",245.29,849.37,,,,"     ",5.30,1285.60,1.15
1771,554719319,"01771M14:25:44.964","01771 14:13:40",245.26,849.37,,,,"     ",5.30,1291.40,1.16
1771,554719320,"01771M14:25:45.937","01771 14:13:41",245.24,849.40,,,,"     ",5.30,1297.00,1.16
1771,554719321,"01771M14:25:46.910","01771 14:13:42",245.54,849.29,,,,"     ",5.30,1280.75,1.15
1771,554719322,"01771M14:25:47.884","01771 14:13:43",245.55,849.27,,,,"     ",5.30,1273.39,1.14
1771,554719323,"01771M14:25:48.857","01771 14:13:44",245.56,849.21,,,,"     ",5.30,1280.07,1.15
1771,554719324,"01771M14:25:49.830","01771 14:13:45",245.58,849.27,,,,"     ",5.30,1266.99,1.13
1771,554719325,"01771M14:25:50.803","01771 14:13:46",245.59,849.28,,,,"     ",5.30,1275.78,1.14
1771,554719326,"01771M14:25:51.777","01771 14:13:46",245.61,849.32,,,,"     ",5.30,1291.70,1.16
1771,554719327,"01771M14:25:52.750","01771 14:13:47",245.63,849.22,,,,"     ",5.30,1279.33,1.14
1771,554719328,"01771M14:25:53.723","01771 14:13:48",245.65,849.21,,,,"     ",5.30,1288.70,1.15
1771,554719329,"01771M14:25:54.696","01771 14:13:49",245.67,849.26,,,,"     ",5.30,1292.69,1.16
1771,554719330,"01771M14:25:55.670","01771 14:13:50",245.69,849.33,,,,"     ",5.30,1292.35,1.16
1771,554719331,"01771M14:25:56.643","01771 14:13:51",245.72,849.33,,,,"     ",5.30,1278.88,1.14
1771,554719332,"01771M14:25:57.616","01771 14:13:52",245.75,849.34,,,,"     ",5.30,1290.86,1.15
1771,554719333,"01771M14:25:58.589","01771 14:13:53",245.77,849.32,,,,"     ",5.30,1275.34,1.14
1771,554719334,"01771M14:25:59.563","01771 14:13:54",245.80,849.24,,,,"     ",5.30,1276.54,1.14
1771,554719335,"01771M14:26:00.536","01771 14:13:55",245.82,849.30,,,,"     ",5.30,1275.33,1.14
1771,554719336,"01771M14:26:01.509","01771 14:13:56",245.87,849.23,,,,"     ",5.30,1288.14,1.15
1771,554719337,"01771M14:26:02.482","01771 14:13:57",245.91,849.23,,,,"     ",5.30,1270.42,1.13
1771,554719338,"01771M14:26:03.456","01771 14:13:58",245.97,849.16,,,,"     ",5.30,1269.00,1.13
1771,554719339,"01771M14:26:04.429","01771 14:13:59",246.02,849.27,,,,"     ",5.30,1276.28,1.14
1771,554719340,"01771M14:26:05.402","01771 14:14:00",246.08,849.19,,,,"     ",5.30,1290.42,1.15
1771,554719341,"01771M14:26:06.375","01771 14:14:01",246.13,849.20,,,,"     ",5.30,1273.47,1.13
1771,554719342,"01771M14:26:07.349","01771 14:14:02",246.18,849.29,,,,"     ",5.30,1289.45,1.15
1771,554719343,"01771M14:26:08.322","01771 14:14:03",246.24,849.19,,,,"     ",5.30,1268.72,1.13
1771,554719344,"01771M14:26:09.295","01771 14:14:04",246.29,849.31,,,,"     ",5.30,1282.66,1.14
1771,554719345,"01771M14:26:10.268","01771 14:14:05",246.34,849.23,,,,"     ",5.30,1290.06,1.15
1771,554719346,"01771M14:26:11.242","01771 14:14:06",246.38,849.27,,,,"     ",5.30,1291.07,1.15
1771,554719347,"01771M14:26:12.215","01771 14:14:07",246.43,849.20,,,,"     ",5.30,1270.25,1.13
1771,554719348,"01771M14:26:13.188","01771 14:14:08",246.47,849.28,,,,"     ",5.30,1281.48,1.14
1771,554719349,"01771M14:26:14.161","01771 14:14:09",246.50,849.17,,,,"     ",5.30,1302.02,1.16
1771,554719350,"01771M14:26:15.135","01771 14:14:10",246.52,849.18,,,,"     ",5.30,1283.83,1.14
1771,554719351,"01771M14:26:16.108","01771 14:14:11",246.53,849.21,,,,"     ",5.30,1288.86,1.14
1771,554719352,"01771M14:26:17.081","01771 14:14:12",246.54,849.19,,,,"     ",5.30,1293.05,1.15
1771,554719353,"01771M14:26:18.054","01771 14:14:13",246.54,849.23,,,,"     ",5.30,1285.95,1.14
1771,554719354,"01771M14:26:19.028","01771 14:14:14",246.54,849.17,,,,"     ",5.30,1275.54,1.13
1771,554719355,"01771M14:26:20.001","01771 14:14:15",246.55,849.12,,,,"     ",5.30,1282.36,1.14
1771,554719356,"01771M14:26:20.974","01771 14:14:16",246.56,849.16,,,,"     ",5.30,1291.82,1.14
1771,554719357,"01771M14:26:21.947","01771 14:14:17",246.57,849.15,,,,"     ",5.30,1296.82,1.15
1771,554719358,"01771M14:26:22.921","01771 14:14:18",246.57,849.18,,,,"     ",5.30,1271.80,1.13
1771,554719359,"01771M14:26:23.894","01771 14:14:19",246.57,849.16,,,,"     ",5.30,1292.99,1.14
1771,554719360,"01771M14:26:24.867","01771 14:14:20",246.57,849.19,,,,"     ",5.30,1304.39,1.15
1771,554719361,"01771M14:26:25.840","01771 14:14:21",246.58,849.17,,,,"     ",5.30,1302.11,1.15
1771,554719362,"01771M14:26:26.814","01771 14:14:22",246.58,849.14,,,,"     ",5.30,1299.56,1.15
1771,554719363,"01771M14:26:27.787","01771 14:14:22",246.58,849.17,,,,"     ",5.30,1305.15,1.15
1771,554719364,"01771M14:26:28.760","01771 14:14:23",246.59,849.22,,,,"     ",5.30,1304.98,1.15
1771,554719365,"01771M14:26:29.733","01771 14:14:24",246.59,849.17,,,,"     ",5.30,1284.18,1.14
1771,554719366,"01771M14:26:30.707","01771 14:14:25",246.60,849.15,,,,"     ",5.30,1291.46,1.14
1771,554719367,"01771M14:26:31.680","01771 14:14:26",246.60,849.23,,,,"     ",5.30,1285.17,1.14
1771,554719368,"01771M14:26:32.653","01771 14:14:27",246.62,849.21,,,,"     ",5.30,1289.97,1.14
1771,554719369,"01771M14:26:33.626","01771 14:14:28",246.63,849.16,,,,"     ",5.30,1282.23,1.13
1771,554719370,"01771M14:26:34.600","01771 14:14:29",246.65,849.10,,,,"     ",5.30,1312.55,1.16
1771,554719371,"01771M14:26:35.573","01771 14:14:30",246.68,849.10,,,,"     ",5.30,1285.34,1.13
1771,554719372,"01771M14:26:36.546","01771 14:14:31",246.71,849.19,,,,"     ",5.30,1284.41,1.13
1771,554719373,"01771M14:26:37.519","01771 14:14:32",246.76,849.13,,,,"     ",5.30,1294.65,1.14
1771,554719374,"01771M14:26:38.493","01771 14:14:33",246.82,849.18,,,,"     ",5.30,1301.58,1.15
1771,554719375,"01771M14:26:39.466","01771 14:14:34",246.89,849.16,,,,"     ",5.30,1285.28,1.13
1771,554719376,"01771M14:26:40.439","01771 14:14:35",246.97,849.12,,,,"     ",5.30,1300.20,1.15
1771,554719377,"01771M14:26:41.412","01771 14:14:36",247.05,849.11,,,,"     ",5.30,1301.02,1.15
1771,554719378,"01771M14:26:42.386","01771 14:14:37",247.13,849.08,,,,"     ",5.30,1298.18,1.14
1771,554719379,"01771M14:26:43.359","01771 14:14:38",247.21,849.09,,,,"     ",5.30,1302.93,1.15
1771,554719380,"01771M14:26:44.332","01771 14:14:39",247.28,848.98,,,,"     ",5.30,1296.98,1.14
1771,554719381,"01771M14:26:45.305","01771 14:14:40",247.35,848.98,,,,"     ",5.30,1296.11,1.14
1771,554719382,"01771M14:26:46.279","01771 14:14:41",247.41,848.97,,,,"     ",5.30,1301.44,1.15
1771,554719383,"01771M14:26:47.252","01771 14:14:42",247.44,849.00,,,,"     ",5.30,1299.14,1.14
1771,554719384,"01771M14:26:48.225","01771 14:14:43",247.46,848.98,,,,"     ",5.30,1281.94,1.13
1771,554719385,"01771M14:26:49.198","01771 14:14:44",247.45,849.01,,,,"     ",5.30,1292.43,1.14
1771,554719386,"01771M14:26:50.172","01771 14:14:45",247.42,849.06,,,,"     ",5.30,1305.51,1.15
1771,554719387,"01771M14:26:51.145","01771 14:14:46",247.39,849.06,,,,"     ",5.30,1304.34,1.15
1771,554719388,"01771M14:26:52.118","01771 14:14:47",247.34,849.00,,,,"     ",5.30,1289.57,1.13
1771,554719389,"01771M14:26:53.091","01771 14:14:48",247.29,849.00,,,,"     ",5.30,1306.21,1.15
1771,554719390,"01771M14:26:54.065","01771 14:14:49",247.24,849.15,,,,"     ",5.30,1295.93,1.14
1771,554719391,"01771M14:26:55.038","01771 14:14:50",247.20,849.15,,,,"     ",5.30,1273.49,1.12
1771,554719392,"01771M14:26:56.011","01771 14:14:51",247.17,849.14,,,,"     ",5.30,1303.54,1.14
1771,554719393,"01771M14:26:56.984","01771 14:14:52",247.15,849.09,,,,"     ",5.30,1291.09,1.13
1771,554719394,"01771M14:26:57.958","01771 14:14:53",247.14,849.05,,,,"     ",5.30,1304.16,1.14
1771,554719395,"01771M14:26:58.931","01771 14:14:54",247.14,849.16,,,,"     ",5.30,1297.98,1.14
1771,554719396,"01771M14:26:59.904","01771 14:14:55",247.15,849.10,,,,"     ",5.30,1295.31,1.14
1771,554719397,"01771M14:27:00.878","01771 14:14:56",247.15,849.01,,,,"     ",5.30,1298.33,1.14
1771,554719398,"01771M14:27:01.851","01771 14:14:57",247.16,849.01,,,,"     ",5.30,1297.94,1.14
1771,554719399,"01771M14:27:02.824","01771 14:14:58",247.15,849.16,,,,"     ",5.30,1290.57,1.13
1771,554719400,"01771M14:27:03.797","01771 14:14:59",247.11,849.05,,,,"     ",5.30,1285.16,1.13
1771,554719401,"01771M14:27:04.771","01771 14:14:59",247.05,849.10,,,,"     ",5.30,1277.75,1.12
1771,554719402,"01771M14:27:05.744","01771 14:15:00",246.96,849.08,,,,"     ",5.30,1283.80,1.13
1771,554719403,"01771M14:27:06.717","01771 14:15:01",246.84,849.08,,,,"     ",5.30,1300.56,1.14
1771,554719404,"01771M14:27:07.690","01771 14:15:02",246.69,849.11,,,,"     ",5.30,1300.47,1.14
1771,554719405,"01771M14:27:08.664","01771 14:15:03",246.54,849.07,,,,"     ",5.30,1308.19,1.15
1771,554719406,"01771M14:27:09.637","01771 14:15:04",246.39,849.07,,,,"     ",5.30,1294.79,1.13
1771,554719407,"01771M14:27:10.610","01771 14:15:05",246.27,849.13,,,,"     ",5.30,1289.08,1.13
1771,554719408,"01771M14:27:11.583","01771 14:15:06",246.18,849.06,,,,"     ",5.30,1297.72,1.14
1771,554719409,"01771M14:27:12.557","01771 14:15:07",246.13,849.16,,,,"     ",5.30,1293.80,1.13
1771,554719410,"01771M14:27:13.530","01771 14:15:08",246.12,849.13,,,,"     ",5.30,1300.28,1.14
1771,554719411,"01771M14:27:14.503","01771 14:15:09",246.15,849.17,,,,"     ",5.30,1302.00,1.14
1771,554719412,"01771M14:27:15.476","01771 14:15:10",246.21,849.07,,,,"     ",5.30,1282.68,1.12
1771,554719413,"01771M14:27:16.450","01771 14:15:11",246.29,849.05,,,,"     ",5.30,1304.86,1.14
1771,554719414,"01771M14:27:17.423","01771 14:15:12",246.39,849.02,,,,"     ",5.30,1292.25,1.13
1771,554719415,"01771M14:27:18.396","01771 14:15:13",246.51,849.05,,,,"     ",5.30,1302.63,1.14
1771,554719416,"01771M14:27:19.369","01771 14:15:14",246.64,849.03,,,,"     ",5.30,1304.49,1.14
1771,554719417,"01771M14:27:20.343","01771 14:15:15",246.77,849.05,,,,"     ",5.30,1281.76,1.12
1771,554719418,"01771M14:27:21.316","01771 14:15:16",246.90,849.03,,,,"     ",5.30,1308.22,1.14
1771,554719419,"01771M14:27:22.289","01771 14:15:17",247.02,849.05,,,,"     ",5.30,1297.47,1.13
1771,554719420,"01771M14:27:23.262","01771 14:15:18",247.11,849.14,,,,"     ",5.30,1312.39,1.15
1771,554719421,"01771M14:27:24.236","01771 14:15:19",247.18,849.05,,,,"     ",5.30,1308.43,1.14
1771,554719422,"01771M14:27:25.209","01771 14:15:20",247.23,849.12,,,,"     ",5.30,1287.52,1.12
1771,554719423,"01771M14:27:26.182","01771 14:15:21",247.28,849.09,,,,"     ",5.30,1304.89,1.14
1771,554719424,"01771M14:27:27.155","01771 14:15:22",247.31,849.12,,,,"     ",5.30,1308.97,1.14
1771,554719425,"01771M14:27:28.129","01771 14:15:23",247.36,849.07,,,,"     ",5.30,1284.25,1.12
1771,554719426,"01771M14:27:29.102","01771 14:15:24",247.40,849.09,,,,"     ",5.30,1294.25,1.13
1771,554719427,"01771M14:27:30.075","01771 14:15:25",247.47,848.98,,,,"     ",5.30,1301.61,1.14
1771,554719428,"01771M14:27:31.048","01771 14:15:26",247.53,849.07,,,,"     ",5.30,1301.03,1.14
1771,554719429,"01771M14:27:32.022","01771 14:15:27",247.59,849.05,,,,"     ",5.30,1304.34,1.14
1771,554719430,"01771M14:27:32.995","01771 14:15:28",247.65,849.12,,,,"     ",5.30,1310.20,1.14
1771,554719431,"01771M14:27:33.968","01771 14:15:29",247.71,849.04,,,,"     ",5.30,1300.84,1.13
1771,554719432,"01771M14:27:34.941","01771 14:15:30",247.76,849.10,,,,"     ",5.30,1290.59,1.12
1771,554719433,"01771M14:27:35.915","01771 14:15:31",247.81,849.13,,,,"     ",5.30,1310.04,1.14
1771,554719434,"01771M14:27:36.888","01771 14:15:32",247.85,849.17,,,,"     ",5.30,1295.10,1.13
1771,554719435,"01771M14:27:37.861","01771 14:15:33",247.89,849.07,,,,"     ",5.30,1289.81,1.12
1771,554719436,"01771M14:27:38.834","01771 14:15:34",247.92,849.06,,,,"     ",5.30,1308.62,1.14
1771,554719437,"01771M14:27:39.808","01771 14:15:35",247.94,849.14,,,,"     ",5.30,1295.29,1.13
1771,554719438,"01771M14:27:40.781","01771 14:15:36",247.96,849.12,,,,"     ",5.30,1305.61,1.14
1771,554719439,"01771M14:27:41.754","01771 14:15:36",247.98,849.07,,,,"     ",5.30,1310.00,1.14
1771,554719440,"01771M14:27:42.727","01771 14:15:37",247.99,849.00,,,,"     ",5.30,1317.94,1.15
1771,554719441,"01771M14:27:43.701","01771 14:15:38",248.00,849.11,,,,"     ",5.30,1312.58,1.14
1771,554719442,"01771M14:27:44.674","01771 14:15:39",248.01,849.12,,,,"     ",5.30,1302.62,1.13
1771,554719443,"01771M14:27:45.647","01771 14:15:40",248.01,849.11,,,,"     ",5.30,1309.38,1.14
1771,554719444,"01771M14:27:46.620","01771 14:15:41",248.01,849.07,,,,"     ",5.30,1298.30,1.13
1771,554719445,"01771M14:27:47.594","01771 14:15:42",248.02,848.96,,,,"     ",5.30,1299.40,1.13
1771,554719446,"01771M14:27:48.567","01771 14:15:43",248.03,849.00,,,,"     ",5.30,1297.94,1.13
1771,554719447,"01771M14:27:49.540","01771 14:15:44",248.05,848.97,,,,"     ",5.30,1315.70,1.14
1771,554719448,"01771M14:27:50.513","01771 14:15:45",248.06,849.05,,,,"     ",5.30,1311.81,1.14
1771,554719449,"01771M14:27:51.487","01771 14:15:46",248.08,848.99,,,,"     ",5.30,1308.07,1.13
1771,554719450,"01771M14:27:52.460","01771 14:15:47",248.09,849.12,,,,"     ",5.30,1312.19,1.14
1771,554719451,"01771M14:27:53.433","01771 14:15:48",248.11,849.10,,,,"     ",5.30,1318.38,1.14
1771,554719452,"01771M14:27:54.406","01771 14:15:49",248.13,849.09,,,,"     ",5.30,1317.68,1.14
1771,554719453,"01771M14:27:55.380","01771 14:15:50",248.16,849.06,,,,"     ",5.30,1302.48,1.13
1771,554719454,"01771M14:27:56.353","01771 14:15:51",248.18,849.03,,,,"     ",5.30,1316.92,1.14
1771,554719455,"01771M14:27:57.326","01771 14:15:52",248.22,849.08,,,,"     ",5.30,1314.45,1.14
1771,554719456,"01771M14:27:58.299","01771 14:15:53",248.25,849.05,,,,"     ",5.30,1292.34,1.12
1771,554719457,"01771M14:27:59.273","01771 14:15:54",248.26,848.98,,,,"     ",5.30,1311.35,1.13
1771,554719458,"01771M14:28:00.246","01771 14:15:55",248.26,849.02,,,,"     ",5.30,1302.97,1.13
1771,554719459,"01771M14:28:01.219","01771 14:15:56",248.24,849.06,,,,"     ",5.30,1312.68,1.14
1771,554719460,"01771M14:28:02.192","01771 14:15:57",248.18,849.17,,,,"     ",5.30,1315.60,1.14
1771,554719461,"01771M14:28:03.166","01771 14:15:58",248.11,849.11,,,,"     ",5.30,1322.38,1.14
1771,554719462,"01771M14:28:04.139","01771 14:15:59",248.02,849.10,,,,"     ",5.30,1307.02,1.13
1771,554719463,"01771M14:28:05.112","01771 14:16:00",247.92,849.08,,,,"     ",5.30,1322.11,1.14
1771,554719464,"01771M14:28:06.085","01771 14:16:01",247.82,849.04,,,,"     ",5.30,1328.14,1.15
1771,554719465,"01771M14:28:07.059","01771 14:16:02",247.72,849.08,,,,"     ",5.30,1302.38,1.12
1771,554719466,"01771M14:28:08.032","01771 14:16:03",247.63,849.04,,,,"     ",5.30,1322.02,1.14
1771,554719467,"01771M14:28:09.005","01771 14:16:04",247.54,848.99,,,,"     ",5.30,1313.12,1.13
1771,554719468,"01771M14:28:09.979","01771 14:16:05",247.46,849.04,,,,"     ",5.30,1330.16,1.15
1771,554719469,"01771M14:28:10.952","01771 14:16:06",247.37,849.01,,,,"     ",5.30,1322.04,1.14
1771,554719470,"01771M14:28:11.925","01771 14:16:07",247.29,848.97,,,,"     ",5.30,1314.62,1.13
1771,554719471,"01771M14:28:12.898","01771 14:16:08",247.21,849.02,,,,"     ",5.30,1323.83,1.14
1771,554719472,"01771M14:28:13.872","01771 14:16:09",247.13,849.00,,,,"     ",5.30,1314.62,1.13
1771,554719473,"01771M14:28:14.845","01771 14:16:10",247.05,848.99,,,,"     ",5.30,1315.68,1.13
1771,554719474,"01771M14:28:15.818","01771 14:16:11",246.97,849.06,,,,"     ",5.30,1320.29,1.14
1771,554719475,"01771M14:28:16.791","01771 14:16:12",246.87,848.98,,,,"     ",5.30,1303.21,1.12
1771,554719476,"01771M14:28:17.765","01771 14:16:13",246.77,849.03,,,,"     ",5.30,1317.30,1.13
1771,554719477,"01771M14:28:18.738","01771 14:16:13",246.65,849.02,,,,"     ",5.30,1310.50,1.13
1771,554719478,"01771M14:28:19.711","01771 14:16:14",246.51,848.99,,,,"     ",5.30,1295.86,1.11
1771,554719479,"01771M14:28:20.684","01771 14:16:15",246.37,849.02,,,,"     ",5.30,1322.02,1.14
1771,554719480,"01771M14:28:21.658","01771 14:16:16",246.22,849.03,,,,"     ",5.30,1316.39,1.13
1771,554719481,"01771M14:28:22.631","01771 14:16:17",246.07,849.04,,,,"     ",5.30,1321.71,1.14
1771,554719482,"01771M14:28:23.604","01771 14:16:18",245.93,848.99,,,,"     ",5.30,1303.95,1.12
1771,554719483,"01771M14:28:24.577","01771 14:16:19",245.80,848.98,,,,"     ",5.30,1303.62,1.12
1771,554719484,"01771M14:28:25.551","01771 14:16:20",245.68,848.96,,,,"     ",5.30,1316.48,1.13
1771,554719485,"01771M14:28:26.524","01771 14:16:21",245.55,848.98,,,,"     ",5.30,1316.06,1.13
1771,554719486,"01771M14:28:27.497","01771 14:16:22",245.42,848.96,,,,"     ",5.30,1309.38,1.12
1771,554719487,"01771M14:28:28.470","01771 14:16:23",245.28,848.96,,,,"     ",5.30,1307.92,1.12
1771,554719488,"01771M14:28:29.444","01771 14:16:24",245.15,848.99,,,,"     ",5.30,1294.29,1.11
1771,554719489,"01771M14:28:30.417","01771 14:16:25",245.01,848.96,,,,"     ",5.30,1312.17,1.13
1771,554719490,"01771M14:28:31.390","01771 14:16:26",244.88,848.97,,,,"     ",5.30,1318.23,1.13
1771,554719491,"01771M14:28:32.363","01771 14:16:27",244.78,848.93,,,,"     ",5.30,1314.58,1.13
1771,554719492,"01771M14:28:33.337","01771 14:16:28",244.70,848.93,,,,"     ",5.30,1303.59,1.12
1771,554719493,"01771M14:28:34.310","01771 14:16:29",244.64,848.92,,,,"     ",5.30,1313.11,1.13
1771,554719494,"01771M14:28:35.283","01771 14:16:30",244.60,848.96,,,,"     ",5.30,1313.51,1.13
1771,554719495,"01771M14:28:36.256","01771 14:16:31",244.57,849.02,,,,"     ",5.30,1321.11,1.13
1771,554719496,"01771M14:28:37.230","01771 14:16:32",244.54,848.99,,,,"     ",5.30,1315.24,1.13
1771,554719497,"01771M14:28:38.203","01771 14:16:33",244.51,849.01,,,,"     ",5.30,1303.96,1.12
1771,554719498,"01771M14:28:39.176","01771 14:16:34",244.47,849.04,,,,"     ",5.30,1313.85,1.13
1771,554719499,"01771M14:28:40.149","01771 14:16:35",244.44,848.98,,,,"     ",5.30,1305.22,1.12
1771,554719500,"01771M14:28:41.123","01771 14:16:36",244.39,848.99,,,,"     ",5.30,1316.23,1.13
1771,554719501,"01771M14:28:42.096","01771 14:16:37",244.33,849.05,,,,"     ",5.30,1307.95,1.12
1771,554719502,"01771M14:28:43.069","01771 14:16:38",244.27,849.00,,,,"     ",5.30,1323.19,1.13
1771,554719503,"01771M14:28:44.042","01771 14:16:39",244.20,848.96,,,,"     ",5.30,1328.93,1.14
1771,554719504,"01771M14:28:45.016","01771 14:16:40",244.12,848.93,,,,"     ",5.30,1319.69,1.13
1771,554719505,"01771M14:28:45.989","01771 14:16:41",244.04,848.95,,,,"     ",5.30,1296.85,1.11
1771,554719506,"01771M14:28:46.962","01771 14:16:42",243.96,848.85,,,,"     ",5.30,1308.26,1.12
1771,554719507,"01771M14:28:47.935","01771 14:16:43",243.90,848.84,,,,"     ",5.30,1318.05,1.13
1771,554719508,"01771M14:28:48.909","01771 14:16:44",243.85,848.83,,,,"     ",5.30,1312.92,1.13
1771,554719509,"01771M14:28:49.882","01771 14:16:45",243.81,848.88,,,,"     ",5.30,1327.86,1.14
1771,554719510,"01771M14:28:50.855","01771 14:16:46",243.78,848.97,,,,"     ",5.30,1320.28,1.13
1771,554719511,"01771M14:28:51.828","01771 14:16:47",243.76,848.90,,,,"     ",5.30,1308.08,1.12
1771,554719512,"01771M14:28:52.802","01771 14:16:48",243.75,848.83,,,,"     ",5.30,1300.98,1.11
1771,554719513,"01771M14:28:53.775","01771 14:16:49",243.74,848.86,,,,"     ",5.30,1322.18,1.13
1771,554719514,"01771M14:28:54.748","01771 14:16:49",243.73,848.85,,,,"     ",5.30,1309.65,1.12
1771,554719515,"01771M14:28:55.721","01771 14:16:50",243.72,848.88,,,,"     ",5.30,1303.28,1.12
1771,554719516,"01771M14:28:56.695","01771 14:16:51",243.71,848.92,,,,"     ",5.30,1316.35,1.13
1771,554719517,"01771M14:28:57.668","01771 14:16:52",243.70,848.91,,,,"     ",5.30,1314.51,1.13
1771,554719518,"01771M14:28:58.641","01771 14:16:53",243.66,848.90,,,,"     ",5.30,1309.51,1.12
1771,554719519,"01771M14:28:59.614","01771 14:16:54",243.61,848.99,,,,"     ",5.30,1327.61,1.14
1771,554719520,"01771M14:29:00.588","01771 14:16:55",243.56,849.00,,,,"     ",5.30,1325.06,1.14
1771,554719521,"01771M14:29:01.561","01771 14:16:56",243.49,848.96,,,,"     ",5.30,1303.75,1.12
1771,554719522,"01771M14:29:02.534","01771 14:16:57",243.43,849.08,,,,"     ",5.30,1300.13,1.11
1771,554719523,"01771M14:29:03.507","01771 14:16:58",243.36,848.90,,,,"     ",5.30,1318.89,1.13
1771,554719524,"01771M14:29:04.481","01771 14:16:59",243.30,848.97,,,,"     ",5.30,1309.07,1.12
1771,554719525,"01771M14:29:05.454","01771 14:17:00",243.23,848.94,,,,"     ",5.30,1315.76,1.13
1771,554719526,"01771M14:29:06.427","01771 14:17:01",243.16,848.83,,,,"     ",5.30,1310.96,1.12
1771,554719527,"01771M14:29:07.400","01771 14:17:02",243.09,848.81,,,,"     ",5.30,1303.40,1.12
1771,554719528,"01771M14:29:08.374","01771 14:17:03",243.01,848.73,,,,"     ",5.30,1306.22,1.12
1771,554719529,"01771M14:29:09.347","01771 14:17:04",242.93,848.83,,,,"     ",5.30,1306.91,1.12
1771,554719530,"01771M14:29:10.320","01771 14:17:05",242.85,848.79,,,,"     ",5.30,1310.29,1.12
1771,554719531,"01771M14:29:11.293","01771 14:17:06",242.77,848.78,,,,"     ",5.30,1304.83,1.12
1771,554719532,"01771M14:29:12.267","01771 14:17:07",242.70,848.79,,,,"     ",5.30,1314.52,1.13
1771,554719533,"01771M14:29:13.240","01771 14:17:08",242.65,848.78,,,,"     ",5.30,1317.00,1.13
1771,554719534,"01771M14:29:14.213","01771 14:17:09",242.61,848.70,,,,"     ",5.30,1312.52,1.12
1771,554719535,"01771M14:29:15.186","01771 14:17:10",242.57,848.78,,,,"     ",5.30,1327.70,1.14
1771,554719536,"01771M14:29:16.160","01771 14:17:11",242.53,848.76,,,,"     ",5.30,1314.58,1.13
1771,554719537,"01771M14:29:17.133","01771 14:17:12",242.48,848.75,,,,"     ",5.30,1311.95,1.13
1771,554719538,"01771M14:29:18.106","01771 14:17:13",242.44,848.75,,,,"     ",5.30,1306.02,1.12
1771,554719539,"01771M14:29:19.080","01771 14:17:14",242.39,848.75,,,,"     ",5.30,1305.17,1.12
1771,554719540,"01771M14:29:20.053","01771 14:17:15",242.35,848.73,,,,"     ",5.30,1300.23,1.12
1771,554719541,"01771M14:29:21.026","01771 14:17:16",242.31,848.79,,,,"     ",5.30,1297.03,1.11
1771,554719542,"01771M14:29:21.999","01771 14:17:17",242.29,848.73,,,,"     ",5.30,1314.98,1.13
1771,554719543,"01771M14:29:22.973","01771 14:17:18",242.28,848.68,,,,"     ",5.30,1321.56,1.14
1771,554719544,"01771M14:29:23.946","01771 14:17:19",242.28,848.71,,,,"     ",5.30,1319.11,1.13
1771,554719545,"01771M14:29:24.919","01771 14:17:20",242.28,848.70,,,,"     ",5.30,1308.20,1.13
1771,554719546,"01771M14:29:25.892","01771 14:17:21",242.29,848.65,,,,"     ",5.30,1304.97,1.12
1771,554719547,"01771M14:29:26.866","01771 14:17:22",242.30,848.66,,,,"     ",5.30,1307.31,1.13
1771,554719548,"01771M14:29:27.839","01771 14:17:23",242.32,848.71,,,,"     ",5.30,1306.49,1.13
1771,554719549,"01771M14:29:28.812","01771 14:17:24",242.32,848.73,,,,"     ",5.30,1315.44,1.13
1771,554719550,"01771M14:29:29.785","01771 14:17:25",242.32,848.68,,,,"     ",5.30,1312.99,1.13
1771,554719551,"01771M14:29:30.759","01771 14:17:26",242.31,848.68,,,,"     ",5.30,1297.42,1.12
1771,554719552,"01771M14:29:31.732","01771 14:17:26",242.29,848.69,,,,"     ",5.30,1303.49,1.12
1771,554719553,"01771M14:29:32.705","01771 14:17:27",242.25,848.65,,,,"     ",5.30,1313.72,1.13
1771,554719554,"01771M14:29:33.678","01771 14:17:28",242.20,848.62,,,,"     ",5.30,1297.86,1.12
1771,554719555,"01771M14:29:34.652","01771 14:17:29",242.14,848.59,,,,"     ",5.30,1325.25,1.15
1771,554719556,"01771M14:29:35.625","01771 14:17:30",242.07,848.65,,,,"     ",5.30,1304.01,1.13
1771,554719557,"01771M14:29:36.598","01771 14:17:31",242.00,848.65,,,,"     ",5.30,1295.31,1.12
1771,554719558,"01771M14:29:37.571","01771 14:17:32",241.95,848.57,,,,"     ",5.30,1313.71,1.14
1771,554719559,"01771M14:29:38.545","01771 14:17:33",241.91,848.54,,,,"     ",5.30,1308.27,1.13
1771,554719560,"01771M14:29:39.518","01771 14:17:34",241.91,848.56,,,,"     ",5.30,1292.57,1.12
1771,554719561,"01771M14:29:40.491","01771 14:17:35",241.94,848.51,,,,"     ",5.30,1299.85,1.13
1771,554719562,"01771M14:29:41.464","01771 14:17:36",242.00,848.47,,,,"     ",5.30,1309.91,1.14
1771,554719563,"01771M14:29:42.438","01771 14:17:37",242.10,848.41,,,,"     ",5.30,1308.65,1.14
1771,554719564,"01771M14:29:43.411","01771 14:17:38",242.21,848.45,,,,"     ",5.30,1308.40,1.14
1771,554719565,"01771M14:29:44.384","01771 14:17:39",242.33,848.41,,,,"     ",5.30,1301.88,1.13
1771,554719566,"01771M14:29:45.357","01771 14:17:40",242.43,848.42,,,,"     ",5.30,1307.39,1.14
1771,554719567,"01771M14:29:46.331","01771 14:17:41",242.52,848.42,,,,"     ",5.30,1302.37,1.13
1771,554719568,"01771M14:29:47.304","01771 14:17:42",242.59,848.59,,,,"     ",5.30,1291.56,1.12
1771,554719569,"01771M14:29:48.277","01771 14:17:43",242.64,848.48,,,,"     ",5.30,1296.45,1.13
1771,554719570,"01771M14:29:49.250","01771 14:17:44",242.65,848.53,,,,"     ",5.30,1300.48,1.13
1771,554719571,"01771M14:29:50.224","01771 14:17:45",242.64,848.46,,,,"     ",5.30,1277.40,1.11
1771,554719572,"01771M14:29:51.197","01771 14:17:46",242.59,848.39,,,,"     ",5.30,1294.14,1.13
1771,554719573,"01771M14:29:52.170","01771 14:17:47",242.53,848.41,,,,"     ",5.30,1289.90,1.12
1771,554719574,"01771M14:29:53.143","01771 14:17:48",242.45,848.43,,,,"     ",5.30,1319.94,1.15
1771,554719575,"01771M14:29:54.117","01771 14:17:49",242.37,848.46,,,,"     ",5.30,1307.14,1.14
1771,554719576,"01771M14:29:55.090","01771 14:17:50",242.31,848.46,,,,"     ",5.30,1287.44,1.12
1771,554719577,"01771M14:29:56.063","01771 14:17:51",242.27,848.36,,,,"     ",5.30,1302.24,1.14
1771,554719578,"01771M14:29:57.036","01771 14:17:52",242.26,848.48,,,,"     ",5.30,1303.93,1.14
1771,554719579,"01771M14:29:58.010","01771 14:17:53",242.29,848.40,,,,"     ",5.30,1309.57,1.15
1771,554719580,"01771M14:29:58.983","01771 14:17:54",242.35,848.29,,,,"     ",5.30,1304.33,1.14
1771,554719581,"01771M14:29:59.956","01771 14:17:55",242.44,848.28,,,,"     ",5.30,1276.02,1.11
1771,554719582,"01771M14:30:00.929","01771 14:17:56",242.57,848.48,,,,"     ",5.30,1309.86,1.15
1771,554719583,"01771M14:30:01.903","01771 14:17:57",242.72,848.62,,,,"     ",5.30,1289.46,1.13
1771,554719584,"01771M14:30:02.876","01771 14:17:58",242.89,848.58,,,,"     ",5.30,1293.27,1.13
1771,554719585,"01771M14:30:03.849","01771 14:17:59",243.06,848.61,,,,"     ",5.30,1294.42,1.13
1771,554719586,"01771M14:30:04.822","01771 14:18:00",243.24,848.61,,,,"     ",5.30,1307.04,1.14
1771,554719587,"01771M14:30:05.796","01771 14:18:01",243.42,848.60,,,,"     ",5.30,1301.19,1.14
1771,554719588,"01771M14:30:06.769","01771 14:18:02",243.59,848.64,,,,"     ",5.30,1303.50,1.14
1771,554719589,"01771M14:30:07.742","01771 14:18:03",243.75,848.68,,,,"     ",5.30,1296.63,1.14
1771,554719590,"01771M14:30:08.715","01771 14:18:03",243.88,848.59,,,,"     ",5.30,1289.94,1.13
1771,554719591,"01771M14:30:09.689","01771 14:18:04",243.98,848.61,,,,"     ",5.30,1295.05,1.13
1771,554719592,"01771M14:30:10.662","01771 14:18:05",244.06,848.63,,,,"     ",5.30,1307.93,1.15
1771,554719593,"01771M14:30:11.635","01771 14:18:06",244.11,848.59,,,,"     ",5.30,1286.87,1.13
1771,554719594,"01771M14:30:12.608","01771 14:18:07",244.14,848.52,,,,"     ",5.30,1293.26,1.13
1771,554719595,"01771M14:30:13.582","01771 14:18:08",244.16,848.55,,,,"     ",5.30,1292.97,1.13
1771,554719596,"01771M14:30:14.555","01771 14:18:09",244.18,848.51,,,,"     ",5.30,1298.22,1.14
1771,554719597,"01771M14:30:15.528","01771 14:18:10",244.19,848.55,,,,"     ",5.30,1308.80,1.15
1771,554719598,"01771M14:30:16.501","01771 14:18:11",244.21,848.55,,,,"     ",5.30,1317.95,1.15
1771,554719599,"01771M14:30:17.475","01771 14:18:12",244.24,848.57,,,,"     ",5.30,1299.72,1.14
1771,554719600,"01771M14:30:18.448","01771 14:18:13",244.28,848.50,,,,"     ",5.30,1298.53,1.14
1771,554719601,"01771M14:30:19.421","01771 14:18:14",244.33,848.47,,,,"     ",5.30,1293.91,1.13
1771,554719602,"01771M14:30:20.394","01771 14:18:15",244.41,848.48,,,,"     ",5.30,1294.02,1.13
1771,554719603,"01771M14:30:21.368","01771 14:18:16",244.50,848.48,,,,"     ",5.30,1291.11,1.13
1771,554719604,"01771M14:30:22.341","01771 14:18:17",244.62,848.53,,,,"     ",5.30,1287.39,1.13
1771,554719605,"01771M14:30:23.314","01771 14:18:18",244.75,848.59,,,,"     ",5.30,1301.53,1.14
1771,554719606,"01771M14:30:24.287","01771 14:18:19",244.89,848.56,,,,"     ",5.30,1292.87,1.13
1771,554719607,"01771M14:30:25.261","01771 14:18:20",245.03,848.63,,,,"     ",5.30,1302.79,1.14
1771,554719608,"01771M14:30:26.234","01771 14:18:21",245.16,848.63,,,,"     ",5.30,1300.12,1.14
1771,554719609,"01771M14:30:27.207","01771 14:18:22",245.27,848.63,,,,"     ",5.30,1289.52,1.13
1771,554719610,"01771M14:30:28.181","01771 14:18:23",245.34,848.62,,,,"     ",5.30,1282.41,1.12
1771,554719611,"01771M14:30:29.154","01771 14:18:24",245.38,848.60,,,,"     ",5.30,1295.52,1.13
1771,554719612,"01771M14:30:30.127","01771 14:18:25",245.39,848.55,,,,"     ",5.30,1301.52,1.14
1771,554719613,"01771M14:30:31.100","01771 14:18:26",245.35,848.57,,,,"     ",5.30,1299.55,1.13
1771,554719614,"01771M14:30:32.074","01771 14:18:27",245.28,848.66,,,,"     ",5.30,1293.72,1.13
1771,554719615,"01771M14:30:33.047","01771 14:18:28",245.16,848.61,,,,"     ",5.30,1298.35,1.13
1771,554719616,"01771M14:30:34.020","01771 14:18:29",245.05,848.67,,,,"     ",5.30,1301.09,1.13
1771,554719617,"01771M14:30:34.993","01771 14:18:30",244.97,848.68,,,,"     ",5.30,1303.74,1.14
1771,554719618,"01771M14:30:35.967","01771 14:18:31",244.89,848.68,,,,"     ",5.30,1303.92,1.14
1771,554719619,"01771M14:30:36.940","01771 14:18:32",244.83,848.60,,,,"     ",5.30,1298.39,1.13
1771,554719620,"01771M14:30:37.913","01771 14:18:33",244.78,848.66,,,,"     ",5.30,1294.57,1.13
1771,554719621,"01771M14:30:38.886","01771 14:18:34",244.73,848.66,,,,"     ",5.30,1304.77,1.14
1771,554719622,"01771M14:30:39.860","01771 14:18:35",244.69,848.61,,,,"     ",5.30,1296.90,1.13
1771,554719623,"01771M14:30:40.833","01771 14:18:36",244.65,848.60,,,,"     ",5.30,1294.87,1.13
1771,554719624,"01771M14:30:41.806","01771 14:18:37",244.62,848.64,,,,"     ",5.30,1305.75,1.14
1771,554719625,"01771M14:30:42.779","01771 14:18:38",244.60,848.66,,,,"     ",5.30,1309.90,1.14
1771,554719626,"01771M14:30:43.753","01771 14:18:39",244.58,848.62,,,,"     ",5.30,1304.57,1.13
1771,554719627,"01771M14:30:44.726","01771 14:18:39",244.58,848.62,,,,"     ",5.30,1316.30,1.14
1771,554719628,"01771M14:30:45.699","01771 14:18:40",244.59,848.56,,,,"     ",5.30,1308.64,1.14
1771,554719629,"01771M14:30:46.672","01771 14:18:41",245.23,848.66,,,,"     ",5.30,1293.72,1.12
1771,554719630,"01771M14:30:47.646","01771 14:18:42",245.30,848.59,,,,"     ",5.30,1312.38,1.14
1771,554719631,"01771M14:30:48.619","01771 14:18:43",245.36,848.60,,,,"     ",5.30,1294.84,1.12
1771,554719632,"01771M14:30:49.592","01771 14:18:44",245.43,848.63,,,,"     ",5.30,1304.72,1.13
1771,554719633,"01771M14:30:50.565","01771 14:18:45",245.49,848.64,,,,"     ",5.30,1309.77,1.14
1771,554719634,"01771M14:30:51.539","01771 14:18:46",245.55,848.60,,,,"     ",5.30,1307.13,1.13
1771,554719635,"01771M14:30:52.512","01771 14:18:47",245.62,848.58,,,,"     ",5.30,1295.12,1.12
1771,554719636,"01771M14:30:53.485","01771 14:18:48",245.67,848.57,,,,"     ",5.30,1304.43,1.13
1771,554719637,"01771M14:30:54.458","01771 14:18:49",245.73,848.53,,,,"     ",5.30,1306.92,1.13
1771,554719638,"01771M14:30:55.432","01771 14:18:50",245.79,848.50,,,,"     ",5.30,1301.00,1.13
1771,554719639,"01771M14:30:56.405","01771 14:18:51",245.85,848.59,,,,"     ",5.30,1309.22,1.13
1771,554719640,"01771M14:30:57.378","01771 14:18:52",245.90,848.58,,,,"     ",5.30,1306.81,1.13
1771,554719641,"01771M14:30:58.351","01771 14:18:53",245.96,848.58,,,,"     ",5.30,1301.54,1.13
1771,554719642,"01771M14:30:59.325","01771 14:18:54",246.01,848.59,,,,"     ",5.30,1304.13,1.13
1771,554719643,"01771M14:31:00.298","01771 14:18:55",246.06,848.58,,,,"     ",5.30,1305.11,1.13
1771,554719644,"01771M14:31:01.271","01771 14:18:56",246.13,848.71,,,,"     ",5.30,1319.23,1.14
1771,554719645,"01771M14:31:02.244","01771 14:18:57",246.19,848.62,,,,"     ",5.30,1323.67,1.14
1771,554719646,"01771M14:31:03.218","01771 14:18:58",246.24,848.57,,,,"     ",5.30,1300.46,1.12
1771,554719647,"01771M14:31:04.191","01771 14:18:59",246.29,848.55,,,,"     ",5.30,1318.25,1.14
1771,554719648,"01771M14:31:05.164","01771 14:19:00",246.34,848.47,,,,"     ",5.30,1295.48,1.12
1771,554719649,"01771M14:31:06.137","01771 14:19:01",246.38,848.57,,,,"     ",5.30,1335.76,1.15
1771,554719650,"01771M14:31:07.111","01771 14:19:02",246.42,848.57,,,,"     ",5.30,1305.80,1.12
1771,554719651,"01771M14:31:08.084","01771 14:19:03",246.45,848.49,,,,"     ",5.30,1300.75,1.12
1771,554719652,"01771M14:31:09.057","01771 14:19:04",246.46,848.46,,,,"     ",5.30,1303.43,1.12
1771,554719653,"01771M14:31:10.030","01771 14:19:05",246.47,848.40,,,,"     ",5.30,1307.45,1.12
1771,554719654,"01771M14:31:11.004","01771 14:19:06",246.46,848.50,,,,"     ",5.30,1300.76,1.12
1771,554719655,"01771M14:31:11.977","01771 14:19:07",246.44,848.49,,,,"     ",5.30,1317.95,1.13
1771,554719656,"01771M14:31:12.950","01771 14:19:08",246.42,848.47,,,,"     ",5.30,1318.01,1.13
1771,554719657,"01771M14:31:13.923","01771 14:19:09",246.40,848.46,,,,"     ",5.30,1320.64,1.13
1771,554719658,"01771M14:31:14.897","01771 14:19:10",246.39,848.47,,,,"     ",5.30,1313.10,1.13
1771,554719659,"01771M14:31:15.870","01771 14:19:11",246.38,848.56,,,,"     ",5.30,1318.98,1.13
1771,554719660,"01771M14:31:16.843","01771 14:19:12",246.38,848.59,,,,"     ",5.30,1341.19,1.15
1771,554719661,"01771M14:31:17.816","01771 14:19:13",246.39,848.52,,,,"     ",5.30,1306.50,1.12
1771,554719662,"01771M14:31:18.790","01771 14:19:14",246.39,848.54,,,,"     ",5.30,1300.47,1.11
1771,554719663,"01771M14:31:19.763","01771 14:19:15",246.38,848.49,,,,"     ",5.30,1314.17,1.13
1771,554719664,"01771M14:31:20.736","01771 14:19:16",246.35,848.51,,,,"     ",5.30,1312.44,1.12
1771,554719665,"01771M14:31:21.709","01771 14:19:16",246.31,848.53,,,,"     ",5.30,1323.51,1.13
1771,554719666,"01771M14:31:22.683","01771 14:19:17",246.25,848.46,,,,"     ",5.30,1308.60,1.12
1771,554719667,"01771M14:31:23.656","01771 14:19:18",246.18,848.52,,,,"     ",5.30,1308.32,1.12
1771,554719668,"01771M14:31:24.629","01771 14:19:19",246.09,848.50,,,,"     ",5.30,1310.04,1.12
1771,554719669,"01771M14:31:25.602","01771 14:19:20",246.00,848.48,,,,"     ",5.30,1309.06,1.12
1771,554719670,"01771M14:31:26.576","01771 14:19:21",245.90,848.51,,,,"     ",5.30,1305.12,1.11
1771,554719671,"01771M14:31:27.549","01771 14:19:22",245.80,848.31,,,,"     ",5.30,1332.56,1.14
1771,554719672,"01771M14:31:28.522","01771 14:19:23",245.70,848.40,,,,"     ",5.30,1297.33,1.11
1771,554719673,"01771M14:31:29.495","01771 14:19:24",245.59,848.53,,,,"     ",5.30,1303.73,1.11
1771,554719674,"01771M14:31:30.469","01771 14:19:25",245.50,848.46,,,,"     ",5.30,1320.73,1.13
1771,554719675,"01771M14:31:31.442","01771 14:19:26",245.41,848.43,,,,"     ",5.30,1318.15,1.12
1771,554719676,"01771M14:31:32.415","01771 14:19:27",245.33,848.46,,,,"     ",5.30,1327.42,1.13
1771,554719677,"01771M14:31:33.388","01771 14:19:28",245.25,848.37,,,,"     ",5.30,1329.56,1.13
1771,554719678,"01771M14:31:34.362","01771 14:19:29",245.17,848.51,,,,"     ",5.30,1305.89,1.11
1771,554719679,"01771M14:31:35.335","01771 14:19:30",245.09,848.54,,,,"     ",5.30,1312.18,1.12
1771,554719680,"01771M14:31:36.308","01771 14:19:31",245.00,848.50,,,,"     ",5.30,1313.32,1.12
1771,554719681,"01771M14:31:37.282","01771 14:19:32",244.91,848.47,,,,"     ",5.30,1328.04,1.13
1771,554719682,"01771M14:31:38.255","01771 14:19:33",244.80,848.53,,,,"     ",5.30,1324.04,1.13
1771,554719683,"01771M14:31:39.228","01771 14:19:34",244.70,848.44,,,,"     ",5.30,1320.62,1.12
1771,554719684,"01771M14:31:40.201","01771 14:19:35",244.61,848.47,,,,"     ",5.30,1335.34,1.14
1771,554719685,"01771M14:31:41.175","01771 14:19:36",244.53,848.49,,,,"     ",5.30,1317.20,1.12
1771,554719686,"01771M14:31:42.148","01771 14:19:37",244.45,848.42,,,,"     ",5.30,1311.97,1.11
1771,554719687,"01771M14:31:43.121","01771 14:19:38",244.39,848.36,,,,"     ",5.30,1325.77,1.13
1771,554719688,"01771M14:31:44.094","01771 14:19:39",244.33,848.33,,,,"     ",5.30,1325.95,1.13
1771,554719689,"01771M14:31:45.068","01771 14:19:40",244.29,848.39,,,,"     ",5.30,1325.76,1.13
1771,554719690,"01771M14:31:46.041","01771 14:19:41",244.25,848.36,,,,"     ",5.30,1319.38,1.12
1771,554719691,"01771M14:31:47.014","01771 14:19:42",244.22,848.34,,,,"     ",5.30,1338.54,1.14
1771,554719692,"01771M14:31:47.987","01771 14:19:43",244.19,848.33,,,,"     ",5.30,1315.56,1.12
1771,554719693,"01771M14:31:48.961","01771 14:19:44",244.16,848.34,,,,"     ",5.30,1325.86,1.12
1771,554719694,"01771M14:31:49.934","01771 14:19:45",244.13,848.34,,,,"     ",5.30,1316.66,1.12
1771,554719695,"01771M14:31:50.907","01771 14:19:46",244.10,848.35,,,,"     ",5.30,1319.05,1.12
1771,554719696,"01771M14:31:51.880","01771 14:19:47",244.06,848.29,,,,"     ",5.30,1323.67,1.12
1771,554719697,"01771M14:31:52.854","01771 14:19:48",244.03,848.42,,,,"     ",5.30,1299.81,1.10
1771,554719698,"01771M14:31:53.827","01771 14:19:49",243.99,848.37,,,,"     ",5.30,1327.50,1.12
1771,554719699,"01771M14:31:54.800","01771 14:19:50",243.95,848.37,,,,"     ",5.30,1338.70,1.13
1771,554719700,"01771M14:31:55.773","01771 14:19:51",243.91,848.42,,,,"     ",5.30,1343.76,1.14
1771,554719701,"01771M14:31:56.747","01771 14:19:52",243.86,848.43,,,,"     ",5.30,1331.18,1.13
1771,554719702,"01771M14:31:57.720","01771 14:19:53",243.81,848.50,,,,"     ",5.30,1333.87,1.13
1771,554719703,"01771M14:31:58.693","01771 14:19:53",243.76,848.43,,,,"     ",5.30,1338.39,1.13
1771,554719704,"01771M14:31:59.666","01771 14:19:54",243.70,848.42,,,,"     ",5.30,1323.55,1.12
1771,554719705,"01771M14:32:00.640","01771 14:19:55",243.63,848.49,,,,"     ",5.30,1311.54,1.11
1771,554719706,"01771M14:32:01.613","01771 14:19:56",243.57,848.36,,,,"     ",5.30,1323.63,1.12
1771,554719707,"01771M14:32:02.586","01771 14:19:57",243.50,848.38,,,,"     ",5.30,1322.07,1.12
1771,554719708,"01771M14:32:03.559","01771 14:19:58",243.41,848.36,,,,"     ",5.30,1322.97,1.12
1771,554719709,"01771M14:32:04.533","01771 14:19:59",243.33,848.34,,,,"     ",5.30,1334.12,1.13
1771,554719710,"01771M14:32:05.506","01771 14:20:00",243.25,848.34,,,,"     ",5.30,1318.64,1.11
1771,554719711,"01771M14:32:06.479","01771 14:20:01",243.16,848.32,,,,"     ",5.30,1335.61,1.13
1771,554719712,"01771M14:32:07.452","01771 14:20:02",243.08,848.35,,,,"     ",5.30,1313.92,1.11
1771,554719713,"01771M14:32:08.426","01771 14:20:03",243.00,848.36,,,,"     ",5.30,1304.87,1.10
1771,554719714,"01771M14:32:09.399","01771 14:20:04",242.94,848.42,,,,"     ",5.30,1332.41,1.13
1771,554719715,"01771M14:32:10.372","01771 14:20:05",242.88,848.32,,,,"     ",5.30,1333.15,1.13
1771,554719716,"01771M14:32:11.345","01771 14:20:06",242.84,848.39,,,,"     ",5.30,1312.25,1.11
1771,554719717,"01771M14:32:12.319","01771 14:20:07",242.83,848.43,,,,"     ",5.30,1330.20,1.12
1771,554719718,"01771M14:32:13.292","01771 14:20:08",242.82,848.40,,,,"     ",5.30,1315.37,1.11
1771,554719719,"01771M14:32:14.265","01771 14:20:09",242.83,848.40,,,,"     ",5.30,1315.98,1.11
1771,554719720,"01771M14:32:15.238","01771 14:20:10",242.84,848.39,,,,"     ",5.30,1320.91,1.12
1771,554719721,"01771M14:32:16.212","01771 14:20:11",242.87,848.38,,,,"     ",5.30,1331.23,1.12
1771,554719722,"01771M14:32:17.185","01771 14:20:12",242.90,848.36,,,,"     ",5.30,1326.58,1.12
1771,554719723,"01771M14:32:18.158","01771 14:20:13",242.92,848.27,,,,"     ",5.30,1309.59,1.11
1771,554719724,"01771M14:32:19.131","01771 14:20:14",242.94,848.37,,,,"     ",5.30,1341.71,1.13
1771,554719725,"01771M14:32:20.105","01771 14:20:15",242.95,848.41,,,,"     ",5.30,1333.42,1.13
1771,554719726,"01771M14:32:21.078","01771 14:20:16",242.94,848.36,,,,"     ",5.30,1328.41,1.12
1771,554719727,"01771M14:32:22.051","01771 14:20:17",242.93,848.39,,,,"     ",5.30,1331.88,1.13
1771,554719728,"01771M14:32:23.024","01771 14:20:18",242.89,848.38,,,,"     ",5.30,1322.39,1.12
1771,554719729,"01771M14:32:23.998","01771 14:20:19",242.85,848.37,,,,"     ",5.30,1321.76,1.12
1771,554719730,"01771M14:32:24.971","01771 14:20:20",242.79,848.35,,,,"     ",5.30,1331.42,1.12
1771,554719731,"01771M14:32:25.944","01771 14:20:21",242.74,848.34,,,,"     ",5.30,1306.44,1.10
1771,554719732,"01771M14:32:26.917","01771 14:20:22",242.68,848.26,,,,"     ",5.30,1343.95,1.13
1771,554719733,"01771M14:32:27.891","01771 14:20:23",242.63,848.26,,,,"     ",5.30,1331.98,1.12
1771,554719734,"01771M14:32:28.864","01771 14:20:24",242.59,848.19,,,,"     ",5.30,1324.26,1.12
1771,554719735,"01771M14:32:29.837","01771 14:20:25",242.56,848.25,,,,"     ",5.30,1339.70,1.13
1771,554719736,"01771M14:32:30.810","01771 14:20:26",242.56,848.29,,,,"     ",5.30,1330.13,1.12
1771,554719737,"01771M14:32:31.784","01771 14:20:27",242.57,848.31,,,,"     ",5.30,1325.27,1.12
1771,554719738,"01771M14:32:32.757","01771 14:20:28",242.59,848.30,,,,"     ",5.30,1310.67,1.10
1771,554719739,"01771M14:32:33.730","01771 14:20:29",242.61,848.31,,,,"     ",5.30,1320.37,1.11
1771,554719740,"01771M14:32:34.703","01771 14:20:30",242.63,848.33,,,,"     ",5.30,1340.52,1.13
1771,554719741,"01771M14:32:35.677","01771 14:20:30",242.63,848.28,,,,"     ",5.30,1330.76,1.12
1771,554719742,"01771M14:32:36.650","01771 14:20:31",242.60,848.28,,,,"     ",5.30,1313.50,1.11
1771,554719743,"01771M14:32:37.623","01771 14:20:32",242.56,848.28,,,,"     ",5.30,1306.35,1.10
1771,554719744,"01771M14:32:38.596","01771 14:20:33",242.50,848.25,,,,"     ",5.30,1332.15,1.12
1771,554719745,"01771M14:32:39.570","01771 14:20:34",242.42,848.30,,,,"     ",5.30,1325.85,1.12
1771,554719746,"01771M14:32:40.543","01771 14:20:35",242.35,848.27,,,,"     ",5.30,1326.60,1.12
1771,554719747,"01771M14:32:41.516","01771 14:20:36",242.28,848.31,,,,"     ",5.30,1322.70,1.11
1771,554719748,"01771M14:32:42.489","01771 14:20:37",242.22,848.28,,,,"     ",5.30,1333.03,1.12
1771,554719749,"01771M14:32:43.463","01771 14:20:38",242.16,848.27,,,,"     ",5.30,1329.62,1.12
1771,554719750,"01771M14:32:44.436","01771 14:20:39",242.12,848.22,,,,"     ",5.30,1331.45,1.12
1771,554719751,"01771M14:32:45.409","01771 14:20:40",242.08,848.24,,,,"     ",5.30,1310.64,1.10
1771,554719752,"01771M14:32:46.382","01771 14:20:41",242.05,848.20,,,,"     ",5.30,1323.01,1.11
1771,554719753,"01771M14:32:47.356","01771 14:20:42",242.03,848.17,,,,"     ",5.30,1328.33,1.12
1771,554719754,"01771M14:32:48.329","01771 14:20:43",242.02,848.24,,,,"     ",5.30,1315.72,1.11
1771,554719755,"01771M14:32:49.302","01771 14:20:44",242.01,848.21,,,,"     ",5.30,1327.22,1.12
1771,554719756,"01771M14:32:50.276","01771 14:20:45",242.00,848.25,,,,"     ",5.30,1309.42,1.10
1771,554719757,"01771M14:32:51.249","01771 14:20:46",242.00,848.20,,,,"     ",5.30,1338.06,1.13
1771,554719758,"01771M14:32:52.222","01771 14:20:47",241.98,848.26,,,,"     ",5.30,1312.56,1.10
1771,554719759,"01771M14:32:53.195","01771 14:20:48",241.96,848.31,,,,"     ",5.30,1310.65,1.10
1771,554719760,"01771M14:32:54.169","01771 14:20:49",241.92,848.39,,,,"     ",5.30,1325.01,1.11
1771,554719761,"01771M14:32:55.142","01771 14:20:50",241.88,848.34,,,,"     ",5.30,1320.37,1.11
1771,554719762,"01771M14:32:56.115","01771 14:20:51",241.82,848.33,,,,"     ",5.30,1322.09,1.11
1771,554719763,"01771M14:32:57.088","01771 14:20:52",241.78,848.36,,,,"     ",5.30,1331.30,1.12
1771,554719764,"01771M14:32:58.062","01771 14:20:53",241.75,848.33,,,,"     ",5.30,1322.54,1.11
1771,554719765,"01771M14:32:59.035","01771 14:20:54",241.73,848.28,,,,"     ",5.30,1322.59,1.11
1771,554719766,"01771M14:33:00.008","01771 14:20:55",241.73,848.29,,,,"     ",5.30,1317.63,1.11
1771,554719767,"01771M14:33:00.981","01771 14:20:56",241.74,848.28,,,,"     ",5.30,1334.07,1.12
1771,554719768,"01771M14:33:01.955","01771 14:20:57",241.76,848.29,,,,"     ",5.30,1332.15,1.12
1771,554719769,"01771M14:33:02.928","01771 14:20:58",241.79,848.28,,,,"     ",5.30,1326.38,1.12
1771,554719770,"01771M14:33:03.901","01771 14:20:59",241.81,848.24,,,,"     ",5.30,1314.27,1.11
1771,554719771,"01771M14:33:04.874","01771 14:21:00",241.83,848.26,,,,"     ",5.30,1339.17,1.13
1771,554719772,"01771M14:33:05.848","01771 14:21:01",241.84,848.28,,,,"     ",5.30,1317.71,1.11
1771,554719773,"01771M14:33:06.821","01771 14:21:02",241.84,848.25,,,,"     ",5.30,1314.74,1.11
1771,554719774,"01771M14:33:07.794","01771 14:21:03",241.83,848.31,,,,"     ",5.30,1332.95,1.12
1771,554719775,"01771M14:33:08.767","01771 14:21:04",241.80,848.27,,,,"     ",5.30,1324.23,1.11
1771,554719776,"01771M14:33:09.741","01771 14:21:05",241.76,848.21,,,,"     ",5.30,1324.00,1.11
1771,554719777,"01771M14:33:10.714","01771 14:21:06",241.72,848.23,,,,"     ",5.30,1325.27,1.11
1771,554719778,"01771M14:33:11.687","01771 14:21:06",241.67,848.14,,,,"     ",5.30,1329.26,1.12
1771,554719779,"01771M14:33:12.660","01771 14:21:07",241.61,848.16,,,,"     ",5.30,1328.48,1.12
1771,554719780,"01771M14:33:13.634","01771 14:21:08",241.55,848.25,,,,"     ",5.30,1320.91,1.11
1771,554719781,"01771M14:33:14.607","01771 14:21:09",241.50,848.23,,,,"     ",5.30,1348.31,1.13
1771,554719782,"01771M14:33:15.580","01771 14:21:10",241.46,848.25,,,,"     ",5.30,1321.03,1.11
1771,554719783,"01771M14:33:16.553","01771 14:21:11",241.43,848.20,,,,"     ",5.30,1325.18,1.11
1771,554719784,"01771M14:33:17.527","01771 14:21:12",241.42,848.32,,,,"     ",5.30,1322.73,1.11
1771,554719785,"01771M14:33:18.500","01771 14:21:13",241.42,848.28,,,,"     ",5.30,1323.07,1.11
1771,554719786,"01771M14:33:19.473","01771 14:21:14",241.42,848.22,,,,"     ",5.30,1343.04,1.13
1771,554719787,"01771M14:33:20.446","01771 14:21:15",241.41,848.26,,,,"     ",5.30,1333.76,1.12
1771,554719788,"01771M14:33:21.420","01771 14:21:16",241.40,848.12,,,,"     ",5.30,1339.34,1.13
1771,554719789,"01771M14:33:22.393","01771 14:21:17",241.39,848.19,,,,"     ",5.30,1327.31,1.11
1771,554719790,"01771M14:33:23.366","01771 14:21:18",241.37,848.15,,,,"     ",5.30,1333.75,1.12
1771,554719791,"01771M14:33:24.339","01771 14:21:19",241.36,848.18,,,,"     ",5.30,1339.24,1.13
1771,554719792,"01771M14:33:25.313","01771 14:21:20",241.35,848.19,,,,"     ",5.30,1319.45,1.11
1771,554719793,"01771M14:33:26.286","01771 14:21:21",241.34,848.22,,,,"     ",5.30,1324.22,1.11
1771,554719794,"01771M14:33:27.259","01771 14:21:22",241.34,848.27,,,,"     ",5.30,1344.03,1.13
1771,554719795,"01771M14:33:28.232","01771 14:21:23",241.34,848.21,,,,"     ",5.30,1317.93,1.11
1771,554719796,"01771M14:33:29.206","01771 14:21:24",241.36,848.25,,,,"     ",5.30,1322.28,1.11
1771,554719797,"01771M14:33:30.179","01771 14:21:25",241.38,848.22,,,,"     ",5.30,1332.76,1.12
1771,554719798,"01771M14:33:31.152","01771 14:21:26",241.41,848.18,,,,"     ",5.30,1339.00,1.13
1771,554719799,"01771M14:33:32.125","01771 14:21:27",241.44,848.19,,,,"     ",5.30,1331.90,1.12
1771,554719800,"01771M14:33:33.099","01771 14:21:28",241.48,848.19,,,,"     ",5.30,1330.31,1.12
1771,554719801,"01771M14:33:34.072","01771 14:21:29",241.52,848.31,,,,"     ",5.30,1327.08,1.12
1771,554719802,"01771M14:33:35.045","01771 14:21:30",241.57,848.32,,,,"     ",5.30,1323.37,1.11
1771,554719803,"01771M14:33:36.018","01771 14:21:31",241.62,848.19,,,,"     ",5.30,1314.14,1.10
1771,554719804,"01771M14:33:36.992","01771 14:21:32",241.67,848.25,,,,"     ",5.30,1332.14,1.12
1771,554719805,"01771M14:33:37.965","01771 14:21:33",241.70,848.20,,,,"     ",5.30,1325.36,1.11
1771,554719806,"01771M14:33:38.938","01771 14:21:34",241.73,848.14,,,,"     ",5.30,1327.18,1.11
1771,554719807,"01771M14:33:39.911","01771 14:21:35",241.76,848.21,,,,"     ",5.30,1331.62,1.12
1771,554719808,"01771M14:33:40.885","01771 14:21:36",241.78,848.18,,,,"     ",5.30,1324.29,1.11
1771,554719809,"01771M14:33:41.858","01771 14:21:37",241.80,848.16,,,,"     ",5.30,1325.54,1.11
1771,554719810,"01771M14:33:42.831","01771 14:21:38",241.81,848.18,,,,"     ",5.30,1331.18,1.12
1771,554719811,"01771M14:33:43.804","01771 14:21:39",241.81,848.21,,,,"     ",5.30,1320.98,1.11
1771,554719812,"01771M14:33:44.778","01771 14:21:40",241.81,848.16,,,,"     ",5.30,1343.78,1.13
1771,554719813,"01771M14:33:45.751","01771 14:21:41",241.79,848.20,,,,"     ",5.30,1334.76,1.12
1771,554719814,"01771M14:33:46.724","01771 14:21:42",241.76,848.19,,,,"     ",5.30,1323.71,1.11
1771,554719815,"01771M14:33:47.697","01771 14:21:43",241.72,848.27,,,,"     ",5.30,1307.52,1.10
1771,554719816,"01771M14:33:48.671","01771 14:21:43",241.67,848.20,,,,"     ",5.30,1327.33,1.11
1771,554719817,"01771M14:33:49.644","01771 14:21:44",241.62,848.20,,,,"     ",5.30,1340.48,1.13
1771,554719818,"01771M14:33:50.617","01771 14:21:45",241.57,848.19,,,,"     ",5.30,1322.76,1.11
1771,554719819,"01771M14:33:51.590","01771 14:21:46",241.53,848.17,,,,"     ",5.30,1328.58,1.11
1771,554719820,"01771M14:33:52.564","01771 14:21:47",241.50,848.11,,,,"     ",5.30,1331.71,1.12
1771,554719821,"01771M14:33:53.537","01771 14:21:48",241.48,848.22,,,,"     ",5.30,1343.23,1.13
1771,554719822,"01771M14:33:54.510","01771 14:21:49",241.47,848.11,,,,"     ",5.30,1332.25,1.12
1771,554719823,"01771M14:33:55.483","01771 14:21:50",241.48,848.24,,,,"     ",5.30,1338.95,1.12
1771,554719824,"01771M14:33:56.457","01771 14:21:51",241.50,848.18,,,,"     ",5.30,1332.32,1.12
1771,554719825,"01771M14:33:57.430","01771 14:21:52",241.54,848.17,,,,"     ",5.30,1325.91,1.11
1771,554719826,"01771M14:33:58.403","01771 14:21:53",241.59,848.21,,,,"     ",5.30,1341.08,1.12
1771,554719827,"01771M14:33:59.377","01771 14:21:54",241.66,848.21,,,,"     ",5.30,1319.54,1.11
1771,554719828,"01771M14:34:00.350","01771 14:21:55",241.73,848.19,,,,"     ",5.30,1326.93,1.11
1771,554719829,"01771M14:34:01.323","01771 14:21:56",241.79,848.20,,,,"     ",5.30,1321.43,1.11
1771,554719830,"01771M14:34:02.296","01771 14:21:57",241.83,848.17,,,,"     ",5.30,1332.16,1.12
1771,554719831,"01771M14:34:03.270","01771 14:21:58",241.86,848.18,,,,"     ",5.30,1330.98,1.12
1771,554719832,"01771M14:34:04.243","01771 14:21:59",241.87,848.17,,,,"     ",5.30,1331.48,1.12
1771,554719833,"01771M14:34:05.216","01771 14:22:00",241.86,848.20,,,,"     ",5.30,1330.75,1.12
1771,554719834,"01771M14:34:06.189","01771 14:22:01",241.83,848.27,,,,"     ",5.30,1331.38,1.12
1771,554719835,"01771M14:34:07.163","01771 14:22:02",241.77,848.16,,,,"     ",5.30,1336.74,1.12
1771,554719836,"01771M14:34:08.136","01771 14:22:03",241.69,848.10,,,,"     ",5.30,1330.23,1.11
1771,554719837,"01771M14:34:09.109","01771 14:22:04",241.58,848.23,,,,"     ",5.30,1341.78,1.12
1771,554719838,"01771M14:34:10.082","01771 14:22:05",241.46,848.14,,,,"     ",5.30,1321.16,1.11
1771,554719839,"01771M14:34:11.056","01771 14:22:06",241.32,848.12,,,,"     ",5.30,1335.33,1.12
1771,554719840,"01771M14:34:12.029","01771 14:22:07",241.19,848.23,,,,"     ",5.30,1337.11,1.12
1771,554719841,"01771M14:34:13.002","01771 14:22:08",241.06,848.23,,,,"     ",5.30,1332.08,1.12
1771,554719842,"01771M14:34:13.975","01771 14:22:09",240.94,848.14,,,,"     ",5.30,1339.33,1.12
1771,554719843,"01771M14:34:14.949","01771 14:22:10",240.85,848.15,,,,"     ",5.30,1332.65,1.12
1771,554719844,"01771M14:34:15.922","01771 14:22:11",240.80,848.15,,,,"     ",5.30,1324.36,1.11
1771,554719845,"01771M14:34:16.895","01771 14:22:12",240.76,848.21,,,,"     ",5.30,1329.41,1.11
1771,554719846,"01771M14:34:17.868","01771 14:22:13",240.76,848.13,,,,"     ",5.30,1333.54,1.12
1771,554719847,"01771M14:34:18.842","01771 14:22:14",240.76,848.10,,,,"     ",5.30,1337.92,1.12
1771,554719848,"01771M14:34:19.815","01771 14:22:15",240.77,848.13,,,,"     ",5.30,1323.74,1.11
1771,554719849,"01771M14:34:20.788","01771 14:22:16",240.80,848.16,,,,"     ",5.30,1337.11,1.12
1771,554719850,"01771M14:34:21.761","01771 14:22:17",240.82,848.14,,,,"     ",5.30,1336.29,1.12
1771,554719851,"01771M14:34:22.735","01771 14:22:18",240.85,848.17,,,,"     ",5.30,1331.17,1.12
1771,554719852,"01771M14:34:23.708","01771 14:22:19",240.88,848.12,,,,"     ",5.30,1327.26,1.11
1771,554719853,"01771M14:34:24.681","01771 14:22:20",240.89,848.06,,,,"     ",5.30,1352.28,1.13
1771,554719854,"01771M14:34:25.654","01771 14:22:20",240.90,848.05,,,,"     ",5.30,1315.76,1.10
1771,554719855,"01771M14:34:26.628","01771 14:22:21",240.88,848.03,,,,"     ",5.30,1311.78,1.10
1771,554719856,"01771M14:34:27.601","01771 14:22:22",240.85,848.11,,,,"     ",5.30,1318.50,1.10
1771,554719857,"01771M14:34:28.574","01771 14:22:23",240.81,848.16,,,,"     ",5.30,1329.25,1.11
1771,554719858,"01771M14:34:29.547","01771 14:22:24",240.76,848.11,,,,"     ",5.30,1338.52,1.12
1771,554719859,"01771M14:34:30.521","01771 14:22:25",240.72,848.06,,,,"     ",5.30,1314.50,1.10
1771,554719860,"01771M14:34:31.494","01771 14:22:26",240.67,848.11,,,,"     ",5.30,1327.33,1.11
1771,554719861,"01771M14:34:32.467","01771 14:22:27",240.64,848.04,,,,"     ",5.30,1339.03,1.12
1771,554719862,"01771M14:34:33.440","01771 14:22:28",240.60,848.08,,,,"     ",5.30,1353.47,1.13
1771,554719863,"01771M14:34:34.414","01771 14:22:29",240.56,848.00,,,,"     ",5.30,1326.50,1.11
1771,554719864,"01771M14:34:35.387","01771 14:22:30",240.52,848.08,,,,"     ",5.30,1324.59,1.11
1771,554719865,"01771M14:34:36.360","01771 14:22:31",240.48,847.99,,,,"     ",5.30,1328.35,1.11
1771,554719866,"01771M14:34:37.333","01771 14:22:32",240.44,847.97,,,,"     ",5.30,1336.07,1.12
1771,554719867,"01771M14:34:38.307","01771 14:22:33",240.40,848.04,,,,"     ",5.30,1330.21,1.11
1771,554719868,"01771M14:34:39.280","01771 14:22:34",240.37,848.05,,,,"     ",5.30,1334.82,1.12
1771,554719869,"01771M14:34:40.253","01771 14:22:35",240.34,848.01,,,,"     ",5.30,1331.27,1.11
1771,554719870,"01771M14:34:41.226","01771 14:22:36",240.31,848.07,,,,"     ",5.30,1328.35,1.11
1771,554719871,"01771M14:34:42.200","01771 14:22:37",240.27,848.11,,,,"     ",5.30,1325.09,1.11
1771,554719872,"01771M14:34:43.173","01771 14:22:38",240.23,847.98,,,,"     ",5.30,1341.43,1.12
1771,554719873,"01771M14:34:44.146","01771 14:22:39",240.18,847.96,,,,"     ",5.30,1328.87,1.11
1771,554719874,"01771M14:34:45.119","01771 14:22:40",240.13,847.96,,,,"     ",5.30,1334.61,1.12
1771,554719875,"01771M14:34:46.093","01771 14:22:41",240.09,848.07,,,,"     ",5.30,1338.92,1.12
1771,554719876,"01771M14:34:47.066","01771 14:22:42",240.04,848.02,,,,"     ",5.30,1327.47,1.11
1771,554719877,"01771M14:34:48.039","01771 14:22:43",240.01,848.04,,,,"     ",5.30,1340.64,1.12
1771,554719878,"01771M14:34:49.012","01771 14:22:44",239.99,847.94,,,,"     ",5.30,1330.99,1.11
1771,554719879,"01771M14:34:49.986","01771 14:22:45",239.98,848.00,,,,"     ",5.30,1334.01,1.12
1771,554719880,"01771M14:34:50.959","01771 14:22:46",239.99,848.03,,,,"     ",5.30,1322.84,1.11
1771,554719881,"01771M14:34:51.932","01771 14:22:47",240.00,847.98,,,,"     ",5.30,1321.73,1.10
1771,554719882,"01771M14:34:52.905","01771 14:22:48",240.04,848.02,,,,"     ",5.30,1334.24,1.12
1771,554719883,"01771M14:34:53.879","01771 14:22:49",240.09,847.99,,,,"     ",5.30,1340.59,1.12
1771,554719884,"01771M14:34:54.852","01771 14:22:50",240.15,848.04,,,,"     ",5.30,1318.85,1.10
1771,554719885,"01771M14:34:55.825","01771 14:22:51",240.23,847.89,,,,"     ",5.30,1317.97,1.10
1771,554719886,"01771M14:34:56.798","01771 14:22:52",240.31,848.02,,,,"     ",5.30,1335.81,1.12
1771,554719887,"01771M14:34:57.772","01771 14:22:53",240.39,847.99,,,,"     ",5.30,1334.26,1.12
1771,554719888,"01771M14:34:58.745","01771 14:22:54",240.45,847.93,,,,"     ",5.30,1318.99,1.10
1771,554719889,"01771M14:34:59.718","01771 14:22:55",240.50,848.01,,,,"     ",5.30,1349.06,1.13
1771,554719890,"01771M14:35:00.691","01771 14:22:56",240.52,847.96,,,,"     ",5.30,1321.74,1.11
1771,554719891,"01771M14:35:01.665","01771 14:22:56",240.52,847.97,,,,"     ",5.30,1336.33,1.12
1771,554719892,"01771M14:35:02.638","01771 14:22:57",240.50,847.97,,,,"     ",5.30,1346.88,1.13
1771,554719893,"01771M14:35:03.611","01771 14:22:58",240.46,847.92,,,,"     ",5.30,1326.77,1.11
1771,554719894,"01771M14:35:04.584","01771 14:22:59",240.38,847.95,,,,"     ",5.30,1320.73,1.10
1771,554719895,"01771M14:35:05.558","01771 14:23:00",240.30,847.97,,,,"     ",5.30,1352.51,1.13
1771,554719896,"01771M14:35:06.531","01771 14:23:01",240.19,847.98,,,,"     ",5.30,1331.74,1.11
1771,554719897,"01771M14:35:07.504","01771 14:23:02",240.08,847.87,,,,"     ",5.30,1325.87,1.11
1771,554719898,"01771M14:35:08.478","01771 14:23:03",239.97,847.99,,,,"     ",5.30,1328.43,1.11
1771,554719899,"01771M14:35:09.451","01771 14:23:04",239.87,848.05,,,,"     ",5.30,1323.87,1.11
1771,554719900,"01771M14:35:10.424","01771 14:23:05",239.78,848.02,,,,"     ",5.30,1327.76,1.11
1771,554719901,"01771M14:35:11.397","01771 14:23:06",239.71,848.05,,,,"     ",5.30,1342.91,1.13
1771,554719902,"01771M14:35:12.371","01771 14:23:07",239.65,848.02,,,,"     ",5.30,1337.67,1.12
1771,554719903,"01771M14:35:13.344","01771 14:23:08",239.61,848.00,,,,"     ",5.30,1320.34,1.11
1771,554719904,"01771M14:35:14.317","01771 14:23:09",239.57,847.96,,,,"     ",5.30,1334.51,1.12
1771,554719905,"01771M14:35:15.290","01771 14:23:10",239.53,847.93,,,,"     ",5.30,1349.86,1.13
1771,554719906,"01771M14:35:16.264","01771 14:23:11",239.50,848.01,,,,"     ",5.30,1327.41,1.11
1771,554719907,"01771M14:35:17.237","01771 14:23:12",239.48,848.05,,,,"     ",5.30,1330.04,1.11
1771,554719908,"01771M14:35:18.210","01771 14:23:13",239.47,847.98,,,,"     ",5.30,1345.41,1.13
1771,554719909,"01771M14:35:19.183","01771 14:23:14",239.47,847.91,,,,"     ",5.30,1324.78,1.11
1771,554719910,"01771M14:35:20.157","01771 14:23:15",239.47,847.94,,,,"     ",5.30,1323.01,1.11
1771,554719911,"01771M14:35:21.130","01771 14:23:16",239.47,848.03,,,,"     ",5.30,1344.67,1.13
1771,554719912,"01771M14:35:22.103","01771 14:23:17",239.47,848.01,,,,"     ",5.30,1326.87,1.11
1771,554719913,"01771M14:35:23.076","01771 14:23:18",239.46,848.03,,,,"     ",5.30,1331.72,1.12
1771,554719914,"01771M14:35:24.050","01771 14:23:19",239.45,847.97,,,,"     ",5.30,1320.79,1.11
1771,554719915,"01771M14:35:25.023","01771 14:23:20",239.43,847.98,,,,"     ",5.30,1329.59,1.12
1771,554719916,"01771M14:35:25.996","01771 14:23:21",239.40,847.95,,,,"     ",5.30,1327.69,1.11
1771,554719917,"01771M14:35:26.969","01771 14:23:22",239.38,847.90,,,,"     ",5.30,1333.89,1.12
1771,554719918,"01771M14:35:27.943","01771 14:23:23",239.36,847.99,,,,"     ",5.30,1340.04,1.12
1771,554719919,"01771M14:35:28.916","01771 14:23:24",239.34,847.98,,,,"     ",5.30,1325.67,1.11
1771,554719920,"01771M14:35:29.889","01771 14:23:25",239.33,847.95,,,,"     ",5.30,1324.82,1.11
1771,554719921,"01771M14:35:30.862","01771 14:23:26",239.33,847.97,,,,"     ",5.30,1342.64,1.13
1771,554719922,"01771M14:35:31.836","01771 14:23:27",239.33,847.87,,,,"     ",5.30,1332.91,1.12
1771,554719923,"01771M14:35:32.809","01771 14:23:28",239.33,848.02,,,,"     ",5.30,1333.39,1.12
1771,554719924,"01771M14:35:33.782","01771 14:23:29",239.33,847.92,,,,"     ",5.30,1338.49,1.12
1771,554719925,"01771M14:35:34.755","01771 14:23:30",239.33,847.94,,,,"     ",5.30,1320.95,1.11
1771,554719926,"01771M14:35:35.729","01771 14:23:31",239.32,847.89,,,,"     ",5.30,1326.64,1.11
1771,554719927,"01771M14:35:36.702","01771 14:23:32",239.30,847.89,,,,"     ",5.30,1324.27,1.11
1771,554719928,"01771M14:35:37.675","01771 14:23:33",239.29,847.85,,,,"     ",5.30,1353.91,1.14
1771,554719929,"01771M14:35:38.648","01771 14:23:33",239.27,847.86,,,,"     ",5.30,1333.85,1.12
1771,554719930,"01771M14:35:39.622","01771 14:23:34",239.26,847.83,,,,"     ",5.30,1313.74,1.10
1771,554719931,"01771M14:35:40.595","01771 14:23:35",239.24,847.89,,,,"     ",5.30,1318.60,1.11
1771,554719932,"01771M14:35:41.568","01771 14:23:36",239.22,847.88,,,,"     ",5.30,1329.72,1.12
1771,554719933,"01771M14:35:42.541","01771 14:23:37",239.20,847.77,,,,"     ",5.30,1331.95,1.12
1771,554719934,"01771M14:35:43.515","01771 14:23:38",239.17,847.78,,,,"     ",5.30,1325.55,1.11
1771,554719935,"01771M14:35:44.488","01771 14:23:39",239.14,847.94,,,,"     ",5.30,1325.56,1.11
1771,554719936,"01771M14:35:45.461","01771 14:23:40",239.12,847.83,,,,"     ",5.30,1324.35,1.11
1771,554719937,"01771M14:35:46.434","01771 14:23:41",239.02,847.89,,,,"     ",5.30,1330.51,1.12
1771,554719938,"01771M14:35:47.408","01771 14:23:42",238.99,847.77,,,,"     ",5.30,1315.84,1.10
1771,554719939,"01771M14:35:48.381","01771 14:23:43",238.97,847.78,,,,"     ",5.30,1322.49,1.11
1771,554719940,"01771M14:35:49.354","01771 14:23:44",238.96,847.75,,,,"     ",5.30,1351.68,1.14
1771,554719941,"01771M14:35:50.327","01771 14:23:45",238.95,847.80,,,,"     ",5.30,1325.70,1.11
1771,554719942,"01771M14:35:51.301","01771 14:23:46",238.95,847.87,,,,"     ",5.30,1305.04,1.10
1771,554719943,"01771M14:35:52.274","01771 14:23:47",238.95,847.88,,,,"     ",5.30,1310.44,1.10
1771,554719944,"01771M14:35:53.247","01771 14:23:48",238.95,847.79,,,,"     ",5.30,1336.98,1.13
1771,554719945,"01771M14:35:54.220","01771 14:23:49",238.97,847.91,,,,"     ",5.30,1305.62,1.10
1771,554719946,"01771M14:35:55.194","01771 14:23:50",238.99,847.83,,,,"     ",5.30,1306.04,1.10
1771,554719947,"01771M14:35:56.167","01771 14:23:51",239.01,847.91,,,,"     ",5.30,1327.80,1.12
1771,554719948,"01771M14:35:57.140","01771 14:23:52",239.05,847.81,,,,"     ",5.30,1325.19,1.12
1771,554719949,"01771M14:35:58.113","01771 14:23:53",239.09,847.84,,,,"     ",5.30,1312.43,1.11
1771,554719950,"01771M14:35:59.087","01771 14:23:54",239.14,847.72,,,,"     ",5.30,1322.62,1.12
1771,554719951,"01771M14:36:00.060","01771 14:23:55",239.18,847.71,,,,"     ",5.30,1321.04,1.11
1771,554719952,"01771M14:36:01.033","01771 14:23:56",239.23,847.82,,,,"     ",5.30,1323.23,1.12
1771,554719953,"01771M14:36:02.006","01771 14:23:57",239.28,847.81,,,,"     ",5.30,1313.13,1.11
1771,554719954,"01771M14:36:02.980","01771 14:23:58",239.32,847.78,,,,"     ",5.30,1325.03,1.12
1771,554719955,"01771M14:36:03.953","01771 14:23:59",239.37,847.77,,,,"     ",5.30,1310.94,1.11
1771,554719956,"01771M14:36:04.926","01771 14:24:00",239.43,847.79,,,,"     ",5.30,1336.32,1.13
1771,554719957,"01771M14:36:05.899","01771 14:24:01",239.49,847.71,,,,"     ",5.30,1319.72,1.12
1771,554719958,"01771M14:36:06.873","01771 14:24:02",239.54,847.77,,,,"     ",5.30,1312.30,1.11
1771,554719959,"01771M14:36:07.846","01771 14:24:03",239.57,847.74,,,,"     ",5.30,1324.25,1.12
1771,554719960,"01771M14:36:08.819","01771 14:24:04",239.60,847.76,,,,"     ",5.30,1335.42,1.13
1771,554719961,"01771M14:36:09.792","01771 14:24:05",239.61,847.77,,,,"     ",5.30,1318.42,1.12
1771,554719962,"01771M14:36:10.766","01771 14:24:06",239.61,847.72,,,,"     ",5.30,1322.07,1.12
1771,554719963,"01771M14:36:11.739","01771 14:24:07",239.60,847.79,,,,"     ",5.30,1318.92,1.12
1771,554719964,"01771M14:36:12.712","01771 14:24:08",239.59,847.70,,,,"     ",5.30,1313.38,1.11
1771,554719965,"01771M14:36:13.685","01771 14:24:09",239.57,847.67,,,,"     ",5.30,1305.41,1.11
1771,554719966,"01771M14:36:14.659","01771 14:24:10",239.53,847.66,,,,"     ",5.30,1314.02,1.11
1771,554719967,"01771M14:36:15.632","01771 14:24:10",239.50,847.67,,,,"     ",5.30,1307.93,1.11
1771,554719968,"01771M14:36:16.605","01771 14:24:11",239.44,847.61,,,,"     ",5.30,1326.36,1.12
1771,554719969,"01771M14:36:17.579","01771 14:24:12",239.39,847.72,,,,"     ",5.30,1319.40,1.12
1771,554719970,"01771M14:36:18.552","01771 14:24:13",239.34,847.69,,,,"     ",5.30,1300.05,1.10
1771,554719971,"01771M14:36:19.525","01771 14:24:14",239.30,847.69,,,,"     ",5.30,1310.77,1.11
1771,554719972,"01771M14:36:20.498","01771 14:24:15",239.27,847.60,,,,"     ",5.30,1316.82,1.12
1771,554719973,"01771M14:36:21.472","01771 14:24:16",239.25,847.61,,,,"     ",5.30,1324.15,1.12
1771,554719974,"01771M14:36:22.445","01771 14:24:17",239.23,847.55,,,,"     ",5.30,1297.98,1.10
1771,554719975,"01771M14:36:23.418","01771 14:24:18",239.21,847.62,,,,"     ",5.30,1318.43,1.12
1771,554719976,"01771M14:36:24.391","01771 14:24:19",239.19,847.61,,,,"     ",5.30,1333.72,1.13
1771,554719977,"01771M14:36:25.365","01771 14:24:20",239.17,847.57,,,,"     ",5.30,1327.74,1.13
1771,554719978,"01771M14:36:26.338","01771 14:24:21",239.16,847.61,,,,"     ",5.30,1327.74,1.13
1771,554719979,"01771M14:36:27.311","01771 14:24:22",239.15,847.60,,,,"     ",5.30,1321.27,1.12
1771,554719980,"01771M14:36:28.284","01771 14:24:23",239.16,847.61,,,,"     ",5.30,1314.21,1.12
1771,554719981,"01771M14:36:29.258","01771 14:24:24",239.17,847.70,,,,"     ",5.30,1317.54,1.12
1771,554719982,"01771M14:36:30.231","01771 14:24:25",239.19,847.66,,,,"     ",5.30,1310.68,1.11
1771,554719983,"01771M14:36:31.204","01771 14:24:26",239.21,847.61,,,,"     ",5.30,1316.20,1.12
1771,554719984,"01771M14:36:32.177","01771 14:24:27",239.22,847.61,,,,"     ",5.30,1301.80,1.11
1771,554719985,"01771M14:36:33.151","01771 14:24:28",239.22,847.60,,,,"     ",5.30,1322.44,1.13
1771,554719986,"01771M14:36:34.124","01771 14:24:29",239.20,847.64,,,,"     ",5.30,1310.93,1.12
1771,554719987,"01771M14:36:35.097","01771 14:24:30",239.18,847.63,,,,"     ",5.30,1315.15,1.12
1771,554719988,"01771M14:36:36.070","01771 14:24:31",239.15,847.66,,,,"     ",5.30,1312.67,1.12
1771,554719989,"01771M14:36:37.044","01771 14:24:32",239.11,847.64,,,,"     ",5.30,1321.18,1.12
1771,554719990,"01771M14:36:38.017","01771 14:24:33",239.07,847.63,,,,"     ",5.30,1314.97,1.12
1771,554719991,"01771M14:36:38.990","01771 14:24:34",239.01,847.63,,,,"     ",5.30,1322.45,1.13
1771,554719992,"01771M14:36:39.963","01771 14:24:35",238.95,847.56,,,,"     ",5.30,1310.58,1.12
1771,554719993,"01771M14:36:40.937","01771 14:24:36",238.87,847.62,,,,"     ",5.30,1324.72,1.13
1771,554719994,"01771M14:36:41.910","01771 14:24:37",238.79,847.63,,,,"     ",5.30,1315.42,1.12
1771,554719995,"01771M14:36:42.883","01771 14:24:38",238.71,847.69,,,,"     ",5.30,1315.27,1.12
1771,554719996,"01771M14:36:43.856","01771 14:24:39",238.64,847.67,,,,"     ",5.30,1331.54,1.14
1771,554719997,"01771M14:36:44.830","01771 14:24:40",238.57,847.77,,,,"     ",5.30,1320.26,1.13
1771,554719998,"01771M14:36:45.803","01771 14:24:41",238.51,847.69,,,,"     ",5.30,1302.20,1.11
1771,554719999,"01771M14:36:46.776","01771 14:24:42",238.46,847.64,,,,"     ",5.30,1313.79,1.12
1771,554720000,"01771M14:36:47.749","01771 14:24:43",238.42,847.61,,,,"     ",5.30,1292.54,1.10
1771,554720001,"01771M14:36:48.723","01771 14:24:44",238.38,847.68,,,,"     ",5.30,1306.93,1.12
1771,554720002,"01771M14:36:49.696","01771 14:24:45",238.34,847.67,,,,"     ",5.30,1323.34,1.13
1771,554720003,"01771M14:36:50.669","01771 14:24:46",238.31,847.70,,,,"     ",5.30,1319.28,1.13
1771,554720004,"01771M14:36:51.642","01771 14:24:47",238.29,847.75,,,,"     ",5.30,1307.32,1.12
1771,554720005,"01771M14:36:52.616","01771 14:24:47",238.27,847.76,,,,"     ",5.30,1306.22,1.12
1771,554720006,"01771M14:36:53.589","01771 14:24:48",238.25,847.75,,,,"     ",5.30,1306.65,1.12
1771,554720007,"01771M14:36:54.562","01771 14:24:49",238.23,847.73,,,,"     ",5.30,1303.93,1.12
1771,554720008,"01771M14:36:55.535","01771 14:24:50",238.20,847.69,,,,"     ",5.30,1309.83,1.12
1771,554720009,"01771M14:36:56.509","01771 14:24:51",238.18,847.71,,,,"     ",5.30,1302.49,1.11
1771,554720010,"01771M14:36:57.482","01771 14:24:52",238.15,847.71,,,,"     ",5.30,1292.02,1.11
1771,554720011,"01771M14:36:58.455","01771 14:24:53",238.12,847.62,,,,"     ",5.30,1310.88,1.12
1771,554720012,"01771M14:36:59.428","01771 14:24:54",238.09,847.61,,,,"     ",5.30,1315.31,1.13
1771,554720013,"01771M14:37:00.402","01771 14:24:55",238.06,847.64,,,,"     ",5.30,1298.36,1.11
1771,554720014,"01771M14:37:01.375","01771 14:24:56",238.03,847.59,,,,"     ",5.30,1309.18,1.12
1771,554720015,"01771M14:37:02.348","01771 14:24:57",238.01,847.73,,,,"     ",5.30,1302.14,1.12
1771,554720016,"01771M14:37:03.321","01771 14:24:58",237.99,847.52,,,,"     ",5.30,1313.15,1.13
1771,554720017,"01771M14:37:04.295","01771 14:24:59",237.97,847.56,,,,"     ",5.30,1306.61,1.12
1771,554720018,"01771M14:37:05.268","01771 14:25:00",237.97,847.56,,,,"     ",5.30,1323.31,1.14
1771,554720019,"01771M14:37:06.241","01771 14:25:01",237.96,847.61,,,,"     ",5.30,1298.84,1.12
1771,554720020,"01771M14:37:07.214","01771 14:25:02",237.97,847.55,,,,"     ",5.30,1305.72,1.12
1771,554720021,"01771M14:37:08.188","01771 14:25:03",237.98,847.57,,,,"     ",5.30,1283.46,1.10
1771,554720022,"01771M14:37:09.161","01771 14:25:04",237.99,847.51,,,,"     ",5.30,1293.79,1.11
1771,554720023,"01771M14:37:10.134","01771 14:25:05",238.00,847.55,,,,"     ",5.30,1291.54,1.11
1771,554720024,"01771M14:37:11.107","01771 14:25:06",238.01,847.59,,,,"     ",5.30,1294.07,1.11
1771,554720025,"01771M14:37:12.081","01771 14:25:07",238.02,847.61,,,,"     ",5.30,1305.09,1.12
1771,554720026,"01771M14:37:13.054","01771 14:25:08",238.02,847.56,,,,"     ",5.30,1301.62,1.12
1771,554720027,"01771M14:37:14.027","01771 14:25:09",238.00,847.49,,,,"     ",5.30,1304.67,1.12
1771,554720028,"01771M14:37:15.000","01771 14:25:10",237.97,847.52,,,,"     ",5.30,1301.32,1.12
1771,554720029,"01771M14:37:15.974","01771 14:25:11",237.95,847.55,,,,"     ",5.30,1305.26,1.13
1771,554720030,"01771M14:37:16.947","01771 14:25:12",237.92,847.45,,,,"     ",5.30,1308.23,1.13
1771,554720031,"01771M14:37:17.920","01771 14:25:13",237.89,847.48,,,,"     ",5.30,1317.21,1.14
1771,554720032,"01771M14:37:18.893","01771 14:25:14",237.87,847.44,,,,"     ",5.30,1296.10,1.12
1771,554720033,"01771M14:37:19.867","01771 14:25:15",237.86,847.38,,,,"     ",5.30,1291.63,1.11
1771,554720034,"01771M14:37:20.840","01771 14:25:16",237.86,847.49,,,,"     ",5.30,1291.91,1.11
1771,554720035,"01771M14:37:21.813","01771 14:25:17",237.86,847.54,,,,"     ",5.30,1297.01,1.12
1771,554720036,"01771M14:37:22.786","01771 14:25:18",237.87,847.56,,,,"     ",5.30,1297.79,1.12
1771,554720037,"01771M14:37:23.760","01771 14:25:19",237.88,847.52,,,,"     ",5.30,1311.33,1.13
1771,554720038,"01771M14:37:24.733","01771 14:25:20",237.90,847.52,,,,"     ",5.30,1296.06,1.12
1771,554720039,"01771M14:37:25.706","01771 14:25:21",237.92,847.50,,,,"     ",5.30,1302.72,1.12
1771,554720040,"01771M14:37:26.680","01771 14:25:22",237.94,847.41,,,,"     ",5.30,1302.60,1.12
1771,554720041,"01771M14:37:27.653","01771 14:25:23",237.97,847.54,,,,"     ",5.30,1295.68,1.12
1771,554720042,"01771M14:37:28.626","01771 14:25:23",237.99,847.46,,,,"     ",5.30,1292.38,1.12
1771,554720043,"01771M14:37:29.599","01771 14:25:24",238.02,847.44,,,,"     ",5.30,1280.88,1.11
1771,554720044,"01771M14:37:30.573","01771 14:25:25",238.05,847.44,,,,"     ",5.30,1303.32,1.13
1771,554720045,"01771M14:37:31.546","01771 14:25:26",238.08,847.39,,,,"     ",5.30,1295.78,1.12
1771,554720046,"01771M14:37:32.519","01771 14:25:27",238.13,847.44,,,,"     ",5.30,1304.81,1.13
1771,554720047,"01771M14:37:33.492","01771 14:25:28",238.18,847.46,,,,"     ",5.30,1290.23,1.12
1771,554720048,"01771M14:37:34.466","01771 14:25:29",238.24,847.49,,,,"     ",5.30,1306.51,1.13
1771,554720049,"01771M14:37:35.439","01771 14:25:30",238.31,847.42,,,,"     ",5.30,1289.26,1.11
1771,554720050,"01771M14:37:36.412","01771 14:25:31",238.37,847.36,,,,"     ",5.30,1289.59,1.11
1771,554720051,"01771M14:37:37.385","01771 14:25:32",238.44,847.45,,,,"     ",5.30,1288.86,1.11
1771,554720052,"01771M14:37:38.359","01771 14:25:33",238.52,847.47,,,,"     ",5.30,1293.78,1.12
1771,554720053,"01771M14:37:39.332","01771 14:25:34",238.60,847.38,,,,"     ",5.30,1290.61,1.12
1771,554720054,"01771M14:37:40.305","01771 14:25:35",238.68,847.38,,,,"     ",5.30,1299.43,1.12
1771,554720055,"01771M14:37:41.278","01771 14:25:36",238.77,847.40,,,,"     ",5.30,1281.81,1.11
1771,554720056,"01771M14:37:42.252","01771 14:25:37",238.86,847.41,,,,"     ",5.30,1305.55,1.13
1771,554720057,"01771M14:37:43.225","01771 14:25:38",238.95,847.50,,,,"     ",5.30,1292.23,1.12
1771,554720058,"01771M14:37:44.198","01771 14:25:39",239.05,847.39,,,,"     ",5.30,1293.76,1.12
1771,554720059,"01771M14:37:45.171","01771 14:25:40",239.14,847.39,,,,"     ",5.30,1300.27,1.12
1771,554720060,"01771M14:37:46.145","01771 14:25:41",239.21,847.43,,,,"     ",5.30,1290.41,1.12
1771,554720061,"01771M14:37:47.118","01771 14:25:42",239.28,847.40,,,,"     ",5.30,1304.95,1.13
1771,554720062,"01771M14:37:48.091","01771 14:25:43",239.34,847.44,,,,"     ",5.30,1297.85,1.12
1771,554720063,"01771M14:37:49.064","01771 14:25:44",239.40,847.52,,,,"     ",5.30,1281.92,1.11
1771,554720064,"01771M14:37:50.038","01771 14:25:45",239.46,847.51,,,,"     ",5.30,1304.13,1.13
1771,554720065,"01771M14:37:51.011","01771 14:25:46",239.51,847.43,,,,"     ",5.30,1298.66,1.12
1771,554720066,"01771M14:37:51.984","01771 14:25:47",239.57,847.44,,,,"     ",5.30,1297.97,1.12
1771,554720067,"01771M14:37:52.957","01771 14:25:48",239.63,847.49,,,,"     ",5.30,1291.05,1.12
1771,554720068,"01771M14:37:53.931","01771 14:25:49",239.68,847.40,,,,"     ",5.30,1309.48,1.13
1771,554720069,"01771M14:37:54.904","01771 14:25:50",239.72,847.51,,,,"     ",5.30,1292.05,1.11
1771,554720070,"01771M14:37:55.877","01771 14:25:51",239.76,847.50,,,,"     ",5.30,1299.26,1.12
1771,554720071,"01771M14:37:56.850","01771 14:25:52",239.79,847.47,,,,"     ",5.30,1305.11,1.13
1771,554720072,"01771M14:37:57.824","01771 14:25:53",239.83,847.49,,,,"     ",5.30,1290.07,1.11
1771,554720073,"01771M14:37:58.797","01771 14:25:54",239.85,847.42,,,,"     ",5.30,1296.13,1.12
1771,554720074,"01771M14:37:59.770","01771 14:25:55",239.88,847.47,,,,"     ",5.30,1302.09,1.12
1771,554720075,"01771M14:38:00.743","01771 14:25:56",239.89,847.44,,,,"     ",5.30,1320.32,1.14
1771,554720076,"01771M14:38:01.717","01771 14:25:57",239.89,847.41,,,,"     ",5.30,1291.28,1.11
1771,554720077,"01771M14:38:02.690","01771 14:25:58",239.89,847.40,,,,"     ",5.30,1298.67,1.12
1771,554720078,"01771M14:38:03.663","01771 14:25:59",239.88,847.41,,,,"     ",5.30,1315.99,1.13
1771,554720079,"01771M14:38:04.636","01771 14:26:00",239.85,847.44,,,,"     ",5.30,1314.70,1.13
1771,554720080,"01771M14:38:05.610","01771 14:26:00",239.81,847.33,,,,"     ",5.30,1298.86,1.12
1771,554720081,"01771M14:38:06.583","01771 14:26:01",239.76,847.35,,,,"     ",5.30,1298.48,1.12
1771,554720082,"01771M14:38:07.556","01771 14:26:02",239.70,847.32,,,,"     ",5.30,1302.71,1.12
1771,554720083,"01771M14:38:08.529","01771 14:26:03",239.64,847.44,,,,"     ",5.30,1302.05,1.12
1771,554720084,"01771M14:38:09.503","01771 14:26:04",239.57,847.39,,,,"     ",5.30,1297.02,1.12
1771,554720085,"01771M14:38:10.476","01771 14:26:05",239.51,847.43,,,,"     ",5.30,1301.06,1.12
1771,554720086,"01771M14:38:11.449","01771 14:26:06",239.46,847.37,,,,"     ",5.30,1311.61,1.13
1771,554720087,"01771M14:38:12.422","01771 14:26:07",239.41,847.39,,,,"     ",5.30,1300.78,1.12
1771,554720088,"01771M14:38:13.396","01771 14:26:08",239.39,847.45,,,,"     ",5.30,1301.08,1.12
1771,554720089,"01771M14:38:14.369","01771 14:26:09",239.38,847.39,,,,"     ",5.30,1291.40,1.11
1771,554720090,"01771M14:38:15.342","01771 14:26:10",239.40,847.41,,,,"     ",5.30,1304.09,1.12
1771,554720091,"01771M14:38:16.315","01771 14:26:11",239.44,847.37,,,,"     ",5.30,1307.36,1.13
1771,554720092,"01771M14:38:17.289","01771 14:26:12",239.53,847.41,,,,"     ",5.30,1313.41,1.13
1771,554720093,"01771M14:38:18.262","01771 14:26:13",239.64,847.41,,,,"     ",5.30,1293.89,1.11
1771,554720094,"01771M14:38:19.235","01771 14:26:14",239.78,847.46,,,,"     ",5.30,1295.78,1.12
1771,554720095,"01771M14:38:20.208","01771 14:26:15",239.93,847.47,,,,"     ",5.30,1299.16,1.12
1771,554720096,"01771M14:38:21.182","01771 14:26:16",240.10,847.45,,,,"     ",5.30,1306.72,1.13
1771,554720097,"01771M14:38:22.155","01771 14:26:17",240.26,847.45,,,,"     ",5.30,1302.25,1.12
1771,554720098,"01771M14:38:23.128","01771 14:26:18",240.39,847.44,,,,"     ",5.30,1301.97,1.12
1771,554720099,"01771M14:38:24.101","01771 14:26:19",240.49,847.39,,,,"     ",5.30,1302.24,1.12
1771,554720100,"01771M14:38:25.075","01771 14:26:20",240.55,847.37,,,,"     ",5.30,1291.16,1.11
1771,554720101,"01771M14:38:26.048","01771 14:26:21",240.58,847.47,,,,"     ",5.30,1299.90,1.12
1771,554720102,"01771M14:38:27.021","01771 14:26:22",240.58,847.45,,,,"     ",5.30,1297.64,1.12
1771,554720103,"01771M14:38:27.994","01771 14:26:23",240.55,847.46,,,,"     ",5.30,1295.49,1.11
1771,554720104,"01771M14:38:28.968","01771 14:26:24",240.51,847.40,,,,"     ",5.30,1311.68,1.13
1771,554720105,"01771M14:38:29.941","01771 14:26:25",240.46,847.36,,,,"     ",5.30,1303.61,1.12
1771,554720106,"01771M14:38:30.914","01771 14:26:26",240.40,847.35,,,,"     ",5.30,1305.29,1.12
1771,554720107,"01771M14:38:31.887","01771 14:26:27",240.34,847.47,,,,"     ",5.30,1298.41,1.12
1771,554720108,"01771M14:38:32.861","01771 14:26:28",240.28,847.44,,,,"     ",5.30,1310.41,1.13
1771,554720109,"01771M14:38:33.834","01771 14:26:29",240.23,847.33,,,,"     ",5.30,1293.72,1.11
1771,554720110,"01771M14:38:34.807","01771 14:26:30",240.19,847.35,,,,"     ",5.30,1309.93,1.13
1771,554720111,"01771M14:38:35.780","01771 14:26:31",240.15,847.40,,,,"     ",5.30,1295.63,1.11
1771,554720112,"01771M14:38:36.754","01771 14:26:32",240.12,847.33,,,,"     ",5.30,1304.00,1.12
1771,554720113,"01771M14:38:37.727","01771 14:26:33",240.09,847.41,,,,"     ",5.30,1268.95,1.09
1771,554720114,"01771M14:38:38.700","01771 14:26:34",240.06,847.44,,,,"     ",5.30,1302.64,1.12
1771,554720115,"01771M14:38:39.674","01771 14:26:35",240.02,847.30,,,,"     ",5.30,1304.93,1.12
1771,554720116,"01771M14:38:40.647","01771 14:26:36",239.98,847.34,,,,"     ",5.30,1318.06,1.13
1771,554720117,"01771M14:38:41.620","01771 14:26:37",239.94,847.36,,,,"     ",5.30,1297.87,1.11
1771,554720118,"01771M14:38:42.593","01771 14:26:37",239.92,847.33,,,,"     ",5.30,1302.57,1.12
1771,554720119,"01771M14:38:43.567","01771 14:26:38",239.90,847.34,,,,"     ",5.30,1312.61,1.13
1771,554720120,"01771M14:38:44.540","01771 14:26:39",239.91,847.34,,,,"     ",5.30,1329.00,1.14
1771,554720121,"01771M14:38:45.513","01771 14:26:40",239.93,847.41,,,,"     ",5.30,1312.73,1.13
1771,554720122,"01771M14:38:46.486","01771 14:26:41",239.98,847.46,,,,"     ",5.30,1315.92,1.13
1771,554720123,"01771M14:38:47.460","01771 14:26:42",240.04,847.31,,,,"     ",5.30,1303.53,1.12
1771,554720124,"01771M14:38:48.433","01771 14:26:43",240.11,847.49,,,,"     ",5.30,1294.63,1.11
1771,554720125,"01771M14:38:49.406","01771 14:26:44",240.19,847.52,,,,"     ",5.30,1306.51,1.12
1771,554720126,"01771M14:38:50.379","01771 14:26:45",240.25,847.44,,,,"     ",5.30,1295.94,1.11
1771,554720127,"01771M14:38:51.353","01771 14:26:46",240.31,847.32,,,,"     ",5.30,1296.62,1.11
1771,554720128,"01771M14:38:52.326","01771 14:26:47",240.34,847.34,,,,"     ",5.30,1315.88,1.13
1771,554720129,"01771M14:38:53.299","01771 14:26:48",240.35,847.32,,,,"     ",5.30,1302.25,1.12
1771,554720130,"01771M14:38:54.272","01771 14:26:49",240.34,847.40,,,,"     ",5.30,1315.06,1.13
1771,554720131,"01771M14:38:55.246","01771 14:26:50",240.30,847.30,,,,"     ",5.30,1311.82,1.12
1771,554720132,"01771M14:38:56.219","01771 14:26:51",240.24,847.34,,,,"     ",5.30,1299.43,1.11
1771,554720133,"01771M14:38:57.192","01771 14:26:52",240.17,847.39,,,,"     ",5.30,1310.58,1.12
1771,554720134,"01771M14:38:58.165","01771 14:26:53",240.08,847.39,,,,"     ",5.30,1320.65,1.13
1771,554720135,"01771M14:38:59.139","01771 14:26:54",239.99,847.37,,,,"     ",5.30,1316.37,1.13
1771,554720136,"01771M14:39:00.112","01771 14:26:55",239.89,847.31,,,,"     ",5.30,1313.96,1.12
1771,554720137,"01771M14:39:01.085","01771 14:26:56",239.81,847.34,,,,"     ",5.30,1306.24,1.12
1771,554720138,"01771M14:39:02.058","01771 14:26:57",239.74,847.36,,,,"     ",5.30,1325.24,1.13
1771,554720139,"01771M14:39:03.032","01771 14:26:58",239.68,847.38,,,,"     ",5.30,1298.05,1.11
1771,554720140,"01771M14:39:04.005","01771 14:26:59",239.65,847.34,,,,"     ",5.30,1303.18,1.11
1771,554720141,"01771M14:39:04.978","01771 14:27:00",239.64,847.44,,,,"     ",5.30,1296.13,1.11
1771,554720142,"01771M14:39:05.951","01771 14:27:01",239.63,847.36,,,,"     ",5.30,1303.19,1.11
1771,554720143,"01771M14:39:06.925","01771 14:27:02",239.65,847.36,,,,"     ",5.30,1323.62,1.13
1771,554720144,"01771M14:39:07.898","01771 14:27:03",239.67,847.41,,,,"     ",5.30,1305.05,1.11
1771,554720145,"01771M14:39:08.871","01771 14:27:04",239.69,847.35,,,,"     ",5.30,1304.97,1.11
1771,554720146,"01771M14:39:09.844","01771 14:27:05",239.71,847.32,,,,"     ",5.30,1296.35,1.10
1771,554720147,"01771M14:39:10.818","01771 14:27:06",239.72,847.37,,,,"     ",5.30,1330.74,1.13
1771,554720148,"01771M14:39:11.791","01771 14:27:07",239.73,847.34,,,,"     ",5.30,1309.69,1.12
1771,554720149,"01771M14:39:12.764","01771 14:27:08",239.73,847.25,,,,"     ",5.30,1311.01,1.12
1771,554720150,"01771M14:39:13.737","01771 14:27:09",239.71,847.28,,,,"     ",5.30,1313.23,1.12
1771,554720151,"01771M14:39:14.711","01771 14:27:10",239.69,847.25,,,,"     ",5.30,1311.02,1.12
1771,554720152,"01771M14:39:15.684","01771 14:27:11",239.66,847.34,,,,"     ",5.30,1300.37,1.11
1771,554720153,"01771M14:39:16.657","01771 14:27:12",239.63,847.24,,,,"     ",5.30,1313.56,1.12
1771,554720154,"01771M14:39:17.630","01771 14:27:13",239.60,847.28,,,,"     ",5.30,1312.68,1.12
1771,554720155,"01771M14:39:18.604","01771 14:27:13",239.57,847.31,,,,"     ",5.30,1304.16,1.11
1771,554720156,"01771M14:39:19.577","01771 14:27:14",239.55,847.31,,,,"     ",5.30,1325.18,1.13
1771,554720157,"01771M14:39:20.550","01771 14:27:15",239.53,847.28,,,,"     ",5.30,1306.47,1.11
1771,554720158,"01771M14:39:21.523","01771 14:27:16",239.54,847.30,,,,"     ",5.30,1301.27,1.10
1771,554720159,"01771M14:39:22.497","01771 14:27:17",239.57,847.25,,,,"     ",5.30,1329.63,1.13
1771,554720160,"01771M14:39:23.470","01771 14:27:18",239.60,847.28,,,,"     ",5.30,1339.53,1.14
1771,554720161,"01771M14:39:24.443","01771 14:27:19",239.66,847.29,,,,"     ",5.30,1316.76,1.12
1771,554720162,"01771M14:39:25.416","01771 14:27:20",239.73,847.26,,,,"     ",5.30,1339.02,1.14
1771,554720163,"01771M14:39:26.390","01771 14:27:21",239.81,847.26,,,,"     ",5.30,1307.66,1.11
1771,554720164,"01771M14:39:27.363","01771 14:27:22",239.89,847.23,,,,"     ",5.30,1321.71,1.12
1771,554720165,"01771M14:39:28.336","01771 14:27:23",239.97,847.32,,,,"     ",5.30,1305.21,1.11
1771,554720166,"01771M14:39:29.309","01771 14:27:24",240.05,847.31,,,,"     ",5.30,1332.25,1.13
1771,554720167,"01771M14:39:30.283","01771 14:27:25",240.12,847.24,,,,"     ",5.30,1315.39,1.11
1771,554720168,"01771M14:39:31.256","01771 14:27:26",240.19,847.28,,,,"     ",5.30,1327.22,1.12
1771,554720169,"01771M14:39:32.229","01771 14:27:27",240.23,847.32,,,,"     ",5.30,1309.83,1.11
1771,554720170,"01771M14:39:33.202","01771 14:27:28",240.27,847.33,,,,"     ",5.30,1307.12,1.11
1771,554720171,"01771M14:39:34.176","01771 14:27:29",240.28,847.33,,,,"     ",5.30,1318.61,1.11
1771,554720172,"01771M14:39:35.149","01771 14:27:30",240.26,847.34,,,,"     ",5.30,1310.57,1.11
1771,554720173,"01771M14:39:36.122","01771 14:27:31",240.23,847.42,,,,"     ",5.30,1305.06,1.10
1771,554720174,"01771M14:39:37.095","01771 14:27:32",240.17,847.34,,,,"     ",5.30,1324.70,1.12
1771,554720175,"01771M14:39:38.069","01771 14:27:33",240.11,847.28,,,,"     ",5.30,1311.05,1.11
1771,554720176,"01771M14:39:39.042","01771 14:27:34",240.05,847.28,,,,"     ",5.30,1324.93,1.12
1771,554720177,"01771M14:39:40.015","01771 14:27:35",239.98,847.27,,,,"     ",5.30,1322.88,1.12
1771,554720178,"01771M14:39:40.988","01771 14:27:36",239.92,847.21,,,,"     ",5.30,1333.37,1.13
1771,554720179,"01771M14:39:41.962","01771 14:27:37",239.86,847.34,,,,"     ",5.30,1328.41,1.12
1771,554720180,"01771M14:39:42.935","01771 14:27:38",239.82,847.27,,,,"     ",5.30,1339.71,1.13
1771,554720181,"01771M14:39:43.908","01771 14:27:39",239.79,847.33,,,,"     ",5.30,1332.61,1.12
1771,554720182,"01771M14:39:44.881","01771 14:27:40",239.78,847.32,,,,"     ",5.30,1313.83,1.11
1771,554720183,"01771M14:39:45.855","01771 14:27:41",239.81,847.32,,,,"     ",5.30,1324.24,1.12
1771,554720184,"01771M14:39:46.828","01771 14:27:42",239.87,847.29,,,,"     ",5.30,1316.99,1.11
1771,554720185,"01771M14:39:47.801","01771 14:27:43",239.96,847.26,,,,"     ",5.30,1333.51,1.12
1771,554720186,"01771M14:39:48.775","01771 14:27:44",240.06,847.26,,,,"     ",5.30,1321.63,1.11
1771,554720187,"01771M14:39:49.748","01771 14:27:45",240.19,847.18,,,,"     ",5.30,1323.89,1.11
1771,554720188,"01771M14:39:50.721","01771 14:27:46",240.32,847.23,,,,"     ",5.30,1327.96,1.12
1771,554720189,"01771M14:39:51.694","01771 14:27:47",240.46,847.21,,,,"     ",5.30,1333.37,1.12
1771,554720190,"01771M14:39:52.668","01771 14:27:48",240.59,847.28,,,,"     ",5.30,1322.36,1.11
1771,554720191,"01771M14:39:53.641","01771 14:27:49",240.71,847.24,,,,"     ",5.30,1311.66,1.10
1771,554720192,"01771M14:39:54.614","01771 14:27:50",240.83,847.19,,,,"     ",5.30,1335.61,1.12
1771,554720193,"01771M14:39:55.587","01771 14:27:50",240.93,847.18,,,,"     ",5.30,1327.85,1.12
1771,554720194,"01771M14:39:56.561","01771 14:27:51",241.01,847.33,,,,"     ",5.30,1331.25,1.12
1771,554720195,"01771M14:39:57.534","01771 14:27:52",241.07,847.33,,,,"     ",5.30,1325.98,1.11
1771,554720196,"01771M14:39:58.507","01771 14:27:53",241.09,847.27,,,,"     ",5.30,1329.54,1.12
1771,554720197,"01771M14:39:59.480","01771 14:27:54",241.09,847.22,,,,"     ",5.30,1341.20,1.13
1771,554720198,"01771M14:40:00.454","01771 14:27:55",241.06,847.27,,,,"     ",5.30,1325.58,1.11
1771,554720199,"01771M14:40:01.427","01771 14:27:56",241.01,847.21,,,,"     ",5.30,1334.27,1.12
1771,554720200,"01771M14:40:02.400","01771 14:27:57",240.95,847.20,,,,"     ",5.30,1328.62,1.11
1771,554720201,"01771M14:40:03.373","01771 14:27:58",240.90,847.21,,,,"     ",5.30,1330.20,1.11
1771,554720202,"01771M14:40:04.347","01771 14:27:59",240.86,847.23,,,,"     ",5.30,1326.91,1.11
1771,554720203,"01771M14:40:05.320","01771 14:28:00",240.83,847.18,,,,"     ",5.30,1337.21,1.12
1771,554720204,"01771M14:40:06.293","01771 14:28:01",240.82,847.20,,,,"     ",5.30,1335.84,1.12
1771,554720205,"01771M14:40:07.266","01771 14:28:02",240.81,847.16,,,,"     ",5.30,1339.05,1.12
1771,554720206,"01771M14:40:08.240","01771 14:28:03",240.82,847.25,,,,"     ",5.30,1327.56,1.11
1771,554720207,"01771M14:40:09.213","01771 14:28:04",240.83,847.25,,,,"     ",5.30,1334.33,1.12
1771,554720208,"01771M14:40:10.186","01771 14:28:05",240.86,847.32,,,,"     ",5.30,1347.71,1.13
1771,554720209,"01771M14:40:11.159","01771 14:28:06",240.90,847.27,,,,"     ",5.30,1330.72,1.11
1771,554720210,"01771M14:40:12.133","01771 14:28:07",240.95,847.30,,,,"     ",5.30,1353.43,1.13
1771,554720211,"01771M14:40:13.106","01771 14:28:08",241.02,847.22,,,,"     ",5.30,1337.85,1.12
1771,554720212,"01771M14:40:14.079","01771 14:28:09",241.09,847.12,,,,"     ",5.30,1331.50,1.11
1771,554720213,"01771M14:40:15.052","01771 14:28:10",241.16,847.12,,,,"     ",5.30,1341.32,1.12
1771,554720214,"01771M14:40:16.026","01771 14:28:11",241.24,847.15,,,,"     ",5.30,1334.92,1.11
1771,554720215,"01771M14:40:16.999","01771 14:28:12",241.32,847.21,,,,"     ",5.30,1326.01,1.10
1771,554720216,"01771M14:40:17.972","01771 14:28:13",241.39,847.18,,,,"     ",5.30,1339.28,1.12
1771,554720217,"01771M14:40:18.945","01771 14:28:14",241.47,847.21,,,,"     ",5.30,1340.83,1.12
1771,554720218,"01771M14:40:19.919","01771 14:28:15",241.56,847.26,,,,"     ",5.30,1319.68,1.10
1771,554720219,"01771M14:40:20.892","01771 14:28:16",241.65,847.17,,,,"     ",5.30,1342.75,1.12
1771,554720220,"01771M14:40:21.865","01771 14:28:17",241.76,847.18,,,,"     ",5.30,1325.41,1.10
1771,554720221,"01771M14:40:22.838","01771 14:28:18",241.88,847.08,,,,"     ",5.30,1332.56,1.11
1771,554720222,"01771M14:40:23.812","01771 14:28:19",242.01,847.19,,,,"     ",5.30,1326.50,1.10
1771,554720223,"01771M14:40:24.785","01771 14:28:20",242.15,847.21,,,,"     ",5.30,1346.29,1.12
1771,554720224,"01771M14:40:25.758","01771 14:28:21",242.28,847.11,,,,"     ",5.30,1343.77,1.12
1771,554720225,"01771M14:40:26.731","01771 14:28:22",242.42,847.17,,,,"     ",5.30,1334.41,1.11
1771,554720226,"01771M14:40:27.705","01771 14:28:23",242.54,847.12,,,,"     ",5.30,1330.17,1.10
1771,554720227,"01771M14:40:28.678","01771 14:28:24",242.67,847.10,,,,"     ",5.30,1331.60,1.10
1771,554720228,"01771M14:40:29.651","01771 14:28:25",242.79,847.01,,,,"     ",5.30,1333.28,1.10
1771,554720229,"01771M14:40:30.624","01771 14:28:26",242.91,847.14,,,,"     ",5.30,1347.00,1.12
1771,554720230,"01771M14:40:31.598","01771 14:28:27",243.03,847.10,,,,"     ",5.30,1334.00,1.10
1771,554720231,"01771M14:40:32.571","01771 14:28:27",243.15,847.09,,,,"     ",5.30,1338.19,1.11
1771,554720232,"01771M14:40:33.544","01771 14:28:28",243.25,847.02,,,,"     ",5.30,1349.00,1.12
1771,554720233,"01771M14:40:34.517","01771 14:28:29",243.35,847.01,,,,"     ",5.30,1343.63,1.11
1771,554720234,"01771M14:40:35.491","01771 14:28:30",243.46,847.13,,,,"     ",5.30,1354.92,1.12
1771,554720235,"01771M14:40:36.464","01771 14:28:31",243.55,847.13,,,,"     ",5.30,1334.76,1.10
1771,554720236,"01771M14:40:37.437","01771 14:28:32",243.65,847.11,,,,"     ",5.30,1335.01,1.10
1771,554720237,"01771M14:40:38.410","01771 14:28:33",243.74,847.23,,,,"     ",5.30,1342.00,1.11
1771,554720238,"01771M14:40:39.384","01771 14:28:34",243.82,847.26,,,,"     ",5.30,1339.29,1.10
1771,554720239,"01771M14:40:40.357","01771 14:28:35",243.91,847.15,,,,"     ",5.30,1359.21,1.12
1771,554720240,"01771M14:40:41.330","01771 14:28:36",243.99,847.21,,,,"     ",5.30,1354.17,1.12
1771,554720241,"01771M14:40:42.303","01771 14:28:37",244.07,847.17,,,,"     ",5.30,1358.90,1.12
1771,554720242,"01771M14:40:43.277","01771 14:28:38",244.14,847.12,,,,"     ",5.30,1352.63,1.11
1771,554720243,"01771M14:40:44.250","01771 14:28:39",244.22,847.16,,,,"     ",5.30,1358.41,1.12
1771,554720244,"01771M14:40:45.223","01771 14:28:40",244.29,847.14,,,,"     ",5.30,1357.60,1.12
1771,554720245,"01771M14:40:46.196","01771 14:28:41",244.57,847.13,,,,"     ",5.30,1345.20,1.11
1771,554720246,"01771M14:40:47.170","01771 14:28:42",244.60,847.14,,,,"     ",5.30,1332.02,1.09
1771,554720247,"01771M14:40:48.143","01771 14:28:43",244.62,847.15,,,,"     ",5.30,1348.01,1.11
1771,554720248,"01771M14:40:49.116","01771 14:28:44",244.65,847.11,,,,"     ",5.30,1363.77,1.12
1771,554720249,"01771M14:40:50.089","01771 14:28:45",244.66,847.04,,,,"     ",5.30,1365.03,1.12
1771,554720250,"01771M14:40:51.063","01771 14:28:46",244.67,847.08,,,,"     ",5.30,1362.58,1.12
1771,554720251,"01771M14:40:52.036","01771 14:28:47",244.68,847.05,,,,"     ",5.30,1358.65,1.11
1771,554720252,"01771M14:40:53.009","01771 14:28:48",244.68,847.08,,,,"     ",5.30,1359.39,1.11
1771,554720253,"01771M14:40:53.982","01771 14:28:49",244.68,847.11,,,,"     ",5.30,1362.25,1.12
1771,554720254,"01771M14:40:54.956","01771 14:28:50",244.67,847.09,,,,"     ",5.30,1369.85,1.12
1771,554720255,"01771M14:40:55.929","01771 14:28:51",244.66,847.08,,,,"     ",5.30,1350.65,1.10
1771,554720256,"01771M14:40:56.902","01771 14:28:52",244.64,847.04,,,,"     ",5.30,1349.84,1.10
1771,554720257,"01771M14:40:57.876","01771 14:28:53",244.62,847.05,,,,"     ",5.30,1373.28,1.12
1771,554720258,"01771M14:40:58.849","01771 14:28:54",244.58,847.09,,,,"     ",5.30,1340.89,1.10
1771,554720259,"01771M14:40:59.822","01771 14:28:55",244.54,847.08,,,,"     ",5.30,1343.02,1.10
1771,554720260,"01771M14:41:00.795","01771 14:28:56",244.52,847.12,,,,"     ",5.30,1360.05,1.11
1771,554720261,"01771M14:41:01.769","01771 14:28:57",244.50,847.17,,,,"     ",5.30,1358.72,1.11
1771,554720262,"01771M14:41:02.742","01771 14:28:58",244.49,847.15,,,,"     ",5.30,1353.34,1.10
1771,554720263,"01771M14:41:03.715","01771 14:28:59",244.49,847.15,,,,"     ",5.30,1346.05,1.10
1771,554720264,"01771M14:41:04.688","01771 14:29:00",244.48,847.12,,,,"     ",5.30,1350.24,1.10
1771,554720265,"01771M14:41:05.662","01771 14:29:01",244.48,847.16,,,,"     ",5.30,1349.75,1.10
1771,554720266,"01771M14:41:06.635","01771 14:29:02",244.47,847.13,,,,"     ",5.30,1355.72,1.10
1771,554720267,"01771M14:41:07.608","01771 14:29:03",244.48,847.10,,,,"     ",5.30,1366.32,1.11
1771,554720268,"01771M14:41:08.581","01771 14:29:04",244.51,847.10,,,,"     ",5.30,1371.68,1.12
1771,554720269,"01771M14:41:09.555","01771 14:29:04",244.54,847.14,,,,"     ",5.30,1344.45,1.09
1771,554720270,"01771M14:41:10.528","01771 14:29:05",244.59,847.08,,,,"     ",5.30,1354.44,1.10
1771,554720271,"01771M14:41:11.501","01771 14:29:06",244.63,847.04,,,,"     ",5.30,1361.52,1.11
1771,554720272,"01771M14:41:12.474","01771 14:29:07",244.67,847.10,,,,"     ",5.30,1367.69,1.11
1771,554720273,"01771M14:41:13.448","01771 14:29:08",244.70,847.14,,,,"     ",5.30,1351.52,1.10
1771,554720274,"01771M14:41:14.421","01771 14:29:09",244.72,847.04,,,,"     ",5.30,1348.13,1.09
1771,554720275,"01771M14:41:15.394","01771 14:29:10",244.76,847.09,,,,"     ",5.30,1365.04,1.11
1771,554720276,"01771M14:41:16.367","01771 14:29:11",244.79,847.02,,,,"     ",5.30,1364.91,1.11
1771,554720277,"01771M14:41:17.341","01771 14:29:12",244.82,847.02,,,,"     ",5.30,1367.50,1.11
1771,554720278,"01771M14:41:18.314","01771 14:29:13",244.86,847.11,,,,"     ",5.30,1376.12,1.12
1771,554720279,"01771M14:41:19.287","01771 14:29:14",244.89,847.08,,,,"     ",5.30,1369.94,1.11
1771,554720280,"01771M14:41:20.260","01771 14:29:15",244.91,847.04,,,,"     ",5.30,1372.22,1.11
1771,554720281,"01771M14:41:21.234","01771 14:29:16",244.93,847.06,,,,"     ",5.30,1371.02,1.11
1771,554720282,"01771M14:41:22.207","01771 14:29:17",244.94,846.92,,,,"     ",5.30,1366.49,1.11
1771,554720283,"01771M14:41:23.180","01771 14:29:18",244.94,847.01,,,,"     ",5.30,1353.24,1.09
1771,554720284,"01771M14:41:24.153","01771 14:29:19",244.96,846.99,,,,"     ",5.30,1361.35,1.10
1771,554720285,"01771M14:41:25.127","01771 14:29:20",244.99,846.96,,,,"     ",5.30,1362.14,1.10
1771,554720286,"01771M14:41:26.100","01771 14:29:21",245.02,846.96,,,,"     ",5.30,1365.62,1.10
1771,554720287,"01771M14:41:27.073","01771 14:29:22",245.06,846.94,,,,"     ",5.30,1361.55,1.10
1771,554720288,"01771M14:41:28.046","01771 14:29:23",245.11,846.91,,,,"     ",5.30,1365.28,1.10
1771,554720289,"01771M14:41:29.020","01771 14:29:24",245.14,846.91,,,,"     ",5.30,1369.73,1.11
1771,554720290,"01771M14:41:29.993","01771 14:29:25",245.16,846.96,,,,"     ",5.30,1367.04,1.10
1771,554720291,"01771M14:41:30.966","01771 14:29:26",245.17,846.97,,,,"     ",5.30,1379.87,1.12
1771,554720292,"01771M14:41:31.939","01771 14:29:27",245.15,846.95,,,,"     ",5.30,1375.31,1.11
1771,554720293,"01771M14:41:32.913","01771 14:29:28",245.11,846.93,,,,"     ",5.30,1368.34,1.11
1771,554720294,"01771M14:41:33.886","01771 14:29:29",245.05,846.94,,,,"     ",5.30,1366.10,1.10
1771,554720295,"01771M14:41:34.859","01771 14:29:30",244.98,846.99,,,,"     ",5.30,1360.05,1.10
1771,554720296,"01771M14:41:35.832","01771 14:29:31",244.90,846.96,,,,"     ",5.30,1367.71,1.10
1771,554720297,"01771M14:41:36.806","01771 14:29:32",244.81,847.01,,,,"     ",5.30,1367.09,1.10
1771,554720298,"01771M14:41:37.779","01771 14:29:33",244.72,847.04,,,,"     ",5.30,1350.77,1.09
1771,554720299,"01771M14:41:38.752","01771 14:29:34",244.63,846.95,,,,"     ",5.30,1369.63,1.11
1771,554720300,"01771M14:41:39.725","01771 14:29:35",244.55,846.96,,,,"     ",5.30,1368.51,1.11
1771,554720301,"01771M14:41:40.699","01771 14:29:36",244.49,846.97,,,,"     ",5.30,1377.93,1.11
1771,554720302,"01771M14:41:41.672","01771 14:29:37",244.43,847.00,,,,"     ",5.30,1361.67,1.10
1771,554720303,"01771M14:41:42.645","01771 14:29:38",244.39,847.04,,,,"     ",5.30,1360.03,1.10
1771,554720304,"01771M14:41:43.618","01771 14:29:39",244.37,846.91,,,,"     ",5.30,1350.07,1.09
1771,554720305,"01771M14:41:44.592","01771 14:29:40",244.34,846.97,,,,"     ",5.30,1345.77,1.09
1771,554720306,"01771M14:41:45.565","01771 14:29:40",244.33,846.93,,,,"     ",5.30,1363.06,1.10
1771,554720307,"01771M14:41:46.538","01771 14:29:41",244.31,846.93,,,,"     ",5.30,1353.55,1.09
1771,554720308,"01771M14:41:47.511","01771 14:29:42",244.30,846.91,,,,"     ",5.30,1359.50,1.10
1771,554720309,"01771M14:41:48.485","01771 14:29:43",244.28,846.97,,,,"     ",5.30,1358.91,1.10
1771,554720310,"01771M14:41:49.458","01771 14:29:44",244.26,847.00,,,,"     ",5.30,1350.28,1.09
1771,554720311,"01771M14:41:50.431","01771 14:29:45",244.25,846.98,,,,"     ",5.30,1361.93,1.10
1771,554720312,"01771M14:41:51.404","01771 14:29:46",244.25,846.96,,,,"     ",5.30,1364.88,1.10
1771,554720313,"01771M14:41:52.378","01771 14:29:47",244.25,846.93,,,,"     ",5.30,1364.63,1.10
1771,554720314,"01771M14:41:53.351","01771 14:29:48",244.27,846.99,,,,"     ",5.30,1358.45,1.10
1771,554720315,"01771M14:41:54.324","01771 14:29:49",244.31,846.98,,,,"     ",5.30,1365.21,1.10
1771,554720316,"01771M14:41:55.297","01771 14:29:50",244.37,847.00,,,,"     ",5.30,1360.06,1.10
1771,554720317,"01771M14:41:56.271","01771 14:29:51",244.44,847.01,,,,"     ",5.30,1374.53,1.11
1771,554720318,"01771M14:41:57.244","01771 14:29:52",244.54,846.95,,,,"     ",5.30,1351.29,1.09
1771,554720319,"01771M14:41:58.217","01771 14:29:53",244.66,846.94,,,,"     ",5.30,1369.34,1.11
1771,554720320,"01771M14:41:59.190","01771 14:29:54",244.77,846.96,,,,"     ",5.30,1359.36,1.10
1771,554720321,"01771M14:42:00.164","01771 14:29:55",244.90,847.00,,,,"     ",5.30,1361.16,1.10
1771,554720322,"01771M14:42:01.137","01771 14:29:56",245.03,846.87,,,,"     ",5.30,1372.42,1.11
1771,554720323,"01771M14:42:02.110","01771 14:29:57",245.15,846.96,,,,"     ",5.30,1365.06,1.11
1771,554720324,"01771M14:42:03.083","01771 14:29:58",245.26,846.97,,,,"     ",5.30,1372.70,1.11
1771,554720325,"01771M14:42:04.057","01771 14:29:59",245.36,846.94,,,,"     ",5.30,1346.79,1.09
1771,554720326,"01771M14:42:05.030","01771 14:30:00",245.45,846.87,,,,"     ",5.30,1352.96,1.10
1771,554720327,"01771M14:42:06.003","01771 14:30:01",245.53,846.89,,,,"     ",5.30,1344.74,1.09
1771,554720328,"01771M14:42:06.977","01771 14:30:02",245.60,846.94,,,,"     ",5.30,1362.21,1.10
1771,554720329,"01771M14:42:07.950","01771 14:30:03",245.66,846.99,,,,"     ",5.30,1367.86,1.11
1771,554720330,"01771M14:42:08.923","01771 14:30:04",245.70,846.96,,,,"     ",5.30,1370.21,1.11
1771,554720331,"01771M14:42:09.896","01771 14:30:05",245.73,846.84,,,,"     ",5.30,1375.04,1.11
1771,554720332,"01771M14:42:10.870","01771 14:30:06",245.73,846.86,,,,"     ",5.30,1374.05,1.11
1771,554720333,"01771M14:42:11.843","01771 14:30:07",245.73,846.85,,,,"     ",5.30,1367.59,1.11
1771,554720334,"01771M14:42:12.816","01771 14:30:08",245.73,846.83,,,,"     ",5.30,1353.83,1.10
1771,554720335,"01771M14:42:13.789","01771 14:30:09",245.74,846.85,,,,"     ",5.30,1362.11,1.10
1771,554720336,"01771M14:42:14.763","01771 14:30:10",245.75,846.90,,,,"     ",5.30,1356.84,1.10
1771,554720337,"01771M14:42:15.736","01771 14:30:11",245.78,846.90,,,,"     ",5.30,1369.46,1.11
1771,554720338,"01771M14:42:16.709","01771 14:30:12",245.82,846.81,,,,"     ",5.30,1367.66,1.11
1771,554720339,"01771M14:42:17.682","01771 14:30:13",245.86,846.90,,,,"     ",5.30,1359.79,1.10
1771,554720340,"01771M14:42:18.656","01771 14:30:14",245.91,846.97,,,,"     ",5.30,1357.57,1.10
1771,554720341,"01771M14:42:19.629","01771 14:30:15",245.96,846.87,,,,"     ",5.30,1364.85,1.11
1771,554720342,"01771M14:42:20.602","01771 14:30:16",246.01,846.84,,,,"     ",5.30,1343.24,1.09
1771,554720343,"01771M14:42:21.575","01771 14:30:17",246.07,846.80,,,,"     ",5.30,1373.19,1.11
1771,554720344,"01771M14:42:22.549","01771 14:30:17",246.12,846.79,,,,"     ",5.30,1366.80,1.11
1771,554720345,"01771M14:42:23.522","01771 14:30:18",246.16,846.78,,,,"     ",5.30,1367.61,1.11
1771,554720346,"01771M14:42:24.495","01771 14:30:19",246.20,846.86,,,,"     ",5.30,1374.10,1.11
1771,554720347,"01771M14:42:25.468","01771 14:30:20",246.23,846.85,,,,"     ",5.30,1365.56,1.11
1771,554720348,"01771M14:42:26.442","01771 14:30:21",246.24,846.83,,,,"     ",5.30,1343.64,1.09
1771,554720349,"01771M14:42:27.415","01771 14:30:22",246.24,846.83,,,,"     ",5.30,1333.74,1.08
1771,554720350,"01771M14:42:28.388","01771 14:30:23",246.23,846.86,,,,"     ",5.30,1366.68,1.11
1771,554720351,"01771M14:42:29.361","01771 14:30:24",246.20,846.87,,,,"     ",5.30,1361.02,1.10
1771,554720352,"01771M14:42:30.335","01771 14:30:25",246.19,846.83,,,,"     ",5.30,1369.18,1.11
1771,554720353,"01771M14:42:31.308","01771 14:30:26",246.18,846.75,,,,"     ",5.30,1363.00,1.10
1771,554720354,"01771M14:42:32.281","01771 14:30:27",246.16,846.73,,,,"     ",5.30,1356.44,1.10
1771,554720355,"01771M14:42:33.254","01771 14:30:28",246.15,846.79,,,,"     ",5.30,1369.17,1.11
1771,554720356,"01771M14:42:34.228","01771 14:30:29",246.13,846.84,,,,"     ",5.30,1374.49,1.11
1771,554720357,"01771M14:42:35.201","01771 14:30:30",246.11,846.74,,,,"     ",5.30,1347.97,1.09
1771,554720358,"01771M14:42:36.174","01771 14:30:31",246.08,846.71,,,,"     ",5.30,1362.20,1.10
1771,554720359,"01771M14:42:37.147","01771 14:30:32",246.06,846.70,,,,"     ",5.30,1364.35,1.10
1771,554720360,"01771M14:42:38.121","01771 14:30:33",246.03,846.72,,,,"     ",5.30,1352.08,1.09
1771,554720361,"01771M14:42:39.094","01771 14:30:34",246.02,846.81,,,,"     ",5.30,1363.64,1.10
1771,554720362,"01771M14:42:40.067","01771 14:30:35",246.01,846.74,,,,"     ",5.30,1370.26,1.11
1771,554720363,"01771M14:42:41.040","01771 14:30:36",246.02,846.71,,,,"     ",5.30,1378.49,1.11
1771,554720364,"01771M14:42:42.014","01771 14:30:37",246.04,846.75,,,,"     ",5.30,1379.22,1.11
1771,554720365,"01771M14:42:42.987","01771 14:30:38",246.07,846.77,,,,"     ",5.30,1365.36,1.10
1771,554720366,"01771M14:42:43.960","01771 14:30:39",246.12,846.85,,,,"     ",5.30,1366.44,1.10
1771,554720367,"01771M14:42:44.933","01771 14:30:40",246.18,846.82,,,,"     ",5.30,1383.32,1.12
1771,554720368,"01771M14:42:45.907","01771 14:30:41",246.25,846.81,,,,"     ",5.30,1365.84,1.10
1771,554720369,"01771M14:42:46.880","01771 14:30:42",246.34,846.78,,,,"     ",5.30,1369.36,1.11
1771,554720370,"01771M14:42:47.853","01771 14:30:43",246.43,846.77,,,,"     ",5.30,1382.11,1.12
1771,554720371,"01771M14:42:48.826","01771 14:30:44",246.52,846.72,,,,"     ",5.30,1355.35,1.09
1771,554720372,"01771M14:42:49.800","01771 14:30:45",246.61,846.70,,,,"     ",5.30,1367.11,1.10
1771,554720373,"01771M14:42:50.773","01771 14:30:46",246.70,846.68,,,,"     ",5.30,1363.17,1.10
1771,554720374,"01771M14:42:51.746","01771 14:30:47",246.77,846.72,,,,"     ",5.30,1375.31,1.11
1771,554720375,"01771M14:42:52.719","01771 14:30:48",246.82,846.77,,,,"     ",5.30,1346.39,1.09
1771,554720376,"01771M14:42:53.693","01771 14:30:49",246.86,846.75,,,,"     ",5.30,1364.90,1.10
1771,554720377,"01771M14:42:54.666","01771 14:30:50",246.89,846.73,,,,"     ",5.30,1367.68,1.10
1771,554720378,"01771M14:42:55.639","01771 14:30:51",246.92,846.65,,,,"     ",5.30,1360.53,1.10
1771,554720379,"01771M14:42:56.612","01771 14:30:52",246.94,846.61,,,,"     ",5.30,1376.93,1.11
1771,554720380,"01771M14:42:57.586","01771 14:30:53",246.97,846.64,,,,"     ",5.30,1373.95,1.11
1771,554720381,"01771M14:42:58.559","01771 14:30:54",246.99,846.67,,,,"     ",5.30,1401.75,1.13
1771,554720382,"01771M14:42:59.532","01771 14:30:54",247.03,846.61,,,,"     ",5.30,1349.62,1.09
1771,554720383,"01771M14:43:00.505","01771 14:30:55",247.06,846.66,,,,"     ",5.30,1372.31,1.11
1771,554720384,"01771M14:43:01.479","01771 14:30:56",247.12,846.60,,,,"     ",5.30,1359.61,1.10
1771,554720385,"01771M14:43:02.452","01771 14:30:57",247.19,846.68,,,,"     ",5.30,1348.27,1.09
1771,554720386,"01771M14:43:03.425","01771 14:30:58",247.27,846.55,,,,"     ",5.30,1373.99,1.11
1771,554720387,"01771M14:43:04.398","01771 14:30:59",247.22,846.59,,,,"     ",5.30,1343.81,1.09
1771,554720388,"01771M14:43:05.372","01771 14:31:00",247.17,846.59,,,,"     ",5.30,1360.82,1.10
1771,554720389,"01771M14:43:06.345","01771 14:31:01",247.12,846.56,,,,"     ",5.30,1351.76,1.10
1771,554720390,"01771M14:43:07.318","01771 14:31:02",247.05,846.61,,,,"     ",5.30,1333.94,1.08
1771,554720391,"01771M14:43:08.291","01771 14:31:03",246.97,846.67,,,,"     ",5.30,1341.31,1.09
1771,554720392,"01771M14:43:09.265","01771 14:31:04",246.86,846.57,,,,"     ",5.30,1347.98,1.09
1771,554720393,"01771M14:43:10.238","01771 14:31:05",246.74,846.60,,,,"     ",5.30,1359.39,1.10
1771,554720394,"01771M14:43:11.211","01771 14:31:06",246.63,846.62,,,,"     ",5.30,1357.53,1.10
1771,554720395,"01771M14:43:12.184","01771 14:31:07",246.53,846.60,,,,"     ",5.30,1365.85,1.11
1771,554720396,"01771M14:43:13.158","01771 14:31:08",246.44,846.58,,,,"     ",5.30,1332.32,1.08
1771,554720397,"01771M14:43:14.131","01771 14:31:09",246.36,846.46,,,,"     ",5.30,1359.15,1.11
1771,554720398,"01771M14:43:15.104","01771 14:31:10",246.29,846.64,,,,"     ",5.30,1339.85,1.09
1771,554720399,"01771M14:43:16.078","01771 14:31:11",246.22,846.57,,,,"     ",5.30,1363.70,1.11
1771,554720400,"01771M14:43:17.051","01771 14:31:12",246.15,846.45,,,,"     ",5.30,1351.90,1.10
1771,554720401,"01771M14:43:18.024","01771 14:31:13",246.07,846.55,,,,"     ",5.30,1346.77,1.10
1771,554720402,"01771M14:43:18.997","01771 14:31:14",245.98,846.53,,,,"     ",5.30,1351.82,1.10
1771,554720403,"01771M14:43:19.971","01771 14:31:15",245.88,846.52,,,,"     ",5.30,1328.70,1.09
1771,554720404,"01771M14:43:20.944","01771 14:31:16",245.78,846.47,,,,"     ",5.30,1329.57,1.09
1771,554720405,"01771M14:43:21.917","01771 14:31:17",245.66,846.50,,,,"     ",5.30,1358.79,1.11
1771,554720406,"01771M14:43:22.890","01771 14:31:18",245.54,846.55,,,,"     ",5.30,1341.41,1.10
1771,554720407,"01771M14:43:23.864","01771 14:31:19",245.43,846.57,,,,"     ",5.30,1339.61,1.10
1771,554720408,"01771M14:43:24.837","01771 14:31:20",245.34,846.50,,,,"     ",5.30,1333.62,1.09
1771,554720409,"01771M14:43:25.810","01771 14:31:21",245.27,846.63,,,,"     ",5.30,1342.73,1.10
1771,554720410,"01771M14:43:26.783","01771 14:31:22",245.23,846.52,,,,"     ",5.30,1350.27,1.11
1771,554720411,"01771M14:43:27.757","01771 14:31:23",245.21,846.48,,,,"     ",5.30,1341.20,1.10
1771,554720412,"01771M14:43:28.730","01771 14:31:24",245.20,846.49,,,,"     ",5.30,1330.10,1.09
1771,554720413,"01771M14:43:29.703","01771 14:31:25",245.22,846.49,,,,"     ",5.30,1348.23,1.11
1771,554720414,"01771M14:43:30.676","01771 14:31:26",245.25,846.55,,,,"     ",5.30,1351.11,1.11
1771,554720415,"01771M14:43:31.650","01771 14:31:27",245.27,846.52,,,,"     ",5.30,1337.44,1.10
1771,554720416,"01771M14:43:32.623","01771 14:31:28",245.27,846.60,,,,"     ",5.30,1336.47,1.10
1771,554720417,"01771M14:43:33.596","01771 14:31:29",245.24,846.49,,,,"     ",5.30,1324.66,1.09
1771,554720418,"01771M14:43:34.569","01771 14:31:30",245.20,846.55,,,,"     ",5.30,1362.31,1.13
1771,554720419,"01771M14:43:35.543","01771 14:31:30",245.14,846.50,,,,"     ",5.30,1312.16,1.08
1771,554720420,"01771M14:43:36.516","01771 14:31:31",245.06,846.49,,,,"     ",5.30,1331.66,1.10
1771,554720421,"01771M14:43:37.489","01771 14:31:32",244.97,846.54,,,,"     ",5.30,1336.18,1.11
1771,554720422,"01771M14:43:38.462","01771 14:31:33",244.87,846.44,,,,"     ",5.30,1331.81,1.10
1771,554720423,"01771M14:43:39.436","01771 14:31:34",244.77,846.52,,,,"     ",5.30,1343.84,1.11
1771,554720424,"01771M14:43:40.409","01771 14:31:35",244.67,846.49,,,,"     ",5.30,1335.28,1.11
1771,554720425,"01771M14:43:41.382","01771 14:31:36",244.56,846.51,,,,"     ",5.30,1325.96,1.10
1771,554720426,"01771M14:43:42.355","01771 14:31:37",244.43,846.46,,,,"     ",5.30,1334.37,1.11
1771,554720427,"01771M14:43:43.329","01771 14:31:38",244.30,846.41,,,,"     ",5.30,1343.02,1.12
1771,554720428,"01771M14:43:44.302","01771 14:31:39",244.17,846.51,,,,"     ",5.30,1332.15,1.11
1771,554720429,"01771M14:43:45.275","01771 14:31:40",244.06,846.48,,,,"     ",5.30,1344.38,1.12
1771,554720430,"01771M14:43:46.248","01771 14:31:41",243.98,846.51,,,,"     ",5.30,1325.55,1.10
1771,554720431,"01771M14:43:47.222","01771 14:31:42",243.92,846.46,,,,"     ",5.30,1324.44,1.10
1771,554720432,"01771M14:43:48.195","01771 14:31:43",243.89,846.55,,,,"     ",5.30,1333.19,1.11
1771,554720433,"01771M14:43:49.168","01771 14:31:44",243.90,846.54,,,,"     ",5.30,1335.39,1.11
1771,554720434,"01771M14:43:50.141","01771 14:31:45",243.94,846.49,,,,"     ",5.30,1327.99,1.11
1771,554720435,"01771M14:43:51.115","01771 14:31:46",244.00,846.50,,,,"     ",5.30,1318.24,1.10
1771,554720436,"01771M14:43:52.088","01771 14:31:47",244.06,846.39,,,,"     ",5.30,1346.33,1.12
1771,554720437,"01771M14:43:53.061","01771 14:31:48",244.13,846.39,,,,"     ",5.30,1321.50,1.10
1771,554720438,"01771M14:43:54.034","01771 14:31:49",244.20,846.40,,,,"     ",5.30,1314.72,1.10
1771,554720439,"01771M14:43:55.008","01771 14:31:50",244.28,846.44,,,,"     ",5.30,1321.08,1.10
1771,554720440,"01771M14:43:55.981","01771 14:31:51",244.36,846.45,,,,"     ",5.30,1304.00,1.09
1771,554720441,"01771M14:43:56.954","01771 14:31:52",244.42,846.48,,,,"     ",5.30,1316.85,1.10
1771,554720442,"01771M14:43:57.927","01771 14:31:53",244.45,846.49,,,,"     ",5.30,1310.94,1.10
1771,554720443,"01771M14:43:58.901","01771 14:31:54",244.48,846.51,,,,"     ",5.30,1331.06,1.11
1771,554720444,"01771M14:43:59.874","01771 14:31:55",244.49,846.53,,,,"     ",5.30,1340.36,1.12
1771,554720445,"01771M14:44:00.847","01771 14:31:56",244.49,846.46,,,,"     ",5.30,1331.70,1.12
1771,554720446,"01771M14:44:01.820","01771 14:31:57",244.48,846.42,,,,"     ",5.30,1326.80,1.11
1771,554720447,"01771M14:44:02.794","01771 14:31:58",244.48,846.41,,,,"     ",5.30,1332.07,1.12
1771,554720448,"01771M14:44:03.767","01771 14:31:59",244.49,846.44,,,,"     ",5.30,1330.83,1.12
1771,554720449,"01771M14:44:04.740","01771 14:32:00",244.52,846.39,,,,"     ",5.30,1332.93,1.12
1771,554720450,"01771M14:44:05.713","01771 14:32:01",244.56,846.42,,,,"     ",5.30,1313.85,1.10
1771,554720451,"01771M14:44:06.687","01771 14:32:02",244.60,846.45,,,,"     ",5.30,1329.12,1.12
1771,554720452,"01771M14:44:07.660","01771 14:32:03",244.63,846.42,,,,"     ",5.30,1331.64,1.12
1771,554720453,"01771M14:44:08.633","01771 14:32:04",244.65,846.49,,,,"     ",5.30,1305.64,1.10
1771,554720454,"01771M14:44:09.606","01771 14:32:05",244.64,846.41,,,,"     ",5.30,1331.72,1.12
1771,554720455,"01771M14:44:10.580","01771 14:32:06",244.61,846.47,,,,"     ",5.30,1327.63,1.12
1771,554720456,"01771M14:44:11.553","01771 14:32:07",244.56,846.49,,,,"     ",5.30,1329.46,1.12
1771,554720457,"01771M14:44:12.526","01771 14:32:07",244.51,846.36,,,,"     ",5.30,1318.87,1.11
1771,554720458,"01771M14:44:13.499","01771 14:32:08",244.46,846.38,,,,"     ",5.30,1321.84,1.11
1771,554720459,"01771M14:44:14.473","01771 14:32:09",244.44,846.33,,,,"     ",5.30,1305.49,1.10
1771,554720460,"01771M14:44:15.446","01771 14:32:10",244.46,846.38,,,,"     ",5.30,1318.20,1.11
1771,554720461,"01771M14:44:16.419","01771 14:32:11",244.52,846.36,,,,"     ",5.30,1307.37,1.10
1771,554720462,"01771M14:44:17.392","01771 14:32:12",244.59,846.37,,,,"     ",5.30,1325.87,1.11
1771,554720463,"01771M14:44:18.366","01771 14:32:13",244.69,846.41,,,,"     ",5.30,1323.20,1.11
1771,554720464,"01771M14:44:19.339","01771 14:32:14",244.82,846.41,,,,"     ",5.30,1333.81,1.12
1771,554720465,"01771M14:44:20.312","01771 14:32:15",244.98,846.44,,,,"     ",5.30,1330.34,1.12
1771,554720466,"01771M14:44:21.285","01771 14:32:16",245.15,846.40,,,,"     ",5.30,1329.23,1.12
1771,554720467,"01771M14:44:22.259","01771 14:32:17",245.32,846.34,,,,"     ",5.30,1314.13,1.10
1771,554720468,"01771M14:44:23.232","01771 14:32:18",245.48,846.42,,,,"     ",5.30,1337.10,1.12
1771,554720469,"01771M14:44:24.205","01771 14:32:19",245.59,846.34,,,,"     ",5.30,1348.42,1.13
1771,554720470,"01771M14:44:25.178","01771 14:32:20",245.65,846.31,,,,"     ",5.30,1324.69,1.11
1771,554720471,"01771M14:44:26.152","01771 14:32:21",245.65,846.33,,,,"     ",5.30,1351.80,1.14
1771,554720472,"01771M14:44:27.125","01771 14:32:22",245.60,846.38,,,,"     ",5.30,1338.06,1.12
1771,554720473,"01771M14:44:28.098","01771 14:32:23",245.52,846.24,,,,"     ",5.30,1318.59,1.11
1771,554720474,"01771M14:44:29.072","01771 14:32:24",245.41,846.36,,,,"     ",5.30,1312.96,1.10
1771,554720475,"01771M14:44:30.045","01771 14:32:25",245.33,846.30,,,,"     ",5.30,1340.80,1.13
1771,554720476,"01771M14:44:31.018","01771 14:32:26",245.28,846.25,,,,"     ",5.30,1334.11,1.12
1771,554720477,"01771M14:44:31.991","01771 14:32:27",245.27,846.36,,,,"     ",5.30,1315.15,1.10
1771,554720478,"01771M14:44:32.965","01771 14:32:28",245.29,846.34,,,,"     ",5.30,1334.26,1.12
1771,554720479,"01771M14:44:33.938","01771 14:32:29",245.34,846.40,,,,"     ",5.30,1319.75,1.11
1771,554720480,"01771M14:44:34.911","01771 14:32:30",245.39,846.40,,,,"     ",5.30,1323.49,1.11
1771,554720481,"01771M14:44:35.884","01771 14:32:31",245.46,846.32,,,,"     ",5.30,1316.40,1.10
1771,554720482,"01771M14:44:36.858","01771 14:32:32",245.57,846.35,,,,"     ",5.30,1330.32,1.11
1771,554720483,"01771M14:44:37.831","01771 14:32:33",245.70,846.36,,,,"     ",5.30,1341.81,1.12
1771,554720484,"01771M14:44:38.804","01771 14:32:34",245.85,846.40,,,,"     ",5.30,1332.41,1.12
1771,554720485,"01771M14:44:39.777","01771 14:32:35",246.00,846.38,,,,"     ",5.30,1323.86,1.11
1771,554720486,"01771M14:44:40.751","01771 14:32:36",246.11,846.35,,,,"     ",5.30,1331.34,1.11
1771,554720487,"01771M14:44:41.724","01771 14:32:37",246.17,846.34,,,,"     ",5.30,1327.62,1.11
1771,554720488,"01771M14:44:42.697","01771 14:32:38",246.17,846.31,,,,"     ",5.30,1329.98,1.11
1771,554720489,"01771M14:44:43.670","01771 14:32:39",246.11,846.38,,,,"     ",5.30,1321.14,1.10
1771,554720490,"01771M14:44:44.644","01771 14:32:40",246.03,846.33,,,,"     ",5.30,1329.17,1.11
1771,554720491,"01771M14:44:45.617","01771 14:32:41",245.93,846.38,,,,"     ",5.30,1346.33,1.13
1771,554720492,"01771M14:44:46.590","01771 14:32:42",245.84,846.33,,,,"     ",5.30,1324.42,1.10
1771,554720493,"01771M14:44:47.563","01771 14:32:43",245.77,846.34,,,,"     ",5.30,1316.23,1.10
1771,554720494,"01771M14:44:48.537","01771 14:32:44",245.73,846.29,,,,"     ",5.30,1320.36,1.10
1771,554720495,"01771M14:44:49.510","01771 14:32:44",245.71,846.37,,,,"     ",5.30,1328.86,1.11
1771,554720496,"01771M14:44:50.483","01771 14:32:45",245.73,846.32,,,,"     ",5.30,1333.78,1.11
1771,554720497,"01771M14:44:51.456","01771 14:32:46",245.78,846.33,,,,"     ",5.30,1325.09,1.10
1771,554720498,"01771M14:44:52.430","01771 14:32:47",245.88,846.37,,,,"     ",5.30,1325.65,1.10
1771,554720499,"01771M14:44:53.403","01771 14:32:48",246.01,846.28,,,,"     ",5.30,1322.38,1.10
1771,554720500,"01771M14:44:54.376","01771 14:32:49",246.18,846.32,,,,"     ",5.30,1330.09,1.11
1771,554720501,"01771M14:44:55.349","01771 14:32:50",246.39,846.31,,,,"     ",5.30,1312.00,1.09
1771,554720502,"01771M14:44:56.323","01771 14:32:51",246.60,846.26,,,,"     ",5.30,1335.93,1.11
1771,554720503,"01771M14:44:57.296","01771 14:32:52",246.80,846.27,,,,"     ",5.30,1340.20,1.11
1771,554720504,"01771M14:44:58.269","01771 14:32:53",246.96,846.30,,,,"     ",5.30,1338.84,1.11
1771,554720505,"01771M14:44:59.242","01771 14:32:54",247.08,846.38,,,,"     ",5.30,1346.52,1.12
1771,554720506,"01771M14:45:00.216","01771 14:32:55",247.15,846.32,,,,"     ",5.30,1333.76,1.11
1771,554720507,"01771M14:45:01.189","01771 14:32:56",247.20,846.35,,,,"     ",5.30,1342.96,1.11
1771,554720508,"01771M14:45:02.162","01771 14:32:57",247.23,846.33,,,,"     ",5.30,1330.00,1.10
1771,554720509,"01771M14:45:03.135","01771 14:32:58",247.26,846.34,,,,"     ",5.30,1324.74,1.10
1771,554720510,"01771M14:45:04.109","01771 14:32:59",247.27,846.32,,,,"     ",5.30,1344.04,1.11
1771,554720511,"01771M14:45:05.082","01771 14:33:00",247.26,846.37,,,,"     ",5.30,1343.19,1.11
1771,554720512,"01771M14:45:06.055","01771 14:33:01",247.23,846.28,,,,"     ",5.30,1324.88,1.10
1771,554720513,"01771M14:45:07.028","01771 14:33:02",247.20,846.27,,,,"     ",5.30,1299.14,1.07
1771,554720514,"01771M14:45:08.002","01771 14:33:03",247.19,846.29,,,,"     ",5.30,1339.15,1.11
1771,554720515,"01771M14:45:08.975","01771 14:33:04",247.23,846.24,,,,"     ",5.30,1334.80,1.10
1771,554720516,"01771M14:45:09.948","01771 14:33:05",247.31,846.28,,,,"     ",5.30,1339.78,1.11
1771,554720517,"01771M14:45:10.921","01771 14:33:06",247.44,846.26,,,,"     ",5.30,1326.12,1.10
1771,554720518,"01771M14:45:11.895","01771 14:33:07",247.39,846.24,,,,"     ",5.30,1337.70,1.10
1771,554720519,"01771M14:45:12.868","01771 14:33:08",247.30,846.18,,,,"     ",5.30,1343.78,1.11
1771,554720520,"01771M14:45:13.841","01771 14:33:09",247.23,846.28,,,,"     ",5.30,1341.53,1.11
1771,554720521,"01771M14:45:14.814","01771 14:33:10",247.16,846.30,,,,"     ",5.30,1339.31,1.10
1771,554720522,"01771M14:45:15.788","01771 14:33:11",247.08,846.27,,,,"     ",5.30,1346.29,1.11
1771,554720523,"01771M14:45:16.761","01771 14:33:12",247.01,846.26,,,,"     ",5.30,1344.10,1.11
1771,554720524,"01771M14:45:17.734","01771 14:33:13",246.92,846.20,,,,"     ",5.30,1335.44,1.10
1771,554720525,"01771M14:45:18.707","01771 14:33:14",246.83,846.25,,,,"     ",5.30,1337.75,1.10
1771,554720526,"01771M14:45:19.681","01771 14:33:15",246.73,846.24,,,,"     ",5.30,1336.15,1.10
1771,554720527,"01771M14:45:20.654","01771 14:33:16",246.62,846.25,,,,"     ",5.30,1371.88,1.13
1771,554720528,"01771M14:45:21.627","01771 14:33:17",246.50,846.24,,,,"     ",5.30,1335.69,1.10
1771,554720529,"01771M14:45:22.600","01771 14:33:18",246.37,846.28,,,,"     ",5.30,1344.03,1.10
1771,554720530,"01771M14:45:23.574","01771 14:33:19",246.25,846.18,,,,"     ",5.30,1330.54,1.09
1771,554720531,"01771M14:45:24.547","01771 14:33:20",246.13,846.21,,,,"     ",5.30,1339.88,1.10
1771,554720532,"01771M14:45:25.520","01771 14:33:21",246.01,846.15,,,,"     ",5.30,1349.73,1.11
1771,554720533,"01771M14:45:26.493","01771 14:33:21",245.91,846.22,,,,"     ",5.30,1334.67,1.09
1771,554720534,"01771M14:45:27.467","01771 14:33:22",245.81,846.19,,,,"     ",5.30,1337.62,1.09
1771,554720535,"01771M14:45:28.440","01771 14:33:23",245.74,846.26,,,,"     ",5.30,1357.65,1.11
1771,554720536,"01771M14:45:29.413","01771 14:33:24",245.68,846.26,,,,"     ",5.30,1335.89,1.09
1771,554720537,"01771M14:45:30.386","01771 14:33:25",245.63,846.24,,,,"     ",5.30,1353.23,1.11
1771,554720538,"01771M14:45:31.360","01771 14:33:26",245.60,846.22,,,,"     ",5.30,1335.45,1.09
1771,554720539,"01771M14:45:32.333","01771 14:33:27",245.57,846.23,,,,"     ",5.30,1343.05,1.10
1771,554720540,"01771M14:45:33.306","01771 14:33:28",245.55,846.17,,,,"     ",5.30,1340.31,1.09
1771,554720541,"01771M14:45:34.279","01771 14:33:29",245.53,846.16,,,,"     ",5.30,1363.90,1.11
1771,554720542,"01771M14:45:35.253","01771 14:33:30",245.51,846.19,,,,"     ",5.30,1351.47,1.10
1771,554720543,"01771M14:45:36.226","01771 14:33:31",245.51,846.26,,,,"     ",5.30,1360.20,1.11
1771,554720544,"01771M14:45:37.199","01771 14:33:32",245.50,846.22,,,,"     ",5.30,1344.46,1.09
1771,554720545,"01771M14:45:38.173","01771 14:33:33",245.50,846.23,,,,"     ",5.30,1363.77,1.11
1771,554720546,"01771M14:45:39.146","01771 14:33:34",245.51,846.29,,,,"     ",5.30,1350.96,1.10
1771,554720547,"01771M14:45:40.119","01771 14:33:35",245.51,846.20,,,,"     ",5.30,1359.17,1.11
1771,554720548,"01771M14:45:41.092","01771 14:33:36",245.53,846.19,,,,"     ",5.30,1353.98,1.10
1771,554720549,"01771M14:45:42.066","01771 14:33:37",245.54,846.20,,,,"     ",5.30,1360.80,1.11
1771,554720550,"01771M14:45:43.039","01771 14:33:38",245.56,846.19,,,,"     ",5.30,1361.10,1.10
1771,554720551,"01771M14:45:44.012","01771 14:33:39",245.59,846.19,,,,"     ",5.30,1363.34,1.11
1771,554720552,"01771M14:45:44.985","01771 14:33:40",245.61,846.19,,,,"     ",5.30,1348.10,1.09
1771,554720553,"01771M14:45:45.959","01771 14:33:41",244.99,846.25,,,,"     ",5.30,1355.37,1.10
1771,554720554,"01771M14:45:46.932","01771 14:33:42",245.13,846.21,,,,"     ",5.30,1350.67,1.09
1771,554720555,"01771M14:45:47.905","01771 14:33:43",245.26,846.15,,,,"     ",5.30,1350.42,1.09
1771,554720556,"01771M14:45:48.878","01771 14:33:44",245.37,846.16,,,,"     ",5.30,1357.67,1.10
1771,554720557,"01771M14:45:49.852","01771 14:33:45",245.48,846.13,,,,"     ",5.30,1374.33,1.11
1771,554720558,"01771M14:45:50.825","01771 14:33:46",245.58,846.17,,,,"     ",5.30,1359.23,1.10
1771,554720559,"01771M14:45:51.798","01771 14:33:47",245.67,846.12,,,,"     ",5.30,1359.12,1.10
1771,554720560,"01771M14:45:52.771","01771 14:33:48",245.74,846.21,,,,"     ",5.30,1359.17,1.10
1771,554720561,"01771M14:45:53.745","01771 14:33:49",245.80,846.05,,,,"     ",5.30,1361.65,1.10
1771,554720562,"01771M14:45:54.718","01771 14:33:50",245.86,846.07,,,,"     ",5.30,1373.65,1.11
1771,554720563,"01771M14:45:55.691","01771 14:33:51",245.89,846.06,,,,"     ",5.30,1358.89,1.09
1771,554720564,"01771M14:45:56.664","01771 14:33:52",245.92,846.09,,,,"     ",5.30,1375.27,1.11
1771,554720565,"01771M14:45:57.638","01771 14:33:53",245.95,846.07,,,,"     ",5.30,1367.73,1.10
1771,554720566,"01771M14:45:58.611","01771 14:33:54",245.96,846.00,,,,"     ",5.30,1386.53,1.11
1771,554720567,"01771M14:45:59.584","01771 14:33:55",245.94,846.08,,,,"     ",5.30,1362.23,1.09
1771,554720568,"01771M14:46:00.557","01771 14:33:56",245.89,846.05,,,,"     ",5.30,1361.98,1.09
1771,554720569,"01771M14:46:01.531","01771 14:33:57",245.82,846.01,,,,"     ",5.30,1376.57,1.10
1771,554720570,"01771M14:46:02.504","01771 14:33:57",245.75,846.12,,,,"     ",5.30,1378.26,1.11
1771,554720571,"01771M14:46:03.477","01771 14:33:58",245.67,846.14,,,,"     ",5.30,1368.51,1.10
1771,554720572,"01771M14:46:04.450","01771 14:33:59",245.60,845.98,,,,"     ",5.30,1378.99,1.10
1771,554720573,"01771M14:46:05.424","01771 14:34:00",245.54,846.12,,,,"     ",5.30,1355.05,1.08
1771,554720574,"01771M14:46:06.397","01771 14:34:01",245.49,846.07,,,,"     ",5.30,1377.84,1.10
1771,554720575,"01771M14:46:07.370","01771 14:34:02",245.44,846.08,,,,"     ",5.30,1377.39,1.10
1771,554720576,"01771M14:46:08.343","01771 14:34:03",245.42,846.07,,,,"     ",5.30,1375.27,1.10
1771,554720577,"01771M14:46:09.317","01771 14:34:04",245.40,846.06,,,,"     ",5.30,1358.64,1.08
1771,554720578,"01771M14:46:10.290","01771 14:34:05",245.40,846.07,,,,"     ",5.30,1364.24,1.09
1771,554720579,"01771M14:46:11.263","01771 14:34:06",245.41,846.05,,,,"     ",5.30,1369.70,1.09
1771,554720580,"01771M14:46:12.236","01771 14:34:07",245.43,846.05,,,,"     ",5.30,1376.28,1.10
1771,554720581,"01771M14:46:13.210","01771 14:34:08",245.45,845.99,,,,"     ",5.30,1384.10,1.10
1771,554720582,"01771M14:46:14.183","01771 14:34:09",245.46,845.99,,,,"     ",5.30,1393.79,1.11
1771,554720583,"01771M14:46:15.156","01771 14:34:10",245.47,846.04,,,,"     ",5.30,1362.71,1.08
1771,554720584,"01771M14:46:16.129","01771 14:34:11",245.46,845.86,,,,"     ",5.30,1379.83,1.10
1771,554720585,"01771M14:46:17.103","01771 14:34:12",245.44,845.76,,,,"     ",5.30,1398.51,1.11
1771,554720586,"01771M14:46:18.076","01771 14:34:13",245.39,845.91,,,,"     ",5.30,1382.01,1.10
1771,554720587,"01771M14:46:19.049","01771 14:34:14",245.33,845.97,,,,"     ",5.30,1393.46,1.11
1771,554720588,"01771M14:46:20.022","01771 14:34:15",245.25,846.03,,,,"     ",5.30,1375.27,1.09
1771,554720589,"01771M14:46:20.996","01771 14:34:16",245.16,846.12,,,,"     ",5.30,1381.14,1.09
1771,554720590,"01771M14:46:21.969","01771 14:34:17",245.06,846.16,,,,"     ",5.30,1391.61,1.10
1771,554720591,"01771M14:46:22.942","01771 14:34:18",244.97,846.07,,,,"     ",5.30,1379.32,1.09
1771,554720592,"01771M14:46:23.915","01771 14:34:19",244.90,846.12,,,,"     ",5.30,1382.08,1.09
1771,554720593,"01771M14:46:24.889","01771 14:34:20",244.84,846.11,,,,"     ",5.30,1378.80,1.09
1771,554720594,"01771M14:46:25.862","01771 14:34:21",244.81,846.04,,,,"     ",5.30,1386.67,1.10
1771,554720595,"01771M14:46:26.835","01771 14:34:22",244.79,845.99,,,,"     ",5.30,1385.60,1.09
1771,554720596,"01771M14:46:27.808","01771 14:34:23",244.78,845.97,,,,"     ",5.30,1373.47,1.09
1771,554720597,"01771M14:46:28.782","01771 14:34:24",244.78,845.90,,,,"     ",5.30,1381.46,1.09
1771,554720598,"01771M14:46:29.755","01771 14:34:25",244.79,845.97,,,,"     ",5.30,1380.03,1.09
1771,554720599,"01771M14:46:30.728","01771 14:34:26",244.80,845.98,,,,"     ",5.30,1381.63,1.09
1771,554720600,"01771M14:46:31.701","01771 14:34:27",244.82,845.99,,,,"     ",5.30,1388.65,1.10
1771,554720601,"01771M14:46:32.675","01771 14:34:28",244.85,845.99,,,,"     ",5.30,1381.98,1.09
1771,554720602,"01771M14:46:33.648","01771 14:34:29",244.87,846.04,,,,"     ",5.30,1383.66,1.09
1771,554720603,"01771M14:46:34.621","01771 14:34:30",244.88,846.09,,,,"     ",5.30,1373.82,1.08
1771,554720604,"01771M14:46:35.594","01771 14:34:31",244.87,846.03,,,,"     ",5.30,1390.71,1.10
1771,554720605,"01771M14:46:36.568","01771 14:34:32",244.84,846.09,,,,"     ",5.30,1377.69,1.09
1771,554720606,"01771M14:46:37.541","01771 14:34:33",244.78,846.10,,,,"     ",5.30,1398.89,1.10
1771,554720607,"01771M14:46:38.514","01771 14:34:34",244.70,846.02,,,,"     ",5.30,1390.36,1.10
1771,554720608,"01771M14:46:39.487","01771 14:34:34",244.60,846.00,,,,"     ",5.30,1405.21,1.11
1771,554720609,"01771M14:46:40.461","01771 14:34:35",244.51,846.00,,,,"     ",5.30,1369.91,1.08
1771,554720610,"01771M14:46:41.434","01771 14:34:36",244.43,846.05,,,,"     ",5.30,1371.66,1.08
1771,554720611,"01771M14:46:42.407","01771 14:34:37",244.35,846.08,,,,"     ",5.30,1402.27,1.11
1771,554720612,"01771M14:46:43.380","01771 14:34:38",244.28,846.06,,,,"     ",5.30,1382.34,1.09
1771,554720613,"01771M14:46:44.354","01771 14:34:39",244.22,846.08,,,,"     ",5.30,1394.64,1.10
1771,554720614,"01771M14:46:45.327","01771 14:34:40",244.16,846.09,,,,"     ",5.30,1380.31,1.09
1771,554720615,"01771M14:46:46.300","01771 14:34:41",244.11,846.01,,,,"     ",5.30,1369.43,1.08
1771,554720616,"01771M14:46:47.274","01771 14:34:42",244.05,846.04,,,,"     ",5.30,1369.49,1.08
1771,554720617,"01771M14:46:48.247","01771 14:34:43",244.01,846.08,,,,"     ",5.30,1391.18,1.09
1771,554720618,"01771M14:46:49.220","01771 14:34:44",243.98,846.10,,,,"     ",5.30,1397.27,1.10
1771,554720619,"01771M14:46:50.193","01771 14:34:45",243.95,846.07,,,,"     ",5.30,1380.57,1.09
1771,554720620,"01771M14:46:51.167","01771 14:34:46",243.93,846.03,,,,"     ",5.30,1383.20,1.09
1771,554720621,"01771M14:46:52.140","01771 14:34:47",243.90,846.05,,,,"     ",5.30,1397.87,1.10
1771,554720622,"01771M14:46:53.113","01771 14:34:48",243.88,846.03,,,,"     ",5.30,1379.67,1.08
1771,554720623,"01771M14:46:54.086","01771 14:34:49",243.87,845.98,,,,"     ",5.30,1399.30,1.10
1771,554720624,"01771M14:46:55.060","01771 14:34:50",243.85,845.98,,,,"     ",5.30,1396.19,1.10
1771,554720625,"01771M14:46:56.033","01771 14:34:51",243.82,845.90,,,,"     ",5.30,1386.02,1.09
1771,554720626,"01771M14:46:57.006","01771 14:34:52",243.79,845.97,,,,"     ",5.30,1400.23,1.10
1771,554720627,"01771M14:46:57.979","01771 14:34:53",243.76,845.86,,,,"     ",5.30,1396.08,1.10
1771,554720628,"01771M14:46:58.953","01771 14:34:54",243.73,845.82,,,,"     ",5.30,1390.42,1.09
1771,554720629,"01771M14:46:59.926","01771 14:34:55",243.71,845.86,,,,"     ",5.30,1394.08,1.09
1771,554720630,"01771M14:47:00.899","01771 14:34:56",243.67,845.87,,,,"     ",5.30,1377.81,1.08
1771,554720631,"01771M14:47:01.872","01771 14:34:57",243.64,845.92,,,,"     ",5.30,1398.32,1.10
1771,554720632,"01771M14:47:02.846","01771 14:34:58",243.61,845.89,,,,"     ",5.30,1395.99,1.09
1771,554720633,"01771M14:47:03.819","01771 14:34:59",243.58,845.90,,,,"     ",5.30,1393.79,1.09
1771,554720634,"01771M14:47:04.792","01771 14:35:00",243.54,845.92,,,,"     ",5.30,1375.19,1.08
1771,554720635,"01771M14:47:05.765","01771 14:35:01",243.51,845.92,,,,"     ",5.30,1384.18,1.08
1771,554720636,"01771M14:47:06.739","01771 14:35:02",243.48,845.89,,,,"     ",5.30,1384.99,1.08
1771,554720637,"01771M14:47:07.712","01771 14:35:03",243.46,845.88,,,,"     ",5.30,1398.71,1.09
1771,554720638,"01771M14:47:08.685","01771 14:35:04",243.43,845.78,,,,"     ",5.30,1411.22,1.10
1771,554720639,"01771M14:47:09.658","01771 14:35:05",243.43,845.81,,,,"     ",5.30,1392.32,1.09
1771,554720640,"01771M14:47:10.632","01771 14:35:06",243.43,845.81,,,,"     ",5.30,1399.62,1.09
1771,554720641,"01771M14:47:11.605","01771 14:35:07",243.45,845.85,,,,"     ",5.30,1397.15,1.09
1771,554720642,"01771M14:47:12.578","01771 14:35:08",243.47,845.70,,,,"     ",5.30,1409.58,1.10
1771,554720643,"01771M14:47:13.551","01771 14:35:09",243.52,845.75,,,,"     ",5.30,1379.50,1.08
1771,554720644,"01771M14:47:14.525","01771 14:35:10",243.57,845.75,,,,"     ",5.30,1392.07,1.09
1771,554720645,"01771M14:47:15.498","01771 14:35:11",243.63,845.88,,,,"     ",5.30,1371.46,1.07
1771,554720646,"01771M14:47:16.471","01771 14:35:11",243.70,845.93,,,,"     ",5.30,1388.36,1.08
1771,554720647,"01771M14:47:17.444","01771 14:35:12",243.77,845.99,,,,"     ",5.30,1395.39,1.09
1771,554720648,"01771M14:47:18.418","01771 14:35:13",243.85,846.01,,,,"     ",5.30,1384.73,1.08
1771,554720649,"01771M14:47:19.391","01771 14:35:14",243.95,845.97,,,,"     ",5.30,1402.40,1.09
1771,554720650,"01771M14:47:20.364","01771 14:35:15",244.04,845.92,,,,"     ",5.30,1399.80,1.09
1771,554720651,"01771M14:47:21.337","01771 14:35:16",244.13,845.95,,,,"     ",5.30,1398.71,1.09
1771,554720652,"01771M14:47:22.311","01771 14:35:17",244.23,845.88,,,,"     ",5.30,1396.28,1.09
1771,554720653,"01771M14:47:23.284","01771 14:35:18",244.33,846.01,,,,"     ",5.30,1401.33,1.09
1771,554720654,"01771M14:47:24.257","01771 14:35:19",244.42,845.96,,,,"     ",5.30,1403.48,1.09
1771,554720655,"01771M14:47:25.230","01771 14:35:20",244.50,845.79,,,,"     ",5.30,1400.59,1.09
1771,554720656,"01771M14:47:26.204","01771 14:35:21",244.57,845.78,,,,"     ",5.30,1380.33,1.07
1771,554720657,"01771M14:47:27.177","01771 14:35:22",244.62,845.82,,,,"     ",5.30,1400.80,1.09
1771,554720658,"01771M14:47:28.150","01771 14:35:23",244.66,845.88,,,,"     ",5.30,1425.17,1.11
1771,554720659,"01771M14:47:29.123","01771 14:35:24",244.68,845.86,,,,"     ",5.30,1414.64,1.10
1771,554720660,"01771M14:47:30.097","01771 14:35:25",244.68,845.92,,,,"     ",5.30,1386.26,1.08
1771,554720661,"01771M14:47:31.070","01771 14:35:26",244.66,845.93,,,,"     ",5.30,1397.15,1.09
1771,554720662,"01771M14:47:32.043","01771 14:35:27",244.62,845.93,,,,"     ",5.30,1401.34,1.09
1771,554720663,"01771M14:47:33.016","01771 14:35:28",244.58,845.93,,,,"     ",5.30,1392.42,1.08
1771,554720664,"01771M14:47:33.990","01771 14:35:29",244.51,845.94,,,,"     ",5.30,1396.47,1.08
1771,554720665,"01771M14:47:34.963","01771 14:35:30",244.44,845.90,,,,"     ",5.30,1404.28,1.09
1771,554720666,"01771M14:47:35.936","01771 14:35:31",244.35,845.87,,,,"     ",5.30,1403.49,1.09
1771,554720667,"01771M14:47:36.909","01771 14:35:32",244.26,845.92,,,,"     ",5.30,1398.38,1.08
1771,554720668,"01771M14:47:37.883","01771 14:35:33",244.16,845.90,,,,"     ",5.30,1394.38,1.08
1771,554720669,"01771M14:47:38.856","01771 14:35:34",244.06,845.87,,,,"     ",5.30,1409.99,1.09
1771,554720670,"01771M14:47:39.829","01771 14:35:35",243.95,845.84,,,,"     ",5.30,1394.78,1.08
1771,554720671,"01771M14:47:40.802","01771 14:35:36",243.85,845.90,,,,"     ",5.30,1407.93,1.09
1771,554720672,"01771M14:47:41.776","01771 14:35:37",243.75,845.88,,,,"     ",5.30,1396.56,1.08
1771,554720673,"01771M14:47:42.749","01771 14:35:38",243.66,845.81,,,,"     ",5.30,1402.75,1.08
1771,554720674,"01771M14:47:43.722","01771 14:35:39",243.58,845.77,,,,"     ",5.30,1391.92,1.08
1771,554720675,"01771M14:47:44.695","01771 14:35:40",243.52,845.90,,,,"     ",5.30,1405.66,1.09
1771,554720676,"01771M14:47:45.669","01771 14:35:41",243.45,845.85,,,,"     ",5.30,1400.69,1.08
1771,554720677,"01771M14:47:46.642","01771 14:35:42",243.39,845.77,,,,"     ",5.30,1419.84,1.10
1771,554720678,"01771M14:47:47.615","01771 14:35:43",243.33,845.76,,,,"     ",5.30,1396.27,1.08
1771,554720679,"01771M14:47:48.588","01771 14:35:44",243.28,845.76,,,,"     ",5.30,1404.98,1.08
1771,554720680,"01771M14:47:49.562","01771 14:35:45",243.23,845.82,,,,"     ",5.30,1415.41,1.09
1771,554720681,"01771M14:47:50.535","01771 14:35:46",243.18,845.76,,,,"     ",5.30,1432.32,1.10
1771,554720682,"01771M14:47:51.508","01771 14:35:47",243.14,845.74,,,,"     ",5.30,1390.10,1.07
1771,554720683,"01771M14:47:52.481","01771 14:35:47",243.10,845.76,,,,"     ",5.30,1415.18,1.09
1771,554720684,"01771M14:47:53.455","01771 14:35:48",243.07,845.78,,,,"     ",5.30,1415.99,1.09
1771,554720685,"01771M14:47:54.428","01771 14:35:49",243.05,845.81,,,,"     ",5.30,1420.71,1.09
1771,554720686,"01771M14:47:55.401","01771 14:35:50",243.03,845.79,,,,"     ",5.30,1410.38,1.08
1771,554720687,"01771M14:47:56.375","01771 14:35:51",243.02,845.79,,,,"     ",5.30,1394.64,1.07
1771,554720688,"01771M14:47:57.348","01771 14:35:52",243.01,845.79,,,,"     ",5.30,1421.31,1.09
1771,554720689,"01771M14:47:58.321","01771 14:35:53",243.00,845.75,,,,"     ",5.30,1398.47,1.07
1771,554720690,"01771M14:47:59.294","01771 14:35:54",242.98,845.76,,,,"     ",5.30,1412.63,1.09
1771,554720691,"01771M14:48:00.268","01771 14:35:55",242.95,845.75,,,,"     ",5.30,1403.69,1.08
1771,554720692,"01771M14:48:01.241","01771 14:35:56",242.91,845.80,,,,"     ",5.30,1403.11,1.08
1771,554720693,"01771M14:48:02.214","01771 14:35:57",242.86,845.67,,,,"     ",5.30,1416.47,1.09
1771,554720694,"01771M14:48:03.187","01771 14:35:58",242.78,845.77,,,,"     ",5.30,1387.43,1.06
1771,554720695,"01771M14:48:04.161","01771 14:35:59",242.68,845.66,,,,"     ",5.30,1407.65,1.08
1771,554720696,"01771M14:48:05.134","01771 14:36:00",242.57,845.68,,,,"     ",5.30,1412.23,1.08
1771,554720697,"01771M14:48:06.107","01771 14:36:01",242.45,845.70,,,,"     ",5.30,1398.60,1.07
1771,554720698,"01771M14:48:07.080","01771 14:36:02",242.31,845.67,,,,"     ",5.30,1407.03,1.08
1771,554720699,"01771M14:48:08.054","01771 14:36:03",242.18,845.69,,,,"     ",5.30,1419.54,1.09
1771,554720700,"01771M14:48:09.027","01771 14:36:04",242.04,845.71,,,,"     ",5.30,1418.55,1.09
1771,554720701,"01771M14:48:10.000","01771 14:36:05",241.93,845.78,,,,"     ",5.30,1419.53,1.09
1771,554720702,"01771M14:48:10.973","01771 14:36:06",241.83,845.76,,,,"     ",5.30,1410.02,1.08
1771,554720703,"01771M14:48:11.947","01771 14:36:07",241.76,845.79,,,,"     ",5.30,1427.83,1.09
1771,554720704,"01771M14:48:12.920","01771 14:36:08",241.72,845.72,,,,"     ",5.30,1399.67,1.07
1771,554720705,"01771M14:48:13.893","01771 14:36:09",241.70,845.78,,,,"     ",5.30,1405.45,1.07
1771,554720706,"01771M14:48:14.866","01771 14:36:10",241.69,845.73,,,,"     ",5.30,1402.77,1.07
1771,554720707,"01771M14:48:15.840","01771 14:36:11",241.69,845.77,,,,"     ",5.30,1398.81,1.07
1771,554720708,"01771M14:48:16.813","01771 14:36:12",241.71,845.75,,,,"     ",5.30,1405.24,1.07
1771,554720709,"01771M14:48:17.786","01771 14:36:13",241.73,845.69,,,,"     ",5.30,1407.60,1.08
1771,554720710,"01771M14:48:18.759","01771 14:36:14",241.75,845.75,,,,"     ",5.30,1418.74,1.08
1771,554720711,"01771M14:48:19.733","01771 14:36:15",241.77,845.71,,,,"     ",5.30,1401.28,1.07
1771,554720712,"01771M14:48:20.706","01771 14:36:16",241.78,845.78,,,,"     ",5.30,1392.64,1.06
1771,554720713,"01771M14:48:21.679","01771 14:36:17",241.78,845.71,,,,"     ",5.30,1413.56,1.08
1771,554720714,"01771M14:48:22.652","01771 14:36:18",241.77,845.73,,,,"     ",5.30,1402.89,1.07
1771,554720715,"01771M14:48:23.626","01771 14:36:19",241.75,845.82,,,,"     ",5.30,1413.11,1.08
1771,554720716,"01771M14:48:24.599","01771 14:36:20",241.72,845.80,,,,"     ",5.30,1411.09,1.08
1771,554720717,"01771M14:48:25.572","01771 14:36:21",241.68,845.81,,,,"     ",5.30,1399.70,1.07
1771,554720718,"01771M14:48:26.545","01771 14:36:22",241.63,845.80,,,,"     ",5.30,1409.15,1.07
1771,554720719,"01771M14:48:27.519","01771 14:36:23",241.56,845.73,,,,"     ",5.30,1421.22,1.08
1771,554720720,"01771M14:48:28.492","01771 14:36:24",241.49,845.78,,,,"     ",5.30,1430.55,1.09
1771,554720721,"01771M14:48:29.465","01771 14:36:24",241.41,845.76,,,,"     ",5.30,1415.92,1.08
1771,554720722,"01771M14:48:30.438","01771 14:36:25",241.35,845.71,,,,"     ",5.30,1417.72,1.08
1771,554720723,"01771M14:48:31.412","01771 14:36:26",241.27,845.79,,,,"     ",5.30,1411.45,1.08
1771,554720724,"01771M14:48:32.385","01771 14:36:27",241.21,845.82,,,,"     ",5.30,1408.57,1.07
1771,554720725,"01771M14:48:33.358","01771 14:36:28",241.15,845.87,,,,"     ",5.30,1425.08,1.09
1771,554720726,"01771M14:48:34.331","01771 14:36:29",241.11,845.90,,,,"     ",5.30,1410.05,1.07
1771,554720727,"01771M14:48:35.305","01771 14:36:30",241.09,845.80,,,,"     ",5.30,1426.77,1.09
1771,554720728,"01771M14:48:36.278","01771 14:36:31",241.08,845.79,,,,"     ",5.30,1431.20,1.09
1771,554720729,"01771M14:48:37.251","01771 14:36:32",241.09,845.76,,,,"     ",5.30,1418.97,1.08
1771,554720730,"01771M14:48:38.224","01771 14:36:33",241.11,845.79,,,,"     ",5.30,1424.16,1.08
1771,554720731,"01771M14:48:39.198","01771 14:36:34",241.12,845.75,,,,"     ",5.30,1424.48,1.08
1771,554720732,"01771M14:48:40.171","01771 14:36:35",241.12,845.75,,,,"     ",5.30,1411.03,1.07
1771,554720733,"01771M14:48:41.144","01771 14:36:36",241.12,845.79,,,,"     ",5.30,1411.21,1.07
1771,554720734,"01771M14:48:42.117","01771 14:36:37",241.11,845.69,,,,"     ",5.30,1427.95,1.09
1771,554720735,"01771M14:48:43.091","01771 14:36:38",241.09,845.85,,,,"     ",5.30,1432.22,1.09
1771,554720736,"01771M14:48:44.064","01771 14:36:39",241.05,845.75,,,,"     ",5.30,1425.52,1.08
1771,554720737,"01771M14:48:45.037","01771 14:36:40",240.99,845.78,,,,"     ",5.30,1428.55,1.09
1771,554720738,"01771M14:48:46.010","01771 14:36:41",240.91,845.80,,,,"     ",5.30,1426.22,1.08
1771,554720739,"01771M14:48:46.984","01771 14:36:42",240.82,845.74,,,,"     ",5.30,1411.20,1.07
1771,554720740,"01771M14:48:47.957","01771 14:36:43",240.71,845.79,,,,"     ",5.30,1428.60,1.09
1771,554720741,"01771M14:48:48.930","01771 14:36:44",240.60,845.75,,,,"     ",5.30,1420.38,1.08
1771,554720742,"01771M14:48:49.903","01771 14:36:45",240.49,845.80,,,,"     ",5.30,1405.14,1.07
1771,554720743,"01771M14:48:50.877","01771 14:36:46",240.39,845.78,,,,"     ",5.30,1419.43,1.08
1771,554720744,"01771M14:48:51.850","01771 14:36:47",240.29,845.78,,,,"     ",5.30,1425.71,1.08
1771,554720745,"01771M14:48:52.823","01771 14:36:48",240.20,845.84,,,,"     ",5.30,1411.57,1.07
1771,554720746,"01771M14:48:53.796","01771 14:36:49",240.15,845.75,,,,"     ",5.30,1409.35,1.07
1771,554720747,"01771M14:48:54.770","01771 14:36:50",240.11,845.73,,,,"     ",5.30,1415.15,1.08
1771,554720748,"01771M14:48:55.743","01771 14:36:51",240.09,845.81,,,,"     ",5.30,1420.16,1.08
1771,554720749,"01771M14:48:56.716","01771 14:36:52",240.10,845.75,,,,"     ",5.30,1420.51,1.08
1771,554720750,"01771M14:48:57.689","01771 14:36:53",240.12,845.73,,,,"     ",5.30,1429.20,1.09
1771,554720751,"01771M14:48:58.663","01771 14:36:54",240.16,845.72,,,,"     ",5.30,1423.57,1.08
1771,554720752,"01771M14:48:59.636","01771 14:36:55",240.21,845.71,,,,"     ",5.30,1410.44,1.07
1771,554720753,"01771M14:49:00.609","01771 14:36:56",240.27,845.68,,,,"     ",5.30,1427.62,1.09
1771,554720754,"01771M14:49:01.582","01771 14:36:57",240.33,845.71,,,,"     ",5.30,1407.67,1.07
1771,554720755,"01771M14:49:02.556","01771 14:36:58",240.39,845.65,,,,"     ",5.30,1415.21,1.08
1771,554720756,"01771M14:49:03.529","01771 14:36:59",240.46,845.69,,,,"     ",5.30,1432.28,1.09
1771,554720757,"01771M14:49:04.502","01771 14:37:00",240.50,845.65,,,,"     ",5.30,1430.50,1.09
1771,554720758,"01771M14:49:05.476","01771 14:37:01",240.53,845.65,,,,"     ",5.30,1424.61,1.08
1771,554720759,"01771M14:49:06.449","01771 14:37:01",240.53,845.69,,,,"     ",5.30,1415.89,1.08
1771,554720760,"01771M14:49:07.422","01771 14:37:02",240.53,845.64,,,,"     ",5.30,1408.16,1.07
1771,554720761,"01771M14:49:08.395","01771 14:37:03",240.51,845.66,,,,"     ",5.30,1438.06,1.09
1771,554720762,"01771M14:49:09.369","01771 14:37:04",240.48,845.67,,,,"     ",5.30,1426.30,1.08
1771,554720763,"01771M14:49:10.342","01771 14:37:05",240.43,845.63,,,,"     ",5.30,1431.22,1.09
1771,554720764,"01771M14:49:11.315","01771 14:37:06",240.39,845.66,,,,"     ",5.30,1425.01,1.08
1771,554720765,"01771M14:49:12.288","01771 14:37:07",240.34,845.65,,,,"     ",5.30,1415.82,1.08
1771,554720766,"01771M14:49:13.262","01771 14:37:08",240.29,845.70,,,,"     ",5.30,1408.40,1.07
1771,554720767,"01771M14:49:14.235","01771 14:37:09",240.23,845.73,,,,"     ",5.30,1422.13,1.08
1771,554720768,"01771M14:49:15.208","01771 14:37:10",240.18,845.77,,,,"     ",5.30,1416.31,1.08
1771,554720769,"01771M14:49:16.181","01771 14:37:11",240.12,845.79,,,,"     ",5.30,1412.98,1.07
1771,554720770,"01771M14:49:17.155","01771 14:37:12",240.06,845.75,,,,"     ",5.30,1430.69,1.09
1771,554720771,"01771M14:49:18.128","01771 14:37:13",240.00,845.76,,,,"     ",5.30,1418.96,1.08
1771,554720772,"01771M14:49:19.101","01771 14:37:14",239.93,845.74,,,,"     ",5.30,1439.96,1.09
1771,554720773,"01771M14:49:20.074","01771 14:37:15",239.86,845.75,,,,"     ",5.30,1415.77,1.07
1771,554720774,"01771M14:49:21.048","01771 14:37:16",239.78,845.74,,,,"     ",5.30,1426.10,1.08
1771,554720775,"01771M14:49:22.021","01771 14:37:17",239.70,845.71,,,,"     ",5.30,1449.57,1.10
1771,554720776,"01771M14:49:22.994","01771 14:37:18",239.62,845.66,,,,"     ",5.30,1416.83,1.07
1771,554720777,"01771M14:49:23.967","01771 14:37:19",239.53,845.66,,,,"     ",5.30,1412.96,1.07
1771,554720778,"01771M14:49:24.941","01771 14:37:20",239.45,845.72,,,,"     ",5.30,1416.73,1.07
1771,554720779,"01771M14:49:25.914","01771 14:37:21",239.38,845.63,,,,"     ",5.30,1421.42,1.08
1771,554720780,"01771M14:49:26.887","01771 14:37:22",239.32,845.67,,,,"     ",5.30,1400.91,1.06
1771,554720781,"01771M14:49:27.860","01771 14:37:23",239.28,845.67,,,,"     ",5.30,1409.04,1.07
1771,554720782,"01771M14:49:28.834","01771 14:37:24",239.25,845.64,,,,"     ",5.30,1416.74,1.07
1771,554720783,"01771M14:49:29.807","01771 14:37:25",239.23,845.63,,,,"     ",5.30,1423.64,1.08
1771,554720784,"01771M14:49:30.780","01771 14:37:26",239.23,845.54,,,,"     ",5.30,1407.50,1.07
1771,554720785,"01771M14:49:31.753","01771 14:37:27",239.24,845.56,,,,"     ",5.30,1404.36,1.06
1771,554720786,"01771M14:49:32.727","01771 14:37:28",239.26,845.56,,,,"     ",5.30,1401.09,1.06
1771,554720787,"01771M14:49:33.700","01771 14:37:29",239.29,845.65,,,,"     ",5.30,1421.05,1.08
1771,554720788,"01771M14:49:34.673","01771 14:37:30",239.34,845.70,,,,"     ",5.30,1403.05,1.06
1771,554720789,"01771M14:49:35.646","01771 14:37:31",239.37,845.75,,,,"     ",5.30,1433.24,1.09
1771,554720790,"01771M14:49:36.620","01771 14:37:32",239.41,845.71,,,,"     ",5.30,1399.59,1.06
1771,554720791,"01771M14:49:37.593","01771 14:37:33",239.44,845.72,,,,"     ",5.30,1422.33,1.08
1771,554720792,"01771M14:49:38.566","01771 14:37:34",239.47,845.69,,,,"     ",5.30,1427.60,1.08
1771,554720793,"01771M14:49:39.539","01771 14:37:35",239.48,845.62,,,,"     ",5.30,1403.83,1.06
1771,554720794,"01771M14:49:40.513","01771 14:37:36",239.50,845.54,,,,"     ",5.30,1431.27,1.09
1771,554720795,"01771M14:49:41.486","01771 14:37:37",239.51,845.60,,,,"     ",5.30,1417.87,1.07
1771,554720796,"01771M14:49:42.459","01771 14:37:38",239.52,845.58,,,,"     ",5.30,1414.65,1.07
1771,554720797,"01771M14:49:43.432","01771 14:37:38",239.52,845.65,,,,"     ",5.30,1415.23,1.07
1771,554720798,"01771M14:49:44.406","01771 14:37:39",239.50,845.68,,,,"     ",5.30,1424.84,1.08
1771,554720799,"01771M14:49:45.379","01771 14:37:40",239.47,845.69,,,,"     ",5.30,1421.22,1.08
1771,554720800,"01771M14:49:46.352","01771 14:37:41",239.43,845.59,,,,"     ",5.30,1412.89,1.07
1771,554720801,"01771M14:49:47.325","01771 14:37:42",239.38,845.61,,,,"     ",5.30,1418.72,1.08
1771,554720802,"01771M14:49:48.299","01771 14:37:43",239.33,845.50,,,,"     ",5.30,1396.25,1.06
1771,554720803,"01771M14:49:49.272","01771 14:37:44",239.26,845.56,,,,"     ",5.30,1426.29,1.08
1771,554720804,"01771M14:49:50.245","01771 14:37:45",239.21,845.52,,,,"     ",5.30,1400.27,1.06
1771,554720805,"01771M14:49:51.218","01771 14:37:46",239.16,845.56,,,,"     ",5.30,1399.30,1.06
1771,554720806,"01771M14:49:52.192","01771 14:37:47",239.11,845.58,,,,"     ",5.30,1407.89,1.07
1771,554720807,"01771M14:49:53.165","01771 14:37:48",239.07,845.66,,,,"     ",5.30,1426.78,1.08
1771,554720808,"01771M14:49:54.138","01771 14:37:49",239.04,845.64,,,,"     ",5.30,1413.13,1.07
1771,554720809,"01771M14:49:55.111","01771 14:37:50",239.02,845.62,,,,"     ",5.30,1421.20,1.08
1771,554720810,"01771M14:49:56.085","01771 14:37:51",238.99,845.66,,,,"     ",5.30,1407.29,1.07
1771,554720811,"01771M14:49:57.058","01771 14:37:52",238.98,845.60,,,,"     ",5.30,1426.82,1.08
1771,554720812,"01771M14:49:58.031","01771 14:37:53",238.98,845.59,,,,"     ",5.30,1409.73,1.07
1771,554720813,"01771M14:49:59.004","01771 14:37:54",238.99,845.59,,,,"     ",5.30,1421.34,1.08
1771,554720814,"01771M14:49:59.978","01771 14:37:55",239.00,845.55,,,,"     ",5.30,1412.76,1.07
1771,554720815,"01771M14:50:00.951","01771 14:37:56",239.01,845.54,,,,"     ",5.30,1411.94,1.07
1771,554720816,"01771M14:50:01.924","01771 14:37:57",239.02,845.54,,,,"     ",5.30,1416.76,1.08
1771,554720817,"01771M14:50:02.897","01771 14:37:58",239.04,845.54,,,,"     ",5.30,1416.77,1.08
1771,554720818,"01771M14:50:03.871","01771 14:37:59",239.05,845.52,,,,"     ",5.30,1405.93,1.07
1771,554720819,"01771M14:50:04.844","01771 14:38:00",239.08,845.54,,,,"     ",5.30,1413.49,1.07
1771,554720820,"01771M14:50:05.817","01771 14:38:01",239.13,845.41,,,,"     ",5.30,1419.35,1.08
1771,554720821,"01771M14:50:06.790","01771 14:38:02",239.19,845.51,,,,"     ",5.30,1402.37,1.07
1771,554720822,"01771M14:50:07.764","01771 14:38:03",239.24,845.47,,,,"     ",5.30,1425.87,1.09
1771,554720823,"01771M14:50:08.737","01771 14:38:04",239.30,845.47,,,,"     ",5.30,1406.22,1.07
1771,554720824,"01771M14:50:09.710","01771 14:38:05",239.35,845.51,,,,"     ",5.30,1425.05,1.09
1771,554720825,"01771M14:50:10.683","01771 14:38:06",239.39,845.48,,,,"     ",5.30,1418.50,1.08
1771,554720826,"01771M14:50:11.657","01771 14:38:07",239.42,845.51,,,,"     ",5.30,1412.96,1.08
1771,554720827,"01771M14:50:12.630","01771 14:38:08",239.44,845.49,,,,"     ",5.30,1427.40,1.09
1771,554720828,"01771M14:50:13.603","01771 14:38:09",239.44,845.57,,,,"     ",5.30,1425.30,1.09
1771,554720829,"01771M14:50:14.576","01771 14:38:10",239.42,845.50,,,,"     ",5.30,1416.23,1.08
1771,554720830,"01771M14:50:15.550","01771 14:38:11",239.39,845.51,,,,"     ",5.30,1425.37,1.09
1771,554720831,"01771M14:50:16.523","01771 14:38:12",239.35,845.48,,,,"     ",5.30,1424.46,1.09
1771,554720832,"01771M14:50:17.496","01771 14:38:13",239.30,845.47,,,,"     ",5.30,1408.93,1.07
1771,554720833,"01771M14:50:18.470","01771 14:38:14",239.25,845.50,,,,"     ",5.30,1415.04,1.08
1771,554720834,"01771M14:50:19.443","01771 14:38:14",239.21,845.46,,,,"     ",5.30,1413.98,1.08
1771,554720835,"01771M14:50:20.416","01771 14:38:15",239.17,845.47,,,,"     ",5.30,1419.54,1.08
1771,554720836,"01771M14:50:21.389","01771 14:38:16",239.14,845.43,,,,"     ",5.30,1422.61,1.09
1771,554720837,"01771M14:50:22.363","01771 14:38:17",239.12,845.44,,,,"     ",5.30,1427.25,1.09
1771,554720838,"01771M14:50:23.336","01771 14:38:18",239.12,845.36,,,,"     ",5.30,1407.38,1.07
1771,554720839,"01771M14:50:24.309","01771 14:38:19",239.13,845.52,,,,"     ",5.30,1404.52,1.07
1771,554720840,"01771M14:50:25.282","01771 14:38:20",239.15,845.43,,,,"     ",5.30,1412.61,1.08
1771,554720841,"01771M14:50:26.256","01771 14:38:21",239.17,845.37,,,,"     ",5.30,1412.69,1.08
1771,554720842,"01771M14:50:27.229","01771 14:38:22",239.19,845.32,,,,"     ",5.30,1403.50,1.07
1771,554720843,"01771M14:50:28.202","01771 14:38:23",239.20,845.38,,,,"     ",5.30,1409.29,1.08
1771,554720844,"01771M14:50:29.175","01771 14:38:24",239.22,845.36,,,,"     ",5.30,1422.24,1.09
1771,554720845,"01771M14:50:30.149","01771 14:38:25",239.22,845.28,,,,"     ",5.30,1402.48,1.07
1771,554720846,"01771M14:50:31.122","01771 14:38:26",239.23,845.39,,,,"     ",5.30,1422.60,1.09
1771,554720847,"01771M14:50:32.095","01771 14:38:27",239.23,845.42,,,,"     ",5.30,1405.26,1.08
1771,554720848,"01771M14:50:33.068","01771 14:38:28",239.22,845.47,,,,"     ",5.30,1414.39,1.08
1771,554720849,"01771M14:50:34.042","01771 14:38:29",239.21,845.37,,,,"     ",5.30,1408.42,1.08
1771,554720850,"01771M14:50:35.015","01771 14:38:30",239.20,845.37,,,,"     ",5.30,1418.93,1.09
1771,554720851,"01771M14:50:35.988","01771 14:38:31",239.18,845.47,,,,"     ",5.30,1403.41,1.08
1771,554720852,"01771M14:50:36.961","01771 14:38:32",239.17,845.41,,,,"     ",5.30,1417.71,1.09
1771,554720853,"01771M14:50:37.935","01771 14:38:33",239.15,845.41,,,,"     ",5.30,1431.66,1.10
1771,554720854,"01771M14:50:38.908","01771 14:38:34",239.12,845.44,,,,"     ",5.30,1415.68,1.09
1771,554720855,"01771M14:50:39.881","01771 14:38:35",239.10,845.39,,,,"     ",5.30,1414.97,1.09
1771,554720856,"01771M14:50:40.854","01771 14:38:36",239.07,845.43,,,,"     ",5.30,1394.40,1.07
1771,554720857,"01771M14:50:41.828","01771 14:38:37",239.05,845.38,,,,"     ",5.30,1423.36,1.09
1771,554720858,"01771M14:50:42.801","01771 14:38:38",239.01,845.41,,,,"     ",5.30,1426.37,1.10
1771,554720859,"01771M14:50:43.774","01771 14:38:39",238.98,845.43,,,,"     ",5.30,1413.99,1.09
1771,554720860,"01771M14:50:44.747","01771 14:38:40",238.94,845.41,,,,"     ",5.30,1416.85,1.09
1771,554720861,"01771M14:50:45.721","01771 14:38:41",238.83,845.39,,,,"     ",5.30,1415.79,1.09
1771,554720862,"01771M14:50:46.694","01771 14:38:42",238.81,845.44,,,,"     ",5.30,1409.54,1.08
1771,554720863,"01771M14:50:47.667","01771 14:38:43",238.78,845.41,,,,"     ",5.30,1396.96,1.07
1771,554720864,"01771M14:50:48.640","01771 14:38:44",238.75,845.48,,,,"     ",5.30,1403.87,1.08
1771,554720865,"01771M14:50:49.614","01771 14:38:45",238.71,845.45,,,,"     ",5.30,1399.08,1.07
1771,554720866,"01771M14:50:50.587","01771 14:38:46",238.69,845.48,,,,"     ",5.30,1408.94,1.08
1771,554720867,"01771M14:50:51.560","01771 14:38:47",238.66,845.47,,,,"     ",5.30,1406.21,1.08
1771,554720868,"01771M14:50:52.533","01771 14:38:48",238.64,845.41,,,,"     ",5.30,1404.62,1.08
1771,554720869,"01771M14:50:53.507","01771 14:38:49",238.61,845.38,,,,"     ",5.30,1405.22,1.08
1771,554720870,"01771M14:50:54.480","01771 14:38:50",238.59,845.45,,,,"     ",5.30,1405.13,1.08
1771,554720871,"01771M14:50:55.453","01771 14:38:51",238.57,845.50,,,,"     ",5.30,1402.02,1.08
1771,554720872,"01771M14:50:56.426","01771 14:38:51",238.54,845.60,,,,"     ",5.30,1414.56,1.09
1771,554720873,"01771M14:50:57.400","01771 14:38:52",238.52,845.57,,,,"     ",5.30,1419.91,1.09
1771,554720874,"01771M14:50:58.373","01771 14:38:53",238.49,845.56,,,,"     ",5.30,1408.28,1.08
1771,554720875,"01771M14:50:59.346","01771 14:38:54",238.47,845.54,,,,"     ",5.30,1390.59,1.07
1771,554720876,"01771M14:51:00.319","01771 14:38:55",238.47,845.51,,,,"     ",5.30,1427.04,1.10
1771,554720877,"01771M14:51:01.293","01771 14:38:56",238.46,845.50,,,,"     ",5.30,1395.51,1.07
1771,554720878,"01771M14:51:02.266","01771 14:38:57",238.47,845.48,,,,"     ",5.30,1407.19,1.08
1771,554720879,"01771M14:51:03.239","01771 14:38:58",238.47,845.51,,,,"     ",5.30,1406.07,1.08
1771,554720880,"01771M14:51:04.212","01771 14:38:59",238.47,845.44,,,,"     ",5.30,1414.09,1.08
1771,554720881,"01771M14:51:05.186","01771 14:39:00",238.46,845.49,,,,"     ",5.30,1406.30,1.08
1771,554720882,"01771M14:51:06.159","01771 14:39:01",238.46,845.43,,,,"     ",5.30,1420.58,1.09
1771,554720883,"01771M14:51:07.132","01771 14:39:02",238.46,845.46,,,,"     ",5.30,1418.22,1.09
1771,554720884,"01771M14:51:08.105","01771 14:39:03",238.49,845.39,,,,"     ",5.30,1398.48,1.07
1771,554720885,"01771M14:51:09.079","01771 14:39:04",238.53,845.43,,,,"     ",5.30,1399.46,1.07
1771,554720886,"01771M14:51:10.052","01771 14:39:05",238.58,845.38,,,,"     ",5.30,1404.49,1.08
1771,554720887,"01771M14:51:11.025","01771 14:39:06",238.64,845.45,,,,"     ",5.30,1410.51,1.08
1771,554720888,"01771M14:51:11.998","01771 14:39:07",238.70,845.43,,,,"     ",5.30,1409.47,1.08
1771,554720889,"01771M14:51:12.972","01771 14:39:08",238.76,845.41,,,,"     ",5.30,1407.27,1.08
1771,554720890,"01771M14:51:13.945","01771 14:39:09",238.82,845.41,,,,"     ",5.30,1420.68,1.09
1771,554720891,"01771M14:51:14.918","01771 14:39:10",238.87,845.35,,,,"     ",5.30,1418.48,1.08
1771,554720892,"01771M14:51:15.891","01771 14:39:11",238.92,845.37,,,,"     ",5.30,1423.54,1.09
1771,554720893,"01771M14:51:16.865","01771 14:39:12",238.97,845.41,,,,"     ",5.30,1408.93,1.08
1771,554720894,"01771M14:51:17.838","01771 14:39:13",239.00,845.39,,,,"     ",5.30,1418.26,1.08
1771,554720895,"01771M14:51:18.811","01771 14:39:14",239.02,845.37,,,,"     ",5.30,1410.85,1.08
1771,554720896,"01771M14:51:19.784","01771 14:39:15",239.02,845.31,,,,"     ",5.30,1418.24,1.08
1771,554720897,"01771M14:51:20.758","01771 14:39:16",239.01,845.27,,,,"     ",5.30,1397.06,1.07
1771,554720898,"01771M14:51:21.731","01771 14:39:17",238.99,845.36,,,,"     ",5.30,1429.62,1.09
1771,554720899,"01771M14:51:22.704","01771 14:39:18",238.94,845.35,,,,"     ",5.30,1414.33,1.08
1771,554720900,"01771M14:51:23.677","01771 14:39:19",238.90,845.37,,,,"     ",5.30,1415.36,1.08
1771,554720901,"01771M14:51:24.651","01771 14:39:20",238.85,845.39,,,,"     ",5.30,1404.62,1.07
1771,554720902,"01771M14:51:25.624","01771 14:39:21",238.81,845.42,,,,"     ",5.30,1421.92,1.08
1771,554720903,"01771M14:51:26.597","01771 14:39:22",238.77,845.38,,,,"     ",5.30,1415.46,1.08
1771,554720904,"01771M14:51:27.571","01771 14:39:23",238.74,845.35,,,,"     ",5.30,1408.20,1.07
1771,554720905,"01771M14:51:28.544","01771 14:39:24",238.72,845.38,,,,"     ",5.30,1412.75,1.08
1771,554720906,"01771M14:51:29.517","01771 14:39:25",238.70,845.37,,,,"     ",5.30,1415.62,1.08
1771,554720907,"01771M14:51:30.490","01771 14:39:26",238.69,845.30,,,,"     ",5.30,1417.65,1.08
1771,554720908,"01771M14:51:31.464","01771 14:39:27",238.69,845.39,,,,"     ",5.30,1419.73,1.08
1771,554720909,"01771M14:51:32.437","01771 14:39:28",238.69,845.33,,,,"     ",5.30,1415.70,1.08
1771,554720910,"01771M14:51:33.410","01771 14:39:28",238.71,845.38,,,,"     ",5.30,1426.26,1.09
1771,554720911,"01771M14:51:34.383","01771 14:39:29",238.74,845.44,,,,"     ",5.30,1413.94,1.08
1771,554720912,"01771M14:51:35.357","01771 14:39:30",238.81,845.42,,,,"     ",5.30,1398.65,1.07
1771,554720913,"01771M14:51:36.330","01771 14:39:31",238.88,845.42,,,,"     ",5.30,1401.12,1.07
1771,554720914,"01771M14:51:37.303","01771 14:39:32",238.97,845.45,,,,"     ",5.30,1388.25,1.06
1771,554720915,"01771M14:51:38.276","01771 14:39:33",239.06,845.40,,,,"     ",5.30,1404.28,1.07
1771,554720916,"01771M14:51:39.250","01771 14:39:34",239.14,845.44,,,,"     ",5.30,1402.55,1.07
1771,554720917,"01771M14:51:40.223","01771 14:39:35",239.22,845.41,,,,"     ",5.30,1421.02,1.08
1771,554720918,"01771M14:51:41.196","01771 14:39:36",239.28,845.38,,,,"     ",5.30,1422.70,1.09
1771,554720919,"01771M14:51:42.169","01771 14:39:37",239.32,845.39,,,,"     ",5.30,1425.42,1.09
1771,554720920,"01771M14:51:43.143","01771 14:39:38",239.35,845.35,,,,"     ",5.30,1411.49,1.08
1771,554720921,"01771M14:51:44.116","01771 14:39:39",239.37,845.38,,,,"     ",5.30,1417.38,1.08
1771,554720922,"01771M14:51:45.089","01771 14:39:40",239.38,845.44,,,,"     ",5.30,1389.33,1.06
1771,554720923,"01771M14:51:46.062","01771 14:39:41",239.39,845.43,,,,"     ",5.30,1410.70,1.07
1771,554720924,"01771M14:51:47.036","01771 14:39:42",239.40,845.49,,,,"     ",5.30,1407.47,1.07
1771,554720925,"01771M14:51:48.009","01771 14:39:43",239.40,845.36,,,,"     ",5.30,1403.23,1.07
1771,554720926,"01771M14:51:48.982","01771 14:39:44",239.41,845.43,,,,"     ",5.30,1415.83,1.08
1771,554720927,"01771M14:51:49.955","01771 14:39:45",239.41,845.49,,,,"     ",5.30,1429.13,1.09
1771,554720928,"01771M14:51:50.929","01771 14:39:46",239.43,845.46,,,,"     ",5.30,1388.72,1.06
1771,554720929,"01771M14:51:51.902","01771 14:39:47",239.46,845.42,,,,"     ",5.30,1416.14,1.08
1771,554720930,"01771M14:51:52.875","01771 14:39:48",239.49,845.39,,,,"     ",5.30,1415.70,1.08
1771,554720931,"01771M14:51:53.848","01771 14:39:49",239.54,845.47,,,,"     ",5.30,1404.23,1.07
1771,554720932,"01771M14:51:54.822","01771 14:39:50",239.59,845.46,,,,"     ",5.30,1431.29,1.09
1771,554720933,"01771M14:51:55.795","01771 14:39:51",239.63,845.45,,,,"     ",5.30,1418.22,1.08
1771,554720934,"01771M14:51:56.768","01771 14:39:52",239.67,845.42,,,,"     ",5.30,1378.61,1.05
1771,554720935,"01771M14:51:57.741","01771 14:39:53",239.69,845.43,,,,"     ",5.30,1423.55,1.08
1771,554720936,"01771M14:51:58.715","01771 14:39:54",239.69,845.48,,,,"     ",5.30,1403.34,1.06
1771,554720937,"01771M14:51:59.688","01771 14:39:55",239.68,845.44,,,,"     ",5.30,1429.08,1.09
1771,554720938,"01771M14:52:00.661","01771 14:39:56",239.65,845.40,,,,"     ",5.30,1406.25,1.07
1771,554720939,"01771M14:52:01.634","01771 14:39:57",239.62,845.46,,,,"     ",5.30,1438.72,1.09
1771,554720940,"01771M14:52:02.608","01771 14:39:58",239.57,845.40,,,,"     ",5.30,1422.10,1.08
1771,554720941,"01771M14:52:03.581","01771 14:39:59",239.52,845.39,,,,"     ",5.30,1408.31,1.07
1771,554720942,"01771M14:52:04.554","01771 14:40:00",239.47,845.34,,,,"     ",5.30,1402.71,1.06
1771,554720943,"01771M14:52:05.527","01771 14:40:01",239.42,845.39,,,,"     ",5.30,1425.86,1.08
1771,554720944,"01771M14:52:06.501","01771 14:40:02",239.38,845.42,,,,"     ",5.30,1429.39,1.08
1771,554720945,"01771M14:52:07.474","01771 14:40:03",239.34,845.39,,,,"     ",5.30,1420.86,1.07
1771,554720946,"01771M14:52:08.447","01771 14:40:04",239.30,845.43,,,,"     ",5.30,1432.94,1.08
1771,554720947,"01771M14:52:09.420","01771 14:40:04",239.28,845.49,,,,"     ",5.30,1423.85,1.08
1771,554720948,"01771M14:52:10.394","01771 14:40:05",239.28,845.39,,,,"     ",5.30,1414.45,1.07
1771,554720949,"01771M14:52:11.367","01771 14:40:06",239.30,845.47,,,,"     ",5.30,1422.12,1.07
1771,554720950,"01771M14:52:12.340","01771 14:40:07",239.35,845.47,,,,"     ",5.30,1404.94,1.06
1771,554720951,"01771M14:52:13.313","01771 14:40:08",239.40,845.37,,,,"     ",5.30,1424.90,1.08
1771,554720952,"01771M14:52:14.287","01771 14:40:09",239.48,845.43,,,,"     ",5.30,1411.42,1.06
1771,554720953,"01771M14:52:15.260","01771 14:40:10",239.57,845.40,,,,"     ",5.30,1421.91,1.07
1771,554720954,"01771M14:52:16.233","01771 14:40:11",239.67,845.42,,,,"     ",5.30,1421.85,1.07
1771,554720955,"01771M14:52:17.206","01771 14:40:12",239.79,845.42,,,,"     ",5.30,1427.45,1.08
1771,554720956,"01771M14:52:18.180","01771 14:40:13",239.91,845.43,,,,"     ",5.30,1410.89,1.06
1771,554720957,"01771M14:52:19.153","01771 14:40:14",240.03,845.32,,,,"     ",5.30,1426.98,1.07
1771,554720958,"01771M14:52:20.126","01771 14:40:15",240.16,845.31,,,,"     ",5.30,1432.67,1.08
1771,554720959,"01771M14:52:21.099","01771 14:40:16",240.29,845.36,,,,"     ",5.30,1435.97,1.08
1771,554720960,"01771M14:52:22.073","01771 14:40:17",240.42,845.37,,,,"     ",5.30,1430.53,1.07
1771,554720961,"01771M14:52:23.046","01771 14:40:18",240.55,845.28,,,,"     ",5.30,1426.05,1.07
1771,554720962,"01771M14:52:24.019","01771 14:40:19",240.68,845.27,,,,"     ",5.30,1453.31,1.09
1771,554720963,"01771M14:52:24.992","01771 14:40:20",240.82,845.38,,,,"     ",5.30,1419.64,1.06
1771,554720964,"01771M14:52:25.966","01771 14:40:21",240.96,845.37,,,,"     ",5.30,1432.32,1.07
1771,554720965,"01771M14:52:26.939","01771 14:40:22",241.10,845.37,,,,"     ",5.30,1435.99,1.08
1771,554720966,"01771M14:52:27.912","01771 14:40:23",241.24,845.28,,,,"     ",5.30,1421.00,1.06
1771,554720967,"01771M14:52:28.885","01771 14:40:24",241.38,845.27,,,,"     ",5.30,1416.28,1.06
1771,554720968,"01771M14:52:29.859","01771 14:40:25",241.50,845.24,,,,"     ",5.30,1445.75,1.08
1771,554720969,"01771M14:52:30.832","01771 14:40:26",241.63,845.29,,,,"     ",5.30,1441.24,1.08
1771,554720970,"01771M14:52:31.805","01771 14:40:27",241.74,845.18,,,,"     ",5.30,1435.41,1.07
1771,554720971,"01771M14:52:32.778","01771 14:40:28",241.86,845.25,,,,"     ",5.30,1426.11,1.06
1771,554720972,"01771M14:52:33.752","01771 14:40:29",241.96,845.21,,,,"     ",5.30,1436.87,1.07
1771,554720973,"01771M14:52:34.725","01771 14:40:30",242.07,845.24,,,,"     ",5.30,1411.00,1.05
1771,554720974,"01771M14:52:35.698","01771 14:40:31",242.18,845.25,,,,"     ",5.30,1445.91,1.08
1771,554720975,"01771M14:52:36.672","01771 14:40:32",242.29,845.20,,,,"     ",5.30,1441.08,1.07
1771,554720976,"01771M14:52:37.645","01771 14:40:33",242.41,845.19,,,,"     ",5.30,1429.36,1.06
1771,554720977,"01771M14:52:38.618","01771 14:40:34",242.53,845.13,,,,"     ",5.30,1417.57,1.05
1771,554720978,"01771M14:52:39.591","01771 14:40:35",242.63,845.31,,,,"     ",5.30,1439.64,1.07
1771,554720979,"01771M14:52:40.565","01771 14:40:36",242.74,845.24,,,,"     ",5.30,1425.18,1.06
1771,554720980,"01771M14:52:41.538","01771 14:40:37",242.85,845.19,,,,"     ",5.30,1437.03,1.07
1771,554720981,"01771M14:52:42.511","01771 14:40:38",242.94,845.22,,,,"     ",5.30,1443.74,1.07
1771,554720982,"01771M14:52:43.484","01771 14:40:39",243.04,845.23,,,,"     ",5.30,1435.67,1.07
1771,554720983,"01771M14:52:44.458","01771 14:40:40",243.12,845.30,,,,"     ",5.30,1459.45,1.08
1771,554720984,"01771M14:52:45.431","01771 14:40:41",243.20,845.25,,,,"     ",5.30,1440.78,1.07
1771,554720985,"01771M14:52:46.404","01771 14:40:41",243.28,845.22,,,,"     ",5.30,1446.48,1.07
1771,554720986,"01771M14:52:47.377","01771 14:40:42",243.35,845.28,,,,"     ",5.30,1437.09,1.06
1771,554720987,"01771M14:52:48.351","01771 14:40:43",243.41,845.19,,,,"     ",5.30,1434.56,1.06
1771,554720988,"01771M14:52:49.324","01771 14:40:44",243.47,845.22,,,,"     ",5.30,1441.59,1.07
1771,554720989,"01771M14:52:50.297","01771 14:40:45",243.52,845.19,,,,"     ",5.30,1454.53,1.08
1771,554720990,"01771M14:52:51.270","01771 14:40:46",243.59,845.19,,,,"     ",5.30,1439.87,1.06
1771,554720991,"01771M14:52:52.244","01771 14:40:47",243.66,845.26,,,,"     ",5.30,1447.28,1.07
1771,554720992,"01771M14:52:53.217","01771 14:40:48",243.73,845.21,,,,"     ",5.30,1440.06,1.06
1771,554720993,"01771M14:52:54.190","01771 14:40:49",243.80,845.18,,,,"     ",5.30,1447.80,1.07
1771,554720994,"01771M14:52:55.163","01771 14:40:50",243.86,845.20,,,,"     ",5.30,1431.31,1.05
1771,554720995,"01771M14:52:56.137","01771 14:40:51",243.92,845.17,,,,"     ",5.30,1470.38,1.08
1771,554720996,"01771M14:52:57.110","01771 14:40:52",243.95,845.18,,,,"     ",5.30,1435.16,1.06
1771,554720997,"01771M14:52:58.083","01771 14:40:53",243.97,845.10,,,,"     ",5.30,1450.95,1.07
1771,554720998,"01771M14:52:59.056","01771 14:40:54",243.97,845.17,,,,"     ",5.30,1456.92,1.07
1771,554720999,"01771M14:53:00.030","01771 14:40:55",243.95,845.09,,,,"     ",5.30,1451.09,1.07
1771,554721000,"01771M14:53:01.003","01771 14:40:56",243.91,845.19,,,,"     ",5.30,1464.09,1.08
1771,554721001,"01771M14:53:01.976","01771 14:40:57",243.86,845.13,,,,"     ",5.30,1457.35,1.07
1771,554721002,"01771M14:53:02.949","01771 14:40:58",243.80,845.14,,,,"     ",5.30,1428.36,1.05
1771,554721003,"01771M14:53:03.923","01771 14:40:59",243.73,845.20,,,,"     ",5.30,1450.20,1.06
1771,554721004,"01771M14:53:04.896","01771 14:41:00",243.64,845.23,,,,"     ",5.30,1443.12,1.06
1771,554721005,"01771M14:53:05.869","01771 14:41:01",243.56,845.18,,,,"     ",5.30,1459.31,1.07
1771,554721006,"01771M14:53:06.842","01771 14:41:02",243.49,845.26,,,,"     ",5.30,1465.34,1.07
1771,554721007,"01771M14:53:07.816","01771 14:41:03",243.43,845.17,,,,"     ",5.30,1443.00,1.06
1771,554721008,"01771M14:53:08.789","01771 14:41:04",243.38,845.19,,,,"     ",5.30,1434.97,1.05
1771,554721009,"01771M14:53:09.762","01771 14:41:05",243.34,845.09,,,,"     ",5.30,1457.55,1.07
1771,554721010,"01771M14:53:10.735","01771 14:41:06",243.33,845.13,,,,"     ",5.30,1435.08,1.05
1771,554721011,"01771M14:53:11.709","01771 14:41:07",243.32,845.09,,,,"     ",5.30,1453.63,1.06
1771,554721012,"01771M14:53:12.682","01771 14:41:08",243.31,845.12,,,,"     ",5.30,1459.01,1.07
1771,554721013,"01771M14:53:13.655","01771 14:41:09",243.29,845.26,,,,"     ",5.30,1450.13,1.06
1771,554721014,"01771M14:53:14.628","01771 14:41:10",243.28,845.22,,,,"     ",5.30,1453.79,1.06
1771,554721015,"01771M14:53:15.602","01771 14:41:11",243.25,845.13,,,,"     ",5.30,1453.98,1.06
1771,554721016,"01771M14:53:16.575","01771 14:41:12",243.22,845.13,,,,"     ",5.30,1468.93,1.07
1771,554721017,"01771M14:53:17.548","01771 14:41:13",243.19,845.14,,,,"     ",5.30,1440.90,1.05
1771,554721018,"01771M14:53:18.521","01771 14:41:14",243.18,845.17,,,,"     ",5.30,1474.33,1.08
1771,554721019,"01771M14:53:19.495","01771 14:41:15",243.17,845.10,,,,"     ",5.30,1456.78,1.06
1771,554721020,"01771M14:53:20.468","01771 14:41:16",243.18,845.08,,,,"     ",5.30,1452.87,1.06
1771,554721021,"01771M14:53:21.441","01771 14:41:17",243.19,845.11,,,,"     ",5.30,1458.42,1.07
1771,554721022,"01771M14:53:22.414","01771 14:41:18",243.21,844.97,,,,"     ",5.30,1462.92,1.07
1771,554721023,"01771M14:53:23.388","01771 14:41:18",243.23,845.08,,,,"     ",5.30,1430.49,1.04
1771,554721024,"01771M14:53:24.361","01771 14:41:19",243.28,844.97,,,,"     ",5.30,1464.99,1.07
1771,554721025,"01771M14:53:25.334","01771 14:41:20",243.33,845.03,,,,"     ",5.30,1449.88,1.06
1771,554721026,"01771M14:53:26.307","01771 14:41:21",243.41,844.97,,,,"     ",5.30,1436.37,1.05
1771,554721027,"01771M14:53:27.281","01771 14:41:22",243.51,845.02,,,,"     ",5.30,1463.51,1.07
1771,554721028,"01771M14:53:28.254","01771 14:41:23",243.61,845.02,,,,"     ",5.30,1470.71,1.07
1771,554721029,"01771M14:53:29.227","01771 14:41:24",243.72,844.94,,,,"     ",5.30,1465.54,1.07
1771,554721030,"01771M14:53:30.200","01771 14:41:25",243.82,844.95,,,,"     ",5.30,1450.93,1.06
1771,554721031,"01771M14:53:31.174","01771 14:41:26",243.92,845.00,,,,"     ",5.30,1460.76,1.06
1771,554721032,"01771M14:53:32.147","01771 14:41:27",244.02,845.04,,,,"     ",5.30,1479.58,1.08
1771,554721033,"01771M14:53:33.120","01771 14:41:28",244.12,845.08,,,,"     ",5.30,1458.68,1.06
1771,554721034,"01771M14:53:34.093","01771 14:41:29",244.21,845.11,,,,"     ",5.30,1457.28,1.06
1771,554721035,"01771M14:53:35.067","01771 14:41:30",244.31,844.97,,,,"     ",5.30,1439.15,1.05
1771,554721036,"01771M14:53:36.040","01771 14:41:31",244.41,845.06,,,,"     ",5.30,1471.52,1.07
1771,554721037,"01771M14:53:37.013","01771 14:41:32",244.51,845.01,,,,"     ",5.30,1462.82,1.07
1771,554721038,"01771M14:53:37.986","01771 14:41:33",244.61,845.03,,,,"     ",5.30,1438.79,1.05
1771,554721039,"01771M14:53:38.960","01771 14:41:34",244.70,845.05,,,,"     ",5.30,1460.43,1.06
1771,554721040,"01771M14:53:39.933","01771 14:41:35",244.79,844.94,,,,"     ",5.30,1480.70,1.08
1771,554721041,"01771M14:53:40.906","01771 14:41:36",244.85,844.94,,,,"     ",5.30,1433.18,1.04
1771,554721042,"01771M14:53:41.879","01771 14:41:37",244.90,845.06,,,,"     ",5.30,1447.46,1.05
1771,554721043,"01771M14:53:42.853","01771 14:41:38",244.94,845.10,,,,"     ",5.30,1443.93,1.05
1771,554721044,"01771M14:53:43.826","01771 14:41:39",244.99,845.15,,,,"     ",5.30,1456.60,1.06
1771,554721045,"01771M14:53:44.799","01771 14:41:40",245.03,845.03,,,,"     ",5.30,1454.75,1.06
1771,554721046,"01771M14:53:45.773","01771 14:41:41",245.07,845.14,,,,"     ",5.30,1452.26,1.05
1771,554721047,"01771M14:53:46.746","01771 14:41:42",245.10,845.06,,,,"     ",5.30,1470.60,1.07
1771,554721048,"01771M14:53:47.719","01771 14:41:43",245.13,845.04,,,,"     ",5.30,1445.35,1.05
1771,554721049,"01771M14:53:48.692","01771 14:41:44",245.14,845.01,,,,"     ",5.30,1458.07,1.06
1771,554721050,"01771M14:53:49.666","01771 14:41:45",245.16,845.00,,,,"     ",5.30,1453.79,1.05
1771,554721051,"01771M14:53:50.639","01771 14:41:46",245.16,845.08,,,,"     ",5.30,1470.74,1.07
1771,554721052,"01771M14:53:51.612","01771 14:41:47",245.17,845.12,,,,"     ",5.30,1472.80,1.07
1771,554721053,"01771M14:53:52.585","01771 14:41:48",245.16,845.09,,,,"     ",5.30,1470.46,1.06
1771,554721054,"01771M14:53:53.559","01771 14:41:49",245.14,845.04,,,,"     ",5.30,1469.49,1.06
1771,554721055,"01771M14:53:54.532","01771 14:41:50",245.12,845.10,,,,"     ",5.30,1481.89,1.07
1771,554721056,"01771M14:53:55.505","01771 14:41:51",245.10,845.10,,,,"     ",5.30,1466.55,1.06
1771,554721057,"01771M14:53:56.478","01771 14:41:52",245.08,845.09,,,,"     ",5.30,1450.66,1.05
1771,554721058,"01771M14:53:57.452","01771 14:41:53",245.07,845.06,,,,"     ",5.30,1468.31,1.06
1771,554721059,"01771M14:53:58.425","01771 14:41:54",245.05,845.13,,,,"     ",5.30,1468.06,1.06
1771,554721060,"01771M14:53:59.398","01771 14:41:55",245.07,845.10,,,,"     ",5.30,1469.59,1.06
1771,554721061,"01771M14:54:00.371","01771 14:41:55",245.10,845.04,,,,"     ",5.30,1476.87,1.07
1771,554721062,"01771M14:54:01.345","01771 14:41:56",245.14,845.10,,,,"     ",5.30,1466.36,1.06
1771,554721063,"01771M14:54:02.318","01771 14:41:57",245.19,845.08,,,,"     ",5.30,1467.01,1.06
1771,554721064,"01771M14:54:03.291","01771 14:41:58",245.23,845.09,,,,"     ",5.30,1490.05,1.07
1771,554721065,"01771M14:54:04.264","01771 14:41:59",245.26,845.00,,,,"     ",5.30,1474.22,1.06
1771,554721066,"01771M14:54:05.238","01771 14:42:00",245.26,845.08,,,,"     ",5.30,1471.11,1.06
1771,554721067,"01771M14:54:06.211","01771 14:42:01",245.24,845.08,,,,"     ",5.30,1478.68,1.06
1771,554721068,"01771M14:54:07.184","01771 14:42:02",245.18,845.09,,,,"     ",5.30,1475.69,1.06
1771,554721069,"01771M14:54:08.157","01771 14:42:03",245.11,845.03,,,,"     ",5.30,1463.00,1.05
1771,554721070,"01771M14:54:09.131","01771 14:42:04",245.02,845.07,,,,"     ",5.30,1485.24,1.07
1771,554721071,"01771M14:54:10.104","01771 14:42:05",244.91,845.11,,,,"     ",5.30,1465.63,1.05
1771,554721072,"01771M14:54:11.077","01771 14:42:06",244.80,845.06,,,,"     ",5.30,1463.09,1.05
1771,554721073,"01771M14:54:12.050","01771 14:42:07",244.69,845.02,,,,"     ",5.30,1495.08,1.07
1771,554721074,"01771M14:54:13.024","01771 14:42:08",244.58,845.10,,,,"     ",5.30,1481.57,1.06
1771,554721075,"01771M14:54:13.997","01771 14:42:09",244.48,845.01,,,,"     ",5.30,1454.81,1.04
1771,554721076,"01771M14:54:14.970","01771 14:42:10",244.40,845.02,,,,"     ",5.30,1480.90,1.06
1771,554721077,"01771M14:54:15.943","01771 14:42:11",244.35,844.96,,,,"     ",5.30,1461.81,1.05
1771,554721078,"01771M14:54:16.917","01771 14:42:12",244.31,844.98,,,,"     ",5.30,1480.93,1.06
1771,554721079,"01771M14:54:17.890","01771 14:42:13",244.28,845.03,,,,"     ",5.30,1472.93,1.05
1771,554721080,"01771M14:54:18.863","01771 14:42:14",244.25,844.90,,,,"     ",5.30,1481.02,1.06
1771,554721081,"01771M14:54:19.836","01771 14:42:15",244.21,845.03,,,,"     ",5.30,1476.64,1.06
1771,554721082,"01771M14:54:20.810","01771 14:42:16",244.16,845.00,,,,"     ",5.30,1460.95,1.04
1771,554721083,"01771M14:54:21.783","01771 14:42:17",244.09,844.97,,,,"     ",5.30,1450.05,1.04
1771,554721084,"01771M14:54:22.756","01771 14:42:18",244.00,845.02,,,,"     ",5.30,1467.31,1.05
1771,554721085,"01771M14:54:23.729","01771 14:42:19",243.92,845.05,,,,"     ",5.30,1475.01,1.05
1771,554721086,"01771M14:54:24.703","01771 14:42:20",243.84,845.08,,,,"     ",5.30,1472.48,1.05
1771,554721087,"01771M14:54:25.676","01771 14:42:21",243.78,845.01,,,,"     ",5.30,1471.51,1.05
1771,554721088,"01771M14:54:26.649","01771 14:42:22",243.74,845.07,,,,"     ",5.30,1485.83,1.06
1771,554721089,"01771M14:54:27.622","01771 14:42:23",243.74,845.04,,,,"     ",5.30,1467.91,1.05
1771,554721090,"01771M14:54:28.596","01771 14:42:24",243.76,845.08,,,,"     ",5.30,1455.84,1.04
1771,554721091,"01771M14:54:29.569","01771 14:42:25",243.82,845.09,,,,"     ",5.30,1484.06,1.06
1771,554721092,"01771M14:54:30.542","01771 14:42:26",243.89,845.07,,,,"     ",5.30,1482.01,1.06
1771,554721093,"01771M14:54:31.515","01771 14:42:27",243.99,845.05,,,,"     ",5.30,1457.47,1.04
1771,554721094,"01771M14:54:32.489","01771 14:42:28",244.10,845.10,,,,"     ",5.30,1478.54,1.05
1771,554721095,"01771M14:54:33.462","01771 14:42:29",244.22,845.04,,,,"     ",5.30,1473.01,1.05
1771,554721096,"01771M14:54:34.435","01771 14:42:30",244.34,845.05,,,,"     ",5.30,1480.10,1.05
1771,554721097,"01771M14:54:35.408","01771 14:42:31",244.48,845.04,,,,"     ",5.30,1474.31,1.05
1771,554721098,"01771M14:54:36.382","01771 14:42:31",244.60,845.11,,,,"     ",5.30,1484.38,1.06
1771,554721099,"01771M14:54:37.355","01771 14:42:32",244.73,844.91,,,,"     ",5.30,1476.71,1.05
1771,554721100,"01771M14:54:38.328","01771 14:42:33",244.83,844.98,,,,"     ",5.30,1467.10,1.04
1771,554721101,"01771M14:54:39.301","01771 14:42:34",244.93,845.00,,,,"     ",5.30,1484.05,1.05
1771,554721102,"01771M14:54:40.275","01771 14:42:35",245.01,844.97,,,,"     ",5.30,1483.96,1.05
1771,554721103,"01771M14:54:41.248","01771 14:42:36",245.09,844.96,,,,"     ",5.30,1477.73,1.05
1771,554721104,"01771M14:54:42.221","01771 14:42:37",245.15,844.89,,,,"     ",5.30,1512.33,1.07
1771,554721105,"01771M14:54:43.194","01771 14:42:38",245.21,844.98,,,,"     ",5.30,1480.61,1.05
1771,554721106,"01771M14:54:44.168","01771 14:42:39",245.26,844.97,,,,"     ",5.30,1506.32,1.07
1771,554721107,"01771M14:54:45.141","01771 14:42:40",245.30,845.00,,,,"     ",5.30,1461.75,1.03
1771,554721108,"01771M14:54:46.114","01771 14:42:41",245.32,844.94,,,,"     ",5.30,1498.96,1.06
1771,554721109,"01771M14:54:47.087","01771 14:42:42",245.33,844.85,,,,"     ",5.30,1484.29,1.05
1771,554721110,"01771M14:54:48.061","01771 14:42:43",245.33,844.93,,,,"     ",5.30,1480.08,1.05
1771,554721111,"01771M14:54:49.034","01771 14:42:44",245.30,844.94,,,,"     ",5.30,1498.93,1.06
1771,554721112,"01771M14:54:50.007","01771 14:42:45",245.26,844.92,,,,"     ",5.30,1487.54,1.05
1771,554721113,"01771M14:54:50.980","01771 14:42:46",245.23,844.93,,,,"     ",5.30,1481.23,1.05
1771,554721114,"01771M14:54:51.954","01771 14:42:47",245.19,844.94,,,,"     ",5.30,1493.28,1.05
1771,554721115,"01771M14:54:52.927","01771 14:42:48",245.15,844.91,,,,"     ",5.30,1483.70,1.05
1771,554721116,"01771M14:54:53.900","01771 14:42:49",245.10,844.93,,,,"     ",5.30,1484.95,1.05
1771,554721117,"01771M14:54:54.874","01771 14:42:50",245.04,844.94,,,,"     ",5.30,1500.71,1.06
1771,554721118,"01771M14:54:55.847","01771 14:42:51",244.97,844.87,,,,"     ",5.30,1490.49,1.05
1771,554721119,"01771M14:54:56.820","01771 14:42:52",244.89,844.99,,,,"     ",5.30,1471.56,1.04
1771,554721120,"01771M14:54:57.793","01771 14:42:53",244.79,844.94,,,,"     ",5.30,1497.45,1.06
1771,554721121,"01771M14:54:58.767","01771 14:42:54",244.67,844.91,,,,"     ",5.30,1492.75,1.05
1771,554721122,"01771M14:54:59.740","01771 14:42:55",244.55,844.85,,,,"     ",5.30,1498.67,1.06
1771,554721123,"01771M14:55:00.713","01771 14:42:56",244.41,845.03,,,,"     ",5.30,1484.13,1.04
1771,554721124,"01771M14:55:01.686","01771 14:42:57",244.28,844.97,,,,"     ",5.30,1502.32,1.06
1771,554721125,"01771M14:55:02.660","01771 14:42:58",244.15,845.03,,,,"     ",5.30,1497.82,1.05
1771,554721126,"01771M14:55:03.633","01771 14:42:59",244.02,844.95,,,,"     ",5.30,1491.14,1.05
1771,554721127,"01771M14:55:04.606","01771 14:43:00",243.91,844.95,,,,"     ",5.30,1498.52,1.05
1771,554721128,"01771M14:55:05.579","01771 14:43:01",243.80,845.05,,,,"     ",5.30,1497.34,1.05
1771,554721129,"01771M14:55:06.553","01771 14:43:02",243.70,845.04,,,,"     ",5.30,1489.52,1.05
1771,554721130,"01771M14:55:07.526","01771 14:43:03",243.62,844.94,,,,"     ",5.30,1492.80,1.05
1771,554721131,"01771M14:55:08.499","01771 14:43:04",243.56,845.05,,,,"     ",5.30,1479.65,1.04
1771,554721132,"01771M14:55:09.472","01771 14:43:05",243.51,845.00,,,,"     ",5.30,1490.16,1.05
1771,554721133,"01771M14:55:10.446","01771 14:43:06",243.47,844.98,,,,"     ",5.30,1489.77,1.05
1771,554721134,"01771M14:55:11.419","01771 14:43:07",243.44,844.97,,,,"     ",5.30,1496.05,1.05
1771,554721135,"01771M14:55:12.392","01771 14:43:08",243.41,845.02,,,,"     ",5.30,1500.38,1.05
1771,554721136,"01771M14:55:13.365","01771 14:43:08",243.37,845.04,,,,"     ",5.30,1476.45,1.03
1771,554721137,"01771M14:55:14.339","01771 14:43:09",243.34,844.95,,,,"     ",5.30,1487.31,1.04
1771,554721138,"01771M14:55:15.312","01771 14:43:10",243.29,844.93,,,,"     ",5.30,1503.60,1.05
1771,554721139,"01771M14:55:16.285","01771 14:43:11",243.23,844.99,,,,"     ",5.30,1499.55,1.05
1771,554721140,"01771M14:55:17.258","01771 14:43:12",243.17,845.01,,,,"     ",5.30,1485.78,1.04
1771,554721141,"01771M14:55:18.232","01771 14:43:13",243.11,844.95,,,,"     ",5.30,1493.68,1.05
1771,554721142,"01771M14:55:19.205","01771 14:43:14",243.06,844.95,,,,"     ",5.30,1494.28,1.05
1771,554721143,"01771M14:55:20.178","01771 14:43:15",243.01,844.97,,,,"     ",5.30,1490.74,1.04
1771,554721144,"01771M14:55:21.151","01771 14:43:16",242.99,845.00,,,,"     ",5.30,1500.01,1.05
1771,554721145,"01771M14:55:22.125","01771 14:43:17",242.96,844.98,,,,"     ",5.30,1509.92,1.06
1771,554721146,"01771M14:55:23.098","01771 14:43:18",242.94,844.97,,,,"     ",5.30,1510.54,1.06
1771,554721147,"01771M14:55:24.071","01771 14:43:19",242.93,844.94,,,,"     ",5.30,1497.58,1.05
1771,554721148,"01771M14:55:25.044","01771 14:43:20",242.91,844.91,,,,"     ",5.30,1488.98,1.04
1771,554721149,"01771M14:55:26.018","01771 14:43:21",242.90,844.96,,,,"     ",5.30,1484.01,1.04
1771,554721150,"01771M14:55:26.991","01771 14:43:22",242.89,844.95,,,,"     ",5.30,1498.89,1.05
1771,554721151,"01771M14:55:27.964","01771 14:43:23",242.88,844.95,,,,"     ",5.30,1502.12,1.05
1771,554721152,"01771M14:55:28.937","01771 14:43:24",242.87,844.87,,,,"     ",5.30,1514.30,1.06
1771,554721153,"01771M14:55:29.911","01771 14:43:25",242.85,844.87,,,,"     ",5.30,1484.15,1.03
1771,554721154,"01771M14:55:30.884","01771 14:43:26",242.84,844.83,,,,"     ",5.30,1501.78,1.05
1771,554721155,"01771M14:55:31.857","01771 14:43:27",242.80,844.86,,,,"     ",5.30,1517.71,1.06
1771,554721156,"01771M14:55:32.830","01771 14:43:28",242.75,844.88,,,,"     ",5.30,1494.09,1.04
1771,554721157,"01771M14:55:33.804","01771 14:43:29",242.70,844.87,,,,"     ",5.30,1509.41,1.05
1771,554721158,"01771M14:55:34.777","01771 14:43:30",242.65,844.88,,,,"     ",5.30,1495.60,1.04
1771,554721159,"01771M14:55:35.750","01771 14:43:31",242.60,844.92,,,,"     ",5.30,1493.05,1.04
1771,554721160,"01771M14:55:36.723","01771 14:43:32",242.54,844.82,,,,"     ",5.30,1514.05,1.05
1771,554721161,"01771M14:55:37.697","01771 14:43:33",242.47,844.86,,,,"     ",5.30,1515.59,1.05
1771,554721162,"01771M14:55:38.670","01771 14:43:34",242.41,844.83,,,,"     ",5.30,1497.23,1.04
1771,554721163,"01771M14:55:39.643","01771 14:43:35",242.34,844.77,,,,"     ",5.30,1496.04,1.04
1771,554721164,"01771M14:55:40.616","01771 14:43:36",242.27,844.80,,,,"     ",5.30,1493.60,1.04
1771,554721165,"01771M14:55:41.590","01771 14:43:37",242.19,844.76,,,,"     ",5.30,1502.02,1.04
1771,554721166,"01771M14:55:42.563","01771 14:43:38",242.12,844.84,,,,"     ",5.30,1492.07,1.04
1771,554721167,"01771M14:55:43.536","01771 14:43:39",242.03,844.85,,,,"     ",5.30,1500.71,1.04
1771,554721168,"01771M14:55:44.509","01771 14:43:40",241.95,844.86,,,,"     ",5.30,1488.66,1.03
1771,554721169,"01771M14:55:45.483","01771 14:43:41",241.58,844.94,,,,"     ",5.30,1491.56,1.04
1771,554721170,"01771M14:55:46.456","01771 14:43:42",241.52,844.82,,,,"     ",5.30,1478.08,1.03
1771,554721171,"01771M14:55:47.429","01771 14:43:43",241.47,844.89,,,,"     ",5.30,1496.64,1.04
1771,554721172,"01771M14:55:48.402","01771 14:43:44",241.42,844.85,,,,"     ",5.30,1490.12,1.04
1771,554721173,"01771M14:55:49.376","01771 14:43:45",241.37,844.94,,,,"     ",5.30,1493.41,1.04
1771,554721174,"01771M14:55:50.349","01771 14:43:45",241.33,844.95,,,,"     ",5.30,1501.64,1.05
1771,554721175,"01771M14:55:51.322","01771 14:43:46",241.29,844.91,,,,"     ",5.30,1492.71,1.04
1771,554721176,"01771M14:55:52.295","01771 14:43:47",241.26,844.96,,,,"     ",5.30,1484.82,1.03
1771,554721177,"01771M14:55:53.269","01771 14:43:48",241.23,844.86,,,,"     ",5.30,1493.99,1.04
1771,554721178,"01771M14:55:54.242","01771 14:43:49",241.19,844.91,,,,"     ",5.30,1513.94,1.06
1771,554721179,"01771M14:55:55.215","01771 14:43:50",241.17,844.90,,,,"     ",5.30,1489.51,1.04
1771,554721180,"01771M14:55:56.188","01771 14:43:51",241.15,844.93,,,,"     ",5.30,1501.58,1.05
1771,554721181,"01771M14:55:57.162","01771 14:43:52",241.14,844.88,,,,"     ",5.30,1507.70,1.05
1771,554721182,"01771M14:55:58.135","01771 14:43:53",241.13,844.92,,,,"     ",5.30,1494.11,1.04
1771,554721183,"01771M14:55:59.108","01771 14:43:54",241.14,844.84,,,,"     ",5.30,1496.90,1.05
1771,554721184,"01771M14:56:00.081","01771 14:43:55",241.12,844.90,,,,"     ",5.30,1516.83,1.06
1771,554721185,"01771M14:56:01.055","01771 14:43:56",241.10,844.95,,,,"     ",5.30,1502.02,1.05
1771,554721186,"01771M14:56:02.028","01771 14:43:57",241.06,844.89,,,,"     ",5.30,1498.20,1.05
1771,554721187,"01771M14:56:03.001","01771 14:43:58",241.01,844.90,,,,"     ",5.30,1479.14,1.03
1771,554721188,"01771M14:56:03.975","01771 14:43:59",240.96,844.88,,,,"     ",5.30,1478.31,1.03
1771,554721189,"01771M14:56:04.948","01771 14:44:00",240.91,844.84,,,,"     ",5.30,1487.96,1.04
1771,554721190,"01771M14:56:05.921","01771 14:44:01",240.87,844.83,,,,"     ",5.30,1486.25,1.04
1771,554721191,"01771M14:56:06.894","01771 14:44:02",240.85,844.91,,,,"     ",5.30,1492.55,1.05
1771,554721192,"01771M14:56:07.868","01771 14:44:03",240.83,844.88,,,,"     ",5.30,1470.26,1.03
1771,554721193,"01771M14:56:08.841","01771 14:44:04",240.84,844.90,,,,"     ",5.30,1483.40,1.04
1771,554721194,"01771M14:56:09.814","01771 14:44:05",240.84,844.85,,,,"     ",5.30,1495.77,1.05
1771,554721195,"01771M14:56:10.787","01771 14:44:06",240.86,844.82,,,,"     ",5.30,1484.93,1.04
1771,554721196,"01771M14:56:11.761","01771 14:44:07",240.87,844.88,,,,"     ",5.30,1508.45,1.06
1771,554721197,"01771M14:56:12.734","01771 14:44:08",240.88,844.81,,,,"     ",5.30,1492.64,1.05
1771,554721198,"01771M14:56:13.707","01771 14:44:09",240.89,844.83,,,,"     ",5.30,1477.73,1.04
1771,554721199,"01771M14:56:14.680","01771 14:44:10",240.89,844.84,,,,"     ",5.30,1473.92,1.04
1771,554721200,"01771M14:56:15.654","01771 14:44:11",240.89,844.73,,,,"     ",5.30,1481.79,1.04
1771,554721201,"01771M14:56:16.627","01771 14:44:12",240.87,844.72,,,,"     ",5.30,1490.49,1.05
1771,554721202,"01771M14:56:17.600","01771 14:44:13",240.84,844.76,,,,"     ",5.30,1477.79,1.04
1771,554721203,"01771M14:56:18.573","01771 14:44:14",240.82,844.76,,,,"     ",5.30,1476.52,1.04
1771,554721204,"01771M14:56:19.547","01771 14:44:15",240.78,844.80,,,,"     ",5.30,1481.89,1.05
1771,554721205,"01771M14:56:20.520","01771 14:44:16",240.74,844.79,,,,"     ",5.30,1482.53,1.05
1771,554721206,"01771M14:56:21.493","01771 14:44:17",240.70,844.78,,,,"     ",5.30,1473.54,1.04
1771,554721207,"01771M14:56:22.466","01771 14:44:18",240.66,844.77,,,,"     ",5.30,1482.16,1.05
1771,554721208,"01771M14:56:23.440","01771 14:44:19",240.63,844.72,,,,"     ",5.30,1498.09,1.06
1771,554721209,"01771M14:56:24.413","01771 14:44:20",240.60,844.79,,,,"     ",5.30,1474.65,1.04
1771,554721210,"01771M14:56:25.386","01771 14:44:21",240.57,844.82,,,,"     ",5.30,1496.51,1.06
1771,554721211,"01771M14:56:26.359","01771 14:44:22",240.54,844.78,,,,"     ",5.30,1477.67,1.05
1771,554721212,"01771M14:56:27.333","01771 14:44:22",240.52,844.76,,,,"     ",5.30,1475.08,1.04
1771,554721213,"01771M14:56:28.306","01771 14:44:23",240.49,844.73,,,,"     ",5.30,1479.42,1.05
1771,554721214,"01771M14:56:29.279","01771 14:44:24",240.46,844.69,,,,"     ",5.30,1500.24,1.06
1771,554721215,"01771M14:56:30.252","01771 14:44:25",240.43,844.73,,,,"     ",5.30,1465.78,1.04
1771,554721216,"01771M14:56:31.226","01771 14:44:26",240.40,844.79,,,,"     ",5.30,1467.64,1.04
1771,554721217,"01771M14:56:32.199","01771 14:44:27",240.35,844.80,,,,"     ",5.30,1464.48,1.04
1771,554721218,"01771M14:56:33.172","01771 14:44:28",240.30,844.80,,,,"     ",5.30,1472.81,1.04
1771,554721219,"01771M14:56:34.145","01771 14:44:29",240.24,844.83,,,,"     ",5.30,1474.03,1.05
1771,554721220,"01771M14:56:35.119","01771 14:44:30",240.18,844.83,,,,"     ",5.30,1465.95,1.04
1771,554721221,"01771M14:56:36.092","01771 14:44:31",240.12,844.80,,,,"     ",5.30,1459.34,1.03
1771,554721222,"01771M14:56:37.065","01771 14:44:32",240.05,844.80,,,,"     ",5.30,1465.03,1.04
1771,554721223,"01771M14:56:38.038","01771 14:44:33",239.99,844.79,,,,"     ",5.30,1461.69,1.04
1771,554721224,"01771M14:56:39.012","01771 14:44:34",239.92,844.78,,,,"     ",5.30,1476.29,1.05
1771,554721225,"01771M14:56:39.985","01771 14:44:35",239.86,844.79,,,,"     ",5.30,1471.08,1.05
1771,554721226,"01771M14:56:40.958","01771 14:44:36",239.80,844.71,,,,"     ",5.30,1471.55,1.05
1771,554721227,"01771M14:56:41.931","01771 14:44:37",239.75,844.75,,,,"     ",5.30,1466.61,1.04
1771,554721228,"01771M14:56:42.905","01771 14:44:38",239.71,844.70,,,,"     ",5.30,1470.02,1.05
1771,554721229,"01771M14:56:43.878","01771 14:44:39",239.68,844.77,,,,"     ",5.30,1494.07,1.06
1771,554721230,"01771M14:56:44.851","01771 14:44:40",239.67,844.72,,,,"     ",5.30,1492.05,1.06
1771,554721231,"01771M14:56:45.824","01771 14:44:41",239.66,844.65,,,,"     ",5.30,1488.55,1.06
1771,554721232,"01771M14:56:46.798","01771 14:44:42",239.66,844.55,,,,"     ",5.30,1464.83,1.04
1771,554721233,"01771M14:56:47.771","01771 14:44:43",239.67,844.59,,,,"     ",5.30,1482.13,1.06
1771,554721234,"01771M14:56:48.744","01771 14:44:44",239.68,844.61,,,,"     ",5.30,1462.62,1.04
1771,554721235,"01771M14:56:49.717","01771 14:44:45",239.69,844.56,,,,"     ",5.30,1450.62,1.03
1771,554721236,"01771M14:56:50.691","01771 14:44:46",239.71,844.71,,,,"     ",5.30,1466.35,1.05
1771,554721237,"01771M14:56:51.664","01771 14:44:47",239.73,844.62,,,,"     ",5.30,1474.96,1.05
1771,554721238,"01771M14:56:52.637","01771 14:44:48",239.76,844.75,,,,"     ",5.30,1476.64,1.05
1771,554721239,"01771M14:56:53.610","01771 14:44:49",239.80,844.68,,,,"     ",5.30,1475.66,1.05
1771,554721240,"01771M14:56:54.584","01771 14:44:50",239.84,844.68,,,,"     ",5.30,1476.92,1.05
1771,554721241,"01771M14:56:55.557","01771 14:44:51",239.88,844.70,,,,"     ",5.30,1469.12,1.05
1771,554721242,"01771M14:56:56.530","01771 14:44:52",239.94,844.72,,,,"     ",5.30,1461.03,1.04
1771,554721243,"01771M14:56:57.503","01771 14:44:53",239.99,844.73,,,,"     ",5.30,1480.79,1.06
1771,554721244,"01771M14:56:58.477","01771 14:44:54",240.05,844.68,,,,"     ",5.30,1457.79,1.04
1771,554721245,"01771M14:56:59.450","01771 14:44:55",240.12,844.69,,,,"     ",5.30,1476.02,1.05
1771,554721246,"01771M14:57:00.423","01771 14:44:56",240.19,844.75,,,,"     ",5.30,1474.10,1.05
1771,554721247,"01771M14:57:01.396","01771 14:44:57",240.27,844.68,,,,"     ",5.30,1453.46,1.04
1771,554721248,"01771M14:57:02.370","01771 14:44:58",240.33,844.64,,,,"     ",5.30,1454.91,1.04
1771,554721249,"01771M14:57:03.343","01771 14:44:58",240.40,844.66,,,,"     ",5.30,1460.83,1.04
1771,554721250,"01771M14:57:04.316","01771 14:44:59",240.45,844.60,,,,"     ",5.30,1467.03,1.05
1771,554721251,"01771M14:57:05.289","01771 14:45:00",240.49,844.64,,,,"     ",5.30,1468.35,1.05
1771,554721252,"01771M14:57:06.263","01771 14:45:01",240.51,844.60,,,,"     ",5.30,1471.62,1.05
1771,554721253,"01771M14:57:07.236","01771 14:45:02",240.51,844.57,,,,"     ",5.30,1454.05,1.04
1771,554721254,"01771M14:57:08.209","01771 14:45:03",240.50,844.65,,,,"     ",5.30,1462.26,1.04
1771,554721255,"01771M14:57:09.182","01771 14:45:04",240.48,844.67,,,,"     ",5.30,1492.73,1.07
1771,554721256,"01771M14:57:10.156","01771 14:45:05",240.46,844.75,,,,"     ",5.30,1463.34,1.04
1771,554721257,"01771M14:57:11.129","01771 14:45:06",240.44,844.76,,,,"     ",5.30,1477.48,1.05
1771,554721258,"01771M14:57:12.102","01771 14:45:07",240.44,844.71,,,,"     ",5.30,1454.55,1.04
1771,554721259,"01771M14:57:13.075","01771 14:45:08",240.46,844.65,,,,"     ",5.30,1477.67,1.05
1771,554721260,"01771M14:57:14.049","01771 14:45:09",240.48,844.64,,,,"     ",5.30,1453.26,1.04
1771,554721261,"01771M14:57:15.022","01771 14:45:10",240.51,844.60,,,,"     ",5.30,1469.87,1.05
1771,554721262,"01771M14:57:15.995","01771 14:45:11",240.56,844.56,,,,"     ",5.30,1472.83,1.05
1771,554721263,"01771M14:57:16.969","01771 14:45:12",240.61,844.57,,,,"     ",5.30,1485.33,1.06
1771,554721264,"01771M14:57:17.942","01771 14:45:13",240.67,844.55,,,,"     ",5.30,1477.91,1.05
1771,554721265,"01771M14:57:18.915","01771 14:45:14",240.75,844.57,,,,"     ",5.30,1473.98,1.05
1771,554721266,"01771M14:57:19.888","01771 14:45:15",240.84,844.62,,,,"     ",5.30,1454.60,1.03
1771,554721267,"01771M14:57:20.862","01771 14:45:16",240.93,844.64,,,,"     ",5.30,1476.08,1.05
1771,554721268,"01771M14:57:21.835","01771 14:45:17",241.03,844.69,,,,"     ",5.30,1479.81,1.05
1771,554721269,"01771M14:57:22.808","01771 14:45:18",241.11,844.64,,,,"     ",5.30,1470.72,1.04
1771,554721270,"01771M14:57:23.781","01771 14:45:19",241.20,844.61,,,,"     ",5.30,1463.50,1.04
1771,554721271,"01771M14:57:24.755","01771 14:45:20",241.28,844.48,,,,"     ",5.30,1494.91,1.06
1771,554721272,"01771M14:57:25.728","01771 14:45:21",241.35,844.55,,,,"     ",5.30,1476.32,1.05
1771,554721273,"01771M14:57:26.701","01771 14:45:22",241.43,844.56,,,,"     ",5.30,1476.34,1.05
1771,554721274,"01771M14:57:27.674","01771 14:45:23",241.51,844.66,,,,"     ",5.30,1495.40,1.06
1771,554721275,"01771M14:57:28.648","01771 14:45:24",241.61,844.58,,,,"     ",5.30,1476.74,1.05
1771,554721276,"01771M14:57:29.621","01771 14:45:25",241.72,844.53,,,,"     ",5.30,1471.38,1.04
1771,554721277,"01771M14:57:30.594","01771 14:45:26",241.84,844.53,,,,"     ",5.30,1479.08,1.05
1771,554721278,"01771M14:57:31.567","01771 14:45:27",241.98,844.56,,,,"     ",5.30,1460.25,1.03
1771,554721279,"01771M14:57:32.541","01771 14:45:28",242.10,844.54,,,,"     ",5.30,1475.48,1.04
1771,554721280,"01771M14:57:33.514","01771 14:45:29",242.23,844.57,,,,"     ",5.30,1474.56,1.04
1771,554721281,"01771M14:57:34.487","01771 14:45:30",242.36,844.45,,,,"     ",5.30,1476.49,1.04
1771,554721282,"01771M14:57:35.460","01771 14:45:31",242.49,844.47,,,,"     ",5.30,1483.44,1.05
1771,554721283,"01771M14:57:36.434","01771 14:45:32",242.61,844.54,,,,"     ",5.30,1475.63,1.04
1771,554721284,"01771M14:57:37.407","01771 14:45:33",242.73,844.60,,,,"     ",5.30,1487.02,1.05
1771,554721285,"01771M14:57:38.380","01771 14:45:34",242.85,844.43,,,,"     ",5.30,1487.22,1.05
1771,554721286,"01771M14:57:39.353","01771 14:45:35",242.95,844.48,,,,"     ",5.30,1498.23,1.06
1771,554721287,"01771M14:57:40.327","01771 14:45:35",243.06,844.50,,,,"     ",5.30,1496.37,1.05
1771,554721288,"01771M14:57:41.300","01771 14:45:36",243.14,844.39,,,,"     ",5.30,1493.37,1.05
1771,554721289,"01771M14:57:42.273","01771 14:45:37",243.22,844.43,,,,"     ",5.30,1473.01,1.04
1771,554721290,"01771M14:57:43.246","01771 14:45:38",243.28,844.41,,,,"     ",5.30,1475.24,1.04
1771,554721291,"01771M14:57:44.220","01771 14:45:39",243.32,844.43,,,,"     ",5.30,1478.86,1.04
1771,554721292,"01771M14:57:45.193","01771 14:45:40",243.36,844.46,,,,"     ",5.30,1479.24,1.04
1771,554721293,"01771M14:57:46.166","01771 14:45:41",243.38,844.45,,,,"     ",5.30,1469.43,1.03
1771,554721294,"01771M14:57:47.139","01771 14:45:42",243.38,844.50,,,,"     ",5.30,1460.95,1.02
1771,554721295,"01771M14:57:48.113","01771 14:45:43",243.37,844.44,,,,"     ",5.30,1486.62,1.04
1771,554721296,"01771M14:57:49.086","01771 14:45:44",243.35,844.41,,,,"     ",5.30,1483.61,1.04
1771,554721297,"01771M14:57:50.059","01771 14:45:45",243.31,844.43,,,,"     ",5.30,1478.20,1.03
1771,554721298,"01771M14:57:51.032","01771 14:45:46",243.27,844.45,,,,"     ",5.30,1490.63,1.04
1771,554721299,"01771M14:57:52.006","01771 14:45:47",243.24,844.46,,,,"     ",5.30,1489.37,1.04
1771,554721300,"01771M14:57:52.979","01771 14:45:48",243.22,844.42,,,,"     ",5.30,1506.51,1.05
1771,554721301,"01771M14:57:53.952","01771 14:45:49",243.21,844.45,,,,"     ",5.30,1501.40,1.05
1771,554721302,"01771M14:57:54.925","01771 14:45:50",243.21,844.52,,,,"     ",5.30,1491.34,1.04
1771,554721303,"01771M14:57:55.899","01771 14:45:51",243.21,844.48,,,,"     ",5.30,1491.62,1.04
1771,554721304,"01771M14:57:56.872","01771 14:45:52",243.21,844.55,,,,"     ",5.30,1500.26,1.05
1771,554721305,"01771M14:57:57.845","01771 14:45:53",243.22,844.49,,,,"     ",5.30,1503.13,1.05
1771,554721306,"01771M14:57:58.818","01771 14:45:54",243.22,844.50,,,,"     ",5.30,1493.02,1.04
1771,554721307,"01771M14:57:59.792","01771 14:45:55",243.23,844.50,,,,"     ",5.30,1495.94,1.04
1771,554721308,"01771M14:58:00.765","01771 14:45:56",243.23,844.44,,,,"     ",5.30,1501.84,1.05
1771,554721309,"01771M14:58:01.738","01771 14:45:57",243.24,844.48,,,,"     ",5.30,1505.05,1.05
1771,554721310,"01771M14:58:02.711","01771 14:45:58",243.24,844.48,,,,"     ",5.30,1505.22,1.05
1771,554721311,"01771M14:58:03.685","01771 14:45:59",243.23,844.49,,,,"     ",5.30,1492.72,1.04
1771,554721312,"01771M14:58:04.658","01771 14:46:00",243.24,844.47,,,,"     ",5.30,1504.70,1.05
1771,554721313,"01771M14:58:05.631","01771 14:46:01",243.24,844.50,,,,"     ",5.30,1512.87,1.05
1771,554721314,"01771M14:58:06.604","01771 14:46:02",243.24,844.55,,,,"     ",5.30,1518.73,1.05
1771,554721315,"01771M14:58:07.578","01771 14:46:03",243.24,844.52,,,,"     ",5.30,1496.20,1.04
1771,554721316,"01771M14:58:08.551","01771 14:46:04",243.26,844.45,,,,"     ",5.30,1512.56,1.05
1771,554721317,"01771M14:58:09.524","01771 14:46:05",243.28,844.49,,,,"     ",5.30,1486.91,1.03
1771,554721318,"01771M14:58:10.497","01771 14:46:06",243.31,844.55,,,,"     ",5.30,1496.36,1.04
1771,554721319,"01771M14:58:11.471","01771 14:46:07",243.34,844.44,,,,"     ",5.30,1498.79,1.04
1771,554721320,"01771M14:58:12.444","01771 14:46:08",243.37,844.32,,,,"     ",5.30,1484.10,1.03
1771,554721321,"01771M14:58:13.417","01771 14:46:09",243.40,844.35,,,,"     ",5.30,1500.87,1.04
1771,554721322,"01771M14:58:14.390","01771 14:46:10",243.40,844.24,,,,"     ",5.30,1494.21,1.03
1771,554721323,"01771M14:58:15.364","01771 14:46:11",243.39,844.31,,,,"     ",5.30,1510.93,1.05
1771,554721324,"01771M14:58:16.337","01771 14:46:12",243.36,844.25,,,,"     ",5.30,1498.46,1.04
1771,554721325,"01771M14:58:17.310","01771 14:46:12",243.32,844.38,,,,"     ",5.30,1497.68,1.04
1771,554721326,"01771M14:58:18.283","01771 14:46:13",243.26,844.38,,,,"     ",5.30,1509.48,1.04
1771,554721327,"01771M14:58:19.257","01771 14:46:14",243.19,844.38,,,,"     ",5.30,1499.67,1.04
1771,554721328,"01771M14:58:20.230","01771 14:46:15",243.12,844.41,,,,"     ",5.30,1494.09,1.03
1771,554721329,"01771M14:58:21.203","01771 14:46:16",243.04,844.39,,,,"     ",5.30,1492.26,1.03
1771,554721330,"01771M14:58:22.176","01771 14:46:17",242.96,844.38,,,,"     ",5.30,1478.59,1.02
1771,554721331,"01771M14:58:23.150","01771 14:46:18",242.87,844.31,,,,"     ",5.30,1489.02,1.03
1771,554721332,"01771M14:58:24.123","01771 14:46:19",242.79,844.38,,,,"     ",5.30,1512.49,1.05
1771,554721333,"01771M14:58:25.096","01771 14:46:20",242.71,844.33,,,,"     ",5.30,1499.19,1.04
1771,554721334,"01771M14:58:26.070","01771 14:46:21",242.63,844.36,,,,"     ",5.30,1491.04,1.03
1771,554721335,"01771M14:58:27.043","01771 14:46:22",242.55,844.26,,,,"     ",5.30,1493.02,1.03
1771,554721336,"01771M14:58:28.016","01771 14:46:23",242.48,844.35,,,,"     ",5.30,1480.35,1.03
1771,554721337,"01771M14:58:28.989","01771 14:46:24",242.41,844.41,,,,"     ",5.30,1490.33,1.03
1771,554721338,"01771M14:58:29.963","01771 14:46:25",242.36,844.29,,,,"     ",5.30,1505.47,1.04
1771,554721339,"01771M14:58:30.936","01771 14:46:26",242.30,844.37,,,,"     ",5.30,1517.35,1.05
1771,554721340,"01771M14:58:31.909","01771 14:46:27",242.25,844.31,,,,"     ",5.30,1505.29,1.05
1771,554721341,"01771M14:58:32.882","01771 14:46:28",242.19,844.32,,,,"     ",5.30,1510.86,1.05
1771,554721342,"01771M14:58:33.856","01771 14:46:29",242.13,844.31,,,,"     ",5.30,1502.59,1.04
1771,554721343,"01771M14:58:34.829","01771 14:46:30",242.07,844.24,,,,"     ",5.30,1495.98,1.04
1771,554721344,"01771M14:58:35.802","01771 14:46:31",242.01,844.27,,,,"     ",5.30,1490.53,1.04
1771,554721345,"01771M14:58:36.775","01771 14:46:32",241.95,844.24,,,,"     ",5.30,1482.04,1.03
1771,554721346,"01771M14:58:37.749","01771 14:46:33",241.89,844.29,,,,"     ",5.30,1472.98,1.03
1771,554721347,"01771M14:58:38.722","01771 14:46:34",241.82,844.39,,,,"     ",5.30,1485.98,1.04
1771,554721348,"01771M14:58:39.695","01771 14:46:35",241.77,844.31,,,,"     ",5.30,1481.18,1.03
1771,554721349,"01771M14:58:40.668","01771 14:46:36",241.72,844.23,,,,"     ",5.30,1488.10,1.04
1771,554721350,"01771M14:58:41.642","01771 14:46:37",241.66,844.29,,,,"     ",5.30,1495.00,1.04
1771,554721351,"01771M14:58:42.615","01771 14:46:38",241.61,844.25,,,,"     ",5.30,1474.91,1.03
1771,554721352,"01771M14:58:43.588","01771 14:46:39",241.56,844.32,,,,"     ",5.30,1490.95,1.04
1771,554721353,"01771M14:58:44.561","01771 14:46:40",241.50,844.27,,,,"     ",5.30,1493.76,1.05
1771,554721354,"01771M14:58:45.535","01771 14:46:41",241.46,844.17,,,,"     ",5.30,1488.81,1.04
1771,554721355,"01771M14:58:46.508","01771 14:46:42",241.43,844.23,,,,"     ",5.30,1482.19,1.04
1771,554721356,"01771M14:58:47.481","01771 14:46:43",241.41,844.26,,,,"     ",5.30,1465.24,1.03
1771,554721357,"01771M14:58:48.454","01771 14:46:44",241.40,844.25,,,,"     ",5.30,1478.54,1.04
1771,554721358,"01771M14:58:49.428","01771 14:46:45",241.39,844.30,,,,"     ",5.30,1482.86,1.04
1771,554721359,"01771M14:58:50.401","01771 14:46:46",241.39,844.32,,,,"     ",5.30,1489.54,1.05
1771,554721360,"01771M14:58:51.374","01771 14:46:47",241.40,844.26,,,,"     ",5.30,1481.81,1.04
1771,554721361,"01771M14:58:52.347","01771 14:46:48",241.39,844.36,,,,"     ",5.30,1477.95,1.04
1771,554721362,"01771M14:58:53.321","01771 14:46:48",241.39,844.30,,,,"     ",5.30,1480.11,1.04
1771,554721363,"01771M14:58:54.294","01771 14:46:49",241.38,844.18,,,,"     ",5.30,1478.63,1.04
1771,554721364,"01771M14:58:55.267","01771 14:46:50",241.37,844.30,,,,"     ",5.30,1481.61,1.05
1771,554721365,"01771M14:58:56.240","01771 14:46:51",241.35,844.30,,,,"     ",5.30,1474.75,1.04
1771,554721366,"01771M14:58:57.214","01771 14:46:52",241.34,844.21,,,,"     ",5.30,1489.03,1.05
1771,554721367,"01771M14:58:58.187","01771 14:46:53",241.31,844.28,,,,"     ",5.30,1483.76,1.05
1771,554721368,"01771M14:58:59.160","01771 14:46:54",241.29,844.37,,,,"     ",5.30,1473.73,1.04
1771,554721369,"01771M14:59:00.133","01771 14:46:55",241.27,844.25,,,,"     ",5.30,1472.68,1.04
1771,554721370,"01771M14:59:01.107","01771 14:46:56",241.24,844.25,,,,"     ",5.30,1450.56,1.03
1771,554721371,"01771M14:59:02.080","01771 14:46:57",241.21,844.24,,,,"     ",5.30,1468.49,1.04
1771,554721372,"01771M14:59:03.053","01771 14:46:58",241.17,844.21,,,,"     ",5.30,1472.95,1.05
1771,554721373,"01771M14:59:04.026","01771 14:46:59",241.13,844.24,,,,"     ",5.30,1458.97,1.04
1771,554721374,"01771M14:59:05.000","01771 14:47:00",241.08,844.26,,,,"     ",5.30,1462.68,1.04
1771,554721375,"01771M14:59:05.973","01771 14:47:01",241.04,844.26,,,,"     ",5.30,1436.56,1.02
1771,554721376,"01771M14:59:06.946","01771 14:47:02",241.00,844.31,,,,"     ",5.30,1458.83,1.04
1771,554721377,"01771M14:59:07.919","01771 14:47:03",240.95,844.35,,,,"     ",5.30,1453.00,1.04
1771,554721378,"01771M14:59:08.893","01771 14:47:04",240.91,844.37,,,,"     ",5.30,1484.51,1.06
1771,554721379,"01771M14:59:09.866","01771 14:47:05",240.86,844.41,,,,"     ",5.30,1456.56,1.04
1771,554721380,"01771M14:59:10.839","01771 14:47:06",240.82,844.37,,,,"     ",5.30,1478.33,1.06
1771,554721381,"01771M14:59:11.812","01771 14:47:07",240.78,844.34,,,,"     ",5.30,1463.67,1.05
1771,554721382,"01771M14:59:12.786","01771 14:47:08",240.75,844.33,,,,"     ",5.30,1446.13,1.04
1771,554721383,"01771M14:59:13.759","01771 14:47:09",240.74,844.30,,,,"     ",5.30,1432.51,1.03
1771,554721384,"01771M14:59:14.732","01771 14:47:10",240.74,844.31,,,,"     ",5.30,1469.58,1.06
1771,554721385,"01771M14:59:15.705","01771 14:47:11",240.74,844.31,,,,"     ",5.30,1453.59,1.04
1771,554721386,"01771M14:59:16.679","01771 14:47:12",240.76,844.31,,,,"     ",5.30,1449.58,1.04
1771,554721387,"01771M14:59:17.652","01771 14:47:13",240.78,844.26,,,,"     ",5.30,1471.92,1.06
1771,554721388,"01771M14:59:18.625","01771 14:47:14",240.80,844.26,,,,"     ",5.30,1461.36,1.05
1771,554721389,"01771M14:59:19.598","01771 14:47:15",240.81,844.34,,,,"     ",5.30,1466.96,1.06
1771,554721390,"01771M14:59:20.572","01771 14:47:16",240.80,844.24,,,,"     ",5.30,1460.40,1.05
1771,554721391,"01771M14:59:21.545","01771 14:47:17",240.77,844.28,,,,"     ",5.30,1446.96,1.04
1771,554721392,"01771M14:59:22.518","01771 14:47:18",240.72,844.27,,,,"     ",5.30,1442.35,1.04
1771,554721393,"01771M14:59:23.491","01771 14:47:19",240.64,844.25,,,,"     ",5.30,1454.96,1.05
1771,554721394,"01771M14:59:24.465","01771 14:47:20",240.55,844.26,,,,"     ",5.30,1453.15,1.05
1771,554721395,"01771M14:59:25.438","01771 14:47:21",240.45,844.27,,,,"     ",5.30,1453.53,1.05
1771,554721396,"01771M14:59:26.411","01771 14:47:22",240.34,844.34,,,,"     ",5.30,1454.75,1.05
1771,554721397,"01771M14:59:27.384","01771 14:47:23",240.22,844.34,,,,"     ",5.30,1452.27,1.05
1771,554721398,"01771M14:59:28.358","01771 14:47:24",240.12,844.28,,,,"     ",5.30,1442.93,1.05
1771,554721399,"01771M14:59:29.331","01771 14:47:25",240.03,844.35,,,,"     ",5.30,1433.91,1.04
1771,554721400,"01771M14:59:30.304","01771 14:47:25",239.97,844.26,,,,"     ",5.30,1452.36,1.05
1771,554721401,"01771M14:59:31.277","01771 14:47:26",239.93,844.27,,,,"     ",5.30,1454.37,1.06
1771,554721402,"01771M14:59:32.251","01771 14:47:27",239.92,844.23,,,,"     ",5.30,1462.35,1.06
1771,554721403,"01771M14:59:33.224","01771 14:47:28",239.93,844.26,,,,"     ",5.30,1458.86,1.06
1771,554721404,"01771M14:59:34.197","01771 14:47:29",239.96,844.14,,,,"     ",5.30,1452.26,1.06
1771,554721405,"01771M14:59:35.171","01771 14:47:30",240.01,844.19,,,,"     ",5.30,1428.15,1.04
1771,554721406,"01771M14:59:36.144","01771 14:47:31",240.06,844.17,,,,"     ",5.30,1433.36,1.04
1771,554721407,"01771M14:59:37.117","01771 14:47:32",240.11,844.25,,,,"     ",5.30,1453.74,1.06
1771,554721408,"01771M14:59:38.090","01771 14:47:33",240.14,844.20,,,,"     ",5.30,1450.94,1.06
1771,554721409,"01771M14:59:39.064","01771 14:47:34",240.17,844.21,,,,"     ",5.30,1457.75,1.06
1771,554721410,"01771M14:59:40.037","01771 14:47:35",240.18,844.25,,,,"     ",5.30,1435.08,1.05
1771,554721411,"01771M14:59:41.010","01771 14:47:36",240.18,844.25,,,,"     ",5.30,1423.10,1.04
1771,554721412,"01771M14:59:41.983","01771 14:47:37",240.17,844.14,,,,"     ",5.30,1427.64,1.04
1771,554721413,"01771M14:59:42.957","01771 14:47:38",240.15,844.12,,,,"     ",5.30,1440.54,1.05
1771,554721414,"01771M14:59:43.930","01771 14:47:39",240.12,844.18,,,,"     ",5.30,1440.49,1.05
1771,554721415,"01771M14:59:44.903","01771 14:47:40",240.09,844.22,,,,"     ",5.30,1431.03,1.05
1771,554721416,"01771M14:59:45.876","01771 14:47:41",240.06,844.22,,,,"     ",5.30,1439.57,1.05
1771,554721417,"01771M14:59:46.850","01771 14:47:42",240.02,844.18,,,,"     ",5.30,1436.52,1.05
1771,554721418,"01771M14:59:47.823","01771 14:47:43",239.98,844.19,,,,"     ",5.30,1420.91,1.04
1771,554721419,"01771M14:59:48.796","01771 14:47:44",239.95,844.22,,,,"     ",5.30,1466.22,1.08
1771,554721420,"01771M14:59:49.769","01771 14:47:45",239.92,844.26,,,,"     ",5.30,1441.43,1.06
1771,554721421,"01771M14:59:50.743","01771 14:47:46",239.88,844.23,,,,"     ",5.30,1432.75,1.05
1771,554721422,"01771M14:59:51.716","01771 14:47:47",239.83,844.25,,,,"     ",5.30,1438.74,1.06
1771,554721423,"01771M14:59:52.689","01771 14:47:48",239.78,844.25,,,,"     ",5.30,1437.49,1.06
1771,554721424,"01771M14:59:53.662","01771 14:47:49",239.71,844.15,,,,"     ",5.30,1432.16,1.05
1771,554721425,"01771M14:59:54.636","01771 14:47:50",239.66,844.19,,,,"     ",5.30,1436.16,1.06
1771,554721426,"01771M14:59:55.609","01771 14:47:51",239.62,844.19,,,,"     ",5.30,1427.50,1.05
1771,554721427,"01771M14:59:56.582","01771 14:47:52",239.59,844.19,,,,"     ",5.30,1432.45,1.05
1771,554721428,"01771M14:59:57.555","01771 14:47:53",239.57,844.24,,,,"     ",5.30,1452.37,1.07
1771,554721429,"01771M14:59:58.529","01771 14:47:54",239.57,844.16,,,,"     ",5.30,1453.14,1.07
1771,554721430,"01771M14:59:59.502","01771 14:47:55",239.57,844.17,,,,"     ",5.30,1450.81,1.07
1771,554721431,"01771M15:00:00.475","01771 14:47:56",239.59,844.16,,,,"     ",5.30,1430.04,1.05
1771,554721432,"01771M15:00:01.448","01771 14:47:57",239.60,844.09,,,,"     ",5.30,1438.95,1.06
1771,554721433,"01771M15:00:02.422","01771 14:47:58",239.63,844.21,,,,"     ",5.30,1415.28,1.04
1771,554721434,"01771M15:00:03.395","01771 14:47:59",239.64,844.23,,,,"     ",5.30,1430.49,1.06
1771,554721435,"01771M15:00:04.368","01771 14:48:00",239.65,844.15,,,,"     ",5.30,1431.72,1.06
1771,554721436,"01771M15:00:05.341","01771 14:48:01",239.65,844.15,,,,"     ",5.30,1423.83,1.05
1771,554721437,"01771M15:00:06.315","01771 14:48:02",239.64,844.13,,,,"     ",5.30,1418.06,1.05
1771,554721438,"01771M15:00:07.288","01771 14:48:02",239.63,844.19,,,,"     ",5.30,1416.52,1.05
1771,554721439,"01771M15:00:08.261","01771 14:48:03",239.61,844.06,,,,"     ",5.30,1425.99,1.05
1771,554721440,"01771M15:00:09.234","01771 14:48:04",239.58,844.11,,,,"     ",5.30,1416.51,1.05
1771,554721441,"01771M15:00:10.208","01771 14:48:05",239.56,844.05,,,,"     ",5.30,1442.82,1.07
1771,554721442,"01771M15:00:11.181","01771 14:48:06",239.52,844.14,,,,"     ",5.30,1445.34,1.07
1771,554721443,"01771M15:00:12.154","01771 14:48:07",239.49,844.20,,,,"     ",5.30,1404.72,1.04
1771,554721444,"01771M15:00:13.127","01771 14:48:08",239.47,844.21,,,,"     ",5.30,1424.53,1.05
1771,554721445,"01771M15:00:14.101","01771 14:48:09",239.45,844.18,,,,"     ",5.30,1440.15,1.07
1771,554721446,"01771M15:00:15.074","01771 14:48:10",239.43,844.17,,,,"     ",5.30,1432.62,1.06
1771,554721447,"01771M15:00:16.047","01771 14:48:11",239.43,844.09,,,,"     ",5.30,1426.20,1.06
1771,554721448,"01771M15:00:17.020","01771 14:48:12",239.43,844.08,,,,"     ",5.30,1418.39,1.05
1771,554721449,"01771M15:00:17.994","01771 14:48:13",239.44,844.22,,,,"     ",5.30,1426.82,1.06
1771,554721450,"01771M15:00:18.967","01771 14:48:14",239.47,844.13,,,,"     ",5.30,1424.56,1.06
1771,554721451,"01771M15:00:19.940","01771 14:48:15",239.49,844.19,,,,"     ",5.30,1414.75,1.05
1771,554721452,"01771M15:00:20.913","01771 14:48:16",239.51,844.12,,,,"     ",5.30,1425.03,1.06
1771,554721453,"01771M15:00:21.887","01771 14:48:17",239.53,844.10,,,,"     ",5.30,1417.07,1.05
1771,554721454,"01771M15:00:22.860","01771 14:48:18",239.54,844.13,,,,"     ",5.30,1418.47,1.05
1771,554721455,"01771M15:00:23.833","01771 14:48:19",239.54,844.13,,,,"     ",5.30,1422.72,1.06
1771,554721456,"01771M15:00:24.806","01771 14:48:20",239.53,844.09,,,,"     ",5.30,1421.18,1.06
1771,554721457,"01771M15:00:25.780","01771 14:48:21",239.51,844.19,,,,"     ",5.30,1419.39,1.05
1771,554721458,"01771M15:00:26.753","01771 14:48:22",239.48,844.20,,,,"     ",5.30,1426.93,1.06
1771,554721459,"01771M15:00:27.726","01771 14:48:23",239.44,844.05,,,,"     ",5.30,1437.54,1.07
1771,554721460,"01771M15:00:28.699","01771 14:48:24",239.39,844.12,,,,"     ",5.30,1421.16,1.06
1771,554721461,"01771M15:00:29.673","01771 14:48:25",239.33,844.08,,,,"     ",5.30,1429.17,1.06
1771,554721462,"01771M15:00:30.646","01771 14:48:26",239.26,844.06,,,,"     ",5.30,1418.13,1.05
1771,554721463,"01771M15:00:31.619","01771 14:48:27",239.22,844.07,,,,"     ",5.30,1430.71,1.06
1771,554721464,"01771M15:00:32.592","01771 14:48:28",239.19,844.06,,,,"     ",5.30,1432.73,1.07
1771,554721465,"01771M15:00:33.566","01771 14:48:29",239.18,844.20,,,,"     ",5.30,1435.05,1.07
1771,554721466,"01771M15:00:34.539","01771 14:48:30",239.18,844.14,,,,"     ",5.30,1422.02,1.06
1771,554721467,"01771M15:00:35.512","01771 14:48:31",239.19,844.06,,,,"     ",5.30,1425.60,1.06
1771,554721468,"01771M15:00:36.485","01771 14:48:32",239.20,844.02,,,,"     ",5.30,1413.38,1.05
1771,554721469,"01771M15:00:37.459","01771 14:48:33",239.24,844.04,,,,"     ",5.30,1415.36,1.05
1771,554721470,"01771M15:00:38.432","01771 14:48:34",239.28,844.01,,,,"     ",5.30,1409.50,1.05
1771,554721471,"01771M15:00:39.405","01771 14:48:35",239.34,844.06,,,,"     ",5.30,1417.74,1.05
1771,554721472,"01771M15:00:40.378","01771 14:48:36",239.41,844.11,,,,"     ",5.30,1421.25,1.06
1771,554721473,"01771M15:00:41.352","01771 14:48:37",239.49,843.98,,,,"     ",5.30,1421.06,1.06
1771,554721474,"01771M15:00:42.325","01771 14:48:38",239.58,843.99,,,,"     ",5.30,1438.67,1.07
1771,554721475,"01771M15:00:43.298","01771 14:48:39",239.68,844.06,,,,"     ",5.30,1414.80,1.05
1771,554721476,"01771M15:00:44.272","01771 14:48:39",239.80,844.18,,,,"     ",5.30,1398.40,1.04
1771,554721477,"01771M15:00:45.245","01771 14:48:40",239.64,844.10,,,,"     ",5.30,1404.20,1.04
1771,554721478,"01771M15:00:46.218","01771 14:48:41",239.62,844.09,,,,"     ",5.30,1429.41,1.06
1771,554721479,"01771M15:00:47.191","01771 14:48:42",239.60,844.13,,,,"     ",5.30,1417.60,1.05
1771,554721480,"01771M15:00:48.165","01771 14:48:43",239.59,844.08,,,,"     ",5.30,1432.82,1.07
1771,554721481,"01771M15:00:49.138","01771 14:48:44",239.57,844.08,,,,"     ",5.30,1419.17,1.06
1771,554721482,"01771M15:00:50.111","01771 14:48:45",239.56,844.06,,,,"     ",5.30,1439.68,1.07
1771,554721483,"01771M15:00:51.084","01771 14:48:46",239.55,844.14,,,,"     ",5.30,1428.43,1.06
1771,554721484,"01771M15:00:52.058","01771 14:48:47",239.55,844.12,,,,"     ",5.30,1404.10,1.04
1771,554721485,"01771M15:00:53.031","01771 14:48:48",239.54,844.03,,,,"     ",5.30,1427.96,1.06
1771,554721486,"01771M15:00:54.004","01771 14:48:49",239.53,844.12,,,,"     ",5.30,1424.33,1.06
1771,554721487,"01771M15:00:54.977","01771 14:48:50",239.53,844.11,,,,"     ",5.30,1430.69,1.06
1771,554721488,"01771M15:00:55.951","01771 14:48:51",239.53,844.02,,,,"     ",5.30,1418.19,1.05
1771,554721489,"01771M15:00:56.924","01771 14:48:52",239.53,844.02,,,,"     ",5.30,1415.91,1.05
1771,554721490,"01771M15:00:57.897","01771 14:48:53",239.53,843.98,,,,"     ",5.30,1423.24,1.06
1771,554721491,"01771M15:00:58.870","01771 14:48:54",239.54,844.06,,,,"     ",5.30,1427.94,1.06
1771,554721492,"01771M15:00:59.844","01771 14:48:55",239.56,843.94,,,,"     ",5.30,1441.51,1.07
1771,554721493,"01771M15:01:00.817","01771 14:48:56",239.59,843.99,,,,"     ",5.30,1428.14,1.06
1771,554721494,"01771M15:01:01.790","01771 14:48:57",239.63,844.00,,,,"     ",5.30,1409.68,1.05
1771,554721495,"01771M15:01:02.763","01771 14:48:58",239.67,844.14,,,,"     ",5.30,1446.47,1.08
1771,554721496,"01771M15:01:03.737","01771 14:48:59",239.71,844.17,,,,"     ",5.30,1411.96,1.05
1771,554721497,"01771M15:01:04.710","01771 14:49:00",239.74,844.17,,,,"     ",5.30,1417.83,1.05
1771,554721498,"01771M15:01:05.683","01771 14:49:01",239.76,844.10,,,,"     ",5.30,1424.67,1.06
1771,554721499,"01771M15:01:06.656","01771 14:49:02",239.77,844.10,,,,"     ",5.30,1435.09,1.07
1771,554721500,"01771M15:01:07.630","01771 14:49:03",239.77,844.08,,,,"     ",5.30,1410.36,1.05
1771,554721501,"01771M15:01:08.603","01771 14:49:04",239.74,844.06,,,,"     ",5.30,1430.12,1.06
1771,554721502,"01771M15:01:09.576","01771 14:49:05",239.71,844.00,,,,"     ",5.30,1426.34,1.06
1771,554721503,"01771M15:01:10.549","01771 14:49:06",239.67,843.99,,,,"     ",5.30,1424.92,1.06
1771,554721504,"01771M15:01:11.523","01771 14:49:07",239.61,844.06,,,,"     ",5.30,1427.44,1.06
1771,554721505,"01771M15:01:12.496","01771 14:49:08",239.54,844.10,,,,"     ",5.30,1423.36,1.06
1771,554721506,"01771M15:01:13.469","01771 14:49:09",239.46,844.12,,,,"     ",5.30,1409.33,1.04
1771,554721507,"01771M15:01:14.442","01771 14:49:10",239.38,844.09,,,,"     ",5.30,1428.61,1.06
1771,554721508,"01771M15:01:15.416","01771 14:49:11",239.31,844.08,,,,"     ",5.30,1414.78,1.05
1771,554721509,"01771M15:01:16.389","01771 14:49:12",239.25,844.04,,,,"     ",5.30,1436.45,1.06
1771,554721510,"01771M15:01:17.362","01771 14:49:13",239.20,844.06,,,,"     ",5.30,1419.25,1.05
1771,554721511,"01771M15:01:18.335","01771 14:49:14",239.17,844.01,,,,"     ",5.30,1418.53,1.05
1771,554721512,"01771M15:01:19.309","01771 14:49:15",239.17,844.02,,,,"     ",5.30,1427.76,1.06
1771,554721513,"01771M15:01:20.282","01771 14:49:15",239.17,844.02,,,,"     ",5.30,1432.75,1.06
1771,554721514,"01771M15:01:21.255","01771 14:49:16",239.20,844.00,,,,"     ",5.30,1441.12,1.07
1771,554721515,"01771M15:01:22.228","01771 14:49:17",239.24,844.04,,,,"     ",5.30,1432.86,1.06
1771,554721516,"01771M15:01:23.202","01771 14:49:18",239.29,844.04,,,,"     ",5.30,1433.16,1.06
1771,554721517,"01771M15:01:24.175","01771 14:49:19",239.34,844.00,,,,"     ",5.30,1425.68,1.06
1771,554721518,"01771M15:01:25.148","01771 14:49:20",239.39,843.99,,,,"     ",5.30,1411.46,1.04
1771,554721519,"01771M15:01:26.121","01771 14:49:21",239.43,844.00,,,,"     ",5.30,1435.88,1.06
1771,554721520,"01771M15:01:27.095","01771 14:49:22",239.46,843.94,,,,"     ",5.30,1437.41,1.06
1771,554721521,"01771M15:01:28.068","01771 14:49:23",239.48,843.87,,,,"     ",5.30,1407.35,1.04
1771,554721522,"01771M15:01:29.041","01771 14:49:24",239.49,843.85,,,,"     ",5.30,1432.92,1.06
1771,554721523,"01771M15:01:30.014","01771 14:49:25",239.48,843.95,,,,"     ",5.30,1408.17,1.04
1771,554721524,"01771M15:01:30.988","01771 14:49:26",239.47,843.91,,,,"     ",5.30,1427.61,1.06
1771,554721525,"01771M15:01:31.961","01771 14:49:27",239.45,843.89,,,,"     ",5.30,1425.74,1.05
1771,554721526,"01771M15:01:32.934","01771 14:49:28",239.44,843.97,,,,"     ",5.30,1419.14,1.05
1771,554721527,"01771M15:01:33.907","01771 14:49:29",239.41,843.96,,,,"     ",5.30,1433.17,1.06
1771,554721528,"01771M15:01:34.881","01771 14:49:30",239.38,843.95,,,,"     ",5.30,1438.97,1.06
1771,554721529,"01771M15:01:35.854","01771 14:49:31",239.35,844.04,,,,"     ",5.30,1404.24,1.04
1771,554721530,"01771M15:01:36.827","01771 14:49:32",239.33,843.95,,,,"     ",5.30,1438.85,1.06
1771,554721531,"01771M15:01:37.800","01771 14:49:33",239.32,844.03,,,,"     ",5.30,1434.44,1.06
1771,554721532,"01771M15:01:38.774","01771 14:49:34",239.33,843.96,,,,"     ",5.30,1437.10,1.06
1771,554721533,"01771M15:01:39.747","01771 14:49:35",239.35,843.95,,,,"     ",5.30,1410.96,1.04
1771,554721534,"01771M15:01:40.720","01771 14:49:36",239.38,843.94,,,,"     ",5.30,1437.62,1.06
1771,554721535,"01771M15:01:41.693","01771 14:49:37",239.43,843.94,,,,"     ",5.30,1401.97,1.03
1771,554721536,"01771M15:01:42.667","01771 14:49:38",239.48,844.00,,,,"     ",5.30,1407.51,1.04
1771,554721537,"01771M15:01:43.640","01771 14:49:39",239.54,844.01,,,,"     ",5.30,1406.84,1.04
1771,554721538,"01771M15:01:44.613","01771 14:49:40",239.62,843.95,,,,"     ",5.30,1420.95,1.05
1771,554721539,"01771M15:01:45.586","01771 14:49:41",239.69,843.97,,,,"     ",5.30,1440.98,1.07
1771,554721540,"01771M15:01:46.560","01771 14:49:42",239.78,843.96,,,,"     ",5.30,1422.14,1.05
1771,554721541,"01771M15:01:47.533","01771 14:49:43",239.86,843.97,,,,"     ",5.30,1419.97,1.05
1771,554721542,"01771M15:01:48.506","01771 14:49:44",239.94,843.90,,,,"     ",5.30,1416.09,1.05
1771,554721543,"01771M15:01:49.479","01771 14:49:45",240.02,843.86,,,,"     ",5.30,1416.38,1.05
1771,554721544,"01771M15:01:50.453","01771 14:49:46",240.08,843.90,,,,"     ",5.30,1427.88,1.06
1771,554721545,"01771M15:01:51.426","01771 14:49:47",240.14,843.92,,,,"     ",5.30,1430.81,1.06
1771,554721546,"01771M15:01:52.399","01771 14:49:48",240.18,843.87,,,,"     ",5.30,1430.35,1.06
1771,554721547,"01771M15:01:53.373","01771 14:49:49",240.20,843.93,,,,"     ",5.30,1440.09,1.06
1771,554721548,"01771M15:01:54.346","01771 14:49:50",240.21,843.84,,,,"     ",5.30,1450.06,1.07
1771,554721549,"01771M15:01:55.319","01771 14:49:51",240.20,843.89,,,,"     ",5.30,1417.03,1.05
1771,554721550,"01771M15:01:56.292","01771 14:49:52",240.18,843.86,,,,"     ",5.30,1420.85,1.05
1771,554721551,"01771M15:01:57.266","01771 14:49:52",240.15,843.91,,,,"     ",5.30,1456.29,1.08
1771,554721552,"01771M15:01:58.239","01771 14:49:53",240.11,843.87,,,,"     ",5.30,1438.74,1.06
1771,554721553,"01771M15:01:59.212","01771 14:49:54",240.07,843.82,,,,"     ",5.30,1434.56,1.06
1771,554721554,"01771M15:02:00.185","01771 14:49:55",240.01,843.87,,,,"     ",5.30,1428.50,1.05
1771,554721555,"01771M15:02:01.159","01771 14:49:56",239.96,843.79,,,,"     ",5.30,1459.63,1.08
1771,554721556,"01771M15:02:02.132","01771 14:49:57",239.91,843.79,,,,"     ",5.30,1425.82,1.05
1771,554721557,"01771M15:02:03.105","01771 14:49:58",239.87,843.79,,,,"     ",5.30,1437.57,1.06
1771,554721558,"01771M15:02:04.078","01771 14:49:59",239.82,843.94,,,,"     ",5.30,1440.01,1.06
1771,554721559,"01771M15:02:05.052","01771 14:50:00",239.77,843.87,,,,"     ",5.30,1424.81,1.05
1771,554721560,"01771M15:02:06.025","01771 14:50:01",239.72,843.91,,,,"     ",5.30,1429.54,1.05
1771,554721561,"01771M15:02:06.998","01771 14:50:02",239.67,843.87,,,,"     ",5.30,1425.85,1.05
1771,554721562,"01771M15:02:07.971","01771 14:50:03",239.63,843.87,,,,"     ",5.30,1443.81,1.06
1771,554721563,"01771M15:02:08.945","01771 14:50:04",239.59,843.80,,,,"     ",5.30,1441.88,1.06
1771,554721564,"01771M15:02:09.918","01771 14:50:05",239.56,843.80,,,,"     ",5.30,1430.94,1.06
1771,554721565,"01771M15:02:10.891","01771 14:50:06",239.54,843.83,,,,"     ",5.30,1413.36,1.04
1771,554721566,"01771M15:02:11.864","01771 14:50:07",239.53,843.77,,,,"     ",5.30,1441.13,1.06
1771,554721567,"01771M15:02:12.838","01771 14:50:08",239.54,843.69,,,,"     ",5.30,1420.09,1.05
1771,554721568,"01771M15:02:13.811","01771 14:50:09",239.56,843.80,,,,"     ",5.30,1442.80,1.06
1771,554721569,"01771M15:02:14.784","01771 14:50:10",239.58,843.78,,,,"     ",5.30,1430.84,1.05
1771,554721570,"01771M15:02:15.757","01771 14:50:11",239.61,843.85,,,,"     ",5.30,1427.48,1.05
1771,554721571,"01771M15:02:16.731","01771 14:50:12",239.64,843.93,,,,"     ",5.30,1424.91,1.05
1771,554721572,"01771M15:02:17.704","01771 14:50:13",239.65,843.86,,,,"     ",5.30,1425.71,1.05
1771,554721573,"01771M15:02:18.677","01771 14:50:14",239.66,843.84,,,,"     ",5.30,1417.93,1.04
1771,554721574,"01771M15:02:19.650","01771 14:50:15",239.67,843.89,,,,"     ",5.30,1443.17,1.06
1771,554721575,"01771M15:02:20.624","01771 14:50:16",239.66,843.73,,,,"     ",5.30,1421.35,1.05
1771,554721576,"01771M15:02:21.597","01771 14:50:17",239.65,843.85,,,,"     ",5.30,1442.12,1.06
1771,554721577,"01771M15:02:22.570","01771 14:50:18",239.64,843.84,,,,"     ",5.30,1423.85,1.05
1771,554721578,"01771M15:02:23.543","01771 14:50:19",239.63,843.79,,,,"     ",5.30,1433.65,1.06
1771,554721579,"01771M15:02:24.517","01771 14:50:20",239.63,843.82,,,,"     ",5.30,1422.29,1.05
1771,554721580,"01771M15:02:25.490","01771 14:50:21",239.64,843.84,,,,"     ",5.30,1431.70,1.05
1771,554721581,"01771M15:02:26.463","01771 14:50:22",239.67,843.76,,,,"     ",5.30,1427.23,1.05
1771,554721582,"01771M15:02:27.436","01771 14:50:23",239.70,843.85,,,,"     ",5.30,1426.82,1.05
1771,554721583,"01771M15:02:28.410","01771 14:50:24",239.74,843.84,,,,"     ",5.30,1446.02,1.06
1771,554721584,"01771M15:02:29.383","01771 14:50:25",239.78,843.83,,,,"     ",5.30,1418.36,1.04
1771,554721585,"01771M15:02:30.356","01771 14:50:26",239.83,843.79,,,,"     ",5.30,1434.76,1.06
1771,554721586,"01771M15:02:31.329","01771 14:50:27",239.88,843.78,,,,"     ",5.30,1428.12,1.05
1771,554721587,"01771M15:02:32.303","01771 14:50:28",239.94,843.75,,,,"     ",5.30,1446.58,1.06
1771,554721588,"01771M15:02:33.276","01771 14:50:29",240.00,843.78,,,,"     ",5.30,1454.59,1.07
1771,554721589,"01771M15:02:34.249","01771 14:50:29",240.07,843.81,,,,"     ",5.30,1419.05,1.04
1771,554721590,"01771M15:02:35.222","01771 14:50:30",240.14,843.80,,,,"     ",5.30,1425.57,1.05
1771,554721591,"01771M15:02:36.196","01771 14:50:31",240.20,843.78,,,,"     ",5.30,1420.58,1.04
1771,554721592,"01771M15:02:37.169","01771 14:50:32",240.25,843.91,,,,"     ",5.30,1435.53,1.06
1771,554721593,"01771M15:02:38.142","01771 14:50:33",240.30,843.87,,,,"     ",5.30,1444.38,1.06
1771,554721594,"01771M15:02:39.115","01771 14:50:34",240.35,843.77,,,,"     ",5.30,1416.53,1.04
1771,554721595,"01771M15:02:40.089","01771 14:50:35",240.41,843.77,,,,"     ",5.30,1439.04,1.06
1771,554721596,"01771M15:02:41.062","01771 14:50:36",240.48,843.78,,,,"     ",5.30,1434.78,1.05
1771,554721597,"01771M15:02:42.035","01771 14:50:37",240.55,843.73,,,,"     ",5.30,1444.51,1.06
1771,554721598,"01771M15:02:43.008","01771 14:50:38",240.62,843.79,,,,"     ",5.30,1445.01,1.06
1771,554721599,"01771M15:02:43.982","01771 14:50:39",240.68,843.71,,,,"     ",5.30,1434.94,1.05
1771,554721600,"01771M15:02:44.955","01771 14:50:40",240.73,843.66,,,,"     ",5.30,1433.54,1.05
1771,554721601,"01771M15:02:45.928","01771 14:50:41",240.75,843.77,,,,"     ",5.30,1421.23,1.04
1771,554721602,"01771M15:02:46.901","01771 14:50:42",240.76,843.65,,,,"     ",5.30,1442.02,1.06
1771,554721603,"01771M15:02:47.875","01771 14:50:43",240.74,843.75,,,,"     ",5.30,1425.55,1.05
1771,554721604,"01771M15:02:48.848","01771 14:50:44",240.70,843.72,,,,"     ",5.30,1424.11,1.04
1771,554721605,"01771M15:02:49.821","01771 14:50:45",240.65,843.65,,,,"     ",5.30,1464.85,1.08
1771,554721606,"01771M15:02:50.794","01771 14:50:46",240.59,843.57,,,,"     ",5.30,1440.02,1.06
1771,554721607,"01771M15:02:51.768","01771 14:50:47",240.52,843.62,,,,"     ",5.30,1420.21,1.04
1771,554721608,"01771M15:02:52.741","01771 14:50:48",240.43,843.60,,,,"     ",5.30,1441.37,1.06
1771,554721609,"01771M15:02:53.714","01771 14:50:49",240.33,843.65,,,,"     ",5.30,1413.79,1.04
1771,554721610,"01771M15:02:54.687","01771 14:50:50",240.22,843.50,,,,"     ",5.30,1410.11,1.03
1771,554721611,"01771M15:02:55.661","01771 14:50:51",240.10,843.65,,,,"     ",5.30,1415.54,1.04
1771,554721612,"01771M15:02:56.634","01771 14:50:52",239.97,843.68,,,,"     ",5.30,1420.78,1.04
1771,554721613,"01771M15:02:57.607","01771 14:50:53",239.86,843.70,,,,"     ",5.30,1415.59,1.04
1771,554721614,"01771M15:02:58.580","01771 14:50:54",239.74,843.59,,,,"     ",5.30,1428.01,1.05
1771,554721615,"01771M15:02:59.554","01771 14:50:55",239.64,843.59,,,,"     ",5.30,1431.62,1.05
1771,554721616,"01771M15:03:00.527","01771 14:50:56",239.54,843.73,,,,"     ",5.30,1429.36,1.05
1771,554721617,"01771M15:03:01.500","01771 14:50:57",239.46,843.71,,,,"     ",5.30,1421.69,1.04
1771,554721618,"01771M15:03:02.473","01771 14:50:58",239.38,843.66,,,,"     ",5.30,1430.02,1.05
1771,554721619,"01771M15:03:03.447","01771 14:50:59",239.31,843.61,,,,"     ",5.30,1421.99,1.05
1771,554721620,"01771M15:03:04.420","01771 14:51:00",239.25,843.59,,,,"     ",5.30,1422.09,1.05
1771,554721621,"01771M15:03:05.393","01771 14:51:01",239.21,843.71,,,,"     ",5.30,1411.80,1.04
1771,554721622,"01771M15:03:06.367","01771 14:51:02",239.17,843.74,,,,"     ",5.30,1411.55,1.04
1771,554721623,"01771M15:03:07.340","01771 14:51:03",239.15,843.76,,,,"     ",5.30,1425.53,1.05
1771,554721624,"01771M15:03:08.313","01771 14:51:04",239.13,843.85,,,,"     ",5.30,1414.24,1.04
1771,554721625,"01771M15:03:09.286","01771 14:51:05",239.11,843.76,,,,"     ",5.30,1424.63,1.05
1771,554721626,"01771M15:03:10.260","01771 14:51:05",239.10,843.70,,,,"     ",5.30,1424.75,1.05
1771,554721627,"01771M15:03:11.233","01771 14:51:06",239.08,843.73,,,,"     ",5.30,1436.80,1.06
1771,554721628,"01771M15:03:12.206","01771 14:51:07",239.05,843.74,,,,"     ",5.30,1424.84,1.05
1771,554721629,"01771M15:03:13.179","01771 14:51:08",239.02,843.69,,,,"     ",5.30,1435.52,1.06
1771,554721630,"01771M15:03:14.153","01771 14:51:09",238.99,843.72,,,,"     ",5.30,1424.40,1.05
1771,554721631,"01771M15:03:15.126","01771 14:51:10",238.96,843.71,,,,"     ",5.30,1418.02,1.05
1771,554721632,"01771M15:03:16.099","01771 14:51:11",238.93,843.67,,,,"     ",5.30,1421.85,1.05
1771,554721633,"01771M15:03:17.072","01771 14:51:12",238.90,843.71,,,,"     ",5.30,1423.62,1.06
1771,554721634,"01771M15:03:18.046","01771 14:51:13",238.89,843.76,,,,"     ",5.30,1414.82,1.05
1771,554721635,"01771M15:03:19.019","01771 14:51:14",238.88,843.64,,,,"     ",5.30,1413.35,1.05
1771,554721636,"01771M15:03:19.992","01771 14:51:15",238.86,843.66,,,,"     ",5.30,1403.66,1.04
1771,554721637,"01771M15:03:20.965","01771 14:51:16",238.85,843.73,,,,"     ",5.30,1407.01,1.04
1771,554721638,"01771M15:03:21.939","01771 14:51:17",238.83,843.67,,,,"     ",5.30,1410.74,1.05
1771,554721639,"01771M15:03:22.912","01771 14:51:18",238.81,843.68,,,,"     ",5.30,1399.80,1.04
1771,554721640,"01771M15:03:23.885","01771 14:51:19",238.78,843.72,,,,"     ",5.30,1435.26,1.07
1771,554721641,"01771M15:03:24.858","01771 14:51:20",238.75,843.72,,,,"     ",5.30,1405.19,1.05
1771,554721642,"01771M15:03:25.832","01771 14:51:21",238.71,843.70,,,,"     ",5.30,1415.18,1.05
1771,554721643,"01771M15:03:26.805","01771 14:51:22",238.66,843.68,,,,"     ",5.30,1412.56,1.05
1771,554721644,"01771M15:03:27.778","01771 14:51:23",238.61,843.75,,,,"     ",5.30,1409.10,1.05
1771,554721645,"01771M15:03:28.751","01771 14:51:24",238.57,843.74,,,,"     ",5.30,1412.45,1.05
1771,554721646,"01771M15:03:29.725","01771 14:51:25",238.54,843.71,,,,"     ",5.30,1401.43,1.05
1771,554721647,"01771M15:03:30.698","01771 14:51:26",238.52,843.67,,,,"     ",5.30,1409.21,1.05
1771,554721648,"01771M15:03:31.671","01771 14:51:27",238.51,843.73,,,,"     ",5.30,1385.39,1.04
1771,554721649,"01771M15:03:32.644","01771 14:51:28",238.52,843.79,,,,"     ",5.30,1407.13,1.05
1771,554721650,"01771M15:03:33.618","01771 14:51:29",238.54,843.64,,,,"     ",5.30,1413.76,1.06
1771,554721651,"01771M15:03:34.591","01771 14:51:30",238.58,843.72,,,,"     ",5.30,1415.38,1.06
1771,554721652,"01771M15:03:35.564","01771 14:51:31",238.61,843.70,,,,"     ",5.30,1418.03,1.06
1771,554721653,"01771M15:03:36.537","01771 14:51:32",238.65,843.68,,,,"     ",5.30,1421.77,1.07
1771,554721654,"01771M15:03:37.511","01771 14:51:33",238.68,843.71,,,,"     ",5.30,1412.47,1.06
1771,554721655,"01771M15:03:38.484","01771 14:51:34",238.69,843.62,,,,"     ",5.30,1409.91,1.06
1771,554721656,"01771M15:03:39.457","01771 14:51:35",238.70,843.67,,,,"     ",5.30,1393.28,1.05
1771,554721657,"01771M15:03:40.430","01771 14:51:36",238.68,843.62,,,,"     ",5.30,1407.24,1.06
1771,554721658,"01771M15:03:41.404","01771 14:51:37",238.66,843.60,,,,"     ",5.30,1405.35,1.06
1771,554721659,"01771M15:03:42.377","01771 14:51:38",238.61,843.61,,,,"     ",5.30,1384.68,1.04
1771,554721660,"01771M15:03:43.350","01771 14:51:39",238.56,843.62,,,,"     ",5.30,1413.19,1.06
1771,554721661,"01771M15:03:44.323","01771 14:51:40",238.50,843.74,,,,"     ",5.30,1396.14,1.05
1771,554721662,"01771M15:03:45.297","01771 14:51:41",238.44,843.73,,,,"     ",5.30,1401.64,1.05
1771,554721663,"01771M15:03:46.270","01771 14:51:42",238.39,843.78,,,,"     ",5.30,1405.09,1.06
1771,554721664,"01771M15:03:47.243","01771 14:51:42",238.34,843.74,,,,"     ",5.30,1402.49,1.06
1771,554721665,"01771M15:03:48.216","01771 14:51:43",238.32,843.70,,,,"     ",5.30,1397.65,1.05
1771,554721666,"01771M15:03:49.190","01771 14:51:44",238.31,843.72,,,,"     ",5.30,1398.27,1.05
1771,554721667,"01771M15:03:50.163","01771 14:51:45",238.30,843.68,,,,"     ",5.30,1405.89,1.06
1771,554721668,"01771M15:03:51.136","01771 14:51:46",238.31,843.61,,,,"     ",5.30,1407.57,1.06
1771,554721669,"01771M15:03:52.109","01771 14:51:47",238.32,843.64,,,,"     ",5.30,1392.41,1.05
1771,554721670,"01771M15:03:53.083","01771 14:51:48",238.34,843.66,,,,"     ",5.30,1407.33,1.06
1771,554721671,"01771M15:03:54.056","01771 14:51:49",238.35,843.66,,,,"     ",5.30,1397.30,1.06
1771,554721672,"01771M15:03:55.029","01771 14:51:50",238.36,843.70,,,,"     ",5.30,1390.22,1.05
1771,554721673,"01771M15:03:56.002","01771 14:51:51",238.37,843.68,,,,"     ",5.30,1414.38,1.07
1771,554721674,"01771M15:03:56.976","01771 14:51:52",238.38,843.75,,,,"     ",5.30,1385.42,1.05
1771,554721675,"01771M15:03:57.949","01771 14:51:53",238.38,843.72,,,,"     ",5.30,1402.72,1.06
1771,554721676,"01771M15:03:58.922","01771 14:51:54",238.37,843.72,,,,"     ",5.30,1401.24,1.06
1771,554721677,"01771M15:03:59.895","01771 14:51:55",238.35,843.72,,,,"     ",5.30,1411.48,1.07
1771,554721678,"01771M15:04:00.869","01771 14:51:56",238.33,843.79,,,,"     ",5.30,1388.57,1.05
1771,554721679,"01771M15:04:01.842","01771 14:51:57",238.32,843.76,,,,"     ",5.30,1401.44,1.06
1771,554721680,"01771M15:04:02.815","01771 14:51:58",238.31,843.75,,,,"     ",5.30,1414.05,1.07
1771,554721681,"01771M15:04:03.788","01771 14:51:59",238.32,843.68,,,,"     ",5.30,1400.09,1.06
1771,554721682,"01771M15:04:04.762","01771 14:52:00",238.34,843.63,,,,"     ",5.30,1414.37,1.08
1771,554721683,"01771M15:04:05.735","01771 14:52:01",238.37,843.56,,,,"     ",5.30,1398.20,1.06
1771,554721684,"01771M15:04:06.708","01771 14:52:02",238.41,843.67,,,,"     ",5.30,1384.35,1.05
1771,554721685,"01771M15:04:07.681","01771 14:52:03",238.44,843.61,,,,"     ",5.30,1390.36,1.06
1771,554721686,"01771M15:04:08.655","01771 14:52:04",238.47,843.60,,,,"     ",5.30,1398.22,1.06
1771,554721687,"01771M15:04:09.628","01771 14:52:05",238.50,843.60,,,,"     ",5.30,1403.62,1.07
1771,554721688,"01771M15:04:10.601","01771 14:52:06",238.51,843.63,,,,"     ",5.30,1387.26,1.06
1771,554721689,"01771M15:04:11.574","01771 14:52:07",238.51,843.63,,,,"     ",5.30,1399.88,1.07
1771,554721690,"01771M15:04:12.548","01771 14:52:08",238.50,843.59,,,,"     ",5.30,1403.98,1.07
1771,554721691,"01771M15:04:13.521","01771 14:52:09",238.47,843.58,,,,"     ",5.30,1393.28,1.06
1771,554721692,"01771M15:04:14.494","01771 14:52:10",238.43,843.61,,,,"     ",5.30,1379.99,1.05
1771,554721693,"01771M15:04:15.468","01771 14:52:11",238.37,843.58,,,,"     ",5.30,1404.32,1.07
1771,554721694,"01771M15:04:16.441","01771 14:52:12",238.30,843.60,,,,"     ",5.30,1394.81,1.06
1771,554721695,"01771M15:04:17.414","01771 14:52:13",238.25,843.63,,,,"     ",5.30,1405.62,1.07
1771,554721696,"01771M15:04:18.387","01771 14:52:14",238.18,843.62,,,,"     ",5.30,1395.02,1.06
1771,554721697,"01771M15:04:19.361","01771 14:52:15",238.13,843.58,,,,"     ",5.30,1413.08,1.08
1771,554721698,"01771M15:04:20.334","01771 14:52:16",238.09,843.61,,,,"     ",5.30,1396.50,1.06
1771,554721699,"01771M15:04:21.307","01771 14:52:17",238.07,843.67,,,,"     ",5.30,1383.39,1.06
1771,554721700,"01771M15:04:22.280","01771 14:52:18",238.06,843.66,,,,"     ",5.30,1396.37,1.07
1771,554721701,"01771M15:04:23.254","01771 14:52:19",238.06,843.70,,,,"     ",5.30,1400.65,1.07
1771,554721702,"01771M15:04:24.227","01771 14:52:19",238.08,843.75,,,,"     ",5.30,1387.47,1.06
1771,554721703,"01771M15:04:25.200","01771 14:52:20",238.09,843.70,,,,"     ",5.30,1403.14,1.07
1771,554721704,"01771M15:04:26.173","01771 14:52:21",238.13,843.72,,,,"     ",5.30,1402.48,1.07
1771,554721705,"01771M15:04:27.147","01771 14:52:22",238.16,843.75,,,,"     ",5.30,1382.62,1.06
1771,554721706,"01771M15:04:28.120","01771 14:52:23",238.19,843.69,,,,"     ",5.30,1376.80,1.05
1771,554721707,"01771M15:04:29.093","01771 14:52:24",238.22,843.71,,,,"     ",5.30,1390.91,1.06
1771,554721708,"01771M15:04:30.066","01771 14:52:25",238.25,843.72,,,,"     ",5.30,1388.91,1.06
1771,554721709,"01771M15:04:31.040","01771 14:52:26",238.28,843.75,,,,"     ",5.30,1388.56,1.06
1771,554721710,"01771M15:04:32.013","01771 14:52:27",238.30,843.74,,,,"     ",5.30,1394.76,1.07
1771,554721711,"01771M15:04:32.986","01771 14:52:28",238.32,843.65,,,,"     ",5.30,1385.23,1.06
1771,554721712,"01771M15:04:33.959","01771 14:52:29",238.33,843.61,,,,"     ",5.30,1386.50,1.06
1771,554721713,"01771M15:04:34.933","01771 14:52:30",238.32,843.63,,,,"     ",5.30,1389.28,1.06
1771,554721714,"01771M15:04:35.906","01771 14:52:31",238.30,843.63,,,,"     ",5.30,1392.74,1.07
1771,554721715,"01771M15:04:36.879","01771 14:52:32",238.28,843.66,,,,"     ",5.30,1396.64,1.07
1771,554721716,"01771M15:04:37.852","01771 14:52:33",238.26,843.68,,,,"     ",5.30,1402.23,1.07
1771,554721717,"01771M15:04:38.826","01771 14:52:34",238.26,843.65,,,,"     ",5.30,1405.05,1.08
1771,554721718,"01771M15:04:39.799","01771 14:52:35",238.27,843.66,,,,"     ",5.30,1392.55,1.07
1771,554721719,"01771M15:04:40.772","01771 14:52:36",238.25,843.66,,,,"     ",5.30,1405.63,1.08
1771,554721720,"01771M15:04:41.745","01771 14:52:37",238.24,843.64,,,,"     ",5.30,1410.28,1.08
1771,554721721,"01771M15:04:42.719","01771 14:52:38",238.23,843.59,,,,"     ",5.30,1398.26,1.07
1771,554721722,"01771M15:04:43.692","01771 14:52:39",238.23,843.52,,,,"     ",5.30,1380.09,1.06
1771,554721723,"01771M15:04:44.665","01771 14:52:40",238.24,843.54,,,,"     ",5.30,1402.92,1.08
1771,554721724,"01771M15:04:45.638","01771 14:52:41",238.26,843.62,,,,"     ",5.30,1392.12,1.07
1771,554721725,"01771M15:04:46.612","01771 14:52:42",238.27,843.54,,,,"     ",5.30,1384.77,1.06
1771,554721726,"01771M15:04:47.585","01771 14:52:43",238.28,843.61,,,,"     ",5.30,1397.43,1.07
1771,554721727,"01771M15:04:48.558","01771 14:52:44",238.29,843.51,,,,"     ",5.30,1385.40,1.06
1771,554721728,"01771M15:04:49.531","01771 14:52:45",238.30,843.56,,,,"     ",5.30,1386.14,1.06
1771,554721729,"01771M15:04:50.505","01771 14:52:46",238.30,843.63,,,,"     ",5.30,1392.03,1.07
1771,554721730,"01771M15:04:51.478","01771 14:52:47",238.29,843.59,,,,"     ",5.30,1384.72,1.06
1771,554721731,"01771M15:04:52.451","01771 14:52:48",238.28,843.60,,,,"     ",5.30,1383.87,1.06
1771,554721732,"01771M15:04:53.424","01771 14:52:49",238.26,843.67,,,,"     ",5.30,1390.00,1.07
1771,554721733,"01771M15:04:54.398","01771 14:52:50",238.25,843.59,,,,"     ",5.30,1399.51,1.07
1771,554721734,"01771M15:04:55.371","01771 14:52:51",238.23,843.69,,,,"     ",5.30,1398.75,1.07
1771,554721735,"01771M15:04:56.344","01771 14:52:52",238.22,843.64,,,,"     ",5.30,1381.99,1.06
1771,554721736,"01771M15:04:57.317","01771 14:52:53",238.21,843.57,,,,"     ",5.30,1393.21,1.07
1771,554721737,"01771M15:04:58.291","01771 14:52:54",238.21,843.59,,,,"     ",5.30,1377.70,1.06
1771,554721738,"01771M15:04:59.264","01771 14:52:55",238.21,843.64,,,,"     ",5.30,1380.99,1.06
1771,554721739,"01771M15:05:00.237","01771 14:52:56",238.21,843.59,,,,"     ",5.30,1398.23,1.07
1771,554721740,"01771M15:05:01.210","01771 14:52:56",238.23,843.71,,,,"     ",5.30,1381.09,1.06
1771,554721741,"01771M15:05:02.184","01771 14:52:57",238.23,843.60,,,,"     ",5.30,1404.59,1.08
1771,554721742,"01771M15:05:03.157","01771 14:52:58",238.24,843.59,,,,"     ",5.30,1405.07,1.08
1771,554721743,"01771M15:05:04.130","01771 14:52:59",238.24,843.60,,,,"     ",5.30,1386.88,1.06
1771,554721744,"01771M15:05:05.103","01771 14:53:00",238.24,843.63,,,,"     ",5.30,1385.51,1.06
1771,554721745,"01771M15:05:06.077","01771 14:53:01",238.23,843.57,,,,"     ",5.30,1390.02,1.06
1771,554721746,"01771M15:05:07.050","01771 14:53:02",238.23,843.57,,,,"     ",5.30,1397.78,1.07
1771,554721747,"01771M15:05:08.023","01771 14:53:03",238.22,843.59,,,,"     ",5.30,1387.15,1.06
1771,554721748,"01771M15:05:08.996","01771 14:53:04",238.21,843.59,,,,"     ",5.30,1401.66,1.07
1771,554721749,"01771M15:05:09.970","01771 14:53:05",238.21,843.57,,,,"     ",5.30,1396.33,1.07
1771,554721750,"01771M15:05:10.943","01771 14:53:06",238.22,843.58,,,,"     ",5.30,1402.07,1.07
1771,554721751,"01771M15:05:11.916","01771 14:53:07",238.23,843.56,,,,"     ",5.30,1403.52,1.07
1771,554721752,"01771M15:05:12.889","01771 14:53:08",238.26,843.47,,,,"     ",5.30,1396.90,1.07
1771,554721753,"01771M15:05:13.863","01771 14:53:09",238.30,843.48,,,,"     ",5.30,1388.14,1.06
1771,554721754,"01771M15:05:14.836","01771 14:53:10",238.36,843.51,,,,"     ",5.30,1389.67,1.06
1771,554721755,"01771M15:05:15.809","01771 14:53:11",238.42,843.59,,,,"     ",5.30,1380.01,1.06
1771,554721756,"01771M15:05:16.782","01771 14:53:12",238.50,843.53,,,,"     ",5.30,1379.03,1.05
1771,554721757,"01771M15:05:17.756","01771 14:53:13",238.59,843.49,,,,"     ",5.30,1381.70,1.06
1771,554721758,"01771M15:05:18.729","01771 14:53:14",238.67,843.60,,,,"     ",5.30,1387.22,1.06
1771,554721759,"01771M15:05:19.702","01771 14:53:15",238.76,843.53,,,,"     ",5.30,1393.03,1.06
1771,554721760,"01771M15:05:20.675","01771 14:53:16",238.84,843.60,,,,"     ",5.30,1386.91,1.06
1771,554721761,"01771M15:05:21.649","01771 14:53:17",238.92,843.63,,,,"     ",5.30,1389.73,1.06
1771,554721762,"01771M15:05:22.622","01771 14:53:18",239.00,843.61,,,,"     ",5.30,1417.89,1.08
1771,554721763,"01771M15:05:23.595","01771 14:53:19",239.08,843.58,,,,"     ",5.30,1395.46,1.06
1771,554721764,"01771M15:05:24.569","01771 14:53:20",239.16,843.49,,,,"     ",5.30,1414.65,1.08
1771,554721765,"01771M15:05:25.542","01771 14:53:21",239.25,843.45,,,,"     ",5.30,1401.20,1.07
1771,554721766,"01771M15:05:26.515","01771 14:53:22",239.35,843.42,,,,"     ",5.30,1401.95,1.07
1771,554721767,"01771M15:05:27.488","01771 14:53:23",239.45,843.47,,,,"     ",5.30,1378.05,1.05
1771,554721768,"01771M15:05:28.462","01771 14:53:24",239.55,843.46,,,,"     ",5.30,1410.02,1.07
1771,554721769,"01771M15:05:29.435","01771 14:53:25",239.66,843.50,,,,"     ",5.30,1395.80,1.06
1771,554721770,"01771M15:05:30.408","01771 14:53:26",239.77,843.48,,,,"     ",5.30,1381.93,1.05
1771,554721771,"01771M15:05:31.381","01771 14:53:27",239.90,843.60,,,,"     ",5.30,1393.25,1.06
1771,554721772,"01771M15:05:32.355","01771 14:53:28",240.03,843.50,,,,"     ",5.30,1401.73,1.06
1771,554721773,"01771M15:05:33.328","01771 14:53:29",240.17,843.47,,,,"     ",5.30,1399.66,1.06
1771,554721774,"01771M15:05:34.301","01771 14:53:30",240.32,843.47,,,,"     ",5.30,1410.36,1.07
1771,554721775,"01771M15:05:35.274","01771 14:53:31",240.44,843.51,,,,"     ",5.30,1414.21,1.07
1771,554721776,"01771M15:05:36.248","01771 14:53:32",240.55,843.51,,,,"     ",5.30,1415.10,1.07
1771,554721777,"01771M15:05:37.221","01771 14:53:32",240.63,843.46,,,,"     ",5.30,1419.78,1.07
1771,554721778,"01771M15:05:38.194","01771 14:53:33",240.71,843.45,,,,"     ",5.30,1406.22,1.06
1771,554721779,"01771M15:05:39.167","01771 14:53:34",240.77,843.51,,,,"     ",5.30,1404.74,1.06
1771,554721780,"01771M15:05:40.141","01771 14:53:35",240.81,843.57,,,,"     ",5.30,1398.65,1.05
1771,554721781,"01771M15:05:41.114","01771 14:53:36",240.85,843.48,,,,"     ",5.30,1395.85,1.05
1771,554721782,"01771M15:05:42.087","01771 14:53:37",240.88,843.53,,,,"     ",5.30,1410.16,1.06
1771,554721783,"01771M15:05:43.060","01771 14:53:38",240.88,843.57,,,,"     ",5.30,1420.32,1.07
1771,554721784,"01771M15:05:44.034","01771 14:53:39",240.88,843.50,,,,"     ",5.30,1414.80,1.06
1771,554721785,"01771M15:05:45.007","01771 14:53:40",240.87,843.60,,,,"     ",5.30,1414.73,1.06
1771,554721786,"01771M15:05:45.980","01771 14:53:41",240.84,843.61,,,,"     ",5.30,1398.20,1.05
1771,554721787,"01771M15:05:46.953","01771 14:53:42",240.79,843.53,,,,"     ",5.30,1440.22,1.08
1771,554725174,"01771M16:00:43.363","01771 15:48:39",241.83,837.12,,,,"     ",5.30,,
1771,554725175,"01771M16:00:44.336","01771 15:48:40",241.87,837.13,,,,"     ",5.30,1312.19,1.09
1771,554725176,"01771M16:00:45.309","01771 15:48:41",241.91,837.09,,,,"     ",5.30,1326.28,1.10
1771,554725177,"01771M16:00:46.283","01771 15:48:42",241.95,837.18,,,,"     ",5.30,1297.76,1.08
1771,554725178,"01771M16:00:47.256","01771 15:48:43",241.99,837.11,,,,"     ",5.30,1324.21,1.10
1771,554725179,"01771M16:00:48.229","01771 15:48:44",242.03,837.11,,,,"     ",5.30,1309.17,1.08
1771,554725180,"01771M16:00:49.202","01771 15:48:45",242.06,837.17,,,,"     ",5.30,1312.77,1.09
1771,554725181,"01771M16:00:50.176","01771 15:48:46",242.10,837.15,,,,"     ",5.30,1323.25,1.10
1771,554725182,"01771M16:00:51.149","01771 15:48:47",242.13,837.14,,,,"     ",5.30,1309.47,1.08
1771,554725183,"01771M16:00:52.122","01771 15:48:48",242.16,837.12,,,,"     ",5.30,1315.08,1.09
1771,554725184,"01771M16:00:53.095","01771 15:48:49",242.19,837.04,,,,"     ",5.30,1321.02,1.09
1771,554725185,"01771M16:00:54.069","01771 15:48:50",242.21,837.12,,,,"     ",5.30,1327.40,1.09
1771,554725186,"01771M16:00:55.042","01771 15:48:51",242.23,837.12,,,,"     ",5.30,1326.72,1.09
1771,554725187,"01771M16:00:56.015","01771 15:48:52",242.24,837.03,,,,"     ",5.30,1327.58,1.09
1771,554725188,"01771M16:00:56.988","01771 15:48:53",242.28,837.16,,,,"     ",5.30,1326.77,1.09
1771,554725189,"01771M16:00:57.962","01771 15:48:54",242.32,837.10,,,,"     ",5.30,1324.80,1.09
1771,554725190,"01771M16:00:58.935","01771 15:48:55",242.36,837.07,,,,"     ",5.30,1325.49,1.09
1771,554725191,"01771M16:00:59.908","01771 15:48:56",242.39,837.12,,,,"     ",5.30,1314.42,1.08
1771,554725192,"01771M16:01:00.881","01771 15:48:57",242.43,837.11,,,,"     ",5.30,1325.47,1.09
1771,554725193,"01771M16:01:01.855","01771 15:48:58",242.45,837.16,,,,"     ",5.30,1331.36,1.09
1771,554725194,"01771M16:01:02.828","01771 15:48:59",242.44,837.12,,,,"     ",5.30,1328.25,1.09
1771,554725195,"01771M16:01:03.801","01771 15:49:00",242.41,837.20,,,,"     ",5.30,1319.61,1.08
1771,554725196,"01771M16:01:04.774","01771 15:49:01",242.36,837.10,,,,"     ",5.30,1312.61,1.07
1771,554725197,"01771M16:01:05.748","01771 15:49:02",242.28,837.13,,,,"     ",5.30,1314.02,1.07
1771,554725198,"01771M16:01:06.721","01771 15:49:03",242.19,837.15,,,,"     ",5.30,1321.10,1.08
1771,554725199,"01771M16:01:07.694","01771 15:49:04",242.11,837.14,,,,"     ",5.30,1338.99,1.09
1771,554725200,"01771M16:01:08.667","01771 15:49:05",242.05,837.18,,,,"     ",5.30,1337.64,1.09
1771,554725201,"01771M16:01:09.641","01771 15:49:06",242.02,837.11,,,,"     ",5.30,1325.24,1.08
1771,554725202,"01771M16:01:10.614","01771 15:49:07",242.03,837.11,,,,"     ",5.30,1339.93,1.09
1771,554725203,"01771M16:01:11.587","01771 15:49:08",242.04,837.10,,,,"     ",5.30,1341.17,1.09
1771,554725204,"01771M16:01:12.560","01771 15:49:09",242.06,837.09,,,,"     ",5.30,1358.63,1.10
1771,554725205,"01771M16:01:13.534","01771 15:49:10",242.08,837.15,,,,"     ",5.30,1327.25,1.08
1771,554725206,"01771M16:01:14.507","01771 15:49:11",242.09,837.15,,,,"     ",5.30,1349.20,1.09
1771,554725207,"01771M16:01:15.480","01771 15:49:12",242.10,837.06,,,,"     ",5.30,1329.86,1.08
1771,554725208,"01771M16:01:16.454","01771 15:49:13",242.11,837.10,,,,"     ",5.30,1329.48,1.07
1771,554725209,"01771M16:01:17.427","01771 15:49:14",242.12,837.14,,,,"     ",5.30,1341.59,1.08
1771,554725210,"01771M16:01:18.400","01771 15:49:14",242.12,837.08,,,,"     ",5.30,1335.52,1.08
1771,554725211,"01771M16:01:19.373","01771 15:49:15",242.11,837.15,,,,"     ",5.30,1341.50,1.08
1771,554725212,"01771M16:01:20.347","01771 15:49:16",242.08,837.07,,,,"     ",5.30,1337.93,1.08
1771,554725213,"01771M16:01:21.320","01771 15:49:17",242.03,837.09,,,,"     ",5.30,1352.59,1.09
1771,554725214,"01771M16:01:22.293","01771 15:49:18",241.97,837.04,,,,"     ",5.30,1326.50,1.07
1771,554725215,"01771M16:01:23.266","01771 15:49:19",241.89,837.03,,,,"     ",5.30,1343.15,1.08
1771,554725216,"01771M16:01:24.240","01771 15:49:20",241.81,837.03,,,,"     ",5.30,1337.09,1.08
1771,554725217,"01771M16:01:25.213","01771 15:49:21",241.77,837.02,,,,"     ",5.30,1339.04,1.08
1771,554725218,"01771M16:01:26.186","01771 15:49:22",241.74,836.98,,,,"     ",5.30,1323.27,1.06
1771,554725219,"01771M16:01:27.159","01771 15:49:23",241.72,837.00,,,,"     ",5.30,1355.92,1.09
1771,554725220,"01771M16:01:28.133","01771 15:49:24",241.70,837.04,,,,"     ",5.30,1355.29,1.09
1771,554725221,"01771M16:01:29.106","01771 15:49:25",241.67,837.03,,,,"     ",5.30,1337.64,1.07
1771,554725222,"01771M16:01:30.079","01771 15:49:26",241.61,836.99,,,,"     ",5.30,1355.40,1.09
1771,554725223,"01771M16:01:31.052","01771 15:49:27",241.52,836.97,,,,"     ",5.30,1347.15,1.08
1771,554725224,"01771M16:01:32.026","01771 15:49:28",241.41,837.02,,,,"     ",5.30,1333.25,1.07
1771,554725225,"01771M16:01:32.999","01771 15:49:29",241.31,837.10,,,,"     ",5.30,1356.90,1.09
1771,554725226,"01771M16:01:33.972","01771 15:49:30",241.24,837.01,,,,"     ",5.30,1353.01,1.08
1771,554725227,"01771M16:01:34.945","01771 15:49:31",241.17,837.01,,,,"     ",5.30,1349.92,1.08
1771,554725228,"01771M16:01:35.919","01771 15:49:32",241.12,837.08,,,,"     ",5.30,1346.26,1.08
1771,554725229,"01771M16:01:36.892","01771 15:49:33",241.07,837.09,,,,"     ",5.30,1343.35,1.08
1771,554725230,"01771M16:01:37.865","01771 15:49:34",241.03,837.09,,,,"     ",5.30,1341.21,1.07
1771,554725231,"01771M16:01:38.838","01771 15:49:35",240.99,837.13,,,,"     ",5.30,1351.43,1.08
1771,554725232,"01771M16:01:39.812","01771 15:49:36",240.94,837.06,,,,"     ",5.30,1350.70,1.08
1771,554725233,"01771M16:01:40.785","01771 15:49:37",240.88,837.11,,,,"     ",5.30,1355.04,1.08
1771,554725234,"01771M16:01:41.758","01771 15:49:38",240.82,837.12,,,,"     ",5.30,1359.16,1.09
1771,554725235,"01771M16:01:42.731","01771 15:49:39",240.75,837.06,,,,"     ",5.30,1369.51,1.10
1771,554725236,"01771M16:01:43.705","01771 15:49:40",240.68,837.01,,,,"     ",5.30,1364.79,1.09
1771,554725237,"01771M16:01:44.678","01771 15:49:41",240.64,837.03,,,,"     ",5.30,1383.91,1.11
1771,554725238,"01771M16:01:45.651","01771 15:49:42",240.63,837.03,,,,"     ",5.30,1349.27,1.08
1771,554725239,"01771M16:01:46.624","01771 15:49:43",240.64,837.02,,,,"     ",5.30,1380.23,1.10
1771,554725240,"01771M16:01:47.598","01771 15:49:44",240.69,837.01,,,,"     ",5.30,1361.91,1.09
1771,554725241,"01771M16:01:48.571","01771 15:49:45",240.78,836.99,,,,"     ",5.30,1362.36,1.09
1771,554725242,"01771M16:01:49.544","01771 15:49:46",240.90,837.02,,,,"     ",5.30,1352.81,1.08
1771,554725243,"01771M16:01:50.517","01771 15:49:47",241.06,836.97,,,,"     ",5.30,1364.80,1.09
1771,554725244,"01771M16:01:51.491","01771 15:49:48",241.24,836.98,,,,"     ",5.30,1357.56,1.08
1771,554725245,"01771M16:01:52.464","01771 15:49:49",241.45,837.01,,,,"     ",5.30,1347.40,1.07
1771,554725246,"01771M16:01:53.437","01771 15:49:50",241.67,836.96,,,,"     ",5.30,1361.77,1.09
1771,554725247,"01771M16:01:54.410","01771 15:49:50",241.87,836.92,,,,"     ",5.30,1355.28,1.08
1771,554725248,"01771M16:01:55.384","01771 15:49:51",242.05,836.91,,,,"     ",5.30,1370.26,1.09
1771,554725249,"01771M16:01:56.357","01771 15:49:52",242.17,836.84,,,,"     ",5.30,1371.31,1.09
1771,554725250,"01771M16:01:57.330","01771 15:49:53",242.24,836.84,,,,"     ",5.30,1370.76,1.09
1771,554725251,"01771M16:01:58.303","01771 15:49:54",242.26,836.96,,,,"     ",5.30,1346.32,1.07
1771,554725252,"01771M16:01:59.277","01771 15:49:55",242.24,836.90,,,,"     ",5.30,1369.68,1.09
1771,554725253,"01771M16:02:00.250","01771 15:49:56",242.18,836.97,,,,"     ",5.30,1360.65,1.08
1771,554725254,"01771M16:02:01.223","01771 15:49:57",242.11,836.95,,,,"     ",5.30,1380.46,1.10
1771,554725255,"01771M16:02:02.196","01771 15:49:58",242.06,836.95,,,,"     ",5.30,1363.35,1.08
1771,554725256,"01771M16:02:03.170","01771 15:49:59",242.01,836.96,,,,"     ",5.30,1363.82,1.08
1771,554725257,"01771M16:02:04.143","01771 15:50:00",241.99,836.92,,,,"     ",5.30,1364.68,1.08
1771,554725258,"01771M16:02:05.116","01771 15:50:01",242.00,836.94,,,,"     ",5.30,1353.89,1.08
1771,554725259,"01771M16:02:06.089","01771 15:50:02",242.01,836.99,,,,"     ",5.30,1358.37,1.08
1771,554725260,"01771M16:02:07.063","01771 15:50:03",242.05,836.89,,,,"     ",5.30,1365.11,1.08
1771,554725261,"01771M16:02:08.036","01771 15:50:04",242.11,836.93,,,,"     ",5.30,1382.08,1.10
1771,554725262,"01771M16:02:09.009","01771 15:50:05",242.18,836.97,,,,"     ",5.30,1361.45,1.08
1771,554725263,"01771M16:02:09.982","01771 15:50:06",242.25,836.97,,,,"     ",5.30,1365.96,1.08
1771,554725264,"01771M16:02:10.956","01771 15:50:07",242.32,836.89,,,,"     ",5.30,1356.65,1.08
1771,554725265,"01771M16:02:11.929","01771 15:50:08",242.39,836.87,,,,"     ",5.30,1363.53,1.08
1771,554725266,"01771M16:02:12.902","01771 15:50:09",242.44,836.93,,,,"     ",5.30,1362.53,1.08
1771,554725267,"01771M16:02:13.875","01771 15:50:10",242.48,836.95,,,,"     ",5.30,1355.20,1.07
1771,554725268,"01771M16:02:14.849","01771 15:50:11",242.51,836.94,,,,"     ",5.30,1376.62,1.09
1771,554725269,"01771M16:02:15.822","01771 15:50:12",242.54,836.93,,,,"     ",5.30,1364.86,1.08
1771,554725270,"01771M16:02:16.795","01771 15:50:13",242.59,836.99,,,,"     ",5.30,1358.54,1.08
1771,554725271,"01771M16:02:17.768","01771 15:50:14",242.66,837.00,,,,"     ",5.30,1373.16,1.09
1771,554725272,"01771M16:02:18.742","01771 15:50:15",242.74,837.02,,,,"     ",5.30,1382.07,1.09
1771,554725273,"01771M16:02:19.715","01771 15:50:16",242.83,836.97,,,,"     ",5.30,1360.96,1.08
1771,554725274,"01771M16:02:20.688","01771 15:50:17",242.92,836.87,,,,"     ",5.30,1367.55,1.08
1771,554725275,"01771M16:02:21.661","01771 15:50:18",242.99,837.00,,,,"     ",5.30,1364.41,1.08
1771,554725276,"01771M16:02:22.635","01771 15:50:19",243.05,836.89,,,,"     ",5.30,1377.15,1.09
1771,554725277,"01771M16:02:23.608","01771 15:50:20",243.11,836.82,,,,"     ",5.30,1378.51,1.09
1771,554725278,"01771M16:02:24.581","01771 15:50:21",243.15,836.81,,,,"     ",5.30,1390.65,1.10
1771,554725279,"01771M16:02:25.554","01771 15:50:22",243.18,836.90,,,,"     ",5.30,1401.48,1.11
1771,554725280,"01771M16:02:26.528","01771 15:50:23",243.23,836.87,,,,"     ",5.30,1357.41,1.07
1771,554725281,"01771M16:02:27.501","01771 15:50:24",243.28,836.87,,,,"     ",5.30,1367.77,1.08
1771,554725282,"01771M16:02:28.474","01771 15:50:25",243.33,836.90,,,,"     ",5.30,1390.52,1.10
1771,554725283,"01771M16:02:29.448","01771 15:50:26",243.36,836.93,,,,"     ",5.30,1369.29,1.08
1771,554725284,"01771M16:02:30.421","01771 15:50:27",243.36,836.86,,,,"     ",5.30,1367.45,1.08
1771,554725285,"01771M16:02:31.394","01771 15:50:27",243.33,836.96,,,,"     ",5.30,1363.98,1.07
1771,554725286,"01771M16:02:32.367","01771 15:50:28",243.29,836.90,,,,"     ",5.30,1367.39,1.08
1771,554725287,"01771M16:02:33.341","01771 15:50:29",243.23,836.95,,,,"     ",5.30,1383.78,1.09
1771,554725288,"01771M16:02:34.314","01771 15:50:30",243.15,836.92,,,,"     ",5.30,1376.06,1.08
1771,554725289,"01771M16:02:35.287","01771 15:50:31",243.05,836.87,,,,"     ",5.30,1378.11,1.08
1771,554725290,"01771M16:02:36.260","01771 15:50:32",242.94,836.88,,,,"     ",5.30,1373.22,1.08
1771,554725291,"01771M16:02:37.234","01771 15:50:33",242.80,836.89,,,,"     ",5.30,1385.01,1.09
1771,554725292,"01771M16:02:38.207","01771 15:50:34",242.66,836.92,,,,"     ",5.30,1360.45,1.07
1771,554725293,"01771M16:02:39.180","01771 15:50:35",242.51,836.88,,,,"     ",5.30,1373.08,1.08
1771,554725294,"01771M16:02:40.153","01771 15:50:36",242.37,836.82,,,,"     ",5.30,1377.05,1.08
1771,554725295,"01771M16:02:41.127","01771 15:50:37",242.26,836.86,,,,"     ",5.30,1382.97,1.09
1771,554725296,"01771M16:02:42.100","01771 15:50:38",242.19,836.91,,,,"     ",5.30,1367.68,1.07
1771,554725297,"01771M16:02:43.073","01771 15:50:39",242.15,836.92,,,,"     ",5.30,1375.41,1.08
1771,554725298,"01771M16:02:44.046","01771 15:50:40",242.13,836.94,,,,"     ",5.30,1357.10,1.07
1771,554725299,"01771M16:02:45.020","01771 15:50:41",242.14,836.85,,,,"     ",5.30,1371.76,1.08
1771,554725300,"01771M16:02:45.993","01771 15:50:42",242.18,836.94,,,,"     ",5.30,1373.00,1.08
1771,554725301,"01771M16:02:46.966","01771 15:50:43",242.22,836.88,,,,"     ",5.30,1379.21,1.08
1771,554725302,"01771M16:02:47.939","01771 15:50:44",242.25,836.94,,,,"     ",5.30,1392.88,1.09
1771,554725303,"01771M16:02:48.913","01771 15:50:45",242.25,836.92,,,,"     ",5.30,1391.54,1.09
1771,554725304,"01771M16:02:49.886","01771 15:50:46",242.22,836.89,,,,"     ",5.30,1378.15,1.08
1771,554725305,"01771M16:02:50.859","01771 15:50:47",242.14,836.90,,,,"     ",5.30,1366.60,1.07
1771,554725306,"01771M16:02:51.832","01771 15:50:48",242.02,836.88,,,,"     ",5.30,1378.09,1.08
1771,554725307,"01771M16:02:52.806","01771 15:50:49",241.89,836.95,,,,"     ",5.30,1366.36,1.07
1771,554725308,"01771M16:02:53.779","01771 15:50:50",241.74,836.91,,,,"     ",5.30,1373.60,1.08
1771,554725309,"01771M16:02:54.752","01771 15:50:51",241.59,836.87,,,,"     ",5.30,1392.73,1.09
1771,554725310,"01771M16:02:55.725","01771 15:50:52",241.47,836.99,,,,"     ",5.30,1376.40,1.08
1771,554725311,"01771M16:02:56.699","01771 15:50:53",241.38,836.83,,,,"     ",5.30,1385.74,1.09
1771,554725312,"01771M16:02:57.672","01771 15:50:54",241.34,836.88,,,,"     ",5.30,1372.95,1.08
1771,554725313,"01771M16:02:58.645","01771 15:50:55",241.35,836.88,,,,"     ",5.30,1365.38,1.07
1771,554725314,"01771M16:02:59.618","01771 15:50:56",241.38,836.81,,,,"     ",5.30,1368.64,1.07
1771,554725315,"01771M16:03:00.592","01771 15:50:57",241.41,836.87,,,,"     ",5.30,1374.78,1.08
1771,554725316,"01771M16:03:01.565","01771 15:50:58",241.43,836.91,,,,"     ",5.30,1370.97,1.08
1771,554725317,"01771M16:03:02.538","01771 15:50:59",241.43,836.89,,,,"     ",5.30,1381.26,1.09
1771,554725318,"01771M16:03:03.511","01771 15:51:00",241.37,836.87,,,,"     ",5.30,1371.16,1.08
1771,554725319,"01771M16:03:04.485","01771 15:51:01",241.27,836.84,,,,"     ",5.30,1381.77,1.09
1771,554725320,"01771M16:03:05.458","01771 15:51:02",241.12,836.81,,,,"     ",5.30,1382.70,1.09
1771,554725321,"01771M16:03:06.431","01771 15:51:03",240.96,836.80,,,,"     ",5.30,1376.20,1.08
1771,554725322,"01771M16:03:07.404","01771 15:51:04",240.78,836.85,,,,"     ",5.30,1377.50,1.08
1771,554725323,"01771M16:03:08.378","01771 15:51:04",240.60,836.88,,,,"     ",5.30,1366.84,1.07
1771,554725324,"01771M16:03:09.351","01771 15:51:05",240.42,836.97,,,,"     ",5.30,1370.38,1.08
1771,554725325,"01771M16:03:10.324","01771 15:51:06",240.26,836.92,,,,"     ",5.30,1393.83,1.10
1771,554725326,"01771M16:03:11.297","01771 15:51:07",240.12,836.85,,,,"     ",5.30,1367.01,1.07
1771,554725327,"01771M16:03:12.271","01771 15:51:08",240.00,836.91,,,,"     ",5.30,1384.47,1.09
1771,554725328,"01771M16:03:13.244","01771 15:51:09",239.92,836.86,,,,"     ",5.30,1385.27,1.09
1771,554725329,"01771M16:03:14.217","01771 15:51:10",239.92,836.89,,,,"     ",5.30,1369.38,1.08
1771,554725330,"01771M16:03:15.190","01771 15:51:11",239.97,836.90,,,,"     ",5.30,1369.25,1.08
1771,554725331,"01771M16:03:16.164","01771 15:51:12",240.05,836.88,,,,"     ",5.30,1364.66,1.07
1771,554725332,"01771M16:03:17.137","01771 15:51:13",240.17,836.90,,,,"     ",5.30,1371.80,1.08
1771,554725333,"01771M16:03:18.110","01771 15:51:14",240.29,836.86,,,,"     ",5.30,1389.54,1.09
1771,554725334,"01771M16:03:19.083","01771 15:51:15",240.41,836.86,,,,"     ",5.30,1379.87,1.09
1771,554725335,"01771M16:03:20.057","01771 15:51:16",240.48,836.91,,,,"     ",5.30,1387.40,1.09
1771,554725336,"01771M16:03:21.030","01771 15:51:17",240.50,836.87,,,,"     ",5.30,1379.41,1.09
1771,554725337,"01771M16:03:22.003","01771 15:51:18",240.49,836.96,,,,"     ",5.30,1355.12,1.07
1771,554725338,"01771M16:03:22.976","01771 15:51:19",240.44,836.96,,,,"     ",5.30,1385.08,1.09
1771,554725339,"01771M16:03:23.950","01771 15:51:20",240.37,836.90,,,,"     ",5.30,1378.02,1.09
1771,554725340,"01771M16:03:24.923","01771 15:51:21",240.29,836.92,,,,"     ",5.30,1371.73,1.08
1771,554725341,"01771M16:03:25.896","01771 15:51:22",240.23,836.87,,,,"     ",5.30,1364.52,1.07
1771,554725342,"01771M16:03:26.869","01771 15:51:23",240.18,836.80,,,,"     ",5.30,1362.08,1.07
1771,554725343,"01771M16:03:27.843","01771 15:51:24",240.13,836.78,,,,"     ",5.30,1368.59,1.08
1771,554725344,"01771M16:03:28.816","01771 15:51:25",240.10,836.89,,,,"     ",5.30,1380.17,1.09
1771,554725345,"01771M16:03:29.789","01771 15:51:26",240.07,836.87,,,,"     ",5.30,1372.92,1.08
1771,554725346,"01771M16:03:30.762","01771 15:51:27",240.05,836.81,,,,"     ",5.30,1370.90,1.08
1771,554725347,"01771M16:03:31.736","01771 15:51:28",240.04,836.85,,,,"     ",5.30,1384.32,1.09
1771,554725348,"01771M16:03:32.709","01771 15:51:29",240.05,836.82,,,,"     ",5.30,1366.27,1.08
1771,554725349,"01771M16:03:33.682","01771 15:51:30",240.08,836.82,,,,"     ",5.30,1382.20,1.09
1771,554725350,"01771M16:03:34.655","01771 15:51:31",240.11,836.76,,,,"     ",5.30,1391.50,1.10
1771,554725351,"01771M16:03:35.629","01771 15:51:32",240.14,836.91,,,,"     ",5.30,1373.01,1.08
1771,554725352,"01771M16:03:36.602","01771 15:51:33",240.18,836.88,,,,"     ",5.30,1372.73,1.08
1771,554725353,"01771M16:03:37.575","01771 15:51:34",240.22,836.98,,,,"     ",5.30,1378.84,1.09
1771,554725354,"01771M16:03:38.549","01771 15:51:35",240.25,836.88,,,,"     ",5.30,1387.48,1.09
1771,554725355,"01771M16:03:39.522","01771 15:51:36",240.26,836.86,,,,"     ",5.30,1380.62,1.09
1771,554725356,"01771M16:03:40.495","01771 15:51:37",240.26,836.91,,,,"     ",5.30,1381.78,1.09
1771,554725357,"01771M16:03:41.468","01771 15:51:38",240.24,836.97,,,,"     ",5.30,1376.38,1.09
1771,554725358,"01771M16:03:42.442","01771 15:51:39",240.24,836.91,,,,"     ",5.30,1380.21,1.09
1771,554725359,"01771M16:03:43.415","01771 15:51:40",240.25,836.76,,,,"     ",5.30,1387.39,1.09
1771,554725360,"01771M16:03:44.388","01771 15:51:40",240.28,836.81,,,,"     ",5.30,1360.56,1.07
1771,554725361,"01771M16:03:45.361","01771 15:51:41",240.31,836.79,,,,"     ",5.30,1354.92,1.07
1771,554725362,"01771M16:03:46.335","01771 15:51:42",240.33,836.79,,,,"     ",5.30,1387.82,1.10
1771,554725363,"01771M16:03:47.308","01771 15:51:43",240.33,836.78,,,,"     ",5.30,1367.21,1.08
1771,554725364,"01771M16:03:48.281","01771 15:51:44",240.31,836.91,,,,"     ",5.30,1377.02,1.09
1771,554725365,"01771M16:03:49.254","01771 15:51:45",240.25,836.85,,,,"     ",5.30,1366.17,1.08
1771,554725366,"01771M16:03:50.228","01771 15:51:46",240.17,836.84,,,,"     ",5.30,1369.14,1.08
1771,554725367,"01771M16:03:51.201","01771 15:51:47",240.08,836.85,,,,"     ",5.30,1362.12,1.07
1771,554725368,"01771M16:03:52.174","01771 15:51:48",239.98,836.83,,,,"     ",5.30,1377.67,1.09
1771,554725369,"01771M16:03:53.147","01771 15:51:49",239.89,836.87,,,,"     ",5.30,1378.91,1.09
1771,554725370,"01771M16:03:54.121","01771 15:51:50",239.81,836.80,,,,"     ",5.30,1373.15,1.08
1771,554725371,"01771M16:03:55.094","01771 15:51:51",239.74,836.79,,,,"     ",5.30,1374.87,1.09
1771,554725372,"01771M16:03:56.067","01771 15:51:52",239.69,836.87,,,,"     ",5.30,1375.50,1.09
1771,554725373,"01771M16:03:57.040","01771 15:51:53",239.66,836.88,,,,"     ",5.30,1388.28,1.10
1771,554725374,"01771M16:03:58.014","01771 15:51:54",239.67,836.85,,,,"     ",5.30,1376.22,1.09
1771,554725375,"01771M16:03:58.987","01771 15:51:55",239.70,836.80,,,,"     ",5.30,1387.04,1.10
1771,554725376,"01771M16:03:59.960","01771 15:51:56",239.75,836.85,,,,"     ",5.30,1368.81,1.08
1771,554725377,"01771M16:04:00.933","01771 15:51:57",239.81,836.81,,,,"     ",5.30,1361.35,1.08
1771,554725378,"01771M16:04:01.907","01771 15:51:58",239.91,836.77,,,,"     ",5.30,1370.89,1.08
1771,554725379,"01771M16:04:02.880","01771 15:51:59",240.02,836.78,,,,"     ",5.30,1386.42,1.10
1771,554725380,"01771M16:04:03.853","01771 15:52:00",240.14,836.75,,,,"     ",5.30,1386.73,1.10
1771,554725381,"01771M16:04:04.826","01771 15:52:01",240.23,836.74,,,,"     ",5.30,1386.47,1.10
1771,554725382,"01771M16:04:05.800","01771 15:52:02",240.32,836.77,,,,"     ",5.30,1379.29,1.09
1771,554725383,"01771M16:04:06.773","01771 15:52:03",240.40,836.72,,,,"     ",5.30,1369.01,1.08
1771,554725384,"01771M16:04:07.746","01771 15:52:04",240.48,836.72,,,,"     ",5.30,1380.21,1.09
1771,554725385,"01771M16:04:08.719","01771 15:52:05",240.57,836.76,,,,"     ",5.30,1375.42,1.09
1771,554725386,"01771M16:04:09.693","01771 15:52:06",240.68,836.67,,,,"     ",5.30,1387.62,1.10
1771,554725387,"01771M16:04:10.666","01771 15:52:07",240.81,836.70,,,,"     ",5.30,1390.74,1.10
1771,554725388,"01771M16:04:11.639","01771 15:52:08",240.95,836.67,,,,"     ",5.30,1382.84,1.09
1771,554725389,"01771M16:04:12.612","01771 15:52:09",241.09,836.75,,,,"     ",5.30,1383.18,1.09
1771,554725390,"01771M16:04:13.586","01771 15:52:10",241.21,836.81,,,,"     ",5.30,1371.62,1.08
1771,554725391,"01771M16:04:14.559","01771 15:52:11",241.32,836.77,,,,"     ",5.30,1372.30,1.08
1771,554725392,"01771M16:04:15.532","01771 15:52:12",241.41,836.70,,,,"     ",5.30,1349.67,1.06
1771,554725393,"01771M16:04:16.505","01771 15:52:13",241.50,836.80,,,,"     ",5.30,1374.81,1.09
1771,554725394,"01771M16:04:17.479","01771 15:52:14",241.58,836.79,,,,"     ",5.30,1365.03,1.08
1771,554725395,"01771M16:04:18.452","01771 15:52:15",241.66,836.73,,,,"     ",5.30,1376.53,1.09
1771,554725396,"01771M16:04:19.425","01771 15:52:16",241.71,836.83,,,,"     ",5.30,1371.26,1.08
1771,554725397,"01771M16:04:20.398","01771 15:52:17",241.73,836.78,,,,"     ",5.30,1384.79,1.09
1771,554725398,"01771M16:04:21.372","01771 15:52:17",241.72,836.75,,,,"     ",5.30,1368.91,1.08
1771,554725399,"01771M16:04:22.345","01771 15:52:18",241.70,836.73,,,,"     ",5.30,1374.52,1.08
1771,554725400,"01771M16:04:23.318","01771 15:52:19",241.65,836.86,,,,"     ",5.30,1372.13,1.08
1771,554725401,"01771M16:04:24.291","01771 15:52:20",241.58,836.86,,,,"     ",5.30,1370.17,1.08
1771,554725402,"01771M16:04:25.265","01771 15:52:21",241.50,836.80,,,,"     ",5.30,1346.40,1.06
1771,554725403,"01771M16:04:26.238","01771 15:52:22",241.42,836.80,,,,"     ",5.30,1373.91,1.08
1771,554725404,"01771M16:04:27.211","01771 15:52:23",241.34,836.79,,,,"     ",5.30,1371.75,1.08
1771,554725405,"01771M16:04:28.184","01771 15:52:24",241.26,836.84,,,,"     ",5.30,1376.03,1.08
1771,554725406,"01771M16:04:29.158","01771 15:52:25",241.18,836.78,,,,"     ",5.30,1372.20,1.08
1771,554725407,"01771M16:04:30.131","01771 15:52:26",241.12,836.71,,,,"     ",5.30,1380.67,1.09
1771,554725408,"01771M16:04:31.104","01771 15:52:27",241.08,836.77,,,,"     ",5.30,1365.07,1.08
1771,554725409,"01771M16:04:32.077","01771 15:52:28",241.04,836.72,,,,"     ",5.30,1369.48,1.08
1771,554725410,"01771M16:04:33.051","01771 15:52:29",241.00,836.71,,,,"     ",5.30,1373.82,1.08
1771,554725411,"01771M16:04:34.024","01771 15:52:30",240.99,836.71,,,,"     ",5.30,1387.92,1.09
1771,554725412,"01771M16:04:34.997","01771 15:52:31",241.00,836.70,,,,"     ",5.30,1375.46,1.08
1771,554725413,"01771M16:04:35.970","01771 15:52:32",241.04,836.67,,,,"     ",5.30,1379.00,1.09
1771,554725414,"01771M16:04:36.944","01771 15:52:33",241.09,836.71,,,,"     ",5.30,1373.56,1.08
1771,554725415,"01771M16:04:37.917","01771 15:52:34",241.13,836.76,,,,"     ",5.30,1373.80,1.08
1771,554725416,"01771M16:04:38.890","01771 15:52:35",241.17,836.76,,,,"     ",5.30,1395.36,1.10
1771,554725417,"01771M16:04:39.863","01771 15:52:36",241.21,836.75,,,,"     ",5.30,1376.73,1.08
1771,554725418,"01771M16:04:40.837","01771 15:52:37",241.24,836.82,,,,"     ",5.30,1372.26,1.08
1771,554725419,"01771M16:04:41.810","01771 15:52:38",241.28,836.81,,,,"     ",5.30,1374.16,1.08
1771,554725420,"01771M16:04:42.783","01771 15:52:39",241.32,836.82,,,,"     ",5.30,1358.91,1.07
1771,554725421,"01771M16:04:43.756","01771 15:52:40",241.33,836.86,,,,"     ",5.30,1392.35,1.10
1771,554725422,"01771M16:04:44.730","01771 15:52:41",241.32,836.72,,,,"     ",5.30,1372.36,1.08
1771,554725423,"01771M16:04:45.703","01771 15:52:42",241.29,836.79,,,,"     ",5.30,1373.80,1.08
1771,554725424,"01771M16:04:46.676","01771 15:52:43",241.25,836.82,,,,"     ",5.30,1386.82,1.09
1771,554725425,"01771M16:04:47.650","01771 15:52:44",241.21,836.88,,,,"     ",5.30,1369.36,1.08
1771,554725426,"01771M16:04:48.623","01771 15:52:45",241.18,836.79,,,,"     ",5.30,1356.66,1.07
1771,554725427,"01771M16:04:49.596","01771 15:52:46",241.17,836.79,,,,"     ",5.30,1373.99,1.08
1771,554725428,"01771M16:04:50.569","01771 15:52:47",241.15,836.82,,,,"     ",5.30,1381.37,1.09
1771,554725429,"01771M16:04:51.543","01771 15:52:48",241.13,836.82,,,,"     ",5.30,1378.37,1.09
1771,554725430,"01771M16:04:52.516","01771 15:52:49",241.09,836.80,,,,"     ",5.30,1370.92,1.08
1771,554725431,"01771M16:04:53.489","01771 15:52:50",241.05,836.74,,,,"     ",5.30,1371.76,1.08
1771,554725432,"01771M16:04:54.462","01771 15:52:51",241.00,836.75,,,,"     ",5.30,1368.16,1.08
1771,554725433,"01771M16:04:55.436","01771 15:52:52",240.95,836.71,,,,"     ",5.30,1382.10,1.09
1771,554725434,"01771M16:04:56.409","01771 15:52:53",240.87,836.73,,,,"     ",5.30,1380.45,1.09
1771,554725435,"01771M16:04:57.382","01771 15:52:54",240.77,836.75,,,,"     ",5.30,1388.78,1.09
1771,554725436,"01771M16:04:58.355","01771 15:52:54",240.65,836.79,,,,"     ",5.30,1365.02,1.08
1771,554725437,"01771M16:04:59.329","01771 15:52:55",240.53,836.75,,,,"     ",5.30,1377.06,1.09
1771,554725438,"01771M16:05:00.302","01771 15:52:56",240.43,836.77,,,,"     ",5.30,1367.61,1.08
1771,554725439,"01771M16:05:01.275","01771 15:52:57",240.34,836.79,,,,"     ",5.30,1371.76,1.08
1771,554725440,"01771M16:05:02.248","01771 15:52:58",240.27,836.75,,,,"     ",5.30,1383.41,1.09
1771,554725441,"01771M16:05:03.222","01771 15:52:59",240.23,836.77,,,,"     ",5.30,1383.80,1.09
1771,554725442,"01771M16:05:04.195","01771 15:53:00",240.20,836.82,,,,"     ",5.30,1362.29,1.07
1771,554725443,"01771M16:05:05.168","01771 15:53:01",240.20,836.83,,,,"     ",5.30,1367.26,1.08
1771,554725444,"01771M16:05:06.141","01771 15:53:02",240.22,836.77,,,,"     ",5.30,1360.92,1.07
1771,554725445,"01771M16:05:07.115","01771 15:53:03",240.27,836.77,,,,"     ",5.30,1376.02,1.08
1771,554725446,"01771M16:05:08.088","01771 15:53:04",240.33,836.69,,,,"     ",5.30,1368.49,1.08
1771,554725447,"01771M16:05:09.061","01771 15:53:05",240.40,836.65,,,,"     ",5.30,1386.79,1.09
1771,554725448,"01771M16:05:10.034","01771 15:53:06",240.47,836.74,,,,"     ",5.30,1360.62,1.07
1771,554725449,"01771M16:05:11.008","01771 15:53:07",240.53,836.64,,,,"     ",5.30,1377.24,1.09
1771,554725450,"01771M16:05:11.981","01771 15:53:08",240.58,836.68,,,,"     ",5.30,1383.76,1.09
1771,554725451,"01771M16:05:12.954","01771 15:53:09",240.63,836.68,,,,"     ",5.30,1371.18,1.08
1771,554725452,"01771M16:05:13.927","01771 15:53:10",240.66,836.76,,,,"     ",5.30,1372.92,1.08
1771,554725453,"01771M16:05:14.901","01771 15:53:11",240.66,836.81,,,,"     ",5.30,1360.14,1.07
1771,554725454,"01771M16:05:15.874","01771 15:53:12",240.65,836.76,,,,"     ",5.30,1384.87,1.09
1771,554725455,"01771M16:05:16.847","01771 15:53:13",240.62,836.76,,,,"     ",5.30,1370.17,1.08
1771,554725456,"01771M16:05:17.820","01771 15:53:14",240.59,836.78,,,,"     ",5.30,1366.42,1.08
1771,554725457,"01771M16:05:18.794","01771 15:53:15",240.57,836.74,,,,"     ",5.30,1360.38,1.07
1771,554725458,"01771M16:05:19.767","01771 15:53:16",240.58,836.71,,,,"     ",5.30,1381.70,1.09
1771,554725459,"01771M16:05:20.740","01771 15:53:17",240.60,836.76,,,,"     ",5.30,1370.68,1.08
1771,554725460,"01771M16:05:21.713","01771 15:53:18",240.64,836.78,,,,"     ",5.30,1373.81,1.08
1771,554725461,"01771M16:05:22.687","01771 15:53:19",240.67,836.73,,,,"     ",5.30,1385.25,1.09
1771,554725462,"01771M16:05:23.660","01771 15:53:20",240.68,836.80,,,,"     ",5.30,1355.10,1.07
1771,554725463,"01771M16:05:24.633","01771 15:53:21",240.67,836.79,,,,"     ",5.30,1368.15,1.08
1771,554725464,"01771M16:05:25.606","01771 15:53:22",240.64,836.71,,,,"     ",5.30,1381.21,1.09
1771,554725465,"01771M16:05:26.580","01771 15:53:23",240.58,836.74,,,,"     ",5.30,1368.16,1.08
1771,554725466,"01771M16:05:27.553","01771 15:53:24",240.50,836.71,,,,"     ",5.30,1370.64,1.08
1771,554725467,"01771M16:05:28.526","01771 15:53:25",240.39,836.70,,,,"     ",5.30,1387.21,1.09
1771,554725468,"01771M16:05:29.499","01771 15:53:26",240.22,836.67,,,,"     ",5.30,1377.99,1.09
1771,554725469,"01771M16:05:30.473","01771 15:53:27",240.08,836.60,,,,"     ",5.30,1375.91,1.09
1771,554725470,"01771M16:05:31.446","01771 15:53:28",239.98,836.70,,,,"     ",5.30,1362.12,1.07
1771,554725471,"01771M16:05:32.419","01771 15:53:29",239.91,836.76,,,,"     ",5.30,1379.85,1.09
1771,554725472,"01771M16:05:33.392","01771 15:53:30",239.87,836.72,,,,"     ",5.30,1377.04,1.09
1771,554725473,"01771M16:05:34.366","01771 15:53:31",239.84,836.66,,,,"     ",5.30,1367.26,1.08
1771,554725474,"01771M16:05:35.339","01771 15:53:31",239.84,836.61,,,,"     ",5.30,1367.25,1.08
1771,554725475,"01771M16:05:36.312","01771 15:53:32",239.86,836.56,,,,"     ",5.30,1358.62,1.07
1771,554725476,"01771M16:05:37.285","01771 15:53:33",239.90,836.63,,,,"     ",5.30,1377.75,1.09
1771,554725477,"01771M16:05:38.259","01771 15:53:34",239.96,836.63,,,,"     ",5.30,1399.70,1.11
1771,554725478,"01771M16:05:39.232","01771 15:53:35",240.05,836.70,,,,"     ",5.30,1377.64,1.09
1771,554725479,"01771M16:05:40.205","01771 15:53:36",240.16,836.61,,,,"     ",5.30,1378.22,1.09
1771,554725480,"01771M16:05:41.178","01771 15:53:37",240.30,836.73,,,,"     ",5.30,1380.38,1.09
1771,554725481,"01771M16:05:42.152","01771 15:53:38",240.46,836.77,,,,"     ",5.30,1360.60,1.07
1771,554728884,"01771M17:00:54.133","01771 16:48:51",237.87,833.83,,,,"     ",5.30,,
1771,554728885,"01771M17:00:55.107","01771 16:48:52",237.85,833.82,,,,"     ",5.30,902.25,1.42
1771,554728886,"01771M17:00:56.080","01771 16:48:53",237.83,833.88,,,,"     ",5.30,894.10,1.40
1771,554728887,"01771M17:00:57.053","01771 16:48:54",237.81,833.80,,,,"     ",5.30,911.19,1.43
1771,554728888,"01771M17:00:58.026","01771 16:48:55",237.80,833.91,,,,"     ",5.30,903.87,1.41
1771,554728889,"01771M17:00:59.000","01771 16:48:56",237.79,833.87,,,,"     ",5.30,900.91,1.41
1771,554728890,"01771M17:00:59.973","01771 16:48:57",237.78,833.92,,,,"     ",5.30,901.45,1.41
1771,554728891,"01771M17:01:00.946","01771 16:48:58",237.77,833.85,,,,"     ",5.30,903.81,1.41
1771,554728892,"01771M17:01:01.919","01771 16:48:59",237.77,833.89,,,,"     ",5.30,906.36,1.41
1771,554728893,"01771M17:01:02.893","01771 16:49:00",237.77,833.90,,,,"     ",5.30,896.90,1.39
1771,554728894,"01771M17:01:03.866","01771 16:49:01",237.77,833.88,,,,"     ",5.30,915.80,1.42
1771,554728895,"01771M17:01:04.839","01771 16:49:02",237.78,833.87,,,,"     ",5.30,903.26,1.40
1771,554728896,"01771M17:01:05.812","01771 16:49:03",237.78,833.84,,,,"     ",5.30,898.94,1.39
1771,554728897,"01771M17:01:06.786","01771 16:49:04",237.80,833.84,,,,"     ",5.30,916.10,1.41
1771,554728898,"01771M17:01:07.759","01771 16:49:05",237.82,833.92,,,,"     ",5.30,904.01,1.39
1771,554728899,"01771M17:01:08.732","01771 16:49:06",237.85,833.92,,,,"     ",5.30,910.44,1.40
1771,554728900,"01771M17:01:09.705","01771 16:49:07",237.88,833.97,,,,"     ",5.30,903.31,1.39
1771,554728901,"01771M17:01:10.679","01771 16:49:08",237.90,833.93,,,,"     ",5.30,912.12,1.40
1771,554728902,"01771M17:01:11.652","01771 16:49:09",237.93,833.91,,,,"     ",5.30,911.44,1.40
1771,554728903,"01771M17:01:12.625","01771 16:49:10",237.95,833.78,,,,"     ",5.30,910.02,1.39
1771,554728904,"01771M17:01:13.598","01771 16:49:11",237.96,833.81,,,,"     ",5.30,911.98,1.40
1771,554728905,"01771M17:01:14.572","01771 16:49:12",237.97,833.81,,,,"     ",5.30,917.10,1.40
1771,554728906,"01771M17:01:15.545","01771 16:49:12",237.97,833.78,,,,"     ",5.30,911.67,1.39
1771,554728907,"01771M17:01:16.518","01771 16:49:13",237.95,833.86,,,,"     ",5.30,914.91,1.40
1771,554728908,"01771M17:01:17.491","01771 16:49:14",237.92,833.88,,,,"     ",5.30,911.16,1.39
1771,554728909,"01771M17:01:18.465","01771 16:49:15",237.88,833.93,,,,"     ",5.30,913.00,1.39
1771,554728910,"01771M17:01:19.438","01771 16:49:16",237.84,833.85,,,,"     ",5.30,920.12,1.40
1771,554728911,"01771M17:01:20.411","01771 16:49:17",237.79,833.78,,,,"     ",5.30,914.58,1.39
1771,554728912,"01771M17:01:21.384","01771 16:49:18",237.74,833.82,,,,"     ",5.30,920.45,1.40
1771,554728913,"01771M17:01:22.358","01771 16:49:19",237.70,833.89,,,,"     ",5.30,925.63,1.40
1771,554728914,"01771M17:01:23.331","01771 16:49:20",237.66,833.89,,,,"     ",5.30,921.51,1.40
1771,554728915,"01771M17:01:24.304","01771 16:49:21",237.64,833.90,,,,"     ",5.30,920.84,1.40
1771,554728916,"01771M17:01:25.277","01771 16:49:22",237.63,833.88,,,,"     ",5.30,930.47,1.41
1771,554728917,"01771M17:01:26.251","01771 16:49:23",237.62,833.90,,,,"     ",5.30,923.48,1.40
1771,554728918,"01771M17:01:27.224","01771 16:49:24",237.63,833.87,,,,"     ",5.30,918.78,1.39
1771,554728919,"01771M17:01:28.197","01771 16:49:25",237.65,833.74,,,,"     ",5.30,927.59,1.40
1771,554728920,"01771M17:01:29.170","01771 16:49:26",237.67,833.75,,,,"     ",5.30,925.33,1.40
1771,554728921,"01771M17:01:30.144","01771 16:49:27",237.70,833.84,,,,"     ",5.30,928.52,1.40
1771,554728922,"01771M17:01:31.117","01771 16:49:28",237.73,833.89,,,,"     ",5.30,929.14,1.40
1771,554728923,"01771M17:01:32.090","01771 16:49:29",237.76,833.86,,,,"     ",5.30,917.39,1.38
1771,554728924,"01771M17:01:33.063","01771 16:49:30",237.77,833.88,,,,"     ",5.30,934.01,1.41
1771,554728925,"01771M17:01:34.037","01771 16:49:31",237.78,833.88,,,,"     ",5.30,923.29,1.39
1771,554728926,"01771M17:01:35.010","01771 16:49:32",237.77,833.87,,,,"     ",5.30,936.42,1.41
1771,554728927,"01771M17:01:35.983","01771 16:49:33",237.76,833.88,,,,"     ",5.30,926.84,1.39
1771,554728928,"01771M17:01:36.956","01771 16:49:34",237.73,833.87,,,,"     ",5.30,940.38,1.41
1771,554728929,"01771M17:01:37.930","01771 16:49:35",237.71,833.87,,,,"     ",5.30,927.15,1.39
1771,554728930,"01771M17:01:38.903","01771 16:49:36",237.69,833.93,,,,"     ",5.30,932.92,1.40
1771,554728931,"01771M17:01:39.876","01771 16:49:37",237.67,833.82,,,,"     ",5.30,929.73,1.39
1771,554728932,"01771M17:01:40.849","01771 16:49:38",237.67,833.90,,,,"     ",5.30,925.39,1.39
1771,554728933,"01771M17:01:41.823","01771 16:49:39",237.66,833.83,,,,"     ",5.30,927.29,1.39
1771,554728934,"01771M17:01:42.796","01771 16:49:40",237.66,833.91,,,,"     ",5.30,935.02,1.40
1771,554728935,"01771M17:01:43.769","01771 16:49:41",237.67,833.94,,,,"     ",5.30,935.93,1.40
1771,554728936,"01771M17:01:44.742","01771 16:49:42",237.68,833.90,,,,"     ",5.30,943.39,1.41
1771,554728937,"01771M17:01:45.716","01771 16:49:43",237.70,833.91,,,,"     ",5.30,942.00,1.41
1771,554728938,"01771M17:01:46.689","01771 16:49:44",237.73,833.87,,,,"     ",5.30,933.27,1.39
1771,554728939,"01771M17:01:47.662","01771 16:49:45",237.76,833.94,,,,"     ",5.30,930.18,1.39
1771,554728940,"01771M17:01:48.635","01771 16:49:46",237.79,833.90,,,,"     ",5.30,935.03,1.40
1771,554728941,"01771M17:01:49.609","01771 16:49:47",237.82,833.90,,,,"     ",5.30,940.94,1.40
1771,554728942,"01771M17:01:50.582","01771 16:49:48",237.86,833.89,,,,"     ",5.30,937.60,1.40
1771,554728943,"01771M17:01:51.555","01771 16:49:48",237.89,833.93,,,,"     ",5.30,932.39,1.39
1771,554728944,"01771M17:01:52.529","01771 16:49:49",237.92,833.86,,,,"     ",5.30,945.21,1.41
1771,554728945,"01771M17:01:53.502","01771 16:49:50",237.96,833.90,,,,"     ",5.30,934.26,1.39
1771,554728946,"01771M17:01:54.475","01771 16:49:51",237.99,833.85,,,,"     ",5.30,937.03,1.40
1771,554728947,"01771M17:01:55.448","01771 16:49:52",238.01,833.88,,,,"     ",5.30,939.17,1.40
1771,554728948,"01771M17:01:56.422","01771 16:49:53",238.03,833.84,,,,"     ",5.30,930.62,1.38
1771,554728949,"01771M17:01:57.395","01771 16:49:54",238.04,833.86,,,,"     ",5.30,933.86,1.39
1771,554728950,"01771M17:01:58.368","01771 16:49:55",238.03,833.80,,,,"     ",5.30,946.62,1.41
1771,554728951,"01771M17:01:59.341","01771 16:49:56",238.02,833.86,,,,"     ",5.30,943.19,1.40
1771,554728952,"01771M17:02:00.315","01771 16:49:57",238.01,833.81,,,,"     ",5.30,933.06,1.39
1771,554728953,"01771M17:02:01.288","01771 16:49:58",238.00,833.86,,,,"     ",5.30,938.66,1.39
1771,554728954,"01771M17:02:02.261","01771 16:49:59",237.98,833.91,,,,"     ",5.30,941.88,1.40
1771,554728955,"01771M17:02:03.234","01771 16:50:00",237.96,833.85,,,,"     ",5.30,938.75,1.39
1771,554728956,"01771M17:02:04.208","01771 16:50:01",237.94,833.84,,,,"     ",5.30,931.63,1.38
1771,554728957,"01771M17:02:05.181","01771 16:50:02",237.93,833.83,,,,"     ",5.30,936.11,1.39
1771,554728958,"01771M17:02:06.154","01771 16:50:03",237.93,833.86,,,,"     ",5.30,934.03,1.39
1771,554728959,"01771M17:02:07.127","01771 16:50:04",237.95,833.93,,,,"     ",5.30,940.64,1.39
1771,554728960,"01771M17:02:08.101","01771 16:50:05",237.97,833.92,,,,"     ",5.30,942.87,1.40
1771,554728961,"01771M17:02:09.074","01771 16:50:06",238.00,833.84,,,,"     ",5.30,952.52,1.41
1771,554728962,"01771M17:02:10.047","01771 16:50:07",238.05,833.89,,,,"     ",5.30,938.73,1.39
1771,554728963,"01771M17:02:11.020","01771 16:50:08",238.08,833.95,,,,"     ",5.30,944.27,1.40
1771,554728964,"01771M17:02:11.994","01771 16:50:09",238.12,833.81,,,,"     ",5.30,943.20,1.40
1771,554728965,"01771M17:02:12.967","01771 16:50:10",238.16,833.84,,,,"     ",5.30,940.12,1.39
1771,554728966,"01771M17:02:13.940","01771 16:50:11",238.19,833.89,,,,"     ",5.30,946.12,1.40
1771,554728967,"01771M17:02:14.913","01771 16:50:12",238.21,833.84,,,,"     ",5.30,939.68,1.39
1771,554728968,"01771M17:02:15.887","01771 16:50:13",238.22,833.78,,,,"     ",5.30,934.89,1.38
1771,554728969,"01771M17:02:16.860","01771 16:50:14",238.22,833.87,,,,"     ",5.30,945.47,1.40
1771,554728970,"01771M17:02:17.833","01771 16:50:15",238.22,833.85,,,,"     ",5.30,954.33,1.41
1771,554728971,"01771M17:02:18.806","01771 16:50:16",238.22,833.78,,,,"     ",5.30,945.67,1.40
1771,554728972,"01771M17:02:19.780","01771 16:50:17",238.21,833.91,,,,"     ",5.30,952.20,1.41
1771,554728973,"01771M17:02:20.753","01771 16:50:18",238.20,833.89,,,,"     ",5.30,943.39,1.39
1771,554728974,"01771M17:02:21.726","01771 16:50:19",238.19,833.82,,,,"     ",5.30,940.60,1.39
1771,554728975,"01771M17:02:22.699","01771 16:50:20",238.17,833.81,,,,"     ",5.30,953.00,1.41
1771,554728976,"01771M17:02:23.673","01771 16:50:21",238.16,833.93,,,,"     ",5.30,942.45,1.39
1771,554728977,"01771M17:02:24.646","01771 16:50:22",238.16,833.90,,,,"     ",5.30,944.89,1.39
1771,554728978,"01771M17:02:25.619","01771 16:50:23",238.16,833.88,,,,"     ",5.30,950.97,1.40
1771,554728979,"01771M17:02:26.592","01771 16:50:24",238.16,833.77,,,,"     ",5.30,946.81,1.40
1771,554728980,"01771M17:02:27.566","01771 16:50:25",238.15,833.82,,,,"     ",5.30,940.64,1.39
1771,554728981,"01771M17:02:28.539","01771 16:50:25",238.16,833.83,,,,"     ",5.30,942.92,1.39
1771,554728982,"01771M17:02:29.512","01771 16:50:26",238.16,833.86,,,,"     ",5.30,950.31,1.40
1771,554728983,"01771M17:02:30.485","01771 16:50:27",238.15,833.92,,,,"     ",5.30,943.64,1.39
1771,554728984,"01771M17:02:31.459","01771 16:50:28",238.16,833.92,,,,"     ",5.30,955.36,1.41
1771,554728985,"01771M17:02:32.432","01771 16:50:29",238.15,833.97,,,,"     ",5.30,948.31,1.40
1771,554728986,"01771M17:02:33.405","01771 16:50:30",238.16,833.90,,,,"     ",5.30,946.60,1.40
1771,554728987,"01771M17:02:34.378","01771 16:50:31",238.16,833.87,,,,"     ",5.30,948.93,1.40
1771,554728988,"01771M17:02:35.352","01771 16:50:32",238.15,833.87,,,,"     ",5.30,948.94,1.40
1771,554728989,"01771M17:02:36.325","01771 16:50:33",238.14,833.90,,,,"     ",5.30,946.40,1.40
1771,554728990,"01771M17:02:37.298","01771 16:50:34",238.14,833.96,,,,"     ",5.30,957.51,1.41
1771,554728991,"01771M17:02:38.271","01771 16:50:35",238.15,833.95,,,,"     ",5.30,950.60,1.40
1771,554728992,"01771M17:02:39.245","01771 16:50:36",238.17,833.97,,,,"     ",5.30,952.42,1.40
1771,554728993,"01771M17:02:40.218","01771 16:50:37",238.18,833.97,,,,"     ",5.30,945.95,1.39
1771,554728994,"01771M17:02:41.191","01771 16:50:38",238.20,833.90,,,,"     ",5.30,954.93,1.41
1771,554728995,"01771M17:02:42.164","01771 16:50:39",238.21,833.89,,,,"     ",5.30,952.07,1.40
1771,554728996,"01771M17:02:43.138","01771 16:50:40",238.21,833.87,,,,"     ",5.30,952.52,1.40
1771,554728997,"01771M17:02:44.111","01771 16:50:41",238.21,833.90,,,,"     ",5.30,947.32,1.40
1771,554728998,"01771M17:02:45.084","01771 16:50:42",238.20,833.78,,,,"     ",5.30,952.16,1.40
1771,554728999,"01771M17:02:46.057","01771 16:50:43",238.18,833.86,,,,"     ",5.30,942.71,1.39
1771,554729000,"01771M17:02:47.031","01771 16:50:44",238.16,833.88,,,,"     ",5.30,955.96,1.41
1771,554729001,"01771M17:02:48.004","01771 16:50:45",238.14,833.90,,,,"     ",5.30,941.47,1.39
1771,554729002,"01771M17:02:48.977","01771 16:50:46",238.13,833.89,,,,"     ",5.30,968.04,1.43
1771,554729003,"01771M17:02:49.950","01771 16:50:47",238.11,833.93,,,,"     ",5.30,956.51,1.41
1771,554729004,"01771M17:02:50.924","01771 16:50:48",238.09,833.91,,,,"     ",5.30,947.31,1.40
1771,554729005,"01771M17:02:51.897","01771 16:50:49",238.07,833.82,,,,"     ",5.30,944.71,1.39
1771,554729006,"01771M17:02:52.870","01771 16:50:50",238.04,833.78,,,,"     ",5.30,957.20,1.41
1771,554729007,"01771M17:02:53.843","01771 16:50:51",238.02,833.92,,,,"     ",5.30,962.82,1.42
1771,554729008,"01771M17:02:54.817","01771 16:50:52",238.00,833.82,,,,"     ",5.30,957.39,1.41
1771,554729009,"01771M17:02:55.790","01771 16:50:53",237.99,833.87,,,,"     ",5.30,936.50,1.38
1771,554729010,"01771M17:02:56.763","01771 16:50:54",238.00,833.91,,,,"     ",5.30,945.02,1.39
1771,554729011,"01771M17:02:57.736","01771 16:50:55",238.00,833.89,,,,"     ",5.30,945.32,1.39
1771,554729012,"01771M17:02:58.710","01771 16:50:56",238.02,833.87,,,,"     ",5.30,948.42,1.40
1771,554729013,"01771M17:02:59.683","01771 16:50:57",238.03,833.89,,,,"     ",5.30,955.53,1.41
1771,554729014,"01771M17:03:00.656","01771 16:50:58",238.04,833.86,,,,"     ",5.30,945.14,1.39
1771,554729015,"01771M17:03:01.630","01771 16:50:59",238.05,833.89,,,,"     ",5.30,956.22,1.41
1771,554729016,"01771M17:03:02.603","01771 16:51:00",238.07,833.77,,,,"     ",5.30,960.81,1.42
1771,554729017,"01771M17:03:03.576","01771 16:51:01",238.09,833.78,,,,"     ",5.30,960.08,1.42
1771,554729018,"01771M17:03:04.549","01771 16:51:02",238.11,833.80,,,,"     ",5.30,950.77,1.40
1771,554729019,"01771M17:03:05.523","01771 16:51:02",238.14,833.86,,,,"     ",5.30,954.16,1.41
1771,554729020,"01771M17:03:06.496","01771 16:51:03",238.16,833.86,,,,"     ",5.30,944.12,1.39
1771,554729021,"01771M17:03:07.469","01771 16:51:04",238.18,833.84,,,,"     ",5.30,947.12,1.40
1771,554729022,"01771M17:03:08.442","01771 16:51:05",238.19,833.89,,,,"     ",5.30,950.42,1.40
1771,554729023,"01771M17:03:09.416","01771 16:51:06",238.19,833.86,,,,"     ",5.30,948.94,1.40
1771,554729024,"01771M17:03:10.389","01771 16:51:07",238.19,833.85,,,,"     ",5.30,955.89,1.41
1771,554729025,"01771M17:03:11.362","01771 16:51:08",238.19,833.84,,,,"     ",5.30,939.58,1.39
1771,554729026,"01771M17:03:12.335","01771 16:51:09",238.18,833.88,,,,"     ",5.30,952.76,1.41
1771,554729027,"01771M17:03:13.309","01771 16:51:10",238.19,833.90,,,,"     ",5.30,949.93,1.40
1771,554729028,"01771M17:03:14.282","01771 16:51:11",238.19,833.87,,,,"     ",5.30,952.02,1.40
1771,554729029,"01771M17:03:15.255","01771 16:51:12",238.20,833.84,,,,"     ",5.30,948.35,1.40
1771,554729030,"01771M17:03:16.228","01771 16:51:13",238.20,833.83,,,,"     ",5.30,954.39,1.41
1771,554729031,"01771M17:03:17.202","01771 16:51:14",238.21,833.75,,,,"     ",5.30,943.63,1.39
1771,554729032,"01771M17:03:18.175","01771 16:51:15",238.22,833.88,,,,"     ",5.30,948.51,1.40
1771,554729033,"01771M17:03:19.148","01771 16:51:16",238.23,833.84,,,,"     ",5.30,952.45,1.41
1771,554729034,"01771M17:03:20.121","01771 16:51:17",238.25,833.76,,,,"     ",5.30,950.46,1.40
1771,554729035,"01771M17:03:21.095","01771 16:51:18",238.26,833.83,,,,"     ",5.30,938.22,1.38
1771,554729036,"01771M17:03:22.068","01771 16:51:19",238.27,833.89,,,,"     ",5.30,941.65,1.39
1771,554729037,"01771M17:03:23.041","01771 16:51:20",238.28,833.85,,,,"     ",5.30,946.11,1.40
1771,554729038,"01771M17:03:24.014","01771 16:51:21",238.28,833.91,,,,"     ",5.30,946.11,1.40
1771,554729039,"01771M17:03:24.988","01771 16:51:22",238.28,833.86,,,,"     ",5.30,952.16,1.41
1771,554729040,"01771M17:03:25.961","01771 16:51:23",238.27,833.90,,,,"     ",5.30,945.88,1.40
1771,554729041,"01771M17:03:26.934","01771 16:51:24",238.24,833.87,,,,"     ",5.30,948.66,1.40
1771,554729042,"01771M17:03:27.907","01771 16:51:25",238.22,833.96,,,,"     ",5.30,956.77,1.41
1771,554729043,"01771M17:03:28.881","01771 16:51:26",238.19,833.92,,,,"     ",5.30,941.96,1.39
1771,554729044,"01771M17:03:29.854","01771 16:51:27",238.15,833.97,,,,"     ",5.30,950.38,1.40
1771,554729045,"01771M17:03:30.827","01771 16:51:28",238.12,833.94,,,,"     ",5.30,963.13,1.42
1771,554729046,"01771M17:03:31.800","01771 16:51:29",238.09,833.81,,,,"     ",5.30,947.38,1.40
1771,554729047,"01771M17:03:32.774","01771 16:51:30",238.06,833.77,,,,"     ",5.30,955.19,1.41
1771,554729048,"01771M17:03:33.747","01771 16:51:31",238.02,833.85,,,,"     ",5.30,953.46,1.41
1771,554729049,"01771M17:03:34.720","01771 16:51:32",237.98,833.88,,,,"     ",5.30,952.47,1.41
1771,554729050,"01771M17:03:35.693","01771 16:51:33",237.94,833.87,,,,"     ",5.30,954.57,1.41
1771,554729051,"01771M17:03:36.667","01771 16:51:34",237.89,833.92,,,,"     ",5.30,937.74,1.39
1771,554729052,"01771M17:03:37.640","01771 16:51:35",237.85,833.83,,,,"     ",5.30,945.54,1.40
1771,554729053,"01771M17:03:38.613","01771 16:51:36",237.83,833.90,,,,"     ",5.30,944.98,1.40
1771,554729054,"01771M17:03:39.586","01771 16:51:37",237.81,833.84,,,,"     ",5.30,948.02,1.40
1771,554729055,"01771M17:03:40.560","01771 16:51:38",237.79,833.85,,,,"     ",5.30,952.45,1.41
1771,554729056,"01771M17:03:41.533","01771 16:51:39",237.79,833.80,,,,"     ",5.30,952.11,1.41
1771,554729057,"01771M17:03:42.506","01771 16:51:39",237.80,833.86,,,,"     ",5.30,941.27,1.39
1771,554729058,"01771M17:03:43.479","01771 16:51:40",237.81,833.87,,,,"     ",5.30,955.30,1.41
1771,554729059,"01771M17:03:44.453","01771 16:51:41",237.82,833.86,,,,"     ",5.30,941.54,1.39
1771,554729060,"01771M17:03:45.426","01771 16:51:42",237.84,833.85,,,,"     ",5.30,948.66,1.40
1771,554729061,"01771M17:03:46.399","01771 16:51:43",237.86,833.76,,,,"     ",5.30,957.76,1.42
1771,554729062,"01771M17:03:47.372","01771 16:51:44",237.88,833.88,,,,"     ",5.30,942.81,1.40
1771,554729063,"01771M17:03:48.346","01771 16:51:45",237.90,833.86,,,,"     ",5.30,953.12,1.41
1771,554729064,"01771M17:03:49.319","01771 16:51:46",237.91,833.90,,,,"     ",5.30,951.39,1.41
1771,554729065,"01771M17:03:50.292","01771 16:51:47",237.92,833.88,,,,"     ",5.30,951.31,1.41
1771,554729066,"01771M17:03:51.265","01771 16:51:48",237.91,833.89,,,,"     ",5.30,951.68,1.41
1771,554729067,"01771M17:03:52.239","01771 16:51:49",237.89,833.87,,,,"     ",5.30,954.43,1.42
1771,554729068,"01771M17:03:53.212","01771 16:51:50",237.87,833.79,,,,"     ",5.30,948.78,1.41
1771,554729069,"01771M17:03:54.185","01771 16:51:51",237.84,833.84,,,,"     ",5.30,937.94,1.39
1771,554729070,"01771M17:03:55.158","01771 16:51:52",237.82,833.82,,,,"     ",5.30,954.44,1.42
1771,554729071,"01771M17:03:56.132","01771 16:51:53",237.81,833.86,,,,"     ",5.30,961.18,1.43
1771,554729072,"01771M17:03:57.105","01771 16:51:54",237.79,833.87,,,,"     ",5.30,943.26,1.40
1771,554729073,"01771M17:03:58.078","01771 16:51:55",237.78,833.97,,,,"     ",5.30,938.14,1.39
1771,554729074,"01771M17:03:59.051","01771 16:51:56",237.77,833.87,,,,"     ",5.30,941.76,1.40
1771,554729075,"01771M17:04:00.025","01771 16:51:57",237.75,833.81,,,,"     ",5.30,948.20,1.41
1771,554729076,"01771M17:04:00.998","01771 16:51:58",237.74,833.79,,,,"     ",5.30,943.21,1.40
1771,554729077,"01771M17:04:01.971","01771 16:51:59",237.74,833.79,,,,"     ",5.30,952.00,1.41
1771,554729078,"01771M17:04:02.944","01771 16:52:00",237.74,833.88,,,,"     ",5.30,957.62,1.42
1771,554729079,"01771M17:04:03.918","01771 16:52:01",237.75,833.89,,,,"     ",5.30,947.90,1.41
1771,554729080,"01771M17:04:04.891","01771 16:52:02",237.77,833.91,,,,"     ",5.30,953.86,1.42
1771,554729081,"01771M17:04:05.864","01771 16:52:03",237.78,833.89,,,,"     ",5.30,950.99,1.41
1771,554729082,"01771M17:04:06.837","01771 16:52:04",237.80,833.91,,,,"     ",5.30,943.20,1.40
1771,554729083,"01771M17:04:07.811","01771 16:52:05",237.81,833.93,,,,"     ",5.30,941.75,1.40
1771,554729084,"01771M17:04:08.784","01771 16:52:06",237.82,833.95,,,,"     ",5.30,946.79,1.41
1771,554729085,"01771M17:04:09.757","01771 16:52:07",237.83,833.88,,,,"     ",5.30,942.76,1.40
1771,554729086,"01771M17:04:10.731","01771 16:52:08",237.83,833.83,,,,"     ",5.30,942.67,1.40
1771,554729087,"01771M17:04:11.704","01771 16:52:09",237.85,833.82,,,,"     ",5.30,947.78,1.41
1771,554729088,"01771M17:04:12.677","01771 16:52:10",237.86,833.84,,,,"     ",5.30,947.22,1.41
1771,554729089,"01771M17:04:13.650","01771 16:52:11",237.87,833.82,,,,"     ",5.30,947.17,1.41
1771,554729090,"01771M17:04:14.624","01771 16:52:12",237.89,833.90,,,,"     ",5.30,951.98,1.42
1771,554729091,"01771M17:04:15.597","01771 16:52:13",237.89,833.89,,,,"     ",5.30,940.90,1.40
1771,554729092,"01771M17:04:16.570","01771 16:52:14",237.90,833.91,,,,"     ",5.30,949.23,1.41
1771,554729093,"01771M17:04:17.543","01771 16:52:15",237.90,833.95,,,,"     ",5.30,933.35,1.39
1771,554729094,"01771M17:04:18.517","01771 16:52:15",237.91,833.93,,,,"     ",5.30,936.36,1.39
1771,554729095,"01771M17:04:19.490","01771 16:52:16",237.92,833.90,,,,"     ",5.30,939.56,1.40
1771,554729096,"01771M17:04:20.463","01771 16:52:17",237.93,833.89,,,,"     ",5.30,938.66,1.40
1771,554729097,"01771M17:04:21.436","01771 16:52:18",237.95,833.88,,,,"     ",5.30,941.31,1.40
1771,554729098,"01771M17:04:22.410","01771 16:52:19",237.96,833.98,,,,"     ",5.30,947.41,1.41
1771,554729099,"01771M17:04:23.383","01771 16:52:20",237.97,833.89,,,,"     ",5.30,939.36,1.40
1771,554729100,"01771M17:04:24.356","01771 16:52:21",237.97,833.85,,,,"     ",5.30,940.23,1.40
1771,554729101,"01771M17:04:25.329","01771 16:52:22",237.97,833.89,,,,"     ",5.30,940.69,1.40
1771,554729102,"01771M17:04:26.303","01771 16:52:23",237.97,833.83,,,,"     ",5.30,955.30,1.43
1771,554729103,"01771M17:04:27.276","01771 16:52:24",237.97,833.90,,,,"     ",5.30,940.03,1.40
1771,554729104,"01771M17:04:28.249","01771 16:52:25",237.97,833.88,,,,"     ",5.30,946.46,1.41
1771,554729105,"01771M17:04:29.222","01771 16:52:26",237.96,833.92,,,,"     ",5.30,944.70,1.41
1771,554729106,"01771M17:04:30.196","01771 16:52:27",237.95,833.92,,,,"     ",5.30,944.34,1.41
1771,554729107,"01771M17:04:31.169","01771 16:52:28",237.93,833.89,,,,"     ",5.30,942.94,1.41
1771,554729108,"01771M17:04:32.142","01771 16:52:29",237.90,833.81,,,,"     ",5.30,945.98,1.41
1771,554729109,"01771M17:04:33.115","01771 16:52:30",237.88,833.86,,,,"     ",5.30,942.97,1.41
1771,554729110,"01771M17:04:34.089","01771 16:52:31",237.86,833.97,,,,"     ",5.30,936.96,1.40
1771,554729111,"01771M17:04:35.062","01771 16:52:32",237.84,834.02,,,,"     ",5.30,933.88,1.40
1771,554729112,"01771M17:04:36.035","01771 16:52:33",237.84,833.97,,,,"     ",5.30,945.98,1.42
1771,554729113,"01771M17:04:37.008","01771 16:52:34",237.84,833.93,,,,"     ",5.30,941.23,1.41
1771,554729114,"01771M17:04:37.982","01771 16:52:35",237.84,833.97,,,,"     ",5.30,941.14,1.41
1771,554729115,"01771M17:04:38.955","01771 16:52:36",237.85,833.96,,,,"     ",5.30,930.93,1.39
1771,554729116,"01771M17:04:39.928","01771 16:52:37",237.86,833.96,,,,"     ",5.30,952.01,1.43
1771,554729117,"01771M17:04:40.901","01771 16:52:38",237.87,833.82,,,,"     ",5.30,944.47,1.42
1771,554729118,"01771M17:04:41.875","01771 16:52:39",237.89,833.97,,,,"     ",5.30,948.30,1.42
1771,554729119,"01771M17:04:42.848","01771 16:52:40",237.91,833.88,,,,"     ",5.30,943.18,1.41
1771,554729120,"01771M17:04:43.821","01771 16:52:41",237.92,833.83,,,,"     ",5.30,940.74,1.41
1771,554729121,"01771M17:04:44.794","01771 16:52:42",237.94,833.85,,,,"     ",5.30,940.72,1.41
1771,554729122,"01771M17:04:45.768","01771 16:52:43",237.96,833.84,,,,"     ",5.30,945.05,1.42
1771,554729123,"01771M17:04:46.741","01771 16:52:44",237.96,833.77,,,,"     ",5.30,945.86,1.42
1771,554729124,"01771M17:04:47.714","01771 16:52:45",237.96,833.91,,,,"     ",5.30,938.04,1.41
1771,554729125,"01771M17:04:48.687","01771 16:52:46",237.95,833.88,,,,"     ",5.30,949.04,1.43
1771,554729126,"01771M17:04:49.661","01771 16:52:47",237.92,833.90,,,,"     ",5.30,942.81,1.42
1771,554729127,"01771M17:04:50.634","01771 16:52:48",237.88,833.87,,,,"     ",5.30,940.44,1.41
1771,554729128,"01771M17:04:51.607","01771 16:52:49",237.85,833.84,,,,"     ",5.30,951.97,1.43
1771,554729129,"01771M17:04:52.580","01771 16:52:50",237.83,833.91,,,,"     ",5.30,941.00,1.41
1771,554729130,"01771M17:04:53.554","01771 16:52:51",237.81,833.95,,,,"     ",5.30,935.02,1.41
1771,554729131,"01771M17:04:54.527","01771 16:52:52",237.79,833.92,,,,"     ",5.30,931.64,1.40
1771,554729132,"01771M17:04:55.500","01771 16:52:52",237.77,833.95,,,,"     ",5.30,936.97,1.41
1771,554729133,"01771M17:04:56.473","01771 16:52:53",237.76,833.95,,,,"     ",5.30,945.62,1.42
1771,554729134,"01771M17:04:57.447","01771 16:52:54",237.75,833.96,,,,"     ",5.30,942.21,1.42
1771,554729135,"01771M17:04:58.420","01771 16:52:55",237.75,833.94,,,,"     ",5.30,942.70,1.42
1771,554729136,"01771M17:04:59.393","01771 16:52:56",237.76,833.88,,,,"     ",5.30,936.09,1.41
1771,554729137,"01771M17:05:00.366","01771 16:52:57",237.77,833.83,,,,"     ",5.30,934.73,1.41
1771,554729138,"01771M17:05:01.340","01771 16:52:58",237.79,833.92,,,,"     ",5.30,930.76,1.40
1771,554729139,"01771M17:05:02.313","01771 16:52:59",237.83,833.87,,,,"     ",5.30,948.80,1.43
1771,554729140,"01771M17:05:03.286","01771 16:53:00",237.87,833.89,,,,"     ",5.30,932.91,1.41
1771,554729141,"01771M17:05:04.259","01771 16:53:01",237.90,833.94,,,,"     ",5.30,941.28,1.42
1771,554729142,"01771M17:05:05.233","01771 16:53:02",237.92,833.92,,,,"     ",5.30,942.01,1.42
1771,554729143,"01771M17:05:06.206","01771 16:53:03",237.93,833.95,,,,"     ",5.30,937.24,1.42
1771,554729144,"01771M17:05:07.179","01771 16:53:04",237.93,833.90,,,,"     ",5.30,927.01,1.40
1771,554729145,"01771M17:05:08.152","01771 16:53:05",237.92,833.91,,,,"     ",5.30,924.78,1.40
1771,554729146,"01771M17:05:09.126","01771 16:53:06",237.90,833.93,,,,"     ",5.30,941.63,1.42
1771,554729147,"01771M17:05:10.099","01771 16:53:07",237.87,833.93,,,,"     ",5.30,937.67,1.42
1771,554729148,"01771M17:05:11.072","01771 16:53:08",237.84,833.94,,,,"     ",5.30,937.48,1.42
1771,554729149,"01771M17:05:12.045","01771 16:53:09",237.81,833.88,,,,"     ",5.30,939.62,1.42
1771,554729150,"01771M17:05:13.019","01771 16:53:10",237.77,834.03,,,,"     ",5.30,931.65,1.41
1771,554729151,"01771M17:05:13.992","01771 16:53:11",237.73,833.90,,,,"     ",5.30,942.04,1.43
1771,554729152,"01771M17:05:14.965","01771 16:53:12",237.70,833.88,,,,"     ",5.30,944.15,1.43
1771,554729153,"01771M17:05:15.938","01771 16:53:13",237.66,833.94,,,,"     ",5.30,926.71,1.41
1771,554729154,"01771M17:05:16.912","01771 16:53:14",237.64,833.90,,,,"     ",5.30,930.24,1.41
1771,554729155,"01771M17:05:17.885","01771 16:53:15",237.62,833.90,,,,"     ",5.30,933.72,1.42
1771,554729156,"01771M17:05:18.858","01771 16:53:16",237.61,833.91,,,,"     ",5.30,921.93,1.40
1771,554729157,"01771M17:05:19.832","01771 16:53:17",237.60,833.87,,,,"     ",5.30,926.79,1.41
1771,554729158,"01771M17:05:20.805","01771 16:53:18",237.60,833.95,,,,"     ",5.30,937.69,1.43
1771,554729159,"01771M17:05:21.778","01771 16:53:19",237.61,833.83,,,,"     ",5.30,929.30,1.41
1771,554729160,"01771M17:05:22.751","01771 16:53:20",237.61,833.86,,,,"     ",5.30,925.22,1.41
1771,554729161,"01771M17:05:23.725","01771 16:53:21",237.61,833.89,,,,"     ",5.30,925.92,1.41
1771,554729162,"01771M17:05:24.698","01771 16:53:22",237.61,833.86,,,,"     ",5.30,938.16,1.43
1771,554729163,"01771M17:05:25.671","01771 16:53:23",237.60,833.87,,,,"     ",5.30,932.74,1.42
1771,554729164,"01771M17:05:26.644","01771 16:53:24",237.60,833.92,,,,"     ",5.30,929.18,1.41
1771,554729165,"01771M17:05:27.618","01771 16:53:25",237.61,833.86,,,,"     ",5.30,927.01,1.41
1771,554729166,"01771M17:05:28.591","01771 16:53:26",237.63,833.87,,,,"     ",5.30,938.98,1.43
1771,554729167,"01771M17:05:29.564","01771 16:53:27",237.64,833.87,,,,"     ",5.30,931.33,1.42
1771,554729168,"01771M17:05:30.537","01771 16:53:28",237.67,833.91,,,,"     ",5.30,928.28,1.42
1771,554729169,"01771M17:05:31.511","01771 16:53:29",237.70,833.97,,,,"     ",5.30,924.28,1.41
1771,554729170,"01771M17:05:32.484","01771 16:53:29",237.73,833.91,,,,"     ",5.30,917.52,1.40
1771,554729171,"01771M17:05:33.457","01771 16:53:30",237.76,833.93,,,,"     ",5.30,925.72,1.41
1771,554729172,"01771M17:05:34.430","01771 16:53:31",237.80,833.92,,,,"     ",5.30,934.45,1.43
1771,554729173,"01771M17:05:35.404","01771 16:53:32",237.83,833.88,,,,"     ",5.30,921.98,1.41
1771,554729174,"01771M17:05:36.377","01771 16:53:33",237.85,833.87,,,,"     ",5.30,928.01,1.42
1771,554729175,"01771M17:05:37.350","01771 16:53:34",237.86,833.88,,,,"     ",5.30,925.67,1.41
1771,554729176,"01771M17:05:38.323","01771 16:53:35",237.87,833.86,,,,"     ",5.30,929.31,1.42
1771,554729177,"01771M17:05:39.297","01771 16:53:36",237.88,833.85,,,,"     ",5.30,933.51,1.43
1771,554729178,"01771M17:05:40.270","01771 16:53:37",237.90,833.86,,,,"     ",5.30,938.55,1.44
1771,554729179,"01771M17:05:41.243","01771 16:53:38",237.91,833.81,,,,"     ",5.30,919.86,1.41
1771,554729180,"01771M17:05:42.216","01771 16:53:39",237.92,833.89,,,,"     ",5.30,936.38,1.43
1771,554729181,"01771M17:05:43.190","01771 16:53:40",237.93,833.86,,,,"     ",5.30,927.34,1.42
1771,554729182,"01771M17:05:44.163","01771 16:53:41",237.93,833.92,,,,"     ",5.30,918.93,1.41
1771,554729183,"01771M17:05:45.136","01771 16:53:42",237.92,833.90,,,,"     ",5.30,936.63,1.43
1771,554729184,"01771M17:05:46.109","01771 16:53:43",237.91,833.89,,,,"     ",5.30,926.23,1.42
1771,554729185,"01771M17:05:47.083","01771 16:53:44",237.90,833.95,,,,"     ",5.30,922.02,1.41
1771,554729186,"01771M17:05:48.056","01771 16:53:45",237.88,833.94,,,,"     ",5.30,927.37,1.42
1771,554729187,"01771M17:05:49.029","01771 16:53:46",237.86,833.97,,,,"     ",5.30,938.68,1.44
1771,554729188,"01771M17:05:50.002","01771 16:53:47",237.83,834.06,,,,"     ",5.30,923.59,1.41
1771,554729189,"01771M17:05:50.976","01771 16:53:48",237.80,833.99,,,,"     ",5.30,929.50,1.42
1771,554729190,"01771M17:05:51.949","01771 16:53:49",237.77,834.09,,,,"     ",5.30,931.79,1.43
1771,554729191,"01771M17:05:52.922","01771 16:53:50",237.73,834.10,,,,"     ",5.30,921.58,1.41
1771,554732578,"01771M18:00:49.332","01771 17:48:47",224.40,836.09,,,,"     ",5.30,,
1771,554732579,"01771M18:00:50.305","01771 17:48:48",224.25,836.11,,,,"     ",5.30,294.78,2.44
1771,554732580,"01771M18:00:51.278","01771 17:48:49",224.12,836.10,,,,"     ",5.30,292.85,2.42
1771,554732581,"01771M18:00:52.251","01771 17:48:50",224.02,836.10,,,,"     ",5.30,294.15,2.42
1771,554732582,"01771M18:00:53.225","01771 17:48:51",223.94,836.11,,,,"     ",5.30,296.06,2.44
1771,554732583,"01771M18:00:54.198","01771 17:48:52",223.88,836.08,,,,"     ",5.30,295.60,2.43
1771,554732584,"01771M18:00:55.171","01771 17:48:53",223.83,836.13,,,,"     ",5.30,296.95,2.43
1771,554732585,"01771M18:00:56.144","01771 17:48:54",223.81,836.12,,,,"     ",5.30,296.62,2.43
1771,554732586,"01771M18:00:57.118","01771 17:48:55",223.81,836.05,,,,"     ",5.30,296.39,2.42
1771,554732587,"01771M18:00:58.091","01771 17:48:56",223.83,836.10,,,,"     ",5.30,298.21,2.43
1771,554732588,"01771M18:00:59.064","01771 17:48:57",223.87,836.13,,,,"     ",5.30,297.42,2.42
1771,554732589,"01771M18:01:00.037","01771 17:48:58",223.94,836.11,,,,"     ",5.30,295.78,2.40
1771,554732590,"01771M18:01:01.011","01771 17:48:59",224.03,836.01,,,,"     ",5.30,295.19,2.40
1771,554732591,"01771M18:01:01.984","01771 17:49:00",224.15,836.07,,,,"     ",5.30,298.99,2.42
1771,554732592,"01771M18:01:02.957","01771 17:49:01",224.26,836.02,,,,"     ",5.30,297.25,2.41
1771,554732593,"01771M18:01:03.930","01771 17:49:02",224.34,836.10,,,,"     ",5.30,297.42,2.41
1771,554732594,"01771M18:01:04.904","01771 17:49:03",224.40,836.06,,,,"     ",5.30,296.82,2.40
1771,554732595,"01771M18:01:05.877","01771 17:49:04",224.45,836.18,,,,"     ",5.30,299.13,2.41
1771,554732596,"01771M18:01:06.850","01771 17:49:05",224.48,836.07,,,,"     ",5.30,298.95,2.41
1771,554732597,"01771M18:01:07.823","01771 17:49:06",224.50,836.01,,,,"     ",5.30,297.99,2.40
1771,554732598,"01771M18:01:08.797","01771 17:49:07",224.52,836.06,,,,"     ",5.30,300.98,2.42
1771,554732599,"01771M18:01:09.770","01771 17:49:08",224.55,836.08,,,,"     ",5.30,300.83,2.42
1771,554732600,"01771M18:01:10.743","01771 17:49:09",224.57,836.08,,,,"     ",5.30,301.11,2.41
1771,554732601,"01771M18:01:11.717","01771 17:49:10",224.57,836.15,,,,"     ",5.30,299.32,2.40
1771,554732602,"01771M18:01:12.690","01771 17:49:10",224.55,836.16,,,,"     ",5.30,299.07,2.39
1771,554732603,"01771M18:01:13.663","01771 17:49:11",224.50,836.15,,,,"     ",5.30,299.70,2.39
1771,554732604,"01771M18:01:14.636","01771 17:49:12",224.44,836.10,,,,"     ",5.30,299.99,2.39
1771,554732605,"01771M18:01:15.610","01771 17:49:13",224.38,836.11,,,,"     ",5.30,300.35,2.39
1771,554732606,"01771M18:01:16.583","01771 17:49:14",224.33,836.13,,,,"     ",5.30,300.23,2.39
1771,554732607,"01771M18:01:17.556","01771 17:49:15",224.27,836.13,,,,"     ",5.30,302.94,2.41
1771,554732608,"01771M18:01:18.529","01771 17:49:16",224.22,836.03,,,,"     ",5.30,299.81,2.38
1771,554732609,"01771M18:01:19.503","01771 17:49:17",224.20,836.15,,,,"     ",5.30,304.57,2.42
1771,554732610,"01771M18:01:20.476","01771 17:49:18",224.20,836.10,,,,"     ",5.30,301.21,2.39
1771,554732611,"01771M18:01:21.449","01771 17:49:19",224.23,836.03,,,,"     ",5.30,303.88,2.41
1771,554732612,"01771M18:01:22.422","01771 17:49:20",224.26,836.02,,,,"     ",5.30,301.68,2.39
1771,554732613,"01771M18:01:23.396","01771 17:49:21",224.32,836.08,,,,"     ",5.30,302.37,2.40
1771,554732614,"01771M18:01:24.369","01771 17:49:22",224.39,836.02,,,,"     ",5.30,300.91,2.38
1771,554732615,"01771M18:01:25.342","01771 17:49:23",224.47,836.10,,,,"     ",5.30,301.61,2.38
1771,554732616,"01771M18:01:26.315","01771 17:49:24",224.57,835.97,,,,"     ",5.30,303.66,2.40
1771,554732617,"01771M18:01:27.289","01771 17:49:25",224.69,835.96,,,,"     ",5.30,303.20,2.39
1771,554732618,"01771M18:01:28.262","01771 17:49:26",224.82,836.02,,,,"     ",5.30,303.39,2.39
1771,554732619,"01771M18:01:29.235","01771 17:49:27",224.95,836.04,,,,"     ",5.30,305.04,2.41
1771,554732620,"01771M18:01:30.208","01771 17:49:28",225.07,836.09,,,,"     ",5.30,300.53,2.37
1771,554732621,"01771M18:01:31.182","01771 17:49:29",225.16,836.05,,,,"     ",5.30,307.00,2.42
1771,554732622,"01771M18:01:32.155","01771 17:49:30",225.21,836.12,,,,"     ",5.30,304.42,2.40
1771,554732623,"01771M18:01:33.128","01771 17:49:31",225.21,836.12,,,,"     ",5.30,305.17,2.40
1771,554732624,"01771M18:01:34.101","01771 17:49:32",225.19,836.15,,,,"     ",5.30,303.32,2.38
1771,554732625,"01771M18:01:35.075","01771 17:49:33",225.15,836.11,,,,"     ",5.30,305.20,2.40
1771,554732626,"01771M18:01:36.048","01771 17:49:34",225.09,836.13,,,,"     ",5.30,304.49,2.39
1771,554732627,"01771M18:01:37.021","01771 17:49:35",225.02,836.15,,,,"     ",5.30,304.22,2.39
1771,554732628,"01771M18:01:37.994","01771 17:49:36",224.94,836.07,,,,"     ",5.30,304.72,2.39
1771,554732629,"01771M18:01:38.968","01771 17:49:37",224.87,836.09,,,,"     ",5.30,304.64,2.39
1771,554732630,"01771M18:01:39.941","01771 17:49:38",224.82,836.08,,,,"     ",5.30,305.40,2.39
1771,554732631,"01771M18:01:40.914","01771 17:49:39",224.78,836.11,,,,"     ",5.30,306.04,2.40
1771,554732632,"01771M18:01:41.887","01771 17:49:40",224.75,836.07,,,,"     ",5.30,307.31,2.41
1771,554732633,"01771M18:01:42.861","01771 17:49:41",224.71,836.12,,,,"     ",5.30,306.80,2.40
1771,554732634,"01771M18:01:43.834","01771 17:49:42",224.68,836.09,,,,"     ",5.30,307.11,2.40
1771,554732635,"01771M18:01:44.807","01771 17:49:43",224.64,836.18,,,,"     ",5.30,306.50,2.40
1771,554732636,"01771M18:01:45.780","01771 17:49:44",224.59,836.22,,,,"     ",5.30,307.57,2.41
1771,554732637,"01771M18:01:46.754","01771 17:49:45",224.52,836.24,,,,"     ",5.30,307.96,2.41
1771,554732638,"01771M18:01:47.727","01771 17:49:46",224.44,836.20,,,,"     ",5.30,308.24,2.41
1771,554732639,"01771M18:01:48.700","01771 17:49:47",224.35,836.15,,,,"     ",5.30,306.43,2.39
1771,554732640,"01771M18:01:49.673","01771 17:49:47",224.27,836.09,,,,"     ",5.30,308.44,2.41
1771,554732641,"01771M18:01:50.647","01771 17:49:48",224.21,836.09,,,,"     ",5.30,309.06,2.41
1771,554732642,"01771M18:01:51.620","01771 17:49:49",224.17,836.14,,,,"     ",5.30,307.87,2.40
1771,554732643,"01771M18:01:52.593","01771 17:49:50",224.15,836.22,,,,"     ",5.30,308.03,2.40
1771,554732644,"01771M18:01:53.566","01771 17:49:51",224.16,836.17,,,,"     ",5.30,304.29,2.37
1771,554732645,"01771M18:01:54.540","01771 17:49:52",224.18,836.13,,,,"     ",5.30,307.25,2.40
1771,554732646,"01771M18:01:55.513","01771 17:49:53",224.23,836.13,,,,"     ",5.30,307.37,2.40
1771,554732647,"01771M18:01:56.486","01771 17:49:54",224.27,836.07,,,,"     ",5.30,307.48,2.40
1771,554732648,"01771M18:01:57.459","01771 17:49:55",224.32,836.07,,,,"     ",5.30,308.79,2.40
1771,554732649,"01771M18:01:58.433","01771 17:49:56",224.39,836.09,,,,"     ",5.30,309.82,2.41
1771,554732650,"01771M18:01:59.406","01771 17:49:57",224.47,836.05,,,,"     ",5.30,307.60,2.39
1771,554732651,"01771M18:02:00.379","01771 17:49:58",224.55,836.15,,,,"     ",5.30,305.92,2.38
1771,554732652,"01771M18:02:01.352","01771 17:49:59",224.62,836.13,,,,"     ",5.30,309.37,2.41
1771,554732653,"01771M18:02:02.326","01771 17:50:00",224.64,836.11,,,,"     ",5.30,307.61,2.39
1771,554732654,"01771M18:02:03.299","01771 17:50:01",224.62,836.10,,,,"     ",5.30,308.42,2.40
1771,554732655,"01771M18:02:04.272","01771 17:50:02",224.58,836.14,,,,"     ",5.30,309.71,2.41
1771,554732656,"01771M18:02:05.245","01771 17:50:03",224.52,836.15,,,,"     ",5.30,307.79,2.39
1771,554732657,"01771M18:02:06.219","01771 17:50:04",224.45,836.18,,,,"     ",5.30,311.67,2.42
1771,554732658,"01771M18:02:07.192","01771 17:50:05",224.37,836.10,,,,"     ",5.30,310.66,2.42
1771,554732659,"01771M18:02:08.165","01771 17:50:06",224.31,836.15,,,,"     ",5.30,310.05,2.41
1771,554732660,"01771M18:02:09.138","01771 17:50:07",224.27,836.09,,,,"     ",5.30,309.23,2.40
1771,554732661,"01771M18:02:10.112","01771 17:50:08",224.24,836.10,,,,"     ",5.30,311.94,2.42
1771,554732662,"01771M18:02:11.085","01771 17:50:09",224.21,836.08,,,,"     ",5.30,310.40,2.41
1771,554732663,"01771M18:02:12.058","01771 17:50:10",224.18,836.09,,,,"     ",5.30,310.11,2.41
1771,554732664,"01771M18:02:13.031","01771 17:50:11",224.15,836.21,,,,"     ",5.30,307.90,2.39
1771,554732665,"01771M18:02:14.005","01771 17:50:12",224.13,836.14,,,,"     ",5.30,313.04,2.43
1771,554732666,"01771M18:02:14.978","01771 17:50:13",224.12,836.13,,,,"     ",5.30,310.92,2.42
1771,554732667,"01771M18:02:15.951","01771 17:50:14",224.12,836.11,,,,"     ",5.30,313.34,2.43
1771,554732668,"01771M18:02:16.924","01771 17:50:15",224.14,836.12,,,,"     ",5.30,309.38,2.40
1771,554732669,"01771M18:02:17.898","01771 17:50:16",224.17,836.07,,,,"     ",5.30,309.46,2.40
1771,554732670,"01771M18:02:18.871","01771 17:50:17",224.21,836.14,,,,"     ",5.30,310.53,2.41
1771,554732671,"01771M18:02:19.844","01771 17:50:18",224.26,836.11,,,,"     ",5.30,313.24,2.43
1771,554732672,"01771M18:02:20.817","01771 17:50:19",224.31,836.10,,,,"     ",5.30,314.38,2.44
1771,554732673,"01771M18:02:21.791","01771 17:50:20",224.36,836.11,,,,"     ",5.30,311.99,2.42
1771,554732674,"01771M18:02:22.764","01771 17:50:21",224.40,836.20,,,,"     ",5.30,312.11,2.42
1771,554732675,"01771M18:02:23.737","01771 17:50:22",224.44,836.16,,,,"     ",5.30,310.50,2.41
1771,554732676,"01771M18:02:24.711","01771 17:50:23",224.46,836.14,,,,"     ",5.30,310.35,2.41
1771,554732677,"01771M18:02:25.684","01771 17:50:23",224.47,836.18,,,,"     ",5.30,310.35,2.41
1771,554732678,"01771M18:02:26.657","01771 17:50:24",224.47,836.17,,,,"     ",5.30,312.14,2.42
1771,554732679,"01771M18:02:27.630","01771 17:50:25",224.47,836.10,,,,"     ",5.30,309.69,2.40
1771,554732680,"01771M18:02:28.604","01771 17:50:26",224.48,836.09,,,,"     ",5.30,310.89,2.41
1771,554732681,"01771M18:02:29.577","01771 17:50:27",224.51,836.17,,,,"     ",5.30,312.76,2.43
1771,554732682,"01771M18:02:30.550","01771 17:50:28",224.54,836.18,,,,"     ",5.30,308.61,2.39
1771,554732683,"01771M18:02:31.523","01771 17:50:29",224.58,836.20,,,,"     ",5.30,311.74,2.42
1771,554732684,"01771M18:02:32.497","01771 17:50:30",224.62,836.15,,,,"     ",5.30,312.37,2.42
1771,554732685,"01771M18:02:33.470","01771 17:50:31",224.66,836.17,,,,"     ",5.30,313.48,2.43
1771,554732686,"01771M18:02:34.443","01771 17:50:32",224.67,836.17,,,,"     ",5.30,310.62,2.41
1771,554732687,"01771M18:02:35.416","01771 17:50:33",224.67,836.12,,,,"     ",5.30,309.94,2.40
1771,554732688,"01771M18:02:36.390","01771 17:50:34",224.66,836.12,,,,"     ",5.30,311.18,2.42
1771,554732689,"01771M18:02:37.363","01771 17:50:35",224.66,836.17,,,,"     ",5.30,313.78,2.44
1771,554732690,"01771M18:02:38.336","01771 17:50:36",224.66,836.13,,,,"     ",5.30,314.18,2.44
1771,554732691,"01771M18:02:39.309","01771 17:50:37",224.66,836.24,,,,"     ",5.30,307.50,2.39
1771,554732692,"01771M18:02:40.283","01771 17:50:38",224.65,836.11,,,,"     ",5.30,314.07,2.44
1771,554732693,"01771M18:02:41.256","01771 17:50:39",224.63,836.14,,,,"     ",5.30,313.26,2.43
1771,554732694,"01771M18:02:42.229","01771 17:50:40",224.60,836.15,,,,"     ",5.30,313.24,2.43
1771,554732695,"01771M18:02:43.202","01771 17:50:41",224.59,836.18,,,,"     ",5.30,312.68,2.43
1771,554732696,"01771M18:02:44.176","01771 17:50:42",224.59,836.12,,,,"     ",5.30,311.63,2.42
1771,554732697,"01771M18:02:45.149","01771 17:50:43",224.62,836.16,,,,"     ",5.30,311.23,2.42
1771,554732698,"01771M18:02:46.122","01771 17:50:44",224.68,836.17,,,,"     ",5.30,313.02,2.43
1771,554732699,"01771M18:02:47.095","01771 17:50:45",224.75,836.16,,,,"     ",5.30,313.86,2.44
1771,554732700,"01771M18:02:48.069","01771 17:50:46",224.82,836.15,,,,"     ",5.30,313.29,2.43
1771,554732701,"01771M18:02:49.042","01771 17:50:47",224.88,836.19,,,,"     ",5.30,314.39,2.44
1771,554732702,"01771M18:02:50.015","01771 17:50:48",224.91,836.17,,,,"     ",5.30,314.65,2.44
1771,554732703,"01771M18:02:50.988","01771 17:50:49",224.90,836.18,,,,"     ",5.30,314.09,2.44
1771,554732704,"01771M18:02:51.962","01771 17:50:50",224.84,836.18,,,,"     ",5.30,311.55,2.42
1771,554732705,"01771M18:02:52.935","01771 17:50:51",224.73,836.17,,,,"     ",5.30,312.50,2.43
1771,554732706,"01771M18:02:53.908","01771 17:50:52",224.59,836.19,,,,"     ",5.30,315.21,2.45
1771,554732707,"01771M18:02:54.881","01771 17:50:53",224.43,836.17,,,,"     ",5.30,314.03,2.44
1771,554732708,"01771M18:02:55.855","01771 17:50:54",224.25,836.22,,,,"     ",5.30,313.49,2.44
1771,554732709,"01771M18:02:56.828","01771 17:50:55",224.10,836.21,,,,"     ",5.30,313.86,2.44
1771,554732710,"01771M18:02:57.801","01771 17:50:56",223.99,836.20,,,,"     ",5.30,312.68,2.43
1771,554732711,"01771M18:02:58.774","01771 17:50:57",223.92,836.24,,,,"     ",5.30,312.65,2.43
1771,554732712,"01771M18:02:59.748","01771 17:50:58",223.89,836.29,,,,"     ",5.30,313.78,2.44
1771,554732713,"01771M18:03:00.721","01771 17:50:59",223.92,836.21,,,,"     ",5.30,311.39,2.42
1771,554732714,"01771M18:03:01.694","01771 17:51:00",224.01,836.14,,,,"     ",5.30,313.90,2.44
1771,554732715,"01771M18:03:02.667","01771 17:51:00",224.15,836.21,,,,"     ",5.30,311.37,2.42
1771,554732716,"01771M18:03:03.641","01771 17:51:01",224.32,836.10,,,,"     ",5.30,313.39,2.44
1771,554732717,"01771M18:03:04.614","01771 17:51:02",224.49,836.23,,,,"     ",5.30,311.02,2.42
1771,554732718,"01771M18:03:05.587","01771 17:51:03",224.65,836.24,,,,"     ",5.30,309.80,2.41
1771,554732719,"01771M18:03:06.560","01771 17:51:04",224.79,836.24,,,,"     ",5.30,309.52,2.40
1771,554732720,"01771M18:03:07.534","01771 17:51:05",224.89,836.22,,,,"     ",5.30,310.39,2.41
1771,554732721,"01771M18:03:08.507","01771 17:51:06",224.96,836.21,,,,"     ",5.30,310.51,2.41
1771,554732722,"01771M18:03:09.480","01771 17:51:07",224.98,836.12,,,,"     ",5.30,311.39,2.42
1771,554732723,"01771M18:03:10.453","01771 17:51:08",224.97,836.19,,,,"     ",5.30,310.21,2.41
1771,554732724,"01771M18:03:11.427","01771 17:51:09",224.92,836.12,,,,"     ",5.30,307.23,2.39
1771,554732725,"01771M18:03:12.400","01771 17:51:10",224.85,836.09,,,,"     ",5.30,310.73,2.42
1771,554732726,"01771M18:03:13.373","01771 17:51:11",224.76,836.14,,,,"     ",5.30,313.30,2.44
1771,554732727,"01771M18:03:14.346","01771 17:51:12",224.68,836.14,,,,"     ",5.30,308.29,2.40
1771,554732728,"01771M18:03:15.320","01771 17:51:13",224.60,836.16,,,,"     ",5.30,309.88,2.41
1771,554732729,"01771M18:03:16.293","01771 17:51:14",224.54,836.16,,,,"     ",5.30,309.80,2.41
1771,554732730,"01771M18:03:17.266","01771 17:51:15",224.49,836.14,,,,"     ",5.30,311.64,2.43
1771,554732731,"01771M18:03:18.239","01771 17:51:16",224.47,836.13,,,,"     ",5.30,307.16,2.39
1771,554732732,"01771M18:03:19.213","01771 17:51:17",224.46,836.20,,,,"     ",5.30,310.57,2.42
1771,554732733,"01771M18:03:20.186","01771 17:51:18",224.44,836.21,,,,"     ",5.30,311.47,2.43
1771,554732734,"01771M18:03:21.159","01771 17:51:19",224.41,836.26,,,,"     ",5.30,308.99,2.41
1771,554732735,"01771M18:03:22.132","01771 17:51:20",224.39,836.24,,,,"     ",5.30,311.49,2.43
1771,554732736,"01771M18:03:23.106","01771 17:51:21",224.37,836.22,,,,"     ",5.30,313.91,2.45
1771,554732737,"01771M18:03:24.079","01771 17:51:22",224.34,836.21,,,,"     ",5.30,310.44,2.42
1771,554732738,"01771M18:03:25.052","01771 17:51:23",224.31,836.23,,,,"     ",5.30,308.54,2.40
1771,554732739,"01771M18:03:26.025","01771 17:51:24",224.28,836.29,,,,"     ",5.30,309.23,2.41
1771,554732740,"01771M18:03:26.999","01771 17:51:25",224.25,836.23,,,,"     ",5.30,310.86,2.42
1771,554732741,"01771M18:03:27.972","01771 17:51:26",224.21,836.25,,,,"     ",5.30,312.54,2.44
1771,554732742,"01771M18:03:28.945","01771 17:51:27",224.16,836.23,,,,"     ",5.30,313.10,2.44
1771,554732743,"01771M18:03:29.918","01771 17:51:28",224.12,836.20,,,,"     ",5.30,312.02,2.43
1771,554732744,"01771M18:03:30.892","01771 17:51:29",224.09,836.17,,,,"     ",5.30,313.00,2.44
1771,554732745,"01771M18:03:31.865","01771 17:51:30",224.09,836.22,,,,"     ",5.30,313.03,2.44
1771,554732746,"01771M18:03:32.838","01771 17:51:31",224.09,836.26,,,,"     ",5.30,312.49,2.44
1771,554732747,"01771M18:03:33.812","01771 17:51:32",224.09,836.26,,,,"     ",5.30,313.48,2.45
1771,554732748,"01771M18:03:34.785","01771 17:51:33",224.08,836.21,,,,"     ",5.30,311.97,2.43
1771,554732749,"01771M18:03:35.758","01771 17:51:34",224.06,836.15,,,,"     ",5.30,312.08,2.44
1771,554732750,"01771M18:03:36.731","01771 17:51:35",224.04,836.15,,,,"     ",5.30,313.31,2.45
1771,554732751,"01771M18:03:37.705","01771 17:51:36",224.02,836.26,,,,"     ",5.30,312.60,2.44
1771,554732752,"01771M18:03:38.678","01771 17:51:37",224.01,836.23,,,,"     ",5.30,311.67,2.43
1771,554732753,"01771M18:03:39.651","01771 17:51:37",224.02,836.20,,,,"     ",5.30,311.42,2.43
1771,554732754,"01771M18:03:40.624","01771 17:51:38",224.03,836.18,,,,"     ",5.30,311.57,2.43
1771,554732755,"01771M18:03:41.598","01771 17:51:39",224.06,836.22,,,,"     ",5.30,312.53,2.44
1771,554732756,"01771M18:03:42.571","01771 17:51:40",224.11,836.23,,,,"     ",5.30,313.30,2.45
1771,554732757,"01771M18:03:43.544","01771 17:51:41",224.17,836.26,,,,"     ",5.30,312.75,2.44
1771,554732758,"01771M18:03:44.517","01771 17:51:42",224.23,836.22,,,,"     ",5.30,312.21,2.44
1771,554732759,"01771M18:03:45.491","01771 17:51:43",224.28,836.26,,,,"     ",5.30,313.04,2.45
1771,554732760,"01771M18:03:46.464","01771 17:51:44",224.32,836.31,,,,"     ",5.30,312.28,2.44
1771,554732761,"01771M18:03:47.437","01771 17:51:45",224.36,836.32,,,,"     ",5.30,312.03,2.44
1771,554732762,"01771M18:03:48.410","01771 17:51:46",224.39,836.33,,,,"     ",5.30,313.24,2.45
1771,554732763,"01771M18:03:49.384","01771 17:51:47",224.43,836.26,,,,"     ",5.30,312.06,2.44
1771,554732764,"01771M18:03:50.357","01771 17:51:48",224.49,836.33,,,,"     ",5.30,314.27,2.46
1771,554732765,"01771M18:03:51.330","01771 17:51:49",224.55,836.23,,,,"     ",5.30,313.61,2.45
1771,554732766,"01771M18:03:52.303","01771 17:51:50",224.59,836.34,,,,"     ",5.30,313.10,2.45
1771,554732767,"01771M18:03:53.277","01771 17:51:51",224.62,836.27,,,,"     ",5.30,312.55,2.45
1771,554732768,"01771M18:03:54.250","01771 17:51:52",224.62,836.29,,,,"     ",5.30,311.49,2.44
1771,554732769,"01771M18:03:55.223","01771 17:51:53",224.60,836.23,,,,"     ",5.30,310.76,2.43
1771,554732770,"01771M18:03:56.196","01771 17:51:54",224.60,836.16,,,,"     ",5.30,311.26,2.44
1771,554732771,"01771M18:03:57.170","01771 17:51:55",224.60,836.25,,,,"     ",5.30,312.95,2.45
1771,554732772,"01771M18:03:58.143","01771 17:51:56",224.60,836.29,,,,"     ",5.30,313.08,2.45
1771,554732773,"01771M18:03:59.116","01771 17:51:57",224.60,836.23,,,,"     ",5.30,315.17,2.47
1771,554732774,"01771M18:04:00.089","01771 17:51:58",224.60,836.23,,,,"     ",5.30,312.58,2.45
1771,554732775,"01771M18:04:01.063","01771 17:51:59",224.61,836.24,,,,"     ",5.30,314.26,2.46
1771,554732776,"01771M18:04:02.036","01771 17:52:00",224.62,836.29,,,,"     ",5.30,309.71,2.43
1771,554732777,"01771M18:04:03.009","01771 17:52:01",224.62,836.26,,,,"     ",5.30,314.73,2.47
1771,554732778,"01771M18:04:03.982","01771 17:52:02",224.61,836.31,,,,"     ",5.30,311.49,2.44
1771,554732779,"01771M18:04:04.956","01771 17:52:03",224.57,836.27,,,,"     ",5.30,311.69,2.44
1771,554732780,"01771M18:04:05.929","01771 17:52:04",224.51,836.23,,,,"     ",5.30,314.25,2.47
1771,554732781,"01771M18:04:06.902","01771 17:52:05",224.47,836.29,,,,"     ",5.30,311.03,2.44
1771,554732782,"01771M18:04:07.875","01771 17:52:06",224.45,836.24,,,,"     ",5.30,313.22,2.46
1771,554732783,"01771M18:04:08.849","01771 17:52:07",224.46,836.25,,,,"     ",5.30,312.16,2.45
1771,554732784,"01771M18:04:09.822","01771 17:52:08",224.49,836.28,,,,"     ",5.30,313.51,2.46
1771,554732785,"01771M18:04:10.795","01771 17:52:09",224.54,836.25,,,,"     ",5.30,314.42,2.47
1771,554732786,"01771M18:04:11.768","01771 17:52:10",224.60,836.28,,,,"     ",5.30,312.37,2.45
1771,554732787,"01771M18:04:12.742","01771 17:52:11",224.67,836.29,,,,"     ",5.30,312.08,2.45
1771,554732788,"01771M18:04:13.715","01771 17:52:12",224.72,836.33,,,,"     ",5.30,313.55,2.46
1771,554732789,"01771M18:04:14.688","01771 17:52:13",224.77,836.33,,,,"     ",5.30,314.03,2.47
1771,554732790,"01771M18:04:15.661","01771 17:52:14",224.81,836.37,,,,"     ",5.30,315.10,2.48
1771,554732791,"01771M18:04:16.635","01771 17:52:14",224.84,836.30,,,,"     ",5.30,312.85,2.46
1771,554732792,"01771M18:04:17.608","01771 17:52:15",224.86,836.19,,,,"     ",5.30,314.43,2.47
1771,554732793,"01771M18:04:18.581","01771 17:52:16",224.88,836.31,,,,"     ",5.30,311.99,2.45
1771,554732794,"01771M18:04:19.554","01771 17:52:17",224.88,836.35,,,,"     ",5.30,314.49,2.47
1771,554732795,"01771M18:04:20.528","01771 17:52:18",224.87,836.31,,,,"     ",5.30,314.43,2.47
1771,554732796,"01771M18:04:21.501","01771 17:52:19",224.85,836.28,,,,"     ",5.30,310.15,2.44
1771,554732797,"01771M18:04:22.474","01771 17:52:20",224.82,836.26,,,,"     ",5.30,312.79,2.46
1771,554732798,"01771M18:04:23.447","01771 17:52:21",224.81,836.31,,,,"     ",5.30,312.89,2.46
1771,554732799,"01771M18:04:24.421","01771 17:52:22",224.78,836.27,,,,"     ",5.30,312.37,2.46
1771,554732800,"01771M18:04:25.394","01771 17:52:23",224.75,836.27,,,,"     ",5.30,312.43,2.46
1771,554732801,"01771M18:04:26.367","01771 17:52:24",224.72,836.24,,,,"     ",5.30,313.10,2.46
1771,554732802,"01771M18:04:27.340","01771 17:52:25",224.69,836.25,,,,"     ",5.30,313.02,2.47
1771,554732803,"01771M18:04:28.314","01771 17:52:26",224.67,836.31,,,,"     ",5.30,311.96,2.46
1771,554732804,"01771M18:04:29.287","01771 17:52:27",224.64,836.33,,,,"     ",5.30,312.31,2.46
1771,554732805,"01771M18:04:30.260","01771 17:52:28",224.62,836.27,,,,"     ",5.30,308.26,2.43
1771,554732806,"01771M18:04:31.233","01771 17:52:29",224.60,836.31,,,,"     ",5.30,313.13,2.47
1771,554732807,"01771M18:04:32.207","01771 17:52:30",224.60,836.41,,,,"     ",5.30,310.55,2.45
1771,554732808,"01771M18:04:33.180","01771 17:52:31",224.61,836.32,,,,"     ",5.30,310.86,2.45
1771,554732809,"01771M18:04:34.153","01771 17:52:32",224.63,836.36,,,,"     ",5.30,313.70,2.47
1771,554732810,"01771M18:04:35.126","01771 17:52:33",224.64,836.31,,,,"     ",5.30,311.59,2.46
1771,554732811,"01771M18:04:36.100","01771 17:52:34",224.65,836.39,,,,"     ",5.30,310.67,2.45
1771,554732812,"01771M18:04:37.073","01771 17:52:35",224.66,836.34,,,,"     ",5.30,310.76,2.45
1771,554732813,"01771M18:04:38.046","01771 17:52:36",224.68,836.39,,,,"     ",5.30,312.77,2.47
1771,554732814,"01771M18:04:39.019","01771 17:52:37",224.71,836.37,,,,"     ",5.30,314.05,2.48
1771,554732815,"01771M18:04:39.993","01771 17:52:38",224.76,836.36,,,,"     ",5.30,311.83,2.46
1771,554732816,"01771M18:04:40.966","01771 17:52:39",224.80,836.37,,,,"     ",5.30,308.72,2.44
1771,554732817,"01771M18:04:41.939","01771 17:52:40",224.82,836.33,,,,"     ",5.30,309.72,2.45
1771,554732818,"01771M18:04:42.913","01771 17:52:41",224.81,836.31,,,,"     ",5.30,309.58,2.44
1771,554732819,"01771M18:04:43.886","01771 17:52:42",224.76,836.27,,,,"     ",5.30,307.35,2.43
1771,554732820,"01771M18:04:44.859","01771 17:52:43",224.69,836.26,,,,"     ",5.30,311.28,2.46
1771,554732821,"01771M18:04:45.832","01771 17:52:44",224.60,836.37,,,,"     ",5.30,309.82,2.45
1771,554732822,"01771M18:04:46.806","01771 17:52:45",224.52,836.34,,,,"     ",5.30,310.35,2.45
1771,554732823,"01771M18:04:47.779","01771 17:52:46",224.45,836.33,,,,"     ",5.30,310.96,2.46
1771,554732824,"01771M18:04:48.752","01771 17:52:47",224.39,836.30,,,,"     ",5.30,311.41,2.46
1771,554732825,"01771M18:04:49.725","01771 17:52:48",224.35,836.32,,,,"     ",5.30,311.94,2.47
1771,554732826,"01771M18:04:50.699","01771 17:52:49",224.32,836.27,,,,"     ",5.30,310.54,2.46
1771,554732827,"01771M18:04:51.672","01771 17:52:50",224.29,836.26,,,,"     ",5.30,310.17,2.45
1771,554732828,"01771M18:04:52.645","01771 17:52:50",224.26,836.40,,,,"     ",5.30,308.26,2.44
1771,554732829,"01771M18:04:53.618","01771 17:52:51",224.24,836.32,,,,"     ",5.30,309.14,2.45
1771,554732830,"01771M18:04:54.592","01771 17:52:52",224.23,836.37,,,,"     ",5.30,311.20,2.46
1771,554732831,"01771M18:04:55.565","01771 17:52:53",224.22,836.37,,,,"     ",5.30,311.09,2.46
1771,554732832,"01771M18:04:56.538","01771 17:52:54",224.24,836.37,,,,"     ",5.30,310.80,2.46
1771,554732833,"01771M18:04:57.511","01771 17:52:55",224.30,836.37,,,,"     ",5.30,312.04,2.47
1771,554732834,"01771M18:04:58.485","01771 17:52:56",224.38,836.35,,,,"     ",5.30,312.75,2.48
1771,554732835,"01771M18:04:59.458","01771 17:52:57",224.46,836.43,,,,"     ",5.30,311.39,2.47
1771,554732836,"01771M18:05:00.431","01771 17:52:58",224.53,836.39,,,,"     ",5.30,311.29,2.47
1771,554732837,"01771M18:05:01.404","01771 17:52:59",224.58,836.38,,,,"     ",5.30,310.99,2.47
1771,554732838,"01771M18:05:02.378","01771 17:53:00",224.64,836.32,,,,"     ",5.30,312.08,2.48
1771,554732839,"01771M18:05:03.351","01771 17:53:01",224.70,836.29,,,,"     ",5.30,309.60,2.46
1771,554732840,"01771M18:05:04.324","01771 17:53:02",224.78,836.37,,,,"     ",5.30,312.51,2.48
1771,554732841,"01771M18:05:05.297","01771 17:53:03",224.87,836.34,,,,"     ",5.30,311.59,2.47
1771,554732842,"01771M18:05:06.271","01771 17:53:04",224.94,836.38,,,,"     ",5.30,310.57,2.47
1771,554732843,"01771M18:05:07.244","01771 17:53:05",225.01,836.31,,,,"     ",5.30,309.98,2.46
1771,554732844,"01771M18:05:08.217","01771 17:53:06",225.04,836.31,,,,"     ",5.30,312.95,2.49
1771,554732845,"01771M18:05:09.190","01771 17:53:07",225.04,836.39,,,,"     ",5.30,308.79,2.45
1771,554732846,"01771M18:05:10.164","01771 17:53:08",225.00,836.38,,,,"     ",5.30,309.99,2.46
1771,554732847,"01771M18:05:11.137","01771 17:53:09",224.94,836.38,,,,"     ",5.30,313.42,2.49
1771,554732848,"01771M18:05:12.110","01771 17:53:10",224.87,836.41,,,,"     ",5.30,313.25,2.49
1771,554732849,"01771M18:05:13.083","01771 17:53:11",224.78,836.42,,,,"     ",5.30,311.27,2.47
1771,554732850,"01771M18:05:14.057","01771 17:53:12",224.70,836.42,,,,"     ",5.30,311.97,2.48
1771,554732851,"01771M18:05:15.030","01771 17:53:13",224.61,836.44,,,,"     ",5.30,310.30,2.47
1771,554732852,"01771M18:05:16.003","01771 17:53:14",224.54,836.42,,,,"     ",5.30,311.23,2.48
1771,554732853,"01771M18:05:16.976","01771 17:53:15",224.49,836.40,,,,"     ",5.30,310.66,2.47
1771,554732854,"01771M18:05:17.950","01771 17:53:16",224.47,836.40,,,,"     ",5.30,313.74,2.50
1771,554732855,"01771M18:05:18.923","01771 17:53:17",224.48,836.40,,,,"     ",5.30,309.82,2.46
1771,554732856,"01771M18:05:19.896","01771 17:53:18",224.52,836.39,,,,"     ",5.30,311.98,2.48
1771,554732857,"01771M18:05:20.869","01771 17:53:19",224.59,836.41,,,,"     ",5.30,312.18,2.49
1771,554732858,"01771M18:05:21.843","01771 17:53:20",224.66,836.41,,,,"     ",5.30,310.18,2.47
1771,554732859,"01771M18:05:22.816","01771 17:53:21",224.72,836.43,,,,"     ",5.30,311.24,2.48
1771,554732860,"01771M18:05:23.789","01771 17:53:22",224.76,836.48,,,,"     ",5.30,311.14,2.48
1771,554732861,"01771M18:05:24.762","01771 17:53:23",224.77,836.39,,,,"     ",5.30,309.66,2.47
1771,554732862,"01771M18:05:25.736","01771 17:53:24",224.76,836.48,,,,"     ",5.30,312.96,2.49
1771,554732863,"01771M18:05:26.709","01771 17:53:25",224.73,836.49,,,,"     ",5.30,310.68,2.47
1771,554732864,"01771M18:05:27.682","01771 17:53:26",224.69,836.42,,,,"     ",5.30,312.86,2.49
1771,554732865,"01771M18:05:28.655","01771 17:53:27",224.65,836.47,,,,"     ",5.30,309.11,2.46
1771,554732866,"01771M18:05:29.629","01771 17:53:27",224.62,836.48,,,,"     ",5.30,311.42,2.48
1771,554732867,"01771M18:05:30.602","01771 17:53:28",224.59,836.42,,,,"     ",5.30,312.79,2.49
1771,554732868,"01771M18:05:31.575","01771 17:53:29",224.57,836.41,,,,"     ",5.30,311.90,2.49
1771,554732869,"01771M18:05:32.548","01771 17:53:30",224.57,836.38,,,,"     ",5.30,309.70,2.47
1771,554732870,"01771M18:05:33.522","01771 17:53:31",224.56,836.36,,,,"     ",5.30,312.24,2.49
1771,554732871,"01771M18:05:34.495","01771 17:53:32",224.56,836.40,,,,"     ",5.30,314.16,2.51
1771,554732872,"01771M18:05:35.468","01771 17:53:33",224.58,836.48,,,,"     ",5.30,311.87,2.49
1771,554732873,"01771M18:05:36.441","01771 17:53:34",224.59,836.44,,,,"     ",5.30,310.57,2.48
1771,554732874,"01771M18:05:37.415","01771 17:53:35",224.60,836.44,,,,"     ",5.30,309.13,2.47
1771,554732875,"01771M18:05:38.388","01771 17:53:36",224.61,836.40,,,,"     ",5.30,313.14,2.50
1771,554732876,"01771M18:05:39.361","01771 17:53:37",224.63,836.42,,,,"     ",5.30,309.99,2.48
1771,554732877,"01771M18:05:40.334","01771 17:53:38",224.65,836.47,,,,"     ",5.30,309.17,2.47
1771,554732878,"01771M18:05:41.308","01771 17:53:39",224.68,836.49,,,,"     ",5.30,310.10,2.48
1771,554732879,"01771M18:05:42.281","01771 17:53:40",224.71,836.38,,,,"     ",5.30,309.19,2.47
1771,554732880,"01771M18:05:43.254","01771 17:53:41",224.75,836.46,,,,"     ",5.30,312.20,2.50
1771,554732881,"01771M18:05:44.227","01771 17:53:42",224.79,836.35,,,,"     ",5.30,311.37,2.49
1771,554732882,"01771M18:05:45.201","01771 17:53:43",224.83,836.35,,,,"     ",5.30,310.05,2.48
1771,554732883,"01771M18:05:46.174","01771 17:53:44",224.88,836.40,,,,"     ",5.30,309.79,2.48
1771,554732884,"01771M18:05:47.147","01771 17:53:45",224.93,836.44,,,,"     ",5.30,309.40,2.47
1771,554732885,"01771M18:05:48.120","01771 17:53:46",224.98,836.47,,,,"     ",5.30,309.30,2.47
1771,554736272,"01771M19:00:44.530","01771 18:48:43",214.94,846.84,,,,"     ",5.30,,
1771,554736273,"01771M19:00:45.503","01771 18:48:44",214.98,846.79,,,,"     ",5.30,116.56,3.64
1771,554736274,"01771M19:00:46.477","01771 18:48:45",215.02,846.87,,,,"     ",5.30,116.96,3.64
1771,554736275,"01771M19:00:47.450","01771 18:48:46",215.07,846.82,,,,"     ",5.30,117.51,3.65
1771,554736276,"01771M19:00:48.423","01771 18:48:47",215.11,846.81,,,,"     ",5.30,116.08,3.59
1771,554736277,"01771M19:00:49.396","01771 18:48:48",215.15,846.86,,,,"     ",5.30,116.88,3.61
1771,554736278,"01771M19:00:50.370","01771 18:48:49",215.19,846.86,,,,"     ",5.30,117.08,3.61
1771,554736279,"01771M19:00:51.343","01771 18:48:50",215.23,846.92,,,,"     ",5.30,116.62,3.59
1771,554736280,"01771M19:00:52.316","01771 18:48:51",215.27,846.90,,,,"     ",5.30,116.79,3.58
1771,554736281,"01771M19:00:53.289","01771 18:48:52",215.30,846.89,,,,"     ",5.30,117.58,3.60
1771,554736282,"01771M19:00:54.263","01771 18:48:53",215.33,846.90,,,,"     ",5.30,117.50,3.59
1771,554736283,"01771M19:00:55.236","01771 18:48:54",215.37,846.78,,,,"     ",5.30,117.84,3.59
1771,554736284,"01771M19:00:56.209","01771 18:48:55",215.40,846.84,,,,"     ",5.30,117.50,3.58
1771,554736285,"01771M19:00:57.182","01771 18:48:56",215.42,846.89,,,,"     ",5.30,118.53,3.60
1771,554736286,"01771M19:00:58.156","01771 18:48:57",215.45,846.86,,,,"     ",5.30,117.57,3.56
1771,554736287,"01771M19:00:59.129","01771 18:48:58",215.48,846.82,,,,"     ",5.30,119.08,3.60
1771,554736288,"01771M19:01:00.102","01771 18:48:59",215.50,846.88,,,,"     ",5.30,118.51,3.58
1771,554736289,"01771M19:01:01.075","01771 18:49:00",215.53,846.86,,,,"     ",5.30,118.38,3.57
1771,554736290,"01771M19:01:02.049","01771 18:49:01",215.56,846.93,,,,"     ",5.30,117.84,3.54
1771,554736291,"01771M19:01:03.022","01771 18:49:02",215.59,846.90,,,,"     ",5.30,118.23,3.55
1771,554736292,"01771M19:01:03.995","01771 18:49:03",215.62,846.96,,,,"     ",5.30,118.85,3.56
1771,554736293,"01771M19:01:04.968","01771 18:49:04",215.61,846.98,,,,"     ",5.30,118.49,3.54
1771,554736294,"01771M19:01:05.942","01771 18:49:05",215.58,847.01,,,,"     ",5.30,119.40,3.57
1771,554736295,"01771M19:01:06.915","01771 18:49:06",215.54,847.06,,,,"     ",5.30,118.25,3.53
1771,554736296,"01771M19:01:07.888","01771 18:49:07",215.49,846.99,,,,"     ",5.30,118.69,3.53
1771,554736297,"01771M19:01:08.861","01771 18:49:08",215.44,847.08,,,,"     ",5.30,118.94,3.53
1771,554736298,"01771M19:01:09.835","01771 18:49:08",215.39,847.10,,,,"     ",5.30,118.47,3.51
1771,554736299,"01771M19:01:10.808","01771 18:49:09",215.34,847.07,,,,"     ",5.30,118.05,3.50
1771,554736300,"01771M19:01:11.781","01771 18:49:10",215.29,847.00,,,,"     ",5.30,119.58,3.54
1771,554736301,"01771M19:01:12.754","01771 18:49:11",215.25,846.98,,,,"     ",5.30,118.63,3.51
1771,554736302,"01771M19:01:13.728","01771 18:49:12",215.20,847.01,,,,"     ",5.30,119.28,3.52
1771,554736303,"01771M19:01:14.701","01771 18:49:13",215.15,847.05,,,,"     ",5.30,118.83,3.50
1771,554736304,"01771M19:01:15.674","01771 18:49:14",215.09,847.05,,,,"     ",5.30,119.23,3.51
1771,554736305,"01771M19:01:16.647","01771 18:49:15",215.04,847.05,,,,"     ",5.30,120.49,3.54
1771,554736306,"01771M19:01:17.621","01771 18:49:16",214.99,847.05,,,,"     ",5.30,119.19,3.50
1771,554736307,"01771M19:01:18.594","01771 18:49:17",214.96,847.05,,,,"     ",5.30,119.50,3.50
1771,554736308,"01771M19:01:19.567","01771 18:49:18",214.95,847.10,,,,"     ",5.30,119.53,3.50
1771,554736309,"01771M19:01:20.540","01771 18:49:19",214.95,846.98,,,,"     ",5.30,119.26,3.49
1771,554736310,"01771M19:01:21.514","01771 18:49:20",214.97,847.00,,,,"     ",5.30,118.89,3.47
1771,554736311,"01771M19:01:22.487","01771 18:49:21",214.99,846.95,,,,"     ",5.30,120.72,3.52
1771,554736312,"01771M19:01:23.460","01771 18:49:22",215.02,847.06,,,,"     ",5.30,119.23,3.47
1771,554736313,"01771M19:01:24.433","01771 18:49:23",215.03,847.05,,,,"     ",5.30,120.26,3.50
1771,554736314,"01771M19:01:25.407","01771 18:49:24",215.04,847.15,,,,"     ",5.30,119.74,3.48
1771,554736315,"01771M19:01:26.380","01771 18:49:25",215.05,847.12,,,,"     ",5.30,120.34,3.50
1771,554736316,"01771M19:01:27.353","01771 18:49:26",215.05,847.11,,,,"     ",5.30,120.85,3.51
1771,554736317,"01771M19:01:28.326","01771 18:49:27",215.04,847.10,,,,"     ",5.30,120.06,3.48
1771,554736318,"01771M19:01:29.300","01771 18:49:28",215.04,847.12,,,,"     ",5.30,120.71,3.50
1771,554736319,"01771M19:01:30.273","01771 18:49:29",215.04,847.12,,,,"     ",5.30,120.58,3.49
1771,554736320,"01771M19:01:31.246","01771 18:49:30",215.05,847.07,,,,"     ",5.30,119.89,3.46
1771,554736321,"01771M19:01:32.219","01771 18:49:31",215.06,847.09,,,,"     ",5.30,121.04,3.49
1771,554736322,"01771M19:01:33.193","01771 18:49:32",215.07,847.19,,,,"     ",5.30,120.64,3.48
1771,554736323,"01771M19:01:34.166","01771 18:49:33",215.09,847.05,,,,"     ",5.30,120.81,3.48
1771,554736324,"01771M19:01:35.139","01771 18:49:34",215.11,847.03,,,,"     ",5.30,120.17,3.46
1771,554736325,"01771M19:01:36.112","01771 18:49:35",215.14,847.10,,,,"     ",5.30,121.02,3.48
1771,554736326,"01771M19:01:37.086","01771 18:49:36",215.17,847.06,,,,"     ",5.30,120.29,3.46
1771,554736327,"01771M19:01:38.059","01771 18:49:37",215.21,847.13,,,,"     ",5.30,120.87,3.47
1771,554736328,"01771M19:01:39.032","01771 18:49:38",215.26,847.16,,,,"     ",5.30,121.03,3.47
1771,554736329,"01771M19:01:40.005","01771 18:49:39",215.31,847.14,,,,"     ",5.30,120.76,3.46
1771,554736330,"01771M19:01:40.979","01771 18:49:40",215.37,847.13,,,,"     ",5.30,120.82,3.46
1771,554736331,"01771M19:01:41.952","01771 18:49:41",215.41,847.10,,,,"     ",5.30,120.32,3.44
1771,554736332,"01771M19:01:42.925","01771 18:49:42",215.46,847.16,,,,"     ",5.30,121.76,3.48
1771,554736333,"01771M19:01:43.898","01771 18:49:43",215.50,847.19,,,,"     ",5.30,120.47,3.44
1771,554736334,"01771M19:01:44.872","01771 18:49:44",215.54,847.05,,,,"     ",5.30,121.95,3.49
1771,554736335,"01771M19:01:45.845","01771 18:49:45",215.57,847.11,,,,"     ",5.30,121.35,3.47
1771,554736336,"01771M19:01:46.818","01771 18:49:45",215.60,847.14,,,,"     ",5.30,121.82,3.48
1771,554736337,"01771M19:01:47.792","01771 18:49:46",215.63,847.11,,,,"     ",5.30,121.74,3.47
1771,554736338,"01771M19:01:48.765","01771 18:49:47",215.64,847.16,,,,"     ",5.30,121.94,3.48
1771,554736339,"01771M19:01:49.738","01771 18:49:48",215.63,847.12,,,,"     ",5.30,122.20,3.48
1771,554736340,"01771M19:01:50.711","01771 18:49:49",215.61,847.24,,,,"     ",5.30,122.34,3.48
1771,554736341,"01771M19:01:51.685","01771 18:49:50",215.58,847.25,,,,"     ",5.30,122.12,3.47
1771,554736342,"01771M19:01:52.658","01771 18:49:51",215.54,847.20,,,,"     ",5.30,122.11,3.47
1771,554736343,"01771M19:01:53.631","01771 18:49:52",215.49,847.18,,,,"     ",5.30,122.03,3.47
1771,554736344,"01771M19:01:54.604","01771 18:49:53",215.44,847.11,,,,"     ",5.30,121.88,3.46
1771,554736345,"01771M19:01:55.578","01771 18:49:54",215.39,847.19,,,,"     ",5.30,121.70,3.45
1771,554736346,"01771M19:01:56.551","01771 18:49:55",215.34,847.30,,,,"     ",5.30,121.55,3.45
1771,554736347,"01771M19:01:57.524","01771 18:49:56",215.29,847.23,,,,"     ",5.30,121.69,3.45
1771,554736348,"01771M19:01:58.497","01771 18:49:57",215.25,847.17,,,,"     ",5.30,121.68,3.45
1771,554736349,"01771M19:01:59.471","01771 18:49:58",215.21,847.19,,,,"     ",5.30,121.89,3.45
1771,554736350,"01771M19:02:00.444","01771 18:49:59",215.17,847.32,,,,"     ",5.30,121.28,3.43
1771,554736351,"01771M19:02:01.417","01771 18:50:00",215.14,847.29,,,,"     ",5.30,122.25,3.46
1771,554736352,"01771M19:02:02.390","01771 18:50:01",215.12,847.22,,,,"     ",5.30,121.59,3.44
1771,554736353,"01771M19:02:03.364","01771 18:50:02",215.11,847.29,,,,"     ",5.30,121.45,3.43
1771,554736354,"01771M19:02:04.337","01771 18:50:03",215.10,847.24,,,,"     ",5.30,121.43,3.43
1771,554736355,"01771M19:02:05.310","01771 18:50:04",215.11,847.29,,,,"     ",5.30,122.36,3.46
1771,554736356,"01771M19:02:06.283","01771 18:50:05",215.13,847.22,,,,"     ",5.30,122.00,3.44
1771,554736357,"01771M19:02:07.257","01771 18:50:06",215.16,847.25,,,,"     ",5.30,121.39,3.43
1771,554736358,"01771M19:02:08.230","01771 18:50:07",215.20,847.30,,,,"     ",5.30,122.71,3.46
1771,554736359,"01771M19:02:09.203","01771 18:50:08",215.25,847.34,,,,"     ",5.30,122.40,3.45
1771,554736360,"01771M19:02:10.176","01771 18:50:09",215.29,847.33,,,,"     ",5.30,121.73,3.43
1771,554736361,"01771M19:02:11.150","01771 18:50:10",215.33,847.34,,,,"     ",5.30,122.37,3.45
1771,554736362,"01771M19:02:12.123","01771 18:50:11",215.37,847.28,,,,"     ",5.30,121.78,3.43
1771,554736363,"01771M19:02:13.096","01771 18:50:12",215.41,847.31,,,,"     ",5.30,121.80,3.43
1771,554736364,"01771M19:02:14.069","01771 18:50:13",215.45,847.34,,,,"     ",5.30,121.56,3.42
1771,554736365,"01771M19:02:15.043","01771 18:50:14",215.49,847.37,,,,"     ",5.30,122.49,3.45
1771,554736366,"01771M19:02:16.016","01771 18:50:15",215.52,847.34,,,,"     ",5.30,121.38,3.41
1771,554736367,"01771M19:02:16.989","01771 18:50:16",215.54,847.33,,,,"     ",5.30,121.09,3.40
1771,554736368,"01771M19:02:17.962","01771 18:50:17",215.55,847.31,,,,"     ",5.30,122.26,3.44
1771,554736369,"01771M19:02:18.936","01771 18:50:18",215.54,847.34,,,,"     ",5.30,121.47,3.41
1771,554736370,"01771M19:02:19.909","01771 18:50:19",215.52,847.30,,,,"     ",5.30,122.83,3.45
1771,554736371,"01771M19:02:20.882","01771 18:50:20",215.49,847.30,,,,"     ",5.30,121.97,3.43
1771,554736372,"01771M19:02:21.855","01771 18:50:21",215.46,847.20,,,,"     ",5.30,122.53,3.44
1771,554736373,"01771M19:02:22.829","01771 18:50:22",215.42,847.33,,,,"     ",5.30,122.28,3.43
1771,554736374,"01771M19:02:23.802","01771 18:50:22",215.39,847.26,,,,"     ",5.30,122.40,3.43
1771,554736375,"01771M19:02:24.775","01771 18:50:23",215.37,847.26,,,,"     ",5.30,121.54,3.41
1771,554736376,"01771M19:02:25.748","01771 18:50:24",215.35,847.25,,,,"     ",5.30,122.15,3.43
1771,554736377,"01771M19:02:26.722","01771 18:50:25",215.34,847.26,,,,"     ",5.30,122.37,3.43
1771,554736378,"01771M19:02:27.695","01771 18:50:26",215.34,847.29,,,,"     ",5.30,122.77,3.44
1771,554736379,"01771M19:02:28.668","01771 18:50:27",215.36,847.35,,,,"     ",5.30,122.14,3.42
1771,554736380,"01771M19:02:29.641","01771 18:50:28",215.39,847.30,,,,"     ",5.30,123.26,3.45
1771,554736381,"01771M19:02:30.615","01771 18:50:29",215.44,847.26,,,,"     ",5.30,123.24,3.45
1771,554736382,"01771M19:02:31.588","01771 18:50:30",215.49,847.42,,,,"     ",5.30,121.99,3.42
1771,554736383,"01771M19:02:32.561","01771 18:50:31",215.55,847.38,,,,"     ",5.30,123.06,3.45
1771,554736384,"01771M19:02:33.534","01771 18:50:32",215.62,847.38,,,,"     ",5.30,123.46,3.46
1771,554736385,"01771M19:02:34.508","01771 18:50:33",215.68,847.37,,,,"     ",5.30,123.04,3.44
1771,554736386,"01771M19:02:35.481","01771 18:50:34",215.75,847.37,,,,"     ",5.30,122.83,3.44
1771,554736387,"01771M19:02:36.454","01771 18:50:35",215.80,847.33,,,,"     ",5.30,123.26,3.45
1771,554736388,"01771M19:02:37.427","01771 18:50:36",215.84,847.37,,,,"     ",5.30,123.33,3.45
1771,554736389,"01771M19:02:38.401","01771 18:50:37",215.87,847.38,,,,"     ",5.30,122.85,3.43
1771,554736390,"01771M19:02:39.374","01771 18:50:38",215.87,847.46,,,,"     ",5.30,123.23,3.44
1771,554736391,"01771M19:02:40.347","01771 18:50:39",215.86,847.47,,,,"     ",5.30,123.61,3.45
1771,554736392,"01771M19:02:41.320","01771 18:50:40",215.83,847.41,,,,"     ",5.30,123.14,3.44
1771,554736393,"01771M19:02:42.294","01771 18:50:41",215.79,847.44,,,,"     ",5.30,123.12,3.44
1771,554736394,"01771M19:02:43.267","01771 18:50:42",215.75,847.47,,,,"     ",5.30,123.14,3.44
1771,554736395,"01771M19:02:44.240","01771 18:50:43",215.70,847.43,,,,"     ",5.30,123.19,3.44
1771,554736396,"01771M19:02:45.213","01771 18:50:44",215.64,847.46,,,,"     ",5.30,123.32,3.44
1771,554736397,"01771M19:02:46.187","01771 18:50:45",215.59,847.47,,,,"     ",5.30,123.91,3.46
1771,554736398,"01771M19:02:47.160","01771 18:50:46",215.54,847.44,,,,"     ",5.30,123.59,3.45
1771,554736399,"01771M19:02:48.133","01771 18:50:47",215.50,847.47,,,,"     ",5.30,123.38,3.44
1771,554736400,"01771M19:02:49.106","01771 18:50:48",215.47,847.51,,,,"     ",5.30,122.07,3.40
1771,554736401,"01771M19:02:50.080","01771 18:50:49",215.46,847.56,,,,"     ",5.30,123.35,3.44
1771,554736402,"01771M19:02:51.053","01771 18:50:50",215.47,847.50,,,,"     ",5.30,124.01,3.46
1771,554736403,"01771M19:02:52.026","01771 18:50:51",215.48,847.48,,,,"     ",5.30,124.11,3.46
1771,554736404,"01771M19:02:52.999","01771 18:50:52",215.51,847.45,,,,"     ",5.30,123.42,3.44
1771,554736405,"01771M19:02:53.973","01771 18:50:53",215.55,847.47,,,,"     ",5.30,122.80,3.42
1771,554736406,"01771M19:02:54.946","01771 18:50:54",215.60,847.52,,,,"     ",5.30,123.73,3.45
1771,554736407,"01771M19:02:55.919","01771 18:50:55",215.65,847.61,,,,"     ",5.30,123.71,3.45
1771,554736408,"01771M19:02:56.893","01771 18:50:56",215.71,847.53,,,,"     ",5.30,123.77,3.45
1771,554736409,"01771M19:02:57.866","01771 18:50:57",215.77,847.48,,,,"     ",5.30,123.43,3.44
1771,554736410,"01771M19:02:58.839","01771 18:50:58",215.83,847.47,,,,"     ",5.30,123.61,3.44
1771,554736411,"01771M19:02:59.812","01771 18:50:58",215.88,847.51,,,,"     ",5.30,123.08,3.42
1771,554736412,"01771M19:03:00.786","01771 18:50:59",215.92,847.53,,,,"     ",5.30,123.43,3.43
1771,554736413,"01771M19:03:01.759","01771 18:51:00",215.96,847.52,,,,"     ",5.30,123.33,3.43
1771,554736414,"01771M19:03:02.732","01771 18:51:01",215.99,847.59,,,,"     ",5.30,123.74,3.44
1771,554736415,"01771M19:03:03.705","01771 18:51:02",216.01,847.56,,,,"     ",5.30,124.69,3.47
1771,554736416,"01771M19:03:04.679","01771 18:51:03",216.03,847.56,,,,"     ",5.30,123.53,3.43
1771,554736417,"01771M19:03:05.652","01771 18:51:04",216.05,847.57,,,,"     ",5.30,123.20,3.42
1771,554736418,"01771M19:03:06.625","01771 18:51:05",216.07,847.57,,,,"     ",5.30,124.61,3.46
1771,554736419,"01771M19:03:07.598","01771 18:51:06",216.09,847.48,,,,"     ",5.30,124.61,3.46
1771,554736420,"01771M19:03:08.572","01771 18:51:07",216.12,847.52,,,,"     ",5.30,123.41,3.43
1771,554736421,"01771M19:03:09.545","01771 18:51:08",216.14,847.63,,,,"     ",5.30,124.40,3.46
1771,554736422,"01771M19:03:10.518","01771 18:51:09",216.16,847.56,,,,"     ",5.30,123.30,3.42
1771,554736423,"01771M19:03:11.491","01771 18:51:10",216.18,847.57,,,,"     ",5.30,123.86,3.44
1771,554736424,"01771M19:03:12.465","01771 18:51:11",216.18,847.62,,,,"     ",5.30,125.09,3.48
1771,554736425,"01771M19:03:13.438","01771 18:51:12",216.17,847.60,,,,"     ",5.30,123.59,3.43
1771,554736426,"01771M19:03:14.411","01771 18:51:13",216.15,847.61,,,,"     ",5.30,124.21,3.45
1771,554736427,"01771M19:03:15.384","01771 18:51:14",216.13,847.61,,,,"     ",5.30,123.97,3.44
1771,554736428,"01771M19:03:16.358","01771 18:51:15",216.10,847.63,,,,"     ",5.30,124.19,3.45
1771,554736429,"01771M19:03:17.331","01771 18:51:16",216.08,847.54,,,,"     ",5.30,124.39,3.45
1771,554736430,"01771M19:03:18.304","01771 18:51:17",216.05,847.54,,,,"     ",5.30,124.95,3.47
1771,554736431,"01771M19:03:19.277","01771 18:51:18",216.03,847.55,,,,"     ",5.30,123.53,3.43
1771,554736432,"01771M19:03:20.251","01771 18:51:19",216.00,847.62,,,,"     ",5.30,123.98,3.44
1771,554736433,"01771M19:03:21.224","01771 18:51:20",215.97,847.63,,,,"     ",5.30,124.97,3.47
1771,554736434,"01771M19:03:22.197","01771 18:51:21",215.94,847.59,,,,"     ",5.30,124.88,3.46
1771,554736435,"01771M19:03:23.170","01771 18:51:22",215.90,847.68,,,,"     ",5.30,124.19,3.44
1771,554736436,"01771M19:03:24.144","01771 18:51:23",215.88,847.64,,,,"     ",5.30,124.03,3.44
1771,554736437,"01771M19:03:25.117","01771 18:51:24",215.85,847.68,,,,"     ",5.30,123.22,3.41
1771,554736438,"01771M19:03:26.090","01771 18:51:25",215.81,847.69,,,,"     ",5.30,124.50,3.45
1771,554736439,"01771M19:03:27.063","01771 18:51:26",215.78,847.68,,,,"     ",5.30,123.93,3.43
1771,554736440,"01771M19:03:28.037","01771 18:51:27",215.74,847.63,,,,"     ",5.30,124.83,3.46
1771,554736441,"01771M19:03:29.010","01771 18:51:28",215.69,847.62,,,,"     ",5.30,124.31,3.44
1771,554736442,"01771M19:03:29.983","01771 18:51:29",215.66,847.62,,,,"     ",5.30,123.97,3.43
1771,554736443,"01771M19:03:30.956","01771 18:51:30",215.63,847.65,,,,"     ",5.30,124.68,3.45
1771,554736444,"01771M19:03:31.930","01771 18:51:31",215.61,847.70,,,,"     ",5.30,124.76,3.46
1771,554736445,"01771M19:03:32.903","01771 18:51:32",215.58,847.69,,,,"     ",5.30,124.18,3.44
1771,554736446,"01771M19:03:33.876","01771 18:51:33",215.57,847.67,,,,"     ",5.30,125.27,3.47
1771,554736447,"01771M19:03:34.849","01771 18:51:34",215.56,847.72,,,,"     ",5.30,124.26,3.44
1771,554736448,"01771M19:03:35.823","01771 18:51:35",215.55,847.74,,,,"     ",5.30,124.20,3.44
1771,554736449,"01771M19:03:36.796","01771 18:51:35",215.55,847.77,,,,"     ",5.30,124.39,3.44
1771,554736450,"01771M19:03:37.769","01771 18:51:36",215.55,847.76,,,,"     ",5.30,124.59,3.45
1771,554736451,"01771M19:03:38.742","01771 18:51:37",215.55,847.77,,,,"     ",5.30,124.20,3.44
1771,554736452,"01771M19:03:39.716","01771 18:51:38",215.55,847.73,,,,"     ",5.30,124.25,3.44
1771,554736453,"01771M19:03:40.689","01771 18:51:39",215.55,847.65,,,,"     ",5.30,124.59,3.45
1771,554736454,"01771M19:03:41.662","01771 18:51:40",215.55,847.69,,,,"     ",5.30,124.30,3.44
1771,554736455,"01771M19:03:42.635","01771 18:51:41",215.57,847.80,,,,"     ",5.30,124.32,3.44
1771,554736456,"01771M19:03:43.609","01771 18:51:42",215.61,847.76,,,,"     ",5.30,124.61,3.45
1771,554736457,"01771M19:03:44.582","01771 18:51:43",215.66,847.75,,,,"     ",5.30,123.56,3.42
1771,554736458,"01771M19:03:45.555","01771 18:51:44",215.72,847.70,,,,"     ",5.30,123.98,3.43
1771,554736459,"01771M19:03:46.528","01771 18:51:45",215.78,847.79,,,,"     ",5.30,124.45,3.44
1771,554736460,"01771M19:03:47.502","01771 18:51:46",215.84,847.76,,,,"     ",5.30,123.88,3.43
1771,554736461,"01771M19:03:48.475","01771 18:51:47",215.90,847.78,,,,"     ",5.30,124.02,3.43
1771,554736462,"01771M19:03:49.448","01771 18:51:48",215.94,847.80,,,,"     ",5.30,124.12,3.43
1771,554736463,"01771M19:03:50.421","01771 18:51:49",215.97,847.76,,,,"     ",5.30,124.72,3.45
1771,554736464,"01771M19:03:51.395","01771 18:51:50",216.00,847.82,,,,"     ",5.30,125.11,3.46
1771,554736465,"01771M19:03:52.368","01771 18:51:51",216.01,847.77,,,,"     ",5.30,124.74,3.45
1771,554736466,"01771M19:03:53.341","01771 18:51:52",216.01,847.75,,,,"     ",5.30,123.77,3.42
1771,554736467,"01771M19:03:54.314","01771 18:51:53",215.99,847.81,,,,"     ",5.30,124.85,3.45
1771,554736468,"01771M19:03:55.288","01771 18:51:54",215.95,847.81,,,,"     ",5.30,124.63,3.45
1771,554736469,"01771M19:03:56.261","01771 18:51:55",215.91,847.85,,,,"     ",5.30,123.89,3.43
1771,554736470,"01771M19:03:57.234","01771 18:51:56",215.87,847.80,,,,"     ",5.30,123.80,3.42
1771,554736471,"01771M19:03:58.207","01771 18:51:57",215.82,847.85,,,,"     ",5.30,124.56,3.45
1771,554736472,"01771M19:03:59.181","01771 18:51:58",215.78,847.76,,,,"     ",5.30,124.33,3.44
1771,554736473,"01771M19:04:00.154","01771 18:51:59",215.74,847.77,,,,"     ",5.30,124.91,3.46
1771,554736474,"01771M19:04:01.127","01771 18:52:00",215.70,847.83,,,,"     ",5.30,124.56,3.44
1771,554736475,"01771M19:04:02.100","01771 18:52:01",215.65,847.86,,,,"     ",5.30,123.89,3.43
1771,554736476,"01771M19:04:03.074","01771 18:52:02",215.60,847.85,,,,"     ",5.30,123.93,3.43
1771,554736477,"01771M19:04:04.047","01771 18:52:03",215.55,847.83,,,,"     ",5.30,124.00,3.43
1771,554736478,"01771M19:04:05.020","01771 18:52:04",215.51,847.77,,,,"     ",5.30,124.42,3.44
1771,554736479,"01771M19:04:05.994","01771 18:52:05",215.47,847.79,,,,"     ",5.30,124.75,3.45
1771,554736480,"01771M19:04:06.967","01771 18:52:06",215.44,847.85,,,,"     ",5.30,124.37,3.44
1771,554736481,"01771M19:04:07.940","01771 18:52:07",215.42,847.83,,,,"     ",5.30,123.96,3.43
1771,554736482,"01771M19:04:08.913","01771 18:52:08",215.41,847.85,,,,"     ",5.30,123.03,3.40
1771,554736483,"01771M19:04:09.887","01771 18:52:09",215.42,847.94,,,,"     ",5.30,124.58,3.45
1771,554736484,"01771M19:04:10.860","01771 18:52:10",215.43,848.02,,,,"     ",5.30,125.20,3.46
1771,554736485,"01771M19:04:11.833","01771 18:52:11",215.46,847.90,,,,"     ",5.30,124.11,3.43
1771,554736486,"01771M19:04:12.806","01771 18:52:12",215.50,847.81,,,,"     ",5.30,124.31,3.44
1771,554736487,"01771M19:04:13.780","01771 18:52:12",215.55,847.90,,,,"     ",5.30,123.87,3.42
1771,554736488,"01771M19:04:14.753","01771 18:52:13",215.59,847.83,,,,"     ",5.30,124.25,3.43
1771,554736489,"01771M19:04:15.726","01771 18:52:14",215.63,847.84,,,,"     ",5.30,123.30,3.41
1771,554736490,"01771M19:04:16.699","01771 18:52:15",215.66,847.86,,,,"     ",5.30,124.92,3.45
1771,554736491,"01771M19:04:17.673","01771 18:52:16",215.69,847.81,,,,"     ",5.30,125.00,3.45
1771,554736492,"01771M19:04:18.646","01771 18:52:17",215.73,847.82,,,,"     ",5.30,124.10,3.43
1771,554736493,"01771M19:04:19.619","01771 18:52:18",215.77,847.84,,,,"     ",5.30,124.26,3.44
1771,554736494,"01771M19:04:20.592","01771 18:52:19",215.80,847.86,,,,"     ",5.30,123.76,3.42
1771,554736495,"01771M19:04:21.566","01771 18:52:20",215.83,847.87,,,,"     ",5.30,124.14,3.43
1771,554736496,"01771M19:04:22.539","01771 18:52:21",215.85,847.79,,,,"     ",5.30,124.87,3.45
1771,554736497,"01771M19:04:23.512","01771 18:52:22",215.88,847.86,,,,"     ",5.30,124.09,3.43
1771,554736498,"01771M19:04:24.485","01771 18:52:23",215.91,847.89,,,,"     ",5.30,124.26,3.43
1771,554736499,"01771M19:04:25.459","01771 18:52:24",215.93,847.86,,,,"     ",5.30,124.52,3.44
1771,554736500,"01771M19:04:26.432","01771 18:52:25",215.95,847.88,,,,"     ",5.30,124.79,3.45
1771,554736501,"01771M19:04:27.405","01771 18:52:26",215.97,847.89,,,,"     ",5.30,124.13,3.43
1771,554736502,"01771M19:04:28.378","01771 18:52:27",215.97,847.85,,,,"     ",5.30,123.94,3.42
1771,554736503,"01771M19:04:29.352","01771 18:52:28",215.95,847.93,,,,"     ",5.30,125.36,3.46
1771,554736504,"01771M19:04:30.325","01771 18:52:29",215.92,847.90,,,,"     ",5.30,124.78,3.45
1771,554736505,"01771M19:04:31.298","01771 18:52:30",215.88,847.85,,,,"     ",5.30,125.04,3.46
1771,554736506,"01771M19:04:32.271","01771 18:52:31",215.84,847.97,,,,"     ",5.30,125.05,3.46
1771,554736507,"01771M19:04:33.245","01771 18:52:32",215.80,847.98,,,,"     ",5.30,124.61,3.44
1771,554736508,"01771M19:04:34.218","01771 18:52:33",215.76,847.95,,,,"     ",5.30,124.20,3.43
1771,554736509,"01771M19:04:35.191","01771 18:52:34",215.73,847.89,,,,"     ",5.30,124.87,3.45
1771,554736510,"01771M19:04:36.164","01771 18:52:35",215.70,847.98,,,,"     ",5.30,124.61,3.44
1771,554736511,"01771M19:04:37.138","01771 18:52:36",215.68,847.98,,,,"     ",5.30,124.71,3.44
1771,554736512,"01771M19:04:38.111","01771 18:52:37",215.66,847.89,,,,"     ",5.30,124.64,3.44
1771,554736513,"01771M19:04:39.084","01771 18:52:38",215.65,847.91,,,,"     ",5.30,124.55,3.44
1771,554736514,"01771M19:04:40.057","01771 18:52:39",215.64,847.93,,,,"     ",5.30,124.48,3.44
1771,554736515,"01771M19:04:41.031","01771 18:52:40",215.65,847.97,,,,"     ",5.30,123.80,3.42
1771,554736516,"01771M19:04:42.004","01771 18:52:41",215.67,847.91,,,,"     ",5.30,125.29,3.46
1771,554736517,"01771M19:04:42.977","01771 18:52:42",215.69,848.04,,,,"     ",5.30,124.46,3.44
1771,554736518,"01771M19:04:43.950","01771 18:52:43",215.73,848.01,,,,"     ",5.30,124.85,3.45
1771,554736519,"01771M19:04:44.924","01771 18:52:44",215.77,848.04,,,,"     ",5.30,124.27,3.43
1771,554736520,"01771M19:04:45.897","01771 18:52:45",215.81,848.01,,,,"     ",5.30,124.22,3.43
1771,554736521,"01771M19:04:46.870","01771 18:52:46",215.87,848.01,,,,"     ",5.30,125.28,3.46
1771,554736522,"01771M19:04:47.843","01771 18:52:47",215.92,847.93,,,,"     ",5.30,124.42,3.44
1771,554736523,"01771M19:04:48.817","01771 18:52:48",215.98,847.97,,,,"     ",5.30,124.84,3.45
1771,554736524,"01771M19:04:49.790","01771 18:52:49",216.02,848.04,,,,"     ",5.30,124.64,3.44
1771,554736525,"01771M19:04:50.763","01771 18:52:49",216.06,848.06,,,,"     ",5.30,124.84,3.45
1771,554736526,"01771M19:04:51.736","01771 18:52:50",216.08,848.09,,,,"     ",5.30,125.53,3.47
1771,554736527,"01771M19:04:52.710","01771 18:52:51",216.09,848.02,,,,"     ",5.30,124.26,3.43
1771,554736528,"01771M19:04:53.683","01771 18:52:52",216.08,848.01,,,,"     ",5.30,124.45,3.44
1771,554736529,"01771M19:04:54.656","01771 18:52:53",216.06,848.05,,,,"     ",5.30,124.78,3.45
1771,554736530,"01771M19:04:55.629","01771 18:52:54",216.02,848.00,,,,"     ",5.30,124.74,3.45
1771,554736531,"01771M19:04:56.603","01771 18:52:55",215.96,848.03,,,,"     ",5.30,125.11,3.46
1771,554736532,"01771M19:04:57.576","01771 18:52:56",215.91,847.99,,,,"     ",5.30,124.55,3.44
1771,554736533,"01771M19:04:58.549","01771 18:52:57",215.85,847.98,,,,"     ",5.30,124.70,3.44
1771,554736534,"01771M19:04:59.522","01771 18:52:58",215.81,848.05,,,,"     ",5.30,125.20,3.46
1771,554736535,"01771M19:05:00.496","01771 18:52:59",215.77,848.05,,,,"     ",5.30,124.53,3.44
1771,554736536,"01771M19:05:01.469","01771 18:53:00",215.75,848.10,,,,"     ",5.30,125.20,3.46
1771,554736537,"01771M19:05:02.442","01771 18:53:01",215.74,848.09,,,,"     ",5.30,124.14,3.43
1771,554736538,"01771M19:05:03.415","01771 18:53:02",215.73,848.08,,,,"     ",5.30,125.47,3.46
1771,554736539,"01771M19:05:04.389","01771 18:53:03",215.73,848.10,,,,"     ",5.30,125.10,3.45
1771,554736540,"01771M19:05:05.362","01771 18:53:04",215.73,848.12,,,,"     ",5.30,124.96,3.45
1771,554736541,"01771M19:05:06.335","01771 18:53:05",215.74,848.13,,,,"     ",5.30,124.65,3.44
1771,554736542,"01771M19:05:07.308","01771 18:53:06",215.75,848.14,,,,"     ",5.30,124.94,3.45
1771,554736543,"01771M19:05:08.282","01771 18:53:07",215.76,848.11,,,,"     ",5.30,124.36,3.43
1771,554736544,"01771M19:05:09.255","01771 18:53:08",215.77,848.10,,,,"     ",5.30,125.61,3.47
1771,554736545,"01771M19:05:10.228","01771 18:53:09",215.78,848.10,,,,"     ",5.30,124.57,3.44
1771,554736546,"01771M19:05:11.201","01771 18:53:10",215.79,848.01,,,,"     ",5.30,124.09,3.42
1771,554736547,"01771M19:05:12.175","01771 18:53:11",215.79,848.19,,,,"     ",5.30,125.07,3.45
1771,554736548,"01771M19:05:13.148","01771 18:53:12",215.78,848.08,,,,"     ",5.30,125.41,3.46
1771,554736549,"01771M19:05:14.121","01771 18:53:13",215.77,848.08,,,,"     ",5.30,124.46,3.44
1771,554736550,"01771M19:05:15.095","01771 18:53:14",215.75,848.16,,,,"     ",5.30,123.97,3.42
1771,554736551,"01771M19:05:16.068","01771 18:53:15",215.74,848.16,,,,"     ",5.30,124.70,3.44
1771,554736552,"01771M19:05:17.041","01771 18:53:16",215.73,848.17,,,,"     ",5.30,124.45,3.43
1771,554736553,"01771M19:05:18.014","01771 18:53:17",215.72,848.24,,,,"     ",5.30,125.08,3.45
1771,554736554,"01771M19:05:18.988","01771 18:53:18",215.71,848.13,,,,"     ",5.30,124.69,3.44
1771,554736555,"01771M19:05:19.961","01771 18:53:19",215.71,848.11,,,,"     ",5.30,124.60,3.44
1771,554736556,"01771M19:05:20.934","01771 18:53:20",215.71,848.08,,,,"     ",5.30,125.28,3.46
1771,554736557,"01771M19:05:21.907","01771 18:53:21",215.72,848.16,,,,"     ",5.30,125.89,3.48
1771,554736558,"01771M19:05:22.881","01771 18:53:22",215.73,848.10,,,,"     ",5.30,124.60,3.44
1771,554736559,"01771M19:05:23.854","01771 18:53:23",215.76,848.15,,,,"     ",5.30,125.46,3.46
1771,554736560,"01771M19:05:24.827","01771 18:53:24",215.79,848.14,,,,"     ",5.30,124.53,3.44
1771,554736561,"01771M19:05:25.800","01771 18:53:25",215.81,848.11,,,,"     ",5.30,125.13,3.45
1771,554736562,"01771M19:05:26.774","01771 18:53:25",215.82,848.19,,,,"     ",5.30,124.79,3.45
1771,554736563,"01771M19:05:27.747","01771 18:53:26",215.83,848.21,,,,"     ",5.30,125.91,3.48
1771,554736564,"01771M19:05:28.720","01771 18:53:27",215.84,848.23,,,,"     ",5.30,124.92,3.45
1771,554736565,"01771M19:05:29.693","01771 18:53:28",215.83,848.21,,,,"     ",5.30,124.78,3.45
1771,554736566,"01771M19:05:30.667","01771 18:53:29",215.83,848.28,,,,"     ",5.30,124.99,3.45
1771,554736567,"01771M19:05:31.640","01771 18:53:30",215.82,848.21,,,,"     ",5.30,125.06,3.45
1771,554736568,"01771M19:05:32.613","01771 18:53:31",215.81,848.16,,,,"     ",5.30,124.93,3.45
1771,554736569,"01771M19:05:33.586","01771 18:53:32",215.79,848.15,,,,"     ",5.30,124.45,3.43
1771,554736570,"01771M19:05:34.560","01771 18:53:33",215.76,848.23,,,,"     ",5.30,125.06,3.45
1771,554736571,"01771M19:05:35.533","01771 18:53:34",215.74,848.22,,,,"     ",5.30,124.85,3.45
1771,554736572,"01771M19:05:36.506","01771 18:53:35",215.71,848.20,,,,"     ",5.30,124.74,3.44
1771,554736573,"01771M19:05:37.479","01771 18:53:36",215.67,848.18,,,,"     ",5.30,124.93,3.45
1771,554736574,"01771M19:05:38.453","01771 18:53:37",215.63,848.20,,,,"     ",5.30,125.63,3.47
1771,554736575,"01771M19:05:39.426","01771 18:53:38",215.59,848.21,,,,"     ",5.30,125.35,3.46
1771,554736576,"01771M19:05:40.399","01771 18:53:39",215.53,848.29,,,,"     ",5.30,125.11,3.45
1771,554736577,"01771M19:05:41.372","01771 18:53:40",215.48,848.27,,,,"     ",5.30,124.87,3.45
1771,554736578,"01771M19:05:42.346","01771 18:53:41",215.42,848.29,,,,"     ",5.30,125.04,3.45
1771,554736579,"01771M19:05:43.319","01771 18:53:42",215.35,848.24,,,,"     ",5.30,124.76,3.44
1771,554736580,"01771M19:05:44.292","01771 18:53:43",214.95,848.21,,,,"     ",5.30,125.67,3.47
1771,554736581,"01771M19:05:45.265","01771 18:53:44",215.00,848.24,,,,"     ",5.30,125.01,3.45
1771,554736582,"01771M19:05:46.239","01771 18:53:45",215.04,848.28,,,,"     ",5.30,123.99,3.42
1771,554736583,"01771M19:05:47.212","01771 18:53:46",215.07,848.26,,,,"     ",5.30,124.57,3.44
1771,554736584,"01771M19:05:48.185","01771 18:53:47",215.10,848.31,,,,"     ",5.30,124.36,3.43
1771,554736585,"01771M19:05:49.158","01771 18:53:48",215.12,848.27,,,,"     ",5.30,124.70,3.44
1771,554736586,"01771M19:05:50.132","01771 18:53:49",215.14,848.30,,,,"     ",5.30,124.99,3.45
1771,554736587,"01771M19:05:51.105","01771 18:53:50",215.14,848.32,,,,"     ",5.30,124.28,3.43
1771,554736588,"01771M19:05:52.078","01771 18:53:51",215.14,848.38,,,,"     ",5.30,124.47,3.44
1771,554736589,"01771M19:05:53.051","01771 18:53:52",215.14,848.24,,,,"     ",5.30,125.39,3.46
1771,554736590,"01771M19:05:54.025","01771 18:53:53",215.12,848.24,,,,"     ",5.30,123.68,3.41
1771,554736591,"01771M19:05:54.998","01771 18:53:54",215.10,848.29,,,,"     ",5.30,124.30,3.43
1771,554736592,"01771M19:05:55.971","01771 18:53:55",215.07,848.25,,,,"     ",5.30,125.50,3.47
1771,554736593,"01771M19:05:56.944","01771 18:53:56",215.02,848.29,,,,"     ",5.30,124.58,3.44
1771,554736594,"01771M19:05:57.918","01771 18:53:57",214.97,848.35,,,,"     ",5.30,125.28,3.46
1771,554736595,"01771M19:05:58.891","01771 18:53:58",214.93,848.29,,,,"     ",5.30,125.40,3.46
1771,554736596,"01771M19:05:59.864","01771 18:53:59",214.90,848.32,,,,"     ",5.30,124.67,3.44
1771,554736597,"01771M19:06:00.837","01771 18:54:00",214.87,848.34,,,,"     ",5.30,125.12,3.46
1771,554736598,"01771M19:06:01.811","01771 18:54:01",214.85,848.40,,,,"     ",5.30,124.82,3.45
1771,554736599,"01771M19:06:02.784","01771 18:54:02",214.82,848.37,,,,"     ",5.30,124.74,3.45
1771,554736600,"01771M19:06:03.757","01771 18:54:02",214.78,848.39,,,,"     ",5.30,125.00,3.45
1771,554736601,"01771M19:06:04.730","01771 18:54:03",214.73,848.35,,,,"     ",5.30,124.78,3.45
1771,554736602,"01771M19:06:05.704","01771 18:54:04",214.68,848.40,,,,"     ",5.30,124.57,3.44
1771,554736603,"01771M19:06:06.677","01771 18:54:05",214.64,848.34,,,,"     ",5.30,124.75,3.45
1771,554736604,"01771M19:06:07.650","01771 18:54:06",214.63,848.30,,,,"     ",5.30,124.89,3.45
1771,554736605,"01771M19:06:08.623","01771 18:54:07",214.65,848.31,,,,"     ",5.30,124.88,3.45
1771,554736606,"01771M19:06:09.597","01771 18:54:08",214.68,848.35,,,,"     ",5.30,125.70,3.47
1771,554736607,"01771M19:06:10.570","01771 18:54:09",214.72,848.35,,,,"     ",5.30,124.84,3.45
1771,554736608,"01771M19:06:11.543","01771 18:54:10",214.77,848.37,,,,"     ",5.30,125.14,3.46
1771,554736609,"01771M19:06:12.516","01771 18:54:11",214.82,848.38,,,,"     ",5.30,124.51,3.44
1771,554736610,"01771M19:06:13.490","01771 18:54:12",214.86,848.48,,,,"     ",5.30,124.87,3.45
1771,554736611,"01771M19:06:14.463","01771 18:54:13",214.89,848.44,,,,"     ",5.30,123.78,3.42
1771,554736612,"01771M19:06:15.436","01771 18:54:14",214.89,848.37,,,,"     ",5.30,123.79,3.42
1771,554736613,"01771M19:06:16.409","01771 18:54:15",214.86,848.35,,,,"     ",5.30,124.88,3.45
1771,554736614,"01771M19:06:17.383","01771 18:54:16",214.83,848.34,,,,"     ",5.30,123.76,3.42
1771,554736615,"01771M19:06:18.356","01771 18:54:17",214.80,848.32,,,,"     ",5.30,124.87,3.45
1771,554736616,"01771M19:06:19.329","01771 18:54:18",214.78,848.41,,,,"     ",5.30,124.43,3.44
1771,554736617,"01771M19:06:20.302","01771 18:54:19",214.79,848.39,,,,"     ",5.30,125.09,3.46
1771,554736618,"01771M19:06:21.276","01771 18:54:20",214.80,848.47,,,,"     ",5.30,124.75,3.45
1771,554736619,"01771M19:06:22.249","01771 18:54:21",214.81,848.41,,,,"     ",5.30,124.45,3.44
1771,554736620,"01771M19:06:23.222","01771 18:54:22",214.84,848.38,,,,"     ",5.30,124.44,3.44
1771,554736621,"01771M19:06:24.196","01771 18:54:23",214.86,848.38,,,,"     ",5.30,124.76,3.45
1771,554736622,"01771M19:06:25.169","01771 18:54:24",214.91,848.36,,,,"     ",5.30,124.96,3.45
1771,554736623,"01771M19:06:26.142","01771 18:54:25",214.99,848.40,,,,"     ",5.30,125.42,3.47
1771,554736624,"01771M19:06:27.115","01771 18:54:26",215.09,848.45,,,,"     ",5.30,124.86,3.45
1771,554736625,"01771M19:06:28.089","01771 18:54:27",215.20,848.36,,,,"     ",5.30,124.96,3.45
1771,554736626,"01771M19:06:29.062","01771 18:54:28",215.32,848.35,,,,"     ",5.30,125.07,3.46
1771,554736627,"01771M19:06:30.035","01771 18:54:29",215.42,848.38,,,,"     ",5.30,124.35,3.44
1771,554736628,"01771M19:06:31.008","01771 18:54:30",215.50,848.37,,,,"     ",5.30,125.35,3.47
1771,554736629,"01771M19:06:31.982","01771 18:54:31",215.54,848.41,,,,"     ",5.30,125.05,3.46
1771,554736630,"01771M19:06:32.955","01771 18:54:32",215.53,848.40,,,,"     ",5.30,124.81,3.45
1771,554736631,"01771M19:06:33.928","01771 18:54:33",215.47,848.38,,,,"     ",5.30,125.33,3.46
1771,554736632,"01771M19:06:34.901","01771 18:54:34",215.38,848.44,,,,"     ",5.30,125.03,3.46
1771,554736633,"01771M19:06:35.875","01771 18:54:35",215.28,848.51,,,,"     ",5.30,124.60,3.44
1771,554736634,"01771M19:06:36.848","01771 18:54:36",215.21,848.48,,,,"     ",5.30,124.83,3.45
1771,554736635,"01771M19:06:37.821","01771 18:54:37",215.16,848.45,,,,"     ",5.30,124.88,3.45
1771,554736636,"01771M19:06:38.794","01771 18:54:38",215.12,848.38,,,,"     ",5.30,125.28,3.46
1771,554736637,"01771M19:06:39.768","01771 18:54:39",215.09,848.38,,,,"     ",5.30,125.15,3.46
1771,554736638,"01771M19:06:40.741","01771 18:54:39",215.05,848.44,,,,"     ",5.30,125.33,3.46
1771,554736639,"01771M19:06:41.714","01771 18:54:40",215.02,848.43,,,,"     ",5.30,124.81,3.45
1771,554736640,"01771M19:06:42.687","01771 18:54:41",215.00,848.45,,,,"     ",5.30,125.52,3.47
1771,554736641,"01771M19:06:43.661","01771 18:54:42",215.00,848.42,,,,"     ",5.30,124.75,3.45
1771,554736642,"01771M19:06:44.634","01771 18:54:43",215.03,848.45,,,,"     ",5.30,125.57,3.47
1771,554736643,"01771M19:06:45.607","01771 18:54:44",215.07,848.42,,,,"     ",5.30,125.42,3.47
1771,554736644,"01771M19:06:46.580","01771 18:54:45",215.10,848.46,,,,"     ",5.30,125.79,3.48
1771,554736645,"01771M19:06:47.554","01771 18:54:46",215.12,848.53,,,,"     ",5.30,125.82,3.48
1771,554736646,"01771M19:06:48.527","01771 18:54:47",215.12,848.48,,,,"     ",5.30,125.28,3.46
1771,554736647,"01771M19:06:49.500","01771 18:54:48",215.10,848.35,,,,"     ",5.30,126.24,3.49
1771,554736648,"01771M19:06:50.473","01771 18:54:49",215.06,848.47,,,,"     ",5.30,125.31,3.46
1771,554736649,"01771M19:06:51.447","01771 18:54:50",215.01,848.46,,,,"     ",5.30,125.55,3.47
1771,554736650,"01771M19:06:52.420","01771 18:54:51",214.97,848.56,,,,"     ",5.30,125.16,3.46
1771,554736651,"01771M19:06:53.393","01771 18:54:52",214.94,848.57,,,,"     ",5.30,126.39,3.49
1771,554736652,"01771M19:06:54.366","01771 18:54:53",214.93,848.64,,,,"     ",5.30,125.35,3.47
1771,554736653,"01771M19:06:55.340","01771 18:54:54",214.96,848.61,,,,"     ",5.30,125.06,3.46
1771,554736654,"01771M19:06:56.313","01771 18:54:55",215.02,848.57,,,,"     ",5.30,125.69,3.48
1771,554736655,"01771M19:06:57.286","01771 18:54:56",215.08,848.65,,,,"     ",5.30,125.82,3.48
1771,554736656,"01771M19:06:58.259","01771 18:54:57",215.12,848.60,,,,"     ",5.30,125.81,3.48
1771,554736657,"01771M19:06:59.233","01771 18:54:58",215.15,848.58,,,,"     ",5.30,125.44,3.47
1771,554736658,"01771M19:07:00.206","01771 18:54:59",215.16,848.56,,,,"     ",5.30,124.83,3.45
1771,554736659,"01771M19:07:01.179","01771 18:55:00",215.18,848.55,,,,"     ",5.30,125.36,3.47
1771,554736660,"01771M19:07:02.152","01771 18:55:01",215.22,848.58,,,,"     ",5.30,125.29,3.46
1771,554736661,"01771M19:07:03.126","01771 18:55:02",215.26,848.51,,,,"     ",5.30,125.26,3.46
1771,554736662,"01771M19:07:04.099","01771 18:55:03",215.29,848.56,,,,"     ",5.30,125.93,3.48
1771,554736663,"01771M19:07:05.072","01771 18:55:04",215.30,848.51,,,,"     ",5.30,125.07,3.46
1771,554736664,"01771M19:07:06.045","01771 18:55:05",215.29,848.55,,,,"     ",5.30,126.54,3.50
1771,554736665,"01771M19:07:07.019","01771 18:55:06",215.25,848.55,,,,"     ",5.30,125.24,3.46
1771,554736666,"01771M19:07:07.992","01771 18:55:07",215.20,848.56,,,,"     ",5.30,125.37,3.46
1771,554736667,"01771M19:07:08.965","01771 18:55:08",215.15,848.53,,,,"     ",5.30,125.11,3.46
1771,554736668,"01771M19:07:09.938","01771 18:55:09",215.12,848.60,,,,"     ",5.30,125.29,3.46
1771,554736669,"01771M19:07:10.912","01771 18:55:10",215.11,848.60,,,,"     ",5.30,126.27,3.49
1771,554736670,"01771M19:07:11.885","01771 18:55:11",215.12,848.56,,,,"     ",5.30,124.99,3.45
1771,554736671,"01771M19:07:12.858","01771 18:55:12",215.16,848.59,,,,"     ",5.30,125.00,3.45
1771,554736672,"01771M19:07:13.831","01771 18:55:13",215.19,848.61,,,,"     ",5.30,125.33,3.46
1771,554736673,"01771M19:07:14.805","01771 18:55:14",215.23,848.56,,,,"     ",5.30,125.88,3.48
1771,554736674,"01771M19:07:15.778","01771 18:55:15",215.27,848.61,,,,"     ",5.30,125.93,3.48
1771,554736675,"01771M19:07:16.751","01771 18:55:15",215.32,848.61,,,,"     ",5.30,125.60,3.47
1771,554736676,"01771M19:07:17.724","01771 18:55:16",215.36,848.64,,,,"     ",5.30,125.73,3.47
1771,554736677,"01771M19:07:18.698","01771 18:55:17",215.40,848.67,,,,"     ",5.30,125.92,3.48
1771,554736678,"01771M19:07:19.671","01771 18:55:18",215.47,848.68,,,,"     ",5.30,126.15,3.49
1771,554736679,"01771M19:07:20.644","01771 18:55:19",215.56,848.61,,,,"     ",5.30,125.83,3.48
1771,554736680,"01771M19:07:21.617","01771 18:55:20",215.67,848.57,,,,"     ",5.30,126.00,3.48
1771,554736681,"01771M19:07:22.591","01771 18:55:21",215.78,848.67,,,,"     ",5.30,126.62,3.50
1771,554736682,"01771M19:07:23.564","01771 18:55:22",215.87,848.67,,,,"     ",5.30,126.86,3.51
1771,554736683,"01771M19:07:24.537","01771 18:55:23",215.92,848.71,,,,"     ",5.30,126.07,3.48
1771,554736684,"01771M19:07:25.510","01771 18:55:24",215.96,848.68,,,,"     ",5.30,126.53,3.50
1771,554736685,"01771M19:07:26.484","01771 18:55:25",215.98,848.72,,,,"     ",5.30,126.21,3.48
1771,554736686,"01771M19:07:27.457","01771 18:55:26",215.99,848.71,,,,"     ",5.30,125.73,3.47
1771,554736687,"01771M19:07:28.430","01771 18:55:27",216.00,848.70,,,,"     ",5.30,126.66,3.50
1771,554736688,"01771M19:07:29.403","01771 18:55:28",216.00,848.72,,,,"     ",5.30,126.54,3.49
1771,554736689,"01771M19:07:30.377","01771 18:55:29",215.98,848.72,,,,"     ",5.30,125.69,3.47
1771,554736690,"01771M19:07:31.350","01771 18:55:30",215.95,848.73,,,,"     ",5.30,126.29,3.49
1771,554736691,"01771M19:07:32.323","01771 18:55:31",215.91,848.78,,,,"     ",5.30,125.96,3.48
1771,554736692,"01771M19:07:33.296","01771 18:55:32",215.87,848.84,,,,"     ",5.30,126.34,3.49
1771,554736693,"01771M19:07:34.270","01771 18:55:33",215.84,848.76,,,,"     ",5.30,126.15,3.48
1771,554736694,"01771M19:07:35.243","01771 18:55:34",215.82,848.77,,,,"     ",5.30,126.38,3.49
1771,554736695,"01771M19:07:36.216","01771 18:55:35",215.83,848.71,,,,"     ",5.30,126.91,3.50
1771,554736696,"01771M19:07:37.190","01771 18:55:36",215.84,848.71,,,,"     ",5.30,126.20,3.48
1771,554736697,"01771M19:07:38.163","01771 18:55:37",215.87,848.72,,,,"     ",5.30,126.55,3.49
1771,554736698,"01771M19:07:39.136","01771 18:55:38",215.89,848.78,,,,"     ",5.30,125.88,3.47
1771,554736699,"01771M19:07:40.109","01771 18:55:39",215.90,848.75,,,,"     ",5.30,126.85,3.50
1771,554736700,"01771M19:07:41.083","01771 18:55:40",215.90,848.69,,,,"     ",5.30,126.01,3.48
1771,554736701,"01771M19:07:42.056","01771 18:55:41",215.88,848.83,,,,"     ",5.30,126.52,3.49
1771,554736702,"01771M19:07:43.029","01771 18:55:42",215.84,848.79,,,,"     ",5.30,126.23,3.48
1771,554736703,"01771M19:07:44.002","01771 18:55:43",215.77,848.81,,,,"     ",5.30,126.57,3.49
1771,554736704,"01771M19:07:44.976","01771 18:55:44",215.69,848.78,,,,"     ",5.30,127.47,3.52
1771,554736705,"01771M19:07:45.949","01771 18:55:45",215.61,848.73,,,,"     ",5.30,126.64,3.49
1771,554736706,"01771M19:07:46.922","01771 18:55:46",215.53,848.71,,,,"     ",5.30,126.52,3.49
1771,554736707,"01771M19:07:47.895","01771 18:55:47",215.47,848.74,,,,"     ",5.30,126.56,3.49
1771,554736708,"01771M19:07:48.869","01771 18:55:48",215.43,848.64,,,,"     ",5.30,126.53,3.49
1771,554736709,"01771M19:07:49.842","01771 18:55:49",215.42,848.70,,,,"     ",5.30,126.33,3.49
1771,554736710,"01771M19:07:50.815","01771 18:55:50",215.43,848.75,,,,"     ",5.30,126.54,3.49
1771,554736711,"01771M19:07:51.788","01771 18:55:51",215.46,848.78,,,,"     ",5.30,126.25,3.48
1771,554736712,"01771M19:07:52.762","01771 18:55:52",215.50,848.73,,,,"     ",5.30,127.14,3.51
1771,554736713,"01771M19:07:53.735","01771 18:55:52",215.55,848.70,,,,"     ",5.30,126.85,3.50
1771,554736714,"01771M19:07:54.708","01771 18:55:53",215.59,848.78,,,,"     ",5.30,127.25,3.51
1771,554736715,"01771M19:07:55.681","01771 18:55:54",215.62,848.86,,,,"     ",5.30,126.24,3.48
1771,554736716,"01771M19:07:56.655","01771 18:55:55",215.64,848.78,,,,"     ",5.30,126.77,3.50
1771,554736717,"01771M19:07:57.628","01771 18:55:56",215.66,848.82,,,,"     ",5.30,125.87,3.47
1771,554736718,"01771M19:07:58.601","01771 18:55:57",215.68,848.81,,,,"     ",5.30,127.35,3.51
1771,554736719,"01771M19:07:59.574","01771 18:55:58",215.71,848.87,,,,"     ",5.30,127.42,3.52
1771,554736720,"01771M19:08:00.548","01771 18:55:59",215.74,848.86,,,,"     ",5.30,126.62,3.49
1771,554736721,"01771M19:08:01.521","01771 18:56:00",215.76,848.84,,,,"     ",5.30,126.69,3.49
1771,554736722,"01771M19:08:02.494","01771 18:56:01",215.76,848.82,,,,"     ",5.30,126.00,3.47
1771,554736723,"01771M19:08:03.467","01771 18:56:02",215.76,848.87,,,,"     ",5.30,126.70,3.49
1771,554736724,"01771M19:08:04.441","01771 18:56:03",215.77,848.90,,,,"     ",5.30,127.19,3.51
1771,554736725,"01771M19:08:05.414","01771 18:56:04",215.77,848.87,,,,"     ",5.30,126.38,3.49
1771,554736726,"01771M19:08:06.387","01771 18:56:05",215.77,848.84,,,,"     ",5.30,126.49,3.49
1771,554736727,"01771M19:08:07.360","01771 18:56:06",215.77,848.84,,,,"     ",5.30,126.61,3.49
1771,554736728,"01771M19:08:08.334","01771 18:56:07",215.77,848.90,,,,"     ",5.30,126.98,3.50
1771,554736729,"01771M19:08:09.307","01771 18:56:08",215.74,848.92,,,,"     ",5.30,126.57,3.49
1771,554736730,"01771M19:08:10.280","01771 18:56:09",215.67,848.82,,,,"     ",5.30,127.48,3.52
1771,554736731,"01771M19:08:11.253","01771 18:56:10",215.59,848.88,,,,"     ",5.30,126.74,3.49
1771,554736732,"01771M19:08:12.227","01771 18:56:11",215.50,848.88,,,,"     ",5.30,127.23,3.51
1771,554736733,"01771M19:08:13.200","01771 18:56:12",215.44,848.88,,,,"     ",5.30,127.06,3.50
1771,554736734,"01771M19:08:14.173","01771 18:56:13",215.40,848.86,,,,"     ",5.30,126.62,3.49
1771,554736735,"01771M19:08:15.146","01771 18:56:14",215.38,848.85,,,,"     ",5.30,127.51,3.52
1771,554736736,"01771M19:08:16.120","01771 18:56:15",215.37,848.80,,,,"     ",5.30,126.81,3.50
1771,554736737,"01771M19:08:17.093","01771 18:56:16",215.37,848.93,,,,"     ",5.30,127.12,3.51
1771,554736738,"01771M19:08:18.066","01771 18:56:17",215.38,848.96,,,,"     ",5.30,127.34,3.51
1771,554736739,"01771M19:08:19.039","01771 18:56:18",215.39,848.97,,,,"     ",5.30,126.96,3.50
1771,554736740,"01771M19:08:20.013","01771 18:56:19",215.42,848.93,,,,"     ",5.30,126.48,3.49
1771,554736741,"01771M19:08:20.986","01771 18:56:20",215.48,848.98,,,,"     ",5.30,126.91,3.50
1771,554736742,"01771M19:08:21.959","01771 18:56:21",215.57,848.94,,,,"     ",5.30,127.70,3.52
1771,554736743,"01771M19:08:22.932","01771 18:56:22",215.71,848.81,,,,"     ",5.30,127.23,3.51
1771,554736744,"01771M19:08:23.906","01771 18:56:23",215.86,848.85,,,,"     ",5.30,126.44,3.48
1771,554736745,"01771M19:08:24.879","01771 18:56:24",216.01,848.90,,,,"     ",5.30,126.67,3.49
1771,554736746,"01771M19:08:25.852","01771 18:56:25",216.13,848.95,,,,"     ",5.30,127.01,3.50
1771,554736747,"01771M19:08:26.825","01771 18:56:26",216.20,848.89,,,,"     ",5.30,127.41,3.51
1771,554736748,"01771M19:08:27.799","01771 18:56:27",216.24,848.96,,,,"     ",5.30,127.49,3.52
1771,554736749,"01771M19:08:28.772","01771 18:56:28",216.24,849.02,,,,"     ",5.30,127.56,3.52
1771,554736750,"01771M19:08:29.745","01771 18:56:29",216.23,848.98,,,,"     ",5.30,126.85,3.50
1771,554736751,"01771M19:08:30.718","01771 18:56:29",216.22,849.00,,,,"     ",5.30,127.38,3.51
1771,554736752,"01771M19:08:31.692","01771 18:56:30",216.19,848.93,,,,"     ",5.30,126.77,3.49
1771,554736753,"01771M19:08:32.665","01771 18:56:31",216.13,848.91,,,,"     ",5.30,127.15,3.51
1771,554736754,"01771M19:08:33.638","01771 18:56:32",216.05,848.94,,,,"     ",5.30,126.38,3.48
1771,554736755,"01771M19:08:34.611","01771 18:56:33",215.95,849.06,,,,"     ",5.30,127.27,3.51
1771,554736756,"01771M19:08:35.585","01771 18:56:34",215.85,849.06,,,,"     ",5.30,126.41,3.49
1771,554736757,"01771M19:08:36.558","01771 18:56:35",215.78,849.00,,,,"     ",5.30,126.51,3.49
1771,554736758,"01771M19:08:37.531","01771 18:56:36",215.77,849.08,,,,"     ",5.30,126.58,3.49
1771,554736759,"01771M19:08:38.504","01771 18:56:37",215.82,849.04,,,,"     ",5.30,126.68,3.49
1771,554736760,"01771M19:08:39.478","01771 18:56:38",215.92,849.03,,,,"     ",5.30,127.04,3.50
1771,554736761,"01771M19:08:40.451","01771 18:56:39",216.05,849.02,,,,"     ",5.30,127.34,3.51
1771,554736762,"01771M19:08:41.424","01771 18:56:40",216.18,849.02,,,,"     ",5.30,127.51,3.52
1771,554736763,"01771M19:08:42.397","01771 18:56:41",216.30,849.04,,,,"     ",5.30,126.26,3.48
1771,554736764,"01771M19:08:43.371","01771 18:56:42",216.37,848.96,,,,"     ",5.30,126.70,3.49
1771,554736765,"01771M19:08:44.344","01771 18:56:43",216.38,848.97,,,,"     ",5.30,127.79,3.52
1771,554736766,"01771M19:08:45.317","01771 18:56:44",216.35,849.04,,,,"     ",5.30,126.92,3.50
1771,554736767,"01771M19:08:46.291","01771 18:56:45",216.29,849.06,,,,"     ",5.30,127.21,3.51
1771,554736768,"01771M19:08:47.264","01771 18:56:46",216.22,849.04,,,,"     ",5.30,127.27,3.51
1771,554736769,"01771M19:08:48.237","01771 18:56:47",216.17,849.05,,,,"     ",5.30,127.06,3.50
1771,554736770,"01771M19:08:49.210","01771 18:56:48",216.13,849.01,,,,"     ",5.30,127.11,3.50
1771,554736771,"01771M19:08:50.184","01771 18:56:49",216.11,849.00,,,,"     ",5.30,127.07,3.50
1771,554736772,"01771M19:08:51.157","01771 18:56:50",216.12,849.09,,,,"     ",5.30,127.01,3.50
1771,554736773,"01771M19:08:52.130","01771 18:56:51",216.15,849.08,,,,"     ",5.30,127.34,3.51
1771,554736774,"01771M19:08:53.103","01771 18:56:52",216.20,849.06,,,,"     ",5.30,127.09,3.50
1771,554736775,"01771M19:08:54.077","01771 18:56:53",216.25,849.07,,,,"     ",5.30,125.72,3.46
1771,554736776,"01771M19:08:55.050","01771 18:56:54",216.30,849.12,,,,"     ",5.30,127.96,3.53
1771,554736777,"01771M19:08:56.023","01771 18:56:55",216.34,849.16,,,,"     ",5.30,127.70,3.52
1771,554736778,"01771M19:08:56.996","01771 18:56:56",216.37,849.06,,,,"     ",5.30,127.06,3.50
1771,554736779,"01771M19:08:57.970","01771 18:56:57",216.39,849.02,,,,"     ",5.30,127.48,3.51
1771,554736780,"01771M19:08:58.943","01771 18:56:58",216.41,849.02,,,,"     ",5.30,127.49,3.51
1771,554736781,"01771M19:08:59.916","01771 18:56:59",216.41,849.06,,,,"     ",5.30,128.30,3.54
1771,554736782,"01771M19:09:00.889","01771 18:57:00",216.39,849.01,,,,"     ",5.30,127.44,3.51
1771,554736783,"01771M19:09:01.863","01771 18:57:01",216.35,849.13,,,,"     ",5.30,127.57,3.52
1771,554736784,"01771M19:09:02.836","01771 18:57:02",216.29,849.17,,,,"     ",5.30,127.27,3.51
1771,554736785,"01771M19:09:03.809","01771 18:57:03",216.22,849.21,,,,"     ",5.30,128.26,3.54
1771,554736786,"01771M19:09:04.782","01771 18:57:04",216.15,849.10,,,,"     ",5.30,128.41,3.54
1771,554736787,"01771M19:09:05.756","01771 18:57:05",216.09,849.13,,,,"     ",5.30,128.02,3.53
1771,554736788,"01771M19:09:06.729","01771 18:57:06",216.05,849.03,,,,"     ",5.30,127.96,3.53
1771,554736789,"01771M19:09:07.702","01771 18:57:06",216.05,849.13,,,,"     ",5.30,127.41,3.51
1771,554736790,"01771M19:09:08.675","01771 18:57:07",216.07,849.17,,,,"     ",5.30,126.88,3.49
1771,554736791,"01771M19:09:09.649","01771 18:57:08",216.13,849.19,,,,"     ",5.30,128.40,3.54
1771,554736792,"01771M19:09:10.622","01771 18:57:09",216.22,849.24,,,,"     ",5.30,127.84,3.52
1771,554736793,"01771M19:09:11.595","01771 18:57:10",216.32,849.27,,,,"     ",5.30,126.94,3.50
1771,554736794,"01771M19:09:12.568","01771 18:57:11",216.43,849.24,,,,"     ",5.30,128.05,3.53
1771,554736795,"01771M19:09:13.542","01771 18:57:12",216.52,849.14,,,,"     ",5.30,129.40,3.57
1771,554736796,"01771M19:09:14.515","01771 18:57:13",216.60,849.18,,,,"     ",5.30,128.88,3.55
1771,554736797,"01771M19:09:15.488","01771 18:57:14",216.65,849.23,,,,"     ",5.30,128.15,3.53
1771,554736798,"01771M19:09:16.461","01771 18:57:15",216.68,849.18,,,,"     ",5.30,127.88,3.52
1771,554736799,"01771M19:09:17.435","01771 18:57:16",216.69,849.28,,,,"     ",5.30,127.83,3.52
1771,554736800,"01771M19:09:18.408","01771 18:57:17",216.67,849.21,,,,"     ",5.30,127.48,3.51
1771,554736801,"01771M19:09:19.381","01771 18:57:18",216.63,849.22,,,,"     ",5.30,128.15,3.53
1771,554736802,"01771M19:09:20.354","01771 18:57:19",216.57,849.24,,,,"     ",5.30,127.67,3.52
1771,554736803,"01771M19:09:21.328","01771 18:57:20",216.50,849.17,,,,"     ",5.30,128.30,3.54
1771,554736804,"01771M19:09:22.301","01771 18:57:21",216.42,849.16,,,,"     ",5.30,127.97,3.53
1771,554736805,"01771M19:09:23.274","01771 18:57:22",216.34,849.23,,,,"     ",5.30,127.00,3.50
1771,554736806,"01771M19:09:24.247","01771 18:57:23",216.25,849.26,,,,"     ",5.30,127.86,3.52
1771,554736807,"01771M19:09:25.221","01771 18:57:24",216.16,849.21,,,,"     ",5.30,127.70,3.52
1771,554736808,"01771M19:09:26.194","01771 18:57:25",216.10,849.23,,,,"     ",5.30,127.51,3.51
1771,554736809,"01771M19:09:27.167","01771 18:57:26",216.07,849.28,,,,"     ",5.30,128.22,3.53
1771,554736810,"01771M19:09:28.140","01771 18:57:27",216.08,849.23,,,,"     ",5.30,127.98,3.52
1771,554736811,"01771M19:09:29.114","01771 18:57:28",216.14,849.28,,,,"     ",5.30,127.85,3.52
1771,554736812,"01771M19:09:30.087","01771 18:57:29",216.21,849.27,,,,"     ",5.30,128.63,3.54
1771,554736813,"01771M19:09:31.060","01771 18:57:30",216.30,849.28,,,,"     ",5.30,127.41,3.51
1771,554736814,"01771M19:09:32.033","01771 18:57:31",216.39,849.33,,,,"     ",5.30,127.92,3.52
1771,554736815,"01771M19:09:33.007","01771 18:57:32",216.45,849.28,,,,"     ",5.30,127.70,3.52
1771,554736816,"01771M19:09:33.980","01771 18:57:33",216.49,849.33,,,,"     ",5.30,128.16,3.53
1771,554736817,"01771M19:09:34.953","01771 18:57:34",216.51,849.33,,,,"     ",5.30,127.73,3.52
1771,554736818,"01771M19:09:35.926","01771 18:57:35",216.51,849.35,,,,"     ",5.30,127.87,3.52
1771,554736819,"01771M19:09:36.900","01771 18:57:36",216.51,849.30,,,,"     ",5.30,128.23,3.53
1771,554736820,"01771M19:09:37.873","01771 18:57:37",216.52,849.26,,,,"     ",5.30,127.70,3.52
1771,554736821,"01771M19:09:38.846","01771 18:57:38",216.52,849.26,,,,"     ",5.30,128.13,3.53
1771,554736822,"01771M19:09:39.819","01771 18:57:39",216.54,849.31,,,,"     ",5.30,127.74,3.52
1771,554736823,"01771M19:09:40.793","01771 18:57:40",216.55,849.29,,,,"     ",5.30,127.64,3.51
1771,554736824,"01771M19:09:41.766","01771 18:57:41",216.56,849.22,,,,"     ",5.30,127.51,3.51
1771,554736825,"01771M19:09:42.739","01771 18:57:42",216.55,849.23,,,,"     ",5.30,127.50,3.51
1771,554736826,"01771M19:09:43.712","01771 18:57:42",216.51,849.37,,,,"     ",5.30,127.43,3.51
1771,554736827,"01771M19:09:44.686","01771 18:57:43",216.47,849.33,,,,"     ",5.30,127.64,3.52
1771,554736828,"01771M19:09:45.659","01771 18:57:44",216.43,849.34,,,,"     ",5.30,127.29,3.50
1771,554736829,"01771M19:09:46.632","01771 18:57:45",216.38,849.27,,,,"     ",5.30,126.84,3.49
1771,554736830,"01771M19:09:47.605","01771 18:57:46",216.33,849.31,,,,"     ",5.30,128.45,3.54
1771,554736831,"01771M19:09:48.579","01771 18:57:47",216.28,849.36,,,,"     ",5.30,127.96,3.52
1771,554736832,"01771M19:09:49.552","01771 18:57:48",216.25,849.35,,,,"     ",5.30,127.53,3.51
1771,554736833,"01771M19:09:50.525","01771 18:57:49",216.25,849.40,,,,"     ",5.30,127.81,3.52
1771,554736834,"01771M19:09:51.498","01771 18:57:50",216.27,849.42,,,,"     ",5.30,126.81,3.49
1771,554736835,"01771M19:09:52.472","01771 18:57:51",216.32,849.42,,,,"     ",5.30,128.15,3.53
1771,554736836,"01771M19:09:53.445","01771 18:57:52",216.38,849.37,,,,"     ",5.30,128.72,3.55
1771,554736837,"01771M19:09:54.418","01771 18:57:53",216.46,849.34,,,,"     ",5.30,127.77,3.52
1771,554736838,"01771M19:09:55.392","01771 18:57:54",216.52,849.40,,,,"     ",5.30,127.54,3.51
1771,554736839,"01771M19:09:56.365","01771 18:57:55",216.59,849.41,,,,"     ",5.30,127.47,3.51
1771,554736840,"01771M19:09:57.338","01771 18:57:56",216.65,849.37,,,,"     ",5.30,128.24,3.53
1771,554736841,"01771M19:09:58.311","01771 18:57:57",216.69,849.44,,,,"     ",5.30,127.58,3.51
1771,554736842,"01771M19:09:59.285","01771 18:57:58",216.71,849.41,,,,"     ",5.30,128.30,3.53
1771,554736843,"01771M19:10:00.258","01771 18:57:59",216.71,849.45,,,,"     ",5.30,128.19,3.53
1771,554736844,"01771M19:10:01.231","01771 18:58:00",216.65,849.46,,,,"     ",5.30,128.48,3.54
1771,554736845,"01771M19:10:02.204","01771 18:58:01",216.55,849.46,,,,"     ",5.30,128.13,3.53
1771,554736846,"01771M19:10:03.178","01771 18:58:02",216.42,849.52,,,,"     ",5.30,127.74,3.52
1771,554736847,"01771M19:10:04.151","01771 18:58:03",216.26,849.40,,,,"     ",5.30,127.99,3.52
1771,554736848,"01771M19:10:05.124","01771 18:58:04",216.09,849.40,,,,"     ",5.30,128.01,3.53
1771,554736849,"01771M19:10:06.097","01771 18:58:05",215.93,849.37,,,,"     ",5.30,127.76,3.52
1771,554736850,"01771M19:10:07.071","01771 18:58:06",215.78,849.46,,,,"     ",5.30,128.52,3.54
1771,554736851,"01771M19:10:08.044","01771 18:58:07",215.68,849.50,,,,"     ",5.30,128.03,3.53
1771,554736852,"01771M19:10:09.017","01771 18:58:08",215.62,849.48,,,,"     ",5.30,127.99,3.53
1771,554736853,"01771M19:10:09.990","01771 18:58:09",215.60,849.40,,,,"     ",5.30,128.75,3.55
1771,554736854,"01771M19:10:10.964","01771 18:58:10",215.63,849.45,,,,"     ",5.30,128.61,3.54
1771,554736855,"01771M19:10:11.937","01771 18:58:11",215.69,849.45,,,,"     ",5.30,127.71,3.52
1771,554736856,"01771M19:10:12.910","01771 18:58:12",215.78,849.46,,,,"     ",5.30,128.24,3.53
1771,554736857,"01771M19:10:13.883","01771 18:58:13",215.88,849.47,,,,"     ",5.30,127.89,3.52
1771,554736858,"01771M19:10:14.857","01771 18:58:14",215.96,849.55,,,,"     ",5.30,128.02,3.52
1771,554736859,"01771M19:10:15.830","01771 18:58:15",216.01,849.46,,,,"     ",5.30,128.14,3.53
1771,554736860,"01771M19:10:16.803","01771 18:58:16",216.04,849.49,,,,"     ",5.30,127.82,3.52
1771,554736861,"01771M19:10:17.776","01771 18:58:17",216.07,849.58,,,,"     ",5.30,127.53,3.51
1771,554736862,"01771M19:10:18.750","01771 18:58:18",216.08,849.54,,,,"     ",5.30,127.82,3.52
1771,554736863,"01771M19:10:19.723","01771 18:58:19",216.09,849.54,,,,"     ",5.30,128.16,3.53
1771,554736864,"01771M19:10:20.696","01771 18:58:19",216.11,849.52,,,,"     ",5.30,127.59,3.51
1771,554736865,"01771M19:10:21.669","01771 18:58:20",216.15,849.51,,,,"     ",5.30,128.50,3.54
1771,554736866,"01771M19:10:22.643","01771 18:58:21",216.21,849.50,,,,"     ",5.30,127.78,3.52
1771,554736867,"01771M19:10:23.616","01771 18:58:22",216.26,849.49,,,,"     ",5.30,128.59,3.54
1771,554736868,"01771M19:10:24.589","01771 18:58:23",216.31,849.52,,,,"     ",5.30,127.29,3.50
1771,554736869,"01771M19:10:25.562","01771 18:58:24",216.35,849.50,,,,"     ",5.30,127.74,3.52
1771,554736870,"01771M19:10:26.536","01771 18:58:25",216.37,849.49,,,,"     ",5.30,128.54,3.54
1771,554736871,"01771M19:10:27.509","01771 18:58:26",216.38,849.53,,,,"     ",5.30,128.01,3.52
1771,554736872,"01771M19:10:28.482","01771 18:58:27",216.37,849.53,,,,"     ",5.30,128.26,3.53
1771,554736873,"01771M19:10:29.455","01771 18:58:28",216.36,849.50,,,,"     ",5.30,128.83,3.55
1771,554736874,"01771M19:10:30.429","01771 18:58:29",216.32,849.57,,,,"     ",5.30,127.79,3.52
1771,554736875,"01771M19:10:31.402","01771 18:58:30",216.31,849.46,,,,"     ",5.30,128.68,3.54
1771,554736876,"01771M19:10:32.375","01771 18:58:31",216.30,849.57,,,,"     ",5.30,128.96,3.55
1771,554736877,"01771M19:10:33.348","01771 18:58:32",216.30,849.56,,,,"     ",5.30,128.68,3.54
1771,554736878,"01771M19:10:34.322","01771 18:58:33",216.31,849.56,,,,"     ",5.30,128.25,3.53
1771,554736879,"01771M19:10:35.295","01771 18:58:34",216.31,849.61,,,,"     ",5.30,129.09,3.55
1771,554736880,"01771M19:10:36.268","01771 18:58:35",216.32,849.54,,,,"     ",5.30,128.81,3.55
1771,554736881,"01771M19:10:37.241","01771 18:58:36",216.33,849.54,,,,"     ",5.30,128.62,3.54
1771,554736882,"01771M19:10:38.215","01771 18:58:37",216.34,849.54,,,,"     ",5.30,128.26,3.53
1771,554736883,"01771M19:10:39.188","01771 18:58:38",216.36,849.61,,,,"     ",5.30,128.93,3.55
1771,554736884,"01771M19:10:40.161","01771 18:58:39",216.39,849.69,,,,"     ",5.30,128.66,3.54
1771,554736885,"01771M19:10:41.134","01771 18:58:40",216.43,849.56,,,,"     ",5.30,128.33,3.53
1771,554736886,"01771M19:10:42.108","01771 18:58:41",216.47,849.61,,,,"     ",5.30,128.34,3.53
1771,554736887,"01771M19:10:43.081","01771 18:58:42",216.52,849.65,,,,"     ",5.30,128.14,3.53
1771,554736888,"01771M19:10:44.054","01771 18:58:43",216.56,849.58,,,,"     ",5.30,128.47,3.54
1771,554736889,"01771M19:10:45.027","01771 18:58:44",216.61,849.63,,,,"     ",5.30,127.56,3.51
1771,554736890,"01771M19:10:46.001","01771 18:58:45",216.65,849.65,,,,"     ",5.30,128.43,3.54
1771,554736891,"01771M19:10:46.974","01771 18:58:46",216.70,849.57,,,,"     ",5.30,127.53,3.51
1771,554736892,"01771M19:10:47.947","01771 18:58:47",216.74,849.70,,,,"     ",5.30,127.51,3.51
1771,554736893,"01771M19:10:48.920","01771 18:58:48",216.78,849.59,,,,"     ",5.30,128.05,3.53
1771,554736894,"01771M19:10:49.894","01771 18:58:49",216.81,849.67,,,,"     ",5.30,128.08,3.53
1771,554736895,"01771M19:10:50.867","01771 18:58:50",216.84,849.65,,,,"     ",5.30,128.37,3.53
1771,554736896,"01771M19:10:51.840","01771 18:58:51",216.87,849.59,,,,"     ",5.30,128.28,3.53
1771,554736897,"01771M19:10:52.813","01771 18:58:52",216.89,849.67,,,,"     ",5.30,128.13,3.53
1771,554736898,"01771M19:10:53.787","01771 18:58:53",216.90,849.59,,,,"     ",5.30,127.18,3.50
1771,554736899,"01771M19:10:54.760","01771 18:58:54",216.91,849.55,,,,"     ",5.30,127.99,3.52
1771,554736900,"01771M19:10:55.733","01771 18:58:55",216.92,849.59,,,,"     ",5.30,128.32,3.53
1771,554736901,"01771M19:10:56.706","01771 18:58:56",216.92,849.62,,,,"     ",5.30,127.88,3.52
1771,554736902,"01771M19:10:57.680","01771 18:58:56",216.92,849.67,,,,"     ",5.30,128.08,3.53
1771,554736903,"01771M19:10:58.653","01771 18:58:57",216.86,849.73,,,,"     ",5.30,129.02,3.55
1771,554736904,"01771M19:10:59.626","01771 18:58:58",216.79,849.68,,,,"     ",5.30,128.18,3.53
1771,554736905,"01771M19:11:00.599","01771 18:58:59",216.72,849.66,,,,"     ",5.30,128.46,3.54
1771,554736906,"01771M19:11:01.573","01771 18:59:00",216.66,849.70,,,,"     ",5.30,129.08,3.55
1771,554736907,"01771M19:11:02.546","01771 18:59:01",216.64,849.63,,,,"     ",5.30,127.65,3.51
1771,554736908,"01771M19:11:03.519","01771 18:59:02",216.67,849.64,,,,"     ",5.30,129.61,3.57
1771,554736909,"01771M19:11:04.493","01771 18:59:03",216.71,849.64,,,,"     ",5.30,128.94,3.55
1771,554736910,"01771M19:11:05.466","01771 18:59:04",216.77,849.64,,,,"     ",5.30,128.30,3.53
1771,554736911,"01771M19:11:06.439","01771 18:59:05",216.84,849.63,,,,"     ",5.30,128.36,3.53
1771,554736912,"01771M19:11:07.412","01771 18:59:06",216.92,849.70,,,,"     ",5.30,128.35,3.53
1771,554736913,"01771M19:11:08.386","01771 18:59:07",217.01,849.74,,,,"     ",5.30,128.22,3.53
1771,554736914,"01771M19:11:09.359","01771 18:59:08",217.11,849.67,,,,"     ",5.30,128.06,3.52
1771,554736915,"01771M19:11:10.332","01771 18:59:09",217.19,849.65,,,,"     ",5.30,128.13,3.53
1771,554736916,"01771M19:11:11.305","01771 18:59:10",217.27,849.70,,,,"     ",5.30,128.01,3.52
1771,554736917,"01771M19:11:12.279","01771 18:59:11",217.32,849.87,,,,"     ",5.30,128.08,3.53
1771,554736918,"01771M19:11:13.252","01771 18:59:12",217.34,849.79,,,,"     ",5.30,128.34,3.53
1771,554736919,"01771M19:11:14.225","01771 18:59:13",217.33,849.87,,,,"     ",5.30,127.94,3.52
1771,554736920,"01771M19:11:15.198","01771 18:59:14",217.28,849.88,,,,"     ",5.30,128.38,3.53
1771,554736921,"01771M19:11:16.172","01771 18:59:15",217.19,849.81,,,,"     ",5.30,128.09,3.53
1771,554736922,"01771M19:11:17.145","01771 18:59:16",217.07,849.82,,,,"     ",5.30,128.57,3.54
1771,554736923,"01771M19:11:18.118","01771 18:59:17",216.94,849.86,,,,"     ",5.30,128.31,3.53
1771,554736924,"01771M19:11:19.091","01771 18:59:18",216.83,849.81,,,,"     ",5.30,128.48,3.54
1771,554736925,"01771M19:11:20.065","01771 18:59:19",216.78,849.74,,,,"     ",5.30,128.35,3.53
1771,554736926,"01771M19:11:21.038","01771 18:59:20",216.77,849.86,,,,"     ",5.30,128.19,3.53
1771,554736927,"01771M19:11:22.011","01771 18:59:21",216.80,849.85,,,,"     ",5.30,128.51,3.54
1771,554736928,"01771M19:11:22.984","01771 18:59:22",216.84,849.87,,,,"     ",5.30,128.23,3.53
1771,554736929,"01771M19:11:23.958","01771 18:59:23",216.88,849.85,,,,"     ",5.30,128.43,3.54
1771,554736930,"01771M19:11:24.931","01771 18:59:24",216.90,849.93,,,,"     ",5.30,128.43,3.53
1771,554736931,"01771M19:11:25.904","01771 18:59:25",216.91,849.86,,,,"     ",5.30,128.42,3.54
1771,554736932,"01771M19:11:26.877","01771 18:59:26",216.92,849.80,,,,"     ",5.30,128.66,3.54
1771,554736933,"01771M19:11:27.851","01771 18:59:27",216.94,849.89,,,,"     ",5.30,127.31,3.50
1771,554736934,"01771M19:11:28.824","01771 18:59:28",216.97,849.85,,,,"     ",5.30,128.17,3.53
1771,554736935,"01771M19:11:29.797","01771 18:59:29",217.00,849.81,,,,"     ",5.30,128.65,3.54
1771,554736936,"01771M19:11:30.770","01771 18:59:30",217.03,849.82,,,,"     ",5.30,128.76,3.55
1771,554736937,"01771M19:11:31.744","01771 18:59:31",217.05,849.87,,,,"     ",5.30,128.16,3.53
1771,554736938,"01771M19:11:32.717","01771 18:59:32",217.05,849.81,,,,"     ",5.30,128.55,3.54
1771,554736939,"01771M19:11:33.690","01771 18:59:32",217.01,849.88,,,,"     ",5.30,129.17,3.56
1771,554736940,"01771M19:11:34.663","01771 18:59:33",216.94,849.89,,,,"     ",5.30,129.15,3.55
1771,554736941,"01771M19:11:35.637","01771 18:59:34",216.84,849.94,,,,"     ",5.30,128.73,3.54
1771,554736942,"01771M19:11:36.610","01771 18:59:35",216.77,849.88,,,,"     ",5.30,128.88,3.55
1771,554736943,"01771M19:11:37.583","01771 18:59:36",216.73,849.85,,,,"     ",5.30,128.39,3.53
1771,554736944,"01771M19:11:38.556","01771 18:59:37",216.74,849.93,,,,"     ",5.30,129.39,3.56
1771,554736945,"01771M19:11:39.530","01771 18:59:38",216.79,849.87,,,,"     ",5.30,129.26,3.56
1771,554736946,"01771M19:11:40.503","01771 18:59:39",216.86,849.87,,,,"     ",5.30,128.17,3.53
1771,554736947,"01771M19:11:41.476","01771 18:59:40",216.92,849.91,,,,"     ",5.30,128.83,3.55
1771,554736948,"01771M19:11:42.449","01771 18:59:41",216.95,849.96,,,,"     ",5.30,128.28,3.53
1771,554736949,"01771M19:11:43.423","01771 18:59:42",216.96,849.89,,,,"     ",5.30,128.00,3.52
1771,554736950,"01771M19:11:44.396","01771 18:59:43",216.96,849.92,,,,"     ",5.30,128.78,3.54
1771,554736951,"01771M19:11:45.369","01771 18:59:44",216.95,849.99,,,,"     ",5.30,128.81,3.55
1771,554736952,"01771M19:11:46.342","01771 18:59:45",216.94,849.97,,,,"     ",5.30,129.05,3.55
1771,554736953,"01771M19:11:47.316","01771 18:59:46",216.94,849.90,,,,"     ",5.30,129.33,3.56
1771,554736954,"01771M19:11:48.289","01771 18:59:47",216.94,849.92,,,,"     ",5.30,129.42,3.56
1771,554736955,"01771M19:11:49.262","01771 18:59:48",216.94,849.94,,,,"     ",5.30,128.48,3.53
1771,554736956,"01771M19:11:50.235","01771 18:59:49",216.94,849.97,,,,"     ",5.30,128.61,3.54
1771,554736957,"01771M19:11:51.209","01771 18:59:50",216.91,849.91,,,,"     ",5.30,129.00,3.55
1771,554736958,"01771M19:11:52.182","01771 18:59:51",216.88,849.99,,,,"     ",5.30,129.37,3.56
1771,554736959,"01771M19:11:53.155","01771 18:59:52",216.85,849.92,,,,"     ",5.30,129.22,3.55
1771,554736960,"01771M19:11:54.128","01771 18:59:53",216.83,849.96,,,,"     ",5.30,129.24,3.56
1771,554736961,"01771M19:11:55.102","01771 18:59:54",216.84,850.01,,,,"     ",5.30,129.13,3.55
1771,554736962,"01771M19:11:56.075","01771 18:59:55",216.90,849.92,,,,"     ",5.30,129.35,3.56
1771,554736963,"01771M19:11:57.048","01771 18:59:56",216.98,849.96,,,,"     ",5.30,129.26,3.56
1771,554736964,"01771M19:11:58.021","01771 18:59:57",217.07,850.06,,,,"     ",5.30,129.00,3.55
1771,554736965,"01771M19:11:58.995","01771 18:59:58",217.12,849.92,,,,"     ",5.30,129.37,3.56
1771,554736966,"01771M19:11:59.968","01771 18:59:59",217.13,850.01,,,,"     ",5.30,128.69,3.54
1771,554736967,"01771M19:12:00.941","01771 19:00:00",217.09,850.00,,,,"     ",5.30,129.54,3.56
1771,554736968,"01771M19:12:01.914","01771 19:00:01",217.04,849.97,,,,"     ",5.30,129.11,3.55
1771,554736969,"01771M19:12:02.888","01771 19:00:02",216.98,850.00,,,,"     ",5.30,128.91,3.55
1771,554736970,"01771M19:12:03.861","01771 19:00:03",216.95,849.95,,,,"     ",5.30,128.55,3.54
1771,554736971,"01771M19:12:04.834","01771 19:00:04",216.95,850.01,,,,"     ",5.30,129.11,3.55
1771,554736972,"01771M19:12:05.807","01771 19:00:05",216.98,849.97,,,,"     ",5.30,129.12,3.55
1771,554736973,"01771M19:12:06.781","01771 19:00:06",217.03,849.95,,,,"     ",5.30,129.70,3.57
1771,554736974,"01771M19:12:07.754","01771 19:00:07",217.09,850.00,,,,"     ",5.30,128.73,3.54
1771,554736975,"01771M19:12:08.727","01771 19:00:08",217.16,850.04,,,,"     ",5.30,128.52,3.53
1771,554736976,"01771M19:12:09.700","01771 19:00:09",217.23,850.11,,,,"     ",5.30,129.83,3.57
1771,554736977,"01771M19:12:10.674","01771 19:00:09",217.31,850.05,,,,"     ",5.30,128.52,3.53
1771,554736978,"01771M19:12:11.647","01771 19:00:10",217.41,850.01,,,,"     ",5.30,129.66,3.57
1771,554736979,"01771M19:12:12.620","01771 19:00:11",217.52,850.04,,,,"     ",5.30,130.00,3.58
1771,554736980,"01771M19:12:13.594","01771 19:00:12",217.65,849.92,,,,"     ",5.30,129.35,3.56
1771,554736981,"01771M19:12:14.567","01771 19:00:13",217.78,849.97,,,,"     ",5.30,130.02,3.58
1771,554736982,"01771M19:12:15.540","01771 19:00:14",217.88,849.99,,,,"     ",5.30,129.57,3.56
1771,554736983,"01771M19:12:16.513","01771 19:00:15",217.94,850.01,,,,"     ",5.30,129.86,3.57
1771,554736984,"01771M19:12:17.487","01771 19:00:16",217.94,849.97,,,,"     ",5.30,129.82,3.57
1771,554736985,"01771M19:12:18.460","01771 19:00:17",217.90,850.09,,,,"     ",5.30,129.50,3.56
1771,554736986,"01771M19:12:19.433","01771 19:00:18",217.83,850.11,,,,"     ",5.30,129.46,3.56
1771,554736987,"01771M19:12:20.406","01771 19:00:19",217.76,850.10,,,,"     ",5.30,129.55,3.56
1771,554736988,"01771M19:12:21.380","01771 19:00:20",217.68,850.07,,,,"     ",5.30,129.98,3.57
1771,554736989,"01771M19:12:22.353","01771 19:00:21",217.59,849.97,,,,"     ",5.30,129.18,3.55
1771,554736990,"01771M19:12:23.326","01771 19:00:22",217.51,850.01,,,,"     ",5.30,129.26,3.55
1771,554736991,"01771M19:12:24.299","01771 19:00:23",217.44,849.98,,,,"     ",5.30,129.37,3.56
1771,554736992,"01771M19:12:25.273","01771 19:00:24",217.38,850.03,,,,"     ",5.30,128.40,3.53
1771,554736993,"01771M19:12:26.246","01771 19:00:25",217.35,850.08,,,,"     ",5.30,130.23,3.58
1771,554736994,"01771M19:12:27.219","01771 19:00:26",217.35,850.05,,,,"     ",5.30,128.87,3.54
1771,554736995,"01771M19:12:28.192","01771 19:00:27",217.37,850.04,,,,"     ",5.30,129.56,3.56
1771,554736996,"01771M19:12:29.166","01771 19:00:28",217.41,850.12,,,,"     ",5.30,129.16,3.55
1771,554736997,"01771M19:12:30.139","01771 19:00:29",217.47,850.10,,,,"     ",5.30,128.96,3.54
1771,554736998,"01771M19:12:31.112","01771 19:00:30",217.54,850.04,,,,"     ",5.30,130.20,3.58
1771,554736999,"01771M19:12:32.085","01771 19:00:31",217.58,850.14,,,,"     ",5.30,130.06,3.57
1771,554737000,"01771M19:12:33.059","01771 19:00:32",217.60,850.18,,,,"     ",5.30,130.44,3.59
1771,554737001,"01771M19:12:34.032","01771 19:00:33",217.59,850.19,,,,"     ",5.30,129.66,3.56
1771,554737002,"01771M19:12:35.005","01771 19:00:34",217.57,850.18,,,,"     ",5.30,129.94,3.57
1771,554737003,"01771M19:12:35.978","01771 19:00:35",217.54,850.17,,,,"     ",5.30,130.56,3.59
1771,554737004,"01771M19:12:36.952","01771 19:00:36",217.52,850.19,,,,"     ",5.30,130.29,3.58
1771,554737005,"01771M19:12:37.925","01771 19:00:37",217.51,850.25,,,,"     ",5.30,129.25,3.55
1771,554737006,"01771M19:12:38.898","01771 19:00:38",217.51,850.17,,,,"     ",5.30,129.98,3.57
1771,554737007,"01771M19:12:39.871","01771 19:00:39",217.51,850.13,,,,"     ",5.30,129.31,3.55
1771,554737008,"01771M19:12:40.845","01771 19:00:40",217.50,850.18,,,,"     ",5.30,129.73,3.56
1771,554737009,"01771M19:12:41.818","01771 19:00:41",217.48,850.15,,,,"     ",5.30,129.26,3.55
1771,554737010,"01771M19:12:42.791","01771 19:00:42",217.46,850.16,,,,"     ",5.30,129.89,3.57
1771,554737011,"01771M19:12:43.764","01771 19:00:43",217.44,850.21,,,,"     ",5.30,129.73,3.56
1771,554737012,"01771M19:12:44.738","01771 19:00:44",217.43,850.11,,,,"     ",5.30,130.04,3.57
1771,554737013,"01771M19:12:45.711","01771 19:00:45",217.42,850.10,,,,"     ",5.30,129.46,3.56
1771,554737014,"01771M19:12:46.684","01771 19:00:46",217.40,850.20,,,,"     ",5.30,130.06,3.57
1771,554737015,"01771M19:12:47.657","01771 19:00:46",217.38,850.22,,,,"     ",5.30,129.48,3.56
1771,554737016,"01771M19:12:48.631","01771 19:00:47",217.35,850.28,,,,"     ",5.30,129.90,3.57
1771,554737017,"01771M19:12:49.604","01771 19:00:48",217.31,850.25,,,,"     ",5.30,130.34,3.58
1771,554737018,"01771M19:12:50.577","01771 19:00:49",217.25,850.28,,,,"     ",5.30,129.30,3.55
1771,554737019,"01771M19:12:51.550","01771 19:00:50",217.18,850.26,,,,"     ",5.30,129.82,3.57
1771,554737020,"01771M19:12:52.524","01771 19:00:51",217.11,850.29,,,,"     ",5.30,129.96,3.57
1771,554737021,"01771M19:12:53.497","01771 19:00:52",217.04,850.22,,,,"     ",5.30,129.69,3.56
1771,554737022,"01771M19:12:54.470","01771 19:00:53",217.00,850.25,,,,"     ",5.30,129.58,3.56
1771,554737023,"01771M19:12:55.443","01771 19:00:54",216.97,850.25,,,,"     ",5.30,129.05,3.54
1771,554737024,"01771M19:12:56.417","01771 19:00:55",216.96,850.27,,,,"     ",5.30,129.15,3.55
1771,554737025,"01771M19:12:57.390","01771 19:00:56",216.95,850.21,,,,"     ",5.30,130.41,3.58
1771,554737026,"01771M19:12:58.363","01771 19:00:57",216.95,850.27,,,,"     ",5.30,129.95,3.57
1771,554737027,"01771M19:12:59.336","01771 19:00:58",216.94,850.28,,,,"     ",5.30,129.10,3.55
1771,554737028,"01771M19:13:00.310","01771 19:00:59",216.92,850.30,,,,"     ",5.30,129.62,3.56
1771,554737029,"01771M19:13:01.283","01771 19:01:00",216.91,850.31,,,,"     ",5.30,129.67,3.56
1771,554737030,"01771M19:13:02.256","01771 19:01:01",216.90,850.39,,,,"     ",5.30,128.99,3.54
1771,554737031,"01771M19:13:03.229","01771 19:01:02",216.90,850.35,,,,"     ",5.30,128.65,3.53
1771,554737032,"01771M19:13:04.203","01771 19:01:03",216.91,850.28,,,,"     ",5.30,129.84,3.57
1771,554737033,"01771M19:13:05.176","01771 19:01:04",216.95,850.34,,,,"     ",5.30,128.96,3.54
1771,554737034,"01771M19:13:06.149","01771 19:01:05",217.00,850.32,,,,"     ",5.30,129.54,3.56
1771,554737035,"01771M19:13:07.122","01771 19:01:06",217.05,850.33,,,,"     ",5.30,128.78,3.54
1771,554737036,"01771M19:13:08.096","01771 19:01:07",217.11,850.32,,,,"     ",5.30,128.82,3.54
1771,554737037,"01771M19:13:09.069","01771 19:01:08",217.15,850.31,,,,"     ",5.30,128.98,3.55
1771,554737038,"01771M19:13:10.042","01771 19:01:09",217.17,850.38,,,,"     ",5.30,129.35,3.56
1771,554737039,"01771M19:13:11.015","01771 19:01:10",217.16,850.41,,,,"     ",5.30,128.72,3.54
1771,554737040,"01771M19:13:11.989","01771 19:01:11",217.12,850.33,,,,"     ",5.30,129.79,3.57
1771,554737041,"01771M19:13:12.962","01771 19:01:12",217.06,850.35,,,,"     ",5.30,128.82,3.54
1771,554737042,"01771M19:13:13.935","01771 19:01:13",217.00,850.34,,,,"     ",5.30,128.69,3.54
1771,554737043,"01771M19:13:14.908","01771 19:01:14",216.95,850.33,,,,"     ",5.30,129.31,3.55
1771,554737044,"01771M19:13:15.882","01771 19:01:15",216.93,850.36,,,,"     ",5.30,128.92,3.54
1771,554737045,"01771M19:13:16.855","01771 19:01:16",216.92,850.39,,,,"     ",5.30,128.48,3.53
1771,554737046,"01771M19:13:17.828","01771 19:01:17",216.92,850.49,,,,"     ",5.30,128.48,3.53
1771,554737047,"01771M19:13:18.801","01771 19:01:18",216.93,850.46,,,,"     ",5.30,128.10,3.52
1771,554737048,"01771M19:13:19.775","01771 19:01:19",216.94,850.35,,,,"     ",5.30,128.23,3.53
1771,554737049,"01771M19:13:20.748","01771 19:01:20",216.94,850.37,,,,"     ",5.30,128.32,3.53
1771,554737050,"01771M19:13:21.721","01771 19:01:21",216.93,850.31,,,,"     ",5.30,128.49,3.53
1771,554737051,"01771M19:13:22.694","01771 19:01:22",216.93,850.34,,,,"     ",5.30,128.13,3.52
1771,554737052,"01771M19:13:23.668","01771 19:01:23",216.92,850.37,,,,"     ",5.30,128.39,3.53
1771,554737053,"01771M19:13:24.641","01771 19:01:23",216.90,850.39,,,,"     ",5.30,129.19,3.55
1771,554737054,"01771M19:13:25.614","01771 19:01:24",216.87,850.40,,,,"     ",5.30,127.72,3.51
1771,554737055,"01771M19:13:26.588","01771 19:01:25",216.84,850.40,,,,"     ",5.30,128.34,3.53
1771,554737056,"01771M19:13:27.561","01771 19:01:26",216.82,850.33,,,,"     ",5.30,128.45,3.53
1771,554737057,"01771M19:13:28.534","01771 19:01:27",216.80,850.42,,,,"     ",5.30,128.67,3.54
1771,554737058,"01771M19:13:29.507","01771 19:01:28",216.78,850.39,,,,"     ",5.30,128.67,3.54
1771,554737059,"01771M19:13:30.481","01771 19:01:29",216.76,850.38,,,,"     ",5.30,128.79,3.55
1771,554737060,"01771M19:13:31.454","01771 19:01:30",216.75,850.41,,,,"     ",5.30,128.21,3.53
1771,554737061,"01771M19:13:32.427","01771 19:01:31",216.76,850.35,,,,"     ",5.30,128.33,3.53
1771,554737062,"01771M19:13:33.400","01771 19:01:32",216.80,850.39,,,,"     ",5.30,127.46,3.51
1771,554737063,"01771M19:13:34.374","01771 19:01:33",216.85,850.39,,,,"     ",5.30,127.85,3.52
1771,554737064,"01771M19:13:35.347","01771 19:01:34",216.91,850.43,,,,"     ",5.30,128.12,3.53
1771,554737065,"01771M19:13:36.320","01771 19:01:35",216.95,850.45,,,,"     ",5.30,127.59,3.51
1771,554737066,"01771M19:13:37.293","01771 19:01:36",216.97,850.45,,,,"     ",5.30,128.56,3.54
1771,554737067,"01771M19:13:38.267","01771 19:01:37",216.98,850.42,,,,"     ",5.30,128.70,3.54
1771,554737068,"01771M19:13:39.240","01771 19:01:38",216.98,850.52,,,,"     ",5.30,128.78,3.55
1771,554737069,"01771M19:13:40.213","01771 19:01:39",216.97,850.50,,,,"     ",5.30,128.43,3.54
1771,554737070,"01771M19:13:41.186","01771 19:01:40",216.95,850.51,,,,"     ",5.30,128.42,3.54
1771,554737071,"01771M19:13:42.160","01771 19:01:41",216.92,850.52,,,,"     ",5.30,127.85,3.52
1771,554737072,"01771M19:13:43.133","01771 19:01:42",216.89,850.49,,,,"     ",5.30,129.10,3.56
1771,554737073,"01771M19:13:44.106","01771 19:01:43",216.85,850.49,,,,"     ",5.30,127.91,3.52
1771,554737074,"01771M19:13:45.079","01771 19:01:44",216.82,850.50,,,,"     ",5.30,127.39,3.51
1771,554737075,"01771M19:13:46.053","01771 19:01:45",216.80,850.47,,,,"     ",5.30,128.85,3.55
1771,554737076,"01771M19:13:47.026","01771 19:01:46",216.79,850.51,,,,"     ",5.30,128.11,3.53
1771,554737077,"01771M19:13:47.999","01771 19:01:47",216.78,850.48,,,,"     ",5.30,128.53,3.54
1771,554737078,"01771M19:13:48.972","01771 19:01:48",216.75,850.52,,,,"     ",5.30,127.92,3.53
1771,554737079,"01771M19:13:49.946","01771 19:01:49",216.71,850.49,,,,"     ",5.30,129.08,3.56
1771,554737080,"01771M19:13:50.919","01771 19:01:50",216.67,850.55,,,,"     ",5.30,128.25,3.54
1771,554737081,"01771M19:13:51.892","01771 19:01:51",216.64,850.49,,,,"     ",5.30,128.02,3.53
1771,554737082,"01771M19:13:52.865","01771 19:01:52",216.60,850.49,,,,"     ",5.30,127.93,3.53
1771,554737083,"01771M19:13:53.839","01771 19:01:53",216.55,850.49,,,,"     ",5.30,127.79,3.52
1771,554737084,"01771M19:13:54.812","01771 19:01:54",216.50,850.46,,,,"     ",5.30,127.05,3.50
1771,554737085,"01771M19:13:55.785","01771 19:01:55",216.49,850.45,,,,"     ",5.30,128.05,3.53
1771,554737086,"01771M19:13:56.758","01771 19:01:56",216.51,850.51,,,,"     ",5.30,127.60,3.52
1771,554737087,"01771M19:13:57.732","01771 19:01:57",216.55,850.41,,,,"     ",5.30,127.19,3.51
1771,554737088,"01771M19:13:58.705","01771 19:01:58",216.60,850.45,,,,"     ",5.30,127.89,3.53
1771,554737089,"01771M19:13:59.678","01771 19:01:59",216.66,850.50,,,,"     ",5.30,127.38,3.51
1771,554737090,"01771M19:14:00.651","01771 19:01:59",216.73,850.50,,,,"     ",5.30,127.97,3.53
1771,554737091,"01771M19:14:01.625","01771 19:02:00",216.79,850.54,,,,"     ",5.30,128.43,3.54
1771,554737092,"01771M19:14:02.598","01771 19:02:01",216.85,850.53,,,,"     ",5.30,128.19,3.54
1771,554737093,"01771M19:14:03.571","01771 19:02:02",216.90,850.54,,,,"     ",5.30,128.61,3.55
1771,554737094,"01771M19:14:04.544","01771 19:02:03",216.93,850.51,,,,"     ",5.30,128.06,3.53
1771,554737095,"01771M19:14:05.518","01771 19:02:04",216.95,850.54,,,,"     ",5.30,128.44,3.55
1771,554737096,"01771M19:14:06.491","01771 19:02:05",216.95,850.50,,,,"     ",5.30,128.35,3.54
1771,554737097,"01771M19:14:07.464","01771 19:02:06",216.94,850.56,,,,"     ",5.30,128.04,3.53
1771,554737098,"01771M19:14:08.437","01771 19:02:07",216.92,850.61,,,,"     ",5.30,128.08,3.53
1771,554737099,"01771M19:14:09.411","01771 19:02:08",216.90,850.64,,,,"     ",5.30,128.05,3.54
1771,554737100,"01771M19:14:10.384","01771 19:02:09",216.88,850.63,,,,"     ",5.30,127.38,3.52
1771,554737101,"01771M19:14:11.357","01771 19:02:10",216.85,850.68,,,,"     ",5.30,127.70,3.52
1771,554737102,"01771M19:14:12.330","01771 19:02:11",216.82,850.64,,,,"     ",5.30,127.82,3.53
1771,554737103,"01771M19:14:13.304","01771 19:02:12",216.81,850.63,,,,"     ",5.30,127.96,3.53
1771,554737104,"01771M19:14:14.277","01771 19:02:13",216.81,850.65,,,,"     ",5.30,128.09,3.54
1771,554737105,"01771M19:14:15.250","01771 19:02:14",216.81,850.56,,,,"     ",5.30,127.16,3.51
1771,554737106,"01771M19:14:16.223","01771 19:02:15",216.81,850.58,,,,"     ",5.30,127.43,3.52
1771,554737107,"01771M19:14:17.197","01771 19:02:16",216.80,850.62,,,,"     ",5.30,127.72,3.53
1771,554737108,"01771M19:14:18.170","01771 19:02:17",216.79,850.61,,,,"     ",5.30,127.78,3.53
1771,554737109,"01771M19:14:19.143","01771 19:02:18",216.77,850.63,,,,"     ",5.30,127.87,3.53
1771,554737110,"01771M19:14:20.116","01771 19:02:19",216.78,850.67,,,,"     ",5.30,127.15,3.51
1771,554737111,"01771M19:14:21.090","01771 19:02:20",216.82,850.69,,,,"     ",5.30,127.68,3.53
1771,554737112,"01771M19:14:22.063","01771 19:02:21",216.88,850.74,,,,"     ",5.30,127.40,3.52
1771,554737113,"01771M19:14:23.036","01771 19:02:22",216.93,850.69,,,,"     ",5.30,127.84,3.53
1771,554737114,"01771M19:14:24.009","01771 19:02:23",216.98,850.65,,,,"     ",5.30,128.27,3.54
1771,554737115,"01771M19:14:24.983","01771 19:02:24",217.00,850.64,,,,"     ",5.30,128.66,3.56
1771,554737116,"01771M19:14:25.956","01771 19:02:25",217.01,850.58,,,,"     ",5.30,128.18,3.54
1771,554737117,"01771M19:14:26.929","01771 19:02:26",217.00,850.69,,,,"     ",5.30,127.88,3.53
1771,554737118,"01771M19:14:27.902","01771 19:02:27",216.98,850.66,,,,"     ",5.30,127.56,3.52
1771,554737119,"01771M19:14:28.876","01771 19:02:28",216.94,850.70,,,,"     ",5.30,128.51,3.55
1771,554737120,"01771M19:14:29.849","01771 19:02:29",216.89,850.61,,,,"     ",5.30,128.67,3.56
1771,554737121,"01771M19:14:30.822","01771 19:02:30",216.85,850.62,,,,"     ",5.30,128.19,3.54
1771,554737122,"01771M19:14:31.795","01771 19:02:31",216.81,850.66,,,,"     ",5.30,128.37,3.55
1771,554737123,"01771M19:14:32.769","01771 19:02:32",216.77,850.67,,,,"     ",5.30,128.09,3.54
1771,554737124,"01771M19:14:33.742","01771 19:02:33",216.73,850.75,,,,"     ",5.30,129.13,3.57
1771,554737125,"01771M19:14:34.715","01771 19:02:34",216.70,850.69,,,,"     ",5.30,128.79,3.56
1771,554737126,"01771M19:14:35.689","01771 19:02:35",216.67,850.70,,,,"     ",5.30,128.23,3.54
1771,554737127,"01771M19:14:36.662","01771 19:02:36",216.65,850.69,,,,"     ",5.30,127.42,3.52
1771,554737128,"01771M19:14:37.635","01771 19:02:36",216.65,850.66,,,,"     ",5.30,128.07,3.54
1771,554737129,"01771M19:14:38.608","01771 19:02:37",216.68,850.67,,,,"     ",5.30,128.10,3.54
1771,554737130,"01771M19:14:39.582","01771 19:02:38",216.70,850.78,,,,"     ",5.30,128.32,3.55
1771,554737131,"01771M19:14:40.555","01771 19:02:39",216.73,850.75,,,,"     ",5.30,127.28,3.52
1771,554737132,"01771M19:14:41.528","01771 19:02:40",216.74,850.70,,,,"     ",5.30,127.82,3.53
1771,554737133,"01771M19:14:42.501","01771 19:02:41",216.73,850.83,,,,"     ",5.30,128.17,3.54
1771,554737134,"01771M19:14:43.475","01771 19:02:42",216.71,850.76,,,,"     ",5.30,128.38,3.55
1771,554737135,"01771M19:14:44.448","01771 19:02:43",216.67,850.81,,,,"     ",5.30,128.24,3.55
1771,554737136,"01771M19:14:45.421","01771 19:02:44",216.63,850.78,,,,"     ",5.30,128.46,3.55
1771,554737137,"01771M19:14:46.394","01771 19:02:45",216.60,850.80,,,,"     ",5.30,127.57,3.53
1771,554737138,"01771M19:14:47.368","01771 19:02:46",216.58,850.71,,,,"     ",5.30,128.29,3.55
1771,554737139,"01771M19:14:48.341","01771 19:02:47",216.57,850.72,,,,"     ",5.30,128.53,3.55
1771,554737140,"01771M19:14:49.314","01771 19:02:48",216.58,850.71,,,,"     ",5.30,127.82,3.53
1771,554737141,"01771M19:14:50.287","01771 19:02:49",216.59,850.76,,,,"     ",5.30,128.54,3.56
1771,554737142,"01771M19:14:51.261","01771 19:02:50",216.61,850.80,,,,"     ",5.30,127.57,3.53
1771,554737143,"01771M19:14:52.234","01771 19:02:51",216.62,850.86,,,,"     ",5.30,127.98,3.54
1771,554737144,"01771M19:14:53.207","01771 19:02:52",216.64,850.82,,,,"     ",5.30,128.59,3.56
1771,554737145,"01771M19:14:54.180","01771 19:02:53",216.68,850.83,,,,"     ",5.30,128.15,3.55
1771,554737146,"01771M19:14:55.154","01771 19:02:54",216.72,850.75,,,,"     ",5.30,127.34,3.52
1771,554737147,"01771M19:14:56.127","01771 19:02:55",216.77,850.80,,,,"     ",5.30,127.29,3.52
1771,554737148,"01771M19:14:57.100","01771 19:02:56",216.81,850.80,,,,"     ",5.30,127.76,3.53
1771,554737149,"01771M19:14:58.073","01771 19:02:57",216.84,850.75,,,,"     ",5.30,128.58,3.56
1771,554737150,"01771M19:14:59.047","01771 19:02:58",216.88,850.76,,,,"     ",5.30,128.06,3.54
1771,554737151,"01771M19:15:00.020","01771 19:02:59",216.92,850.82,,,,"     ",5.30,127.95,3.54
1771,554737152,"01771M19:15:00.993","01771 19:03:00",216.97,850.82,,,,"     ",5.30,129.10,3.57
1771,554737153,"01771M19:15:01.966","01771 19:03:01",217.01,850.84,,,,"     ",5.30,128.76,3.56
1771,554737154,"01771M19:15:02.940","01771 19:03:02",217.03,850.81,,,,"     ",5.30,128.20,3.55
1771,554737155,"01771M19:15:03.913","01771 19:03:03",217.03,850.83,,,,"     ",5.30,128.14,3.54
1771,554737156,"01771M19:15:04.886","01771 19:03:04",217.00,850.90,,,,"     ",5.30,127.71,3.53
1771,554737157,"01771M19:15:05.859","01771 19:03:05",216.96,850.87,,,,"     ",5.30,127.80,3.53
1771,554737158,"01771M19:15:06.833","01771 19:03:06",216.90,850.95,,,,"     ",5.30,128.40,3.55
1771,554737159,"01771M19:15:07.806","01771 19:03:07",216.84,850.96,,,,"     ",5.30,128.07,3.54
1771,554737160,"01771M19:15:08.779","01771 19:03:08",216.77,850.90,,,,"     ",5.30,128.41,3.55
1771,554737161,"01771M19:15:09.752","01771 19:03:09",216.69,850.92,,,,"     ",5.30,128.41,3.55
1771,554737162,"01771M19:15:10.726","01771 19:03:10",216.62,850.89,,,,"     ",5.30,128.22,3.55
1771,554737163,"01771M19:15:11.699","01771 19:03:11",217.19,850.83,,,,"     ",5.30,127.89,3.54
1771,554737164,"01771M19:15:12.672","01771 19:03:12",217.17,850.89,,,,"     ",5.30,128.23,3.55
1771,554737165,"01771M19:15:13.645","01771 19:03:13",217.15,850.83,,,,"     ",5.30,128.03,3.54
1771,554737166,"01771M19:15:14.619","01771 19:03:13",217.14,850.80,,,,"     ",5.30,128.10,3.54
1771,554737167,"01771M19:15:15.592","01771 19:03:14",217.12,850.89,,,,"     ",5.30,128.17,3.54
1771,554737168,"01771M19:15:16.565","01771 19:03:15",216.47,850.88,,,,"     ",5.30,127.79,3.53
1771,554737169,"01771M19:15:17.538","01771 19:03:16",216.45,850.86,,,,"     ",5.30,127.80,3.53
1771,554737170,"01771M19:15:18.512","01771 19:03:17",216.43,850.87,,,,"     ",5.30,127.93,3.54
1771,554737171,"01771M19:15:19.485","01771 19:03:18",216.43,850.98,,,,"     ",5.30,128.36,3.55
1771,554737172,"01771M19:15:20.458","01771 19:03:19",216.45,850.94,,,,"     ",5.30,127.90,3.53
1771,554737173,"01771M19:15:21.431","01771 19:03:20",216.48,850.91,,,,"     ",5.30,128.12,3.54
1771,554737174,"01771M19:15:22.405","01771 19:03:21",216.55,850.92,,,,"     ",5.30,128.89,3.57
1771,554737175,"01771M19:15:23.378","01771 19:03:22",216.63,850.94,,,,"     ",5.30,128.44,3.55
1771,554737176,"01771M19:15:24.351","01771 19:03:23",216.72,850.86,,,,"     ",5.30,127.31,3.52
1771,554737177,"01771M19:15:25.324","01771 19:03:24",216.82,850.79,,,,"     ",5.30,128.82,3.56
1771,554737178,"01771M19:15:26.298","01771 19:03:25",216.92,850.85,,,,"     ",5.30,127.55,3.53
1771,554737179,"01771M19:15:27.271","01771 19:03:26",217.02,850.89,,,,"     ",5.30,128.37,3.55
1771,554737180,"01771M19:15:28.244","01771 19:03:27",217.13,850.89,,,,"     ",5.30,127.69,3.53
1771,554737181,"01771M19:15:29.217","01771 19:03:28",217.23,850.89,,,,"     ",5.30,127.93,3.54
1771,554737182,"01771M19:15:30.191","01771 19:03:29",217.30,850.97,,,,"     ",5.30,127.79,3.53
1771,554737183,"01771M19:15:31.164","01771 19:03:30",217.34,850.93,,,,"     ",5.30,128.65,3.56
1771,554737184,"01771M19:15:32.137","01771 19:03:31",217.37,850.95,,,,"     ",5.30,128.69,3.56
1771,554737185,"01771M19:15:33.110","01771 19:03:32",217.39,850.94,,,,"     ",5.30,128.12,3.54
1771,554737186,"01771M19:15:34.084","01771 19:03:33",217.39,850.96,,,,"     ",5.30,128.54,3.56
1771,554737187,"01771M19:15:35.057","01771 19:03:34",217.37,850.99,,,,"     ",5.30,127.59,3.53
1771,554737188,"01771M19:15:36.030","01771 19:03:35",217.33,850.95,,,,"     ",5.30,127.70,3.53
1771,554737189,"01771M19:15:37.003","01771 19:03:36",217.28,851.03,,,,"     ",5.30,127.45,3.53
1771,554737190,"01771M19:15:37.977","01771 19:03:37",217.22,850.98,,,,"     ",5.30,127.70,3.53
1771,554737191,"01771M19:15:38.950","01771 19:03:38",217.14,850.98,,,,"     ",5.30,127.53,3.53
1771,554737192,"01771M19:15:39.923","01771 19:03:39",217.04,851.02,,,,"     ",5.30,127.59,3.53
1771,554737193,"01771M19:15:40.896","01771 19:03:40",216.92,850.93,,,,"     ",5.30,127.94,3.54
1771,554737194,"01771M19:15:41.870","01771 19:03:41",216.79,851.01,,,,"     ",5.30,127.83,3.54
1771,554737195,"01771M19:15:42.843","01771 19:03:42",216.65,850.98,,,,"     ",5.30,127.27,3.52
1771,554737196,"01771M19:15:43.816","01771 19:03:43",216.41,850.92,,,,"     ",5.30,127.34,3.52
1771,554737197,"01771M19:15:44.790","01771 19:03:44",216.48,851.00,,,,"     ",5.30,127.13,3.52
1771,554737198,"01771M19:15:45.763","01771 19:03:45",216.54,850.98,,,,"     ",5.30,127.72,3.53
1771,554737199,"01771M19:15:46.736","01771 19:03:46",216.60,850.96,,,,"     ",5.30,128.35,3.55
1771,554737200,"01771M19:15:47.709","01771 19:03:47",216.64,850.95,,,,"     ",5.30,128.29,3.55
1771,554737201,"01771M19:15:48.683","01771 19:03:48",216.67,851.01,,,,"     ",5.30,127.59,3.53
1771,554737202,"01771M19:15:49.656","01771 19:03:49",216.70,851.02,,,,"     ",5.30,128.20,3.55
1771,554737203,"01771M19:15:50.629","01771 19:03:50",216.72,851.04,,,,"     ",5.30,128.04,3.55
1771,554737204,"01771M19:15:51.602","01771 19:03:50",216.73,851.01,,,,"     ",5.30,127.86,3.54
1771,554737205,"01771M19:15:52.576","01771 19:03:51",216.74,850.98,,,,"     ",5.30,127.32,3.53
1771,554737206,"01771M19:15:53.549","01771 19:03:52",216.73,851.00,,,,"     ",5.30,127.33,3.53
1771,554737207,"01771M19:15:54.522","01771 19:03:53",216.72,850.96,,,,"     ",5.30,127.06,3.52
1771,554737208,"01771M19:15:55.495","01771 19:03:54",216.69,851.02,,,,"     ",5.30,127.46,3.53
1771,554737209,"01771M19:15:56.469","01771 19:03:55",216.66,851.07,,,,"     ",5.30,127.79,3.54
1771,554737210,"01771M19:15:57.442","01771 19:03:56",216.61,850.98,,,,"     ",5.30,127.57,3.53
1771,554737211,"01771M19:15:58.415","01771 19:03:57",216.59,851.05,,,,"     ",5.30,127.43,3.53
1771,554737212,"01771M19:15:59.388","01771 19:03:58",216.59,850.99,,,,"     ",5.30,127.14,3.52
1771,554737213,"01771M19:16:00.362","01771 19:03:59",216.60,851.01,,,,"     ",5.30,127.34,3.53
1771,554737214,"01771M19:16:01.335","01771 19:04:00",216.61,851.01,,,,"     ",5.30,127.62,3.54
1771,554737215,"01771M19:16:02.308","01771 19:04:01",216.63,851.04,,,,"     ",5.30,126.11,3.49
1771,554737216,"01771M19:16:03.281","01771 19:04:02",216.66,851.09,,,,"     ",5.30,127.66,3.54
1771,554737217,"01771M19:16:04.255","01771 19:04:03",216.71,851.11,,,,"     ",5.30,127.05,3.52
1771,554737218,"01771M19:16:05.228","01771 19:04:04",216.77,851.21,,,,"     ",5.30,125.74,3.48
1771,554737219,"01771M19:16:06.201","01771 19:04:05",216.84,851.21,,,,"     ",5.30,127.28,3.53
1771,554737220,"01771M19:16:07.174","01771 19:04:06",216.89,851.18,,,,"     ",5.30,127.57,3.54
1771,554737221,"01771M19:16:08.148","01771 19:04:07",216.90,851.12,,,,"     ",5.30,127.68,3.54
1771,554737222,"01771M19:16:09.121","01771 19:04:08",216.88,851.13,,,,"     ",5.30,126.63,3.51
1771,554737223,"01771M19:16:10.094","01771 19:04:09",216.82,851.15,,,,"     ",5.30,127.56,3.54
1771,554737224,"01771M19:16:11.067","01771 19:04:10",216.74,851.21,,,,"     ",5.30,127.09,3.52
1771,554737225,"01771M19:16:12.041","01771 19:04:11",216.66,851.21,,,,"     ",5.30,127.29,3.53
1771,554737226,"01771M19:16:13.014","01771 19:04:12",216.60,851.12,,,,"     ",5.30,126.98,3.52
1771,554737227,"01771M19:16:13.987","01771 19:04:13",216.57,851.11,,,,"     ",5.30,126.89,3.52
1771,554737228,"01771M19:16:14.960","01771 19:04:14",216.57,851.14,,,,"     ",5.30,126.21,3.50
1771,554737229,"01771M19:16:15.934","01771 19:04:15",216.59,851.09,,,,"     ",5.30,126.99,3.52
1771,554737230,"01771M19:16:16.907","01771 19:04:16",216.62,851.20,,,,"     ",5.30,127.67,3.54
1771,554737231,"01771M19:16:17.880","01771 19:04:17",216.67,851.27,,,,"     ",5.30,126.72,3.52
1771,554737232,"01771M19:16:18.853","01771 19:04:18",216.73,851.19,,,,"     ",5.30,126.79,3.52
1771,554737233,"01771M19:16:19.827","01771 19:04:19",216.78,851.11,,,,"     ",5.30,126.51,3.51
1771,554737234,"01771M19:16:20.800","01771 19:04:20",216.81,851.11,,,,"     ",5.30,126.55,3.51
1771,554737235,"01771M19:16:21.773","01771 19:04:21",216.82,851.13,,,,"     ",5.30,127.01,3.53
1771,554737236,"01771M19:16:22.746","01771 19:04:22",216.82,851.05,,,,"     ",5.30,126.67,3.51
1771,554737237,"01771M19:16:23.720","01771 19:04:23",216.80,851.06,,,,"     ",5.30,127.17,3.53
1771,554737238,"01771M19:16:24.693","01771 19:04:24",216.78,851.13,,,,"     ",5.30,126.53,3.51
1771,554737239,"01771M19:16:25.666","01771 19:04:25",216.72,851.13,,,,"     ",5.30,126.78,3.52
1771,554737240,"01771M19:16:26.639","01771 19:04:26",216.64,851.11,,,,"     ",5.30,127.46,3.54
1771,554737241,"01771M19:16:27.613","01771 19:04:26",216.55,851.18,,,,"     ",5.30,127.24,3.53
1771,554737242,"01771M19:16:28.586","01771 19:04:27",216.44,851.13,,,,"     ",5.30,127.11,3.53
1771,554737243,"01771M19:16:29.559","01771 19:04:28",216.35,851.22,,,,"     ",5.30,127.65,3.55
1771,554737244,"01771M19:16:30.532","01771 19:04:29",216.28,851.20,,,,"     ",5.30,125.77,3.49
1771,554737245,"01771M19:16:31.506","01771 19:04:30",216.24,851.18,,,,"     ",5.30,127.04,3.53
1771,554737246,"01771M19:16:32.479","01771 19:04:31",216.23,851.25,,,,"     ",5.30,127.59,3.55
1771,554737247,"01771M19:16:33.452","01771 19:04:32",216.25,851.25,,,,"     ",5.30,126.01,3.50
1771,554737248,"01771M19:16:34.425","01771 19:04:33",216.29,851.12,,,,"     ",5.30,127.19,3.53
1771,554737249,"01771M19:16:35.399","01771 19:04:34",216.34,851.17,,,,"     ",5.30,127.09,3.53
1771,554737250,"01771M19:16:36.372","01771 19:04:35",216.39,851.27,,,,"     ",5.30,126.70,3.52
1771,554737251,"01771M19:16:37.345","01771 19:04:36",216.43,851.29,,,,"     ",5.30,127.23,3.54
1771,554737252,"01771M19:16:38.318","01771 19:04:37",216.47,851.29,,,,"     ",5.30,126.39,3.51
1771,554737253,"01771M19:16:39.292","01771 19:04:38",216.52,851.27,,,,"     ",5.30,127.18,3.53
1771,554737254,"01771M19:16:40.265","01771 19:04:39",216.57,851.31,,,,"     ",5.30,126.18,3.51
1771,554737255,"01771M19:16:41.238","01771 19:04:40",216.64,851.31,,,,"     ",5.30,127.23,3.54
1771,554737256,"01771M19:16:42.211","01771 19:04:41",216.73,851.30,,,,"     ",5.30,126.47,3.51
1771,554737257,"01771M19:16:43.185","01771 19:04:42",216.82,851.30,,,,"     ",5.30,127.39,3.54
1771,554737258,"01771M19:16:44.158","01771 19:04:43",216.93,851.24,,,,"     ",5.30,127.19,3.54
1771,554737259,"01771M19:16:45.131","01771 19:04:44",217.01,851.24,,,,"     ",5.30,127.26,3.54
1771,554737260,"01771M19:16:46.104","01771 19:04:45",217.06,851.22,,,,"     ",5.30,126.65,3.52
1771,554737261,"01771M19:16:47.078","01771 19:04:46",217.06,851.22,,,,"     ",5.30,126.78,3.52
1771,554737262,"01771M19:16:48.051","01771 19:04:47",217.03,851.24,,,,"     ",5.30,126.65,3.52
1771,554737263,"01771M19:16:49.024","01771 19:04:48",216.97,851.25,,,,"     ",5.30,126.55,3.52
1771,554737264,"01771M19:16:49.997","01771 19:04:49",216.89,851.29,,,,"     ",5.30,126.93,3.53
1771,554737265,"01771M19:16:50.971","01771 19:04:50",216.80,851.40,,,,"     ",5.30,126.88,3.53
1771,554737266,"01771M19:16:51.944","01771 19:04:51",216.70,851.36,,,,"     ",5.30,127.53,3.55
1771,554737267,"01771M19:16:52.917","01771 19:04:52",216.59,851.27,,,,"     ",5.30,127.38,3.54
1771,554737268,"01771M19:16:53.891","01771 19:04:53",216.48,851.26,,,,"     ",5.30,126.71,3.52
1771,554737269,"01771M19:16:54.864","01771 19:04:54",216.38,851.30,,,,"     ",5.30,126.50,3.52
1771,554737270,"01771M19:16:55.837","01771 19:04:55",216.29,851.29,,,,"     ",5.30,126.94,3.53
1771,554737271,"01771M19:16:56.810","01771 19:04:56",216.25,851.32,,,,"     ",5.30,127.42,3.55
1771,554737272,"01771M19:16:57.784","01771 19:04:57",216.24,851.29,,,,"     ",5.30,126.99,3.53
1771,554737273,"01771M19:16:58.757","01771 19:04:58",216.28,851.40,,,,"     ",5.30,126.84,3.53
1771,554737274,"01771M19:16:59.730","01771 19:04:59",216.34,851.34,,,,"     ",5.30,126.80,3.53
1771,554737275,"01771M19:17:00.703","01771 19:05:00",216.41,851.31,,,,"     ",5.30,127.09,3.54
1771,554737276,"01771M19:17:01.677","01771 19:05:01",216.47,851.34,,,,"     ",5.30,126.18,3.51
1771,554737277,"01771M19:17:02.650","01771 19:05:02",216.51,851.25,,,,"     ",5.30,126.93,3.53
1771,554737278,"01771M19:17:03.623","01771 19:05:03",216.53,851.34,,,,"     ",5.30,127.14,3.54
1771,554737279,"01771M19:17:04.596","01771 19:05:03",216.55,851.40,,,,"     ",5.30,127.14,3.54
1771,554737280,"01771M19:17:05.570","01771 19:05:04",216.56,851.42,,,,"     ",5.30,126.19,3.51
1771,554737281,"01771M19:17:06.543","01771 19:05:05",216.57,851.40,,,,"     ",5.30,126.61,3.52
1771,554737282,"01771M19:17:07.516","01771 19:05:06",216.56,851.40,,,,"     ",5.30,127.72,3.56
1771,554737283,"01771M19:17:08.489","01771 19:05:07",216.53,851.42,,,,"     ",5.30,125.42,3.49
1771,554737284,"01771M19:17:09.463","01771 19:05:08",216.47,851.41,,,,"     ",5.30,127.39,3.55
1771,554737285,"01771M19:17:10.436","01771 19:05:09",216.38,851.47,,,,"     ",5.30,126.29,3.52
1771,554737286,"01771M19:17:11.409","01771 19:05:10",216.26,851.39,,,,"     ",5.30,125.32,3.49
1771,554737287,"01771M19:17:12.382","01771 19:05:11",216.16,851.38,,,,"     ",5.30,125.99,3.51
1771,554737288,"01771M19:17:13.356","01771 19:05:12",216.11,851.35,,,,"     ",5.30,126.98,3.54
1771,554737289,"01771M19:17:14.329","01771 19:05:13",216.09,851.39,,,,"     ",5.30,127.37,3.55
1771,554737290,"01771M19:17:15.302","01771 19:05:14",216.13,851.42,,,,"     ",5.30,125.94,3.51
1771,554737291,"01771M19:17:16.275","01771 19:05:15",216.20,851.40,,,,"     ",5.30,126.80,3.53
1771,554737292,"01771M19:17:17.249","01771 19:05:16",216.27,851.39,,,,"     ",5.30,126.04,3.51
1771,554737293,"01771M19:17:18.222","01771 19:05:17",216.32,851.41,,,,"     ",5.30,127.00,3.54
1771,554737294,"01771M19:17:19.195","01771 19:05:18",216.36,851.41,,,,"     ",5.30,126.32,3.52
1771,554737295,"01771M19:17:20.168","01771 19:05:19",216.36,851.41,,,,"     ",5.30,127.47,3.55
1771,554737296,"01771M19:17:21.142","01771 19:05:20",216.34,851.43,,,,"     ",5.30,127.20,3.55
1771,554737297,"01771M19:17:22.115","01771 19:05:21",216.31,851.36,,,,"     ",5.30,126.30,3.52
1771,554737298,"01771M19:17:23.088","01771 19:05:22",216.29,851.41,,,,"     ",5.30,126.87,3.54
1771,554737299,"01771M19:17:24.061","01771 19:05:23",216.26,851.40,,,,"     ",5.30,126.68,3.53
1771,554737300,"01771M19:17:25.035","01771 19:05:24",216.24,851.38,,,,"     ",5.30,125.93,3.51
1771,554737301,"01771M19:17:26.008","01771 19:05:25",216.19,851.42,,,,"     ",5.30,126.53,3.53
1771,554737302,"01771M19:17:26.981","01771 19:05:26",216.13,851.46,,,,"     ",5.30,126.15,3.52
1771,554737303,"01771M19:17:27.954","01771 19:05:27",216.05,851.49,,,,"     ",5.30,126.84,3.53
1771,554737304,"01771M19:17:28.928","01771 19:05:28",215.97,851.48,,,,"     ",5.30,126.39,3.52
1771,554737305,"01771M19:17:29.901","01771 19:05:29",215.94,851.46,,,,"     ",5.30,126.53,3.53
1771,554737306,"01771M19:17:30.874","01771 19:05:30",215.96,851.51,,,,"     ",5.30,126.25,3.52
1771,554737307,"01771M19:17:31.847","01771 19:05:31",216.04,851.49,,,,"     ",5.30,126.54,3.53
1771,554737308,"01771M19:17:32.821","01771 19:05:32",216.16,851.53,,,,"     ",5.30,127.02,3.54
1771,554737309,"01771M19:17:33.794","01771 19:05:33",216.28,851.51,,,,"     ",5.30,126.49,3.53
1771,554737310,"01771M19:17:34.767","01771 19:05:34",216.37,851.53,,,,"     ",5.30,127.01,3.54
1771,554737311,"01771M19:17:35.740","01771 19:05:35",216.41,851.54,,,,"     ",5.30,126.70,3.54
1771,554737312,"01771M19:17:36.714","01771 19:05:36",216.43,851.48,,,,"     ",5.30,127.03,3.54
1771,554737313,"01771M19:17:37.687","01771 19:05:37",216.43,851.51,,,,"     ",5.30,127.45,3.56
1771,554737314,"01771M19:17:38.660","01771 19:05:38",216.42,851.44,,,,"     ",5.30,126.60,3.53
1771,554737315,"01771M19:17:39.633","01771 19:05:39",216.40,851.42,,,,"     ",5.30,126.33,3.52
1771,554737316,"01771M19:17:40.607","01771 19:05:40",216.36,851.56,,,,"     ",5.30,127.03,3.54
1771,554737317,"01771M19:17:41.580","01771 19:05:40",216.33,851.58,,,,"     ",5.30,126.22,3.52
1771,554737318,"01771M19:17:42.553","01771 19:05:41",216.28,851.51,,,,"     ",5.30,126.48,3.53
1771,554737319,"01771M19:17:43.526","01771 19:05:42",216.24,851.47,,,,"     ",5.30,126.72,3.54
1771,554737320,"01771M19:17:44.500","01771 19:05:43",216.20,851.50,,,,"     ",5.30,127.25,3.55
1771,554737321,"01771M19:17:45.473","01771 19:05:44",216.16,851.44,,,,"     ",5.30,127.43,3.56
1771,554737322,"01771M19:17:46.446","01771 19:05:45",216.14,851.49,,,,"     ",5.30,126.66,3.53
1771,554737323,"01771M19:17:47.419","01771 19:05:46",216.14,851.40,,,,"     ",5.30,126.97,3.54
1771,554737324,"01771M19:17:48.393","01771 19:05:47",216.18,851.42,,,,"     ",5.30,127.27,3.55
1771,554737325,"01771M19:17:49.366","01771 19:05:48",216.24,851.52,,,,"     ",5.30,126.44,3.53
1771,554737326,"01771M19:17:50.339","01771 19:05:49",216.31,851.49,,,,"     ",5.30,126.78,3.54
1771,554737327,"01771M19:17:51.312","01771 19:05:50",216.37,851.62,,,,"     ",5.30,126.91,3.54
1771,554737328,"01771M19:17:52.286","01771 19:05:51",216.41,851.54,,,,"     ",5.30,126.58,3.53
1771,554737329,"01771M19:17:53.259","01771 19:05:52",216.43,851.54,,,,"     ",5.30,127.29,3.55
1771,554737330,"01771M19:17:54.232","01771 19:05:53",216.44,851.60,,,,"     ",5.30,126.96,3.54
1771,554737331,"01771M19:17:55.205","01771 19:05:54",216.46,851.55,,,,"     ",5.30,126.65,3.54
1771,554737332,"01771M19:17:56.179","01771 19:05:55",216.49,851.57,,,,"     ",5.30,125.90,3.52
1771,554737333,"01771M19:17:57.152","01771 19:05:56",216.54,851.59,,,,"     ",5.30,127.35,3.56
1771,554737334,"01771M19:17:58.125","01771 19:05:57",216.57,851.62,,,,"     ",5.30,127.30,3.56
1771,554737335,"01771M19:17:59.098","01771 19:05:58",216.58,851.63,,,,"     ",5.30,126.82,3.54
1771,554737336,"01771M19:18:00.072","01771 19:05:59",216.56,851.60,,,,"     ",5.30,126.83,3.54
1771,554737337,"01771M19:18:01.045","01771 19:06:00",216.55,851.56,,,,"     ",5.30,127.04,3.55
1771,554737338,"01771M19:18:02.018","01771 19:06:01",216.56,851.61,,,,"     ",5.30,126.40,3.53
1771,554737339,"01771M19:18:02.992","01771 19:06:02",216.60,851.51,,,,"     ",5.30,127.04,3.55
1771,554737340,"01771M19:18:03.965","01771 19:06:03",216.63,851.48,,,,"     ",5.30,127.52,3.56
1771,554737341,"01771M19:18:04.938","01771 19:06:04",216.67,851.51,,,,"     ",5.30,126.57,3.53
1771,554737342,"01771M19:18:05.911","01771 19:06:05",216.69,851.54,,,,"     ",5.30,127.75,3.57
1771,554737343,"01771M19:18:06.885","01771 19:06:06",216.71,851.51,,,,"     ",5.30,127.24,3.56
1771,554737344,"01771M19:18:07.858","01771 19:06:07",216.71,851.58,,,,"     ",5.30,126.75,3.54
1771,554737345,"01771M19:18:08.831","01771 19:06:08",216.68,851.60,,,,"     ",5.30,126.70,3.54
1771,554737346,"01771M19:18:09.804","01771 19:06:09",216.63,851.62,,,,"     ",5.30,126.82,3.54
1771,554737347,"01771M19:18:10.778","01771 19:06:10",216.58,851.63,,,,"     ",5.30,127.62,3.57
1771,554737348,"01771M19:18:11.751","01771 19:06:11",216.55,851.60,,,,"     ",5.30,127.60,3.57
1771,554737349,"01771M19:18:12.724","01771 19:06:12",216.56,851.72,,,,"     ",5.30,126.96,3.55
1771,554737350,"01771M19:18:13.697","01771 19:06:13",216.59,851.70,,,,"     ",5.30,126.60,3.54
1771,554737351,"01771M19:18:14.671","01771 19:06:14",216.64,851.73,,,,"     ",5.30,127.57,3.56
1771,554737352,"01771M19:18:15.644","01771 19:06:15",216.70,851.67,,,,"     ",5.30,127.08,3.55
1771,554737353,"01771M19:18:16.617","01771 19:06:16",216.77,851.66,,,,"     ",5.30,126.97,3.55
1771,554737354,"01771M19:18:17.590","01771 19:06:16",216.83,851.58,,,,"     ",5.30,126.99,3.55
1771,554737355,"01771M19:18:18.564","01771 19:06:17",216.89,851.67,,,,"     ",5.30,126.93,3.55
1771,554737356,"01771M19:18:19.537","01771 19:06:18",216.96,851.71,,,,"     ",5.30,127.26,3.56
1771,554737357,"01771M19:18:20.510","01771 19:06:19",217.03,851.75,,,,"     ",5.30,127.19,3.55
1771,554737358,"01771M19:18:21.483","01771 19:06:20",217.10,851.63,,,,"     ",5.30,126.51,3.53
1771,554737359,"01771M19:18:22.457","01771 19:06:21",217.15,851.65,,,,"     ",5.30,126.93,3.55
1771,554737360,"01771M19:18:23.430","01771 19:06:22",217.17,851.67,,,,"     ",5.30,126.61,3.54
1771,554737361,"01771M19:18:24.403","01771 19:06:23",217.16,851.68,,,,"     ",5.30,127.46,3.56
1771,554737362,"01771M19:18:25.376","01771 19:06:24",217.14,851.69,,,,"     ",5.30,125.74,3.51
1771,554737363,"01771M19:18:26.350","01771 19:06:25",217.12,851.76,,,,"     ",5.30,127.34,3.56
1771,554737364,"01771M19:18:27.323","01771 19:06:26",217.13,851.73,,,,"     ",5.30,126.44,3.53
1771,554737365,"01771M19:18:28.296","01771 19:06:27",217.16,851.72,,,,"     ",5.30,127.12,3.55
1771,554737366,"01771M19:18:29.269","01771 19:06:28",217.21,851.76,,,,"     ",5.30,126.58,3.54
1771,554737367,"01771M19:18:30.243","01771 19:06:29",217.27,851.75,,,,"     ",5.30,126.31,3.53
1771,554737368,"01771M19:18:31.216","01771 19:06:30",217.34,851.80,,,,"     ",5.30,126.29,3.53
1771,554737369,"01771M19:18:32.189","01771 19:06:31",217.39,851.86,,,,"     ",5.30,126.25,3.53
1771,554737370,"01771M19:18:33.162","01771 19:06:32",217.41,851.79,,,,"     ",5.30,127.06,3.55
1771,554737371,"01771M19:18:34.136","01771 19:06:33",217.38,851.76,,,,"     ",5.30,127.40,3.56
1771,554737372,"01771M19:18:35.109","01771 19:06:34",217.30,851.80,,,,"     ",5.30,127.15,3.55
1771,554737373,"01771M19:18:36.082","01771 19:06:35",217.20,851.82,,,,"     ",5.30,127.24,3.56
1771,554737374,"01771M19:18:37.055","01771 19:06:36",217.10,851.81,,,,"     ",5.30,126.92,3.55
1771,554737375,"01771M19:18:38.029","01771 19:06:37",216.99,851.74,,,,"     ",5.30,127.50,3.56
1771,554737376,"01771M19:18:39.002","01771 19:06:38",216.89,851.73,,,,"     ",5.30,127.92,3.58
1771,554737377,"01771M19:18:39.975","01771 19:06:39",216.79,851.72,,,,"     ",5.30,127.40,3.56
1771,554737378,"01771M19:18:40.948","01771 19:06:40",216.71,851.78,,,,"     ",5.30,126.77,3.54
1771,554737379,"01771M19:18:41.922","01771 19:06:41",216.65,851.82,,,,"     ",5.30,127.73,3.57
1771,554737380,"01771M19:18:42.895","01771 19:06:42",216.62,851.78,,,,"     ",5.30,126.60,3.54
1771,554737381,"01771M19:18:43.868","01771 19:06:43",216.63,851.86,,,,"     ",5.30,127.49,3.57
1771,554737382,"01771M19:18:44.841","01771 19:06:44",216.70,851.84,,,,"     ",5.30,126.49,3.54
1771,554737383,"01771M19:18:45.815","01771 19:06:45",216.80,851.78,,,,"     ",5.30,126.18,3.53
1771,554737384,"01771M19:18:46.788","01771 19:06:46",216.92,851.78,,,,"     ",5.30,127.74,3.57
1771,554737385,"01771M19:18:47.761","01771 19:06:47",217.05,851.83,,,,"     ",5.30,126.21,3.53
1771,554737386,"01771M19:18:48.734","01771 19:06:48",217.16,851.82,,,,"     ",5.30,127.63,3.57
1771,554737387,"01771M19:18:49.708","01771 19:06:49",217.25,851.64,,,,"     ",5.30,127.12,3.55
1771,554737388,"01771M19:18:50.681","01771 19:06:50",217.30,851.74,,,,"     ",5.30,127.73,3.57
1771,554737389,"01771M19:18:51.654","01771 19:06:51",217.34,851.81,,,,"     ",5.30,127.16,3.55
1771,554737390,"01771M19:18:52.627","01771 19:06:52",217.38,851.80,,,,"     ",5.30,127.18,3.56
1771,554737391,"01771M19:18:53.601","01771 19:06:53",217.41,851.83,,,,"     ",5.30,127.63,3.57
1771,554737392,"01771M19:18:54.574","01771 19:06:53",217.41,851.82,,,,"     ",5.30,127.11,3.55
1771,554737393,"01771M19:18:55.547","01771 19:06:54",217.39,851.86,,,,"     ",5.30,128.10,3.58
1771,554737394,"01771M19:18:56.520","01771 19:06:55",217.36,851.85,,,,"     ",5.30,127.28,3.56
1771,554737395,"01771M19:18:57.494","01771 19:06:56",217.31,851.91,,,,"     ",5.30,127.14,3.55
1771,554737396,"01771M19:18:58.467","01771 19:06:57",217.25,851.91,,,,"     ",5.30,127.24,3.56
1771,554737397,"01771M19:18:59.440","01771 19:06:58",217.20,851.83,,,,"     ",5.30,127.25,3.56
1771,554737398,"01771M19:19:00.413","01771 19:06:59",217.16,851.93,,,,"     ",5.30,127.13,3.55
1771,554737399,"01771M19:19:01.387","01771 19:07:00",217.15,851.83,,,,"     ",5.30,127.39,3.56
1771,554737400,"01771M19:19:02.360","01771 19:07:01",217.16,851.92,,,,"     ",5.30,127.99,3.58
1771,554737401,"01771M19:19:03.333","01771 19:07:02",217.19,851.95,,,,"     ",5.30,128.03,3.58
1771,554737402,"01771M19:19:04.306","01771 19:07:03",217.22,851.87,,,,"     ",5.30,128.08,3.58
1771,554737403,"01771M19:19:05.280","01771 19:07:04",217.23,851.90,,,,"     ",5.30,126.85,3.55
1771,554737404,"01771M19:19:06.253","01771 19:07:05",217.24,851.90,,,,"     ",5.30,128.04,3.58
1771,554737405,"01771M19:19:07.226","01771 19:07:06",217.24,851.90,,,,"     ",5.30,127.62,3.57
1771,554737406,"01771M19:19:08.199","01771 19:07:07",217.24,851.89,,,,"     ",5.30,127.16,3.56
1771,554737407,"01771M19:19:09.173","01771 19:07:08",217.27,851.90,,,,"     ",5.30,127.61,3.57
1771,554737408,"01771M19:19:10.146","01771 19:07:09",217.32,851.93,,,,"     ",5.30,127.89,3.58
1771,554737409,"01771M19:19:11.119","01771 19:07:10",217.39,851.93,,,,"     ",5.30,127.27,3.56
1771,554737410,"01771M19:19:12.092","01771 19:07:11",217.46,851.81,,,,"     ",5.30,128.15,3.58
1771,554737411,"01771M19:19:13.066","01771 19:07:12",217.53,851.90,,,,"     ",5.30,126.99,3.55
1771,554737412,"01771M19:19:14.039","01771 19:07:13",217.59,851.96,,,,"     ",5.30,127.56,3.57
1771,554737413,"01771M19:19:15.012","01771 19:07:14",217.63,851.87,,,,"     ",5.30,127.10,3.55
1771,554737414,"01771M19:19:15.986","01771 19:07:15",217.67,851.96,,,,"     ",5.30,127.51,3.57
1771,554737415,"01771M19:19:16.959","01771 19:07:16",217.71,851.95,,,,"     ",5.30,126.96,3.55
1771,554737416,"01771M19:19:17.932","01771 19:07:17",217.74,851.99,,,,"     ",5.30,127.74,3.57
1771,554737417,"01771M19:19:18.905","01771 19:07:18",217.74,851.98,,,,"     ",5.30,127.20,3.56
1771,554737418,"01771M19:19:19.879","01771 19:07:19",217.71,851.97,,,,"     ",5.30,127.23,3.56
1771,554737419,"01771M19:19:20.852","01771 19:07:20",217.64,852.00,,,,"     ",5.30,127.13,3.56
1771,554737420,"01771M19:19:21.825","01771 19:07:21",217.56,851.95,,,,"     ",5.30,127.57,3.57
1771,554737421,"01771M19:19:22.798","01771 19:07:22",217.47,851.96,,,,"     ",5.30,127.32,3.56
1771,554737422,"01771M19:19:23.772","01771 19:07:23",217.37,851.98,,,,"     ",5.30,126.57,3.54
1771,554737423,"01771M19:19:24.745","01771 19:07:24",217.27,852.02,,,,"     ",5.30,127.51,3.57
1771,554737424,"01771M19:19:25.718","01771 19:07:25",217.18,852.16,,,,"     ",5.30,127.50,3.57
1771,554737425,"01771M19:19:26.691","01771 19:07:26",217.11,852.09,,,,"     ",5.30,127.19,3.56
1771,554737426,"01771M19:19:27.665","01771 19:07:27",217.07,852.04,,,,"     ",5.30,126.78,3.55
1771,554737427,"01771M19:19:28.638","01771 19:07:28",217.06,852.03,,,,"     ",5.30,126.86,3.55
1771,554737428,"01771M19:19:29.611","01771 19:07:29",217.07,852.00,,,,"     ",5.30,127.45,3.57
1771,554737429,"01771M19:19:30.584","01771 19:07:30",217.09,852.00,,,,"     ",5.30,127.74,3.58
1771,554737430,"01771M19:19:31.558","01771 19:07:30",217.11,852.03,,,,"     ",5.30,126.78,3.55
1771,554737431,"01771M19:19:32.531","01771 19:07:31",217.13,852.09,,,,"     ",5.30,126.65,3.54
1771,554737432,"01771M19:19:33.504","01771 19:07:32",217.14,852.08,,,,"     ",5.30,126.77,3.55
1771,554737433,"01771M19:19:34.477","01771 19:07:33",217.16,852.03,,,,"     ",5.30,126.01,3.53
1771,554737434,"01771M19:19:35.451","01771 19:07:34",217.17,851.96,,,,"     ",5.30,126.76,3.55
1771,554737435,"01771M19:19:36.424","01771 19:07:35",217.17,852.01,,,,"     ",5.30,127.46,3.57
1771,554737436,"01771M19:19:37.397","01771 19:07:36",217.17,852.03,,,,"     ",5.30,126.71,3.55
1771,554737437,"01771M19:19:38.370","01771 19:07:37",217.16,852.06,,,,"     ",5.30,126.94,3.55
1771,554737438,"01771M19:19:39.344","01771 19:07:38",217.14,852.05,,,,"     ",5.30,127.14,3.56
1771,554737439,"01771M19:19:40.317","01771 19:07:39",217.11,852.04,,,,"     ",5.30,126.95,3.56
1771,554737440,"01771M19:19:41.290","01771 19:07:40",217.09,852.00,,,,"     ",5.30,126.44,3.54
1771,554737441,"01771M19:19:42.263","01771 19:07:41",217.06,852.00,,,,"     ",5.30,127.02,3.56
1771,554737442,"01771M19:19:43.237","01771 19:07:42",217.02,852.06,,,,"     ",5.30,126.77,3.55
1771,554737443,"01771M19:19:44.210","01771 19:07:43",216.96,852.05,,,,"     ",5.30,126.19,3.53
1771,554737444,"01771M19:19:45.183","01771 19:07:44",216.89,852.23,,,,"     ",5.30,127.47,3.57
1771,554737445,"01771M19:19:46.156","01771 19:07:45",216.81,852.19,,,,"     ",5.30,127.09,3.56
1771,554737446,"01771M19:19:47.130","01771 19:07:46",216.73,852.23,,,,"     ",5.30,125.64,3.52
1771,554737447,"01771M19:19:48.103","01771 19:07:47",216.67,852.17,,,,"     ",5.30,126.54,3.55
1771,554737448,"01771M19:19:49.076","01771 19:07:48",216.62,852.08,,,,"     ",5.30,126.28,3.54
1771,554737449,"01771M19:19:50.049","01771 19:07:49",216.59,852.11,,,,"     ",5.30,125.90,3.53
1771,554737450,"01771M19:19:51.023","01771 19:07:50",216.58,852.18,,,,"     ",5.30,126.60,3.55
1771,554737451,"01771M19:19:51.996","01771 19:07:51",216.61,852.18,,,,"     ",5.30,125.94,3.53
1771,554737452,"01771M19:19:52.969","01771 19:07:52",216.65,852.10,,,,"     ",5.30,126.26,3.54
1771,554737453,"01771M19:19:53.942","01771 19:07:53",216.71,852.19,,,,"     ",5.30,125.87,3.53
1771,554737454,"01771M19:19:54.916","01771 19:07:54",216.75,852.13,,,,"     ",5.30,125.59,3.52
1771,554737455,"01771M19:19:55.889","01771 19:07:55",216.77,852.20,,,,"     ",5.30,125.86,3.53
1771,554737456,"01771M19:19:56.862","01771 19:07:56",216.78,852.17,,,,"     ",5.30,126.05,3.53
1771,554737457,"01771M19:19:57.835","01771 19:07:57",216.77,852.11,,,,"     ",5.30,126.59,3.55
1771,554737458,"01771M19:19:58.809","01771 19:07:58",216.73,852.21,,,,"     ",5.30,126.73,3.56
1771,554737459,"01771M19:19:59.782","01771 19:07:59",216.69,852.24,,,,"     ",5.30,126.90,3.56
1771,554737460,"01771M19:20:00.755","01771 19:08:00",216.64,852.23,,,,"     ",5.30,126.16,3.54
1771,554737461,"01771M19:20:01.728","01771 19:08:01",216.59,852.24,,,,"     ",5.30,126.26,3.54
1771,554737462,"01771M19:20:02.702","01771 19:08:02",216.54,852.27,,,,"     ",5.30,126.58,3.55
1771,554737463,"01771M19:20:03.675","01771 19:08:03",216.49,852.22,,,,"     ",5.30,126.55,3.55
1771,554737464,"01771M19:20:04.648","01771 19:08:04",216.44,852.25,,,,"     ",5.30,126.45,3.55
1771,554737465,"01771M19:20:05.621","01771 19:08:05",216.42,852.20,,,,"     ",5.30,125.91,3.53
1771,554737466,"01771M19:20:06.595","01771 19:08:06",216.43,852.20,,,,"     ",5.30,126.17,3.54
1771,554737467,"01771M19:20:07.568","01771 19:08:07",216.48,852.24,,,,"     ",5.30,126.83,3.56
1771,554737468,"01771M19:20:08.541","01771 19:08:07",216.58,852.20,,,,"     ",5.30,126.24,3.55
1771,554737469,"01771M19:20:09.514","01771 19:08:08",216.69,852.22,,,,"     ",5.30,126.61,3.56
1771,554737470,"01771M19:20:10.488","01771 19:08:09",216.77,852.20,,,,"     ",5.30,126.06,3.54
1771,554737471,"01771M19:20:11.461","01771 19:08:10",216.83,852.20,,,,"     ",5.30,126.01,3.54
1771,554737472,"01771M19:20:12.434","01771 19:08:11",216.85,852.22,,,,"     ",5.30,127.00,3.57
1771,554737473,"01771M19:20:13.407","01771 19:08:12",216.85,852.26,,,,"     ",5.30,126.54,3.56
1771,554737474,"01771M19:20:14.381","01771 19:08:13",216.83,852.20,,,,"     ",5.30,126.74,3.56
1771,554737475,"01771M19:20:15.354","01771 19:08:14",216.80,852.20,,,,"     ",5.30,126.14,3.54
1771,554737476,"01771M19:20:16.327","01771 19:08:15",216.79,852.29,,,,"     ",5.30,126.63,3.56
1771,554737477,"01771M19:20:17.300","01771 19:08:16",216.80,852.31,,,,"     ",5.30,125.51,3.53
1771,554737478,"01771M19:20:18.274","01771 19:08:17",216.79,852.25,,,,"     ",5.30,126.54,3.56
1771,554737479,"01771M19:20:19.247","01771 19:08:18",216.77,852.19,,,,"     ",5.30,126.56,3.56
1771,554737480,"01771M19:20:20.220","01771 19:08:19",216.74,852.23,,,,"     ",5.30,126.55,3.56
1771,554737481,"01771M19:20:21.193","01771 19:08:20",216.72,852.26,,,,"     ",5.30,126.93,3.57
1771,554737482,"01771M19:20:22.167","01771 19:08:21",216.70,852.27,,,,"     ",5.30,126.83,3.56
1771,554737483,"01771M19:20:23.140","01771 19:08:22",216.70,852.33,,,,"     ",5.30,126.83,3.56
1771,554737484,"01771M19:20:24.113","01771 19:08:23",216.69,852.39,,,,"     ",5.30,128.09,3.60
1771,554737485,"01771M19:20:25.087","01771 19:08:24",216.69,852.40,,,,"     ",5.30,126.68,3.56
1771,554737486,"01771M19:20:26.060","01771 19:08:25",216.71,852.36,,,,"     ",5.30,127.01,3.57
1771,554737487,"01771M19:20:27.033","01771 19:08:26",216.72,852.25,,,,"     ",5.30,126.46,3.55
1771,554737488,"01771M19:20:28.006","01771 19:08:27",216.73,852.25,,,,"     ",5.30,126.97,3.57
1771,554737489,"01771M19:20:28.980","01771 19:08:28",216.73,852.26,,,,"     ",5.30,127.02,3.57
1771,554737490,"01771M19:20:29.953","01771 19:08:29",216.74,852.27,,,,"     ",5.30,126.59,3.56
1771,554737491,"01771M19:20:30.926","01771 19:08:30",216.77,852.22,,,,"     ",5.30,127.41,3.58
1771,554737492,"01771M19:20:31.899","01771 19:08:31",216.81,852.35,,,,"     ",5.30,127.06,3.57
1771,554737493,"01771M19:20:32.873","01771 19:08:32",216.84,852.35,,,,"     ",5.30,127.52,3.59
1771,554737494,"01771M19:20:33.846","01771 19:08:33",216.87,852.35,,,,"     ",5.30,127.62,3.59
1771,554737495,"01771M19:20:34.819","01771 19:08:34",216.90,852.28,,,,"     ",5.30,127.63,3.59
1771,554737496,"01771M19:20:35.792","01771 19:08:35",216.92,852.39,,,,"     ",5.30,126.53,3.56
1771,554737497,"01771M19:20:36.766","01771 19:08:36",216.94,852.39,,,,"     ",5.30,127.23,3.58
1771,554737498,"01771M19:20:37.739","01771 19:08:37",216.96,852.34,,,,"     ",5.30,127.67,3.59
1771,554737499,"01771M19:20:38.712","01771 19:08:38",216.98,852.30,,,,"     ",5.30,126.91,3.57
1771,554737500,"01771M19:20:39.685","01771 19:08:39",216.99,852.34,,,,"     ",5.30,127.29,3.58
1771,554737501,"01771M19:20:40.659","01771 19:08:40",217.00,852.36,,,,"     ",5.30,127.85,3.59
1771,554737502,"01771M19:20:41.632","01771 19:08:41",217.01,852.36,,,,"     ",5.30,127.35,3.58
1771,554737503,"01771M19:20:42.605","01771 19:08:42",217.02,852.40,,,,"     ",5.30,128.36,3.61
1771,554737504,"01771M19:20:43.578","01771 19:08:43",217.71,852.36,,,,"     ",5.30,127.93,3.59
1771,554737505,"01771M19:20:44.552","01771 19:08:43",217.28,852.40,,,,"     ",5.30,127.45,3.58
1771,554737506,"01771M19:20:45.525","01771 19:08:44",217.23,852.40,,,,"     ",5.30,128.31,3.61
1771,554737507,"01771M19:20:46.498","01771 19:08:45",217.18,852.31,,,,"     ",5.30,128.46,3.61
1771,554737508,"01771M19:20:47.471","01771 19:08:46",217.14,852.27,,,,"     ",5.30,128.07,3.60
1771,554737509,"01771M19:20:48.445","01771 19:08:47",217.11,852.34,,,,"     ",5.30,128.16,3.60
1771,554737510,"01771M19:20:49.418","01771 19:08:48",217.08,852.38,,,,"     ",5.30,128.06,3.60
1771,554737511,"01771M19:20:50.391","01771 19:08:49",217.06,852.42,,,,"     ",5.30,127.21,3.57
1771,554737512,"01771M19:20:51.364","01771 19:08:50",217.04,852.45,,,,"     ",5.30,127.71,3.59
1771,554737513,"01771M19:20:52.338","01771 19:08:51",217.03,852.44,,,,"     ",5.30,127.61,3.58
1771,554737514,"01771M19:20:53.311","01771 19:08:52",217.02,852.48,,,,"     ",5.30,127.66,3.59
1771,554737515,"01771M19:20:54.284","01771 19:08:53",217.02,852.44,,,,"     ",5.30,127.25,3.57
1771,554737516,"01771M19:20:55.257","01771 19:08:54",217.02,852.52,,,,"     ",5.30,126.96,3.57
1771,554737517,"01771M19:20:56.231","01771 19:08:55",217.03,852.49,,,,"     ",5.30,127.79,3.59
1771,554737518,"01771M19:20:57.204","01771 19:08:56",217.04,852.47,,,,"     ",5.30,127.33,3.58
1771,554737519,"01771M19:20:58.177","01771 19:08:57",217.06,852.50,,,,"     ",5.30,127.92,3.59
1771,554737520,"01771M19:20:59.150","01771 19:08:58",217.07,852.57,,,,"     ",5.30,128.04,3.60
1771,554737521,"01771M19:21:00.124","01771 19:08:59",217.09,852.56,,,,"     ",5.30,127.45,3.58
1771,554737522,"01771M19:21:01.097","01771 19:09:00",217.11,852.55,,,,"     ",5.30,128.17,3.60
1771,554737523,"01771M19:21:02.070","01771 19:09:01",217.14,852.57,,,,"     ",5.30,127.72,3.59
1771,554737524,"01771M19:21:03.043","01771 19:09:02",217.18,852.51,,,,"     ",5.30,127.79,3.59
1771,554737525,"01771M19:21:04.017","01771 19:09:03",217.25,852.50,,,,"     ",5.30,128.31,3.60
1771,554737526,"01771M19:21:04.990","01771 19:09:04",217.33,852.52,,,,"     ",5.30,128.49,3.61
1771,554737527,"01771M19:21:05.963","01771 19:09:05",217.40,852.55,,,,"     ",5.30,128.77,3.62
1771,554737528,"01771M19:21:06.936","01771 19:09:06",217.47,852.54,,,,"     ",5.30,128.25,3.60
1771,554737529,"01771M19:21:07.910","01771 19:09:07",217.52,852.48,,,,"     ",5.30,128.15,3.60
1771,554737530,"01771M19:21:08.883","01771 19:09:08",217.57,852.51,,,,"     ",5.30,128.64,3.61
1771,554737531,"01771M19:21:09.856","01771 19:09:09",217.61,852.49,,,,"     ",5.30,127.65,3.58
1771,554737532,"01771M19:21:10.829","01771 19:09:10",217.64,852.43,,,,"     ",5.30,128.59,3.61
1771,554737533,"01771M19:21:11.803","01771 19:09:11",217.67,852.47,,,,"     ",5.30,128.42,3.61
1771,554737534,"01771M19:21:12.776","01771 19:09:12",217.68,852.47,,,,"     ",5.30,128.70,3.61
1771,554737535,"01771M19:21:13.749","01771 19:09:13",217.68,852.48,,,,"     ",5.30,128.57,3.61
1771,554737536,"01771M19:21:14.722","01771 19:09:14",217.68,852.52,,,,"     ",5.30,128.02,3.59
1771,554737537,"01771M19:21:15.696","01771 19:09:15",217.69,852.46,,,,"     ",5.30,128.24,3.60
1771,554737538,"01771M19:21:16.669","01771 19:09:16",217.69,852.45,,,,"     ",5.30,128.01,3.59
1771,554737539,"01771M19:21:17.642","01771 19:09:17",217.70,852.45,,,,"     ",5.30,128.47,3.61
1771,554737540,"01771M19:21:18.615","01771 19:09:18",217.71,852.51,,,,"     ",5.30,128.84,3.62
1771,554737541,"01771M19:21:19.589","01771 19:09:19",217.72,852.48,,,,"     ",5.30,129.22,3.63
1771,554737542,"01771M19:21:20.562","01771 19:09:20",217.73,852.59,,,,"     ",5.30,129.16,3.63
1771,554737543,"01771M19:21:21.535","01771 19:09:20",217.73,852.54,,,,"     ",5.30,129.30,3.63
1771,554737544,"01771M19:21:22.508","01771 19:09:21",217.72,852.55,,,,"     ",5.30,129.07,3.62
1771,554737545,"01771M19:21:23.482","01771 19:09:22",217.72,852.58,,,,"     ",5.30,129.61,3.64
1771,554737546,"01771M19:21:24.455","01771 19:09:23",217.71,852.58,,,,"     ",5.30,129.27,3.63
1771,554737547,"01771M19:21:25.428","01771 19:09:24",217.70,852.54,,,,"     ",5.30,129.10,3.62
1771,554737548,"01771M19:21:26.401","01771 19:09:25",217.69,852.44,,,,"     ",5.30,129.91,3.65
1771,554737549,"01771M19:21:27.375","01771 19:09:26",217.67,852.52,,,,"     ",5.30,129.08,3.62
1771,554737550,"01771M19:21:28.348","01771 19:09:27",217.66,852.54,,,,"     ",5.30,130.55,3.66
1771,554737551,"01771M19:21:29.321","01771 19:09:28",217.64,852.60,,,,"     ",5.30,128.59,3.61
1771,554737552,"01771M19:21:30.294","01771 19:09:29",217.64,852.62,,,,"     ",5.30,129.49,3.63
1771,554737553,"01771M19:21:31.268","01771 19:09:30",217.65,852.58,,,,"     ",5.30,129.91,3.64
1771,554737554,"01771M19:21:32.241","01771 19:09:31",217.67,852.55,,,,"     ",5.30,129.49,3.63
1771,554737555,"01771M19:21:33.214","01771 19:09:32",217.70,852.56,,,,"     ",5.30,129.47,3.63
1771,554737556,"01771M19:21:34.188","01771 19:09:33",217.73,852.59,,,,"     ",5.30,131.26,3.68
1771,554737557,"01771M19:21:35.161","01771 19:09:34",217.76,852.65,,,,"     ",5.30,129.46,3.63
1771,554737558,"01771M19:21:36.134","01771 19:09:35",217.80,852.67,,,,"     ",5.30,130.31,3.65
1771,554737559,"01771M19:21:37.107","01771 19:09:36",217.85,852.69,,,,"     ",5.30,130.05,3.65
1771,554737560,"01771M19:21:38.081","01771 19:09:37",217.90,852.66,,,,"     ",5.30,130.15,3.65
1771,554737561,"01771M19:21:39.054","01771 19:09:38",217.94,852.77,,,,"     ",5.30,129.42,3.63
1771,554737562,"01771M19:21:40.027","01771 19:09:39",217.99,852.69,,,,"     ",5.30,129.63,3.63
1771,554737563,"01771M19:21:41.000","01771 19:09:40",218.02,852.66,,,,"     ",5.30,129.77,3.64
1771,554737564,"01771M19:21:41.974","01771 19:09:41",218.04,852.64,,,,"     ",5.30,130.00,3.64
1771,554737565,"01771M19:21:42.947","01771 19:09:42",218.06,852.57,,,,"     ",5.30,130.24,3.65
1771,554737566,"01771M19:21:43.920","01771 19:09:43",218.05,852.71,,,,"     ",5.30,130.31,3.65
1771,554737567,"01771M19:21:44.893","01771 19:09:44",218.04,852.65,,,,"     ",5.30,130.84,3.66
1771,554737568,"01771M19:21:45.867","01771 19:09:45",218.01,852.69,,,,"     ",5.30,129.97,3.64
1771,554737569,"01771M19:21:46.840","01771 19:09:46",217.97,852.69,,,,"     ",5.30,130.51,3.66
1771,554737570,"01771M19:21:47.813","01771 19:09:47",217.91,852.70,,,,"     ",5.30,130.45,3.65
1771,554737571,"01771M19:21:48.786","01771 19:09:48",217.85,852.65,,,,"     ",5.30,129.89,3.64
1771,554737572,"01771M19:21:49.760","01771 19:09:49",217.78,852.71,,,,"     ",5.30,129.33,3.62
1771,554737573,"01771M19:21:50.733","01771 19:09:50",217.71,852.73,,,,"     ",5.30,130.20,3.65
1771,554737574,"01771M19:21:51.706","01771 19:09:51",217.65,852.77,,,,"     ",5.30,129.74,3.63
1771,554737575,"01771M19:21:52.679","01771 19:09:52",217.58,852.70,,,,"     ",5.30,130.28,3.65
1771,554737576,"01771M19:21:53.653","01771 19:09:53",217.51,852.74,,,,"     ",5.30,129.86,3.63
1771,554737577,"01771M19:21:54.626","01771 19:09:54",217.44,852.70,,,,"     ",5.30,129.33,3.62
1771,554737578,"01771M19:21:55.599","01771 19:09:55",217.37,852.69,,,,"     ",5.30,129.13,3.61
1771,554737579,"01771M19:21:56.572","01771 19:09:56",217.31,852.70,,,,"     ",5.30,130.96,3.67
1771,554737580,"01771M19:21:57.546","01771 19:09:57",217.27,852.75,,,,"     ",5.30,129.97,3.64
1771,554737581,"01771M19:21:58.519","01771 19:09:57",217.24,852.74,,,,"     ",5.30,129.95,3.64
1771,554737582,"01771M19:21:59.492","01771 19:09:58",217.23,852.80,,,,"     ",5.30,130.57,3.66
1771,554737583,"01771M19:22:00.465","01771 19:09:59",217.23,852.77,,,,"     ",5.30,129.34,3.62
1771,554737584,"01771M19:22:01.439","01771 19:10:00",217.24,852.81,,,,"     ",5.30,128.48,3.60
1771,554737585,"01771M19:22:02.412","01771 19:10:01",217.26,852.78,,,,"     ",5.30,129.15,3.62
1771,554737586,"01771M19:22:03.385","01771 19:10:02",217.30,852.78,,,,"     ",5.30,129.50,3.63
1771,554737587,"01771M19:22:04.358","01771 19:10:03",217.34,852.81,,,,"     ",5.30,129.25,3.62
1771,554737588,"01771M19:22:05.332","01771 19:10:04",217.38,852.80,,,,"     ",5.30,129.73,3.63
1771,554737589,"01771M19:22:06.305","01771 19:10:05",217.43,852.81,,,,"     ",5.30,129.30,3.62
1771,554737590,"01771M19:22:07.278","01771 19:10:06",217.47,852.91,,,,"     ",5.30,129.28,3.62
1771,554737591,"01771M19:22:08.251","01771 19:10:07",217.50,852.92,,,,"     ",5.30,128.91,3.61
1771,554737592,"01771M19:22:09.225","01771 19:10:08",217.52,852.84,,,,"     ",5.30,129.40,3.63
1771,554737593,"01771M19:22:10.198","01771 19:10:09",217.90,852.87,,,,"     ",5.30,129.92,3.64
1771,554737594,"01771M19:22:11.171","01771 19:10:10",217.92,852.81,,,,"     ",5.30,129.22,3.62
1771,554737595,"01771M19:22:12.144","01771 19:10:11",217.93,852.87,,,,"     ",5.30,129.30,3.62
1771,554737596,"01771M19:22:13.118","01771 19:10:12",217.59,852.86,,,,"     ",5.30,128.74,3.61
1771,554737597,"01771M19:22:14.091","01771 19:10:13",217.60,852.80,,,,"     ",5.30,128.70,3.60
1771,554737598,"01771M19:22:15.064","01771 19:10:14",217.60,852.84,,,,"     ",5.30,129.12,3.62
1771,554737599,"01771M19:22:16.037","01771 19:10:15",217.58,852.87,,,,"     ",5.30,129.84,3.64
1771,554737600,"01771M19:22:17.011","01771 19:10:16",217.56,852.86,,,,"     ",5.30,129.21,3.62
1771,554737601,"01771M19:22:17.984","01771 19:10:17",217.53,852.83,,,,"     ",5.30,129.23,3.62
1771,554737602,"01771M19:22:18.957","01771 19:10:18",217.49,852.85,,,,"     ",5.30,128.99,3.61
1771,554737603,"01771M19:22:19.930","01771 19:10:19",217.45,852.90,,,,"     ",5.30,129.27,3.62
1771,554737604,"01771M19:22:20.904","01771 19:10:20",217.42,852.89,,,,"     ",5.30,129.79,3.64
1771,554737605,"01771M19:22:21.877","01771 19:10:21",217.38,852.85,,,,"     ",5.30,128.90,3.61
1771,554737606,"01771M19:22:22.850","01771 19:10:22",217.35,852.91,,,,"     ",5.30,128.80,3.61
1771,554737607,"01771M19:22:23.823","01771 19:10:23",217.34,852.85,,,,"     ",5.30,129.20,3.62
1771,554737608,"01771M19:22:24.797","01771 19:10:24",217.33,852.87,,,,"     ",5.30,129.21,3.62
1771,554737609,"01771M19:22:25.770","01771 19:10:25",217.35,852.91,,,,"     ",5.30,128.05,3.59
1771,554737610,"01771M19:22:26.743","01771 19:10:26",217.38,852.95,,,,"     ",5.30,128.33,3.60
1771,554737611,"01771M19:22:27.716","01771 19:10:27",217.42,852.84,,,,"     ",5.30,128.83,3.61
1771,554737612,"01771M19:22:28.690","01771 19:10:28",217.47,852.89,,,,"     ",5.30,129.62,3.64
1771,554737613,"01771M19:22:29.663","01771 19:10:29",217.51,852.94,,,,"     ",5.30,127.55,3.58
1771,554737614,"01771M19:22:30.636","01771 19:10:30",217.55,852.96,,,,"     ",5.30,128.59,3.61
1771,554737615,"01771M19:22:31.609","01771 19:10:31",217.59,852.94,,,,"     ",5.30,127.75,3.58
1771,554737616,"01771M19:22:32.583","01771 19:10:32",217.62,852.96,,,,"     ",5.30,129.11,3.62
1771,554737617,"01771M19:22:33.556","01771 19:10:33",217.64,852.97,,,,"     ",5.30,128.52,3.61
1771,554737618,"01771M19:22:34.529","01771 19:10:33",217.65,852.89,,,,"     ",5.30,128.63,3.61
1771,554737619,"01771M19:22:35.502","01771 19:10:34",217.65,852.93,,,,"     ",5.30,127.87,3.59
1771,554737620,"01771M19:22:36.476","01771 19:10:35",217.63,852.99,,,,"     ",5.30,128.04,3.59
1771,554737621,"01771M19:22:37.449","01771 19:10:36",217.60,852.96,,,,"     ",5.30,128.54,3.61
1771,554737622,"01771M19:22:38.422","01771 19:10:37",217.56,852.91,,,,"     ",5.30,127.90,3.59
1771,554737623,"01771M19:22:39.395","01771 19:10:38",217.51,852.91,,,,"     ",5.30,128.22,3.60
1771,554737624,"01771M19:22:40.369","01771 19:10:39",217.45,852.91,,,,"     ",5.30,128.18,3.60
1771,554737625,"01771M19:22:41.342","01771 19:10:40",217.38,852.93,,,,"     ",5.30,127.34,3.58
1771,554737626,"01771M19:22:42.315","01771 19:10:41",217.31,852.95,,,,"     ",5.30,128.12,3.60
1771,554737627,"01771M19:22:43.289","01771 19:10:42",217.23,853.00,,,,"     ",5.30,127.94,3.60
1771,554737628,"01771M19:22:44.262","01771 19:10:43",217.15,853.07,,,,"     ",5.30,127.39,3.58
1771,554737629,"01771M19:22:45.235","01771 19:10:44",217.09,853.08,,,,"     ",5.30,127.58,3.59
1771,554737630,"01771M19:22:46.208","01771 19:10:45",217.03,852.98,,,,"     ",5.30,128.12,3.60
1771,554737631,"01771M19:22:47.182","01771 19:10:46",216.99,853.02,,,,"     ",5.30,128.26,3.61
1771,554737632,"01771M19:22:48.155","01771 19:10:47",216.96,853.02,,,,"     ",5.30,127.60,3.59
1771,554737633,"01771M19:22:49.128","01771 19:10:48",216.94,852.99,,,,"     ",5.30,126.90,3.57
1771,554737634,"01771M19:22:50.101","01771 19:10:49",216.91,853.03,,,,"     ",5.30,127.25,3.58
1771,554737635,"01771M19:22:51.075","01771 19:10:50",216.88,852.98,,,,"     ",5.30,128.02,3.60
1771,554737636,"01771M19:22:52.048","01771 19:10:51",216.85,852.99,,,,"     ",5.30,127.18,3.58
1771,554737637,"01771M19:22:53.021","01771 19:10:52",216.82,853.05,,,,"     ",5.30,126.41,3.56
1771,554737638,"01771M19:22:53.994","01771 19:10:53",216.78,853.06,,,,"     ",5.30,126.84,3.57
1771,554737639,"01771M19:22:54.968","01771 19:10:54",216.75,853.05,,,,"     ",5.30,126.72,3.57
1771,554737640,"01771M19:22:55.941","01771 19:10:55",216.72,853.02,,,,"     ",5.30,127.49,3.59
1771,554737641,"01771M19:22:56.914","01771 19:10:56",216.67,853.08,,,,"     ",5.30,127.53,3.59
1771,554737642,"01771M19:22:57.887","01771 19:10:57",216.63,853.01,,,,"     ",5.30,127.02,3.58
1771,554737643,"01771M19:22:58.861","01771 19:10:58",216.58,853.13,,,,"     ",5.30,127.82,3.60
1771,554737644,"01771M19:22:59.834","01771 19:10:59",216.54,853.10,,,,"     ",5.30,127.40,3.59
1771,554737645,"01771M19:23:00.807","01771 19:11:00",216.51,853.06,,,,"     ",5.30,126.71,3.57
1771,554737646,"01771M19:23:01.780","01771 19:11:01",216.49,853.10,,,,"     ",5.30,127.36,3.59
1771,554737647,"01771M19:23:02.754","01771 19:11:02",216.48,853.09,,,,"     ",5.30,126.61,3.57
1771,554737648,"01771M19:23:03.727","01771 19:11:03",216.49,853.10,,,,"     ",5.30,127.01,3.58
1771,554737649,"01771M19:23:04.700","01771 19:11:04",216.50,853.09,,,,"     ",5.30,126.87,3.58
1771,554737650,"01771M19:23:05.673","01771 19:11:05",216.53,853.10,,,,"     ",5.30,127.19,3.59
1771,554737651,"01771M19:23:06.647","01771 19:11:06",216.57,853.08,,,,"     ",5.30,127.83,3.61
1771,554737652,"01771M19:23:07.620","01771 19:11:07",216.61,853.09,,,,"     ",5.30,126.99,3.58
1771,554737653,"01771M19:23:08.593","01771 19:11:08",216.66,853.10,,,,"     ",5.30,127.51,3.60
1771,554737654,"01771M19:23:09.566","01771 19:11:09",216.71,853.02,,,,"     ",5.30,126.78,3.58
1771,554737655,"01771M19:23:10.540","01771 19:11:10",216.78,852.94,,,,"     ",5.30,127.39,3.59
1771,554737656,"01771M19:23:11.513","01771 19:11:10",216.85,853.04,,,,"     ",5.30,126.97,3.58
1771,554737657,"01771M19:23:12.486","01771 19:11:11",216.93,853.05,,,,"     ",5.30,126.51,3.57
1771,554737658,"01771M19:23:13.459","01771 19:11:12",217.00,853.11,,,,"     ",5.30,127.03,3.59
1771,554737659,"01771M19:23:14.433","01771 19:11:13",217.07,853.13,,,,"     ",5.30,127.15,3.59
1771,554737660,"01771M19:23:15.406","01771 19:11:14",217.14,853.13,,,,"     ",5.30,127.34,3.60
1771,554737661,"01771M19:23:16.379","01771 19:11:15",217.20,853.11,,,,"     ",5.30,127.47,3.60
1771,554737662,"01771M19:23:17.352","01771 19:11:16",217.24,853.13,,,,"     ",5.30,127.88,3.61
1771,554737663,"01771M19:23:18.326","01771 19:11:17",217.27,853.09,,,,"     ",5.30,128.68,3.64
1771,554737664,"01771M19:23:19.299","01771 19:11:18",217.28,853.08,,,,"     ",5.30,128.07,3.62
1771,554737665,"01771M19:23:20.272","01771 19:11:19",217.26,853.10,,,,"     ",5.30,128.11,3.62
1771,554737666,"01771M19:23:21.245","01771 19:11:20",217.23,853.16,,,,"     ",5.30,127.50,3.60
1771,554737667,"01771M19:23:22.219","01771 19:11:21",217.19,853.14,,,,"     ",5.30,128.29,3.62
1771,554737668,"01771M19:23:23.192","01771 19:11:22",217.14,853.08,,,,"     ",5.30,127.84,3.61
1771,554737669,"01771M19:23:24.165","01771 19:11:23",217.09,853.14,,,,"     ",5.30,127.57,3.61
1771,554737670,"01771M19:23:25.138","01771 19:11:24",217.05,853.16,,,,"     ",5.30,128.20,3.62
1771,554737671,"01771M19:23:26.112","01771 19:11:25",217.01,853.19,,,,"     ",5.30,128.34,3.63
1771,554737672,"01771M19:23:27.085","01771 19:11:26",216.99,853.06,,,,"     ",5.30,128.28,3.63
1771,554737673,"01771M19:23:28.058","01771 19:11:27",216.99,853.22,,,,"     ",5.30,128.95,3.65
1771,554737674,"01771M19:23:29.031","01771 19:11:28",217.01,853.17,,,,"     ",5.30,128.78,3.64
1771,554737675,"01771M19:23:30.005","01771 19:11:29",217.04,853.19,,,,"     ",5.30,129.56,3.66
1771,554737676,"01771M19:23:30.978","01771 19:11:30",217.09,853.24,,,,"     ",5.30,128.42,3.63
1771,554737677,"01771M19:23:31.951","01771 19:11:31",217.16,853.23,,,,"     ",5.30,128.38,3.63
1771,554737678,"01771M19:23:32.924","01771 19:11:32",217.23,853.18,,,,"     ",5.30,128.68,3.64
1771,554737679,"01771M19:23:33.898","01771 19:11:33",217.29,853.18,,,,"     ",5.30,128.44,3.63
1771,554737680,"01771M19:23:34.871","01771 19:11:34",217.36,853.16,,,,"     ",5.30,129.19,3.65
1771,554737681,"01771M19:23:35.844","01771 19:11:35",217.42,853.14,,,,"     ",5.30,129.32,3.65
1771,554737682,"01771M19:23:36.817","01771 19:11:36",217.48,853.30,,,,"     ",5.30,127.96,3.62
1771,554737683,"01771M19:23:37.791","01771 19:11:37",217.54,853.20,,,,"     ",5.30,128.35,3.63
1771,554737684,"01771M19:23:38.764","01771 19:11:38",217.60,853.27,,,,"     ",5.30,128.94,3.65
1771,554737685,"01771M19:23:39.737","01771 19:11:39",217.64,853.28,,,,"     ",5.30,129.40,3.66
1771,554737686,"01771M19:23:40.710","01771 19:11:40",217.68,853.29,,,,"     ",5.30,128.55,3.63
1771,554737687,"01771M19:23:41.684","01771 19:11:41",217.71,853.33,,,,"     ",5.30,128.37,3.63
1771,554737688,"01771M19:23:42.657","01771 19:11:42",217.72,853.30,,,,"     ",5.30,128.60,3.63
1771,554737689,"01771M19:23:43.630","01771 19:11:43",217.72,853.30,,,,"     ",5.30,129.22,3.65
1771,554737690,"01771M19:23:44.603","01771 19:11:44",217.71,853.32,,,,"     ",5.30,128.79,3.64
1771,554737691,"01771M19:23:45.577","01771 19:11:45",217.68,853.31,,,,"     ",5.30,128.93,3.64
1771,554737692,"01771M19:23:46.550","01771 19:11:46",217.65,853.35,,,,"     ",5.30,128.74,3.64
1771,554737693,"01771M19:23:47.523","01771 19:11:47",217.60,853.28,,,,"     ",5.30,129.46,3.66
1771,554737694,"01771M19:23:48.496","01771 19:11:47",217.55,853.29,,,,"     ",5.30,129.31,3.66
1771,554737695,"01771M19:23:49.470","01771 19:11:48",217.49,853.26,,,,"     ",5.30,127.86,3.61
1771,554737696,"01771M19:23:50.443","01771 19:11:49",217.43,853.28,,,,"     ",5.30,129.08,3.65
1771,554737697,"01771M19:23:51.416","01771 19:11:50",217.39,853.28,,,,"     ",5.30,128.99,3.65
1771,554737698,"01771M19:23:52.390","01771 19:11:51",217.36,853.21,,,,"     ",5.30,128.91,3.64
1771,554737699,"01771M19:23:53.363","01771 19:11:52",217.33,853.20,,,,"     ",5.30,128.77,3.64
1771,554737700,"01771M19:23:54.336","01771 19:11:53",217.32,853.21,,,,"     ",5.30,128.35,3.63
1771,554737701,"01771M19:23:55.309","01771 19:11:54",217.33,853.29,,,,"     ",5.30,126.85,3.59
1771,554737702,"01771M19:23:56.283","01771 19:11:55",217.34,853.32,,,,"     ",5.30,127.79,3.61
1771,554737703,"01771M19:23:57.256","01771 19:11:56",217.35,853.27,,,,"     ",5.30,128.07,3.62
1771,554737704,"01771M19:23:58.229","01771 19:11:57",217.37,853.23,,,,"     ",5.30,127.77,3.61
1771,554737705,"01771M19:23:59.202","01771 19:11:58",217.38,853.29,,,,"     ",5.30,127.85,3.62
1771,554737706,"01771M19:24:00.176","01771 19:11:59",217.38,853.31,,,,"     ",5.30,126.91,3.59
1771,554737707,"01771M19:24:01.149","01771 19:12:00",217.37,853.37,,,,"     ",5.30,128.91,3.65
1771,554737708,"01771M19:24:02.122","01771 19:12:01",217.34,853.31,,,,"     ",5.30,126.73,3.58
1771,554737709,"01771M19:24:03.095","01771 19:12:02",217.31,853.30,,,,"     ",5.30,127.43,3.61
1771,554737710,"01771M19:24:04.069","01771 19:12:03",217.26,853.40,,,,"     ",5.30,127.62,3.61
1771,554737711,"01771M19:24:05.042","01771 19:12:04",217.21,853.42,,,,"     ",5.30,127.77,3.62
1771,554737712,"01771M19:24:06.015","01771 19:12:05",217.16,853.41,,,,"     ",5.30,127.54,3.61
1771,554737713,"01771M19:24:06.988","01771 19:12:06",217.10,853.46,,,,"     ",5.30,127.03,3.60
1771,554737714,"01771M19:24:07.962","01771 19:12:07",217.04,853.40,,,,"     ",5.30,127.74,3.62
1771,554737715,"01771M19:24:08.935","01771 19:12:08",216.98,853.42,,,,"     ",5.30,126.38,3.58
1771,554737716,"01771M19:24:09.908","01771 19:12:09",216.91,853.43,,,,"     ",5.30,126.73,3.59
1771,554737717,"01771M19:24:10.881","01771 19:12:10",216.84,853.45,,,,"     ",5.30,126.85,3.59
1771,554737718,"01771M19:24:11.855","01771 19:12:11",216.76,853.42,,,,"     ",5.30,127.06,3.60
1771,554737719,"01771M19:24:12.828","01771 19:12:12",216.69,853.43,,,,"     ",5.30,128.01,3.63
1771,554737720,"01771M19:24:13.801","01771 19:12:13",216.61,853.37,,,,"     ",5.30,126.43,3.58
1771,554737721,"01771M19:24:14.774","01771 19:12:14",216.54,853.36,,,,"     ",5.30,126.53,3.59
1771,554737722,"01771M19:24:15.748","01771 19:12:15",216.49,853.39,,,,"     ",5.30,127.00,3.60
1771,554737723,"01771M19:24:16.721","01771 19:12:16",216.44,853.41,,,,"     ",5.30,126.26,3.58
1771,554737724,"01771M19:24:17.694","01771 19:12:17",216.42,853.31,,,,"     ",5.30,125.39,3.56
1771,554737725,"01771M19:24:18.667","01771 19:12:18",216.40,853.32,,,,"     ",5.30,127.33,3.62
1771,554737726,"01771M19:24:19.641","01771 19:12:19",216.40,853.40,,,,"     ",5.30,126.52,3.59
1771,554737727,"01771M19:24:20.614","01771 19:12:20",216.41,853.45,,,,"     ",5.30,126.47,3.59
1771,554737728,"01771M19:24:21.587","01771 19:12:21",216.42,853.47,,,,"     ",5.30,126.95,3.60
1771,554737729,"01771M19:24:22.560","01771 19:12:22",216.44,853.42,,,,"     ",5.30,125.97,3.58
1771,554737730,"01771M19:24:23.534","01771 19:12:23",216.46,853.46,,,,"     ",5.30,126.96,3.61
1771,554737731,"01771M19:24:24.507","01771 19:12:24",216.48,853.46,,,,"     ",5.30,126.21,3.59
1771,554737732,"01771M19:24:25.480","01771 19:12:24",216.52,853.45,,,,"     ",5.30,125.54,3.57
1771,554737733,"01771M19:24:26.453","01771 19:12:25",216.57,853.46,,,,"     ",5.30,126.07,3.58
1771,554737734,"01771M19:24:27.427","01771 19:12:26",216.62,853.42,,,,"     ",5.30,126.16,3.59
1771,554737735,"01771M19:24:28.400","01771 19:12:27",216.67,853.41,,,,"     ",5.30,125.80,3.58
1771,554737736,"01771M19:24:29.373","01771 19:12:28",216.73,853.51,,,,"     ",5.30,125.83,3.58
1771,554737737,"01771M19:24:30.346","01771 19:12:29",216.79,853.48,,,,"     ",5.30,125.15,3.56
1771,554737738,"01771M19:24:31.320","01771 19:12:30",216.84,853.50,,,,"     ",5.30,126.98,3.61
1771,554737739,"01771M19:24:32.293","01771 19:12:31",216.89,853.46,,,,"     ",5.30,125.93,3.58
1771,554737740,"01771M19:24:33.266","01771 19:12:32",216.92,853.53,,,,"     ",5.30,125.73,3.58
1771,554737741,"01771M19:24:34.239","01771 19:12:33",216.94,853.54,,,,"     ",5.30,125.82,3.58
1771,554737742,"01771M19:24:35.213","01771 19:12:34",216.95,853.49,,,,"     ",5.30,125.76,3.58
1771,554737743,"01771M19:24:36.186","01771 19:12:35",216.95,853.55,,,,"     ",5.30,126.49,3.60
1771,554737744,"01771M19:24:37.159","01771 19:12:36",216.93,853.60,,,,"     ",5.30,125.74,3.58
1771,554737745,"01771M19:24:38.132","01771 19:12:37",216.91,853.64,,,,"     ",5.30,126.32,3.60
1771,554737746,"01771M19:24:39.106","01771 19:12:38",216.88,853.51,,,,"     ",5.30,126.00,3.59
1771,554737747,"01771M19:24:40.079","01771 19:12:39",216.85,853.55,,,,"     ",5.30,125.82,3.58
1771,554737748,"01771M19:24:41.052","01771 19:12:40",216.81,853.56,,,,"     ",5.30,125.82,3.58
1771,554737749,"01771M19:24:42.025","01771 19:12:41",216.78,853.39,,,,"     ",5.30,126.70,3.61
1771,554737750,"01771M19:24:42.999","01771 19:12:42",216.74,853.48,,,,"     ",5.30,124.97,3.56
1771,554737751,"01771M19:24:43.972","01771 19:12:43",216.70,853.53,,,,"     ",5.30,124.42,3.55
1771,554737752,"01771M19:24:44.945","01771 19:12:44",216.68,853.57,,,,"     ",5.30,125.11,3.57
1771,554737753,"01771M19:24:45.918","01771 19:12:45",216.66,853.60,,,,"     ",5.30,126.01,3.59
1771,554737754,"01771M19:24:46.892","01771 19:12:46",216.65,853.57,,,,"     ",5.30,125.68,3.58
1771,554737755,"01771M19:24:47.865","01771 19:12:47",216.64,853.67,,,,"     ",5.30,125.45,3.58
1771,554737756,"01771M19:24:48.838","01771 19:12:48",216.64,853.53,,,,"     ",5.30,125.56,3.58
1771,554737757,"01771M19:24:49.811","01771 19:12:49",216.63,853.54,,,,"     ",5.30,124.87,3.56
1771,554737758,"01771M19:24:50.785","01771 19:12:50",216.63,853.56,,,,"     ",5.30,125.57,3.58
1771,554737759,"01771M19:24:51.758","01771 19:12:51",216.63,853.62,,,,"     ",5.30,124.55,3.55
1771,554737760,"01771M19:24:52.731","01771 19:12:52",216.64,853.56,,,,"     ",5.30,125.03,3.57
1771,554737761,"01771M19:24:53.704","01771 19:12:53",216.66,853.59,,,,"     ",5.30,125.82,3.59
1771,554737762,"01771M19:24:54.678","01771 19:12:54",216.68,853.57,,,,"     ",5.30,125.32,3.58
1771,554737763,"01771M19:24:55.651","01771 19:12:55",216.70,853.67,,,,"     ",5.30,124.83,3.56
1771,554737764,"01771M19:24:56.624","01771 19:12:56",216.72,853.74,,,,"     ",5.30,125.99,3.60
1771,554737765,"01771M19:24:57.597","01771 19:12:57",216.74,853.60,,,,"     ",5.30,124.77,3.56
1771,554737766,"01771M19:24:58.571","01771 19:12:58",216.76,853.62,,,,"     ",5.30,125.28,3.58
1771,554737767,"01771M19:24:59.544","01771 19:12:59",216.79,853.64,,,,"     ",5.30,126.81,3.62
1771,554737768,"01771M19:25:00.517","01771 19:13:00",216.83,853.56,,,,"     ",5.30,125.62,3.59
1771,554737769,"01771M19:25:01.491","01771 19:13:00",216.87,853.53,,,,"     ",5.30,126.51,3.62
1771,554737770,"01771M19:25:02.464","01771 19:13:01",216.91,853.55,,,,"     ",5.30,124.93,3.57
1771,554737771,"01771M19:25:03.437","01771 19:13:02",216.95,853.60,,,,"     ",5.30,125.67,3.59
1771,554737772,"01771M19:25:04.410","01771 19:13:03",216.99,853.62,,,,"     ",5.30,125.94,3.60
1771,554737773,"01771M19:25:05.384","01771 19:13:04",217.04,853.61,,,,"     ",5.30,125.66,3.59
1771,554737774,"01771M19:25:06.357","01771 19:13:05",217.08,853.61,,,,"     ",5.30,125.86,3.60
1771,554737775,"01771M19:25:07.330","01771 19:13:06",217.13,853.57,,,,"     ",5.30,126.22,3.61
1771,554737776,"01771M19:25:08.303","01771 19:13:07",217.17,853.58,,,,"     ",5.30,126.05,3.60
1771,554737777,"01771M19:25:09.277","01771 19:13:08",217.21,853.60,,,,"     ",5.30,126.01,3.60
1771,554737778,"01771M19:25:10.250","01771 19:13:09",217.25,853.63,,,,"     ",5.30,126.05,3.60
1771,554737779,"01771M19:25:11.223","01771 19:13:10",217.28,853.67,,,,"     ",5.30,126.18,3.61
1771,554737780,"01771M19:25:12.196","01771 19:13:11",217.30,853.75,,,,"     ",5.30,126.59,3.62
1771,554737781,"01771M19:25:13.170","01771 19:13:12",217.32,853.74,,,,"     ",5.30,125.99,3.60
1771,554737782,"01771M19:25:14.143","01771 19:13:13",217.33,853.70,,,,"     ",5.30,126.05,3.60
1771,554737783,"01771M19:25:15.116","01771 19:13:14",217.33,853.74,,,,"     ",5.30,125.99,3.60
1771,554737784,"01771M19:25:16.089","01771 19:13:15",217.30,853.73,,,,"     ",5.30,127.16,3.64
1771,554737785,"01771M19:25:17.063","01771 19:13:16",217.26,853.72,,,,"     ",5.30,125.73,3.60
1771,554737786,"01771M19:25:18.036","01771 19:13:17",217.21,853.71,,,,"     ",5.30,125.60,3.59
1771,554737787,"01771M19:25:19.009","01771 19:13:18",217.16,853.77,,,,"     ",5.30,126.09,3.61
1771,554737788,"01771M19:25:19.982","01771 19:13:19",217.12,853.85,,,,"     ",5.30,126.19,3.61
1771,554737789,"01771M19:25:20.956","01771 19:13:20",217.08,853.76,,,,"     ",5.30,126.44,3.62
1771,554737790,"01771M19:25:21.929","01771 19:13:21",217.04,853.79,,,,"     ",5.30,125.41,3.59
1771,554737791,"01771M19:25:22.902","01771 19:13:22",217.00,853.76,,,,"     ",5.30,126.05,3.61
1771,554737792,"01771M19:25:23.875","01771 19:13:23",216.96,853.81,,,,"     ",5.30,125.72,3.60
1771,554737793,"01771M19:25:24.849","01771 19:13:24",216.91,853.79,,,,"     ",5.30,125.73,3.60
1771,554737794,"01771M19:25:25.822","01771 19:13:25",216.87,853.74,,,,"     ",5.30,126.82,3.63
1771,554737795,"01771M19:25:26.795","01771 19:13:26",216.83,853.80,,,,"     ",5.30,125.64,3.59
1771,554737796,"01771M19:25:27.768","01771 19:13:27",216.79,853.70,,,,"     ",5.30,126.40,3.62
1771,554737797,"01771M19:25:28.742","01771 19:13:28",216.76,853.74,,,,"     ",5.30,126.76,3.63
1771,554737798,"01771M19:25:29.715","01771 19:13:29",216.72,853.73,,,,"     ",5.30,126.77,3.63
1771,554737799,"01771M19:25:30.688","01771 19:13:30",216.69,853.74,,,,"     ",5.30,126.04,3.61
1771,554737800,"01771M19:25:31.661","01771 19:13:31",216.65,853.75,,,,"     ",5.30,126.02,3.61
1771,554737801,"01771M19:25:32.635","01771 19:13:32",216.62,853.85,,,,"     ",5.30,125.31,3.59
1771,554737802,"01771M19:25:33.608","01771 19:13:33",216.59,853.82,,,,"     ",5.30,125.70,3.60
1771,554737803,"01771M19:25:34.581","01771 19:13:34",216.56,853.80,,,,"     ",5.30,125.84,3.60
1771,554737804,"01771M19:25:35.554","01771 19:13:35",216.53,853.78,,,,"     ",5.30,126.54,3.62
1771,554737805,"01771M19:25:36.528","01771 19:13:36",216.51,853.85,,,,"     ",5.30,125.52,3.59
1771,554737806,"01771M19:25:37.501","01771 19:13:37",216.48,853.80,,,,"     ",5.30,126.05,3.61
1771,554737807,"01771M19:25:38.474","01771 19:13:37",216.45,853.84,,,,"     ",5.30,126.30,3.62
1771,554737808,"01771M19:25:39.447","01771 19:13:38",216.43,853.77,,,,"     ",5.30,125.95,3.61
1771,554737809,"01771M19:25:40.421","01771 19:13:39",216.40,853.86,,,,"     ",5.30,125.86,3.60
1771,554737810,"01771M19:25:41.394","01771 19:13:40",216.38,853.84,,,,"     ",5.30,126.91,3.63
1771,554737811,"01771M19:25:42.367","01771 19:13:41",216.36,853.78,,,,"     ",5.30,126.65,3.63
1771,554737812,"01771M19:25:43.340","01771 19:13:42",216.56,853.81,,,,"     ",5.30,126.59,3.62
1771,554737813,"01771M19:25:44.314","01771 19:13:43",216.59,853.88,,,,"     ",5.30,126.77,3.63
1771,554737814,"01771M19:25:45.287","01771 19:13:44",216.62,853.85,,,,"     ",5.30,126.61,3.63
1771,554737815,"01771M19:25:46.260","01771 19:13:45",216.66,853.89,,,,"     ",5.30,126.17,3.61
1771,554737816,"01771M19:25:47.233","01771 19:13:46",216.69,853.82,,,,"     ",5.30,126.65,3.63
1771,554737817,"01771M19:25:48.207","01771 19:13:47",216.73,853.82,,,,"     ",5.30,126.13,3.61
1771,554737818,"01771M19:25:49.180","01771 19:13:48",216.77,853.90,,,,"     ",5.30,125.84,3.60
1771,554737819,"01771M19:25:50.153","01771 19:13:49",216.81,853.86,,,,"     ",5.30,126.05,3.61
1771,554737820,"01771M19:25:51.126","01771 19:13:50",216.86,853.85,,,,"     ",5.30,126.01,3.61
1771,554737821,"01771M19:25:52.100","01771 19:13:51",216.90,853.78,,,,"     ",5.30,126.69,3.63
1771,554737822,"01771M19:25:53.073","01771 19:13:52",216.94,853.85,,,,"     ",5.30,125.95,3.61
1771,554737823,"01771M19:25:54.046","01771 19:13:53",216.97,853.89,,,,"     ",5.30,126.27,3.62
1771,554737824,"01771M19:25:55.019","01771 19:13:54",217.00,853.85,,,,"     ",5.30,126.41,3.62
1771,554737825,"01771M19:25:55.993","01771 19:13:55",217.03,853.88,,,,"     ",5.30,125.52,3.59
1771,554737826,"01771M19:25:56.966","01771 19:13:56",217.07,853.93,,,,"     ",5.30,126.49,3.62
1771,554737827,"01771M19:25:57.939","01771 19:13:57",217.13,853.81,,,,"     ",5.30,126.74,3.63
1771,554737828,"01771M19:25:58.912","01771 19:13:58",217.19,853.87,,,,"     ",5.30,126.78,3.63
1771,554737829,"01771M19:25:59.886","01771 19:13:59",217.25,853.89,,,,"     ",5.30,126.83,3.63
1771,554737830,"01771M19:26:00.859","01771 19:14:00",217.30,853.88,,,,"     ",5.30,126.50,3.62
1771,554737831,"01771M19:26:01.832","01771 19:14:01",217.32,853.94,,,,"     ",5.30,127.09,3.64
1771,554737832,"01771M19:26:02.805","01771 19:14:02",217.31,853.89,,,,"     ",5.30,127.17,3.64
1771,554737833,"01771M19:26:03.779","01771 19:14:03",217.26,853.99,,,,"     ",5.30,126.28,3.62
1771,554737834,"01771M19:26:04.752","01771 19:14:04",217.18,853.93,,,,"     ",5.30,126.76,3.63
1771,554737835,"01771M19:26:05.725","01771 19:14:05",217.52,854.01,,,,"     ",5.30,126.70,3.63
1771,554737836,"01771M19:26:06.698","01771 19:14:06",217.49,853.99,,,,"     ",5.30,126.79,3.63
1771,554737837,"01771M19:26:07.672","01771 19:14:07",217.47,853.91,,,,"     ",5.30,126.53,3.62
1771,554737838,"01771M19:26:08.645","01771 19:14:08",217.47,853.91,,,,"     ",5.30,126.80,3.63
1771,554737839,"01771M19:26:09.618","01771 19:14:09",217.48,853.98,,,,"     ",5.30,126.80,3.63
1771,554737840,"01771M19:26:10.591","01771 19:14:10",217.49,853.90,,,,"     ",5.30,126.34,3.62
1771,554737841,"01771M19:26:11.565","01771 19:14:11",217.49,853.97,,,,"     ",5.30,127.20,3.64
1771,554737842,"01771M19:26:12.538","01771 19:14:12",217.48,854.00,,,,"     ",5.30,126.18,3.61
1771,554737843,"01771M19:26:13.511","01771 19:14:13",217.46,853.97,,,,"     ",5.30,127.07,3.64
1771,554737844,"01771M19:26:14.485","01771 19:14:14",216.98,854.07,,,,"     ",5.30,126.46,3.62
1771,554737845,"01771M19:26:15.458","01771 19:14:14",216.98,854.03,,,,"     ",5.30,125.88,3.60
1771,554737846,"01771M19:26:16.431","01771 19:14:15",216.98,854.05,,,,"     ",5.30,127.00,3.64
1771,554737847,"01771M19:26:17.404","01771 19:14:16",216.97,854.16,,,,"     ",5.30,126.94,3.64
1771,554737848,"01771M19:26:18.378","01771 19:14:17",216.97,854.11,,,,"     ",5.30,127.08,3.64
1771,554737849,"01771M19:26:19.351","01771 19:14:18",216.95,854.16,,,,"     ",5.30,125.35,3.59
1771,554737850,"01771M19:26:20.324","01771 19:14:19",216.92,854.06,,,,"     ",5.30,126.18,3.61
1771,554737851,"01771M19:26:21.297","01771 19:14:20",216.89,854.04,,,,"     ",5.30,126.44,3.62
1771,554737852,"01771M19:26:22.271","01771 19:14:21",216.88,854.02,,,,"     ",5.30,126.76,3.63
1771,554737853,"01771M19:26:23.244","01771 19:14:22",217.34,854.06,,,,"     ",5.30,126.01,3.61
1771,554737854,"01771M19:26:24.217","01771 19:14:23",217.37,854.10,,,,"     ",5.30,126.31,3.62
1771,554737855,"01771M19:26:25.190","01771 19:14:24",217.39,854.12,,,,"     ",5.30,126.39,3.62
1771,554737856,"01771M19:26:26.164","01771 19:14:25",217.43,854.08,,,,"     ",5.30,126.55,3.62
1771,554737857,"01771M19:26:27.137","01771 19:14:26",217.46,854.02,,,,"     ",5.30,126.00,3.61
1771,554737858,"01771M19:26:28.110","01771 19:14:27",217.48,854.05,,,,"     ",5.30,126.17,3.61
1771,554737859,"01771M19:26:29.083","01771 19:14:28",217.48,854.18,,,,"     ",5.30,126.38,3.62
1771,554737860,"01771M19:26:30.057","01771 19:14:29",217.48,854.12,,,,"     ",5.30,125.29,3.59
1771,554737861,"01771M19:26:31.030","01771 19:14:30",217.46,854.09,,,,"     ",5.30,126.69,3.63
1771,554737862,"01771M19:26:32.003","01771 19:14:31",217.45,854.13,,,,"     ",5.30,126.22,3.62
1771,554737863,"01771M19:26:32.976","01771 19:14:32",217.04,854.05,,,,"     ",5.30,125.54,3.60
1771,554737864,"01771M19:26:33.950","01771 19:14:33",217.06,854.10,,,,"     ",5.30,126.36,3.62
1771,554737865,"01771M19:26:34.923","01771 19:14:34",217.06,854.06,,,,"     ",5.30,126.66,3.63
1771,554737866,"01771M19:26:35.896","01771 19:14:35",217.03,854.08,,,,"     ",5.30,125.95,3.61
1771,554737867,"01771M19:26:36.869","01771 19:14:36",216.98,854.15,,,,"     ",5.30,125.62,3.60
1771,554737868,"01771M19:26:37.843","01771 19:14:37",216.89,854.17,,,,"     ",5.30,126.09,3.61
1771,554737869,"01771M19:26:38.816","01771 19:14:38",216.79,854.20,,,,"     ",5.30,125.87,3.61
1771,554737870,"01771M19:26:39.789","01771 19:14:39",216.70,854.08,,,,"     ",5.30,125.85,3.61
1771,554737871,"01771M19:26:40.762","01771 19:14:40",216.63,854.18,,,,"     ",5.30,125.64,3.60
1771,554737872,"01771M19:26:41.736","01771 19:14:41",216.58,854.18,,,,"     ",5.30,125.27,3.59
1771,554737873,"01771M19:26:42.709","01771 19:14:42",216.54,854.09,,,,"     ",5.30,125.99,3.61
1771,554737874,"01771M19:26:43.682","01771 19:14:43",216.50,854.15,,,,"     ",5.30,125.46,3.60
1771,554737875,"01771M19:26:44.655","01771 19:14:44",216.47,854.11,,,,"     ",5.30,126.00,3.61
1771,554737876,"01771M19:26:45.629","01771 19:14:45",216.44,854.16,,,,"     ",5.30,125.44,3.60
1771,554737877,"01771M19:26:46.602","01771 19:14:46",216.39,854.16,,,,"     ",5.30,125.92,3.61
1771,554737878,"01771M19:26:47.575","01771 19:14:47",216.34,854.15,,,,"     ",5.30,125.37,3.60
1771,554737879,"01771M19:26:48.548","01771 19:14:48",216.30,854.15,,,,"     ",5.30,125.96,3.61
1771,554737880,"01771M19:26:49.522","01771 19:14:49",216.26,854.23,,,,"     ",5.30,125.46,3.60
1771,554737881,"01771M19:26:50.495","01771 19:14:50",216.24,854.23,,,,"     ",5.30,124.68,3.58
1771,554737882,"01771M19:26:51.468","01771 19:14:50",216.24,854.14,,,,"     ",5.30,125.72,3.61
1771,554737883,"01771M19:26:52.441","01771 19:14:51",216.26,854.25,,,,"     ",5.30,125.66,3.61
1771,554737884,"01771M19:26:53.415","01771 19:14:52",216.27,854.22,,,,"     ",5.30,124.96,3.59
1771,554737885,"01771M19:26:54.388","01771 19:14:53",216.26,854.17,,,,"     ",5.30,125.13,3.59
1771,554737886,"01771M19:26:55.361","01771 19:14:54",216.23,854.16,,,,"     ",5.30,124.68,3.58
1771,554737887,"01771M19:26:56.334","01771 19:14:55",216.21,854.13,,,,"     ",5.30,124.79,3.59
1771,554737888,"01771M19:26:57.308","01771 19:14:56",216.19,854.16,,,,"     ",5.30,125.75,3.61
1771,554737889,"01771M19:26:58.281","01771 19:14:57",216.19,854.22,,,,"     ",5.30,125.15,3.60
1771,554737890,"01771M19:26:59.254","01771 19:14:58",216.21,854.27,,,,"     ",5.30,124.22,3.57
1771,554737891,"01771M19:27:00.227","01771 19:14:59",216.27,854.24,,,,"     ",5.30,125.20,3.60
1771,554737892,"01771M19:27:01.201","01771 19:15:00",216.36,854.28,,,,"     ",5.30,125.08,3.60
1771,554737893,"01771M19:27:02.174","01771 19:15:01",216.45,854.31,,,,"     ",5.30,124.57,3.58
1771,554737894,"01771M19:27:03.147","01771 19:15:02",216.53,854.19,,,,"     ",5.30,124.07,3.57
1771,554737895,"01771M19:27:04.120","01771 19:15:03",216.61,854.19,,,,"     ",5.30,124.03,3.57
1771,554737896,"01771M19:27:05.094","01771 19:15:04",216.67,854.30,,,,"     ",5.30,124.77,3.59
1771,554737897,"01771M19:27:06.067","01771 19:15:05",216.70,854.32,,,,"     ",5.30,124.01,3.57
1771,554737898,"01771M19:27:07.040","01771 19:15:06",216.70,854.29,,,,"     ",5.30,124.97,3.60
1771,554737899,"01771M19:27:08.013","01771 19:15:07",216.68,854.30,,,,"     ",5.30,123.74,3.56
1771,554737900,"01771M19:27:08.987","01771 19:15:08",216.65,854.28,,,,"     ",5.30,125.17,3.60
1771,554737901,"01771M19:27:09.960","01771 19:15:09",216.63,854.33,,,,"     ",5.30,123.90,3.57
1771,554737902,"01771M19:27:10.933","01771 19:15:10",216.60,854.29,,,,"     ",5.30,124.63,3.59
1771,554737903,"01771M19:27:11.906","01771 19:15:11",216.55,854.28,,,,"     ",5.30,124.24,3.58
1771,554737904,"01771M19:27:12.880","01771 19:15:12",216.50,854.30,,,,"     ",5.30,124.37,3.58
1771,554737905,"01771M19:27:13.853","01771 19:15:13",216.46,854.35,,,,"     ",5.30,124.56,3.59
1771,554737906,"01771M19:27:14.826","01771 19:15:14",216.44,854.30,,,,"     ",5.30,125.20,3.61
1771,554737907,"01771M19:27:15.799","01771 19:15:15",216.45,854.26,,,,"     ",5.30,124.94,3.60
1771,554737908,"01771M19:27:16.773","01771 19:15:16",216.48,854.23,,,,"     ",5.30,125.04,3.60
1771,554737909,"01771M19:27:17.746","01771 19:15:17",216.53,854.18,,,,"     ",5.30,125.05,3.60
1771,554737910,"01771M19:27:18.719","01771 19:15:18",216.59,854.23,,,,"     ",5.30,124.92,3.60
1771,554737911,"01771M19:27:19.692","01771 19:15:19",216.67,854.22,,,,"     ",5.30,125.34,3.62
1771,554737912,"01771M19:27:20.666","01771 19:15:20",216.75,854.29,,,,"     ",5.30,125.28,3.61
1771,554737913,"01771M19:27:21.639","01771 19:15:21",216.82,854.33,,,,"     ",5.30,125.51,3.62
1771,554737914,"01771M19:27:22.612","01771 19:15:22",216.87,854.30,,,,"     ",5.30,125.01,3.61
1771,554737915,"01771M19:27:23.586","01771 19:15:23",216.89,854.31,,,,"     ",5.30,124.93,3.60
1771,554737916,"01771M19:27:24.559","01771 19:15:24",216.88,854.29,,,,"     ",5.30,124.85,3.60
1771,554737917,"01771M19:27:25.532","01771 19:15:25",216.84,854.29,,,,"     ",5.30,125.49,3.62
1771,554737918,"01771M19:27:26.505","01771 19:15:26",216.79,854.33,,,,"     ",5.30,124.34,3.59
1771,554737919,"01771M19:27:27.479","01771 19:15:27",216.73,854.34,,,,"     ",5.30,124.67,3.60
1771,554737920,"01771M19:27:28.452","01771 19:15:27",216.68,854.37,,,,"     ",5.30,125.12,3.61
1771,554737921,"01771M19:27:29.425","01771 19:15:28",216.64,854.36,,,,"     ",5.30,125.27,3.62
1771,554737922,"01771M19:27:30.398","01771 19:15:29",216.62,854.32,,,,"     ",5.30,124.30,3.59
1771,554737923,"01771M19:27:31.372","01771 19:15:30",216.61,854.30,,,,"     ",5.30,124.86,3.60
1771,554737924,"01771M19:27:32.345","01771 19:15:31",216.61,854.25,,,,"     ",5.30,125.02,3.61
1771,554737925,"01771M19:27:33.318","01771 19:15:32",216.62,854.33,,,,"     ",5.30,124.04,3.58
1771,554737926,"01771M19:27:34.291","01771 19:15:33",216.64,854.30,,,,"     ",5.30,124.78,3.60
1771,554737927,"01771M19:27:35.265","01771 19:15:34",216.67,854.37,,,,"     ",5.30,124.40,3.59
1771,554737928,"01771M19:27:36.238","01771 19:15:35",216.70,854.37,,,,"     ",5.30,124.14,3.58
1771,554737929,"01771M19:27:37.211","01771 19:15:36",216.70,854.31,,,,"     ",5.30,124.58,3.60
1771,554737930,"01771M19:27:38.184","01771 19:15:37",216.69,854.29,,,,"     ",5.30,124.35,3.59
1771,554737931,"01771M19:27:39.158","01771 19:15:38",216.67,854.44,,,,"     ",5.30,124.60,3.60
1771,554737932,"01771M19:27:40.131","01771 19:15:39",216.64,854.35,,,,"     ",5.30,124.72,3.60
1771,554737933,"01771M19:27:41.104","01771 19:15:40",216.60,854.38,,,,"     ",5.30,124.68,3.61
1771,554737934,"01771M19:27:42.077","01771 19:15:41",216.56,854.42,,,,"     ",5.30,124.94,3.61
1771,554737935,"01771M19:27:43.051","01771 19:15:42",216.50,854.41,,,,"     ",5.30,124.72,3.60
1771,554737936,"01771M19:27:44.024","01771 19:15:43",216.44,854.44,,,,"     ",5.30,124.63,3.60
1771,554737937,"01771M19:27:44.997","01771 19:15:44",216.39,854.53,,,,"     ",5.30,124.60,3.60
1771,554737938,"01771M19:27:45.970","01771 19:15:45",216.33,854.50,,,,"     ",5.30,124.46,3.60
1771,554737939,"01771M19:27:46.944","01771 19:15:46",216.26,854.54,,,,"     ",5.30,124.92,3.61
1771,554737940,"01771M19:27:47.917","01771 19:15:47",216.19,854.51,,,,"     ",5.30,123.87,3.58
1771,554737941,"01771M19:27:48.890","01771 19:15:48",216.11,854.56,,,,"     ",5.30,124.27,3.60
1771,554737942,"01771M19:27:49.863","01771 19:15:49",216.05,854.57,,,,"     ",5.30,124.73,3.61
1771,554737943,"01771M19:27:50.837","01771 19:15:50",216.01,854.53,,,,"     ",5.30,124.52,3.60
1771,554737944,"01771M19:27:51.810","01771 19:15:51",215.99,854.56,,,,"     ",5.30,124.93,3.62
1771,554737945,"01771M19:27:52.783","01771 19:15:52",215.98,854.54,,,,"     ",5.30,125.38,3.63
1771,554737946,"01771M19:27:53.756","01771 19:15:53",215.98,854.49,,,,"     ",5.30,124.07,3.59
1771,554737947,"01771M19:27:54.730","01771 19:15:54",215.98,854.55,,,,"     ",5.30,124.21,3.60
1771,554737948,"01771M19:27:55.703","01771 19:15:55",215.98,854.44,,,,"     ",5.30,123.68,3.58
1771,554737949,"01771M19:27:56.676","01771 19:15:56",216.01,854.46,,,,"     ",5.30,124.43,3.60
1771,554737950,"01771M19:27:57.649","01771 19:15:57",216.05,854.55,,,,"     ",5.30,124.87,3.62
1771,554737951,"01771M19:27:58.623","01771 19:15:58",216.12,854.47,,,,"     ",5.30,124.90,3.62
1771,554737952,"01771M19:27:59.596","01771 19:15:59",216.21,854.43,,,,"     ",5.30,125.08,3.62
1771,554737953,"01771M19:28:00.569","01771 19:16:00",216.32,854.45,,,,"     ",5.30,124.21,3.60
1771,554737954,"01771M19:28:01.542","01771 19:16:01",216.42,854.48,,,,"     ",5.30,124.50,3.61
1771,554737955,"01771M19:28:02.516","01771 19:16:02",216.52,854.45,,,,"     ",5.30,125.05,3.62
1771,554737956,"01771M19:28:03.489","01771 19:16:03",216.59,854.47,,,,"     ",5.30,124.29,3.60
1771,554737957,"01771M19:28:04.462","01771 19:16:04",216.63,854.54,,,,"     ",5.30,124.08,3.60
1771,554737958,"01771M19:28:05.435","01771 19:16:04",216.66,854.56,,,,"     ",5.30,125.01,3.63
1771,554737959,"01771M19:28:06.409","01771 19:16:05",216.68,854.57,,,,"     ",5.30,124.41,3.61
1771,554737960,"01771M19:28:07.382","01771 19:16:06",216.68,854.51,,,,"     ",5.30,124.67,3.62
1771,554737961,"01771M19:28:08.355","01771 19:16:07",216.68,854.54,,,,"     ",5.30,124.12,3.60
1771,554737962,"01771M19:28:09.328","01771 19:16:08",216.68,854.51,,,,"     ",5.30,125.30,3.64
1771,554737963,"01771M19:28:10.302","01771 19:16:09",216.67,854.55,,,,"     ",5.30,124.76,3.62
1771,554737964,"01771M19:28:11.275","01771 19:16:10",216.62,854.53,,,,"     ",5.30,123.85,3.59
1771,554737965,"01771M19:28:12.248","01771 19:16:11",216.54,854.56,,,,"     ",5.30,124.72,3.62
1771,554737966,"01771M19:28:13.221","01771 19:16:12",216.45,854.56,,,,"     ",5.30,124.04,3.60
1771,554737967,"01771M19:28:14.195","01771 19:16:13",216.34,854.60,,,,"     ",5.30,124.37,3.61
1771,554737968,"01771M19:28:15.168","01771 19:16:14",216.25,854.53,,,,"     ",5.30,124.60,3.62
1771,554737969,"01771M19:28:16.141","01771 19:16:15",216.17,854.58,,,,"     ",5.30,124.65,3.62
1771,554737970,"01771M19:28:17.114","01771 19:16:16",216.12,854.59,,,,"     ",5.30,125.01,3.63
1771,554737971,"01771M19:28:18.088","01771 19:16:17",216.09,854.59,,,,"     ",5.30,124.15,3.60
1771,554737972,"01771M19:28:19.061","01771 19:16:18",216.05,854.58,,,,"     ",5.30,124.48,3.62
1771,554737973,"01771M19:28:20.034","01771 19:16:19",216.01,854.58,,,,"     ",5.30,124.10,3.60
1771,554737974,"01771M19:28:21.007","01771 19:16:20",215.98,854.65,,,,"     ",5.30,124.57,3.62
1771,554737975,"01771M19:28:21.981","01771 19:16:21",215.96,854.60,,,,"     ",5.30,123.94,3.60
1771,554737976,"01771M19:28:22.954","01771 19:16:22",215.99,854.60,,,,"     ",5.30,124.22,3.61
1771,554737977,"01771M19:28:23.927","01771 19:16:23",216.06,854.62,,,,"     ",5.30,123.95,3.60
1771,554737978,"01771M19:28:24.900","01771 19:16:24",216.19,854.64,,,,"     ",5.30,124.25,3.61
1771,554737979,"01771M19:28:25.874","01771 19:16:25",216.36,854.58,,,,"     ",5.30,124.82,3.63
1771,554737980,"01771M19:28:26.847","01771 19:16:26",216.54,854.64,,,,"     ",5.30,124.35,3.61
1771,554737981,"01771M19:28:27.820","01771 19:16:27",216.70,854.65,,,,"     ",5.30,124.96,3.63
1771,554737982,"01771M19:28:28.793","01771 19:16:28",216.84,854.65,,,,"     ",5.30,125.09,3.64
1771,554737983,"01771M19:28:29.767","01771 19:16:29",216.94,854.68,,,,"     ",5.30,125.14,3.64
1771,554737984,"01771M19:28:30.740","01771 19:16:30",217.01,854.61,,,,"     ",5.30,125.05,3.64
1771,554737985,"01771M19:28:31.713","01771 19:16:31",217.05,854.63,,,,"     ",5.30,125.75,3.66
1771,554737986,"01771M19:28:32.687","01771 19:16:32",217.07,854.59,,,,"     ",5.30,125.33,3.64
1771,554737987,"01771M19:28:33.660","01771 19:16:33",217.07,854.55,,,,"     ",5.30,126.31,3.67
1771,554737988,"01771M19:28:34.633","01771 19:16:34",217.06,854.55,,,,"     ",5.30,126.34,3.67
1771,554737989,"01771M19:28:35.606","01771 19:16:35",217.04,854.65,,,,"     ",5.30,126.79,3.69
1771,554737990,"01771M19:28:36.580","01771 19:16:36",217.01,854.66,,,,"     ",5.30,126.14,3.67
1771,554737991,"01771M19:28:37.553","01771 19:16:37",216.97,854.61,,,,"     ",5.30,127.70,3.71
1771,554737992,"01771M19:28:38.526","01771 19:16:38",216.94,854.59,,,,"     ",5.30,125.58,3.65
1771,554737993,"01771M19:28:39.499","01771 19:16:39",216.94,854.58,,,,"     ",5.30,126.09,3.66
1771,554737994,"01771M19:28:40.473","01771 19:16:40",216.97,854.59,,,,"     ",5.30,126.64,3.68
1771,554737995,"01771M19:28:41.446","01771 19:16:41",217.03,854.71,,,,"     ",5.30,126.65,3.68
1771,554737996,"01771M19:28:42.419","01771 19:16:41",217.13,854.73,,,,"     ",5.30,127.42,3.70
1771,554737997,"01771M19:28:43.392","01771 19:16:42",217.22,854.77,,,,"     ",5.30,126.63,3.68
1771,554737998,"01771M19:28:44.366","01771 19:16:43",217.31,854.69,,,,"     ",5.30,127.09,3.69
1771,554737999,"01771M19:28:45.339","01771 19:16:44",217.38,854.72,,,,"     ",5.30,127.01,3.69
1771,554738000,"01771M19:28:46.312","01771 19:16:45",217.43,854.68,,,,"     ",5.30,127.77,3.71
1771,554738001,"01771M19:28:47.285","01771 19:16:46",217.46,854.71,,,,"     ",5.30,126.73,3.68
1771,554738002,"01771M19:28:48.259","01771 19:16:47",217.83,854.75,,,,"     ",5.30,127.97,3.71
1771,554738003,"01771M19:28:49.232","01771 19:16:48",217.87,854.72,,,,"     ",5.30,127.41,3.69
1771,554738004,"01771M19:28:50.205","01771 19:16:49",217.92,854.82,,,,"     ",5.30,126.80,3.68
1771,554738005,"01771M19:28:51.178","01771 19:16:50",217.96,854.78,,,,"     ",5.30,127.35,3.69
1771,554738006,"01771M19:28:52.152","01771 19:16:51",217.97,854.84,,,,"     ",5.30,127.79,3.71
1771,554738007,"01771M19:28:53.125","01771 19:16:52",217.96,854.81,,,,"     ",5.30,128.28,3.72
1771,554738008,"01771M19:28:54.098","01771 19:16:53",217.96,854.74,,,,"     ",5.30,127.80,3.71
1771,554738009,"01771M19:28:55.071","01771 19:16:54",217.96,854.78,,,,"     ",5.30,128.38,3.72
1771,554738010,"01771M19:28:56.045","01771 19:16:55",217.98,854.79,,,,"     ",5.30,128.69,3.73
1771,554738011,"01771M19:28:57.018","01771 19:16:56",218.02,854.72,,,,"     ",5.30,127.96,3.71
1771,554738012,"01771M19:28:57.991","01771 19:16:57",217.90,854.68,,,,"     ",5.30,128.04,3.71
1771,554738013,"01771M19:28:58.964","01771 19:16:58",218.02,854.71,,,,"     ",5.30,128.32,3.72
1771,554738014,"01771M19:28:59.938","01771 19:16:59",218.13,854.71,,,,"     ",5.30,128.26,3.71
1771,554738015,"01771M19:29:00.911","01771 19:17:00",218.23,854.68,,,,"     ",5.30,129.60,3.75
1771,554738016,"01771M19:29:01.884","01771 19:17:01",218.31,854.71,,,,"     ",5.30,128.98,3.73
1771,554738017,"01771M19:29:02.857","01771 19:17:02",218.48,854.70,,,,"     ",5.30,129.48,3.75
1771,554738018,"01771M19:29:03.831","01771 19:17:03",218.57,854.88,,,,"     ",5.30,129.69,3.75
1771,554738019,"01771M19:29:04.804","01771 19:17:04",218.66,854.83,,,,"     ",5.30,128.44,3.72
1771,554738020,"01771M19:29:05.777","01771 19:17:05",218.76,854.83,,,,"     ",5.30,130.26,3.77
1771,554738021,"01771M19:29:06.750","01771 19:17:06",218.85,854.76,,,,"     ",5.30,129.22,3.74
1771,554738022,"01771M19:29:07.724","01771 19:17:07",218.93,854.80,,,,"     ",5.30,130.30,3.77
1771,554738023,"01771M19:29:08.697","01771 19:17:08",218.97,854.84,,,,"     ",5.30,130.47,3.77
1771,554738024,"01771M19:29:09.670","01771 19:17:09",218.98,854.90,,,,"     ",5.30,129.61,3.74
1771,554738025,"01771M19:29:10.643","01771 19:17:10",218.97,854.91,,,,"     ",5.30,131.17,3.79
1771,554738026,"01771M19:29:11.617","01771 19:17:11",218.95,854.91,,,,"     ",5.30,130.65,3.77
1771,554738027,"01771M19:29:12.590","01771 19:17:12",218.93,854.87,,,,"     ",5.30,130.66,3.77
1771,554738028,"01771M19:29:13.563","01771 19:17:13",218.93,854.93,,,,"     ",5.30,131.04,3.78
1771,554738029,"01771M19:29:14.536","01771 19:17:14",218.93,854.84,,,,"     ",5.30,131.14,3.78
1771,554738030,"01771M19:29:15.510","01771 19:17:15",218.95,854.88,,,,"     ",5.30,131.59,3.80
1771,554738031,"01771M19:29:16.483","01771 19:17:16",218.98,854.84,,,,"     ",5.30,131.34,3.79
1771,554738032,"01771M19:29:17.456","01771 19:17:17",219.04,854.87,,,,"     ",5.30,130.64,3.77
1771,554738033,"01771M19:29:18.429","01771 19:17:17",219.12,854.92,,,,"     ",5.30,131.53,3.79
1771,554738034,"01771M19:29:19.403","01771 19:17:18",219.22,854.89,,,,"     ",5.30,131.68,3.80
1771,554738035,"01771M19:29:20.376","01771 19:17:19",219.35,854.99,,,,"     ",5.30,132.39,3.82
1771,554738036,"01771M19:29:21.349","01771 19:17:20",219.21,854.90,,,,"     ",5.30,132.39,3.81
1771,554738037,"01771M19:29:22.322","01771 19:17:21",219.34,855.02,,,,"     ",5.30,132.70,3.82
1771,554738038,"01771M19:29:23.296","01771 19:17:22",219.48,854.99,,,,"     ",5.30,131.54,3.79
1771,554738039,"01771M19:29:24.269","01771 19:17:23",219.62,854.90,,,,"     ",5.30,131.67,3.79
1771,554738040,"01771M19:29:25.242","01771 19:17:24",219.73,854.95,,,,"     ",5.30,132.07,3.80
1771,554738041,"01771M19:29:26.215","01771 19:17:25",219.82,854.93,,,,"     ",5.30,132.70,3.82
1771,554738042,"01771M19:29:27.189","01771 19:17:26",219.87,854.95,,,,"     ",5.30,132.15,3.80
1771,554738043,"01771M19:29:28.162","01771 19:17:27",219.90,854.95,,,,"     ",5.30,132.01,3.80
1771,554738044,"01771M19:29:29.135","01771 19:17:28",219.88,854.94,,,,"     ",5.30,132.07,3.80
1771,554738045,"01771M19:29:30.108","01771 19:17:29",219.84,854.99,,,,"     ",5.30,132.66,3.81
1771,554738046,"01771M19:29:31.082","01771 19:17:30",219.79,855.01,,,,"     ",5.30,132.32,3.80
1771,554738047,"01771M19:29:32.055","01771 19:17:31",219.72,855.10,,,,"     ",5.30,133.14,3.83
1771,554738048,"01771M19:29:33.028","01771 19:17:32",219.64,855.04,,,,"     ",5.30,132.53,3.81
1771,554738049,"01771M19:29:34.001","01771 19:17:33",219.53,855.08,,,,"     ",5.30,131.62,3.78
1771,554738050,"01771M19:29:34.975","01771 19:17:34",219.44,855.00,,,,"     ",5.30,133.07,3.82
1771,554738051,"01771M19:29:35.948","01771 19:17:35",219.70,855.02,,,,"     ",5.30,132.65,3.81
1771,554738052,"01771M19:29:36.921","01771 19:17:36",219.69,854.94,,,,"     ",5.30,132.32,3.79
1771,554738053,"01771M19:29:37.894","01771 19:17:37",219.69,854.98,,,,"     ",5.30,132.82,3.81
1771,554738054,"01771M19:29:38.868","01771 19:17:38",219.71,854.93,,,,"     ",5.30,132.62,3.80
1771,554738055,"01771M19:29:39.841","01771 19:17:39",219.37,854.89,,,,"     ",5.30,131.98,3.78
1771,554738056,"01771M19:29:40.814","01771 19:17:40",219.38,855.02,,,,"     ",5.30,132.59,3.80
1771,554738057,"01771M19:29:41.788","01771 19:17:41",219.40,855.05,,,,"     ",5.30,132.45,3.79
1771,554738058,"01771M19:29:42.761","01771 19:17:42",219.43,855.05,,,,"     ",5.30,132.58,3.80
1771,554738059,"01771M19:29:43.734","01771 19:17:43",219.44,854.97,,,,"     ",5.30,132.39,3.79
1771,554738060,"01771M19:29:44.707","01771 19:17:44",219.46,855.00,,,,"     ",5.30,132.49,3.79
1771,554738061,"01771M19:29:45.681","01771 19:17:45",219.48,854.99,,,,"     ",5.30,133.02,3.81
1771,554738062,"01771M19:29:46.654","01771 19:17:46",219.51,855.01,,,,"     ",5.30,132.27,3.79
1771,554738063,"01771M19:29:47.627","01771 19:17:47",219.54,855.07,,,,"     ",5.30,132.67,3.80
1771,554738064,"01771M19:29:48.600","01771 19:17:48",219.57,854.97,,,,"     ",5.30,132.64,3.79
1771,554738065,"01771M19:29:49.574","01771 19:17:49",219.59,855.04,,,,"     ",5.30,132.98,3.80
1771,554738066,"01771M19:29:50.547","01771 19:17:50",219.59,854.93,,,,"     ",5.30,131.96,3.77
1771,554738067,"01771M19:29:51.520","01771 19:17:51",219.58,854.93,,,,"     ",5.30,132.76,3.80
1771,554738068,"01771M19:29:52.493","01771 19:17:52",219.54,855.06,,,,"     ",5.30,132.30,3.78
1771,554738069,"01771M19:29:53.467","01771 19:17:53",219.51,855.06,,,,"     ",5.30,132.44,3.79
1771,554738070,"01771M19:29:54.440","01771 19:17:54",219.49,855.09,,,,"     ",5.30,132.38,3.78
1771,554738071,"01771M19:29:55.413","01771 19:17:54",219.84,855.00,,,,"     ",5.30,131.09,3.74
1771,554738072,"01771M19:29:56.386","01771 19:17:55",219.81,855.09,,,,"     ",5.30,131.68,3.76
1771,554738073,"01771M19:29:57.360","01771 19:17:56",219.78,855.07,,,,"     ",5.30,132.79,3.79
1771,554738074,"01771M19:29:58.333","01771 19:17:57",219.74,855.09,,,,"     ",5.30,131.66,3.76
1771,554738075,"01771M19:29:59.306","01771 19:17:58",219.71,855.15,,,,"     ",5.30,131.46,3.75
1771,554738076,"01771M19:30:00.279","01771 19:17:59",219.67,855.18,,,,"     ",5.30,132.02,3.77
1771,554738077,"01771M19:30:01.253","01771 19:18:00",219.65,855.18,,,,"     ",5.30,131.73,3.76
1771,554738078,"01771M19:30:02.226","01771 19:18:01",219.62,855.16,,,,"     ",5.30,132.70,3.79
1771,554738079,"01771M19:30:03.199","01771 19:18:02",219.60,855.12,,,,"     ",5.30,131.67,3.76
1771,554738080,"01771M19:30:04.172","01771 19:18:03",219.58,855.18,,,,"     ",5.30,131.93,3.77
1771,554738081,"01771M19:30:05.146","01771 19:18:04",219.55,855.14,,,,"     ",5.30,131.48,3.75
1771,554738082,"01771M19:30:06.119","01771 19:18:05",219.52,855.14,,,,"     ",5.30,131.83,3.76
1771,554738083,"01771M19:30:07.092","01771 19:18:06",219.50,855.14,,,,"     ",5.30,131.95,3.77
1771,554738084,"01771M19:30:08.065","01771 19:18:07",219.48,855.18,,,,"     ",5.30,131.11,3.74
1771,554738085,"01771M19:30:09.039","01771 19:18:08",219.46,855.18,,,,"     ",5.30,132.05,3.77
1771,554738086,"01771M19:30:10.012","01771 19:18:09",219.45,855.19,,,,"     ",5.30,132.05,3.77
1771,554738087,"01771M19:30:10.985","01771 19:18:10",219.44,855.25,,,,"     ",5.30,131.20,3.74
1771,554738088,"01771M19:30:11.958","01771 19:18:11",219.43,855.19,,,,"     ",5.30,131.48,3.75
1771,554738089,"01771M19:30:12.932","01771 19:18:12",219.41,855.23,,,,"     ",5.30,131.18,3.74
1771,554738090,"01771M19:30:13.905","01771 19:18:13",219.39,855.21,,,,"     ",5.30,131.95,3.76
1771,554738091,"01771M19:30:14.878","01771 19:18:14",219.37,855.22,,,,"     ",5.30,131.58,3.75
1771,554738092,"01771M19:30:15.851","01771 19:18:15",219.34,855.19,,,,"     ",5.30,131.50,3.75
1771,554738093,"01771M19:30:16.825","01771 19:18:16",219.31,855.23,,,,"     ",5.30,131.42,3.75
1771,554738094,"01771M19:30:17.798","01771 19:18:17",219.29,855.26,,,,"     ",5.30,131.15,3.74
1771,554738095,"01771M19:30:18.771","01771 19:18:18",219.26,855.20,,,,"     ",5.30,132.03,3.76
1771,554738096,"01771M19:30:19.744","01771 19:18:19",219.23,855.25,,,,"     ",5.30,131.31,3.74
1771,554738097,"01771M19:30:20.718","01771 19:18:20",219.20,855.31,,,,"     ",5.30,130.78,3.73
1771,554738098,"01771M19:30:21.691","01771 19:18:21",219.16,855.27,,,,"     ",5.30,131.05,3.74
1771,554738099,"01771M19:30:22.664","01771 19:18:22",219.12,855.25,,,,"     ",5.30,130.38,3.72
1771,554738100,"01771M19:30:23.637","01771 19:18:23",219.09,855.25,,,,"     ",5.30,130.72,3.73
1771,554738101,"01771M19:30:24.611","01771 19:18:24",219.07,855.24,,,,"     ",5.30,130.99,3.73
1771,554738102,"01771M19:30:25.584","01771 19:18:25",219.06,855.23,,,,"     ",5.30,130.73,3.73
1771,554738103,"01771M19:30:26.557","01771 19:18:26",219.06,855.18,,,,"     ",5.30,131.35,3.75
1771,554738104,"01771M19:30:27.530","01771 19:18:27",219.07,855.32,,,,"     ",5.30,129.81,3.70
1771,554738105,"01771M19:30:28.504","01771 19:18:28",219.08,855.24,,,,"     ",5.30,130.91,3.73
1771,554738106,"01771M19:30:29.477","01771 19:18:29",219.07,855.27,,,,"     ",5.30,129.60,3.69
1771,554738107,"01771M19:30:30.450","01771 19:18:30",219.04,855.19,,,,"     ",5.30,130.62,3.72
1771,554738108,"01771M19:30:31.423","01771 19:18:31",219.02,855.28,,,,"     ",5.30,130.76,3.73
1771,554738109,"01771M19:30:32.397","01771 19:18:31",219.00,855.25,,,,"     ",5.30,130.55,3.72
1771,554738110,"01771M19:30:33.370","01771 19:18:32",218.99,855.36,,,,"     ",5.30,128.97,3.68
1771,554738111,"01771M19:30:34.343","01771 19:18:33",218.98,855.28,,,,"     ",5.30,129.92,3.70
1771,554738112,"01771M19:30:35.316","01771 19:18:34",218.97,855.27,,,,"     ",5.30,129.80,3.70
1771,554738113,"01771M19:30:36.290","01771 19:18:35",218.96,855.30,,,,"     ",5.30,129.79,3.70
1771,554738114,"01771M19:30:37.263","01771 19:18:36",218.96,855.32,,,,"     ",5.30,129.78,3.70
1771,554738115,"01771M19:30:38.236","01771 19:18:37",218.95,855.27,,,,"     ",5.30,129.51,3.69
1771,554738116,"01771M19:30:39.209","01771 19:18:38",218.95,855.26,,,,"     ",5.30,128.96,3.68
1771,554738117,"01771M19:30:40.183","01771 19:18:39",218.95,855.31,,,,"     ",5.30,129.57,3.70
1771,554738118,"01771M19:30:41.156","01771 19:18:40",218.95,855.34,,,,"     ",5.30,129.52,3.69
1771,554738119,"01771M19:30:42.129","01771 19:18:41",218.95,855.36,,,,"     ",5.30,129.33,3.69
1771,554738120,"01771M19:30:43.102","01771 19:18:42",218.98,855.36,,,,"     ",5.30,129.57,3.70
1771,554738121,"01771M19:30:44.076","01771 19:18:43",218.91,855.40,,,,"     ",5.30,128.58,3.67
1771,554738122,"01771M19:30:45.049","01771 19:18:44",218.84,855.38,,,,"     ",5.30,129.58,3.70
1771,554738123,"01771M19:30:46.022","01771 19:18:45",218.78,855.36,,,,"     ",5.30,129.06,3.68
1771,554738124,"01771M19:30:46.995","01771 19:18:46",218.72,855.33,,,,"     ",5.30,129.31,3.69
1771,554738125,"01771M19:30:47.969","01771 19:18:47",218.67,855.26,,,,"     ",5.30,128.45,3.67
1771,554738126,"01771M19:30:48.942","01771 19:18:48",218.63,855.35,,,,"     ",5.30,128.53,3.67
1771,554738127,"01771M19:30:49.915","01771 19:18:49",218.58,855.30,,,,"     ",5.30,127.70,3.64
1771,554738128,"01771M19:30:50.889","01771 19:18:50",218.54,855.35,,,,"     ",5.30,128.60,3.67
1771,554738129,"01771M19:30:51.862","01771 19:18:51",218.50,855.37,,,,"     ",5.30,127.84,3.65
1771,554738130,"01771M19:30:52.835","01771 19:18:52",218.47,855.35,,,,"     ",5.30,128.64,3.67
1771,554738131,"01771M19:30:53.808","01771 19:18:53",218.44,855.41,,,,"     ",5.30,128.19,3.66
1771,554738132,"01771M19:30:54.782","01771 19:18:54",218.41,855.44,,,,"     ",5.30,128.98,3.69
1771,554738133,"01771M19:30:55.755","01771 19:18:55",218.39,855.41,,,,"     ",5.30,128.25,3.67
1771,554738134,"01771M19:30:56.728","01771 19:18:56",218.37,855.39,,,,"     ",5.30,128.38,3.67
1771,554738135,"01771M19:30:57.701","01771 19:18:57",218.35,855.44,,,,"     ",5.30,128.25,3.67
1771,554738136,"01771M19:30:58.675","01771 19:18:58",218.34,855.44,,,,"     ",5.30,127.57,3.65
1771,554738137,"01771M19:30:59.648","01771 19:18:59",218.34,855.45,,,,"     ",5.30,127.94,3.66
1771,554738138,"01771M19:31:00.621","01771 19:19:00",218.34,855.48,,,,"     ",5.30,127.52,3.65
1771,554738139,"01771M19:31:01.594","01771 19:19:01",218.35,855.41,,,,"     ",5.30,127.73,3.65
1771,554738140,"01771M19:31:02.568","01771 19:19:02",218.37,855.50,,,,"     ",5.30,127.89,3.66
1771,554738141,"01771M19:31:03.541","01771 19:19:03",218.37,855.45,,,,"     ",5.30,127.43,3.65
1771,554738142,"01771M19:31:04.514","01771 19:19:04",218.36,855.40,,,,"     ",5.30,127.37,3.65
1771,554738143,"01771M19:31:05.487","01771 19:19:05",218.34,855.45,,,,"     ",5.30,128.18,3.67
1771,554738144,"01771M19:31:06.461","01771 19:19:06",218.31,855.40,,,,"     ",5.30,127.77,3.66
1771,554738145,"01771M19:31:07.434","01771 19:19:07",218.26,855.45,,,,"     ",5.30,126.42,3.62
1771,554738146,"01771M19:31:08.407","01771 19:19:07",218.22,855.48,,,,"     ",5.30,128.04,3.67
1771,554738147,"01771M19:31:09.380","01771 19:19:08",218.17,855.48,,,,"     ",5.30,127.90,3.67
1771,554738148,"01771M19:31:10.354","01771 19:19:09",218.12,855.51,,,,"     ",5.30,128.70,3.69
1771,554738149,"01771M19:31:11.327","01771 19:19:10",218.06,855.46,,,,"     ",5.30,127.27,3.65
1771,554738150,"01771M19:31:12.300","01771 19:19:11",218.01,855.36,,,,"     ",5.30,127.13,3.64
1771,554738151,"01771M19:31:13.273","01771 19:19:12",217.95,855.49,,,,"     ",5.30,127.44,3.65
1771,554738152,"01771M19:31:14.247","01771 19:19:13",217.90,855.46,,,,"     ",5.30,126.65,3.63
1771,554738153,"01771M19:31:15.220","01771 19:19:14",217.85,855.45,,,,"     ",5.30,127.95,3.67
1771,554738154,"01771M19:31:16.193","01771 19:19:15",217.81,855.42,,,,"     ",5.30,127.50,3.66
1771,554738155,"01771M19:31:17.166","01771 19:19:16",217.78,855.52,,,,"     ",5.30,128.25,3.68
1771,554738156,"01771M19:31:18.140","01771 19:19:17",217.77,855.55,,,,"     ",5.30,127.31,3.65
1771,554738157,"01771M19:31:19.113","01771 19:19:18",217.76,855.53,,,,"     ",5.30,127.09,3.65
1771,554738158,"01771M19:31:20.086","01771 19:19:19",217.77,855.60,,,,"     ",5.30,126.64,3.64
1771,554738159,"01771M19:31:21.059","01771 19:19:20",217.79,855.55,,,,"     ",5.30,126.74,3.64
1771,554738160,"01771M19:31:22.033","01771 19:19:21",217.82,855.50,,,,"     ",5.30,127.16,3.65
1771,554738161,"01771M19:31:23.006","01771 19:19:22",217.85,855.56,,,,"     ",5.30,126.11,3.62
1771,554738162,"01771M19:31:23.979","01771 19:19:23",217.88,855.58,,,,"     ",5.30,126.45,3.63
1771,554738163,"01771M19:31:24.952","01771 19:19:24",217.91,855.55,,,,"     ",5.30,126.82,3.64
1771,554738164,"01771M19:31:25.926","01771 19:19:25",217.93,855.59,,,,"     ",5.30,125.62,3.61
1771,554738165,"01771M19:31:26.899","01771 19:19:26",217.94,855.57,,,,"     ",5.30,126.65,3.64
1771,554738166,"01771M19:31:27.872","01771 19:19:27",217.95,855.55,,,,"     ",5.30,126.07,3.63
1771,554738167,"01771M19:31:28.845","01771 19:19:28",217.95,855.54,,,,"     ",5.30,125.71,3.62
1771,554738168,"01771M19:31:29.819","01771 19:19:29",217.94,855.55,,,,"     ",5.30,126.12,3.63
1771,554738169,"01771M19:31:30.792","01771 19:19:30",217.93,855.54,,,,"     ",5.30,126.04,3.63
1771,554738170,"01771M19:31:31.765","01771 19:19:31",217.92,855.58,,,,"     ",5.30,125.59,3.62
1771,554738171,"01771M19:31:32.738","01771 19:19:32",217.89,855.51,,,,"     ",5.30,125.30,3.61
1771,554738172,"01771M19:31:33.712","01771 19:19:33",217.59,855.50,,,,"     ",5.30,125.95,3.63
1771,554738173,"01771M19:31:34.685","01771 19:19:34",217.57,855.51,,,,"     ",5.30,126.20,3.64
1771,554738174,"01771M19:31:35.658","01771 19:19:35",217.54,855.67,,,,"     ",5.30,125.73,3.62
1771,554738175,"01771M19:31:36.631","01771 19:19:36",217.51,855.62,,,,"     ",5.30,124.82,3.60
1771,554738176,"01771M19:31:37.605","01771 19:19:37",217.48,855.59,,,,"     ",5.30,125.38,3.61
1771,554738177,"01771M19:31:38.578","01771 19:19:38",217.44,855.60,,,,"     ",5.30,124.51,3.59
1771,554738178,"01771M19:31:39.551","01771 19:19:39",217.41,855.60,,,,"     ",5.30,125.50,3.62
1771,554738179,"01771M19:31:40.524","01771 19:19:40",217.38,855.65,,,,"     ",5.30,125.83,3.63
1771,554738180,"01771M19:31:41.498","01771 19:19:41",217.35,855.70,,,,"     ",5.30,124.12,3.58
1771,554738181,"01771M19:31:42.471","01771 19:19:42",217.32,855.63,,,,"     ",5.30,124.97,3.61
1771,554738182,"01771M19:31:43.444","01771 19:19:43",217.30,855.55,,,,"     ",5.30,125.04,3.61
1771,554738183,"01771M19:31:44.417","01771 19:19:44",217.27,855.58,,,,"     ",5.30,124.86,3.61
1771,554738184,"01771M19:31:45.391","01771 19:19:44",217.25,855.50,,,,"     ",5.30,125.39,3.62
1771,554738185,"01771M19:31:46.364","01771 19:19:45",217.23,855.56,,,,"     ",5.30,125.10,3.61
1771,554738186,"01771M19:31:47.337","01771 19:19:46",217.61,855.55,,,,"     ",5.30,124.85,3.61
1771,554738187,"01771M19:31:48.310","01771 19:19:47",217.61,855.59,,,,"     ",5.30,125.56,3.63
1771,554738188,"01771M19:31:49.284","01771 19:19:48",217.61,855.65,,,,"     ",5.30,125.02,3.61
1771,554738189,"01771M19:31:50.257","01771 19:19:49",217.61,855.63,,,,"     ",5.30,125.96,3.64
1771,554738190,"01771M19:31:51.230","01771 19:19:50",217.61,855.67,,,,"     ",5.30,125.40,3.63
1771,554738191,"01771M19:31:52.203","01771 19:19:51",217.62,855.69,,,,"     ",5.30,125.46,3.63
1771,554738192,"01771M19:31:53.177","01771 19:19:52",217.63,855.67,,,,"     ",5.30,125.77,3.64
1771,554738193,"01771M19:31:54.150","01771 19:19:53",217.64,855.62,,,,"     ",5.30,124.74,3.61
1771,554738194,"01771M19:31:55.123","01771 19:19:54",217.66,855.66,,,,"     ",5.30,125.25,3.62
1771,554738195,"01771M19:31:56.096","01771 19:19:55",217.69,855.70,,,,"     ",5.30,125.74,3.64
1771,554738196,"01771M19:31:57.070","01771 19:19:56",217.72,855.62,,,,"     ",5.30,125.85,3.64
1771,554738197,"01771M19:31:58.043","01771 19:19:57",217.76,855.71,,,,"     ",5.30,125.26,3.62
1771,554738198,"01771M19:31:59.016","01771 19:19:58",217.81,855.74,,,,"     ",5.30,125.20,3.62
1771,554738199,"01771M19:31:59.989","01771 19:19:59",217.85,855.70,,,,"     ",5.30,125.71,3.64
1771,554738200,"01771M19:32:00.963","01771 19:20:00",217.89,855.70,,,,"     ",5.30,125.94,3.65
1771,554738201,"01771M19:32:01.936","01771 19:20:01",217.93,855.67,,,,"     ",5.30,125.76,3.64
1771,554738202,"01771M19:32:02.909","01771 19:20:02",217.96,855.66,,,,"     ",5.30,126.15,3.65
1771,554738203,"01771M19:32:03.883","01771 19:20:03",217.98,855.80,,,,"     ",5.30,126.12,3.65
1771,554738204,"01771M19:32:04.856","01771 19:20:04",217.99,855.76,,,,"     ",5.30,125.58,3.64
1771,554738205,"01771M19:32:05.829","01771 19:20:05",218.00,855.69,,,,"     ",5.30,126.32,3.66
1771,554738206,"01771M19:32:06.802","01771 19:20:06",218.00,855.75,,,,"     ",5.30,125.95,3.65
1771,554738207,"01771M19:32:07.776","01771 19:20:07",217.99,855.77,,,,"     ",5.30,125.73,3.64
1771,554738208,"01771M19:32:08.749","01771 19:20:08",217.99,855.72,,,,"     ",5.30,125.79,3.64
1771,554738209,"01771M19:32:09.722","01771 19:20:09",217.99,855.70,,,,"     ",5.30,125.13,3.62
1771,554738210,"01771M19:32:10.695","01771 19:20:10",218.00,855.74,,,,"     ",5.30,126.43,3.66
1771,554738211,"01771M19:32:11.669","01771 19:20:11",218.01,855.83,,,,"     ",5.30,124.94,3.62
1771,554738212,"01771M19:32:12.642","01771 19:20:12",218.03,855.89,,,,"     ",5.30,126.01,3.65
1771,554738213,"01771M19:32:13.615","01771 19:20:13",218.06,855.77,,,,"     ",5.30,125.99,3.65
1771,554738214,"01771M19:32:14.588","01771 19:20:14",218.09,855.79,,,,"     ",5.30,125.46,3.63
1771,554738215,"01771M19:32:15.562","01771 19:20:15",218.13,855.73,,,,"     ",5.30,125.79,3.64
1771,554738216,"01771M19:32:16.535","01771 19:20:16",218.17,855.72,,,,"     ",5.30,126.61,3.67
1771,554738217,"01771M19:32:17.508","01771 19:20:17",218.21,855.65,,,,"     ",5.30,125.75,3.64
1771,554738218,"01771M19:32:18.481","01771 19:20:18",218.25,855.71,,,,"     ",5.30,125.70,3.64
1771,554738219,"01771M19:32:19.455","01771 19:20:19",218.29,855.76,,,,"     ",5.30,125.83,3.65
1771,554738220,"01771M19:32:20.428","01771 19:20:20",218.32,855.81,,,,"     ",5.30,126.46,3.66
1771,554738221,"01771M19:32:21.401","01771 19:20:21",218.34,855.82,,,,"     ",5.30,125.91,3.65
1771,554738222,"01771M19:32:22.374","01771 19:20:21",218.35,855.80,,,,"     ",5.30,125.13,3.62
1771,554738223,"01771M19:32:23.348","01771 19:20:22",218.36,855.67,,,,"     ",5.30,126.34,3.66
1771,554738224,"01771M19:32:24.321","01771 19:20:23",218.37,855.87,,,,"     ",5.30,125.61,3.64
1771,554738225,"01771M19:32:25.294","01771 19:20:24",218.36,855.81,,,,"     ",5.30,125.48,3.63
1771,554738226,"01771M19:32:26.267","01771 19:20:25",218.34,855.86,,,,"     ",5.30,126.26,3.66
1771,554738227,"01771M19:32:27.241","01771 19:20:26",218.32,855.78,,,,"     ",5.30,125.63,3.64
1771,554738228,"01771M19:32:28.214","01771 19:20:27",218.28,855.84,,,,"     ",5.30,125.67,3.64
1771,554738229,"01771M19:32:29.187","01771 19:20:28",218.25,855.87,,,,"     ",5.30,126.26,3.66
1771,554738230,"01771M19:32:30.160","01771 19:20:29",218.20,855.93,,,,"     ",5.30,126.44,3.66
1771,554738231,"01771M19:32:31.134","01771 19:20:30",218.16,855.88,,,,"     ",5.30,126.36,3.66
1771,554738232,"01771M19:32:32.107","01771 19:20:31",218.13,855.82,,,,"     ",5.30,125.99,3.65
1771,554738233,"01771M19:32:33.080","01771 19:20:32",218.10,855.86,,,,"     ",5.30,126.31,3.66
1771,554738234,"01771M19:32:34.053","01771 19:20:33",218.07,855.84,,,,"     ",5.30,126.50,3.67
1771,554738235,"01771M19:32:35.027","01771 19:20:34",218.05,855.87,,,,"     ",5.30,125.63,3.64
1771,554738236,"01771M19:32:36.000","01771 19:20:35",218.04,855.88,,,,"     ",5.30,126.31,3.66
1771,554738237,"01771M19:32:36.973","01771 19:20:36",218.04,855.90,,,,"     ",5.30,126.08,3.65
1771,554738238,"01771M19:32:37.946","01771 19:20:37",218.05,855.96,,,,"     ",5.30,125.66,3.64
1771,554738239,"01771M19:32:38.920","01771 19:20:38",218.07,855.97,,,,"     ",5.30,125.56,3.64
1771,554738240,"01771M19:32:39.893","01771 19:20:39",218.08,856.01,,,,"     ",5.30,125.97,3.65
1771,554738241,"01771M19:32:40.866","01771 19:20:40",218.09,856.00,,,,"     ",5.30,125.19,3.63
1771,554738242,"01771M19:32:41.839","01771 19:20:41",218.10,856.02,,,,"     ",5.30,126.44,3.67
1771,554738243,"01771M19:32:42.813","01771 19:20:42",218.10,855.97,,,,"     ",5.30,125.74,3.64
1771,554738244,"01771M19:32:43.786","01771 19:20:43",218.09,855.96,,,,"     ",5.30,126.08,3.65
1771,554738245,"01771M19:32:44.759","01771 19:20:44",218.09,855.94,,,,"     ",5.30,126.46,3.67
1771,554738246,"01771M19:32:45.732","01771 19:20:45",218.07,855.90,,,,"     ",5.30,126.55,3.67
1771,554738247,"01771M19:32:46.706","01771 19:20:46",218.05,855.94,,,,"     ",5.30,125.82,3.65
1771,554738248,"01771M19:32:47.679","01771 19:20:47",218.03,855.94,,,,"     ",5.30,125.81,3.65
1771,554738249,"01771M19:32:48.652","01771 19:20:48",218.00,855.91,,,,"     ",5.30,125.46,3.64
1771,554738250,"01771M19:32:49.625","01771 19:20:49",217.96,855.92,,,,"     ",5.30,125.95,3.65
1771,554738251,"01771M19:32:50.599","01771 19:20:50",217.93,855.98,,,,"     ",5.30,126.04,3.65
1771,554738252,"01771M19:32:51.572","01771 19:20:51",217.91,855.95,,,,"     ",5.30,125.98,3.65
1771,554738253,"01771M19:32:52.545","01771 19:20:52",217.90,856.02,,,,"     ",5.30,125.86,3.65
1771,554738254,"01771M19:32:53.518","01771 19:20:53",217.90,855.99,,,,"     ",5.30,125.85,3.65
1771,554738255,"01771M19:32:54.492","01771 19:20:54",217.92,855.94,,,,"     ",5.30,125.81,3.65
1771,554738256,"01771M19:32:55.465","01771 19:20:55",217.94,855.99,,,,"     ",5.30,125.92,3.65
1771,554738257,"01771M19:32:56.438","01771 19:20:56",217.98,855.95,,,,"     ",5.30,126.78,3.68
1771,554738258,"01771M19:32:57.411","01771 19:20:57",218.03,855.91,,,,"     ",5.30,126.07,3.66
1771,554738259,"01771M19:32:58.385","01771 19:20:58",218.09,855.92,,,,"     ",5.30,126.51,3.67
1771,554738260,"01771M19:32:59.358","01771 19:20:58",218.17,855.91,,,,"     ",5.30,125.29,3.63
1771,554738261,"01771M19:33:00.331","01771 19:20:59",218.25,855.94,,,,"     ",5.30,125.77,3.64
1771,554738262,"01771M19:33:01.304","01771 19:21:00",218.34,855.87,,,,"     ",5.30,126.20,3.66
1771,554738263,"01771M19:33:02.278","01771 19:21:01",218.43,855.90,,,,"     ",5.30,125.42,3.64
1771,554738264,"01771M19:33:03.251","01771 19:21:02",218.51,855.88,,,,"     ",5.30,125.70,3.64
1771,554738265,"01771M19:33:04.224","01771 19:21:03",218.59,856.01,,,,"     ",5.30,126.19,3.66
1771,554738266,"01771M19:33:05.197","01771 19:21:04",218.66,856.04,,,,"     ",5.30,126.55,3.67
1771,554738267,"01771M19:33:06.171","01771 19:21:05",218.71,856.01,,,,"     ",5.30,125.78,3.65
1771,554738268,"01771M19:33:07.144","01771 19:21:06",218.76,856.00,,,,"     ",5.30,127.59,3.70
1771,554738269,"01771M19:33:08.117","01771 19:21:07",218.78,856.01,,,,"     ",5.30,126.13,3.66
1771,554738270,"01771M19:33:09.090","01771 19:21:08",218.79,856.05,,,,"     ",5.30,126.16,3.66
1771,554738271,"01771M19:33:10.064","01771 19:21:09",218.79,856.05,,,,"     ",5.30,127.26,3.69
1771,554738272,"01771M19:33:11.037","01771 19:21:10",218.77,856.03,,,,"     ",5.30,126.52,3.67
1771,554738273,"01771M19:33:12.010","01771 19:21:11",218.74,856.09,,,,"     ",5.30,126.02,3.65
1771,554738274,"01771M19:33:12.984","01771 19:21:12",218.71,856.17,,,,"     ",5.30,126.31,3.66
1771,554738275,"01771M19:33:13.957","01771 19:21:13",218.68,856.18,,,,"     ",5.30,127.09,3.68
1771,554738276,"01771M19:33:14.930","01771 19:21:14",218.64,856.09,,,,"     ",5.30,126.42,3.66
1771,554738277,"01771M19:33:15.903","01771 19:21:15",218.60,856.16,,,,"     ",5.30,126.13,3.65
1771,554738278,"01771M19:33:16.877","01771 19:21:16",218.56,856.10,,,,"     ",5.30,127.69,3.70
1771,554738279,"01771M19:33:17.850","01771 19:21:17",218.53,856.08,,,,"     ",5.30,127.27,3.69
1771,554738280,"01771M19:33:18.823","01771 19:21:18",218.50,856.09,,,,"     ",5.30,126.44,3.66
1771,554738281,"01771M19:33:19.796","01771 19:21:19",218.50,856.14,,,,"     ",5.30,126.83,3.67
1771,554738282,"01771M19:33:20.770","01771 19:21:20",218.50,856.05,,,,"     ",5.30,126.85,3.67
1771,554738283,"01771M19:33:21.743","01771 19:21:21",218.52,856.05,,,,"     ",5.30,126.06,3.65
1771,554738284,"01771M19:33:22.716","01771 19:21:22",218.55,856.07,,,,"     ",5.30,126.20,3.65
1771,554738285,"01771M19:33:23.689","01771 19:21:23",218.59,856.05,,,,"     ",5.30,126.25,3.66
1771,554738286,"01771M19:33:24.663","01771 19:21:24",218.64,856.16,,,,"     ",5.30,126.56,3.67
1771,554738287,"01771M19:33:25.636","01771 19:21:25",218.68,856.12,,,,"     ",5.30,126.09,3.65
1771,554738288,"01771M19:33:26.609","01771 19:21:26",218.73,856.14,,,,"     ",5.30,125.64,3.64
1771,554738289,"01771M19:33:27.582","01771 19:21:27",218.77,856.16,,,,"     ",5.30,127.14,3.68
1771,554738290,"01771M19:33:28.556","01771 19:21:28",218.82,856.14,,,,"     ",5.30,126.90,3.67
1771,554738291,"01771M19:33:29.529","01771 19:21:29",218.85,856.26,,,,"     ",5.30,127.73,3.70
1771,554738292,"01771M19:33:30.502","01771 19:21:30",218.88,856.31,,,,"     ",5.30,127.06,3.68
1771,554738293,"01771M19:33:31.475","01771 19:21:31",218.90,856.28,,,,"     ",5.30,127.19,3.68
1771,554738294,"01771M19:33:32.449","01771 19:21:32",218.91,856.25,,,,"     ",5.30,126.50,3.66
1771,554738295,"01771M19:33:33.422","01771 19:21:33",218.91,856.34,,,,"     ",5.30,127.37,3.69
1771,554738296,"01771M19:33:34.395","01771 19:21:34",218.92,856.34,,,,"     ",5.30,127.55,3.69
1771,554738297,"01771M19:33:35.368","01771 19:21:34",218.92,856.31,,,,"     ",5.30,126.99,3.67
1771,554738298,"01771M19:33:36.342","01771 19:21:35",218.92,856.35,,,,"     ",5.30,127.25,3.68
1771,554738299,"01771M19:33:37.315","01771 19:21:36",218.93,856.32,,,,"     ",5.30,127.14,3.68
1771,554738300,"01771M19:33:38.288","01771 19:21:37",218.93,856.26,,,,"     ",5.30,127.66,3.69
1771,554738301,"01771M19:33:39.261","01771 19:21:38",218.93,856.28,,,,"     ",5.30,127.25,3.68
1771,554738302,"01771M19:33:40.235","01771 19:21:39",218.93,856.34,,,,"     ",5.30,126.75,3.66
1771,554738303,"01771M19:33:41.208","01771 19:21:40",218.93,856.32,,,,"     ",5.30,127.51,3.69
1771,554738304,"01771M19:33:42.181","01771 19:21:41",218.93,856.36,,,,"     ",5.30,126.98,3.67
1771,554738305,"01771M19:33:43.154","01771 19:21:42",218.93,856.33,,,,"     ",5.30,127.54,3.69
1771,554738306,"01771M19:33:44.128","01771 19:21:43",218.93,856.38,,,,"     ",5.30,126.92,3.67
1771,554738307,"01771M19:33:45.101","01771 19:21:44",218.93,856.33,,,,"     ",5.30,126.73,3.66
1771,554738308,"01771M19:33:46.074","01771 19:21:45",218.93,856.39,,,,"     ",5.30,127.59,3.69
1771,554738309,"01771M19:33:47.047","01771 19:21:46",218.93,856.37,,,,"     ",5.30,128.20,3.70
1771,554738310,"01771M19:33:48.021","01771 19:21:47",218.94,856.41,,,,"     ",5.30,127.38,3.68
1771,554738311,"01771M19:33:48.994","01771 19:21:48",218.95,856.46,,,,"     ",5.30,127.24,3.67
1771,554738312,"01771M19:33:49.967","01771 19:21:49",218.97,856.46,,,,"     ",5.30,127.42,3.68
1771,554738313,"01771M19:33:50.940","01771 19:21:50",218.98,856.44,,,,"     ",5.30,127.52,3.68
1771,554738314,"01771M19:33:51.914","01771 19:21:51",218.99,856.46,,,,"     ",5.30,127.61,3.68
1771,554738315,"01771M19:33:52.887","01771 19:21:52",218.99,856.47,,,,"     ",5.30,127.95,3.69
1771,554738316,"01771M19:33:53.860","01771 19:21:53",218.98,856.46,,,,"     ",5.30,127.42,3.68
1771,554738317,"01771M19:33:54.833","01771 19:21:54",218.97,856.41,,,,"     ",5.30,128.16,3.70
1771,554738318,"01771M19:33:55.807","01771 19:21:55",218.96,856.47,,,,"     ",5.30,127.55,3.68
1771,554738319,"01771M19:33:56.780","01771 19:21:56",218.96,856.42,,,,"     ",5.30,128.11,3.70
1771,554738320,"01771M19:33:57.753","01771 19:21:57",218.96,856.49,,,,"     ",5.30,127.94,3.69
1771,554738321,"01771M19:33:58.726","01771 19:21:58",218.97,856.51,,,,"     ",5.30,128.17,3.70
1771,554738322,"01771M19:33:59.700","01771 19:21:59",218.99,856.47,,,,"     ",5.30,127.98,3.69
1771,554738323,"01771M19:34:00.673","01771 19:22:00",219.00,856.42,,,,"     ",5.30,128.40,3.70
1771,554738324,"01771M19:34:01.646","01771 19:22:01",219.02,856.44,,,,"     ",5.30,128.57,3.71
1771,554738325,"01771M19:34:02.619","01771 19:22:02",219.04,856.44,,,,"     ",5.30,127.32,3.67
1771,554738326,"01771M19:34:03.593","01771 19:22:03",219.07,856.45,,,,"     ",5.30,128.30,3.70
1771,554738327,"01771M19:34:04.566","01771 19:22:04",219.09,856.47,,,,"     ",5.30,127.99,3.69
1771,554738328,"01771M19:34:05.539","01771 19:22:05",219.11,856.38,,,,"     ",5.30,127.73,3.68
1771,554738329,"01771M19:34:06.512","01771 19:22:06",219.13,856.44,,,,"     ",5.30,127.40,3.67
1771,554738330,"01771M19:34:07.486","01771 19:22:07",219.14,856.48,,,,"     ",5.30,127.57,3.67
1771,554738331,"01771M19:34:08.459","01771 19:22:08",219.16,856.44,,,,"     ",5.30,128.41,3.70
1771,554738332,"01771M19:34:09.432","01771 19:22:09",219.17,856.41,,,,"     ",5.30,127.85,3.68
1771,554738333,"01771M19:34:10.405","01771 19:22:10",219.18,856.46,,,,"     ",5.30,127.33,3.67
1771,554738334,"01771M19:34:11.379","01771 19:22:11",219.19,856.48,,,,"     ",5.30,128.07,3.69
1771,554738335,"01771M19:34:12.352","01771 19:22:11",219.18,856.48,,,,"     ",5.30,127.74,3.68
1771,554738336,"01771M19:34:13.325","01771 19:22:12",219.17,856.47,,,,"     ",5.30,127.84,3.68
1771,554738337,"01771M19:34:14.298","01771 19:22:13",219.14,856.45,,,,"     ",5.30,128.02,3.69
1771,554738338,"01771M19:34:15.272","01771 19:22:14",219.10,856.49,,,,"     ",5.30,128.25,3.69
1771,554738339,"01771M19:34:16.245","01771 19:22:15",219.05,856.50,,,,"     ",5.30,127.59,3.67
1771,554738340,"01771M19:34:17.218","01771 19:22:16",218.99,856.51,,,,"     ",5.30,127.69,3.68
1771,554738341,"01771M19:34:18.191","01771 19:22:17",218.92,856.43,,,,"     ",5.30,127.98,3.68
1771,554738342,"01771M19:34:19.165","01771 19:22:18",218.85,856.42,,,,"     ",5.30,128.29,3.69
1771,554738343,"01771M19:34:20.138","01771 19:22:19",218.79,856.44,,,,"     ",5.30,128.80,3.71
1771,554738344,"01771M19:34:21.111","01771 19:22:20",218.72,856.49,,,,"     ",5.30,127.51,3.67
1771,554738345,"01771M19:34:22.085","01771 19:22:21",218.66,856.43,,,,"     ",5.30,128.30,3.69
1771,554738346,"01771M19:34:23.058","01771 19:22:22",218.60,856.44,,,,"     ",5.30,128.40,3.70
1771,554738347,"01771M19:34:24.031","01771 19:22:23",218.55,856.58,,,,"     ",5.30,128.69,3.71
1771,554738348,"01771M19:34:25.004","01771 19:22:24",218.50,856.54,,,,"     ",5.30,127.97,3.68
1771,554738349,"01771M19:34:25.978","01771 19:22:25",218.46,856.55,,,,"     ",5.30,127.63,3.68
1771,554738350,"01771M19:34:26.951","01771 19:22:26",218.43,856.54,,,,"     ",5.30,127.86,3.68
1771,554738351,"01771M19:34:27.924","01771 19:22:27",218.40,856.50,,,,"     ",5.30,127.55,3.67
1771,554738352,"01771M19:34:28.897","01771 19:22:28",218.38,856.49,,,,"     ",5.30,127.10,3.66
1771,554738353,"01771M19:34:29.871","01771 19:22:29",218.36,856.54,,,,"     ",5.30,128.43,3.70
1771,554738354,"01771M19:34:30.844","01771 19:22:30",218.36,856.51,,,,"     ",5.30,128.11,3.69
1771,554738355,"01771M19:34:31.817","01771 19:22:31",218.37,856.56,,,,"     ",5.30,127.96,3.69
1771,554738356,"01771M19:34:32.790","01771 19:22:32",218.38,856.57,,,,"     ",5.30,128.70,3.71
1771,554738357,"01771M19:34:33.764","01771 19:22:33",218.39,856.67,,,,"     ",5.30,127.75,3.68
1771,554738358,"01771M19:34:34.737","01771 19:22:34",218.42,856.66,,,,"     ",5.30,128.09,3.69
1771,554738359,"01771M19:34:35.710","01771 19:22:35",218.44,856.61,,,,"     ",5.30,128.69,3.71
1771,554738360,"01771M19:34:36.683","01771 19:22:36",218.47,856.57,,,,"     ",5.30,127.41,3.67
1771,554738361,"01771M19:34:37.657","01771 19:22:37",218.50,856.60,,,,"     ",5.30,128.24,3.69
1771,554738362,"01771M19:34:38.630","01771 19:22:38",218.54,856.63,,,,"     ",5.30,127.54,3.67
1771,554738363,"01771M19:34:39.603","01771 19:22:39",218.56,856.65,,,,"     ",5.30,128.37,3.70
1771,554738364,"01771M19:34:40.576","01771 19:22:40",218.58,856.70,,,,"     ",5.30,127.72,3.68
1771,554738365,"01771M19:34:41.550","01771 19:22:41",218.59,856.75,,,,"     ",5.30,128.12,3.69
1771,554738366,"01771M19:34:42.523","01771 19:22:42",218.59,856.72,,,,"     ",5.30,127.99,3.69
1771,554738367,"01771M19:34:43.496","01771 19:22:43",218.59,856.66,,,,"     ",5.30,127.53,3.67
1771,554738368,"01771M19:34:44.469","01771 19:22:44",218.59,856.61,,,,"     ",5.30,128.32,3.70
1771,554738369,"01771M19:34:45.443","01771 19:22:45",218.58,856.65,,,,"     ",5.30,127.10,3.66
1771,554738370,"01771M19:34:46.416","01771 19:22:46",218.58,856.62,,,,"     ",5.30,127.56,3.68
1771,554738371,"01771M19:34:47.389","01771 19:22:47",218.57,856.67,,,,"     ",5.30,128.28,3.70
1771,554738372,"01771M19:34:48.362","01771 19:22:48",218.56,856.69,,,,"     ",5.30,127.23,3.67
1771,554738373,"01771M19:34:49.336","01771 19:22:48",218.54,856.67,,,,"     ",5.30,127.87,3.69
1771,554738374,"01771M19:34:50.309","01771 19:22:49",218.53,856.66,,,,"     ",5.30,126.67,3.65
1771,554738375,"01771M19:34:51.282","01771 19:22:50",218.51,856.68,,,,"     ",5.30,127.23,3.67
1771,554738376,"01771M19:34:52.255","01771 19:22:51",218.49,856.63,,,,"     ",5.30,127.56,3.68
1771,554738377,"01771M19:34:53.229","01771 19:22:52",218.47,856.72,,,,"     ",5.30,127.47,3.67
1771,554738378,"01771M19:34:54.202","01771 19:22:53",218.45,856.64,,,,"     ",5.30,127.06,3.66
1771,554738379,"01771M19:34:55.175","01771 19:22:54",218.43,856.67,,,,"     ",5.30,128.16,3.69
1771,554738380,"01771M19:34:56.148","01771 19:22:55",218.41,856.62,,,,"     ",5.30,128.26,3.70
1771,554738381,"01771M19:34:57.122","01771 19:22:56",218.40,856.68,,,,"     ",5.30,128.34,3.70
1771,554738382,"01771M19:34:58.095","01771 19:22:57",218.39,856.70,,,,"     ",5.30,128.06,3.69
1771,554738383,"01771M19:34:59.068","01771 19:22:58",218.38,856.70,,,,"     ",5.30,127.98,3.69
1771,554738384,"01771M19:35:00.041","01771 19:22:59",218.38,856.72,,,,"     ",5.30,127.80,3.69
1771,554738385,"01771M19:35:01.015","01771 19:23:00",218.39,856.75,,,,"     ",5.30,128.01,3.69
1771,554738386,"01771M19:35:01.988","01771 19:23:01",218.39,856.60,,,,"     ",5.30,128.59,3.71
1771,554738387,"01771M19:35:02.961","01771 19:23:02",218.41,856.65,,,,"     ",5.30,128.69,3.71
1771,554738388,"01771M19:35:03.934","01771 19:23:03",218.42,856.66,,,,"     ",5.30,127.67,3.68
1771,554738389,"01771M19:35:04.908","01771 19:23:04",218.44,856.61,,,,"     ",5.30,127.76,3.68
1771,554738390,"01771M19:35:05.881","01771 19:23:05",218.46,856.64,,,,"     ",5.30,127.99,3.69
1771,554738391,"01771M19:35:06.854","01771 19:23:06",218.47,856.68,,,,"     ",5.30,127.61,3.68
1771,554738392,"01771M19:35:07.827","01771 19:23:07",218.47,856.77,,,,"     ",5.30,128.03,3.69
1771,554738393,"01771M19:35:08.801","01771 19:23:08",218.46,856.74,,,,"     ",5.30,127.02,3.66
1771,554738394,"01771M19:35:09.774","01771 19:23:09",218.45,856.72,,,,"     ",5.30,127.02,3.66
1771,554738395,"01771M19:35:10.747","01771 19:23:10",218.43,856.76,,,,"     ",5.30,126.93,3.66
1771,554738396,"01771M19:35:11.720","01771 19:23:11",218.41,856.80,,,,"     ",5.30,127.42,3.68
1771,554738397,"01771M19:35:12.694","01771 19:23:12",218.39,856.76,,,,"     ",5.30,127.31,3.67
1771,554738398,"01771M19:35:13.667","01771 19:23:13",218.37,856.77,,,,"     ",5.30,127.54,3.68
1771,554738399,"01771M19:35:14.640","01771 19:23:14",218.35,856.78,,,,"     ",5.30,127.12,3.67
1771,554738400,"01771M19:35:15.613","01771 19:23:15",218.33,856.76,,,,"     ",5.30,126.94,3.66
1771,554738401,"01771M19:35:16.587","01771 19:23:16",218.30,856.78,,,,"     ",5.30,127.37,3.68
1771,554738402,"01771M19:35:17.560","01771 19:23:17",218.26,856.74,,,,"     ",5.30,126.58,3.65
1771,554738403,"01771M19:35:18.533","01771 19:23:18",218.23,856.71,,,,"     ",5.30,127.10,3.67
1771,554738404,"01771M19:35:19.506","01771 19:23:19",218.20,856.73,,,,"     ",5.30,127.46,3.68
1771,554738405,"01771M19:35:20.480","01771 19:23:20",218.17,856.74,,,,"     ",5.30,127.43,3.68
1771,554738406,"01771M19:35:21.453","01771 19:23:21",218.15,856.71,,,,"     ",5.30,126.52,3.65
1771,554738407,"01771M19:35:22.426","01771 19:23:22",218.13,856.79,,,,"     ",5.30,125.96,3.64
1771,554738408,"01771M19:35:23.399","01771 19:23:23",218.13,856.77,,,,"     ",5.30,126.66,3.66
1771,554738409,"01771M19:35:24.373","01771 19:23:24",218.11,856.84,,,,"     ",5.30,126.79,3.66
1771,554738410,"01771M19:35:25.346","01771 19:23:24",218.09,856.86,,,,"     ",5.30,126.34,3.65
1771,554738411,"01771M19:35:26.319","01771 19:23:25",218.07,856.83,,,,"     ",5.30,126.77,3.67
1771,554738412,"01771M19:35:27.292","01771 19:23:26",218.06,856.79,,,,"     ",5.30,126.27,3.65
1771,554738413,"01771M19:35:28.266","01771 19:23:27",218.04,856.79,,,,"     ",5.30,126.41,3.65
1771,554738414,"01771M19:35:29.239","01771 19:23:28",218.03,856.82,,,,"     ",5.30,125.87,3.64
1771,554738415,"01771M19:35:30.212","01771 19:23:29",218.02,856.84,,,,"     ",5.30,125.60,3.63
1771,554738416,"01771M19:35:31.186","01771 19:23:30",218.01,856.83,,,,"     ",5.30,126.12,3.65
1771,554738417,"01771M19:35:32.159","01771 19:23:31",218.01,856.81,,,,"     ",5.30,125.34,3.63
1771,554738418,"01771M19:35:33.132","01771 19:23:32",218.01,856.88,,,,"     ",5.30,124.33,3.60
1771,554738419,"01771M19:35:34.105","01771 19:23:33",218.02,856.88,,,,"     ",5.30,125.31,3.63
1771,554738420,"01771M19:35:35.079","01771 19:23:34",218.02,856.87,,,,"     ",5.30,126.60,3.67
1771,554738421,"01771M19:35:36.052","01771 19:23:35",218.03,856.95,,,,"     ",5.30,126.27,3.66
1771,554738422,"01771M19:35:37.025","01771 19:23:36",218.04,856.91,,,,"     ",5.30,125.98,3.65
1771,554738423,"01771M19:35:37.998","01771 19:23:37",218.06,856.92,,,,"     ",5.30,126.07,3.65
1771,554738424,"01771M19:35:38.972","01771 19:23:38",218.07,856.82,,,,"     ",5.30,125.31,3.63
1771,554738425,"01771M19:35:39.945","01771 19:23:39",218.09,856.92,,,,"     ",5.30,125.76,3.64
1771,554738426,"01771M19:35:40.918","01771 19:23:40",218.11,856.88,,,,"     ",5.30,125.83,3.65
1771,554738427,"01771M19:35:41.891","01771 19:23:41",218.13,856.85,,,,"     ",5.30,125.87,3.65
1771,554738428,"01771M19:35:42.865","01771 19:23:42",217.69,856.78,,,,"     ",5.30,126.17,3.66
1771,554738429,"01771M19:35:43.838","01771 19:23:43",217.74,856.83,,,,"     ",5.30,126.07,3.66
1771,554738430,"01771M19:35:44.811","01771 19:23:44",217.80,856.83,,,,"     ",5.30,125.90,3.65
1771,554738431,"01771M19:35:45.784","01771 19:23:45",217.84,856.85,,,,"     ",5.30,126.72,3.68
1771,554738432,"01771M19:35:46.758","01771 19:23:46",217.89,856.85,,,,"     ",5.30,126.18,3.66
1771,554738433,"01771M19:35:47.731","01771 19:23:47",217.94,856.92,,,,"     ",5.30,126.35,3.67
1771,554738434,"01771M19:35:48.704","01771 19:23:48",217.98,856.92,,,,"     ",5.30,125.94,3.65
1771,554738435,"01771M19:35:49.677","01771 19:23:49",218.02,856.96,,,,"     ",5.30,126.03,3.66
1771,554738436,"01771M19:35:50.651","01771 19:23:50",218.05,857.03,,,,"     ",5.30,125.93,3.66
1771,554738437,"01771M19:35:51.624","01771 19:23:51",218.09,857.08,,,,"     ",5.30,125.75,3.65
1771,554738438,"01771M19:35:52.597","01771 19:23:52",218.12,856.92,,,,"     ",5.30,126.32,3.67
1771,554738439,"01771M19:35:53.570","01771 19:23:53",218.15,857.00,,,,"     ",5.30,125.49,3.64
1771,554738440,"01771M19:35:54.544","01771 19:23:54",218.17,857.00,,,,"     ",5.30,125.77,3.65
1771,554738441,"01771M19:35:55.517","01771 19:23:55",218.20,857.09,,,,"     ",5.30,125.81,3.65
1771,554738442,"01771M19:35:56.490","01771 19:23:56",218.22,857.14,,,,"     ",5.30,125.99,3.66
1771,554738443,"01771M19:35:57.463","01771 19:23:57",218.23,857.05,,,,"     ",5.30,126.59,3.68
1771,554738444,"01771M19:35:58.437","01771 19:23:58",218.25,857.08,,,,"     ",5.30,126.78,3.68
1771,554738445,"01771M19:35:59.410","01771 19:23:59",218.26,857.14,,,,"     ",5.30,125.49,3.64
1771,554738446,"01771M19:36:00.383","01771 19:24:00",218.27,857.02,,,,"     ",5.30,126.11,3.66
1771,554738447,"01771M19:36:01.356","01771 19:24:01",218.28,857.03,,,,"     ",5.30,126.61,3.68
1771,554738448,"01771M19:36:02.330","01771 19:24:01",218.29,856.99,,,,"     ",5.30,125.71,3.65
1771,554738449,"01771M19:36:03.303","01771 19:24:02",218.30,856.92,,,,"     ",5.30,126.59,3.68
1771,554738450,"01771M19:36:04.276","01771 19:24:03",218.29,857.04,,,,"     ",5.30,126.58,3.68
1771,554738451,"01771M19:36:05.249","01771 19:24:04",218.28,857.05,,,,"     ",5.30,126.04,3.66
1771,554738452,"01771M19:36:06.223","01771 19:24:05",218.26,857.08,,,,"     ",5.30,125.66,3.65
1771,554738453,"01771M19:36:07.196","01771 19:24:06",218.24,857.06,,,,"     ",5.30,126.63,3.68
1771,554738454,"01771M19:36:08.169","01771 19:24:07",218.21,857.15,,,,"     ",5.30,125.35,3.64
1771,554738455,"01771M19:36:09.142","01771 19:24:08",218.18,857.14,,,,"     ",5.30,126.12,3.67
1771,554738456,"01771M19:36:10.116","01771 19:24:09",218.15,856.98,,,,"     ",5.30,125.31,3.64
1771,554738457,"01771M19:36:11.089","01771 19:24:10",218.12,857.04,,,,"     ",5.30,125.42,3.65
1771,554738458,"01771M19:36:12.062","01771 19:24:11",218.09,857.05,,,,"     ",5.30,126.38,3.68
1771,554738459,"01771M19:36:13.035","01771 19:24:12",218.05,857.09,,,,"     ",5.30,126.79,3.69
1771,554738460,"01771M19:36:14.009","01771 19:24:13",218.02,857.11,,,,"     ",5.30,125.37,3.65
1771,554738461,"01771M19:36:14.982","01771 19:24:14",217.98,857.08,,,,"     ",5.30,126.43,3.68
1771,554738462,"01771M19:36:15.955","01771 19:24:15",217.95,857.04,,,,"     ",5.30,125.85,3.66
1771,554738463,"01771M19:36:16.928","01771 19:24:16",217.92,857.14,,,,"     ",5.30,125.37,3.65
1771,554738464,"01771M19:36:17.902","01771 19:24:17",217.89,857.15,,,,"     ",5.30,126.06,3.67
1771,554738465,"01771M19:36:18.875","01771 19:24:18",217.86,857.20,,,,"     ",5.30,125.83,3.66
1771,554738466,"01771M19:36:19.848","01771 19:24:19",217.83,857.22,,,,"     ",5.30,125.34,3.65
1771,554738467,"01771M19:36:20.821","01771 19:24:20",217.81,857.20,,,,"     ",5.30,126.07,3.67
1771,554738468,"01771M19:36:21.795","01771 19:24:21",217.79,857.28,,,,"     ",5.30,125.13,3.64
1771,554738469,"01771M19:36:22.768","01771 19:24:22",217.77,857.12,,,,"     ",5.30,124.64,3.63
1771,554738470,"01771M19:36:23.741","01771 19:24:23",217.75,857.19,,,,"     ",5.30,125.93,3.67
1771,554738471,"01771M19:36:24.714","01771 19:24:24",217.73,857.25,,,,"     ",5.30,125.68,3.66
1771,554738472,"01771M19:36:25.688","01771 19:24:25",217.72,857.22,,,,"     ",5.30,125.23,3.65
1771,554738473,"01771M19:36:26.661","01771 19:24:26",217.69,857.21,,,,"     ",5.30,125.80,3.67
1771,554738474,"01771M19:36:27.634","01771 19:24:27",217.67,857.27,,,,"     ",5.30,126.12,3.68
1771,554738475,"01771M19:36:28.607","01771 19:24:28",217.32,857.25,,,,"     ",5.30,126.53,3.69
1771,554738476,"01771M19:36:29.581","01771 19:24:29",217.30,857.24,,,,"     ",5.30,125.86,3.67
1771,554738477,"01771M19:36:30.554","01771 19:24:30",217.26,857.21,,,,"     ",5.30,126.42,3.69
1771,554738478,"01771M19:36:31.527","01771 19:24:31",217.22,857.18,,,,"     ",5.30,126.07,3.68
1771,554738479,"01771M19:36:32.500","01771 19:24:32",217.18,857.22,,,,"     ",5.30,125.70,3.67
1771,554738480,"01771M19:36:33.474","01771 19:24:33",217.16,857.16,,,,"     ",5.30,125.72,3.67
1771,554738481,"01771M19:36:34.447","01771 19:24:34",217.13,857.18,,,,"     ",5.30,125.49,3.66
1771,554738482,"01771M19:36:35.420","01771 19:24:35",217.52,857.19,,,,"     ",5.30,126.19,3.68
1771,554738483,"01771M19:36:36.393","01771 19:24:36",217.53,857.29,,,,"     ",5.30,125.48,3.66
1771,554738484,"01771M19:36:37.367","01771 19:24:37",217.55,857.29,,,,"     ",5.30,125.07,3.65
1771,554738485,"01771M19:36:38.340","01771 19:24:38",217.58,857.35,,,,"     ",5.30,126.03,3.68
1771,554738486,"01771M19:36:39.313","01771 19:24:38",217.62,857.32,,,,"     ",5.30,125.48,3.66
1771,554738487,"01771M19:36:40.287","01771 19:24:39",217.65,857.31,,,,"     ",5.30,125.55,3.67
1771,554738488,"01771M19:36:41.260","01771 19:24:40",217.67,857.38,,,,"     ",5.30,126.72,3.70
1771,554738489,"01771M19:36:42.233","01771 19:24:41",217.69,857.30,,,,"     ",5.30,125.51,3.67
1771,554738490,"01771M19:36:43.206","01771 19:24:42",217.70,857.34,,,,"     ",5.30,125.69,3.67
1771,554738491,"01771M19:36:44.180","01771 19:24:43",217.69,857.35,,,,"     ",5.30,126.28,3.69
1771,554738492,"01771M19:36:45.153","01771 19:24:44",217.68,857.40,,,,"     ",5.30,126.83,3.71
1771,554738493,"01771M19:36:46.126","01771 19:24:45",217.65,857.36,,,,"     ",5.30,126.25,3.69
1771,554738494,"01771M19:36:47.099","01771 19:24:46",217.62,857.45,,,,"     ",5.30,126.02,3.68
1771,554738495,"01771M19:36:48.073","01771 19:24:47",217.58,857.40,,,,"     ",5.30,126.07,3.69
1771,554738496,"01771M19:36:49.046","01771 19:24:48",217.54,857.44,,,,"     ",5.30,126.53,3.70
1771,554738497,"01771M19:36:50.019","01771 19:24:49",217.49,857.32,,,,"     ",5.30,126.41,3.70
1771,554738498,"01771M19:36:50.992","01771 19:24:50",217.46,857.38,,,,"     ",5.30,125.83,3.68
1771,554738499,"01771M19:36:51.966","01771 19:24:51",217.42,857.38,,,,"     ",5.30,126.83,3.71
1771,554738500,"01771M19:36:52.939","01771 19:24:52",217.39,857.34,,,,"     ",5.30,126.39,3.70
1771,554738501,"01771M19:36:53.912","01771 19:24:53",217.36,857.40,,,,"     ",5.30,125.03,3.66
1771,554738502,"01771M19:36:54.885","01771 19:24:54",217.33,857.34,,,,"     ",5.30,125.55,3.67
1771,554738503,"01771M19:36:55.859","01771 19:24:55",217.30,857.44,,,,"     ",5.30,125.58,3.68
1771,554738504,"01771M19:36:56.832","01771 19:24:56",217.26,857.41,,,,"     ",5.30,125.57,3.68
1771,554738505,"01771M19:36:57.805","01771 19:24:57",216.78,857.37,,,,"     ",5.30,125.95,3.69
1771,554738506,"01771M19:36:58.778","01771 19:24:58",216.77,857.39,,,,"     ",5.30,125.41,3.67
1771,554738507,"01771M19:36:59.752","01771 19:24:59",216.77,857.44,,,,"     ",5.30,126.18,3.69
1771,554738508,"01771M19:37:00.725","01771 19:25:00",216.79,857.40,,,,"     ",5.30,126.56,3.71
1771,554738509,"01771M19:37:01.698","01771 19:25:01",216.82,857.44,,,,"     ",5.30,125.39,3.67
1771,554738510,"01771M19:37:02.671","01771 19:25:02",216.87,857.46,,,,"     ",5.30,126.29,3.70
1771,554738511,"01771M19:37:03.645","01771 19:25:03",216.92,857.42,,,,"     ",5.30,126.67,3.71
1771,554738512,"01771M19:37:04.618","01771 19:25:04",217.00,857.44,,,,"     ",5.30,126.40,3.71
1771,554738513,"01771M19:37:05.591","01771 19:25:05",217.08,857.42,,,,"     ",5.30,126.34,3.70
1771,554738514,"01771M19:37:06.564","01771 19:25:06",217.16,857.42,,,,"     ",5.30,126.13,3.70
1771,554738515,"01771M19:37:07.538","01771 19:25:07",217.25,857.49,,,,"     ",5.30,126.54,3.71
1771,554738516,"01771M19:37:08.511","01771 19:25:08",217.33,857.47,,,,"     ",5.30,127.17,3.73
1771,554738517,"01771M19:37:09.484","01771 19:25:09",217.40,857.52,,,,"     ",5.30,126.40,3.71
1771,554738518,"01771M19:37:10.457","01771 19:25:10",217.47,857.56,,,,"     ",5.30,126.67,3.72
1771,554738519,"01771M19:37:11.431","01771 19:25:11",217.53,857.47,,,,"     ",5.30,126.54,3.71
1771,554738520,"01771M19:37:12.404","01771 19:25:12",217.60,857.57,,,,"     ",5.30,126.50,3.71
1771,554738521,"01771M19:37:13.377","01771 19:25:13",217.66,857.59,,,,"     ",5.30,126.45,3.71
1771,554738522,"01771M19:37:14.350","01771 19:25:14",217.72,857.44,,,,"     ",5.30,127.52,3.74
1771,554738523,"01771M19:37:15.324","01771 19:25:15",217.78,857.49,,,,"     ",5.30,127.10,3.73
1771,554738524,"01771M19:37:16.297","01771 19:25:15",218.01,857.49,,,,"     ",5.30,126.57,3.71
1771,554738525,"01771M19:37:17.270","01771 19:25:16",218.05,857.52,,,,"     ",5.30,127.15,3.73
1771,554738526,"01771M19:37:18.243","01771 19:25:17",218.07,857.60,,,,"     ",5.30,126.95,3.73
1771,554738527,"01771M19:37:19.217","01771 19:25:18",218.08,857.43,,,,"     ",5.30,126.95,3.73
1771,554738528,"01771M19:37:20.190","01771 19:25:19",218.07,857.46,,,,"     ",5.30,127.06,3.73
1771,554738529,"01771M19:37:21.163","01771 19:25:20",217.88,857.44,,,,"     ",5.30,127.08,3.73
1771,554738530,"01771M19:37:22.136","01771 19:25:21",217.86,857.43,,,,"     ",5.30,127.45,3.74
1771,554738531,"01771M19:37:23.110","01771 19:25:22",217.82,857.53,,,,"     ",5.30,127.66,3.75
1771,554738532,"01771M19:37:24.083","01771 19:25:23",217.79,857.50,,,,"     ",5.30,127.40,3.74
1771,554738533,"01771M19:37:25.056","01771 19:25:24",217.74,857.52,,,,"     ",5.30,126.98,3.73
1771,554738534,"01771M19:37:26.029","01771 19:25:25",217.70,857.53,,,,"     ",5.30,127.44,3.74
1771,554738535,"01771M19:37:27.003","01771 19:25:26",217.67,857.52,,,,"     ",5.30,127.25,3.74
1771,554738536,"01771M19:37:27.976","01771 19:25:27",217.63,857.49,,,,"     ",5.30,127.95,3.76
1771,554738537,"01771M19:37:28.949","01771 19:25:28",217.61,857.51,,,,"     ",5.30,126.62,3.72
1771,554738538,"01771M19:37:29.922","01771 19:25:29",217.60,857.58,,,,"     ",5.30,126.16,3.70
1771,554738539,"01771M19:37:30.896","01771 19:25:30",217.60,857.60,,,,"     ",5.30,126.66,3.72
1771,554738540,"01771M19:37:31.869","01771 19:25:31",217.86,857.55,,,,"     ",5.30,126.91,3.73
1771,554738541,"01771M19:37:32.842","01771 19:25:32",217.87,857.51,,,,"     ",5.30,128.31,3.77
1771,554738542,"01771M19:37:33.815","01771 19:25:33",217.88,857.65,,,,"     ",5.30,127.52,3.74
1771,554738543,"01771M19:37:34.789","01771 19:25:34",217.89,857.68,,,,"     ",5.30,126.55,3.72
1771,554738544,"01771M19:37:35.762","01771 19:25:35",217.90,857.64,,,,"     ",5.30,127.15,3.73
1771,554738545,"01771M19:37:36.735","01771 19:25:36",217.91,857.60,,,,"     ",5.30,126.78,3.72
1771,554738546,"01771M19:37:37.708","01771 19:25:37",217.91,857.64,,,,"     ",5.30,127.31,3.74
1771,554738547,"01771M19:37:38.682","01771 19:25:38",217.91,857.65,,,,"     ",5.30,127.02,3.73
1771,554738548,"01771M19:37:39.655","01771 19:25:39",217.91,857.69,,,,"     ",5.30,127.84,3.76
1771,554738549,"01771M19:37:40.628","01771 19:25:40",217.90,857.67,,,,"     ",5.30,126.81,3.73
1771,554738550,"01771M19:37:41.601","01771 19:25:41",217.67,857.68,,,,"     ",5.30,127.53,3.75
1771,554738551,"01771M19:37:42.575","01771 19:25:42",217.66,857.67,,,,"     ",5.30,127.17,3.74
1771,554738552,"01771M19:37:43.548","01771 19:25:43",217.63,857.64,,,,"     ",5.30,126.90,3.73
1771,554738553,"01771M19:37:44.521","01771 19:25:44",217.58,857.65,,,,"     ",5.30,127.01,3.73
1771,554738554,"01771M19:37:45.494","01771 19:25:45",217.53,857.71,,,,"     ",5.30,126.63,3.72
1771,554738555,"01771M19:37:46.468","01771 19:25:46",217.46,857.68,,,,"     ",5.30,126.96,3.73
1771,554738556,"01771M19:37:47.441","01771 19:25:47",217.40,857.70,,,,"     ",5.30,126.03,3.70
1771,554738557,"01771M19:37:48.414","01771 19:25:48",217.34,857.72,,,,"     ",5.30,126.55,3.72
1771,554738558,"01771M19:37:49.387","01771 19:25:49",217.29,857.74,,,,"     ",5.30,125.78,3.70
1771,554738559,"01771M19:37:50.361","01771 19:25:50",217.24,857.72,,,,"     ",5.30,126.60,3.72
1771,554738560,"01771M19:37:51.334","01771 19:25:51",217.19,857.69,,,,"     ",5.30,126.26,3.71
1771,554738561,"01771M19:37:52.307","01771 19:25:51",217.16,857.71,,,,"     ",5.30,126.75,3.73
1771,554738562,"01771M19:37:53.281","01771 19:25:52",217.13,857.75,,,,"     ",5.30,126.12,3.71
1771,554738563,"01771M19:37:54.254","01771 19:25:53",217.11,857.71,,,,"     ",5.30,125.86,3.70
1771,554738564,"01771M19:37:55.227","01771 19:25:54",217.10,857.75,,,,"     ",5.30,125.57,3.69
1771,554738565,"01771M19:37:56.200","01771 19:25:55",217.10,857.74,,,,"     ",5.30,126.45,3.72
1771,554738566,"01771M19:37:57.174","01771 19:25:56",217.11,857.80,,,,"     ",5.30,125.36,3.69
1771,554738567,"01771M19:37:58.147","01771 19:25:57",217.12,857.77,,,,"     ",5.30,126.19,3.72
1771,554738568,"01771M19:37:59.120","01771 19:25:58",217.14,857.76,,,,"     ",5.30,125.76,3.70
1771,554738569,"01771M19:38:00.093","01771 19:25:59",217.16,857.78,,,,"     ",5.30,126.02,3.71
1771,554738570,"01771M19:38:01.067","01771 19:26:00",217.18,857.77,,,,"     ",5.30,125.08,3.68
1771,554738571,"01771M19:38:02.040","01771 19:26:01",217.20,857.78,,,,"     ",5.30,125.54,3.70
1771,554738572,"01771M19:38:03.013","01771 19:26:02",217.22,857.76,,,,"     ",5.30,125.25,3.69
1771,554738573,"01771M19:38:03.986","01771 19:26:03",217.24,857.75,,,,"     ",5.30,126.10,3.72
1771,554738574,"01771M19:38:04.960","01771 19:26:04",217.25,857.75,,,,"     ",5.30,125.48,3.70
1771,554738575,"01771M19:38:05.933","01771 19:26:05",217.26,857.80,,,,"     ",5.30,125.17,3.69
1771,554738576,"01771M19:38:06.906","01771 19:26:06",217.25,857.80,,,,"     ",5.30,124.67,3.68
1771,554738577,"01771M19:38:07.879","01771 19:26:07",217.23,857.89,,,,"     ",5.30,125.62,3.71
1771,554738578,"01771M19:38:08.853","01771 19:26:08",217.20,857.77,,,,"     ",5.30,125.17,3.69
1771,554738579,"01771M19:38:09.826","01771 19:26:09",217.16,857.84,,,,"     ",5.30,124.90,3.68
1771,554738580,"01771M19:38:10.799","01771 19:26:10",217.12,857.81,,,,"     ",5.30,125.87,3.71
1771,554738581,"01771M19:38:11.772","01771 19:26:11",217.09,857.85,,,,"     ",5.30,125.83,3.72
1771,554738582,"01771M19:38:12.746","01771 19:26:12",217.05,857.88,,,,"     ",5.30,124.70,3.68
1771,554738583,"01771M19:38:13.719","01771 19:26:13",217.02,857.87,,,,"     ",5.30,124.89,3.69
1771,554738584,"01771M19:38:14.692","01771 19:26:14",216.99,857.83,,,,"     ",5.30,124.91,3.69
1771,554738585,"01771M19:38:15.665","01771 19:26:15",216.97,857.83,,,,"     ",5.30,125.30,3.70
1771,554738586,"01771M19:38:16.639","01771 19:26:16",216.96,857.90,,,,"     ",5.30,124.91,3.69
1771,554738587,"01771M19:38:17.612","01771 19:26:17",216.94,857.84,,,,"     ",5.30,124.86,3.69
1771,554738588,"01771M19:38:18.585","01771 19:26:18",216.93,857.76,,,,"     ",5.30,125.44,3.71
1771,554738589,"01771M19:38:19.558","01771 19:26:19",216.92,857.78,,,,"     ",5.30,125.25,3.70
1771,554738590,"01771M19:38:20.532","01771 19:26:20",216.90,857.89,,,,"     ",5.30,124.65,3.68
1771,554738591,"01771M19:38:21.505","01771 19:26:21",216.88,857.82,,,,"     ",5.30,124.85,3.69
1771,554738592,"01771M19:38:22.478","01771 19:26:22",216.86,857.82,,,,"     ",5.30,125.99,3.73
1771,554738593,"01771M19:38:23.451","01771 19:26:23",216.84,857.88,,,,"     ",5.30,125.26,3.70
1771,554738594,"01771M19:38:24.425","01771 19:26:24",216.81,857.82,,,,"     ",5.30,124.19,3.67
1771,554738595,"01771M19:38:25.398","01771 19:26:25",216.79,857.92,,,,"     ",5.30,125.93,3.72
1771,554738596,"01771M19:38:26.371","01771 19:26:26",216.76,857.83,,,,"     ",5.30,125.14,3.70
1771,554738597,"01771M19:38:27.344","01771 19:26:27",216.75,857.89,,,,"     ",5.30,125.03,3.70
1771,554738598,"01771M19:38:28.318","01771 19:26:28",216.74,857.84,,,,"     ",5.30,124.95,3.69
1771,554738599,"01771M19:38:29.291","01771 19:26:28",216.74,857.88,,,,"     ",5.30,124.96,3.70
1771,554738600,"01771M19:38:30.264","01771 19:26:29",216.76,857.81,,,,"     ",5.30,125.60,3.72
1771,554738601,"01771M19:38:31.237","01771 19:26:30",217.22,857.91,,,,"     ",5.30,125.99,3.73
1771,554738602,"01771M19:38:32.211","01771 19:26:31",217.26,857.93,,,,"     ",5.30,125.71,3.72
1771,554738603,"01771M19:38:33.184","01771 19:26:32",217.31,857.90,,,,"     ",5.30,125.81,3.72
1771,554738604,"01771M19:38:34.157","01771 19:26:33",217.37,857.83,,,,"     ",5.30,125.20,3.70
1771,554738605,"01771M19:38:35.130","01771 19:26:34",217.42,857.90,,,,"     ",5.30,125.23,3.70
1771,554738606,"01771M19:38:36.104","01771 19:26:35",217.47,857.87,,,,"     ",5.30,125.11,3.70
1771,554738607,"01771M19:38:37.077","01771 19:26:36",217.52,857.91,,,,"     ",5.30,126.00,3.73
1771,554738608,"01771M19:38:38.050","01771 19:26:37",217.56,857.91,,,,"     ",5.30,125.77,3.72
1771,554738609,"01771M19:38:39.023","01771 19:26:38",217.31,857.94,,,,"     ",5.30,126.19,3.73
1771,554738610,"01771M19:38:39.997","01771 19:26:39",217.39,857.99,,,,"     ",5.30,124.77,3.69
1771,554738611,"01771M19:38:40.970","01771 19:26:40",217.47,857.91,,,,"     ",5.30,124.99,3.70
1771,554738612,"01771M19:38:41.943","01771 19:26:41",217.54,857.92,,,,"     ",5.30,126.53,3.74
1771,554738613,"01771M19:38:42.916","01771 19:26:42",217.62,857.95,,,,"     ",5.30,126.61,3.75
1771,554738614,"01771M19:38:43.890","01771 19:26:43",217.69,857.99,,,,"     ",5.30,126.16,3.73
1771,554738615,"01771M19:38:44.863","01771 19:26:44",217.75,857.97,,,,"     ",5.30,125.99,3.73
1771,554738616,"01771M19:38:45.836","01771 19:26:45",218.01,857.95,,,,"     ",5.30,126.35,3.74
1771,554738617,"01771M19:38:46.809","01771 19:26:46",218.06,857.99,,,,"     ",5.30,127.28,3.77
1771,554738618,"01771M19:38:47.783","01771 19:26:47",218.11,858.04,,,,"     ",5.30,126.73,3.75
1771,554738619,"01771M19:38:48.756","01771 19:26:48",218.15,858.08,,,,"     ",5.30,126.67,3.75
1771,554738620,"01771M19:38:49.729","01771 19:26:49",218.18,858.09,,,,"     ",5.30,127.12,3.76
1771,554738621,"01771M19:38:50.702","01771 19:26:50",218.19,858.11,,,,"     ",5.30,127.88,3.78
1771,554738622,"01771M19:38:51.676","01771 19:26:51",218.20,858.12,,,,"     ",5.30,126.51,3.74
1771,554738623,"01771M19:38:52.649","01771 19:26:52",218.21,858.09,,,,"     ",5.30,127.01,3.75
1771,554738624,"01771M19:38:53.622","01771 19:26:53",218.22,858.09,,,,"     ",5.30,127.46,3.77
1771,554738625,"01771M19:38:54.595","01771 19:26:54",218.23,858.14,,,,"     ",5.30,127.63,3.77
1771,554738626,"01771M19:38:55.569","01771 19:26:55",218.24,858.06,,,,"     ",5.30,127.60,3.77
1771,554738627,"01771M19:38:56.542","01771 19:26:56",218.26,858.10,,,,"     ",5.30,127.54,3.77
1771,554738628,"01771M19:38:57.515","01771 19:26:57",218.28,858.18,,,,"     ",5.30,127.47,3.77
1771,554738629,"01771M19:38:58.488","01771 19:26:58",218.29,858.13,,,,"     ",5.30,127.76,3.77
1771,554738630,"01771M19:38:59.462","01771 19:26:59",218.30,858.19,,,,"     ",5.30,127.42,3.76
1771,554738631,"01771M19:39:00.435","01771 19:27:00",218.30,858.20,,,,"     ",5.30,128.26,3.79
1771,554738632,"01771M19:39:01.408","01771 19:27:01",218.29,858.16,,,,"     ",5.30,126.87,3.74
1771,554738633,"01771M19:39:02.382","01771 19:27:02",218.27,858.18,,,,"     ",5.30,127.51,3.77
1771,554738634,"01771M19:39:03.355","01771 19:27:03",218.25,858.17,,,,"     ",5.30,128.11,3.78
1771,554738635,"01771M19:39:04.328","01771 19:27:04",218.22,858.20,,,,"     ",5.30,127.78,3.77
1771,554738636,"01771M19:39:05.301","01771 19:27:05",218.21,858.15,,,,"     ",5.30,127.75,3.77
1771,554738637,"01771M19:39:06.275","01771 19:27:05",218.20,858.18,,,,"     ",5.30,127.42,3.76
1771,554738638,"01771M19:39:07.248","01771 19:27:06",218.21,858.13,,,,"     ",5.30,127.24,3.75
1771,554738639,"01771M19:39:08.221","01771 19:27:07",218.22,858.15,,,,"     ",5.30,128.37,3.79
1771,554738640,"01771M19:39:09.194","01771 19:27:08",218.25,858.14,,,,"     ",5.30,128.47,3.79
1771,554738641,"01771M19:39:10.168","01771 19:27:09",218.28,858.15,,,,"     ",5.30,127.63,3.76
1771,554738642,"01771M19:39:11.141","01771 19:27:10",218.31,858.11,,,,"     ",5.30,128.41,3.79
1771,554738643,"01771M19:39:12.114","01771 19:27:11",218.33,858.03,,,,"     ",5.30,127.60,3.76
1771,554738644,"01771M19:39:13.087","01771 19:27:12",218.33,858.15,,,,"     ",5.30,128.35,3.79
1771,554738645,"01771M19:39:14.061","01771 19:27:13",218.33,858.03,,,,"     ",5.30,128.64,3.79
1771,554738646,"01771M19:39:15.034","01771 19:27:14",218.32,857.99,,,,"     ",5.30,128.38,3.79
1771,554738647,"01771M19:39:16.007","01771 19:27:15",218.30,858.07,,,,"     ",5.30,128.18,3.78
1771,554738648,"01771M19:39:16.980","01771 19:27:16",218.27,858.13,,,,"     ",5.30,129.35,3.81
1771,554738649,"01771M19:39:17.954","01771 19:27:17",218.24,858.12,,,,"     ",5.30,127.89,3.77
1771,554738650,"01771M19:39:18.927","01771 19:27:18",218.21,858.20,,,,"     ",5.30,128.87,3.80
1771,554738651,"01771M19:39:19.900","01771 19:27:19",218.19,858.25,,,,"     ",5.30,129.37,3.82
1771,554738652,"01771M19:39:20.873","01771 19:27:20",218.16,858.23,,,,"     ",5.30,128.91,3.80
1771,554738653,"01771M19:39:21.847","01771 19:27:21",218.14,858.26,,,,"     ",5.30,129.41,3.82
1771,554738654,"01771M19:39:22.820","01771 19:27:22",218.12,858.21,,,,"     ",5.30,127.91,3.77
1771,554738655,"01771M19:39:23.793","01771 19:27:23",218.11,858.27,,,,"     ",5.30,127.19,3.75
1771,554738656,"01771M19:39:24.766","01771 19:27:24",218.09,858.14,,,,"     ",5.30,128.16,3.78
1771,554738657,"01771M19:39:25.740","01771 19:27:25",218.08,858.26,,,,"     ",5.30,127.87,3.77
1771,554738658,"01771M19:39:26.713","01771 19:27:26",218.08,858.23,,,,"     ",5.30,128.16,3.78
1771,554738659,"01771M19:39:27.686","01771 19:27:27",218.08,858.27,,,,"     ",5.30,128.37,3.78
1771,554738660,"01771M19:39:28.659","01771 19:27:28",218.08,858.17,,,,"     ",5.30,127.21,3.75
1771,554738661,"01771M19:39:29.633","01771 19:27:29",218.09,858.25,,,,"     ",5.30,127.41,3.76
1771,554738662,"01771M19:39:30.606","01771 19:27:30",218.09,858.23,,,,"     ",5.30,127.60,3.76
1771,554738663,"01771M19:39:31.579","01771 19:27:31",218.11,858.25,,,,"     ",5.30,128.09,3.78
1771,554738664,"01771M19:39:32.552","01771 19:27:32",218.12,858.27,,,,"     ",5.30,127.97,3.77
1771,554738665,"01771M19:39:33.526","01771 19:27:33",218.13,858.30,,,,"     ",5.30,127.37,3.76
1771,554738666,"01771M19:39:34.499","01771 19:27:34",218.14,858.38,,,,"     ",5.30,127.81,3.77
1771,554738667,"01771M19:39:35.472","01771 19:27:35",218.16,858.38,,,,"     ",5.30,127.26,3.75
1771,554738668,"01771M19:39:36.445","01771 19:27:36",218.17,858.28,,,,"     ",5.30,128.11,3.78
1771,554738669,"01771M19:39:37.419","01771 19:27:37",218.19,858.37,,,,"     ",5.30,128.09,3.78
1771,554738670,"01771M19:39:38.392","01771 19:27:38",218.20,858.33,,,,"     ",5.30,127.74,3.77
1771,554738671,"01771M19:39:39.365","01771 19:27:39",218.21,858.35,,,,"     ",5.30,127.34,3.76
1771,554738672,"01771M19:39:40.338","01771 19:27:40",218.22,858.30,,,,"     ",5.30,128.11,3.78
1771,554738673,"01771M19:39:41.312","01771 19:27:41",218.22,858.23,,,,"     ",5.30,128.26,3.78
1771,554738674,"01771M19:39:42.285","01771 19:27:41",218.23,858.24,,,,"     ",5.30,128.30,3.79
1771,554738675,"01771M19:39:43.258","01771 19:27:42",218.23,858.25,,,,"     ",5.30,128.32,3.79
1771,554738676,"01771M19:39:44.231","01771 19:27:43",218.23,858.22,,,,"     ",5.30,128.68,3.80
1771,554738677,"01771M19:39:45.205","01771 19:27:44",218.24,858.27,,,,"     ",5.30,128.08,3.78
1771,554738678,"01771M19:39:46.178","01771 19:27:45",218.24,858.31,,,,"     ",5.30,128.12,3.78
1771,554738679,"01771M19:39:47.151","01771 19:27:46",218.24,858.37,,,,"     ",5.30,128.13,3.78
1771,554738680,"01771M19:39:48.124","01771 19:27:47",218.24,858.39,,,,"     ",5.30,128.12,3.78
1771,554738681,"01771M19:39:49.098","01771 19:27:48",218.25,858.46,,,,"     ",5.30,127.94,3.78
1771,554738682,"01771M19:39:50.071","01771 19:27:49",218.27,858.47,,,,"     ",5.30,127.48,3.76
1771,554738683,"01771M19:39:51.044","01771 19:27:50",218.29,858.43,,,,"     ",5.30,127.86,3.78
1771,554738684,"01771M19:39:52.017","01771 19:27:51",218.32,858.43,,,,"     ",5.30,128.35,3.79
1771,554738685,"01771M19:39:52.991","01771 19:27:52",218.35,858.43,,,,"     ",5.30,127.31,3.76
1771,554738686,"01771M19:39:53.964","01771 19:27:53",218.38,858.46,,,,"     ",5.30,127.95,3.78
1771,554738687,"01771M19:39:54.937","01771 19:27:54",218.40,858.47,,,,"     ",5.30,128.44,3.79
1771,554738688,"01771M19:39:55.910","01771 19:27:55",218.42,858.42,,,,"     ",5.30,128.46,3.80
1771,554738689,"01771M19:39:56.884","01771 19:27:56",218.42,858.42,,,,"     ",5.30,127.10,3.75
1771,554738690,"01771M19:39:57.857","01771 19:27:57",218.41,858.47,,,,"     ",5.30,128.03,3.78
1771,554738691,"01771M19:39:58.830","01771 19:27:58",218.39,858.46,,,,"     ",5.30,127.18,3.76
1771,554738692,"01771M19:39:59.803","01771 19:27:59",218.35,858.44,,,,"     ",5.30,127.23,3.76
1771,554738693,"01771M19:40:00.777","01771 19:28:00",218.31,858.44,,,,"     ",5.30,127.33,3.76
1771,554738694,"01771M19:40:01.750","01771 19:28:01",218.27,858.51,,,,"     ",5.30,127.55,3.77
1771,554738695,"01771M19:40:02.723","01771 19:28:02",218.23,858.43,,,,"     ",5.30,126.58,3.74
1771,554738696,"01771M19:40:03.696","01771 19:28:03",218.19,858.39,,,,"     ",5.30,126.92,3.75
1771,554738697,"01771M19:40:04.670","01771 19:28:04",218.16,858.52,,,,"     ",5.30,126.07,3.73
1771,554738698,"01771M19:40:05.643","01771 19:28:05",218.14,858.43,,,,"     ",5.30,126.89,3.75
1771,554738699,"01771M19:40:06.616","01771 19:28:06",218.12,858.52,,,,"     ",5.30,126.84,3.75
1771,554738700,"01771M19:40:07.589","01771 19:28:07",218.09,858.56,,,,"     ",5.30,126.61,3.74
1771,554738701,"01771M19:40:08.563","01771 19:28:08",218.07,858.47,,,,"     ",5.30,126.33,3.74
1771,554738702,"01771M19:40:09.536","01771 19:28:09",218.04,858.40,,,,"     ",5.30,126.82,3.75
1771,554738703,"01771M19:40:10.509","01771 19:28:10",218.02,858.42,,,,"     ",5.30,127.02,3.76
1771,554738704,"01771M19:40:11.483","01771 19:28:11",218.01,858.48,,,,"     ",5.30,126.24,3.73
1771,554738705,"01771M19:40:12.456","01771 19:28:12",218.01,858.46,,,,"     ",5.30,126.97,3.76
1771,554738706,"01771M19:40:13.429","01771 19:28:13",218.01,858.40,,,,"     ",5.30,126.63,3.75
1771,554738707,"01771M19:40:14.402","01771 19:28:14",218.01,858.45,,,,"     ",5.30,126.13,3.73
1771,554738708,"01771M19:40:15.376","01771 19:28:15",218.01,858.46,,,,"     ",5.30,126.41,3.74
1771,554738709,"01771M19:40:16.349","01771 19:28:16",218.01,858.56,,,,"     ",5.30,126.02,3.73
1771,554738710,"01771M19:40:17.322","01771 19:28:17",218.01,858.50,,,,"     ",5.30,125.90,3.73
1771,554738711,"01771M19:40:18.295","01771 19:28:18",218.01,858.44,,,,"     ",5.30,125.92,3.73
1771,554738712,"01771M19:40:19.269","01771 19:28:18",218.00,858.52,,,,"     ",5.30,125.82,3.73
1771,554738713,"01771M19:40:20.242","01771 19:28:19",217.99,858.55,,,,"     ",5.30,125.70,3.72
1771,554738714,"01771M19:40:21.215","01771 19:28:20",217.96,858.56,,,,"     ",5.30,126.28,3.74
1771,554738715,"01771M19:40:22.188","01771 19:28:21",217.93,858.55,,,,"     ",5.30,126.12,3.74
1771,554738716,"01771M19:40:23.162","01771 19:28:22",217.89,858.54,,,,"     ",5.30,126.67,3.76
1771,554738717,"01771M19:40:24.135","01771 19:28:23",217.69,858.56,,,,"     ",5.30,125.05,3.71
1771,554738718,"01771M19:40:25.108","01771 19:28:24",217.66,858.57,,,,"     ",5.30,125.69,3.73
1771,554738719,"01771M19:40:26.081","01771 19:28:25",217.65,858.52,,,,"     ",5.30,126.47,3.75
1771,554738720,"01771M19:40:27.055","01771 19:28:26",217.63,858.59,,,,"     ",5.30,125.66,3.73
1771,554738721,"01771M19:40:28.028","01771 19:28:27",217.62,858.65,,,,"     ",5.30,126.74,3.76
1771,554738722,"01771M19:40:29.001","01771 19:28:28",217.61,858.60,,,,"     ",5.30,125.49,3.72
1771,554738723,"01771M19:40:29.974","01771 19:28:29",217.60,858.55,,,,"     ",5.30,126.45,3.75
1771,554738724,"01771M19:40:30.948","01771 19:28:30",217.59,858.66,,,,"     ",5.30,125.58,3.73
1771,554738725,"01771M19:40:31.921","01771 19:28:31",217.59,858.59,,,,"     ",5.30,124.74,3.70
1771,554738726,"01771M19:40:32.894","01771 19:28:32",217.58,858.56,,,,"     ",5.30,125.91,3.74
1771,554738727,"01771M19:40:33.867","01771 19:28:33",217.58,858.61,,,,"     ",5.30,126.34,3.75
1771,554738728,"01771M19:40:34.841","01771 19:28:34",217.58,858.65,,,,"     ",5.30,125.38,3.72
1771,554738729,"01771M19:40:35.814","01771 19:28:35",217.59,858.63,,,,"     ",5.30,125.17,3.72
1771,554738730,"01771M19:40:36.787","01771 19:28:36",217.60,858.75,,,,"     ",5.30,124.30,3.69
1771,554738731,"01771M19:40:37.760","01771 19:28:37",217.61,858.75,,,,"     ",5.30,125.19,3.72
1771,554738732,"01771M19:40:38.734","01771 19:28:38",217.63,858.72,,,,"     ",5.30,126.06,3.75
1771,554738733,"01771M19:40:39.707","01771 19:28:39",217.65,858.70,,,,"     ",5.30,125.28,3.72
1771,554738734,"01771M19:40:40.680","01771 19:28:40",217.67,858.70,,,,"     ",5.30,125.05,3.72
1771,554738735,"01771M19:40:41.653","01771 19:28:41",217.70,858.66,,,,"     ",5.30,124.94,3.71
1771,554738736,"01771M19:40:42.627","01771 19:28:42",216.87,858.68,,,,"     ",5.30,125.46,3.73
1771,554738737,"01771M19:40:43.600","01771 19:28:43",216.86,858.69,,,,"     ",5.30,125.11,3.72
1771,554738738,"01771M19:40:44.573","01771 19:28:44",216.86,858.74,,,,"     ",5.30,125.03,3.72
1771,554738739,"01771M19:40:45.546","01771 19:28:45",216.86,858.68,,,,"     ",5.30,125.18,3.72
1771,554738740,"01771M19:40:46.520","01771 19:28:46",216.85,858.72,,,,"     ",5.30,125.27,3.73
1771,554738741,"01771M19:40:47.493","01771 19:28:47",216.86,858.70,,,,"     ",5.30,125.73,3.74
1771,554738742,"01771M19:40:48.466","01771 19:28:48",216.86,858.75,,,,"     ",5.30,124.60,3.71
1771,554738743,"01771M19:40:49.439","01771 19:28:49",216.86,858.74,,,,"     ",5.30,125.73,3.74
1771,554738744,"01771M19:40:50.413","01771 19:28:50",216.87,858.70,,,,"     ",5.30,125.65,3.74
1771,554738745,"01771M19:40:51.386","01771 19:28:51",216.88,858.71,,,,"     ",5.30,125.20,3.73
1771,554738746,"01771M19:40:52.359","01771 19:28:52",216.89,858.70,,,,"     ",5.30,124.29,3.70
1771,554738747,"01771M19:40:53.332","01771 19:28:53",216.91,858.73,,,,"     ",5.30,125.93,3.75
1771,554738748,"01771M19:40:54.306","01771 19:28:54",216.92,858.68,,,,"     ",5.30,124.83,3.72
1771,554738749,"01771M19:40:55.279","01771 19:28:55",216.94,858.69,,,,"     ",5.30,126.00,3.76
1771,554738750,"01771M19:40:56.252","01771 19:28:55",216.95,858.69,,,,"     ",5.30,125.63,3.74
1771,554738751,"01771M19:40:57.225","01771 19:28:56",216.97,858.81,,,,"     ",5.30,126.03,3.76
1771,554738752,"01771M19:40:58.199","01771 19:28:57",216.99,858.77,,,,"     ",5.30,125.38,3.74
1771,554738753,"01771M19:40:59.172","01771 19:28:58",217.01,858.75,,,,"     ",5.30,125.33,3.74
1771,554738754,"01771M19:41:00.145","01771 19:28:59",217.04,858.74,,,,"     ",5.30,126.23,3.76
1771,554738755,"01771M19:41:01.118","01771 19:29:00",217.06,858.77,,,,"     ",5.30,125.11,3.73
1771,554738756,"01771M19:41:02.092","01771 19:29:01",217.09,858.85,,,,"     ",5.30,125.12,3.73
1771,554738757,"01771M19:41:03.065","01771 19:29:02",217.12,858.85,,,,"     ",5.30,125.11,3.73
1771,554738758,"01771M19:41:04.038","01771 19:29:03",217.16,858.78,,,,"     ",5.30,125.23,3.74
1771,554738759,"01771M19:41:05.011","01771 19:29:04",217.20,858.84,,,,"     ",5.30,126.11,3.77
1771,554738760,"01771M19:41:05.985","01771 19:29:05",217.24,858.92,,,,"     ",5.30,125.11,3.73
1771,554738761,"01771M19:41:06.958","01771 19:29:06",217.27,858.91,,,,"     ",5.30,126.38,3.77
1771,554738762,"01771M19:41:07.931","01771 19:29:07",217.30,858.82,,,,"     ",5.30,125.53,3.75
1771,554738763,"01771M19:41:08.904","01771 19:29:08",217.33,858.89,,,,"     ",5.30,125.84,3.76
1771,554738764,"01771M19:41:09.878","01771 19:29:09",217.36,858.86,,,,"     ",5.30,125.46,3.75
1771,554738765,"01771M19:41:10.851","01771 19:29:10",217.40,858.81,,,,"     ",5.30,126.13,3.77
1771,554738766,"01771M19:41:11.824","01771 19:29:11",217.43,858.89,,,,"     ",5.30,125.81,3.76
1771,554738767,"01771M19:41:12.797","01771 19:29:12",217.44,858.89,,,,"     ",5.30,125.58,3.75
1771,554738768,"01771M19:41:13.771","01771 19:29:13",217.45,858.84,,,,"     ",5.30,126.27,3.77
1771,554738769,"01771M19:41:14.744","01771 19:29:14",217.44,858.89,,,,"     ",5.30,126.04,3.76
1771,554738770,"01771M19:41:15.717","01771 19:29:15",217.43,858.87,,,,"     ",5.30,125.37,3.74
1771,554738771,"01771M19:41:16.690","01771 19:29:16",217.40,858.84,,,,"     ",5.30,125.38,3.74
1771,554738772,"01771M19:41:17.664","01771 19:29:17",217.38,858.86,,,,"     ",5.30,125.64,3.75
1771,554738773,"01771M19:41:18.637","01771 19:29:18",217.36,858.87,,,,"     ",5.30,125.87,3.76
1771,554738774,"01771M19:41:19.610","01771 19:29:19",217.34,858.81,,,,"     ",5.30,126.32,3.77
1771,554738775,"01771M19:41:20.584","01771 19:29:20",217.31,858.88,,,,"     ",5.30,125.28,3.74
1771,554738776,"01771M19:41:21.557","01771 19:29:21",217.29,858.89,,,,"     ",5.30,125.91,3.76
1771,554738777,"01771M19:41:22.530","01771 19:29:22",217.25,858.86,,,,"     ",5.30,126.36,3.77
1771,554738778,"01771M19:41:23.503","01771 19:29:23",217.19,858.85,,,,"     ",5.30,126.10,3.77
1771,554738779,"01771M19:41:24.477","01771 19:29:24",217.12,858.83,,,,"     ",5.30,125.62,3.75
1771,554738780,"01771M19:41:25.450","01771 19:29:25",217.05,858.82,,,,"     ",5.30,125.76,3.76
1771,554738781,"01771M19:41:26.423","01771 19:29:26",216.98,858.86,,,,"     ",5.30,126.52,3.78
1771,554738782,"01771M19:41:27.396","01771 19:29:27",216.91,858.93,,,,"     ",5.30,126.24,3.77
1771,554738783,"01771M19:41:28.370","01771 19:29:28",216.86,858.89,,,,"     ",5.30,125.58,3.75
1771,554738784,"01771M19:41:29.343","01771 19:29:29",216.81,858.96,,,,"     ",5.30,126.41,3.78
1771,554738785,"01771M19:41:30.316","01771 19:29:30",216.78,858.96,,,,"     ",5.30,125.78,3.76
1771,554738786,"01771M19:41:31.289","01771 19:29:31",216.75,859.01,,,,"     ",5.30,125.47,3.75
1771,554738787,"01771M19:41:32.263","01771 19:29:32",216.74,858.99,,,,"     ",5.30,124.91,3.74
1771,554738788,"01771M19:41:33.236","01771 19:29:32",216.73,859.00,,,,"     ",5.30,125.53,3.75
1771,554738789,"01771M19:41:34.209","01771 19:29:33",216.74,859.00,,,,"     ",5.30,125.22,3.74
1771,554738790,"01771M19:41:35.182","01771 19:29:34",216.77,859.08,,,,"     ",5.30,125.49,3.75
1771,554738791,"01771M19:41:36.156","01771 19:29:35",216.81,859.04,,,,"     ",5.30,125.54,3.76
1771,554738792,"01771M19:41:37.129","01771 19:29:36",216.86,858.99,,,,"     ",5.30,125.37,3.75
1771,554738793,"01771M19:41:38.102","01771 19:29:37",216.93,859.09,,,,"     ",5.30,125.66,3.76
1771,554738794,"01771M19:41:39.075","01771 19:29:38",216.99,859.07,,,,"     ",5.30,125.38,3.75
1771,554738795,"01771M19:41:40.049","01771 19:29:39",217.06,859.12,,,,"     ",5.30,125.23,3.75
1771,554738796,"01771M19:41:41.022","01771 19:29:40",217.11,859.07,,,,"     ",5.30,125.87,3.77
1771,554738797,"01771M19:41:41.995","01771 19:29:41",217.44,859.04,,,,"     ",5.30,125.79,3.77
1771,554738798,"01771M19:41:42.968","01771 19:29:42",217.49,859.08,,,,"     ",5.30,125.69,3.76
1771,554738799,"01771M19:41:43.942","01771 19:29:43",217.55,859.08,,,,"     ",5.30,125.56,3.76
1771,554738800,"01771M19:41:44.915","01771 19:29:44",217.60,859.08,,,,"     ",5.30,126.10,3.78
1771,554738801,"01771M19:41:45.888","01771 19:29:45",217.65,859.02,,,,"     ",5.30,126.24,3.78
1771,554738802,"01771M19:41:46.861","01771 19:29:46",217.70,859.06,,,,"     ",5.30,125.30,3.75
1771,554738803,"01771M19:41:47.835","01771 19:29:47",217.72,859.14,,,,"     ",5.30,125.69,3.76
1771,554738804,"01771M19:41:48.808","01771 19:29:48",217.74,859.07,,,,"     ",5.30,126.20,3.78
1771,554738805,"01771M19:41:49.781","01771 19:29:49",217.74,859.01,,,,"     ",5.30,125.41,3.76
1771,554738806,"01771M19:41:50.754","01771 19:29:50",217.74,859.06,,,,"     ",5.30,125.32,3.75
1771,554738807,"01771M19:41:51.728","01771 19:29:51",217.73,859.07,,,,"     ",5.30,126.60,3.79
1771,554738808,"01771M19:41:52.701","01771 19:29:52",217.73,859.04,,,,"     ",5.30,125.81,3.77
1771,554738809,"01771M19:41:53.674","01771 19:29:53",217.74,858.95,,,,"     ",5.30,126.39,3.79
1771,554738810,"01771M19:41:54.647","01771 19:29:54",217.76,859.04,,,,"     ",5.30,125.37,3.75
1771,554738811,"01771M19:41:55.621","01771 19:29:55",217.78,859.07,,,,"     ",5.30,125.31,3.75
1771,554738812,"01771M19:41:56.594","01771 19:29:56",217.82,859.17,,,,"     ",5.30,126.19,3.78
1771,554738813,"01771M19:41:57.567","01771 19:29:57",217.86,859.13,,,,"     ",5.30,125.21,3.75
1771,554738814,"01771M19:41:58.540","01771 19:29:58",217.90,859.12,,,,"     ",5.30,126.15,3.78
1771,554738815,"01771M19:41:59.514","01771 19:29:59",217.95,859.14,,,,"     ",5.30,125.75,3.77
1771,554738816,"01771M19:42:00.487","01771 19:30:00",218.00,859.22,,,,"     ",5.30,126.28,3.78
1771,554738817,"01771M19:42:01.460","01771 19:30:01",218.05,859.18,,,,"     ",5.30,125.87,3.77
1771,554738818,"01771M19:42:02.433","01771 19:30:02",218.10,859.10,,,,"     ",5.30,126.34,3.78
1771,554738819,"01771M19:42:03.407","01771 19:30:03",218.15,859.08,,,,"     ",5.30,126.75,3.80
1771,554738820,"01771M19:42:04.380","01771 19:30:04",218.20,859.13,,,,"     ",5.30,126.38,3.78
1771,554738821,"01771M19:42:05.353","01771 19:30:05",218.25,859.18,,,,"     ",5.30,127.21,3.81
1771,554738822,"01771M19:42:06.326","01771 19:30:06",218.30,859.15,,,,"     ",5.30,126.06,3.77
1771,554738823,"01771M19:42:07.300","01771 19:30:07",218.34,859.16,,,,"     ",5.30,126.05,3.78
1771,554738824,"01771M19:42:08.273","01771 19:30:08",218.38,859.27,,,,"     ",5.30,126.00,3.77
1771,554738825,"01771M19:42:09.246","01771 19:30:08",218.40,859.28,,,,"     ",5.30,126.66,3.79
1771,554738826,"01771M19:42:10.219","01771 19:30:09",218.43,859.27,,,,"     ",5.30,125.77,3.77
1771,554738827,"01771M19:42:11.193","01771 19:30:10",218.44,859.24,,,,"     ",5.30,126.97,3.80
1771,554738828,"01771M19:42:12.166","01771 19:30:11",218.44,859.32,,,,"     ",5.30,127.10,3.81
1771,554738829,"01771M19:42:13.139","01771 19:30:12",218.45,859.27,,,,"     ",5.30,126.62,3.79
1771,554738830,"01771M19:42:14.112","01771 19:30:13",218.44,859.24,,,,"     ",5.30,126.75,3.80
1771,554738831,"01771M19:42:15.086","01771 19:30:14",218.44,859.18,,,,"     ",5.30,126.08,3.77
1771,554738832,"01771M19:42:16.059","01771 19:30:15",218.43,859.23,,,,"     ",5.30,126.75,3.80
1771,554738833,"01771M19:42:17.032","01771 19:30:16",218.42,859.21,,,,"     ",5.30,126.79,3.80
1771,554738834,"01771M19:42:18.005","01771 19:30:17",218.41,859.21,,,,"     ",5.30,126.00,3.77
1771,554738835,"01771M19:42:18.979","01771 19:30:18",218.40,859.22,,,,"     ",5.30,126.71,3.79
1771,554738836,"01771M19:42:19.952","01771 19:30:19",218.39,859.20,,,,"     ",5.30,127.07,3.81
1771,554738837,"01771M19:42:20.925","01771 19:30:20",218.37,859.26,,,,"     ",5.30,127.30,3.81
1771,554738838,"01771M19:42:21.898","01771 19:30:21",218.34,859.26,,,,"     ",5.30,126.61,3.79
1771,554738839,"01771M19:42:22.872","01771 19:30:22",218.31,859.22,,,,"     ",5.30,127.16,3.81
1771,554738840,"01771M19:42:23.845","01771 19:30:23",218.26,859.24,,,,"     ",5.30,127.18,3.81
1771,554738841,"01771M19:42:24.818","01771 19:30:24",218.22,859.23,,,,"     ",5.30,126.25,3.78
1771,554738842,"01771M19:42:25.791","01771 19:30:25",218.16,859.19,,,,"     ",5.30,126.53,3.79
1771,554738843,"01771M19:42:26.765","01771 19:30:26",218.11,859.30,,,,"     ",5.30,126.24,3.78
1771,554738844,"01771M19:42:27.738","01771 19:30:27",218.06,859.29,,,,"     ",5.30,127.31,3.81
1771,554738845,"01771M19:42:28.711","01771 19:30:28",218.02,859.32,,,,"     ",5.30,127.10,3.81
1771,554738846,"01771M19:42:29.685","01771 19:30:29",217.98,859.33,,,,"     ",5.30,125.48,3.76
1771,554738847,"01771M19:42:30.658","01771 19:30:30",217.95,859.35,,,,"     ",5.30,127.56,3.82
1771,554738848,"01771M19:42:31.631","01771 19:30:31",217.93,859.33,,,,"     ",5.30,126.39,3.79
1771,554738849,"01771M19:42:32.604","01771 19:30:32",217.92,859.32,,,,"     ",5.30,126.12,3.78
1771,554738850,"01771M19:42:33.578","01771 19:30:33",217.91,859.29,,,,"     ",5.30,126.75,3.80
1771,554738851,"01771M19:42:34.551","01771 19:30:34",217.90,859.34,,,,"     ",5.30,126.43,3.79
1771,554738852,"01771M19:42:35.524","01771 19:30:35",217.90,859.40,,,,"     ",5.30,127.11,3.81
1771,554738853,"01771M19:42:36.497","01771 19:30:36",217.91,859.40,,,,"     ",5.30,128.17,3.84
1771,554738854,"01771M19:42:37.471","01771 19:30:37",217.92,859.38,,,,"     ",5.30,126.57,3.79
1771,554738855,"01771M19:42:38.444","01771 19:30:38",217.93,859.32,,,,"     ",5.30,126.91,3.80
1771,554738856,"01771M19:42:39.417","01771 19:30:39",217.96,859.34,,,,"     ",5.30,126.62,3.79
1771,554738857,"01771M19:42:40.390","01771 19:30:40",217.99,859.36,,,,"     ",5.30,127.43,3.82
1771,554738858,"01771M19:42:41.364","01771 19:30:41",218.03,859.40,,,,"     ",5.30,126.93,3.80
1771,554738859,"01771M19:42:42.337","01771 19:30:42",218.08,859.43,,,,"     ",5.30,127.40,3.82
1771,554738860,"01771M19:42:43.310","01771 19:30:43",218.13,859.36,,,,"     ",5.30,127.77,3.83
1771,554738861,"01771M19:42:44.283","01771 19:30:44",218.17,859.44,,,,"     ",5.30,127.23,3.81
1771,554738862,"01771M19:42:45.257","01771 19:30:45",218.21,859.43,,,,"     ",5.30,127.10,3.81
1771,554738863,"01771M19:42:46.230","01771 19:30:45",218.24,859.38,,,,"     ",5.30,128.05,3.84
1771,554738864,"01771M19:42:47.203","01771 19:30:46",218.26,859.38,,,,"     ",5.30,127.15,3.81
1771,554738865,"01771M19:42:48.176","01771 19:30:47",218.27,859.45,,,,"     ",5.30,127.32,3.82
1771,554738866,"01771M19:42:49.150","01771 19:30:48",218.27,859.44,,,,"     ",5.30,127.02,3.81
1771,554738867,"01771M19:42:50.123","01771 19:30:49",218.27,859.42,,,,"     ",5.30,126.79,3.80
1771,554738868,"01771M19:42:51.096","01771 19:30:50",218.27,859.46,,,,"     ",5.30,127.39,3.82
1771,554738869,"01771M19:42:52.069","01771 19:30:51",218.26,859.49,,,,"     ",5.30,126.58,3.79
1771,554738870,"01771M19:42:53.043","01771 19:30:52",218.26,859.51,,,,"     ",5.30,127.55,3.82
1771,554738871,"01771M19:42:54.016","01771 19:30:53",218.25,859.51,,,,"     ",5.30,126.84,3.80
1771,554738872,"01771M19:42:54.989","01771 19:30:54",218.24,859.52,,,,"     ",5.30,127.72,3.83
1771,554738873,"01771M19:42:55.962","01771 19:30:55",218.23,859.48,,,,"     ",5.30,126.80,3.80
1771,554738874,"01771M19:42:56.936","01771 19:30:56",218.21,859.62,,,,"     ",5.30,127.46,3.82
1771,554738875,"01771M19:42:57.909","01771 19:30:57",218.18,859.61,,,,"     ",5.30,127.32,3.82
1771,554738876,"01771M19:42:58.882","01771 19:30:58",218.15,859.46,,,,"     ",5.30,126.75,3.80
1771,554738877,"01771M19:42:59.855","01771 19:30:59",218.12,859.58,,,,"     ",5.30,127.73,3.83
1771,554738878,"01771M19:43:00.829","01771 19:31:00",218.08,859.51,,,,"     ",5.30,126.99,3.81
1771,554738879,"01771M19:43:01.802","01771 19:31:01",218.05,859.61,,,,"     ",5.30,127.01,3.81
1771,554738880,"01771M19:43:02.775","01771 19:31:02",218.03,859.57,,,,"     ",5.30,126.25,3.79
1771,554738881,"01771M19:43:03.748","01771 19:31:03",218.01,859.60,,,,"     ",5.30,126.88,3.81
1771,554738882,"01771M19:43:04.722","01771 19:31:04",218.00,859.60,,,,"     ",5.30,125.91,3.78
1771,554738883,"01771M19:43:05.695","01771 19:31:05",217.99,859.60,,,,"     ",5.30,126.88,3.81
1771,554738884,"01771M19:43:06.668","01771 19:31:06",217.98,859.63,,,,"     ",5.30,126.45,3.80
1771,554738885,"01771M19:43:07.641","01771 19:31:07",217.98,859.58,,,,"     ",5.30,126.32,3.79
1771,554738886,"01771M19:43:08.615","01771 19:31:08",217.97,859.55,,,,"     ",5.30,125.92,3.78
1771,554738887,"01771M19:43:09.588","01771 19:31:09",217.97,859.61,,,,"     ",5.30,125.65,3.77
1771,554738888,"01771M19:43:10.561","01771 19:31:10",217.97,859.54,,,,"     ",5.30,126.66,3.80
1771,554738889,"01771M19:43:11.534","01771 19:31:11",217.96,859.55,,,,"     ",5.30,126.57,3.80
1771,554738890,"01771M19:43:12.508","01771 19:31:12",217.96,859.52,,,,"     ",5.30,125.37,3.76
1771,554738891,"01771M19:43:13.481","01771 19:31:13",217.95,859.48,,,,"     ",5.30,126.00,3.78
1771,554738892,"01771M19:43:14.454","01771 19:31:14",217.95,859.58,,,,"     ",5.30,125.50,3.77
1771,554738893,"01771M19:43:15.427","01771 19:31:15",217.95,859.61,,,,"     ",5.30,126.27,3.79
1771,554738894,"01771M19:43:16.401","01771 19:31:16",217.96,859.48,,,,"     ",5.30,125.92,3.78
1771,554738895,"01771M19:43:17.374","01771 19:31:17",217.98,859.67,,,,"     ",5.30,125.64,3.77
1771,554738896,"01771M19:43:18.347","01771 19:31:18",218.02,859.60,,,,"     ",5.30,126.09,3.79
1771,554738897,"01771M19:43:19.320","01771 19:31:19",218.06,859.62,,,,"     ",5.30,126.76,3.81
1771,554738898,"01771M19:43:20.294","01771 19:31:20",218.10,859.58,,,,"     ",5.30,125.58,3.77
1771,554738899,"01771M19:43:21.267","01771 19:31:21",218.13,859.52,,,,"     ",5.30,125.79,3.78
1771,554738900,"01771M19:43:22.240","01771 19:31:22",218.16,859.58,,,,"     ",5.30,125.65,3.78
1771,554738901,"01771M19:43:23.213","01771 19:31:22",218.18,859.61,,,,"     ",5.30,125.50,3.77
1771,554738902,"01771M19:43:24.187","01771 19:31:23",218.19,859.55,,,,"     ",5.30,125.85,3.78
1771,554738903,"01771M19:43:25.160","01771 19:31:24",218.20,859.59,,,,"     ",5.30,125.77,3.78
1771,554738904,"01771M19:43:26.133","01771 19:31:25",218.20,859.62,,,,"     ",5.30,126.00,3.79
1771,554738905,"01771M19:43:27.106","01771 19:31:26",218.20,859.63,,,,"     ",5.30,125.77,3.78
1771,554738906,"01771M19:43:28.080","01771 19:31:27",218.20,859.68,,,,"     ",5.30,126.15,3.79
1771,554738907,"01771M19:43:29.053","01771 19:31:28",218.20,859.68,,,,"     ",5.30,125.40,3.77
1771,554738908,"01771M19:43:30.026","01771 19:31:29",218.20,859.67,,,,"     ",5.30,126.15,3.79
1771,554738909,"01771M19:43:30.999","01771 19:31:30",218.21,859.67,,,,"     ",5.30,126.12,3.79
1771,554738910,"01771M19:43:31.973","01771 19:31:31",218.21,859.64,,,,"     ",5.30,125.60,3.78
1771,554738911,"01771M19:43:32.946","01771 19:31:32",218.21,859.64,,,,"     ",5.30,126.26,3.80
1771,554738912,"01771M19:43:33.919","01771 19:31:33",218.20,859.62,,,,"     ",5.30,125.06,3.76
1771,554738913,"01771M19:43:34.892","01771 19:31:34",218.17,859.57,,,,"     ",5.30,125.91,3.79
1771,554738914,"01771M19:43:35.866","01771 19:31:35",218.14,859.65,,,,"     ",5.30,125.24,3.77
1771,554738915,"01771M19:43:36.839","01771 19:31:36",218.11,859.65,,,,"     ",5.30,125.42,3.77
1771,554738916,"01771M19:43:37.812","01771 19:31:37",218.08,859.73,,,,"     ",5.30,125.37,3.77
1771,554738917,"01771M19:43:38.785","01771 19:31:38",218.05,859.72,,,,"     ",5.30,126.12,3.80
1771,554738918,"01771M19:43:39.759","01771 19:31:39",218.03,859.72,,,,"     ",5.30,125.82,3.79
1771,554738919,"01771M19:43:40.732","01771 19:31:40",218.02,859.72,,,,"     ",5.30,126.04,3.79
1771,554738920,"01771M19:43:41.705","01771 19:31:41",218.01,859.76,,,,"     ",5.30,124.93,3.76
1771,554738921,"01771M19:43:42.679","01771 19:31:42",218.01,859.69,,,,"     ",5.30,125.34,3.77
1771,554738922,"01771M19:43:43.652","01771 19:31:43",218.01,859.75,,,,"     ",5.30,125.34,3.77
1771,554738923,"01771M19:43:44.625","01771 19:31:44",218.01,859.76,,,,"     ",5.30,125.60,3.78
1771,554738924,"01771M19:43:45.598","01771 19:31:45",218.00,859.81,,,,"     ",5.30,126.27,3.80
1771,554738925,"01771M19:43:46.572","01771 19:31:46",217.99,859.72,,,,"     ",5.30,125.53,3.78
1771,554738926,"01771M19:43:47.545","01771 19:31:47",217.96,859.75,,,,"     ",5.30,125.78,3.79
1771,554738927,"01771M19:43:48.518","01771 19:31:48",217.93,859.70,,,,"     ",5.30,125.77,3.79
1771,554738928,"01771M19:43:49.491","01771 19:31:49",217.88,859.73,,,,"     ",5.30,125.59,3.78
1771,554738929,"01771M19:43:50.465","01771 19:31:50",217.83,859.71,,,,"     ",5.30,125.45,3.78
1771,554738930,"01771M19:43:51.438","01771 19:31:51",217.77,859.73,,,,"     ",5.30,124.49,3.75
1771,554738931,"01771M19:43:52.411","01771 19:31:52",217.72,859.79,,,,"     ",5.30,124.57,3.75
1771,554738932,"01771M19:43:53.384","01771 19:31:53",217.67,859.77,,,,"     ",5.30,125.10,3.77
1771,554738933,"01771M19:43:54.358","01771 19:31:54",217.62,859.83,,,,"     ",5.30,125.02,3.77
1771,554738934,"01771M19:43:55.331","01771 19:31:55",217.58,859.77,,,,"     ",5.30,124.23,3.74
1771,554738935,"01771M19:43:56.304","01771 19:31:56",217.53,859.85,,,,"     ",5.30,123.88,3.74
1771,554738936,"01771M19:43:57.277","01771 19:31:57",217.48,859.79,,,,"     ",5.30,123.71,3.73
1771,554738937,"01771M19:43:58.251","01771 19:31:58",217.42,859.80,,,,"     ",5.30,124.08,3.74
1771,554738938,"01771M19:43:59.224","01771 19:31:58",217.36,859.86,,,,"     ",5.30,123.89,3.74
1771,554738939,"01771M19:44:00.197","01771 19:31:59",217.29,859.90,,,,"     ",5.30,124.25,3.75
1771,554738940,"01771M19:44:01.170","01771 19:32:00",217.23,859.92,,,,"     ",5.30,123.38,3.72
1771,554738941,"01771M19:44:02.144","01771 19:32:01",217.17,859.89,,,,"     ",5.30,124.42,3.76
1771,554738942,"01771M19:44:03.117","01771 19:32:02",216.72,859.91,,,,"     ",5.30,123.16,3.72
1771,554738943,"01771M19:44:04.090","01771 19:32:03",216.69,859.88,,,,"     ",5.30,123.70,3.74
1771,554738944,"01771M19:44:05.063","01771 19:32:04",216.66,859.91,,,,"     ",5.30,124.43,3.76
1771,554738945,"01771M19:44:06.037","01771 19:32:05",216.65,859.93,,,,"     ",5.30,124.00,3.75
1771,554738946,"01771M19:44:07.010","01771 19:32:06",216.64,859.93,,,,"     ",5.30,123.46,3.73
1771,554738947,"01771M19:44:07.983","01771 19:32:07",216.63,859.95,,,,"     ",5.30,123.92,3.75
1771,554738948,"01771M19:44:08.956","01771 19:32:08",216.63,859.94,,,,"     ",5.30,123.05,3.72
1771,554738949,"01771M19:44:09.930","01771 19:32:09",216.63,859.97,,,,"     ",5.30,123.13,3.72
1771,554738950,"01771M19:44:10.903","01771 19:32:10",216.62,859.99,,,,"     ",5.30,123.51,3.74
1771,554738951,"01771M19:44:11.876","01771 19:32:11",216.62,860.01,,,,"     ",5.30,123.51,3.74
1771,554738952,"01771M19:44:12.849","01771 19:32:12",216.61,859.99,,,,"     ",5.30,123.43,3.74
1771,554738953,"01771M19:44:13.823","01771 19:32:13",216.60,859.95,,,,"     ",5.30,123.94,3.76
1771,554738954,"01771M19:44:14.796","01771 19:32:14",216.58,860.01,,,,"     ",5.30,123.81,3.75
1771,554738955,"01771M19:44:15.769","01771 19:32:15",216.55,859.92,,,,"     ",5.30,123.83,3.75
1771,554738956,"01771M19:44:16.742","01771 19:32:16",216.51,859.96,,,,"     ",5.30,123.75,3.75
1771,554738957,"01771M19:44:17.716","01771 19:32:17",216.48,859.87,,,,"     ",5.30,123.32,3.74
1771,554738958,"01771M19:44:18.689","01771 19:32:18",216.44,859.89,,,,"     ",5.30,123.74,3.75
1771,554738959,"01771M19:44:19.662","01771 19:32:19",216.40,859.93,,,,"     ",5.30,122.63,3.72
1771,554738960,"01771M19:44:20.635","01771 19:32:20",216.35,859.96,,,,"     ",5.30,123.58,3.75
1771,554738961,"01771M19:44:21.609","01771 19:32:21",216.30,859.95,,,,"     ",5.30,123.00,3.73
1771,554738962,"01771M19:44:22.582","01771 19:32:22",216.25,860.01,,,,"     ",5.30,122.14,3.71
1771,554738963,"01771M19:44:23.555","01771 19:32:23",216.20,860.01,,,,"     ",5.30,123.82,3.76
1771,554738964,"01771M19:44:24.528","01771 19:32:24",216.16,860.02,,,,"     ",5.30,123.47,3.75
1771,554738965,"01771M19:44:25.502","01771 19:32:25",216.12,860.00,,,,"     ",5.30,123.37,3.75
1771,554738966,"01771M19:44:26.475","01771 19:32:26",216.07,860.06,,,,"     ",5.30,123.27,3.75
1771,554738967,"01771M19:44:27.448","01771 19:32:27",216.03,860.13,,,,"     ",5.30,122.39,3.72
1771,554738968,"01771M19:44:28.421","01771 19:32:28",215.99,860.06,,,,"     ",5.30,122.98,3.74
1771,554738969,"01771M19:44:29.395","01771 19:32:29",215.95,860.14,,,,"     ",5.30,123.96,3.77
1771,554738970,"01771M19:44:30.368","01771 19:32:30",215.91,860.08,,,,"     ",5.30,122.92,3.74
1771,554738971,"01771M19:44:31.341","01771 19:32:31",215.89,860.05,,,,"     ",5.30,123.06,3.75
1771,554738972,"01771M19:44:32.314","01771 19:32:32",215.87,860.03,,,,"     ",5.30,122.87,3.74
1771,554738973,"01771M19:44:33.288","01771 19:32:33",215.85,860.05,,,,"     ",5.30,122.70,3.74
1771,554738974,"01771M19:44:34.261","01771 19:32:34",215.84,860.07,,,,"     ",5.30,122.88,3.75
1771,554738975,"01771M19:44:35.234","01771 19:32:35",215.84,860.16,,,,"     ",5.30,122.92,3.75
1771,554738976,"01771M19:44:36.207","01771 19:32:35",215.85,860.11,,,,"     ",5.30,122.60,3.74
1771,554738977,"01771M19:44:37.181","01771 19:32:36",215.85,860.13,,,,"     ",5.30,122.39,3.73
1771,554738978,"01771M19:44:38.154","01771 19:32:37",215.86,860.13,,,,"     ",5.30,122.48,3.74
1771,554738979,"01771M19:44:39.127","01771 19:32:38",215.86,860.18,,,,"     ",5.30,122.26,3.73
1771,554738980,"01771M19:44:40.100","01771 19:32:39",215.87,860.15,,,,"     ",5.30,122.46,3.74
1771,554738981,"01771M19:44:41.074","01771 19:32:40",215.88,860.17,,,,"     ",5.30,122.04,3.73
1771,554738982,"01771M19:44:42.047","01771 19:32:41",215.89,860.13,,,,"     ",5.30,122.36,3.74
1771,554738983,"01771M19:44:43.020","01771 19:32:42",215.90,860.18,,,,"     ",5.30,122.05,3.73
1771,554738984,"01771M19:44:43.993","01771 19:32:43",215.92,860.13,,,,"     ",5.30,121.58,3.72
1771,554738985,"01771M19:44:44.967","01771 19:32:44",215.95,860.19,,,,"     ",5.30,122.42,3.74
1771,554738986,"01771M19:44:45.940","01771 19:32:45",215.99,860.18,,,,"     ",5.30,121.55,3.72
1771,554738987,"01771M19:44:46.913","01771 19:32:46",216.02,860.15,,,,"     ",5.30,122.15,3.74
1771,554738988,"01771M19:44:47.886","01771 19:32:47",216.07,860.13,,,,"     ",5.30,121.64,3.73
1771,554738989,"01771M19:44:48.860","01771 19:32:48",216.11,860.09,,,,"     ",5.30,122.79,3.76
1771,554738990,"01771M19:44:49.833","01771 19:32:49",216.15,860.13,,,,"     ",5.30,122.37,3.75
1771,554738991,"01771M19:44:50.806","01771 19:32:50",216.18,860.03,,,,"     ",5.30,121.76,3.73
1771,554738992,"01771M19:44:51.780","01771 19:32:51",216.21,860.11,,,,"     ",5.30,122.38,3.75
1771,554738993,"01771M19:44:52.753","01771 19:32:52",216.24,860.10,,,,"     ",5.30,122.39,3.75
1771,554738994,"01771M19:44:53.726","01771 19:32:53",216.25,860.21,,,,"     ",5.30,122.77,3.76
1771,554738995,"01771M19:44:54.699","01771 19:32:54",216.26,860.17,,,,"     ",5.30,122.57,3.76
1771,554738996,"01771M19:44:55.673","01771 19:32:55",216.26,860.30,,,,"     ",5.30,122.39,3.75
1771,554738997,"01771M19:44:56.646","01771 19:32:56",216.26,860.25,,,,"     ",5.30,122.83,3.77
1771,554738998,"01771M19:44:57.619","01771 19:32:57",216.25,860.22,,,,"     ",5.30,123.84,3.80
1771,554738999,"01771M19:44:58.592","01771 19:32:58",216.25,860.34,,,,"     ",5.30,123.48,3.79
1771,554739000,"01771M19:44:59.566","01771 19:32:59",216.25,860.22,,,,"     ",5.30,123.60,3.79
1771,554739001,"01771M19:45:00.539","01771 19:33:00",216.26,860.20,,,,"     ",5.30,122.46,3.76
1771,554739002,"01771M19:45:01.512","01771 19:33:01",216.27,860.29,,,,"     ",5.30,123.11,3.78
1771,554739003,"01771M19:45:02.485","01771 19:33:02",216.28,860.27,,,,"     ",5.30,123.44,3.79
1771,554739004,"01771M19:45:03.459","01771 19:33:03",216.28,860.29,,,,"     ",5.30,122.69,3.77
1771,554739005,"01771M19:45:04.432","01771 19:33:04",216.27,860.29,,,,"     ",5.30,122.74,3.77
1771,554739006,"01771M19:45:05.405","01771 19:33:05",216.25,860.26,,,,"     ",5.30,122.84,3.77
1771,554739007,"01771M19:45:06.378","01771 19:33:06",216.21,860.31,,,,"     ",5.30,123.15,3.78
1771,554739008,"01771M19:45:07.352","01771 19:33:07",216.17,860.32,,,,"     ",5.30,122.62,3.77
1771,554739009,"01771M19:45:08.325","01771 19:33:08",216.12,860.38,,,,"     ",5.30,123.05,3.78
1771,554739010,"01771M19:45:09.298","01771 19:33:09",216.07,860.32,,,,"     ",5.30,123.07,3.78
1771,554739011,"01771M19:45:10.271","01771 19:33:10",216.03,860.27,,,,"     ",5.30,123.26,3.79
1771,554739012,"01771M19:45:11.245","01771 19:33:11",215.99,860.25,,,,"     ",5.30,123.44,3.80
1771,554739013,"01771M19:45:12.218","01771 19:33:12",215.96,860.23,,,,"     ",5.30,122.67,3.77
1771,554739014,"01771M19:45:13.191","01771 19:33:12",215.93,860.32,,,,"     ",5.30,122.67,3.77
1771,554739015,"01771M19:45:14.164","01771 19:33:13",215.91,860.34,,,,"     ",5.30,121.83,3.75
1771,554739016,"01771M19:45:15.138","01771 19:33:14",215.90,860.41,,,,"     ",5.30,122.37,3.77
1771,554739017,"01771M19:45:16.111","01771 19:33:15",215.90,860.42,,,,"     ",5.30,122.02,3.76
1771,554739018,"01771M19:45:17.084","01771 19:33:16",215.90,860.38,,,,"     ",5.30,121.73,3.75
1771,554739019,"01771M19:45:18.057","01771 19:33:17",215.90,860.39,,,,"     ",5.30,121.60,3.75
1771,554739020,"01771M19:45:19.031","01771 19:33:18",215.91,860.40,,,,"     ",5.30,121.91,3.75
1771,554739021,"01771M19:45:20.004","01771 19:33:19",215.93,860.39,,,,"     ",5.30,121.70,3.75
1771,554739022,"01771M19:45:20.977","01771 19:33:20",215.95,860.40,,,,"     ",5.30,121.46,3.74
1771,554739023,"01771M19:45:21.950","01771 19:33:21",215.99,860.36,,,,"     ",5.30,121.90,3.76
1771,554739024,"01771M19:45:22.924","01771 19:33:22",216.05,860.42,,,,"     ",5.30,121.91,3.76
1771,554739025,"01771M19:45:23.897","01771 19:33:23",216.12,860.42,,,,"     ",5.30,122.21,3.77
1771,554739026,"01771M19:45:24.870","01771 19:33:24",216.16,860.41,,,,"     ",5.30,122.35,3.77
1771,554739027,"01771M19:45:25.843","01771 19:33:25",216.20,860.39,,,,"     ",5.30,121.18,3.74
1771,554739028,"01771M19:45:26.817","01771 19:33:26",216.23,860.45,,,,"     ",5.30,122.46,3.78
1771,554739029,"01771M19:45:27.790","01771 19:33:27",216.26,860.40,,,,"     ",5.30,122.30,3.77
1771,554739030,"01771M19:45:28.763","01771 19:33:28",216.28,860.37,,,,"     ",5.30,122.82,3.79
1771,554739031,"01771M19:45:29.736","01771 19:33:29",216.29,860.47,,,,"     ",5.30,121.73,3.76
1771,554739032,"01771M19:45:30.710","01771 19:33:30",216.30,860.43,,,,"     ",5.30,122.39,3.78
1771,554739033,"01771M19:45:31.683","01771 19:33:31",216.30,860.51,,,,"     ",5.30,121.21,3.74
1771,554739034,"01771M19:45:32.656","01771 19:33:32",216.29,860.54,,,,"     ",5.30,121.60,3.75
1771,554739035,"01771M19:45:33.629","01771 19:33:33",216.28,860.60,,,,"     ",5.30,121.68,3.76
1771,554739036,"01771M19:45:34.603","01771 19:33:34",216.27,860.54,,,,"     ",5.30,121.80,3.76
1771,554739037,"01771M19:45:35.576","01771 19:33:35",216.25,860.48,,,,"     ",5.30,121.95,3.77
1771,554739038,"01771M19:45:36.549","01771 19:33:36",216.22,860.46,,,,"     ",5.30,122.29,3.78
1771,554739039,"01771M19:45:37.522","01771 19:33:37",216.19,860.60,,,,"     ",5.30,121.32,3.75
1771,554739040,"01771M19:45:38.496","01771 19:33:38",216.14,860.60,,,,"     ",5.30,122.11,3.78
1771,554739041,"01771M19:45:39.469","01771 19:33:39",216.10,860.61,,,,"     ",5.30,122.15,3.78
1771,554739042,"01771M19:45:40.442","01771 19:33:40",216.04,860.65,,,,"     ",5.30,121.65,3.76
1771,554739043,"01771M19:45:41.415","01771 19:33:41",215.97,860.63,,,,"     ",5.30,121.90,3.77
1771,554739044,"01771M19:45:42.389","01771 19:33:42",215.87,860.55,,,,"     ",5.30,122.37,3.79
1771,554739045,"01771M19:45:43.362","01771 19:33:43",215.93,860.53,,,,"     ",5.30,121.45,3.76
1771,554739046,"01771M19:45:44.335","01771 19:33:44",215.99,860.54,,,,"     ",5.30,121.55,3.76
1771,554739047,"01771M19:45:45.308","01771 19:33:45",216.04,860.52,,,,"     ",5.30,121.90,3.77
1771,554739048,"01771M19:45:46.282","01771 19:33:46",216.09,860.47,,,,"     ",5.30,121.69,3.77
1771,554739049,"01771M19:45:47.255","01771 19:33:47",216.12,860.49,,,,"     ",5.30,121.23,3.75
1771,554739050,"01771M19:45:48.228","01771 19:33:48",216.15,860.53,,,,"     ",5.30,122.01,3.78
1771,554739051,"01771M19:45:49.201","01771 19:33:49",216.18,860.54,,,,"     ",5.30,121.81,3.78
1771,554739052,"01771M19:45:50.175","01771 19:33:49",216.19,860.53,,,,"     ",5.30,121.55,3.77
1771,554739053,"01771M19:45:51.148","01771 19:33:50",216.20,860.55,,,,"     ",5.30,121.42,3.76
1771,554739054,"01771M19:45:52.121","01771 19:33:51",216.20,860.60,,,,"     ",5.30,121.46,3.77
1771,554739055,"01771M19:45:53.094","01771 19:33:52",216.20,860.61,,,,"     ",5.30,121.39,3.76
1771,554739056,"01771M19:45:54.068","01771 19:33:53",216.19,860.54,,,,"     ",5.30,120.70,3.74
1771,554739057,"01771M19:45:55.041","01771 19:33:54",216.17,860.59,,,,"     ",5.30,121.76,3.78
1771,554739058,"01771M19:45:56.014","01771 19:33:55",216.15,860.61,,,,"     ",5.30,120.94,3.75
1771,554739059,"01771M19:45:56.987","01771 19:33:56",216.12,860.51,,,,"     ",5.30,121.26,3.76
1771,554739060,"01771M19:45:57.961","01771 19:33:57",216.09,860.54,,,,"     ",5.30,120.36,3.73
1771,554739061,"01771M19:45:58.934","01771 19:33:58",216.04,860.57,,,,"     ",5.30,121.39,3.77
1771,554739062,"01771M19:45:59.907","01771 19:33:59",216.00,860.61,,,,"     ",5.30,120.86,3.75
1771,554739063,"01771M19:46:00.881","01771 19:34:00",215.93,860.65,,,,"     ",5.30,121.17,3.76
1771,554739064,"01771M19:46:01.854","01771 19:34:01",215.84,860.65,,,,"     ",5.30,120.66,3.75
1771,554739065,"01771M19:46:02.827","01771 19:34:02",215.74,860.64,,,,"     ",5.30,120.15,3.73
1771,554739066,"01771M19:46:03.800","01771 19:34:03",215.63,860.64,,,,"     ",5.30,120.41,3.74
1771,554739067,"01771M19:46:04.774","01771 19:34:04",215.53,860.68,,,,"     ",5.30,119.95,3.73
1771,554739068,"01771M19:46:05.747","01771 19:34:05",215.43,860.62,,,,"     ",5.30,121.04,3.76
1771,554739069,"01771M19:46:06.720","01771 19:34:06",215.35,860.58,,,,"     ",5.30,120.19,3.73
1771,554739070,"01771M19:46:07.693","01771 19:34:07",215.27,860.61,,,,"     ",5.30,120.68,3.75
1771,554739071,"01771M19:46:08.667","01771 19:34:08",215.20,860.66,,,,"     ",5.30,120.20,3.74
1771,554739072,"01771M19:46:09.640","01771 19:34:09",215.16,860.67,,,,"     ",5.30,120.46,3.75
1771,554739073,"01771M19:46:10.613","01771 19:34:10",215.13,860.59,,,,"     ",5.30,121.30,3.78
1771,554739074,"01771M19:46:11.586","01771 19:34:11",215.12,860.65,,,,"     ",5.30,120.36,3.75
1771,554739075,"01771M19:46:12.560","01771 19:34:12",215.12,860.73,,,,"     ",5.30,120.09,3.74
1771,554739076,"01771M19:46:13.533","01771 19:34:13",215.13,860.72,,,,"     ",5.30,120.41,3.75
1771,554739077,"01771M19:46:14.506","01771 19:34:14",215.14,860.74,,,,"     ",5.30,120.50,3.75
1771,554739078,"01771M19:46:15.479","01771 19:34:15",215.14,860.72,,,,"     ",5.30,120.20,3.74
1771,554739079,"01771M19:46:16.453","01771 19:34:16",215.15,860.72,,,,"     ",5.30,120.27,3.75
1771,554739080,"01771M19:46:17.426","01771 19:34:17",215.14,860.69,,,,"     ",5.30,120.45,3.75
1771,554739081,"01771M19:46:18.399","01771 19:34:18",215.13,860.69,,,,"     ",5.30,120.50,3.76
1771,554739082,"01771M19:46:19.372","01771 19:34:19",215.11,860.68,,,,"     ",5.30,120.69,3.76
1771,554739083,"01771M19:46:20.346","01771 19:34:20",215.08,860.62,,,,"     ",5.30,120.40,3.76
1771,554739084,"01771M19:46:21.319","01771 19:34:21",215.04,860.69,,,,"     ",5.30,120.78,3.77
1771,554739085,"01771M19:46:22.292","01771 19:34:22",215.00,860.68,,,,"     ",5.30,120.25,3.75
1771,554739086,"01771M19:46:23.265","01771 19:34:23",214.97,860.67,,,,"     ",5.30,119.25,3.72
1771,554739087,"01771M19:46:24.239","01771 19:34:24",214.95,860.67,,,,"     ",5.30,119.87,3.74
1771,554739088,"01771M19:46:25.212","01771 19:34:25",214.94,860.78,,,,"     ",5.30,120.42,3.76
1771,554739089,"01771M19:46:26.185","01771 19:34:25",214.95,860.72,,,,"     ",5.30,119.26,3.72
1771,554739090,"01771M19:46:27.158","01771 19:34:26",214.96,860.69,,,,"     ",5.30,119.92,3.74
1771,554739091,"01771M19:46:28.132","01771 19:34:27",214.97,860.67,,,,"     ",5.30,119.93,3.75
1771,554739092,"01771M19:46:29.105","01771 19:34:28",214.98,860.63,,,,"     ",5.30,120.29,3.76
1771,554739093,"01771M19:46:30.078","01771 19:34:29",214.99,860.74,,,,"     ",5.30,119.25,3.73
1771,554739094,"01771M19:46:31.051","01771 19:34:30",214.99,860.75,,,,"     ",5.30,119.05,3.72
1771,554739095,"01771M19:46:32.025","01771 19:34:31",214.99,860.77,,,,"     ",5.30,119.65,3.74
1771,554739096,"01771M19:46:32.998","01771 19:34:32",214.98,860.70,,,,"     ",5.30,120.15,3.76
1771,554739097,"01771M19:46:33.971","01771 19:34:33",214.96,860.80,,,,"     ",5.30,119.33,3.73
1771,554739098,"01771M19:46:34.944","01771 19:34:34",214.93,860.78,,,,"     ",5.30,119.46,3.74
1771,554739099,"01771M19:46:35.918","01771 19:34:35",214.91,860.77,,,,"     ",5.30,119.61,3.74
1771,554739100,"01771M19:46:36.891","01771 19:34:36",214.89,860.75,,,,"     ",5.30,119.48,3.74
1771,554739101,"01771M19:46:37.864","01771 19:34:37",214.87,860.79,,,,"     ",5.30,119.58,3.75
1771,554739102,"01771M19:46:38.837","01771 19:34:38",214.85,860.76,,,,"     ",5.30,118.64,3.72
1771,554739103,"01771M19:46:39.811","01771 19:34:39",214.82,860.83,,,,"     ",5.30,119.46,3.74
1771,554739104,"01771M19:46:40.784","01771 19:34:40",214.79,860.81,,,,"     ",5.30,118.96,3.73
1771,554739105,"01771M19:46:41.757","01771 19:34:41",214.74,860.74,,,,"     ",5.30,119.28,3.74
1771,554739106,"01771M19:46:42.730","01771 19:34:42",214.69,860.82,,,,"     ",5.30,118.69,3.72
1771,554739107,"01771M19:46:43.704","01771 19:34:43",214.64,860.78,,,,"     ",5.30,118.65,3.72
1771,554739108,"01771M19:46:44.677","01771 19:34:44",214.58,860.82,,,,"     ",5.30,119.26,3.74
1771,554739109,"01771M19:46:45.650","01771 19:34:45",214.52,860.77,,,,"     ",5.30,118.37,3.71
1771,554739110,"01771M19:46:46.623","01771 19:34:46",214.48,860.86,,,,"     ",5.30,118.51,3.72
1771,554739111,"01771M19:46:47.597","01771 19:34:47",214.43,860.87,,,,"     ",5.30,118.60,3.72
1771,554739112,"01771M19:46:48.570","01771 19:34:48",214.39,860.89,,,,"     ",5.30,119.20,3.74
1771,554739113,"01771M19:46:49.543","01771 19:34:49",214.36,860.92,,,,"     ",5.30,118.73,3.73
1771,554739114,"01771M19:46:50.516","01771 19:34:50",214.33,860.86,,,,"     ",5.30,118.03,3.71
1771,554739115,"01771M19:46:51.490","01771 19:34:51",214.31,860.79,,,,"     ",5.30,117.79,3.70
1771,554739116,"01771M19:46:52.463","01771 19:34:52",214.30,860.78,,,,"     ",5.30,118.97,3.74
1771,554739117,"01771M19:46:53.436","01771 19:34:53",214.29,860.83,,,,"     ",5.30,118.40,3.72
1771,554739118,"01771M19:46:54.409","01771 19:34:54",214.29,860.84,,,,"     ",5.30,117.86,3.71
1771,554739119,"01771M19:46:55.383","01771 19:34:55",214.28,860.79,,,,"     ",5.30,118.53,3.73
1771,554739120,"01771M19:46:56.356","01771 19:34:56",214.28,860.82,,,,"     ",5.30,118.84,3.74
1771,554739121,"01771M19:46:57.329","01771 19:34:57",214.28,860.92,,,,"     ",5.30,118.19,3.72
1771,554739122,"01771M19:46:58.302","01771 19:34:58",214.27,860.95,,,,"     ",5.30,118.37,3.73
1771,554739123,"01771M19:46:59.276","01771 19:34:59",214.26,860.88,,,,"     ",5.30,117.83,3.71
1771,554739124,"01771M19:47:00.249","01771 19:35:00",214.25,860.88,,,,"     ",5.30,118.28,3.73
1771,554739125,"01771M19:47:01.222","01771 19:35:01",214.23,860.94,,,,"     ",5.30,117.89,3.72
1771,554739126,"01771M19:47:02.195","01771 19:35:02",214.20,861.00,,,,"     ",5.30,117.73,3.71
1771,554739127,"01771M19:47:03.169","01771 19:35:02",214.17,861.03,,,,"     ",5.30,117.56,3.71
1771,554739128,"01771M19:47:04.142","01771 19:35:03",214.13,860.97,,,,"     ",5.30,117.46,3.71
1771,554739129,"01771M19:47:05.115","01771 19:35:04",214.09,861.02,,,,"     ",5.30,117.37,3.71
1771,554739130,"01771M19:47:06.088","01771 19:35:05",214.05,860.98,,,,"     ",5.30,117.52,3.71
1771,554739131,"01771M19:47:07.062","01771 19:35:06",214.00,860.97,,,,"     ",5.30,116.64,3.69
1771,554739132,"01771M19:47:08.035","01771 19:35:07",213.94,860.90,,,,"     ",5.30,117.08,3.70
1771,554739133,"01771M19:47:09.008","01771 19:35:08",213.87,860.97,,,,"     ",5.30,117.47,3.71
1771,554739134,"01771M19:47:09.982","01771 19:35:09",213.80,861.03,,,,"     ",5.30,117.99,3.73
1771,554739135,"01771M19:47:10.955","01771 19:35:10",213.72,861.08,,,,"     ",5.30,117.10,3.71
1771,554739136,"01771M19:47:11.928","01771 19:35:11",213.64,861.05,,,,"     ",5.30,117.05,3.71
1771,554739137,"01771M19:47:12.901","01771 19:35:12",213.56,861.03,,,,"     ",5.30,116.88,3.70
1771,554739138,"01771M19:47:13.875","01771 19:35:13",213.49,861.01,,,,"     ",5.30,116.89,3.70
1771,554739139,"01771M19:47:14.848","01771 19:35:14",213.42,861.03,,,,"     ",5.30,116.55,3.69
1771,554739140,"01771M19:47:15.821","01771 19:35:15",213.35,861.02,,,,"     ",5.30,116.68,3.70
1771,554739141,"01771M19:47:16.794","01771 19:35:16",213.29,861.07,,,,"     ",5.30,116.59,3.70
1771,554739142,"01771M19:47:17.768","01771 19:35:17",213.25,860.97,,,,"     ",5.30,116.66,3.70
1771,554739143,"01771M19:47:18.741","01771 19:35:18",213.23,860.91,,,,"     ",5.30,116.51,3.70
1771,554739144,"01771M19:47:19.714","01771 19:35:19",213.22,860.94,,,,"     ",5.30,116.69,3.70
1771,554739145,"01771M19:47:20.687","01771 19:35:20",213.23,860.99,,,,"     ",5.30,116.26,3.69
1771,554739146,"01771M19:47:21.661","01771 19:35:21",213.25,861.04,,,,"     ",5.30,117.01,3.72
1771,554739147,"01771M19:47:22.634","01771 19:35:22",213.28,861.10,,,,"     ",5.30,115.89,3.68
1771,554739148,"01771M19:47:23.607","01771 19:35:23",213.33,861.09,,,,"     ",5.30,116.18,3.69
1771,554739149,"01771M19:47:24.580","01771 19:35:24",213.37,861.01,,,,"     ",5.30,115.40,3.67
1771,554739150,"01771M19:47:25.554","01771 19:35:25",213.42,861.08,,,,"     ",5.30,115.10,3.66
1771,554739151,"01771M19:47:26.527","01771 19:35:26",213.46,861.14,,,,"     ",5.30,116.24,3.70
1771,554739152,"01771M19:47:27.500","01771 19:35:27",213.49,861.14,,,,"     ",5.30,116.14,3.70
1771,554739153,"01771M19:47:28.473","01771 19:35:28",213.50,861.06,,,,"     ",5.30,115.65,3.68
1771,554739154,"01771M19:47:29.447","01771 19:35:29",213.51,861.04,,,,"     ",5.30,115.79,3.69
1771,554739155,"01771M19:47:30.420","01771 19:35:30",213.49,861.04,,,,"     ",5.30,114.87,3.66
1771,554739156,"01771M19:47:31.393","01771 19:35:31",213.46,861.10,,,,"     ",5.30,115.77,3.69
1771,554739157,"01771M19:47:32.366","01771 19:35:32",213.42,861.08,,,,"     ",5.30,115.03,3.67
1771,554739158,"01771M19:47:33.340","01771 19:35:33",213.37,861.12,,,,"     ",5.30,115.34,3.68
1771,554739159,"01771M19:47:34.313","01771 19:35:34",213.30,861.13,,,,"     ",5.30,115.22,3.68
1771,554739160,"01771M19:47:35.286","01771 19:35:35",213.23,861.16,,,,"     ",5.30,115.52,3.69
1771,554739161,"01771M19:47:36.259","01771 19:35:36",213.15,861.13,,,,"     ",5.30,115.64,3.69
1771,554739162,"01771M19:47:37.233","01771 19:35:37",213.07,861.10,,,,"     ",5.30,115.82,3.70
1771,554739163,"01771M19:47:38.206","01771 19:35:38",212.99,861.13,,,,"     ",5.30,114.68,3.66
1771,554739164,"01771M19:47:39.179","01771 19:35:39",212.92,861.09,,,,"     ",5.30,115.04,3.68
1771,554739165,"01771M19:47:40.152","01771 19:35:39",212.84,861.11,,,,"     ",5.30,114.80,3.67
1771,554739166,"01771M19:47:41.126","01771 19:35:40",212.77,861.13,,,,"     ",5.30,114.94,3.68
1771,554739167,"01771M19:47:42.099","01771 19:35:41",212.69,861.11,,,,"     ",5.30,115.04,3.68
1771,554739168,"01771M19:47:43.072","01771 19:35:42",212.62,861.18,,,,"     ",5.30,114.78,3.67
1771,554739169,"01771M19:47:44.045","01771 19:35:43",212.54,861.08,,,,"     ",5.30,114.89,3.68
1771,554739170,"01771M19:47:45.019","01771 19:35:44",212.46,861.19,,,,"     ",5.30,114.44,3.67
1771,554739171,"01771M19:47:45.992","01771 19:35:45",212.39,861.17,,,,"     ",5.30,114.78,3.68
1771,554739172,"01771M19:47:46.965","01771 19:35:46",212.34,861.16,,,,"     ",5.30,114.42,3.67
1771,554739173,"01771M19:47:47.938","01771 19:35:47",212.30,861.15,,,,"     ",5.30,114.44,3.67
1771,554739174,"01771M19:47:48.912","01771 19:35:48",212.28,861.17,,,,"     ",5.30,114.70,3.68
1771,554739175,"01771M19:47:49.885","01771 19:35:49",212.27,861.17,,,,"     ",5.30,114.58,3.68
1771,554739176,"01771M19:47:50.858","01771 19:35:50",212.29,861.19,,,,"     ",5.30,113.84,3.65
1771,554739177,"01771M19:47:51.831","01771 19:35:51",212.32,861.30,,,,"     ",5.30,114.35,3.67
1771,554739178,"01771M19:47:52.805","01771 19:35:52",212.37,861.20,,,,"     ",5.30,114.79,3.69
1771,554739179,"01771M19:47:53.778","01771 19:35:53",212.41,861.21,,,,"     ",5.30,114.60,3.68
1771,554739180,"01771M19:47:54.751","01771 19:35:54",212.45,861.27,,,,"     ",5.30,114.89,3.69
1771,554739181,"01771M19:47:55.724","01771 19:35:55",212.47,861.17,,,,"     ",5.30,114.46,3.68
1771,554739182,"01771M19:47:56.698","01771 19:35:56",212.48,861.11,,,,"     ",5.30,113.81,3.66
1771,554739183,"01771M19:47:57.671","01771 19:35:57",212.48,861.25,,,,"     ",5.30,114.25,3.67
1771,554739184,"01771M19:47:58.644","01771 19:35:58",212.48,861.23,,,,"     ",5.30,113.76,3.66
1771,554739185,"01771M19:47:59.617","01771 19:35:59",212.47,861.16,,,,"     ",5.30,113.50,3.65
1771,554739186,"01771M19:48:00.591","01771 19:36:00",212.46,861.25,,,,"     ",5.30,113.97,3.67
1771,554739187,"01771M19:48:01.564","01771 19:36:01",212.45,861.17,,,,"     ",5.30,113.48,3.65
1771,554739188,"01771M19:48:02.537","01771 19:36:02",212.45,861.20,,,,"     ",5.30,113.62,3.66
1771,554739189,"01771M19:48:03.510","01771 19:36:03",212.45,861.21,,,,"     ",5.30,114.42,3.69
1771,554739190,"01771M19:48:04.484","01771 19:36:04",212.45,861.24,,,,"     ",5.30,113.98,3.68
1771,554739191,"01771M19:48:05.457","01771 19:36:05",212.45,861.24,,,,"     ",5.30,113.81,3.67
1771,554739192,"01771M19:48:06.430","01771 19:36:06",212.47,861.29,,,,"     ",5.30,113.67,3.67
1771,554739193,"01771M19:48:07.403","01771 19:36:07",212.48,861.30,,,,"     ",5.30,113.83,3.67
1771,554739194,"01771M19:48:08.377","01771 19:36:08",212.48,861.34,,,,"     ",5.30,114.14,3.69
1771,554739195,"01771M19:48:09.350","01771 19:36:09",212.49,861.37,,,,"     ",5.30,113.27,3.66
1771,554739196,"01771M19:48:10.323","01771 19:36:10",212.49,861.32,,,,"     ",5.30,114.05,3.69
1771,554739197,"01771M19:48:11.296","01771 19:36:11",212.49,861.30,,,,"     ",5.30,114.20,3.69
1771,554739198,"01771M19:48:12.270","01771 19:36:12",212.49,861.26,,,,"     ",5.30,113.08,3.66
1771,554739199,"01771M19:48:13.243","01771 19:36:13",212.50,861.29,,,,"     ",5.30,113.91,3.68
1771,554739200,"01771M19:48:14.216","01771 19:36:14",212.52,861.30,,,,"     ",5.30,113.48,3.67
1771,554739201,"01771M19:48:15.189","01771 19:36:15",212.53,861.25,,,,"     ",5.30,113.49,3.67
1771,554739202,"01771M19:48:16.163","01771 19:36:15",212.56,861.29,,,,"     ",5.30,113.94,3.69
1771,554739203,"01771M19:48:17.136","01771 19:36:16",212.58,861.24,,,,"     ",5.30,114.08,3.69
1771,554739204,"01771M19:48:18.109","01771 19:36:17",212.60,861.27,,,,"     ",5.30,113.68,3.68
1771,554739205,"01771M19:48:19.083","01771 19:36:18",212.60,861.27,,,,"     ",5.30,113.86,3.69
1771,554739206,"01771M19:48:20.056","01771 19:36:19",212.59,861.33,,,,"     ",5.30,113.54,3.68
1771,554739207,"01771M19:48:21.029","01771 19:36:20",212.57,861.36,,,,"     ",5.30,114.37,3.71
1771,554739208,"01771M19:48:22.002","01771 19:36:21",212.53,861.34,,,,"     ",5.30,112.56,3.65
1771,554739209,"01771M19:48:22.976","01771 19:36:22",212.49,861.39,,,,"     ",5.30,113.73,3.69
1771,554739210,"01771M19:48:23.949","01771 19:36:23",212.45,861.31,,,,"     ",5.30,112.67,3.65
1771,554739211,"01771M19:48:24.922","01771 19:36:24",212.39,861.39,,,,"     ",5.30,112.67,3.66
1771,554739212,"01771M19:48:25.895","01771 19:36:25",212.34,861.35,,,,"     ",5.30,112.35,3.65
1771,554739213,"01771M19:48:26.869","01771 19:36:26",212.29,861.34,,,,"     ",5.30,112.16,3.64
1771,554739214,"01771M19:48:27.842","01771 19:36:27",212.25,861.39,,,,"     ",5.30,113.04,3.67
1771,554739215,"01771M19:48:28.815","01771 19:36:28",212.21,861.37,,,,"     ",5.30,112.88,3.67
1771,554739216,"01771M19:48:29.788","01771 19:36:29",212.17,861.39,,,,"     ",5.30,112.77,3.67
1771,554739217,"01771M19:48:30.762","01771 19:36:30",212.14,861.32,,,,"     ",5.30,112.54,3.66
1771,554739218,"01771M19:48:31.735","01771 19:36:31",212.13,861.33,,,,"     ",5.30,112.97,3.68
1771,554739219,"01771M19:48:32.708","01771 19:36:32",212.12,861.39,,,,"     ",5.30,112.60,3.66
1771,554739220,"01771M19:48:33.681","01771 19:36:33",212.11,861.39,,,,"     ",5.30,112.69,3.67
1771,554739221,"01771M19:48:34.655","01771 19:36:34",212.11,861.33,,,,"     ",5.30,112.41,3.66
1771,554739222,"01771M19:48:35.628","01771 19:36:35",212.10,861.39,,,,"     ",5.30,112.79,3.67
1771,554739223,"01771M19:48:36.601","01771 19:36:36",212.09,861.39,,,,"     ",5.30,112.52,3.67
1771,554739224,"01771M19:48:37.574","01771 19:36:37",212.07,861.39,,,,"     ",5.30,112.24,3.66
1771,554739225,"01771M19:48:38.548","01771 19:36:38",212.04,861.41,,,,"     ",5.30,112.42,3.67
1771,554739226,"01771M19:48:39.521","01771 19:36:39",212.01,861.38,,,,"     ",5.30,112.94,3.68
1771,554739227,"01771M19:48:40.494","01771 19:36:40",211.97,861.40,,,,"     ",5.30,112.24,3.66
1771,554739228,"01771M19:48:41.467","01771 19:36:41",211.94,861.47,,,,"     ",5.30,111.82,3.65
1771,554739229,"01771M19:48:42.441","01771 19:36:42",211.92,861.41,,,,"     ",5.30,112.14,3.66
1771,554739230,"01771M19:48:43.414","01771 19:36:43",211.91,861.42,,,,"     ",5.30,112.77,3.68
1771,554739231,"01771M19:48:44.387","01771 19:36:44",211.90,861.44,,,,"     ",5.30,112.40,3.67
1771,554739232,"01771M19:48:45.360","01771 19:36:45",211.91,861.53,,,,"     ",5.30,111.87,3.65
1771,554739233,"01771M19:48:46.334","01771 19:36:46",211.93,861.55,,,,"     ",5.30,111.75,3.65
1771,554739234,"01771M19:48:47.307","01771 19:36:47",211.96,861.41,,,,"     ",5.30,112.08,3.66
1771,554739235,"01771M19:48:48.280","01771 19:36:48",211.99,861.49,,,,"     ",5.30,112.17,3.67
1771,554739236,"01771M19:48:49.253","01771 19:36:49",212.03,861.50,,,,"     ",5.30,112.17,3.67
1771,554739237,"01771M19:48:50.227","01771 19:36:50",212.06,861.50,,,,"     ",5.30,112.46,3.68
1771,554739238,"01771M19:48:51.200","01771 19:36:51",212.09,861.48,,,,"     ",5.30,111.51,3.65
1771,554739239,"01771M19:48:52.173","01771 19:36:52",212.11,861.45,,,,"     ",5.30,112.06,3.67
1771,554739240,"01771M19:48:53.146","01771 19:36:52",212.12,861.53,,,,"     ",5.30,112.38,3.68
1771,554739241,"01771M19:48:54.120","01771 19:36:53",212.13,861.48,,,,"     ",5.30,112.07,3.67
1771,554739242,"01771M19:48:55.093","01771 19:36:54",212.13,861.44,,,,"     ",5.30,111.79,3.66
1771,554739243,"01771M19:48:56.066","01771 19:36:55",212.12,861.55,,,,"     ",5.30,111.39,3.65
1771,554739244,"01771M19:48:57.039","01771 19:36:56",212.11,861.42,,,,"     ",5.30,111.20,3.65
1771,554739245,"01771M19:48:58.013","01771 19:36:57",212.10,861.52,,,,"     ",5.30,111.71,3.67
1771,554739246,"01771M19:48:58.986","01771 19:36:58",212.10,861.51,,,,"     ",5.30,112.28,3.69
1771,554739247,"01771M19:48:59.959","01771 19:36:59",212.09,861.52,,,,"     ",5.30,111.89,3.67
1771,554739248,"01771M19:49:00.932","01771 19:37:00",212.07,861.52,,,,"     ",5.30,111.82,3.67
1771,554739249,"01771M19:49:01.906","01771 19:37:01",212.03,861.49,,,,"     ",5.30,111.60,3.67
1771,554739250,"01771M19:49:02.879","01771 19:37:02",211.99,861.54,,,,"     ",5.30,111.51,3.66
1771,554739251,"01771M19:49:03.852","01771 19:37:03",211.94,861.54,,,,"     ",5.30,111.81,3.67
1771,554739252,"01771M19:49:04.825","01771 19:37:04",211.89,861.55,,,,"     ",5.30,111.61,3.67
1771,554739253,"01771M19:49:05.799","01771 19:37:05",211.85,861.54,,,,"     ",5.30,110.96,3.65
1771,554739254,"01771M19:49:06.772","01771 19:37:06",211.81,861.43,,,,"     ",5.30,111.58,3.67
1771,554739255,"01771M19:49:07.745","01771 19:37:07",211.78,861.50,,,,"     ",5.30,112.12,3.69
1771,554739256,"01771M19:49:08.718","01771 19:37:08",211.78,861.57,,,,"     ",5.30,111.33,3.66
1771,554739257,"01771M19:49:09.692","01771 19:37:09",211.79,861.56,,,,"     ",5.30,111.42,3.67
1771,554739258,"01771M19:49:10.665","01771 19:37:10",211.82,861.51,,,,"     ",5.30,112.10,3.69
1771,554739259,"01771M19:49:11.638","01771 19:37:11",211.86,861.54,,,,"     ",5.30,111.66,3.68
1771,554739260,"01771M19:49:12.611","01771 19:37:12",211.90,861.53,,,,"     ",5.30,111.30,3.67
1771,554739261,"01771M19:49:13.585","01771 19:37:13",211.94,861.59,,,,"     ",5.30,111.91,3.69
1771,554739262,"01771M19:49:14.558","01771 19:37:14",211.97,861.53,,,,"     ",5.30,111.22,3.67
1771,554739263,"01771M19:49:15.531","01771 19:37:15",212.00,861.47,,,,"     ",5.30,111.33,3.67
1771,554739264,"01771M19:49:16.504","01771 19:37:16",212.02,861.57,,,,"     ",5.30,111.85,3.69
1771,554739265,"01771M19:49:17.478","01771 19:37:17",212.04,861.59,,,,"     ",5.30,111.28,3.67
1771,554739266,"01771M19:49:18.451","01771 19:37:18",212.04,861.48,,,,"     ",5.30,111.80,3.69
1771,554739267,"01771M19:49:19.424","01771 19:37:19",212.05,861.56,,,,"     ",5.30,111.68,3.69
1771,554739268,"01771M19:49:20.397","01771 19:37:20",212.05,861.64,,,,"     ",5.30,111.80,3.69
1771,554739269,"01771M19:49:21.371","01771 19:37:21",212.06,861.62,,,,"     ",5.30,111.60,3.69
1771,554739270,"01771M19:49:22.344","01771 19:37:22",212.06,861.54,,,,"     ",5.30,111.37,3.68
1771,554739271,"01771M19:49:23.317","01771 19:37:23",212.07,861.53,,,,"     ",5.30,111.71,3.69
1771,554739272,"01771M19:49:24.290","01771 19:37:24",212.07,861.57,,,,"     ",5.30,111.80,3.69
1771,554739273,"01771M19:49:25.264","01771 19:37:25",212.07,861.54,,,,"     ",5.30,111.73,3.69
1771,554739274,"01771M19:49:26.237","01771 19:37:26",212.07,861.58,,,,"     ",5.30,111.49,3.68
1771,554739275,"01771M19:49:27.210","01771 19:37:27",212.06,861.56,,,,"     ",5.30,111.70,3.69
1771,554739276,"01771M19:49:28.183","01771 19:37:28",212.06,861.56,,,,"     ",5.30,111.54,3.69
1771,554739277,"01771M19:49:29.157","01771 19:37:29",212.05,861.57,,,,"     ",5.30,111.80,3.70
1771,554739278,"01771M19:49:30.130","01771 19:37:29",212.05,861.58,,,,"     ",5.30,111.56,3.69
1771,554739279,"01771M19:49:31.103","01771 19:37:30",212.06,861.62,,,,"     ",5.30,111.98,3.71
1771,554739280,"01771M19:49:32.077","01771 19:37:31",212.06,861.68,,,,"     ",5.30,111.82,3.70
1771,554739281,"01771M19:49:33.050","01771 19:37:32",212.07,861.65,,,,"     ",5.30,112.36,3.72
1771,554739282,"01771M19:49:34.023","01771 19:37:33",212.08,861.70,,,,"     ",5.30,111.99,3.71
1771,554739283,"01771M19:49:34.996","01771 19:37:34",212.08,861.71,,,,"     ",5.30,111.95,3.71
1771,554739284,"01771M19:49:35.970","01771 19:37:35",212.09,861.77,,,,"     ",5.30,112.12,3.71
1771,554739285,"01771M19:49:36.943","01771 19:37:36",212.10,861.68,,,,"     ",5.30,112.06,3.71
1771,554739286,"01771M19:49:37.916","01771 19:37:37",212.10,861.61,,,,"     ",5.30,111.30,3.69
1771,554739287,"01771M19:49:38.889","01771 19:37:38",212.11,861.71,,,,"     ",5.30,111.66,3.70
1771,554739288,"01771M19:49:39.863","01771 19:37:39",212.11,861.73,,,,"     ",5.30,112.02,3.71
1771,554739289,"01771M19:49:40.836","01771 19:37:40",212.12,861.71,,,,"     ",5.30,111.75,3.70
1771,554739290,"01771M19:49:41.809","01771 19:37:41",212.13,861.74,,,,"     ",5.30,111.76,3.71
1771,554739291,"01771M19:49:42.782","01771 19:37:42",212.15,861.72,,,,"     ",5.30,111.86,3.71
1771,554739292,"01771M19:49:43.756","01771 19:37:43",212.17,861.76,,,,"     ",5.30,111.24,3.69
1771,554739293,"01771M19:49:44.729","01771 19:37:44",212.20,861.72,,,,"     ",5.30,111.87,3.71
1771,554739294,"01771M19:49:45.702","01771 19:37:45",212.23,861.76,,,,"     ",5.30,110.68,3.67
1771,554739295,"01771M19:49:46.675","01771 19:37:46",212.28,861.84,,,,"     ",5.30,112.45,3.73
1771,554739296,"01771M19:49:47.649","01771 19:37:47",212.33,861.75,,,,"     ",5.30,111.71,3.71
1771,554739297,"01771M19:49:48.622","01771 19:37:48",212.38,861.69,,,,"     ",5.30,111.60,3.71
1771,554739298,"01771M19:49:49.595","01771 19:37:49",212.43,861.70,,,,"     ",5.30,112.39,3.73
1771,554739299,"01771M19:49:50.568","01771 19:37:50",212.47,861.73,,,,"     ",5.30,112.03,3.72
1771,554739300,"01771M19:49:51.542","01771 19:37:51",212.50,861.73,,,,"     ",5.30,112.28,3.73
1771,554739301,"01771M19:49:52.515","01771 19:37:52",212.53,861.81,,,,"     ",5.30,111.83,3.72
1771,554739302,"01771M19:49:53.488","01771 19:37:53",212.56,861.77,,,,"     ",5.30,111.47,3.71
1771,554739303,"01771M19:49:54.461","01771 19:37:54",212.58,861.84,,,,"     ",5.30,112.29,3.73
1771,554739304,"01771M19:49:55.435","01771 19:37:55",212.60,861.87,,,,"     ",5.30,112.87,3.76
1771,554739305,"01771M19:49:56.408","01771 19:37:56",212.61,861.83,,,,"     ",5.30,112.22,3.73
1771,554739306,"01771M19:49:57.381","01771 19:37:57",212.62,861.79,,,,"     ",5.30,111.36,3.70
1771,554739307,"01771M19:49:58.354","01771 19:37:58",212.61,861.84,,,,"     ",5.30,111.91,3.72
1771,554739308,"01771M19:49:59.328","01771 19:37:59",212.58,861.84,,,,"     ",5.30,112.53,3.75
1771,554739309,"01771M19:50:00.301","01771 19:38:00",212.55,861.78,,,,"     ",5.30,112.17,3.73
1771,554739310,"01771M19:50:01.274","01771 19:38:01",212.51,861.83,,,,"     ",5.30,111.44,3.71
1771,554739311,"01771M19:50:02.247","01771 19:38:02",212.47,861.77,,,,"     ",5.30,112.43,3.74
1771,554739312,"01771M19:50:03.221","01771 19:38:03",212.43,861.75,,,,"     ",5.30,111.74,3.72
1771,554739313,"01771M19:50:04.194","01771 19:38:04",212.41,861.82,,,,"     ",5.30,111.00,3.70
1771,554739314,"01771M19:50:05.167","01771 19:38:05",212.40,861.82,,,,"     ",5.30,111.42,3.71
1771,554739315,"01771M19:50:06.140","01771 19:38:06",212.40,861.78,,,,"     ",5.30,111.82,3.73
1771,554739316,"01771M19:50:07.114","01771 19:38:06",212.42,861.86,,,,"     ",5.30,111.19,3.71
1771,554739317,"01771M19:50:08.087","01771 19:38:07",212.44,861.79,,,,"     ",5.30,111.71,3.72
1771,554739318,"01771M19:50:09.060","01771 19:38:08",212.46,861.87,,,,"     ",5.30,111.40,3.71
1771,554739319,"01771M19:50:10.033","01771 19:38:09",212.50,861.84,,,,"     ",5.30,110.76,3.69
1771,554739320,"01771M19:50:11.007","01771 19:38:10",212.53,861.82,,,,"     ",5.30,111.05,3.70
1771,554739321,"01771M19:50:11.980","01771 19:38:11",212.56,861.84,,,,"     ",5.30,111.39,3.72
1771,554739322,"01771M19:50:12.953","01771 19:38:12",212.59,861.83,,,,"     ",5.30,110.83,3.70
1771,554739323,"01771M19:50:13.926","01771 19:38:13",212.62,861.81,,,,"     ",5.30,111.70,3.73
1771,554739324,"01771M19:50:14.900","01771 19:38:14",212.65,861.81,,,,"     ",5.30,111.45,3.72
1771,554739325,"01771M19:50:15.873","01771 19:38:15",212.68,861.78,,,,"     ",5.30,110.47,3.69
1771,554739326,"01771M19:50:16.846","01771 19:38:16",212.70,861.80,,,,"     ",5.30,112.29,3.75
1771,554739327,"01771M19:50:17.819","01771 19:38:17",212.70,861.79,,,,"     ",5.30,111.98,3.74
1771,554739328,"01771M19:50:18.793","01771 19:38:18",212.68,861.84,,,,"     ",5.30,111.19,3.71
1771,554739329,"01771M19:50:19.766","01771 19:38:19",212.66,861.89,,,,"     ",5.30,111.90,3.74
1771,554739330,"01771M19:50:20.739","01771 19:38:20",212.61,861.90,,,,"     ",5.30,111.13,3.71
1771,554739331,"01771M19:50:21.712","01771 19:38:21",212.56,861.92,,,,"     ",5.30,110.95,3.71
1771,554739332,"01771M19:50:22.686","01771 19:38:22",212.49,861.95,,,,"     ",5.30,110.44,3.69
1771,554739333,"01771M19:50:23.659","01771 19:38:23",212.43,861.92,,,,"     ",5.30,111.84,3.74
1771,554739334,"01771M19:50:24.632","01771 19:38:24",212.38,861.91,,,,"     ",5.30,112.08,3.75
1771,554739335,"01771M19:50:25.605","01771 19:38:25",212.34,861.89,,,,"     ",5.30,111.27,3.72
1771,554739336,"01771M19:50:26.579","01771 19:38:26",212.31,861.87,,,,"     ",5.30,111.20,3.72
1771,554739337,"01771M19:50:27.552","01771 19:38:27",212.28,861.86,,,,"     ",5.30,110.97,3.71
1771,554739338,"01771M19:50:28.525","01771 19:38:28",212.25,861.92,,,,"     ",5.30,111.34,3.73
1771,554739339,"01771M19:50:29.498","01771 19:38:29",212.23,861.99,,,,"     ",5.30,111.37,3.73
1771,554739340,"01771M19:50:30.472","01771 19:38:30",212.20,861.99,,,,"     ",5.30,111.54,3.73
1771,554739341,"01771M19:50:31.445","01771 19:38:31",212.19,861.93,,,,"     ",5.30,110.91,3.71
1771,554739342,"01771M19:50:32.418","01771 19:38:32",212.17,861.98,,,,"     ",5.30,111.24,3.73
1771,554739343,"01771M19:50:33.391","01771 19:38:33",212.16,861.88,,,,"     ",5.30,111.79,3.75
1771,554739344,"01771M19:50:34.365","01771 19:38:34",212.15,861.92,,,,"     ",5.30,110.80,3.71
1771,554739345,"01771M19:50:35.338","01771 19:38:35",212.14,861.82,,,,"     ",5.30,111.27,3.73
1771,554739346,"01771M19:50:36.311","01771 19:38:36",212.15,861.94,,,,"     ",5.30,111.88,3.75
1771,554739347,"01771M19:50:37.284","01771 19:38:37",212.15,861.93,,,,"     ",5.30,110.47,3.70
1771,554739348,"01771M19:50:38.258","01771 19:38:38",212.16,862.01,,,,"     ",5.30,111.15,3.73
1771,554739349,"01771M19:50:39.231","01771 19:38:39",212.17,861.95,,,,"     ",5.30,111.16,3.73
1771,554739350,"01771M19:50:40.204","01771 19:38:40",212.19,861.96,,,,"     ",5.30,111.22,3.73
1771,554739351,"01771M19:50:41.178","01771 19:38:41",212.21,861.95,,,,"     ",5.30,111.10,3.73
1771,554739352,"01771M19:50:42.151","01771 19:38:42",212.69,861.95,,,,"     ",5.30,110.71,3.72
1771,554739353,"01771M19:50:43.124","01771 19:38:42",212.62,861.88,,,,"     ",5.30,111.12,3.73
1771,554739354,"01771M19:50:44.097","01771 19:38:43",212.55,861.93,,,,"     ",5.30,111.25,3.73
1771,554739355,"01771M19:50:45.071","01771 19:38:44",212.49,861.90,,,,"     ",5.30,111.42,3.74
1771,554739356,"01771M19:50:46.044","01771 19:38:45",212.43,861.90,,,,"     ",5.30,110.77,3.72
1771,554739357,"01771M19:50:47.017","01771 19:38:46",212.38,861.93,,,,"     ",5.30,111.30,3.74
1771,554739358,"01771M19:50:47.990","01771 19:38:47",212.33,861.95,,,,"     ",5.30,110.43,3.71
1771,554739359,"01771M19:50:48.964","01771 19:38:48",212.28,861.95,,,,"     ",5.30,110.55,3.71
1771,554739360,"01771M19:50:49.937","01771 19:38:49",212.23,861.94,,,,"     ",5.30,110.65,3.72
1771,554739361,"01771M19:50:50.910","01771 19:38:50",212.19,861.99,,,,"     ",5.30,111.30,3.74
1771,554739362,"01771M19:50:51.883","01771 19:38:51",212.15,862.02,,,,"     ",5.30,110.21,3.71
1771,554739363,"01771M19:50:52.857","01771 19:38:52",212.11,862.05,,,,"     ",5.30,110.82,3.73
1771,554739364,"01771M19:50:53.830","01771 19:38:53",212.07,862.02,,,,"     ",5.30,110.75,3.73
1771,554739365,"01771M19:50:54.803","01771 19:38:54",212.04,862.00,,,,"     ",5.30,110.44,3.72
1771,554739366,"01771M19:50:55.776","01771 19:38:55",212.02,862.03,,,,"     ",5.30,110.37,3.72
1771,554739367,"01771M19:50:56.750","01771 19:38:56",212.00,862.03,,,,"     ",5.30,110.83,3.73
1771,554739368,"01771M19:50:57.723","01771 19:38:57",211.98,861.97,,,,"     ",5.30,110.40,3.72
1771,554739369,"01771M19:50:58.696","01771 19:38:58",211.98,861.97,,,,"     ",5.30,110.51,3.72
1771,554739370,"01771M19:50:59.669","01771 19:38:59",211.98,861.98,,,,"     ",5.30,110.41,3.72
1771,554739371,"01771M19:51:00.643","01771 19:39:00",211.98,862.02,,,,"     ",5.30,109.81,3.70
1771,554739372,"01771M19:51:01.616","01771 19:39:01",211.98,862.05,,,,"     ",5.30,110.06,3.71
1771,554739373,"01771M19:51:02.589","01771 19:39:02",211.95,862.03,,,,"     ",5.30,111.06,3.75
1771,554739374,"01771M19:51:03.562","01771 19:39:03",211.92,862.03,,,,"     ",5.30,109.97,3.71
1771,554739375,"01771M19:51:04.536","01771 19:39:04",211.89,862.00,,,,"     ",5.30,110.06,3.71
1771,554739376,"01771M19:51:05.509","01771 19:39:05",211.85,862.05,,,,"     ",5.30,110.98,3.75
1771,554739377,"01771M19:51:06.482","01771 19:39:06",211.82,862.01,,,,"     ",5.30,109.75,3.70
1771,554739378,"01771M19:51:07.455","01771 19:39:07",211.79,861.99,,,,"     ",5.30,109.68,3.70
1771,554739379,"01771M19:51:08.429","01771 19:39:08",211.76,862.03,,,,"     ",5.30,109.89,3.71
1771,554739380,"01771M19:51:09.402","01771 19:39:09",211.73,862.05,,,,"     ",5.30,110.06,3.72
1771,554739381,"01771M19:51:10.375","01771 19:39:10",211.71,862.13,,,,"     ",5.30,109.82,3.71
1771,554739382,"01771M19:51:11.348","01771 19:39:11",211.70,862.09,,,,"     ",5.30,109.99,3.72
1771,554739383,"01771M19:51:12.322","01771 19:39:12",211.69,862.16,,,,"     ",5.30,109.46,3.70
1771,554739384,"01771M19:51:13.295","01771 19:39:13",211.67,862.09,,,,"     ",5.30,109.05,3.69
1771,554739385,"01771M19:51:14.268","01771 19:39:14",211.65,862.15,,,,"     ",5.30,110.58,3.74
1771,554739386,"01771M19:51:15.241","01771 19:39:15",211.61,862.15,,,,"     ",5.30,110.01,3.72
1771,554739387,"01771M19:51:16.215","01771 19:39:16",211.56,862.21,,,,"     ",5.30,110.25,3.73
1771,554739388,"01771M19:51:17.188","01771 19:39:17",211.51,862.20,,,,"     ",5.30,110.16,3.73
1771,554739389,"01771M19:51:18.161","01771 19:39:18",211.47,862.14,,,,"     ",5.30,110.49,3.74
1771,554739390,"01771M19:51:19.134","01771 19:39:19",211.43,862.07,,,,"     ",5.30,109.94,3.72
1771,554739391,"01771M19:51:20.108","01771 19:39:19",211.41,862.11,,,,"     ",5.30,109.67,3.71
1771,554739392,"01771M19:51:21.081","01771 19:39:20",211.41,862.12,,,,"     ",5.30,109.80,3.72
1771,554739393,"01771M19:51:22.054","01771 19:39:21",211.42,862.09,,,,"     ",5.30,110.05,3.73
1771,554739394,"01771M19:51:23.027","01771 19:39:22",211.43,862.18,,,,"     ",5.30,110.42,3.75
1771,554739395,"01771M19:51:24.001","01771 19:39:23",211.46,862.21,,,,"     ",5.30,109.67,3.72
1771,554739396,"01771M19:51:24.974","01771 19:39:24",211.49,862.22,,,,"     ",5.30,110.31,3.74
1771,554739397,"01771M19:51:25.947","01771 19:39:25",211.54,862.29,,,,"     ",5.30,109.67,3.72
1771,554739398,"01771M19:51:26.920","01771 19:39:26",211.59,862.17,,,,"     ",5.30,109.38,3.71
1771,554739399,"01771M19:51:27.894","01771 19:39:27",211.64,862.20,,,,"     ",5.30,109.86,3.73
1771,554739400,"01771M19:51:28.867","01771 19:39:28",211.70,862.12,,,,"     ",5.30,109.91,3.73
1771,554739401,"01771M19:51:29.840","01771 19:39:29",211.75,862.16,,,,"     ",5.30,110.25,3.75
1771,554739402,"01771M19:51:30.813","01771 19:39:30",211.79,862.10,,,,"     ",5.30,109.10,3.71
1771,554739403,"01771M19:51:31.787","01771 19:39:31",211.84,862.14,,,,"     ",5.30,109.75,3.73
1771,554739404,"01771M19:51:32.760","01771 19:39:32",211.88,862.11,,,,"     ",5.30,109.96,3.74
1771,554739405,"01771M19:51:33.733","01771 19:39:33",211.91,862.11,,,,"     ",5.30,109.69,3.73
1771,554739406,"01771M19:51:34.706","01771 19:39:34",211.93,862.12,,,,"     ",5.30,109.58,3.73
1771,554739407,"01771M19:51:35.680","01771 19:39:35",211.94,862.09,,,,"     ",5.30,109.56,3.73
1771,554739408,"01771M19:51:36.653","01771 19:39:36",211.93,862.17,,,,"     ",5.30,110.29,3.76
1771,554739409,"01771M19:51:37.626","01771 19:39:37",211.91,862.06,,,,"     ",5.30,109.58,3.73
1771,554739410,"01771M19:51:38.599","01771 19:39:38",211.88,862.07,,,,"     ",5.30,109.01,3.71
1771,554739411,"01771M19:51:39.573","01771 19:39:39",211.85,862.05,,,,"     ",5.30,108.93,3.71
1771,554739412,"01771M19:51:40.546","01771 19:39:40",211.81,862.12,,,,"     ",5.30,109.84,3.74
1771,554739413,"01771M19:51:41.519","01771 19:39:41",211.77,862.10,,,,"     ",5.30,109.16,3.72
1771,554739414,"01771M19:51:42.492","01771 19:39:42",211.74,862.10,,,,"     ",5.30,108.43,3.70
1771,554739415,"01771M19:51:43.466","01771 19:39:43",211.71,862.18,,,,"     ",5.30,109.38,3.73
1771,554739416,"01771M19:51:44.439","01771 19:39:44",211.69,862.24,,,,"     ",5.30,109.02,3.72
1771,554739417,"01771M19:51:45.412","01771 19:39:45",211.68,862.27,,,,"     ",5.30,109.27,3.73
1771,554739418,"01771M19:51:46.385","01771 19:39:46",211.67,862.26,,,,"     ",5.30,109.70,3.75
1771,554739419,"01771M19:51:47.359","01771 19:39:47",211.67,862.23,,,,"     ",5.30,109.39,3.74
1771,554739420,"01771M19:51:48.332","01771 19:39:48",211.66,862.23,,,,"     ",5.30,108.93,3.72
1771,554739421,"01771M19:51:49.305","01771 19:39:49",211.65,862.25,,,,"     ",5.30,108.80,3.72
1771,554739422,"01771M19:51:50.279","01771 19:39:50",211.65,862.21,,,,"     ",5.30,109.23,3.73
1771,554739423,"01771M19:51:51.252","01771 19:39:51",211.63,862.26,,,,"     ",5.30,108.34,3.70
1771,554739424,"01771M19:51:52.225","01771 19:39:52",211.61,862.26,,,,"     ",5.30,109.63,3.75
1771,554739425,"01771M19:51:53.198","01771 19:39:53",211.59,862.25,,,,"     ",5.30,109.12,3.73
1771,554739426,"01771M19:51:54.172","01771 19:39:54",211.58,862.27,,,,"     ",5.30,108.52,3.71
1771,554739427,"01771M19:51:55.145","01771 19:39:55",211.58,862.22,,,,"     ",5.30,108.75,3.72
1771,554739428,"01771M19:51:56.118","01771 19:39:56",211.58,862.24,,,,"     ",5.30,109.26,3.74
1771,554739429,"01771M19:51:57.091","01771 19:39:56",211.59,862.22,,,,"     ",5.30,108.36,3.71
1771,554739430,"01771M19:51:58.065","01771 19:39:57",211.60,862.23,,,,"     ",5.30,109.45,3.75
1771,554739431,"01771M19:51:59.038","01771 19:39:58",211.61,862.13,,,,"     ",5.30,109.58,3.75
1771,554739432,"01771M19:52:00.011","01771 19:39:59",211.61,862.10,,,,"     ",5.30,108.37,3.71
1771,554739433,"01771M19:52:00.984","01771 19:40:00",211.60,862.06,,,,"     ",5.30,108.58,3.72
1771,554739434,"01771M19:52:01.958","01771 19:40:01",211.58,862.21,,,,"     ",5.30,109.93,3.77
1771,554739435,"01771M19:52:02.931","01771 19:40:02",211.56,862.20,,,,"     ",5.30,108.69,3.73
1771,554739436,"01771M19:52:03.904","01771 19:40:03",211.53,862.30,,,,"     ",5.30,109.42,3.75
1771,554739437,"01771M19:52:04.877","01771 19:40:04",211.50,862.27,,,,"     ",5.30,108.44,3.72
1771,554739438,"01771M19:52:05.851","01771 19:40:05",211.47,862.33,,,,"     ",5.30,108.95,3.74
1771,554739439,"01771M19:52:06.824","01771 19:40:06",211.44,862.30,,,,"     ",5.30,108.32,3.72
1771,554739440,"01771M19:52:07.797","01771 19:40:07",211.40,862.27,,,,"     ",5.30,109.18,3.75
1771,554739441,"01771M19:52:08.770","01771 19:40:08",211.35,862.22,,,,"     ",5.30,109.27,3.75
1771,554739442,"01771M19:52:09.744","01771 19:40:09",211.29,862.29,,,,"     ",5.30,109.67,3.77
1771,554739443,"01771M19:52:10.717","01771 19:40:10",211.24,862.22,,,,"     ",5.30,109.49,3.76
1771,554739444,"01771M19:52:11.690","01771 19:40:11",211.18,862.36,,,,"     ",5.30,109.40,3.76
1771,554739445,"01771M19:52:12.663","01771 19:40:12",211.14,862.26,,,,"     ",5.30,109.37,3.76
1771,554739446,"01771M19:52:13.637","01771 19:40:13",211.09,862.28,,,,"     ",5.30,108.46,3.73
1771,554739447,"01771M19:52:14.610","01771 19:40:14",211.06,862.32,,,,"     ",5.30,109.54,3.77
1771,554739448,"01771M19:52:15.583","01771 19:40:15",211.02,862.28,,,,"     ",5.30,109.11,3.75
1771,554739449,"01771M19:52:16.556","01771 19:40:16",211.00,862.29,,,,"     ",5.30,108.85,3.74
1771,554739450,"01771M19:52:17.530","01771 19:40:17",210.98,862.25,,,,"     ",5.30,108.74,3.74
1771,554739451,"01771M19:52:18.503","01771 19:40:18",210.98,862.30,,,,"     ",5.30,108.82,3.74
1771,554739452,"01771M19:52:19.476","01771 19:40:19",210.99,862.39,,,,"     ",5.30,108.74,3.74
1771,554739453,"01771M19:52:20.449","01771 19:40:20",211.01,862.34,,,,"     ",5.30,109.23,3.76
1771,554739454,"01771M19:52:21.423","01771 19:40:21",211.05,862.35,,,,"     ",5.30,108.93,3.75
1771,554739455,"01771M19:52:22.396","01771 19:40:22",211.09,862.29,,,,"     ",5.30,108.62,3.74
1771,554739456,"01771M19:52:23.369","01771 19:40:23",211.14,862.31,,,,"     ",5.30,108.66,3.74
1771,554739457,"01771M19:52:24.342","01771 19:40:24",211.20,862.42,,,,"     ",5.30,108.62,3.74
1771,554739458,"01771M19:52:25.316","01771 19:40:25",211.25,862.34,,,,"     ",5.30,109.04,3.76
1771,554739459,"01771M19:52:26.289","01771 19:40:26",211.31,862.35,,,,"     ",5.30,108.45,3.74
1771,554739460,"01771M19:52:27.262","01771 19:40:27",211.35,862.32,,,,"     ",5.30,108.38,3.74
1771,554739461,"01771M19:52:28.235","01771 19:40:28",211.38,862.26,,,,"     ",5.30,108.53,3.74
1771,554739462,"01771M19:52:29.209","01771 19:40:29",211.39,862.30,,,,"     ",5.30,108.45,3.74
1771,554739463,"01771M19:52:30.182","01771 19:40:30",211.40,862.31,,,,"     ",5.30,108.88,3.76
1771,554739464,"01771M19:52:31.155","01771 19:40:31",211.39,862.33,,,,"     ",5.30,107.58,3.71
1771,554739465,"01771M19:52:32.128","01771 19:40:32",211.38,862.38,,,,"     ",5.30,107.91,3.73
1771,554739466,"01771M19:52:33.102","01771 19:40:33",211.36,862.36,,,,"     ",5.30,108.51,3.75
1771,554739467,"01771M19:52:34.075","01771 19:40:33",211.33,862.35,,,,"     ",5.30,108.14,3.74
1771,554739468,"01771M19:52:35.048","01771 19:40:34",211.31,862.27,,,,"     ",5.30,108.46,3.75
1771,554739469,"01771M19:52:36.021","01771 19:40:35",211.27,862.29,,,,"     ",5.30,107.88,3.73
1771,554739470,"01771M19:52:36.995","01771 19:40:36",211.24,862.37,,,,"     ",5.30,108.78,3.76
1771,554739471,"01771M19:52:37.968","01771 19:40:37",211.21,862.37,,,,"     ",5.30,108.01,3.73
1771,554739472,"01771M19:52:38.941","01771 19:40:38",211.19,862.36,,,,"     ",5.30,108.70,3.76
1771,554739473,"01771M19:52:39.914","01771 19:40:39",211.17,862.40,,,,"     ",5.30,107.82,3.73
1771,554739474,"01771M19:52:40.888","01771 19:40:40",211.16,862.35,,,,"     ",5.30,107.94,3.74
1771,554739475,"01771M19:52:41.861","01771 19:40:41",211.15,862.47,,,,"     ",5.30,108.12,3.74
1771,554739476,"01771M19:52:42.834","01771 19:40:42",211.14,862.35,,,,"     ",5.30,107.75,3.73
1771,554739477,"01771M19:52:43.807","01771 19:40:43",211.14,862.44,,,,"     ",5.30,108.04,3.74
1771,554739478,"01771M19:52:44.781","01771 19:40:44",211.13,862.40,,,,"     ",5.30,107.85,3.74
1771,554739479,"01771M19:52:45.754","01771 19:40:45",211.12,862.42,,,,"     ",5.30,107.46,3.72
1771,554739480,"01771M19:52:46.727","01771 19:40:46",211.13,862.32,,,,"     ",5.30,108.36,3.76
1771,554739481,"01771M19:52:47.700","01771 19:40:47",211.14,862.35,,,,"     ",5.30,107.97,3.75
1771,554739482,"01771M19:52:48.674","01771 19:40:48",211.15,862.37,,,,"     ",5.30,107.42,3.73
1771,554739483,"01771M19:52:49.647","01771 19:40:49",211.17,862.34,,,,"     ",5.30,108.21,3.75
1771,554739484,"01771M19:52:50.620","01771 19:40:50",211.18,862.33,,,,"     ",5.30,107.67,3.74
1771,554739485,"01771M19:52:51.593","01771 19:40:51",211.19,862.23,,,,"     ",5.30,107.80,3.74
1771,554739486,"01771M19:52:52.567","01771 19:40:52",211.19,862.28,,,,"     ",5.30,107.46,3.73
1771,554739487,"01771M19:52:53.540","01771 19:40:53",211.18,862.36,,,,"     ",5.30,108.17,3.76
1771,554739488,"01771M19:52:54.513","01771 19:40:54",211.17,862.41,,,,"     ",5.30,108.14,3.76
1771,554739489,"01771M19:52:55.486","01771 19:40:55",211.15,862.38,,,,"     ",5.30,108.08,3.76
1771,554739490,"01771M19:52:56.460","01771 19:40:56",211.12,862.42,,,,"     ",5.30,107.78,3.75
1771,554739491,"01771M19:52:57.433","01771 19:40:57",211.09,862.56,,,,"     ",5.30,107.67,3.74
1771,554739492,"01771M19:52:58.406","01771 19:40:58",211.05,862.50,,,,"     ",5.30,107.65,3.74
1771,554739493,"01771M19:52:59.380","01771 19:40:59",211.01,862.41,,,,"     ",5.30,107.71,3.75
1771,554739494,"01771M19:53:00.353","01771 19:41:00",210.97,862.52,,,,"     ",5.30,107.43,3.74
1771,554739495,"01771M19:53:01.326","01771 19:41:01",210.93,862.51,,,,"     ",5.30,107.32,3.74
1771,554739496,"01771M19:53:02.299","01771 19:41:02",210.89,862.54,,,,"     ",5.30,106.94,3.72
1771,554739497,"01771M19:53:03.273","01771 19:41:03",210.85,862.51,,,,"     ",5.30,107.74,3.75
1771,554739498,"01771M19:53:04.246","01771 19:41:04",210.82,862.44,,,,"     ",5.30,107.60,3.75
1771,554739499,"01771M19:53:05.219","01771 19:41:05",210.80,862.45,,,,"     ",5.30,106.47,3.71
1771,554739500,"01771M19:53:06.192","01771 19:41:06",210.79,862.48,,,,"     ",5.30,107.31,3.74
1771,554739501,"01771M19:53:07.166","01771 19:41:07",210.80,862.40,,,,"     ",5.30,107.52,3.75
1771,554739502,"01771M19:53:08.139","01771 19:41:08",210.81,862.49,,,,"     ",5.30,106.65,3.72
1771,554739503,"01771M19:53:09.112","01771 19:41:09",210.83,862.39,,,,"     ",5.30,107.18,3.74
1771,554739504,"01771M19:53:10.085","01771 19:41:09",210.86,862.39,,,,"     ",5.30,107.08,3.74
1771,554739505,"01771M19:53:11.059","01771 19:41:10",210.89,862.42,,,,"     ",5.30,106.86,3.73
1771,554739506,"01771M19:53:12.032","01771 19:41:11",210.92,862.47,,,,"     ",5.30,106.90,3.73
1771,554739507,"01771M19:53:13.005","01771 19:41:12",210.95,862.41,,,,"     ",5.30,107.06,3.74
1771,554739508,"01771M19:53:13.978","01771 19:41:13",210.98,862.45,,,,"     ",5.30,106.87,3.73
1771,554739509,"01771M19:53:14.952","01771 19:41:14",211.02,862.47,,,,"     ",5.30,106.46,3.72
1771,554739510,"01771M19:53:15.925","01771 19:41:15",211.05,862.49,,,,"     ",5.30,107.09,3.74
1771,554739511,"01771M19:53:16.898","01771 19:41:16",211.07,862.44,,,,"     ",5.30,106.67,3.73
1771,554739512,"01771M19:53:17.871","01771 19:41:17",211.08,862.52,,,,"     ",5.30,107.11,3.75
1771,554739513,"01771M19:53:18.845","01771 19:41:18",211.08,862.54,,,,"     ",5.30,106.21,3.72
1771,554739514,"01771M19:53:19.818","01771 19:41:19",211.08,862.54,,,,"     ",5.30,106.58,3.73
1771,554739515,"01771M19:53:20.791","01771 19:41:20",211.08,862.67,,,,"     ",5.30,107.36,3.76
1771,554739516,"01771M19:53:21.764","01771 19:41:21",211.07,862.60,,,,"     ",5.30,107.72,3.77
1771,554739517,"01771M19:53:22.738","01771 19:41:22",211.06,862.52,,,,"     ",5.30,106.77,3.74
1771,554739518,"01771M19:53:23.711","01771 19:41:23",211.04,862.50,,,,"     ",5.30,107.13,3.75
1771,554739519,"01771M19:53:24.684","01771 19:41:24",211.01,862.53,,,,"     ",5.30,106.98,3.75
1771,554739520,"01771M19:53:25.657","01771 19:41:25",210.98,862.51,,,,"     ",5.30,107.12,3.76
1771,554739521,"01771M19:53:26.631","01771 19:41:26",210.96,862.52,,,,"     ",5.30,106.82,3.75
1771,554739522,"01771M19:53:27.604","01771 19:41:27",210.93,862.49,,,,"     ",5.30,106.00,3.72
1771,554739523,"01771M19:53:28.577","01771 19:41:28",210.90,862.56,,,,"     ",5.30,106.38,3.73
1771,554739524,"01771M19:53:29.550","01771 19:41:29",210.88,862.59,,,,"     ",5.30,107.05,3.76
1771,554739525,"01771M19:53:30.524","01771 19:41:30",210.87,862.54,,,,"     ",5.30,106.54,3.74
1771,554739526,"01771M19:53:31.497","01771 19:41:31",210.87,862.60,,,,"     ",5.30,106.93,3.76
1771,554739527,"01771M19:53:32.470","01771 19:41:32",210.88,862.57,,,,"     ",5.30,106.83,3.75
1771,554739528,"01771M19:53:33.443","01771 19:41:33",210.90,862.58,,,,"     ",5.30,107.17,3.77
1771,554739529,"01771M19:53:34.417","01771 19:41:34",210.93,862.52,,,,"     ",5.30,106.96,3.76
1771,554739530,"01771M19:53:35.390","01771 19:41:35",210.96,862.51,,,,"     ",5.30,106.93,3.76
1771,554739531,"01771M19:53:36.363","01771 19:41:36",210.99,862.57,,,,"     ",5.30,106.54,3.74
1771,554739532,"01771M19:53:37.336","01771 19:41:37",211.02,862.54,,,,"     ",5.30,106.91,3.76
1771,554739533,"01771M19:53:38.310","01771 19:41:38",211.03,862.56,,,,"     ",5.30,107.09,3.77
1771,554739534,"01771M19:53:39.283","01771 19:41:39",211.04,862.51,,,,"     ",5.30,106.63,3.75
1771,554739535,"01771M19:53:40.256","01771 19:41:40",211.04,862.53,,,,"     ",5.30,107.11,3.77
1771,554739536,"01771M19:53:41.229","01771 19:41:41",211.04,862.54,,,,"     ",5.30,106.48,3.75
1771,554739537,"01771M19:53:42.203","01771 19:41:42",211.03,862.52,,,,"     ",5.30,106.52,3.75
1771,554739538,"01771M19:53:43.176","01771 19:41:43",211.03,862.47,,,,"     ",5.30,106.52,3.75
1771,554739539,"01771M19:53:44.149","01771 19:41:44",211.02,862.51,,,,"     ",5.30,106.60,3.76
1771,554739540,"01771M19:53:45.122","01771 19:41:45",211.02,862.59,,,,"     ",5.30,106.83,3.77
1771,554739541,"01771M19:53:46.096","01771 19:41:46",211.02,862.60,,,,"     ",5.30,106.37,3.75
1771,554739542,"01771M19:53:47.069","01771 19:41:46",211.02,862.62,,,,"     ",5.30,106.97,3.77
1771,554739543,"01771M19:53:48.042","01771 19:41:47",211.03,862.62,,,,"     ",5.30,106.69,3.76
1771,554739544,"01771M19:53:49.015","01771 19:41:48",211.04,862.58,,,,"     ",5.30,106.15,3.74
1771,554739545,"01771M19:53:49.989","01771 19:41:49",211.06,862.58,,,,"     ",5.30,106.91,3.77
1771,554739546,"01771M19:53:50.962","01771 19:41:50",211.09,862.55,,,,"     ",5.30,106.30,3.75
1771,554739547,"01771M19:53:51.935","01771 19:41:51",211.12,862.58,,,,"     ",5.30,106.42,3.76
1771,554739548,"01771M19:53:52.908","01771 19:41:52",211.16,862.66,,,,"     ",5.30,106.76,3.77
1771,554739549,"01771M19:53:53.882","01771 19:41:53",211.19,862.61,,,,"     ",5.30,106.25,3.75
1771,554739550,"01771M19:53:54.855","01771 19:41:54",211.22,862.73,,,,"     ",5.30,106.36,3.76
1771,554739551,"01771M19:53:55.828","01771 19:41:55",211.27,862.67,,,,"     ",5.30,106.58,3.77
1771,554739552,"01771M19:53:56.801","01771 19:41:56",211.31,862.69,,,,"     ",5.30,106.04,3.75
1771,554739553,"01771M19:53:57.775","01771 19:41:57",211.36,862.60,,,,"     ",5.30,106.44,3.76
1771,554739554,"01771M19:53:58.748","01771 19:41:58",211.40,862.66,,,,"     ",5.30,106.44,3.76
1771,554739555,"01771M19:53:59.721","01771 19:41:59",211.43,862.65,,,,"     ",5.30,106.34,3.76
1771,554739556,"01771M19:54:00.694","01771 19:42:00",211.45,862.67,,,,"     ",5.30,106.46,3.77
1771,554739557,"01771M19:54:01.668","01771 19:42:01",211.45,862.65,,,,"     ",5.30,106.32,3.76
1771,554739558,"01771M19:54:02.641","01771 19:42:02",211.43,862.67,,,,"     ",5.30,105.81,3.75
1771,554739559,"01771M19:54:03.614","01771 19:42:03",211.40,862.63,,,,"     ",5.30,106.89,3.79
1771,554739560,"01771M19:54:04.587","01771 19:42:04",211.36,862.64,,,,"     ",5.30,106.57,3.78
1771,554739561,"01771M19:54:05.561","01771 19:42:05",211.30,862.60,,,,"     ",5.30,107.01,3.79
1771,554739562,"01771M19:54:06.534","01771 19:42:06",211.24,862.60,,,,"     ",5.30,106.13,3.76
1771,554739563,"01771M19:54:07.507","01771 19:42:07",211.18,862.68,,,,"     ",5.30,106.14,3.76
1771,554739564,"01771M19:54:08.481","01771 19:42:08",211.13,862.65,,,,"     ",5.30,106.07,3.76
1771,554739565,"01771M19:54:09.454","01771 19:42:09",211.09,862.73,,,,"     ",5.30,106.07,3.76
1771,554739566,"01771M19:54:10.427","01771 19:42:10",211.06,862.68,,,,"     ",5.30,106.50,3.78
1771,554739567,"01771M19:54:11.400","01771 19:42:11",211.03,862.68,,,,"     ",5.30,105.65,3.75
1771,554739568,"01771M19:54:12.374","01771 19:42:12",211.01,862.67,,,,"     ",5.30,106.25,3.77
1771,554739569,"01771M19:54:13.347","01771 19:42:13",211.00,862.69,,,,"     ",5.30,106.24,3.77
1771,554739570,"01771M19:54:14.320","01771 19:42:14",210.99,862.73,,,,"     ",5.30,105.88,3.76
1771,554739571,"01771M19:54:15.293","01771 19:42:15",210.99,862.68,,,,"     ",5.30,105.97,3.76
1771,554739572,"01771M19:54:16.267","01771 19:42:16",211.00,862.66,,,,"     ",5.30,106.03,3.77
1771,554739573,"01771M19:54:17.240","01771 19:42:17",211.03,862.63,,,,"     ",5.30,106.30,3.78
1771,554739574,"01771M19:54:18.213","01771 19:42:18",211.07,862.65,,,,"     ",5.30,105.84,3.76
1771,554739575,"01771M19:54:19.186","01771 19:42:19",211.12,862.68,,,,"     ",5.30,106.35,3.78
1771,554739576,"01771M19:54:20.160","01771 19:42:20",211.18,862.69,,,,"     ",5.30,106.39,3.78
1771,554739577,"01771M19:54:21.133","01771 19:42:21",211.24,862.71,,,,"     ",5.30,105.79,3.76
1771,554739578,"01771M19:54:22.106","01771 19:42:22",211.28,862.75,,,,"     ",5.30,106.02,3.77
1771,554739579,"01771M19:54:23.079","01771 19:42:23",211.32,862.71,,,,"     ",5.30,105.98,3.77
1771,554739580,"01771M19:54:24.053","01771 19:42:23",211.35,862.66,,,,"     ",5.30,106.48,3.79
1771,554739581,"01771M19:54:25.026","01771 19:42:24",211.37,862.69,,,,"     ",5.30,106.17,3.78
1771,554739582,"01771M19:54:25.999","01771 19:42:25",211.38,862.76,,,,"     ",5.30,106.44,3.79
1771,554739583,"01771M19:54:26.972","01771 19:42:26",211.38,862.75,,,,"     ",5.30,105.57,3.76
1771,554739584,"01771M19:54:27.946","01771 19:42:27",211.38,862.75,,,,"     ",5.30,105.48,3.76
1771,554739585,"01771M19:54:28.919","01771 19:42:28",211.37,862.74,,,,"     ",5.30,105.85,3.77
1771,554739586,"01771M19:54:29.892","01771 19:42:29",211.36,862.69,,,,"     ",5.30,105.82,3.77
1771,554739587,"01771M19:54:30.865","01771 19:42:30",211.34,862.72,,,,"     ",5.30,106.14,3.78
1771,554739588,"01771M19:54:31.839","01771 19:42:31",211.31,862.65,,,,"     ",5.30,106.50,3.80
1771,554739589,"01771M19:54:32.812","01771 19:42:32",211.28,862.72,,,,"     ",5.30,106.10,3.78
1771,554739590,"01771M19:54:33.785","01771 19:42:33",211.25,862.74,,,,"     ",5.30,106.31,3.79
1771,554739591,"01771M19:54:34.758","01771 19:42:34",211.21,862.73,,,,"     ",5.30,106.86,3.81
1771,554739592,"01771M19:54:35.732","01771 19:42:35",211.18,862.68,,,,"     ",5.30,106.38,3.80
1771,554739593,"01771M19:54:36.705","01771 19:42:36",211.14,862.70,,,,"     ",5.30,106.33,3.80
1771,554739594,"01771M19:54:37.678","01771 19:42:37",211.10,862.77,,,,"     ",5.30,106.34,3.80
1771,554739595,"01771M19:54:38.651","01771 19:42:38",211.07,862.70,,,,"     ",5.30,106.60,3.81
1771,554739596,"01771M19:54:39.625","01771 19:42:39",211.04,862.76,,,,"     ",5.30,106.40,3.80
1771,554739597,"01771M19:54:40.598","01771 19:42:40",211.01,862.77,,,,"     ",5.30,106.06,3.79
1771,554739598,"01771M19:54:41.571","01771 19:42:41",211.00,862.77,,,,"     ",5.30,106.41,3.80
1771,554739599,"01771M19:54:42.544","01771 19:42:42",210.99,862.76,,,,"     ",5.30,105.65,3.78
1771,554739600,"01771M19:54:43.518","01771 19:42:43",210.99,862.74,,,,"     ",5.30,105.81,3.78
1771,554739601,"01771M19:54:44.491","01771 19:42:44",210.98,862.78,,,,"     ",5.30,106.36,3.80
1771,554739602,"01771M19:54:45.464","01771 19:42:45",210.99,862.78,,,,"     ",5.30,106.48,3.81
1771,554739603,"01771M19:54:46.437","01771 19:42:46",210.99,862.70,,,,"     ",5.30,106.05,3.80
1771,554739604,"01771M19:54:47.411","01771 19:42:47",210.99,862.79,,,,"     ",5.30,105.88,3.79
1771,554739605,"01771M19:54:48.384","01771 19:42:48",210.99,862.76,,,,"     ",5.30,105.87,3.79
1771,554739606,"01771M19:54:49.357","01771 19:42:49",210.98,862.73,,,,"     ",5.30,105.98,3.79
1771,554739607,"01771M19:54:50.330","01771 19:42:50",210.97,862.80,,,,"     ",5.30,106.60,3.82
1771,554739608,"01771M19:54:51.304","01771 19:42:51",210.96,862.78,,,,"     ",5.30,105.22,3.77
1771,554739609,"01771M19:54:52.277","01771 19:42:52",210.95,862.75,,,,"     ",5.30,105.62,3.78
1771,554739610,"01771M19:54:53.250","01771 19:42:53",210.94,862.81,,,,"     ",5.30,106.05,3.80
1771,554739611,"01771M19:54:54.223","01771 19:42:54",210.94,862.77,,,,"     ",5.30,105.25,3.77
1771,554739612,"01771M19:54:55.197","01771 19:42:55",210.95,862.83,,,,"     ",5.30,105.37,3.78
1771,554739613,"01771M19:54:56.170","01771 19:42:56",210.96,862.75,,,,"     ",5.30,105.50,3.78
1771,554739614,"01771M19:54:57.143","01771 19:42:57",210.97,862.86,,,,"     ",5.30,106.03,3.80
1771,554739615,"01771M19:54:58.116","01771 19:42:58",210.98,862.84,,,,"     ",5.30,105.44,3.78
1771,554739616,"01771M19:54:59.090","01771 19:42:59",210.99,862.73,,,,"     ",5.30,107.24,3.85
1771,554739617,"01771M19:55:00.063","01771 19:42:59",211.00,862.87,,,,"     ",5.30,105.84,3.80
1771,554739618,"01771M19:55:01.036","01771 19:43:00",211.01,862.91,,,,"     ",5.30,105.18,3.78
1771,554739619,"01771M19:55:02.009","01771 19:43:01",211.03,862.94,,,,"     ",5.30,105.57,3.79
1771,554739620,"01771M19:55:02.983","01771 19:43:02",211.05,862.87,,,,"     ",5.30,105.55,3.79
1771,554739621,"01771M19:55:03.956","01771 19:43:03",211.09,862.88,,,,"     ",5.30,105.45,3.79
1771,554739622,"01771M19:55:04.929","01771 19:43:04",211.13,862.95,,,,"     ",5.30,105.79,3.80
1771,554739623,"01771M19:55:05.902","01771 19:43:05",211.18,862.83,,,,"     ",5.30,105.01,3.78
1771,554739624,"01771M19:55:06.876","01771 19:43:06",211.23,862.80,,,,"     ",5.30,106.08,3.82
1771,554739625,"01771M19:55:07.849","01771 19:43:07",211.27,862.87,,,,"     ",5.30,104.98,3.78
1771,554739626,"01771M19:55:08.822","01771 19:43:08",211.31,862.84,,,,"     ",5.30,105.19,3.79
1771,554739627,"01771M19:55:09.795","01771 19:43:09",211.33,862.87,,,,"     ",5.30,105.69,3.80
1771,554739628,"01771M19:55:10.769","01771 19:43:10",211.35,862.92,,,,"     ",5.30,105.59,3.80
1771,554739629,"01771M19:55:11.742","01771 19:43:11",211.36,862.93,,,,"     ",5.30,105.76,3.81
1771,554739630,"01771M19:55:12.715","01771 19:43:12",211.35,862.84,,,,"     ",5.30,105.43,3.80
1771,554739631,"01771M19:55:13.688","01771 19:43:13",211.34,862.82,,,,"     ",5.30,105.50,3.80
1771,554739632,"01771M19:55:14.662","01771 19:43:14",211.32,862.89,,,,"     ",5.30,105.24,3.79
1771,554739633,"01771M19:55:15.635","01771 19:43:15",211.30,862.87,,,,"     ",5.30,105.39,3.80
1771,554739634,"01771M19:55:16.608","01771 19:43:16",211.28,862.88,,,,"     ",5.30,106.04,3.82
1771,554739635,"01771M19:55:17.581","01771 19:43:17",211.27,862.92,,,,"     ",5.30,105.18,3.79
1771,554739636,"01771M19:55:18.555","01771 19:43:18",211.27,862.92,,,,"     ",5.30,105.67,3.81
1771,554739637,"01771M19:55:19.528","01771 19:43:19",211.27,862.92,,,,"     ",5.30,105.90,3.82
1771,554739638,"01771M19:55:20.501","01771 19:43:20",211.28,862.94,,,,"     ",5.30,104.27,3.76
1771,554739639,"01771M19:55:21.475","01771 19:43:21",211.30,862.89,,,,"     ",5.30,105.93,3.82
1771,554739640,"01771M19:55:22.448","01771 19:43:22",211.31,862.91,,,,"     ",5.30,105.03,3.79
1771,554739641,"01771M19:55:23.421","01771 19:43:23",211.31,862.88,,,,"     ",5.30,105.34,3.80
1771,554739642,"01771M19:55:24.394","01771 19:43:24",211.29,862.86,,,,"     ",5.30,104.76,3.78
1771,554739643,"01771M19:55:25.368","01771 19:43:25",211.26,862.77,,,,"     ",5.30,104.97,3.79
1771,554739644,"01771M19:55:26.341","01771 19:43:26",211.24,862.91,,,,"     ",5.30,104.94,3.79
1771,554739645,"01771M19:55:27.314","01771 19:43:27",211.20,862.90,,,,"     ",5.30,104.95,3.79
1771,554739646,"01771M19:55:28.287","01771 19:43:28",211.17,862.87,,,,"     ",5.30,104.77,3.79
1771,554739647,"01771M19:55:29.261","01771 19:43:29",211.14,862.89,,,,"     ",5.30,105.00,3.80
1771,554739648,"01771M19:55:30.234","01771 19:43:30",211.10,862.91,,,,"     ",5.30,104.32,3.77
1771,554739649,"01771M19:55:31.207","01771 19:43:31",211.06,862.93,,,,"     ",5.30,104.77,3.79
1771,554739650,"01771M19:55:32.180","01771 19:43:32",211.02,862.84,,,,"     ",5.30,104.52,3.78
1771,554739651,"01771M19:55:33.154","01771 19:43:33",210.98,862.98,,,,"     ",5.30,105.06,3.80
1771,554739652,"01771M19:55:34.127","01771 19:43:34",210.93,862.97,,,,"     ",5.30,104.77,3.79
1771,554739653,"01771M19:55:35.100","01771 19:43:35",210.88,862.98,,,,"     ",5.30,104.24,3.77
1771,554739654,"01771M19:55:36.073","01771 19:43:36",210.83,863.03,,,,"     ",5.30,105.20,3.81
1771,554739655,"01771M19:55:37.047","01771 19:43:36",210.77,863.09,,,,"     ",5.30,105.34,3.82
1771,554739656,"01771M19:55:38.020","01771 19:43:37",210.70,863.01,,,,"     ",5.30,104.68,3.79
1771,554739657,"01771M19:55:38.993","01771 19:43:38",210.64,863.08,,,,"     ",5.30,104.34,3.78
1771,554739658,"01771M19:55:39.966","01771 19:43:39",210.57,863.01,,,,"     ",5.30,104.58,3.79
1771,554739659,"01771M19:55:40.940","01771 19:43:40",210.49,863.02,,,,"     ",5.30,103.91,3.77
1771,554739660,"01771M19:55:41.913","01771 19:43:41",211.29,862.98,,,,"     ",5.30,104.19,3.78
1771,554739661,"01771M19:55:42.886","01771 19:43:42",211.20,862.92,,,,"     ",5.30,103.93,3.77
1771,554739662,"01771M19:55:43.859","01771 19:43:43",211.13,862.95,,,,"     ",5.30,104.28,3.78
1771,554739663,"01771M19:55:44.833","01771 19:43:44",211.06,863.04,,,,"     ",5.30,104.25,3.79
1771,554739664,"01771M19:55:45.806","01771 19:43:45",211.01,863.00,,,,"     ",5.30,103.78,3.77
1771,554739665,"01771M19:55:46.779","01771 19:43:46",210.97,863.05,,,,"     ",5.30,104.91,3.81
1771,554739666,"01771M19:55:47.752","01771 19:43:47",210.94,863.03,,,,"     ",5.30,104.89,3.81
1771,554739667,"01771M19:55:48.726","01771 19:43:48",210.92,863.09,,,,"     ",5.30,104.24,3.79
1771,554739668,"01771M19:55:49.699","01771 19:43:49",210.91,863.02,,,,"     ",5.30,103.86,3.77
1771,554739669,"01771M19:55:50.672","01771 19:43:50",210.91,862.99,,,,"     ",5.30,103.78,3.77
1771,554739670,"01771M19:55:51.645","01771 19:43:51",210.92,863.04,,,,"     ",5.30,103.77,3.77
1771,554739671,"01771M19:55:52.619","01771 19:43:52",210.93,863.00,,,,"     ",5.30,103.98,3.78
1771,554739672,"01771M19:55:53.592","01771 19:43:53",210.96,862.99,,,,"     ",5.30,103.70,3.77
1771,554739673,"01771M19:55:54.565","01771 19:43:54",211.01,863.05,,,,"     ",5.30,104.67,3.81
1771,554739674,"01771M19:55:55.538","01771 19:43:55",211.07,863.04,,,,"     ",5.30,104.05,3.79
1771,554739675,"01771M19:55:56.512","01771 19:43:56",211.12,863.01,,,,"     ",5.30,104.21,3.80
1771,554739676,"01771M19:55:57.485","01771 19:43:57",211.15,862.92,,,,"     ",5.30,103.88,3.78
1771,554739677,"01771M19:55:58.458","01771 19:43:58",211.17,863.02,,,,"     ",5.30,104.71,3.82
1771,554739678,"01771M19:55:59.431","01771 19:43:59",211.18,863.09,,,,"     ",5.30,104.71,3.82
1771,554739679,"01771M19:56:00.405","01771 19:44:00",211.19,863.13,,,,"     ",5.30,104.70,3.82
1771,554739680,"01771M19:56:01.378","01771 19:44:01",211.18,863.13,,,,"     ",5.30,103.89,3.79
1771,554739681,"01771M19:56:02.351","01771 19:44:02",211.17,863.11,,,,"     ",5.30,104.01,3.79
1771,554739682,"01771M19:56:03.324","01771 19:44:03",211.16,863.06,,,,"     ",5.30,104.35,3.80
1771,554739683,"01771M19:56:04.298","01771 19:44:04",211.17,863.09,,,,"     ",5.30,104.38,3.81
1771,554739684,"01771M19:56:05.271","01771 19:44:05",211.19,863.03,,,,"     ",5.30,103.98,3.79
1771,554739685,"01771M19:56:06.244","01771 19:44:06",211.22,863.04,,,,"     ",5.30,103.44,3.77
1771,554739686,"01771M19:56:07.217","01771 19:44:07",211.27,863.09,,,,"     ",5.30,103.55,3.78
1771,554739687,"01771M19:56:08.191","01771 19:44:08",211.32,863.11,,,,"     ",5.30,103.63,3.78
1771,554739688,"01771M19:56:09.164","01771 19:44:09",211.37,863.11,,,,"     ",5.30,103.89,3.80
1771,554739689,"01771M19:56:10.137","01771 19:44:10",211.40,863.11,,,,"     ",5.30,103.36,3.77
1771,554739690,"01771M19:56:11.110","01771 19:44:11",211.42,863.08,,,,"     ",5.30,103.36,3.78
1771,554739691,"01771M19:56:12.084","01771 19:44:12",211.41,863.18,,,,"     ",5.30,103.12,3.77
1771,554739692,"01771M19:56:13.057","01771 19:44:13",211.39,863.12,,,,"     ",5.30,103.57,3.79
1771,554739693,"01771M19:56:14.030","01771 19:44:13",211.37,863.11,,,,"     ",5.30,104.37,3.82
1771,554739694,"01771M19:56:15.003","01771 19:44:14",211.35,863.11,,,,"     ",5.30,103.17,3.77
1771,554739695,"01771M19:56:15.977","01771 19:44:15",211.31,863.15,,,,"     ",5.30,103.44,3.78
1771,554739696,"01771M19:56:16.950","01771 19:44:16",211.28,863.12,,,,"     ",5.30,103.61,3.79
1771,554739697,"01771M19:56:17.923","01771 19:44:17",211.25,863.13,,,,"     ",5.30,104.06,3.81
1771,554739698,"01771M19:56:18.896","01771 19:44:18",211.24,863.07,,,,"     ",5.30,104.19,3.81
1771,554739699,"01771M19:56:19.870","01771 19:44:19",211.24,863.18,,,,"     ",5.30,104.71,3.83
1771,554739700,"01771M19:56:20.843","01771 19:44:20",211.25,863.21,,,,"     ",5.30,103.22,3.78
1771,554739701,"01771M19:56:21.816","01771 19:44:21",211.27,863.21,,,,"     ",5.30,103.82,3.80
1771,554739702,"01771M19:56:22.789","01771 19:44:22",211.29,863.25,,,,"     ",5.30,103.60,3.80
1771,554739703,"01771M19:56:23.763","01771 19:44:23",211.31,863.15,,,,"     ",5.30,103.20,3.78
1771,554739704,"01771M19:56:24.736","01771 19:44:24",211.32,863.15,,,,"     ",5.30,103.32,3.79
1771,554739705,"01771M19:56:25.709","01771 19:44:25",211.31,863.23,,,,"     ",5.30,102.94,3.77
1771,554739706,"01771M19:56:26.682","01771 19:44:26",211.30,863.15,,,,"     ",5.30,103.60,3.80
1771,554739707,"01771M19:56:27.656","01771 19:44:27",211.29,863.13,,,,"     ",5.30,103.84,3.81
1771,554739708,"01771M19:56:28.629","01771 19:44:28",211.28,863.09,,,,"     ",5.30,104.18,3.82
1771,554739709,"01771M19:56:29.602","01771 19:44:29",211.27,863.03,,,,"     ",5.30,104.09,3.82
1771,554739710,"01771M19:56:30.576","01771 19:44:30",211.25,863.07,,,,"     ",5.30,103.00,3.78
1771,554739711,"01771M19:56:31.549","01771 19:44:31",211.22,863.12,,,,"     ",5.30,103.70,3.81
1771,554739712,"01771M19:56:32.522","01771 19:44:32",211.21,863.19,,,,"     ",5.30,103.39,3.80
1771,554739713,"01771M19:56:33.495","01771 19:44:33",211.20,863.11,,,,"     ",5.30,104.04,3.82
1771,554739714,"01771M19:56:34.469","01771 19:44:34",211.20,863.04,,,,"     ",5.30,103.79,3.81
1771,554739715,"01771M19:56:35.442","01771 19:44:35",211.21,863.01,,,,"     ",5.30,104.21,3.83
1771,554739716,"01771M19:56:36.415","01771 19:44:36",211.21,863.07,,,,"     ",5.30,103.23,3.79
1771,554739717,"01771M19:56:37.388","01771 19:44:37",211.23,863.09,,,,"     ",5.30,103.35,3.80
1771,554739718,"01771M19:56:38.362","01771 19:44:38",211.24,863.17,,,,"     ",5.30,103.84,3.82
1771,554739719,"01771M19:56:39.335","01771 19:44:39",211.25,863.15,,,,"     ",5.30,103.36,3.80
1771,554739720,"01771M19:56:40.308","01771 19:44:40",211.25,863.20,,,,"     ",5.30,102.93,3.78
1771,554739721,"01771M19:56:41.281","01771 19:44:41",211.27,863.21,,,,"     ",5.30,102.91,3.78
1771,554739722,"01771M19:56:42.255","01771 19:44:42",211.29,863.17,,,,"     ",5.30,103.87,3.82
1771,554739723,"01771M19:56:43.228","01771 19:44:43",211.32,863.19,,,,"     ",5.30,102.97,3.79
1771,554739724,"01771M19:56:44.201","01771 19:44:44",211.36,863.16,,,,"     ",5.30,103.45,3.81
1771,554739725,"01771M19:56:45.174","01771 19:44:45",211.40,863.19,,,,"     ",5.30,103.01,3.79
1771,554739726,"01771M19:56:46.148","01771 19:44:46",211.42,863.22,,,,"     ",5.30,103.52,3.81
1771,554739727,"01771M19:56:47.121","01771 19:44:47",211.43,863.22,,,,"     ",5.30,102.92,3.79
1771,554739728,"01771M19:56:48.094","01771 19:44:48",211.44,863.29,,,,"     ",5.30,102.54,3.78
1771,554739729,"01771M19:56:49.067","01771 19:44:49",211.44,863.23,,,,"     ",5.30,103.57,3.82
1771,554739730,"01771M19:56:50.041","01771 19:44:50",211.44,863.27,,,,"     ",5.30,103.05,3.80
1771,554739731,"01771M19:56:51.014","01771 19:44:50",211.44,863.25,,,,"     ",5.30,102.71,3.78
1771,554739732,"01771M19:56:51.987","01771 19:44:51",211.43,863.24,,,,"     ",5.30,103.44,3.81
1771,554739733,"01771M19:56:52.960","01771 19:44:52",211.42,863.25,,,,"     ",5.30,103.48,3.82
1771,554739734,"01771M19:56:53.934","01771 19:44:53",211.41,863.21,,,,"     ",5.30,103.46,3.82
1771,554739735,"01771M19:56:54.907","01771 19:44:54",211.40,863.24,,,,"     ",5.30,103.22,3.81
1771,554739736,"01771M19:56:55.880","01771 19:44:55",211.38,863.19,,,,"     ",5.30,103.17,3.81
1771,554739737,"01771M19:56:56.853","01771 19:44:56",211.37,863.21,,,,"     ",5.30,103.28,3.81
1771,554739738,"01771M19:56:57.827","01771 19:44:57",211.35,863.21,,,,"     ",5.30,102.77,3.79
1771,554739739,"01771M19:56:58.800","01771 19:44:58",211.32,863.22,,,,"     ",5.30,102.75,3.79
1771,554739740,"01771M19:56:59.773","01771 19:44:59",211.28,863.16,,,,"     ",5.30,103.09,3.81
1771,554739741,"01771M19:57:00.746","01771 19:45:00",211.23,863.19,,,,"     ",5.30,102.97,3.80
1771,554739742,"01771M19:57:01.720","01771 19:45:01",211.19,863.25,,,,"     ",5.30,102.94,3.80
1771,554739743,"01771M19:57:02.693","01771 19:45:02",211.15,863.22,,,,"     ",5.30,103.41,3.82
1771,554739744,"01771M19:57:03.666","01771 19:45:03",211.13,863.22,,,,"     ",5.30,102.72,3.79
1771,554739745,"01771M19:57:04.639","01771 19:45:04",211.12,863.21,,,,"     ",5.30,102.99,3.81
1771,554739746,"01771M19:57:05.613","01771 19:45:05",211.14,863.20,,,,"     ",5.30,102.64,3.79
1771,554739747,"01771M19:57:06.586","01771 19:45:06",211.19,863.22,,,,"     ",5.30,103.45,3.82
1771,554739748,"01771M19:57:07.559","01771 19:45:07",211.26,863.22,,,,"     ",5.30,103.34,3.82
1771,554739749,"01771M19:57:08.532","01771 19:45:08",211.32,863.26,,,,"     ",5.30,103.32,3.82
1771,554739750,"01771M19:57:09.506","01771 19:45:09",211.38,863.29,,,,"     ",5.30,103.84,3.84
1771,554739751,"01771M19:57:10.479","01771 19:45:10",211.44,863.38,,,,"     ",5.30,103.01,3.81
1771,554739752,"01771M19:57:11.452","01771 19:45:11",211.50,863.34,,,,"     ",5.30,102.54,3.79
1771,554739753,"01771M19:57:12.425","01771 19:45:12",211.55,863.29,,,,"     ",5.30,103.54,3.83
1771,554739754,"01771M19:57:13.399","01771 19:45:13",211.59,863.32,,,,"     ",5.30,103.20,3.82
1771,554739755,"01771M19:57:14.372","01771 19:45:14",211.61,863.31,,,,"     ",5.30,103.39,3.83
1771,554739756,"01771M19:57:15.345","01771 19:45:15",211.60,863.37,,,,"     ",5.30,103.12,3.82
1771,554739757,"01771M19:57:16.318","01771 19:45:16",211.56,863.31,,,,"     ",5.30,103.80,3.84
1771,554739758,"01771M19:57:17.292","01771 19:45:17",211.47,863.33,,,,"     ",5.30,103.36,3.83
1771,554739759,"01771M19:57:18.265","01771 19:45:18",211.35,863.28,,,,"     ",5.30,103.99,3.85
1771,554739760,"01771M19:57:19.238","01771 19:45:19",211.22,863.26,,,,"     ",5.30,103.83,3.85
1771,554739761,"01771M19:57:20.211","01771 19:45:20",211.10,863.32,,,,"     ",5.30,103.17,3.83
1771,554739762,"01771M19:57:21.185","01771 19:45:21",211.01,863.19,,,,"     ",5.30,103.25,3.83
1771,554739763,"01771M19:57:22.158","01771 19:45:22",210.96,863.23,,,,"     ",5.30,102.69,3.81
1771,554739764,"01771M19:57:23.131","01771 19:45:23",210.93,863.25,,,,"     ",5.30,103.15,3.83
1771,554739765,"01771M19:57:24.104","01771 19:45:24",210.92,863.22,,,,"     ",5.30,102.89,3.81
1771,554739766,"01771M19:57:25.078","01771 19:45:25",210.93,863.26,,,,"     ",5.30,103.40,3.84
1771,554739767,"01771M19:57:26.051","01771 19:45:26",210.94,863.35,,,,"     ",5.30,103.19,3.83
1771,554739768,"01771M19:57:27.024","01771 19:45:26",210.94,863.32,,,,"     ",5.30,103.02,3.82
1771,554739769,"01771M19:57:27.997","01771 19:45:27",210.94,863.34,,,,"     ",5.30,103.17,3.83
1771,554739770,"01771M19:57:28.971","01771 19:45:28",210.94,863.33,,,,"     ",5.30,102.50,3.80
1771,554739771,"01771M19:57:29.944","01771 19:45:29",210.95,863.31,,,,"     ",5.30,102.63,3.81
1771,554739772,"01771M19:57:30.917","01771 19:45:30",210.99,863.23,,,,"     ",5.30,103.58,3.85
1771,554739773,"01771M19:57:31.890","01771 19:45:31",211.03,863.32,,,,"     ",5.30,103.15,3.83
1771,554739774,"01771M19:57:32.864","01771 19:45:32",211.06,863.35,,,,"     ",5.30,103.43,3.84
1771,554739775,"01771M19:57:33.837","01771 19:45:33",211.07,863.31,,,,"     ",5.30,103.11,3.83
1771,554739776,"01771M19:57:34.810","01771 19:45:34",211.07,863.41,,,,"     ",5.30,102.37,3.80
1771,554739777,"01771M19:57:35.783","01771 19:45:35",211.08,863.44,,,,"     ",5.30,102.23,3.80
1771,554739778,"01771M19:57:36.757","01771 19:45:36",211.10,863.48,,,,"     ",5.30,102.72,3.82
1771,554739779,"01771M19:57:37.730","01771 19:45:37",211.12,863.35,,,,"     ",5.30,102.17,3.80
1771,554739780,"01771M19:57:38.703","01771 19:45:38",211.16,863.42,,,,"     ",5.30,102.44,3.81
1771,554739781,"01771M19:57:39.677","01771 19:45:39",211.21,863.34,,,,"     ",5.30,103.17,3.84
1771,554739782,"01771M19:57:40.650","01771 19:45:40",211.28,863.31,,,,"     ",5.30,103.17,3.84
1771,554739783,"01771M19:57:41.623","01771 19:45:41",211.35,863.36,,,,"     ",5.30,103.18,3.84
1771,554739784,"01771M19:57:42.596","01771 19:45:42",211.44,863.25,,,,"     ",5.30,102.82,3.82
1771,554739785,"01771M19:57:43.570","01771 19:45:43",211.53,863.32,,,,"     ",5.30,103.41,3.85
1771,554739786,"01771M19:57:44.543","01771 19:45:44",211.62,863.31,,,,"     ",5.30,103.35,3.85
1771,554739787,"01771M19:57:45.516","01771 19:45:45",211.70,863.33,,,,"     ",5.30,103.17,3.84
1771,554739788,"01771M19:57:46.489","01771 19:45:46",211.79,863.37,,,,"     ",5.30,103.28,3.85
1771,554739789,"01771M19:57:47.463","01771 19:45:47",211.86,863.34,,,,"     ",5.30,103.32,3.85
1771,554739790,"01771M19:57:48.436","01771 19:45:48",211.92,863.36,,,,"     ",5.30,103.08,3.84
1771,554739791,"01771M19:57:49.409","01771 19:45:49",211.96,863.39,,,,"     ",5.30,103.40,3.85
1771,554739792,"01771M19:57:50.382","01771 19:45:50",211.98,863.33,,,,"     ",5.30,103.98,3.88
1771,554739793,"01771M19:57:51.356","01771 19:45:51",211.98,863.35,,,,"     ",5.30,103.57,3.86
1771,554739794,"01771M19:57:52.329","01771 19:45:52",211.97,863.46,,,,"     ",5.30,103.59,3.86
1771,554739795,"01771M19:57:53.302","01771 19:45:53",211.94,863.42,,,,"     ",5.30,103.41,3.85
1771,554739796,"01771M19:57:54.275","01771 19:45:54",211.89,863.42,,,,"     ",5.30,103.19,3.85
1771,554739797,"01771M19:57:55.249","01771 19:45:55",211.84,863.40,,,,"     ",5.30,103.31,3.85
1771,554739798,"01771M19:57:56.222","01771 19:45:56",211.78,863.39,,,,"     ",5.30,103.59,3.86
1771,554739799,"01771M19:57:57.195","01771 19:45:57",211.71,863.45,,,,"     ",5.30,103.01,3.84
1771,554739800,"01771M19:57:58.168","01771 19:45:58",211.66,863.38,,,,"     ",5.30,103.21,3.85
1771,554739801,"01771M19:57:59.142","01771 19:45:59",211.61,863.35,,,,"     ",5.30,102.90,3.84
1771,554739802,"01771M19:58:00.115","01771 19:46:00",211.59,863.43,,,,"     ",5.30,103.38,3.86
1771,554739803,"01771M19:58:01.088","01771 19:46:01",211.60,863.37,,,,"     ",5.30,103.61,3.87
1771,554739804,"01771M19:58:02.061","01771 19:46:02",211.64,863.37,,,,"     ",5.30,103.54,3.86
1771,554739805,"01771M19:58:03.035","01771 19:46:03",211.70,863.47,,,,"     ",5.30,103.64,3.87
1771,554739806,"01771M19:58:04.008","01771 19:46:03",211.76,863.48,,,,"     ",5.30,103.20,3.85
1771,554739807,"01771M19:58:04.981","01771 19:46:04",211.80,863.37,,,,"     ",5.30,103.26,3.86
1771,554739808,"01771M19:58:05.954","01771 19:46:05",211.82,863.44,,,,"     ",5.30,102.48,3.83
1771,554739809,"01771M19:58:06.928","01771 19:46:06",211.83,863.38,,,,"     ",5.30,102.82,3.84
1771,554739810,"01771M19:58:07.901","01771 19:46:07",211.84,863.41,,,,"     ",5.30,102.55,3.83
1771,554739811,"01771M19:58:08.874","01771 19:46:08",211.83,863.43,,,,"     ",5.30,103.87,3.88
1771,554739812,"01771M19:58:09.847","01771 19:46:09",211.81,863.37,,,,"     ",5.30,103.62,3.87
1771,554739813,"01771M19:58:10.821","01771 19:46:10",211.77,863.39,,,,"     ",5.30,103.10,3.85
1771,554739814,"01771M19:58:11.794","01771 19:46:11",211.72,863.46,,,,"     ",5.30,103.66,3.87
1771,554739815,"01771M19:58:12.767","01771 19:46:12",211.67,863.44,,,,"     ",5.30,103.62,3.87
1771,554739816,"01771M19:58:13.740","01771 19:46:13",211.63,863.41,,,,"     ",5.30,103.22,3.86
1771,554739817,"01771M19:58:14.714","01771 19:46:14",211.60,863.49,,,,"     ",5.30,104.29,3.90
1771,554739818,"01771M19:58:15.687","01771 19:46:15",211.60,863.50,,,,"     ",5.30,103.29,3.86
1771,554739819,"01771M19:58:16.660","01771 19:46:16",211.63,863.56,,,,"     ",5.30,102.51,3.83
1771,554739820,"01771M19:58:17.633","01771 19:46:17",211.68,863.59,,,,"     ",5.30,103.85,3.89
1771,554739821,"01771M19:58:18.607","01771 19:46:18",211.73,863.53,,,,"     ",5.30,103.83,3.89
1771,554739822,"01771M19:58:19.580","01771 19:46:19",211.77,863.53,,,,"     ",5.30,103.46,3.87
1771,554739823,"01771M19:58:20.553","01771 19:46:20",211.80,863.54,,,,"     ",5.30,103.46,3.87
1771,554739824,"01771M19:58:21.526","01771 19:46:21",211.82,863.61,,,,"     ",5.30,103.82,3.89
1771,554739825,"01771M19:58:22.500","01771 19:46:22",211.84,863.61,,,,"     ",5.30,103.57,3.88
1771,554739826,"01771M19:58:23.473","01771 19:46:23",211.85,863.59,,,,"     ",5.30,104.13,3.90
1771,554739827,"01771M19:58:24.446","01771 19:46:24",211.85,863.50,,,,"     ",5.30,103.40,3.87
1771,554739828,"01771M19:58:25.419","01771 19:46:25",211.82,863.55,,,,"     ",5.30,103.32,3.87
1771,554739829,"01771M19:58:26.393","01771 19:46:26",211.77,863.60,,,,"     ",5.30,103.78,3.89
1771,554739830,"01771M19:58:27.366","01771 19:46:27",211.71,863.56,,,,"     ",5.30,103.64,3.88
1771,554739831,"01771M19:58:28.339","01771 19:46:28",211.65,863.59,,,,"     ",5.30,103.88,3.89
1771,554739832,"01771M19:58:29.312","01771 19:46:29",211.58,863.58,,,,"     ",5.30,103.42,3.88
1771,554739833,"01771M19:58:30.286","01771 19:46:30",211.52,863.49,,,,"     ",5.30,104.11,3.90
1771,554739834,"01771M19:58:31.259","01771 19:46:31",211.50,863.50,,,,"     ",5.30,103.15,3.87
1771,554739835,"01771M19:58:32.232","01771 19:46:32",211.50,863.59,,,,"     ",5.30,103.60,3.89
1771,554739836,"01771M19:58:33.205","01771 19:46:33",211.53,863.48,,,,"     ",5.30,103.24,3.87
1771,554739837,"01771M19:58:34.179","01771 19:46:34",211.56,863.59,,,,"     ",5.30,103.08,3.87
1771,554739838,"01771M19:58:35.152","01771 19:46:35",211.58,863.54,,,,"     ",5.30,104.07,3.90
1771,554739839,"01771M19:58:36.125","01771 19:46:36",211.59,863.57,,,,"     ",5.30,103.92,3.90
1771,554739840,"01771M19:58:37.098","01771 19:46:37",211.60,863.42,,,,"     ",5.30,103.87,3.90
1771,554739841,"01771M19:58:38.072","01771 19:46:38",211.63,863.62,,,,"     ",5.30,103.18,3.87
1771,554739842,"01771M19:58:39.045","01771 19:46:39",211.67,863.57,,,,"     ",5.30,103.41,3.88
1771,554739843,"01771M19:58:40.018","01771 19:46:40",211.71,863.60,,,,"     ",5.30,103.59,3.89
1771,554739844,"01771M19:58:40.991","01771 19:46:40",211.77,863.69,,,,"     ",5.30,102.54,3.85
1771,554739845,"01771M19:58:41.965","01771 19:46:41",211.82,863.58,,,,"     ",5.30,103.17,3.88
1771,554739846,"01771M19:58:42.938","01771 19:46:42",211.85,863.65,,,,"     ",5.30,102.91,3.87
1771,554739847,"01771M19:58:43.911","01771 19:46:43",211.85,863.60,,,,"     ",5.30,103.48,3.89
1771,554739848,"01771M19:58:44.884","01771 19:46:44",211.83,863.60,,,,"     ",5.30,103.36,3.88
1771,554739849,"01771M19:58:45.858","01771 19:46:45",211.79,863.62,,,,"     ",5.30,103.43,3.89
1771,554739850,"01771M19:58:46.831","01771 19:46:46",211.74,863.61,,,,"     ",5.30,103.85,3.91
1771,554739851,"01771M19:58:47.804","01771 19:46:47",211.70,863.54,,,,"     ",5.30,103.25,3.88
1771,554739852,"01771M19:58:48.778","01771 19:46:48",211.66,863.57,,,,"     ",5.30,102.94,3.87
1771,554739853,"01771M19:58:49.751","01771 19:46:49",211.62,863.52,,,,"     ",5.30,103.29,3.88
1771,554739854,"01771M19:58:50.724","01771 19:46:50",211.58,863.58,,,,"     ",5.30,103.40,3.89
1771,554739855,"01771M19:58:51.697","01771 19:46:51",211.55,863.48,,,,"     ",5.30,103.27,3.89
1771,554739856,"01771M19:58:52.671","01771 19:46:52",211.53,863.54,,,,"     ",5.30,103.23,3.88
1771,554739857,"01771M19:58:53.644","01771 19:46:53",211.52,863.57,,,,"     ",5.30,103.02,3.88
1771,554739858,"01771M19:58:54.617","01771 19:46:54",211.53,863.54,,,,"     ",5.30,103.43,3.89
1771,554739859,"01771M19:58:55.590","01771 19:46:55",211.57,863.58,,,,"     ",5.30,103.11,3.88
1771,554739860,"01771M19:58:56.564","01771 19:46:56",211.62,863.58,,,,"     ",5.30,102.30,3.85
1771,554739861,"01771M19:58:57.537","01771 19:46:57",211.66,863.58,,,,"     ",5.30,103.16,3.89
1771,554739862,"01771M19:58:58.510","01771 19:46:58",211.68,863.52,,,,"     ",5.30,102.80,3.87
1771,554739863,"01771M19:58:59.483","01771 19:46:59",211.68,863.57,,,,"     ",5.30,102.90,3.88
1771,554739864,"01771M19:59:00.457","01771 19:47:00",211.67,863.60,,,,"     ",5.30,102.50,3.86
1771,554739865,"01771M19:59:01.430","01771 19:47:01",211.66,863.60,,,,"     ",5.30,102.14,3.85
1771,554739866,"01771M19:59:02.403","01771 19:47:02",211.67,863.67,,,,"     ",5.30,102.95,3.88
1771,554739867,"01771M19:59:03.376","01771 19:47:03",211.67,863.63,,,,"     ",5.30,102.96,3.88
1771,554739868,"01771M19:59:04.350","01771 19:47:04",211.67,863.60,,,,"     ",5.30,102.71,3.87
1771,554739869,"01771M19:59:05.323","01771 19:47:05",211.65,863.66,,,,"     ",5.30,102.46,3.86
1771,554739870,"01771M19:59:06.296","01771 19:47:06",211.63,863.58,,,,"     ",5.30,102.06,3.85
1771,554739871,"01771M19:59:07.269","01771 19:47:07",211.60,863.65,,,,"     ",5.30,102.95,3.89
1771,554739872,"01771M19:59:08.243","01771 19:47:08",211.57,863.70,,,,"     ",5.30,103.03,3.89
1771,554739873,"01771M19:59:09.216","01771 19:47:09",211.56,863.73,,,,"     ",5.30,102.47,3.87
1771,554739874,"01771M19:59:10.189","01771 19:47:10",211.56,863.67,,,,"     ",5.30,102.04,3.85
1771,554739875,"01771M19:59:11.162","01771 19:47:11",211.57,863.68,,,,"     ",5.30,102.45,3.87
1771,554739876,"01771M19:59:12.136","01771 19:47:12",211.60,863.70,,,,"     ",5.30,102.57,3.88
1771,554739877,"01771M19:59:13.109","01771 19:47:13",211.62,863.62,,,,"     ",5.30,103.03,3.89
1771,554739878,"01771M19:59:14.082","01771 19:47:14",211.64,863.68,,,,"     ",5.30,102.14,3.86
1771,554739879,"01771M19:59:15.055","01771 19:47:15",211.65,863.71,,,,"     ",5.30,102.93,3.89
1771,554739880,"01771M19:59:16.029","01771 19:47:16",211.66,863.64,,,,"     ",5.30,102.35,3.87
1771,554739881,"01771M19:59:17.002","01771 19:47:16",211.66,863.64,,,,"     ",5.30,101.65,3.84
1771,554739882,"01771M19:59:17.975","01771 19:47:17",211.67,863.59,,,,"     ",5.30,102.22,3.87
1771,554739883,"01771M19:59:18.948","01771 19:47:18",211.70,863.62,,,,"     ",5.30,102.08,3.86
1771,554739884,"01771M19:59:19.922","01771 19:47:19",211.74,863.61,,,,"     ",5.30,102.09,3.86
1771,554739885,"01771M19:59:20.895","01771 19:47:20",211.79,863.58,,,,"     ",5.30,102.36,3.88
1771,554739886,"01771M19:59:21.868","01771 19:47:21",211.84,863.67,,,,"     ",5.30,102.83,3.89
1771,554739887,"01771M19:59:22.841","01771 19:47:22",211.86,863.65,,,,"     ",5.30,102.50,3.88
1771,554739888,"01771M19:59:23.815","01771 19:47:23",211.87,863.68,,,,"     ",5.30,102.22,3.87
1771,554739889,"01771M19:59:24.788","01771 19:47:24",211.87,863.76,,,,"     ",5.30,101.77,3.85
1771,554739890,"01771M19:59:25.761","01771 19:47:25",211.87,863.76,,,,"     ",5.30,101.49,3.85
1771,554739891,"01771M19:59:26.734","01771 19:47:26",211.88,863.79,,,,"     ",5.30,102.29,3.88
1771,554739892,"01771M19:59:27.708","01771 19:47:27",211.91,863.75,,,,"     ",5.30,101.64,3.85
1771,554739893,"01771M19:59:28.681","01771 19:47:28",211.94,863.70,,,,"     ",5.30,102.07,3.87
1771,554739894,"01771M19:59:29.654","01771 19:47:29",211.98,863.73,,,,"     ",5.30,102.32,3.88
1771,554739895,"01771M19:59:30.627","01771 19:47:30",212.01,863.75,,,,"     ",5.30,101.84,3.86
1771,554739896,"01771M19:59:31.601","01771 19:47:31",212.01,863.77,,,,"     ",5.30,101.20,3.84
1771,554739897,"01771M19:59:32.574","01771 19:47:32",211.97,863.72,,,,"     ",5.30,101.46,3.85
1771,554739898,"01771M19:59:33.547","01771 19:47:33",211.90,863.76,,,,"     ",5.30,102.12,3.88
1771,554739899,"01771M19:59:34.520","01771 19:47:34",211.80,863.73,,,,"     ",5.30,102.07,3.87
1771,554739900,"01771M19:59:35.494","01771 19:47:35",211.68,863.75,,,,"     ",5.30,102.21,3.88
1771,554739901,"01771M19:59:36.467","01771 19:47:36",211.55,863.70,,,,"     ",5.30,101.90,3.87
1771,554739902,"01771M19:59:37.440","01771 19:47:37",211.42,863.84,,,,"     ",5.30,102.58,3.90
1771,554739903,"01771M19:59:38.413","01771 19:47:38",211.31,863.82,,,,"     ",5.30,101.75,3.86
1771,554739904,"01771M19:59:39.387","01771 19:47:39",211.24,863.77,,,,"     ",5.30,102.08,3.88
1771,554739905,"01771M19:59:40.360","01771 19:47:40",211.20,863.79,,,,"     ",5.30,101.46,3.85
1771,554739906,"01771M19:59:41.333","01771 19:47:41",211.19,863.85,,,,"     ",5.30,101.73,3.87
1771,554739907,"01771M19:59:42.306","01771 19:47:42",211.22,863.82,,,,"     ",5.30,101.89,3.87
1771,554739908,"01771M19:59:43.280","01771 19:47:43",211.27,863.83,,,,"     ",5.30,101.92,3.88
1771,554739909,"01771M19:59:44.253","01771 19:47:44",211.35,863.79,,,,"     ",5.30,101.88,3.88
1771,554739910,"01771M19:59:45.226","01771 19:47:45",211.45,863.79,,,,"     ",5.30,101.71,3.87
1771,554739911,"01771M19:59:46.199","01771 19:47:46",211.57,863.88,,,,"     ",5.30,102.75,3.91
1771,554739912,"01771M19:59:47.173","01771 19:47:47",211.69,863.85,,,,"     ",5.30,102.27,3.89
1771,554739913,"01771M19:59:48.146","01771 19:47:48",211.80,863.86,,,,"     ",5.30,101.76,3.87
1771,554739914,"01771M19:59:49.119","01771 19:47:49",211.90,863.84,,,,"     ",5.30,102.02,3.88
1771,554739915,"01771M19:59:50.092","01771 19:47:50",211.94,863.86,,,,"     ",5.30,101.77,3.87
1771,554739916,"01771M19:59:51.066","01771 19:47:51",211.93,863.82,,,,"     ",5.30,102.11,3.89
1771,554739917,"01771M19:59:52.039","01771 19:47:52",211.89,863.84,,,,"     ",5.30,101.57,3.87
1771,554739918,"01771M19:59:53.012","01771 19:47:53",211.83,863.79,,,,"     ",5.30,101.73,3.88
1771,554739919,"01771M19:59:53.985","01771 19:47:53",211.74,863.81,,,,"     ",5.30,101.25,3.86
1771,554739920,"01771M19:59:54.959","01771 19:47:54",211.66,863.86,,,,"     ",5.30,102.11,3.89
1771,554739921,"01771M19:59:55.932","01771 19:47:55",211.59,863.75,,,,"     ",5.30,101.64,3.87
1771,554739922,"01771M19:59:56.905","01771 19:47:56",211.53,863.83,,,,"     ",5.30,101.27,3.86
1771,554739923,"01771M19:59:57.879","01771 19:47:57",211.49,863.78,,,,"     ",5.30,101.28,3.86
1771,554739924,"01771M19:59:58.852","01771 19:47:58",211.47,863.89,,,,"     ",5.30,101.87,3.88
1771,554739925,"01771M19:59:59.825","01771 19:47:59",211.49,863.86,,,,"     ",5.30,102.02,3.89
1771,554739926,"01771M20:00:00.798","01771 19:48:00",211.53,863.92,,,,"     ",5.30,101.63,3.88
1771,554739927,"01771M20:00:01.772","01771 19:48:01",211.57,863.88,,,,"     ",5.30,102.07,3.90
1771,554739928,"01771M20:00:02.745","01771 19:48:02",211.62,863.80,,,,"     ",5.30,101.94,3.89
1771,554739929,"01771M20:00:03.718","01771 19:48:03",211.68,863.78,,,,"     ",5.30,101.86,3.89
1771,554739930,"01771M20:00:04.691","01771 19:48:04",211.74,863.78,,,,"     ",5.30,102.32,3.91
1771,554739931,"01771M20:00:05.665","01771 19:48:05",211.79,863.85,,,,"     ",5.30,101.98,3.89
1771,554739932,"01771M20:00:06.638","01771 19:48:06",211.84,863.85,,,,"     ",5.30,101.78,3.89
1771,554739933,"01771M20:00:07.611","01771 19:48:07",211.88,863.89,,,,"     ",5.30,101.49,3.88
1771,554739934,"01771M20:00:08.584","01771 19:48:08",211.93,863.83,,,,"     ",5.30,101.81,3.89
1771,554739935,"01771M20:00:09.558","01771 19:48:09",211.96,863.85,,,,"     ",5.30,101.79,3.89
1771,554739936,"01771M20:00:10.531","01771 19:48:10",211.99,863.91,,,,"     ",5.30,101.73,3.89
1771,554739937,"01771M20:00:11.504","01771 19:48:11",212.01,863.92,,,,"     ",5.30,102.15,3.90
1771,554739938,"01771M20:00:12.477","01771 19:48:12",212.03,863.85,,,,"     ",5.30,101.69,3.89
1771,554739939,"01771M20:00:13.451","01771 19:48:13",212.06,863.87,,,,"     ",5.30,101.65,3.89
1771,554739940,"01771M20:00:14.424","01771 19:48:14",212.08,863.94,,,,"     ",5.30,101.99,3.90
1771,554739941,"01771M20:00:15.397","01771 19:48:15",212.09,863.83,,,,"     ",5.30,102.77,3.93
1771,554739942,"01771M20:00:16.370","01771 19:48:16",212.11,863.83,,,,"     ",5.30,102.37,3.92
1771,554739943,"01771M20:00:17.344","01771 19:48:17",212.15,863.86,,,,"     ",5.30,102.63,3.93
1771,554739944,"01771M20:00:18.317","01771 19:48:18",212.18,863.98,,,,"     ",5.30,102.46,3.92
1771,554739945,"01771M20:00:19.290","01771 19:48:19",212.20,863.88,,,,"     ",5.30,102.27,3.91
1771,554739946,"01771M20:00:20.263","01771 19:48:20",212.22,863.94,,,,"     ",5.30,102.53,3.92
1771,554739947,"01771M20:00:21.237","01771 19:48:21",212.23,863.90,,,,"     ",5.30,101.96,3.90
1771,554739948,"01771M20:00:22.210","01771 19:48:22",212.22,863.98,,,,"     ",5.30,102.43,3.92
1771,554739949,"01771M20:00:23.183","01771 19:48:23",212.20,863.94,,,,"     ",5.30,102.51,3.93
1771,554739950,"01771M20:00:24.156","01771 19:48:24",212.16,863.96,,,,"     ",5.30,102.28,3.92
1771,554739951,"01771M20:00:25.130","01771 19:48:25",212.12,864.00,,,,"     ",5.30,102.03,3.91
1771,554739952,"01771M20:00:26.103","01771 19:48:26",212.07,863.97,,,,"     ",5.30,101.64,3.89
1771,554739953,"01771M20:00:27.076","01771 19:48:27",212.03,863.96,,,,"     ",5.30,102.01,3.91
1771,554739954,"01771M20:00:28.049","01771 19:48:28",211.98,864.03,,,,"     ",5.30,101.85,3.90
1771,554739955,"01771M20:00:29.023","01771 19:48:29",211.97,863.92,,,,"     ",5.30,101.84,3.90
1771,554739956,"01771M20:00:29.996","01771 19:48:30",211.96,864.01,,,,"     ",5.30,101.80,3.90
1771,554739957,"01771M20:00:30.969","01771 19:48:30",211.97,863.99,,,,"     ",5.30,101.87,3.91
1771,554739958,"01771M20:00:31.942","01771 19:48:31",211.99,864.03,,,,"     ",5.30,102.17,3.92
1771,554739959,"01771M20:00:32.916","01771 19:48:32",212.02,863.92,,,,"     ",5.30,102.07,3.91
1771,554739960,"01771M20:00:33.889","01771 19:48:33",212.06,863.96,,,,"     ",5.30,101.60,3.90
1771,554739961,"01771M20:00:34.862","01771 19:48:34",212.10,863.87,,,,"     ",5.30,101.44,3.89
1771,554739962,"01771M20:00:35.835","01771 19:48:35",212.16,863.92,,,,"     ",5.30,101.90,3.91
1771,554739963,"01771M20:00:36.809","01771 19:48:36",212.23,863.97,,,,"     ",5.30,101.80,3.91
1771,554739964,"01771M20:00:37.782","01771 19:48:37",212.30,863.94,,,,"     ",5.30,101.59,3.90
1771,554739965,"01771M20:00:38.755","01771 19:48:38",212.39,863.89,,,,"     ",5.30,101.35,3.89
1771,554739966,"01771M20:00:39.728","01771 19:48:39",212.49,863.91,,,,"     ",5.30,101.42,3.89
1771,554739967,"01771M20:00:40.702","01771 19:48:40",212.61,864.02,,,,"     ",5.30,102.00,3.92
1771,554739968,"01771M20:00:41.675","01771 19:48:41",212.09,863.90,,,,"     ",5.30,101.61,3.90
1771,554739969,"01771M20:00:42.648","01771 19:48:42",212.07,863.92,,,,"     ",5.30,101.51,3.90
1771,554739970,"01771M20:00:43.621","01771 19:48:43",212.06,863.94,,,,"     ",5.30,101.91,3.91
1771,554739971,"01771M20:00:44.595","01771 19:48:44",212.04,863.96,,,,"     ",5.30,101.59,3.90
1771,554739972,"01771M20:00:45.568","01771 19:48:45",212.03,864.00,,,,"     ",5.30,101.26,3.89
1771,554739973,"01771M20:00:46.541","01771 19:48:46",212.02,864.00,,,,"     ",5.30,101.62,3.91
1771,554739974,"01771M20:00:47.514","01771 19:48:47",212.01,864.02,,,,"     ",5.30,101.96,3.92
1771,554739975,"01771M20:00:48.488","01771 19:48:48",212.00,863.99,,,,"     ",5.30,102.44,3.94
1771,554739976,"01771M20:00:49.461","01771 19:48:49",211.99,864.04,,,,"     ",5.30,101.21,3.89
1771,554739977,"01771M20:00:50.434","01771 19:48:50",211.99,864.02,,,,"     ",5.30,101.73,3.91
1771,554739978,"01771M20:00:51.407","01771 19:48:51",211.98,864.01,,,,"     ",5.30,101.80,3.92
1771,554739979,"01771M20:00:52.381","01771 19:48:52",211.97,863.96,,,,"     ",5.30,101.83,3.92
1771,554739980,"01771M20:00:53.354","01771 19:48:53",211.97,863.98,,,,"     ",5.30,101.67,3.91
1771,554739981,"01771M20:00:54.327","01771 19:48:54",211.97,864.08,,,,"     ",5.30,100.85,3.88
1771,554739982,"01771M20:00:55.300","01771 19:48:55",211.96,864.10,,,,"     ",5.30,101.44,3.90
1771,554739983,"01771M20:00:56.274","01771 19:48:56",211.96,864.06,,,,"     ",5.30,101.63,3.91
1771,554739984,"01771M20:00:57.247","01771 19:48:57",211.96,864.10,,,,"     ",5.30,102.40,3.94
1771,554739985,"01771M20:00:58.220","01771 19:48:58",211.96,864.08,,,,"     ",5.30,101.21,3.90
1771,554739986,"01771M20:00:59.193","01771 19:48:59",211.96,864.05,,,,"     ",5.30,101.79,3.92
1771,554739987,"01771M20:01:00.167","01771 19:49:00",211.96,864.10,,,,"     ",5.30,102.23,3.94
1771,554739988,"01771M20:01:01.140","01771 19:49:01",211.97,864.09,,,,"     ",5.30,101.29,3.90
1771,554739989,"01771M20:01:02.113","01771 19:49:02",211.97,864.04,,,,"     ",5.30,101.34,3.90
1771,554739990,"01771M20:01:03.086","01771 19:49:03",211.96,864.05,,,,"     ",5.30,101.55,3.91
1771,554739991,"01771M20:01:04.060","01771 19:49:04",211.95,863.96,,,,"     ",5.30,101.27,3.90
1771,554739992,"01771M20:01:05.033","01771 19:49:05",211.94,863.92,,,,"     ",5.30,101.61,3.92
1771,554739993,"01771M20:01:06.006","01771 19:49:06",211.92,864.03,,,,"     ",5.30,101.46,3.91
1771,554739994,"01771M20:01:06.979","01771 19:49:07",211.90,863.99,,,,"     ",5.30,101.83,3.93
1771,554739995,"01771M20:01:07.953","01771 19:49:07",211.87,864.09,,,,"     ",5.30,101.43,3.91
1771,554739996,"01771M20:01:08.926","01771 19:49:08",211.84,864.07,,,,"     ",5.30,101.46,3.91
1771,554739997,"01771M20:01:09.899","01771 19:49:09",211.82,864.07,,,,"     ",5.30,101.06,3.90
1771,554739998,"01771M20:01:10.873","01771 19:49:10",211.80,864.09,,,,"     ",5.30,101.72,3.92
1771,554739999,"01771M20:01:11.846","01771 19:49:11",211.79,864.12,,,,"     ",5.30,101.39,3.91
1771,554740000,"01771M20:01:12.819","01771 19:49:12",211.78,864.04,,,,"     ",5.30,101.63,3.92
1771,554740001,"01771M20:01:13.792","01771 19:49:13",211.78,864.02,,,,"     ",5.30,101.23,3.90
1771,554740002,"01771M20:01:14.766","01771 19:49:14",211.80,864.07,,,,"     ",5.30,101.02,3.90
1771,554740003,"01771M20:01:15.739","01771 19:49:15",211.81,864.08,,,,"     ",5.30,101.38,3.91
1771,554740004,"01771M20:01:16.712","01771 19:49:16",211.83,864.05,,,,"     ",5.30,102.26,3.95
1771,554740005,"01771M20:01:17.685","01771 19:49:17",211.85,864.06,,,,"     ",5.30,100.73,3.89
1771,554740006,"01771M20:01:18.659","01771 19:49:18",211.86,864.07,,,,"     ",5.30,101.64,3.92
1771,554740007,"01771M20:01:19.632","01771 19:49:19",211.86,864.10,,,,"     ",5.30,101.38,3.91
1771,554740008,"01771M20:01:20.605","01771 19:49:20",211.86,864.10,,,,"     ",5.30,101.49,3.92
1771,554740009,"01771M20:01:21.578","01771 19:49:21",211.86,864.20,,,,"     ",5.30,101.71,3.93
1771,554740010,"01771M20:01:22.552","01771 19:49:22",211.87,864.17,,,,"     ",5.30,102.15,3.95
1771,554740011,"01771M20:01:23.525","01771 19:49:23",211.89,864.14,,,,"     ",5.30,101.36,3.91
1771,554740012,"01771M20:01:24.498","01771 19:49:24",211.91,864.15,,,,"     ",5.30,101.48,3.92
1771,554740013,"01771M20:01:25.471","01771 19:49:25",211.93,864.18,,,,"     ",5.30,101.12,3.91
1771,554740014,"01771M20:01:26.445","01771 19:49:26",211.95,864.07,,,,"     ",5.30,100.87,3.90
1771,554740015,"01771M20:01:27.418","01771 19:49:27",211.96,864.10,,,,"     ",5.30,100.95,3.90
1771,554740016,"01771M20:01:28.391","01771 19:49:28",211.97,864.19,,,,"     ",5.30,101.31,3.92
1771,554740017,"01771M20:01:29.364","01771 19:49:29",211.98,864.17,,,,"     ",5.30,101.30,3.91
1771,554740018,"01771M20:01:30.338","01771 19:49:30",211.98,864.16,,,,"     ",5.30,100.84,3.90
1771,554740019,"01771M20:01:31.311","01771 19:49:31",211.99,864.10,,,,"     ",5.30,101.44,3.92
1771,554740020,"01771M20:01:32.284","01771 19:49:32",212.01,864.17,,,,"     ",5.30,101.29,3.92
1771,554740021,"01771M20:01:33.257","01771 19:49:33",212.02,864.14,,,,"     ",5.30,101.05,3.91
1771,554740022,"01771M20:01:34.231","01771 19:49:34",212.05,864.11,,,,"     ",5.30,101.02,3.91
1771,554740023,"01771M20:01:35.204","01771 19:49:35",212.09,864.15,,,,"     ",5.30,101.05,3.91
1771,554740024,"01771M20:01:36.177","01771 19:49:36",212.14,864.11,,,,"     ",5.30,101.10,3.91
1771,554740025,"01771M20:01:37.150","01771 19:49:37",212.20,864.10,,,,"     ",5.30,100.51,3.89
1771,554740026,"01771M20:01:38.124","01771 19:49:38",212.27,864.23,,,,"     ",5.30,101.19,3.92
1771,554740027,"01771M20:01:39.097","01771 19:49:39",212.33,864.19,,,,"     ",5.30,100.41,3.88
1771,554740028,"01771M20:01:40.070","01771 19:49:40",212.40,864.21,,,,"     ",5.30,101.56,3.93
1771,554740029,"01771M20:01:41.043","01771 19:49:41",212.45,864.22,,,,"     ",5.30,100.56,3.89
1771,554740030,"01771M20:01:42.017","01771 19:49:42",212.49,864.24,,,,"     ",5.30,100.62,3.89
1771,554740031,"01771M20:01:42.990","01771 19:49:43",212.53,864.15,,,,"     ",5.30,101.07,3.91
1771,554740032,"01771M20:01:43.963","01771 19:49:43",212.56,864.14,,,,"     ",5.30,100.25,3.88
1771,554740033,"01771M20:01:44.936","01771 19:49:44",212.58,864.07,,,,"     ",5.30,100.47,3.89
1771,554740034,"01771M20:01:45.910","01771 19:49:45",212.60,864.11,,,,"     ",5.30,100.84,3.90
1771,554740035,"01771M20:01:46.883","01771 19:49:46",212.60,864.08,,,,"     ",5.30,100.88,3.91
1771,554740036,"01771M20:01:47.856","01771 19:49:47",212.60,864.18,,,,"     ",5.30,100.91,3.91
1771,554740037,"01771M20:01:48.829","01771 19:49:48",212.60,864.15,,,,"     ",5.30,100.59,3.90
1771,554740038,"01771M20:01:49.803","01771 19:49:49",212.59,864.19,,,,"     ",5.30,100.74,3.90
1771,554740039,"01771M20:01:50.776","01771 19:49:50",212.57,864.22,,,,"     ",5.30,100.52,3.90
1771,554740040,"01771M20:01:51.749","01771 19:49:51",212.55,864.23,,,,"     ",5.30,100.74,3.90
1771,554740041,"01771M20:01:52.722","01771 19:49:52",212.52,864.22,,,,"     ",5.30,100.49,3.89
1771,554740042,"01771M20:01:53.696","01771 19:49:53",212.48,864.24,,,,"     ",5.30,100.17,3.88
1771,554740043,"01771M20:01:54.669","01771 19:49:54",212.44,864.18,,,,"     ",5.30,100.47,3.89
1771,554740044,"01771M20:01:55.642","01771 19:49:55",212.40,864.13,,,,"     ",5.30,100.59,3.90
1771,554740045,"01771M20:01:56.615","01771 19:49:56",212.36,864.21,,,,"     ",5.30,100.04,3.88
1771,554740046,"01771M20:01:57.589","01771 19:49:57",212.34,864.19,,,,"     ",5.30,99.91,3.87
1771,554740047,"01771M20:01:58.562","01771 19:49:58",212.32,864.16,,,,"     ",5.30,99.84,3.87
1771,554740048,"01771M20:01:59.535","01771 19:49:59",212.32,864.16,,,,"     ",5.30,100.30,3.89
1771,554740049,"01771M20:02:00.508","01771 19:50:00",212.33,864.20,,,,"     ",5.30,100.13,3.88
1771,554740050,"01771M20:02:01.482","01771 19:50:01",212.34,864.13,,,,"     ",5.30,100.31,3.89
1771,554740051,"01771M20:02:02.455","01771 19:50:02",212.35,864.14,,,,"     ",5.30,100.10,3.88
1771,554740052,"01771M20:02:03.428","01771 19:50:03",212.35,864.12,,,,"     ",5.30,100.29,3.89
1771,554740053,"01771M20:02:04.401","01771 19:50:04",212.35,864.21,,,,"     ",5.30,100.25,3.89
1771,554740054,"01771M20:02:05.375","01771 19:50:05",212.35,864.26,,,,"     ",5.30,100.05,3.88
1771,554740055,"01771M20:02:06.348","01771 19:50:06",212.35,864.17,,,,"     ",5.30,99.89,3.88
1771,554740056,"01771M20:02:07.321","01771 19:50:07",212.35,864.23,,,,"     ",5.30,99.78,3.87
1771,554740057,"01771M20:02:08.294","01771 19:50:08",212.34,864.38,,,,"     ",5.30,100.24,3.89
1771,554740058,"01771M20:02:09.268","01771 19:50:09",212.33,864.27,,,,"     ",5.30,100.51,3.90
1771,554740059,"01771M20:02:10.241","01771 19:50:10",212.32,864.22,,,,"     ",5.30,100.42,3.90
1771,554740060,"01771M20:02:11.214","01771 19:50:11",212.30,864.19,,,,"     ",5.30,99.08,3.85
1771,554740061,"01771M20:02:12.187","01771 19:50:12",212.30,864.23,,,,"     ",5.30,100.24,3.89
1771,554740062,"01771M20:02:13.161","01771 19:50:13",212.29,864.25,,,,"     ",5.30,99.84,3.88
1771,554740063,"01771M20:02:14.134","01771 19:50:14",212.29,864.24,,,,"     ",5.30,100.11,3.89
1771,554740064,"01771M20:02:15.107","01771 19:50:15",212.31,864.23,,,,"     ",5.30,99.53,3.87
1771,554740065,"01771M20:02:16.080","01771 19:50:16",212.33,864.19,,,,"     ",5.30,99.65,3.87
1771,554740066,"01771M20:02:17.054","01771 19:50:17",212.36,864.21,,,,"     ",5.30,99.75,3.88
1771,554740067,"01771M20:02:18.027","01771 19:50:18",212.40,864.20,,,,"     ",5.30,100.05,3.89
1771,554740068,"01771M20:02:19.000","01771 19:50:19",212.45,864.24,,,,"     ",5.30,99.54,3.87
1771,554740069,"01771M20:02:19.974","01771 19:50:20",212.50,864.25,,,,"     ",5.30,99.58,3.87
1771,554740070,"01771M20:02:20.947","01771 19:50:20",212.54,864.22,,,,"     ",5.30,99.80,3.88
1771,554740071,"01771M20:02:21.920","01771 19:50:21",212.58,864.27,,,,"     ",5.30,100.24,3.90
1771,554740072,"01771M20:02:22.893","01771 19:50:22",212.63,864.30,,,,"     ",5.30,99.73,3.88
1771,554740073,"01771M20:02:23.867","01771 19:50:23",212.67,864.33,,,,"     ",5.30,99.51,3.87
1771,554740074,"01771M20:02:24.840","01771 19:50:24",212.70,864.34,,,,"     ",5.30,99.81,3.88
1771,554740075,"01771M20:02:25.813","01771 19:50:25",212.72,864.30,,,,"     ",5.30,99.61,3.88
1771,554740076,"01771M20:02:26.786","01771 19:50:26",212.73,864.31,,,,"     ",5.30,100.15,3.90
1771,554740077,"01771M20:02:27.760","01771 19:50:27",212.73,864.31,,,,"     ",5.30,99.51,3.87
1771,554740078,"01771M20:02:28.733","01771 19:50:28",212.72,864.33,,,,"     ",5.30,99.75,3.88
1771,554740079,"01771M20:02:29.706","01771 19:50:29",212.70,864.42,,,,"     ",5.30,99.20,3.86
1771,554740080,"01771M20:02:30.679","01771 19:50:30",212.67,864.37,,,,"     ",5.30,99.72,3.88
1771,554740081,"01771M20:02:31.653","01771 19:50:31",212.64,864.39,,,,"     ",5.30,99.87,3.89
1771,554740082,"01771M20:02:32.626","01771 19:50:32",212.61,864.32,,,,"     ",5.30,99.06,3.86
1771,554740083,"01771M20:02:33.599","01771 19:50:33",212.59,864.34,,,,"     ",5.30,99.38,3.87
1771,554740084,"01771M20:02:34.572","01771 19:50:34",212.56,864.37,,,,"     ",5.30,99.42,3.87
1771,554740085,"01771M20:02:35.546","01771 19:50:35",212.54,864.28,,,,"     ",5.30,99.75,3.89
1771,554740086,"01771M20:02:36.519","01771 19:50:36",212.53,864.24,,,,"     ",5.30,98.65,3.84
1771,554740087,"01771M20:02:37.492","01771 19:50:37",212.51,864.34,,,,"     ",5.30,99.83,3.89
1771,554740088,"01771M20:02:38.465","01771 19:50:38",212.50,864.34,,,,"     ",5.30,99.76,3.89
1771,554740089,"01771M20:02:39.439","01771 19:50:39",212.48,864.44,,,,"     ",5.30,98.89,3.85
1771,554740090,"01771M20:02:40.412","01771 19:50:40",212.45,864.34,,,,"     ",5.30,99.20,3.87
1771,554740091,"01771M20:02:41.385","01771 19:50:41",212.42,864.42,,,,"     ",5.30,99.04,3.86
1771,554740092,"01771M20:02:42.358","01771 19:50:42",212.39,864.34,,,,"     ",5.30,99.45,3.88
1771,554740093,"01771M20:02:43.332","01771 19:50:43",212.35,864.31,,,,"     ",5.30,99.52,3.88
1771,554740094,"01771M20:02:44.305","01771 19:50:44",212.31,864.30,,,,"     ",5.30,98.64,3.85
1771,554740095,"01771M20:02:45.278","01771 19:50:45",212.27,864.35,,,,"     ",5.30,99.61,3.89
1771,554740096,"01771M20:02:46.251","01771 19:50:46",212.23,864.36,,,,"     ",5.30,99.08,3.87
1771,554740097,"01771M20:02:47.225","01771 19:50:47",212.18,864.36,,,,"     ",5.30,99.11,3.87
1771,554740098,"01771M20:02:48.198","01771 19:50:48",212.13,864.40,,,,"     ",5.30,100.15,3.91
1771,554740099,"01771M20:02:49.171","01771 19:50:49",212.09,864.38,,,,"     ",5.30,99.47,3.88
1771,554740100,"01771M20:02:50.144","01771 19:50:50",212.05,864.32,,,,"     ",5.30,99.34,3.88
1771,554740101,"01771M20:02:51.118","01771 19:50:51",212.01,864.32,,,,"     ",5.30,99.27,3.87
1771,554740102,"01771M20:02:52.091","01771 19:50:52",211.97,864.31,,,,"     ",5.30,98.64,3.85
1771,554740103,"01771M20:02:53.064","01771 19:50:53",211.94,864.35,,,,"     ",5.30,99.35,3.88
1771,554740104,"01771M20:02:54.037","01771 19:50:54",211.93,864.38,,,,"     ",5.30,98.53,3.85
1771,554740105,"01771M20:02:55.011","01771 19:50:55",211.91,864.50,,,,"     ",5.30,98.62,3.85
1771,554740106,"01771M20:02:55.984","01771 19:50:56",211.90,864.41,,,,"     ",5.30,99.25,3.88
1771,554740107,"01771M20:02:56.957","01771 19:50:57",211.91,864.45,,,,"     ",5.30,98.86,3.86
1771,554740108,"01771M20:02:57.930","01771 19:50:57",211.92,864.35,,,,"     ",5.30,99.41,3.88
1771,554740109,"01771M20:02:58.904","01771 19:50:58",211.95,864.37,,,,"     ",5.30,99.05,3.87
1771,554740110,"01771M20:02:59.877","01771 19:50:59",211.99,864.45,,,,"     ",5.30,98.98,3.87
1771,554740111,"01771M20:03:00.850","01771 19:51:00",212.03,864.45,,,,"     ",5.30,99.49,3.89
1771,554740112,"01771M20:03:01.823","01771 19:51:01",212.09,864.46,,,,"     ",5.30,99.30,3.88
1771,554740113,"01771M20:03:02.797","01771 19:51:02",212.14,864.46,,,,"     ",5.30,98.82,3.87
1771,554740114,"01771M20:03:03.770","01771 19:51:03",212.19,864.39,,,,"     ",5.30,99.08,3.88
1771,554740115,"01771M20:03:04.743","01771 19:51:04",212.22,864.49,,,,"     ",5.30,98.13,3.84
1771,554740116,"01771M20:03:05.716","01771 19:51:05",212.24,864.46,,,,"     ",5.30,99.25,3.88
1771,554740117,"01771M20:03:06.690","01771 19:51:06",212.25,864.39,,,,"     ",5.30,98.48,3.85
1771,554740118,"01771M20:03:07.663","01771 19:51:07",212.25,864.44,,,,"     ",5.30,98.54,3.86
1771,554740119,"01771M20:03:08.636","01771 19:51:08",212.23,864.38,,,,"     ",5.30,99.30,3.89
1771,554740120,"01771M20:03:09.609","01771 19:51:09",212.22,864.43,,,,"     ",5.30,99.70,3.90
1771,554740121,"01771M20:03:10.583","01771 19:51:10",212.20,864.51,,,,"     ",5.30,99.05,3.88
1771,554740122,"01771M20:03:11.556","01771 19:51:11",212.19,864.52,,,,"     ",5.30,99.38,3.89
1771,554740123,"01771M20:03:12.529","01771 19:51:12",212.17,864.48,,,,"     ",5.30,98.73,3.86
1771,554740124,"01771M20:03:13.502","01771 19:51:13",212.15,864.49,,,,"     ",5.30,98.99,3.88
1771,554740125,"01771M20:03:14.476","01771 19:51:14",212.12,864.57,,,,"     ",5.30,98.77,3.87
1771,554740126,"01771M20:03:15.449","01771 19:51:15",212.09,864.46,,,,"     ",5.30,98.28,3.85
1771,554740127,"01771M20:03:16.422","01771 19:51:16",212.05,864.50,,,,"     ",5.30,99.11,3.88
1771,554740128,"01771M20:03:17.395","01771 19:51:17",212.01,864.48,,,,"     ",5.30,98.47,3.86
1771,554740129,"01771M20:03:18.369","01771 19:51:18",211.96,864.44,,,,"     ",5.30,99.18,3.88
1771,554740130,"01771M20:03:19.342","01771 19:51:19",211.91,864.51,,,,"     ",5.30,99.19,3.89
1771,554740131,"01771M20:03:20.315","01771 19:51:20",211.87,864.50,,,,"     ",5.30,98.37,3.85
1771,554740132,"01771M20:03:21.288","01771 19:51:21",211.82,864.50,,,,"     ",5.30,98.65,3.86
1771,554740133,"01771M20:03:22.262","01771 19:51:22",211.79,864.48,,,,"     ",5.30,98.59,3.86
1771,554740134,"01771M20:03:23.235","01771 19:51:23",211.78,864.61,,,,"     ",5.30,98.26,3.85
1771,554740135,"01771M20:03:24.208","01771 19:51:24",211.78,864.57,,,,"     ",5.30,98.58,3.86
1771,554740136,"01771M20:03:25.181","01771 19:51:25",211.81,864.53,,,,"     ",5.30,98.24,3.85
1771,554740137,"01771M20:03:26.155","01771 19:51:26",211.84,864.60,,,,"     ",5.30,98.85,3.88
1771,554740138,"01771M20:03:27.128","01771 19:51:27",211.88,864.54,,,,"     ",5.30,99.27,3.89
1771,554740139,"01771M20:03:28.101","01771 19:51:28",211.93,864.47,,,,"     ",5.30,99.11,3.89
1771,554740140,"01771M20:03:29.075","01771 19:51:29",211.99,864.47,,,,"     ",5.30,98.51,3.86
1771,554740141,"01771M20:03:30.048","01771 19:51:30",212.05,864.59,,,,"     ",5.30,99.21,3.89
1771,554740142,"01771M20:03:31.021","01771 19:51:31",212.11,864.51,,,,"     ",5.30,98.90,3.88
1771,554740143,"01771M20:03:31.994","01771 19:51:32",212.18,864.58,,,,"     ",5.30,98.57,3.87
1771,554740144,"01771M20:03:32.968","01771 19:51:33",212.24,864.59,,,,"     ",5.30,98.64,3.87
1771,554740145,"01771M20:03:33.941","01771 19:51:33",212.31,864.60,,,,"     ",5.30,98.68,3.87
1771,554740146,"01771M20:03:34.914","01771 19:51:34",212.38,864.62,,,,"     ",5.30,98.97,3.88
1771,554740147,"01771M20:03:35.887","01771 19:51:35",212.45,864.49,,,,"     ",5.30,98.64,3.87
1771,554740148,"01771M20:03:36.861","01771 19:51:36",212.52,864.52,,,,"     ",5.30,98.24,3.85
1771,554740149,"01771M20:03:37.834","01771 19:51:37",212.60,864.56,,,,"     ",5.30,98.53,3.87
1771,554740150,"01771M20:03:38.807","01771 19:51:38",212.67,864.52,,,,"     ",5.30,98.43,3.86
1771,554740151,"01771M20:03:39.780","01771 19:51:39",212.74,864.48,,,,"     ",5.30,98.26,3.86
1771,554740152,"01771M20:03:40.754","01771 19:51:40",212.79,864.56,,,,"     ",5.30,98.50,3.87
1771,554740153,"01771M20:03:41.727","01771 19:51:41",212.83,864.61,,,,"     ",5.30,98.00,3.85
1771,554740154,"01771M20:03:42.700","01771 19:51:42",212.85,864.58,,,,"     ",5.30,98.82,3.88
1771,554740155,"01771M20:03:43.673","01771 19:51:43",212.85,864.59,,,,"     ",5.30,98.07,3.85
1771,554740156,"01771M20:03:44.647","01771 19:51:44",212.84,864.62,,,,"     ",5.30,98.39,3.86
1771,554740157,"01771M20:03:45.620","01771 19:51:45",212.83,864.59,,,,"     ",5.30,98.37,3.86
1771,554740158,"01771M20:03:46.593","01771 19:51:46",212.81,864.58,,,,"     ",5.30,98.52,3.87
1771,554740159,"01771M20:03:47.566","01771 19:51:47",212.80,864.59,,,,"     ",5.30,98.59,3.87
1771,554740160,"01771M20:03:48.540","01771 19:51:48",212.79,864.53,,,,"     ",5.30,98.48,3.87
1771,554740161,"01771M20:03:49.513","01771 19:51:49",212.79,864.63,,,,"     ",5.30,97.87,3.84
1771,554740162,"01771M20:03:50.486","01771 19:51:50",212.79,864.65,,,,"     ",5.30,98.87,3.89
1771,554740163,"01771M20:03:51.459","01771 19:51:51",212.80,864.56,,,,"     ",5.30,98.38,3.86
1771,554740164,"01771M20:03:52.433","01771 19:51:52",212.81,864.59,,,,"     ",5.30,98.19,3.86
1771,554740165,"01771M20:03:53.406","01771 19:51:53",212.83,864.63,,,,"     ",5.30,98.63,3.88
1771,554740166,"01771M20:03:54.379","01771 19:51:54",212.84,864.63,,,,"     ",5.30,98.33,3.86
1771,554740167,"01771M20:03:55.352","01771 19:51:55",212.85,864.71,,,,"     ",5.30,98.65,3.88
1771,554740168,"01771M20:03:56.326","01771 19:51:56",212.86,864.61,,,,"     ",5.30,98.76,3.88
1771,554740169,"01771M20:03:57.299","01771 19:51:57",212.87,864.62,,,,"     ",5.30,98.34,3.86
1771,554740170,"01771M20:03:58.272","01771 19:51:58",212.89,864.56,,,,"     ",5.30,98.80,3.88
1771,554740171,"01771M20:03:59.245","01771 19:51:59",212.92,864.58,,,,"     ",5.30,98.80,3.88
1771,554740172,"01771M20:04:00.219","01771 19:52:00",212.94,864.66,,,,"     ",5.30,97.97,3.85
1771,554740173,"01771M20:04:01.192","01771 19:52:01",212.96,864.58,,,,"     ",5.30,98.26,3.86
1771,554740174,"01771M20:04:02.165","01771 19:52:02",212.97,864.61,,,,"     ",5.30,98.15,3.85
1771,554740175,"01771M20:04:03.138","01771 19:52:03",212.97,864.69,,,,"     ",5.30,98.35,3.86
1771,554740176,"01771M20:04:04.112","01771 19:52:04",212.96,864.61,,,,"     ",5.30,98.36,3.86
1771,554740177,"01771M20:04:05.085","01771 19:52:05",212.94,864.58,,,,"     ",5.30,98.86,3.88
1771,554740178,"01771M20:04:06.058","01771 19:52:06",212.92,864.65,,,,"     ",5.30,98.14,3.85
1771,554740179,"01771M20:04:07.031","01771 19:52:07",212.89,864.60,,,,"     ",5.30,98.61,3.87
1771,554740180,"01771M20:04:08.005","01771 19:52:08",212.85,864.65,,,,"     ",5.30,98.28,3.86
1771,554740181,"01771M20:04:08.978","01771 19:52:09",212.82,864.70,,,,"     ",5.30,97.48,3.83
1771,554740182,"01771M20:04:09.951","01771 19:52:10",212.78,864.73,,,,"     ",5.30,98.06,3.85
1771,554740183,"01771M20:04:10.924","01771 19:52:10",212.74,864.67,,,,"     ",5.30,97.89,3.84
1771,554740184,"01771M20:04:11.898","01771 19:52:11",212.70,864.64,,,,"     ",5.30,98.39,3.86
1771,554740185,"01771M20:04:12.871","01771 19:52:12",212.67,864.57,,,,"     ",5.30,98.22,3.86
1771,554740186,"01771M20:04:13.844","01771 19:52:13",212.66,864.64,,,,"     ",5.30,98.52,3.87
1771,554740187,"01771M20:04:14.817","01771 19:52:14",212.66,864.69,,,,"     ",5.30,98.23,3.86
1771,554740188,"01771M20:04:15.791","01771 19:52:15",212.66,864.72,,,,"     ",5.30,98.77,3.88
1771,554740189,"01771M20:04:16.764","01771 19:52:16",212.67,864.68,,,,"     ",5.30,98.46,3.87
1771,554740190,"01771M20:04:17.737","01771 19:52:17",212.69,864.70,,,,"     ",5.30,98.27,3.86
1771,554740191,"01771M20:04:18.710","01771 19:52:18",212.70,864.71,,,,"     ",5.30,98.55,3.87
1771,554740192,"01771M20:04:19.684","01771 19:52:19",212.72,864.68,,,,"     ",5.30,98.84,3.88
1771,554740193,"01771M20:04:20.657","01771 19:52:20",212.75,864.66,,,,"     ",5.30,98.52,3.87
1771,554740194,"01771M20:04:21.630","01771 19:52:21",212.78,864.60,,,,"     ",5.30,97.78,3.84
1771,554740195,"01771M20:04:22.603","01771 19:52:22",212.82,864.63,,,,"     ",5.30,98.03,3.85
1771,554740196,"01771M20:04:23.577","01771 19:52:23",212.86,864.64,,,,"     ",5.30,98.03,3.85
1771,554740197,"01771M20:04:24.550","01771 19:52:24",212.90,864.69,,,,"     ",5.30,98.56,3.87
1771,554740198,"01771M20:04:25.523","01771 19:52:25",212.94,864.73,,,,"     ",5.30,97.91,3.84
1771,554740199,"01771M20:04:26.496","01771 19:52:26",212.96,864.73,,,,"     ",5.30,97.88,3.84
1771,554740200,"01771M20:04:27.470","01771 19:52:27",212.98,864.75,,,,"     ",5.30,98.38,3.86
1771,554740201,"01771M20:04:28.443","01771 19:52:28",212.99,864.70,,,,"     ",5.30,98.42,3.87
1771,554740202,"01771M20:04:29.416","01771 19:52:29",212.98,864.75,,,,"     ",5.30,98.16,3.85
1771,554740203,"01771M20:04:30.389","01771 19:52:30",212.97,864.66,,,,"     ",5.30,98.61,3.87
1771,554740204,"01771M20:04:31.363","01771 19:52:31",212.94,864.83,,,,"     ",5.30,98.66,3.88
1771,554740205,"01771M20:04:32.336","01771 19:52:32",212.91,864.81,,,,"     ",5.30,98.49,3.87
1771,554740206,"01771M20:04:33.309","01771 19:52:33",212.87,864.80,,,,"     ",5.30,97.92,3.85
1771,554740207,"01771M20:04:34.282","01771 19:52:34",212.83,864.77,,,,"     ",5.30,98.27,3.86
1771,554740208,"01771M20:04:35.256","01771 19:52:35",212.79,864.73,,,,"     ",5.30,98.28,3.86
1771,554740209,"01771M20:04:36.229","01771 19:52:36",212.75,864.80,,,,"     ",5.30,99.23,3.90
1771,554740210,"01771M20:04:37.202","01771 19:52:37",212.72,864.66,,,,"     ",5.30,98.96,3.89
1771,554740211,"01771M20:04:38.176","01771 19:52:38",212.70,864.74,,,,"     ",5.30,97.77,3.84
1771,554740212,"01771M20:04:39.149","01771 19:52:39",212.70,864.74,,,,"     ",5.30,98.21,3.86
1771,554740213,"01771M20:04:40.122","01771 19:52:40",212.70,864.76,,,,"     ",5.30,98.15,3.86
1771,554740214,"01771M20:04:41.095","01771 19:52:41",212.69,864.67,,,,"     ",5.30,98.76,3.88
1771,554740215,"01771M20:04:42.069","01771 19:52:42",212.67,864.75,,,,"     ",5.30,99.17,3.90
1771,554740216,"01771M20:04:43.042","01771 19:52:43",212.63,864.78,,,,"     ",5.30,98.13,3.86
1771,554740217,"01771M20:04:44.015","01771 19:52:44",212.59,864.78,,,,"     ",5.30,99.29,3.90
1771,554740218,"01771M20:04:44.988","01771 19:52:45",212.54,864.80,,,,"     ",5.30,98.40,3.87
1771,554740219,"01771M20:04:45.962","01771 19:52:46",212.49,864.80,,,,"     ",5.30,98.21,3.86
1771,554740220,"01771M20:04:46.935","01771 19:52:47",212.44,864.78,,,,"     ",5.30,98.36,3.86
1771,554740221,"01771M20:04:47.908","01771 19:52:47",212.40,864.79,,,,"     ",5.30,98.93,3.89
1771,554740222,"01771M20:04:48.881","01771 19:52:48",212.37,864.81,,,,"     ",5.30,99.07,3.89
1771,554740223,"01771M20:04:49.855","01771 19:52:49",212.35,864.77,,,,"     ",5.30,98.61,3.88
1771,554740224,"01771M20:04:50.828","01771 19:52:50",212.33,864.83,,,,"     ",5.30,98.54,3.87
1771,554740225,"01771M20:04:51.801","01771 19:52:51",212.33,864.85,,,,"     ",5.30,98.93,3.89
1771,554740226,"01771M20:04:52.774","01771 19:52:52",212.33,864.81,,,,"     ",5.30,98.86,3.89
1771,554740227,"01771M20:04:53.748","01771 19:52:53",212.33,864.87,,,,"     ",5.30,98.68,3.88
1771,554740228,"01771M20:04:54.721","01771 19:52:54",212.34,864.93,,,,"     ",5.30,98.82,3.89
1771,554740229,"01771M20:04:55.694","01771 19:52:55",212.35,864.76,,,,"     ",5.30,98.44,3.87
1771,554740230,"01771M20:04:56.667","01771 19:52:56",212.36,864.81,,,,"     ",5.30,98.65,3.88
1771,554740231,"01771M20:04:57.641","01771 19:52:57",212.36,864.80,,,,"     ",5.30,98.86,3.89
1771,554740232,"01771M20:04:58.614","01771 19:52:58",212.37,864.80,,,,"     ",5.30,98.75,3.88
1771,554740233,"01771M20:04:59.587","01771 19:52:59",212.38,864.73,,,,"     ",5.30,98.95,3.89
1771,554740234,"01771M20:05:00.560","01771 19:53:00",212.40,864.75,,,,"     ",5.30,98.98,3.89
1771,554740235,"01771M20:05:01.534","01771 19:53:01",212.42,864.88,,,,"     ",5.30,99.29,3.91
1771,554740236,"01771M20:05:02.507","01771 19:53:02",212.44,864.89,,,,"     ",5.30,99.19,3.90
1771,554740237,"01771M20:05:03.480","01771 19:53:03",212.48,864.91,,,,"     ",5.30,98.94,3.89
1771,554740238,"01771M20:05:04.453","01771 19:53:04",212.53,864.83,,,,"     ",5.30,99.37,3.91
1771,554740239,"01771M20:05:05.427","01771 19:53:05",212.58,864.88,,,,"     ",5.30,98.79,3.89
1771,554740240,"01771M20:05:06.400","01771 19:53:06",212.64,864.86,,,,"     ",5.30,98.94,3.89
1771,554740241,"01771M20:05:07.373","01771 19:53:07",212.69,864.84,,,,"     ",5.30,98.51,3.87
1771,554740242,"01771M20:05:08.346","01771 19:53:08",212.72,864.89,,,,"     ",5.30,99.26,3.90
1771,554740243,"01771M20:05:09.320","01771 19:53:09",212.72,864.85,,,,"     ",5.30,99.06,3.90
1771,554740244,"01771M20:05:10.293","01771 19:53:10",212.72,864.90,,,,"     ",5.30,99.19,3.90
1771,554740245,"01771M20:05:11.266","01771 19:53:11",212.69,864.85,,,,"     ",5.30,98.99,3.89
1771,554740246,"01771M20:05:12.239","01771 19:53:12",212.67,864.83,,,,"     ",5.30,98.80,3.89
1771,554740247,"01771M20:05:13.213","01771 19:53:13",212.66,864.75,,,,"     ",5.30,99.35,3.91
1771,554740248,"01771M20:05:14.186","01771 19:53:14",212.67,864.76,,,,"     ",5.30,98.99,3.89
1771,554740249,"01771M20:05:15.159","01771 19:53:15",212.69,864.77,,,,"     ",5.30,99.10,3.90
1771,554740250,"01771M20:05:16.132","01771 19:53:16",212.73,864.82,,,,"     ",5.30,98.81,3.89
1771,554740251,"01771M20:05:17.106","01771 19:53:17",212.77,864.83,,,,"     ",5.30,99.37,3.91
1771,554740252,"01771M20:05:18.079","01771 19:53:18",212.83,864.77,,,,"     ",5.30,98.89,3.89
1771,554740253,"01771M20:05:19.052","01771 19:53:19",212.90,864.93,,,,"     ",5.30,99.80,3.93
1771,554740254,"01771M20:05:20.025","01771 19:53:20",212.98,864.85,,,,"     ",5.30,99.44,3.91
1771,554740255,"01771M20:05:20.999","01771 19:53:21",213.05,864.94,,,,"     ",5.30,99.80,3.93
1771,554740256,"01771M20:05:21.972","01771 19:53:22",213.11,864.94,,,,"     ",5.30,99.58,3.92
1771,554740257,"01771M20:05:22.945","01771 19:53:23",213.14,864.93,,,,"     ",5.30,99.33,3.91
1771,554740258,"01771M20:05:23.918","01771 19:53:24",213.16,864.90,,,,"     ",5.30,99.58,3.92
1771,554740259,"01771M20:05:24.892","01771 19:53:24",213.17,864.91,,,,"     ",5.30,99.47,3.91
1771,554740260,"01771M20:05:25.865","01771 19:53:25",213.19,864.96,,,,"     ",5.30,99.93,3.93
1771,554740261,"01771M20:05:26.838","01771 19:53:26",213.20,864.92,,,,"     ",5.30,100.09,3.94
1771,554740262,"01771M20:05:27.811","01771 19:53:27",213.22,864.84,,,,"     ",5.30,99.99,3.93
1771,554740263,"01771M20:05:28.785","01771 19:53:28",213.24,864.83,,,,"     ",5.30,100.23,3.94
1771,554740264,"01771M20:05:29.758","01771 19:53:29",213.26,864.80,,,,"     ",5.30,100.32,3.95
1771,554740265,"01771M20:05:30.731","01771 19:53:30",213.27,864.85,,,,"     ",5.30,99.99,3.93
1771,554740266,"01771M20:05:31.704","01771 19:53:31",213.29,864.82,,,,"     ",5.30,99.59,3.92
1771,554740267,"01771M20:05:32.678","01771 19:53:32",213.31,864.86,,,,"     ",5.30,100.23,3.94
1771,554740268,"01771M20:05:33.651","01771 19:53:33",213.32,864.84,,,,"     ",5.30,100.55,3.96
1771,554740269,"01771M20:05:34.624","01771 19:53:34",213.33,864.78,,,,"     ",5.30,99.89,3.93
1771,554740270,"01771M20:05:35.597","01771 19:53:35",213.34,864.81,,,,"     ",5.30,100.20,3.94
1771,554740271,"01771M20:05:36.571","01771 19:53:36",213.35,864.81,,,,"     ",5.30,100.53,3.96
1771,554740272,"01771M20:05:37.544","01771 19:53:37",213.36,864.83,,,,"     ",5.30,100.28,3.95
1771,554740273,"01771M20:05:38.517","01771 19:53:38",213.37,864.83,,,,"     ",5.30,100.13,3.94
1771,554740274,"01771M20:05:39.490","01771 19:53:39",213.37,864.85,,,,"     ",5.30,100.67,3.96
1771,554740275,"01771M20:05:40.464","01771 19:53:40",213.38,864.88,,,,"     ",5.30,100.52,3.96
1771,554740276,"01771M20:05:41.437","01771 19:53:41",212.96,864.92,,,,"     ",5.30,100.41,3.95
1771,554740277,"01771M20:05:42.410","01771 19:53:42",213.04,864.94,,,,"     ",5.30,100.33,3.95
1771,554740278,"01771M20:05:43.383","01771 19:53:43",213.12,864.94,,,,"     ",5.30,100.37,3.95
1771,554740279,"01771M20:05:44.357","01771 19:53:44",213.19,864.89,,,,"     ",5.30,100.48,3.95
1771,554740280,"01771M20:05:45.330","01771 19:53:45",213.25,864.92,,,,"     ",5.30,100.41,3.95
1771,554740281,"01771M20:05:46.303","01771 19:53:46",213.31,865.02,,,,"     ",5.30,100.40,3.95
1771,554740282,"01771M20:05:47.277","01771 19:53:47",213.37,864.88,,,,"     ",5.30,100.30,3.95
1771,554740283,"01771M20:05:48.250","01771 19:53:48",213.42,864.88,,,,"     ",5.30,101.21,3.98
1771,554740284,"01771M20:05:49.223","01771 19:53:49",213.47,864.88,,,,"     ",5.30,101.05,3.98
1771,554740285,"01771M20:05:50.196","01771 19:53:50",213.52,864.87,,,,"     ",5.30,100.35,3.95
1771,554740286,"01771M20:05:51.170","01771 19:53:51",213.56,864.88,,,,"     ",5.30,100.38,3.95
1771,554740287,"01771M20:05:52.143","01771 19:53:52",213.60,864.93,,,,"     ",5.30,100.80,3.97
1771,554740288,"01771M20:05:53.116","01771 19:53:53",213.63,864.90,,,,"     ",5.30,100.69,3.96
1771,554740289,"01771M20:05:54.089","01771 19:53:54",213.66,865.00,,,,"     ",5.30,100.37,3.95
1771,554740290,"01771M20:05:55.063","01771 19:53:55",213.68,864.93,,,,"     ",5.30,100.99,3.98
1771,554740291,"01771M20:05:56.036","01771 19:53:56",213.70,864.88,,,,"     ",5.30,100.20,3.94
1771,554740292,"01771M20:05:57.009","01771 19:53:57",213.71,864.84,,,,"     ",5.30,100.39,3.95
1771,554740293,"01771M20:05:57.982","01771 19:53:58",213.72,864.83,,,,"     ",5.30,100.16,3.94
1771,554740294,"01771M20:05:58.956","01771 19:53:59",213.72,864.86,,,,"     ",5.30,101.07,3.98
1771,554740295,"01771M20:05:59.929","01771 19:54:00",213.72,865.01,,,,"     ",5.30,100.86,3.97
1771,554740296,"01771M20:06:00.902","01771 19:54:00",213.73,864.94,,,,"     ",5.30,100.94,3.97
1771,554740297,"01771M20:06:01.875","01771 19:54:01",213.75,864.94,,,,"     ",5.30,101.23,3.98
1771,554740298,"01771M20:06:02.849","01771 19:54:02",213.75,864.92,,,,"     ",5.30,101.19,3.98
1771,554740299,"01771M20:06:03.822","01771 19:54:03",213.73,864.87,,,,"     ",5.30,101.17,3.98
1771,554740300,"01771M20:06:04.795","01771 19:54:04",213.69,864.90,,,,"     ",5.30,100.56,3.96
1771,554740301,"01771M20:06:05.768","01771 19:54:05",213.64,864.94,,,,"     ",5.30,100.83,3.97
1771,554740302,"01771M20:06:06.742","01771 19:54:06",213.57,864.89,,,,"     ",5.30,100.66,3.96
1771,554740303,"01771M20:06:07.715","01771 19:54:07",213.50,864.97,,,,"     ",5.30,100.73,3.96
1771,554740304,"01771M20:06:08.688","01771 19:54:08",213.41,865.01,,,,"     ",5.30,101.16,3.98
1771,554740305,"01771M20:06:09.661","01771 19:54:09",213.31,864.94,,,,"     ",5.30,100.53,3.96
1771,554740306,"01771M20:06:10.635","01771 19:54:10",213.20,865.02,,,,"     ",5.30,101.04,3.98
1771,554740307,"01771M20:06:11.608","01771 19:54:11",213.07,865.00,,,,"     ",5.30,100.31,3.95
1771,554740308,"01771M20:06:12.581","01771 19:54:12",212.94,864.96,,,,"     ",5.30,101.00,3.98
1771,554740309,"01771M20:06:13.554","01771 19:54:13",212.79,864.99,,,,"     ",5.30,100.63,3.96
1771,554740310,"01771M20:06:14.528","01771 19:54:14",212.64,865.00,,,,"     ",5.30,99.96,3.94
1771,554740311,"01771M20:06:15.501","01771 19:54:15",212.49,864.98,,,,"     ",5.30,100.25,3.95
1771,554740312,"01771M20:06:16.474","01771 19:54:16",212.36,864.86,,,,"     ",5.30,100.41,3.95
1771,554740313,"01771M20:06:17.447","01771 19:54:17",212.25,864.90,,,,"     ",5.30,99.97,3.94
1771,554740314,"01771M20:06:18.421","01771 19:54:18",212.16,864.96,,,,"     ",5.30,99.91,3.94
1771,554740315,"01771M20:06:19.394","01771 19:54:19",212.10,864.93,,,,"     ",5.30,100.24,3.95
1771,554740316,"01771M20:06:20.367","01771 19:54:20",212.07,865.02,,,,"     ",5.30,100.38,3.96
1771,554740317,"01771M20:06:21.340","01771 19:54:21",212.06,865.03,,,,"     ",5.30,100.28,3.95
1771,554740318,"01771M20:06:22.314","01771 19:54:22",212.08,865.00,,,,"     ",5.30,100.43,3.96
1771,554740319,"01771M20:06:23.287","01771 19:54:23",212.13,865.08,,,,"     ",5.30,99.81,3.94
1771,554740320,"01771M20:06:24.260","01771 19:54:24",212.19,864.92,,,,"     ",5.30,100.30,3.96
1771,554740321,"01771M20:06:25.233","01771 19:54:25",212.27,864.96,,,,"     ",5.30,100.26,3.95
1771,554740322,"01771M20:06:26.207","01771 19:54:26",212.35,865.05,,,,"     ",5.30,100.11,3.95
1771,554740323,"01771M20:06:27.180","01771 19:54:27",212.42,864.97,,,,"     ",5.30,100.30,3.96
1771,554740324,"01771M20:06:28.153","01771 19:54:28",212.49,864.99,,,,"     ",5.30,100.03,3.95
1771,554740325,"01771M20:06:29.126","01771 19:54:29",212.54,864.97,,,,"     ",5.30,100.28,3.96
1771,554740326,"01771M20:06:30.100","01771 19:54:30",212.58,864.99,,,,"     ",5.30,99.32,3.92
1771,554740327,"01771M20:06:31.073","01771 19:54:31",212.61,864.95,,,,"     ",5.30,100.12,3.95
1771,554740328,"01771M20:06:32.046","01771 19:54:32",212.64,864.94,,,,"     ",5.30,99.66,3.93
1771,554740329,"01771M20:06:33.019","01771 19:54:33",212.66,865.02,,,,"     ",5.30,100.43,3.97
1771,554740330,"01771M20:06:33.993","01771 19:54:34",212.68,865.00,,,,"     ",5.30,99.88,3.94
1771,554740331,"01771M20:06:34.966","01771 19:54:35",212.70,864.95,,,,"     ",5.30,100.06,3.95
1771,554740332,"01771M20:06:35.939","01771 19:54:36",212.71,865.01,,,,"     ",5.30,99.71,3.94
1771,554740333,"01771M20:06:36.912","01771 19:54:37",212.71,865.00,,,,"     ",5.30,99.16,3.92
1771,554740334,"01771M20:06:37.886","01771 19:54:37",212.70,864.97,,,,"     ",5.30,100.11,3.96
1771,554740335,"01771M20:06:38.859","01771 19:54:38",212.68,865.00,,,,"     ",5.30,99.80,3.95
1771,554740336,"01771M20:06:39.832","01771 19:54:39",212.66,865.05,,,,"     ",5.30,100.14,3.96
1771,554740337,"01771M20:06:40.805","01771 19:54:40",212.63,865.02,,,,"     ",5.30,100.29,3.97
1771,554740338,"01771M20:06:41.779","01771 19:54:41",212.59,865.02,,,,"     ",5.30,100.19,3.96
1771,554740339,"01771M20:06:42.752","01771 19:54:42",212.55,865.03,,,,"     ",5.30,100.16,3.96
1771,554740340,"01771M20:06:43.725","01771 19:54:43",212.49,864.88,,,,"     ",5.30,100.10,3.96
1771,554740341,"01771M20:06:44.698","01771 19:54:44",212.44,864.87,,,,"     ",5.30,100.26,3.96
1771,554740342,"01771M20:06:45.672","01771 19:54:45",212.38,864.90,,,,"     ",5.30,99.44,3.93
1771,554740343,"01771M20:06:46.645","01771 19:54:46",212.33,864.98,,,,"     ",5.30,100.00,3.96
1771,554740344,"01771M20:06:47.618","01771 19:54:47",212.27,864.91,,,,"     ",5.30,100.09,3.96
1771,554740345,"01771M20:06:48.591","01771 19:54:48",212.23,865.01,,,,"     ",5.30,99.44,3.94
1771,554740346,"01771M20:06:49.565","01771 19:54:49",212.20,864.96,,,,"     ",5.30,98.95,3.91
1771,554740347,"01771M20:06:50.538","01771 19:54:50",212.18,864.99,,,,"     ",5.30,99.45,3.94
1771,554740348,"01771M20:06:51.511","01771 19:54:51",212.16,864.94,,,,"     ",5.30,99.47,3.94
1771,554740349,"01771M20:06:52.484","01771 19:54:52",212.16,864.96,,,,"     ",5.30,100.11,3.96
1771,554740350,"01771M20:06:53.458","01771 19:54:53",212.16,865.03,,,,"     ",5.30,99.64,3.95
1771,554740351,"01771M20:06:54.431","01771 19:54:54",212.15,865.06,,,,"     ",5.30,99.65,3.95
1771,554740352,"01771M20:06:55.404","01771 19:54:55",212.14,865.03,,,,"     ",5.30,99.58,3.95
1771,554740353,"01771M20:06:56.377","01771 19:54:56",212.11,865.05,,,,"     ",5.30,99.80,3.95
1771,554740354,"01771M20:06:57.351","01771 19:54:57",212.07,865.07,,,,"     ",5.30,99.34,3.94
1771,554740355,"01771M20:06:58.324","01771 19:54:58",212.02,865.04,,,,"     ",5.30,99.56,3.95
1771,554740356,"01771M20:06:59.297","01771 19:54:59",211.97,865.08,,,,"     ",5.30,99.82,3.96
1771,554740357,"01771M20:07:00.271","01771 19:55:00",211.92,865.02,,,,"     ",5.30,100.08,3.97
1771,554740358,"01771M20:07:01.244","01771 19:55:01",211.88,865.00,,,,"     ",5.30,99.48,3.95
1771,554740359,"01771M20:07:02.217","01771 19:55:02",211.86,865.02,,,,"     ",5.30,99.59,3.95
1771,554740360,"01771M20:07:03.190","01771 19:55:03",211.86,864.97,,,,"     ",5.30,99.50,3.95
1771,554740361,"01771M20:07:04.164","01771 19:55:04",211.87,865.06,,,,"     ",5.30,99.71,3.96
1771,554740362,"01771M20:07:05.137","01771 19:55:05",211.89,865.03,,,,"     ",5.30,99.78,3.96
1771,554740363,"01771M20:07:06.110","01771 19:55:06",211.91,865.11,,,,"     ",5.30,99.00,3.93
1771,554740364,"01771M20:07:07.083","01771 19:55:07",211.92,865.09,,,,"     ",5.30,99.66,3.96
1771,554740365,"01771M20:07:08.057","01771 19:55:08",211.93,865.11,,,,"     ",5.30,99.30,3.95
1771,554740366,"01771M20:07:09.030","01771 19:55:09",211.94,865.07,,,,"     ",5.30,99.10,3.94
1771,554740367,"01771M20:07:10.003","01771 19:55:10",211.95,865.13,,,,"     ",5.30,98.81,3.93
1771,554740368,"01771M20:07:10.976","01771 19:55:11",211.97,865.10,,,,"     ",5.30,99.68,3.96
1771,554740369,"01771M20:07:11.950","01771 19:55:12",212.00,865.05,,,,"     ",5.30,99.02,3.94
1771,554740370,"01771M20:07:12.923","01771 19:55:13",212.03,865.04,,,,"     ",5.30,99.14,3.94
1771,554740371,"01771M20:07:13.896","01771 19:55:14",212.07,865.02,,,,"     ",5.30,99.00,3.94
1771,554740372,"01771M20:07:14.869","01771 19:55:14",212.11,865.06,,,,"     ",5.30,99.28,3.95
1771,554740373,"01771M20:07:15.843","01771 19:55:15",212.17,865.04,,,,"     ",5.30,98.70,3.93
1771,554740374,"01771M20:07:16.816","01771 19:55:16",212.22,865.12,,,,"     ",5.30,98.68,3.93
1771,554740375,"01771M20:07:17.789","01771 19:55:17",212.25,865.04,,,,"     ",5.30,99.48,3.96
1771,554740376,"01771M20:07:18.762","01771 19:55:18",212.27,865.09,,,,"     ",5.30,99.06,3.94
1771,554740377,"01771M20:07:19.736","01771 19:55:19",212.27,865.05,,,,"     ",5.30,98.91,3.94
1771,554740378,"01771M20:07:20.709","01771 19:55:20",212.25,865.16,,,,"     ",5.30,98.39,3.92
1771,554740379,"01771M20:07:21.682","01771 19:55:21",212.21,865.09,,,,"     ",5.30,98.29,3.92
1771,554740380,"01771M20:07:22.655","01771 19:55:22",212.16,865.07,,,,"     ",5.30,98.74,3.93
1771,554740381,"01771M20:07:23.629","01771 19:55:23",212.09,865.12,,,,"     ",5.30,98.77,3.94
1771,554740382,"01771M20:07:24.602","01771 19:55:24",212.02,865.10,,,,"     ",5.30,98.78,3.94
1771,554740383,"01771M20:07:25.575","01771 19:55:25",211.96,865.09,,,,"     ",5.30,98.46,3.92
1771,554740384,"01771M20:07:26.548","01771 19:55:26",211.91,865.11,,,,"     ",5.30,98.36,3.92
1771,554740385,"01771M20:07:27.522","01771 19:55:27",211.88,865.14,,,,"     ",5.30,98.38,3.92
1771,554740386,"01771M20:07:28.495","01771 19:55:28",211.86,865.02,,,,"     ",5.30,98.15,3.92
1771,554740387,"01771M20:07:29.468","01771 19:55:29",211.86,865.08,,,,"     ",5.30,98.81,3.94
1771,554740388,"01771M20:07:30.441","01771 19:55:30",211.88,865.05,,,,"     ",5.30,98.75,3.94
1771,554740389,"01771M20:07:31.415","01771 19:55:31",211.90,865.03,,,,"     ",5.30,98.68,3.94
1771,554740390,"01771M20:07:32.388","01771 19:55:32",211.93,865.09,,,,"     ",5.30,98.65,3.94
1771,554740391,"01771M20:07:33.361","01771 19:55:33",211.97,865.14,,,,"     ",5.30,99.11,3.96
1771,554740392,"01771M20:07:34.334","01771 19:55:34",212.00,865.10,,,,"     ",5.30,98.52,3.93
1771,554740393,"01771M20:07:35.308","01771 19:55:35",212.04,865.09,,,,"     ",5.30,97.63,3.90
1771,554740394,"01771M20:07:36.281","01771 19:55:36",212.08,865.12,,,,"     ",5.30,98.40,3.93
1771,554740395,"01771M20:07:37.254","01771 19:55:37",212.14,865.19,,,,"     ",5.30,98.56,3.94
1771,554740396,"01771M20:07:38.227","01771 19:55:38",212.21,865.17,,,,"     ",5.30,97.75,3.91
1771,554740397,"01771M20:07:39.201","01771 19:55:39",212.28,865.11,,,,"     ",5.30,98.58,3.94
1771,554740398,"01771M20:07:40.174","01771 19:55:40",212.34,865.15,,,,"     ",5.30,98.46,3.94
1771,554740399,"01771M20:07:41.147","01771 19:55:41",212.40,865.11,,,,"     ",5.30,98.24,3.93
1771,554740400,"01771M20:07:42.120","01771 19:55:42",212.43,865.16,,,,"     ",5.30,98.38,3.93
1771,554740401,"01771M20:07:43.094","01771 19:55:43",212.44,865.14,,,,"     ",5.30,98.32,3.93
1771,554740402,"01771M20:07:44.067","01771 19:55:44",212.43,865.11,,,,"     ",5.30,98.44,3.94
1771,554740403,"01771M20:07:45.040","01771 19:55:45",212.40,865.07,,,,"     ",5.30,97.60,3.90
1771,554740404,"01771M20:07:46.013","01771 19:55:46",212.36,865.11,,,,"     ",5.30,97.95,3.92
1771,554740405,"01771M20:07:46.987","01771 19:55:47",212.30,865.11,,,,"     ",5.30,98.37,3.94
1771,554740406,"01771M20:07:47.960","01771 19:55:48",212.24,865.10,,,,"     ",5.30,98.39,3.94
1771,554740407,"01771M20:07:48.933","01771 19:55:49",212.17,865.08,,,,"     ",5.30,98.07,3.93
1771,554740408,"01771M20:07:49.906","01771 19:55:50",212.11,865.07,,,,"     ",5.30,98.43,3.94
1771,554740409,"01771M20:07:50.880","01771 19:55:50",212.05,865.07,,,,"     ",5.30,98.15,3.93
1771,554740410,"01771M20:07:51.853","01771 19:55:51",212.01,865.09,,,,"     ",5.30,98.64,3.95
1771,554740411,"01771M20:07:52.826","01771 19:55:52",211.97,865.10,,,,"     ",5.30,98.79,3.96
1771,554740412,"01771M20:07:53.799","01771 19:55:53",211.95,865.08,,,,"     ",5.30,98.27,3.94
1771,554740413,"01771M20:07:54.773","01771 19:55:54",211.93,865.06,,,,"     ",5.30,98.59,3.95
1771,554740414,"01771M20:07:55.746","01771 19:55:55",211.93,865.09,,,,"     ",5.30,98.21,3.93
1771,554740415,"01771M20:07:56.719","01771 19:55:56",211.94,865.09,,,,"     ",5.30,98.46,3.95
1771,554740416,"01771M20:07:57.692","01771 19:55:57",211.97,865.10,,,,"     ",5.30,98.67,3.96
1771,554740417,"01771M20:07:58.666","01771 19:55:58",212.01,865.10,,,,"     ",5.30,98.61,3.95
1771,554740418,"01771M20:07:59.639","01771 19:55:59",212.06,865.11,,,,"     ",5.30,98.43,3.95
1771,554740419,"01771M20:08:00.612","01771 19:56:00",212.11,865.11,,,,"     ",5.30,98.50,3.95
1771,554740420,"01771M20:08:01.585","01771 19:56:01",212.17,865.08,,,,"     ",5.30,98.58,3.95
1771,554740421,"01771M20:08:02.559","01771 19:56:02",212.24,865.12,,,,"     ",5.30,99.31,3.98
1771,554740422,"01771M20:08:03.532","01771 19:56:03",212.30,865.08,,,,"     ",5.30,98.36,3.94
1771,554740423,"01771M20:08:04.505","01771 19:56:04",212.36,865.10,,,,"     ",5.30,98.65,3.96
1771,554740424,"01771M20:08:05.478","01771 19:56:05",212.42,865.09,,,,"     ",5.30,98.83,3.96
1771,554740425,"01771M20:08:06.452","01771 19:56:06",212.48,865.04,,,,"     ",5.30,98.91,3.97
1771,554740426,"01771M20:08:07.425","01771 19:56:07",212.54,865.13,,,,"     ",5.30,98.31,3.94
1771,554740427,"01771M20:08:08.398","01771 19:56:08",212.59,865.12,,,,"     ",5.30,98.89,3.97
1771,554740428,"01771M20:08:09.372","01771 19:56:09",212.63,865.05,,,,"     ",5.30,99.08,3.97
1771,554740429,"01771M20:08:10.345","01771 19:56:10",212.65,865.13,,,,"     ",5.30,98.66,3.96
1771,554740430,"01771M20:08:11.318","01771 19:56:11",212.66,865.06,,,,"     ",5.30,98.87,3.97
1771,554740431,"01771M20:08:12.291","01771 19:56:12",212.66,865.12,,,,"     ",5.30,99.15,3.98
1771,554740432,"01771M20:08:13.265","01771 19:56:13",212.63,865.15,,,,"     ",5.30,98.51,3.95
1771,554740433,"01771M20:08:14.238","01771 19:56:14",212.59,865.07,,,,"     ",5.30,98.76,3.96
1771,554740434,"01771M20:08:15.211","01771 19:56:15",212.54,865.11,,,,"     ",5.30,98.90,3.97
1771,554740435,"01771M20:08:16.184","01771 19:56:16",212.49,865.11,,,,"     ",5.30,99.18,3.98
1771,554740436,"01771M20:08:17.158","01771 19:56:17",212.43,865.13,,,,"     ",5.30,99.01,3.97
1771,554740437,"01771M20:08:18.131","01771 19:56:18",212.36,865.14,,,,"     ",5.30,99.29,3.98
1771,554740438,"01771M20:08:19.104","01771 19:56:19",212.29,865.16,,,,"     ",5.30,98.99,3.97
1771,554740439,"01771M20:08:20.077","01771 19:56:20",212.23,865.17,,,,"     ",5.30,98.79,3.96
1771,554740440,"01771M20:08:21.051","01771 19:56:21",212.17,865.15,,,,"     ",5.30,98.72,3.96
1771,554740441,"01771M20:08:22.024","01771 19:56:22",212.11,865.17,,,,"     ",5.30,98.79,3.96
1771,554740442,"01771M20:08:22.997","01771 19:56:23",212.07,865.06,,,,"     ",5.30,98.48,3.95
1771,554740443,"01771M20:08:23.970","01771 19:56:24",212.03,865.06,,,,"     ",5.30,99.22,3.98
1771,554740444,"01771M20:08:24.944","01771 19:56:25",212.00,865.09,,,,"     ",5.30,98.52,3.95
1771,554740445,"01771M20:08:25.917","01771 19:56:26",211.98,865.10,,,,"     ",5.30,99.01,3.97
1771,554740446,"01771M20:08:26.890","01771 19:56:27",211.98,865.14,,,,"     ",5.30,98.76,3.96
1771,554740447,"01771M20:08:27.863","01771 19:56:27",211.97,865.16,,,,"     ",5.30,98.80,3.97
1771,554740448,"01771M20:08:28.837","01771 19:56:28",211.98,865.21,,,,"     ",5.30,98.65,3.96
1771,554740449,"01771M20:08:29.810","01771 19:56:29",212.00,865.20,,,,"     ",5.30,98.70,3.96
1771,554740450,"01771M20:08:30.783","01771 19:56:30",212.03,865.07,,,,"     ",5.30,98.67,3.96
1771,554740451,"01771M20:08:31.756","01771 19:56:31",212.06,865.12,,,,"     ",5.30,98.46,3.95
1771,554740452,"01771M20:08:32.730","01771 19:56:32",212.09,865.22,,,,"     ",5.30,98.66,3.96
1771,554740453,"01771M20:08:33.703","01771 19:56:33",212.12,865.11,,,,"     ",5.30,99.20,3.98
1771,554740454,"01771M20:08:34.676","01771 19:56:34",212.13,865.18,,,,"     ",5.30,98.82,3.97
1771,554740455,"01771M20:08:35.649","01771 19:56:35",212.13,865.11,,,,"     ",5.30,98.93,3.97
1771,554740456,"01771M20:08:36.623","01771 19:56:36",212.11,865.11,,,,"     ",5.30,98.33,3.95
1771,554740457,"01771M20:08:37.596","01771 19:56:37",212.09,865.11,,,,"     ",5.30,98.50,3.95
1771,554740458,"01771M20:08:38.569","01771 19:56:38",212.05,865.13,,,,"     ",5.30,98.82,3.97
1771,554740459,"01771M20:08:39.542","01771 19:56:39",212.02,865.11,,,,"     ",5.30,98.12,3.94
1771,554740460,"01771M20:08:40.516","01771 19:56:40",212.00,865.09,,,,"     ",5.30,99.14,3.98
1771,554740461,"01771M20:08:41.489","01771 19:56:41",211.98,865.12,,,,"     ",5.30,98.55,3.96
1771,554740462,"01771M20:08:42.462","01771 19:56:42",211.98,865.10,,,,"     ",5.30,98.86,3.97
1771,554740463,"01771M20:08:43.435","01771 19:56:43",211.99,865.20,,,,"     ",5.30,98.68,3.96
1771,554740464,"01771M20:08:44.409","01771 19:56:44",212.02,865.11,,,,"     ",5.30,98.82,3.97
1771,554740465,"01771M20:08:45.382","01771 19:56:45",212.06,865.12,,,,"     ",5.30,98.89,3.97
1771,554740466,"01771M20:08:46.355","01771 19:56:46",212.11,865.17,,,,"     ",5.30,99.51,4.00
1771,554740467,"01771M20:08:47.328","01771 19:56:47",212.17,865.19,,,,"     ",5.30,98.67,3.96
1771,554740468,"01771M20:08:48.302","01771 19:56:48",212.24,865.24,,,,"     ",5.30,98.53,3.96
1771,554740469,"01771M20:08:49.275","01771 19:56:49",212.32,865.29,,,,"     ",5.30,99.37,3.99
1771,554740470,"01771M20:08:50.248","01771 19:56:50",212.40,865.28,,,,"     ",5.30,99.44,3.99
1771,554740471,"01771M20:08:51.221","01771 19:56:51",212.49,865.26,,,,"     ",5.30,99.44,3.99
1771,554740472,"01771M20:08:52.195","01771 19:56:52",212.59,865.24,,,,"     ",5.30,98.64,3.96
1771,554740473,"01771M20:08:53.168","01771 19:56:53",212.68,865.18,,,,"     ",5.30,98.92,3.97
1771,554740474,"01771M20:08:54.141","01771 19:56:54",212.75,865.15,,,,"     ",5.30,98.84,3.97
1771,554740475,"01771M20:08:55.114","01771 19:56:55",212.82,865.15,,,,"     ",5.30,99.09,3.98
1771,554740476,"01771M20:08:56.088","01771 19:56:56",212.85,865.20,,,,"     ",5.30,98.75,3.97
1771,554740477,"01771M20:08:57.061","01771 19:56:57",212.87,865.21,,,,"     ",5.30,99.28,3.99
1771,554740478,"01771M20:08:58.034","01771 19:56:58",212.87,865.29,,,,"     ",5.30,98.99,3.98
1771,554740479,"01771M20:08:59.007","01771 19:56:59",212.83,865.14,,,,"     ",5.30,98.98,3.98
1771,554740480,"01771M20:08:59.981","01771 19:57:00",212.78,865.27,,,,"     ",5.30,98.69,3.97
1771,554740481,"01771M20:09:00.954","01771 19:57:01",212.72,865.32,,,,"     ",5.30,98.68,3.97
1771,554740482,"01771M20:09:01.927","01771 19:57:02",212.64,865.25,,,,"     ",5.30,98.54,3.96
1771,554740483,"01771M20:09:02.900","01771 19:57:03",212.57,865.19,,,,"     ",5.30,98.42,3.96
1771,554740484,"01771M20:09:03.874","01771 19:57:04",212.52,865.15,,,,"     ",5.30,99.16,3.99
1771,554740485,"01771M20:09:04.847","01771 19:57:04",212.48,865.26,,,,"     ",5.30,98.83,3.97
1771,554740486,"01771M20:09:05.820","01771 19:57:05",212.46,865.18,,,,"     ",5.30,98.78,3.97
1771,554740487,"01771M20:09:06.793","01771 19:57:06",212.46,865.26,,,,"     ",5.30,98.66,3.97
1771,554740488,"01771M20:09:07.767","01771 19:57:07",212.49,865.31,,,,"     ",5.30,99.04,3.98
1771,554740489,"01771M20:09:08.740","01771 19:57:08",212.52,865.37,,,,"     ",5.30,99.00,3.98
1771,554740490,"01771M20:09:09.713","01771 19:57:09",212.56,865.38,,,,"     ",5.30,99.25,3.99
1771,554740491,"01771M20:09:10.686","01771 19:57:10",212.61,865.30,,,,"     ",5.30,98.52,3.96
1771,554740492,"01771M20:09:11.660","01771 19:57:11",212.67,865.25,,,,"     ",5.30,99.27,3.99
1771,554740493,"01771M20:09:12.633","01771 19:57:12",212.74,865.17,,,,"     ",5.30,98.76,3.97
1771,554740494,"01771M20:09:13.606","01771 19:57:13",212.80,865.27,,,,"     ",5.30,99.34,4.00
1771,554740495,"01771M20:09:14.579","01771 19:57:14",212.86,865.24,,,,"     ",5.30,98.44,3.96
1771,554740496,"01771M20:09:15.553","01771 19:57:15",212.93,865.31,,,,"     ",5.30,98.64,3.97
1771,554740497,"01771M20:09:16.526","01771 19:57:16",213.00,865.33,,,,"     ",5.30,98.00,3.94
1771,554740498,"01771M20:09:17.499","01771 19:57:17",213.05,865.22,,,,"     ",5.30,99.21,3.99
1771,554740499,"01771M20:09:18.473","01771 19:57:18",213.10,865.26,,,,"     ",5.30,98.96,3.98
1771,554740500,"01771M20:09:19.446","01771 19:57:19",213.13,865.30,,,,"     ",5.30,98.68,3.97
1771,554740501,"01771M20:09:20.419","01771 19:57:20",213.15,865.23,,,,"     ",5.30,98.90,3.98
1771,554740502,"01771M20:09:21.392","01771 19:57:21",213.17,865.26,,,,"     ",5.30,98.83,3.98
1771,554740503,"01771M20:09:22.366","01771 19:57:22",213.17,865.24,,,,"     ",5.30,99.07,3.99
1771,554740504,"01771M20:09:23.339","01771 19:57:23",213.16,865.27,,,,"     ",5.30,99.28,4.00
1771,554740505,"01771M20:09:24.312","01771 19:57:24",213.14,865.20,,,,"     ",5.30,99.26,3.99
1771,554740506,"01771M20:09:25.285","01771 19:57:25",213.11,865.23,,,,"     ",5.30,98.52,3.96
1771,554740507,"01771M20:09:26.259","01771 19:57:26",213.07,865.25,,,,"     ",5.30,99.04,3.98
1771,554740508,"01771M20:09:27.232","01771 19:57:27",213.02,865.17,,,,"     ",5.30,99.02,3.98
1771,554740509,"01771M20:09:28.205","01771 19:57:28",212.97,865.21,,,,"     ",5.30,98.30,3.95
1771,554740510,"01771M20:09:29.178","01771 19:57:29",212.91,865.20,,,,"     ",5.30,98.95,3.98
1771,554740511,"01771M20:09:30.152","01771 19:57:30",212.86,865.20,,,,"     ",5.30,99.29,4.00
1771,554740512,"01771M20:09:31.125","01771 19:57:31",212.82,865.22,,,,"     ",5.30,99.53,4.00
1771,554740513,"01771M20:09:32.098","01771 19:57:32",212.79,865.21,,,,"     ",5.30,98.78,3.97
1771,554740514,"01771M20:09:33.071","01771 19:57:33",212.79,865.33,,,,"     ",5.30,98.90,3.98
1771,554740515,"01771M20:09:34.045","01771 19:57:34",212.81,865.33,,,,"     ",5.30,99.39,4.00
1771,554740516,"01771M20:09:35.018","01771 19:57:35",212.84,865.30,,,,"     ",5.30,99.36,4.00
1771,554740517,"01771M20:09:35.991","01771 19:57:36",212.90,865.40,,,,"     ",5.30,98.97,3.98
1771,554740518,"01771M20:09:36.964","01771 19:57:37",212.97,865.37,,,,"     ",5.30,98.87,3.98
1771,554740519,"01771M20:09:37.938","01771 19:57:38",213.05,865.32,,,,"     ",5.30,99.60,4.01
1771,554740520,"01771M20:09:38.911","01771 19:57:39",213.14,865.40,,,,"     ",5.30,99.69,4.01
1771,554740521,"01771M20:09:39.884","01771 19:57:40",213.23,865.31,,,,"     ",5.30,99.49,4.00
1771,554740522,"01771M20:09:40.857","01771 19:57:41",213.32,865.34,,,,"     ",5.30,99.71,4.01
1771,554740523,"01771M20:09:41.831","01771 19:57:41",213.41,865.29,,,,"     ",5.30,99.42,4.00
1771,554740524,"01771M20:09:42.804","01771 19:57:42",213.49,865.29,,,,"     ",5.30,99.29,4.00
1771,554740525,"01771M20:09:43.777","01771 19:57:43",213.57,865.32,,,,"     ",5.30,99.26,4.00
1771,554740526,"01771M20:09:44.750","01771 19:57:44",213.64,865.40,,,,"     ",5.30,99.88,4.02
1771,554740527,"01771M20:09:45.724","01771 19:57:45",213.71,865.33,,,,"     ",5.30,99.67,4.01
1771,554740528,"01771M20:09:46.697","01771 19:57:46",213.78,865.36,,,,"     ",5.30,99.17,3.99
1771,554740529,"01771M20:09:47.670","01771 19:57:47",213.83,865.32,,,,"     ",5.30,99.28,3.99
1771,554740530,"01771M20:09:48.643","01771 19:57:48",213.87,865.41,,,,"     ",5.30,99.55,4.01
1771,554740531,"01771M20:09:49.617","01771 19:57:49",213.89,865.38,,,,"     ",5.30,99.38,4.00
1771,554740532,"01771M20:09:50.590","01771 19:57:50",213.89,865.36,,,,"     ",5.30,98.58,3.97
1771,554740533,"01771M20:09:51.563","01771 19:57:51",213.87,865.32,,,,"     ",5.30,99.25,3.99
1771,554740534,"01771M20:09:52.536","01771 19:57:52",213.84,865.32,,,,"     ",5.30,98.94,3.98
1771,554740535,"01771M20:09:53.510","01771 19:57:53",213.81,865.32,,,,"     ",5.30,99.59,4.01
1771,554740536,"01771M20:09:54.483","01771 19:57:54",213.78,865.24,,,,"     ",5.30,100.48,4.04
1771,554740537,"01771M20:09:55.456","01771 19:57:55",213.75,865.32,,,,"     ",5.30,99.59,4.01
1771,554740538,"01771M20:09:56.429","01771 19:57:56",213.73,865.32,,,,"     ",5.30,99.75,4.01
1771,554740539,"01771M20:09:57.403","01771 19:57:57",213.71,865.33,,,,"     ",5.30,99.48,4.00
1771,554740540,"01771M20:09:58.376","01771 19:57:58",213.70,865.31,,,,"     ",5.30,100.29,4.03
1771,554740541,"01771M20:09:59.349","01771 19:57:59",213.70,865.31,,,,"     ",5.30,100.60,4.05
1771,554740542,"01771M20:10:00.322","01771 19:58:00",213.70,865.32,,,,"     ",5.30,99.72,4.01
1771,554740543,"01771M20:10:01.296","01771 19:58:01",213.72,865.30,,,,"     ",5.30,99.33,3.99
1771,554740544,"01771M20:10:02.269","01771 19:58:02",213.75,865.38,,,,"     ",5.30,99.78,4.01
1771,554740545,"01771M20:10:03.242","01771 19:58:03",213.79,865.43,,,,"     ",5.30,99.46,4.00
1771,554740546,"01771M20:10:04.215","01771 19:58:04",213.82,865.42,,,,"     ",5.30,99.99,4.02
1771,554740547,"01771M20:10:05.189","01771 19:58:05",213.86,865.36,,,,"     ",5.30,99.89,4.02
1771,554740548,"01771M20:10:06.162","01771 19:58:06",213.89,865.38,,,,"     ",5.30,100.35,4.04
1771,554740549,"01771M20:10:07.135","01771 19:58:07",213.92,865.42,,,,"     ",5.30,100.10,4.03
1771,554740550,"01771M20:10:08.108","01771 19:58:08",213.93,865.36,,,,"     ",5.30,100.09,4.02
1771,554740551,"01771M20:10:09.082","01771 19:58:09",213.92,865.40,,,,"     ",5.30,100.22,4.03
1771,554740552,"01771M20:10:10.055","01771 19:58:10",213.91,865.47,,,,"     ",5.30,99.18,3.99
1771,554740553,"01771M20:10:11.028","01771 19:58:11",214.41,865.41,,,,"     ",5.30,100.45,4.04
1771,554740554,"01771M20:10:12.001","01771 19:58:12",214.41,865.40,,,,"     ",5.30,100.58,4.05
1771,554740555,"01771M20:10:12.975","01771 19:58:13",214.40,865.38,,,,"     ",5.30,100.19,4.03
1771,554740556,"01771M20:10:13.948","01771 19:58:14",214.38,865.33,,,,"     ",5.30,100.28,4.03
1771,554740557,"01771M20:10:14.921","01771 19:58:15",214.34,865.40,,,,"     ",5.30,100.50,4.04
1771,554740558,"01771M20:10:15.894","01771 19:58:16",214.30,865.43,,,,"     ",5.30,100.08,4.02
1771,554740559,"01771M20:10:16.868","01771 19:58:17",214.25,865.35,,,,"     ",5.30,100.26,4.03
1771,554740560,"01771M20:10:17.841","01771 19:58:17",214.20,865.30,,,,"     ",5.30,100.40,4.04
1771,554740561,"01771M20:10:18.814","01771 19:58:18",214.15,865.43,,,,"     ",5.30,99.94,4.02
1771,554740562,"01771M20:10:19.787","01771 19:58:19",214.09,865.32,,,,"     ",5.30,100.45,4.04
1771,554740563,"01771M20:10:20.761","01771 19:58:20",214.05,865.32,,,,"     ",5.30,100.51,4.04
1771,554740564,"01771M20:10:21.734","01771 19:58:21",214.01,865.34,,,,"     ",5.30,100.99,4.06
1771,554740565,"01771M20:10:22.707","01771 19:58:22",213.99,865.33,,,,"     ",5.30,100.68,4.05
1771,554740566,"01771M20:10:23.680","01771 19:58:23",213.97,865.41,,,,"     ",5.30,100.35,4.03
1771,554740567,"01771M20:10:24.654","01771 19:58:24",213.95,865.33,,,,"     ",5.30,99.69,4.01
1771,554740568,"01771M20:10:25.627","01771 19:58:25",213.94,865.37,,,,"     ",5.30,99.97,4.02
1771,554740569,"01771M20:10:26.600","01771 19:58:26",213.94,865.46,,,,"     ",5.30,99.86,4.01
1771,554740570,"01771M20:10:27.574","01771 19:58:27",213.93,865.35,,,,"     ",5.30,100.60,4.04
1771,554740571,"01771M20:10:28.547","01771 19:58:28",213.93,865.43,,,,"     ",5.30,99.89,4.01
1771,554740572,"01771M20:10:29.520","01771 19:58:29",213.93,865.53,,,,"     ",5.30,100.16,4.03
1771,554740573,"01771M20:10:30.493","01771 19:58:30",213.94,865.48,,,,"     ",5.30,100.30,4.03
1771,554740574,"01771M20:10:31.467","01771 19:58:31",213.94,865.42,,,,"     ",5.30,100.04,4.02
1771,554740575,"01771M20:10:32.440","01771 19:58:32",213.96,865.42,,,,"     ",5.30,100.74,4.05
1771,554740576,"01771M20:10:33.413","01771 19:58:33",213.97,865.39,,,,"     ",5.30,100.80,4.05
1771,554740577,"01771M20:10:34.386","01771 19:58:34",213.99,865.39,,,,"     ",5.30,100.56,4.04
1771,554740578,"01771M20:10:35.360","01771 19:58:35",214.01,865.43,,,,"     ",5.30,100.21,4.03
1771,554740579,"01771M20:10:36.333","01771 19:58:36",214.04,865.50,,,,"     ",5.30,100.19,4.02
1771,554740580,"01771M20:10:37.306","01771 19:58:37",214.07,865.41,,,,"     ",5.30,100.80,4.05
1771,554740581,"01771M20:10:38.279","01771 19:58:38",214.10,865.44,,,,"     ",5.30,100.90,4.05
1771,554740582,"01771M20:10:39.253","01771 19:58:39",214.14,865.45,,,,"     ",5.30,100.13,4.02
1771,554740583,"01771M20:10:40.226","01771 19:58:40",214.18,865.42,,,,"     ",5.30,100.15,4.02
1771,554740584,"01771M20:10:41.199","01771 19:58:41",214.20,865.45,,,,"     ",5.30,100.89,4.05
1771,554740585,"01771M20:10:42.172","01771 19:58:42",214.17,865.42,,,,"     ",5.30,100.74,4.05
1771,554740586,"01771M20:10:43.146","01771 19:58:43",214.14,865.39,,,,"     ",5.30,100.83,4.05
1771,554740587,"01771M20:10:44.119","01771 19:58:44",214.12,865.40,,,,"     ",5.30,100.79,4.05
1771,554740588,"01771M20:10:45.092","01771 19:58:45",214.11,865.42,,,,"     ",5.30,100.40,4.03
1771,554740589,"01771M20:10:46.065","01771 19:58:46",214.10,865.40,,,,"     ",5.30,101.10,4.06
1771,554740590,"01771M20:10:47.039","01771 19:58:47",214.10,865.48,,,,"     ",5.30,100.18,4.02
1771,554740591,"01771M20:10:48.012","01771 19:58:48",214.10,865.41,,,,"     ",5.30,101.10,4.06
1771,554740592,"01771M20:10:48.985","01771 19:58:49",214.11,865.41,,,,"     ",5.30,100.57,4.04
1771,554740593,"01771M20:10:49.958","01771 19:58:50",214.12,865.48,,,,"     ",5.30,100.98,4.05
1771,554740594,"01771M20:10:50.932","01771 19:58:51",214.14,865.52,,,,"     ",5.30,100.28,4.03
1771,554740595,"01771M20:10:51.905","01771 19:58:52",214.16,865.39,,,,"     ",5.30,101.09,4.06
1771,554740596,"01771M20:10:52.878","01771 19:58:53",214.19,865.51,,,,"     ",5.30,100.39,4.03
1771,554740597,"01771M20:10:53.851","01771 19:58:54",214.21,865.47,,,,"     ",5.30,100.62,4.04
1771,554740598,"01771M20:10:54.825","01771 19:58:54",214.25,865.46,,,,"     ",5.30,100.88,4.05
1771,554740599,"01771M20:10:55.798","01771 19:58:55",214.29,865.44,,,,"     ",5.30,100.56,4.04
1771,554740600,"01771M20:10:56.771","01771 19:58:56",214.33,865.46,,,,"     ",5.30,100.31,4.03
1771,554740601,"01771M20:10:57.744","01771 19:58:57",214.38,865.48,,,,"     ",5.30,100.80,4.05
1771,554740602,"01771M20:10:58.718","01771 19:58:58",214.44,865.50,,,,"     ",5.30,100.91,4.05
1771,554740603,"01771M20:10:59.691","01771 19:58:59",214.52,865.39,,,,"     ",5.30,100.78,4.05
1771,554740604,"01771M20:11:00.664","01771 19:59:00",214.61,865.39,,,,"     ",5.30,100.53,4.04
1771,554740605,"01771M20:11:01.637","01771 19:59:01",214.67,865.50,,,,"     ",5.30,99.96,4.01
1771,554740606,"01771M20:11:02.611","01771 19:59:02",214.73,865.58,,,,"     ",5.30,100.05,4.02
1771,554740607,"01771M20:11:03.584","01771 19:59:03",214.77,865.48,,,,"     ",5.30,100.42,4.03
1771,554740608,"01771M20:11:04.557","01771 19:59:04",214.81,865.44,,,,"     ",5.30,100.73,4.04
1771,554740609,"01771M20:11:05.530","01771 19:59:05",214.84,865.44,,,,"     ",5.30,100.22,4.02
1771,554740610,"01771M20:11:06.504","01771 19:59:06",214.85,865.41,,,,"     ",5.30,100.53,4.04
1771,554740611,"01771M20:11:07.477","01771 19:59:07",214.86,865.43,,,,"     ",5.30,101.06,4.06
1771,554740612,"01771M20:11:08.450","01771 19:59:08",214.85,865.49,,,,"     ",5.30,100.99,4.06
1771,554740613,"01771M20:11:09.423","01771 19:59:09",214.83,865.46,,,,"     ",5.30,100.67,4.04
1771,554740614,"01771M20:11:10.397","01771 19:59:10",214.82,865.49,,,,"     ",5.30,100.38,4.03
1771,554740615,"01771M20:11:11.370","01771 19:59:11",214.81,865.51,,,,"     ",5.30,100.57,4.04
1771,554740616,"01771M20:11:12.343","01771 19:59:12",214.82,865.43,,,,"     ",5.30,100.49,4.03
1771,554740617,"01771M20:11:13.316","01771 19:59:13",214.85,865.51,,,,"     ",5.30,100.20,4.02
1771,554740618,"01771M20:11:14.290","01771 19:59:14",214.87,865.51,,,,"     ",5.30,99.85,4.01
1771,554740619,"01771M20:11:15.263","01771 19:59:15",214.90,865.56,,,,"     ",5.30,100.71,4.04
1771,554740620,"01771M20:11:16.236","01771 19:59:16",214.91,865.52,,,,"     ",5.30,100.73,4.05
1771,554740621,"01771M20:11:17.209","01771 19:59:17",214.91,865.60,,,,"     ",5.30,100.47,4.03
1771,554740622,"01771M20:11:18.183","01771 19:59:18",214.90,865.44,,,,"     ",5.30,100.99,4.05
1771,554740623,"01771M20:11:19.156","01771 19:59:19",214.86,865.49,,,,"     ",5.30,100.13,4.02
1771,554740624,"01771M20:11:20.129","01771 19:59:20",214.81,865.55,,,,"     ",5.30,101.04,4.06
1771,554740625,"01771M20:11:21.102","01771 19:59:21",214.73,865.49,,,,"     ",5.30,99.86,4.01
1771,554740626,"01771M20:11:22.076","01771 19:59:22",214.64,865.60,,,,"     ",5.30,100.65,4.04
1771,554740627,"01771M20:11:23.049","01771 19:59:23",214.53,865.51,,,,"     ",5.30,100.38,4.03
1771,554740628,"01771M20:11:24.022","01771 19:59:24",214.42,865.54,,,,"     ",5.30,100.24,4.02
1771,554740629,"01771M20:11:24.995","01771 19:59:25",213.79,865.58,,,,"     ",5.30,100.06,4.02
1771,554740630,"01771M20:11:25.969","01771 19:59:26",213.66,865.55,,,,"     ",5.30,100.03,4.02
1771,554740631,"01771M20:11:26.942","01771 19:59:27",213.54,865.49,,,,"     ",5.30,100.04,4.02
1771,554740632,"01771M20:11:27.915","01771 19:59:28",213.44,865.62,,,,"     ",5.30,100.27,4.03
1771,554740633,"01771M20:11:28.888","01771 19:59:29",213.36,865.58,,,,"     ",5.30,99.83,4.01
1771,554740634,"01771M20:11:29.862","01771 19:59:30",213.29,865.56,,,,"     ",5.30,100.42,4.03
1771,554740635,"01771M20:11:30.835","01771 19:59:31",213.25,865.65,,,,"     ",5.30,99.67,4.00
1771,554740636,"01771M20:11:31.808","01771 19:59:31",213.22,865.64,,,,"     ",5.30,99.95,4.01
1771,554740637,"01771M20:11:32.781","01771 19:59:32",213.20,865.61,,,,"     ",5.30,100.53,4.04
1771,554740638,"01771M20:11:33.755","01771 19:59:33",213.20,865.59,,,,"     ",5.30,99.72,4.01
1771,554740639,"01771M20:11:34.728","01771 19:59:34",213.21,865.55,,,,"     ",5.30,99.90,4.01
1771,554740640,"01771M20:11:35.701","01771 19:59:35",213.24,865.48,,,,"     ",5.30,100.05,4.02
1771,554740641,"01771M20:11:36.675","01771 19:59:36",213.26,865.58,,,,"     ",5.30,99.62,4.00
1771,554740642,"01771M20:11:37.648","01771 19:59:37",213.30,865.49,,,,"     ",5.30,99.98,4.02
1771,554740643,"01771M20:11:38.621","01771 19:59:38",213.34,865.46,,,,"     ",5.30,100.34,4.03
1771,554740644,"01771M20:11:39.594","01771 19:59:39",214.03,865.42,,,,"     ",5.30,100.45,4.04
1771,554740645,"01771M20:11:40.568","01771 19:59:40",214.09,865.48,,,,"     ",5.30,100.90,4.05
1771,554740646,"01771M20:11:41.541","01771 19:59:41",214.15,865.53,,,,"     ",5.30,100.03,4.02
1771,554740647,"01771M20:11:42.514","01771 19:59:42",214.21,865.49,,,,"     ",5.30,100.65,4.04
1771,554740648,"01771M20:11:43.487","01771 19:59:43",214.28,865.52,,,,"     ",5.30,100.12,4.02
1771,554740649,"01771M20:11:44.461","01771 19:59:44",214.34,865.53,,,,"     ",5.30,100.86,4.05
1771,554740650,"01771M20:11:45.434","01771 19:59:45",214.40,865.48,,,,"     ",5.30,101.01,4.06
1771,554740651,"01771M20:11:46.407","01771 19:59:46",214.45,865.52,,,,"     ",5.30,100.92,4.06
1771,554740652,"01771M20:11:47.380","01771 19:59:47",214.51,865.45,,,,"     ",5.30,100.76,4.05
1771,554740653,"01771M20:11:48.354","01771 19:59:48",214.57,865.53,,,,"     ",5.30,100.84,4.05
1771,554740654,"01771M20:11:49.327","01771 19:59:49",214.63,865.49,,,,"     ",5.30,100.71,4.05
1771,554740655,"01771M20:11:50.300","01771 19:59:50",214.69,865.57,,,,"     ",5.30,101.34,4.07
1771,554740656,"01771M20:11:51.273","01771 19:59:51",214.76,865.58,,,,"     ",5.30,100.94,4.05
1771,554740657,"01771M20:11:52.247","01771 19:59:52",214.82,865.53,,,,"     ",5.30,102.04,4.10
1771,554740658,"01771M20:11:53.220","01771 19:59:53",214.88,865.56,,,,"     ",5.30,101.93,4.09
1771,554740659,"01771M20:11:54.193","01771 19:59:54",214.94,865.65,,,,"     ",5.30,101.31,4.07
1771,554740660,"01771M20:11:55.166","01771 19:59:55",215.00,865.64,,,,"     ",5.30,100.93,4.05
1771,554740661,"01771M20:11:56.140","01771 19:59:56",215.05,865.62,,,,"     ",5.30,100.72,4.04
1771,554740662,"01771M20:11:57.113","01771 19:59:57",215.10,865.65,,,,"     ",5.30,101.34,4.07
1771,554740663,"01771M20:11:58.086","01771 19:59:58",215.14,865.58,,,,"     ",5.30,101.24,4.06
1771,554740664,"01771M20:11:59.059","01771 19:59:59",215.18,865.65,,,,"     ",5.30,101.83,4.09
1771,554740665,"01771M20:12:00.033","01771 20:00:00",215.21,865.60,,,,"     ",5.30,101.79,4.09
1771,554740666,"01771M20:12:01.006","01771 20:00:01",215.23,865.52,,,,"     ",5.30,101.94,4.09
1771,554740667,"01771M20:12:01.979","01771 20:00:02",215.24,865.57,,,,"     ",5.30,102.14,4.10
1771,554740668,"01771M20:12:02.952","01771 20:00:03",215.25,865.56,,,,"     ",5.30,102.21,4.10
1771,554740669,"01771M20:12:03.926","01771 20:00:04",215.25,865.56,,,,"     ",5.30,102.09,4.10
1771,554740670,"01771M20:12:04.899","01771 20:00:05",215.25,865.54,,,,"     ",5.30,101.53,4.07
1771,554740671,"01771M20:12:05.872","01771 20:00:06",215.24,865.63,,,,"     ",5.30,101.69,4.08
1771,554740672,"01771M20:12:06.845","01771 20:00:07",215.23,865.63,,,,"     ",5.30,101.89,4.08
1771,554740673,"01771M20:12:07.819","01771 20:00:07",215.22,865.59,,,,"     ",5.30,101.96,4.09
1771,554740674,"01771M20:12:08.792","01771 20:00:08",215.21,865.60,,,,"     ",5.30,101.53,4.07
1771,554740675,"01771M20:12:09.765","01771 20:00:09",215.20,865.62,,,,"     ",5.30,102.27,4.10
1771,554740676,"01771M20:12:10.738","01771 20:00:10",215.20,865.57,,,,"     ",5.30,102.48,4.11
1771,554740677,"01771M20:12:11.712","01771 20:00:11",215.21,865.56,,,,"     ",5.30,101.91,4.08
1771,554740678,"01771M20:12:12.685","01771 20:00:12",215.22,865.60,,,,"     ",5.30,101.76,4.07
1771,554740679,"01771M20:12:13.658","01771 20:00:13",215.23,865.59,,,,"     ",5.30,102.07,4.08
1771,554740680,"01771M20:12:14.631","01771 20:00:14",215.24,865.53,,,,"     ",5.30,102.45,4.10
1771,554740681,"01771M20:12:15.605","01771 20:00:15",215.25,865.56,,,,"     ",5.30,102.62,4.11
1771,554740682,"01771M20:12:16.578","01771 20:00:16",215.27,865.63,,,,"     ",5.30,102.15,4.09
1771,554740683,"01771M20:12:17.551","01771 20:00:17",215.29,865.69,,,,"     ",5.30,102.29,4.09
1771,554740684,"01771M20:12:18.524","01771 20:00:18",215.31,865.63,,,,"     ",5.30,102.53,4.10
1771,554740685,"01771M20:12:19.498","01771 20:00:19",215.35,865.65,,,,"     ",5.30,102.42,4.10
1771,554740686,"01771M20:12:20.471","01771 20:00:20",215.40,865.70,,,,"     ",5.30,102.83,4.11
1771,554740687,"01771M20:12:21.444","01771 20:00:21",215.44,865.69,,,,"     ",5.30,102.68,4.10
1771,554740688,"01771M20:12:22.417","01771 20:00:22",215.49,865.67,,,,"     ",5.30,102.44,4.09
1771,554740689,"01771M20:12:23.391","01771 20:00:23",215.55,865.63,,,,"     ",5.30,103.10,4.12
1771,554740690,"01771M20:12:24.364","01771 20:00:24",215.60,865.70,,,,"     ",5.30,102.04,4.08
1771,554740691,"01771M20:12:25.337","01771 20:00:25",215.66,865.75,,,,"     ",5.30,102.66,4.10
1771,554740692,"01771M20:12:26.310","01771 20:00:26",215.72,865.68,,,,"     ",5.30,103.19,4.12
1771,554740693,"01771M20:12:27.284","01771 20:00:27",215.77,865.71,,,,"     ",5.30,102.86,4.11
1771,554740694,"01771M20:12:28.257","01771 20:00:28",215.82,865.68,,,,"     ",5.30,102.27,4.08
1771,554740695,"01771M20:12:29.230","01771 20:00:29",215.84,865.63,,,,"     ",5.30,102.55,4.09
1771,554740696,"01771M20:12:30.203","01771 20:00:30",215.86,865.71,,,,"     ",5.30,102.85,4.11
1771,554740697,"01771M20:12:31.177","01771 20:00:31",215.85,865.60,,,,"     ",5.30,102.90,4.11
1771,554740698,"01771M20:12:32.150","01771 20:00:32",215.83,865.67,,,,"     ",5.30,102.89,4.11
1771,554740699,"01771M20:12:33.123","01771 20:00:33",215.79,865.64,,,,"     ",5.30,102.85,4.10
1771,554740700,"01771M20:12:34.096","01771 20:00:34",215.75,865.64,,,,"     ",5.30,103.05,4.11
1771,554740701,"01771M20:12:35.070","01771 20:00:35",215.70,865.60,,,,"     ",5.30,102.92,4.10
1771,554740702,"01771M20:12:36.043","01771 20:00:36",215.66,865.59,,,,"     ",5.30,102.55,4.09
1771,554740703,"01771M20:12:37.016","01771 20:00:37",215.63,865.59,,,,"     ",5.30,102.94,4.10
1771,554740704,"01771M20:12:37.989","01771 20:00:38",215.61,865.61,,,,"     ",5.30,102.41,4.08
1771,554740705,"01771M20:12:38.963","01771 20:00:39",215.59,865.61,,,,"     ",5.30,102.67,4.09
1771,554740706,"01771M20:12:39.936","01771 20:00:40",215.58,865.59,,,,"     ",5.30,102.01,4.06
1771,554740707,"01771M20:12:40.909","01771 20:00:41",215.57,865.62,,,,"     ",5.30,102.82,4.10
1771,554740708,"01771M20:12:41.882","01771 20:00:42",215.55,865.62,,,,"     ",5.30,102.24,4.07
1771,554740709,"01771M20:12:42.856","01771 20:00:43",215.52,865.61,,,,"     ",5.30,102.57,4.09
1771,554740710,"01771M20:12:43.829","01771 20:00:44",215.49,865.60,,,,"     ",5.30,101.93,4.06
1771,554740711,"01771M20:12:44.802","01771 20:00:44",215.44,865.62,,,,"     ",5.30,102.53,4.08
1771,554740712,"01771M20:12:45.776","01771 20:00:45",215.40,865.56,,,,"     ",5.30,102.56,4.08
1771,554740713,"01771M20:12:46.749","01771 20:00:46",215.35,865.54,,,,"     ",5.30,102.93,4.10
1771,554740714,"01771M20:12:47.722","01771 20:00:47",215.31,865.60,,,,"     ",5.30,102.42,4.08
1771,554740715,"01771M20:12:48.695","01771 20:00:48",215.27,865.66,,,,"     ",5.30,102.49,4.08
1771,554740716,"01771M20:12:49.669","01771 20:00:49",215.24,865.73,,,,"     ",5.30,102.26,4.07
1771,554740717,"01771M20:12:50.642","01771 20:00:50",215.22,865.76,,,,"     ",5.30,101.44,4.04
1771,554740718,"01771M20:12:51.615","01771 20:00:51",215.21,865.75,,,,"     ",5.30,102.57,4.09
1771,554740719,"01771M20:12:52.588","01771 20:00:52",215.20,865.77,,,,"     ",5.30,101.97,4.06
1771,554740720,"01771M20:12:53.562","01771 20:00:53",215.19,865.73,,,,"     ",5.30,102.55,4.09
1771,554740721,"01771M20:12:54.535","01771 20:00:54",215.18,865.75,,,,"     ",5.30,102.29,4.07
1771,554740722,"01771M20:12:55.508","01771 20:00:55",215.16,865.73,,,,"     ",5.30,102.16,4.07
1771,554740723,"01771M20:12:56.481","01771 20:00:56",215.15,865.76,,,,"     ",5.30,102.08,4.07
1771,554740724,"01771M20:12:57.455","01771 20:00:57",215.13,865.75,,,,"     ",5.30,101.61,4.05
1771,554740725,"01771M20:12:58.428","01771 20:00:58",215.11,865.68,,,,"     ",5.30,101.30,4.03
1771,554740726,"01771M20:12:59.401","01771 20:00:59",215.08,865.71,,,,"     ",5.30,101.47,4.04
1771,554740727,"01771M20:13:00.374","01771 20:01:00",215.06,865.70,,,,"     ",5.30,101.65,4.05
1771,554740728,"01771M20:13:01.348","01771 20:01:01",215.04,865.60,,,,"     ",5.30,102.13,4.07
1771,554740729,"01771M20:13:02.321","01771 20:01:02",215.01,865.73,,,,"     ",5.30,102.04,4.06
1771,554740730,"01771M20:13:03.294","01771 20:01:03",214.99,865.77,,,,"     ",5.30,101.69,4.05
1771,554740731,"01771M20:13:04.267","01771 20:01:04",214.96,865.70,,,,"     ",5.30,101.63,4.05
1771,554740732,"01771M20:13:05.241","01771 20:01:05",214.91,865.70,,,,"     ",5.30,101.92,4.06
1771,554740733,"01771M20:13:06.214","01771 20:01:06",214.86,865.76,,,,"     ",5.30,101.87,4.06
1771,554740734,"01771M20:13:07.187","01771 20:01:07",214.79,865.77,,,,"     ",5.30,101.91,4.06
1771,554740735,"01771M20:13:08.160","01771 20:01:08",214.71,865.72,,,,"     ",5.30,101.25,4.04
1771,554740736,"01771M20:13:09.134","01771 20:01:09",214.63,865.75,,,,"     ",5.30,101.57,4.05
1771,554740737,"01771M20:13:10.107","01771 20:01:10",214.55,865.74,,,,"     ",5.30,101.07,4.03
1771,554740738,"01771M20:13:11.080","01771 20:01:11",214.48,865.76,,,,"     ",5.30,101.46,4.05
1771,554740739,"01771M20:13:12.053","01771 20:01:12",214.44,865.75,,,,"     ",5.30,101.05,4.03
1771,554740740,"01771M20:13:13.027","01771 20:01:13",214.42,865.82,,,,"     ",5.30,100.68,4.01
1771,554740741,"01771M20:13:14.000","01771 20:01:14",214.43,865.76,,,,"     ",5.30,101.26,4.04
1771,554740742,"01771M20:13:14.973","01771 20:01:15",214.46,865.71,,,,"     ",5.30,100.85,4.02
1771,554740743,"01771M20:13:15.946","01771 20:01:16",214.49,865.72,,,,"     ",5.30,100.86,4.02
1771,554740744,"01771M20:13:16.920","01771 20:01:17",214.54,865.78,,,,"     ",5.30,100.57,4.01
1771,554740745,"01771M20:13:17.893","01771 20:01:18",214.59,865.73,,,,"     ",5.30,100.54,4.01
1771,554740746,"01771M20:13:18.866","01771 20:01:19",214.64,865.74,,,,"     ",5.30,101.54,4.05
1771,554740747,"01771M20:13:19.839","01771 20:01:20",214.67,865.78,,,,"     ",5.30,101.15,4.04
1771,554740748,"01771M20:13:20.813","01771 20:01:21",214.70,865.82,,,,"     ",5.30,100.37,4.01
1771,554740749,"01771M20:13:21.786","01771 20:01:21",214.71,865.81,,,,"     ",5.30,100.23,4.00
1771,554740750,"01771M20:13:22.759","01771 20:01:22",214.72,865.86,,,,"     ",5.30,100.83,4.03
1771,554740751,"01771M20:13:23.732","01771 20:01:23",214.71,865.82,,,,"     ",5.30,100.66,4.02
1771,554740752,"01771M20:13:24.706","01771 20:01:24",214.70,865.75,,,,"     ",5.30,100.90,4.03
1771,554740753,"01771M20:13:25.679","01771 20:01:25",214.69,865.80,,,,"     ",5.30,101.27,4.04
1771,554740754,"01771M20:13:26.652","01771 20:01:26",214.68,865.79,,,,"     ",5.30,100.71,4.02
1771,554740755,"01771M20:13:27.625","01771 20:01:27",214.67,865.76,,,,"     ",5.30,101.14,4.04
1771,554740756,"01771M20:13:28.599","01771 20:01:28",214.66,865.70,,,,"     ",5.30,100.76,4.02
1771,554740757,"01771M20:13:29.572","01771 20:01:29",214.65,865.71,,,,"     ",5.30,101.11,4.04
1771,554740758,"01771M20:13:30.545","01771 20:01:30",214.63,865.74,,,,"     ",5.30,101.26,4.05
1771,554740759,"01771M20:13:31.518","01771 20:01:31",214.62,865.77,,,,"     ",5.30,100.79,4.03
1771,554740760,"01771M20:13:32.492","01771 20:01:32",214.60,865.77,,,,"     ",5.30,100.88,4.03
1771,554740761,"01771M20:13:33.465","01771 20:01:33",214.58,865.79,,,,"     ",5.30,100.94,4.03
1771,554740762,"01771M20:13:34.438","01771 20:01:34",214.57,865.78,,,,"     ",5.30,101.85,4.07
1771,554740763,"01771M20:13:35.411","01771 20:01:35",214.57,865.84,,,,"     ",5.30,100.69,4.03
1771,554740764,"01771M20:13:36.385","01771 20:01:36",214.57,865.80,,,,"     ",5.30,101.24,4.05
1771,554740765,"01771M20:13:37.358","01771 20:01:37",214.59,865.85,,,,"     ",5.30,100.69,4.03
1771,554740766,"01771M20:13:38.331","01771 20:01:38",214.61,865.85,,,,"     ",5.30,101.37,4.06
1771,554740767,"01771M20:13:39.304","01771 20:01:39",214.63,865.89,,,,"     ",5.30,101.54,4.06
1771,554740768,"01771M20:13:40.278","01771 20:01:40",214.64,865.85,,,,"     ",5.30,101.01,4.04
1771,554740769,"01771M20:13:41.251","01771 20:01:41",214.64,865.84,,,,"     ",5.30,101.39,4.06
1771,554740770,"01771M20:13:42.224","01771 20:01:42",214.63,865.78,,,,"     ",5.30,101.13,4.04
1771,554740771,"01771M20:13:43.197","01771 20:01:43",214.61,865.79,,,,"     ",5.30,101.38,4.06
1771,554740772,"01771M20:13:44.171","01771 20:01:44",214.58,865.79,,,,"     ",5.30,101.84,4.07
1771,554740773,"01771M20:13:45.144","01771 20:01:45",214.54,865.79,,,,"     ",5.30,100.76,4.03
1771,554740774,"01771M20:13:46.117","01771 20:01:46",214.49,865.83,,,,"     ",5.30,102.12,4.09
1771,554740775,"01771M20:13:47.090","01771 20:01:47",214.45,865.88,,,,"     ",5.30,101.52,4.06
1771,554740776,"01771M20:13:48.064","01771 20:01:48",214.41,865.82,,,,"     ",5.30,101.45,4.06
1771,554740777,"01771M20:13:49.037","01771 20:01:49",214.39,865.86,,,,"     ",5.30,101.38,4.06
1771,554740778,"01771M20:13:50.010","01771 20:01:50",214.38,865.85,,,,"     ",5.30,100.87,4.03
1771,554740779,"01771M20:13:50.983","01771 20:01:51",214.39,865.87,,,,"     ",5.30,101.03,4.04
1771,554740780,"01771M20:13:51.957","01771 20:01:52",214.41,865.88,,,,"     ",5.30,101.56,4.06
1771,554740781,"01771M20:13:52.930","01771 20:01:53",214.45,865.87,,,,"     ",5.30,101.31,4.05
1771,554740782,"01771M20:13:53.903","01771 20:01:54",214.50,865.82,,,,"     ",5.30,101.21,4.05
1771,554740783,"01771M20:13:54.876","01771 20:01:55",214.54,865.73,,,,"     ",5.30,101.09,4.04
1771,554740784,"01771M20:13:55.850","01771 20:01:56",214.58,865.84,,,,"     ",5.30,100.89,4.04
1771,554740785,"01771M20:13:56.823","01771 20:01:57",214.61,865.83,,,,"     ",5.30,101.30,4.05
1771,554740786,"01771M20:13:57.796","01771 20:01:58",214.63,865.87,,,,"     ",5.30,101.04,4.04
1771,554740787,"01771M20:13:58.770","01771 20:01:58",214.63,865.79,,,,"     ",5.30,101.22,4.05
1771,554740788,"01771M20:13:59.743","01771 20:01:59",214.63,865.78,,,,"     ",5.30,101.05,4.04
1771,554740789,"01771M20:14:00.716","01771 20:02:00",214.61,865.75,,,,"     ",5.30,101.06,4.05
1771,554740790,"01771M20:14:01.689","01771 20:02:01",214.58,865.76,,,,"     ",5.30,101.24,4.05
1771,554740791,"01771M20:14:02.663","01771 20:02:02",214.55,865.82,,,,"     ",5.30,100.89,4.04
1771,554740792,"01771M20:14:03.636","01771 20:02:03",214.51,865.83,,,,"     ",5.30,101.41,4.06
1771,554740793,"01771M20:14:04.609","01771 20:02:04",214.48,865.88,,,,"     ",5.30,100.77,4.04
1771,554740794,"01771M20:14:05.582","01771 20:02:05",214.44,865.82,,,,"     ",5.30,100.71,4.03
1771,554740795,"01771M20:14:06.556","01771 20:02:06",214.41,865.85,,,,"     ",5.30,101.18,4.05
1771,554740796,"01771M20:14:07.529","01771 20:02:07",214.37,865.83,,,,"     ",5.30,101.38,4.06
1771,554740797,"01771M20:14:08.502","01771 20:02:08",214.34,865.86,,,,"     ",5.30,100.81,4.04
1771,554740798,"01771M20:14:09.475","01771 20:02:09",214.32,865.81,,,,"     ",5.30,100.71,4.03
1771,554740799,"01771M20:14:10.449","01771 20:02:10",214.31,865.87,,,,"     ",5.30,100.85,4.04
1771,554740800,"01771M20:14:11.422","01771 20:02:11",214.32,865.91,,,,"     ",5.30,101.06,4.05
1771,554740801,"01771M20:14:12.395","01771 20:02:12",214.35,865.87,,,,"     ",5.30,100.75,4.04
1771,554740802,"01771M20:14:13.368","01771 20:02:13",214.39,865.89,,,,"     ",5.30,101.00,4.05
1771,554740803,"01771M20:14:14.342","01771 20:02:14",214.45,865.81,,,,"     ",5.30,101.21,4.06
1771,554740804,"01771M20:14:15.315","01771 20:02:15",214.52,865.77,,,,"     ",5.30,101.41,4.06
1771,554740805,"01771M20:14:16.288","01771 20:02:16",214.60,865.82,,,,"     ",5.30,101.54,4.07
1771,554740806,"01771M20:14:17.261","01771 20:02:17",214.70,865.88,,,,"     ",5.30,101.08,4.05
1771,554740807,"01771M20:14:18.235","01771 20:02:18",214.79,865.83,,,,"     ",5.30,102.10,4.09
1771,554740808,"01771M20:14:19.208","01771 20:02:19",214.88,865.85,,,,"     ",5.30,101.40,4.06
1771,554740809,"01771M20:14:20.181","01771 20:02:20",214.95,865.89,,,,"     ",5.30,101.19,4.06
1771,554740810,"01771M20:14:21.154","01771 20:02:21",215.00,865.85,,,,"     ",5.30,101.44,4.07
1771,554740811,"01771M20:14:22.128","01771 20:02:22",215.04,865.80,,,,"     ",5.30,101.22,4.06
1771,554740812,"01771M20:14:23.101","01771 20:02:23",215.06,865.80,,,,"     ",5.30,101.76,4.08
1771,554740813,"01771M20:14:24.074","01771 20:02:24",215.07,865.87,,,,"     ",5.30,101.92,4.09
1771,554740814,"01771M20:14:25.047","01771 20:02:25",215.08,865.88,,,,"     ",5.30,101.11,4.05
1771,554740815,"01771M20:14:26.021","01771 20:02:26",215.08,865.86,,,,"     ",5.30,101.29,4.06
1771,554740816,"01771M20:14:26.994","01771 20:02:27",215.07,865.91,,,,"     ",5.30,101.82,4.08
1771,554740817,"01771M20:14:27.967","01771 20:02:28",215.06,865.84,,,,"     ",5.30,101.79,4.08
1771,554740818,"01771M20:14:28.940","01771 20:02:29",215.05,865.93,,,,"     ",5.30,101.75,4.08
1771,554740819,"01771M20:14:29.914","01771 20:02:30",215.04,865.84,,,,"     ",5.30,101.18,4.05
1771,554740820,"01771M20:14:30.887","01771 20:02:31",215.03,865.85,,,,"     ",5.30,101.54,4.07
1771,554740821,"01771M20:14:31.860","01771 20:02:32",215.03,865.87,,,,"     ",5.30,101.72,4.08
1771,554740822,"01771M20:14:32.833","01771 20:02:33",215.03,865.94,,,,"     ",5.30,101.84,4.08
1771,554740823,"01771M20:14:33.807","01771 20:02:34",215.04,865.88,,,,"     ",5.30,101.32,4.06
1771,554740824,"01771M20:14:34.780","01771 20:02:34",215.05,865.87,,,,"     ",5.30,102.24,4.10
1771,554740825,"01771M20:14:35.753","01771 20:02:35",215.08,865.96,,,,"     ",5.30,102.05,4.09
1771,554740826,"01771M20:14:36.726","01771 20:02:36",215.12,865.95,,,,"     ",5.30,102.01,4.09
1771,554740827,"01771M20:14:37.700","01771 20:02:37",215.17,865.88,,,,"     ",5.30,101.13,4.05
1771,554740828,"01771M20:14:38.673","01771 20:02:38",215.23,865.97,,,,"     ",5.30,102.53,4.11
1771,554740829,"01771M20:14:39.646","01771 20:02:39",215.29,865.90,,,,"     ",5.30,102.23,4.10
1771,554740830,"01771M20:14:40.619","01771 20:02:40",215.35,866.04,,,,"     ",5.30,101.89,4.08
1771,554740831,"01771M20:14:41.593","01771 20:02:41",215.41,865.90,,,,"     ",5.30,102.29,4.10
1771,554740832,"01771M20:14:42.566","01771 20:02:42",215.47,865.99,,,,"     ",5.30,102.04,4.09
1771,554740833,"01771M20:14:43.539","01771 20:02:43",215.54,865.97,,,,"     ",5.30,102.52,4.11
1771,554740834,"01771M20:14:44.512","01771 20:02:44",215.60,865.94,,,,"     ",5.30,101.99,4.08
1771,554740835,"01771M20:14:45.486","01771 20:02:45",215.66,865.97,,,,"     ",5.30,102.31,4.10
1771,554740836,"01771M20:14:46.459","01771 20:02:46",215.71,865.97,,,,"     ",5.30,102.09,4.09
1771,554740837,"01771M20:14:47.432","01771 20:02:47",215.76,865.98,,,,"     ",5.30,102.58,4.11
1771,554740838,"01771M20:14:48.405","01771 20:02:48",215.81,865.97,,,,"     ",5.30,102.33,4.10
1771,554740839,"01771M20:14:49.379","01771 20:02:49",215.84,865.95,,,,"     ",5.30,101.80,4.07
1771,554740840,"01771M20:14:50.352","01771 20:02:50",215.86,865.91,,,,"     ",5.30,102.25,4.09
1771,554740841,"01771M20:14:51.325","01771 20:02:51",215.88,865.91,,,,"     ",5.30,102.99,4.12
1771,554740842,"01771M20:14:52.298","01771 20:02:52",215.88,865.93,,,,"     ",5.30,102.77,4.11
1771,554740843,"01771M20:14:53.272","01771 20:02:53",215.86,865.91,,,,"     ",5.30,102.43,4.10
1771,554740844,"01771M20:14:54.245","01771 20:02:54",215.83,865.91,,,,"     ",5.30,103.03,4.12
1771,554740845,"01771M20:14:55.218","01771 20:02:55",215.79,865.95,,,,"     ",5.30,102.45,4.10
1771,554740846,"01771M20:14:56.191","01771 20:02:56",215.75,865.94,,,,"     ",5.30,102.76,4.11
1771,554740847,"01771M20:14:57.165","01771 20:02:57",215.71,865.89,,,,"     ",5.30,102.70,4.11
1771,554740848,"01771M20:14:58.138","01771 20:02:58",215.68,865.90,,,,"     ",5.30,103.00,4.12
1771,554740849,"01771M20:14:59.111","01771 20:02:59",215.65,865.91,,,,"     ",5.30,102.52,4.10
1771,554740850,"01771M20:15:00.084","01771 20:03:00",215.63,865.99,,,,"     ",5.30,102.89,4.11
1771,554740851,"01771M20:15:01.058","01771 20:03:01",215.62,866.00,,,,"     ",5.30,102.46,4.10
1771,554740852,"01771M20:15:02.031","01771 20:03:02",215.60,865.93,,,,"     ",5.30,102.96,4.11
1771,554740853,"01771M20:15:03.004","01771 20:03:03",215.59,865.92,,,,"     ",5.30,103.28,4.13
1771,554740854,"01771M20:15:03.977","01771 20:03:04",215.59,865.86,,,,"     ",5.30,102.78,4.11
1771,554740855,"01771M20:15:04.951","01771 20:03:05",215.58,865.89,,,,"     ",5.30,102.46,4.09
1771,554740856,"01771M20:15:05.924","01771 20:03:06",215.57,865.89,,,,"     ",5.30,102.42,4.09
1771,554740857,"01771M20:15:06.897","01771 20:03:07",215.55,866.06,,,,"     ",5.30,103.00,4.12
1771,554740858,"01771M20:15:07.871","01771 20:03:08",215.54,865.96,,,,"     ",5.30,102.69,4.10
1771,554740859,"01771M20:15:08.844","01771 20:03:09",215.52,865.93,,,,"     ",5.30,103.62,4.14
1771,554740860,"01771M20:15:09.817","01771 20:03:10",215.49,866.01,,,,"     ",5.30,102.61,4.10
1771,554740861,"01771M20:15:10.790","01771 20:03:11",215.48,866.03,,,,"     ",5.30,103.15,4.12
1771,554740862,"01771M20:15:11.764","01771 20:03:11",215.47,866.01,,,,"     ",5.30,102.40,4.09
1771,554740863,"01771M20:15:12.737","01771 20:03:12",215.47,866.00,,,,"     ",5.30,102.60,4.10
1771,554740864,"01771M20:15:13.710","01771 20:03:13",215.47,865.98,,,,"     ",5.30,103.15,4.12
1771,554740865,"01771M20:15:14.683","01771 20:03:14",215.47,866.01,,,,"     ",5.30,102.64,4.10
1771,554740866,"01771M20:15:15.657","01771 20:03:15",215.48,866.00,,,,"     ",5.30,103.34,4.13
1771,554740867,"01771M20:15:16.630","01771 20:03:16",215.48,865.96,,,,"     ",5.30,103.24,4.12
1771,554740868,"01771M20:15:17.603","01771 20:03:17",215.48,865.93,,,,"     ",5.30,102.71,4.10
1771,554740869,"01771M20:15:18.576","01771 20:03:18",215.48,865.94,,,,"     ",5.30,102.61,4.10
1771,554740870,"01771M20:15:19.550","01771 20:03:19",215.48,866.03,,,,"     ",5.30,102.73,4.10
1771,554740871,"01771M20:15:20.523","01771 20:03:20",215.48,866.02,,,,"     ",5.30,103.33,4.12
1771,554740872,"01771M20:15:21.496","01771 20:03:21",215.49,865.99,,,,"     ",5.30,103.07,4.11
1771,554740873,"01771M20:15:22.469","01771 20:03:22",215.50,865.98,,,,"     ",5.30,102.78,4.10
1771,554740874,"01771M20:15:23.443","01771 20:03:23",215.50,866.02,,,,"     ",5.30,102.44,4.09
1771,554740875,"01771M20:15:24.416","01771 20:03:24",215.51,865.98,,,,"     ",5.30,103.06,4.11
1771,554740876,"01771M20:15:25.389","01771 20:03:25",215.52,866.01,,,,"     ",5.30,102.72,4.10
1771,554740877,"01771M20:15:26.362","01771 20:03:26",215.54,866.11,,,,"     ",5.30,103.33,4.13
1771,554740878,"01771M20:15:27.336","01771 20:03:27",215.56,866.01,,,,"     ",5.30,103.18,4.12
1771,554740879,"01771M20:15:28.309","01771 20:03:28",215.58,865.97,,,,"     ",5.30,102.90,4.11
1771,554740880,"01771M20:15:29.282","01771 20:03:29",215.60,866.03,,,,"     ",5.30,103.01,4.11
1771,554740881,"01771M20:15:30.255","01771 20:03:30",215.63,866.05,,,,"     ",5.30,102.75,4.10
1771,554740882,"01771M20:15:31.229","01771 20:03:31",215.66,865.91,,,,"     ",5.30,103.02,4.11
1771,554740883,"01771M20:15:32.202","01771 20:03:32",215.69,865.91,,,,"     ",5.30,102.87,4.10
1771,554740884,"01771M20:15:33.175","01771 20:03:33",215.72,865.99,,,,"     ",5.30,103.35,4.12
1771,554740885,"01771M20:15:34.148","01771 20:03:34",215.75,866.04,,,,"     ",5.30,103.38,4.12
1771,554740886,"01771M20:15:35.122","01771 20:03:35",215.79,865.96,,,,"     ",5.30,103.28,4.12
1771,554740887,"01771M20:15:36.095","01771 20:03:36",215.82,866.06,,,,"     ",5.30,102.35,4.08
1771,554740888,"01771M20:15:37.068","01771 20:03:37",215.86,865.99,,,,"     ",5.30,103.37,4.12
1771,554740889,"01771M20:15:38.041","01771 20:03:38",215.91,865.98,,,,"     ",5.30,103.30,4.12
1771,554740890,"01771M20:15:39.015","01771 20:03:39",215.95,865.95,,,,"     ",5.30,103.13,4.11
1771,554740891,"01771M20:15:39.988","01771 20:03:40",215.99,865.96,,,,"     ",5.30,103.12,4.11
1771,554740892,"01771M20:15:40.961","01771 20:03:41",215.87,865.97,,,,"     ",5.30,103.62,4.13
1771,554740893,"01771M20:15:41.934","01771 20:03:42",215.89,866.06,,,,"     ",5.30,103.46,4.12
1771,554740894,"01771M20:15:42.908","01771 20:03:43",215.90,865.99,,,,"     ",5.30,103.47,4.12
1771,554740895,"01771M20:15:43.881","01771 20:03:44",215.92,866.01,,,,"     ",5.30,103.10,4.11
1771,554740896,"01771M20:15:44.854","01771 20:03:45",215.94,866.05,,,,"     ",5.30,103.94,4.14
1771,554740897,"01771M20:15:45.827","01771 20:03:46",215.95,866.08,,,,"     ",5.30,103.47,4.12
1771,554740898,"01771M20:15:46.801","01771 20:03:47",215.96,866.03,,,,"     ",5.30,103.84,4.14
1771,554740899,"01771M20:15:47.774","01771 20:03:48",215.97,866.02,,,,"     ",5.30,104.04,4.14
1771,554740900,"01771M20:15:48.747","01771 20:03:48",215.98,866.01,,,,"     ",5.30,103.69,4.13
1771,554740901,"01771M20:15:49.720","01771 20:03:49",215.99,866.12,,,,"     ",5.30,103.36,4.12
1771,554740902,"01771M20:15:50.694","01771 20:03:50",216.00,866.03,,,,"     ",5.30,103.80,4.13
1771,554740903,"01771M20:15:51.667","01771 20:03:51",216.00,866.06,,,,"     ",5.30,102.94,4.10
1771,554740904,"01771M20:15:52.640","01771 20:03:52",216.00,866.09,,,,"     ",5.30,103.21,4.11
1771,554740905,"01771M20:15:53.613","01771 20:03:53",216.01,866.08,,,,"     ",5.30,103.39,4.12
1771,554740906,"01771M20:15:54.587","01771 20:03:54",216.01,866.12,,,,"     ",5.30,103.14,4.10
1771,554740907,"01771M20:15:55.560","01771 20:03:55",216.01,866.08,,,,"     ",5.30,103.18,4.11
1771,554740908,"01771M20:15:56.533","01771 20:03:56",216.01,866.05,,,,"     ",5.30,103.50,4.12
1771,554740909,"01771M20:15:57.506","01771 20:03:57",216.01,866.14,,,,"     ",5.30,103.49,4.12
1771,554740910,"01771M20:15:58.480","01771 20:03:58",216.01,866.19,,,,"     ",5.30,103.41,4.12
1771,554740911,"01771M20:15:59.453","01771 20:03:59",216.01,866.14,,,,"     ",5.30,102.51,4.08
1771,554740912,"01771M20:16:00.426","01771 20:04:00",216.00,866.15,,,,"     ",5.30,102.98,4.10
1771,554740913,"01771M20:16:01.399","01771 20:04:01",215.96,866.10,,,,"     ",5.30,102.53,4.08
1771,554740914,"01771M20:16:02.373","01771 20:04:02",215.91,866.15,,,,"     ",5.30,102.95,4.10
1771,554740915,"01771M20:16:03.346","01771 20:04:03",215.85,866.05,,,,"     ",5.30,102.25,4.07
1771,554740916,"01771M20:16:04.319","01771 20:04:04",215.78,866.05,,,,"     ",5.30,102.78,4.09
1771,554740917,"01771M20:16:05.292","01771 20:04:05",215.72,866.06,,,,"     ",5.30,102.95,4.10
1771,554740918,"01771M20:16:06.266","01771 20:04:06",215.66,866.10,,,,"     ",5.30,102.16,4.06
1771,554740919,"01771M20:16:07.239","01771 20:04:07",215.60,866.09,,,,"     ",5.30,102.67,4.08
1771,554740920,"01771M20:16:08.212","01771 20:04:08",215.54,866.11,,,,"     ",5.30,102.60,4.08
1771,554740921,"01771M20:16:09.185","01771 20:04:09",215.49,866.08,,,,"     ",5.30,102.46,4.08
1771,554740922,"01771M20:16:10.159","01771 20:04:10",215.44,866.17,,,,"     ",5.30,102.13,4.07
1771,554740923,"01771M20:16:11.132","01771 20:04:11",215.39,866.10,,,,"     ",5.30,101.61,4.04
1771,554740924,"01771M20:16:12.105","01771 20:04:12",215.34,866.09,,,,"     ",5.30,101.94,4.06
1771,554740925,"01771M20:16:13.078","01771 20:04:13",215.28,866.13,,,,"     ",5.30,102.46,4.08
1771,554740926,"01771M20:16:14.052","01771 20:04:14",215.23,866.19,,,,"     ",5.30,102.24,4.07
1771,554740927,"01771M20:16:15.025","01771 20:04:15",215.19,866.13,,,,"     ",5.30,102.12,4.07
1771,554740928,"01771M20:16:15.998","01771 20:04:16",215.15,866.08,,,,"     ",5.30,102.20,4.07
1771,554740929,"01771M20:16:16.972","01771 20:04:17",215.12,866.13,,,,"     ",5.30,102.83,4.10
1771,554740930,"01771M20:16:17.945","01771 20:04:18",215.11,866.17,,,,"     ",5.30,101.51,4.04
1771,554740931,"01771M20:16:18.918","01771 20:04:19",215.11,866.09,,,,"     ",5.30,101.88,4.06
1771,554740932,"01771M20:16:19.891","01771 20:04:20",215.13,866.09,,,,"     ",5.30,102.04,4.06
1771,554740933,"01771M20:16:20.865","01771 20:04:21",215.15,866.15,,,,"     ",5.30,102.20,4.07
1771,554740934,"01771M20:16:21.838","01771 20:04:22",215.18,866.20,,,,"     ",5.30,102.05,4.07
1771,554740935,"01771M20:16:22.811","01771 20:04:23",215.21,866.26,,,,"     ",5.30,101.30,4.03
1771,554740936,"01771M20:16:23.784","01771 20:04:24",215.24,866.23,,,,"     ",5.30,101.35,4.04
1771,554740937,"01771M20:16:24.758","01771 20:04:24",215.27,866.24,,,,"     ",5.30,101.95,4.06
1771,554740938,"01771M20:16:25.731","01771 20:04:25",215.30,866.25,,,,"     ",5.30,102.00,4.07
1771,554740939,"01771M20:16:26.704","01771 20:04:26",215.33,866.20,,,,"     ",5.30,101.83,4.06
1771,554740940,"01771M20:16:27.677","01771 20:04:27",215.35,866.24,,,,"     ",5.30,102.68,4.10
1771,554740941,"01771M20:16:28.651","01771 20:04:28",215.39,866.20,,,,"     ",5.30,101.88,4.06
1771,554740942,"01771M20:16:29.624","01771 20:04:29",215.43,866.23,,,,"     ",5.30,102.36,4.08
1771,554740943,"01771M20:16:30.597","01771 20:04:30",215.48,866.24,,,,"     ",5.30,101.66,4.06
1771,554740944,"01771M20:16:31.570","01771 20:04:31",215.54,866.14,,,,"     ",5.30,101.64,4.05
1771,554740945,"01771M20:16:32.544","01771 20:04:32",215.60,866.10,,,,"     ",5.30,101.87,4.06
1771,554740946,"01771M20:16:33.517","01771 20:04:33",215.66,866.14,,,,"     ",5.30,101.71,4.06
1771,554740947,"01771M20:16:34.490","01771 20:04:34",215.71,866.18,,,,"     ",5.30,101.95,4.07
1771,554740948,"01771M20:16:35.463","01771 20:04:35",215.75,866.12,,,,"     ",5.30,102.60,4.09
1771,554740949,"01771M20:16:36.437","01771 20:04:36",215.77,866.11,,,,"     ",5.30,101.54,4.05
1771,554740950,"01771M20:16:37.410","01771 20:04:37",215.77,866.15,,,,"     ",5.30,102.29,4.08
1771,554740951,"01771M20:16:38.383","01771 20:04:38",215.75,866.12,,,,"     ",5.30,101.82,4.06
1771,554740952,"01771M20:16:39.356","01771 20:04:39",215.72,866.18,,,,"     ",5.30,101.50,4.05
1771,554740953,"01771M20:16:40.330","01771 20:04:40",215.68,866.20,,,,"     ",5.30,102.59,4.09
1771,554740954,"01771M20:16:41.303","01771 20:04:41",215.64,866.15,,,,"     ",5.30,102.64,4.10
1771,554740955,"01771M20:16:42.276","01771 20:04:42",215.60,866.12,,,,"     ",5.30,102.22,4.08
1771,554740956,"01771M20:16:43.249","01771 20:04:43",215.57,866.21,,,,"     ",5.30,102.66,4.10
1771,554740957,"01771M20:16:44.223","01771 20:04:44",215.54,866.23,,,,"     ",5.30,102.30,4.08
1771,554740958,"01771M20:16:45.196","01771 20:04:45",215.52,866.18,,,,"     ",5.30,102.98,4.11
1771,554740959,"01771M20:16:46.169","01771 20:04:46",215.50,866.19,,,,"     ",5.30,102.94,4.11
1771,554740960,"01771M20:16:47.142","01771 20:04:47",215.49,866.22,,,,"     ",5.30,102.16,4.07
1771,554740961,"01771M20:16:48.116","01771 20:04:48",215.47,866.15,,,,"     ",5.30,102.51,4.09
1771,554740962,"01771M20:16:49.089","01771 20:04:49",215.46,866.14,,,,"     ",5.30,102.74,4.10
1771,554740963,"01771M20:16:50.062","01771 20:04:50",215.45,866.24,,,,"     ",5.30,101.91,4.06
1771,554740964,"01771M20:16:51.035","01771 20:04:51",215.44,866.20,,,,"     ",5.30,102.41,4.09
1771,554740965,"01771M20:16:52.009","01771 20:04:52",215.44,866.23,,,,"     ",5.30,102.37,4.08
1771,554740966,"01771M20:16:52.982","01771 20:04:53",215.44,866.21,,,,"     ",5.30,102.38,4.08
1771,554740967,"01771M20:16:53.955","01771 20:04:54",215.44,866.19,,,,"     ",5.30,102.90,4.10
1771,554740968,"01771M20:16:54.928","01771 20:04:55",215.45,866.16,,,,"     ",5.30,102.34,4.08
1771,554740969,"01771M20:16:55.902","01771 20:04:56",215.47,866.19,,,,"     ",5.30,102.47,4.09
1771,554740970,"01771M20:16:56.875","01771 20:04:57",215.50,866.27,,,,"     ",5.30,101.83,4.06
1771,554740971,"01771M20:16:57.848","01771 20:04:58",215.53,866.22,,,,"     ",5.30,102.37,4.08
1771,554740972,"01771M20:16:58.821","01771 20:04:59",215.56,866.20,,,,"     ",5.30,102.58,4.09
1771,554740973,"01771M20:16:59.795","01771 20:05:00",215.59,866.22,,,,"     ",5.30,102.64,4.09
1771,554740974,"01771M20:17:00.768","01771 20:05:01",215.63,866.21,,,,"     ",5.30,102.96,4.11
1771,554740975,"01771M20:17:01.741","01771 20:05:01",215.66,866.22,,,,"     ",5.30,102.86,4.10
1771,554740976,"01771M20:17:02.714","01771 20:05:02",215.68,866.21,,,,"     ",5.30,102.61,4.09
1771,554740977,"01771M20:17:03.688","01771 20:05:03",215.71,866.32,,,,"     ",5.30,102.62,4.09
1771,554740978,"01771M20:17:04.661","01771 20:05:04",215.75,866.34,,,,"     ",5.30,102.59,4.09
1771,554740979,"01771M20:17:05.634","01771 20:05:05",215.78,866.30,,,,"     ",5.30,102.57,4.09
1771,554740980,"01771M20:17:06.607","01771 20:05:06",215.80,866.35,,,,"     ",5.30,102.53,4.09
1771,554740981,"01771M20:17:07.581","01771 20:05:07",215.81,866.33,,,,"     ",5.30,102.95,4.11
1771,554740982,"01771M20:17:08.554","01771 20:05:08",215.81,866.30,,,,"     ",5.30,103.02,4.11
1771,554740983,"01771M20:17:09.527","01771 20:05:09",215.79,866.34,,,,"     ",5.30,101.56,4.05
1771,554740984,"01771M20:17:10.500","01771 20:05:10",215.78,866.32,,,,"     ",5.30,102.14,4.07
1771,554740985,"01771M20:17:11.474","01771 20:05:11",215.75,866.36,,,,"     ",5.30,102.69,4.10
1771,554740986,"01771M20:17:12.447","01771 20:05:12",215.73,866.31,,,,"     ",5.30,102.81,4.10
1771,554740987,"01771M20:17:13.420","01771 20:05:13",215.70,866.34,,,,"     ",5.30,102.95,4.11
1771,554740988,"01771M20:17:14.393","01771 20:05:14",215.67,866.30,,,,"     ",5.30,102.20,4.07
1771,554740989,"01771M20:17:15.367","01771 20:05:15",215.64,866.28,,,,"     ",5.30,101.78,4.06
1771,554740990,"01771M20:17:16.340","01771 20:05:16",215.62,866.30,,,,"     ",5.30,102.56,4.09
1771,554740991,"01771M20:17:17.313","01771 20:05:17",215.59,866.25,,,,"     ",5.30,102.35,4.08
1771,554740992,"01771M20:17:18.286","01771 20:05:18",215.57,866.28,,,,"     ",5.30,102.74,4.10
1771,554740993,"01771M20:17:19.260","01771 20:05:19",215.55,866.27,,,,"     ",5.30,102.70,4.09
1771,554740994,"01771M20:17:20.233","01771 20:05:20",215.54,866.22,,,,"     ",5.30,101.97,4.06
1771,554740995,"01771M20:17:21.206","01771 20:05:21",215.53,866.37,,,,"     ",5.30,102.49,4.09
1771,554740996,"01771M20:17:22.179","01771 20:05:22",215.53,866.22,,,,"     ",5.30,102.49,4.09
1771,554740997,"01771M20:17:23.153","01771 20:05:23",215.53,866.24,,,,"     ",5.30,102.89,4.10
1771,554740998,"01771M20:17:24.126","01771 20:05:24",215.53,866.32,,,,"     ",5.30,102.06,4.07
1771,554740999,"01771M20:17:25.099","01771 20:05:25",215.54,866.36,,,,"     ",5.30,102.70,4.10
1771,554741000,"01771M20:17:26.073","01771 20:05:26",215.55,866.33,,,,"     ",5.30,102.81,4.10
1771,554741001,"01771M20:17:27.046","01771 20:05:27",215.57,866.31,,,,"     ",5.30,103.13,4.11
1771,554741002,"01771M20:17:28.019","01771 20:05:28",215.60,866.29,,,,"     ",5.30,103.15,4.11
1771,554741003,"01771M20:17:28.992","01771 20:05:29",215.62,866.27,,,,"     ",5.30,102.99,4.11
1771,554741004,"01771M20:17:29.966","01771 20:05:30",215.64,866.30,,,,"     ",5.30,102.99,4.11
1771,554741005,"01771M20:17:30.939","01771 20:05:31",215.65,866.28,,,,"     ",5.30,102.67,4.09
1771,554741006,"01771M20:17:31.912","01771 20:05:32",215.64,866.26,,,,"     ",5.30,102.57,4.09
1771,554741007,"01771M20:17:32.885","01771 20:05:33",215.61,866.36,,,,"     ",5.30,102.51,4.09
1771,554741008,"01771M20:17:33.859","01771 20:05:34",215.56,866.36,,,,"     ",5.30,102.61,4.09
1771,554741009,"01771M20:17:34.832","01771 20:05:35",215.49,866.36,,,,"     ",5.30,102.72,4.09
1771,554741010,"01771M20:17:35.805","01771 20:05:36",215.43,866.37,,,,"     ",5.30,102.76,4.10
1771,554741011,"01771M20:17:36.778","01771 20:05:37",215.37,866.36,,,,"     ",5.30,102.86,4.10
1771,554741012,"01771M20:17:37.752","01771 20:05:38",215.31,866.35,,,,"     ",5.30,101.60,4.05
1771,554741013,"01771M20:17:38.725","01771 20:05:38",215.27,866.33,,,,"     ",5.30,102.83,4.10
1771,554741014,"01771M20:17:39.698","01771 20:05:39",215.25,866.29,,,,"     ",5.30,102.73,4.10
1771,554741015,"01771M20:17:40.671","01771 20:05:40",215.25,866.25,,,,"     ",5.30,102.31,4.08
1771,554741016,"01771M20:17:41.645","01771 20:05:41",215.26,866.31,,,,"     ",5.30,102.66,4.09
1771,554741017,"01771M20:17:42.618","01771 20:05:42",215.28,866.33,,,,"     ",5.30,103.09,4.11
1771,554741018,"01771M20:17:43.591","01771 20:05:43",215.31,866.29,,,,"     ",5.30,102.20,4.07
1771,554741019,"01771M20:17:44.564","01771 20:05:44",215.34,866.27,,,,"     ",5.30,102.34,4.08
1771,554741020,"01771M20:17:45.538","01771 20:05:45",215.39,866.36,,,,"     ",5.30,102.75,4.10
1771,554741021,"01771M20:17:46.511","01771 20:05:46",215.43,866.30,,,,"     ",5.30,103.06,4.11
1771,554741022,"01771M20:17:47.484","01771 20:05:47",215.48,866.33,,,,"     ",5.30,102.33,4.08
1771,554741023,"01771M20:17:48.457","01771 20:05:48",215.53,866.32,,,,"     ",5.30,102.13,4.07
1771,554741024,"01771M20:17:49.431","01771 20:05:49",215.57,866.39,,,,"     ",5.30,102.46,4.08
1771,554741025,"01771M20:17:50.404","01771 20:05:50",215.60,866.36,,,,"     ",5.30,101.91,4.06
1771,554741026,"01771M20:17:51.377","01771 20:05:51",215.62,866.34,,,,"     ",5.30,102.12,4.07
1771,554741027,"01771M20:17:52.350","01771 20:05:52",215.63,866.35,,,,"     ",5.30,102.80,4.10
1771,554741028,"01771M20:17:53.324","01771 20:05:53",215.63,866.33,,,,"     ",5.30,101.80,4.06
1771,554741029,"01771M20:17:54.297","01771 20:05:54",215.63,866.30,,,,"     ",5.30,102.98,4.11
1771,554741030,"01771M20:17:55.270","01771 20:05:55",215.62,866.33,,,,"     ",5.30,102.41,4.08
1771,554741031,"01771M20:17:56.243","01771 20:05:56",215.60,866.30,,,,"     ",5.30,102.41,4.08
1771,554741032,"01771M20:17:57.217","01771 20:05:57",215.57,866.41,,,,"     ",5.30,101.49,4.05
1771,554741033,"01771M20:17:58.190","01771 20:05:58",215.55,866.45,,,,"     ",5.30,101.52,4.05
1771,554741034,"01771M20:17:59.163","01771 20:05:59",215.52,866.42,,,,"     ",5.30,102.34,4.08
1771,554741035,"01771M20:18:00.136","01771 20:06:00",215.49,866.36,,,,"     ",5.30,102.21,4.08
1771,554741036,"01771M20:18:01.110","01771 20:06:01",215.45,866.39,,,,"     ",5.30,102.09,4.07
1771,554741037,"01771M20:18:02.083","01771 20:06:02",215.41,866.32,,,,"     ",5.30,101.51,4.05
1771,554741038,"01771M20:18:03.056","01771 20:06:03",215.38,866.37,,,,"     ",5.30,101.48,4.05
1771,554741039,"01771M20:18:04.029","01771 20:06:04",215.35,866.37,,,,"     ",5.30,102.04,4.07
1771,554741040,"01771M20:18:05.003","01771 20:06:05",215.32,866.33,,,,"     ",5.30,101.76,4.06
1771,554741041,"01771M20:18:05.976","01771 20:06:06",215.29,866.38,,,,"     ",5.30,101.17,4.04
1771,554741042,"01771M20:18:06.949","01771 20:06:07",215.25,866.41,,,,"     ",5.30,101.48,4.05
1771,554741043,"01771M20:18:07.922","01771 20:06:08",215.20,866.42,,,,"     ",5.30,101.80,4.06
1771,554741044,"01771M20:18:08.896","01771 20:06:09",215.16,866.42,,,,"     ",5.30,101.45,4.05
1771,554741045,"01771M20:18:09.869","01771 20:06:10",215.13,866.37,,,,"     ",5.30,101.46,4.05
1771,554741046,"01771M20:18:10.842","01771 20:06:11",215.10,866.44,,,,"     ",5.30,101.88,4.07
1771,554741047,"01771M20:18:11.815","01771 20:06:12",215.09,866.39,,,,"     ",5.30,101.78,4.07
1771,554741048,"01771M20:18:12.789","01771 20:06:13",215.08,866.42,,,,"     ",5.30,101.75,4.07
1771,554741049,"01771M20:18:13.762","01771 20:06:14",215.08,866.38,,,,"     ",5.30,100.98,4.03
1771,554741050,"01771M20:18:14.735","01771 20:06:15",215.08,866.47,,,,"     ",5.30,101.08,4.04
1771,554741051,"01771M20:18:15.708","01771 20:06:15",215.09,866.50,,,,"     ",5.30,101.05,4.04
1771,554741052,"01771M20:18:16.682","01771 20:06:16",215.09,866.39,,,,"     ",5.30,101.20,4.05
1771,554741053,"01771M20:18:17.655","01771 20:06:17",215.09,866.46,,,,"     ",5.30,101.42,4.06
1771,554741054,"01771M20:18:18.628","01771 20:06:18",215.08,866.45,,,,"     ",5.30,101.68,4.07
1771,554741055,"01771M20:18:19.601","01771 20:06:19",215.07,866.43,,,,"     ",5.30,100.90,4.04
1771,554741056,"01771M20:18:20.575","01771 20:06:20",215.05,866.43,,,,"     ",5.30,100.87,4.03
1771,554741057,"01771M20:18:21.548","01771 20:06:21",215.03,866.44,,,,"     ",5.30,101.09,4.05
1771,554741058,"01771M20:18:22.521","01771 20:06:22",215.01,866.42,,,,"     ",5.30,100.99,4.04
1771,554741059,"01771M20:18:23.494","01771 20:06:23",214.99,866.38,,,,"     ",5.30,100.83,4.04
1771,554741060,"01771M20:18:24.468","01771 20:06:24",214.97,866.35,,,,"     ",5.30,100.80,4.03
1771,554741061,"01771M20:18:25.441","01771 20:06:25",214.95,866.43,,,,"     ",5.30,100.96,4.04
1771,554741062,"01771M20:18:26.414","01771 20:06:26",214.93,866.37,,,,"     ",5.30,100.23,4.01
1771,554741063,"01771M20:18:27.387","01771 20:06:27",214.91,866.35,,,,"     ",5.30,100.60,4.03
1771,554741064,"01771M20:18:28.361","01771 20:06:28",214.88,866.41,,,,"     ",5.30,100.77,4.04
1771,554741065,"01771M20:18:29.334","01771 20:06:29",214.85,866.43,,,,"     ",5.30,100.63,4.03
1771,554741066,"01771M20:18:30.307","01771 20:06:30",214.82,866.40,,,,"     ",5.30,100.57,4.03
1771,554741067,"01771M20:18:31.280","01771 20:06:31",214.80,866.40,,,,"     ",5.30,101.00,4.05
1771,554741068,"01771M20:18:32.254","01771 20:06:32",214.78,866.37,,,,"     ",5.30,101.07,4.05
1771,554741069,"01771M20:18:33.227","01771 20:06:33",214.77,866.38,,,,"     ",5.30,99.96,4.01
1771,554741070,"01771M20:18:34.200","01771 20:06:34",214.78,866.38,,,,"     ",5.30,101.61,4.08
1771,554741071,"01771M20:18:35.174","01771 20:06:35",214.81,866.37,,,,"     ",5.30,101.12,4.06
1771,554741072,"01771M20:18:36.147","01771 20:06:36",214.84,866.39,,,,"     ",5.30,100.14,4.02
1771,554741073,"01771M20:18:37.120","01771 20:06:37",214.87,866.40,,,,"     ",5.30,101.26,4.06
1771,554741074,"01771M20:18:38.093","01771 20:06:38",214.91,866.43,,,,"     ",5.30,100.39,4.03
1771,554741075,"01771M20:18:39.067","01771 20:06:39",214.94,866.46,,,,"     ",5.30,100.81,4.04
1771,554741076,"01771M20:18:40.040","01771 20:06:40",214.97,866.42,,,,"     ",5.30,100.43,4.03
1771,554741077,"01771M20:18:41.013","01771 20:06:41",215.00,866.45,,,,"     ",5.30,101.17,4.06
1771,554741078,"01771M20:18:41.986","01771 20:06:42",215.02,866.38,,,,"     ",5.30,100.55,4.03
1771,554741079,"01771M20:18:42.960","01771 20:06:43",215.04,866.40,,,,"     ",5.30,100.59,4.04
1771,554741080,"01771M20:18:43.933","01771 20:06:44",215.06,866.48,,,,"     ",5.30,100.80,4.05
1771,554741081,"01771M20:18:44.906","01771 20:06:45",215.07,866.46,,,,"     ",5.30,100.82,4.05
1771,554741082,"01771M20:18:45.879","01771 20:06:46",215.09,866.48,,,,"     ",5.30,100.31,4.03
1771,554741083,"01771M20:18:46.853","01771 20:06:47",215.11,866.44,,,,"     ",5.30,100.24,4.02
1771,554741084,"01771M20:18:47.826","01771 20:06:48",215.13,866.44,,,,"     ",5.30,100.91,4.05
1771,554741085,"01771M20:18:48.799","01771 20:06:49",215.14,866.40,,,,"     ",5.30,99.86,4.01
1771,554741086,"01771M20:18:49.772","01771 20:06:50",215.16,866.53,,,,"     ",5.30,100.94,4.05
1771,554741087,"01771M20:18:50.746","01771 20:06:51",215.18,866.50,,,,"     ",5.30,100.77,4.05
1771,554741088,"01771M20:18:51.719","01771 20:06:51",215.21,866.44,,,,"     ",5.30,101.51,4.08
1771,554741089,"01771M20:18:52.692","01771 20:06:52",215.23,866.44,,,,"     ",5.30,100.71,4.04
1771,554741090,"01771M20:18:53.665","01771 20:06:53",215.25,866.41,,,,"     ",5.30,100.96,4.06
1771,554741091,"01771M20:18:54.639","01771 20:06:54",215.27,866.31,,,,"     ",5.30,101.04,4.06
1771,554741092,"01771M20:18:55.612","01771 20:06:55",215.28,866.41,,,,"     ",5.30,101.12,4.06
1771,554741093,"01771M20:18:56.585","01771 20:06:56",215.30,866.49,,,,"     ",5.30,100.74,4.05
1771,554741094,"01771M20:18:57.558","01771 20:06:57",215.32,866.46,,,,"     ",5.30,101.19,4.06
1771,554741095,"01771M20:18:58.532","01771 20:06:58",215.34,866.39,,,,"     ",5.30,100.92,4.05
1771,554741096,"01771M20:18:59.505","01771 20:06:59",215.35,866.47,,,,"     ",5.30,100.91,4.05
1771,554741097,"01771M20:19:00.478","01771 20:07:00",215.35,866.50,,,,"     ",5.30,101.09,4.06
1771,554741098,"01771M20:19:01.451","01771 20:07:01",215.33,866.54,,,,"     ",5.30,101.00,4.06
1771,554741099,"01771M20:19:02.425","01771 20:07:02",215.30,866.53,,,,"     ",5.30,100.97,4.06
1771,554741100,"01771M20:19:03.398","01771 20:07:03",215.26,866.51,,,,"     ",5.30,101.23,4.07
1771,554741101,"01771M20:19:04.371","01771 20:07:04",215.21,866.54,,,,"     ",5.30,100.90,4.05
1771,554741102,"01771M20:19:05.344","01771 20:07:05",215.15,866.46,,,,"     ",5.30,101.37,4.07
1771,554741103,"01771M20:19:06.318","01771 20:07:06",215.10,866.48,,,,"     ",5.30,101.47,4.08
1771,554741104,"01771M20:19:07.291","01771 20:07:07",215.05,866.50,,,,"     ",5.30,101.33,4.07
1771,554741105,"01771M20:19:08.264","01771 20:07:08",215.01,866.50,,,,"     ",5.30,101.47,4.08
1771,554741106,"01771M20:19:09.237","01771 20:07:09",214.98,866.55,,,,"     ",5.30,101.00,4.06
1771,554741107,"01771M20:19:10.211","01771 20:07:10",214.97,866.42,,,,"     ",5.30,100.13,4.02
1771,554741108,"01771M20:19:11.184","01771 20:07:11",214.98,866.51,,,,"     ",5.30,101.22,4.06
1771,554741109,"01771M20:19:12.157","01771 20:07:12",214.99,866.50,,,,"     ",5.30,101.36,4.07
1771,554741110,"01771M20:19:13.130","01771 20:07:13",215.02,866.46,,,,"     ",5.30,101.22,4.06
1771,554741111,"01771M20:19:14.104","01771 20:07:14",215.04,866.50,,,,"     ",5.30,100.84,4.05
1771,554741112,"01771M20:19:15.077","01771 20:07:15",215.08,866.52,,,,"     ",5.30,101.23,4.07
1771,554741113,"01771M20:19:16.050","01771 20:07:16",215.12,866.47,,,,"     ",5.30,100.63,4.04
1771,554741114,"01771M20:19:17.023","01771 20:07:17",215.16,866.51,,,,"     ",5.30,101.30,4.07
1771,554741115,"01771M20:19:17.997","01771 20:07:18",215.20,866.53,,,,"     ",5.30,101.02,4.06
1771,554741116,"01771M20:19:18.970","01771 20:07:19",215.24,866.57,,,,"     ",5.30,101.39,4.07
1771,554741117,"01771M20:19:19.943","01771 20:07:20",215.27,866.59,,,,"     ",5.30,100.16,4.02
1771,554741118,"01771M20:19:20.916","01771 20:07:21",215.29,866.56,,,,"     ",5.30,100.98,4.06
1771,554741119,"01771M20:19:21.890","01771 20:07:22",215.31,866.44,,,,"     ",5.30,100.75,4.05
1771,554741120,"01771M20:19:22.863","01771 20:07:23",215.31,866.52,,,,"     ",5.30,101.20,4.07
1771,554741121,"01771M20:19:23.836","01771 20:07:24",215.32,866.56,,,,"     ",5.30,100.76,4.05
1771,554741122,"01771M20:19:24.809","01771 20:07:25",215.32,866.53,,,,"     ",5.30,100.87,4.05
1771,554741123,"01771M20:19:25.783","01771 20:07:26",215.32,866.58,,,,"     ",5.30,100.83,4.05
1771,554741124,"01771M20:19:26.756","01771 20:07:27",215.33,866.55,,,,"     ",5.30,101.09,4.06
1771,554741125,"01771M20:19:27.729","01771 20:07:28",215.33,866.58,,,,"     ",5.30,100.87,4.05
1771,554741126,"01771M20:19:28.702","01771 20:07:28",215.32,866.59,,,,"     ",5.30,101.08,4.06
1771,554741127,"01771M20:19:29.676","01771 20:07:29",215.32,866.58,,,,"     ",5.30,101.83,4.09
1771,554741128,"01771M20:19:30.649","01771 20:07:30",215.31,866.59,,,,"     ",5.30,100.77,4.05
1771,554741129,"01771M20:19:31.622","01771 20:07:31",215.31,866.64,,,,"     ",5.30,101.21,4.07
1771,554741130,"01771M20:19:32.595","01771 20:07:32",215.31,866.67,,,,"     ",5.30,100.71,4.05
1771,554741131,"01771M20:19:33.569","01771 20:07:33",215.31,866.66,,,,"     ",5.30,100.75,4.05
1771,554741132,"01771M20:19:34.542","01771 20:07:34",215.31,866.62,,,,"     ",5.30,101.14,4.06
1771,554741133,"01771M20:19:35.515","01771 20:07:35",215.31,866.58,,,,"     ",5.30,101.47,4.08
1771,554741134,"01771M20:19:36.488","01771 20:07:36",215.31,866.61,,,,"     ",5.30,100.38,4.03
1771,554741135,"01771M20:19:37.462","01771 20:07:37",215.32,866.66,,,,"     ",5.30,100.69,4.05
1771,554741136,"01771M20:19:38.435","01771 20:07:38",215.33,866.62,,,,"     ",5.30,100.80,4.05
1771,554741137,"01771M20:19:39.408","01771 20:07:39",215.33,866.63,,,,"     ",5.30,100.66,4.05
1771,554741138,"01771M20:19:40.381","01771 20:07:40",215.32,866.64,,,,"     ",5.30,101.22,4.07
1771,554741139,"01771M20:19:41.355","01771 20:07:41",215.31,866.54,,,,"     ",5.30,100.92,4.06
1771,554741140,"01771M20:19:42.328","01771 20:07:42",215.29,866.57,,,,"     ",5.30,101.02,4.06
1771,554741141,"01771M20:19:43.301","01771 20:07:43",215.25,866.56,,,,"     ",5.30,100.77,4.05
1771,554741142,"01771M20:19:44.274","01771 20:07:44",215.21,866.59,,,,"     ",5.30,100.81,4.05
1771,554741143,"01771M20:19:45.248","01771 20:07:45",215.17,866.59,,,,"     ",5.30,100.70,4.05
1771,554741144,"01771M20:19:46.221","01771 20:07:46",215.12,866.63,,,,"     ",5.30,100.78,4.05
1771,554741145,"01771M20:19:47.194","01771 20:07:47",215.07,866.60,,,,"     ",5.30,100.79,4.05
1771,554741146,"01771M20:19:48.168","01771 20:07:48",215.02,866.60,,,,"     ",5.30,100.81,4.05
1771,554741147,"01771M20:19:49.141","01771 20:07:49",214.98,866.61,,,,"     ",5.30,100.92,4.06
1771,554741148,"01771M20:19:50.114","01771 20:07:50",214.94,866.57,,,,"     ",5.30,100.39,4.03
1771,554741149,"01771M20:19:51.087","01771 20:07:51",214.91,866.60,,,,"     ",5.30,100.64,4.05
1771,554741150,"01771M20:19:52.061","01771 20:07:52",214.89,866.60,,,,"     ",5.30,100.81,4.05
1771,554741151,"01771M20:19:53.034","01771 20:07:53",214.87,866.68,,,,"     ",5.30,100.82,4.06
1771,554741152,"01771M20:19:54.007","01771 20:07:54",214.86,866.65,,,,"     ",5.30,101.06,4.06
1771,554741153,"01771M20:19:54.980","01771 20:07:55",214.85,866.65,,,,"     ",5.30,100.28,4.03
1771,554741154,"01771M20:19:55.954","01771 20:07:56",214.85,866.66,,,,"     ",5.30,100.41,4.04
1771,554741155,"01771M20:19:56.927","01771 20:07:57",214.84,866.57,,,,"     ",5.30,100.34,4.04
1771,554741156,"01771M20:19:57.900","01771 20:07:58",214.84,866.60,,,,"     ",5.30,100.41,4.04
1771,554741157,"01771M20:19:58.873","01771 20:07:59",214.85,866.60,,,,"     ",5.30,100.69,4.05
1771,554741158,"01771M20:19:59.847","01771 20:08:00",214.85,866.67,,,,"     ",5.30,100.48,4.04
1771,554741159,"01771M20:20:00.820","01771 20:08:01",214.85,866.63,,,,"     ",5.30,100.24,4.03
1771,554741160,"01771M20:20:01.793","01771 20:08:02",214.85,866.61,,,,"     ",5.30,100.36,4.04
1771,554741161,"01771M20:20:02.766","01771 20:08:03",214.85,866.60,,,,"     ",5.30,99.98,4.02
1771,554741162,"01771M20:20:03.740","01771 20:08:04",214.85,866.65,,,,"     ",5.30,99.95,4.02
1771,554741163,"01771M20:20:04.713","01771 20:08:05",214.85,866.65,,,,"     ",5.30,100.35,4.04
1771,554741164,"01771M20:20:05.686","01771 20:08:05",214.85,866.67,,,,"     ",5.30,99.77,4.02
1771,554741165,"01771M20:20:06.659","01771 20:08:06",214.85,866.69,,,,"     ",5.30,100.47,4.05
1771,554741166,"01771M20:20:07.633","01771 20:08:07",214.86,866.68,,,,"     ",5.30,100.15,4.03
1771,554741167,"01771M20:20:08.606","01771 20:08:08",214.86,866.71,,,,"     ",5.30,100.34,4.04
1771,554741168,"01771M20:20:09.579","01771 20:08:09",214.86,866.71,,,,"     ",5.30,99.92,4.03
1771,554741169,"01771M20:20:10.552","01771 20:08:10",214.87,866.72,,,,"     ",5.30,99.82,4.02
1771,554741170,"01771M20:20:11.526","01771 20:08:11",214.87,866.83,,,,"     ",5.30,99.62,4.01
1771,554741171,"01771M20:20:12.499","01771 20:08:12",214.89,866.69,,,,"     ",5.30,100.53,4.05
1771,554741172,"01771M20:20:13.472","01771 20:08:13",214.91,866.70,,,,"     ",5.30,100.67,4.06
1771,554741173,"01771M20:20:14.445","01771 20:08:14",214.93,866.70,,,,"     ",5.30,100.74,4.06
1771,554741174,"01771M20:20:15.419","01771 20:08:15",214.97,866.69,,,,"     ",5.30,100.61,4.06
1771,554741175,"01771M20:20:16.392","01771 20:08:16",215.00,866.75,,,,"     ",5.30,101.02,4.07
1771,554741176,"01771M20:20:17.365","01771 20:08:17",215.04,866.73,,,,"     ",5.30,100.10,4.03
1771,554741177,"01771M20:20:18.338","01771 20:08:18",215.09,866.75,,,,"     ",5.30,100.74,4.06
1771,554741178,"01771M20:20:19.312","01771 20:08:19",215.14,866.73,,,,"     ",5.30,100.92,4.07
1771,554741179,"01771M20:20:20.285","01771 20:08:20",215.19,866.78,,,,"     ",5.30,100.39,4.05
1771,554741180,"01771M20:20:21.258","01771 20:08:21",215.25,866.87,,,,"     ",5.30,100.80,4.07
1771,554741181,"01771M20:20:22.231","01771 20:08:22",215.30,866.67,,,,"     ",5.30,100.65,4.06
1771,554741182,"01771M20:20:23.205","01771 20:08:23",215.35,866.66,,,,"     ",5.30,100.90,4.07
1771,554741183,"01771M20:20:24.178","01771 20:08:24",215.39,866.69,,,,"     ",5.30,100.22,4.04
1771,554741184,"01771M20:20:25.151","01771 20:08:25",215.42,866.61,,,,"     ",5.30,100.55,4.05
1771,554741185,"01771M20:20:26.124","01771 20:08:26",215.45,866.61,,,,"     ",5.30,100.52,4.05
1771,554741186,"01771M20:20:27.098","01771 20:08:27",215.47,866.66,,,,"     ",5.30,100.76,4.06
1771,554741187,"01771M20:20:28.071","01771 20:08:28",215.48,866.65,,,,"     ",5.30,100.92,4.07
1771,554741188,"01771M20:20:29.044","01771 20:08:29",215.49,866.70,,,,"     ",5.30,100.14,4.04
1771,554741189,"01771M20:20:30.017","01771 20:08:30",215.49,866.69,,,,"     ",5.30,100.91,4.07
1771,554741190,"01771M20:20:30.991","01771 20:08:31",215.49,866.70,,,,"     ",5.30,100.71,4.06
1771,554741191,"01771M20:20:31.964","01771 20:08:32",215.48,866.73,,,,"     ",5.30,100.95,4.07
1771,554741192,"01771M20:20:32.937","01771 20:08:33",215.47,866.69,,,,"     ",5.30,100.87,4.07
1771,554741193,"01771M20:20:33.910","01771 20:08:34",215.44,866.77,,,,"     ",5.30,101.18,4.08
1771,554741194,"01771M20:20:34.884","01771 20:08:35",215.42,866.75,,,,"     ",5.30,101.46,4.09
1771,554741195,"01771M20:20:35.857","01771 20:08:36",215.39,866.73,,,,"     ",5.30,101.05,4.07
1771,554741196,"01771M20:20:36.830","01771 20:08:37",215.35,866.68,,,,"     ",5.30,100.84,4.06
1771,554741197,"01771M20:20:37.803","01771 20:08:38",215.30,866.74,,,,"     ",5.30,100.90,4.07
1771,554741198,"01771M20:20:38.777","01771 20:08:39",215.25,866.74,,,,"     ",5.30,101.04,4.07
1771,554741199,"01771M20:20:39.750","01771 20:08:40",215.19,866.64,,,,"     ",5.30,100.91,4.07
1771,554741200,"01771M20:20:40.723","01771 20:08:41",215.93,866.71,,,,"     ",5.30,100.79,4.06
1771,554741201,"01771M20:20:41.696","01771 20:08:41",215.83,866.70,,,,"     ",5.30,101.18,4.08
1771,554741202,"01771M20:20:42.670","01771 20:08:42",215.74,866.69,,,,"     ",5.30,100.69,4.06
1771,554741203,"01771M20:20:43.643","01771 20:08:43",215.66,866.64,,,,"     ",5.30,100.56,4.05
1771,554741204,"01771M20:20:44.616","01771 20:08:44",215.59,866.69,,,,"     ",5.30,100.68,4.06
1771,554741205,"01771M20:20:45.589","01771 20:08:45",215.52,866.66,,,,"     ",5.30,100.93,4.07
1771,554741206,"01771M20:20:46.563","01771 20:08:46",215.46,866.72,,,,"     ",5.30,101.25,4.08
1771,554741207,"01771M20:20:47.536","01771 20:08:47",215.40,866.73,,,,"     ",5.30,101.13,4.07
1771,554741208,"01771M20:20:48.509","01771 20:08:48",215.35,866.69,,,,"     ",5.30,100.76,4.06
1771,554741209,"01771M20:20:49.482","01771 20:08:49",215.31,866.76,,,,"     ",5.30,100.96,4.07
1771,554741210,"01771M20:20:50.456","01771 20:08:50",215.27,866.74,,,,"     ",5.30,100.93,4.07
1771,554741211,"01771M20:20:51.429","01771 20:08:51",215.24,866.82,,,,"     ",5.30,100.99,4.07
1771,554741212,"01771M20:20:52.402","01771 20:08:52",215.22,866.74,,,,"     ",5.30,100.83,4.06
1771,554741213,"01771M20:20:53.375","01771 20:08:53",215.20,866.71,,,,"     ",5.30,101.21,4.08
1771,554741214,"01771M20:20:54.349","01771 20:08:54",215.18,866.64,,,,"     ",5.30,100.63,4.05
1771,554741215,"01771M20:20:55.322","01771 20:08:55",215.17,866.72,,,,"     ",5.30,100.55,4.05
1771,554741216,"01771M20:20:56.295","01771 20:08:56",215.17,866.75,,,,"     ",5.30,101.56,4.09
1771,554741217,"01771M20:20:57.269","01771 20:08:57",215.17,866.72,,,,"     ",5.30,101.15,4.08
1771,554741218,"01771M20:20:58.242","01771 20:08:58",215.17,866.72,,,,"     ",5.30,100.91,4.07
1771,554741219,"01771M20:20:59.215","01771 20:08:59",215.19,866.69,,,,"     ",5.30,101.68,4.10
1771,554741220,"01771M20:21:00.188","01771 20:09:00",215.23,866.69,,,,"     ",5.30,101.54,4.09
1771,554741221,"01771M20:21:01.162","01771 20:09:01",215.28,866.73,,,,"     ",5.30,101.18,4.08
1771,554741222,"01771M20:21:02.135","01771 20:09:02",215.34,866.73,,,,"     ",5.30,100.94,4.07
1771,554741223,"01771M20:21:03.108","01771 20:09:03",215.41,866.85,,,,"     ",5.30,101.06,4.07
1771,554741224,"01771M20:21:04.081","01771 20:09:04",215.47,866.79,,,,"     ",5.30,101.44,4.09
1771,554741225,"01771M20:21:05.055","01771 20:09:05",215.53,866.80,,,,"     ",5.30,101.20,4.08
1771,554741226,"01771M20:21:06.028","01771 20:09:06",215.58,866.76,,,,"     ",5.30,101.72,4.10
1771,554741227,"01771M20:21:07.001","01771 20:09:07",215.61,866.73,,,,"     ",5.30,101.96,4.11
1771,554741228,"01771M20:21:07.974","01771 20:09:08",215.64,866.69,,,,"     ",5.30,102.53,4.13
1771,554741229,"01771M20:21:08.948","01771 20:09:09",215.67,866.74,,,,"     ",5.30,101.93,4.10
1771,554741230,"01771M20:21:09.921","01771 20:09:10",215.69,866.85,,,,"     ",5.30,101.53,4.09
1771,554741231,"01771M20:21:10.894","01771 20:09:11",215.71,866.81,,,,"     ",5.30,101.70,4.10
1771,554741232,"01771M20:21:11.867","01771 20:09:12",215.74,866.82,,,,"     ",5.30,101.95,4.11
1771,554741233,"01771M20:21:12.841","01771 20:09:13",215.77,866.83,,,,"     ",5.30,101.42,4.08
1771,554741234,"01771M20:21:13.814","01771 20:09:14",215.80,866.91,,,,"     ",5.30,102.36,4.12
1771,554741235,"01771M20:21:14.787","01771 20:09:15",215.84,866.87,,,,"     ",5.30,101.80,4.10
1771,554741236,"01771M20:21:15.760","01771 20:09:16",215.88,866.85,,,,"     ",5.30,101.60,4.09
1771,554741237,"01771M20:21:16.734","01771 20:09:17",215.92,866.88,,,,"     ",5.30,102.08,4.11
1771,554741238,"01771M20:21:17.707","01771 20:09:18",215.95,866.86,,,,"     ",5.30,101.30,4.08
1771,554741239,"01771M20:21:18.680","01771 20:09:18",215.97,866.90,,,,"     ",5.30,101.23,4.08
1771,554741240,"01771M20:21:19.653","01771 20:09:19",215.98,866.82,,,,"     ",5.30,101.91,4.10
1771,554741241,"01771M20:21:20.627","01771 20:09:20",215.98,866.81,,,,"     ",5.30,101.48,4.08
1771,554741242,"01771M20:21:21.600","01771 20:09:21",215.97,866.83,,,,"     ",5.30,101.43,4.08
1771,554741243,"01771M20:21:22.573","01771 20:09:22",215.96,866.89,,,,"     ",5.30,101.85,4.10
1771,554741244,"01771M20:21:23.546","01771 20:09:23",215.95,866.89,,,,"     ",5.30,100.94,4.06
1771,554741245,"01771M20:21:24.520","01771 20:09:24",215.92,866.86,,,,"     ",5.30,101.76,4.10
1771,554741246,"01771M20:21:25.493","01771 20:09:25",215.90,866.92,,,,"     ",5.30,101.81,4.10
1771,554741247,"01771M20:21:26.466","01771 20:09:26",215.88,866.84,,,,"     ",5.30,101.75,4.09
1771,554741248,"01771M20:21:27.439","01771 20:09:27",215.86,866.83,,,,"     ",5.30,101.24,4.07
1771,554741249,"01771M20:21:28.413","01771 20:09:28",215.84,866.90,,,,"     ",5.30,101.67,4.09
1771,554741250,"01771M20:21:29.386","01771 20:09:29",215.81,866.89,,,,"     ",5.30,101.07,4.07
1771,554741251,"01771M20:21:30.359","01771 20:09:30",215.79,866.89,,,,"     ",5.30,101.39,4.08
1771,554741252,"01771M20:21:31.332","01771 20:09:31",215.75,866.87,,,,"     ",5.30,100.61,4.04
1771,554741253,"01771M20:21:32.306","01771 20:09:32",215.71,866.89,,,,"     ",5.30,101.56,4.09
1771,554741254,"01771M20:21:33.279","01771 20:09:33",215.66,866.86,,,,"     ",5.30,100.69,4.05
1771,554741255,"01771M20:21:34.252","01771 20:09:34",215.61,866.98,,,,"     ",5.30,101.97,4.10
1771,554741256,"01771M20:21:35.225","01771 20:09:35",215.56,866.94,,,,"     ",5.30,102.19,4.11
1771,554741257,"01771M20:21:36.199","01771 20:09:36",215.51,866.97,,,,"     ",5.30,101.56,4.09
1771,554741258,"01771M20:21:37.172","01771 20:09:37",215.47,866.94,,,,"     ",5.30,101.52,4.08
1771,554741259,"01771M20:21:38.145","01771 20:09:38",215.45,866.99,,,,"     ",5.30,101.16,4.07
1771,554741260,"01771M20:21:39.118","01771 20:09:39",215.44,866.97,,,,"     ",5.30,101.49,4.08
1771,554741261,"01771M20:21:40.092","01771 20:09:40",215.45,866.88,,,,"     ",5.30,101.08,4.07
1771,554741262,"01771M20:21:41.065","01771 20:09:41",215.47,866.85,,,,"     ",5.30,101.60,4.09
1771,554741263,"01771M20:21:42.038","01771 20:09:42",215.49,866.94,,,,"     ",5.30,100.92,4.06
1771,554741264,"01771M20:21:43.011","01771 20:09:43",215.52,866.91,,,,"     ",5.30,101.48,4.08
1771,554741265,"01771M20:21:43.985","01771 20:09:44",215.54,866.87,,,,"     ",5.30,101.00,4.06
1771,554741266,"01771M20:21:44.958","01771 20:09:45",215.55,866.88,,,,"     ",5.30,100.99,4.06
1771,554741267,"01771M20:21:45.931","01771 20:09:46",215.56,866.81,,,,"     ",5.30,101.39,4.08
1771,554741268,"01771M20:21:46.904","01771 20:09:47",215.56,866.93,,,,"     ",5.30,101.17,4.07
1771,554741269,"01771M20:21:47.878","01771 20:09:48",215.56,866.93,,,,"     ",5.30,101.56,4.09
1771,554741270,"01771M20:21:48.851","01771 20:09:49",215.57,866.86,,,,"     ",5.30,101.22,4.07
1771,554741271,"01771M20:21:49.824","01771 20:09:50",215.57,866.89,,,,"     ",5.30,101.86,4.10
1771,554741272,"01771M20:21:50.797","01771 20:09:51",215.57,866.98,,,,"     ",5.30,101.94,4.10
1771,554741273,"01771M20:21:51.771","01771 20:09:52",215.58,866.97,,,,"     ",5.30,101.14,4.07
1771,554741274,"01771M20:21:52.744","01771 20:09:53",215.58,866.88,,,,"     ",5.30,101.16,4.07
1771,554741275,"01771M20:21:53.717","01771 20:09:54",215.57,866.91,,,,"     ",5.30,101.11,4.07
1771,554741276,"01771M20:21:54.690","01771 20:09:55",215.56,866.89,,,,"     ",5.30,101.37,4.08
1771,554741277,"01771M20:21:55.664","01771 20:09:55",215.55,866.92,,,,"     ",5.30,100.35,4.04
1771,554741278,"01771M20:21:56.637","01771 20:09:56",215.53,866.94,,,,"     ",5.30,101.32,4.08
1771,554741279,"01771M20:21:57.610","01771 20:09:57",215.50,866.95,,,,"     ",5.30,101.46,4.08
1771,554741280,"01771M20:21:58.583","01771 20:09:58",215.48,866.96,,,,"     ",5.30,101.47,4.08
1771,554741281,"01771M20:21:59.557","01771 20:09:59",215.46,866.94,,,,"     ",5.30,100.88,4.06
1771,554741282,"01771M20:22:00.530","01771 20:10:00",215.45,866.83,,,,"     ",5.30,100.97,4.07
1771,554741283,"01771M20:22:01.503","01771 20:10:01",215.44,866.84,,,,"     ",5.30,100.94,4.06
1771,554741284,"01771M20:22:02.476","01771 20:10:02",215.43,866.86,,,,"     ",5.30,101.31,4.08
1771,554741285,"01771M20:22:03.450","01771 20:10:03",215.43,866.87,,,,"     ",5.30,100.86,4.06
1771,554741286,"01771M20:22:04.423","01771 20:10:04",215.43,866.87,,,,"     ",5.30,101.07,4.07
1771,554741287,"01771M20:22:05.396","01771 20:10:05",215.43,866.96,,,,"     ",5.30,100.33,4.04
1771,554741288,"01771M20:22:06.370","01771 20:10:06",215.43,866.95,,,,"     ",5.30,101.11,4.08
1771,554741289,"01771M20:22:07.343","01771 20:10:07",215.42,866.95,,,,"     ",5.30,100.58,4.05
1771,554741290,"01771M20:22:08.316","01771 20:10:08",215.41,867.00,,,,"     ",5.30,101.32,4.08
1771,554741291,"01771M20:22:09.289","01771 20:10:09",215.39,866.97,,,,"     ",5.30,100.62,4.06
1771,554741292,"01771M20:22:10.263","01771 20:10:10",215.38,866.95,,,,"     ",5.30,100.52,4.05
1771,554741293,"01771M20:22:11.236","01771 20:10:11",215.35,866.96,,,,"     ",5.30,100.78,4.06
1771,554741294,"01771M20:22:12.209","01771 20:10:12",215.33,866.94,,,,"     ",5.30,101.47,4.09
1771,554741295,"01771M20:22:13.182","01771 20:10:13",215.30,866.97,,,,"     ",5.30,100.91,4.07
1771,554741296,"01771M20:22:14.156","01771 20:10:14",215.28,866.97,,,,"     ",5.30,100.14,4.04
1771,554741297,"01771M20:22:15.129","01771 20:10:15",215.25,866.92,,,,"     ",5.30,100.89,4.07
1771,554741298,"01771M20:22:16.102","01771 20:10:16",215.22,866.87,,,,"     ",5.30,101.57,4.10
1771,554741299,"01771M20:22:17.075","01771 20:10:17",215.20,866.92,,,,"     ",5.30,101.03,4.07
1771,554741300,"01771M20:22:18.049","01771 20:10:18",215.17,866.92,,,,"     ",5.30,100.48,4.05
1771,554741301,"01771M20:22:19.022","01771 20:10:19",215.14,866.96,,,,"     ",5.30,100.76,4.06
1771,554741302,"01771M20:22:19.995","01771 20:10:20",215.12,867.00,,,,"     ",5.30,100.90,4.07
1771,554741303,"01771M20:22:20.968","01771 20:10:21",215.10,866.95,,,,"     ",5.30,100.62,4.06
1771,554741304,"01771M20:22:21.942","01771 20:10:22",215.09,867.00,,,,"     ",5.30,100.97,4.07
1771,554741305,"01771M20:22:22.915","01771 20:10:23",215.09,867.01,,,,"     ",5.30,100.86,4.07
1771,554741306,"01771M20:22:23.888","01771 20:10:24",215.10,867.02,,,,"     ",5.30,101.50,4.10
1771,554741307,"01771M20:22:24.861","01771 20:10:25",215.11,866.99,,,,"     ",5.30,100.48,4.05
1771,554741308,"01771M20:22:25.835","01771 20:10:26",215.13,867.00,,,,"     ",5.30,100.98,4.08
1771,554741309,"01771M20:22:26.808","01771 20:10:27",215.15,866.99,,,,"     ",5.30,101.02,4.08
1771,554741310,"01771M20:22:27.781","01771 20:10:28",215.17,866.99,,,,"     ",5.30,101.05,4.08
1771,554741311,"01771M20:22:28.754","01771 20:10:29",215.20,866.95,,,,"     ",5.30,101.59,4.10
1771,554741312,"01771M20:22:29.728","01771 20:10:30",215.22,866.91,,,,"     ",5.30,100.67,4.06
1771,554741313,"01771M20:22:30.701","01771 20:10:31",215.24,866.98,,,,"     ",5.30,101.08,4.08
1771,554741314,"01771M20:22:31.674","01771 20:10:32",215.25,866.95,,,,"     ",5.30,100.40,4.05
1771,554741315,"01771M20:22:32.647","01771 20:10:32",215.26,866.98,,,,"     ",5.30,101.23,4.09
1771,554741316,"01771M20:22:33.621","01771 20:10:33",215.26,866.98,,,,"     ",5.30,100.76,4.07
1771,554741317,"01771M20:22:34.594","01771 20:10:34",215.26,867.03,,,,"     ",5.30,101.07,4.08
1771,554741318,"01771M20:22:35.567","01771 20:10:35",215.26,867.05,,,,"     ",5.30,100.76,4.07
1771,554741319,"01771M20:22:36.540","01771 20:10:36",215.26,866.98,,,,"     ",5.30,100.94,4.07
1771,554741320,"01771M20:22:37.514","01771 20:10:37",215.26,867.02,,,,"     ",5.30,101.36,4.09
1771,554741321,"01771M20:22:38.487","01771 20:10:38",215.27,867.02,,,,"     ",5.30,100.97,4.07
1771,554741322,"01771M20:22:39.460","01771 20:10:39",215.29,866.99,,,,"     ",5.30,101.30,4.09
1771,554741323,"01771M20:22:40.433","01771 20:10:40",215.31,867.01,,,,"     ",5.30,101.44,4.09
1771,554741324,"01771M20:22:41.407","01771 20:10:41",215.34,866.96,,,,"     ",5.30,101.56,4.10
1771,554741325,"01771M20:22:42.380","01771 20:10:42",215.37,867.00,,,,"     ",5.30,101.36,4.09
1771,554741326,"01771M20:22:43.353","01771 20:10:43",215.41,866.95,,,,"     ",5.30,101.71,4.11
1771,554741327,"01771M20:22:44.326","01771 20:10:44",215.46,867.04,,,,"     ",5.30,101.24,4.09
1771,554741328,"01771M20:22:45.300","01771 20:10:45",215.52,867.07,,,,"     ",5.30,101.49,4.10
1771,554741329,"01771M20:22:46.273","01771 20:10:46",215.59,867.00,,,,"     ",5.30,101.39,4.09
1771,554741330,"01771M20:22:47.246","01771 20:10:47",215.67,867.10,,,,"     ",5.30,101.27,4.09
1771,554741331,"01771M20:22:48.219","01771 20:10:48",215.75,867.04,,,,"     ",5.30,101.41,4.09
1771,554741332,"01771M20:22:49.193","01771 20:10:49",215.84,867.11,,,,"     ",5.30,101.31,4.09
1771,554741333,"01771M20:22:50.166","01771 20:10:50",215.92,866.98,,,,"     ",5.30,101.56,4.10
1771,554741334,"01771M20:22:51.139","01771 20:10:51",216.00,867.09,,,,"     ",5.30,101.76,4.11
1771,554741335,"01771M20:22:52.112","01771 20:10:52",216.06,867.01,,,,"     ",5.30,102.22,4.12
1771,554741336,"01771M20:22:53.086","01771 20:10:53",216.12,867.02,,,,"     ",5.30,102.47,4.13
1771,554741337,"01771M20:22:54.059","01771 20:10:54",216.18,867.07,,,,"     ",5.30,102.28,4.13
1771,554741338,"01771M20:22:55.032","01771 20:10:55",216.22,867.11,,,,"     ",5.30,101.71,4.10
1771,554741339,"01771M20:22:56.005","01771 20:10:56",216.25,867.09,,,,"     ",5.30,101.85,4.11
1771,554741340,"01771M20:22:56.979","01771 20:10:57",216.27,867.00,,,,"     ",5.30,102.00,4.11
1771,554741341,"01771M20:22:57.952","01771 20:10:58",216.27,867.08,,,,"     ",5.30,101.77,4.10
1771,554741342,"01771M20:22:58.925","01771 20:10:59",216.27,867.12,,,,"     ",5.30,101.77,4.10
1771,554741343,"01771M20:22:59.898","01771 20:11:00",216.26,867.09,,,,"     ",5.30,101.63,4.10
1771,554741344,"01771M20:23:00.872","01771 20:11:01",216.25,867.13,,,,"     ",5.30,102.00,4.11
1771,554741345,"01771M20:23:01.845","01771 20:11:02",216.24,867.12,,,,"     ",5.30,101.09,4.07
1771,554741346,"01771M20:23:02.818","01771 20:11:03",216.23,867.02,,,,"     ",5.30,102.33,4.12
1771,554741347,"01771M20:23:03.791","01771 20:11:04",216.21,867.00,,,,"     ",5.30,101.97,4.11
1771,554741348,"01771M20:23:04.765","01771 20:11:05",216.20,867.06,,,,"     ",5.30,101.83,4.10
1771,554741349,"01771M20:23:05.738","01771 20:11:06",216.18,867.15,,,,"     ",5.30,101.43,4.09
1771,554741350,"01771M20:23:06.711","01771 20:11:07",216.16,867.06,,,,"     ",5.30,101.96,4.11
1771,554741351,"01771M20:23:07.684","01771 20:11:08",216.13,867.07,,,,"     ",5.30,101.04,4.07
1771,554741352,"01771M20:23:08.658","01771 20:11:08",216.09,867.13,,,,"     ",5.30,101.85,4.10
1771,554741353,"01771M20:23:09.631","01771 20:11:09",216.05,867.08,,,,"     ",5.30,101.78,4.10
1771,554741354,"01771M20:23:10.604","01771 20:11:10",216.00,867.08,,,,"     ",5.30,102.01,4.11
1771,554741355,"01771M20:23:11.577","01771 20:11:11",215.95,867.09,,,,"     ",5.30,101.53,4.09
1771,554741356,"01771M20:23:12.551","01771 20:11:12",215.89,867.05,,,,"     ",5.30,101.68,4.10
1771,554741357,"01771M20:23:13.524","01771 20:11:13",215.84,867.13,,,,"     ",5.30,102.30,4.12
1771,554741358,"01771M20:23:14.497","01771 20:11:14",215.80,867.13,,,,"     ",5.30,101.78,4.10
1771,554741359,"01771M20:23:15.471","01771 20:11:15",215.75,867.17,,,,"     ",5.30,101.74,4.10
1771,554741360,"01771M20:23:16.444","01771 20:11:16",215.70,867.21,,,,"     ",5.30,101.74,4.10
1771,554741361,"01771M20:23:17.417","01771 20:11:17",215.65,867.23,,,,"     ",5.30,101.17,4.08
1771,554741362,"01771M20:23:18.390","01771 20:11:18",215.59,867.18,,,,"     ",5.30,101.45,4.09
1771,554741363,"01771M20:23:19.364","01771 20:11:19",215.52,867.18,,,,"     ",5.30,102.09,4.11
1771,554741364,"01771M20:23:20.337","01771 20:11:20",215.46,867.14,,,,"     ",5.30,101.99,4.11
1771,554741365,"01771M20:23:21.310","01771 20:11:21",215.39,867.08,,,,"     ",5.30,101.12,4.07
1771,554741366,"01771M20:23:22.283","01771 20:11:22",215.33,867.14,,,,"     ",5.30,101.19,4.08
1771,554741367,"01771M20:23:23.257","01771 20:11:23",215.29,867.19,,,,"     ",5.30,101.46,4.09
1771,554741368,"01771M20:23:24.230","01771 20:11:24",215.27,867.16,,,,"     ",5.30,101.41,4.09
1771,554741369,"01771M20:23:25.203","01771 20:11:25",215.25,867.20,,,,"     ",5.30,100.70,4.06
1771,554741370,"01771M20:23:26.176","01771 20:11:26",215.25,867.19,,,,"     ",5.30,101.28,4.08
1771,554741371,"01771M20:23:27.150","01771 20:11:27",215.25,867.21,,,,"     ",5.30,101.49,4.09
1771,554741372,"01771M20:23:28.123","01771 20:11:28",215.27,867.17,,,,"     ",5.30,100.82,4.06
1771,554741373,"01771M20:23:29.096","01771 20:11:29",215.28,867.18,,,,"     ",5.30,101.28,4.08
1771,554741374,"01771M20:23:30.069","01771 20:11:30",215.30,867.11,,,,"     ",5.30,100.84,4.07
1771,554741375,"01771M20:23:31.043","01771 20:11:31",215.31,867.16,,,,"     ",5.30,101.28,4.09
1771,554741376,"01771M20:23:32.016","01771 20:11:32",215.32,867.13,,,,"     ",5.30,101.46,4.09
1771,554741377,"01771M20:23:32.989","01771 20:11:33",215.32,867.06,,,,"     ",5.30,101.40,4.09
1771,554741378,"01771M20:23:33.962","01771 20:11:34",215.32,867.07,,,,"     ",5.30,101.82,4.11
1771,554741379,"01771M20:23:34.936","01771 20:11:35",215.32,867.06,,,,"     ",5.30,101.06,4.08
1771,554741380,"01771M20:23:35.909","01771 20:11:36",215.33,867.15,,,,"     ",5.30,101.57,4.10
1771,554741381,"01771M20:23:36.882","01771 20:11:37",215.34,867.14,,,,"     ",5.30,101.65,4.10
1771,554741382,"01771M20:23:37.855","01771 20:11:38",215.35,867.13,,,,"     ",5.30,101.44,4.09
1771,554741383,"01771M20:23:38.829","01771 20:11:39",215.37,867.20,,,,"     ",5.30,100.63,4.06
1771,554741384,"01771M20:23:39.802","01771 20:11:40",215.39,867.23,,,,"     ",5.30,101.75,4.11
1771,554741385,"01771M20:23:40.775","01771 20:11:41",215.40,867.15,,,,"     ",5.30,100.95,4.07
1771,554741386,"01771M20:23:41.748","01771 20:11:42",215.41,867.07,,,,"     ",5.30,101.16,4.08
1771,554741387,"01771M20:23:42.722","01771 20:11:43",215.42,867.11,,,,"     ",5.30,101.74,4.11
1771,554741388,"01771M20:23:43.695","01771 20:11:44",215.42,867.17,,,,"     ",5.30,101.33,4.09
1771,554741389,"01771M20:23:44.668","01771 20:11:45",215.41,867.18,,,,"     ",5.30,100.78,4.07
1771,554741390,"01771M20:23:45.641","01771 20:11:45",215.40,867.11,,,,"     ",5.30,101.65,4.10
1771,554741391,"01771M20:23:46.615","01771 20:11:46",215.40,867.05,,,,"     ",5.30,101.54,4.10
1771,554741392,"01771M20:23:47.588","01771 20:11:47",215.39,867.22,,,,"     ",5.30,101.02,4.08
1771,554741393,"01771M20:23:48.561","01771 20:11:48",215.39,867.19,,,,"     ",5.30,100.84,4.07
1771,554741394,"01771M20:23:49.534","01771 20:11:49",215.40,867.30,,,,"     ",5.30,100.91,4.07
1771,554741395,"01771M20:23:50.508","01771 20:11:50",215.40,867.30,,,,"     ",5.30,101.30,4.09
1771,554741396,"01771M20:23:51.481","01771 20:11:51",215.40,867.16,,,,"     ",5.30,100.86,4.07
1771,554741397,"01771M20:23:52.454","01771 20:11:52",215.40,867.17,,,,"     ",5.30,101.52,4.10
1771,554741398,"01771M20:23:53.427","01771 20:11:53",215.40,867.17,,,,"     ",5.30,101.52,4.10
1771,554741399,"01771M20:23:54.401","01771 20:11:54",215.40,867.25,,,,"     ",5.30,101.17,4.09
1771,554741400,"01771M20:23:55.374","01771 20:11:55",215.40,867.29,,,,"     ",5.30,101.37,4.09
1771,554741401,"01771M20:23:56.347","01771 20:11:56",215.40,867.29,,,,"     ",5.30,101.23,4.09
1771,554741402,"01771M20:23:57.320","01771 20:11:57",215.40,867.28,,,,"     ",5.30,101.27,4.09
1771,554741403,"01771M20:23:58.294","01771 20:11:58",215.41,867.23,,,,"     ",5.30,101.03,4.08
1771,554741404,"01771M20:23:59.267","01771 20:11:59",215.41,867.31,,,,"     ",5.30,101.72,4.11
1771,554741405,"01771M20:24:00.240","01771 20:12:00",215.42,867.26,,,,"     ",5.30,101.42,4.10
1771,554741406,"01771M20:24:01.213","01771 20:12:01",215.43,867.25,,,,"     ",5.30,101.66,4.11
1771,554741407,"01771M20:24:02.187","01771 20:12:02",215.44,867.31,,,,"     ",5.30,101.17,4.09
1771,554741408,"01771M20:24:03.160","01771 20:12:03",215.44,867.35,,,,"     ",5.30,101.78,4.11
1771,554741409,"01771M20:24:04.133","01771 20:12:04",215.44,867.32,,,,"     ",5.30,101.23,4.09
1771,554741410,"01771M20:24:05.106","01771 20:12:05",215.44,867.33,,,,"     ",5.30,101.41,4.10
1771,554741411,"01771M20:24:06.080","01771 20:12:06",215.43,867.24,,,,"     ",5.30,101.35,4.09
1771,554741412,"01771M20:24:07.053","01771 20:12:07",215.43,867.30,,,,"     ",5.30,100.73,4.07
1771,554741413,"01771M20:24:08.026","01771 20:12:08",215.42,867.26,,,,"     ",5.30,101.25,4.09
1771,554741414,"01771M20:24:08.999","01771 20:12:09",215.42,867.26,,,,"     ",5.30,101.39,4.10
1771,554741415,"01771M20:24:09.973","01771 20:12:10",215.42,867.33,,,,"     ",5.30,101.17,4.09
1771,554741416,"01771M20:24:10.946","01771 20:12:11",215.42,867.31,,,,"     ",5.30,101.38,4.10
1771,554741417,"01771M20:24:11.919","01771 20:12:12",215.41,867.31,,,,"     ",5.30,100.41,4.06
1771,554741418,"01771M20:24:12.892","01771 20:12:13",215.41,867.20,,,,"     ",5.30,101.93,4.12
1771,554741419,"01771M20:24:13.866","01771 20:12:14",215.40,867.41,,,,"     ",5.30,101.13,4.09
1771,554741420,"01771M20:24:14.839","01771 20:12:15",215.38,867.30,,,,"     ",5.30,101.04,4.08
1771,554741421,"01771M20:24:15.812","01771 20:12:16",215.36,867.29,,,,"     ",5.30,101.61,4.11
1771,554741422,"01771M20:24:16.785","01771 20:12:17",215.34,867.29,,,,"     ",5.30,101.15,4.09
1771,554741423,"01771M20:24:17.759","01771 20:12:18",215.30,867.39,,,,"     ",5.30,101.00,4.08
1771,554741424,"01771M20:24:18.732","01771 20:12:19",215.26,867.33,,,,"     ",5.30,100.84,4.08
1771,554741425,"01771M20:24:19.705","01771 20:12:20",215.21,867.35,,,,"     ",5.30,101.02,4.09
1771,554741426,"01771M20:24:20.678","01771 20:12:21",215.16,867.26,,,,"     ",5.30,100.74,4.07
1771,554741427,"01771M20:24:21.652","01771 20:12:22",215.12,867.22,,,,"     ",5.30,101.00,4.08
1771,554741428,"01771M20:24:22.625","01771 20:12:22",215.08,867.27,,,,"     ",5.30,101.70,4.12
1771,554741429,"01771M20:24:23.598","01771 20:12:23",215.05,867.30,,,,"     ",5.30,101.14,4.09
1771,554741430,"01771M20:24:24.572","01771 20:12:24",215.03,867.27,,,,"     ",5.30,100.43,4.06
1771,554741431,"01771M20:24:25.545","01771 20:12:25",215.01,867.37,,,,"     ",5.30,101.23,4.10
1771,554741432,"01771M20:24:26.518","01771 20:12:26",215.00,867.30,,,,"     ",5.30,100.69,4.07
1771,554741433,"01771M20:24:27.491","01771 20:12:27",215.00,867.36,,,,"     ",5.30,100.26,4.06
1771,554741434,"01771M20:24:28.465","01771 20:12:28",215.00,867.36,,,,"     ",5.30,101.07,4.09
1771,554741435,"01771M20:24:29.438","01771 20:12:29",215.00,867.21,,,,"     ",5.30,100.95,4.09
1771,554741436,"01771M20:24:30.411","01771 20:12:30",215.01,867.26,,,,"     ",5.30,100.88,4.08
1771,554741437,"01771M20:24:31.384","01771 20:12:31",215.01,867.31,,,,"     ",5.30,100.03,4.05
1771,554741438,"01771M20:24:32.358","01771 20:12:32",215.01,867.24,,,,"     ",5.30,100.47,4.07
1771,554741439,"01771M20:24:33.331","01771 20:12:33",215.00,867.27,,,,"     ",5.30,100.77,4.08
1771,554741440,"01771M20:24:34.304","01771 20:12:34",214.99,867.35,,,,"     ",5.30,101.33,4.10
1771,554741441,"01771M20:24:35.277","01771 20:12:35",214.98,867.30,,,,"     ",5.30,100.92,4.09
1771,554741442,"01771M20:24:36.251","01771 20:12:36",214.97,867.34,,,,"     ",5.30,101.09,4.09
1771,554741443,"01771M20:24:37.224","01771 20:12:37",214.95,867.30,,,,"     ",5.30,100.99,4.09
1771,554741444,"01771M20:24:38.197","01771 20:12:38",214.94,867.32,,,,"     ",5.30,100.16,4.06
1771,554741445,"01771M20:24:39.170","01771 20:12:39",214.93,867.34,,,,"     ",5.30,101.28,4.10
1771,554741446,"01771M20:24:40.144","01771 20:12:40",214.93,867.30,,,,"     ",5.30,100.64,4.07
1771,554741447,"01771M20:24:41.117","01771 20:12:41",214.92,867.32,,,,"     ",5.30,100.16,4.06
1771,554741448,"01771M20:24:42.090","01771 20:12:42",214.92,867.37,,,,"     ",5.30,100.26,4.06
1771,554741449,"01771M20:24:43.063","01771 20:12:43",214.94,867.34,,,,"     ",5.30,100.75,4.08
1771,554741450,"01771M20:24:44.037","01771 20:12:44",214.96,867.37,,,,"     ",5.30,100.59,4.08
1771,554741451,"01771M20:24:45.010","01771 20:12:45",214.99,867.30,,,,"     ",5.30,100.48,4.07
1771,554741452,"01771M20:24:45.983","01771 20:12:46",215.03,867.36,,,,"     ",5.30,99.68,4.04
1771,554741453,"01771M20:24:46.956","01771 20:12:47",215.08,867.39,,,,"     ",5.30,99.55,4.03
1771,554741454,"01771M20:24:47.930","01771 20:12:48",215.14,867.32,,,,"     ",5.30,100.12,4.06
1771,554741455,"01771M20:24:48.903","01771 20:12:49",215.20,867.33,,,,"     ",5.30,100.02,4.06
1771,554741456,"01771M20:24:49.876","01771 20:12:50",215.26,867.38,,,,"     ",5.30,100.61,4.08
1771,554741457,"01771M20:24:50.849","01771 20:12:51",215.31,867.41,,,,"     ",5.30,99.61,4.04
1771,554741458,"01771M20:24:51.823","01771 20:12:52",215.36,867.37,,,,"     ",5.30,100.13,4.06
1771,554741459,"01771M20:24:52.796","01771 20:12:53",215.40,867.45,,,,"     ",5.30,100.37,4.07
1771,554741460,"01771M20:24:53.769","01771 20:12:54",215.43,867.41,,,,"     ",5.30,100.21,4.07
1771,554741461,"01771M20:24:54.742","01771 20:12:55",215.45,867.36,,,,"     ",5.30,100.49,4.08
1771,554741462,"01771M20:24:55.716","01771 20:12:56",215.46,867.33,,,,"     ",5.30,99.87,4.05
1771,554741463,"01771M20:24:56.689","01771 20:12:57",215.45,867.35,,,,"     ",5.30,100.44,4.08
1771,554741464,"01771M20:24:57.662","01771 20:12:58",215.42,867.39,,,,"     ",5.30,100.57,4.08
1771,554741465,"01771M20:24:58.635","01771 20:12:59",215.39,867.34,,,,"     ",5.30,100.86,4.10
1771,554741466,"01771M20:24:59.609","01771 20:12:59",215.36,867.42,,,,"     ",5.30,100.45,4.08
1771,554741467,"01771M20:25:00.582","01771 20:13:00",215.31,867.45,,,,"     ",5.30,100.12,4.07
1771,554741468,"01771M20:25:01.555","01771 20:13:01",215.27,867.46,,,,"     ",5.30,100.51,4.08
1771,554741469,"01771M20:25:02.528","01771 20:13:02",215.22,867.48,,,,"     ",5.30,100.26,4.07
1771,554741470,"01771M20:25:03.502","01771 20:13:03",215.16,867.52,,,,"     ",5.30,100.64,4.09
1771,554741471,"01771M20:25:04.475","01771 20:13:04",215.12,867.43,,,,"     ",5.30,100.18,4.07
1771,554741472,"01771M20:25:05.448","01771 20:13:05",215.07,867.46,,,,"     ",5.30,100.76,4.09
1771,554741473,"01771M20:25:06.421","01771 20:13:06",215.03,867.40,,,,"     ",5.30,100.50,4.08
1771,554741474,"01771M20:25:07.395","01771 20:13:07",215.00,867.44,,,,"     ",5.30,100.22,4.07
1771,554741475,"01771M20:25:08.368","01771 20:13:08",214.99,867.39,,,,"     ",5.30,99.88,4.06
1771,554741476,"01771M20:25:09.341","01771 20:13:09",214.99,867.42,,,,"     ",5.30,100.88,4.10
1771,554741477,"01771M20:25:10.314","01771 20:13:10",215.00,867.44,,,,"     ",5.30,100.43,4.08
1771,554741478,"01771M20:25:11.288","01771 20:13:11",215.02,867.41,,,,"     ",5.30,100.68,4.09
1771,554741479,"01771M20:25:12.261","01771 20:13:12",215.03,867.37,,,,"     ",5.30,101.13,4.11
1771,554741480,"01771M20:25:13.234","01771 20:13:13",215.05,867.45,,,,"     ",5.30,100.44,4.08
1771,554741481,"01771M20:25:14.207","01771 20:13:14",215.07,867.47,,,,"     ",5.30,100.19,4.07
1771,554741482,"01771M20:25:15.181","01771 20:13:15",215.08,867.45,,,,"     ",5.30,101.10,4.11
1771,554741483,"01771M20:25:16.154","01771 20:13:16",215.08,867.35,,,,"     ",5.30,101.29,4.12
1771,554741484,"01771M20:25:17.127","01771 20:13:17",215.08,867.40,,,,"     ",5.30,101.01,4.11
1771,554741485,"01771M20:25:18.100","01771 20:13:18",215.08,867.42,,,,"     ",5.30,100.44,4.08
1771,554741486,"01771M20:25:19.074","01771 20:13:19",215.07,867.50,,,,"     ",5.30,101.24,4.12
1771,554741487,"01771M20:25:20.047","01771 20:13:20",215.07,867.43,,,,"     ",5.30,100.84,4.10
1771,554741488,"01771M20:25:21.020","01771 20:13:21",215.08,867.48,,,,"     ",5.30,101.00,4.11
1771,554741489,"01771M20:25:21.993","01771 20:13:22",215.09,867.46,,,,"     ",5.30,100.30,4.08
1771,554741490,"01771M20:25:22.967","01771 20:13:23",215.11,867.42,,,,"     ",5.30,100.82,4.10
1771,554741491,"01771M20:25:23.940","01771 20:13:24",215.13,867.41,,,,"     ",5.30,100.70,4.10
1771,554741492,"01771M20:25:24.913","01771 20:13:25",215.16,867.41,,,,"     ",5.30,100.24,4.08
1771,554741493,"01771M20:25:25.886","01771 20:13:26",215.18,867.46,,,,"     ",5.30,100.90,4.11
1771,554741494,"01771M20:25:26.860","01771 20:13:27",215.20,867.48,,,,"     ",5.30,100.62,4.09
1771,554741495,"01771M20:25:27.833","01771 20:13:28",215.23,867.49,,,,"     ",5.30,101.01,4.11
1771,554741496,"01771M20:25:28.806","01771 20:13:29",215.26,867.53,,,,"     ",5.30,100.76,4.10
1771,554741497,"01771M20:25:29.779","01771 20:13:30",215.28,867.55,,,,"     ",5.30,101.10,4.12
1771,554741498,"01771M20:25:30.753","01771 20:13:31",215.31,867.55,,,,"     ",5.30,101.24,4.12
1771,554741499,"01771M20:25:31.726","01771 20:13:32",215.34,867.49,,,,"     ",5.30,101.01,4.11
1771,554741500,"01771M20:25:32.699","01771 20:13:33",215.37,867.53,,,,"     ",5.30,101.14,4.12
1771,554741501,"01771M20:25:33.672","01771 20:13:34",215.41,867.43,,,,"     ",5.30,101.18,4.12
1771,554741502,"01771M20:25:34.646","01771 20:13:35",215.44,867.40,,,,"     ",5.30,101.37,4.13
1771,554741503,"01771M20:25:35.619","01771 20:13:35",215.47,867.42,,,,"     ",5.30,101.26,4.12
1771,554741504,"01771M20:25:36.592","01771 20:13:36",215.51,867.47,,,,"     ",5.30,100.98,4.11
1771,554741505,"01771M20:25:37.566","01771 20:13:37",215.55,867.48,,,,"     ",5.30,101.40,4.13
1771,554741506,"01771M20:25:38.539","01771 20:13:38",215.59,867.49,,,,"     ",5.30,101.22,4.12
1771,554741507,"01771M20:25:39.512","01771 20:13:39",215.63,867.42,,,,"     ",5.30,101.27,4.12
1771,554741508,"01771M20:25:40.485","01771 20:13:40",214.82,867.45,,,,"     ",5.30,101.25,4.12
1771,554741509,"01771M20:25:41.459","01771 20:13:41",214.90,867.41,,,,"     ",5.30,101.47,4.13
1771,554741510,"01771M20:25:42.432","01771 20:13:42",214.98,867.54,,,,"     ",5.30,101.14,4.12
1771,554741511,"01771M20:25:43.405","01771 20:13:43",215.06,867.56,,,,"     ",5.30,100.83,4.10
1771,554741512,"01771M20:25:44.378","01771 20:13:44",215.13,867.54,,,,"     ",5.30,101.01,4.11
1771,554741513,"01771M20:25:45.352","01771 20:13:45",215.20,867.46,,,,"     ",5.30,100.95,4.11
1771,554741514,"01771M20:25:46.325","01771 20:13:46",215.26,867.50,,,,"     ",5.30,101.36,4.13
1771,554741515,"01771M20:25:47.298","01771 20:13:47",215.33,867.49,,,,"     ",5.30,101.29,4.12
1771,554741516,"01771M20:25:48.271","01771 20:13:48",215.39,867.50,,,,"     ",5.30,101.08,4.12
1771,554741517,"01771M20:25:49.245","01771 20:13:49",215.44,867.51,,,,"     ",5.30,101.40,4.13
1771,554741518,"01771M20:25:50.218","01771 20:13:50",215.49,867.49,,,,"     ",5.30,101.43,4.13
1771,554741519,"01771M20:25:51.191","01771 20:13:51",215.54,867.44,,,,"     ",5.30,101.08,4.11
1771,554741520,"01771M20:25:52.164","01771 20:13:52",215.59,867.41,,,,"     ",5.30,101.23,4.12
1771,554741521,"01771M20:25:53.138","01771 20:13:53",215.64,867.48,,,,"     ",5.30,101.85,4.15
1771,554741522,"01771M20:25:54.111","01771 20:13:54",215.68,867.61,,,,"     ",5.30,101.00,4.11
1771,554741523,"01771M20:25:55.084","01771 20:13:55",215.72,867.59,,,,"     ",5.30,101.90,4.15
1771,554741524,"01771M20:25:56.057","01771 20:13:56",215.76,867.52,,,,"     ",5.30,102.09,4.16
1771,554741525,"01771M20:25:57.031","01771 20:13:57",215.79,867.55,,,,"     ",5.30,101.91,4.15
1771,554741526,"01771M20:25:58.004","01771 20:13:58",215.83,867.55,,,,"     ",5.30,101.49,4.13
1771,554741527,"01771M20:25:58.977","01771 20:13:59",215.86,867.58,,,,"     ",5.30,102.46,4.17
1771,554741528,"01771M20:25:59.950","01771 20:14:00",215.87,867.53,,,,"     ",5.30,102.66,4.18
1771,554741529,"01771M20:26:00.924","01771 20:14:01",215.88,867.53,,,,"     ",5.30,102.60,4.18
1771,554741530,"01771M20:26:01.897","01771 20:14:02",215.89,867.52,,,,"     ",5.30,102.22,4.16
1771,554741531,"01771M20:26:02.870","01771 20:14:03",215.90,867.62,,,,"     ",5.30,102.16,4.16
1771,554741532,"01771M20:26:03.843","01771 20:14:04",215.91,867.68,,,,"     ",5.30,101.98,4.15
1771,554741533,"01771M20:26:04.817","01771 20:14:05",215.92,867.60,,,,"     ",5.30,102.13,4.15
1771,554741534,"01771M20:26:05.790","01771 20:14:06",215.93,867.64,,,,"     ",5.30,102.83,4.18
1771,554741535,"01771M20:26:06.763","01771 20:14:07",215.94,867.66,,,,"     ",5.30,102.15,4.15
1771,554741536,"01771M20:26:07.736","01771 20:14:08",215.96,867.54,,,,"     ",5.30,102.37,4.16
1771,554741537,"01771M20:26:08.710","01771 20:14:09",215.98,867.64,,,,"     ",5.30,102.74,4.18
1771,554741538,"01771M20:26:09.683","01771 20:14:10",216.00,867.61,,,,"     ",5.30,102.92,4.19
1771,554741539,"01771M20:26:10.656","01771 20:14:11",216.02,867.64,,,,"     ",5.30,102.80,4.18
1771,554741540,"01771M20:26:11.629","01771 20:14:12",216.02,867.59,,,,"     ",5.30,102.74,4.18
1771,554741541,"01771M20:26:12.603","01771 20:14:12",216.02,867.60,,,,"     ",5.30,102.26,4.16
1771,554741542,"01771M20:26:13.576","01771 20:14:13",216.01,867.69,,,,"     ",5.30,102.24,4.16
1771,554741543,"01771M20:26:14.549","01771 20:14:14",215.99,867.56,,,,"     ",5.30,102.40,4.16
1771,554741544,"01771M20:26:15.522","01771 20:14:15",215.96,867.67,,,,"     ",5.30,102.12,4.15
1771,554741545,"01771M20:26:16.496","01771 20:14:16",215.92,867.56,,,,"     ",5.30,102.42,4.16
1771,554741546,"01771M20:26:17.469","01771 20:14:17",215.86,867.58,,,,"     ",5.30,102.32,4.16
1771,554741547,"01771M20:26:18.442","01771 20:14:18",215.80,867.64,,,,"     ",5.30,102.35,4.16
1771,554741548,"01771M20:26:19.415","01771 20:14:19",215.73,867.66,,,,"     ",5.30,102.06,4.15
1771,554741549,"01771M20:26:20.389","01771 20:14:20",215.65,867.57,,,,"     ",5.30,102.21,4.15
1771,554741550,"01771M20:26:21.362","01771 20:14:21",215.56,867.67,,,,"     ",5.30,102.34,4.16
1771,554741551,"01771M20:26:22.335","01771 20:14:22",215.47,867.60,,,,"     ",5.30,102.36,4.16
1771,554741552,"01771M20:26:23.308","01771 20:14:23",215.38,867.61,,,,"     ",5.30,102.81,4.18
1771,554741553,"01771M20:26:24.282","01771 20:14:24",215.30,867.61,,,,"     ",5.30,102.12,4.15
1771,554741554,"01771M20:26:25.255","01771 20:14:25",215.23,867.67,,,,"     ",5.30,102.18,4.16
1771,554741555,"01771M20:26:26.228","01771 20:14:26",215.18,867.62,,,,"     ",5.30,101.56,4.13
1771,554741556,"01771M20:26:27.201","01771 20:14:27",215.14,867.64,,,,"     ",5.30,101.00,4.11
1771,554741557,"01771M20:26:28.175","01771 20:14:28",215.11,867.62,,,,"     ",5.30,102.06,4.15
1771,554741558,"01771M20:26:29.148","01771 20:14:29",215.09,867.61,,,,"     ",5.30,102.45,4.17
1771,554741559,"01771M20:26:30.121","01771 20:14:30",215.08,867.55,,,,"     ",5.30,102.08,4.15
1771,554741560,"01771M20:26:31.094","01771 20:14:31",215.07,867.59,,,,"     ",5.30,102.15,4.16
1771,554741561,"01771M20:26:32.068","01771 20:14:32",215.06,867.63,,,,"     ",5.30,102.37,4.16
1771,554741562,"01771M20:26:33.041","01771 20:14:33",215.04,867.66,,,,"     ",5.30,101.48,4.13
1771,554741563,"01771M20:26:34.014","01771 20:14:34",215.02,867.74,,,,"     ",5.30,102.31,4.17
1771,554741564,"01771M20:26:34.987","01771 20:14:35",215.01,867.65,,,,"     ",5.30,102.14,4.16
1771,554741565,"01771M20:26:35.961","01771 20:14:36",215.01,867.72,,,,"     ",5.30,101.99,4.15
1771,554741566,"01771M20:26:36.934","01771 20:14:37",215.01,867.81,,,,"     ",5.30,103.00,4.20
1771,554741567,"01771M20:26:37.907","01771 20:14:38",215.03,867.70,,,,"     ",5.30,102.70,4.18
1771,554741568,"01771M20:26:38.880","01771 20:14:39",215.05,867.62,,,,"     ",5.30,102.51,4.17
1771,554741569,"01771M20:26:39.854","01771 20:14:40",215.07,867.59,,,,"     ",5.30,101.95,4.15
1771,554741570,"01771M20:26:40.827","01771 20:14:41",215.10,867.53,,,,"     ",5.30,102.28,4.17
1771,554741571,"01771M20:26:41.800","01771 20:14:42",215.13,867.50,,,,"     ",5.30,102.38,4.17
1771,554741572,"01771M20:26:42.773","01771 20:14:43",215.16,867.61,,,,"     ",5.30,102.51,4.17
1771,554741573,"01771M20:26:43.747","01771 20:14:44",215.20,867.64,,,,"     ",5.30,102.12,4.16
1771,554741574,"01771M20:26:44.720","01771 20:14:45",215.23,867.60,,,,"     ",5.30,102.73,4.19
1771,554741575,"01771M20:26:45.693","01771 20:14:46",215.26,867.64,,,,"     ",5.30,102.31,4.17
1771,554741576,"01771M20:26:46.667","01771 20:14:47",215.29,867.60,,,,"     ",5.30,103.00,4.20
1771,554741577,"01771M20:26:47.640","01771 20:14:48",215.31,867.69,,,,"     ",5.30,103.04,4.20
1771,554741578,"01771M20:26:48.613","01771 20:14:49",215.33,867.57,,,,"     ",5.30,102.95,4.20
1771,554741579,"01771M20:26:49.586","01771 20:14:49",215.35,867.59,,,,"     ",5.30,102.98,4.20
1771,554741580,"01771M20:26:50.560","01771 20:14:50",215.36,867.56,,,,"     ",5.30,102.81,4.19
1771,554741581,"01771M20:26:51.533","01771 20:14:51",215.37,867.62,,,,"     ",5.30,102.59,4.18
1771,554741582,"01771M20:26:52.506","01771 20:14:52",215.38,867.68,,,,"     ",5.30,103.29,4.21
1771,554741583,"01771M20:26:53.479","01771 20:14:53",215.38,867.64,,,,"     ",5.30,102.59,4.18
1771,554741584,"01771M20:26:54.453","01771 20:14:54",215.38,867.60,,,,"     ",5.30,103.61,4.22
1771,554741585,"01771M20:26:55.426","01771 20:14:55",215.37,867.59,,,,"     ",5.30,103.23,4.21
1771,554741586,"01771M20:26:56.399","01771 20:14:56",215.36,867.64,,,,"     ",5.30,102.88,4.19
1771,554741587,"01771M20:26:57.372","01771 20:14:57",215.32,867.59,,,,"     ",5.30,103.75,4.23
1771,554741588,"01771M20:26:58.346","01771 20:14:58",215.28,867.63,,,,"     ",5.30,103.26,4.21
1771,554741589,"01771M20:26:59.319","01771 20:14:59",215.23,867.67,,,,"     ",5.30,103.06,4.20
1771,554741590,"01771M20:27:00.292","01771 20:15:00",215.17,867.61,,,,"     ",5.30,103.24,4.21
1771,554741591,"01771M20:27:01.265","01771 20:15:01",215.12,867.76,,,,"     ",5.30,103.54,4.22
1771,554741592,"01771M20:27:02.239","01771 20:15:02",215.06,867.71,,,,"     ",5.30,103.64,4.23
1771,554741593,"01771M20:27:03.212","01771 20:15:03",215.02,867.66,,,,"     ",5.30,102.85,4.20
1771,554741594,"01771M20:27:04.185","01771 20:15:04",214.98,867.64,,,,"     ",5.30,103.38,4.22
1771,554741595,"01771M20:27:05.158","01771 20:15:05",214.94,867.59,,,,"     ",5.30,103.56,4.22
1771,554741596,"01771M20:27:06.132","01771 20:15:06",214.91,867.61,,,,"     ",5.30,103.46,4.22
1771,554741597,"01771M20:27:07.105","01771 20:15:07",214.89,867.71,,,,"     ",5.30,103.11,4.21
1771,554741598,"01771M20:27:08.078","01771 20:15:08",214.87,867.66,,,,"     ",5.30,103.43,4.22
1771,554741599,"01771M20:27:09.051","01771 20:15:09",214.85,867.61,,,,"     ",5.30,103.64,4.23
1771,554741600,"01771M20:27:10.025","01771 20:15:10",214.83,867.64,,,,"     ",5.30,103.20,4.21
1771,554741601,"01771M20:27:10.998","01771 20:15:11",214.82,867.68,,,,"     ",5.30,103.48,4.23
1771,554741602,"01771M20:27:11.971","01771 20:15:12",214.82,867.69,,,,"     ",5.30,103.02,4.21
1771,554741603,"01771M20:27:12.944","01771 20:15:13",214.83,867.71,,,,"     ",5.30,102.53,4.19
1771,554741604,"01771M20:27:13.918","01771 20:15:14",214.83,867.67,,,,"     ",5.30,103.31,4.22
1771,554741605,"01771M20:27:14.891","01771 20:15:15",214.85,867.67,,,,"     ",5.30,102.72,4.20
1771,554741606,"01771M20:27:15.864","01771 20:15:16",214.86,867.65,,,,"     ",5.30,103.01,4.21
1771,554741607,"01771M20:27:16.837","01771 20:15:17",214.87,867.64,,,,"     ",5.30,102.21,4.18
1771,554741608,"01771M20:27:17.811","01771 20:15:18",214.88,867.64,,,,"     ",5.30,102.98,4.21
1771,554741609,"01771M20:27:18.784","01771 20:15:19",214.89,867.61,,,,"     ",5.30,102.88,4.21
1771,554741610,"01771M20:27:19.757","01771 20:15:20",214.90,867.64,,,,"     ",5.30,103.72,4.24
1771,554741611,"01771M20:27:20.730","01771 20:15:21",214.91,867.59,,,,"     ",5.30,102.97,4.21
1771,554741612,"01771M20:27:21.704","01771 20:15:22",214.92,867.56,,,,"     ",5.30,103.20,4.22
1771,554741613,"01771M20:27:22.677","01771 20:15:23",214.92,867.62,,,,"     ",5.30,103.10,4.22
1771,554741614,"01771M20:27:23.650","01771 20:15:24",214.93,867.70,,,,"     ",5.30,103.24,4.22
1771,554741615,"01771M20:27:24.623","01771 20:15:25",214.92,867.76,,,,"     ",5.30,103.34,4.23
1771,554741616,"01771M20:27:25.597","01771 20:15:25",214.91,867.69,,,,"     ",5.30,102.61,4.20
1771,554741617,"01771M20:27:26.570","01771 20:15:26",214.89,867.75,,,,"     ",5.30,103.20,4.22
1771,554741618,"01771M20:27:27.543","01771 20:15:27",214.85,867.75,,,,"     ",5.30,102.54,4.19
1771,554741619,"01771M20:27:28.516","01771 20:15:28",214.82,867.73,,,,"     ",5.30,102.59,4.20
1771,554741620,"01771M20:27:29.490","01771 20:15:29",214.79,867.74,,,,"     ",5.30,102.69,4.20
1771,554741621,"01771M20:27:30.463","01771 20:15:30",214.75,867.65,,,,"     ",5.30,102.47,4.19
1771,554741622,"01771M20:27:31.436","01771 20:15:31",214.72,867.77,,,,"     ",5.30,103.19,4.23
1771,554741623,"01771M20:27:32.409","01771 20:15:32",214.70,867.76,,,,"     ",5.30,103.26,4.23
1771,554741624,"01771M20:27:33.383","01771 20:15:33",214.67,867.74,,,,"     ",5.30,102.85,4.21
1771,554741625,"01771M20:27:34.356","01771 20:15:34",214.65,867.77,,,,"     ",5.30,102.91,4.21
1771,554741626,"01771M20:27:35.329","01771 20:15:35",214.63,867.70,,,,"     ",5.30,102.71,4.21
1771,554741627,"01771M20:27:36.302","01771 20:15:36",214.62,867.71,,,,"     ",5.30,102.51,4.20
1771,554741628,"01771M20:27:37.276","01771 20:15:37",214.61,867.70,,,,"     ",5.30,102.59,4.20
1771,554741629,"01771M20:27:38.249","01771 20:15:38",214.59,867.81,,,,"     ",5.30,103.17,4.23
1771,554741630,"01771M20:27:39.222","01771 20:15:39",214.57,867.74,,,,"     ",5.30,102.27,4.19
1771,554741631,"01771M20:27:40.195","01771 20:15:40",214.55,867.74,,,,"     ",5.30,102.05,4.18
1771,554741632,"01771M20:27:41.169","01771 20:15:41",214.53,867.77,,,,"     ",5.30,102.15,4.19
1771,554741633,"01771M20:27:42.142","01771 20:15:42",214.50,867.74,,,,"     ",5.30,102.64,4.21
1771,554741634,"01771M20:27:43.115","01771 20:15:43",214.48,867.78,,,,"     ",5.30,102.78,4.22
1771,554741635,"01771M20:27:44.088","01771 20:15:44",214.46,867.72,,,,"     ",5.30,101.95,4.18
1771,554741636,"01771M20:27:45.062","01771 20:15:45",214.43,867.75,,,,"     ",5.30,102.17,4.19
1771,554741637,"01771M20:27:46.035","01771 20:15:46",214.40,867.76,,,,"     ",5.30,102.38,4.20
1771,554741638,"01771M20:27:47.008","01771 20:15:47",214.38,867.80,,,,"     ",5.30,101.87,4.18
1771,554741639,"01771M20:27:47.981","01771 20:15:48",214.37,867.79,,,,"     ",5.30,102.74,4.22
1771,554741640,"01771M20:27:48.955","01771 20:15:49",214.36,867.78,,,,"     ",5.30,102.22,4.20
1771,554741641,"01771M20:27:49.928","01771 20:15:50",214.36,867.77,,,,"     ",5.30,102.65,4.22
1771,554741642,"01771M20:27:50.901","01771 20:15:51",214.37,867.66,,,,"     ",5.30,101.52,4.17
1771,554741643,"01771M20:27:51.874","01771 20:15:52",214.38,867.68,,,,"     ",5.30,102.46,4.21
1771,554741644,"01771M20:27:52.848","01771 20:15:53",214.40,867.75,,,,"     ",5.30,102.76,4.22
1771,554741645,"01771M20:27:53.821","01771 20:15:54",214.41,867.76,,,,"     ",5.30,102.02,4.19
1771,554741646,"01771M20:27:54.794","01771 20:15:55",214.43,867.73,,,,"     ",5.30,102.06,4.20
1771,554741647,"01771M20:27:55.768","01771 20:15:56",214.45,867.77,,,,"     ",5.30,101.71,4.18
1771,554741648,"01771M20:27:56.741","01771 20:15:57",214.47,867.75,,,,"     ",5.30,102.20,4.20
1771,554741649,"01771M20:27:57.714","01771 20:15:58",214.48,867.75,,,,"     ",5.30,102.45,4.21
1771,554741650,"01771M20:27:58.687","01771 20:15:59",214.49,867.76,,,,"     ",5.30,102.80,4.23
1771,554741651,"01771M20:27:59.661","01771 20:16:00",214.49,867.79,,,,"     ",5.30,102.11,4.20
1771,554741652,"01771M20:28:00.634","01771 20:16:01",214.48,867.78,,,,"     ",5.30,102.46,4.22
1771,554741653,"01771M20:28:01.607","01771 20:16:02",214.46,867.73,,,,"     ",5.30,102.44,4.22
1771,554741654,"01771M20:28:02.580","01771 20:16:02",214.44,867.78,,,,"     ",5.30,102.50,4.22
1771,554741655,"01771M20:28:03.554","01771 20:16:03",214.42,867.64,,,,"     ",5.30,102.66,4.23
1771,554741656,"01771M20:28:04.527","01771 20:16:04",214.40,867.73,,,,"     ",5.30,102.97,4.24
1771,554741657,"01771M20:28:05.500","01771 20:16:05",214.37,867.73,,,,"     ",5.30,103.12,4.25
1771,554741658,"01771M20:28:06.473","01771 20:16:06",214.35,867.68,,,,"     ",5.30,102.42,4.22
1771,554741659,"01771M20:28:07.447","01771 20:16:07",214.32,867.71,,,,"     ",5.30,102.61,4.23
1771,554741660,"01771M20:28:08.420","01771 20:16:08",214.29,867.68,,,,"     ",5.30,102.78,4.24
1771,554741661,"01771M20:28:09.393","01771 20:16:09",214.26,867.71,,,,"     ",5.30,102.34,4.22
1771,554741662,"01771M20:28:10.366","01771 20:16:10",214.24,867.77,,,,"     ",5.30,102.50,4.23
1771,554741663,"01771M20:28:11.340","01771 20:16:11",214.22,867.80,,,,"     ",5.30,103.02,4.25
1771,554741664,"01771M20:28:12.313","01771 20:16:12",214.21,867.71,,,,"     ",5.30,103.08,4.25
1771,554741665,"01771M20:28:13.286","01771 20:16:13",214.21,867.76,,,,"     ",5.30,104.04,4.29
1771,554741666,"01771M20:28:14.259","01771 20:16:14",214.23,867.73,,,,"     ",5.30,103.49,4.27
1771,554741667,"01771M20:28:15.233","01771 20:16:15",214.26,867.71,,,,"     ",5.30,103.36,4.26
1771,554741668,"01771M20:28:16.206","01771 20:16:16",214.30,867.78,,,,"     ",5.30,103.50,4.27
1771,554741669,"01771M20:28:17.179","01771 20:16:17",214.35,867.75,,,,"     ",5.30,103.16,4.26
1771,554741670,"01771M20:28:18.152","01771 20:16:18",214.40,867.72,,,,"     ",5.30,103.68,4.28
1771,554741671,"01771M20:28:19.126","01771 20:16:19",214.45,867.81,,,,"     ",5.30,103.26,4.26
1771,554741672,"01771M20:28:20.099","01771 20:16:20",214.50,867.70,,,,"     ",5.30,102.93,4.25
1771,554741673,"01771M20:28:21.072","01771 20:16:21",214.54,867.75,,,,"     ",5.30,103.51,4.28
1771,554741674,"01771M20:28:22.045","01771 20:16:22",214.57,867.75,,,,"     ",5.30,102.76,4.24
1771,554741675,"01771M20:28:23.019","01771 20:16:23",214.58,867.79,,,,"     ",5.30,103.31,4.27
1771,554741676,"01771M20:28:23.992","01771 20:16:24",214.59,867.83,,,,"     ",5.30,103.03,4.26
1771,554741677,"01771M20:28:24.965","01771 20:16:25",214.58,867.71,,,,"     ",5.30,102.92,4.25
1771,554741678,"01771M20:28:25.938","01771 20:16:26",214.57,867.70,,,,"     ",5.30,103.44,4.28
1771,554741679,"01771M20:28:26.912","01771 20:16:27",214.55,867.74,,,,"     ",5.30,103.03,4.26
1771,554741680,"01771M20:28:27.885","01771 20:16:28",214.52,867.81,,,,"     ",5.30,103.33,4.27
1771,554741681,"01771M20:28:28.858","01771 20:16:29",214.49,867.86,,,,"     ",5.30,102.92,4.26
1771,554741682,"01771M20:28:29.831","01771 20:16:30",214.46,867.77,,,,"     ",5.30,103.31,4.27
1771,554741683,"01771M20:28:30.805","01771 20:16:31",214.41,867.81,,,,"     ",5.30,103.21,4.27
1771,554741684,"01771M20:28:31.778","01771 20:16:32",214.37,867.86,,,,"     ",5.30,102.80,4.25
1771,554741685,"01771M20:28:32.751","01771 20:16:33",214.32,867.82,,,,"     ",5.30,103.25,4.27
1771,554741686,"01771M20:28:33.724","01771 20:16:34",214.26,867.83,,,,"     ",5.30,102.97,4.26
1771,554741687,"01771M20:28:34.698","01771 20:16:35",214.20,867.82,,,,"     ",5.30,103.39,4.28
1771,554741688,"01771M20:28:35.671","01771 20:16:36",214.15,867.88,,,,"     ",5.30,102.80,4.26
1771,554741689,"01771M20:28:36.644","01771 20:16:37",214.09,867.86,,,,"     ",5.30,102.85,4.26
1771,554741690,"01771M20:28:37.617","01771 20:16:38",214.04,867.88,,,,"     ",5.30,102.96,4.27
1771,554741691,"01771M20:28:38.591","01771 20:16:39",213.98,867.85,,,,"     ",5.30,102.79,4.26
1771,554741692,"01771M20:28:39.564","01771 20:16:39",213.93,867.88,,,,"     ",5.30,102.65,4.25
1771,554741693,"01771M20:28:40.537","01771 20:16:40",213.38,867.84,,,,"     ",5.30,102.69,4.25
1771,554741694,"01771M20:28:41.510","01771 20:16:41",213.37,867.84,,,,"     ",5.30,102.95,4.27
1771,554741695,"01771M20:28:42.484","01771 20:16:42",213.38,867.81,,,,"     ",5.30,102.72,4.26
1771,554741696,"01771M20:28:43.457","01771 20:16:43",213.39,867.78,,,,"     ",5.30,102.62,4.26
1771,554741697,"01771M20:28:44.430","01771 20:16:44",213.40,867.80,,,,"     ",5.30,102.52,4.25
1771,554741698,"01771M20:28:45.403","01771 20:16:45",213.42,867.81,,,,"     ",5.30,102.39,4.25
1771,554741699,"01771M20:28:46.377","01771 20:16:46",213.43,867.89,,,,"     ",5.30,102.17,4.24
1771,554741700,"01771M20:28:47.350","01771 20:16:47",213.45,867.81,,,,"     ",5.30,102.46,4.25
1771,554741701,"01771M20:28:48.323","01771 20:16:48",213.47,867.86,,,,"     ",5.30,102.50,4.26
1771,554741702,"01771M20:28:49.296","01771 20:16:49",213.49,867.94,,,,"     ",5.30,102.53,4.26
1771,554741703,"01771M20:28:50.270","01771 20:16:50",213.49,867.90,,,,"     ",5.30,102.47,4.26
1771,554741704,"01771M20:28:51.243","01771 20:16:51",213.49,867.89,,,,"     ",5.30,102.61,4.26
1771,554741705,"01771M20:28:52.216","01771 20:16:52",213.49,867.92,,,,"     ",5.30,102.03,4.24
1771,554741706,"01771M20:28:53.189","01771 20:16:53",213.48,867.85,,,,"     ",5.30,102.60,4.26
1771,554741707,"01771M20:28:54.163","01771 20:16:54",213.48,867.91,,,,"     ",5.30,102.66,4.27
1771,554741708,"01771M20:28:55.136","01771 20:16:55",213.47,867.93,,,,"     ",5.30,103.25,4.30
1771,554741709,"01771M20:28:56.109","01771 20:16:56",213.47,867.87,,,,"     ",5.30,102.92,4.28
1771,554741710,"01771M20:28:57.082","01771 20:16:57",213.46,867.91,,,,"     ",5.30,102.38,4.26
1771,554741711,"01771M20:28:58.056","01771 20:16:58",213.45,867.95,,,,"     ",5.30,102.68,4.27
1771,554741712,"01771M20:28:59.029","01771 20:16:59",213.42,867.94,,,,"     ",5.30,102.54,4.27
1771,554741713,"01771M20:29:00.002","01771 20:17:00",213.39,867.95,,,,"     ",5.30,103.11,4.29
1771,554741714,"01771M20:29:00.975","01771 20:17:01",213.88,867.89,,,,"     ",5.30,103.17,4.30
1771,554741715,"01771M20:29:01.949","01771 20:17:02",213.86,867.86,,,,"     ",5.30,102.57,4.27
1771,554741716,"01771M20:29:02.922","01771 20:17:03",213.83,867.86,,,,"     ",5.30,102.92,4.29
1771,554741717,"01771M20:29:03.895","01771 20:17:04",213.78,867.92,,,,"     ",5.30,103.09,4.29
1771,554741718,"01771M20:29:04.869","01771 20:17:05",213.72,867.94,,,,"     ",5.30,102.92,4.29
1771,554741719,"01771M20:29:05.842","01771 20:17:06",213.66,867.90,,,,"     ",5.30,103.07,4.30
1771,554741720,"01771M20:29:06.815","01771 20:17:07",213.60,867.94,,,,"     ",5.30,103.03,4.29
1771,554741721,"01771M20:29:07.788","01771 20:17:08",212.92,867.85,,,,"     ",5.30,103.05,4.30
1771,554741722,"01771M20:29:08.762","01771 20:17:09",212.90,867.90,,,,"     ",5.30,103.50,4.32
1771,554741723,"01771M20:29:09.735","01771 20:17:10",212.91,867.90,,,,"     ",5.30,102.60,4.28
1771,554741724,"01771M20:29:10.708","01771 20:17:11",212.94,867.84,,,,"     ",5.30,103.54,4.32
1771,554741725,"01771M20:29:11.681","01771 20:17:12",212.98,867.84,,,,"     ",5.30,102.55,4.28
1771,554741726,"01771M20:29:12.655","01771 20:17:13",213.03,867.87,,,,"     ",5.30,102.72,4.28
1771,554741727,"01771M20:29:13.628","01771 20:17:14",213.08,867.87,,,,"     ",5.30,103.31,4.31
1771,554741728,"01771M20:29:14.601","01771 20:17:15",213.14,867.91,,,,"     ",5.30,103.28,4.31
1771,554741729,"01771M20:29:15.574","01771 20:17:16",213.21,867.91,,,,"     ",5.30,102.90,4.29
1771,554741730,"01771M20:29:16.548","01771 20:17:16",213.30,867.84,,,,"     ",5.30,102.88,4.29
1771,554741731,"01771M20:29:17.521","01771 20:17:17",213.40,867.84,,,,"     ",5.30,103.30,4.31
1771,554741732,"01771M20:29:18.494","01771 20:17:18",213.51,867.88,,,,"     ",5.30,103.23,4.31
1771,554741733,"01771M20:29:19.467","01771 20:17:19",213.62,867.83,,,,"     ",5.30,102.76,4.29
1771,554741734,"01771M20:29:20.441","01771 20:17:20",213.73,867.84,,,,"     ",5.30,102.87,4.30
1771,554741735,"01771M20:29:21.414","01771 20:17:21",213.83,867.86,,,,"     ",5.30,102.97,4.30
1771,554741736,"01771M20:29:22.387","01771 20:17:22",213.90,867.95,,,,"     ",5.30,103.10,4.31
1771,554741737,"01771M20:29:23.360","01771 20:17:23",213.95,867.97,,,,"     ",5.30,102.74,4.30
1771,554741738,"01771M20:29:24.334","01771 20:17:24",213.98,867.91,,,,"     ",5.30,102.61,4.29
1771,554741739,"01771M20:29:25.307","01771 20:17:25",213.98,867.91,,,,"     ",5.30,102.72,4.30
1771,554741740,"01771M20:29:26.280","01771 20:17:26",213.96,867.92,,,,"     ",5.30,102.59,4.29
1771,554741741,"01771M20:29:27.253","01771 20:17:27",213.93,867.92,,,,"     ",5.30,102.83,4.30
1771,554741742,"01771M20:29:28.227","01771 20:17:28",213.87,867.86,,,,"     ",5.30,102.39,4.28
1771,554741743,"01771M20:29:29.200","01771 20:17:29",213.81,867.92,,,,"     ",5.30,102.40,4.29
1771,554741744,"01771M20:29:30.173","01771 20:17:30",213.74,867.95,,,,"     ",5.30,103.01,4.31
1771,554741745,"01771M20:29:31.146","01771 20:17:31",213.67,867.92,,,,"     ",5.30,102.51,4.29
1771,554741746,"01771M20:29:32.120","01771 20:17:32",213.60,867.94,,,,"     ",5.30,102.35,4.29
1771,554741747,"01771M20:29:33.093","01771 20:17:33",213.55,867.93,,,,"     ",5.30,102.64,4.30
1771,554741748,"01771M20:29:34.066","01771 20:17:34",213.50,867.95,,,,"     ",5.30,102.35,4.29
1771,554741749,"01771M20:29:35.039","01771 20:17:35",213.47,867.92,,,,"     ",5.30,102.47,4.30
1771,554741750,"01771M20:29:36.013","01771 20:17:36",213.45,867.88,,,,"     ",5.30,102.95,4.32
1771,554741751,"01771M20:29:36.986","01771 20:17:37",213.45,867.88,,,,"     ",5.30,102.75,4.31
1771,554741752,"01771M20:29:37.959","01771 20:17:38",213.45,867.87,,,,"     ",5.30,102.15,4.28
1771,554741753,"01771M20:29:38.932","01771 20:17:39",213.45,867.91,,,,"     ",5.30,102.53,4.30
1771,554741754,"01771M20:29:39.906","01771 20:17:40",213.46,867.97,,,,"     ",5.30,103.03,4.33
1771,554741755,"01771M20:29:40.879","01771 20:17:41",213.46,867.96,,,,"     ",5.30,101.95,4.28
1771,554741756,"01771M20:29:41.852","01771 20:17:42",213.45,867.97,,,,"     ",5.30,102.38,4.30
1771,554741757,"01771M20:29:42.825","01771 20:17:43",213.43,867.94,,,,"     ",5.30,102.07,4.29
1771,554741758,"01771M20:29:43.799","01771 20:17:44",213.41,867.98,,,,"     ",5.30,101.70,4.27
1771,554741759,"01771M20:29:44.772","01771 20:17:45",213.38,867.92,,,,"     ",5.30,101.91,4.28
1771,554741760,"01771M20:29:45.745","01771 20:17:46",213.35,867.98,,,,"     ",5.30,102.16,4.30
1771,554741761,"01771M20:29:46.718","01771 20:17:47",213.30,867.98,,,,"     ",5.30,101.65,4.27
1771,554741762,"01771M20:29:47.692","01771 20:17:48",213.25,868.01,,,,"     ",5.30,102.34,4.31
1771,554741763,"01771M20:29:48.665","01771 20:17:49",213.19,868.02,,,,"     ",5.30,101.32,4.26
1771,554741764,"01771M20:29:49.638","01771 20:17:50",213.14,868.03,,,,"     ",5.30,101.88,4.29
1771,554741765,"01771M20:29:50.611","01771 20:17:51",213.09,867.96,,,,"     ",5.30,101.51,4.27
1771,554741766,"01771M20:29:51.585","01771 20:17:52",213.05,867.97,,,,"     ",5.30,101.76,4.29
1771,554741767,"01771M20:29:52.558","01771 20:17:52",213.02,868.07,,,,"     ",5.30,101.38,4.27
1771,554741768,"01771M20:29:53.531","01771 20:17:53",212.99,868.11,,,,"     ",5.30,101.22,4.27
1771,554741769,"01771M20:29:54.504","01771 20:17:54",212.97,868.08,,,,"     ",5.30,101.66,4.28
1771,554741770,"01771M20:29:55.478","01771 20:17:55",212.94,867.94,,,,"     ",5.30,101.43,4.28
1771,554741771,"01771M20:29:56.451","01771 20:17:56",212.90,867.94,,,,"     ",5.30,101.01,4.26
1771,554741772,"01771M20:29:57.424","01771 20:17:57",212.87,867.95,,,,"     ",5.30,101.70,4.29
1771,554741773,"01771M20:29:58.397","01771 20:17:58",212.83,867.92,,,,"     ",5.30,101.34,4.28
1771,554741774,"01771M20:29:59.371","01771 20:17:59",212.81,867.86,,,,"     ",5.30,100.74,4.25
1771,554741775,"01771M20:30:00.344","01771 20:18:00",212.80,867.88,,,,"     ",5.30,101.22,4.27
1771,554741776,"01771M20:30:01.317","01771 20:18:01",212.80,867.93,,,,"     ",5.30,101.23,4.28
1771,554741777,"01771M20:30:02.290","01771 20:18:02",212.80,867.96,,,,"     ",5.30,101.10,4.27
1771,554741778,"01771M20:30:03.264","01771 20:18:03",212.81,867.94,,,,"     ",5.30,101.61,4.29
1771,554741779,"01771M20:30:04.237","01771 20:18:04",212.80,867.98,,,,"     ",5.30,101.30,4.28
1771,554741780,"01771M20:30:05.210","01771 20:18:05",212.80,867.95,,,,"     ",5.30,100.92,4.27
1771,554741781,"01771M20:30:06.183","01771 20:18:06",212.78,867.94,,,,"     ",5.30,100.56,4.25
1771,554741782,"01771M20:30:07.157","01771 20:18:07",212.76,867.94,,,,"     ",5.30,101.44,4.29
1771,554741783,"01771M20:30:08.130","01771 20:18:08",212.73,868.00,,,,"     ",5.30,101.00,4.28
1771,554741784,"01771M20:30:09.103","01771 20:18:09",212.69,868.08,,,,"     ",5.30,100.36,4.25
1771,554741785,"01771M20:30:10.076","01771 20:18:10",212.63,868.06,,,,"     ",5.30,100.30,4.25
1771,554741786,"01771M20:30:11.050","01771 20:18:11",212.58,868.06,,,,"     ",5.30,100.31,4.25
1771,554741787,"01771M20:30:12.023","01771 20:18:12",212.52,868.01,,,,"     ",5.30,100.63,4.26
1771,554741788,"01771M20:30:12.996","01771 20:18:13",212.47,867.98,,,,"     ",5.30,100.53,4.26
1771,554741789,"01771M20:30:13.970","01771 20:18:14",212.43,868.02,,,,"     ",5.30,100.31,4.25
1771,554741790,"01771M20:30:14.943","01771 20:18:15",212.39,868.06,,,,"     ",5.30,100.47,4.26
1771,554741791,"01771M20:30:15.916","01771 20:18:16",212.35,867.99,,,,"     ",5.30,100.54,4.27
1771,554741792,"01771M20:30:16.889","01771 20:18:17",212.32,868.01,,,,"     ",5.30,100.40,4.26
1771,554741793,"01771M20:30:17.863","01771 20:18:18",212.28,868.00,,,,"     ",5.30,100.34,4.26
1771,554741794,"01771M20:30:18.836","01771 20:18:19",212.24,867.94,,,,"     ",5.30,100.56,4.27
1771,554741795,"01771M20:30:19.809","01771 20:18:20",212.19,867.91,,,,"     ",5.30,100.03,4.25
1771,554741796,"01771M20:30:20.782","01771 20:18:21",212.15,867.89,,,,"     ",5.30,100.48,4.27
1771,554741797,"01771M20:30:21.756","01771 20:18:22",212.12,867.96,,,,"     ",5.30,99.87,4.24
1771,554741798,"01771M20:30:22.729","01771 20:18:23",212.10,867.95,,,,"     ",5.30,100.69,4.28
1771,554741799,"01771M20:30:23.702","01771 20:18:24",212.07,868.01,,,,"     ",5.30,99.72,4.24
1771,554741800,"01771M20:30:24.675","01771 20:18:25",212.04,868.06,,,,"     ",5.30,99.98,4.25
1771,554741801,"01771M20:30:25.649","01771 20:18:26",212.01,868.03,,,,"     ",5.30,99.73,4.25
1771,554741802,"01771M20:30:26.622","01771 20:18:27",211.98,868.01,,,,"     ",5.30,100.18,4.27
1771,554741803,"01771M20:30:27.595","01771 20:18:28",211.94,867.96,,,,"     ",5.30,99.82,4.25
1771,554741804,"01771M20:30:28.568","01771 20:18:29",211.91,868.05,,,,"     ",5.30,99.91,4.26
1771,554741805,"01771M20:30:29.542","01771 20:18:29",211.87,867.95,,,,"     ",5.30,99.47,4.24
1771,554741806,"01771M20:30:30.515","01771 20:18:30",211.83,867.97,,,,"     ",5.30,99.68,4.25
1771,554741807,"01771M20:30:31.488","01771 20:18:31",211.78,867.98,,,,"     ",5.30,99.44,4.24
1771,554741808,"01771M20:30:32.461","01771 20:18:32",211.74,868.03,,,,"     ",5.30,99.55,4.25
1771,554741809,"01771M20:30:33.435","01771 20:18:33",211.69,867.97,,,,"     ",5.30,99.33,4.24
1771,554741810,"01771M20:30:34.408","01771 20:18:34",211.64,868.03,,,,"     ",5.30,99.43,4.24
1771,554741811,"01771M20:30:35.381","01771 20:18:35",211.59,868.04,,,,"     ",5.30,99.67,4.26
1771,554741812,"01771M20:30:36.354","01771 20:18:36",211.54,867.94,,,,"     ",5.30,99.35,4.24
1771,554741813,"01771M20:30:37.328","01771 20:18:37",211.49,867.95,,,,"     ",5.30,99.50,4.25
1771,554741814,"01771M20:30:38.301","01771 20:18:38",211.43,867.95,,,,"     ",5.30,99.77,4.26
1771,554741815,"01771M20:30:39.274","01771 20:18:39",211.37,868.01,,,,"     ",5.30,99.58,4.26
1771,554741816,"01771M20:30:40.247","01771 20:18:40",211.45,868.01,,,,"     ",5.30,99.84,4.27
1771,554741817,"01771M20:30:41.221","01771 20:18:41",211.50,868.04,,,,"     ",5.30,99.18,4.24
1771,554741818,"01771M20:30:42.194","01771 20:18:42",211.55,868.01,,,,"     ",5.30,100.10,4.28
1771,554741819,"01771M20:30:43.167","01771 20:18:43",211.59,867.99,,,,"     ",5.30,99.20,4.24
1771,554741820,"01771M20:30:44.140","01771 20:18:44",211.63,867.94,,,,"     ",5.30,99.78,4.27
1771,554741821,"01771M20:30:45.114","01771 20:18:45",211.66,868.00,,,,"     ",5.30,99.78,4.27
1771,554741822,"01771M20:30:46.087","01771 20:18:46",211.69,867.97,,,,"     ",5.30,99.34,4.25
1771,554741823,"01771M20:30:47.060","01771 20:18:47",211.72,868.01,,,,"     ",5.30,99.76,4.27
1771,554741824,"01771M20:30:48.033","01771 20:18:48",211.74,868.03,,,,"     ",5.30,99.40,4.26
1771,554741825,"01771M20:30:49.007","01771 20:18:49",211.75,868.05,,,,"     ",5.30,99.91,4.28
1771,554741826,"01771M20:30:49.980","01771 20:18:50",211.75,868.01,,,,"     ",5.30,99.15,4.25
1771,554741827,"01771M20:30:50.953","01771 20:18:51",211.75,868.05,,,,"     ",5.30,99.55,4.27
1771,554741828,"01771M20:30:51.926","01771 20:18:52",211.75,868.05,,,,"     ",5.30,100.76,4.32
1771,554741829,"01771M20:30:52.900","01771 20:18:53",211.74,868.00,,,,"     ",5.30,99.27,4.26
1771,554741830,"01771M20:30:53.873","01771 20:18:54",211.73,868.03,,,,"     ",5.30,99.44,4.27
1771,554741831,"01771M20:30:54.846","01771 20:18:55",211.71,868.03,,,,"     ",5.30,99.51,4.27
1771,554741832,"01771M20:30:55.819","01771 20:18:56",211.69,868.15,,,,"     ",5.30,99.03,4.25
1771,554741833,"01771M20:30:56.793","01771 20:18:57",211.66,868.08,,,,"     ",5.30,99.21,4.26
1771,554741834,"01771M20:30:57.766","01771 20:18:58",211.64,868.03,,,,"     ",5.30,99.43,4.27
1771,554741835,"01771M20:30:58.739","01771 20:18:59",211.60,868.03,,,,"     ",5.30,99.20,4.26
1771,554741836,"01771M20:30:59.712","01771 20:19:00",211.56,868.04,,,,"     ",5.30,99.13,4.26
1771,554741837,"01771M20:31:00.686","01771 20:19:01",211.47,868.07,,,,"     ",5.30,99.08,4.26
1771,554741838,"01771M20:31:01.659","01771 20:19:02",211.37,868.03,,,,"     ",5.30,99.22,4.27
1771,554741839,"01771M20:31:02.632","01771 20:19:03",211.27,868.05,,,,"     ",5.30,99.79,4.29
1771,554741840,"01771M20:31:03.605","01771 20:19:04",211.18,868.01,,,,"     ",5.30,98.97,4.26
1771,554741841,"01771M20:31:04.579","01771 20:19:05",211.10,867.96,,,,"     ",5.30,98.67,4.24
1771,554741842,"01771M20:31:05.552","01771 20:19:06",211.04,868.08,,,,"     ",5.30,98.77,4.25
1771,554741843,"01771M20:31:06.525","01771 20:19:06",211.00,868.04,,,,"     ",5.30,99.38,4.28
1771,554741844,"01771M20:31:07.498","01771 20:19:07",210.98,868.00,,,,"     ",5.30,98.86,4.26
1771,554741845,"01771M20:31:08.472","01771 20:19:08",210.99,867.98,,,,"     ",5.30,99.27,4.28
1771,554741846,"01771M20:31:09.445","01771 20:19:09",211.02,868.00,,,,"     ",5.30,98.80,4.26
1771,554741847,"01771M20:31:10.418","01771 20:19:10",211.07,868.03,,,,"     ",5.30,98.87,4.26
1771,554741848,"01771M20:31:11.391","01771 20:19:11",211.13,868.15,,,,"     ",5.30,98.66,4.25
1771,554741849,"01771M20:31:12.365","01771 20:19:12",211.19,868.07,,,,"     ",5.30,98.94,4.27
1771,554741850,"01771M20:31:13.338","01771 20:19:13",211.26,868.14,,,,"     ",5.30,98.61,4.25
1771,554741851,"01771M20:31:14.311","01771 20:19:14",211.33,868.15,,,,"     ",5.30,98.99,4.27
1771,554741852,"01771M20:31:15.284","01771 20:19:15",211.39,868.23,,,,"     ",5.30,98.72,4.26
1771,554741853,"01771M20:31:16.258","01771 20:19:16",211.44,868.08,,,,"     ",5.30,98.58,4.25
1771,554741854,"01771M20:31:17.231","01771 20:19:17",211.50,868.06,,,,"     ",5.30,98.85,4.27
1771,554741855,"01771M20:31:18.204","01771 20:19:18",211.55,868.05,,,,"     ",5.30,98.61,4.26
1771,554741856,"01771M20:31:19.177","01771 20:19:19",211.59,868.12,,,,"     ",5.30,98.89,4.27
1771,554741857,"01771M20:31:20.151","01771 20:19:20",211.63,868.16,,,,"     ",5.30,98.29,4.25
1771,554741858,"01771M20:31:21.124","01771 20:19:21",211.66,868.11,,,,"     ",5.30,99.17,4.29
1771,554741859,"01771M20:31:22.097","01771 20:19:22",211.68,868.05,,,,"     ",5.30,98.69,4.27
1771,554741860,"01771M20:31:23.070","01771 20:19:23",211.70,868.11,,,,"     ",5.30,98.15,4.24
1771,554741861,"01771M20:31:24.044","01771 20:19:24",211.72,868.16,,,,"     ",5.30,99.15,4.29
1771,554741862,"01771M20:31:25.017","01771 20:19:25",211.74,868.17,,,,"     ",5.30,99.26,4.29
1771,554741863,"01771M20:31:25.990","01771 20:19:26",211.76,868.14,,,,"     ",5.30,98.89,4.28
1771,554741864,"01771M20:31:26.964","01771 20:19:27",211.79,868.19,,,,"     ",5.30,98.45,4.26
1771,554741865,"01771M20:31:27.937","01771 20:19:28",211.83,868.13,,,,"     ",5.30,98.38,4.26
1771,554741866,"01771M20:31:28.910","01771 20:19:29",211.87,868.10,,,,"     ",5.30,99.04,4.29
1771,554741867,"01771M20:31:29.883","01771 20:19:30",211.90,868.12,,,,"     ",5.30,98.65,4.27
1771,554741868,"01771M20:31:30.857","01771 20:19:31",211.92,868.15,,,,"     ",5.30,98.72,4.28
1771,554741869,"01771M20:31:31.830","01771 20:19:32",211.94,868.20,,,,"     ",5.30,98.81,4.28
1771,554741870,"01771M20:31:32.803","01771 20:19:33",211.95,868.19,,,,"     ",5.30,98.29,4.26
1771,554741871,"01771M20:31:33.776","01771 20:19:34",211.95,868.17,,,,"     ",5.30,98.23,4.26
1771,554741872,"01771M20:31:34.750","01771 20:19:35",211.95,868.09,,,,"     ",5.30,98.77,4.28
1771,554741873,"01771M20:31:35.723","01771 20:19:36",211.95,868.15,,,,"     ",5.30,98.78,4.28
1771,554741874,"01771M20:31:36.696","01771 20:19:37",211.94,868.11,,,,"     ",5.30,98.65,4.28
1771,554741875,"01771M20:31:37.669","01771 20:19:38",211.93,868.10,,,,"     ",5.30,97.83,4.24
1771,554741876,"01771M20:31:38.643","01771 20:19:39",211.92,868.18,,,,"     ",5.30,98.96,4.29
1771,554741877,"01771M20:31:39.616","01771 20:19:40",211.90,868.08,,,,"     ",5.30,98.01,4.25
1771,554741878,"01771M20:31:40.589","01771 20:19:41",211.88,868.20,,,,"     ",5.30,98.76,4.28
1771,554741879,"01771M20:31:41.562","01771 20:19:42",211.85,868.26,,,,"     ",5.30,98.86,4.29
1771,554741880,"01771M20:31:42.536","01771 20:19:42",211.81,868.17,,,,"     ",5.30,98.44,4.27
1771,554741881,"01771M20:31:43.509","01771 20:19:43",211.77,868.16,,,,"     ",5.30,98.01,4.25
1771,554741882,"01771M20:31:44.482","01771 20:19:44",211.72,868.16,,,,"     ",5.30,98.09,4.26
1771,554741883,"01771M20:31:45.455","01771 20:19:45",211.66,868.03,,,,"     ",5.30,97.88,4.25
1771,554741884,"01771M20:31:46.429","01771 20:19:46",211.59,868.06,,,,"     ",5.30,98.28,4.27
1771,554741885,"01771M20:31:47.402","01771 20:19:47",211.53,868.09,,,,"     ",5.30,98.88,4.30
1771,554741886,"01771M20:31:48.375","01771 20:19:48",211.47,868.05,,,,"     ",5.30,98.41,4.27
1771,554741887,"01771M20:31:49.348","01771 20:19:49",211.42,868.09,,,,"     ",5.30,98.62,4.29
1771,554741888,"01771M20:31:50.322","01771 20:19:50",211.40,868.05,,,,"     ",5.30,98.72,4.29
1771,554741889,"01771M20:31:51.295","01771 20:19:51",211.40,868.10,,,,"     ",5.30,98.65,4.29
1771,554741890,"01771M20:31:52.268","01771 20:19:52",211.42,868.21,,,,"     ",5.30,98.98,4.30
1771,554741891,"01771M20:31:53.241","01771 20:19:53",211.46,868.14,,,,"     ",5.30,98.29,4.27
1771,554741892,"01771M20:31:54.215","01771 20:19:54",211.52,868.14,,,,"     ",5.30,99.16,4.31
1771,554741893,"01771M20:31:55.188","01771 20:19:55",211.60,868.11,,,,"     ",5.30,98.60,4.29
1771,554741894,"01771M20:31:56.161","01771 20:19:56",211.68,868.21,,,,"     ",5.30,98.94,4.30
1771,554741895,"01771M20:31:57.134","01771 20:19:57",211.76,868.19,,,,"     ",5.30,98.01,4.26
1771,554741896,"01771M20:31:58.108","01771 20:19:58",211.84,868.18,,,,"     ",5.30,98.60,4.29
1771,554741897,"01771M20:31:59.081","01771 20:19:59",211.92,868.16,,,,"     ",5.30,98.64,4.29
1771,554741898,"01771M20:32:00.054","01771 20:20:00",211.99,868.13,,,,"     ",5.30,99.09,4.31
1771,554741899,"01771M20:32:01.027","01771 20:20:01",212.06,868.17,,,,"     ",5.30,99.17,4.32
1771,554741900,"01771M20:32:02.001","01771 20:20:02",212.12,868.22,,,,"     ",5.30,98.96,4.31
1771,554741901,"01771M20:32:02.974","01771 20:20:03",212.17,868.11,,,,"     ",5.30,99.02,4.31
1771,554741902,"01771M20:32:03.947","01771 20:20:04",212.22,868.19,,,,"     ",5.30,99.27,4.32
1771,554741903,"01771M20:32:04.920","01771 20:20:05",212.26,868.15,,,,"     ",5.30,99.11,4.31
1771,554741904,"01771M20:32:05.894","01771 20:20:06",212.28,868.12,,,,"     ",5.30,99.69,4.34
1771,554741905,"01771M20:32:06.867","01771 20:20:07",212.30,868.11,,,,"     ",5.30,99.58,4.33
1771,554741906,"01771M20:32:07.840","01771 20:20:08",212.30,868.17,,,,"     ",5.30,99.24,4.32
1771,554741907,"01771M20:32:08.813","01771 20:20:09",212.28,868.14,,,,"     ",5.30,99.59,4.34
1771,554741908,"01771M20:32:09.787","01771 20:20:10",212.24,868.17,,,,"     ",5.30,100.31,4.37
1771,554741909,"01771M20:32:10.760","01771 20:20:11",212.20,868.18,,,,"     ",5.30,99.59,4.34
1771,554741910,"01771M20:32:11.733","01771 20:20:12",212.14,868.16,,,,"     ",5.30,99.72,4.34
1771,554741911,"01771M20:32:12.706","01771 20:20:13",212.07,868.20,,,,"     ",5.30,99.72,4.34
1771,554741912,"01771M20:32:13.680","01771 20:20:14",212.00,868.20,,,,"     ",5.30,99.06,4.31
1771,554741913,"01771M20:32:14.653","01771 20:20:15",211.94,868.20,,,,"     ",5.30,99.72,4.34
1771,554741914,"01771M20:32:15.626","01771 20:20:16",211.89,868.25,,,,"     ",5.30,100.12,4.36
1771,554741915,"01771M20:32:16.599","01771 20:20:17",211.87,868.19,,,,"     ",5.30,99.83,4.35
1771,554741916,"01771M20:32:17.573","01771 20:20:18",211.89,868.18,,,,"     ",5.30,100.42,4.38
1771,554741917,"01771M20:32:18.546","01771 20:20:19",211.94,868.14,,,,"     ",5.30,99.90,4.35
1771,554741918,"01771M20:32:19.519","01771 20:20:19",212.04,868.13,,,,"     ",5.30,100.16,4.36
1771,554741919,"01771M20:32:20.492","01771 20:20:20",212.15,868.18,,,,"     ",5.30,100.19,4.37
1771,554741920,"01771M20:32:21.466","01771 20:20:21",212.28,868.19,,,,"     ",5.30,99.57,4.34
1771,554741921,"01771M20:32:22.439","01771 20:20:22",212.40,868.20,,,,"     ",5.30,99.93,4.35
1771,554741922,"01771M20:32:23.412","01771 20:20:23",212.53,868.18,,,,"     ",5.30,100.66,4.39
1771,554741923,"01771M20:32:24.385","01771 20:20:24",212.64,868.25,,,,"     ",5.30,100.72,4.39
1771,554741924,"01771M20:32:25.359","01771 20:20:25",212.73,868.12,,,,"     ",5.30,100.23,4.37
1771,554741925,"01771M20:32:26.332","01771 20:20:26",212.81,868.18,,,,"     ",5.30,100.94,4.40
1771,554741926,"01771M20:32:27.305","01771 20:20:27",212.87,868.28,,,,"     ",5.30,100.98,4.40
1771,554741927,"01771M20:32:28.278","01771 20:20:28",212.91,868.21,,,,"     ",5.30,100.86,4.40
1771,554741928,"01771M20:32:29.252","01771 20:20:29",212.94,868.23,,,,"     ",5.30,101.32,4.42
1771,554741929,"01771M20:32:30.225","01771 20:20:30",212.96,868.25,,,,"     ",5.30,100.41,4.38
1771,554741930,"01771M20:32:31.198","01771 20:20:31",212.97,868.23,,,,"     ",5.30,100.93,4.40
1771,554741931,"01771M20:32:32.171","01771 20:20:32",212.97,868.25,,,,"     ",5.30,100.85,4.39
1771,554741932,"01771M20:32:33.145","01771 20:20:33",212.95,868.19,,,,"     ",5.30,100.89,4.40
1771,554741933,"01771M20:32:34.118","01771 20:20:34",212.91,868.25,,,,"     ",5.30,100.94,4.40
1771,554741934,"01771M20:32:35.091","01771 20:20:35",212.85,868.21,,,,"     ",5.30,101.43,4.42
1771,554741935,"01771M20:32:36.065","01771 20:20:36",212.78,868.20,,,,"     ",5.30,100.67,4.39
1771,554741936,"01771M20:32:37.038","01771 20:20:37",212.70,868.23,,,,"     ",5.30,101.46,4.42
1771,554741937,"01771M20:32:38.011","01771 20:20:38",212.61,868.23,,,,"     ",5.30,101.00,4.40
1771,554741938,"01771M20:32:38.984","01771 20:20:39",212.53,868.27,,,,"     ",5.30,101.26,4.42
1771,554741939,"01771M20:32:39.958","01771 20:20:40",212.46,868.18,,,,"     ",5.30,100.99,4.40
1771,554741940,"01771M20:32:40.931","01771 20:20:41",212.40,868.16,,,,"     ",5.30,101.28,4.42
1771,554741941,"01771M20:32:41.904","01771 20:20:42",212.37,868.20,,,,"     ",5.30,101.43,4.42
1771,554741942,"01771M20:32:42.877","01771 20:20:43",212.34,868.17,,,,"     ",5.30,100.84,4.40
1771,554741943,"01771M20:32:43.851","01771 20:20:44",212.34,868.16,,,,"     ",5.30,101.34,4.42
1771,554741944,"01771M20:32:44.824","01771 20:20:45",212.35,868.16,,,,"     ",5.30,101.11,4.41
1771,554741945,"01771M20:32:45.797","01771 20:20:46",212.37,868.22,,,,"     ",5.30,101.93,4.45
1771,554741946,"01771M20:32:46.770","01771 20:20:47",212.42,868.24,,,,"     ",5.30,101.53,4.43
1771,554741947,"01771M20:32:47.744","01771 20:20:48",212.47,868.21,,,,"     ",5.30,101.24,4.42
1771,554741948,"01771M20:32:48.717","01771 20:20:49",212.53,868.18,,,,"     ",5.30,101.41,4.42
1771,554741949,"01771M20:32:49.690","01771 20:20:50",212.58,868.29,,,,"     ",5.30,102.19,4.46
1771,554741950,"01771M20:32:50.663","01771 20:20:51",212.63,868.24,,,,"     ",5.30,101.44,4.43
1771,554741951,"01771M20:32:51.637","01771 20:20:52",212.66,868.21,,,,"     ",5.30,101.44,4.42
1771,554741952,"01771M20:32:52.610","01771 20:20:53",212.68,868.24,,,,"     ",5.30,101.71,4.44
1771,554741953,"01771M20:32:53.583","01771 20:20:54",212.70,868.27,,,,"     ",5.30,101.81,4.44
1771,554741954,"01771M20:32:54.556","01771 20:20:55",212.71,868.30,,,,"     ",5.30,101.54,4.43
1771,554741955,"01771M20:32:55.530","01771 20:20:56",212.71,868.28,,,,"     ",5.30,101.05,4.41
1771,554741956,"01771M20:32:56.503","01771 20:20:56",212.71,868.21,,,,"     ",5.30,101.52,4.43
1771,554741957,"01771M20:32:57.476","01771 20:20:57",212.70,868.24,,,,"     ",5.30,101.85,4.45
1771,554741958,"01771M20:32:58.449","01771 20:20:58",212.68,868.23,,,,"     ",5.30,101.69,4.44
1771,554741959,"01771M20:32:59.423","01771 20:20:59",212.65,868.23,,,,"     ",5.30,101.50,4.43
1771,554741960,"01771M20:33:00.396","01771 20:21:00",212.61,868.23,,,,"     ",5.30,101.56,4.44
1771,554741961,"01771M20:33:01.369","01771 20:21:01",212.57,868.18,,,,"     ",5.30,101.80,4.45
1771,554741962,"01771M20:33:02.342","01771 20:21:02",212.53,868.22,,,,"     ",5.30,101.73,4.44
1771,554741963,"01771M20:33:03.316","01771 20:21:03",212.50,868.28,,,,"     ",5.30,101.49,4.43
1771,554741964,"01771M20:33:04.289","01771 20:21:04",212.47,868.19,,,,"     ",5.30,101.84,4.45
1771,554741965,"01771M20:33:05.262","01771 20:21:05",212.46,868.16,,,,"     ",5.30,101.91,4.45
1771,554741966,"01771M20:33:06.235","01771 20:21:06",212.45,868.20,,,,"     ",5.30,101.55,4.44
1771,554741967,"01771M20:33:07.209","01771 20:21:07",212.45,868.16,,,,"     ",5.30,102.14,4.46
1771,554741968,"01771M20:33:08.182","01771 20:21:08",212.45,868.21,,,,"     ",5.30,101.81,4.45
1771,554741969,"01771M20:33:09.155","01771 20:21:09",212.46,868.24,,,,"     ",5.30,102.07,4.46
1771,554741970,"01771M20:33:10.128","01771 20:21:10",212.48,868.23,,,,"     ",5.30,101.94,4.46
1771,554741971,"01771M20:33:11.102","01771 20:21:11",212.50,868.24,,,,"     ",5.30,102.27,4.47
1771,554741972,"01771M20:33:12.075","01771 20:21:12",212.54,868.23,,,,"     ",5.30,102.01,4.46
1771,554741973,"01771M20:33:13.048","01771 20:21:13",212.60,868.21,,,,"     ",5.30,101.89,4.46
1771,554741974,"01771M20:33:14.021","01771 20:21:14",212.67,868.27,,,,"     ",5.30,102.41,4.48
1771,554741975,"01771M20:33:14.995","01771 20:21:15",212.74,868.26,,,,"     ",5.30,102.18,4.47
1771,554741976,"01771M20:33:15.968","01771 20:21:16",212.81,868.25,,,,"     ",5.30,102.45,4.48
1771,554741977,"01771M20:33:16.941","01771 20:21:17",212.86,868.22,,,,"     ",5.30,102.15,4.47
1771,554741978,"01771M20:33:17.914","01771 20:21:18",212.90,868.25,,,,"     ",5.30,102.39,4.48
1771,554741979,"01771M20:33:18.888","01771 20:21:19",212.93,868.27,,,,"     ",5.30,101.46,4.44
1771,554741980,"01771M20:33:19.861","01771 20:21:20",212.93,868.26,,,,"     ",5.30,102.28,4.47
1771,554741981,"01771M20:33:20.834","01771 20:21:21",212.93,868.22,,,,"     ",5.30,102.49,4.48
1771,554741982,"01771M20:33:21.807","01771 20:21:22",212.92,868.17,,,,"     ",5.30,102.51,4.49
1771,554741983,"01771M20:33:22.781","01771 20:21:23",212.90,868.25,,,,"     ",5.30,102.66,4.49
1771,554741984,"01771M20:33:23.754","01771 20:21:24",212.89,868.27,,,,"     ",5.30,102.14,4.47
1771,554741985,"01771M20:33:24.727","01771 20:21:25",212.88,868.17,,,,"     ",5.30,102.74,4.50
1771,554741986,"01771M20:33:25.700","01771 20:21:26",212.87,868.19,,,,"     ",5.30,102.61,4.49
1771,554741987,"01771M20:33:26.674","01771 20:21:27",212.87,868.27,,,,"     ",5.30,102.33,4.48
1771,554741988,"01771M20:33:27.647","01771 20:21:28",212.87,868.25,,,,"     ",5.30,102.31,4.48
1771,554741989,"01771M20:33:28.620","01771 20:21:29",212.87,868.24,,,,"     ",5.30,102.93,4.50
1771,554741990,"01771M20:33:29.593","01771 20:21:30",212.86,868.27,,,,"     ",5.30,102.83,4.50
1771,554741991,"01771M20:33:30.567","01771 20:21:31",212.85,868.31,,,,"     ",5.30,101.88,4.46
1771,554741992,"01771M20:33:31.540","01771 20:21:32",212.84,868.26,,,,"     ",5.30,102.61,4.49
1771,554741993,"01771M20:33:32.513","01771 20:21:33",212.83,868.29,,,,"     ",5.30,102.70,4.50
1771,554741994,"01771M20:33:33.486","01771 20:21:33",212.81,868.28,,,,"     ",5.30,102.35,4.48
1771,554741995,"01771M20:33:34.460","01771 20:21:34",212.79,868.32,,,,"     ",5.30,102.70,4.50
1771,554741996,"01771M20:33:35.433","01771 20:21:35",212.78,868.28,,,,"     ",5.30,102.88,4.51
1771,554741997,"01771M20:33:36.406","01771 20:21:36",212.78,868.36,,,,"     ",5.30,102.68,4.50
1771,554741998,"01771M20:33:37.379","01771 20:21:37",212.79,868.33,,,,"     ",5.30,102.94,4.51
1771,554741999,"01771M20:33:38.353","01771 20:21:38",212.82,868.24,,,,"     ",5.30,102.49,4.49
1771,554742000,"01771M20:33:39.326","01771 20:21:39",212.85,868.37,,,,"     ",5.30,103.11,4.52
1771,554742001,"01771M20:33:40.299","01771 20:21:40",212.88,868.29,,,,"     ",5.30,102.68,4.50
1771,554742002,"01771M20:33:41.272","01771 20:21:41",212.91,868.36,,,,"     ",5.30,103.11,4.52
1771,554742003,"01771M20:33:42.246","01771 20:21:42",212.93,868.31,,,,"     ",5.30,102.99,4.51
1771,554742004,"01771M20:33:43.219","01771 20:21:43",212.94,868.30,,,,"     ",5.30,102.95,4.51
1771,554742005,"01771M20:33:44.192","01771 20:21:44",212.94,868.34,,,,"     ",5.30,102.00,4.47
1771,554742006,"01771M20:33:45.166","01771 20:21:45",212.91,868.38,,,,"     ",5.30,103.08,4.52
1771,554742007,"01771M20:33:46.139","01771 20:21:46",212.87,868.39,,,,"     ",5.30,102.49,4.49
1771,554742008,"01771M20:33:47.112","01771 20:21:47",212.81,868.27,,,,"     ",5.30,102.31,4.49
1771,554742009,"01771M20:33:48.085","01771 20:21:48",212.76,868.29,,,,"     ",5.30,101.98,4.47
1771,554742010,"01771M20:33:49.059","01771 20:21:49",212.70,868.29,,,,"     ",5.30,102.61,4.50
1771,554742011,"01771M20:33:50.032","01771 20:21:50",212.65,868.24,,,,"     ",5.30,103.27,4.53
1771,554742012,"01771M20:33:51.005","01771 20:21:51",212.60,868.25,,,,"     ",5.30,102.71,4.51
1771,554742013,"01771M20:33:51.978","01771 20:21:52",212.56,868.31,,,,"     ",5.30,102.84,4.51
1771,554742014,"01771M20:33:52.952","01771 20:21:53",212.51,868.34,,,,"     ",5.30,102.09,4.48
1771,554742015,"01771M20:33:53.925","01771 20:21:54",212.47,868.26,,,,"     ",5.30,102.69,4.51
1771,554742016,"01771M20:33:54.898","01771 20:21:55",212.43,868.24,,,,"     ",5.30,102.14,4.48
1771,554742017,"01771M20:33:55.871","01771 20:21:56",212.40,868.25,,,,"     ",5.30,102.20,4.49
1771,554742018,"01771M20:33:56.845","01771 20:21:57",212.36,868.30,,,,"     ",5.30,102.07,4.48
1771,554742019,"01771M20:33:57.818","01771 20:21:58",212.32,868.36,,,,"     ",5.30,102.65,4.51
1771,554742020,"01771M20:33:58.791","01771 20:21:59",212.28,868.37,,,,"     ",5.30,102.62,4.51
1771,554742021,"01771M20:33:59.764","01771 20:22:00",212.23,868.35,,,,"     ",5.30,102.22,4.49
1771,554742022,"01771M20:34:00.738","01771 20:22:01",212.19,868.37,,,,"     ",5.30,103.15,4.53
1771,554742023,"01771M20:34:01.711","01771 20:22:02",212.16,868.34,,,,"     ",5.30,102.07,4.48
1771,554742024,"01771M20:34:02.684","01771 20:22:03",212.15,868.37,,,,"     ",5.30,101.77,4.47
1771,554742025,"01771M20:34:03.657","01771 20:22:04",212.16,868.42,,,,"     ",5.30,102.22,4.49
1771,554742026,"01771M20:34:04.631","01771 20:22:05",212.18,868.38,,,,"     ",5.30,102.37,4.50
1771,554742027,"01771M20:34:05.604","01771 20:22:06",212.21,868.36,,,,"     ",5.30,102.14,4.49
1771,554742028,"01771M20:34:06.577","01771 20:22:07",212.25,868.42,,,,"     ",5.30,101.97,4.48
1771,554742029,"01771M20:34:07.550","01771 20:22:08",212.29,868.39,,,,"     ",5.30,102.60,4.51
1771,554742030,"01771M20:34:08.524","01771 20:22:09",212.32,868.37,,,,"     ",5.30,102.57,4.51
1771,554742031,"01771M20:34:09.497","01771 20:22:09",212.36,868.40,,,,"     ",5.30,102.67,4.51
1771,554742032,"01771M20:34:10.470","01771 20:22:10",212.40,868.36,,,,"     ",5.30,101.55,4.46
1771,554742033,"01771M20:34:11.443","01771 20:22:11",212.43,868.36,,,,"     ",5.30,101.98,4.48
1771,554742034,"01771M20:34:12.417","01771 20:22:12",212.47,868.39,,,,"     ",5.30,102.28,4.50
1771,554742035,"01771M20:34:13.390","01771 20:22:13",212.50,868.37,,,,"     ",5.30,101.76,4.47
1771,554742036,"01771M20:34:14.363","01771 20:22:14",212.53,868.37,,,,"     ",5.30,102.54,4.51
1771,554742037,"01771M20:34:15.336","01771 20:22:15",212.58,868.37,,,,"     ",5.30,102.58,4.51
1771,554742038,"01771M20:34:16.310","01771 20:22:16",212.63,868.35,,,,"     ",5.30,102.58,4.51
1771,554742039,"01771M20:34:17.283","01771 20:22:17",212.70,868.40,,,,"     ",5.30,102.37,4.50
1771,554742040,"01771M20:34:18.256","01771 20:22:18",212.79,868.41,,,,"     ",5.30,102.97,4.53
1771,554742041,"01771M20:34:19.229","01771 20:22:19",212.89,868.37,,,,"     ",5.30,103.08,4.53
1771,554742042,"01771M20:34:20.203","01771 20:22:20",213.00,868.35,,,,"     ",5.30,103.15,4.54
1771,554742043,"01771M20:34:21.176","01771 20:22:21",213.11,868.38,,,,"     ",5.30,102.85,4.52
1771,554742044,"01771M20:34:22.149","01771 20:22:22",213.23,868.40,,,,"     ",5.30,102.81,4.52
1771,554742045,"01771M20:34:23.122","01771 20:22:23",213.36,868.36,,,,"     ",5.30,102.95,4.53
1771,554742046,"01771M20:34:24.096","01771 20:22:24",213.48,868.38,,,,"     ",5.30,103.18,4.54
1771,554742047,"01771M20:34:25.069","01771 20:22:25",213.60,868.42,,,,"     ",5.30,102.80,4.52
1771,554742048,"01771M20:34:26.042","01771 20:22:26",213.69,868.44,,,,"     ",5.30,103.00,4.53
1771,554742049,"01771M20:34:27.015","01771 20:22:27",213.77,868.38,,,,"     ",5.30,102.79,4.52
1771,554742050,"01771M20:34:27.989","01771 20:22:28",213.81,868.40,,,,"     ",5.30,103.57,4.56
1771,554742051,"01771M20:34:28.962","01771 20:22:29",213.84,868.40,,,,"     ",5.30,102.88,4.52
1771,554742052,"01771M20:34:29.935","01771 20:22:30",213.85,868.27,,,,"     ",5.30,103.64,4.56
1771,554742053,"01771M20:34:30.908","01771 20:22:31",213.86,868.30,,,,"     ",5.30,103.18,4.54
1771,554742054,"01771M20:34:31.882","01771 20:22:32",213.86,868.41,,,,"     ",5.30,103.93,4.57
1771,554742055,"01771M20:34:32.855","01771 20:22:33",213.84,868.30,,,,"     ",5.30,103.41,4.54
1771,554742056,"01771M20:34:33.828","01771 20:22:34",213.81,868.32,,,,"     ",5.30,103.47,4.55
1771,554742057,"01771M20:34:34.801","01771 20:22:35",213.75,868.36,,,,"     ",5.30,103.45,4.55
1771,554742058,"01771M20:34:35.775","01771 20:22:36",213.68,868.41,,,,"     ",5.30,103.53,4.55
1771,554742059,"01771M20:34:36.748","01771 20:22:37",213.60,868.42,,,,"     ",5.30,103.33,4.54
1771,554742060,"01771M20:34:37.721","01771 20:22:38",213.51,868.35,,,,"     ",5.30,103.54,4.55
1771,554742061,"01771M20:34:38.694","01771 20:22:39",213.43,868.30,,,,"     ",5.30,103.67,4.56
1771,554742062,"01771M20:34:39.668","01771 20:22:40",213.35,868.37,,,,"     ",5.30,104.61,4.60
1771,554742063,"01771M20:34:40.641","01771 20:22:41",213.27,868.39,,,,"     ",5.30,103.47,4.55
1771,554742064,"01771M20:34:41.614","01771 20:22:42",213.20,868.34,,,,"     ",5.30,103.77,4.56
1771,554742065,"01771M20:34:42.587","01771 20:22:43",213.13,868.43,,,,"     ",5.30,103.65,4.55
1771,554742066,"01771M20:34:43.561","01771 20:22:44",213.07,868.39,,,,"     ",5.30,104.01,4.57
1771,554742067,"01771M20:34:44.534","01771 20:22:45",213.03,868.34,,,,"     ",5.30,103.46,4.55
1771,554742068,"01771M20:34:45.507","01771 20:22:46",213.00,868.36,,,,"     ",5.30,103.75,4.56
1771,554742069,"01771M20:34:46.480","01771 20:22:46",212.99,868.31,,,,"     ",5.30,103.67,4.56
1771,554742070,"01771M20:34:47.454","01771 20:22:47",213.01,868.40,,,,"     ",5.30,103.95,4.57
1771,554742071,"01771M20:34:48.427","01771 20:22:48",213.04,868.33,,,,"     ",5.30,103.99,4.57
1771,554742072,"01771M20:34:49.400","01771 20:22:49",213.07,868.31,,,,"     ",5.30,104.52,4.59
1771,554742073,"01771M20:34:50.373","01771 20:22:50",213.10,868.43,,,,"     ",5.30,104.13,4.57
1771,554742074,"01771M20:34:51.347","01771 20:22:51",213.13,868.35,,,,"     ",5.30,104.22,4.58
1771,554742075,"01771M20:34:52.320","01771 20:22:52",213.16,868.29,,,,"     ",5.30,103.98,4.57
1771,554742076,"01771M20:34:53.293","01771 20:22:53",213.19,868.29,,,,"     ",5.30,104.65,4.60
1771,554742077,"01771M20:34:54.267","01771 20:22:54",213.21,868.28,,,,"     ",5.30,104.48,4.59
1771,554742078,"01771M20:34:55.240","01771 20:22:55",213.24,868.33,,,,"     ",5.30,104.64,4.60
1771,554742079,"01771M20:34:56.213","01771 20:22:56",213.26,868.38,,,,"     ",5.30,104.20,4.57
1771,554742080,"01771M20:34:57.186","01771 20:22:57",213.27,868.43,,,,"     ",5.30,104.00,4.57
1771,554742081,"01771M20:34:58.160","01771 20:22:58",213.28,868.41,,,,"     ",5.30,104.69,4.60
1771,554742082,"01771M20:34:59.133","01771 20:22:59",213.28,868.50,,,,"     ",5.30,104.15,4.57
1771,554742083,"01771M20:35:00.106","01771 20:23:00",213.27,868.41,,,,"     ",5.30,104.49,4.59
1771,554742084,"01771M20:35:01.079","01771 20:23:01",213.25,868.42,,,,"     ",5.30,104.59,4.59
1771,554742085,"01771M20:35:02.053","01771 20:23:02",213.22,868.42,,,,"     ",5.30,103.87,4.56
1771,554742086,"01771M20:35:03.026","01771 20:23:03",213.18,868.41,,,,"     ",5.30,104.19,4.57
1771,554742087,"01771M20:35:03.999","01771 20:23:04",213.66,868.47,,,,"     ",5.30,104.32,4.58
1771,554742088,"01771M20:35:04.972","01771 20:23:05",213.65,868.37,,,,"     ",5.30,104.10,4.57
1771,554742089,"01771M20:35:05.946","01771 20:23:06",213.63,868.43,,,,"     ",5.30,103.58,4.55
1771,554742090,"01771M20:35:06.919","01771 20:23:07",213.62,868.36,,,,"     ",5.30,103.41,4.54
1771,554742091,"01771M20:35:07.892","01771 20:23:08",213.60,868.44,,,,"     ",5.30,103.45,4.54
1771,554742092,"01771M20:35:08.865","01771 20:23:09",213.59,868.35,,,,"     ",5.30,102.82,4.51
1771,554742093,"01771M20:35:09.839","01771 20:23:10",213.57,868.26,,,,"     ",5.30,102.87,4.52
1771,554742094,"01771M20:35:10.812","01771 20:23:11",213.55,868.29,,,,"     ",5.30,103.13,4.53
1771,554742095,"01771M20:35:11.785","01771 20:23:12",213.54,868.29,,,,"     ",5.30,102.84,4.52
1771,554742096,"01771M20:35:12.758","01771 20:23:13",213.52,868.37,,,,"     ",5.30,102.72,4.51
1771,554742097,"01771M20:35:13.732","01771 20:23:14",213.51,868.39,,,,"     ",5.30,103.26,4.54
1771,554742098,"01771M20:35:14.705","01771 20:23:15",213.51,868.45,,,,"     ",5.30,102.61,4.51
1771,554742099,"01771M20:35:15.678","01771 20:23:16",212.99,868.47,,,,"     ",5.30,102.19,4.49
1771,554742100,"01771M20:35:16.651","01771 20:23:17",213.03,868.50,,,,"     ",5.30,102.39,4.50
1771,554742101,"01771M20:35:17.625","01771 20:23:18",213.08,868.47,,,,"     ",5.30,102.98,4.53
1771,554742102,"01771M20:35:18.598","01771 20:23:19",213.13,868.41,,,,"     ",5.30,102.56,4.50
1771,554742103,"01771M20:35:19.571","01771 20:23:20",213.18,868.44,,,,"     ",5.30,102.39,4.50
1771,554742104,"01771M20:35:20.544","01771 20:23:21",213.23,868.46,,,,"     ",5.30,102.30,4.50
1771,554742105,"01771M20:35:21.518","01771 20:23:22",213.26,868.41,,,,"     ",5.30,102.43,4.50
1771,554742106,"01771M20:35:22.491","01771 20:23:23",213.28,868.45,,,,"     ",5.30,102.47,4.51
1771,554742107,"01771M20:35:23.464","01771 20:23:23",213.29,868.46,,,,"     ",5.30,102.59,4.51
1771,554742108,"01771M20:35:24.437","01771 20:23:24",213.29,868.51,,,,"     ",5.30,102.45,4.50
1771,554742109,"01771M20:35:25.411","01771 20:23:25",213.29,868.42,,,,"     ",5.30,102.01,4.48
1771,554742110,"01771M20:35:26.384","01771 20:23:26",213.28,868.54,,,,"     ",5.30,102.15,4.49
1771,554742111,"01771M20:35:27.357","01771 20:23:27",213.27,868.46,,,,"     ",5.30,102.70,4.51
1771,554742112,"01771M20:35:28.330","01771 20:23:28",213.26,868.44,,,,"     ",5.30,102.67,4.52
1771,554742113,"01771M20:35:29.304","01771 20:23:29",213.25,868.49,,,,"     ",5.30,102.48,4.51
1771,554742114,"01771M20:35:30.277","01771 20:23:30",213.23,868.48,,,,"     ",5.30,101.64,4.47
1771,554742115,"01771M20:35:31.250","01771 20:23:31",213.20,868.55,,,,"     ",5.30,101.84,4.48
1771,554742116,"01771M20:35:32.223","01771 20:23:32",213.18,868.52,,,,"     ",5.30,102.33,4.50
1771,554742117,"01771M20:35:33.197","01771 20:23:33",213.15,868.45,,,,"     ",5.30,102.19,4.50
1771,554742118,"01771M20:35:34.170","01771 20:23:34",213.11,868.47,,,,"     ",5.30,102.24,4.50
1771,554742119,"01771M20:35:35.143","01771 20:23:35",213.07,868.42,,,,"     ",5.30,102.16,4.49
1771,554742120,"01771M20:35:36.116","01771 20:23:36",213.02,868.46,,,,"     ",5.30,101.77,4.48
1771,554742121,"01771M20:35:37.090","01771 20:23:37",212.97,868.41,,,,"     ",5.30,102.10,4.49
1771,554742122,"01771M20:35:38.063","01771 20:23:38",212.92,868.48,,,,"     ",5.30,101.90,4.48
1771,554742123,"01771M20:35:39.036","01771 20:23:39",213.47,868.48,,,,"     ",5.30,101.67,4.47
1771,554742124,"01771M20:35:40.009","01771 20:23:40",212.35,868.44,,,,"     ",5.30,101.58,4.47
1771,554742125,"01771M20:35:40.983","01771 20:23:41",212.46,868.38,,,,"     ",5.30,102.10,4.49
1771,554742126,"01771M20:35:41.956","01771 20:23:42",212.56,868.35,,,,"     ",5.30,101.42,4.46
1771,554742127,"01771M20:35:42.929","01771 20:23:43",212.66,868.39,,,,"     ",5.30,101.23,4.46
1771,554742128,"01771M20:35:43.902","01771 20:23:44",212.74,868.40,,,,"     ",5.30,101.58,4.47
1771,554742129,"01771M20:35:44.876","01771 20:23:45",212.81,868.37,,,,"     ",5.30,102.03,4.49
1771,554742130,"01771M20:35:45.849","01771 20:23:46",212.87,868.38,,,,"     ",5.30,101.33,4.46
1771,554742131,"01771M20:35:46.822","01771 20:23:47",212.93,868.35,,,,"     ",5.30,100.81,4.44
1771,554742132,"01771M20:35:47.795","01771 20:23:48",212.97,868.44,,,,"     ",5.30,101.20,4.46
1771,554742133,"01771M20:35:48.769","01771 20:23:49",213.00,868.43,,,,"     ",5.30,101.64,4.48
1771,554742134,"01771M20:35:49.742","01771 20:23:50",213.03,868.43,,,,"     ",5.30,101.38,4.47
1771,554742135,"01771M20:35:50.715","01771 20:23:51",213.04,868.45,,,,"     ",5.30,101.02,4.45
1771,554742136,"01771M20:35:51.688","01771 20:23:52",213.05,868.40,,,,"     ",5.30,101.19,4.46
1771,554742137,"01771M20:35:52.662","01771 20:23:53",213.04,868.40,,,,"     ",5.30,101.06,4.46
1771,554742138,"01771M20:35:53.635","01771 20:23:54",213.03,868.41,,,,"     ",5.30,100.73,4.44
1771,554742139,"01771M20:35:54.608","01771 20:23:55",213.01,868.49,,,,"     ",5.30,100.34,4.43
1771,554742140,"01771M20:35:55.581","01771 20:23:56",212.97,868.47,,,,"     ",5.30,100.84,4.45
1771,554742141,"01771M20:35:56.555","01771 20:23:57",212.92,868.46,,,,"     ",5.30,101.04,4.46
1771,554742142,"01771M20:35:57.528","01771 20:23:58",212.86,868.50,,,,"     ",5.30,100.48,4.43
1771,554742143,"01771M20:35:58.501","01771 20:23:59",212.79,868.49,,,,"     ",5.30,100.49,4.43
1771,554742144,"01771M20:35:59.474","01771 20:23:59",212.72,868.55,,,,"     ",5.30,100.81,4.45
1771,554742145,"01771M20:36:00.448","01771 20:24:00",212.65,868.53,,,,"     ",5.30,100.82,4.45
1771,554742146,"01771M20:36:01.421","01771 20:24:01",212.59,868.53,,,,"     ",5.30,101.02,4.46
1771,554742147,"01771M20:36:02.394","01771 20:24:02",212.55,868.53,,,,"     ",5.30,100.69,4.45
1771,554742148,"01771M20:36:03.368","01771 20:24:03",212.52,868.53,,,,"     ",5.30,100.74,4.45
1771,554742149,"01771M20:36:04.341","01771 20:24:04",212.49,868.53,,,,"     ",5.30,100.34,4.43
1771,554742150,"01771M20:36:05.314","01771 20:24:05",212.48,868.50,,,,"     ",5.30,100.98,4.47
1771,554742151,"01771M20:36:06.287","01771 20:24:06",212.49,868.45,,,,"     ",5.30,100.17,4.43
1771,554742152,"01771M20:36:07.261","01771 20:24:07",212.51,868.51,,,,"     ",5.30,100.43,4.44
1771,554742153,"01771M20:36:08.234","01771 20:24:08",212.55,868.44,,,,"     ",5.30,99.94,4.42
1771,554742154,"01771M20:36:09.207","01771 20:24:09",212.60,868.41,,,,"     ",5.30,100.29,4.44
1771,554742155,"01771M20:36:10.180","01771 20:24:10",212.65,868.44,,,,"     ",5.30,100.45,4.44
1771,554742156,"01771M20:36:11.154","01771 20:24:11",212.70,868.43,,,,"     ",5.30,100.13,4.43
1771,554742157,"01771M20:36:12.127","01771 20:24:12",212.74,868.41,,,,"     ",5.30,100.14,4.43
1771,554742158,"01771M20:36:13.100","01771 20:24:13",212.79,868.42,,,,"     ",5.30,99.88,4.42
1771,554742159,"01771M20:36:14.073","01771 20:24:14",212.84,868.51,,,,"     ",5.30,99.94,4.43
1771,554742160,"01771M20:36:15.047","01771 20:24:15",212.89,868.46,,,,"     ",5.30,99.98,4.43
1771,554742161,"01771M20:36:16.020","01771 20:24:16",212.94,868.48,,,,"     ",5.30,100.31,4.45
1771,554742162,"01771M20:36:16.993","01771 20:24:17",212.98,868.47,,,,"     ",5.30,99.50,4.41
1771,554742163,"01771M20:36:17.966","01771 20:24:18",213.02,868.41,,,,"     ",5.30,99.40,4.40
1771,554742164,"01771M20:36:18.940","01771 20:24:19",213.04,868.50,,,,"     ",5.30,99.48,4.41
1771,554742165,"01771M20:36:19.913","01771 20:24:20",213.05,868.51,,,,"     ",5.30,99.81,4.43
1771,554742166,"01771M20:36:20.886","01771 20:24:21",213.05,868.52,,,,"     ",5.30,99.38,4.41
1771,554742167,"01771M20:36:21.859","01771 20:24:22",213.03,868.45,,,,"     ",5.30,99.04,4.39
1771,554742168,"01771M20:36:22.833","01771 20:24:23",213.01,868.47,,,,"     ",5.30,99.24,4.40
1771,554742169,"01771M20:36:23.806","01771 20:24:24",212.98,868.50,,,,"     ",5.30,99.43,4.41
1771,554742170,"01771M20:36:24.779","01771 20:24:25",212.94,868.46,,,,"     ",5.30,99.57,4.42
1771,554742171,"01771M20:36:25.752","01771 20:24:26",212.91,868.42,,,,"     ",5.30,99.29,4.41
1771,554742172,"01771M20:36:26.726","01771 20:24:27",212.88,868.42,,,,"     ",5.30,98.84,4.39
1771,554742173,"01771M20:36:27.699","01771 20:24:28",212.85,868.45,,,,"     ",5.30,99.39,4.41
1771,554742174,"01771M20:36:28.672","01771 20:24:29",212.83,868.41,,,,"     ",5.30,99.11,4.40
1771,554742175,"01771M20:36:29.645","01771 20:24:30",212.81,868.40,,,,"     ",5.30,99.11,4.40
1771,554742176,"01771M20:36:30.619","01771 20:24:31",212.80,868.34,,,,"     ",5.30,99.12,4.40
1771,554742177,"01771M20:36:31.592","01771 20:24:32",212.78,868.41,,,,"     ",5.30,99.57,4.43
1771,554742178,"01771M20:36:32.565","01771 20:24:33",212.76,868.45,,,,"     ",5.30,99.12,4.41
1771,554742179,"01771M20:36:33.538","01771 20:24:34",212.74,868.48,,,,"     ",5.30,99.38,4.42
1771,554742180,"01771M20:36:34.512","01771 20:24:35",212.71,868.52,,,,"     ",5.30,99.51,4.43
1771,554742181,"01771M20:36:35.485","01771 20:24:36",212.68,868.58,,,,"     ",5.30,99.05,4.41
1771,554742182,"01771M20:36:36.458","01771 20:24:36",212.65,868.58,,,,"     ",5.30,98.83,4.40
1771,554742183,"01771M20:36:37.431","01771 20:24:37",212.63,868.59,,,,"     ",5.30,98.80,4.39
1771,554742184,"01771M20:36:38.405","01771 20:24:38",212.61,868.55,,,,"     ",5.30,99.03,4.41
1771,554742185,"01771M20:36:39.378","01771 20:24:39",212.60,868.57,,,,"     ",5.30,98.84,4.40
1771,554742186,"01771M20:36:40.351","01771 20:24:40",212.60,868.51,,,,"     ",5.30,99.21,4.42
1771,554742187,"01771M20:36:41.324","01771 20:24:41",212.61,868.53,,,,"     ",5.30,98.75,4.40
1771,554742188,"01771M20:36:42.298","01771 20:24:42",212.64,868.49,,,,"     ",5.30,98.69,4.39
1771,554742189,"01771M20:36:43.271","01771 20:24:43",212.66,868.43,,,,"     ",5.30,98.54,4.39
1771,554742190,"01771M20:36:44.244","01771 20:24:44",212.68,868.44,,,,"     ",5.30,98.90,4.40
1771,554742191,"01771M20:36:45.217","01771 20:24:45",212.70,868.44,,,,"     ",5.30,98.58,4.39
1771,554742192,"01771M20:36:46.191","01771 20:24:46",212.71,868.44,,,,"     ",5.30,98.88,4.40
1771,554742193,"01771M20:36:47.164","01771 20:24:47",212.72,868.45,,,,"     ",5.30,99.09,4.41
1771,554742194,"01771M20:36:48.137","01771 20:24:48",212.74,868.45,,,,"     ",5.30,99.07,4.41
1771,554742195,"01771M20:36:49.110","01771 20:24:49",212.76,868.50,,,,"     ",5.30,98.72,4.40
1771,554742196,"01771M20:36:50.084","01771 20:24:50",212.79,868.49,,,,"     ",5.30,99.36,4.43
1771,554742197,"01771M20:36:51.057","01771 20:24:51",212.83,868.48,,,,"     ",5.30,98.69,4.40
1771,554742198,"01771M20:36:52.030","01771 20:24:52",212.87,868.49,,,,"     ",5.30,98.77,4.40
1771,554742199,"01771M20:36:53.003","01771 20:24:53",212.92,868.48,,,,"     ",5.30,98.85,4.41
1771,554742200,"01771M20:36:53.977","01771 20:24:54",212.96,868.53,,,,"     ",5.30,99.13,4.42
1771,554742201,"01771M20:36:54.950","01771 20:24:55",213.00,868.50,,,,"     ",5.30,99.20,4.42
1771,554742202,"01771M20:36:55.923","01771 20:24:56",213.03,868.54,,,,"     ",5.30,98.96,4.41
1771,554742203,"01771M20:36:56.896","01771 20:24:57",213.06,868.51,,,,"     ",5.30,99.18,4.42
1771,554742204,"01771M20:36:57.870","01771 20:24:58",213.07,868.45,,,,"     ",5.30,99.17,4.42
1771,554742205,"01771M20:36:58.843","01771 20:24:59",213.09,868.49,,,,"     ",5.30,98.95,4.41
1771,554742206,"01771M20:36:59.816","01771 20:25:00",213.11,868.49,,,,"     ",5.30,99.17,4.42
1771,554742207,"01771M20:37:00.789","01771 20:25:01",213.13,868.58,,,,"     ",5.30,99.36,4.43
1771,554742208,"01771M20:37:01.763","01771 20:25:02",213.15,868.56,,,,"     ",5.30,99.43,4.43
1771,554742209,"01771M20:37:02.736","01771 20:25:03",213.18,868.54,,,,"     ",5.30,99.42,4.43
1771,554742210,"01771M20:37:03.709","01771 20:25:04",213.22,868.51,,,,"     ",5.30,98.88,4.41
1771,554742211,"01771M20:37:04.682","01771 20:25:05",213.65,868.50,,,,"     ",5.30,99.69,4.44
1771,554742212,"01771M20:37:05.656","01771 20:25:06",213.71,868.51,,,,"     ",5.30,99.24,4.42
1771,554742213,"01771M20:37:06.629","01771 20:25:07",213.76,868.56,,,,"     ",5.30,99.78,4.45
1771,554742214,"01771M20:37:07.602","01771 20:25:08",213.81,868.56,,,,"     ",5.30,99.61,4.44
1771,554742215,"01771M20:37:08.575","01771 20:25:09",213.86,868.61,,,,"     ",5.30,99.29,4.42
1771,554742216,"01771M20:37:09.549","01771 20:25:10",213.90,868.54,,,,"     ",5.30,99.15,4.42
1771,554742217,"01771M20:37:10.522","01771 20:25:11",213.93,868.47,,,,"     ",5.30,99.56,4.44
1771,554742218,"01771M20:37:11.495","01771 20:25:12",213.97,868.42,,,,"     ",5.30,99.26,4.42
1771,554742219,"01771M20:37:12.468","01771 20:25:13",214.01,868.45,,,,"     ",5.30,99.53,4.43
1771,554742220,"01771M20:37:13.442","01771 20:25:13",214.06,868.50,,,,"     ",5.30,99.78,4.45
1771,554742221,"01771M20:37:14.415","01771 20:25:14",214.10,868.47,,,,"     ",5.30,99.61,4.43
1771,554742222,"01771M20:37:15.388","01771 20:25:15",214.15,868.45,,,,"     ",5.30,99.91,4.45
1771,554742223,"01771M20:37:16.362","01771 20:25:16",214.19,868.43,,,,"     ",5.30,99.75,4.44
1771,554742224,"01771M20:37:17.335","01771 20:25:17",214.22,868.41,,,,"     ",5.30,100.65,4.48
1771,554742225,"01771M20:37:18.308","01771 20:25:18",214.23,868.44,,,,"     ",5.30,100.00,4.45
1771,554742226,"01771M20:37:19.281","01771 20:25:19",214.23,868.44,,,,"     ",5.30,99.64,4.43
1771,554742227,"01771M20:37:20.255","01771 20:25:20",214.21,868.55,,,,"     ",5.30,100.11,4.46
1771,554742228,"01771M20:37:21.228","01771 20:25:21",214.20,868.56,,,,"     ",5.30,99.68,4.43
1771,554742229,"01771M20:37:22.201","01771 20:25:22",214.18,868.64,,,,"     ",5.30,100.03,4.45
1771,554742230,"01771M20:37:23.174","01771 20:25:23",214.17,868.62,,,,"     ",5.30,99.96,4.45
1771,554742231,"01771M20:37:24.148","01771 20:25:24",214.17,868.59,,,,"     ",5.30,99.63,4.43
1771,554742232,"01771M20:37:25.121","01771 20:25:25",214.19,868.55,,,,"     ",5.30,100.09,4.45
1771,554742233,"01771M20:37:26.094","01771 20:25:26",214.22,868.60,,,,"     ",5.30,100.67,4.48
1771,554742234,"01771M20:37:27.067","01771 20:25:27",214.28,868.60,,,,"     ",5.30,99.97,4.44
1771,554742235,"01771M20:37:28.041","01771 20:25:28",214.34,868.58,,,,"     ",5.30,100.24,4.46
1771,554742236,"01771M20:37:29.014","01771 20:25:29",214.41,868.56,,,,"     ",5.30,100.20,4.45
1771,554742237,"01771M20:37:29.987","01771 20:25:30",214.49,868.52,,,,"     ",5.30,100.22,4.45
1771,554742238,"01771M20:37:30.960","01771 20:25:31",214.56,868.56,,,,"     ",5.30,100.39,4.46
1771,554742239,"01771M20:37:31.934","01771 20:25:32",214.62,868.66,,,,"     ",5.30,100.44,4.46
1771,554742240,"01771M20:37:32.907","01771 20:25:33",214.68,868.59,,,,"     ",5.30,100.25,4.45
1771,554742241,"01771M20:37:33.880","01771 20:25:34",214.74,868.54,,,,"     ",5.30,100.57,4.46
1771,554742242,"01771M20:37:34.853","01771 20:25:35",214.79,868.56,,,,"     ",5.30,100.30,4.45
1771,554742243,"01771M20:37:35.827","01771 20:25:36",214.84,868.57,,,,"     ",5.30,101.21,4.49
1771,554742244,"01771M20:37:36.800","01771 20:25:37",214.90,868.57,,,,"     ",5.30,100.33,4.45
1771,554742245,"01771M20:37:37.773","01771 20:25:38",214.95,868.55,,,,"     ",5.30,100.76,4.47
1771,554742246,"01771M20:37:38.746","01771 20:25:39",214.99,868.58,,,,"     ",5.30,100.90,4.48
1771,554742247,"01771M20:37:39.720","01771 20:25:40",215.03,868.62,,,,"     ",5.30,100.54,4.46
1771,554742248,"01771M20:37:40.693","01771 20:25:41",215.05,868.62,,,,"     ",5.30,100.66,4.46
1771,554742249,"01771M20:37:41.666","01771 20:25:42",215.05,868.57,,,,"     ",5.30,101.29,4.49
1771,554742250,"01771M20:37:42.639","01771 20:25:43",215.03,868.57,,,,"     ",5.30,100.76,4.46
1771,554742251,"01771M20:37:43.613","01771 20:25:44",214.99,868.64,,,,"     ",5.30,100.15,4.44
1771,554742252,"01771M20:37:44.586","01771 20:25:45",214.94,868.69,,,,"     ",5.30,100.31,4.44
1771,554742253,"01771M20:37:45.559","01771 20:25:46",214.88,868.65,,,,"     ",5.30,100.94,4.47
1771,554742254,"01771M20:37:46.532","01771 20:25:47",214.81,868.65,,,,"     ",5.30,100.25,4.44
1771,554742255,"01771M20:37:47.506","01771 20:25:48",214.76,868.73,,,,"     ",5.30,100.40,4.45
1771,554742256,"01771M20:37:48.479","01771 20:25:49",214.72,868.75,,,,"     ",5.30,100.32,4.44
1771,554742257,"01771M20:37:49.452","01771 20:25:50",214.69,868.69,,,,"     ",5.30,100.89,4.47
1771,554742258,"01771M20:37:50.425","01771 20:25:50",214.66,868.61,,,,"     ",5.30,100.17,4.43
1771,554742259,"01771M20:37:51.399","01771 20:25:51",214.64,868.55,,,,"     ",5.30,100.21,4.44
1771,554742260,"01771M20:37:52.372","01771 20:25:52",214.62,868.55,,,,"     ",5.30,100.53,4.45
1771,554742261,"01771M20:37:53.345","01771 20:25:53",214.60,868.59,,,,"     ",5.30,100.50,4.45
1771,554742262,"01771M20:37:54.318","01771 20:25:54",214.58,868.56,,,,"     ",5.30,100.36,4.44
1771,554742263,"01771M20:37:55.292","01771 20:25:55",214.56,868.58,,,,"     ",5.30,100.75,4.46
1771,554742264,"01771M20:37:56.265","01771 20:25:56",214.52,868.61,,,,"     ",5.30,100.75,4.46
1771,554742265,"01771M20:37:57.238","01771 20:25:57",214.48,868.64,,,,"     ",5.30,100.28,4.44
1771,554742266,"01771M20:37:58.211","01771 20:25:58",214.43,868.65,,,,"     ",5.30,100.38,4.44
1771,554742267,"01771M20:37:59.185","01771 20:25:59",214.38,868.69,,,,"     ",5.30,100.50,4.45
1771,554742268,"01771M20:38:00.158","01771 20:26:00",214.34,868.57,,,,"     ",5.30,100.45,4.44
1771,554742269,"01771M20:38:01.131","01771 20:26:01",214.31,868.57,,,,"     ",5.30,101.03,4.47
1771,554742270,"01771M20:38:02.104","01771 20:26:02",214.30,868.63,,,,"     ",5.30,100.63,4.45
1771,554742271,"01771M20:38:03.078","01771 20:26:03",214.30,868.59,,,,"     ",5.30,99.82,4.41
1771,554742272,"01771M20:38:04.051","01771 20:26:04",214.31,868.63,,,,"     ",5.30,100.34,4.44
1771,554742273,"01771M20:38:05.024","01771 20:26:05",214.34,868.66,,,,"     ",5.30,100.55,4.44
1771,554742274,"01771M20:38:05.997","01771 20:26:06",214.37,868.71,,,,"     ",5.30,100.05,4.42
1771,554742275,"01771M20:38:06.971","01771 20:26:07",214.41,868.66,,,,"     ",5.30,100.68,4.45
1771,554742276,"01771M20:38:07.944","01771 20:26:08",214.46,868.70,,,,"     ",5.30,100.13,4.43
1771,554742277,"01771M20:38:08.917","01771 20:26:09",214.50,868.65,,,,"     ",5.30,100.16,4.43
1771,554742278,"01771M20:38:09.890","01771 20:26:10",214.55,868.71,,,,"     ",5.30,99.88,4.41
1771,554742279,"01771M20:38:10.864","01771 20:26:11",214.60,868.66,,,,"     ",5.30,100.81,4.46
1771,554742280,"01771M20:38:11.837","01771 20:26:12",214.65,868.65,,,,"     ",5.30,99.90,4.41
1771,554742281,"01771M20:38:12.810","01771 20:26:13",214.69,868.68,,,,"     ",5.30,100.18,4.43
1771,554742282,"01771M20:38:13.783","01771 20:26:14",214.73,868.67,,,,"     ",5.30,99.80,4.41
1771,554742283,"01771M20:38:14.757","01771 20:26:15",214.77,868.69,,,,"     ",5.30,100.05,4.42
1771,554742284,"01771M20:38:15.730","01771 20:26:16",214.80,868.65,,,,"     ",5.30,99.68,4.40
1771,554742285,"01771M20:38:16.703","01771 20:26:17",214.82,868.58,,,,"     ",5.30,99.73,4.41
1771,554742286,"01771M20:38:17.676","01771 20:26:18",214.84,868.65,,,,"     ",5.30,99.73,4.41
1771,554742287,"01771M20:38:18.650","01771 20:26:19",214.84,868.63,,,,"     ",5.30,99.64,4.40
1771,554742288,"01771M20:38:19.623","01771 20:26:20",214.84,868.66,,,,"     ",5.30,99.60,4.40
1771,554742289,"01771M20:38:20.596","01771 20:26:21",214.83,868.67,,,,"     ",5.30,99.50,4.40
1771,554742290,"01771M20:38:21.569","01771 20:26:22",214.81,868.68,,,,"     ",5.30,98.97,4.37
1771,554742291,"01771M20:38:22.543","01771 20:26:23",214.80,868.59,,,,"     ",5.30,99.47,4.39
1771,554742292,"01771M20:38:23.516","01771 20:26:24",214.78,868.59,,,,"     ",5.30,99.67,4.40
1771,554742293,"01771M20:38:24.489","01771 20:26:25",214.77,868.57,,,,"     ",5.30,100.04,4.42
1771,554742294,"01771M20:38:25.463","01771 20:26:26",214.76,868.57,,,,"     ",5.30,99.51,4.40
1771,554742295,"01771M20:38:26.436","01771 20:26:26",214.76,868.52,,,,"     ",5.30,99.51,4.39
1771,554742296,"01771M20:38:27.409","01771 20:26:27",214.76,868.53,,,,"     ",5.30,99.48,4.39
1771,554742297,"01771M20:38:28.382","01771 20:26:28",214.77,868.49,,,,"     ",5.30,99.81,4.41
1771,554742298,"01771M20:38:29.356","01771 20:26:29",214.79,868.57,,,,"     ",5.30,99.83,4.41
1771,554742299,"01771M20:38:30.329","01771 20:26:30",214.82,868.63,,,,"     ",5.30,99.31,4.39
1771,554742300,"01771M20:38:31.302","01771 20:26:31",214.85,868.62,,,,"     ",5.30,99.95,4.42
1771,554742301,"01771M20:38:32.275","01771 20:26:32",214.88,868.67,,,,"     ",5.30,99.97,4.41
1771,554742302,"01771M20:38:33.249","01771 20:26:33",214.90,868.60,,,,"     ",5.30,99.87,4.41
1771,554742303,"01771M20:38:34.222","01771 20:26:34",214.92,868.62,,,,"     ",5.30,99.75,4.40
1771,554742304,"01771M20:38:35.195","01771 20:26:35",214.93,868.64,,,,"     ",5.30,99.06,4.37
1771,554742305,"01771M20:38:36.168","01771 20:26:36",214.95,868.67,,,,"     ",5.30,99.61,4.40
1771,554742306,"01771M20:38:37.142","01771 20:26:37",214.97,868.62,,,,"     ",5.30,99.71,4.40
1771,554742307,"01771M20:38:38.115","01771 20:26:38",214.99,868.68,,,,"     ",5.30,99.28,4.38
1771,554742308,"01771M20:38:39.088","01771 20:26:39",215.01,868.59,,,,"     ",5.30,99.97,4.41
1771,554742309,"01771M20:38:40.061","01771 20:26:40",215.04,868.61,,,,"     ",5.30,99.32,4.38
1771,554742310,"01771M20:38:41.035","01771 20:26:41",215.06,868.63,,,,"     ",5.30,100.02,4.41
1771,554742311,"01771M20:38:42.008","01771 20:26:42",215.07,868.60,,,,"     ",5.30,98.95,4.36
1771,554742312,"01771M20:38:42.981","01771 20:26:43",215.08,868.64,,,,"     ",5.30,99.44,4.39
1771,554742313,"01771M20:38:43.954","01771 20:26:44",215.08,868.59,,,,"     ",5.30,99.31,4.38
1771,554742314,"01771M20:38:44.928","01771 20:26:45",215.08,868.64,,,,"     ",5.30,98.61,4.35
1771,554742315,"01771M20:38:45.901","01771 20:26:46",215.08,868.64,,,,"     ",5.30,99.60,4.39
1771,554742316,"01771M20:38:46.874","01771 20:26:47",215.08,868.73,,,,"     ",5.30,99.45,4.39
1771,554742317,"01771M20:38:47.847","01771 20:26:48",215.09,868.75,,,,"     ",5.30,99.68,4.40
1771,554742318,"01771M20:38:48.821","01771 20:26:49",215.11,868.61,,,,"     ",5.30,99.95,4.41
1771,554742319,"01771M20:38:49.794","01771 20:26:50",215.13,868.64,,,,"     ",5.30,99.43,4.39
1771,554742320,"01771M20:38:50.767","01771 20:26:51",215.15,868.65,,,,"     ",5.30,99.25,4.38
1771,554742321,"01771M20:38:51.740","01771 20:26:52",215.17,868.67,,,,"     ",5.30,99.32,4.38
1771,554742322,"01771M20:38:52.714","01771 20:26:53",215.19,868.63,,,,"     ",5.30,99.68,4.39
1771,554742323,"01771M20:38:53.687","01771 20:26:54",215.20,868.56,,,,"     ",5.30,99.56,4.39
1771,554742324,"01771M20:38:54.660","01771 20:26:55",215.20,868.58,,,,"     ",5.30,98.86,4.36
1771,554742325,"01771M20:38:55.633","01771 20:26:56",215.19,868.59,,,,"     ",5.30,98.86,4.36
1771,554742326,"01771M20:38:56.607","01771 20:26:57",215.16,868.66,,,,"     ",5.30,99.15,4.37
1771,554742327,"01771M20:38:57.580","01771 20:26:58",215.13,868.66,,,,"     ",5.30,99.57,4.39
1771,554742328,"01771M20:38:58.553","01771 20:26:59",215.10,868.61,,,,"     ",5.30,99.08,4.37
1771,554742329,"01771M20:38:59.526","01771 20:27:00",215.07,868.67,,,,"     ",5.30,99.53,4.39
1771,554742330,"01771M20:39:00.500","01771 20:27:01",215.06,868.62,,,,"     ",5.30,98.95,4.36
1771,554742331,"01771M20:39:01.473","01771 20:27:02",215.05,868.61,,,,"     ",5.30,99.41,4.38
1771,554742332,"01771M20:39:02.446","01771 20:27:03",215.05,868.64,,,,"     ",5.30,99.57,4.39
1771,554742333,"01771M20:39:03.419","01771 20:27:03",215.05,868.58,,,,"     ",5.30,98.88,4.35
1771,554742334,"01771M20:39:04.393","01771 20:27:04",215.07,868.60,,,,"     ",5.30,99.40,4.38
1771,554742335,"01771M20:39:05.366","01771 20:27:05",215.09,868.60,,,,"     ",5.30,99.60,4.39
1771,554742336,"01771M20:39:06.339","01771 20:27:06",215.11,868.73,,,,"     ",5.30,99.59,4.39
1771,554742337,"01771M20:39:07.312","01771 20:27:07",215.14,868.73,,,,"     ",5.30,99.28,4.37
1771,554742338,"01771M20:39:08.286","01771 20:27:08",215.18,868.69,,,,"     ",5.30,99.28,4.37
1771,554742339,"01771M20:39:09.259","01771 20:27:09",215.21,868.74,,,,"     ",5.30,99.10,4.36
1771,554742340,"01771M20:39:10.232","01771 20:27:10",215.24,868.68,,,,"     ",5.30,99.58,4.38
1771,554742341,"01771M20:39:11.205","01771 20:27:11",215.27,868.62,,,,"     ",5.30,99.32,4.37
1771,554742342,"01771M20:39:12.179","01771 20:27:12",215.29,868.67,,,,"     ",5.30,99.64,4.39
1771,554742343,"01771M20:39:13.152","01771 20:27:13",215.32,868.62,,,,"     ",5.30,98.82,4.35
1771,554742344,"01771M20:39:14.125","01771 20:27:14",215.34,868.72,,,,"     ",5.30,99.07,4.36
1771,554742345,"01771M20:39:15.098","01771 20:27:15",215.36,868.67,,,,"     ",5.30,99.04,4.36
1771,554742346,"01771M20:39:16.072","01771 20:27:16",215.38,868.69,,,,"     ",5.30,99.23,4.37
1771,554742347,"01771M20:39:17.045","01771 20:27:17",215.38,868.68,,,,"     ",5.30,99.33,4.37
1771,554742348,"01771M20:39:18.018","01771 20:27:18",215.37,868.67,,,,"     ",5.30,99.20,4.36
1771,554742349,"01771M20:39:18.991","01771 20:27:19",215.36,868.82,,,,"     ",5.30,98.46,4.33
1771,554742350,"01771M20:39:19.965","01771 20:27:20",215.35,868.70,,,,"     ",5.30,98.44,4.33
1771,554742351,"01771M20:39:20.938","01771 20:27:21",215.34,868.68,,,,"     ",5.30,98.90,4.35
1771,554742352,"01771M20:39:21.911","01771 20:27:22",215.33,868.71,,,,"     ",5.30,98.92,4.35
1771,554742353,"01771M20:39:22.884","01771 20:27:23",215.32,868.75,,,,"     ",5.30,98.30,4.32
1771,554742354,"01771M20:39:23.858","01771 20:27:24",215.32,868.72,,,,"     ",5.30,98.50,4.33
1771,554742355,"01771M20:39:24.831","01771 20:27:25",215.31,868.70,,,,"     ",5.30,98.83,4.35
1771,554742356,"01771M20:39:25.804","01771 20:27:26",215.30,868.69,,,,"     ",5.30,98.64,4.34
1771,554742357,"01771M20:39:26.777","01771 20:27:27",215.29,868.72,,,,"     ",5.30,98.70,4.34
1771,554742358,"01771M20:39:27.751","01771 20:27:28",215.27,868.68,,,,"     ",5.30,98.77,4.35
1771,554742359,"01771M20:39:28.724","01771 20:27:29",215.25,868.75,,,,"     ",5.30,97.98,4.31
1771,554742360,"01771M20:39:29.697","01771 20:27:30",215.23,868.74,,,,"     ",5.30,98.25,4.32
1771,554742361,"01771M20:39:30.670","01771 20:27:31",215.21,868.65,,,,"     ",5.30,97.70,4.30
1771,554742362,"01771M20:39:31.644","01771 20:27:32",215.18,868.69,,,,"     ",5.30,98.09,4.32
1771,554742363,"01771M20:39:32.617","01771 20:27:33",215.14,868.65,,,,"     ",5.30,98.13,4.32
1771,554742364,"01771M20:39:33.590","01771 20:27:34",215.10,868.71,,,,"     ",5.30,97.72,4.30
1771,554742365,"01771M20:39:34.564","01771 20:27:35",215.05,868.69,,,,"     ",5.30,98.32,4.33
1771,554742366,"01771M20:39:35.537","01771 20:27:36",215.00,868.73,,,,"     ",5.30,98.15,4.32
1771,554742367,"01771M20:39:36.510","01771 20:27:37",214.94,868.61,,,,"     ",5.30,97.39,4.29
1771,554742368,"01771M20:39:37.483","01771 20:27:38",214.86,868.65,,,,"     ",5.30,97.82,4.31
1771,554742369,"01771M20:39:38.457","01771 20:27:39",214.77,868.56,,,,"     ",5.30,97.92,4.31
1771,554742370,"01771M20:39:39.430","01771 20:27:40",214.66,868.60,,,,"     ",5.30,97.63,4.30
1771,554742371,"01771M20:39:40.403","01771 20:27:40",214.55,868.61,,,,"     ",5.30,97.83,4.31
1771,554742372,"01771M20:39:41.376","01771 20:27:41",214.44,868.56,,,,"     ",5.30,97.61,4.30
1771,554742373,"01771M20:39:42.350","01771 20:27:42",214.34,868.60,,,,"     ",5.30,97.81,4.31
1771,554742374,"01771M20:39:43.323","01771 20:27:43",214.27,868.70,,,,"     ",5.30,97.43,4.29
1771,554742375,"01771M20:39:44.296","01771 20:27:44",214.23,868.69,,,,"     ",5.30,97.50,4.30
1771,554742376,"01771M20:39:45.269","01771 20:27:45",214.21,868.74,,,,"     ",5.30,97.67,4.31
1771,554742377,"01771M20:39:46.243","01771 20:27:46",214.22,868.72,,,,"     ",5.30,97.17,4.28
1771,554742378,"01771M20:39:47.216","01771 20:27:47",214.25,868.63,,,,"     ",5.30,97.55,4.30
1771,554742379,"01771M20:39:48.189","01771 20:27:48",214.30,868.70,,,,"     ",5.30,97.53,4.30
1771,554742380,"01771M20:39:49.162","01771 20:27:49",214.35,868.80,,,,"     ",5.30,97.50,4.30
1771,554742381,"01771M20:39:50.136","01771 20:27:50",214.41,868.71,,,,"     ",5.30,96.98,4.27
1771,554742382,"01771M20:39:51.109","01771 20:27:51",214.47,868.72,,,,"     ",5.30,97.68,4.31
1771,554742383,"01771M20:39:52.082","01771 20:27:52",214.52,868.69,,,,"     ",5.30,97.32,4.29
1771,554742384,"01771M20:39:53.055","01771 20:27:53",214.58,868.77,,,,"     ",5.30,97.64,4.31
1771,554742385,"01771M20:39:54.029","01771 20:27:54",214.64,868.73,,,,"     ",5.30,97.55,4.30
1771,554742386,"01771M20:39:55.002","01771 20:27:55",214.71,868.72,,,,"     ",5.30,97.25,4.29
1771,554742387,"01771M20:39:55.975","01771 20:27:56",214.80,868.72,,,,"     ",5.30,97.44,4.30
1771,554742388,"01771M20:39:56.948","01771 20:27:57",214.90,868.69,,,,"     ",5.30,97.79,4.31
1771,554742389,"01771M20:39:57.922","01771 20:27:58",215.00,868.65,,,,"     ",5.30,97.92,4.32
1771,554742390,"01771M20:39:58.895","01771 20:27:59",215.10,868.67,,,,"     ",5.30,98.96,4.37
1771,554742391,"01771M20:39:59.868","01771 20:28:00",215.20,868.70,,,,"     ",5.30,98.07,4.32
1771,554742392,"01771M20:40:00.841","01771 20:28:01",215.28,868.70,,,,"     ",5.30,98.69,4.35
1771,554742393,"01771M20:40:01.815","01771 20:28:02",215.36,868.73,,,,"     ",5.30,98.40,4.34
1771,554742394,"01771M20:40:02.788","01771 20:28:03",215.42,868.73,,,,"     ",5.30,98.16,4.33
1771,554742395,"01771M20:40:03.761","01771 20:28:04",215.48,868.71,,,,"     ",5.30,98.39,4.34
1771,554742396,"01771M20:40:04.734","01771 20:28:05",215.52,868.72,,,,"     ",5.30,98.31,4.33
1771,554742397,"01771M20:40:05.708","01771 20:28:06",215.56,868.71,,,,"     ",5.30,98.15,4.32
1771,554742398,"01771M20:40:06.681","01771 20:28:07",215.60,868.71,,,,"     ",5.30,98.65,4.35
1771,554742399,"01771M20:40:07.654","01771 20:28:08",215.62,868.79,,,,"     ",5.30,98.60,4.35
1771,554742400,"01771M20:40:08.627","01771 20:28:09",215.65,868.75,,,,"     ",5.30,98.92,4.36
1771,554742401,"01771M20:40:09.601","01771 20:28:10",215.67,868.78,,,,"     ",5.30,98.06,4.32
1771,554742402,"01771M20:40:10.574","01771 20:28:11",215.70,868.79,,,,"     ",5.30,98.98,4.36
1771,554742403,"01771M20:40:11.547","01771 20:28:12",215.72,868.75,,,,"     ",5.30,98.98,4.36
1771,554742404,"01771M20:40:12.520","01771 20:28:13",215.74,868.80,,,,"     ",5.30,99.10,4.36
1771,554742405,"01771M20:40:13.494","01771 20:28:14",215.74,868.76,,,,"     ",5.30,98.90,4.35
1771,554742406,"01771M20:40:14.467","01771 20:28:15",215.73,868.79,,,,"     ",5.30,98.74,4.35
1771,554742407,"01771M20:40:15.440","01771 20:28:16",215.69,868.73,,,,"     ",5.30,98.28,4.32
1771,554742408,"01771M20:40:16.413","01771 20:28:16",215.64,868.77,,,,"     ",5.30,98.70,4.34
1771,554742409,"01771M20:40:17.387","01771 20:28:17",215.58,868.78,,,,"     ",5.30,98.53,4.34
1771,554742410,"01771M20:40:18.360","01771 20:28:18",215.51,868.74,,,,"     ",5.30,98.67,4.34
1771,554742411,"01771M20:40:19.333","01771 20:28:19",215.44,868.78,,,,"     ",5.30,99.42,4.38
1771,554742412,"01771M20:40:20.306","01771 20:28:20",215.37,868.75,,,,"     ",5.30,98.76,4.34
1771,554742413,"01771M20:40:21.280","01771 20:28:21",215.32,868.70,,,,"     ",5.30,98.37,4.33
1771,554742414,"01771M20:40:22.253","01771 20:28:22",215.28,868.70,,,,"     ",5.30,98.69,4.34
1771,554742415,"01771M20:40:23.226","01771 20:28:23",215.25,868.74,,,,"     ",5.30,98.79,4.34
1771,554742416,"01771M20:40:24.199","01771 20:28:24",215.23,868.84,,,,"     ",5.30,98.38,4.33
1771,554742417,"01771M20:40:25.173","01771 20:28:25",215.21,868.78,,,,"     ",5.30,98.68,4.34
1771,554742418,"01771M20:40:26.146","01771 20:28:26",215.21,868.76,,,,"     ",5.30,98.39,4.33
1771,554742419,"01771M20:40:27.119","01771 20:28:27",215.20,868.81,,,,"     ",5.30,98.65,4.34
1771,554742420,"01771M20:40:28.092","01771 20:28:28",215.21,868.77,,,,"     ",5.30,98.58,4.33
1771,554742421,"01771M20:40:29.066","01771 20:28:29",215.22,868.75,,,,"     ",5.30,98.65,4.34
1771,554742422,"01771M20:40:30.039","01771 20:28:30",215.23,868.75,,,,"     ",5.30,99.01,4.35
1771,554742423,"01771M20:40:31.012","01771 20:28:31",215.25,868.70,,,,"     ",5.30,98.44,4.33
1771,554742424,"01771M20:40:31.985","01771 20:28:32",215.28,868.78,,,,"     ",5.30,98.05,4.31
1771,554742425,"01771M20:40:32.959","01771 20:28:33",215.31,868.72,,,,"     ",5.30,98.90,4.35
1771,554742426,"01771M20:40:33.932","01771 20:28:34",215.35,868.79,,,,"     ",5.30,98.42,4.32
1771,554742427,"01771M20:40:34.905","01771 20:28:35",215.39,868.65,,,,"     ",5.30,98.42,4.32
1771,554742428,"01771M20:40:35.878","01771 20:28:36",215.44,868.73,,,,"     ",5.30,98.17,4.31
1771,554742429,"01771M20:40:36.852","01771 20:28:37",215.50,868.76,,,,"     ",5.30,98.56,4.33
1771,554742430,"01771M20:40:37.825","01771 20:28:38",215.57,868.71,,,,"     ",5.30,99.03,4.35
1771,554742431,"01771M20:40:38.798","01771 20:28:39",215.64,868.78,,,,"     ",5.30,99.17,4.36
1771,554742432,"01771M20:40:39.771","01771 20:28:40",215.91,868.85,,,,"     ",5.30,98.84,4.34
1771,554742433,"01771M20:40:40.745","01771 20:28:41",215.89,868.88,,,,"     ",5.30,99.13,4.35
1771,554742434,"01771M20:40:41.718","01771 20:28:42",215.86,868.86,,,,"     ",5.30,99.76,4.38
1771,554742435,"01771M20:40:42.691","01771 20:28:43",215.84,868.93,,,,"     ",5.30,98.82,4.34
1771,554742436,"01771M20:40:43.665","01771 20:28:44",215.82,868.89,,,,"     ",5.30,99.19,4.36
1771,554742437,"01771M20:40:44.638","01771 20:28:45",215.81,868.87,,,,"     ",5.30,99.15,4.35
1771,554742438,"01771M20:40:45.611","01771 20:28:46",215.80,868.88,,,,"     ",5.30,98.75,4.33
1771,554742439,"01771M20:40:46.584","01771 20:28:47",215.79,868.86,,,,"     ",5.30,99.12,4.35
1771,554742440,"01771M20:40:47.558","01771 20:28:48",215.78,868.90,,,,"     ",5.30,99.07,4.35
1771,554742441,"01771M20:40:48.531","01771 20:28:49",215.77,868.83,,,,"     ",5.30,99.48,4.37
1771,554742442,"01771M20:40:49.504","01771 20:28:50",215.77,868.84,,,,"     ",5.30,99.33,4.36
1771,554742443,"01771M20:40:50.477","01771 20:28:51",215.77,868.93,,,,"     ",5.30,98.74,4.33
1771,554742444,"01771M20:40:51.451","01771 20:28:52",215.77,868.84,,,,"     ",5.30,99.07,4.34
1771,554742445,"01771M20:40:52.424","01771 20:28:53",215.78,868.94,,,,"     ",5.30,98.95,4.34
1771,554742446,"01771M20:40:53.397","01771 20:28:53",215.79,868.79,,,,"     ",5.30,99.26,4.35
1771,554742447,"01771M20:40:54.370","01771 20:28:54",215.80,868.83,,,,"     ",5.30,98.86,4.33
1771,554742448,"01771M20:40:55.344","01771 20:28:55",215.82,868.85,,,,"     ",5.30,99.18,4.35
1771,554742449,"01771M20:40:56.317","01771 20:28:56",215.84,868.80,,,,"     ",5.30,98.63,4.32
1771,554742450,"01771M20:40:57.290","01771 20:28:57",215.86,868.89,,,,"     ",5.30,99.19,4.35
1771,554742451,"01771M20:40:58.263","01771 20:28:58",215.88,868.87,,,,"     ",5.30,99.44,4.36
1771,554742452,"01771M20:40:59.237","01771 20:28:59",215.90,868.87,,,,"     ",5.30,98.98,4.34
1771,554742453,"01771M20:41:00.210","01771 20:29:00",215.91,868.80,,,,"     ",5.30,99.12,4.34
1771,554742454,"01771M20:41:01.183","01771 20:29:01",215.92,868.82,,,,"     ",5.30,98.94,4.33
1771,554742455,"01771M20:41:02.156","01771 20:29:02",215.93,868.82,,,,"     ",5.30,99.70,4.37
1771,554742456,"01771M20:41:03.130","01771 20:29:03",215.94,868.88,,,,"     ",5.30,98.55,4.32
1771,554742457,"01771M20:41:04.103","01771 20:29:04",215.95,868.89,,,,"     ",5.30,98.53,4.31
1771,554742458,"01771M20:41:05.076","01771 20:29:05",215.96,868.93,,,,"     ",5.30,98.73,4.33
1771,554742459,"01771M20:41:06.049","01771 20:29:06",215.96,868.90,,,,"     ",5.30,98.96,4.33
1771,554742460,"01771M20:41:07.023","01771 20:29:07",215.96,868.99,,,,"     ",5.30,98.89,4.33
1771,554742461,"01771M20:41:07.996","01771 20:29:08",215.95,868.88,,,,"     ",5.30,98.80,4.33
1771,554742462,"01771M20:41:08.969","01771 20:29:09",215.93,868.92,,,,"     ",5.30,99.58,4.36
1771,554742463,"01771M20:41:09.942","01771 20:29:10",215.91,868.81,,,,"     ",5.30,98.67,4.32
1771,554742464,"01771M20:41:10.916","01771 20:29:11",215.90,868.95,,,,"     ",5.30,99.44,4.35
1771,554742465,"01771M20:41:11.889","01771 20:29:12",215.88,868.95,,,,"     ",5.30,99.56,4.36
1771,554742466,"01771M20:41:12.862","01771 20:29:13",215.87,868.90,,,,"     ",5.30,99.27,4.34
1771,554742467,"01771M20:41:13.835","01771 20:29:14",215.86,868.86,,,,"     ",5.30,99.47,4.35
1771,554742468,"01771M20:41:14.809","01771 20:29:15",215.85,868.90,,,,"     ",5.30,99.04,4.33
1771,554742469,"01771M20:41:15.782","01771 20:29:16",215.85,868.95,,,,"     ",5.30,99.72,4.36
1771,554742470,"01771M20:41:16.755","01771 20:29:17",215.86,868.97,,,,"     ",5.30,99.40,4.35
1771,554742471,"01771M20:41:17.728","01771 20:29:18",215.86,868.95,,,,"     ",5.30,99.09,4.34
1771,554742472,"01771M20:41:18.702","01771 20:29:19",215.86,868.87,,,,"     ",5.30,99.00,4.33
1771,554742473,"01771M20:41:19.675","01771 20:29:20",215.85,868.87,,,,"     ",5.30,98.57,4.31
1771,554742474,"01771M20:41:20.648","01771 20:29:21",215.84,868.92,,,,"     ",5.30,98.77,4.32
1771,554742475,"01771M20:41:21.621","01771 20:29:22",215.82,868.89,,,,"     ",5.30,98.87,4.32
1771,554742476,"01771M20:41:22.595","01771 20:29:23",215.79,868.94,,,,"     ",5.30,99.29,4.34
1771,554742477,"01771M20:41:23.568","01771 20:29:24",215.76,868.87,,,,"     ",5.30,98.86,4.32
1771,554742478,"01771M20:41:24.541","01771 20:29:25",215.74,868.93,,,,"     ",5.30,99.36,4.35
1771,554742479,"01771M20:41:25.514","01771 20:29:26",215.73,868.95,,,,"     ",5.30,99.12,4.34
1771,554742480,"01771M20:41:26.488","01771 20:29:27",215.72,868.92,,,,"     ",5.30,98.80,4.32
1771,554742481,"01771M20:41:27.461","01771 20:29:28",215.72,868.96,,,,"     ",5.30,99.41,4.35
1771,554742482,"01771M20:41:28.434","01771 20:29:29",215.72,868.91,,,,"     ",5.30,98.86,4.32
1771,554742483,"01771M20:41:29.407","01771 20:29:30",215.72,868.99,,,,"     ",5.30,98.65,4.32
1771,554742484,"01771M20:41:30.381","01771 20:29:30",215.72,869.02,,,,"     ",5.30,99.53,4.35
1771,554742485,"01771M20:41:31.354","01771 20:29:31",215.71,868.99,,,,"     ",5.30,98.95,4.33
1771,554742486,"01771M20:41:32.327","01771 20:29:32",215.69,868.99,,,,"     ",5.30,98.98,4.33
1771,554742487,"01771M20:41:33.300","01771 20:29:33",215.64,868.98,,,,"     ",5.30,98.03,4.29
1771,554742488,"01771M20:41:34.274","01771 20:29:34",215.58,868.97,,,,"     ",5.30,98.37,4.30
1771,554742489,"01771M20:41:35.247","01771 20:29:35",215.52,869.02,,,,"     ",5.30,98.85,4.32
1771,554742490,"01771M20:41:36.220","01771 20:29:36",215.45,868.93,,,,"     ",5.30,98.77,4.32
1771,554742491,"01771M20:41:37.193","01771 20:29:37",215.39,868.99,,,,"     ",5.30,98.83,4.33
1771,554742492,"01771M20:41:38.167","01771 20:29:38",215.33,868.99,,,,"     ",5.30,98.50,4.31
1771,554742493,"01771M20:41:39.140","01771 20:29:39",215.27,869.03,,,,"     ",5.30,98.43,4.31
1771,554742494,"01771M20:41:40.113","01771 20:29:40",215.21,869.02,,,,"     ",5.30,98.37,4.31
1771,554742495,"01771M20:41:41.086","01771 20:29:41",215.14,869.04,,,,"     ",5.30,98.14,4.30
1771,554742496,"01771M20:41:42.060","01771 20:29:42",215.05,868.98,,,,"     ",5.30,98.28,4.30
1771,554742497,"01771M20:41:43.033","01771 20:29:43",214.96,869.00,,,,"     ",5.30,97.45,4.27
1771,554742498,"01771M20:41:44.006","01771 20:29:44",214.86,869.06,,,,"     ",5.30,97.89,4.29
1771,554742499,"01771M20:41:44.979","01771 20:29:45",214.76,868.99,,,,"     ",5.30,98.15,4.30
1771,554742500,"01771M20:41:45.953","01771 20:29:46",214.66,868.97,,,,"     ",5.30,97.15,4.25
1771,554742501,"01771M20:41:46.926","01771 20:29:47",214.58,869.00,,,,"     ",5.30,97.39,4.27
1771,554742502,"01771M20:41:47.899","01771 20:29:48",214.50,868.98,,,,"     ",5.30,97.87,4.29
1771,554742503,"01771M20:41:48.872","01771 20:29:49",214.43,868.94,,,,"     ",5.30,97.26,4.26
1771,554742504,"01771M20:41:49.846","01771 20:29:50",214.37,868.96,,,,"     ",5.30,97.92,4.29
1771,554742505,"01771M20:41:50.819","01771 20:29:51",214.34,868.94,,,,"     ",5.30,97.77,4.29
1771,554742506,"01771M20:41:51.792","01771 20:29:52",214.32,869.00,,,,"     ",5.30,97.46,4.27
1771,554742507,"01771M20:41:52.766","01771 20:29:53",214.31,868.95,,,,"     ",5.30,97.48,4.28
1771,554742508,"01771M20:41:53.739","01771 20:29:54",214.30,868.97,,,,"     ",5.30,97.80,4.29
1771,554742509,"01771M20:41:54.712","01771 20:29:55",214.30,869.04,,,,"     ",5.30,97.20,4.26
1771,554742510,"01771M20:41:55.685","01771 20:29:56",214.29,869.09,,,,"     ",5.30,96.78,4.25
1771,554742511,"01771M20:41:56.659","01771 20:29:57",214.27,868.95,,,,"     ",5.30,97.63,4.28
1771,554742512,"01771M20:41:57.632","01771 20:29:58",214.24,868.96,,,,"     ",5.30,98.09,4.31
1771,554742513,"01771M20:41:58.605","01771 20:29:59",214.21,868.95,,,,"     ",5.30,97.73,4.29
1771,554742514,"01771M20:41:59.578","01771 20:30:00",214.18,869.00,,,,"     ",5.30,97.67,4.29
1771,554742515,"01771M20:42:00.552","01771 20:30:01",214.15,868.98,,,,"     ",5.30,98.13,4.31
1771,554742516,"01771M20:42:01.525","01771 20:30:02",214.14,869.03,,,,"     ",5.30,97.47,4.28
1771,554742517,"01771M20:42:02.498","01771 20:30:03",214.13,869.03,,,,"     ",5.30,97.59,4.29
1771,554742518,"01771M20:42:03.471","01771 20:30:04",214.12,869.08,,,,"     ",5.30,97.44,4.28
1771,554742519,"01771M20:42:04.445","01771 20:30:05",214.11,869.14,,,,"     ",5.30,96.94,4.26
1771,554742520,"01771M20:42:05.418","01771 20:30:06",214.11,869.11,,,,"     ",5.30,97.34,4.28
1771,554742521,"01771M20:42:06.391","01771 20:30:07",214.11,869.10,,,,"     ",5.30,97.20,4.27
1771,554742522,"01771M20:42:07.364","01771 20:30:07",214.10,869.08,,,,"     ",5.30,97.72,4.30
1771,554742523,"01771M20:42:08.338","01771 20:30:08",214.10,869.14,,,,"     ",5.30,97.72,4.30
1771,554742524,"01771M20:42:09.311","01771 20:30:09",214.09,869.11,,,,"     ",5.30,97.36,4.28
1771,554742525,"01771M20:42:10.284","01771 20:30:10",214.09,869.12,,,,"     ",5.30,97.27,4.28
1771,554742526,"01771M20:42:11.257","01771 20:30:11",214.10,869.06,,,,"     ",5.30,97.41,4.29
1771,554742527,"01771M20:42:12.231","01771 20:30:12",214.12,869.05,,,,"     ",5.30,97.08,4.27
1771,554742528,"01771M20:42:13.204","01771 20:30:13",214.16,869.06,,,,"     ",5.30,97.39,4.29
1771,554742529,"01771M20:42:14.177","01771 20:30:14",214.20,869.05,,,,"     ",5.30,97.26,4.28
1771,554742530,"01771M20:42:15.150","01771 20:30:15",214.25,869.03,,,,"     ",5.30,97.39,4.29
1771,554742531,"01771M20:42:16.124","01771 20:30:16",214.31,869.06,,,,"     ",5.30,96.94,4.27
1771,554742532,"01771M20:42:17.097","01771 20:30:17",214.36,869.07,,,,"     ",5.30,97.36,4.29
1771,554742533,"01771M20:42:18.070","01771 20:30:18",214.43,869.17,,,,"     ",5.30,97.75,4.31
1771,554742534,"01771M20:42:19.043","01771 20:30:19",214.50,869.10,,,,"     ",5.30,96.88,4.27
1771,554742535,"01771M20:42:20.017","01771 20:30:20",214.57,869.12,,,,"     ",5.30,97.25,4.29
1771,554742536,"01771M20:42:20.990","01771 20:30:21",214.64,869.06,,,,"     ",5.30,96.99,4.27
1771,554742537,"01771M20:42:21.963","01771 20:30:22",214.71,869.03,,,,"     ",5.30,96.67,4.26
1771,554742538,"01771M20:42:22.936","01771 20:30:23",214.78,869.06,,,,"     ",5.30,97.57,4.30
1771,554742539,"01771M20:42:23.910","01771 20:30:24",214.85,869.12,,,,"     ",5.30,96.89,4.27
1771,554742540,"01771M20:42:24.883","01771 20:30:25",214.91,869.16,,,,"     ",5.30,97.28,4.29
1771,554742541,"01771M20:42:25.856","01771 20:30:26",214.96,869.23,,,,"     ",5.30,97.70,4.31
1771,554742542,"01771M20:42:26.829","01771 20:30:27",215.00,869.14,,,,"     ",5.30,96.95,4.28
1771,554742543,"01771M20:42:27.803","01771 20:30:28",215.02,869.13,,,,"     ",5.30,97.17,4.29
1771,554742544,"01771M20:42:28.776","01771 20:30:29",215.03,869.18,,,,"     ",5.30,96.71,4.27
1771,554742545,"01771M20:42:29.749","01771 20:30:30",215.02,869.15,,,,"     ",5.30,97.37,4.30
1771,554742546,"01771M20:42:30.722","01771 20:30:31",214.98,869.14,,,,"     ",5.30,97.05,4.28
1771,554742547,"01771M20:42:31.696","01771 20:30:32",214.92,869.09,,,,"     ",5.30,97.42,4.30
1771,554742548,"01771M20:42:32.669","01771 20:30:33",214.85,869.05,,,,"     ",5.30,96.94,4.28
1771,554742549,"01771M20:42:33.642","01771 20:30:34",214.75,869.10,,,,"     ",5.30,97.11,4.29
1771,554742550,"01771M20:42:34.615","01771 20:30:35",214.65,869.18,,,,"     ",5.30,96.51,4.26
1771,554742551,"01771M20:42:35.589","01771 20:30:36",214.55,869.16,,,,"     ",5.30,96.45,4.26
1771,554742552,"01771M20:42:36.562","01771 20:30:37",214.44,869.29,,,,"     ",5.30,97.23,4.30
1771,554742553,"01771M20:42:37.535","01771 20:30:38",214.34,869.25,,,,"     ",5.30,96.97,4.29
1771,554742554,"01771M20:42:38.508","01771 20:30:39",214.25,869.24,,,,"     ",5.30,97.15,4.30
1771,554742555,"01771M20:42:39.482","01771 20:30:40",214.16,869.21,,,,"     ",5.30,96.47,4.26
1771,554742556,"01771M20:42:40.455","01771 20:30:41",214.09,869.24,,,,"     ",5.30,96.47,4.27
1771,554742557,"01771M20:42:41.428","01771 20:30:42",214.03,869.19,,,,"     ",5.30,96.09,4.25
1771,554742558,"01771M20:42:42.401","01771 20:30:43",213.98,869.26,,,,"     ",5.30,95.53,4.22
1771,554742559,"01771M20:42:43.375","01771 20:30:43",213.95,869.28,,,,"     ",5.30,96.09,4.25
1771,554742560,"01771M20:42:44.348","01771 20:30:44",213.92,869.20,,,,"     ",5.30,96.17,4.26
1771,554742561,"01771M20:42:45.321","01771 20:30:45",213.90,869.26,,,,"     ",5.30,96.30,4.26
1771,554742562,"01771M20:42:46.294","01771 20:30:46",213.88,869.23,,,,"     ",5.30,95.82,4.24
1771,554742563,"01771M20:42:47.268","01771 20:30:47",213.87,869.24,,,,"     ",5.30,96.28,4.27
1771,554742564,"01771M20:42:48.241","01771 20:30:48",213.86,869.31,,,,"     ",5.30,95.99,4.25
1771,554742565,"01771M20:42:49.214","01771 20:30:49",213.85,869.25,,,,"     ",5.30,96.20,4.26
1771,554742566,"01771M20:42:50.187","01771 20:30:50",213.83,869.21,,,,"     ",5.30,95.73,4.24
1771,554742567,"01771M20:42:51.161","01771 20:30:51",213.82,869.18,,,,"     ",5.30,95.79,4.25
1771,554742568,"01771M20:42:52.134","01771 20:30:52",213.79,869.16,,,,"     ",5.30,96.23,4.27
1771,554742569,"01771M20:42:53.107","01771 20:30:53",213.76,869.18,,,,"     ",5.30,95.32,4.23
1771,554742570,"01771M20:42:54.080","01771 20:30:54",213.72,869.21,,,,"     ",5.30,95.45,4.24
1771,554742571,"01771M20:42:55.054","01771 20:30:55",213.67,869.22,,,,"     ",5.30,95.54,4.24
1771,554742572,"01771M20:42:56.027","01771 20:30:56",213.61,869.23,,,,"     ",5.30,95.68,4.25
1771,554742573,"01771M20:42:57.000","01771 20:30:57",213.54,869.20,,,,"     ",5.30,94.71,4.21
1771,554742574,"01771M20:42:57.973","01771 20:30:58",213.45,869.17,,,,"     ",5.30,95.60,4.25
1771,554742575,"01771M20:42:58.947","01771 20:30:59",212.80,869.19,,,,"     ",5.30,95.41,4.24
1771,554742576,"01771M20:42:59.920","01771 20:31:00",212.70,869.22,,,,"     ",5.30,94.96,4.22
1771,554742577,"01771M20:43:00.893","01771 20:31:01",212.61,869.20,,,,"     ",5.30,95.42,4.24
1771,554742578,"01771M20:43:01.866","01771 20:31:02",212.54,869.21,,,,"     ",5.30,95.21,4.24
1771,554742579,"01771M20:43:02.840","01771 20:31:03",212.47,869.19,,,,"     ",5.30,95.05,4.23
1771,554742580,"01771M20:43:03.813","01771 20:31:04",212.43,869.24,,,,"     ",5.30,95.26,4.24
1771,554742581,"01771M20:43:04.786","01771 20:31:05",212.39,869.22,,,,"     ",5.30,95.17,4.24
1771,554742582,"01771M20:43:05.760","01771 20:31:06",212.36,869.24,,,,"     ",5.30,94.92,4.23
1771,554742583,"01771M20:43:06.733","01771 20:31:07",212.33,869.27,,,,"     ",5.30,94.50,4.21
1771,554742584,"01771M20:43:07.706","01771 20:31:08",212.31,869.24,,,,"     ",5.30,94.76,4.22
1771,554742585,"01771M20:43:08.679","01771 20:31:09",212.29,869.28,,,,"     ",5.30,94.77,4.23
1771,554742586,"01771M20:43:09.653","01771 20:31:10",212.27,869.31,,,,"     ",5.30,94.45,4.21
1771,554742587,"01771M20:43:10.626","01771 20:31:11",212.25,869.23,,,,"     ",5.30,95.18,4.25
1771,554742588,"01771M20:43:11.599","01771 20:31:12",212.24,869.34,,,,"     ",5.30,94.36,4.21
1771,554742589,"01771M20:43:12.572","01771 20:31:13",212.22,869.33,,,,"     ",5.30,94.90,4.24
1771,554742590,"01771M20:43:13.546","01771 20:31:14",212.21,869.40,,,,"     ",5.30,95.21,4.25
1771,554742591,"01771M20:43:14.519","01771 20:31:15",212.20,869.38,,,,"     ",5.30,94.58,4.23
1771,554742592,"01771M20:43:15.492","01771 20:31:16",212.20,869.34,,,,"     ",5.30,94.69,4.23
1771,554742593,"01771M20:43:16.465","01771 20:31:17",212.21,869.29,,,,"     ",5.30,94.64,4.23
1771,554742594,"01771M20:43:17.439","01771 20:31:18",212.23,869.28,,,,"     ",5.30,94.68,4.23
1771,554742595,"01771M20:43:18.412","01771 20:31:19",212.26,869.30,,,,"     ",5.30,94.49,4.23
1771,554742596,"01771M20:43:19.385","01771 20:31:20",212.30,869.34,,,,"     ",5.30,95.01,4.25
1771,554742597,"01771M20:43:20.358","01771 20:31:20",212.35,869.26,,,,"     ",5.30,94.57,4.23
1771,554742598,"01771M20:43:21.332","01771 20:31:21",212.40,869.22,,,,"     ",5.30,95.30,4.27
1771,554742599,"01771M20:43:22.305","01771 20:31:22",212.44,869.18,,,,"     ",5.30,94.80,4.24
1771,554742600,"01771M20:43:23.278","01771 20:31:23",212.48,869.33,,,,"     ",5.30,94.17,4.22
1771,554742601,"01771M20:43:24.251","01771 20:31:24",212.52,869.31,,,,"     ",5.30,94.35,4.23
1771,554742602,"01771M20:43:25.225","01771 20:31:25",212.56,869.28,,,,"     ",5.30,94.73,4.25
1771,554742603,"01771M20:43:26.198","01771 20:31:26",212.59,869.31,,,,"     ",5.30,94.77,4.25
1771,554742604,"01771M20:43:27.171","01771 20:31:27",212.64,869.22,,,,"     ",5.30,94.37,4.23
1771,554742605,"01771M20:43:28.144","01771 20:31:28",212.69,869.23,,,,"     ",5.30,94.35,4.23
1771,554742606,"01771M20:43:29.118","01771 20:31:29",212.73,869.27,,,,"     ",5.30,94.94,4.26
1771,554742607,"01771M20:43:30.091","01771 20:31:30",212.78,869.29,,,,"     ",5.30,94.65,4.25
1771,554742608,"01771M20:43:31.064","01771 20:31:31",212.81,869.29,,,,"     ",5.30,94.66,4.25
1771,554742609,"01771M20:43:32.037","01771 20:31:32",212.83,869.29,,,,"     ",5.30,93.90,4.22
1771,554742610,"01771M20:43:33.011","01771 20:31:33",212.83,869.32,,,,"     ",5.30,94.54,4.25
1771,554742611,"01771M20:43:33.984","01771 20:31:34",212.81,869.32,,,,"     ",5.30,94.39,4.24
1771,554742612,"01771M20:43:34.957","01771 20:31:35",212.79,869.30,,,,"     ",5.30,94.33,4.24
1771,554742613,"01771M20:43:35.930","01771 20:31:36",212.76,869.32,,,,"     ",5.30,94.49,4.25
1771,554742614,"01771M20:43:36.904","01771 20:31:37",212.73,869.36,,,,"     ",5.30,94.67,4.26
1771,554742615,"01771M20:43:37.877","01771 20:31:38",212.69,869.37,,,,"     ",5.30,95.12,4.28
1771,554742616,"01771M20:43:38.850","01771 20:31:39",212.64,869.33,,,,"     ",5.30,94.17,4.24
1771,554742617,"01771M20:43:39.823","01771 20:31:40",212.58,869.34,,,,"     ",5.30,94.31,4.25
1771,554742618,"01771M20:43:40.797","01771 20:31:41",212.51,869.30,,,,"     ",5.30,94.47,4.26
1771,554742619,"01771M20:43:41.770","01771 20:31:42",212.44,869.33,,,,"     ",5.30,95.06,4.28
1771,554742620,"01771M20:43:42.743","01771 20:31:43",212.37,869.35,,,,"     ",5.30,94.52,4.26
1771,554742621,"01771M20:43:43.716","01771 20:31:44",212.30,869.34,,,,"     ",5.30,94.01,4.24
1771,554742622,"01771M20:43:44.690","01771 20:31:45",212.24,869.34,,,,"     ",5.30,94.79,4.28
1771,554742623,"01771M20:43:45.663","01771 20:31:46",212.17,869.34,,,,"     ",5.30,94.45,4.26
1771,554742624,"01771M20:43:46.636","01771 20:31:47",212.11,869.40,,,,"     ",5.30,94.54,4.27
1771,554742625,"01771M20:43:47.609","01771 20:31:48",212.06,869.44,,,,"     ",5.30,94.56,4.27
1771,554742626,"01771M20:43:48.583","01771 20:31:49",211.99,869.47,,,,"     ",5.30,94.53,4.27
1771,554742627,"01771M20:43:49.556","01771 20:31:50",211.92,869.36,,,,"     ",5.30,94.87,4.29
1771,554742628,"01771M20:43:50.529","01771 20:31:51",211.85,869.42,,,,"     ",5.30,95.18,4.30
1771,554742629,"01771M20:43:51.502","01771 20:31:52",211.78,869.42,,,,"     ",5.30,94.78,4.29
1771,554742630,"01771M20:43:52.476","01771 20:31:53",211.71,869.36,,,,"     ",5.30,94.88,4.29
1771,554742631,"01771M20:43:53.449","01771 20:31:54",211.65,869.27,,,,"     ",5.30,94.29,4.26
1771,554742632,"01771M20:43:54.422","01771 20:31:55",211.59,869.43,,,,"     ",5.30,94.70,4.29
1771,554742633,"01771M20:43:55.395","01771 20:31:56",211.55,869.39,,,,"     ",5.30,94.87,4.29
1771,554742634,"01771M20:43:56.369","01771 20:31:57",211.52,869.31,,,,"     ",5.30,94.73,4.29
1771,554742635,"01771M20:43:57.342","01771 20:31:57",211.50,869.22,,,,"     ",5.30,94.46,4.28
1771,554742636,"01771M20:43:58.315","01771 20:31:58",211.48,869.30,,,,"     ",5.30,94.33,4.27
1771,554742637,"01771M20:43:59.288","01771 20:31:59",211.47,869.37,,,,"     ",5.30,94.52,4.28
1771,554742638,"01771M20:44:00.262","01771 20:32:00",211.49,869.40,,,,"     ",5.30,94.98,4.31
1771,554742639,"01771M20:44:01.235","01771 20:32:01",211.51,869.48,,,,"     ",5.30,95.06,4.31
1771,554742640,"01771M20:44:02.208","01771 20:32:02",211.56,869.48,,,,"     ",5.30,95.43,4.33
1771,554742641,"01771M20:44:03.181","01771 20:32:03",211.61,869.48,,,,"     ",5.30,95.05,4.31
1771,554742642,"01771M20:44:04.155","01771 20:32:04",211.66,869.46,,,,"     ",5.30,95.85,4.35
1771,554742643,"01771M20:44:05.128","01771 20:32:05",211.70,869.44,,,,"     ",5.30,95.40,4.33
1771,554742644,"01771M20:44:06.101","01771 20:32:06",211.73,869.40,,,,"     ",5.30,95.29,4.33
1771,554742645,"01771M20:44:07.074","01771 20:32:07",211.76,869.48,,,,"     ",5.30,95.42,4.33
1771,554742646,"01771M20:44:08.048","01771 20:32:08",211.78,869.50,,,,"     ",5.30,95.35,4.33
1771,554742647,"01771M20:44:09.021","01771 20:32:09",211.80,869.53,,,,"     ",5.30,95.23,4.33
1771,554742648,"01771M20:44:09.994","01771 20:32:10",211.83,869.40,,,,"     ",5.30,95.60,4.34
1771,554742649,"01771M20:44:10.967","01771 20:32:11",211.86,869.39,,,,"     ",5.30,95.48,4.34
1771,554742650,"01771M20:44:11.941","01771 20:32:12",211.88,869.42,,,,"     ",5.30,95.96,4.36
1771,554742651,"01771M20:44:12.914","01771 20:32:13",211.91,869.43,,,,"     ",5.30,95.94,4.36
1771,554742652,"01771M20:44:13.887","01771 20:32:14",211.92,869.44,,,,"     ",5.30,95.78,4.36
1771,554742653,"01771M20:44:14.861","01771 20:32:15",211.93,869.40,,,,"     ",5.30,95.69,4.35
1771,554742654,"01771M20:44:15.834","01771 20:32:16",211.93,869.45,,,,"     ",5.30,95.76,4.36
1771,554742655,"01771M20:44:16.807","01771 20:32:17",211.92,869.51,,,,"     ",5.30,96.04,4.37
1771,554742656,"01771M20:44:17.780","01771 20:32:18",211.92,869.50,,,,"     ",5.30,95.78,4.36
1771,554742657,"01771M20:44:18.754","01771 20:32:19",211.94,869.49,,,,"     ",5.30,95.70,4.36
1771,554742658,"01771M20:44:19.727","01771 20:32:20",211.96,869.52,,,,"     ",5.30,96.00,4.37
1771,554742659,"01771M20:44:20.700","01771 20:32:21",211.99,869.53,,,,"     ",5.30,95.97,4.37
1771,554742660,"01771M20:44:21.673","01771 20:32:22",212.03,869.49,,,,"     ",5.30,95.17,4.33
1771,554742661,"01771M20:44:22.647","01771 20:32:23",212.06,869.47,,,,"     ",5.30,95.60,4.35
1771,554742662,"01771M20:44:23.620","01771 20:32:24",212.08,869.41,,,,"     ",5.30,96.21,4.38
1771,554742663,"01771M20:44:24.593","01771 20:32:25",212.09,869.50,,,,"     ",5.30,95.83,4.37
1771,554742664,"01771M20:44:25.566","01771 20:32:26",212.10,869.46,,,,"     ",5.30,94.98,4.33
1771,554742665,"01771M20:44:26.540","01771 20:32:27",212.11,869.45,,,,"     ",5.30,95.91,4.37
1771,554742666,"01771M20:44:27.513","01771 20:32:28",212.11,869.47,,,,"     ",5.30,95.55,4.36
1771,554742667,"01771M20:44:28.486","01771 20:32:29",212.11,869.48,,,,"     ",5.30,95.80,4.37
1771,554742668,"01771M20:44:29.459","01771 20:32:30",212.10,869.42,,,,"     ",5.30,96.27,4.39
1771,554742669,"01771M20:44:30.433","01771 20:32:31",212.09,869.46,,,,"     ",5.30,95.59,4.36
1771,554742670,"01771M20:44:31.406","01771 20:32:32",212.08,869.51,,,,"     ",5.30,96.62,4.41
1771,554742671,"01771M20:44:32.379","01771 20:32:33",212.07,869.50,,,,"     ",5.30,96.17,4.39
1771,554742672,"01771M20:44:33.352","01771 20:32:33",212.05,869.48,,,,"     ",5.30,96.03,4.38
1771,554742673,"01771M20:44:34.326","01771 20:32:34",212.04,869.51,,,,"     ",5.30,96.03,4.38
1771,554742674,"01771M20:44:35.299","01771 20:32:35",212.02,869.52,,,,"     ",5.30,95.74,4.37
1771,554742675,"01771M20:44:36.272","01771 20:32:36",212.00,869.54,,,,"     ",5.30,96.38,4.40
1771,554742676,"01771M20:44:37.245","01771 20:32:37",211.99,869.51,,,,"     ",5.30,96.01,4.39
1771,554742677,"01771M20:44:38.219","01771 20:32:38",211.97,869.53,,,,"     ",5.30,96.04,4.39
1771,554742678,"01771M20:44:39.192","01771 20:32:39",211.95,869.54,,,,"     ",5.30,96.58,4.41
1771,554742679,"01771M20:44:40.165","01771 20:32:40",211.92,869.57,,,,"     ",5.30,95.98,4.39
1771,554742680,"01771M20:44:41.138","01771 20:32:41",211.88,869.60,,,,"     ",5.30,95.79,4.38
1771,554742681,"01771M20:44:42.112","01771 20:32:42",211.85,869.58,,,,"     ",5.30,96.45,4.41
1771,554742682,"01771M20:44:43.085","01771 20:32:43",211.83,869.55,,,,"     ",5.30,96.24,4.40
1771,554742683,"01771M20:44:44.058","01771 20:32:44",211.82,869.45,,,,"     ",5.30,96.26,4.40
1771,554742684,"01771M20:44:45.031","01771 20:32:45",211.82,869.49,,,,"     ",5.30,96.90,4.43
1771,554742685,"01771M20:44:46.005","01771 20:32:46",211.83,869.51,,,,"     ",5.30,96.45,4.41
1771,554742686,"01771M20:44:46.978","01771 20:32:47",211.85,869.51,,,,"     ",5.30,96.36,4.41
1771,554742687,"01771M20:44:47.951","01771 20:32:48",211.85,869.61,,,,"     ",5.30,96.64,4.42
1771,554742688,"01771M20:44:48.924","01771 20:32:49",211.85,869.59,,,,"     ",5.30,96.48,4.42
1771,554742689,"01771M20:44:49.898","01771 20:32:50",211.84,869.67,,,,"     ",5.30,96.07,4.40
1771,554742690,"01771M20:44:50.871","01771 20:32:51",211.81,869.51,,,,"     ",5.30,96.38,4.41
1771,554742691,"01771M20:44:51.844","01771 20:32:52",211.77,869.49,,,,"     ",5.30,96.70,4.43
1771,554742692,"01771M20:44:52.817","01771 20:32:53",211.73,869.47,,,,"     ",5.30,96.87,4.44
1771,554742693,"01771M20:44:53.791","01771 20:32:54",211.68,869.49,,,,"     ",5.30,96.84,4.44
1771,554742694,"01771M20:44:54.764","01771 20:32:55",211.64,869.45,,,,"     ",5.30,96.57,4.42
1771,554742695,"01771M20:44:55.737","01771 20:32:56",211.60,869.53,,,,"     ",5.30,96.69,4.43
1771,554742696,"01771M20:44:56.710","01771 20:32:57",211.56,869.57,,,,"     ",5.30,96.33,4.42
1771,554742697,"01771M20:44:57.684","01771 20:32:58",211.53,869.55,,,,"     ",5.30,96.37,4.42
1771,554742698,"01771M20:44:58.657","01771 20:32:59",211.51,869.60,,,,"     ",5.30,96.85,4.44
1771,554742699,"01771M20:44:59.630","01771 20:33:00",211.49,869.59,,,,"     ",5.30,97.33,4.47
1771,554742700,"01771M20:45:00.603","01771 20:33:01",211.49,869.56,,,,"     ",5.30,95.98,4.40
1771,554742701,"01771M20:45:01.577","01771 20:33:02",211.49,869.58,,,,"     ",5.30,95.91,4.40
1771,554742702,"01771M20:45:02.550","01771 20:33:03",211.51,869.56,,,,"     ",5.30,97.44,4.47
1771,554742703,"01771M20:45:03.523","01771 20:33:04",211.53,869.52,,,,"     ",5.30,96.19,4.42
1771,554742704,"01771M20:45:04.496","01771 20:33:05",211.55,869.54,,,,"     ",5.30,96.28,4.42
1771,554742705,"01771M20:45:05.470","01771 20:33:06",211.58,869.51,,,,"     ",5.30,96.83,4.45
1771,554742706,"01771M20:45:06.443","01771 20:33:07",211.61,869.54,,,,"     ",5.30,96.30,4.42
1771,554742707,"01771M20:45:07.416","01771 20:33:08",211.65,869.56,,,,"     ",5.30,96.42,4.43
1771,554742708,"01771M20:45:08.389","01771 20:33:09",211.69,869.53,,,,"     ",5.30,95.95,4.41
1771,554742709,"01771M20:45:09.363","01771 20:33:10",211.74,869.63,,,,"     ",5.30,96.08,4.42
1771,554742710,"01771M20:45:10.336","01771 20:33:10",211.80,869.60,,,,"     ",5.30,96.37,4.43
1771,554742711,"01771M20:45:11.309","01771 20:33:11",211.86,869.64,,,,"     ",5.30,96.75,4.45
1771,554742712,"01771M20:45:12.282","01771 20:33:12",211.92,869.67,,,,"     ",5.30,96.71,4.45
1771,554742713,"01771M20:45:13.256","01771 20:33:13",211.98,869.59,,,,"     ",5.30,96.23,4.43
1771,554742714,"01771M20:45:14.229","01771 20:33:14",212.02,869.58,,,,"     ",5.30,96.27,4.43
1771,554742715,"01771M20:45:15.202","01771 20:33:15",212.04,869.56,,,,"     ",5.30,95.98,4.42
1771,554742716,"01771M20:45:16.175","01771 20:33:16",212.05,869.54,,,,"     ",5.30,95.39,4.39
1771,554742717,"01771M20:45:17.149","01771 20:33:17",212.04,869.60,,,,"     ",5.30,95.71,4.41
1771,554742718,"01771M20:45:18.122","01771 20:33:18",212.03,869.50,,,,"     ",5.30,95.92,4.42
1771,554742719,"01771M20:45:19.095","01771 20:33:19",212.01,869.48,,,,"     ",5.30,96.33,4.44
1771,554742720,"01771M20:45:20.068","01771 20:33:20",211.98,869.45,,,,"     ",5.30,96.21,4.43
1771,554742721,"01771M20:45:21.042","01771 20:33:21",211.93,869.51,,,,"     ",5.30,96.12,4.43
1771,554742722,"01771M20:45:22.015","01771 20:33:22",211.87,869.57,,,,"     ",5.30,95.45,4.40
1771,554742723,"01771M20:45:22.988","01771 20:33:23",211.82,869.56,,,,"     ",5.30,96.00,4.43
1771,554742724,"01771M20:45:23.962","01771 20:33:24",211.77,869.58,,,,"     ",5.30,96.29,4.44
1771,554742725,"01771M20:45:24.935","01771 20:33:25",211.73,869.56,,,,"     ",5.30,96.04,4.43
1771,554742726,"01771M20:45:25.908","01771 20:33:26",211.69,869.60,,,,"     ",5.30,96.03,4.43
1771,554742727,"01771M20:45:26.881","01771 20:33:27",211.65,869.57,,,,"     ",5.30,95.86,4.42
1771,554742728,"01771M20:45:27.855","01771 20:33:28",211.61,869.56,,,,"     ",5.30,96.49,4.46
1771,554742729,"01771M20:45:28.828","01771 20:33:29",211.58,869.61,,,,"     ",5.30,96.05,4.44
1771,554742730,"01771M20:45:29.801","01771 20:33:30",211.55,869.55,,,,"     ",5.30,95.95,4.43
1771,554742731,"01771M20:45:30.774","01771 20:33:31",211.52,869.53,,,,"     ",5.30,96.39,4.45
1771,554742732,"01771M20:45:31.748","01771 20:33:32",211.49,869.51,,,,"     ",5.30,96.01,4.44
1771,554742733,"01771M20:45:32.721","01771 20:33:33",211.47,869.51,,,,"     ",5.30,96.14,4.44
1771,554742734,"01771M20:45:33.694","01771 20:33:34",211.44,869.51,,,,"     ",5.30,96.27,4.45
1771,554742735,"01771M20:45:34.667","01771 20:33:35",211.42,869.51,,,,"     ",5.30,96.15,4.44
1771,554742736,"01771M20:45:35.641","01771 20:33:36",211.40,869.45,,,,"     ",5.30,96.70,4.47
1771,554742737,"01771M20:45:36.614","01771 20:33:37",211.38,869.56,,,,"     ",5.30,96.41,4.46
1771,554742738,"01771M20:45:37.587","01771 20:33:38",211.37,869.54,,,,"     ",5.30,96.72,4.47
1771,554742739,"01771M20:45:38.560","01771 20:33:39",211.35,869.57,,,,"     ",5.30,96.98,4.49
1771,554742740,"01771M20:45:39.534","01771 20:33:40",211.65,869.51,,,,"     ",5.30,96.58,4.47
1771,554742741,"01771M20:45:40.507","01771 20:33:41",211.65,869.56,,,,"     ",5.30,96.86,4.48
1771,554742742,"01771M20:45:41.480","01771 20:33:42",211.65,869.56,,,,"     ",5.30,96.00,4.44
1771,554742743,"01771M20:45:42.453","01771 20:33:43",211.64,869.70,,,,"     ",5.30,96.07,4.45
1771,554742744,"01771M20:45:43.427","01771 20:33:44",211.64,869.61,,,,"     ",5.30,96.72,4.48
1771,554742745,"01771M20:45:44.400","01771 20:33:45",211.63,869.60,,,,"     ",5.30,96.00,4.44
1771,554742746,"01771M20:45:45.373","01771 20:33:46",211.63,869.56,,,,"     ",5.30,96.29,4.46
1771,554742747,"01771M20:45:46.346","01771 20:33:47",211.62,869.57,,,,"     ",5.30,96.00,4.45
1771,554742748,"01771M20:45:47.320","01771 20:33:47",211.61,869.58,,,,"     ",5.30,96.42,4.47
1771,554742749,"01771M20:45:48.293","01771 20:33:48",211.60,869.55,,,,"     ",5.30,96.14,4.45
1771,554742750,"01771M20:45:49.266","01771 20:33:49",211.59,869.67,,,,"     ",5.30,96.58,4.48
1771,554742751,"01771M20:45:50.239","01771 20:33:50",211.58,869.61,,,,"     ",5.30,96.21,4.46
1771,554742752,"01771M20:45:51.213","01771 20:33:51",211.57,869.59,,,,"     ",5.30,96.15,4.46
1771,554742753,"01771M20:45:52.186","01771 20:33:52",211.56,869.56,,,,"     ",5.30,96.53,4.48
1771,554742754,"01771M20:45:53.159","01771 20:33:53",211.55,869.63,,,,"     ",5.30,96.62,4.48
1771,554742755,"01771M20:45:54.132","01771 20:33:54",211.54,869.55,,,,"     ",5.30,96.28,4.46
1771,554742756,"01771M20:45:55.106","01771 20:33:55",211.53,869.54,,,,"     ",5.30,96.67,4.49
1771,554742757,"01771M20:45:56.079","01771 20:33:56",211.52,869.59,,,,"     ",5.30,96.42,4.47
1771,554742758,"01771M20:45:57.052","01771 20:33:57",211.51,869.51,,,,"     ",5.30,96.74,4.49
1771,554742759,"01771M20:45:58.025","01771 20:33:58",211.49,869.49,,,,"     ",5.30,96.97,4.50
1771,554742760,"01771M20:45:58.999","01771 20:33:59",211.47,869.63,,,,"     ",5.30,96.33,4.47
1771,554742761,"01771M20:45:59.972","01771 20:34:00",211.42,869.62,,,,"     ",5.30,96.63,4.49
1771,554742762,"01771M20:46:00.945","01771 20:34:01",211.37,869.64,,,,"     ",5.30,96.66,4.49
1771,554742763,"01771M20:46:01.918","01771 20:34:02",211.31,869.76,,,,"     ",5.30,96.64,4.49
1771,554742764,"01771M20:46:02.892","01771 20:34:03",211.26,869.65,,,,"     ",5.30,96.69,4.49
1771,554742765,"01771M20:46:03.865","01771 20:34:04",211.22,869.73,,,,"     ",5.30,96.66,4.49
1771,554742766,"01771M20:46:04.838","01771 20:34:05",211.20,869.71,,,,"     ",5.30,96.73,4.49
1771,554742767,"01771M20:46:05.811","01771 20:34:06",211.18,869.78,,,,"     ",5.30,96.72,4.50
1771,554742768,"01771M20:46:06.785","01771 20:34:07",211.16,869.65,,,,"     ",5.30,97.20,4.52
1771,554742769,"01771M20:46:07.758","01771 20:34:08",211.13,869.70,,,,"     ",5.30,97.30,4.53
1771,554742770,"01771M20:46:08.731","01771 20:34:09",211.10,869.67,,,,"     ",5.30,97.77,4.55
1771,554742771,"01771M20:46:09.704","01771 20:34:10",211.07,869.72,,,,"     ",5.30,96.99,4.51
1771,554742772,"01771M20:46:10.678","01771 20:34:11",211.05,869.70,,,,"     ",5.30,96.75,4.50
1771,554742773,"01771M20:46:11.651","01771 20:34:12",211.03,869.74,,,,"     ",5.30,97.25,4.53
1771,554742774,"01771M20:46:12.624","01771 20:34:13",211.03,869.65,,,,"     ",5.30,97.19,4.52
1771,554742775,"01771M20:46:13.597","01771 20:34:14",211.03,869.71,,,,"     ",5.30,97.25,4.53
1771,554742776,"01771M20:46:14.571","01771 20:34:15",211.03,869.67,,,,"     ",5.30,97.20,4.53
1771,554742777,"01771M20:46:15.544","01771 20:34:16",211.03,869.70,,,,"     ",5.30,96.85,4.51
1771,554742778,"01771M20:46:16.517","01771 20:34:17",211.02,869.74,,,,"     ",5.30,97.03,4.52
1771,554742779,"01771M20:46:17.490","01771 20:34:18",211.01,869.73,,,,"     ",5.30,97.23,4.53
1771,554742780,"01771M20:46:18.464","01771 20:34:19",211.00,869.69,,,,"     ",5.30,96.71,4.51
1771,554742781,"01771M20:46:19.437","01771 20:34:20",211.00,869.80,,,,"     ",5.30,97.45,4.54
1771,554742782,"01771M20:46:20.410","01771 20:34:21",211.00,869.80,,,,"     ",5.30,97.30,4.54
1771,554742783,"01771M20:46:21.383","01771 20:34:22",211.01,869.60,,,,"     ",5.30,97.35,4.54
1771,554742784,"01771M20:46:22.357","01771 20:34:23",211.01,869.68,,,,"     ",5.30,97.28,4.53
1771,554742785,"01771M20:46:23.330","01771 20:34:24",211.01,869.61,,,,"     ",5.30,96.64,4.50
1771,554742786,"01771M20:46:24.303","01771 20:34:24",211.01,869.58,,,,"     ",5.30,97.46,4.54
1771,554742787,"01771M20:46:25.276","01771 20:34:25",211.01,869.64,,,,"     ",5.30,97.43,4.54
1771,554742788,"01771M20:46:26.250","01771 20:34:26",211.02,869.61,,,,"     ",5.30,97.68,4.56
1771,554742789,"01771M20:46:27.223","01771 20:34:27",211.04,869.59,,,,"     ",5.30,97.17,4.53
1771,554742790,"01771M20:46:28.196","01771 20:34:28",211.06,869.64,,,,"     ",5.30,96.69,4.51
1771,554742791,"01771M20:46:29.169","01771 20:34:29",211.08,869.60,,,,"     ",5.30,97.14,4.53
1771,554742792,"01771M20:46:30.143","01771 20:34:30",211.09,869.56,,,,"     ",5.30,97.08,4.53
1771,554742793,"01771M20:46:31.116","01771 20:34:31",211.09,869.66,,,,"     ",5.30,96.95,4.53
1771,554742794,"01771M20:46:32.089","01771 20:34:32",211.07,869.54,,,,"     ",5.30,97.15,4.54
1771,554742795,"01771M20:46:33.063","01771 20:34:33",211.04,869.70,,,,"     ",5.30,97.04,4.53
1771,554742796,"01771M20:46:34.036","01771 20:34:34",211.00,869.68,,,,"     ",5.30,96.96,4.53
1771,554742797,"01771M20:46:35.009","01771 20:34:35",210.95,869.63,,,,"     ",5.30,97.44,4.55
1771,554742798,"01771M20:46:35.982","01771 20:34:36",210.89,869.71,,,,"     ",5.30,96.52,4.51
1771,554742799,"01771M20:46:36.956","01771 20:34:37",210.84,869.68,,,,"     ",5.30,96.62,4.51
1771,554742800,"01771M20:46:37.929","01771 20:34:38",210.79,869.67,,,,"     ",5.30,97.50,4.56
1771,554742801,"01771M20:46:38.902","01771 20:34:39",210.75,869.54,,,,"     ",5.30,96.87,4.53
1771,554742802,"01771M20:46:39.875","01771 20:34:40",210.71,869.58,,,,"     ",5.30,96.74,4.52
1771,554742803,"01771M20:46:40.849","01771 20:34:41",210.70,869.68,,,,"     ",5.30,96.36,4.50
1771,554742804,"01771M20:46:41.822","01771 20:34:42",210.68,869.67,,,,"     ",5.30,96.90,4.53
1771,554742805,"01771M20:46:42.795","01771 20:34:43",210.68,869.67,,,,"     ",5.30,96.99,4.54
1771,554742806,"01771M20:46:43.768","01771 20:34:44",210.69,869.65,,,,"     ",5.30,96.87,4.53
1771,554742807,"01771M20:46:44.742","01771 20:34:45",210.71,869.64,,,,"     ",5.30,97.07,4.54
1771,554742808,"01771M20:46:45.715","01771 20:34:46",210.74,869.72,,,,"     ",5.30,96.69,4.53
1771,554742809,"01771M20:46:46.688","01771 20:34:47",210.79,869.68,,,,"     ",5.30,96.35,4.51
1771,554742810,"01771M20:46:47.661","01771 20:34:48",210.84,869.69,,,,"     ",5.30,96.45,4.52
1771,554742811,"01771M20:46:48.635","01771 20:34:49",210.88,869.73,,,,"     ",5.30,96.54,4.52
1771,554742812,"01771M20:46:49.608","01771 20:34:50",210.91,869.70,,,,"     ",5.30,96.37,4.52
1771,554742813,"01771M20:46:50.581","01771 20:34:51",210.93,869.71,,,,"     ",5.30,96.27,4.51
1771,554742814,"01771M20:46:51.554","01771 20:34:52",210.94,869.72,,,,"     ",5.30,96.44,4.52
1771,554742815,"01771M20:46:52.528","01771 20:34:53",210.93,869.61,,,,"     ",5.30,96.54,4.53
1771,554742816,"01771M20:46:53.501","01771 20:34:54",210.91,869.70,,,,"     ",5.30,96.01,4.50
1771,554742817,"01771M20:46:54.474","01771 20:34:55",210.87,869.67,,,,"     ",5.30,96.76,4.54
1771,554742818,"01771M20:46:55.447","01771 20:34:56",210.81,869.66,,,,"     ",5.30,96.61,4.53
1771,554742819,"01771M20:46:56.421","01771 20:34:57",210.74,869.62,,,,"     ",5.30,96.50,4.53
1771,554742820,"01771M20:46:57.394","01771 20:34:58",210.63,869.68,,,,"     ",5.30,96.90,4.55
1771,554742821,"01771M20:46:58.367","01771 20:34:59",210.51,869.70,,,,"     ",5.30,96.28,4.52
1771,554742822,"01771M20:46:59.340","01771 20:35:00",210.36,869.65,,,,"     ",5.30,96.35,4.52
1771,554742823,"01771M20:47:00.314","01771 20:35:00",210.22,869.66,,,,"     ",5.30,96.36,4.53
1771,554742824,"01771M20:47:01.287","01771 20:35:01",210.10,869.68,,,,"     ",5.30,95.80,4.50
1771,554742825,"01771M20:47:02.260","01771 20:35:02",209.98,869.70,,,,"     ",5.30,95.84,4.50
1771,554742826,"01771M20:47:03.233","01771 20:35:03",209.89,869.73,,,,"     ",5.30,95.80,4.50
1771,554742827,"01771M20:47:04.207","01771 20:35:04",209.81,869.74,,,,"     ",5.30,95.81,4.50
1771,554742828,"01771M20:47:05.180","01771 20:35:05",209.74,869.77,,,,"     ",5.30,96.34,4.53
1771,554742829,"01771M20:47:06.153","01771 20:35:06",209.69,869.70,,,,"     ",5.30,96.01,4.52
1771,554742830,"01771M20:47:07.126","01771 20:35:07",209.65,869.76,,,,"     ",5.30,96.44,4.54
1771,554742831,"01771M20:47:08.100","01771 20:35:08",209.62,869.68,,,,"     ",5.30,96.18,4.53
1771,554742832,"01771M20:47:09.073","01771 20:35:09",209.60,869.75,,,,"     ",5.30,96.11,4.52
1771,554742833,"01771M20:47:10.046","01771 20:35:10",209.60,869.71,,,,"     ",5.30,95.75,4.51
1771,554742834,"01771M20:47:11.019","01771 20:35:11",209.60,869.69,,,,"     ",5.30,96.00,4.52
1771,554742835,"01771M20:47:11.993","01771 20:35:12",209.60,869.78,,,,"     ",5.30,95.71,4.51
1771,554742836,"01771M20:47:12.966","01771 20:35:13",209.60,869.73,,,,"     ",5.30,96.35,4.54
1771,554742837,"01771M20:47:13.939","01771 20:35:14",209.59,869.77,,,,"     ",5.30,96.20,4.53
1771,554742838,"01771M20:47:14.912","01771 20:35:15",209.57,869.71,,,,"     ",5.30,95.65,4.51
1771,554742839,"01771M20:47:15.886","01771 20:35:16",209.55,869.64,,,,"     ",5.30,95.91,4.52
1771,554742840,"01771M20:47:16.859","01771 20:35:17",209.53,869.69,,,,"     ",5.30,96.04,4.53
1771,554742841,"01771M20:47:17.832","01771 20:35:18",209.50,869.63,,,,"     ",5.30,95.92,4.52
1771,554742842,"01771M20:47:18.805","01771 20:35:19",209.48,869.74,,,,"     ",5.30,95.91,4.52
1771,554742843,"01771M20:47:19.779","01771 20:35:20",209.47,869.69,,,,"     ",5.30,96.33,4.55
1771,554742844,"01771M20:47:20.752","01771 20:35:21",209.45,869.81,,,,"     ",5.30,95.86,4.52
1771,554742845,"01771M20:47:21.725","01771 20:35:22",209.45,869.78,,,,"     ",5.30,96.51,4.56
1771,554742846,"01771M20:47:22.698","01771 20:35:23",209.45,869.82,,,,"     ",5.30,95.64,4.52
1771,554742847,"01771M20:47:23.672","01771 20:35:24",209.45,869.78,,,,"     ",5.30,96.02,4.54
1771,554742848,"01771M20:47:24.645","01771 20:35:25",209.46,869.84,,,,"     ",5.30,95.78,4.52
1771,554742849,"01771M20:47:25.618","01771 20:35:26",209.47,869.82,,,,"     ",5.30,95.95,4.54
1771,554742850,"01771M20:47:26.591","01771 20:35:27",209.48,869.76,,,,"     ",5.30,96.02,4.54
1771,554742851,"01771M20:47:27.565","01771 20:35:28",209.49,869.78,,,,"     ",5.30,95.58,4.52
1771,554742852,"01771M20:47:28.538","01771 20:35:29",209.50,869.68,,,,"     ",5.30,96.00,4.54
1771,554742853,"01771M20:47:29.511","01771 20:35:30",209.52,869.71,,,,"     ",5.30,95.96,4.54
1771,554742854,"01771M20:47:30.484","01771 20:35:31",209.54,869.71,,,,"     ",5.30,95.92,4.54
1771,554742855,"01771M20:47:31.458","01771 20:35:32",209.56,869.71,,,,"     ",5.30,95.82,4.53
1771,554742856,"01771M20:47:32.431","01771 20:35:33",209.59,869.71,,,,"     ",5.30,95.68,4.53
1771,554742857,"01771M20:47:33.404","01771 20:35:34",209.61,869.81,,,,"     ",5.30,95.98,4.55
1771,554742858,"01771M20:47:34.377","01771 20:35:35",209.63,869.80,,,,"     ",5.30,95.57,4.52
1771,554742859,"01771M20:47:35.351","01771 20:35:36",209.65,869.80,,,,"     ",5.30,95.71,4.53
1771,554742860,"01771M20:47:36.324","01771 20:35:37",209.67,869.79,,,,"     ",5.30,95.59,4.53
1771,554742861,"01771M20:47:37.297","01771 20:35:37",209.69,869.79,,,,"     ",5.30,95.59,4.53
1771,554742862,"01771M20:47:38.270","01771 20:35:38",209.71,869.82,,,,"     ",5.30,95.11,4.51
1771,554742863,"01771M20:47:39.244","01771 20:35:39",209.71,869.73,,,,"     ",5.30,95.83,4.54
1771,554742864,"01771M20:47:40.217","01771 20:35:40",209.71,869.73,,,,"     ",5.30,95.68,4.54
1771,554742865,"01771M20:47:41.190","01771 20:35:41",209.71,869.78,,,,"     ",5.30,95.00,4.50
1771,554742866,"01771M20:47:42.164","01771 20:35:42",209.70,869.87,,,,"     ",5.30,95.76,4.54
1771,554742867,"01771M20:47:43.137","01771 20:35:43",209.69,869.86,,,,"     ",5.30,95.25,4.52
1771,554742868,"01771M20:47:44.110","01771 20:35:44",209.68,869.80,,,,"     ",5.30,95.16,4.51
1771,554742869,"01771M20:47:45.083","01771 20:35:45",209.67,869.85,,,,"     ",5.30,95.16,4.52
1771,554742870,"01771M20:47:46.057","01771 20:35:46",209.67,869.76,,,,"     ",5.30,95.11,4.51
1771,554742871,"01771M20:47:47.030","01771 20:35:47",209.67,869.78,,,,"     ",5.30,95.57,4.54
1771,554742872,"01771M20:47:48.003","01771 20:35:48",209.69,869.76,,,,"     ",5.30,94.72,4.50
1771,554742873,"01771M20:47:48.976","01771 20:35:49",209.70,869.88,,,,"     ",5.30,95.30,4.53
1771,554742874,"01771M20:47:49.950","01771 20:35:50",209.72,869.87,,,,"     ",5.30,94.99,4.51
1771,554742875,"01771M20:47:50.923","01771 20:35:51",209.74,869.80,,,,"     ",5.30,95.10,4.52
1771,554742876,"01771M20:47:51.896","01771 20:35:52",209.75,869.83,,,,"     ",5.30,95.47,4.54
1771,554742877,"01771M20:47:52.869","01771 20:35:53",209.75,869.81,,,,"     ",5.30,95.53,4.54
1771,554742878,"01771M20:47:53.843","01771 20:35:54",209.75,869.81,,,,"     ",5.30,95.02,4.52
1771,554742879,"01771M20:47:54.816","01771 20:35:55",209.75,869.79,,,,"     ",5.30,94.99,4.52
1771,554742880,"01771M20:47:55.789","01771 20:35:56",209.74,869.79,,,,"     ",5.30,95.03,4.52
1771,554742881,"01771M20:47:56.762","01771 20:35:57",209.73,869.82,,,,"     ",5.30,94.85,4.51
1771,554742882,"01771M20:47:57.736","01771 20:35:58",209.72,869.79,,,,"     ",5.30,94.95,4.52
1771,554742883,"01771M20:47:58.709","01771 20:35:59",209.69,869.79,,,,"     ",5.30,95.14,4.53
1771,554742884,"01771M20:47:59.682","01771 20:36:00",209.66,869.83,,,,"     ",5.30,95.02,4.53
1771,554742885,"01771M20:48:00.655","01771 20:36:01",209.63,869.83,,,,"     ",5.30,94.25,4.49
1771,554742886,"01771M20:48:01.629","01771 20:36:02",209.58,869.83,,,,"     ",5.30,94.81,4.52
1771,554742887,"01771M20:48:02.602","01771 20:36:03",209.53,869.78,,,,"     ",5.30,94.49,4.50
1771,554742888,"01771M20:48:03.575","01771 20:36:04",209.48,869.83,,,,"     ",5.30,94.60,4.51
1771,554742889,"01771M20:48:04.548","01771 20:36:05",209.43,869.87,,,,"     ",5.30,94.88,4.52
1771,554742890,"01771M20:48:05.522","01771 20:36:06",209.38,869.80,,,,"     ",5.30,94.36,4.50
1771,554742891,"01771M20:48:06.495","01771 20:36:07",209.35,869.85,,,,"     ",5.30,94.84,4.52
1771,554742892,"01771M20:48:07.468","01771 20:36:08",209.33,869.79,,,,"     ",5.30,94.35,4.50
1771,554742893,"01771M20:48:08.441","01771 20:36:09",209.32,869.83,,,,"     ",5.30,95.02,4.53
1771,554742894,"01771M20:48:09.415","01771 20:36:10",209.31,869.82,,,,"     ",5.30,94.44,4.50
1771,554742895,"01771M20:48:10.388","01771 20:36:11",209.30,869.78,,,,"     ",5.30,94.57,4.51
1771,554742896,"01771M20:48:11.361","01771 20:36:12",209.28,869.79,,,,"     ",5.30,94.52,4.51
1771,554742897,"01771M20:48:12.334","01771 20:36:13",209.26,869.85,,,,"     ",5.30,94.71,4.52
1771,554742898,"01771M20:48:13.308","01771 20:36:14",209.23,869.78,,,,"     ",5.30,94.01,4.49
1771,554742899,"01771M20:48:14.281","01771 20:36:14",209.21,869.82,,,,"     ",5.30,94.90,4.53
1771,554742900,"01771M20:48:15.254","01771 20:36:15",209.19,869.79,,,,"     ",5.30,94.75,4.53
1771,554742901,"01771M20:48:16.227","01771 20:36:16",209.17,869.88,,,,"     ",5.30,94.83,4.53
1771,554742902,"01771M20:48:17.201","01771 20:36:17",209.15,869.83,,,,"     ",5.30,94.38,4.51
1771,554742903,"01771M20:48:18.174","01771 20:36:18",209.12,869.87,,,,"     ",5.30,95.12,4.55
1771,554742904,"01771M20:48:19.147","01771 20:36:19",209.09,869.88,,,,"     ",5.30,94.57,4.52
1771,554742905,"01771M20:48:20.120","01771 20:36:20",209.04,869.81,,,,"     ",5.30,94.27,4.51
1771,554742906,"01771M20:48:21.094","01771 20:36:21",208.99,869.87,,,,"     ",5.30,94.36,4.51
1771,554742907,"01771M20:48:22.067","01771 20:36:22",208.94,869.85,,,,"     ",5.30,94.65,4.53
1771,554742908,"01771M20:48:23.040","01771 20:36:23",208.90,869.85,,,,"     ",5.30,94.46,4.52
1771,554742909,"01771M20:48:24.013","01771 20:36:24",208.87,869.78,,,,"     ",5.30,94.90,4.54
1771,554742910,"01771M20:48:24.987","01771 20:36:25",208.85,869.90,,,,"     ",5.30,94.03,4.50
1771,554742911,"01771M20:48:25.960","01771 20:36:26",208.84,869.84,,,,"     ",5.30,94.11,4.50
1771,554742912,"01771M20:48:26.933","01771 20:36:27",208.85,869.87,,,,"     ",5.30,94.53,4.52
1771,554742913,"01771M20:48:27.906","01771 20:36:28",208.87,869.82,,,,"     ",5.30,94.94,4.54
1771,554742914,"01771M20:48:28.880","01771 20:36:29",208.90,869.88,,,,"     ",5.30,94.45,4.52
1771,554742915,"01771M20:48:29.853","01771 20:36:30",208.95,869.93,,,,"     ",5.30,94.41,4.52
1771,554742916,"01771M20:48:30.826","01771 20:36:31",209.01,869.94,,,,"     ",5.30,94.32,4.52
1771,554742917,"01771M20:48:31.799","01771 20:36:32",209.09,869.95,,,,"     ",5.30,94.17,4.51
1771,554742918,"01771M20:48:32.773","01771 20:36:33",209.17,869.93,,,,"     ",5.30,94.67,4.54
1771,554742919,"01771M20:48:33.746","01771 20:36:34",209.27,869.88,,,,"     ",5.30,94.89,4.55
1771,554742920,"01771M20:48:34.719","01771 20:36:35",209.36,869.92,,,,"     ",5.30,94.24,4.51
1771,554742921,"01771M20:48:35.692","01771 20:36:36",209.46,869.90,,,,"     ",5.30,94.89,4.55
1771,554742922,"01771M20:48:36.666","01771 20:36:37",209.55,869.86,,,,"     ",5.30,94.22,4.51
1771,554742923,"01771M20:48:37.639","01771 20:36:38",209.64,869.86,,,,"     ",5.30,93.82,4.49
1771,554742924,"01771M20:48:38.612","01771 20:36:39",209.71,869.90,,,,"     ",5.30,94.75,4.54
1771,554742925,"01771M20:48:39.585","01771 20:36:40",209.75,869.90,,,,"     ",5.30,94.75,4.54
1771,554742926,"01771M20:48:40.559","01771 20:36:41",209.78,869.81,,,,"     ",5.30,94.73,4.54
1771,554742927,"01771M20:48:41.532","01771 20:36:42",209.77,869.85,,,,"     ",5.30,94.91,4.55
1771,554742928,"01771M20:48:42.505","01771 20:36:43",209.75,869.76,,,,"     ",5.30,94.37,4.52
1771,554742929,"01771M20:48:43.478","01771 20:36:44",209.70,869.87,,,,"     ",5.30,94.00,4.51
1771,554742930,"01771M20:48:44.452","01771 20:36:45",209.65,869.93,,,,"     ",5.30,94.67,4.54
1771,554742931,"01771M20:48:45.425","01771 20:36:46",209.57,869.94,,,,"     ",5.30,93.78,4.50
1771,554742932,"01771M20:48:46.398","01771 20:36:47",209.49,869.95,,,,"     ",5.30,93.72,4.49
1771,554742933,"01771M20:48:47.371","01771 20:36:48",209.38,869.98,,,,"     ",5.30,94.03,4.51
1771,554742934,"01771M20:48:48.345","01771 20:36:49",209.29,869.99,,,,"     ",5.30,94.42,4.53
1771,554742935,"01771M20:48:49.318","01771 20:36:50",209.20,870.00,,,,"     ",5.30,93.87,4.50
1771,554742936,"01771M20:48:50.291","01771 20:36:50",209.13,869.95,,,,"     ",5.30,93.91,4.51
1771,554742937,"01771M20:48:51.264","01771 20:36:51",209.08,869.97,,,,"     ",5.30,94.55,4.54
1771,554742938,"01771M20:48:52.238","01771 20:36:52",209.05,869.88,,,,"     ",5.30,94.11,4.52
1771,554742939,"01771M20:48:53.211","01771 20:36:53",209.04,869.99,,,,"     ",5.30,93.61,4.49
1771,554742940,"01771M20:48:54.184","01771 20:36:54",209.04,869.94,,,,"     ",5.30,94.59,4.54
1771,554742941,"01771M20:48:55.158","01771 20:36:55",209.04,870.04,,,,"     ",5.30,94.58,4.54
1771,554742942,"01771M20:48:56.131","01771 20:36:56",209.05,869.99,,,,"     ",5.30,94.44,4.54
1771,554742943,"01771M20:48:57.104","01771 20:36:57",209.06,869.95,,,,"     ",5.30,94.27,4.53
1771,554742944,"01771M20:48:58.077","01771 20:36:58",209.08,869.96,,,,"     ",5.30,94.53,4.54
1771,554742945,"01771M20:48:59.051","01771 20:36:59",209.10,869.90,,,,"     ",5.30,94.52,4.54
1771,554742946,"01771M20:49:00.024","01771 20:37:00",209.12,869.91,,,,"     ",5.30,93.90,4.51
1771,554742947,"01771M20:49:00.997","01771 20:37:01",209.13,869.95,,,,"     ",5.30,94.03,4.52
1771,554742948,"01771M20:49:01.970","01771 20:37:02",209.13,869.89,,,,"     ",5.30,94.06,4.52
1771,554742949,"01771M20:49:02.944","01771 20:37:03",209.13,869.90,,,,"     ",5.30,94.09,4.52
1771,554742950,"01771M20:49:03.917","01771 20:37:04",209.14,869.93,,,,"     ",5.30,94.10,4.52
1771,554742951,"01771M20:49:04.890","01771 20:37:05",209.16,869.95,,,,"     ",5.30,94.44,4.54
1771,554742952,"01771M20:49:05.863","01771 20:37:06",209.17,869.95,,,,"     ",5.30,94.16,4.53
1771,554742953,"01771M20:49:06.837","01771 20:37:07",209.19,869.90,,,,"     ",5.30,93.96,4.52
1771,554742954,"01771M20:49:07.810","01771 20:37:08",209.20,869.90,,,,"     ",5.30,94.26,4.53
1771,554742955,"01771M20:49:08.783","01771 20:37:09",209.21,869.95,,,,"     ",5.30,93.89,4.51
1771,554742956,"01771M20:49:09.756","01771 20:37:10",209.22,869.92,,,,"     ",5.30,94.79,4.56
1771,554742957,"01771M20:49:10.730","01771 20:37:11",209.24,869.96,,,,"     ",5.30,94.20,4.53
1771,554742958,"01771M20:49:11.703","01771 20:37:12",209.27,869.89,,,,"     ",5.30,94.18,4.53
1771,554742959,"01771M20:49:12.676","01771 20:37:13",209.33,869.97,,,,"     ",5.30,94.33,4.54
1771,554742960,"01771M20:49:13.649","01771 20:37:14",209.40,869.98,,,,"     ",5.30,94.42,4.54
1771,554742961,"01771M20:49:14.623","01771 20:37:15",209.48,870.06,,,,"     ",5.30,93.87,4.52
1771,554742962,"01771M20:49:15.596","01771 20:37:16",209.57,869.94,,,,"     ",5.30,94.10,4.53
1771,554742963,"01771M20:49:16.569","01771 20:37:17",209.65,869.99,,,,"     ",5.30,94.16,4.53
1771,554742964,"01771M20:49:17.542","01771 20:37:18",209.73,869.98,,,,"     ",5.30,94.09,4.53
1771,554742965,"01771M20:49:18.516","01771 20:37:19",209.79,870.03,,,,"     ",5.30,94.43,4.55
1771,554742966,"01771M20:49:19.489","01771 20:37:20",209.84,869.97,,,,"     ",5.30,93.64,4.51
1771,554742967,"01771M20:49:20.462","01771 20:37:21",209.86,870.02,,,,"     ",5.30,94.44,4.55
1771,554742968,"01771M20:49:21.435","01771 20:37:22",209.86,869.98,,,,"     ",5.30,95.08,4.58
1771,554742969,"01771M20:49:22.409","01771 20:37:23",209.84,869.94,,,,"     ",5.30,94.40,4.55
1771,554742970,"01771M20:49:23.382","01771 20:37:24",209.79,870.03,,,,"     ",5.30,94.26,4.54
1771,554742971,"01771M20:49:24.355","01771 20:37:25",209.73,870.05,,,,"     ",5.30,94.39,4.55
1771,554742972,"01771M20:49:25.328","01771 20:37:26",209.67,869.98,,,,"     ",5.30,94.00,4.53
1771,554742973,"01771M20:49:26.302","01771 20:37:27",209.62,870.01,,,,"     ",5.30,93.79,4.52
1771,554742974,"01771M20:49:27.275","01771 20:37:27",209.57,869.93,,,,"     ",5.30,94.25,4.54
1771,554742975,"01771M20:49:28.248","01771 20:37:28",209.52,870.02,,,,"     ",5.30,93.57,4.51
1771,554742976,"01771M20:49:29.221","01771 20:37:29",209.49,869.90,,,,"     ",5.30,94.05,4.54
1771,554742977,"01771M20:49:30.195","01771 20:37:30",209.47,870.00,,,,"     ",5.30,94.07,4.54
1771,554742978,"01771M20:49:31.168","01771 20:37:31",209.46,869.95,,,,"     ",5.30,93.66,4.52
1771,554742979,"01771M20:49:32.141","01771 20:37:32",209.47,869.99,,,,"     ",5.30,94.11,4.54
1771,554742980,"01771M20:49:33.114","01771 20:37:33",209.49,869.96,,,,"     ",5.30,94.08,4.54
1771,554742981,"01771M20:49:34.088","01771 20:37:34",209.52,870.04,,,,"     ",5.30,94.42,4.56
1771,554742982,"01771M20:49:35.061","01771 20:37:35",209.56,869.93,,,,"     ",5.30,94.19,4.55
1771,554742983,"01771M20:49:36.034","01771 20:37:36",209.60,869.95,,,,"     ",5.30,94.00,4.54
1771,554742984,"01771M20:49:37.007","01771 20:37:37",209.65,870.02,,,,"     ",5.30,94.09,4.54
1771,554742985,"01771M20:49:37.981","01771 20:37:38",209.72,870.02,,,,"     ",5.30,93.82,4.53
1771,554742986,"01771M20:49:38.954","01771 20:37:39",209.79,870.04,,,,"     ",5.30,94.03,4.54
1771,554742987,"01771M20:49:39.927","01771 20:37:40",209.86,870.09,,,,"     ",5.30,93.69,4.52
1771,554742988,"01771M20:49:40.900","01771 20:37:41",209.93,870.09,,,,"     ",5.30,94.29,4.56
1771,554742989,"01771M20:49:41.874","01771 20:37:42",209.98,870.06,,,,"     ",5.30,93.68,4.53
1771,554742990,"01771M20:49:42.847","01771 20:37:43",210.01,870.07,,,,"     ",5.30,93.96,4.54
1771,554742991,"01771M20:49:43.820","01771 20:37:44",209.99,870.02,,,,"     ",5.30,93.57,4.52
1771,554742992,"01771M20:49:44.793","01771 20:37:45",209.95,870.12,,,,"     ",5.30,93.02,4.50
1771,554742993,"01771M20:49:45.767","01771 20:37:46",209.87,870.04,,,,"     ",5.30,93.88,4.54
1771,554742994,"01771M20:49:46.740","01771 20:37:47",209.77,870.03,,,,"     ",5.30,94.00,4.55
1771,554742995,"01771M20:49:47.713","01771 20:37:48",209.66,870.09,,,,"     ",5.30,93.39,4.52
1771,554742996,"01771M20:49:48.686","01771 20:37:49",209.55,870.00,,,,"     ",5.30,93.56,4.53
1771,554742997,"01771M20:49:49.660","01771 20:37:50",209.46,870.03,,,,"     ",5.30,93.50,4.52
1771,554742998,"01771M20:49:50.633","01771 20:37:51",209.38,870.05,,,,"     ",5.30,93.96,4.55
1771,554742999,"01771M20:49:51.606","01771 20:37:52",209.32,869.94,,,,"     ",5.30,93.48,4.52
1771,554743000,"01771M20:49:52.579","01771 20:37:53",209.26,869.97,,,,"     ",5.30,93.25,4.52
1771,554743001,"01771M20:49:53.553","01771 20:37:54",209.20,869.98,,,,"     ",5.30,93.62,4.53
1771,554743002,"01771M20:49:54.526","01771 20:37:55",209.13,870.02,,,,"     ",5.30,93.30,4.52
1771,554743003,"01771M20:49:55.499","01771 20:37:56",209.07,870.09,,,,"     ",5.30,93.61,4.53
1771,554743004,"01771M20:49:56.472","01771 20:37:57",209.00,870.01,,,,"     ",5.30,93.68,4.54
1771,554743005,"01771M20:49:57.446","01771 20:37:58",208.94,870.09,,,,"     ",5.30,93.44,4.53
1771,554743006,"01771M20:49:58.419","01771 20:37:59",208.88,869.99,,,,"     ",5.30,93.69,4.54
1771,554743007,"01771M20:49:59.392","01771 20:38:00",208.83,870.06,,,,"     ",5.30,93.60,4.54
1771,554743008,"01771M20:50:00.365","01771 20:38:01",208.79,870.00,,,,"     ",5.30,94.15,4.57
1771,554743009,"01771M20:50:01.339","01771 20:38:02",208.76,870.04,,,,"     ",5.30,93.12,4.52
1771,554743010,"01771M20:50:02.312","01771 20:38:03",208.74,870.00,,,,"     ",5.30,93.50,4.54
1771,554743011,"01771M20:50:03.285","01771 20:38:04",208.74,870.10,,,,"     ",5.30,93.37,4.53
1771,554743012,"01771M20:50:04.259","01771 20:38:04",208.75,870.14,,,,"     ",5.30,93.70,4.55
1771,554743013,"01771M20:50:05.232","01771 20:38:05",208.78,870.08,,,,"     ",5.30,93.23,4.53
1771,554743014,"01771M20:50:06.205","01771 20:38:06",208.80,870.05,,,,"     ",5.30,93.84,4.56
1771,554743015,"01771M20:50:07.178","01771 20:38:07",208.83,870.11,,,,"     ",5.30,93.62,4.55
1771,554743016,"01771M20:50:08.152","01771 20:38:08",208.86,870.06,,,,"     ",5.30,93.72,4.55
1771,554743017,"01771M20:50:09.125","01771 20:38:09",208.89,870.10,,,,"     ",5.30,93.87,4.56
1771,554743018,"01771M20:50:10.098","01771 20:38:10",208.93,870.01,,,,"     ",5.30,94.22,4.58
1771,554743019,"01771M20:50:11.071","01771 20:38:11",208.97,870.03,,,,"     ",5.30,93.58,4.55
1771,554743020,"01771M20:50:12.045","01771 20:38:12",209.04,869.93,,,,"     ",5.30,93.26,4.53
1771,554743021,"01771M20:50:13.018","01771 20:38:13",209.12,869.94,,,,"     ",5.30,93.94,4.57
1771,554743022,"01771M20:50:13.991","01771 20:38:14",209.21,870.06,,,,"     ",5.30,93.15,4.53
1771,554743023,"01771M20:50:14.964","01771 20:38:15",209.31,869.99,,,,"     ",5.30,93.43,4.54
1771,554743024,"01771M20:50:15.938","01771 20:38:16",209.42,869.99,,,,"     ",5.30,93.34,4.54
1771,554743025,"01771M20:50:16.911","01771 20:38:17",209.54,870.02,,,,"     ",5.30,93.76,4.56
1771,554743026,"01771M20:50:17.884","01771 20:38:18",209.65,870.10,,,,"     ",5.30,94.00,4.58
1771,554743027,"01771M20:50:18.857","01771 20:38:19",209.77,870.07,,,,"     ",5.30,93.24,4.54
1771,554743028,"01771M20:50:19.831","01771 20:38:20",209.85,870.12,,,,"     ",5.30,93.33,4.54
1771,554743029,"01771M20:50:20.804","01771 20:38:21",209.91,870.10,,,,"     ",5.30,92.83,4.52
1771,554743030,"01771M20:50:21.777","01771 20:38:22",209.95,870.11,,,,"     ",5.30,94.05,4.58
1771,554743031,"01771M20:50:22.750","01771 20:38:23",209.99,870.18,,,,"     ",5.30,93.33,4.55
1771,554743032,"01771M20:50:23.724","01771 20:38:24",210.03,870.11,,,,"     ",5.30,93.47,4.55
1771,554743033,"01771M20:50:24.697","01771 20:38:25",210.06,870.10,,,,"     ",5.30,93.63,4.56
1771,554743034,"01771M20:50:25.670","01771 20:38:26",210.09,870.07,,,,"     ",5.30,93.66,4.56
1771,554743035,"01771M20:50:26.643","01771 20:38:27",210.11,870.06,,,,"     ",5.30,92.94,4.53
1771,554743036,"01771M20:50:27.617","01771 20:38:28",210.13,870.09,,,,"     ",5.30,93.27,4.54
1771,554743037,"01771M20:50:28.590","01771 20:38:29",210.14,870.06,,,,"     ",5.30,93.29,4.55
1771,554743038,"01771M20:50:29.563","01771 20:38:30",210.15,870.08,,,,"     ",5.30,93.47,4.56
1771,554743039,"01771M20:50:30.536","01771 20:38:31",210.15,870.09,,,,"     ",5.30,93.77,4.57
1771,554743040,"01771M20:50:31.510","01771 20:38:32",210.14,870.17,,,,"     ",5.30,93.25,4.55
1771,554743041,"01771M20:50:32.483","01771 20:38:33",210.13,870.13,,,,"     ",5.30,93.77,4.57
1771,554743042,"01771M20:50:33.456","01771 20:38:34",210.11,870.11,,,,"     ",5.30,93.08,4.54
1771,554743043,"01771M20:50:34.429","01771 20:38:35",210.09,870.12,,,,"     ",5.30,93.21,4.55
1771,554743044,"01771M20:50:35.403","01771 20:38:36",210.06,870.09,,,,"     ",5.30,93.70,4.57
1771,554743045,"01771M20:50:36.376","01771 20:38:37",210.02,870.10,,,,"     ",5.30,93.66,4.57
1771,554743046,"01771M20:50:37.349","01771 20:38:38",209.98,870.08,,,,"     ",5.30,93.25,4.55
1771,554743047,"01771M20:50:38.322","01771 20:38:39",209.93,870.11,,,,"     ",5.30,93.60,4.57
1771,554743048,"01771M20:50:39.296","01771 20:38:40",210.24,870.17,,,,"     ",5.30,93.34,4.56
1771,554743049,"01771M20:50:40.269","01771 20:38:41",210.24,870.08,,,,"     ",5.30,93.76,4.58
1771,554743050,"01771M20:50:41.242","01771 20:38:41",210.22,870.05,,,,"     ",5.30,92.66,4.52
1771,554743051,"01771M20:50:42.215","01771 20:38:42",210.21,870.07,,,,"     ",5.30,93.44,4.56
1771,554743052,"01771M20:50:43.189","01771 20:38:43",210.19,870.15,,,,"     ",5.30,93.28,4.56
1771,554743053,"01771M20:50:44.162","01771 20:38:44",210.16,870.05,,,,"     ",5.30,93.39,4.56
1771,554743054,"01771M20:50:45.135","01771 20:38:45",210.13,870.12,,,,"     ",5.30,92.99,4.54
1771,554743055,"01771M20:50:46.108","01771 20:38:46",210.09,870.11,,,,"     ",5.30,92.75,4.53
1771,554743056,"01771M20:50:47.082","01771 20:38:47",210.05,870.13,,,,"     ",5.30,92.75,4.53
1771,554743057,"01771M20:50:48.055","01771 20:38:48",210.01,870.15,,,,"     ",5.30,93.48,4.57
1771,554743058,"01771M20:50:49.028","01771 20:38:49",209.96,870.16,,,,"     ",5.30,93.27,4.56
1771,554743059,"01771M20:50:50.001","01771 20:38:50",209.91,870.13,,,,"     ",5.30,93.18,4.55
1771,554743060,"01771M20:50:50.975","01771 20:38:51",209.85,870.05,,,,"     ",5.30,93.10,4.55
1771,554743061,"01771M20:50:51.948","01771 20:38:52",209.79,870.06,,,,"     ",5.30,93.25,4.56
1771,554743062,"01771M20:50:52.921","01771 20:38:53",209.72,870.13,,,,"     ",5.30,92.71,4.53
1771,554743063,"01771M20:50:53.894","01771 20:38:54",209.65,870.13,,,,"     ",5.30,92.71,4.53
1771,554743064,"01771M20:50:54.868","01771 20:38:55",209.56,870.14,,,,"     ",5.30,92.71,4.53
1771,554743065,"01771M20:50:55.841","01771 20:38:56",209.47,870.10,,,,"     ",5.30,92.53,4.52
1771,554743066,"01771M20:50:56.814","01771 20:38:57",209.37,870.12,,,,"     ",5.30,92.38,4.52
1771,554743067,"01771M20:50:57.787","01771 20:38:58",209.27,870.10,,,,"     ",5.30,92.41,4.52
1771,554743068,"01771M20:50:58.761","01771 20:38:59",209.18,870.18,,,,"     ",5.30,92.64,4.53
1771,554743069,"01771M20:50:59.734","01771 20:39:00",209.14,870.17,,,,"     ",5.30,92.68,4.54
1771,554743070,"01771M20:51:00.707","01771 20:39:01",209.11,870.16,,,,"     ",5.30,92.78,4.54
1771,554743071,"01771M20:51:01.680","01771 20:39:02",209.08,870.11,,,,"     ",5.30,92.51,4.53
1771,554743072,"01771M20:51:02.654","01771 20:39:03",209.05,870.07,,,,"     ",5.30,92.70,4.54
1771,554743073,"01771M20:51:03.627","01771 20:39:04",209.03,870.10,,,,"     ",5.30,92.72,4.54
1771,554743074,"01771M20:51:04.600","01771 20:39:05",208.99,870.13,,,,"     ",5.30,92.61,4.53
1771,554743075,"01771M20:51:05.573","01771 20:39:06",208.95,870.08,,,,"     ",5.30,92.55,4.53
1771,554743076,"01771M20:51:06.547","01771 20:39:07",208.90,870.22,,,,"     ",5.30,92.03,4.50
1771,554743077,"01771M20:51:07.520","01771 20:39:08",208.84,870.16,,,,"     ",5.30,92.57,4.53
1771,554743078,"01771M20:51:08.493","01771 20:39:09",208.78,870.16,,,,"     ",5.30,92.73,4.54
1771,554743079,"01771M20:51:09.466","01771 20:39:10",208.73,870.13,,,,"     ",5.30,92.70,4.54
1771,554743080,"01771M20:51:10.440","01771 20:39:11",208.69,870.10,,,,"     ",5.30,91.77,4.49
1771,554743081,"01771M20:51:11.413","01771 20:39:12",208.67,870.06,,,,"     ",5.30,92.71,4.54
1771,554743082,"01771M20:51:12.386","01771 20:39:13",208.68,870.19,,,,"     ",5.30,91.85,4.50
1771,554743083,"01771M20:51:13.360","01771 20:39:14",208.71,870.16,,,,"     ",5.30,91.70,4.49
1771,554743084,"01771M20:51:14.333","01771 20:39:15",208.74,870.09,,,,"     ",5.30,92.21,4.52
1771,554743085,"01771M20:51:15.306","01771 20:39:16",208.77,870.20,,,,"     ",5.30,91.80,4.50
1771,554743086,"01771M20:51:16.279","01771 20:39:17",208.79,870.20,,,,"     ",5.30,91.47,4.48
1771,554743087,"01771M20:51:17.253","01771 20:39:17",208.81,870.11,,,,"     ",5.30,92.08,4.51
1771,554743088,"01771M20:51:18.226","01771 20:39:18",208.84,870.17,,,,"     ",5.30,91.44,4.48
1771,554743089,"01771M20:51:19.199","01771 20:39:19",208.88,870.16,,,,"     ",5.30,91.96,4.51
1771,554743090,"01771M20:51:20.172","01771 20:39:20",208.94,870.20,,,,"     ",5.30,91.72,4.50
1771,554743091,"01771M20:51:21.146","01771 20:39:21",209.01,870.27,,,,"     ",5.30,91.66,4.49
1771,554743092,"01771M20:51:22.119","01771 20:39:22",209.09,870.21,,,,"     ",5.30,91.78,4.50
1771,554743093,"01771M20:51:23.092","01771 20:39:23",209.17,870.17,,,,"     ",5.30,91.97,4.51
1771,554743094,"01771M20:51:24.065","01771 20:39:24",209.24,870.17,,,,"     ",5.30,91.88,4.50
1771,554743095,"01771M20:51:25.039","01771 20:39:25",209.30,870.18,,,,"     ",5.30,91.46,4.48
1771,554743096,"01771M20:51:26.012","01771 20:39:26",209.35,870.18,,,,"     ",5.30,91.61,4.49
1771,554743097,"01771M20:51:26.985","01771 20:39:27",209.38,870.20,,,,"     ",5.30,91.40,4.48
1771,554743098,"01771M20:51:27.958","01771 20:39:28",209.40,870.26,,,,"     ",5.30,91.28,4.48
1771,554743099,"01771M20:51:28.932","01771 20:39:29",209.39,870.23,,,,"     ",5.30,90.92,4.46
1771,554743100,"01771M20:51:29.905","01771 20:39:30",209.37,870.21,,,,"     ",5.30,91.23,4.48
1771,554743101,"01771M20:51:30.878","01771 20:39:31",209.33,870.21,,,,"     ",5.30,90.45,4.44
1771,554743102,"01771M20:51:31.851","01771 20:39:32",209.29,870.22,,,,"     ",5.30,91.11,4.47
1771,554743103,"01771M20:51:32.825","01771 20:39:33",209.25,870.18,,,,"     ",5.30,91.27,4.48
1771,554743104,"01771M20:51:33.798","01771 20:39:34",209.21,870.30,,,,"     ",5.30,90.90,4.46
1771,554743105,"01771M20:51:34.771","01771 20:39:35",209.18,870.15,,,,"     ",5.30,90.44,4.44
1771,554743106,"01771M20:51:35.744","01771 20:39:36",209.15,870.17,,,,"     ",5.30,90.76,4.45
1771,554743107,"01771M20:51:36.718","01771 20:39:37",209.13,870.10,,,,"     ",5.30,90.80,4.46
1771,554743108,"01771M20:51:37.691","01771 20:39:38",209.13,870.11,,,,"     ",5.30,90.44,4.44
1771,554743109,"01771M20:51:38.664","01771 20:39:39",209.13,870.08,,,,"     ",5.30,90.84,4.46
1771,554743110,"01771M20:51:39.637","01771 20:39:40",209.14,870.17,,,,"     ",5.30,89.96,4.41
1771,554743111,"01771M20:51:40.611","01771 20:39:41",209.15,870.15,,,,"     ",5.30,90.20,4.43
1771,554743112,"01771M20:51:41.584","01771 20:39:42",209.15,870.25,,,,"     ",5.30,90.73,4.45
1771,554743113,"01771M20:51:42.557","01771 20:39:43",209.14,870.29,,,,"     ",5.30,90.19,4.43
1771,554743114,"01771M20:51:43.530","01771 20:39:44",209.12,870.24,,,,"     ",5.30,91.13,4.48
1771,554743115,"01771M20:51:44.504","01771 20:39:45",209.09,870.23,,,,"     ",5.30,91.13,4.48
1771,554743116,"01771M20:51:45.477","01771 20:39:46",209.07,870.23,,,,"     ",5.30,90.69,4.45
1771,554743117,"01771M20:51:46.450","01771 20:39:47",209.04,870.26,,,,"     ",5.30,90.44,4.44
1771,554743118,"01771M20:51:47.423","01771 20:39:48",209.03,870.27,,,,"     ",5.30,90.81,4.46
1771,554743119,"01771M20:51:48.397","01771 20:39:49",209.03,870.16,,,,"     ",5.30,91.00,4.47
1771,554743120,"01771M20:51:49.370","01771 20:39:50",209.05,870.23,,,,"     ",5.30,90.87,4.47
1771,554743121,"01771M20:51:50.343","01771 20:39:51",209.07,870.22,,,,"     ",5.30,90.00,4.42
1771,554743122,"01771M20:51:51.316","01771 20:39:52",209.10,870.23,,,,"     ",5.30,90.36,4.44
1771,554743123,"01771M20:51:52.290","01771 20:39:53",209.13,870.16,,,,"     ",5.30,90.38,4.44
1771,554743124,"01771M20:51:53.263","01771 20:39:54",209.15,870.23,,,,"     ",5.30,90.67,4.46
1771,554743125,"01771M20:51:54.236","01771 20:39:54",209.19,870.18,,,,"     ",5.30,90.43,4.44
1771,554743126,"01771M20:51:55.209","01771 20:39:55",209.23,870.26,,,,"     ",5.30,90.13,4.43
1771,554743127,"01771M20:51:56.183","01771 20:39:56",209.26,870.16,,,,"     ",5.30,90.14,4.43
1771,554743128,"01771M20:51:57.156","01771 20:39:57",209.30,870.21,,,,"     ",5.30,90.71,4.46
1771,554743129,"01771M20:51:58.129","01771 20:39:58",209.34,870.25,,,,"     ",5.30,89.98,4.42
1771,554743130,"01771M20:51:59.102","01771 20:39:59",209.38,870.24,,,,"     ",5.30,90.14,4.43
1771,554743131,"01771M20:52:00.076","01771 20:40:00",209.43,870.17,,,,"     ",5.30,90.60,4.46
1771,554743132,"01771M20:52:01.049","01771 20:40:01",209.50,870.24,,,,"     ",5.30,90.62,4.46
1771,554743133,"01771M20:52:02.022","01771 20:40:02",209.57,870.22,,,,"     ",5.30,89.88,4.42
1771,554743134,"01771M20:52:02.995","01771 20:40:03",209.64,870.22,,,,"     ",5.30,90.42,4.45
1771,554743135,"01771M20:52:03.969","01771 20:40:04",209.70,870.18,,,,"     ",5.30,89.76,4.42
1771,554743136,"01771M20:52:04.942","01771 20:40:05",209.75,870.21,,,,"     ",5.30,89.79,4.42
1771,554743137,"01771M20:52:05.915","01771 20:40:06",209.78,870.23,,,,"     ",5.30,90.03,4.43
1771,554743138,"01771M20:52:06.888","01771 20:40:07",209.80,870.21,,,,"     ",5.30,90.15,4.44
1771,554743139,"01771M20:52:07.862","01771 20:40:08",209.79,870.30,,,,"     ",5.30,89.69,4.41
1771,554743140,"01771M20:52:08.835","01771 20:40:09",209.78,870.28,,,,"     ",5.30,90.76,4.47
1771,554743141,"01771M20:52:09.808","01771 20:40:10",209.75,870.24,,,,"     ",5.30,90.13,4.44
1771,554743142,"01771M20:52:10.781","01771 20:40:11",209.71,870.23,,,,"     ",5.30,90.16,4.44
1771,554743143,"01771M20:52:11.755","01771 20:40:12",209.66,870.27,,,,"     ",5.30,89.98,4.43
1771,554743144,"01771M20:52:12.728","01771 20:40:13",209.62,870.27,,,,"     ",5.30,90.10,4.44
1771,554743145,"01771M20:52:13.701","01771 20:40:14",209.58,870.22,,,,"     ",5.30,90.02,4.43
1771,554743146,"01771M20:52:14.674","01771 20:40:15",209.55,870.27,,,,"     ",5.30,89.75,4.42
1771,554743147,"01771M20:52:15.648","01771 20:40:16",209.53,870.30,,,,"     ",5.30,90.01,4.43
1771,554743148,"01771M20:52:16.621","01771 20:40:17",209.50,870.33,,,,"     ",5.30,89.62,4.41
1771,554743149,"01771M20:52:17.594","01771 20:40:18",209.48,870.34,,,,"     ",5.30,90.26,4.45
1771,554743150,"01771M20:52:18.567","01771 20:40:19",209.46,870.30,,,,"     ",5.30,89.87,4.43
1771,554743151,"01771M20:52:19.541","01771 20:40:20",209.44,870.30,,,,"     ",5.30,89.91,4.43
1771,554743152,"01771M20:52:20.514","01771 20:40:21",209.42,870.25,,,,"     ",5.30,89.76,4.42
1771,554743153,"01771M20:52:21.487","01771 20:40:22",209.40,870.18,,,,"     ",5.30,89.86,4.43
1771,554743154,"01771M20:52:22.461","01771 20:40:23",209.39,870.17,,,,"     ",5.30,89.96,4.43
1771,554743155,"01771M20:52:23.434","01771 20:40:24",209.39,870.21,,,,"     ",5.30,89.39,4.40
1771,554743156,"01771M20:52:24.407","01771 20:40:25",209.39,870.25,,,,"     ",5.30,89.41,4.41
1771,554743157,"01771M20:52:25.380","01771 20:40:26",209.42,870.30,,,,"     ",5.30,89.68,4.42
1771,554743158,"01771M20:52:26.354","01771 20:40:27",209.45,870.26,,,,"     ",5.30,89.54,4.42
1771,554743159,"01771M20:52:27.327","01771 20:40:28",209.49,870.29,,,,"     ",5.30,89.75,4.43
1771,554743160,"01771M20:52:28.300","01771 20:40:29",209.54,870.24,,,,"     ",5.30,89.39,4.41
1771,554743161,"01771M20:52:29.273","01771 20:40:30",209.58,870.21,,,,"     ",5.30,89.65,4.42
1771,554743162,"01771M20:52:30.247","01771 20:40:31",209.63,870.15,,,,"     ",5.30,89.72,4.43
1771,554743163,"01771M20:52:31.220","01771 20:40:31",209.66,870.27,,,,"     ",5.30,89.52,4.42
1771,554743164,"01771M20:52:32.193","01771 20:40:32",209.70,870.29,,,,"     ",5.30,89.13,4.40
1771,554743165,"01771M20:52:33.166","01771 20:40:33",209.72,870.37,,,,"     ",5.30,89.43,4.42
1771,554743166,"01771M20:52:34.140","01771 20:40:34",209.74,870.31,,,,"     ",5.30,89.38,4.41
1771,554743167,"01771M20:52:35.113","01771 20:40:35",209.75,870.26,,,,"     ",5.30,89.62,4.42
1771,554743168,"01771M20:52:36.086","01771 20:40:36",209.75,870.22,,,,"     ",5.30,89.35,4.41
1771,554743169,"01771M20:52:37.059","01771 20:40:37",209.76,870.18,,,,"     ",5.30,89.90,4.44
1771,554743170,"01771M20:52:38.033","01771 20:40:38",209.76,870.35,,,,"     ",5.30,89.71,4.43
1771,554743171,"01771M20:52:39.006","01771 20:40:39",209.77,870.25,,,,"     ",5.30,90.11,4.45
1771,554743172,"01771M20:52:39.979","01771 20:40:40",209.77,870.28,,,,"     ",5.30,89.54,4.42
1771,554743173,"01771M20:52:40.952","01771 20:40:41",209.78,870.24,,,,"     ",5.30,90.11,4.45
1771,554743174,"01771M20:52:41.926","01771 20:40:42",209.78,870.24,,,,"     ",5.30,90.13,4.45
1771,554743175,"01771M20:52:42.899","01771 20:40:43",209.78,870.31,,,,"     ",5.30,90.31,4.46
1771,554743176,"01771M20:52:43.872","01771 20:40:44",209.78,870.18,,,,"     ",5.30,90.14,4.45
1771,554743177,"01771M20:52:44.845","01771 20:40:45",209.78,870.09,,,,"     ",5.30,89.73,4.43
1771,554743178,"01771M20:52:45.819","01771 20:40:46",209.78,870.18,,,,"     ",5.30,90.83,4.48
1771,554743179,"01771M20:52:46.792","01771 20:40:47",209.77,870.24,,,,"     ",5.30,89.62,4.42
1771,554743180,"01771M20:52:47.765","01771 20:40:48",209.76,870.24,,,,"     ",5.30,90.58,4.47
1771,554743181,"01771M20:52:48.738","01771 20:40:49",209.74,870.28,,,,"     ",5.30,89.94,4.44
1771,554743182,"01771M20:52:49.712","01771 20:40:50",209.72,870.31,,,,"     ",5.30,90.72,4.48
1771,554743183,"01771M20:52:50.685","01771 20:40:51",209.70,870.37,,,,"     ",5.30,89.78,4.43
1771,554743184,"01771M20:52:51.658","01771 20:40:52",209.67,870.32,,,,"     ",5.30,89.76,4.43
1771,554743185,"01771M20:52:52.631","01771 20:40:53",209.65,870.38,,,,"     ",5.30,90.14,4.45
1771,554743186,"01771M20:52:53.605","01771 20:40:54",209.63,870.36,,,,"     ",5.30,89.99,4.44
1771,554743187,"01771M20:52:54.578","01771 20:40:55",209.63,870.33,,,,"     ",5.30,90.14,4.45
1771,554743188,"01771M20:52:55.551","01771 20:40:56",209.63,870.29,,,,"     ",5.30,89.73,4.43
1771,554743189,"01771M20:52:56.524","01771 20:40:57",209.66,870.25,,,,"     ",5.30,90.77,4.48
1771,554743190,"01771M20:52:57.498","01771 20:40:58",209.69,870.22,,,,"     ",5.30,89.88,4.43
1771,554743191,"01771M20:52:58.471","01771 20:40:59",209.75,870.24,,,,"     ",5.30,90.36,4.46
1771,554743192,"01771M20:52:59.444","01771 20:41:00",209.81,870.28,,,,"     ",5.30,90.02,4.44
1771,554743193,"01771M20:53:00.417","01771 20:41:01",209.89,870.27,,,,"     ",5.30,90.35,4.46
1771,554743194,"01771M20:53:01.391","01771 20:41:02",209.97,870.37,,,,"     ",5.30,90.22,4.45
1771,554743195,"01771M20:53:02.364","01771 20:41:03",210.06,870.33,,,,"     ",5.30,89.83,4.43
1771,554743196,"01771M20:53:03.337","01771 20:41:04",210.14,870.31,,,,"     ",5.30,89.81,4.43
1771,554743197,"01771M20:53:04.310","01771 20:41:05",210.22,870.34,,,,"     ",5.30,90.40,4.46
1771,554743198,"01771M20:53:05.284","01771 20:41:06",210.29,870.38,,,,"     ",5.30,89.52,4.41
1771,554743199,"01771M20:53:06.257","01771 20:41:07",210.35,870.37,,,,"     ",5.30,89.89,4.43
1771,554743200,"01771M20:53:07.230","01771 20:41:07",210.41,870.41,,,,"     ",5.30,89.97,4.44
1771,554743201,"01771M20:53:08.203","01771 20:41:08",210.45,870.32,,,,"     ",5.30,90.20,4.45
1771,554743202,"01771M20:53:09.177","01771 20:41:09",210.49,870.37,,,,"     ",5.30,89.71,4.42
1771,554743203,"01771M20:53:10.150","01771 20:41:10",210.50,870.29,,,,"     ",5.30,90.28,4.45
1771,554743204,"01771M20:53:11.123","01771 20:41:11",210.49,870.38,,,,"     ",5.30,90.51,4.46
1771,554743205,"01771M20:53:12.096","01771 20:41:12",210.48,870.40,,,,"     ",5.30,89.44,4.41
1771,554743206,"01771M20:53:13.070","01771 20:41:13",210.45,870.47,,,,"     ",5.30,90.44,4.46
1771,554743207,"01771M20:53:14.043","01771 20:41:14",210.40,870.28,,,,"     ",5.30,90.14,4.45
1771,554743208,"01771M20:53:15.016","01771 20:41:15",210.33,870.33,,,,"     ",5.30,89.54,4.42
1771,554743209,"01771M20:53:15.989","01771 20:41:16",210.25,870.34,,,,"     ",5.30,90.20,4.45
1771,554743210,"01771M20:53:16.963","01771 20:41:17",210.14,870.34,,,,"     ",5.30,89.86,4.43
1771,554743211,"01771M20:53:17.936","01771 20:41:18",210.03,870.32,,,,"     ",5.30,90.40,4.46
1771,554743212,"01771M20:53:18.909","01771 20:41:19",209.92,870.34,,,,"     ",5.30,89.74,4.43
1771,554743213,"01771M20:53:19.882","01771 20:41:20",209.82,870.34,,,,"     ",5.30,89.63,4.42
1771,554743214,"01771M20:53:20.856","01771 20:41:21",209.75,870.34,,,,"     ",5.30,89.72,4.43
1771,554743215,"01771M20:53:21.829","01771 20:41:22",209.70,870.25,,,,"     ",5.30,89.52,4.42
1771,554743216,"01771M20:53:22.802","01771 20:41:23",209.67,870.27,,,,"     ",5.30,89.29,4.40
1771,554743217,"01771M20:53:23.775","01771 20:41:24",209.68,870.32,,,,"     ",5.30,89.37,4.41
1771,554743218,"01771M20:53:24.749","01771 20:41:25",209.70,870.26,,,,"     ",5.30,89.41,4.41
1771,554743219,"01771M20:53:25.722","01771 20:41:26",209.73,870.24,,,,"     ",5.30,89.38,4.41
1771,554743220,"01771M20:53:26.695","01771 20:41:27",209.77,870.26,,,,"     ",5.30,89.43,4.41
1771,554743221,"01771M20:53:27.668","01771 20:41:28",209.79,870.30,,,,"     ",5.30,89.92,4.44
1771,554743222,"01771M20:53:28.642","01771 20:41:29",209.80,870.30,,,,"     ",5.30,89.67,4.43
1771,554743223,"01771M20:53:29.615","01771 20:41:30",209.80,870.29,,,,"     ",5.30,89.41,4.41
1771,554743224,"01771M20:53:30.588","01771 20:41:31",210.62,870.32,,,,"     ",5.30,89.94,4.44
1771,554743225,"01771M20:53:31.562","01771 20:41:32",210.61,870.31,,,,"     ",5.30,89.56,4.42
1771,554743226,"01771M20:53:32.535","01771 20:41:33",210.59,870.33,,,,"     ",5.30,89.03,4.39
1771,554743227,"01771M20:53:33.508","01771 20:41:34",210.58,870.37,,,,"     ",5.30,89.42,4.42
1771,554743228,"01771M20:53:34.481","01771 20:41:35",210.57,870.40,,,,"     ",5.30,89.20,4.41
1771,554743229,"01771M20:53:35.455","01771 20:41:36",210.57,870.38,,,,"     ",5.30,89.12,4.40
1771,554743230,"01771M20:53:36.428","01771 20:41:37",210.59,870.36,,,,"     ",5.30,89.50,4.42
1771,554743231,"01771M20:53:37.401","01771 20:41:38",209.85,870.39,,,,"     ",5.30,89.42,4.42
1771,554743232,"01771M20:53:38.374","01771 20:41:39",209.92,870.32,,,,"     ",5.30,89.19,4.41
1771,554743233,"01771M20:53:39.348","01771 20:41:40",210.01,870.29,,,,"     ",5.30,88.83,4.39
1771,554743234,"01771M20:53:40.321","01771 20:41:41",210.10,870.28,,,,"     ",5.30,89.47,4.42
1771,554743235,"01771M20:53:41.294","01771 20:41:42",210.18,870.35,,,,"     ",5.30,89.37,4.42
1771,554743236,"01771M20:53:42.267","01771 20:41:43",210.25,870.41,,,,"     ",5.30,89.40,4.42
1771,554743237,"01771M20:53:43.241","01771 20:41:44",210.32,870.33,,,,"     ",5.30,88.78,4.39
1771,554743238,"01771M20:53:44.214","01771 20:41:44",210.37,870.36,,,,"     ",5.30,89.26,4.41
1771,554743239,"01771M20:53:45.187","01771 20:41:45",210.40,870.39,,,,"     ",5.30,88.90,4.40
1771,554743240,"01771M20:53:46.160","01771 20:41:46",210.43,870.32,,,,"     ",5.30,89.32,4.42
1771,554743241,"01771M20:53:47.134","01771 20:41:47",210.45,870.33,,,,"     ",5.30,88.85,4.39
1771,554743242,"01771M20:53:48.107","01771 20:41:48",210.47,870.34,,,,"     ",5.30,89.21,4.41
1771,554743243,"01771M20:53:49.080","01771 20:41:49",210.48,870.36,,,,"     ",5.30,89.60,4.43
1771,554743244,"01771M20:53:50.053","01771 20:41:50",210.49,870.42,,,,"     ",5.30,89.02,4.40
1771,554743245,"01771M20:53:51.027","01771 20:41:51",210.48,870.42,,,,"     ",5.30,89.32,4.42
1771,554743246,"01771M20:53:52.000","01771 20:41:52",210.46,870.40,,,,"     ",5.30,89.56,4.43
1771,554743247,"01771M20:53:52.973","01771 20:41:53",210.42,870.36,,,,"     ",5.30,89.25,4.42
1771,554743248,"01771M20:53:53.946","01771 20:41:54",210.35,870.42,,,,"     ",5.30,89.68,4.44
1771,554743249,"01771M20:53:54.920","01771 20:41:55",210.27,870.43,,,,"     ",5.30,89.42,4.42
1771,554743250,"01771M20:53:55.893","01771 20:41:56",210.18,870.35,,,,"     ",5.30,89.01,4.40
1771,554743251,"01771M20:53:56.866","01771 20:41:57",210.08,870.40,,,,"     ",5.30,89.72,4.44
1771,554743252,"01771M20:53:57.839","01771 20:41:58",209.99,870.34,,,,"     ",5.30,89.26,4.42
1771,554743253,"01771M20:53:58.813","01771 20:41:59",209.91,870.39,,,,"     ",5.30,89.55,4.43
1771,554743254,"01771M20:53:59.786","01771 20:42:00",209.85,870.31,,,,"     ",5.30,89.70,4.44
1771,554743255,"01771M20:54:00.759","01771 20:42:01",209.80,870.39,,,,"     ",5.30,88.95,4.40
1771,554743256,"01771M20:54:01.732","01771 20:42:02",209.75,870.42,,,,"     ",5.30,89.73,4.44
1771,554743257,"01771M20:54:02.706","01771 20:42:03",209.71,870.40,,,,"     ",5.30,89.80,4.45
1771,554743258,"01771M20:54:03.679","01771 20:42:04",209.68,870.28,,,,"     ",5.30,89.54,4.43
1771,554743259,"01771M20:54:04.652","01771 20:42:05",209.65,870.44,,,,"     ",5.30,88.33,4.37
1771,554743260,"01771M20:54:05.625","01771 20:42:06",209.63,870.43,,,,"     ",5.30,89.20,4.42
1771,554743261,"01771M20:54:06.599","01771 20:42:07",210.39,870.47,,,,"     ",5.30,89.15,4.42
1771,554743262,"01771M20:54:07.572","01771 20:42:08",210.40,870.39,,,,"     ",5.30,89.12,4.42
1771,554743263,"01771M20:54:08.545","01771 20:42:09",210.42,870.46,,,,"     ",5.30,89.63,4.44
1771,554743264,"01771M20:54:09.518","01771 20:42:10",210.45,870.49,,,,"     ",5.30,88.97,4.41
1771,554743265,"01771M20:54:10.492","01771 20:42:11",210.48,870.43,,,,"     ",5.30,88.94,4.41
1771,554743266,"01771M20:54:11.465","01771 20:42:12",210.52,870.32,,,,"     ",5.30,88.90,4.41
1771,554743267,"01771M20:54:12.438","01771 20:42:13",210.55,870.39,,,,"     ",5.30,89.04,4.41
1771,554743268,"01771M20:54:13.411","01771 20:42:14",210.58,870.43,,,,"     ",5.30,89.25,4.43
1771,554743269,"01771M20:54:14.385","01771 20:42:15",210.60,870.45,,,,"     ",5.30,88.71,4.40
1771,554743270,"01771M20:54:15.358","01771 20:42:16",210.63,870.44,,,,"     ",5.30,88.81,4.40
1771,554743271,"01771M20:54:16.331","01771 20:42:17",210.65,870.48,,,,"     ",5.30,89.23,4.43
1771,554743272,"01771M20:54:17.304","01771 20:42:18",210.66,870.46,,,,"     ",5.30,88.84,4.41
1771,554743273,"01771M20:54:18.278","01771 20:42:19",210.01,870.49,,,,"     ",5.30,88.99,4.41
1771,554743274,"01771M20:54:19.251","01771 20:42:20",210.06,870.43,,,,"     ",5.30,89.51,4.44
1771,554743275,"01771M20:54:20.224","01771 20:42:21",210.10,870.43,,,,"     ",5.30,88.88,4.41
1771,554743276,"01771M20:54:21.197","01771 20:42:21",210.15,870.46,,,,"     ",5.30,88.65,4.40
1771,554743277,"01771M20:54:22.171","01771 20:42:22",210.20,870.46,,,,"     ",5.30,88.59,4.39
1771,554743278,"01771M20:54:23.144","01771 20:42:23",210.25,870.46,,,,"     ",5.30,89.04,4.42
1771,554743279,"01771M20:54:24.117","01771 20:42:24",210.30,870.49,,,,"     ",5.30,88.42,4.39
1771,554743280,"01771M20:54:25.090","01771 20:42:25",210.35,870.41,,,,"     ",5.30,88.90,4.41
1771,554743281,"01771M20:54:26.064","01771 20:42:26",210.39,870.45,,,,"     ",5.30,88.90,4.42
1771,554743282,"01771M20:54:27.037","01771 20:42:27",210.42,870.47,,,,"     ",5.30,89.23,4.43
1771,554743283,"01771M20:54:28.010","01771 20:42:28",210.43,870.41,,,,"     ",5.30,88.73,4.41
1771,554743284,"01771M20:54:28.983","01771 20:42:29",210.43,870.47,,,,"     ",5.30,89.11,4.43
1771,554743285,"01771M20:54:29.957","01771 20:42:30",210.41,870.47,,,,"     ",5.30,89.35,4.44
1771,554743286,"01771M20:54:30.930","01771 20:42:31",210.38,870.43,,,,"     ",5.30,88.71,4.41
1771,554743287,"01771M20:54:31.903","01771 20:42:32",210.35,870.47,,,,"     ",5.30,88.94,4.42
1771,554743288,"01771M20:54:32.876","01771 20:42:33",210.32,870.38,,,,"     ",5.30,88.36,4.39
1771,554743289,"01771M20:54:33.850","01771 20:42:34",210.31,870.40,,,,"     ",5.30,89.13,4.43
1771,554743290,"01771M20:54:34.823","01771 20:42:35",211.02,870.38,,,,"     ",5.30,88.63,4.40
1771,554743291,"01771M20:54:35.796","01771 20:42:36",211.06,870.44,,,,"     ",5.30,89.24,4.44
1771,554743292,"01771M20:54:36.769","01771 20:42:37",211.09,870.32,,,,"     ",5.30,89.08,4.43
1771,554743293,"01771M20:54:37.743","01771 20:42:38",211.12,870.33,,,,"     ",5.30,89.42,4.45
1771,554743294,"01771M20:54:38.716","01771 20:42:39",211.14,870.37,,,,"     ",5.30,89.88,4.47
1771,554743295,"01771M20:54:39.689","01771 20:42:40",211.16,870.38,,,,"     ",5.30,88.96,4.42
1771,554743296,"01771M20:54:40.663","01771 20:42:41",211.18,870.42,,,,"     ",5.30,89.07,4.43
1771,554743297,"01771M20:54:41.636","01771 20:42:42",211.20,870.36,,,,"     ",5.30,89.85,4.47
1771,554743298,"01771M20:54:42.609","01771 20:42:43",211.22,870.45,,,,"     ",5.30,89.91,4.47
1771,554743299,"01771M20:54:43.582","01771 20:42:44",211.24,870.47,,,,"     ",5.30,89.21,4.43
1771,554743300,"01771M20:54:44.556","01771 20:42:45",211.26,870.47,,,,"     ",5.30,89.51,4.45
1771,554743301,"01771M20:54:45.529","01771 20:42:46",211.29,870.40,,,,"     ",5.30,89.77,4.46
1771,554743302,"01771M20:54:46.502","01771 20:42:47",211.32,870.42,,,,"     ",5.30,89.83,4.46
1771,554743303,"01771M20:54:47.475","01771 20:42:48",211.35,870.42,,,,"     ",5.30,89.92,4.47
1771,554743304,"01771M20:54:48.449","01771 20:42:49",211.39,870.47,,,,"     ",5.30,89.55,4.45
1771,554743305,"01771M20:54:49.422","01771 20:42:50",211.43,870.50,,,,"     ",5.30,89.84,4.46
1771,554743306,"01771M20:54:50.395","01771 20:42:51",211.49,870.41,,,,"     ",5.30,90.03,4.47
1771,554743307,"01771M20:54:51.368","01771 20:42:52",211.55,870.44,,,,"     ",5.30,89.99,4.47
1771,554743308,"01771M20:54:52.342","01771 20:42:53",211.61,870.41,,,,"     ",5.30,90.59,4.50
1771,554743309,"01771M20:54:53.315","01771 20:42:54",211.66,870.45,,,,"     ",5.30,89.89,4.46
1771,554743310,"01771M20:54:54.288","01771 20:42:55",211.70,870.45,,,,"     ",5.30,89.70,4.45
1771,554743311,"01771M20:54:55.261","01771 20:42:56",211.72,870.53,,,,"     ",5.30,89.86,4.46
1771,554743312,"01771M20:54:56.235","01771 20:42:57",211.73,870.43,,,,"     ",5.30,90.06,4.47
1771,554743313,"01771M20:54:57.208","01771 20:42:58",211.73,870.48,,,,"     ",5.30,89.61,4.44
1771,554743314,"01771M20:54:58.181","01771 20:42:58",211.71,870.46,,,,"     ",5.30,89.71,4.45
1771,554743315,"01771M20:54:59.154","01771 20:42:59",211.68,870.51,,,,"     ",5.30,89.88,4.46
1771,554743316,"01771M20:55:00.128","01771 20:43:00",211.64,870.42,,,,"     ",5.30,89.22,4.42
1771,554743317,"01771M20:55:01.101","01771 20:43:01",211.61,870.42,,,,"     ",5.30,89.43,4.43
1771,554743318,"01771M20:55:02.074","01771 20:43:02",211.59,870.52,,,,"     ",5.30,89.81,4.45
1771,554743319,"01771M20:55:03.047","01771 20:43:03",211.57,870.49,,,,"     ",5.30,89.66,4.45
1771,554743320,"01771M20:55:04.021","01771 20:43:04",211.55,870.45,,,,"     ",5.30,89.67,4.45
1771,554743321,"01771M20:55:04.994","01771 20:43:05",211.53,870.50,,,,"     ",5.30,89.65,4.44
1771,554743322,"01771M20:55:05.967","01771 20:43:06",211.53,870.49,,,,"     ",5.30,88.74,4.40
1771,554743323,"01771M20:55:06.940","01771 20:43:07",211.52,870.50,,,,"     ",5.30,90.17,4.47
1771,554743324,"01771M20:55:07.914","01771 20:43:08",211.54,870.46,,,,"     ",5.30,89.09,4.41
1771,554743325,"01771M20:55:08.887","01771 20:43:09",211.56,870.47,,,,"     ",5.30,89.39,4.43
1771,554743326,"01771M20:55:09.860","01771 20:43:10",211.58,870.37,,,,"     ",5.30,89.85,4.45
1771,554743327,"01771M20:55:10.833","01771 20:43:11",211.61,870.50,,,,"     ",5.30,89.74,4.45
1771,554743328,"01771M20:55:11.807","01771 20:43:12",211.65,870.50,,,,"     ",5.30,89.60,4.44
1771,554743329,"01771M20:55:12.780","01771 20:43:13",211.68,870.45,,,,"     ",5.30,89.39,4.43
1771,554743330,"01771M20:55:13.753","01771 20:43:14",211.70,870.45,,,,"     ",5.30,89.21,4.42
1771,554743331,"01771M20:55:14.726","01771 20:43:15",211.73,870.51,,,,"     ",5.30,89.45,4.43
1771,554743332,"01771M20:55:15.700","01771 20:43:16",211.75,870.51,,,,"     ",5.30,90.10,4.47
1771,554743333,"01771M20:55:16.673","01771 20:43:17",211.77,870.54,,,,"     ",5.30,89.02,4.41
1771,554743334,"01771M20:55:17.646","01771 20:43:18",211.79,870.47,,,,"     ",5.30,89.72,4.45
1771,554743335,"01771M20:55:18.619","01771 20:43:19",211.80,870.53,,,,"     ",5.30,89.38,4.43
1771,554743336,"01771M20:55:19.593","01771 20:43:20",211.78,870.49,,,,"     ",5.30,89.86,4.45
1771,554743337,"01771M20:55:20.566","01771 20:43:21",211.77,870.46,,,,"     ",5.30,90.31,4.48
1771,554743338,"01771M20:55:21.539","01771 20:43:22",211.76,870.43,,,,"     ",5.30,88.79,4.40
1771,554743339,"01771M20:55:22.512","01771 20:43:23",211.76,870.54,,,,"     ",5.30,90.24,4.47
1771,554743340,"01771M20:55:23.486","01771 20:43:24",211.76,870.46,,,,"     ",5.30,90.43,4.48
1771,554743341,"01771M20:55:24.459","01771 20:43:25",211.77,870.54,,,,"     ",5.30,89.29,4.42
1771,554743342,"01771M20:55:25.432","01771 20:43:26",211.78,870.54,,,,"     ",5.30,90.27,4.47
1771,554743343,"01771M20:55:26.405","01771 20:43:27",211.79,870.55,,,,"     ",5.30,89.99,4.46
1771,554743344,"01771M20:55:27.379","01771 20:43:28",211.81,870.46,,,,"     ",5.30,89.92,4.46
1771,554743345,"01771M20:55:28.352","01771 20:43:29",211.83,870.50,,,,"     ",5.30,90.15,4.47
1771,554743346,"01771M20:55:29.325","01771 20:43:30",211.85,870.56,,,,"     ",5.30,90.12,4.47
1771,554743347,"01771M20:55:30.298","01771 20:43:31",211.87,870.44,,,,"     ",5.30,89.59,4.44
1771,554743348,"01771M20:55:31.272","01771 20:43:32",211.90,870.51,,,,"     ",5.30,90.24,4.47
1771,554743349,"01771M20:55:32.245","01771 20:43:33",211.93,870.51,,,,"     ",5.30,89.97,4.46
1771,554743350,"01771M20:55:33.218","01771 20:43:34",211.97,870.41,,,,"     ",5.30,90.04,4.46
1771,554743351,"01771M20:55:34.191","01771 20:43:34",212.01,870.47,,,,"     ",5.30,90.48,4.48
1771,554743352,"01771M20:55:35.165","01771 20:43:35",212.05,870.51,,,,"     ",5.30,90.05,4.46
1771,554743353,"01771M20:55:36.138","01771 20:43:36",212.09,870.50,,,,"     ",5.30,89.72,4.44
1771,554743354,"01771M20:55:37.111","01771 20:43:37",212.15,870.48,,,,"     ",5.30,89.73,4.44
1771,554743355,"01771M20:55:38.084","01771 20:43:38",212.20,870.47,,,,"     ",5.30,90.76,4.49
1771,554743356,"01771M20:55:39.058","01771 20:43:39",211.44,870.52,,,,"     ",5.30,90.29,4.47
1771,554743357,"01771M20:55:40.031","01771 20:43:40",211.44,870.43,,,,"     ",5.30,90.12,4.46
1771,554743358,"01771M20:55:41.004","01771 20:43:41",211.45,870.56,,,,"     ",5.30,90.78,4.50
1771,554743359,"01771M20:55:41.977","01771 20:43:42",211.46,870.56,,,,"     ",5.30,89.64,4.44
1771,554743360,"01771M20:55:42.951","01771 20:43:43",211.47,870.50,,,,"     ",5.30,90.52,4.48
1771,554743361,"01771M20:55:43.924","01771 20:43:44",211.49,870.54,,,,"     ",5.30,90.27,4.47
1771,554743362,"01771M20:55:44.897","01771 20:43:45",211.50,870.56,,,,"     ",5.30,90.69,4.49
1771,554743363,"01771M20:55:45.870","01771 20:43:46",211.52,870.52,,,,"     ",5.30,90.21,4.47
1771,554743364,"01771M20:55:46.844","01771 20:43:47",211.54,870.55,,,,"     ",5.30,90.10,4.46
1771,554743365,"01771M20:55:47.817","01771 20:43:48",211.55,870.53,,,,"     ",5.30,89.92,4.45
1771,554743366,"01771M20:55:48.790","01771 20:43:49",211.57,870.51,,,,"     ",5.30,90.18,4.46
1771,554743367,"01771M20:55:49.763","01771 20:43:50",211.60,870.54,,,,"     ",5.30,90.60,4.48
1771,554743368,"01771M20:55:50.737","01771 20:43:51",211.62,870.58,,,,"     ",5.30,89.85,4.45
1771,554743369,"01771M20:55:51.710","01771 20:43:52",211.64,870.55,,,,"     ",5.30,89.97,4.45
1771,554743370,"01771M20:55:52.683","01771 20:43:53",211.67,870.48,,,,"     ",5.30,89.59,4.43
1771,554743371,"01771M20:55:53.657","01771 20:43:54",211.69,870.51,,,,"     ",5.30,89.70,4.44
1771,554743372,"01771M20:55:54.630","01771 20:43:55",211.72,870.49,,,,"     ",5.30,90.06,4.46
1771,554743373,"01771M20:55:55.603","01771 20:43:56",211.75,870.46,,,,"     ",5.30,90.09,4.46
1771,554743374,"01771M20:55:56.576","01771 20:43:57",211.79,870.47,,,,"     ",5.30,90.09,4.46
1771,554743375,"01771M20:55:57.550","01771 20:43:58",211.82,870.54,,,,"     ",5.30,90.45,4.48
1771,554743376,"01771M20:55:58.523","01771 20:43:59",211.84,870.49,,,,"     ",5.30,90.00,4.45
1771,554743377,"01771M20:55:59.496","01771 20:44:00",211.85,870.49,,,,"     ",5.30,90.60,4.48
1771,554743378,"01771M20:56:00.469","01771 20:44:01",211.85,870.60,,,,"     ",5.30,90.21,4.46
1771,554743379,"01771M20:56:01.443","01771 20:44:02",211.86,870.49,,,,"     ",5.30,90.75,4.49
1771,554743380,"01771M20:56:02.416","01771 20:44:03",211.88,870.53,,,,"     ",5.30,89.79,4.44
1771,554743381,"01771M20:56:03.389","01771 20:44:04",211.91,870.45,,,,"     ",5.30,90.07,4.46
1771,554743382,"01771M20:56:04.362","01771 20:44:05",211.94,870.59,,,,"     ",5.30,89.78,4.44
1771,554743383,"01771M20:56:05.336","01771 20:44:06",211.97,870.52,,,,"     ",5.30,90.08,4.46
1771,554743384,"01771M20:56:06.309","01771 20:44:07",212.00,870.51,,,,"     ",5.30,89.83,4.45
1771,554743385,"01771M20:56:07.282","01771 20:44:08",212.02,870.50,,,,"     ",5.30,90.63,4.49
1771,554743386,"01771M20:56:08.255","01771 20:44:09",212.04,870.59,,,,"     ",5.30,90.21,4.46
1771,554743387,"01771M20:56:09.229","01771 20:44:10",212.05,870.57,,,,"     ",5.30,90.30,4.47
1771,554743388,"01771M20:56:10.202","01771 20:44:11",212.06,870.60,,,,"     ",5.30,90.32,4.47
1771,554743389,"01771M20:56:11.175","01771 20:44:11",212.07,870.59,,,,"     ",5.30,89.85,4.45
1771,554743390,"01771M20:56:12.148","01771 20:44:12",212.09,870.67,,,,"     ",5.30,90.08,4.46
1771,554743391,"01771M20:56:13.122","01771 20:44:13",212.11,870.61,,,,"     ",5.30,90.14,4.46
1771,554743392,"01771M20:56:14.095","01771 20:44:14",212.13,870.60,,,,"     ",5.30,90.23,4.47
1771,554743393,"01771M20:56:15.068","01771 20:44:15",212.14,870.58,,,,"     ",5.30,90.47,4.48
1771,554743394,"01771M20:56:16.041","01771 20:44:16",212.15,870.52,,,,"     ",5.30,90.21,4.46
1771,554743395,"01771M20:56:17.015","01771 20:44:17",212.14,870.54,,,,"     ",5.30,89.88,4.45
1771,554743396,"01771M20:56:17.988","01771 20:44:18",212.12,870.58,,,,"     ",5.30,90.26,4.47
1771,554743397,"01771M20:56:18.961","01771 20:44:19",212.08,870.57,,,,"     ",5.30,90.69,4.49
1771,554743398,"01771M20:56:19.934","01771 20:44:20",212.02,870.58,,,,"     ",5.30,90.53,4.48
1771,554743399,"01771M20:56:20.908","01771 20:44:21",211.94,870.64,,,,"     ",5.30,90.70,4.49
1771,554743400,"01771M20:56:21.881","01771 20:44:22",211.86,870.61,,,,"     ",5.30,90.65,4.49
1771,554743401,"01771M20:56:22.854","01771 20:44:23",211.78,870.60,,,,"     ",5.30,89.93,4.45
1771,554743402,"01771M20:56:23.827","01771 20:44:24",211.72,870.63,,,,"     ",5.30,90.52,4.48
1771,554743403,"01771M20:56:24.801","01771 20:44:25",211.68,870.64,,,,"     ",5.30,90.35,4.47
1771,554743404,"01771M20:56:25.774","01771 20:44:26",211.67,870.64,,,,"     ",5.30,90.90,4.50
1771,554743405,"01771M20:56:26.747","01771 20:44:27",211.69,870.62,,,,"     ",5.30,90.26,4.47
1771,554743406,"01771M20:56:27.720","01771 20:44:28",211.73,870.59,,,,"     ",5.30,91.04,4.50
1771,554743407,"01771M20:56:28.694","01771 20:44:29",211.79,870.58,,,,"     ",5.30,90.94,4.50
1771,554743408,"01771M20:56:29.667","01771 20:44:30",211.85,870.61,,,,"     ",5.30,91.42,4.52
1771,554743409,"01771M20:56:30.640","01771 20:44:31",211.92,870.60,,,,"     ",5.30,91.26,4.51
1771,554743410,"01771M20:56:31.613","01771 20:44:32",211.99,870.56,,,,"     ",5.30,90.37,4.47
1771,554743411,"01771M20:56:32.587","01771 20:44:33",212.05,870.55,,,,"     ",5.30,90.76,4.49
1771,554743412,"01771M20:56:33.560","01771 20:44:34",212.11,870.50,,,,"     ",5.30,90.74,4.49
1771,554743413,"01771M20:56:34.533","01771 20:44:35",212.16,870.52,,,,"     ",5.30,90.91,4.50
1771,554743414,"01771M20:56:35.506","01771 20:44:36",212.20,870.62,,,,"     ",5.30,91.10,4.51
1771,554743415,"01771M20:56:36.480","01771 20:44:37",212.23,870.63,,,,"     ",5.30,90.74,4.49
1771,554743416,"01771M20:56:37.453","01771 20:44:38",212.25,870.71,,,,"     ",5.30,91.15,4.51
1771,554743417,"01771M20:56:38.426","01771 20:44:39",212.25,870.68,,,,"     ",5.30,91.04,4.50
1771,554743418,"01771M20:56:39.399","01771 20:44:40",212.23,870.67,,,,"     ",5.30,90.62,4.48
1771,554743419,"01771M20:56:40.373","01771 20:44:41",212.19,870.66,,,,"     ",5.30,90.62,4.48
1771,554743420,"01771M20:56:41.346","01771 20:44:42",212.12,870.66,,,,"     ",5.30,90.62,4.48
1771,554743421,"01771M20:56:42.319","01771 20:44:43",212.04,870.65,,,,"     ",5.30,90.75,4.49
1771,554743422,"01771M20:56:43.292","01771 20:44:44",211.94,870.61,,,,"     ",5.30,90.84,4.49
1771,554743423,"01771M20:56:44.266","01771 20:44:45",211.83,870.64,,,,"     ",5.30,91.10,4.51
1771,554743424,"01771M20:56:45.239","01771 20:44:46",211.71,870.58,,,,"     ",5.30,90.62,4.48
1771,554743425,"01771M20:56:46.212","01771 20:44:47",211.58,870.65,,,,"     ",5.30,90.41,4.47
1771,554743426,"01771M20:56:47.185","01771 20:44:48",211.46,870.63,,,,"     ",5.30,90.70,4.49
1771,554743427,"01771M20:56:48.159","01771 20:44:48",211.36,870.54,,,,"     ",5.30,90.58,4.48
1771,554743428,"01771M20:56:49.132","01771 20:44:49",211.28,870.60,,,,"     ",5.30,90.27,4.46
1771,554743429,"01771M20:56:50.105","01771 20:44:50",211.23,870.64,,,,"     ",5.30,90.75,4.49
1771,554743430,"01771M20:56:51.078","01771 20:44:51",211.20,870.63,,,,"     ",5.30,89.77,4.44
1771,554743431,"01771M20:56:52.052","01771 20:44:52",211.20,870.64,,,,"     ",5.30,90.51,4.48
1771,554743432,"01771M20:56:53.025","01771 20:44:53",211.22,870.67,,,,"     ",5.30,90.85,4.49
1771,554743433,"01771M20:56:53.998","01771 20:44:54",211.25,870.74,,,,"     ",5.30,90.81,4.49
1771,554743434,"01771M20:56:54.971","01771 20:44:55",211.28,870.69,,,,"     ",5.30,90.10,4.46
1771,554743435,"01771M20:56:55.945","01771 20:44:56",211.30,870.66,,,,"     ",5.30,90.40,4.47
1771,554743436,"01771M20:56:56.918","01771 20:44:57",211.33,870.69,,,,"     ",5.30,90.07,4.46
1771,554743437,"01771M20:56:57.891","01771 20:44:58",211.34,870.65,,,,"     ",5.30,90.23,4.47
1771,554743438,"01771M20:56:58.864","01771 20:44:59",211.36,870.64,,,,"     ",5.30,89.39,4.42
1771,554743439,"01771M20:56:59.838","01771 20:45:00",211.37,870.63,,,,"     ",5.30,90.35,4.47
1771,554743440,"01771M20:57:00.811","01771 20:45:01",211.38,870.62,,,,"     ",5.30,90.03,4.46
1771,554743441,"01771M20:57:01.784","01771 20:45:02",211.38,870.59,,,,"     ",5.30,90.15,4.46
1771,554743442,"01771M20:57:02.758","01771 20:45:03",211.39,870.69,,,,"     ",5.30,90.26,4.47
1771,554743443,"01771M20:57:03.731","01771 20:45:04",211.40,870.62,,,,"     ",5.30,90.18,4.47
1771,554743444,"01771M20:57:04.704","01771 20:45:05",211.41,870.63,,,,"     ",5.30,90.60,4.49
1771,554743445,"01771M20:57:05.677","01771 20:45:06",211.42,870.63,,,,"     ",5.30,90.40,4.48
1771,554743446,"01771M20:57:06.651","01771 20:45:07",211.42,870.63,,,,"     ",5.30,89.95,4.45
1771,554743447,"01771M20:57:07.624","01771 20:45:08",211.42,870.74,,,,"     ",5.30,89.86,4.45
1771,554743448,"01771M20:57:08.597","01771 20:45:09",211.41,870.67,,,,"     ",5.30,89.28,4.42
1771,554743449,"01771M20:57:09.570","01771 20:45:10",211.40,870.71,,,,"     ",5.30,90.44,4.48
1771,554743450,"01771M20:57:10.544","01771 20:45:11",211.38,870.69,,,,"     ",5.30,89.37,4.43
1771,554743451,"01771M20:57:11.517","01771 20:45:12",211.36,870.74,,,,"     ",5.30,89.34,4.43
1771,554743452,"01771M20:57:12.490","01771 20:45:13",211.34,870.76,,,,"     ",5.30,90.05,4.47
1771,554743453,"01771M20:57:13.463","01771 20:45:14",211.32,870.70,,,,"     ",5.30,90.21,4.48
1771,554743454,"01771M20:57:14.437","01771 20:45:15",211.29,870.74,,,,"     ",5.30,89.83,4.46
1771,554743455,"01771M20:57:15.410","01771 20:45:16",211.27,870.74,,,,"     ",5.30,89.74,4.45
1771,554743456,"01771M20:57:16.383","01771 20:45:17",211.26,870.67,,,,"     ",5.30,89.99,4.47
1771,554743457,"01771M20:57:17.356","01771 20:45:18",211.25,870.61,,,,"     ",5.30,90.08,4.47
1771,554743458,"01771M20:57:18.330","01771 20:45:19",211.25,870.66,,,,"     ",5.30,89.93,4.46
1771,554743459,"01771M20:57:19.303","01771 20:45:20",211.23,870.66,,,,"     ",5.30,89.49,4.44
1771,554743460,"01771M20:57:20.276","01771 20:45:21",211.21,870.64,,,,"     ",5.30,90.09,4.47
1771,554743461,"01771M20:57:21.249","01771 20:45:22",211.17,870.68,,,,"     ",5.30,89.58,4.45
1771,554743462,"01771M20:57:22.223","01771 20:45:23",211.12,870.70,,,,"     ",5.30,90.33,4.49
1771,554743463,"01771M20:57:23.196","01771 20:45:24",211.07,870.78,,,,"     ",5.30,89.70,4.46
1771,554743464,"01771M20:57:24.169","01771 20:45:24",211.01,870.74,,,,"     ",5.30,89.56,4.45
1771,554743465,"01771M20:57:25.142","01771 20:45:25",210.96,870.76,,,,"     ",5.30,89.23,4.43
1771,554743466,"01771M20:57:26.116","01771 20:45:26",210.93,870.78,,,,"     ",5.30,89.79,4.46
1771,554743467,"01771M20:57:27.089","01771 20:45:27",210.91,870.73,,,,"     ",5.30,89.69,4.46
1771,554743468,"01771M20:57:28.062","01771 20:45:28",210.90,870.74,,,,"     ",5.30,89.09,4.43
1771,554743469,"01771M20:57:29.035","01771 20:45:29",210.90,870.66,,,,"     ",5.30,90.09,4.48
1771,554743470,"01771M20:57:30.009","01771 20:45:30",210.91,870.66,,,,"     ",5.30,89.19,4.43
1771,554743471,"01771M20:57:30.982","01771 20:45:31",210.92,870.71,,,,"     ",5.30,89.41,4.45
1771,554743472,"01771M20:57:31.955","01771 20:45:32",210.95,870.72,,,,"     ",5.30,89.43,4.45
1771,554743473,"01771M20:57:32.928","01771 20:45:33",210.99,870.62,,,,"     ",5.30,90.48,4.50
1771,554743474,"01771M20:57:33.902","01771 20:45:34",211.03,870.73,,,,"     ",5.30,89.97,4.48
1771,554743475,"01771M20:57:34.875","01771 20:45:35",211.08,870.71,,,,"     ",5.30,89.92,4.47
1771,554743476,"01771M20:57:35.848","01771 20:45:36",211.13,870.65,,,,"     ",5.30,90.04,4.48
1771,554743477,"01771M20:57:36.821","01771 20:45:37",211.19,870.65,,,,"     ",5.30,89.90,4.47
1771,554743478,"01771M20:57:37.795","01771 20:45:38",211.26,870.60,,,,"     ",5.30,89.73,4.47
1771,554743479,"01771M20:57:38.768","01771 20:45:39",211.34,870.69,,,,"     ",5.30,89.99,4.48
1771,554743480,"01771M20:57:39.741","01771 20:45:40",211.42,870.67,,,,"     ",5.30,89.61,4.46
1771,554743481,"01771M20:57:40.714","01771 20:45:41",211.50,870.72,,,,"     ",5.30,90.22,4.49
1771,554743482,"01771M20:57:41.688","01771 20:45:42",211.56,870.71,,,,"     ",5.30,90.37,4.50
1771,554743483,"01771M20:57:42.661","01771 20:45:43",211.60,870.63,,,,"     ",5.30,90.15,4.49
1771,554743484,"01771M20:57:43.634","01771 20:45:44",211.64,870.74,,,,"     ",5.30,89.95,4.48
1771,554743485,"01771M20:57:44.607","01771 20:45:45",211.65,870.77,,,,"     ",5.30,90.73,4.52
1771,554743486,"01771M20:57:45.581","01771 20:45:46",211.66,870.68,,,,"     ",5.30,89.49,4.45
1771,554743487,"01771M20:57:46.554","01771 20:45:47",211.65,870.68,,,,"     ",5.30,90.32,4.50
1771,554743488,"01771M20:57:47.527","01771 20:45:48",211.62,870.65,,,,"     ",5.30,90.57,4.51
1771,554743489,"01771M20:57:48.500","01771 20:45:49",211.59,870.67,,,,"     ",5.30,90.35,4.50
1771,554743490,"01771M20:57:49.474","01771 20:45:50",211.55,870.73,,,,"     ",5.30,90.47,4.50
1771,554743491,"01771M20:57:50.447","01771 20:45:51",211.51,870.81,,,,"     ",5.30,90.93,4.53
1771,554743492,"01771M20:57:51.420","01771 20:45:52",211.47,870.86,,,,"     ",5.30,90.04,4.48
1771,554743493,"01771M20:57:52.393","01771 20:45:53",211.42,870.85,,,,"     ",5.30,90.12,4.49
1771,554743494,"01771M20:57:53.367","01771 20:45:54",211.37,870.79,,,,"     ",5.30,90.31,4.50
1771,554743495,"01771M20:57:54.340","01771 20:45:55",211.32,870.81,,,,"     ",5.30,90.46,4.51
1771,554743496,"01771M20:57:55.313","01771 20:45:56",211.28,870.80,,,,"     ",5.30,90.11,4.49
1771,554743497,"01771M20:57:56.286","01771 20:45:57",211.24,870.72,,,,"     ",5.30,90.12,4.49
1771,554743498,"01771M20:57:57.260","01771 20:45:58",211.21,870.77,,,,"     ",5.30,89.76,4.47
1771,554743499,"01771M20:57:58.233","01771 20:45:59",211.17,870.75,,,,"     ",5.30,90.32,4.50
1771,554743500,"01771M20:57:59.206","01771 20:46:00",211.14,870.79,,,,"     ",5.30,90.14,4.49
1771,554743501,"01771M20:58:00.179","01771 20:46:01",211.12,870.85,,,,"     ",5.30,89.85,4.48
1771,554743502,"01771M20:58:01.153","01771 20:46:01",211.10,870.83,,,,"     ",5.30,90.36,4.51
1771,554743503,"01771M20:58:02.126","01771 20:46:02",211.10,870.79,,,,"     ",5.30,90.34,4.50
1771,554743504,"01771M20:58:03.099","01771 20:46:03",211.10,870.83,,,,"     ",5.30,89.59,4.47
1771,554743505,"01771M20:58:04.072","01771 20:46:04",211.11,870.76,,,,"     ",5.30,89.70,4.47
1771,554743506,"01771M20:58:05.046","01771 20:46:05",211.11,870.76,,,,"     ",5.30,89.75,4.48
1771,554743507,"01771M20:58:06.019","01771 20:46:06",211.12,870.74,,,,"     ",5.30,89.58,4.47
1771,554743508,"01771M20:58:06.992","01771 20:46:07",211.13,870.76,,,,"     ",5.30,89.85,4.48
1771,554743509,"01771M20:58:07.965","01771 20:46:08",211.13,870.75,,,,"     ",5.30,90.50,4.51
1771,554743510,"01771M20:58:08.939","01771 20:46:09",211.12,870.79,,,,"     ",5.30,90.41,4.51
1771,554743511,"01771M20:58:09.912","01771 20:46:10",211.10,870.78,,,,"     ",5.30,89.41,4.46
1771,554743512,"01771M20:58:10.885","01771 20:46:11",211.07,870.75,,,,"     ",5.30,89.41,4.46
1771,554743513,"01771M20:58:11.859","01771 20:46:12",211.04,870.81,,,,"     ",5.30,89.73,4.48
1771,554743514,"01771M20:58:12.832","01771 20:46:13",211.01,870.85,,,,"     ",5.30,89.76,4.48
1771,554743515,"01771M20:58:13.805","01771 20:46:14",210.98,870.86,,,,"     ",5.30,89.29,4.46
1771,554743516,"01771M20:58:14.778","01771 20:46:15",210.95,870.88,,,,"     ",5.30,89.86,4.49
1771,554743517,"01771M20:58:15.752","01771 20:46:16",210.92,870.83,,,,"     ",5.30,89.96,4.49
1771,554743518,"01771M20:58:16.725","01771 20:46:17",210.89,870.82,,,,"     ",5.30,88.98,4.44
1771,554743519,"01771M20:58:17.698","01771 20:46:18",210.85,870.89,,,,"     ",5.30,88.72,4.43
1771,554743520,"01771M20:58:18.671","01771 20:46:19",210.82,870.85,,,,"     ",5.30,88.89,4.44
1771,554743521,"01771M20:58:19.645","01771 20:46:20",210.79,870.79,,,,"     ",5.30,89.35,4.46
1771,554743522,"01771M20:58:20.618","01771 20:46:21",210.76,870.78,,,,"     ",5.30,89.35,4.46
1771,554743523,"01771M20:58:21.591","01771 20:46:22",210.74,870.72,,,,"     ",5.30,89.78,4.49
1771,554743524,"01771M20:58:22.564","01771 20:46:23",210.71,870.75,,,,"     ",5.30,89.21,4.46
1771,554743525,"01771M20:58:23.538","01771 20:46:24",210.70,870.73,,,,"     ",5.30,89.75,4.49
1771,554743526,"01771M20:58:24.511","01771 20:46:25",210.69,870.69,,,,"     ",5.30,89.73,4.49
1771,554743527,"01771M20:58:25.484","01771 20:46:26",210.68,870.72,,,,"     ",5.30,89.31,4.47
1771,554743528,"01771M20:58:26.457","01771 20:46:27",210.68,870.76,,,,"     ",5.30,89.19,4.46
1771,554743529,"01771M20:58:27.431","01771 20:46:28",210.69,870.81,,,,"     ",5.30,89.35,4.47
1771,554743530,"01771M20:58:28.404","01771 20:46:29",210.70,870.77,,,,"     ",5.30,89.68,4.49
1771,554743531,"01771M20:58:29.377","01771 20:46:30",210.72,870.88,,,,"     ",5.30,89.72,4.49
1771,554743532,"01771M20:58:30.350","01771 20:46:31",210.75,870.91,,,,"     ",5.30,89.67,4.49
1771,554743533,"01771M20:58:31.324","01771 20:46:32",210.78,870.94,,,,"     ",5.30,89.20,4.47
1771,554743534,"01771M20:58:32.297","01771 20:46:33",210.81,870.95,,,,"     ",5.30,88.93,4.45
1771,554743535,"01771M20:58:33.270","01771 20:46:34",210.83,870.89,,,,"     ",5.30,89.35,4.47
1771,554743536,"01771M20:58:34.243","01771 20:46:35",210.85,870.89,,,,"     ",5.30,89.54,4.49
1771,554743537,"01771M20:58:35.217","01771 20:46:36",210.86,870.91,,,,"     ",5.30,89.00,4.46
1771,554743538,"01771M20:58:36.190","01771 20:46:37",210.86,870.83,,,,"     ",5.30,89.67,4.49
1771,554743539,"01771M20:58:37.163","01771 20:46:38",210.85,870.77,,,,"     ",5.30,88.91,4.45
1771,554743540,"01771M20:58:38.136","01771 20:46:38",210.83,870.82,,,,"     ",5.30,89.32,4.48
1771,554743541,"01771M20:58:39.110","01771 20:46:39",210.80,870.87,,,,"     ",5.30,89.08,4.46
1771,554743542,"01771M20:58:40.083","01771 20:46:40",210.76,870.88,,,,"     ",5.30,89.00,4.46
1771,554743543,"01771M20:58:41.056","01771 20:46:41",210.73,870.78,,,,"     ",5.30,88.74,4.45
1771,554743544,"01771M20:58:42.029","01771 20:46:42",210.69,870.80,,,,"     ",5.30,89.03,4.46
1771,554743545,"01771M20:58:43.003","01771 20:46:43",210.67,870.82,,,,"     ",5.30,89.31,4.48
1771,554743546,"01771M20:58:43.976","01771 20:46:44",210.64,870.84,,,,"     ",5.30,88.92,4.46
1771,554743547,"01771M20:58:44.949","01771 20:46:45",210.62,870.85,,,,"     ",5.30,89.11,4.47
1771,554743548,"01771M20:58:45.922","01771 20:46:46",210.60,870.86,,,,"     ",5.30,89.20,4.48
1771,554743549,"01771M20:58:46.896","01771 20:46:47",210.59,870.84,,,,"     ",5.30,88.96,4.46
1771,554743550,"01771M20:58:47.869","01771 20:46:48",210.57,870.82,,,,"     ",5.30,88.59,4.45
1771,554743551,"01771M20:58:48.842","01771 20:46:49",210.55,870.81,,,,"     ",5.30,89.13,4.47
1771,554743552,"01771M20:58:49.815","01771 20:46:50",210.53,870.93,,,,"     ",5.30,88.91,4.47
1771,554743553,"01771M20:58:50.789","01771 20:46:51",210.51,870.88,,,,"     ",5.30,89.04,4.47
1771,554743554,"01771M20:58:51.762","01771 20:46:52",210.49,870.96,,,,"     ",5.30,88.85,4.46
1771,554743555,"01771M20:58:52.735","01771 20:46:53",210.47,870.96,,,,"     ",5.30,88.33,4.44
1771,554743556,"01771M20:58:53.708","01771 20:46:54",210.45,870.91,,,,"     ",5.30,88.92,4.47
1771,554743557,"01771M20:58:54.682","01771 20:46:55",210.44,870.85,,,,"     ",5.30,88.38,4.44
1771,554743558,"01771M20:58:55.655","01771 20:46:56",210.43,870.92,,,,"     ",5.30,88.82,4.47
1771,554743559,"01771M20:58:56.628","01771 20:46:57",210.43,870.92,,,,"     ",5.30,88.76,4.46
1771,554743560,"01771M20:58:57.601","01771 20:46:58",210.44,870.82,,,,"     ",5.30,88.37,4.44
1771,554743561,"01771M20:58:58.575","01771 20:46:59",210.45,870.87,,,,"     ",5.30,88.10,4.43
1771,554743562,"01771M20:58:59.548","01771 20:47:00",210.46,870.89,,,,"     ",5.30,88.40,4.45
1771,554743563,"01771M20:59:00.521","01771 20:47:01",210.46,870.91,,,,"     ",5.30,88.52,4.45
1771,554743564,"01771M20:59:01.494","01771 20:47:02",210.47,870.88,,,,"     ",5.30,88.70,4.46
1771,554743565,"01771M20:59:02.468","01771 20:47:03",210.47,870.92,,,,"     ",5.30,88.71,4.47
1771,554743566,"01771M20:59:03.441","01771 20:47:04",210.47,870.93,,,,"     ",5.30,87.83,4.42
1771,554743567,"01771M20:59:04.414","01771 20:47:05",210.46,870.93,,,,"     ",5.30,88.07,4.43
1771,554743568,"01771M20:59:05.387","01771 20:47:06",210.44,870.94,,,,"     ",5.30,88.62,4.47
1771,554743569,"01771M20:59:06.361","01771 20:47:07",210.42,870.95,,,,"     ",5.30,89.07,4.49
1771,554743570,"01771M20:59:07.334","01771 20:47:08",210.40,870.96,,,,"     ",5.30,88.31,4.45
1771,554743571,"01771M20:59:08.307","01771 20:47:09",210.39,870.91,,,,"     ",5.30,88.20,4.45
1771,554743572,"01771M20:59:09.280","01771 20:47:10",210.38,870.93,,,,"     ",5.30,88.21,4.45
1771,554743573,"01771M20:59:10.254","01771 20:47:11",210.38,870.96,,,,"     ",5.30,88.15,4.44
1771,554743574,"01771M20:59:11.227","01771 20:47:12",210.37,870.94,,,,"     ",5.30,87.92,4.43
1771,554743575,"01771M20:59:12.200","01771 20:47:13",210.36,870.97,,,,"     ",5.30,88.07,4.44
1771,554743576,"01771M20:59:13.173","01771 20:47:14",210.33,870.96,,,,"     ",5.30,87.52,4.42
1771,554743577,"01771M20:59:14.147","01771 20:47:15",210.29,870.95,,,,"     ",5.30,87.56,4.42
1771,554743578,"01771M20:59:15.120","01771 20:47:15",209.36,870.91,,,,"     ",5.30,88.06,4.45
1771,554743579,"01771M20:59:16.093","01771 20:47:16",209.28,870.90,,,,"     ",5.30,87.81,4.43
1771,554743580,"01771M20:59:17.066","01771 20:47:17",209.19,870.92,,,,"     ",5.30,87.90,4.44
1771,554743581,"01771M20:59:18.040","01771 20:47:18",209.09,870.95,,,,"     ",5.30,87.75,4.43
1771,554743582,"01771M20:59:19.013","01771 20:47:19",209.00,870.94,,,,"     ",5.30,87.67,4.43
1771,554743583,"01771M20:59:19.986","01771 20:47:20",208.93,870.86,,,,"     ",5.30,87.62,4.43
1771,554743584,"01771M20:59:20.960","01771 20:47:21",208.89,870.90,,,,"     ",5.30,87.39,4.42
1771,554743585,"01771M20:59:21.933","01771 20:47:22",208.89,870.87,,,,"     ",5.30,87.55,4.43
1771,554743586,"01771M20:59:22.906","01771 20:47:23",208.91,870.95,,,,"     ",5.30,87.66,4.43
1771,554743587,"01771M20:59:23.879","01771 20:47:24",208.96,870.99,,,,"     ",5.30,87.47,4.43
1771,554743588,"01771M20:59:24.853","01771 20:47:25",209.03,870.99,,,,"     ",5.30,88.08,4.46
1771,554743589,"01771M20:59:25.826","01771 20:47:26",209.10,871.00,,,,"     ",5.30,87.02,4.40
1771,554743590,"01771M20:59:26.799","01771 20:47:27",209.17,871.01,,,,"     ",5.30,87.70,4.44
1771,554743591,"01771M20:59:27.772","01771 20:47:28",209.24,870.92,,,,"     ",5.30,88.10,4.46
1771,554743592,"01771M20:59:28.746","01771 20:47:29",209.30,870.93,,,,"     ",5.30,87.17,4.41
1771,554743593,"01771M20:59:29.719","01771 20:47:30",209.36,870.94,,,,"     ",5.30,87.43,4.43
1771,554743594,"01771M20:59:30.692","01771 20:47:31",209.42,870.87,,,,"     ",5.30,87.70,4.44
1771,554743595,"01771M20:59:31.665","01771 20:47:32",209.49,870.91,,,,"     ",5.30,88.00,4.46
1771,554743596,"01771M20:59:32.639","01771 20:47:33",209.55,870.93,,,,"     ",5.30,87.59,4.44
1771,554743597,"01771M20:59:33.612","01771 20:47:34",209.62,870.97,,,,"     ",5.30,87.59,4.44
1771,554743598,"01771M20:59:34.585","01771 20:47:35",209.69,870.99,,,,"     ",5.30,87.07,4.41
1771,554743599,"01771M20:59:35.558","01771 20:47:36",209.76,870.90,,,,"     ",5.30,87.44,4.43
1771,554743600,"01771M20:59:36.532","01771 20:47:37",209.84,870.85,,,,"     ",5.30,87.36,4.43
1771,554743601,"01771M20:59:37.505","01771 20:47:38",209.92,871.00,,,,"     ",5.30,87.44,4.44
1771,554743602,"01771M20:59:38.478","01771 20:47:39",209.98,870.96,,,,"     ",5.30,86.86,4.41
1771,554743603,"01771M20:59:39.451","01771 20:47:40",210.03,871.01,,,,"     ",5.30,87.53,4.44
1771,554743604,"01771M20:59:40.425","01771 20:47:41",210.05,870.99,,,,"     ",5.30,87.72,4.45
1771,554743605,"01771M20:59:41.398","01771 20:47:42",210.07,871.02,,,,"     ",5.30,87.48,4.44
1771,554743606,"01771M20:59:42.371","01771 20:47:43",210.07,870.96,,,,"     ",5.30,86.91,4.41
1771,554743607,"01771M20:59:43.344","01771 20:47:44",210.07,870.95,,,,"     ",5.30,87.32,4.43
1771,554743608,"01771M20:59:44.318","01771 20:47:45",210.06,870.93,,,,"     ",5.30,87.64,4.45
1771,554743609,"01771M20:59:45.291","01771 20:47:46",210.06,870.93,,,,"     ",5.30,86.85,4.41
1771,554743610,"01771M20:59:46.264","01771 20:47:47",210.07,871.01,,,,"     ",5.30,87.30,4.44
1771,554743611,"01771M20:59:47.237","01771 20:47:48",210.09,870.90,,,,"     ",5.30,87.34,4.44
1771,554743612,"01771M20:59:48.211","01771 20:47:49",210.12,870.91,,,,"     ",5.30,86.70,4.41
1771,554743613,"01771M20:59:49.184","01771 20:47:50",210.14,870.95,,,,"     ",5.30,87.41,4.45
1771,554743614,"01771M20:59:50.157","01771 20:47:51",210.15,871.02,,,,"     ",5.30,86.87,4.42
1771,554743615,"01771M20:59:51.130","01771 20:47:51",210.15,870.89,,,,"     ",5.30,86.92,4.42
1771,554743616,"01771M20:59:52.104","01771 20:47:52",210.12,870.88,,,,"     ",5.30,87.30,4.44
1771,554743617,"01771M20:59:53.077","01771 20:47:53",210.06,870.90,,,,"     ",5.30,87.51,4.45
1771,554743618,"01771M20:59:54.050","01771 20:47:54",209.99,870.78,,,,"     ",5.30,87.41,4.45
1771,554743619,"01771M20:59:55.023","01771 20:47:55",209.92,871.02,,,,"     ",5.30,87.32,4.44
1771,554743620,"01771M20:59:55.997","01771 20:47:56",209.85,871.02,,,,"     ",5.30,87.56,4.46
1771,554743621,"01771M20:59:56.970","01771 20:47:57",210.67,871.06,,,,"     ",5.30,87.52,4.45
1771,554743622,"01771M20:59:57.943","01771 20:47:58",210.67,871.11,,,,"     ",5.30,87.58,4.46
1771,554743623,"01771M20:59:58.916","01771 20:47:59",210.67,871.05,,,,"     ",5.30,87.35,4.45
1771,554743624,"01771M20:59:59.890","01771 20:48:00",210.68,871.05,,,,"     ",5.30,87.24,4.44
1771,554743625,"01771M21:00:00.863","01771 20:48:01",210.69,871.09,,,,"     ",5.30,87.44,4.45
1771,554743626,"01771M21:00:01.836","01771 20:48:02",210.71,871.04,,,,"     ",5.30,87.41,4.45
1771,554743627,"01771M21:00:02.809","01771 20:48:03",210.73,871.05,,,,"     ",5.30,87.66,4.46
1771,554743628,"01771M21:00:03.783","01771 20:48:04",210.75,871.01,,,,"     ",5.30,87.69,4.47
1771,554743629,"01771M21:00:04.756","01771 20:48:05",210.77,870.98,,,,"     ",5.30,87.74,4.47
1771,554743630,"01771M21:00:05.729","01771 20:48:06",210.78,870.96,,,,"     ",5.30,88.36,4.50
1771,554743631,"01771M21:00:06.702","01771 20:48:07",210.78,870.99,,,,"     ",5.30,87.80,4.47
1771,554743632,"01771M21:00:07.676","01771 20:48:08",210.79,870.93,,,,"     ",5.30,88.10,4.49
1771,554743633,"01771M21:00:08.649","01771 20:48:09",210.78,870.95,,,,"     ",5.30,88.53,4.51
1771,554743634,"01771M21:00:09.622","01771 20:48:10",210.77,870.96,,,,"     ",5.30,87.98,4.48
1771,554743635,"01771M21:00:10.595","01771 20:48:11",210.76,870.93,,,,"     ",5.30,87.45,4.45
1771,554743636,"01771M21:00:11.569","01771 20:48:12",210.76,870.94,,,,"     ",5.30,87.52,4.45
1771,554743637,"01771M21:00:12.542","01771 20:48:13",210.77,870.93,,,,"     ",5.30,88.30,4.50
1771,554743638,"01771M21:00:13.515","01771 20:48:14",210.78,870.92,,,,"     ",5.30,88.18,4.49
1771,554743639,"01771M21:00:14.488","01771 20:48:15",210.80,870.93,,,,"     ",5.30,87.69,4.46
1771,554743640,"01771M21:00:15.462","01771 20:48:16",210.81,870.91,,,,"     ",5.30,88.16,4.49
1771,554743641,"01771M21:00:16.435","01771 20:48:17",210.81,870.96,,,,"     ",5.30,88.06,4.48
1771,554743642,"01771M21:00:17.408","01771 20:48:18",210.81,870.87,,,,"     ",5.30,88.42,4.50
1771,554743643,"01771M21:00:18.381","01771 20:48:19",210.80,870.95,,,,"     ",5.30,88.03,4.48
1771,554743644,"01771M21:00:19.355","01771 20:48:20",210.77,870.98,,,,"     ",5.30,88.06,4.48
1771,554743645,"01771M21:00:20.328","01771 20:48:21",210.75,871.01,,,,"     ",5.30,88.41,4.50
1771,554743646,"01771M21:00:21.301","01771 20:48:22",210.74,870.97,,,,"     ",5.30,88.12,4.48
1771,554743647,"01771M21:00:22.274","01771 20:48:23",210.74,871.02,,,,"     ",5.30,88.43,4.50
1771,554743648,"01771M21:00:23.248","01771 20:48:24",210.74,870.99,,,,"     ",5.30,88.12,4.49
1771,554743649,"01771M21:00:24.221","01771 20:48:25",210.75,870.95,,,,"     ",5.30,87.91,4.47
1771,554743650,"01771M21:00:25.194","01771 20:48:26",210.76,870.89,,,,"     ",5.30,87.77,4.46
1771,554743651,"01771M21:00:26.167","01771 20:48:27",210.78,870.96,,,,"     ",5.30,88.23,4.49
1771,554743652,"01771M21:00:27.141","01771 20:48:28",210.79,870.99,,,,"     ",5.30,88.20,4.49
1771,554743653,"01771M21:00:28.114","01771 20:48:28",210.81,870.99,,,,"     ",5.30,87.39,4.45
1771,554743654,"01771M21:00:29.087","01771 20:48:29",210.84,871.03,,,,"     ",5.30,88.40,4.50
1771,554743655,"01771M21:00:30.061","01771 20:48:30",210.86,871.11,,,,"     ",5.30,88.21,4.49
1771,554743656,"01771M21:00:31.034","01771 20:48:31",210.89,871.12,,,,"     ",5.30,88.77,4.52
1771,554743657,"01771M21:00:32.007","01771 20:48:32",210.92,871.15,,,,"     ",5.30,87.93,4.48
1771,554743658,"01771M21:00:32.980","01771 20:48:33",210.95,871.06,,,,"     ",5.30,87.49,4.45
1771,554743659,"01771M21:00:33.954","01771 20:48:34",210.99,871.06,,,,"     ",5.30,87.79,4.47
1771,554743660,"01771M21:00:34.927","01771 20:48:35",211.03,871.06,,,,"     ",5.30,88.14,4.49
1771,554743661,"01771M21:00:35.900","01771 20:48:36",211.07,870.99,,,,"     ",5.30,88.21,4.49
1771,554743662,"01771M21:00:36.873","01771 20:48:37",211.12,871.07,,,,"     ",5.30,87.94,4.48
1771,554743663,"01771M21:00:37.847","01771 20:48:38",211.17,871.05,,,,"     ",5.30,88.31,4.50
1771,554743664,"01771M21:00:38.820","01771 20:48:39",210.55,871.12,,,,"     ",5.30,87.84,4.47
1771,554743665,"01771M21:00:39.793","01771 20:48:40",210.58,871.01,,,,"     ",5.30,87.59,4.46
1771,554743666,"01771M21:00:40.766","01771 20:48:41",210.60,871.04,,,,"     ",5.30,87.33,4.44
1771,554743667,"01771M21:00:41.740","01771 20:48:42",210.63,871.04,,,,"     ",5.30,87.67,4.46
1771,554743668,"01771M21:00:42.713","01771 20:48:43",210.65,870.97,,,,"     ",5.30,87.92,4.48
1771,554743669,"01771M21:00:43.686","01771 20:48:44",210.68,870.91,,,,"     ",5.30,88.04,4.48
1771,554743670,"01771M21:00:44.659","01771 20:48:45",210.71,871.02,,,,"     ",5.30,87.39,4.45
1771,554743671,"01771M21:00:45.633","01771 20:48:46",210.73,870.97,,,,"     ",5.30,87.69,4.46
1771,554743672,"01771M21:00:46.606","01771 20:48:47",210.76,871.04,,,,"     ",5.30,88.15,4.49
1771,554743673,"01771M21:00:47.579","01771 20:48:48",210.78,871.13,,,,"     ",5.30,87.85,4.47
1771,554743674,"01771M21:00:48.552","01771 20:48:49",210.80,871.05,,,,"     ",5.30,87.57,4.46
1771,554743675,"01771M21:00:49.526","01771 20:48:50",210.83,870.95,,,,"     ",5.30,87.99,4.48
1771,554743676,"01771M21:00:50.499","01771 20:48:51",210.85,870.92,,,,"     ",5.30,87.38,4.45
1771,554743677,"01771M21:00:51.472","01771 20:48:52",210.87,870.94,,,,"     ",5.30,87.96,4.48
1771,554743678,"01771M21:00:52.445","01771 20:48:53",210.89,870.95,,,,"     ",5.30,88.02,4.48
1771,554743679,"01771M21:00:53.419","01771 20:48:54",210.91,871.03,,,,"     ",5.30,87.69,4.47
1771,554743680,"01771M21:00:54.392","01771 20:48:55",210.93,871.12,,,,"     ",5.30,88.00,4.48
1771,554743681,"01771M21:00:55.365","01771 20:48:56",210.95,871.14,,,,"     ",5.30,87.89,4.48
1771,554743682,"01771M21:00:56.338","01771 20:48:57",210.97,871.08,,,,"     ",5.30,88.64,4.52
1771,554743683,"01771M21:00:57.312","01771 20:48:58",211.00,871.00,,,,"     ",5.30,88.18,4.49
1771,554743684,"01771M21:00:58.285","01771 20:48:59",211.03,871.10,,,,"     ",5.30,88.47,4.51
1771,554743685,"01771M21:00:59.258","01771 20:49:00",211.05,871.12,,,,"     ",5.30,88.46,4.51
1771,554743686,"01771M21:01:00.231","01771 20:49:01",211.05,871.08,,,,"     ",5.30,88.43,4.50
1771,554743687,"01771M21:01:01.205","01771 20:49:02",211.04,871.13,,,,"     ",5.30,88.26,4.50
1771,554743688,"01771M21:01:02.178","01771 20:49:03",211.01,871.10,,,,"     ",5.30,88.08,4.48
1771,554743689,"01771M21:01:03.151","01771 20:49:04",210.96,871.09,,,,"     ",5.30,88.35,4.50
1771,554743690,"01771M21:01:04.124","01771 20:49:05",210.90,871.15,,,,"     ",5.30,88.75,4.52
1771,554743691,"01771M21:01:05.098","01771 20:49:05",210.84,871.06,,,,"     ",5.30,88.26,4.49
1771,554743692,"01771M21:01:06.071","01771 20:49:06",210.78,871.12,,,,"     ",5.30,88.86,4.53
1771,554743693,"01771M21:01:07.044","01771 20:49:07",210.74,871.12,,,,"     ",5.30,87.87,4.47
1771,554743694,"01771M21:01:08.017","01771 20:49:08",210.71,871.11,,,,"     ",5.30,88.43,4.50
1771,554743695,"01771M21:01:08.991","01771 20:49:09",210.70,871.14,,,,"     ",5.30,87.73,4.47
1771,554743696,"01771M21:01:09.964","01771 20:49:10",210.71,871.14,,,,"     ",5.30,88.05,4.48
1771,554743697,"01771M21:01:10.937","01771 20:49:11",210.73,871.18,,,,"     ",5.30,88.48,4.50
1771,554743698,"01771M21:01:11.910","01771 20:49:12",210.76,871.14,,,,"     ",5.30,88.51,4.51
1771,554743699,"01771M21:01:12.884","01771 20:49:13",210.79,871.07,,,,"     ",5.30,88.66,4.51
1771,554743700,"01771M21:01:13.857","01771 20:49:14",210.81,871.07,,,,"     ",5.30,88.13,4.49
1771,554743701,"01771M21:01:14.830","01771 20:49:15",210.83,871.06,,,,"     ",5.30,88.05,4.48
1771,554743702,"01771M21:01:15.803","01771 20:49:16",210.85,871.11,,,,"     ",5.30,88.39,4.50
1771,554743703,"01771M21:01:16.777","01771 20:49:17",210.88,871.12,,,,"     ",5.30,88.30,4.49
1771,554743704,"01771M21:01:17.750","01771 20:49:18",210.92,871.10,,,,"     ",5.30,88.19,4.49
1771,554743705,"01771M21:01:18.723","01771 20:49:19",210.96,871.18,,,,"     ",5.30,88.01,4.48
1771,554743706,"01771M21:01:19.696","01771 20:49:20",211.01,871.14,,,,"     ",5.30,87.98,4.48
1771,554743707,"01771M21:01:20.670","01771 20:49:21",211.07,871.12,,,,"     ",5.30,88.34,4.50
1771,554743708,"01771M21:01:21.643","01771 20:49:22",211.13,871.05,,,,"     ",5.30,88.48,4.50
1771,554743709,"01771M21:01:22.616","01771 20:49:23",211.18,871.13,,,,"     ",5.30,88.32,4.50
1771,554743710,"01771M21:01:23.589","01771 20:49:24",211.22,871.08,,,,"     ",5.30,88.17,4.49
1771,554743711,"01771M21:01:24.563","01771 20:49:25",211.24,871.09,,,,"     ",5.30,88.17,4.49
1771,554743712,"01771M21:01:25.536","01771 20:49:26",211.26,871.20,,,,"     ",5.30,88.39,4.50
1771,554743713,"01771M21:01:26.509","01771 20:49:27",211.26,871.19,,,,"     ",5.30,88.24,4.49
1771,554743714,"01771M21:01:27.482","01771 20:49:28",211.25,871.12,,,,"     ",5.30,88.05,4.48
1771,554743715,"01771M21:01:28.456","01771 20:49:29",211.24,871.09,,,,"     ",5.30,88.29,4.49
1771,554743716,"01771M21:01:29.429","01771 20:49:30",211.22,871.13,,,,"     ",5.30,88.07,4.48
1771,554743717,"01771M21:01:30.402","01771 20:49:31",211.21,871.15,,,,"     ",5.30,88.48,4.50
1771,554743718,"01771M21:01:31.375","01771 20:49:32",211.21,871.09,,,,"     ",5.30,88.64,4.51
1771,554743719,"01771M21:01:32.349","01771 20:49:33",211.21,871.15,,,,"     ",5.30,88.48,4.50
1771,554743720,"01771M21:01:33.322","01771 20:49:34",211.23,871.14,,,,"     ",5.30,88.28,4.50
1771,554743721,"01771M21:01:34.295","01771 20:49:35",211.25,871.17,,,,"     ",5.30,88.16,4.49
1771,554743722,"01771M21:01:35.268","01771 20:49:36",211.26,871.15,,,,"     ",5.30,88.16,4.49
1771,554743723,"01771M21:01:36.242","01771 20:49:37",211.28,871.23,,,,"     ",5.30,88.85,4.52
1771,554743724,"01771M21:01:37.215","01771 20:49:38",211.29,871.18,,,,"     ",5.30,88.34,4.50
1771,554743725,"01771M21:01:38.188","01771 20:49:39",211.28,871.18,,,,"     ",5.30,88.17,4.49
1771,554743726,"01771M21:01:39.161","01771 20:49:40",211.26,871.18,,,,"     ",5.30,88.22,4.49
1771,554743727,"01771M21:01:40.135","01771 20:49:41",211.22,871.24,,,,"     ",5.30,88.36,4.50
1771,554743728,"01771M21:01:41.108","01771 20:49:42",211.18,871.18,,,,"     ",5.30,88.11,4.49
1771,554743729,"01771M21:01:42.081","01771 20:49:42",211.14,871.20,,,,"     ",5.30,88.25,4.49
1771,554743730,"01771M21:01:43.055","01771 20:49:43",211.12,871.13,,,,"     ",5.30,88.29,4.50
1771,554743731,"01771M21:01:44.028","01771 20:49:44",211.10,871.19,,,,"     ",5.30,88.40,4.50
1771,554743732,"01771M21:01:45.001","01771 20:49:45",211.10,871.21,,,,"     ",5.30,88.11,4.49
1771,554743733,"01771M21:01:45.974","01771 20:49:46",211.12,871.19,,,,"     ",5.30,87.97,4.48
1771,554743734,"01771M21:01:46.948","01771 20:49:47",211.15,871.21,,,,"     ",5.30,88.72,4.52
1771,554743735,"01771M21:01:47.921","01771 20:49:48",211.19,871.24,,,,"     ",5.30,88.25,4.50
1771,554743736,"01771M21:01:48.894","01771 20:49:49",211.23,871.32,,,,"     ",5.30,88.53,4.51
1771,554743737,"01771M21:01:49.867","01771 20:49:50",211.26,871.27,,,,"     ",5.30,88.54,4.51
1771,554743738,"01771M21:01:50.841","01771 20:49:51",211.30,871.20,,,,"     ",5.30,87.93,4.48
1771,554743739,"01771M21:01:51.814","01771 20:49:52",211.33,871.27,,,,"     ",5.30,89.15,4.54
1771,554743740,"01771M21:01:52.787","01771 20:49:53",211.36,871.23,,,,"     ",5.30,88.37,4.50
1771,554743741,"01771M21:01:53.760","01771 20:49:54",211.38,871.10,,,,"     ",5.30,88.54,4.51
1771,554743742,"01771M21:01:54.734","01771 20:49:55",211.40,871.17,,,,"     ",5.30,88.28,4.50
1771,554743743,"01771M21:01:55.707","01771 20:49:56",211.41,871.31,,,,"     ",5.30,88.42,4.51
1771,554743744,"01771M21:01:56.680","01771 20:49:57",211.42,871.27,,,,"     ",5.30,88.89,4.53
1771,554743745,"01771M21:01:57.653","01771 20:49:58",211.42,871.17,,,,"     ",5.30,88.58,4.51
1771,554743746,"01771M21:01:58.627","01771 20:49:59",211.40,871.22,,,,"     ",5.30,88.78,4.52
1771,554743747,"01771M21:01:59.600","01771 20:50:00",211.36,871.21,,,,"     ",5.30,88.67,4.52
1771,554743748,"01771M21:02:00.573","01771 20:50:01",211.30,871.23,,,,"     ",5.30,88.56,4.51
1771,554743749,"01771M21:02:01.546","01771 20:50:02",211.24,871.24,,,,"     ",5.30,88.56,4.51
1771,554743750,"01771M21:02:02.520","01771 20:50:03",211.16,871.16,,,,"     ",5.30,88.97,4.54
1771,554743751,"01771M21:02:03.493","01771 20:50:04",211.08,871.15,,,,"     ",5.30,88.74,4.52
1771,554743752,"01771M21:02:04.466","01771 20:50:05",211.00,871.22,,,,"     ",5.30,88.70,4.52
1771,554743753,"01771M21:02:05.439","01771 20:50:06",210.91,871.23,,,,"     ",5.30,88.28,4.50
1771,554743754,"01771M21:02:06.413","01771 20:50:07",210.83,871.18,,,,"     ",5.30,88.35,4.50
1771,554743755,"01771M21:02:07.386","01771 20:50:08",210.76,871.14,,,,"     ",5.30,87.93,4.48
1771,554743756,"01771M21:02:08.359","01771 20:50:09",210.68,871.20,,,,"     ",5.30,88.44,4.51
1771,554743757,"01771M21:02:09.332","01771 20:50:10",210.62,871.21,,,,"     ",5.30,88.09,4.49
1771,554743758,"01771M21:02:10.306","01771 20:50:11",210.56,871.23,,,,"     ",5.30,88.09,4.49
1771,554743759,"01771M21:02:11.279","01771 20:50:12",210.52,871.23,,,,"     ",5.30,88.24,4.50
1771,554743760,"01771M21:02:12.252","01771 20:50:13",210.51,871.17,,,,"     ",5.30,87.82,4.48
1771,554743761,"01771M21:02:13.225","01771 20:50:14",210.51,871.23,,,,"     ",5.30,88.02,4.49
1771,554743762,"01771M21:02:14.199","01771 20:50:15",210.54,871.17,,,,"     ",5.30,88.02,4.49
1771,554743763,"01771M21:02:15.172","01771 20:50:16",210.60,871.29,,,,"     ",5.30,87.95,4.49
1771,554743764,"01771M21:02:16.145","01771 20:50:17",210.68,871.12,,,,"     ",5.30,87.59,4.47
1771,554743765,"01771M21:02:17.118","01771 20:50:18",210.76,871.16,,,,"     ",5.30,88.17,4.50
1771,554743766,"01771M21:02:18.092","01771 20:50:18",210.86,871.18,,,,"     ",5.30,87.75,4.48
1771,554743767,"01771M21:02:19.065","01771 20:50:19",210.96,871.14,,,,"     ",5.30,88.12,4.50
1771,554743768,"01771M21:02:20.038","01771 20:50:20",211.06,871.12,,,,"     ",5.30,88.50,4.52
1771,554743769,"01771M21:02:21.011","01771 20:50:21",211.15,871.17,,,,"     ",5.30,88.13,4.50
1771,554743770,"01771M21:02:21.985","01771 20:50:22",211.24,871.20,,,,"     ",5.30,87.80,4.48
1771,554743771,"01771M21:02:22.958","01771 20:50:23",211.33,871.20,,,,"     ",5.30,87.93,4.49
1771,554743772,"01771M21:02:23.931","01771 20:50:24",211.41,871.24,,,,"     ",5.30,88.47,4.52
1771,554743773,"01771M21:02:24.904","01771 20:50:25",211.48,871.33,,,,"     ",5.30,87.91,4.49
1771,554743774,"01771M21:02:25.878","01771 20:50:26",211.55,871.26,,,,"     ",5.30,87.95,4.49
1771,554743775,"01771M21:02:26.851","01771 20:50:27",211.61,871.35,,,,"     ",5.30,88.49,4.52
1771,554743776,"01771M21:02:27.824","01771 20:50:28",211.67,871.18,,,,"     ",5.30,88.60,4.53
1771,554743777,"01771M21:02:28.797","01771 20:50:29",211.72,871.21,,,,"     ",5.30,88.18,4.50
1771,554743778,"01771M21:02:29.771","01771 20:50:30",211.77,871.29,,,,"     ",5.30,88.15,4.50
1771,554743779,"01771M21:02:30.744","01771 20:50:31",211.82,871.25,,,,"     ",5.30,88.89,4.54
1771,554743780,"01771M21:02:31.717","01771 20:50:32",211.86,871.21,,,,"     ",5.30,88.36,4.51
1771,554743781,"01771M21:02:32.690","01771 20:50:33",211.90,871.29,,,,"     ",5.30,88.35,4.51
1771,554743782,"01771M21:02:33.664","01771 20:50:34",211.92,871.25,,,,"     ",5.30,88.38,4.51
1771,554743783,"01771M21:02:34.637","01771 20:50:35",211.93,871.19,,,,"     ",5.30,88.71,4.53
1771,554743784,"01771M21:02:35.610","01771 20:50:36",211.92,871.19,,,,"     ",5.30,88.15,4.50
1771,554743785,"01771M21:02:36.583","01771 20:50:37",211.91,871.21,,,,"     ",5.30,88.21,4.50
1771,554743786,"01771M21:02:37.557","01771 20:50:38",211.89,871.22,,,,"     ",5.30,88.32,4.51
1771,554743787,"01771M21:02:38.530","01771 20:50:39",211.87,871.23,,,,"     ",5.30,88.71,4.53
1771,554743788,"01771M21:02:39.503","01771 20:50:40",211.84,871.27,,,,"     ",5.30,88.53,4.52
1771,554743789,"01771M21:02:40.476","01771 20:50:41",211.82,871.27,,,,"     ",5.30,88.90,4.54
1771,554743790,"01771M21:02:41.450","01771 20:50:42",211.79,871.24,,,,"     ",5.30,88.38,4.51
1771,554743791,"01771M21:02:42.423","01771 20:50:43",211.75,871.31,,,,"     ",5.30,88.32,4.51
1771,554743792,"01771M21:02:43.396","01771 20:50:44",211.70,871.28,,,,"     ",5.30,88.44,4.52
1771,554743793,"01771M21:02:44.369","01771 20:50:45",211.64,871.27,,,,"     ",5.30,88.18,4.50
1771,554743794,"01771M21:02:45.343","01771 20:50:46",211.56,871.24,,,,"     ",5.30,88.44,4.51
1771,554743795,"01771M21:02:46.316","01771 20:50:47",211.46,871.24,,,,"     ",5.30,88.22,4.51
1771,554743796,"01771M21:02:47.289","01771 20:50:48",211.35,871.29,,,,"     ",5.30,88.03,4.49
1771,554743797,"01771M21:02:48.262","01771 20:50:49",211.23,871.23,,,,"     ",5.30,88.21,4.50
1771,554743798,"01771M21:02:49.236","01771 20:50:50",211.11,871.24,,,,"     ",5.30,87.78,4.48
1771,554743799,"01771M21:02:50.209","01771 20:50:51",210.98,871.18,,,,"     ",5.30,88.01,4.49
1771,554743800,"01771M21:02:51.182","01771 20:50:52",210.86,871.30,,,,"     ",5.30,88.24,4.51
1771,554743801,"01771M21:02:52.156","01771 20:50:53",210.76,871.30,,,,"     ",5.30,88.26,4.51
1771,554743802,"01771M21:02:53.129","01771 20:50:54",210.67,871.33,,,,"     ",5.30,87.66,4.48
1771,554743803,"01771M21:02:54.102","01771 20:50:55",210.59,871.22,,,,"     ",5.30,87.99,4.49
1771,554743804,"01771M21:02:55.075","01771 20:50:55",210.53,871.16,,,,"     ",5.30,88.29,4.51
1771,554743805,"01771M21:02:56.049","01771 20:50:56",210.49,871.27,,,,"     ",5.30,87.79,4.49
1771,554743806,"01771M21:02:57.022","01771 20:50:57",210.46,871.32,,,,"     ",5.30,88.56,4.53
1771,554743807,"01771M21:02:57.995","01771 20:50:58",210.44,871.27,,,,"     ",5.30,88.08,4.50
1771,554743808,"01771M21:02:58.968","01771 20:50:59",210.44,871.35,,,,"     ",5.30,88.25,4.51
1771,554743809,"01771M21:02:59.942","01771 20:51:00",210.45,871.36,,,,"     ",5.30,88.07,4.50
1771,554743810,"01771M21:03:00.915","01771 20:51:01",210.48,871.38,,,,"     ",5.30,88.18,4.51
1771,554743811,"01771M21:03:01.888","01771 20:51:02",210.53,871.37,,,,"     ",5.30,87.61,4.48
1771,554743812,"01771M21:03:02.861","01771 20:51:03",210.59,871.37,,,,"     ",5.30,88.25,4.51
1771,554743813,"01771M21:03:03.835","01771 20:51:04",210.68,871.39,,,,"     ",5.30,88.16,4.51
1771,554743814,"01771M21:03:04.808","01771 20:51:05",210.78,871.37,,,,"     ",5.30,87.97,4.50
1771,554743815,"01771M21:03:05.781","01771 20:51:06",210.90,871.37,,,,"     ",5.30,87.27,4.46
1771,554743816,"01771M21:03:06.754","01771 20:51:07",211.02,871.37,,,,"     ",5.30,87.61,4.48
1771,554743817,"01771M21:03:07.728","01771 20:51:08",211.14,871.32,,,,"     ",5.30,87.98,4.50
1771,554743818,"01771M21:03:08.701","01771 20:51:09",211.24,871.33,,,,"     ",5.30,87.71,4.48
1771,554743819,"01771M21:03:09.674","01771 20:51:10",211.31,871.29,,,,"     ",5.30,87.52,4.48
1771,554743820,"01771M21:03:10.647","01771 20:51:11",211.37,871.29,,,,"     ",5.30,88.31,4.52
1771,554743821,"01771M21:03:11.621","01771 20:51:12",211.41,871.27,,,,"     ",5.30,88.30,4.52
1771,554743822,"01771M21:03:12.594","01771 20:51:13",211.43,871.26,,,,"     ",5.30,88.10,4.51
1771,554743823,"01771M21:03:13.567","01771 20:51:14",211.43,871.25,,,,"     ",5.30,87.79,4.49
1771,554743824,"01771M21:03:14.540","01771 20:51:15",211.41,871.30,,,,"     ",5.30,87.99,4.50
1771,554743825,"01771M21:03:15.514","01771 20:51:16",211.37,871.36,,,,"     ",5.30,87.86,4.50
1771,554743826,"01771M21:03:16.487","01771 20:51:17",211.31,871.26,,,,"     ",5.30,88.52,4.53
1771,554743827,"01771M21:03:17.460","01771 20:51:18",211.24,871.24,,,,"     ",5.30,88.25,4.52
1771,554743828,"01771M21:03:18.433","01771 20:51:19",211.15,871.33,,,,"     ",5.30,87.73,4.49
1771,554743829,"01771M21:03:19.407","01771 20:51:20",211.06,871.27,,,,"     ",5.30,88.54,4.53
1771,554743830,"01771M21:03:20.380","01771 20:51:21",210.97,871.24,,,,"     ",5.30,88.52,4.53
1771,554743831,"01771M21:03:21.353","01771 20:51:22",210.88,871.28,,,,"     ",5.30,87.85,4.50
1771,554743832,"01771M21:03:22.326","01771 20:51:23",210.80,871.31,,,,"     ",5.30,87.80,4.50
1771,554743833,"01771M21:03:23.300","01771 20:51:24",210.73,871.39,,,,"     ",5.30,87.99,4.51
1771,554743834,"01771M21:03:24.273","01771 20:51:25",210.68,871.43,,,,"     ",5.30,87.96,4.50
1771,554743835,"01771M21:03:25.246","01771 20:51:26",210.64,871.32,,,,"     ",5.30,88.00,4.51
1771,554743836,"01771M21:03:26.219","01771 20:51:27",210.62,871.30,,,,"     ",5.30,87.95,4.50
1771,554743837,"01771M21:03:27.193","01771 20:51:28",210.62,871.32,,,,"     ",5.30,87.49,4.48
1771,554743838,"01771M21:03:28.166","01771 20:51:29",210.63,871.38,,,,"     ",5.30,86.99,4.45
1771,554743839,"01771M21:03:29.139","01771 20:51:30",210.64,871.40,,,,"     ",5.30,87.86,4.50
1771,554743840,"01771M21:03:30.112","01771 20:51:31",210.66,871.40,,,,"     ",5.30,87.55,4.49
1771,554743841,"01771M21:03:31.086","01771 20:51:32",210.68,871.32,,,,"     ",5.30,87.56,4.49
1771,554743842,"01771M21:03:32.059","01771 20:51:32",210.69,871.46,,,,"     ",5.30,87.46,4.48
1771,554743843,"01771M21:03:33.032","01771 20:51:33",210.69,871.38,,,,"     ",5.30,87.90,4.51
1771,554743844,"01771M21:03:34.005","01771 20:51:34",210.69,871.30,,,,"     ",5.30,87.25,4.47
1771,554743845,"01771M21:03:34.979","01771 20:51:35",210.69,871.34,,,,"     ",5.30,87.63,4.49
1771,554743846,"01771M21:03:35.952","01771 20:51:36",210.69,871.31,,,,"     ",5.30,87.40,4.48
1771,554743847,"01771M21:03:36.925","01771 20:51:37",210.69,871.39,,,,"     ",5.30,87.48,4.49
1771,554743848,"01771M21:03:37.898","01771 20:51:38",210.69,871.36,,,,"     ",5.30,87.40,4.48
1771,554743849,"01771M21:03:38.872","01771 20:51:39",210.70,871.37,,,,"     ",5.30,87.09,4.47
1771,554743850,"01771M21:03:39.845","01771 20:51:40",210.70,871.42,,,,"     ",5.30,87.03,4.47
1771,554743851,"01771M21:03:40.818","01771 20:51:41",210.70,871.38,,,,"     ",5.30,87.29,4.48
1771,554743852,"01771M21:03:41.791","01771 20:51:42",210.69,871.37,,,,"     ",5.30,87.82,4.51
1771,554743853,"01771M21:03:42.765","01771 20:51:43",210.68,871.46,,,,"     ",5.30,87.76,4.51
1771,554743854,"01771M21:03:43.738","01771 20:51:44",210.66,871.38,,,,"     ",5.30,87.60,4.50
1771,554743855,"01771M21:03:44.711","01771 20:51:45",210.64,871.29,,,,"     ",5.30,86.97,4.47
1771,554743856,"01771M21:03:45.684","01771 20:51:46",210.62,871.39,,,,"     ",5.30,87.20,4.48
1771,554743857,"01771M21:03:46.658","01771 20:51:47",210.59,871.35,,,,"     ",5.30,87.07,4.47
1771,554743858,"01771M21:03:47.631","01771 20:51:48",210.57,871.40,,,,"     ",5.30,86.43,4.44
1771,554743859,"01771M21:03:48.604","01771 20:51:49",210.55,871.42,,,,"     ",5.30,87.03,4.47
1771,554743860,"01771M21:03:49.577","01771 20:51:50",210.53,871.46,,,,"     ",5.30,87.50,4.50
1771,554743861,"01771M21:03:50.551","01771 20:51:51",210.52,871.47,,,,"     ",5.30,87.04,4.48
1771,554743862,"01771M21:03:51.524","01771 20:51:52",210.50,871.51,,,,"     ",5.30,87.70,4.51
1771,554743863,"01771M21:03:52.497","01771 20:51:53",210.48,871.44,,,,"     ",5.30,87.17,4.49
1771,554743864,"01771M21:03:53.470","01771 20:51:54",210.45,871.50,,,,"     ",5.30,86.81,4.47
1771,554743865,"01771M21:03:54.444","01771 20:51:55",210.40,871.50,,,,"     ",5.30,87.11,4.48
1771,554743866,"01771M21:03:55.417","01771 20:51:56",210.35,871.38,,,,"     ",5.30,86.51,4.45
1771,554743867,"01771M21:03:56.390","01771 20:51:57",210.30,871.40,,,,"     ",5.30,87.32,4.50
1771,554743868,"01771M21:03:57.363","01771 20:51:58",210.25,871.40,,,,"     ",5.30,86.78,4.47
1771,554743869,"01771M21:03:58.337","01771 20:51:59",210.22,871.48,,,,"     ",5.30,87.35,4.50
1771,554743870,"01771M21:03:59.310","01771 20:52:00",210.21,871.49,,,,"     ",5.30,87.04,4.49
1771,554743871,"01771M21:04:00.283","01771 20:52:01",210.22,871.40,,,,"     ",5.30,87.37,4.50
1771,554743872,"01771M21:04:01.257","01771 20:52:02",210.24,871.48,,,,"     ",5.30,87.12,4.49
1771,554743873,"01771M21:04:02.230","01771 20:52:03",210.28,871.44,,,,"     ",5.30,86.71,4.47
1771,554743874,"01771M21:04:03.203","01771 20:52:04",210.33,871.41,,,,"     ",5.30,86.92,4.48
1771,554743875,"01771M21:04:04.176","01771 20:52:05",210.37,871.42,,,,"     ",5.30,87.01,4.49
1771,554743876,"01771M21:04:05.150","01771 20:52:06",210.41,871.44,,,,"     ",5.30,86.50,4.46
1771,554743877,"01771M21:04:06.123","01771 20:52:07",210.44,871.44,,,,"     ",5.30,86.56,4.47
1771,554743878,"01771M21:04:07.096","01771 20:52:08",210.45,871.45,,,,"     ",5.30,86.57,4.47
1771,554743879,"01771M21:04:08.069","01771 20:52:08",210.44,871.43,,,,"     ",5.30,86.75,4.48
1771,554743880,"01771M21:04:09.043","01771 20:52:09",210.43,871.51,,,,"     ",5.30,85.90,4.43
1771,554743881,"01771M21:04:10.016","01771 20:52:10",210.40,871.54,,,,"     ",5.30,86.86,4.49
1771,554743882,"01771M21:04:10.989","01771 20:52:11",210.37,871.53,,,,"     ",5.30,85.89,4.44
1771,554743883,"01771M21:04:11.962","01771 20:52:12",210.34,871.55,,,,"     ",5.30,86.50,4.47
1771,554743884,"01771M21:04:12.936","01771 20:52:13",210.30,871.58,,,,"     ",5.30,86.44,4.47
1771,554743885,"01771M21:04:13.909","01771 20:52:14",210.26,871.43,,,,"     ",5.30,86.37,4.46
1771,554743886,"01771M21:04:14.882","01771 20:52:15",210.22,871.50,,,,"     ",5.30,86.51,4.47
1771,554743887,"01771M21:04:15.855","01771 20:52:16",210.17,871.46,,,,"     ",5.30,86.37,4.47
1771,554743888,"01771M21:04:16.829","01771 20:52:17",210.13,871.43,,,,"     ",5.30,86.39,4.47
1771,554743889,"01771M21:04:17.802","01771 20:52:18",210.10,871.45,,,,"     ",5.30,85.85,4.44
1771,554743890,"01771M21:04:18.775","01771 20:52:19",210.07,871.49,,,,"     ",5.30,85.64,4.43
1771,554743891,"01771M21:04:19.748","01771 20:52:20",210.06,871.45,,,,"     ",5.30,86.15,4.46
1771,554743892,"01771M21:04:20.722","01771 20:52:21",210.06,871.49,,,,"     ",5.30,86.60,4.48
1771,554743893,"01771M21:04:21.695","01771 20:52:22",210.06,871.49,,,,"     ",5.30,86.26,4.47
1771,554743894,"01771M21:04:22.668","01771 20:52:23",210.08,871.48,,,,"     ",5.30,86.85,4.50
1771,554743895,"01771M21:04:23.641","01771 20:52:24",210.09,871.48,,,,"     ",5.30,85.65,4.44
1771,554743896,"01771M21:04:24.615","01771 20:52:25",210.12,871.47,,,,"     ",5.30,86.20,4.47
1771,554743897,"01771M21:04:25.588","01771 20:52:26",210.14,871.48,,,,"     ",5.30,86.00,4.46
1771,554743898,"01771M21:04:26.561","01771 20:52:27",210.17,871.46,,,,"     ",5.30,85.92,4.46
1771,554743899,"01771M21:04:27.534","01771 20:52:28",210.19,871.45,,,,"     ",5.30,85.21,4.42
1771,554743900,"01771M21:04:28.508","01771 20:52:29",210.21,871.47,,,,"     ",5.30,85.84,4.45
1771,554743901,"01771M21:04:29.481","01771 20:52:30",209.35,871.45,,,,"     ",5.30,85.60,4.44
1771,554743902,"01771M21:04:30.454","01771 20:52:31",209.37,871.48,,,,"     ",5.30,86.35,4.48
1771,554743903,"01771M21:04:31.427","01771 20:52:32",209.35,871.49,,,,"     ",5.30,85.88,4.46
1771,554743904,"01771M21:04:32.401","01771 20:52:33",209.31,871.44,,,,"     ",5.30,85.61,4.44
1771,554743905,"01771M21:04:33.374","01771 20:52:34",209.25,871.47,,,,"     ",5.30,85.58,4.44
1771,554743906,"01771M21:04:34.347","01771 20:52:35",209.17,871.49,,,,"     ",5.30,85.50,4.44
1771,554743907,"01771M21:04:35.320","01771 20:52:36",209.08,871.56,,,,"     ",5.30,85.62,4.45
1771,554743908,"01771M21:04:36.294","01771 20:52:37",208.98,871.51,,,,"     ",5.30,86.00,4.47
1771,554743909,"01771M21:04:37.267","01771 20:52:38",208.90,871.57,,,,"     ",5.30,86.02,4.47
1771,554743910,"01771M21:04:38.240","01771 20:52:39",209.94,871.50,,,,"     ",5.30,85.86,4.46
1771,554743911,"01771M21:04:39.213","01771 20:52:40",209.93,871.51,,,,"     ",5.30,85.70,4.46
1771,554743912,"01771M21:04:40.187","01771 20:52:41",209.93,871.55,,,,"     ",5.30,85.10,4.42
1771,554743913,"01771M21:04:41.160","01771 20:52:42",209.94,871.54,,,,"     ",5.30,85.50,4.45
1771,554743914,"01771M21:04:42.133","01771 20:52:43",209.95,871.43,,,,"     ",5.30,86.13,4.48
1771,554743915,"01771M21:04:43.106","01771 20:52:44",209.97,871.42,,,,"     ",5.30,85.84,4.47
1771,554743916,"01771M21:04:44.080","01771 20:52:45",209.98,871.44,,,,"     ",5.30,85.50,4.45
1771,554743917,"01771M21:04:45.053","01771 20:52:45",209.98,871.42,,,,"     ",5.30,85.85,4.47
1771,554743918,"01771M21:04:46.026","01771 20:52:46",209.98,871.49,,,,"     ",5.30,85.59,4.46
1771,554743919,"01771M21:04:46.999","01771 20:52:47",209.97,871.49,,,,"     ",5.30,85.25,4.44
1771,554743920,"01771M21:04:47.973","01771 20:52:48",209.96,871.47,,,,"     ",5.30,85.40,4.45
1771,554743921,"01771M21:04:48.946","01771 20:52:49",209.95,871.44,,,,"     ",5.30,85.92,4.48
1771,554743922,"01771M21:04:49.919","01771 20:52:50",209.94,871.47,,,,"     ",5.30,85.43,4.45
1771,554743923,"01771M21:04:50.892","01771 20:52:51",208.88,871.52,,,,"     ",5.30,85.72,4.47
1771,554743924,"01771M21:04:51.866","01771 20:52:52",208.92,871.40,,,,"     ",5.30,86.05,4.49
1771,554743925,"01771M21:04:52.839","01771 20:52:53",208.97,871.56,,,,"     ",5.30,85.38,4.45
1771,554743926,"01771M21:04:53.812","01771 20:52:54",209.00,871.49,,,,"     ",5.30,86.02,4.49
1771,554743927,"01771M21:04:54.785","01771 20:52:55",209.04,871.51,,,,"     ",5.30,85.79,4.47
1771,554743928,"01771M21:04:55.759","01771 20:52:56",209.06,871.53,,,,"     ",5.30,85.28,4.45
1771,554743929,"01771M21:04:56.732","01771 20:52:57",209.07,871.53,,,,"     ",5.30,84.99,4.43
1771,554743930,"01771M21:04:57.705","01771 20:52:58",209.08,871.55,,,,"     ",5.30,85.39,4.46
1771,554743931,"01771M21:04:58.678","01771 20:52:59",209.08,871.56,,,,"     ",5.30,85.19,4.45
1771,554743932,"01771M21:04:59.652","01771 20:53:00",209.07,871.54,,,,"     ",5.30,85.43,4.46
1771,554743933,"01771M21:05:00.625","01771 20:53:01",209.06,871.55,,,,"     ",5.30,85.41,4.46
1771,554743934,"01771M21:05:01.598","01771 20:53:02",209.06,871.59,,,,"     ",5.30,85.78,4.48
1771,554743935,"01771M21:05:02.571","01771 20:53:03",209.06,871.57,,,,"     ",5.30,85.34,4.46
1771,554743936,"01771M21:05:03.545","01771 20:53:04",209.07,871.60,,,,"     ",5.30,85.53,4.47
1771,554743937,"01771M21:05:04.518","01771 20:53:05",209.08,871.54,,,,"     ",5.30,85.59,4.47
1771,554743938,"01771M21:05:05.491","01771 20:53:06",209.10,871.57,,,,"     ",5.30,85.59,4.47
1771,554743939,"01771M21:05:06.464","01771 20:53:07",209.11,871.58,,,,"     ",5.30,85.65,4.48
1771,554743940,"01771M21:05:07.438","01771 20:53:08",209.12,871.55,,,,"     ",5.30,84.92,4.44
1771,554743941,"01771M21:05:08.411","01771 20:53:09",209.11,871.57,,,,"     ",5.30,85.30,4.46
1771,554743942,"01771M21:05:09.384","01771 20:53:10",209.09,871.56,,,,"     ",5.30,84.87,4.44
1771,554743943,"01771M21:05:10.358","01771 20:53:11",209.06,871.61,,,,"     ",5.30,85.42,4.47
1771,554743944,"01771M21:05:11.331","01771 20:53:12",209.03,871.54,,,,"     ",5.30,85.19,4.46
1771,554743945,"01771M21:05:12.304","01771 20:53:13",208.98,871.54,,,,"     ",5.30,85.06,4.45
1771,554743946,"01771M21:05:13.277","01771 20:53:14",208.94,871.47,,,,"     ",5.30,85.24,4.46
1771,554743947,"01771M21:05:14.251","01771 20:53:15",208.90,871.51,,,,"     ",5.30,85.60,4.48
1771,554743948,"01771M21:05:15.224","01771 20:53:16",208.88,871.57,,,,"     ",5.30,85.27,4.46
1771,554743949,"01771M21:05:16.197","01771 20:53:17",208.86,871.53,,,,"     ",5.30,85.04,4.45
1771,554743950,"01771M21:05:17.170","01771 20:53:18",208.86,871.61,,,,"     ",5.30,84.95,4.45
1771,554743951,"01771M21:05:18.144","01771 20:53:19",208.86,871.54,,,,"     ",5.30,84.94,4.45
1771,554743952,"01771M21:05:19.117","01771 20:53:20",208.84,871.62,,,,"     ",5.30,84.82,4.44
1771,554743953,"01771M21:05:20.090","01771 20:53:21",208.82,871.61,,,,"     ",5.30,84.85,4.45
1771,554743954,"01771M21:05:21.063","01771 20:53:22",208.79,871.56,,,,"     ",5.30,84.89,4.45
1771,554743955,"01771M21:05:22.037","01771 20:53:22",208.74,871.58,,,,"     ",5.30,85.12,4.46
1771,554743956,"01771M21:05:23.010","01771 20:53:23",208.69,871.56,,,,"     ",5.30,85.09,4.46
1771,554743957,"01771M21:05:23.983","01771 20:53:24",208.65,871.58,,,,"     ",5.30,84.84,4.45
1771,554743958,"01771M21:05:24.956","01771 20:53:25",208.67,871.60,,,,"     ",5.30,84.73,4.44
1771,554743959,"01771M21:05:25.930","01771 20:53:26",208.70,871.52,,,,"     ",5.30,84.83,4.45
1771,554743960,"01771M21:05:26.903","01771 20:53:27",208.72,871.63,,,,"     ",5.30,84.68,4.44
1771,554743961,"01771M21:05:27.876","01771 20:53:28",208.74,871.65,,,,"     ",5.30,84.66,4.44
1771,554743962,"01771M21:05:28.849","01771 20:53:29",208.75,871.55,,,,"     ",5.30,84.55,4.44
1771,554743963,"01771M21:05:29.823","01771 20:53:30",208.75,871.61,,,,"     ",5.30,84.89,4.46
1771,554743964,"01771M21:05:30.796","01771 20:53:31",208.75,871.64,,,,"     ",5.30,84.70,4.45
1771,554743965,"01771M21:05:31.769","01771 20:53:32",208.74,871.65,,,,"     ",5.30,84.96,4.46
1771,554743966,"01771M21:05:32.742","01771 20:53:33",208.73,871.64,,,,"     ",5.30,84.73,4.45
1771,554743967,"01771M21:05:33.716","01771 20:53:34",208.72,871.67,,,,"     ",5.30,84.62,4.45
1771,554743968,"01771M21:05:34.689","01771 20:53:35",208.70,871.58,,,,"     ",5.30,84.75,4.45
1771,554743969,"01771M21:05:35.662","01771 20:53:36",208.68,871.51,,,,"     ",5.30,84.62,4.45
1771,554743970,"01771M21:05:36.635","01771 20:53:37",208.66,871.52,,,,"     ",5.30,84.81,4.46
1771,554743971,"01771M21:05:37.609","01771 20:53:38",208.64,871.50,,,,"     ",5.30,84.79,4.46
1771,554743972,"01771M21:05:38.582","01771 20:53:39",208.61,871.51,,,,"     ",5.30,84.68,4.45
1771,554743973,"01771M21:05:39.555","01771 20:53:40",208.59,871.57,,,,"     ",5.30,85.03,4.47
1771,554743974,"01771M21:05:40.528","01771 20:53:41",209.77,871.55,,,,"     ",5.30,85.08,4.47
1771,554743975,"01771M21:05:41.502","01771 20:53:42",209.79,871.65,,,,"     ",5.30,85.02,4.47
1771,554743976,"01771M21:05:42.475","01771 20:53:43",209.81,871.68,,,,"     ",5.30,84.82,4.46
1771,554743977,"01771M21:05:43.448","01771 20:53:44",209.83,871.60,,,,"     ",5.30,85.19,4.48
1771,554747389,"01771M22:01:04.189","01771 21:49:05",212.79,874.34,,,,"     ",5.30,,
1771,554747390,"01771M22:01:05.162","01771 21:49:06",212.82,874.45,,,,"     ",5.30,50.99,6.25
1771,554747391,"01771M22:01:06.136","01771 21:49:07",212.85,874.41,,,,"     ",5.30,50.61,6.18
1771,554747392,"01771M22:01:07.109","01771 21:49:08",212.87,874.45,,,,"     ",5.30,50.93,6.21
1771,554747393,"01771M22:01:08.082","01771 21:49:09",212.89,874.33,,,,"     ",5.30,50.72,6.16
1771,554747394,"01771M22:01:09.055","01771 21:49:10",212.92,874.32,,,,"     ",5.30,51.06,6.19
1771,554747395,"01771M22:01:10.029","01771 21:49:11",212.94,874.34,,,,"     ",5.30,50.95,6.16
1771,554747396,"01771M22:01:11.002","01771 21:49:12",212.96,874.39,,,,"     ",5.30,51.03,6.16
1771,554747397,"01771M22:01:11.975","01771 21:49:13",212.97,874.31,,,,"     ",5.30,51.01,6.14
1771,554747398,"01771M22:01:12.948","01771 21:49:14",212.99,874.22,,,,"     ",5.30,51.11,6.14
1771,554747399,"01771M22:01:13.922","01771 21:49:15",213.01,874.28,,,,"     ",5.30,51.03,6.11
1771,554747400,"01771M22:01:14.895","01771 21:49:16",213.02,874.31,,,,"     ",5.30,51.09,6.10
1771,554747401,"01771M22:01:15.868","01771 21:49:17",213.03,874.36,,,,"     ",5.30,51.02,6.08
1771,554747402,"01771M22:01:16.841","01771 21:49:18",213.05,874.40,,,,"     ",5.30,51.27,6.10
1771,554747403,"01771M22:01:17.815","01771 21:49:19",213.07,874.36,,,,"     ",5.30,51.11,6.07
1771,554747404,"01771M22:01:18.788","01771 21:49:20",213.10,874.39,,,,"     ",5.30,51.48,6.10
1771,554747405,"01771M22:01:19.761","01771 21:49:21",213.12,874.36,,,,"     ",5.30,51.18,6.05
1771,554747406,"01771M22:01:20.734","01771 21:49:22",213.15,874.33,,,,"     ",5.30,51.16,6.04
1771,554747407,"01771M22:01:21.708","01771 21:49:23",213.17,874.31,,,,"     ",5.30,51.44,6.06
1771,554747408,"01771M22:01:22.681","01771 21:49:24",213.19,874.31,,,,"     ",5.30,51.60,6.06
1771,554747409,"01771M22:01:23.654","01771 21:49:25",213.19,874.36,,,,"     ",5.30,51.43,6.03
1771,554747410,"01771M22:01:24.627","01771 21:49:26",213.22,874.29,,,,"     ",5.30,51.15,5.99
1771,554747411,"01771M22:01:25.601","01771 21:49:27",213.25,874.23,,,,"     ",5.30,51.26,5.99
1771,554747412,"01771M22:01:26.574","01771 21:49:28",213.27,874.33,,,,"     ",5.30,51.57,6.02
1771,554747413,"01771M22:01:27.547","01771 21:49:29",213.27,874.36,,,,"     ",5.30,51.50,6.00
1771,554747414,"01771M22:01:28.520","01771 21:49:30",213.23,874.33,,,,"     ",5.30,51.61,6.00
1771,554747415,"01771M22:01:29.494","01771 21:49:31",213.18,874.33,,,,"     ",5.30,51.42,5.97
1771,554747416,"01771M22:01:30.467","01771 21:49:32",213.11,874.30,,,,"     ",5.30,51.55,5.97
1771,554747417,"01771M22:01:31.440","01771 21:49:33",213.05,874.29,,,,"     ",5.30,51.22,5.93
1771,554747418,"01771M22:01:32.413","01771 21:49:34",213.02,874.35,,,,"     ",5.30,51.60,5.96
1771,554747419,"01771M22:01:33.387","01771 21:49:35",213.00,874.35,,,,"     ",5.30,51.43,5.93
1771,554747420,"01771M22:01:34.360","01771 21:49:36",213.00,874.28,,,,"     ",5.30,51.73,5.96
1771,554747421,"01771M22:01:35.333","01771 21:49:37",213.02,874.21,,,,"     ",5.30,51.46,5.92
1771,554747422,"01771M22:01:36.306","01771 21:49:38",213.03,874.36,,,,"     ",5.30,51.59,5.92
1771,554747423,"01771M22:01:37.280","01771 21:49:39",213.03,874.40,,,,"     ",5.30,52.04,5.97
1771,554747424,"01771M22:01:38.253","01771 21:49:40",213.02,874.37,,,,"     ",5.30,51.61,5.91
1771,554747425,"01771M22:01:39.226","01771 21:49:40",213.03,874.40,,,,"     ",5.30,51.98,5.95
1771,554747426,"01771M22:01:40.199","01771 21:49:41",213.05,874.38,,,,"     ",5.30,51.90,5.93
1771,554747427,"01771M22:01:41.173","01771 21:49:42",213.09,874.37,,,,"     ",5.30,51.98,5.93
1771,554747428,"01771M22:01:42.146","01771 21:49:43",213.15,874.33,,,,"     ",5.30,51.78,5.90
1771,554747429,"01771M22:01:43.119","01771 21:49:44",213.21,874.34,,,,"     ",5.30,51.72,5.88
1771,554747430,"01771M22:01:44.092","01771 21:49:45",213.25,874.37,,,,"     ",5.30,51.96,5.91
1771,554747431,"01771M22:01:45.066","01771 21:49:46",213.25,874.30,,,,"     ",5.30,51.94,5.89
1771,554747432,"01771M22:01:46.039","01771 21:49:47",213.21,874.41,,,,"     ",5.30,51.73,5.86
1771,554747433,"01771M22:01:47.012","01771 21:49:48",213.13,874.35,,,,"     ",5.30,51.96,5.88
1771,554747434,"01771M22:01:47.985","01771 21:49:49",213.05,874.31,,,,"     ",5.30,51.95,5.87
1771,554747435,"01771M22:01:48.959","01771 21:49:50",212.98,874.40,,,,"     ",5.30,51.81,5.85
1771,554747436,"01771M22:01:49.932","01771 21:49:51",212.95,874.40,,,,"     ",5.30,52.13,5.88
1771,554747437,"01771M22:01:50.905","01771 21:49:52",212.95,874.39,,,,"     ",5.30,51.99,5.86
1771,554747438,"01771M22:01:51.878","01771 21:49:53",212.96,874.31,,,,"     ",5.30,52.08,5.86
1771,554747439,"01771M22:01:52.852","01771 21:49:54",212.97,874.33,,,,"     ",5.30,52.10,5.86
1771,554747440,"01771M22:01:53.825","01771 21:49:55",212.96,874.38,,,,"     ",5.30,52.15,5.86
1771,554747441,"01771M22:01:54.798","01771 21:49:56",212.94,874.39,,,,"     ",5.30,52.33,5.87
1771,554747442,"01771M22:01:55.771","01771 21:49:57",212.91,874.42,,,,"     ",5.30,52.15,5.85
1771,554747443,"01771M22:01:56.745","01771 21:49:58",212.88,874.33,,,,"     ",5.30,52.08,5.83
1771,554747444,"01771M22:01:57.718","01771 21:49:59",212.87,874.34,,,,"     ",5.30,52.23,5.84
1771,554747445,"01771M22:01:58.691","01771 21:50:00",212.88,874.21,,,,"     ",5.30,52.18,5.83
1771,554747446,"01771M22:01:59.664","01771 21:50:01",212.90,874.29,,,,"     ",5.30,52.14,5.82
1771,554747447,"01771M22:02:00.638","01771 21:50:02",212.94,874.26,,,,"     ",5.30,52.40,5.85
1771,554747448,"01771M22:02:01.611","01771 21:50:03",212.99,874.31,,,,"     ",5.30,52.34,5.83
1771,554747449,"01771M22:02:02.584","01771 21:50:04",213.03,874.31,,,,"     ",5.30,52.35,5.83
1771,554747450,"01771M22:02:03.557","01771 21:50:05",213.05,874.34,,,,"     ",5.30,52.13,5.80
1771,554747451,"01771M22:02:04.531","01771 21:50:06",213.06,874.38,,,,"     ",5.30,52.31,5.81
1771,554747452,"01771M22:02:05.504","01771 21:50:07",213.06,874.32,,,,"     ",5.30,52.41,5.82
1771,554747453,"01771M22:02:06.477","01771 21:50:08",213.07,874.43,,,,"     ",5.30,52.07,5.78
1771,554747454,"01771M22:02:07.450","01771 21:50:09",213.10,874.25,,,,"     ",5.30,52.65,5.84
1771,554747455,"01771M22:02:08.424","01771 21:50:10",213.16,874.36,,,,"     ",5.30,52.31,5.79
1771,554747456,"01771M22:02:09.397","01771 21:50:11",213.24,874.35,,,,"     ",5.30,52.49,5.81
1771,554747457,"01771M22:02:10.370","01771 21:50:12",213.31,874.39,,,,"     ",5.30,52.32,5.79
1771,554747458,"01771M22:02:11.343","01771 21:50:13",213.35,874.33,,,,"     ",5.30,52.54,5.80
1771,554747459,"01771M22:02:12.317","01771 21:50:14",213.37,874.36,,,,"     ",5.30,52.58,5.80
1771,554747460,"01771M22:02:13.290","01771 21:50:15",213.38,874.33,,,,"     ",5.30,52.57,5.80
1771,554747461,"01771M22:02:14.263","01771 21:50:16",213.38,874.32,,,,"     ",5.30,52.53,5.79
1771,554747462,"01771M22:02:15.237","01771 21:50:16",213.40,874.32,,,,"     ",5.30,52.58,5.79
1771,554747463,"01771M22:02:16.210","01771 21:50:17",213.43,874.31,,,,"     ",5.30,52.77,5.80
1771,554747464,"01771M22:02:17.183","01771 21:50:18",213.46,874.32,,,,"     ",5.30,52.79,5.80
1771,554747465,"01771M22:02:18.156","01771 21:50:19",213.48,874.32,,,,"     ",5.30,52.65,5.78
1771,554747466,"01771M22:02:19.130","01771 21:50:20",213.49,874.20,,,,"     ",5.30,52.67,5.78
1771,554747467,"01771M22:02:20.103","01771 21:50:21",213.50,874.29,,,,"     ",5.30,52.72,5.78
1771,554747468,"01771M22:02:21.076","01771 21:50:22",213.51,874.29,,,,"     ",5.30,52.69,5.77
1771,554747469,"01771M22:02:22.049","01771 21:50:23",213.52,874.25,,,,"     ",5.30,52.87,5.79
1771,554747470,"01771M22:02:23.023","01771 21:50:24",213.52,874.40,,,,"     ",5.30,52.72,5.77
1771,554747471,"01771M22:02:23.996","01771 21:50:25",213.53,874.28,,,,"     ",5.30,52.97,5.79
1771,554747472,"01771M22:02:24.969","01771 21:50:26",213.52,874.31,,,,"     ",5.30,53.05,5.79
1771,554747473,"01771M22:02:25.942","01771 21:50:27",213.51,874.35,,,,"     ",5.30,52.80,5.76
1771,554747474,"01771M22:02:26.916","01771 21:50:28",213.49,874.33,,,,"     ",5.30,52.91,5.77
1771,554747475,"01771M22:02:27.889","01771 21:50:29",213.45,874.35,,,,"     ",5.30,53.22,5.80
1771,554747476,"01771M22:02:28.862","01771 21:50:30",213.40,874.36,,,,"     ",5.30,52.85,5.76
1771,554747477,"01771M22:02:29.835","01771 21:50:31",213.36,874.35,,,,"     ",5.30,52.65,5.73
1771,554747478,"01771M22:02:30.809","01771 21:50:32",213.33,874.34,,,,"     ",5.30,52.95,5.76
1771,554747479,"01771M22:02:31.782","01771 21:50:33",213.32,874.40,,,,"     ",5.30,52.92,5.75
1771,554747480,"01771M22:02:32.755","01771 21:50:34",213.32,874.36,,,,"     ",5.30,52.71,5.72
1771,554747481,"01771M22:02:33.728","01771 21:50:35",213.33,874.41,,,,"     ",5.30,52.80,5.73
1771,554747482,"01771M22:02:34.702","01771 21:50:36",213.33,874.36,,,,"     ",5.30,52.91,5.74
1771,554747483,"01771M22:02:35.675","01771 21:50:37",213.31,874.39,,,,"     ",5.30,52.90,5.74
1771,554747484,"01771M22:02:36.648","01771 21:50:38",213.28,874.35,,,,"     ",5.30,52.74,5.71
1771,554747485,"01771M22:02:37.621","01771 21:50:39",213.25,874.40,,,,"     ",5.30,52.95,5.73
1771,554747486,"01771M22:02:38.595","01771 21:50:40",213.24,874.30,,,,"     ",5.30,53.28,5.77
1771,554747487,"01771M22:02:39.568","01771 21:50:41",213.25,874.40,,,,"     ",5.30,52.93,5.73
1771,554747488,"01771M22:02:40.541","01771 21:50:42",213.30,874.42,,,,"     ",5.30,53.05,5.74
1771,554747489,"01771M22:02:41.514","01771 21:50:43",213.36,874.36,,,,"     ",5.30,53.00,5.73
1771,554747490,"01771M22:02:42.488","01771 21:50:44",213.39,874.39,,,,"     ",5.30,52.68,5.69
1771,554747491,"01771M22:02:43.461","01771 21:50:45",213.41,874.32,,,,"     ",5.30,52.92,5.71
1771,554747492,"01771M22:02:44.434","01771 21:50:46",213.39,874.29,,,,"     ",5.30,53.03,5.72
1771,554747493,"01771M22:02:45.407","01771 21:50:47",213.34,874.28,,,,"     ",5.30,52.88,5.70
1771,554747494,"01771M22:02:46.381","01771 21:50:48",213.28,874.35,,,,"     ",5.30,53.23,5.74
1771,554747495,"01771M22:02:47.354","01771 21:50:49",213.21,874.30,,,,"     ",5.30,53.05,5.71
1771,554747496,"01771M22:02:48.327","01771 21:50:50",213.16,874.33,,,,"     ",5.30,53.21,5.73
1771,554747497,"01771M22:02:49.300","01771 21:50:51",213.11,874.34,,,,"     ",5.30,53.10,5.71
1771,554747498,"01771M22:02:50.274","01771 21:50:52",213.08,874.33,,,,"     ",5.30,53.00,5.70
1771,554747499,"01771M22:02:51.247","01771 21:50:53",213.06,874.30,,,,"     ",5.30,53.15,5.71
1771,554747500,"01771M22:02:52.220","01771 21:50:53",213.05,874.37,,,,"     ",5.30,53.27,5.73
1771,554747501,"01771M22:02:53.193","01771 21:50:54",213.04,874.35,,,,"     ",5.30,53.18,5.71
1771,554747502,"01771M22:02:54.167","01771 21:50:55",213.05,874.36,,,,"     ",5.30,53.22,5.71
1771,554747503,"01771M22:02:55.140","01771 21:50:56",213.09,874.31,,,,"     ",5.30,53.10,5.70
1771,554747504,"01771M22:02:56.113","01771 21:50:57",213.15,874.33,,,,"     ",5.30,53.15,5.70
1771,554747505,"01771M22:02:57.086","01771 21:50:58",213.23,874.24,,,,"     ",5.30,53.20,5.71
1771,554747506,"01771M22:02:58.060","01771 21:50:59",213.32,874.44,,,,"     ",5.30,53.15,5.70
1771,554747507,"01771M22:02:59.033","01771 21:51:00",213.42,874.37,,,,"     ",5.30,53.25,5.70
1771,554747508,"01771M22:03:00.006","01771 21:51:01",213.51,874.36,,,,"     ",5.30,53.43,5.72
1771,554747509,"01771M22:03:00.979","01771 21:51:02",213.59,874.36,,,,"     ",5.30,53.11,5.69
1771,554747510,"01771M22:03:01.953","01771 21:51:03",213.65,874.36,,,,"     ",5.30,53.26,5.70
1771,554747511,"01771M22:03:02.926","01771 21:51:04",213.68,874.32,,,,"     ",5.30,53.03,5.67
1771,554747512,"01771M22:03:03.899","01771 21:51:05",213.69,874.47,,,,"     ",5.30,52.77,5.64
1771,554747513,"01771M22:03:04.872","01771 21:51:06",213.69,874.42,,,,"     ",5.30,53.00,5.66
1771,554747514,"01771M22:03:05.846","01771 21:51:07",213.70,874.47,,,,"     ",5.30,53.07,5.67
1771,554747515,"01771M22:03:06.819","01771 21:51:08",213.72,874.47,,,,"     ",5.30,53.12,5.67
1771,554747516,"01771M22:03:07.792","01771 21:51:09",213.73,874.39,,,,"     ",5.30,53.39,5.70
1771,554747517,"01771M22:03:08.765","01771 21:51:10",213.75,874.38,,,,"     ",5.30,53.15,5.67
1771,554747518,"01771M22:03:09.739","01771 21:51:11",213.76,874.44,,,,"     ",5.30,53.40,5.70
1771,554747519,"01771M22:03:10.712","01771 21:51:12",213.76,874.38,,,,"     ",5.30,53.11,5.66
1771,554747520,"01771M22:03:11.685","01771 21:51:13",213.75,874.34,,,,"     ",5.30,52.93,5.64
1771,554747521,"01771M22:03:12.658","01771 21:51:14",213.74,874.32,,,,"     ",5.30,53.41,5.69
1771,554747522,"01771M22:03:13.632","01771 21:51:15",213.73,874.41,,,,"     ",5.30,53.16,5.66
1771,554747523,"01771M22:03:14.605","01771 21:51:16",213.73,874.26,,,,"     ",5.30,53.34,5.68
1771,554747524,"01771M22:03:15.578","01771 21:51:17",213.74,874.37,,,,"     ",5.30,53.32,5.68
1771,554747525,"01771M22:03:16.551","01771 21:51:18",213.75,874.34,,,,"     ",5.30,53.10,5.65
1771,554747526,"01771M22:03:17.525","01771 21:51:19",213.75,874.26,,,,"     ",5.30,53.12,5.65
1771,554747527,"01771M22:03:18.498","01771 21:51:20",213.73,874.29,,,,"     ",5.30,53.02,5.64
1771,554747528,"01771M22:03:19.471","01771 21:51:21",213.69,874.34,,,,"     ",5.30,53.30,5.67
1771,554747529,"01771M22:03:20.444","01771 21:51:22",213.64,874.33,,,,"     ",5.30,53.03,5.63
1771,554747530,"01771M22:03:21.418","01771 21:51:23",213.59,874.33,,,,"     ",5.30,53.20,5.65
1771,554747531,"01771M22:03:22.391","01771 21:51:24",213.54,874.35,,,,"     ",5.30,53.18,5.65
1771,554747532,"01771M22:03:23.364","01771 21:51:25",213.51,874.30,,,,"     ",5.30,53.49,5.68
1771,554747533,"01771M22:03:24.338","01771 21:51:26",213.49,874.36,,,,"     ",5.30,53.04,5.63
1771,554747534,"01771M22:03:25.311","01771 21:51:27",213.49,874.25,,,,"     ",5.30,53.22,5.64
1771,554747535,"01771M22:03:26.284","01771 21:51:28",213.49,874.36,,,,"     ",5.30,53.35,5.66
1771,554747536,"01771M22:03:27.257","01771 21:51:29",213.51,874.37,,,,"     ",5.30,53.11,5.63
1771,554747537,"01771M22:03:28.231","01771 21:51:30",213.54,874.50,,,,"     ",5.30,53.09,5.63
1771,554747538,"01771M22:03:29.204","01771 21:51:30",213.57,874.42,,,,"     ",5.30,53.43,5.66
1771,554747539,"01771M22:03:30.177","01771 21:51:31",213.61,874.46,,,,"     ",5.30,53.29,5.64
1771,554747540,"01771M22:03:31.150","01771 21:51:32",213.63,874.39,,,,"     ",5.30,53.11,5.62
1771,554747541,"01771M22:03:32.124","01771 21:51:33",213.64,874.33,,,,"     ",5.30,53.26,5.64
1771,554747542,"01771M22:03:33.097","01771 21:51:34",213.65,874.31,,,,"     ",5.30,53.52,5.66
1771,554747543,"01771M22:03:34.070","01771 21:51:35",213.65,874.44,,,,"     ",5.30,53.31,5.64
1771,554747544,"01771M22:03:35.043","01771 21:51:36",213.62,874.38,,,,"     ",5.30,53.07,5.61
1771,554747545,"01771M22:03:36.017","01771 21:51:37",213.57,874.37,,,,"     ",5.30,53.20,5.62
1771,554747546,"01771M22:03:36.990","01771 21:51:38",213.49,874.38,,,,"     ",5.30,53.31,5.63
1771,554747547,"01771M22:03:37.963","01771 21:51:39",213.41,874.36,,,,"     ",5.30,53.24,5.63
1771,554747548,"01771M22:03:38.936","01771 21:51:40",213.33,874.39,,,,"     ",5.30,53.22,5.62
1771,554747549,"01771M22:03:39.910","01771 21:51:41",213.26,874.39,,,,"     ",5.30,53.01,5.60
1771,554747550,"01771M22:03:40.883","01771 21:51:42",213.22,874.39,,,,"     ",5.30,53.31,5.63
1771,554747551,"01771M22:03:41.856","01771 21:51:43",213.19,874.31,,,,"     ",5.30,53.41,5.64
1771,554747552,"01771M22:03:42.829","01771 21:51:44",213.20,874.41,,,,"     ",5.30,53.29,5.62
1771,554747553,"01771M22:03:43.803","01771 21:51:45",213.23,874.39,,,,"     ",5.30,53.40,5.63
1771,554747554,"01771M22:03:44.776","01771 21:51:46",213.29,874.42,,,,"     ",5.30,53.25,5.62
1771,554747555,"01771M22:03:45.749","01771 21:51:47",213.36,874.38,,,,"     ",5.30,53.29,5.62
1771,554747556,"01771M22:03:46.722","01771 21:51:48",213.45,874.38,,,,"     ",5.30,53.44,5.63
1771,554747557,"01771M22:03:47.696","01771 21:51:49",213.52,874.32,,,,"     ",5.30,53.52,5.64
1771,554747558,"01771M22:03:48.669","01771 21:51:50",213.58,874.32,,,,"     ",5.30,53.18,5.60
1771,554747559,"01771M22:03:49.642","01771 21:51:51",213.62,874.36,,,,"     ",5.30,53.30,5.61
1771,554747560,"01771M22:03:50.615","01771 21:51:52",213.64,874.44,,,,"     ",5.30,53.33,5.61
1771,554747561,"01771M22:03:51.589","01771 21:51:53",213.65,874.38,,,,"     ",5.30,53.62,5.64
1771,554747562,"01771M22:03:52.562","01771 21:51:54",213.67,874.36,,,,"     ",5.30,53.52,5.63
1771,554747563,"01771M22:03:53.535","01771 21:51:55",213.70,874.42,,,,"     ",5.30,53.29,5.61
1771,554747564,"01771M22:03:54.508","01771 21:51:56",213.71,874.31,,,,"     ",5.30,53.28,5.60
1771,554747565,"01771M22:03:55.482","01771 21:51:57",213.71,874.38,,,,"     ",5.30,53.20,5.59
1771,554747566,"01771M22:03:56.455","01771 21:51:58",213.68,874.43,,,,"     ",5.30,53.31,5.60
1771,554747567,"01771M22:03:57.428","01771 21:51:59",213.65,874.38,,,,"     ",5.30,53.30,5.60
1771,554747568,"01771M22:03:58.401","01771 21:52:00",213.63,874.40,,,,"     ",5.30,53.38,5.61
1771,554747569,"01771M22:03:59.375","01771 21:52:01",213.60,874.36,,,,"     ",5.30,53.50,5.62
1771,554747570,"01771M22:04:00.348","01771 21:52:02",213.59,874.32,,,,"     ",5.30,53.28,5.59
1771,554747571,"01771M22:04:01.321","01771 21:52:03",213.57,874.36,,,,"     ",5.30,53.45,5.61
1771,554747572,"01771M22:04:02.294","01771 21:52:04",213.57,874.36,,,,"     ",5.30,53.45,5.61
1771,554747573,"01771M22:04:03.268","01771 21:52:05",213.57,874.41,,,,"     ",5.30,53.51,5.61
1771,554747574,"01771M22:04:04.241","01771 21:52:06",213.56,874.42,,,,"     ",5.30,53.63,5.63
1771,554747575,"01771M22:04:05.214","01771 21:52:07",213.56,874.47,,,,"     ",5.30,53.63,5.62
1771,554747576,"01771M22:04:06.187","01771 21:52:07",213.55,874.43,,,,"     ",5.30,53.33,5.59
1771,554747577,"01771M22:04:07.161","01771 21:52:08",213.54,874.41,,,,"     ",5.30,53.32,5.59
1771,554747578,"01771M22:04:08.134","01771 21:52:09",213.54,874.37,,,,"     ",5.30,53.30,5.58
1771,554747579,"01771M22:04:09.107","01771 21:52:10",213.53,874.36,,,,"     ",5.30,53.37,5.59
1771,554747580,"01771M22:04:10.080","01771 21:52:11",213.53,874.38,,,,"     ",5.30,53.54,5.61
1771,554747581,"01771M22:04:11.054","01771 21:52:12",213.54,874.34,,,,"     ",5.30,53.66,5.62
1771,554747582,"01771M22:04:12.027","01771 21:52:13",213.54,874.32,,,,"     ",5.30,53.41,5.59
1771,554747583,"01771M22:04:13.000","01771 21:52:14",213.54,874.33,,,,"     ",5.30,53.72,5.62
1771,554747584,"01771M22:04:13.973","01771 21:52:15",213.54,874.24,,,,"     ",5.30,53.51,5.60
1771,554747585,"01771M22:04:14.947","01771 21:52:16",213.54,874.26,,,,"     ",5.30,53.37,5.58
1771,554747586,"01771M22:04:15.920","01771 21:52:17",213.54,874.27,,,,"     ",5.30,53.52,5.60
1771,554747587,"01771M22:04:16.893","01771 21:52:18",213.55,874.25,,,,"     ",5.30,53.58,5.60
1771,554747588,"01771M22:04:17.866","01771 21:52:19",213.56,874.20,,,,"     ",5.30,53.68,5.61
1771,554747589,"01771M22:04:18.840","01771 21:52:20",213.56,874.24,,,,"     ",5.30,53.77,5.62
1771,554747590,"01771M22:04:19.813","01771 21:52:21",213.56,874.35,,,,"     ",5.30,53.55,5.59
1771,554747591,"01771M22:04:20.786","01771 21:52:22",213.56,874.32,,,,"     ",5.30,53.71,5.61
1771,554747592,"01771M22:04:21.759","01771 21:52:23",213.54,874.26,,,,"     ",5.30,53.76,5.61
1771,554747593,"01771M22:04:22.733","01771 21:52:24",213.52,874.32,,,,"     ",5.30,53.68,5.60
1771,554747594,"01771M22:04:23.706","01771 21:52:25",213.50,874.33,,,,"     ",5.30,53.82,5.61
1771,554747595,"01771M22:04:24.679","01771 21:52:26",213.48,874.44,,,,"     ",5.30,53.66,5.60
1771,554747596,"01771M22:04:25.652","01771 21:52:27",213.46,874.38,,,,"     ",5.30,53.86,5.62
1771,554747597,"01771M22:04:26.626","01771 21:52:28",213.44,874.42,,,,"     ",5.30,53.79,5.61
1771,554747598,"01771M22:04:27.599","01771 21:52:29",213.41,874.44,,,,"     ",5.30,54.02,5.63
1771,554747599,"01771M22:04:28.572","01771 21:52:30",213.38,874.41,,,,"     ",5.30,53.90,5.62
1771,554747600,"01771M22:04:29.545","01771 21:52:31",213.33,874.40,,,,"     ",5.30,53.67,5.59
1771,554747601,"01771M22:04:30.519","01771 21:52:32",213.29,874.32,,,,"     ",5.30,53.63,5.58
1771,554747602,"01771M22:04:31.492","01771 21:52:33",213.27,874.30,,,,"     ",5.30,54.11,5.63
1771,554747603,"01771M22:04:32.465","01771 21:52:34",213.27,874.37,,,,"     ",5.30,53.97,5.62
1771,554747604,"01771M22:04:33.439","01771 21:52:35",213.29,874.40,,,,"     ",5.30,53.66,5.58
1771,554747605,"01771M22:04:34.412","01771 21:52:36",213.32,874.36,,,,"     ",5.30,53.72,5.59
1771,554747606,"01771M22:04:35.385","01771 21:52:37",213.34,874.34,,,,"     ",5.30,53.90,5.61
1771,554747607,"01771M22:04:36.358","01771 21:52:38",213.36,874.31,,,,"     ",5.30,53.69,5.58
1771,554747608,"01771M22:04:37.332","01771 21:52:39",213.38,874.29,,,,"     ",5.30,54.02,5.62
1771,554747609,"01771M22:04:38.305","01771 21:52:40",213.38,874.32,,,,"     ",5.30,54.21,5.64
1771,554747610,"01771M22:04:39.278","01771 21:52:41",213.37,874.40,,,,"     ",5.30,53.86,5.60
1771,554747611,"01771M22:04:40.251","01771 21:52:42",213.34,874.34,,,,"     ",5.30,53.97,5.61
1771,554747612,"01771M22:04:41.225","01771 21:52:43",213.31,874.33,,,,"     ",5.30,54.21,5.63
1771,554747613,"01771M22:04:42.198","01771 21:52:43",213.28,874.26,,,,"     ",5.30,53.96,5.60
1771,554747614,"01771M22:04:43.171","01771 21:52:44",213.25,874.32,,,,"     ",5.30,53.95,5.60
1771,554747615,"01771M22:04:44.144","01771 21:52:45",213.23,874.40,,,,"     ",5.30,54.06,5.61
1771,554747616,"01771M22:04:45.118","01771 21:52:46",213.22,874.39,,,,"     ",5.30,54.11,5.61
1771,554747617,"01771M22:04:46.091","01771 21:52:47",213.23,874.39,,,,"     ",5.30,54.22,5.62
1771,554747618,"01771M22:04:47.064","01771 21:52:48",213.25,874.30,,,,"     ",5.30,54.04,5.60
1771,554747619,"01771M22:04:48.037","01771 21:52:49",213.28,874.36,,,,"     ",5.30,53.97,5.59
1771,554747620,"01771M22:04:49.011","01771 21:52:50",213.29,874.38,,,,"     ",5.30,54.01,5.60
1771,554747621,"01771M22:04:49.984","01771 21:52:51",213.30,874.35,,,,"     ",5.30,54.38,5.64
1771,554747622,"01771M22:04:50.957","01771 21:52:52",213.30,874.29,,,,"     ",5.30,54.30,5.62
1771,554747623,"01771M22:04:51.930","01771 21:52:53",213.30,874.39,,,,"     ",5.30,54.27,5.62
1771,554747624,"01771M22:04:52.904","01771 21:52:54",213.29,874.33,,,,"     ",5.30,54.32,5.63
1771,554747625,"01771M22:04:53.877","01771 21:52:55",213.27,874.36,,,,"     ",5.30,54.22,5.61
1771,554747626,"01771M22:04:54.850","01771 21:52:56",213.25,874.34,,,,"     ",5.30,54.18,5.61
1771,554747627,"01771M22:04:55.823","01771 21:52:57",213.22,874.30,,,,"     ",5.30,54.29,5.62
1771,554747628,"01771M22:04:56.797","01771 21:52:58",213.19,874.31,,,,"     ",5.30,54.18,5.60
1771,554747629,"01771M22:04:57.770","01771 21:52:59",213.16,874.39,,,,"     ",5.30,54.07,5.59
1771,554747630,"01771M22:04:58.743","01771 21:53:00",213.14,874.39,,,,"     ",5.30,53.94,5.58
1771,554747631,"01771M22:04:59.716","01771 21:53:01",213.12,874.32,,,,"     ",5.30,53.68,5.55
1771,554747632,"01771M22:05:00.690","01771 21:53:02",213.13,874.35,,,,"     ",5.30,53.90,5.57
1771,554747633,"01771M22:05:01.663","01771 21:53:03",213.15,874.36,,,,"     ",5.30,53.97,5.57
1771,554747634,"01771M22:05:02.636","01771 21:53:04",213.19,874.32,,,,"     ",5.30,54.35,5.61
1771,554747635,"01771M22:05:03.609","01771 21:53:05",213.24,874.36,,,,"     ",5.30,54.23,5.60
1771,554747636,"01771M22:05:04.583","01771 21:53:06",213.30,874.39,,,,"     ",5.30,54.26,5.60
1771,554747637,"01771M22:05:05.556","01771 21:53:07",213.36,874.26,,,,"     ",5.30,54.28,5.60
1771,554747638,"01771M22:05:06.529","01771 21:53:08",213.41,874.35,,,,"     ",5.30,54.11,5.59
1771,554747639,"01771M22:05:07.502","01771 21:53:09",213.42,874.40,,,,"     ",5.30,54.31,5.61
1771,554747640,"01771M22:05:08.476","01771 21:53:10",213.41,874.38,,,,"     ",5.30,54.02,5.57
1771,554747641,"01771M22:05:09.449","01771 21:53:11",213.37,874.36,,,,"     ",5.30,54.27,5.60
1771,554747642,"01771M22:05:10.422","01771 21:53:12",213.32,874.27,,,,"     ",5.30,54.23,5.60
1771,554747643,"01771M22:05:11.395","01771 21:53:13",213.27,874.41,,,,"     ",5.30,54.13,5.58
1771,554747644,"01771M22:05:12.369","01771 21:53:14",213.23,874.30,,,,"     ",5.30,54.36,5.61
1771,554747645,"01771M22:05:13.342","01771 21:53:15",213.21,874.33,,,,"     ",5.30,54.28,5.60
1771,554747646,"01771M22:05:14.315","01771 21:53:16",213.20,874.42,,,,"     ",5.30,54.09,5.58
1771,554747647,"01771M22:05:15.288","01771 21:53:17",213.20,874.30,,,,"     ",5.30,54.43,5.61
1771,554747648,"01771M22:05:16.262","01771 21:53:18",213.19,874.40,,,,"     ",5.30,54.20,5.59
1771,554747649,"01771M22:05:17.235","01771 21:53:19",213.20,874.33,,,,"     ",5.30,54.36,5.60
1771,554747650,"01771M22:05:18.208","01771 21:53:20",213.21,874.38,,,,"     ",5.30,54.43,5.61
1771,554747651,"01771M22:05:19.181","01771 21:53:20",213.23,874.28,,,,"     ",5.30,54.17,5.58
1771,554747652,"01771M22:05:20.155","01771 21:53:21",213.26,874.18,,,,"     ",5.30,54.58,5.62
1771,554747653,"01771M22:05:21.128","01771 21:53:22",213.30,874.26,,,,"     ",5.30,54.38,5.60
1771,554747654,"01771M22:05:22.101","01771 21:53:23",213.34,874.26,,,,"     ",5.30,54.33,5.59
1771,554747655,"01771M22:05:23.074","01771 21:53:24",213.37,874.28,,,,"     ",5.30,54.01,5.56
1771,554747656,"01771M22:05:24.048","01771 21:53:25",213.38,874.25,,,,"     ",5.30,54.58,5.62
1771,554747657,"01771M22:05:25.021","01771 21:53:26",213.39,874.34,,,,"     ",5.30,54.29,5.59
1771,554747658,"01771M22:05:25.994","01771 21:53:27",213.39,874.41,,,,"     ",5.30,54.36,5.59
1771,554747659,"01771M22:05:26.967","01771 21:53:28",213.39,874.35,,,,"     ",5.30,54.25,5.58
1771,554747660,"01771M22:05:27.941","01771 21:53:29",213.38,874.38,,,,"     ",5.30,54.20,5.57
1771,554747661,"01771M22:05:28.914","01771 21:53:30",213.36,874.27,,,,"     ",5.30,54.47,5.60
1771,554747662,"01771M22:05:29.887","01771 21:53:31",213.34,874.28,,,,"     ",5.30,54.22,5.57
1771,554747663,"01771M22:05:30.860","01771 21:53:32",213.32,874.29,,,,"     ",5.30,54.50,5.60
1771,554747664,"01771M22:05:31.834","01771 21:53:33",213.31,874.27,,,,"     ",5.30,54.21,5.57
1771,554747665,"01771M22:05:32.807","01771 21:53:34",213.31,874.31,,,,"     ",5.30,54.61,5.61
1771,554747666,"01771M22:05:33.780","01771 21:53:35",213.31,874.33,,,,"     ",5.30,54.38,5.58
1771,554747667,"01771M22:05:34.753","01771 21:53:36",213.32,874.27,,,,"     ",5.30,54.57,5.60
1771,554747668,"01771M22:05:35.727","01771 21:53:37",213.33,874.30,,,,"     ",5.30,54.61,5.61
1771,554747669,"01771M22:05:36.700","01771 21:53:38",213.35,874.26,,,,"     ",5.30,54.64,5.61
1771,554747670,"01771M22:05:37.673","01771 21:53:39",213.37,874.21,,,,"     ",5.30,54.31,5.57
1771,554747671,"01771M22:05:38.646","01771 21:53:40",213.40,874.29,,,,"     ",5.30,54.74,5.62
1771,554747672,"01771M22:05:39.620","01771 21:53:41",213.42,874.29,,,,"     ",5.30,54.81,5.62
1771,554747673,"01771M22:05:40.593","01771 21:53:42",213.43,874.32,,,,"     ",5.30,54.77,5.62
1771,554747674,"01771M22:05:41.566","01771 21:53:43",213.42,874.26,,,,"     ",5.30,54.58,5.60
1771,554747675,"01771M22:05:42.540","01771 21:53:44",213.40,874.33,,,,"     ",5.30,54.42,5.58
1771,554747676,"01771M22:05:43.513","01771 21:53:45",213.39,874.35,,,,"     ",5.30,54.52,5.59
1771,554747677,"01771M22:05:44.486","01771 21:53:46",213.38,874.30,,,,"     ",5.30,54.82,5.62
1771,554747678,"01771M22:05:45.459","01771 21:53:47",213.38,874.30,,,,"     ",5.30,54.87,5.62
1771,554747679,"01771M22:05:46.433","01771 21:53:48",213.38,874.35,,,,"     ",5.30,54.74,5.61
1771,554747680,"01771M22:05:47.406","01771 21:53:49",213.39,874.33,,,,"     ",5.30,54.64,5.59
1771,554747681,"01771M22:05:48.379","01771 21:53:50",213.39,874.33,,,,"     ",5.30,54.97,5.63
1771,554747682,"01771M22:05:49.352","01771 21:53:51",213.40,874.30,,,,"     ",5.30,54.99,5.63
1771,554747683,"01771M22:05:50.326","01771 21:53:52",213.45,874.29,,,,"     ",5.30,55.09,5.64
1771,554747684,"01771M22:05:51.299","01771 21:53:53",213.49,874.31,,,,"     ",5.30,54.70,5.59
1771,554747685,"01771M22:05:52.272","01771 21:53:54",213.52,874.36,,,,"     ",5.30,54.84,5.61
1771,554747686,"01771M22:05:53.245","01771 21:53:55",213.55,874.27,,,,"     ",5.30,55.13,5.64
1771,554747687,"01771M22:05:54.219","01771 21:53:56",213.57,874.34,,,,"     ",5.30,55.21,5.64
1771,554747688,"01771M22:05:55.192","01771 21:53:57",213.59,874.35,,,,"     ",5.30,55.23,5.64
1771,554747689,"01771M22:05:56.165","01771 21:53:57",213.60,874.32,,,,"     ",5.30,55.25,5.64
1771,554747690,"01771M22:05:57.138","01771 21:53:58",213.62,874.31,,,,"     ",5.30,55.22,5.64
1771,554747691,"01771M22:05:58.112","01771 21:53:59",213.62,874.26,,,,"     ",5.30,55.33,5.65
1771,554747692,"01771M22:05:59.085","01771 21:54:00",213.62,874.25,,,,"     ",5.30,55.29,5.64
1771,554747693,"01771M22:06:00.058","01771 21:54:01",213.62,874.24,,,,"     ",5.30,55.46,5.66
1771,554747694,"01771M22:06:01.031","01771 21:54:02",213.61,874.20,,,,"     ",5.30,55.21,5.63
1771,554747695,"01771M22:06:02.005","01771 21:54:03",213.60,874.16,,,,"     ",5.30,55.34,5.64
1771,554747696,"01771M22:06:02.978","01771 21:54:04",213.58,874.13,,,,"     ",5.30,55.56,5.66
1771,554751079,"01771M23:00:55.494","01771 22:48:58",205.54,879.35,,,,"     ",5.30,,
1771,554751080,"01771M23:00:56.468","01771 22:48:59",205.47,879.35,,,,"     ",5.30,43.62,7.98
1771,554751081,"01771M23:00:57.441","01771 22:49:00",205.39,879.46,,,,"     ",5.30,43.68,7.97
1771,554751082,"01771M23:00:58.414","01771 22:49:01",205.33,879.37,,,,"     ",5.30,43.75,7.97
1771,554751083,"01771M23:00:59.387","01771 22:49:01",205.27,879.47,,,,"     ",5.30,43.92,7.98
1771,554751084,"01771M23:01:00.361","01771 22:49:02",205.21,879.38,,,,"     ",5.30,43.74,7.92
1771,554751085,"01771M23:01:01.334","01771 22:49:03",205.15,879.40,,,,"     ",5.30,43.71,7.90
1771,554751086,"01771M23:01:02.307","01771 22:49:04",205.10,879.39,,,,"     ",5.30,43.96,7.92
1771,554751087,"01771M23:01:03.280","01771 22:49:05",205.05,879.43,,,,"     ",5.30,43.93,7.90
1771,554751088,"01771M23:01:04.254","01771 22:49:06",205.01,879.35,,,,"     ",5.30,43.74,7.85
1771,554751089,"01771M23:01:05.227","01771 22:49:07",204.97,879.41,,,,"     ",5.30,44.06,7.88
1771,554751090,"01771M23:01:06.200","01771 22:49:08",204.94,879.41,,,,"     ",5.30,43.97,7.85
1771,554751091,"01771M23:01:07.173","01771 22:49:09",204.90,879.37,,,,"     ",5.30,43.92,7.82
1771,554751092,"01771M23:01:08.147","01771 22:49:10",204.88,879.42,,,,"     ",5.30,44.05,7.83
1771,554751093,"01771M23:01:09.120","01771 22:49:11",204.85,879.43,,,,"     ",5.30,44.05,7.81
1771,554751094,"01771M23:01:10.093","01771 22:49:12",204.83,879.34,,,,"     ",5.30,43.81,7.75
1771,554751095,"01771M23:01:11.066","01771 22:49:13",204.81,879.44,,,,"     ",5.30,43.83,7.74
1771,554751096,"01771M23:01:12.040","01771 22:49:14",204.80,879.45,,,,"     ",5.30,43.94,7.75
1771,554751097,"01771M23:01:13.013","01771 22:49:15",204.79,879.41,,,,"     ",5.30,44.13,7.76
1771,554751098,"01771M23:01:13.986","01771 22:49:16",204.78,879.44,,,,"     ",5.30,44.10,7.74
1771,554751099,"01771M23:01:14.959","01771 22:49:17",204.77,879.44,,,,"     ",5.30,44.04,7.72
1771,554751100,"01771M23:01:15.933","01771 22:49:18",204.76,879.46,,,,"     ",5.30,43.99,7.69
1771,554751101,"01771M23:01:16.906","01771 22:49:19",204.76,879.48,,,,"     ",5.30,44.04,7.69
1771,554751102,"01771M23:01:17.879","01771 22:49:20",204.76,879.49,,,,"     ",5.30,44.17,7.70
1771,554751103,"01771M23:01:18.852","01771 22:49:21",204.77,879.51,,,,"     ",5.30,44.01,7.66
1771,554751104,"01771M23:01:19.826","01771 22:49:22",204.78,879.42,,,,"     ",5.30,44.09,7.66
1771,554751105,"01771M23:01:20.799","01771 22:49:23",204.80,879.53,,,,"     ",5.30,44.06,7.64
1771,554751106,"01771M23:01:21.772","01771 22:49:24",204.81,879.43,,,,"     ",5.30,44.10,7.63
1771,554751107,"01771M23:01:22.745","01771 22:49:25",204.83,879.45,,,,"     ",5.30,44.37,7.67
1771,554751108,"01771M23:01:23.719","01771 22:49:26",204.83,879.40,,,,"     ",5.30,44.29,7.64
1771,554751109,"01771M23:01:24.692","01771 22:49:27",204.83,879.47,,,,"     ",5.30,44.31,7.64
1771,554751110,"01771M23:01:25.665","01771 22:49:28",204.83,879.47,,,,"     ",5.30,44.30,7.62
1771,554751111,"01771M23:01:26.638","01771 22:49:29",204.83,879.46,,,,"     ",5.30,44.28,7.61
1771,554751112,"01771M23:01:27.612","01771 22:49:30",204.82,879.47,,,,"     ",5.30,44.24,7.59
1771,554751113,"01771M23:01:28.585","01771 22:49:31",204.82,879.48,,,,"     ",5.30,44.22,7.57
1771,554751114,"01771M23:01:29.558","01771 22:49:32",204.82,879.46,,,,"     ",5.30,44.44,7.60
1771,554751115,"01771M23:01:30.531","01771 22:49:33",204.82,879.41,,,,"     ",5.30,44.37,7.58
1771,554751116,"01771M23:01:31.505","01771 22:49:34",204.83,879.43,,,,"     ",5.30,44.25,7.55
1771,554751117,"01771M23:01:32.478","01771 22:49:35",204.84,879.50,,,,"     ",5.30,44.46,7.57
1771,554751118,"01771M23:01:33.451","01771 22:49:36",204.85,879.38,,,,"     ",5.30,44.35,7.54
1771,554751119,"01771M23:01:34.424","01771 22:49:37",204.86,879.45,,,,"     ",5.30,44.31,7.53
1771,554751120,"01771M23:01:35.398","01771 22:49:38",204.87,879.47,,,,"     ",5.30,44.57,7.56
1771,554751121,"01771M23:01:36.371","01771 22:49:38",204.88,879.49,,,,"     ",5.30,44.57,7.55
1771,554751122,"01771M23:01:37.344","01771 22:49:39",204.90,879.53,,,,"     ",5.30,44.38,7.51
1771,554751123,"01771M23:01:38.318","01771 22:49:40",204.92,879.46,,,,"     ",5.30,44.66,7.55
1771,554751124,"01771M23:01:39.291","01771 22:49:41",204.93,879.42,,,,"     ",5.30,44.31,7.48
1771,554751125,"01771M23:01:40.264","01771 22:49:42",204.95,879.49,,,,"     ",5.30,44.42,7.49
1771,554751126,"01771M23:01:41.237","01771 22:49:43",204.96,879.47,,,,"     ",5.30,44.80,7.55
1771,554751127,"01771M23:01:42.211","01771 22:49:44",204.97,879.41,,,,"     ",5.30,44.52,7.49
1771,554751128,"01771M23:01:43.184","01771 22:49:45",204.98,879.51,,,,"     ",5.30,44.60,7.49
1771,554751129,"01771M23:01:44.157","01771 22:49:46",204.98,879.46,,,,"     ",5.30,44.59,7.49
1771,554751130,"01771M23:01:45.130","01771 22:49:47",204.99,879.45,,,,"     ",5.30,44.77,7.51
1771,554751131,"01771M23:01:46.104","01771 22:49:48",204.99,879.56,,,,"     ",5.30,44.71,7.49
1771,554751132,"01771M23:01:47.077","01771 22:49:49",204.98,879.52,,,,"     ",5.30,44.80,7.49
1771,554751133,"01771M23:01:48.050","01771 22:49:50",204.97,879.45,,,,"     ",5.30,44.72,7.47
1771,554751134,"01771M23:01:49.023","01771 22:49:51",204.96,879.45,,,,"     ",5.30,44.63,7.45
1771,554751135,"01771M23:01:49.997","01771 22:49:52",204.94,879.53,,,,"     ",5.30,44.71,7.46
1771,554751136,"01771M23:01:50.970","01771 22:49:53",204.93,879.49,,,,"     ",5.30,44.80,7.46
1771,554751137,"01771M23:01:51.943","01771 22:49:54",204.91,879.50,,,,"     ",5.30,44.83,7.46
1771,554751138,"01771M23:01:52.916","01771 22:49:55",204.89,879.54,,,,"     ",5.30,44.85,7.46
1771,554751139,"01771M23:01:53.890","01771 22:49:56",204.88,879.55,,,,"     ",5.30,44.84,7.45
1771,554751140,"01771M23:01:54.863","01771 22:49:57",204.86,879.51,,,,"     ",5.30,44.68,7.42
1771,554751141,"01771M23:01:55.836","01771 22:49:58",204.86,879.55,,,,"     ",5.30,44.79,7.43
1771,554751142,"01771M23:01:56.809","01771 22:49:59",204.85,879.53,,,,"     ",5.30,44.76,7.42
1771,554751143,"01771M23:01:57.783","01771 22:50:00",204.86,879.54,,,,"     ",5.30,44.72,7.40
1771,554751144,"01771M23:01:58.756","01771 22:50:01",204.88,879.43,,,,"     ",5.30,44.92,7.43
1771,554751145,"01771M23:01:59.729","01771 22:50:02",204.90,879.51,,,,"     ",5.30,44.71,7.39
1771,554751146,"01771M23:02:00.702","01771 22:50:03",204.93,879.50,,,,"     ",5.30,44.87,7.41
1771,554751147,"01771M23:02:01.676","01771 22:50:04",204.97,879.61,,,,"     ",5.30,45.04,7.43
1771,554751148,"01771M23:02:02.649","01771 22:50:05",205.03,879.57,,,,"     ",5.30,44.79,7.38
1771,554751149,"01771M23:02:03.622","01771 22:50:06",205.09,879.61,,,,"     ",5.30,45.07,7.42
1771,554751150,"01771M23:02:04.595","01771 22:50:07",205.16,879.56,,,,"     ",5.30,45.01,7.41
1771,554751151,"01771M23:02:05.569","01771 22:50:08",205.23,879.55,,,,"     ",5.30,44.94,7.39
1771,554751152,"01771M23:02:06.542","01771 22:50:09",205.29,879.53,,,,"     ",5.30,45.05,7.40
1771,554751153,"01771M23:02:07.515","01771 22:50:10",205.34,879.59,,,,"     ",5.30,44.82,7.36
1771,554751154,"01771M23:02:08.488","01771 22:50:11",205.37,879.51,,,,"     ",5.30,44.85,7.36
1771,554751155,"01771M23:02:09.462","01771 22:50:12",205.39,879.50,,,,"     ",5.30,44.89,7.36
1771,554751156,"01771M23:02:10.435","01771 22:50:13",205.39,879.49,,,,"     ",5.30,45.01,7.37
1771,554751157,"01771M23:02:11.408","01771 22:50:14",205.38,879.48,,,,"     ",5.30,45.02,7.37
1771,554751158,"01771M23:02:12.381","01771 22:50:15",205.37,879.54,,,,"     ",5.30,45.01,7.36
1771,554751159,"01771M23:02:13.355","01771 22:50:15",205.36,879.56,,,,"     ",5.30,44.88,7.34
1771,554751160,"01771M23:02:14.328","01771 22:50:16",205.35,879.55,,,,"     ",5.30,45.07,7.36
1771,554751161,"01771M23:02:15.301","01771 22:50:17",205.35,879.53,,,,"     ",5.30,44.91,7.33
1771,554751162,"01771M23:02:16.274","01771 22:50:18",205.35,879.56,,,,"     ",5.30,45.25,7.39
1771,554751163,"01771M23:02:17.248","01771 22:50:19",205.35,879.57,,,,"     ",5.30,45.05,7.35
1771,554751164,"01771M23:02:18.221","01771 22:50:20",205.35,879.52,,,,"     ",5.30,45.11,7.35
1771,554751165,"01771M23:02:19.194","01771 22:50:21",205.35,879.60,,,,"     ",5.30,45.37,7.39
1771,554751166,"01771M23:02:20.167","01771 22:50:22",205.35,879.62,,,,"     ",5.30,45.32,7.38
1771,554751167,"01771M23:02:21.141","01771 22:50:23",205.34,879.62,,,,"     ",5.30,45.10,7.34
1771,554751168,"01771M23:02:22.114","01771 22:50:24",205.34,879.71,,,,"     ",5.30,45.09,7.33
1771,554751169,"01771M23:02:23.087","01771 22:50:25",205.34,879.65,,,,"     ",5.30,45.11,7.33
1771,554751170,"01771M23:02:24.060","01771 22:50:26",205.35,879.57,,,,"     ",5.30,45.05,7.31
1771,554751171,"01771M23:02:25.034","01771 22:50:27",205.36,879.58,,,,"     ",5.30,45.14,7.32
1771,554751172,"01771M23:02:26.007","01771 22:50:28",205.38,879.57,,,,"     ",5.30,45.22,7.33
1771,554751173,"01771M23:02:26.980","01771 22:50:29",205.39,879.65,,,,"     ",5.30,45.54,7.38
1771,554751174,"01771M23:02:27.953","01771 22:50:30",205.40,879.68,,,,"     ",5.30,45.24,7.33
1771,554751175,"01771M23:02:28.927","01771 22:50:31",205.41,879.61,,,,"     ",5.30,45.26,7.33
1771,554751176,"01771M23:02:29.900","01771 22:50:32",205.41,879.66,,,,"     ",5.30,44.92,7.27
1771,554751177,"01771M23:02:30.873","01771 22:50:33",205.41,879.64,,,,"     ",5.30,45.13,7.30
1771,554751178,"01771M23:02:31.846","01771 22:50:34",205.41,879.63,,,,"     ",5.30,45.25,7.31
1771,554751179,"01771M23:02:32.820","01771 22:50:35",205.41,879.63,,,,"     ",5.30,45.04,7.28
1771,554751180,"01771M23:02:33.793","01771 22:50:36",205.41,879.68,,,,"     ",5.30,44.99,7.26
1771,554751181,"01771M23:02:34.766","01771 22:50:37",205.40,879.54,,,,"     ",5.30,45.35,7.32
1771,554751182,"01771M23:02:35.739","01771 22:50:38",205.39,879.55,,,,"     ",5.30,45.42,7.32
1771,554751183,"01771M23:02:36.713","01771 22:50:39",205.38,879.57,,,,"     ",5.30,45.36,7.31
1771,554751184,"01771M23:02:37.686","01771 22:50:40",205.38,879.56,,,,"     ",5.30,45.31,7.30
1771,554751185,"01771M23:02:38.659","01771 22:50:41",205.38,879.52,,,,"     ",5.30,45.17,7.27
1771,554751186,"01771M23:02:39.632","01771 22:50:42",205.38,879.53,,,,"     ",5.30,45.39,7.31
1771,554751187,"01771M23:02:40.606","01771 22:50:43",205.38,879.54,,,,"     ",5.30,45.41,7.31
1771,554751188,"01771M23:02:41.579","01771 22:50:44",205.39,879.54,,,,"     ",5.30,45.27,7.27
1771,554751189,"01771M23:02:42.552","01771 22:50:45",205.40,879.67,,,,"     ",5.30,45.20,7.26
1771,554751190,"01771M23:02:43.525","01771 22:50:46",205.40,879.66,,,,"     ",5.30,45.25,7.27
1771,554751191,"01771M23:02:44.499","01771 22:50:47",205.41,879.62,,,,"     ",5.30,45.36,7.28
1771,554751192,"01771M23:02:45.472","01771 22:50:48",205.41,879.59,,,,"     ",5.30,45.16,7.25
1771,554751193,"01771M23:02:46.445","01771 22:50:49",205.42,879.64,,,,"     ",5.30,45.12,7.23
1771,554751194,"01771M23:02:47.419","01771 22:50:50",205.42,879.58,,,,"     ",5.30,45.14,7.24
1771,554751195,"01771M23:02:48.392","01771 22:50:51",205.41,879.59,,,,"     ",5.30,45.47,7.29
1771,554751196,"01771M23:02:49.365","01771 22:50:51",205.41,879.60,,,,"     ",5.30,45.49,7.29
1771,554751197,"01771M23:02:50.338","01771 22:50:52",205.41,879.60,,,,"     ",5.30,45.36,7.26
1771,554751198,"01771M23:02:51.312","01771 22:50:53",205.41,879.68,,,,"     ",5.30,45.27,7.24
1771,554751199,"01771M23:02:52.285","01771 22:50:54",205.41,879.64,,,,"     ",5.30,45.47,7.28
1771,554751200,"01771M23:02:53.258","01771 22:50:55",205.41,879.63,,,,"     ",5.30,45.51,7.28
1771,554751201,"01771M23:02:54.231","01771 22:50:56",205.41,879.66,,,,"     ",5.30,45.46,7.27
1771,554751202,"01771M23:02:55.205","01771 22:50:57",205.41,879.66,,,,"     ",5.30,45.13,7.21
1771,554751203,"01771M23:02:56.178","01771 22:50:58",205.41,879.68,,,,"     ",5.30,45.47,7.26
1771,554751204,"01771M23:02:57.151","01771 22:50:59",205.41,879.63,,,,"     ",5.30,45.22,7.22
1771,554751205,"01771M23:02:58.124","01771 22:51:00",205.42,879.75,,,,"     ",5.30,45.37,7.24
1771,554751206,"01771M23:02:59.098","01771 22:51:01",205.42,879.65,,,,"     ",5.30,45.34,7.23
1771,554751207,"01771M23:03:00.071","01771 22:51:02",205.42,879.67,,,,"     ",5.30,45.33,7.23
1771,554751208,"01771M23:03:01.044","01771 22:51:03",205.40,879.72,,,,"     ",5.30,45.28,7.22
1771,554751209,"01771M23:03:02.017","01771 22:51:04",205.38,879.72,,,,"     ",5.30,45.34,7.22
1771,554751210,"01771M23:03:02.991","01771 22:51:05",205.34,879.71,,,,"     ",5.30,45.50,7.25
1771,554751211,"01771M23:03:03.964","01771 22:51:06",205.30,879.76,,,,"     ",5.30,45.25,7.20
1771,554751212,"01771M23:03:04.937","01771 22:51:07",205.25,879.68,,,,"     ",5.30,45.43,7.23
1771,554751213,"01771M23:03:05.910","01771 22:51:08",205.21,879.66,,,,"     ",5.30,45.44,7.23
1771,554751214,"01771M23:03:06.884","01771 22:51:09",205.16,879.64,,,,"     ",5.30,45.66,7.26
1771,554751215,"01771M23:03:07.857","01771 22:51:10",205.13,879.70,,,,"     ",5.30,45.53,7.24
1771,554751216,"01771M23:03:08.830","01771 22:51:11",205.11,879.73,,,,"     ",5.30,45.36,7.21
1771,554751217,"01771M23:03:09.803","01771 22:51:12",205.09,879.70,,,,"     ",5.30,45.42,7.21
1771,554751218,"01771M23:03:10.777","01771 22:51:13",205.08,879.73,,,,"     ",5.30,45.53,7.23
1771,554751219,"01771M23:03:11.750","01771 22:51:14",205.08,879.73,,,,"     ",5.30,45.42,7.21
1771,554751220,"01771M23:03:12.723","01771 22:51:15",205.08,879.74,,,,"     ",5.30,45.54,7.22
1771,554751221,"01771M23:03:13.696","01771 22:51:16",205.09,879.75,,,,"     ",5.30,45.67,7.24
1771,554751222,"01771M23:03:14.670","01771 22:51:17",205.10,879.75,,,,"     ",5.30,45.32,7.18
1771,554751223,"01771M23:03:15.643","01771 22:51:18",205.11,879.78,,,,"     ",5.30,45.21,7.16
1771,554751224,"01771M23:03:16.616","01771 22:51:19",205.13,879.64,,,,"     ",5.30,45.66,7.23
1771,554751225,"01771M23:03:17.589","01771 22:51:20",205.16,879.72,,,,"     ",5.30,45.54,7.21
1771,554751226,"01771M23:03:18.563","01771 22:51:21",205.20,879.68,,,,"     ",5.30,45.68,7.23
1771,554751227,"01771M23:03:19.536","01771 22:51:22",205.23,879.74,,,,"     ",5.30,45.54,7.21
1771,554751228,"01771M23:03:20.509","01771 22:51:23",205.27,879.69,,,,"     ",5.30,45.41,7.18
1771,554751229,"01771M23:03:21.482","01771 22:51:24",205.30,879.77,,,,"     ",5.30,45.46,7.19
1771,554751230,"01771M23:03:22.456","01771 22:51:25",205.34,879.75,,,,"     ",5.30,45.57,7.20
1771,554751231,"01771M23:03:23.429","01771 22:51:26",205.37,879.68,,,,"     ",5.30,45.53,7.19
1771,554751232,"01771M23:03:24.402","01771 22:51:27",205.39,879.76,,,,"     ",5.30,45.63,7.21
1771,554751233,"01771M23:03:25.375","01771 22:51:28",205.40,879.77,,,,"     ",5.30,45.57,7.20
1771,554751234,"01771M23:03:26.349","01771 22:51:28",205.41,879.85,,,,"     ",5.30,45.72,7.22
1771,554751235,"01771M23:03:27.322","01771 22:51:29",205.41,879.79,,,,"     ",5.30,45.58,7.19
1771,554751236,"01771M23:03:28.295","01771 22:51:30",205.41,879.77,,,,"     ",5.30,45.81,7.23
1771,554751237,"01771M23:03:29.268","01771 22:51:31",205.41,879.75,,,,"     ",5.30,45.53,7.18
1771,554751238,"01771M23:03:30.242","01771 22:51:32",205.40,879.83,,,,"     ",5.30,45.75,7.21
1771,554751239,"01771M23:03:31.215","01771 22:51:33",205.38,879.89,,,,"     ",5.30,45.62,7.19
1771,554751240,"01771M23:03:32.188","01771 22:51:34",205.37,879.91,,,,"     ",5.30,45.61,7.19
1771,554751241,"01771M23:03:33.161","01771 22:51:35",205.35,879.88,,,,"     ",5.30,45.69,7.20
1771,554751242,"01771M23:03:34.135","01771 22:51:36",205.33,879.81,,,,"     ",5.30,45.82,7.22
1771,554751243,"01771M23:03:35.108","01771 22:51:37",205.32,879.77,,,,"     ",5.30,45.75,7.20
1771,554751244,"01771M23:03:36.081","01771 22:51:38",205.31,879.74,,,,"     ",5.30,45.59,7.17
1771,554751245,"01771M23:03:37.054","01771 22:51:39",205.31,879.75,,,,"     ",5.30,45.56,7.17
1771,554751246,"01771M23:03:38.028","01771 22:51:40",205.31,879.79,,,,"     ",5.30,45.72,7.19
1771,554751247,"01771M23:03:39.001","01771 22:51:41",205.31,879.73,,,,"     ",5.30,45.75,7.19
1771,554751248,"01771M23:03:39.974","01771 22:51:42",205.31,879.80,,,,"     ",5.30,45.79,7.20
1771,554751249,"01771M23:03:40.947","01771 22:51:43",205.32,879.80,,,,"     ",5.30,45.77,7.19
1771,554751250,"01771M23:03:41.921","01771 22:51:44",205.33,879.82,,,,"     ",5.30,45.75,7.19
1771,554751251,"01771M23:03:42.894","01771 22:51:45",205.34,879.86,,,,"     ",5.30,45.76,7.18
1771,554751252,"01771M23:03:43.867","01771 22:51:46",205.34,879.84,,,,"     ",5.30,46.07,7.23
1771,554751253,"01771M23:03:44.840","01771 22:51:47",205.35,879.79,,,,"     ",5.30,45.87,7.20
1771,554751254,"01771M23:03:45.814","01771 22:51:48",205.36,879.89,,,,"     ",5.30,45.73,7.17
1771,554751255,"01771M23:03:46.787","01771 22:51:49",205.36,879.85,,,,"     ",5.30,45.64,7.16
1771,554751256,"01771M23:03:47.760","01771 22:51:50",205.35,879.84,,,,"     ",5.30,45.76,7.18
1771,554751257,"01771M23:03:48.733","01771 22:51:51",205.35,879.85,,,,"     ",5.30,45.60,7.15
1771,554751258,"01771M23:03:49.707","01771 22:51:52",205.34,879.88,,,,"     ",5.30,45.68,7.16
1771,554751259,"01771M23:03:50.680","01771 22:51:53",205.33,879.96,,,,"     ",5.30,45.92,7.19
1771,554751260,"01771M23:03:51.653","01771 22:51:54",205.33,879.93,,,,"     ",5.30,45.76,7.17
1771,554751261,"01771M23:03:52.626","01771 22:51:55",205.33,879.92,,,,"     ",5.30,45.88,7.18
1771,554751262,"01771M23:03:53.600","01771 22:51:56",205.33,879.93,,,,"     ",5.30,45.67,7.15
1771,554751263,"01771M23:03:54.573","01771 22:51:57",205.34,879.85,,,,"     ",5.30,45.86,7.18
1771,554751264,"01771M23:03:55.546","01771 22:51:58",205.34,879.87,,,,"     ",5.30,45.75,7.16
1771,554751265,"01771M23:03:56.520","01771 22:51:59",205.35,879.84,,,,"     ",5.30,45.82,7.17
1771,554751266,"01771M23:03:57.493","01771 22:52:00",205.36,879.89,,,,"     ",5.30,45.94,7.18
1771,554751267,"01771M23:03:58.466","01771 22:52:01",205.36,879.89,,,,"     ",5.30,45.77,7.15
1771,554751268,"01771M23:03:59.439","01771 22:52:02",205.37,879.80,,,,"     ",5.30,45.74,7.15
1771,554751269,"01771M23:04:00.413","01771 22:52:03",205.37,879.84,,,,"     ",5.30,46.06,7.19
1771,554751270,"01771M23:04:01.386","01771 22:52:04",205.37,880.00,,,,"     ",5.30,45.78,7.15
1771,554751271,"01771M23:04:02.359","01771 22:52:05",205.37,879.91,,,,"     ",5.30,45.77,7.14
1771,554751272,"01771M23:04:03.332","01771 22:52:05",205.38,879.96,,,,"     ",5.30,45.92,7.17
1771,554751273,"01771M23:04:04.306","01771 22:52:06",205.39,879.95,,,,"     ",5.30,46.05,7.18
1771,554751274,"01771M23:04:05.279","01771 22:52:07",205.41,879.85,,,,"     ",5.30,46.09,7.19
1771,554751275,"01771M23:04:06.252","01771 22:52:08",205.42,879.95,,,,"     ",5.30,46.15,7.20
1771,554751276,"01771M23:04:07.225","01771 22:52:09",205.43,879.92,,,,"     ",5.30,45.84,7.15
1771,554751277,"01771M23:04:08.199","01771 22:52:10",205.44,879.88,,,,"     ",5.30,46.10,7.18
1771,554751278,"01771M23:04:09.172","01771 22:52:11",205.45,879.79,,,,"     ",5.30,45.90,7.15
1771,554751279,"01771M23:04:10.145","01771 22:52:12",205.44,879.98,,,,"     ",5.30,46.03,7.17
1771,554751280,"01771M23:04:11.118","01771 22:52:13",205.44,879.90,,,,"     ",5.30,46.03,7.17
1771,554751281,"01771M23:04:12.092","01771 22:52:14",205.43,879.87,,,,"     ",5.30,46.00,7.16
1771,554751282,"01771M23:04:13.065","01771 22:52:15",205.42,880.06,,,,"     ",5.30,46.05,7.17
1771,554751283,"01771M23:04:14.038","01771 22:52:16",205.40,879.99,,,,"     ",5.30,46.08,7.17
1771,554751284,"01771M23:04:15.011","01771 22:52:17",205.38,880.00,,,,"     ",5.30,46.11,7.17
1771,554751285,"01771M23:04:15.985","01771 22:52:18",205.36,879.88,,,,"     ",5.30,46.14,7.17
1771,554751286,"01771M23:04:16.958","01771 22:52:19",205.33,879.89,,,,"     ",5.30,46.21,7.18
1771,554751287,"01771M23:04:17.931","01771 22:52:20",205.31,879.90,,,,"     ",5.30,46.15,7.17
1771,554751288,"01771M23:04:18.904","01771 22:52:21",205.29,879.86,,,,"     ",5.30,46.08,7.16
1771,554751289,"01771M23:04:19.878","01771 22:52:22",205.29,879.87,,,,"     ",5.30,46.13,7.16
1771,554751290,"01771M23:04:20.851","01771 22:52:23",205.28,879.85,,,,"     ",5.30,46.14,7.16
1771,554751291,"01771M23:04:21.824","01771 22:52:24",205.27,879.90,,,,"     ",5.30,46.20,7.17
1771,554751292,"01771M23:04:22.797","01771 22:52:25",205.26,879.96,,,,"     ",5.30,46.12,7.16
1771,554751293,"01771M23:04:23.771","01771 22:52:26",205.25,879.92,,,,"     ",5.30,46.34,7.19
1771,554751294,"01771M23:04:24.744","01771 22:52:27",205.23,879.89,,,,"     ",5.30,46.13,7.16
1771,554751295,"01771M23:04:25.717","01771 22:52:28",205.20,880.02,,,,"     ",5.30,46.13,7.15
1771,554751296,"01771M23:04:26.690","01771 22:52:29",205.16,879.95,,,,"     ",5.30,46.12,7.15
1771,554751297,"01771M23:04:27.664","01771 22:52:30",205.12,880.00,,,,"     ",5.30,46.25,7.17
1771,554751298,"01771M23:04:28.637","01771 22:52:31",205.07,879.97,,,,"     ",5.30,46.20,7.16
1771,554751299,"01771M23:04:29.610","01771 22:52:32",205.01,879.89,,,,"     ",5.30,46.07,7.14
1771,554751300,"01771M23:04:30.583","01771 22:52:33",204.96,879.93,,,,"     ",5.30,46.19,7.15
1771,554751301,"01771M23:04:31.557","01771 22:52:34",204.91,879.97,,,,"     ",5.30,46.18,7.15
1771,554751302,"01771M23:04:32.530","01771 22:52:35",204.86,879.97,,,,"     ",5.30,46.26,7.16
1771,554751303,"01771M23:04:33.503","01771 22:52:36",204.82,880.05,,,,"     ",5.30,46.31,7.17
1771,554751304,"01771M23:04:34.476","01771 22:52:37",204.77,879.98,,,,"     ",5.30,46.21,7.15
1771,554751305,"01771M23:04:35.450","01771 22:52:38",204.73,879.96,,,,"     ",5.30,46.45,7.19
1771,554751306,"01771M23:04:36.423","01771 22:52:39",204.69,879.93,,,,"     ",5.30,46.34,7.17
1771,554751307,"01771M23:04:37.396","01771 22:52:40",204.65,880.03,,,,"     ",5.30,46.29,7.16
1771,554751308,"01771M23:04:38.369","01771 22:52:41",204.62,880.00,,,,"     ",5.30,46.31,7.16
1771,554751309,"01771M23:04:39.343","01771 22:52:42",204.59,880.02,,,,"     ",5.30,46.10,7.13
1771,554751310,"01771M23:04:40.316","01771 22:52:42",204.57,880.07,,,,"     ",5.30,46.03,7.11
1771,554751311,"01771M23:04:41.289","01771 22:52:43",204.56,880.02,,,,"     ",5.30,46.03,7.11
1771,554751312,"01771M23:04:42.262","01771 22:52:44",204.55,880.07,,,,"     ",5.30,46.40,7.17
1771,554751313,"01771M23:04:43.236","01771 22:52:45",204.55,880.01,,,,"     ",5.30,46.15,7.13
1771,554751314,"01771M23:04:44.209","01771 22:52:46",204.56,879.94,,,,"     ",5.30,46.30,7.15
1771,554751315,"01771M23:04:45.182","01771 22:52:47",204.58,880.00,,,,"     ",5.30,46.42,7.17
1771,554751316,"01771M23:04:46.155","01771 22:52:48",204.61,880.03,,,,"     ",5.30,46.10,7.12
1771,554751317,"01771M23:04:47.129","01771 22:52:49",204.63,880.01,,,,"     ",5.30,46.32,7.15
1771,554751318,"01771M23:04:48.102","01771 22:52:50",204.66,879.97,,,,"     ",5.30,46.21,7.13
1771,554751319,"01771M23:04:49.075","01771 22:52:51",204.69,879.96,,,,"     ",5.30,46.16,7.12
1771,554751320,"01771M23:04:50.048","01771 22:52:52",204.71,879.97,,,,"     ",5.30,46.22,7.13
1771,554751321,"01771M23:04:51.022","01771 22:52:53",204.73,879.95,,,,"     ",5.30,46.34,7.15
1771,554751322,"01771M23:04:51.995","01771 22:52:54",204.74,880.00,,,,"     ",5.30,46.41,7.16
1771,554751323,"01771M23:04:52.968","01771 22:52:55",204.75,879.96,,,,"     ",5.30,46.23,7.13
1771,554751324,"01771M23:04:53.941","01771 22:52:56",204.76,879.99,,,,"     ",5.30,46.08,7.10
1771,554751325,"01771M23:04:54.915","01771 22:52:57",204.76,880.07,,,,"     ",5.30,46.37,7.15
1771,554751326,"01771M23:04:55.888","01771 22:52:58",204.77,880.03,,,,"     ",5.30,46.11,7.10
1771,554751327,"01771M23:04:56.861","01771 22:52:59",204.77,880.07,,,,"     ",5.30,46.31,7.13
1771,554751328,"01771M23:04:57.834","01771 22:53:00",204.77,880.01,,,,"     ",5.30,46.16,7.11
1771,554751329,"01771M23:04:58.808","01771 22:53:01",204.77,880.10,,,,"     ",5.30,46.28,7.13
1771,554751330,"01771M23:04:59.781","01771 22:53:02",204.76,880.01,,,,"     ",5.30,46.23,7.12
1771,554751331,"01771M23:05:00.754","01771 22:53:03",204.75,879.95,,,,"     ",5.30,46.10,7.09
1771,554751332,"01771M23:05:01.727","01771 22:53:04",204.74,880.02,,,,"     ",5.30,46.13,7.10
1771,554751333,"01771M23:05:02.701","01771 22:53:05",204.72,879.99,,,,"     ",5.30,46.42,7.14
1771,554751334,"01771M23:05:03.674","01771 22:53:06",204.72,879.99,,,,"     ",5.30,46.29,7.12
1771,554751335,"01771M23:05:04.647","01771 22:53:07",204.72,879.96,,,,"     ",5.30,46.28,7.12
1771,554751336,"01771M23:05:05.621","01771 22:53:08",204.74,879.99,,,,"     ",5.30,46.26,7.11
1771,554751337,"01771M23:05:06.594","01771 22:53:09",204.76,879.99,,,,"     ",5.30,46.63,7.17
1771,554751338,"01771M23:05:07.567","01771 22:53:10",204.79,880.03,,,,"     ",5.30,46.48,7.14
1771,554751339,"01771M23:05:08.540","01771 22:53:11",204.81,880.09,,,,"     ",5.30,46.48,7.15
1771,554751340,"01771M23:05:09.514","01771 22:53:12",204.83,880.11,,,,"     ",5.30,46.72,7.18
1771,554751341,"01771M23:05:10.487","01771 22:53:13",204.83,880.14,,,,"     ",5.30,46.58,7.16
1771,554751342,"01771M23:05:11.460","01771 22:53:14",204.83,880.06,,,,"     ",5.30,46.39,7.12
1771,554751343,"01771M23:05:12.433","01771 22:53:15",204.82,880.17,,,,"     ",5.30,46.51,7.14
1771,554751344,"01771M23:05:13.407","01771 22:53:16",204.80,880.14,,,,"     ",5.30,46.58,7.15
1771,554751345,"01771M23:05:14.380","01771 22:53:17",204.77,880.18,,,,"     ",5.30,46.29,7.11
1771,554751346,"01771M23:05:15.353","01771 22:53:18",204.74,880.19,,,,"     ",5.30,46.36,7.12
1771,554751347,"01771M23:05:16.326","01771 22:53:18",204.71,880.16,,,,"     ",5.30,46.76,7.18
1771,554751348,"01771M23:05:17.300","01771 22:53:19",204.67,880.09,,,,"     ",5.30,46.69,7.16
1771,554751349,"01771M23:05:18.273","01771 22:53:20",204.64,880.04,,,,"     ",5.30,46.61,7.15
1771,554751350,"01771M23:05:19.246","01771 22:53:21",204.61,880.11,,,,"     ",5.30,46.52,7.13
1771,554751351,"01771M23:05:20.219","01771 22:53:22",204.58,880.11,,,,"     ",5.30,46.16,7.08
1771,554751352,"01771M23:05:21.193","01771 22:53:23",204.54,880.20,,,,"     ",5.30,46.38,7.11
1771,554751353,"01771M23:05:22.166","01771 22:53:24",204.50,880.11,,,,"     ",5.30,46.40,7.11
1771,554751354,"01771M23:05:23.139","01771 22:53:25",204.45,880.11,,,,"     ",5.30,46.41,7.11
1771,554751355,"01771M23:05:24.112","01771 22:53:26",204.39,880.12,,,,"     ",5.30,46.37,7.10
1771,554751356,"01771M23:05:25.086","01771 22:53:27",204.33,880.11,,,,"     ",5.30,46.30,7.09
1771,554751357,"01771M23:05:26.059","01771 22:53:28",204.26,880.17,,,,"     ",5.30,46.56,7.13
1771,554751358,"01771M23:05:27.032","01771 22:53:29",204.19,880.02,,,,"     ",5.30,46.45,7.11
1771,554751359,"01771M23:05:28.005","01771 22:53:30",204.13,880.12,,,,"     ",5.30,46.33,7.09
1771,554751360,"01771M23:05:28.979","01771 22:53:31",204.07,880.07,,,,"     ",5.30,46.16,7.06
1771,554751361,"01771M23:05:29.952","01771 22:53:32",204.03,880.13,,,,"     ",5.30,46.24,7.08
1771,554751362,"01771M23:05:30.925","01771 22:53:33",204.01,880.11,,,,"     ",5.30,46.33,7.09
1771,554751363,"01771M23:05:31.898","01771 22:53:34",204.01,880.19,,,,"     ",5.30,46.09,7.05
1771,554751364,"01771M23:05:32.872","01771 22:53:35",204.02,880.07,,,,"     ",5.30,46.22,7.07
1771,554751365,"01771M23:05:33.845","01771 22:53:36",204.04,880.18,,,,"     ",5.30,45.98,7.03
1771,554751366,"01771M23:05:34.818","01771 22:53:37",204.08,880.13,,,,"     ",5.30,46.31,7.08
1771,554751367,"01771M23:05:35.791","01771 22:53:38",204.15,880.19,,,,"     ",5.30,46.30,7.08
1771,554751368,"01771M23:05:36.765","01771 22:53:39",204.23,880.30,,,,"     ",5.30,46.44,7.10
1771,554751369,"01771M23:05:37.738","01771 22:53:40",204.31,880.18,,,,"     ",5.30,46.26,7.07
1771,554751370,"01771M23:05:38.711","01771 22:53:41",204.39,880.33,,,,"     ",5.30,46.13,7.05
1771,554751371,"01771M23:05:39.684","01771 22:53:42",204.47,880.08,,,,"     ",5.30,45.99,7.03
1771,554751372,"01771M23:05:40.658","01771 22:53:43",204.56,880.16,,,,"     ",5.30,46.17,7.05
1771,554751373,"01771M23:05:41.631","01771 22:53:44",204.65,880.17,,,,"     ",5.30,46.40,7.09
1771,554751374,"01771M23:05:42.604","01771 22:53:45",204.74,880.20,,,,"     ",5.30,46.27,7.07
1771,554751375,"01771M23:05:43.577","01771 22:53:46",204.85,880.10,,,,"     ",5.30,46.20,7.06
1771,554751376,"01771M23:05:44.551","01771 22:53:47",204.95,880.19,,,,"     ",5.30,46.18,7.05
1771,554751377,"01771M23:05:45.524","01771 22:53:48",205.06,880.16,,,,"     ",5.30,46.24,7.06
1771,554751378,"01771M23:05:46.497","01771 22:53:49",205.18,880.17,,,,"     ",5.30,46.26,7.06
1771,554751379,"01771M23:05:47.470","01771 22:53:50",205.30,880.14,,,,"     ",5.30,46.48,7.09
1771,554751380,"01771M23:05:48.444","01771 22:53:51",205.43,880.17,,,,"     ",5.30,46.50,7.10
1771,554751381,"01771M23:05:49.417","01771 22:53:52",205.57,880.15,,,,"     ",5.30,46.66,7.12
1771,554751382,"01771M23:05:50.390","01771 22:53:53",205.70,880.13,,,,"     ",5.30,46.32,7.07
1771,554751383,"01771M23:05:51.363","01771 22:53:54",205.85,880.22,,,,"     ",5.30,46.66,7.12
1771,554751384,"01771M23:05:52.337","01771 22:53:55",205.80,880.22,,,,"     ",5.30,46.14,7.04
1771,554751385,"01771M23:05:53.310","01771 22:53:55",206.00,880.23,,,,"     ",5.30,46.27,7.06
1771,554751386,"01771M23:05:54.283","01771 22:53:56",206.20,880.17,,,,"     ",5.30,46.56,7.10
