SOL,TIMESTAMP,LMST,LTST,AMBIENT_TEMP,PRESSURE,HORIZONTAL_WIND_SPEED,VERTICAL_WIND_SPEED,WIND_DIRECTION,WS_CONFIDENCE_LEVEL,PRESSURE_UNCERTAINTY,VOLUME_MIXING_RATIO,LOCAL_RELATIVE_HUMIDITY
1598,539308027,"01598M00:00:51.346","01597 23:13:44",218.98,865.66,,,,"     ",5.10,,
1598,539308028,"01598M00:00:52.319","01597 23:13:45",219.13,865.71,,,,"     ",5.10,111.79,4.68
1598,539308029,"01598M00:00:53.292","01597 23:13:46",219.28,865.55,,,,"     ",5.10,111.21,4.64
1598,539308030,"01598M00:00:54.266","01597 23:13:47",219.41,865.43,,,,"     ",5.10,111.77,4.65
1598,539308031,"01598M00:00:55.239","01597 23:13:48",219.53,865.48,,,,"     ",5.10,111.95,4.64
1598,539308032,"01598M00:00:56.212","01597 23:13:49",219.64,865.39,,,,"     ",5.10,112.24,4.64
1598,539308033,"01598M00:00:57.185","01597 23:13:50",219.74,865.59,,,,"     ",5.10,111.99,4.62
1598,539308034,"01598M00:00:58.159","01597 23:13:51",219.83,865.62,,,,"     ",5.10,112.20,4.61
1598,539308035,"01598M00:00:59.132","01597 23:13:52",219.91,865.45,,,,"     ",5.10,111.82,4.58
1598,539308036,"01598M00:01:00.105","01597 23:13:53",219.98,865.86,,,,"     ",5.10,112.28,4.59
1598,539308037,"01598M00:01:01.078","01597 23:13:54",220.03,865.53,,,,"     ",5.10,112.42,4.58
1598,539308038,"01598M00:01:02.052","01597 23:13:55",220.08,865.48,,,,"     ",5.10,112.95,4.59
1598,539308039,"01598M00:01:03.025","01597 23:13:56",220.12,865.53,,,,"     ",5.10,113.36,4.60
1598,539308040,"01598M00:01:03.998","01597 23:13:57",220.15,865.57,,,,"     ",5.10,112.36,4.55
1598,539308041,"01598M00:01:04.971","01597 23:13:58",220.15,865.72,,,,"     ",5.10,112.69,4.55
1598,539308042,"01598M00:01:05.945","01597 23:13:59",220.12,865.55,,,,"     ",5.10,113.16,4.56
1598,539308043,"01598M00:01:06.918","01597 23:14:00",220.08,865.64,,,,"     ",5.10,112.91,4.54
1598,539308044,"01598M00:01:07.891","01597 23:14:01",220.03,865.53,,,,"     ",5.10,113.09,4.54
1598,539308045,"01598M00:01:08.864","01597 23:14:02",219.99,865.57,,,,"     ",5.10,112.87,4.51
1598,539308046,"01598M00:01:09.838","01597 23:14:03",219.98,865.66,,,,"     ",5.10,113.85,4.55
1598,539308047,"01598M00:01:10.811","01597 23:14:04",220.01,865.48,,,,"     ",5.10,113.69,4.53
1598,539308048,"01598M00:01:11.784","01597 23:14:05",220.08,865.50,,,,"     ",5.10,113.33,4.50
1598,539308049,"01598M00:01:12.757","01597 23:14:06",220.18,865.59,,,,"     ",5.10,113.85,4.52
1598,539308050,"01598M00:01:13.731","01597 23:14:07",220.31,865.46,,,,"     ",5.10,114.44,4.53
1598,539308051,"01598M00:01:14.704","01597 23:14:08",220.47,865.58,,,,"     ",5.10,114.00,4.50
1598,539308052,"01598M00:01:15.677","01597 23:14:09",220.63,865.64,,,,"     ",5.10,114.32,4.51
1598,539308053,"01598M00:01:16.651","01597 23:14:10",220.79,865.61,,,,"     ",5.10,113.74,4.47
1598,539308054,"01598M00:01:17.624","01597 23:14:11",220.95,865.54,,,,"     ",5.10,114.91,4.51
1598,539308055,"01598M00:01:18.597","01597 23:14:12",221.06,865.49,,,,"     ",5.10,114.37,4.48
1598,539308056,"01598M00:01:19.570","01597 23:14:13",221.15,865.58,,,,"     ",5.10,115.17,4.51
1598,539308057,"01598M00:01:20.544","01597 23:14:14",221.21,865.62,,,,"     ",5.10,115.61,4.52
1598,539308058,"01598M00:01:21.517","01597 23:14:15",221.25,865.51,,,,"     ",5.10,115.63,4.51
1598,539308059,"01598M00:01:22.490","01597 23:14:16",221.24,865.73,,,,"     ",5.10,115.74,4.51
1598,539308060,"01598M00:01:23.463","01597 23:14:16",221.19,865.70,,,,"     ",5.10,116.15,4.51
1598,539308061,"01598M00:01:24.437","01597 23:14:17",221.11,865.63,,,,"     ",5.10,115.65,4.48
1598,539308062,"01598M00:01:25.410","01597 23:14:18",221.02,865.71,,,,"     ",5.10,115.83,4.48
1598,539308063,"01598M00:01:26.383","01597 23:14:19",220.93,865.69,,,,"     ",5.10,116.27,4.49
1598,539308064,"01598M00:01:27.356","01597 23:14:20",220.86,865.66,,,,"     ",5.10,116.57,4.50
1598,539308065,"01598M00:01:28.330","01597 23:14:21",220.83,865.66,,,,"     ",5.10,116.95,4.50
1598,539308066,"01598M00:01:29.303","01597 23:14:22",220.84,865.67,,,,"     ",5.10,117.29,4.51
1598,539308067,"01598M00:01:30.276","01597 23:14:23",220.87,865.70,,,,"     ",5.10,116.82,4.48
1598,539308068,"01598M00:01:31.249","01597 23:14:24",220.90,865.67,,,,"     ",5.10,116.79,4.48
1598,539308069,"01598M00:01:32.223","01597 23:14:25",220.92,865.55,,,,"     ",5.10,117.07,4.48
1598,539308070,"01598M00:01:33.196","01597 23:14:26",220.94,865.62,,,,"     ",5.10,116.96,4.47
1598,539308071,"01598M00:01:34.169","01597 23:14:27",220.97,865.66,,,,"     ",5.10,117.56,4.48
1598,539308072,"01598M00:01:35.142","01597 23:14:28",221.01,865.77,,,,"     ",5.10,117.49,4.48
1598,539308073,"01598M00:01:36.116","01597 23:14:29",221.06,865.69,,,,"     ",5.10,117.50,4.47
1598,539308074,"01598M00:01:37.089","01597 23:14:30",221.11,865.60,,,,"     ",5.10,118.27,4.49
1598,539308075,"01598M00:01:38.062","01597 23:14:31",221.15,865.60,,,,"     ",5.10,117.91,4.47
1598,539308076,"01598M00:01:39.035","01597 23:14:32",221.19,865.66,,,,"     ",5.10,117.64,4.46
1598,539308077,"01598M00:01:40.009","01597 23:14:33",221.22,865.55,,,,"     ",5.10,117.71,4.45
1598,539308078,"01598M00:01:40.982","01597 23:14:34",221.26,865.54,,,,"     ",5.10,117.84,4.45
1598,539308079,"01598M00:01:41.955","01597 23:14:35",221.29,865.54,,,,"     ",5.10,117.52,4.43
1598,539308080,"01598M00:01:42.928","01597 23:14:36",221.32,865.63,,,,"     ",5.10,117.66,4.43
1598,539308081,"01598M00:01:43.902","01597 23:14:37",221.36,865.49,,,,"     ",5.10,117.57,4.42
1598,539308082,"01598M00:01:44.875","01597 23:14:38",221.44,865.54,,,,"     ",5.10,118.52,4.45
1598,539308083,"01598M00:01:45.848","01597 23:14:39",221.56,865.58,,,,"     ",5.10,118.04,4.43
1598,539308084,"01598M00:01:46.821","01597 23:14:40",221.70,865.69,,,,"     ",5.10,117.55,4.40
1598,539308085,"01598M00:01:47.795","01597 23:14:41",221.84,865.65,,,,"     ",5.10,117.76,4.41
1598,539308086,"01598M00:01:48.768","01597 23:14:42",221.95,865.67,,,,"     ",5.10,118.48,4.43
1598,539308087,"01598M00:01:49.741","01597 23:14:43",222.03,865.55,,,,"     ",5.10,117.80,4.40
1598,539308088,"01598M00:01:50.714","01597 23:14:44",222.07,865.62,,,,"     ",5.10,117.73,4.39
1598,539308089,"01598M00:01:51.688","01597 23:14:45",222.07,865.64,,,,"     ",5.10,117.51,4.37
1598,539308090,"01598M00:01:52.661","01597 23:14:46",222.05,865.60,,,,"     ",5.10,118.07,4.39
1598,539308091,"01598M00:01:53.634","01597 23:14:47",222.02,865.59,,,,"     ",5.10,117.71,4.37
1598,539308092,"01598M00:01:54.607","01597 23:14:48",221.99,865.57,,,,"     ",5.10,118.10,4.38
1598,539308093,"01598M00:01:55.581","01597 23:14:49",221.96,865.59,,,,"     ",5.10,117.77,4.37
1598,539308094,"01598M00:01:56.554","01597 23:14:50",221.92,865.53,,,,"     ",5.10,118.18,4.38
1598,539308095,"01598M00:01:57.527","01597 23:14:51",221.89,865.74,,,,"     ",5.10,117.67,4.36
1598,539308096,"01598M00:01:58.500","01597 23:14:52",221.85,865.72,,,,"     ",5.10,117.61,4.35
1598,539308097,"01598M00:01:59.474","01597 23:14:52",221.80,865.73,,,,"     ",5.10,117.71,4.35
1598,539308098,"01598M00:02:00.447","01597 23:14:53",221.75,865.78,,,,"     ",5.10,117.19,4.32
1598,539308099,"01598M00:02:01.420","01597 23:14:54",221.71,865.79,,,,"     ",5.10,117.55,4.33
1598,539308100,"01598M00:02:02.393","01597 23:14:55",221.69,865.76,,,,"     ",5.10,117.65,4.34
1598,539308101,"01598M00:02:03.367","01597 23:14:56",221.67,865.78,,,,"     ",5.10,117.93,4.34
1598,539308102,"01598M00:02:04.340","01597 23:14:57",221.66,865.71,,,,"     ",5.10,117.96,4.34
1598,539308103,"01598M00:02:05.313","01597 23:14:58",221.65,865.72,,,,"     ",5.10,117.67,4.32
1598,539308104,"01598M00:02:06.286","01597 23:14:59",221.64,865.74,,,,"     ",5.10,117.91,4.33
1598,539308105,"01598M00:02:07.260","01597 23:15:00",221.62,865.71,,,,"     ",5.10,117.10,4.29
1598,539308106,"01598M00:02:08.233","01597 23:15:01",221.56,865.75,,,,"     ",5.10,117.39,4.30
1598,539308107,"01598M00:02:09.206","01597 23:15:02",221.49,865.64,,,,"     ",5.10,117.15,4.29
1598,539308108,"01598M00:02:10.179","01597 23:15:03",221.39,865.77,,,,"     ",5.10,116.90,4.28
1598,539308109,"01598M00:02:11.153","01597 23:15:04",221.28,865.70,,,,"     ",5.10,117.50,4.30
1598,539308110,"01598M00:02:12.126","01597 23:15:05",221.16,865.80,,,,"     ",5.10,117.36,4.29
1598,539308111,"01598M00:02:13.099","01597 23:15:06",221.05,865.71,,,,"     ",5.10,118.08,4.31
1598,539308112,"01598M00:02:14.072","01597 23:15:07",220.93,865.79,,,,"     ",5.10,116.98,4.27
1598,539308113,"01598M00:02:15.046","01597 23:15:08",220.81,865.76,,,,"     ",5.10,116.58,4.25
1598,539308114,"01598M00:02:16.019","01597 23:15:09",220.68,865.79,,,,"     ",5.10,117.87,4.30
1598,539308115,"01598M00:02:16.992","01597 23:15:10",220.56,865.77,,,,"     ",5.10,118.32,4.31
1598,539308116,"01598M00:02:17.965","01597 23:15:11",220.46,865.81,,,,"     ",5.10,117.45,4.27
1598,539308117,"01598M00:02:18.939","01597 23:15:12",220.38,865.83,,,,"     ",5.10,118.32,4.30
1598,539308118,"01598M00:02:19.912","01597 23:15:13",220.33,865.87,,,,"     ",5.10,117.87,4.28
1598,539308119,"01598M00:02:20.885","01597 23:15:14",220.31,865.82,,,,"     ",5.10,117.37,4.26
1598,539308120,"01598M00:02:21.858","01597 23:15:15",220.32,865.90,,,,"     ",5.10,117.43,4.26
1598,539308121,"01598M00:02:22.832","01597 23:15:16",220.35,865.82,,,,"     ",5.10,117.58,4.27
1598,539308122,"01598M00:02:23.805","01597 23:15:17",220.39,865.88,,,,"     ",5.10,117.63,4.26
1598,539308123,"01598M00:02:24.778","01597 23:15:18",220.43,865.83,,,,"     ",5.10,116.67,4.23
1598,539308124,"01598M00:02:25.752","01597 23:15:19",220.49,865.85,,,,"     ",5.10,117.08,4.24
1598,539308125,"01598M00:02:26.725","01597 23:15:20",220.56,865.89,,,,"     ",5.10,117.14,4.24
1598,539308126,"01598M00:02:27.698","01597 23:15:21",220.63,865.89,,,,"     ",5.10,118.13,4.28
1598,539308127,"01598M00:02:28.671","01597 23:15:22",220.68,865.87,,,,"     ",5.10,117.88,4.26
1598,539308128,"01598M00:02:29.645","01597 23:15:23",220.72,866.02,,,,"     ",5.10,117.54,4.25
1598,539308129,"01598M00:02:30.618","01597 23:15:24",220.76,865.89,,,,"     ",5.10,117.97,4.26
1598,539308130,"01598M00:02:31.591","01597 23:15:25",220.80,865.92,,,,"     ",5.10,116.69,4.21
1598,539308131,"01598M00:02:32.564","01597 23:15:26",220.86,865.96,,,,"     ",5.10,117.25,4.23
1598,539308132,"01598M00:02:33.538","01597 23:15:27",220.94,865.98,,,,"     ",5.10,117.19,4.23
1598,539308133,"01598M00:02:34.511","01597 23:15:28",221.04,866.00,,,,"     ",5.10,116.91,4.22
1598,539308134,"01598M00:02:35.484","01597 23:15:29",221.14,865.94,,,,"     ",5.10,116.67,4.21
1598,539308135,"01598M00:02:36.457","01597 23:15:29",221.24,865.99,,,,"     ",5.10,116.55,4.20
1598,539308136,"01598M00:02:37.431","01597 23:15:30",221.35,865.88,,,,"     ",5.10,116.32,4.19
1598,539308137,"01598M00:02:38.404","01597 23:15:31",221.46,866.05,,,,"     ",5.10,116.98,4.21
1598,539308138,"01598M00:02:39.377","01597 23:15:32",221.57,865.99,,,,"     ",5.10,116.67,4.20
1598,539308139,"01598M00:02:40.350","01597 23:15:33",221.67,865.97,,,,"     ",5.10,117.24,4.22
1598,539308140,"01598M00:02:41.324","01597 23:15:34",221.76,866.07,,,,"     ",5.10,116.60,4.19
1598,539308141,"01598M00:02:42.297","01597 23:15:35",221.81,866.03,,,,"     ",5.10,116.97,4.20
1598,539308142,"01598M00:02:43.270","01597 23:15:36",221.81,866.04,,,,"     ",5.10,116.70,4.19
1598,539308143,"01598M00:02:44.243","01597 23:15:37",221.75,866.08,,,,"     ",5.10,116.37,4.18
1598,539308144,"01598M00:02:45.217","01597 23:15:38",221.63,866.06,,,,"     ",5.10,116.36,4.18
1598,539308145,"01598M00:02:46.190","01597 23:15:39",221.48,866.00,,,,"     ",5.10,116.09,4.16
1598,539308146,"01598M00:02:47.163","01597 23:15:40",221.31,866.06,,,,"     ",5.10,115.80,4.15
1598,539308147,"01598M00:02:48.136","01597 23:15:41",221.14,866.03,,,,"     ",5.10,116.38,4.17
1598,539308148,"01598M00:02:49.110","01597 23:15:42",220.99,865.96,,,,"     ",5.10,115.80,4.15
1598,539308149,"01598M00:02:50.083","01597 23:15:43",220.89,866.05,,,,"     ",5.10,116.43,4.17
1598,539308150,"01598M00:02:51.056","01597 23:15:44",220.84,866.03,,,,"     ",5.10,116.16,4.16
1598,539308151,"01598M00:02:52.029","01597 23:15:45",220.82,866.15,,,,"     ",5.10,116.33,4.17
1598,539308152,"01598M00:02:53.003","01597 23:15:46",220.82,866.04,,,,"     ",5.10,116.58,4.17
1598,539308153,"01598M00:02:53.976","01597 23:15:47",220.79,866.12,,,,"     ",5.10,116.44,4.17
1598,539308154,"01598M00:02:54.949","01597 23:15:48",220.74,866.13,,,,"     ",5.10,116.78,4.18
1598,539308155,"01598M00:02:55.922","01597 23:15:49",220.69,866.14,,,,"     ",5.10,117.06,4.19
1598,539308156,"01598M00:02:56.896","01597 23:15:50",220.67,866.06,,,,"     ",5.10,117.07,4.18
1598,539308157,"01598M00:02:57.869","01597 23:15:51",220.69,866.07,,,,"     ",5.10,116.79,4.17
1598,539308158,"01598M00:02:58.842","01597 23:15:52",220.74,866.10,,,,"     ",5.10,116.62,4.16
1598,539308159,"01598M00:02:59.815","01597 23:15:53",220.81,866.14,,,,"     ",5.10,117.19,4.18
1598,539308160,"01598M00:03:00.789","01597 23:15:54",220.88,866.06,,,,"     ",5.10,117.18,4.18
1598,539308161,"01598M00:03:01.762","01597 23:15:55",220.95,866.09,,,,"     ",5.10,116.91,4.17
1598,539308162,"01598M00:03:02.735","01597 23:15:56",221.02,866.13,,,,"     ",5.10,117.12,4.18
1598,539308163,"01598M00:03:03.708","01597 23:15:57",221.11,866.06,,,,"     ",5.10,117.51,4.19
1598,539308164,"01598M00:03:04.682","01597 23:15:58",221.21,866.11,,,,"     ",5.10,117.65,4.19
1598,539308165,"01598M00:03:05.655","01597 23:15:59",221.33,866.17,,,,"     ",5.10,117.78,4.20
1598,539308166,"01598M00:03:06.628","01597 23:16:00",221.47,866.08,,,,"     ",5.10,118.02,4.20
1598,539308167,"01598M00:03:07.601","01597 23:16:01",221.62,866.13,,,,"     ",5.10,117.59,4.18
1598,539308168,"01598M00:03:08.575","01597 23:16:02",221.76,866.07,,,,"     ",5.10,117.22,4.17
1598,539308169,"01598M00:03:09.548","01597 23:16:03",221.86,866.16,,,,"     ",5.10,117.56,4.18
1598,539308170,"01598M00:03:10.521","01597 23:16:04",221.90,866.21,,,,"     ",5.10,117.75,4.19
1598,539308171,"01598M00:03:11.494","01597 23:16:05",221.87,866.15,,,,"     ",5.10,117.27,4.17
1598,539308172,"01598M00:03:12.468","01597 23:16:05",221.75,866.10,,,,"     ",5.10,117.11,4.16
1598,539308173,"01598M00:03:13.441","01597 23:16:06",221.58,866.07,,,,"     ",5.10,118.40,4.20
1598,539308174,"01598M00:03:14.414","01597 23:16:07",221.39,866.07,,,,"     ",5.10,117.68,4.18
1598,539308175,"01598M00:03:15.387","01597 23:16:08",221.21,865.98,,,,"     ",5.10,118.16,4.19
1598,539308176,"01598M00:03:16.361","01597 23:16:09",221.06,865.94,,,,"     ",5.10,117.68,4.17
1598,539308177,"01598M00:03:17.334","01597 23:16:10",220.94,866.05,,,,"     ",5.10,117.16,4.15
1598,539308178,"01598M00:03:18.307","01597 23:16:11",220.85,866.03,,,,"     ",5.10,117.54,4.17
1598,539308179,"01598M00:03:19.280","01597 23:16:12",220.80,866.00,,,,"     ",5.10,118.83,4.21
1598,539308180,"01598M00:03:20.254","01597 23:16:13",220.79,865.81,,,,"     ",5.10,118.11,4.18
1598,539308181,"01598M00:03:21.227","01597 23:16:14",220.81,865.79,,,,"     ",5.10,118.07,4.18
1598,539308182,"01598M00:03:22.200","01597 23:16:15",220.83,865.80,,,,"     ",5.10,118.42,4.19
1598,539308183,"01598M00:03:23.173","01597 23:16:16",220.87,865.76,,,,"     ",5.10,117.05,4.14
1598,539308184,"01598M00:03:24.147","01597 23:16:17",220.90,865.54,,,,"     ",5.10,117.89,4.17
1598,539308185,"01598M00:03:25.120","01597 23:16:18",220.90,865.44,,,,"     ",5.10,117.66,4.16
1598,539308186,"01598M00:03:26.093","01597 23:16:19",220.87,865.57,,,,"     ",5.10,118.28,4.18
1598,539308187,"01598M00:03:27.066","01597 23:16:20",220.83,865.57,,,,"     ",5.10,116.89,4.13
1598,539308188,"01598M00:03:28.040","01597 23:16:21",220.76,865.53,,,,"     ",5.10,118.35,4.18
1598,539308189,"01598M00:03:29.013","01597 23:16:22",220.67,865.59,,,,"     ",5.10,117.55,4.15
1598,539308190,"01598M00:03:29.986","01597 23:16:23",220.54,865.71,,,,"     ",5.10,117.65,4.16
1598,539308191,"01598M00:03:30.959","01597 23:16:24",220.40,865.77,,,,"     ",5.10,118.07,4.17
1598,539308192,"01598M00:03:31.933","01597 23:16:25",220.26,865.91,,,,"     ",5.10,118.05,4.17
1598,539308193,"01598M00:03:32.906","01597 23:16:26",220.16,866.09,,,,"     ",5.10,118.26,4.18
1598,539308194,"01598M00:03:33.879","01597 23:16:27",220.11,866.19,,,,"     ",5.10,118.36,4.18
1598,539308195,"01598M00:03:34.853","01597 23:16:28",220.13,866.17,,,,"     ",5.10,118.87,4.20
1598,539308196,"01598M00:03:35.826","01597 23:16:29",220.21,866.08,,,,"     ",5.10,119.19,4.21
1598,539308197,"01598M00:03:36.799","01597 23:16:30",220.34,865.94,,,,"     ",5.10,118.90,4.20
1598,539308198,"01598M00:03:37.772","01597 23:16:31",220.50,865.92,,,,"     ",5.10,119.40,4.22
1598,539308199,"01598M00:03:38.746","01597 23:16:32",220.67,865.74,,,,"     ",5.10,120.29,4.25
1598,539308200,"01598M00:03:39.719","01597 23:16:33",220.85,865.56,,,,"     ",5.10,120.06,4.24
1598,539308201,"01598M00:03:40.692","01597 23:16:34",221.01,865.61,,,,"     ",5.10,120.70,4.26
1598,539308202,"01598M00:03:41.665","01597 23:16:35",221.13,865.43,,,,"     ",5.10,120.97,4.27
1598,539308203,"01598M00:03:42.639","01597 23:16:36",221.22,865.45,,,,"     ",5.10,121.78,4.30
1598,539308204,"01598M00:03:43.612","01597 23:16:37",221.31,865.34,,,,"     ",5.10,121.17,4.27
1598,539308205,"01598M00:03:44.585","01597 23:16:38",221.39,865.23,,,,"     ",5.10,121.73,4.29
1598,539308206,"01598M00:03:45.558","01597 23:16:39",221.44,865.43,,,,"     ",5.10,121.46,4.28
1598,539308207,"01598M00:03:46.532","01597 23:16:40",221.45,865.34,,,,"     ",5.10,122.73,4.33
1598,539308208,"01598M00:03:47.505","01597 23:16:41",221.42,865.23,,,,"     ",5.10,122.02,4.30
1598,539308209,"01598M00:03:48.478","01597 23:16:41",221.36,865.18,,,,"     ",5.10,122.06,4.30
1598,539308210,"01598M00:03:49.451","01597 23:16:42",221.27,865.27,,,,"     ",5.10,122.91,4.33
1598,539308211,"01598M00:03:50.425","01597 23:16:43",221.17,865.39,,,,"     ",5.10,123.61,4.35
1598,539308212,"01598M00:03:51.398","01597 23:16:44",221.07,865.35,,,,"     ",5.10,122.82,4.32
1598,539308213,"01598M00:03:52.371","01597 23:16:45",221.00,865.38,,,,"     ",5.10,123.37,4.34
1598,539308214,"01598M00:03:53.344","01597 23:16:46",220.93,865.43,,,,"     ",5.10,123.39,4.34
1598,539308215,"01598M00:03:54.318","01597 23:16:47",220.87,865.52,,,,"     ",5.10,123.37,4.34
1598,539308216,"01598M00:03:55.291","01597 23:16:48",220.78,865.62,,,,"     ",5.10,123.47,4.34
1598,539308217,"01598M00:03:56.264","01597 23:16:49",220.64,865.62,,,,"     ",5.10,123.67,4.35
1598,539308218,"01598M00:03:57.237","01597 23:16:50",220.46,865.64,,,,"     ",5.10,123.78,4.35
1598,539308219,"01598M00:03:58.211","01597 23:16:51",220.25,865.71,,,,"     ",5.10,123.29,4.33
1598,539308220,"01598M00:03:59.184","01597 23:16:52",220.06,865.80,,,,"     ",5.10,123.87,4.36
1598,539308221,"01598M00:04:00.157","01597 23:16:53",219.89,865.84,,,,"     ",5.10,123.54,4.34
1598,539308222,"01598M00:04:01.130","01597 23:16:54",219.75,865.80,,,,"     ",5.10,123.46,4.34
1598,539308223,"01598M00:04:02.104","01597 23:16:55",219.64,865.75,,,,"     ",5.10,123.38,4.34
1598,539308224,"01598M00:04:03.077","01597 23:16:56",219.55,865.77,,,,"     ",5.10,123.77,4.35
1598,539308225,"01598M00:04:04.050","01597 23:16:57",219.48,865.79,,,,"     ",5.10,123.30,4.33
1598,539308226,"01598M00:04:05.023","01597 23:16:58",219.40,865.83,,,,"     ",5.10,122.91,4.32
1598,539308227,"01598M00:04:05.997","01597 23:16:59",219.33,865.93,,,,"     ",5.10,123.23,4.33
1598,539308228,"01598M00:04:06.970","01597 23:17:00",219.26,865.88,,,,"     ",5.10,123.88,4.35
1598,539308229,"01598M00:04:07.943","01597 23:17:01",219.22,865.97,,,,"     ",5.10,123.95,4.36
1598,539308230,"01598M00:04:08.916","01597 23:17:02",219.21,865.98,,,,"     ",5.10,123.31,4.33
1598,539308231,"01598M00:04:09.890","01597 23:17:03",219.22,866.00,,,,"     ",5.10,123.49,4.34
1598,539308232,"01598M00:04:10.863","01597 23:17:04",219.26,866.01,,,,"     ",5.10,123.54,4.34
1598,539308233,"01598M00:04:11.836","01597 23:17:05",219.32,866.08,,,,"     ",5.10,124.09,4.36
1598,539308234,"01598M00:04:12.809","01597 23:17:06",219.38,866.05,,,,"     ",5.10,123.34,4.33
1598,539308235,"01598M00:04:13.783","01597 23:17:07",219.44,866.02,,,,"     ",5.10,122.89,4.32
1598,539308236,"01598M00:04:14.756","01597 23:17:08",219.48,866.12,,,,"     ",5.10,122.93,4.32
1598,539308237,"01598M00:04:15.729","01597 23:17:09",219.52,866.14,,,,"     ",5.10,122.33,4.30
1598,539308238,"01598M00:04:16.702","01597 23:17:10",219.57,866.26,,,,"     ",5.10,122.48,4.30
1598,539308239,"01598M00:04:17.676","01597 23:17:11",219.64,866.24,,,,"     ",5.10,123.22,4.33
1598,539308240,"01598M00:04:18.649","01597 23:17:12",219.73,866.29,,,,"     ",5.10,122.92,4.32
1598,539308241,"01598M00:04:19.622","01597 23:17:13",219.83,866.21,,,,"     ",5.10,122.85,4.32
1598,539308242,"01598M00:04:20.595","01597 23:17:14",219.92,866.30,,,,"     ",5.10,123.09,4.33
1598,539308243,"01598M00:04:21.569","01597 23:17:15",220.01,866.17,,,,"     ",5.10,123.12,4.33
1598,539308244,"01598M00:04:22.542","01597 23:17:16",220.07,866.15,,,,"     ",5.10,122.58,4.31
1598,539308245,"01598M00:04:23.515","01597 23:17:17",220.12,866.10,,,,"     ",5.10,122.16,4.30
1598,539308246,"01598M00:04:24.488","01597 23:17:17",220.12,866.04,,,,"     ",5.10,122.77,4.32
1598,539308247,"01598M00:04:25.462","01597 23:17:18",220.09,866.14,,,,"     ",5.10,122.24,4.30
1598,539308248,"01598M00:04:26.435","01597 23:17:19",220.00,866.15,,,,"     ",5.10,121.65,4.28
1598,539308249,"01598M00:04:27.408","01597 23:17:20",219.88,866.14,,,,"     ",5.10,122.87,4.32
1598,539308250,"01598M00:04:28.381","01597 23:17:21",219.73,866.12,,,,"     ",5.10,122.81,4.32
1598,539308251,"01598M00:04:29.355","01597 23:17:22",219.59,866.11,,,,"     ",5.10,121.74,4.28
1598,539308252,"01598M00:04:30.328","01597 23:17:23",219.45,866.08,,,,"     ",5.10,122.14,4.30
1598,539308253,"01598M00:04:31.301","01597 23:17:24",219.31,866.02,,,,"     ",5.10,122.82,4.32
1598,539308254,"01598M00:04:32.274","01597 23:17:25",219.19,866.03,,,,"     ",5.10,121.75,4.28
1598,539308255,"01598M00:04:33.248","01597 23:17:26",219.08,865.87,,,,"     ",5.10,121.54,4.28
1598,539308256,"01598M00:04:34.221","01597 23:17:27",219.00,866.05,,,,"     ",5.10,122.28,4.31
1598,539308257,"01598M00:04:35.194","01597 23:17:28",218.94,866.10,,,,"     ",5.10,122.35,4.31
1598,539308258,"01598M00:04:36.167","01597 23:17:29",218.91,866.10,,,,"     ",5.10,121.95,4.29
1598,539308259,"01598M00:04:37.141","01597 23:17:30",218.91,866.07,,,,"     ",5.10,122.66,4.32
1598,539308260,"01598M00:04:38.114","01597 23:17:31",218.93,866.15,,,,"     ",5.10,122.50,4.31
1598,539308261,"01598M00:04:39.087","01597 23:17:32",218.98,866.11,,,,"     ",5.10,122.52,4.32
1598,539308262,"01598M00:04:40.060","01597 23:17:33",219.05,866.04,,,,"     ",5.10,122.09,4.30
1598,539308263,"01598M00:04:41.034","01597 23:17:34",219.14,866.04,,,,"     ",5.10,122.33,4.31
1598,539308264,"01598M00:04:42.007","01597 23:17:35",219.21,866.02,,,,"     ",5.10,122.92,4.33
1598,539308265,"01598M00:04:42.980","01597 23:17:36",219.27,866.05,,,,"     ",5.10,122.48,4.32
1598,539308266,"01598M00:04:43.954","01597 23:17:37",219.31,866.08,,,,"     ",5.10,122.64,4.32
1598,539308267,"01598M00:04:44.927","01597 23:17:38",219.34,866.10,,,,"     ",5.10,122.48,4.32
1598,539308268,"01598M00:04:45.900","01597 23:17:39",219.35,866.12,,,,"     ",5.10,122.79,4.33
1598,539308269,"01598M00:04:46.873","01597 23:17:40",219.36,866.14,,,,"     ",5.10,121.62,4.29
1598,539308270,"01598M00:04:47.847","01597 23:17:41",219.36,866.08,,,,"     ",5.10,122.71,4.33
1598,539308271,"01598M00:04:48.820","01597 23:17:42",219.35,866.12,,,,"     ",5.10,121.90,4.30
1598,539308272,"01598M00:04:49.793","01597 23:17:43",219.31,866.08,,,,"     ",5.10,122.74,4.33
1598,539308273,"01598M00:04:50.766","01597 23:17:44",219.25,866.10,,,,"     ",5.10,121.98,4.30
1598,539308274,"01598M00:04:51.740","01597 23:17:45",219.17,866.10,,,,"     ",5.10,122.97,4.34
1598,539308275,"01598M00:04:52.713","01597 23:17:46",219.09,866.24,,,,"     ",5.10,122.25,4.31
1598,539308276,"01598M00:04:53.686","01597 23:17:47",219.02,866.24,,,,"     ",5.10,121.30,4.28
1598,539308277,"01598M00:04:54.659","01597 23:17:48",218.95,866.16,,,,"     ",5.10,121.83,4.30
1598,539308278,"01598M00:04:55.633","01597 23:17:49",218.86,866.19,,,,"     ",5.10,120.97,4.27
1598,539308279,"01598M00:04:56.606","01597 23:17:50",218.78,866.19,,,,"     ",5.10,122.08,4.31
1598,539308280,"01598M00:04:57.579","01597 23:17:51",218.72,866.24,,,,"     ",5.10,121.08,4.27
1598,539308281,"01598M00:04:58.552","01597 23:17:52",218.68,866.23,,,,"     ",5.10,121.16,4.28
1598,539308282,"01598M00:04:59.526","01597 23:17:53",218.67,866.17,,,,"     ",5.10,121.81,4.30
1598,539308283,"01598M00:05:00.499","01597 23:17:53",218.66,866.17,,,,"     ",5.10,121.19,4.28
1598,539308284,"01598M00:05:01.472","01597 23:17:54",218.64,866.17,,,,"     ",5.10,121.07,4.27
1598,539308285,"01598M00:05:02.445","01597 23:17:55",218.61,866.20,,,,"     ",5.10,120.71,4.26
1598,539308286,"01598M00:05:03.419","01597 23:17:56",218.55,866.20,,,,"     ",5.10,120.82,4.27
1598,539308287,"01598M00:05:04.392","01597 23:17:57",218.47,866.21,,,,"     ",5.10,121.12,4.28
1598,539308288,"01598M00:05:05.365","01597 23:17:58",218.37,866.18,,,,"     ",5.10,120.88,4.27
1598,539308289,"01598M00:05:06.338","01597 23:17:59",218.24,866.14,,,,"     ",5.10,120.30,4.25
1598,539308290,"01598M00:05:07.312","01597 23:18:00",218.11,866.14,,,,"     ",5.10,121.51,4.30
1598,539308291,"01598M00:05:08.285","01597 23:18:01",218.00,866.22,,,,"     ",5.10,119.83,4.24
1598,539308292,"01598M00:05:09.258","01597 23:18:02",217.94,866.25,,,,"     ",5.10,120.77,4.27
1598,539308293,"01598M00:05:10.231","01597 23:18:03",218.49,866.17,,,,"     ",5.10,120.58,4.26
1598,539308294,"01598M00:05:11.205","01597 23:18:04",218.46,866.06,,,,"     ",5.10,120.84,4.27
1598,539308295,"01598M00:05:12.178","01597 23:18:05",218.45,866.06,,,,"     ",5.10,120.53,4.26
1598,539308296,"01598M00:05:13.151","01597 23:18:06",218.48,866.05,,,,"     ",5.10,120.49,4.26
1598,539308297,"01598M00:05:14.124","01597 23:18:07",218.52,866.08,,,,"     ",5.10,120.25,4.25
1598,539308298,"01598M00:05:15.098","01597 23:18:08",217.93,866.00,,,,"     ",5.10,120.78,4.27
1598,539308299,"01598M00:05:16.071","01597 23:18:09",217.95,865.90,,,,"     ",5.10,121.81,4.31
1598,539308300,"01598M00:05:17.044","01597 23:18:10",217.98,866.05,,,,"     ",5.10,121.41,4.30
1598,539308301,"01598M00:05:18.017","01597 23:18:11",218.03,866.03,,,,"     ",5.10,121.61,4.30
1598,539308302,"01598M00:05:18.991","01597 23:18:12",218.10,866.01,,,,"     ",5.10,121.22,4.29
1598,539308303,"01598M00:05:19.964","01597 23:18:13",218.18,866.01,,,,"     ",5.10,121.22,4.29
1598,539308304,"01598M00:05:20.937","01597 23:18:14",218.27,865.94,,,,"     ",5.10,121.16,4.29
1598,539308305,"01598M00:05:21.910","01597 23:18:15",218.35,865.96,,,,"     ",5.10,121.58,4.30
1598,539308306,"01598M00:05:22.884","01597 23:18:16",218.42,865.85,,,,"     ",5.10,122.19,4.32
1598,539308307,"01598M00:05:23.857","01597 23:18:17",218.50,865.78,,,,"     ",5.10,121.21,4.29
1598,539308308,"01598M00:05:24.830","01597 23:18:18",218.57,865.85,,,,"     ",5.10,122.59,4.34
1598,539308309,"01598M00:05:25.803","01597 23:18:19",218.65,865.82,,,,"     ",5.10,122.69,4.34
1598,539308310,"01598M00:05:26.777","01597 23:18:20",218.73,865.81,,,,"     ",5.10,121.84,4.31
1598,539308311,"01598M00:05:27.750","01597 23:18:21",218.83,865.89,,,,"     ",5.10,122.46,4.33
1598,539308312,"01598M00:05:28.723","01597 23:18:22",218.96,865.79,,,,"     ",5.10,121.96,4.31
1598,539308313,"01598M00:05:29.696","01597 23:18:23",219.10,865.91,,,,"     ",5.10,122.84,4.34
1598,539308314,"01598M00:05:30.670","01597 23:18:24",219.27,865.95,,,,"     ",5.10,122.95,4.35
1598,539308315,"01598M00:05:31.643","01597 23:18:25",219.43,865.95,,,,"     ",5.10,123.11,4.35
1598,539308316,"01598M00:05:32.616","01597 23:18:26",219.56,865.98,,,,"     ",5.10,124.32,4.40
1598,539308317,"01598M00:05:33.589","01597 23:18:27",219.66,865.97,,,,"     ",5.10,123.69,4.37
1598,539308318,"01598M00:05:34.563","01597 23:18:28",219.72,866.02,,,,"     ",5.10,123.99,4.38
1598,539308319,"01598M00:05:35.536","01597 23:18:29",219.76,866.06,,,,"     ",5.10,123.52,4.37
1598,539308320,"01598M00:05:36.509","01597 23:18:29",219.77,865.98,,,,"     ",5.10,124.03,4.39
1598,539308321,"01598M00:05:37.482","01597 23:18:30",219.72,865.93,,,,"     ",5.10,124.55,4.40
1598,539308322,"01598M00:05:38.456","01597 23:18:31",219.65,865.94,,,,"     ",5.10,125.29,4.43
1598,539308323,"01598M00:05:39.429","01597 23:18:32",219.58,865.87,,,,"     ",5.10,124.67,4.40
1598,539308324,"01598M00:05:40.402","01597 23:18:33",219.51,865.97,,,,"     ",5.10,124.86,4.41
1598,539308325,"01598M00:05:41.375","01597 23:18:34",219.42,866.02,,,,"     ",5.10,125.44,4.43
1598,539308326,"01598M00:05:42.349","01597 23:18:35",219.32,865.97,,,,"     ",5.10,124.56,4.40
1598,539308327,"01598M00:05:43.322","01597 23:18:36",219.21,865.94,,,,"     ",5.10,124.79,4.40
1598,539308328,"01598M00:05:44.295","01597 23:18:37",219.07,865.87,,,,"     ",5.10,125.15,4.41
1598,539308329,"01598M00:05:45.268","01597 23:18:38",218.93,865.92,,,,"     ",5.10,124.88,4.40
1598,539308330,"01598M00:05:46.242","01597 23:18:39",218.76,865.99,,,,"     ",5.10,124.69,4.40
1598,539308331,"01598M00:05:47.215","01597 23:18:40",218.59,865.94,,,,"     ",5.10,125.06,4.41
1598,539308332,"01598M00:05:48.188","01597 23:18:41",218.40,866.01,,,,"     ",5.10,124.44,4.39
1598,539308333,"01598M00:05:49.161","01597 23:18:42",218.20,865.90,,,,"     ",5.10,124.96,4.40
1598,539308334,"01598M00:05:50.135","01597 23:18:43",218.02,865.88,,,,"     ",5.10,124.85,4.40
1598,539311716,"01598M01:00:41.678","01598 00:13:34",216.60,868.52,,,,"     ",5.10,,
1598,539311717,"01598M01:00:42.651","01598 00:13:35",216.69,868.61,,,,"     ",5.10,81.53,5.03
1598,539311718,"01598M01:00:43.625","01598 00:13:36",216.76,868.55,,,,"     ",5.10,81.52,5.02
1598,539311719,"01598M01:00:44.598","01598 00:13:37",216.81,868.58,,,,"     ",5.10,81.88,5.02
1598,539311720,"01598M01:00:45.571","01598 00:13:38",216.86,868.57,,,,"     ",5.10,81.75,5.00
1598,539311721,"01598M01:00:46.544","01598 00:13:39",216.90,868.52,,,,"     ",5.10,81.72,4.98
1598,539311722,"01598M01:00:47.518","01598 00:13:40",216.93,868.46,,,,"     ",5.10,82.44,5.02
1598,539311723,"01598M01:00:48.491","01598 00:13:41",216.95,868.55,,,,"     ",5.10,81.77,4.96
1598,539311724,"01598M01:00:49.464","01598 00:13:42",216.96,868.52,,,,"     ",5.10,82.12,4.97
1598,539311725,"01598M01:00:50.437","01598 00:13:43",216.96,868.54,,,,"     ",5.10,82.44,4.98
1598,539311726,"01598M01:00:51.411","01598 00:13:44",216.95,868.50,,,,"     ",5.10,82.26,4.95
1598,539311727,"01598M01:00:52.384","01598 00:13:45",216.92,868.54,,,,"     ",5.10,82.40,4.95
1598,539311728,"01598M01:00:53.357","01598 00:13:46",216.89,868.58,,,,"     ",5.10,82.77,4.96
1598,539311729,"01598M01:00:54.330","01598 00:13:47",216.83,868.52,,,,"     ",5.10,82.87,4.95
1598,539311730,"01598M01:00:55.304","01598 00:13:48",216.77,868.51,,,,"     ",5.10,82.53,4.92
1598,539311731,"01598M01:00:56.277","01598 00:13:49",216.73,868.53,,,,"     ",5.10,82.74,4.92
1598,539311732,"01598M01:00:57.250","01598 00:13:50",216.69,868.44,,,,"     ",5.10,83.18,4.93
1598,539311733,"01598M01:00:58.223","01598 00:13:51",216.65,868.47,,,,"     ",5.10,82.99,4.91
1598,539311734,"01598M01:00:59.197","01598 00:13:52",216.60,868.39,,,,"     ",5.10,83.30,4.92
1598,539311735,"01598M01:01:00.170","01598 00:13:53",216.55,868.39,,,,"     ",5.10,82.60,4.86
1598,539311736,"01598M01:01:01.143","01598 00:13:54",216.49,868.38,,,,"     ",5.10,82.93,4.87
1598,539311737,"01598M01:01:02.116","01598 00:13:54",216.43,868.47,,,,"     ",5.10,83.03,4.87
1598,539311738,"01598M01:01:03.090","01598 00:13:55",216.37,868.55,,,,"     ",5.10,82.99,4.86
1598,539311739,"01598M01:01:04.063","01598 00:13:56",216.34,868.43,,,,"     ",5.10,83.08,4.86
1598,539311740,"01598M01:01:05.036","01598 00:13:57",216.30,868.43,,,,"     ",5.10,82.87,4.83
1598,539311741,"01598M01:01:06.009","01598 00:13:58",216.25,868.42,,,,"     ",5.10,83.11,4.84
1598,539311742,"01598M01:01:06.983","01598 00:13:59",216.20,868.40,,,,"     ",5.10,82.87,4.81
1598,539311743,"01598M01:01:07.956","01598 00:14:00",216.17,868.48,,,,"     ",5.10,83.04,4.81
1598,539311744,"01598M01:01:08.929","01598 00:14:01",216.14,868.51,,,,"     ",5.10,83.44,4.83
1598,539311745,"01598M01:01:09.902","01598 00:14:02",216.10,868.57,,,,"     ",5.10,83.00,4.80
1598,539311746,"01598M01:01:10.876","01598 00:14:03",216.04,868.61,,,,"     ",5.10,83.48,4.81
1598,539311747,"01598M01:01:11.849","01598 00:14:04",215.96,868.57,,,,"     ",5.10,83.41,4.80
1598,539311748,"01598M01:01:12.822","01598 00:14:05",215.87,868.51,,,,"     ",5.10,83.55,4.80
1598,539311749,"01598M01:01:13.795","01598 00:14:06",215.79,868.54,,,,"     ",5.10,84.05,4.82
1598,539311750,"01598M01:01:14.769","01598 00:14:07",215.73,868.46,,,,"     ",5.10,84.14,4.82
1598,539311751,"01598M01:01:15.742","01598 00:14:08",215.65,868.53,,,,"     ",5.10,83.77,4.79
1598,539311752,"01598M01:01:16.715","01598 00:14:09",215.58,868.42,,,,"     ",5.10,84.10,4.80
1598,539311753,"01598M01:01:17.688","01598 00:14:10",215.53,868.45,,,,"     ",5.10,84.22,4.80
1598,539311754,"01598M01:01:18.662","01598 00:14:11",215.51,868.44,,,,"     ",5.10,84.03,4.78
1598,539311755,"01598M01:01:19.635","01598 00:14:12",215.52,868.48,,,,"     ",5.10,84.03,4.78
1598,539311756,"01598M01:01:20.608","01598 00:14:13",215.57,868.55,,,,"     ",5.10,83.87,4.76
1598,539311757,"01598M01:01:21.581","01598 00:14:14",215.66,868.51,,,,"     ",5.10,84.15,4.77
1598,539311758,"01598M01:01:22.555","01598 00:14:15",215.80,868.49,,,,"     ",5.10,83.78,4.74
1598,539311759,"01598M01:01:23.528","01598 00:14:16",215.96,868.50,,,,"     ",5.10,84.13,4.76
1598,539311760,"01598M01:01:24.501","01598 00:14:17",216.12,868.49,,,,"     ",5.10,84.47,4.77
1598,539311761,"01598M01:01:25.474","01598 00:14:18",216.28,868.48,,,,"     ",5.10,83.96,4.74
1598,539311762,"01598M01:01:26.448","01598 00:14:19",216.42,868.48,,,,"     ",5.10,84.70,4.77
1598,539311763,"01598M01:01:27.421","01598 00:14:20",216.54,868.50,,,,"     ",5.10,84.08,4.73
1598,539311764,"01598M01:01:28.394","01598 00:14:21",216.63,868.51,,,,"     ",5.10,84.45,4.75
1598,539311765,"01598M01:01:29.367","01598 00:14:22",216.69,868.53,,,,"     ",5.10,84.58,4.75
1598,539311766,"01598M01:01:30.341","01598 00:14:23",216.72,868.44,,,,"     ",5.10,85.28,4.78
1598,539311767,"01598M01:01:31.314","01598 00:14:24",216.72,868.48,,,,"     ",5.10,84.95,4.75
1598,539311768,"01598M01:01:32.287","01598 00:14:25",216.72,868.62,,,,"     ",5.10,85.30,4.77
1598,539311769,"01598M01:01:33.260","01598 00:14:26",216.69,868.62,,,,"     ",5.10,84.87,4.74
1598,539311770,"01598M01:01:34.234","01598 00:14:27",216.66,868.55,,,,"     ",5.10,85.21,4.75
1598,539311771,"01598M01:01:35.207","01598 00:14:28",216.61,868.57,,,,"     ",5.10,84.90,4.73
1598,539311772,"01598M01:01:36.180","01598 00:14:29",216.55,868.57,,,,"     ",5.10,85.10,4.73
1598,539311773,"01598M01:01:37.153","01598 00:14:30",216.49,868.52,,,,"     ",5.10,85.71,4.76
1598,539311774,"01598M01:01:38.127","01598 00:14:30",216.43,868.44,,,,"     ",5.10,85.10,4.72
1598,539311775,"01598M01:01:39.100","01598 00:14:31",216.38,868.39,,,,"     ",5.10,85.30,4.73
1598,539311776,"01598M01:01:40.073","01598 00:14:32",216.34,868.46,,,,"     ",5.10,85.61,4.74
1598,539311777,"01598M01:01:41.046","01598 00:14:33",216.29,868.44,,,,"     ",5.10,85.87,4.75
1598,539311778,"01598M01:01:42.020","01598 00:14:34",216.24,868.49,,,,"     ",5.10,86.15,4.76
1598,539311779,"01598M01:01:42.993","01598 00:14:35",216.20,868.56,,,,"     ",5.10,86.10,4.75
1598,539311780,"01598M01:01:43.966","01598 00:14:36",216.15,868.56,,,,"     ",5.10,85.39,4.71
1598,539311781,"01598M01:01:44.939","01598 00:14:37",216.11,868.51,,,,"     ",5.10,86.21,4.75
1598,539311782,"01598M01:01:45.913","01598 00:14:38",216.07,868.60,,,,"     ",5.10,85.67,4.71
1598,539311783,"01598M01:01:46.886","01598 00:14:39",216.03,868.63,,,,"     ",5.10,86.22,4.74
1598,539311784,"01598M01:01:47.859","01598 00:14:40",216.01,868.57,,,,"     ",5.10,85.99,4.72
1598,539311785,"01598M01:01:48.833","01598 00:14:41",215.99,868.57,,,,"     ",5.10,85.95,4.72
1598,539311786,"01598M01:01:49.806","01598 00:14:42",215.99,868.61,,,,"     ",5.10,86.24,4.73
1598,539311787,"01598M01:01:50.779","01598 00:14:43",215.99,868.60,,,,"     ",5.10,86.11,4.72
1598,539311788,"01598M01:01:51.752","01598 00:14:44",215.99,868.70,,,,"     ",5.10,86.01,4.71
1598,539311789,"01598M01:01:52.726","01598 00:14:45",215.97,868.57,,,,"     ",5.10,85.67,4.68
1598,539311790,"01598M01:01:53.699","01598 00:14:46",215.94,868.58,,,,"     ",5.10,85.42,4.67
1598,539311791,"01598M01:01:54.672","01598 00:14:47",215.91,868.62,,,,"     ",5.10,85.43,4.67
1598,539311792,"01598M01:01:55.645","01598 00:14:48",215.89,868.65,,,,"     ",5.10,85.62,4.67
1598,539311793,"01598M01:01:56.619","01598 00:14:49",215.88,868.57,,,,"     ",5.10,85.57,4.67
1598,539311794,"01598M01:01:57.592","01598 00:14:50",215.85,868.54,,,,"     ",5.10,85.32,4.65
1598,539311795,"01598M01:01:58.565","01598 00:14:51",215.81,868.50,,,,"     ",5.10,85.92,4.68
1598,539311796,"01598M01:01:59.538","01598 00:14:52",215.76,868.43,,,,"     ",5.10,85.67,4.66
1598,539311797,"01598M01:02:00.512","01598 00:14:53",215.70,868.53,,,,"     ",5.10,85.23,4.64
1598,539311798,"01598M01:02:01.485","01598 00:14:54",215.63,868.47,,,,"     ",5.10,85.56,4.65
1598,539311799,"01598M01:02:02.458","01598 00:14:55",215.54,868.45,,,,"     ",5.10,85.86,4.67
1598,539311800,"01598M01:02:03.431","01598 00:14:56",215.45,868.48,,,,"     ",5.10,85.66,4.65
1598,539311801,"01598M01:02:04.405","01598 00:14:57",215.35,868.49,,,,"     ",5.10,85.79,4.66
1598,539311802,"01598M01:02:05.378","01598 00:14:58",215.24,868.50,,,,"     ",5.10,85.41,4.63
1598,539311803,"01598M01:02:06.351","01598 00:14:59",215.14,868.56,,,,"     ",5.10,85.54,4.64
1598,539311804,"01598M01:02:07.324","01598 00:15:00",215.06,868.59,,,,"     ",5.10,85.54,4.64
1598,539311805,"01598M01:02:08.298","01598 00:15:01",215.01,868.62,,,,"     ",5.10,85.33,4.62
1598,539311806,"01598M01:02:09.271","01598 00:15:02",214.97,868.58,,,,"     ",5.10,85.25,4.62
1598,539311807,"01598M01:02:10.244","01598 00:15:03",214.95,868.51,,,,"     ",5.10,85.33,4.62
1598,539311808,"01598M01:02:11.217","01598 00:15:04",214.93,868.40,,,,"     ",5.10,85.67,4.64
1598,539311809,"01598M01:02:12.191","01598 00:15:05",214.92,868.47,,,,"     ",5.10,86.04,4.66
1598,539311810,"01598M01:02:13.164","01598 00:15:06",214.92,868.51,,,,"     ",5.10,85.61,4.63
1598,539311811,"01598M01:02:14.137","01598 00:15:06",214.94,868.45,,,,"     ",5.10,85.47,4.62
1598,539311812,"01598M01:02:15.110","01598 00:15:07",214.96,868.42,,,,"     ",5.10,85.12,4.60
1598,539311813,"01598M01:02:16.084","01598 00:15:08",214.98,868.52,,,,"     ",5.10,85.46,4.62
1598,539311814,"01598M01:02:17.057","01598 00:15:09",214.98,868.46,,,,"     ",5.10,85.71,4.63
1598,539311815,"01598M01:02:18.030","01598 00:15:10",214.96,868.59,,,,"     ",5.10,85.22,4.60
1598,539311816,"01598M01:02:19.003","01598 00:15:11",214.92,868.59,,,,"     ",5.10,85.63,4.62
1598,539311817,"01598M01:02:19.977","01598 00:15:12",214.89,868.61,,,,"     ",5.10,85.18,4.60
1598,539311818,"01598M01:02:20.950","01598 00:15:13",214.86,868.63,,,,"     ",5.10,85.37,4.61
1598,539311819,"01598M01:02:21.923","01598 00:15:14",214.83,868.61,,,,"     ",5.10,85.53,4.61
1598,539311820,"01598M01:02:22.896","01598 00:15:15",214.81,868.61,,,,"     ",5.10,85.53,4.61
1598,539311821,"01598M01:02:23.870","01598 00:15:16",214.80,868.67,,,,"     ",5.10,85.57,4.62
1598,539311822,"01598M01:02:24.843","01598 00:15:17",214.79,868.60,,,,"     ",5.10,85.52,4.61
1598,539311823,"01598M01:02:25.816","01598 00:15:18",215.72,868.51,,,,"     ",5.10,86.12,4.65
1598,539311824,"01598M01:02:26.789","01598 00:15:19",215.70,868.53,,,,"     ",5.10,85.66,4.62
1598,539311825,"01598M01:02:27.763","01598 00:15:20",215.67,868.49,,,,"     ",5.10,85.38,4.60
1598,539311826,"01598M01:02:28.736","01598 00:15:21",215.63,868.55,,,,"     ",5.10,85.66,4.62
1598,539311827,"01598M01:02:29.709","01598 00:15:22",215.59,868.51,,,,"     ",5.10,85.02,4.58
1598,539311828,"01598M01:02:30.682","01598 00:15:23",215.55,868.48,,,,"     ",5.10,85.49,4.60
1598,539311829,"01598M01:02:31.656","01598 00:15:24",215.50,868.54,,,,"     ",5.10,85.58,4.61
1598,539311830,"01598M01:02:32.629","01598 00:15:25",215.45,868.57,,,,"     ",5.10,85.44,4.60
1598,539311831,"01598M01:02:33.602","01598 00:15:26",215.39,868.49,,,,"     ",5.10,85.31,4.59
1598,539311832,"01598M01:02:34.575","01598 00:15:27",215.35,868.31,,,,"     ",5.10,85.46,4.60
1598,539311833,"01598M01:02:35.549","01598 00:15:28",215.30,868.34,,,,"     ",5.10,85.17,4.58
1598,539311834,"01598M01:02:36.522","01598 00:15:29",215.27,868.43,,,,"     ",5.10,85.80,4.61
1598,539311835,"01598M01:02:37.495","01598 00:15:30",215.23,868.47,,,,"     ",5.10,85.83,4.61
1598,539311836,"01598M01:02:38.468","01598 00:15:31",215.19,868.48,,,,"     ",5.10,85.96,4.62
1598,539311837,"01598M01:02:39.442","01598 00:15:32",214.44,868.46,,,,"     ",5.10,85.79,4.61
1598,539311838,"01598M01:02:40.415","01598 00:15:33",214.44,868.53,,,,"     ",5.10,85.61,4.60
1598,539311839,"01598M01:02:41.388","01598 00:15:34",214.46,868.50,,,,"     ",5.10,85.95,4.62
1598,539311840,"01598M01:02:42.361","01598 00:15:35",214.51,868.59,,,,"     ",5.10,85.46,4.59
1598,539311841,"01598M01:02:43.335","01598 00:15:36",214.56,868.63,,,,"     ",5.10,85.90,4.61
1598,539311842,"01598M01:02:44.308","01598 00:15:37",214.59,868.63,,,,"     ",5.10,85.45,4.59
1598,539311843,"01598M01:02:45.281","01598 00:15:38",214.60,868.59,,,,"     ",5.10,85.45,4.59
1598,539311844,"01598M01:02:46.254","01598 00:15:39",214.61,868.53,,,,"     ",5.10,85.87,4.61
1598,539311845,"01598M01:02:47.228","01598 00:15:40",214.62,868.51,,,,"     ",5.10,85.70,4.60
1598,539311846,"01598M01:02:48.201","01598 00:15:41",214.64,868.58,,,,"     ",5.10,85.83,4.60
1598,539311847,"01598M01:02:49.174","01598 00:15:42",215.50,868.62,,,,"     ",5.10,85.74,4.60
1598,539311848,"01598M01:02:50.147","01598 00:15:42",215.52,868.67,,,,"     ",5.10,86.09,4.62
1598,539311849,"01598M01:02:51.121","01598 00:15:43",215.53,868.64,,,,"     ",5.10,85.47,4.58
1598,539311850,"01598M01:02:52.094","01598 00:15:44",215.53,868.63,,,,"     ",5.10,85.59,4.59
1598,539311851,"01598M01:02:53.067","01598 00:15:45",215.53,868.61,,,,"     ",5.10,85.45,4.58
1598,539311852,"01598M01:02:54.040","01598 00:15:46",215.52,868.61,,,,"     ",5.10,85.61,4.59
1598,539311853,"01598M01:02:55.014","01598 00:15:47",215.50,868.60,,,,"     ",5.10,85.35,4.57
1598,539311854,"01598M01:02:55.987","01598 00:15:48",215.48,868.53,,,,"     ",5.10,85.50,4.58
1598,539311855,"01598M01:02:56.960","01598 00:15:49",214.64,868.59,,,,"     ",5.10,85.16,4.56
1598,539311856,"01598M01:02:57.934","01598 00:15:50",214.64,868.62,,,,"     ",5.10,85.48,4.58
1598,539311857,"01598M01:02:58.907","01598 00:15:51",214.64,868.65,,,,"     ",5.10,85.20,4.56
1598,539311858,"01598M01:02:59.880","01598 00:15:52",214.66,868.67,,,,"     ",5.10,85.36,4.57
1598,539311859,"01598M01:03:00.853","01598 00:15:53",214.67,868.62,,,,"     ",5.10,86.03,4.60
1598,539311860,"01598M01:03:01.827","01598 00:15:54",214.69,868.65,,,,"     ",5.10,85.55,4.58
1598,539311861,"01598M01:03:02.800","01598 00:15:55",214.71,868.66,,,,"     ",5.10,84.81,4.53
1598,539311862,"01598M01:03:03.773","01598 00:15:56",214.73,868.69,,,,"     ",5.10,85.73,4.58
1598,539311863,"01598M01:03:04.746","01598 00:15:57",214.74,868.61,,,,"     ",5.10,85.76,4.58
1598,539311864,"01598M01:03:05.720","01598 00:15:58",214.75,868.73,,,,"     ",5.10,85.16,4.55
1598,539311865,"01598M01:03:06.693","01598 00:15:59",214.76,868.71,,,,"     ",5.10,85.54,4.57
1598,539311866,"01598M01:03:07.666","01598 00:16:00",214.77,868.68,,,,"     ",5.10,85.99,4.59
1598,539311867,"01598M01:03:08.639","01598 00:16:01",214.79,868.66,,,,"     ",5.10,86.04,4.59
1598,539311868,"01598M01:03:09.613","01598 00:16:02",214.84,868.62,,,,"     ",5.10,85.82,4.58
1598,539311869,"01598M01:03:10.586","01598 00:16:03",214.90,868.70,,,,"     ",5.10,85.80,4.58
1598,539311870,"01598M01:03:11.559","01598 00:16:04",214.96,868.72,,,,"     ",5.10,85.26,4.54
1598,539311871,"01598M01:03:12.532","01598 00:16:05",215.02,868.74,,,,"     ",5.10,85.28,4.54
1598,539311872,"01598M01:03:13.506","01598 00:16:06",215.07,868.69,,,,"     ",5.10,85.74,4.57
1598,539311873,"01598M01:03:14.479","01598 00:16:07",215.09,868.70,,,,"     ",5.10,85.61,4.56
1598,539311874,"01598M01:03:15.452","01598 00:16:08",215.09,868.76,,,,"     ",5.10,85.40,4.55
1598,539311875,"01598M01:03:16.425","01598 00:16:09",215.06,868.70,,,,"     ",5.10,85.43,4.55
1598,539311876,"01598M01:03:17.399","01598 00:16:10",215.00,868.70,,,,"     ",5.10,85.20,4.53
1598,539311877,"01598M01:03:18.372","01598 00:16:11",214.94,868.71,,,,"     ",5.10,85.03,4.52
1598,539311878,"01598M01:03:19.345","01598 00:16:12",214.87,868.78,,,,"     ",5.10,84.99,4.52
1598,539311879,"01598M01:03:20.318","01598 00:16:13",214.83,868.71,,,,"     ",5.10,85.38,4.54
1598,539311880,"01598M01:03:21.292","01598 00:16:14",214.80,868.71,,,,"     ",5.10,84.87,4.51
1598,539311881,"01598M01:03:22.265","01598 00:16:15",214.77,868.72,,,,"     ",5.10,84.77,4.50
1598,539311882,"01598M01:03:23.238","01598 00:16:16",214.75,868.71,,,,"     ",5.10,85.28,4.53
1598,539311883,"01598M01:03:24.211","01598 00:16:17",214.73,868.69,,,,"     ",5.10,84.85,4.51
1598,539311884,"01598M01:03:25.185","01598 00:16:18",214.72,868.60,,,,"     ",5.10,84.75,4.50
1598,539311885,"01598M01:03:26.158","01598 00:16:18",214.71,868.68,,,,"     ",5.10,85.13,4.52
1598,539311886,"01598M01:03:27.131","01598 00:16:19",214.70,868.67,,,,"     ",5.10,84.60,4.49
1598,539311887,"01598M01:03:28.104","01598 00:16:20",214.69,868.63,,,,"     ",5.10,84.98,4.51
1598,539311888,"01598M01:03:29.078","01598 00:16:21",214.68,868.74,,,,"     ",5.10,84.10,4.46
1598,539311889,"01598M01:03:30.051","01598 00:16:22",214.65,868.68,,,,"     ",5.10,84.72,4.49
1598,539311890,"01598M01:03:31.024","01598 00:16:23",214.62,868.69,,,,"     ",5.10,84.72,4.49
1598,539311891,"01598M01:03:31.997","01598 00:16:24",214.59,868.75,,,,"     ",5.10,84.51,4.48
1598,539311892,"01598M01:03:32.971","01598 00:16:25",214.55,868.73,,,,"     ",5.10,85.23,4.52
1598,539311893,"01598M01:03:33.944","01598 00:16:26",214.53,868.81,,,,"     ",5.10,84.77,4.49
1598,539311894,"01598M01:03:34.917","01598 00:16:27",214.50,868.88,,,,"     ",5.10,84.40,4.47
1598,539311895,"01598M01:03:35.890","01598 00:16:28",214.49,868.79,,,,"     ",5.10,84.83,4.50
1598,539311896,"01598M01:03:36.864","01598 00:16:29",214.49,868.67,,,,"     ",5.10,84.56,4.48
1598,539311897,"01598M01:03:37.837","01598 00:16:30",214.51,868.69,,,,"     ",5.10,84.75,4.49
1598,539311898,"01598M01:03:38.810","01598 00:16:31",214.56,868.74,,,,"     ",5.10,85.14,4.51
1598,539311899,"01598M01:03:39.783","01598 00:16:32",214.61,868.74,,,,"     ",5.10,84.41,4.47
1598,539311900,"01598M01:03:40.757","01598 00:16:33",214.65,868.73,,,,"     ",5.10,84.57,4.48
1598,539311901,"01598M01:03:41.730","01598 00:16:34",214.65,868.75,,,,"     ",5.10,84.71,4.49
1598,539311902,"01598M01:03:42.703","01598 00:16:35",214.62,868.77,,,,"     ",5.10,84.23,4.46
1598,539311903,"01598M01:03:43.676","01598 00:16:36",214.57,868.64,,,,"     ",5.10,84.69,4.48
1598,539311904,"01598M01:03:44.650","01598 00:16:37",214.50,868.69,,,,"     ",5.10,84.62,4.48
1598,539311905,"01598M01:03:45.623","01598 00:16:38",214.44,868.65,,,,"     ",5.10,84.71,4.48
1598,539311906,"01598M01:03:46.596","01598 00:16:39",214.39,868.69,,,,"     ",5.10,84.28,4.46
1598,539311907,"01598M01:03:47.569","01598 00:16:40",214.37,868.67,,,,"     ",5.10,84.46,4.47
1598,539311908,"01598M01:03:48.543","01598 00:16:41",214.38,868.73,,,,"     ",5.10,84.84,4.49
1598,539311909,"01598M01:03:49.516","01598 00:16:42",214.42,868.72,,,,"     ",5.10,84.39,4.47
1598,539311910,"01598M01:03:50.489","01598 00:16:43",214.46,868.80,,,,"     ",5.10,84.97,4.50
1598,539311911,"01598M01:03:51.462","01598 00:16:44",214.51,868.84,,,,"     ",5.10,84.79,4.49
1598,539311912,"01598M01:03:52.436","01598 00:16:45",214.56,868.70,,,,"     ",5.10,84.35,4.46
1598,539311913,"01598M01:03:53.409","01598 00:16:46",214.61,868.76,,,,"     ",5.10,84.78,4.49
1598,539311914,"01598M01:03:54.382","01598 00:16:47",214.67,868.82,,,,"     ",5.10,84.80,4.49
1598,539311915,"01598M01:03:55.355","01598 00:16:48",214.72,868.70,,,,"     ",5.10,84.61,4.48
1598,539311916,"01598M01:03:56.329","01598 00:16:49",214.75,868.73,,,,"     ",5.10,84.88,4.49
1598,539311917,"01598M01:03:57.302","01598 00:16:50",214.75,868.72,,,,"     ",5.10,84.57,4.47
1598,539311918,"01598M01:03:58.275","01598 00:16:51",214.72,868.68,,,,"     ",5.10,84.50,4.47
1598,539311919,"01598M01:03:59.248","01598 00:16:52",214.65,868.73,,,,"     ",5.10,84.37,4.46
1598,539311920,"01598M01:04:00.222","01598 00:16:53",214.56,868.64,,,,"     ",5.10,84.52,4.47
1598,539311921,"01598M01:04:01.195","01598 00:16:54",214.47,868.68,,,,"     ",5.10,85.08,4.50
1598,539311922,"01598M01:04:02.168","01598 00:16:54",214.42,868.72,,,,"     ",5.10,84.49,4.47
1598,539311923,"01598M01:04:03.141","01598 00:16:55",214.40,868.69,,,,"     ",5.10,84.45,4.46
1598,539311924,"01598M01:04:04.115","01598 00:16:56",214.42,868.65,,,,"     ",5.10,84.66,4.47
1598,539311925,"01598M01:04:05.088","01598 00:16:57",214.44,868.69,,,,"     ",5.10,84.70,4.48
1598,539311926,"01598M01:04:06.061","01598 00:16:58",214.48,868.67,,,,"     ",5.10,84.88,4.49
1598,539311927,"01598M01:04:07.035","01598 00:16:59",214.53,868.78,,,,"     ",5.10,84.72,4.48
1598,539311928,"01598M01:04:08.008","01598 00:17:00",214.58,868.77,,,,"     ",5.10,84.78,4.48
1598,539311929,"01598M01:04:08.981","01598 00:17:01",214.63,868.71,,,,"     ",5.10,85.26,4.51
1598,539311930,"01598M01:04:09.954","01598 00:17:02",214.69,868.72,,,,"     ",5.10,84.70,4.47
1598,539311931,"01598M01:04:10.928","01598 00:17:03",214.75,868.81,,,,"     ",5.10,84.48,4.46
1598,539311932,"01598M01:04:11.901","01598 00:17:04",214.82,868.69,,,,"     ",5.10,84.92,4.49
1598,539311933,"01598M01:04:12.874","01598 00:17:05",214.89,868.66,,,,"     ",5.10,84.67,4.47
1598,539311934,"01598M01:04:13.847","01598 00:17:06",214.94,868.70,,,,"     ",5.10,85.08,4.49
1598,539311935,"01598M01:04:14.821","01598 00:17:07",214.96,868.75,,,,"     ",5.10,84.90,4.48
1598,539311936,"01598M01:04:15.794","01598 00:17:08",214.94,868.79,,,,"     ",5.10,85.09,4.49
1598,539311937,"01598M01:04:16.767","01598 00:17:09",214.89,868.77,,,,"     ",5.10,84.92,4.48
1598,539311938,"01598M01:04:17.740","01598 00:17:10",214.85,868.77,,,,"     ",5.10,85.57,4.51
1598,539311939,"01598M01:04:18.714","01598 00:17:11",214.85,868.78,,,,"     ",5.10,85.60,4.52
1598,539311940,"01598M01:04:19.687","01598 00:17:12",214.87,868.82,,,,"     ",5.10,85.30,4.50
1598,539311941,"01598M01:04:20.660","01598 00:17:13",214.91,868.76,,,,"     ",5.10,85.73,4.52
1598,539311942,"01598M01:04:21.633","01598 00:17:14",214.97,868.80,,,,"     ",5.10,85.64,4.51
1598,539311943,"01598M01:04:22.607","01598 00:17:15",215.02,868.76,,,,"     ",5.10,85.95,4.53
1598,539311944,"01598M01:04:23.580","01598 00:17:16",215.08,868.75,,,,"     ",5.10,85.89,4.53
1598,539311945,"01598M01:04:24.553","01598 00:17:17",215.13,868.71,,,,"     ",5.10,85.75,4.52
1598,539311946,"01598M01:04:25.526","01598 00:17:18",215.18,868.74,,,,"     ",5.10,85.92,4.53
1598,539311947,"01598M01:04:26.500","01598 00:17:19",215.24,868.72,,,,"     ",5.10,85.82,4.52
1598,539311948,"01598M01:04:27.473","01598 00:17:20",215.31,868.66,,,,"     ",5.10,86.13,4.53
1598,539311949,"01598M01:04:28.446","01598 00:17:21",215.39,868.68,,,,"     ",5.10,86.10,4.53
1598,539311950,"01598M01:04:29.419","01598 00:17:22",215.45,868.67,,,,"     ",5.10,85.98,4.52
1598,539311951,"01598M01:04:30.393","01598 00:17:23",215.50,868.75,,,,"     ",5.10,86.41,4.54
1598,539311952,"01598M01:04:31.366","01598 00:17:24",215.53,868.73,,,,"     ",5.10,86.10,4.53
1598,539311953,"01598M01:04:32.339","01598 00:17:25",215.55,868.81,,,,"     ",5.10,86.24,4.53
1598,539311954,"01598M01:04:33.312","01598 00:17:26",215.54,868.81,,,,"     ",5.10,86.28,4.53
1598,539311955,"01598M01:04:34.286","01598 00:17:27",215.51,868.82,,,,"     ",5.10,86.68,4.55
1598,539311956,"01598M01:04:35.259","01598 00:17:28",215.48,868.81,,,,"     ",5.10,86.55,4.54
1598,539311957,"01598M01:04:36.232","01598 00:17:29",215.44,868.85,,,,"     ",5.10,86.49,4.54
1598,539311958,"01598M01:04:37.205","01598 00:17:30",215.41,868.78,,,,"     ",5.10,86.74,4.55
1598,539311959,"01598M01:04:38.179","01598 00:17:30",215.39,868.80,,,,"     ",5.10,86.16,4.52
1598,539311960,"01598M01:04:39.152","01598 00:17:31",215.40,868.82,,,,"     ",5.10,87.18,4.57
1598,539311961,"01598M01:04:40.125","01598 00:17:32",215.42,868.85,,,,"     ",5.10,86.21,4.52
1598,539311962,"01598M01:04:41.098","01598 00:17:33",215.45,868.85,,,,"     ",5.10,86.37,4.53
1598,539311963,"01598M01:04:42.072","01598 00:17:34",215.50,868.72,,,,"     ",5.10,86.69,4.54
1598,539311964,"01598M01:04:43.045","01598 00:17:35",215.56,868.75,,,,"     ",5.10,86.32,4.52
1598,539311965,"01598M01:04:44.018","01598 00:17:36",215.63,868.79,,,,"     ",5.10,86.47,4.53
1598,539311966,"01598M01:04:44.991","01598 00:17:37",215.71,868.82,,,,"     ",5.10,86.10,4.50
1598,539311967,"01598M01:04:45.965","01598 00:17:38",215.79,868.83,,,,"     ",5.10,86.63,4.53
1598,539311968,"01598M01:04:46.938","01598 00:17:39",215.87,868.80,,,,"     ",5.10,86.91,4.54
1598,539311969,"01598M01:04:47.911","01598 00:17:40",215.94,868.80,,,,"     ",5.10,86.13,4.50
1598,539311970,"01598M01:04:48.884","01598 00:17:41",216.00,868.83,,,,"     ",5.10,86.35,4.51
1598,539311971,"01598M01:04:49.858","01598 00:17:42",216.03,868.74,,,,"     ",5.10,86.56,4.52
1598,539311972,"01598M01:04:50.831","01598 00:17:43",216.04,868.78,,,,"     ",5.10,86.61,4.52
1598,539311973,"01598M01:04:51.804","01598 00:17:44",216.02,868.82,,,,"     ",5.10,86.30,4.50
1598,539311974,"01598M01:04:52.777","01598 00:17:45",215.99,868.82,,,,"     ",5.10,86.27,4.50
1598,539311975,"01598M01:04:53.751","01598 00:17:46",215.93,868.82,,,,"     ",5.10,86.78,4.53
1598,539311976,"01598M01:04:54.724","01598 00:17:47",215.85,868.85,,,,"     ",5.10,87.09,4.54
1598,539311977,"01598M01:04:55.697","01598 00:17:48",215.77,868.86,,,,"     ",5.10,86.65,4.52
1598,539311978,"01598M01:04:56.670","01598 00:17:49",215.68,868.87,,,,"     ",5.10,86.95,4.53
1598,539311979,"01598M01:04:57.644","01598 00:17:50",215.59,868.82,,,,"     ",5.10,87.33,4.55
1598,539311980,"01598M01:04:58.617","01598 00:17:51",215.50,868.83,,,,"     ",5.10,87.07,4.54
1598,539311981,"01598M01:04:59.590","01598 00:17:52",215.40,868.93,,,,"     ",5.10,87.06,4.53
1598,539311982,"01598M01:05:00.563","01598 00:17:53",215.31,868.84,,,,"     ",5.10,86.43,4.50
1598,539311983,"01598M01:05:01.537","01598 00:17:54",215.26,868.80,,,,"     ",5.10,87.28,4.54
1598,539311984,"01598M01:05:02.510","01598 00:17:55",215.24,868.83,,,,"     ",5.10,86.66,4.51
1598,539311985,"01598M01:05:03.483","01598 00:17:56",215.25,868.84,,,,"     ",5.10,86.87,4.52
1598,539311986,"01598M01:05:04.456","01598 00:17:57",215.26,868.83,,,,"     ",5.10,86.60,4.50
1598,539311987,"01598M01:05:05.430","01598 00:17:58",215.30,868.81,,,,"     ",5.10,87.17,4.53
1598,539311988,"01598M01:05:06.403","01598 00:17:59",215.35,868.79,,,,"     ",5.10,86.74,4.50
1598,539311989,"01598M01:05:07.376","01598 00:18:00",215.46,868.80,,,,"     ",5.10,87.16,4.53
1598,539311990,"01598M01:05:08.349","01598 00:18:01",215.59,868.74,,,,"     ",5.10,87.48,4.54
1598,539311991,"01598M01:05:09.323","01598 00:18:02",215.75,868.83,,,,"     ",5.10,87.15,4.52
1598,539311992,"01598M01:05:10.296","01598 00:18:03",215.91,868.82,,,,"     ",5.10,87.06,4.52
1598,539311993,"01598M01:05:11.269","01598 00:18:04",216.07,868.79,,,,"     ",5.10,87.11,4.52
1598,539311994,"01598M01:05:12.242","01598 00:18:05",216.21,868.81,,,,"     ",5.10,87.16,4.52
1598,539311995,"01598M01:05:13.216","01598 00:18:06",216.31,868.72,,,,"     ",5.10,87.54,4.54
1598,539311996,"01598M01:05:14.189","01598 00:18:07",216.36,868.81,,,,"     ",5.10,87.52,4.54
1598,539311997,"01598M01:05:15.162","01598 00:18:07",216.37,868.85,,,,"     ",5.10,87.35,4.53
1598,539311998,"01598M01:05:16.136","01598 00:18:08",216.36,868.79,,,,"     ",5.10,87.95,4.56
1598,539311999,"01598M01:05:17.109","01598 00:18:09",216.34,868.89,,,,"     ",5.10,87.04,4.51
1598,539312000,"01598M01:05:18.082","01598 00:18:10",216.30,868.94,,,,"     ",5.10,87.66,4.54
1598,539312001,"01598M01:05:19.055","01598 00:18:11",216.26,868.84,,,,"     ",5.10,87.72,4.54
1598,539312002,"01598M01:05:20.029","01598 00:18:12",216.19,868.79,,,,"     ",5.10,87.95,4.55
1598,539312003,"01598M01:05:21.002","01598 00:18:13",216.12,868.78,,,,"     ",5.10,87.83,4.54
1598,539312004,"01598M01:05:21.975","01598 00:18:14",216.04,868.80,,,,"     ",5.10,87.79,4.54
1598,539312005,"01598M01:05:22.948","01598 00:18:15",215.95,868.83,,,,"     ",5.10,87.58,4.53
1598,539312006,"01598M01:05:23.922","01598 00:18:16",215.87,868.88,,,,"     ",5.10,88.24,4.56
1598,539312007,"01598M01:05:24.895","01598 00:18:17",215.81,868.83,,,,"     ",5.10,87.80,4.53
1598,539312008,"01598M01:05:25.868","01598 00:18:18",215.78,868.77,,,,"     ",5.10,87.43,4.51
1598,539312009,"01598M01:05:26.841","01598 00:18:19",215.78,868.88,,,,"     ",5.10,87.73,4.53
1598,539312010,"01598M01:05:27.815","01598 00:18:20",215.78,868.84,,,,"     ",5.10,87.59,4.52
1598,539312011,"01598M01:05:28.788","01598 00:18:21",215.79,868.83,,,,"     ",5.10,87.69,4.52
1598,539312012,"01598M01:05:29.761","01598 00:18:22",215.78,868.78,,,,"     ",5.10,87.89,4.53
1598,539312013,"01598M01:05:30.734","01598 00:18:23",215.78,868.90,,,,"     ",5.10,87.36,4.50
1598,539312014,"01598M01:05:31.708","01598 00:18:24",215.79,868.88,,,,"     ",5.10,87.30,4.50
1598,539312015,"01598M01:05:32.681","01598 00:18:25",215.79,868.87,,,,"     ",5.10,87.93,4.53
1598,539312016,"01598M01:05:33.654","01598 00:18:26",215.81,868.90,,,,"     ",5.10,87.72,4.52
1598,539312017,"01598M01:05:34.627","01598 00:18:27",215.82,868.81,,,,"     ",5.10,88.04,4.53
1598,539312018,"01598M01:05:35.601","01598 00:18:28",215.85,868.82,,,,"     ",5.10,88.04,4.53
1598,539312019,"01598M01:05:36.574","01598 00:18:29",215.87,868.82,,,,"     ",5.10,87.88,4.52
1598,539312020,"01598M01:05:37.547","01598 00:18:30",215.90,868.82,,,,"     ",5.10,87.13,4.48
1598,539312021,"01598M01:05:38.520","01598 00:18:31",215.93,868.89,,,,"     ",5.10,87.64,4.51
1598,539312022,"01598M01:05:39.494","01598 00:18:32",215.97,868.91,,,,"     ",5.10,87.72,4.51
1598,539312023,"01598M01:05:40.467","01598 00:18:33",216.01,868.88,,,,"     ",5.10,87.51,4.50
1598,539312024,"01598M01:05:41.440","01598 00:18:34",216.31,868.97,,,,"     ",5.10,87.68,4.51
1598,539312025,"01598M01:05:42.413","01598 00:18:35",216.27,868.96,,,,"     ",5.10,87.71,4.51
1598,539312026,"01598M01:05:43.387","01598 00:18:36",216.24,868.95,,,,"     ",5.10,87.87,4.51
1598,539312027,"01598M01:05:44.360","01598 00:18:37",216.20,868.83,,,,"     ",5.10,87.60,4.50
1598,539312028,"01598M01:05:45.333","01598 00:18:38",216.17,868.91,,,,"     ",5.10,88.02,4.52
1598,539312029,"01598M01:05:46.306","01598 00:18:39",216.13,868.87,,,,"     ",5.10,87.38,4.49
1598,539312030,"01598M01:05:47.280","01598 00:18:40",216.10,868.90,,,,"     ",5.10,87.77,4.51
1598,539312031,"01598M01:05:48.253","01598 00:18:41",216.07,868.87,,,,"     ",5.10,87.69,4.50
1598,539312032,"01598M01:05:49.226","01598 00:18:42",216.04,868.94,,,,"     ",5.10,87.45,4.49
1598,539312033,"01598M01:05:50.199","01598 00:18:43",216.02,868.92,,,,"     ",5.10,87.41,4.48
1598,539312034,"01598M01:05:51.173","01598 00:18:43",215.99,868.96,,,,"     ",5.10,87.96,4.51
1598,539312035,"01598M01:05:52.146","01598 00:18:44",215.97,868.90,,,,"     ",5.10,87.33,4.48
1598,539312036,"01598M01:05:53.119","01598 00:18:45",215.95,868.85,,,,"     ",5.10,87.82,4.50
1598,539312037,"01598M01:05:54.092","01598 00:18:46",215.93,868.82,,,,"     ",5.10,87.55,4.49
1598,539312038,"01598M01:05:55.066","01598 00:18:47",215.92,868.83,,,,"     ",5.10,87.84,4.50
1598,539312039,"01598M01:05:56.039","01598 00:18:48",215.90,868.81,,,,"     ",5.10,87.66,4.49
1598,539312040,"01598M01:05:57.012","01598 00:18:49",215.89,868.87,,,,"     ",5.10,87.59,4.49
1598,539312041,"01598M01:05:57.985","01598 00:18:50",215.88,868.87,,,,"     ",5.10,87.76,4.50
1598,539312042,"01598M01:05:58.959","01598 00:18:51",215.87,868.84,,,,"     ",5.10,87.79,4.50
1598,539312043,"01598M01:05:59.932","01598 00:18:52",215.85,868.90,,,,"     ",5.10,87.53,4.48
1598,539312044,"01598M01:06:00.905","01598 00:18:53",215.82,868.90,,,,"     ",5.10,87.96,4.50
1598,539312045,"01598M01:06:01.878","01598 00:18:54",215.82,868.86,,,,"     ",5.10,87.69,4.49
1598,539312046,"01598M01:06:02.852","01598 00:18:55",215.82,868.81,,,,"     ",5.10,88.36,4.52
1598,539312047,"01598M01:06:03.825","01598 00:18:56",215.83,868.88,,,,"     ",5.10,88.12,4.51
1598,539312048,"01598M01:06:04.798","01598 00:18:57",215.84,868.86,,,,"     ",5.10,87.51,4.48
1598,539312049,"01598M01:06:05.771","01598 00:18:58",215.85,868.81,,,,"     ",5.10,87.62,4.48
1598,539312050,"01598M01:06:06.745","01598 00:18:59",215.86,868.87,,,,"     ",5.10,87.24,4.46
1598,539312051,"01598M01:06:07.718","01598 00:19:00",215.86,868.90,,,,"     ",5.10,87.38,4.47
1598,539312052,"01598M01:06:08.691","01598 00:19:01",215.86,868.85,,,,"     ",5.10,87.20,4.46
1598,539312053,"01598M01:06:09.664","01598 00:19:02",215.84,868.95,,,,"     ",5.10,87.94,4.49
1598,539312054,"01598M01:06:10.638","01598 00:19:03",215.82,868.96,,,,"     ",5.10,87.48,4.47
1598,539312055,"01598M01:06:11.611","01598 00:19:04",215.80,868.99,,,,"     ",5.10,87.36,4.46
1598,539312056,"01598M01:06:12.584","01598 00:19:05",215.78,868.95,,,,"     ",5.10,87.99,4.49
1598,539312057,"01598M01:06:13.557","01598 00:19:06",215.76,868.95,,,,"     ",5.10,87.44,4.47
1598,539312058,"01598M01:06:14.531","01598 00:19:07",215.75,868.92,,,,"     ",5.10,87.47,4.47
1598,539312059,"01598M01:06:15.504","01598 00:19:08",215.75,869.03,,,,"     ",5.10,87.22,4.45
1598,539312060,"01598M01:06:16.477","01598 00:19:09",215.76,868.98,,,,"     ",5.10,87.61,4.47
1598,539312061,"01598M01:06:17.450","01598 00:19:10",215.78,868.96,,,,"     ",5.10,87.08,4.44
1598,539312062,"01598M01:06:18.424","01598 00:19:11",215.81,868.98,,,,"     ",5.10,86.79,4.43
1598,539312063,"01598M01:06:19.397","01598 00:19:12",215.85,868.99,,,,"     ",5.10,87.57,4.47
1598,539312064,"01598M01:06:20.370","01598 00:19:13",215.90,868.94,,,,"     ",5.10,87.48,4.46
1598,539312065,"01598M01:06:21.343","01598 00:19:14",215.95,868.93,,,,"     ",5.10,87.21,4.45
1598,539312066,"01598M01:06:22.317","01598 00:19:15",216.02,868.93,,,,"     ",5.10,87.68,4.47
1598,539312067,"01598M01:06:23.290","01598 00:19:16",216.08,868.89,,,,"     ",5.10,87.65,4.47
1598,539312068,"01598M01:06:24.263","01598 00:19:17",216.14,868.83,,,,"     ",5.10,87.57,4.46
1598,539312069,"01598M01:06:25.237","01598 00:19:18",216.19,868.81,,,,"     ",5.10,87.34,4.45
1598,539312070,"01598M01:06:26.210","01598 00:19:19",216.24,868.88,,,,"     ",5.10,87.79,4.48
1598,539312071,"01598M01:06:27.183","01598 00:19:19",216.28,868.85,,,,"     ",5.10,87.45,4.46
1598,539312072,"01598M01:06:28.156","01598 00:19:20",216.31,868.98,,,,"     ",5.10,87.45,4.46
1598,539312073,"01598M01:06:29.130","01598 00:19:21",216.33,869.05,,,,"     ",5.10,87.48,4.46
1598,539312074,"01598M01:06:30.103","01598 00:19:22",216.34,869.00,,,,"     ",5.10,87.48,4.46
1598,539312075,"01598M01:06:31.076","01598 00:19:23",216.34,868.98,,,,"     ",5.10,87.66,4.47
1598,539312076,"01598M01:06:32.049","01598 00:19:24",216.33,868.94,,,,"     ",5.10,87.24,4.44
1598,539312077,"01598M01:06:33.023","01598 00:19:25",216.32,868.92,,,,"     ",5.10,87.66,4.46
1598,539312078,"01598M01:06:33.996","01598 00:19:26",216.30,869.00,,,,"     ",5.10,87.20,4.44
1598,539312079,"01598M01:06:34.969","01598 00:19:27",216.28,868.92,,,,"     ",5.10,87.87,4.47
1598,539312080,"01598M01:06:35.942","01598 00:19:28",216.25,869.05,,,,"     ",5.10,87.14,4.44
1598,539312081,"01598M01:06:36.916","01598 00:19:29",216.23,869.01,,,,"     ",5.10,87.55,4.46
1598,539312082,"01598M01:06:37.889","01598 00:19:30",216.21,868.97,,,,"     ",5.10,86.99,4.43
1598,539312083,"01598M01:06:38.862","01598 00:19:31",216.19,868.95,,,,"     ",5.10,87.32,4.44
1598,539312084,"01598M01:06:39.835","01598 00:19:32",216.18,868.93,,,,"     ",5.10,87.14,4.43
1598,539312085,"01598M01:06:40.809","01598 00:19:33",216.16,869.01,,,,"     ",5.10,87.39,4.45
1598,539312086,"01598M01:06:41.782","01598 00:19:34",216.15,869.03,,,,"     ",5.10,87.61,4.46
1598,539312087,"01598M01:06:42.755","01598 00:19:35",216.14,869.07,,,,"     ",5.10,88.11,4.48
1598,539312088,"01598M01:06:43.728","01598 00:19:36",216.13,868.97,,,,"     ",5.10,87.77,4.46
1598,539312089,"01598M01:06:44.702","01598 00:19:37",216.12,869.01,,,,"     ",5.10,87.46,4.45
1598,539312090,"01598M01:06:45.675","01598 00:19:38",216.12,869.01,,,,"     ",5.10,87.48,4.44
1598,539312091,"01598M01:06:46.648","01598 00:19:39",216.12,869.02,,,,"     ",5.10,88.13,4.48
1598,539312092,"01598M01:06:47.621","01598 00:19:40",216.12,869.02,,,,"     ",5.10,87.22,4.43
1598,539312093,"01598M01:06:48.595","01598 00:19:41",216.13,868.96,,,,"     ",5.10,87.68,4.45
1598,539312094,"01598M01:06:49.568","01598 00:19:42",216.14,868.98,,,,"     ",5.10,87.71,4.45
1598,539312095,"01598M01:06:50.541","01598 00:19:43",216.16,868.98,,,,"     ",5.10,87.65,4.45
1598,539312096,"01598M01:06:51.514","01598 00:19:44",216.18,868.91,,,,"     ",5.10,87.76,4.45
1598,539312097,"01598M01:06:52.488","01598 00:19:45",216.21,868.87,,,,"     ",5.10,87.91,4.46
1598,539312098,"01598M01:06:53.461","01598 00:19:46",216.25,868.81,,,,"     ",5.10,87.39,4.43
1598,539312099,"01598M01:06:54.434","01598 00:19:47",216.30,868.84,,,,"     ",5.10,88.06,4.47
1598,539312100,"01598M01:06:55.407","01598 00:19:48",216.36,868.86,,,,"     ",5.10,88.08,4.47
1598,539312101,"01598M01:06:56.381","01598 00:19:49",216.42,868.91,,,,"     ",5.10,88.07,4.47
1598,539312102,"01598M01:06:57.354","01598 00:19:50",216.49,868.90,,,,"     ",5.10,87.46,4.43
1598,539312103,"01598M01:06:58.327","01598 00:19:51",216.58,868.91,,,,"     ",5.10,87.57,4.44
1598,539312104,"01598M01:06:59.300","01598 00:19:52",216.68,868.98,,,,"     ",5.10,87.54,4.44
1598,539312105,"01598M01:07:00.274","01598 00:19:53",216.78,868.95,,,,"     ",5.10,87.78,4.45
1598,539312106,"01598M01:07:01.247","01598 00:19:54",216.90,868.90,,,,"     ",5.10,87.96,4.46
1598,539312107,"01598M01:07:02.220","01598 00:19:55",217.01,868.88,,,,"     ",5.10,87.82,4.45
1598,539312108,"01598M01:07:03.193","01598 00:19:55",217.12,868.90,,,,"     ",5.10,87.52,4.43
1598,539312109,"01598M01:07:04.167","01598 00:19:56",217.20,868.87,,,,"     ",5.10,87.81,4.45
1598,539312110,"01598M01:07:05.140","01598 00:19:57",217.26,868.92,,,,"     ",5.10,87.15,4.41
1598,539312111,"01598M01:07:06.113","01598 00:19:58",217.29,868.94,,,,"     ",5.10,87.15,4.41
1598,539312112,"01598M01:07:07.086","01598 00:19:59",217.31,868.92,,,,"     ",5.10,87.91,4.45
1598,539312113,"01598M01:07:08.060","01598 00:20:00",217.31,868.90,,,,"     ",5.10,87.65,4.44
1598,539312114,"01598M01:07:09.033","01598 00:20:01",217.29,868.93,,,,"     ",5.10,87.52,4.43
1598,539312115,"01598M01:07:10.006","01598 00:20:02",217.26,868.88,,,,"     ",5.10,87.12,4.41
1598,539312116,"01598M01:07:10.979","01598 00:20:03",217.22,868.93,,,,"     ",5.10,87.28,4.41
1598,539312117,"01598M01:07:11.953","01598 00:20:04",217.19,868.91,,,,"     ",5.10,87.05,4.40
1598,539312118,"01598M01:07:12.926","01598 00:20:05",217.15,868.92,,,,"     ",5.10,87.30,4.41
1598,539312119,"01598M01:07:13.899","01598 00:20:06",217.12,868.95,,,,"     ",5.10,87.56,4.42
1598,539312120,"01598M01:07:14.872","01598 00:20:07",217.08,868.91,,,,"     ",5.10,88.03,4.45
1598,539312121,"01598M01:07:15.846","01598 00:20:08",217.05,868.97,,,,"     ",5.10,87.85,4.44
1598,539312122,"01598M01:07:16.819","01598 00:20:09",217.00,868.97,,,,"     ",5.10,87.44,4.42
1598,539312123,"01598M01:07:17.792","01598 00:20:10",216.95,869.05,,,,"     ",5.10,87.71,4.43
1598,539312124,"01598M01:07:18.765","01598 00:20:11",216.89,869.04,,,,"     ",5.10,87.86,4.44
1598,539312125,"01598M01:07:19.739","01598 00:20:12",216.83,869.07,,,,"     ",5.10,88.03,4.45
1598,539312126,"01598M01:07:20.712","01598 00:20:13",216.78,869.02,,,,"     ",5.10,88.05,4.45
1598,539312127,"01598M01:07:21.685","01598 00:20:14",216.73,868.98,,,,"     ",5.10,88.06,4.45
1598,539312128,"01598M01:07:22.658","01598 00:20:15",216.70,869.02,,,,"     ",5.10,87.66,4.42
1598,539312129,"01598M01:07:23.632","01598 00:20:16",216.69,868.96,,,,"     ",5.10,87.67,4.42
1598,539312130,"01598M01:07:24.605","01598 00:20:17",216.70,869.02,,,,"     ",5.10,86.81,4.38
1598,539312131,"01598M01:07:25.578","01598 00:20:18",216.73,868.93,,,,"     ",5.10,87.76,4.43
1598,539312132,"01598M01:07:26.551","01598 00:20:19",216.76,868.95,,,,"     ",5.10,87.75,4.42
1598,539312133,"01598M01:07:27.525","01598 00:20:20",216.80,868.91,,,,"     ",5.10,86.93,4.38
1598,539312134,"01598M01:07:28.498","01598 00:20:21",216.84,868.93,,,,"     ",5.10,87.24,4.39
1598,539312135,"01598M01:07:29.471","01598 00:20:22",216.89,868.99,,,,"     ",5.10,87.06,4.39
1598,539312136,"01598M01:07:30.444","01598 00:20:23",216.93,869.01,,,,"     ",5.10,87.64,4.42
1598,539312137,"01598M01:07:31.418","01598 00:20:24",216.97,869.00,,,,"     ",5.10,87.36,4.40
1598,539312138,"01598M01:07:32.391","01598 00:20:25",217.00,868.94,,,,"     ",5.10,87.17,4.39
1598,539312139,"01598M01:07:33.364","01598 00:20:26",217.03,868.98,,,,"     ",5.10,86.77,4.37
1598,539312140,"01598M01:07:34.337","01598 00:20:27",217.07,868.95,,,,"     ",5.10,87.13,4.39
1598,539312141,"01598M01:07:35.311","01598 00:20:28",217.12,868.97,,,,"     ",5.10,87.35,4.40
1598,539312142,"01598M01:07:36.284","01598 00:20:29",217.17,868.96,,,,"     ",5.10,87.36,4.40
1598,539312143,"01598M01:07:37.257","01598 00:20:30",217.23,868.96,,,,"     ",5.10,87.20,4.39
1598,539312144,"01598M01:07:38.231","01598 00:20:31",217.29,868.94,,,,"     ",5.10,87.67,4.41
1598,539312145,"01598M01:07:39.204","01598 00:20:31",217.35,868.94,,,,"     ",5.10,87.15,4.38
1598,539312146,"01598M01:07:40.177","01598 00:20:32",217.38,869.00,,,,"     ",5.10,87.16,4.38
1598,539312147,"01598M01:07:41.150","01598 00:20:33",217.40,868.89,,,,"     ",5.10,87.79,4.41
1598,539312148,"01598M01:07:42.124","01598 00:20:34",217.40,868.87,,,,"     ",5.10,87.46,4.40
1598,539312149,"01598M01:07:43.097","01598 00:20:35",217.38,868.90,,,,"     ",5.10,87.34,4.39
1598,539312150,"01598M01:07:44.070","01598 00:20:36",217.34,868.91,,,,"     ",5.10,87.58,4.40
1598,539312151,"01598M01:07:45.043","01598 00:20:37",217.30,868.91,,,,"     ",5.10,87.48,4.40
1598,539312152,"01598M01:07:46.017","01598 00:20:38",217.24,868.97,,,,"     ",5.10,87.26,4.38
1598,539312153,"01598M01:07:46.990","01598 00:20:39",217.18,869.01,,,,"     ",5.10,87.18,4.38
1598,539312154,"01598M01:07:47.963","01598 00:20:40",217.13,868.92,,,,"     ",5.10,87.30,4.39
1598,539312155,"01598M01:07:48.936","01598 00:20:41",217.09,868.93,,,,"     ",5.10,87.27,4.38
1598,539312156,"01598M01:07:49.910","01598 00:20:42",217.06,868.98,,,,"     ",5.10,87.02,4.37
1598,539312157,"01598M01:07:50.883","01598 00:20:43",217.04,868.99,,,,"     ",5.10,87.11,4.37
1598,539312158,"01598M01:07:51.856","01598 00:20:44",217.03,868.89,,,,"     ",5.10,87.08,4.37
1598,539312159,"01598M01:07:52.829","01598 00:20:45",217.02,868.94,,,,"     ",5.10,87.13,4.37
1598,539312160,"01598M01:07:53.803","01598 00:20:46",217.00,868.95,,,,"     ",5.10,87.28,4.38
1598,539312161,"01598M01:07:54.776","01598 00:20:47",216.99,868.91,,,,"     ",5.10,87.33,4.38
1598,539312162,"01598M01:07:55.749","01598 00:20:48",216.98,868.89,,,,"     ",5.10,86.75,4.35
1598,539312163,"01598M01:07:56.722","01598 00:20:49",216.98,868.93,,,,"     ",5.10,86.73,4.35
1598,539312164,"01598M01:07:57.696","01598 00:20:50",216.98,868.92,,,,"     ",5.10,86.80,4.35
1598,539312165,"01598M01:07:58.669","01598 00:20:51",216.98,868.99,,,,"     ",5.10,86.85,4.36
1598,539312166,"01598M01:07:59.642","01598 00:20:52",216.99,869.00,,,,"     ",5.10,86.64,4.34
1598,539312167,"01598M01:08:00.615","01598 00:20:53",217.00,869.01,,,,"     ",5.10,86.57,4.34
1598,539312168,"01598M01:08:01.589","01598 00:20:54",217.01,868.98,,,,"     ",5.10,86.98,4.36
1598,539312169,"01598M01:08:02.562","01598 00:20:55",217.02,868.97,,,,"     ",5.10,86.11,4.32
1598,539312170,"01598M01:08:03.535","01598 00:20:56",217.02,868.87,,,,"     ",5.10,86.79,4.35
1598,539312171,"01598M01:08:04.508","01598 00:20:57",217.01,868.95,,,,"     ",5.10,86.16,4.32
1598,539312172,"01598M01:08:05.482","01598 00:20:58",217.01,868.95,,,,"     ",5.10,86.89,4.35
1598,539312173,"01598M01:08:06.455","01598 00:20:59",217.01,868.95,,,,"     ",5.10,87.04,4.36
1598,539312174,"01598M01:08:07.428","01598 00:21:00",217.01,868.90,,,,"     ",5.10,86.28,4.32
1598,539312175,"01598M01:08:08.401","01598 00:21:01",217.00,868.84,,,,"     ",5.10,87.07,4.36
1598,539312176,"01598M01:08:09.375","01598 00:21:02",217.00,868.85,,,,"     ",5.10,87.33,4.38
1598,539312177,"01598M01:08:10.348","01598 00:21:03",216.99,868.93,,,,"     ",5.10,86.95,4.36
1598,539312178,"01598M01:08:11.321","01598 00:21:04",216.99,868.90,,,,"     ",5.10,86.85,4.35
1598,539312179,"01598M01:08:12.294","01598 00:21:05",217.00,868.97,,,,"     ",5.10,86.82,4.35
1598,539312180,"01598M01:08:13.268","01598 00:21:06",217.03,869.00,,,,"     ",5.10,86.93,4.35
1598,539312181,"01598M01:08:14.241","01598 00:21:07",217.07,869.02,,,,"     ",5.10,87.31,4.37
1598,539312182,"01598M01:08:15.214","01598 00:21:07",217.12,868.94,,,,"     ",5.10,87.09,4.36
1598,539312183,"01598M01:08:16.187","01598 00:21:08",217.19,868.93,,,,"     ",5.10,86.78,4.34
1598,539312184,"01598M01:08:17.161","01598 00:21:09",217.25,868.92,,,,"     ",5.10,87.44,4.38
1598,539312185,"01598M01:08:18.134","01598 00:21:10",217.32,868.96,,,,"     ",5.10,86.69,4.34
1598,539312186,"01598M01:08:19.107","01598 00:21:11",217.38,868.98,,,,"     ",5.10,87.89,4.40
1598,539312187,"01598M01:08:20.080","01598 00:21:12",217.43,868.98,,,,"     ",5.10,87.15,4.36
1598,539312188,"01598M01:08:21.054","01598 00:21:13",217.46,869.01,,,,"     ",5.10,87.26,4.36
1598,539312189,"01598M01:08:22.027","01598 00:21:14",217.46,869.02,,,,"     ",5.10,87.38,4.37
1598,539312190,"01598M01:08:23.000","01598 00:21:15",217.45,868.98,,,,"     ",5.10,87.11,4.36
1598,539312191,"01598M01:08:23.973","01598 00:21:16",217.41,869.02,,,,"     ",5.10,87.65,4.38
1598,539312192,"01598M01:08:24.947","01598 00:21:17",217.36,869.02,,,,"     ",5.10,86.92,4.34
1598,539312193,"01598M01:08:25.920","01598 00:21:18",217.30,868.98,,,,"     ",5.10,87.36,4.37
1598,539312194,"01598M01:08:26.893","01598 00:21:19",217.24,868.97,,,,"     ",5.10,86.86,4.34
1598,539312195,"01598M01:08:27.866","01598 00:21:20",217.19,868.98,,,,"     ",5.10,87.50,4.37
1598,539312196,"01598M01:08:28.840","01598 00:21:21",217.13,868.97,,,,"     ",5.10,87.51,4.37
1598,539312197,"01598M01:08:29.813","01598 00:21:22",217.08,869.00,,,,"     ",5.10,87.52,4.37
1598,539312198,"01598M01:08:30.786","01598 00:21:23",217.04,868.92,,,,"     ",5.10,87.86,4.39
1598,539312199,"01598M01:08:31.759","01598 00:21:24",217.00,868.97,,,,"     ",5.10,87.72,4.38
1598,539312200,"01598M01:08:32.733","01598 00:21:25",216.98,868.94,,,,"     ",5.10,87.46,4.37
1598,539312201,"01598M01:08:33.706","01598 00:21:26",216.97,868.98,,,,"     ",5.10,86.99,4.34
1598,539312202,"01598M01:08:34.679","01598 00:21:27",216.96,868.93,,,,"     ",5.10,87.71,4.37
1598,539312203,"01598M01:08:35.652","01598 00:21:28",216.96,868.96,,,,"     ",5.10,87.50,4.36
1598,539312204,"01598M01:08:36.626","01598 00:21:29",216.97,868.96,,,,"     ",5.10,87.29,4.35
1598,539312205,"01598M01:08:37.599","01598 00:21:30",216.97,869.02,,,,"     ",5.10,87.84,4.38
1598,539312206,"01598M01:08:38.572","01598 00:21:31",216.98,868.90,,,,"     ",5.10,87.91,4.38
1598,539312207,"01598M01:08:39.545","01598 00:21:32",216.99,869.01,,,,"     ",5.10,87.18,4.34
1598,539312208,"01598M01:08:40.519","01598 00:21:33",217.01,869.02,,,,"     ",5.10,87.33,4.35
1598,539312209,"01598M01:08:41.492","01598 00:21:34",217.02,868.98,,,,"     ",5.10,87.65,4.37
1598,539312210,"01598M01:08:42.465","01598 00:21:35",217.03,869.00,,,,"     ",5.10,87.29,4.35
1598,539312211,"01598M01:08:43.438","01598 00:21:36",217.04,868.95,,,,"     ",5.10,87.64,4.37
1598,539312212,"01598M01:08:44.412","01598 00:21:37",217.03,869.13,,,,"     ",5.10,87.57,4.36
1598,539312213,"01598M01:08:45.385","01598 00:21:38",217.01,869.02,,,,"     ",5.10,87.22,4.34
1598,539312214,"01598M01:08:46.358","01598 00:21:39",216.97,869.05,,,,"     ",5.10,86.54,4.31
1598,539312215,"01598M01:08:47.332","01598 00:21:40",216.91,869.13,,,,"     ",5.10,86.97,4.33
1598,539312216,"01598M01:08:48.305","01598 00:21:41",216.84,869.06,,,,"     ",5.10,87.45,4.35
1598,539312217,"01598M01:08:49.278","01598 00:21:42",216.75,869.07,,,,"     ",5.10,87.38,4.35
1598,539312218,"01598M01:08:50.251","01598 00:21:43",216.66,869.06,,,,"     ",5.10,87.38,4.35
1598,539312219,"01598M01:08:51.225","01598 00:21:43",216.56,869.02,,,,"     ",5.10,87.12,4.33
1598,539312220,"01598M01:08:52.198","01598 00:21:44",216.47,869.04,,,,"     ",5.10,87.57,4.36
1598,539312221,"01598M01:08:53.171","01598 00:21:45",216.40,868.99,,,,"     ",5.10,87.00,4.33
1598,539312222,"01598M01:08:54.144","01598 00:21:46",216.35,869.00,,,,"     ",5.10,86.80,4.32
1598,539312223,"01598M01:08:55.118","01598 00:21:47",216.31,869.02,,,,"     ",5.10,86.98,4.33
1598,539312224,"01598M01:08:56.091","01598 00:21:48",216.30,868.98,,,,"     ",5.10,87.10,4.33
1598,539312225,"01598M01:08:57.064","01598 00:21:49",216.31,868.94,,,,"     ",5.10,87.33,4.34
1598,539312226,"01598M01:08:58.037","01598 00:21:50",216.33,869.01,,,,"     ",5.10,87.32,4.34
1598,539312227,"01598M01:08:59.011","01598 00:21:51",216.35,868.91,,,,"     ",5.10,86.41,4.30
1598,539312228,"01598M01:08:59.984","01598 00:21:52",216.39,869.03,,,,"     ",5.10,87.61,4.36
1598,539312229,"01598M01:09:00.957","01598 00:21:53",216.42,869.01,,,,"     ",5.10,86.91,4.32
1598,539312230,"01598M01:09:01.930","01598 00:21:54",216.46,868.95,,,,"     ",5.10,86.50,4.30
1598,539312231,"01598M01:09:02.904","01598 00:21:55",216.49,869.02,,,,"     ",5.10,87.38,4.35
1598,539312232,"01598M01:09:03.877","01598 00:21:56",216.51,869.03,,,,"     ",5.10,87.37,4.35
1598,539312233,"01598M01:09:04.850","01598 00:21:57",216.54,869.02,,,,"     ",5.10,87.32,4.34
1598,539312234,"01598M01:09:05.823","01598 00:21:58",216.56,869.04,,,,"     ",5.10,87.08,4.33
1598,539312235,"01598M01:09:06.797","01598 00:21:59",216.58,868.95,,,,"     ",5.10,87.03,4.33
1598,539312236,"01598M01:09:07.770","01598 00:22:00",216.61,869.02,,,,"     ",5.10,87.68,4.36
1598,539312237,"01598M01:09:08.743","01598 00:22:01",216.63,869.04,,,,"     ",5.10,86.63,4.31
1598,539312238,"01598M01:09:09.716","01598 00:22:02",216.65,868.94,,,,"     ",5.10,87.04,4.33
1598,539312239,"01598M01:09:10.690","01598 00:22:03",216.66,869.01,,,,"     ",5.10,87.29,4.34
1598,539312240,"01598M01:09:11.663","01598 00:22:04",216.66,869.05,,,,"     ",5.10,87.55,4.35
1598,539312241,"01598M01:09:12.636","01598 00:22:05",216.63,869.02,,,,"     ",5.10,86.99,4.33
1598,539312242,"01598M01:09:13.609","01598 00:22:06",216.60,869.01,,,,"     ",5.10,87.15,4.33
1598,539312243,"01598M01:09:14.583","01598 00:22:07",216.55,868.98,,,,"     ",5.10,86.96,4.32
1598,539312244,"01598M01:09:15.556","01598 00:22:08",216.49,868.97,,,,"     ",5.10,87.17,4.34
1598,539312245,"01598M01:09:16.529","01598 00:22:09",216.42,868.92,,,,"     ",5.10,87.52,4.35
1598,539312246,"01598M01:09:17.502","01598 00:22:10",216.33,868.96,,,,"     ",5.10,87.30,4.34
1598,539312247,"01598M01:09:18.476","01598 00:22:11",216.23,868.95,,,,"     ",5.10,86.59,4.31
1598,539312248,"01598M01:09:19.449","01598 00:22:12",216.13,868.99,,,,"     ",5.10,87.17,4.34
1598,539312249,"01598M01:09:20.422","01598 00:22:13",216.03,869.03,,,,"     ",5.10,87.01,4.33
1598,539312250,"01598M01:09:21.395","01598 00:22:14",215.94,869.01,,,,"     ",5.10,86.94,4.32
1598,539312251,"01598M01:09:22.369","01598 00:22:15",215.86,869.00,,,,"     ",5.10,87.34,4.35
1598,539312252,"01598M01:09:23.342","01598 00:22:16",215.79,868.89,,,,"     ",5.10,87.34,4.35
1598,539312253,"01598M01:09:24.315","01598 00:22:17",215.73,868.98,,,,"     ",5.10,87.28,4.34
1598,539312254,"01598M01:09:25.288","01598 00:22:18",215.67,868.88,,,,"     ",5.10,86.99,4.33
1598,539312255,"01598M01:09:26.262","01598 00:22:19",215.62,868.84,,,,"     ",5.10,87.79,4.37
1598,539312256,"01598M01:09:27.235","01598 00:22:20",215.57,868.85,,,,"     ",5.10,87.38,4.35
1598,539312257,"01598M01:09:28.208","01598 00:22:20",215.53,868.91,,,,"     ",5.10,87.03,4.33
1598,539312258,"01598M01:09:29.181","01598 00:22:21",215.50,868.97,,,,"     ",5.10,87.47,4.36
1598,539312259,"01598M01:09:30.155","01598 00:22:22",215.49,868.90,,,,"     ",5.10,87.51,4.36
1598,539312260,"01598M01:09:31.128","01598 00:22:23",215.49,868.83,,,,"     ",5.10,87.49,4.36
1598,539312261,"01598M01:09:32.101","01598 00:22:24",215.50,869.07,,,,"     ",5.10,87.25,4.35
1598,539312262,"01598M01:09:33.074","01598 00:22:25",215.53,868.94,,,,"     ",5.10,87.15,4.34
1598,539312263,"01598M01:09:34.048","01598 00:22:26",215.56,869.00,,,,"     ",5.10,87.48,4.36
1598,539312264,"01598M01:09:35.021","01598 00:22:27",215.60,869.03,,,,"     ",5.10,87.48,4.36
1598,539312265,"01598M01:09:35.994","01598 00:22:28",215.64,868.96,,,,"     ",5.10,87.13,4.34
1598,539312266,"01598M01:09:36.967","01598 00:22:29",215.67,868.95,,,,"     ",5.10,87.34,4.35
1598,539312267,"01598M01:09:37.941","01598 00:22:30",215.69,869.03,,,,"     ",5.10,87.42,4.36
1598,539312268,"01598M01:09:38.914","01598 00:22:31",215.69,868.94,,,,"     ",5.10,86.88,4.33
1598,539312269,"01598M01:09:39.887","01598 00:22:32",215.67,868.99,,,,"     ",5.10,87.67,4.37
1598,539312270,"01598M01:09:40.860","01598 00:22:33",215.65,868.97,,,,"     ",5.10,87.27,4.35
1598,539312271,"01598M01:09:41.834","01598 00:22:34",215.61,869.04,,,,"     ",5.10,87.23,4.35
1598,539312272,"01598M01:09:42.807","01598 00:22:35",215.57,868.99,,,,"     ",5.10,87.51,4.37
1598,539312273,"01598M01:09:43.780","01598 00:22:36",215.52,868.99,,,,"     ",5.10,87.94,4.39
1598,539312274,"01598M01:09:44.753","01598 00:22:37",215.46,869.02,,,,"     ",5.10,87.76,4.38
1598,539312275,"01598M01:09:45.727","01598 00:22:38",215.40,869.05,,,,"     ",5.10,88.24,4.41
1598,539312276,"01598M01:09:46.700","01598 00:22:39",215.33,869.06,,,,"     ",5.10,87.40,4.36
1598,539312277,"01598M01:09:47.673","01598 00:22:40",215.26,869.07,,,,"     ",5.10,87.90,4.39
1598,539312278,"01598M01:09:48.646","01598 00:22:41",215.19,869.08,,,,"     ",5.10,87.92,4.39
1598,539312279,"01598M01:09:49.620","01598 00:22:42",215.13,869.11,,,,"     ",5.10,87.65,4.38
1598,539312280,"01598M01:09:50.593","01598 00:22:43",215.07,869.06,,,,"     ",5.10,87.76,4.38
1598,539312281,"01598M01:09:51.566","01598 00:22:44",215.01,869.01,,,,"     ",5.10,87.64,4.38
1598,539312282,"01598M01:09:52.539","01598 00:22:45",214.97,869.06,,,,"     ",5.10,87.76,4.38
1598,539312283,"01598M01:09:53.513","01598 00:22:46",214.93,869.07,,,,"     ",5.10,87.79,4.39
1598,539312284,"01598M01:09:54.486","01598 00:22:47",214.90,868.96,,,,"     ",5.10,88.22,4.41
1598,539312285,"01598M01:09:55.459","01598 00:22:48",215.37,868.87,,,,"     ",5.10,87.84,4.39
1598,539312286,"01598M01:09:56.433","01598 00:22:49",215.33,868.92,,,,"     ",5.10,87.81,4.39
1598,539312287,"01598M01:09:57.406","01598 00:22:50",215.30,868.87,,,,"     ",5.10,88.12,4.40
1598,539312288,"01598M01:09:58.379","01598 00:22:51",215.28,868.90,,,,"     ",5.10,88.41,4.42
1598,539312289,"01598M01:09:59.352","01598 00:22:52",215.26,868.88,,,,"     ",5.10,87.77,4.39
1598,539312290,"01598M01:10:00.326","01598 00:22:53",215.25,869.01,,,,"     ",5.10,88.46,4.42
1598,539312291,"01598M01:10:01.299","01598 00:22:54",215.24,869.02,,,,"     ",5.10,88.08,4.40
1598,539312292,"01598M01:10:02.272","01598 00:22:55",215.24,868.99,,,,"     ",5.10,87.73,4.39
1598,539312293,"01598M01:10:03.245","01598 00:22:56",215.25,869.04,,,,"     ",5.10,87.55,4.38
1598,539312294,"01598M01:10:04.219","01598 00:22:56",215.25,869.02,,,,"     ",5.10,87.79,4.39
1598,539312295,"01598M01:10:05.192","01598 00:22:57",215.26,868.90,,,,"     ",5.10,88.43,4.42
1598,539312296,"01598M01:10:06.165","01598 00:22:58",214.82,869.01,,,,"     ",5.10,88.27,4.42
1598,539312297,"01598M01:10:07.138","01598 00:22:59",214.81,869.05,,,,"     ",5.10,88.27,4.42
1598,539312298,"01598M01:10:08.112","01598 00:23:00",214.81,868.96,,,,"     ",5.10,88.48,4.43
1598,539312299,"01598M01:10:09.085","01598 00:23:01",214.81,868.93,,,,"     ",5.10,88.31,4.42
1598,539312300,"01598M01:10:10.058","01598 00:23:02",214.82,869.01,,,,"     ",5.10,87.77,4.39
1598,539312301,"01598M01:10:11.031","01598 00:23:03",214.82,869.02,,,,"     ",5.10,88.18,4.41
1598,539312302,"01598M01:10:12.005","01598 00:23:04",214.83,869.03,,,,"     ",5.10,88.24,4.42
1598,539312303,"01598M01:10:12.978","01598 00:23:05",214.84,868.88,,,,"     ",5.10,87.87,4.40
1598,539312304,"01598M01:10:13.951","01598 00:23:06",214.85,869.05,,,,"     ",5.10,88.30,4.42
1598,539312305,"01598M01:10:14.924","01598 00:23:07",214.87,869.08,,,,"     ",5.10,88.51,4.43
1598,539312306,"01598M01:10:15.898","01598 00:23:08",214.89,868.95,,,,"     ",5.10,87.87,4.40
1598,539312307,"01598M01:10:16.871","01598 00:23:09",214.93,868.89,,,,"     ",5.10,88.17,4.41
1598,539312308,"01598M01:10:17.844","01598 00:23:10",214.98,868.97,,,,"     ",5.10,87.96,4.40
1598,539312309,"01598M01:10:18.817","01598 00:23:11",215.04,868.99,,,,"     ",5.10,88.28,4.42
1598,539312310,"01598M01:10:19.791","01598 00:23:12",215.10,868.99,,,,"     ",5.10,87.75,4.39
1598,539312311,"01598M01:10:20.764","01598 00:23:13",215.17,869.05,,,,"     ",5.10,88.42,4.43
1598,539312312,"01598M01:10:21.737","01598 00:23:14",215.25,869.00,,,,"     ",5.10,87.85,4.40
1598,539312313,"01598M01:10:22.710","01598 00:23:15",215.31,869.07,,,,"     ",5.10,88.24,4.42
1598,539312314,"01598M01:10:23.684","01598 00:23:16",215.36,868.98,,,,"     ",5.10,88.16,4.41
1598,539312315,"01598M01:10:24.657","01598 00:23:17",215.40,869.05,,,,"     ",5.10,88.63,4.44
1598,539312316,"01598M01:10:25.630","01598 00:23:18",215.42,869.05,,,,"     ",5.10,88.60,4.44
1598,539312317,"01598M01:10:26.603","01598 00:23:19",215.45,868.94,,,,"     ",5.10,88.53,4.43
1598,539312318,"01598M01:10:27.577","01598 00:23:20",215.47,868.95,,,,"     ",5.10,87.58,4.38
1598,539312319,"01598M01:10:28.550","01598 00:23:21",215.48,868.94,,,,"     ",5.10,88.12,4.41
1598,539312320,"01598M01:10:29.523","01598 00:23:22",215.49,868.94,,,,"     ",5.10,88.08,4.41
1598,539312321,"01598M01:10:30.496","01598 00:23:23",215.50,869.00,,,,"     ",5.10,88.20,4.42
1598,539312322,"01598M01:10:31.470","01598 00:23:24",215.50,868.98,,,,"     ",5.10,88.18,4.42
1598,539312323,"01598M01:10:32.443","01598 00:23:25",215.49,868.90,,,,"     ",5.10,88.09,4.41
1598,539312324,"01598M01:10:33.416","01598 00:23:26",215.48,869.01,,,,"     ",5.10,88.58,4.44
1598,539312325,"01598M01:10:34.389","01598 00:23:27",215.46,868.94,,,,"     ",5.10,88.86,4.45
1598,539312326,"01598M01:10:35.363","01598 00:23:28",215.43,869.05,,,,"     ",5.10,88.14,4.41
1598,539312327,"01598M01:10:36.336","01598 00:23:29",215.40,868.92,,,,"     ",5.10,87.95,4.40
1598,539312328,"01598M01:10:37.309","01598 00:23:30",215.36,868.90,,,,"     ",5.10,88.44,4.43
1598,539312329,"01598M01:10:38.282","01598 00:23:31",215.31,868.94,,,,"     ",5.10,88.18,4.42
1598,539312330,"01598M01:10:39.256","01598 00:23:32",215.25,868.92,,,,"     ",5.10,88.95,4.46
1598,539312331,"01598M01:10:40.229","01598 00:23:32",215.18,868.84,,,,"     ",5.10,88.21,4.42
1598,539312332,"01598M01:10:41.202","01598 00:23:33",215.61,868.83,,,,"     ",5.10,88.10,4.41
1598,539312333,"01598M01:10:42.175","01598 00:23:34",215.51,869.01,,,,"     ",5.10,88.26,4.42
1598,539312334,"01598M01:10:43.149","01598 00:23:35",215.41,868.93,,,,"     ",5.10,88.18,4.42
1598,539312335,"01598M01:10:44.122","01598 00:23:36",215.32,869.00,,,,"     ",5.10,88.56,4.44
1598,539312336,"01598M01:10:45.095","01598 00:23:37",215.24,868.93,,,,"     ",5.10,88.10,4.41
1598,539312337,"01598M01:10:46.068","01598 00:23:38",215.16,869.03,,,,"     ",5.10,88.70,4.44
1598,539312338,"01598M01:10:47.042","01598 00:23:39",215.08,868.86,,,,"     ",5.10,88.22,4.42
1598,539312339,"01598M01:10:48.015","01598 00:23:40",215.02,868.88,,,,"     ",5.10,88.54,4.43
1598,539312340,"01598M01:10:48.988","01598 00:23:41",214.96,868.89,,,,"     ",5.10,87.96,4.41
1598,539312341,"01598M01:10:49.961","01598 00:23:42",214.92,868.92,,,,"     ",5.10,88.15,4.42
1598,539312342,"01598M01:10:50.935","01598 00:23:43",214.89,868.93,,,,"     ",5.10,87.99,4.41
1598,539312343,"01598M01:10:51.908","01598 00:23:44",214.88,868.92,,,,"     ",5.10,88.37,4.43
1598,539312344,"01598M01:10:52.881","01598 00:23:45",214.87,868.98,,,,"     ",5.10,88.36,4.43
1598,539312345,"01598M01:10:53.854","01598 00:23:46",214.86,868.90,,,,"     ",5.10,88.02,4.41
1598,539312346,"01598M01:10:54.828","01598 00:23:47",214.86,868.92,,,,"     ",5.10,88.57,4.44
1598,539312347,"01598M01:10:55.801","01598 00:23:48",214.85,868.90,,,,"     ",5.10,88.07,4.41
1598,539312348,"01598M01:10:56.774","01598 00:23:49",214.83,868.87,,,,"     ",5.10,88.02,4.41
1598,539312349,"01598M01:10:57.747","01598 00:23:50",214.80,868.97,,,,"     ",5.10,88.23,4.42
1598,539312350,"01598M01:10:58.721","01598 00:23:51",214.76,868.98,,,,"     ",5.10,88.40,4.43
1598,539312351,"01598M01:10:59.694","01598 00:23:52",214.73,868.98,,,,"     ",5.10,88.18,4.42
1598,539312352,"01598M01:11:00.667","01598 00:23:53",214.69,869.01,,,,"     ",5.10,87.90,4.41
1598,539312353,"01598M01:11:01.640","01598 00:23:54",214.67,868.98,,,,"     ",5.10,87.93,4.41
1598,539312354,"01598M01:11:02.614","01598 00:23:55",214.65,869.01,,,,"     ",5.10,88.01,4.41
1598,539312355,"01598M01:11:03.587","01598 00:23:56",214.65,869.02,,,,"     ",5.10,87.98,4.41
1598,539312356,"01598M01:11:04.560","01598 00:23:57",214.68,869.13,,,,"     ",5.10,87.27,4.37
1598,539312357,"01598M01:11:05.534","01598 00:23:58",214.73,869.10,,,,"     ",5.10,88.11,4.42
1598,539312358,"01598M01:11:06.507","01598 00:23:59",214.78,869.00,,,,"     ",5.10,88.40,4.43
1598,539312359,"01598M01:11:07.480","01598 00:24:00",214.81,868.99,,,,"     ",5.10,87.66,4.39
1598,539312360,"01598M01:11:08.453","01598 00:24:01",214.81,869.04,,,,"     ",5.10,88.32,4.43
1598,539312361,"01598M01:11:09.427","01598 00:24:02",214.79,868.98,,,,"     ",5.10,88.17,4.42
1598,539312362,"01598M01:11:10.400","01598 00:24:03",214.77,869.00,,,,"     ",5.10,88.00,4.41
1598,539312363,"01598M01:11:11.373","01598 00:24:04",214.79,869.04,,,,"     ",5.10,88.14,4.42
1598,539312364,"01598M01:11:12.346","01598 00:24:05",214.83,869.15,,,,"     ",5.10,87.81,4.41
1598,539312365,"01598M01:11:13.320","01598 00:24:06",215.37,869.05,,,,"     ",5.10,88.23,4.43
1598,539312366,"01598M01:11:14.293","01598 00:24:07",215.40,869.03,,,,"     ",5.10,88.35,4.43
1598,539312367,"01598M01:11:15.266","01598 00:24:08",215.42,868.98,,,,"     ",5.10,88.47,4.44
1598,539312368,"01598M01:11:16.239","01598 00:24:08",215.43,869.03,,,,"     ",5.10,87.91,4.41
1598,539312369,"01598M01:11:17.213","01598 00:24:09",214.92,869.00,,,,"     ",5.10,88.00,4.41
1598,539312370,"01598M01:11:18.186","01598 00:24:10",214.92,869.03,,,,"     ",5.10,88.09,4.42
1598,539312371,"01598M01:11:19.159","01598 00:24:11",214.92,869.03,,,,"     ",5.10,88.40,4.43
1598,539312372,"01598M01:11:20.132","01598 00:24:12",214.94,868.98,,,,"     ",5.10,88.25,4.43
1598,539312373,"01598M01:11:21.106","01598 00:24:13",214.99,869.03,,,,"     ",5.10,88.27,4.43
1598,539312374,"01598M01:11:22.079","01598 00:24:14",215.08,868.96,,,,"     ",5.10,88.19,4.43
1598,539312375,"01598M01:11:23.052","01598 00:24:15",215.17,868.96,,,,"     ",5.10,87.86,4.41
1598,539312376,"01598M01:11:24.025","01598 00:24:16",215.21,868.91,,,,"     ",5.10,88.27,4.43
1598,539312377,"01598M01:11:24.999","01598 00:24:17",215.21,868.88,,,,"     ",5.10,88.16,4.42
1598,539312378,"01598M01:11:25.972","01598 00:24:18",215.18,868.94,,,,"     ",5.10,87.63,4.40
1598,539312379,"01598M01:11:26.945","01598 00:24:19",215.11,869.02,,,,"     ",5.10,87.41,4.38
1598,539312380,"01598M01:11:27.918","01598 00:24:20",215.03,869.00,,,,"     ",5.10,87.68,4.40
1598,539312381,"01598M01:11:28.892","01598 00:24:21",214.97,868.97,,,,"     ",5.10,87.80,4.41
1598,539312382,"01598M01:11:29.865","01598 00:24:22",214.94,869.07,,,,"     ",5.10,88.12,4.42
1598,539312383,"01598M01:11:30.838","01598 00:24:23",214.93,868.94,,,,"     ",5.10,88.07,4.42
1598,539312384,"01598M01:11:31.811","01598 00:24:24",214.92,868.82,,,,"     ",5.10,88.39,4.44
1598,539312385,"01598M01:11:32.785","01598 00:24:25",214.91,868.92,,,,"     ",5.10,88.29,4.43
1598,539312386,"01598M01:11:33.758","01598 00:24:26",214.87,868.92,,,,"     ",5.10,88.31,4.43
1598,539312387,"01598M01:11:34.731","01598 00:24:27",214.82,868.90,,,,"     ",5.10,87.78,4.41
1598,539312388,"01598M01:11:35.704","01598 00:24:28",214.77,868.93,,,,"     ",5.10,88.25,4.43
1598,539312389,"01598M01:11:36.678","01598 00:24:29",214.74,868.94,,,,"     ",5.10,87.72,4.40
1598,539312390,"01598M01:11:37.651","01598 00:24:30",214.72,869.01,,,,"     ",5.10,87.86,4.41
1598,539312391,"01598M01:11:38.624","01598 00:24:31",214.72,868.94,,,,"     ",5.10,88.46,4.44
1598,539312392,"01598M01:11:39.597","01598 00:24:32",214.72,868.97,,,,"     ",5.10,88.45,4.44
1598,539312393,"01598M01:11:40.571","01598 00:24:33",214.71,868.95,,,,"     ",5.10,87.98,4.42
1598,539312394,"01598M01:11:41.544","01598 00:24:34",215.05,868.88,,,,"     ",5.10,88.82,4.46
1598,539312395,"01598M01:11:42.517","01598 00:24:35",215.03,868.90,,,,"     ",5.10,88.05,4.42
1598,539312396,"01598M01:11:43.490","01598 00:24:36",215.01,869.00,,,,"     ",5.10,88.93,4.46
1598,539312397,"01598M01:11:44.464","01598 00:24:37",215.01,869.00,,,,"     ",5.10,88.51,4.44
1598,539312398,"01598M01:11:45.437","01598 00:24:38",215.03,868.98,,,,"     ",5.10,88.75,4.46
1598,539312399,"01598M01:11:46.410","01598 00:24:39",215.06,869.09,,,,"     ",5.10,88.00,4.42
1598,539312400,"01598M01:11:47.383","01598 00:24:40",215.10,869.04,,,,"     ",5.10,88.22,4.43
1598,539312401,"01598M01:11:48.357","01598 00:24:41",214.70,869.06,,,,"     ",5.10,87.83,4.41
1598,539312402,"01598M01:11:49.330","01598 00:24:42",214.77,869.12,,,,"     ",5.10,88.32,4.43
1598,539312403,"01598M01:11:50.303","01598 00:24:43",214.85,869.06,,,,"     ",5.10,88.13,4.43
1598,539312404,"01598M01:11:51.276","01598 00:24:44",214.91,869.02,,,,"     ",5.10,87.81,4.41
1598,539312405,"01598M01:11:52.250","01598 00:24:44",214.94,869.03,,,,"     ",5.10,87.49,4.39
1598,539312406,"01598M01:11:53.223","01598 00:24:45",214.96,869.04,,,,"     ",5.10,87.64,4.40
1598,539312407,"01598M01:11:54.196","01598 00:24:46",214.96,868.99,,,,"     ",5.10,87.70,4.41
1598,539312408,"01598M01:11:55.169","01598 00:24:47",214.95,868.92,,,,"     ",5.10,87.68,4.40
1598,539312409,"01598M01:11:56.143","01598 00:24:48",214.91,869.04,,,,"     ",5.10,88.20,4.43
1598,539312410,"01598M01:11:57.116","01598 00:24:49",214.84,869.06,,,,"     ",5.10,87.88,4.41
1598,539312411,"01598M01:11:58.089","01598 00:24:50",214.75,869.01,,,,"     ",5.10,88.35,4.44
1598,539312412,"01598M01:11:59.062","01598 00:24:51",214.66,869.03,,,,"     ",5.10,87.58,4.40
1598,539312413,"01598M01:12:00.036","01598 00:24:52",214.59,869.04,,,,"     ",5.10,88.15,4.43
1598,539312414,"01598M01:12:01.009","01598 00:24:53",214.55,869.03,,,,"     ",5.10,88.37,4.44
1598,539312415,"01598M01:12:01.982","01598 00:24:54",214.53,868.97,,,,"     ",5.10,88.24,4.43
1598,539312416,"01598M01:12:02.955","01598 00:24:55",214.54,869.08,,,,"     ",5.10,87.95,4.42
1598,539312417,"01598M01:12:03.929","01598 00:24:56",214.57,868.99,,,,"     ",5.10,88.01,4.42
1598,539312418,"01598M01:12:04.902","01598 00:24:57",214.62,868.96,,,,"     ",5.10,88.51,4.45
1598,539312419,"01598M01:12:05.875","01598 00:24:58",214.65,868.96,,,,"     ",5.10,88.32,4.44
1598,539312420,"01598M01:12:06.848","01598 00:24:59",214.67,868.99,,,,"     ",5.10,87.93,4.42
1598,539312421,"01598M01:12:07.822","01598 00:25:00",214.67,868.90,,,,"     ",5.10,88.24,4.44
1598,539312422,"01598M01:12:08.795","01598 00:25:01",214.65,868.98,,,,"     ",5.10,88.05,4.43
1598,539312423,"01598M01:12:09.768","01598 00:25:02",214.61,868.99,,,,"     ",5.10,88.26,4.44
1598,539312424,"01598M01:12:10.741","01598 00:25:03",214.53,869.06,,,,"     ",5.10,88.28,4.44
1598,539312425,"01598M01:12:11.715","01598 00:25:04",214.45,868.99,,,,"     ",5.10,88.44,4.45
1598,539312426,"01598M01:12:12.688","01598 00:25:05",214.40,869.00,,,,"     ",5.10,88.41,4.45
1598,539312427,"01598M01:12:13.661","01598 00:25:06",214.68,869.00,,,,"     ",5.10,88.59,4.46
1598,539312428,"01598M01:12:14.635","01598 00:25:07",214.61,869.01,,,,"     ",5.10,88.45,4.45
1598,539312429,"01598M01:12:15.608","01598 00:25:08",214.55,868.94,,,,"     ",5.10,88.72,4.47
1598,539312430,"01598M01:12:16.581","01598 00:25:09",214.49,868.99,,,,"     ",5.10,88.45,4.45
1598,539312431,"01598M01:12:17.554","01598 00:25:10",214.45,868.77,,,,"     ",5.10,88.57,4.46
1598,539312432,"01598M01:12:18.528","01598 00:25:11",214.42,868.84,,,,"     ",5.10,88.24,4.44
1598,539312433,"01598M01:12:19.501","01598 00:25:12",214.40,868.83,,,,"     ",5.10,88.74,4.47
1598,539312434,"01598M01:12:20.474","01598 00:25:13",214.38,868.89,,,,"     ",5.10,88.70,4.47
1598,539312435,"01598M01:12:21.447","01598 00:25:14",214.37,868.91,,,,"     ",5.10,89.03,4.48
1598,539312436,"01598M01:12:22.421","01598 00:25:15",214.36,868.96,,,,"     ",5.10,88.85,4.48
1598,539312437,"01598M01:12:23.394","01598 00:25:16",214.35,868.95,,,,"     ",5.10,88.93,4.48
1598,539312438,"01598M01:12:24.367","01598 00:25:17",214.34,869.00,,,,"     ",5.10,89.50,4.51
1598,539312439,"01598M01:12:25.340","01598 00:25:18",214.32,869.01,,,,"     ",5.10,89.02,4.49
1598,539312440,"01598M01:12:26.314","01598 00:25:19",214.29,869.00,,,,"     ",5.10,89.17,4.49
1598,539312441,"01598M01:12:27.287","01598 00:25:20",214.27,869.00,,,,"     ",5.10,89.47,4.51
1598,539312442,"01598M01:12:28.260","01598 00:25:20",214.27,869.04,,,,"     ",5.10,89.18,4.50
1598,539312443,"01598M01:12:29.233","01598 00:25:21",214.28,869.02,,,,"     ",5.10,88.91,4.48
1598,539312444,"01598M01:12:30.207","01598 00:25:22",214.30,868.99,,,,"     ",5.10,89.37,4.51
1598,539312445,"01598M01:12:31.180","01598 00:25:23",214.33,869.03,,,,"     ",5.10,89.01,4.49
1598,539312446,"01598M01:12:32.153","01598 00:25:24",214.35,868.98,,,,"     ",5.10,88.75,4.47
1598,539312447,"01598M01:12:33.126","01598 00:25:25",214.37,869.04,,,,"     ",5.10,89.25,4.50
1598,539312448,"01598M01:12:34.100","01598 00:25:26",214.39,869.04,,,,"     ",5.10,88.99,4.49
1598,539312449,"01598M01:12:35.073","01598 00:25:27",214.39,869.00,,,,"     ",5.10,89.52,4.52
1598,539312450,"01598M01:12:36.046","01598 00:25:28",214.39,869.08,,,,"     ",5.10,88.87,4.48
1598,539312451,"01598M01:12:37.019","01598 00:25:29",214.39,869.09,,,,"     ",5.10,88.85,4.49
1598,539312452,"01598M01:12:37.993","01598 00:25:30",214.39,869.15,,,,"     ",5.10,89.33,4.51
1598,539312453,"01598M01:12:38.966","01598 00:25:31",214.38,869.06,,,,"     ",5.10,88.85,4.49
1598,539312454,"01598M01:12:39.939","01598 00:25:32",214.36,869.03,,,,"     ",5.10,89.56,4.52
1598,539312455,"01598M01:12:40.912","01598 00:25:33",214.32,869.12,,,,"     ",5.10,89.44,4.52
1598,539312456,"01598M01:12:41.886","01598 00:25:34",214.29,869.09,,,,"     ",5.10,89.18,4.50
1598,539312457,"01598M01:12:42.859","01598 00:25:35",214.26,869.10,,,,"     ",5.10,89.09,4.50
1598,539312458,"01598M01:12:43.832","01598 00:25:36",214.25,868.98,,,,"     ",5.10,88.61,4.48
1598,539312459,"01598M01:12:44.805","01598 00:25:37",214.27,868.96,,,,"     ",5.10,89.35,4.51
1598,539312460,"01598M01:12:45.779","01598 00:25:38",214.30,868.99,,,,"     ",5.10,88.97,4.50
1598,539312461,"01598M01:12:46.752","01598 00:25:39",214.34,869.03,,,,"     ",5.10,88.88,4.49
1598,539312462,"01598M01:12:47.725","01598 00:25:40",214.39,869.06,,,,"     ",5.10,89.05,4.50
1598,539312463,"01598M01:12:48.698","01598 00:25:41",214.44,868.95,,,,"     ",5.10,89.30,4.51
1598,539312464,"01598M01:12:49.672","01598 00:25:42",214.49,869.04,,,,"     ",5.10,89.00,4.50
1598,539312465,"01598M01:12:50.645","01598 00:25:43",214.53,868.99,,,,"     ",5.10,89.24,4.51
1598,539312466,"01598M01:12:51.618","01598 00:25:44",214.33,868.95,,,,"     ",5.10,89.07,4.50
1598,539312467,"01598M01:12:52.591","01598 00:25:45",214.36,868.96,,,,"     ",5.10,89.16,4.51
1598,539312468,"01598M01:12:53.565","01598 00:25:46",214.39,868.99,,,,"     ",5.10,89.20,4.51
1598,539312469,"01598M01:12:54.538","01598 00:25:47",214.40,869.04,,,,"     ",5.10,89.25,4.52
1598,539312470,"01598M01:12:55.511","01598 00:25:48",214.40,869.00,,,,"     ",5.10,89.02,4.51
1598,539312471,"01598M01:12:56.484","01598 00:25:49",214.39,869.05,,,,"     ",5.10,88.99,4.50
1598,539312472,"01598M01:12:57.458","01598 00:25:50",214.69,869.01,,,,"     ",5.10,89.08,4.51
1598,539312473,"01598M01:12:58.431","01598 00:25:51",214.67,869.02,,,,"     ",5.10,88.80,4.49
1598,539312474,"01598M01:12:59.404","01598 00:25:52",214.64,869.05,,,,"     ",5.10,89.30,4.52
1598,539312475,"01598M01:13:00.377","01598 00:25:53",214.60,869.05,,,,"     ",5.10,88.96,4.50
1598,539312476,"01598M01:13:01.351","01598 00:25:54",214.55,869.06,,,,"     ",5.10,88.62,4.49
1598,539312477,"01598M01:13:02.324","01598 00:25:55",214.50,869.01,,,,"     ",5.10,88.54,4.48
1598,539312478,"01598M01:13:03.297","01598 00:25:56",214.45,869.11,,,,"     ",5.10,88.83,4.50
1598,539312479,"01598M01:13:04.270","01598 00:25:56",214.41,869.06,,,,"     ",5.10,88.95,4.51
1598,539312480,"01598M01:13:05.244","01598 00:25:57",214.37,868.93,,,,"     ",5.10,89.67,4.55
1598,539312481,"01598M01:13:06.217","01598 00:25:58",214.33,868.96,,,,"     ",5.10,89.08,4.51
1598,539312482,"01598M01:13:07.190","01598 00:25:59",214.30,869.00,,,,"     ",5.10,88.90,4.51
1598,539312483,"01598M01:13:08.163","01598 00:26:00",214.29,868.96,,,,"     ",5.10,89.00,4.51
1598,539312484,"01598M01:13:09.137","01598 00:26:01",214.30,868.97,,,,"     ",5.10,89.23,4.52
1598,539312485,"01598M01:13:10.110","01598 00:26:02",214.32,868.90,,,,"     ",5.10,88.57,4.49
1598,539312486,"01598M01:13:11.083","01598 00:26:03",214.35,868.96,,,,"     ",5.10,89.18,4.52
1598,539312487,"01598M01:13:12.056","01598 00:26:04",214.38,868.95,,,,"     ",5.10,88.72,4.50
1598,539312488,"01598M01:13:13.030","01598 00:26:05",214.42,868.95,,,,"     ",5.10,89.30,4.53
1598,539312489,"01598M01:13:14.003","01598 00:26:06",214.46,868.97,,,,"     ",5.10,89.07,4.52
1598,539312490,"01598M01:13:14.976","01598 00:26:07",214.51,868.93,,,,"     ",5.10,88.88,4.51
1598,539312491,"01598M01:13:15.949","01598 00:26:08",214.55,868.98,,,,"     ",5.10,89.28,4.53
1598,539312492,"01598M01:13:16.923","01598 00:26:09",214.60,868.96,,,,"     ",5.10,89.01,4.52
1598,539312493,"01598M01:13:17.896","01598 00:26:10",214.63,869.09,,,,"     ",5.10,88.97,4.51
1598,539312494,"01598M01:13:18.869","01598 00:26:11",214.64,869.09,,,,"     ",5.10,89.04,4.52
1598,539312495,"01598M01:13:19.842","01598 00:26:12",214.63,869.15,,,,"     ",5.10,89.55,4.55
1598,539312496,"01598M01:13:20.816","01598 00:26:13",214.61,868.97,,,,"     ",5.10,88.84,4.51
1598,539312497,"01598M01:13:21.789","01598 00:26:14",214.57,869.06,,,,"     ",5.10,89.24,4.53
1598,539312498,"01598M01:13:22.762","01598 00:26:15",214.53,868.95,,,,"     ",5.10,88.97,4.51
1598,539312499,"01598M01:13:23.735","01598 00:26:16",214.48,868.93,,,,"     ",5.10,88.97,4.52
1598,539312500,"01598M01:13:24.709","01598 00:26:17",214.44,868.94,,,,"     ",5.10,89.17,4.53
1598,539312501,"01598M01:13:25.682","01598 00:26:18",214.38,868.94,,,,"     ",5.10,89.03,4.52
1598,539312502,"01598M01:13:26.655","01598 00:26:19",214.33,868.85,,,,"     ",5.10,88.95,4.51
1598,539312503,"01598M01:13:27.629","01598 00:26:20",214.29,868.96,,,,"     ",5.10,89.31,4.53
1598,539312504,"01598M01:13:28.602","01598 00:26:21",214.24,868.97,,,,"     ",5.10,89.29,4.53
1598,539312505,"01598M01:13:29.575","01598 00:26:22",214.19,869.05,,,,"     ",5.10,89.08,4.52
1598,539312506,"01598M01:13:30.548","01598 00:26:23",214.14,869.07,,,,"     ",5.10,89.48,4.54
1598,539312507,"01598M01:13:31.522","01598 00:26:24",214.10,869.06,,,,"     ",5.10,89.22,4.53
1598,539312508,"01598M01:13:32.495","01598 00:26:25",214.08,868.96,,,,"     ",5.10,88.99,4.52
1598,539312509,"01598M01:13:33.468","01598 00:26:26",214.06,869.04,,,,"     ",5.10,89.14,4.52
1598,539312510,"01598M01:13:34.441","01598 00:26:27",214.05,869.13,,,,"     ",5.10,90.21,4.58
1598,539312511,"01598M01:13:35.415","01598 00:26:28",214.03,868.86,,,,"     ",5.10,89.62,4.55
1598,539312512,"01598M01:13:36.388","01598 00:26:29",214.00,868.89,,,,"     ",5.10,89.88,4.56
1598,539312513,"01598M01:13:37.361","01598 00:26:30",213.96,869.00,,,,"     ",5.10,89.46,4.54
1598,539312514,"01598M01:13:38.334","01598 00:26:31",213.91,868.96,,,,"     ",5.10,89.44,4.54
1598,539312515,"01598M01:13:39.308","01598 00:26:32",213.86,868.96,,,,"     ",5.10,89.03,4.52
1598,539312516,"01598M01:13:40.281","01598 00:26:33",213.83,868.93,,,,"     ",5.10,89.35,4.54
1598,539312517,"01598M01:13:41.254","01598 00:26:33",213.83,868.93,,,,"     ",5.10,89.26,4.53
1598,539312518,"01598M01:13:42.227","01598 00:26:34",213.86,868.98,,,,"     ",5.10,89.35,4.54
1598,539312519,"01598M01:13:43.201","01598 00:26:35",213.91,868.92,,,,"     ",5.10,89.31,4.54
1598,539312520,"01598M01:13:44.174","01598 00:26:36",213.97,868.89,,,,"     ",5.10,89.39,4.54
1598,539312521,"01598M01:13:45.147","01598 00:26:37",214.05,868.87,,,,"     ",5.10,89.60,4.55
1598,539312522,"01598M01:13:46.120","01598 00:26:38",214.12,868.94,,,,"     ",5.10,89.01,4.52
1598,539312523,"01598M01:13:47.094","01598 00:26:39",214.19,868.90,,,,"     ",5.10,89.72,4.56
1598,539312524,"01598M01:13:48.067","01598 00:26:40",214.24,868.92,,,,"     ",5.10,89.65,4.55
1598,539312525,"01598M01:13:49.040","01598 00:26:41",214.29,868.94,,,,"     ",5.10,90.30,4.59
1598,539312526,"01598M01:13:50.013","01598 00:26:42",214.32,868.96,,,,"     ",5.10,89.72,4.56
1598,539312527,"01598M01:13:50.987","01598 00:26:43",214.36,868.98,,,,"     ",5.10,90.88,4.62
1598,539312528,"01598M01:13:51.960","01598 00:26:44",214.38,869.06,,,,"     ",5.10,90.29,4.59
1598,539312529,"01598M01:13:52.933","01598 00:26:45",214.39,869.10,,,,"     ",5.10,90.10,4.58
1598,539312530,"01598M01:13:53.906","01598 00:26:46",214.37,869.12,,,,"     ",5.10,89.93,4.57
1598,539312531,"01598M01:13:54.880","01598 00:26:47",214.33,869.06,,,,"     ",5.10,90.23,4.58
1598,539312532,"01598M01:13:55.853","01598 00:26:48",214.29,868.97,,,,"     ",5.10,89.80,4.56
1598,539312533,"01598M01:13:56.826","01598 00:26:49",214.27,869.03,,,,"     ",5.10,90.27,4.59
1598,539312534,"01598M01:13:57.799","01598 00:26:50",214.29,869.02,,,,"     ",5.10,90.41,4.59
1598,539312535,"01598M01:13:58.773","01598 00:26:51",214.35,868.99,,,,"     ",5.10,90.21,4.58
1598,539312536,"01598M01:13:59.746","01598 00:26:52",214.42,868.98,,,,"     ",5.10,89.93,4.57
1598,539312537,"01598M01:14:00.719","01598 00:26:53",214.51,869.07,,,,"     ",5.10,90.50,4.60
1598,539312538,"01598M01:14:01.692","01598 00:26:54",214.59,868.96,,,,"     ",5.10,90.83,4.61
1598,539312539,"01598M01:14:02.666","01598 00:26:55",214.65,869.05,,,,"     ",5.10,91.05,4.63
1598,539312540,"01598M01:14:03.639","01598 00:26:56",214.70,869.10,,,,"     ",5.10,90.78,4.61
1598,539312541,"01598M01:14:04.612","01598 00:26:57",214.73,869.05,,,,"     ",5.10,90.82,4.61
1598,539312542,"01598M01:14:05.585","01598 00:26:58",214.75,869.13,,,,"     ",5.10,90.98,4.62
1598,539312543,"01598M01:14:06.559","01598 00:26:59",214.76,869.15,,,,"     ",5.10,90.54,4.60
1598,539312544,"01598M01:14:07.532","01598 00:27:00",214.78,869.07,,,,"     ",5.10,91.37,4.64
1598,539312545,"01598M01:14:08.505","01598 00:27:01",214.79,869.06,,,,"     ",5.10,90.84,4.62
1598,539312546,"01598M01:14:09.478","01598 00:27:02",214.80,869.07,,,,"     ",5.10,91.27,4.64
1598,539312547,"01598M01:14:10.452","01598 00:27:03",214.79,869.02,,,,"     ",5.10,90.88,4.62
1598,539312548,"01598M01:14:11.425","01598 00:27:04",214.77,869.00,,,,"     ",5.10,91.04,4.62
1598,539312549,"01598M01:14:12.398","01598 00:27:05",214.74,869.07,,,,"     ",5.10,90.92,4.62
1598,539312550,"01598M01:14:13.371","01598 00:27:06",214.71,869.01,,,,"     ",5.10,91.08,4.62
1598,539312551,"01598M01:14:14.345","01598 00:27:07",214.67,869.06,,,,"     ",5.10,91.59,4.65
1598,539312552,"01598M01:14:15.318","01598 00:27:08",214.64,869.17,,,,"     ",5.10,90.76,4.61
1598,539312553,"01598M01:14:16.291","01598 00:27:09",214.62,869.19,,,,"     ",5.10,90.63,4.60
1598,539312554,"01598M01:14:17.264","01598 00:27:09",214.60,869.17,,,,"     ",5.10,91.38,4.64
1598,539312555,"01598M01:14:18.238","01598 00:27:10",214.58,869.13,,,,"     ",5.10,90.87,4.61
1598,539312556,"01598M01:14:19.211","01598 00:27:11",214.56,869.18,,,,"     ",5.10,91.20,4.63
1598,539312557,"01598M01:14:20.184","01598 00:27:12",214.52,869.07,,,,"     ",5.10,90.88,4.61
1598,539312558,"01598M01:14:21.157","01598 00:27:13",214.49,869.18,,,,"     ",5.10,90.99,4.62
1598,539312559,"01598M01:14:22.131","01598 00:27:14",214.48,869.04,,,,"     ",5.10,90.97,4.62
1598,539312560,"01598M01:14:23.104","01598 00:27:15",214.48,869.01,,,,"     ",5.10,90.92,4.61
1598,539312561,"01598M01:14:24.077","01598 00:27:16",214.49,869.09,,,,"     ",5.10,90.68,4.60
1598,539312562,"01598M01:14:25.050","01598 00:27:17",214.51,869.06,,,,"     ",5.10,91.17,4.63
1598,539312563,"01598M01:14:26.024","01598 00:27:18",214.53,869.05,,,,"     ",5.10,90.47,4.59
1598,539312564,"01598M01:14:26.997","01598 00:27:19",214.55,869.01,,,,"     ",5.10,90.68,4.60
1598,539312565,"01598M01:14:27.970","01598 00:27:20",214.56,869.10,,,,"     ",5.10,90.43,4.59
1598,539312566,"01598M01:14:28.943","01598 00:27:21",214.56,869.08,,,,"     ",5.10,91.26,4.63
1598,539312567,"01598M01:14:29.917","01598 00:27:22",214.53,869.16,,,,"     ",5.10,90.55,4.59
1598,539312568,"01598M01:14:30.890","01598 00:27:23",214.49,869.15,,,,"     ",5.10,90.78,4.61
1598,539312569,"01598M01:14:31.863","01598 00:27:24",214.42,869.10,,,,"     ",5.10,90.32,4.58
1598,539312570,"01598M01:14:32.836","01598 00:27:25",214.34,869.16,,,,"     ",5.10,91.13,4.62
1598,539312571,"01598M01:14:33.810","01598 00:27:26",214.24,869.24,,,,"     ",5.10,90.68,4.60
1598,539312572,"01598M01:14:34.783","01598 00:27:27",214.15,869.35,,,,"     ",5.10,90.41,4.59
1598,539312573,"01598M01:14:35.756","01598 00:27:28",214.06,869.22,,,,"     ",5.10,90.51,4.59
1598,539312574,"01598M01:14:36.730","01598 00:27:29",214.00,869.22,,,,"     ",5.10,90.22,4.58
1598,539312575,"01598M01:14:37.703","01598 00:27:30",213.98,869.22,,,,"     ",5.10,90.04,4.57
1598,539312576,"01598M01:14:38.676","01598 00:27:31",214.00,869.22,,,,"     ",5.10,90.75,4.61
1598,539312577,"01598M01:14:39.649","01598 00:27:32",214.05,869.16,,,,"     ",5.10,90.35,4.59
1598,539312578,"01598M01:14:40.623","01598 00:27:33",214.12,869.12,,,,"     ",5.10,89.88,4.56
1598,539312579,"01598M01:14:41.596","01598 00:27:34",214.21,869.23,,,,"     ",5.10,89.81,4.56
1598,539312580,"01598M01:14:42.569","01598 00:27:35",214.31,869.24,,,,"     ",5.10,89.93,4.57
1598,539312581,"01598M01:14:43.542","01598 00:27:36",214.41,869.13,,,,"     ",5.10,90.12,4.58
1598,539312582,"01598M01:14:44.516","01598 00:27:37",214.50,869.12,,,,"     ",5.10,90.09,4.57
1598,539312583,"01598M01:14:45.489","01598 00:27:38",214.57,869.06,,,,"     ",5.10,89.98,4.57
1598,539312584,"01598M01:14:46.462","01598 00:27:39",214.62,869.10,,,,"     ",5.10,89.92,4.57
1598,539312585,"01598M01:14:47.435","01598 00:27:40",214.65,869.15,,,,"     ",5.10,89.79,4.56
1598,539312586,"01598M01:14:48.409","01598 00:27:41",214.64,869.25,,,,"     ",5.10,90.09,4.58
1598,539312587,"01598M01:14:49.382","01598 00:27:42",214.59,869.19,,,,"     ",5.10,90.32,4.59
1598,539312588,"01598M01:14:50.355","01598 00:27:43",214.52,869.25,,,,"     ",5.10,90.34,4.59
1598,539312589,"01598M01:14:51.328","01598 00:27:44",214.44,869.17,,,,"     ",5.10,89.77,4.56
1598,539312590,"01598M01:14:52.302","01598 00:27:45",214.35,869.18,,,,"     ",5.10,89.57,4.55
1598,539312591,"01598M01:14:53.275","01598 00:27:45",214.27,869.23,,,,"     ",5.10,90.12,4.58
1598,539312592,"01598M01:14:54.248","01598 00:27:46",214.22,869.21,,,,"     ",5.10,89.91,4.57
1598,539312593,"01598M01:14:55.221","01598 00:27:47",214.19,869.19,,,,"     ",5.10,89.28,4.54
1598,539312594,"01598M01:14:56.195","01598 00:27:48",214.19,869.21,,,,"     ",5.10,89.78,4.56
1598,539312595,"01598M01:14:57.168","01598 00:27:49",214.21,869.13,,,,"     ",5.10,89.58,4.55
1598,539312596,"01598M01:14:58.141","01598 00:27:50",214.24,869.15,,,,"     ",5.10,89.99,4.58
1598,539312597,"01598M01:14:59.114","01598 00:27:51",214.28,869.17,,,,"     ",5.10,89.53,4.55
1598,539312598,"01598M01:15:00.088","01598 00:27:52",214.31,869.13,,,,"     ",5.10,89.27,4.54
1598,539312599,"01598M01:15:01.061","01598 00:27:53",214.33,869.18,,,,"     ",5.10,89.93,4.57
1598,539312600,"01598M01:15:02.034","01598 00:27:54",214.34,869.26,,,,"     ",5.10,89.75,4.57
1598,539312601,"01598M01:15:03.007","01598 00:27:55",214.34,869.17,,,,"     ",5.10,89.68,4.56
1598,539312602,"01598M01:15:03.981","01598 00:27:56",214.32,869.25,,,,"     ",5.10,89.82,4.57
1598,539312603,"01598M01:15:04.954","01598 00:27:57",214.29,869.23,,,,"     ",5.10,89.32,4.54
1598,539312604,"01598M01:15:05.927","01598 00:27:58",214.26,869.31,,,,"     ",5.10,89.26,4.54
1598,539312605,"01598M01:15:06.900","01598 00:27:59",214.23,869.22,,,,"     ",5.10,89.53,4.55
1598,539312606,"01598M01:15:07.874","01598 00:28:00",214.22,869.24,,,,"     ",5.10,89.62,4.56
1598,539312607,"01598M01:15:08.847","01598 00:28:01",214.22,869.29,,,,"     ",5.10,89.70,4.56
1598,539312608,"01598M01:15:09.820","01598 00:28:02",214.22,869.21,,,,"     ",5.10,89.18,4.54
1598,539312609,"01598M01:15:10.793","01598 00:28:03",214.23,869.12,,,,"     ",5.10,89.32,4.55
1598,539312610,"01598M01:15:11.767","01598 00:28:04",214.25,869.12,,,,"     ",5.10,89.28,4.54
1598,539312611,"01598M01:15:12.740","01598 00:28:05",214.27,869.13,,,,"     ",5.10,88.94,4.53
1598,539312612,"01598M01:15:13.713","01598 00:28:06",214.29,869.19,,,,"     ",5.10,89.49,4.56
1598,539312613,"01598M01:15:14.686","01598 00:28:07",214.32,869.28,,,,"     ",5.10,89.59,4.56
1598,539312614,"01598M01:15:15.660","01598 00:28:08",214.34,869.23,,,,"     ",5.10,89.75,4.57
1598,539312615,"01598M01:15:16.633","01598 00:28:09",214.35,869.18,,,,"     ",5.10,89.20,4.54
1598,539312616,"01598M01:15:17.606","01598 00:28:10",214.34,869.11,,,,"     ",5.10,88.88,4.52
1598,539312617,"01598M01:15:18.579","01598 00:28:11",214.32,869.06,,,,"     ",5.10,89.42,4.55
1598,539312618,"01598M01:15:19.553","01598 00:28:12",214.28,869.10,,,,"     ",5.10,89.51,4.56
1598,539312619,"01598M01:15:20.526","01598 00:28:13",214.24,869.09,,,,"     ",5.10,89.57,4.56
1598,539312620,"01598M01:15:21.499","01598 00:28:14",214.19,869.20,,,,"     ",5.10,89.70,4.57
1598,539312621,"01598M01:15:22.472","01598 00:28:15",214.15,869.26,,,,"     ",5.10,89.87,4.58
1598,539312622,"01598M01:15:23.446","01598 00:28:16",214.12,869.17,,,,"     ",5.10,89.29,4.55
1598,539312623,"01598M01:15:24.419","01598 00:28:17",214.10,869.20,,,,"     ",5.10,90.20,4.60
1598,539312624,"01598M01:15:25.392","01598 00:28:18",214.11,869.27,,,,"     ",5.10,89.90,4.58
1598,539312625,"01598M01:15:26.365","01598 00:28:19",214.13,869.24,,,,"     ",5.10,89.46,4.56
1598,539312626,"01598M01:15:27.339","01598 00:28:20",214.13,869.23,,,,"     ",5.10,89.90,4.58
1598,539312627,"01598M01:15:28.312","01598 00:28:21",214.12,869.25,,,,"     ",5.10,89.70,4.57
1598,539312628,"01598M01:15:29.285","01598 00:28:21",214.11,869.25,,,,"     ",5.10,89.90,4.58
1598,539312629,"01598M01:15:30.258","01598 00:28:22",214.11,869.24,,,,"     ",5.10,90.22,4.60
1598,539312630,"01598M01:15:31.232","01598 00:28:23",214.12,869.20,,,,"     ",5.10,89.79,4.57
1598,539312631,"01598M01:15:32.205","01598 00:28:24",214.13,869.12,,,,"     ",5.10,89.63,4.56
1598,539312632,"01598M01:15:33.178","01598 00:28:25",214.15,869.13,,,,"     ",5.10,90.09,4.59
1598,539312633,"01598M01:15:34.151","01598 00:28:26",214.17,869.20,,,,"     ",5.10,89.68,4.57
1598,539312634,"01598M01:15:35.125","01598 00:28:27",214.20,869.25,,,,"     ",5.10,89.68,4.57
1598,539312635,"01598M01:15:36.098","01598 00:28:28",214.23,869.07,,,,"     ",5.10,90.47,4.61
1598,539312636,"01598M01:15:37.071","01598 00:28:29",214.27,869.16,,,,"     ",5.10,90.27,4.60
1598,539312637,"01598M01:15:38.044","01598 00:28:30",214.31,869.14,,,,"     ",5.10,90.50,4.61
1598,539312638,"01598M01:15:39.018","01598 00:28:31",214.36,869.15,,,,"     ",5.10,90.15,4.59
1598,539312639,"01598M01:15:39.991","01598 00:28:32",214.41,869.19,,,,"     ",5.10,90.58,4.61
1598,539312640,"01598M01:15:40.964","01598 00:28:33",213.90,869.21,,,,"     ",5.10,90.46,4.61
1598,539312641,"01598M01:15:41.937","01598 00:28:34",213.95,869.20,,,,"     ",5.10,90.78,4.62
1598,539312642,"01598M01:15:42.911","01598 00:28:35",213.99,869.18,,,,"     ",5.10,90.99,4.64
1598,539312643,"01598M01:15:43.884","01598 00:28:36",214.03,869.31,,,,"     ",5.10,90.62,4.62
1598,539312644,"01598M01:15:44.857","01598 00:28:37",214.06,869.16,,,,"     ",5.10,90.53,4.61
1598,539312645,"01598M01:15:45.831","01598 00:28:38",214.09,869.10,,,,"     ",5.10,90.59,4.61
1598,539312646,"01598M01:15:46.804","01598 00:28:39",214.13,869.06,,,,"     ",5.10,90.57,4.61
1598,539312647,"01598M01:15:47.777","01598 00:28:40",214.16,869.10,,,,"     ",5.10,90.39,4.61
1598,539312648,"01598M01:15:48.750","01598 00:28:41",214.18,869.11,,,,"     ",5.10,91.05,4.64
1598,539312649,"01598M01:15:49.724","01598 00:28:42",214.21,869.16,,,,"     ",5.10,90.82,4.63
1598,539312650,"01598M01:15:50.697","01598 00:28:43",214.23,869.19,,,,"     ",5.10,90.55,4.61
1598,539312651,"01598M01:15:51.670","01598 00:28:44",214.25,869.24,,,,"     ",5.10,90.78,4.62
1598,539312652,"01598M01:15:52.643","01598 00:28:45",214.26,869.21,,,,"     ",5.10,91.22,4.65
1598,539312653,"01598M01:15:53.617","01598 00:28:46",214.27,869.27,,,,"     ",5.10,91.22,4.65
1598,539312654,"01598M01:15:54.590","01598 00:28:47",214.29,869.21,,,,"     ",5.10,90.93,4.63
1598,539312655,"01598M01:15:55.563","01598 00:28:48",214.33,869.21,,,,"     ",5.10,91.75,4.67
1598,539312656,"01598M01:15:56.536","01598 00:28:49",214.37,869.24,,,,"     ",5.10,91.04,4.64
1598,539312657,"01598M01:15:57.510","01598 00:28:50",214.40,869.19,,,,"     ",5.10,91.33,4.65
1598,539312658,"01598M01:15:58.483","01598 00:28:51",214.40,869.12,,,,"     ",5.10,91.00,4.63
1598,539312659,"01598M01:15:59.456","01598 00:28:52",214.40,869.18,,,,"     ",5.10,91.19,4.64
1598,539312660,"01598M01:16:00.429","01598 00:28:53",214.40,869.17,,,,"     ",5.10,91.31,4.65
1598,539312661,"01598M01:16:01.403","01598 00:28:54",214.41,869.20,,,,"     ",5.10,91.51,4.66
1598,539312662,"01598M01:16:02.376","01598 00:28:55",214.44,869.18,,,,"     ",5.10,91.42,4.65
1598,539312663,"01598M01:16:03.349","01598 00:28:56",214.48,869.18,,,,"     ",5.10,91.24,4.65
1598,539312664,"01598M01:16:04.322","01598 00:28:57",214.53,869.17,,,,"     ",5.10,91.86,4.68
1598,539312665,"01598M01:16:05.296","01598 00:28:57",214.58,869.19,,,,"     ",5.10,91.79,4.67
1598,539312666,"01598M01:16:06.269","01598 00:28:58",214.62,869.30,,,,"     ",5.10,91.49,4.66
1598,539312667,"01598M01:16:07.242","01598 00:28:59",214.64,869.29,,,,"     ",5.10,91.58,4.66
1598,539312668,"01598M01:16:08.215","01598 00:29:00",214.65,869.24,,,,"     ",5.10,90.94,4.63
1598,539312669,"01598M01:16:09.189","01598 00:29:01",214.64,869.25,,,,"     ",5.10,91.59,4.66
1598,539312670,"01598M01:16:10.162","01598 00:29:02",214.64,869.20,,,,"     ",5.10,91.70,4.67
1598,539312671,"01598M01:16:11.135","01598 00:29:03",214.65,869.32,,,,"     ",5.10,91.34,4.65
1598,539312672,"01598M01:16:12.108","01598 00:29:04",214.64,869.27,,,,"     ",5.10,91.09,4.63
1598,539312673,"01598M01:16:13.082","01598 00:29:05",214.62,869.24,,,,"     ",5.10,91.84,4.67
1598,539312674,"01598M01:16:14.055","01598 00:29:06",214.57,869.20,,,,"     ",5.10,91.65,4.66
1598,539312675,"01598M01:16:15.028","01598 00:29:07",214.51,869.25,,,,"     ",5.10,91.99,4.68
1598,539312676,"01598M01:16:16.001","01598 00:29:08",214.45,869.26,,,,"     ",5.10,91.77,4.67
1598,539312677,"01598M01:16:16.975","01598 00:29:09",214.41,869.31,,,,"     ",5.10,91.68,4.66
1598,539312678,"01598M01:16:17.948","01598 00:29:10",214.40,869.25,,,,"     ",5.10,90.90,4.62
1598,539312679,"01598M01:16:18.921","01598 00:29:11",214.41,869.25,,,,"     ",5.10,91.40,4.65
1598,539312680,"01598M01:16:19.894","01598 00:29:12",214.43,869.27,,,,"     ",5.10,91.43,4.65
1598,539312681,"01598M01:16:20.868","01598 00:29:13",214.46,869.26,,,,"     ",5.10,91.78,4.67
1598,539312682,"01598M01:16:21.841","01598 00:29:14",214.49,869.27,,,,"     ",5.10,91.48,4.65
1598,539312683,"01598M01:16:22.814","01598 00:29:15",214.50,869.20,,,,"     ",5.10,91.63,4.66
1598,539312684,"01598M01:16:23.787","01598 00:29:16",214.50,869.20,,,,"     ",5.10,91.28,4.64
1598,539312685,"01598M01:16:24.761","01598 00:29:17",214.49,869.22,,,,"     ",5.10,90.55,4.60
1598,539312686,"01598M01:16:25.734","01598 00:29:18",214.46,869.32,,,,"     ",5.10,90.98,4.62
1598,539312687,"01598M01:16:26.707","01598 00:29:19",214.44,869.28,,,,"     ",5.10,91.36,4.65
1598,539312688,"01598M01:16:27.680","01598 00:29:20",214.43,869.29,,,,"     ",5.10,90.96,4.63
1598,539312689,"01598M01:16:28.654","01598 00:29:21",214.41,869.20,,,,"     ",5.10,91.05,4.63
1598,539312690,"01598M01:16:29.627","01598 00:29:22",214.39,869.17,,,,"     ",5.10,91.03,4.63
1598,539312691,"01598M01:16:30.600","01598 00:29:23",214.37,869.26,,,,"     ",5.10,91.17,4.64
1598,539312692,"01598M01:16:31.573","01598 00:29:24",214.33,869.18,,,,"     ",5.10,90.90,4.62
1598,539312693,"01598M01:16:32.547","01598 00:29:25",214.29,869.21,,,,"     ",5.10,91.46,4.65
1598,539312694,"01598M01:16:33.520","01598 00:29:26",214.25,869.25,,,,"     ",5.10,91.07,4.63
1598,539312695,"01598M01:16:34.493","01598 00:29:27",214.23,869.16,,,,"     ",5.10,91.32,4.65
1598,539312696,"01598M01:16:35.466","01598 00:29:28",214.24,869.13,,,,"     ",5.10,91.26,4.64
1598,539312697,"01598M01:16:36.440","01598 00:29:29",214.26,869.13,,,,"     ",5.10,90.95,4.63
1598,539312698,"01598M01:16:37.413","01598 00:29:30",214.30,869.28,,,,"     ",5.10,90.67,4.61
1598,539312699,"01598M01:16:38.386","01598 00:29:31",214.34,869.20,,,,"     ",5.10,91.29,4.64
1598,539312700,"01598M01:16:39.359","01598 00:29:32",214.38,869.27,,,,"     ",5.10,91.34,4.65
1598,539312701,"01598M01:16:40.333","01598 00:29:33",214.44,869.19,,,,"     ",5.10,90.90,4.62
1598,539312702,"01598M01:16:41.306","01598 00:29:33",214.50,869.28,,,,"     ",5.10,91.28,4.64
1598,539312703,"01598M01:16:42.279","01598 00:29:34",214.58,869.17,,,,"     ",5.10,91.38,4.65
1598,539312704,"01598M01:16:43.252","01598 00:29:35",214.65,869.21,,,,"     ",5.10,90.82,4.62
1598,539312705,"01598M01:16:44.226","01598 00:29:36",214.72,869.30,,,,"     ",5.10,90.92,4.62
1598,539312706,"01598M01:16:45.199","01598 00:29:37",214.77,869.32,,,,"     ",5.10,90.93,4.63
1598,539312707,"01598M01:16:46.172","01598 00:29:38",214.81,869.27,,,,"     ",5.10,90.96,4.63
1598,539312708,"01598M01:16:47.145","01598 00:29:39",214.82,869.28,,,,"     ",5.10,90.46,4.60
1598,539312709,"01598M01:16:48.119","01598 00:29:40",214.83,869.25,,,,"     ",5.10,90.90,4.62
1598,539312710,"01598M01:16:49.092","01598 00:29:41",214.83,869.16,,,,"     ",5.10,90.97,4.63
1598,539312711,"01598M01:16:50.065","01598 00:29:42",214.82,869.23,,,,"     ",5.10,91.13,4.64
1598,539312712,"01598M01:16:51.038","01598 00:29:43",214.81,869.07,,,,"     ",5.10,90.98,4.63
1598,539312713,"01598M01:16:52.012","01598 00:29:44",214.78,869.17,,,,"     ",5.10,90.64,4.61
1598,539312714,"01598M01:16:52.985","01598 00:29:45",214.75,869.24,,,,"     ",5.10,91.54,4.66
1598,539312715,"01598M01:16:53.958","01598 00:29:46",214.72,869.21,,,,"     ",5.10,90.96,4.63
1598,539312716,"01598M01:16:54.932","01598 00:29:47",214.69,869.21,,,,"     ",5.10,90.99,4.63
1598,539312717,"01598M01:16:55.905","01598 00:29:48",214.66,869.29,,,,"     ",5.10,90.49,4.60
1598,539312718,"01598M01:16:56.878","01598 00:29:49",214.63,869.24,,,,"     ",5.10,90.49,4.60
1598,539312719,"01598M01:16:57.851","01598 00:29:50",214.60,869.23,,,,"     ",5.10,90.81,4.62
1598,539312720,"01598M01:16:58.825","01598 00:29:51",214.57,869.13,,,,"     ",5.10,90.21,4.59
1598,539312721,"01598M01:16:59.798","01598 00:29:52",214.53,869.03,,,,"     ",5.10,90.63,4.61
1598,539312722,"01598M01:17:00.771","01598 00:29:53",214.50,869.11,,,,"     ",5.10,91.44,4.65
1598,539312723,"01598M01:17:01.744","01598 00:29:54",214.46,869.13,,,,"     ",5.10,91.05,4.63
1598,539312724,"01598M01:17:02.718","01598 00:29:55",214.43,869.24,,,,"     ",5.10,90.96,4.63
1598,539312725,"01598M01:17:03.691","01598 00:29:56",214.41,869.19,,,,"     ",5.10,90.67,4.61
1598,539312726,"01598M01:17:04.664","01598 00:29:57",214.39,869.17,,,,"     ",5.10,91.28,4.64
1598,539312727,"01598M01:17:05.637","01598 00:29:58",214.40,869.17,,,,"     ",5.10,91.34,4.64
1598,539312728,"01598M01:17:06.611","01598 00:29:59",214.42,869.17,,,,"     ",5.10,91.37,4.65
1598,539312729,"01598M01:17:07.584","01598 00:30:00",214.45,869.23,,,,"     ",5.10,91.22,4.64
1598,539312730,"01598M01:17:08.557","01598 00:30:01",214.48,869.19,,,,"     ",5.10,90.60,4.60
1598,539312731,"01598M01:17:09.530","01598 00:30:02",214.50,869.26,,,,"     ",5.10,91.10,4.63
1598,539312732,"01598M01:17:10.504","01598 00:30:03",214.50,869.22,,,,"     ",5.10,91.01,4.63
1598,539312733,"01598M01:17:11.477","01598 00:30:04",214.48,869.21,,,,"     ",5.10,91.15,4.63
1598,539312734,"01598M01:17:12.450","01598 00:30:05",214.43,869.25,,,,"     ",5.10,91.18,4.64
1598,539312735,"01598M01:17:13.423","01598 00:30:06",214.38,869.19,,,,"     ",5.10,90.95,4.62
1598,539312736,"01598M01:17:14.397","01598 00:30:07",214.33,869.29,,,,"     ",5.10,91.32,4.64
1598,539312737,"01598M01:17:15.370","01598 00:30:08",214.29,869.27,,,,"     ",5.10,90.76,4.61
1598,539312738,"01598M01:17:16.343","01598 00:30:09",214.28,869.19,,,,"     ",5.10,91.04,4.63
1598,539312739,"01598M01:17:17.316","01598 00:30:09",214.29,869.25,,,,"     ",5.10,91.06,4.63
1598,539312740,"01598M01:17:18.290","01598 00:30:10",214.32,869.19,,,,"     ",5.10,90.78,4.61
1598,539312741,"01598M01:17:19.263","01598 00:30:11",214.36,869.18,,,,"     ",5.10,91.16,4.63
1598,539312742,"01598M01:17:20.236","01598 00:30:12",214.42,869.05,,,,"     ",5.10,91.02,4.62
1598,539312743,"01598M01:17:21.209","01598 00:30:13",214.49,869.03,,,,"     ",5.10,91.61,4.66
1598,539312744,"01598M01:17:22.183","01598 00:30:14",214.56,869.08,,,,"     ",5.10,91.01,4.62
1598,539312745,"01598M01:17:23.156","01598 00:30:15",214.61,869.13,,,,"     ",5.10,91.39,4.64
1598,539312746,"01598M01:17:24.129","01598 00:30:16",214.65,869.13,,,,"     ",5.10,91.36,4.64
1598,539312747,"01598M01:17:25.102","01598 00:30:17",214.69,869.19,,,,"     ",5.10,91.65,4.66
1598,539312748,"01598M01:17:26.076","01598 00:30:18",214.71,869.24,,,,"     ",5.10,91.43,4.64
1598,539312749,"01598M01:17:27.049","01598 00:30:19",214.72,869.15,,,,"     ",5.10,90.89,4.61
1598,539312750,"01598M01:17:28.022","01598 00:30:20",214.73,869.33,,,,"     ",5.10,91.42,4.64
1598,539312751,"01598M01:17:28.995","01598 00:30:21",214.72,869.25,,,,"     ",5.10,91.45,4.64
1598,539312752,"01598M01:17:29.969","01598 00:30:22",214.70,869.26,,,,"     ",5.10,91.38,4.64
1598,539312753,"01598M01:17:30.942","01598 00:30:23",214.69,869.25,,,,"     ",5.10,91.37,4.64
1598,539312754,"01598M01:17:31.915","01598 00:30:24",214.68,869.20,,,,"     ",5.10,90.99,4.62
1598,539312755,"01598M01:17:32.888","01598 00:30:25",214.69,869.21,,,,"     ",5.10,91.19,4.63
1598,539312756,"01598M01:17:33.862","01598 00:30:26",214.71,869.24,,,,"     ",5.10,90.96,4.62
1598,539312757,"01598M01:17:34.835","01598 00:30:27",214.74,869.25,,,,"     ",5.10,91.68,4.65
1598,539312758,"01598M01:17:35.808","01598 00:30:28",214.80,869.29,,,,"     ",5.10,91.15,4.63
1598,539312759,"01598M01:17:36.781","01598 00:30:29",214.86,869.29,,,,"     ",5.10,91.85,4.66
1598,539312760,"01598M01:17:37.755","01598 00:30:30",214.92,869.27,,,,"     ",5.10,91.10,4.62
1598,539312761,"01598M01:17:38.728","01598 00:30:31",214.55,869.21,,,,"     ",5.10,91.77,4.66
1598,539312762,"01598M01:17:39.701","01598 00:30:32",214.56,869.19,,,,"     ",5.10,91.24,4.63
1598,539312763,"01598M01:17:40.674","01598 00:30:33",214.57,869.20,,,,"     ",5.10,91.15,4.62
1598,539312764,"01598M01:17:41.648","01598 00:30:34",214.56,869.07,,,,"     ",5.10,91.25,4.63
1598,539312765,"01598M01:17:42.621","01598 00:30:35",214.53,869.15,,,,"     ",5.10,91.03,4.62
1598,539312766,"01598M01:17:43.594","01598 00:30:36",214.49,869.13,,,,"     ",5.10,91.18,4.62
1598,539312767,"01598M01:17:44.567","01598 00:30:37",214.85,869.19,,,,"     ",5.10,91.48,4.64
1598,539312768,"01598M01:17:45.541","01598 00:30:38",214.78,869.22,,,,"     ",5.10,91.26,4.63
1598,539312769,"01598M01:17:46.514","01598 00:30:39",214.72,869.26,,,,"     ",5.10,91.46,4.64
1598,539312770,"01598M01:17:47.487","01598 00:30:40",214.67,869.30,,,,"     ",5.10,91.19,4.62
1598,539312771,"01598M01:17:48.460","01598 00:30:41",214.62,869.32,,,,"     ",5.10,91.25,4.62
1598,539312772,"01598M01:17:49.434","01598 00:30:42",214.58,869.21,,,,"     ",5.10,90.99,4.61
1598,539312773,"01598M01:17:50.407","01598 00:30:43",214.57,869.25,,,,"     ",5.10,91.33,4.63
1598,539312774,"01598M01:17:51.380","01598 00:30:44",214.58,869.22,,,,"     ",5.10,91.04,4.61
1598,539312775,"01598M01:17:52.353","01598 00:30:45",214.61,869.18,,,,"     ",5.10,91.54,4.64
1598,539312776,"01598M01:17:53.327","01598 00:30:45",214.67,869.24,,,,"     ",5.10,91.66,4.65
1598,539312777,"01598M01:17:54.300","01598 00:30:46",214.75,869.26,,,,"     ",5.10,91.30,4.63
1598,539312778,"01598M01:17:55.273","01598 00:30:47",214.86,869.27,,,,"     ",5.10,91.72,4.65
1598,539312779,"01598M01:17:56.246","01598 00:30:48",214.98,869.15,,,,"     ",5.10,91.49,4.63
1598,539312780,"01598M01:17:57.220","01598 00:30:49",214.65,869.19,,,,"     ",5.10,91.51,4.64
1598,539312781,"01598M01:17:58.193","01598 00:30:50",214.74,869.21,,,,"     ",5.10,90.66,4.59
1598,539312782,"01598M01:17:59.166","01598 00:30:51",214.83,869.22,,,,"     ",5.10,91.66,4.65
1598,539312783,"01598M01:18:00.139","01598 00:30:52",214.88,869.19,,,,"     ",5.10,91.22,4.62
1598,539312784,"01598M01:18:01.113","01598 00:30:53",214.91,869.16,,,,"     ",5.10,91.77,4.65
1598,539312785,"01598M01:18:02.086","01598 00:30:54",214.90,869.24,,,,"     ",5.10,91.28,4.62
1598,539312786,"01598M01:18:03.059","01598 00:30:55",214.86,869.24,,,,"     ",5.10,91.09,4.61
1598,539312787,"01598M01:18:04.033","01598 00:30:56",214.83,869.21,,,,"     ",5.10,91.38,4.63
1598,539312788,"01598M01:18:05.006","01598 00:30:57",214.80,869.19,,,,"     ",5.10,91.18,4.62
1598,539312789,"01598M01:18:05.979","01598 00:30:58",214.78,869.19,,,,"     ",5.10,91.33,4.62
1598,539312790,"01598M01:18:06.952","01598 00:30:59",214.76,869.22,,,,"     ",5.10,91.35,4.63
1598,539312791,"01598M01:18:07.926","01598 00:31:00",214.73,869.27,,,,"     ",5.10,90.97,4.60
1598,539312792,"01598M01:18:08.899","01598 00:31:01",214.70,869.30,,,,"     ",5.10,91.48,4.63
1598,539312793,"01598M01:18:09.872","01598 00:31:02",214.68,869.26,,,,"     ",5.10,91.04,4.61
1598,539312794,"01598M01:18:10.845","01598 00:31:03",214.65,869.25,,,,"     ",5.10,91.49,4.63
1598,539312795,"01598M01:18:11.819","01598 00:31:04",214.63,869.26,,,,"     ",5.10,91.63,4.64
1598,539312796,"01598M01:18:12.792","01598 00:31:05",214.62,869.23,,,,"     ",5.10,91.60,4.63
1598,539312797,"01598M01:18:13.765","01598 00:31:06",214.63,869.21,,,,"     ",5.10,91.37,4.62
1598,539312798,"01598M01:18:14.738","01598 00:31:07",215.03,869.20,,,,"     ",5.10,91.28,4.61
1598,539312799,"01598M01:18:15.712","01598 00:31:08",215.06,869.22,,,,"     ",5.10,91.69,4.64
1598,539312800,"01598M01:18:16.685","01598 00:31:09",215.10,869.20,,,,"     ",5.10,91.42,4.62
1598,539312801,"01598M01:18:17.658","01598 00:31:10",215.15,869.23,,,,"     ",5.10,91.15,4.61
1598,539312802,"01598M01:18:18.631","01598 00:31:11",214.81,869.22,,,,"     ",5.10,91.55,4.63
1598,539312803,"01598M01:18:19.605","01598 00:31:12",214.87,869.33,,,,"     ",5.10,91.81,4.64
1598,539312804,"01598M01:18:20.578","01598 00:31:13",214.97,869.42,,,,"     ",5.10,91.24,4.61
1598,539312805,"01598M01:18:21.551","01598 00:31:14",215.07,869.35,,,,"     ",5.10,91.47,4.62
1598,539312806,"01598M01:18:22.524","01598 00:31:15",215.16,869.40,,,,"     ",5.10,91.33,4.61
1598,539312807,"01598M01:18:23.498","01598 00:31:16",215.23,869.42,,,,"     ",5.10,91.88,4.64
1598,539312808,"01598M01:18:24.471","01598 00:31:17",215.28,869.32,,,,"     ",5.10,91.59,4.63
1598,539312809,"01598M01:18:25.444","01598 00:31:18",215.32,869.34,,,,"     ",5.10,91.47,4.62
1598,539312810,"01598M01:18:26.417","01598 00:31:19",215.32,869.35,,,,"     ",5.10,92.05,4.65
1598,539312811,"01598M01:18:27.391","01598 00:31:20",215.29,869.32,,,,"     ",5.10,91.87,4.64
1598,539312812,"01598M01:18:28.364","01598 00:31:21",215.25,869.31,,,,"     ",5.10,91.36,4.61
1598,539312813,"01598M01:18:29.337","01598 00:31:22",215.21,869.31,,,,"     ",5.10,91.66,4.62
1598,539312814,"01598M01:18:30.310","01598 00:31:22",215.17,869.38,,,,"     ",5.10,91.26,4.60
1598,539312815,"01598M01:18:31.284","01598 00:31:23",215.15,869.24,,,,"     ",5.10,91.45,4.61
1598,539312816,"01598M01:18:32.257","01598 00:31:24",215.14,869.26,,,,"     ",5.10,91.42,4.61
1598,539312817,"01598M01:18:33.230","01598 00:31:25",215.14,869.35,,,,"     ",5.10,91.70,4.62
1598,539312818,"01598M01:18:34.203","01598 00:31:26",215.16,869.34,,,,"     ",5.10,91.11,4.59
1598,539312819,"01598M01:18:35.177","01598 00:31:27",215.18,869.36,,,,"     ",5.10,91.46,4.61
1598,539312820,"01598M01:18:36.150","01598 00:31:28",215.21,869.33,,,,"     ",5.10,91.43,4.60
1598,539312821,"01598M01:18:37.123","01598 00:31:29",215.26,869.37,,,,"     ",5.10,91.86,4.63
1598,539312822,"01598M01:18:38.096","01598 00:31:30",215.30,869.28,,,,"     ",5.10,91.36,4.60
1598,539312823,"01598M01:18:39.070","01598 00:31:31",215.32,869.31,,,,"     ",5.10,91.30,4.59
1598,539312824,"01598M01:18:40.043","01598 00:31:32",215.35,869.46,,,,"     ",5.10,91.28,4.59
1598,539312825,"01598M01:18:41.016","01598 00:31:33",215.36,869.32,,,,"     ",5.10,91.55,4.60
1598,539312826,"01598M01:18:41.989","01598 00:31:34",215.36,869.37,,,,"     ",5.10,91.61,4.61
1598,539312827,"01598M01:18:42.963","01598 00:31:35",215.37,869.29,,,,"     ",5.10,91.52,4.60
1598,539312828,"01598M01:18:43.936","01598 00:31:36",215.37,869.29,,,,"     ",5.10,91.04,4.57
1598,539312829,"01598M01:18:44.909","01598 00:31:37",215.34,869.34,,,,"     ",5.10,91.65,4.61
1598,539312830,"01598M01:18:45.882","01598 00:31:38",215.30,869.34,,,,"     ",5.10,91.38,4.59
1598,539312831,"01598M01:18:46.856","01598 00:31:39",215.26,869.35,,,,"     ",5.10,91.33,4.59
1598,539312832,"01598M01:18:47.829","01598 00:31:40",215.25,869.31,,,,"     ",5.10,91.20,4.58
1598,539312833,"01598M01:18:48.802","01598 00:31:41",215.25,869.41,,,,"     ",5.10,91.84,4.61
1598,539312834,"01598M01:18:49.775","01598 00:31:42",215.26,869.41,,,,"     ",5.10,91.34,4.59
1598,539312835,"01598M01:18:50.749","01598 00:31:43",215.29,869.32,,,,"     ",5.10,91.58,4.60
1598,539312836,"01598M01:18:51.722","01598 00:31:44",215.33,869.41,,,,"     ",5.10,91.48,4.59
1598,539312837,"01598M01:18:52.695","01598 00:31:45",215.38,869.43,,,,"     ",5.10,91.68,4.60
1598,539312838,"01598M01:18:53.668","01598 00:31:46",215.43,869.38,,,,"     ",5.10,91.44,4.59
1598,539312839,"01598M01:18:54.642","01598 00:31:47",215.47,869.40,,,,"     ",5.10,91.64,4.60
1598,539312840,"01598M01:18:55.615","01598 00:31:48",215.50,869.33,,,,"     ",5.10,91.16,4.57
1598,539312841,"01598M01:18:56.588","01598 00:31:49",215.53,869.34,,,,"     ",5.10,91.79,4.60
1598,539312842,"01598M01:18:57.561","01598 00:31:50",215.56,869.34,,,,"     ",5.10,91.47,4.59
1598,539312843,"01598M01:18:58.535","01598 00:31:51",215.60,869.29,,,,"     ",5.10,91.74,4.60
1598,539312844,"01598M01:18:59.508","01598 00:31:52",215.65,869.30,,,,"     ",5.10,91.56,4.59
1598,539312845,"01598M01:19:00.481","01598 00:31:53",215.68,869.30,,,,"     ",5.10,91.16,4.57
1598,539312846,"01598M01:19:01.454","01598 00:31:54",215.70,869.27,,,,"     ",5.10,91.46,4.58
1598,539312847,"01598M01:19:02.428","01598 00:31:55",215.69,869.27,,,,"     ",5.10,91.34,4.58
1598,539312848,"01598M01:19:03.401","01598 00:31:56",215.66,869.36,,,,"     ",5.10,91.27,4.57
1598,539312849,"01598M01:19:04.374","01598 00:31:57",215.63,869.40,,,,"     ",5.10,91.55,4.58
1598,539312850,"01598M01:19:05.347","01598 00:31:58",215.61,869.38,,,,"     ",5.10,91.52,4.58
1598,539312851,"01598M01:19:06.321","01598 00:31:58",215.61,869.40,,,,"     ",5.10,91.64,4.59
1598,539312852,"01598M01:19:07.294","01598 00:31:59",215.64,869.50,,,,"     ",5.10,91.45,4.58
1598,539312853,"01598M01:19:08.267","01598 00:32:00",215.69,869.41,,,,"     ",5.10,91.30,4.57
1598,539312854,"01598M01:19:09.240","01598 00:32:01",215.75,869.45,,,,"     ",5.10,91.60,4.58
1598,539312855,"01598M01:19:10.214","01598 00:32:02",215.81,869.44,,,,"     ",5.10,91.76,4.59
1598,539312856,"01598M01:19:11.187","01598 00:32:03",215.84,869.42,,,,"     ",5.10,91.42,4.57
1598,539312857,"01598M01:19:12.160","01598 00:32:04",215.85,869.45,,,,"     ",5.10,91.67,4.58
1598,539312858,"01598M01:19:13.133","01598 00:32:05",215.83,869.45,,,,"     ",5.10,91.35,4.57
1598,539312859,"01598M01:19:14.107","01598 00:32:06",215.78,869.46,,,,"     ",5.10,91.37,4.57
1598,539312860,"01598M01:19:15.080","01598 00:32:07",215.73,869.39,,,,"     ",5.10,91.58,4.58
1598,539312861,"01598M01:19:16.053","01598 00:32:08",215.70,869.33,,,,"     ",5.10,91.67,4.58
1598,539312862,"01598M01:19:17.027","01598 00:32:09",215.68,869.37,,,,"     ",5.10,91.97,4.60
1598,539312863,"01598M01:19:18.000","01598 00:32:10",215.71,869.37,,,,"     ",5.10,91.93,4.59
1598,539312864,"01598M01:19:18.973","01598 00:32:11",215.76,869.44,,,,"     ",5.10,91.45,4.57
1598,539312865,"01598M01:19:19.946","01598 00:32:12",215.81,869.46,,,,"     ",5.10,91.41,4.56
1598,539312866,"01598M01:19:20.920","01598 00:32:13",215.86,869.38,,,,"     ",5.10,91.75,4.58
1598,539312867,"01598M01:19:21.893","01598 00:32:14",215.88,869.49,,,,"     ",5.10,92.15,4.60
1598,539312868,"01598M01:19:22.866","01598 00:32:15",215.90,869.47,,,,"     ",5.10,91.76,4.58
1598,539312869,"01598M01:19:23.839","01598 00:32:16",215.91,869.46,,,,"     ",5.10,91.87,4.58
1598,539312870,"01598M01:19:24.813","01598 00:32:17",215.93,869.55,,,,"     ",5.10,92.16,4.60
1598,539312871,"01598M01:19:25.786","01598 00:32:18",215.97,869.52,,,,"     ",5.10,92.19,4.60
1598,539312872,"01598M01:19:26.759","01598 00:32:19",216.03,869.44,,,,"     ",5.10,91.95,4.58
1598,539312873,"01598M01:19:27.732","01598 00:32:20",216.11,869.44,,,,"     ",5.10,91.98,4.58
1598,539312874,"01598M01:19:28.706","01598 00:32:21",216.19,869.50,,,,"     ",5.10,91.90,4.58
1598,539312875,"01598M01:19:29.679","01598 00:32:22",216.25,869.51,,,,"     ",5.10,91.69,4.57
1598,539312876,"01598M01:19:30.652","01598 00:32:23",216.29,869.48,,,,"     ",5.10,91.46,4.56
1598,539312877,"01598M01:19:31.625","01598 00:32:24",216.30,869.51,,,,"     ",5.10,91.62,4.56
1598,539312878,"01598M01:19:32.599","01598 00:32:25",216.31,869.42,,,,"     ",5.10,91.90,4.58
1598,539312879,"01598M01:19:33.572","01598 00:32:26",216.33,869.52,,,,"     ",5.10,92.33,4.60
1598,539312880,"01598M01:19:34.545","01598 00:32:27",216.35,869.53,,,,"     ",5.10,92.33,4.60
1598,539312881,"01598M01:19:35.518","01598 00:32:28",216.39,869.58,,,,"     ",5.10,91.37,4.55
1598,539312882,"01598M01:19:36.492","01598 00:32:29",216.43,869.46,,,,"     ",5.10,91.71,4.56
1598,539312883,"01598M01:19:37.465","01598 00:32:30",216.45,869.46,,,,"     ",5.10,91.70,4.56
1598,539312884,"01598M01:19:38.438","01598 00:32:31",216.46,869.48,,,,"     ",5.10,91.69,4.56
1598,539312885,"01598M01:19:39.411","01598 00:32:32",216.45,869.54,,,,"     ",5.10,91.71,4.56
1598,539312886,"01598M01:19:40.385","01598 00:32:33",216.42,869.46,,,,"     ",5.10,91.36,4.54
1598,539312887,"01598M01:19:41.358","01598 00:32:34",216.38,869.51,,,,"     ",5.10,92.01,4.57
1598,539312888,"01598M01:19:42.331","01598 00:32:34",216.34,869.51,,,,"     ",5.10,91.74,4.56
1598,539312889,"01598M01:19:43.304","01598 00:32:35",216.33,869.47,,,,"     ",5.10,91.80,4.56
1598,539312890,"01598M01:19:44.278","01598 00:32:36",216.35,869.46,,,,"     ",5.10,91.49,4.54
1598,539312891,"01598M01:19:45.251","01598 00:32:37",216.39,869.37,,,,"     ",5.10,91.89,4.56
1598,539312892,"01598M01:19:46.224","01598 00:32:38",216.43,869.50,,,,"     ",5.10,92.19,4.58
1598,539312893,"01598M01:19:47.197","01598 00:32:39",216.49,869.56,,,,"     ",5.10,92.01,4.57
1598,539312894,"01598M01:19:48.171","01598 00:32:40",216.54,869.58,,,,"     ",5.10,91.97,4.56
1598,539312895,"01598M01:19:49.144","01598 00:32:41",216.58,869.61,,,,"     ",5.10,91.49,4.54
1598,539312896,"01598M01:19:50.117","01598 00:32:42",216.63,869.58,,,,"     ",5.10,92.38,4.58
1598,539312897,"01598M01:19:51.090","01598 00:32:43",216.67,869.53,,,,"     ",5.10,91.93,4.56
1598,539312898,"01598M01:19:52.064","01598 00:32:44",216.71,869.65,,,,"     ",5.10,91.95,4.56
1598,539312899,"01598M01:19:53.037","01598 00:32:45",216.73,869.43,,,,"     ",5.10,92.67,4.59
1598,539312900,"01598M01:19:54.010","01598 00:32:46",216.75,869.57,,,,"     ",5.10,91.95,4.56
1598,539312901,"01598M01:19:54.983","01598 00:32:47",216.76,869.61,,,,"     ",5.10,91.75,4.54
1598,539312902,"01598M01:19:55.957","01598 00:32:48",216.75,869.48,,,,"     ",5.10,92.01,4.56
1598,539312903,"01598M01:19:56.930","01598 00:32:49",216.74,869.52,,,,"     ",5.10,92.03,4.56
1598,539312904,"01598M01:19:57.903","01598 00:32:50",216.72,869.65,,,,"     ",5.10,92.58,4.58
1598,539312905,"01598M01:19:58.876","01598 00:32:51",216.71,869.60,,,,"     ",5.10,92.52,4.58
1598,539312906,"01598M01:19:59.850","01598 00:32:52",216.71,869.66,,,,"     ",5.10,92.36,4.57
1598,539312907,"01598M01:20:00.823","01598 00:32:53",216.74,869.69,,,,"     ",5.10,92.50,4.58
1598,539312908,"01598M01:20:01.796","01598 00:32:54",216.78,869.61,,,,"     ",5.10,92.62,4.58
1598,539312909,"01598M01:20:02.769","01598 00:32:55",216.82,869.66,,,,"     ",5.10,92.40,4.57
1598,539312910,"01598M01:20:03.743","01598 00:32:56",216.87,869.60,,,,"     ",5.10,92.82,4.59
1598,539312911,"01598M01:20:04.716","01598 00:32:57",216.90,869.56,,,,"     ",5.10,92.06,4.55
1598,539312912,"01598M01:20:05.689","01598 00:32:58",216.93,869.53,,,,"     ",5.10,92.52,4.57
1598,539312913,"01598M01:20:06.662","01598 00:32:59",216.95,869.57,,,,"     ",5.10,92.13,4.55
1598,539312914,"01598M01:20:07.636","01598 00:33:00",216.98,869.53,,,,"     ",5.10,92.33,4.56
1598,539312915,"01598M01:20:08.609","01598 00:33:01",217.02,869.55,,,,"     ",5.10,93.09,4.60
1598,539312916,"01598M01:20:09.582","01598 00:33:02",217.05,869.60,,,,"     ",5.10,92.29,4.56
1598,539312917,"01598M01:20:10.555","01598 00:33:03",217.08,869.60,,,,"     ",5.10,93.16,4.60
1598,539312918,"01598M01:20:11.529","01598 00:33:04",217.11,869.63,,,,"     ",5.10,92.46,4.56
1598,539312919,"01598M01:20:12.502","01598 00:33:05",217.12,869.56,,,,"     ",5.10,92.22,4.55
1598,539312920,"01598M01:20:13.475","01598 00:33:06",217.12,869.53,,,,"     ",5.10,92.43,4.56
1598,539312921,"01598M01:20:14.448","01598 00:33:07",217.13,869.63,,,,"     ",5.10,92.54,4.56
1598,539312922,"01598M01:20:15.422","01598 00:33:08",217.13,869.61,,,,"     ",5.10,93.34,4.60
1598,539312923,"01598M01:20:16.395","01598 00:33:09",217.15,869.59,,,,"     ",5.10,92.83,4.57
1598,539312924,"01598M01:20:17.368","01598 00:33:10",217.17,869.66,,,,"     ",5.10,92.79,4.57
1598,539312925,"01598M01:20:18.341","01598 00:33:10",217.19,869.62,,,,"     ",5.10,92.85,4.57
1598,539312926,"01598M01:20:19.315","01598 00:33:11",217.21,869.77,,,,"     ",5.10,92.65,4.56
1598,539312927,"01598M01:20:20.288","01598 00:33:12",217.22,869.63,,,,"     ",5.10,92.72,4.56
1598,539312928,"01598M01:20:21.261","01598 00:33:13",217.22,869.73,,,,"     ",5.10,93.25,4.59
1598,539312929,"01598M01:20:22.234","01598 00:33:14",217.19,869.58,,,,"     ",5.10,92.59,4.55
1598,539312930,"01598M01:20:23.208","01598 00:33:15",217.15,869.64,,,,"     ",5.10,92.85,4.56
1598,539312931,"01598M01:20:24.181","01598 00:33:16",217.10,869.63,,,,"     ",5.10,92.52,4.55
1598,539312932,"01598M01:20:25.154","01598 00:33:17",217.08,869.65,,,,"     ",5.10,92.48,4.54
1598,539312933,"01598M01:20:26.128","01598 00:33:18",217.08,869.74,,,,"     ",5.10,92.64,4.55
1598,539312934,"01598M01:20:27.101","01598 00:33:19",217.11,869.70,,,,"     ",5.10,93.18,4.58
1598,539312935,"01598M01:20:28.074","01598 00:33:20",217.14,869.71,,,,"     ",5.10,92.75,4.55
1598,539312936,"01598M01:20:29.047","01598 00:33:21",217.15,869.72,,,,"     ",5.10,92.51,4.54
1598,539312937,"01598M01:20:30.021","01598 00:33:22",217.16,869.62,,,,"     ",5.10,92.78,4.55
1598,539312938,"01598M01:20:30.994","01598 00:33:23",217.16,869.72,,,,"     ",5.10,92.68,4.55
1598,539312939,"01598M01:20:31.967","01598 00:33:24",217.17,869.72,,,,"     ",5.10,93.21,4.57
1598,539312940,"01598M01:20:32.940","01598 00:33:25",217.18,869.72,,,,"     ",5.10,93.78,4.60
1598,539312941,"01598M01:20:33.914","01598 00:33:26",217.18,869.81,,,,"     ",5.10,93.53,4.59
1598,539312942,"01598M01:20:34.887","01598 00:33:27",217.19,869.69,,,,"     ",5.10,93.05,4.56
1598,539312943,"01598M01:20:35.860","01598 00:33:28",217.19,869.83,,,,"     ",5.10,93.79,4.59
1598,539312944,"01598M01:20:36.833","01598 00:33:29",217.20,869.74,,,,"     ",5.10,92.94,4.55
1598,539312945,"01598M01:20:37.807","01598 00:33:30",217.20,869.75,,,,"     ",5.10,92.91,4.55
1598,539312946,"01598M01:20:38.780","01598 00:33:31",217.21,869.77,,,,"     ",5.10,93.32,4.57
1598,539312947,"01598M01:20:39.753","01598 00:33:32",217.21,869.75,,,,"     ",5.10,92.95,4.55
1598,539312948,"01598M01:20:40.726","01598 00:33:33",217.35,869.86,,,,"     ",5.10,93.45,4.57
1598,539312949,"01598M01:20:41.700","01598 00:33:34",217.37,869.78,,,,"     ",5.10,92.94,4.54
1598,539312950,"01598M01:20:42.673","01598 00:33:35",217.39,869.87,,,,"     ",5.10,92.84,4.54
1598,539312951,"01598M01:20:43.646","01598 00:33:36",217.40,869.71,,,,"     ",5.10,93.37,4.56
1598,539312952,"01598M01:20:44.619","01598 00:33:37",217.41,869.81,,,,"     ",5.10,93.08,4.55
1598,539312953,"01598M01:20:45.593","01598 00:33:38",217.42,869.67,,,,"     ",5.10,93.41,4.56
1598,539312954,"01598M01:20:46.566","01598 00:33:39",217.43,869.76,,,,"     ",5.10,92.83,4.53
1598,539312955,"01598M01:20:47.539","01598 00:33:40",217.43,869.76,,,,"     ",5.10,93.25,4.55
1598,539312956,"01598M01:20:48.512","01598 00:33:41",217.43,869.72,,,,"     ",5.10,93.27,4.55
1598,539312957,"01598M01:20:49.486","01598 00:33:42",217.44,869.83,,,,"     ",5.10,93.86,4.58
1598,539312958,"01598M01:20:50.459","01598 00:33:43",217.44,869.75,,,,"     ",5.10,93.17,4.54
1598,539312959,"01598M01:20:51.432","01598 00:33:44",217.44,869.79,,,,"     ",5.10,93.23,4.55
1598,539312960,"01598M01:20:52.405","01598 00:33:45",217.44,869.79,,,,"     ",5.10,93.10,4.54
1598,539312961,"01598M01:20:53.379","01598 00:33:46",217.43,869.73,,,,"     ",5.10,93.28,4.55
1598,539312962,"01598M01:20:54.352","01598 00:33:46",217.43,869.78,,,,"     ",5.10,93.33,4.55
1598,539312963,"01598M01:20:55.325","01598 00:33:47",217.42,869.84,,,,"     ",5.10,93.23,4.54
1598,539312964,"01598M01:20:56.298","01598 00:33:48",217.41,869.76,,,,"     ",5.10,93.42,4.55
1598,539312965,"01598M01:20:57.272","01598 00:33:49",217.40,869.77,,,,"     ",5.10,92.87,4.52
1598,539312966,"01598M01:20:58.245","01598 00:33:50",217.38,869.82,,,,"     ",5.10,93.56,4.55
1598,539312967,"01598M01:20:59.218","01598 00:33:51",217.36,869.85,,,,"     ",5.10,93.36,4.54
1598,539312968,"01598M01:21:00.191","01598 00:33:52",217.35,869.77,,,,"     ",5.10,93.42,4.54
1598,539312969,"01598M01:21:01.165","01598 00:33:53",217.37,869.75,,,,"     ",5.10,94.12,4.58
1598,539312970,"01598M01:21:02.138","01598 00:33:54",217.39,869.76,,,,"     ",5.10,93.42,4.54
1598,539312971,"01598M01:21:03.111","01598 00:33:55",217.41,869.71,,,,"     ",5.10,93.18,4.53
1598,539312972,"01598M01:21:04.084","01598 00:33:56",217.43,869.69,,,,"     ",5.10,93.69,4.55
1598,539312973,"01598M01:21:05.058","01598 00:33:57",217.45,869.78,,,,"     ",5.10,93.40,4.54
1598,539312974,"01598M01:21:06.031","01598 00:33:58",217.46,869.85,,,,"     ",5.10,93.58,4.55
1598,539312975,"01598M01:21:07.004","01598 00:33:59",217.48,869.79,,,,"     ",5.10,93.99,4.56
1598,539312976,"01598M01:21:07.977","01598 00:34:00",217.49,869.76,,,,"     ",5.10,93.48,4.54
1598,539312977,"01598M01:21:08.951","01598 00:34:01",217.49,869.85,,,,"     ",5.10,94.23,4.57
1598,539312978,"01598M01:21:09.924","01598 00:34:02",217.48,869.76,,,,"     ",5.10,93.68,4.54
1598,539312979,"01598M01:21:10.897","01598 00:34:03",217.47,869.71,,,,"     ",5.10,93.74,4.55
1598,539312980,"01598M01:21:11.870","01598 00:34:04",217.46,869.66,,,,"     ",5.10,93.90,4.55
1598,539312981,"01598M01:21:12.844","01598 00:34:05",217.44,869.67,,,,"     ",5.10,94.05,4.56
1598,539312982,"01598M01:21:13.817","01598 00:34:06",217.41,869.71,,,,"     ",5.10,94.12,4.56
1598,539312983,"01598M01:21:14.790","01598 00:34:07",217.38,869.82,,,,"     ",5.10,93.90,4.55
1598,539312984,"01598M01:21:15.763","01598 00:34:08",217.34,869.90,,,,"     ",5.10,93.98,4.55
1598,539312985,"01598M01:21:16.737","01598 00:34:09",217.31,869.88,,,,"     ",5.10,93.85,4.55
1598,539312986,"01598M01:21:17.710","01598 00:34:10",217.28,869.80,,,,"     ",5.10,93.88,4.54
1598,539312987,"01598M01:21:18.683","01598 00:34:11",217.26,869.85,,,,"     ",5.10,93.86,4.54
1598,539312988,"01598M01:21:19.656","01598 00:34:12",217.26,869.74,,,,"     ",5.10,93.76,4.54
1598,539312989,"01598M01:21:20.630","01598 00:34:13",217.29,869.71,,,,"     ",5.10,93.97,4.55
1598,539312990,"01598M01:21:21.603","01598 00:34:14",217.33,869.74,,,,"     ",5.10,93.97,4.55
1598,539312991,"01598M01:21:22.576","01598 00:34:15",217.38,869.77,,,,"     ",5.10,93.54,4.52
1598,539312992,"01598M01:21:23.549","01598 00:34:16",217.45,869.77,,,,"     ",5.10,93.93,4.54
1598,539312993,"01598M01:21:24.523","01598 00:34:17",217.52,869.74,,,,"     ",5.10,93.87,4.54
1598,539312994,"01598M01:21:25.496","01598 00:34:18",217.58,869.78,,,,"     ",5.10,94.38,4.56
1598,539312995,"01598M01:21:26.469","01598 00:34:19",217.63,869.70,,,,"     ",5.10,94.17,4.55
1598,539312996,"01598M01:21:27.442","01598 00:34:20",217.67,869.66,,,,"     ",5.10,93.79,4.53
1598,539312997,"01598M01:21:28.416","01598 00:34:21",217.70,869.78,,,,"     ",5.10,94.05,4.54
1598,539312998,"01598M01:21:29.389","01598 00:34:22",217.72,869.75,,,,"     ",5.10,94.00,4.54
1598,539312999,"01598M01:21:30.362","01598 00:34:22",217.73,869.77,,,,"     ",5.10,93.68,4.52
1598,539313000,"01598M01:21:31.335","01598 00:34:23",217.73,869.72,,,,"     ",5.10,93.72,4.52
1598,539313001,"01598M01:21:32.309","01598 00:34:24",217.73,869.86,,,,"     ",5.10,93.64,4.52
1598,539313002,"01598M01:21:33.282","01598 00:34:25",217.73,869.74,,,,"     ",5.10,94.01,4.53
1598,539313003,"01598M01:21:34.255","01598 00:34:26",217.73,869.82,,,,"     ",5.10,93.81,4.52
1598,539313004,"01598M01:21:35.229","01598 00:34:27",217.72,869.84,,,,"     ",5.10,94.39,4.55
1598,539313005,"01598M01:21:36.202","01598 00:34:28",217.70,869.88,,,,"     ",5.10,93.83,4.52
1598,539313006,"01598M01:21:37.175","01598 00:34:29",217.68,869.81,,,,"     ",5.10,93.74,4.52
1598,539313007,"01598M01:21:38.148","01598 00:34:30",217.65,869.88,,,,"     ",5.10,93.79,4.52
1598,539313008,"01598M01:21:39.122","01598 00:34:31",217.63,869.95,,,,"     ",5.10,93.81,4.52
1598,539313009,"01598M01:21:40.095","01598 00:34:32",217.60,869.98,,,,"     ",5.10,93.53,4.50
1598,539313010,"01598M01:21:41.068","01598 00:34:33",217.59,869.90,,,,"     ",5.10,93.47,4.50
1598,539313011,"01598M01:21:42.041","01598 00:34:34",217.59,869.89,,,,"     ",5.10,93.84,4.52
1598,539313012,"01598M01:21:43.015","01598 00:34:35",217.60,869.93,,,,"     ",5.10,93.40,4.50
1598,539313013,"01598M01:21:43.988","01598 00:34:36",217.61,869.85,,,,"     ",5.10,93.49,4.50
1598,539313014,"01598M01:21:44.961","01598 00:34:37",217.64,869.83,,,,"     ",5.10,93.56,4.50
1598,539313015,"01598M01:21:45.934","01598 00:34:38",217.66,869.82,,,,"     ",5.10,93.37,4.49
1598,539313016,"01598M01:21:46.908","01598 00:34:39",217.69,869.79,,,,"     ",5.10,93.55,4.50
1598,539313017,"01598M01:21:47.881","01598 00:34:40",217.73,869.77,,,,"     ",5.10,93.28,4.49
1598,539313018,"01598M01:21:48.854","01598 00:34:41",217.76,869.79,,,,"     ",5.10,93.58,4.50
1598,539313019,"01598M01:21:49.827","01598 00:34:42",217.79,869.87,,,,"     ",5.10,93.57,4.50
1598,539313020,"01598M01:21:50.801","01598 00:34:43",217.82,869.90,,,,"     ",5.10,93.60,4.50
1598,539313021,"01598M01:21:51.774","01598 00:34:44",217.84,869.95,,,,"     ",5.10,93.59,4.50
1598,539313022,"01598M01:21:52.747","01598 00:34:45",217.86,869.82,,,,"     ",5.10,93.56,4.50
1598,539313023,"01598M01:21:53.720","01598 00:34:46",217.87,869.86,,,,"     ",5.10,93.50,4.49
1598,539313024,"01598M01:21:54.694","01598 00:34:47",217.88,869.78,,,,"     ",5.10,94.02,4.52
1598,539313025,"01598M01:21:55.667","01598 00:34:48",217.88,869.81,,,,"     ",5.10,93.89,4.51
1598,539313026,"01598M01:21:56.640","01598 00:34:49",217.88,869.82,,,,"     ",5.10,93.56,4.49
1598,539313027,"01598M01:21:57.613","01598 00:34:50",217.87,869.92,,,,"     ",5.10,93.91,4.51
1598,539313028,"01598M01:21:58.587","01598 00:34:51",217.86,869.85,,,,"     ",5.10,93.55,4.49
1598,539313029,"01598M01:21:59.560","01598 00:34:52",217.84,869.89,,,,"     ",5.10,94.18,4.52
1598,539313030,"01598M01:22:00.533","01598 00:34:53",217.83,869.90,,,,"     ",5.10,93.72,4.50
1598,539313031,"01598M01:22:01.506","01598 00:34:54",217.82,869.86,,,,"     ",5.10,93.72,4.50
1598,539313032,"01598M01:22:02.480","01598 00:34:55",217.82,869.80,,,,"     ",5.10,93.69,4.50
1598,539313033,"01598M01:22:03.453","01598 00:34:56",217.81,869.93,,,,"     ",5.10,93.40,4.48
1598,539313034,"01598M01:22:04.426","01598 00:34:57",217.81,869.90,,,,"     ",5.10,93.53,4.49
1598,539313035,"01598M01:22:05.399","01598 00:34:58",217.81,869.84,,,,"     ",5.10,94.11,4.52
1598,539313036,"01598M01:22:06.373","01598 00:34:58",217.81,869.84,,,,"     ",5.10,93.53,4.49
1598,539313037,"01598M01:22:07.346","01598 00:34:59",217.82,869.81,,,,"     ",5.10,94.02,4.51
1598,539313038,"01598M01:22:08.319","01598 00:35:00",217.83,869.88,,,,"     ",5.10,93.95,4.51
1598,539313039,"01598M01:22:09.292","01598 00:35:01",217.85,869.86,,,,"     ",5.10,93.77,4.50
1598,539313040,"01598M01:22:10.266","01598 00:35:02",217.88,869.82,,,,"     ",5.10,93.98,4.51
1598,539313041,"01598M01:22:11.239","01598 00:35:03",217.90,869.74,,,,"     ",5.10,93.95,4.50
1598,539313042,"01598M01:22:12.212","01598 00:35:04",217.91,869.79,,,,"     ",5.10,94.01,4.50
1598,539313043,"01598M01:22:13.185","01598 00:35:05",217.93,869.87,,,,"     ",5.10,93.97,4.50
1598,539313044,"01598M01:22:14.159","01598 00:35:06",217.95,869.98,,,,"     ",5.10,94.17,4.51
1598,539313045,"01598M01:22:15.132","01598 00:35:07",217.97,869.95,,,,"     ",5.10,94.17,4.51
1598,539313046,"01598M01:22:16.105","01598 00:35:08",217.99,869.90,,,,"     ",5.10,94.23,4.51
1598,539313047,"01598M01:22:17.078","01598 00:35:09",218.01,869.81,,,,"     ",5.10,94.33,4.52
1598,539313048,"01598M01:22:18.052","01598 00:35:10",218.02,869.88,,,,"     ",5.10,94.25,4.51
1598,539313049,"01598M01:22:19.025","01598 00:35:11",218.03,869.78,,,,"     ",5.10,94.51,4.52
1598,539313050,"01598M01:22:19.998","01598 00:35:12",218.03,869.83,,,,"     ",5.10,93.83,4.49
1598,539313051,"01598M01:22:20.971","01598 00:35:13",218.02,869.90,,,,"     ",5.10,94.52,4.52
1598,539313052,"01598M01:22:21.945","01598 00:35:14",218.01,869.74,,,,"     ",5.10,94.41,4.52
1598,539313053,"01598M01:22:22.918","01598 00:35:15",218.01,869.78,,,,"     ",5.10,94.80,4.53
1598,539313054,"01598M01:22:23.891","01598 00:35:16",218.03,869.72,,,,"     ",5.10,94.96,4.54
1598,539313055,"01598M01:22:24.864","01598 00:35:17",218.07,869.79,,,,"     ",5.10,94.79,4.53
1598,539313056,"01598M01:22:25.838","01598 00:35:18",218.12,869.81,,,,"     ",5.10,94.69,4.53
1598,539313057,"01598M01:22:26.811","01598 00:35:19",218.18,869.79,,,,"     ",5.10,95.74,4.58
1598,539313058,"01598M01:22:27.784","01598 00:35:20",218.24,869.72,,,,"     ",5.10,95.13,4.55
1598,539313059,"01598M01:22:28.757","01598 00:35:21",218.31,869.78,,,,"     ",5.10,95.57,4.56
1598,539313060,"01598M01:22:29.731","01598 00:35:22",218.37,869.70,,,,"     ",5.10,95.46,4.56
1598,539313061,"01598M01:22:30.704","01598 00:35:23",218.42,869.83,,,,"     ",5.10,95.84,4.58
1598,539313062,"01598M01:22:31.677","01598 00:35:24",218.45,869.86,,,,"     ",5.10,96.30,4.60
1598,539313063,"01598M01:22:32.650","01598 00:35:25",218.47,869.87,,,,"     ",5.10,96.20,4.59
1598,539313064,"01598M01:22:33.624","01598 00:35:26",218.48,869.83,,,,"     ",5.10,96.38,4.60
1598,539313065,"01598M01:22:34.597","01598 00:35:27",218.47,869.81,,,,"     ",5.10,96.35,4.59
1598,539313066,"01598M01:22:35.570","01598 00:35:28",218.47,869.84,,,,"     ",5.10,96.04,4.58
1598,539313067,"01598M01:22:36.543","01598 00:35:29",218.47,869.82,,,,"     ",5.10,96.86,4.61
1598,539313068,"01598M01:22:37.517","01598 00:35:30",218.47,869.93,,,,"     ",5.10,96.50,4.60
1598,539313069,"01598M01:22:38.490","01598 00:35:31",218.47,869.92,,,,"     ",5.10,96.96,4.62
1598,539313070,"01598M01:22:39.463","01598 00:35:32",218.48,869.83,,,,"     ",5.10,96.72,4.60
1598,539313071,"01598M01:22:40.436","01598 00:35:33",218.48,869.85,,,,"     ",5.10,96.61,4.60
1598,539313072,"01598M01:22:41.410","01598 00:35:34",218.48,870.00,,,,"     ",5.10,97.00,4.61
1598,539313073,"01598M01:22:42.383","01598 00:35:35",218.47,869.93,,,,"     ",5.10,96.74,4.60
1598,539313074,"01598M01:22:43.356","01598 00:35:35",218.45,870.02,,,,"     ",5.10,96.95,4.61
1598,539313075,"01598M01:22:44.330","01598 00:35:36",218.42,870.00,,,,"     ",5.10,97.16,4.62
1598,539313076,"01598M01:22:45.303","01598 00:35:37",218.39,870.00,,,,"     ",5.10,96.79,4.60
1598,539313077,"01598M01:22:46.276","01598 00:35:38",218.35,869.93,,,,"     ",5.10,96.85,4.60
1598,539313078,"01598M01:22:47.249","01598 00:35:39",218.31,869.90,,,,"     ",5.10,96.81,4.59
1598,539313079,"01598M01:22:48.223","01598 00:35:40",218.29,869.92,,,,"     ",5.10,96.99,4.60
1598,539313080,"01598M01:22:49.196","01598 00:35:41",218.27,869.89,,,,"     ",5.10,96.65,4.58
1598,539313081,"01598M01:22:50.169","01598 00:35:42",218.27,869.88,,,,"     ",5.10,97.17,4.61
1598,539313082,"01598M01:22:51.142","01598 00:35:43",218.28,869.88,,,,"     ",5.10,97.73,4.63
1598,539313083,"01598M01:22:52.116","01598 00:35:44",218.30,869.95,,,,"     ",5.10,97.07,4.60
1598,539313084,"01598M01:22:53.089","01598 00:35:45",218.33,869.95,,,,"     ",5.10,97.06,4.60
1598,539313085,"01598M01:22:54.062","01598 00:35:46",218.36,869.94,,,,"     ",5.10,97.30,4.61
1598,539313086,"01598M01:22:55.035","01598 00:35:47",218.38,869.85,,,,"     ",5.10,97.12,4.60
1598,539313087,"01598M01:22:56.009","01598 00:35:48",218.39,870.00,,,,"     ",5.10,97.01,4.59
1598,539313088,"01598M01:22:56.982","01598 00:35:49",218.40,869.89,,,,"     ",5.10,97.98,4.64
1598,539313089,"01598M01:22:57.955","01598 00:35:50",218.41,869.92,,,,"     ",5.10,96.94,4.59
1598,539313090,"01598M01:22:58.928","01598 00:35:51",218.42,869.88,,,,"     ",5.10,96.98,4.59
1598,539313091,"01598M01:22:59.902","01598 00:35:52",218.44,869.83,,,,"     ",5.10,97.79,4.62
1598,539313092,"01598M01:23:00.875","01598 00:35:53",218.48,869.89,,,,"     ",5.10,97.62,4.62
1598,539313093,"01598M01:23:01.848","01598 00:35:54",218.52,869.90,,,,"     ",5.10,97.80,4.62
1598,539313094,"01598M01:23:02.821","01598 00:35:55",218.56,869.83,,,,"     ",5.10,98.39,4.65
1598,539313095,"01598M01:23:03.795","01598 00:35:56",218.61,869.94,,,,"     ",5.10,98.23,4.64
1598,539313096,"01598M01:23:04.768","01598 00:35:57",218.64,869.86,,,,"     ",5.10,97.82,4.62
1598,539313097,"01598M01:23:05.741","01598 00:35:58",218.67,869.97,,,,"     ",5.10,97.84,4.62
1598,539313098,"01598M01:23:06.714","01598 00:35:59",218.68,869.92,,,,"     ",5.10,98.18,4.63
1598,539313099,"01598M01:23:07.688","01598 00:36:00",218.67,869.98,,,,"     ",5.10,97.96,4.62
1598,539313100,"01598M01:23:08.661","01598 00:36:01",218.64,870.07,,,,"     ",5.10,98.18,4.63
1598,539313101,"01598M01:23:09.634","01598 00:36:02",218.60,870.03,,,,"     ",5.10,97.94,4.62
1598,539313102,"01598M01:23:10.607","01598 00:36:03",218.54,870.06,,,,"     ",5.10,97.28,4.59
1598,539313103,"01598M01:23:11.581","01598 00:36:04",218.47,870.01,,,,"     ",5.10,98.28,4.63
1598,539313104,"01598M01:23:12.554","01598 00:36:05",218.40,869.94,,,,"     ",5.10,98.28,4.63
1598,539313105,"01598M01:23:13.527","01598 00:36:06",218.34,869.90,,,,"     ",5.10,97.59,4.60
1598,539313106,"01598M01:23:14.500","01598 00:36:07",218.29,869.90,,,,"     ",5.10,97.55,4.59
1598,539313107,"01598M01:23:15.474","01598 00:36:08",218.26,869.99,,,,"     ",5.10,97.94,4.61
1598,539313108,"01598M01:23:16.447","01598 00:36:09",218.24,869.98,,,,"     ",5.10,97.88,4.61
1598,539313109,"01598M01:23:17.420","01598 00:36:10",218.23,869.91,,,,"     ",5.10,97.82,4.60
1598,539313110,"01598M01:23:18.393","01598 00:36:11",218.23,870.01,,,,"     ",5.10,97.77,4.60
1598,539313111,"01598M01:23:19.367","01598 00:36:11",218.24,869.91,,,,"     ",5.10,97.82,4.60
1598,539313112,"01598M01:23:20.340","01598 00:36:12",218.26,869.87,,,,"     ",5.10,98.17,4.62
1598,539313113,"01598M01:23:21.313","01598 00:36:13",218.28,869.88,,,,"     ",5.10,97.72,4.60
1598,539313114,"01598M01:23:22.286","01598 00:36:14",218.31,869.96,,,,"     ",5.10,97.53,4.59
1598,539313115,"01598M01:23:23.260","01598 00:36:15",218.35,869.86,,,,"     ",5.10,98.04,4.61
1598,539313116,"01598M01:23:24.233","01598 00:36:16",218.39,869.81,,,,"     ",5.10,98.13,4.61
1598,539313117,"01598M01:23:25.206","01598 00:36:17",218.44,869.84,,,,"     ",5.10,97.62,4.59
1598,539313118,"01598M01:23:26.179","01598 00:36:18",218.49,869.92,,,,"     ",5.10,98.55,4.63
1598,539313119,"01598M01:23:27.153","01598 00:36:19",218.55,869.98,,,,"     ",5.10,98.76,4.64
1598,539313120,"01598M01:23:28.126","01598 00:36:20",218.60,869.92,,,,"     ",5.10,97.95,4.60
1598,539313121,"01598M01:23:29.099","01598 00:36:21",218.65,869.93,,,,"     ",5.10,98.50,4.63
1598,539313122,"01598M01:23:30.072","01598 00:36:22",218.69,869.98,,,,"     ",5.10,98.69,4.64
1598,539313123,"01598M01:23:31.046","01598 00:36:23",218.71,869.91,,,,"     ",5.10,98.09,4.60
1598,539313124,"01598M01:23:32.019","01598 00:36:24",218.73,869.94,,,,"     ",5.10,98.90,4.64
1598,539313125,"01598M01:23:32.992","01598 00:36:25",218.73,869.89,,,,"     ",5.10,98.40,4.62
1598,539313126,"01598M01:23:33.965","01598 00:36:26",218.72,869.86,,,,"     ",5.10,98.09,4.60
1598,539313127,"01598M01:23:34.939","01598 00:36:27",218.70,869.95,,,,"     ",5.10,98.39,4.62
1598,539313128,"01598M01:23:35.912","01598 00:36:28",218.68,869.93,,,,"     ",5.10,98.58,4.63
1598,539313129,"01598M01:23:36.885","01598 00:36:29",218.65,869.94,,,,"     ",5.10,98.23,4.61
1598,539313130,"01598M01:23:37.858","01598 00:36:30",218.62,869.98,,,,"     ",5.10,98.34,4.61
1598,539313131,"01598M01:23:38.832","01598 00:36:31",218.58,869.90,,,,"     ",5.10,98.98,4.64
1598,539313132,"01598M01:23:39.805","01598 00:36:32",218.53,869.96,,,,"     ",5.10,98.47,4.62
1598,539313133,"01598M01:23:40.778","01598 00:36:33",218.49,869.91,,,,"     ",5.10,98.48,4.62
1598,539313134,"01598M01:23:41.751","01598 00:36:34",218.45,869.85,,,,"     ",5.10,98.41,4.61
1598,539313135,"01598M01:23:42.725","01598 00:36:35",218.42,870.00,,,,"     ",5.10,98.46,4.61
1598,539313136,"01598M01:23:43.698","01598 00:36:36",218.39,869.89,,,,"     ",5.10,98.46,4.61
1598,539313137,"01598M01:23:44.671","01598 00:36:37",218.36,869.99,,,,"     ",5.10,98.98,4.64
1598,539313138,"01598M01:23:45.644","01598 00:36:38",218.34,870.01,,,,"     ",5.10,97.73,4.58
1598,539313139,"01598M01:23:46.618","01598 00:36:39",218.33,870.01,,,,"     ",5.10,98.51,4.61
1598,539313140,"01598M01:23:47.591","01598 00:36:40",218.32,869.96,,,,"     ",5.10,98.42,4.61
1598,539313141,"01598M01:23:48.564","01598 00:36:41",218.31,869.87,,,,"     ",5.10,98.49,4.61
1598,539313142,"01598M01:23:49.537","01598 00:36:42",218.30,869.88,,,,"     ",5.10,98.08,4.59
1598,539313143,"01598M01:23:50.511","01598 00:36:43",218.29,869.89,,,,"     ",5.10,99.26,4.65
1598,539313144,"01598M01:23:51.484","01598 00:36:44",218.27,869.88,,,,"     ",5.10,98.73,4.62
1598,539313145,"01598M01:23:52.457","01598 00:36:45",218.25,869.97,,,,"     ",5.10,98.79,4.62
1598,539313146,"01598M01:23:53.431","01598 00:36:46",218.22,869.87,,,,"     ",5.10,98.79,4.62
1598,539313147,"01598M01:23:54.404","01598 00:36:47",218.20,869.93,,,,"     ",5.10,98.62,4.61
1598,539313148,"01598M01:23:55.377","01598 00:36:47",218.17,869.88,,,,"     ",5.10,98.62,4.61
1598,539313149,"01598M01:23:56.350","01598 00:36:48",218.16,869.92,,,,"     ",5.10,98.37,4.60
1598,539313150,"01598M01:23:57.324","01598 00:36:49",218.15,870.00,,,,"     ",5.10,98.39,4.60
1598,539313151,"01598M01:23:58.297","01598 00:36:50",218.16,869.98,,,,"     ",5.10,98.68,4.61
1598,539313152,"01598M01:23:59.270","01598 00:36:51",218.17,869.87,,,,"     ",5.10,98.21,4.59
1598,539313153,"01598M01:24:00.243","01598 00:36:52",218.17,870.02,,,,"     ",5.10,98.75,4.62
1598,539313154,"01598M01:24:01.217","01598 00:36:53",218.17,869.99,,,,"     ",5.10,99.05,4.63
1598,539313155,"01598M01:24:02.190","01598 00:36:54",218.16,869.95,,,,"     ",5.10,98.55,4.61
1598,539313156,"01598M01:24:03.163","01598 00:36:55",218.14,869.98,,,,"     ",5.10,98.35,4.60
1598,539313157,"01598M01:24:04.136","01598 00:36:56",218.11,870.00,,,,"     ",5.10,98.74,4.61
1598,539313158,"01598M01:24:05.110","01598 00:36:57",218.08,869.97,,,,"     ",5.10,98.38,4.60
1598,539313159,"01598M01:24:06.083","01598 00:36:58",218.04,869.97,,,,"     ",5.10,98.72,4.61
1598,539313160,"01598M01:24:07.056","01598 00:36:59",218.00,869.93,,,,"     ",5.10,98.69,4.61
1598,539313161,"01598M01:24:08.029","01598 00:37:00",217.97,870.01,,,,"     ",5.10,97.93,4.57
1598,539313162,"01598M01:24:09.003","01598 00:37:01",217.95,870.03,,,,"     ",5.10,98.02,4.58
1598,539313163,"01598M01:24:09.976","01598 00:37:02",217.93,870.02,,,,"     ",5.10,97.55,4.56
1598,539313164,"01598M01:24:10.949","01598 00:37:03",217.92,869.92,,,,"     ",5.10,97.72,4.56
1598,539313165,"01598M01:24:11.922","01598 00:37:04",217.90,869.99,,,,"     ",5.10,97.74,4.56
1598,539313166,"01598M01:24:12.896","01598 00:37:05",217.88,869.99,,,,"     ",5.10,97.64,4.56
1598,539313167,"01598M01:24:13.869","01598 00:37:06",217.86,869.96,,,,"     ",5.10,97.40,4.55
1598,539313168,"01598M01:24:14.842","01598 00:37:07",217.84,870.00,,,,"     ",5.10,97.27,4.54
1598,539313169,"01598M01:24:15.815","01598 00:37:08",217.81,869.98,,,,"     ",5.10,97.27,4.54
1598,539313170,"01598M01:24:16.789","01598 00:37:09",217.78,869.96,,,,"     ",5.10,97.02,4.53
1598,539313171,"01598M01:24:17.762","01598 00:37:10",217.76,869.92,,,,"     ",5.10,97.97,4.58
1598,539313172,"01598M01:24:18.735","01598 00:37:11",217.75,869.93,,,,"     ",5.10,97.58,4.56
1598,539313173,"01598M01:24:19.708","01598 00:37:12",217.75,869.91,,,,"     ",5.10,97.22,4.54
1598,539313174,"01598M01:24:20.682","01598 00:37:13",217.77,869.74,,,,"     ",5.10,97.08,4.53
1598,539313175,"01598M01:24:21.655","01598 00:37:14",217.80,869.79,,,,"     ",5.10,97.30,4.54
1598,539313176,"01598M01:24:22.628","01598 00:37:15",217.82,869.80,,,,"     ",5.10,97.52,4.55
1598,539313177,"01598M01:24:23.601","01598 00:37:16",217.85,869.68,,,,"     ",5.10,97.73,4.57
1598,539313178,"01598M01:24:24.575","01598 00:37:17",217.87,869.78,,,,"     ",5.10,97.49,4.55
1598,539313179,"01598M01:24:25.548","01598 00:37:18",217.87,869.83,,,,"     ",5.10,97.67,4.56
1598,539313180,"01598M01:24:26.521","01598 00:37:19",217.87,869.96,,,,"     ",5.10,97.60,4.56
1598,539313181,"01598M01:24:27.494","01598 00:37:20",217.85,870.03,,,,"     ",5.10,97.99,4.58
1598,539313182,"01598M01:24:28.468","01598 00:37:21",217.82,869.95,,,,"     ",5.10,97.72,4.57
1598,539313183,"01598M01:24:29.441","01598 00:37:22",217.78,869.97,,,,"     ",5.10,98.00,4.58
1598,539313184,"01598M01:24:30.414","01598 00:37:23",217.73,869.86,,,,"     ",5.10,97.79,4.57
1598,539313185,"01598M01:24:31.387","01598 00:37:23",217.67,869.81,,,,"     ",5.10,97.59,4.56
1598,539313186,"01598M01:24:32.361","01598 00:37:24",217.60,869.88,,,,"     ",5.10,97.54,4.56
1598,539313187,"01598M01:24:33.334","01598 00:37:25",217.53,869.90,,,,"     ",5.10,97.72,4.57
1598,539313188,"01598M01:24:34.307","01598 00:37:26",217.47,869.82,,,,"     ",5.10,97.78,4.57
1598,539313189,"01598M01:24:35.280","01598 00:37:27",217.40,869.83,,,,"     ",5.10,97.36,4.55
1598,539313190,"01598M01:24:36.254","01598 00:37:28",217.34,869.77,,,,"     ",5.10,97.62,4.56
1598,539313191,"01598M01:24:37.227","01598 00:37:29",217.28,869.73,,,,"     ",5.10,97.87,4.57
1598,539313192,"01598M01:24:38.200","01598 00:37:30",217.22,869.70,,,,"     ",5.10,97.75,4.57
1598,539313193,"01598M01:24:39.173","01598 00:37:31",217.17,869.77,,,,"     ",5.10,97.71,4.57
1598,539313194,"01598M01:24:40.147","01598 00:37:32",217.13,869.73,,,,"     ",5.10,97.15,4.54
1598,539313195,"01598M01:24:41.120","01598 00:37:33",217.11,869.81,,,,"     ",5.10,97.81,4.57
1598,539313196,"01598M01:24:42.093","01598 00:37:34",217.10,869.76,,,,"     ",5.10,97.22,4.54
1598,539313197,"01598M01:24:43.066","01598 00:37:35",217.11,869.77,,,,"     ",5.10,97.79,4.57
1598,539313198,"01598M01:24:44.040","01598 00:37:36",217.12,869.78,,,,"     ",5.10,97.96,4.58
1598,539313199,"01598M01:24:45.013","01598 00:37:37",217.12,869.90,,,,"     ",5.10,97.92,4.58
1598,539313200,"01598M01:24:45.986","01598 00:37:38",217.12,869.90,,,,"     ",5.10,97.02,4.54
1598,539313201,"01598M01:24:46.959","01598 00:37:39",217.10,869.91,,,,"     ",5.10,97.15,4.54
1598,539313202,"01598M01:24:47.933","01598 00:37:40",217.08,869.84,,,,"     ",5.10,97.22,4.54
1598,539313203,"01598M01:24:48.906","01598 00:37:41",217.05,869.80,,,,"     ",5.10,96.88,4.53
1598,539313204,"01598M01:24:49.879","01598 00:37:42",217.02,869.84,,,,"     ",5.10,97.33,4.55
1598,539313205,"01598M01:24:50.852","01598 00:37:43",216.99,869.91,,,,"     ",5.10,97.37,4.55
1598,539313206,"01598M01:24:51.826","01598 00:37:44",216.96,869.94,,,,"     ",5.10,97.09,4.54
1598,539313207,"01598M01:24:52.799","01598 00:37:45",216.93,869.88,,,,"     ",5.10,97.66,4.57
1598,539313208,"01598M01:24:53.772","01598 00:37:46",216.91,869.81,,,,"     ",5.10,97.14,4.54
1598,539313209,"01598M01:24:54.745","01598 00:37:47",216.89,869.82,,,,"     ",5.10,97.51,4.56
1598,539313210,"01598M01:24:55.719","01598 00:37:48",216.88,869.78,,,,"     ",5.10,97.52,4.56
1598,539313211,"01598M01:24:56.692","01598 00:37:49",216.87,869.82,,,,"     ",5.10,97.58,4.57
1598,539313212,"01598M01:24:57.665","01598 00:37:50",216.86,869.83,,,,"     ",5.10,97.12,4.55
1598,539313213,"01598M01:24:58.638","01598 00:37:51",216.84,869.80,,,,"     ",5.10,97.09,4.54
1598,539313214,"01598M01:24:59.612","01598 00:37:52",216.83,869.85,,,,"     ",5.10,96.89,4.54
1598,539313215,"01598M01:25:00.585","01598 00:37:53",216.81,869.86,,,,"     ",5.10,96.83,4.53
1598,539313216,"01598M01:25:01.558","01598 00:37:54",216.80,869.91,,,,"     ",5.10,97.10,4.55
1598,539313217,"01598M01:25:02.531","01598 00:37:55",216.80,869.87,,,,"     ",5.10,97.50,4.57
1598,539313218,"01598M01:25:03.505","01598 00:37:56",216.80,869.85,,,,"     ",5.10,96.78,4.53
1598,539313219,"01598M01:25:04.478","01598 00:37:57",216.81,869.86,,,,"     ",5.10,96.80,4.53
1598,539313220,"01598M01:25:05.451","01598 00:37:58",216.80,869.85,,,,"     ",5.10,96.62,4.53
1598,539313221,"01598M01:25:06.425","01598 00:37:59",216.80,869.88,,,,"     ",5.10,96.09,4.50
1598,539313222,"01598M01:25:07.398","01598 00:37:59",216.78,869.85,,,,"     ",5.10,96.38,4.51
1598,539313223,"01598M01:25:08.371","01598 00:38:00",216.76,869.91,,,,"     ",5.10,96.84,4.54
1598,539313224,"01598M01:25:09.344","01598 00:38:01",216.73,869.84,,,,"     ",5.10,96.35,4.52
1598,539313225,"01598M01:25:10.318","01598 00:38:02",216.70,869.75,,,,"     ",5.10,96.02,4.50
1598,539313226,"01598M01:25:11.291","01598 00:38:03",216.68,869.82,,,,"     ",5.10,96.48,4.52
1598,539313227,"01598M01:25:12.264","01598 00:38:04",216.66,869.82,,,,"     ",5.10,95.92,4.50
1598,539313228,"01598M01:25:13.237","01598 00:38:05",216.65,869.86,,,,"     ",5.10,96.54,4.53
1598,539313229,"01598M01:25:14.211","01598 00:38:06",216.63,869.83,,,,"     ",5.10,96.52,4.53
1598,539313230,"01598M01:25:15.184","01598 00:38:07",216.62,869.86,,,,"     ",5.10,95.67,4.48
1598,539313231,"01598M01:25:16.157","01598 00:38:08",216.61,869.84,,,,"     ",5.10,96.33,4.52
1598,539313232,"01598M01:25:17.130","01598 00:38:09",216.61,869.86,,,,"     ",5.10,95.95,4.50
1598,539313233,"01598M01:25:18.104","01598 00:38:10",216.60,869.79,,,,"     ",5.10,95.78,4.49
1598,539313234,"01598M01:25:19.077","01598 00:38:11",216.59,869.75,,,,"     ",5.10,95.72,4.49
1598,539313235,"01598M01:25:20.050","01598 00:38:12",216.58,869.73,,,,"     ",5.10,96.32,4.52
1598,539313236,"01598M01:25:21.023","01598 00:38:13",216.55,869.74,,,,"     ",5.10,95.67,4.49
1598,539313237,"01598M01:25:21.997","01598 00:38:14",216.51,869.79,,,,"     ",5.10,95.66,4.49
1598,539313238,"01598M01:25:22.970","01598 00:38:15",216.47,869.67,,,,"     ",5.10,95.43,4.48
1598,539313239,"01598M01:25:23.943","01598 00:38:16",216.43,869.69,,,,"     ",5.10,95.24,4.47
1598,539313240,"01598M01:25:24.916","01598 00:38:17",216.40,869.75,,,,"     ",5.10,95.98,4.51
1598,539313241,"01598M01:25:25.890","01598 00:38:18",216.36,869.64,,,,"     ",5.10,95.99,4.51
1598,539313242,"01598M01:25:26.863","01598 00:38:19",216.33,869.72,,,,"     ",5.10,95.75,4.50
1598,539313243,"01598M01:25:27.836","01598 00:38:20",216.30,869.67,,,,"     ",5.10,95.66,4.49
1598,539313244,"01598M01:25:28.809","01598 00:38:21",216.27,869.60,,,,"     ",5.10,95.42,4.48
1598,539313245,"01598M01:25:29.783","01598 00:38:22",216.24,869.68,,,,"     ",5.10,95.47,4.48
1598,539313246,"01598M01:25:30.756","01598 00:38:23",216.21,869.76,,,,"     ",5.10,95.22,4.47
1598,539313247,"01598M01:25:31.729","01598 00:38:24",216.18,869.62,,,,"     ",5.10,95.48,4.49
1598,539313248,"01598M01:25:32.702","01598 00:38:25",216.15,869.68,,,,"     ",5.10,95.43,4.48
1598,539313249,"01598M01:25:33.676","01598 00:38:26",216.12,869.71,,,,"     ",5.10,95.82,4.50
1598,539313250,"01598M01:25:34.649","01598 00:38:27",216.09,869.83,,,,"     ",5.10,95.01,4.47
1598,539313251,"01598M01:25:35.622","01598 00:38:28",216.07,869.70,,,,"     ",5.10,95.89,4.51
1598,539313252,"01598M01:25:36.595","01598 00:38:29",216.04,869.87,,,,"     ",5.10,95.50,4.49
1598,539313253,"01598M01:25:37.569","01598 00:38:30",216.02,869.79,,,,"     ",5.10,95.29,4.48
1598,539313254,"01598M01:25:38.542","01598 00:38:31",216.00,869.71,,,,"     ",5.10,95.09,4.47
1598,539313255,"01598M01:25:39.515","01598 00:38:32",215.98,869.73,,,,"     ",5.10,95.32,4.48
1598,539313256,"01598M01:25:40.488","01598 00:38:33",215.74,869.72,,,,"     ",5.10,95.50,4.49
1598,539313257,"01598M01:25:41.462","01598 00:38:34",215.75,869.65,,,,"     ",5.10,94.79,4.46
1598,539313258,"01598M01:25:42.435","01598 00:38:35",215.75,869.76,,,,"     ",5.10,94.91,4.47
1598,539313259,"01598M01:25:43.408","01598 00:38:35",215.75,869.74,,,,"     ",5.10,95.09,4.48
1598,539313260,"01598M01:25:44.381","01598 00:38:36",215.76,869.75,,,,"     ",5.10,94.78,4.46
1598,539313261,"01598M01:25:45.355","01598 00:38:37",215.76,869.76,,,,"     ",5.10,95.04,4.48
1598,539313262,"01598M01:25:46.328","01598 00:38:38",215.76,869.76,,,,"     ",5.10,94.91,4.47
1598,539313263,"01598M01:25:47.301","01598 00:38:39",215.76,869.78,,,,"     ",5.10,95.17,4.48
1598,539313264,"01598M01:25:48.274","01598 00:38:40",215.76,869.69,,,,"     ",5.10,94.49,4.45
1598,539313265,"01598M01:25:49.248","01598 00:38:41",215.75,869.76,,,,"     ",5.10,94.78,4.46
1598,539313266,"01598M01:25:50.221","01598 00:38:42",215.75,869.74,,,,"     ",5.10,95.02,4.48
1598,539313267,"01598M01:25:51.194","01598 00:38:43",215.74,869.72,,,,"     ",5.10,94.85,4.47
1598,539313268,"01598M01:25:52.167","01598 00:38:44",215.74,869.78,,,,"     ",5.10,95.24,4.49
1598,539313269,"01598M01:25:53.141","01598 00:38:45",215.73,869.74,,,,"     ",5.10,94.87,4.47
1598,539313270,"01598M01:25:54.114","01598 00:38:46",215.72,869.70,,,,"     ",5.10,94.66,4.46
1598,539313271,"01598M01:25:55.087","01598 00:38:47",215.71,869.78,,,,"     ",5.10,94.78,4.47
1598,539313272,"01598M01:25:56.060","01598 00:38:48",215.71,869.74,,,,"     ",5.10,94.33,4.45
1598,539313273,"01598M01:25:57.034","01598 00:38:49",215.70,869.73,,,,"     ",5.10,95.01,4.48
1598,539313274,"01598M01:25:58.007","01598 00:38:50",215.69,869.70,,,,"     ",5.10,94.05,4.43
1598,539313275,"01598M01:25:58.980","01598 00:38:51",215.68,869.67,,,,"     ",5.10,94.43,4.45
1598,539313276,"01598M01:25:59.953","01598 00:38:52",215.67,869.65,,,,"     ",5.10,94.44,4.45
1598,539313277,"01598M01:26:00.927","01598 00:38:53",215.64,869.63,,,,"     ",5.10,94.65,4.46
1598,539313278,"01598M01:26:01.900","01598 00:38:54",215.62,869.62,,,,"     ",5.10,94.22,4.44
1598,539313279,"01598M01:26:02.873","01598 00:38:55",215.60,869.66,,,,"     ",5.10,95.09,4.49
1598,539313280,"01598M01:26:03.846","01598 00:38:56",215.59,869.71,,,,"     ",5.10,94.31,4.45
1598,539313281,"01598M01:26:04.820","01598 00:38:57",215.56,869.70,,,,"     ",5.10,93.63,4.42
1598,539313282,"01598M01:26:05.793","01598 00:38:58",215.54,869.73,,,,"     ",5.10,93.42,4.41
1598,539313283,"01598M01:26:06.766","01598 00:38:59",215.52,869.67,,,,"     ",5.10,93.98,4.44
1598,539313284,"01598M01:26:07.739","01598 00:39:00",215.48,869.73,,,,"     ",5.10,93.59,4.42
1598,539313285,"01598M01:26:08.713","01598 00:39:01",215.44,869.71,,,,"     ",5.10,93.66,4.42
1598,539313286,"01598M01:26:09.686","01598 00:39:02",215.40,869.75,,,,"     ",5.10,93.91,4.43
1598,539313287,"01598M01:26:10.659","01598 00:39:03",215.36,869.73,,,,"     ",5.10,94.04,4.44
1598,539313288,"01598M01:26:11.632","01598 00:39:04",215.35,869.80,,,,"     ",5.10,93.98,4.44
1598,539313289,"01598M01:26:12.606","01598 00:39:05",215.35,869.73,,,,"     ",5.10,94.26,4.45
1598,539313290,"01598M01:26:13.579","01598 00:39:06",215.36,869.76,,,,"     ",5.10,93.98,4.44
1598,539313291,"01598M01:26:14.552","01598 00:39:07",215.38,869.86,,,,"     ",5.10,93.47,4.41
1598,539313292,"01598M01:26:15.526","01598 00:39:08",215.42,869.78,,,,"     ",5.10,93.89,4.44
1598,539313293,"01598M01:26:16.499","01598 00:39:09",215.45,869.78,,,,"     ",5.10,94.32,4.46
1598,539313294,"01598M01:26:17.472","01598 00:39:10",215.49,869.70,,,,"     ",5.10,93.99,4.44
1598,539313295,"01598M01:26:18.445","01598 00:39:11",215.52,869.66,,,,"     ",5.10,93.71,4.43
1598,539313296,"01598M01:26:19.419","01598 00:39:11",215.55,869.72,,,,"     ",5.10,93.65,4.43
1598,539313297,"01598M01:26:20.392","01598 00:39:12",215.57,869.70,,,,"     ",5.10,93.61,4.42
1598,539313298,"01598M01:26:21.365","01598 00:39:13",215.58,869.72,,,,"     ",5.10,93.01,4.39
1598,539313299,"01598M01:26:22.338","01598 00:39:14",215.59,869.69,,,,"     ",5.10,93.45,4.42
1598,539313300,"01598M01:26:23.312","01598 00:39:15",215.59,869.78,,,,"     ",5.10,93.75,4.43
1598,539313301,"01598M01:26:24.285","01598 00:39:16",215.59,869.72,,,,"     ",5.10,93.35,4.41
1598,539313302,"01598M01:26:25.258","01598 00:39:17",215.59,869.74,,,,"     ",5.10,93.39,4.41
1598,539313303,"01598M01:26:26.231","01598 00:39:18",215.60,869.71,,,,"     ",5.10,92.67,4.38
1598,539313304,"01598M01:26:27.205","01598 00:39:19",215.61,869.74,,,,"     ",5.10,92.77,4.39
1598,539313305,"01598M01:26:28.178","01598 00:39:20",215.62,869.70,,,,"     ",5.10,93.52,4.42
1598,539313306,"01598M01:26:29.151","01598 00:39:21",215.62,869.69,,,,"     ",5.10,93.06,4.40
1598,539313307,"01598M01:26:30.124","01598 00:39:22",215.61,869.71,,,,"     ",5.10,92.81,4.39
1598,539313308,"01598M01:26:31.098","01598 00:39:23",215.60,869.72,,,,"     ",5.10,93.49,4.42
1598,539313309,"01598M01:26:32.071","01598 00:39:24",215.58,869.82,,,,"     ",5.10,93.03,4.40
1598,539313310,"01598M01:26:33.044","01598 00:39:25",215.55,869.78,,,,"     ",5.10,93.05,4.40
1598,539313311,"01598M01:26:34.017","01598 00:39:26",215.53,869.76,,,,"     ",5.10,93.06,4.40
1598,539313312,"01598M01:26:34.991","01598 00:39:27",215.52,869.72,,,,"     ",5.10,93.12,4.40
1598,539313313,"01598M01:26:35.964","01598 00:39:28",215.51,869.87,,,,"     ",5.10,92.74,4.39
1598,539313314,"01598M01:26:36.937","01598 00:39:29",215.52,869.80,,,,"     ",5.10,93.00,4.40
1598,539313315,"01598M01:26:37.910","01598 00:39:30",215.55,869.76,,,,"     ",5.10,93.37,4.42
1598,539313316,"01598M01:26:38.884","01598 00:39:31",215.58,869.76,,,,"     ",5.10,92.72,4.39
1598,539313317,"01598M01:26:39.857","01598 00:39:32",215.62,869.73,,,,"     ",5.10,92.54,4.38
1598,539313318,"01598M01:26:40.830","01598 00:39:33",215.66,869.74,,,,"     ",5.10,92.91,4.40
1598,539313319,"01598M01:26:41.803","01598 00:39:34",215.70,869.74,,,,"     ",5.10,92.82,4.39
1598,539313320,"01598M01:26:42.777","01598 00:39:35",215.73,869.80,,,,"     ",5.10,93.28,4.42
1598,539313321,"01598M01:26:43.750","01598 00:39:36",215.76,869.83,,,,"     ",5.10,92.70,4.39
1598,539313322,"01598M01:26:44.723","01598 00:39:37",215.77,869.88,,,,"     ",5.10,92.97,4.40
1598,539313323,"01598M01:26:45.696","01598 00:39:38",215.79,869.80,,,,"     ",5.10,93.00,4.40
1598,539313324,"01598M01:26:46.670","01598 00:39:39",215.80,869.81,,,,"     ",5.10,93.22,4.42
1598,539313325,"01598M01:26:47.643","01598 00:39:40",215.81,869.78,,,,"     ",5.10,92.42,4.38
1598,539313326,"01598M01:26:48.616","01598 00:39:41",215.83,869.67,,,,"     ",5.10,92.96,4.40
1598,539313327,"01598M01:26:49.589","01598 00:39:42",215.84,869.66,,,,"     ",5.10,92.59,4.38
1598,539313328,"01598M01:26:50.563","01598 00:39:43",215.85,869.63,,,,"     ",5.10,93.24,4.41
1598,539313329,"01598M01:26:51.536","01598 00:39:44",215.84,869.63,,,,"     ",5.10,93.23,4.41
1598,539313330,"01598M01:26:52.509","01598 00:39:45",215.83,869.76,,,,"     ",5.10,93.07,4.41
1598,539313331,"01598M01:26:53.482","01598 00:39:46",215.81,869.63,,,,"     ",5.10,92.62,4.38
1598,539313332,"01598M01:26:54.456","01598 00:39:47",215.80,869.63,,,,"     ",5.10,93.17,4.41
1598,539313333,"01598M01:26:55.429","01598 00:39:47",215.80,869.78,,,,"     ",5.10,92.54,4.38
1598,539313334,"01598M01:26:56.402","01598 00:39:48",215.82,869.66,,,,"     ",5.10,92.46,4.38
1598,539313335,"01598M01:26:57.375","01598 00:39:49",215.84,869.73,,,,"     ",5.10,93.29,4.42
1598,539313336,"01598M01:26:58.349","01598 00:39:50",215.87,869.78,,,,"     ",5.10,93.47,4.43
1598,539313337,"01598M01:26:59.322","01598 00:39:51",215.92,869.73,,,,"     ",5.10,93.32,4.42
1598,539313338,"01598M01:27:00.295","01598 00:39:52",215.98,869.79,,,,"     ",5.10,92.90,4.40
1598,539313339,"01598M01:27:01.268","01598 00:39:53",216.05,869.78,,,,"     ",5.10,93.06,4.41
1598,539313340,"01598M01:27:02.242","01598 00:39:54",216.13,869.73,,,,"     ",5.10,93.35,4.42
1598,539313341,"01598M01:27:03.215","01598 00:39:55",216.21,869.69,,,,"     ",5.10,93.01,4.40
1598,539313342,"01598M01:27:04.188","01598 00:39:56",216.29,869.80,,,,"     ",5.10,92.96,4.40
1598,539313343,"01598M01:27:05.161","01598 00:39:57",216.37,869.80,,,,"     ",5.10,93.12,4.41
1598,539313344,"01598M01:27:06.135","01598 00:39:58",216.44,869.78,,,,"     ",5.10,92.58,4.38
1598,539313345,"01598M01:27:07.108","01598 00:39:59",216.51,869.67,,,,"     ",5.10,92.56,4.38
1598,539313346,"01598M01:27:08.081","01598 00:40:00",216.56,869.69,,,,"     ",5.10,92.56,4.37
1598,539313347,"01598M01:27:09.054","01598 00:40:01",216.60,869.72,,,,"     ",5.10,93.46,4.42
1598,539313348,"01598M01:27:10.028","01598 00:40:02",216.63,869.75,,,,"     ",5.10,92.86,4.39
1598,539313349,"01598M01:27:11.001","01598 00:40:03",216.65,869.82,,,,"     ",5.10,92.73,4.38
1598,539313350,"01598M01:27:11.974","01598 00:40:04",216.65,869.70,,,,"     ",5.10,92.65,4.38
1598,539313351,"01598M01:27:12.947","01598 00:40:05",216.64,869.83,,,,"     ",5.10,93.80,4.44
1598,539313352,"01598M01:27:13.921","01598 00:40:06",216.61,869.83,,,,"     ",5.10,92.97,4.39
1598,539313353,"01598M01:27:14.894","01598 00:40:07",216.56,869.88,,,,"     ",5.10,92.91,4.39
1598,539313354,"01598M01:27:15.867","01598 00:40:08",216.50,869.85,,,,"     ",5.10,93.08,4.40
1598,539313355,"01598M01:27:16.840","01598 00:40:09",216.42,869.74,,,,"     ",5.10,92.72,4.38
1598,539313356,"01598M01:27:17.814","01598 00:40:10",216.35,869.83,,,,"     ",5.10,93.09,4.40
1598,539313357,"01598M01:27:18.787","01598 00:40:11",216.27,869.85,,,,"     ",5.10,93.17,4.40
1598,539313358,"01598M01:27:19.760","01598 00:40:12",216.21,869.75,,,,"     ",5.10,92.68,4.38
1598,539313359,"01598M01:27:20.733","01598 00:40:13",216.16,869.82,,,,"     ",5.10,93.17,4.40
1598,539313360,"01598M01:27:21.707","01598 00:40:14",216.13,869.82,,,,"     ",5.10,92.64,4.37
1598,539313361,"01598M01:27:22.680","01598 00:40:15",216.12,869.84,,,,"     ",5.10,92.78,4.38
1598,539313362,"01598M01:27:23.653","01598 00:40:16",216.12,869.86,,,,"     ",5.10,92.91,4.39
1598,539313363,"01598M01:27:24.627","01598 00:40:17",216.13,869.90,,,,"     ",5.10,92.81,4.38
1598,539313364,"01598M01:27:25.600","01598 00:40:18",216.15,869.66,,,,"     ",5.10,92.96,4.39
1598,539313365,"01598M01:27:26.573","01598 00:40:19",216.17,869.79,,,,"     ",5.10,92.57,4.37
1598,539313366,"01598M01:27:27.546","01598 00:40:20",216.20,869.78,,,,"     ",5.10,92.04,4.34
1598,539313367,"01598M01:27:28.520","01598 00:40:21",216.24,869.84,,,,"     ",5.10,92.86,4.38
1598,539313368,"01598M01:27:29.493","01598 00:40:22",216.29,869.92,,,,"     ",5.10,92.79,4.38
1598,539313369,"01598M01:27:30.466","01598 00:40:23",216.34,869.81,,,,"     ",5.10,92.89,4.38
1598,539313370,"01598M01:27:31.439","01598 00:40:24",216.40,869.82,,,,"     ",5.10,92.84,4.38
1598,539313371,"01598M01:27:32.413","01598 00:40:24",216.47,869.80,,,,"     ",5.10,92.93,4.38
1598,539313372,"01598M01:27:33.386","01598 00:40:25",216.52,869.78,,,,"     ",5.10,93.18,4.39
1598,539313373,"01598M01:27:34.359","01598 00:40:26",216.57,869.88,,,,"     ",5.10,93.28,4.40
1598,539313374,"01598M01:27:35.332","01598 00:40:27",216.61,869.85,,,,"     ",5.10,92.86,4.38
1598,539313375,"01598M01:27:36.306","01598 00:40:28",216.64,869.86,,,,"     ",5.10,92.85,4.38
1598,539313376,"01598M01:27:37.279","01598 00:40:29",216.66,869.79,,,,"     ",5.10,92.98,4.38
1598,539313377,"01598M01:27:38.252","01598 00:40:30",216.67,869.86,,,,"     ",5.10,93.10,4.39
1598,539313378,"01598M01:27:39.225","01598 00:40:31",216.69,869.93,,,,"     ",5.10,92.59,4.37
1598,539313379,"01598M01:27:40.199","01598 00:40:32",216.70,869.80,,,,"     ",5.10,93.25,4.39
1598,539313380,"01598M01:27:41.172","01598 00:40:33",216.72,869.80,,,,"     ",5.10,92.91,4.38
1598,539313381,"01598M01:27:42.145","01598 00:40:34",216.74,869.82,,,,"     ",5.10,93.25,4.39
1598,539313382,"01598M01:27:43.118","01598 00:40:35",216.77,869.80,,,,"     ",5.10,93.46,4.40
1598,539313383,"01598M01:27:44.092","01598 00:40:36",216.81,869.85,,,,"     ",5.10,93.37,4.40
1598,539313384,"01598M01:27:45.065","01598 00:40:37",216.86,869.90,,,,"     ",5.10,93.35,4.40
1598,539313385,"01598M01:27:46.038","01598 00:40:38",216.91,869.92,,,,"     ",5.10,93.63,4.41
1598,539313386,"01598M01:27:47.011","01598 00:40:39",216.95,869.88,,,,"     ",5.10,93.50,4.40
1598,539313387,"01598M01:27:47.985","01598 00:40:40",216.98,869.90,,,,"     ",5.10,93.34,4.39
1598,539313388,"01598M01:27:48.958","01598 00:40:41",216.98,869.94,,,,"     ",5.10,93.36,4.39
1598,539313389,"01598M01:27:49.931","01598 00:40:42",216.97,869.80,,,,"     ",5.10,93.04,4.38
1598,539313390,"01598M01:27:50.904","01598 00:40:43",216.93,869.85,,,,"     ",5.10,93.19,4.39
1598,539313391,"01598M01:27:51.878","01598 00:40:44",216.88,869.86,,,,"     ",5.10,93.31,4.39
1598,539313392,"01598M01:27:52.851","01598 00:40:45",216.83,869.96,,,,"     ",5.10,93.67,4.41
1598,539313393,"01598M01:27:53.824","01598 00:40:46",216.78,869.80,,,,"     ",5.10,93.59,4.40
1598,539313394,"01598M01:27:54.797","01598 00:40:47",216.73,869.81,,,,"     ",5.10,93.13,4.38
1598,539313395,"01598M01:27:55.771","01598 00:40:48",216.68,869.94,,,,"     ",5.10,93.11,4.38
1598,539313396,"01598M01:27:56.744","01598 00:40:49",216.64,869.88,,,,"     ",5.10,93.76,4.41
1598,539313397,"01598M01:27:57.717","01598 00:40:50",216.60,869.85,,,,"     ",5.10,93.46,4.40
1598,539313398,"01598M01:27:58.690","01598 00:40:51",216.56,869.81,,,,"     ",5.10,92.99,4.37
1598,539313399,"01598M01:27:59.664","01598 00:40:52",216.52,869.88,,,,"     ",5.10,93.41,4.39
1598,539313400,"01598M01:28:00.637","01598 00:40:53",216.49,869.94,,,,"     ",5.10,93.53,4.40
1598,539313401,"01598M01:28:01.610","01598 00:40:54",216.48,869.89,,,,"     ",5.10,93.48,4.40
1598,539313402,"01598M01:28:02.583","01598 00:40:55",216.47,869.83,,,,"     ",5.10,93.32,4.39
1598,539313403,"01598M01:28:03.557","01598 00:40:56",216.48,869.89,,,,"     ",5.10,94.16,4.43
1598,539313404,"01598M01:28:04.530","01598 00:40:57",216.51,869.91,,,,"     ",5.10,93.22,4.38
1598,539313405,"01598M01:28:05.503","01598 00:40:58",216.54,869.98,,,,"     ",5.10,93.28,4.39
1598,539313406,"01598M01:28:06.476","01598 00:40:59",216.57,869.90,,,,"     ",5.10,93.87,4.41
1598,539313407,"01598M01:28:07.450","01598 00:41:00",216.59,869.93,,,,"     ",5.10,93.47,4.39
1598,539313408,"01598M01:28:08.423","01598 00:41:00",216.60,869.97,,,,"     ",5.10,93.46,4.39
1598,539313409,"01598M01:28:09.396","01598 00:41:01",216.58,869.87,,,,"     ",5.10,92.97,4.37
1598,539313410,"01598M01:28:10.369","01598 00:41:02",216.55,869.93,,,,"     ",5.10,93.74,4.41
1598,539313411,"01598M01:28:11.343","01598 00:41:03",216.50,869.94,,,,"     ",5.10,92.65,4.35
1598,539313412,"01598M01:28:12.316","01598 00:41:04",216.45,869.93,,,,"     ",5.10,93.21,4.38
1598,539313413,"01598M01:28:13.289","01598 00:41:05",216.39,869.94,,,,"     ",5.10,93.08,4.37
1598,539313414,"01598M01:28:14.262","01598 00:41:06",216.34,869.93,,,,"     ",5.10,93.45,4.39
1598,539313415,"01598M01:28:15.236","01598 00:41:07",216.29,869.98,,,,"     ",5.10,93.29,4.38
1598,539313416,"01598M01:28:16.209","01598 00:41:08",216.24,869.92,,,,"     ",5.10,92.92,4.36
1598,539313417,"01598M01:28:17.182","01598 00:41:09",216.20,869.88,,,,"     ",5.10,93.01,4.37
1598,539313418,"01598M01:28:18.155","01598 00:41:10",216.16,869.87,,,,"     ",5.10,93.64,4.40
1598,539313419,"01598M01:28:19.129","01598 00:41:11",216.12,869.85,,,,"     ",5.10,94.04,4.42
1598,539313420,"01598M01:28:20.102","01598 00:41:12",216.08,869.76,,,,"     ",5.10,93.30,4.38
1598,539313421,"01598M01:28:21.075","01598 00:41:13",216.05,869.75,,,,"     ",5.10,93.52,4.39
1598,539313422,"01598M01:28:22.048","01598 00:41:14",216.02,869.81,,,,"     ",5.10,93.21,4.38
1598,539313423,"01598M01:28:23.022","01598 00:41:15",215.99,869.84,,,,"     ",5.10,92.86,4.36
1598,539313424,"01598M01:28:23.995","01598 00:41:16",215.95,869.94,,,,"     ",5.10,93.31,4.38
1598,539313425,"01598M01:28:24.968","01598 00:41:17",215.91,869.93,,,,"     ",5.10,93.00,4.37
1598,539313426,"01598M01:28:25.941","01598 00:41:18",215.88,869.97,,,,"     ",5.10,94.08,4.42
1598,539313427,"01598M01:28:26.915","01598 00:41:19",215.86,870.03,,,,"     ",5.10,93.33,4.38
1598,539313428,"01598M01:28:27.888","01598 00:41:20",215.84,869.99,,,,"     ",5.10,93.49,4.39
1598,539313429,"01598M01:28:28.861","01598 00:41:21",215.83,870.08,,,,"     ",5.10,93.29,4.38
1598,539313430,"01598M01:28:29.834","01598 00:41:22",215.82,870.02,,,,"     ",5.10,93.26,4.38
1598,539313431,"01598M01:28:30.808","01598 00:41:23",215.82,870.04,,,,"     ",5.10,93.39,4.38
1598,539313432,"01598M01:28:31.781","01598 00:41:24",215.82,870.00,,,,"     ",5.10,93.21,4.37
1598,539313433,"01598M01:28:32.754","01598 00:41:25",215.83,870.00,,,,"     ",5.10,93.45,4.39
1598,539313434,"01598M01:28:33.728","01598 00:41:26",215.84,870.01,,,,"     ",5.10,93.02,4.36
1598,539313435,"01598M01:28:34.701","01598 00:41:27",215.87,869.89,,,,"     ",5.10,93.37,4.38
1598,539313436,"01598M01:28:35.674","01598 00:41:28",215.91,869.96,,,,"     ",5.10,93.40,4.38
1598,539313437,"01598M01:28:36.647","01598 00:41:29",215.97,869.97,,,,"     ",5.10,93.67,4.40
1598,539313438,"01598M01:28:37.621","01598 00:41:30",216.04,869.94,,,,"     ",5.10,92.68,4.35
1598,539313439,"01598M01:28:38.594","01598 00:41:31",216.12,869.95,,,,"     ",5.10,92.49,4.34
1598,539313440,"01598M01:28:39.567","01598 00:41:32",216.22,869.99,,,,"     ",5.10,92.98,4.36
1598,539313441,"01598M01:28:40.540","01598 00:41:33",216.33,869.90,,,,"     ",5.10,93.30,4.38
1598,539313442,"01598M01:28:41.514","01598 00:41:34",216.44,869.95,,,,"     ",5.10,93.45,4.39
1598,539313443,"01598M01:28:42.487","01598 00:41:35",216.55,869.87,,,,"     ",5.10,92.09,4.32
1598,539313444,"01598M01:28:43.460","01598 00:41:36",216.65,869.87,,,,"     ",5.10,92.59,4.34
1598,539313445,"01598M01:28:44.433","01598 00:41:36",216.73,870.00,,,,"     ",5.10,93.04,4.36
1598,539313446,"01598M01:28:45.407","01598 00:41:37",216.78,869.99,,,,"     ",5.10,93.26,4.37
1598,539313447,"01598M01:28:46.380","01598 00:41:38",216.82,869.95,,,,"     ",5.10,93.55,4.39
1598,539313448,"01598M01:28:47.353","01598 00:41:39",216.83,869.91,,,,"     ",5.10,92.96,4.36
1598,539313449,"01598M01:28:48.326","01598 00:41:40",216.83,869.99,,,,"     ",5.10,93.01,4.36
1598,539313450,"01598M01:28:49.300","01598 00:41:41",216.80,869.92,,,,"     ",5.10,92.49,4.34
1598,539313451,"01598M01:28:50.273","01598 00:41:42",216.76,869.92,,,,"     ",5.10,93.17,4.37
1598,539313452,"01598M01:28:51.246","01598 00:41:43",216.70,869.92,,,,"     ",5.10,93.23,4.37
1598,539313453,"01598M01:28:52.219","01598 00:41:44",216.63,869.85,,,,"     ",5.10,93.48,4.38
1598,539313454,"01598M01:28:53.193","01598 00:41:45",216.57,869.92,,,,"     ",5.10,93.58,4.39
1598,539313455,"01598M01:28:54.166","01598 00:41:46",216.50,869.94,,,,"     ",5.10,93.91,4.41
1598,539313456,"01598M01:28:55.139","01598 00:41:47",216.44,869.79,,,,"     ",5.10,93.30,4.37
1598,539313457,"01598M01:28:56.112","01598 00:41:48",216.41,869.90,,,,"     ",5.10,93.97,4.41
1598,539313458,"01598M01:28:57.086","01598 00:41:49",216.39,870.02,,,,"     ",5.10,93.31,4.38
1598,539313459,"01598M01:28:58.059","01598 00:41:50",216.41,870.07,,,,"     ",5.10,93.43,4.38
1598,539313460,"01598M01:28:59.032","01598 00:41:51",216.43,870.02,,,,"     ",5.10,93.15,4.37
1598,539313461,"01598M01:29:00.005","01598 00:41:52",216.48,870.06,,,,"     ",5.10,93.71,4.39
1598,539313462,"01598M01:29:00.979","01598 00:41:53",216.53,870.01,,,,"     ",5.10,93.34,4.38
1598,539313463,"01598M01:29:01.952","01598 00:41:54",216.58,870.02,,,,"     ",5.10,93.65,4.39
1598,539313464,"01598M01:29:02.925","01598 00:41:55",216.63,870.05,,,,"     ",5.10,93.45,4.38
1598,539313465,"01598M01:29:03.898","01598 00:41:56",216.67,869.97,,,,"     ",5.10,93.40,4.38
1598,539313466,"01598M01:29:04.872","01598 00:41:57",216.69,869.93,,,,"     ",5.10,93.19,4.37
1598,539313467,"01598M01:29:05.845","01598 00:41:58",216.68,869.95,,,,"     ",5.10,93.59,4.39
1598,539313468,"01598M01:29:06.818","01598 00:41:59",216.65,870.01,,,,"     ",5.10,93.05,4.36
1598,539313469,"01598M01:29:07.791","01598 00:42:00",216.60,870.01,,,,"     ",5.10,93.28,4.37
1598,539313470,"01598M01:29:08.765","01598 00:42:01",216.54,870.01,,,,"     ",5.10,93.80,4.40
1598,539313471,"01598M01:29:09.738","01598 00:42:02",216.47,869.94,,,,"     ",5.10,92.96,4.36
1598,539313472,"01598M01:29:10.711","01598 00:42:03",216.40,869.95,,,,"     ",5.10,93.66,4.39
1598,539313473,"01598M01:29:11.684","01598 00:42:04",216.32,870.03,,,,"     ",5.10,93.29,4.37
1598,539313474,"01598M01:29:12.658","01598 00:42:05",216.23,870.05,,,,"     ",5.10,93.43,4.38
1598,539313475,"01598M01:29:13.631","01598 00:42:06",216.15,870.08,,,,"     ",5.10,92.77,4.35
1598,539313476,"01598M01:29:14.604","01598 00:42:07",216.07,869.98,,,,"     ",5.10,93.47,4.38
1598,539313477,"01598M01:29:15.577","01598 00:42:08",216.00,869.93,,,,"     ",5.10,92.69,4.34
1598,539313478,"01598M01:29:16.551","01598 00:42:09",215.93,870.01,,,,"     ",5.10,93.31,4.37
1598,539313479,"01598M01:29:17.524","01598 00:42:10",215.87,869.95,,,,"     ",5.10,93.38,4.38
1598,539313480,"01598M01:29:18.497","01598 00:42:11",215.82,869.99,,,,"     ",5.10,93.50,4.38
1598,539313481,"01598M01:29:19.470","01598 00:42:12",215.79,870.04,,,,"     ",5.10,93.09,4.37
1598,539313482,"01598M01:29:20.444","01598 00:42:12",215.77,870.09,,,,"     ",5.10,92.59,4.34
1598,539313483,"01598M01:29:21.417","01598 00:42:13",215.76,870.05,,,,"     ",5.10,92.75,4.35
1598,539313484,"01598M01:29:22.390","01598 00:42:14",215.78,870.06,,,,"     ",5.10,92.59,4.34
1598,539313485,"01598M01:29:23.363","01598 00:42:15",215.81,869.96,,,,"     ",5.10,93.16,4.37
1598,539313486,"01598M01:29:24.337","01598 00:42:16",215.86,870.01,,,,"     ",5.10,92.83,4.36
1598,539313487,"01598M01:29:25.310","01598 00:42:17",215.91,870.01,,,,"     ",5.10,92.45,4.34
1598,539313488,"01598M01:29:26.283","01598 00:42:18",215.97,870.03,,,,"     ",5.10,92.54,4.34
1598,539313489,"01598M01:29:27.256","01598 00:42:19",216.02,869.93,,,,"     ",5.10,92.24,4.33
1598,539313490,"01598M01:29:28.230","01598 00:42:20",216.06,870.05,,,,"     ",5.10,93.11,4.37
1598,539313491,"01598M01:29:29.203","01598 00:42:21",216.09,870.05,,,,"     ",5.10,92.49,4.34
1598,539313492,"01598M01:29:30.176","01598 00:42:22",216.11,869.99,,,,"     ",5.10,92.00,4.32
1598,539313493,"01598M01:29:31.149","01598 00:42:23",216.11,870.01,,,,"     ",5.10,91.47,4.29
1598,539313494,"01598M01:29:32.123","01598 00:42:24",216.11,870.09,,,,"     ",5.10,92.67,4.35
1598,539313495,"01598M01:29:33.096","01598 00:42:25",216.10,870.01,,,,"     ",5.10,92.59,4.35
1598,539313496,"01598M01:29:34.069","01598 00:42:26",216.08,869.99,,,,"     ",5.10,91.88,4.31
1598,539313497,"01598M01:29:35.042","01598 00:42:27",216.05,870.03,,,,"     ",5.10,92.53,4.35
1598,539313498,"01598M01:29:36.016","01598 00:42:28",216.01,870.07,,,,"     ",5.10,92.47,4.34
1598,539313499,"01598M01:29:36.989","01598 00:42:29",215.97,869.97,,,,"     ",5.10,92.27,4.34
1598,539313500,"01598M01:29:37.962","01598 00:42:30",215.94,870.06,,,,"     ",5.10,92.32,4.34
1598,539313501,"01598M01:29:38.935","01598 00:42:31",215.90,869.96,,,,"     ",5.10,91.99,4.32
1598,539313502,"01598M01:29:39.909","01598 00:42:32",215.88,870.00,,,,"     ",5.10,92.12,4.33
1598,539313503,"01598M01:29:40.882","01598 00:42:33",215.85,870.05,,,,"     ",5.10,93.16,4.38
1598,539313504,"01598M01:29:41.855","01598 00:42:34",215.82,870.09,,,,"     ",5.10,92.45,4.35
1598,539313505,"01598M01:29:42.829","01598 00:42:35",215.80,869.99,,,,"     ",5.10,92.53,4.35
1598,539313506,"01598M01:29:43.802","01598 00:42:36",215.77,870.01,,,,"     ",5.10,92.41,4.34
1598,539313507,"01598M01:29:44.775","01598 00:42:37",215.75,869.94,,,,"     ",5.10,93.07,4.38
1598,539313508,"01598M01:29:45.748","01598 00:42:38",215.73,870.01,,,,"     ",5.10,92.54,4.35
1598,539313509,"01598M01:29:46.722","01598 00:42:39",215.71,870.06,,,,"     ",5.10,92.09,4.33
1598,539313510,"01598M01:29:47.695","01598 00:42:40",215.69,869.95,,,,"     ",5.10,91.80,4.32
1598,539313511,"01598M01:29:48.668","01598 00:42:41",215.67,869.97,,,,"     ",5.10,91.95,4.33
1598,539313512,"01598M01:29:49.641","01598 00:42:42",215.66,869.98,,,,"     ",5.10,91.93,4.33
1598,539313513,"01598M01:29:50.615","01598 00:42:43",215.65,870.02,,,,"     ",5.10,91.91,4.32
1598,539313514,"01598M01:29:51.588","01598 00:42:44",215.65,870.01,,,,"     ",5.10,92.02,4.33
1598,539313515,"01598M01:29:52.561","01598 00:42:45",215.65,869.99,,,,"     ",5.10,92.55,4.36
1598,539313516,"01598M01:29:53.534","01598 00:42:46",215.65,870.04,,,,"     ",5.10,92.27,4.34
1598,539313517,"01598M01:29:54.508","01598 00:42:47",215.66,870.11,,,,"     ",5.10,92.51,4.36
1598,539313518,"01598M01:29:55.481","01598 00:42:48",215.67,870.07,,,,"     ",5.10,92.21,4.34
1598,539313519,"01598M01:29:56.454","01598 00:42:48",215.68,870.08,,,,"     ",5.10,92.27,4.34
1598,539313520,"01598M01:29:57.427","01598 00:42:49",215.68,869.98,,,,"     ",5.10,92.71,4.37
1598,539313521,"01598M01:29:58.401","01598 00:42:50",215.67,870.10,,,,"     ",5.10,92.30,4.35
1598,539313522,"01598M01:29:59.374","01598 00:42:51",215.66,870.11,,,,"     ",5.10,91.99,4.33
1598,539313523,"01598M01:30:00.347","01598 00:42:52",215.64,870.10,,,,"     ",5.10,92.09,4.34
1598,539313524,"01598M01:30:01.320","01598 00:42:53",215.63,870.07,,,,"     ",5.10,92.11,4.34
1598,539313525,"01598M01:30:02.294","01598 00:42:54",215.62,870.09,,,,"     ",5.10,91.60,4.31
1598,539313526,"01598M01:30:03.267","01598 00:42:55",215.62,870.05,,,,"     ",5.10,91.67,4.32
1598,539313527,"01598M01:30:04.240","01598 00:42:56",215.63,870.03,,,,"     ",5.10,92.16,4.34
1598,539313528,"01598M01:30:05.213","01598 00:42:57",215.65,870.02,,,,"     ",5.10,91.77,4.32
1598,539313529,"01598M01:30:06.187","01598 00:42:58",215.68,870.01,,,,"     ",5.10,91.99,4.34
1598,539313530,"01598M01:30:07.160","01598 00:42:59",215.72,870.01,,,,"     ",5.10,92.18,4.35
1598,539313531,"01598M01:30:08.133","01598 00:43:00",215.74,869.99,,,,"     ",5.10,92.18,4.35
1598,539313532,"01598M01:30:09.106","01598 00:43:01",215.77,870.04,,,,"     ",5.10,92.06,4.34
1598,539313533,"01598M01:30:10.080","01598 00:43:02",215.78,869.95,,,,"     ",5.10,92.51,4.36
1598,539313534,"01598M01:30:11.053","01598 00:43:03",215.78,870.00,,,,"     ",5.10,93.12,4.39
1598,539313535,"01598M01:30:12.026","01598 00:43:04",215.76,870.10,,,,"     ",5.10,92.28,4.35
1598,539313536,"01598M01:30:12.999","01598 00:43:05",215.74,870.06,,,,"     ",5.10,92.12,4.34
1598,539313537,"01598M01:30:13.973","01598 00:43:06",215.70,869.98,,,,"     ",5.10,92.30,4.35
1598,539313538,"01598M01:30:14.946","01598 00:43:07",215.68,870.00,,,,"     ",5.10,92.82,4.38
1598,539313539,"01598M01:30:15.919","01598 00:43:08",215.66,870.13,,,,"     ",5.10,93.12,4.40
1598,539313540,"01598M01:30:16.892","01598 00:43:09",215.65,870.10,,,,"     ",5.10,93.09,4.40
1598,539313541,"01598M01:30:17.866","01598 00:43:10",215.65,870.17,,,,"     ",5.10,92.25,4.35
1598,539313542,"01598M01:30:18.839","01598 00:43:11",215.67,870.14,,,,"     ",5.10,92.73,4.38
1598,539313543,"01598M01:30:19.812","01598 00:43:12",215.69,870.14,,,,"     ",5.10,92.45,4.37
1598,539313544,"01598M01:30:20.785","01598 00:43:13",215.75,870.15,,,,"     ",5.10,92.82,4.38
1598,539313545,"01598M01:30:21.759","01598 00:43:14",215.80,870.20,,,,"     ",5.10,93.16,4.40
1598,539313546,"01598M01:30:22.732","01598 00:43:15",215.84,870.11,,,,"     ",5.10,92.99,4.39
1598,539313547,"01598M01:30:23.705","01598 00:43:16",215.87,870.14,,,,"     ",5.10,92.85,4.39
1598,539313548,"01598M01:30:24.678","01598 00:43:17",215.90,870.05,,,,"     ",5.10,92.80,4.38
1598,539313549,"01598M01:30:25.652","01598 00:43:18",215.92,870.09,,,,"     ",5.10,92.89,4.39
1598,539313550,"01598M01:30:26.625","01598 00:43:19",215.93,870.07,,,,"     ",5.10,93.71,4.43
1598,539313551,"01598M01:30:27.598","01598 00:43:20",215.94,870.17,,,,"     ",5.10,92.99,4.40
1598,539313552,"01598M01:30:28.571","01598 00:43:21",215.95,870.10,,,,"     ",5.10,92.94,4.39
1598,539313553,"01598M01:30:29.545","01598 00:43:22",215.96,870.11,,,,"     ",5.10,92.94,4.40
1598,539313554,"01598M01:30:30.518","01598 00:43:23",215.97,870.10,,,,"     ",5.10,93.28,4.41
1598,539313555,"01598M01:30:31.491","01598 00:43:24",215.97,870.10,,,,"     ",5.10,92.97,4.40
1598,539313556,"01598M01:30:32.464","01598 00:43:24",215.97,870.09,,,,"     ",5.10,93.59,4.43
1598,539313557,"01598M01:30:33.438","01598 00:43:25",215.97,870.04,,,,"     ",5.10,92.79,4.39
1598,539313558,"01598M01:30:34.411","01598 00:43:26",215.97,870.12,,,,"     ",5.10,92.79,4.39
1598,539313559,"01598M01:30:35.384","01598 00:43:27",215.96,870.08,,,,"     ",5.10,92.89,4.39
1598,539313560,"01598M01:30:36.357","01598 00:43:28",215.95,870.13,,,,"     ",5.10,92.76,4.39
1598,539313561,"01598M01:30:37.331","01598 00:43:29",215.93,870.28,,,,"     ",5.10,92.87,4.39
1598,539313562,"01598M01:30:38.304","01598 00:43:30",215.91,870.28,,,,"     ",5.10,92.87,4.39
1598,539313563,"01598M01:30:39.277","01598 00:43:31",215.88,870.32,,,,"     ",5.10,93.32,4.41
1598,539313564,"01598M01:30:40.250","01598 00:43:32",215.57,870.25,,,,"     ",5.10,92.84,4.39
1598,539313565,"01598M01:30:41.224","01598 00:43:33",215.56,870.23,,,,"     ",5.10,92.78,4.39
1598,539313566,"01598M01:30:42.197","01598 00:43:34",215.54,870.06,,,,"     ",5.10,93.52,4.43
1598,539313567,"01598M01:30:43.170","01598 00:43:35",215.53,870.21,,,,"     ",5.10,92.57,4.38
1598,539313568,"01598M01:30:44.143","01598 00:43:36",215.52,870.14,,,,"     ",5.10,92.64,4.38
1598,539313569,"01598M01:30:45.117","01598 00:43:37",215.51,870.18,,,,"     ",5.10,93.04,4.40
1598,539313570,"01598M01:30:46.090","01598 00:43:38",215.50,870.23,,,,"     ",5.10,93.40,4.42
1598,539313571,"01598M01:30:47.063","01598 00:43:39",215.49,870.13,,,,"     ",5.10,93.11,4.41
1598,539313572,"01598M01:30:48.036","01598 00:43:40",215.49,870.16,,,,"     ",5.10,93.33,4.42
1598,539313573,"01598M01:30:49.010","01598 00:43:41",215.49,870.14,,,,"     ",5.10,92.77,4.39
1598,539313574,"01598M01:30:49.983","01598 00:43:42",215.49,870.22,,,,"     ",5.10,93.10,4.41
1598,539313575,"01598M01:30:50.956","01598 00:43:43",215.49,870.24,,,,"     ",5.10,93.62,4.43
1598,539313576,"01598M01:30:51.930","01598 00:43:44",215.49,870.26,,,,"     ",5.10,92.42,4.37
1598,539313577,"01598M01:30:52.903","01598 00:43:45",215.49,870.27,,,,"     ",5.10,93.25,4.41
1598,539313578,"01598M01:30:53.876","01598 00:43:46",215.49,870.28,,,,"     ",5.10,92.94,4.40
1598,539313579,"01598M01:30:54.849","01598 00:43:47",215.50,870.24,,,,"     ",5.10,92.92,4.40
1598,539313580,"01598M01:30:55.823","01598 00:43:48",215.50,870.25,,,,"     ",5.10,93.11,4.41
1598,539313581,"01598M01:30:56.796","01598 00:43:49",215.51,870.19,,,,"     ",5.10,92.87,4.40
1598,539313582,"01598M01:30:57.769","01598 00:43:50",215.51,870.23,,,,"     ",5.10,92.86,4.40
1598,539313583,"01598M01:30:58.742","01598 00:43:51",215.53,870.28,,,,"     ",5.10,92.90,4.40
1598,539313584,"01598M01:30:59.716","01598 00:43:52",215.55,870.37,,,,"     ",5.10,92.95,4.40
1598,539313585,"01598M01:31:00.689","01598 00:43:53",215.58,870.34,,,,"     ",5.10,93.45,4.43
1598,539313586,"01598M01:31:01.662","01598 00:43:54",215.61,870.35,,,,"     ",5.10,92.37,4.38
1598,539313587,"01598M01:31:02.635","01598 00:43:55",215.62,870.29,,,,"     ",5.10,92.93,4.41
1598,539313588,"01598M01:31:03.609","01598 00:43:56",215.62,870.28,,,,"     ",5.10,92.60,4.39
1598,539313589,"01598M01:31:04.582","01598 00:43:57",215.61,870.23,,,,"     ",5.10,93.13,4.41
1598,539313590,"01598M01:31:05.555","01598 00:43:58",215.59,870.24,,,,"     ",5.10,93.13,4.42
1598,539313591,"01598M01:31:06.528","01598 00:43:59",215.56,870.25,,,,"     ",5.10,93.07,4.41
1598,539313592,"01598M01:31:07.502","01598 00:44:00",215.53,870.26,,,,"     ",5.10,92.58,4.39
1598,539313593,"01598M01:31:08.475","01598 00:44:00",215.50,870.31,,,,"     ",5.10,92.94,4.41
1598,539313594,"01598M01:31:09.448","01598 00:44:01",215.46,870.19,,,,"     ",5.10,92.61,4.39
1598,539313595,"01598M01:31:10.421","01598 00:44:02",215.42,870.27,,,,"     ",5.10,93.56,4.44
1598,539313596,"01598M01:31:11.395","01598 00:44:03",215.39,870.29,,,,"     ",5.10,93.14,4.42
1598,539313597,"01598M01:31:12.368","01598 00:44:04",215.35,870.31,,,,"     ",5.10,93.16,4.42
1598,539313598,"01598M01:31:13.341","01598 00:44:05",215.33,870.32,,,,"     ",5.10,93.60,4.44
1598,539313599,"01598M01:31:14.314","01598 00:44:06",215.31,870.34,,,,"     ",5.10,93.81,4.45
1598,539313600,"01598M01:31:15.288","01598 00:44:07",215.30,870.34,,,,"     ",5.10,93.60,4.44
1598,539313601,"01598M01:31:16.261","01598 00:44:08",215.30,870.34,,,,"     ",5.10,93.07,4.42
1598,539313602,"01598M01:31:17.234","01598 00:44:09",215.31,870.31,,,,"     ",5.10,92.74,4.40
1598,539313603,"01598M01:31:18.207","01598 00:44:10",215.32,870.31,,,,"     ",5.10,93.11,4.42
1598,539313604,"01598M01:31:19.181","01598 00:44:11",215.34,870.29,,,,"     ",5.10,93.27,4.43
1598,539313605,"01598M01:31:20.154","01598 00:44:12",215.36,870.34,,,,"     ",5.10,93.08,4.42
1598,539313606,"01598M01:31:21.127","01598 00:44:13",215.38,870.33,,,,"     ",5.10,93.44,4.44
1598,539313607,"01598M01:31:22.100","01598 00:44:14",215.40,870.40,,,,"     ",5.10,92.85,4.41
1598,539313608,"01598M01:31:23.074","01598 00:44:15",215.44,870.33,,,,"     ",5.10,92.75,4.40
1598,539313609,"01598M01:31:24.047","01598 00:44:16",215.48,870.28,,,,"     ",5.10,93.19,4.42
1598,539313610,"01598M01:31:25.020","01598 00:44:17",215.54,870.32,,,,"     ",5.10,93.83,4.46
1598,539313611,"01598M01:31:25.993","01598 00:44:18",215.60,870.38,,,,"     ",5.10,93.36,4.43
1598,539313612,"01598M01:31:26.967","01598 00:44:19",215.66,870.46,,,,"     ",5.10,92.67,4.40
1598,539313613,"01598M01:31:27.940","01598 00:44:20",215.72,870.36,,,,"     ",5.10,93.30,4.43
1598,539313614,"01598M01:31:28.913","01598 00:44:21",215.78,870.42,,,,"     ",5.10,92.87,4.41
1598,539313615,"01598M01:31:29.886","01598 00:44:22",215.81,870.39,,,,"     ",5.10,92.88,4.41
1598,539313616,"01598M01:31:30.860","01598 00:44:23",215.83,870.47,,,,"     ",5.10,93.48,4.44
1598,539313617,"01598M01:31:31.833","01598 00:44:24",215.84,870.33,,,,"     ",5.10,92.79,4.41
1598,539313618,"01598M01:31:32.806","01598 00:44:25",215.84,870.35,,,,"     ",5.10,92.91,4.42
1598,539313619,"01598M01:31:33.779","01598 00:44:26",215.84,870.39,,,,"     ",5.10,93.13,4.43
1598,539313620,"01598M01:31:34.753","01598 00:44:27",215.83,870.39,,,,"     ",5.10,92.85,4.41
1598,539313621,"01598M01:31:35.726","01598 00:44:28",215.82,870.35,,,,"     ",5.10,93.02,4.42
1598,539313622,"01598M01:31:36.699","01598 00:44:29",215.80,870.34,,,,"     ",5.10,93.10,4.42
1598,539313623,"01598M01:31:37.672","01598 00:44:30",215.78,870.33,,,,"     ",5.10,92.53,4.40
1598,539313624,"01598M01:31:38.646","01598 00:44:31",215.76,870.20,,,,"     ",5.10,93.18,4.43
1598,539313625,"01598M01:31:39.619","01598 00:44:32",215.72,870.26,,,,"     ",5.10,93.11,4.42
1598,539313626,"01598M01:31:40.592","01598 00:44:33",215.69,870.32,,,,"     ",5.10,93.36,4.44
1598,539313627,"01598M01:31:41.565","01598 00:44:34",215.65,870.35,,,,"     ",5.10,93.17,4.43
1598,539313628,"01598M01:31:42.539","01598 00:44:35",215.61,870.44,,,,"     ",5.10,93.28,4.43
1598,539313629,"01598M01:31:43.512","01598 00:44:36",215.57,870.38,,,,"     ",5.10,93.07,4.42
1598,539313630,"01598M01:31:44.485","01598 00:44:37",215.54,870.40,,,,"     ",5.10,92.49,4.39
1598,539313631,"01598M01:31:45.458","01598 00:44:37",215.51,870.42,,,,"     ",5.10,92.58,4.40
1598,539313632,"01598M01:31:46.432","01598 00:44:38",215.48,870.42,,,,"     ",5.10,92.79,4.41
1598,539313633,"01598M01:31:47.405","01598 00:44:39",215.46,870.41,,,,"     ",5.10,93.87,4.46
1598,539313634,"01598M01:31:48.378","01598 00:44:40",215.45,870.35,,,,"     ",5.10,92.37,4.39
1598,539313635,"01598M01:31:49.351","01598 00:44:41",215.44,870.37,,,,"     ",5.10,92.73,4.41
1598,539313636,"01598M01:31:50.325","01598 00:44:42",215.44,870.34,,,,"     ",5.10,93.01,4.42
1598,539313637,"01598M01:31:51.298","01598 00:44:43",215.45,870.36,,,,"     ",5.10,92.80,4.41
1598,539313638,"01598M01:31:52.271","01598 00:44:44",215.46,870.38,,,,"     ",5.10,93.13,4.43
1598,539313639,"01598M01:31:53.244","01598 00:44:45",215.47,870.37,,,,"     ",5.10,93.26,4.43
1598,539313640,"01598M01:31:54.218","01598 00:44:46",215.46,870.37,,,,"     ",5.10,93.28,4.43
1598,539313641,"01598M01:31:55.191","01598 00:44:47",215.45,870.49,,,,"     ",5.10,93.24,4.43
1598,539313642,"01598M01:31:56.164","01598 00:44:48",215.43,870.43,,,,"     ",5.10,93.29,4.43
1598,539313643,"01598M01:31:57.137","01598 00:44:49",215.41,870.35,,,,"     ",5.10,92.34,4.39
1598,539313644,"01598M01:31:58.111","01598 00:44:50",215.39,870.38,,,,"     ",5.10,93.13,4.43
1598,539313645,"01598M01:31:59.084","01598 00:44:51",215.37,870.45,,,,"     ",5.10,93.46,4.44
1598,539313646,"01598M01:32:00.057","01598 00:44:52",215.35,870.40,,,,"     ",5.10,93.07,4.42
1598,539313647,"01598M01:32:01.030","01598 00:44:53",215.33,870.45,,,,"     ",5.10,93.62,4.45
1598,539313648,"01598M01:32:02.004","01598 00:44:54",215.32,870.55,,,,"     ",5.10,92.84,4.41
1598,539313649,"01598M01:32:02.977","01598 00:44:55",215.31,870.53,,,,"     ",5.10,93.45,4.44
1598,539313650,"01598M01:32:03.950","01598 00:44:56",215.31,870.49,,,,"     ",5.10,93.37,4.44
1598,539313651,"01598M01:32:04.924","01598 00:44:57",215.30,870.45,,,,"     ",5.10,93.07,4.43
1598,539313652,"01598M01:32:05.897","01598 00:44:58",215.30,870.41,,,,"     ",5.10,93.13,4.43
1598,539313653,"01598M01:32:06.870","01598 00:44:59",215.29,870.42,,,,"     ",5.10,92.88,4.42
1598,539313654,"01598M01:32:07.843","01598 00:45:00",215.29,870.49,,,,"     ",5.10,93.37,4.44
1598,539313655,"01598M01:32:08.817","01598 00:45:01",215.28,870.40,,,,"     ",5.10,93.40,4.44
1598,539313656,"01598M01:32:09.790","01598 00:45:02",215.27,870.45,,,,"     ",5.10,92.75,4.41
1598,539313657,"01598M01:32:10.763","01598 00:45:03",215.26,870.51,,,,"     ",5.10,93.15,4.43
1598,539313658,"01598M01:32:11.736","01598 00:45:04",215.24,870.57,,,,"     ",5.10,93.20,4.43
1598,539313659,"01598M01:32:12.710","01598 00:45:05",215.21,870.55,,,,"     ",5.10,93.51,4.45
1598,539313660,"01598M01:32:13.683","01598 00:45:06",215.19,870.53,,,,"     ",5.10,93.39,4.44
1598,539313661,"01598M01:32:14.656","01598 00:45:07",215.16,870.62,,,,"     ",5.10,93.19,4.43
1598,539313662,"01598M01:32:15.629","01598 00:45:08",215.13,870.63,,,,"     ",5.10,93.00,4.42
1598,539313663,"01598M01:32:16.603","01598 00:45:09",215.11,870.52,,,,"     ",5.10,93.39,4.44
1598,539313664,"01598M01:32:17.576","01598 00:45:10",215.09,870.44,,,,"     ",5.10,93.36,4.44
1598,539313665,"01598M01:32:18.549","01598 00:45:11",215.48,870.47,,,,"     ",5.10,92.74,4.41
1598,539313666,"01598M01:32:19.522","01598 00:45:12",215.47,870.48,,,,"     ",5.10,92.59,4.40
1598,539313667,"01598M01:32:20.496","01598 00:45:13",215.47,870.53,,,,"     ",5.10,93.21,4.43
1598,539313668,"01598M01:32:21.469","01598 00:45:13",215.47,870.61,,,,"     ",5.10,92.55,4.40
1598,539313669,"01598M01:32:22.442","01598 00:45:14",215.07,870.57,,,,"     ",5.10,92.55,4.40
1598,539313670,"01598M01:32:23.415","01598 00:45:15",215.08,870.60,,,,"     ",5.10,93.07,4.42
1598,539313671,"01598M01:32:24.389","01598 00:45:16",215.10,870.53,,,,"     ",5.10,92.59,4.40
1598,539313672,"01598M01:32:25.362","01598 00:45:17",215.11,870.44,,,,"     ",5.10,92.56,4.40
1598,539313673,"01598M01:32:26.335","01598 00:45:18",215.13,870.51,,,,"     ",5.10,93.05,4.42
1598,539313674,"01598M01:32:27.308","01598 00:45:19",215.14,870.51,,,,"     ",5.10,92.15,4.38
1598,539313675,"01598M01:32:28.282","01598 00:45:20",215.15,870.49,,,,"     ",5.10,93.17,4.43
1598,539313676,"01598M01:32:29.255","01598 00:45:21",215.15,870.57,,,,"     ",5.10,93.52,4.45
1598,539313677,"01598M01:32:30.228","01598 00:45:22",215.14,870.53,,,,"     ",5.10,92.75,4.41
1598,539313678,"01598M01:32:31.201","01598 00:45:23",215.13,870.63,,,,"     ",5.10,93.44,4.44
1598,539313679,"01598M01:32:32.175","01598 00:45:24",215.11,870.61,,,,"     ",5.10,92.52,4.40
1598,539313680,"01598M01:32:33.148","01598 00:45:25",215.10,870.56,,,,"     ",5.10,92.81,4.41
1598,539313681,"01598M01:32:34.121","01598 00:45:26",215.08,870.64,,,,"     ",5.10,92.77,4.41
1598,539313682,"01598M01:32:35.094","01598 00:45:27",215.06,870.53,,,,"     ",5.10,93.12,4.43
1598,539313683,"01598M01:32:36.068","01598 00:45:28",215.03,870.61,,,,"     ",5.10,92.18,4.38
1598,539313684,"01598M01:32:37.041","01598 00:45:29",215.01,870.66,,,,"     ",5.10,92.77,4.41
1598,539313685,"01598M01:32:38.014","01598 00:45:30",215.00,870.61,,,,"     ",5.10,92.62,4.40
1598,539313686,"01598M01:32:38.987","01598 00:45:31",215.30,870.62,,,,"     ",5.10,92.89,4.42
1598,539313687,"01598M01:32:39.961","01598 00:45:32",215.30,870.65,,,,"     ",5.10,92.76,4.41
1598,539313688,"01598M01:32:40.934","01598 00:45:33",215.31,870.63,,,,"     ",5.10,92.59,4.40
1598,539313689,"01598M01:32:41.907","01598 00:45:34",215.01,870.62,,,,"     ",5.10,93.11,4.43
1598,539313690,"01598M01:32:42.880","01598 00:45:35",215.03,870.60,,,,"     ",5.10,92.68,4.41
1598,539313691,"01598M01:32:43.854","01598 00:45:36",215.06,870.61,,,,"     ",5.10,93.48,4.45
1598,539313692,"01598M01:32:44.827","01598 00:45:37",215.12,870.62,,,,"     ",5.10,92.61,4.40
1598,539313693,"01598M01:32:45.800","01598 00:45:38",215.20,870.60,,,,"     ",5.10,93.54,4.45
1598,539313694,"01598M01:32:46.773","01598 00:45:39",215.28,870.63,,,,"     ",5.10,92.84,4.41
1598,539313695,"01598M01:32:47.747","01598 00:45:40",215.36,870.62,,,,"     ",5.10,92.80,4.41
1598,539313696,"01598M01:32:48.720","01598 00:45:41",215.43,870.69,,,,"     ",5.10,93.01,4.42
1598,539313697,"01598M01:32:49.693","01598 00:45:42",215.49,870.67,,,,"     ",5.10,92.49,4.40
1598,539313698,"01598M01:32:50.666","01598 00:45:43",215.54,870.72,,,,"     ",5.10,93.49,4.45
1598,539313699,"01598M01:32:51.640","01598 00:45:44",215.59,870.72,,,,"     ",5.10,92.51,4.40
1598,539313700,"01598M01:32:52.613","01598 00:45:45",215.63,870.64,,,,"     ",5.10,92.58,4.40
1598,539313701,"01598M01:32:53.586","01598 00:45:46",215.67,870.68,,,,"     ",5.10,93.38,4.44
1598,539313702,"01598M01:32:54.559","01598 00:45:47",215.70,870.70,,,,"     ",5.10,92.42,4.39
1598,539313703,"01598M01:32:55.533","01598 00:45:48",215.73,870.66,,,,"     ",5.10,92.95,4.42
1598,539313704,"01598M01:32:56.506","01598 00:45:49",215.75,870.65,,,,"     ",5.10,93.35,4.44
1598,539313705,"01598M01:32:57.479","01598 00:45:49",215.77,870.69,,,,"     ",5.10,93.25,4.43
1598,539313706,"01598M01:32:58.452","01598 00:45:50",215.79,870.65,,,,"     ",5.10,93.17,4.43
1598,539313707,"01598M01:32:59.426","01598 00:45:51",215.80,870.72,,,,"     ",5.10,93.25,4.43
1598,539313708,"01598M01:33:00.399","01598 00:45:52",215.81,870.74,,,,"     ",5.10,92.78,4.41
1598,539313709,"01598M01:33:01.372","01598 00:45:53",215.81,870.75,,,,"     ",5.10,93.37,4.44
1598,539313710,"01598M01:33:02.345","01598 00:45:54",215.80,870.67,,,,"     ",5.10,93.22,4.43
1598,539313711,"01598M01:33:03.319","01598 00:45:55",215.78,870.68,,,,"     ",5.10,92.61,4.40
1598,539313712,"01598M01:33:04.292","01598 00:45:56",215.76,870.67,,,,"     ",5.10,92.61,4.40
1598,539313713,"01598M01:33:05.265","01598 00:45:57",215.74,870.71,,,,"     ",5.10,93.52,4.45
1598,539313714,"01598M01:33:06.238","01598 00:45:58",215.72,870.66,,,,"     ",5.10,92.82,4.41
1598,539313715,"01598M01:33:07.212","01598 00:45:59",215.71,870.70,,,,"     ",5.10,93.30,4.44
1598,539313716,"01598M01:33:08.185","01598 00:46:00",215.70,870.69,,,,"     ",5.10,92.72,4.41
1598,539313717,"01598M01:33:09.158","01598 00:46:01",215.68,870.74,,,,"     ",5.10,92.95,4.42
1598,539313718,"01598M01:33:10.131","01598 00:46:02",215.66,870.80,,,,"     ",5.10,92.83,4.41
1598,539313719,"01598M01:33:11.105","01598 00:46:03",215.63,870.67,,,,"     ",5.10,93.09,4.42
1598,539313720,"01598M01:33:12.078","01598 00:46:04",215.59,870.70,,,,"     ",5.10,93.34,4.44
1598,539313721,"01598M01:33:13.051","01598 00:46:05",215.55,870.77,,,,"     ",5.10,93.36,4.44
1598,539313722,"01598M01:33:14.025","01598 00:46:06",215.52,870.75,,,,"     ",5.10,92.98,4.42
1598,539313723,"01598M01:33:14.998","01598 00:46:07",215.48,870.75,,,,"     ",5.10,93.17,4.43
1598,539313724,"01598M01:33:15.971","01598 00:46:08",215.45,870.76,,,,"     ",5.10,92.78,4.41
1598,539313725,"01598M01:33:16.944","01598 00:46:09",215.42,870.79,,,,"     ",5.10,92.78,4.41
1598,539313726,"01598M01:33:17.918","01598 00:46:10",215.40,870.85,,,,"     ",5.10,92.98,4.42
1598,539313727,"01598M01:33:18.891","01598 00:46:11",215.40,870.83,,,,"     ",5.10,92.37,4.39
1598,539313728,"01598M01:33:19.864","01598 00:46:12",215.42,870.82,,,,"     ",5.10,92.47,4.40
1598,539313729,"01598M01:33:20.837","01598 00:46:13",215.45,870.77,,,,"     ",5.10,92.90,4.42
1598,539313730,"01598M01:33:21.811","01598 00:46:14",215.50,870.76,,,,"     ",5.10,93.30,4.44
1598,539313731,"01598M01:33:22.784","01598 00:46:15",215.54,870.72,,,,"     ",5.10,92.61,4.40
1598,539313732,"01598M01:33:23.757","01598 00:46:16",215.60,870.77,,,,"     ",5.10,92.83,4.41
1598,539313733,"01598M01:33:24.730","01598 00:46:17",215.65,870.77,,,,"     ",5.10,92.56,4.40
1598,539313734,"01598M01:33:25.704","01598 00:46:18",215.70,870.80,,,,"     ",5.10,91.88,4.37
1598,539313735,"01598M01:33:26.677","01598 00:46:19",215.74,870.76,,,,"     ",5.10,92.43,4.39
1598,539313736,"01598M01:33:27.650","01598 00:46:20",215.77,870.79,,,,"     ",5.10,91.94,4.37
1598,539313737,"01598M01:33:28.623","01598 00:46:21",215.80,870.77,,,,"     ",5.10,92.83,4.41
1598,539313738,"01598M01:33:29.597","01598 00:46:22",215.81,870.84,,,,"     ",5.10,92.27,4.39
1598,539313739,"01598M01:33:30.570","01598 00:46:23",215.82,870.83,,,,"     ",5.10,92.06,4.38
1598,539313740,"01598M01:33:31.543","01598 00:46:24",215.82,870.88,,,,"     ",5.10,91.63,4.36
1598,539313741,"01598M01:33:32.516","01598 00:46:25",215.81,870.86,,,,"     ",5.10,92.37,4.39
1598,539313742,"01598M01:33:33.490","01598 00:46:25",215.79,870.79,,,,"     ",5.10,92.28,4.39
1598,539313743,"01598M01:33:34.463","01598 00:46:26",215.76,870.82,,,,"     ",5.10,91.38,4.34
1598,539313744,"01598M01:33:35.436","01598 00:46:27",215.74,870.75,,,,"     ",5.10,91.89,4.37
1598,539313745,"01598M01:33:36.409","01598 00:46:28",215.71,870.79,,,,"     ",5.10,92.29,4.39
1598,539313746,"01598M01:33:37.383","01598 00:46:29",215.67,870.75,,,,"     ",5.10,91.67,4.36
1598,539313747,"01598M01:33:38.356","01598 00:46:30",215.63,870.80,,,,"     ",5.10,91.70,4.36
1598,539313748,"01598M01:33:39.329","01598 00:46:31",215.58,870.83,,,,"     ",5.10,92.22,4.38
1598,539313749,"01598M01:33:40.302","01598 00:46:32",215.53,870.76,,,,"     ",5.10,91.73,4.36
1598,539313750,"01598M01:33:41.276","01598 00:46:33",215.49,870.83,,,,"     ",5.10,92.07,4.38
1598,539313751,"01598M01:33:42.249","01598 00:46:34",215.47,870.85,,,,"     ",5.10,92.71,4.41
1598,539313752,"01598M01:33:43.222","01598 00:46:35",215.45,870.90,,,,"     ",5.10,92.61,4.40
1598,539313753,"01598M01:33:44.195","01598 00:46:36",215.45,870.87,,,,"     ",5.10,91.79,4.37
1598,539313754,"01598M01:33:45.169","01598 00:46:37",215.46,870.89,,,,"     ",5.10,92.09,4.38
1598,539313755,"01598M01:33:46.142","01598 00:46:38",215.48,870.93,,,,"     ",5.10,91.42,4.35
1598,539313756,"01598M01:33:47.115","01598 00:46:39",215.51,870.83,,,,"     ",5.10,92.16,4.38
1598,539313757,"01598M01:33:48.088","01598 00:46:40",215.54,870.81,,,,"     ",5.10,91.61,4.36
1598,539313758,"01598M01:33:49.062","01598 00:46:41",215.58,870.78,,,,"     ",5.10,92.10,4.38
1598,539313759,"01598M01:33:50.035","01598 00:46:42",215.60,870.72,,,,"     ",5.10,91.56,4.35
1598,539313760,"01598M01:33:51.008","01598 00:46:43",215.63,870.62,,,,"     ",5.10,91.67,4.36
1598,539313761,"01598M01:33:51.981","01598 00:46:44",215.64,870.71,,,,"     ",5.10,91.63,4.36
1598,539313762,"01598M01:33:52.955","01598 00:46:45",215.64,870.72,,,,"     ",5.10,91.72,4.36
1598,539313763,"01598M01:33:53.928","01598 00:46:46",215.63,870.74,,,,"     ",5.10,91.78,4.37
1598,539313764,"01598M01:33:54.901","01598 00:46:47",215.61,870.76,,,,"     ",5.10,92.46,4.40
1598,539313765,"01598M01:33:55.874","01598 00:46:48",215.57,870.73,,,,"     ",5.10,91.96,4.37
1598,539313766,"01598M01:33:56.848","01598 00:46:49",215.52,870.78,,,,"     ",5.10,91.75,4.37
1598,539313767,"01598M01:33:57.821","01598 00:46:50",215.47,870.81,,,,"     ",5.10,92.24,4.39
1598,539313768,"01598M01:33:58.794","01598 00:46:51",215.42,870.80,,,,"     ",5.10,91.81,4.37
1598,539313769,"01598M01:33:59.767","01598 00:46:52",215.37,870.75,,,,"     ",5.10,92.40,4.40
1598,539313770,"01598M01:34:00.741","01598 00:46:53",215.34,870.80,,,,"     ",5.10,91.71,4.36
1598,539313771,"01598M01:34:01.714","01598 00:46:54",215.32,870.84,,,,"     ",5.10,92.18,4.39
1598,539313772,"01598M01:34:02.687","01598 00:46:55",215.31,870.77,,,,"     ",5.10,92.41,4.40
1598,539313773,"01598M01:34:03.660","01598 00:46:56",215.33,870.76,,,,"     ",5.10,92.28,4.39
1598,539313774,"01598M01:34:04.634","01598 00:46:57",215.36,870.76,,,,"     ",5.10,91.67,4.36
1598,539313775,"01598M01:34:05.607","01598 00:46:58",215.42,870.77,,,,"     ",5.10,92.23,4.39
1598,539313776,"01598M01:34:06.580","01598 00:46:59",215.49,870.74,,,,"     ",5.10,92.20,4.39
1598,539313777,"01598M01:34:07.553","01598 00:47:00",215.57,870.74,,,,"     ",5.10,92.57,4.41
1598,539313778,"01598M01:34:08.527","01598 00:47:01",215.66,870.79,,,,"     ",5.10,92.50,4.41
1598,539313779,"01598M01:34:09.500","01598 00:47:01",215.75,870.78,,,,"     ",5.10,91.99,4.38
1598,539313780,"01598M01:34:10.473","01598 00:47:02",215.84,870.84,,,,"     ",5.10,91.70,4.37
1598,539313781,"01598M01:34:11.446","01598 00:47:03",215.94,870.78,,,,"     ",5.10,92.21,4.39
1598,539313782,"01598M01:34:12.420","01598 00:47:04",216.02,870.83,,,,"     ",5.10,92.20,4.39
1598,539313783,"01598M01:34:13.393","01598 00:47:05",216.10,870.78,,,,"     ",5.10,92.82,4.42
1598,539313784,"01598M01:34:14.366","01598 00:47:06",216.16,870.89,,,,"     ",5.10,92.47,4.41
1598,539313785,"01598M01:34:15.339","01598 00:47:07",216.21,870.85,,,,"     ",5.10,92.39,4.40
1598,539313786,"01598M01:34:16.313","01598 00:47:08",216.23,870.83,,,,"     ",5.10,92.51,4.41
1598,539313787,"01598M01:34:17.286","01598 00:47:09",216.25,870.82,,,,"     ",5.10,92.58,4.41
1598,539313788,"01598M01:34:18.259","01598 00:47:10",216.24,870.81,,,,"     ",5.10,92.92,4.43
1598,539313789,"01598M01:34:19.232","01598 00:47:11",216.21,870.80,,,,"     ",5.10,93.31,4.45
1598,539313790,"01598M01:34:20.206","01598 00:47:12",216.17,870.81,,,,"     ",5.10,92.54,4.41
1598,539313791,"01598M01:34:21.179","01598 00:47:13",216.11,870.86,,,,"     ",5.10,92.62,4.41
1598,539313792,"01598M01:34:22.152","01598 00:47:14",216.04,870.89,,,,"     ",5.10,92.31,4.40
1598,539313793,"01598M01:34:23.126","01598 00:47:15",215.96,870.85,,,,"     ",5.10,92.43,4.40
1598,539313794,"01598M01:34:24.099","01598 00:47:16",215.88,870.84,,,,"     ",5.10,93.21,4.44
1598,539313795,"01598M01:34:25.072","01598 00:47:17",215.80,870.92,,,,"     ",5.10,92.52,4.41
1598,539313796,"01598M01:34:26.045","01598 00:47:18",215.75,870.91,,,,"     ",5.10,92.95,4.43
1598,539313797,"01598M01:34:27.019","01598 00:47:19",215.71,870.91,,,,"     ",5.10,92.82,4.42
1598,539313798,"01598M01:34:27.992","01598 00:47:20",215.70,870.94,,,,"     ",5.10,92.55,4.41
1598,539313799,"01598M01:34:28.965","01598 00:47:21",215.70,870.90,,,,"     ",5.10,92.57,4.41
1598,539313800,"01598M01:34:29.938","01598 00:47:22",215.71,870.99,,,,"     ",5.10,93.02,4.43
1598,539313801,"01598M01:34:30.912","01598 00:47:23",215.74,870.87,,,,"     ",5.10,92.52,4.40
1598,539313802,"01598M01:34:31.885","01598 00:47:24",215.78,870.92,,,,"     ",5.10,92.72,4.41
1598,539313803,"01598M01:34:32.858","01598 00:47:25",215.83,870.96,,,,"     ",5.10,92.53,4.41
1598,539313804,"01598M01:34:33.831","01598 00:47:26",215.88,870.85,,,,"     ",5.10,93.35,4.45
1598,539313805,"01598M01:34:34.805","01598 00:47:27",215.93,870.84,,,,"     ",5.10,92.33,4.39
1598,539313806,"01598M01:34:35.778","01598 00:47:28",215.99,870.88,,,,"     ",5.10,92.51,4.40
1598,539313807,"01598M01:34:36.751","01598 00:47:29",216.04,870.88,,,,"     ",5.10,92.75,4.42
1598,539313808,"01598M01:34:37.724","01598 00:47:30",216.08,870.84,,,,"     ",5.10,92.39,4.40
1598,539313809,"01598M01:34:38.698","01598 00:47:31",216.10,870.89,,,,"     ",5.10,92.97,4.42
1598,539313810,"01598M01:34:39.671","01598 00:47:32",216.12,870.85,,,,"     ",5.10,92.88,4.42
1598,539313811,"01598M01:34:40.644","01598 00:47:33",216.12,870.88,,,,"     ",5.10,92.75,4.41
1598,539313812,"01598M01:34:41.617","01598 00:47:34",216.11,870.96,,,,"     ",5.10,92.95,4.42
1598,539313813,"01598M01:34:42.591","01598 00:47:35",216.09,870.94,,,,"     ",5.10,92.44,4.40
1598,539313814,"01598M01:34:43.564","01598 00:47:36",216.06,870.92,,,,"     ",5.10,93.36,4.44
1598,539313815,"01598M01:34:44.537","01598 00:47:37",216.02,870.92,,,,"     ",5.10,92.74,4.41
1598,539313816,"01598M01:34:45.510","01598 00:47:37",215.98,870.90,,,,"     ",5.10,92.32,4.39
1598,539313817,"01598M01:34:46.484","01598 00:47:38",215.93,870.84,,,,"     ",5.10,92.47,4.40
1598,539313818,"01598M01:34:47.457","01598 00:47:39",215.88,870.85,,,,"     ",5.10,92.08,4.38
1598,539313819,"01598M01:34:48.430","01598 00:47:40",215.84,870.88,,,,"     ",5.10,92.50,4.40
1598,539313820,"01598M01:34:49.403","01598 00:47:41",215.81,870.86,,,,"     ",5.10,92.93,4.42
1598,539313821,"01598M01:34:50.377","01598 00:47:42",215.79,870.90,,,,"     ",5.10,92.41,4.40
1598,539313822,"01598M01:34:51.350","01598 00:47:43",215.77,870.96,,,,"     ",5.10,92.43,4.40
1598,539313823,"01598M01:34:52.323","01598 00:47:44",215.75,870.89,,,,"     ",5.10,92.01,4.38
1598,539313824,"01598M01:34:53.296","01598 00:47:45",215.75,870.89,,,,"     ",5.10,92.22,4.39
1598,539313825,"01598M01:34:54.270","01598 00:47:46",215.74,870.92,,,,"     ",5.10,92.53,4.40
1598,539313826,"01598M01:34:55.243","01598 00:47:47",215.74,870.92,,,,"     ",5.10,91.85,4.37
1598,539313827,"01598M01:34:56.216","01598 00:47:48",215.74,870.94,,,,"     ",5.10,92.18,4.38
1598,539313828,"01598M01:34:57.189","01598 00:47:49",215.74,870.96,,,,"     ",5.10,92.31,4.39
1598,539313829,"01598M01:34:58.163","01598 00:47:50",215.74,870.96,,,,"     ",5.10,91.85,4.37
1598,539313830,"01598M01:34:59.136","01598 00:47:51",215.74,870.97,,,,"     ",5.10,91.91,4.37
1598,539313831,"01598M01:35:00.109","01598 00:47:52",215.73,870.94,,,,"     ",5.10,92.04,4.38
1598,539313832,"01598M01:35:01.082","01598 00:47:53",215.72,870.97,,,,"     ",5.10,92.10,4.38
1598,539313833,"01598M01:35:02.056","01598 00:47:54",215.69,870.93,,,,"     ",5.10,91.30,4.34
1598,539313834,"01598M01:35:03.029","01598 00:47:55",215.66,870.91,,,,"     ",5.10,92.10,4.38
1598,539313835,"01598M01:35:04.002","01598 00:47:56",215.61,871.03,,,,"     ",5.10,92.16,4.39
1598,539313836,"01598M01:35:04.975","01598 00:47:57",215.56,871.00,,,,"     ",5.10,92.87,4.42
1598,539313837,"01598M01:35:05.949","01598 00:47:58",215.50,870.81,,,,"     ",5.10,91.85,4.37
1598,539313838,"01598M01:35:06.922","01598 00:47:59",215.45,870.92,,,,"     ",5.10,91.98,4.38
1598,539313839,"01598M01:35:07.895","01598 00:48:00",215.41,870.94,,,,"     ",5.10,91.86,4.37
1598,539313840,"01598M01:35:08.868","01598 00:48:01",215.38,870.89,,,,"     ",5.10,91.71,4.37
1598,539313841,"01598M01:35:09.842","01598 00:48:02",215.36,870.88,,,,"     ",5.10,91.74,4.37
1598,539313842,"01598M01:35:10.815","01598 00:48:03",215.35,870.77,,,,"     ",5.10,91.58,4.36
1598,539313843,"01598M01:35:11.788","01598 00:48:04",215.35,870.74,,,,"     ",5.10,91.92,4.38
1598,539313844,"01598M01:35:12.761","01598 00:48:05",215.35,870.77,,,,"     ",5.10,92.10,4.39
1598,539313845,"01598M01:35:13.735","01598 00:48:06",215.35,870.84,,,,"     ",5.10,91.88,4.38
1598,539313846,"01598M01:35:14.708","01598 00:48:07",215.35,870.89,,,,"     ",5.10,92.00,4.38
1598,539313847,"01598M01:35:15.681","01598 00:48:08",215.35,870.86,,,,"     ",5.10,92.03,4.38
1598,539313848,"01598M01:35:16.654","01598 00:48:09",215.34,870.84,,,,"     ",5.10,91.86,4.38
1598,539313849,"01598M01:35:17.628","01598 00:48:10",215.32,870.92,,,,"     ",5.10,91.55,4.36
1598,539313850,"01598M01:35:18.601","01598 00:48:11",215.30,870.87,,,,"     ",5.10,92.13,4.39
1598,539313851,"01598M01:35:19.574","01598 00:48:12",215.27,870.79,,,,"     ",5.10,91.81,4.38
1598,539313852,"01598M01:35:20.547","01598 00:48:13",215.23,870.83,,,,"     ",5.10,91.59,4.37
1598,539313853,"01598M01:35:21.521","01598 00:48:13",215.19,870.84,,,,"     ",5.10,92.36,4.40
1598,539313854,"01598M01:35:22.494","01598 00:48:14",215.17,870.91,,,,"     ",5.10,91.49,4.36
1598,539313855,"01598M01:35:23.467","01598 00:48:15",215.15,870.90,,,,"     ",5.10,91.41,4.36
1598,539313856,"01598M01:35:24.440","01598 00:48:16",215.14,870.97,,,,"     ",5.10,92.18,4.40
1598,539313857,"01598M01:35:25.414","01598 00:48:17",215.13,870.86,,,,"     ",5.10,91.58,4.37
1598,539313858,"01598M01:35:26.387","01598 00:48:18",215.12,870.88,,,,"     ",5.10,91.43,4.36
1598,539313859,"01598M01:35:27.360","01598 00:48:19",215.12,870.84,,,,"     ",5.10,91.52,4.37
1598,539313860,"01598M01:35:28.333","01598 00:48:20",215.12,870.90,,,,"     ",5.10,91.71,4.38
1598,539313861,"01598M01:35:29.307","01598 00:48:21",215.12,870.86,,,,"     ",5.10,91.59,4.37
1598,539313862,"01598M01:35:30.280","01598 00:48:22",215.12,870.91,,,,"     ",5.10,91.19,4.35
1598,539313863,"01598M01:35:31.253","01598 00:48:23",215.13,870.88,,,,"     ",5.10,91.26,4.36
1598,539313864,"01598M01:35:32.227","01598 00:48:24",215.13,870.87,,,,"     ",5.10,91.20,4.36
1598,539313865,"01598M01:35:33.200","01598 00:48:25",215.15,870.88,,,,"     ",5.10,91.57,4.38
1598,539313866,"01598M01:35:34.173","01598 00:48:26",215.16,870.88,,,,"     ",5.10,91.42,4.37
1598,539313867,"01598M01:35:35.146","01598 00:48:27",215.18,870.87,,,,"     ",5.10,91.09,4.35
1598,539313868,"01598M01:35:36.120","01598 00:48:28",215.21,870.92,,,,"     ",5.10,91.80,4.39
1598,539313869,"01598M01:35:37.093","01598 00:48:29",215.23,870.94,,,,"     ",5.10,91.46,4.37
1598,539313870,"01598M01:35:38.066","01598 00:48:30",215.27,870.90,,,,"     ",5.10,90.74,4.34
1598,539313871,"01598M01:35:39.039","01598 00:48:31",215.30,870.87,,,,"     ",5.10,91.17,4.36
1598,539313872,"01598M01:35:40.013","01598 00:48:32",214.87,870.85,,,,"     ",5.10,91.73,4.39
1598,539313873,"01598M01:35:40.986","01598 00:48:33",214.84,870.87,,,,"     ",5.10,90.79,4.35
1598,539313874,"01598M01:35:41.959","01598 00:48:34",214.81,870.86,,,,"     ",5.10,91.21,4.37
1598,539313875,"01598M01:35:42.932","01598 00:48:35",214.79,870.80,,,,"     ",5.10,90.77,4.34
1598,539313876,"01598M01:35:43.906","01598 00:48:36",214.77,870.88,,,,"     ",5.10,91.25,4.37
1598,539313877,"01598M01:35:44.879","01598 00:48:37",214.75,870.83,,,,"     ",5.10,90.38,4.33
1598,539313878,"01598M01:35:45.852","01598 00:48:38",214.74,870.86,,,,"     ",5.10,90.72,4.35
1598,539313879,"01598M01:35:46.825","01598 00:48:39",214.72,870.89,,,,"     ",5.10,90.99,4.36
1598,539313880,"01598M01:35:47.799","01598 00:48:40",214.71,870.88,,,,"     ",5.10,90.69,4.35
1598,539313881,"01598M01:35:48.772","01598 00:48:41",214.70,870.93,,,,"     ",5.10,90.79,4.36
1598,539313882,"01598M01:35:49.745","01598 00:48:42",214.69,870.89,,,,"     ",5.10,91.25,4.38
1598,539313883,"01598M01:35:50.718","01598 00:48:43",214.69,870.89,,,,"     ",5.10,90.68,4.35
1598,539313884,"01598M01:35:51.692","01598 00:48:44",214.68,870.81,,,,"     ",5.10,91.27,4.38
1598,539313885,"01598M01:35:52.665","01598 00:48:45",214.68,870.89,,,,"     ",5.10,91.00,4.37
1598,539313886,"01598M01:35:53.638","01598 00:48:46",214.68,870.88,,,,"     ",5.10,91.15,4.38
1598,539313887,"01598M01:35:54.611","01598 00:48:47",214.68,870.83,,,,"     ",5.10,90.83,4.36
1598,539313888,"01598M01:35:55.585","01598 00:48:48",214.69,870.84,,,,"     ",5.10,91.38,4.39
1598,539313889,"01598M01:35:56.558","01598 00:48:49",214.71,870.77,,,,"     ",5.10,91.33,4.39
1598,539313890,"01598M01:35:57.531","01598 00:48:50",214.73,870.76,,,,"     ",5.10,91.00,4.37
1598,539313891,"01598M01:35:58.504","01598 00:48:50",214.76,870.83,,,,"     ",5.10,91.28,4.39
1598,539313892,"01598M01:35:59.478","01598 00:48:51",214.78,870.87,,,,"     ",5.10,91.21,4.39
1598,539313893,"01598M01:36:00.451","01598 00:48:52",214.78,870.82,,,,"     ",5.10,91.34,4.39
1598,539313894,"01598M01:36:01.424","01598 00:48:53",214.76,870.83,,,,"     ",5.10,91.17,4.39
1598,539313895,"01598M01:36:02.397","01598 00:48:54",214.72,870.82,,,,"     ",5.10,91.05,4.38
1598,539313896,"01598M01:36:03.371","01598 00:48:55",214.68,870.89,,,,"     ",5.10,91.08,4.38
1598,539313897,"01598M01:36:04.344","01598 00:48:56",214.65,870.91,,,,"     ",5.10,91.11,4.39
1598,539313898,"01598M01:36:05.317","01598 00:48:57",214.63,870.93,,,,"     ",5.10,91.30,4.40
1598,539313899,"01598M01:36:06.290","01598 00:48:58",214.62,870.95,,,,"     ",5.10,91.57,4.41
1598,539313900,"01598M01:36:07.264","01598 00:48:59",214.61,870.95,,,,"     ",5.10,91.21,4.39
1598,539313901,"01598M01:36:08.237","01598 00:49:00",214.60,871.01,,,,"     ",5.10,90.90,4.38
1598,539313902,"01598M01:36:09.210","01598 00:49:01",214.60,870.92,,,,"     ",5.10,90.84,4.37
1598,539313903,"01598M01:36:10.183","01598 00:49:02",214.59,870.94,,,,"     ",5.10,91.08,4.39
1598,539313904,"01598M01:36:11.157","01598 00:49:03",214.58,870.98,,,,"     ",5.10,91.19,4.39
1598,539313905,"01598M01:36:12.130","01598 00:49:04",214.58,870.95,,,,"     ",5.10,91.15,4.39
1598,539313906,"01598M01:36:13.103","01598 00:49:05",214.57,870.91,,,,"     ",5.10,91.56,4.41
1598,539313907,"01598M01:36:14.076","01598 00:49:06",214.56,870.89,,,,"     ",5.10,91.54,4.41
1598,539313908,"01598M01:36:15.050","01598 00:49:07",214.56,870.86,,,,"     ",5.10,91.70,4.42
1598,539313909,"01598M01:36:16.023","01598 00:49:08",214.81,870.75,,,,"     ",5.10,91.33,4.40
1598,539313910,"01598M01:36:16.996","01598 00:49:09",214.81,870.82,,,,"     ",5.10,91.30,4.40
1598,539313911,"01598M01:36:17.969","01598 00:49:10",214.83,870.84,,,,"     ",5.10,91.25,4.40
1598,539313912,"01598M01:36:18.943","01598 00:49:11",214.85,870.86,,,,"     ",5.10,91.79,4.43
1598,539313913,"01598M01:36:19.916","01598 00:49:12",214.89,870.94,,,,"     ",5.10,91.21,4.40
1598,539313914,"01598M01:36:20.889","01598 00:49:13",214.66,870.88,,,,"     ",5.10,91.31,4.41
1598,539313915,"01598M01:36:21.862","01598 00:49:14",214.70,870.93,,,,"     ",5.10,91.67,4.42
1598,539313916,"01598M01:36:22.836","01598 00:49:15",214.75,870.94,,,,"     ",5.10,91.46,4.41
1598,539313917,"01598M01:36:23.809","01598 00:49:16",214.81,870.92,,,,"     ",5.10,91.50,4.42
1598,539313918,"01598M01:36:24.782","01598 00:49:17",214.87,870.91,,,,"     ",5.10,91.98,4.44
1598,539313919,"01598M01:36:25.755","01598 00:49:18",214.92,870.87,,,,"     ",5.10,91.14,4.40
1598,539313920,"01598M01:36:26.729","01598 00:49:19",214.96,870.92,,,,"     ",5.10,90.84,4.39
1598,539313921,"01598M01:36:27.702","01598 00:49:20",214.98,870.94,,,,"     ",5.10,91.20,4.40
1598,539313922,"01598M01:36:28.675","01598 00:49:21",214.99,870.90,,,,"     ",5.10,90.84,4.39
1598,539313923,"01598M01:36:29.648","01598 00:49:22",215.00,870.88,,,,"     ",5.10,91.54,4.42
1598,539313924,"01598M01:36:30.622","01598 00:49:23",215.00,870.86,,,,"     ",5.10,90.82,4.39
1598,539313925,"01598M01:36:31.595","01598 00:49:24",215.00,870.86,,,,"     ",5.10,91.30,4.41
1598,539313926,"01598M01:36:32.568","01598 00:49:25",214.99,870.88,,,,"     ",5.10,91.58,4.43
1598,539313927,"01598M01:36:33.541","01598 00:49:26",214.97,870.88,,,,"     ",5.10,91.19,4.41
1598,539313928,"01598M01:36:34.515","01598 00:49:26",214.95,870.94,,,,"     ",5.10,90.46,4.37
1598,539313929,"01598M01:36:35.488","01598 00:49:27",214.90,871.00,,,,"     ",5.10,90.99,4.40
1598,539313930,"01598M01:36:36.461","01598 00:49:28",214.85,870.95,,,,"     ",5.10,90.98,4.40
1598,539313931,"01598M01:36:37.434","01598 00:49:29",214.78,870.91,,,,"     ",5.10,90.57,4.38
1598,539313932,"01598M01:36:38.408","01598 00:49:30",214.70,870.88,,,,"     ",5.10,90.72,4.39
1598,539313933,"01598M01:36:39.381","01598 00:49:31",214.63,870.86,,,,"     ",5.10,91.14,4.41
1598,539313934,"01598M01:36:40.354","01598 00:49:32",214.56,870.90,,,,"     ",5.10,90.78,4.39
1598,539313935,"01598M01:36:41.328","01598 00:49:33",214.49,870.83,,,,"     ",5.10,90.79,4.39
1598,539313936,"01598M01:36:42.301","01598 00:49:34",214.45,870.79,,,,"     ",5.10,91.18,4.41
1598,539313937,"01598M01:36:43.274","01598 00:49:35",214.44,870.87,,,,"     ",5.10,90.36,4.37
1598,539313938,"01598M01:36:44.247","01598 00:49:36",214.61,870.86,,,,"     ",5.10,90.95,4.40
1598,539313939,"01598M01:36:45.221","01598 00:49:37",214.61,870.81,,,,"     ",5.10,90.98,4.40
1598,539313940,"01598M01:36:46.194","01598 00:49:38",214.61,870.90,,,,"     ",5.10,90.64,4.39
1598,539313941,"01598M01:36:47.167","01598 00:49:39",214.62,870.85,,,,"     ",5.10,91.04,4.41
1598,539313942,"01598M01:36:48.140","01598 00:49:40",214.63,870.96,,,,"     ",5.10,90.77,4.40
1598,539313943,"01598M01:36:49.114","01598 00:49:41",214.64,870.95,,,,"     ",5.10,90.41,4.38
1598,539313944,"01598M01:36:50.087","01598 00:49:42",214.66,870.95,,,,"     ",5.10,90.58,4.39
1598,539313945,"01598M01:36:51.060","01598 00:49:43",214.67,870.89,,,,"     ",5.10,90.66,4.39
1598,539313946,"01598M01:36:52.033","01598 00:49:44",214.68,870.88,,,,"     ",5.10,90.12,4.36
1598,539313947,"01598M01:36:53.007","01598 00:49:45",214.69,870.89,,,,"     ",5.10,90.72,4.40
1598,539313948,"01598M01:36:53.980","01598 00:49:46",214.70,870.93,,,,"     ",5.10,90.87,4.41
1598,539313949,"01598M01:36:54.953","01598 00:49:47",214.71,870.94,,,,"     ",5.10,90.30,4.38
1598,539313950,"01598M01:36:55.926","01598 00:49:48",214.72,870.90,,,,"     ",5.10,90.31,4.38
1598,539313951,"01598M01:36:56.900","01598 00:49:49",214.53,870.93,,,,"     ",5.10,90.43,4.38
1598,539313952,"01598M01:36:57.873","01598 00:49:50",214.54,870.94,,,,"     ",5.10,90.49,4.39
1598,539313953,"01598M01:36:58.846","01598 00:49:51",214.59,870.98,,,,"     ",5.10,90.02,4.36
1598,539313954,"01598M01:36:59.819","01598 00:49:52",214.65,871.01,,,,"     ",5.10,90.32,4.38
1598,539313955,"01598M01:37:00.793","01598 00:49:53",214.73,870.93,,,,"     ",5.10,89.95,4.36
1598,539313956,"01598M01:37:01.766","01598 00:49:54",214.80,870.97,,,,"     ",5.10,89.67,4.35
1598,539313957,"01598M01:37:02.739","01598 00:49:55",214.88,870.94,,,,"     ",5.10,89.61,4.34
1598,539313958,"01598M01:37:03.712","01598 00:49:56",214.95,870.94,,,,"     ",5.10,89.92,4.36
1598,539313959,"01598M01:37:04.686","01598 00:49:57",215.02,870.88,,,,"     ",5.10,90.14,4.37
1598,539313960,"01598M01:37:05.659","01598 00:49:58",215.08,870.89,,,,"     ",5.10,90.39,4.39
1598,539313961,"01598M01:37:06.632","01598 00:49:59",215.13,870.85,,,,"     ",5.10,90.35,4.38
1598,539313962,"01598M01:37:07.605","01598 00:50:00",215.16,870.87,,,,"     ",5.10,89.78,4.35
1598,539313963,"01598M01:37:08.579","01598 00:50:01",215.18,870.90,,,,"     ",5.10,90.27,4.38
1598,539313964,"01598M01:37:09.552","01598 00:50:02",215.17,870.92,,,,"     ",5.10,89.64,4.35
1598,539313965,"01598M01:37:10.525","01598 00:50:02",215.15,870.98,,,,"     ",5.10,89.68,4.35
1598,539313966,"01598M01:37:11.498","01598 00:50:03",215.11,870.94,,,,"     ",5.10,90.47,4.39
1598,539313967,"01598M01:37:12.472","01598 00:50:04",215.04,870.94,,,,"     ",5.10,90.14,4.37
1598,539313968,"01598M01:37:13.445","01598 00:50:05",214.96,870.93,,,,"     ",5.10,90.08,4.37
1598,539313969,"01598M01:37:14.418","01598 00:50:06",214.85,870.98,,,,"     ",5.10,90.11,4.37
1598,539313970,"01598M01:37:15.391","01598 00:50:07",214.74,870.97,,,,"     ",5.10,90.35,4.38
1598,539313971,"01598M01:37:16.365","01598 00:50:08",214.66,870.98,,,,"     ",5.10,89.86,4.36
1598,539313972,"01598M01:37:17.338","01598 00:50:09",214.92,871.00,,,,"     ",5.10,90.44,4.39
1598,539313973,"01598M01:37:18.311","01598 00:50:10",214.89,870.90,,,,"     ",5.10,89.87,4.36
1598,539313974,"01598M01:37:19.284","01598 00:50:11",214.87,870.93,,,,"     ",5.10,90.23,4.38
1598,539313975,"01598M01:37:20.258","01598 00:50:12",214.86,870.93,,,,"     ",5.10,90.05,4.37
1598,539313976,"01598M01:37:21.231","01598 00:50:13",214.87,870.86,,,,"     ",5.10,90.32,4.38
1598,539313977,"01598M01:37:22.204","01598 00:50:14",214.90,870.76,,,,"     ",5.10,89.73,4.35
1598,539313978,"01598M01:37:23.177","01598 00:50:15",214.94,870.87,,,,"     ",5.10,90.32,4.38
1598,539313979,"01598M01:37:24.151","01598 00:50:16",215.00,870.94,,,,"     ",5.10,89.66,4.35
1598,539313980,"01598M01:37:25.124","01598 00:50:17",215.07,870.93,,,,"     ",5.10,90.04,4.37
1598,539313981,"01598M01:37:26.097","01598 00:50:18",214.79,871.06,,,,"     ",5.10,90.33,4.38
1598,539313982,"01598M01:37:27.070","01598 00:50:19",214.89,870.98,,,,"     ",5.10,89.31,4.33
1598,539313983,"01598M01:37:28.044","01598 00:50:20",215.00,870.89,,,,"     ",5.10,90.08,4.37
1598,539313984,"01598M01:37:29.017","01598 00:50:21",215.10,870.92,,,,"     ",5.10,90.59,4.40
1598,539313985,"01598M01:37:29.990","01598 00:50:22",215.18,870.85,,,,"     ",5.10,89.57,4.34
1598,539313986,"01598M01:37:30.963","01598 00:50:23",215.24,870.87,,,,"     ",5.10,90.26,4.38
1598,539313987,"01598M01:37:31.937","01598 00:50:24",215.28,870.85,,,,"     ",5.10,89.98,4.36
1598,539313988,"01598M01:37:32.910","01598 00:50:25",215.31,870.88,,,,"     ",5.10,90.10,4.37
1598,539313989,"01598M01:37:33.883","01598 00:50:26",215.32,870.93,,,,"     ",5.10,89.86,4.36
1598,539313990,"01598M01:37:34.856","01598 00:50:27",215.32,871.04,,,,"     ",5.10,90.30,4.38
1598,539313991,"01598M01:37:35.830","01598 00:50:28",215.31,870.90,,,,"     ",5.10,89.80,4.35
1598,539313992,"01598M01:37:36.803","01598 00:50:29",215.29,870.98,,,,"     ",5.10,90.00,4.37
1598,539313993,"01598M01:37:37.776","01598 00:50:30",215.26,870.90,,,,"     ",5.10,89.65,4.35
1598,539313994,"01598M01:37:38.749","01598 00:50:31",215.22,870.91,,,,"     ",5.10,89.62,4.35
1598,539313995,"01598M01:37:39.723","01598 00:50:32",215.18,870.95,,,,"     ",5.10,89.68,4.35
1598,539313996,"01598M01:37:40.696","01598 00:50:33",215.13,870.97,,,,"     ",5.10,89.55,4.34
1598,539313997,"01598M01:37:41.669","01598 00:50:34",215.08,870.98,,,,"     ",5.10,89.11,4.32
1598,539313998,"01598M01:37:42.642","01598 00:50:35",215.05,870.99,,,,"     ",5.10,89.55,4.34
1598,539313999,"01598M01:37:43.616","01598 00:50:36",215.03,870.93,,,,"     ",5.10,89.44,4.34
1598,539314000,"01598M01:37:44.589","01598 00:50:37",215.02,870.88,,,,"     ",5.10,88.81,4.31
1598,539314001,"01598M01:37:45.562","01598 00:50:38",215.03,870.90,,,,"     ",5.10,88.96,4.32
1598,539314002,"01598M01:37:46.535","01598 00:50:38",215.05,870.98,,,,"     ",5.10,89.11,4.32
1598,539314003,"01598M01:37:47.509","01598 00:50:39",215.07,870.99,,,,"     ",5.10,88.59,4.30
1598,539314004,"01598M01:37:48.482","01598 00:50:40",215.10,870.98,,,,"     ",5.10,88.87,4.31
1598,539314005,"01598M01:37:49.455","01598 00:50:41",215.13,870.96,,,,"     ",5.10,89.32,4.33
1598,539314006,"01598M01:37:50.428","01598 00:50:42",215.16,870.92,,,,"     ",5.10,88.70,4.30
1598,539314007,"01598M01:37:51.402","01598 00:50:43",215.18,870.88,,,,"     ",5.10,89.15,4.33
1598,539314008,"01598M01:37:52.375","01598 00:50:44",215.20,870.91,,,,"     ",5.10,88.94,4.32
1598,539314009,"01598M01:37:53.348","01598 00:50:45",215.22,870.83,,,,"     ",5.10,89.20,4.33
1598,539314010,"01598M01:37:54.322","01598 00:50:46",215.24,870.75,,,,"     ",5.10,88.47,4.29
1598,539314011,"01598M01:37:55.295","01598 00:50:47",215.24,870.85,,,,"     ",5.10,89.25,4.33
1598,539314012,"01598M01:37:56.268","01598 00:50:48",215.24,870.88,,,,"     ",5.10,89.97,4.37
1598,539314013,"01598M01:37:57.241","01598 00:50:49",215.24,870.88,,,,"     ",5.10,89.28,4.33
1598,539314014,"01598M01:37:58.215","01598 00:50:50",215.25,870.96,,,,"     ",5.10,88.97,4.32
1598,539314015,"01598M01:37:59.188","01598 00:50:51",215.26,870.99,,,,"     ",5.10,90.08,4.37
1598,539314016,"01598M01:38:00.161","01598 00:50:52",215.28,870.93,,,,"     ",5.10,89.91,4.37
1598,539314017,"01598M01:38:01.134","01598 00:50:53",215.30,870.94,,,,"     ",5.10,89.27,4.33
1598,539314018,"01598M01:38:02.108","01598 00:50:54",215.31,870.95,,,,"     ",5.10,89.52,4.35
1598,539314019,"01598M01:38:03.081","01598 00:50:55",215.32,870.86,,,,"     ",5.10,89.43,4.34
1598,539314020,"01598M01:38:04.054","01598 00:50:56",215.31,870.87,,,,"     ",5.10,89.28,4.33
1598,539314021,"01598M01:38:05.027","01598 00:50:57",215.30,870.92,,,,"     ",5.10,89.24,4.33
1598,539314022,"01598M01:38:06.001","01598 00:50:58",215.28,870.93,,,,"     ",5.10,89.16,4.33
1598,539314023,"01598M01:38:06.974","01598 00:50:59",215.26,871.01,,,,"     ",5.10,89.47,4.34
1598,539314024,"01598M01:38:07.947","01598 00:51:00",215.24,870.86,,,,"     ",5.10,89.92,4.37
1598,539314025,"01598M01:38:08.920","01598 00:51:01",215.23,870.91,,,,"     ",5.10,89.92,4.37
1598,539314026,"01598M01:38:09.894","01598 00:51:02",215.21,870.92,,,,"     ",5.10,89.97,4.37
1598,539314027,"01598M01:38:10.867","01598 00:51:03",215.19,870.93,,,,"     ",5.10,89.58,4.35
1598,539314028,"01598M01:38:11.840","01598 00:51:04",215.17,870.96,,,,"     ",5.10,89.92,4.37
1598,539314029,"01598M01:38:12.813","01598 00:51:05",215.15,870.94,,,,"     ",5.10,89.77,4.36
1598,539314030,"01598M01:38:13.787","01598 00:51:06",215.14,870.97,,,,"     ",5.10,89.73,4.36
1598,539314031,"01598M01:38:14.760","01598 00:51:07",215.13,870.90,,,,"     ",5.10,89.37,4.34
1598,539314032,"01598M01:38:15.733","01598 00:51:08",215.12,870.94,,,,"     ",5.10,89.35,4.34
1598,539314033,"01598M01:38:16.706","01598 00:51:09",215.11,870.88,,,,"     ",5.10,90.16,4.38
1598,539314034,"01598M01:38:17.680","01598 00:51:10",215.11,870.97,,,,"     ",5.10,89.65,4.36
1598,539314035,"01598M01:38:18.653","01598 00:51:11",215.11,870.85,,,,"     ",5.10,89.24,4.33
1598,539314036,"01598M01:38:19.626","01598 00:51:12",215.10,870.93,,,,"     ",5.10,89.29,4.34
1598,539314037,"01598M01:38:20.599","01598 00:51:13",215.09,870.94,,,,"     ",5.10,89.69,4.36
1598,539314038,"01598M01:38:21.573","01598 00:51:14",215.07,870.87,,,,"     ",5.10,89.30,4.34
1598,539314039,"01598M01:38:22.546","01598 00:51:14",215.03,870.83,,,,"     ",5.10,89.48,4.35
1598,539314040,"01598M01:38:23.519","01598 00:51:15",214.99,870.89,,,,"     ",5.10,89.30,4.34
1598,539314041,"01598M01:38:24.492","01598 00:51:16",214.95,871.00,,,,"     ",5.10,89.33,4.34
1598,539314042,"01598M01:38:25.466","01598 00:51:17",214.89,870.88,,,,"     ",5.10,89.04,4.33
1598,539314043,"01598M01:38:26.439","01598 00:51:18",214.84,870.91,,,,"     ",5.10,89.45,4.35
1598,539314044,"01598M01:38:27.412","01598 00:51:19",214.79,870.91,,,,"     ",5.10,89.15,4.33
1598,539314045,"01598M01:38:28.385","01598 00:51:20",214.75,870.85,,,,"     ",5.10,89.67,4.36
1598,539314046,"01598M01:38:29.359","01598 00:51:21",214.71,870.89,,,,"     ",5.10,89.74,4.36
1598,539314047,"01598M01:38:30.332","01598 00:51:22",214.69,870.87,,,,"     ",5.10,89.25,4.34
1598,539314048,"01598M01:38:31.305","01598 00:51:23",215.02,870.90,,,,"     ",5.10,89.01,4.33
1598,539314049,"01598M01:38:32.278","01598 00:51:24",214.99,870.89,,,,"     ",5.10,89.04,4.33
1598,539314050,"01598M01:38:33.252","01598 00:51:25",214.96,870.92,,,,"     ",5.10,89.85,4.37
1598,539314051,"01598M01:38:34.225","01598 00:51:26",214.95,870.88,,,,"     ",5.10,88.78,4.32
1598,539314052,"01598M01:38:35.198","01598 00:51:27",214.94,870.95,,,,"     ",5.10,89.01,4.33
1598,539314053,"01598M01:38:36.171","01598 00:51:28",214.94,870.95,,,,"     ",5.10,89.46,4.35
1598,539314054,"01598M01:38:37.145","01598 00:51:29",214.95,870.95,,,,"     ",5.10,89.25,4.34
1598,539314055,"01598M01:38:38.118","01598 00:51:30",214.98,870.98,,,,"     ",5.10,89.28,4.34
1598,539314056,"01598M01:38:39.091","01598 00:51:31",214.70,870.96,,,,"     ",5.10,88.65,4.31
1598,539314057,"01598M01:38:40.064","01598 00:51:32",214.73,870.85,,,,"     ",5.10,88.88,4.32
1598,539314058,"01598M01:38:41.038","01598 00:51:33",214.79,870.93,,,,"     ",5.10,88.45,4.30
1598,539314059,"01598M01:38:42.011","01598 00:51:34",214.85,870.86,,,,"     ",5.10,88.50,4.31
1598,539314060,"01598M01:38:42.984","01598 00:51:35",214.91,870.90,,,,"     ",5.10,89.18,4.34
1598,539314061,"01598M01:38:43.957","01598 00:51:36",214.96,870.90,,,,"     ",5.10,89.30,4.35
1598,539314062,"01598M01:38:44.931","01598 00:51:37",215.01,870.95,,,,"     ",5.10,89.51,4.36
1598,539314063,"01598M01:38:45.904","01598 00:51:38",215.05,870.89,,,,"     ",5.10,89.16,4.34
1598,539314064,"01598M01:38:46.877","01598 00:51:39",215.08,870.87,,,,"     ",5.10,88.95,4.33
1598,539314065,"01598M01:38:47.850","01598 00:51:40",215.12,870.94,,,,"     ",5.10,89.04,4.34
1598,539314066,"01598M01:38:48.824","01598 00:51:41",215.14,870.81,,,,"     ",5.10,89.14,4.34
1598,539314067,"01598M01:38:49.797","01598 00:51:42",215.17,870.89,,,,"     ",5.10,89.38,4.35
1598,539314068,"01598M01:38:50.770","01598 00:51:43",215.18,871.00,,,,"     ",5.10,88.61,4.32
1598,539314069,"01598M01:38:51.743","01598 00:51:44",215.19,870.92,,,,"     ",5.10,89.35,4.35
1598,539314070,"01598M01:38:52.717","01598 00:51:45",215.19,870.92,,,,"     ",5.10,89.29,4.35
1598,539314071,"01598M01:38:53.690","01598 00:51:46",215.18,870.98,,,,"     ",5.10,88.48,4.31
1598,539314072,"01598M01:38:54.663","01598 00:51:47",215.16,870.91,,,,"     ",5.10,88.96,4.33
1598,539314073,"01598M01:38:55.636","01598 00:51:48",215.14,870.88,,,,"     ",5.10,89.03,4.34
1598,539314074,"01598M01:38:56.610","01598 00:51:49",215.12,870.91,,,,"     ",5.10,88.67,4.32
1598,539314075,"01598M01:38:57.583","01598 00:51:50",215.09,870.93,,,,"     ",5.10,89.18,4.35
1598,539314076,"01598M01:38:58.556","01598 00:51:50",215.07,870.94,,,,"     ",5.10,89.00,4.34
1598,539314077,"01598M01:38:59.529","01598 00:51:51",215.04,870.95,,,,"     ",5.10,89.24,4.35
1598,539314078,"01598M01:39:00.503","01598 00:51:52",215.02,870.92,,,,"     ",5.10,88.10,4.29
1598,539314079,"01598M01:39:01.476","01598 00:51:53",215.00,870.79,,,,"     ",5.10,89.11,4.34
1598,539314080,"01598M01:39:02.449","01598 00:51:54",214.99,870.82,,,,"     ",5.10,88.15,4.30
1598,539314081,"01598M01:39:03.423","01598 00:51:55",214.99,870.82,,,,"     ",5.10,88.99,4.34
1598,539314082,"01598M01:39:04.396","01598 00:51:56",215.01,870.88,,,,"     ",5.10,88.92,4.34
1598,539314083,"01598M01:39:05.369","01598 00:51:57",215.03,870.83,,,,"     ",5.10,88.93,4.34
1598,539314084,"01598M01:39:06.342","01598 00:51:58",215.06,870.90,,,,"     ",5.10,89.05,4.34
1598,539314085,"01598M01:39:07.316","01598 00:51:59",215.09,870.89,,,,"     ",5.10,88.81,4.33
1598,539314086,"01598M01:39:08.289","01598 00:52:00",215.12,871.02,,,,"     ",5.10,88.74,4.33
1598,539314087,"01598M01:39:09.262","01598 00:52:01",215.14,870.99,,,,"     ",5.10,89.19,4.35
1598,539314088,"01598M01:39:10.235","01598 00:52:02",215.17,870.96,,,,"     ",5.10,89.28,4.36
1598,539314089,"01598M01:39:11.209","01598 00:52:03",215.20,870.91,,,,"     ",5.10,89.08,4.35
1598,539314090,"01598M01:39:12.182","01598 00:52:04",215.24,870.92,,,,"     ",5.10,88.57,4.32
1598,539314091,"01598M01:39:13.155","01598 00:52:05",215.29,870.95,,,,"     ",5.10,88.69,4.33
1598,539314092,"01598M01:39:14.128","01598 00:52:06",215.34,870.88,,,,"     ",5.10,88.94,4.34
1598,539314093,"01598M01:39:15.102","01598 00:52:07",215.38,870.90,,,,"     ",5.10,88.82,4.34
1598,539314094,"01598M01:39:16.075","01598 00:52:08",215.40,870.95,,,,"     ",5.10,89.05,4.35
1598,539314095,"01598M01:39:17.048","01598 00:52:09",215.41,870.98,,,,"     ",5.10,89.36,4.36
1598,539314096,"01598M01:39:18.021","01598 00:52:10",215.41,871.03,,,,"     ",5.10,89.08,4.35
1598,539314097,"01598M01:39:18.995","01598 00:52:11",215.38,871.01,,,,"     ",5.10,89.48,4.37
1598,539314098,"01598M01:39:19.968","01598 00:52:12",215.34,871.08,,,,"     ",5.10,89.80,4.39
1598,539314099,"01598M01:39:20.941","01598 00:52:13",215.29,870.99,,,,"     ",5.10,88.78,4.33
1598,539314100,"01598M01:39:21.914","01598 00:52:14",215.22,870.95,,,,"     ",5.10,89.24,4.36
1598,539314101,"01598M01:39:22.888","01598 00:52:15",215.16,870.94,,,,"     ",5.10,89.51,4.37
1598,539314102,"01598M01:39:23.861","01598 00:52:16",215.10,870.97,,,,"     ",5.10,88.67,4.33
1598,539314103,"01598M01:39:24.834","01598 00:52:17",215.05,870.95,,,,"     ",5.10,89.70,4.38
1598,539314104,"01598M01:39:25.807","01598 00:52:18",215.01,870.90,,,,"     ",5.10,88.95,4.34
1598,539314105,"01598M01:39:26.781","01598 00:52:19",214.97,870.87,,,,"     ",5.10,89.20,4.36
1598,539314106,"01598M01:39:27.754","01598 00:52:20",214.93,870.89,,,,"     ",5.10,89.57,4.38
1598,539314107,"01598M01:39:28.727","01598 00:52:21",214.89,870.88,,,,"     ",5.10,89.44,4.37
1598,539314108,"01598M01:39:29.700","01598 00:52:22",214.85,870.91,,,,"     ",5.10,89.71,4.38
1598,539314109,"01598M01:39:30.674","01598 00:52:23",214.81,870.82,,,,"     ",5.10,89.54,4.37
1598,539314110,"01598M01:39:31.647","01598 00:52:24",214.78,870.89,,,,"     ",5.10,89.48,4.37
1598,539314111,"01598M01:39:32.620","01598 00:52:25",214.76,870.98,,,,"     ",5.10,90.19,4.41
1598,539314112,"01598M01:39:33.593","01598 00:52:26",214.74,871.07,,,,"     ",5.10,89.62,4.38
1598,539314113,"01598M01:39:34.567","01598 00:52:26",214.72,871.01,,,,"     ",5.10,89.38,4.37
1598,539314114,"01598M01:39:35.540","01598 00:52:27",214.71,870.95,,,,"     ",5.10,89.69,4.39
1598,539314115,"01598M01:39:36.513","01598 00:52:28",214.71,870.95,,,,"     ",5.10,89.42,4.37
1598,539314116,"01598M01:39:37.486","01598 00:52:29",214.72,870.89,,,,"     ",5.10,89.55,4.38
1598,539314117,"01598M01:39:38.460","01598 00:52:30",214.74,870.80,,,,"     ",5.10,90.03,4.40
1598,539314118,"01598M01:39:39.433","01598 00:52:31",214.77,870.84,,,,"     ",5.10,89.67,4.38
1598,539314119,"01598M01:39:40.406","01598 00:52:32",214.80,870.87,,,,"     ",5.10,89.31,4.37
1598,539314120,"01598M01:39:41.379","01598 00:52:33",214.83,871.00,,,,"     ",5.10,89.09,4.36
1598,539314121,"01598M01:39:42.353","01598 00:52:34",214.84,871.00,,,,"     ",5.10,89.84,4.40
1598,539314122,"01598M01:39:43.326","01598 00:52:35",214.85,870.91,,,,"     ",5.10,89.31,4.37
1598,539314123,"01598M01:39:44.299","01598 00:52:36",214.84,870.89,,,,"     ",5.10,89.84,4.40
1598,539314124,"01598M01:39:45.272","01598 00:52:37",214.83,870.91,,,,"     ",5.10,89.32,4.37
1598,539314125,"01598M01:39:46.246","01598 00:52:38",214.83,870.88,,,,"     ",5.10,89.41,4.37
1598,539314126,"01598M01:39:47.219","01598 00:52:39",214.83,870.85,,,,"     ",5.10,89.96,4.40
1598,539314127,"01598M01:39:48.192","01598 00:52:40",214.83,870.93,,,,"     ",5.10,89.73,4.39
1598,539314128,"01598M01:39:49.165","01598 00:52:41",214.84,870.85,,,,"     ",5.10,89.60,4.38
1598,539314129,"01598M01:39:50.139","01598 00:52:42",214.86,870.95,,,,"     ",5.10,90.15,4.41
1598,539314130,"01598M01:39:51.112","01598 00:52:43",214.89,871.01,,,,"     ",5.10,89.58,4.38
1598,539314131,"01598M01:39:52.085","01598 00:52:44",214.93,870.96,,,,"     ",5.10,89.82,4.40
1598,539314132,"01598M01:39:53.058","01598 00:52:45",214.97,870.88,,,,"     ",5.10,90.08,4.41
1598,539314133,"01598M01:39:54.032","01598 00:52:46",215.01,870.87,,,,"     ",5.10,89.90,4.40
1598,539314134,"01598M01:39:55.005","01598 00:52:47",215.05,870.93,,,,"     ",5.10,89.44,4.38
1598,539314135,"01598M01:39:55.978","01598 00:52:48",215.08,870.92,,,,"     ",5.10,89.77,4.39
1598,539314136,"01598M01:39:56.951","01598 00:52:49",215.09,870.95,,,,"     ",5.10,89.77,4.39
1598,539314137,"01598M01:39:57.925","01598 00:52:50",215.08,870.98,,,,"     ",5.10,89.41,4.38
1598,539314138,"01598M01:39:58.898","01598 00:52:51",215.06,870.84,,,,"     ",5.10,89.70,4.39
1598,539314139,"01598M01:39:59.871","01598 00:52:52",215.04,870.82,,,,"     ",5.10,89.94,4.40
1598,539314140,"01598M01:40:00.844","01598 00:52:53",215.01,870.89,,,,"     ",5.10,89.80,4.39
1598,539314141,"01598M01:40:01.818","01598 00:52:54",214.98,870.85,,,,"     ",5.10,89.73,4.39
1598,539314142,"01598M01:40:02.791","01598 00:52:55",214.94,870.84,,,,"     ",5.10,89.70,4.39
1598,539314143,"01598M01:40:03.764","01598 00:52:56",214.91,870.89,,,,"     ",5.10,89.45,4.38
1598,539314144,"01598M01:40:04.737","01598 00:52:57",214.87,870.91,,,,"     ",5.10,89.58,4.39
1598,539314145,"01598M01:40:05.711","01598 00:52:58",214.83,871.01,,,,"     ",5.10,89.54,4.39
1598,539314146,"01598M01:40:06.684","01598 00:52:59",214.80,870.94,,,,"     ",5.10,90.20,4.42
1598,539314147,"01598M01:40:07.657","01598 00:53:00",214.77,870.85,,,,"     ",5.10,89.41,4.38
1598,539314148,"01598M01:40:08.630","01598 00:53:01",214.74,870.86,,,,"     ",5.10,89.71,4.39
1598,539314149,"01598M01:40:09.604","01598 00:53:02",214.70,870.84,,,,"     ",5.10,89.47,4.38
1598,539314150,"01598M01:40:10.577","01598 00:53:02",214.66,870.94,,,,"     ",5.10,90.33,4.43
1598,539314151,"01598M01:40:11.550","01598 00:53:03",214.62,870.87,,,,"     ",5.10,89.47,4.38
1598,539314152,"01598M01:40:12.524","01598 00:53:04",214.59,870.86,,,,"     ",5.10,89.54,4.39
1598,539314153,"01598M01:40:13.497","01598 00:53:05",214.57,870.89,,,,"     ",5.10,89.84,4.40
1598,539314154,"01598M01:40:14.470","01598 00:53:06",214.57,870.90,,,,"     ",5.10,89.93,4.41
1598,539314155,"01598M01:40:15.443","01598 00:53:07",214.59,870.93,,,,"     ",5.10,89.23,4.37
1598,539314156,"01598M01:40:16.417","01598 00:53:08",214.63,871.02,,,,"     ",5.10,89.38,4.38
1598,539314157,"01598M01:40:17.390","01598 00:53:09",214.70,870.91,,,,"     ",5.10,89.31,4.38
1598,539314158,"01598M01:40:18.363","01598 00:53:10",214.78,870.92,,,,"     ",5.10,89.47,4.39
1598,539314159,"01598M01:40:19.336","01598 00:53:11",214.86,870.95,,,,"     ",5.10,89.52,4.39
1598,539314160,"01598M01:40:20.310","01598 00:53:12",214.92,870.83,,,,"     ",5.10,89.56,4.39
1598,539314161,"01598M01:40:21.283","01598 00:53:13",214.95,870.89,,,,"     ",5.10,89.59,4.40
1598,539314162,"01598M01:40:22.256","01598 00:53:14",214.97,870.90,,,,"     ",5.10,89.65,4.40
1598,539314163,"01598M01:40:23.229","01598 00:53:15",214.97,870.86,,,,"     ",5.10,89.70,4.40
1598,539314164,"01598M01:40:24.203","01598 00:53:16",214.97,870.80,,,,"     ",5.10,89.79,4.41
1598,539314165,"01598M01:40:25.176","01598 00:53:17",214.96,870.83,,,,"     ",5.10,89.93,4.42
1598,539314166,"01598M01:40:26.149","01598 00:53:18",214.94,870.88,,,,"     ",5.10,89.76,4.41
1598,539314167,"01598M01:40:27.122","01598 00:53:19",214.92,870.85,,,,"     ",5.10,90.10,4.43
1598,539314168,"01598M01:40:28.096","01598 00:53:20",214.90,870.84,,,,"     ",5.10,90.15,4.43
1598,539314169,"01598M01:40:29.069","01598 00:53:21",214.87,870.85,,,,"     ",5.10,89.57,4.40
1598,539314170,"01598M01:40:30.042","01598 00:53:22",214.83,870.93,,,,"     ",5.10,89.73,4.41
1598,539314171,"01598M01:40:31.015","01598 00:53:23",214.79,870.89,,,,"     ",5.10,89.65,4.41
1598,539314172,"01598M01:40:31.989","01598 00:53:24",214.74,870.92,,,,"     ",5.10,90.36,4.44
1598,539314173,"01598M01:40:32.962","01598 00:53:25",214.69,870.93,,,,"     ",5.10,89.50,4.40
1598,539314174,"01598M01:40:33.935","01598 00:53:26",214.62,870.93,,,,"     ",5.10,89.92,4.42
1598,539314175,"01598M01:40:34.908","01598 00:53:27",214.54,870.85,,,,"     ",5.10,90.29,4.44
1598,539314176,"01598M01:40:35.882","01598 00:53:28",214.48,870.89,,,,"     ",5.10,90.03,4.43
1598,539314177,"01598M01:40:36.855","01598 00:53:29",214.67,870.90,,,,"     ",5.10,89.82,4.42
1598,539314178,"01598M01:40:37.828","01598 00:53:30",214.63,870.92,,,,"     ",5.10,89.80,4.42
1598,539314179,"01598M01:40:38.801","01598 00:53:31",214.58,870.88,,,,"     ",5.10,89.62,4.41
1598,539314180,"01598M01:40:39.775","01598 00:53:32",214.53,870.75,,,,"     ",5.10,90.14,4.44
1598,539314181,"01598M01:40:40.748","01598 00:53:33",214.46,870.82,,,,"     ",5.10,89.30,4.39
1598,539314182,"01598M01:40:41.721","01598 00:53:34",214.40,870.83,,,,"     ",5.10,89.54,4.41
1598,539314183,"01598M01:40:42.694","01598 00:53:35",214.34,870.90,,,,"     ",5.10,90.08,4.44
1598,539314184,"01598M01:40:43.668","01598 00:53:36",214.28,870.90,,,,"     ",5.10,89.48,4.41
1598,539314185,"01598M01:40:44.641","01598 00:53:37",214.23,870.98,,,,"     ",5.10,90.09,4.44
1598,539314186,"01598M01:40:45.614","01598 00:53:38",214.20,870.91,,,,"     ",5.10,89.40,4.41
1598,539314187,"01598M01:40:46.587","01598 00:53:39",214.18,870.89,,,,"     ",5.10,89.83,4.43
1598,539314188,"01598M01:40:47.561","01598 00:53:39",214.32,870.85,,,,"     ",5.10,89.81,4.43
1598,539314189,"01598M01:40:48.534","01598 00:53:40",214.30,870.92,,,,"     ",5.10,89.39,4.41
1598,539314190,"01598M01:40:49.507","01598 00:53:41",214.29,870.94,,,,"     ",5.10,89.39,4.41
1598,539314191,"01598M01:40:50.480","01598 00:53:42",214.28,870.86,,,,"     ",5.10,89.31,4.41
1598,539314192,"01598M01:40:51.454","01598 00:53:43",214.26,870.86,,,,"     ",5.10,89.35,4.41
1598,539314193,"01598M01:40:52.427","01598 00:53:44",214.25,870.98,,,,"     ",5.10,89.93,4.44
1598,539314194,"01598M01:40:53.400","01598 00:53:45",214.25,870.95,,,,"     ",5.10,89.48,4.42
1598,539314195,"01598M01:40:54.373","01598 00:53:46",214.24,870.93,,,,"     ",5.10,89.43,4.42
1598,539314196,"01598M01:40:55.347","01598 00:53:47",214.24,870.97,,,,"     ",5.10,89.06,4.40
1598,539314197,"01598M01:40:56.320","01598 00:53:48",214.24,870.97,,,,"     ",5.10,89.43,4.42
1598,539314198,"01598M01:40:57.293","01598 00:53:49",214.25,870.97,,,,"     ",5.10,89.10,4.41
1598,539314199,"01598M01:40:58.266","01598 00:53:50",214.26,870.92,,,,"     ",5.10,89.47,4.42
1598,539314200,"01598M01:40:59.240","01598 00:53:51",214.27,870.88,,,,"     ",5.10,88.98,4.40
1598,539314201,"01598M01:41:00.213","01598 00:53:52",214.15,870.88,,,,"     ",5.10,88.80,4.39
1598,539314202,"01598M01:41:01.186","01598 00:53:53",214.15,870.90,,,,"     ",5.10,88.72,4.39
1598,539314203,"01598M01:41:02.159","01598 00:53:54",214.15,870.85,,,,"     ",5.10,88.61,4.39
1598,539314204,"01598M01:41:03.133","01598 00:53:55",214.13,870.88,,,,"     ",5.10,89.14,4.41
1598,539314205,"01598M01:41:04.106","01598 00:53:56",214.19,870.85,,,,"     ",5.10,88.56,4.39
1598,539314206,"01598M01:41:05.079","01598 00:53:57",214.15,870.91,,,,"     ",5.10,88.46,4.38
1598,539314207,"01598M01:41:06.052","01598 00:53:58",214.11,870.89,,,,"     ",5.10,88.30,4.37
1598,539314208,"01598M01:41:07.026","01598 00:53:59",214.07,870.85,,,,"     ",5.10,88.42,4.38
1598,539314209,"01598M01:41:07.999","01598 00:54:00",214.03,870.85,,,,"     ",5.10,88.01,4.36
1598,539314210,"01598M01:41:08.972","01598 00:54:01",213.99,870.93,,,,"     ",5.10,88.63,4.40
1598,539314211,"01598M01:41:09.945","01598 00:54:02",213.96,870.82,,,,"     ",5.10,88.12,4.37
1598,539314212,"01598M01:41:10.919","01598 00:54:03",213.93,870.76,,,,"     ",5.10,87.97,4.36
1598,539314213,"01598M01:41:11.892","01598 00:54:04",213.91,870.85,,,,"     ",5.10,88.33,4.38
1598,539314214,"01598M01:41:12.865","01598 00:54:05",213.89,870.85,,,,"     ",5.10,88.16,4.38
1598,539314215,"01598M01:41:13.838","01598 00:54:06",213.86,870.98,,,,"     ",5.10,88.74,4.41
1598,539314216,"01598M01:41:14.812","01598 00:54:07",213.83,870.90,,,,"     ",5.10,88.37,4.39
1598,539314217,"01598M01:41:15.785","01598 00:54:08",213.79,870.97,,,,"     ",5.10,88.73,4.41
1598,539314218,"01598M01:41:16.758","01598 00:54:09",213.75,870.89,,,,"     ",5.10,88.64,4.41
1598,539314219,"01598M01:41:17.731","01598 00:54:10",213.70,870.97,,,,"     ",5.10,88.38,4.39
1598,539314220,"01598M01:41:18.705","01598 00:54:11",213.66,870.90,,,,"     ",5.10,88.37,4.40
1598,539314221,"01598M01:41:19.678","01598 00:54:12",213.62,870.81,,,,"     ",5.10,88.14,4.38
1598,539314222,"01598M01:41:20.651","01598 00:54:13",213.58,870.86,,,,"     ",5.10,88.18,4.39
1598,539314223,"01598M01:41:21.625","01598 00:54:14",213.56,870.90,,,,"     ",5.10,87.97,4.38
1598,539314224,"01598M01:41:22.598","01598 00:54:15",213.54,871.03,,,,"     ",5.10,88.61,4.41
1598,539314225,"01598M01:41:23.571","01598 00:54:15",213.53,870.93,,,,"     ",5.10,87.71,4.37
1598,539314226,"01598M01:41:24.544","01598 00:54:16",213.53,870.89,,,,"     ",5.10,87.84,4.37
1598,539314227,"01598M01:41:25.518","01598 00:54:17",213.55,870.99,,,,"     ",5.10,87.95,4.38
1598,539314228,"01598M01:41:26.491","01598 00:54:18",213.58,870.93,,,,"     ",5.10,87.82,4.38
1598,539314229,"01598M01:41:27.464","01598 00:54:19",213.63,870.91,,,,"     ",5.10,88.20,4.40
1598,539314230,"01598M01:41:28.437","01598 00:54:20",213.67,870.90,,,,"     ",5.10,87.80,4.38
1598,539314231,"01598M01:41:29.411","01598 00:54:21",213.72,870.90,,,,"     ",5.10,88.05,4.39
1598,539314232,"01598M01:41:30.384","01598 00:54:22",213.77,870.90,,,,"     ",5.10,88.16,4.40
1598,539314233,"01598M01:41:31.357","01598 00:54:23",213.81,870.88,,,,"     ",5.10,87.70,4.38
1598,539314234,"01598M01:41:32.330","01598 00:54:24",213.85,870.88,,,,"     ",5.10,88.18,4.40
1598,539314235,"01598M01:41:33.304","01598 00:54:25",213.88,870.89,,,,"     ",5.10,87.83,4.38
1598,539314236,"01598M01:41:34.277","01598 00:54:26",213.91,870.89,,,,"     ",5.10,87.54,4.37
1598,539314237,"01598M01:41:35.250","01598 00:54:27",213.94,870.86,,,,"     ",5.10,87.87,4.39
1598,539314238,"01598M01:41:36.223","01598 00:54:28",213.96,870.81,,,,"     ",5.10,87.94,4.40
1598,539314239,"01598M01:41:37.197","01598 00:54:29",213.98,870.81,,,,"     ",5.10,87.76,4.39
1598,539314240,"01598M01:41:38.170","01598 00:54:30",213.99,870.90,,,,"     ",5.10,87.85,4.39
1598,539314241,"01598M01:41:39.143","01598 00:54:31",213.99,870.85,,,,"     ",5.10,87.09,4.36
1598,539314242,"01598M01:41:40.116","01598 00:54:32",213.97,870.85,,,,"     ",5.10,87.34,4.37
1598,539314243,"01598M01:41:41.090","01598 00:54:33",213.95,870.90,,,,"     ",5.10,87.28,4.37
1598,539314244,"01598M01:41:42.063","01598 00:54:34",213.91,870.86,,,,"     ",5.10,87.25,4.37
1598,539314245,"01598M01:41:43.036","01598 00:54:35",213.86,870.84,,,,"     ",5.10,87.29,4.37
1598,539314246,"01598M01:41:44.009","01598 00:54:36",213.80,870.91,,,,"     ",5.10,87.23,4.37
1598,539314247,"01598M01:41:44.983","01598 00:54:37",213.73,870.86,,,,"     ",5.10,87.30,4.37
1598,539314248,"01598M01:41:45.956","01598 00:54:38",213.67,870.94,,,,"     ",5.10,87.26,4.37
1598,539314249,"01598M01:41:46.929","01598 00:54:39",213.61,870.91,,,,"     ",5.10,87.03,4.36
1598,539314250,"01598M01:41:47.902","01598 00:54:40",213.55,870.99,,,,"     ",5.10,86.91,4.36
1598,539314251,"01598M01:41:48.876","01598 00:54:41",213.50,870.91,,,,"     ",5.10,86.81,4.35
1598,539314252,"01598M01:41:49.849","01598 00:54:42",213.46,870.85,,,,"     ",5.10,87.32,4.38
1598,539314253,"01598M01:41:50.822","01598 00:54:43",213.42,870.92,,,,"     ",5.10,87.34,4.38
1598,539314254,"01598M01:41:51.795","01598 00:54:44",213.39,870.85,,,,"     ",5.10,86.97,4.36
1598,539314255,"01598M01:41:52.769","01598 00:54:45",213.36,870.85,,,,"     ",5.10,86.86,4.36
1598,539314256,"01598M01:41:53.742","01598 00:54:46",213.33,870.73,,,,"     ",5.10,86.73,4.35
1598,539314257,"01598M01:41:54.715","01598 00:54:47",213.32,870.77,,,,"     ",5.10,86.94,4.36
1598,539314258,"01598M01:41:55.688","01598 00:54:48",213.30,870.78,,,,"     ",5.10,86.71,4.35
1598,539314259,"01598M01:41:56.662","01598 00:54:49",213.29,870.80,,,,"     ",5.10,86.74,4.36
1598,539314260,"01598M01:41:57.635","01598 00:54:50",213.28,870.76,,,,"     ",5.10,86.72,4.36
1598,539314261,"01598M01:41:58.608","01598 00:54:51",213.28,870.75,,,,"     ",5.10,86.49,4.34
1598,539314262,"01598M01:41:59.581","01598 00:54:51",213.29,870.79,,,,"     ",5.10,86.58,4.35
1598,539314263,"01598M01:42:00.555","01598 00:54:52",213.30,870.84,,,,"     ",5.10,86.58,4.35
1598,539314264,"01598M01:42:01.528","01598 00:54:53",213.33,870.90,,,,"     ",5.10,86.25,4.33
1598,539314265,"01598M01:42:02.501","01598 00:54:54",213.35,870.90,,,,"     ",5.10,86.76,4.36
1598,539314266,"01598M01:42:03.474","01598 00:54:55",213.38,870.80,,,,"     ",5.10,86.92,4.37
1598,539314267,"01598M01:42:04.448","01598 00:54:56",213.40,870.88,,,,"     ",5.10,87.04,4.38
1598,539314268,"01598M01:42:05.421","01598 00:54:57",213.42,870.81,,,,"     ",5.10,87.17,4.39
1598,539314269,"01598M01:42:06.394","01598 00:54:58",213.42,870.86,,,,"     ",5.10,86.31,4.34
1598,539314270,"01598M01:42:07.367","01598 00:54:59",213.42,870.80,,,,"     ",5.10,86.21,4.34
1598,539314271,"01598M01:42:08.341","01598 00:55:00",213.39,870.85,,,,"     ",5.10,86.53,4.36
1598,539314272,"01598M01:42:09.314","01598 00:55:01",213.36,870.84,,,,"     ",5.10,86.59,4.36
1598,539314273,"01598M01:42:10.287","01598 00:55:02",213.32,870.83,,,,"     ",5.10,86.36,4.35
1598,539314274,"01598M01:42:11.260","01598 00:55:03",213.27,870.86,,,,"     ",5.10,86.55,4.36
1598,539314275,"01598M01:42:12.234","01598 00:55:04",213.22,870.88,,,,"     ",5.10,86.48,4.36
1598,539314276,"01598M01:42:13.207","01598 00:55:05",213.18,870.87,,,,"     ",5.10,86.82,4.38
1598,539314277,"01598M01:42:14.180","01598 00:55:06",213.14,870.82,,,,"     ",5.10,87.23,4.40
1598,539314278,"01598M01:42:15.153","01598 00:55:07",213.10,870.78,,,,"     ",5.10,86.48,4.36
1598,539314279,"01598M01:42:16.127","01598 00:55:08",213.08,870.78,,,,"     ",5.10,87.01,4.39
1598,539314280,"01598M01:42:17.100","01598 00:55:09",213.05,870.89,,,,"     ",5.10,86.24,4.35
1598,539314281,"01598M01:42:18.073","01598 00:55:10",213.04,870.86,,,,"     ",5.10,86.52,4.37
1598,539314282,"01598M01:42:19.046","01598 00:55:11",213.02,870.75,,,,"     ",5.10,86.95,4.39
1598,539314283,"01598M01:42:20.020","01598 00:55:12",212.74,870.76,,,,"     ",5.10,86.83,4.38
1598,539314284,"01598M01:42:20.993","01598 00:55:13",212.74,870.75,,,,"     ",5.10,87.06,4.40
1598,539314285,"01598M01:42:21.966","01598 00:55:14",212.75,870.75,,,,"     ",5.10,86.90,4.39
1598,539314286,"01598M01:42:22.939","01598 00:55:15",212.78,870.73,,,,"     ",5.10,87.11,4.40
1598,539314287,"01598M01:42:23.913","01598 00:55:16",212.80,870.83,,,,"     ",5.10,87.28,4.41
1598,539314288,"01598M01:42:24.886","01598 00:55:17",212.83,870.79,,,,"     ",5.10,86.71,4.38
1598,539314289,"01598M01:42:25.859","01598 00:55:18",212.86,870.85,,,,"     ",5.10,87.26,4.41
1598,539314290,"01598M01:42:26.832","01598 00:55:19",212.88,870.88,,,,"     ",5.10,86.70,4.38
1598,539314291,"01598M01:42:27.806","01598 00:55:20",212.90,870.82,,,,"     ",5.10,87.24,4.41
1598,539314292,"01598M01:42:28.779","01598 00:55:21",212.92,870.74,,,,"     ",5.10,87.23,4.42
1598,539314293,"01598M01:42:29.752","01598 00:55:22",212.94,870.82,,,,"     ",5.10,86.99,4.40
1598,539314294,"01598M01:42:30.726","01598 00:55:23",212.95,870.83,,,,"     ",5.10,86.79,4.39
1598,539314295,"01598M01:42:31.699","01598 00:55:24",212.96,870.77,,,,"     ",5.10,87.59,4.44
1598,539314296,"01598M01:42:32.672","01598 00:55:25",212.96,870.81,,,,"     ",5.10,87.00,4.41
1598,539314297,"01598M01:42:33.645","01598 00:55:26",212.95,870.86,,,,"     ",5.10,87.15,4.42
1598,539314298,"01598M01:42:34.619","01598 00:55:27",212.95,870.81,,,,"     ",5.10,87.10,4.41
1598,539314299,"01598M01:42:35.592","01598 00:55:27",212.95,870.84,,,,"     ",5.10,87.28,4.42
1598,539314300,"01598M01:42:36.565","01598 00:55:28",212.95,870.87,,,,"     ",5.10,87.54,4.44
1598,539314301,"01598M01:42:37.538","01598 00:55:29",212.97,870.81,,,,"     ",5.10,87.31,4.43
1598,539314302,"01598M01:42:38.512","01598 00:55:30",212.99,870.90,,,,"     ",5.10,86.96,4.41
1598,539314303,"01598M01:42:39.485","01598 00:55:31",213.03,870.78,,,,"     ",5.10,87.01,4.41
1598,539314304,"01598M01:42:40.458","01598 00:55:32",213.28,870.83,,,,"     ",5.10,87.33,4.43
1598,539314305,"01598M01:42:41.431","01598 00:55:33",213.34,870.85,,,,"     ",5.10,87.56,4.44
1598,539314306,"01598M01:42:42.405","01598 00:55:34",213.40,870.85,,,,"     ",5.10,87.66,4.45
1598,539314307,"01598M01:42:43.378","01598 00:55:35",213.47,870.87,,,,"     ",5.10,87.24,4.43
1598,539314308,"01598M01:42:44.351","01598 00:55:36",213.54,870.84,,,,"     ",5.10,87.22,4.43
1598,539314309,"01598M01:42:45.324","01598 00:55:37",213.60,870.89,,,,"     ",5.10,87.31,4.43
1598,539314310,"01598M01:42:46.298","01598 00:55:38",213.65,870.87,,,,"     ",5.10,87.57,4.45
1598,539314311,"01598M01:42:47.271","01598 00:55:39",213.69,870.84,,,,"     ",5.10,87.58,4.45
1598,539314312,"01598M01:42:48.244","01598 00:55:40",213.71,870.93,,,,"     ",5.10,87.66,4.45
1598,539314313,"01598M01:42:49.217","01598 00:55:41",213.72,870.91,,,,"     ",5.10,87.43,4.44
1598,539314314,"01598M01:42:50.191","01598 00:55:42",213.71,870.90,,,,"     ",5.10,87.34,4.44
1598,539314315,"01598M01:42:51.164","01598 00:55:43",213.69,870.93,,,,"     ",5.10,87.50,4.45
1598,539314316,"01598M01:42:52.137","01598 00:55:44",213.67,870.92,,,,"     ",5.10,87.09,4.43
1598,539314317,"01598M01:42:53.110","01598 00:55:45",213.63,870.94,,,,"     ",5.10,87.56,4.45
1598,539314318,"01598M01:42:54.084","01598 00:55:46",213.59,870.95,,,,"     ",5.10,87.52,4.45
1598,539314319,"01598M01:42:55.057","01598 00:55:47",213.55,870.96,,,,"     ",5.10,88.00,4.48
1598,539314320,"01598M01:42:56.030","01598 00:55:48",213.52,870.76,,,,"     ",5.10,87.89,4.47
1598,539314321,"01598M01:42:57.003","01598 00:55:49",213.49,870.82,,,,"     ",5.10,87.55,4.45
1598,539314322,"01598M01:42:57.977","01598 00:55:50",213.47,870.77,,,,"     ",5.10,87.78,4.46
1598,539314323,"01598M01:42:58.950","01598 00:55:51",213.45,870.75,,,,"     ",5.10,87.35,4.44
1598,539314324,"01598M01:42:59.923","01598 00:55:52",213.44,870.86,,,,"     ",5.10,87.71,4.46
1598,539314325,"01598M01:43:00.896","01598 00:55:53",213.44,870.91,,,,"     ",5.10,87.25,4.44
1598,539314326,"01598M01:43:01.870","01598 00:55:54",213.44,870.92,,,,"     ",5.10,86.93,4.42
1598,539314327,"01598M01:43:02.843","01598 00:55:55",213.44,870.95,,,,"     ",5.10,87.49,4.45
1598,539314328,"01598M01:43:03.816","01598 00:55:56",213.45,870.92,,,,"     ",5.10,87.61,4.46
1598,539314329,"01598M01:43:04.789","01598 00:55:57",213.47,870.90,,,,"     ",5.10,87.73,4.47
1598,539314330,"01598M01:43:05.763","01598 00:55:58",213.50,870.89,,,,"     ",5.10,87.18,4.44
1598,539314331,"01598M01:43:06.736","01598 00:55:59",213.52,870.86,,,,"     ",5.10,87.50,4.45
1598,539314332,"01598M01:43:07.709","01598 00:56:00",213.56,870.85,,,,"     ",5.10,87.70,4.46
1598,539314333,"01598M01:43:08.682","01598 00:56:01",213.59,870.85,,,,"     ",5.10,87.61,4.46
1598,539314334,"01598M01:43:09.656","01598 00:56:02",213.56,870.89,,,,"     ",5.10,87.15,4.44
1598,539314335,"01598M01:43:10.629","01598 00:56:03",213.61,870.92,,,,"     ",5.10,87.56,4.46
1598,539314336,"01598M01:43:11.602","01598 00:56:03",213.65,870.83,,,,"     ",5.10,87.04,4.43
1598,539314337,"01598M01:43:12.575","01598 00:56:04",213.69,870.83,,,,"     ",5.10,86.69,4.41
1598,539314338,"01598M01:43:13.549","01598 00:56:05",213.72,870.92,,,,"     ",5.10,87.19,4.44
1598,539314339,"01598M01:43:14.522","01598 00:56:06",213.74,870.87,,,,"     ",5.10,86.93,4.43
1598,539314340,"01598M01:43:15.495","01598 00:56:07",213.75,870.89,,,,"     ",5.10,87.07,4.43
1598,539314341,"01598M01:43:16.468","01598 00:56:08",213.75,870.91,,,,"     ",5.10,87.18,4.44
1598,539314342,"01598M01:43:17.442","01598 00:56:09",213.76,870.93,,,,"     ",5.10,87.07,4.44
1598,539314343,"01598M01:43:18.415","01598 00:56:10",213.76,870.80,,,,"     ",5.10,87.05,4.43
1598,539314344,"01598M01:43:19.388","01598 00:56:11",213.76,870.92,,,,"     ",5.10,87.30,4.45
1598,539314345,"01598M01:43:20.361","01598 00:56:12",213.75,870.89,,,,"     ",5.10,86.99,4.43
1598,539314346,"01598M01:43:21.335","01598 00:56:13",213.74,870.95,,,,"     ",5.10,87.33,4.45
1598,539314347,"01598M01:43:22.308","01598 00:56:14",213.73,870.91,,,,"     ",5.10,86.81,4.42
1598,539314348,"01598M01:43:23.281","01598 00:56:15",213.72,870.91,,,,"     ",5.10,86.70,4.42
1598,539314349,"01598M01:43:24.254","01598 00:56:16",213.72,870.85,,,,"     ",5.10,87.20,4.44
1598,539314350,"01598M01:43:25.228","01598 00:56:17",213.75,870.91,,,,"     ",5.10,86.56,4.41
1598,539314351,"01598M01:43:26.201","01598 00:56:18",213.74,870.92,,,,"     ",5.10,86.90,4.43
1598,539314352,"01598M01:43:27.174","01598 00:56:19",213.74,870.83,,,,"     ",5.10,86.77,4.42
1598,539314353,"01598M01:43:28.147","01598 00:56:20",213.74,870.89,,,,"     ",5.10,86.27,4.40
1598,539314354,"01598M01:43:29.121","01598 00:56:21",213.75,870.86,,,,"     ",5.10,87.00,4.43
1598,539314355,"01598M01:43:30.094","01598 00:56:22",213.76,870.83,,,,"     ",5.10,87.15,4.44
1598,539314356,"01598M01:43:31.067","01598 00:56:23",213.77,870.78,,,,"     ",5.10,86.31,4.40
1598,539314357,"01598M01:43:32.040","01598 00:56:24",213.78,870.75,,,,"     ",5.10,86.72,4.42
1598,539314358,"01598M01:43:33.014","01598 00:56:25",213.79,870.84,,,,"     ",5.10,86.08,4.39
1598,539314359,"01598M01:43:33.987","01598 00:56:26",213.80,870.83,,,,"     ",5.10,86.99,4.44
1598,539314360,"01598M01:43:34.960","01598 00:56:27",213.80,870.90,,,,"     ",5.10,86.80,4.43
1598,539314361,"01598M01:43:35.933","01598 00:56:28",213.79,870.90,,,,"     ",5.10,86.83,4.43
1598,539314362,"01598M01:43:36.907","01598 00:56:29",213.79,870.91,,,,"     ",5.10,87.23,4.45
1598,539314363,"01598M01:43:37.880","01598 00:56:30",213.80,870.76,,,,"     ",5.10,86.88,4.43
1598,539314364,"01598M01:43:38.853","01598 00:56:31",213.81,870.87,,,,"     ",5.10,86.84,4.43
1598,539314365,"01598M01:43:39.826","01598 00:56:32",213.83,870.84,,,,"     ",5.10,86.98,4.44
1598,539314366,"01598M01:43:40.800","01598 00:56:33",213.85,870.82,,,,"     ",5.10,86.67,4.42
1598,539314367,"01598M01:43:41.773","01598 00:56:34",213.87,870.98,,,,"     ",5.10,86.19,4.40
1598,539314368,"01598M01:43:42.746","01598 00:56:35",213.88,870.89,,,,"     ",5.10,86.29,4.40
1598,539314369,"01598M01:43:43.720","01598 00:56:36",213.89,870.94,,,,"     ",5.10,86.89,4.43
1598,539314370,"01598M01:43:44.693","01598 00:56:37",213.88,870.96,,,,"     ",5.10,87.04,4.44
1598,539314371,"01598M01:43:45.666","01598 00:56:38",213.87,870.95,,,,"     ",5.10,86.43,4.41
1598,539314372,"01598M01:43:46.639","01598 00:56:39",213.86,870.96,,,,"     ",5.10,86.95,4.44
1598,539314373,"01598M01:43:47.613","01598 00:56:39",213.84,870.91,,,,"     ",5.10,85.91,4.38
1598,539314374,"01598M01:43:48.586","01598 00:56:40",213.82,870.98,,,,"     ",5.10,86.58,4.42
1598,539314375,"01598M01:43:49.559","01598 00:56:41",213.80,870.97,,,,"     ",5.10,86.81,4.43
1598,539314376,"01598M01:43:50.532","01598 00:56:42",213.79,871.00,,,,"     ",5.10,86.17,4.40
1598,539314377,"01598M01:43:51.506","01598 00:56:43",213.80,870.99,,,,"     ",5.10,86.18,4.40
1598,539314378,"01598M01:43:52.479","01598 00:56:44",213.81,871.05,,,,"     ",5.10,86.00,4.39
1598,539314379,"01598M01:43:53.452","01598 00:56:45",213.82,871.12,,,,"     ",5.10,86.23,4.41
1598,539314380,"01598M01:43:54.425","01598 00:56:46",213.75,871.16,,,,"     ",5.10,86.12,4.40
1598,539314381,"01598M01:43:55.399","01598 00:56:47",213.74,871.15,,,,"     ",5.10,86.03,4.40
1598,539314382,"01598M01:43:56.372","01598 00:56:48",213.74,870.97,,,,"     ",5.10,85.91,4.39
1598,539314383,"01598M01:43:57.345","01598 00:56:49",213.74,871.05,,,,"     ",5.10,86.02,4.40
1598,539314384,"01598M01:43:58.318","01598 00:56:50",213.74,871.00,,,,"     ",5.10,85.42,4.36
1598,539314385,"01598M01:43:59.292","01598 00:56:51",213.75,871.00,,,,"     ",5.10,86.23,4.41
1598,539314386,"01598M01:44:00.265","01598 00:56:52",213.75,870.98,,,,"     ",5.10,85.45,4.37
1598,539314387,"01598M01:44:01.238","01598 00:56:53",213.75,870.96,,,,"     ",5.10,85.37,4.37
1598,539314388,"01598M01:44:02.211","01598 00:56:54",213.74,870.94,,,,"     ",5.10,85.92,4.39
1598,539314389,"01598M01:44:03.185","01598 00:56:55",213.72,871.06,,,,"     ",5.10,85.75,4.39
1598,539314390,"01598M01:44:04.158","01598 00:56:56",213.71,871.03,,,,"     ",5.10,85.29,4.36
1598,539314391,"01598M01:44:05.131","01598 00:56:57",213.69,870.99,,,,"     ",5.10,85.84,4.39
1598,539314392,"01598M01:44:06.104","01598 00:56:58",213.67,870.98,,,,"     ",5.10,85.62,4.38
1598,539314393,"01598M01:44:07.078","01598 00:56:59",213.65,870.97,,,,"     ",5.10,85.76,4.39
1598,539314394,"01598M01:44:08.051","01598 00:57:00",213.66,870.97,,,,"     ",5.10,85.94,4.40
1598,539314395,"01598M01:44:09.024","01598 00:57:01",213.60,870.90,,,,"     ",5.10,85.20,4.36
1598,539314396,"01598M01:44:09.997","01598 00:57:02",213.54,870.92,,,,"     ",5.10,85.41,4.37
1598,539314397,"01598M01:44:10.971","01598 00:57:03",213.47,870.85,,,,"     ",5.10,85.79,4.39
1598,539314398,"01598M01:44:11.944","01598 00:57:04",213.41,870.90,,,,"     ",5.10,85.27,4.37
1598,539314399,"01598M01:44:12.917","01598 00:57:05",213.35,871.01,,,,"     ",5.10,85.55,4.38
1598,539314400,"01598M01:44:13.890","01598 00:57:06",213.30,870.96,,,,"     ",5.10,85.12,4.36
1598,539314401,"01598M01:44:14.864","01598 00:57:07",213.26,871.00,,,,"     ",5.10,85.18,4.37
1598,539314402,"01598M01:44:15.837","01598 00:57:08",213.22,871.01,,,,"     ",5.10,84.81,4.35
1598,539314403,"01598M01:44:16.810","01598 00:57:09",213.19,870.99,,,,"     ",5.10,84.81,4.35
1598,539314404,"01598M01:44:17.783","01598 00:57:10",213.15,870.96,,,,"     ",5.10,85.45,4.38
1598,539314405,"01598M01:44:18.757","01598 00:57:11",213.12,870.94,,,,"     ",5.10,85.64,4.40
1598,539314406,"01598M01:44:19.730","01598 00:57:12",213.09,871.03,,,,"     ",5.10,84.48,4.34
1598,539314407,"01598M01:44:20.703","01598 00:57:13",213.06,871.01,,,,"     ",5.10,85.15,4.37
1598,539314408,"01598M01:44:21.676","01598 00:57:14",213.03,870.99,,,,"     ",5.10,84.68,4.35
1598,539314409,"01598M01:44:22.650","01598 00:57:15",213.00,871.09,,,,"     ",5.10,84.46,4.34
1598,539314410,"01598M01:44:23.623","01598 00:57:15",212.96,871.08,,,,"     ",5.10,84.44,4.34
1598,539314411,"01598M01:44:24.596","01598 00:57:16",212.93,871.07,,,,"     ",5.10,85.20,4.38
1598,539314412,"01598M01:44:25.569","01598 00:57:17",212.89,871.07,,,,"     ",5.10,84.95,4.37
1598,539314413,"01598M01:44:26.543","01598 00:57:18",212.85,871.08,,,,"     ",5.10,84.69,4.36
1598,539314414,"01598M01:44:27.516","01598 00:57:19",212.80,871.01,,,,"     ",5.10,85.16,4.38
1598,539314415,"01598M01:44:28.489","01598 00:57:20",212.76,871.03,,,,"     ",5.10,85.37,4.39
1598,539314416,"01598M01:44:29.462","01598 00:57:21",212.71,871.03,,,,"     ",5.10,84.48,4.35
1598,539314417,"01598M01:44:30.436","01598 00:57:22",212.67,871.04,,,,"     ",5.10,84.46,4.35
1598,539314418,"01598M01:44:31.409","01598 00:57:23",212.63,871.08,,,,"     ",5.10,84.58,4.36
1598,539314419,"01598M01:44:32.382","01598 00:57:24",212.60,871.02,,,,"     ",5.10,84.79,4.37
1598,539314420,"01598M01:44:33.355","01598 00:57:25",212.58,871.06,,,,"     ",5.10,84.73,4.37
1598,539314421,"01598M01:44:34.329","01598 00:57:26",212.56,871.09,,,,"     ",5.10,85.00,4.38
1598,539314422,"01598M01:44:35.302","01598 00:57:27",212.54,871.00,,,,"     ",5.10,84.44,4.35
1598,539314423,"01598M01:44:36.275","01598 00:57:28",212.53,870.97,,,,"     ",5.10,84.93,4.38
1598,539314424,"01598M01:44:37.248","01598 00:57:29",212.52,871.03,,,,"     ",5.10,84.91,4.38
1598,539314425,"01598M01:44:38.222","01598 00:57:30",212.52,871.10,,,,"     ",5.10,84.39,4.36
1598,539314426,"01598M01:44:39.195","01598 00:57:31",212.53,870.97,,,,"     ",5.10,85.16,4.40
1598,539314427,"01598M01:44:40.168","01598 00:57:32",212.55,870.95,,,,"     ",5.10,84.59,4.37
1598,539314428,"01598M01:44:41.141","01598 00:57:33",212.58,871.09,,,,"     ",5.10,84.76,4.38
1598,539314429,"01598M01:44:42.115","01598 00:57:34",212.61,871.04,,,,"     ",5.10,84.77,4.38
1598,539314430,"01598M01:44:43.088","01598 00:57:35",212.64,871.03,,,,"     ",5.10,84.45,4.36
1598,539314431,"01598M01:44:44.061","01598 00:57:36",212.66,870.97,,,,"     ",5.10,84.73,4.38
1598,539314432,"01598M01:44:45.034","01598 00:57:37",212.68,871.00,,,,"     ",5.10,84.70,4.38
1598,539314433,"01598M01:44:46.008","01598 00:57:38",212.68,871.00,,,,"     ",5.10,84.23,4.36
1598,539314434,"01598M01:44:46.981","01598 00:57:39",212.67,870.94,,,,"     ",5.10,84.52,4.37
1598,539314435,"01598M01:44:47.954","01598 00:57:40",212.65,870.98,,,,"     ",5.10,84.64,4.38
1598,539314436,"01598M01:44:48.927","01598 00:57:41",212.62,871.08,,,,"     ",5.10,84.49,4.38
1598,539314437,"01598M01:44:49.901","01598 00:57:42",212.59,871.12,,,,"     ",5.10,84.72,4.39
1598,539314438,"01598M01:44:50.874","01598 00:57:43",212.56,871.04,,,,"     ",5.10,84.39,4.37
1598,539314439,"01598M01:44:51.847","01598 00:57:44",212.53,871.03,,,,"     ",5.10,84.40,4.38
1598,539314440,"01598M01:44:52.821","01598 00:57:45",212.50,871.02,,,,"     ",5.10,84.67,4.39
1598,539314441,"01598M01:44:53.794","01598 00:57:46",212.47,871.07,,,,"     ",5.10,84.04,4.36
1598,539314442,"01598M01:44:54.767","01598 00:57:47",212.43,871.02,,,,"     ",5.10,84.68,4.39
1598,539314443,"01598M01:44:55.740","01598 00:57:48",212.39,870.96,,,,"     ",5.10,84.24,4.37
1598,539314444,"01598M01:44:56.714","01598 00:57:49",212.35,870.94,,,,"     ",5.10,84.67,4.40
1598,539314445,"01598M01:44:57.687","01598 00:57:50",212.30,870.89,,,,"     ",5.10,84.97,4.41
1598,539314446,"01598M01:44:58.660","01598 00:57:51",212.26,870.89,,,,"     ",5.10,84.66,4.40
1598,539314447,"01598M01:44:59.633","01598 00:57:52",212.22,870.98,,,,"     ",5.10,84.54,4.39
1598,539314448,"01598M01:45:00.607","01598 00:57:52",212.19,870.98,,,,"     ",5.10,84.72,4.40
1598,539314449,"01598M01:45:01.580","01598 00:57:53",212.17,871.04,,,,"     ",5.10,85.03,4.42
1598,539314450,"01598M01:45:02.553","01598 00:57:54",212.15,871.03,,,,"     ",5.10,85.35,4.44
1598,539314451,"01598M01:45:03.526","01598 00:57:55",212.14,871.00,,,,"     ",5.10,84.92,4.42
1598,539314452,"01598M01:45:04.500","01598 00:57:56",212.13,871.08,,,,"     ",5.10,85.30,4.44
1598,539314453,"01598M01:45:05.473","01598 00:57:57",212.14,871.00,,,,"     ",5.10,85.11,4.43
1598,539314454,"01598M01:45:06.446","01598 00:57:58",212.15,870.96,,,,"     ",5.10,85.26,4.44
1598,539314455,"01598M01:45:07.419","01598 00:57:59",212.16,870.91,,,,"     ",5.10,85.16,4.43
1598,539314456,"01598M01:45:08.393","01598 00:58:00",212.19,870.91,,,,"     ",5.10,85.76,4.47
1598,539314457,"01598M01:45:09.366","01598 00:58:01",212.22,870.98,,,,"     ",5.10,85.25,4.44
1598,539314458,"01598M01:45:10.339","01598 00:58:02",212.26,870.94,,,,"     ",5.10,85.17,4.44
1598,539314459,"01598M01:45:11.312","01598 00:58:03",212.30,870.96,,,,"     ",5.10,85.23,4.44
1598,539314460,"01598M01:45:12.286","01598 00:58:04",212.35,871.04,,,,"     ",5.10,85.32,4.45
1598,539314461,"01598M01:45:13.259","01598 00:58:05",212.66,871.00,,,,"     ",5.10,85.29,4.45
1598,539314462,"01598M01:45:14.232","01598 00:58:06",212.70,871.01,,,,"     ",5.10,85.67,4.47
1598,539314463,"01598M01:45:15.205","01598 00:58:07",212.74,871.06,,,,"     ",5.10,85.04,4.44
1598,539314464,"01598M01:45:16.179","01598 00:58:08",212.77,871.08,,,,"     ",5.10,84.96,4.43
1598,539314465,"01598M01:45:17.152","01598 00:58:09",212.80,870.97,,,,"     ",5.10,85.23,4.45
1598,539314466,"01598M01:45:18.125","01598 00:58:10",212.81,871.06,,,,"     ",5.10,85.31,4.45
1598,539314467,"01598M01:45:19.098","01598 00:58:11",212.60,871.02,,,,"     ",5.10,85.88,4.48
1598,539314468,"01598M01:45:20.072","01598 00:58:12",212.62,871.03,,,,"     ",5.10,85.55,4.47
1598,539314469,"01598M01:45:21.045","01598 00:58:13",212.65,871.01,,,,"     ",5.10,85.60,4.47
1598,539314470,"01598M01:45:22.018","01598 00:58:14",212.69,871.02,,,,"     ",5.10,85.92,4.49
1598,539314471,"01598M01:45:22.991","01598 00:58:15",212.73,871.03,,,,"     ",5.10,86.18,4.50
1598,539314472,"01598M01:45:23.965","01598 00:58:16",212.77,871.00,,,,"     ",5.10,85.84,4.48
1598,539314473,"01598M01:45:24.938","01598 00:58:17",212.81,870.99,,,,"     ",5.10,85.90,4.49
1598,539314474,"01598M01:45:25.911","01598 00:58:18",212.85,871.03,,,,"     ",5.10,85.96,4.49
1598,539314475,"01598M01:45:26.884","01598 00:58:19",212.89,870.92,,,,"     ",5.10,85.43,4.46
1598,539314476,"01598M01:45:27.858","01598 00:58:20",212.94,870.94,,,,"     ",5.10,85.66,4.48
1598,539314477,"01598M01:45:28.831","01598 00:58:21",212.98,871.06,,,,"     ",5.10,85.50,4.47
1598,539314478,"01598M01:45:29.804","01598 00:58:22",213.03,871.01,,,,"     ",5.10,85.49,4.47
1598,539314479,"01598M01:45:30.777","01598 00:58:23",213.08,870.95,,,,"     ",5.10,86.00,4.50
1598,539314480,"01598M01:45:31.751","01598 00:58:24",213.12,870.95,,,,"     ",5.10,85.66,4.48
1598,539314481,"01598M01:45:32.724","01598 00:58:25",213.17,870.97,,,,"     ",5.10,85.72,4.48
1598,539314482,"01598M01:45:33.697","01598 00:58:26",213.22,871.01,,,,"     ",5.10,85.78,4.49
1598,539314483,"01598M01:45:34.670","01598 00:58:27",213.28,870.93,,,,"     ",5.10,85.59,4.48
1598,539314484,"01598M01:45:35.644","01598 00:58:28",213.33,871.04,,,,"     ",5.10,86.06,4.50
1598,539314485,"01598M01:45:36.617","01598 00:58:28",213.38,871.09,,,,"     ",5.10,86.03,4.50
1598,539314486,"01598M01:45:37.590","01598 00:58:29",213.37,870.98,,,,"     ",5.10,85.45,4.47
1598,539314487,"01598M01:45:38.563","01598 00:58:30",213.43,870.96,,,,"     ",5.10,86.13,4.51
1598,539314488,"01598M01:45:39.537","01598 00:58:31",213.11,870.99,,,,"     ",5.10,85.98,4.50
1598,539314489,"01598M01:45:40.510","01598 00:58:32",213.13,870.96,,,,"     ",5.10,86.08,4.51
1598,539314490,"01598M01:45:41.483","01598 00:58:33",213.14,870.92,,,,"     ",5.10,86.19,4.51
1598,539314491,"01598M01:45:42.456","01598 00:58:34",213.16,870.89,,,,"     ",5.10,86.48,4.53
1598,539314492,"01598M01:45:43.430","01598 00:58:35",213.18,870.87,,,,"     ",5.10,86.06,4.50
1598,539314493,"01598M01:45:44.403","01598 00:58:36",213.19,870.88,,,,"     ",5.10,86.21,4.51
1598,539314494,"01598M01:45:45.376","01598 00:58:37",213.21,870.96,,,,"     ",5.10,86.45,4.53
1598,539314495,"01598M01:45:46.349","01598 00:58:38",213.23,870.91,,,,"     ",5.10,86.23,4.51
1598,539314496,"01598M01:45:47.323","01598 00:58:39",213.25,870.98,,,,"     ",5.10,86.14,4.51
1598,539314497,"01598M01:45:48.296","01598 00:58:40",213.27,871.08,,,,"     ",5.10,85.99,4.50
1598,539314498,"01598M01:45:49.269","01598 00:58:41",213.30,870.96,,,,"     ",5.10,86.66,4.54
1598,539314499,"01598M01:45:50.242","01598 00:58:42",213.31,871.06,,,,"     ",5.10,85.79,4.49
1598,539314500,"01598M01:45:51.216","01598 00:58:43",213.32,871.09,,,,"     ",5.10,86.62,4.54
1598,539314501,"01598M01:45:52.189","01598 00:58:44",213.32,871.06,,,,"     ",5.10,86.45,4.53
1598,539314502,"01598M01:45:53.162","01598 00:58:45",213.32,871.10,,,,"     ",5.10,86.24,4.51
1598,539314503,"01598M01:45:54.135","01598 00:58:46",213.35,871.06,,,,"     ",5.10,87.02,4.56
1598,539314504,"01598M01:45:55.109","01598 00:58:47",213.39,871.08,,,,"     ",5.10,86.39,4.52
1598,539314505,"01598M01:45:56.082","01598 00:58:48",213.44,871.08,,,,"     ",5.10,86.81,4.55
1598,539314506,"01598M01:45:57.055","01598 00:58:49",213.49,871.05,,,,"     ",5.10,86.70,4.54
1598,539314507,"01598M01:45:58.028","01598 00:58:50",213.53,871.09,,,,"     ",5.10,87.07,4.56
1598,539314508,"01598M01:45:59.002","01598 00:58:51",213.57,871.12,,,,"     ",5.10,87.10,4.56
1598,539314509,"01598M01:45:59.975","01598 00:58:52",213.59,871.12,,,,"     ",5.10,86.38,4.52
1598,539314510,"01598M01:46:00.948","01598 00:58:53",213.60,870.99,,,,"     ",5.10,86.88,4.55
1598,539314511,"01598M01:46:01.922","01598 00:58:54",213.61,871.06,,,,"     ",5.10,86.44,4.52
1598,539314512,"01598M01:46:02.895","01598 00:58:55",213.62,871.00,,,,"     ",5.10,86.96,4.55
1598,539314513,"01598M01:46:03.868","01598 00:58:56",213.64,870.97,,,,"     ",5.10,87.45,4.58
1598,539314514,"01598M01:46:04.841","01598 00:58:57",213.66,871.01,,,,"     ",5.10,86.85,4.54
1598,539314515,"01598M01:46:05.815","01598 00:58:58",213.69,870.91,,,,"     ",5.10,87.45,4.58
1598,539314516,"01598M01:46:06.788","01598 00:58:59",213.79,870.79,,,,"     ",5.10,86.72,4.54
1598,539314517,"01598M01:46:07.761","01598 00:59:00",213.82,870.82,,,,"     ",5.10,88.06,4.61
1598,539314518,"01598M01:46:08.734","01598 00:59:01",213.85,870.78,,,,"     ",5.10,87.75,4.59
1598,539314519,"01598M01:46:09.708","01598 00:59:02",213.91,870.93,,,,"     ",5.10,87.53,4.58
1598,539314520,"01598M01:46:10.681","01598 00:59:03",213.99,870.97,,,,"     ",5.10,87.58,4.58
1598,539314521,"01598M01:46:11.654","01598 00:59:04",214.08,870.93,,,,"     ",5.10,88.21,4.61
1598,539314522,"01598M01:46:12.627","01598 00:59:04",214.17,870.93,,,,"     ",5.10,87.98,4.60
1598,539314523,"01598M01:46:13.601","01598 00:59:05",214.26,871.03,,,,"     ",5.10,88.14,4.61
1598,539314524,"01598M01:46:14.574","01598 00:59:06",214.34,871.03,,,,"     ",5.10,88.26,4.61
1598,539314525,"01598M01:46:15.547","01598 00:59:07",214.39,870.97,,,,"     ",5.10,88.23,4.61
1598,539314526,"01598M01:46:16.520","01598 00:59:08",214.43,870.96,,,,"     ",5.10,88.25,4.61
1598,539314527,"01598M01:46:17.494","01598 00:59:09",214.47,871.02,,,,"     ",5.10,88.56,4.63
1598,539314528,"01598M01:46:18.467","01598 00:59:10",214.51,871.07,,,,"     ",5.10,88.27,4.61
1598,539314529,"01598M01:46:19.440","01598 00:59:11",214.54,871.05,,,,"     ",5.10,88.69,4.63
1598,539314530,"01598M01:46:20.413","01598 00:59:12",214.57,871.01,,,,"     ",5.10,88.98,4.65
1598,539314531,"01598M01:46:21.387","01598 00:59:13",214.58,871.08,,,,"     ",5.10,88.69,4.63
1598,539314532,"01598M01:46:22.360","01598 00:59:14",214.57,871.00,,,,"     ",5.10,88.81,4.64
1598,539314533,"01598M01:46:23.333","01598 00:59:15",214.53,871.02,,,,"     ",5.10,89.23,4.66
1598,539314534,"01598M01:46:24.306","01598 00:59:16",214.45,871.06,,,,"     ",5.10,89.10,4.65
1598,539314535,"01598M01:46:25.280","01598 00:59:17",214.36,871.06,,,,"     ",5.10,89.16,4.65
1598,539314536,"01598M01:46:26.253","01598 00:59:18",214.28,870.98,,,,"     ",5.10,89.13,4.65
1598,539314537,"01598M01:46:27.226","01598 00:59:19",214.23,870.93,,,,"     ",5.10,89.16,4.65
1598,539314538,"01598M01:46:28.199","01598 00:59:20",214.21,871.02,,,,"     ",5.10,89.04,4.64
1598,539314539,"01598M01:46:29.173","01598 00:59:21",214.22,870.99,,,,"     ",5.10,89.32,4.66
1598,539314540,"01598M01:46:30.146","01598 00:59:22",214.26,870.97,,,,"     ",5.10,89.12,4.64
1598,539314541,"01598M01:46:31.119","01598 00:59:23",214.29,871.02,,,,"     ",5.10,89.51,4.66
1598,539314542,"01598M01:46:32.092","01598 00:59:24",214.32,871.04,,,,"     ",5.10,89.59,4.67
1598,539314543,"01598M01:46:33.066","01598 00:59:25",214.34,871.02,,,,"     ",5.10,89.25,4.65
1598,539314544,"01598M01:46:34.039","01598 00:59:26",214.36,871.03,,,,"     ",5.10,89.22,4.64
1598,539314545,"01598M01:46:35.012","01598 00:59:27",214.38,870.99,,,,"     ",5.10,89.59,4.66
1598,539314546,"01598M01:46:35.985","01598 00:59:28",214.41,871.08,,,,"     ",5.10,89.52,4.66
1598,539314547,"01598M01:46:36.959","01598 00:59:29",214.43,871.07,,,,"     ",5.10,89.78,4.67
1598,539314548,"01598M01:46:37.932","01598 00:59:30",214.45,871.13,,,,"     ",5.10,89.68,4.67
1598,539314549,"01598M01:46:38.905","01598 00:59:31",214.46,871.21,,,,"     ",5.10,89.90,4.68
1598,539314550,"01598M01:46:39.878","01598 00:59:32",214.45,871.19,,,,"     ",5.10,89.59,4.66
1598,539314551,"01598M01:46:40.852","01598 00:59:33",214.42,871.15,,,,"     ",5.10,89.53,4.66
1598,539314552,"01598M01:46:41.825","01598 00:59:34",214.40,871.12,,,,"     ",5.10,88.93,4.62
1598,539314553,"01598M01:46:42.798","01598 00:59:35",214.39,871.11,,,,"     ",5.10,89.50,4.65
1598,539314554,"01598M01:46:43.771","01598 00:59:36",214.39,871.06,,,,"     ",5.10,89.68,4.66
1598,539314555,"01598M01:46:44.745","01598 00:59:37",214.42,871.02,,,,"     ",5.10,89.54,4.65
1598,539314556,"01598M01:46:45.718","01598 00:59:38",214.47,871.02,,,,"     ",5.10,89.31,4.64
1598,539314557,"01598M01:46:46.691","01598 00:59:39",214.53,871.11,,,,"     ",5.10,89.50,4.65
1598,539314558,"01598M01:46:47.664","01598 00:59:40",214.59,871.11,,,,"     ",5.10,89.84,4.67
1598,539314559,"01598M01:46:48.638","01598 00:59:40",214.63,871.03,,,,"     ",5.10,89.77,4.67
1598,539314560,"01598M01:46:49.611","01598 00:59:41",214.64,871.06,,,,"     ",5.10,89.12,4.63
1598,539314561,"01598M01:46:50.584","01598 00:59:42",214.64,871.06,,,,"     ",5.10,89.42,4.65
1598,539314562,"01598M01:46:51.557","01598 00:59:43",214.59,871.06,,,,"     ",5.10,89.42,4.65
1598,539314563,"01598M01:46:52.531","01598 00:59:44",214.52,871.14,,,,"     ",5.10,89.97,4.68
1598,539314564,"01598M01:46:53.504","01598 00:59:45",214.42,871.16,,,,"     ",5.10,89.77,4.66
1598,539314565,"01598M01:46:54.477","01598 00:59:46",214.30,871.16,,,,"     ",5.10,89.48,4.65
1598,539314566,"01598M01:46:55.450","01598 00:59:47",214.19,871.08,,,,"     ",5.10,89.53,4.65
1598,539314567,"01598M01:46:56.424","01598 00:59:48",214.10,871.09,,,,"     ",5.10,89.40,4.64
1598,539314568,"01598M01:46:57.397","01598 00:59:49",214.03,871.06,,,,"     ",5.10,89.15,4.63
1598,539314569,"01598M01:46:58.370","01598 00:59:50",214.00,871.11,,,,"     ",5.10,89.69,4.66
1598,539314570,"01598M01:46:59.343","01598 00:59:51",213.99,871.06,,,,"     ",5.10,89.38,4.65
1598,539314571,"01598M01:47:00.317","01598 00:59:52",214.00,871.15,,,,"     ",5.10,89.77,4.66
1598,539314572,"01598M01:47:01.290","01598 00:59:53",214.02,871.13,,,,"     ",5.10,89.54,4.65
1598,539314573,"01598M01:47:02.263","01598 00:59:54",214.05,871.12,,,,"     ",5.10,89.26,4.64
1598,539314574,"01598M01:47:03.236","01598 00:59:55",214.09,871.07,,,,"     ",5.10,89.96,4.67
1598,539314575,"01598M01:47:04.210","01598 00:59:56",214.12,871.15,,,,"     ",5.10,89.14,4.63
1598,539314576,"01598M01:47:05.183","01598 00:59:57",214.11,871.07,,,,"     ",5.10,89.41,4.65
1598,539314577,"01598M01:47:06.156","01598 00:59:58",214.09,871.06,,,,"     ",5.10,89.67,4.66
1598,539314578,"01598M01:47:07.129","01598 00:59:59",214.03,871.07,,,,"     ",5.10,89.84,4.67
1598,539314579,"01598M01:47:08.103","01598 01:00:00",213.97,871.04,,,,"     ",5.10,89.65,4.66
1598,539314580,"01598M01:47:09.076","01598 01:00:01",213.90,871.08,,,,"     ",5.10,89.78,4.67
1598,539314581,"01598M01:47:10.049","01598 01:00:02",214.12,871.18,,,,"     ",5.10,90.21,4.69
1598,539314582,"01598M01:47:11.023","01598 01:00:03",214.09,871.18,,,,"     ",5.10,89.58,4.66
1598,539314583,"01598M01:47:11.996","01598 01:00:04",214.06,871.10,,,,"     ",5.10,89.68,4.66
1598,539314584,"01598M01:47:12.969","01598 01:00:05",214.04,871.13,,,,"     ",5.10,90.13,4.69
1598,539314585,"01598M01:47:13.942","01598 01:00:06",214.03,871.14,,,,"     ",5.10,89.93,4.68
1598,539314586,"01598M01:47:14.916","01598 01:00:07",214.02,871.15,,,,"     ",5.10,90.42,4.70
1598,539314587,"01598M01:47:15.889","01598 01:00:08",214.01,871.16,,,,"     ",5.10,90.10,4.69
1598,539314588,"01598M01:47:16.862","01598 01:00:09",213.99,871.16,,,,"     ",5.10,90.20,4.69
1598,539314589,"01598M01:47:17.835","01598 01:00:10",213.96,871.13,,,,"     ",5.10,90.31,4.70
1598,539314590,"01598M01:47:18.809","01598 01:00:11",213.92,871.18,,,,"     ",5.10,90.65,4.72
1598,539314591,"01598M01:47:19.782","01598 01:00:12",213.72,871.14,,,,"     ",5.10,90.60,4.71
1598,539314592,"01598M01:47:20.755","01598 01:00:13",213.72,871.18,,,,"     ",5.10,90.37,4.70
1598,539314593,"01598M01:47:21.728","01598 01:00:14",213.74,871.15,,,,"     ",5.10,90.49,4.71
1598,539314594,"01598M01:47:22.702","01598 01:00:15",213.75,871.10,,,,"     ",5.10,90.70,4.72
1598,539314595,"01598M01:47:23.675","01598 01:00:16",213.74,871.11,,,,"     ",5.10,91.11,4.74
1598,539314596,"01598M01:47:24.648","01598 01:00:16",213.73,871.15,,,,"     ",5.10,90.55,4.71
1598,539314597,"01598M01:47:25.621","01598 01:00:17",213.73,871.21,,,,"     ",5.10,90.75,4.73
1598,539314598,"01598M01:47:26.595","01598 01:00:18",213.75,871.21,,,,"     ",5.10,90.35,4.70
1598,539314599,"01598M01:47:27.568","01598 01:00:19",213.78,871.18,,,,"     ",5.10,90.96,4.74
1598,539314600,"01598M01:47:28.541","01598 01:00:20",213.82,871.16,,,,"     ",5.10,90.38,4.71
1598,539314601,"01598M01:47:29.514","01598 01:00:21",213.85,871.12,,,,"     ",5.10,90.88,4.73
1598,539314602,"01598M01:47:30.488","01598 01:00:22",213.86,871.10,,,,"     ",5.10,90.48,4.71
1598,539314603,"01598M01:47:31.461","01598 01:00:23",213.85,871.16,,,,"     ",5.10,89.99,4.69
1598,539314604,"01598M01:47:32.434","01598 01:00:24",213.84,871.14,,,,"     ",5.10,90.51,4.71
1598,539314605,"01598M01:47:33.407","01598 01:00:25",213.83,871.17,,,,"     ",5.10,90.28,4.70
1598,539314606,"01598M01:47:34.381","01598 01:00:26",214.05,871.18,,,,"     ",5.10,91.11,4.75
1598,539314607,"01598M01:47:35.354","01598 01:00:27",214.01,871.22,,,,"     ",5.10,90.59,4.72
1598,539314608,"01598M01:47:36.327","01598 01:00:28",213.96,871.26,,,,"     ",5.10,90.57,4.72
1598,539314609,"01598M01:47:37.300","01598 01:00:29",213.92,871.25,,,,"     ",5.10,90.54,4.72
1598,539314610,"01598M01:47:38.274","01598 01:00:30",213.88,871.33,,,,"     ",5.10,90.78,4.73
1598,539314611,"01598M01:47:39.247","01598 01:00:31",213.83,871.29,,,,"     ",5.10,90.34,4.71
1598,539314612,"01598M01:47:40.220","01598 01:00:32",213.76,871.25,,,,"     ",5.10,90.35,4.71
1598,539314613,"01598M01:47:41.193","01598 01:00:33",213.67,871.26,,,,"     ",5.10,90.00,4.69
1598,539314614,"01598M01:47:42.167","01598 01:00:34",213.58,871.25,,,,"     ",5.10,90.41,4.72
1598,539314615,"01598M01:47:43.140","01598 01:00:35",213.51,871.20,,,,"     ",5.10,90.24,4.71
1598,539314616,"01598M01:47:44.113","01598 01:00:36",213.46,871.19,,,,"     ",5.10,90.10,4.70
1598,539314617,"01598M01:47:45.086","01598 01:00:37",213.42,871.24,,,,"     ",5.10,90.51,4.73
1598,539314618,"01598M01:47:46.060","01598 01:00:38",213.38,871.21,,,,"     ",5.10,89.97,4.70
1598,539314619,"01598M01:47:47.033","01598 01:00:39",213.34,871.13,,,,"     ",5.10,90.07,4.71
1598,539314620,"01598M01:47:48.006","01598 01:00:40",213.29,871.23,,,,"     ",5.10,89.88,4.70
1598,539314621,"01598M01:47:48.979","01598 01:00:41",213.23,871.14,,,,"     ",5.10,90.12,4.71
1598,539314622,"01598M01:47:49.953","01598 01:00:42",213.17,871.20,,,,"     ",5.10,90.09,4.71
1598,539314623,"01598M01:47:50.926","01598 01:00:43",213.14,871.20,,,,"     ",5.10,90.36,4.73
1598,539314624,"01598M01:47:51.899","01598 01:00:44",213.12,871.31,,,,"     ",5.10,90.21,4.72
1598,539314625,"01598M01:47:52.872","01598 01:00:45",213.13,871.20,,,,"     ",5.10,90.05,4.71
1598,539314626,"01598M01:47:53.846","01598 01:00:46",213.14,871.20,,,,"     ",5.10,90.03,4.71
1598,539314627,"01598M01:47:54.819","01598 01:00:47",213.18,871.30,,,,"     ",5.10,90.13,4.72
1598,539314628,"01598M01:47:55.792","01598 01:00:48",213.23,871.23,,,,"     ",5.10,89.98,4.71
1598,539314629,"01598M01:47:56.765","01598 01:00:49",213.27,871.27,,,,"     ",5.10,90.31,4.73
1598,539314630,"01598M01:47:57.739","01598 01:00:50",213.32,871.25,,,,"     ",5.10,90.41,4.74
1598,539314631,"01598M01:47:58.712","01598 01:00:51",213.35,871.28,,,,"     ",5.10,89.97,4.71
1598,539314632,"01598M01:47:59.685","01598 01:00:52",213.37,871.25,,,,"     ",5.10,90.01,4.72
1598,539314633,"01598M01:48:00.658","01598 01:00:52",213.38,871.22,,,,"     ",5.10,89.94,4.72
1598,539314634,"01598M01:48:01.632","01598 01:00:53",213.39,871.23,,,,"     ",5.10,89.32,4.68
1598,539314635,"01598M01:48:02.605","01598 01:00:54",213.40,871.26,,,,"     ",5.10,90.19,4.73
1598,539314636,"01598M01:48:03.578","01598 01:00:55",213.41,871.26,,,,"     ",5.10,89.51,4.70
1598,539314637,"01598M01:48:04.551","01598 01:00:56",213.41,871.30,,,,"     ",5.10,89.86,4.72
1598,539314638,"01598M01:48:05.525","01598 01:00:57",213.40,871.25,,,,"     ",5.10,90.12,4.73
1598,539314639,"01598M01:48:06.498","01598 01:00:58",213.38,871.21,,,,"     ",5.10,89.70,4.71
1598,539314640,"01598M01:48:07.471","01598 01:00:59",213.37,871.23,,,,"     ",5.10,89.79,4.72
1598,539314641,"01598M01:48:08.444","01598 01:01:00",213.35,871.24,,,,"     ",5.10,89.34,4.69
1598,539314642,"01598M01:48:09.418","01598 01:01:01",213.31,871.25,,,,"     ",5.10,89.45,4.70
1598,539314643,"01598M01:48:10.391","01598 01:01:02",213.25,871.28,,,,"     ",5.10,89.67,4.71
1598,539314644,"01598M01:48:11.364","01598 01:01:03",213.20,871.27,,,,"     ",5.10,89.32,4.70
1598,539314645,"01598M01:48:12.337","01598 01:01:04",213.16,871.22,,,,"     ",5.10,90.07,4.74
1598,539314646,"01598M01:48:13.311","01598 01:01:05",213.12,871.25,,,,"     ",5.10,89.73,4.72
1598,539314647,"01598M01:48:14.284","01598 01:01:06",213.09,871.30,,,,"     ",5.10,89.42,4.71
1598,539314648,"01598M01:48:15.257","01598 01:01:07",213.06,871.28,,,,"     ",5.10,89.16,4.69
1598,539314649,"01598M01:48:16.230","01598 01:01:08",213.02,871.25,,,,"     ",5.10,88.63,4.66
1598,539314650,"01598M01:48:17.204","01598 01:01:09",212.98,871.33,,,,"     ",5.10,89.65,4.72
1598,539314651,"01598M01:48:18.177","01598 01:01:10",212.93,871.34,,,,"     ",5.10,89.71,4.73
1598,539314652,"01598M01:48:19.150","01598 01:01:11",212.90,871.32,,,,"     ",5.10,88.73,4.67
1598,539314653,"01598M01:48:20.124","01598 01:01:12",212.88,871.33,,,,"     ",5.10,89.04,4.69
1598,539314654,"01598M01:48:21.097","01598 01:01:13",212.87,871.31,,,,"     ",5.10,88.93,4.69
1598,539314655,"01598M01:48:22.070","01598 01:01:14",212.88,871.30,,,,"     ",5.10,88.99,4.69
1598,539314656,"01598M01:48:23.043","01598 01:01:15",212.88,871.25,,,,"     ",5.10,89.22,4.71
1598,539314657,"01598M01:48:24.017","01598 01:01:16",212.88,871.24,,,,"     ",5.10,88.58,4.67
1598,539314658,"01598M01:48:24.990","01598 01:01:17",212.88,871.32,,,,"     ",5.10,88.69,4.68
1598,539314659,"01598M01:48:25.963","01598 01:01:18",212.87,871.21,,,,"     ",5.10,89.44,4.72
1598,539314660,"01598M01:48:26.936","01598 01:01:19",212.86,871.26,,,,"     ",5.10,88.99,4.70
1598,539314661,"01598M01:48:27.910","01598 01:01:20",212.84,871.21,,,,"     ",5.10,89.28,4.72
1598,539314662,"01598M01:48:28.883","01598 01:01:21",212.82,871.21,,,,"     ",5.10,88.81,4.69
1598,539314663,"01598M01:48:29.856","01598 01:01:22",212.81,871.21,,,,"     ",5.10,89.03,4.71
1598,539314664,"01598M01:48:30.829","01598 01:01:23",212.80,871.18,,,,"     ",5.10,89.30,4.72
1598,539314665,"01598M01:48:31.803","01598 01:01:24",212.80,871.20,,,,"     ",5.10,88.68,4.69
1598,539314666,"01598M01:48:32.776","01598 01:01:25",212.79,871.20,,,,"     ",5.10,88.68,4.69
1598,539314667,"01598M01:48:33.749","01598 01:01:26",212.78,871.21,,,,"     ",5.10,88.86,4.70
1598,539314668,"01598M01:48:34.722","01598 01:01:27",212.76,871.26,,,,"     ",5.10,89.19,4.72
1598,539314669,"01598M01:48:35.696","01598 01:01:28",212.75,871.28,,,,"     ",5.10,89.28,4.73
1598,539314670,"01598M01:48:36.669","01598 01:01:28",212.76,871.21,,,,"     ",5.10,88.75,4.70
1598,539314671,"01598M01:48:37.642","01598 01:01:29",212.79,871.30,,,,"     ",5.10,88.58,4.69
1598,539314672,"01598M01:48:38.615","01598 01:01:30",212.83,871.32,,,,"     ",5.10,88.54,4.69
1598,539314673,"01598M01:48:39.589","01598 01:01:31",212.88,871.31,,,,"     ",5.10,88.89,4.71
1598,539314674,"01598M01:48:40.562","01598 01:01:32",212.92,871.24,,,,"     ",5.10,88.54,4.69
1598,539314675,"01598M01:48:41.535","01598 01:01:33",212.95,871.24,,,,"     ",5.10,88.26,4.68
1598,539314676,"01598M01:48:42.508","01598 01:01:34",212.97,871.29,,,,"     ",5.10,88.63,4.70
1598,539314677,"01598M01:48:43.482","01598 01:01:35",212.97,871.21,,,,"     ",5.10,88.89,4.71
1598,539314678,"01598M01:48:44.455","01598 01:01:36",212.97,871.21,,,,"     ",5.10,88.95,4.72
1598,539314679,"01598M01:48:45.428","01598 01:01:37",212.97,871.24,,,,"     ",5.10,88.98,4.72
1598,539314680,"01598M01:48:46.401","01598 01:01:38",212.95,871.34,,,,"     ",5.10,88.94,4.72
1598,539314681,"01598M01:48:47.375","01598 01:01:39",212.94,871.21,,,,"     ",5.10,89.16,4.73
1598,539314682,"01598M01:48:48.348","01598 01:01:40",212.94,871.16,,,,"     ",5.10,88.66,4.71
1598,539314683,"01598M01:48:49.321","01598 01:01:41",212.95,871.24,,,,"     ",5.10,89.22,4.74
1598,539314684,"01598M01:48:50.294","01598 01:01:42",212.96,871.28,,,,"     ",5.10,89.14,4.73
1598,539314685,"01598M01:48:51.268","01598 01:01:43",212.98,871.23,,,,"     ",5.10,89.01,4.73
1598,539314686,"01598M01:48:52.241","01598 01:01:44",213.00,871.30,,,,"     ",5.10,89.06,4.73
1598,539314687,"01598M01:48:53.214","01598 01:01:45",213.02,871.27,,,,"     ",5.10,88.92,4.72
1598,539314688,"01598M01:48:54.187","01598 01:01:46",213.03,871.26,,,,"     ",5.10,89.23,4.74
1598,539314689,"01598M01:48:55.161","01598 01:01:47",213.04,871.19,,,,"     ",5.10,89.58,4.76
1598,539314690,"01598M01:48:56.134","01598 01:01:48",213.06,871.22,,,,"     ",5.10,89.33,4.75
1598,539314691,"01598M01:48:57.107","01598 01:01:49",213.09,871.20,,,,"     ",5.10,89.70,4.77
1598,539314692,"01598M01:48:58.080","01598 01:01:50",213.11,871.18,,,,"     ",5.10,89.99,4.79
1598,539314693,"01598M01:48:59.054","01598 01:01:51",213.13,871.22,,,,"     ",5.10,89.91,4.78
1598,539314694,"01598M01:49:00.027","01598 01:01:52",213.14,871.27,,,,"     ",5.10,89.51,4.76
1598,539314695,"01598M01:49:01.000","01598 01:01:53",213.13,871.27,,,,"     ",5.10,89.59,4.77
1598,539314696,"01598M01:49:01.973","01598 01:01:54",213.11,871.24,,,,"     ",5.10,90.31,4.81
1598,539314697,"01598M01:49:02.947","01598 01:01:55",213.07,871.37,,,,"     ",5.10,89.41,4.76
1598,539314698,"01598M01:49:03.920","01598 01:01:56",213.04,871.26,,,,"     ",5.10,89.51,4.76
1598,539314699,"01598M01:49:04.893","01598 01:01:57",213.01,871.27,,,,"     ",5.10,89.80,4.78
1598,539314700,"01598M01:49:05.866","01598 01:01:58",212.98,871.31,,,,"     ",5.10,90.48,4.82
1598,539314701,"01598M01:49:06.840","01598 01:01:59",212.96,871.31,,,,"     ",5.10,89.97,4.79
1598,539314702,"01598M01:49:07.813","01598 01:02:00",212.93,871.31,,,,"     ",5.10,90.17,4.81
1598,539314703,"01598M01:49:08.786","01598 01:02:01",212.89,871.25,,,,"     ",5.10,90.32,4.81
1598,539314704,"01598M01:49:09.759","01598 01:02:02",212.84,871.23,,,,"     ",5.10,90.92,4.85
1598,539314705,"01598M01:49:10.733","01598 01:02:03",212.77,871.30,,,,"     ",5.10,90.27,4.81
1598,539314706,"01598M01:49:11.706","01598 01:02:04",212.70,871.27,,,,"     ",5.10,90.52,4.83
1598,539314707,"01598M01:49:12.679","01598 01:02:04",212.63,871.26,,,,"     ",5.10,90.89,4.85
1598,539314708,"01598M01:49:13.652","01598 01:02:05",212.59,871.23,,,,"     ",5.10,90.51,4.83
1598,539314709,"01598M01:49:14.626","01598 01:02:06",212.58,871.19,,,,"     ",5.10,90.40,4.82
1598,539314710,"01598M01:49:15.599","01598 01:02:07",212.59,871.23,,,,"     ",5.10,91.05,4.86
1598,539314711,"01598M01:49:16.572","01598 01:02:08",212.61,871.27,,,,"     ",5.10,90.71,4.84
1598,539314712,"01598M01:49:17.545","01598 01:02:09",212.64,871.27,,,,"     ",5.10,90.83,4.85
1598,539314713,"01598M01:49:18.519","01598 01:02:10",212.67,871.29,,,,"     ",5.10,90.63,4.84
1598,539314714,"01598M01:49:19.492","01598 01:02:11",212.69,871.26,,,,"     ",5.10,91.19,4.87
1598,539314715,"01598M01:49:20.465","01598 01:02:12",212.72,871.24,,,,"     ",5.10,90.58,4.84
1598,539314716,"01598M01:49:21.438","01598 01:02:13",212.74,871.38,,,,"     ",5.10,90.88,4.85
1598,539314717,"01598M01:49:22.412","01598 01:02:14",212.76,871.37,,,,"     ",5.10,90.80,4.85
1598,539314718,"01598M01:49:23.385","01598 01:02:15",212.79,871.38,,,,"     ",5.10,90.71,4.85
1598,539314719,"01598M01:49:24.358","01598 01:02:16",212.82,871.43,,,,"     ",5.10,90.63,4.84
1598,539314720,"01598M01:49:25.331","01598 01:02:17",212.87,871.40,,,,"     ",5.10,90.61,4.84
1598,539314721,"01598M01:49:26.305","01598 01:02:18",212.91,871.46,,,,"     ",5.10,91.09,4.87
1598,539314722,"01598M01:49:27.278","01598 01:02:19",212.95,871.42,,,,"     ",5.10,90.61,4.85
1598,539314723,"01598M01:49:28.251","01598 01:02:20",213.00,871.41,,,,"     ",5.10,90.92,4.86
1598,539314724,"01598M01:49:29.224","01598 01:02:21",213.05,871.45,,,,"     ",5.10,91.00,4.87
1598,539314725,"01598M01:49:30.198","01598 01:02:22",213.12,871.41,,,,"     ",5.10,90.90,4.86
1598,539314726,"01598M01:49:31.171","01598 01:02:23",213.20,871.44,,,,"     ",5.10,90.53,4.84
1598,539314727,"01598M01:49:32.144","01598 01:02:24",213.28,871.40,,,,"     ",5.10,90.65,4.85
1598,539314728,"01598M01:49:33.118","01598 01:02:25",213.37,871.45,,,,"     ",5.10,90.56,4.85
1598,539314729,"01598M01:49:34.091","01598 01:02:26",213.44,871.39,,,,"     ",5.10,90.85,4.86
1598,539314730,"01598M01:49:35.064","01598 01:02:27",213.50,871.42,,,,"     ",5.10,91.04,4.87
1598,539314731,"01598M01:49:36.037","01598 01:02:28",213.44,871.40,,,,"     ",5.10,90.26,4.83
1598,539314732,"01598M01:49:37.011","01598 01:02:29",213.51,871.52,,,,"     ",5.10,91.23,4.89
1598,539314733,"01598M01:49:37.984","01598 01:02:30",213.58,871.46,,,,"     ",5.10,90.36,4.84
1598,539314734,"01598M01:49:38.957","01598 01:02:31",213.63,871.41,,,,"     ",5.10,90.48,4.84
1598,539314735,"01598M01:49:39.930","01598 01:02:32",213.66,871.39,,,,"     ",5.10,90.73,4.86
1598,539314736,"01598M01:49:40.904","01598 01:02:33",213.67,871.44,,,,"     ",5.10,90.82,4.86
1598,539314737,"01598M01:49:41.877","01598 01:02:34",213.67,871.42,,,,"     ",5.10,90.40,4.84
1598,539314738,"01598M01:49:42.850","01598 01:02:35",213.68,871.37,,,,"     ",5.10,90.57,4.85
1598,539314739,"01598M01:49:43.823","01598 01:02:36",213.96,871.39,,,,"     ",5.10,90.73,4.86
1598,539314740,"01598M01:49:44.797","01598 01:02:37",213.94,871.40,,,,"     ",5.10,90.81,4.86
1598,539314741,"01598M01:49:45.770","01598 01:02:38",213.90,871.34,,,,"     ",5.10,90.45,4.84
1598,539314742,"01598M01:49:46.743","01598 01:02:39",213.86,871.38,,,,"     ",5.10,90.59,4.85
1598,539314743,"01598M01:49:47.716","01598 01:02:40",213.82,871.39,,,,"     ",5.10,90.92,4.86
1598,539314744,"01598M01:49:48.690","01598 01:02:41",213.77,871.40,,,,"     ",5.10,90.11,4.82
1598,539314745,"01598M01:49:49.663","01598 01:02:41",213.73,871.41,,,,"     ",5.10,90.30,4.83
1598,539314746,"01598M01:49:50.636","01598 01:02:42",213.69,871.48,,,,"     ",5.10,90.04,4.81
1598,539314747,"01598M01:49:51.609","01598 01:02:43",213.65,871.39,,,,"     ",5.10,90.60,4.84
1598,539314748,"01598M01:49:52.583","01598 01:02:44",213.62,871.37,,,,"     ",5.10,90.36,4.83
1598,539314749,"01598M01:49:53.556","01598 01:02:45",213.60,871.32,,,,"     ",5.10,90.98,4.86
1598,539314750,"01598M01:49:54.529","01598 01:02:46",213.60,871.40,,,,"     ",5.10,90.34,4.83
1598,539314751,"01598M01:49:55.502","01598 01:02:47",213.63,871.39,,,,"     ",5.10,90.15,4.82
1598,539314752,"01598M01:49:56.476","01598 01:02:48",213.68,871.40,,,,"     ",5.10,90.93,4.86
1598,539314753,"01598M01:49:57.449","01598 01:02:49",213.76,871.34,,,,"     ",5.10,90.88,4.86
1598,539314754,"01598M01:49:58.422","01598 01:02:50",213.83,871.36,,,,"     ",5.10,90.69,4.84
1598,539314755,"01598M01:49:59.395","01598 01:02:51",213.90,871.38,,,,"     ",5.10,91.47,4.89
1598,539314756,"01598M01:50:00.369","01598 01:02:52",213.97,871.34,,,,"     ",5.10,90.88,4.85
1598,539314757,"01598M01:50:01.342","01598 01:02:53",214.04,871.38,,,,"     ",5.10,91.58,4.89
1598,539314758,"01598M01:50:02.315","01598 01:02:54",213.83,871.39,,,,"     ",5.10,91.81,4.90
1598,539314759,"01598M01:50:03.288","01598 01:02:55",213.89,871.44,,,,"     ",5.10,91.91,4.91
1598,539314760,"01598M01:50:04.262","01598 01:02:56",213.98,871.44,,,,"     ",5.10,92.19,4.92
1598,539314761,"01598M01:50:05.235","01598 01:02:57",214.09,871.50,,,,"     ",5.10,92.61,4.94
1598,539314762,"01598M01:50:06.208","01598 01:02:58",214.22,871.52,,,,"     ",5.10,92.88,4.96
1598,539314763,"01598M01:50:07.181","01598 01:02:59",214.35,871.51,,,,"     ",5.10,93.28,4.98
1598,539314764,"01598M01:50:08.155","01598 01:03:00",214.45,871.48,,,,"     ",5.10,93.48,4.99
1598,539314765,"01598M01:50:09.128","01598 01:03:01",214.50,871.45,,,,"     ",5.10,93.11,4.96
1598,539314766,"01598M01:50:10.101","01598 01:03:02",214.52,871.52,,,,"     ",5.10,93.44,4.98
1598,539314767,"01598M01:50:11.074","01598 01:03:03",214.51,871.40,,,,"     ",5.10,93.20,4.97
1598,539314768,"01598M01:50:12.048","01598 01:03:04",214.51,871.40,,,,"     ",5.10,93.63,4.99
1598,539314769,"01598M01:50:13.021","01598 01:03:05",214.53,871.46,,,,"     ",5.10,93.48,4.98
1598,539314770,"01598M01:50:13.994","01598 01:03:06",214.55,871.52,,,,"     ",5.10,93.63,4.99
1598,539314771,"01598M01:50:14.967","01598 01:03:07",214.59,871.50,,,,"     ",5.10,94.60,5.04
1598,539314772,"01598M01:50:15.941","01598 01:03:08",214.62,871.54,,,,"     ",5.10,94.03,5.01
1598,539314773,"01598M01:50:16.914","01598 01:03:09",214.64,871.46,,,,"     ",5.10,94.69,5.04
1598,539314774,"01598M01:50:17.887","01598 01:03:10",214.65,871.50,,,,"     ",5.10,94.48,5.03
1598,539314775,"01598M01:50:18.860","01598 01:03:11",214.63,871.45,,,,"     ",5.10,94.77,5.04
1598,539314776,"01598M01:50:19.834","01598 01:03:12",214.60,871.43,,,,"     ",5.10,94.46,5.03
1598,539314777,"01598M01:50:20.807","01598 01:03:13",214.55,871.44,,,,"     ",5.10,94.54,5.03
1598,539314778,"01598M01:50:21.780","01598 01:03:14",214.49,871.55,,,,"     ",5.10,94.28,5.02
1598,539314779,"01598M01:50:22.753","01598 01:03:15",214.43,871.45,,,,"     ",5.10,94.74,5.04
1598,539314780,"01598M01:50:23.727","01598 01:03:16",214.38,871.51,,,,"     ",5.10,94.82,5.05
1598,539314781,"01598M01:50:24.700","01598 01:03:17",214.33,871.47,,,,"     ",5.10,95.02,5.06
1598,539314782,"01598M01:50:25.673","01598 01:03:17",214.27,871.50,,,,"     ",5.10,95.02,5.06
1598,539314783,"01598M01:50:26.646","01598 01:03:18",214.22,871.51,,,,"     ",5.10,94.73,5.04
1598,539314784,"01598M01:50:27.620","01598 01:03:19",214.18,871.53,,,,"     ",5.10,95.04,5.06
1598,539314785,"01598M01:50:28.593","01598 01:03:20",214.13,871.54,,,,"     ",5.10,95.01,5.06
1598,539314786,"01598M01:50:29.566","01598 01:03:21",214.07,871.51,,,,"     ",5.10,95.05,5.06
1598,539314787,"01598M01:50:30.539","01598 01:03:22",214.01,871.50,,,,"     ",5.10,94.78,5.04
1598,539314788,"01598M01:50:31.513","01598 01:03:23",213.94,871.50,,,,"     ",5.10,95.07,5.06
1598,539314789,"01598M01:50:32.486","01598 01:03:24",213.88,871.62,,,,"     ",5.10,94.47,5.03
1598,539314790,"01598M01:50:33.459","01598 01:03:25",213.81,871.57,,,,"     ",5.10,94.48,5.03
1598,539314791,"01598M01:50:34.432","01598 01:03:26",213.75,871.55,,,,"     ",5.10,94.39,5.02
1598,539314792,"01598M01:50:35.406","01598 01:03:27",213.71,871.50,,,,"     ",5.10,94.45,5.03
1598,539314793,"01598M01:50:36.379","01598 01:03:28",213.86,871.52,,,,"     ",5.10,94.42,5.03
1598,539314794,"01598M01:50:37.352","01598 01:03:29",213.80,871.52,,,,"     ",5.10,94.76,5.04
1598,539314795,"01598M01:50:38.325","01598 01:03:30",213.74,871.55,,,,"     ",5.10,94.51,5.03
1598,539314796,"01598M01:50:39.299","01598 01:03:31",213.53,871.58,,,,"     ",5.10,94.70,5.04
1598,539314797,"01598M01:50:40.272","01598 01:03:32",213.56,871.51,,,,"     ",5.10,94.15,5.01
1598,539314798,"01598M01:50:41.245","01598 01:03:33",213.58,871.45,,,,"     ",5.10,94.44,5.03
1598,539314799,"01598M01:50:42.219","01598 01:03:34",213.60,871.44,,,,"     ",5.10,93.84,5.00
1598,539314800,"01598M01:50:43.192","01598 01:03:35",213.61,871.47,,,,"     ",5.10,94.04,5.01
1598,539314801,"01598M01:50:44.165","01598 01:03:36",213.62,871.54,,,,"     ",5.10,93.92,5.00
1598,539314802,"01598M01:50:45.138","01598 01:03:37",213.62,871.52,,,,"     ",5.10,94.01,5.01
1598,539314803,"01598M01:50:46.112","01598 01:03:38",213.63,871.53,,,,"     ",5.10,93.89,5.01
1598,539314804,"01598M01:50:47.085","01598 01:03:39",213.62,871.51,,,,"     ",5.10,93.72,5.00
1598,539314805,"01598M01:50:48.058","01598 01:03:40",213.62,871.55,,,,"     ",5.10,93.47,4.98
1598,539314806,"01598M01:50:49.031","01598 01:03:41",213.61,871.54,,,,"     ",5.10,93.64,4.99
1598,539314807,"01598M01:50:50.005","01598 01:03:42",213.59,871.56,,,,"     ",5.10,93.92,5.01
1598,539314808,"01598M01:50:50.978","01598 01:03:43",213.58,871.52,,,,"     ",5.10,93.62,4.99
1598,539314809,"01598M01:50:51.951","01598 01:03:44",213.56,871.58,,,,"     ",5.10,93.58,4.99
1598,539314810,"01598M01:50:52.924","01598 01:03:45",213.53,871.59,,,,"     ",5.10,93.95,5.01
1598,539314811,"01598M01:50:53.898","01598 01:03:46",213.51,871.52,,,,"     ",5.10,93.64,5.00
1598,539314812,"01598M01:50:54.871","01598 01:03:47",213.49,871.50,,,,"     ",5.10,93.42,4.98
1598,539314813,"01598M01:50:55.844","01598 01:03:48",213.67,871.57,,,,"     ",5.10,92.82,4.95
1598,539314814,"01598M01:50:56.817","01598 01:03:49",213.64,871.60,,,,"     ",5.10,93.13,4.97
1598,539314815,"01598M01:50:57.791","01598 01:03:50",213.59,871.61,,,,"     ",5.10,92.48,4.93
1598,539314816,"01598M01:50:58.764","01598 01:03:51",213.55,871.67,,,,"     ",5.10,93.33,4.98
1598,539314817,"01598M01:50:59.737","01598 01:03:52",213.51,871.62,,,,"     ",5.10,92.71,4.95
1598,539314818,"01598M01:51:00.710","01598 01:03:53",213.47,871.69,,,,"     ",5.10,92.08,4.92
1598,539314819,"01598M01:51:01.684","01598 01:03:53",213.44,871.62,,,,"     ",5.10,92.65,4.95
1598,539314820,"01598M01:51:02.657","01598 01:03:54",213.41,871.61,,,,"     ",5.10,92.18,4.92
1598,539314821,"01598M01:51:03.630","01598 01:03:55",213.39,871.56,,,,"     ",5.10,92.47,4.94
1598,539314822,"01598M01:51:04.603","01598 01:03:56",213.37,871.55,,,,"     ",5.10,92.22,4.93
1598,539314823,"01598M01:51:05.577","01598 01:03:57",213.35,871.61,,,,"     ",5.10,92.16,4.92
1598,539314824,"01598M01:51:06.550","01598 01:03:58",213.34,871.54,,,,"     ",5.10,91.93,4.91
1598,539314825,"01598M01:51:07.523","01598 01:03:59",213.33,871.61,,,,"     ",5.10,91.68,4.90
1598,539314826,"01598M01:51:08.496","01598 01:04:00",213.33,871.55,,,,"     ",5.10,91.71,4.90
1598,539314827,"01598M01:51:09.470","01598 01:04:01",213.34,871.47,,,,"     ",5.10,91.59,4.89
1598,539314828,"01598M01:51:10.443","01598 01:04:02",213.35,871.56,,,,"     ",5.10,92.00,4.92
1598,539314829,"01598M01:51:11.416","01598 01:04:03",213.38,871.63,,,,"     ",5.10,92.10,4.93
1598,539314830,"01598M01:51:12.389","01598 01:04:04",213.41,871.56,,,,"     ",5.10,91.27,4.88
1598,539314831,"01598M01:51:13.363","01598 01:04:05",213.46,871.57,,,,"     ",5.10,91.55,4.90
1598,539314832,"01598M01:51:14.336","01598 01:04:06",213.53,871.57,,,,"     ",5.10,91.67,4.90
1598,539314833,"01598M01:51:15.309","01598 01:04:07",213.61,871.63,,,,"     ",5.10,90.95,4.87
1598,539314834,"01598M01:51:16.282","01598 01:04:08",213.70,871.57,,,,"     ",5.10,91.36,4.89
1598,539314835,"01598M01:51:17.256","01598 01:04:09",213.79,871.59,,,,"     ",5.10,91.22,4.88
1598,539314836,"01598M01:51:18.229","01598 01:04:10",213.63,871.63,,,,"     ",5.10,91.07,4.87
1598,539314837,"01598M01:51:19.202","01598 01:04:11",213.71,871.54,,,,"     ",5.10,91.39,4.89
1598,539314838,"01598M01:51:20.175","01598 01:04:12",213.81,871.57,,,,"     ",5.10,90.83,4.86
1598,539314839,"01598M01:51:21.149","01598 01:04:13",213.91,871.59,,,,"     ",5.10,90.77,4.86
1598,539314840,"01598M01:51:22.122","01598 01:04:14",214.00,871.53,,,,"     ",5.10,91.54,4.90
1598,539314841,"01598M01:51:23.095","01598 01:04:15",214.08,871.53,,,,"     ",5.10,91.74,4.91
1598,539314842,"01598M01:51:24.068","01598 01:04:16",214.15,871.50,,,,"     ",5.10,91.77,4.91
1598,539314843,"01598M01:51:25.042","01598 01:04:17",214.20,871.53,,,,"     ",5.10,91.77,4.92
1598,539314844,"01598M01:51:26.015","01598 01:04:18",214.24,871.59,,,,"     ",5.10,92.02,4.93
1598,539314845,"01598M01:51:26.988","01598 01:04:19",214.27,871.60,,,,"     ",5.10,92.13,4.93
1598,539314846,"01598M01:51:27.961","01598 01:04:20",214.30,871.56,,,,"     ",5.10,92.44,4.95
1598,539314847,"01598M01:51:28.935","01598 01:04:21",214.32,871.62,,,,"     ",5.10,92.72,4.97
1598,539314848,"01598M01:51:29.908","01598 01:04:22",214.34,871.71,,,,"     ",5.10,92.65,4.96
1598,539314849,"01598M01:51:30.881","01598 01:04:23",214.34,871.67,,,,"     ",5.10,92.71,4.96
1598,539314850,"01598M01:51:31.854","01598 01:04:24",214.34,871.64,,,,"     ",5.10,93.00,4.98
1598,539314851,"01598M01:51:32.828","01598 01:04:25",214.33,871.70,,,,"     ",5.10,92.88,4.97
1598,539314852,"01598M01:51:33.801","01598 01:04:26",214.31,871.75,,,,"     ",5.10,92.42,4.95
1598,539314853,"01598M01:51:34.774","01598 01:04:27",214.28,871.69,,,,"     ",5.10,93.47,5.00
1598,539314854,"01598M01:51:35.747","01598 01:04:28",214.24,871.59,,,,"     ",5.10,93.59,5.01
1598,539314855,"01598M01:51:36.721","01598 01:04:29",214.20,871.61,,,,"     ",5.10,93.70,5.01
1598,539314856,"01598M01:51:37.694","01598 01:04:29",214.16,871.57,,,,"     ",5.10,93.33,4.99
1598,539314857,"01598M01:51:38.667","01598 01:04:30",214.11,871.65,,,,"     ",5.10,93.16,4.98
1598,539314858,"01598M01:51:39.640","01598 01:04:31",214.08,871.69,,,,"     ",5.10,93.35,4.99
1598,539314859,"01598M01:51:40.614","01598 01:04:32",214.06,871.64,,,,"     ",5.10,93.52,5.00
1598,539314860,"01598M01:51:41.587","01598 01:04:33",214.06,871.69,,,,"     ",5.10,93.86,5.02
1598,539314861,"01598M01:51:42.560","01598 01:04:34",214.07,871.64,,,,"     ",5.10,93.80,5.02
1598,539314862,"01598M01:51:43.533","01598 01:04:35",214.08,871.63,,,,"     ",5.10,93.60,5.01
1598,539314863,"01598M01:51:44.507","01598 01:04:36",214.10,871.59,,,,"     ",5.10,93.35,4.99
1598,539314864,"01598M01:51:45.480","01598 01:04:37",214.11,871.62,,,,"     ",5.10,94.17,5.04
1598,539314865,"01598M01:51:46.453","01598 01:04:38",214.11,871.57,,,,"     ",5.10,93.61,5.00
1598,539314866,"01598M01:51:47.426","01598 01:04:39",214.09,871.62,,,,"     ",5.10,93.89,5.02
1598,539314867,"01598M01:51:48.400","01598 01:04:40",214.08,871.70,,,,"     ",5.10,93.62,5.00
1598,539314868,"01598M01:51:49.373","01598 01:04:41",214.06,871.73,,,,"     ",5.10,93.34,4.99
1598,539314869,"01598M01:51:50.346","01598 01:04:42",214.05,871.73,,,,"     ",5.10,93.65,5.00
1598,539314870,"01598M01:51:51.320","01598 01:04:43",214.04,871.74,,,,"     ",5.10,93.73,5.01
1598,539314871,"01598M01:51:52.293","01598 01:04:44",214.02,871.76,,,,"     ",5.10,93.87,5.02
1598,539314872,"01598M01:51:53.266","01598 01:04:45",213.99,871.73,,,,"     ",5.10,93.74,5.01
1598,539314873,"01598M01:51:54.239","01598 01:04:46",213.96,871.64,,,,"     ",5.10,94.79,5.07
1598,539314874,"01598M01:51:55.213","01598 01:04:47",213.93,871.80,,,,"     ",5.10,94.04,5.02
1598,539314875,"01598M01:51:56.186","01598 01:04:48",213.89,871.76,,,,"     ",5.10,94.18,5.03
1598,539314876,"01598M01:51:57.159","01598 01:04:49",213.85,871.79,,,,"     ",5.10,93.93,5.02
1598,539314877,"01598M01:51:58.132","01598 01:04:50",213.82,871.77,,,,"     ",5.10,94.92,5.07
1598,539314878,"01598M01:51:59.106","01598 01:04:51",213.79,871.79,,,,"     ",5.10,94.52,5.05
1598,539314879,"01598M01:52:00.079","01598 01:04:52",214.02,871.73,,,,"     ",5.10,94.95,5.07
1598,539314880,"01598M01:52:01.052","01598 01:04:53",213.98,871.73,,,,"     ",5.10,94.14,5.03
1598,539314881,"01598M01:52:02.025","01598 01:04:54",213.94,871.73,,,,"     ",5.10,94.90,5.07
1598,539314882,"01598M01:52:02.999","01598 01:04:55",213.90,871.69,,,,"     ",5.10,94.87,5.07
1598,539314883,"01598M01:52:03.972","01598 01:04:56",213.88,871.69,,,,"     ",5.10,95.36,5.10
1598,539314884,"01598M01:52:04.945","01598 01:04:57",213.88,871.62,,,,"     ",5.10,94.67,5.06
1598,539314885,"01598M01:52:05.918","01598 01:04:58",213.88,871.64,,,,"     ",5.10,95.25,5.09
1598,539314886,"01598M01:52:06.892","01598 01:04:59",213.89,871.63,,,,"     ",5.10,94.72,5.06
1598,539314887,"01598M01:52:07.865","01598 01:05:00",213.71,871.66,,,,"     ",5.10,95.19,5.09
1598,539314888,"01598M01:52:08.838","01598 01:05:01",213.76,871.69,,,,"     ",5.10,95.34,5.10
1598,539314889,"01598M01:52:09.811","01598 01:05:02",213.84,871.68,,,,"     ",5.10,94.97,5.08
1598,539314890,"01598M01:52:10.785","01598 01:05:03",213.93,871.70,,,,"     ",5.10,95.28,5.10
1598,539314891,"01598M01:52:11.758","01598 01:05:04",214.01,871.69,,,,"     ",5.10,95.31,5.10
1598,539314892,"01598M01:52:12.731","01598 01:05:05",214.09,871.72,,,,"     ",5.10,95.45,5.11
1598,539314893,"01598M01:52:13.704","01598 01:05:05",214.16,871.70,,,,"     ",5.10,95.82,5.13
1598,539314894,"01598M01:52:14.678","01598 01:05:06",214.23,871.71,,,,"     ",5.10,95.37,5.10
1598,539314895,"01598M01:52:15.651","01598 01:05:07",214.30,871.68,,,,"     ",5.10,95.94,5.13
1598,539314896,"01598M01:52:16.624","01598 01:05:08",214.38,871.80,,,,"     ",5.10,95.61,5.12
1598,539314897,"01598M01:52:17.597","01598 01:05:09",214.45,871.79,,,,"     ",5.10,95.70,5.12
1598,539314898,"01598M01:52:18.571","01598 01:05:10",214.52,871.79,,,,"     ",5.10,95.61,5.12
1598,539314899,"01598M01:52:19.544","01598 01:05:11",214.57,871.82,,,,"     ",5.10,95.52,5.11
1598,539314900,"01598M01:52:20.517","01598 01:05:12",214.61,871.79,,,,"     ",5.10,95.82,5.13
1598,539314901,"01598M01:52:21.490","01598 01:05:13",214.63,871.77,,,,"     ",5.10,95.99,5.14
1598,539314902,"01598M01:52:22.464","01598 01:05:14",214.63,871.83,,,,"     ",5.10,96.27,5.15
1598,539314903,"01598M01:52:23.437","01598 01:05:15",214.63,871.82,,,,"     ",5.10,95.70,5.12
1598,539314904,"01598M01:52:24.410","01598 01:05:16",214.62,871.81,,,,"     ",5.10,95.95,5.13
1598,539314905,"01598M01:52:25.383","01598 01:05:17",214.61,871.81,,,,"     ",5.10,96.23,5.15
1598,539314906,"01598M01:52:26.357","01598 01:05:18",214.61,871.75,,,,"     ",5.10,96.10,5.14
1598,539314907,"01598M01:52:27.330","01598 01:05:19",214.61,871.77,,,,"     ",5.10,95.64,5.12
1598,539314908,"01598M01:52:28.303","01598 01:05:20",214.61,871.80,,,,"     ",5.10,96.24,5.15
1598,539314909,"01598M01:52:29.276","01598 01:05:21",214.61,871.77,,,,"     ",5.10,96.41,5.16
1598,539314910,"01598M01:52:30.250","01598 01:05:22",214.62,871.85,,,,"     ",5.10,95.60,5.11
1598,539314911,"01598M01:52:31.223","01598 01:05:23",214.64,871.88,,,,"     ",5.10,95.72,5.12
1598,539314912,"01598M01:52:32.196","01598 01:05:24",214.67,871.88,,,,"     ",5.10,96.45,5.16
1598,539314913,"01598M01:52:33.169","01598 01:05:25",214.69,871.87,,,,"     ",5.10,96.14,5.14
1598,539314914,"01598M01:52:34.143","01598 01:05:26",214.72,871.88,,,,"     ",5.10,96.11,5.14
1598,539314915,"01598M01:52:35.116","01598 01:05:27",214.74,871.79,,,,"     ",5.10,96.29,5.15
1598,539314916,"01598M01:52:36.089","01598 01:05:28",214.76,871.79,,,,"     ",5.10,95.73,5.12
1598,539314917,"01598M01:52:37.062","01598 01:05:29",214.79,871.80,,,,"     ",5.10,95.67,5.12
1598,539314918,"01598M01:52:38.036","01598 01:05:30",214.81,871.86,,,,"     ",5.10,95.85,5.13
1598,539314919,"01598M01:52:39.009","01598 01:05:31",214.83,871.85,,,,"     ",5.10,96.25,5.15
1598,539314920,"01598M01:52:39.982","01598 01:05:32",214.85,871.91,,,,"     ",5.10,95.57,5.11
1598,539314921,"01598M01:52:40.955","01598 01:05:33",214.86,871.76,,,,"     ",5.10,95.83,5.12
1598,539314922,"01598M01:52:41.929","01598 01:05:34",214.89,871.90,,,,"     ",5.10,96.13,5.14
1598,539314923,"01598M01:52:42.902","01598 01:05:35",214.91,871.92,,,,"     ",5.10,95.82,5.13
1598,539314924,"01598M01:52:43.875","01598 01:05:36",214.94,871.91,,,,"     ",5.10,96.04,5.14
1598,539314925,"01598M01:52:44.848","01598 01:05:37",214.97,871.92,,,,"     ",5.10,95.96,5.13
1598,539314926,"01598M01:52:45.822","01598 01:05:38",214.98,871.96,,,,"     ",5.10,95.10,5.08
1598,539314927,"01598M01:52:46.795","01598 01:05:39",214.98,871.90,,,,"     ",5.10,95.45,5.10
1598,539314928,"01598M01:52:47.768","01598 01:05:40",214.96,871.85,,,,"     ",5.10,95.80,5.12
1598,539314929,"01598M01:52:48.741","01598 01:05:41",214.92,871.84,,,,"     ",5.10,95.74,5.12
1598,539314930,"01598M01:52:49.715","01598 01:05:41",214.87,871.88,,,,"     ",5.10,95.11,5.08
1598,539314931,"01598M01:52:50.688","01598 01:05:42",214.81,871.91,,,,"     ",5.10,95.00,5.08
1598,539314932,"01598M01:52:51.661","01598 01:05:43",214.75,871.83,,,,"     ",5.10,95.43,5.10
1598,539314933,"01598M01:52:52.634","01598 01:05:44",214.68,871.89,,,,"     ",5.10,95.43,5.10
1598,539314934,"01598M01:52:53.608","01598 01:05:45",214.62,871.88,,,,"     ",5.10,95.60,5.11
1598,539314935,"01598M01:52:54.581","01598 01:05:46",214.57,871.86,,,,"     ",5.10,95.43,5.10
1598,539314936,"01598M01:52:55.554","01598 01:05:47",214.53,871.87,,,,"     ",5.10,95.45,5.10
1598,539314937,"01598M01:52:56.527","01598 01:05:48",214.51,871.83,,,,"     ",5.10,95.57,5.11
1598,539314938,"01598M01:52:57.501","01598 01:05:49",214.51,871.77,,,,"     ",5.10,95.83,5.12
1598,539314939,"01598M01:52:58.474","01598 01:05:50",214.52,871.87,,,,"     ",5.10,95.59,5.11
1598,539314940,"01598M01:52:59.447","01598 01:05:51",214.54,871.78,,,,"     ",5.10,95.35,5.10
1598,539314941,"01598M01:53:00.421","01598 01:05:52",214.57,871.91,,,,"     ",5.10,95.02,5.08
1598,539314942,"01598M01:53:01.394","01598 01:05:53",214.61,871.84,,,,"     ",5.10,95.36,5.10
1598,539314943,"01598M01:53:02.367","01598 01:05:54",214.64,871.93,,,,"     ",5.10,95.02,5.08
1598,539314944,"01598M01:53:03.340","01598 01:05:55",214.68,871.91,,,,"     ",5.10,95.50,5.10
1598,539314945,"01598M01:53:04.314","01598 01:05:56",214.74,871.94,,,,"     ",5.10,95.30,5.09
1598,539314946,"01598M01:53:05.287","01598 01:05:57",214.80,871.87,,,,"     ",5.10,95.56,5.11
1598,539314947,"01598M01:53:06.260","01598 01:05:58",214.88,871.90,,,,"     ",5.10,95.73,5.12
1598,539314948,"01598M01:53:07.233","01598 01:05:59",214.97,871.93,,,,"     ",5.10,94.78,5.06
1598,539314949,"01598M01:53:08.207","01598 01:06:00",215.06,872.00,,,,"     ",5.10,95.04,5.08
1598,539314950,"01598M01:53:09.180","01598 01:06:01",215.14,871.97,,,,"     ",5.10,95.52,5.11
1598,539314951,"01598M01:53:10.153","01598 01:06:02",215.22,871.92,,,,"     ",5.10,95.64,5.11
1598,539314952,"01598M01:53:11.126","01598 01:06:03",215.27,871.90,,,,"     ",5.10,95.53,5.10
1598,539314953,"01598M01:53:12.100","01598 01:06:04",215.31,871.92,,,,"     ",5.10,95.64,5.11
1598,539314954,"01598M01:53:13.073","01598 01:06:05",215.32,871.97,,,,"     ",5.10,95.80,5.12
1598,539314955,"01598M01:53:14.046","01598 01:06:06",215.32,871.94,,,,"     ",5.10,95.49,5.10
1598,539314956,"01598M01:53:15.019","01598 01:06:07",215.29,871.96,,,,"     ",5.10,95.35,5.09
1598,539314957,"01598M01:53:15.993","01598 01:06:08",215.26,871.94,,,,"     ",5.10,95.83,5.12
1598,539314958,"01598M01:53:16.966","01598 01:06:09",215.22,872.02,,,,"     ",5.10,96.19,5.14
1598,539314959,"01598M01:53:17.939","01598 01:06:10",215.18,871.97,,,,"     ",5.10,95.94,5.13
1598,539314960,"01598M01:53:18.912","01598 01:06:11",215.14,871.96,,,,"     ",5.10,95.43,5.10
1598,539314961,"01598M01:53:19.886","01598 01:06:12",215.12,871.94,,,,"     ",5.10,95.54,5.10
1598,539314962,"01598M01:53:20.859","01598 01:06:13",215.10,871.92,,,,"     ",5.10,95.44,5.10
1598,539314963,"01598M01:53:21.832","01598 01:06:14",215.09,871.90,,,,"     ",5.10,95.78,5.11
1598,539314964,"01598M01:53:22.805","01598 01:06:15",215.09,871.92,,,,"     ",5.10,95.77,5.11
1598,539314965,"01598M01:53:23.779","01598 01:06:16",215.08,871.91,,,,"     ",5.10,96.00,5.13
1598,539314966,"01598M01:53:24.752","01598 01:06:17",215.07,871.96,,,,"     ",5.10,95.57,5.10
1598,539314967,"01598M01:53:25.725","01598 01:06:17",215.06,871.95,,,,"     ",5.10,95.15,5.08
1598,539314968,"01598M01:53:26.698","01598 01:06:18",215.04,872.00,,,,"     ",5.10,95.26,5.09
1598,539314969,"01598M01:53:27.672","01598 01:06:19",215.01,872.02,,,,"     ",5.10,95.31,5.09
1598,539314970,"01598M01:53:28.645","01598 01:06:20",214.97,872.02,,,,"     ",5.10,95.56,5.10
1598,539314971,"01598M01:53:29.618","01598 01:06:21",214.93,872.00,,,,"     ",5.10,95.43,5.10
1598,539314972,"01598M01:53:30.591","01598 01:06:22",214.88,872.06,,,,"     ",5.10,95.56,5.11
1598,539314973,"01598M01:53:31.565","01598 01:06:23",214.83,871.95,,,,"     ",5.10,95.49,5.10
1598,539314974,"01598M01:53:32.538","01598 01:06:24",214.79,872.03,,,,"     ",5.10,95.48,5.10
1598,539314975,"01598M01:53:33.511","01598 01:06:25",214.75,872.07,,,,"     ",5.10,95.42,5.10
1598,539314976,"01598M01:53:34.484","01598 01:06:26",214.71,872.10,,,,"     ",5.10,95.87,5.12
1598,539314977,"01598M01:53:35.458","01598 01:06:27",214.68,871.99,,,,"     ",5.10,95.40,5.10
1598,539314978,"01598M01:53:36.431","01598 01:06:28",214.65,872.12,,,,"     ",5.10,95.98,5.13
1598,539314979,"01598M01:53:37.404","01598 01:06:29",214.62,872.07,,,,"     ",5.10,95.54,5.11
1598,539314980,"01598M01:53:38.377","01598 01:06:30",214.59,872.02,,,,"     ",5.10,95.80,5.12
1598,539314981,"01598M01:53:39.351","01598 01:06:31",214.57,872.06,,,,"     ",5.10,95.69,5.12
1598,539314982,"01598M01:53:40.324","01598 01:06:32",214.56,871.99,,,,"     ",5.10,95.94,5.13
1598,539314983,"01598M01:53:41.297","01598 01:06:33",214.56,872.03,,,,"     ",5.10,95.27,5.10
1598,539314984,"01598M01:53:42.270","01598 01:06:34",214.57,872.03,,,,"     ",5.10,95.83,5.13
1598,539314985,"01598M01:53:43.244","01598 01:06:35",214.58,871.99,,,,"     ",5.10,96.27,5.15
1598,539314986,"01598M01:53:44.217","01598 01:06:36",214.61,871.99,,,,"     ",5.10,95.84,5.13
1598,539314987,"01598M01:53:45.190","01598 01:06:37",214.63,871.91,,,,"     ",5.10,95.69,5.12
1598,539314988,"01598M01:53:46.163","01598 01:06:38",214.66,871.85,,,,"     ",5.10,95.94,5.13
1598,539314989,"01598M01:53:47.137","01598 01:06:39",214.69,872.00,,,,"     ",5.10,95.90,5.13
1598,539314990,"01598M01:53:48.110","01598 01:06:40",214.72,872.02,,,,"     ",5.10,95.51,5.11
1598,539314991,"01598M01:53:49.083","01598 01:06:41",214.76,872.01,,,,"     ",5.10,96.11,5.15
1598,539314992,"01598M01:53:50.056","01598 01:06:42",214.80,872.06,,,,"     ",5.10,95.90,5.14
1598,539314993,"01598M01:53:51.030","01598 01:06:43",214.85,872.08,,,,"     ",5.10,96.04,5.14
1598,539314994,"01598M01:53:52.003","01598 01:06:44",214.89,872.09,,,,"     ",5.10,96.13,5.15
1598,539314995,"01598M01:53:52.976","01598 01:06:45",214.92,872.05,,,,"     ",5.10,96.36,5.16
1598,539314996,"01598M01:53:53.949","01598 01:06:46",214.95,872.06,,,,"     ",5.10,95.60,5.12
1598,539314997,"01598M01:53:54.923","01598 01:06:47",214.96,872.03,,,,"     ",5.10,95.14,5.09
1598,539314998,"01598M01:53:55.896","01598 01:06:48",214.97,872.04,,,,"     ",5.10,95.68,5.12
1598,539314999,"01598M01:53:56.869","01598 01:06:49",214.97,871.98,,,,"     ",5.10,95.88,5.13
1598,539315000,"01598M01:53:57.842","01598 01:06:50",214.97,871.96,,,,"     ",5.10,95.91,5.14
1598,539315001,"01598M01:53:58.816","01598 01:06:51",214.96,871.94,,,,"     ",5.10,96.31,5.16
1598,539315002,"01598M01:53:59.789","01598 01:06:52",214.96,872.00,,,,"     ",5.10,95.97,5.14
1598,539315003,"01598M01:54:00.762","01598 01:06:53",214.97,871.98,,,,"     ",5.10,95.90,5.14
1598,539315004,"01598M01:54:01.735","01598 01:06:54",215.00,872.00,,,,"     ",5.10,96.02,5.14
1598,539315005,"01598M01:54:02.709","01598 01:06:54",215.04,872.02,,,,"     ",5.10,95.57,5.12
1598,539315006,"01598M01:54:03.682","01598 01:06:55",215.09,872.04,,,,"     ",5.10,95.99,5.14
1598,539315007,"01598M01:54:04.655","01598 01:06:56",215.14,871.99,,,,"     ",5.10,96.27,5.15
1598,539315008,"01598M01:54:05.628","01598 01:06:57",215.19,872.02,,,,"     ",5.10,95.64,5.12
1598,539315009,"01598M01:54:06.602","01598 01:06:58",215.24,871.94,,,,"     ",5.10,95.80,5.13
1598,539315010,"01598M01:54:07.575","01598 01:06:59",215.29,871.99,,,,"     ",5.10,95.62,5.12
1598,539315011,"01598M01:54:08.548","01598 01:07:00",215.33,872.04,,,,"     ",5.10,96.21,5.15
1598,539315012,"01598M01:54:09.522","01598 01:07:01",215.37,872.01,,,,"     ",5.10,96.07,5.14
1598,539315013,"01598M01:54:10.495","01598 01:07:02",215.40,872.03,,,,"     ",5.10,95.73,5.12
1598,539315014,"01598M01:54:11.468","01598 01:07:03",215.42,871.98,,,,"     ",5.10,96.05,5.14
1598,539315015,"01598M01:54:12.441","01598 01:07:04",215.44,872.07,,,,"     ",5.10,95.41,5.10
1598,539315016,"01598M01:54:13.415","01598 01:07:05",215.46,872.12,,,,"     ",5.10,96.03,5.14
1598,539315017,"01598M01:54:14.388","01598 01:07:06",215.49,872.10,,,,"     ",5.10,95.81,5.13
1598,539315018,"01598M01:54:15.361","01598 01:07:07",215.52,872.12,,,,"     ",5.10,95.69,5.12
1598,539315019,"01598M01:54:16.334","01598 01:07:08",215.55,872.10,,,,"     ",5.10,96.20,5.15
1598,539315020,"01598M01:54:17.308","01598 01:07:09",215.58,872.07,,,,"     ",5.10,96.09,5.14
1598,539315021,"01598M01:54:18.281","01598 01:07:10",215.60,872.02,,,,"     ",5.10,95.69,5.12
1598,539315022,"01598M01:54:19.254","01598 01:07:11",215.61,872.02,,,,"     ",5.10,95.92,5.13
1598,539315023,"01598M01:54:20.227","01598 01:07:12",215.62,872.00,,,,"     ",5.10,95.64,5.11
1598,539315024,"01598M01:54:21.201","01598 01:07:13",215.63,872.06,,,,"     ",5.10,96.14,5.14
1598,539315025,"01598M01:54:22.174","01598 01:07:14",215.63,872.08,,,,"     ",5.10,95.82,5.12
1598,539315026,"01598M01:54:23.147","01598 01:07:15",215.62,872.03,,,,"     ",5.10,95.69,5.12
1598,539315027,"01598M01:54:24.120","01598 01:07:16",215.61,872.01,,,,"     ",5.10,95.63,5.11
1598,539315028,"01598M01:54:25.094","01598 01:07:17",215.59,871.98,,,,"     ",5.10,95.69,5.12
1598,539315029,"01598M01:54:26.067","01598 01:07:18",215.57,872.05,,,,"     ",5.10,95.35,5.09
1598,539315030,"01598M01:54:27.040","01598 01:07:19",215.55,872.10,,,,"     ",5.10,95.28,5.09
1598,539315031,"01598M01:54:28.013","01598 01:07:20",215.53,872.02,,,,"     ",5.10,95.79,5.12
1598,539315032,"01598M01:54:28.987","01598 01:07:21",215.51,872.02,,,,"     ",5.10,95.27,5.09
1598,539315033,"01598M01:54:29.960","01598 01:07:22",215.50,872.03,,,,"     ",5.10,95.20,5.09
1598,539315034,"01598M01:54:30.933","01598 01:07:23",215.49,872.06,,,,"     ",5.10,95.83,5.12
1598,539315035,"01598M01:54:31.906","01598 01:07:24",215.48,872.05,,,,"     ",5.10,96.05,5.13
1598,539315036,"01598M01:54:32.880","01598 01:07:25",215.48,871.98,,,,"     ",5.10,95.20,5.09
1598,539315037,"01598M01:54:33.853","01598 01:07:26",215.48,871.86,,,,"     ",5.10,95.44,5.10
1598,539315038,"01598M01:54:34.826","01598 01:07:27",215.49,871.81,,,,"     ",5.10,95.16,5.08
1598,539315039,"01598M01:54:35.799","01598 01:07:28",215.52,872.00,,,,"     ",5.10,95.14,5.08
1598,539315040,"01598M01:54:36.773","01598 01:07:29",215.56,871.99,,,,"     ",5.10,95.63,5.11
1598,539315041,"01598M01:54:37.746","01598 01:07:30",215.62,872.01,,,,"     ",5.10,95.28,5.09
1598,539315042,"01598M01:54:38.719","01598 01:07:30",215.68,871.99,,,,"     ",5.10,95.70,5.11
1598,539315043,"01598M01:54:39.692","01598 01:07:31",215.76,871.99,,,,"     ",5.10,96.19,5.14
1598,539315044,"01598M01:54:40.666","01598 01:07:32",215.84,871.97,,,,"     ",5.10,96.34,5.14
1598,539315045,"01598M01:54:41.639","01598 01:07:33",215.92,871.98,,,,"     ",5.10,96.14,5.13
1598,539315046,"01598M01:54:42.612","01598 01:07:34",216.01,871.97,,,,"     ",5.10,96.41,5.15
1598,539315047,"01598M01:54:43.585","01598 01:07:35",216.09,872.04,,,,"     ",5.10,95.90,5.12
1598,539315048,"01598M01:54:44.559","01598 01:07:36",216.15,871.94,,,,"     ",5.10,95.90,5.11
1598,539315049,"01598M01:54:45.532","01598 01:07:37",216.20,871.93,,,,"     ",5.10,95.99,5.12
1598,539315050,"01598M01:54:46.505","01598 01:07:38",216.24,871.91,,,,"     ",5.10,96.47,5.14
1598,539315051,"01598M01:54:47.478","01598 01:07:39",216.26,871.94,,,,"     ",5.10,96.90,5.17
1598,539315052,"01598M01:54:48.452","01598 01:07:40",216.26,871.81,,,,"     ",5.10,96.76,5.16
1598,539315053,"01598M01:54:49.425","01598 01:07:41",216.25,871.88,,,,"     ",5.10,96.59,5.15
1598,539315054,"01598M01:54:50.398","01598 01:07:42",216.23,871.86,,,,"     ",5.10,96.30,5.13
1598,539315055,"01598M01:54:51.371","01598 01:07:43",216.20,871.85,,,,"     ",5.10,97.33,5.18
1598,539315056,"01598M01:54:52.345","01598 01:07:44",216.17,872.06,,,,"     ",5.10,97.33,5.18
1598,539315057,"01598M01:54:53.318","01598 01:07:45",216.13,872.01,,,,"     ",5.10,97.54,5.20
1598,539315058,"01598M01:54:54.291","01598 01:07:46",216.08,871.94,,,,"     ",5.10,97.96,5.22
1598,539315059,"01598M01:54:55.264","01598 01:07:47",216.04,872.04,,,,"     ",5.10,97.41,5.19
1598,539315060,"01598M01:54:56.238","01598 01:07:48",216.00,871.99,,,,"     ",5.10,97.41,5.18
1598,539315061,"01598M01:54:57.211","01598 01:07:49",215.98,871.95,,,,"     ",5.10,97.24,5.17
1598,539315062,"01598M01:54:58.184","01598 01:07:50",215.98,871.94,,,,"     ",5.10,97.59,5.19
1598,539315063,"01598M01:54:59.157","01598 01:07:51",215.99,871.90,,,,"     ",5.10,97.33,5.18
1598,539315064,"01598M01:55:00.131","01598 01:07:52",216.01,871.77,,,,"     ",5.10,97.66,5.19
1598,539315065,"01598M01:55:01.104","01598 01:07:53",216.05,871.89,,,,"     ",5.10,97.36,5.17
1598,539315066,"01598M01:55:02.077","01598 01:07:54",216.10,871.85,,,,"     ",5.10,97.99,5.21
1598,539315067,"01598M01:55:03.050","01598 01:07:55",216.16,871.90,,,,"     ",5.10,98.22,5.22
1598,539315068,"01598M01:55:04.024","01598 01:07:56",216.22,871.89,,,,"     ",5.10,98.35,5.23
1598,539315069,"01598M01:55:04.997","01598 01:07:57",216.28,871.89,,,,"     ",5.10,98.27,5.22
1598,539315070,"01598M01:55:05.970","01598 01:07:58",216.34,871.96,,,,"     ",5.10,98.37,5.22
1598,539315071,"01598M01:55:06.943","01598 01:07:59",216.38,871.91,,,,"     ",5.10,98.54,5.23
1598,539315072,"01598M01:55:07.917","01598 01:08:00",216.40,871.98,,,,"     ",5.10,98.16,5.21
1598,539315073,"01598M01:55:08.890","01598 01:08:01",216.40,871.88,,,,"     ",5.10,98.04,5.20
1598,539315074,"01598M01:55:09.863","01598 01:08:02",216.38,871.87,,,,"     ",5.10,98.43,5.22
1598,539315075,"01598M01:55:10.836","01598 01:08:03",216.34,872.02,,,,"     ",5.10,97.98,5.20
1598,539315076,"01598M01:55:11.810","01598 01:08:04",216.29,872.00,,,,"     ",5.10,98.27,5.21
1598,539315077,"01598M01:55:12.783","01598 01:08:05",216.24,872.02,,,,"     ",5.10,98.08,5.20
1598,539315078,"01598M01:55:13.756","01598 01:08:06",216.18,872.01,,,,"     ",5.10,98.98,5.25
1598,539315079,"01598M01:55:14.729","01598 01:08:06",216.11,872.01,,,,"     ",5.10,99.01,5.25
1598,539315080,"01598M01:55:15.703","01598 01:08:07",216.03,872.06,,,,"     ",5.10,98.58,5.23
1598,539315081,"01598M01:55:16.676","01598 01:08:08",215.95,872.02,,,,"     ",5.10,98.95,5.25
1598,539315082,"01598M01:55:17.649","01598 01:08:09",215.87,871.96,,,,"     ",5.10,98.82,5.24
1598,539315083,"01598M01:55:18.623","01598 01:08:10",215.80,872.03,,,,"     ",5.10,98.41,5.22
1598,539315084,"01598M01:55:19.596","01598 01:08:11",215.73,872.02,,,,"     ",5.10,98.75,5.24
1598,539315085,"01598M01:55:20.569","01598 01:08:12",215.67,871.99,,,,"     ",5.10,98.44,5.22
1598,539315086,"01598M01:55:21.542","01598 01:08:13",215.63,872.06,,,,"     ",5.10,98.72,5.24
1598,539315087,"01598M01:55:22.516","01598 01:08:14",215.60,871.98,,,,"     ",5.10,98.93,5.25
1598,539315088,"01598M01:55:23.489","01598 01:08:15",215.57,872.01,,,,"     ",5.10,98.64,5.23
1598,539315089,"01598M01:55:24.462","01598 01:08:16",215.55,872.00,,,,"     ",5.10,98.81,5.24
1598,539315090,"01598M01:55:25.435","01598 01:08:17",215.53,871.99,,,,"     ",5.10,98.39,5.22
1598,539315091,"01598M01:55:26.409","01598 01:08:18",215.52,871.92,,,,"     ",5.10,98.42,5.22
1598,539315092,"01598M01:55:27.382","01598 01:08:19",215.52,871.88,,,,"     ",5.10,98.77,5.24
1598,539315093,"01598M01:55:28.355","01598 01:08:20",215.52,871.89,,,,"     ",5.10,98.45,5.22
1598,539315094,"01598M01:55:29.328","01598 01:08:21",215.52,871.90,,,,"     ",5.10,97.94,5.19
1598,539315095,"01598M01:55:30.302","01598 01:08:22",215.53,871.87,,,,"     ",5.10,98.60,5.23
1598,539315096,"01598M01:55:31.275","01598 01:08:23",215.54,871.97,,,,"     ",5.10,98.51,5.22
1598,539315097,"01598M01:55:32.248","01598 01:08:24",215.57,872.02,,,,"     ",5.10,99.01,5.25
1598,539315098,"01598M01:55:33.221","01598 01:08:25",215.59,872.02,,,,"     ",5.10,98.73,5.23
1598,539315099,"01598M01:55:34.195","01598 01:08:26",215.62,871.90,,,,"     ",5.10,98.71,5.23
1598,539315100,"01598M01:55:35.168","01598 01:08:27",215.66,871.88,,,,"     ",5.10,99.03,5.25
1598,539315101,"01598M01:55:36.141","01598 01:08:28",215.71,871.84,,,,"     ",5.10,99.03,5.25
1598,539315102,"01598M01:55:37.114","01598 01:08:29",215.76,871.77,,,,"     ",5.10,98.95,5.24
1598,539315103,"01598M01:55:38.088","01598 01:08:30",215.81,871.86,,,,"     ",5.10,99.11,5.25
1598,539315104,"01598M01:55:39.061","01598 01:08:31",217.12,871.84,,,,"     ",5.10,99.31,5.26
1598,539315105,"01598M01:55:40.034","01598 01:08:32",216.92,871.89,,,,"     ",5.10,99.45,5.27
1598,539315106,"01598M01:55:41.007","01598 01:08:33",216.73,871.76,,,,"     ",5.10,99.00,5.24
1598,539315107,"01598M01:55:41.981","01598 01:08:34",216.55,871.81,,,,"     ",5.10,99.68,5.28
1598,539315108,"01598M01:55:42.954","01598 01:08:35",216.38,871.93,,,,"     ",5.10,99.59,5.27
1598,539315109,"01598M01:55:43.927","01598 01:08:36",216.23,871.96,,,,"     ",5.10,99.18,5.25
1598,539315110,"01598M01:55:44.900","01598 01:08:37",216.08,871.93,,,,"     ",5.10,99.38,5.26
1598,539315111,"01598M01:55:45.874","01598 01:08:38",215.95,871.95,,,,"     ",5.10,99.04,5.24
1598,539315112,"01598M01:55:46.847","01598 01:08:39",215.82,871.97,,,,"     ",5.10,99.03,5.24
1598,539315113,"01598M01:55:47.820","01598 01:08:40",215.71,871.95,,,,"     ",5.10,98.95,5.23
1598,539315114,"01598M01:55:48.793","01598 01:08:41",215.61,871.95,,,,"     ",5.10,99.06,5.24
1598,539315115,"01598M01:55:49.767","01598 01:08:42",215.52,871.97,,,,"     ",5.10,99.49,5.26
1598,539315116,"01598M01:55:50.740","01598 01:08:42",215.45,871.98,,,,"     ",5.10,98.94,5.23
1598,539315117,"01598M01:55:51.713","01598 01:08:43",215.38,871.94,,,,"     ",5.10,99.14,5.24
1598,539315118,"01598M01:55:52.686","01598 01:08:44",215.33,871.95,,,,"     ",5.10,99.03,5.24
1598,539315119,"01598M01:55:53.660","01598 01:08:45",215.30,871.97,,,,"     ",5.10,99.17,5.25
1598,539315120,"01598M01:55:54.633","01598 01:08:46",215.28,871.96,,,,"     ",5.10,99.09,5.24
1598,539315121,"01598M01:55:55.606","01598 01:08:47",215.27,871.94,,,,"     ",5.10,99.15,5.25
1598,539315122,"01598M01:55:56.579","01598 01:08:48",215.28,872.01,,,,"     ",5.10,99.05,5.24
1598,539315123,"01598M01:55:57.553","01598 01:08:49",215.30,871.95,,,,"     ",5.10,98.80,5.23
1598,539315124,"01598M01:55:58.526","01598 01:08:50",215.33,871.91,,,,"     ",5.10,98.40,5.21
1598,539315125,"01598M01:55:59.499","01598 01:08:51",215.37,871.95,,,,"     ",5.10,98.80,5.23
1598,539315126,"01598M01:56:00.472","01598 01:08:52",215.41,871.97,,,,"     ",5.10,98.34,5.20
1598,539315127,"01598M01:56:01.446","01598 01:08:53",215.46,871.87,,,,"     ",5.10,98.35,5.20
1598,539315128,"01598M01:56:02.419","01598 01:08:54",215.50,871.89,,,,"     ",5.10,98.29,5.20
1598,539315129,"01598M01:56:03.392","01598 01:08:55",215.54,871.93,,,,"     ",5.10,98.72,5.22
1598,539315130,"01598M01:56:04.365","01598 01:08:56",215.58,871.87,,,,"     ",5.10,98.41,5.21
1598,539315131,"01598M01:56:05.339","01598 01:08:57",215.63,871.85,,,,"     ",5.10,98.10,5.19
1598,539315132,"01598M01:56:06.312","01598 01:08:58",215.68,871.84,,,,"     ",5.10,98.33,5.20
1598,539315133,"01598M01:56:07.285","01598 01:08:59",215.74,871.92,,,,"     ",5.10,98.06,5.19
1598,539315134,"01598M01:56:08.258","01598 01:09:00",215.79,871.88,,,,"     ",5.10,98.09,5.19
1598,539315135,"01598M01:56:09.232","01598 01:09:01",215.84,871.97,,,,"     ",5.10,98.77,5.23
1598,539315136,"01598M01:56:10.205","01598 01:09:02",215.88,871.94,,,,"     ",5.10,98.63,5.22
1598,539315137,"01598M01:56:11.178","01598 01:09:03",215.89,871.94,,,,"     ",5.10,98.20,5.20
1598,539315138,"01598M01:56:12.151","01598 01:09:04",215.87,871.95,,,,"     ",5.10,98.38,5.21
1598,539315139,"01598M01:56:13.125","01598 01:09:05",215.82,871.91,,,,"     ",5.10,98.41,5.21
1598,539315140,"01598M01:56:14.098","01598 01:09:06",215.75,871.96,,,,"     ",5.10,98.49,5.21
1598,539315141,"01598M01:56:15.071","01598 01:09:07",215.68,871.87,,,,"     ",5.10,99.09,5.25
1598,539315142,"01598M01:56:16.044","01598 01:09:08",215.61,871.87,,,,"     ",5.10,98.53,5.21
1598,539315143,"01598M01:56:17.018","01598 01:09:09",215.55,871.94,,,,"     ",5.10,98.66,5.22
1598,539315144,"01598M01:56:17.991","01598 01:09:10",215.51,871.92,,,,"     ",5.10,98.30,5.20
1598,539315145,"01598M01:56:18.964","01598 01:09:11",215.49,871.86,,,,"     ",5.10,98.41,5.21
1598,539315146,"01598M01:56:19.937","01598 01:09:12",215.50,871.88,,,,"     ",5.10,98.41,5.21
1598,539315147,"01598M01:56:20.911","01598 01:09:13",215.53,871.88,,,,"     ",5.10,98.32,5.20
1598,539315148,"01598M01:56:21.884","01598 01:09:14",215.56,871.84,,,,"     ",5.10,97.99,5.19
1598,539315149,"01598M01:56:22.857","01598 01:09:15",215.59,871.80,,,,"     ",5.10,98.19,5.20
1598,539315150,"01598M01:56:23.830","01598 01:09:16",215.61,871.80,,,,"     ",5.10,98.13,5.19
1598,539315151,"01598M01:56:24.804","01598 01:09:17",215.61,871.83,,,,"     ",5.10,97.87,5.18
1598,539315152,"01598M01:56:25.777","01598 01:09:18",215.61,871.82,,,,"     ",5.10,97.53,5.16
1598,539315153,"01598M01:56:26.750","01598 01:09:18",215.60,871.83,,,,"     ",5.10,98.04,5.19
1598,539315154,"01598M01:56:27.723","01598 01:09:19",215.58,871.85,,,,"     ",5.10,98.67,5.22
1598,539315155,"01598M01:56:28.697","01598 01:09:20",215.57,871.90,,,,"     ",5.10,98.12,5.19
1598,539315156,"01598M01:56:29.670","01598 01:09:21",215.57,871.86,,,,"     ",5.10,97.84,5.18
1598,539315157,"01598M01:56:30.643","01598 01:09:22",215.58,871.84,,,,"     ",5.10,97.79,5.17
1598,539315158,"01598M01:56:31.617","01598 01:09:23",215.60,871.78,,,,"     ",5.10,98.27,5.20
1598,539315159,"01598M01:56:32.590","01598 01:09:24",215.62,871.80,,,,"     ",5.10,97.73,5.17
1598,539315160,"01598M01:56:33.563","01598 01:09:25",215.64,871.75,,,,"     ",5.10,97.34,5.15
1598,539315161,"01598M01:56:34.536","01598 01:09:26",215.64,871.83,,,,"     ",5.10,97.98,5.18
1598,539315162,"01598M01:56:35.510","01598 01:09:27",215.65,871.86,,,,"     ",5.10,97.89,5.18
1598,539315163,"01598M01:56:36.483","01598 01:09:28",215.65,871.89,,,,"     ",5.10,97.80,5.17
1598,539315164,"01598M01:56:37.456","01598 01:09:29",215.65,871.85,,,,"     ",5.10,98.26,5.20
1598,539315165,"01598M01:56:38.429","01598 01:09:30",215.65,871.91,,,,"     ",5.10,97.94,5.18
1598,539315166,"01598M01:56:39.403","01598 01:09:31",215.66,871.94,,,,"     ",5.10,97.88,5.18
1598,539315167,"01598M01:56:40.376","01598 01:09:32",215.70,871.84,,,,"     ",5.10,97.98,5.18
1598,539315168,"01598M01:56:41.349","01598 01:09:33",215.74,871.84,,,,"     ",5.10,97.66,5.16
1598,539315169,"01598M01:56:42.322","01598 01:09:34",215.81,871.94,,,,"     ",5.10,97.88,5.17
1598,539315170,"01598M01:56:43.296","01598 01:09:35",215.88,871.96,,,,"     ",5.10,97.76,5.17
1598,539315171,"01598M01:56:44.269","01598 01:09:36",215.97,871.84,,,,"     ",5.10,97.89,5.17
1598,539315172,"01598M01:56:45.242","01598 01:09:37",216.06,871.84,,,,"     ",5.10,98.25,5.19
1598,539315173,"01598M01:56:46.215","01598 01:09:38",216.15,871.86,,,,"     ",5.10,97.82,5.17
1598,539315174,"01598M01:56:47.189","01598 01:09:39",216.23,871.80,,,,"     ",5.10,97.71,5.16
1598,539315175,"01598M01:56:48.162","01598 01:09:40",216.29,871.85,,,,"     ",5.10,98.08,5.18
1598,539315176,"01598M01:56:49.135","01598 01:09:41",216.34,871.89,,,,"     ",5.10,97.90,5.17
1598,539315177,"01598M01:56:50.108","01598 01:09:42",216.38,871.91,,,,"     ",5.10,97.75,5.16
1598,539315178,"01598M01:56:51.082","01598 01:09:43",216.40,871.93,,,,"     ",5.10,97.61,5.15
1598,539315179,"01598M01:56:52.055","01598 01:09:44",216.42,871.86,,,,"     ",5.10,98.02,5.17
1598,539315180,"01598M01:56:53.028","01598 01:09:45",216.44,871.95,,,,"     ",5.10,97.38,5.14
1598,539315181,"01598M01:56:54.001","01598 01:09:46",216.46,871.86,,,,"     ",5.10,97.67,5.16
1598,539315182,"01598M01:56:54.975","01598 01:09:47",216.48,871.93,,,,"     ",5.10,97.43,5.14
1598,539315183,"01598M01:56:55.948","01598 01:09:48",216.50,871.96,,,,"     ",5.10,97.51,5.15
1598,539315184,"01598M01:56:56.921","01598 01:09:49",216.53,871.88,,,,"     ",5.10,97.12,5.12
1598,539315185,"01598M01:56:57.894","01598 01:09:50",216.56,871.88,,,,"     ",5.10,97.77,5.16
1598,539315186,"01598M01:56:58.868","01598 01:09:51",216.59,871.80,,,,"     ",5.10,97.18,5.12
1598,539315187,"01598M01:56:59.841","01598 01:09:52",216.62,871.88,,,,"     ",5.10,97.31,5.13
1598,539315188,"01598M01:57:00.814","01598 01:09:53",216.64,871.80,,,,"     ",5.10,97.12,5.12
1598,539315189,"01598M01:57:01.787","01598 01:09:54",216.67,871.82,,,,"     ",5.10,97.03,5.12
1598,539315190,"01598M01:57:02.761","01598 01:09:54",216.69,871.80,,,,"     ",5.10,97.14,5.12
1598,539315191,"01598M01:57:03.734","01598 01:09:55",216.70,871.78,,,,"     ",5.10,96.80,5.10
1598,539315192,"01598M01:57:04.707","01598 01:09:56",216.72,871.84,,,,"     ",5.10,97.05,5.11
1598,539315193,"01598M01:57:05.680","01598 01:09:57",216.74,871.81,,,,"     ",5.10,97.00,5.11
1598,539315194,"01598M01:57:06.654","01598 01:09:58",216.76,871.85,,,,"     ",5.10,97.13,5.12
1598,539315195,"01598M01:57:07.627","01598 01:09:59",216.78,871.91,,,,"     ",5.10,96.70,5.10
1598,539315196,"01598M01:57:08.600","01598 01:10:00",216.80,871.84,,,,"     ",5.10,96.70,5.09
1598,539315197,"01598M01:57:09.573","01598 01:10:01",216.82,871.80,,,,"     ",5.10,96.93,5.11
1598,539315198,"01598M01:57:10.547","01598 01:10:02",216.83,871.84,,,,"     ",5.10,97.04,5.11
1598,539315199,"01598M01:57:11.520","01598 01:10:03",216.82,871.80,,,,"     ",5.10,96.61,5.09
1598,539315200,"01598M01:57:12.493","01598 01:10:04",216.80,871.84,,,,"     ",5.10,96.30,5.07
1598,539315201,"01598M01:57:13.466","01598 01:10:05",216.77,871.81,,,,"     ",5.10,96.58,5.09
1598,539315202,"01598M01:57:14.440","01598 01:10:06",216.73,871.90,,,,"     ",5.10,96.52,5.08
1598,539315203,"01598M01:57:15.413","01598 01:10:07",216.69,871.84,,,,"     ",5.10,96.58,5.08
1598,539315204,"01598M01:57:16.386","01598 01:10:08",216.63,871.88,,,,"     ",5.10,96.54,5.08
1598,539315205,"01598M01:57:17.359","01598 01:10:09",216.56,871.89,,,,"     ",5.10,96.43,5.08
1598,539315206,"01598M01:57:18.333","01598 01:10:10",216.49,871.88,,,,"     ",5.10,96.20,5.06
1598,539315207,"01598M01:57:19.306","01598 01:10:11",216.41,871.87,,,,"     ",5.10,96.03,5.05
1598,539315208,"01598M01:57:20.279","01598 01:10:12",216.34,871.90,,,,"     ",5.10,95.91,5.05
1598,539315209,"01598M01:57:21.252","01598 01:10:13",216.27,871.87,,,,"     ",5.10,96.00,5.05
1598,539315210,"01598M01:57:22.226","01598 01:10:14",216.21,871.83,,,,"     ",5.10,95.88,5.05
1598,539315211,"01598M01:57:23.199","01598 01:10:15",216.15,871.89,,,,"     ",5.10,95.82,5.04
1598,539315212,"01598M01:57:24.172","01598 01:10:16",216.09,871.80,,,,"     ",5.10,95.60,5.03
1598,539315213,"01598M01:57:25.145","01598 01:10:17",216.03,871.85,,,,"     ",5.10,95.51,5.03
1598,539315214,"01598M01:57:26.119","01598 01:10:18",215.98,871.85,,,,"     ",5.10,95.99,5.05
1598,539315215,"01598M01:57:27.092","01598 01:10:19",215.93,871.83,,,,"     ",5.10,95.28,5.01
1598,539315216,"01598M01:57:28.065","01598 01:10:20",215.89,871.80,,,,"     ",5.10,95.25,5.01
1598,539315217,"01598M01:57:29.038","01598 01:10:21",215.86,871.74,,,,"     ",5.10,95.34,5.02
1598,539315218,"01598M01:57:30.012","01598 01:10:22",215.84,871.83,,,,"     ",5.10,95.91,5.05
1598,539315219,"01598M01:57:30.985","01598 01:10:23",215.84,871.84,,,,"     ",5.10,95.34,5.02
1598,539315220,"01598M01:57:31.958","01598 01:10:24",215.85,871.84,,,,"     ",5.10,95.36,5.02
1598,539315221,"01598M01:57:32.931","01598 01:10:25",215.88,871.86,,,,"     ",5.10,95.10,5.00
1598,539315222,"01598M01:57:33.905","01598 01:10:26",215.91,871.87,,,,"     ",5.10,95.07,5.00
1598,539315223,"01598M01:57:34.878","01598 01:10:27",215.95,871.86,,,,"     ",5.10,95.15,5.01
1598,539315224,"01598M01:57:35.851","01598 01:10:28",215.99,871.83,,,,"     ",5.10,95.22,5.01
1598,539315225,"01598M01:57:36.824","01598 01:10:29",216.03,871.89,,,,"     ",5.10,95.27,5.01
1598,539315226,"01598M01:57:37.798","01598 01:10:30",216.06,871.93,,,,"     ",5.10,94.98,5.00
1598,539315227,"01598M01:57:38.771","01598 01:10:30",216.08,871.81,,,,"     ",5.10,95.14,5.01
1598,539315228,"01598M01:57:39.744","01598 01:10:31",216.10,871.86,,,,"     ",5.10,95.35,5.02
1598,539315229,"01598M01:57:40.718","01598 01:10:32",216.12,871.90,,,,"     ",5.10,95.37,5.02
1598,539315230,"01598M01:57:41.691","01598 01:10:33",216.14,871.90,,,,"     ",5.10,94.75,4.98
1598,539315231,"01598M01:57:42.664","01598 01:10:34",216.16,871.81,,,,"     ",5.10,94.79,4.99
1598,539315232,"01598M01:57:43.637","01598 01:10:35",216.19,871.82,,,,"     ",5.10,95.05,5.00
1598,539315233,"01598M01:57:44.611","01598 01:10:36",216.20,871.83,,,,"     ",5.10,95.07,5.00
1598,539315234,"01598M01:57:45.584","01598 01:10:37",216.21,871.88,,,,"     ",5.10,94.21,4.96
1598,539315235,"01598M01:57:46.557","01598 01:10:38",216.21,871.85,,,,"     ",5.10,95.21,5.01
1598,539315236,"01598M01:57:47.530","01598 01:10:39",216.19,871.83,,,,"     ",5.10,94.79,4.99
1598,539315237,"01598M01:57:48.504","01598 01:10:40",216.17,871.86,,,,"     ",5.10,94.69,4.98
1598,539315238,"01598M01:57:49.477","01598 01:10:41",216.14,871.86,,,,"     ",5.10,95.01,5.00
1598,539315239,"01598M01:57:50.450","01598 01:10:42",216.11,871.89,,,,"     ",5.10,94.65,4.98
1598,539315240,"01598M01:57:51.423","01598 01:10:43",216.08,871.86,,,,"     ",5.10,95.36,5.02
1598,539315241,"01598M01:57:52.397","01598 01:10:44",216.06,871.83,,,,"     ",5.10,94.90,4.99
1598,539315242,"01598M01:57:53.370","01598 01:10:45",216.05,871.89,,,,"     ",5.10,94.81,4.99
1598,539315243,"01598M01:57:54.343","01598 01:10:46",216.06,871.83,,,,"     ",5.10,94.61,4.98
1598,539315244,"01598M01:57:55.316","01598 01:10:47",216.07,871.81,,,,"     ",5.10,94.99,5.00
1598,539315245,"01598M01:57:56.290","01598 01:10:48",216.10,871.84,,,,"     ",5.10,94.67,4.98
1598,539315246,"01598M01:57:57.263","01598 01:10:49",216.12,871.85,,,,"     ",5.10,94.18,4.95
1598,539315247,"01598M01:57:58.236","01598 01:10:50",216.15,871.84,,,,"     ",5.10,94.50,4.97
1598,539315248,"01598M01:57:59.209","01598 01:10:51",216.17,871.81,,,,"     ",5.10,95.08,5.00
1598,539315249,"01598M01:58:00.183","01598 01:10:52",216.20,871.82,,,,"     ",5.10,94.76,4.98
1598,539315250,"01598M01:58:01.156","01598 01:10:53",216.22,871.92,,,,"     ",5.10,94.63,4.98
1598,539315251,"01598M01:58:02.129","01598 01:10:54",216.25,871.92,,,,"     ",5.10,95.15,5.01
1598,539315252,"01598M01:58:03.102","01598 01:10:55",216.28,871.83,,,,"     ",5.10,94.42,4.97
1598,539315253,"01598M01:58:04.076","01598 01:10:56",216.31,871.82,,,,"     ",5.10,95.10,5.00
1598,539315254,"01598M01:58:05.049","01598 01:10:57",216.36,871.77,,,,"     ",5.10,94.67,4.98
1598,539315255,"01598M01:58:06.022","01598 01:10:58",216.41,871.70,,,,"     ",5.10,94.57,4.97
1598,539315256,"01598M01:58:06.995","01598 01:10:59",216.48,871.74,,,,"     ",5.10,94.19,4.95
1598,539315257,"01598M01:58:07.969","01598 01:11:00",216.56,871.76,,,,"     ",5.10,94.47,4.97
1598,539315258,"01598M01:58:08.942","01598 01:11:01",216.64,871.61,,,,"     ",5.10,94.64,4.98
1598,539315259,"01598M01:58:09.915","01598 01:11:02",216.71,871.69,,,,"     ",5.10,95.11,5.00
1598,539315260,"01598M01:58:10.888","01598 01:11:03",216.76,871.67,,,,"     ",5.10,94.51,4.97
1598,539315261,"01598M01:58:11.862","01598 01:11:04",216.78,871.71,,,,"     ",5.10,94.94,4.99
1598,539315262,"01598M01:58:12.835","01598 01:11:05",216.78,871.72,,,,"     ",5.10,94.98,4.99
1598,539315263,"01598M01:58:13.808","01598 01:11:06",216.77,871.77,,,,"     ",5.10,95.10,5.00
1598,539315264,"01598M01:58:14.781","01598 01:11:07",216.76,871.71,,,,"     ",5.10,95.11,5.00
1598,539315265,"01598M01:58:15.755","01598 01:11:07",216.73,871.75,,,,"     ",5.10,95.13,5.00
1598,539315266,"01598M01:58:16.728","01598 01:11:08",216.72,871.78,,,,"     ",5.10,95.12,5.00
1598,539315267,"01598M01:58:17.701","01598 01:11:09",216.71,871.79,,,,"     ",5.10,95.30,5.01
1598,539315268,"01598M01:58:18.674","01598 01:11:10",216.71,871.79,,,,"     ",5.10,95.21,5.00
1598,539315269,"01598M01:58:19.648","01598 01:11:11",216.71,871.88,,,,"     ",5.10,95.11,5.00
1598,539315270,"01598M01:58:20.621","01598 01:11:12",216.71,871.81,,,,"     ",5.10,95.19,5.00
1598,539315271,"01598M01:58:21.594","01598 01:11:13",216.71,871.84,,,,"     ",5.10,94.97,4.99
1598,539315272,"01598M01:58:22.567","01598 01:11:14",216.70,871.90,,,,"     ",5.10,95.02,4.99
1598,539315273,"01598M01:58:23.541","01598 01:11:15",216.67,871.89,,,,"     ",5.10,95.05,4.99
1598,539315274,"01598M01:58:24.514","01598 01:11:16",216.62,871.82,,,,"     ",5.10,95.31,5.01
1598,539315275,"01598M01:58:25.487","01598 01:11:17",216.57,871.74,,,,"     ",5.10,95.26,5.00
1598,539315276,"01598M01:58:26.460","01598 01:11:18",216.51,871.77,,,,"     ",5.10,95.17,5.00
1598,539315277,"01598M01:58:27.434","01598 01:11:19",216.45,871.74,,,,"     ",5.10,95.03,4.99
1598,539315278,"01598M01:58:28.407","01598 01:11:20",216.41,871.78,,,,"     ",5.10,95.14,5.00
1598,539315279,"01598M01:58:29.380","01598 01:11:21",216.37,871.77,,,,"     ",5.10,95.43,5.01
1598,539315280,"01598M01:58:30.353","01598 01:11:22",216.35,871.83,,,,"     ",5.10,94.88,4.98
1598,539315281,"01598M01:58:31.327","01598 01:11:23",216.33,871.80,,,,"     ",5.10,94.86,4.98
1598,539315282,"01598M01:58:32.300","01598 01:11:24",216.33,871.80,,,,"     ",5.10,95.31,5.00
1598,539315283,"01598M01:58:33.273","01598 01:11:25",216.32,871.84,,,,"     ",5.10,94.79,4.98
1598,539315284,"01598M01:58:34.246","01598 01:11:26",216.30,871.75,,,,"     ",5.10,94.66,4.97
1598,539315285,"01598M01:58:35.220","01598 01:11:27",216.28,871.85,,,,"     ",5.10,94.94,4.99
1598,539315286,"01598M01:58:36.193","01598 01:11:28",216.24,871.82,,,,"     ",5.10,94.82,4.98
1598,539315287,"01598M01:58:37.166","01598 01:11:29",216.19,871.83,,,,"     ",5.10,94.48,4.96
1598,539315288,"01598M01:58:38.139","01598 01:11:30",216.13,871.83,,,,"     ",5.10,94.88,4.98
1598,539315289,"01598M01:58:39.113","01598 01:11:31",216.08,871.84,,,,"     ",5.10,94.47,4.96
1598,539315290,"01598M01:58:40.086","01598 01:11:32",216.03,871.82,,,,"     ",5.10,94.49,4.96
1598,539315291,"01598M01:58:41.059","01598 01:11:33",215.99,871.70,,,,"     ",5.10,94.55,4.97
1598,539315292,"01598M01:58:42.032","01598 01:11:34",215.97,871.78,,,,"     ",5.10,94.54,4.96
1598,539315293,"01598M01:58:43.006","01598 01:11:35",215.96,871.86,,,,"     ",5.10,94.84,4.98
1598,539315294,"01598M01:58:43.979","01598 01:11:36",215.98,871.94,,,,"     ",5.10,94.27,4.95
1598,539315295,"01598M01:58:44.952","01598 01:11:37",216.00,871.89,,,,"     ",5.10,94.59,4.97
1598,539315296,"01598M01:58:45.925","01598 01:11:38",216.02,871.70,,,,"     ",5.10,94.41,4.96
1598,539315297,"01598M01:58:46.899","01598 01:11:39",216.04,871.92,,,,"     ",5.10,94.64,4.97
1598,539315298,"01598M01:58:47.872","01598 01:11:40",216.06,871.83,,,,"     ",5.10,95.25,5.00
1598,539315299,"01598M01:58:48.845","01598 01:11:41",216.06,871.81,,,,"     ",5.10,94.20,4.95
1598,539315300,"01598M01:58:49.819","01598 01:11:42",216.06,871.71,,,,"     ",5.10,94.58,4.97
1598,539315301,"01598M01:58:50.792","01598 01:11:43",216.04,871.67,,,,"     ",5.10,94.38,4.95
1598,539315302,"01598M01:58:51.765","01598 01:11:43",216.00,871.68,,,,"     ",5.10,94.84,4.98
1598,539315303,"01598M01:58:52.738","01598 01:11:44",215.95,871.78,,,,"     ",5.10,95.11,5.00
1598,539315304,"01598M01:58:53.712","01598 01:11:45",215.90,871.76,,,,"     ",5.10,94.45,4.96
1598,539315305,"01598M01:58:54.685","01598 01:11:46",215.84,871.79,,,,"     ",5.10,94.92,4.99
1598,539315306,"01598M01:58:55.658","01598 01:11:47",215.77,871.81,,,,"     ",5.10,94.97,4.99
1598,539315307,"01598M01:58:56.631","01598 01:11:48",215.69,871.72,,,,"     ",5.10,95.21,5.00
1598,539315308,"01598M01:58:57.605","01598 01:11:49",215.61,871.71,,,,"     ",5.10,94.93,4.99
1598,539315309,"01598M01:58:58.578","01598 01:11:50",215.51,871.66,,,,"     ",5.10,94.93,4.98
1598,539315310,"01598M01:58:59.551","01598 01:11:51",215.41,871.66,,,,"     ",5.10,94.99,4.99
1598,539315311,"01598M01:59:00.524","01598 01:11:52",215.32,871.72,,,,"     ",5.10,95.10,4.99
1598,539315312,"01598M01:59:01.498","01598 01:11:53",215.24,871.72,,,,"     ",5.10,95.18,5.00
1598,539315313,"01598M01:59:02.471","01598 01:11:54",215.18,871.70,,,,"     ",5.10,95.39,5.01
1598,539315314,"01598M01:59:03.444","01598 01:11:55",215.15,871.78,,,,"     ",5.10,95.56,5.02
1598,539315315,"01598M01:59:04.417","01598 01:11:56",215.14,871.81,,,,"     ",5.10,95.43,5.01
1598,539315316,"01598M01:59:05.391","01598 01:11:57",215.14,871.81,,,,"     ",5.10,95.38,5.01
1598,539315317,"01598M01:59:06.364","01598 01:11:58",215.17,871.81,,,,"     ",5.10,95.63,5.02
1598,539315318,"01598M01:59:07.337","01598 01:11:59",215.21,871.94,,,,"     ",5.10,95.39,5.01
1598,539315319,"01598M01:59:08.310","01598 01:12:00",215.27,871.85,,,,"     ",5.10,95.52,5.02
1598,539315320,"01598M01:59:09.284","01598 01:12:01",215.35,871.78,,,,"     ",5.10,95.38,5.01
1598,539315321,"01598M01:59:10.257","01598 01:12:02",215.44,871.79,,,,"     ",5.10,95.27,5.01
1598,539315322,"01598M01:59:11.230","01598 01:12:03",215.53,871.79,,,,"     ",5.10,95.35,5.01
1598,539315323,"01598M01:59:12.203","01598 01:12:04",215.62,871.86,,,,"     ",5.10,95.23,5.00
1598,539315324,"01598M01:59:13.177","01598 01:12:05",215.69,871.84,,,,"     ",5.10,95.53,5.02
1598,539315325,"01598M01:59:14.150","01598 01:12:06",215.76,871.84,,,,"     ",5.10,95.38,5.01
1598,539315326,"01598M01:59:15.123","01598 01:12:07",215.80,871.87,,,,"     ",5.10,95.38,5.01
1598,539315327,"01598M01:59:16.096","01598 01:12:08",215.84,871.74,,,,"     ",5.10,95.56,5.02
1598,539315328,"01598M01:59:17.070","01598 01:12:09",215.85,871.82,,,,"     ",5.10,94.93,4.99
1598,539315329,"01598M01:59:18.043","01598 01:12:10",215.84,871.80,,,,"     ",5.10,95.36,5.01
1598,539315330,"01598M01:59:19.016","01598 01:12:11",215.81,871.75,,,,"     ",5.10,95.27,5.01
1598,539315331,"01598M01:59:19.989","01598 01:12:12",215.77,871.77,,,,"     ",5.10,95.73,5.03
1598,539315332,"01598M01:59:20.963","01598 01:12:13",215.71,871.72,,,,"     ",5.10,95.31,5.01
1598,539315333,"01598M01:59:21.936","01598 01:12:14",215.64,871.83,,,,"     ",5.10,95.21,5.00
1598,539315334,"01598M01:59:22.909","01598 01:12:15",215.57,871.79,,,,"     ",5.10,95.30,5.01
1598,539315335,"01598M01:59:23.882","01598 01:12:16",215.51,871.74,,,,"     ",5.10,95.36,5.01
1598,539315336,"01598M01:59:24.856","01598 01:12:17",215.47,871.71,,,,"     ",5.10,95.60,5.02
1598,539315337,"01598M01:59:25.829","01598 01:12:18",215.44,871.66,,,,"     ",5.10,95.20,5.00
1598,539315338,"01598M01:59:26.802","01598 01:12:19",215.43,871.75,,,,"     ",5.10,95.33,5.01
1598,539315339,"01598M01:59:27.775","01598 01:12:19",215.44,871.73,,,,"     ",5.10,96.11,5.05
1598,539315340,"01598M01:59:28.749","01598 01:12:20",215.45,871.70,,,,"     ",5.10,96.00,5.05
1598,539315341,"01598M01:59:29.722","01598 01:12:21",215.48,871.74,,,,"     ",5.10,96.19,5.05
1598,539315342,"01598M01:59:30.695","01598 01:12:22",215.52,871.76,,,,"     ",5.10,95.67,5.03
1598,539315343,"01598M01:59:31.668","01598 01:12:23",215.56,871.75,,,,"     ",5.10,96.77,5.09
1598,539315344,"01598M01:59:32.642","01598 01:12:24",215.60,871.78,,,,"     ",5.10,95.90,5.04
1598,539315345,"01598M01:59:33.615","01598 01:12:25",215.63,871.83,,,,"     ",5.10,96.06,5.05
1598,539315346,"01598M01:59:34.588","01598 01:12:26",215.66,871.80,,,,"     ",5.10,96.36,5.07
1598,539315347,"01598M01:59:35.561","01598 01:12:27",215.68,871.79,,,,"     ",5.10,95.88,5.04
1598,539315348,"01598M01:59:36.535","01598 01:12:28",215.69,871.82,,,,"     ",5.10,95.96,5.04
1598,539315349,"01598M01:59:37.508","01598 01:12:29",215.70,871.80,,,,"     ",5.10,95.18,5.00
1598,539315350,"01598M01:59:38.481","01598 01:12:30",215.71,871.79,,,,"     ",5.10,95.82,5.04
1598,539315351,"01598M01:59:39.454","01598 01:12:31",215.72,871.71,,,,"     ",5.10,95.40,5.01
1598,539315352,"01598M01:59:40.428","01598 01:12:32",215.74,871.77,,,,"     ",5.10,95.68,5.03
1598,539315353,"01598M01:59:41.401","01598 01:12:33",215.75,871.70,,,,"     ",5.10,95.97,5.04
1598,539315354,"01598M01:59:42.374","01598 01:12:34",215.75,871.75,,,,"     ",5.10,96.08,5.05
1598,539315355,"01598M01:59:43.347","01598 01:12:35",215.74,871.73,,,,"     ",5.10,95.91,5.04
1598,539315356,"01598M01:59:44.321","01598 01:12:36",215.73,871.84,,,,"     ",5.10,95.81,5.04
1598,539315357,"01598M01:59:45.294","01598 01:12:37",215.72,871.86,,,,"     ",5.10,95.95,5.04
1598,539315358,"01598M01:59:46.267","01598 01:12:38",215.71,871.71,,,,"     ",5.10,95.52,5.02
1598,539315359,"01598M01:59:47.240","01598 01:12:39",215.70,871.81,,,,"     ",5.10,95.76,5.03
1598,539315360,"01598M01:59:48.214","01598 01:12:40",215.71,871.81,,,,"     ",5.10,95.65,5.03
1598,539315361,"01598M01:59:49.187","01598 01:12:41",215.72,871.77,,,,"     ",5.10,95.62,5.03
1598,539315362,"01598M01:59:50.160","01598 01:12:42",215.73,871.75,,,,"     ",5.10,95.84,5.04
1598,539315363,"01598M01:59:51.133","01598 01:12:43",215.74,871.75,,,,"     ",5.10,95.40,5.02
1598,539315364,"01598M01:59:52.107","01598 01:12:44",215.76,871.80,,,,"     ",5.10,95.73,5.03
1598,539315365,"01598M01:59:53.080","01598 01:12:45",215.77,871.74,,,,"     ",5.10,95.54,5.02
1598,539315366,"01598M01:59:54.053","01598 01:12:46",215.78,871.72,,,,"     ",5.10,95.43,5.02
1598,539315367,"01598M01:59:55.026","01598 01:12:47",215.78,871.75,,,,"     ",5.10,95.71,5.03
1598,539315368,"01598M01:59:56.000","01598 01:12:48",215.76,871.78,,,,"     ",5.10,95.80,5.04
1598,539315369,"01598M01:59:56.973","01598 01:12:49",215.74,871.70,,,,"     ",5.10,95.94,5.04
1598,539315370,"01598M01:59:57.946","01598 01:12:50",215.69,871.65,,,,"     ",5.10,95.96,5.05
1598,539315371,"01598M01:59:58.920","01598 01:12:51",215.64,871.63,,,,"     ",5.10,96.01,5.05
1598,539315372,"01598M01:59:59.893","01598 01:12:52",215.57,871.61,,,,"     ",5.10,95.72,5.03
1598,539315373,"01598M02:00:00.866","01598 01:12:53",215.51,871.63,,,,"     ",5.10,95.53,5.02
1598,539315374,"01598M02:00:01.839","01598 01:12:54",215.45,871.50,,,,"     ",5.10,95.88,5.04
1598,539315375,"01598M02:00:02.813","01598 01:12:55",215.40,871.55,,,,"     ",5.10,96.08,5.05
1598,539315376,"01598M02:00:03.786","01598 01:12:55",215.35,871.62,,,,"     ",5.10,96.22,5.06
1598,539315377,"01598M02:00:04.759","01598 01:12:56",215.32,871.65,,,,"     ",5.10,95.87,5.04
1598,539315378,"01598M02:00:05.732","01598 01:12:57",215.29,871.67,,,,"     ",5.10,96.50,5.08
1598,539315379,"01598M02:00:06.706","01598 01:12:58",215.28,871.67,,,,"     ",5.10,95.55,5.02
1598,539315380,"01598M02:00:07.679","01598 01:12:59",215.27,871.64,,,,"     ",5.10,95.84,5.04
1598,539315381,"01598M02:00:08.652","01598 01:13:00",215.26,871.68,,,,"     ",5.10,95.89,5.04
1598,539315382,"01598M02:00:09.625","01598 01:13:01",215.27,871.73,,,,"     ",5.10,96.21,5.06
1598,539315383,"01598M02:00:10.599","01598 01:13:02",215.27,871.69,,,,"     ",5.10,96.27,5.06
1598,539315384,"01598M02:00:11.572","01598 01:13:03",215.28,871.71,,,,"     ",5.10,96.12,5.06
1598,539315385,"01598M02:00:12.545","01598 01:13:04",215.30,871.66,,,,"     ",5.10,95.93,5.05
1598,539315386,"01598M02:00:13.518","01598 01:13:05",215.33,871.71,,,,"     ",5.10,96.01,5.05
1598,539315387,"01598M02:00:14.492","01598 01:13:06",215.36,871.67,,,,"     ",5.10,95.70,5.04
1598,539315388,"01598M02:00:15.465","01598 01:13:07",215.39,871.57,,,,"     ",5.10,95.54,5.02
1598,539315389,"01598M02:00:16.438","01598 01:13:08",215.43,871.61,,,,"     ",5.10,95.77,5.04
1598,539315390,"01598M02:00:17.411","01598 01:13:09",215.46,871.65,,,,"     ",5.10,96.13,5.06
1598,539315391,"01598M02:00:18.385","01598 01:13:10",215.49,871.59,,,,"     ",5.10,95.71,5.03
1598,539315392,"01598M02:00:19.358","01598 01:13:11",215.50,871.57,,,,"     ",5.10,96.00,5.05
1598,539315393,"01598M02:00:20.331","01598 01:13:12",215.51,871.49,,,,"     ",5.10,95.97,5.05
1598,539315394,"01598M02:00:21.304","01598 01:13:13",215.53,871.50,,,,"     ",5.10,96.20,5.06
1598,539315395,"01598M02:00:22.278","01598 01:13:14",215.55,871.66,,,,"     ",5.10,95.78,5.04
1598,539315396,"01598M02:00:23.251","01598 01:13:15",215.58,871.71,,,,"     ",5.10,95.41,5.02
1598,539315397,"01598M02:00:24.224","01598 01:13:16",215.60,871.69,,,,"     ",5.10,96.07,5.05
1598,539315398,"01598M02:00:25.197","01598 01:13:17",215.62,871.68,,,,"     ",5.10,95.55,5.03
1598,539315399,"01598M02:00:26.171","01598 01:13:18",215.65,871.63,,,,"     ",5.10,95.70,5.03
1598,539315400,"01598M02:00:27.144","01598 01:13:19",215.67,871.59,,,,"     ",5.10,95.53,5.02
1598,539315401,"01598M02:00:28.117","01598 01:13:20",215.69,871.58,,,,"     ",5.10,95.24,5.01
1598,539315402,"01598M02:00:29.090","01598 01:13:21",215.71,871.61,,,,"     ",5.10,95.41,5.02
1598,539315403,"01598M02:00:30.064","01598 01:13:22",215.74,871.65,,,,"     ",5.10,95.49,5.02
1598,539315404,"01598M02:00:31.037","01598 01:13:23",215.76,871.60,,,,"     ",5.10,95.56,5.02
1598,539315405,"01598M02:00:32.010","01598 01:13:24",215.78,871.58,,,,"     ",5.10,95.58,5.03
1598,539315406,"01598M02:00:32.983","01598 01:13:25",215.81,871.64,,,,"     ",5.10,95.38,5.01
1598,539315407,"01598M02:00:33.957","01598 01:13:26",215.83,871.64,,,,"     ",5.10,94.95,4.99
1598,539315408,"01598M02:00:34.930","01598 01:13:27",215.86,871.64,,,,"     ",5.10,94.98,4.99
1598,539315409,"01598M02:00:35.903","01598 01:13:28",215.88,871.58,,,,"     ",5.10,95.84,5.04
1598,539315410,"01598M02:00:36.876","01598 01:13:29",215.91,871.63,,,,"     ",5.10,95.07,5.00
1598,539315411,"01598M02:00:37.850","01598 01:13:30",215.94,871.70,,,,"     ",5.10,95.69,5.03
1598,539315412,"01598M02:00:38.823","01598 01:13:31",215.91,871.59,,,,"     ",5.10,95.44,5.02
1598,539315413,"01598M02:00:39.796","01598 01:13:31",215.80,871.63,,,,"     ",5.10,94.49,4.97
1598,539315414,"01598M02:00:40.769","01598 01:13:32",215.69,871.58,,,,"     ",5.10,95.29,5.01
1598,539315415,"01598M02:00:41.743","01598 01:13:33",215.59,871.61,,,,"     ",5.10,94.58,4.97
1598,539315416,"01598M02:00:42.716","01598 01:13:34",215.49,871.53,,,,"     ",5.10,95.16,5.00
1598,539315417,"01598M02:00:43.689","01598 01:13:35",215.41,871.64,,,,"     ",5.10,95.29,5.01
1598,539315418,"01598M02:00:44.662","01598 01:13:36",215.33,871.64,,,,"     ",5.10,94.49,4.97
1598,539315419,"01598M02:00:45.636","01598 01:13:37",215.26,871.67,,,,"     ",5.10,94.42,4.96
1598,539315420,"01598M02:00:46.609","01598 01:13:38",215.20,871.62,,,,"     ",5.10,94.52,4.97
1598,539315421,"01598M02:00:47.582","01598 01:13:39",215.15,871.62,,,,"     ",5.10,94.40,4.96
1598,539315422,"01598M02:00:48.555","01598 01:13:40",215.11,871.57,,,,"     ",5.10,94.30,4.96
1598,539315423,"01598M02:00:49.529","01598 01:13:41",215.07,871.47,,,,"     ",5.10,94.57,4.97
1598,539315424,"01598M02:00:50.502","01598 01:13:42",215.05,871.61,,,,"     ",5.10,94.78,4.98
1598,539315425,"01598M02:00:51.475","01598 01:13:43",215.03,871.65,,,,"     ",5.10,94.52,4.97
1598,539315426,"01598M02:00:52.448","01598 01:13:44",215.02,871.65,,,,"     ",5.10,94.00,4.94
1598,539315427,"01598M02:00:53.422","01598 01:13:45",215.02,871.59,,,,"     ",5.10,95.18,5.01
1598,539315428,"01598M02:00:54.395","01598 01:13:46",215.03,871.67,,,,"     ",5.10,94.49,4.97
1598,539315429,"01598M02:00:55.368","01598 01:13:47",215.05,871.61,,,,"     ",5.10,94.15,4.95
1598,539315430,"01598M02:00:56.341","01598 01:13:48",215.08,871.64,,,,"     ",5.10,94.80,4.99
1598,539315431,"01598M02:00:57.315","01598 01:13:49",215.11,871.62,,,,"     ",5.10,94.46,4.97
1598,539315432,"01598M02:00:58.288","01598 01:13:50",215.13,871.63,,,,"     ",5.10,94.20,4.96
1598,539315433,"01598M02:00:59.261","01598 01:13:51",215.15,871.60,,,,"     ",5.10,93.92,4.94
1598,539315434,"01598M02:01:00.234","01598 01:13:52",215.17,871.64,,,,"     ",5.10,94.00,4.94
1598,539315435,"01598M02:01:01.208","01598 01:13:53",215.20,871.58,,,,"     ",5.10,94.24,4.96
1598,539315436,"01598M02:01:02.181","01598 01:13:54",215.24,871.58,,,,"     ",5.10,94.53,4.97
1598,539315437,"01598M02:01:03.154","01598 01:13:55",215.28,871.57,,,,"     ",5.10,94.55,4.97
1598,539315438,"01598M02:01:04.127","01598 01:13:56",215.34,871.64,,,,"     ",5.10,93.97,4.94
1598,539315439,"01598M02:01:05.101","01598 01:13:57",215.40,871.65,,,,"     ",5.10,94.29,4.96
1598,539315440,"01598M02:01:06.074","01598 01:13:58",215.47,871.63,,,,"     ",5.10,93.98,4.94
1598,539315441,"01598M02:01:07.047","01598 01:13:59",215.54,871.59,,,,"     ",5.10,94.21,4.96
1598,539315442,"01598M02:01:08.021","01598 01:14:00",215.59,871.65,,,,"     ",5.10,94.61,4.98
1598,539315443,"01598M02:01:08.994","01598 01:14:01",215.62,871.59,,,,"     ",5.10,93.92,4.94
1598,539315444,"01598M02:01:09.967","01598 01:14:02",215.63,871.68,,,,"     ",5.10,93.61,4.92
1598,539315445,"01598M02:01:10.940","01598 01:14:03",215.62,871.66,,,,"     ",5.10,93.78,4.93
1598,539315446,"01598M02:01:11.914","01598 01:14:04",215.58,871.50,,,,"     ",5.10,93.62,4.93
1598,539315447,"01598M02:01:12.887","01598 01:14:05",215.54,871.56,,,,"     ",5.10,93.67,4.93
1598,539315448,"01598M02:01:13.860","01598 01:14:06",215.49,871.63,,,,"     ",5.10,93.96,4.94
1598,539315449,"01598M02:01:14.833","01598 01:14:07",215.45,871.56,,,,"     ",5.10,93.73,4.93
1598,539315450,"01598M02:01:15.807","01598 01:14:07",215.40,871.55,,,,"     ",5.10,94.02,4.95
1598,539315451,"01598M02:01:16.780","01598 01:14:08",215.36,871.59,,,,"     ",5.10,93.84,4.94
1598,539315452,"01598M02:01:17.753","01598 01:14:09",215.32,871.54,,,,"     ",5.10,93.79,4.94
1598,539315453,"01598M02:01:18.726","01598 01:14:10",215.28,871.52,,,,"     ",5.10,93.45,4.92
1598,539315454,"01598M02:01:19.700","01598 01:14:11",215.23,871.50,,,,"     ",5.10,93.68,4.93
1598,539315455,"01598M02:01:20.673","01598 01:14:12",215.17,871.50,,,,"     ",5.10,93.51,4.92
1598,539315456,"01598M02:01:21.646","01598 01:14:13",215.12,871.46,,,,"     ",5.10,93.78,4.94
1598,539315457,"01598M02:01:22.619","01598 01:14:14",215.07,871.61,,,,"     ",5.10,93.53,4.92
1598,539315458,"01598M02:01:23.593","01598 01:14:15",215.03,871.56,,,,"     ",5.10,93.31,4.91
1598,539315459,"01598M02:01:24.566","01598 01:14:16",215.00,871.53,,,,"     ",5.10,93.42,4.92
1598,539315460,"01598M02:01:25.539","01598 01:14:17",214.98,871.64,,,,"     ",5.10,93.36,4.92
1598,539315461,"01598M02:01:26.512","01598 01:14:18",214.97,871.63,,,,"     ",5.10,93.33,4.91
1598,539315462,"01598M02:01:27.486","01598 01:14:19",214.98,871.64,,,,"     ",5.10,93.59,4.93
1598,539315463,"01598M02:01:28.459","01598 01:14:20",214.99,871.66,,,,"     ",5.10,93.19,4.91
1598,539315464,"01598M02:01:29.432","01598 01:14:21",214.99,871.61,,,,"     ",5.10,92.94,4.89
1598,539315465,"01598M02:01:30.405","01598 01:14:22",214.99,871.62,,,,"     ",5.10,93.02,4.90
1598,539315466,"01598M02:01:31.379","01598 01:14:23",214.97,871.61,,,,"     ",5.10,93.20,4.91
1598,539315467,"01598M02:01:32.352","01598 01:14:24",214.94,871.53,,,,"     ",5.10,93.18,4.91
1598,539315468,"01598M02:01:33.325","01598 01:14:25",214.90,871.53,,,,"     ",5.10,93.55,4.93
1598,539315469,"01598M02:01:34.298","01598 01:14:26",214.85,871.57,,,,"     ",5.10,93.12,4.91
1598,539315470,"01598M02:01:35.272","01598 01:14:27",214.81,871.63,,,,"     ",5.10,93.40,4.92
1598,539315471,"01598M02:01:36.245","01598 01:14:28",214.76,871.60,,,,"     ",5.10,93.25,4.91
1598,539315472,"01598M02:01:37.218","01598 01:14:29",214.73,871.56,,,,"     ",5.10,93.09,4.91
1598,539315473,"01598M02:01:38.191","01598 01:14:30",214.71,871.55,,,,"     ",5.10,93.15,4.91
1598,539315474,"01598M02:01:39.165","01598 01:14:31",214.70,871.59,,,,"     ",5.10,93.15,4.91
1598,539315475,"01598M02:01:40.138","01598 01:14:32",214.71,871.64,,,,"     ",5.10,93.54,4.93
1598,539315476,"01598M02:01:41.111","01598 01:14:33",214.75,871.68,,,,"     ",5.10,93.51,4.93
1598,539315477,"01598M02:01:42.084","01598 01:14:34",214.81,871.61,,,,"     ",5.10,93.23,4.92
1598,539315478,"01598M02:01:43.058","01598 01:14:35",214.89,871.64,,,,"     ",5.10,93.04,4.91
1598,539315479,"01598M02:01:44.031","01598 01:14:36",214.97,871.58,,,,"     ",5.10,93.28,4.92
1598,539315480,"01598M02:01:45.004","01598 01:14:37",215.06,871.71,,,,"     ",5.10,93.41,4.93
1598,539315481,"01598M02:01:45.977","01598 01:14:38",215.14,871.64,,,,"     ",5.10,93.15,4.92
1598,539315482,"01598M02:01:46.951","01598 01:14:39",215.22,871.65,,,,"     ",5.10,92.61,4.89
1598,539315483,"01598M02:01:47.924","01598 01:14:40",215.29,871.46,,,,"     ",5.10,93.18,4.92
1598,539315484,"01598M02:01:48.897","01598 01:14:41",215.36,871.55,,,,"     ",5.10,93.06,4.91
1598,539315485,"01598M02:01:49.870","01598 01:14:42",215.43,871.66,,,,"     ",5.10,92.73,4.90
1598,539315486,"01598M02:01:50.844","01598 01:14:43",215.51,871.64,,,,"     ",5.10,92.96,4.91
1598,539315487,"01598M02:01:51.817","01598 01:14:43",215.59,871.59,,,,"     ",5.10,93.36,4.93
1598,539315488,"01598M02:01:52.790","01598 01:14:44",215.66,871.60,,,,"     ",5.10,92.63,4.89
1598,539315489,"01598M02:01:53.763","01598 01:14:45",215.72,871.53,,,,"     ",5.10,92.80,4.90
1598,539315490,"01598M02:01:54.737","01598 01:14:46",215.77,871.54,,,,"     ",5.10,93.20,4.92
1598,539315491,"01598M02:01:55.710","01598 01:14:47",215.79,871.53,,,,"     ",5.10,92.60,4.89
1598,539315492,"01598M02:01:56.683","01598 01:14:48",215.80,871.51,,,,"     ",5.10,92.49,4.88
1598,539315493,"01598M02:01:57.656","01598 01:14:49",215.79,871.50,,,,"     ",5.10,92.58,4.89
1598,539315494,"01598M02:01:58.630","01598 01:14:50",215.76,871.40,,,,"     ",5.10,93.13,4.92
1598,539315495,"01598M02:01:59.603","01598 01:14:51",215.72,871.50,,,,"     ",5.10,92.90,4.91
1598,539315496,"01598M02:02:00.576","01598 01:14:52",215.67,871.51,,,,"     ",5.10,92.72,4.89
1598,539315497,"01598M02:02:01.549","01598 01:14:53",215.63,871.61,,,,"     ",5.10,92.80,4.90
1598,539315498,"01598M02:02:02.523","01598 01:14:54",215.58,871.63,,,,"     ",5.10,92.40,4.88
1598,539315499,"01598M02:02:03.496","01598 01:14:55",215.54,871.57,,,,"     ",5.10,93.17,4.92
1598,539315500,"01598M02:02:04.469","01598 01:14:56",215.49,871.56,,,,"     ",5.10,93.14,4.92
1598,539315501,"01598M02:02:05.442","01598 01:14:57",215.44,871.52,,,,"     ",5.10,92.55,4.89
1598,539315502,"01598M02:02:06.416","01598 01:14:58",215.37,871.53,,,,"     ",5.10,93.04,4.91
1598,539315503,"01598M02:02:07.389","01598 01:14:59",215.31,871.56,,,,"     ",5.10,93.09,4.92
1598,539315504,"01598M02:02:08.362","01598 01:15:00",215.24,871.62,,,,"     ",5.10,92.82,4.90
1598,539315505,"01598M02:02:09.335","01598 01:15:01",215.19,871.71,,,,"     ",5.10,92.98,4.91
1598,539315506,"01598M02:02:10.309","01598 01:15:02",215.14,871.68,,,,"     ",5.10,92.61,4.89
1598,539315507,"01598M02:02:11.282","01598 01:15:03",215.11,871.57,,,,"     ",5.10,93.14,4.92
1598,539315508,"01598M02:02:12.255","01598 01:15:04",215.10,871.62,,,,"     ",5.10,93.16,4.92
1598,539315509,"01598M02:02:13.228","01598 01:15:05",215.11,871.62,,,,"     ",5.10,92.99,4.91
1598,539315510,"01598M02:02:14.202","01598 01:15:06",215.15,871.53,,,,"     ",5.10,92.74,4.89
1598,539315511,"01598M02:02:15.175","01598 01:15:07",215.20,871.59,,,,"     ",5.10,92.42,4.88
1598,539315512,"01598M02:02:16.148","01598 01:15:08",215.27,871.57,,,,"     ",5.10,92.96,4.91
1598,539315513,"01598M02:02:17.121","01598 01:15:09",215.34,871.60,,,,"     ",5.10,92.58,4.88
1598,539315514,"01598M02:02:18.095","01598 01:15:10",215.42,871.54,,,,"     ",5.10,92.68,4.89
1598,539315515,"01598M02:02:19.068","01598 01:15:11",215.50,871.60,,,,"     ",5.10,92.44,4.88
1598,539315516,"01598M02:02:20.041","01598 01:15:12",215.57,871.63,,,,"     ",5.10,92.81,4.90
1598,539315517,"01598M02:02:21.015","01598 01:15:13",215.65,871.61,,,,"     ",5.10,93.07,4.91
1598,539315518,"01598M02:02:21.988","01598 01:15:14",215.71,871.55,,,,"     ",5.10,92.56,4.88
1598,539315519,"01598M02:02:22.961","01598 01:15:15",215.77,871.65,,,,"     ",5.10,92.89,4.90
1598,539315520,"01598M02:02:23.934","01598 01:15:16",215.82,871.63,,,,"     ",5.10,92.63,4.88
1598,539315521,"01598M02:02:24.908","01598 01:15:17",215.87,871.66,,,,"     ",5.10,92.80,4.89
1598,539315522,"01598M02:02:25.881","01598 01:15:18",215.90,871.70,,,,"     ",5.10,92.99,4.90
1598,539315523,"01598M02:02:26.854","01598 01:15:19",215.92,871.66,,,,"     ",5.10,93.14,4.91
1598,539315524,"01598M02:02:27.827","01598 01:15:19",215.92,871.65,,,,"     ",5.10,92.97,4.90
1598,539315525,"01598M02:02:28.801","01598 01:15:20",215.92,871.63,,,,"     ",5.10,92.97,4.90
1598,539315526,"01598M02:02:29.774","01598 01:15:21",215.90,871.56,,,,"     ",5.10,93.11,4.90
1598,539315527,"01598M02:02:30.747","01598 01:15:22",215.88,871.63,,,,"     ",5.10,92.93,4.89
1598,539315528,"01598M02:02:31.720","01598 01:15:23",215.85,871.50,,,,"     ",5.10,92.60,4.88
1598,539315529,"01598M02:02:32.694","01598 01:15:24",215.83,871.63,,,,"     ",5.10,92.50,4.87
1598,539315530,"01598M02:02:33.667","01598 01:15:25",215.80,871.50,,,,"     ",5.10,92.74,4.88
1598,539315531,"01598M02:02:34.640","01598 01:15:26",215.78,871.56,,,,"     ",5.10,92.93,4.89
1598,539315532,"01598M02:02:35.613","01598 01:15:27",215.78,871.55,,,,"     ",5.10,93.02,4.89
1598,539315533,"01598M02:02:36.587","01598 01:15:28",215.79,871.64,,,,"     ",5.10,92.97,4.89
1598,539315534,"01598M02:02:37.560","01598 01:15:29",215.81,871.57,,,,"     ",5.10,93.10,4.90
1598,539315535,"01598M02:02:38.533","01598 01:15:30",215.84,871.59,,,,"     ",5.10,93.12,4.90
1598,539315536,"01598M02:02:39.506","01598 01:15:31",215.89,871.51,,,,"     ",5.10,92.95,4.89
1598,539315537,"01598M02:02:40.480","01598 01:15:32",215.93,871.67,,,,"     ",5.10,92.74,4.88
1598,539315538,"01598M02:02:41.453","01598 01:15:33",215.98,871.63,,,,"     ",5.10,92.91,4.89
1598,539315539,"01598M02:02:42.426","01598 01:15:34",216.02,871.60,,,,"     ",5.10,92.74,4.88
1598,539315540,"01598M02:02:43.399","01598 01:15:35",216.05,871.51,,,,"     ",5.10,92.52,4.86
1598,539315541,"01598M02:02:44.373","01598 01:15:36",216.08,871.64,,,,"     ",5.10,92.81,4.88
1598,539315542,"01598M02:02:45.346","01598 01:15:37",216.09,871.70,,,,"     ",5.10,92.69,4.87
1598,539315543,"01598M02:02:46.319","01598 01:15:38",216.10,871.68,,,,"     ",5.10,92.78,4.87
1598,539315544,"01598M02:02:47.292","01598 01:15:39",216.11,871.63,,,,"     ",5.10,92.61,4.86
1598,539315545,"01598M02:02:48.266","01598 01:15:40",216.12,871.75,,,,"     ",5.10,92.83,4.88
1598,539315546,"01598M02:02:49.239","01598 01:15:41",216.13,871.67,,,,"     ",5.10,92.89,4.88
1598,539315547,"01598M02:02:50.212","01598 01:15:42",216.14,871.60,,,,"     ",5.10,92.72,4.87
1598,539315548,"01598M02:02:51.185","01598 01:15:43",216.14,871.66,,,,"     ",5.10,92.82,4.87
1598,539315549,"01598M02:02:52.159","01598 01:15:44",216.14,871.66,,,,"     ",5.10,92.62,4.86
1598,539315550,"01598M02:02:53.132","01598 01:15:45",216.14,871.63,,,,"     ",5.10,93.40,4.90
1598,539315551,"01598M02:02:54.105","01598 01:15:46",216.13,871.67,,,,"     ",5.10,92.70,4.86
1598,539315552,"01598M02:02:55.078","01598 01:15:47",216.12,871.71,,,,"     ",5.10,92.47,4.85
1598,539315553,"01598M02:02:56.052","01598 01:15:48",216.12,871.60,,,,"     ",5.10,92.77,4.87
1598,539315554,"01598M02:02:57.025","01598 01:15:49",216.12,871.64,,,,"     ",5.10,93.02,4.88
1598,539315555,"01598M02:02:57.998","01598 01:15:50",216.12,871.76,,,,"     ",5.10,92.69,4.86
1598,539315556,"01598M02:02:58.971","01598 01:15:51",216.12,871.69,,,,"     ",5.10,92.58,4.85
1598,539315557,"01598M02:02:59.945","01598 01:15:52",216.13,871.71,,,,"     ",5.10,92.80,4.86
1598,539315558,"01598M02:03:00.918","01598 01:15:53",216.14,871.61,,,,"     ",5.10,92.64,4.86
1598,539315559,"01598M02:03:01.891","01598 01:15:54",216.15,871.65,,,,"     ",5.10,92.58,4.85
1598,539315560,"01598M02:03:02.864","01598 01:15:55",216.16,871.64,,,,"     ",5.10,92.41,4.84
1598,539315561,"01598M02:03:03.838","01598 01:15:56",216.18,871.63,,,,"     ",5.10,92.55,4.85
1598,539315562,"01598M02:03:04.811","01598 01:15:56",216.20,871.64,,,,"     ",5.10,92.49,4.84
1598,539315563,"01598M02:03:05.784","01598 01:15:57",216.23,871.58,,,,"     ",5.10,92.58,4.85
1598,539315564,"01598M02:03:06.757","01598 01:15:58",216.26,871.62,,,,"     ",5.10,92.18,4.83
1598,539315565,"01598M02:03:07.731","01598 01:15:59",216.30,871.73,,,,"     ",5.10,92.42,4.84
1598,539315566,"01598M02:03:08.704","01598 01:16:00",216.33,871.67,,,,"     ",5.10,93.05,4.87
1598,539315567,"01598M02:03:09.677","01598 01:16:01",216.35,871.61,,,,"     ",5.10,92.83,4.86
1598,539315568,"01598M02:03:10.650","01598 01:16:02",216.36,871.64,,,,"     ",5.10,92.94,4.86
1598,539315569,"01598M02:03:11.624","01598 01:16:03",216.37,871.60,,,,"     ",5.10,92.75,4.86
1598,539315570,"01598M02:03:12.597","01598 01:16:04",216.36,871.57,,,,"     ",5.10,93.20,4.88
1598,539315571,"01598M02:03:13.570","01598 01:16:05",216.34,871.58,,,,"     ",5.10,93.43,4.89
1598,539315572,"01598M02:03:14.543","01598 01:16:06",216.32,871.71,,,,"     ",5.10,93.07,4.87
1598,539315573,"01598M02:03:15.517","01598 01:16:07",216.30,871.69,,,,"     ",5.10,92.20,4.82
1598,539315574,"01598M02:03:16.490","01598 01:16:08",216.27,871.65,,,,"     ",5.10,93.32,4.88
1598,539315575,"01598M02:03:17.463","01598 01:16:09",216.24,871.59,,,,"     ",5.10,92.78,4.85
1598,539315576,"01598M02:03:18.436","01598 01:16:10",216.21,871.72,,,,"     ",5.10,92.94,4.86
1598,539315577,"01598M02:03:19.410","01598 01:16:11",216.18,871.73,,,,"     ",5.10,92.74,4.85
1598,539315578,"01598M02:03:20.383","01598 01:16:12",216.15,871.69,,,,"     ",5.10,92.39,4.83
1598,539315579,"01598M02:03:21.356","01598 01:16:13",216.14,871.64,,,,"     ",5.10,92.68,4.84
1598,539315580,"01598M02:03:22.329","01598 01:16:14",216.14,871.64,,,,"     ",5.10,92.91,4.85
1598,539315581,"01598M02:03:23.303","01598 01:16:15",216.15,871.65,,,,"     ",5.10,93.22,4.87
1598,539315582,"01598M02:03:24.276","01598 01:16:16",216.18,871.67,,,,"     ",5.10,93.30,4.87
1598,539315583,"01598M02:03:25.249","01598 01:16:17",216.22,871.69,,,,"     ",5.10,93.36,4.87
1598,539315584,"01598M02:03:26.222","01598 01:16:18",216.26,871.62,,,,"     ",5.10,93.59,4.89
1598,539315585,"01598M02:03:27.196","01598 01:16:19",216.31,871.59,,,,"     ",5.10,93.22,4.86
1598,539315586,"01598M02:03:28.169","01598 01:16:20",216.35,871.63,,,,"     ",5.10,93.53,4.88
1598,539315587,"01598M02:03:29.142","01598 01:16:21",216.40,871.67,,,,"     ",5.10,92.89,4.85
1598,539315588,"01598M02:03:30.116","01598 01:16:22",216.44,871.72,,,,"     ",5.10,93.28,4.86
1598,539315589,"01598M02:03:31.089","01598 01:16:23",216.49,871.74,,,,"     ",5.10,93.83,4.89
1598,539315590,"01598M02:03:32.062","01598 01:16:24",216.54,871.68,,,,"     ",5.10,93.98,4.90
1598,539315591,"01598M02:03:33.035","01598 01:16:25",216.58,871.70,,,,"     ",5.10,93.68,4.88
1598,539315592,"01598M02:03:34.009","01598 01:16:26",216.60,871.73,,,,"     ",5.10,93.16,4.86
1598,539315593,"01598M02:03:34.982","01598 01:16:27",216.62,871.71,,,,"     ",5.10,93.19,4.86
1598,539315594,"01598M02:03:35.955","01598 01:16:28",216.62,871.76,,,,"     ",5.10,93.50,4.87
1598,539315595,"01598M02:03:36.928","01598 01:16:29",216.61,871.84,,,,"     ",5.10,93.40,4.87
1598,539315596,"01598M02:03:37.902","01598 01:16:30",216.59,871.77,,,,"     ",5.10,93.88,4.89
1598,539315597,"01598M02:03:38.875","01598 01:16:31",216.56,871.74,,,,"     ",5.10,93.87,4.89
1598,539315598,"01598M02:03:39.848","01598 01:16:32",216.53,871.82,,,,"     ",5.10,93.28,4.86
1598,539315599,"01598M02:03:40.821","01598 01:16:32",216.49,871.82,,,,"     ",5.10,93.93,4.89
1598,539315600,"01598M02:03:41.795","01598 01:16:33",216.45,871.80,,,,"     ",5.10,94.11,4.90
1598,539315601,"01598M02:03:42.768","01598 01:16:34",216.42,871.77,,,,"     ",5.10,93.71,4.88
1598,539315602,"01598M02:03:43.741","01598 01:16:35",216.39,871.74,,,,"     ",5.10,93.83,4.88
1598,539315603,"01598M02:03:44.714","01598 01:16:36",216.37,871.88,,,,"     ",5.10,93.85,4.88
1598,539315604,"01598M02:03:45.688","01598 01:16:37",216.35,871.83,,,,"     ",5.10,93.81,4.88
1598,539315605,"01598M02:03:46.661","01598 01:16:38",216.34,871.83,,,,"     ",5.10,94.00,4.89
1598,539315606,"01598M02:03:47.634","01598 01:16:39",216.33,871.82,,,,"     ",5.10,94.03,4.89
1598,539315607,"01598M02:03:48.607","01598 01:16:40",216.33,871.76,,,,"     ",5.10,94.12,4.89
1598,539315608,"01598M02:03:49.581","01598 01:16:41",216.33,871.86,,,,"     ",5.10,93.56,4.86
1598,539315609,"01598M02:03:50.554","01598 01:16:42",216.33,871.86,,,,"     ",5.10,93.46,4.85
1598,539315610,"01598M02:03:51.527","01598 01:16:43",216.34,871.80,,,,"     ",5.10,93.71,4.87
1598,539315611,"01598M02:03:52.500","01598 01:16:44",216.35,871.79,,,,"     ",5.10,93.82,4.87
1598,539315612,"01598M02:03:53.474","01598 01:16:45",216.36,871.84,,,,"     ",5.10,93.64,4.86
1598,539315613,"01598M02:03:54.447","01598 01:16:46",216.37,871.81,,,,"     ",5.10,93.41,4.85
1598,539315614,"01598M02:03:55.420","01598 01:16:47",216.38,871.86,,,,"     ",5.10,93.31,4.84
1598,539315615,"01598M02:03:56.393","01598 01:16:48",216.39,871.88,,,,"     ",5.10,93.51,4.85
1598,539315616,"01598M02:03:57.367","01598 01:16:49",216.39,871.88,,,,"     ",5.10,93.71,4.86
1598,539315617,"01598M02:03:58.340","01598 01:16:50",216.40,871.90,,,,"     ",5.10,93.85,4.87
1598,539315618,"01598M02:03:59.313","01598 01:16:51",216.41,871.89,,,,"     ",5.10,93.88,4.87
1598,539315619,"01598M02:04:00.286","01598 01:16:52",216.42,871.77,,,,"     ",5.10,93.75,4.86
1598,539315620,"01598M02:04:01.260","01598 01:16:53",216.43,871.74,,,,"     ",5.10,93.46,4.85
1598,539315621,"01598M02:04:02.233","01598 01:16:54",216.43,871.85,,,,"     ",5.10,93.42,4.85
1598,539315622,"01598M02:04:03.206","01598 01:16:55",216.43,871.78,,,,"     ",5.10,94.23,4.89
1598,539315623,"01598M02:04:04.179","01598 01:16:56",216.44,871.90,,,,"     ",5.10,93.47,4.85
1598,539315624,"01598M02:04:05.153","01598 01:16:57",216.44,871.85,,,,"     ",5.10,93.30,4.84
1598,539315625,"01598M02:04:06.126","01598 01:16:58",216.45,871.93,,,,"     ",5.10,93.53,4.85
1598,539315626,"01598M02:04:07.099","01598 01:16:59",216.44,871.81,,,,"     ",5.10,93.51,4.85
1598,539315627,"01598M02:04:08.072","01598 01:17:00",216.42,871.94,,,,"     ",5.10,93.14,4.83
1598,539315628,"01598M02:04:09.046","01598 01:17:01",216.39,871.81,,,,"     ",5.10,93.53,4.85
1598,539315629,"01598M02:04:10.019","01598 01:17:02",216.35,871.81,,,,"     ",5.10,93.76,4.86
1598,539315630,"01598M02:04:10.992","01598 01:17:03",216.30,871.90,,,,"     ",5.10,93.06,4.82
1598,539315631,"01598M02:04:11.965","01598 01:17:04",216.25,871.76,,,,"     ",5.10,93.31,4.84
1598,539315632,"01598M02:04:12.939","01598 01:17:05",216.19,871.82,,,,"     ",5.10,93.24,4.83
1598,539315633,"01598M02:04:13.912","01598 01:17:06",216.14,871.81,,,,"     ",5.10,93.06,4.82
1598,539315634,"01598M02:04:14.885","01598 01:17:07",216.10,871.90,,,,"     ",5.10,93.06,4.82
1598,539315635,"01598M02:04:15.858","01598 01:17:08",216.05,871.79,,,,"     ",5.10,93.24,4.83
1598,539315636,"01598M02:04:16.832","01598 01:17:08",216.01,871.91,,,,"     ",5.10,93.89,4.87
1598,539315637,"01598M02:04:17.805","01598 01:17:09",215.97,871.95,,,,"     ",5.10,93.48,4.84
1598,539315638,"01598M02:04:18.778","01598 01:17:10",215.94,871.86,,,,"     ",5.10,93.03,4.82
1598,539315639,"01598M02:04:19.751","01598 01:17:11",215.92,871.78,,,,"     ",5.10,93.01,4.82
1598,539315640,"01598M02:04:20.725","01598 01:17:12",215.91,871.85,,,,"     ",5.10,93.43,4.84
1598,539315641,"01598M02:04:21.698","01598 01:17:13",215.90,871.84,,,,"     ",5.10,93.29,4.83
1598,539315642,"01598M02:04:22.671","01598 01:17:14",215.91,871.82,,,,"     ",5.10,93.54,4.85
1598,539315643,"01598M02:04:23.644","01598 01:17:15",215.92,871.89,,,,"     ",5.10,93.34,4.84
1598,539315644,"01598M02:04:24.618","01598 01:17:16",215.93,871.85,,,,"     ",5.10,93.07,4.82
1598,539315645,"01598M02:04:25.591","01598 01:17:17",215.94,871.82,,,,"     ",5.10,93.30,4.83
1598,539315646,"01598M02:04:26.564","01598 01:17:18",215.95,871.86,,,,"     ",5.10,93.11,4.82
1598,539315647,"01598M02:04:27.537","01598 01:17:19",215.95,871.84,,,,"     ",5.10,93.39,4.84
1598,539315648,"01598M02:04:28.511","01598 01:17:20",215.96,871.77,,,,"     ",5.10,93.29,4.83
1598,539315649,"01598M02:04:29.484","01598 01:17:21",215.97,871.83,,,,"     ",5.10,93.14,4.82
1598,539315650,"01598M02:04:30.457","01598 01:17:22",215.99,871.84,,,,"     ",5.10,93.34,4.83
1598,539315651,"01598M02:04:31.430","01598 01:17:23",216.00,871.86,,,,"     ",5.10,93.17,4.83
1598,539315652,"01598M02:04:32.404","01598 01:17:24",216.02,871.85,,,,"     ",5.10,92.64,4.80
1598,539315653,"01598M02:04:33.377","01598 01:17:25",216.05,871.96,,,,"     ",5.10,93.06,4.82
1598,539315654,"01598M02:04:34.350","01598 01:17:26",216.07,871.86,,,,"     ",5.10,93.43,4.84
1598,539315655,"01598M02:04:35.323","01598 01:17:27",216.08,871.88,,,,"     ",5.10,92.98,4.81
1598,539315656,"01598M02:04:36.297","01598 01:17:28",216.09,871.79,,,,"     ",5.10,92.91,4.81
1598,539315657,"01598M02:04:37.270","01598 01:17:29",216.08,871.73,,,,"     ",5.10,93.58,4.85
1598,539315658,"01598M02:04:38.243","01598 01:17:30",216.07,871.73,,,,"     ",5.10,93.47,4.84
1598,539315659,"01598M02:04:39.217","01598 01:17:31",216.06,871.75,,,,"     ",5.10,92.89,4.81
1598,539315660,"01598M02:04:40.190","01598 01:17:32",216.05,871.70,,,,"     ",5.10,93.23,4.83
1598,539315661,"01598M02:04:41.163","01598 01:17:33",216.05,871.89,,,,"     ",5.10,92.81,4.81
1598,539315662,"01598M02:04:42.136","01598 01:17:34",216.04,871.86,,,,"     ",5.10,93.45,4.84
1598,539315663,"01598M02:04:43.110","01598 01:17:35",216.04,871.78,,,,"     ",5.10,93.02,4.82
1598,539315664,"01598M02:04:44.083","01598 01:17:36",216.04,871.86,,,,"     ",5.10,93.45,4.84
1598,539315665,"01598M02:04:45.056","01598 01:17:37",216.04,871.84,,,,"     ",5.10,93.17,4.83
1598,539315666,"01598M02:04:46.029","01598 01:17:38",216.05,871.84,,,,"     ",5.10,92.79,4.80
1598,539315667,"01598M02:04:47.003","01598 01:17:39",216.06,871.83,,,,"     ",5.10,92.73,4.80
1598,539315668,"01598M02:04:47.976","01598 01:17:40",216.08,871.84,,,,"     ",5.10,93.07,4.82
1598,539315669,"01598M02:04:48.949","01598 01:17:41",216.09,871.94,,,,"     ",5.10,93.15,4.82
1598,539315670,"01598M02:04:49.922","01598 01:17:42",216.09,871.83,,,,"     ",5.10,93.37,4.83
1598,539315671,"01598M02:04:50.896","01598 01:17:43",216.09,871.87,,,,"     ",5.10,93.21,4.82
1598,539315672,"01598M02:04:51.869","01598 01:17:44",216.07,871.82,,,,"     ",5.10,93.51,4.84
1598,539315673,"01598M02:04:52.842","01598 01:17:44",216.05,871.82,,,,"     ",5.10,93.63,4.85
1598,539315674,"01598M02:04:53.815","01598 01:17:45",216.02,871.82,,,,"     ",5.10,93.10,4.82
1598,539315675,"01598M02:04:54.789","01598 01:17:46",215.99,871.81,,,,"     ",5.10,92.82,4.80
1598,539315676,"01598M02:04:55.762","01598 01:17:47",215.96,871.90,,,,"     ",5.10,93.24,4.83
1598,539315677,"01598M02:04:56.735","01598 01:17:48",215.94,871.90,,,,"     ",5.10,92.98,4.81
1598,539315678,"01598M02:04:57.708","01598 01:17:49",215.94,871.93,,,,"     ",5.10,93.15,4.82
1598,539315679,"01598M02:04:58.682","01598 01:17:50",215.93,871.97,,,,"     ",5.10,92.91,4.81
1598,539315680,"01598M02:04:59.655","01598 01:17:51",215.93,871.99,,,,"     ",5.10,92.77,4.80
1598,539315681,"01598M02:05:00.628","01598 01:17:52",215.92,871.90,,,,"     ",5.10,93.33,4.83
1598,539315682,"01598M02:05:01.601","01598 01:17:53",215.90,871.93,,,,"     ",5.10,93.57,4.84
1598,539315683,"01598M02:05:02.575","01598 01:17:54",215.87,871.96,,,,"     ",5.10,92.82,4.80
1598,539315684,"01598M02:05:03.548","01598 01:17:55",215.85,871.94,,,,"     ",5.10,93.09,4.82
1598,539315685,"01598M02:05:04.521","01598 01:17:56",215.82,871.90,,,,"     ",5.10,92.81,4.80
1598,539315686,"01598M02:05:05.494","01598 01:17:57",215.81,871.87,,,,"     ",5.10,93.18,4.82
1598,539315687,"01598M02:05:06.468","01598 01:17:58",215.80,871.83,,,,"     ",5.10,93.53,4.84
1598,539315688,"01598M02:05:07.441","01598 01:17:59",215.80,871.83,,,,"     ",5.10,93.08,4.82
1598,539315689,"01598M02:05:08.414","01598 01:18:00",215.82,871.92,,,,"     ",5.10,92.75,4.80
1598,539315690,"01598M02:05:09.387","01598 01:18:01",215.85,871.92,,,,"     ",5.10,93.09,4.82
1598,539315691,"01598M02:05:10.361","01598 01:18:02",215.87,871.82,,,,"     ",5.10,93.45,4.84
1598,539315692,"01598M02:05:11.334","01598 01:18:03",215.90,871.88,,,,"     ",5.10,92.99,4.81
1598,539315693,"01598M02:05:12.307","01598 01:18:04",215.93,871.95,,,,"     ",5.10,92.54,4.79
1598,539315694,"01598M02:05:13.280","01598 01:18:05",215.97,871.91,,,,"     ",5.10,93.04,4.82
1598,539315695,"01598M02:05:14.254","01598 01:18:06",216.00,871.83,,,,"     ",5.10,93.05,4.82
1598,539315696,"01598M02:05:15.227","01598 01:18:07",216.04,871.80,,,,"     ",5.10,93.03,4.82
1598,539315697,"01598M02:05:16.200","01598 01:18:08",216.08,871.81,,,,"     ",5.10,92.76,4.80
1598,539315698,"01598M02:05:17.173","01598 01:18:09",216.11,871.90,,,,"     ",5.10,92.98,4.81
1598,539315699,"01598M02:05:18.147","01598 01:18:10",216.13,871.90,,,,"     ",5.10,92.55,4.79
1598,539315700,"01598M02:05:19.120","01598 01:18:11",216.14,871.89,,,,"     ",5.10,93.19,4.83
1598,539315701,"01598M02:05:20.093","01598 01:18:12",216.15,871.83,,,,"     ",5.10,93.33,4.83
1598,539315702,"01598M02:05:21.066","01598 01:18:13",216.15,871.86,,,,"     ",5.10,92.99,4.82
1598,539315703,"01598M02:05:22.040","01598 01:18:14",216.17,871.95,,,,"     ",5.10,93.03,4.82
1598,539315704,"01598M02:05:23.013","01598 01:18:15",216.19,871.93,,,,"     ",5.10,93.10,4.82
1598,539315705,"01598M02:05:23.986","01598 01:18:16",216.20,871.79,,,,"     ",5.10,93.11,4.82
1598,539315706,"01598M02:05:24.959","01598 01:18:17",216.21,871.88,,,,"     ",5.10,93.35,4.83
1598,539315707,"01598M02:05:25.933","01598 01:18:18",216.21,871.86,,,,"     ",5.10,93.42,4.84
1598,539315708,"01598M02:05:26.906","01598 01:18:19",216.20,871.84,,,,"     ",5.10,92.87,4.81
1598,539315709,"01598M02:05:27.879","01598 01:18:20",216.19,871.92,,,,"     ",5.10,93.10,4.82
1598,539315710,"01598M02:05:28.852","01598 01:18:20",216.17,871.94,,,,"     ",5.10,93.15,4.82
1598,539315711,"01598M02:05:29.826","01598 01:18:21",216.16,871.82,,,,"     ",5.10,93.19,4.82
1598,539315712,"01598M02:05:30.799","01598 01:18:22",216.13,871.81,,,,"     ",5.10,93.02,4.81
1598,539315713,"01598M02:05:31.772","01598 01:18:23",216.10,871.94,,,,"     ",5.10,93.52,4.84
1598,539315714,"01598M02:05:32.745","01598 01:18:24",216.07,871.77,,,,"     ",5.10,93.13,4.82
1598,539315715,"01598M02:05:33.719","01598 01:18:25",216.04,871.90,,,,"     ",5.10,93.70,4.85
1598,539315716,"01598M02:05:34.692","01598 01:18:26",216.00,871.89,,,,"     ",5.10,93.67,4.85
1598,539315717,"01598M02:05:35.665","01598 01:18:27",215.95,871.89,,,,"     ",5.10,93.61,4.84
1598,539315718,"01598M02:05:36.638","01598 01:18:28",215.90,871.82,,,,"     ",5.10,93.82,4.85
1598,539315719,"01598M02:05:37.612","01598 01:18:29",215.85,871.93,,,,"     ",5.10,93.95,4.86
1598,539315720,"01598M02:05:38.585","01598 01:18:30",215.79,871.89,,,,"     ",5.10,94.39,4.88
1598,539315721,"01598M02:05:39.558","01598 01:18:31",215.72,871.97,,,,"     ",5.10,93.94,4.86
1598,539315722,"01598M02:05:40.531","01598 01:18:32",215.66,871.95,,,,"     ",5.10,93.63,4.84
1598,539319120,"01598M03:00:47.647","01598 02:13:39",207.05,875.26,,,,"     ",5.10,,
1598,539319121,"01598M03:00:48.620","01598 02:13:40",207.09,875.39,,,,"     ",5.10,59.84,8.52
1598,539319122,"01598M03:00:49.593","01598 02:13:41",207.13,875.48,,,,"     ",5.10,60.11,8.53
1598,539319123,"01598M03:00:50.567","01598 02:13:42",207.16,875.20,,,,"     ",5.10,60.26,8.52
1598,539319124,"01598M03:00:51.540","01598 02:13:43",207.19,875.30,,,,"     ",5.10,60.43,8.52
1598,539319125,"01598M03:00:52.513","01598 02:13:44",207.23,875.37,,,,"     ",5.10,60.35,8.49
1598,539319126,"01598M03:00:53.486","01598 02:13:45",207.26,875.35,,,,"     ",5.10,60.53,8.49
1598,539319127,"01598M03:00:54.460","01598 02:13:45",207.29,875.34,,,,"     ",5.10,60.50,8.46
1598,539319128,"01598M03:00:55.433","01598 02:13:46",207.32,875.33,,,,"     ",5.10,60.66,8.46
1598,539319129,"01598M03:00:56.406","01598 02:13:47",207.35,875.29,,,,"     ",5.10,60.56,8.42
1598,539319130,"01598M03:00:57.379","01598 02:13:48",207.38,875.32,,,,"     ",5.10,60.78,8.43
1598,539319131,"01598M03:00:58.353","01598 02:13:49",207.41,875.33,,,,"     ",5.10,60.86,8.41
1598,539319132,"01598M03:00:59.326","01598 02:13:50",207.44,875.23,,,,"     ",5.10,60.89,8.40
1598,539319133,"01598M03:01:00.299","01598 02:13:51",207.47,875.13,,,,"     ",5.10,61.19,8.41
1598,539319134,"01598M03:01:01.272","01598 02:13:52",207.49,875.25,,,,"     ",5.10,61.30,8.41
1598,539319135,"01598M03:01:02.246","01598 02:13:53",207.52,875.22,,,,"     ",5.10,61.44,8.41
1598,539319136,"01598M03:01:03.219","01598 02:13:54",207.55,875.21,,,,"     ",5.10,61.51,8.40
1598,539319137,"01598M03:01:04.192","01598 02:13:55",207.58,875.25,,,,"     ",5.10,61.54,8.38
1598,539319138,"01598M03:01:05.165","01598 02:13:56",207.60,875.28,,,,"     ",5.10,61.69,8.38
1598,539319139,"01598M03:01:06.139","01598 02:13:57",207.62,875.22,,,,"     ",5.10,61.87,8.39
1598,539319140,"01598M03:01:07.112","01598 02:13:58",207.63,875.31,,,,"     ",5.10,61.83,8.36
1598,539319141,"01598M03:01:08.085","01598 02:13:59",207.67,875.26,,,,"     ",5.10,62.30,8.41
1598,539319142,"01598M03:01:09.058","01598 02:14:00",207.71,875.29,,,,"     ",5.10,62.10,8.36
1598,539319143,"01598M03:01:10.032","01598 02:14:01",207.75,875.28,,,,"     ",5.10,62.44,8.39
1598,539319144,"01598M03:01:11.005","01598 02:14:02",207.80,875.23,,,,"     ",5.10,62.42,8.37
1598,539319145,"01598M03:01:11.978","01598 02:14:03",207.85,875.28,,,,"     ",5.10,62.70,8.39
1598,539319146,"01598M03:01:12.951","01598 02:14:04",207.89,875.29,,,,"     ",5.10,62.65,8.36
1598,539319147,"01598M03:01:13.925","01598 02:14:05",207.94,875.31,,,,"     ",5.10,62.74,8.36
1598,539319148,"01598M03:01:14.898","01598 02:14:06",207.97,875.28,,,,"     ",5.10,62.87,8.36
1598,539319149,"01598M03:01:15.871","01598 02:14:07",208.00,875.26,,,,"     ",5.10,63.08,8.37
1598,539319150,"01598M03:01:16.844","01598 02:14:08",208.02,875.30,,,,"     ",5.10,62.93,8.33
1598,539319151,"01598M03:01:17.818","01598 02:14:09",208.02,875.29,,,,"     ",5.10,63.12,8.34
1598,539319152,"01598M03:01:18.791","01598 02:14:10",208.02,875.29,,,,"     ",5.10,63.01,8.31
1598,539319153,"01598M03:01:19.764","01598 02:14:11",208.00,875.26,,,,"     ",5.10,63.18,8.32
1598,539319154,"01598M03:01:20.737","01598 02:14:12",207.98,875.26,,,,"     ",5.10,63.26,8.32
1598,539319155,"01598M03:01:21.711","01598 02:14:13",207.94,875.18,,,,"     ",5.10,63.24,8.30
1598,539319156,"01598M03:01:22.684","01598 02:14:14",207.91,875.29,,,,"     ",5.10,63.51,8.32
1598,539319157,"01598M03:01:23.657","01598 02:14:15",207.86,875.25,,,,"     ",5.10,63.54,8.31
1598,539319158,"01598M03:01:24.630","01598 02:14:16",207.82,875.24,,,,"     ",5.10,63.71,8.32
1598,539319159,"01598M03:01:25.604","01598 02:14:17",207.76,875.29,,,,"     ",5.10,63.72,8.31
1598,539319160,"01598M03:01:26.577","01598 02:14:18",207.71,875.28,,,,"     ",5.10,63.46,8.26
1598,539319161,"01598M03:01:27.550","01598 02:14:19",207.65,875.23,,,,"     ",5.10,63.93,8.31
1598,539319162,"01598M03:01:28.523","01598 02:14:20",207.60,875.28,,,,"     ",5.10,63.69,8.26
1598,539319163,"01598M03:01:29.497","01598 02:14:21",207.55,875.22,,,,"     ",5.10,63.86,8.27
1598,539319164,"01598M03:01:30.470","01598 02:14:21",207.51,875.32,,,,"     ",5.10,63.61,8.23
1598,539319165,"01598M03:01:31.443","01598 02:14:22",207.47,875.29,,,,"     ",5.10,63.74,8.23
1598,539319166,"01598M03:01:32.416","01598 02:14:23",207.45,875.28,,,,"     ",5.10,63.99,8.25
1598,539319167,"01598M03:01:33.390","01598 02:14:24",207.42,875.40,,,,"     ",5.10,63.57,8.19
1598,539319168,"01598M03:01:34.363","01598 02:14:25",207.41,875.29,,,,"     ",5.10,63.67,8.19
1598,539319169,"01598M03:01:35.336","01598 02:14:26",207.39,875.25,,,,"     ",5.10,63.81,8.20
1598,539319170,"01598M03:01:36.309","01598 02:14:27",207.38,875.16,,,,"     ",5.10,64.24,8.24
1598,539319171,"01598M03:01:37.283","01598 02:14:28",207.38,875.14,,,,"     ",5.10,63.98,8.20
1598,539319172,"01598M03:01:38.256","01598 02:14:29",207.37,875.20,,,,"     ",5.10,64.03,8.19
1598,539319173,"01598M03:01:39.229","01598 02:14:30",207.36,875.20,,,,"     ",5.10,63.85,8.16
1598,539319174,"01598M03:01:40.203","01598 02:14:31",207.35,875.30,,,,"     ",5.10,64.11,8.18
1598,539319175,"01598M03:01:41.176","01598 02:14:32",207.34,875.25,,,,"     ",5.10,64.16,8.18
1598,539319176,"01598M03:01:42.149","01598 02:14:33",207.32,875.21,,,,"     ",5.10,64.01,8.15
1598,539319177,"01598M03:01:43.122","01598 02:14:34",207.31,875.21,,,,"     ",5.10,64.07,8.15
1598,539319178,"01598M03:01:44.096","01598 02:14:35",207.29,875.15,,,,"     ",5.10,64.14,8.15
1598,539319179,"01598M03:01:45.069","01598 02:14:36",207.27,875.19,,,,"     ",5.10,64.00,8.12
1598,539319180,"01598M03:01:46.042","01598 02:14:37",207.25,875.18,,,,"     ",5.10,64.29,8.15
1598,539319181,"01598M03:01:47.015","01598 02:14:38",207.23,875.21,,,,"     ",5.10,64.28,8.14
1598,539319182,"01598M03:01:47.989","01598 02:14:39",207.22,875.20,,,,"     ",5.10,64.24,8.13
1598,539319183,"01598M03:01:48.962","01598 02:14:40",207.21,875.19,,,,"     ",5.10,64.04,8.09
1598,539319184,"01598M03:01:49.935","01598 02:14:41",207.21,875.16,,,,"     ",5.10,63.74,8.04
1598,539319185,"01598M03:01:50.908","01598 02:14:42",207.20,875.20,,,,"     ",5.10,64.14,8.09
1598,539319186,"01598M03:01:51.882","01598 02:14:43",207.19,875.17,,,,"     ",5.10,64.19,8.09
1598,539319187,"01598M03:01:52.855","01598 02:14:44",207.18,875.14,,,,"     ",5.10,64.42,8.11
1598,539319188,"01598M03:01:53.828","01598 02:14:45",207.17,875.12,,,,"     ",5.10,64.33,8.09
1598,539319189,"01598M03:01:54.801","01598 02:14:46",207.16,875.12,,,,"     ",5.10,64.34,8.08
1598,539319190,"01598M03:01:55.775","01598 02:14:47",207.14,875.16,,,,"     ",5.10,64.09,8.04
1598,539319191,"01598M03:01:56.748","01598 02:14:48",207.13,875.21,,,,"     ",5.10,64.04,8.03
1598,539319192,"01598M03:01:57.721","01598 02:14:49",207.12,875.22,,,,"     ",5.10,64.39,8.07
1598,539319193,"01598M03:01:58.694","01598 02:14:50",207.13,875.24,,,,"     ",5.10,64.30,8.05
1598,539319194,"01598M03:01:59.668","01598 02:14:51",207.13,875.29,,,,"     ",5.10,64.15,8.02
1598,539319195,"01598M03:02:00.641","01598 02:14:52",207.15,875.31,,,,"     ",5.10,64.63,8.08
1598,539319196,"01598M03:02:01.614","01598 02:14:53",207.16,875.23,,,,"     ",5.10,64.55,8.06
1598,539319197,"01598M03:02:02.587","01598 02:14:54",207.18,875.18,,,,"     ",5.10,64.35,8.03
1598,539319198,"01598M03:02:03.561","01598 02:14:55",207.20,875.19,,,,"     ",5.10,64.66,8.06
1598,539319199,"01598M03:02:04.534","01598 02:14:56",207.22,875.17,,,,"     ",5.10,64.49,8.03
1598,539319200,"01598M03:02:05.507","01598 02:14:57",207.25,875.18,,,,"     ",5.10,64.40,8.01
1598,539319201,"01598M03:02:06.480","01598 02:14:57",207.28,875.18,,,,"     ",5.10,64.42,8.01
1598,539319202,"01598M03:02:07.454","01598 02:14:58",207.31,875.14,,,,"     ",5.10,64.91,8.06
1598,539319203,"01598M03:02:08.427","01598 02:14:59",207.33,875.23,,,,"     ",5.10,64.81,8.04
1598,539319204,"01598M03:02:09.400","01598 02:15:00",207.35,875.21,,,,"     ",5.10,65.07,8.07
1598,539319205,"01598M03:02:10.373","01598 02:15:01",207.35,875.22,,,,"     ",5.10,64.86,8.04
1598,539319206,"01598M03:02:11.347","01598 02:15:02",207.35,875.23,,,,"     ",5.10,64.82,8.03
1598,539319207,"01598M03:02:12.320","01598 02:15:03",207.34,875.27,,,,"     ",5.10,64.84,8.02
1598,539319208,"01598M03:02:13.293","01598 02:15:04",207.33,875.25,,,,"     ",5.10,64.86,8.02
1598,539319209,"01598M03:02:14.266","01598 02:15:05",207.31,875.22,,,,"     ",5.10,64.97,8.03
1598,539319210,"01598M03:02:15.240","01598 02:15:06",207.29,875.23,,,,"     ",5.10,65.15,8.04
1598,539319211,"01598M03:02:16.213","01598 02:15:07",207.27,875.28,,,,"     ",5.10,65.11,8.03
1598,539319212,"01598M03:02:17.186","01598 02:15:08",207.24,875.29,,,,"     ",5.10,64.85,8.00
1598,539319213,"01598M03:02:18.159","01598 02:15:09",207.21,875.30,,,,"     ",5.10,65.04,8.01
1598,539319214,"01598M03:02:19.133","01598 02:15:10",207.18,875.30,,,,"     ",5.10,65.10,8.01
1598,539319215,"01598M03:02:20.106","01598 02:15:11",207.15,875.28,,,,"     ",5.10,65.00,8.00
1598,539319216,"01598M03:02:21.079","01598 02:15:12",207.13,875.21,,,,"     ",5.10,65.17,8.01
1598,539319217,"01598M03:02:22.052","01598 02:15:13",207.10,875.19,,,,"     ",5.10,65.14,8.00
1598,539319218,"01598M03:02:23.026","01598 02:15:14",207.08,875.20,,,,"     ",5.10,64.99,7.98
1598,539319219,"01598M03:02:23.999","01598 02:15:15",207.07,875.17,,,,"     ",5.10,64.94,7.97
1598,539319220,"01598M03:02:24.972","01598 02:15:16",207.06,875.22,,,,"     ",5.10,65.18,7.99
1598,539319221,"01598M03:02:25.945","01598 02:15:17",207.05,875.28,,,,"     ",5.10,65.10,7.98
1598,539319222,"01598M03:02:26.919","01598 02:15:18",207.05,875.27,,,,"     ",5.10,65.19,7.99
1598,539319223,"01598M03:02:27.892","01598 02:15:19",207.05,875.23,,,,"     ",5.10,64.93,7.95
1598,539319224,"01598M03:02:28.865","01598 02:15:20",207.05,875.33,,,,"     ",5.10,65.06,7.96
1598,539319225,"01598M03:02:29.838","01598 02:15:21",207.07,875.21,,,,"     ",5.10,65.09,7.96
1598,539319226,"01598M03:02:30.812","01598 02:15:22",207.08,875.30,,,,"     ",5.10,65.19,7.97
1598,539319227,"01598M03:02:31.785","01598 02:15:23",207.10,875.29,,,,"     ",5.10,64.93,7.93
1598,539319228,"01598M03:02:32.758","01598 02:15:24",207.13,875.32,,,,"     ",5.10,64.69,7.89
1598,539319229,"01598M03:02:33.731","01598 02:15:25",207.15,875.29,,,,"     ",5.10,64.96,7.93
1598,539319230,"01598M03:02:34.705","01598 02:15:26",207.17,875.27,,,,"     ",5.10,64.83,7.90
1598,539319231,"01598M03:02:35.678","01598 02:15:27",207.19,875.24,,,,"     ",5.10,64.97,7.92
1598,539319232,"01598M03:02:36.651","01598 02:15:28",207.21,875.27,,,,"     ",5.10,64.96,7.91
1598,539319233,"01598M03:02:37.624","01598 02:15:29",207.22,875.34,,,,"     ",5.10,65.01,7.91
1598,539319234,"01598M03:02:38.598","01598 02:15:30",207.24,875.34,,,,"     ",5.10,65.15,7.93
1598,539319235,"01598M03:02:39.571","01598 02:15:31",207.25,875.34,,,,"     ",5.10,64.93,7.90
1598,539319236,"01598M03:02:40.544","01598 02:15:32",207.25,875.29,,,,"     ",5.10,65.01,7.90
1598,539319237,"01598M03:02:41.517","01598 02:15:33",207.26,875.28,,,,"     ",5.10,64.60,7.85
1598,539319238,"01598M03:02:42.491","01598 02:15:33",207.26,875.29,,,,"     ",5.10,64.80,7.87
1598,539319239,"01598M03:02:43.464","01598 02:15:34",207.26,875.28,,,,"     ",5.10,64.59,7.84
1598,539319240,"01598M03:02:44.437","01598 02:15:35",207.25,875.31,,,,"     ",5.10,64.51,7.83
1598,539319241,"01598M03:02:45.410","01598 02:15:36",207.23,875.32,,,,"     ",5.10,64.54,7.83
1598,539319242,"01598M03:02:46.384","01598 02:15:37",207.21,875.25,,,,"     ",5.10,64.65,7.84
1598,539319243,"01598M03:02:47.357","01598 02:15:38",207.19,875.28,,,,"     ",5.10,64.74,7.85
1598,539319244,"01598M03:02:48.330","01598 02:15:39",207.17,875.28,,,,"     ",5.10,64.70,7.84
1598,539319245,"01598M03:02:49.303","01598 02:15:40",207.14,875.24,,,,"     ",5.10,64.48,7.81
1598,539319246,"01598M03:02:50.277","01598 02:15:41",207.11,875.25,,,,"     ",5.10,64.90,7.86
1598,539319247,"01598M03:02:51.250","01598 02:15:42",207.08,875.21,,,,"     ",5.10,64.63,7.82
1598,539319248,"01598M03:02:52.223","01598 02:15:43",207.05,875.22,,,,"     ",5.10,64.34,7.78
1598,539319249,"01598M03:02:53.197","01598 02:15:44",207.01,875.12,,,,"     ",5.10,64.46,7.79
1598,539319250,"01598M03:02:54.170","01598 02:15:45",206.98,875.17,,,,"     ",5.10,64.14,7.75
1598,539319251,"01598M03:02:55.143","01598 02:15:46",206.95,875.19,,,,"     ",5.10,64.39,7.78
1598,539319252,"01598M03:02:56.116","01598 02:15:47",206.93,875.26,,,,"     ",5.10,64.33,7.77
1598,539319253,"01598M03:02:57.090","01598 02:15:48",206.92,875.33,,,,"     ",5.10,64.13,7.74
1598,539319254,"01598M03:02:58.063","01598 02:15:49",206.93,875.33,,,,"     ",5.10,64.34,7.77
1598,539319255,"01598M03:02:59.036","01598 02:15:50",206.94,875.33,,,,"     ",5.10,64.45,7.78
1598,539319256,"01598M03:03:00.009","01598 02:15:51",206.97,875.32,,,,"     ",5.10,64.39,7.77
1598,539319257,"01598M03:03:00.983","01598 02:15:52",207.00,875.28,,,,"     ",5.10,64.41,7.77
1598,539319258,"01598M03:03:01.956","01598 02:15:53",207.03,875.30,,,,"     ",5.10,64.28,7.75
1598,539319259,"01598M03:03:02.929","01598 02:15:54",207.07,875.33,,,,"     ",5.10,64.01,7.71
1598,539319260,"01598M03:03:03.902","01598 02:15:55",207.09,875.33,,,,"     ",5.10,63.98,7.71
1598,539319261,"01598M03:03:04.876","01598 02:15:56",207.11,875.34,,,,"     ",5.10,64.38,7.75
1598,539319262,"01598M03:03:05.849","01598 02:15:57",207.12,875.23,,,,"     ",5.10,64.29,7.74
1598,539319263,"01598M03:03:06.822","01598 02:15:58",207.12,875.15,,,,"     ",5.10,64.28,7.74
1598,539319264,"01598M03:03:07.795","01598 02:15:59",207.12,875.20,,,,"     ",5.10,64.07,7.70
1598,539319265,"01598M03:03:08.769","01598 02:16:00",207.10,875.19,,,,"     ",5.10,64.06,7.70
1598,539319266,"01598M03:03:09.742","01598 02:16:01",207.09,875.15,,,,"     ",5.10,64.33,7.73
1598,539319267,"01598M03:03:10.715","01598 02:16:02",207.06,875.16,,,,"     ",5.10,64.18,7.71
1598,539319268,"01598M03:03:11.688","01598 02:16:03",207.04,875.20,,,,"     ",5.10,63.81,7.66
1598,539319269,"01598M03:03:12.662","01598 02:16:04",207.01,875.37,,,,"     ",5.10,64.06,7.69
1598,539319270,"01598M03:03:13.635","01598 02:16:05",206.99,875.36,,,,"     ",5.10,63.97,7.68
1598,539319271,"01598M03:03:14.608","01598 02:16:06",206.95,875.30,,,,"     ",5.10,64.13,7.70
1598,539319272,"01598M03:03:15.581","01598 02:16:07",206.91,875.24,,,,"     ",5.10,63.98,7.67
1598,539319273,"01598M03:03:16.555","01598 02:16:08",206.87,875.30,,,,"     ",5.10,63.87,7.66
1598,539319274,"01598M03:03:17.528","01598 02:16:09",206.83,875.27,,,,"     ",5.10,63.92,7.66
1598,539319275,"01598M03:03:18.501","01598 02:16:09",206.78,875.26,,,,"     ",5.10,63.92,7.66
1598,539319276,"01598M03:03:19.474","01598 02:16:10",206.74,875.22,,,,"     ",5.10,63.68,7.63
1598,539319277,"01598M03:03:20.448","01598 02:16:11",206.71,875.22,,,,"     ",5.10,63.91,7.66
1598,539319278,"01598M03:03:21.421","01598 02:16:12",206.68,875.27,,,,"     ",5.10,63.74,7.63
1598,539319279,"01598M03:03:22.394","01598 02:16:13",206.67,875.22,,,,"     ",5.10,63.74,7.63
1598,539319280,"01598M03:03:23.367","01598 02:16:14",206.67,875.22,,,,"     ",5.10,63.51,7.60
1598,539319281,"01598M03:03:24.341","01598 02:16:15",206.68,875.31,,,,"     ",5.10,64.10,7.67
1598,539319282,"01598M03:03:25.314","01598 02:16:16",206.70,875.30,,,,"     ",5.10,63.87,7.64
1598,539319283,"01598M03:03:26.287","01598 02:16:17",206.73,875.28,,,,"     ",5.10,63.74,7.62
1598,539319284,"01598M03:03:27.260","01598 02:16:18",206.76,875.19,,,,"     ",5.10,63.79,7.62
1598,539319285,"01598M03:03:28.234","01598 02:16:19",206.78,875.29,,,,"     ",5.10,63.69,7.61
1598,539319286,"01598M03:03:29.207","01598 02:16:20",206.80,875.28,,,,"     ",5.10,64.01,7.65
1598,539319287,"01598M03:03:30.180","01598 02:16:21",206.82,875.23,,,,"     ",5.10,63.76,7.62
1598,539319288,"01598M03:03:31.153","01598 02:16:22",206.83,875.34,,,,"     ",5.10,64.07,7.66
1598,539319289,"01598M03:03:32.127","01598 02:16:23",206.83,875.21,,,,"     ",5.10,63.88,7.63
1598,539319290,"01598M03:03:33.100","01598 02:16:24",206.84,875.17,,,,"     ",5.10,63.83,7.62
1598,539319291,"01598M03:03:34.073","01598 02:16:25",206.84,875.24,,,,"     ",5.10,64.05,7.64
1598,539319292,"01598M03:03:35.046","01598 02:16:26",206.84,875.26,,,,"     ",5.10,63.72,7.60
1598,539319293,"01598M03:03:36.020","01598 02:16:27",206.86,875.27,,,,"     ",5.10,63.70,7.60
1598,539319294,"01598M03:03:36.993","01598 02:16:28",206.87,875.35,,,,"     ",5.10,63.80,7.61
1598,539319295,"01598M03:03:37.966","01598 02:16:29",206.89,875.30,,,,"     ",5.10,63.77,7.60
1598,539319296,"01598M03:03:38.939","01598 02:16:30",206.91,875.29,,,,"     ",5.10,63.79,7.60
1598,539319297,"01598M03:03:39.913","01598 02:16:31",206.92,875.29,,,,"     ",5.10,63.75,7.59
1598,539319298,"01598M03:03:40.886","01598 02:16:32",206.92,875.26,,,,"     ",5.10,63.73,7.59
1598,539319299,"01598M03:03:41.859","01598 02:16:33",206.92,875.24,,,,"     ",5.10,63.92,7.61
1598,539319300,"01598M03:03:42.832","01598 02:16:34",206.92,875.21,,,,"     ",5.10,63.77,7.59
1598,539319301,"01598M03:03:43.806","01598 02:16:35",206.91,875.19,,,,"     ",5.10,63.76,7.59
1598,539319302,"01598M03:03:44.779","01598 02:16:36",206.90,875.19,,,,"     ",5.10,63.89,7.60
1598,539319303,"01598M03:03:45.752","01598 02:16:37",206.89,875.17,,,,"     ",5.10,63.64,7.57
1598,539319304,"01598M03:03:46.725","01598 02:16:38",206.88,875.16,,,,"     ",5.10,63.79,7.58
1598,539319305,"01598M03:03:47.699","01598 02:16:39",206.86,875.18,,,,"     ",5.10,63.94,7.60
1598,539319306,"01598M03:03:48.672","01598 02:16:40",206.84,875.18,,,,"     ",5.10,63.77,7.58
1598,539319307,"01598M03:03:49.645","01598 02:16:41",206.82,875.31,,,,"     ",5.10,64.06,7.61
1598,539319308,"01598M03:03:50.618","01598 02:16:42",206.80,875.32,,,,"     ",5.10,63.99,7.60
1598,539319309,"01598M03:03:51.592","01598 02:16:43",206.77,875.35,,,,"     ",5.10,63.66,7.56
1598,539319310,"01598M03:03:52.565","01598 02:16:44",206.74,875.40,,,,"     ",5.10,63.76,7.57
1598,539319311,"01598M03:03:53.538","01598 02:16:45",206.70,875.38,,,,"     ",5.10,64.05,7.61
1598,539319312,"01598M03:03:54.511","01598 02:16:45",206.66,875.34,,,,"     ",5.10,63.67,7.56
1598,539319313,"01598M03:03:55.485","01598 02:16:46",206.63,875.37,,,,"     ",5.10,63.92,7.58
1598,539319314,"01598M03:03:56.458","01598 02:16:47",206.60,875.32,,,,"     ",5.10,63.74,7.56
1598,539319315,"01598M03:03:57.431","01598 02:16:48",206.58,875.32,,,,"     ",5.10,63.80,7.57
1598,539319316,"01598M03:03:58.404","01598 02:16:49",206.56,875.34,,,,"     ",5.10,63.62,7.54
1598,539319317,"01598M03:03:59.378","01598 02:16:50",206.55,875.28,,,,"     ",5.10,63.62,7.54
1598,539319318,"01598M03:04:00.351","01598 02:16:51",206.56,875.32,,,,"     ",5.10,63.57,7.53
1598,539319319,"01598M03:04:01.324","01598 02:16:52",206.57,875.42,,,,"     ",5.10,63.68,7.55
1598,539319320,"01598M03:04:02.298","01598 02:16:53",206.60,875.37,,,,"     ",5.10,63.49,7.52
1598,539319321,"01598M03:04:03.271","01598 02:16:54",206.63,875.33,,,,"     ",5.10,63.60,7.53
1598,539319322,"01598M03:04:04.244","01598 02:16:55",206.67,875.32,,,,"     ",5.10,63.37,7.50
1598,539319323,"01598M03:04:05.217","01598 02:16:56",206.71,875.37,,,,"     ",5.10,63.51,7.52
1598,539319324,"01598M03:04:06.191","01598 02:16:57",206.74,875.40,,,,"     ",5.10,63.50,7.52
1598,539319325,"01598M03:04:07.164","01598 02:16:58",206.77,875.40,,,,"     ",5.10,63.27,7.49
1598,539319326,"01598M03:04:08.137","01598 02:16:59",206.80,875.35,,,,"     ",5.10,63.81,7.55
1598,539319327,"01598M03:04:09.110","01598 02:17:00",206.82,875.27,,,,"     ",5.10,63.42,7.50
1598,539319328,"01598M03:04:10.084","01598 02:17:01",206.83,875.25,,,,"     ",5.10,63.59,7.52
1598,539319329,"01598M03:04:11.057","01598 02:17:02",206.84,875.28,,,,"     ",5.10,63.42,7.50
1598,539319330,"01598M03:04:12.030","01598 02:17:03",206.85,875.32,,,,"     ",5.10,63.40,7.49
1598,539319331,"01598M03:04:13.003","01598 02:17:04",206.85,875.34,,,,"     ",5.10,63.68,7.53
1598,539319332,"01598M03:04:13.977","01598 02:17:05",206.86,875.36,,,,"     ",5.10,63.57,7.51
1598,539319333,"01598M03:04:14.950","01598 02:17:06",206.86,875.43,,,,"     ",5.10,63.35,7.48
1598,539319334,"01598M03:04:15.923","01598 02:17:07",206.87,875.27,,,,"     ",5.10,63.42,7.49
1598,539319335,"01598M03:04:16.896","01598 02:17:08",206.87,875.37,,,,"     ",5.10,63.54,7.50
1598,539319336,"01598M03:04:17.870","01598 02:17:09",206.88,875.33,,,,"     ",5.10,63.52,7.50
1598,539319337,"01598M03:04:18.843","01598 02:17:10",206.89,875.40,,,,"     ",5.10,63.34,7.47
1598,539319338,"01598M03:04:19.816","01598 02:17:11",206.91,875.31,,,,"     ",5.10,63.73,7.52
1598,539319339,"01598M03:04:20.789","01598 02:17:12",206.93,875.28,,,,"     ",5.10,63.36,7.47
1598,539319340,"01598M03:04:21.763","01598 02:17:13",206.95,875.36,,,,"     ",5.10,63.60,7.50
1598,539319341,"01598M03:04:22.736","01598 02:17:14",206.97,875.30,,,,"     ",5.10,63.49,7.48
1598,539319342,"01598M03:04:23.709","01598 02:17:15",206.99,875.37,,,,"     ",5.10,63.52,7.48
1598,539319343,"01598M03:04:24.682","01598 02:17:16",207.03,875.34,,,,"     ",5.10,63.56,7.49
1598,539319344,"01598M03:04:25.656","01598 02:17:17",207.06,875.39,,,,"     ",5.10,63.40,7.46
1598,539319345,"01598M03:04:26.629","01598 02:17:18",207.11,875.39,,,,"     ",5.10,63.38,7.46
1598,539319346,"01598M03:04:27.602","01598 02:17:19",207.15,875.26,,,,"     ",5.10,63.32,7.45
1598,539319347,"01598M03:04:28.575","01598 02:17:20",207.19,875.29,,,,"     ",5.10,63.48,7.47
1598,539319348,"01598M03:04:29.549","01598 02:17:21",207.22,875.32,,,,"     ",5.10,63.54,7.47
1598,539319349,"01598M03:04:30.522","01598 02:17:21",207.24,875.20,,,,"     ",5.10,63.33,7.44
1598,539319350,"01598M03:04:31.495","01598 02:17:22",207.25,875.25,,,,"     ",5.10,63.59,7.47
1598,539319351,"01598M03:04:32.468","01598 02:17:23",207.24,875.24,,,,"     ",5.10,63.45,7.45
1598,539319352,"01598M03:04:33.442","01598 02:17:24",207.22,875.31,,,,"     ",5.10,63.58,7.47
1598,539319353,"01598M03:04:34.415","01598 02:17:25",207.20,875.24,,,,"     ",5.10,63.57,7.47
1598,539319354,"01598M03:04:35.388","01598 02:17:26",207.16,875.22,,,,"     ",5.10,63.64,7.47
1598,539319355,"01598M03:04:36.361","01598 02:17:27",207.13,875.25,,,,"     ",5.10,63.64,7.47
1598,539319356,"01598M03:04:37.335","01598 02:17:28",207.11,875.30,,,,"     ",5.10,63.45,7.44
1598,539319357,"01598M03:04:38.308","01598 02:17:29",207.08,875.33,,,,"     ",5.10,63.60,7.46
1598,539319358,"01598M03:04:39.281","01598 02:17:30",207.06,875.33,,,,"     ",5.10,63.37,7.43
1598,539319359,"01598M03:04:40.254","01598 02:17:31",207.05,875.33,,,,"     ",5.10,63.46,7.44
1598,539319360,"01598M03:04:41.228","01598 02:17:32",207.04,875.28,,,,"     ",5.10,63.66,7.46
1598,539319361,"01598M03:04:42.201","01598 02:17:33",207.03,875.27,,,,"     ",5.10,63.43,7.43
1598,539319362,"01598M03:04:43.174","01598 02:17:34",207.03,875.31,,,,"     ",5.10,63.60,7.44
1598,539319363,"01598M03:04:44.147","01598 02:17:35",207.03,875.31,,,,"     ",5.10,63.26,7.40
1598,539319364,"01598M03:04:45.121","01598 02:17:36",207.03,875.33,,,,"     ",5.10,63.15,7.39
1598,539319365,"01598M03:04:46.094","01598 02:17:37",207.03,875.24,,,,"     ",5.10,63.76,7.46
1598,539319366,"01598M03:04:47.067","01598 02:17:38",207.04,875.33,,,,"     ",5.10,63.68,7.44
1598,539319367,"01598M03:04:48.040","01598 02:17:39",207.05,875.31,,,,"     ",5.10,63.44,7.41
1598,539319368,"01598M03:04:49.014","01598 02:17:40",207.07,875.25,,,,"     ",5.10,63.33,7.40
1598,539319369,"01598M03:04:49.987","01598 02:17:41",207.09,875.27,,,,"     ",5.10,63.59,7.43
1598,539319370,"01598M03:04:50.960","01598 02:17:42",207.12,875.32,,,,"     ",5.10,63.67,7.43
1598,539319371,"01598M03:04:51.933","01598 02:17:43",207.15,875.34,,,,"     ",5.10,62.97,7.35
1598,539319372,"01598M03:04:52.907","01598 02:17:44",207.19,875.34,,,,"     ",5.10,63.45,7.41
1598,539319373,"01598M03:04:53.880","01598 02:17:45",207.22,875.34,,,,"     ",5.10,63.42,7.40
1598,539319374,"01598M03:04:54.853","01598 02:17:46",207.25,875.33,,,,"     ",5.10,63.25,7.37
1598,539319375,"01598M03:04:55.826","01598 02:17:47",207.28,875.23,,,,"     ",5.10,63.34,7.38
1598,539319376,"01598M03:04:56.800","01598 02:17:48",207.29,875.27,,,,"     ",5.10,63.58,7.41
1598,539319377,"01598M03:04:57.773","01598 02:17:49",207.30,875.22,,,,"     ",5.10,63.27,7.37
1598,539319378,"01598M03:04:58.746","01598 02:17:50",207.30,875.31,,,,"     ",5.10,63.81,7.43
1598,539319379,"01598M03:04:59.719","01598 02:17:51",207.30,875.28,,,,"     ",5.10,63.39,7.38
1598,539319380,"01598M03:05:00.693","01598 02:17:52",207.29,875.28,,,,"     ",5.10,63.52,7.39
1598,539319381,"01598M03:05:01.666","01598 02:17:53",207.29,875.29,,,,"     ",5.10,63.42,7.38
1598,539319382,"01598M03:05:02.639","01598 02:17:54",207.30,875.23,,,,"     ",5.10,63.35,7.37
1598,539319383,"01598M03:05:03.612","01598 02:17:55",207.30,875.21,,,,"     ",5.10,63.55,7.39
1598,539319384,"01598M03:05:04.586","01598 02:17:56",207.30,875.20,,,,"     ",5.10,63.36,7.36
1598,539319385,"01598M03:05:05.559","01598 02:17:57",207.29,875.25,,,,"     ",5.10,63.56,7.39
1598,539319386,"01598M03:05:06.532","01598 02:17:58",207.27,875.29,,,,"     ",5.10,63.74,7.41
1598,539319387,"01598M03:05:07.505","01598 02:17:58",207.24,875.34,,,,"     ",5.10,63.29,7.35
1598,539319388,"01598M03:05:08.479","01598 02:17:59",207.21,875.26,,,,"     ",5.10,63.63,7.39
1598,539319389,"01598M03:05:09.452","01598 02:18:00",207.19,875.26,,,,"     ",5.10,63.68,7.40
1598,539319390,"01598M03:05:10.425","01598 02:18:01",207.17,875.25,,,,"     ",5.10,63.45,7.37
1598,539319391,"01598M03:05:11.399","01598 02:18:02",207.15,875.21,,,,"     ",5.10,63.37,7.35
1598,539319392,"01598M03:05:12.372","01598 02:18:03",207.14,875.20,,,,"     ",5.10,63.50,7.37
1598,539319393,"01598M03:05:13.345","01598 02:18:04",207.14,875.24,,,,"     ",5.10,63.71,7.39
1598,539319394,"01598M03:05:14.318","01598 02:18:05",207.15,875.24,,,,"     ",5.10,63.28,7.34
1598,539319395,"01598M03:05:15.292","01598 02:18:06",207.16,875.24,,,,"     ",5.10,63.69,7.38
1598,539319396,"01598M03:05:16.265","01598 02:18:07",207.17,875.28,,,,"     ",5.10,63.63,7.37
1598,539319397,"01598M03:05:17.238","01598 02:18:08",207.19,875.28,,,,"     ",5.10,63.96,7.41
1598,539319398,"01598M03:05:18.211","01598 02:18:09",207.21,875.28,,,,"     ",5.10,63.40,7.35
1598,539319399,"01598M03:05:19.185","01598 02:18:10",207.23,875.20,,,,"     ",5.10,63.72,7.38
1598,539319400,"01598M03:05:20.158","01598 02:18:11",207.25,875.18,,,,"     ",5.10,63.13,7.31
1598,539319401,"01598M03:05:21.131","01598 02:18:12",207.26,875.23,,,,"     ",5.10,63.50,7.35
1598,539319402,"01598M03:05:22.104","01598 02:18:13",207.26,875.28,,,,"     ",5.10,63.51,7.36
1598,539319403,"01598M03:05:23.078","01598 02:18:14",207.24,875.28,,,,"     ",5.10,63.26,7.32
1598,539319404,"01598M03:05:24.051","01598 02:18:15",207.22,875.25,,,,"     ",5.10,63.41,7.34
1598,539319405,"01598M03:05:25.024","01598 02:18:16",207.19,875.29,,,,"     ",5.10,63.34,7.33
1598,539319406,"01598M03:05:25.997","01598 02:18:17",207.16,875.25,,,,"     ",5.10,63.50,7.35
1598,539319407,"01598M03:05:26.971","01598 02:18:18",207.13,875.24,,,,"     ",5.10,63.59,7.36
1598,539319408,"01598M03:05:27.944","01598 02:18:19",207.10,875.20,,,,"     ",5.10,63.25,7.32
1598,539319409,"01598M03:05:28.917","01598 02:18:20",207.08,875.18,,,,"     ",5.10,63.37,7.33
1598,539319410,"01598M03:05:29.890","01598 02:18:21",207.07,875.23,,,,"     ",5.10,62.87,7.27
1598,539319411,"01598M03:05:30.864","01598 02:18:22",207.07,875.32,,,,"     ",5.10,63.12,7.30
1598,539319412,"01598M03:05:31.837","01598 02:18:23",207.06,875.28,,,,"     ",5.10,62.75,7.25
1598,539319413,"01598M03:05:32.810","01598 02:18:24",207.06,875.32,,,,"     ",5.10,63.09,7.29
1598,539319414,"01598M03:05:33.783","01598 02:18:25",207.06,875.30,,,,"     ",5.10,62.95,7.27
1598,539319415,"01598M03:05:34.757","01598 02:18:26",207.06,875.37,,,,"     ",5.10,63.13,7.29
1598,539319416,"01598M03:05:35.730","01598 02:18:27",207.07,875.31,,,,"     ",5.10,63.04,7.28
1598,539319417,"01598M03:05:36.703","01598 02:18:28",207.07,875.32,,,,"     ",5.10,62.79,7.25
1598,539319418,"01598M03:05:37.676","01598 02:18:29",207.07,875.25,,,,"     ",5.10,62.84,7.25
1598,539319419,"01598M03:05:38.650","01598 02:18:30",207.08,875.29,,,,"     ",5.10,62.87,7.26
1598,539319420,"01598M03:05:39.623","01598 02:18:31",207.09,875.21,,,,"     ",5.10,63.05,7.28
1598,539319421,"01598M03:05:40.596","01598 02:18:32",207.11,875.26,,,,"     ",5.10,62.70,7.24
1598,539319422,"01598M03:05:41.569","01598 02:18:33",207.12,875.26,,,,"     ",5.10,63.09,7.28
1598,539319423,"01598M03:05:42.543","01598 02:18:34",207.14,875.26,,,,"     ",5.10,62.65,7.23
1598,539319424,"01598M03:05:43.516","01598 02:18:34",207.16,875.29,,,,"     ",5.10,62.95,7.26
1598,539319425,"01598M03:05:44.489","01598 02:18:35",207.19,875.28,,,,"     ",5.10,63.23,7.29
1598,539319426,"01598M03:05:45.462","01598 02:18:36",207.22,875.25,,,,"     ",5.10,62.68,7.23
1598,539319427,"01598M03:05:46.436","01598 02:18:37",207.25,875.26,,,,"     ",5.10,62.82,7.24
1598,539319428,"01598M03:05:47.409","01598 02:18:38",207.24,875.16,,,,"     ",5.10,62.71,7.23
1598,539319429,"01598M03:05:48.382","01598 02:18:39",207.25,875.21,,,,"     ",5.10,62.88,7.25
1598,539319430,"01598M03:05:49.355","01598 02:18:40",207.25,875.19,,,,"     ",5.10,62.75,7.23
1598,539319431,"01598M03:05:50.329","01598 02:18:41",207.26,875.19,,,,"     ",5.10,62.97,7.26
1598,539319432,"01598M03:05:51.302","01598 02:18:42",207.27,875.28,,,,"     ",5.10,62.93,7.25
1598,539319433,"01598M03:05:52.275","01598 02:18:43",207.28,875.25,,,,"     ",5.10,62.78,7.23
1598,539319434,"01598M03:05:53.248","01598 02:18:44",207.29,875.28,,,,"     ",5.10,62.84,7.24
1598,539319435,"01598M03:05:54.222","01598 02:18:45",207.30,875.21,,,,"     ",5.10,62.85,7.24
1598,539319436,"01598M03:05:55.195","01598 02:18:46",207.31,875.26,,,,"     ",5.10,62.81,7.23
1598,539319437,"01598M03:05:56.168","01598 02:18:47",207.32,875.19,,,,"     ",5.10,62.42,7.18
1598,539319438,"01598M03:05:57.141","01598 02:18:48",207.33,875.22,,,,"     ",5.10,62.89,7.24
1598,539319439,"01598M03:05:58.115","01598 02:18:49",207.34,875.27,,,,"     ",5.10,62.76,7.22
1598,539319440,"01598M03:05:59.088","01598 02:18:50",207.35,875.25,,,,"     ",5.10,62.84,7.23
1598,539319441,"01598M03:06:00.061","01598 02:18:51",207.36,875.23,,,,"     ",5.10,62.97,7.24
1598,539319442,"01598M03:06:01.034","01598 02:18:52",207.37,875.24,,,,"     ",5.10,63.03,7.25
1598,539319443,"01598M03:06:02.008","01598 02:18:53",207.38,875.27,,,,"     ",5.10,62.62,7.20
1598,539319444,"01598M03:06:02.981","01598 02:18:54",207.39,875.23,,,,"     ",5.10,62.94,7.23
1598,539319445,"01598M03:06:03.954","01598 02:18:55",207.40,875.24,,,,"     ",5.10,62.79,7.22
1598,539319446,"01598M03:06:04.927","01598 02:18:56",207.42,875.24,,,,"     ",5.10,62.78,7.21
1598,539319447,"01598M03:06:05.901","01598 02:18:57",207.43,875.22,,,,"     ",5.10,63.02,7.24
1598,539319448,"01598M03:06:06.874","01598 02:18:58",207.44,875.19,,,,"     ",5.10,63.03,7.24
1598,539319449,"01598M03:06:07.847","01598 02:18:59",207.43,875.28,,,,"     ",5.10,63.03,7.24
1598,539319450,"01598M03:06:08.820","01598 02:19:00",207.43,875.19,,,,"     ",5.10,63.02,7.23
1598,539319451,"01598M03:06:09.794","01598 02:19:01",207.42,875.19,,,,"     ",5.10,63.10,7.24
1598,539319452,"01598M03:06:10.767","01598 02:19:02",207.42,875.27,,,,"     ",5.10,62.76,7.20
1598,539319453,"01598M03:06:11.740","01598 02:19:03",207.42,875.21,,,,"     ",5.10,62.99,7.23
1598,539319454,"01598M03:06:12.713","01598 02:19:04",207.41,875.19,,,,"     ",5.10,63.16,7.25
1598,539319455,"01598M03:06:13.687","01598 02:19:05",207.41,875.24,,,,"     ",5.10,62.70,7.19
1598,539319456,"01598M03:06:14.660","01598 02:19:06",207.41,875.16,,,,"     ",5.10,63.16,7.24
1598,539319457,"01598M03:06:15.633","01598 02:19:07",207.40,875.29,,,,"     ",5.10,63.06,7.23
1598,539319458,"01598M03:06:16.606","01598 02:19:08",207.40,875.27,,,,"     ",5.10,63.16,7.24
1598,539319459,"01598M03:06:17.580","01598 02:19:09",207.40,875.32,,,,"     ",5.10,63.12,7.23
1598,539319460,"01598M03:06:18.553","01598 02:19:10",207.40,875.25,,,,"     ",5.10,63.24,7.24
1598,539319461,"01598M03:06:19.526","01598 02:19:10",207.42,875.17,,,,"     ",5.10,63.01,7.21
1598,539319462,"01598M03:06:20.500","01598 02:19:11",207.44,875.26,,,,"     ",5.10,63.11,7.23
1598,539319463,"01598M03:06:21.473","01598 02:19:12",207.46,875.14,,,,"     ",5.10,62.88,7.20
1598,539319464,"01598M03:06:22.446","01598 02:19:13",207.49,875.16,,,,"     ",5.10,62.99,7.21
1598,539319465,"01598M03:06:23.419","01598 02:19:14",207.52,875.15,,,,"     ",5.10,63.17,7.23
1598,539319466,"01598M03:06:24.393","01598 02:19:15",207.56,875.14,,,,"     ",5.10,62.95,7.20
1598,539319467,"01598M03:06:25.366","01598 02:19:16",207.59,875.23,,,,"     ",5.10,63.18,7.22
1598,539319468,"01598M03:06:26.339","01598 02:19:17",207.62,875.19,,,,"     ",5.10,63.23,7.23
1598,539319469,"01598M03:06:27.312","01598 02:19:18",207.65,875.24,,,,"     ",5.10,63.21,7.22
1598,539319470,"01598M03:06:28.286","01598 02:19:19",207.69,875.17,,,,"     ",5.10,63.42,7.24
1598,539319471,"01598M03:06:29.259","01598 02:19:20",207.73,875.17,,,,"     ",5.10,63.21,7.22
1598,539319472,"01598M03:06:30.232","01598 02:19:21",207.77,875.24,,,,"     ",5.10,63.29,7.22
1598,539319473,"01598M03:06:31.205","01598 02:19:22",207.81,875.19,,,,"     ",5.10,63.61,7.26
1598,539319474,"01598M03:06:32.179","01598 02:19:23",207.86,875.12,,,,"     ",5.10,63.55,7.25
1598,539319475,"01598M03:06:33.152","01598 02:19:24",207.90,875.18,,,,"     ",5.10,63.80,7.27
1598,539319476,"01598M03:06:34.125","01598 02:19:25",207.95,875.29,,,,"     ",5.10,63.68,7.26
1598,539319477,"01598M03:06:35.098","01598 02:19:26",208.00,875.24,,,,"     ",5.10,63.31,7.21
1598,539319478,"01598M03:06:36.072","01598 02:19:27",208.05,875.33,,,,"     ",5.10,63.38,7.22
1598,539319479,"01598M03:06:37.045","01598 02:19:28",208.10,875.34,,,,"     ",5.10,63.61,7.24
1598,539319480,"01598M03:06:38.018","01598 02:19:29",208.14,875.27,,,,"     ",5.10,63.78,7.26
1598,539319481,"01598M03:06:38.991","01598 02:19:30",208.19,875.25,,,,"     ",5.10,63.57,7.23
1598,539319482,"01598M03:06:39.965","01598 02:19:31",208.24,875.24,,,,"     ",5.10,63.69,7.24
1598,539319483,"01598M03:06:40.938","01598 02:19:32",208.29,875.25,,,,"     ",5.10,63.61,7.23
1598,539319484,"01598M03:06:41.911","01598 02:19:33",208.34,875.29,,,,"     ",5.10,63.94,7.26
1598,539319485,"01598M03:06:42.884","01598 02:19:34",208.39,875.32,,,,"     ",5.10,63.59,7.22
1598,539319486,"01598M03:06:43.858","01598 02:19:35",208.44,875.27,,,,"     ",5.10,63.62,7.22
1598,539319487,"01598M03:06:44.831","01598 02:19:36",208.48,875.32,,,,"     ",5.10,63.89,7.25
1598,539319488,"01598M03:06:45.804","01598 02:19:37",208.52,875.23,,,,"     ",5.10,63.77,7.23
1598,539319489,"01598M03:06:46.777","01598 02:19:38",208.55,875.27,,,,"     ",5.10,63.67,7.22
1598,539319490,"01598M03:06:47.751","01598 02:19:39",208.57,875.29,,,,"     ",5.10,63.54,7.19
1598,539319491,"01598M03:06:48.724","01598 02:19:40",208.59,875.17,,,,"     ",5.10,63.95,7.24
1598,539319492,"01598M03:06:49.697","01598 02:19:41",208.60,875.10,,,,"     ",5.10,63.78,7.21
1598,539319493,"01598M03:06:50.670","01598 02:19:42",208.60,875.14,,,,"     ",5.10,63.70,7.20
1598,539319494,"01598M03:06:51.644","01598 02:19:43",208.60,875.20,,,,"     ",5.10,63.85,7.22
1598,539319495,"01598M03:06:52.617","01598 02:19:44",208.60,875.23,,,,"     ",5.10,63.86,7.22
1598,539319496,"01598M03:06:53.590","01598 02:19:45",208.61,875.26,,,,"     ",5.10,63.82,7.21
1598,539319497,"01598M03:06:54.563","01598 02:19:46",208.62,875.26,,,,"     ",5.10,63.83,7.21
1598,539319498,"01598M03:06:55.537","01598 02:19:46",208.63,875.28,,,,"     ",5.10,63.86,7.21
1598,539319499,"01598M03:06:56.510","01598 02:19:47",208.65,875.30,,,,"     ",5.10,63.67,7.18
1598,539319500,"01598M03:06:57.483","01598 02:19:48",208.66,875.23,,,,"     ",5.10,63.69,7.18
1598,539319501,"01598M03:06:58.456","01598 02:19:49",208.68,875.27,,,,"     ",5.10,63.89,7.20
1598,539319502,"01598M03:06:59.430","01598 02:19:50",208.70,875.18,,,,"     ",5.10,63.60,7.16
1598,539319503,"01598M03:07:00.403","01598 02:19:51",208.71,875.20,,,,"     ",5.10,63.79,7.18
1598,539319504,"01598M03:07:01.376","01598 02:19:52",208.73,875.19,,,,"     ",5.10,63.62,7.16
1598,539319505,"01598M03:07:02.349","01598 02:19:53",208.74,875.17,,,,"     ",5.10,64.00,7.20
1598,539319506,"01598M03:07:03.323","01598 02:19:54",208.76,875.18,,,,"     ",5.10,64.14,7.22
1598,539319507,"01598M03:07:04.296","01598 02:19:55",208.78,875.12,,,,"     ",5.10,63.99,7.19
1598,539319508,"01598M03:07:05.269","01598 02:19:56",208.80,875.18,,,,"     ",5.10,63.83,7.17
1598,539319509,"01598M03:07:06.242","01598 02:19:57",208.82,875.17,,,,"     ",5.10,64.10,7.20
1598,539319510,"01598M03:07:07.216","01598 02:19:58",208.85,875.20,,,,"     ",5.10,64.02,7.19
1598,539319511,"01598M03:07:08.189","01598 02:19:59",208.87,875.27,,,,"     ",5.10,64.12,7.20
1598,539319512,"01598M03:07:09.162","01598 02:20:00",208.91,875.20,,,,"     ",5.10,63.81,7.16
1598,539319513,"01598M03:07:10.135","01598 02:20:01",208.94,875.27,,,,"     ",5.10,64.22,7.20
1598,539319514,"01598M03:07:11.109","01598 02:20:02",208.97,875.22,,,,"     ",5.10,63.90,7.16
1598,539319515,"01598M03:07:12.082","01598 02:20:03",209.01,875.20,,,,"     ",5.10,64.22,7.20
1598,539319516,"01598M03:07:13.055","01598 02:20:04",209.03,875.16,,,,"     ",5.10,63.96,7.16
1598,539319517,"01598M03:07:14.028","01598 02:20:05",209.06,875.13,,,,"     ",5.10,64.21,7.19
1598,539319518,"01598M03:07:15.002","01598 02:20:06",209.08,875.16,,,,"     ",5.10,64.18,7.18
1598,539319519,"01598M03:07:15.975","01598 02:20:07",209.10,875.10,,,,"     ",5.10,64.18,7.18
1598,539319520,"01598M03:07:16.948","01598 02:20:08",209.13,875.24,,,,"     ",5.10,63.65,7.12
1598,539319521,"01598M03:07:17.921","01598 02:20:09",209.16,875.16,,,,"     ",5.10,64.09,7.16
1598,539319522,"01598M03:07:18.895","01598 02:20:10",209.19,875.17,,,,"     ",5.10,64.02,7.15
1598,539319523,"01598M03:07:19.868","01598 02:20:11",209.22,875.21,,,,"     ",5.10,64.20,7.17
1598,539319524,"01598M03:07:20.841","01598 02:20:12",209.24,875.20,,,,"     ",5.10,64.21,7.17
1598,539319525,"01598M03:07:21.814","01598 02:20:13",209.27,875.10,,,,"     ",5.10,64.31,7.18
1598,539319526,"01598M03:07:22.788","01598 02:20:14",209.29,875.17,,,,"     ",5.10,64.28,7.17
1598,539319527,"01598M03:07:23.761","01598 02:20:15",209.31,875.20,,,,"     ",5.10,64.07,7.14
1598,539319528,"01598M03:07:24.734","01598 02:20:16",209.31,875.29,,,,"     ",5.10,64.01,7.13
1598,539319529,"01598M03:07:25.707","01598 02:20:17",209.30,875.23,,,,"     ",5.10,64.30,7.16
1598,539319530,"01598M03:07:26.681","01598 02:20:18",209.27,875.26,,,,"     ",5.10,64.38,7.17
1598,539319531,"01598M03:07:27.654","01598 02:20:19",209.23,875.25,,,,"     ",5.10,64.11,7.13
1598,539319532,"01598M03:07:28.627","01598 02:20:20",209.17,875.25,,,,"     ",5.10,64.00,7.12
1598,539319533,"01598M03:07:29.601","01598 02:20:21",209.11,875.32,,,,"     ",5.10,63.99,7.11
1598,539319534,"01598M03:07:30.574","01598 02:20:22",209.03,875.34,,,,"     ",5.10,64.43,7.16
1598,539319535,"01598M03:07:31.547","01598 02:20:22",208.95,875.30,,,,"     ",5.10,64.25,7.14
1598,539319536,"01598M03:07:32.520","01598 02:20:23",208.88,875.29,,,,"     ",5.10,63.74,7.08
1598,539319537,"01598M03:07:33.494","01598 02:20:24",208.81,875.21,,,,"     ",5.10,63.94,7.10
1598,539319538,"01598M03:07:34.467","01598 02:20:25",208.76,875.20,,,,"     ",5.10,63.95,7.10
1598,539319539,"01598M03:07:35.440","01598 02:20:26",208.71,875.09,,,,"     ",5.10,64.06,7.10
1598,539319540,"01598M03:07:36.413","01598 02:20:27",208.67,875.09,,,,"     ",5.10,64.10,7.11
1598,539319541,"01598M03:07:37.387","01598 02:20:28",208.64,875.12,,,,"     ",5.10,64.19,7.12
1598,539319542,"01598M03:07:38.360","01598 02:20:29",208.62,875.15,,,,"     ",5.10,63.78,7.07
1598,539319543,"01598M03:07:39.333","01598 02:20:30",208.60,875.17,,,,"     ",5.10,64.05,7.09
1598,539319544,"01598M03:07:40.306","01598 02:20:31",208.59,875.12,,,,"     ",5.10,63.86,7.07
1598,539319545,"01598M03:07:41.280","01598 02:20:32",208.59,875.18,,,,"     ",5.10,64.12,7.10
1598,539319546,"01598M03:07:42.253","01598 02:20:33",208.58,875.21,,,,"     ",5.10,64.29,7.12
1598,539319547,"01598M03:07:43.226","01598 02:20:34",208.59,875.18,,,,"     ",5.10,64.18,7.10
1598,539319548,"01598M03:07:44.199","01598 02:20:35",208.61,875.19,,,,"     ",5.10,64.08,7.09
1598,539319549,"01598M03:07:45.173","01598 02:20:36",208.63,875.18,,,,"     ",5.10,64.12,7.09
1598,539319550,"01598M03:07:46.146","01598 02:20:37",208.66,875.17,,,,"     ",5.10,64.37,7.12
1598,539319551,"01598M03:07:47.119","01598 02:20:38",208.68,875.15,,,,"     ",5.10,64.62,7.14
1598,539319552,"01598M03:07:48.092","01598 02:20:39",208.70,875.15,,,,"     ",5.10,64.26,7.10
1598,539319553,"01598M03:07:49.066","01598 02:20:40",208.72,875.11,,,,"     ",5.10,64.20,7.09
1598,539319554,"01598M03:07:50.039","01598 02:20:41",208.72,875.13,,,,"     ",5.10,64.28,7.10
1598,539319555,"01598M03:07:51.012","01598 02:20:42",208.72,875.12,,,,"     ",5.10,64.03,7.07
1598,539319556,"01598M03:07:51.985","01598 02:20:43",208.71,875.15,,,,"     ",5.10,64.30,7.10
1598,539319557,"01598M03:07:52.959","01598 02:20:44",208.70,875.14,,,,"     ",5.10,64.33,7.10
1598,539319558,"01598M03:07:53.932","01598 02:20:45",208.69,875.22,,,,"     ",5.10,64.34,7.10
1598,539319559,"01598M03:07:54.905","01598 02:20:46",208.68,875.14,,,,"     ",5.10,64.22,7.09
1598,539319560,"01598M03:07:55.878","01598 02:20:47",208.67,875.16,,,,"     ",5.10,64.36,7.10
1598,539319561,"01598M03:07:56.852","01598 02:20:48",208.65,875.17,,,,"     ",5.10,64.54,7.12
1598,539319562,"01598M03:07:57.825","01598 02:20:49",208.64,875.11,,,,"     ",5.10,64.36,7.10
1598,539319563,"01598M03:07:58.798","01598 02:20:50",208.63,875.10,,,,"     ",5.10,64.15,7.08
1598,539319564,"01598M03:07:59.771","01598 02:20:51",208.63,875.27,,,,"     ",5.10,64.21,7.08
1598,539319565,"01598M03:08:00.745","01598 02:20:52",208.62,875.23,,,,"     ",5.10,64.39,7.10
1598,539319566,"01598M03:08:01.718","01598 02:20:53",208.61,875.17,,,,"     ",5.10,64.30,7.09
1598,539319567,"01598M03:08:02.691","01598 02:20:54",208.60,875.21,,,,"     ",5.10,64.20,7.08
1598,539319568,"01598M03:08:03.664","01598 02:20:55",208.58,875.21,,,,"     ",5.10,64.20,7.08
1598,539319569,"01598M03:08:04.638","01598 02:20:56",208.55,875.14,,,,"     ",5.10,64.41,7.10
1598,539319570,"01598M03:08:05.611","01598 02:20:57",208.53,875.18,,,,"     ",5.10,64.52,7.11
1598,539319571,"01598M03:08:06.584","01598 02:20:58",208.50,875.11,,,,"     ",5.10,64.62,7.12
1598,539319572,"01598M03:08:07.557","01598 02:20:58",208.48,875.16,,,,"     ",5.10,64.05,7.06
1598,539319573,"01598M03:08:08.531","01598 02:20:59",208.45,875.15,,,,"     ",5.10,63.98,7.04
1598,539319574,"01598M03:08:09.504","01598 02:21:00",208.42,875.12,,,,"     ",5.10,64.14,7.06
1598,539319575,"01598M03:08:10.477","01598 02:21:01",208.39,875.12,,,,"     ",5.10,64.67,7.12
1598,539319576,"01598M03:08:11.450","01598 02:21:02",208.37,875.07,,,,"     ",5.10,64.24,7.07
1598,539319577,"01598M03:08:12.424","01598 02:21:03",208.34,875.06,,,,"     ",5.10,64.45,7.09
1598,539319578,"01598M03:08:13.397","01598 02:21:04",208.32,875.08,,,,"     ",5.10,64.47,7.10
1598,539319579,"01598M03:08:14.370","01598 02:21:05",208.29,875.05,,,,"     ",5.10,64.24,7.07
1598,539319580,"01598M03:08:15.343","01598 02:21:06",208.27,875.12,,,,"     ",5.10,64.49,7.10
1598,539319581,"01598M03:08:16.317","01598 02:21:07",208.25,875.14,,,,"     ",5.10,64.65,7.12
1598,539319582,"01598M03:08:17.290","01598 02:21:08",208.23,875.18,,,,"     ",5.10,64.62,7.11
1598,539319583,"01598M03:08:18.263","01598 02:21:09",208.22,875.12,,,,"     ",5.10,64.49,7.09
1598,539319584,"01598M03:08:19.236","01598 02:21:10",208.22,875.17,,,,"     ",5.10,64.36,7.08
1598,539319585,"01598M03:08:20.210","01598 02:21:11",208.22,875.26,,,,"     ",5.10,64.60,7.11
1598,539319586,"01598M03:08:21.183","01598 02:21:12",208.23,875.16,,,,"     ",5.10,64.49,7.09
1598,539319587,"01598M03:08:22.156","01598 02:21:13",208.24,875.21,,,,"     ",5.10,64.59,7.10
1598,539319588,"01598M03:08:23.129","01598 02:21:14",208.26,875.19,,,,"     ",5.10,64.52,7.09
1598,539319589,"01598M03:08:24.103","01598 02:21:15",208.27,875.17,,,,"     ",5.10,64.51,7.09
1598,539319590,"01598M03:08:25.076","01598 02:21:16",208.28,875.23,,,,"     ",5.10,64.47,7.09
1598,539319591,"01598M03:08:26.049","01598 02:21:17",208.30,875.16,,,,"     ",5.10,64.41,7.08
1598,539319592,"01598M03:08:27.022","01598 02:21:18",208.31,875.15,,,,"     ",5.10,64.64,7.10
1598,539319593,"01598M03:08:27.996","01598 02:21:19",208.31,875.17,,,,"     ",5.10,64.31,7.07
1598,539319594,"01598M03:08:28.969","01598 02:21:20",208.31,875.11,,,,"     ",5.10,64.19,7.05
1598,539319595,"01598M03:08:29.942","01598 02:21:21",208.31,875.15,,,,"     ",5.10,64.51,7.09
1598,539319596,"01598M03:08:30.915","01598 02:21:22",208.29,875.04,,,,"     ",5.10,64.31,7.06
1598,539319597,"01598M03:08:31.889","01598 02:21:23",208.28,875.09,,,,"     ",5.10,64.51,7.09
1598,539319598,"01598M03:08:32.862","01598 02:21:24",208.26,875.09,,,,"     ",5.10,64.51,7.09
1598,539319599,"01598M03:08:33.835","01598 02:21:25",208.23,875.14,,,,"     ",5.10,64.67,7.11
1598,539319600,"01598M03:08:34.808","01598 02:21:26",208.20,875.09,,,,"     ",5.10,64.66,7.11
1598,539319601,"01598M03:08:35.782","01598 02:21:27",208.15,875.17,,,,"     ",5.10,64.46,7.08
1598,539319602,"01598M03:08:36.755","01598 02:21:28",208.10,875.24,,,,"     ",5.10,64.28,7.06
1598,539319603,"01598M03:08:37.728","01598 02:21:29",208.05,875.23,,,,"     ",5.10,64.60,7.10
1598,539319604,"01598M03:08:38.701","01598 02:21:30",207.98,875.17,,,,"     ",5.10,64.49,7.08
1598,539319605,"01598M03:08:39.675","01598 02:21:31",207.91,875.23,,,,"     ",5.10,64.36,7.07
1598,539319606,"01598M03:08:40.648","01598 02:21:32",207.84,875.29,,,,"     ",5.10,64.55,7.09
1598,539319607,"01598M03:08:41.621","01598 02:21:33",207.77,875.20,,,,"     ",5.10,64.64,7.10
1598,539319608,"01598M03:08:42.595","01598 02:21:34",207.70,875.09,,,,"     ",5.10,64.47,7.08
1598,539319609,"01598M03:08:43.568","01598 02:21:34",207.63,875.00,,,,"     ",5.10,64.39,7.07
1598,539319610,"01598M03:08:44.541","01598 02:21:35",207.58,875.20,,,,"     ",5.10,64.44,7.08
1598,539319611,"01598M03:08:45.514","01598 02:21:36",207.53,875.24,,,,"     ",5.10,64.70,7.11
1598,539319612,"01598M03:08:46.488","01598 02:21:37",207.50,875.16,,,,"     ",5.10,64.46,7.08
1598,539319613,"01598M03:08:47.461","01598 02:21:38",207.48,875.18,,,,"     ",5.10,64.43,7.08
1598,539319614,"01598M03:08:48.434","01598 02:21:39",207.47,875.14,,,,"     ",5.10,64.11,7.04
1598,539319615,"01598M03:08:49.407","01598 02:21:40",207.47,875.22,,,,"     ",5.10,64.57,7.09
1598,539319616,"01598M03:08:50.381","01598 02:21:41",207.48,875.24,,,,"     ",5.10,64.60,7.10
1598,539319617,"01598M03:08:51.354","01598 02:21:42",207.49,875.33,,,,"     ",5.10,64.59,7.10
1598,539319618,"01598M03:08:52.327","01598 02:21:43",207.50,875.18,,,,"     ",5.10,64.75,7.12
1598,539319619,"01598M03:08:53.300","01598 02:21:44",207.52,875.10,,,,"     ",5.10,64.40,7.08
1598,539319620,"01598M03:08:54.274","01598 02:21:45",207.53,875.10,,,,"     ",5.10,64.82,7.13
1598,539319621,"01598M03:08:55.247","01598 02:21:46",207.54,875.10,,,,"     ",5.10,64.56,7.09
1598,539319622,"01598M03:08:56.220","01598 02:21:47",207.54,875.10,,,,"     ",5.10,64.42,7.08
1598,539319623,"01598M03:08:57.193","01598 02:21:48",207.54,875.15,,,,"     ",5.10,64.27,7.06
1598,539319624,"01598M03:08:58.167","01598 02:21:49",207.54,875.12,,,,"     ",5.10,64.33,7.07
1598,539319625,"01598M03:08:59.140","01598 02:21:50",207.53,875.14,,,,"     ",5.10,64.28,7.06
1598,539319626,"01598M03:09:00.113","01598 02:21:51",207.52,875.08,,,,"     ",5.10,64.34,7.07
1598,539319627,"01598M03:09:01.086","01598 02:21:52",207.50,875.09,,,,"     ",5.10,64.65,7.10
1598,539319628,"01598M03:09:02.060","01598 02:21:53",207.48,875.06,,,,"     ",5.10,64.31,7.07
1598,539319629,"01598M03:09:03.033","01598 02:21:54",207.44,875.13,,,,"     ",5.10,64.36,7.08
1598,539319630,"01598M03:09:04.006","01598 02:21:55",207.38,875.16,,,,"     ",5.10,64.38,7.08
1598,539319631,"01598M03:09:04.979","01598 02:21:56",207.33,875.07,,,,"     ",5.10,64.48,7.09
1598,539319632,"01598M03:09:05.953","01598 02:21:57",207.26,875.12,,,,"     ",5.10,64.22,7.06
1598,539319633,"01598M03:09:06.926","01598 02:21:58",207.20,875.09,,,,"     ",5.10,64.43,7.08
1598,539319634,"01598M03:09:07.899","01598 02:21:59",207.15,875.18,,,,"     ",5.10,64.70,7.11
1598,539319635,"01598M03:09:08.872","01598 02:22:00",207.11,875.22,,,,"     ",5.10,64.33,7.07
1598,539319636,"01598M03:09:09.846","01598 02:22:01",207.08,875.17,,,,"     ",5.10,64.38,7.08
1598,539319637,"01598M03:09:10.819","01598 02:22:02",207.06,875.19,,,,"     ",5.10,64.20,7.06
1598,539319638,"01598M03:09:11.792","01598 02:22:03",207.04,875.17,,,,"     ",5.10,64.67,7.11
1598,539319639,"01598M03:09:12.765","01598 02:22:04",207.03,875.20,,,,"     ",5.10,64.26,7.07
1598,539319640,"01598M03:09:13.739","01598 02:22:05",207.02,875.27,,,,"     ",5.10,64.32,7.08
1598,539319641,"01598M03:09:14.712","01598 02:22:06",207.01,875.19,,,,"     ",5.10,64.18,7.06
1598,539319642,"01598M03:09:15.685","01598 02:22:07",207.01,875.30,,,,"     ",5.10,64.21,7.06
1598,539319643,"01598M03:09:16.658","01598 02:22:08",207.01,875.19,,,,"     ",5.10,64.65,7.12
1598,539319644,"01598M03:09:17.632","01598 02:22:09",207.02,875.12,,,,"     ",5.10,64.53,7.10
1598,539319645,"01598M03:09:18.605","01598 02:22:10",207.02,875.20,,,,"     ",5.10,64.28,7.07
1598,539319646,"01598M03:09:19.578","01598 02:22:10",207.03,875.13,,,,"     ",5.10,64.40,7.09
1598,539319647,"01598M03:09:20.551","01598 02:22:11",207.03,875.16,,,,"     ",5.10,64.35,7.08
1598,539319648,"01598M03:09:21.525","01598 02:22:12",207.03,875.09,,,,"     ",5.10,64.33,7.08
1598,539319649,"01598M03:09:22.498","01598 02:22:13",207.03,875.10,,,,"     ",5.10,64.25,7.07
1598,539319650,"01598M03:09:23.471","01598 02:22:14",207.03,875.01,,,,"     ",5.10,64.63,7.11
1598,539319651,"01598M03:09:24.444","01598 02:22:15",207.02,875.03,,,,"     ",5.10,64.32,7.08
1598,539319652,"01598M03:09:25.418","01598 02:22:16",207.01,875.01,,,,"     ",5.10,64.03,7.04
1598,539319653,"01598M03:09:26.391","01598 02:22:17",206.99,875.08,,,,"     ",5.10,64.42,7.09
1598,539319654,"01598M03:09:27.364","01598 02:22:18",206.98,875.10,,,,"     ",5.10,64.50,7.10
1598,539319655,"01598M03:09:28.337","01598 02:22:19",206.96,875.12,,,,"     ",5.10,64.22,7.07
1598,539319656,"01598M03:09:29.311","01598 02:22:20",206.93,875.08,,,,"     ",5.10,64.16,7.06
1598,539319657,"01598M03:09:30.284","01598 02:22:21",206.91,875.12,,,,"     ",5.10,64.25,7.07
1598,539319658,"01598M03:09:31.257","01598 02:22:22",206.89,875.17,,,,"     ",5.10,64.07,7.05
1598,539319659,"01598M03:09:32.230","01598 02:22:23",206.87,875.12,,,,"     ",5.10,64.12,7.06
1598,539319660,"01598M03:09:33.204","01598 02:22:24",206.85,875.13,,,,"     ",5.10,64.27,7.08
1598,539319661,"01598M03:09:34.177","01598 02:22:25",206.83,875.05,,,,"     ",5.10,64.00,7.05
1598,539319662,"01598M03:09:35.150","01598 02:22:26",206.81,875.12,,,,"     ",5.10,63.88,7.03
1598,539319663,"01598M03:09:36.123","01598 02:22:27",206.79,875.08,,,,"     ",5.10,64.34,7.08
1598,539319664,"01598M03:09:37.097","01598 02:22:28",206.77,875.08,,,,"     ",5.10,63.98,7.04
1598,539319665,"01598M03:09:38.070","01598 02:22:29",206.76,875.16,,,,"     ",5.10,64.31,7.08
1598,539319666,"01598M03:09:39.043","01598 02:22:30",206.74,875.19,,,,"     ",5.10,64.04,7.05
1598,539319667,"01598M03:09:40.016","01598 02:22:31",206.73,875.09,,,,"     ",5.10,64.01,7.05
1598,539319668,"01598M03:09:40.990","01598 02:22:32",206.72,875.08,,,,"     ",5.10,64.42,7.10
1598,539319669,"01598M03:09:41.963","01598 02:22:33",206.71,875.06,,,,"     ",5.10,64.19,7.07
1598,539319670,"01598M03:09:42.936","01598 02:22:34",206.70,875.02,,,,"     ",5.10,64.28,7.08
1598,539319671,"01598M03:09:43.909","01598 02:22:35",206.70,875.03,,,,"     ",5.10,64.63,7.12
1598,539319672,"01598M03:09:44.883","01598 02:22:36",206.69,875.10,,,,"     ",5.10,64.11,7.06
1598,539319673,"01598M03:09:45.856","01598 02:22:37",206.69,875.07,,,,"     ",5.10,64.42,7.10
1598,539319674,"01598M03:09:46.829","01598 02:22:38",206.68,875.06,,,,"     ",5.10,64.19,7.07
1598,539319675,"01598M03:09:47.802","01598 02:22:39",206.67,875.06,,,,"     ",5.10,64.16,7.07
1598,539319676,"01598M03:09:48.776","01598 02:22:40",206.67,875.06,,,,"     ",5.10,64.60,7.12
1598,539319677,"01598M03:09:49.749","01598 02:22:41",206.66,875.05,,,,"     ",5.10,64.19,7.07
1598,539319678,"01598M03:09:50.722","01598 02:22:42",206.65,875.08,,,,"     ",5.10,64.59,7.12
1598,539319679,"01598M03:09:51.696","01598 02:22:43",206.65,875.07,,,,"     ",5.10,64.50,7.11
1598,539319680,"01598M03:09:52.669","01598 02:22:44",206.64,875.13,,,,"     ",5.10,64.37,7.09
1598,539319681,"01598M03:09:53.642","01598 02:22:45",206.64,875.19,,,,"     ",5.10,64.25,7.08
1598,539319682,"01598M03:09:54.615","01598 02:22:46",206.63,875.10,,,,"     ",5.10,64.16,7.07
1598,539319683,"01598M03:09:55.589","01598 02:22:47",206.62,875.02,,,,"     ",5.10,64.34,7.09
1598,539319684,"01598M03:09:56.562","01598 02:22:47",206.61,875.09,,,,"     ",5.10,64.46,7.11
1598,539319685,"01598M03:09:57.535","01598 02:22:48",206.60,875.06,,,,"     ",5.10,64.45,7.10
1598,539319686,"01598M03:09:58.508","01598 02:22:49",206.58,875.17,,,,"     ",5.10,64.17,7.07
1598,539319687,"01598M03:09:59.482","01598 02:22:50",206.55,875.13,,,,"     ",5.10,64.35,7.09
1598,539319688,"01598M03:10:00.455","01598 02:22:51",206.53,875.28,,,,"     ",5.10,64.36,7.09
1598,539319689,"01598M03:10:01.428","01598 02:22:52",206.51,875.24,,,,"     ",5.10,64.16,7.07
1598,539319690,"01598M03:10:02.401","01598 02:22:53",206.48,875.28,,,,"     ",5.10,64.48,7.11
1598,539319691,"01598M03:10:03.375","01598 02:22:54",206.46,875.22,,,,"     ",5.10,64.33,7.09
1598,539319692,"01598M03:10:04.348","01598 02:22:55",206.43,875.22,,,,"     ",5.10,64.12,7.07
1598,539319693,"01598M03:10:05.321","01598 02:22:56",206.41,875.15,,,,"     ",5.10,64.15,7.07
1598,539319694,"01598M03:10:06.294","01598 02:22:57",206.39,875.19,,,,"     ",5.10,64.18,7.08
1598,539319695,"01598M03:10:07.268","01598 02:22:58",206.37,875.20,,,,"     ",5.10,64.21,7.08
1598,539319696,"01598M03:10:08.241","01598 02:22:59",206.36,875.10,,,,"     ",5.10,64.12,7.07
1598,539319697,"01598M03:10:09.214","01598 02:23:00",206.35,875.21,,,,"     ",5.10,64.17,7.08
1598,539319698,"01598M03:10:10.187","01598 02:23:01",206.35,875.08,,,,"     ",5.10,64.17,7.08
1598,539319699,"01598M03:10:11.161","01598 02:23:02",206.35,875.13,,,,"     ",5.10,64.59,7.13
1598,539319700,"01598M03:10:12.134","01598 02:23:03",206.36,874.97,,,,"     ",5.10,64.12,7.07
1598,539319701,"01598M03:10:13.107","01598 02:23:04",206.38,875.01,,,,"     ",5.10,64.36,7.10
1598,539319702,"01598M03:10:14.080","01598 02:23:05",206.40,875.03,,,,"     ",5.10,64.05,7.06
1598,539319703,"01598M03:10:15.054","01598 02:23:06",206.42,875.02,,,,"     ",5.10,64.27,7.09
1598,539319704,"01598M03:10:16.027","01598 02:23:07",206.45,875.01,,,,"     ",5.10,64.48,7.11
1598,539319705,"01598M03:10:17.000","01598 02:23:08",206.47,875.07,,,,"     ",5.10,64.35,7.10
1598,539319706,"01598M03:10:17.973","01598 02:23:09",206.49,875.13,,,,"     ",5.10,64.31,7.10
1598,539319707,"01598M03:10:18.947","01598 02:23:10",206.51,875.13,,,,"     ",5.10,64.35,7.10
1598,539319708,"01598M03:10:19.920","01598 02:23:11",206.52,875.08,,,,"     ",5.10,64.30,7.09
1598,539319709,"01598M03:10:20.893","01598 02:23:12",206.52,875.04,,,,"     ",5.10,64.69,7.14
1598,539319710,"01598M03:10:21.866","01598 02:23:13",206.51,875.11,,,,"     ",5.10,64.46,7.11
1598,539319711,"01598M03:10:22.840","01598 02:23:14",206.50,875.16,,,,"     ",5.10,64.48,7.11
1598,539319712,"01598M03:10:23.813","01598 02:23:15",206.49,875.15,,,,"     ",5.10,64.43,7.11
1598,539319713,"01598M03:10:24.786","01598 02:23:16",206.47,875.09,,,,"     ",5.10,64.60,7.12
1598,539319714,"01598M03:10:25.759","01598 02:23:17",206.46,875.00,,,,"     ",5.10,64.68,7.13
1598,539319715,"01598M03:10:26.733","01598 02:23:18",206.45,875.04,,,,"     ",5.10,64.53,7.12
1598,539319716,"01598M03:10:27.706","01598 02:23:19",206.45,875.10,,,,"     ",5.10,64.64,7.13
1598,539319717,"01598M03:10:28.679","01598 02:23:20",206.46,875.07,,,,"     ",5.10,64.56,7.12
1598,539319718,"01598M03:10:29.652","01598 02:23:21",206.47,875.11,,,,"     ",5.10,64.63,7.13
1598,539319719,"01598M03:10:30.626","01598 02:23:22",206.47,875.08,,,,"     ",5.10,64.95,7.16
1598,539319720,"01598M03:10:31.599","01598 02:23:23",206.47,875.09,,,,"     ",5.10,64.58,7.12
1598,539319721,"01598M03:10:32.572","01598 02:23:23",206.47,875.07,,,,"     ",5.10,64.76,7.14
1598,539319722,"01598M03:10:33.545","01598 02:23:24",206.46,874.94,,,,"     ",5.10,64.61,7.12
1598,539319723,"01598M03:10:34.519","01598 02:23:25",206.45,875.03,,,,"     ",5.10,64.50,7.11
1598,539319724,"01598M03:10:35.492","01598 02:23:26",206.43,875.07,,,,"     ",5.10,64.82,7.15
1598,539319725,"01598M03:10:36.465","01598 02:23:27",206.42,875.01,,,,"     ",5.10,64.88,7.15
1598,539319726,"01598M03:10:37.438","01598 02:23:28",206.40,875.01,,,,"     ",5.10,64.65,7.13
1598,539319727,"01598M03:10:38.412","01598 02:23:29",206.38,874.95,,,,"     ",5.10,64.80,7.14
1598,539319728,"01598M03:10:39.385","01598 02:23:30",206.36,875.05,,,,"     ",5.10,64.79,7.14
1598,539319729,"01598M03:10:40.358","01598 02:23:31",206.33,875.01,,,,"     ",5.10,65.09,7.17
1598,539319730,"01598M03:10:41.331","01598 02:23:32",206.31,875.00,,,,"     ",5.10,65.04,7.17
1598,539319731,"01598M03:10:42.305","01598 02:23:33",206.28,875.02,,,,"     ",5.10,64.97,7.16
1598,539319732,"01598M03:10:43.278","01598 02:23:34",206.25,875.16,,,,"     ",5.10,64.85,7.15
1598,539319733,"01598M03:10:44.251","01598 02:23:35",206.22,875.08,,,,"     ",5.10,64.68,7.13
1598,539319734,"01598M03:10:45.224","01598 02:23:36",206.19,875.00,,,,"     ",5.10,64.75,7.13
1598,539319735,"01598M03:10:46.198","01598 02:23:37",206.15,874.99,,,,"     ",5.10,64.80,7.14
1598,539319736,"01598M03:10:47.171","01598 02:23:38",206.69,874.94,,,,"     ",5.10,64.93,7.15
1598,539319737,"01598M03:10:48.144","01598 02:23:39",206.67,874.94,,,,"     ",5.10,65.08,7.17
1598,539319738,"01598M03:10:49.117","01598 02:23:40",206.65,875.00,,,,"     ",5.10,65.28,7.19
1598,539319739,"01598M03:10:50.091","01598 02:23:41",206.63,874.96,,,,"     ",5.10,65.10,7.17
1598,539319740,"01598M03:10:51.064","01598 02:23:42",206.62,875.06,,,,"     ",5.10,65.30,7.19
1598,539319741,"01598M03:10:52.037","01598 02:23:43",206.60,875.01,,,,"     ",5.10,65.11,7.17
1598,539319742,"01598M03:10:53.010","01598 02:23:44",206.58,875.06,,,,"     ",5.10,65.18,7.18
1598,539319743,"01598M03:10:53.984","01598 02:23:45",206.56,875.08,,,,"     ",5.10,65.09,7.17
1598,539319744,"01598M03:10:54.957","01598 02:23:46",206.55,874.92,,,,"     ",5.10,65.40,7.20
1598,539319745,"01598M03:10:55.930","01598 02:23:47",206.53,874.94,,,,"     ",5.10,65.18,7.18
1598,539319746,"01598M03:10:56.903","01598 02:23:48",206.51,874.99,,,,"     ",5.10,65.17,7.17
1598,539319747,"01598M03:10:57.877","01598 02:23:49",206.49,875.03,,,,"     ",5.10,65.41,7.20
1598,539319748,"01598M03:10:58.850","01598 02:23:50",206.48,874.97,,,,"     ",5.10,65.17,7.18
1598,539319749,"01598M03:10:59.823","01598 02:23:51",206.46,874.99,,,,"     ",5.10,65.14,7.17
1598,539319750,"01598M03:11:00.797","01598 02:23:52",206.45,875.03,,,,"     ",5.10,65.62,7.23
1598,539319751,"01598M03:11:01.770","01598 02:23:53",206.44,875.02,,,,"     ",5.10,65.01,7.16
1598,539319752,"01598M03:11:02.743","01598 02:23:54",206.42,875.11,,,,"     ",5.10,65.28,7.19
1598,539319753,"01598M03:11:03.716","01598 02:23:55",206.42,875.02,,,,"     ",5.10,65.07,7.16
1598,539319754,"01598M03:11:04.690","01598 02:23:56",206.41,875.02,,,,"     ",5.10,65.38,7.20
1598,539319755,"01598M03:11:05.663","01598 02:23:57",206.39,875.07,,,,"     ",5.10,65.22,7.18
1598,539319756,"01598M03:11:06.636","01598 02:23:58",206.38,874.98,,,,"     ",5.10,65.45,7.20
1598,539319757,"01598M03:11:07.609","01598 02:23:59",206.37,874.98,,,,"     ",5.10,65.19,7.17
1598,539319758,"01598M03:11:08.583","01598 02:23:59",206.37,874.95,,,,"     ",5.10,65.57,7.21
1598,539319759,"01598M03:11:09.556","01598 02:24:00",206.37,874.88,,,,"     ",5.10,65.41,7.19
1598,539319760,"01598M03:11:10.529","01598 02:24:01",206.37,875.01,,,,"     ",5.10,65.45,7.20
1598,539319761,"01598M03:11:11.502","01598 02:24:02",206.37,875.04,,,,"     ",5.10,65.24,7.17
1598,539319762,"01598M03:11:12.476","01598 02:24:03",206.38,874.90,,,,"     ",5.10,65.38,7.19
1598,539319763,"01598M03:11:13.449","01598 02:24:04",206.39,874.98,,,,"     ",5.10,65.05,7.15
1598,539319764,"01598M03:11:14.422","01598 02:24:05",206.41,874.90,,,,"     ",5.10,65.60,7.22
1598,539319765,"01598M03:11:15.395","01598 02:24:06",206.42,874.91,,,,"     ",5.10,65.49,7.20
1598,539319766,"01598M03:11:16.369","01598 02:24:07",206.44,874.86,,,,"     ",5.10,65.61,7.21
1598,539319767,"01598M03:11:17.342","01598 02:24:08",206.45,874.93,,,,"     ",5.10,65.29,7.18
1598,539319768,"01598M03:11:18.315","01598 02:24:09",206.47,875.00,,,,"     ",5.10,65.27,7.18
1598,539319769,"01598M03:11:19.288","01598 02:24:10",206.48,874.96,,,,"     ",5.10,65.56,7.21
1598,539319770,"01598M03:11:20.262","01598 02:24:11",206.48,875.05,,,,"     ",5.10,65.54,7.21
1598,539319771,"01598M03:11:21.235","01598 02:24:12",206.48,874.91,,,,"     ",5.10,65.34,7.18
1598,539319772,"01598M03:11:22.208","01598 02:24:13",206.47,874.89,,,,"     ",5.10,65.17,7.16
1598,539319773,"01598M03:11:23.181","01598 02:24:14",206.45,874.97,,,,"     ",5.10,65.36,7.18
1598,539319774,"01598M03:11:24.155","01598 02:24:15",206.43,874.95,,,,"     ",5.10,65.51,7.20
1598,539319775,"01598M03:11:25.128","01598 02:24:16",206.40,874.95,,,,"     ",5.10,65.76,7.23
1598,539319776,"01598M03:11:26.101","01598 02:24:17",206.39,874.91,,,,"     ",5.10,65.48,7.20
1598,539319777,"01598M03:11:27.074","01598 02:24:18",206.38,874.88,,,,"     ",5.10,65.59,7.21
1598,539319778,"01598M03:11:28.048","01598 02:24:19",206.38,875.00,,,,"     ",5.10,65.61,7.21
1598,539319779,"01598M03:11:29.021","01598 02:24:20",206.39,874.97,,,,"     ",5.10,65.60,7.21
1598,539319780,"01598M03:11:29.994","01598 02:24:21",206.42,874.89,,,,"     ",5.10,65.51,7.20
1598,539319781,"01598M03:11:30.967","01598 02:24:22",206.44,874.96,,,,"     ",5.10,65.47,7.19
1598,539319782,"01598M03:11:31.941","01598 02:24:23",206.48,874.96,,,,"     ",5.10,65.46,7.19
1598,539319783,"01598M03:11:32.914","01598 02:24:24",206.52,874.93,,,,"     ",5.10,65.55,7.20
1598,539319784,"01598M03:11:33.887","01598 02:24:25",206.55,875.02,,,,"     ",5.10,65.50,7.19
1598,539319785,"01598M03:11:34.860","01598 02:24:26",206.59,875.01,,,,"     ",5.10,65.53,7.20
1598,539319786,"01598M03:11:35.834","01598 02:24:27",206.61,874.98,,,,"     ",5.10,65.54,7.20
1598,539319787,"01598M03:11:36.807","01598 02:24:28",206.62,874.92,,,,"     ",5.10,65.61,7.20
1598,539319788,"01598M03:11:37.780","01598 02:24:29",206.63,874.97,,,,"     ",5.10,65.32,7.17
1598,539319789,"01598M03:11:38.753","01598 02:24:30",206.63,874.98,,,,"     ",5.10,65.34,7.17
1598,539319790,"01598M03:11:39.727","01598 02:24:31",206.62,874.97,,,,"     ",5.10,65.63,7.20
1598,539319791,"01598M03:11:40.700","01598 02:24:32",206.61,874.89,,,,"     ",5.10,65.62,7.20
1598,539319792,"01598M03:11:41.673","01598 02:24:33",206.60,874.94,,,,"     ",5.10,65.49,7.19
1598,539319793,"01598M03:11:42.646","01598 02:24:34",206.59,875.02,,,,"     ",5.10,65.19,7.15
1598,539319794,"01598M03:11:43.620","01598 02:24:35",206.59,875.00,,,,"     ",5.10,65.37,7.17
1598,539319795,"01598M03:11:44.593","01598 02:24:35",206.58,875.04,,,,"     ",5.10,65.29,7.16
1598,539319796,"01598M03:11:45.566","01598 02:24:36",206.58,875.13,,,,"     ",5.10,65.35,7.17
1598,539319797,"01598M03:11:46.539","01598 02:24:37",206.58,875.08,,,,"     ",5.10,65.33,7.17
1598,539319798,"01598M03:11:47.513","01598 02:24:38",206.57,875.00,,,,"     ",5.10,65.37,7.17
1598,539319799,"01598M03:11:48.486","01598 02:24:39",206.57,875.01,,,,"     ",5.10,65.61,7.20
1598,539319800,"01598M03:11:49.459","01598 02:24:40",206.56,875.04,,,,"     ",5.10,65.37,7.17
1598,539319801,"01598M03:11:50.432","01598 02:24:41",206.56,875.01,,,,"     ",5.10,65.21,7.15
1598,539319802,"01598M03:11:51.406","01598 02:24:42",206.57,874.96,,,,"     ",5.10,65.36,7.17
1598,539319803,"01598M03:11:52.379","01598 02:24:43",206.57,874.98,,,,"     ",5.10,65.13,7.14
1598,539319804,"01598M03:11:53.352","01598 02:24:44",206.58,875.07,,,,"     ",5.10,65.12,7.14
1598,539319805,"01598M03:11:54.325","01598 02:24:45",206.59,875.07,,,,"     ",5.10,65.35,7.17
1598,539319806,"01598M03:11:55.299","01598 02:24:46",206.60,875.01,,,,"     ",5.10,65.35,7.17
1598,539319807,"01598M03:11:56.272","01598 02:24:47",206.60,875.03,,,,"     ",5.10,65.11,7.14
1598,539319808,"01598M03:11:57.245","01598 02:24:48",206.60,875.05,,,,"     ",5.10,65.19,7.15
1598,539319809,"01598M03:11:58.218","01598 02:24:49",206.59,875.19,,,,"     ",5.10,65.26,7.16
1598,539319810,"01598M03:11:59.192","01598 02:24:50",206.58,875.10,,,,"     ",5.10,65.25,7.16
1598,539319811,"01598M03:12:00.165","01598 02:24:51",206.56,875.02,,,,"     ",5.10,64.83,7.11
1598,539319812,"01598M03:12:01.138","01598 02:24:52",206.54,875.03,,,,"     ",5.10,64.83,7.11
1598,539319813,"01598M03:12:02.111","01598 02:24:53",206.51,874.96,,,,"     ",5.10,65.16,7.14
1598,539319814,"01598M03:12:03.085","01598 02:24:54",206.48,875.00,,,,"     ",5.10,65.38,7.17
1598,539319815,"01598M03:12:04.058","01598 02:24:55",206.45,875.05,,,,"     ",5.10,65.30,7.16
1598,539319816,"01598M03:12:05.031","01598 02:24:56",206.42,875.08,,,,"     ",5.10,65.06,7.13
1598,539319817,"01598M03:12:06.004","01598 02:24:57",206.39,875.03,,,,"     ",5.10,65.02,7.13
1598,539319818,"01598M03:12:06.978","01598 02:24:58",206.36,874.98,,,,"     ",5.10,65.01,7.13
1598,539319819,"01598M03:12:07.951","01598 02:24:59",206.34,875.10,,,,"     ",5.10,64.92,7.12
1598,539319820,"01598M03:12:08.924","01598 02:25:00",206.32,875.09,,,,"     ",5.10,65.26,7.16
1598,539319821,"01598M03:12:09.898","01598 02:25:01",206.29,875.05,,,,"     ",5.10,65.12,7.14
1598,539319822,"01598M03:12:10.871","01598 02:25:02",206.27,875.08,,,,"     ",5.10,64.99,7.13
1598,539319823,"01598M03:12:11.844","01598 02:25:03",206.25,874.99,,,,"     ",5.10,65.08,7.14
1598,539319824,"01598M03:12:12.817","01598 02:25:04",206.22,874.96,,,,"     ",5.10,64.95,7.12
1598,539319825,"01598M03:12:13.791","01598 02:25:05",206.19,874.91,,,,"     ",5.10,65.19,7.15
1598,539319826,"01598M03:12:14.764","01598 02:25:06",206.15,874.99,,,,"     ",5.10,64.85,7.11
1598,539319827,"01598M03:12:15.737","01598 02:25:07",206.12,874.98,,,,"     ",5.10,64.88,7.12
1598,539319828,"01598M03:12:16.710","01598 02:25:08",206.10,875.00,,,,"     ",5.10,64.81,7.11
1598,539319829,"01598M03:12:17.684","01598 02:25:09",206.09,875.05,,,,"     ",5.10,65.10,7.14
1598,539319830,"01598M03:12:18.657","01598 02:25:10",206.08,875.06,,,,"     ",5.10,64.77,7.10
1598,539319831,"01598M03:12:19.630","01598 02:25:11",206.08,875.05,,,,"     ",5.10,64.83,7.11
1598,539319832,"01598M03:12:20.603","01598 02:25:11",206.08,875.08,,,,"     ",5.10,64.53,7.08
1598,539319833,"01598M03:12:21.577","01598 02:25:12",206.08,875.01,,,,"     ",5.10,64.80,7.11
1598,539319834,"01598M03:12:22.550","01598 02:25:13",206.08,875.04,,,,"     ",5.10,64.78,7.10
1598,539319835,"01598M03:12:23.523","01598 02:25:14",206.07,875.06,,,,"     ",5.10,64.83,7.11
1598,539319836,"01598M03:12:24.496","01598 02:25:15",206.08,875.04,,,,"     ",5.10,64.86,7.11
1598,539319837,"01598M03:12:25.470","01598 02:25:16",206.08,875.08,,,,"     ",5.10,64.73,7.10
1598,539319838,"01598M03:12:26.443","01598 02:25:17",206.10,875.05,,,,"     ",5.10,64.71,7.10
1598,539319839,"01598M03:12:27.416","01598 02:25:18",206.11,875.03,,,,"     ",5.10,64.57,7.08
1598,539319840,"01598M03:12:28.389","01598 02:25:19",206.13,875.04,,,,"     ",5.10,64.94,7.12
1598,539319841,"01598M03:12:29.363","01598 02:25:20",206.13,874.99,,,,"     ",5.10,64.33,7.05
1598,539319842,"01598M03:12:30.336","01598 02:25:21",206.14,875.03,,,,"     ",5.10,64.59,7.08
1598,539319843,"01598M03:12:31.309","01598 02:25:22",206.13,874.99,,,,"     ",5.10,64.56,7.08
1598,539319844,"01598M03:12:32.282","01598 02:25:23",206.12,874.93,,,,"     ",5.10,64.40,7.06
1598,539319845,"01598M03:12:33.256","01598 02:25:24",206.12,875.00,,,,"     ",5.10,64.56,7.08
1598,539319846,"01598M03:12:34.229","01598 02:25:25",206.11,875.07,,,,"     ",5.10,64.78,7.10
1598,539319847,"01598M03:12:35.202","01598 02:25:26",206.10,874.96,,,,"     ",5.10,64.56,7.08
1598,539319848,"01598M03:12:36.175","01598 02:25:27",206.09,875.05,,,,"     ",5.10,64.44,7.07
1598,539319849,"01598M03:12:37.149","01598 02:25:28",206.07,875.02,,,,"     ",5.10,64.50,7.07
1598,539319850,"01598M03:12:38.122","01598 02:25:29",206.07,874.98,,,,"     ",5.10,64.59,7.08
1598,539319851,"01598M03:12:39.095","01598 02:25:30",206.06,875.03,,,,"     ",5.10,64.53,7.08
1598,539319852,"01598M03:12:40.068","01598 02:25:31",206.06,875.01,,,,"     ",5.10,64.75,7.10
1598,539319853,"01598M03:12:41.042","01598 02:25:32",206.07,875.04,,,,"     ",5.10,64.55,7.08
1598,539319854,"01598M03:12:42.015","01598 02:25:33",206.08,875.05,,,,"     ",5.10,64.57,7.08
1598,539319855,"01598M03:12:42.988","01598 02:25:34",206.10,875.07,,,,"     ",5.10,64.42,7.07
1598,539319856,"01598M03:12:43.961","01598 02:25:35",206.12,875.10,,,,"     ",5.10,64.81,7.11
1598,539319857,"01598M03:12:44.935","01598 02:25:36",206.14,875.14,,,,"     ",5.10,64.64,7.09
1598,539319858,"01598M03:12:45.908","01598 02:25:37",206.17,875.08,,,,"     ",5.10,64.45,7.07
1598,539319859,"01598M03:12:46.881","01598 02:25:38",206.20,875.08,,,,"     ",5.10,64.31,7.05
1598,539319860,"01598M03:12:47.854","01598 02:25:39",206.23,875.07,,,,"     ",5.10,64.63,7.09
1598,539319861,"01598M03:12:48.828","01598 02:25:40",206.24,875.05,,,,"     ",5.10,64.34,7.06
1598,539319862,"01598M03:12:49.801","01598 02:25:41",206.25,875.08,,,,"     ",5.10,64.35,7.06
1598,539319863,"01598M03:12:50.774","01598 02:25:42",206.25,875.01,,,,"     ",5.10,64.46,7.07
1598,539319864,"01598M03:12:51.747","01598 02:25:43",206.25,875.07,,,,"     ",5.10,64.38,7.06
1598,539319865,"01598M03:12:52.721","01598 02:25:44",206.25,874.99,,,,"     ",5.10,64.41,7.06
1598,539319866,"01598M03:12:53.694","01598 02:25:45",206.24,874.95,,,,"     ",5.10,64.54,7.08
1598,539319867,"01598M03:12:54.667","01598 02:25:46",206.22,874.93,,,,"     ",5.10,64.38,7.06
1598,539319868,"01598M03:12:55.640","01598 02:25:47",206.19,874.92,,,,"     ",5.10,64.43,7.07
1598,539319869,"01598M03:12:56.614","01598 02:25:47",206.16,874.92,,,,"     ",5.10,64.28,7.05
1598,539319870,"01598M03:12:57.587","01598 02:25:48",206.13,874.86,,,,"     ",5.10,64.19,7.04
1598,539319871,"01598M03:12:58.560","01598 02:25:49",206.10,874.92,,,,"     ",5.10,64.31,7.05
1598,539319872,"01598M03:12:59.533","01598 02:25:50",206.07,874.97,,,,"     ",5.10,64.18,7.04
1598,539319873,"01598M03:13:00.507","01598 02:25:51",206.05,874.99,,,,"     ",5.10,64.49,7.07
1598,539319874,"01598M03:13:01.480","01598 02:25:52",206.03,874.97,,,,"     ",5.10,64.34,7.06
1598,539319875,"01598M03:13:02.453","01598 02:25:53",206.01,875.05,,,,"     ",5.10,64.38,7.06
1598,539319876,"01598M03:13:03.426","01598 02:25:54",206.00,875.10,,,,"     ",5.10,64.09,7.03
1598,539319877,"01598M03:13:04.400","01598 02:25:55",205.99,875.02,,,,"     ",5.10,64.44,7.07
1598,539319878,"01598M03:13:05.373","01598 02:25:56",205.99,875.04,,,,"     ",5.10,64.24,7.04
1598,539319879,"01598M03:13:06.346","01598 02:25:57",206.00,875.05,,,,"     ",5.10,64.34,7.05
1598,539319880,"01598M03:13:07.319","01598 02:25:58",206.02,874.95,,,,"     ",5.10,64.05,7.02
1598,539319881,"01598M03:13:08.293","01598 02:25:59",206.04,874.94,,,,"     ",5.10,64.17,7.04
1598,539319882,"01598M03:13:09.266","01598 02:26:00",206.07,874.98,,,,"     ",5.10,64.05,7.02
1598,539319883,"01598M03:13:10.239","01598 02:26:01",206.11,874.89,,,,"     ",5.10,64.17,7.04
1598,539319884,"01598M03:13:11.212","01598 02:26:02",206.14,874.93,,,,"     ",5.10,64.15,7.03
1598,539319885,"01598M03:13:12.186","01598 02:26:03",206.17,874.89,,,,"     ",5.10,64.12,7.03
1598,539319886,"01598M03:13:13.159","01598 02:26:04",206.19,875.08,,,,"     ",5.10,64.24,7.04
1598,539319887,"01598M03:13:14.132","01598 02:26:05",206.22,875.02,,,,"     ",5.10,64.24,7.05
1598,539319888,"01598M03:13:15.105","01598 02:26:06",206.24,875.10,,,,"     ",5.10,63.80,6.99
1598,539319889,"01598M03:13:16.079","01598 02:26:07",206.24,875.05,,,,"     ",5.10,64.27,7.05
1598,539319890,"01598M03:13:17.052","01598 02:26:08",206.24,874.99,,,,"     ",5.10,63.91,7.00
1598,539319891,"01598M03:13:18.025","01598 02:26:09",206.24,875.07,,,,"     ",5.10,64.08,7.02
1598,539319892,"01598M03:13:18.999","01598 02:26:10",206.23,875.08,,,,"     ",5.10,64.12,7.03
1598,539319893,"01598M03:13:19.972","01598 02:26:11",206.23,874.91,,,,"     ",5.10,64.01,7.02
1598,539319894,"01598M03:13:20.945","01598 02:26:12",206.22,874.99,,,,"     ",5.10,64.26,7.05
1598,539319895,"01598M03:13:21.918","01598 02:26:13",206.23,874.94,,,,"     ",5.10,64.28,7.05
1598,539319896,"01598M03:13:22.892","01598 02:26:14",206.24,874.94,,,,"     ",5.10,64.28,7.04
1598,539319897,"01598M03:13:23.865","01598 02:26:15",206.25,874.89,,,,"     ",5.10,64.35,7.05
1598,539319898,"01598M03:13:24.838","01598 02:26:16",206.26,874.91,,,,"     ",5.10,64.38,7.06
1598,539319899,"01598M03:13:25.811","01598 02:26:17",206.27,874.90,,,,"     ",5.10,64.11,7.02
1598,539319900,"01598M03:13:26.785","01598 02:26:18",206.27,874.88,,,,"     ",5.10,64.22,7.04
1598,539319901,"01598M03:13:27.758","01598 02:26:19",206.27,874.94,,,,"     ",5.10,63.94,7.01
1598,539319902,"01598M03:13:28.731","01598 02:26:20",206.27,874.96,,,,"     ",5.10,64.18,7.03
1598,539319903,"01598M03:13:29.704","01598 02:26:21",206.26,874.85,,,,"     ",5.10,64.14,7.03
1598,539319904,"01598M03:13:30.678","01598 02:26:22",206.25,874.87,,,,"     ",5.10,63.84,6.99
1598,539319905,"01598M03:13:31.651","01598 02:26:23",206.24,874.86,,,,"     ",5.10,64.32,7.05
1598,539319906,"01598M03:13:32.624","01598 02:26:23",206.23,874.94,,,,"     ",5.10,63.94,7.00
1598,539319907,"01598M03:13:33.597","01598 02:26:24",206.23,874.86,,,,"     ",5.10,64.13,7.02
1598,539319908,"01598M03:13:34.571","01598 02:26:25",206.23,874.91,,,,"     ",5.10,64.35,7.05
1598,539319909,"01598M03:13:35.544","01598 02:26:26",206.23,874.90,,,,"     ",5.10,64.09,7.02
1598,539319910,"01598M03:13:36.517","01598 02:26:27",206.24,874.94,,,,"     ",5.10,64.35,7.05
1598,539319911,"01598M03:13:37.490","01598 02:26:28",206.24,874.84,,,,"     ",5.10,64.34,7.05
1598,539319912,"01598M03:13:38.464","01598 02:26:29",206.25,874.85,,,,"     ",5.10,64.76,7.09
1598,539319913,"01598M03:13:39.437","01598 02:26:30",206.26,874.91,,,,"     ",5.10,64.43,7.06
1598,539319914,"01598M03:13:40.410","01598 02:26:31",206.26,874.85,,,,"     ",5.10,64.37,7.05
1598,539319915,"01598M03:13:41.383","01598 02:26:32",206.26,874.89,,,,"     ",5.10,64.90,7.11
1598,539319916,"01598M03:13:42.357","01598 02:26:33",206.25,874.89,,,,"     ",5.10,64.72,7.09
1598,539319917,"01598M03:13:43.330","01598 02:26:34",206.25,874.91,,,,"     ",5.10,64.38,7.05
1598,539319918,"01598M03:13:44.303","01598 02:26:35",206.24,874.98,,,,"     ",5.10,64.46,7.06
1598,539319919,"01598M03:13:45.276","01598 02:26:36",206.23,874.90,,,,"     ",5.10,64.46,7.06
1598,539319920,"01598M03:13:46.250","01598 02:26:37",206.23,874.92,,,,"     ",5.10,64.62,7.08
1598,539319921,"01598M03:13:47.223","01598 02:26:38",206.22,874.97,,,,"     ",5.10,64.67,7.08
1598,539319922,"01598M03:13:48.196","01598 02:26:39",206.22,874.92,,,,"     ",5.10,64.77,7.09
1598,539319923,"01598M03:13:49.169","01598 02:26:40",206.22,874.92,,,,"     ",5.10,64.56,7.07
1598,539319924,"01598M03:13:50.143","01598 02:26:41",206.21,874.82,,,,"     ",5.10,64.39,7.05
1598,539319925,"01598M03:13:51.116","01598 02:26:42",206.21,874.90,,,,"     ",5.10,64.64,7.08
1598,539319926,"01598M03:13:52.089","01598 02:26:43",206.20,874.89,,,,"     ",5.10,64.85,7.10
1598,539319927,"01598M03:13:53.062","01598 02:26:44",206.18,874.88,,,,"     ",5.10,64.63,7.07
1598,539319928,"01598M03:13:54.036","01598 02:26:45",206.17,874.92,,,,"     ",5.10,64.67,7.08
1598,539319929,"01598M03:13:55.009","01598 02:26:46",206.16,874.88,,,,"     ",5.10,64.71,7.08
1598,539319930,"01598M03:13:55.982","01598 02:26:47",206.15,874.89,,,,"     ",5.10,64.63,7.07
1598,539319931,"01598M03:13:56.955","01598 02:26:48",206.16,874.87,,,,"     ",5.10,64.89,7.10
1598,539319932,"01598M03:13:57.929","01598 02:26:49",206.18,874.91,,,,"     ",5.10,64.55,7.06
1598,539319933,"01598M03:13:58.902","01598 02:26:50",206.21,874.97,,,,"     ",5.10,64.87,7.10
1598,539319934,"01598M03:13:59.875","01598 02:26:51",206.25,874.92,,,,"     ",5.10,64.53,7.06
1598,539319935,"01598M03:14:00.848","01598 02:26:52",206.28,874.90,,,,"     ",5.10,64.60,7.07
1598,539319936,"01598M03:14:01.822","01598 02:26:53",206.32,874.86,,,,"     ",5.10,64.78,7.08
1598,539319937,"01598M03:14:02.795","01598 02:26:54",206.35,874.79,,,,"     ",5.10,64.49,7.05
1598,539319938,"01598M03:14:03.768","01598 02:26:55",206.38,874.73,,,,"     ",5.10,64.57,7.06
1598,539319939,"01598M03:14:04.741","01598 02:26:56",206.41,874.87,,,,"     ",5.10,64.95,7.10
1598,539319940,"01598M03:14:05.715","01598 02:26:57",206.42,874.88,,,,"     ",5.10,64.61,7.06
1598,539319941,"01598M03:14:06.688","01598 02:26:58",206.43,874.81,,,,"     ",5.10,64.89,7.09
1598,539319942,"01598M03:14:07.661","01598 02:26:59",206.43,874.81,,,,"     ",5.10,64.62,7.07
1598,539319943,"01598M03:14:08.634","01598 02:27:00",206.42,874.78,,,,"     ",5.10,65.01,7.11
1598,539319944,"01598M03:14:09.608","01598 02:27:00",206.41,874.81,,,,"     ",5.10,64.86,7.09
1598,539319945,"01598M03:14:10.581","01598 02:27:01",206.40,874.88,,,,"     ",5.10,64.79,7.08
1598,539319946,"01598M03:14:11.554","01598 02:27:02",206.38,874.86,,,,"     ",5.10,64.76,7.08
1598,539319947,"01598M03:14:12.527","01598 02:27:03",206.35,874.77,,,,"     ",5.10,64.54,7.05
1598,539319948,"01598M03:14:13.501","01598 02:27:04",206.32,874.87,,,,"     ",5.10,64.58,7.06
1598,539319949,"01598M03:14:14.474","01598 02:27:05",206.28,874.88,,,,"     ",5.10,64.60,7.06
1598,539319950,"01598M03:14:15.447","01598 02:27:06",206.24,874.84,,,,"     ",5.10,64.76,7.08
1598,539319951,"01598M03:14:16.420","01598 02:27:07",206.21,874.80,,,,"     ",5.10,64.82,7.08
1598,539319952,"01598M03:14:17.394","01598 02:27:08",206.18,874.80,,,,"     ",5.10,64.72,7.07
1598,539319953,"01598M03:14:18.367","01598 02:27:09",206.15,874.82,,,,"     ",5.10,65.09,7.11
1598,539319954,"01598M03:14:19.340","01598 02:27:10",206.13,874.79,,,,"     ",5.10,64.83,7.08
1598,539319955,"01598M03:14:20.313","01598 02:27:11",206.12,874.84,,,,"     ",5.10,65.09,7.11
1598,539319956,"01598M03:14:21.287","01598 02:27:12",206.12,874.87,,,,"     ",5.10,64.60,7.06
1598,539319957,"01598M03:14:22.260","01598 02:27:13",206.12,874.95,,,,"     ",5.10,64.96,7.10
1598,539319958,"01598M03:14:23.233","01598 02:27:14",206.14,874.99,,,,"     ",5.10,64.59,7.06
1598,539319959,"01598M03:14:24.206","01598 02:27:15",206.16,875.01,,,,"     ",5.10,64.64,7.06
1598,539319960,"01598M03:14:25.180","01598 02:27:16",206.18,875.06,,,,"     ",5.10,64.48,7.05
1598,539319961,"01598M03:14:26.153","01598 02:27:17",206.20,875.07,,,,"     ",5.10,64.89,7.09
1598,539319962,"01598M03:14:27.126","01598 02:27:18",206.21,874.92,,,,"     ",5.10,64.61,7.06
1598,539319963,"01598M03:14:28.099","01598 02:27:19",206.21,874.88,,,,"     ",5.10,64.27,7.02
1598,539319964,"01598M03:14:29.073","01598 02:27:20",206.19,874.90,,,,"     ",5.10,64.64,7.06
1598,539319965,"01598M03:14:30.046","01598 02:27:21",206.17,874.87,,,,"     ",5.10,64.25,7.02
1598,539319966,"01598M03:14:31.019","01598 02:27:22",206.14,874.77,,,,"     ",5.10,64.78,7.08
1598,539319967,"01598M03:14:31.993","01598 02:27:23",206.11,874.76,,,,"     ",5.10,64.33,7.03
1598,539319968,"01598M03:14:32.966","01598 02:27:24",206.07,874.85,,,,"     ",5.10,64.25,7.02
1598,539319969,"01598M03:14:33.939","01598 02:27:25",206.04,874.94,,,,"     ",5.10,64.65,7.07
1598,539319970,"01598M03:14:34.912","01598 02:27:26",206.00,874.92,,,,"     ",5.10,64.10,7.00
1598,539319971,"01598M03:14:35.886","01598 02:27:27",205.96,874.82,,,,"     ",5.10,64.29,7.03
1598,539319972,"01598M03:14:36.859","01598 02:27:28",205.92,874.88,,,,"     ",5.10,64.12,7.01
1598,539319973,"01598M03:14:37.832","01598 02:27:29",205.88,874.91,,,,"     ",5.10,64.13,7.01
1598,539319974,"01598M03:14:38.805","01598 02:27:30",205.84,874.85,,,,"     ",5.10,64.43,7.04
1598,539319975,"01598M03:14:39.779","01598 02:27:31",205.80,874.83,,,,"     ",5.10,64.05,7.00
1598,539319976,"01598M03:14:40.752","01598 02:27:32",205.76,874.83,,,,"     ",5.10,64.01,7.00
1598,539319977,"01598M03:14:41.725","01598 02:27:33",205.73,874.89,,,,"     ",5.10,64.36,7.03
1598,539319978,"01598M03:14:42.698","01598 02:27:34",205.72,874.89,,,,"     ",5.10,64.18,7.02
1598,539319979,"01598M03:14:43.672","01598 02:27:35",205.71,874.84,,,,"     ",5.10,64.09,7.00
1598,539319980,"01598M03:14:44.645","01598 02:27:36",205.72,874.83,,,,"     ",5.10,63.99,6.99
1598,539319981,"01598M03:14:45.618","01598 02:27:36",205.75,874.87,,,,"     ",5.10,64.32,7.03
1598,539319982,"01598M03:14:46.591","01598 02:27:37",205.78,874.84,,,,"     ",5.10,64.06,7.00
1598,539319983,"01598M03:14:47.565","01598 02:27:38",205.82,874.85,,,,"     ",5.10,63.81,6.97
1598,539319984,"01598M03:14:48.538","01598 02:27:39",205.86,874.87,,,,"     ",5.10,64.11,7.01
1598,539319985,"01598M03:14:49.511","01598 02:27:40",205.90,874.78,,,,"     ",5.10,64.31,7.03
1598,539319986,"01598M03:14:50.484","01598 02:27:41",205.95,874.76,,,,"     ",5.10,64.36,7.03
1598,539319987,"01598M03:14:51.458","01598 02:27:42",205.99,874.69,,,,"     ",5.10,63.83,6.97
1598,539319988,"01598M03:14:52.431","01598 02:27:43",206.03,874.73,,,,"     ",5.10,64.33,7.03
1598,539319989,"01598M03:14:53.404","01598 02:27:44",206.08,874.85,,,,"     ",5.10,63.90,6.98
1598,539319990,"01598M03:14:54.377","01598 02:27:45",206.12,874.83,,,,"     ",5.10,64.19,7.02
1598,539319991,"01598M03:14:55.351","01598 02:27:46",206.16,874.80,,,,"     ",5.10,64.45,7.04
1598,539319992,"01598M03:14:56.324","01598 02:27:47",206.19,874.85,,,,"     ",5.10,64.08,7.00
1598,539319993,"01598M03:14:57.297","01598 02:27:48",206.21,874.85,,,,"     ",5.10,64.32,7.03
1598,539319994,"01598M03:14:58.270","01598 02:27:49",206.24,874.85,,,,"     ",5.10,64.29,7.03
1598,539319995,"01598M03:14:59.244","01598 02:27:50",206.25,874.94,,,,"     ",5.10,64.07,7.00
1598,539319996,"01598M03:15:00.217","01598 02:27:51",206.26,874.88,,,,"     ",5.10,64.35,7.03
1598,539319997,"01598M03:15:01.190","01598 02:27:52",206.26,874.88,,,,"     ",5.10,64.18,7.02
1598,539319998,"01598M03:15:02.163","01598 02:27:53",206.25,874.87,,,,"     ",5.10,64.19,7.02
1598,539319999,"01598M03:15:03.137","01598 02:27:54",206.23,874.87,,,,"     ",5.10,64.25,7.02
1598,539320000,"01598M03:15:04.110","01598 02:27:55",206.21,874.98,,,,"     ",5.10,64.00,6.99
1598,539320001,"01598M03:15:05.083","01598 02:27:56",206.18,874.96,,,,"     ",5.10,64.26,7.02
1598,539320002,"01598M03:15:06.056","01598 02:27:57",206.15,874.85,,,,"     ",5.10,64.27,7.02
1598,539320003,"01598M03:15:07.030","01598 02:27:58",206.13,874.91,,,,"     ",5.10,64.15,7.01
1598,539320004,"01598M03:15:08.003","01598 02:27:59",206.11,874.90,,,,"     ",5.10,64.01,6.99
1598,539320005,"01598M03:15:08.976","01598 02:28:00",206.10,874.89,,,,"     ",5.10,64.33,7.03
1598,539320006,"01598M03:15:09.949","01598 02:28:01",206.10,874.92,,,,"     ",5.10,63.96,6.99
1598,539320007,"01598M03:15:10.923","01598 02:28:02",206.10,874.89,,,,"     ",5.10,64.14,7.01
1598,539320008,"01598M03:15:11.896","01598 02:28:03",206.11,874.94,,,,"     ",5.10,64.15,7.01
1598,539320009,"01598M03:15:12.869","01598 02:28:04",206.12,874.74,,,,"     ",5.10,64.21,7.02
1598,539320010,"01598M03:15:13.842","01598 02:28:05",206.13,874.91,,,,"     ",5.10,63.94,6.99
1598,539320011,"01598M03:15:14.816","01598 02:28:06",206.14,874.84,,,,"     ",5.10,64.09,7.00
1598,539320012,"01598M03:15:15.789","01598 02:28:07",206.14,874.85,,,,"     ",5.10,64.08,7.00
1598,539320013,"01598M03:15:16.762","01598 02:28:08",206.15,874.86,,,,"     ",5.10,64.09,7.00
1598,539320014,"01598M03:15:17.735","01598 02:28:09",206.15,874.88,,,,"     ",5.10,64.10,7.00
1598,539320015,"01598M03:15:18.709","01598 02:28:10",206.16,874.82,,,,"     ",5.10,64.26,7.02
1598,539320016,"01598M03:15:19.682","01598 02:28:11",206.18,874.87,,,,"     ",5.10,64.31,7.03
1598,539320017,"01598M03:15:20.655","01598 02:28:12",206.20,874.73,,,,"     ",5.10,64.28,7.02
1598,539320018,"01598M03:15:21.628","01598 02:28:12",206.22,874.91,,,,"     ",5.10,64.48,7.04
1598,539320019,"01598M03:15:22.602","01598 02:28:13",206.24,874.80,,,,"     ",5.10,64.27,7.02
1598,539320020,"01598M03:15:23.575","01598 02:28:14",206.27,874.82,,,,"     ",5.10,64.29,7.02
1598,539320021,"01598M03:15:24.548","01598 02:28:15",206.28,874.92,,,,"     ",5.10,64.22,7.01
1598,539320022,"01598M03:15:25.521","01598 02:28:16",206.30,874.88,,,,"     ",5.10,64.22,7.01
1598,539320023,"01598M03:15:26.495","01598 02:28:17",206.31,874.90,,,,"     ",5.10,64.46,7.04
1598,539320024,"01598M03:15:27.468","01598 02:28:18",206.32,874.91,,,,"     ",5.10,64.66,7.06
1598,539320025,"01598M03:15:28.441","01598 02:28:19",206.33,874.82,,,,"     ",5.10,64.50,7.04
1598,539320026,"01598M03:15:29.414","01598 02:28:20",206.34,874.85,,,,"     ",5.10,64.63,7.06
1598,539320027,"01598M03:15:30.388","01598 02:28:21",206.34,874.80,,,,"     ",5.10,64.54,7.05
1598,539320028,"01598M03:15:31.361","01598 02:28:22",206.34,874.78,,,,"     ",5.10,64.50,7.04
1598,539320029,"01598M03:15:32.334","01598 02:28:23",206.35,874.75,,,,"     ",5.10,64.73,7.06
1598,539320030,"01598M03:15:33.307","01598 02:28:24",206.34,874.74,,,,"     ",5.10,64.59,7.05
1598,539320031,"01598M03:15:34.281","01598 02:28:25",206.34,874.76,,,,"     ",5.10,64.16,7.00
1598,539320032,"01598M03:15:35.254","01598 02:28:26",206.33,874.78,,,,"     ",5.10,64.62,7.05
1598,539320033,"01598M03:15:36.227","01598 02:28:27",206.32,874.81,,,,"     ",5.10,64.66,7.06
1598,539320034,"01598M03:15:37.200","01598 02:28:28",206.31,874.91,,,,"     ",5.10,64.66,7.06
1598,539320035,"01598M03:15:38.174","01598 02:28:29",206.30,874.81,,,,"     ",5.10,64.76,7.07
1598,539320036,"01598M03:15:39.147","01598 02:28:30",206.29,874.87,,,,"     ",5.10,64.60,7.05
1598,539320037,"01598M03:15:40.120","01598 02:28:31",206.27,874.89,,,,"     ",5.10,64.61,7.05
1598,539320038,"01598M03:15:41.094","01598 02:28:32",206.25,874.87,,,,"     ",5.10,64.39,7.02
1598,539320039,"01598M03:15:42.067","01598 02:28:33",206.23,874.79,,,,"     ",5.10,64.68,7.06
1598,539320040,"01598M03:15:43.040","01598 02:28:34",206.21,874.83,,,,"     ",5.10,64.68,7.05
1598,539320041,"01598M03:15:44.013","01598 02:28:35",206.18,874.81,,,,"     ",5.10,64.78,7.07
1598,539320042,"01598M03:15:44.987","01598 02:28:36",206.15,874.82,,,,"     ",5.10,64.55,7.04
1598,539320043,"01598M03:15:45.960","01598 02:28:37",206.12,874.90,,,,"     ",5.10,64.82,7.07
1598,539320044,"01598M03:15:46.933","01598 02:28:38",206.33,874.91,,,,"     ",5.10,64.92,7.08
1598,539320045,"01598M03:15:47.906","01598 02:28:39",206.34,874.90,,,,"     ",5.10,64.78,7.06
1598,539320046,"01598M03:15:48.880","01598 02:28:40",206.34,874.83,,,,"     ",5.10,65.25,7.11
1598,539320047,"01598M03:15:49.853","01598 02:28:41",206.35,874.85,,,,"     ",5.10,65.22,7.11
1598,539320048,"01598M03:15:50.826","01598 02:28:42",206.35,874.96,,,,"     ",5.10,65.18,7.11
1598,539320049,"01598M03:15:51.799","01598 02:28:43",206.36,874.90,,,,"     ",5.10,65.08,7.09
1598,539320050,"01598M03:15:52.773","01598 02:28:44",206.36,874.91,,,,"     ",5.10,65.15,7.10
1598,539320051,"01598M03:15:53.746","01598 02:28:45",206.37,874.80,,,,"     ",5.10,64.90,7.07
1598,539320052,"01598M03:15:54.719","01598 02:28:46",206.37,874.91,,,,"     ",5.10,65.07,7.09
1598,539320053,"01598M03:15:55.692","01598 02:28:47",206.37,874.87,,,,"     ",5.10,65.25,7.11
1598,539320054,"01598M03:15:56.666","01598 02:28:48",206.38,874.90,,,,"     ",5.10,65.00,7.08
1598,539320055,"01598M03:15:57.639","01598 02:28:48",206.38,874.81,,,,"     ",5.10,65.00,7.08
1598,539320056,"01598M03:15:58.612","01598 02:28:49",206.38,874.85,,,,"     ",5.10,65.04,7.08
1598,539320057,"01598M03:15:59.585","01598 02:28:50",206.38,874.85,,,,"     ",5.10,65.06,7.09
1598,539320058,"01598M03:16:00.559","01598 02:28:51",206.38,874.85,,,,"     ",5.10,65.48,7.13
1598,539320059,"01598M03:16:01.532","01598 02:28:52",206.38,874.89,,,,"     ",5.10,65.18,7.10
1598,539320060,"01598M03:16:02.505","01598 02:28:53",206.38,874.94,,,,"     ",5.10,65.08,7.09
1598,539320061,"01598M03:16:03.478","01598 02:28:54",206.39,874.81,,,,"     ",5.10,65.27,7.11
1598,539320062,"01598M03:16:04.452","01598 02:28:55",206.39,874.93,,,,"     ",5.10,65.17,7.10
1598,539320063,"01598M03:16:05.425","01598 02:28:56",206.39,874.88,,,,"     ",5.10,65.33,7.11
1598,539320064,"01598M03:16:06.398","01598 02:28:57",206.39,875.01,,,,"     ",5.10,65.41,7.12
1598,539320065,"01598M03:16:07.371","01598 02:28:58",206.38,874.99,,,,"     ",5.10,65.60,7.14
1598,539320066,"01598M03:16:08.345","01598 02:28:59",206.36,874.98,,,,"     ",5.10,64.97,7.07
1598,539320067,"01598M03:16:09.318","01598 02:29:00",206.35,874.93,,,,"     ",5.10,65.39,7.12
1598,539320068,"01598M03:16:10.291","01598 02:29:01",206.34,874.94,,,,"     ",5.10,65.17,7.09
1598,539320069,"01598M03:16:11.264","01598 02:29:02",206.33,874.90,,,,"     ",5.10,65.13,7.08
1598,539320070,"01598M03:16:12.238","01598 02:29:03",206.33,874.89,,,,"     ",5.10,65.20,7.09
1598,539320071,"01598M03:16:13.211","01598 02:29:04",206.33,874.87,,,,"     ",5.10,65.09,7.08
1598,539320072,"01598M03:16:14.184","01598 02:29:05",206.34,874.92,,,,"     ",5.10,65.35,7.11
1598,539320073,"01598M03:16:15.157","01598 02:29:06",206.36,874.97,,,,"     ",5.10,65.21,7.09
1598,539320074,"01598M03:16:16.131","01598 02:29:07",206.38,874.94,,,,"     ",5.10,65.23,7.09
1598,539320075,"01598M03:16:17.104","01598 02:29:08",206.40,874.95,,,,"     ",5.10,64.92,7.06
1598,539320076,"01598M03:16:18.077","01598 02:29:09",206.42,874.89,,,,"     ",5.10,65.19,7.09
1598,539320077,"01598M03:16:19.050","01598 02:29:10",206.43,874.91,,,,"     ",5.10,65.38,7.11
1598,539320078,"01598M03:16:20.024","01598 02:29:11",206.44,874.87,,,,"     ",5.10,65.01,7.06
1598,539320079,"01598M03:16:20.997","01598 02:29:12",206.44,874.94,,,,"     ",5.10,65.25,7.09
1598,539320080,"01598M03:16:21.970","01598 02:29:13",206.45,874.93,,,,"     ",5.10,65.23,7.09
1598,539320081,"01598M03:16:22.943","01598 02:29:14",206.45,874.93,,,,"     ",5.10,65.43,7.11
1598,539320082,"01598M03:16:23.917","01598 02:29:15",206.45,874.93,,,,"     ",5.10,65.21,7.09
1598,539320083,"01598M03:16:24.890","01598 02:29:16",206.46,875.07,,,,"     ",5.10,65.38,7.11
1598,539320084,"01598M03:16:25.863","01598 02:29:17",206.47,874.99,,,,"     ",5.10,65.05,7.07
1598,539320085,"01598M03:16:26.836","01598 02:29:18",206.48,874.98,,,,"     ",5.10,65.19,7.08
1598,539320086,"01598M03:16:27.810","01598 02:29:19",206.49,875.07,,,,"     ",5.10,65.07,7.07
1598,539320087,"01598M03:16:28.783","01598 02:29:20",206.51,875.10,,,,"     ",5.10,65.02,7.06
1598,539320088,"01598M03:16:29.756","01598 02:29:21",206.53,875.05,,,,"     ",5.10,65.17,7.08
1598,539320089,"01598M03:16:30.729","01598 02:29:22",206.54,875.04,,,,"     ",5.10,65.06,7.07
1598,539320090,"01598M03:16:31.703","01598 02:29:23",206.56,874.87,,,,"     ",5.10,65.32,7.10
1598,539320091,"01598M03:16:32.676","01598 02:29:24",206.56,874.98,,,,"     ",5.10,64.90,7.05
1598,539320092,"01598M03:16:33.649","01598 02:29:24",206.57,874.94,,,,"     ",5.10,65.10,7.07
1598,539320093,"01598M03:16:34.622","01598 02:29:25",206.57,875.01,,,,"     ",5.10,65.01,7.06
1598,539320094,"01598M03:16:35.596","01598 02:29:26",206.57,874.90,,,,"     ",5.10,65.09,7.07
1598,539320095,"01598M03:16:36.569","01598 02:29:27",206.58,874.86,,,,"     ",5.10,65.43,7.11
1598,539320096,"01598M03:16:37.542","01598 02:29:28",206.59,874.86,,,,"     ",5.10,65.16,7.07
1598,539320097,"01598M03:16:38.515","01598 02:29:29",206.61,874.81,,,,"     ",5.10,65.32,7.09
1598,539320098,"01598M03:16:39.489","01598 02:29:30",206.64,874.90,,,,"     ",5.10,65.51,7.11
1598,539320099,"01598M03:16:40.462","01598 02:29:31",206.68,874.87,,,,"     ",5.10,65.04,7.06
1598,539320100,"01598M03:16:41.435","01598 02:29:32",206.72,874.95,,,,"     ",5.10,65.38,7.10
1598,539320101,"01598M03:16:42.408","01598 02:29:33",206.77,874.90,,,,"     ",5.10,65.17,7.07
1598,539320102,"01598M03:16:43.382","01598 02:29:34",206.82,874.88,,,,"     ",5.10,65.01,7.05
1598,539320103,"01598M03:16:44.355","01598 02:29:35",206.86,874.96,,,,"     ",5.10,64.95,7.05
1598,539320104,"01598M03:16:45.328","01598 02:29:36",206.88,874.85,,,,"     ",5.10,65.45,7.10
1598,539320105,"01598M03:16:46.301","01598 02:29:37",206.90,874.82,,,,"     ",5.10,65.26,7.08
1598,539320106,"01598M03:16:47.275","01598 02:29:38",206.91,874.78,,,,"     ",5.10,65.39,7.09
1598,539320107,"01598M03:16:48.248","01598 02:29:39",206.92,874.78,,,,"     ",5.10,65.25,7.08
1598,539320108,"01598M03:16:49.221","01598 02:29:40",206.92,874.85,,,,"     ",5.10,65.55,7.11
1598,539320109,"01598M03:16:50.195","01598 02:29:41",206.92,874.88,,,,"     ",5.10,65.65,7.12
1598,539320110,"01598M03:16:51.168","01598 02:29:42",206.92,874.90,,,,"     ",5.10,65.67,7.12
1598,539320111,"01598M03:16:52.141","01598 02:29:43",206.92,874.86,,,,"     ",5.10,65.60,7.11
1598,539320112,"01598M03:16:53.114","01598 02:29:44",206.92,874.90,,,,"     ",5.10,65.52,7.10
1598,539320113,"01598M03:16:54.088","01598 02:29:45",206.91,874.92,,,,"     ",5.10,65.63,7.11
1598,539320114,"01598M03:16:55.061","01598 02:29:46",206.89,874.83,,,,"     ",5.10,65.82,7.13
1598,539320115,"01598M03:16:56.034","01598 02:29:47",206.87,874.86,,,,"     ",5.10,65.42,7.09
1598,539320116,"01598M03:16:57.007","01598 02:29:48",206.85,874.76,,,,"     ",5.10,65.99,7.15
1598,539320117,"01598M03:16:57.981","01598 02:29:49",206.82,874.86,,,,"     ",5.10,65.94,7.15
1598,539320118,"01598M03:16:58.954","01598 02:29:50",206.79,874.95,,,,"     ",5.10,65.74,7.12
1598,539320119,"01598M03:16:59.927","01598 02:29:51",206.75,874.81,,,,"     ",5.10,65.92,7.14
1598,539320120,"01598M03:17:00.900","01598 02:29:52",206.72,874.92,,,,"     ",5.10,65.66,7.11
1598,539320121,"01598M03:17:01.874","01598 02:29:53",206.71,874.93,,,,"     ",5.10,66.10,7.16
1598,539320122,"01598M03:17:02.847","01598 02:29:54",206.70,874.84,,,,"     ",5.10,65.64,7.11
1598,539320123,"01598M03:17:03.820","01598 02:29:55",206.71,874.82,,,,"     ",5.10,66.10,7.16
1598,539320124,"01598M03:17:04.793","01598 02:29:56",206.73,874.85,,,,"     ",5.10,66.21,7.17
1598,539320125,"01598M03:17:05.767","01598 02:29:57",206.76,874.87,,,,"     ",5.10,65.90,7.13
1598,539320126,"01598M03:17:06.740","01598 02:29:58",206.78,874.98,,,,"     ",5.10,66.14,7.16
1598,539320127,"01598M03:17:07.713","01598 02:29:59",206.81,874.93,,,,"     ",5.10,65.81,7.12
1598,539320128,"01598M03:17:08.686","01598 02:30:00",206.84,874.84,,,,"     ",5.10,66.13,7.16
1598,539320129,"01598M03:17:09.660","01598 02:30:00",206.86,874.99,,,,"     ",5.10,66.17,7.16
1598,539320130,"01598M03:17:10.633","01598 02:30:01",206.89,874.96,,,,"     ",5.10,66.19,7.16
1598,539320131,"01598M03:17:11.606","01598 02:30:02",206.91,874.94,,,,"     ",5.10,66.35,7.18
1598,539320132,"01598M03:17:12.579","01598 02:30:03",206.94,874.87,,,,"     ",5.10,66.08,7.14
1598,539320133,"01598M03:17:13.553","01598 02:30:04",206.96,874.98,,,,"     ",5.10,66.32,7.17
1598,539320134,"01598M03:17:14.526","01598 02:30:05",206.98,874.98,,,,"     ",5.10,66.30,7.17
1598,539320135,"01598M03:17:15.499","01598 02:30:06",206.99,875.05,,,,"     ",5.10,66.19,7.15
1598,539320136,"01598M03:17:16.472","01598 02:30:07",207.01,875.05,,,,"     ",5.10,66.20,7.15
1598,539320137,"01598M03:17:17.446","01598 02:30:08",207.02,874.99,,,,"     ",5.10,66.22,7.16
1598,539320138,"01598M03:17:18.419","01598 02:30:09",207.04,875.07,,,,"     ",5.10,66.30,7.16
1598,539320139,"01598M03:17:19.392","01598 02:30:10",207.07,875.10,,,,"     ",5.10,66.38,7.17
1598,539320140,"01598M03:17:20.365","01598 02:30:11",207.09,875.02,,,,"     ",5.10,66.66,7.20
1598,539320141,"01598M03:17:21.339","01598 02:30:12",207.12,875.09,,,,"     ",5.10,66.10,7.14
1598,539320142,"01598M03:17:22.312","01598 02:30:13",207.13,874.97,,,,"     ",5.10,66.26,7.16
1598,539320143,"01598M03:17:23.285","01598 02:30:14",207.15,874.92,,,,"     ",5.10,66.37,7.17
1598,539320144,"01598M03:17:24.258","01598 02:30:15",207.15,875.01,,,,"     ",5.10,66.09,7.14
1598,539320145,"01598M03:17:25.232","01598 02:30:16",207.15,874.98,,,,"     ",5.10,66.34,7.16
1598,539320146,"01598M03:17:26.205","01598 02:30:17",207.15,874.94,,,,"     ",5.10,66.24,7.15
1598,539320147,"01598M03:17:27.178","01598 02:30:18",207.14,875.04,,,,"     ",5.10,66.18,7.14
1598,539320148,"01598M03:17:28.151","01598 02:30:19",207.13,874.99,,,,"     ",5.10,66.22,7.15
1598,539320149,"01598M03:17:29.125","01598 02:30:20",207.13,874.91,,,,"     ",5.10,66.44,7.17
1598,539320150,"01598M03:17:30.098","01598 02:30:21",207.14,875.03,,,,"     ",5.10,66.37,7.16
1598,539320151,"01598M03:17:31.071","01598 02:30:22",207.15,874.91,,,,"     ",5.10,66.41,7.17
1598,539320152,"01598M03:17:32.044","01598 02:30:23",207.17,875.00,,,,"     ",5.10,66.48,7.17
1598,539320153,"01598M03:17:33.018","01598 02:30:24",207.20,874.94,,,,"     ",5.10,66.72,7.20
1598,539320154,"01598M03:17:33.991","01598 02:30:25",207.23,874.89,,,,"     ",5.10,66.61,7.18
1598,539320155,"01598M03:17:34.964","01598 02:30:26",207.26,874.96,,,,"     ",5.10,66.29,7.15
1598,539320156,"01598M03:17:35.937","01598 02:30:27",207.29,875.08,,,,"     ",5.10,66.44,7.16
1598,539320157,"01598M03:17:36.911","01598 02:30:28",207.33,875.12,,,,"     ",5.10,66.63,7.18
1598,539320158,"01598M03:17:37.884","01598 02:30:29",207.37,874.98,,,,"     ",5.10,66.31,7.15
1598,539320159,"01598M03:17:38.857","01598 02:30:30",207.42,874.93,,,,"     ",5.10,66.59,7.18
1598,539320160,"01598M03:17:39.830","01598 02:30:31",207.46,874.94,,,,"     ",5.10,66.80,7.20
1598,539320161,"01598M03:17:40.804","01598 02:30:32",207.50,874.95,,,,"     ",5.10,66.85,7.20
1598,539320162,"01598M03:17:41.777","01598 02:30:33",207.53,874.88,,,,"     ",5.10,66.76,7.19
1598,539320163,"01598M03:17:42.750","01598 02:30:34",207.56,874.98,,,,"     ",5.10,66.90,7.20
1598,539320164,"01598M03:17:43.723","01598 02:30:35",207.58,874.99,,,,"     ",5.10,66.76,7.19
1598,539320165,"01598M03:17:44.697","01598 02:30:36",207.59,875.06,,,,"     ",5.10,67.01,7.21
1598,539320166,"01598M03:17:45.670","01598 02:30:36",207.60,875.07,,,,"     ",5.10,66.80,7.19
1598,539320167,"01598M03:17:46.643","01598 02:30:37",207.60,875.00,,,,"     ",5.10,66.85,7.19
1598,539320168,"01598M03:17:47.616","01598 02:30:38",207.60,874.97,,,,"     ",5.10,66.94,7.20
1598,539320169,"01598M03:17:48.590","01598 02:30:39",207.60,874.95,,,,"     ",5.10,66.86,7.19
1598,539320170,"01598M03:17:49.563","01598 02:30:40",207.59,874.92,,,,"     ",5.10,67.04,7.21
1598,539320171,"01598M03:17:50.536","01598 02:30:41",207.58,874.97,,,,"     ",5.10,66.89,7.19
1598,539320172,"01598M03:17:51.509","01598 02:30:42",207.57,874.92,,,,"     ",5.10,67.12,7.22
1598,539320173,"01598M03:17:52.483","01598 02:30:43",207.57,874.95,,,,"     ",5.10,67.01,7.20
1598,539320174,"01598M03:17:53.456","01598 02:30:44",207.58,874.97,,,,"     ",5.10,66.89,7.19
1598,539320175,"01598M03:17:54.429","01598 02:30:45",207.61,875.01,,,,"     ",5.10,67.37,7.24
1598,539320176,"01598M03:17:55.402","01598 02:30:46",207.65,874.84,,,,"     ",5.10,67.20,7.22
1598,539320177,"01598M03:17:56.376","01598 02:30:47",207.70,875.01,,,,"     ",5.10,67.09,7.20
1598,539320178,"01598M03:17:57.349","01598 02:30:48",207.77,874.98,,,,"     ",5.10,67.14,7.21
1598,539320179,"01598M03:17:58.322","01598 02:30:49",207.83,874.96,,,,"     ",5.10,67.37,7.23
1598,539320180,"01598M03:17:59.296","01598 02:30:50",207.91,875.02,,,,"     ",5.10,67.19,7.21
1598,539320181,"01598M03:18:00.269","01598 02:30:51",207.98,875.07,,,,"     ",5.10,67.33,7.22
1598,539320182,"01598M03:18:01.242","01598 02:30:52",208.04,875.06,,,,"     ",5.10,67.25,7.21
1598,539320183,"01598M03:18:02.215","01598 02:30:53",208.09,875.03,,,,"     ",5.10,67.37,7.23
1598,539320184,"01598M03:18:03.189","01598 02:30:54",208.13,875.10,,,,"     ",5.10,67.63,7.25
1598,539320185,"01598M03:18:04.162","01598 02:30:55",208.16,875.07,,,,"     ",5.10,67.45,7.23
1598,539320186,"01598M03:18:05.135","01598 02:30:56",208.18,875.09,,,,"     ",5.10,67.78,7.26
1598,539320187,"01598M03:18:06.108","01598 02:30:57",208.18,875.00,,,,"     ",5.10,67.52,7.23
1598,539320188,"01598M03:18:07.082","01598 02:30:58",208.17,875.01,,,,"     ",5.10,67.65,7.25
1598,539320189,"01598M03:18:08.055","01598 02:30:59",208.15,875.00,,,,"     ",5.10,67.59,7.24
1598,539320190,"01598M03:18:09.028","01598 02:31:00",208.12,874.94,,,,"     ",5.10,67.60,7.23
1598,539320191,"01598M03:18:10.001","01598 02:31:01",208.08,875.08,,,,"     ",5.10,67.50,7.22
1598,539320192,"01598M03:18:10.975","01598 02:31:02",208.03,875.02,,,,"     ",5.10,67.48,7.22
1598,539320193,"01598M03:18:11.948","01598 02:31:03",207.99,875.08,,,,"     ",5.10,67.75,7.25
1598,539320194,"01598M03:18:12.921","01598 02:31:04",207.94,875.07,,,,"     ",5.10,67.65,7.23
1598,539320195,"01598M03:18:13.894","01598 02:31:05",207.90,875.04,,,,"     ",5.10,67.42,7.21
1598,539320196,"01598M03:18:14.868","01598 02:31:06",207.86,875.13,,,,"     ",5.10,67.55,7.22
1598,539320197,"01598M03:18:15.841","01598 02:31:07",207.83,875.17,,,,"     ",5.10,67.45,7.21
1598,539320198,"01598M03:18:16.814","01598 02:31:08",207.81,875.08,,,,"     ",5.10,67.89,7.25
1598,539320199,"01598M03:18:17.787","01598 02:31:09",207.80,874.95,,,,"     ",5.10,67.63,7.22
1598,539320200,"01598M03:18:18.761","01598 02:31:10",207.79,875.05,,,,"     ",5.10,67.46,7.20
1598,539320201,"01598M03:18:19.734","01598 02:31:11",207.80,874.98,,,,"     ",5.10,68.08,7.27
1598,539320202,"01598M03:18:20.707","01598 02:31:12",207.80,874.95,,,,"     ",5.10,67.78,7.24
1598,539320203,"01598M03:18:21.680","01598 02:31:13",207.82,875.00,,,,"     ",5.10,68.03,7.26
1598,539320204,"01598M03:18:22.654","01598 02:31:13",207.83,875.09,,,,"     ",5.10,67.64,7.22
1598,539320205,"01598M03:18:23.627","01598 02:31:14",207.85,875.16,,,,"     ",5.10,67.97,7.25
1598,539320206,"01598M03:18:24.600","01598 02:31:15",207.87,875.09,,,,"     ",5.10,67.84,7.24
1598,539320207,"01598M03:18:25.573","01598 02:31:16",207.88,875.08,,,,"     ",5.10,68.13,7.26
1598,539320208,"01598M03:18:26.547","01598 02:31:17",207.88,875.04,,,,"     ",5.10,67.96,7.25
1598,539320209,"01598M03:18:27.520","01598 02:31:18",207.88,875.12,,,,"     ",5.10,67.95,7.25
1598,539320210,"01598M03:18:28.493","01598 02:31:19",207.87,875.17,,,,"     ",5.10,68.05,7.25
1598,539320211,"01598M03:18:29.466","01598 02:31:20",207.85,875.01,,,,"     ",5.10,67.88,7.24
1598,539320212,"01598M03:18:30.440","01598 02:31:21",207.82,875.06,,,,"     ",5.10,67.98,7.24
1598,539320213,"01598M03:18:31.413","01598 02:31:22",207.80,875.07,,,,"     ",5.10,67.99,7.24
1598,539320214,"01598M03:18:32.386","01598 02:31:23",207.76,875.08,,,,"     ",5.10,68.42,7.29
1598,539320215,"01598M03:18:33.359","01598 02:31:24",207.73,875.07,,,,"     ",5.10,68.06,7.25
1598,539320216,"01598M03:18:34.333","01598 02:31:25",207.70,875.06,,,,"     ",5.10,68.06,7.25
1598,539320217,"01598M03:18:35.306","01598 02:31:26",207.68,875.08,,,,"     ",5.10,68.19,7.26
1598,539320218,"01598M03:18:36.279","01598 02:31:27",207.66,875.12,,,,"     ",5.10,68.03,7.25
1598,539320219,"01598M03:18:37.252","01598 02:31:28",207.64,875.16,,,,"     ",5.10,68.09,7.25
1598,539320220,"01598M03:18:38.226","01598 02:31:29",207.63,875.07,,,,"     ",5.10,68.00,7.24
1598,539320221,"01598M03:18:39.199","01598 02:31:30",207.61,875.00,,,,"     ",5.10,68.07,7.25
1598,539320222,"01598M03:18:40.172","01598 02:31:31",207.60,875.01,,,,"     ",5.10,68.03,7.24
1598,539320223,"01598M03:18:41.145","01598 02:31:32",207.58,875.07,,,,"     ",5.10,67.68,7.20
1598,539320224,"01598M03:18:42.119","01598 02:31:33",207.56,875.04,,,,"     ",5.10,67.81,7.22
1598,539320225,"01598M03:18:43.092","01598 02:31:34",207.54,875.03,,,,"     ",5.10,67.90,7.23
1598,539320226,"01598M03:18:44.065","01598 02:31:35",207.52,875.10,,,,"     ",5.10,67.93,7.23
1598,539320227,"01598M03:18:45.038","01598 02:31:36",207.50,875.09,,,,"     ",5.10,68.18,7.26
1598,539320228,"01598M03:18:46.012","01598 02:31:37",207.47,875.09,,,,"     ",5.10,68.11,7.25
1598,539320229,"01598M03:18:46.985","01598 02:31:38",207.45,875.18,,,,"     ",5.10,68.11,7.25
1598,539320230,"01598M03:18:47.958","01598 02:31:39",207.43,875.15,,,,"     ",5.10,67.92,7.23
1598,539320231,"01598M03:18:48.931","01598 02:31:40",207.41,875.11,,,,"     ",5.10,68.01,7.24
1598,539320232,"01598M03:18:49.905","01598 02:31:41",207.39,875.06,,,,"     ",5.10,67.99,7.24
1598,539320233,"01598M03:18:50.878","01598 02:31:42",207.38,874.98,,,,"     ",5.10,67.94,7.23
1598,539320234,"01598M03:18:51.851","01598 02:31:43",207.37,875.05,,,,"     ",5.10,67.75,7.21
1598,539320235,"01598M03:18:52.824","01598 02:31:44",207.36,875.12,,,,"     ",5.10,67.81,7.21
1598,539320236,"01598M03:18:53.798","01598 02:31:45",207.36,875.12,,,,"     ",5.10,68.12,7.25
1598,539320237,"01598M03:18:54.771","01598 02:31:46",207.37,875.15,,,,"     ",5.10,67.89,7.23
1598,539320238,"01598M03:18:55.744","01598 02:31:47",207.37,875.10,,,,"     ",5.10,67.76,7.21
1598,539320239,"01598M03:18:56.717","01598 02:31:48",207.38,875.10,,,,"     ",5.10,67.75,7.21
1598,539320240,"01598M03:18:57.691","01598 02:31:49",207.40,875.12,,,,"     ",5.10,67.71,7.20
1598,539320241,"01598M03:18:58.664","01598 02:31:49",207.41,875.15,,,,"     ",5.10,67.89,7.22
1598,539320242,"01598M03:18:59.637","01598 02:31:50",207.43,875.17,,,,"     ",5.10,67.94,7.23
1598,539320243,"01598M03:19:00.610","01598 02:31:51",207.45,875.12,,,,"     ",5.10,68.12,7.25
1598,539320244,"01598M03:19:01.584","01598 02:31:52",207.46,875.09,,,,"     ",5.10,67.35,7.16
1598,539320245,"01598M03:19:02.557","01598 02:31:53",207.47,875.20,,,,"     ",5.10,67.97,7.24
1598,539320246,"01598M03:19:03.530","01598 02:31:54",207.47,875.16,,,,"     ",5.10,68.07,7.25
1598,539320247,"01598M03:19:04.503","01598 02:31:55",207.47,875.12,,,,"     ",5.10,68.21,7.26
1598,539320248,"01598M03:19:05.477","01598 02:31:56",207.45,875.14,,,,"     ",5.10,67.72,7.21
1598,539320249,"01598M03:19:06.450","01598 02:31:57",207.43,875.14,,,,"     ",5.10,68.27,7.27
1598,539320250,"01598M03:19:07.423","01598 02:31:58",207.39,875.12,,,,"     ",5.10,67.87,7.23
1598,539320251,"01598M03:19:08.397","01598 02:31:59",207.34,875.11,,,,"     ",5.10,67.64,7.20
1598,539320252,"01598M03:19:09.370","01598 02:32:00",207.28,875.07,,,,"     ",5.10,67.79,7.22
1598,539320253,"01598M03:19:10.343","01598 02:32:01",207.23,875.14,,,,"     ",5.10,67.82,7.22
1598,539320254,"01598M03:19:11.316","01598 02:32:02",207.17,875.07,,,,"     ",5.10,67.68,7.20
1598,539320255,"01598M03:19:12.290","01598 02:32:03",207.11,875.24,,,,"     ",5.10,67.80,7.22
1598,539320256,"01598M03:19:13.263","01598 02:32:04",207.05,875.28,,,,"     ",5.10,67.96,7.24
1598,539320257,"01598M03:19:14.236","01598 02:32:05",207.00,875.17,,,,"     ",5.10,67.77,7.22
1598,539320258,"01598M03:19:15.209","01598 02:32:06",206.94,875.26,,,,"     ",5.10,67.96,7.24
1598,539320259,"01598M03:19:16.183","01598 02:32:07",206.89,875.30,,,,"     ",5.10,67.46,7.18
1598,539320260,"01598M03:19:17.156","01598 02:32:08",206.84,875.26,,,,"     ",5.10,67.51,7.19
1598,539320261,"01598M03:19:18.129","01598 02:32:09",206.80,875.24,,,,"     ",5.10,67.53,7.19
1598,539320262,"01598M03:19:19.102","01598 02:32:10",206.76,875.18,,,,"     ",5.10,67.83,7.22
1598,539320263,"01598M03:19:20.076","01598 02:32:11",206.73,875.22,,,,"     ",5.10,67.77,7.22
1598,539320264,"01598M03:19:21.049","01598 02:32:12",206.70,875.14,,,,"     ",5.10,67.64,7.20
1598,539320265,"01598M03:19:22.022","01598 02:32:13",206.67,875.16,,,,"     ",5.10,67.67,7.21
1598,539320266,"01598M03:19:22.995","01598 02:32:14",206.66,875.13,,,,"     ",5.10,67.48,7.19
1598,539320267,"01598M03:19:23.969","01598 02:32:15",206.66,875.09,,,,"     ",5.10,67.82,7.23
1598,539320268,"01598M03:19:24.942","01598 02:32:16",206.66,875.14,,,,"     ",5.10,67.54,7.20
1598,539320269,"01598M03:19:25.915","01598 02:32:17",206.67,875.18,,,,"     ",5.10,67.65,7.21
1598,539320270,"01598M03:19:26.888","01598 02:32:18",206.69,875.26,,,,"     ",5.10,67.71,7.22
1598,539320271,"01598M03:19:27.862","01598 02:32:19",206.71,875.24,,,,"     ",5.10,67.41,7.19
1598,539320272,"01598M03:19:28.835","01598 02:32:20",206.73,875.24,,,,"     ",5.10,67.51,7.20
1598,539320273,"01598M03:19:29.808","01598 02:32:21",206.75,875.23,,,,"     ",5.10,67.58,7.20
1598,539320274,"01598M03:19:30.781","01598 02:32:22",206.77,875.23,,,,"     ",5.10,67.38,7.18
1598,539320275,"01598M03:19:31.755","01598 02:32:23",206.78,875.29,,,,"     ",5.10,67.51,7.20
1598,539320276,"01598M03:19:32.728","01598 02:32:24",206.80,875.27,,,,"     ",5.10,67.17,7.16
1598,539320277,"01598M03:19:33.701","01598 02:32:25",206.80,875.36,,,,"     ",5.10,67.15,7.16
1598,539320278,"01598M03:19:34.674","01598 02:32:25",206.81,875.22,,,,"     ",5.10,67.71,7.22
1598,539320279,"01598M03:19:35.648","01598 02:32:26",206.82,875.34,,,,"     ",5.10,67.65,7.22
1598,539320280,"01598M03:19:36.621","01598 02:32:27",206.82,875.37,,,,"     ",5.10,67.52,7.20
1598,539320281,"01598M03:19:37.594","01598 02:32:28",206.82,875.33,,,,"     ",5.10,67.40,7.19
1598,539320282,"01598M03:19:38.567","01598 02:32:29",206.82,875.29,,,,"     ",5.10,67.21,7.17
1598,539320283,"01598M03:19:39.541","01598 02:32:30",206.82,875.34,,,,"     ",5.10,67.37,7.19
1598,539320284,"01598M03:19:40.514","01598 02:32:31",206.81,875.28,,,,"     ",5.10,67.39,7.19
1598,539320285,"01598M03:19:41.487","01598 02:32:32",206.79,875.31,,,,"     ",5.10,67.35,7.19
1598,539320286,"01598M03:19:42.460","01598 02:32:33",206.77,875.17,,,,"     ",5.10,67.30,7.18
1598,539320287,"01598M03:19:43.434","01598 02:32:34",206.74,875.14,,,,"     ",5.10,67.43,7.20
1598,539320288,"01598M03:19:44.407","01598 02:32:35",206.72,875.13,,,,"     ",5.10,67.60,7.22
1598,539320289,"01598M03:19:45.380","01598 02:32:36",206.70,875.12,,,,"     ",5.10,67.37,7.19
1598,539320290,"01598M03:19:46.353","01598 02:32:37",206.69,875.16,,,,"     ",5.10,67.65,7.22
1598,539320291,"01598M03:19:47.327","01598 02:32:38",206.68,875.11,,,,"     ",5.10,67.37,7.19
1598,539320292,"01598M03:19:48.300","01598 02:32:39",206.67,875.22,,,,"     ",5.10,67.53,7.21
1598,539320293,"01598M03:19:49.273","01598 02:32:40",206.67,875.21,,,,"     ",5.10,67.47,7.20
1598,539320294,"01598M03:19:50.246","01598 02:32:41",206.67,875.21,,,,"     ",5.10,67.43,7.20
1598,539320295,"01598M03:19:51.220","01598 02:32:42",206.68,875.24,,,,"     ",5.10,67.43,7.20
1598,539320296,"01598M03:19:52.193","01598 02:32:43",206.68,875.23,,,,"     ",5.10,67.53,7.21
1598,539320297,"01598M03:19:53.166","01598 02:32:44",206.68,875.27,,,,"     ",5.10,67.47,7.21
1598,539320298,"01598M03:19:54.139","01598 02:32:45",206.68,875.24,,,,"     ",5.10,67.52,7.21
1598,539320299,"01598M03:19:55.113","01598 02:32:46",206.68,875.28,,,,"     ",5.10,67.22,7.18
1598,539320300,"01598M03:19:56.086","01598 02:32:47",206.67,875.26,,,,"     ",5.10,67.66,7.23
1598,539320301,"01598M03:19:57.059","01598 02:32:48",206.67,875.28,,,,"     ",5.10,67.69,7.23
1598,539320302,"01598M03:19:58.032","01598 02:32:49",206.67,875.18,,,,"     ",5.10,67.61,7.22
1598,539320303,"01598M03:19:59.006","01598 02:32:50",206.68,875.23,,,,"     ",5.10,67.34,7.20
1598,539320304,"01598M03:19:59.979","01598 02:32:51",206.69,875.25,,,,"     ",5.10,67.33,7.19
1598,539320305,"01598M03:20:00.952","01598 02:32:52",206.71,875.29,,,,"     ",5.10,67.67,7.23
1598,539320306,"01598M03:20:01.925","01598 02:32:53",206.73,875.31,,,,"     ",5.10,67.37,7.20
1598,539320307,"01598M03:20:02.899","01598 02:32:54",206.75,875.28,,,,"     ",5.10,67.52,7.22
1598,539320308,"01598M03:20:03.872","01598 02:32:55",206.77,875.29,,,,"     ",5.10,67.42,7.21
1598,539320309,"01598M03:20:04.845","01598 02:32:56",206.79,875.31,,,,"     ",5.10,67.39,7.21
1598,539320310,"01598M03:20:05.818","01598 02:32:57",206.82,875.33,,,,"     ",5.10,67.47,7.21
1598,539320311,"01598M03:20:06.792","01598 02:32:58",206.83,875.36,,,,"     ",5.10,67.46,7.21
1598,539320312,"01598M03:20:07.765","01598 02:32:59",206.85,875.28,,,,"     ",5.10,67.74,7.24
1598,539320313,"01598M03:20:08.738","01598 02:33:00",206.87,875.37,,,,"     ",5.10,67.50,7.22
1598,539320314,"01598M03:20:09.711","01598 02:33:01",206.88,875.29,,,,"     ",5.10,67.44,7.21
1598,539320315,"01598M03:20:10.685","01598 02:33:01",206.88,875.30,,,,"     ",5.10,67.30,7.20
1598,539320316,"01598M03:20:11.658","01598 02:33:02",206.88,875.25,,,,"     ",5.10,67.62,7.23
1598,539320317,"01598M03:20:12.631","01598 02:33:03",206.89,875.41,,,,"     ",5.10,67.48,7.21
1598,539320318,"01598M03:20:13.604","01598 02:33:04",206.88,875.44,,,,"     ",5.10,67.34,7.20
1598,539320319,"01598M03:20:14.578","01598 02:33:05",206.88,875.30,,,,"     ",5.10,67.47,7.22
1598,539320320,"01598M03:20:15.551","01598 02:33:06",206.86,875.33,,,,"     ",5.10,67.42,7.21
1598,539320321,"01598M03:20:16.524","01598 02:33:07",206.84,875.34,,,,"     ",5.10,67.47,7.21
1598,539320322,"01598M03:20:17.497","01598 02:33:08",206.82,875.45,,,,"     ",5.10,67.33,7.20
1598,539320323,"01598M03:20:18.471","01598 02:33:09",206.80,875.39,,,,"     ",5.10,67.50,7.22
1598,539320324,"01598M03:20:19.444","01598 02:33:10",206.78,875.34,,,,"     ",5.10,67.08,7.17
1598,539320325,"01598M03:20:20.417","01598 02:33:11",206.76,875.36,,,,"     ",5.10,67.18,7.19
1598,539320326,"01598M03:20:21.391","01598 02:33:12",206.74,875.34,,,,"     ",5.10,67.36,7.21
1598,539320327,"01598M03:20:22.364","01598 02:33:13",206.72,875.24,,,,"     ",5.10,67.19,7.18
1598,539320328,"01598M03:20:23.337","01598 02:33:14",206.71,875.36,,,,"     ",5.10,67.25,7.19
1598,539320329,"01598M03:20:24.310","01598 02:33:15",206.70,875.38,,,,"     ",5.10,67.11,7.18
1598,539320330,"01598M03:20:25.284","01598 02:33:16",206.70,875.37,,,,"     ",5.10,67.16,7.18
1598,539320331,"01598M03:20:26.257","01598 02:33:17",206.71,875.33,,,,"     ",5.10,66.94,7.16
1598,539320332,"01598M03:20:27.230","01598 02:33:18",206.74,875.32,,,,"     ",5.10,66.85,7.15
1598,539320333,"01598M03:20:28.203","01598 02:33:19",206.78,875.36,,,,"     ",5.10,66.81,7.15
1598,539320334,"01598M03:20:29.177","01598 02:33:20",206.80,875.40,,,,"     ",5.10,67.26,7.20
1598,539320335,"01598M03:20:30.150","01598 02:33:21",206.82,875.40,,,,"     ",5.10,66.81,7.15
1598,539320336,"01598M03:20:31.123","01598 02:33:22",206.83,875.38,,,,"     ",5.10,67.20,7.19
1598,539320337,"01598M03:20:32.096","01598 02:33:23",206.84,875.34,,,,"     ",5.10,66.92,7.16
1598,539320338,"01598M03:20:33.070","01598 02:33:24",206.84,875.39,,,,"     ",5.10,66.98,7.17
1598,539320339,"01598M03:20:34.043","01598 02:33:25",206.84,875.33,,,,"     ",5.10,66.82,7.15
1598,539320340,"01598M03:20:35.016","01598 02:33:26",206.84,875.41,,,,"     ",5.10,67.18,7.19
1598,539320341,"01598M03:20:35.989","01598 02:33:27",206.83,875.33,,,,"     ",5.10,66.87,7.15
1598,539320342,"01598M03:20:36.963","01598 02:33:28",206.83,875.37,,,,"     ",5.10,66.86,7.16
1598,539320343,"01598M03:20:37.936","01598 02:33:29",206.81,875.40,,,,"     ",5.10,66.98,7.17
1598,539320344,"01598M03:20:38.909","01598 02:33:30",206.80,875.34,,,,"     ",5.10,66.96,7.17
1598,539320345,"01598M03:20:39.882","01598 02:33:31",206.78,875.43,,,,"     ",5.10,66.91,7.16
1598,539320346,"01598M03:20:40.856","01598 02:33:32",206.76,875.37,,,,"     ",5.10,66.98,7.17
1598,539320347,"01598M03:20:41.829","01598 02:33:33",206.74,875.39,,,,"     ",5.10,67.13,7.19
1598,539320348,"01598M03:20:42.802","01598 02:33:34",206.71,875.41,,,,"     ",5.10,66.96,7.16
1598,539320349,"01598M03:20:43.775","01598 02:33:35",206.68,875.42,,,,"     ",5.10,66.84,7.15
1598,539320350,"01598M03:20:44.749","01598 02:33:36",206.64,875.40,,,,"     ",5.10,67.03,7.18
1598,539320351,"01598M03:20:45.722","01598 02:33:37",206.60,875.41,,,,"     ",5.10,67.01,7.18
1598,539320352,"01598M03:20:46.695","01598 02:33:37",206.54,875.44,,,,"     ",5.10,66.87,7.16
1598,539320353,"01598M03:20:47.668","01598 02:33:38",206.57,875.37,,,,"     ",5.10,66.89,7.16
1598,539320354,"01598M03:20:48.642","01598 02:33:39",206.59,875.43,,,,"     ",5.10,66.74,7.15
1598,539320355,"01598M03:20:49.615","01598 02:33:40",206.61,875.39,,,,"     ",5.10,66.58,7.13
1598,539320356,"01598M03:20:50.588","01598 02:33:41",206.63,875.42,,,,"     ",5.10,67.27,7.21
1598,539320357,"01598M03:20:51.561","01598 02:33:42",206.65,875.44,,,,"     ",5.10,66.99,7.18
1598,539320358,"01598M03:20:52.535","01598 02:33:43",206.66,875.33,,,,"     ",5.10,66.54,7.12
1598,539320359,"01598M03:20:53.508","01598 02:33:44",206.67,875.43,,,,"     ",5.10,66.68,7.14
1598,539320360,"01598M03:20:54.481","01598 02:33:45",206.67,875.40,,,,"     ",5.10,66.59,7.13
1598,539320361,"01598M03:20:55.454","01598 02:33:46",206.67,875.37,,,,"     ",5.10,66.96,7.17
1598,539320362,"01598M03:20:56.428","01598 02:33:47",206.67,875.41,,,,"     ",5.10,66.86,7.16
1598,539320363,"01598M03:20:57.401","01598 02:33:48",206.67,875.49,,,,"     ",5.10,66.75,7.15
1598,539320364,"01598M03:20:58.374","01598 02:33:49",206.67,875.43,,,,"     ",5.10,66.94,7.17
1598,539320365,"01598M03:20:59.347","01598 02:33:50",206.66,875.40,,,,"     ",5.10,66.51,7.12
1598,539320366,"01598M03:21:00.321","01598 02:33:51",206.65,875.41,,,,"     ",5.10,66.64,7.14
1598,539320367,"01598M03:21:01.294","01598 02:33:52",206.60,875.46,,,,"     ",5.10,66.36,7.10
1598,539320368,"01598M03:21:02.267","01598 02:33:53",206.56,875.47,,,,"     ",5.10,66.75,7.15
1598,539320369,"01598M03:21:03.240","01598 02:33:54",206.52,875.40,,,,"     ",5.10,66.45,7.12
1598,539320370,"01598M03:21:04.214","01598 02:33:55",206.49,875.34,,,,"     ",5.10,66.76,7.15
1598,539320371,"01598M03:21:05.187","01598 02:33:56",206.48,875.55,,,,"     ",5.10,66.44,7.12
1598,539320372,"01598M03:21:06.160","01598 02:33:57",206.48,875.46,,,,"     ",5.10,66.51,7.13
1598,539320373,"01598M03:21:07.133","01598 02:33:58",206.51,875.49,,,,"     ",5.10,66.13,7.08
1598,539320374,"01598M03:21:08.107","01598 02:33:59",206.54,875.46,,,,"     ",5.10,66.41,7.11
1598,539320375,"01598M03:21:09.080","01598 02:34:00",206.60,875.51,,,,"     ",5.10,66.41,7.11
1598,539320376,"01598M03:21:10.053","01598 02:34:01",206.66,875.56,,,,"     ",5.10,66.65,7.14
1598,539320377,"01598M03:21:11.026","01598 02:34:02",206.72,875.53,,,,"     ",5.10,66.07,7.07
1598,539320378,"01598M03:21:12.000","01598 02:34:03",206.77,875.58,,,,"     ",5.10,66.40,7.11
1598,539320379,"01598M03:21:12.973","01598 02:34:04",206.81,875.52,,,,"     ",5.10,66.10,7.08
1598,539320380,"01598M03:21:13.946","01598 02:34:05",206.82,875.63,,,,"     ",5.10,66.18,7.09
1598,539320381,"01598M03:21:14.919","01598 02:34:06",206.83,875.56,,,,"     ",5.10,66.20,7.09
1598,539320382,"01598M03:21:15.893","01598 02:34:07",206.82,875.56,,,,"     ",5.10,66.31,7.10
1598,539320383,"01598M03:21:16.866","01598 02:34:08",206.81,875.50,,,,"     ",5.10,66.17,7.09
1598,539320384,"01598M03:21:17.839","01598 02:34:09",206.79,875.34,,,,"     ",5.10,66.03,7.07
1598,539320385,"01598M03:21:18.812","01598 02:34:10",206.77,875.44,,,,"     ",5.10,66.41,7.11
1598,539320386,"01598M03:21:19.786","01598 02:34:11",206.75,875.47,,,,"     ",5.10,66.27,7.10
1598,539320387,"01598M03:21:20.759","01598 02:34:12",206.74,875.51,,,,"     ",5.10,66.20,7.09
1598,539320388,"01598M03:21:21.732","01598 02:34:13",206.74,875.53,,,,"     ",5.10,66.38,7.11
1598,539320389,"01598M03:21:22.705","01598 02:34:13",206.75,875.49,,,,"     ",5.10,66.38,7.11
1598,539320390,"01598M03:21:23.679","01598 02:34:14",206.77,875.56,,,,"     ",5.10,66.15,7.08
1598,539320391,"01598M03:21:24.652","01598 02:34:15",206.81,875.56,,,,"     ",5.10,66.20,7.09
1598,539320392,"01598M03:21:25.625","01598 02:34:16",206.85,875.52,,,,"     ",5.10,66.22,7.09
1598,539320393,"01598M03:21:26.598","01598 02:34:17",206.90,875.51,,,,"     ",5.10,66.20,7.09
1598,539320394,"01598M03:21:27.572","01598 02:34:18",206.95,875.46,,,,"     ",5.10,65.78,7.04
1598,539320395,"01598M03:21:28.545","01598 02:34:19",207.01,875.61,,,,"     ",5.10,66.23,7.09
1598,539320396,"01598M03:21:29.518","01598 02:34:20",207.06,875.53,,,,"     ",5.10,66.12,7.08
1598,539320397,"01598M03:21:30.492","01598 02:34:21",207.11,875.54,,,,"     ",5.10,66.50,7.12
1598,539320398,"01598M03:21:31.465","01598 02:34:22",207.15,875.53,,,,"     ",5.10,66.25,7.09
1598,539320399,"01598M03:21:32.438","01598 02:34:23",207.18,875.53,,,,"     ",5.10,66.00,7.07
1598,539320400,"01598M03:21:33.411","01598 02:34:24",207.19,875.58,,,,"     ",5.10,66.23,7.09
1598,539320401,"01598M03:21:34.385","01598 02:34:25",207.18,875.48,,,,"     ",5.10,66.09,7.07
1598,539320402,"01598M03:21:35.358","01598 02:34:26",207.16,875.48,,,,"     ",5.10,66.35,7.10
1598,539320403,"01598M03:21:36.331","01598 02:34:27",207.12,875.52,,,,"     ",5.10,66.12,7.08
1598,539320404,"01598M03:21:37.304","01598 02:34:28",207.07,875.54,,,,"     ",5.10,66.25,7.09
1598,539320405,"01598M03:21:38.278","01598 02:34:29",207.02,875.51,,,,"     ",5.10,66.50,7.12
1598,539320406,"01598M03:21:39.251","01598 02:34:30",207.00,875.60,,,,"     ",5.10,66.02,7.07
1598,539320407,"01598M03:21:40.224","01598 02:34:31",206.99,875.56,,,,"     ",5.10,66.08,7.07
1598,539320408,"01598M03:21:41.197","01598 02:34:32",206.99,875.45,,,,"     ",5.10,65.91,7.06
1598,539320409,"01598M03:21:42.171","01598 02:34:33",207.01,875.54,,,,"     ",5.10,66.20,7.09
1598,539320410,"01598M03:21:43.144","01598 02:34:34",207.02,875.48,,,,"     ",5.10,65.92,7.06
1598,539320411,"01598M03:21:44.117","01598 02:34:35",207.03,875.51,,,,"     ",5.10,65.82,7.04
1598,539320412,"01598M03:21:45.090","01598 02:34:36",207.03,875.53,,,,"     ",5.10,66.08,7.07
1598,539320413,"01598M03:21:46.064","01598 02:34:37",207.00,875.59,,,,"     ",5.10,65.81,7.04
1598,539320414,"01598M03:21:47.037","01598 02:34:38",206.95,875.47,,,,"     ",5.10,66.12,7.08
1598,539320415,"01598M03:21:48.010","01598 02:34:39",206.90,875.51,,,,"     ",5.10,65.81,7.04
1598,539320416,"01598M03:21:48.983","01598 02:34:40",206.85,875.46,,,,"     ",5.10,65.98,7.06
1598,539320417,"01598M03:21:49.957","01598 02:34:41",206.80,875.45,,,,"     ",5.10,66.25,7.09
1598,539320418,"01598M03:21:50.930","01598 02:34:42",206.77,875.56,,,,"     ",5.10,66.31,7.10
1598,539320419,"01598M03:21:51.903","01598 02:34:43",206.75,875.55,,,,"     ",5.10,65.97,7.06
1598,539320420,"01598M03:21:52.876","01598 02:34:44",206.74,875.60,,,,"     ",5.10,66.08,7.07
1598,539320421,"01598M03:21:53.850","01598 02:34:45",206.73,875.62,,,,"     ",5.10,65.98,7.06
1598,539320422,"01598M03:21:54.823","01598 02:34:46",206.72,875.60,,,,"     ",5.10,65.99,7.06
1598,539320423,"01598M03:21:55.796","01598 02:34:47",206.72,875.58,,,,"     ",5.10,65.87,7.05
1598,539320424,"01598M03:21:56.769","01598 02:34:48",206.72,875.57,,,,"     ",5.10,66.01,7.06
1598,539320425,"01598M03:21:57.743","01598 02:34:49",206.73,875.59,,,,"     ",5.10,66.19,7.08
1598,539320426,"01598M03:21:58.716","01598 02:34:49",206.76,875.59,,,,"     ",5.10,65.96,7.06
1598,539320427,"01598M03:21:59.689","01598 02:34:50",206.80,875.53,,,,"     ",5.10,66.12,7.07
1598,539320428,"01598M03:22:00.662","01598 02:34:51",206.84,875.45,,,,"     ",5.10,66.17,7.08
1598,539320429,"01598M03:22:01.636","01598 02:34:52",206.87,875.54,,,,"     ",5.10,65.70,7.03
1598,539320430,"01598M03:22:02.609","01598 02:34:53",206.89,875.58,,,,"     ",5.10,66.11,7.07
1598,539320431,"01598M03:22:03.582","01598 02:34:54",206.90,875.51,,,,"     ",5.10,65.75,7.03
1598,539320432,"01598M03:22:04.555","01598 02:34:55",206.90,875.60,,,,"     ",5.10,65.84,7.05
1598,539320433,"01598M03:22:05.529","01598 02:34:56",206.90,875.58,,,,"     ",5.10,65.75,7.03
1598,539320434,"01598M03:22:06.502","01598 02:34:57",206.89,875.65,,,,"     ",5.10,65.88,7.05
1598,539320435,"01598M03:22:07.475","01598 02:34:58",206.88,875.52,,,,"     ",5.10,65.82,7.04
1598,539320436,"01598M03:22:08.448","01598 02:34:59",206.89,875.49,,,,"     ",5.10,65.99,7.06
1598,539320437,"01598M03:22:09.422","01598 02:35:00",206.90,875.48,,,,"     ",5.10,65.92,7.05
1598,539320438,"01598M03:22:10.395","01598 02:35:01",206.91,875.56,,,,"     ",5.10,66.13,7.08
1598,539320439,"01598M03:22:11.368","01598 02:35:02",206.90,875.54,,,,"     ",5.10,65.90,7.05
1598,539320440,"01598M03:22:12.341","01598 02:35:03",206.88,875.60,,,,"     ",5.10,65.76,7.04
1598,539320441,"01598M03:22:13.315","01598 02:35:04",206.84,875.50,,,,"     ",5.10,65.92,7.05
1598,539320442,"01598M03:22:14.288","01598 02:35:05",206.81,875.56,,,,"     ",5.10,65.77,7.04
1598,539320443,"01598M03:22:15.261","01598 02:35:06",206.79,875.62,,,,"     ",5.10,65.74,7.03
1598,539320444,"01598M03:22:16.234","01598 02:35:07",206.80,875.65,,,,"     ",5.10,65.88,7.05
1598,539320445,"01598M03:22:17.208","01598 02:35:08",206.82,875.67,,,,"     ",5.10,66.02,7.07
1598,539320446,"01598M03:22:18.181","01598 02:35:09",206.85,875.64,,,,"     ",5.10,65.96,7.06
1598,539320447,"01598M03:22:19.154","01598 02:35:10",206.90,875.67,,,,"     ",5.10,66.12,7.08
1598,539320448,"01598M03:22:20.127","01598 02:35:11",206.94,875.53,,,,"     ",5.10,65.85,7.05
1598,539320449,"01598M03:22:21.101","01598 02:35:12",206.96,875.65,,,,"     ",5.10,65.89,7.05
1598,539320450,"01598M03:22:22.074","01598 02:35:13",206.97,875.62,,,,"     ",5.10,66.26,7.09
1598,539320451,"01598M03:22:23.047","01598 02:35:14",206.96,875.59,,,,"     ",5.10,66.23,7.09
1598,539320452,"01598M03:22:24.020","01598 02:35:15",206.93,875.70,,,,"     ",5.10,65.74,7.03
1598,539320453,"01598M03:22:24.994","01598 02:35:16",206.88,875.61,,,,"     ",5.10,66.13,7.08
1598,539320454,"01598M03:22:25.967","01598 02:35:17",206.83,875.65,,,,"     ",5.10,66.01,7.06
1598,539320455,"01598M03:22:26.940","01598 02:35:18",206.79,875.57,,,,"     ",5.10,65.98,7.06
1598,539320456,"01598M03:22:27.913","01598 02:35:19",206.76,875.73,,,,"     ",5.10,66.05,7.07
1598,539320457,"01598M03:22:28.887","01598 02:35:20",206.74,875.63,,,,"     ",5.10,65.98,7.06
1598,539320458,"01598M03:22:29.860","01598 02:35:21",206.73,875.66,,,,"     ",5.10,65.88,7.05
1598,539320459,"01598M03:22:30.833","01598 02:35:22",206.72,875.69,,,,"     ",5.10,66.15,7.08
1598,539320460,"01598M03:22:31.806","01598 02:35:23",206.73,875.57,,,,"     ",5.10,66.00,7.06
1598,539320461,"01598M03:22:32.780","01598 02:35:24",206.75,875.61,,,,"     ",5.10,66.09,7.08
1598,539320462,"01598M03:22:33.753","01598 02:35:25",206.79,875.58,,,,"     ",5.10,66.08,7.07
1598,539320463,"01598M03:22:34.726","01598 02:35:25",206.84,875.59,,,,"     ",5.10,65.96,7.06
1598,539320464,"01598M03:22:35.699","01598 02:35:26",206.90,875.72,,,,"     ",5.10,66.02,7.07
1598,539320465,"01598M03:22:36.673","01598 02:35:27",206.97,875.66,,,,"     ",5.10,65.86,7.05
1598,539320466,"01598M03:22:37.646","01598 02:35:28",207.01,875.69,,,,"     ",5.10,65.91,7.05
1598,539320467,"01598M03:22:38.619","01598 02:35:29",207.04,875.63,,,,"     ",5.10,66.01,7.07
1598,539320468,"01598M03:22:39.593","01598 02:35:30",207.05,875.64,,,,"     ",5.10,65.94,7.06
1598,539320469,"01598M03:22:40.566","01598 02:35:31",207.03,875.64,,,,"     ",5.10,66.19,7.09
1598,539320470,"01598M03:22:41.539","01598 02:35:32",207.00,875.66,,,,"     ",5.10,65.92,7.06
1598,539320471,"01598M03:22:42.512","01598 02:35:33",206.94,875.50,,,,"     ",5.10,66.07,7.07
1598,539320472,"01598M03:22:43.486","01598 02:35:34",206.88,875.59,,,,"     ",5.10,65.86,7.05
1598,539320473,"01598M03:22:44.459","01598 02:35:35",206.83,875.64,,,,"     ",5.10,65.94,7.06
1598,539320474,"01598M03:22:45.432","01598 02:35:36",206.79,875.58,,,,"     ",5.10,66.02,7.07
1598,539320475,"01598M03:22:46.405","01598 02:35:37",206.75,875.63,,,,"     ",5.10,66.03,7.07
1598,539320476,"01598M03:22:47.379","01598 02:35:38",206.72,875.67,,,,"     ",5.10,66.22,7.09
1598,539320477,"01598M03:22:48.352","01598 02:35:39",206.71,875.59,,,,"     ",5.10,66.08,7.07
1598,539320478,"01598M03:22:49.325","01598 02:35:40",206.70,875.67,,,,"     ",5.10,66.31,7.10
1598,539320479,"01598M03:22:50.298","01598 02:35:41",206.71,875.66,,,,"     ",5.10,66.04,7.07
1598,539320480,"01598M03:22:51.272","01598 02:35:42",206.74,875.53,,,,"     ",5.10,66.10,7.07
1598,539320481,"01598M03:22:52.245","01598 02:35:43",206.78,875.55,,,,"     ",5.10,66.00,7.06
1598,539320482,"01598M03:22:53.218","01598 02:35:44",206.82,875.55,,,,"     ",5.10,66.20,7.08
1598,539320483,"01598M03:22:54.191","01598 02:35:45",206.85,875.47,,,,"     ",5.10,66.04,7.07
1598,539320484,"01598M03:22:55.165","01598 02:35:46",206.88,875.56,,,,"     ",5.10,66.12,7.08
1598,539320485,"01598M03:22:56.138","01598 02:35:47",206.90,875.60,,,,"     ",5.10,65.83,7.05
1598,539320486,"01598M03:22:57.111","01598 02:35:48",206.92,875.54,,,,"     ",5.10,66.20,7.08
1598,539320487,"01598M03:22:58.084","01598 02:35:49",206.92,875.57,,,,"     ",5.10,65.92,7.05
1598,539320488,"01598M03:22:59.058","01598 02:35:50",206.91,875.61,,,,"     ",5.10,66.06,7.07
1598,539320489,"01598M03:23:00.031","01598 02:35:51",206.90,875.57,,,,"     ",5.10,66.11,7.08
1598,539320490,"01598M03:23:01.004","01598 02:35:52",206.89,875.59,,,,"     ",5.10,66.08,7.07
1598,539320491,"01598M03:23:01.977","01598 02:35:53",206.88,875.69,,,,"     ",5.10,66.37,7.11
1598,539320492,"01598M03:23:02.951","01598 02:35:54",206.89,875.70,,,,"     ",5.10,66.32,7.10
1598,539320493,"01598M03:23:03.924","01598 02:35:55",206.90,875.69,,,,"     ",5.10,66.06,7.07
1598,539320494,"01598M03:23:04.897","01598 02:35:56",206.91,875.72,,,,"     ",5.10,66.24,7.09
1598,539320495,"01598M03:23:05.870","01598 02:35:57",206.95,875.78,,,,"     ",5.10,66.25,7.09
1598,539320496,"01598M03:23:06.844","01598 02:35:58",206.99,875.75,,,,"     ",5.10,66.12,7.08
1598,539320497,"01598M03:23:07.817","01598 02:35:59",207.03,875.72,,,,"     ",5.10,66.06,7.07
1598,539320498,"01598M03:23:08.790","01598 02:36:00",207.07,875.72,,,,"     ",5.10,66.35,7.10
1598,539320499,"01598M03:23:09.763","01598 02:36:01",207.10,875.73,,,,"     ",5.10,65.91,7.05
1598,539320500,"01598M03:23:10.737","01598 02:36:02",207.12,875.67,,,,"     ",5.10,66.23,7.09
1598,539320501,"01598M03:23:11.710","01598 02:36:02",207.13,875.68,,,,"     ",5.10,66.34,7.10
1598,539320502,"01598M03:23:12.683","01598 02:36:03",207.13,875.72,,,,"     ",5.10,66.30,7.10
1598,539320503,"01598M03:23:13.656","01598 02:36:04",207.14,875.67,,,,"     ",5.10,66.21,7.09
1598,539320504,"01598M03:23:14.630","01598 02:36:05",207.15,875.70,,,,"     ",5.10,66.34,7.10
1598,539320505,"01598M03:23:15.603","01598 02:36:06",207.17,875.58,,,,"     ",5.10,66.35,7.10
1598,539320506,"01598M03:23:16.576","01598 02:36:07",207.18,875.62,,,,"     ",5.10,66.28,7.09
1598,539320507,"01598M03:23:17.549","01598 02:36:08",207.19,875.60,,,,"     ",5.10,66.18,7.08
1598,539320508,"01598M03:23:18.523","01598 02:36:09",207.19,875.66,,,,"     ",5.10,66.27,7.09
1598,539320509,"01598M03:23:19.496","01598 02:36:10",207.18,875.63,,,,"     ",5.10,66.13,7.07
1598,539320510,"01598M03:23:20.469","01598 02:36:11",207.17,875.65,,,,"     ",5.10,66.21,7.09
1598,539320511,"01598M03:23:21.442","01598 02:36:12",207.15,875.68,,,,"     ",5.10,66.34,7.10
1598,539320512,"01598M03:23:22.416","01598 02:36:13",207.12,875.62,,,,"     ",5.10,66.49,7.11
1598,539320513,"01598M03:23:23.389","01598 02:36:14",207.10,875.63,,,,"     ",5.10,66.31,7.09
1598,539320514,"01598M03:23:24.362","01598 02:36:15",207.08,875.70,,,,"     ",5.10,66.47,7.11
1598,539320515,"01598M03:23:25.335","01598 02:36:16",207.08,875.72,,,,"     ",5.10,66.39,7.10
1598,539320516,"01598M03:23:26.309","01598 02:36:17",207.10,875.68,,,,"     ",5.10,66.57,7.13
1598,539320517,"01598M03:23:27.282","01598 02:36:18",207.14,875.72,,,,"     ",5.10,66.90,7.16
1598,539320518,"01598M03:23:28.255","01598 02:36:19",207.18,875.72,,,,"     ",5.10,66.66,7.13
1598,539320519,"01598M03:23:29.228","01598 02:36:20",207.23,875.74,,,,"     ",5.10,66.80,7.15
1598,539320520,"01598M03:23:30.202","01598 02:36:21",207.26,875.73,,,,"     ",5.10,66.49,7.11
1598,539320521,"01598M03:23:31.175","01598 02:36:22",207.30,875.73,,,,"     ",5.10,66.65,7.13
1598,539320522,"01598M03:23:32.148","01598 02:36:23",207.33,875.67,,,,"     ",5.10,66.62,7.13
1598,539320523,"01598M03:23:33.121","01598 02:36:24",207.37,875.63,,,,"     ",5.10,66.77,7.14
1598,539320524,"01598M03:23:34.095","01598 02:36:25",207.40,875.67,,,,"     ",5.10,66.56,7.12
1598,539320525,"01598M03:23:35.068","01598 02:36:26",207.42,875.70,,,,"     ",5.10,66.34,7.10
1598,539320526,"01598M03:23:36.041","01598 02:36:27",207.42,875.70,,,,"     ",5.10,66.74,7.14
1598,539320527,"01598M03:23:37.014","01598 02:36:28",207.41,875.73,,,,"     ",5.10,66.77,7.14
1598,539320528,"01598M03:23:37.988","01598 02:36:29",207.39,875.72,,,,"     ",5.10,66.51,7.11
1598,539320529,"01598M03:23:38.961","01598 02:36:30",207.36,875.71,,,,"     ",5.10,66.91,7.15
1598,539320530,"01598M03:23:39.934","01598 02:36:31",207.33,875.79,,,,"     ",5.10,66.96,7.16
1598,539320531,"01598M03:23:40.907","01598 02:36:32",207.32,875.73,,,,"     ",5.10,66.79,7.14
1598,539320532,"01598M03:23:41.881","01598 02:36:33",207.32,875.70,,,,"     ",5.10,66.69,7.13
1598,539320533,"01598M03:23:42.854","01598 02:36:34",207.34,875.72,,,,"     ",5.10,66.97,7.16
1598,539320534,"01598M03:23:43.827","01598 02:36:35",207.38,875.81,,,,"     ",5.10,66.70,7.13
1598,539320535,"01598M03:23:44.800","01598 02:36:36",207.44,875.75,,,,"     ",5.10,66.97,7.16
1598,539320536,"01598M03:23:45.774","01598 02:36:37",207.51,875.84,,,,"     ",5.10,67.11,7.17
1598,539320537,"01598M03:23:46.747","01598 02:36:38",207.57,875.83,,,,"     ",5.10,66.78,7.13
1598,539320538,"01598M03:23:47.720","01598 02:36:38",207.63,875.87,,,,"     ",5.10,66.94,7.15
1598,539320539,"01598M03:23:48.694","01598 02:36:39",207.68,875.79,,,,"     ",5.10,66.83,7.14
1598,539320540,"01598M03:23:49.667","01598 02:36:40",207.71,875.70,,,,"     ",5.10,67.08,7.17
1598,539320541,"01598M03:23:50.640","01598 02:36:41",207.73,875.75,,,,"     ",5.10,66.90,7.15
1598,539320542,"01598M03:23:51.613","01598 02:36:42",207.74,875.86,,,,"     ",5.10,66.99,7.15
1598,539320543,"01598M03:23:52.587","01598 02:36:43",207.75,875.81,,,,"     ",5.10,66.71,7.12
1598,539320544,"01598M03:23:53.560","01598 02:36:44",207.75,875.80,,,,"     ",5.10,67.00,7.15
1598,539320545,"01598M03:23:54.533","01598 02:36:45",207.74,875.74,,,,"     ",5.10,66.90,7.14
1598,539320546,"01598M03:23:55.506","01598 02:36:46",207.73,875.80,,,,"     ",5.10,66.85,7.14
1598,539320547,"01598M03:23:56.480","01598 02:36:47",207.72,875.80,,,,"     ",5.10,66.83,7.13
1598,539320548,"01598M03:23:57.453","01598 02:36:48",207.72,875.81,,,,"     ",5.10,66.85,7.13
1598,539320549,"01598M03:23:58.426","01598 02:36:49",207.72,875.78,,,,"     ",5.10,66.83,7.13
1598,539320550,"01598M03:23:59.399","01598 02:36:50",207.72,875.73,,,,"     ",5.10,66.80,7.12
1598,539320551,"01598M03:24:00.373","01598 02:36:51",207.71,875.80,,,,"     ",5.10,66.91,7.14
1598,539320552,"01598M03:24:01.346","01598 02:36:52",207.70,875.76,,,,"     ",5.10,67.16,7.16
1598,539320553,"01598M03:24:02.319","01598 02:36:53",207.70,875.73,,,,"     ",5.10,67.12,7.16
1598,539320554,"01598M03:24:03.292","01598 02:36:54",207.71,875.75,,,,"     ",5.10,66.77,7.11
1598,539320555,"01598M03:24:04.266","01598 02:36:55",207.72,875.68,,,,"     ",5.10,66.96,7.14
1598,539320556,"01598M03:24:05.239","01598 02:36:56",207.74,875.64,,,,"     ",5.10,66.96,7.14
1598,539320557,"01598M03:24:06.212","01598 02:36:57",207.76,875.76,,,,"     ",5.10,66.60,7.10
1598,539320558,"01598M03:24:07.185","01598 02:36:58",207.77,875.70,,,,"     ",5.10,66.59,7.10
1598,539320559,"01598M03:24:08.159","01598 02:36:59",207.77,875.63,,,,"     ",5.10,66.74,7.11
1598,539320560,"01598M03:24:09.132","01598 02:37:00",207.76,875.65,,,,"     ",5.10,66.59,7.09
1598,539320561,"01598M03:24:10.105","01598 02:37:01",207.75,875.70,,,,"     ",5.10,66.74,7.11
1598,539320562,"01598M03:24:11.078","01598 02:37:02",207.73,875.66,,,,"     ",5.10,66.76,7.11
1598,539320563,"01598M03:24:12.052","01598 02:37:03",207.72,875.71,,,,"     ",5.10,66.74,7.11
1598,539320564,"01598M03:24:13.025","01598 02:37:04",207.71,875.71,,,,"     ",5.10,66.77,7.11
1598,539320565,"01598M03:24:13.998","01598 02:37:05",207.71,875.76,,,,"     ",5.10,66.60,7.09
1598,539320566,"01598M03:24:14.971","01598 02:37:06",207.70,875.72,,,,"     ",5.10,66.76,7.11
1598,539320567,"01598M03:24:15.945","01598 02:37:07",207.68,875.73,,,,"     ",5.10,66.66,7.09
1598,539320568,"01598M03:24:16.918","01598 02:37:08",207.67,875.74,,,,"     ",5.10,67.15,7.15
1598,539320569,"01598M03:24:17.891","01598 02:37:09",207.66,875.64,,,,"     ",5.10,66.85,7.11
1598,539320570,"01598M03:24:18.864","01598 02:37:10",207.65,875.75,,,,"     ",5.10,66.92,7.12
1598,539320571,"01598M03:24:19.838","01598 02:37:11",207.66,875.66,,,,"     ",5.10,66.88,7.11
1598,539320572,"01598M03:24:20.811","01598 02:37:12",207.68,875.74,,,,"     ",5.10,67.12,7.14
1598,539320573,"01598M03:24:21.784","01598 02:37:13",207.70,875.73,,,,"     ",5.10,67.02,7.13
1598,539320574,"01598M03:24:22.757","01598 02:37:14",207.72,875.77,,,,"     ",5.10,66.89,7.12
1598,539320575,"01598M03:24:23.731","01598 02:37:14",207.74,875.76,,,,"     ",5.10,66.92,7.12
1598,539320576,"01598M03:24:24.704","01598 02:37:15",207.75,875.84,,,,"     ",5.10,66.75,7.10
1598,539320577,"01598M03:24:25.677","01598 02:37:16",207.75,875.78,,,,"     ",5.10,66.72,7.09
1598,539320578,"01598M03:24:26.650","01598 02:37:17",207.75,875.75,,,,"     ",5.10,67.02,7.13
1598,539320579,"01598M03:24:27.624","01598 02:37:18",207.74,875.75,,,,"     ",5.10,66.89,7.11
1598,539320580,"01598M03:24:28.597","01598 02:37:19",207.72,875.75,,,,"     ",5.10,66.89,7.11
1598,539320581,"01598M03:24:29.570","01598 02:37:20",207.68,875.76,,,,"     ",5.10,67.04,7.13
1598,539320582,"01598M03:24:30.543","01598 02:37:21",207.65,875.70,,,,"     ",5.10,67.04,7.13
1598,539320583,"01598M03:24:31.517","01598 02:37:22",207.63,875.73,,,,"     ",5.10,67.14,7.14
1598,539320584,"01598M03:24:32.490","01598 02:37:23",207.61,875.80,,,,"     ",5.10,67.04,7.13
1598,539320585,"01598M03:24:33.463","01598 02:37:24",207.61,875.79,,,,"     ",5.10,67.25,7.15
1598,539320586,"01598M03:24:34.436","01598 02:37:25",207.61,875.76,,,,"     ",5.10,67.15,7.14
1598,539320587,"01598M03:24:35.410","01598 02:37:26",207.63,875.73,,,,"     ",5.10,66.84,7.10
1598,539320588,"01598M03:24:36.383","01598 02:37:27",207.65,875.80,,,,"     ",5.10,67.03,7.12
1598,539320589,"01598M03:24:37.356","01598 02:37:28",207.68,875.74,,,,"     ",5.10,67.00,7.12
1598,539320590,"01598M03:24:38.329","01598 02:37:29",207.71,875.76,,,,"     ",5.10,66.99,7.12
1598,539320591,"01598M03:24:39.303","01598 02:37:30",207.74,875.78,,,,"     ",5.10,67.09,7.13
1598,539320592,"01598M03:24:40.276","01598 02:37:31",207.77,875.82,,,,"     ",5.10,67.03,7.12
1598,539320593,"01598M03:24:41.249","01598 02:37:32",207.79,875.72,,,,"     ",5.10,67.29,7.15
1598,539320594,"01598M03:24:42.222","01598 02:37:33",207.81,875.69,,,,"     ",5.10,67.03,7.12
1598,539320595,"01598M03:24:43.196","01598 02:37:34",207.84,875.70,,,,"     ",5.10,67.18,7.13
1598,539320596,"01598M03:24:44.169","01598 02:37:35",207.88,875.67,,,,"     ",5.10,67.28,7.15
1598,539320597,"01598M03:24:45.142","01598 02:37:36",207.92,875.68,,,,"     ",5.10,67.28,7.14
1598,539320598,"01598M03:24:46.115","01598 02:37:37",207.97,875.69,,,,"     ",5.10,67.25,7.14
1598,539320599,"01598M03:24:47.089","01598 02:37:38",208.01,875.77,,,,"     ",5.10,67.09,7.12
1598,539320600,"01598M03:24:48.062","01598 02:37:39",208.05,875.89,,,,"     ",5.10,67.30,7.14
1598,539320601,"01598M03:24:49.035","01598 02:37:40",208.09,875.86,,,,"     ",5.10,67.06,7.12
1598,539320602,"01598M03:24:50.008","01598 02:37:41",208.13,875.85,,,,"     ",5.10,67.10,7.12
1598,539320603,"01598M03:24:50.982","01598 02:37:42",208.15,875.91,,,,"     ",5.10,67.20,7.13
1598,539320604,"01598M03:24:51.955","01598 02:37:43",208.15,875.84,,,,"     ",5.10,67.08,7.12
1598,539320605,"01598M03:24:52.928","01598 02:37:44",208.13,875.80,,,,"     ",5.10,67.42,7.15
1598,539320606,"01598M03:24:53.901","01598 02:37:45",208.10,875.75,,,,"     ",5.10,66.95,7.10
1598,539320607,"01598M03:24:54.875","01598 02:37:46",208.06,875.78,,,,"     ",5.10,67.14,7.12
1598,539320608,"01598M03:24:55.848","01598 02:37:47",208.01,875.81,,,,"     ",5.10,67.42,7.15
1598,539320609,"01598M03:24:56.821","01598 02:37:48",207.98,875.65,,,,"     ",5.10,67.15,7.12
1598,539320610,"01598M03:24:57.795","01598 02:37:49",207.97,875.73,,,,"     ",5.10,66.93,7.09
1598,539320611,"01598M03:24:58.768","01598 02:37:50",207.97,875.75,,,,"     ",5.10,66.99,7.09
1598,539320612,"01598M03:24:59.741","01598 02:37:50",207.98,875.81,,,,"     ",5.10,67.05,7.10
1598,539320613,"01598M03:25:00.714","01598 02:37:51",208.00,875.87,,,,"     ",5.10,67.25,7.12
1598,539320614,"01598M03:25:01.688","01598 02:37:52",208.05,875.80,,,,"     ",5.10,67.07,7.10
1598,539320615,"01598M03:25:02.661","01598 02:37:53",208.12,875.78,,,,"     ",5.10,67.17,7.11
1598,539320616,"01598M03:25:03.634","01598 02:37:54",208.21,875.90,,,,"     ",5.10,67.25,7.12
1598,539320617,"01598M03:25:04.607","01598 02:37:55",208.30,875.87,,,,"     ",5.10,67.25,7.12
1598,539320618,"01598M03:25:05.581","01598 02:37:56",208.39,875.87,,,,"     ",5.10,66.98,7.08
1598,539320619,"01598M03:25:06.554","01598 02:37:57",208.47,875.89,,,,"     ",5.10,67.32,7.12
1598,539320620,"01598M03:25:07.527","01598 02:37:58",208.53,875.85,,,,"     ",5.10,67.18,7.10
1598,539320621,"01598M03:25:08.500","01598 02:37:59",208.56,875.86,,,,"     ",5.10,67.35,7.12
1598,539320622,"01598M03:25:09.474","01598 02:38:00",208.57,875.85,,,,"     ",5.10,67.22,7.10
1598,539320623,"01598M03:25:10.447","01598 02:38:01",208.57,875.84,,,,"     ",5.10,67.15,7.09
1598,539320624,"01598M03:25:11.420","01598 02:38:02",208.55,875.88,,,,"     ",5.10,67.30,7.11
1598,539320625,"01598M03:25:12.393","01598 02:38:03",208.54,875.83,,,,"     ",5.10,67.15,7.09
1598,539320626,"01598M03:25:13.367","01598 02:38:04",208.54,875.82,,,,"     ",5.10,67.24,7.10
1598,539320627,"01598M03:25:14.340","01598 02:38:05",208.53,875.77,,,,"     ",5.10,67.11,7.08
1598,539320628,"01598M03:25:15.313","01598 02:38:06",208.53,875.85,,,,"     ",5.10,67.05,7.07
1598,539320629,"01598M03:25:16.286","01598 02:38:07",208.52,875.80,,,,"     ",5.10,67.24,7.09
1598,539320630,"01598M03:25:17.260","01598 02:38:08",208.51,875.88,,,,"     ",5.10,66.97,7.06
1598,539320631,"01598M03:25:18.233","01598 02:38:09",208.50,875.85,,,,"     ",5.10,67.02,7.07
1598,539320632,"01598M03:25:19.206","01598 02:38:10",208.50,875.79,,,,"     ",5.10,67.15,7.08
1598,539320633,"01598M03:25:20.179","01598 02:38:11",208.50,875.78,,,,"     ",5.10,66.72,7.03
1598,539320634,"01598M03:25:21.153","01598 02:38:12",208.52,875.84,,,,"     ",5.10,66.92,7.05
1598,539320635,"01598M03:25:22.126","01598 02:38:13",208.56,875.87,,,,"     ",5.10,66.95,7.05
1598,539320636,"01598M03:25:23.099","01598 02:38:14",208.61,875.90,,,,"     ",5.10,67.12,7.07
1598,539320637,"01598M03:25:24.072","01598 02:38:15",208.67,875.94,,,,"     ",5.10,66.91,7.05
1598,539320638,"01598M03:25:25.046","01598 02:38:16",208.73,875.86,,,,"     ",5.10,67.12,7.06
1598,539320639,"01598M03:25:26.019","01598 02:38:17",208.79,875.88,,,,"     ",5.10,67.03,7.05
1598,539320640,"01598M03:25:26.992","01598 02:38:18",208.84,875.88,,,,"     ",5.10,67.38,7.09
1598,539320641,"01598M03:25:27.965","01598 02:38:19",208.89,875.83,,,,"     ",5.10,67.15,7.06
1598,539320642,"01598M03:25:28.939","01598 02:38:20",208.95,875.91,,,,"     ",5.10,67.36,7.09
1598,539320643,"01598M03:25:29.912","01598 02:38:21",209.01,875.83,,,,"     ",5.10,67.03,7.05
1598,539320644,"01598M03:25:30.885","01598 02:38:22",209.07,875.90,,,,"     ",5.10,67.17,7.06
1598,539320645,"01598M03:25:31.858","01598 02:38:23",209.12,875.85,,,,"     ",5.10,67.20,7.06
1598,539320646,"01598M03:25:32.832","01598 02:38:24",209.12,875.88,,,,"     ",5.10,67.17,7.06
1598,539320647,"01598M03:25:33.805","01598 02:38:25",209.10,875.87,,,,"     ",5.10,67.34,7.07
1598,539320648,"01598M03:25:34.778","01598 02:38:26",209.07,875.99,,,,"     ",5.10,67.11,7.05
1598,539320649,"01598M03:25:35.751","01598 02:38:26",209.05,875.85,,,,"     ",5.10,67.55,7.09
1598,539320650,"01598M03:25:36.725","01598 02:38:27",209.02,876.01,,,,"     ",5.10,67.06,7.04
1598,539320651,"01598M03:25:37.698","01598 02:38:28",209.00,875.84,,,,"     ",5.10,67.44,7.08
1598,539320652,"01598M03:25:38.671","01598 02:38:29",208.97,875.89,,,,"     ",5.10,67.33,7.06
1598,539320653,"01598M03:25:39.644","01598 02:38:30",208.95,875.89,,,,"     ",5.10,67.54,7.08
1598,539320654,"01598M03:25:40.618","01598 02:38:31",208.93,875.82,,,,"     ",5.10,67.14,7.04
1598,539320655,"01598M03:25:41.591","01598 02:38:32",208.90,875.82,,,,"     ",5.10,67.56,7.08
1598,539320656,"01598M03:25:42.564","01598 02:38:33",208.87,875.83,,,,"     ",5.10,66.92,7.01
1598,539320657,"01598M03:25:43.537","01598 02:38:34",208.84,875.81,,,,"     ",5.10,67.26,7.05
1598,539320658,"01598M03:25:44.511","01598 02:38:35",208.81,875.82,,,,"     ",5.10,66.95,7.01
1598,539320659,"01598M03:25:45.484","01598 02:38:36",208.79,875.82,,,,"     ",5.10,67.27,7.04
1598,539320660,"01598M03:25:46.457","01598 02:38:37",208.64,875.83,,,,"     ",5.10,67.24,7.04
1598,539320661,"01598M03:25:47.430","01598 02:38:38",208.71,875.82,,,,"     ",5.10,67.11,7.02
1598,539320662,"01598M03:25:48.404","01598 02:38:39",208.77,875.85,,,,"     ",5.10,67.14,7.02
1598,539320663,"01598M03:25:49.377","01598 02:38:40",208.83,875.81,,,,"     ",5.10,67.18,7.03
1598,539320664,"01598M03:25:50.350","01598 02:38:41",208.89,875.83,,,,"     ",5.10,67.44,7.06
1598,539320665,"01598M03:25:51.323","01598 02:38:42",208.95,875.77,,,,"     ",5.10,67.38,7.05
1598,539320666,"01598M03:25:52.297","01598 02:38:43",209.00,875.86,,,,"     ",5.10,67.37,7.05
1598,539320667,"01598M03:25:53.270","01598 02:38:44",209.05,875.79,,,,"     ",5.10,67.61,7.07
1598,539320668,"01598M03:25:54.243","01598 02:38:45",209.09,875.86,,,,"     ",5.10,67.26,7.03
1598,539320669,"01598M03:25:55.216","01598 02:38:46",209.14,875.89,,,,"     ",5.10,66.98,7.00
1598,539320670,"01598M03:25:56.190","01598 02:38:47",209.17,875.87,,,,"     ",5.10,67.14,7.01
1598,539320671,"01598M03:25:57.163","01598 02:38:48",208.69,875.87,,,,"     ",5.10,66.97,6.99
1598,539320672,"01598M03:25:58.136","01598 02:38:49",208.71,875.81,,,,"     ",5.10,67.11,7.01
1598,539320673,"01598M03:25:59.109","01598 02:38:50",208.75,875.83,,,,"     ",5.10,67.11,7.00
1598,539320674,"01598M03:26:00.083","01598 02:38:51",208.83,875.78,,,,"     ",5.10,67.33,7.03
1598,539320675,"01598M03:26:01.056","01598 02:38:52",208.88,875.84,,,,"     ",5.10,67.36,7.03
1598,539320676,"01598M03:26:02.029","01598 02:38:53",208.92,875.78,,,,"     ",5.10,67.20,7.01
1598,539320677,"01598M03:26:03.002","01598 02:38:54",208.95,875.87,,,,"     ",5.10,67.12,7.00
1598,539320678,"01598M03:26:03.976","01598 02:38:55",208.95,875.87,,,,"     ",5.10,67.42,7.03
1598,539320679,"01598M03:26:04.949","01598 02:38:56",208.95,875.82,,,,"     ",5.10,67.29,7.01
1598,539320680,"01598M03:26:05.922","01598 02:38:57",208.93,875.89,,,,"     ",5.10,67.24,7.00
1598,539320681,"01598M03:26:06.896","01598 02:38:58",208.91,875.89,,,,"     ",5.10,67.52,7.03
1598,539320682,"01598M03:26:07.869","01598 02:38:59",208.90,875.89,,,,"     ",5.10,67.00,6.98
1598,539320683,"01598M03:26:08.842","01598 02:39:00",208.90,875.91,,,,"     ",5.10,67.39,7.01
1598,539320684,"01598M03:26:09.815","01598 02:39:01",208.91,875.98,,,,"     ",5.10,67.08,6.98
1598,539320685,"01598M03:26:10.789","01598 02:39:02",208.92,875.98,,,,"     ",5.10,67.21,6.99
1598,539320686,"01598M03:26:11.762","01598 02:39:02",208.94,875.99,,,,"     ",5.10,67.18,6.99
1598,539320687,"01598M03:26:12.735","01598 02:39:03",208.95,875.88,,,,"     ",5.10,67.41,7.01
1598,539320688,"01598M03:26:13.708","01598 02:39:04",208.96,875.84,,,,"     ",5.10,67.10,6.97
1598,539320689,"01598M03:26:14.682","01598 02:39:05",208.96,875.91,,,,"     ",5.10,67.24,6.99
1598,539320690,"01598M03:26:15.655","01598 02:39:06",208.96,875.87,,,,"     ",5.10,67.38,7.00
1598,539320691,"01598M03:26:16.628","01598 02:39:07",208.97,875.84,,,,"     ",5.10,67.26,6.99
1598,539320692,"01598M03:26:17.601","01598 02:39:08",208.98,875.83,,,,"     ",5.10,67.27,6.99
1598,539320693,"01598M03:26:18.575","01598 02:39:09",209.00,875.75,,,,"     ",5.10,67.01,6.96
1598,539320694,"01598M03:26:19.548","01598 02:39:10",209.00,875.79,,,,"     ",5.10,67.08,6.96
1598,539320695,"01598M03:26:20.521","01598 02:39:11",209.01,875.89,,,,"     ",5.10,67.19,6.97
1598,539320696,"01598M03:26:21.494","01598 02:39:12",209.02,875.84,,,,"     ",5.10,67.26,6.98
1598,539320697,"01598M03:26:22.468","01598 02:39:13",209.03,875.87,,,,"     ",5.10,67.36,6.99
1598,539320698,"01598M03:26:23.441","01598 02:39:14",209.03,875.77,,,,"     ",5.10,67.26,6.98
1598,539320699,"01598M03:26:24.414","01598 02:39:15",209.03,875.85,,,,"     ",5.10,67.63,7.01
1598,539320700,"01598M03:26:25.387","01598 02:39:16",209.02,875.86,,,,"     ",5.10,67.29,6.98
1598,539320701,"01598M03:26:26.361","01598 02:39:17",209.02,875.93,,,,"     ",5.10,67.06,6.95
1598,539320702,"01598M03:26:27.334","01598 02:39:18",209.02,875.93,,,,"     ",5.10,67.15,6.96
1598,539320703,"01598M03:26:28.307","01598 02:39:19",209.04,875.94,,,,"     ",5.10,67.27,6.97
1598,539320704,"01598M03:26:29.280","01598 02:39:20",209.08,875.87,,,,"     ",5.10,67.05,6.94
1598,539320705,"01598M03:26:30.254","01598 02:39:21",209.13,875.88,,,,"     ",5.10,67.04,6.94
1598,539320706,"01598M03:26:31.227","01598 02:39:22",209.18,875.93,,,,"     ",5.10,67.17,6.96
1598,539320707,"01598M03:26:32.200","01598 02:39:23",209.22,875.90,,,,"     ",5.10,67.41,6.98
1598,539320708,"01598M03:26:33.173","01598 02:39:24",209.27,875.96,,,,"     ",5.10,67.16,6.95
1598,539320709,"01598M03:26:34.147","01598 02:39:25",209.30,875.89,,,,"     ",5.10,67.32,6.97
1598,539320710,"01598M03:26:35.120","01598 02:39:26",209.32,875.94,,,,"     ",5.10,66.93,6.92
1598,539320711,"01598M03:26:36.093","01598 02:39:27",209.32,875.97,,,,"     ",5.10,67.49,6.98
1598,539320712,"01598M03:26:37.066","01598 02:39:28",209.30,875.89,,,,"     ",5.10,67.37,6.97
1598,539320713,"01598M03:26:38.040","01598 02:39:29",209.26,875.88,,,,"     ",5.10,67.44,6.97
1598,539320714,"01598M03:26:39.013","01598 02:39:30",209.21,875.81,,,,"     ",5.10,67.19,6.95
1598,539320715,"01598M03:26:39.986","01598 02:39:31",209.15,875.85,,,,"     ",5.10,67.43,6.97
1598,539320716,"01598M03:26:40.959","01598 02:39:32",209.10,875.89,,,,"     ",5.10,67.32,6.96
1598,539320717,"01598M03:26:41.933","01598 02:39:33",209.05,875.89,,,,"     ",5.10,67.42,6.97
1598,539320718,"01598M03:26:42.906","01598 02:39:34",209.00,875.84,,,,"     ",5.10,67.62,6.99
1598,539320719,"01598M03:26:43.879","01598 02:39:35",208.96,875.83,,,,"     ",5.10,67.53,6.98
1598,539320720,"01598M03:26:44.852","01598 02:39:36",208.92,875.87,,,,"     ",5.10,67.19,6.94
1598,539320721,"01598M03:26:45.826","01598 02:39:37",208.89,875.89,,,,"     ",5.10,67.12,6.93
1598,539320722,"01598M03:26:46.799","01598 02:39:38",208.86,875.85,,,,"     ",5.10,67.37,6.95
1598,539320723,"01598M03:26:47.772","01598 02:39:38",208.84,875.81,,,,"     ",5.10,67.30,6.95
1598,539320724,"01598M03:26:48.745","01598 02:39:39",208.84,875.88,,,,"     ",5.10,67.41,6.96
1598,539320725,"01598M03:26:49.719","01598 02:39:40",208.86,875.78,,,,"     ",5.10,67.02,6.91
1598,539320726,"01598M03:26:50.692","01598 02:39:41",208.89,875.88,,,,"     ",5.10,67.12,6.92
1598,539320727,"01598M03:26:51.665","01598 02:39:42",208.94,875.85,,,,"     ",5.10,67.10,6.92
1598,539320728,"01598M03:26:52.638","01598 02:39:43",209.00,875.95,,,,"     ",5.10,67.43,6.96
1598,539320729,"01598M03:26:53.612","01598 02:39:44",209.07,875.94,,,,"     ",5.10,67.39,6.95
1598,539320730,"01598M03:26:54.585","01598 02:39:45",209.14,875.99,,,,"     ",5.10,67.27,6.93
1598,539320731,"01598M03:26:55.558","01598 02:39:46",209.20,875.97,,,,"     ",5.10,67.06,6.91
1598,539320732,"01598M03:26:56.531","01598 02:39:47",209.25,875.85,,,,"     ",5.10,67.51,6.96
1598,539320733,"01598M03:26:57.505","01598 02:39:48",209.27,875.88,,,,"     ",5.10,67.31,6.93
1598,539320734,"01598M03:26:58.478","01598 02:39:49",209.29,875.92,,,,"     ",5.10,67.07,6.91
1598,539320735,"01598M03:26:59.451","01598 02:39:50",209.28,875.88,,,,"     ",5.10,66.85,6.88
1598,539320736,"01598M03:27:00.424","01598 02:39:51",209.26,875.92,,,,"     ",5.10,67.37,6.94
1598,539320737,"01598M03:27:01.398","01598 02:39:52",209.22,875.95,,,,"     ",5.10,67.23,6.92
1598,539320738,"01598M03:27:02.371","01598 02:39:53",209.18,875.97,,,,"     ",5.10,67.18,6.91
1598,539320739,"01598M03:27:03.344","01598 02:39:54",209.16,875.91,,,,"     ",5.10,67.41,6.94
1598,539320740,"01598M03:27:04.317","01598 02:39:55",209.17,875.96,,,,"     ",5.10,67.54,6.95
1598,539320741,"01598M03:27:05.291","01598 02:39:56",209.20,875.99,,,,"     ",5.10,67.09,6.90
1598,539320742,"01598M03:27:06.264","01598 02:39:57",209.24,875.99,,,,"     ",5.10,66.97,6.89
1598,539320743,"01598M03:27:07.237","01598 02:39:58",209.28,875.99,,,,"     ",5.10,67.38,6.93
1598,539320744,"01598M03:27:08.210","01598 02:39:59",209.31,875.99,,,,"     ",5.10,67.04,6.89
1598,539320745,"01598M03:27:09.184","01598 02:40:00",209.32,875.93,,,,"     ",5.10,67.39,6.93
1598,539320746,"01598M03:27:10.157","01598 02:40:01",209.34,875.95,,,,"     ",5.10,67.52,6.94
1598,539320747,"01598M03:27:11.130","01598 02:40:02",209.35,875.90,,,,"     ",5.10,67.32,6.92
1598,539320748,"01598M03:27:12.103","01598 02:40:03",209.38,875.85,,,,"     ",5.10,66.98,6.88
1598,539320749,"01598M03:27:13.077","01598 02:40:04",209.42,875.88,,,,"     ",5.10,67.39,6.92
1598,539320750,"01598M03:27:14.050","01598 02:40:05",209.45,875.83,,,,"     ",5.10,67.34,6.92
1598,539320751,"01598M03:27:15.023","01598 02:40:06",209.48,875.88,,,,"     ",5.10,67.20,6.90
1598,539320752,"01598M03:27:15.996","01598 02:40:07",209.48,875.81,,,,"     ",5.10,67.22,6.90
1598,539320753,"01598M03:27:16.970","01598 02:40:08",209.48,875.92,,,,"     ",5.10,67.25,6.91
1598,539320754,"01598M03:27:17.943","01598 02:40:09",209.46,875.96,,,,"     ",5.10,67.26,6.91
1598,539320755,"01598M03:27:18.916","01598 02:40:10",209.44,875.93,,,,"     ",5.10,67.25,6.90
1598,539320756,"01598M03:27:19.890","01598 02:40:11",209.41,875.90,,,,"     ",5.10,67.54,6.93
1598,539320757,"01598M03:27:20.863","01598 02:40:12",209.38,875.90,,,,"     ",5.10,67.39,6.92
1598,539320758,"01598M03:27:21.836","01598 02:40:13",209.36,875.88,,,,"     ",5.10,67.75,6.95
1598,539320759,"01598M03:27:22.809","01598 02:40:14",209.34,875.91,,,,"     ",5.10,67.63,6.94
1598,539320760,"01598M03:27:23.783","01598 02:40:15",209.32,875.89,,,,"     ",5.10,67.44,6.92
1598,539320761,"01598M03:27:24.756","01598 02:40:15",209.30,875.91,,,,"     ",5.10,67.59,6.93
1598,539320762,"01598M03:27:25.729","01598 02:40:16",209.27,875.90,,,,"     ",5.10,67.56,6.93
1598,539320763,"01598M03:27:26.702","01598 02:40:17",209.23,875.90,,,,"     ",5.10,67.48,6.92
1598,539320764,"01598M03:27:27.676","01598 02:40:18",209.20,875.88,,,,"     ",5.10,67.70,6.94
1598,539320765,"01598M03:27:28.649","01598 02:40:19",209.18,875.94,,,,"     ",5.10,67.78,6.95
1598,539320766,"01598M03:27:29.622","01598 02:40:20",209.17,875.88,,,,"     ",5.10,67.70,6.94
1598,539320767,"01598M03:27:30.595","01598 02:40:21",209.17,875.92,,,,"     ",5.10,67.68,6.94
1598,539320768,"01598M03:27:31.569","01598 02:40:22",209.19,875.97,,,,"     ",5.10,67.81,6.95
1598,539320769,"01598M03:27:32.542","01598 02:40:23",209.22,875.90,,,,"     ",5.10,67.77,6.94
1598,539320770,"01598M03:27:33.515","01598 02:40:24",209.26,875.96,,,,"     ",5.10,67.59,6.92
1598,539320771,"01598M03:27:34.488","01598 02:40:25",209.31,875.93,,,,"     ",5.10,67.99,6.96
1598,539320772,"01598M03:27:35.462","01598 02:40:26",209.36,875.93,,,,"     ",5.10,67.89,6.95
1598,539320773,"01598M03:27:36.435","01598 02:40:27",209.41,875.90,,,,"     ",5.10,67.77,6.94
1598,539320774,"01598M03:27:37.408","01598 02:40:28",209.44,875.92,,,,"     ",5.10,67.82,6.95
1598,539320775,"01598M03:27:38.381","01598 02:40:29",209.46,875.88,,,,"     ",5.10,68.07,6.97
1598,539320776,"01598M03:27:39.355","01598 02:40:30",209.48,875.93,,,,"     ",5.10,68.12,6.98
1598,539320777,"01598M03:27:40.328","01598 02:40:31",209.48,875.92,,,,"     ",5.10,67.84,6.95
1598,539320778,"01598M03:27:41.301","01598 02:40:32",209.48,875.90,,,,"     ",5.10,67.96,6.96
1598,539320779,"01598M03:27:42.274","01598 02:40:33",209.46,875.89,,,,"     ",5.10,68.05,6.97
1598,539320780,"01598M03:27:43.248","01598 02:40:34",209.41,875.89,,,,"     ",5.10,67.48,6.90
1598,539320781,"01598M03:27:44.221","01598 02:40:35",209.33,875.86,,,,"     ",5.10,67.78,6.94
1598,539320782,"01598M03:27:45.194","01598 02:40:36",209.24,875.88,,,,"     ",5.10,67.73,6.93
1598,539320783,"01598M03:27:46.167","01598 02:40:37",209.15,875.88,,,,"     ",5.10,67.85,6.94
1598,539320784,"01598M03:27:47.141","01598 02:40:38",209.08,875.86,,,,"     ",5.10,67.82,6.94
1598,539320785,"01598M03:27:48.114","01598 02:40:39",209.02,875.89,,,,"     ",5.10,67.74,6.93
1598,539320786,"01598M03:27:49.087","01598 02:40:40",208.98,875.94,,,,"     ",5.10,67.63,6.92
1598,539320787,"01598M03:27:50.060","01598 02:40:41",208.94,875.99,,,,"     ",5.10,67.50,6.90
1598,539320788,"01598M03:27:51.034","01598 02:40:42",208.92,876.01,,,,"     ",5.10,67.40,6.89
1598,539320789,"01598M03:27:52.007","01598 02:40:43",208.92,875.99,,,,"     ",5.10,67.83,6.94
1598,539320790,"01598M03:27:52.980","01598 02:40:44",208.92,875.91,,,,"     ",5.10,67.53,6.90
1598,539320791,"01598M03:27:53.953","01598 02:40:45",208.91,875.91,,,,"     ",5.10,67.71,6.93
1598,539320792,"01598M03:27:54.927","01598 02:40:46",208.91,875.90,,,,"     ",5.10,67.41,6.89
1598,539320793,"01598M03:27:55.900","01598 02:40:47",208.91,875.93,,,,"     ",5.10,67.57,6.91
1598,539320794,"01598M03:27:56.873","01598 02:40:48",208.92,875.95,,,,"     ",5.10,67.57,6.91
1598,539320795,"01598M03:27:57.846","01598 02:40:49",208.92,875.85,,,,"     ",5.10,67.51,6.90
1598,539320796,"01598M03:27:58.820","01598 02:40:50",208.93,875.83,,,,"     ",5.10,67.48,6.90
1598,539320797,"01598M03:27:59.793","01598 02:40:51",208.92,875.90,,,,"     ",5.10,67.23,6.87
1598,539320798,"01598M03:28:00.766","01598 02:40:51",208.91,875.88,,,,"     ",5.10,66.98,6.85
1598,539320799,"01598M03:28:01.739","01598 02:40:52",208.90,875.88,,,,"     ",5.10,67.58,6.91
1598,539320800,"01598M03:28:02.713","01598 02:40:53",208.89,875.94,,,,"     ",5.10,67.37,6.89
1598,539320801,"01598M03:28:03.686","01598 02:40:54",208.88,875.92,,,,"     ",5.10,66.96,6.84
1598,539320802,"01598M03:28:04.659","01598 02:40:55",208.87,875.94,,,,"     ",5.10,67.33,6.88
1598,539320803,"01598M03:28:05.632","01598 02:40:56",208.87,875.87,,,,"     ",5.10,67.63,6.92
1598,539320804,"01598M03:28:06.606","01598 02:40:57",208.90,875.89,,,,"     ",5.10,67.01,6.85
1598,539320805,"01598M03:28:07.579","01598 02:40:58",208.94,875.89,,,,"     ",5.10,67.23,6.88
1598,539320806,"01598M03:28:08.552","01598 02:40:59",208.98,875.90,,,,"     ",5.10,67.13,6.86
1598,539320807,"01598M03:28:09.525","01598 02:41:00",209.02,875.92,,,,"     ",5.10,67.03,6.85
1598,539320808,"01598M03:28:10.499","01598 02:41:01",209.07,875.87,,,,"     ",5.10,67.20,6.87
1598,539320809,"01598M03:28:11.472","01598 02:41:02",209.13,875.90,,,,"     ",5.10,67.20,6.87
1598,539320810,"01598M03:28:12.445","01598 02:41:03",209.18,875.97,,,,"     ",5.10,67.18,6.87
1598,539320811,"01598M03:28:13.418","01598 02:41:04",209.21,875.94,,,,"     ",5.10,67.16,6.87
1598,539320812,"01598M03:28:14.392","01598 02:41:05",209.22,875.99,,,,"     ",5.10,66.83,6.84
1598,539320813,"01598M03:28:15.365","01598 02:41:06",209.19,875.94,,,,"     ",5.10,67.25,6.88
1598,539320814,"01598M03:28:16.338","01598 02:41:07",209.12,875.96,,,,"     ",5.10,67.11,6.86
1598,539320815,"01598M03:28:17.311","01598 02:41:08",209.02,875.91,,,,"     ",5.10,66.87,6.84
1598,539320816,"01598M03:28:18.285","01598 02:41:09",208.91,875.92,,,,"     ",5.10,66.82,6.83
1598,539320817,"01598M03:28:19.258","01598 02:41:10",209.29,876.02,,,,"     ",5.10,67.03,6.86
1598,539320818,"01598M03:28:20.231","01598 02:41:11",209.20,875.94,,,,"     ",5.10,66.80,6.83
1598,539320819,"01598M03:28:21.204","01598 02:41:12",209.12,876.04,,,,"     ",5.10,66.71,6.83
1598,539320820,"01598M03:28:22.178","01598 02:41:13",209.04,875.93,,,,"     ",5.10,66.84,6.84
1598,539320821,"01598M03:28:23.151","01598 02:41:14",208.99,876.00,,,,"     ",5.10,66.92,6.84
1598,539320822,"01598M03:28:24.124","01598 02:41:15",208.94,875.95,,,,"     ",5.10,66.80,6.83
1598,539320823,"01598M03:28:25.097","01598 02:41:16",208.92,875.94,,,,"     ",5.10,66.78,6.83
1598,539320824,"01598M03:28:26.071","01598 02:41:17",208.92,875.87,,,,"     ",5.10,66.62,6.81
1598,539320825,"01598M03:28:27.044","01598 02:41:18",208.57,875.87,,,,"     ",5.10,66.84,6.84
1598,539320826,"01598M03:28:28.017","01598 02:41:19",208.62,875.99,,,,"     ",5.10,66.92,6.85
1598,539320827,"01598M03:28:28.991","01598 02:41:20",208.70,876.01,,,,"     ",5.10,66.68,6.82
1598,539320828,"01598M03:28:29.964","01598 02:41:21",208.76,875.99,,,,"     ",5.10,66.40,6.80
1598,539320829,"01598M03:28:30.937","01598 02:41:22",208.80,875.95,,,,"     ",5.10,66.73,6.83
1598,539320830,"01598M03:28:31.910","01598 02:41:23",208.80,875.90,,,,"     ",5.10,66.68,6.83
1598,539320831,"01598M03:28:32.884","01598 02:41:24",208.76,875.83,,,,"     ",5.10,66.62,6.82
1598,539320832,"01598M03:28:33.857","01598 02:41:25",208.68,875.89,,,,"     ",5.10,66.48,6.81
1598,539320833,"01598M03:28:34.830","01598 02:41:26",208.57,875.89,,,,"     ",5.10,66.53,6.81
1598,539320834,"01598M03:28:35.803","01598 02:41:27",208.51,875.94,,,,"     ",5.10,66.70,6.83
1598,539320835,"01598M03:28:36.777","01598 02:41:27",208.88,875.98,,,,"     ",5.10,66.47,6.81
1598,539320836,"01598M03:28:37.750","01598 02:41:28",208.82,875.93,,,,"     ",5.10,66.36,6.80
1598,539320837,"01598M03:28:38.723","01598 02:41:29",208.76,875.91,,,,"     ",5.10,66.29,6.79
1598,539320838,"01598M03:28:39.696","01598 02:41:30",208.70,875.88,,,,"     ",5.10,66.55,6.82
1598,539320839,"01598M03:28:40.670","01598 02:41:31",208.64,875.85,,,,"     ",5.10,66.40,6.81
1598,539320840,"01598M03:28:41.643","01598 02:41:32",208.59,875.84,,,,"     ",5.10,66.06,6.77
1598,539320841,"01598M03:28:42.616","01598 02:41:33",208.55,875.91,,,,"     ",5.10,66.29,6.80
1598,539320842,"01598M03:28:43.589","01598 02:41:34",208.52,875.93,,,,"     ",5.10,66.14,6.78
1598,539320843,"01598M03:28:44.563","01598 02:41:35",208.50,875.95,,,,"     ",5.10,66.51,6.83
1598,539320844,"01598M03:28:45.536","01598 02:41:36",208.51,875.90,,,,"     ",5.10,66.15,6.79
1598,539320845,"01598M03:28:46.509","01598 02:41:37",208.53,875.99,,,,"     ",5.10,66.22,6.80
1598,539320846,"01598M03:28:47.482","01598 02:41:38",208.57,875.97,,,,"     ",5.10,66.15,6.79
1598,539320847,"01598M03:28:48.456","01598 02:41:39",208.60,876.01,,,,"     ",5.10,66.11,6.79
1598,539320848,"01598M03:28:49.429","01598 02:41:40",208.63,875.99,,,,"     ",5.10,66.15,6.80
1598,539320849,"01598M03:28:50.402","01598 02:41:41",208.64,875.92,,,,"     ",5.10,66.05,6.79
1598,539320850,"01598M03:28:51.375","01598 02:41:42",208.66,875.96,,,,"     ",5.10,66.17,6.80
1598,539320851,"01598M03:28:52.349","01598 02:41:43",208.67,875.99,,,,"     ",5.10,66.03,6.79
1598,539320852,"01598M03:28:53.322","01598 02:41:44",208.69,875.90,,,,"     ",5.10,65.93,6.78
1598,539320853,"01598M03:28:54.295","01598 02:41:45",208.68,875.91,,,,"     ",5.10,66.19,6.81
1598,539320854,"01598M03:28:55.268","01598 02:41:46",208.66,875.92,,,,"     ",5.10,65.78,6.77
1598,539320855,"01598M03:28:56.242","01598 02:41:47",208.61,875.93,,,,"     ",5.10,66.08,6.80
1598,539320856,"01598M03:28:57.215","01598 02:41:48",208.54,875.94,,,,"     ",5.10,65.85,6.78
1598,539320857,"01598M03:28:58.188","01598 02:41:49",208.44,875.98,,,,"     ",5.10,66.10,6.80
1598,539320858,"01598M03:28:59.161","01598 02:41:50",208.32,875.98,,,,"     ",5.10,65.69,6.76
1598,539320859,"01598M03:29:00.135","01598 02:41:51",208.20,875.98,,,,"     ",5.10,65.78,6.77
1598,539320860,"01598M03:29:01.108","01598 02:41:52",208.10,875.89,,,,"     ",5.10,65.79,6.77
1598,539320861,"01598M03:29:02.081","01598 02:41:53",208.02,875.84,,,,"     ",5.10,65.82,6.78
1598,539320862,"01598M03:29:03.054","01598 02:41:54",207.97,875.86,,,,"     ",5.10,65.72,6.77
1598,539320863,"01598M03:29:04.028","01598 02:41:55",207.95,875.93,,,,"     ",5.10,65.78,6.78
1598,539320864,"01598M03:29:05.001","01598 02:41:56",207.96,875.97,,,,"     ",5.10,65.57,6.76
1598,539320865,"01598M03:29:05.974","01598 02:41:57",208.00,875.92,,,,"     ",5.10,65.73,6.78
1598,539320866,"01598M03:29:06.947","01598 02:41:58",208.05,875.97,,,,"     ",5.10,65.44,6.75
1598,539320867,"01598M03:29:07.921","01598 02:41:59",208.11,875.93,,,,"     ",5.10,65.80,6.79
1598,539320868,"01598M03:29:08.894","01598 02:42:00",208.17,876.00,,,,"     ",5.10,65.35,6.74
1598,539320869,"01598M03:29:09.867","01598 02:42:01",208.23,875.90,,,,"     ",5.10,65.38,6.75
1598,539320870,"01598M03:29:10.840","01598 02:42:02",208.29,875.97,,,,"     ",5.10,65.59,6.77
1598,539320871,"01598M03:29:11.814","01598 02:42:03",208.36,875.96,,,,"     ",5.10,65.61,6.77
1598,539320872,"01598M03:29:12.787","01598 02:42:03",208.41,875.91,,,,"     ",5.10,65.31,6.74
1598,539320873,"01598M03:29:13.760","01598 02:42:04",208.45,875.94,,,,"     ",5.10,65.56,6.77
1598,539320874,"01598M03:29:14.733","01598 02:42:05",208.46,875.88,,,,"     ",5.10,65.34,6.75
1598,539320875,"01598M03:29:15.707","01598 02:42:06",208.44,875.80,,,,"     ",5.10,65.28,6.74
1598,539320876,"01598M03:29:16.680","01598 02:42:07",208.40,875.90,,,,"     ",5.10,65.70,6.79
1598,539320877,"01598M03:29:17.653","01598 02:42:08",208.36,875.84,,,,"     ",5.10,65.27,6.74
1598,539320878,"01598M03:29:18.626","01598 02:42:09",208.33,875.93,,,,"     ",5.10,65.44,6.76
1598,539320879,"01598M03:29:19.600","01598 02:42:10",208.29,875.82,,,,"     ",5.10,65.55,6.78
1598,539320880,"01598M03:29:20.573","01598 02:42:11",208.27,875.88,,,,"     ",5.10,65.48,6.77
1598,539320881,"01598M03:29:21.546","01598 02:42:12",208.28,875.89,,,,"     ",5.10,65.55,6.78
1598,539320882,"01598M03:29:22.519","01598 02:42:13",208.29,875.89,,,,"     ",5.10,65.53,6.78
1598,539320883,"01598M03:29:23.493","01598 02:42:14",208.32,875.81,,,,"     ",5.10,65.49,6.77
1598,539320884,"01598M03:29:24.466","01598 02:42:15",208.34,875.92,,,,"     ",5.10,65.38,6.76
1598,539320885,"01598M03:29:25.439","01598 02:42:16",208.35,875.89,,,,"     ",5.10,65.50,6.78
1598,539320886,"01598M03:29:26.412","01598 02:42:17",208.35,875.86,,,,"     ",5.10,65.55,6.78
1598,539320887,"01598M03:29:27.386","01598 02:42:18",208.34,875.86,,,,"     ",5.10,65.30,6.76
1598,539320888,"01598M03:29:28.359","01598 02:42:19",208.32,875.91,,,,"     ",5.10,65.58,6.79
1598,539320889,"01598M03:29:29.332","01598 02:42:20",208.28,875.85,,,,"     ",5.10,65.57,6.79
1598,539320890,"01598M03:29:30.305","01598 02:42:21",208.24,875.87,,,,"     ",5.10,65.20,6.75
1598,539320891,"01598M03:29:31.279","01598 02:42:22",208.19,875.85,,,,"     ",5.10,65.32,6.76
1598,539320892,"01598M03:29:32.252","01598 02:42:23",208.15,875.97,,,,"     ",5.10,65.16,6.75
1598,539320893,"01598M03:29:33.225","01598 02:42:24",208.11,875.93,,,,"     ",5.10,65.49,6.79
1598,539320894,"01598M03:29:34.198","01598 02:42:25",208.08,875.91,,,,"     ",5.10,65.21,6.75
1598,539320895,"01598M03:29:35.172","01598 02:42:26",208.05,875.95,,,,"     ",5.10,65.60,6.80
1598,539320896,"01598M03:29:36.145","01598 02:42:27",208.04,875.91,,,,"     ",5.10,65.47,6.78
1598,539320897,"01598M03:29:37.118","01598 02:42:28",208.05,875.93,,,,"     ",5.10,65.42,6.78
1598,539320898,"01598M03:29:38.092","01598 02:42:29",208.08,875.94,,,,"     ",5.10,65.46,6.78
1598,539320899,"01598M03:29:39.065","01598 02:42:30",208.12,875.96,,,,"     ",5.10,65.41,6.78
1598,539320900,"01598M03:29:40.038","01598 02:42:31",208.17,875.83,,,,"     ",5.10,65.20,6.76
1598,539320901,"01598M03:29:41.011","01598 02:42:32",208.22,875.86,,,,"     ",5.10,65.33,6.77
1598,539320902,"01598M03:29:41.985","01598 02:42:33",208.27,875.84,,,,"     ",5.10,65.42,6.78
1598,539320903,"01598M03:29:42.958","01598 02:42:34",208.31,875.84,,,,"     ",5.10,65.39,6.78
1598,539320904,"01598M03:29:43.931","01598 02:42:35",208.33,875.81,,,,"     ",5.10,64.88,6.72
1598,539320905,"01598M03:29:44.904","01598 02:42:36",208.34,875.82,,,,"     ",5.10,65.52,6.79
1598,539320906,"01598M03:29:45.878","01598 02:42:37",208.34,875.86,,,,"     ",5.10,64.95,6.74
1598,539320907,"01598M03:29:46.851","01598 02:42:38",208.33,875.84,,,,"     ",5.10,65.37,6.78
1598,539320908,"01598M03:29:47.824","01598 02:42:39",208.33,875.90,,,,"     ",5.10,65.45,6.79
1598,539320909,"01598M03:29:48.797","01598 02:42:39",208.34,876.00,,,,"     ",5.10,65.41,6.79
1598,539320910,"01598M03:29:49.771","01598 02:42:40",208.35,875.93,,,,"     ",5.10,65.38,6.78
1598,539320911,"01598M03:29:50.744","01598 02:42:41",208.36,875.92,,,,"     ",5.10,65.08,6.75
1598,539320912,"01598M03:29:51.717","01598 02:42:42",208.36,875.85,,,,"     ",5.10,65.12,6.76
1598,539320913,"01598M03:29:52.690","01598 02:42:43",208.34,875.80,,,,"     ",5.10,65.02,6.75
1598,539320914,"01598M03:29:53.664","01598 02:42:44",208.29,875.86,,,,"     ",5.10,65.50,6.80
1598,539320915,"01598M03:29:54.637","01598 02:42:45",208.22,875.82,,,,"     ",5.10,65.47,6.80
1598,539320916,"01598M03:29:55.610","01598 02:42:46",208.13,875.89,,,,"     ",5.10,65.23,6.77
1598,539320917,"01598M03:29:56.583","01598 02:42:47",208.04,875.92,,,,"     ",5.10,64.96,6.75
1598,539320918,"01598M03:29:57.557","01598 02:42:48",207.95,875.91,,,,"     ",5.10,65.03,6.75
1598,539320919,"01598M03:29:58.530","01598 02:42:49",207.86,875.94,,,,"     ",5.10,65.03,6.75
1598,539320920,"01598M03:29:59.503","01598 02:42:50",207.78,875.95,,,,"     ",5.10,65.27,6.78
1598,539320921,"01598M03:30:00.476","01598 02:42:51",207.71,875.84,,,,"     ",5.10,65.05,6.76
1598,539320922,"01598M03:30:01.450","01598 02:42:52",207.66,875.88,,,,"     ",5.10,65.13,6.77
1598,539320923,"01598M03:30:02.423","01598 02:42:53",207.62,875.92,,,,"     ",5.10,65.15,6.77
1598,539320924,"01598M03:30:03.396","01598 02:42:54",207.60,875.84,,,,"     ",5.10,64.93,6.75
1598,539320925,"01598M03:30:04.369","01598 02:42:55",207.61,875.87,,,,"     ",5.10,65.05,6.76
1598,539320926,"01598M03:30:05.343","01598 02:42:56",207.65,875.87,,,,"     ",5.10,64.96,6.75
1598,539320927,"01598M03:30:06.316","01598 02:42:57",207.70,875.84,,,,"     ",5.10,64.92,6.75
1598,539320928,"01598M03:30:07.289","01598 02:42:58",207.75,875.76,,,,"     ",5.10,64.99,6.75
1598,539320929,"01598M03:30:08.262","01598 02:42:59",207.79,875.82,,,,"     ",5.10,65.07,6.77
1598,539320930,"01598M03:30:09.236","01598 02:43:00",207.83,875.93,,,,"     ",5.10,65.01,6.76
1598,539320931,"01598M03:30:10.209","01598 02:43:01",207.84,875.90,,,,"     ",5.10,65.22,6.78
1598,539320932,"01598M03:30:11.182","01598 02:43:02",207.83,875.93,,,,"     ",5.10,64.52,6.71
1598,539320933,"01598M03:30:12.155","01598 02:43:03",207.80,875.92,,,,"     ",5.10,64.94,6.76
1598,539320934,"01598M03:30:13.129","01598 02:43:04",207.75,875.89,,,,"     ",5.10,64.86,6.75
1598,539320935,"01598M03:30:14.102","01598 02:43:05",207.69,875.96,,,,"     ",5.10,64.93,6.76
1598,539320936,"01598M03:30:15.075","01598 02:43:06",207.63,875.93,,,,"     ",5.10,64.91,6.76
1598,539320937,"01598M03:30:16.048","01598 02:43:07",207.55,875.88,,,,"     ",5.10,64.66,6.73
1598,539320938,"01598M03:30:17.022","01598 02:43:08",207.49,875.88,,,,"     ",5.10,64.75,6.74
1598,539320939,"01598M03:30:17.995","01598 02:43:09",207.44,875.92,,,,"     ",5.10,64.99,6.77
1598,539320940,"01598M03:30:18.968","01598 02:43:10",207.41,875.91,,,,"     ",5.10,64.76,6.75
1598,539320941,"01598M03:30:19.941","01598 02:43:11",207.39,875.99,,,,"     ",5.10,64.71,6.74
1598,539320942,"01598M03:30:20.915","01598 02:43:12",207.38,875.86,,,,"     ",5.10,64.95,6.77
1598,539320943,"01598M03:30:21.888","01598 02:43:13",207.37,875.87,,,,"     ",5.10,64.86,6.76
1598,539320944,"01598M03:30:22.861","01598 02:43:14",207.35,875.79,,,,"     ",5.10,64.58,6.73
1598,539320945,"01598M03:30:23.834","01598 02:43:15",207.33,875.77,,,,"     ",5.10,64.67,6.74
1598,539320946,"01598M03:30:24.808","01598 02:43:15",207.32,875.77,,,,"     ",5.10,64.72,6.75
1598,539320947,"01598M03:30:25.781","01598 02:43:16",207.32,875.84,,,,"     ",5.10,64.77,6.75
1598,539320948,"01598M03:30:26.754","01598 02:43:17",207.32,875.92,,,,"     ",5.10,64.69,6.75
1598,539320949,"01598M03:30:27.727","01598 02:43:18",207.34,875.82,,,,"     ",5.10,65.09,6.79
1598,539320950,"01598M03:30:28.701","01598 02:43:19",207.36,875.79,,,,"     ",5.10,64.46,6.72
1598,539320951,"01598M03:30:29.674","01598 02:43:20",207.38,875.90,,,,"     ",5.10,64.70,6.75
1598,539320952,"01598M03:30:30.647","01598 02:43:21",207.39,875.96,,,,"     ",5.10,64.66,6.75
1598,539320953,"01598M03:30:31.620","01598 02:43:22",207.38,875.96,,,,"     ",5.10,64.69,6.75
1598,539320954,"01598M03:30:32.594","01598 02:43:23",207.39,875.91,,,,"     ",5.10,65.17,6.80
1598,539320955,"01598M03:30:33.567","01598 02:43:24",207.39,875.91,,,,"     ",5.10,64.72,6.76
1598,539320956,"01598M03:30:34.540","01598 02:43:25",207.38,875.84,,,,"     ",5.10,65.01,6.79
1598,539320957,"01598M03:30:35.513","01598 02:43:26",207.37,875.81,,,,"     ",5.10,64.78,6.77
1598,539320958,"01598M03:30:36.487","01598 02:43:27",207.36,875.76,,,,"     ",5.10,64.98,6.79
1598,539320959,"01598M03:30:37.460","01598 02:43:28",207.35,875.70,,,,"     ",5.10,65.02,6.79
1598,539320960,"01598M03:30:38.433","01598 02:43:29",207.33,875.80,,,,"     ",5.10,64.81,6.77
1598,539320961,"01598M03:30:39.406","01598 02:43:30",207.32,875.79,,,,"     ",5.10,64.98,6.79
1598,539320962,"01598M03:30:40.380","01598 02:43:31",207.30,875.86,,,,"     ",5.10,64.65,6.76
1598,539320963,"01598M03:30:41.353","01598 02:43:32",207.27,875.75,,,,"     ",5.10,64.95,6.79
1598,539320964,"01598M03:30:42.326","01598 02:43:33",207.25,875.78,,,,"     ",5.10,64.83,6.78
1598,539320965,"01598M03:30:43.299","01598 02:43:34",207.22,875.81,,,,"     ",5.10,64.99,6.80
1598,539320966,"01598M03:30:44.273","01598 02:43:35",207.19,875.88,,,,"     ",5.10,64.72,6.77
1598,539320967,"01598M03:30:45.246","01598 02:43:36",207.15,875.91,,,,"     ",5.10,64.94,6.80
1598,539320968,"01598M03:30:46.219","01598 02:43:37",206.97,875.91,,,,"     ",5.10,64.99,6.80
1598,539320969,"01598M03:30:47.193","01598 02:43:38",206.98,875.92,,,,"     ",5.10,64.85,6.79
1598,539320970,"01598M03:30:48.166","01598 02:43:39",206.99,875.93,,,,"     ",5.10,64.92,6.80
1598,539320971,"01598M03:30:49.139","01598 02:43:40",207.00,875.92,,,,"     ",5.10,64.87,6.79
1598,539320972,"01598M03:30:50.112","01598 02:43:41",207.00,875.94,,,,"     ",5.10,64.93,6.80
1598,539320973,"01598M03:30:51.086","01598 02:43:42",207.00,875.83,,,,"     ",5.10,65.24,6.84
1598,539320974,"01598M03:30:52.059","01598 02:43:43",206.99,875.79,,,,"     ",5.10,65.28,6.84
1598,539320975,"01598M03:30:53.032","01598 02:43:44",206.99,875.83,,,,"     ",5.10,64.95,6.81
1598,539320976,"01598M03:30:54.005","01598 02:43:45",206.97,875.79,,,,"     ",5.10,64.85,6.80
1598,539320977,"01598M03:30:54.979","01598 02:43:46",206.96,875.78,,,,"     ",5.10,64.75,6.79
1598,539320978,"01598M03:30:55.952","01598 02:43:47",206.94,875.81,,,,"     ",5.10,64.88,6.80
1598,539320979,"01598M03:30:56.925","01598 02:43:48",206.91,875.82,,,,"     ",5.10,65.03,6.82
1598,539320980,"01598M03:30:57.898","01598 02:43:49",206.88,875.71,,,,"     ",5.10,64.61,6.78
1598,539320981,"01598M03:30:58.872","01598 02:43:50",206.85,875.80,,,,"     ",5.10,64.95,6.82
1598,539320982,"01598M03:30:59.845","01598 02:43:51",206.83,875.85,,,,"     ",5.10,64.84,6.81
1598,539320983,"01598M03:31:00.818","01598 02:43:51",206.82,875.68,,,,"     ",5.10,64.97,6.82
1598,539320984,"01598M03:31:01.791","01598 02:43:52",206.82,875.74,,,,"     ",5.10,65.02,6.83
1598,539320985,"01598M03:31:02.765","01598 02:43:53",206.82,875.90,,,,"     ",5.10,64.81,6.81
1598,539320986,"01598M03:31:03.738","01598 02:43:54",206.82,875.85,,,,"     ",5.10,64.81,6.81
1598,539320987,"01598M03:31:04.711","01598 02:43:55",206.82,875.83,,,,"     ",5.10,65.06,6.84
1598,539320988,"01598M03:31:05.684","01598 02:43:56",206.83,875.77,,,,"     ",5.10,64.82,6.81
1598,539320989,"01598M03:31:06.658","01598 02:43:57",206.84,875.84,,,,"     ",5.10,65.01,6.84
1598,539320990,"01598M03:31:07.631","01598 02:43:58",206.87,875.86,,,,"     ",5.10,65.21,6.86
1598,539320991,"01598M03:31:08.604","01598 02:43:59",206.88,875.85,,,,"     ",5.10,64.93,6.83
1598,539320992,"01598M03:31:09.577","01598 02:44:00",206.89,875.80,,,,"     ",5.10,64.92,6.83
1598,539320993,"01598M03:31:10.551","01598 02:44:01",206.88,875.77,,,,"     ",5.10,64.70,6.81
1598,539320994,"01598M03:31:11.524","01598 02:44:02",206.88,875.73,,,,"     ",5.10,64.83,6.82
1598,539320995,"01598M03:31:12.497","01598 02:44:03",206.88,875.85,,,,"     ",5.10,64.81,6.82
1598,539320996,"01598M03:31:13.470","01598 02:44:04",206.88,875.81,,,,"     ",5.10,64.75,6.82
1598,539320997,"01598M03:31:14.444","01598 02:44:05",206.88,875.84,,,,"     ",5.10,65.15,6.86
1598,539320998,"01598M03:31:15.417","01598 02:44:06",206.88,875.87,,,,"     ",5.10,65.26,6.87
1598,539320999,"01598M03:31:16.390","01598 02:44:07",206.87,875.84,,,,"     ",5.10,64.73,6.82
1598,539321000,"01598M03:31:17.363","01598 02:44:08",206.86,875.76,,,,"     ",5.10,64.94,6.84
1598,539321001,"01598M03:31:18.337","01598 02:44:09",206.85,875.81,,,,"     ",5.10,64.95,6.84
1598,539321002,"01598M03:31:19.310","01598 02:44:10",206.83,875.81,,,,"     ",5.10,65.14,6.86
1598,539321003,"01598M03:31:20.283","01598 02:44:11",206.82,875.87,,,,"     ",5.10,65.41,6.90
1598,539321004,"01598M03:31:21.256","01598 02:44:12",206.82,875.87,,,,"     ",5.10,64.90,6.84
1598,539321005,"01598M03:31:22.230","01598 02:44:13",206.83,875.83,,,,"     ",5.10,65.07,6.86
1598,539321006,"01598M03:31:23.203","01598 02:44:14",206.86,875.83,,,,"     ",5.10,65.11,6.87
1598,539321007,"01598M03:31:24.176","01598 02:44:15",206.90,875.78,,,,"     ",5.10,65.17,6.88
1598,539321008,"01598M03:31:25.149","01598 02:44:16",206.93,875.74,,,,"     ",5.10,64.86,6.84
1598,539321009,"01598M03:31:26.123","01598 02:44:17",206.95,875.80,,,,"     ",5.10,64.84,6.84
1598,539321010,"01598M03:31:27.096","01598 02:44:18",206.97,875.82,,,,"     ",5.10,64.94,6.86
1598,539321011,"01598M03:31:28.069","01598 02:44:19",206.97,875.82,,,,"     ",5.10,65.19,6.88
1598,539321012,"01598M03:31:29.042","01598 02:44:20",206.98,875.79,,,,"     ",5.10,65.04,6.87
1598,539321013,"01598M03:31:30.016","01598 02:44:21",206.98,875.79,,,,"     ",5.10,64.99,6.86
1598,539321014,"01598M03:31:30.989","01598 02:44:22",206.96,875.84,,,,"     ",5.10,65.09,6.88
1598,539321015,"01598M03:31:31.962","01598 02:44:23",206.95,875.86,,,,"     ",5.10,65.24,6.89
1598,539321016,"01598M03:31:32.935","01598 02:44:24",206.92,875.80,,,,"     ",5.10,65.24,6.89
1598,539321017,"01598M03:31:33.909","01598 02:44:25",206.89,875.86,,,,"     ",5.10,65.19,6.89
1598,539321018,"01598M03:31:34.882","01598 02:44:26",206.86,875.84,,,,"     ",5.10,65.12,6.88
1598,539321019,"01598M03:31:35.855","01598 02:44:27",206.82,875.90,,,,"     ",5.10,64.87,6.86
1598,539321020,"01598M03:31:36.828","01598 02:44:27",206.78,875.83,,,,"     ",5.10,65.25,6.90
1598,539321021,"01598M03:31:37.802","01598 02:44:28",206.73,875.85,,,,"     ",5.10,65.20,6.90
1598,539321022,"01598M03:31:38.775","01598 02:44:29",206.69,875.78,,,,"     ",5.10,65.14,6.89
1598,539321023,"01598M03:31:39.748","01598 02:44:30",206.67,875.71,,,,"     ",5.10,65.13,6.89
1598,539321024,"01598M03:31:40.721","01598 02:44:31",206.66,875.81,,,,"     ",5.10,65.36,6.92
1598,539321025,"01598M03:31:41.695","01598 02:44:32",206.66,875.71,,,,"     ",5.10,65.02,6.88
1598,539321026,"01598M03:31:42.668","01598 02:44:33",206.67,875.75,,,,"     ",5.10,64.99,6.88
1598,539321027,"01598M03:31:43.641","01598 02:44:34",206.67,875.67,,,,"     ",5.10,65.20,6.90
1598,539321028,"01598M03:31:44.614","01598 02:44:35",206.66,875.77,,,,"     ",5.10,65.24,6.91
1598,539321029,"01598M03:31:45.588","01598 02:44:36",206.64,875.82,,,,"     ",5.10,65.11,6.89
1598,539321030,"01598M03:31:46.561","01598 02:44:37",206.64,875.89,,,,"     ",5.10,65.49,6.93
1598,539321031,"01598M03:31:47.534","01598 02:44:38",206.64,875.85,,,,"     ",5.10,65.01,6.88
1598,539321032,"01598M03:31:48.507","01598 02:44:39",206.67,875.93,,,,"     ",5.10,65.34,6.92
1598,539321033,"01598M03:31:49.481","01598 02:44:40",206.70,875.92,,,,"     ",5.10,65.27,6.91
1598,539321034,"01598M03:31:50.454","01598 02:44:41",206.73,875.84,,,,"     ",5.10,65.52,6.94
1598,539321035,"01598M03:31:51.427","01598 02:44:42",206.76,875.91,,,,"     ",5.10,65.29,6.92
1598,539321036,"01598M03:31:52.400","01598 02:44:43",206.79,875.86,,,,"     ",5.10,65.30,6.92
1598,539321037,"01598M03:31:53.374","01598 02:44:44",206.83,875.89,,,,"     ",5.10,65.12,6.90
1598,539321038,"01598M03:31:54.347","01598 02:44:45",206.87,875.81,,,,"     ",5.10,65.29,6.92
1598,539321039,"01598M03:31:55.320","01598 02:44:46",206.90,875.79,,,,"     ",5.10,65.18,6.91
1598,539321040,"01598M03:31:56.294","01598 02:44:47",206.93,875.80,,,,"     ",5.10,65.19,6.91
1598,539321041,"01598M03:31:57.267","01598 02:44:48",206.95,875.85,,,,"     ",5.10,65.34,6.92
1598,539321042,"01598M03:31:58.240","01598 02:44:49",206.96,875.75,,,,"     ",5.10,65.38,6.93
1598,539321043,"01598M03:31:59.213","01598 02:44:50",206.96,875.73,,,,"     ",5.10,65.25,6.91
1598,539321044,"01598M03:32:00.187","01598 02:44:51",206.94,875.76,,,,"     ",5.10,65.43,6.93
1598,539321045,"01598M03:32:01.160","01598 02:44:52",206.91,875.80,,,,"     ",5.10,65.44,6.94
1598,539321046,"01598M03:32:02.133","01598 02:44:53",206.86,875.78,,,,"     ",5.10,65.21,6.91
1598,539321047,"01598M03:32:03.106","01598 02:44:54",206.82,875.78,,,,"     ",5.10,65.21,6.91
1598,539321048,"01598M03:32:04.080","01598 02:44:55",206.80,875.88,,,,"     ",5.10,65.54,6.95
1598,539321049,"01598M03:32:05.053","01598 02:44:56",206.79,875.88,,,,"     ",5.10,65.37,6.93
1598,539321050,"01598M03:32:06.026","01598 02:44:57",206.81,875.82,,,,"     ",5.10,65.18,6.91
1598,539321051,"01598M03:32:06.999","01598 02:44:58",206.84,875.81,,,,"     ",5.10,65.05,6.89
1598,539321052,"01598M03:32:07.973","01598 02:44:59",206.88,875.87,,,,"     ",5.10,65.21,6.91
1598,539321053,"01598M03:32:08.946","01598 02:45:00",206.90,875.81,,,,"     ",5.10,65.51,6.95
1598,539321054,"01598M03:32:09.919","01598 02:45:01",206.93,875.81,,,,"     ",5.10,65.21,6.91
1598,539321055,"01598M03:32:10.892","01598 02:45:02",206.97,875.78,,,,"     ",5.10,65.38,6.93
1598,539321056,"01598M03:32:11.866","01598 02:45:03",207.01,875.79,,,,"     ",5.10,65.46,6.94
1598,539321057,"01598M03:32:12.839","01598 02:45:04",207.05,875.76,,,,"     ",5.10,65.55,6.95
1598,539321058,"01598M03:32:13.812","01598 02:45:04",207.10,875.81,,,,"     ",5.10,65.54,6.95
1598,539321059,"01598M03:32:14.785","01598 02:45:05",207.13,875.81,,,,"     ",5.10,65.31,6.92
1598,539321060,"01598M03:32:15.759","01598 02:45:06",207.14,875.88,,,,"     ",5.10,65.51,6.94
1598,539321061,"01598M03:32:16.732","01598 02:45:07",207.13,875.85,,,,"     ",5.10,65.44,6.94
1598,539321062,"01598M03:32:17.705","01598 02:45:08",207.10,875.88,,,,"     ",5.10,65.65,6.96
1598,539321063,"01598M03:32:18.678","01598 02:45:09",207.06,875.85,,,,"     ",5.10,65.42,6.94
1598,539321064,"01598M03:32:19.652","01598 02:45:10",207.03,875.89,,,,"     ",5.10,65.70,6.96
1598,539321065,"01598M03:32:20.625","01598 02:45:11",207.01,875.93,,,,"     ",5.10,65.52,6.94
1598,539321066,"01598M03:32:21.598","01598 02:45:12",207.01,875.92,,,,"     ",5.10,65.70,6.96
1598,539321067,"01598M03:32:22.571","01598 02:45:13",207.01,875.86,,,,"     ",5.10,65.34,6.92
1598,539321068,"01598M03:32:23.545","01598 02:45:14",207.04,875.85,,,,"     ",5.10,65.54,6.95
1598,539321069,"01598M03:32:24.518","01598 02:45:15",207.06,875.92,,,,"     ",5.10,65.50,6.94
1598,539321070,"01598M03:32:25.491","01598 02:45:16",207.09,875.98,,,,"     ",5.10,65.16,6.90
1598,539321071,"01598M03:32:26.464","01598 02:45:17",207.11,875.93,,,,"     ",5.10,65.45,6.93
1598,539321072,"01598M03:32:27.438","01598 02:45:18",207.14,875.89,,,,"     ",5.10,65.37,6.93
1598,539321073,"01598M03:32:28.411","01598 02:45:19",207.17,875.88,,,,"     ",5.10,65.67,6.96
1598,539321074,"01598M03:32:29.384","01598 02:45:20",207.21,875.81,,,,"     ",5.10,65.64,6.95
1598,539321075,"01598M03:32:30.357","01598 02:45:21",207.24,875.80,,,,"     ",5.10,65.14,6.90
1598,539321076,"01598M03:32:31.331","01598 02:45:22",207.26,875.81,,,,"     ",5.10,65.19,6.90
1598,539321077,"01598M03:32:32.304","01598 02:45:23",207.28,875.78,,,,"     ",5.10,65.48,6.93
1598,539321078,"01598M03:32:33.277","01598 02:45:24",207.29,875.91,,,,"     ",5.10,64.94,6.87
1598,539321079,"01598M03:32:34.250","01598 02:45:25",207.30,875.78,,,,"     ",5.10,65.16,6.90
1598,539321080,"01598M03:32:35.224","01598 02:45:26",207.28,875.79,,,,"     ",5.10,65.26,6.91
1598,539321081,"01598M03:32:36.197","01598 02:45:27",207.25,875.87,,,,"     ",5.10,65.19,6.90
1598,539321082,"01598M03:32:37.170","01598 02:45:28",207.21,875.79,,,,"     ",5.10,65.33,6.91
1598,539321083,"01598M03:32:38.143","01598 02:45:29",207.17,875.81,,,,"     ",5.10,65.59,6.94
1598,539321084,"01598M03:32:39.117","01598 02:45:30",207.13,875.90,,,,"     ",5.10,64.97,6.87
1598,539321085,"01598M03:32:40.090","01598 02:45:31",207.11,875.77,,,,"     ",5.10,65.15,6.89
1598,539321086,"01598M03:32:41.063","01598 02:45:32",207.09,875.82,,,,"     ",5.10,65.42,6.93
1598,539321087,"01598M03:32:42.036","01598 02:45:33",207.07,875.82,,,,"     ",5.10,65.24,6.90
1598,539321088,"01598M03:32:43.010","01598 02:45:34",207.05,875.78,,,,"     ",5.10,65.16,6.89
1598,539321089,"01598M03:32:43.983","01598 02:45:35",207.04,875.80,,,,"     ",5.10,65.06,6.88
1598,539321090,"01598M03:32:44.956","01598 02:45:36",207.04,875.89,,,,"     ",5.10,65.23,6.90
1598,539321091,"01598M03:32:45.929","01598 02:45:37",207.07,875.86,,,,"     ",5.10,65.12,6.89
1598,539321092,"01598M03:32:46.903","01598 02:45:38",207.11,875.91,,,,"     ",5.10,65.30,6.91
1598,539321093,"01598M03:32:47.876","01598 02:45:39",207.16,875.81,,,,"     ",5.10,65.01,6.88
1598,539321094,"01598M03:32:48.849","01598 02:45:40",207.23,875.77,,,,"     ",5.10,65.23,6.90
1598,539321095,"01598M03:32:49.822","01598 02:45:40",207.30,875.83,,,,"     ",5.10,64.97,6.87
1598,539321096,"01598M03:32:50.796","01598 02:45:41",207.37,875.79,,,,"     ",5.10,65.26,6.90
1598,539321097,"01598M03:32:51.769","01598 02:45:42",207.42,875.66,,,,"     ",5.10,65.12,6.88
1598,539321098,"01598M03:32:52.742","01598 02:45:43",207.47,875.75,,,,"     ",5.10,64.91,6.86
1598,539321099,"01598M03:32:53.715","01598 02:45:44",207.52,875.77,,,,"     ",5.10,64.93,6.87
1598,539321100,"01598M03:32:54.689","01598 02:45:45",207.55,875.86,,,,"     ",5.10,65.00,6.87
1598,539321101,"01598M03:32:55.662","01598 02:45:46",207.57,875.78,,,,"     ",5.10,65.14,6.89
1598,539321102,"01598M03:32:56.635","01598 02:45:47",207.57,875.81,,,,"     ",5.10,65.36,6.91
1598,539321103,"01598M03:32:57.608","01598 02:45:48",207.55,875.90,,,,"     ",5.10,65.08,6.88
1598,539321104,"01598M03:32:58.582","01598 02:45:49",207.53,875.85,,,,"     ",5.10,65.12,6.89
1598,539321105,"01598M03:32:59.555","01598 02:45:50",207.49,875.80,,,,"     ",5.10,65.14,6.89
1598,539321106,"01598M03:33:00.528","01598 02:45:51",207.44,875.81,,,,"     ",5.10,65.04,6.88
1598,539321107,"01598M03:33:01.501","01598 02:45:52",207.38,875.83,,,,"     ",5.10,65.01,6.87
1598,539321108,"01598M03:33:02.475","01598 02:45:53",207.33,875.85,,,,"     ",5.10,64.81,6.85
1598,539321109,"01598M03:33:03.448","01598 02:45:54",207.29,875.75,,,,"     ",5.10,65.19,6.90
1598,539321110,"01598M03:33:04.421","01598 02:45:55",207.27,875.82,,,,"     ",5.10,65.14,6.89
1598,539321111,"01598M03:33:05.394","01598 02:45:56",207.24,875.81,,,,"     ",5.10,65.12,6.89
1598,539321112,"01598M03:33:06.368","01598 02:45:57",207.23,875.82,,,,"     ",5.10,65.10,6.89
1598,539321113,"01598M03:33:07.341","01598 02:45:58",207.21,875.77,,,,"     ",5.10,65.13,6.89
1598,539321114,"01598M03:33:08.314","01598 02:45:59",207.18,875.75,,,,"     ",5.10,65.01,6.88
1598,539321115,"01598M03:33:09.288","01598 02:46:00",207.16,875.69,,,,"     ",5.10,64.85,6.86
1598,539321116,"01598M03:33:10.261","01598 02:46:01",207.16,875.74,,,,"     ",5.10,64.96,6.87
1598,539321117,"01598M03:33:11.234","01598 02:46:02",207.17,875.67,,,,"     ",5.10,65.00,6.88
1598,539321118,"01598M03:33:12.207","01598 02:46:03",207.19,875.80,,,,"     ",5.10,65.12,6.89
1598,539321119,"01598M03:33:13.181","01598 02:46:04",207.21,875.75,,,,"     ",5.10,65.04,6.88
1598,539321120,"01598M03:33:14.154","01598 02:46:05",207.24,875.72,,,,"     ",5.10,64.90,6.86
1598,539321121,"01598M03:33:15.127","01598 02:46:06",207.27,875.73,,,,"     ",5.10,65.00,6.87
1598,539321122,"01598M03:33:16.100","01598 02:46:07",207.30,875.71,,,,"     ",5.10,64.73,6.85
1598,539321123,"01598M03:33:17.074","01598 02:46:08",207.32,875.80,,,,"     ",5.10,64.84,6.86
1598,539321124,"01598M03:33:18.047","01598 02:46:09",207.35,875.82,,,,"     ",5.10,64.79,6.86
1598,539321125,"01598M03:33:19.020","01598 02:46:10",207.38,875.86,,,,"     ",5.10,65.13,6.89
1598,539321126,"01598M03:33:19.993","01598 02:46:11",207.41,875.79,,,,"     ",5.10,65.16,6.90
1598,539321127,"01598M03:33:20.967","01598 02:46:12",207.43,875.72,,,,"     ",5.10,65.15,6.89
1598,539321128,"01598M03:33:21.940","01598 02:46:13",207.43,875.76,,,,"     ",5.10,64.96,6.87
1598,539321129,"01598M03:33:22.913","01598 02:46:14",207.43,875.77,,,,"     ",5.10,64.86,6.86
1598,539321130,"01598M03:33:23.886","01598 02:46:15",207.42,875.79,,,,"     ",5.10,64.84,6.86
1598,539321131,"01598M03:33:24.860","01598 02:46:16",207.42,875.77,,,,"     ",5.10,65.09,6.89
1598,539321132,"01598M03:33:25.833","01598 02:46:16",207.41,875.75,,,,"     ",5.10,65.01,6.88
1598,539321133,"01598M03:33:26.806","01598 02:46:17",207.41,875.77,,,,"     ",5.10,65.01,6.88
1598,539321134,"01598M03:33:27.779","01598 02:46:18",207.41,875.77,,,,"     ",5.10,64.79,6.85
1598,539321135,"01598M03:33:28.753","01598 02:46:19",207.42,875.75,,,,"     ",5.10,65.01,6.88
1598,539321136,"01598M03:33:29.726","01598 02:46:20",207.45,875.79,,,,"     ",5.10,65.12,6.89
1598,539321137,"01598M03:33:30.699","01598 02:46:21",207.50,875.78,,,,"     ",5.10,64.91,6.87
1598,539321138,"01598M03:33:31.672","01598 02:46:22",207.56,875.85,,,,"     ",5.10,65.08,6.89
1598,539321139,"01598M03:33:32.646","01598 02:46:23",207.61,875.75,,,,"     ",5.10,64.60,6.83
1598,539321140,"01598M03:33:33.619","01598 02:46:24",207.66,875.80,,,,"     ",5.10,64.82,6.86
1598,539321141,"01598M03:33:34.592","01598 02:46:25",207.71,875.83,,,,"     ",5.10,64.95,6.87
1598,539321142,"01598M03:33:35.565","01598 02:46:26",207.76,875.77,,,,"     ",5.10,65.04,6.88
1598,539321143,"01598M03:33:36.539","01598 02:46:27",207.79,875.82,,,,"     ",5.10,64.94,6.87
1598,539321144,"01598M03:33:37.512","01598 02:46:28",207.80,875.83,,,,"     ",5.10,64.75,6.85
1598,539321145,"01598M03:33:38.485","01598 02:46:29",207.79,875.87,,,,"     ",5.10,64.92,6.86
1598,539321146,"01598M03:33:39.458","01598 02:46:30",207.78,875.81,,,,"     ",5.10,65.12,6.89
1598,539321147,"01598M03:33:40.432","01598 02:46:31",207.77,875.76,,,,"     ",5.10,64.76,6.84
1598,539321148,"01598M03:33:41.405","01598 02:46:32",207.75,875.81,,,,"     ",5.10,64.74,6.84
1598,539321149,"01598M03:33:42.378","01598 02:46:33",207.73,875.79,,,,"     ",5.10,64.67,6.84
1598,539321150,"01598M03:33:43.351","01598 02:46:34",207.69,875.78,,,,"     ",5.10,64.84,6.85
1598,539321151,"01598M03:33:44.325","01598 02:46:35",207.66,875.80,,,,"     ",5.10,64.69,6.83
1598,539321152,"01598M03:33:45.298","01598 02:46:36",207.64,875.79,,,,"     ",5.10,64.74,6.84
1598,539321153,"01598M03:33:46.271","01598 02:46:37",207.64,875.74,,,,"     ",5.10,64.69,6.84
1598,539321154,"01598M03:33:47.244","01598 02:46:38",207.65,875.75,,,,"     ",5.10,64.43,6.80
1598,539321155,"01598M03:33:48.218","01598 02:46:39",207.68,875.80,,,,"     ",5.10,64.74,6.84
1598,539321156,"01598M03:33:49.191","01598 02:46:40",207.72,875.74,,,,"     ",5.10,64.81,6.85
1598,539321157,"01598M03:33:50.164","01598 02:46:41",207.77,875.70,,,,"     ",5.10,64.93,6.86
1598,539321158,"01598M03:33:51.137","01598 02:46:42",207.81,875.74,,,,"     ",5.10,64.81,6.84
1598,539321159,"01598M03:33:52.111","01598 02:46:43",207.84,875.74,,,,"     ",5.10,65.19,6.88
1598,539321160,"01598M03:33:53.084","01598 02:46:44",207.85,875.80,,,,"     ",5.10,64.72,6.83
1598,539321161,"01598M03:33:54.057","01598 02:46:45",207.88,875.77,,,,"     ",5.10,64.75,6.84
1598,539321162,"01598M03:33:55.030","01598 02:46:46",207.92,875.75,,,,"     ",5.10,64.99,6.86
1598,539321163,"01598M03:33:56.004","01598 02:46:47",207.97,875.71,,,,"     ",5.10,64.59,6.82
1598,539321164,"01598M03:33:56.977","01598 02:46:48",208.03,875.73,,,,"     ",5.10,64.81,6.84
1598,539321165,"01598M03:33:57.950","01598 02:46:49",208.08,875.68,,,,"     ",5.10,65.08,6.87
1598,539321166,"01598M03:33:58.923","01598 02:46:50",208.12,875.72,,,,"     ",5.10,65.10,6.87
1598,539321167,"01598M03:33:59.897","01598 02:46:51",208.15,875.70,,,,"     ",5.10,64.99,6.86
1598,539321168,"01598M03:34:00.870","01598 02:46:52",208.16,875.77,,,,"     ",5.10,64.76,6.84
1598,539321169,"01598M03:34:01.843","01598 02:46:52",208.15,875.82,,,,"     ",5.10,65.02,6.86
1598,539321170,"01598M03:34:02.816","01598 02:46:53",208.13,875.75,,,,"     ",5.10,65.01,6.86
1598,539321171,"01598M03:34:03.790","01598 02:46:54",208.10,875.67,,,,"     ",5.10,64.72,6.83
1598,539321172,"01598M03:34:04.763","01598 02:46:55",208.08,875.71,,,,"     ",5.10,64.79,6.84
1598,539321173,"01598M03:34:05.736","01598 02:46:56",208.06,875.79,,,,"     ",5.10,64.76,6.83
1598,539321174,"01598M03:34:06.709","01598 02:46:57",208.03,875.70,,,,"     ",5.10,65.02,6.86
1598,539321175,"01598M03:34:07.683","01598 02:46:58",208.00,875.67,,,,"     ",5.10,65.16,6.88
1598,539321176,"01598M03:34:08.656","01598 02:46:59",207.98,875.70,,,,"     ",5.10,64.88,6.84
1598,539321177,"01598M03:34:09.629","01598 02:47:00",207.97,875.66,,,,"     ",5.10,64.86,6.84
1598,539321178,"01598M03:34:10.602","01598 02:47:01",207.98,875.73,,,,"     ",5.10,64.97,6.85
1598,539321179,"01598M03:34:11.576","01598 02:47:02",207.99,875.75,,,,"     ",5.10,64.84,6.84
1598,539321180,"01598M03:34:12.549","01598 02:47:03",208.02,875.73,,,,"     ",5.10,65.04,6.86
1598,539321181,"01598M03:34:13.522","01598 02:47:04",208.07,875.76,,,,"     ",5.10,64.72,6.82
1598,539321182,"01598M03:34:14.495","01598 02:47:05",208.11,875.79,,,,"     ",5.10,64.84,6.84
1598,539321183,"01598M03:34:15.469","01598 02:47:06",208.15,875.76,,,,"     ",5.10,64.95,6.85
1598,539321184,"01598M03:34:16.442","01598 02:47:07",208.16,875.67,,,,"     ",5.10,64.91,6.84
1598,539321185,"01598M03:34:17.415","01598 02:47:08",208.17,875.68,,,,"     ",5.10,64.93,6.84
1598,539321186,"01598M03:34:18.389","01598 02:47:09",208.17,875.76,,,,"     ",5.10,65.14,6.87
1598,539321187,"01598M03:34:19.362","01598 02:47:10",208.17,875.72,,,,"     ",5.10,64.99,6.85
1598,539321188,"01598M03:34:20.335","01598 02:47:11",208.17,875.78,,,,"     ",5.10,65.02,6.85
1598,539321189,"01598M03:34:21.308","01598 02:47:12",208.17,875.74,,,,"     ",5.10,65.21,6.87
1598,539321190,"01598M03:34:22.282","01598 02:47:13",208.19,875.75,,,,"     ",5.10,65.25,6.87
1598,539321191,"01598M03:34:23.255","01598 02:47:14",208.21,875.79,,,,"     ",5.10,65.24,6.87
1598,539321192,"01598M03:34:24.228","01598 02:47:15",208.24,875.82,,,,"     ",5.10,65.07,6.85
1598,539321193,"01598M03:34:25.201","01598 02:47:16",208.29,875.78,,,,"     ",5.10,65.09,6.85
1598,539321194,"01598M03:34:26.175","01598 02:47:17",208.34,875.78,,,,"     ",5.10,65.07,6.85
1598,539321195,"01598M03:34:27.148","01598 02:47:18",208.39,875.68,,,,"     ",5.10,65.26,6.87
1598,539321196,"01598M03:34:28.121","01598 02:47:19",208.45,875.77,,,,"     ",5.10,65.47,6.89
1598,539321197,"01598M03:34:29.094","01598 02:47:20",208.51,875.73,,,,"     ",5.10,65.41,6.88
1598,539321198,"01598M03:34:30.068","01598 02:47:21",208.58,875.76,,,,"     ",5.10,65.20,6.86
1598,539321199,"01598M03:34:31.041","01598 02:47:22",208.64,875.82,,,,"     ",5.10,65.40,6.88
1598,539321200,"01598M03:34:32.014","01598 02:47:23",208.69,875.81,,,,"     ",5.10,65.02,6.83
1598,539321201,"01598M03:34:32.987","01598 02:47:24",208.73,875.80,,,,"     ",5.10,65.20,6.85
1598,539321202,"01598M03:34:33.961","01598 02:47:25",208.76,875.75,,,,"     ",5.10,65.29,6.86
1598,539321203,"01598M03:34:34.934","01598 02:47:26",208.78,875.86,,,,"     ",5.10,65.38,6.87
1598,539321204,"01598M03:34:35.907","01598 02:47:27",208.79,875.78,,,,"     ",5.10,65.17,6.85
1598,539321205,"01598M03:34:36.880","01598 02:47:28",208.81,875.80,,,,"     ",5.10,65.03,6.83
1598,539321206,"01598M03:34:37.854","01598 02:47:28",208.83,875.86,,,,"     ",5.10,65.40,6.87
1598,539321207,"01598M03:34:38.827","01598 02:47:29",208.87,875.84,,,,"     ",5.10,65.45,6.87
1598,539321208,"01598M03:34:39.800","01598 02:47:30",208.92,875.82,,,,"     ",5.10,65.28,6.85
1598,539321209,"01598M03:34:40.773","01598 02:47:31",208.97,875.81,,,,"     ",5.10,65.45,6.87
1598,539321210,"01598M03:34:41.747","01598 02:47:32",209.04,875.84,,,,"     ",5.10,65.33,6.85
1598,539321211,"01598M03:34:42.720","01598 02:47:33",209.12,875.76,,,,"     ",5.10,65.25,6.84
1598,539321212,"01598M03:34:43.693","01598 02:47:34",209.19,875.74,,,,"     ",5.10,65.59,6.87
1598,539321213,"01598M03:34:44.666","01598 02:47:35",209.26,875.82,,,,"     ",5.10,65.52,6.86
1598,539321214,"01598M03:34:45.640","01598 02:47:36",209.32,875.79,,,,"     ",5.10,65.50,6.86
1598,539321215,"01598M03:34:46.613","01598 02:47:37",209.36,875.79,,,,"     ",5.10,65.54,6.86
1598,539321216,"01598M03:34:47.586","01598 02:47:38",209.41,875.78,,,,"     ",5.10,65.57,6.86
1598,539321217,"01598M03:34:48.559","01598 02:47:39",209.47,875.78,,,,"     ",5.10,65.72,6.88
1598,539321218,"01598M03:34:49.533","01598 02:47:40",208.96,875.74,,,,"     ",5.10,65.59,6.86
1598,539321219,"01598M03:34:50.506","01598 02:47:41",209.00,875.73,,,,"     ",5.10,65.83,6.88
1598,539321220,"01598M03:34:51.479","01598 02:47:42",209.06,875.77,,,,"     ",5.10,65.85,6.88
1598,539321221,"01598M03:34:52.452","01598 02:47:43",209.12,875.74,,,,"     ",5.10,65.84,6.88
1598,539321222,"01598M03:34:53.426","01598 02:47:44",209.17,875.74,,,,"     ",5.10,65.94,6.89
1598,539321223,"01598M03:34:54.399","01598 02:47:45",209.21,875.66,,,,"     ",5.10,65.70,6.86
1598,539321224,"01598M03:34:55.372","01598 02:47:46",209.25,875.67,,,,"     ",5.10,65.74,6.86
1598,539321225,"01598M03:34:56.345","01598 02:47:47",209.30,875.66,,,,"     ",5.10,66.03,6.89
1598,539321226,"01598M03:34:57.319","01598 02:47:48",209.36,875.70,,,,"     ",5.10,66.04,6.89
1598,539321227,"01598M03:34:58.292","01598 02:47:49",209.41,875.71,,,,"     ",5.10,65.91,6.87
1598,539321228,"01598M03:34:59.265","01598 02:47:50",209.46,875.75,,,,"     ",5.10,65.86,6.87
1598,539321229,"01598M03:35:00.238","01598 02:47:51",209.48,875.72,,,,"     ",5.10,65.89,6.87
1598,539321230,"01598M03:35:01.212","01598 02:47:52",209.48,875.79,,,,"     ",5.10,66.24,6.90
1598,539321231,"01598M03:35:02.185","01598 02:47:53",209.46,875.72,,,,"     ",5.10,66.13,6.89
1598,539321232,"01598M03:35:03.158","01598 02:47:54",209.41,875.82,,,,"     ",5.10,66.01,6.87
1598,539321233,"01598M03:35:04.131","01598 02:47:55",209.36,875.79,,,,"     ",5.10,66.20,6.88
1598,539321234,"01598M03:35:05.105","01598 02:47:56",209.31,875.77,,,,"     ",5.10,66.60,6.93
1598,539321235,"01598M03:35:06.078","01598 02:47:57",209.27,875.74,,,,"     ",5.10,66.28,6.89
1598,539321236,"01598M03:35:07.051","01598 02:47:58",209.27,875.69,,,,"     ",5.10,66.32,6.89
1598,539321237,"01598M03:35:08.024","01598 02:47:59",209.27,875.69,,,,"     ",5.10,66.47,6.91
1598,539321238,"01598M03:35:08.998","01598 02:48:00",209.28,875.73,,,,"     ",5.10,66.52,6.90
1598,539321239,"01598M03:35:09.971","01598 02:48:01",209.29,875.72,,,,"     ",5.10,66.42,6.90
1598,539321240,"01598M03:35:10.944","01598 02:48:02",209.30,875.72,,,,"     ",5.10,66.40,6.89
1598,539321241,"01598M03:35:11.917","01598 02:48:03",209.31,875.71,,,,"     ",5.10,66.27,6.87
1598,539321242,"01598M03:35:12.891","01598 02:48:04",209.32,875.68,,,,"     ",5.10,66.57,6.90
1598,539321243,"01598M03:35:13.864","01598 02:48:04",209.32,875.75,,,,"     ",5.10,66.62,6.91
1598,539321244,"01598M03:35:14.837","01598 02:48:05",209.31,875.75,,,,"     ",5.10,66.55,6.90
1598,539321245,"01598M03:35:15.810","01598 02:48:06",209.30,875.77,,,,"     ",5.10,66.50,6.89
1598,539321246,"01598M03:35:16.784","01598 02:48:07",209.28,875.74,,,,"     ",5.10,66.31,6.87
1598,539321247,"01598M03:35:17.757","01598 02:48:08",209.26,875.73,,,,"     ",5.10,66.31,6.87
1598,539321248,"01598M03:35:18.730","01598 02:48:09",209.23,875.76,,,,"     ",5.10,66.48,6.88
1598,539321249,"01598M03:35:19.703","01598 02:48:10",209.21,875.78,,,,"     ",5.10,66.38,6.87
1598,539321250,"01598M03:35:20.677","01598 02:48:11",209.19,875.81,,,,"     ",5.10,66.24,6.85
1598,539321251,"01598M03:35:21.650","01598 02:48:12",209.17,875.85,,,,"     ",5.10,66.44,6.87
1598,539321252,"01598M03:35:22.623","01598 02:48:13",209.14,875.83,,,,"     ",5.10,66.49,6.88
1598,539321253,"01598M03:35:23.596","01598 02:48:14",209.13,875.86,,,,"     ",5.10,66.27,6.85
1598,539321254,"01598M03:35:24.570","01598 02:48:15",209.12,875.82,,,,"     ",5.10,66.32,6.86
1598,539321255,"01598M03:35:25.543","01598 02:48:16",209.12,875.84,,,,"     ",5.10,66.22,6.84
1598,539321256,"01598M03:35:26.516","01598 02:48:17",209.13,875.87,,,,"     ",5.10,66.28,6.85
1598,539321257,"01598M03:35:27.490","01598 02:48:18",209.14,875.92,,,,"     ",5.10,66.23,6.84
1598,539321258,"01598M03:35:28.463","01598 02:48:19",209.15,875.86,,,,"     ",5.10,66.25,6.84
1598,539321259,"01598M03:35:29.436","01598 02:48:20",209.14,875.79,,,,"     ",5.10,66.29,6.84
1598,539321260,"01598M03:35:30.409","01598 02:48:21",209.12,875.84,,,,"     ",5.10,66.01,6.81
1598,539321261,"01598M03:35:31.383","01598 02:48:22",209.60,875.77,,,,"     ",5.10,66.00,6.81
1598,539321262,"01598M03:35:32.356","01598 02:48:23",209.51,875.78,,,,"     ",5.10,66.08,6.82
1598,539321263,"01598M03:35:33.329","01598 02:48:24",209.45,875.74,,,,"     ",5.10,65.98,6.81
1598,539321264,"01598M03:35:34.302","01598 02:48:25",209.41,875.85,,,,"     ",5.10,65.75,6.78
1598,539321265,"01598M03:35:35.276","01598 02:48:26",209.38,875.87,,,,"     ",5.10,65.72,6.78
1598,539321266,"01598M03:35:36.249","01598 02:48:27",209.35,875.81,,,,"     ",5.10,65.84,6.79
1598,539321267,"01598M03:35:37.222","01598 02:48:28",209.33,875.75,,,,"     ",5.10,65.97,6.80
1598,539321268,"01598M03:35:38.195","01598 02:48:29",209.32,875.78,,,,"     ",5.10,65.96,6.80
1598,539321269,"01598M03:35:39.169","01598 02:48:30",209.31,875.86,,,,"     ",5.10,65.79,6.78
1598,539321270,"01598M03:35:40.142","01598 02:48:31",209.30,875.83,,,,"     ",5.10,65.67,6.77
1598,539321271,"01598M03:35:41.115","01598 02:48:32",209.30,875.81,,,,"     ",5.10,65.47,6.74
1598,539321272,"01598M03:35:42.088","01598 02:48:33",209.31,875.81,,,,"     ",5.10,65.66,6.76
1598,539321273,"01598M03:35:43.062","01598 02:48:34",209.33,875.82,,,,"     ",5.10,65.72,6.77
1598,539321274,"01598M03:35:44.035","01598 02:48:35",209.35,875.78,,,,"     ",5.10,65.67,6.76
1598,539321275,"01598M03:35:45.008","01598 02:48:36",209.38,875.75,,,,"     ",5.10,65.59,6.76
1598,539321276,"01598M03:35:45.981","01598 02:48:37",209.85,875.78,,,,"     ",5.10,65.60,6.76
1598,539321277,"01598M03:35:46.955","01598 02:48:38",209.83,875.81,,,,"     ",5.10,65.50,6.74
1598,539321278,"01598M03:35:47.928","01598 02:48:39",209.80,875.82,,,,"     ",5.10,65.58,6.75
1598,539321279,"01598M03:35:48.901","01598 02:48:40",209.78,875.83,,,,"     ",5.10,65.33,6.72
1598,539321280,"01598M03:35:49.874","01598 02:48:40",209.76,875.90,,,,"     ",5.10,65.41,6.73
1598,539321281,"01598M03:35:50.848","01598 02:48:41",209.74,875.83,,,,"     ",5.10,65.34,6.73
1598,539321282,"01598M03:35:51.821","01598 02:48:42",209.73,875.86,,,,"     ",5.10,65.21,6.71
1598,539321283,"01598M03:35:52.794","01598 02:48:43",209.71,875.78,,,,"     ",5.10,65.19,6.71
1598,539321284,"01598M03:35:53.767","01598 02:48:44",209.69,875.75,,,,"     ",5.10,65.25,6.71
1598,539321285,"01598M03:35:54.741","01598 02:48:45",209.68,875.81,,,,"     ",5.10,65.21,6.71
1598,539321286,"01598M03:35:55.714","01598 02:48:46",209.66,875.76,,,,"     ",5.10,65.30,6.72
1598,539321287,"01598M03:35:56.687","01598 02:48:47",209.65,875.83,,,,"     ",5.10,65.10,6.70
1598,539321288,"01598M03:35:57.660","01598 02:48:48",209.64,875.81,,,,"     ",5.10,65.23,6.71
1598,539321289,"01598M03:35:58.634","01598 02:48:49",209.63,875.85,,,,"     ",5.10,64.95,6.68
1598,539321290,"01598M03:35:59.607","01598 02:48:50",209.62,875.77,,,,"     ",5.10,65.02,6.69
1598,539321291,"01598M03:36:00.580","01598 02:48:51",209.61,875.81,,,,"     ",5.10,64.95,6.68
1598,539321292,"01598M03:36:01.553","01598 02:48:52",209.59,875.82,,,,"     ",5.10,64.53,6.63
1598,539321293,"01598M03:36:02.527","01598 02:48:53",209.58,875.79,,,,"     ",5.10,64.97,6.68
1598,539321294,"01598M03:36:03.500","01598 02:48:54",209.57,875.83,,,,"     ",5.10,64.79,6.66
1598,539321295,"01598M03:36:04.473","01598 02:48:55",209.56,875.80,,,,"     ",5.10,64.51,6.63
1598,539321296,"01598M03:36:05.446","01598 02:48:56",209.56,875.83,,,,"     ",5.10,64.81,6.67
1598,539321297,"01598M03:36:06.420","01598 02:48:57",209.57,875.84,,,,"     ",5.10,65.03,6.69
1598,539321298,"01598M03:36:07.393","01598 02:48:58",209.59,875.85,,,,"     ",5.10,64.59,6.64
1598,539321299,"01598M03:36:08.366","01598 02:48:59",209.61,875.75,,,,"     ",5.10,64.92,6.67
1598,539321300,"01598M03:36:09.339","01598 02:49:00",209.64,875.82,,,,"     ",5.10,64.86,6.67
1598,539321301,"01598M03:36:10.313","01598 02:49:01",209.66,875.80,,,,"     ",5.10,64.58,6.64
1598,539321302,"01598M03:36:11.286","01598 02:49:02",209.69,875.88,,,,"     ",5.10,64.33,6.61
1598,539321303,"01598M03:36:12.259","01598 02:49:03",209.71,875.87,,,,"     ",5.10,64.60,6.64
1598,539321304,"01598M03:36:13.232","01598 02:49:04",209.17,875.86,,,,"     ",5.10,64.60,6.64
1598,539321305,"01598M03:36:14.206","01598 02:49:05",209.19,875.80,,,,"     ",5.10,64.64,6.64
1598,539321306,"01598M03:36:15.179","01598 02:49:06",209.22,875.88,,,,"     ",5.10,64.53,6.63
1598,539321307,"01598M03:36:16.152","01598 02:49:07",209.26,875.86,,,,"     ",5.10,64.47,6.62
1598,539321308,"01598M03:36:17.125","01598 02:49:08",209.31,875.85,,,,"     ",5.10,64.33,6.61
1598,539321309,"01598M03:36:18.099","01598 02:49:09",209.37,875.88,,,,"     ",5.10,64.31,6.61
1598,539321310,"01598M03:36:19.072","01598 02:49:10",209.42,875.87,,,,"     ",5.10,64.26,6.60
1598,539321311,"01598M03:36:20.045","01598 02:49:11",209.45,875.92,,,,"     ",5.10,64.60,6.64
1598,539321312,"01598M03:36:21.018","01598 02:49:12",209.47,875.87,,,,"     ",5.10,64.26,6.60
1598,539321313,"01598M03:36:21.992","01598 02:49:13",209.48,875.82,,,,"     ",5.10,64.47,6.62
1598,539321314,"01598M03:36:22.965","01598 02:49:14",209.48,875.86,,,,"     ",5.10,64.16,6.59
1598,539321315,"01598M03:36:23.938","01598 02:49:15",209.46,875.90,,,,"     ",5.10,64.31,6.61
1598,539321316,"01598M03:36:24.911","01598 02:49:16",209.43,875.94,,,,"     ",5.10,64.26,6.60
1598,539321317,"01598M03:36:25.885","01598 02:49:17",209.40,875.88,,,,"     ",5.10,64.23,6.60
1598,539321318,"01598M03:36:26.858","01598 02:49:17",209.36,875.88,,,,"     ",5.10,64.33,6.61
1598,539321319,"01598M03:36:27.831","01598 02:49:18",209.31,875.94,,,,"     ",5.10,64.19,6.59
1598,539321320,"01598M03:36:28.804","01598 02:49:19",209.27,875.90,,,,"     ",5.10,64.01,6.57
1598,539321321,"01598M03:36:29.778","01598 02:49:20",209.23,875.84,,,,"     ",5.10,64.08,6.58
1598,539321322,"01598M03:36:30.751","01598 02:49:21",209.19,875.86,,,,"     ",5.10,64.19,6.59
1598,539321323,"01598M03:36:31.724","01598 02:49:22",209.15,875.90,,,,"     ",5.10,64.05,6.58
1598,539321324,"01598M03:36:32.697","01598 02:49:23",209.76,875.88,,,,"     ",5.10,64.00,6.57
1598,539321325,"01598M03:36:33.671","01598 02:49:24",209.70,875.87,,,,"     ",5.10,64.21,6.59
1598,539321326,"01598M03:36:34.644","01598 02:49:25",209.65,875.90,,,,"     ",5.10,64.14,6.59
1598,539321327,"01598M03:36:35.617","01598 02:49:26",209.59,875.82,,,,"     ",5.10,63.70,6.54
1598,539321328,"01598M03:36:36.591","01598 02:49:27",209.54,875.89,,,,"     ",5.10,63.80,6.55
1598,539321329,"01598M03:36:37.564","01598 02:49:28",209.49,875.84,,,,"     ",5.10,63.84,6.55
1598,539321330,"01598M03:36:38.537","01598 02:49:29",209.44,875.93,,,,"     ",5.10,63.93,6.56
1598,539321331,"01598M03:36:39.510","01598 02:49:30",209.41,875.94,,,,"     ",5.10,63.95,6.56
1598,539321332,"01598M03:36:40.484","01598 02:49:31",209.39,875.95,,,,"     ",5.10,63.88,6.56
1598,539321333,"01598M03:36:41.457","01598 02:49:32",209.38,875.91,,,,"     ",5.10,63.64,6.53
1598,539321334,"01598M03:36:42.430","01598 02:49:33",209.39,875.92,,,,"     ",5.10,63.88,6.56
1598,539321335,"01598M03:36:43.403","01598 02:49:34",209.41,875.91,,,,"     ",5.10,63.73,6.54
1598,539321336,"01598M03:36:44.377","01598 02:49:35",209.44,875.86,,,,"     ",5.10,63.94,6.56
1598,539321337,"01598M03:36:45.350","01598 02:49:36",209.47,875.88,,,,"     ",5.10,63.93,6.56
1598,539321338,"01598M03:36:46.323","01598 02:49:37",209.51,875.88,,,,"     ",5.10,63.70,6.54
1598,539321339,"01598M03:36:47.296","01598 02:49:38",209.56,875.82,,,,"     ",5.10,63.70,6.53
1598,539321340,"01598M03:36:48.270","01598 02:49:39",209.61,875.88,,,,"     ",5.10,63.71,6.54
1598,539321341,"01598M03:36:49.243","01598 02:49:40",209.09,875.95,,,,"     ",5.10,63.59,6.52
1598,539321342,"01598M03:36:50.216","01598 02:49:41",209.12,875.88,,,,"     ",5.10,63.59,6.52
1598,539321343,"01598M03:36:51.189","01598 02:49:42",209.16,875.84,,,,"     ",5.10,63.65,6.53
1598,539321344,"01598M03:36:52.163","01598 02:49:43",209.20,875.81,,,,"     ",5.10,63.84,6.55
1598,539321345,"01598M03:36:53.136","01598 02:49:44",209.23,875.88,,,,"     ",5.10,63.78,6.54
1598,539321346,"01598M03:36:54.109","01598 02:49:45",209.26,875.86,,,,"     ",5.10,63.87,6.55
1598,539321347,"01598M03:36:55.082","01598 02:49:46",209.28,875.88,,,,"     ",5.10,63.85,6.55
1598,539321348,"01598M03:36:56.056","01598 02:49:47",209.30,875.88,,,,"     ",5.10,63.98,6.56
1598,539321349,"01598M03:36:57.029","01598 02:49:48",209.31,875.86,,,,"     ",5.10,63.75,6.54
1598,539321350,"01598M03:36:58.002","01598 02:49:49",209.30,875.91,,,,"     ",5.10,63.88,6.55
1598,539321351,"01598M03:36:58.975","01598 02:49:50",209.28,875.89,,,,"     ",5.10,63.51,6.51
1598,539321352,"01598M03:36:59.949","01598 02:49:51",209.24,875.87,,,,"     ",5.10,63.95,6.56
1598,539321353,"01598M03:37:00.922","01598 02:49:52",209.21,875.90,,,,"     ",5.10,63.49,6.51
1598,539321354,"01598M03:37:01.895","01598 02:49:53",209.17,875.95,,,,"     ",5.10,63.67,6.53
1598,539321355,"01598M03:37:02.868","01598 02:49:53",209.74,875.89,,,,"     ",5.10,63.68,6.53
1598,539321356,"01598M03:37:03.842","01598 02:49:54",209.69,875.93,,,,"     ",5.10,63.45,6.50
1598,539321357,"01598M03:37:04.815","01598 02:49:55",209.65,875.87,,,,"     ",5.10,63.39,6.50
1598,539321358,"01598M03:37:05.788","01598 02:49:56",209.61,875.84,,,,"     ",5.10,63.56,6.52
1598,539321359,"01598M03:37:06.761","01598 02:49:57",209.58,875.85,,,,"     ",5.10,63.71,6.53
1598,539321360,"01598M03:37:07.735","01598 02:49:58",209.55,875.89,,,,"     ",5.10,63.56,6.51
1598,539321361,"01598M03:37:08.708","01598 02:49:59",209.53,875.90,,,,"     ",5.10,63.81,6.54
1598,539321362,"01598M03:37:09.681","01598 02:50:00",209.50,875.89,,,,"     ",5.10,63.84,6.54
1598,539321363,"01598M03:37:10.654","01598 02:50:01",209.48,875.87,,,,"     ",5.10,63.59,6.52
1598,539321364,"01598M03:37:11.628","01598 02:50:02",209.45,875.91,,,,"     ",5.10,64.03,6.56
1598,539321365,"01598M03:37:12.601","01598 02:50:03",209.41,875.81,,,,"     ",5.10,63.65,6.52
1598,539321366,"01598M03:37:13.574","01598 02:50:04",209.37,875.85,,,,"     ",5.10,63.82,6.54
1598,539321367,"01598M03:37:14.547","01598 02:50:05",209.32,875.84,,,,"     ",5.10,63.68,6.52
1598,539321368,"01598M03:37:15.521","01598 02:50:06",209.27,875.89,,,,"     ",5.10,63.89,6.55
1598,539321369,"01598M03:37:16.494","01598 02:50:07",209.23,875.91,,,,"     ",5.10,63.64,6.52
1598,539321370,"01598M03:37:17.467","01598 02:50:08",209.18,875.86,,,,"     ",5.10,64.00,6.56
1598,539321371,"01598M03:37:18.440","01598 02:50:09",209.15,875.89,,,,"     ",5.10,64.05,6.56
1598,539321372,"01598M03:37:19.414","01598 02:50:10",209.12,875.91,,,,"     ",5.10,63.81,6.54
1598,539321373,"01598M03:37:20.387","01598 02:50:11",209.10,875.80,,,,"     ",5.10,63.53,6.51
1598,539321374,"01598M03:37:21.360","01598 02:50:12",209.09,875.75,,,,"     ",5.10,64.04,6.56
1598,539321375,"01598M03:37:22.333","01598 02:50:13",209.09,875.75,,,,"     ",5.10,63.55,6.51
1598,539321376,"01598M03:37:23.307","01598 02:50:14",209.09,875.84,,,,"     ",5.10,63.82,6.54
1598,539321377,"01598M03:37:24.280","01598 02:50:15",209.08,875.85,,,,"     ",5.10,63.93,6.55
1598,539321378,"01598M03:37:25.253","01598 02:50:16",209.08,875.87,,,,"     ",5.10,64.14,6.58
1598,539321379,"01598M03:37:26.226","01598 02:50:17",209.07,875.84,,,,"     ",5.10,64.06,6.57
1598,539321380,"01598M03:37:27.200","01598 02:50:18",209.06,875.81,,,,"     ",5.10,63.97,6.56
1598,539321381,"01598M03:37:28.173","01598 02:50:19",209.04,875.83,,,,"     ",5.10,64.04,6.57
1598,539321382,"01598M03:37:29.146","01598 02:50:20",209.02,875.83,,,,"     ",5.10,64.16,6.58
1598,539321383,"01598M03:37:30.119","01598 02:50:21",209.00,875.82,,,,"     ",5.10,63.85,6.55
1598,539321384,"01598M03:37:31.093","01598 02:50:22",209.00,875.79,,,,"     ",5.10,64.28,6.59
1598,539321385,"01598M03:37:32.066","01598 02:50:23",209.00,875.87,,,,"     ",5.10,64.47,6.61
1598,539321386,"01598M03:37:33.039","01598 02:50:24",209.01,875.87,,,,"     ",5.10,64.13,6.58
1598,539321387,"01598M03:37:34.012","01598 02:50:25",209.03,875.87,,,,"     ",5.10,64.36,6.60
1598,539321388,"01598M03:37:34.986","01598 02:50:26",209.06,875.83,,,,"     ",5.10,64.37,6.60
1598,539321389,"01598M03:37:35.959","01598 02:50:27",209.09,875.95,,,,"     ",5.10,64.56,6.63
1598,539321390,"01598M03:37:36.932","01598 02:50:28",209.13,875.95,,,,"     ",5.10,64.29,6.60
1598,539321391,"01598M03:37:37.905","01598 02:50:29",209.16,875.86,,,,"     ",5.10,64.62,6.63
1598,539321392,"01598M03:37:38.879","01598 02:50:29",209.19,875.81,,,,"     ",5.10,64.37,6.60
1598,539321393,"01598M03:37:39.852","01598 02:50:30",209.21,875.88,,,,"     ",5.10,64.40,6.61
1598,539321394,"01598M03:37:40.825","01598 02:50:31",209.22,875.87,,,,"     ",5.10,64.69,6.64
1598,539321395,"01598M03:37:41.798","01598 02:50:32",209.23,875.88,,,,"     ",5.10,64.79,6.65
1598,539321396,"01598M03:37:42.772","01598 02:50:33",209.24,875.86,,,,"     ",5.10,64.88,6.66
1598,539321397,"01598M03:37:43.745","01598 02:50:34",209.24,875.90,,,,"     ",5.10,64.65,6.64
1598,539321398,"01598M03:37:44.718","01598 02:50:35",209.25,875.85,,,,"     ",5.10,64.71,6.64
1598,539321399,"01598M03:37:45.692","01598 02:50:36",209.26,875.89,,,,"     ",5.10,64.72,6.64
1598,539321400,"01598M03:37:46.665","01598 02:50:37",209.27,875.90,,,,"     ",5.10,64.87,6.66
1598,539321401,"01598M03:37:47.638","01598 02:50:38",209.28,875.87,,,,"     ",5.10,64.70,6.64
1598,539321402,"01598M03:37:48.611","01598 02:50:39",209.28,875.88,,,,"     ",5.10,65.13,6.68
1598,539321403,"01598M03:37:49.585","01598 02:50:40",209.27,876.04,,,,"     ",5.10,64.96,6.67
1598,539321404,"01598M03:37:50.558","01598 02:50:41",209.26,875.96,,,,"     ",5.10,65.04,6.68
1598,539321405,"01598M03:37:51.531","01598 02:50:42",209.24,875.98,,,,"     ",5.10,65.10,6.68
1598,539321406,"01598M03:37:52.504","01598 02:50:43",209.22,875.99,,,,"     ",5.10,65.61,6.74
1598,539321407,"01598M03:37:53.478","01598 02:50:44",209.19,875.94,,,,"     ",5.10,65.28,6.70
1598,539321408,"01598M03:37:54.451","01598 02:50:45",209.17,875.98,,,,"     ",5.10,65.53,6.73
1598,539321409,"01598M03:37:55.424","01598 02:50:46",209.15,875.90,,,,"     ",5.10,65.28,6.70
1598,539321410,"01598M03:37:56.397","01598 02:50:47",209.14,875.92,,,,"     ",5.10,65.30,6.70
1598,539321411,"01598M03:37:57.371","01598 02:50:48",209.14,876.01,,,,"     ",5.10,65.53,6.72
1598,539321412,"01598M03:37:58.344","01598 02:50:49",209.16,875.96,,,,"     ",5.10,65.28,6.70
1598,539321413,"01598M03:37:59.317","01598 02:50:50",209.19,876.01,,,,"     ",5.10,65.45,6.71
1598,539321414,"01598M03:38:00.290","01598 02:50:51",209.23,876.02,,,,"     ",5.10,65.22,6.69
1598,539321415,"01598M03:38:01.264","01598 02:50:52",209.29,875.97,,,,"     ",5.10,65.60,6.73
1598,539321416,"01598M03:38:02.237","01598 02:50:53",209.34,876.07,,,,"     ",5.10,65.64,6.73
1598,539321417,"01598M03:38:03.210","01598 02:50:54",209.40,876.07,,,,"     ",5.10,65.52,6.72
1598,539321418,"01598M03:38:04.183","01598 02:50:55",209.45,875.97,,,,"     ",5.10,65.82,6.75
1598,539321419,"01598M03:38:05.157","01598 02:50:56",209.49,875.96,,,,"     ",5.10,65.65,6.73
1598,539321420,"01598M03:38:06.130","01598 02:50:57",209.51,876.03,,,,"     ",5.10,65.48,6.71
1598,539321421,"01598M03:38:07.103","01598 02:50:58",209.53,876.01,,,,"     ",5.10,65.89,6.76
1598,539321422,"01598M03:38:08.076","01598 02:50:59",209.53,875.98,,,,"     ",5.10,65.55,6.72
1598,539321423,"01598M03:38:09.050","01598 02:51:00",209.53,875.96,,,,"     ",5.10,65.55,6.72
1598,539321424,"01598M03:38:10.023","01598 02:51:01",209.51,875.97,,,,"     ",5.10,65.57,6.72
1598,539321425,"01598M03:38:10.996","01598 02:51:02",209.49,875.98,,,,"     ",5.10,65.68,6.73
1598,539321426,"01598M03:38:11.969","01598 02:51:03",209.47,876.05,,,,"     ",5.10,65.46,6.71
1598,539321427,"01598M03:38:12.943","01598 02:51:04",209.44,876.01,,,,"     ",5.10,65.46,6.71
1598,539321428,"01598M03:38:13.916","01598 02:51:05",209.41,876.05,,,,"     ",5.10,65.56,6.72
1598,539321429,"01598M03:38:14.889","01598 02:51:05",209.38,876.01,,,,"     ",5.10,65.46,6.71
1598,539321430,"01598M03:38:15.862","01598 02:51:06",209.34,876.05,,,,"     ",5.10,65.56,6.72
1598,539321431,"01598M03:38:16.836","01598 02:51:07",209.31,875.96,,,,"     ",5.10,65.64,6.73
1598,539321432,"01598M03:38:17.809","01598 02:51:08",209.28,875.99,,,,"     ",5.10,65.48,6.71
1598,539321433,"01598M03:38:18.782","01598 02:51:09",209.24,876.00,,,,"     ",5.10,65.89,6.75
1598,539321434,"01598M03:38:19.755","01598 02:51:10",209.21,875.95,,,,"     ",5.10,65.38,6.70
1598,539321435,"01598M03:38:20.729","01598 02:51:11",209.19,876.07,,,,"     ",5.10,65.71,6.74
1598,539321436,"01598M03:38:21.702","01598 02:51:12",209.17,876.13,,,,"     ",5.10,65.64,6.73
1598,539321437,"01598M03:38:22.675","01598 02:51:13",209.16,876.11,,,,"     ",5.10,65.52,6.72
1598,539321438,"01598M03:38:23.648","01598 02:51:14",209.16,876.16,,,,"     ",5.10,65.40,6.70
1598,539321439,"01598M03:38:24.622","01598 02:51:15",209.17,876.22,,,,"     ",5.10,65.56,6.72
1598,539321440,"01598M03:38:25.595","01598 02:51:16",209.18,876.15,,,,"     ",5.10,65.36,6.70
1598,539321441,"01598M03:38:26.568","01598 02:51:17",209.21,876.15,,,,"     ",5.10,65.81,6.75
1598,539321442,"01598M03:38:27.541","01598 02:51:18",209.25,876.11,,,,"     ",5.10,65.56,6.72
1598,539321443,"01598M03:38:28.515","01598 02:51:19",209.30,876.13,,,,"     ",5.10,65.62,6.73
1598,539321444,"01598M03:38:29.488","01598 02:51:20",209.35,876.06,,,,"     ",5.10,65.59,6.72
1598,539321445,"01598M03:38:30.461","01598 02:51:21",209.40,876.24,,,,"     ",5.10,65.77,6.74
1598,539321446,"01598M03:38:31.434","01598 02:51:22",209.45,876.16,,,,"     ",5.10,65.35,6.69
1598,539321447,"01598M03:38:32.408","01598 02:51:23",209.48,876.10,,,,"     ",5.10,65.71,6.73
1598,539321448,"01598M03:38:33.381","01598 02:51:24",209.51,876.06,,,,"     ",5.10,65.51,6.71
1598,539321449,"01598M03:38:34.354","01598 02:51:25",209.52,876.14,,,,"     ",5.10,65.52,6.71
1598,539321450,"01598M03:38:35.327","01598 02:51:26",209.53,876.07,,,,"     ",5.10,65.38,6.70
1598,539321451,"01598M03:38:36.301","01598 02:51:27",209.54,876.10,,,,"     ",5.10,65.62,6.72
1598,539321452,"01598M03:38:37.274","01598 02:51:28",209.55,876.14,,,,"     ",5.10,65.72,6.73
1598,539321453,"01598M03:38:38.247","01598 02:51:29",209.57,876.14,,,,"     ",5.10,65.77,6.73
1598,539321454,"01598M03:38:39.220","01598 02:51:30",209.59,876.22,,,,"     ",5.10,65.46,6.70
1598,539321455,"01598M03:38:40.194","01598 02:51:31",209.60,876.25,,,,"     ",5.10,65.35,6.69
1598,539321456,"01598M03:38:41.167","01598 02:51:32",209.62,876.29,,,,"     ",5.10,65.74,6.73
1598,539321457,"01598M03:38:42.140","01598 02:51:33",209.63,876.16,,,,"     ",5.10,65.33,6.68
1598,539321458,"01598M03:38:43.113","01598 02:51:34",209.63,876.20,,,,"     ",5.10,65.24,6.67
1598,539321459,"01598M03:38:44.087","01598 02:51:35",209.63,876.19,,,,"     ",5.10,65.39,6.69
1598,539321460,"01598M03:38:45.060","01598 02:51:36",209.63,876.17,,,,"     ",5.10,65.26,6.68
1598,539321461,"01598M03:38:46.033","01598 02:51:37",209.62,876.18,,,,"     ",5.10,65.46,6.70
1598,539321462,"01598M03:38:47.006","01598 02:51:38",209.62,876.16,,,,"     ",5.10,65.32,6.68
1598,539321463,"01598M03:38:47.980","01598 02:51:39",209.63,876.19,,,,"     ",5.10,65.30,6.68
1598,539321464,"01598M03:38:48.953","01598 02:51:40",209.64,876.24,,,,"     ",5.10,65.15,6.66
1598,539321465,"01598M03:38:49.926","01598 02:51:41",209.65,876.18,,,,"     ",5.10,65.77,6.73
1598,539321466,"01598M03:38:50.899","01598 02:51:41",209.67,876.27,,,,"     ",5.10,65.20,6.67
1598,539321467,"01598M03:38:51.873","01598 02:51:42",209.70,876.17,,,,"     ",5.10,65.32,6.68
1598,539321468,"01598M03:38:52.846","01598 02:51:43",209.73,876.23,,,,"     ",5.10,65.00,6.65
1598,539321469,"01598M03:38:53.819","01598 02:51:44",209.21,876.21,,,,"     ",5.10,65.59,6.71
1598,539321470,"01598M03:38:54.792","01598 02:51:45",209.23,876.21,,,,"     ",5.10,65.34,6.68
1598,539321471,"01598M03:38:55.766","01598 02:51:46",209.25,876.28,,,,"     ",5.10,65.25,6.67
1598,539321472,"01598M03:38:56.739","01598 02:51:47",209.27,876.25,,,,"     ",5.10,65.16,6.66
1598,539321473,"01598M03:38:57.712","01598 02:51:48",209.28,876.24,,,,"     ",5.10,65.05,6.65
1598,539321474,"01598M03:38:58.686","01598 02:51:49",209.29,876.18,,,,"     ",5.10,65.27,6.67
1598,539321475,"01598M03:38:59.659","01598 02:51:50",209.29,876.21,,,,"     ",5.10,65.42,6.69
1598,539321476,"01598M03:39:00.632","01598 02:51:51",209.27,876.09,,,,"     ",5.10,64.92,6.63
1598,539321477,"01598M03:39:01.605","01598 02:51:52",209.24,876.17,,,,"     ",5.10,64.98,6.64
1598,539321478,"01598M03:39:02.579","01598 02:51:53",209.21,876.18,,,,"     ",5.10,65.05,6.64
1598,539321479,"01598M03:39:03.552","01598 02:51:54",209.18,876.18,,,,"     ",5.10,65.01,6.64
1598,539321480,"01598M03:39:04.525","01598 02:51:55",209.15,876.23,,,,"     ",5.10,64.99,6.64
1598,539321481,"01598M03:39:05.498","01598 02:51:56",209.12,876.18,,,,"     ",5.10,64.98,6.64
1598,539321482,"01598M03:39:06.472","01598 02:51:57",209.67,876.24,,,,"     ",5.10,64.91,6.63
1598,539321483,"01598M03:39:07.445","01598 02:51:58",209.62,876.22,,,,"     ",5.10,64.87,6.63
1598,539321484,"01598M03:39:08.418","01598 02:51:59",209.57,876.27,,,,"     ",5.10,64.70,6.61
1598,539321485,"01598M03:39:09.391","01598 02:52:00",209.52,876.19,,,,"     ",5.10,64.58,6.60
1598,539321486,"01598M03:39:10.365","01598 02:52:01",209.48,876.19,,,,"     ",5.10,64.81,6.62
1598,539321487,"01598M03:39:11.338","01598 02:52:02",209.45,876.30,,,,"     ",5.10,65.16,6.66
1598,539321488,"01598M03:39:12.311","01598 02:52:03",209.43,876.29,,,,"     ",5.10,64.92,6.63
1598,539321489,"01598M03:39:13.284","01598 02:52:04",209.42,876.34,,,,"     ",5.10,64.42,6.58
1598,539321490,"01598M03:39:14.258","01598 02:52:05",209.41,876.31,,,,"     ",5.10,64.51,6.59
1598,539321491,"01598M03:39:15.231","01598 02:52:06",209.41,876.32,,,,"     ",5.10,64.51,6.59
1598,539321492,"01598M03:39:16.204","01598 02:52:07",209.41,876.23,,,,"     ",5.10,64.79,6.62
1598,539321493,"01598M03:39:17.177","01598 02:52:08",209.40,876.26,,,,"     ",5.10,64.46,6.59
1598,539321494,"01598M03:39:18.151","01598 02:52:09",209.38,876.25,,,,"     ",5.10,64.39,6.58
1598,539321495,"01598M03:39:19.124","01598 02:52:10",209.36,876.25,,,,"     ",5.10,64.26,6.57
1598,539321496,"01598M03:39:20.097","01598 02:52:11",209.34,876.22,,,,"     ",5.10,64.58,6.60
1598,539321497,"01598M03:39:21.070","01598 02:52:12",209.32,876.32,,,,"     ",5.10,64.83,6.63
1598,539321498,"01598M03:39:22.044","01598 02:52:13",209.30,876.28,,,,"     ",5.10,64.31,6.58
1598,539321499,"01598M03:39:23.017","01598 02:52:14",209.28,876.33,,,,"     ",5.10,64.44,6.59
1598,539321500,"01598M03:39:23.990","01598 02:52:15",209.26,876.29,,,,"     ",5.10,64.27,6.57
1598,539321501,"01598M03:39:24.963","01598 02:52:16",209.25,876.34,,,,"     ",5.10,64.80,6.63
1598,539321502,"01598M03:39:25.937","01598 02:52:17",209.22,876.34,,,,"     ",5.10,64.54,6.60
1598,539321503,"01598M03:39:26.910","01598 02:52:17",209.20,876.35,,,,"     ",5.10,64.64,6.62
1598,539321504,"01598M03:39:27.883","01598 02:52:18",209.16,876.39,,,,"     ",5.10,64.32,6.58
1598,539321505,"01598M03:39:28.856","01598 02:52:19",209.12,876.37,,,,"     ",5.10,64.15,6.56
1598,539321506,"01598M03:39:29.830","01598 02:52:20",209.07,876.40,,,,"     ",5.10,64.35,6.59
1598,539321507,"01598M03:39:30.803","01598 02:52:21",209.02,876.34,,,,"     ",5.10,64.76,6.63
1598,539321508,"01598M03:39:31.776","01598 02:52:22",208.96,876.40,,,,"     ",5.10,64.54,6.61
1598,539321509,"01598M03:39:32.749","01598 02:52:23",208.91,876.43,,,,"     ",5.10,64.07,6.56
1598,539321510,"01598M03:39:33.723","01598 02:52:24",208.86,876.40,,,,"     ",5.10,64.18,6.57
1598,539321511,"01598M03:39:34.696","01598 02:52:25",208.82,876.42,,,,"     ",5.10,64.38,6.59
1598,539321512,"01598M03:39:35.669","01598 02:52:26",208.77,876.34,,,,"     ",5.10,64.36,6.59
1598,539321513,"01598M03:39:36.642","01598 02:52:27",208.71,876.33,,,,"     ",5.10,64.03,6.56
1598,539321514,"01598M03:39:37.616","01598 02:52:28",208.65,876.32,,,,"     ",5.10,64.12,6.57
1598,539321515,"01598M03:39:38.589","01598 02:52:29",208.60,876.46,,,,"     ",5.10,64.13,6.57
1598,539321516,"01598M03:39:39.562","01598 02:52:30",208.54,876.46,,,,"     ",5.10,64.28,6.59
1598,539321517,"01598M03:39:40.535","01598 02:52:31",208.49,876.43,,,,"     ",5.10,63.87,6.55
1598,539321518,"01598M03:39:41.509","01598 02:52:32",208.45,876.41,,,,"     ",5.10,63.91,6.55
1598,539321519,"01598M03:39:42.482","01598 02:52:33",208.41,876.49,,,,"     ",5.10,63.89,6.55
1598,539321520,"01598M03:39:43.455","01598 02:52:34",208.38,876.51,,,,"     ",5.10,63.78,6.54
1598,539321521,"01598M03:39:44.428","01598 02:52:35",208.36,876.48,,,,"     ",5.10,64.03,6.57
1598,539321522,"01598M03:39:45.402","01598 02:52:36",208.34,876.39,,,,"     ",5.10,63.90,6.56
1598,539321523,"01598M03:39:46.375","01598 02:52:37",208.33,876.44,,,,"     ",5.10,63.72,6.54
1598,539321524,"01598M03:39:47.348","01598 02:52:38",208.33,876.44,,,,"     ",5.10,63.98,6.57
1598,539321525,"01598M03:39:48.321","01598 02:52:39",208.34,876.42,,,,"     ",5.10,63.68,6.54
1598,539321526,"01598M03:39:49.295","01598 02:52:40",208.35,876.43,,,,"     ",5.10,63.61,6.53
1598,539321527,"01598M03:39:50.268","01598 02:52:41",208.36,876.48,,,,"     ",5.10,63.45,6.52
1598,539321528,"01598M03:39:51.241","01598 02:52:42",208.37,876.45,,,,"     ",5.10,63.76,6.55
1598,539321529,"01598M03:39:52.214","01598 02:52:43",208.37,876.42,,,,"     ",5.10,63.58,6.54
1598,539321530,"01598M03:39:53.188","01598 02:52:44",208.36,876.51,,,,"     ",5.10,63.66,6.55
1598,539321531,"01598M03:39:54.161","01598 02:52:45",208.35,876.50,,,,"     ",5.10,63.39,6.52
1598,539321532,"01598M03:39:55.134","01598 02:52:46",208.33,876.53,,,,"     ",5.10,63.71,6.56
1598,539321533,"01598M03:39:56.107","01598 02:52:47",208.30,876.46,,,,"     ",5.10,63.53,6.54
1598,539321534,"01598M03:39:57.081","01598 02:52:48",208.26,876.48,,,,"     ",5.10,63.79,6.57
1598,539321535,"01598M03:39:58.054","01598 02:52:49",208.22,876.53,,,,"     ",5.10,63.79,6.57
1598,539321536,"01598M03:39:59.027","01598 02:52:50",208.17,876.60,,,,"     ",5.10,63.70,6.56
1598,539321537,"01598M03:40:00.000","01598 02:52:51",208.11,876.56,,,,"     ",5.10,63.57,6.55
1598,539321538,"01598M03:40:00.974","01598 02:52:52",208.05,876.58,,,,"     ",5.10,63.30,6.53
1598,539321539,"01598M03:40:01.947","01598 02:52:53",207.98,876.60,,,,"     ",5.10,63.48,6.54
1598,539321540,"01598M03:40:02.920","01598 02:52:53",207.90,876.60,,,,"     ",5.10,63.42,6.54
1598,539321541,"01598M03:40:03.893","01598 02:52:54",207.82,876.56,,,,"     ",5.10,63.54,6.56
1598,539321542,"01598M03:40:04.867","01598 02:52:55",207.75,876.58,,,,"     ",5.10,63.56,6.56
1598,539321543,"01598M03:40:05.840","01598 02:52:56",207.69,876.56,,,,"     ",5.10,63.46,6.55
1598,539321544,"01598M03:40:06.813","01598 02:52:57",207.65,876.52,,,,"     ",5.10,63.65,6.57
1598,539321545,"01598M03:40:07.787","01598 02:52:58",207.62,876.54,,,,"     ",5.10,63.55,6.56
1598,539321546,"01598M03:40:08.760","01598 02:52:59",207.60,876.60,,,,"     ",5.10,63.56,6.57
1598,539321547,"01598M03:40:09.733","01598 02:53:00",207.58,876.65,,,,"     ",5.10,63.40,6.55
1598,539321548,"01598M03:40:10.706","01598 02:53:01",207.56,876.67,,,,"     ",5.10,63.37,6.55
1598,539321549,"01598M03:40:11.680","01598 02:53:02",207.55,876.69,,,,"     ",5.10,63.33,6.55
1598,539321550,"01598M03:40:12.653","01598 02:53:03",207.53,876.69,,,,"     ",5.10,63.45,6.56
1598,539321551,"01598M03:40:13.626","01598 02:53:04",207.51,876.69,,,,"     ",5.10,63.42,6.56
1598,539321552,"01598M03:40:14.599","01598 02:53:05",207.50,876.55,,,,"     ",5.10,63.53,6.58
1598,539321553,"01598M03:40:15.573","01598 02:53:06",207.49,876.61,,,,"     ",5.10,63.38,6.56
1598,539321554,"01598M03:40:16.546","01598 02:53:07",207.48,876.66,,,,"     ",5.10,63.34,6.56
1598,539321555,"01598M03:40:17.519","01598 02:53:08",207.47,876.67,,,,"     ",5.10,63.16,6.54
1598,539321556,"01598M03:40:18.492","01598 02:53:09",207.46,876.63,,,,"     ",5.10,63.29,6.56
1598,539321557,"01598M03:40:19.466","01598 02:53:10",207.46,876.61,,,,"     ",5.10,63.33,6.57
1598,539321558,"01598M03:40:20.439","01598 02:53:11",207.44,876.62,,,,"     ",5.10,63.26,6.56
1598,539321559,"01598M03:40:21.412","01598 02:53:12",207.43,876.68,,,,"     ",5.10,63.01,6.54
1598,539321560,"01598M03:40:22.385","01598 02:53:13",207.41,876.65,,,,"     ",5.10,63.13,6.55
1598,539321561,"01598M03:40:23.359","01598 02:53:14",207.39,876.73,,,,"     ",5.10,63.24,6.57
1598,539321562,"01598M03:40:24.332","01598 02:53:15",207.36,876.65,,,,"     ",5.10,62.68,6.51
1598,539321563,"01598M03:40:25.305","01598 02:53:16",207.32,876.69,,,,"     ",5.10,63.08,6.56
1598,539321564,"01598M03:40:26.278","01598 02:53:17",207.26,876.66,,,,"     ",5.10,62.96,6.55
1598,539321565,"01598M03:40:27.252","01598 02:53:18",207.21,876.65,,,,"     ",5.10,62.90,6.54
1598,539321566,"01598M03:40:28.225","01598 02:53:19",207.16,876.74,,,,"     ",5.10,62.98,6.55
1598,539321567,"01598M03:40:29.198","01598 02:53:20",207.11,876.75,,,,"     ",5.10,62.71,6.53
1598,539321568,"01598M03:40:30.171","01598 02:53:21",207.07,876.69,,,,"     ",5.10,62.78,6.54
1598,539321569,"01598M03:40:31.145","01598 02:53:22",207.02,876.67,,,,"     ",5.10,62.88,6.55
1598,539321570,"01598M03:40:32.118","01598 02:53:23",206.97,876.71,,,,"     ",5.10,62.65,6.53
1598,539321571,"01598M03:40:33.091","01598 02:53:24",206.92,876.66,,,,"     ",5.10,62.57,6.53
1598,539321572,"01598M03:40:34.064","01598 02:53:25",206.87,876.71,,,,"     ",5.10,62.52,6.52
1598,539321573,"01598M03:40:35.038","01598 02:53:26",206.81,876.65,,,,"     ",5.10,62.57,6.53
1598,539321574,"01598M03:40:36.011","01598 02:53:27",206.76,876.71,,,,"     ",5.10,62.45,6.52
1598,539321575,"01598M03:40:36.984","01598 02:53:28",206.70,876.65,,,,"     ",5.10,62.88,6.57
1598,539321576,"01598M03:40:37.957","01598 02:53:29",206.65,876.73,,,,"     ",5.10,62.62,6.55
1598,539321577,"01598M03:40:38.931","01598 02:53:30",206.59,876.77,,,,"     ",5.10,62.28,6.52
1598,539321578,"01598M03:40:39.904","01598 02:53:30",206.53,876.72,,,,"     ",5.10,62.29,6.52
1598,539321579,"01598M03:40:40.877","01598 02:53:31",206.47,876.70,,,,"     ",5.10,62.32,6.52
1598,539321580,"01598M03:40:41.850","01598 02:53:32",206.41,876.70,,,,"     ",5.10,62.28,6.52
1598,539321581,"01598M03:40:42.824","01598 02:53:33",206.35,876.73,,,,"     ",5.10,62.01,6.50
1598,539321582,"01598M03:40:43.797","01598 02:53:34",206.29,876.71,,,,"     ",5.10,62.01,6.50
1598,539321583,"01598M03:40:44.770","01598 02:53:35",206.23,876.71,,,,"     ",5.10,62.38,6.54
1598,539321584,"01598M03:40:45.743","01598 02:53:36",206.89,876.68,,,,"     ",5.10,62.05,6.51
1598,539321585,"01598M03:40:46.717","01598 02:53:37",206.80,876.76,,,,"     ",5.10,62.11,6.52
1598,539321586,"01598M03:40:47.690","01598 02:53:38",206.71,876.69,,,,"     ",5.10,61.92,6.50
1598,539321587,"01598M03:40:48.663","01598 02:53:39",206.62,876.72,,,,"     ",5.10,62.00,6.52
1598,539321588,"01598M03:40:49.636","01598 02:53:40",206.54,876.73,,,,"     ",5.10,62.23,6.54
1598,539321589,"01598M03:40:50.610","01598 02:53:41",206.45,876.71,,,,"     ",5.10,62.00,6.52
1598,539321590,"01598M03:40:51.583","01598 02:53:42",206.37,876.82,,,,"     ",5.10,61.72,6.50
1598,539321591,"01598M03:40:52.556","01598 02:53:43",206.30,876.75,,,,"     ",5.10,61.97,6.52
1598,539321592,"01598M03:40:53.529","01598 02:53:44",206.23,876.68,,,,"     ",5.10,61.83,6.51
1598,539321593,"01598M03:40:54.503","01598 02:53:45",205.54,876.75,,,,"     ",5.10,61.94,6.53
1598,539321594,"01598M03:40:55.476","01598 02:53:46",205.47,876.80,,,,"     ",5.10,61.80,6.51
1598,539321595,"01598M03:40:56.449","01598 02:53:47",205.40,876.81,,,,"     ",5.10,61.71,6.51
1598,539321596,"01598M03:40:57.422","01598 02:53:48",205.33,876.74,,,,"     ",5.10,61.43,6.48
1598,539321597,"01598M03:40:58.396","01598 02:53:49",205.26,876.78,,,,"     ",5.10,61.86,6.53
1598,539321598,"01598M03:40:59.369","01598 02:53:50",205.19,876.78,,,,"     ",5.10,61.21,6.46
1598,539321599,"01598M03:41:00.342","01598 02:53:51",205.12,876.85,,,,"     ",5.10,61.54,6.50
1598,539321600,"01598M03:41:01.315","01598 02:53:52",205.06,876.74,,,,"     ",5.10,61.39,6.49
1598,539321601,"01598M03:41:02.289","01598 02:53:53",204.99,876.69,,,,"     ",5.10,61.03,6.45
1598,539321602,"01598M03:41:03.262","01598 02:53:54",204.93,876.74,,,,"     ",5.10,61.27,6.48
1598,539321603,"01598M03:41:04.235","01598 02:53:55",204.86,876.80,,,,"     ",5.10,61.44,6.51
1598,539321604,"01598M03:41:05.208","01598 02:53:56",204.81,876.78,,,,"     ",5.10,61.24,6.48
1598,539321605,"01598M03:41:06.182","01598 02:53:57",204.78,876.81,,,,"     ",5.10,61.22,6.49
1598,539321606,"01598M03:41:07.155","01598 02:53:58",204.76,876.90,,,,"     ",5.10,61.23,6.49
1598,539321607,"01598M03:41:08.128","01598 02:53:59",204.73,876.83,,,,"     ",5.10,61.24,6.50
1598,539321608,"01598M03:41:09.101","01598 02:54:00",204.70,876.89,,,,"     ",5.10,61.03,6.48
1598,539321609,"01598M03:41:10.075","01598 02:54:01",204.68,876.80,,,,"     ",5.10,61.06,6.48
1598,539321610,"01598M03:41:11.048","01598 02:54:02",204.65,876.82,,,,"     ",5.10,61.03,6.48
1598,539321611,"01598M03:41:12.021","01598 02:54:03",204.62,876.86,,,,"     ",5.10,60.92,6.47
1598,539321612,"01598M03:41:12.994","01598 02:54:04",204.60,876.82,,,,"     ",5.10,61.12,6.50
1598,539321613,"01598M03:41:13.968","01598 02:54:05",204.56,876.79,,,,"     ",5.10,60.87,6.47
1598,539321614,"01598M03:41:14.941","01598 02:54:06",204.52,876.80,,,,"     ",5.10,60.69,6.46
1598,539321615,"01598M03:41:15.914","01598 02:54:06",204.47,876.74,,,,"     ",5.10,61.03,6.50
1598,539321616,"01598M03:41:16.888","01598 02:54:07",204.42,876.70,,,,"     ",5.10,60.96,6.49
1598,539321617,"01598M03:41:17.861","01598 02:54:08",204.36,876.75,,,,"     ",5.10,60.73,6.47
1598,539321618,"01598M03:41:18.834","01598 02:54:09",204.31,876.83,,,,"     ",5.10,60.70,6.47
1598,539321619,"01598M03:41:19.807","01598 02:54:10",204.26,876.82,,,,"     ",5.10,60.70,6.47
1598,539321620,"01598M03:41:20.781","01598 02:54:11",204.21,876.80,,,,"     ",5.10,60.60,6.47
1598,539321621,"01598M03:41:21.754","01598 02:54:12",204.17,876.80,,,,"     ",5.10,60.72,6.48
1598,539321622,"01598M03:41:22.727","01598 02:54:13",204.14,876.77,,,,"     ",5.10,60.13,6.42
1598,539321623,"01598M03:41:23.700","01598 02:54:14",204.11,876.92,,,,"     ",5.10,60.76,6.49
1598,539321624,"01598M03:41:24.674","01598 02:54:15",204.08,876.83,,,,"     ",5.10,60.62,6.48
1598,539321625,"01598M03:41:25.647","01598 02:54:16",204.05,876.75,,,,"     ",5.10,60.32,6.45
1598,539321626,"01598M03:41:26.620","01598 02:54:17",204.03,876.75,,,,"     ",5.10,60.47,6.47
1598,539321627,"01598M03:41:27.593","01598 02:54:18",204.00,876.83,,,,"     ",5.10,60.56,6.48
1598,539321628,"01598M03:41:28.567","01598 02:54:19",203.98,876.80,,,,"     ",5.10,60.25,6.45
1598,539321629,"01598M03:41:29.540","01598 02:54:20",203.96,876.83,,,,"     ",5.10,60.29,6.46
1598,539321630,"01598M03:41:30.513","01598 02:54:21",203.93,876.77,,,,"     ",5.10,60.52,6.49
1598,539321631,"01598M03:41:31.486","01598 02:54:22",203.91,876.81,,,,"     ",5.10,60.16,6.45
1598,539321632,"01598M03:41:32.460","01598 02:54:23",203.88,876.82,,,,"     ",5.10,60.09,6.45
1598,539321633,"01598M03:41:33.433","01598 02:54:24",203.86,876.85,,,,"     ",5.10,60.05,6.44
1598,539321634,"01598M03:41:34.406","01598 02:54:25",203.83,876.85,,,,"     ",5.10,60.13,6.45
1598,539321635,"01598M03:41:35.379","01598 02:54:26",203.81,876.88,,,,"     ",5.10,60.00,6.44
1598,539321636,"01598M03:41:36.353","01598 02:54:27",203.79,876.83,,,,"     ",5.10,60.13,6.46
1598,539321637,"01598M03:41:37.326","01598 02:54:28",203.79,876.84,,,,"     ",5.10,59.98,6.45
1598,539321638,"01598M03:41:38.299","01598 02:54:29",203.80,876.92,,,,"     ",5.10,59.94,6.44
1598,539321639,"01598M03:41:39.272","01598 02:54:30",203.81,876.78,,,,"     ",5.10,60.06,6.46
1598,539321640,"01598M03:41:40.246","01598 02:54:31",203.84,876.91,,,,"     ",5.10,59.81,6.44
1598,539321641,"01598M03:41:41.219","01598 02:54:32",203.88,876.81,,,,"     ",5.10,60.14,6.47
1598,539321642,"01598M03:41:42.192","01598 02:54:33",203.92,876.86,,,,"     ",5.10,59.90,6.45
1598,539321643,"01598M03:41:43.165","01598 02:54:34",203.95,876.87,,,,"     ",5.10,59.93,6.46
1598,539321644,"01598M03:41:44.139","01598 02:54:35",203.98,876.79,,,,"     ",5.10,60.02,6.47
1598,539321645,"01598M03:41:45.112","01598 02:54:36",204.01,876.84,,,,"     ",5.10,59.72,6.44
1598,539321646,"01598M03:41:46.085","01598 02:54:37",204.02,876.82,,,,"     ",5.10,59.94,6.47
1598,539321647,"01598M03:41:47.058","01598 02:54:38",204.03,876.85,,,,"     ",5.10,60.08,6.49
1598,539321648,"01598M03:41:48.032","01598 02:54:39",204.02,876.85,,,,"     ",5.10,59.93,6.47
1598,539321649,"01598M03:41:49.005","01598 02:54:40",204.01,876.84,,,,"     ",5.10,59.82,6.46
1598,539321650,"01598M03:41:49.978","01598 02:54:41",203.99,876.90,,,,"     ",5.10,59.68,6.45
1598,539321651,"01598M03:41:50.951","01598 02:54:42",203.97,876.85,,,,"     ",5.10,59.70,6.46
1598,539321652,"01598M03:41:51.925","01598 02:54:42",203.96,876.88,,,,"     ",5.10,59.79,6.47
1598,539321653,"01598M03:41:52.898","01598 02:54:43",203.95,876.88,,,,"     ",5.10,59.62,6.45
1598,539321654,"01598M03:41:53.871","01598 02:54:44",203.93,876.80,,,,"     ",5.10,60.06,6.50
1598,539321655,"01598M03:41:54.844","01598 02:54:45",203.91,876.81,,,,"     ",5.10,59.62,6.46
1598,539321656,"01598M03:41:55.818","01598 02:54:46",203.89,876.83,,,,"     ",5.10,59.83,6.48
1598,539321657,"01598M03:41:56.791","01598 02:54:47",203.87,876.84,,,,"     ",5.10,59.72,6.47
1598,539321658,"01598M03:41:57.764","01598 02:54:48",203.85,876.87,,,,"     ",5.10,59.46,6.45
1598,539321659,"01598M03:41:58.737","01598 02:54:49",203.82,876.92,,,,"     ",5.10,59.49,6.45
1598,539321660,"01598M03:41:59.711","01598 02:54:50",203.79,876.82,,,,"     ",5.10,59.60,6.47
1598,539321661,"01598M03:42:00.684","01598 02:54:51",203.76,876.92,,,,"     ",5.10,59.50,6.46
1598,539321662,"01598M03:42:01.657","01598 02:54:52",203.73,876.93,,,,"     ",5.10,59.56,6.47
1598,539321663,"01598M03:42:02.630","01598 02:54:53",203.70,876.85,,,,"     ",5.10,59.49,6.46
1598,539321664,"01598M03:42:03.604","01598 02:54:54",203.67,876.88,,,,"     ",5.10,59.58,6.47
1598,539321665,"01598M03:42:04.577","01598 02:54:55",203.66,876.89,,,,"     ",5.10,59.42,6.46
1598,539321666,"01598M03:42:05.550","01598 02:54:56",203.65,876.90,,,,"     ",5.10,59.50,6.47
1598,539321667,"01598M03:42:06.523","01598 02:54:57",203.64,876.94,,,,"     ",5.10,59.15,6.43
1598,539321668,"01598M03:42:07.497","01598 02:54:58",203.63,876.88,,,,"     ",5.10,59.27,6.45
1598,539321669,"01598M03:42:08.470","01598 02:54:59",203.60,876.83,,,,"     ",5.10,59.77,6.51
1598,539321670,"01598M03:42:09.443","01598 02:55:00",203.56,876.94,,,,"     ",5.10,59.44,6.47
1598,539321671,"01598M03:42:10.416","01598 02:55:01",203.50,876.89,,,,"     ",5.10,59.38,6.47
1598,539321672,"01598M03:42:11.390","01598 02:55:02",203.44,876.93,,,,"     ",5.10,59.41,6.47
1598,539321673,"01598M03:42:12.363","01598 02:55:03",203.38,876.97,,,,"     ",5.10,59.59,6.50
1598,539321674,"01598M03:42:13.336","01598 02:55:04",203.32,876.95,,,,"     ",5.10,59.41,6.48
1598,539321675,"01598M03:42:14.309","01598 02:55:05",203.27,876.94,,,,"     ",5.10,59.41,6.48
1598,539321676,"01598M03:42:15.283","01598 02:55:06",203.23,876.87,,,,"     ",5.10,59.53,6.50
1598,539321677,"01598M03:42:16.256","01598 02:55:07",203.19,876.89,,,,"     ",5.10,59.53,6.50
1598,539321678,"01598M03:42:17.229","01598 02:55:08",203.16,876.87,,,,"     ",5.10,59.25,6.47
1598,539321679,"01598M03:42:18.202","01598 02:55:09",203.12,876.89,,,,"     ",5.10,59.44,6.49
1598,539321680,"01598M03:42:19.176","01598 02:55:10",203.08,876.80,,,,"     ",5.10,59.29,6.48
1598,539321681,"01598M03:42:20.149","01598 02:55:11",203.03,876.85,,,,"     ",5.10,59.32,6.48
1598,539321682,"01598M03:42:21.122","01598 02:55:12",202.97,876.91,,,,"     ",5.10,59.35,6.49
1598,539321683,"01598M03:42:22.095","01598 02:55:13",202.91,876.94,,,,"     ",5.10,59.31,6.49
1598,539321684,"01598M03:42:23.069","01598 02:55:14",202.85,876.95,,,,"     ",5.10,59.25,6.48
1598,539321685,"01598M03:42:24.042","01598 02:55:15",202.78,876.93,,,,"     ",5.10,59.56,6.52
1598,539321686,"01598M03:42:25.015","01598 02:55:16",202.72,876.98,,,,"     ",5.10,59.46,6.51
1598,539321687,"01598M03:42:25.989","01598 02:55:17",202.67,876.92,,,,"     ",5.10,59.65,6.53
1598,539321688,"01598M03:42:26.962","01598 02:55:18",202.64,876.91,,,,"     ",5.10,59.41,6.51
1598,539321689,"01598M03:42:27.935","01598 02:55:18",202.61,876.90,,,,"     ",5.10,59.10,6.47
1598,539321690,"01598M03:42:28.908","01598 02:55:19",202.60,876.83,,,,"     ",5.10,59.55,6.53
1598,539321691,"01598M03:42:29.882","01598 02:55:20",202.61,876.87,,,,"     ",5.10,59.37,6.51
1598,539321692,"01598M03:42:30.855","01598 02:55:21",202.63,876.84,,,,"     ",5.10,59.55,6.53
1598,539321693,"01598M03:42:31.828","01598 02:55:22",202.66,876.85,,,,"     ",5.10,59.46,6.52
1598,539321694,"01598M03:42:32.801","01598 02:55:23",202.70,876.87,,,,"     ",5.10,59.44,6.52
1598,539321695,"01598M03:42:33.775","01598 02:55:24",202.75,876.87,,,,"     ",5.10,59.49,6.53
1598,539321696,"01598M03:42:34.748","01598 02:55:25",202.79,876.87,,,,"     ",5.10,59.33,6.52
1598,539321697,"01598M03:42:35.721","01598 02:55:26",202.83,876.94,,,,"     ",5.10,59.33,6.52
1598,539321698,"01598M03:42:36.694","01598 02:55:27",202.86,876.89,,,,"     ",5.10,59.43,6.53
1598,539321699,"01598M03:42:37.668","01598 02:55:28",202.89,876.87,,,,"     ",5.10,59.38,6.53
1598,539321700,"01598M03:42:38.641","01598 02:55:29",202.92,876.92,,,,"     ",5.10,59.57,6.55
1598,539321701,"01598M03:42:39.614","01598 02:55:30",202.95,876.76,,,,"     ",5.10,59.50,6.54
1598,539321702,"01598M03:42:40.587","01598 02:55:31",202.99,876.83,,,,"     ",5.10,59.21,6.51
1598,539321703,"01598M03:42:41.561","01598 02:55:32",203.02,876.81,,,,"     ",5.10,59.34,6.53
1598,539321704,"01598M03:42:42.534","01598 02:55:33",203.05,876.85,,,,"     ",5.10,59.13,6.51
1598,539321705,"01598M03:42:43.507","01598 02:55:34",203.07,876.89,,,,"     ",5.10,58.99,6.49
1598,539321706,"01598M03:42:44.480","01598 02:55:35",203.08,876.93,,,,"     ",5.10,59.24,6.52
1598,539321707,"01598M03:42:45.454","01598 02:55:36",203.08,876.89,,,,"     ",5.10,59.23,6.52
1598,539321708,"01598M03:42:46.427","01598 02:55:37",203.08,876.95,,,,"     ",5.10,59.12,6.51
1598,539321709,"01598M03:42:47.400","01598 02:55:38",203.06,876.85,,,,"     ",5.10,59.12,6.52
1598,539321710,"01598M03:42:48.373","01598 02:55:39",203.04,876.92,,,,"     ",5.10,59.15,6.52
1598,539321711,"01598M03:42:49.347","01598 02:55:40",203.02,876.96,,,,"     ",5.10,59.34,6.54
1598,539321712,"01598M03:42:50.320","01598 02:55:41",202.98,876.89,,,,"     ",5.10,59.12,6.52
1598,539321713,"01598M03:42:51.293","01598 02:55:42",202.95,876.91,,,,"     ",5.10,59.15,6.53
1598,539321714,"01598M03:42:52.266","01598 02:55:43",202.90,876.96,,,,"     ",5.10,58.86,6.50
1598,539321715,"01598M03:42:53.240","01598 02:55:44",202.86,876.84,,,,"     ",5.10,59.08,6.52
1598,539321716,"01598M03:42:54.213","01598 02:55:45",202.82,876.84,,,,"     ",5.10,58.95,6.51
1598,539321717,"01598M03:42:55.186","01598 02:55:46",202.79,876.82,,,,"     ",5.10,58.89,6.50
1598,539321718,"01598M03:42:56.159","01598 02:55:47",202.77,876.81,,,,"     ",5.10,59.27,6.55
1598,539321719,"01598M03:42:57.133","01598 02:55:48",202.76,876.89,,,,"     ",5.10,58.93,6.51
1598,539321720,"01598M03:42:58.106","01598 02:55:49",202.75,876.87,,,,"     ",5.10,58.95,6.52
1598,539321721,"01598M03:42:59.079","01598 02:55:50",202.75,876.87,,,,"     ",5.10,59.03,6.53
1598,539321722,"01598M03:43:00.052","01598 02:55:51",202.75,876.86,,,,"     ",5.10,59.08,6.54
1598,539321723,"01598M03:43:01.026","01598 02:55:52",202.74,876.93,,,,"     ",5.10,58.76,6.50
1598,539321724,"01598M03:43:01.999","01598 02:55:53",202.72,876.93,,,,"     ",5.10,58.71,6.50
1598,539321725,"01598M03:43:02.972","01598 02:55:54",202.69,876.91,,,,"     ",5.10,58.83,6.51
1598,539321726,"01598M03:43:03.945","01598 02:55:54",202.66,876.86,,,,"     ",5.10,58.89,6.52
1598,539321727,"01598M03:43:04.919","01598 02:55:55",202.64,876.81,,,,"     ",5.10,59.04,6.54
1598,539321728,"01598M03:43:05.892","01598 02:55:56",202.64,876.89,,,,"     ",5.10,58.91,6.52
1598,539321729,"01598M03:43:06.865","01598 02:55:57",202.65,876.90,,,,"     ",5.10,58.91,6.53
1598,539321730,"01598M03:43:07.838","01598 02:55:58",202.67,876.89,,,,"     ",5.10,58.71,6.50
1598,539321731,"01598M03:43:08.812","01598 02:55:59",202.69,876.89,,,,"     ",5.10,59.02,6.54
1598,539321732,"01598M03:43:09.785","01598 02:56:00",202.72,876.80,,,,"     ",5.10,58.77,6.51
1598,539321733,"01598M03:43:10.758","01598 02:56:01",202.75,876.81,,,,"     ",5.10,58.86,6.53
1598,539321734,"01598M03:43:11.731","01598 02:56:02",202.77,876.80,,,,"     ",5.10,58.90,6.53
1598,539321735,"01598M03:43:12.705","01598 02:56:03",202.79,876.91,,,,"     ",5.10,58.75,6.52
1598,539321736,"01598M03:43:13.678","01598 02:56:04",202.80,876.77,,,,"     ",5.10,58.76,6.52
1598,539321737,"01598M03:43:14.651","01598 02:56:05",202.80,876.83,,,,"     ",5.10,58.66,6.51
1598,539321738,"01598M03:43:15.624","01598 02:56:06",202.80,876.88,,,,"     ",5.10,58.85,6.53
1598,539321739,"01598M03:43:16.598","01598 02:56:07",202.79,876.91,,,,"     ",5.10,58.57,6.50
1598,539321740,"01598M03:43:17.571","01598 02:56:08",202.77,876.95,,,,"     ",5.10,58.69,6.52
1598,539321741,"01598M03:43:18.544","01598 02:56:09",202.76,876.92,,,,"     ",5.10,58.54,6.50
1598,539321742,"01598M03:43:19.517","01598 02:56:10",202.75,876.92,,,,"     ",5.10,58.52,6.50
1598,539321743,"01598M03:43:20.491","01598 02:56:11",202.74,876.89,,,,"     ",5.10,58.46,6.50
1598,539321744,"01598M03:43:21.464","01598 02:56:12",202.74,876.88,,,,"     ",5.10,58.86,6.54
1598,539321745,"01598M03:43:22.437","01598 02:56:13",202.74,876.87,,,,"     ",5.10,58.68,6.52
1598,539321746,"01598M03:43:23.410","01598 02:56:14",202.74,876.90,,,,"     ",5.10,58.54,6.51
1598,539321747,"01598M03:43:24.384","01598 02:56:15",202.74,876.89,,,,"     ",5.10,58.65,6.53
1598,539321748,"01598M03:43:25.357","01598 02:56:16",202.73,876.92,,,,"     ",5.10,58.70,6.53
1598,539321749,"01598M03:43:26.330","01598 02:56:17",202.72,876.91,,,,"     ",5.10,58.56,6.52
1598,539321750,"01598M03:43:27.303","01598 02:56:18",202.70,876.83,,,,"     ",5.10,58.74,6.54
1598,539321751,"01598M03:43:28.277","01598 02:56:19",202.67,876.81,,,,"     ",5.10,58.25,6.48
1598,539321752,"01598M03:43:29.250","01598 02:56:20",202.63,876.83,,,,"     ",5.10,58.52,6.52
1598,539321753,"01598M03:43:30.223","01598 02:56:21",202.60,876.86,,,,"     ",5.10,58.18,6.48
1598,539321754,"01598M03:43:31.196","01598 02:56:22",202.57,876.92,,,,"     ",5.10,58.42,6.51
1598,539321755,"01598M03:43:32.170","01598 02:56:23",202.56,876.92,,,,"     ",5.10,58.54,6.52
1598,539321756,"01598M03:43:33.143","01598 02:56:24",202.55,876.87,,,,"     ",5.10,58.45,6.52
1598,539321757,"01598M03:43:34.116","01598 02:56:25",202.57,876.88,,,,"     ",5.10,58.28,6.50
1598,539321758,"01598M03:43:35.090","01598 02:56:26",202.59,876.93,,,,"     ",5.10,58.46,6.52
1598,539321759,"01598M03:43:36.063","01598 02:56:27",202.62,876.97,,,,"     ",5.10,58.21,6.49
1598,539321760,"01598M03:43:37.036","01598 02:56:28",202.66,876.91,,,,"     ",5.10,58.29,6.50
1598,539321761,"01598M03:43:38.009","01598 02:56:29",202.71,876.97,,,,"     ",5.10,58.01,6.47
1598,539321762,"01598M03:43:38.983","01598 02:56:30",202.76,876.93,,,,"     ",5.10,58.29,6.51
1598,539321763,"01598M03:43:39.956","01598 02:56:30",202.82,876.87,,,,"     ",5.10,58.25,6.50
1598,539321764,"01598M03:43:40.929","01598 02:56:31",202.89,876.79,,,,"     ",5.10,58.04,6.48
1598,539321765,"01598M03:43:41.902","01598 02:56:32",202.97,876.84,,,,"     ",5.10,58.05,6.48
1598,539321766,"01598M03:43:42.876","01598 02:56:33",203.04,876.86,,,,"     ",5.10,58.00,6.48
1598,539321767,"01598M03:43:43.849","01598 02:56:34",203.12,876.91,,,,"     ",5.10,58.03,6.48
1598,539321768,"01598M03:43:44.822","01598 02:56:35",203.18,876.87,,,,"     ",5.10,58.23,6.51
1598,539321769,"01598M03:43:45.795","01598 02:56:36",203.22,876.91,,,,"     ",5.10,58.22,6.51
1598,539321770,"01598M03:43:46.769","01598 02:56:37",203.27,876.86,,,,"     ",5.10,57.93,6.47
1598,539321771,"01598M03:43:47.742","01598 02:56:38",203.30,876.84,,,,"     ",5.10,57.91,6.47
1598,539321772,"01598M03:43:48.715","01598 02:56:39",203.33,876.84,,,,"     ",5.10,58.07,6.49
1598,539321773,"01598M03:43:49.688","01598 02:56:40",203.36,876.87,,,,"     ",5.10,57.88,6.47
1598,539321774,"01598M03:43:50.662","01598 02:56:41",203.38,876.78,,,,"     ",5.10,57.87,6.47
1598,539321775,"01598M03:43:51.635","01598 02:56:42",203.39,876.70,,,,"     ",5.10,58.06,6.49
1598,539321776,"01598M03:43:52.608","01598 02:56:43",203.38,876.74,,,,"     ",5.10,58.27,6.52
1598,539321777,"01598M03:43:53.581","01598 02:56:44",203.37,876.71,,,,"     ",5.10,58.05,6.49
1598,539321778,"01598M03:43:54.555","01598 02:56:45",203.34,876.78,,,,"     ",5.10,58.17,6.51
1598,539321779,"01598M03:43:55.528","01598 02:56:46",203.31,876.82,,,,"     ",5.10,57.96,6.49
1598,539321780,"01598M03:43:56.501","01598 02:56:47",203.28,876.82,,,,"     ",5.10,58.33,6.53
1598,539321781,"01598M03:43:57.474","01598 02:56:48",203.24,876.86,,,,"     ",5.10,58.04,6.50
1598,539321782,"01598M03:43:58.448","01598 02:56:49",203.22,876.82,,,,"     ",5.10,57.68,6.46
1598,539321783,"01598M03:43:59.421","01598 02:56:50",203.19,876.80,,,,"     ",5.10,58.13,6.51
1598,539321784,"01598M03:44:00.394","01598 02:56:51",203.19,876.80,,,,"     ",5.10,57.73,6.46
1598,539321785,"01598M03:44:01.367","01598 02:56:52",203.20,876.73,,,,"     ",5.10,58.10,6.51
1598,539321786,"01598M03:44:02.341","01598 02:56:53",203.22,876.74,,,,"     ",5.10,58.13,6.51
1598,539321787,"01598M03:44:03.314","01598 02:56:54",203.25,876.69,,,,"     ",5.10,58.20,6.52
1598,539321788,"01598M03:44:04.287","01598 02:56:55",203.29,876.75,,,,"     ",5.10,58.07,6.51
1598,539321789,"01598M03:44:05.260","01598 02:56:56",203.33,876.75,,,,"     ",5.10,58.11,6.51
1598,539321790,"01598M03:44:06.234","01598 02:56:57",203.38,876.83,,,,"     ",5.10,58.03,6.50
1598,539321791,"01598M03:44:07.207","01598 02:56:58",203.42,876.84,,,,"     ",5.10,58.05,6.51
1598,539321792,"01598M03:44:08.180","01598 02:56:59",203.46,876.81,,,,"     ",5.10,58.05,6.51
1598,539321793,"01598M03:44:09.153","01598 02:57:00",203.50,876.80,,,,"     ",5.10,58.07,6.51
1598,539321794,"01598M03:44:10.127","01598 02:57:01",203.53,876.81,,,,"     ",5.10,58.05,6.51
1598,539321795,"01598M03:44:11.100","01598 02:57:02",203.55,876.79,,,,"     ",5.10,57.85,6.48
1598,539321796,"01598M03:44:12.073","01598 02:57:03",203.58,876.76,,,,"     ",5.10,58.21,6.53
1598,539321797,"01598M03:44:13.046","01598 02:57:04",203.60,876.79,,,,"     ",5.10,57.89,6.49
1598,539321798,"01598M03:44:14.020","01598 02:57:05",203.63,876.77,,,,"     ",5.10,58.02,6.51
1598,539321799,"01598M03:44:14.993","01598 02:57:06",203.67,876.73,,,,"     ",5.10,57.81,6.48
1598,539321800,"01598M03:44:15.966","01598 02:57:06",203.71,876.73,,,,"     ",5.10,57.84,6.49
1598,539321801,"01598M03:44:16.939","01598 02:57:07",203.76,876.68,,,,"     ",5.10,58.00,6.50
1598,539321802,"01598M03:44:17.913","01598 02:57:08",203.81,876.68,,,,"     ",5.10,57.89,6.49
1598,539321803,"01598M03:44:18.886","01598 02:57:09",203.85,876.76,,,,"     ",5.10,58.20,6.53
1598,539321804,"01598M03:44:19.859","01598 02:57:10",203.90,876.73,,,,"     ",5.10,57.95,6.50
1598,539321805,"01598M03:44:20.832","01598 02:57:11",203.94,876.75,,,,"     ",5.10,58.07,6.51
1598,539321806,"01598M03:44:21.806","01598 02:57:12",203.97,876.70,,,,"     ",5.10,57.92,6.50
1598,539321807,"01598M03:44:22.779","01598 02:57:13",204.00,876.74,,,,"     ",5.10,58.17,6.53
1598,539321808,"01598M03:44:23.752","01598 02:57:14",204.04,876.71,,,,"     ",5.10,58.25,6.53
1598,539321809,"01598M03:44:24.725","01598 02:57:15",204.08,876.71,,,,"     ",5.10,58.07,6.51
1598,539321810,"01598M03:44:25.699","01598 02:57:16",204.12,876.72,,,,"     ",5.10,58.30,6.54
1598,539321811,"01598M03:44:26.672","01598 02:57:17",204.17,876.68,,,,"     ",5.10,58.09,6.52
1598,539321812,"01598M03:44:27.645","01598 02:57:18",204.22,876.61,,,,"     ",5.10,58.41,6.55
1598,539321813,"01598M03:44:28.618","01598 02:57:19",204.27,876.66,,,,"     ",5.10,57.81,6.48
1598,539321814,"01598M03:44:29.592","01598 02:57:20",204.32,876.71,,,,"     ",5.10,58.03,6.51
1598,539321815,"01598M03:44:30.565","01598 02:57:21",204.35,876.67,,,,"     ",5.10,58.24,6.53
1598,539321816,"01598M03:44:31.538","01598 02:57:22",204.38,876.69,,,,"     ",5.10,57.93,6.50
1598,539321817,"01598M03:44:32.511","01598 02:57:23",204.39,876.73,,,,"     ",5.10,58.14,6.52
1598,539321818,"01598M03:44:33.485","01598 02:57:24",204.40,876.62,,,,"     ",5.10,58.19,6.53
1598,539321819,"01598M03:44:34.458","01598 02:57:25",204.41,876.69,,,,"     ",5.10,58.15,6.52
1598,539321820,"01598M03:44:35.431","01598 02:57:26",204.42,876.64,,,,"     ",5.10,58.00,6.50
1598,539321821,"01598M03:44:36.404","01598 02:57:27",204.42,876.58,,,,"     ",5.10,58.13,6.51
1598,539321822,"01598M03:44:37.378","01598 02:57:28",204.43,876.66,,,,"     ",5.10,58.01,6.50
1598,539321823,"01598M03:44:38.351","01598 02:57:29",204.44,876.67,,,,"     ",5.10,58.27,6.53
1598,539321824,"01598M03:44:39.324","01598 02:57:30",204.45,876.59,,,,"     ",5.10,57.75,6.47
1598,539321825,"01598M03:44:40.297","01598 02:57:31",204.47,876.71,,,,"     ",5.10,58.31,6.53
1598,539321826,"01598M03:44:41.271","01598 02:57:32",204.48,876.66,,,,"     ",5.10,58.44,6.55
1598,539321827,"01598M03:44:42.244","01598 02:57:33",204.48,876.61,,,,"     ",5.10,58.44,6.55
1598,539321828,"01598M03:44:43.217","01598 02:57:34",204.49,876.60,,,,"     ",5.10,58.21,6.52
1598,539321829,"01598M03:44:44.190","01598 02:57:35",204.49,876.66,,,,"     ",5.10,58.31,6.53
1598,539321830,"01598M03:44:45.164","01598 02:57:36",204.49,876.64,,,,"     ",5.10,58.22,6.52
1598,539321831,"01598M03:44:46.137","01598 02:57:37",204.49,876.61,,,,"     ",5.10,58.39,6.54
1598,539321832,"01598M03:44:47.110","01598 02:57:38",204.49,876.67,,,,"     ",5.10,58.26,6.52
1598,539321833,"01598M03:44:48.084","01598 02:57:39",204.49,876.66,,,,"     ",5.10,58.26,6.52
1598,539321834,"01598M03:44:49.057","01598 02:57:40",204.48,876.66,,,,"     ",5.10,58.39,6.54
1598,539321835,"01598M03:44:50.030","01598 02:57:41",204.48,876.66,,,,"     ",5.10,58.64,6.56
1598,539321836,"01598M03:44:51.003","01598 02:57:42",204.48,876.57,,,,"     ",5.10,58.39,6.53
1598,539321837,"01598M03:44:51.977","01598 02:57:42",204.48,876.56,,,,"     ",5.10,58.63,6.56
1598,539321838,"01598M03:44:52.950","01598 02:57:43",204.46,876.60,,,,"     ",5.10,58.41,6.53
1598,539321839,"01598M03:44:53.923","01598 02:57:44",204.44,876.62,,,,"     ",5.10,58.67,6.56
1598,539321840,"01598M03:44:54.896","01598 02:57:45",204.40,876.58,,,,"     ",5.10,58.08,6.50
1598,539321841,"01598M03:44:55.870","01598 02:57:46",204.35,876.53,,,,"     ",5.10,58.35,6.52
1598,539321842,"01598M03:44:56.843","01598 02:57:47",204.29,876.57,,,,"     ",5.10,58.34,6.52
1598,539321843,"01598M03:44:57.816","01598 02:57:48",204.23,876.49,,,,"     ",5.10,58.32,6.52
1598,539321844,"01598M03:44:58.789","01598 02:57:49",204.16,876.49,,,,"     ",5.10,58.35,6.52
1598,539321845,"01598M03:44:59.763","01598 02:57:50",204.11,876.58,,,,"     ",5.10,58.12,6.50
1598,539321846,"01598M03:45:00.736","01598 02:57:51",204.07,876.52,,,,"     ",5.10,58.30,6.52
1598,539321847,"01598M03:45:01.709","01598 02:57:52",204.05,876.54,,,,"     ",5.10,58.44,6.53
1598,539321848,"01598M03:45:02.682","01598 02:57:53",204.04,876.59,,,,"     ",5.10,58.06,6.49
1598,539321849,"01598M03:45:03.656","01598 02:57:54",204.05,876.53,,,,"     ",5.10,58.23,6.51
1598,539321850,"01598M03:45:04.629","01598 02:57:55",204.05,876.55,,,,"     ",5.10,58.20,6.51
1598,539321851,"01598M03:45:05.602","01598 02:57:56",204.06,876.50,,,,"     ",5.10,58.14,6.50
1598,539321852,"01598M03:45:06.575","01598 02:57:57",204.07,876.60,,,,"     ",5.10,58.02,6.49
1598,539321853,"01598M03:45:07.549","01598 02:57:58",204.09,876.60,,,,"     ",5.10,57.98,6.48
1598,539321854,"01598M03:45:08.522","01598 02:57:59",204.12,876.55,,,,"     ",5.10,57.71,6.45
1598,539321855,"01598M03:45:09.495","01598 02:58:00",204.15,876.50,,,,"     ",5.10,57.89,6.47
1598,539321856,"01598M03:45:10.468","01598 02:58:01",204.19,876.60,,,,"     ",5.10,57.77,6.46
1598,539321857,"01598M03:45:11.442","01598 02:58:02",204.25,876.54,,,,"     ",5.10,57.81,6.47
1598,539321858,"01598M03:45:12.415","01598 02:58:03",204.30,876.60,,,,"     ",5.10,57.76,6.46
1598,539321859,"01598M03:45:13.388","01598 02:58:04",204.34,876.61,,,,"     ",5.10,57.52,6.44
1598,539321860,"01598M03:45:14.361","01598 02:58:05",204.38,876.53,,,,"     ",5.10,57.94,6.48
1598,539321861,"01598M03:45:15.335","01598 02:58:06",204.40,876.53,,,,"     ",5.10,57.68,6.46
1598,539321862,"01598M03:45:16.308","01598 02:58:07",204.40,876.53,,,,"     ",5.10,57.37,6.42
1598,539321863,"01598M03:45:17.281","01598 02:58:08",204.39,876.44,,,,"     ",5.10,57.63,6.45
1598,539321864,"01598M03:45:18.254","01598 02:58:09",204.35,876.50,,,,"     ",5.10,57.69,6.46
1598,539321865,"01598M03:45:19.228","01598 02:58:10",204.29,876.39,,,,"     ",5.10,57.46,6.43
1598,539321866,"01598M03:45:20.201","01598 02:58:11",204.21,876.48,,,,"     ",5.10,57.58,6.45
1598,539321867,"01598M03:45:21.174","01598 02:58:12",204.12,876.53,,,,"     ",5.10,57.56,6.45
1598,539321868,"01598M03:45:22.147","01598 02:58:13",204.02,876.59,,,,"     ",5.10,57.37,6.43
1598,539321869,"01598M03:45:23.121","01598 02:58:14",203.92,876.51,,,,"     ",5.10,57.31,6.42
1598,539321870,"01598M03:45:24.094","01598 02:58:15",203.83,876.50,,,,"     ",5.10,57.33,6.43
1598,539321871,"01598M03:45:25.067","01598 02:58:16",203.75,876.56,,,,"     ",5.10,57.36,6.43
1598,539321872,"01598M03:45:26.040","01598 02:58:17",203.70,876.50,,,,"     ",5.10,57.14,6.41
1598,539321873,"01598M03:45:27.014","01598 02:58:18",203.66,876.49,,,,"     ",5.10,57.40,6.44
1598,539321874,"01598M03:45:27.987","01598 02:58:19",203.63,876.49,,,,"     ",5.10,57.18,6.41
1598,539321875,"01598M03:45:28.960","01598 02:58:19",203.60,876.49,,,,"     ",5.10,56.97,6.39
1598,539321876,"01598M03:45:29.933","01598 02:58:20",203.58,876.52,,,,"     ",5.10,57.03,6.40
1598,539321877,"01598M03:45:30.907","01598 02:58:21",203.56,876.49,,,,"     ",5.10,57.18,6.42
1598,539321878,"01598M03:45:31.880","01598 02:58:22",203.53,876.54,,,,"     ",5.10,57.27,6.43
1598,539321879,"01598M03:45:32.853","01598 02:58:23",203.51,876.51,,,,"     ",5.10,57.13,6.42
1598,539321880,"01598M03:45:33.826","01598 02:58:24",203.50,876.47,,,,"     ",5.10,57.15,6.42
1598,539321881,"01598M03:45:34.800","01598 02:58:25",203.48,876.45,,,,"     ",5.10,57.01,6.40
1598,539321882,"01598M03:45:35.773","01598 02:58:26",203.47,876.48,,,,"     ",5.10,56.99,6.40
1598,539321883,"01598M03:45:36.746","01598 02:58:27",203.46,876.47,,,,"     ",5.10,57.04,6.41
1598,539321884,"01598M03:45:37.719","01598 02:58:28",203.46,876.47,,,,"     ",5.10,57.04,6.41
1598,539321885,"01598M03:45:38.693","01598 02:58:29",203.45,876.51,,,,"     ",5.10,57.01,6.41
1598,539321886,"01598M03:45:39.666","01598 02:58:30",203.45,876.49,,,,"     ",5.10,57.02,6.41
1598,539321887,"01598M03:45:40.639","01598 02:58:31",203.46,876.48,,,,"     ",5.10,56.95,6.40
1598,539321888,"01598M03:45:41.612","01598 02:58:32",203.46,876.51,,,,"     ",5.10,56.93,6.40
1598,539321889,"01598M03:45:42.586","01598 02:58:33",203.47,876.49,,,,"     ",5.10,57.00,6.42
1598,539321890,"01598M03:45:43.559","01598 02:58:34",203.48,876.39,,,,"     ",5.10,56.97,6.41
1598,539321891,"01598M03:45:44.532","01598 02:58:35",203.49,876.50,,,,"     ",5.10,56.98,6.41
1598,539321892,"01598M03:45:45.505","01598 02:58:36",202.97,876.49,,,,"     ",5.10,56.98,6.42
1598,539321893,"01598M03:45:46.479","01598 02:58:37",203.07,876.46,,,,"     ",5.10,56.80,6.40
1598,539321894,"01598M03:45:47.452","01598 02:58:38",203.16,876.47,,,,"     ",5.10,56.69,6.39
1598,539321895,"01598M03:45:48.425","01598 02:58:39",203.23,876.42,,,,"     ",5.10,56.73,6.39
1598,539321896,"01598M03:45:49.398","01598 02:58:40",203.30,876.50,,,,"     ",5.10,56.57,6.37
1598,539321897,"01598M03:45:50.372","01598 02:58:41",203.35,876.49,,,,"     ",5.10,56.78,6.40
1598,539321898,"01598M03:45:51.345","01598 02:58:42",203.39,876.48,,,,"     ",5.10,56.58,6.38
1598,539321899,"01598M03:45:52.318","01598 02:58:43",203.42,876.49,,,,"     ",5.10,56.58,6.38
1598,539321900,"01598M03:45:53.291","01598 02:58:44",203.44,876.50,,,,"     ",5.10,56.47,6.37
1598,539321901,"01598M03:45:54.265","01598 02:58:45",203.45,876.45,,,,"     ",5.10,56.52,6.38
1598,539321902,"01598M03:45:55.238","01598 02:58:46",203.45,876.49,,,,"     ",5.10,56.52,6.38
1598,539321903,"01598M03:45:56.211","01598 02:58:47",203.45,876.54,,,,"     ",5.10,56.60,6.39
1598,539321904,"01598M03:45:57.185","01598 02:58:48",203.43,876.39,,,,"     ",5.10,56.56,6.39
1598,539321905,"01598M03:45:58.158","01598 02:58:49",203.41,876.36,,,,"     ",5.10,56.39,6.37
1598,539321906,"01598M03:45:59.131","01598 02:58:50",203.38,876.31,,,,"     ",5.10,56.73,6.41
1598,539321907,"01598M03:46:00.104","01598 02:58:51",203.33,876.42,,,,"     ",5.10,56.11,6.34
1598,539321908,"01598M03:46:01.078","01598 02:58:52",203.28,876.42,,,,"     ",5.10,56.31,6.36
1598,539321909,"01598M03:46:02.051","01598 02:58:53",203.20,876.45,,,,"     ",5.10,56.06,6.34
1598,539321910,"01598M03:46:03.024","01598 02:58:54",203.11,876.50,,,,"     ",5.10,56.19,6.35
1598,539321911,"01598M03:46:03.997","01598 02:58:55",203.01,876.36,,,,"     ",5.10,56.12,6.35
1598,539321912,"01598M03:46:04.971","01598 02:58:55",202.89,876.43,,,,"     ",5.10,56.32,6.37
1598,539321913,"01598M03:46:05.944","01598 02:58:56",202.83,876.40,,,,"     ",5.10,56.09,6.35
1598,539321914,"01598M03:46:06.917","01598 02:58:57",202.79,876.35,,,,"     ",5.10,56.28,6.37
1598,539321915,"01598M03:46:07.890","01598 02:58:58",202.76,876.44,,,,"     ",5.10,56.15,6.36
1598,539321916,"01598M03:46:08.864","01598 02:58:59",202.76,876.41,,,,"     ",5.10,56.09,6.35
1598,539321917,"01598M03:46:09.837","01598 02:59:00",202.77,876.41,,,,"     ",5.10,56.26,6.38
1598,539321918,"01598M03:46:10.810","01598 02:59:01",202.78,876.40,,,,"     ",5.10,55.97,6.34
1598,539321919,"01598M03:46:11.783","01598 02:59:02",202.80,876.35,,,,"     ",5.10,55.83,6.33
1598,539321920,"01598M03:46:12.757","01598 02:59:03",202.81,876.35,,,,"     ",5.10,55.94,6.34
1598,539321921,"01598M03:46:13.730","01598 02:59:04",202.83,876.43,,,,"     ",5.10,56.08,6.36
1598,539321922,"01598M03:46:14.703","01598 02:59:05",202.86,876.38,,,,"     ",5.10,55.94,6.35
1598,539321923,"01598M03:46:15.676","01598 02:59:06",202.89,876.36,,,,"     ",5.10,56.29,6.39
1598,539321924,"01598M03:46:16.650","01598 02:59:07",202.92,876.40,,,,"     ",5.10,55.99,6.36
1598,539321925,"01598M03:46:17.623","01598 02:59:08",202.94,876.33,,,,"     ",5.10,55.63,6.32
1598,539321926,"01598M03:46:18.596","01598 02:59:09",202.96,876.41,,,,"     ",5.10,55.95,6.36
1598,539321927,"01598M03:46:19.569","01598 02:59:10",202.97,876.43,,,,"     ",5.10,55.78,6.34
1598,539321928,"01598M03:46:20.543","01598 02:59:11",202.97,876.43,,,,"     ",5.10,55.78,6.34
1598,539321929,"01598M03:46:21.516","01598 02:59:12",202.97,876.37,,,,"     ",5.10,55.69,6.33
1598,539321930,"01598M03:46:22.489","01598 02:59:13",202.97,876.38,,,,"     ",5.10,55.83,6.35
1598,539321931,"01598M03:46:23.462","01598 02:59:14",202.97,876.40,,,,"     ",5.10,55.66,6.33
1598,539321932,"01598M03:46:24.436","01598 02:59:15",202.99,876.35,,,,"     ",5.10,55.71,6.34
1598,539321933,"01598M03:46:25.409","01598 02:59:16",203.02,876.33,,,,"     ",5.10,55.59,6.33
1598,539321934,"01598M03:46:26.382","01598 02:59:17",203.06,876.25,,,,"     ",5.10,55.72,6.34
1598,539321935,"01598M03:46:27.355","01598 02:59:18",203.10,876.30,,,,"     ",5.10,55.74,6.35
1598,539321936,"01598M03:46:28.329","01598 02:59:19",203.14,876.21,,,,"     ",5.10,55.60,6.33
1598,539321937,"01598M03:46:29.302","01598 02:59:20",203.19,876.29,,,,"     ",5.10,55.78,6.36
1598,539321938,"01598M03:46:30.275","01598 02:59:21",203.23,876.24,,,,"     ",5.10,55.68,6.34
1598,539321939,"01598M03:46:31.248","01598 02:59:22",203.28,876.35,,,,"     ",5.10,55.84,6.37
1598,539321940,"01598M03:46:32.222","01598 02:59:23",203.31,876.34,,,,"     ",5.10,55.86,6.37
1598,539321941,"01598M03:46:33.195","01598 02:59:24",203.35,876.29,,,,"     ",5.10,55.55,6.33
1598,539321942,"01598M03:46:34.168","01598 02:59:25",203.37,876.39,,,,"     ",5.10,55.66,6.35
1598,539321943,"01598M03:46:35.141","01598 02:59:26",203.39,876.45,,,,"     ",5.10,56.10,6.40
1598,539321944,"01598M03:46:36.115","01598 02:59:27",203.39,876.46,,,,"     ",5.10,55.62,6.35
1598,539321945,"01598M03:46:37.088","01598 02:59:28",203.38,876.45,,,,"     ",5.10,55.84,6.37
1598,539321946,"01598M03:46:38.061","01598 02:59:29",203.35,876.35,,,,"     ",5.10,55.69,6.36
1598,539321947,"01598M03:46:39.034","01598 02:59:30",203.33,876.44,,,,"     ",5.10,55.47,6.33
1598,539321948,"01598M03:46:40.008","01598 02:59:31",203.28,876.50,,,,"     ",5.10,55.72,6.36
1598,539321949,"01598M03:46:40.981","01598 02:59:31",203.23,876.38,,,,"     ",5.10,55.68,6.36
1598,539321950,"01598M03:46:41.954","01598 02:59:32",203.17,876.34,,,,"     ",5.10,55.37,6.33
1598,539321951,"01598M03:46:42.927","01598 02:59:33",203.10,876.38,,,,"     ",5.10,55.60,6.35
1598,539321952,"01598M03:46:43.901","01598 02:59:34",203.03,876.44,,,,"     ",5.10,55.57,6.35
1598,539321953,"01598M03:46:44.874","01598 02:59:35",202.96,876.32,,,,"     ",5.10,55.65,6.36
1598,539321954,"01598M03:46:45.847","01598 02:59:36",204.07,876.27,,,,"     ",5.10,55.65,6.36
1598,539321955,"01598M03:46:46.820","01598 02:59:37",204.02,876.30,,,,"     ",5.10,55.40,6.33
1598,539321956,"01598M03:46:47.794","01598 02:59:38",203.97,876.28,,,,"     ",5.10,55.38,6.33
1598,539321957,"01598M03:46:48.767","01598 02:59:39",203.91,876.32,,,,"     ",5.10,55.39,6.34
1598,539321958,"01598M03:46:49.740","01598 02:59:40",203.86,876.32,,,,"     ",5.10,55.25,6.32
1598,539321959,"01598M03:46:50.713","01598 02:59:41",203.81,876.22,,,,"     ",5.10,55.54,6.35
1598,539321960,"01598M03:46:51.687","01598 02:59:42",202.52,876.24,,,,"     ",5.10,55.22,6.32
1598,539321961,"01598M03:46:52.660","01598 02:59:43",202.51,876.30,,,,"     ",5.10,55.14,6.31
1598,539321962,"01598M03:46:53.633","01598 02:59:44",202.51,876.36,,,,"     ",5.10,55.09,6.31
1598,539321963,"01598M03:46:54.606","01598 02:59:45",202.51,876.34,,,,"     ",5.10,54.95,6.29
1598,539321964,"01598M03:46:55.580","01598 02:59:46",202.52,876.29,,,,"     ",5.10,55.11,6.31
1598,539321965,"01598M03:46:56.553","01598 02:59:47",202.55,876.24,,,,"     ",5.10,55.10,6.31
1598,539321966,"01598M03:46:57.526","01598 02:59:48",202.58,876.32,,,,"     ",5.10,55.16,6.32
1598,539321967,"01598M03:46:58.499","01598 02:59:49",202.62,876.26,,,,"     ",5.10,55.21,6.33
1598,539321968,"01598M03:46:59.473","01598 02:59:50",202.67,876.25,,,,"     ",5.10,54.99,6.30
1598,539321969,"01598M03:47:00.446","01598 02:59:51",202.71,876.29,,,,"     ",5.10,54.93,6.30
1598,539321970,"01598M03:47:01.419","01598 02:59:52",202.73,876.26,,,,"     ",5.10,54.93,6.30
1598,539321971,"01598M03:47:02.392","01598 02:59:53",202.74,876.22,,,,"     ",5.10,55.00,6.31
1598,539321972,"01598M03:47:03.366","01598 02:59:54",202.73,876.27,,,,"     ",5.10,55.04,6.32
1598,539321973,"01598M03:47:04.339","01598 02:59:55",202.71,876.28,,,,"     ",5.10,54.46,6.25
1598,539321974,"01598M03:47:05.312","01598 02:59:56",202.69,876.26,,,,"     ",5.10,54.82,6.30
1598,539321975,"01598M03:47:06.286","01598 02:59:57",202.66,876.24,,,,"     ",5.10,54.94,6.31
1598,539321976,"01598M03:47:07.259","01598 02:59:58",202.62,876.28,,,,"     ",5.10,54.96,6.32
1598,539321977,"01598M03:47:08.232","01598 02:59:59",202.59,876.21,,,,"     ",5.10,54.78,6.29
1598,539321978,"01598M03:47:09.205","01598 03:00:00",202.56,876.22,,,,"     ",5.10,54.55,6.27
1598,539321979,"01598M03:47:10.179","01598 03:00:01",202.52,876.23,,,,"     ",5.10,54.46,6.26
1598,539321980,"01598M03:47:11.152","01598 03:00:02",202.49,876.20,,,,"     ",5.10,54.75,6.30
1598,539321981,"01598M03:47:12.125","01598 03:00:03",202.46,876.20,,,,"     ",5.10,54.42,6.26
1598,539321982,"01598M03:47:13.098","01598 03:00:04",202.43,876.18,,,,"     ",5.10,54.60,6.29
1598,539321983,"01598M03:47:14.072","01598 03:00:05",202.40,876.22,,,,"     ",5.10,54.72,6.30
1598,539321984,"01598M03:47:15.045","01598 03:00:06",202.38,876.18,,,,"     ",5.10,54.56,6.29
1598,539321985,"01598M03:47:16.018","01598 03:00:07",202.34,876.18,,,,"     ",5.10,54.38,6.26
1598,539321986,"01598M03:47:16.991","01598 03:00:07",202.31,876.31,,,,"     ",5.10,54.46,6.28
1598,539321987,"01598M03:47:17.965","01598 03:00:08",202.29,876.34,,,,"     ",5.10,54.42,6.27
1598,539321988,"01598M03:47:18.938","01598 03:00:09",202.27,876.30,,,,"     ",5.10,54.38,6.27
1598,539321989,"01598M03:47:19.911","01598 03:00:10",202.27,876.37,,,,"     ",5.10,54.48,6.29
1598,539321990,"01598M03:47:20.884","01598 03:00:11",202.26,876.30,,,,"     ",5.10,54.31,6.27
1598,539321991,"01598M03:47:21.858","01598 03:00:12",202.26,876.24,,,,"     ",5.10,54.26,6.26
1598,539321992,"01598M03:47:22.831","01598 03:00:13",202.24,876.21,,,,"     ",5.10,54.26,6.27
1598,539321993,"01598M03:47:23.804","01598 03:00:14",202.22,876.19,,,,"     ",5.10,54.39,6.28
1598,539321994,"01598M03:47:24.777","01598 03:00:15",202.18,876.28,,,,"     ",5.10,54.08,6.25
1598,539321995,"01598M03:47:25.751","01598 03:00:16",202.12,876.22,,,,"     ",5.10,54.10,6.25
1598,539321996,"01598M03:47:26.724","01598 03:00:17",202.05,876.24,,,,"     ",5.10,54.16,6.26
1598,539321997,"01598M03:47:27.697","01598 03:00:18",201.98,876.21,,,,"     ",5.10,54.00,6.25
1598,539321998,"01598M03:47:28.670","01598 03:00:19",201.89,876.21,,,,"     ",5.10,53.88,6.23
1598,539321999,"01598M03:47:29.644","01598 03:00:20",201.80,876.23,,,,"     ",5.10,53.86,6.23
1598,539322000,"01598M03:47:30.617","01598 03:00:21",201.73,876.18,,,,"     ",5.10,54.03,6.26
1598,539322001,"01598M03:47:31.590","01598 03:00:22",201.68,876.18,,,,"     ",5.10,53.96,6.25
1598,539322002,"01598M03:47:32.563","01598 03:00:23",201.65,876.20,,,,"     ",5.10,53.99,6.26
1598,539322003,"01598M03:47:33.537","01598 03:00:24",201.63,876.32,,,,"     ",5.10,54.17,6.28
1598,539322004,"01598M03:47:34.510","01598 03:00:25",201.63,876.17,,,,"     ",5.10,53.90,6.25
1598,539322005,"01598M03:47:35.483","01598 03:00:26",201.64,876.20,,,,"     ",5.10,53.84,6.24
1598,539322006,"01598M03:47:36.456","01598 03:00:27",201.66,876.26,,,,"     ",5.10,54.05,6.27
1598,539322007,"01598M03:47:37.430","01598 03:00:28",201.67,876.24,,,,"     ",5.10,54.10,6.28
1598,539322008,"01598M03:47:38.403","01598 03:00:29",201.68,876.26,,,,"     ",5.10,54.05,6.28
1598,539322009,"01598M03:47:39.376","01598 03:00:30",201.68,876.15,,,,"     ",5.10,53.90,6.26
1598,539322010,"01598M03:47:40.349","01598 03:00:31",201.68,876.14,,,,"     ",5.10,53.84,6.25
1598,539322011,"01598M03:47:41.323","01598 03:00:32",201.68,876.17,,,,"     ",5.10,53.96,6.27
1598,539322012,"01598M03:47:42.296","01598 03:00:33",201.67,876.21,,,,"     ",5.10,53.68,6.24
1598,539322013,"01598M03:47:43.269","01598 03:00:34",201.66,876.18,,,,"     ",5.10,53.83,6.26
1598,539322014,"01598M03:47:44.242","01598 03:00:35",201.65,876.23,,,,"     ",5.10,53.72,6.25
1598,539322015,"01598M03:47:45.216","01598 03:00:36",201.64,876.22,,,,"     ",5.10,53.93,6.27
1598,539322016,"01598M03:47:46.189","01598 03:00:37",201.64,876.21,,,,"     ",5.10,53.63,6.24
1598,539322017,"01598M03:47:47.162","01598 03:00:38",201.64,876.23,,,,"     ",5.10,53.98,6.28
1598,539322018,"01598M03:47:48.135","01598 03:00:39",201.65,876.22,,,,"     ",5.10,53.73,6.25
1598,539322019,"01598M03:47:49.109","01598 03:00:40",201.65,876.24,,,,"     ",5.10,53.94,6.28
1598,539322020,"01598M03:47:50.082","01598 03:00:41",201.65,876.25,,,,"     ",5.10,53.85,6.27
1598,539322021,"01598M03:47:51.055","01598 03:00:42",201.63,876.22,,,,"     ",5.10,53.81,6.27
1598,539322022,"01598M03:47:52.028","01598 03:00:43",201.61,876.16,,,,"     ",5.10,53.49,6.23
1598,539322023,"01598M03:47:53.002","01598 03:00:43",201.60,876.23,,,,"     ",5.10,53.78,6.27
1598,539322024,"01598M03:47:53.975","01598 03:00:44",201.60,876.14,,,,"     ",5.10,53.69,6.26
1598,539322025,"01598M03:47:54.948","01598 03:00:45",201.61,876.18,,,,"     ",5.10,53.92,6.29
1598,539322026,"01598M03:47:55.921","01598 03:00:46",201.64,876.21,,,,"     ",5.10,53.67,6.26
1598,539322027,"01598M03:47:56.895","01598 03:00:47",201.69,876.26,,,,"     ",5.10,53.67,6.26
1598,539322028,"01598M03:47:57.868","01598 03:00:48",201.73,876.23,,,,"     ",5.10,53.59,6.26
1598,539322029,"01598M03:47:58.841","01598 03:00:49",201.77,876.23,,,,"     ",5.10,53.74,6.27
1598,539322030,"01598M03:47:59.814","01598 03:00:50",201.81,876.15,,,,"     ",5.10,53.69,6.27
1598,539322031,"01598M03:48:00.788","01598 03:00:51",201.83,876.20,,,,"     ",5.10,53.61,6.26
1598,539322032,"01598M03:48:01.761","01598 03:00:52",201.83,876.20,,,,"     ",5.10,53.66,6.27
1598,539322033,"01598M03:48:02.734","01598 03:00:53",201.81,876.18,,,,"     ",5.10,53.76,6.28
1598,539322034,"01598M03:48:03.707","01598 03:00:54",201.78,876.20,,,,"     ",5.10,53.97,6.31
1598,539322035,"01598M03:48:04.681","01598 03:00:55",201.73,876.22,,,,"     ",5.10,53.84,6.30
1598,539322036,"01598M03:48:05.654","01598 03:00:56",201.67,876.18,,,,"     ",5.10,53.90,6.31
1598,539322037,"01598M03:48:06.627","01598 03:00:57",201.60,876.17,,,,"     ",5.10,53.41,6.25
1598,539322038,"01598M03:48:07.600","01598 03:00:58",201.53,876.21,,,,"     ",5.10,53.66,6.28
1598,539322039,"01598M03:48:08.574","01598 03:00:59",201.45,876.18,,,,"     ",5.10,53.56,6.27
1598,539322040,"01598M03:48:09.547","01598 03:01:00",201.37,876.20,,,,"     ",5.10,53.71,6.29
1598,539322041,"01598M03:48:10.520","01598 03:01:01",201.30,876.25,,,,"     ",5.10,53.63,6.28
1598,539322042,"01598M03:48:11.493","01598 03:01:02",201.23,876.17,,,,"     ",5.10,53.82,6.31
1598,539322043,"01598M03:48:12.467","01598 03:01:03",201.17,876.26,,,,"     ",5.10,53.85,6.31
1598,539322044,"01598M03:48:13.440","01598 03:01:04",201.12,876.24,,,,"     ",5.10,53.41,6.26
1598,539322045,"01598M03:48:14.413","01598 03:01:05",201.09,876.18,,,,"     ",5.10,53.46,6.27
1598,539322046,"01598M03:48:15.387","01598 03:01:06",201.05,876.12,,,,"     ",5.10,53.68,6.30
1598,539322047,"01598M03:48:16.360","01598 03:01:07",201.02,876.09,,,,"     ",5.10,53.51,6.28
1598,539322048,"01598M03:48:17.333","01598 03:01:08",200.99,876.11,,,,"     ",5.10,53.38,6.26
1598,539322049,"01598M03:48:18.306","01598 03:01:09",200.98,876.16,,,,"     ",5.10,53.60,6.29
1598,539322050,"01598M03:48:19.280","01598 03:01:10",200.97,876.17,,,,"     ",5.10,53.68,6.31
1598,539322051,"01598M03:48:20.253","01598 03:01:11",200.97,876.14,,,,"     ",5.10,53.34,6.26
1598,539322052,"01598M03:48:21.226","01598 03:01:12",200.98,876.14,,,,"     ",5.10,53.61,6.30
1598,539322053,"01598M03:48:22.199","01598 03:01:13",201.00,876.20,,,,"     ",5.10,53.44,6.28
1598,539322054,"01598M03:48:23.173","01598 03:01:14",201.02,876.18,,,,"     ",5.10,53.25,6.26
1598,539322055,"01598M03:48:24.146","01598 03:01:15",201.06,876.31,,,,"     ",5.10,53.38,6.28
1598,539322056,"01598M03:48:25.119","01598 03:01:16",201.11,876.21,,,,"     ",5.10,53.53,6.30
1598,539322057,"01598M03:48:26.092","01598 03:01:17",201.15,876.16,,,,"     ",5.10,53.54,6.30
1598,539322058,"01598M03:48:27.066","01598 03:01:18",201.20,876.16,,,,"     ",5.10,53.77,6.33
1598,539322059,"01598M03:48:28.039","01598 03:01:19",201.25,876.16,,,,"     ",5.10,53.59,6.31
1598,539322060,"01598M03:48:29.012","01598 03:01:19",201.30,876.30,,,,"     ",5.10,53.54,6.30
1598,539322061,"01598M03:48:29.985","01598 03:01:20",201.35,876.20,,,,"     ",5.10,53.57,6.31
1598,539322062,"01598M03:48:30.959","01598 03:01:21",201.41,876.22,,,,"     ",5.10,53.59,6.31
1598,539322063,"01598M03:48:31.932","01598 03:01:22",201.46,876.18,,,,"     ",5.10,53.91,6.35
1598,539322064,"01598M03:48:32.905","01598 03:01:23",201.50,876.26,,,,"     ",5.10,53.61,6.31
1598,539322065,"01598M03:48:33.878","01598 03:01:24",201.55,876.18,,,,"     ",5.10,53.88,6.35
1598,539322066,"01598M03:48:34.852","01598 03:01:25",201.57,876.14,,,,"     ",5.10,53.34,6.28
1598,539322067,"01598M03:48:35.825","01598 03:01:26",201.57,876.16,,,,"     ",5.10,53.52,6.31
1598,539322068,"01598M03:48:36.798","01598 03:01:27",201.57,876.06,,,,"     ",5.10,53.31,6.28
1598,539322069,"01598M03:48:37.771","01598 03:01:28",201.56,876.18,,,,"     ",5.10,53.54,6.31
1598,539322070,"01598M03:48:38.745","01598 03:01:29",201.55,876.22,,,,"     ",5.10,53.61,6.32
1598,539322071,"01598M03:48:39.718","01598 03:01:30",201.54,876.20,,,,"     ",5.10,53.39,6.30
1598,539322072,"01598M03:48:40.691","01598 03:01:31",201.53,876.26,,,,"     ",5.10,53.71,6.34
1598,539322073,"01598M03:48:41.664","01598 03:01:32",201.52,876.19,,,,"     ",5.10,53.67,6.33
1598,539322074,"01598M03:48:42.638","01598 03:01:33",201.51,876.17,,,,"     ",5.10,53.53,6.32
1598,539322075,"01598M03:48:43.611","01598 03:01:34",201.50,876.11,,,,"     ",5.10,53.76,6.35
1598,539322076,"01598M03:48:44.584","01598 03:01:35",201.49,876.18,,,,"     ",5.10,53.77,6.35
1598,539322077,"01598M03:48:45.557","01598 03:01:36",201.48,876.02,,,,"     ",5.10,53.72,6.34
1598,539322078,"01598M03:48:46.531","01598 03:01:37",201.48,876.17,,,,"     ",5.10,53.62,6.33
1598,539322079,"01598M03:48:47.504","01598 03:01:38",201.48,876.16,,,,"     ",5.10,53.59,6.33
1598,539322080,"01598M03:48:48.477","01598 03:01:39",201.48,876.14,,,,"     ",5.10,53.85,6.36
1598,539322081,"01598M03:48:49.450","01598 03:01:40",201.50,876.21,,,,"     ",5.10,53.74,6.35
1598,539322082,"01598M03:48:50.424","01598 03:01:41",201.53,876.22,,,,"     ",5.10,53.89,6.37
1598,539322083,"01598M03:48:51.397","01598 03:01:42",201.56,876.17,,,,"     ",5.10,53.99,6.38
1598,539322084,"01598M03:48:52.370","01598 03:01:43",201.61,876.18,,,,"     ",5.10,53.74,6.35
1598,539322085,"01598M03:48:53.343","01598 03:01:44",201.66,876.19,,,,"     ",5.10,53.90,6.37
1598,539322086,"01598M03:48:54.317","01598 03:01:45",201.72,876.21,,,,"     ",5.10,53.85,6.37
1598,539322087,"01598M03:48:55.290","01598 03:01:46",201.77,876.14,,,,"     ",5.10,53.79,6.36
1598,539322088,"01598M03:48:56.263","01598 03:01:47",201.80,876.16,,,,"     ",5.10,53.77,6.36
1598,539322089,"01598M03:48:57.236","01598 03:01:48",201.83,876.26,,,,"     ",5.10,53.83,6.37
1598,539322090,"01598M03:48:58.210","01598 03:01:49",201.84,876.22,,,,"     ",5.10,53.88,6.38
1598,539322091,"01598M03:48:59.183","01598 03:01:50",201.85,876.13,,,,"     ",5.10,53.68,6.35
1598,539322092,"01598M03:49:00.156","01598 03:01:51",201.86,876.17,,,,"     ",5.10,54.10,6.40
1598,539322093,"01598M03:49:01.129","01598 03:01:52",201.87,876.12,,,,"     ",5.10,53.84,6.37
1598,539322094,"01598M03:49:02.103","01598 03:01:53",201.88,876.12,,,,"     ",5.10,54.08,6.40
1598,539322095,"01598M03:49:03.076","01598 03:01:54",201.88,876.16,,,,"     ",5.10,53.78,6.37
1598,539322096,"01598M03:49:04.049","01598 03:01:55",201.88,876.13,,,,"     ",5.10,53.87,6.38
1598,539322097,"01598M03:49:05.022","01598 03:01:55",201.89,876.19,,,,"     ",5.10,54.02,6.40
1598,539322098,"01598M03:49:05.996","01598 03:01:56",201.89,876.21,,,,"     ",5.10,53.68,6.36
1598,539322099,"01598M03:49:06.969","01598 03:01:57",201.90,876.15,,,,"     ",5.10,53.80,6.37
1598,539322100,"01598M03:49:07.942","01598 03:01:58",201.92,876.13,,,,"     ",5.10,53.85,6.38
1598,539322101,"01598M03:49:08.915","01598 03:01:59",201.95,876.15,,,,"     ",5.10,53.73,6.37
1598,539322102,"01598M03:49:09.889","01598 03:02:00",201.98,876.13,,,,"     ",5.10,54.05,6.41
1598,539322103,"01598M03:49:10.862","01598 03:02:01",202.01,876.14,,,,"     ",5.10,53.67,6.36
1598,539322104,"01598M03:49:11.835","01598 03:02:02",202.04,876.22,,,,"     ",5.10,53.73,6.37
1598,539322105,"01598M03:49:12.808","01598 03:02:03",202.07,876.15,,,,"     ",5.10,53.60,6.36
1598,539322106,"01598M03:49:13.782","01598 03:02:04",202.10,876.25,,,,"     ",5.10,53.72,6.37
1598,539322107,"01598M03:49:14.755","01598 03:02:05",202.13,876.19,,,,"     ",5.10,53.79,6.38
1598,539322108,"01598M03:49:15.728","01598 03:02:06",202.16,876.25,,,,"     ",5.10,53.44,6.34
1598,539322109,"01598M03:49:16.701","01598 03:02:07",202.19,876.16,,,,"     ",5.10,53.79,6.38
1598,539322110,"01598M03:49:17.675","01598 03:02:08",202.22,876.16,,,,"     ",5.10,53.37,6.33
1598,539322111,"01598M03:49:18.648","01598 03:02:09",202.25,876.22,,,,"     ",5.10,53.76,6.38
1598,539322112,"01598M03:49:19.621","01598 03:02:10",202.28,876.15,,,,"     ",5.10,53.87,6.40
1598,539322113,"01598M03:49:20.594","01598 03:02:11",202.30,876.21,,,,"     ",5.10,53.40,6.34
1598,539322114,"01598M03:49:21.568","01598 03:02:12",202.31,876.16,,,,"     ",5.10,53.48,6.35
1598,539322115,"01598M03:49:22.541","01598 03:02:13",202.31,876.14,,,,"     ",5.10,53.68,6.37
1598,539322116,"01598M03:49:23.514","01598 03:02:14",202.31,876.13,,,,"     ",5.10,53.71,6.38
1598,539322117,"01598M03:49:24.488","01598 03:02:15",202.30,876.17,,,,"     ",5.10,53.77,6.39
1598,539322118,"01598M03:49:25.461","01598 03:02:16",202.29,876.15,,,,"     ",5.10,53.51,6.36
1598,539322119,"01598M03:49:26.434","01598 03:02:17",202.27,876.16,,,,"     ",5.10,53.75,6.39
1598,539322120,"01598M03:49:27.407","01598 03:02:18",202.26,876.20,,,,"     ",5.10,53.71,6.38
1598,539322121,"01598M03:49:28.381","01598 03:02:19",202.24,876.22,,,,"     ",5.10,53.65,6.38
1598,539322122,"01598M03:49:29.354","01598 03:02:20",202.22,876.18,,,,"     ",5.10,53.53,6.36
1598,539322123,"01598M03:49:30.327","01598 03:02:21",202.19,876.18,,,,"     ",5.10,53.53,6.36
1598,539322124,"01598M03:49:31.300","01598 03:02:22",202.15,876.25,,,,"     ",5.10,53.44,6.35
1598,539322125,"01598M03:49:32.274","01598 03:02:23",202.11,876.24,,,,"     ",5.10,53.32,6.34
1598,539322126,"01598M03:49:33.247","01598 03:02:24",202.07,876.19,,,,"     ",5.10,53.59,6.37
1598,539322127,"01598M03:49:34.220","01598 03:02:25",202.04,876.19,,,,"     ",5.10,53.47,6.36
1598,539322128,"01598M03:49:35.193","01598 03:02:26",202.00,876.19,,,,"     ",5.10,53.35,6.34
1598,539322129,"01598M03:49:36.167","01598 03:02:27",201.98,876.22,,,,"     ",5.10,53.52,6.37
1598,539322130,"01598M03:49:37.140","01598 03:02:28",201.96,876.13,,,,"     ",5.10,53.36,6.35
1598,539322131,"01598M03:49:38.113","01598 03:02:29",201.95,876.18,,,,"     ",5.10,53.36,6.35
1598,539322132,"01598M03:49:39.086","01598 03:02:30",201.96,876.25,,,,"     ",5.10,53.43,6.36
1598,539322133,"01598M03:49:40.060","01598 03:02:31",201.97,876.25,,,,"     ",5.10,53.13,6.32
1598,539322134,"01598M03:49:41.033","01598 03:02:32",201.99,876.24,,,,"     ",5.10,53.14,6.33
1598,539322135,"01598M03:49:42.006","01598 03:02:32",202.01,876.24,,,,"     ",5.10,53.31,6.35
1598,539322136,"01598M03:49:42.979","01598 03:02:33",202.03,876.20,,,,"     ",5.10,53.19,6.33
1598,539322137,"01598M03:49:43.953","01598 03:02:34",202.05,876.16,,,,"     ",5.10,53.18,6.33
1598,539322138,"01598M03:49:44.926","01598 03:02:35",202.07,876.16,,,,"     ",5.10,53.34,6.35
1598,539322139,"01598M03:49:45.899","01598 03:02:36",202.10,876.22,,,,"     ",5.10,53.27,6.35
1598,539322140,"01598M03:49:46.872","01598 03:02:37",202.11,876.20,,,,"     ",5.10,52.93,6.31
1598,539322141,"01598M03:49:47.846","01598 03:02:38",202.13,876.20,,,,"     ",5.10,53.16,6.34
1598,539322142,"01598M03:49:48.819","01598 03:02:39",202.13,876.16,,,,"     ",5.10,52.96,6.31
1598,539322143,"01598M03:49:49.792","01598 03:02:40",202.14,876.21,,,,"     ",5.10,52.99,6.31
1598,539322144,"01598M03:49:50.765","01598 03:02:41",202.13,876.24,,,,"     ",5.10,53.40,6.37
1598,539322145,"01598M03:49:51.739","01598 03:02:42",202.12,876.16,,,,"     ",5.10,53.11,6.33
1598,539322146,"01598M03:49:52.712","01598 03:02:43",202.11,876.18,,,,"     ",5.10,53.14,6.34
1598,539322147,"01598M03:49:53.685","01598 03:02:44",202.09,876.16,,,,"     ",5.10,53.14,6.34
1598,539322148,"01598M03:49:54.658","01598 03:02:45",202.07,876.25,,,,"     ",5.10,53.05,6.33
1598,539322149,"01598M03:49:55.632","01598 03:02:46",202.04,876.21,,,,"     ",5.10,53.01,6.32
1598,539322150,"01598M03:49:56.605","01598 03:02:47",202.00,876.24,,,,"     ",5.10,52.90,6.31
1598,539322151,"01598M03:49:57.578","01598 03:02:48",201.95,876.17,,,,"     ",5.10,52.91,6.32
1598,539322152,"01598M03:49:58.551","01598 03:02:49",201.90,876.24,,,,"     ",5.10,52.93,6.32
1598,539322153,"01598M03:49:59.525","01598 03:02:50",201.85,876.18,,,,"     ",5.10,52.97,6.32
1598,539322154,"01598M03:50:00.498","01598 03:02:51",201.80,876.16,,,,"     ",5.10,53.13,6.35
1598,539322155,"01598M03:50:01.471","01598 03:02:52",201.76,876.22,,,,"     ",5.10,53.01,6.33
1598,539322156,"01598M03:50:02.444","01598 03:02:53",201.74,876.20,,,,"     ",5.10,53.13,6.35
1598,539322157,"01598M03:50:03.418","01598 03:02:54",201.73,876.12,,,,"     ",5.10,52.84,6.31
1598,539322158,"01598M03:50:04.391","01598 03:02:55",201.73,876.20,,,,"     ",5.10,52.83,6.31
1598,539322159,"01598M03:50:05.364","01598 03:02:56",201.75,876.15,,,,"     ",5.10,52.93,6.32
1598,539322160,"01598M03:50:06.337","01598 03:02:57",201.77,876.12,,,,"     ",5.10,52.96,6.33
1598,539322161,"01598M03:50:07.311","01598 03:02:58",201.80,876.15,,,,"     ",5.10,53.03,6.34
1598,539322162,"01598M03:50:08.284","01598 03:02:59",201.83,876.15,,,,"     ",5.10,52.83,6.32
1598,539322163,"01598M03:50:09.257","01598 03:03:00",201.87,876.11,,,,"     ",5.10,53.05,6.34
1598,539322164,"01598M03:50:10.230","01598 03:03:01",201.92,876.11,,,,"     ",5.10,53.08,6.35
1598,539322165,"01598M03:50:11.204","01598 03:03:02",201.96,876.15,,,,"     ",5.10,52.89,6.32
1598,539322166,"01598M03:50:12.177","01598 03:03:03",202.02,876.23,,,,"     ",5.10,53.09,6.35
1598,539322167,"01598M03:50:13.150","01598 03:03:04",202.06,876.28,,,,"     ",5.10,53.03,6.34
1598,539322168,"01598M03:50:14.123","01598 03:03:05",202.11,876.22,,,,"     ",5.10,52.60,6.29
1598,539322169,"01598M03:50:15.097","01598 03:03:06",202.15,876.23,,,,"     ",5.10,53.20,6.37
1598,539322170,"01598M03:50:16.070","01598 03:03:07",202.19,876.20,,,,"     ",5.10,52.75,6.31
1598,539322171,"01598M03:50:17.043","01598 03:03:08",202.22,876.10,,,,"     ",5.10,52.82,6.32
1598,539322172,"01598M03:50:18.016","01598 03:03:08",202.25,876.11,,,,"     ",5.10,53.01,6.35
1598,539322173,"01598M03:50:18.990","01598 03:03:09",202.26,876.07,,,,"     ",5.10,53.05,6.35
1598,539322174,"01598M03:50:19.963","01598 03:03:10",202.27,876.04,,,,"     ",5.10,52.99,6.34
1598,539322175,"01598M03:50:20.936","01598 03:03:11",202.26,876.05,,,,"     ",5.10,52.99,6.34
1598,539322176,"01598M03:50:21.909","01598 03:03:12",202.25,876.17,,,,"     ",5.10,53.04,6.35
1598,539322177,"01598M03:50:22.883","01598 03:03:13",202.24,876.18,,,,"     ",5.10,53.10,6.36
1598,539322178,"01598M03:50:23.856","01598 03:03:14",202.22,876.17,,,,"     ",5.10,52.57,6.29
1598,539322179,"01598M03:50:24.829","01598 03:03:15",202.21,876.13,,,,"     ",5.10,52.85,6.33
1598,539322180,"01598M03:50:25.802","01598 03:03:16",202.21,876.10,,,,"     ",5.10,52.77,6.32
1598,539322181,"01598M03:50:26.776","01598 03:03:17",202.24,876.16,,,,"     ",5.10,53.23,6.38
1598,539322182,"01598M03:50:27.749","01598 03:03:18",202.27,876.19,,,,"     ",5.10,53.00,6.35
1598,539322183,"01598M03:50:28.722","01598 03:03:19",202.29,876.16,,,,"     ",5.10,52.88,6.34
1598,539322184,"01598M03:50:29.695","01598 03:03:20",202.32,876.14,,,,"     ",5.10,52.94,6.35
1598,539322185,"01598M03:50:30.669","01598 03:03:21",202.35,876.19,,,,"     ",5.10,52.94,6.35
1598,539322186,"01598M03:50:31.642","01598 03:03:22",202.38,876.24,,,,"     ",5.10,52.94,6.35
1598,539322187,"01598M03:50:32.615","01598 03:03:23",202.41,876.24,,,,"     ",5.10,52.98,6.35
1598,539322188,"01598M03:50:33.588","01598 03:03:24",202.44,876.22,,,,"     ",5.10,53.17,6.38
1598,539322189,"01598M03:50:34.562","01598 03:03:25",202.48,876.27,,,,"     ",5.10,52.82,6.34
1598,539322190,"01598M03:50:35.535","01598 03:03:26",202.51,876.26,,,,"     ",5.10,52.72,6.32
1598,539322191,"01598M03:50:36.508","01598 03:03:27",202.55,876.23,,,,"     ",5.10,53.14,6.37
1598,539322192,"01598M03:50:37.482","01598 03:03:28",202.59,876.26,,,,"     ",5.10,53.19,6.38
1598,539322193,"01598M03:50:38.455","01598 03:03:29",202.63,876.32,,,,"     ",5.10,53.22,6.39
1598,539322194,"01598M03:50:39.428","01598 03:03:30",202.67,876.24,,,,"     ",5.10,52.88,6.34
1598,539322195,"01598M03:50:40.401","01598 03:03:31",202.72,876.31,,,,"     ",5.10,53.03,6.36
1598,539322196,"01598M03:50:41.375","01598 03:03:32",202.77,876.33,,,,"     ",5.10,53.15,6.38
1598,539322197,"01598M03:50:42.348","01598 03:03:33",202.82,876.29,,,,"     ",5.10,53.19,6.38
1598,539322198,"01598M03:50:43.321","01598 03:03:34",202.87,876.23,,,,"     ",5.10,53.20,6.38
1598,539322199,"01598M03:50:44.294","01598 03:03:35",202.92,876.29,,,,"     ",5.10,53.15,6.38
1598,539322200,"01598M03:50:45.268","01598 03:03:36",202.82,876.28,,,,"     ",5.10,53.19,6.38
1598,539322201,"01598M03:50:46.241","01598 03:03:37",202.87,876.30,,,,"     ",5.10,53.05,6.37
1598,539322202,"01598M03:50:47.214","01598 03:03:38",202.92,876.23,,,,"     ",5.10,53.03,6.36
1598,539322203,"01598M03:50:48.187","01598 03:03:39",202.96,876.33,,,,"     ",5.10,53.12,6.38
1598,539322204,"01598M03:50:49.161","01598 03:03:40",203.00,876.26,,,,"     ",5.10,53.26,6.40
1598,539322205,"01598M03:50:50.134","01598 03:03:41",203.04,876.25,,,,"     ",5.10,53.05,6.37
1598,539322206,"01598M03:50:51.107","01598 03:03:42",203.08,876.25,,,,"     ",5.10,53.24,6.39
1598,539322207,"01598M03:50:52.080","01598 03:03:43",203.11,876.28,,,,"     ",5.10,53.17,6.38
1598,539322208,"01598M03:50:53.054","01598 03:03:44",203.15,876.31,,,,"     ",5.10,52.97,6.36
1598,539322209,"01598M03:50:54.027","01598 03:03:44",204.23,876.26,,,,"     ",5.10,53.06,6.37
1598,539322210,"01598M03:50:55.000","01598 03:03:45",204.27,876.33,,,,"     ",5.10,53.24,6.39
1598,539322211,"01598M03:50:55.973","01598 03:03:46",204.30,876.25,,,,"     ",5.10,52.81,6.34
1598,539322212,"01598M03:50:56.947","01598 03:03:47",204.33,876.19,,,,"     ",5.10,53.41,6.41
1598,539322213,"01598M03:50:57.920","01598 03:03:48",204.35,876.22,,,,"     ",5.10,53.10,6.37
1598,539322214,"01598M03:50:58.893","01598 03:03:49",204.38,876.25,,,,"     ",5.10,52.93,6.35
1598,539322215,"01598M03:50:59.866","01598 03:03:50",204.40,876.25,,,,"     ",5.10,53.14,6.38
1598,539322216,"01598M03:51:00.840","01598 03:03:51",204.41,876.32,,,,"     ",5.10,53.18,6.38
1598,539322217,"01598M03:51:01.813","01598 03:03:52",204.42,876.29,,,,"     ",5.10,53.05,6.37
1598,539322218,"01598M03:51:02.786","01598 03:03:53",204.43,876.27,,,,"     ",5.10,53.27,6.39
1598,539322219,"01598M03:51:03.759","01598 03:03:54",204.43,876.29,,,,"     ",5.10,53.51,6.42
1598,539322220,"01598M03:51:04.733","01598 03:03:55",203.45,876.30,,,,"     ",5.10,53.55,6.43
1598,539322221,"01598M03:51:05.706","01598 03:03:56",203.43,876.29,,,,"     ",5.10,53.39,6.41
1598,539322222,"01598M03:51:06.679","01598 03:03:57",203.39,876.28,,,,"     ",5.10,53.07,6.37
1598,539322223,"01598M03:51:07.652","01598 03:03:58",203.32,876.26,,,,"     ",5.10,53.32,6.40
1598,539322224,"01598M03:51:08.626","01598 03:03:59",203.25,876.36,,,,"     ",5.10,53.38,6.41
1598,539322225,"01598M03:51:09.599","01598 03:04:00",203.19,876.33,,,,"     ",5.10,53.07,6.37
1598,539322226,"01598M03:51:10.572","01598 03:04:01",203.17,876.28,,,,"     ",5.10,53.39,6.41
1598,539322227,"01598M03:51:11.545","01598 03:04:02",203.18,876.31,,,,"     ",5.10,53.23,6.39
1598,539322228,"01598M03:51:12.519","01598 03:04:03",203.22,876.29,,,,"     ",5.10,53.37,6.41
1598,539322229,"01598M03:51:13.492","01598 03:04:04",203.29,876.30,,,,"     ",5.10,53.39,6.41
1598,539322230,"01598M03:51:14.465","01598 03:04:05",203.35,876.36,,,,"     ",5.10,53.34,6.40
1598,539322231,"01598M03:51:15.438","01598 03:04:06",203.41,876.39,,,,"     ",5.10,53.34,6.40
1598,539322232,"01598M03:51:16.412","01598 03:04:07",203.45,876.45,,,,"     ",5.10,53.44,6.41
1598,539322233,"01598M03:51:17.385","01598 03:04:08",203.49,876.41,,,,"     ",5.10,53.53,6.43
1598,539322234,"01598M03:51:18.358","01598 03:04:09",203.53,876.40,,,,"     ",5.10,53.16,6.38
1598,539322235,"01598M03:51:19.331","01598 03:04:10",203.56,876.35,,,,"     ",5.10,53.30,6.40
1598,539322236,"01598M03:51:20.305","01598 03:04:11",203.58,876.31,,,,"     ",5.10,53.39,6.41
1598,539322237,"01598M03:51:21.278","01598 03:04:12",203.60,876.39,,,,"     ",5.10,53.65,6.44
1598,539322238,"01598M03:51:22.251","01598 03:04:13",203.62,876.31,,,,"     ",5.10,53.49,6.42
1598,539322239,"01598M03:51:23.224","01598 03:04:14",203.63,876.35,,,,"     ",5.10,53.46,6.41
1598,539322240,"01598M03:51:24.198","01598 03:04:15",203.63,876.36,,,,"     ",5.10,53.58,6.43
1598,539322241,"01598M03:51:25.171","01598 03:04:16",203.62,876.33,,,,"     ",5.10,53.35,6.40
1598,539322242,"01598M03:51:26.144","01598 03:04:17",204.53,876.34,,,,"     ",5.10,53.40,6.40
1598,539322243,"01598M03:51:27.117","01598 03:04:18",204.52,876.32,,,,"     ",5.10,53.23,6.38
1598,539322244,"01598M03:51:28.091","01598 03:04:19",204.50,876.33,,,,"     ",5.10,53.46,6.41
1598,539322245,"01598M03:51:29.064","01598 03:04:20",204.47,876.41,,,,"     ",5.10,53.63,6.43
1598,539322246,"01598M03:51:30.037","01598 03:04:20",204.43,876.38,,,,"     ",5.10,53.45,6.41
1598,539322247,"01598M03:51:31.010","01598 03:04:21",204.40,876.42,,,,"     ",5.10,53.53,6.42
1598,539322248,"01598M03:51:31.984","01598 03:04:22",204.38,876.31,,,,"     ",5.10,53.59,6.42
1598,539322249,"01598M03:51:32.957","01598 03:04:23",203.41,876.38,,,,"     ",5.10,53.66,6.43
1598,539322250,"01598M03:51:33.930","01598 03:04:24",203.44,876.33,,,,"     ",5.10,53.38,6.40
1598,539322251,"01598M03:51:34.903","01598 03:04:25",203.48,876.38,,,,"     ",5.10,53.41,6.40
1598,539322252,"01598M03:51:35.877","01598 03:04:26",203.52,876.35,,,,"     ",5.10,53.68,6.43
1598,539322253,"01598M03:51:36.850","01598 03:04:27",203.58,876.36,,,,"     ",5.10,53.47,6.41
1598,539322254,"01598M03:51:37.823","01598 03:04:28",203.64,876.35,,,,"     ",5.10,53.56,6.42
1598,539322255,"01598M03:51:38.796","01598 03:04:29",203.72,876.34,,,,"     ",5.10,53.60,6.42
1598,539322256,"01598M03:51:39.770","01598 03:04:30",203.80,876.39,,,,"     ",5.10,53.61,6.42
1598,539322257,"01598M03:51:40.743","01598 03:04:31",203.87,876.38,,,,"     ",5.10,53.42,6.40
1598,539322258,"01598M03:51:41.716","01598 03:04:32",203.95,876.41,,,,"     ",5.10,53.66,6.43
1598,539322259,"01598M03:51:42.689","01598 03:04:33",204.02,876.40,,,,"     ",5.10,53.83,6.45
1598,539322260,"01598M03:51:43.663","01598 03:04:34",204.07,876.34,,,,"     ",5.10,53.53,6.41
1598,539322261,"01598M03:51:44.636","01598 03:04:35",204.09,876.42,,,,"     ",5.10,54.01,6.47
1598,539322262,"01598M03:51:45.609","01598 03:04:36",204.08,876.42,,,,"     ",5.10,53.79,6.44
1598,539322263,"01598M03:51:46.583","01598 03:04:37",204.89,876.42,,,,"     ",5.10,53.64,6.42
1598,539322264,"01598M03:51:47.556","01598 03:04:38",204.91,876.39,,,,"     ",5.10,53.58,6.42
1598,539322265,"01598M03:51:48.529","01598 03:04:39",204.93,876.42,,,,"     ",5.10,53.21,6.37
1598,539322266,"01598M03:51:49.502","01598 03:04:40",204.96,876.42,,,,"     ",5.10,53.72,6.43
1598,539322267,"01598M03:51:50.476","01598 03:04:41",204.98,876.41,,,,"     ",5.10,53.74,6.43
1598,539322268,"01598M03:51:51.449","01598 03:04:42",205.01,876.41,,,,"     ",5.10,53.67,6.43
1598,539322269,"01598M03:51:52.422","01598 03:04:43",205.03,876.40,,,,"     ",5.10,53.56,6.41
1598,539322270,"01598M03:51:53.395","01598 03:04:44",205.05,876.44,,,,"     ",5.10,53.74,6.43
1598,539322271,"01598M03:51:54.369","01598 03:04:45",205.05,876.46,,,,"     ",5.10,53.87,6.45
1598,539322272,"01598M03:51:55.342","01598 03:04:46",205.05,876.41,,,,"     ",5.10,53.73,6.43
1598,539322273,"01598M03:51:56.315","01598 03:04:47",205.04,876.40,,,,"     ",5.10,54.07,6.47
1598,539322274,"01598M03:51:57.288","01598 03:04:48",205.04,876.38,,,,"     ",5.10,53.41,6.39
1598,539322275,"01598M03:51:58.262","01598 03:04:49",205.02,876.41,,,,"     ",5.10,53.61,6.41
1598,539322276,"01598M03:51:59.235","01598 03:04:50",205.01,876.39,,,,"     ",5.10,53.81,6.44
1598,539322277,"01598M03:52:00.208","01598 03:04:51",204.99,876.42,,,,"     ",5.10,53.80,6.44
1598,539322278,"01598M03:52:01.181","01598 03:04:52",204.97,876.46,,,,"     ",5.10,53.78,6.43
1598,539322279,"01598M03:52:02.155","01598 03:04:53",204.17,876.48,,,,"     ",5.10,53.87,6.44
1598,539322280,"01598M03:52:03.128","01598 03:04:54",204.19,876.47,,,,"     ",5.10,53.84,6.44
1598,539322281,"01598M03:52:04.101","01598 03:04:55",204.20,876.36,,,,"     ",5.10,54.02,6.46
1598,539322282,"01598M03:52:05.074","01598 03:04:56",204.21,876.43,,,,"     ",5.10,53.77,6.43
1598,539322283,"01598M03:52:06.048","01598 03:04:56",204.20,876.52,,,,"     ",5.10,53.77,6.43
1598,539322284,"01598M03:52:07.021","01598 03:04:57",204.18,876.53,,,,"     ",5.10,53.94,6.45
1598,539322285,"01598M03:52:07.994","01598 03:04:58",204.95,876.52,,,,"     ",5.10,54.01,6.46
1598,539322286,"01598M03:52:08.967","01598 03:04:59",204.96,876.50,,,,"     ",5.10,53.77,6.43
1598,539322287,"01598M03:52:09.941","01598 03:05:00",204.98,876.45,,,,"     ",5.10,53.91,6.44
1598,539322288,"01598M03:52:10.914","01598 03:05:01",205.02,876.40,,,,"     ",5.10,54.03,6.45
1598,539322289,"01598M03:52:11.887","01598 03:05:02",205.07,876.40,,,,"     ",5.10,53.85,6.43
1598,539322290,"01598M03:52:12.860","01598 03:05:03",205.13,876.41,,,,"     ",5.10,53.84,6.43
1598,539322291,"01598M03:52:13.834","01598 03:05:04",205.20,876.52,,,,"     ",5.10,53.83,6.43
1598,539322292,"01598M03:52:14.807","01598 03:05:05",205.27,876.49,,,,"     ",5.10,53.87,6.43
1598,539322293,"01598M03:52:15.780","01598 03:05:06",205.33,876.55,,,,"     ",5.10,53.81,6.42
1598,539322294,"01598M03:52:16.753","01598 03:05:07",205.36,876.43,,,,"     ",5.10,53.62,6.40
1598,539322295,"01598M03:52:17.727","01598 03:05:08",205.38,876.51,,,,"     ",5.10,53.69,6.41
1598,539322296,"01598M03:52:18.700","01598 03:05:09",205.39,876.46,,,,"     ",5.10,53.86,6.42
1598,539322297,"01598M03:52:19.673","01598 03:05:10",205.39,876.47,,,,"     ",5.10,53.98,6.44
1598,539322298,"01598M03:52:20.646","01598 03:05:11",205.39,876.39,,,,"     ",5.10,53.92,6.43
1598,539322299,"01598M03:52:21.620","01598 03:05:12",205.40,876.40,,,,"     ",5.10,53.66,6.40
1598,539322300,"01598M03:52:22.593","01598 03:05:13",205.42,876.33,,,,"     ",5.10,53.83,6.42
1598,539322301,"01598M03:52:23.566","01598 03:05:14",205.45,876.35,,,,"     ",5.10,53.82,6.41
1598,539322302,"01598M03:52:24.539","01598 03:05:15",205.47,876.39,,,,"     ",5.10,53.84,6.42
1598,539322303,"01598M03:52:25.513","01598 03:05:16",205.48,876.46,,,,"     ",5.10,54.03,6.44
1598,539322304,"01598M03:52:26.486","01598 03:05:17",205.48,876.40,,,,"     ",5.10,53.75,6.40
1598,539322305,"01598M03:52:27.459","01598 03:05:18",205.47,876.44,,,,"     ",5.10,53.88,6.42
1598,539322306,"01598M03:52:28.432","01598 03:05:19",205.47,876.45,,,,"     ",5.10,53.67,6.39
1598,539322307,"01598M03:52:29.406","01598 03:05:20",205.48,876.38,,,,"     ",5.10,53.72,6.40
1598,539322308,"01598M03:52:30.379","01598 03:05:21",205.50,876.37,,,,"     ",5.10,53.53,6.37
1598,539322309,"01598M03:52:31.352","01598 03:05:22",205.53,876.37,,,,"     ",5.10,53.69,6.39
1598,539322310,"01598M03:52:32.325","01598 03:05:23",205.55,876.39,,,,"     ",5.10,53.54,6.37
1598,539322311,"01598M03:52:33.299","01598 03:05:24",205.58,876.27,,,,"     ",5.10,53.53,6.37
1598,539322312,"01598M03:52:34.272","01598 03:05:25",205.59,876.41,,,,"     ",5.10,53.64,6.39
1598,539322313,"01598M03:52:35.245","01598 03:05:26",205.61,876.33,,,,"     ",5.10,53.77,6.40
1598,539322314,"01598M03:52:36.218","01598 03:05:27",205.63,876.32,,,,"     ",5.10,53.60,6.38
1598,539322315,"01598M03:52:37.192","01598 03:05:28",205.67,876.35,,,,"     ",5.10,53.60,6.38
1598,539322316,"01598M03:52:38.165","01598 03:05:29",205.72,876.36,,,,"     ",5.10,53.46,6.36
1598,539322317,"01598M03:52:39.138","01598 03:05:30",205.79,876.32,,,,"     ",5.10,53.68,6.39
1598,539322318,"01598M03:52:40.111","01598 03:05:31",205.88,876.40,,,,"     ",5.10,53.65,6.38
1598,539322319,"01598M03:52:41.085","01598 03:05:32",205.99,876.36,,,,"     ",5.10,53.46,6.36
1598,539322320,"01598M03:52:42.058","01598 03:05:32",206.11,876.33,,,,"     ",5.10,53.91,6.41
1598,539322321,"01598M03:52:43.031","01598 03:05:33",206.22,876.33,,,,"     ",5.10,53.82,6.40
1598,539322322,"01598M03:52:44.004","01598 03:05:34",206.32,876.33,,,,"     ",5.10,53.48,6.36
1598,539322323,"01598M03:52:44.978","01598 03:05:35",206.41,876.40,,,,"     ",5.10,53.78,6.40
1598,539322324,"01598M03:52:45.951","01598 03:05:36",206.47,876.41,,,,"     ",5.10,53.75,6.39
1598,539322325,"01598M03:52:46.924","01598 03:05:37",206.54,876.34,,,,"     ",5.10,53.56,6.37
1598,539322326,"01598M03:52:47.897","01598 03:05:38",206.60,876.41,,,,"     ",5.10,53.60,6.37
1598,539322327,"01598M03:52:48.871","01598 03:05:39",206.66,876.41,,,,"     ",5.10,53.57,6.37
1598,539322328,"01598M03:52:49.844","01598 03:05:40",206.69,876.42,,,,"     ",5.10,53.48,6.35
1598,539322329,"01598M03:52:50.817","01598 03:05:41",206.71,876.35,,,,"     ",5.10,53.83,6.39
1598,539322330,"01598M03:52:51.790","01598 03:05:42",206.71,876.36,,,,"     ",5.10,53.56,6.36
1598,539322331,"01598M03:52:52.764","01598 03:05:43",206.69,876.33,,,,"     ",5.10,53.90,6.40
1598,539322332,"01598M03:52:53.737","01598 03:05:44",206.66,876.33,,,,"     ",5.10,53.71,6.38
1598,539322333,"01598M03:52:54.710","01598 03:05:45",206.62,876.37,,,,"     ",5.10,53.86,6.40
1598,539322334,"01598M03:52:55.684","01598 03:05:46",206.59,876.34,,,,"     ",5.10,54.01,6.41
1598,539322335,"01598M03:52:56.657","01598 03:05:47",206.57,876.39,,,,"     ",5.10,53.87,6.40
1598,539322336,"01598M03:52:57.630","01598 03:05:48",206.58,876.42,,,,"     ",5.10,53.76,6.38
1598,539322337,"01598M03:52:58.603","01598 03:05:49",206.61,876.37,,,,"     ",5.10,53.84,6.39
1598,539322338,"01598M03:52:59.577","01598 03:05:50",206.65,876.36,,,,"     ",5.10,53.74,6.38
1598,539322339,"01598M03:53:00.550","01598 03:05:51",206.71,876.35,,,,"     ",5.10,53.96,6.40
1598,539322340,"01598M03:53:01.523","01598 03:05:52",206.77,876.28,,,,"     ",5.10,53.78,6.38
1598,539322341,"01598M03:53:02.496","01598 03:05:53",206.84,876.42,,,,"     ",5.10,53.64,6.36
1598,539322342,"01598M03:53:03.470","01598 03:05:54",206.90,876.38,,,,"     ",5.10,53.97,6.40
1598,539322343,"01598M03:53:04.443","01598 03:05:55",206.94,876.40,,,,"     ",5.10,53.70,6.37
1598,539322344,"01598M03:53:05.416","01598 03:05:56",206.97,876.42,,,,"     ",5.10,53.85,6.39
1598,539322345,"01598M03:53:06.389","01598 03:05:57",206.99,876.40,,,,"     ",5.10,53.62,6.36
1598,539322346,"01598M03:53:07.363","01598 03:05:58",207.00,876.35,,,,"     ",5.10,54.06,6.41
1598,539322347,"01598M03:53:08.336","01598 03:05:59",206.99,876.27,,,,"     ",5.10,53.56,6.35
1598,539322348,"01598M03:53:09.309","01598 03:06:00",206.97,876.28,,,,"     ",5.10,53.84,6.38
1598,539322349,"01598M03:53:10.282","01598 03:06:01",206.93,876.32,,,,"     ",5.10,53.93,6.39
1598,539322350,"01598M03:53:11.256","01598 03:06:02",206.89,876.34,,,,"     ",5.10,53.78,6.37
1598,539322351,"01598M03:53:12.229","01598 03:06:03",206.85,876.36,,,,"     ",5.10,53.77,6.37
1598,539322352,"01598M03:53:13.202","01598 03:06:04",206.83,876.32,,,,"     ",5.10,53.91,6.39
1598,539322353,"01598M03:53:14.175","01598 03:06:05",206.82,876.31,,,,"     ",5.10,53.69,6.36
1598,539322354,"01598M03:53:15.149","01598 03:06:06",206.83,876.30,,,,"     ",5.10,53.84,6.38
1598,539322355,"01598M03:53:16.122","01598 03:06:07",206.86,876.25,,,,"     ",5.10,53.97,6.40
1598,539322356,"01598M03:53:17.095","01598 03:06:08",206.89,876.31,,,,"     ",5.10,53.88,6.38
1598,539322357,"01598M03:53:18.068","01598 03:06:08",206.90,876.23,,,,"     ",5.10,53.54,6.34
1598,539322358,"01598M03:53:19.042","01598 03:06:09",206.89,876.24,,,,"     ",5.10,53.93,6.39
1598,539322359,"01598M03:53:20.015","01598 03:06:10",206.86,876.29,,,,"     ",5.10,53.64,6.35
1598,539322360,"01598M03:53:20.988","01598 03:06:11",206.83,876.24,,,,"     ",5.10,53.75,6.37
1598,539322361,"01598M03:53:21.961","01598 03:06:12",206.79,876.28,,,,"     ",5.10,54.21,6.42
1598,539322362,"01598M03:53:22.935","01598 03:06:13",206.76,876.33,,,,"     ",5.10,54.11,6.41
1598,539322363,"01598M03:53:23.908","01598 03:06:14",206.74,876.25,,,,"     ",5.10,54.20,6.42
1598,539322364,"01598M03:53:24.881","01598 03:06:15",206.75,876.26,,,,"     ",5.10,54.14,6.41
1598,539322365,"01598M03:53:25.854","01598 03:06:16",206.79,876.33,,,,"     ",5.10,53.97,6.40
1598,539322366,"01598M03:53:26.828","01598 03:06:17",206.85,876.29,,,,"     ",5.10,54.17,6.42
1598,539322367,"01598M03:53:27.801","01598 03:06:18",206.92,876.30,,,,"     ",5.10,53.97,6.39
1598,539322368,"01598M03:53:28.774","01598 03:06:19",206.99,876.29,,,,"     ",5.10,54.28,6.43
1598,539322369,"01598M03:53:29.747","01598 03:06:20",207.05,876.21,,,,"     ",5.10,54.19,6.42
1598,539322370,"01598M03:53:30.721","01598 03:06:21",207.10,876.26,,,,"     ",5.10,54.20,6.42
1598,539322371,"01598M03:53:31.694","01598 03:06:22",207.14,876.29,,,,"     ",5.10,54.25,6.43
1598,539322372,"01598M03:53:32.667","01598 03:06:23",207.16,876.37,,,,"     ",5.10,54.27,6.43
1598,539322373,"01598M03:53:33.640","01598 03:06:24",207.18,876.34,,,,"     ",5.10,54.26,6.43
1598,539322374,"01598M03:53:34.614","01598 03:06:25",207.19,876.26,,,,"     ",5.10,54.64,6.48
1598,539322375,"01598M03:53:35.587","01598 03:06:26",207.18,876.25,,,,"     ",5.10,54.19,6.42
1598,539322376,"01598M03:53:36.560","01598 03:06:27",207.15,876.30,,,,"     ",5.10,54.46,6.46
1598,539322377,"01598M03:53:37.533","01598 03:06:28",207.12,876.18,,,,"     ",5.10,54.59,6.47
1598,539322378,"01598M03:53:38.507","01598 03:06:29",207.08,876.37,,,,"     ",5.10,54.68,6.48
1598,539322379,"01598M03:53:39.480","01598 03:06:30",207.06,876.30,,,,"     ",5.10,54.59,6.47
1598,539322380,"01598M03:53:40.453","01598 03:06:31",207.07,876.30,,,,"     ",5.10,54.40,6.45
1598,539322381,"01598M03:53:41.426","01598 03:06:32",207.10,876.30,,,,"     ",5.10,54.64,6.48
1598,539322382,"01598M03:53:42.400","01598 03:06:33",207.15,876.31,,,,"     ",5.10,55.00,6.52
1598,539322383,"01598M03:53:43.373","01598 03:06:34",207.20,876.26,,,,"     ",5.10,54.72,6.48
1598,539322384,"01598M03:53:44.346","01598 03:06:35",207.25,876.23,,,,"     ",5.10,54.62,6.47
1598,539322385,"01598M03:53:45.319","01598 03:06:36",207.29,876.27,,,,"     ",5.10,54.87,6.50
1598,539322386,"01598M03:53:46.293","01598 03:06:37",207.31,876.30,,,,"     ",5.10,54.99,6.52
1598,539322387,"01598M03:53:47.266","01598 03:06:38",207.30,876.27,,,,"     ",5.10,54.84,6.50
1598,539322388,"01598M03:53:48.239","01598 03:06:39",207.29,876.31,,,,"     ",5.10,55.03,6.52
1598,539322389,"01598M03:53:49.212","01598 03:06:40",207.27,876.36,,,,"     ",5.10,55.00,6.52
1598,539322390,"01598M03:53:50.186","01598 03:06:41",207.24,876.33,,,,"     ",5.10,55.03,6.52
1598,539322391,"01598M03:53:51.159","01598 03:06:42",207.21,876.33,,,,"     ",5.10,55.03,6.52
1598,539322392,"01598M03:53:52.132","01598 03:06:43",207.18,876.24,,,,"     ",5.10,55.08,6.53
1598,539322393,"01598M03:53:53.105","01598 03:06:44",207.14,876.31,,,,"     ",5.10,55.23,6.55
1598,539322394,"01598M03:53:54.079","01598 03:06:45",207.10,876.38,,,,"     ",5.10,54.83,6.50
1598,539322395,"01598M03:53:55.052","01598 03:06:45",207.06,876.35,,,,"     ",5.10,55.04,6.52
1598,539322396,"01598M03:53:56.025","01598 03:06:46",207.02,876.29,,,,"     ",5.10,55.21,6.54
1598,539322397,"01598M03:53:56.998","01598 03:06:47",206.98,876.34,,,,"     ",5.10,55.01,6.52
1598,539322398,"01598M03:53:57.972","01598 03:06:48",206.95,876.32,,,,"     ",5.10,55.42,6.57
1598,539322399,"01598M03:53:58.945","01598 03:06:49",206.93,876.37,,,,"     ",5.10,55.22,6.54
1598,539322400,"01598M03:53:59.918","01598 03:06:50",206.92,876.32,,,,"     ",5.10,55.30,6.55
1598,539322401,"01598M03:54:00.891","01598 03:06:51",206.92,876.33,,,,"     ",5.10,55.26,6.55
1598,539322402,"01598M03:54:01.865","01598 03:06:52",206.91,876.41,,,,"     ",5.10,55.15,6.53
1598,539322403,"01598M03:54:02.838","01598 03:06:53",206.90,876.36,,,,"     ",5.10,55.36,6.56
1598,539322404,"01598M03:54:03.811","01598 03:06:54",206.91,876.37,,,,"     ",5.10,55.27,6.55
1598,539322405,"01598M03:54:04.785","01598 03:06:55",206.94,876.35,,,,"     ",5.10,55.43,6.57
1598,539322406,"01598M03:54:05.758","01598 03:06:56",206.98,876.35,,,,"     ",5.10,55.31,6.55
1598,539322407,"01598M03:54:06.731","01598 03:06:57",207.02,876.39,,,,"     ",5.10,55.45,6.57
1598,539322408,"01598M03:54:07.704","01598 03:06:58",207.06,876.39,,,,"     ",5.10,55.45,6.57
1598,539322409,"01598M03:54:08.678","01598 03:06:59",207.10,876.39,,,,"     ",5.10,55.37,6.56
1598,539322410,"01598M03:54:09.651","01598 03:07:00",207.12,876.43,,,,"     ",5.10,55.47,6.57
1598,539322411,"01598M03:54:10.624","01598 03:07:01",207.13,876.37,,,,"     ",5.10,55.48,6.57
1598,539322412,"01598M03:54:11.597","01598 03:07:02",207.14,876.45,,,,"     ",5.10,55.47,6.57
1598,539322413,"01598M03:54:12.571","01598 03:07:03",207.15,876.41,,,,"     ",5.10,55.53,6.57
1598,539322414,"01598M03:54:13.544","01598 03:07:04",207.17,876.40,,,,"     ",5.10,55.32,6.55
1598,539322415,"01598M03:54:14.517","01598 03:07:05",207.20,876.36,,,,"     ",5.10,55.43,6.56
1598,539322416,"01598M03:54:15.490","01598 03:07:06",207.25,876.39,,,,"     ",5.10,55.44,6.56
1598,539322417,"01598M03:54:16.464","01598 03:07:07",207.31,876.33,,,,"     ",5.10,55.51,6.57
1598,539322418,"01598M03:54:17.437","01598 03:07:08",207.37,876.36,,,,"     ",5.10,55.46,6.56
1598,539322419,"01598M03:54:18.410","01598 03:07:09",207.43,876.42,,,,"     ",5.10,55.34,6.55
1598,539322420,"01598M03:54:19.383","01598 03:07:10",207.49,876.44,,,,"     ",5.10,55.25,6.53
1598,539322421,"01598M03:54:20.357","01598 03:07:11",207.55,876.41,,,,"     ",5.10,55.23,6.53
1598,539322422,"01598M03:54:21.330","01598 03:07:12",207.61,876.40,,,,"     ",5.10,55.42,6.55
1598,539322423,"01598M03:54:22.303","01598 03:07:13",207.68,876.41,,,,"     ",5.10,55.31,6.54
1598,539322424,"01598M03:54:23.276","01598 03:07:14",207.75,876.39,,,,"     ",5.10,55.44,6.55
1598,539322425,"01598M03:54:24.250","01598 03:07:15",207.82,876.33,,,,"     ",5.10,55.38,6.54
1598,539322426,"01598M03:54:25.223","01598 03:07:16",207.88,876.38,,,,"     ",5.10,55.51,6.56
1598,539322427,"01598M03:54:26.196","01598 03:07:17",207.93,876.48,,,,"     ",5.10,55.33,6.54
1598,539322428,"01598M03:54:27.169","01598 03:07:18",207.96,876.43,,,,"     ",5.10,55.37,6.54
1598,539322429,"01598M03:54:28.143","01598 03:07:19",207.97,876.45,,,,"     ",5.10,55.64,6.57
1598,539322430,"01598M03:54:29.116","01598 03:07:20",207.83,876.34,,,,"     ",5.10,55.52,6.56
1598,539322431,"01598M03:54:30.089","01598 03:07:21",207.85,876.42,,,,"     ",5.10,55.64,6.57
1598,539322432,"01598M03:54:31.062","01598 03:07:21",207.87,876.39,,,,"     ",5.10,55.45,6.55
1598,539322433,"01598M03:54:32.036","01598 03:07:22",207.90,876.38,,,,"     ",5.10,55.36,6.54
1598,539322434,"01598M03:54:33.009","01598 03:07:23",207.93,876.38,,,,"     ",5.10,55.43,6.54
1598,539322435,"01598M03:54:33.982","01598 03:07:24",207.96,876.34,,,,"     ",5.10,55.36,6.53
1598,539322436,"01598M03:54:34.955","01598 03:07:25",207.99,876.36,,,,"     ",5.10,55.69,6.57
1598,539322437,"01598M03:54:35.929","01598 03:07:26",208.02,876.34,,,,"     ",5.10,55.48,6.54
1598,539322438,"01598M03:54:36.902","01598 03:07:27",208.04,876.42,,,,"     ",5.10,55.48,6.54
1598,539322439,"01598M03:54:37.875","01598 03:07:28",208.07,876.49,,,,"     ",5.10,55.53,6.55
1598,539322440,"01598M03:54:38.848","01598 03:07:29",208.09,876.41,,,,"     ",5.10,55.82,6.58
1598,539322441,"01598M03:54:39.822","01598 03:07:30",208.13,876.43,,,,"     ",5.10,55.52,6.54
1598,539322442,"01598M03:54:40.795","01598 03:07:31",208.18,876.37,,,,"     ",5.10,55.58,6.55
1598,539322443,"01598M03:54:41.768","01598 03:07:32",208.24,876.41,,,,"     ",5.10,55.18,6.50
1598,539322444,"01598M03:54:42.741","01598 03:07:33",208.29,876.42,,,,"     ",5.10,55.63,6.55
1598,539322445,"01598M03:54:43.715","01598 03:07:34",208.32,876.45,,,,"     ",5.10,55.63,6.55
1598,539322446,"01598M03:54:44.688","01598 03:07:35",208.36,876.39,,,,"     ",5.10,55.44,6.52
1598,539322447,"01598M03:54:45.661","01598 03:07:36",208.39,876.43,,,,"     ",5.10,55.51,6.53
1598,539322448,"01598M03:54:46.634","01598 03:07:37",208.44,876.31,,,,"     ",5.10,55.55,6.53
1598,539322449,"01598M03:54:47.608","01598 03:07:38",208.50,876.38,,,,"     ",5.10,55.66,6.54
1598,539322450,"01598M03:54:48.581","01598 03:07:39",208.57,876.38,,,,"     ",5.10,55.45,6.51
1598,539322451,"01598M03:54:49.554","01598 03:07:40",208.64,876.37,,,,"     ",5.10,55.44,6.51
1598,539322452,"01598M03:54:50.527","01598 03:07:41",208.68,876.39,,,,"     ",5.10,55.38,6.50
1598,539322453,"01598M03:54:51.501","01598 03:07:42",208.71,876.49,,,,"     ",5.10,55.47,6.51
1598,539322454,"01598M03:54:52.474","01598 03:07:43",208.73,876.39,,,,"     ",5.10,55.38,6.50
1598,539322455,"01598M03:54:53.447","01598 03:07:44",208.76,876.49,,,,"     ",5.10,55.54,6.52
1598,539322456,"01598M03:54:54.420","01598 03:07:45",208.79,876.47,,,,"     ",5.10,55.32,6.49
1598,539322457,"01598M03:54:55.394","01598 03:07:46",208.79,876.48,,,,"     ",5.10,55.10,6.46
1598,539322458,"01598M03:54:56.367","01598 03:07:47",208.78,876.42,,,,"     ",5.10,55.47,6.50
1598,539322459,"01598M03:54:57.340","01598 03:07:48",208.74,876.42,,,,"     ",5.10,55.50,6.50
1598,539322460,"01598M03:54:58.313","01598 03:07:49",208.67,876.47,,,,"     ",5.10,55.49,6.50
1598,539322461,"01598M03:54:59.287","01598 03:07:50",208.58,876.45,,,,"     ",5.10,55.61,6.51
1598,539322462,"01598M03:55:00.260","01598 03:07:51",208.48,876.44,,,,"     ",5.10,55.52,6.50
1598,539322463,"01598M03:55:01.233","01598 03:07:52",208.38,876.36,,,,"     ",5.10,55.59,6.51
1598,539322464,"01598M03:55:02.206","01598 03:07:53",208.32,876.43,,,,"     ",5.10,55.81,6.53
1598,539322465,"01598M03:55:03.180","01598 03:07:54",208.30,876.40,,,,"     ",5.10,55.46,6.49
1598,539322466,"01598M03:55:04.153","01598 03:07:55",208.29,876.49,,,,"     ",5.10,55.79,6.53
1598,539322467,"01598M03:55:05.126","01598 03:07:56",208.29,876.47,,,,"     ",5.10,55.59,6.50
1598,539322468,"01598M03:55:06.099","01598 03:07:57",208.30,876.43,,,,"     ",5.10,55.44,6.48
1598,539322469,"01598M03:55:07.073","01598 03:07:57",208.31,876.49,,,,"     ",5.10,55.15,6.45
1598,539322470,"01598M03:55:08.046","01598 03:07:58",208.30,876.45,,,,"     ",5.10,55.63,6.50
1598,539322471,"01598M03:55:09.019","01598 03:07:59",208.29,876.41,,,,"     ",5.10,55.62,6.50
1598,539322472,"01598M03:55:09.992","01598 03:08:00",208.27,876.47,,,,"     ",5.10,55.36,6.47
1598,539322473,"01598M03:55:10.966","01598 03:08:01",208.28,876.47,,,,"     ",5.10,55.36,6.46
1598,539322474,"01598M03:55:11.939","01598 03:08:02",208.32,876.42,,,,"     ",5.10,55.12,6.44
1598,539322475,"01598M03:55:12.912","01598 03:08:03",208.38,876.49,,,,"     ",5.10,55.67,6.50
1598,539322476,"01598M03:55:13.886","01598 03:08:04",208.43,876.58,,,,"     ",5.10,55.49,6.48
1598,539322477,"01598M03:55:14.859","01598 03:08:05",208.47,876.55,,,,"     ",5.10,55.64,6.50
1598,539322478,"01598M03:55:15.832","01598 03:08:06",208.49,876.57,,,,"     ",5.10,55.62,6.49
1598,539322479,"01598M03:55:16.805","01598 03:08:07",208.51,876.55,,,,"     ",5.10,55.44,6.47
1598,539322480,"01598M03:55:17.779","01598 03:08:08",208.54,876.49,,,,"     ",5.10,55.60,6.49
1598,539322481,"01598M03:55:18.752","01598 03:08:09",208.58,876.52,,,,"     ",5.10,55.47,6.47
1598,539322482,"01598M03:55:19.725","01598 03:08:10",208.61,876.57,,,,"     ",5.10,55.50,6.47
1598,539322483,"01598M03:55:20.698","01598 03:08:11",208.64,876.50,,,,"     ",5.10,55.61,6.49
1598,539322484,"01598M03:55:21.672","01598 03:08:12",208.66,876.58,,,,"     ",5.10,55.34,6.46
1598,539322485,"01598M03:55:22.645","01598 03:08:13",208.68,876.45,,,,"     ",5.10,55.35,6.45
1598,539322486,"01598M03:55:23.618","01598 03:08:14",208.67,876.50,,,,"     ",5.10,55.48,6.47
1598,539322487,"01598M03:55:24.591","01598 03:08:15",208.64,876.45,,,,"     ",5.10,55.81,6.51
1598,539322488,"01598M03:55:25.565","01598 03:08:16",208.61,876.48,,,,"     ",5.10,55.50,6.47
1598,539322489,"01598M03:55:26.538","01598 03:08:17",208.59,876.45,,,,"     ",5.10,55.85,6.51
1598,539322490,"01598M03:55:27.511","01598 03:08:18",208.58,876.42,,,,"     ",5.10,55.58,6.47
1598,539322491,"01598M03:55:28.484","01598 03:08:19",208.59,876.40,,,,"     ",5.10,55.84,6.51
1598,539322492,"01598M03:55:29.458","01598 03:08:20",208.60,876.45,,,,"     ",5.10,55.68,6.49
1598,539322493,"01598M03:55:30.431","01598 03:08:21",208.62,876.51,,,,"     ",5.10,55.69,6.49
1598,539322494,"01598M03:55:31.404","01598 03:08:22",208.65,876.50,,,,"     ",5.10,55.89,6.51
1598,539322495,"01598M03:55:32.377","01598 03:08:23",208.67,876.57,,,,"     ",5.10,55.66,6.48
1598,539322496,"01598M03:55:33.351","01598 03:08:24",208.71,876.50,,,,"     ",5.10,55.63,6.48
1598,539322497,"01598M03:55:34.324","01598 03:08:25",208.76,876.59,,,,"     ",5.10,55.64,6.48
1598,539322498,"01598M03:55:35.297","01598 03:08:26",208.82,876.60,,,,"     ",5.10,55.49,6.46
1598,539322499,"01598M03:55:36.270","01598 03:08:27",208.90,876.64,,,,"     ",5.10,55.78,6.49
1598,539322500,"01598M03:55:37.244","01598 03:08:28",208.99,876.53,,,,"     ",5.10,56.07,6.53
1598,539322501,"01598M03:55:38.217","01598 03:08:29",209.10,876.55,,,,"     ",5.10,55.92,6.51
1598,539322502,"01598M03:55:39.190","01598 03:08:30",209.21,876.59,,,,"     ",5.10,55.90,6.50
1598,539322503,"01598M03:55:40.163","01598 03:08:31",209.34,876.44,,,,"     ",5.10,55.76,6.49
1598,539322504,"01598M03:55:41.137","01598 03:08:32",209.47,876.48,,,,"     ",5.10,55.82,6.50
1598,539322505,"01598M03:55:42.110","01598 03:08:33",209.62,876.49,,,,"     ",5.10,56.06,6.52
1598,539322506,"01598M03:55:43.083","01598 03:08:33",209.78,876.54,,,,"     ",5.10,55.65,6.47
1598,539322507,"01598M03:55:44.056","01598 03:08:34",209.95,876.60,,,,"     ",5.10,56.00,6.51
1598,539322508,"01598M03:55:45.030","01598 03:08:35",209.26,876.48,,,,"     ",5.10,55.75,6.48
1598,539322509,"01598M03:55:46.003","01598 03:08:36",209.22,876.47,,,,"     ",5.10,56.01,6.51
1598,539322510,"01598M03:55:46.976","01598 03:08:37",209.18,876.47,,,,"     ",5.10,55.90,6.50
1598,539322511,"01598M03:55:47.949","01598 03:08:38",209.15,876.51,,,,"     ",5.10,56.05,6.51
1598,539322512,"01598M03:55:48.923","01598 03:08:39",209.13,876.50,,,,"     ",5.10,56.01,6.51
1598,539322513,"01598M03:55:49.896","01598 03:08:40",209.10,876.40,,,,"     ",5.10,56.00,6.51
1598,539322514,"01598M03:55:50.869","01598 03:08:41",209.08,876.45,,,,"     ",5.10,56.41,6.55
1598,539322515,"01598M03:55:51.842","01598 03:08:42",209.07,876.46,,,,"     ",5.10,56.31,6.54
1598,539322516,"01598M03:55:52.816","01598 03:08:43",209.06,876.38,,,,"     ",5.10,56.31,6.54
1598,539322517,"01598M03:55:53.789","01598 03:08:44",209.05,876.46,,,,"     ",5.10,56.16,6.52
1598,539322518,"01598M03:55:54.762","01598 03:08:45",209.05,876.44,,,,"     ",5.10,56.18,6.52
1598,539322519,"01598M03:55:55.735","01598 03:08:46",209.05,876.46,,,,"     ",5.10,56.53,6.56
1598,539322520,"01598M03:55:56.709","01598 03:08:47",209.06,876.57,,,,"     ",5.10,56.29,6.53
1598,539322521,"01598M03:55:57.682","01598 03:08:48",209.06,876.58,,,,"     ",5.10,56.49,6.55
1598,539322522,"01598M03:55:58.655","01598 03:08:49",209.07,876.54,,,,"     ",5.10,56.63,6.57
1598,539322523,"01598M03:55:59.628","01598 03:08:50",209.08,876.59,,,,"     ",5.10,56.29,6.53
1598,539322524,"01598M03:56:00.602","01598 03:08:51",209.09,876.52,,,,"     ",5.10,56.52,6.55
1598,539322525,"01598M03:56:01.575","01598 03:08:52",209.10,876.54,,,,"     ",5.10,56.72,6.58
1598,539322526,"01598M03:56:02.548","01598 03:08:53",209.12,876.48,,,,"     ",5.10,56.37,6.53
1598,539322527,"01598M03:56:03.521","01598 03:08:54",209.15,876.60,,,,"     ",5.10,56.56,6.55
1598,539322528,"01598M03:56:04.495","01598 03:08:55",209.21,876.53,,,,"     ",5.10,56.56,6.55
1598,539322529,"01598M03:56:05.468","01598 03:08:56",209.28,876.54,,,,"     ",5.10,56.51,6.55
1598,539322530,"01598M03:56:06.441","01598 03:08:57",209.35,876.62,,,,"     ",5.10,56.61,6.56
1598,539322531,"01598M03:56:07.414","01598 03:08:58",209.42,876.51,,,,"     ",5.10,56.30,6.52
1598,539322532,"01598M03:56:08.388","01598 03:08:59",209.48,876.49,,,,"     ",5.10,56.78,6.57
1598,539322533,"01598M03:56:09.361","01598 03:09:00",209.52,876.55,,,,"     ",5.10,56.37,6.52
1598,539322534,"01598M03:56:10.334","01598 03:09:01",209.54,876.56,,,,"     ",5.10,56.37,6.52
1598,539322535,"01598M03:56:11.307","01598 03:09:02",209.55,876.53,,,,"     ",5.10,56.51,6.54
1598,539322536,"01598M03:56:12.281","01598 03:09:03",209.54,876.66,,,,"     ",5.10,56.25,6.50
1598,539322537,"01598M03:56:13.254","01598 03:09:04",209.52,876.61,,,,"     ",5.10,56.46,6.53
1598,539322538,"01598M03:56:14.227","01598 03:09:05",209.49,876.60,,,,"     ",5.10,56.59,6.54
1598,539322539,"01598M03:56:15.200","01598 03:09:06",209.45,876.62,,,,"     ",5.10,56.44,6.52
1598,539322540,"01598M03:56:16.174","01598 03:09:07",209.41,876.49,,,,"     ",5.10,56.69,6.55
1598,539322541,"01598M03:56:17.147","01598 03:09:08",209.37,876.57,,,,"     ",5.10,56.04,6.47
1598,539322542,"01598M03:56:18.120","01598 03:09:09",209.34,876.53,,,,"     ",5.10,56.54,6.53
1598,539322543,"01598M03:56:19.093","01598 03:09:09",209.31,876.59,,,,"     ",5.10,56.27,6.50
1598,539322544,"01598M03:56:20.067","01598 03:09:10",209.29,876.61,,,,"     ",5.10,56.31,6.50
1598,539322545,"01598M03:56:21.040","01598 03:09:11",209.27,876.56,,,,"     ",5.10,56.76,6.55
1598,539322546,"01598M03:56:22.013","01598 03:09:12",209.24,876.67,,,,"     ",5.10,56.45,6.52
1598,539322547,"01598M03:56:22.987","01598 03:09:13",209.21,876.55,,,,"     ",5.10,56.36,6.50
1598,539322548,"01598M03:56:23.960","01598 03:09:14",209.17,876.56,,,,"     ",5.10,56.33,6.50
1598,539322549,"01598M03:56:24.933","01598 03:09:15",209.12,876.54,,,,"     ",5.10,56.58,6.53
1598,539322550,"01598M03:56:25.906","01598 03:09:16",209.08,876.59,,,,"     ",5.10,56.42,6.51
1598,539322551,"01598M03:56:26.880","01598 03:09:17",209.05,876.54,,,,"     ",5.10,56.21,6.48
1598,539322552,"01598M03:56:27.853","01598 03:09:18",209.03,876.58,,,,"     ",5.10,56.56,6.53
1598,539322553,"01598M03:56:28.826","01598 03:09:19",209.02,876.44,,,,"     ",5.10,56.63,6.53
1598,539322554,"01598M03:56:29.799","01598 03:09:20",209.03,876.43,,,,"     ",5.10,56.20,6.48
1598,539322555,"01598M03:56:30.773","01598 03:09:21",209.05,876.38,,,,"     ",5.10,56.49,6.51
1598,539322556,"01598M03:56:31.746","01598 03:09:22",209.09,876.45,,,,"     ",5.10,56.67,6.54
1598,539322557,"01598M03:56:32.719","01598 03:09:23",209.14,876.49,,,,"     ",5.10,56.76,6.55
1598,539322558,"01598M03:56:33.692","01598 03:09:24",209.19,876.58,,,,"     ",5.10,56.42,6.51
1598,539322559,"01598M03:56:34.666","01598 03:09:25",209.25,876.56,,,,"     ",5.10,56.44,6.51
1598,539322560,"01598M03:56:35.639","01598 03:09:26",209.29,876.55,,,,"     ",5.10,56.54,6.52
1598,539322561,"01598M03:56:36.612","01598 03:09:27",209.33,876.56,,,,"     ",5.10,56.71,6.54
1598,539322562,"01598M03:56:37.585","01598 03:09:28",209.37,876.58,,,,"     ",5.10,56.80,6.55
1598,539322563,"01598M03:56:38.559","01598 03:09:29",209.40,876.54,,,,"     ",5.10,56.51,6.51
1598,539322564,"01598M03:56:39.532","01598 03:09:30",209.42,876.61,,,,"     ",5.10,56.60,6.53
1598,539322565,"01598M03:56:40.505","01598 03:09:31",209.43,876.50,,,,"     ",5.10,56.59,6.52
1598,539322566,"01598M03:56:41.478","01598 03:09:32",209.45,876.53,,,,"     ",5.10,56.96,6.57
1598,539322567,"01598M03:56:42.452","01598 03:09:33",209.45,876.55,,,,"     ",5.10,56.68,6.53
1598,539322568,"01598M03:56:43.425","01598 03:09:34",209.46,876.49,,,,"     ",5.10,57.02,6.57
1598,539322569,"01598M03:56:44.398","01598 03:09:35",209.48,876.58,,,,"     ",5.10,56.57,6.52
1598,539322570,"01598M03:56:45.371","01598 03:09:36",209.49,876.61,,,,"     ",5.10,56.93,6.56
1598,539322571,"01598M03:56:46.345","01598 03:09:37",209.51,876.59,,,,"     ",5.10,56.89,6.56
1598,539322572,"01598M03:56:47.318","01598 03:09:38",209.52,876.60,,,,"     ",5.10,56.69,6.53
1598,539322573,"01598M03:56:48.291","01598 03:09:39",209.54,876.57,,,,"     ",5.10,56.76,6.54
1598,539322574,"01598M03:56:49.264","01598 03:09:40",209.55,876.57,,,,"     ",5.10,56.88,6.55
1598,539322575,"01598M03:56:50.238","01598 03:09:41",209.55,876.56,,,,"     ",5.10,57.03,6.57
1598,539322576,"01598M03:56:51.211","01598 03:09:42",209.53,876.64,,,,"     ",5.10,56.63,6.52
1598,539322577,"01598M03:56:52.184","01598 03:09:43",209.51,876.57,,,,"     ",5.10,56.91,6.55
1598,539322578,"01598M03:56:53.157","01598 03:09:44",209.49,876.54,,,,"     ",5.10,57.03,6.57
1598,539322579,"01598M03:56:54.131","01598 03:09:45",209.46,876.59,,,,"     ",5.10,56.78,6.53
1598,539322580,"01598M03:56:55.104","01598 03:09:45",209.44,876.54,,,,"     ",5.10,56.97,6.56
1598,539322581,"01598M03:56:56.077","01598 03:09:46",209.43,876.56,,,,"     ",5.10,56.71,6.53
1598,539322582,"01598M03:56:57.050","01598 03:09:47",209.42,876.59,,,,"     ",5.10,56.63,6.52
1598,539322583,"01598M03:56:58.024","01598 03:09:48",209.41,876.59,,,,"     ",5.10,57.18,6.58
1598,539322584,"01598M03:56:58.997","01598 03:09:49",209.39,876.60,,,,"     ",5.10,56.77,6.53
1598,539322585,"01598M03:56:59.970","01598 03:09:50",209.36,876.55,,,,"     ",5.10,56.80,6.53
1598,539322586,"01598M03:57:00.943","01598 03:09:51",209.32,876.60,,,,"     ",5.10,56.95,6.55
1598,539322587,"01598M03:57:01.917","01598 03:09:52",209.27,876.62,,,,"     ",5.10,56.69,6.52
1598,539322588,"01598M03:57:02.890","01598 03:09:53",209.22,876.55,,,,"     ",5.10,56.83,6.54
1598,539322589,"01598M03:57:03.863","01598 03:09:54",209.18,876.56,,,,"     ",5.10,57.01,6.56
1598,539322590,"01598M03:57:04.836","01598 03:09:55",209.15,876.56,,,,"     ",5.10,56.74,6.52
1598,539322591,"01598M03:57:05.810","01598 03:09:56",209.14,876.51,,,,"     ",5.10,56.77,6.53
1598,539322592,"01598M03:57:06.783","01598 03:09:57",209.13,876.58,,,,"     ",5.10,56.96,6.55
1598,539322593,"01598M03:57:07.756","01598 03:09:58",209.14,876.65,,,,"     ",5.10,56.76,6.53
1598,539322594,"01598M03:57:08.729","01598 03:09:59",209.16,876.64,,,,"     ",5.10,56.99,6.55
1598,539322595,"01598M03:57:09.703","01598 03:10:00",209.20,876.65,,,,"     ",5.10,56.74,6.52
1598,539322596,"01598M03:57:10.676","01598 03:10:01",209.24,876.67,,,,"     ",5.10,56.62,6.51
1598,539322597,"01598M03:57:11.649","01598 03:10:02",209.30,876.76,,,,"     ",5.10,56.73,6.52
1598,539322598,"01598M03:57:12.622","01598 03:10:03",209.35,876.67,,,,"     ",5.10,56.63,6.51
1598,539322599,"01598M03:57:13.596","01598 03:10:04",209.39,876.70,,,,"     ",5.10,56.71,6.52
1598,539322600,"01598M03:57:14.569","01598 03:10:05",209.42,876.71,,,,"     ",5.10,56.71,6.52
1598,539322601,"01598M03:57:15.542","01598 03:10:06",209.43,876.59,,,,"     ",5.10,56.62,6.50
1598,539322602,"01598M03:57:16.515","01598 03:10:07",209.41,876.59,,,,"     ",5.10,56.59,6.50
1598,539322603,"01598M03:57:17.489","01598 03:10:08",209.38,876.63,,,,"     ",5.10,56.54,6.50
1598,539322604,"01598M03:57:18.462","01598 03:10:09",209.34,876.70,,,,"     ",5.10,56.92,6.54
1598,539322605,"01598M03:57:19.435","01598 03:10:10",209.30,876.78,,,,"     ",5.10,57.01,6.55
1598,539322606,"01598M03:57:20.408","01598 03:10:11",209.25,876.68,,,,"     ",5.10,56.95,6.54
1598,539322607,"01598M03:57:21.382","01598 03:10:12",209.21,876.66,,,,"     ",5.10,56.99,6.54
1598,539322608,"01598M03:57:22.355","01598 03:10:13",209.17,876.59,,,,"     ",5.10,56.87,6.53
1598,539322609,"01598M03:57:23.328","01598 03:10:14",209.12,876.60,,,,"     ",5.10,56.79,6.52
1598,539322610,"01598M03:57:24.301","01598 03:10:15",209.08,876.61,,,,"     ",5.10,56.99,6.54
1598,539322611,"01598M03:57:25.275","01598 03:10:16",209.05,876.62,,,,"     ",5.10,57.20,6.57
1598,539322612,"01598M03:57:26.248","01598 03:10:17",209.01,876.65,,,,"     ",5.10,57.09,6.55
1598,539322613,"01598M03:57:27.221","01598 03:10:18",208.97,876.56,,,,"     ",5.10,57.12,6.56
1598,539322614,"01598M03:57:28.194","01598 03:10:19",208.92,876.56,,,,"     ",5.10,56.74,6.51
1598,539322615,"01598M03:57:29.168","01598 03:10:20",208.87,876.60,,,,"     ",5.10,57.07,6.55
1598,539322616,"01598M03:57:30.141","01598 03:10:21",208.84,876.63,,,,"     ",5.10,57.13,6.56
1598,539322617,"01598M03:57:31.114","01598 03:10:21",208.81,876.56,,,,"     ",5.10,57.30,6.57
1598,539322618,"01598M03:57:32.087","01598 03:10:22",208.80,876.55,,,,"     ",5.10,57.08,6.55
1598,539322619,"01598M03:57:33.061","01598 03:10:23",208.80,876.64,,,,"     ",5.10,57.10,6.55
1598,539322620,"01598M03:57:34.034","01598 03:10:24",208.81,876.63,,,,"     ",5.10,56.89,6.52
1598,539322621,"01598M03:57:35.007","01598 03:10:25",208.82,876.68,,,,"     ",5.10,56.89,6.53
1598,539322622,"01598M03:57:35.981","01598 03:10:26",208.83,876.63,,,,"     ",5.10,56.99,6.54
1598,539322623,"01598M03:57:36.954","01598 03:10:27",208.84,876.55,,,,"     ",5.10,56.98,6.53
1598,539322624,"01598M03:57:37.927","01598 03:10:28",208.84,876.66,,,,"     ",5.10,57.24,6.57
1598,539322625,"01598M03:57:38.900","01598 03:10:29",208.83,876.57,,,,"     ",5.10,57.16,6.56
1598,539322626,"01598M03:57:39.874","01598 03:10:30",208.81,876.64,,,,"     ",5.10,57.23,6.57
1598,539322627,"01598M03:57:40.847","01598 03:10:31",208.79,876.65,,,,"     ",5.10,57.11,6.55
1598,539322628,"01598M03:57:41.820","01598 03:10:32",208.76,876.66,,,,"     ",5.10,57.26,6.57
1598,539322629,"01598M03:57:42.793","01598 03:10:33",208.73,876.66,,,,"     ",5.10,57.26,6.57
1598,539322630,"01598M03:57:43.767","01598 03:10:34",208.70,876.63,,,,"     ",5.10,57.19,6.56
1598,539322631,"01598M03:57:44.740","01598 03:10:35",208.68,876.63,,,,"     ",5.10,57.13,6.55
1598,539322632,"01598M03:57:45.713","01598 03:10:36",208.68,876.70,,,,"     ",5.10,57.15,6.56
1598,539322633,"01598M03:57:46.686","01598 03:10:37",208.68,876.61,,,,"     ",5.10,57.13,6.55
1598,539322634,"01598M03:57:47.660","01598 03:10:38",208.70,876.63,,,,"     ",5.10,57.09,6.55
1598,539322635,"01598M03:57:48.633","01598 03:10:39",208.70,876.59,,,,"     ",5.10,56.97,6.54
1598,539322636,"01598M03:57:49.606","01598 03:10:40",208.70,876.57,,,,"     ",5.10,56.91,6.53
1598,539322637,"01598M03:57:50.579","01598 03:10:41",208.69,876.65,,,,"     ",5.10,57.09,6.55
1598,539322638,"01598M03:57:51.553","01598 03:10:42",208.67,876.69,,,,"     ",5.10,57.04,6.55
1598,539322639,"01598M03:57:52.526","01598 03:10:43",208.65,876.69,,,,"     ",5.10,57.17,6.56
1598,539322640,"01598M03:57:53.499","01598 03:10:44",208.63,876.73,,,,"     ",5.10,56.83,6.52
1598,539322641,"01598M03:57:54.472","01598 03:10:45",208.62,876.69,,,,"     ",5.10,56.89,6.53
1598,539322642,"01598M03:57:55.446","01598 03:10:46",208.61,876.70,,,,"     ",5.10,56.83,6.52
1598,539322643,"01598M03:57:56.419","01598 03:10:47",208.60,876.79,,,,"     ",5.10,57.17,6.56
1598,539322644,"01598M03:57:57.392","01598 03:10:48",208.60,876.63,,,,"     ",5.10,57.00,6.54
1598,539322645,"01598M03:57:58.365","01598 03:10:49",208.61,876.58,,,,"     ",5.10,57.08,6.55
1598,539322646,"01598M03:57:59.339","01598 03:10:50",208.61,876.55,,,,"     ",5.10,56.95,6.54
1598,539322647,"01598M03:58:00.312","01598 03:10:51",208.62,876.64,,,,"     ",5.10,57.14,6.56
1598,539322648,"01598M03:58:01.285","01598 03:10:52",208.63,876.58,,,,"     ",5.10,57.22,6.57
1598,539322649,"01598M03:58:02.258","01598 03:10:53",208.64,876.64,,,,"     ",5.10,56.99,6.54
1598,539322650,"01598M03:58:03.232","01598 03:10:54",208.66,876.65,,,,"     ",5.10,57.11,6.56
1598,539322651,"01598M03:58:04.205","01598 03:10:55",208.67,876.68,,,,"     ",5.10,57.28,6.58
1598,539322652,"01598M03:58:05.178","01598 03:10:56",208.69,876.70,,,,"     ",5.10,57.00,6.55
1598,539322653,"01598M03:58:06.151","01598 03:10:57",208.71,876.69,,,,"     ",5.10,57.13,6.56
1598,539322654,"01598M03:58:07.125","01598 03:10:57",208.73,876.68,,,,"     ",5.10,57.22,6.57
1598,539322655,"01598M03:58:08.098","01598 03:10:58",208.75,876.66,,,,"     ",5.10,57.17,6.57
1598,539322656,"01598M03:58:09.071","01598 03:10:59",208.77,876.81,,,,"     ",5.10,57.09,6.56
1598,539322657,"01598M03:58:10.044","01598 03:11:00",208.79,876.70,,,,"     ",5.10,57.45,6.60
1598,539322658,"01598M03:58:11.018","01598 03:11:01",208.81,876.75,,,,"     ",5.10,57.36,6.59
1598,539322659,"01598M03:58:11.991","01598 03:11:02",208.81,876.69,,,,"     ",5.10,57.13,6.56
1598,539322660,"01598M03:58:12.964","01598 03:11:03",208.80,876.79,,,,"     ",5.10,57.23,6.58
1598,539322661,"01598M03:58:13.937","01598 03:11:04",208.78,876.77,,,,"     ",5.10,57.08,6.56
1598,539322662,"01598M03:58:14.911","01598 03:11:05",208.74,876.73,,,,"     ",5.10,57.10,6.56
1598,539322663,"01598M03:58:15.884","01598 03:11:06",208.69,876.80,,,,"     ",5.10,57.17,6.57
1598,539322664,"01598M03:58:16.857","01598 03:11:07",208.63,876.73,,,,"     ",5.10,57.30,6.59
1598,539322665,"01598M03:58:17.830","01598 03:11:08",208.56,876.71,,,,"     ",5.10,57.34,6.59
1598,539322666,"01598M03:58:18.804","01598 03:11:09",208.50,876.67,,,,"     ",5.10,57.22,6.58
1598,539322667,"01598M03:58:19.777","01598 03:11:10",208.44,876.66,,,,"     ",5.10,57.22,6.58
1598,539322668,"01598M03:58:20.750","01598 03:11:11",208.40,876.62,,,,"     ",5.10,57.33,6.59
1598,539322669,"01598M03:58:21.723","01598 03:11:12",208.38,876.60,,,,"     ",5.10,57.06,6.56
1598,539322670,"01598M03:58:22.697","01598 03:11:13",208.37,876.56,,,,"     ",5.10,57.02,6.56
1598,539322671,"01598M03:58:23.670","01598 03:11:14",208.38,876.55,,,,"     ",5.10,57.13,6.57
1598,539322672,"01598M03:58:24.643","01598 03:11:15",208.39,876.57,,,,"     ",5.10,56.97,6.55
1598,539322673,"01598M03:58:25.616","01598 03:11:16",208.40,876.62,,,,"     ",5.10,57.15,6.57
1598,539322674,"01598M03:58:26.590","01598 03:11:17",208.41,876.52,,,,"     ",5.10,57.30,6.59
1598,539322675,"01598M03:58:27.563","01598 03:11:18",208.42,876.54,,,,"     ",5.10,57.20,6.58
1598,539322676,"01598M03:58:28.536","01598 03:11:19",208.43,876.57,,,,"     ",5.10,57.14,6.58
1598,539322677,"01598M03:58:29.509","01598 03:11:20",208.45,876.52,,,,"     ",5.10,57.50,6.62
1598,539322678,"01598M03:58:30.483","01598 03:11:21",208.46,876.65,,,,"     ",5.10,56.90,6.55
1598,539322679,"01598M03:58:31.456","01598 03:11:22",208.46,876.69,,,,"     ",5.10,57.54,6.63
1598,539322680,"01598M03:58:32.429","01598 03:11:23",208.46,876.65,,,,"     ",5.10,57.53,6.63
1598,539322681,"01598M03:58:33.402","01598 03:11:24",208.45,876.67,,,,"     ",5.10,57.32,6.60
1598,539322682,"01598M03:58:34.376","01598 03:11:25",208.43,876.73,,,,"     ",5.10,57.36,6.61
1598,539322683,"01598M03:58:35.349","01598 03:11:26",208.39,876.67,,,,"     ",5.10,57.35,6.61
1598,539322684,"01598M03:58:36.322","01598 03:11:27",208.34,876.72,,,,"     ",5.10,57.30,6.60
1598,539322685,"01598M03:58:37.295","01598 03:11:28",208.29,876.77,,,,"     ",5.10,57.52,6.63
1598,539322686,"01598M03:58:38.269","01598 03:11:29",208.25,876.76,,,,"     ",5.10,57.41,6.61
1598,539322687,"01598M03:58:39.242","01598 03:11:30",208.23,876.73,,,,"     ",5.10,57.43,6.62
1598,539322688,"01598M03:58:40.215","01598 03:11:31",208.67,876.86,,,,"     ",5.10,57.42,6.62
1598,539322689,"01598M03:58:41.188","01598 03:11:32",208.65,876.73,,,,"     ",5.10,57.58,6.63
1598,539322690,"01598M03:58:42.162","01598 03:11:33",208.66,876.63,,,,"     ",5.10,57.66,6.64
1598,539322691,"01598M03:58:43.135","01598 03:11:34",208.68,876.68,,,,"     ",5.10,57.58,6.63
1598,539322692,"01598M03:58:44.108","01598 03:11:34",208.72,876.76,,,,"     ",5.10,57.56,6.63
1598,539322693,"01598M03:58:45.082","01598 03:11:35",208.78,876.71,,,,"     ",5.10,57.55,6.63
1598,539322694,"01598M03:58:46.055","01598 03:11:36",208.84,876.77,,,,"     ",5.10,57.52,6.62
1598,539322695,"01598M03:58:47.028","01598 03:11:37",208.92,876.82,,,,"     ",5.10,57.58,6.63
1598,539322696,"01598M03:58:48.001","01598 03:11:38",208.49,876.79,,,,"     ",5.10,57.31,6.60
1598,539322697,"01598M03:58:48.975","01598 03:11:39",208.55,876.71,,,,"     ",5.10,57.38,6.60
1598,539322698,"01598M03:58:49.948","01598 03:11:40",208.61,876.78,,,,"     ",5.10,57.67,6.64
1598,539322699,"01598M03:58:50.921","01598 03:11:41",208.68,876.73,,,,"     ",5.10,57.58,6.63
1598,539322700,"01598M03:58:51.894","01598 03:11:42",208.75,876.80,,,,"     ",5.10,57.56,6.62
1598,539322701,"01598M03:58:52.868","01598 03:11:43",208.80,876.72,,,,"     ",5.10,57.56,6.62
1598,539322702,"01598M03:58:53.841","01598 03:11:44",208.83,876.72,,,,"     ",5.10,57.82,6.65
1598,539322703,"01598M03:58:54.814","01598 03:11:45",208.85,876.76,,,,"     ",5.10,57.42,6.60
1598,539322704,"01598M03:58:55.787","01598 03:11:46",208.87,876.70,,,,"     ",5.10,57.27,6.58
1598,539322705,"01598M03:58:56.761","01598 03:11:47",208.88,876.84,,,,"     ",5.10,57.46,6.60
1598,539322706,"01598M03:58:57.734","01598 03:11:48",208.89,876.80,,,,"     ",5.10,57.43,6.60
1598,539322707,"01598M03:58:58.707","01598 03:11:49",208.90,876.78,,,,"     ",5.10,57.40,6.60
1598,539322708,"01598M03:58:59.680","01598 03:11:50",208.91,876.78,,,,"     ",5.10,57.51,6.61
1598,539322709,"01598M03:59:00.654","01598 03:11:51",208.92,876.75,,,,"     ",5.10,57.40,6.59
1598,539322710,"01598M03:59:01.627","01598 03:11:52",208.91,876.66,,,,"     ",5.10,57.40,6.59
1598,539322711,"01598M03:59:02.600","01598 03:11:53",208.90,876.71,,,,"     ",5.10,57.63,6.62
1598,539322712,"01598M03:59:03.573","01598 03:11:54",208.88,876.65,,,,"     ",5.10,57.19,6.56
1598,539322713,"01598M03:59:04.547","01598 03:11:55",208.85,876.72,,,,"     ",5.10,57.34,6.58
1598,539322714,"01598M03:59:05.520","01598 03:11:56",208.83,876.72,,,,"     ",5.10,57.32,6.58
1598,539322715,"01598M03:59:06.493","01598 03:11:57",208.82,876.79,,,,"     ",5.10,57.22,6.56
1598,539322716,"01598M03:59:07.466","01598 03:11:58",208.81,876.81,,,,"     ",5.10,57.19,6.56
1598,539322717,"01598M03:59:08.440","01598 03:11:59",208.80,876.87,,,,"     ",5.10,57.37,6.58
1598,539322718,"01598M03:59:09.413","01598 03:12:00",208.81,876.85,,,,"     ",5.10,57.37,6.58
1598,539322719,"01598M03:59:10.386","01598 03:12:01",208.81,876.84,,,,"     ",5.10,57.11,6.55
1598,539322720,"01598M03:59:11.359","01598 03:12:02",208.81,876.88,,,,"     ",5.10,57.07,6.54
1598,539322721,"01598M03:59:12.333","01598 03:12:03",208.81,876.85,,,,"     ",5.10,57.20,6.56
1598,539322722,"01598M03:59:13.306","01598 03:12:04",208.81,876.81,,,,"     ",5.10,56.96,6.53
1598,539322723,"01598M03:59:14.279","01598 03:12:05",208.80,876.83,,,,"     ",5.10,57.29,6.57
1598,539322724,"01598M03:59:15.252","01598 03:12:06",208.80,876.82,,,,"     ",5.10,57.09,6.54
1598,539322725,"01598M03:59:16.226","01598 03:12:07",208.79,876.75,,,,"     ",5.10,56.83,6.51
1598,539322726,"01598M03:59:17.199","01598 03:12:08",208.77,876.75,,,,"     ",5.10,57.31,6.57
1598,539322727,"01598M03:59:18.172","01598 03:12:09",208.76,876.72,,,,"     ",5.10,57.07,6.54
1598,539322728,"01598M03:59:19.145","01598 03:12:10",208.76,876.66,,,,"     ",5.10,57.02,6.53
1598,539322729,"01598M03:59:20.119","01598 03:12:10",208.75,876.68,,,,"     ",5.10,56.96,6.53
1598,539322730,"01598M03:59:21.092","01598 03:12:11",208.76,876.65,,,,"     ",5.10,57.21,6.55
1598,539322731,"01598M03:59:22.065","01598 03:12:12",208.77,876.58,,,,"     ",5.10,57.14,6.55
1598,539322732,"01598M03:59:23.038","01598 03:12:13",208.78,876.61,,,,"     ",5.10,57.23,6.56
1598,539322733,"01598M03:59:24.012","01598 03:12:14",208.81,876.64,,,,"     ",5.10,57.19,6.55
1598,539322734,"01598M03:59:24.985","01598 03:12:15",208.84,876.72,,,,"     ",5.10,57.22,6.56
1598,539322735,"01598M03:59:25.958","01598 03:12:16",208.88,876.79,,,,"     ",5.10,57.17,6.55
1598,539322736,"01598M03:59:26.931","01598 03:12:17",208.93,876.70,,,,"     ",5.10,57.24,6.56
1598,539322737,"01598M03:59:27.905","01598 03:12:18",208.97,876.70,,,,"     ",5.10,57.24,6.56
1598,539322738,"01598M03:59:28.878","01598 03:12:19",209.00,876.70,,,,"     ",5.10,57.39,6.57
1598,539322739,"01598M03:59:29.851","01598 03:12:20",209.03,876.68,,,,"     ",5.10,57.35,6.57
1598,539322740,"01598M03:59:30.824","01598 03:12:21",209.04,876.67,,,,"     ",5.10,57.27,6.56
1598,539322741,"01598M03:59:31.798","01598 03:12:22",209.05,876.66,,,,"     ",5.10,57.36,6.57
1598,539322742,"01598M03:59:32.771","01598 03:12:23",209.05,876.64,,,,"     ",5.10,57.51,6.58
1598,539322743,"01598M03:59:33.744","01598 03:12:24",209.04,876.61,,,,"     ",5.10,57.52,6.59
1598,539322744,"01598M03:59:34.717","01598 03:12:25",209.02,876.61,,,,"     ",5.10,57.54,6.58
1598,539322745,"01598M03:59:35.691","01598 03:12:26",209.01,876.57,,,,"     ",5.10,57.70,6.60
1598,539322746,"01598M03:59:36.664","01598 03:12:27",209.00,876.65,,,,"     ",5.10,57.60,6.59
1598,539322747,"01598M03:59:37.637","01598 03:12:28",208.99,876.55,,,,"     ",5.10,57.93,6.63
1598,539322748,"01598M03:59:38.610","01598 03:12:29",208.97,876.68,,,,"     ",5.10,57.91,6.62
1598,539322749,"01598M03:59:39.584","01598 03:12:30",208.96,876.69,,,,"     ",5.10,58.23,6.66
1598,539322750,"01598M03:59:40.557","01598 03:12:31",208.94,876.77,,,,"     ",5.10,57.90,6.62
1598,539322751,"01598M03:59:41.530","01598 03:12:32",208.93,876.80,,,,"     ",5.10,58.27,6.67
1598,539322752,"01598M03:59:42.503","01598 03:12:33",208.91,876.79,,,,"     ",5.10,58.24,6.66
1598,539322753,"01598M03:59:43.477","01598 03:12:34",208.89,876.87,,,,"     ",5.10,58.06,6.64
1598,539322754,"01598M03:59:44.450","01598 03:12:35",208.86,876.77,,,,"     ",5.10,58.06,6.64
1598,539322755,"01598M03:59:45.423","01598 03:12:36",208.83,876.75,,,,"     ",5.10,58.25,6.66
1598,539322756,"01598M03:59:46.396","01598 03:12:37",208.80,876.70,,,,"     ",5.10,58.36,6.68
1598,539322757,"01598M03:59:47.370","01598 03:12:38",208.78,876.65,,,,"     ",5.10,58.70,6.72
1598,539322758,"01598M03:59:48.343","01598 03:12:39",209.34,876.67,,,,"     ",5.10,58.42,6.68
1598,539322759,"01598M03:59:49.316","01598 03:12:40",209.28,876.69,,,,"     ",5.10,58.58,6.70
1598,539322760,"01598M03:59:50.289","01598 03:12:41",209.22,876.74,,,,"     ",5.10,58.28,6.66
1598,539322761,"01598M03:59:51.263","01598 03:12:42",209.15,876.75,,,,"     ",5.10,58.43,6.68
1598,539322762,"01598M03:59:52.236","01598 03:12:43",209.09,876.73,,,,"     ",5.10,58.42,6.68
1598,539322763,"01598M03:59:53.209","01598 03:12:44",209.03,876.64,,,,"     ",5.10,58.50,6.69
1598,539322764,"01598M03:59:54.183","01598 03:12:45",208.98,876.73,,,,"     ",5.10,58.48,6.69
1598,539322765,"01598M03:59:55.156","01598 03:12:46",208.95,876.73,,,,"     ",5.10,58.46,6.68
1598,539322766,"01598M03:59:56.129","01598 03:12:46",208.91,876.68,,,,"     ",5.10,58.36,6.67
1598,539322767,"01598M03:59:57.102","01598 03:12:47",208.88,876.72,,,,"     ",5.10,58.56,6.70
1598,539322768,"01598M03:59:58.076","01598 03:12:48",208.85,876.67,,,,"     ",5.10,58.59,6.70
1598,539322769,"01598M03:59:59.049","01598 03:12:49",208.82,876.70,,,,"     ",5.10,58.45,6.68
1598,539322770,"01598M04:00:00.022","01598 03:12:50",208.80,876.65,,,,"     ",5.10,58.50,6.69
1598,539322771,"01598M04:00:00.995","01598 03:12:51",208.77,876.71,,,,"     ",5.10,58.36,6.67
1598,539322772,"01598M04:00:01.969","01598 03:12:52",208.75,876.71,,,,"     ",5.10,58.36,6.68
1598,539322773,"01598M04:00:02.942","01598 03:12:53",208.73,876.75,,,,"     ",5.10,58.43,6.68
1598,539322774,"01598M04:00:03.915","01598 03:12:54",208.71,876.76,,,,"     ",5.10,58.42,6.68
1598,539322775,"01598M04:00:04.888","01598 03:12:55",208.70,876.74,,,,"     ",5.10,58.49,6.69
1598,539322776,"01598M04:00:05.862","01598 03:12:56",208.68,876.75,,,,"     ",5.10,58.31,6.67
1598,539322777,"01598M04:00:06.835","01598 03:12:57",208.66,876.76,,,,"     ",5.10,58.54,6.70
1598,539322778,"01598M04:00:07.808","01598 03:12:58",208.64,876.67,,,,"     ",5.10,58.37,6.68
1598,539322779,"01598M04:00:08.781","01598 03:12:59",208.61,876.74,,,,"     ",5.10,58.25,6.67
1598,539322780,"01598M04:00:09.755","01598 03:13:00",208.57,876.69,,,,"     ",5.10,58.55,6.70
1598,539322781,"01598M04:00:10.728","01598 03:13:01",208.53,876.68,,,,"     ",5.10,58.36,6.68
1598,539322782,"01598M04:00:11.701","01598 03:13:02",208.47,876.63,,,,"     ",5.10,58.43,6.69
1598,539322783,"01598M04:00:12.674","01598 03:13:03",208.41,876.68,,,,"     ",5.10,58.30,6.68
1598,539322784,"01598M04:00:13.648","01598 03:13:04",208.35,876.80,,,,"     ",5.10,58.50,6.70
1598,539322785,"01598M04:00:14.621","01598 03:13:05",208.28,876.80,,,,"     ",5.10,58.48,6.70
1598,539322786,"01598M04:00:15.594","01598 03:13:06",208.21,876.81,,,,"     ",5.10,58.22,6.67
1598,539322787,"01598M04:00:16.567","01598 03:13:07",208.14,876.75,,,,"     ",5.10,58.53,6.71
1598,539322788,"01598M04:00:17.541","01598 03:13:08",208.07,876.76,,,,"     ",5.10,58.41,6.70
1598,539322789,"01598M04:00:18.514","01598 03:13:09",208.01,876.71,,,,"     ",5.10,58.30,6.69
1598,539322790,"01598M04:00:19.487","01598 03:13:10",207.95,876.73,,,,"     ",5.10,58.52,6.72
1598,539322791,"01598M04:00:20.460","01598 03:13:11",207.89,876.74,,,,"     ",5.10,58.55,6.72
1598,539322792,"01598M04:00:21.434","01598 03:13:12",207.83,876.76,,,,"     ",5.10,58.30,6.69
1598,539322793,"01598M04:00:22.407","01598 03:13:13",207.78,876.74,,,,"     ",5.10,58.44,6.71
1598,539322794,"01598M04:00:23.380","01598 03:13:14",207.72,876.66,,,,"     ",5.10,58.23,6.69
1598,539322795,"01598M04:00:24.353","01598 03:13:15",207.67,876.62,,,,"     ",5.10,58.22,6.69
1598,539322796,"01598M04:00:25.327","01598 03:13:16",207.62,876.64,,,,"     ",5.10,58.48,6.72
1598,539322797,"01598M04:00:26.300","01598 03:13:17",207.58,876.69,,,,"     ",5.10,58.17,6.69
1598,539322798,"01598M04:00:27.273","01598 03:13:18",207.54,876.72,,,,"     ",5.10,58.39,6.72
1598,539322799,"01598M04:00:28.246","01598 03:13:19",207.50,876.73,,,,"     ",5.10,58.48,6.73
1598,539322800,"01598M04:00:29.220","01598 03:13:20",207.47,876.71,,,,"     ",5.10,58.47,6.73
1598,539322801,"01598M04:00:30.193","01598 03:13:21",207.44,876.76,,,,"     ",5.10,58.40,6.73
1598,539322802,"01598M04:00:31.166","01598 03:13:22",207.42,876.74,,,,"     ",5.10,58.36,6.73
1598,539322803,"01598M04:00:32.139","01598 03:13:22",207.40,876.80,,,,"     ",5.10,58.42,6.73
1598,539322804,"01598M04:00:33.113","01598 03:13:23",207.39,876.86,,,,"     ",5.10,58.54,6.75
1598,539322805,"01598M04:00:34.086","01598 03:13:24",207.38,876.77,,,,"     ",5.10,58.54,6.75
1598,539322806,"01598M04:00:35.059","01598 03:13:25",207.37,876.68,,,,"     ",5.10,58.55,6.75
1598,539322807,"01598M04:00:36.032","01598 03:13:26",207.37,876.72,,,,"     ",5.10,58.48,6.75
1598,539322808,"01598M04:00:37.006","01598 03:13:27",207.37,876.81,,,,"     ",5.10,58.82,6.79
1598,539322809,"01598M04:00:37.979","01598 03:13:28",207.37,876.76,,,,"     ",5.10,58.52,6.76
1598,539322810,"01598M04:00:38.952","01598 03:13:29",207.38,876.71,,,,"     ",5.10,58.55,6.77
1598,539322811,"01598M04:00:39.925","01598 03:13:30",207.40,876.74,,,,"     ",5.10,58.86,6.80
1598,539322812,"01598M04:00:40.899","01598 03:13:31",207.41,876.71,,,,"     ",5.10,58.54,6.77
1598,539322813,"01598M04:00:41.872","01598 03:13:32",207.44,876.77,,,,"     ",5.10,58.60,6.78
1598,539322814,"01598M04:00:42.845","01598 03:13:33",207.46,876.69,,,,"     ",5.10,58.81,6.80
1598,539322815,"01598M04:00:43.818","01598 03:13:34",207.49,876.66,,,,"     ",5.10,58.62,6.78
1598,539322816,"01598M04:00:44.792","01598 03:13:35",207.01,876.76,,,,"     ",5.10,58.73,6.80
1598,539322817,"01598M04:00:45.765","01598 03:13:36",207.01,876.68,,,,"     ",5.10,58.78,6.81
1598,539322818,"01598M04:00:46.738","01598 03:13:37",207.01,876.61,,,,"     ",5.10,58.43,6.77
1598,539322819,"01598M04:00:47.711","01598 03:13:38",207.00,876.68,,,,"     ",5.10,58.94,6.83
1598,539322820,"01598M04:00:48.685","01598 03:13:39",207.00,876.77,,,,"     ",5.10,58.94,6.84
1598,539322821,"01598M04:00:49.658","01598 03:13:40",207.00,876.83,,,,"     ",5.10,58.99,6.84
1598,539322822,"01598M04:00:50.631","01598 03:13:41",207.00,876.82,,,,"     ",5.10,58.53,6.79
1598,539322823,"01598M04:00:51.604","01598 03:13:42",206.99,876.77,,,,"     ",5.10,58.84,6.83
1598,539322824,"01598M04:00:52.578","01598 03:13:43",206.99,876.72,,,,"     ",5.10,58.61,6.80
1598,539322825,"01598M04:00:53.551","01598 03:13:44",206.98,876.80,,,,"     ",5.10,58.81,6.83
1598,539322826,"01598M04:00:54.524","01598 03:13:45",206.98,876.75,,,,"     ",5.10,58.63,6.81
1598,539322827,"01598M04:00:55.497","01598 03:13:46",206.97,876.80,,,,"     ",5.10,58.83,6.84
1598,539322828,"01598M04:00:56.471","01598 03:13:47",206.97,876.71,,,,"     ",5.10,58.86,6.84
1598,539322829,"01598M04:00:57.444","01598 03:13:48",206.96,876.75,,,,"     ",5.10,58.75,6.83
1598,539322830,"01598M04:00:58.417","01598 03:13:49",206.95,876.80,,,,"     ",5.10,58.76,6.84
1598,539322831,"01598M04:00:59.390","01598 03:13:50",206.94,876.69,,,,"     ",5.10,58.54,6.81
1598,539322832,"01598M04:01:00.364","01598 03:13:51",206.94,876.85,,,,"     ",5.10,58.73,6.84
1598,539322833,"01598M04:01:01.337","01598 03:13:52",206.93,876.78,,,,"     ",5.10,58.60,6.82
1598,539322834,"01598M04:01:02.310","01598 03:13:53",206.92,876.78,,,,"     ",5.10,58.45,6.81
1598,539322835,"01598M04:01:03.284","01598 03:13:54",206.91,876.78,,,,"     ",5.10,58.88,6.86
1598,539322836,"01598M04:01:04.257","01598 03:13:55",206.90,876.83,,,,"     ",5.10,58.84,6.86
1598,539322837,"01598M04:01:05.230","01598 03:13:56",206.87,876.82,,,,"     ",5.10,58.45,6.82
1598,539322838,"01598M04:01:06.203","01598 03:13:57",206.85,876.78,,,,"     ",5.10,58.68,6.85
1598,539322839,"01598M04:01:07.177","01598 03:13:58",206.83,876.72,,,,"     ",5.10,58.87,6.87
1598,539322840,"01598M04:01:08.150","01598 03:13:58",206.81,876.79,,,,"     ",5.10,58.96,6.89
1598,539322841,"01598M04:01:09.123","01598 03:13:59",206.80,876.77,,,,"     ",5.10,58.58,6.84
1598,539322842,"01598M04:01:10.096","01598 03:14:00",206.78,876.83,,,,"     ",5.10,58.61,6.85
1598,539322843,"01598M04:01:11.070","01598 03:14:01",206.77,876.89,,,,"     ",5.10,58.65,6.86
1598,539322844,"01598M04:01:12.043","01598 03:14:02",206.75,876.85,,,,"     ",5.10,58.45,6.83
1598,539322845,"01598M04:01:13.016","01598 03:14:03",206.72,876.88,,,,"     ",5.10,58.46,6.84
1598,539322846,"01598M04:01:13.989","01598 03:14:04",206.70,876.94,,,,"     ",5.10,58.71,6.87
1598,539322847,"01598M04:01:14.963","01598 03:14:05",206.66,876.91,,,,"     ",5.10,58.54,6.85
1598,539322848,"01598M04:01:15.936","01598 03:14:06",206.63,876.89,,,,"     ",5.10,58.91,6.90
1598,539322849,"01598M04:01:16.909","01598 03:14:07",206.60,876.85,,,,"     ",5.10,58.47,6.85
1598,539322850,"01598M04:01:17.882","01598 03:14:08",206.57,876.91,,,,"     ",5.10,58.65,6.87
1598,539322851,"01598M04:01:18.856","01598 03:14:09",206.55,876.87,,,,"     ",5.10,58.71,6.88
1598,539322852,"01598M04:01:19.829","01598 03:14:10",206.54,876.85,,,,"     ",5.10,58.67,6.88
1598,539322853,"01598M04:01:20.802","01598 03:14:11",206.53,876.89,,,,"     ",5.10,58.35,6.84
1598,539322854,"01598M04:01:21.775","01598 03:14:12",206.53,876.85,,,,"     ",5.10,58.67,6.89
1598,539322855,"01598M04:01:22.749","01598 03:14:13",206.53,876.83,,,,"     ",5.10,58.58,6.88
1598,539322856,"01598M04:01:23.722","01598 03:14:14",206.52,876.88,,,,"     ",5.10,58.79,6.90
1598,539322857,"01598M04:01:24.695","01598 03:14:15",206.52,876.85,,,,"     ",5.10,58.67,6.89
1598,539322858,"01598M04:01:25.668","01598 03:14:16",206.51,876.93,,,,"     ",5.10,58.55,6.88
1598,539322859,"01598M04:01:26.642","01598 03:14:17",206.50,876.87,,,,"     ",5.10,58.35,6.86
1598,539322860,"01598M04:01:27.615","01598 03:14:18",206.49,876.95,,,,"     ",5.10,58.61,6.89
1598,539322861,"01598M04:01:28.588","01598 03:14:19",206.47,876.99,,,,"     ",5.10,58.58,6.89
1598,539322862,"01598M04:01:29.561","01598 03:14:20",206.45,876.88,,,,"     ",5.10,58.66,6.90
1598,539322863,"01598M04:01:30.535","01598 03:14:21",206.43,876.86,,,,"     ",5.10,58.72,6.91
1598,539322864,"01598M04:01:31.508","01598 03:14:22",206.40,876.93,,,,"     ",5.10,59.05,6.95
1598,539322865,"01598M04:01:32.481","01598 03:14:23",206.37,876.90,,,,"     ",5.10,58.93,6.94
1598,539322866,"01598M04:01:33.454","01598 03:14:24",206.33,876.93,,,,"     ",5.10,58.88,6.93
1598,539322867,"01598M04:01:34.428","01598 03:14:25",206.28,876.92,,,,"     ",5.10,58.60,6.90
1598,539322868,"01598M04:01:35.401","01598 03:14:26",206.23,876.98,,,,"     ",5.10,58.91,6.94
1598,539322869,"01598M04:01:36.374","01598 03:14:27",206.17,876.94,,,,"     ",5.10,58.98,6.95
1598,539322870,"01598M04:01:37.347","01598 03:14:28",206.10,876.99,,,,"     ",5.10,59.17,6.98
1598,539322871,"01598M04:01:38.321","01598 03:14:29",206.03,876.94,,,,"     ",5.10,58.80,6.94
1598,539322872,"01598M04:01:39.294","01598 03:14:30",205.94,877.10,,,,"     ",5.10,58.70,6.93
1598,539322873,"01598M04:01:40.267","01598 03:14:31",205.85,876.96,,,,"     ",5.10,58.75,6.93
1598,539322874,"01598M04:01:41.240","01598 03:14:32",205.75,876.93,,,,"     ",5.10,58.57,6.91
1598,539322875,"01598M04:01:42.214","01598 03:14:33",205.67,876.98,,,,"     ",5.10,58.84,6.95
1598,539322876,"01598M04:01:43.187","01598 03:14:34",205.59,876.95,,,,"     ",5.10,58.89,6.96
1598,539322877,"01598M04:01:44.160","01598 03:14:34",205.52,876.99,,,,"     ",5.10,58.73,6.94
1598,539322878,"01598M04:01:45.133","01598 03:14:35",205.48,876.88,,,,"     ",5.10,58.62,6.93
1598,539322879,"01598M04:01:46.107","01598 03:14:36",205.45,876.93,,,,"     ",5.10,58.79,6.95
1598,539322880,"01598M04:01:47.080","01598 03:14:37",205.43,876.90,,,,"     ",5.10,58.73,6.95
1598,539322881,"01598M04:01:48.053","01598 03:14:38",205.42,876.96,,,,"     ",5.10,58.82,6.96
1598,539322882,"01598M04:01:49.026","01598 03:14:39",205.42,877.06,,,,"     ",5.10,58.91,6.97
1598,539322883,"01598M04:01:50.000","01598 03:14:40",205.43,876.99,,,,"     ",5.10,58.84,6.97
1598,539322884,"01598M04:01:50.973","01598 03:14:41",205.43,876.98,,,,"     ",5.10,58.80,6.96
1598,539322885,"01598M04:01:51.946","01598 03:14:42",205.43,877.02,,,,"     ",5.10,58.78,6.96
1598,539322886,"01598M04:01:52.919","01598 03:14:43",205.43,877.07,,,,"     ",5.10,58.63,6.95
1598,539322887,"01598M04:01:53.893","01598 03:14:44",205.44,877.00,,,,"     ",5.10,58.83,6.97
1598,539322888,"01598M04:01:54.866","01598 03:14:45",205.45,877.04,,,,"     ",5.10,58.83,6.98
1598,539322889,"01598M04:01:55.839","01598 03:14:46",205.46,877.00,,,,"     ",5.10,58.95,6.99
1598,539322890,"01598M04:01:56.812","01598 03:14:47",205.46,877.04,,,,"     ",5.10,58.83,6.98
1598,539322891,"01598M04:01:57.786","01598 03:14:48",205.46,876.97,,,,"     ",5.10,58.89,6.99
1598,539322892,"01598M04:01:58.759","01598 03:14:49",205.45,876.88,,,,"     ",5.10,58.81,6.98
1598,539322893,"01598M04:01:59.732","01598 03:14:50",205.44,876.91,,,,"     ",5.10,58.76,6.97
1598,539322894,"01598M04:02:00.705","01598 03:14:51",205.42,877.00,,,,"     ",5.10,59.05,7.01
1598,539322895,"01598M04:02:01.679","01598 03:14:52",205.42,876.89,,,,"     ",5.10,58.77,6.98
1598,539322896,"01598M04:02:02.652","01598 03:14:53",205.41,876.93,,,,"     ",5.10,58.87,6.99
1598,539322897,"01598M04:02:03.625","01598 03:14:54",205.40,876.97,,,,"     ",5.10,58.93,7.00
1598,539322898,"01598M04:02:04.598","01598 03:14:55",205.41,876.95,,,,"     ",5.10,58.96,7.01
1598,539322899,"01598M04:02:05.572","01598 03:14:56",205.41,876.98,,,,"     ",5.10,59.09,7.02
1598,539322900,"01598M04:02:06.545","01598 03:14:57",205.42,876.94,,,,"     ",5.10,59.01,7.02
1598,539322901,"01598M04:02:07.518","01598 03:14:58",205.43,876.97,,,,"     ",5.10,58.97,7.01
1598,539322902,"01598M04:02:08.491","01598 03:14:59",205.45,876.96,,,,"     ",5.10,58.98,7.01
1598,539322903,"01598M04:02:09.465","01598 03:15:00",205.48,876.93,,,,"     ",5.10,58.99,7.02
1598,539322904,"01598M04:02:10.438","01598 03:15:01",205.51,876.97,,,,"     ",5.10,59.08,7.03
1598,539322905,"01598M04:02:11.411","01598 03:15:02",205.55,876.93,,,,"     ",5.10,59.25,7.05
1598,539322906,"01598M04:02:12.385","01598 03:15:03",205.60,877.04,,,,"     ",5.10,59.12,7.04
1598,539322907,"01598M04:02:13.358","01598 03:15:04",205.66,877.05,,,,"     ",5.10,59.04,7.03
1598,539322908,"01598M04:02:14.331","01598 03:15:05",205.73,877.13,,,,"     ",5.10,58.80,7.00
1598,539322909,"01598M04:02:15.304","01598 03:15:06",205.81,877.11,,,,"     ",5.10,59.01,7.03
1598,539322910,"01598M04:02:16.278","01598 03:15:07",205.89,877.15,,,,"     ",5.10,59.22,7.06
1598,539322911,"01598M04:02:17.251","01598 03:15:08",205.99,877.07,,,,"     ",5.10,59.03,7.03
1598,539322912,"01598M04:02:18.224","01598 03:15:09",206.10,877.07,,,,"     ",5.10,59.08,7.04
1598,539322913,"01598M04:02:19.197","01598 03:15:10",206.21,877.13,,,,"     ",5.10,58.75,7.00
1598,539322914,"01598M04:02:20.171","01598 03:15:10",206.33,877.05,,,,"     ",5.10,58.91,7.02
1598,539322915,"01598M04:02:21.144","01598 03:15:11",206.44,877.07,,,,"     ",5.10,59.24,7.06
1598,539322916,"01598M04:02:22.117","01598 03:15:12",206.55,877.09,,,,"     ",5.10,59.05,7.04
1598,539322917,"01598M04:02:23.090","01598 03:15:13",206.64,877.02,,,,"     ",5.10,59.16,7.05
1598,539322918,"01598M04:02:24.064","01598 03:15:14",206.72,877.00,,,,"     ",5.10,59.40,7.08
1598,539322919,"01598M04:02:25.037","01598 03:15:15",206.78,877.08,,,,"     ",5.10,59.21,7.06
1598,539322920,"01598M04:02:26.010","01598 03:15:16",206.81,877.02,,,,"     ",5.10,59.31,7.07
1598,539322921,"01598M04:02:26.983","01598 03:15:17",206.82,877.07,,,,"     ",5.10,59.15,7.05
1598,539322922,"01598M04:02:27.957","01598 03:15:18",206.82,877.05,,,,"     ",5.10,59.29,7.07
1598,539322923,"01598M04:02:28.930","01598 03:15:19",206.81,876.97,,,,"     ",5.10,59.49,7.09
1598,539322924,"01598M04:02:29.903","01598 03:15:20",206.78,877.07,,,,"     ",5.10,59.22,7.06
1598,539322925,"01598M04:02:30.876","01598 03:15:21",206.75,877.02,,,,"     ",5.10,59.05,7.04
1598,539322926,"01598M04:02:31.850","01598 03:15:22",206.71,877.08,,,,"     ",5.10,59.43,7.08
1598,539322927,"01598M04:02:32.823","01598 03:15:23",206.67,877.17,,,,"     ",5.10,59.30,7.07
1598,539322928,"01598M04:02:33.796","01598 03:15:24",206.64,877.14,,,,"     ",5.10,59.35,7.07
1598,539322929,"01598M04:02:34.769","01598 03:15:25",206.60,877.19,,,,"     ",5.10,59.63,7.11
1598,539322930,"01598M04:02:35.743","01598 03:15:26",206.58,877.12,,,,"     ",5.10,59.49,7.09
1598,539322931,"01598M04:02:36.716","01598 03:15:27",206.57,877.20,,,,"     ",5.10,59.61,7.11
1598,539322932,"01598M04:02:37.689","01598 03:15:28",206.57,877.09,,,,"     ",5.10,59.82,7.13
1598,539322933,"01598M04:02:38.662","01598 03:15:29",206.60,877.12,,,,"     ",5.10,59.39,7.08
1598,539322934,"01598M04:02:39.636","01598 03:15:30",206.64,877.10,,,,"     ",5.10,59.28,7.06
1598,539322935,"01598M04:02:40.609","01598 03:15:31",206.70,877.05,,,,"     ",5.10,59.28,7.06
1598,539322936,"01598M04:02:41.582","01598 03:15:32",206.78,877.05,,,,"     ",5.10,59.23,7.06
1598,539322937,"01598M04:02:42.555","01598 03:15:33",206.88,877.07,,,,"     ",5.10,59.47,7.09
1598,539322938,"01598M04:02:43.529","01598 03:15:34",206.98,877.06,,,,"     ",5.10,59.37,7.07
1598,539322939,"01598M04:02:44.502","01598 03:15:35",207.08,877.07,,,,"     ",5.10,59.68,7.11
1598,539322940,"01598M04:02:45.475","01598 03:15:36",207.18,877.14,,,,"     ",5.10,59.52,7.09
1598,539322941,"01598M04:02:46.448","01598 03:15:37",207.26,877.22,,,,"     ",5.10,59.25,7.06
1598,539322942,"01598M04:02:47.422","01598 03:15:38",207.32,877.11,,,,"     ",5.10,59.32,7.06
1598,539322943,"01598M04:02:48.395","01598 03:15:39",207.37,877.17,,,,"     ",5.10,59.31,7.06
1598,539322944,"01598M04:02:49.368","01598 03:15:40",207.41,877.15,,,,"     ",5.10,59.34,7.07
1598,539322945,"01598M04:02:50.341","01598 03:15:41",207.44,877.07,,,,"     ",5.10,59.64,7.10
1598,539322946,"01598M04:02:51.315","01598 03:15:42",207.46,877.16,,,,"     ",5.10,59.25,7.05
1598,539322947,"01598M04:02:52.288","01598 03:15:43",207.47,877.13,,,,"     ",5.10,59.35,7.06
1598,539322948,"01598M04:02:53.261","01598 03:15:44",207.49,877.16,,,,"     ",5.10,59.66,7.10
1598,539322949,"01598M04:02:54.234","01598 03:15:45",207.51,877.12,,,,"     ",5.10,59.41,7.07
1598,539322950,"01598M04:02:55.208","01598 03:15:46",207.54,877.07,,,,"     ",5.10,59.49,7.08
1598,539322951,"01598M04:02:56.181","01598 03:15:47",207.58,877.17,,,,"     ",5.10,59.57,7.09
1598,539322952,"01598M04:02:57.154","01598 03:15:47",207.62,877.17,,,,"     ",5.10,59.62,7.10
1598,539322953,"01598M04:02:58.127","01598 03:15:48",207.67,877.10,,,,"     ",5.10,59.53,7.08
1598,539322954,"01598M04:02:59.101","01598 03:15:49",207.72,877.13,,,,"     ",5.10,59.68,7.10
1598,539322955,"01598M04:03:00.074","01598 03:15:50",207.77,877.13,,,,"     ",5.10,59.45,7.07
1598,539322956,"01598M04:03:01.047","01598 03:15:51",207.82,877.21,,,,"     ",5.10,59.37,7.06
1598,539322957,"01598M04:03:02.020","01598 03:15:52",207.88,877.15,,,,"     ",5.10,59.65,7.09
1598,539322958,"01598M04:03:02.994","01598 03:15:53",207.93,877.14,,,,"     ",5.10,59.63,7.09
1598,539322959,"01598M04:03:03.967","01598 03:15:54",207.99,877.14,,,,"     ",5.10,59.72,7.10
1598,539322960,"01598M04:03:04.940","01598 03:15:55",208.03,877.11,,,,"     ",5.10,59.68,7.09
1598,539322961,"01598M04:03:05.913","01598 03:15:56",208.07,877.14,,,,"     ",5.10,59.54,7.07
1598,539322962,"01598M04:03:06.887","01598 03:15:57",208.09,877.21,,,,"     ",5.10,59.81,7.10
1598,539322963,"01598M04:03:07.860","01598 03:15:58",208.09,877.18,,,,"     ",5.10,59.59,7.08
1598,539322964,"01598M04:03:08.833","01598 03:15:59",208.07,877.13,,,,"     ",5.10,59.57,7.07
1598,539322965,"01598M04:03:09.806","01598 03:16:00",208.04,877.17,,,,"     ",5.10,59.89,7.11
1598,539322966,"01598M04:03:10.780","01598 03:16:01",208.00,877.20,,,,"     ",5.10,59.77,7.10
1598,539322967,"01598M04:03:11.753","01598 03:16:02",207.94,877.29,,,,"     ",5.10,59.62,7.08
1598,539322968,"01598M04:03:12.726","01598 03:16:03",207.88,877.26,,,,"     ",5.10,59.73,7.09
1598,539322969,"01598M04:03:13.699","01598 03:16:04",207.82,877.19,,,,"     ",5.10,59.61,7.07
1598,539322970,"01598M04:03:14.673","01598 03:16:05",207.77,877.11,,,,"     ",5.10,59.82,7.10
1598,539322971,"01598M04:03:15.646","01598 03:16:06",207.73,877.17,,,,"     ",5.10,59.69,7.08
1598,539322972,"01598M04:03:16.619","01598 03:16:07",207.72,877.12,,,,"     ",5.10,59.47,7.05
1598,539322973,"01598M04:03:17.592","01598 03:16:08",207.72,877.12,,,,"     ",5.10,59.57,7.06
1598,539322974,"01598M04:03:18.566","01598 03:16:09",207.74,877.17,,,,"     ",5.10,59.95,7.11
1598,539322975,"01598M04:03:19.539","01598 03:16:10",207.78,877.18,,,,"     ",5.10,59.81,7.09
1598,539322976,"01598M04:03:20.512","01598 03:16:11",207.82,877.18,,,,"     ",5.10,59.90,7.10
1598,539322977,"01598M04:03:21.485","01598 03:16:12",207.86,877.18,,,,"     ",5.10,59.77,7.09
1598,539322978,"01598M04:03:22.459","01598 03:16:13",207.90,877.19,,,,"     ",5.10,59.65,7.07
1598,539322979,"01598M04:03:23.432","01598 03:16:14",207.94,877.22,,,,"     ",5.10,59.93,7.10
1598,539322980,"01598M04:03:24.405","01598 03:16:15",207.96,877.25,,,,"     ",5.10,59.91,7.10
1598,539322981,"01598M04:03:25.379","01598 03:16:16",207.97,877.15,,,,"     ",5.10,59.65,7.06
1598,539322982,"01598M04:03:26.352","01598 03:16:17",207.98,877.21,,,,"     ",5.10,59.72,7.07
1598,539322983,"01598M04:03:27.325","01598 03:16:18",207.97,877.19,,,,"     ",5.10,60.27,7.14
1598,539322984,"01598M04:03:28.298","01598 03:16:19",207.96,877.16,,,,"     ",5.10,59.83,7.08
1598,539322985,"01598M04:03:29.272","01598 03:16:20",207.94,877.19,,,,"     ",5.10,59.84,7.08
1598,539322986,"01598M04:03:30.245","01598 03:16:21",207.92,877.20,,,,"     ",5.10,59.80,7.08
1598,539322987,"01598M04:03:31.218","01598 03:16:22",207.90,877.29,,,,"     ",5.10,59.79,7.08
1598,539322988,"01598M04:03:32.191","01598 03:16:23",207.87,877.16,,,,"     ",5.10,60.08,7.11
1598,539322989,"01598M04:03:33.165","01598 03:16:23",207.85,877.23,,,,"     ",5.10,59.89,7.09
1598,539322990,"01598M04:03:34.138","01598 03:16:24",207.82,877.22,,,,"     ",5.10,59.75,7.07
1598,539322991,"01598M04:03:35.111","01598 03:16:25",207.79,877.17,,,,"     ",5.10,60.02,7.10
1598,539322992,"01598M04:03:36.084","01598 03:16:26",207.77,877.29,,,,"     ",5.10,59.93,7.09
1598,539322993,"01598M04:03:37.058","01598 03:16:27",207.74,877.23,,,,"     ",5.10,60.22,7.12
1598,539322994,"01598M04:03:38.031","01598 03:16:28",207.72,877.24,,,,"     ",5.10,60.10,7.11
1598,539322995,"01598M04:03:39.004","01598 03:16:29",207.70,877.15,,,,"     ",5.10,60.16,7.12
1598,539322996,"01598M04:03:39.977","01598 03:16:30",207.70,877.17,,,,"     ",5.10,59.71,7.06
1598,539322997,"01598M04:03:40.951","01598 03:16:31",207.71,877.19,,,,"     ",5.10,60.19,7.12
1598,539322998,"01598M04:03:41.924","01598 03:16:32",207.72,877.27,,,,"     ",5.10,59.99,7.10
1598,539322999,"01598M04:03:42.897","01598 03:16:33",207.74,877.28,,,,"     ",5.10,60.02,7.10
1598,539323000,"01598M04:03:43.870","01598 03:16:34",207.76,877.26,,,,"     ",5.10,59.76,7.07
1598,539323001,"01598M04:03:44.844","01598 03:16:35",207.77,877.31,,,,"     ",5.10,59.73,7.06
1598,539323002,"01598M04:03:45.817","01598 03:16:36",207.77,877.28,,,,"     ",5.10,59.82,7.07
1598,539323003,"01598M04:03:46.790","01598 03:16:37",207.75,877.32,,,,"     ",5.10,59.78,7.07
1598,539323004,"01598M04:03:47.763","01598 03:16:38",207.73,877.29,,,,"     ",5.10,60.17,7.12
1598,539323005,"01598M04:03:48.737","01598 03:16:39",207.69,877.14,,,,"     ",5.10,59.80,7.07
1598,539323006,"01598M04:03:49.710","01598 03:16:40",207.64,877.27,,,,"     ",5.10,59.94,7.09
1598,539323007,"01598M04:03:50.683","01598 03:16:41",207.59,877.31,,,,"     ",5.10,60.06,7.11
1598,539323008,"01598M04:03:51.656","01598 03:16:42",207.53,877.32,,,,"     ",5.10,59.89,7.08
1598,539323009,"01598M04:03:52.630","01598 03:16:43",207.48,877.26,,,,"     ",5.10,59.74,7.07
1598,539323010,"01598M04:03:53.603","01598 03:16:44",207.43,877.27,,,,"     ",5.10,59.99,7.10
1598,539323011,"01598M04:03:54.576","01598 03:16:45",207.38,877.29,,,,"     ",5.10,59.69,7.06
1598,539323012,"01598M04:03:55.549","01598 03:16:46",207.34,877.23,,,,"     ",5.10,59.74,7.07
1598,539323013,"01598M04:03:56.523","01598 03:16:47",207.30,877.22,,,,"     ",5.10,59.68,7.06
1598,539323014,"01598M04:03:57.496","01598 03:16:48",207.26,877.22,,,,"     ",5.10,59.89,7.09
1598,539323015,"01598M04:03:58.469","01598 03:16:49",207.22,877.26,,,,"     ",5.10,59.45,7.04
1598,539323016,"01598M04:03:59.442","01598 03:16:50",207.18,877.27,,,,"     ",5.10,59.59,7.05
1598,539323017,"01598M04:04:00.416","01598 03:16:51",207.14,877.28,,,,"     ",5.10,59.74,7.07
1598,539323018,"01598M04:04:01.389","01598 03:16:52",207.10,877.22,,,,"     ",5.10,59.50,7.04
1598,539323019,"01598M04:04:02.362","01598 03:16:53",207.06,877.25,,,,"     ",5.10,59.50,7.04
1598,539323020,"01598M04:04:03.335","01598 03:16:54",207.02,877.13,,,,"     ",5.10,59.72,7.07
1598,539323021,"01598M04:04:04.309","01598 03:16:55",206.98,877.19,,,,"     ",5.10,59.75,7.07
1598,539323022,"01598M04:04:05.282","01598 03:16:56",206.94,877.18,,,,"     ",5.10,59.61,7.06
1598,539323023,"01598M04:04:06.255","01598 03:16:57",206.90,877.22,,,,"     ",5.10,59.53,7.05
1598,539323024,"01598M04:04:07.228","01598 03:16:58",206.85,877.20,,,,"     ",5.10,59.46,7.04
1598,539323025,"01598M04:04:08.202","01598 03:16:59",206.81,877.20,,,,"     ",5.10,59.25,7.02
1598,539323026,"01598M04:04:09.175","01598 03:16:59",206.76,877.17,,,,"     ",5.10,59.19,7.01
1598,539323027,"01598M04:04:10.148","01598 03:17:00",206.72,877.22,,,,"     ",5.10,59.30,7.03
1598,539323028,"01598M04:04:11.121","01598 03:17:01",206.67,877.24,,,,"     ",5.10,59.49,7.05
1598,539323029,"01598M04:04:12.095","01598 03:17:02",206.63,877.27,,,,"     ",5.10,59.42,7.05
1598,539323030,"01598M04:04:13.068","01598 03:17:03",206.58,877.17,,,,"     ",5.10,59.26,7.03
1598,539323031,"01598M04:04:14.041","01598 03:17:04",206.55,877.26,,,,"     ",5.10,59.26,7.03
1598,539323032,"01598M04:04:15.014","01598 03:17:05",206.52,877.22,,,,"     ",5.10,59.43,7.05
1598,539323033,"01598M04:04:15.988","01598 03:17:06",206.50,877.26,,,,"     ",5.10,59.56,7.07
1598,539323034,"01598M04:04:16.961","01598 03:17:07",206.49,877.25,,,,"     ",5.10,59.17,7.02
1598,539323035,"01598M04:04:17.934","01598 03:17:08",206.49,877.17,,,,"     ",5.10,59.22,7.03
1598,539323036,"01598M04:04:18.907","01598 03:17:09",206.49,877.20,,,,"     ",5.10,59.42,7.06
1598,539323037,"01598M04:04:19.881","01598 03:17:10",206.49,877.20,,,,"     ",5.10,59.35,7.05
1598,539323038,"01598M04:04:20.854","01598 03:17:11",206.47,877.28,,,,"     ",5.10,59.10,7.02
1598,539323039,"01598M04:04:21.827","01598 03:17:12",206.45,877.30,,,,"     ",5.10,59.13,7.03
1598,539323040,"01598M04:04:22.800","01598 03:17:13",206.42,877.25,,,,"     ",5.10,59.11,7.03
1598,539323041,"01598M04:04:23.774","01598 03:17:14",206.38,877.17,,,,"     ",5.10,58.96,7.01
1598,539323042,"01598M04:04:24.747","01598 03:17:15",206.33,877.23,,,,"     ",5.10,59.17,7.04
1598,539323043,"01598M04:04:25.720","01598 03:17:16",206.29,877.31,,,,"     ",5.10,59.08,7.03
1598,539323044,"01598M04:04:26.693","01598 03:17:17",206.24,877.30,,,,"     ",5.10,58.83,7.00
1598,539323045,"01598M04:04:27.667","01598 03:17:18",206.20,877.22,,,,"     ",5.10,59.09,7.04
1598,539323046,"01598M04:04:28.640","01598 03:17:19",206.17,877.21,,,,"     ",5.10,58.82,7.00
1598,539323047,"01598M04:04:29.613","01598 03:17:20",206.13,877.18,,,,"     ",5.10,59.01,7.03
1598,539323048,"01598M04:04:30.586","01598 03:17:21",206.10,877.22,,,,"     ",5.10,58.78,7.00
1598,539323049,"01598M04:04:31.560","01598 03:17:22",206.06,877.15,,,,"     ",5.10,58.72,7.00
1598,539323050,"01598M04:04:32.533","01598 03:17:23",206.03,877.11,,,,"     ",5.10,59.09,7.05
1598,539323051,"01598M04:04:33.506","01598 03:17:24",206.01,877.05,,,,"     ",5.10,58.70,7.00
1598,539323052,"01598M04:04:34.480","01598 03:17:25",205.99,877.19,,,,"     ",5.10,58.75,7.01
1598,539323053,"01598M04:04:35.453","01598 03:17:26",205.97,877.19,,,,"     ",5.10,58.80,7.02
1598,539323054,"01598M04:04:36.426","01598 03:17:27",205.96,877.12,,,,"     ",5.10,58.68,7.00
1598,539323055,"01598M04:04:37.399","01598 03:17:28",205.96,877.18,,,,"     ",5.10,58.63,7.00
1598,539323056,"01598M04:04:38.373","01598 03:17:29",205.96,877.15,,,,"     ",5.10,58.66,7.01
1598,539323057,"01598M04:04:39.346","01598 03:17:30",205.96,877.22,,,,"     ",5.10,58.82,7.03
1598,539323058,"01598M04:04:40.319","01598 03:17:31",205.96,877.21,,,,"     ",5.10,58.54,7.00
1598,539323059,"01598M04:04:41.292","01598 03:17:32",205.95,877.23,,,,"     ",5.10,59.00,7.06
1598,539323060,"01598M04:04:42.266","01598 03:17:33",205.95,877.17,,,,"     ",5.10,58.76,7.03
1598,539323061,"01598M04:04:43.239","01598 03:17:34",205.94,877.16,,,,"     ",5.10,58.56,7.01
1598,539323062,"01598M04:04:44.212","01598 03:17:35",205.94,877.21,,,,"     ",5.10,58.63,7.02
1598,539323063,"01598M04:04:45.185","01598 03:17:35",205.94,877.19,,,,"     ",5.10,58.86,7.04
1598,539323064,"01598M04:04:46.159","01598 03:17:36",205.94,877.20,,,,"     ",5.10,59.15,7.08
1598,539323065,"01598M04:04:47.132","01598 03:17:37",205.94,877.11,,,,"     ",5.10,58.80,7.04
1598,539323066,"01598M04:04:48.105","01598 03:17:38",205.94,877.05,,,,"     ",5.10,58.90,7.06
1598,539323067,"01598M04:04:49.078","01598 03:17:39",205.94,877.12,,,,"     ",5.10,58.92,7.06
1598,539323068,"01598M04:04:50.052","01598 03:17:40",205.93,877.15,,,,"     ",5.10,58.79,7.04
1598,539323069,"01598M04:04:51.025","01598 03:17:41",205.92,877.15,,,,"     ",5.10,58.90,7.06
1598,539323070,"01598M04:04:51.998","01598 03:17:42",205.91,877.19,,,,"     ",5.10,58.86,7.05
1598,539323071,"01598M04:04:52.971","01598 03:17:43",205.91,877.19,,,,"     ",5.10,58.86,7.06
1598,539323072,"01598M04:04:53.945","01598 03:17:44",205.92,877.14,,,,"     ",5.10,58.79,7.05
1598,539323073,"01598M04:04:54.918","01598 03:17:45",205.94,877.21,,,,"     ",5.10,59.01,7.08
1598,539323074,"01598M04:04:55.891","01598 03:17:46",205.96,877.21,,,,"     ",5.10,58.92,7.07
1598,539323075,"01598M04:04:56.864","01598 03:17:47",205.99,877.16,,,,"     ",5.10,58.61,7.03
1598,539323076,"01598M04:04:57.838","01598 03:17:48",206.01,877.14,,,,"     ",5.10,58.78,7.05
1598,539323077,"01598M04:04:58.811","01598 03:17:49",206.04,877.22,,,,"     ",5.10,58.95,7.08
1598,539323078,"01598M04:04:59.784","01598 03:17:50",206.05,877.16,,,,"     ",5.10,58.82,7.06
1598,539323079,"01598M04:05:00.757","01598 03:17:51",206.05,877.27,,,,"     ",5.10,58.71,7.05
1598,539323080,"01598M04:05:01.731","01598 03:17:52",206.04,877.23,,,,"     ",5.10,58.79,7.07
1598,539323081,"01598M04:05:02.704","01598 03:17:53",206.01,877.21,,,,"     ",5.10,58.47,7.03
1598,539323082,"01598M04:05:03.677","01598 03:17:54",205.96,877.26,,,,"     ",5.10,58.59,7.04
1598,539323083,"01598M04:05:04.650","01598 03:17:55",205.90,877.20,,,,"     ",5.10,58.53,7.04
1598,539323084,"01598M04:05:05.624","01598 03:17:56",205.83,877.20,,,,"     ",5.10,58.53,7.04
1598,539323085,"01598M04:05:06.597","01598 03:17:57",205.76,877.21,,,,"     ",5.10,58.85,7.08
1598,539323086,"01598M04:05:07.570","01598 03:17:58",205.68,877.25,,,,"     ",5.10,58.59,7.05
1598,539323087,"01598M04:05:08.543","01598 03:17:59",205.61,877.22,,,,"     ",5.10,58.61,7.06
1598,539323088,"01598M04:05:09.517","01598 03:18:00",205.54,877.17,,,,"     ",5.10,58.29,7.02
1598,539323089,"01598M04:05:10.490","01598 03:18:01",205.48,877.17,,,,"     ",5.10,58.46,7.04
1598,539323090,"01598M04:05:11.463","01598 03:18:02",205.41,877.14,,,,"     ",5.10,58.22,7.02
1598,539323091,"01598M04:05:12.436","01598 03:18:03",205.34,877.15,,,,"     ",5.10,58.61,7.07
1598,539323092,"01598M04:05:13.410","01598 03:18:04",205.26,877.18,,,,"     ",5.10,58.07,7.00
1598,539323093,"01598M04:05:14.383","01598 03:18:05",205.18,877.21,,,,"     ",5.10,58.49,7.06
1598,539323094,"01598M04:05:15.356","01598 03:18:06",205.10,877.13,,,,"     ",5.10,58.33,7.04
1598,539323095,"01598M04:05:16.329","01598 03:18:07",205.02,877.18,,,,"     ",5.10,58.41,7.05
1598,539323096,"01598M04:05:17.303","01598 03:18:08",204.95,877.18,,,,"     ",5.10,58.22,7.03
1598,539323097,"01598M04:05:18.276","01598 03:18:09",204.89,877.24,,,,"     ",5.10,58.35,7.05
1598,539323098,"01598M04:05:19.249","01598 03:18:10",204.86,877.28,,,,"     ",5.10,58.06,7.01
1598,539323099,"01598M04:05:20.222","01598 03:18:11",204.84,877.23,,,,"     ",5.10,58.29,7.04
1598,539323100,"01598M04:05:21.196","01598 03:18:11",204.84,877.20,,,,"     ",5.10,58.12,7.02
1598,539323101,"01598M04:05:22.169","01598 03:18:12",204.87,877.25,,,,"     ",5.10,57.96,7.01
1598,539323102,"01598M04:05:23.142","01598 03:18:13",204.21,877.34,,,,"     ",5.10,57.95,7.01
1598,539323103,"01598M04:05:24.115","01598 03:18:14",204.28,877.28,,,,"     ",5.10,58.04,7.02
1598,539323104,"01598M04:05:25.089","01598 03:18:15",204.34,877.26,,,,"     ",5.10,58.25,7.05
1598,539323105,"01598M04:05:26.062","01598 03:18:16",204.38,877.29,,,,"     ",5.10,57.95,7.02
1598,539323106,"01598M04:05:27.035","01598 03:18:17",204.41,877.16,,,,"     ",5.10,57.94,7.02
1598,539323107,"01598M04:05:28.008","01598 03:18:18",204.41,877.26,,,,"     ",5.10,58.01,7.03
1598,539323108,"01598M04:05:28.982","01598 03:18:19",204.40,877.22,,,,"     ",5.10,58.03,7.03
1598,539323109,"01598M04:05:29.955","01598 03:18:20",204.40,877.19,,,,"     ",5.10,58.13,7.05
1598,539323110,"01598M04:05:30.928","01598 03:18:21",204.39,877.20,,,,"     ",5.10,57.92,7.02
1598,539323111,"01598M04:05:31.901","01598 03:18:22",204.40,877.22,,,,"     ",5.10,57.68,6.99
1598,539323112,"01598M04:05:32.875","01598 03:18:23",204.40,877.18,,,,"     ",5.10,58.15,7.05
1598,539323113,"01598M04:05:33.848","01598 03:18:24",204.41,877.25,,,,"     ",5.10,58.08,7.05
1598,539323114,"01598M04:05:34.821","01598 03:18:25",204.42,877.19,,,,"     ",5.10,57.66,7.00
1598,539323115,"01598M04:05:35.794","01598 03:18:26",204.44,877.19,,,,"     ",5.10,57.97,7.04
1598,539323116,"01598M04:05:36.768","01598 03:18:27",204.45,877.18,,,,"     ",5.10,57.69,7.01
1598,539323117,"01598M04:05:37.741","01598 03:18:28",204.46,877.18,,,,"     ",5.10,57.61,7.00
1598,539323118,"01598M04:05:38.714","01598 03:18:29",204.48,877.22,,,,"     ",5.10,57.85,7.03
1598,539323119,"01598M04:05:39.687","01598 03:18:30",204.49,877.18,,,,"     ",5.10,57.59,7.00
1598,539323120,"01598M04:05:40.661","01598 03:18:31",204.50,877.15,,,,"     ",5.10,57.72,7.01
1598,539323121,"01598M04:05:41.634","01598 03:18:32",204.52,877.16,,,,"     ",5.10,57.72,7.02
1598,539323122,"01598M04:05:42.607","01598 03:18:33",204.53,877.18,,,,"     ",5.10,57.66,7.01
1598,539323123,"01598M04:05:43.581","01598 03:18:34",204.55,877.25,,,,"     ",5.10,57.43,6.99
1598,539323124,"01598M04:05:44.554","01598 03:18:35",204.56,877.31,,,,"     ",5.10,57.61,7.01
1598,539323125,"01598M04:05:45.527","01598 03:18:36",204.58,877.35,,,,"     ",5.10,57.65,7.02
1598,539323126,"01598M04:05:46.500","01598 03:18:37",204.60,877.36,,,,"     ",5.10,57.71,7.03
1598,539326508,"01598M05:00:38.044","01598 04:13:28",211.06,879.87,,,,"     ",5.10,,
1598,539326509,"01598M05:00:39.017","01598 04:13:29",211.32,879.88,,,,"     ",5.10,52.04,11.41
1598,539326510,"01598M05:00:39.990","01598 04:13:30",211.56,879.88,,,,"     ",5.10,52.36,11.44
1598,539326511,"01598M05:00:40.963","01598 04:13:31",211.78,879.82,,,,"     ",5.10,52.41,11.41
1598,539326512,"01598M05:00:41.937","01598 04:13:32",211.99,879.85,,,,"     ",5.10,52.46,11.38
1598,539326513,"01598M05:00:42.910","01598 04:13:33",212.19,879.86,,,,"     ",5.10,52.68,11.40
1598,539326514,"01598M05:00:43.883","01598 04:13:34",212.38,879.89,,,,"     ",5.10,52.56,11.33
1598,539326515,"01598M05:00:44.856","01598 04:13:35",212.55,880.02,,,,"     ",5.10,52.67,11.32
1598,539326516,"01598M05:00:45.830","01598 04:13:36",212.71,879.78,,,,"     ",5.10,52.94,11.34
1598,539326517,"01598M05:00:46.803","01598 04:13:36",212.86,879.88,,,,"     ",5.10,53.11,11.34
1598,539326518,"01598M05:00:47.776","01598 04:13:37",213.00,879.89,,,,"     ",5.10,53.07,11.30
1598,539326519,"01598M05:00:48.749","01598 04:13:38",213.13,879.85,,,,"     ",5.10,53.01,11.25
1598,539326520,"01598M05:00:49.723","01598 04:13:39",213.25,879.83,,,,"     ",5.10,53.28,11.27
1598,539326521,"01598M05:00:50.696","01598 04:13:40",213.34,879.74,,,,"     ",5.10,53.56,11.30
1598,539326522,"01598M05:00:51.669","01598 04:13:41",213.38,879.80,,,,"     ",5.10,53.64,11.28
1598,539326523,"01598M05:00:52.642","01598 04:13:42",213.40,879.88,,,,"     ",5.10,53.50,11.22
1598,539326524,"01598M05:00:53.616","01598 04:13:43",213.40,879.86,,,,"     ",5.10,53.69,11.23
1598,539326525,"01598M05:00:54.589","01598 04:13:44",213.40,879.89,,,,"     ",5.10,53.59,11.18
1598,539326526,"01598M05:00:55.562","01598 04:13:45",213.41,879.85,,,,"     ",5.10,53.88,11.21
1598,539326527,"01598M05:00:56.535","01598 04:13:46",213.43,879.84,,,,"     ",5.10,53.85,11.17
1598,539326528,"01598M05:00:57.509","01598 04:13:47",213.49,879.86,,,,"     ",5.10,54.11,11.19
1598,539326529,"01598M05:00:58.482","01598 04:13:48",213.57,879.86,,,,"     ",5.10,54.16,11.17
1598,539326530,"01598M05:00:59.455","01598 04:13:49",213.66,879.91,,,,"     ",5.10,54.17,11.15
1598,539326531,"01598M05:01:00.428","01598 04:13:50",213.75,879.82,,,,"     ",5.10,54.25,11.13
1598,539326532,"01598M05:01:01.402","01598 04:13:51",213.82,879.93,,,,"     ",5.10,54.29,11.11
1598,539326533,"01598M05:01:02.375","01598 04:13:52",213.88,879.87,,,,"     ",5.10,54.34,11.10
1598,539326534,"01598M05:01:03.348","01598 04:13:53",213.95,879.85,,,,"     ",5.10,54.47,11.09
1598,539326535,"01598M05:01:04.321","01598 04:13:54",214.02,879.91,,,,"     ",5.10,54.60,11.10
1598,539326536,"01598M05:01:05.295","01598 04:13:55",214.08,879.88,,,,"     ",5.10,54.54,11.06
1598,539326537,"01598M05:01:06.268","01598 04:13:56",214.12,879.94,,,,"     ",5.10,54.51,11.03
1598,539326538,"01598M05:01:07.241","01598 04:13:57",214.12,879.89,,,,"     ",5.10,54.73,11.04
1598,539326539,"01598M05:01:08.214","01598 04:13:58",214.09,879.85,,,,"     ",5.10,54.70,11.01
1598,539326540,"01598M05:01:09.188","01598 04:13:59",214.03,879.92,,,,"     ",5.10,54.82,11.01
1598,539326541,"01598M05:01:10.161","01598 04:14:00",213.95,879.87,,,,"     ",5.10,54.84,10.99
1598,539326542,"01598M05:01:11.134","01598 04:14:01",213.86,879.87,,,,"     ",5.10,55.04,11.01
1598,539326543,"01598M05:01:12.107","01598 04:14:02",213.76,879.85,,,,"     ",5.10,54.99,10.97
1598,539326544,"01598M05:01:13.081","01598 04:14:03",213.67,879.84,,,,"     ",5.10,54.98,10.95
1598,539326545,"01598M05:01:14.054","01598 04:14:04",213.59,879.88,,,,"     ",5.10,54.91,10.91
1598,539326546,"01598M05:01:15.027","01598 04:14:05",213.52,879.90,,,,"     ",5.10,55.31,10.97
1598,539326547,"01598M05:01:16.000","01598 04:14:06",213.49,879.86,,,,"     ",5.10,55.21,10.93
1598,539326548,"01598M05:01:16.974","01598 04:14:07",213.48,879.94,,,,"     ",5.10,55.18,10.90
1598,539326549,"01598M05:01:17.947","01598 04:14:08",213.47,879.88,,,,"     ",5.10,55.26,10.90
1598,539326550,"01598M05:01:18.920","01598 04:14:09",213.46,879.92,,,,"     ",5.10,55.33,10.90
1598,539326551,"01598M05:01:19.893","01598 04:14:10",213.45,879.85,,,,"     ",5.10,55.23,10.86
1598,539326552,"01598M05:01:20.867","01598 04:14:11",213.45,879.85,,,,"     ",5.10,55.30,10.85
1598,539326553,"01598M05:01:21.840","01598 04:14:12",213.48,879.89,,,,"     ",5.10,55.43,10.86
1598,539326554,"01598M05:01:22.813","01598 04:14:12",213.51,879.82,,,,"     ",5.10,55.57,10.87
1598,539326555,"01598M05:01:23.786","01598 04:14:13",213.58,879.77,,,,"     ",5.10,55.65,10.86
1598,539326556,"01598M05:01:24.760","01598 04:14:14",213.66,879.64,,,,"     ",5.10,55.35,10.78
1598,539326557,"01598M05:01:25.733","01598 04:14:15",213.75,879.81,,,,"     ",5.10,55.51,10.80
1598,539326558,"01598M05:01:26.706","01598 04:14:16",213.85,879.91,,,,"     ",5.10,55.67,10.81
1598,539326559,"01598M05:01:27.679","01598 04:14:17",213.93,879.97,,,,"     ",5.10,55.63,10.78
1598,539326560,"01598M05:01:28.653","01598 04:14:18",213.99,880.12,,,,"     ",5.10,55.72,10.79
1598,539326561,"01598M05:01:29.626","01598 04:14:19",214.05,879.91,,,,"     ",5.10,56.53,10.92
1598,539326562,"01598M05:01:30.599","01598 04:14:20",214.11,879.78,,,,"     ",5.10,55.80,10.76
1598,539326563,"01598M05:01:31.572","01598 04:14:21",214.17,879.78,,,,"     ",5.10,55.81,10.75
1598,539326564,"01598M05:01:32.546","01598 04:14:22",214.22,879.82,,,,"     ",5.10,56.08,10.78
1598,539326565,"01598M05:01:33.519","01598 04:14:23",214.27,879.88,,,,"     ",5.10,56.15,10.78
1598,539326566,"01598M05:01:34.492","01598 04:14:24",214.31,879.87,,,,"     ",5.10,56.00,10.74
1598,539326567,"01598M05:01:35.466","01598 04:14:25",214.35,879.83,,,,"     ",5.10,55.95,10.71
1598,539326568,"01598M05:01:36.439","01598 04:14:26",214.38,879.81,,,,"     ",5.10,56.11,10.72
1598,539326569,"01598M05:01:37.412","01598 04:14:27",214.39,879.90,,,,"     ",5.10,55.93,10.67
1598,539326570,"01598M05:01:38.385","01598 04:14:28",214.41,879.95,,,,"     ",5.10,55.87,10.65
1598,539326571,"01598M05:01:39.359","01598 04:14:29",214.42,879.94,,,,"     ",5.10,55.95,10.65
1598,539326572,"01598M05:01:40.332","01598 04:14:30",214.44,879.92,,,,"     ",5.10,56.20,10.68
1598,539326573,"01598M05:01:41.305","01598 04:14:31",214.46,879.93,,,,"     ",5.10,56.07,10.64
1598,539326574,"01598M05:01:42.278","01598 04:14:32",214.49,879.91,,,,"     ",5.10,56.13,10.64
1598,539326575,"01598M05:01:43.252","01598 04:14:33",214.54,879.99,,,,"     ",5.10,56.10,10.62
1598,539326576,"01598M05:01:44.225","01598 04:14:34",214.62,879.91,,,,"     ",5.10,55.81,10.55
1598,539326577,"01598M05:01:45.198","01598 04:14:35",214.71,879.91,,,,"     ",5.10,56.27,10.62
1598,539326578,"01598M05:01:46.171","01598 04:14:36",214.79,879.95,,,,"     ",5.10,56.09,10.57
1598,539326579,"01598M05:01:47.145","01598 04:14:37",214.85,879.90,,,,"     ",5.10,55.99,10.54
1598,539326580,"01598M05:01:48.118","01598 04:14:38",214.88,879.92,,,,"     ",5.10,56.63,10.66
1598,539326581,"01598M05:01:49.091","01598 04:14:39",214.89,879.95,,,,"     ",5.10,56.16,10.55
1598,539326582,"01598M05:01:50.064","01598 04:14:40",214.89,879.83,,,,"     ",5.10,56.10,10.52
1598,539326583,"01598M05:01:51.038","01598 04:14:41",214.88,879.80,,,,"     ",5.10,56.20,10.53
1598,539326584,"01598M05:01:52.011","01598 04:14:42",214.87,879.86,,,,"     ",5.10,55.63,10.41
1598,539326585,"01598M05:01:52.984","01598 04:14:43",214.82,879.92,,,,"     ",5.10,56.05,10.47
1598,539326586,"01598M05:01:53.957","01598 04:14:44",214.77,879.81,,,,"     ",5.10,56.07,10.46
1598,539326587,"01598M05:01:54.931","01598 04:14:45",214.71,879.87,,,,"     ",5.10,56.30,10.49
1598,539326588,"01598M05:01:55.904","01598 04:14:46",214.65,879.90,,,,"     ",5.10,56.21,10.47
1598,539326589,"01598M05:01:56.877","01598 04:14:47",214.60,879.97,,,,"     ",5.10,56.05,10.42
1598,539326590,"01598M05:01:57.850","01598 04:14:48",214.55,879.97,,,,"     ",5.10,56.14,10.43
1598,539326591,"01598M05:01:58.824","01598 04:14:48",214.52,879.94,,,,"     ",5.10,56.32,10.45
1598,539326592,"01598M05:01:59.797","01598 04:14:49",214.50,880.03,,,,"     ",5.10,56.03,10.39
1598,539326593,"01598M05:02:00.770","01598 04:14:50",214.52,879.96,,,,"     ",5.10,56.16,10.40
1598,539326594,"01598M05:02:01.743","01598 04:14:51",214.55,879.94,,,,"     ",5.10,56.20,10.39
1598,539326595,"01598M05:02:02.717","01598 04:14:52",214.60,879.94,,,,"     ",5.10,56.09,10.36
1598,539326596,"01598M05:02:03.690","01598 04:14:53",214.68,880.00,,,,"     ",5.10,56.28,10.39
1598,539326597,"01598M05:02:04.663","01598 04:14:54",214.74,879.91,,,,"     ",5.10,56.13,10.35
1598,539326598,"01598M05:02:05.636","01598 04:14:55",214.78,879.89,,,,"     ",5.10,56.19,10.35
1598,539326599,"01598M05:02:06.610","01598 04:14:56",214.78,879.95,,,,"     ",5.10,56.10,10.32
1598,539326600,"01598M05:02:07.583","01598 04:14:57",214.76,879.90,,,,"     ",5.10,56.09,10.30
1598,539326601,"01598M05:02:08.556","01598 04:14:58",214.72,879.83,,,,"     ",5.10,56.36,10.34
1598,539326602,"01598M05:02:09.529","01598 04:14:59",214.66,879.88,,,,"     ",5.10,56.17,10.30
1598,539326603,"01598M05:02:10.503","01598 04:15:00",214.60,879.78,,,,"     ",5.10,56.59,10.37
1598,539326604,"01598M05:02:11.476","01598 04:15:01",214.54,879.91,,,,"     ",5.10,56.23,10.29
1598,539326605,"01598M05:02:12.449","01598 04:15:02",214.50,879.96,,,,"     ",5.10,56.41,10.31
1598,539326606,"01598M05:02:13.422","01598 04:15:03",214.50,879.85,,,,"     ",5.10,56.49,10.32
1598,539326607,"01598M05:02:14.396","01598 04:15:04",214.52,879.94,,,,"     ",5.10,56.45,10.30
1598,539326608,"01598M05:02:15.369","01598 04:15:05",214.57,879.92,,,,"     ",5.10,56.62,10.32
1598,539326609,"01598M05:02:16.342","01598 04:15:06",214.64,879.93,,,,"     ",5.10,56.65,10.32
1598,539326610,"01598M05:02:17.315","01598 04:15:07",214.72,879.92,,,,"     ",5.10,56.93,10.36
1598,539326611,"01598M05:02:18.289","01598 04:15:08",214.80,879.90,,,,"     ",5.10,56.77,10.32
1598,539326612,"01598M05:02:19.262","01598 04:15:09",214.86,879.95,,,,"     ",5.10,57.02,10.36
1598,539326613,"01598M05:02:20.235","01598 04:15:10",214.93,879.95,,,,"     ",5.10,57.07,10.36
1598,539326614,"01598M05:02:21.208","01598 04:15:11",214.98,879.99,,,,"     ",5.10,56.34,10.22
1598,539326615,"01598M05:02:22.182","01598 04:15:12",215.01,880.11,,,,"     ",5.10,57.07,10.34
1598,539326616,"01598M05:02:23.155","01598 04:15:13",215.03,880.03,,,,"     ",5.10,57.11,10.34
1598,539326617,"01598M05:02:24.128","01598 04:15:14",215.02,879.95,,,,"     ",5.10,56.98,10.30
1598,539326618,"01598M05:02:25.101","01598 04:15:15",214.98,879.99,,,,"     ",5.10,57.29,10.35
1598,539326619,"01598M05:02:26.075","01598 04:15:16",214.93,879.84,,,,"     ",5.10,57.10,10.30
1598,539326620,"01598M05:02:27.048","01598 04:15:17",214.89,879.85,,,,"     ",5.10,57.29,10.33
1598,539326621,"01598M05:02:28.021","01598 04:15:18",214.87,880.00,,,,"     ",5.10,57.22,10.31
1598,539326622,"01598M05:02:28.994","01598 04:15:19",214.87,880.00,,,,"     ",5.10,57.19,10.29
1598,539326623,"01598M05:02:29.968","01598 04:15:20",214.89,879.93,,,,"     ",5.10,57.26,10.30
1598,539326624,"01598M05:02:30.941","01598 04:15:21",214.95,880.01,,,,"     ",5.10,57.35,10.31
1598,539326625,"01598M05:02:31.914","01598 04:15:22",215.02,879.94,,,,"     ",5.10,57.11,10.25
1598,539326626,"01598M05:02:32.887","01598 04:15:23",215.09,879.92,,,,"     ",5.10,57.53,10.32
1598,539326627,"01598M05:02:33.861","01598 04:15:24",215.16,880.00,,,,"     ",5.10,57.40,10.29
1598,539326628,"01598M05:02:34.834","01598 04:15:24",215.22,880.01,,,,"     ",5.10,57.33,10.27
1598,539326629,"01598M05:02:35.807","01598 04:15:25",215.26,879.99,,,,"     ",5.10,57.44,10.28
1598,539326630,"01598M05:02:36.780","01598 04:15:26",215.31,879.99,,,,"     ",5.10,57.31,10.25
1598,539326631,"01598M05:02:37.754","01598 04:15:27",215.36,879.95,,,,"     ",5.10,57.33,10.24
1598,539326632,"01598M05:02:38.727","01598 04:15:28",215.39,880.06,,,,"     ",5.10,57.18,10.20
1598,539326633,"01598M05:02:39.700","01598 04:15:29",215.40,880.00,,,,"     ",5.10,57.51,10.26
1598,539326634,"01598M05:02:40.673","01598 04:15:30",215.40,879.99,,,,"     ",5.10,57.37,10.22
1598,539326635,"01598M05:02:41.647","01598 04:15:31",215.38,879.93,,,,"     ",5.10,57.35,10.21
1598,539326636,"01598M05:02:42.620","01598 04:15:32",215.36,880.00,,,,"     ",5.10,57.25,10.18
1598,539326637,"01598M05:02:43.593","01598 04:15:33",215.34,880.04,,,,"     ",5.10,57.41,10.20
1598,539326638,"01598M05:02:44.567","01598 04:15:34",215.32,879.99,,,,"     ",5.10,57.33,10.18
1598,539326639,"01598M05:02:45.540","01598 04:15:35",215.31,880.03,,,,"     ",5.10,57.50,10.20
1598,539326640,"01598M05:02:46.513","01598 04:15:36",215.30,879.96,,,,"     ",5.10,57.55,10.20
1598,539326641,"01598M05:02:47.486","01598 04:15:37",215.30,880.01,,,,"     ",5.10,57.41,10.17
1598,539326642,"01598M05:02:48.460","01598 04:15:38",215.29,880.03,,,,"     ",5.10,57.45,10.17
1598,539326643,"01598M05:02:49.433","01598 04:15:39",215.27,879.95,,,,"     ",5.10,57.26,10.13
1598,539326644,"01598M05:02:50.406","01598 04:15:40",215.22,879.96,,,,"     ",5.10,57.23,10.11
1598,539326645,"01598M05:02:51.379","01598 04:15:41",215.18,879.89,,,,"     ",5.10,57.51,10.16
1598,539326646,"01598M05:02:52.353","01598 04:15:42",215.14,879.96,,,,"     ",5.10,57.44,10.14
1598,539326647,"01598M05:02:53.326","01598 04:15:43",215.10,879.94,,,,"     ",5.10,57.48,10.14
1598,539326648,"01598M05:02:54.299","01598 04:15:44",215.08,880.01,,,,"     ",5.10,57.63,10.16
1598,539326649,"01598M05:02:55.272","01598 04:15:45",215.08,879.99,,,,"     ",5.10,57.51,10.13
1598,539326650,"01598M05:02:56.246","01598 04:15:46",215.07,880.00,,,,"     ",5.10,57.39,10.10
1598,539326651,"01598M05:02:57.219","01598 04:15:47",215.05,880.05,,,,"     ",5.10,57.26,10.07
1598,539326652,"01598M05:02:58.192","01598 04:15:48",215.02,880.08,,,,"     ",5.10,57.36,10.08
1598,539326653,"01598M05:02:59.165","01598 04:15:49",214.97,880.00,,,,"     ",5.10,57.48,10.09
1598,539326654,"01598M05:03:00.139","01598 04:15:50",214.93,879.96,,,,"     ",5.10,57.43,10.08
1598,539326655,"01598M05:03:01.112","01598 04:15:51",214.89,880.04,,,,"     ",5.10,57.36,10.06
1598,539326656,"01598M05:03:02.085","01598 04:15:52",214.87,879.94,,,,"     ",5.10,57.43,10.07
1598,539326657,"01598M05:03:03.058","01598 04:15:53",214.86,879.96,,,,"     ",5.10,57.36,10.05
1598,539326658,"01598M05:03:04.032","01598 04:15:54",214.85,879.96,,,,"     ",5.10,57.28,10.02
1598,539326659,"01598M05:03:05.005","01598 04:15:55",214.84,879.95,,,,"     ",5.10,57.23,10.01
1598,539326660,"01598M05:03:05.978","01598 04:15:56",214.81,879.99,,,,"     ",5.10,57.35,10.02
1598,539326661,"01598M05:03:06.951","01598 04:15:57",214.77,880.01,,,,"     ",5.10,57.15,9.98
1598,539326662,"01598M05:03:07.925","01598 04:15:58",214.74,880.00,,,,"     ",5.10,57.29,10.01
1598,539326663,"01598M05:03:08.898","01598 04:15:59",214.72,879.97,,,,"     ",5.10,57.24,9.99
1598,539326664,"01598M05:03:09.871","01598 04:16:00",214.72,880.06,,,,"     ",5.10,57.14,9.97
1598,539326665,"01598M05:03:10.844","01598 04:16:00",214.72,880.06,,,,"     ",5.10,57.22,9.98
1598,539326666,"01598M05:03:11.818","01598 04:16:01",214.74,880.05,,,,"     ",5.10,56.89,9.91
1598,539326667,"01598M05:03:12.791","01598 04:16:02",214.74,879.95,,,,"     ",5.10,57.06,9.94
1598,539326668,"01598M05:03:13.764","01598 04:16:03",214.71,879.93,,,,"     ",5.10,57.07,9.93
1598,539326669,"01598M05:03:14.737","01598 04:16:04",214.64,879.98,,,,"     ",5.10,57.09,9.93
1598,539326670,"01598M05:03:15.711","01598 04:16:05",214.55,880.02,,,,"     ",5.10,56.95,9.90
1598,539326671,"01598M05:03:16.684","01598 04:16:06",214.46,880.06,,,,"     ",5.10,56.98,9.91
1598,539326672,"01598M05:03:17.657","01598 04:16:07",214.38,880.05,,,,"     ",5.10,57.01,9.91
1598,539326673,"01598M05:03:18.630","01598 04:16:08",214.32,880.01,,,,"     ",5.10,57.03,9.90
1598,539326674,"01598M05:03:19.604","01598 04:16:09",214.29,880.05,,,,"     ",5.10,57.18,9.93
1598,539326675,"01598M05:03:20.577","01598 04:16:10",214.29,880.01,,,,"     ",5.10,56.95,9.88
1598,539326676,"01598M05:03:21.550","01598 04:16:11",214.30,880.12,,,,"     ",5.10,56.85,9.86
1598,539326677,"01598M05:03:22.523","01598 04:16:12",214.31,880.10,,,,"     ",5.10,56.78,9.85
1598,539326678,"01598M05:03:23.497","01598 04:16:13",214.29,880.00,,,,"     ",5.10,56.93,9.87
1598,539326679,"01598M05:03:24.470","01598 04:16:14",214.26,879.97,,,,"     ",5.10,57.01,9.88
1598,539326680,"01598M05:03:25.443","01598 04:16:15",214.23,879.97,,,,"     ",5.10,57.06,9.88
1598,539326681,"01598M05:03:26.416","01598 04:16:16",214.21,880.08,,,,"     ",5.10,57.22,9.91
1598,539326682,"01598M05:03:27.390","01598 04:16:17",214.22,880.03,,,,"     ",5.10,56.95,9.86
1598,539326683,"01598M05:03:28.363","01598 04:16:18",214.24,879.97,,,,"     ",5.10,57.10,9.88
1598,539326684,"01598M05:03:29.336","01598 04:16:19",214.27,879.98,,,,"     ",5.10,56.87,9.83
1598,539326685,"01598M05:03:30.309","01598 04:16:20",214.29,879.97,,,,"     ",5.10,56.96,9.85
1598,539326686,"01598M05:03:31.283","01598 04:16:21",214.28,879.92,,,,"     ",5.10,56.79,9.81
1598,539326687,"01598M05:03:32.256","01598 04:16:22",214.26,880.03,,,,"     ",5.10,57.08,9.86
1598,539326688,"01598M05:03:33.229","01598 04:16:23",214.24,880.02,,,,"     ",5.10,57.12,9.86
1598,539326689,"01598M05:03:34.202","01598 04:16:24",214.26,879.96,,,,"     ",5.10,57.18,9.87
1598,539326690,"01598M05:03:35.176","01598 04:16:25",214.31,880.04,,,,"     ",5.10,57.10,9.85
1598,539326691,"01598M05:03:36.149","01598 04:16:26",214.38,879.92,,,,"     ",5.10,57.04,9.83
1598,539326692,"01598M05:03:37.122","01598 04:16:27",214.48,879.99,,,,"     ",5.10,57.26,9.87
1598,539326693,"01598M05:03:38.095","01598 04:16:28",214.59,880.07,,,,"     ",5.10,57.45,9.90
1598,539326694,"01598M05:03:39.069","01598 04:16:29",214.68,880.10,,,,"     ",5.10,57.38,9.88
1598,539326695,"01598M05:03:40.042","01598 04:16:30",214.77,880.05,,,,"     ",5.10,57.02,9.81
1598,539326696,"01598M05:03:41.015","01598 04:16:31",214.83,880.00,,,,"     ",5.10,57.36,9.86
1598,539326697,"01598M05:03:41.988","01598 04:16:32",214.87,880.01,,,,"     ",5.10,57.16,9.83
1598,539326698,"01598M05:03:42.962","01598 04:16:33",214.90,880.06,,,,"     ",5.10,57.43,9.87
1598,539326699,"01598M05:03:43.935","01598 04:16:34",214.93,880.09,,,,"     ",5.10,57.25,9.84
1598,539326700,"01598M05:03:44.908","01598 04:16:35",214.95,880.03,,,,"     ",5.10,57.33,9.85
1598,539326701,"01598M05:03:45.881","01598 04:16:36",214.97,879.98,,,,"     ",5.10,57.26,9.83
1598,539326702,"01598M05:03:46.855","01598 04:16:36",214.98,879.85,,,,"     ",5.10,57.30,9.83
1598,539326703,"01598M05:03:47.828","01598 04:16:37",214.98,879.90,,,,"     ",5.10,57.20,9.80
1598,539326704,"01598M05:03:48.801","01598 04:16:38",214.95,879.94,,,,"     ",5.10,57.40,9.84
1598,539326705,"01598M05:03:49.774","01598 04:16:39",214.91,879.97,,,,"     ",5.10,57.47,9.85
1598,539326706,"01598M05:03:50.748","01598 04:16:40",214.87,879.99,,,,"     ",5.10,57.61,9.86
1598,539326707,"01598M05:03:51.721","01598 04:16:41",214.85,880.03,,,,"     ",5.10,57.54,9.85
1598,539326708,"01598M05:03:52.694","01598 04:16:42",214.86,879.99,,,,"     ",5.10,57.50,9.84
1598,539326709,"01598M05:03:53.667","01598 04:16:43",214.89,879.99,,,,"     ",5.10,57.73,9.87
1598,539326710,"01598M05:03:54.641","01598 04:16:44",214.93,879.88,,,,"     ",5.10,57.72,9.86
1598,539326711,"01598M05:03:55.614","01598 04:16:45",214.94,879.98,,,,"     ",5.10,57.74,9.86
1598,539326712,"01598M05:03:56.587","01598 04:16:46",214.95,879.92,,,,"     ",5.10,57.74,9.86
1598,539326713,"01598M05:03:57.561","01598 04:16:47",214.95,879.95,,,,"     ",5.10,57.83,9.87
1598,539326714,"01598M05:03:58.534","01598 04:16:48",214.94,879.97,,,,"     ",5.10,57.89,9.88
1598,539326715,"01598M05:03:59.507","01598 04:16:49",214.93,880.07,,,,"     ",5.10,57.60,9.82
1598,539326716,"01598M05:04:00.480","01598 04:16:50",214.93,880.08,,,,"     ",5.10,57.80,9.85
1598,539326717,"01598M05:04:01.454","01598 04:16:51",214.93,880.17,,,,"     ",5.10,57.94,9.87
1598,539326718,"01598M05:04:02.427","01598 04:16:52",214.92,880.10,,,,"     ",5.10,57.67,9.82
1598,539326719,"01598M05:04:03.400","01598 04:16:53",214.91,880.04,,,,"     ",5.10,57.87,9.85
1598,539326720,"01598M05:04:04.373","01598 04:16:54",214.88,880.09,,,,"     ",5.10,57.80,9.83
1598,539326721,"01598M05:04:05.347","01598 04:16:55",214.83,880.01,,,,"     ",5.10,58.16,9.89
1598,539326722,"01598M05:04:06.320","01598 04:16:56",214.78,879.99,,,,"     ",5.10,58.07,9.87
1598,539326723,"01598M05:04:07.293","01598 04:16:57",214.72,880.01,,,,"     ",5.10,57.86,9.83
1598,539326724,"01598M05:04:08.266","01598 04:16:58",214.66,880.04,,,,"     ",5.10,58.03,9.86
1598,539326725,"01598M05:04:09.240","01598 04:16:59",214.60,880.02,,,,"     ",5.10,58.03,9.86
1598,539326726,"01598M05:04:10.213","01598 04:17:00",214.53,879.98,,,,"     ",5.10,57.92,9.83
1598,539326727,"01598M05:04:11.186","01598 04:17:01",214.47,880.00,,,,"     ",5.10,58.06,9.85
1598,539326728,"01598M05:04:12.159","01598 04:17:02",214.40,880.01,,,,"     ",5.10,57.92,9.83
1598,539326729,"01598M05:04:13.133","01598 04:17:03",214.33,880.02,,,,"     ",5.10,57.99,9.84
1598,539326730,"01598M05:04:14.106","01598 04:17:04",214.24,880.09,,,,"     ",5.10,57.81,9.80
1598,539326731,"01598M05:04:15.079","01598 04:17:05",214.14,880.06,,,,"     ",5.10,57.81,9.80
1598,539326732,"01598M05:04:16.052","01598 04:17:06",214.06,880.05,,,,"     ",5.10,57.81,9.80
1598,539326733,"01598M05:04:17.026","01598 04:17:07",213.99,880.03,,,,"     ",5.10,57.74,9.78
1598,539326734,"01598M05:04:17.999","01598 04:17:08",213.94,879.98,,,,"     ",5.10,57.84,9.79
1598,539326735,"01598M05:04:18.972","01598 04:17:09",213.91,880.08,,,,"     ",5.10,57.66,9.76
1598,539326736,"01598M05:04:19.945","01598 04:17:10",213.89,880.12,,,,"     ",5.10,57.88,9.80
1598,539326737,"01598M05:04:20.919","01598 04:17:11",213.89,880.09,,,,"     ",5.10,57.26,9.69
1598,539326738,"01598M05:04:21.892","01598 04:17:12",213.90,880.04,,,,"     ",5.10,57.65,9.75
1598,539326739,"01598M05:04:22.865","01598 04:17:12",213.90,880.01,,,,"     ",5.10,58.02,9.82
1598,539326740,"01598M05:04:23.838","01598 04:17:13",213.90,880.03,,,,"     ",5.10,57.65,9.75
1598,539326741,"01598M05:04:24.812","01598 04:17:14",213.89,880.02,,,,"     ",5.10,57.60,9.74
1598,539326742,"01598M05:04:25.785","01598 04:17:15",213.87,880.04,,,,"     ",5.10,57.63,9.75
1598,539326743,"01598M05:04:26.758","01598 04:17:16",213.86,880.01,,,,"     ",5.10,57.45,9.71
1598,539326744,"01598M05:04:27.731","01598 04:17:17",213.82,880.04,,,,"     ",5.10,57.63,9.74
1598,539326745,"01598M05:04:28.705","01598 04:17:18",213.75,880.04,,,,"     ",5.10,57.49,9.72
1598,539326746,"01598M05:04:29.678","01598 04:17:19",213.67,880.07,,,,"     ",5.10,57.58,9.73
1598,539326747,"01598M05:04:30.651","01598 04:17:20",213.58,880.00,,,,"     ",5.10,57.47,9.71
1598,539326748,"01598M05:04:31.624","01598 04:17:21",213.48,880.06,,,,"     ",5.10,57.58,9.73
1598,539326749,"01598M05:04:32.598","01598 04:17:22",213.35,880.09,,,,"     ",5.10,57.56,9.72
1598,539326750,"01598M05:04:33.571","01598 04:17:23",213.20,880.05,,,,"     ",5.10,57.56,9.72
1598,539326751,"01598M05:04:34.544","01598 04:17:24",213.05,880.05,,,,"     ",5.10,57.40,9.69
1598,539326752,"01598M05:04:35.517","01598 04:17:25",212.92,880.08,,,,"     ",5.10,57.42,9.70
1598,539326753,"01598M05:04:36.491","01598 04:17:26",212.81,880.11,,,,"     ",5.10,57.25,9.67
1598,539326754,"01598M05:04:37.464","01598 04:17:27",212.71,880.06,,,,"     ",5.10,57.43,9.70
1598,539326755,"01598M05:04:38.437","01598 04:17:28",212.65,880.08,,,,"     ",5.10,57.48,9.70
1598,539326756,"01598M05:04:39.410","01598 04:17:29",212.62,880.02,,,,"     ",5.10,57.57,9.72
1598,539326757,"01598M05:04:40.384","01598 04:17:30",212.63,880.13,,,,"     ",5.10,57.50,9.71
1598,539326758,"01598M05:04:41.357","01598 04:17:31",212.67,880.10,,,,"     ",5.10,57.52,9.71
1598,539326759,"01598M05:04:42.330","01598 04:17:32",212.73,880.11,,,,"     ",5.10,57.66,9.73
1598,539326760,"01598M05:04:43.303","01598 04:17:33",212.81,880.07,,,,"     ",5.10,57.49,9.70
1598,539326761,"01598M05:04:44.277","01598 04:17:34",212.92,879.98,,,,"     ",5.10,57.50,9.70
1598,539326762,"01598M05:04:45.250","01598 04:17:35",213.03,880.01,,,,"     ",5.10,57.50,9.70
1598,539326763,"01598M05:04:46.223","01598 04:17:36",213.14,879.97,,,,"     ",5.10,57.68,9.73
1598,539326764,"01598M05:04:47.196","01598 04:17:37",213.23,880.05,,,,"     ",5.10,57.67,9.73
1598,539326765,"01598M05:04:48.170","01598 04:17:38",213.28,880.04,,,,"     ",5.10,57.72,9.73
1598,539326766,"01598M05:04:49.143","01598 04:17:39",213.31,880.06,,,,"     ",5.10,57.55,9.70
1598,539326767,"01598M05:04:50.116","01598 04:17:40",213.33,880.04,,,,"     ",5.10,57.75,9.74
1598,539326768,"01598M05:04:51.089","01598 04:17:41",213.33,880.02,,,,"     ",5.10,57.68,9.72
1598,539326769,"01598M05:04:52.063","01598 04:17:42",213.33,880.04,,,,"     ",5.10,57.84,9.75
1598,539326770,"01598M05:04:53.036","01598 04:17:43",213.32,879.90,,,,"     ",5.10,57.90,9.76
1598,539326771,"01598M05:04:54.009","01598 04:17:44",213.33,880.01,,,,"     ",5.10,57.88,9.75
1598,539326772,"01598M05:04:54.982","01598 04:17:45",213.34,879.97,,,,"     ",5.10,57.71,9.72
1598,539326773,"01598M05:04:55.956","01598 04:17:46",213.38,880.03,,,,"     ",5.10,58.20,9.80
1598,539326774,"01598M05:04:56.929","01598 04:17:47",213.42,879.92,,,,"     ",5.10,57.97,9.76
1598,539326775,"01598M05:04:57.902","01598 04:17:48",213.48,880.01,,,,"     ",5.10,57.44,9.67
1598,539326776,"01598M05:04:58.875","01598 04:17:49",213.54,880.10,,,,"     ",5.10,58.02,9.76
1598,539326777,"01598M05:04:59.849","01598 04:17:49",213.60,880.08,,,,"     ",5.10,57.82,9.72
1598,539326778,"01598M05:05:00.822","01598 04:17:50",213.67,880.10,,,,"     ",5.10,57.89,9.74
1598,539326779,"01598M05:05:01.795","01598 04:17:51",213.72,880.12,,,,"     ",5.10,58.71,9.87
1598,539326780,"01598M05:05:02.768","01598 04:17:52",213.76,879.93,,,,"     ",5.10,57.91,9.73
1598,539326781,"01598M05:05:03.742","01598 04:17:53",213.78,880.03,,,,"     ",5.10,57.79,9.71
1598,539326782,"01598M05:05:04.715","01598 04:17:54",213.78,880.05,,,,"     ",5.10,58.14,9.76
1598,539326783,"01598M05:05:05.688","01598 04:17:55",213.77,880.13,,,,"     ",5.10,57.96,9.73
1598,539326784,"01598M05:05:06.662","01598 04:17:56",213.74,880.07,,,,"     ",5.10,58.07,9.74
1598,539326785,"01598M05:05:07.635","01598 04:17:57",213.71,880.08,,,,"     ",5.10,58.25,9.77
1598,539326786,"01598M05:05:08.608","01598 04:17:58",213.69,880.05,,,,"     ",5.10,58.08,9.74
1598,539326787,"01598M05:05:09.581","01598 04:17:59",213.69,880.10,,,,"     ",5.10,57.99,9.72
1598,539326788,"01598M05:05:10.555","01598 04:18:00",213.70,880.05,,,,"     ",5.10,58.09,9.73
1598,539326789,"01598M05:05:11.528","01598 04:18:01",213.71,880.03,,,,"     ",5.10,58.18,9.75
1598,539326790,"01598M05:05:12.501","01598 04:18:02",213.74,880.04,,,,"     ",5.10,58.09,9.73
1598,539326791,"01598M05:05:13.474","01598 04:18:03",213.78,880.11,,,,"     ",5.10,57.81,9.68
1598,539326792,"01598M05:05:14.448","01598 04:18:04",213.84,880.10,,,,"     ",5.10,57.99,9.70
1598,539326793,"01598M05:05:15.421","01598 04:18:05",213.92,880.09,,,,"     ",5.10,57.95,9.69
1598,539326794,"01598M05:05:16.394","01598 04:18:06",213.99,880.04,,,,"     ",5.10,58.06,9.71
1598,539326795,"01598M05:05:17.367","01598 04:18:07",214.05,880.05,,,,"     ",5.10,57.97,9.69
1598,539326796,"01598M05:05:18.341","01598 04:18:08",214.11,880.08,,,,"     ",5.10,57.75,9.65
1598,539326797,"01598M05:05:19.314","01598 04:18:09",214.15,880.04,,,,"     ",5.10,58.04,9.70
1598,539326798,"01598M05:05:20.287","01598 04:18:10",214.17,880.15,,,,"     ",5.10,57.99,9.68
1598,539326799,"01598M05:05:21.260","01598 04:18:11",214.18,880.06,,,,"     ",5.10,58.12,9.70
1598,539326800,"01598M05:05:22.234","01598 04:18:12",214.16,880.05,,,,"     ",5.10,58.05,9.69
1598,539326801,"01598M05:05:23.207","01598 04:18:13",214.12,880.17,,,,"     ",5.10,58.31,9.73
1598,539326802,"01598M05:05:24.180","01598 04:18:14",214.04,880.11,,,,"     ",5.10,58.01,9.68
1598,539326803,"01598M05:05:25.153","01598 04:18:15",213.97,880.18,,,,"     ",5.10,58.05,9.68
1598,539326804,"01598M05:05:26.127","01598 04:18:16",213.92,880.09,,,,"     ",5.10,58.16,9.70
1598,539326805,"01598M05:05:27.100","01598 04:18:17",213.89,880.05,,,,"     ",5.10,57.85,9.63
1598,539326806,"01598M05:05:28.073","01598 04:18:18",213.88,880.14,,,,"     ",5.10,58.17,9.69
1598,539326807,"01598M05:05:29.046","01598 04:18:19",213.88,880.13,,,,"     ",5.10,57.93,9.64
1598,539326808,"01598M05:05:30.020","01598 04:18:20",213.89,880.03,,,,"     ",5.10,58.13,9.67
1598,539326809,"01598M05:05:30.993","01598 04:18:21",213.91,880.05,,,,"     ",5.10,58.25,9.69
1598,539326810,"01598M05:05:31.966","01598 04:18:22",213.94,880.05,,,,"     ",5.10,58.16,9.67
1598,539326811,"01598M05:05:32.939","01598 04:18:23",213.99,880.00,,,,"     ",5.10,57.95,9.63
1598,539326812,"01598M05:05:33.913","01598 04:18:24",214.04,880.06,,,,"     ",5.10,57.97,9.63
1598,539326813,"01598M05:05:34.886","01598 04:18:25",214.11,880.03,,,,"     ",5.10,57.96,9.63
1598,539326814,"01598M05:05:35.859","01598 04:18:25",214.20,880.05,,,,"     ",5.10,58.04,9.64
1598,539326815,"01598M05:05:36.832","01598 04:18:26",214.30,880.14,,,,"     ",5.10,58.13,9.65
1598,539330213,"01598M06:00:43.948","01598 05:13:33",206.07,883.78,,,,"     ",5.10,,
1598,539330214,"01598M06:00:44.921","01598 05:13:34",205.84,883.93,,,,"     ",5.10,42.60,12.00
1598,539330215,"01598M06:00:45.894","01598 05:13:35",205.88,883.93,,,,"     ",5.10,42.82,12.03
1598,539330216,"01598M06:00:46.867","01598 05:13:36",205.93,883.96,,,,"     ",5.10,42.83,11.98
1598,539330217,"01598M06:00:47.841","01598 05:13:37",205.99,883.89,,,,"     ",5.10,42.87,11.95
1598,539330218,"01598M06:00:48.814","01598 05:13:38",206.05,883.96,,,,"     ",5.10,42.87,11.91
1598,539330219,"01598M06:00:49.787","01598 05:13:39",206.10,884.01,,,,"     ",5.10,42.95,11.90
1598,539330220,"01598M06:00:50.760","01598 05:13:40",206.15,884.03,,,,"     ",5.10,42.91,11.85
1598,539330221,"01598M06:00:51.734","01598 05:13:41",206.19,884.06,,,,"     ",5.10,43.19,11.89
1598,539330222,"01598M06:00:52.707","01598 05:13:42",206.23,884.09,,,,"     ",5.10,43.24,11.87
1598,539330223,"01598M06:00:53.680","01598 05:13:43",206.26,883.82,,,,"     ",5.10,43.73,11.96
1598,539330224,"01598M06:00:54.653","01598 05:13:44",206.29,883.92,,,,"     ",5.10,43.38,11.83
1598,539330225,"01598M06:00:55.627","01598 05:13:45",206.31,884.10,,,,"     ",5.10,43.36,11.79
1598,539330226,"01598M06:00:56.600","01598 05:13:46",206.33,884.14,,,,"     ",5.10,43.53,11.80
1598,539330227,"01598M06:00:57.573","01598 05:13:47",206.35,884.11,,,,"     ",5.10,43.50,11.76
1598,539330228,"01598M06:00:58.547","01598 05:13:48",206.36,884.11,,,,"     ",5.10,43.57,11.75
1598,539330229,"01598M06:00:59.520","01598 05:13:49",206.37,884.04,,,,"     ",5.10,43.82,11.78
1598,539330230,"01598M06:01:00.493","01598 05:13:49",206.37,884.11,,,,"     ",5.10,43.88,11.76
1598,539330231,"01598M06:01:01.466","01598 05:13:50",206.37,884.10,,,,"     ",5.10,43.85,11.72
1598,539330232,"01598M06:01:02.440","01598 05:13:51",206.36,884.11,,,,"     ",5.10,43.77,11.67
1598,539330233,"01598M06:01:03.413","01598 05:13:52",206.35,884.08,,,,"     ",5.10,43.93,11.68
1598,539330234,"01598M06:01:04.386","01598 05:13:53",206.34,884.16,,,,"     ",5.10,43.78,11.61
1598,539330235,"01598M06:01:05.359","01598 05:13:54",206.33,884.08,,,,"     ",5.10,43.86,11.60
1598,539330236,"01598M06:01:06.333","01598 05:13:55",206.33,884.06,,,,"     ",5.10,43.84,11.57
1598,539330237,"01598M06:01:07.306","01598 05:13:56",206.34,884.07,,,,"     ",5.10,43.95,11.57
1598,539330238,"01598M06:01:08.279","01598 05:13:57",206.35,884.09,,,,"     ",5.10,43.93,11.54
1598,539330239,"01598M06:01:09.252","01598 05:13:58",206.37,884.03,,,,"     ",5.10,44.00,11.53
1598,539330240,"01598M06:01:10.226","01598 05:13:59",206.38,884.06,,,,"     ",5.10,44.09,11.53
1598,539330241,"01598M06:01:11.199","01598 05:14:00",206.40,884.02,,,,"     ",5.10,44.11,11.51
1598,539330242,"01598M06:01:12.172","01598 05:14:01",206.42,884.03,,,,"     ",5.10,44.07,11.47
1598,539330243,"01598M06:01:13.145","01598 05:14:02",206.46,884.01,,,,"     ",5.10,44.13,11.46
1598,539330244,"01598M06:01:14.119","01598 05:14:03",206.51,884.01,,,,"     ",5.10,44.15,11.44
1598,539330245,"01598M06:01:15.092","01598 05:14:04",206.57,883.97,,,,"     ",5.10,44.20,11.43
1598,539330246,"01598M06:01:16.065","01598 05:14:05",206.64,884.07,,,,"     ",5.10,44.24,11.42
1598,539330247,"01598M06:01:17.038","01598 05:14:06",206.71,884.05,,,,"     ",5.10,44.20,11.39
1598,539330248,"01598M06:01:18.012","01598 05:14:07",206.76,883.93,,,,"     ",5.10,44.24,11.37
1598,539330249,"01598M06:01:18.985","01598 05:14:08",206.80,883.92,,,,"     ",5.10,44.34,11.38
1598,539330250,"01598M06:01:19.958","01598 05:14:09",206.82,883.91,,,,"     ",5.10,44.39,11.37
1598,539330251,"01598M06:01:20.931","01598 05:14:10",206.83,883.99,,,,"     ",5.10,44.56,11.40
1598,539330252,"01598M06:01:21.905","01598 05:14:11",206.81,883.95,,,,"     ",5.10,44.49,11.36
1598,539330253,"01598M06:01:22.878","01598 05:14:12",206.77,884.02,,,,"     ",5.10,44.48,11.34
1598,539330254,"01598M06:01:23.851","01598 05:14:13",206.72,884.01,,,,"     ",5.10,44.57,11.34
1598,539330255,"01598M06:01:24.824","01598 05:14:14",206.66,884.17,,,,"     ",5.10,44.47,11.30
1598,539330256,"01598M06:01:25.798","01598 05:14:15",206.59,884.07,,,,"     ",5.10,44.84,11.37
1598,539330257,"01598M06:01:26.771","01598 05:14:16",206.51,884.09,,,,"     ",5.10,44.61,11.29
1598,539330258,"01598M06:01:27.744","01598 05:14:17",206.44,884.05,,,,"     ",5.10,44.82,11.33
1598,539330259,"01598M06:01:28.717","01598 05:14:18",206.36,884.16,,,,"     ",5.10,44.82,11.31
1598,539330260,"01598M06:01:29.691","01598 05:14:19",206.28,883.95,,,,"     ",5.10,44.91,11.31
1598,539330261,"01598M06:01:30.664","01598 05:14:20",206.22,884.01,,,,"     ",5.10,44.82,11.27
1598,539330262,"01598M06:01:31.637","01598 05:14:21",206.29,884.11,,,,"     ",5.10,44.94,11.29
1598,539330263,"01598M06:01:32.610","01598 05:14:22",206.25,884.08,,,,"     ",5.10,44.92,11.27
1598,539330264,"01598M06:01:33.584","01598 05:14:23",206.20,884.13,,,,"     ",5.10,44.97,11.26
1598,539330265,"01598M06:01:34.557","01598 05:14:24",206.16,884.06,,,,"     ",5.10,44.98,11.25
1598,539330266,"01598M06:01:35.530","01598 05:14:25",206.12,884.08,,,,"     ",5.10,45.07,11.26
1598,539330267,"01598M06:01:36.503","01598 05:14:25",206.09,884.12,,,,"     ",5.10,44.78,11.17
1598,539330268,"01598M06:01:37.477","01598 05:14:26",206.07,884.15,,,,"     ",5.10,45.00,11.21
1598,539330269,"01598M06:01:38.450","01598 05:14:27",206.06,884.12,,,,"     ",5.10,44.92,11.17
1598,539330270,"01598M06:01:39.423","01598 05:14:28",206.05,884.11,,,,"     ",5.10,44.99,11.18
1598,539330271,"01598M06:01:40.396","01598 05:14:29",206.06,884.07,,,,"     ",5.10,44.92,11.14
1598,539330272,"01598M06:01:41.370","01598 05:14:30",206.07,884.15,,,,"     ",5.10,44.92,11.13
1598,539330273,"01598M06:01:42.343","01598 05:14:31",206.09,884.20,,,,"     ",5.10,45.05,11.15
1598,539330274,"01598M06:01:43.316","01598 05:14:32",206.10,884.08,,,,"     ",5.10,44.88,11.09
1598,539330275,"01598M06:01:44.289","01598 05:14:33",206.16,884.15,,,,"     ",5.10,45.10,11.14
1598,539330276,"01598M06:01:45.263","01598 05:14:34",206.22,884.21,,,,"     ",5.10,45.04,11.11
1598,539330277,"01598M06:01:46.236","01598 05:14:35",206.28,884.23,,,,"     ",5.10,45.15,11.13
1598,539330278,"01598M06:01:47.209","01598 05:14:36",206.24,884.19,,,,"     ",5.10,45.13,11.11
1598,539330279,"01598M06:01:48.182","01598 05:14:37",206.26,884.13,,,,"     ",5.10,44.95,11.05
1598,539330280,"01598M06:01:49.156","01598 05:14:38",206.27,884.14,,,,"     ",5.10,45.06,11.06
1598,539330281,"01598M06:01:50.129","01598 05:14:39",206.28,884.10,,,,"     ",5.10,45.01,11.04
1598,539330282,"01598M06:01:51.102","01598 05:14:40",206.28,884.06,,,,"     ",5.10,45.23,11.08
1598,539330283,"01598M06:01:52.075","01598 05:14:41",206.28,884.13,,,,"     ",5.10,45.17,11.05
1598,539330284,"01598M06:01:53.049","01598 05:14:42",206.33,884.08,,,,"     ",5.10,45.38,11.10
1598,539330285,"01598M06:01:54.022","01598 05:14:43",206.30,884.09,,,,"     ",5.10,45.16,11.03
1598,539330286,"01598M06:01:54.995","01598 05:14:44",206.28,884.16,,,,"     ",5.10,45.28,11.05
1598,539330287,"01598M06:01:55.968","01598 05:14:45",206.25,884.10,,,,"     ",5.10,45.19,11.01
1598,539330288,"01598M06:01:56.942","01598 05:14:46",206.23,884.17,,,,"     ",5.10,45.11,10.98
1598,539330289,"01598M06:01:57.915","01598 05:14:47",206.26,884.09,,,,"     ",5.10,45.32,11.02
1598,539330290,"01598M06:01:58.888","01598 05:14:48",206.26,884.13,,,,"     ",5.10,45.33,11.01
1598,539330291,"01598M06:01:59.861","01598 05:14:49",206.27,884.11,,,,"     ",5.10,45.28,10.99
1598,539330292,"01598M06:02:00.835","01598 05:14:50",206.28,884.08,,,,"     ",5.10,45.39,11.00
1598,539330293,"01598M06:02:01.808","01598 05:14:51",206.26,884.09,,,,"     ",5.10,45.31,10.97
1598,539330294,"01598M06:02:02.781","01598 05:14:52",206.29,884.14,,,,"     ",5.10,45.34,10.97
1598,539330295,"01598M06:02:03.754","01598 05:14:53",206.33,884.01,,,,"     ",5.10,45.32,10.95
1598,539330296,"01598M06:02:04.728","01598 05:14:54",206.39,884.06,,,,"     ",5.10,45.48,10.98
1598,539330297,"01598M06:02:05.701","01598 05:14:55",206.44,884.05,,,,"     ",5.10,44.67,10.76
1598,539330298,"01598M06:02:06.674","01598 05:14:56",206.50,884.21,,,,"     ",5.10,45.57,10.99
1598,539330299,"01598M06:02:07.648","01598 05:14:57",206.57,884.33,,,,"     ",5.10,45.49,10.96
1598,539330300,"01598M06:02:08.621","01598 05:14:58",206.64,884.38,,,,"     ",5.10,45.65,10.98
1598,539330301,"01598M06:02:09.594","01598 05:14:59",206.70,884.36,,,,"     ",5.10,45.51,10.94
1598,539330302,"01598M06:02:10.567","01598 05:15:00",206.76,884.24,,,,"     ",5.10,45.39,10.89
1598,539330303,"01598M06:02:11.541","01598 05:15:01",206.80,884.24,,,,"     ",5.10,45.62,10.94
1598,539330304,"01598M06:02:12.514","01598 05:15:02",206.84,884.21,,,,"     ",5.10,45.67,10.94
1598,539330305,"01598M06:02:13.487","01598 05:15:02",206.87,884.25,,,,"     ",5.10,45.50,10.89
1598,539330306,"01598M06:02:14.460","01598 05:15:03",206.89,884.19,,,,"     ",5.10,45.59,10.90
1598,539330307,"01598M06:02:15.434","01598 05:15:04",206.91,884.21,,,,"     ",5.10,45.77,10.94
1598,539330308,"01598M06:02:16.407","01598 05:15:05",206.92,884.20,,,,"     ",5.10,45.73,10.92
1598,539330309,"01598M06:02:17.380","01598 05:15:06",206.92,884.12,,,,"     ",5.10,45.64,10.89
1598,539330310,"01598M06:02:18.353","01598 05:15:07",206.93,884.15,,,,"     ",5.10,45.76,10.90
1598,539330311,"01598M06:02:19.327","01598 05:15:08",206.94,884.23,,,,"     ",5.10,45.68,10.88
1598,539330312,"01598M06:02:20.300","01598 05:15:09",206.95,884.26,,,,"     ",5.10,45.77,10.89
1598,539330313,"01598M06:02:21.273","01598 05:15:10",206.97,884.22,,,,"     ",5.10,45.91,10.92
1598,539330314,"01598M06:02:22.246","01598 05:15:11",207.00,884.23,,,,"     ",5.10,45.77,10.87
1598,539330315,"01598M06:02:23.220","01598 05:15:12",207.02,884.20,,,,"     ",5.10,46.23,10.98
1598,539330316,"01598M06:02:24.193","01598 05:15:13",207.04,884.18,,,,"     ",5.10,45.74,10.85
1598,539330317,"01598M06:02:25.166","01598 05:15:14",207.07,884.24,,,,"     ",5.10,45.70,10.83
1598,539330318,"01598M06:02:26.139","01598 05:15:15",207.09,884.22,,,,"     ",5.10,45.83,10.85
1598,539330319,"01598M06:02:27.113","01598 05:15:16",207.11,884.18,,,,"     ",5.10,45.23,10.69
1598,539330320,"01598M06:02:28.086","01598 05:15:17",207.15,884.27,,,,"     ",5.10,45.88,10.84
1598,539330321,"01598M06:02:29.059","01598 05:15:18",206.90,884.21,,,,"     ",5.10,45.91,10.84
1598,539330322,"01598M06:02:30.032","01598 05:15:19",206.91,884.24,,,,"     ",5.10,45.87,10.82
1598,539330323,"01598M06:02:31.006","01598 05:15:20",206.94,884.16,,,,"     ",5.10,45.83,10.80
1598,539330324,"01598M06:02:31.979","01598 05:15:21",206.97,884.19,,,,"     ",5.10,45.87,10.80
1598,539330325,"01598M06:02:32.952","01598 05:15:22",207.01,884.20,,,,"     ",5.10,45.97,10.82
1598,539330326,"01598M06:02:33.925","01598 05:15:23",207.05,884.30,,,,"     ",5.10,45.93,10.80
1598,539330327,"01598M06:02:34.899","01598 05:15:24",207.10,884.23,,,,"     ",5.10,46.00,10.81
1598,539330328,"01598M06:02:35.872","01598 05:15:25",207.15,884.27,,,,"     ",5.10,45.91,10.78
1598,539330329,"01598M06:02:36.845","01598 05:15:26",207.58,884.24,,,,"     ",5.10,46.17,10.83
1598,539330330,"01598M06:02:37.818","01598 05:15:27",207.62,884.33,,,,"     ",5.10,45.88,10.75
1598,539330331,"01598M06:02:38.792","01598 05:15:28",207.65,884.30,,,,"     ",5.10,45.77,10.72
1598,539330332,"01598M06:02:39.765","01598 05:15:29",207.68,884.32,,,,"     ",5.10,46.12,10.79
1598,539330333,"01598M06:02:40.738","01598 05:15:30",207.71,884.35,,,,"     ",5.10,46.02,10.76
1598,539330334,"01598M06:02:41.711","01598 05:15:31",207.74,884.28,,,,"     ",5.10,46.07,10.76
1598,539330335,"01598M06:02:42.685","01598 05:15:32",207.76,884.28,,,,"     ",5.10,45.96,10.72
1598,539330336,"01598M06:02:43.658","01598 05:15:33",207.78,884.32,,,,"     ",5.10,46.08,10.75
1598,539330337,"01598M06:02:44.631","01598 05:15:34",207.79,884.27,,,,"     ",5.10,46.06,10.73
1598,539330338,"01598M06:02:45.604","01598 05:15:35",207.79,884.30,,,,"     ",5.10,45.92,10.69
1598,539330339,"01598M06:02:46.578","01598 05:15:36",207.77,884.30,,,,"     ",5.10,46.11,10.73
1598,539330340,"01598M06:02:47.551","01598 05:15:37",207.74,884.33,,,,"     ",5.10,46.04,10.70
1598,539330341,"01598M06:02:48.524","01598 05:15:38",207.70,884.29,,,,"     ",5.10,46.27,10.75
1598,539330342,"01598M06:02:49.497","01598 05:15:38",207.66,884.39,,,,"     ",5.10,46.04,10.69
1598,539330343,"01598M06:02:50.471","01598 05:15:39",207.61,884.41,,,,"     ",5.10,46.11,10.70
1598,539330344,"01598M06:02:51.444","01598 05:15:40",207.56,884.31,,,,"     ",5.10,46.06,10.68
1598,539330345,"01598M06:02:52.417","01598 05:15:41",207.52,884.36,,,,"     ",5.10,46.07,10.68
1598,539330346,"01598M06:02:53.390","01598 05:15:42",207.48,884.38,,,,"     ",5.10,46.11,10.68
1598,539330347,"01598M06:02:54.364","01598 05:15:43",207.45,884.27,,,,"     ",5.10,45.85,10.61
1598,539330348,"01598M06:02:55.337","01598 05:15:44",207.44,884.42,,,,"     ",5.10,46.03,10.64
1598,539330349,"01598M06:02:56.310","01598 05:15:45",207.44,884.35,,,,"     ",5.10,46.20,10.67
1598,539330350,"01598M06:02:57.283","01598 05:15:46",207.44,884.27,,,,"     ",5.10,46.11,10.64
1598,539330351,"01598M06:02:58.257","01598 05:15:47",207.46,884.34,,,,"     ",5.10,46.18,10.66
1598,539330352,"01598M06:02:59.230","01598 05:15:48",207.48,884.14,,,,"     ",5.10,46.17,10.64
1598,539330353,"01598M06:03:00.203","01598 05:15:49",207.50,884.18,,,,"     ",5.10,46.18,10.64
1598,539330354,"01598M06:03:01.176","01598 05:15:50",207.53,884.23,,,,"     ",5.10,46.09,10.62
1598,539330355,"01598M06:03:02.150","01598 05:15:51",207.57,884.31,,,,"     ",5.10,46.30,10.66
1598,539330356,"01598M06:03:03.123","01598 05:15:52",207.61,884.39,,,,"     ",5.10,46.07,10.60
1598,539330357,"01598M06:03:04.096","01598 05:15:53",207.65,884.35,,,,"     ",5.10,46.33,10.65
1598,539330358,"01598M06:03:05.069","01598 05:15:54",207.69,884.27,,,,"     ",5.10,46.17,10.60
1598,539330359,"01598M06:03:06.043","01598 05:15:55",207.72,884.34,,,,"     ",5.10,46.22,10.61
1598,539330360,"01598M06:03:07.016","01598 05:15:56",207.75,884.27,,,,"     ",5.10,46.21,10.60
1598,539330361,"01598M06:03:07.989","01598 05:15:57",207.76,884.32,,,,"     ",5.10,46.23,10.60
1598,539330362,"01598M06:03:08.962","01598 05:15:58",207.75,884.33,,,,"     ",5.10,46.24,10.60
1598,539330363,"01598M06:03:09.936","01598 05:15:59",207.72,884.40,,,,"     ",5.10,46.21,10.58
1598,539330364,"01598M06:03:10.909","01598 05:16:00",207.67,884.40,,,,"     ",5.10,46.20,10.58
1598,539330365,"01598M06:03:11.882","01598 05:16:01",207.60,884.36,,,,"     ",5.10,46.14,10.56
1598,539330366,"01598M06:03:12.855","01598 05:16:02",207.52,884.39,,,,"     ",5.10,46.10,10.54
1598,539330367,"01598M06:03:13.829","01598 05:16:03",207.44,884.40,,,,"     ",5.10,46.07,10.53
1598,539330368,"01598M06:03:14.802","01598 05:16:04",207.35,884.41,,,,"     ",5.10,46.19,10.55
1598,539330369,"01598M06:03:15.775","01598 05:16:05",207.27,884.47,,,,"     ",5.10,46.21,10.55
1598,539330370,"01598M06:03:16.749","01598 05:16:06",207.20,884.41,,,,"     ",5.10,46.32,10.57
1598,539330371,"01598M06:03:17.722","01598 05:16:07",207.13,884.38,,,,"     ",5.10,46.20,10.54
1598,539330372,"01598M06:03:18.695","01598 05:16:08",207.08,884.35,,,,"     ",5.10,46.20,10.53
1598,539330373,"01598M06:03:19.668","01598 05:16:09",207.04,884.37,,,,"     ",5.10,46.08,10.50
1598,539330374,"01598M06:03:20.642","01598 05:16:10",207.00,884.35,,,,"     ",5.10,46.17,10.51
1598,539330375,"01598M06:03:21.615","01598 05:16:11",206.98,884.37,,,,"     ",5.10,46.16,10.51
1598,539330376,"01598M06:03:22.588","01598 05:16:12",206.97,884.35,,,,"     ",5.10,46.09,10.48
1598,539330377,"01598M06:03:23.561","01598 05:16:13",206.97,884.40,,,,"     ",5.10,46.04,10.47
1598,539330378,"01598M06:03:24.535","01598 05:16:14",206.98,884.48,,,,"     ",5.10,46.10,10.48
1598,539330379,"01598M06:03:25.508","01598 05:16:14",206.99,884.43,,,,"     ",5.10,46.17,10.49
1598,539330380,"01598M06:03:26.481","01598 05:16:15",207.01,884.39,,,,"     ",5.10,46.32,10.52
1598,539330381,"01598M06:03:27.454","01598 05:16:16",207.03,884.27,,,,"     ",5.10,46.35,10.52
1598,539330382,"01598M06:03:28.428","01598 05:16:17",207.05,884.29,,,,"     ",5.10,46.74,10.61
1598,539330383,"01598M06:03:29.401","01598 05:16:18",207.07,884.41,,,,"     ",5.10,46.15,10.46
1598,539330384,"01598M06:03:30.374","01598 05:16:19",207.08,884.37,,,,"     ",5.10,46.06,10.44
1598,539330385,"01598M06:03:31.347","01598 05:16:20",207.08,884.41,,,,"     ",5.10,46.19,10.46
1598,539330386,"01598M06:03:32.321","01598 05:16:21",207.07,884.41,,,,"     ",5.10,45.57,10.31
1598,539330387,"01598M06:03:33.294","01598 05:16:22",207.04,884.45,,,,"     ",5.10,46.09,10.43
1598,539330388,"01598M06:03:34.267","01598 05:16:23",206.99,884.32,,,,"     ",5.10,46.06,10.42
1598,539330389,"01598M06:03:35.240","01598 05:16:24",206.94,884.39,,,,"     ",5.10,46.05,10.41
1598,539330390,"01598M06:03:36.214","01598 05:16:25",206.89,884.42,,,,"     ",5.10,46.05,10.40
1598,539330391,"01598M06:03:37.187","01598 05:16:26",206.83,884.44,,,,"     ",5.10,46.02,10.40
1598,539330392,"01598M06:03:38.160","01598 05:16:27",206.77,884.35,,,,"     ",5.10,46.23,10.44
1598,539330393,"01598M06:03:39.133","01598 05:16:28",206.72,884.41,,,,"     ",5.10,46.22,10.43
1598,539330394,"01598M06:03:40.107","01598 05:16:29",206.67,884.42,,,,"     ",5.10,46.09,10.40
1598,539330395,"01598M06:03:41.080","01598 05:16:30",206.63,884.45,,,,"     ",5.10,46.08,10.39
1598,539330396,"01598M06:03:42.053","01598 05:16:31",206.61,884.45,,,,"     ",5.10,46.03,10.37
1598,539330397,"01598M06:03:43.026","01598 05:16:32",206.61,884.48,,,,"     ",5.10,45.98,10.36
1598,539330398,"01598M06:03:44.000","01598 05:16:33",206.61,884.49,,,,"     ",5.10,45.91,10.34
1598,539330399,"01598M06:03:44.973","01598 05:16:34",206.61,884.38,,,,"     ",5.10,46.10,10.38
1598,539330400,"01598M06:03:45.946","01598 05:16:35",206.61,884.34,,,,"     ",5.10,45.97,10.34
1598,539330401,"01598M06:03:46.919","01598 05:16:36",206.52,884.51,,,,"     ",5.10,45.83,10.31
1598,539330402,"01598M06:03:47.893","01598 05:16:37",206.51,884.44,,,,"     ",5.10,45.91,10.32
1598,539330403,"01598M06:03:48.866","01598 05:16:38",206.50,884.45,,,,"     ",5.10,46.06,10.35
1598,539330404,"01598M06:03:49.839","01598 05:16:39",206.49,884.66,,,,"     ",5.10,45.85,10.30
1598,539330405,"01598M06:03:50.812","01598 05:16:40",206.47,884.74,,,,"     ",5.10,46.43,10.45
1598,539330406,"01598M06:03:51.786","01598 05:16:41",206.46,884.52,,,,"     ",5.10,45.85,10.29
1598,539330407,"01598M06:03:52.759","01598 05:16:42",206.44,884.54,,,,"     ",5.10,45.78,10.27
1598,539330408,"01598M06:03:53.732","01598 05:16:43",206.42,884.53,,,,"     ",5.10,45.81,10.27
1598,539330409,"01598M06:03:54.705","01598 05:16:44",206.39,884.48,,,,"     ",5.10,45.88,10.29
1598,539330410,"01598M06:03:55.679","01598 05:16:45",206.35,884.40,,,,"     ",5.10,45.70,10.24
1598,539330411,"01598M06:03:56.652","01598 05:16:46",206.31,884.44,,,,"     ",5.10,45.78,10.26
1598,539330412,"01598M06:03:57.625","01598 05:16:47",206.29,884.43,,,,"     ",5.10,45.65,10.23
1598,539330413,"01598M06:03:58.598","01598 05:16:48",206.22,884.45,,,,"     ",5.10,45.81,10.26
1598,539330414,"01598M06:03:59.572","01598 05:16:49",206.15,884.43,,,,"     ",5.10,45.78,10.25
1598,539330415,"01598M06:04:00.545","01598 05:16:50",206.07,884.50,,,,"     ",5.10,45.75,10.24
1598,539330416,"01598M06:04:01.518","01598 05:16:50",206.00,884.46,,,,"     ",5.10,45.84,10.26
1598,539330417,"01598M06:04:02.491","01598 05:16:51",205.93,884.49,,,,"     ",5.10,45.76,10.24
1598,539330418,"01598M06:04:03.465","01598 05:16:52",205.87,884.44,,,,"     ",5.10,45.80,10.24
1598,539330419,"01598M06:04:04.438","01598 05:16:53",205.83,884.49,,,,"     ",5.10,45.71,10.22
1598,539330420,"01598M06:04:05.411","01598 05:16:54",205.81,884.51,,,,"     ",5.10,45.83,10.24
1598,539330421,"01598M06:04:06.384","01598 05:16:55",205.81,884.48,,,,"     ",5.10,45.72,10.21
1598,539330422,"01598M06:04:07.358","01598 05:16:56",205.83,884.53,,,,"     ",5.10,45.60,10.18
1598,539330423,"01598M06:04:08.331","01598 05:16:57",205.85,884.43,,,,"     ",5.10,45.64,10.19
1598,539330424,"01598M06:04:09.304","01598 05:16:58",205.88,884.49,,,,"     ",5.10,45.78,10.22
1598,539330425,"01598M06:04:10.277","01598 05:16:59",205.92,884.44,,,,"     ",5.10,45.59,10.18
1598,539330426,"01598M06:04:11.251","01598 05:17:00",205.94,884.49,,,,"     ",5.10,45.53,10.16
1598,539330427,"01598M06:04:12.224","01598 05:17:01",205.96,884.45,,,,"     ",5.10,45.59,10.16
1598,539330428,"01598M06:04:13.197","01598 05:17:02",205.97,884.43,,,,"     ",5.10,45.74,10.20
1598,539330429,"01598M06:04:14.170","01598 05:17:03",205.96,884.45,,,,"     ",5.10,45.60,10.16
1598,539330430,"01598M06:04:15.144","01598 05:17:04",205.95,884.42,,,,"     ",5.10,45.63,10.17
1598,539330431,"01598M06:04:16.117","01598 05:17:05",205.94,884.47,,,,"     ",5.10,45.60,10.16
1598,539330432,"01598M06:04:17.090","01598 05:17:06",205.93,884.47,,,,"     ",5.10,45.60,10.15
1598,539330433,"01598M06:04:18.063","01598 05:17:07",205.93,884.44,,,,"     ",5.10,45.60,10.15
1598,539330434,"01598M06:04:19.037","01598 05:17:08",205.94,884.41,,,,"     ",5.10,45.69,10.17
1598,539330435,"01598M06:04:20.010","01598 05:17:09",205.96,884.48,,,,"     ",5.10,45.57,10.14
1598,539330436,"01598M06:04:20.983","01598 05:17:10",205.98,884.49,,,,"     ",5.10,45.59,10.14
1598,539330437,"01598M06:04:21.956","01598 05:17:11",206.00,884.52,,,,"     ",5.10,45.49,10.11
1598,539330438,"01598M06:04:22.930","01598 05:17:12",206.01,884.48,,,,"     ",5.10,45.55,10.12
1598,539330439,"01598M06:04:23.903","01598 05:17:13",206.02,884.52,,,,"     ",5.10,45.59,10.13
1598,539330440,"01598M06:04:24.876","01598 05:17:14",206.01,884.49,,,,"     ",5.10,45.55,10.12
1598,539330441,"01598M06:04:25.849","01598 05:17:15",205.99,884.55,,,,"     ",5.10,45.48,10.10
1598,539330442,"01598M06:04:26.823","01598 05:17:16",205.97,884.57,,,,"     ",5.10,45.56,10.11
1598,539330443,"01598M06:04:27.796","01598 05:17:17",205.94,884.49,,,,"     ",5.10,45.52,10.10
1598,539330444,"01598M06:04:28.769","01598 05:17:18",205.91,884.44,,,,"     ",5.10,45.56,10.11
1598,539330445,"01598M06:04:29.743","01598 05:17:19",205.89,884.43,,,,"     ",5.10,45.60,10.12
1598,539330446,"01598M06:04:30.716","01598 05:17:20",205.87,884.45,,,,"     ",5.10,45.41,10.06
1598,539330447,"01598M06:04:31.689","01598 05:17:21",205.85,884.44,,,,"     ",5.10,45.61,10.11
1598,539330448,"01598M06:04:32.662","01598 05:17:22",205.84,884.40,,,,"     ",5.10,45.67,10.12
1598,539330449,"01598M06:04:33.636","01598 05:17:23",205.83,884.52,,,,"     ",5.10,45.62,10.10
1598,539330450,"01598M06:04:34.609","01598 05:17:24",205.84,884.45,,,,"     ",5.10,45.57,10.09
1598,539330451,"01598M06:04:35.582","01598 05:17:25",205.85,884.40,,,,"     ",5.10,45.67,10.11
1598,539330452,"01598M06:04:36.555","01598 05:17:26",205.86,884.45,,,,"     ",5.10,45.58,10.09
1598,539330453,"01598M06:04:37.529","01598 05:17:26",205.87,884.50,,,,"     ",5.10,45.43,10.05
1598,539330454,"01598M06:04:38.502","01598 05:17:27",205.88,884.54,,,,"     ",5.10,45.62,10.09
1598,539330455,"01598M06:04:39.475","01598 05:17:28",205.88,884.52,,,,"     ",5.10,45.54,10.07
1598,539330456,"01598M06:04:40.448","01598 05:17:29",205.89,884.46,,,,"     ",5.10,45.58,10.07
1598,539330457,"01598M06:04:41.422","01598 05:17:30",205.90,884.49,,,,"     ",5.10,45.51,10.05
1598,539330458,"01598M06:04:42.395","01598 05:17:31",205.91,884.51,,,,"     ",5.10,45.49,10.05
1598,539330459,"01598M06:04:43.368","01598 05:17:32",205.94,884.45,,,,"     ",5.10,45.64,10.08
1598,539330460,"01598M06:04:44.341","01598 05:17:33",205.98,884.43,,,,"     ",5.10,45.00,9.93
1598,539330461,"01598M06:04:45.315","01598 05:17:34",206.01,884.67,,,,"     ",5.10,45.54,10.05
1598,539330462,"01598M06:04:46.288","01598 05:17:35",205.88,884.54,,,,"     ",5.10,45.73,10.09
1598,539330463,"01598M06:04:47.261","01598 05:17:36",205.92,884.66,,,,"     ",5.10,45.65,10.07
1598,539330464,"01598M06:04:48.234","01598 05:17:37",205.96,884.70,,,,"     ",5.10,45.70,10.08
1598,539330465,"01598M06:04:49.208","01598 05:17:38",205.99,884.57,,,,"     ",5.10,45.66,10.06
1598,539330466,"01598M06:04:50.181","01598 05:17:39",206.01,884.61,,,,"     ",5.10,45.47,10.02
1598,539330467,"01598M06:04:51.154","01598 05:17:40",206.02,884.60,,,,"     ",5.10,45.82,10.10
1598,539330468,"01598M06:04:52.127","01598 05:17:41",206.12,884.60,,,,"     ",5.10,45.67,10.06
1598,539330469,"01598M06:04:53.101","01598 05:17:42",206.09,884.61,,,,"     ",5.10,45.69,10.06
1598,539330470,"01598M06:04:54.074","01598 05:17:43",206.05,884.57,,,,"     ",5.10,45.80,10.08
1598,539330471,"01598M06:04:55.047","01598 05:17:44",206.02,884.58,,,,"     ",5.10,45.81,10.08
1598,539330472,"01598M06:04:56.020","01598 05:17:45",206.01,884.55,,,,"     ",5.10,45.67,10.04
1598,539330473,"01598M06:04:56.994","01598 05:17:46",206.01,884.56,,,,"     ",5.10,45.79,10.06
1598,539330474,"01598M06:04:57.967","01598 05:17:47",206.02,884.56,,,,"     ",5.10,45.91,10.09
1598,539330475,"01598M06:04:58.940","01598 05:17:48",206.05,884.51,,,,"     ",5.10,45.71,10.04
1598,539330476,"01598M06:04:59.913","01598 05:17:49",206.09,884.47,,,,"     ",5.10,45.84,10.06
1598,539330477,"01598M06:05:00.887","01598 05:17:50",206.15,884.38,,,,"     ",5.10,45.88,10.07
1598,539330478,"01598M06:05:01.860","01598 05:17:51",206.09,884.49,,,,"     ",5.10,46.05,10.10
1598,539330479,"01598M06:05:02.833","01598 05:17:52",206.12,884.53,,,,"     ",5.10,45.86,10.05
1598,539330480,"01598M06:05:03.806","01598 05:17:53",206.14,884.51,,,,"     ",5.10,46.06,10.10
1598,539330481,"01598M06:05:04.780","01598 05:17:54",206.16,884.63,,,,"     ",5.10,45.99,10.07
1598,539330482,"01598M06:05:05.753","01598 05:17:55",206.18,884.54,,,,"     ",5.10,45.99,10.07
1598,539330483,"01598M06:05:06.726","01598 05:17:56",206.19,884.66,,,,"     ",5.10,45.97,10.06
1598,539330484,"01598M06:05:07.699","01598 05:17:57",206.20,884.65,,,,"     ",5.10,46.12,10.09
1598,539330485,"01598M06:05:08.673","01598 05:17:58",206.21,884.71,,,,"     ",5.10,46.09,10.08
1598,539330486,"01598M06:05:09.646","01598 05:17:59",206.22,884.71,,,,"     ",5.10,46.00,10.06
1598,539330487,"01598M06:05:10.619","01598 05:18:00",206.24,884.75,,,,"     ",5.10,46.08,10.07
1598,539330488,"01598M06:05:11.592","01598 05:18:01",206.25,884.69,,,,"     ",5.10,46.00,10.05
1598,539330489,"01598M06:05:12.566","01598 05:18:02",206.27,884.64,,,,"     ",5.10,46.03,10.05
1598,539330490,"01598M06:05:13.539","01598 05:18:02",206.29,884.65,,,,"     ",5.10,46.01,10.04
1598,539330491,"01598M06:05:14.512","01598 05:18:03",206.30,884.68,,,,"     ",5.10,46.12,10.07
1598,539330492,"01598M06:05:15.485","01598 05:18:04",206.31,884.66,,,,"     ",5.10,46.14,10.07
1598,539330493,"01598M06:05:16.459","01598 05:18:05",206.35,884.60,,,,"     ",5.10,46.15,10.06
1598,539330494,"01598M06:05:17.432","01598 05:18:06",206.32,884.70,,,,"     ",5.10,45.93,10.01
1598,539330495,"01598M06:05:18.405","01598 05:18:07",206.30,884.67,,,,"     ",5.10,46.19,10.06
1598,539330496,"01598M06:05:19.378","01598 05:18:08",206.30,884.74,,,,"     ",5.10,46.02,10.02
1598,539330497,"01598M06:05:20.352","01598 05:18:09",206.30,884.69,,,,"     ",5.10,46.08,10.03
1598,539330498,"01598M06:05:21.325","01598 05:18:10",206.32,884.77,,,,"     ",5.10,46.12,10.04
1598,539330499,"01598M06:05:22.298","01598 05:18:11",206.35,884.74,,,,"     ",5.10,46.04,10.01
1598,539330500,"01598M06:05:23.271","01598 05:18:12",206.39,884.76,,,,"     ",5.10,46.26,10.06
1598,539330501,"01598M06:05:24.245","01598 05:18:13",206.43,884.68,,,,"     ",5.10,46.26,10.05
1598,539330502,"01598M06:05:25.218","01598 05:18:14",206.47,884.62,,,,"     ",5.10,46.15,10.02
1598,539330503,"01598M06:05:26.191","01598 05:18:15",206.48,884.65,,,,"     ",5.10,46.06,10.00
1598,539330504,"01598M06:05:27.164","01598 05:18:16",206.43,884.71,,,,"     ",5.10,46.14,10.02
1598,539330505,"01598M06:05:28.138","01598 05:18:17",206.44,884.69,,,,"     ",5.10,46.09,10.00
1598,539330506,"01598M06:05:29.111","01598 05:18:18",206.45,884.68,,,,"     ",5.10,46.17,10.01
1598,539330507,"01598M06:05:30.084","01598 05:18:19",206.46,884.62,,,,"     ",5.10,46.21,10.02
1598,539330508,"01598M06:05:31.057","01598 05:18:20",206.46,884.58,,,,"     ",5.10,46.10,9.99
1598,539330509,"01598M06:05:32.031","01598 05:18:21",206.47,884.60,,,,"     ",5.10,46.26,10.02
1598,539330510,"01598M06:05:33.004","01598 05:18:22",206.48,884.55,,,,"     ",5.10,46.09,9.98
1598,539330511,"01598M06:05:33.977","01598 05:18:23",206.48,884.68,,,,"     ",5.10,46.17,9.99
1598,539330512,"01598M06:05:34.950","01598 05:18:24",206.49,884.73,,,,"     ",5.10,46.21,10.00
1598,539330513,"01598M06:05:35.924","01598 05:18:25",206.49,884.71,,,,"     ",5.10,46.02,9.95
1598,539330514,"01598M06:05:36.897","01598 05:18:26",206.49,884.67,,,,"     ",5.10,46.07,9.96
1598,539330515,"01598M06:05:37.870","01598 05:18:27",206.49,884.81,,,,"     ",5.10,46.14,9.97
1598,539330516,"01598M06:05:38.844","01598 05:18:28",206.49,884.81,,,,"     ",5.10,46.13,9.97
1598,539330517,"01598M06:05:39.817","01598 05:18:29",206.49,884.83,,,,"     ",5.10,46.08,9.95
1598,539330518,"01598M06:05:40.790","01598 05:18:30",206.49,884.81,,,,"     ",5.10,45.98,9.93
1598,539330519,"01598M06:05:41.763","01598 05:18:31",206.49,884.81,,,,"     ",5.10,46.18,9.97
1598,539330520,"01598M06:05:42.737","01598 05:18:32",206.49,884.84,,,,"     ",5.10,46.03,9.93
1598,539333919,"01598M07:00:50.825","01598 06:13:39",206.64,893.96,,,,"     ",5.10,,
1598,539333920,"01598M07:00:51.798","01598 06:13:40",206.75,894.12,,,,"     ",5.10,37.21,10.13
1598,539333921,"01598M07:00:52.772","01598 06:13:41",206.86,894.14,,,,"     ",5.10,37.45,10.16
1598,539333922,"01598M07:00:53.745","01598 06:13:42",206.95,894.14,,,,"     ",5.10,37.51,10.15
1598,539333923,"01598M07:00:54.718","01598 06:13:43",207.04,894.11,,,,"     ",5.10,37.50,10.11
1598,539333924,"01598M07:00:55.691","01598 06:13:44",207.13,894.11,,,,"     ",5.10,37.65,10.11
1598,539333925,"01598M07:00:56.665","01598 06:13:45",207.20,894.17,,,,"     ",5.10,37.71,10.09
1598,539333926,"01598M07:00:57.638","01598 06:13:46",207.27,894.16,,,,"     ",5.10,37.90,10.11
1598,539333927,"01598M07:00:58.611","01598 06:13:47",207.33,894.05,,,,"     ",5.10,37.76,10.04
1598,539333928,"01598M07:00:59.584","01598 06:13:48",207.39,894.19,,,,"     ",5.10,37.99,10.07
1598,539333929,"01598M07:01:00.558","01598 06:13:49",207.44,893.98,,,,"     ",5.10,37.98,10.03
1598,539333930,"01598M07:01:01.531","01598 06:13:50",207.48,894.07,,,,"     ",5.10,38.03,10.01
1598,539333931,"01598M07:01:02.504","01598 06:13:51",207.52,894.15,,,,"     ",5.10,37.97,9.97
1598,539333932,"01598M07:01:03.477","01598 06:13:52",207.55,894.20,,,,"     ",5.10,38.13,9.98
1598,539333933,"01598M07:01:04.451","01598 06:13:53",207.58,894.07,,,,"     ",5.10,38.16,9.95
1598,539333934,"01598M07:01:05.424","01598 06:13:54",207.60,894.10,,,,"     ",5.10,38.28,9.95
1598,539333935,"01598M07:01:06.397","01598 06:13:55",207.62,894.01,,,,"     ",5.10,38.57,10.00
1598,539333936,"01598M07:01:07.370","01598 06:13:56",207.62,894.11,,,,"     ",5.10,38.18,9.87
1598,539333937,"01598M07:01:08.344","01598 06:13:57",207.62,894.15,,,,"     ",5.10,38.47,9.92
1598,539333938,"01598M07:01:09.317","01598 06:13:58",207.62,894.12,,,,"     ",5.10,38.45,9.88
1598,539333939,"01598M07:01:10.290","01598 06:13:59",207.61,894.11,,,,"     ",5.10,38.42,9.85
1598,539333940,"01598M07:01:11.263","01598 06:14:00",207.62,894.12,,,,"     ",5.10,38.39,9.82
1598,539333941,"01598M07:01:12.237","01598 06:14:01",207.63,894.17,,,,"     ",5.10,38.55,9.83
1598,539333942,"01598M07:01:13.210","01598 06:14:02",207.63,894.20,,,,"     ",5.10,38.45,9.78
1598,539333943,"01598M07:01:14.183","01598 06:14:03",207.64,894.18,,,,"     ",5.10,38.50,9.77
1598,539333944,"01598M07:01:15.156","01598 06:14:03",207.64,894.15,,,,"     ",5.10,38.49,9.74
1598,539333945,"01598M07:01:16.130","01598 06:14:04",207.65,894.15,,,,"     ",5.10,38.80,9.79
1598,539333946,"01598M07:01:17.103","01598 06:14:05",207.67,894.15,,,,"     ",5.10,38.70,9.75
1598,539333947,"01598M07:01:18.076","01598 06:14:06",207.70,894.16,,,,"     ",5.10,38.88,9.77
1598,539333948,"01598M07:01:19.049","01598 06:14:07",207.74,894.09,,,,"     ",5.10,38.89,9.75
1598,539333949,"01598M07:01:20.023","01598 06:14:08",207.80,894.09,,,,"     ",5.10,38.90,9.72
1598,539333950,"01598M07:01:20.996","01598 06:14:09",207.89,894.14,,,,"     ",5.10,38.89,9.70
1598,539333951,"01598M07:01:21.969","01598 06:14:10",207.98,894.13,,,,"     ",5.10,38.98,9.70
1598,539333952,"01598M07:01:22.942","01598 06:14:11",208.08,894.13,,,,"     ",5.10,39.09,9.71
1598,539333953,"01598M07:01:23.916","01598 06:14:12",208.19,894.19,,,,"     ",5.10,38.90,9.64
1598,539333954,"01598M07:01:24.889","01598 06:14:13",208.29,894.29,,,,"     ",5.10,39.01,9.65
1598,539333955,"01598M07:01:25.862","01598 06:14:14",208.37,894.14,,,,"     ",5.10,39.28,9.70
1598,539333956,"01598M07:01:26.835","01598 06:14:15",208.44,894.26,,,,"     ",5.10,39.12,9.64
1598,539333957,"01598M07:01:27.809","01598 06:14:16",208.49,894.11,,,,"     ",5.10,39.17,9.63
1598,539333958,"01598M07:01:28.782","01598 06:14:17",208.52,894.13,,,,"     ",5.10,39.18,9.61
1598,539333959,"01598M07:01:29.755","01598 06:14:18",208.53,894.17,,,,"     ",5.10,39.20,9.60
1598,539333960,"01598M07:01:30.729","01598 06:14:19",208.52,894.22,,,,"     ",5.10,39.21,9.58
1598,539333961,"01598M07:01:31.702","01598 06:14:20",208.49,894.05,,,,"     ",5.10,39.36,9.60
1598,539333962,"01598M07:01:32.675","01598 06:14:21",208.46,894.23,,,,"     ",5.10,39.12,9.53
1598,539333963,"01598M07:01:33.648","01598 06:14:22",208.42,894.20,,,,"     ",5.10,39.50,9.60
1598,539333964,"01598M07:01:34.622","01598 06:14:23",208.38,894.22,,,,"     ",5.10,39.40,9.56
1598,539333965,"01598M07:01:35.595","01598 06:14:24",208.32,894.30,,,,"     ",5.10,39.40,9.54
1598,539333966,"01598M07:01:36.568","01598 06:14:25",208.25,894.36,,,,"     ",5.10,39.36,9.52
1598,539333967,"01598M07:01:37.541","01598 06:14:26",208.18,894.12,,,,"     ",5.10,39.43,9.52
1598,539333968,"01598M07:01:38.515","01598 06:14:27",208.09,894.17,,,,"     ",5.10,39.53,9.52
1598,539333969,"01598M07:01:39.488","01598 06:14:28",208.01,894.23,,,,"     ",5.10,39.51,9.50
1598,539333970,"01598M07:01:40.461","01598 06:14:29",207.93,894.27,,,,"     ",5.10,39.47,9.48
1598,539333971,"01598M07:01:41.434","01598 06:14:30",207.87,894.26,,,,"     ",5.10,39.44,9.46
1598,539333972,"01598M07:01:42.408","01598 06:14:31",207.83,894.31,,,,"     ",5.10,39.57,9.47
1598,539333973,"01598M07:01:43.381","01598 06:14:32",207.81,894.26,,,,"     ",5.10,39.58,9.46
1598,539333974,"01598M07:01:44.354","01598 06:14:33",207.81,894.30,,,,"     ",5.10,39.68,9.47
1598,539333975,"01598M07:01:45.327","01598 06:14:34",207.82,894.25,,,,"     ",5.10,39.73,9.47
1598,539333976,"01598M07:01:46.301","01598 06:14:35",207.83,894.27,,,,"     ",5.10,39.69,9.45
1598,539333977,"01598M07:01:47.274","01598 06:14:36",207.85,894.27,,,,"     ",5.10,39.60,9.41
1598,539333978,"01598M07:01:48.247","01598 06:14:37",207.87,894.31,,,,"     ",5.10,39.66,9.41
1598,539333979,"01598M07:01:49.220","01598 06:14:38",207.89,894.31,,,,"     ",5.10,39.84,9.44
1598,539333980,"01598M07:01:50.194","01598 06:14:39",207.91,894.31,,,,"     ",5.10,39.66,9.39
1598,539333981,"01598M07:01:51.167","01598 06:14:39",207.92,894.29,,,,"     ",5.10,39.89,9.43
1598,539333982,"01598M07:01:52.140","01598 06:14:40",207.93,894.33,,,,"     ",5.10,39.65,9.36
1598,539333983,"01598M07:01:53.113","01598 06:14:41",207.93,894.29,,,,"     ",5.10,39.78,9.38
1598,539333984,"01598M07:01:54.087","01598 06:14:42",207.92,894.28,,,,"     ",5.10,39.75,9.36
1598,539333985,"01598M07:01:55.060","01598 06:14:43",207.91,894.30,,,,"     ",5.10,39.77,9.35
1598,539333986,"01598M07:01:56.033","01598 06:14:44",207.89,894.23,,,,"     ",5.10,39.89,9.37
1598,539333987,"01598M07:01:57.006","01598 06:14:45",207.87,894.28,,,,"     ",5.10,39.85,9.35
1598,539333988,"01598M07:01:57.980","01598 06:14:46",207.85,894.21,,,,"     ",5.10,39.77,9.32
1598,539333989,"01598M07:01:58.953","01598 06:14:47",207.83,894.31,,,,"     ",5.10,39.92,9.34
1598,539333990,"01598M07:01:59.926","01598 06:14:48",207.81,894.32,,,,"     ",5.10,40.01,9.36
1598,539333991,"01598M07:02:00.899","01598 06:14:49",207.80,894.36,,,,"     ",5.10,39.80,9.30
1598,539333992,"01598M07:02:01.873","01598 06:14:50",207.80,894.27,,,,"     ",5.10,39.86,9.30
1598,539333993,"01598M07:02:02.846","01598 06:14:51",207.81,894.35,,,,"     ",5.10,39.85,9.29
1598,539333994,"01598M07:02:03.819","01598 06:14:52",207.84,894.37,,,,"     ",5.10,39.92,9.29
1598,539333995,"01598M07:02:04.792","01598 06:14:53",207.88,894.46,,,,"     ",5.10,39.96,9.29
1598,539333996,"01598M07:02:05.766","01598 06:14:54",207.93,894.46,,,,"     ",5.10,39.92,9.27
1598,539333997,"01598M07:02:06.739","01598 06:14:55",207.98,894.47,,,,"     ",5.10,39.95,9.27
1598,539333998,"01598M07:02:07.712","01598 06:14:56",208.03,894.39,,,,"     ",5.10,39.96,9.26
1598,539333999,"01598M07:02:08.685","01598 06:14:57",208.07,894.46,,,,"     ",5.10,40.01,9.27
1598,539334000,"01598M07:02:09.659","01598 06:14:58",208.10,894.42,,,,"     ",5.10,39.96,9.25
1598,539334001,"01598M07:02:10.632","01598 06:14:59",208.10,894.43,,,,"     ",5.10,39.85,9.21
1598,539334002,"01598M07:02:11.605","01598 06:15:00",208.09,894.36,,,,"     ",5.10,40.08,9.26
1598,539334003,"01598M07:02:12.578","01598 06:15:01",208.07,894.45,,,,"     ",5.10,39.98,9.23
1598,539334004,"01598M07:02:13.552","01598 06:15:02",208.05,894.40,,,,"     ",5.10,40.00,9.22
1598,539334005,"01598M07:02:14.525","01598 06:15:03",208.02,894.41,,,,"     ",5.10,39.97,9.20
1598,539334006,"01598M07:02:15.498","01598 06:15:04",208.00,894.32,,,,"     ",5.10,40.07,9.22
1598,539334007,"01598M07:02:16.471","01598 06:15:05",207.97,894.25,,,,"     ",5.10,39.57,9.09
1598,539334008,"01598M07:02:17.445","01598 06:15:06",207.95,894.43,,,,"     ",5.10,40.08,9.21
1598,539334009,"01598M07:02:18.418","01598 06:15:07",207.92,894.54,,,,"     ",5.10,40.23,9.24
1598,539334010,"01598M07:02:19.391","01598 06:15:08",207.89,894.55,,,,"     ",5.10,39.89,9.15
1598,539334011,"01598M07:02:20.364","01598 06:15:09",207.86,894.58,,,,"     ",5.10,40.03,9.18
1598,539334012,"01598M07:02:21.338","01598 06:15:10",207.82,894.38,,,,"     ",5.10,39.98,9.15
1598,539334013,"01598M07:02:22.311","01598 06:15:11",207.77,894.41,,,,"     ",5.10,40.10,9.17
1598,539334014,"01598M07:02:23.284","01598 06:15:12",207.72,894.39,,,,"     ",5.10,40.11,9.16
1598,539334015,"01598M07:02:24.257","01598 06:15:13",207.67,894.50,,,,"     ",5.10,40.14,9.17
1598,539334016,"01598M07:02:25.231","01598 06:15:14",207.62,894.37,,,,"     ",5.10,40.02,9.13
1598,539334017,"01598M07:02:26.204","01598 06:15:15",207.58,894.42,,,,"     ",5.10,40.10,9.14
1598,539334018,"01598M07:02:27.177","01598 06:15:15",207.55,894.38,,,,"     ",5.10,39.98,9.11
1598,539334019,"01598M07:02:28.150","01598 06:15:16",207.53,894.36,,,,"     ",5.10,40.26,9.16
1598,539334020,"01598M07:02:29.124","01598 06:15:17",207.52,894.32,,,,"     ",5.10,40.18,9.14
1598,539334021,"01598M07:02:30.097","01598 06:15:18",207.52,894.35,,,,"     ",5.10,40.15,9.13
1598,539334022,"01598M07:02:31.070","01598 06:15:19",207.53,894.35,,,,"     ",5.10,40.25,9.14
1598,539334023,"01598M07:02:32.043","01598 06:15:20",207.54,894.44,,,,"     ",5.10,40.02,9.08
1598,539334024,"01598M07:02:33.017","01598 06:15:21",207.54,894.53,,,,"     ",5.10,40.11,9.10
1598,539334025,"01598M07:02:33.990","01598 06:15:22",207.55,894.46,,,,"     ",5.10,40.06,9.08
1598,539334026,"01598M07:02:34.963","01598 06:15:23",207.56,894.48,,,,"     ",5.10,40.01,9.06
1598,539334027,"01598M07:02:35.936","01598 06:15:24",207.57,894.44,,,,"     ",5.10,40.16,9.09
1598,539334028,"01598M07:02:36.910","01598 06:15:25",207.59,894.48,,,,"     ",5.10,40.02,9.05
1598,539334029,"01598M07:02:37.883","01598 06:15:26",207.63,894.43,,,,"     ",5.10,40.17,9.08
1598,539334030,"01598M07:02:38.856","01598 06:15:27",207.69,894.45,,,,"     ",5.10,40.16,9.07
1598,539334031,"01598M07:02:39.830","01598 06:15:28",207.76,894.43,,,,"     ",5.10,40.19,9.07
1598,539334032,"01598M07:02:40.803","01598 06:15:29",207.84,894.37,,,,"     ",5.10,40.06,9.03
1598,539334033,"01598M07:02:41.776","01598 06:15:30",207.93,894.35,,,,"     ",5.10,40.15,9.05
1598,539334034,"01598M07:02:42.749","01598 06:15:31",208.01,894.40,,,,"     ",5.10,40.23,9.06
1598,539334035,"01598M07:02:43.723","01598 06:15:32",208.07,894.22,,,,"     ",5.10,40.24,9.06
1598,539334036,"01598M07:02:44.696","01598 06:15:33",208.13,894.31,,,,"     ",5.10,39.97,8.98
1598,539334037,"01598M07:02:45.669","01598 06:15:34",208.18,894.31,,,,"     ",5.10,40.10,9.01
1598,539334038,"01598M07:02:46.642","01598 06:15:35",208.22,894.30,,,,"     ",5.10,40.18,9.02
1598,539334039,"01598M07:02:47.616","01598 06:15:36",208.25,894.41,,,,"     ",5.10,39.96,8.96
1598,539334040,"01598M07:02:48.589","01598 06:15:37",208.28,894.31,,,,"     ",5.10,40.18,9.01
1598,539334041,"01598M07:02:49.562","01598 06:15:38",208.30,894.46,,,,"     ",5.10,39.97,8.95
1598,539334042,"01598M07:02:50.535","01598 06:15:39",208.33,894.44,,,,"     ",5.10,40.21,9.00
1598,539334043,"01598M07:02:51.509","01598 06:15:40",208.36,894.40,,,,"     ",5.10,40.20,8.99
1598,539334044,"01598M07:02:52.482","01598 06:15:41",208.38,894.50,,,,"     ",5.10,40.18,8.98
1598,539334045,"01598M07:02:53.455","01598 06:15:42",208.39,894.44,,,,"     ",5.10,40.15,8.96
1598,539334046,"01598M07:02:54.428","01598 06:15:43",208.40,894.37,,,,"     ",5.10,40.08,8.94
1598,539334047,"01598M07:02:55.402","01598 06:15:44",208.41,894.39,,,,"     ",5.10,40.19,8.96
1598,539334048,"01598M07:02:56.375","01598 06:15:45",208.41,894.34,,,,"     ",5.10,40.11,8.93
1598,539334049,"01598M07:02:57.348","01598 06:15:46",208.41,894.37,,,,"     ",5.10,40.15,8.94
1598,539334050,"01598M07:02:58.321","01598 06:15:47",208.41,894.36,,,,"     ",5.10,40.04,8.91
1598,539334051,"01598M07:02:59.295","01598 06:15:48",208.40,894.34,,,,"     ",5.10,40.05,8.90
1598,539334052,"01598M07:03:00.268","01598 06:15:49",208.39,894.37,,,,"     ",5.10,40.23,8.94
1598,539334053,"01598M07:03:01.241","01598 06:15:50",208.37,894.30,,,,"     ",5.10,40.24,8.93
1598,539334054,"01598M07:03:02.214","01598 06:15:51",208.35,894.35,,,,"     ",5.10,40.29,8.94
1598,539334055,"01598M07:03:03.188","01598 06:15:51",208.34,894.37,,,,"     ",5.10,40.19,8.91
1598,539334056,"01598M07:03:04.161","01598 06:15:52",208.33,894.47,,,,"     ",5.10,40.26,8.91
1598,539334057,"01598M07:03:05.134","01598 06:15:53",208.33,894.36,,,,"     ",5.10,40.36,8.93
1598,539334058,"01598M07:03:06.107","01598 06:15:54",208.34,894.20,,,,"     ",5.10,40.11,8.87
1598,539334059,"01598M07:03:07.081","01598 06:15:55",208.35,894.22,,,,"     ",5.10,40.19,8.88
1598,539334060,"01598M07:03:08.054","01598 06:15:56",208.37,894.26,,,,"     ",5.10,40.14,8.86
1598,539334061,"01598M07:03:09.027","01598 06:15:57",208.39,894.38,,,,"     ",5.10,40.35,8.90
1598,539334062,"01598M07:03:10.000","01598 06:15:58",208.42,894.47,,,,"     ",5.10,40.20,8.86
1598,539334063,"01598M07:03:10.974","01598 06:15:59",208.46,894.60,,,,"     ",5.10,40.28,8.88
1598,539334064,"01598M07:03:11.947","01598 06:16:00",208.50,894.67,,,,"     ",5.10,40.79,8.99
1598,539334065,"01598M07:03:12.920","01598 06:16:01",208.55,894.35,,,,"     ",5.10,40.24,8.85
1598,539334066,"01598M07:03:13.893","01598 06:16:02",208.61,894.39,,,,"     ",5.10,40.30,8.86
1598,539334067,"01598M07:03:14.867","01598 06:16:03",208.67,894.47,,,,"     ",5.10,40.18,8.83
1598,539334068,"01598M07:03:15.840","01598 06:16:04",208.73,894.44,,,,"     ",5.10,40.41,8.87
1598,539334069,"01598M07:03:16.813","01598 06:16:05",208.79,894.44,,,,"     ",5.10,40.23,8.82
1598,539334070,"01598M07:03:17.786","01598 06:16:06",208.84,894.51,,,,"     ",5.10,40.30,8.83
1598,539334071,"01598M07:03:18.760","01598 06:16:07",208.88,894.49,,,,"     ",5.10,40.22,8.81
1598,539334072,"01598M07:03:19.733","01598 06:16:08",208.92,894.46,,,,"     ",5.10,40.19,8.79
1598,539334073,"01598M07:03:20.706","01598 06:16:09",208.96,894.47,,,,"     ",5.10,40.07,8.76
1598,539334074,"01598M07:03:21.679","01598 06:16:10",208.99,894.47,,,,"     ",5.10,40.20,8.78
1598,539334075,"01598M07:03:22.653","01598 06:16:11",209.03,894.52,,,,"     ",5.10,40.36,8.81
1598,539334076,"01598M07:03:23.626","01598 06:16:12",209.06,894.57,,,,"     ",5.10,40.28,8.78
1598,539334077,"01598M07:03:24.599","01598 06:16:13",209.08,894.49,,,,"     ",5.10,40.19,8.76
1598,539334078,"01598M07:03:25.572","01598 06:16:14",209.11,894.53,,,,"     ",5.10,40.21,8.75
1598,539334079,"01598M07:03:26.546","01598 06:16:15",209.13,894.53,,,,"     ",5.10,40.28,8.76
1598,539334080,"01598M07:03:27.519","01598 06:16:16",209.15,894.46,,,,"     ",5.10,40.28,8.76
1598,539334081,"01598M07:03:28.492","01598 06:16:17",209.18,894.52,,,,"     ",5.10,40.21,8.73
1598,539334082,"01598M07:03:29.465","01598 06:16:18",209.20,894.46,,,,"     ",5.10,40.43,8.77
1598,539334083,"01598M07:03:30.439","01598 06:16:19",209.23,894.48,,,,"     ",5.10,40.56,8.80
1598,539334084,"01598M07:03:31.412","01598 06:16:20",209.25,894.52,,,,"     ",5.10,40.42,8.76
1598,539334085,"01598M07:03:32.385","01598 06:16:21",209.27,894.56,,,,"     ",5.10,40.38,8.74
1598,539334086,"01598M07:03:33.358","01598 06:16:22",209.30,894.51,,,,"     ",5.10,40.89,8.86
1598,539334087,"01598M07:03:34.332","01598 06:16:23",209.32,894.44,,,,"     ",5.10,40.32,8.72
1598,539334088,"01598M07:03:35.305","01598 06:16:24",209.34,894.54,,,,"     ",5.10,40.52,8.76
1598,539334089,"01598M07:03:36.278","01598 06:16:25",209.36,894.52,,,,"     ",5.10,40.43,8.73
1598,539334090,"01598M07:03:37.251","01598 06:16:26",209.38,894.53,,,,"     ",5.10,39.84,8.59
1598,539334091,"01598M07:03:38.225","01598 06:16:27",209.40,894.57,,,,"     ",5.10,40.44,8.72
1598,539334092,"01598M07:03:39.198","01598 06:16:27",209.42,894.58,,,,"     ",5.10,40.47,8.72
1598,539334093,"01598M07:03:40.171","01598 06:16:28",209.44,894.58,,,,"     ",5.10,40.58,8.73
1598,539334094,"01598M07:03:41.144","01598 06:16:29",209.45,894.68,,,,"     ",5.10,40.41,8.69
1598,539334095,"01598M07:03:42.118","01598 06:16:30",209.46,894.58,,,,"     ",5.10,40.41,8.68
1598,539334096,"01598M07:03:43.091","01598 06:16:31",209.47,894.55,,,,"     ",5.10,40.64,8.73
1598,539334097,"01598M07:03:44.064","01598 06:16:32",209.48,894.63,,,,"     ",5.10,40.32,8.65
1598,539334098,"01598M07:03:45.037","01598 06:16:33",209.49,894.55,,,,"     ",5.10,40.50,8.69
1598,539334099,"01598M07:03:46.011","01598 06:16:34",209.49,894.68,,,,"     ",5.10,40.55,8.68
1598,539334100,"01598M07:03:46.984","01598 06:16:35",209.50,894.61,,,,"     ",5.10,40.42,8.65
1598,539334101,"01598M07:03:47.957","01598 06:16:36",209.50,894.60,,,,"     ",5.10,40.51,8.66
1598,539334102,"01598M07:03:48.931","01598 06:16:37",209.50,894.56,,,,"     ",5.10,40.53,8.66
1598,539334103,"01598M07:03:49.904","01598 06:16:38",209.51,894.61,,,,"     ",5.10,40.52,8.65
1598,539334104,"01598M07:03:50.877","01598 06:16:39",209.52,894.65,,,,"     ",5.10,40.60,8.67
1598,539334105,"01598M07:03:51.850","01598 06:16:40",209.54,894.64,,,,"     ",5.10,40.73,8.69
1598,539334106,"01598M07:03:52.824","01598 06:16:41",209.56,894.63,,,,"     ",5.10,40.59,8.65
1598,539334107,"01598M07:03:53.797","01598 06:16:42",209.58,894.69,,,,"     ",5.10,40.59,8.64
1598,539334108,"01598M07:03:54.770","01598 06:16:43",209.60,894.71,,,,"     ",5.10,40.50,8.62
1598,539334109,"01598M07:03:55.743","01598 06:16:44",209.61,894.72,,,,"     ",5.10,40.71,8.66
1598,539334110,"01598M07:03:56.717","01598 06:16:45",209.62,894.69,,,,"     ",5.10,40.60,8.62
1598,539334111,"01598M07:03:57.690","01598 06:16:46",209.62,894.60,,,,"     ",5.10,40.55,8.61
1598,539334112,"01598M07:03:58.663","01598 06:16:47",209.62,894.74,,,,"     ",5.10,40.59,8.61
1598,539334113,"01598M07:03:59.636","01598 06:16:48",209.61,894.67,,,,"     ",5.10,40.67,8.62
1598,539334114,"01598M07:04:00.610","01598 06:16:49",209.61,894.69,,,,"     ",5.10,40.76,8.63
1598,539334115,"01598M07:04:01.583","01598 06:16:50",209.61,894.77,,,,"     ",5.10,40.72,8.62
1598,539334116,"01598M07:04:02.556","01598 06:16:51",209.61,894.67,,,,"     ",5.10,40.73,8.62
1598,539334117,"01598M07:04:03.529","01598 06:16:52",209.62,894.64,,,,"     ",5.10,40.65,8.59
1598,539334118,"01598M07:04:04.503","01598 06:16:53",209.63,894.55,,,,"     ",5.10,40.60,8.58
1598,539334119,"01598M07:04:05.476","01598 06:16:54",209.66,894.75,,,,"     ",5.10,40.86,8.63
1598,539334120,"01598M07:04:06.449","01598 06:16:55",209.68,894.64,,,,"     ",5.10,40.64,8.57
1598,539334121,"01598M07:04:07.422","01598 06:16:56",209.71,894.74,,,,"     ",5.10,40.85,8.61
1598,539334122,"01598M07:04:08.396","01598 06:16:57",209.74,894.80,,,,"     ",5.10,40.61,8.56
1598,539334123,"01598M07:04:09.369","01598 06:16:58",209.77,894.86,,,,"     ",5.10,41.23,8.68
1598,539334124,"01598M07:04:10.342","01598 06:16:59",209.79,894.70,,,,"     ",5.10,40.71,8.57
1598,539334125,"01598M07:04:11.315","01598 06:17:00",209.82,894.71,,,,"     ",5.10,40.76,8.57
1598,539334126,"01598M07:04:12.289","01598 06:17:01",209.84,894.64,,,,"     ",5.10,40.75,8.56
1598,539334127,"01598M07:04:13.262","01598 06:17:02",209.86,894.75,,,,"     ",5.10,40.73,8.55
1598,539334128,"01598M07:04:14.235","01598 06:17:03",209.88,894.69,,,,"     ",5.10,40.86,8.57
1598,539334129,"01598M07:04:15.208","01598 06:17:04",209.90,894.67,,,,"     ",5.10,40.82,8.56
1598,539334130,"01598M07:04:16.182","01598 06:17:04",209.92,894.69,,,,"     ",5.10,40.71,8.53
1598,539334131,"01598M07:04:17.155","01598 06:17:05",209.94,894.75,,,,"     ",5.10,40.71,8.53
1598,539334132,"01598M07:04:18.128","01598 06:17:06",209.97,894.80,,,,"     ",5.10,40.81,8.54
1598,539334133,"01598M07:04:19.101","01598 06:17:07",210.01,894.79,,,,"     ",5.10,40.67,8.51
1598,539334134,"01598M07:04:20.075","01598 06:17:08",210.05,894.75,,,,"     ",5.10,40.85,8.54
1598,539334135,"01598M07:04:21.048","01598 06:17:09",210.08,894.80,,,,"     ",5.10,40.77,8.52
1598,539334136,"01598M07:04:22.021","01598 06:17:10",210.11,894.74,,,,"     ",5.10,40.62,8.48
1598,539334137,"01598M07:04:22.994","01598 06:17:11",210.12,894.70,,,,"     ",5.10,40.77,8.51
1598,539334138,"01598M07:04:23.968","01598 06:17:12",210.13,894.67,,,,"     ",5.10,40.74,8.49
1598,539334139,"01598M07:04:24.941","01598 06:17:13",210.12,894.79,,,,"     ",5.10,40.85,8.51
1598,539334140,"01598M07:04:25.914","01598 06:17:14",210.10,894.80,,,,"     ",5.10,40.67,8.47
1598,539334141,"01598M07:04:26.887","01598 06:17:15",210.07,894.83,,,,"     ",5.10,40.97,8.53
1598,539334142,"01598M07:04:27.861","01598 06:17:16",210.04,894.81,,,,"     ",5.10,40.91,8.51
1598,539334143,"01598M07:04:28.834","01598 06:17:17",210.00,894.84,,,,"     ",5.10,40.73,8.46
1598,539334144,"01598M07:04:29.807","01598 06:17:18",209.95,894.86,,,,"     ",5.10,40.92,8.50
1598,539334145,"01598M07:04:30.780","01598 06:17:19",209.90,894.91,,,,"     ",5.10,40.77,8.46
1598,539334146,"01598M07:04:31.754","01598 06:17:20",209.86,894.90,,,,"     ",5.10,40.70,8.44
1598,539334147,"01598M07:04:32.727","01598 06:17:21",209.83,894.91,,,,"     ",5.10,40.82,8.46
1598,539334148,"01598M07:04:33.700","01598 06:17:22",209.81,894.89,,,,"     ",5.10,40.80,8.45
1598,539334149,"01598M07:04:34.673","01598 06:17:23",209.80,894.83,,,,"     ",5.10,40.92,8.47
1598,539334150,"01598M07:04:35.647","01598 06:17:24",209.79,894.74,,,,"     ",5.10,40.85,8.45
1598,539334151,"01598M07:04:36.620","01598 06:17:25",209.79,894.76,,,,"     ",5.10,40.91,8.46
1598,539334152,"01598M07:04:37.593","01598 06:17:26",209.78,894.77,,,,"     ",5.10,40.93,8.46
1598,539334153,"01598M07:04:38.566","01598 06:17:27",209.77,894.75,,,,"     ",5.10,40.83,8.43
1598,539334154,"01598M07:04:39.540","01598 06:17:28",209.76,894.85,,,,"     ",5.10,40.79,8.42
1598,539334155,"01598M07:04:40.513","01598 06:17:29",209.76,894.84,,,,"     ",5.10,40.75,8.40
1598,539334156,"01598M07:04:41.486","01598 06:17:30",209.77,894.89,,,,"     ",5.10,40.90,8.43
1598,539334157,"01598M07:04:42.459","01598 06:17:31",209.78,894.81,,,,"     ",5.10,40.91,8.43
1598,539334158,"01598M07:04:43.433","01598 06:17:32",209.81,894.87,,,,"     ",5.10,41.02,8.45
1598,539334159,"01598M07:04:44.406","01598 06:17:33",209.84,894.82,,,,"     ",5.10,41.03,8.44
1598,539334160,"01598M07:04:45.379","01598 06:17:34",209.88,894.88,,,,"     ",5.10,41.09,8.45
1598,539334161,"01598M07:04:46.352","01598 06:17:35",209.92,894.84,,,,"     ",5.10,40.94,8.41
1598,539334162,"01598M07:04:47.326","01598 06:17:36",209.96,894.76,,,,"     ",5.10,40.93,8.40
1598,539334163,"01598M07:04:48.299","01598 06:17:37",209.99,894.73,,,,"     ",5.10,40.95,8.40
1598,539334164,"01598M07:04:49.272","01598 06:17:38",210.01,894.82,,,,"     ",5.10,41.05,8.42
1598,539334165,"01598M07:04:50.245","01598 06:17:39",210.02,894.80,,,,"     ",5.10,40.88,8.38
1598,539334166,"01598M07:04:51.219","01598 06:17:40",210.03,894.77,,,,"     ",5.10,41.14,8.43
1598,539334167,"01598M07:04:52.192","01598 06:17:40",210.03,894.88,,,,"     ",5.10,40.92,8.38
1598,539334168,"01598M07:04:53.165","01598 06:17:41",210.02,894.95,,,,"     ",5.10,40.99,8.39
1598,539334169,"01598M07:04:54.138","01598 06:17:42",210.02,894.86,,,,"     ",5.10,41.01,8.39
1598,539334170,"01598M07:04:55.112","01598 06:17:43",210.04,894.85,,,,"     ",5.10,41.12,8.40
1598,539334171,"01598M07:04:56.085","01598 06:17:44",210.06,894.82,,,,"     ",5.10,41.09,8.39
1598,539334172,"01598M07:04:57.058","01598 06:17:45",210.10,894.83,,,,"     ",5.10,41.00,8.37
1598,539334173,"01598M07:04:58.031","01598 06:17:46",210.15,894.81,,,,"     ",5.10,41.08,8.38
1598,539334174,"01598M07:04:59.005","01598 06:17:47",210.21,894.74,,,,"     ",5.10,41.11,8.38
1598,539334175,"01598M07:04:59.978","01598 06:17:48",210.27,894.78,,,,"     ",5.10,41.20,8.40
1598,539334176,"01598M07:05:00.951","01598 06:17:49",210.33,894.82,,,,"     ",5.10,41.12,8.37
1598,539334177,"01598M07:05:01.925","01598 06:17:50",210.39,894.85,,,,"     ",5.10,41.29,8.41
1598,539334178,"01598M07:05:02.898","01598 06:17:51",210.44,894.85,,,,"     ",5.10,41.10,8.36
1598,539334179,"01598M07:05:03.871","01598 06:17:52",210.49,894.85,,,,"     ",5.10,41.16,8.37
1598,539334180,"01598M07:05:04.844","01598 06:17:53",210.54,894.84,,,,"     ",5.10,41.13,8.36
1598,539334181,"01598M07:05:05.818","01598 06:17:54",210.58,894.81,,,,"     ",5.10,41.49,8.42
1598,539334182,"01598M07:05:06.791","01598 06:17:55",210.63,894.73,,,,"     ",5.10,41.09,8.33
1598,539334183,"01598M07:05:07.764","01598 06:17:56",210.68,894.67,,,,"     ",5.10,41.33,8.38
1598,539334184,"01598M07:05:08.737","01598 06:17:57",210.74,894.85,,,,"     ",5.10,41.15,8.34
1598,539334185,"01598M07:05:09.711","01598 06:17:58",210.81,894.87,,,,"     ",5.10,41.24,8.35
1598,539334186,"01598M07:05:10.684","01598 06:17:59",210.88,894.93,,,,"     ",5.10,41.22,8.34
1598,539334187,"01598M07:05:11.657","01598 06:18:00",210.94,895.02,,,,"     ",5.10,41.06,8.30
1598,539334188,"01598M07:05:12.630","01598 06:18:01",211.01,894.91,,,,"     ",5.10,41.80,8.45
1598,539334189,"01598M07:05:13.604","01598 06:18:02",211.06,894.90,,,,"     ",5.10,41.36,8.35
1598,539334190,"01598M07:05:14.577","01598 06:18:03",211.11,894.87,,,,"     ",5.10,41.42,8.36
1598,539334191,"01598M07:05:15.550","01598 06:18:04",211.14,894.81,,,,"     ",5.10,41.41,8.35
1598,539334192,"01598M07:05:16.523","01598 06:18:05",211.16,894.89,,,,"     ",5.10,41.25,8.31
1598,539334193,"01598M07:05:17.497","01598 06:18:06",211.17,894.91,,,,"     ",5.10,41.50,8.36
1598,539334194,"01598M07:05:18.470","01598 06:18:07",211.16,894.95,,,,"     ",5.10,41.36,8.33
1598,539334195,"01598M07:05:19.443","01598 06:18:08",211.15,894.80,,,,"     ",5.10,41.40,8.33
1598,539334196,"01598M07:05:20.416","01598 06:18:09",211.14,894.89,,,,"     ",5.10,41.34,8.31
1598,539334197,"01598M07:05:21.390","01598 06:18:10",211.12,894.82,,,,"     ",5.10,41.39,8.31
1598,539334198,"01598M07:05:22.363","01598 06:18:11",211.11,894.96,,,,"     ",5.10,41.65,8.36
1598,539334199,"01598M07:05:23.336","01598 06:18:12",211.09,894.96,,,,"     ",5.10,41.56,8.34
1598,539334200,"01598M07:05:24.309","01598 06:18:13",211.09,894.88,,,,"     ",5.10,41.64,8.35
1598,539334201,"01598M07:05:25.283","01598 06:18:14",211.08,894.87,,,,"     ",5.10,41.59,8.33
1598,539334202,"01598M07:05:26.256","01598 06:18:15",211.07,894.92,,,,"     ",5.10,41.48,8.30
1598,539334203,"01598M07:05:27.229","01598 06:18:16",211.06,894.89,,,,"     ",5.10,41.54,8.31
1598,539334204,"01598M07:05:28.202","01598 06:18:16",211.05,894.87,,,,"     ",5.10,41.53,8.30
1598,539334205,"01598M07:05:29.176","01598 06:18:17",211.05,894.85,,,,"     ",5.10,41.29,8.24
1598,539334206,"01598M07:05:30.149","01598 06:18:18",211.05,894.88,,,,"     ",5.10,41.28,8.24
1598,539334207,"01598M07:05:31.122","01598 06:18:19",211.09,894.89,,,,"     ",5.10,41.64,8.31
1598,539334208,"01598M07:05:32.095","01598 06:18:20",211.12,894.90,,,,"     ",5.10,41.62,8.30
1598,539334209,"01598M07:05:33.069","01598 06:18:21",211.14,894.84,,,,"     ",5.10,41.75,8.32
1598,539334210,"01598M07:05:34.042","01598 06:18:22",211.15,894.89,,,,"     ",5.10,41.55,8.27
1598,539334211,"01598M07:05:35.015","01598 06:18:23",211.16,894.82,,,,"     ",5.10,41.54,8.26
1598,539334212,"01598M07:05:35.988","01598 06:18:24",211.16,894.90,,,,"     ",5.10,41.39,8.23
1598,539334213,"01598M07:05:36.962","01598 06:18:25",211.15,894.91,,,,"     ",5.10,41.45,8.24
1598,539334214,"01598M07:05:37.935","01598 06:18:26",211.14,895.03,,,,"     ",5.10,41.59,8.26
1598,539334215,"01598M07:05:38.908","01598 06:18:27",211.12,894.89,,,,"     ",5.10,41.57,8.25
1598,539334216,"01598M07:05:39.881","01598 06:18:28",211.10,894.91,,,,"     ",5.10,41.85,8.30
1598,539334217,"01598M07:05:40.855","01598 06:18:29",211.07,894.92,,,,"     ",5.10,41.69,8.26
1598,539334218,"01598M07:05:41.828","01598 06:18:30",211.04,894.91,,,,"     ",5.10,41.72,8.26
1598,539334219,"01598M07:05:42.801","01598 06:18:31",211.00,894.91,,,,"     ",5.10,41.61,8.23
1598,539334220,"01598M07:05:43.774","01598 06:18:32",210.95,894.98,,,,"     ",5.10,41.85,8.28
1598,539334221,"01598M07:05:44.748","01598 06:18:33",210.90,894.93,,,,"     ",5.10,41.39,8.18
1598,539334222,"01598M07:05:45.721","01598 06:18:34",210.85,894.85,,,,"     ",5.10,41.47,8.19
1598,539334223,"01598M07:05:46.694","01598 06:18:35",210.79,894.94,,,,"     ",5.10,41.84,8.26
1598,539334224,"01598M07:05:47.667","01598 06:18:36",210.72,894.93,,,,"     ",5.10,41.50,8.18
1598,539334225,"01598M07:05:48.641","01598 06:18:37",210.64,894.95,,,,"     ",5.10,41.85,8.25
1598,539334226,"01598M07:05:49.614","01598 06:18:38",210.56,894.79,,,,"     ",5.10,41.79,8.23
1598,539334227,"01598M07:05:50.587","01598 06:18:39",211.41,894.80,,,,"     ",5.10,41.70,8.21
1598,539334228,"01598M07:05:51.560","01598 06:18:40",211.52,894.93,,,,"     ",5.10,41.81,8.22
1598,539334229,"01598M07:05:52.534","01598 06:18:41",211.61,894.92,,,,"     ",5.10,41.63,8.18
1598,539334230,"01598M07:05:53.507","01598 06:18:42",211.69,894.97,,,,"     ",5.10,41.79,8.21
1598,539334231,"01598M07:05:54.480","01598 06:18:43",211.76,894.91,,,,"     ",5.10,41.78,8.20
1598,539334232,"01598M07:05:55.453","01598 06:18:44",211.81,894.93,,,,"     ",5.10,41.76,8.19
1598,539334233,"01598M07:05:56.427","01598 06:18:45",211.86,894.92,,,,"     ",5.10,41.77,8.19
1598,539334234,"01598M07:05:57.400","01598 06:18:46",211.90,894.90,,,,"     ",5.10,41.66,8.16
1598,539334235,"01598M07:05:58.373","01598 06:18:47",211.92,894.90,,,,"     ",5.10,41.65,8.15
1598,539334236,"01598M07:05:59.346","01598 06:18:48",211.94,894.86,,,,"     ",5.10,41.65,8.14
1598,539334237,"01598M07:06:00.320","01598 06:18:49",211.94,894.91,,,,"     ",5.10,41.86,8.18
1598,539334238,"01598M07:06:01.293","01598 06:18:50",211.94,894.94,,,,"     ",5.10,41.94,8.19
1598,539334239,"01598M07:06:02.266","01598 06:18:51",211.92,894.86,,,,"     ",5.10,41.79,8.15
1598,539334240,"01598M07:06:03.239","01598 06:18:52",211.90,894.91,,,,"     ",5.10,42.08,8.21
1598,539334241,"01598M07:06:04.213","01598 06:18:52",211.87,894.95,,,,"     ",5.10,42.11,8.21
1598,539334242,"01598M07:06:05.186","01598 06:18:53",211.80,894.92,,,,"     ",5.10,42.19,8.22
1598,539334243,"01598M07:06:06.159","01598 06:18:54",211.74,894.92,,,,"     ",5.10,41.74,8.12
1598,539334244,"01598M07:06:07.132","01598 06:18:55",211.70,894.96,,,,"     ",5.10,42.09,8.19
1598,539334245,"01598M07:06:08.106","01598 06:18:56",211.68,894.99,,,,"     ",5.10,41.95,8.16
1598,539334246,"01598M07:06:09.079","01598 06:18:57",211.68,895.02,,,,"     ",5.10,42.11,8.18
1598,539334247,"01598M07:06:10.052","01598 06:18:58",211.70,895.08,,,,"     ",5.10,42.22,8.20
1598,539334248,"01598M07:06:11.026","01598 06:18:59",211.72,895.13,,,,"     ",5.10,41.96,8.14
1598,539334249,"01598M07:06:11.999","01598 06:19:00",211.78,895.02,,,,"     ",5.10,42.24,8.19
1598,539334250,"01598M07:06:12.972","01598 06:19:01",211.87,895.10,,,,"     ",5.10,42.16,8.17
1598,539334251,"01598M07:06:13.945","01598 06:19:02",211.98,895.08,,,,"     ",5.10,42.17,8.16
1598,539334252,"01598M07:06:14.919","01598 06:19:03",212.07,895.08,,,,"     ",5.10,42.33,8.19
1598,539334253,"01598M07:06:15.892","01598 06:19:04",212.13,895.01,,,,"     ",5.10,42.02,8.12
1598,539334254,"01598M07:06:16.865","01598 06:19:05",212.15,894.93,,,,"     ",5.10,41.48,8.01
1598,539334255,"01598M07:06:17.838","01598 06:19:06",212.13,895.07,,,,"     ",5.10,42.32,8.17
1598,539334256,"01598M07:06:18.812","01598 06:19:07",212.07,895.11,,,,"     ",5.10,42.53,8.20
1598,539334257,"01598M07:06:19.785","01598 06:19:08",211.97,895.10,,,,"     ",5.10,42.47,8.19
1598,539334258,"01598M07:06:20.758","01598 06:19:09",211.83,895.27,,,,"     ",5.10,42.65,8.21
1598,539334259,"01598M07:06:21.731","01598 06:19:10",211.68,895.04,,,,"     ",5.10,42.75,8.22
1598,539334260,"01598M07:06:22.705","01598 06:19:11",211.53,895.13,,,,"     ",5.10,42.31,8.14
1598,539334261,"01598M07:06:23.678","01598 06:19:12",211.39,895.12,,,,"     ",5.10,42.55,8.18
1598,539334262,"01598M07:06:24.651","01598 06:19:13",211.28,895.19,,,,"     ",5.10,42.45,8.15
1598,539334263,"01598M07:06:25.624","01598 06:19:14",211.20,895.09,,,,"     ",5.10,42.77,8.21
1598,539334264,"01598M07:06:26.598","01598 06:19:15",211.13,895.14,,,,"     ",5.10,42.81,8.21
1598,539334265,"01598M07:06:27.571","01598 06:19:16",211.09,895.13,,,,"     ",5.10,42.86,8.21
1598,539334266,"01598M07:06:28.544","01598 06:19:17",211.06,895.14,,,,"     ",5.10,43.01,8.24
1598,539334267,"01598M07:06:29.517","01598 06:19:18",211.04,895.15,,,,"     ",5.10,42.82,8.20
1598,539334268,"01598M07:06:30.491","01598 06:19:19",211.04,895.16,,,,"     ",5.10,42.87,8.21
1598,539334269,"01598M07:06:31.464","01598 06:19:20",211.04,895.20,,,,"     ",5.10,42.91,8.21
1598,539334270,"01598M07:06:32.437","01598 06:19:21",211.05,895.07,,,,"     ",5.10,42.90,8.20
1598,539334271,"01598M07:06:33.410","01598 06:19:22",211.07,895.19,,,,"     ",5.10,42.69,8.16
1598,539334272,"01598M07:06:34.384","01598 06:19:23",211.09,895.15,,,,"     ",5.10,42.81,8.17
1598,539334273,"01598M07:06:35.357","01598 06:19:24",211.09,895.21,,,,"     ",5.10,42.91,8.19
1598,539334274,"01598M07:06:36.330","01598 06:19:25",211.09,895.19,,,,"     ",5.10,42.92,8.19
1598,539334275,"01598M07:06:37.303","01598 06:19:26",211.08,895.15,,,,"     ",5.10,42.95,8.19
1598,539334276,"01598M07:06:38.277","01598 06:19:27",211.06,895.17,,,,"     ",5.10,42.85,8.17
1598,539334277,"01598M07:06:39.250","01598 06:19:28",211.02,895.16,,,,"     ",5.10,42.76,8.14
1598,539334278,"01598M07:06:40.223","01598 06:19:28",210.96,895.16,,,,"     ",5.10,42.94,8.17
1598,539334279,"01598M07:06:41.196","01598 06:19:29",210.89,895.20,,,,"     ",5.10,43.07,8.20
1598,539334280,"01598M07:06:42.170","01598 06:19:30",210.81,895.25,,,,"     ",5.10,42.91,8.16
1598,539334281,"01598M07:06:43.143","01598 06:19:31",210.75,895.15,,,,"     ",5.10,42.91,8.16
1598,539334282,"01598M07:06:44.116","01598 06:19:32",210.69,895.14,,,,"     ",5.10,43.22,8.21
1598,539334283,"01598M07:06:45.089","01598 06:19:33",210.63,895.14,,,,"     ",5.10,42.97,8.16
1598,539334284,"01598M07:06:46.063","01598 06:19:34",210.58,895.23,,,,"     ",5.10,42.79,8.12
1598,539334285,"01598M07:06:47.036","01598 06:19:35",210.53,895.22,,,,"     ",5.10,43.05,8.17
1598,539334286,"01598M07:06:48.009","01598 06:19:36",210.50,895.17,,,,"     ",5.10,42.87,8.13
1598,539334287,"01598M07:06:48.982","01598 06:19:37",210.48,895.21,,,,"     ",5.10,43.16,8.19
1598,539334288,"01598M07:06:49.956","01598 06:19:38",210.50,895.20,,,,"     ",5.10,43.05,8.16
1598,539334289,"01598M07:06:50.929","01598 06:19:39",210.53,895.21,,,,"     ",5.10,43.03,8.15
1598,539334290,"01598M07:06:51.902","01598 06:19:40",210.58,895.18,,,,"     ",5.10,43.06,8.15
1598,539334291,"01598M07:06:52.875","01598 06:19:41",210.64,895.29,,,,"     ",5.10,42.95,8.13
1598,539334292,"01598M07:06:53.849","01598 06:19:42",210.70,895.27,,,,"     ",5.10,43.14,8.16
1598,539334293,"01598M07:06:54.822","01598 06:19:43",210.74,895.29,,,,"     ",5.10,43.14,8.16
1598,539334294,"01598M07:06:55.795","01598 06:19:44",210.76,895.26,,,,"     ",5.10,43.02,8.14
1598,539334295,"01598M07:06:56.768","01598 06:19:45",210.76,895.23,,,,"     ",5.10,43.09,8.14
1598,539334296,"01598M07:06:57.742","01598 06:19:46",210.76,895.22,,,,"     ",5.10,43.14,8.15
1598,539334297,"01598M07:06:58.715","01598 06:19:47",210.76,895.16,,,,"     ",5.10,43.50,8.22
1598,539334298,"01598M07:06:59.688","01598 06:19:48",210.77,895.20,,,,"     ",5.10,42.90,8.10
1598,539334299,"01598M07:07:00.661","01598 06:19:49",210.79,895.26,,,,"     ",5.10,42.91,8.10
1598,539334300,"01598M07:07:01.635","01598 06:19:50",210.81,895.25,,,,"     ",5.10,43.14,8.14
1598,539334301,"01598M07:07:02.608","01598 06:19:51",210.80,895.25,,,,"     ",5.10,43.15,8.14
1598,539334302,"01598M07:07:03.581","01598 06:19:52",210.78,895.32,,,,"     ",5.10,43.26,8.15
1598,539334303,"01598M07:07:04.554","01598 06:19:53",210.74,895.32,,,,"     ",5.10,43.28,8.16
1598,539334304,"01598M07:07:05.528","01598 06:19:54",210.67,895.24,,,,"     ",5.10,43.07,8.11
1598,539334305,"01598M07:07:06.501","01598 06:19:55",210.59,895.25,,,,"     ",5.10,43.05,8.11
1598,539334306,"01598M07:07:07.474","01598 06:19:56",210.51,895.17,,,,"     ",5.10,42.98,8.09
1598,539334307,"01598M07:07:08.447","01598 06:19:57",210.41,895.29,,,,"     ",5.10,42.75,8.04
1598,539334308,"01598M07:07:09.421","01598 06:19:58",210.31,895.19,,,,"     ",5.10,42.94,8.08
1598,539334309,"01598M07:07:10.394","01598 06:19:59",210.21,895.22,,,,"     ",5.10,43.13,8.11
1598,539334310,"01598M07:07:11.367","01598 06:20:00",210.12,895.25,,,,"     ",5.10,43.11,8.10
1598,539334311,"01598M07:07:12.340","01598 06:20:01",210.04,895.22,,,,"     ",5.10,42.95,8.07
1598,539334312,"01598M07:07:13.314","01598 06:20:02",209.99,895.28,,,,"     ",5.10,43.05,8.09
1598,539334313,"01598M07:07:14.287","01598 06:20:03",209.99,895.30,,,,"     ",5.10,43.11,8.10
1598,539334314,"01598M07:07:15.260","01598 06:20:04",210.01,895.32,,,,"     ",5.10,43.02,8.07
1598,539334315,"01598M07:07:16.233","01598 06:20:04",210.07,895.31,,,,"     ",5.10,43.48,8.16
1598,539334316,"01598M07:07:17.207","01598 06:20:05",210.14,895.29,,,,"     ",5.10,42.88,8.04
1598,539334317,"01598M07:07:18.180","01598 06:20:06",210.20,895.25,,,,"     ",5.10,43.04,8.07
1598,539334318,"01598M07:07:19.153","01598 06:20:07",210.25,895.29,,,,"     ",5.10,42.74,8.01
1598,539334319,"01598M07:07:20.127","01598 06:20:08",210.27,895.25,,,,"     ",5.10,43.01,8.06
1598,539334320,"01598M07:07:21.100","01598 06:20:09",210.26,895.28,,,,"     ",5.10,43.02,8.06
1598,539334321,"01598M07:07:22.073","01598 06:20:10",210.24,895.27,,,,"     ",5.10,42.89,8.04
1598,539334322,"01598M07:07:23.046","01598 06:20:11",210.21,895.32,,,,"     ",5.10,42.98,8.05
1598,539334323,"01598M07:07:24.020","01598 06:20:12",210.19,895.26,,,,"     ",5.10,42.98,8.05
1598,539334324,"01598M07:07:24.993","01598 06:20:13",210.18,895.32,,,,"     ",5.10,42.77,8.00
1598,539334325,"01598M07:07:25.966","01598 06:20:14",210.19,895.32,,,,"     ",5.10,42.78,8.00
1598,539334326,"01598M07:07:26.939","01598 06:20:15",210.20,895.28,,,,"     ",5.10,42.99,8.04
1598,539334327,"01598M07:07:27.913","01598 06:20:16",210.21,895.32,,,,"     ",5.10,43.14,8.07
1598,539334328,"01598M07:07:28.886","01598 06:20:17",210.22,895.36,,,,"     ",5.10,43.16,8.07
1598,539334329,"01598M07:07:29.859","01598 06:20:18",210.21,895.21,,,,"     ",5.10,42.91,8.02
1598,539334330,"01598M07:07:30.832","01598 06:20:19",210.19,895.14,,,,"     ",5.10,42.96,8.03
1598,539334331,"01598M07:07:31.806","01598 06:20:20",210.16,895.07,,,,"     ",5.10,43.01,8.03
1598,539334332,"01598M07:07:32.779","01598 06:20:21",210.10,895.24,,,,"     ",5.10,42.31,7.90
1598,539334333,"01598M07:07:33.752","01598 06:20:22",210.02,895.35,,,,"     ",5.10,42.94,8.02
1598,539334334,"01598M07:07:34.725","01598 06:20:23",209.92,895.43,,,,"     ",5.10,42.83,8.00
1598,539334335,"01598M07:07:35.699","01598 06:20:24",209.80,895.43,,,,"     ",5.10,42.82,7.99
1598,539334336,"01598M07:07:36.672","01598 06:20:25",209.69,895.50,,,,"     ",5.10,43.40,8.10
1598,539334337,"01598M07:07:37.645","01598 06:20:26",209.58,895.28,,,,"     ",5.10,43.33,8.09
1598,539334338,"01598M07:07:38.618","01598 06:20:27",209.50,895.27,,,,"     ",5.10,42.87,8.00
1598,539334339,"01598M07:07:39.592","01598 06:20:28",209.44,895.22,,,,"     ",5.10,43.08,8.04
1598,539334340,"01598M07:07:40.565","01598 06:20:29",209.41,895.32,,,,"     ",5.10,43.26,8.07
1598,539334341,"01598M07:07:41.538","01598 06:20:30",209.39,895.28,,,,"     ",5.10,43.14,8.04
1598,539334342,"01598M07:07:42.511","01598 06:20:31",209.37,895.24,,,,"     ",5.10,43.03,8.02
1598,539334343,"01598M07:07:43.485","01598 06:20:32",209.35,895.27,,,,"     ",5.10,43.14,8.04
1598,539334344,"01598M07:07:44.458","01598 06:20:33",209.33,895.24,,,,"     ",5.10,43.23,8.06
1598,539334345,"01598M07:07:45.431","01598 06:20:34",209.33,895.34,,,,"     ",5.10,43.17,8.04
1598,539334346,"01598M07:07:46.404","01598 06:20:35",209.35,895.26,,,,"     ",5.10,43.25,8.06
1598,539334347,"01598M07:07:47.378","01598 06:20:36",209.38,895.33,,,,"     ",5.10,43.22,8.05
1598,539334348,"01598M07:07:48.351","01598 06:20:37",209.41,895.35,,,,"     ",5.10,43.10,8.02
1598,539334349,"01598M07:07:49.324","01598 06:20:38",209.43,895.31,,,,"     ",5.10,43.09,8.02
1598,539334350,"01598M07:07:50.297","01598 06:20:39",209.45,895.30,,,,"     ",5.10,43.23,8.05
1598,539334351,"01598M07:07:51.271","01598 06:20:40",209.47,895.36,,,,"     ",5.10,43.24,8.05
1598,539334352,"01598M07:07:52.244","01598 06:20:40",209.47,895.33,,,,"     ",5.10,43.12,8.02
1598,539334353,"01598M07:07:53.217","01598 06:20:41",209.47,895.36,,,,"     ",5.10,43.18,8.03
1598,539334354,"01598M07:07:54.190","01598 06:20:42",209.46,895.31,,,,"     ",5.10,43.17,8.03
1598,539334355,"01598M07:07:55.164","01598 06:20:43",209.47,895.27,,,,"     ",5.10,43.11,8.01
1598,539334356,"01598M07:07:56.137","01598 06:20:44",209.49,895.31,,,,"     ",5.10,43.05,8.00
1598,539334357,"01598M07:07:57.110","01598 06:20:45",209.53,895.34,,,,"     ",5.10,43.00,7.99
1598,539334358,"01598M07:07:58.083","01598 06:20:46",209.55,895.39,,,,"     ",5.10,42.88,7.96
1598,539334359,"01598M07:07:59.057","01598 06:20:47",209.57,895.28,,,,"     ",5.10,43.27,8.03
1598,539334360,"01598M07:08:00.030","01598 06:20:48",209.55,895.28,,,,"     ",5.10,43.15,8.01
1598,539334361,"01598M07:08:01.003","01598 06:20:49",209.51,895.44,,,,"     ",5.10,43.03,7.99
1598,539334362,"01598M07:08:01.976","01598 06:20:50",209.45,895.40,,,,"     ",5.10,43.04,7.98
1598,539334363,"01598M07:08:02.950","01598 06:20:51",209.40,895.41,,,,"     ",5.10,43.10,8.00
1598,539334364,"01598M07:08:03.923","01598 06:20:52",209.36,895.36,,,,"     ",5.10,42.90,7.95
1598,539334365,"01598M07:08:04.896","01598 06:20:53",209.34,895.28,,,,"     ",5.10,43.27,8.02
1598,539334366,"01598M07:08:05.869","01598 06:20:54",209.33,895.28,,,,"     ",5.10,43.04,7.98
1598,539334367,"01598M07:08:06.843","01598 06:20:55",209.33,895.37,,,,"     ",5.10,43.08,7.98
1598,539334368,"01598M07:08:07.816","01598 06:20:56",209.32,895.28,,,,"     ",5.10,43.25,8.01
1598,539334369,"01598M07:08:08.789","01598 06:20:57",209.29,895.25,,,,"     ",5.10,43.30,8.02
1598,539334370,"01598M07:08:09.762","01598 06:20:58",209.24,895.28,,,,"     ",5.10,43.25,8.01
1598,539334371,"01598M07:08:10.736","01598 06:20:59",209.18,895.31,,,,"     ",5.10,43.23,8.00
1598,539334372,"01598M07:08:11.709","01598 06:21:00",209.11,895.38,,,,"     ",5.10,43.16,7.99
1598,539334373,"01598M07:08:12.682","01598 06:21:01",209.05,895.29,,,,"     ",5.10,43.34,8.02
1598,539334374,"01598M07:08:13.655","01598 06:21:02",209.01,895.32,,,,"     ",5.10,43.30,8.01
1598,539334375,"01598M07:08:14.629","01598 06:21:03",208.97,895.33,,,,"     ",5.10,43.62,8.07
1598,539334376,"01598M07:08:15.602","01598 06:21:04",208.94,895.43,,,,"     ",5.10,43.58,8.06
1598,539334377,"01598M07:08:16.575","01598 06:21:05",208.91,895.38,,,,"     ",5.10,43.24,7.99
1598,539334378,"01598M07:08:17.548","01598 06:21:06",208.87,895.37,,,,"     ",5.10,43.52,8.05
1598,539334379,"01598M07:08:18.522","01598 06:21:07",208.82,895.33,,,,"     ",5.10,43.41,8.02
1598,539334380,"01598M07:08:19.495","01598 06:21:08",208.76,895.31,,,,"     ",5.10,43.26,7.99
1598,539334381,"01598M07:08:20.468","01598 06:21:09",208.71,895.36,,,,"     ",5.10,43.49,8.04
1598,539334382,"01598M07:08:21.441","01598 06:21:10",208.68,895.36,,,,"     ",5.10,43.65,8.07
1598,539334383,"01598M07:08:22.415","01598 06:21:11",208.67,895.40,,,,"     ",5.10,43.37,8.01
1598,539334384,"01598M07:08:23.388","01598 06:21:12",208.67,895.43,,,,"     ",5.10,43.57,8.05
1598,539334385,"01598M07:08:24.361","01598 06:21:13",208.68,895.40,,,,"     ",5.10,43.33,8.00
1598,539334386,"01598M07:08:25.334","01598 06:21:14",208.69,895.39,,,,"     ",5.10,43.49,8.03
1598,539334387,"01598M07:08:26.308","01598 06:21:15",208.69,895.44,,,,"     ",5.10,43.49,8.03
1598,539334388,"01598M07:08:27.281","01598 06:21:16",208.69,895.37,,,,"     ",5.10,43.60,8.05
1598,539334389,"01598M07:08:28.254","01598 06:21:17",208.68,895.40,,,,"     ",5.10,43.44,8.02
1598,539334390,"01598M07:08:29.228","01598 06:21:17",208.67,895.44,,,,"     ",5.10,43.52,8.03
1598,539334391,"01598M07:08:30.201","01598 06:21:18",208.67,895.48,,,,"     ",5.10,43.63,8.05
1598,539334392,"01598M07:08:31.174","01598 06:21:19",208.67,895.40,,,,"     ",5.10,43.49,8.02
1598,539334393,"01598M07:08:32.147","01598 06:21:20",208.68,895.46,,,,"     ",5.10,43.57,8.03
1598,539334394,"01598M07:08:33.121","01598 06:21:21",208.68,895.46,,,,"     ",5.10,43.49,8.02
1598,539334395,"01598M07:08:34.094","01598 06:21:22",208.67,895.44,,,,"     ",5.10,43.57,8.03
1598,539334396,"01598M07:08:35.067","01598 06:21:23",208.66,895.46,,,,"     ",5.10,43.83,8.08
1598,539334397,"01598M07:08:36.040","01598 06:21:24",208.66,895.41,,,,"     ",5.10,43.64,8.04
1598,539334398,"01598M07:08:37.014","01598 06:21:25",208.66,895.34,,,,"     ",5.10,43.46,8.00
1598,539334399,"01598M07:08:37.987","01598 06:21:26",208.69,895.38,,,,"     ",5.10,43.31,7.97
1598,539334400,"01598M07:08:38.960","01598 06:21:27",208.72,895.44,,,,"     ",5.10,43.49,8.00
1598,539334401,"01598M07:08:39.933","01598 06:21:28",208.76,895.39,,,,"     ",5.10,43.55,8.01
1598,539334402,"01598M07:08:40.907","01598 06:21:29",208.79,895.46,,,,"     ",5.10,43.56,8.01
1598,539334403,"01598M07:08:41.880","01598 06:21:30",208.83,895.52,,,,"     ",5.10,43.52,8.00
1598,539334404,"01598M07:08:42.853","01598 06:21:31",208.87,895.55,,,,"     ",5.10,43.72,8.04
1598,539334405,"01598M07:08:43.826","01598 06:21:32",208.91,895.46,,,,"     ",5.10,43.62,8.02
1598,539334406,"01598M07:08:44.800","01598 06:21:33",208.97,895.42,,,,"     ",5.10,43.84,8.06
1598,539334407,"01598M07:08:45.773","01598 06:21:34",209.06,895.46,,,,"     ",5.10,43.72,8.04
1598,539334408,"01598M07:08:46.746","01598 06:21:35",209.15,895.45,,,,"     ",5.10,43.48,7.98
1598,539334409,"01598M07:08:47.719","01598 06:21:36",209.24,895.45,,,,"     ",5.10,43.59,8.01
1598,539334410,"01598M07:08:48.693","01598 06:21:37",209.30,895.45,,,,"     ",5.10,43.65,8.01
1598,539334411,"01598M07:08:49.666","01598 06:21:38",209.32,895.45,,,,"     ",5.10,43.58,8.00
1598,539334412,"01598M07:08:50.639","01598 06:21:39",209.31,895.46,,,,"     ",5.10,43.57,7.99
1598,539334413,"01598M07:08:51.612","01598 06:21:40",209.27,895.49,,,,"     ",5.10,43.75,8.03
1598,539334414,"01598M07:08:52.586","01598 06:21:41",209.21,895.49,,,,"     ",5.10,43.56,7.99
1598,539334415,"01598M07:08:53.559","01598 06:21:42",209.14,895.49,,,,"     ",5.10,43.30,7.94
1598,539334416,"01598M07:08:54.532","01598 06:21:43",209.07,895.46,,,,"     ",5.10,43.50,7.97
1598,539334417,"01598M07:08:55.505","01598 06:21:44",209.01,895.69,,,,"     ",5.10,43.48,7.97
1598,539334418,"01598M07:08:56.479","01598 06:21:45",208.96,895.59,,,,"     ",5.10,43.55,7.98
1598,539334419,"01598M07:08:57.452","01598 06:21:46",208.93,895.52,,,,"     ",5.10,43.53,7.97
1598,539334420,"01598M07:08:58.425","01598 06:21:47",208.90,895.47,,,,"     ",5.10,43.44,7.95
1598,539334421,"01598M07:08:59.398","01598 06:21:48",208.89,895.24,,,,"     ",5.10,43.55,7.96
1598,539334422,"01598M07:09:00.372","01598 06:21:49",208.89,895.27,,,,"     ",5.10,43.27,7.91
1598,539334423,"01598M07:09:01.345","01598 06:21:50",208.92,895.35,,,,"     ",5.10,43.49,7.95
1598,539334424,"01598M07:09:02.318","01598 06:21:51",208.98,895.44,,,,"     ",5.10,43.58,7.97
1598,539334425,"01598M07:09:03.291","01598 06:21:52",209.08,895.42,,,,"     ",5.10,43.35,7.92
1598,539334426,"01598M07:09:04.265","01598 06:21:53",209.21,895.43,,,,"     ",5.10,43.54,7.95
1598,539334427,"01598M07:09:05.238","01598 06:21:53",209.35,895.39,,,,"     ",5.10,43.59,7.96
1598,539334428,"01598M07:09:06.211","01598 06:21:54",209.49,895.41,,,,"     ",5.10,43.72,7.98
1598,539334429,"01598M07:09:07.184","01598 06:21:55",209.60,895.42,,,,"     ",5.10,43.49,7.93
1598,539334430,"01598M07:09:08.158","01598 06:21:56",209.68,895.53,,,,"     ",5.10,43.39,7.91
1598,539334431,"01598M07:09:09.131","01598 06:21:57",209.72,895.34,,,,"     ",5.10,43.55,7.94
1598,539334432,"01598M07:09:10.104","01598 06:21:58",209.75,895.38,,,,"     ",5.10,43.83,7.99
1598,539334433,"01598M07:09:11.077","01598 06:21:59",209.79,895.41,,,,"     ",5.10,43.87,7.99
1598,539334434,"01598M07:09:12.051","01598 06:22:00",209.83,895.43,,,,"     ",5.10,43.76,7.97
1598,539334435,"01598M07:09:13.024","01598 06:22:01",209.88,895.37,,,,"     ",5.10,43.62,7.94
1598,539334436,"01598M07:09:13.997","01598 06:22:02",209.95,895.43,,,,"     ",5.10,43.97,8.00
1598,539334437,"01598M07:09:14.970","01598 06:22:03",210.01,895.42,,,,"     ",5.10,43.65,7.94
1598,539334438,"01598M07:09:15.944","01598 06:22:04",210.06,895.45,,,,"     ",5.10,43.84,7.97
1598,539334439,"01598M07:09:16.917","01598 06:22:05",210.10,895.49,,,,"     ",5.10,43.97,7.99
1598,539334440,"01598M07:09:17.890","01598 06:22:06",210.12,895.45,,,,"     ",5.10,43.61,7.92
1598,539334441,"01598M07:09:18.863","01598 06:22:07",210.13,895.45,,,,"     ",5.10,43.81,7.95
1598,539334442,"01598M07:09:19.837","01598 06:22:08",210.14,895.50,,,,"     ",5.10,43.88,7.96
1598,539334443,"01598M07:09:20.810","01598 06:22:09",210.17,895.44,,,,"     ",5.10,43.96,7.97
1598,539334444,"01598M07:09:21.783","01598 06:22:10",210.20,895.40,,,,"     ",5.10,44.03,7.98
1598,539334445,"01598M07:09:22.756","01598 06:22:11",210.25,895.47,,,,"     ",5.10,43.86,7.94
1598,539334446,"01598M07:09:23.730","01598 06:22:12",210.32,895.49,,,,"     ",5.10,43.85,7.94
1598,539334447,"01598M07:09:24.703","01598 06:22:13",210.38,895.51,,,,"     ",5.10,44.10,7.98
1598,539334448,"01598M07:09:25.676","01598 06:22:14",210.44,895.51,,,,"     ",5.10,44.08,7.97
1598,539334449,"01598M07:09:26.649","01598 06:22:15",210.49,895.51,,,,"     ",5.10,43.89,7.93
1598,539334450,"01598M07:09:27.623","01598 06:22:16",210.51,895.49,,,,"     ",5.10,43.83,7.91
1598,539334451,"01598M07:09:28.596","01598 06:22:17",210.51,895.52,,,,"     ",5.10,44.04,7.95
1598,539334452,"01598M07:09:29.569","01598 06:22:18",210.49,895.46,,,,"     ",5.10,43.92,7.92
1598,539334453,"01598M07:09:30.542","01598 06:22:19",210.45,895.52,,,,"     ",5.10,44.20,7.97
1598,539334454,"01598M07:09:31.516","01598 06:22:20",210.38,895.51,,,,"     ",5.10,44.18,7.96
1598,539334455,"01598M07:09:32.489","01598 06:22:21",210.31,895.50,,,,"     ",5.10,44.13,7.95
1598,539334456,"01598M07:09:33.462","01598 06:22:22",210.22,895.54,,,,"     ",5.10,43.88,7.89
1598,539334457,"01598M07:09:34.435","01598 06:22:23",210.13,895.56,,,,"     ",5.10,44.16,7.94
1598,539334458,"01598M07:09:35.409","01598 06:22:24",210.05,895.62,,,,"     ",5.10,44.02,7.91
1598,539334459,"01598M07:09:36.382","01598 06:22:25",209.99,895.59,,,,"     ",5.10,44.16,7.93
1598,539334460,"01598M07:09:37.355","01598 06:22:26",209.95,895.45,,,,"     ",5.10,44.08,7.91
1598,539334461,"01598M07:09:38.329","01598 06:22:27",209.94,895.48,,,,"     ",5.10,44.02,7.90
1598,539334462,"01598M07:09:39.302","01598 06:22:28",209.95,895.49,,,,"     ",5.10,44.04,7.90
1598,539334463,"01598M07:09:40.275","01598 06:22:29",210.00,895.55,,,,"     ",5.10,44.02,7.89
1598,539334464,"01598M07:09:41.248","01598 06:22:29",210.08,895.57,,,,"     ",5.10,44.13,7.91
1598,539334465,"01598M07:09:42.222","01598 06:22:30",210.19,895.54,,,,"     ",5.10,44.11,7.90
1598,539334466,"01598M07:09:43.195","01598 06:22:31",210.34,895.55,,,,"     ",5.10,44.09,7.89
1598,539334467,"01598M07:09:44.168","01598 06:22:32",210.50,895.55,,,,"     ",5.10,44.22,7.91
1598,539334468,"01598M07:09:45.141","01598 06:22:33",210.65,895.56,,,,"     ",5.10,44.11,7.89
1598,539334469,"01598M07:09:46.115","01598 06:22:34",210.76,895.57,,,,"     ",5.10,44.21,7.90
1598,539334470,"01598M07:09:47.088","01598 06:22:35",210.83,895.50,,,,"     ",5.10,44.17,7.89
1598,539334471,"01598M07:09:48.061","01598 06:22:36",210.84,895.57,,,,"     ",5.10,44.19,7.89
1598,539334472,"01598M07:09:49.034","01598 06:22:37",210.82,895.58,,,,"     ",5.10,44.14,7.88
1598,539334473,"01598M07:09:50.008","01598 06:22:38",210.75,895.60,,,,"     ",5.10,44.17,7.88
1598,539334474,"01598M07:09:50.981","01598 06:22:39",210.68,895.55,,,,"     ",5.10,44.24,7.89
1598,539334475,"01598M07:09:51.954","01598 06:22:40",210.61,895.62,,,,"     ",5.10,44.02,7.85
1598,539334476,"01598M07:09:52.927","01598 06:22:41",210.54,895.55,,,,"     ",5.10,44.11,7.86
1598,539334477,"01598M07:09:53.901","01598 06:22:42",210.44,895.62,,,,"     ",5.10,44.09,7.85
1598,539334478,"01598M07:09:54.874","01598 06:22:43",210.34,895.57,,,,"     ",5.10,43.95,7.83
1598,539334479,"01598M07:09:55.847","01598 06:22:44",210.23,895.59,,,,"     ",5.10,44.17,7.86
1598,539334480,"01598M07:09:56.820","01598 06:22:45",210.10,895.57,,,,"     ",5.10,44.32,7.89
1598,539334481,"01598M07:09:57.794","01598 06:22:46",209.97,895.54,,,,"     ",5.10,44.06,7.84
1598,539334482,"01598M07:09:58.767","01598 06:22:47",209.84,895.66,,,,"     ",5.10,44.06,7.84
1598,539334483,"01598M07:09:59.740","01598 06:22:48",209.73,895.65,,,,"     ",5.10,44.14,7.85
1598,539334484,"01598M07:10:00.713","01598 06:22:49",209.64,895.68,,,,"     ",5.10,43.93,7.81
1598,539334485,"01598M07:10:01.687","01598 06:22:50",209.57,895.67,,,,"     ",5.10,44.07,7.83
1598,539334486,"01598M07:10:02.660","01598 06:22:51",209.52,895.65,,,,"     ",5.10,43.93,7.80
1598,539334487,"01598M07:10:03.633","01598 06:22:52",209.50,895.61,,,,"     ",5.10,44.02,7.82
1598,539334488,"01598M07:10:04.606","01598 06:22:53",209.50,895.67,,,,"     ",5.10,44.05,7.82
1598,539334489,"01598M07:10:05.580","01598 06:22:54",209.51,895.73,,,,"     ",5.10,43.93,7.80
1598,539334490,"01598M07:10:06.553","01598 06:22:55",209.53,895.62,,,,"     ",5.10,44.17,7.84
1598,539334491,"01598M07:10:07.526","01598 06:22:56",209.57,895.65,,,,"     ",5.10,44.03,7.81
1598,539334492,"01598M07:10:08.499","01598 06:22:57",209.63,895.61,,,,"     ",5.10,43.90,7.79
1598,539334493,"01598M07:10:09.473","01598 06:22:58",209.69,895.70,,,,"     ",5.10,44.12,7.83
1598,539334494,"01598M07:10:10.446","01598 06:22:59",209.74,895.69,,,,"     ",5.10,43.93,7.79
1598,539334495,"01598M07:10:11.419","01598 06:23:00",209.75,895.68,,,,"     ",5.10,43.92,7.79
1598,539334496,"01598M07:10:12.392","01598 06:23:01",209.72,895.72,,,,"     ",5.10,43.76,7.75
1598,539334497,"01598M07:10:13.366","01598 06:23:02",209.65,895.74,,,,"     ",5.10,43.95,7.79
1598,539334498,"01598M07:10:14.339","01598 06:23:03",209.55,895.73,,,,"     ",5.10,43.97,7.79
1598,539334499,"01598M07:10:15.312","01598 06:23:04",209.43,895.74,,,,"     ",5.10,43.94,7.78
1598,539334500,"01598M07:10:16.285","01598 06:23:05",209.31,895.76,,,,"     ",5.10,43.71,7.74
1598,539334501,"01598M07:10:17.259","01598 06:23:05",209.19,895.65,,,,"     ",5.10,43.74,7.74
1598,539334502,"01598M07:10:18.232","01598 06:23:06",209.07,895.67,,,,"     ",5.10,43.76,7.75
1598,539334503,"01598M07:10:19.205","01598 06:23:07",208.96,895.71,,,,"     ",5.10,43.76,7.75
1598,539334504,"01598M07:10:20.178","01598 06:23:08",208.88,895.58,,,,"     ",5.10,43.80,7.75
1598,539334505,"01598M07:10:21.152","01598 06:23:09",208.84,895.59,,,,"     ",5.10,43.76,7.74
1598,539334506,"01598M07:10:22.125","01598 06:23:10",208.82,895.59,,,,"     ",5.10,43.77,7.74
1598,539334507,"01598M07:10:23.098","01598 06:23:11",208.83,895.59,,,,"     ",5.10,44.10,7.80
1598,539334508,"01598M07:10:24.071","01598 06:23:12",208.87,895.58,,,,"     ",5.10,43.73,7.73
1598,539334509,"01598M07:10:25.045","01598 06:23:13",208.93,895.72,,,,"     ",5.10,43.74,7.74
1598,539334510,"01598M07:10:26.018","01598 06:23:14",208.97,895.66,,,,"     ",5.10,43.85,7.76
1598,539334511,"01598M07:10:26.991","01598 06:23:15",208.99,895.61,,,,"     ",5.10,43.69,7.72
1598,539334512,"01598M07:10:27.964","01598 06:23:16",209.00,895.64,,,,"     ",5.10,43.77,7.74
1598,539334513,"01598M07:10:28.938","01598 06:23:17",208.98,895.54,,,,"     ",5.10,43.81,7.74
1598,539334514,"01598M07:10:29.911","01598 06:23:18",208.94,895.58,,,,"     ",5.10,43.74,7.73
1598,539334515,"01598M07:10:30.884","01598 06:23:19",208.86,895.58,,,,"     ",5.10,43.65,7.71
1598,539334516,"01598M07:10:31.857","01598 06:23:20",208.76,895.69,,,,"     ",5.10,43.68,7.72
1598,539334517,"01598M07:10:32.831","01598 06:23:21",208.66,895.68,,,,"     ",5.10,43.84,7.74
1598,539334518,"01598M07:10:33.804","01598 06:23:22",208.57,895.65,,,,"     ",5.10,43.75,7.73
1598,539334519,"01598M07:10:34.777","01598 06:23:23",208.50,895.63,,,,"     ",5.10,43.60,7.70
1598,539334520,"01598M07:10:35.750","01598 06:23:24",208.45,895.63,,,,"     ",5.10,43.87,7.75
1598,539334521,"01598M07:10:36.724","01598 06:23:25",208.45,895.67,,,,"     ",5.10,43.60,7.70
1598,539334522,"01598M07:10:37.697","01598 06:23:26",208.48,895.62,,,,"     ",5.10,43.79,7.73
1598,539334523,"01598M07:10:38.670","01598 06:23:27",208.52,895.73,,,,"     ",5.10,43.71,7.71
1598,539334524,"01598M07:10:39.643","01598 06:23:28",208.56,895.75,,,,"     ",5.10,43.68,7.71
1598,539334525,"01598M07:10:40.617","01598 06:23:29",208.60,895.71,,,,"     ",5.10,43.68,7.70
1598,539334526,"01598M07:10:41.590","01598 06:23:30",208.66,895.63,,,,"     ",5.10,43.88,7.74
1598,539334527,"01598M07:10:42.563","01598 06:23:31",208.72,895.71,,,,"     ",5.10,43.74,7.71
1598,539334528,"01598M07:10:43.536","01598 06:23:32",208.79,895.58,,,,"     ",5.10,43.87,7.74
1598,539334529,"01598M07:10:44.510","01598 06:23:33",208.87,895.66,,,,"     ",5.10,43.70,7.70
1598,539334530,"01598M07:10:45.483","01598 06:23:34",208.96,895.60,,,,"     ",5.10,43.81,7.72
1598,539334531,"01598M07:10:46.456","01598 06:23:35",209.06,895.65,,,,"     ",5.10,43.73,7.71
1598,539334532,"01598M07:10:47.429","01598 06:23:36",209.17,895.66,,,,"     ",5.10,43.81,7.72
1598,539334533,"01598M07:10:48.403","01598 06:23:37",209.27,895.72,,,,"     ",5.10,43.68,7.69
1598,539334534,"01598M07:10:49.376","01598 06:23:38",209.39,895.71,,,,"     ",5.10,43.68,7.69
1598,539334535,"01598M07:10:50.349","01598 06:23:39",208.93,895.71,,,,"     ",5.10,43.73,7.70
1598,539334536,"01598M07:10:51.323","01598 06:23:40",208.88,895.64,,,,"     ",5.10,43.59,7.67
1598,539334537,"01598M07:10:52.296","01598 06:23:41",208.84,895.65,,,,"     ",5.10,43.67,7.69
1598,539334538,"01598M07:10:53.269","01598 06:23:41",208.79,895.68,,,,"     ",5.10,43.72,7.69
1598,539334539,"01598M07:10:54.242","01598 06:23:42",208.76,895.67,,,,"     ",5.10,43.71,7.69
1598,539334540,"01598M07:10:55.216","01598 06:23:43",208.72,895.60,,,,"     ",5.10,43.68,7.68
1598,539334541,"01598M07:10:56.189","01598 06:23:44",208.69,895.61,,,,"     ",5.10,43.88,7.72
1598,539334542,"01598M07:10:57.162","01598 06:23:45",208.67,895.75,,,,"     ",5.10,43.58,7.66
1598,539334543,"01598M07:10:58.135","01598 06:23:46",208.65,895.75,,,,"     ",5.10,43.72,7.69
1598,539334544,"01598M07:10:59.109","01598 06:23:47",208.63,895.69,,,,"     ",5.10,43.91,7.72
1598,539334545,"01598M07:11:00.082","01598 06:23:48",208.62,895.73,,,,"     ",5.10,43.71,7.68
1598,539334546,"01598M07:11:01.055","01598 06:23:49",208.62,895.59,,,,"     ",5.10,43.71,7.68
1598,539334547,"01598M07:11:02.028","01598 06:23:50",208.61,895.65,,,,"     ",5.10,43.88,7.71
1598,539334548,"01598M07:11:03.002","01598 06:23:51",208.62,895.68,,,,"     ",5.10,43.77,7.69
1598,539334549,"01598M07:11:03.975","01598 06:23:52",208.61,895.64,,,,"     ",5.10,44.06,7.74
1598,539334550,"01598M07:11:04.948","01598 06:23:53",208.62,895.67,,,,"     ",5.10,43.89,7.71
1598,539334551,"01598M07:11:05.921","01598 06:23:54",208.63,895.72,,,,"     ",5.10,43.88,7.71
1598,539334552,"01598M07:11:06.895","01598 06:23:55",208.65,895.69,,,,"     ",5.10,44.05,7.73
1598,539334553,"01598M07:11:07.868","01598 06:23:56",208.65,895.65,,,,"     ",5.10,44.05,7.73
1598,539334554,"01598M07:11:08.841","01598 06:23:57",208.64,895.70,,,,"     ",5.10,44.01,7.72
1598,539334555,"01598M07:11:09.814","01598 06:23:58",208.63,895.62,,,,"     ",5.10,44.37,7.79
1598,539334556,"01598M07:11:10.788","01598 06:23:59",208.61,895.68,,,,"     ",5.10,43.98,7.72
1598,539334557,"01598M07:11:11.761","01598 06:24:00",208.58,895.66,,,,"     ",5.10,44.17,7.75
1598,539334558,"01598M07:11:12.734","01598 06:24:01",208.55,895.73,,,,"     ",5.10,44.16,7.75
1598,539334559,"01598M07:11:13.707","01598 06:24:02",208.50,895.80,,,,"     ",5.10,44.21,7.75
1598,539334560,"01598M07:11:14.681","01598 06:24:03",208.43,895.78,,,,"     ",5.10,44.13,7.74
1598,539334561,"01598M07:11:15.654","01598 06:24:04",208.36,895.82,,,,"     ",5.10,44.20,7.75
1598,539334562,"01598M07:11:16.627","01598 06:24:05",208.27,895.82,,,,"     ",5.10,44.27,7.76
1598,539334563,"01598M07:11:17.600","01598 06:24:06",208.18,895.74,,,,"     ",5.10,44.39,7.78
1598,539334564,"01598M07:11:18.574","01598 06:24:07",208.08,895.69,,,,"     ",5.10,44.40,7.78
1598,539334565,"01598M07:11:19.547","01598 06:24:08",207.97,895.78,,,,"     ",5.10,44.57,7.81
1598,539334566,"01598M07:11:20.520","01598 06:24:09",207.90,895.81,,,,"     ",5.10,44.43,7.78
1598,539334567,"01598M07:11:21.493","01598 06:24:10",207.98,895.80,,,,"     ",5.10,44.59,7.81
1598,539334568,"01598M07:11:22.467","01598 06:24:11",207.96,895.79,,,,"     ",5.10,44.67,7.83
1598,539334569,"01598M07:11:23.440","01598 06:24:12",207.94,895.76,,,,"     ",5.10,44.56,7.80
1598,539334570,"01598M07:11:24.413","01598 06:24:13",207.92,895.83,,,,"     ",5.10,44.49,7.79
1598,539334571,"01598M07:11:25.386","01598 06:24:14",207.91,895.75,,,,"     ",5.10,44.57,7.80
1598,539334572,"01598M07:11:26.360","01598 06:24:15",207.89,895.85,,,,"     ",5.10,44.28,7.75
1598,539334573,"01598M07:11:27.333","01598 06:24:16",207.88,895.80,,,,"     ",5.10,44.52,7.79
1598,539334574,"01598M07:11:28.306","01598 06:24:17",207.82,895.83,,,,"     ",5.10,44.37,7.76
1598,539334575,"01598M07:11:29.279","01598 06:24:17",207.83,895.88,,,,"     ",5.10,44.47,7.78
1598,539334576,"01598M07:11:30.253","01598 06:24:18",207.83,895.91,,,,"     ",5.10,44.38,7.77
1598,539334577,"01598M07:11:31.226","01598 06:24:19",207.79,895.80,,,,"     ",5.10,44.27,7.74
1598,539334578,"01598M07:11:32.199","01598 06:24:20",207.74,895.91,,,,"     ",5.10,44.70,7.82
1598,539334579,"01598M07:11:33.172","01598 06:24:21",207.69,895.76,,,,"     ",5.10,44.67,7.81
1598,539334580,"01598M07:11:34.146","01598 06:24:22",207.62,895.75,,,,"     ",5.10,44.57,7.79
1598,539334581,"01598M07:11:35.119","01598 06:24:23",207.55,895.77,,,,"     ",5.10,44.34,7.75
1598,539334582,"01598M07:11:36.092","01598 06:24:24",207.48,895.76,,,,"     ",5.10,44.61,7.80
1598,539334583,"01598M07:11:37.065","01598 06:24:25",207.55,895.82,,,,"     ",5.10,44.70,7.82
1598,539334584,"01598M07:11:38.039","01598 06:24:26",207.46,895.77,,,,"     ",5.10,44.44,7.77
1598,539334585,"01598M07:11:39.012","01598 06:24:27",207.38,895.77,,,,"     ",5.10,44.65,7.81
1598,539334586,"01598M07:11:39.985","01598 06:24:28",207.33,895.85,,,,"     ",5.10,44.46,7.77
1598,539334587,"01598M07:11:40.958","01598 06:24:29",207.30,895.86,,,,"     ",5.10,44.53,7.78
1598,539334588,"01598M07:11:41.932","01598 06:24:30",207.29,895.87,,,,"     ",5.10,44.61,7.80
1598,539334589,"01598M07:11:42.905","01598 06:24:31",207.28,895.87,,,,"     ",5.10,44.54,7.78
1598,539334590,"01598M07:11:43.878","01598 06:24:32",207.27,895.91,,,,"     ",5.10,44.63,7.80
1598,539334591,"01598M07:11:44.851","01598 06:24:33",207.26,895.92,,,,"     ",5.10,44.56,7.79
1598,539334592,"01598M07:11:45.825","01598 06:24:34",207.25,895.87,,,,"     ",5.10,44.45,7.77
1598,539334593,"01598M07:11:46.798","01598 06:24:35",207.25,895.85,,,,"     ",5.10,44.55,7.78
1598,539334594,"01598M07:11:47.771","01598 06:24:36",207.24,895.81,,,,"     ",5.10,44.45,7.76
1598,539334595,"01598M07:11:48.744","01598 06:24:37",207.23,895.93,,,,"     ",5.10,44.60,7.79
1598,539334596,"01598M07:11:49.718","01598 06:24:38",207.23,895.92,,,,"     ",5.10,44.51,7.78
1598,539334597,"01598M07:11:50.691","01598 06:24:39",207.22,895.88,,,,"     ",5.10,44.59,7.79
1598,539334598,"01598M07:11:51.664","01598 06:24:40",207.22,895.85,,,,"     ",5.10,44.76,7.82
1598,539334599,"01598M07:11:52.637","01598 06:24:41",207.20,895.85,,,,"     ",5.10,44.56,7.78
1598,539334600,"01598M07:11:53.611","01598 06:24:42",207.18,895.78,,,,"     ",5.10,44.66,7.80
1598,539334601,"01598M07:11:54.584","01598 06:24:43",207.16,895.91,,,,"     ",5.10,44.72,7.81
1598,539334602,"01598M07:11:55.557","01598 06:24:44",207.12,895.85,,,,"     ",5.10,44.69,7.80
1598,539334603,"01598M07:11:56.530","01598 06:24:45",207.08,895.88,,,,"     ",5.10,44.88,7.84
1598,539334604,"01598M07:11:57.504","01598 06:24:46",207.05,895.91,,,,"     ",5.10,44.79,7.82
1598,539334605,"01598M07:11:58.477","01598 06:24:47",207.03,895.89,,,,"     ",5.10,44.87,7.83
1598,539334606,"01598M07:11:59.450","01598 06:24:48",207.01,895.80,,,,"     ",5.10,44.68,7.80
1598,539334607,"01598M07:12:00.424","01598 06:24:49",206.99,895.75,,,,"     ",5.10,44.70,7.80
1598,539334608,"01598M07:12:01.397","01598 06:24:50",206.97,895.74,,,,"     ",5.10,44.18,7.71
1598,539334609,"01598M07:12:02.370","01598 06:24:51",206.95,895.96,,,,"     ",5.10,44.78,7.82
1598,539334610,"01598M07:12:03.343","01598 06:24:52",206.92,895.98,,,,"     ",5.10,44.80,7.82
1598,539334611,"01598M07:12:04.317","01598 06:24:53",206.89,896.15,,,,"     ",5.10,44.66,7.80
1598,539334612,"01598M07:12:05.290","01598 06:24:53",206.85,896.19,,,,"     ",5.10,45.46,7.94
1598,539334613,"01598M07:12:06.263","01598 06:24:54",206.80,895.88,,,,"     ",5.10,44.96,7.84
1598,539334614,"01598M07:12:07.236","01598 06:24:55",206.73,895.90,,,,"     ",5.10,44.78,7.81
1598,539334615,"01598M07:12:08.210","01598 06:24:56",206.66,895.94,,,,"     ",5.10,44.98,7.84
1598,539334616,"01598M07:12:09.183","01598 06:24:57",206.59,895.94,,,,"     ",5.10,44.96,7.84
1598,539334617,"01598M07:12:10.156","01598 06:24:58",206.54,895.94,,,,"     ",5.10,45.07,7.86
1598,539334618,"01598M07:12:11.129","01598 06:24:59",206.50,895.97,,,,"     ",5.10,45.09,7.87
1598,539334619,"01598M07:12:12.103","01598 06:25:00",206.48,895.85,,,,"     ",5.10,44.91,7.83
1598,539334620,"01598M07:12:13.076","01598 06:25:01",206.46,895.94,,,,"     ",5.10,45.31,7.90
1598,539334621,"01598M07:12:14.049","01598 06:25:02",206.44,895.98,,,,"     ",5.10,44.98,7.84
1598,539334622,"01598M07:12:15.022","01598 06:25:03",206.43,896.02,,,,"     ",5.10,45.08,7.86
1598,539334623,"01598M07:12:15.996","01598 06:25:04",206.42,895.98,,,,"     ",5.10,44.97,7.84
1598,539334624,"01598M07:12:16.969","01598 06:25:05",206.42,896.01,,,,"     ",5.10,44.99,7.84
1598,539334625,"01598M07:12:17.942","01598 06:25:06",206.43,895.99,,,,"     ",5.10,45.01,7.84
1598,539334626,"01598M07:12:18.915","01598 06:25:07",206.46,895.94,,,,"     ",5.10,45.09,7.86
1598,539334627,"01598M07:12:19.889","01598 06:25:08",206.50,895.97,,,,"     ",5.10,45.21,7.88
1598,539334628,"01598M07:12:20.862","01598 06:25:09",206.55,895.95,,,,"     ",5.10,44.92,7.83
1598,539334629,"01598M07:12:21.835","01598 06:25:10",206.58,895.97,,,,"     ",5.10,44.97,7.83
1598,539334630,"01598M07:12:22.808","01598 06:25:11",206.59,895.96,,,,"     ",5.10,45.12,7.86
1598,539334631,"01598M07:12:23.782","01598 06:25:12",206.58,895.96,,,,"     ",5.10,45.10,7.86
1598,539334632,"01598M07:12:24.755","01598 06:25:13",206.55,895.95,,,,"     ",5.10,44.92,7.82
1598,539334633,"01598M07:12:25.728","01598 06:25:14",206.52,896.03,,,,"     ",5.10,45.07,7.85
1598,539334634,"01598M07:12:26.701","01598 06:25:15",206.51,895.92,,,,"     ",5.10,44.95,7.82
1598,539334635,"01598M07:12:27.675","01598 06:25:16",206.50,895.98,,,,"     ",5.10,44.82,7.80
1598,539334636,"01598M07:12:28.648","01598 06:25:17",206.50,895.97,,,,"     ",5.10,44.91,7.81
1598,539334637,"01598M07:12:29.621","01598 06:25:18",206.51,895.97,,,,"     ",5.10,44.86,7.81
1598,539334638,"01598M07:12:30.594","01598 06:25:19",206.53,896.01,,,,"     ",5.10,44.86,7.81
1598,539334639,"01598M07:12:31.568","01598 06:25:20",206.56,896.00,,,,"     ",5.10,45.11,7.85
1598,539334640,"01598M07:12:32.541","01598 06:25:21",206.59,895.98,,,,"     ",5.10,44.78,7.79
1598,539334641,"01598M07:12:33.514","01598 06:25:22",206.61,896.07,,,,"     ",5.10,44.87,7.81
1598,539334642,"01598M07:12:34.487","01598 06:25:23",206.63,896.06,,,,"     ",5.10,44.82,7.80
1598,539334643,"01598M07:12:35.461","01598 06:25:24",206.64,895.96,,,,"     ",5.10,44.97,7.82
1598,539334644,"01598M07:12:36.434","01598 06:25:25",206.66,895.89,,,,"     ",5.10,44.95,7.81
1598,539334645,"01598M07:12:37.407","01598 06:25:26",206.66,895.97,,,,"     ",5.10,44.92,7.81
1598,539334646,"01598M07:12:38.380","01598 06:25:27",206.66,896.04,,,,"     ",5.10,44.89,7.81
1598,539334647,"01598M07:12:39.354","01598 06:25:28",206.64,896.05,,,,"     ",5.10,44.96,7.82
1598,539334648,"01598M07:12:40.327","01598 06:25:29",206.61,896.06,,,,"     ",5.10,45.09,7.84
1598,539334649,"01598M07:12:41.300","01598 06:25:30",206.57,896.06,,,,"     ",5.10,44.95,7.81
1598,539334650,"01598M07:12:42.273","01598 06:25:30",206.52,896.04,,,,"     ",5.10,45.15,7.85
1598,539334651,"01598M07:12:43.247","01598 06:25:31",206.48,896.09,,,,"     ",5.10,44.98,7.81
1598,539334652,"01598M07:12:44.220","01598 06:25:32",206.44,896.05,,,,"     ",5.10,45.17,7.85
1598,539334653,"01598M07:12:45.193","01598 06:25:33",206.40,895.97,,,,"     ",5.10,45.11,7.83
1598,539334654,"01598M07:12:46.166","01598 06:25:34",206.35,896.03,,,,"     ",5.10,45.06,7.82
1598,539334655,"01598M07:12:47.140","01598 06:25:35",206.32,895.90,,,,"     ",5.10,45.09,7.83
1598,539334656,"01598M07:12:48.113","01598 06:25:36",206.32,895.94,,,,"     ",5.10,45.06,7.82
1598,539334657,"01598M07:12:49.086","01598 06:25:37",206.35,895.99,,,,"     ",5.10,44.98,7.80
1598,539334658,"01598M07:12:50.059","01598 06:25:38",206.42,896.02,,,,"     ",5.10,45.17,7.84
1598,539334659,"01598M07:12:51.033","01598 06:25:39",206.51,896.01,,,,"     ",5.10,45.08,7.82
1598,539334660,"01598M07:12:52.006","01598 06:25:40",206.63,896.00,,,,"     ",5.10,45.31,7.86
1598,539334661,"01598M07:12:52.979","01598 06:25:41",206.74,895.98,,,,"     ",5.10,45.38,7.87
1598,539334662,"01598M07:12:53.952","01598 06:25:42",206.84,895.95,,,,"     ",5.10,45.37,7.87
1598,539334663,"01598M07:12:54.926","01598 06:25:43",206.92,896.00,,,,"     ",5.10,45.38,7.87
1598,539334664,"01598M07:12:55.899","01598 06:25:44",206.98,895.96,,,,"     ",5.10,45.46,7.88
1598,539334665,"01598M07:12:56.872","01598 06:25:45",207.02,896.00,,,,"     ",5.10,45.32,7.85
1598,539334666,"01598M07:12:57.845","01598 06:25:46",207.05,895.96,,,,"     ",5.10,45.30,7.85
1598,539334667,"01598M07:12:58.819","01598 06:25:47",207.07,895.92,,,,"     ",5.10,45.61,7.90
1598,539334668,"01598M07:12:59.792","01598 06:25:48",207.08,895.91,,,,"     ",5.10,45.39,7.86
1598,539334669,"01598M07:13:00.765","01598 06:25:49",207.09,896.11,,,,"     ",5.10,45.51,7.88
1598,539334670,"01598M07:13:01.738","01598 06:25:50",207.10,896.05,,,,"     ",5.10,45.40,7.86
1598,539334671,"01598M07:13:02.712","01598 06:25:51",207.11,896.07,,,,"     ",5.10,45.51,7.88
1598,539334672,"01598M07:13:03.685","01598 06:25:52",207.13,896.05,,,,"     ",5.10,45.49,7.87
1598,539334673,"01598M07:13:04.658","01598 06:25:53",207.15,896.03,,,,"     ",5.10,45.44,7.86
1598,539334674,"01598M07:13:05.631","01598 06:25:54",207.18,896.11,,,,"     ",5.10,45.64,7.90
1598,539334675,"01598M07:13:06.605","01598 06:25:55",207.23,896.04,,,,"     ",5.10,45.60,7.88
1598,539334676,"01598M07:13:07.578","01598 06:25:56",207.28,895.99,,,,"     ",5.10,45.50,7.87
1598,539334677,"01598M07:13:08.551","01598 06:25:57",207.35,896.06,,,,"     ",5.10,45.71,7.90
1598,539334678,"01598M07:13:09.525","01598 06:25:58",207.40,896.04,,,,"     ",5.10,45.72,7.90
1598,539334679,"01598M07:13:10.498","01598 06:25:59",207.45,896.10,,,,"     ",5.10,45.73,7.90
1598,539334680,"01598M07:13:11.471","01598 06:26:00",207.49,896.07,,,,"     ",5.10,45.62,7.88
1598,539334681,"01598M07:13:12.444","01598 06:26:01",207.52,896.04,,,,"     ",5.10,45.67,7.89
1598,539334682,"01598M07:13:13.418","01598 06:26:02",207.54,896.07,,,,"     ",5.10,45.81,7.91
1598,539334683,"01598M07:13:14.391","01598 06:26:03",207.56,895.95,,,,"     ",5.10,45.85,7.92
1598,539334684,"01598M07:13:15.364","01598 06:26:04",207.58,895.97,,,,"     ",5.10,45.89,7.92
1598,539334685,"01598M07:13:16.337","01598 06:26:05",207.60,895.98,,,,"     ",5.10,45.97,7.93
1598,539334686,"01598M07:13:17.311","01598 06:26:06",207.49,896.04,,,,"     ",5.10,45.94,7.93
1598,539334687,"01598M07:13:18.284","01598 06:26:06",207.52,896.07,,,,"     ",5.10,46.04,7.94
1598,539334688,"01598M07:13:19.257","01598 06:26:07",207.56,896.04,,,,"     ",5.10,45.73,7.89
1598,539334689,"01598M07:13:20.230","01598 06:26:08",207.59,896.01,,,,"     ",5.10,45.89,7.91
1598,539334690,"01598M07:13:21.204","01598 06:26:09",207.62,896.02,,,,"     ",5.10,46.16,7.96
1598,539334691,"01598M07:13:22.177","01598 06:26:10",207.63,895.97,,,,"     ",5.10,45.96,7.92
1598,539334692,"01598M07:13:23.150","01598 06:26:11",207.70,896.04,,,,"     ",5.10,45.97,7.92
1598,539334693,"01598M07:13:24.123","01598 06:26:12",207.65,896.07,,,,"     ",5.10,46.06,7.93
1598,539334694,"01598M07:13:25.097","01598 06:26:13",207.59,896.10,,,,"     ",5.10,45.97,7.92
1598,539334695,"01598M07:13:26.070","01598 06:26:14",207.52,896.10,,,,"     ",5.10,46.11,7.94
1598,539334696,"01598M07:13:27.043","01598 06:26:15",207.46,896.11,,,,"     ",5.10,46.06,7.93
1598,539334697,"01598M07:13:28.016","01598 06:26:16",207.41,896.11,,,,"     ",5.10,46.29,7.97
1598,539334698,"01598M07:13:28.990","01598 06:26:17",207.38,896.11,,,,"     ",5.10,46.13,7.94
1598,539334699,"01598M07:13:29.963","01598 06:26:18",207.35,896.04,,,,"     ",5.10,46.35,7.97
1598,539334700,"01598M07:13:30.936","01598 06:26:19",207.33,896.03,,,,"     ",5.10,46.27,7.95
1598,539334701,"01598M07:13:31.909","01598 06:26:20",207.34,896.01,,,,"     ",5.10,46.35,7.97
1598,539334702,"01598M07:13:32.883","01598 06:26:21",207.36,896.08,,,,"     ",5.10,46.24,7.94
1598,539334703,"01598M07:13:33.856","01598 06:26:22",207.41,896.07,,,,"     ",5.10,46.28,7.95
1598,539334704,"01598M07:13:34.829","01598 06:26:23",207.49,896.08,,,,"     ",5.10,46.28,7.95
1598,539334705,"01598M07:13:35.802","01598 06:26:24",207.58,896.12,,,,"     ",5.10,46.33,7.96
1598,539334706,"01598M07:13:36.776","01598 06:26:25",207.67,896.12,,,,"     ",5.10,46.24,7.94
1598,539334707,"01598M07:13:37.749","01598 06:26:26",207.75,896.13,,,,"     ",5.10,46.25,7.94
1598,539334708,"01598M07:13:38.722","01598 06:26:27",207.83,896.08,,,,"     ",5.10,46.23,7.93
1598,539334709,"01598M07:13:39.695","01598 06:26:28",207.87,896.04,,,,"     ",5.10,46.34,7.95
1598,539334710,"01598M07:13:40.669","01598 06:26:29",207.93,896.07,,,,"     ",5.10,46.09,7.90
1598,539334711,"01598M07:13:41.642","01598 06:26:30",208.00,896.04,,,,"     ",5.10,46.28,7.94
1598,539334712,"01598M07:13:42.615","01598 06:26:31",208.08,896.01,,,,"     ",5.10,46.33,7.94
1598,539334713,"01598M07:13:43.588","01598 06:26:32",208.18,895.89,,,,"     ",5.10,46.46,7.96
1598,539334714,"01598M07:13:44.562","01598 06:26:33",208.30,895.97,,,,"     ",5.10,45.90,7.87
1598,539334715,"01598M07:13:45.535","01598 06:26:34",208.42,896.03,,,,"     ",5.10,46.34,7.94
1598,539334716,"01598M07:13:46.508","01598 06:26:35",208.51,895.95,,,,"     ",5.10,46.24,7.92
1598,539334717,"01598M07:13:47.481","01598 06:26:36",208.58,895.94,,,,"     ",5.10,46.41,7.95
1598,539334718,"01598M07:13:48.455","01598 06:26:37",208.64,895.99,,,,"     ",5.10,47.07,8.06
1598,539334719,"01598M07:13:49.428","01598 06:26:38",208.68,895.93,,,,"     ",5.10,46.38,7.93
1598,539334720,"01598M07:13:50.401","01598 06:26:39",208.72,896.03,,,,"     ",5.10,46.54,7.96
1598,539334721,"01598M07:13:51.374","01598 06:26:40",208.75,896.05,,,,"     ",5.10,46.63,7.98
1598,539334722,"01598M07:13:52.348","01598 06:26:41",208.77,895.97,,,,"     ",5.10,46.37,7.92
1598,539334723,"01598M07:13:53.321","01598 06:26:42",208.78,896.07,,,,"     ",5.10,46.63,7.97
1598,539334724,"01598M07:13:54.294","01598 06:26:42",208.77,896.09,,,,"     ",5.10,46.63,7.97
1598,539334725,"01598M07:13:55.267","01598 06:26:43",208.73,896.04,,,,"     ",5.10,46.54,7.95
1598,539334726,"01598M07:13:56.241","01598 06:26:44",208.69,896.08,,,,"     ",5.10,46.77,7.98
1598,539334727,"01598M07:13:57.214","01598 06:26:45",208.64,896.08,,,,"     ",5.10,46.92,8.01
1598,539334728,"01598M07:13:58.187","01598 06:26:46",208.61,896.05,,,,"     ",5.10,46.61,7.95
1598,539334729,"01598M07:13:59.160","01598 06:26:47",208.61,896.11,,,,"     ",5.10,46.81,7.98
1598,539334730,"01598M07:14:00.134","01598 06:26:48",208.65,896.21,,,,"     ",5.10,46.89,7.99
1598,539334731,"01598M07:14:01.107","01598 06:26:49",208.71,896.20,,,,"     ",5.10,46.68,7.95
1598,539334732,"01598M07:14:02.080","01598 06:26:50",208.80,896.18,,,,"     ",5.10,46.50,7.92
1598,539334733,"01598M07:14:03.053","01598 06:26:51",208.89,896.17,,,,"     ",5.10,46.99,8.00
1598,539334734,"01598M07:14:04.027","01598 06:26:52",208.98,896.19,,,,"     ",5.10,46.74,7.95
1598,539334735,"01598M07:14:05.000","01598 06:26:53",209.08,896.14,,,,"     ",5.10,46.65,7.93
1598,539334736,"01598M07:14:05.973","01598 06:26:54",209.16,896.12,,,,"     ",5.10,46.60,7.92
1598,539334737,"01598M07:14:06.946","01598 06:26:55",209.23,896.12,,,,"     ",5.10,46.67,7.93
1598,539334738,"01598M07:14:07.920","01598 06:26:56",209.29,896.06,,,,"     ",5.10,46.77,7.94
1598,539334739,"01598M07:14:08.893","01598 06:26:57",209.33,896.09,,,,"     ",5.10,46.62,7.91
1598,539334740,"01598M07:14:09.866","01598 06:26:58",209.34,896.06,,,,"     ",5.10,46.67,7.92
1598,539334741,"01598M07:14:10.839","01598 06:26:59",209.33,896.10,,,,"     ",5.10,46.67,7.91
1598,539334742,"01598M07:14:11.813","01598 06:27:00",209.30,896.15,,,,"     ",5.10,46.77,7.93
1598,539334743,"01598M07:14:12.786","01598 06:27:01",209.25,896.21,,,,"     ",5.10,46.79,7.93
1598,539334744,"01598M07:14:13.759","01598 06:27:02",209.22,896.22,,,,"     ",5.10,46.72,7.91
1598,539334745,"01598M07:14:14.732","01598 06:27:03",209.20,896.12,,,,"     ",5.10,46.82,7.92
1598,539334746,"01598M07:14:15.706","01598 06:27:04",209.19,896.15,,,,"     ",5.10,46.66,7.90
1598,539334747,"01598M07:14:16.679","01598 06:27:05",209.19,896.13,,,,"     ",5.10,46.63,7.89
1598,539334748,"01598M07:14:17.652","01598 06:27:06",209.21,896.18,,,,"     ",5.10,46.80,7.91
1598,539334749,"01598M07:14:18.626","01598 06:27:07",209.24,896.12,,,,"     ",5.10,46.92,7.93
1598,539334750,"01598M07:14:19.599","01598 06:27:08",209.29,896.10,,,,"     ",5.10,46.85,7.91
1598,539334751,"01598M07:14:20.572","01598 06:27:09",209.37,896.01,,,,"     ",5.10,46.76,7.89
1598,539334752,"01598M07:14:21.545","01598 06:27:10",209.46,896.14,,,,"     ",5.10,46.89,7.91
1598,539334753,"01598M07:14:22.519","01598 06:27:11",209.56,896.07,,,,"     ",5.10,46.85,7.90
1598,539334754,"01598M07:14:23.492","01598 06:27:12",209.68,896.03,,,,"     ",5.10,46.68,7.87
1598,539334755,"01598M07:14:24.465","01598 06:27:13",209.80,896.04,,,,"     ",5.10,46.94,7.91
1598,539334756,"01598M07:14:25.438","01598 06:27:14",209.91,896.04,,,,"     ",5.10,46.88,7.90
1598,539334757,"01598M07:14:26.412","01598 06:27:15",209.99,896.07,,,,"     ",5.10,46.93,7.90
1598,539334758,"01598M07:14:27.385","01598 06:27:16",210.04,896.08,,,,"     ",5.10,46.96,7.90
1598,539334759,"01598M07:14:28.358","01598 06:27:17",210.08,896.18,,,,"     ",5.10,46.91,7.89
1598,539334760,"01598M07:14:29.331","01598 06:27:18",210.10,896.14,,,,"     ",5.10,46.64,7.84
1598,539334761,"01598M07:14:30.305","01598 06:27:18",210.13,896.12,,,,"     ",5.10,46.90,7.88
1598,539334762,"01598M07:14:31.278","01598 06:27:19",210.16,896.13,,,,"     ",5.10,46.91,7.88
1598,539334763,"01598M07:14:32.251","01598 06:27:20",210.17,896.13,,,,"     ",5.10,46.90,7.87
1598,539334764,"01598M07:14:33.224","01598 06:27:21",210.15,896.10,,,,"     ",5.10,47.10,7.90
1598,539334765,"01598M07:14:34.198","01598 06:27:22",210.10,896.13,,,,"     ",5.10,46.79,7.84
1598,539334766,"01598M07:14:35.171","01598 06:27:23",210.02,896.10,,,,"     ",5.10,46.90,7.86
1598,539334767,"01598M07:14:36.144","01598 06:27:24",209.91,896.04,,,,"     ",5.10,46.92,7.86
1598,539334768,"01598M07:14:37.117","01598 06:27:25",209.80,896.04,,,,"     ",5.10,46.92,7.86
1598,539334769,"01598M07:14:38.091","01598 06:27:26",209.70,895.97,,,,"     ",5.10,46.98,7.86
1598,539334770,"01598M07:14:39.064","01598 06:27:27",209.61,896.04,,,,"     ",5.10,47.11,7.88
1598,539334771,"01598M07:14:40.037","01598 06:27:28",209.54,896.07,,,,"     ",5.10,46.86,7.84
1598,539334772,"01598M07:14:41.010","01598 06:27:29",209.47,896.11,,,,"     ",5.10,47.02,7.86
1598,539334773,"01598M07:14:41.984","01598 06:27:30",209.40,896.17,,,,"     ",5.10,46.90,7.84
1598,539334774,"01598M07:14:42.957","01598 06:27:31",209.34,896.14,,,,"     ",5.10,46.87,7.83
1598,539334775,"01598M07:14:43.930","01598 06:27:32",209.30,896.22,,,,"     ",5.10,46.79,7.82
1598,539334776,"01598M07:14:44.903","01598 06:27:33",209.26,896.22,,,,"     ",5.10,46.99,7.85
1598,539334777,"01598M07:14:45.877","01598 06:27:34",209.24,896.21,,,,"     ",5.10,46.91,7.83
1598,539334778,"01598M07:14:46.850","01598 06:27:35",209.26,896.16,,,,"     ",5.10,46.89,7.82
1598,539334779,"01598M07:14:47.823","01598 06:27:36",209.31,896.19,,,,"     ",5.10,46.64,7.78
1598,539334780,"01598M07:14:48.796","01598 06:27:37",209.38,896.16,,,,"     ",5.10,46.88,7.82
1598,539334781,"01598M07:14:49.770","01598 06:27:38",209.45,896.24,,,,"     ",5.10,46.74,7.79
1598,539334782,"01598M07:14:50.743","01598 06:27:39",209.50,896.16,,,,"     ",5.10,46.84,7.80
1598,539334783,"01598M07:14:51.716","01598 06:27:40",209.53,896.25,,,,"     ",5.10,46.82,7.80
1598,539334784,"01598M07:14:52.689","01598 06:27:41",209.53,896.21,,,,"     ",5.10,46.88,7.80
1598,539334785,"01598M07:14:53.663","01598 06:27:42",209.51,896.26,,,,"     ",5.10,46.87,7.81
1598,539334786,"01598M07:14:54.636","01598 06:27:43",209.49,896.18,,,,"     ",5.10,46.96,7.81
1598,539334787,"01598M07:14:55.609","01598 06:27:44",209.47,896.14,,,,"     ",5.10,47.03,7.83
1598,539334788,"01598M07:14:56.582","01598 06:27:45",209.45,896.19,,,,"     ",5.10,46.95,7.81
1598,539334789,"01598M07:14:57.556","01598 06:27:46",209.43,896.16,,,,"     ",5.10,46.67,7.76
1598,539334790,"01598M07:14:58.529","01598 06:27:47",209.41,896.22,,,,"     ",5.10,46.74,7.77
1598,539334791,"01598M07:14:59.502","01598 06:27:48",209.38,896.17,,,,"     ",5.10,46.83,7.78
1598,539334792,"01598M07:15:00.475","01598 06:27:49",209.36,896.18,,,,"     ",5.10,46.85,7.78
1598,539334793,"01598M07:15:01.449","01598 06:27:50",209.35,896.21,,,,"     ",5.10,46.70,7.75
1598,539334794,"01598M07:15:02.422","01598 06:27:51",209.38,896.14,,,,"     ",5.10,46.78,7.77
1598,539334795,"01598M07:15:03.395","01598 06:27:52",209.45,896.18,,,,"     ",5.10,46.70,7.75
1598,539334796,"01598M07:15:04.368","01598 06:27:53",209.56,896.20,,,,"     ",5.10,46.73,7.76
1598,539334797,"01598M07:15:05.342","01598 06:27:54",209.69,896.10,,,,"     ",5.10,46.70,7.75
1598,539334798,"01598M07:15:06.315","01598 06:27:54",209.84,896.28,,,,"     ",5.10,46.60,7.73
1598,539334799,"01598M07:15:07.288","01598 06:27:55",209.98,896.26,,,,"     ",5.10,46.82,7.76
1598,539334800,"01598M07:15:08.261","01598 06:27:56",210.09,896.19,,,,"     ",5.10,46.71,7.74
1598,539334801,"01598M07:15:09.235","01598 06:27:57",210.17,896.13,,,,"     ",5.10,46.90,7.77
1598,539334802,"01598M07:15:10.208","01598 06:27:58",210.20,896.12,,,,"     ",5.10,46.63,7.72
1598,539334803,"01598M07:15:11.181","01598 06:27:59",210.19,896.19,,,,"     ",5.10,46.73,7.74
1598,539334804,"01598M07:15:12.154","01598 06:28:00",210.15,896.18,,,,"     ",5.10,46.54,7.71
1598,539334805,"01598M07:15:13.128","01598 06:28:01",210.07,896.22,,,,"     ",5.10,46.91,7.77
1598,539334806,"01598M07:15:14.101","01598 06:28:02",209.97,896.17,,,,"     ",5.10,46.88,7.76
1598,539334807,"01598M07:15:15.074","01598 06:28:03",209.87,896.18,,,,"     ",5.10,46.69,7.72
1598,539334808,"01598M07:15:16.047","01598 06:28:04",209.77,896.21,,,,"     ",5.10,46.74,7.73
1598,539334809,"01598M07:15:17.021","01598 06:28:05",209.68,896.19,,,,"     ",5.10,46.79,7.73
1598,539334810,"01598M07:15:17.994","01598 06:28:06",209.60,896.33,,,,"     ",5.10,46.88,7.75
1598,539334811,"01598M07:15:18.967","01598 06:28:07",209.54,896.23,,,,"     ",5.10,46.73,7.72
1598,539334812,"01598M07:15:19.940","01598 06:28:08",209.50,896.21,,,,"     ",5.10,46.57,7.69
1598,539334813,"01598M07:15:20.914","01598 06:28:09",209.49,896.18,,,,"     ",5.10,46.70,7.71
1598,539334814,"01598M07:15:21.887","01598 06:28:10",209.50,896.21,,,,"     ",5.10,46.67,7.70
1598,539334815,"01598M07:15:22.860","01598 06:28:11",209.51,896.19,,,,"     ",5.10,46.52,7.68
1598,539334816,"01598M07:15:23.833","01598 06:28:12",209.53,896.14,,,,"     ",5.10,46.69,7.71
1598,539334817,"01598M07:15:24.807","01598 06:28:13",209.52,896.29,,,,"     ",5.10,46.57,7.68
1598,539334818,"01598M07:15:25.780","01598 06:28:14",209.50,896.33,,,,"     ",5.10,46.68,7.70
1598,539334819,"01598M07:15:26.753","01598 06:28:15",209.46,896.28,,,,"     ",5.10,46.67,7.70
1598,539334820,"01598M07:15:27.727","01598 06:28:16",209.41,896.35,,,,"     ",5.10,46.54,7.68
1598,539334821,"01598M07:15:28.700","01598 06:28:17",209.34,896.25,,,,"     ",5.10,46.66,7.69
1598,539334822,"01598M07:15:29.673","01598 06:28:18",209.25,896.24,,,,"     ",5.10,46.60,7.68
1598,539334823,"01598M07:15:30.646","01598 06:28:19",209.14,896.28,,,,"     ",5.10,46.66,7.69
1598,539334824,"01598M07:15:31.620","01598 06:28:20",209.03,896.31,,,,"     ",5.10,46.58,7.68
1598,539334825,"01598M07:15:32.593","01598 06:28:21",208.93,896.21,,,,"     ",5.10,46.59,7.68
1598,539334826,"01598M07:15:33.566","01598 06:28:22",208.84,896.17,,,,"     ",5.10,46.61,7.68
1598,539334827,"01598M07:15:34.539","01598 06:28:23",208.77,896.24,,,,"     ",5.10,46.45,7.65
1598,539334828,"01598M07:15:35.513","01598 06:28:24",208.72,896.25,,,,"     ",5.10,46.50,7.66
1598,539334829,"01598M07:15:36.486","01598 06:28:25",208.68,896.39,,,,"     ",5.10,46.05,7.59
1598,539334830,"01598M07:15:37.459","01598 06:28:26",208.64,896.45,,,,"     ",5.10,46.58,7.67
1598,539334831,"01598M07:15:38.432","01598 06:28:27",208.60,896.34,,,,"     ",5.10,46.54,7.66
1598,539334832,"01598M07:15:39.406","01598 06:28:28",208.80,896.28,,,,"     ",5.10,46.68,7.68
1598,539334833,"01598M07:15:40.379","01598 06:28:29",208.75,896.30,,,,"     ",5.10,47.36,7.80
1598,539334834,"01598M07:15:41.352","01598 06:28:30",208.71,896.11,,,,"     ",5.10,46.47,7.65
1598,539334835,"01598M07:15:42.325","01598 06:28:30",208.67,896.21,,,,"     ",5.10,46.60,7.67
1598,539334836,"01598M07:15:43.299","01598 06:28:31",208.64,896.21,,,,"     ",5.10,46.63,7.67
1598,539334837,"01598M07:15:44.272","01598 06:28:32",208.62,896.27,,,,"     ",5.10,46.69,7.68
1598,539334838,"01598M07:15:45.245","01598 06:28:33",208.60,896.27,,,,"     ",5.10,46.70,7.68
1598,539334839,"01598M07:15:46.218","01598 06:28:34",208.59,896.26,,,,"     ",5.10,46.80,7.70
1598,539334840,"01598M07:15:47.192","01598 06:28:35",208.58,896.27,,,,"     ",5.10,46.89,7.71
1598,539334841,"01598M07:15:48.165","01598 06:28:36",208.58,896.32,,,,"     ",5.10,46.70,7.68
1598,539334842,"01598M07:15:49.138","01598 06:28:37",208.58,896.31,,,,"     ",5.10,46.77,7.69
1598,539334843,"01598M07:15:50.111","01598 06:28:38",208.77,896.29,,,,"     ",5.10,46.71,7.68
1598,539334844,"01598M07:15:51.085","01598 06:28:39",208.77,896.25,,,,"     ",5.10,46.68,7.67
1598,539334845,"01598M07:15:52.058","01598 06:28:40",208.77,896.26,,,,"     ",5.10,46.79,7.69
1598,539334846,"01598M07:15:53.031","01598 06:28:41",208.77,896.26,,,,"     ",5.10,46.72,7.67
1598,539334847,"01598M07:15:54.004","01598 06:28:42",208.77,896.20,,,,"     ",5.10,46.76,7.68
1598,539334848,"01598M07:15:54.978","01598 06:28:43",208.77,896.29,,,,"     ",5.10,46.93,7.71
1598,539334849,"01598M07:15:55.951","01598 06:28:44",208.77,896.33,,,,"     ",5.10,46.75,7.68
1598,539334850,"01598M07:15:56.924","01598 06:28:45",208.76,896.27,,,,"     ",5.10,46.74,7.67
1598,539334851,"01598M07:15:57.897","01598 06:28:46",208.76,896.27,,,,"     ",5.10,46.70,7.67
1598,539334852,"01598M07:15:58.871","01598 06:28:47",208.75,896.28,,,,"     ",5.10,46.87,7.69
1598,539334853,"01598M07:15:59.844","01598 06:28:48",208.74,896.25,,,,"     ",5.10,46.69,7.66
1598,539334854,"01598M07:16:00.817","01598 06:28:49",208.73,896.39,,,,"     ",5.10,46.56,7.64
1598,539334855,"01598M07:16:01.790","01598 06:28:50",208.73,896.29,,,,"     ",5.10,46.74,7.67
1598,539334856,"01598M07:16:02.764","01598 06:28:51",208.72,896.30,,,,"     ",5.10,46.83,7.68
1598,539334857,"01598M07:16:03.737","01598 06:28:52",208.69,896.33,,,,"     ",5.10,47.08,7.73
1598,539334858,"01598M07:16:04.710","01598 06:28:53",208.63,896.30,,,,"     ",5.10,46.80,7.67
1598,539334859,"01598M07:16:05.683","01598 06:28:54",208.57,896.36,,,,"     ",5.10,46.81,7.68
1598,539334860,"01598M07:16:06.657","01598 06:28:55",208.74,896.34,,,,"     ",5.10,46.94,7.70
1598,539334861,"01598M07:16:07.630","01598 06:28:56",208.69,896.27,,,,"     ",5.10,47.16,7.73
1598,539334862,"01598M07:16:08.603","01598 06:28:57",208.65,896.33,,,,"     ",5.10,47.02,7.71
1598,539334863,"01598M07:16:09.576","01598 06:28:58",208.61,896.28,,,,"     ",5.10,47.10,7.72
1598,539334864,"01598M07:16:10.550","01598 06:28:59",208.56,896.27,,,,"     ",5.10,47.21,7.74
1598,539334865,"01598M07:16:11.523","01598 06:29:00",208.52,896.32,,,,"     ",5.10,47.27,7.75
1598,539334866,"01598M07:16:12.496","01598 06:29:01",208.48,896.35,,,,"     ",5.10,47.20,7.73
1598,539334867,"01598M07:16:13.469","01598 06:29:02",208.45,896.42,,,,"     ",5.10,47.31,7.75
1598,539334868,"01598M07:16:14.443","01598 06:29:03",208.44,896.38,,,,"     ",5.10,47.17,7.72
1598,539334869,"01598M07:16:15.416","01598 06:29:04",208.44,896.36,,,,"     ",5.10,47.18,7.73
1598,539334870,"01598M07:16:16.389","01598 06:29:05",208.33,896.37,,,,"     ",5.10,47.45,7.77
1598,539334871,"01598M07:16:17.362","01598 06:29:06",208.40,896.37,,,,"     ",5.10,47.37,7.76
1598,539334872,"01598M07:16:18.336","01598 06:29:06",208.47,896.30,,,,"     ",5.10,47.30,7.74
1598,539334873,"01598M07:16:19.309","01598 06:29:07",208.52,896.44,,,,"     ",5.10,47.57,7.79
1598,539334874,"01598M07:16:20.282","01598 06:29:08",208.56,896.43,,,,"     ",5.10,47.59,7.79
1598,539334875,"01598M07:16:21.255","01598 06:29:09",208.59,896.41,,,,"     ",5.10,47.56,7.78
1598,539334876,"01598M07:16:22.229","01598 06:29:10",208.60,896.38,,,,"     ",5.10,47.72,7.81
1598,539334877,"01598M07:16:23.202","01598 06:29:11",208.60,896.40,,,,"     ",5.10,47.76,7.82
1598,539334878,"01598M07:16:24.175","01598 06:29:12",208.58,896.40,,,,"     ",5.10,47.64,7.79
1598,539334879,"01598M07:16:25.148","01598 06:29:13",208.56,896.43,,,,"     ",5.10,47.91,7.84
1598,539334880,"01598M07:16:26.122","01598 06:29:14",208.53,896.37,,,,"     ",5.10,47.79,7.82
1598,539334881,"01598M07:16:27.095","01598 06:29:15",208.50,896.37,,,,"     ",5.10,47.74,7.81
1598,539334882,"01598M07:16:28.068","01598 06:29:16",208.47,896.38,,,,"     ",5.10,47.97,7.84
1598,539334883,"01598M07:16:29.041","01598 06:29:17",208.44,896.34,,,,"     ",5.10,47.83,7.82
1598,539334884,"01598M07:16:30.015","01598 06:29:18",208.40,896.34,,,,"     ",5.10,48.01,7.85
1598,539334885,"01598M07:16:30.988","01598 06:29:19",208.35,896.38,,,,"     ",5.10,47.94,7.84
1598,539334886,"01598M07:16:31.961","01598 06:29:20",208.31,896.34,,,,"     ",5.10,48.06,7.86
1598,539334887,"01598M07:16:32.934","01598 06:29:21",208.28,896.37,,,,"     ",5.10,48.01,7.85
1598,539334888,"01598M07:16:33.908","01598 06:29:22",208.24,896.36,,,,"     ",5.10,48.45,7.92
1598,539334889,"01598M07:16:34.881","01598 06:29:23",208.20,896.39,,,,"     ",5.10,48.19,7.88
1598,539334890,"01598M07:16:35.854","01598 06:29:24",208.15,896.43,,,,"     ",5.10,48.38,7.90
1598,539334891,"01598M07:16:36.828","01598 06:29:25",208.11,896.38,,,,"     ",5.10,48.45,7.91
1598,539334892,"01598M07:16:37.801","01598 06:29:26",208.08,896.39,,,,"     ",5.10,48.41,7.91
1598,539334893,"01598M07:16:38.774","01598 06:29:27",208.08,896.39,,,,"     ",5.10,48.27,7.88
1598,539334894,"01598M07:16:39.747","01598 06:29:28",208.09,896.40,,,,"     ",5.10,48.46,7.91
1598,539334895,"01598M07:16:40.721","01598 06:29:29",208.12,896.34,,,,"     ",5.10,48.53,7.92
1598,539334896,"01598M07:16:41.694","01598 06:29:30",208.16,896.30,,,,"     ",5.10,48.53,7.92
1598,539334897,"01598M07:16:42.667","01598 06:29:31",208.21,896.28,,,,"     ",5.10,48.57,7.93
1598,539334898,"01598M07:16:43.640","01598 06:29:32",208.27,896.31,,,,"     ",5.10,48.41,7.90
1598,539334899,"01598M07:16:44.614","01598 06:29:33",208.32,896.30,,,,"     ",5.10,48.28,7.87
1598,539334900,"01598M07:16:45.587","01598 06:29:34",208.37,896.30,,,,"     ",5.10,48.40,7.90
1598,539334901,"01598M07:16:46.560","01598 06:29:35",208.42,896.29,,,,"     ",5.10,48.50,7.91
1598,539334902,"01598M07:16:47.533","01598 06:29:36",208.45,896.25,,,,"     ",5.10,48.55,7.92
1598,539334903,"01598M07:16:48.507","01598 06:29:37",208.47,896.30,,,,"     ",5.10,48.58,7.92
1598,539334904,"01598M07:16:49.480","01598 06:29:38",208.48,896.38,,,,"     ",5.10,48.35,7.88
1598,539334905,"01598M07:16:50.453","01598 06:29:39",208.50,896.34,,,,"     ",5.10,48.59,7.92
1598,539334906,"01598M07:16:51.426","01598 06:29:40",208.55,896.37,,,,"     ",5.10,48.28,7.87
1598,539334907,"01598M07:16:52.400","01598 06:29:41",208.60,896.35,,,,"     ",5.10,48.57,7.92
1598,539334908,"01598M07:16:53.373","01598 06:29:42",208.64,896.30,,,,"     ",5.10,48.44,7.89
1598,539334909,"01598M07:16:54.346","01598 06:29:42",208.66,896.41,,,,"     ",5.10,48.43,7.89
1598,539334910,"01598M07:16:55.319","01598 06:29:43",208.65,896.41,,,,"     ",5.10,48.50,7.90
1598,539334911,"01598M07:16:56.293","01598 06:29:44",208.61,896.44,,,,"     ",5.10,48.34,7.87
1598,539334912,"01598M07:16:57.266","01598 06:29:45",208.59,896.40,,,,"     ",5.10,48.40,7.88
1598,539334913,"01598M07:16:58.239","01598 06:29:46",208.58,896.44,,,,"     ",5.10,48.31,7.86
1598,539334914,"01598M07:16:59.212","01598 06:29:47",208.58,896.36,,,,"     ",5.10,48.48,7.89
1598,539334915,"01598M07:17:00.186","01598 06:29:48",208.59,896.45,,,,"     ",5.10,48.36,7.86
1598,539334916,"01598M07:17:01.159","01598 06:29:49",208.62,896.44,,,,"     ",5.10,48.45,7.88
1598,539334917,"01598M07:17:02.132","01598 06:29:50",208.64,896.44,,,,"     ",5.10,48.53,7.89
1598,539334918,"01598M07:17:03.105","01598 06:29:51",208.66,896.43,,,,"     ",5.10,48.17,7.83
1598,539334919,"01598M07:17:04.079","01598 06:29:52",208.68,896.33,,,,"     ",5.10,48.34,7.85
1598,539334920,"01598M07:17:05.052","01598 06:29:53",208.70,896.39,,,,"     ",5.10,48.12,7.81
1598,539334921,"01598M07:17:06.025","01598 06:29:54",208.73,896.40,,,,"     ",5.10,48.31,7.84
1598,539334922,"01598M07:17:06.998","01598 06:29:55",208.79,896.40,,,,"     ",5.10,48.31,7.84
1598,539334923,"01598M07:17:07.972","01598 06:29:56",208.89,896.43,,,,"     ",5.10,48.19,7.82
1598,539334924,"01598M07:17:08.945","01598 06:29:57",209.00,896.42,,,,"     ",5.10,48.17,7.81
1598,539334925,"01598M07:17:09.918","01598 06:29:58",209.12,896.46,,,,"     ",5.10,48.30,7.84
1598,539334926,"01598M07:17:10.891","01598 06:29:59",209.22,896.45,,,,"     ",5.10,48.16,7.81
1598,539334927,"01598M07:17:11.865","01598 06:30:00",209.29,896.38,,,,"     ",5.10,48.11,7.80
1598,539334928,"01598M07:17:12.838","01598 06:30:01",209.32,896.39,,,,"     ",5.10,48.26,7.83
1598,539334929,"01598M07:17:13.811","01598 06:30:02",209.32,896.39,,,,"     ",5.10,48.08,7.79
1598,539334930,"01598M07:17:14.784","01598 06:30:03",209.32,896.48,,,,"     ",5.10,48.22,7.82
1598,539334931,"01598M07:17:15.758","01598 06:30:04",209.33,896.50,,,,"     ",5.10,47.95,7.77
1598,539334932,"01598M07:17:16.731","01598 06:30:05",209.36,896.43,,,,"     ",5.10,48.28,7.82
1598,539334933,"01598M07:17:17.704","01598 06:30:06",209.41,896.55,,,,"     ",5.10,48.13,7.80
1598,539334934,"01598M07:17:18.677","01598 06:30:07",209.45,896.52,,,,"     ",5.10,48.01,7.77
1598,539334935,"01598M07:17:19.651","01598 06:30:08",209.49,896.45,,,,"     ",5.10,47.93,7.76
1598,539334936,"01598M07:17:20.624","01598 06:30:09",209.50,896.45,,,,"     ",5.10,48.05,7.78
1598,539334937,"01598M07:17:21.597","01598 06:30:10",209.48,896.43,,,,"     ",5.10,48.15,7.79
1598,539334938,"01598M07:17:22.570","01598 06:30:11",209.46,896.51,,,,"     ",5.10,47.95,7.76
1598,539334939,"01598M07:17:23.544","01598 06:30:12",209.42,896.47,,,,"     ",5.10,47.88,7.74
1598,539334940,"01598M07:17:24.517","01598 06:30:13",209.39,896.52,,,,"     ",5.10,47.93,7.75
1598,539334941,"01598M07:17:25.490","01598 06:30:14",209.36,896.43,,,,"     ",5.10,47.81,7.73
1598,539334942,"01598M07:17:26.463","01598 06:30:15",209.33,896.43,,,,"     ",5.10,47.86,7.74
1598,539334943,"01598M07:17:27.437","01598 06:30:16",209.28,896.48,,,,"     ",5.10,47.64,7.70
1598,539334944,"01598M07:17:28.410","01598 06:30:17",209.19,896.41,,,,"     ",5.10,47.94,7.74
1598,539334945,"01598M07:17:29.383","01598 06:30:18",209.08,896.48,,,,"     ",5.10,47.81,7.72
1598,539334946,"01598M07:17:30.356","01598 06:30:19",208.97,896.45,,,,"     ",5.10,47.84,7.73
1598,539334947,"01598M07:17:31.330","01598 06:30:19",208.88,896.46,,,,"     ",5.10,47.86,7.73
1598,539334948,"01598M07:17:32.303","01598 06:30:20",208.82,896.49,,,,"     ",5.10,48.01,7.75
1598,539334949,"01598M07:17:33.276","01598 06:30:21",208.81,896.51,,,,"     ",5.10,47.57,7.68
1598,539334950,"01598M07:17:34.249","01598 06:30:22",208.84,896.40,,,,"     ",5.10,47.92,7.73
1598,539334951,"01598M07:17:35.223","01598 06:30:23",208.89,896.45,,,,"     ",5.10,47.71,7.70
1598,539334952,"01598M07:17:36.196","01598 06:30:24",208.95,896.39,,,,"     ",5.10,47.65,7.69
1598,539334953,"01598M07:17:37.169","01598 06:30:25",209.00,896.34,,,,"     ",5.10,47.66,7.68
1598,539334954,"01598M07:17:38.142","01598 06:30:26",209.04,896.23,,,,"     ",5.10,47.77,7.70
1598,539334955,"01598M07:17:39.116","01598 06:30:27",209.07,896.49,,,,"     ",5.10,47.69,7.69
1598,539334956,"01598M07:17:40.089","01598 06:30:28",209.08,896.47,,,,"     ",5.10,47.63,7.67
1598,539334957,"01598M07:17:41.062","01598 06:30:29",209.08,896.54,,,,"     ",5.10,47.61,7.67
1598,539334958,"01598M07:17:42.035","01598 06:30:30",209.08,896.62,,,,"     ",5.10,47.53,7.66
1598,539334959,"01598M07:17:43.009","01598 06:30:31",209.08,896.40,,,,"     ",5.10,48.35,7.79
1598,539334960,"01598M07:17:43.982","01598 06:30:32",209.07,896.52,,,,"     ",5.10,47.71,7.69
1598,539334961,"01598M07:17:44.955","01598 06:30:33",209.05,896.43,,,,"     ",5.10,47.58,7.66
1598,539334962,"01598M07:17:45.928","01598 06:30:34",209.03,896.39,,,,"     ",5.10,47.72,7.68
1598,539334963,"01598M07:17:46.902","01598 06:30:35",209.02,896.44,,,,"     ",5.10,47.80,7.69
1598,539334964,"01598M07:17:47.875","01598 06:30:36",209.03,896.46,,,,"     ",5.10,47.85,7.70
1598,539334965,"01598M07:17:48.848","01598 06:30:37",209.06,896.42,,,,"     ",5.10,47.64,7.67
1598,539334966,"01598M07:17:49.822","01598 06:30:38",209.11,896.43,,,,"     ",5.10,47.51,7.64
1598,539334967,"01598M07:17:50.795","01598 06:30:39",209.18,896.46,,,,"     ",5.10,47.64,7.66
1598,539334968,"01598M07:17:51.768","01598 06:30:40",209.24,896.39,,,,"     ",5.10,47.70,7.67
1598,539334969,"01598M07:17:52.741","01598 06:30:41",209.29,896.51,,,,"     ",5.10,47.52,7.64
1598,539334970,"01598M07:17:53.715","01598 06:30:42",209.30,896.49,,,,"     ",5.10,47.46,7.63
1598,539334971,"01598M07:17:54.688","01598 06:30:43",209.29,896.56,,,,"     ",5.10,47.39,7.62
1598,539334972,"01598M07:17:55.661","01598 06:30:44",209.26,896.57,,,,"     ",5.10,47.63,7.66
1598,539334973,"01598M07:17:56.634","01598 06:30:45",209.21,896.50,,,,"     ",5.10,47.42,7.62
1598,539334974,"01598M07:17:57.608","01598 06:30:46",209.14,896.46,,,,"     ",5.10,47.19,7.58
1598,539334975,"01598M07:17:58.581","01598 06:30:47",209.06,896.54,,,,"     ",5.10,47.36,7.61
1598,539334976,"01598M07:17:59.554","01598 06:30:48",209.00,896.45,,,,"     ",5.10,47.50,7.63
1598,539334977,"01598M07:18:00.527","01598 06:30:49",208.98,896.44,,,,"     ",5.10,47.50,7.63
1598,539334978,"01598M07:18:01.501","01598 06:30:50",209.31,896.49,,,,"     ",5.10,47.63,7.65
1598,539334979,"01598M07:18:02.474","01598 06:30:51",209.31,896.56,,,,"     ",5.10,47.51,7.62
1598,539334980,"01598M07:18:03.447","01598 06:30:52",209.33,896.56,,,,"     ",5.10,47.39,7.60
1598,539334981,"01598M07:18:04.420","01598 06:30:53",208.98,896.54,,,,"     ",5.10,47.41,7.60
1598,539334982,"01598M07:18:05.394","01598 06:30:54",209.02,896.60,,,,"     ",5.10,47.22,7.57
1598,539334983,"01598M07:18:06.367","01598 06:30:55",209.09,896.62,,,,"     ",5.10,47.46,7.61
1598,539334984,"01598M07:18:07.340","01598 06:30:55",209.18,896.59,,,,"     ",5.10,47.56,7.62
1598,539334985,"01598M07:18:08.313","01598 06:30:56",209.27,896.60,,,,"     ",5.10,47.33,7.59
1598,539334986,"01598M07:18:09.287","01598 06:30:57",209.37,896.58,,,,"     ",5.10,47.46,7.60
1598,539334987,"01598M07:18:10.260","01598 06:30:58",209.48,896.45,,,,"     ",5.10,47.37,7.59
1598,539334988,"01598M07:18:11.233","01598 06:30:59",209.58,896.52,,,,"     ",5.10,47.46,7.60
1598,539334989,"01598M07:18:12.206","01598 06:31:00",209.69,896.47,,,,"     ",5.10,47.41,7.59
1598,539334990,"01598M07:18:13.180","01598 06:31:01",209.79,896.48,,,,"     ",5.10,47.31,7.58
1598,539334991,"01598M07:18:14.153","01598 06:31:02",209.85,896.45,,,,"     ",5.10,47.37,7.58
1598,539334992,"01598M07:18:15.126","01598 06:31:03",209.86,896.46,,,,"     ",5.10,47.35,7.58
1598,539334993,"01598M07:18:16.099","01598 06:31:04",209.83,896.49,,,,"     ",5.10,47.22,7.56
1598,539334994,"01598M07:18:17.073","01598 06:31:05",209.76,896.59,,,,"     ",5.10,47.29,7.57
1598,539334995,"01598M07:18:18.046","01598 06:31:06",209.66,896.52,,,,"     ",5.10,47.48,7.60
1598,539334996,"01598M07:18:19.019","01598 06:31:07",209.56,896.52,,,,"     ",5.10,47.55,7.61
1598,539334997,"01598M07:18:19.992","01598 06:31:08",209.47,896.55,,,,"     ",5.10,47.43,7.59
1598,539334998,"01598M07:18:20.966","01598 06:31:09",209.42,896.56,,,,"     ",5.10,47.35,7.57
1598,539334999,"01598M07:18:21.939","01598 06:31:10",209.38,896.52,,,,"     ",5.10,47.46,7.59
1598,539335000,"01598M07:18:22.912","01598 06:31:11",209.35,896.55,,,,"     ",5.10,47.47,7.59
1598,539335001,"01598M07:18:23.885","01598 06:31:12",209.32,896.65,,,,"     ",5.10,47.47,7.59
1598,539335002,"01598M07:18:24.859","01598 06:31:13",209.30,896.64,,,,"     ",5.10,47.35,7.57
1598,539335003,"01598M07:18:25.832","01598 06:31:14",209.28,896.55,,,,"     ",5.10,47.52,7.59
1598,539335004,"01598M07:18:26.805","01598 06:31:15",209.29,896.65,,,,"     ",5.10,47.29,7.55
1598,539335005,"01598M07:18:27.778","01598 06:31:16",209.33,896.58,,,,"     ",5.10,47.37,7.57
1598,539335006,"01598M07:18:28.752","01598 06:31:17",209.41,896.55,,,,"     ",5.10,47.40,7.57
1598,539335007,"01598M07:18:29.725","01598 06:31:18",209.51,896.51,,,,"     ",5.10,47.45,7.58
1598,539335008,"01598M07:18:30.698","01598 06:31:19",209.61,896.48,,,,"     ",5.10,47.55,7.59
1598,539335009,"01598M07:18:31.671","01598 06:31:20",209.69,896.49,,,,"     ",5.10,47.38,7.56
1598,539335010,"01598M07:18:32.645","01598 06:31:21",209.74,896.58,,,,"     ",5.10,47.35,7.56
1598,539335011,"01598M07:18:33.618","01598 06:31:22",209.77,896.61,,,,"     ",5.10,47.34,7.55
1598,539335012,"01598M07:18:34.591","01598 06:31:23",209.78,896.55,,,,"     ",5.10,47.55,7.59
1598,539335013,"01598M07:18:35.564","01598 06:31:24",209.77,896.56,,,,"     ",5.10,47.64,7.60
1598,539335014,"01598M07:18:36.538","01598 06:31:25",209.75,896.61,,,,"     ",5.10,47.70,7.61
1598,539335015,"01598M07:18:37.511","01598 06:31:26",209.74,896.59,,,,"     ",5.10,47.37,7.56
1598,539335016,"01598M07:18:38.484","01598 06:31:27",209.72,896.58,,,,"     ",5.10,47.52,7.58
1598,539335017,"01598M07:18:39.457","01598 06:31:28",209.71,896.58,,,,"     ",5.10,47.43,7.56
1598,539335018,"01598M07:18:40.431","01598 06:31:29",209.72,896.63,,,,"     ",5.10,47.40,7.56
1598,539335019,"01598M07:18:41.404","01598 06:31:30",209.73,896.56,,,,"     ",5.10,47.59,7.59
1598,539335020,"01598M07:18:42.377","01598 06:31:31",209.75,896.56,,,,"     ",5.10,47.45,7.56
1598,539335021,"01598M07:18:43.350","01598 06:31:31",209.78,896.56,,,,"     ",5.10,47.50,7.57
1598,539335022,"01598M07:18:44.324","01598 06:31:32",209.83,896.60,,,,"     ",5.10,47.54,7.57
1598,539335023,"01598M07:18:45.297","01598 06:31:33",209.88,896.58,,,,"     ",5.10,47.35,7.54
1598,539335024,"01598M07:18:46.270","01598 06:31:34",209.94,896.56,,,,"     ",5.10,47.18,7.51
1598,539335025,"01598M07:18:47.243","01598 06:31:35",210.01,896.54,,,,"     ",5.10,47.31,7.53
1598,539335026,"01598M07:18:48.217","01598 06:31:36",210.06,896.48,,,,"     ",5.10,47.61,7.58
1598,539335027,"01598M07:18:49.190","01598 06:31:37",210.09,896.49,,,,"     ",5.10,47.60,7.57
1598,539335028,"01598M07:18:50.163","01598 06:31:38",210.09,896.50,,,,"     ",5.10,47.46,7.55
1598,539335029,"01598M07:18:51.136","01598 06:31:39",210.05,896.47,,,,"     ",5.10,47.56,7.57
1598,539335030,"01598M07:18:52.110","01598 06:31:40",209.99,896.46,,,,"     ",5.10,47.34,7.52
1598,539335031,"01598M07:18:53.083","01598 06:31:41",209.91,896.44,,,,"     ",5.10,47.42,7.54
1598,539335032,"01598M07:18:54.056","01598 06:31:42",209.83,896.54,,,,"     ",5.10,47.61,7.56
1598,539335033,"01598M07:18:55.029","01598 06:31:43",209.75,896.52,,,,"     ",5.10,47.55,7.55
1598,539335034,"01598M07:18:56.003","01598 06:31:44",209.66,896.54,,,,"     ",5.10,47.56,7.55
1598,539335035,"01598M07:18:56.976","01598 06:31:45",209.57,896.51,,,,"     ",5.10,47.53,7.55
1598,539335036,"01598M07:18:57.949","01598 06:31:46",209.47,896.55,,,,"     ",5.10,47.51,7.54
1598,539335037,"01598M07:18:58.923","01598 06:31:47",209.38,896.60,,,,"     ",5.10,47.49,7.54
1598,539335038,"01598M07:18:59.896","01598 06:31:48",209.30,896.59,,,,"     ",5.10,47.47,7.53
1598,539335039,"01598M07:19:00.869","01598 06:31:49",209.25,896.58,,,,"     ",5.10,47.24,7.49
1598,539335040,"01598M07:19:01.842","01598 06:31:50",209.21,896.64,,,,"     ",5.10,47.31,7.50
1598,539335041,"01598M07:19:02.816","01598 06:31:51",209.21,896.56,,,,"     ",5.10,47.31,7.50
1598,539335042,"01598M07:19:03.789","01598 06:31:52",209.23,896.70,,,,"     ",5.10,47.02,7.46
1598,539335043,"01598M07:19:04.762","01598 06:31:53",209.26,896.57,,,,"     ",5.10,47.32,7.51
1598,539335044,"01598M07:19:05.735","01598 06:31:54",209.30,896.55,,,,"     ",5.10,47.33,7.50
1598,539335045,"01598M07:19:06.709","01598 06:31:55",209.32,896.56,,,,"     ",5.10,47.33,7.50
1598,539335046,"01598M07:19:07.682","01598 06:31:56",209.34,896.65,,,,"     ",5.10,47.11,7.47
1598,539335047,"01598M07:19:08.655","01598 06:31:57",209.35,896.67,,,,"     ",5.10,47.30,7.50
1598,539335048,"01598M07:19:09.628","01598 06:31:58",209.36,896.61,,,,"     ",5.10,47.26,7.49
1598,539335049,"01598M07:19:10.602","01598 06:31:59",209.40,896.62,,,,"     ",5.10,47.11,7.46
1598,539335050,"01598M07:19:11.575","01598 06:32:00",209.45,896.61,,,,"     ",5.10,47.22,7.48
1598,539335051,"01598M07:19:12.548","01598 06:32:01",209.53,896.58,,,,"     ",5.10,47.17,7.47
1598,539335052,"01598M07:19:13.521","01598 06:32:02",209.60,896.64,,,,"     ",5.10,47.23,7.48
1598,539335053,"01598M07:19:14.495","01598 06:32:03",209.65,896.58,,,,"     ",5.10,47.32,7.49
1598,539335054,"01598M07:19:15.468","01598 06:32:04",209.67,896.69,,,,"     ",5.10,47.01,7.44
1598,539335055,"01598M07:19:16.441","01598 06:32:05",209.65,896.66,,,,"     ",5.10,47.08,7.45
1598,539335056,"01598M07:19:17.414","01598 06:32:06",209.64,896.66,,,,"     ",5.10,47.01,7.44
1598,539335057,"01598M07:19:18.388","01598 06:32:07",209.63,896.57,,,,"     ",5.10,47.11,7.45
1598,539335058,"01598M07:19:19.361","01598 06:32:07",209.66,896.64,,,,"     ",5.10,47.12,7.46
1598,539335059,"01598M07:19:20.334","01598 06:32:08",209.71,896.67,,,,"     ",5.10,47.17,7.46
1598,539335060,"01598M07:19:21.307","01598 06:32:09",209.79,896.65,,,,"     ",5.10,47.02,7.43
1598,539335061,"01598M07:19:22.281","01598 06:32:10",209.86,896.58,,,,"     ",5.10,47.21,7.46
1598,539335062,"01598M07:19:23.254","01598 06:32:11",209.90,896.56,,,,"     ",5.10,47.26,7.47
1598,539335063,"01598M07:19:24.227","01598 06:32:12",209.91,896.52,,,,"     ",5.10,47.16,7.45
1598,539335064,"01598M07:19:25.200","01598 06:32:13",209.88,896.52,,,,"     ",5.10,47.39,7.49
1598,539335065,"01598M07:19:26.174","01598 06:32:14",209.82,896.60,,,,"     ",5.10,47.57,7.51
1598,539335066,"01598M07:19:27.147","01598 06:32:15",209.76,896.62,,,,"     ",5.10,47.44,7.49
1598,539335067,"01598M07:19:28.120","01598 06:32:16",209.71,896.59,,,,"     ",5.10,47.35,7.47
1598,539335068,"01598M07:19:29.093","01598 06:32:17",209.68,896.64,,,,"     ",5.10,47.40,7.48
1598,539335069,"01598M07:19:30.067","01598 06:32:18",209.67,896.68,,,,"     ",5.10,47.29,7.46
1598,539335070,"01598M07:19:31.040","01598 06:32:19",209.69,896.60,,,,"     ",5.10,47.58,7.51
1598,539335071,"01598M07:19:32.013","01598 06:32:20",209.73,896.57,,,,"     ",5.10,47.64,7.51
1598,539335072,"01598M07:19:32.986","01598 06:32:21",209.78,896.64,,,,"     ",5.10,47.56,7.50
1598,539335073,"01598M07:19:33.960","01598 06:32:22",209.84,896.67,,,,"     ",5.10,47.57,7.49
1598,539335074,"01598M07:19:34.933","01598 06:32:23",209.91,896.63,,,,"     ",5.10,47.51,7.48
1598,539335075,"01598M07:19:35.906","01598 06:32:24",209.99,896.56,,,,"     ",5.10,47.82,7.53
1598,539335076,"01598M07:19:36.879","01598 06:32:25",210.10,896.58,,,,"     ",5.10,47.52,7.48
1598,539335077,"01598M07:19:37.853","01598 06:32:26",210.22,896.57,,,,"     ",5.10,47.89,7.54
1598,539335078,"01598M07:19:38.826","01598 06:32:27",210.35,896.66,,,,"     ",5.10,47.59,7.49
1598,539335079,"01598M07:19:39.799","01598 06:32:28",210.48,896.70,,,,"     ",5.10,48.01,7.55
1598,539335080,"01598M07:19:40.772","01598 06:32:29",210.60,896.60,,,,"     ",5.10,47.82,7.52
1598,539335081,"01598M07:19:41.746","01598 06:32:30",210.69,896.69,,,,"     ",5.10,47.67,7.49
1598,539335082,"01598M07:19:42.719","01598 06:32:31",210.77,896.64,,,,"     ",5.10,47.75,7.51
1598,539335083,"01598M07:19:43.692","01598 06:32:32",210.81,896.65,,,,"     ",5.10,47.82,7.51
1598,539335084,"01598M07:19:44.665","01598 06:32:33",210.84,896.60,,,,"     ",5.10,47.88,7.52
1598,539335085,"01598M07:19:45.639","01598 06:32:34",210.86,896.63,,,,"     ",5.10,47.89,7.52
1598,539335086,"01598M07:19:46.612","01598 06:32:35",210.89,896.59,,,,"     ",5.10,48.03,7.54
1598,539335087,"01598M07:19:47.585","01598 06:32:36",210.91,896.61,,,,"     ",5.10,47.95,7.53
1598,539335088,"01598M07:19:48.558","01598 06:32:37",210.94,896.64,,,,"     ",5.10,47.90,7.51
1598,539335089,"01598M07:19:49.532","01598 06:32:38",210.95,896.61,,,,"     ",5.10,47.94,7.52
1598,539335090,"01598M07:19:50.505","01598 06:32:39",210.96,896.69,,,,"     ",5.10,47.61,7.47
1598,539335091,"01598M07:19:51.478","01598 06:32:40",210.97,896.73,,,,"     ",5.10,47.97,7.52
1598,539335092,"01598M07:19:52.451","01598 06:32:41",210.98,896.60,,,,"     ",5.10,48.09,7.53
1598,539335093,"01598M07:19:53.425","01598 06:32:42",210.99,896.68,,,,"     ",5.10,48.07,7.53
1598,539335094,"01598M07:19:54.398","01598 06:32:43",211.01,896.72,,,,"     ",5.10,48.83,7.65
1598,539335095,"01598M07:19:55.371","01598 06:32:43",211.03,896.53,,,,"     ",5.10,48.23,7.55
1598,539335096,"01598M07:19:56.344","01598 06:32:44",211.08,896.64,,,,"     ",5.10,48.28,7.56
1598,539335097,"01598M07:19:57.318","01598 06:32:45",211.14,896.65,,,,"     ",5.10,47.91,7.49
1598,539335098,"01598M07:19:58.291","01598 06:32:46",211.21,896.60,,,,"     ",5.10,48.19,7.53
1598,539335099,"01598M07:19:59.264","01598 06:32:47",211.27,896.63,,,,"     ",5.10,48.16,7.53
1598,539335100,"01598M07:20:00.237","01598 06:32:48",211.31,896.58,,,,"     ",5.10,48.31,7.54
1598,539335101,"01598M07:20:01.211","01598 06:32:49",211.32,896.57,,,,"     ",5.10,48.35,7.55
1598,539335102,"01598M07:20:02.184","01598 06:32:50",211.28,896.60,,,,"     ",5.10,48.29,7.54
1598,539335103,"01598M07:20:03.157","01598 06:32:51",211.22,896.71,,,,"     ",5.10,48.43,7.56
1598,539335104,"01598M07:20:04.130","01598 06:32:52",211.15,896.74,,,,"     ",5.10,48.40,7.55
1598,539335105,"01598M07:20:05.104","01598 06:32:53",211.06,896.66,,,,"     ",5.10,48.34,7.54
1598,539335106,"01598M07:20:06.077","01598 06:32:54",210.99,896.61,,,,"     ",5.10,48.37,7.54
1598,539335107,"01598M07:20:07.050","01598 06:32:55",210.93,896.62,,,,"     ",5.10,48.26,7.52
1598,539335108,"01598M07:20:08.024","01598 06:32:56",210.89,896.56,,,,"     ",5.10,48.34,7.52
1598,539335109,"01598M07:20:08.997","01598 06:32:57",210.87,896.61,,,,"     ",5.10,48.25,7.51
1598,539335110,"01598M07:20:09.970","01598 06:32:58",210.87,896.62,,,,"     ",5.10,48.42,7.53
1598,539335111,"01598M07:20:10.943","01598 06:32:59",210.91,896.64,,,,"     ",5.10,48.41,7.53
1598,539335112,"01598M07:20:11.917","01598 06:33:00",210.98,896.68,,,,"     ",5.10,48.48,7.53
1598,539335113,"01598M07:20:12.890","01598 06:33:01",211.08,896.67,,,,"     ",5.10,48.35,7.51
1598,539335114,"01598M07:20:13.863","01598 06:33:02",211.19,896.63,,,,"     ",5.10,48.62,7.55
1598,539335115,"01598M07:20:14.836","01598 06:33:03",211.31,896.61,,,,"     ",5.10,48.31,7.50
1598,539335116,"01598M07:20:15.810","01598 06:33:04",211.43,896.60,,,,"     ",5.10,48.61,7.54
1598,539335117,"01598M07:20:16.783","01598 06:33:05",211.53,896.61,,,,"     ",5.10,48.59,7.53
1598,539335118,"01598M07:20:17.756","01598 06:33:06",211.62,896.68,,,,"     ",5.10,48.89,7.58
1598,539335119,"01598M07:20:18.729","01598 06:33:07",211.67,896.69,,,,"     ",5.10,48.53,7.52
1598,539335120,"01598M07:20:19.703","01598 06:33:08",211.69,896.68,,,,"     ",5.10,48.81,7.56
1598,539335121,"01598M07:20:20.676","01598 06:33:09",211.67,896.66,,,,"     ",5.10,48.84,7.56
1598,539335122,"01598M07:20:21.649","01598 06:33:10",211.63,896.70,,,,"     ",5.10,48.80,7.55
1598,539335123,"01598M07:20:22.622","01598 06:33:11",211.59,896.71,,,,"     ",5.10,48.64,7.52
1598,539335124,"01598M07:20:23.596","01598 06:33:12",211.57,896.73,,,,"     ",5.10,48.71,7.53
1598,539335125,"01598M07:20:24.569","01598 06:33:13",211.55,896.71,,,,"     ",5.10,48.85,7.55
1598,539335126,"01598M07:20:25.542","01598 06:33:14",211.56,896.67,,,,"     ",5.10,48.86,7.55
1598,539335127,"01598M07:20:26.515","01598 06:33:15",211.57,896.72,,,,"     ",5.10,48.61,7.50
1598,539335128,"01598M07:20:27.489","01598 06:33:16",211.61,896.70,,,,"     ",5.10,48.76,7.52
1598,539335129,"01598M07:20:28.462","01598 06:33:17",211.65,896.66,,,,"     ",5.10,48.85,7.53
1598,539335130,"01598M07:20:29.435","01598 06:33:18",211.72,896.70,,,,"     ",5.10,48.76,7.51
1598,539335131,"01598M07:20:30.408","01598 06:33:19",211.80,896.47,,,,"     ",5.10,48.63,7.49
1598,539335132,"01598M07:20:31.382","01598 06:33:19",211.91,896.56,,,,"     ",5.10,48.77,7.51
1598,539335133,"01598M07:20:32.355","01598 06:33:20",212.04,896.50,,,,"     ",5.10,48.56,7.47
1598,539335134,"01598M07:20:33.328","01598 06:33:21",212.18,896.57,,,,"     ",5.10,48.94,7.53
1598,539335135,"01598M07:20:34.301","01598 06:33:22",212.33,896.60,,,,"     ",5.10,48.87,7.51
1598,539335136,"01598M07:20:35.275","01598 06:33:23",212.48,896.65,,,,"     ",5.10,48.91,7.52
1598,539335137,"01598M07:20:36.248","01598 06:33:24",212.62,896.73,,,,"     ",5.10,49.02,7.53
1598,539335138,"01598M07:20:37.221","01598 06:33:25",212.73,896.61,,,,"     ",5.10,49.00,7.52
1598,539335139,"01598M07:20:38.194","01598 06:33:26",212.81,896.62,,,,"     ",5.10,48.77,7.48
1598,539335140,"01598M07:20:39.168","01598 06:33:27",212.88,896.62,,,,"     ",5.10,48.88,7.50
1598,539335141,"01598M07:20:40.141","01598 06:33:28",212.93,896.67,,,,"     ",5.10,48.94,7.50
1598,539335142,"01598M07:20:41.114","01598 06:33:29",212.97,896.68,,,,"     ",5.10,49.15,7.53
1598,539335143,"01598M07:20:42.087","01598 06:33:30",213.01,896.58,,,,"     ",5.10,48.94,7.49
1598,539335144,"01598M07:20:43.061","01598 06:33:31",213.03,896.70,,,,"     ",5.10,49.06,7.51
1598,539335145,"01598M07:20:44.034","01598 06:33:32",213.04,896.70,,,,"     ",5.10,49.39,7.56
1598,539335146,"01598M07:20:45.007","01598 06:33:33",213.04,896.70,,,,"     ",5.10,49.11,7.51
1598,539335147,"01598M07:20:45.980","01598 06:33:34",213.02,896.80,,,,"     ",5.10,48.99,7.48
1598,539335148,"01598M07:20:46.954","01598 06:33:35",212.99,896.68,,,,"     ",5.10,49.07,7.49
1598,539335149,"01598M07:20:47.927","01598 06:33:36",212.95,896.69,,,,"     ",5.10,49.39,7.54
1598,539335150,"01598M07:20:48.900","01598 06:33:37",212.89,896.71,,,,"     ",5.10,49.08,7.49
1598,539335151,"01598M07:20:49.873","01598 06:33:38",212.38,896.64,,,,"     ",5.10,49.29,7.51
1598,539335152,"01598M07:20:50.847","01598 06:33:39",212.38,896.65,,,,"     ",5.10,49.00,7.46
1598,539335153,"01598M07:20:51.820","01598 06:33:40",212.38,896.66,,,,"     ",5.10,49.07,7.47
1598,539335154,"01598M07:20:52.793","01598 06:33:41",212.37,896.78,,,,"     ",5.10,49.24,7.49
1598,539335155,"01598M07:20:53.766","01598 06:33:42",212.37,896.76,,,,"     ",5.10,49.24,7.49
1598,539335156,"01598M07:20:54.740","01598 06:33:43",212.36,896.76,,,,"     ",5.10,49.28,7.49
1598,539335157,"01598M07:20:55.713","01598 06:33:44",212.35,896.75,,,,"     ",5.10,49.09,7.46
1598,539335158,"01598M07:20:56.686","01598 06:33:45",212.34,896.70,,,,"     ",5.10,49.31,7.49
1598,539335159,"01598M07:20:57.659","01598 06:33:46",212.33,896.65,,,,"     ",5.10,49.08,7.45
1598,539335160,"01598M07:20:58.633","01598 06:33:47",212.31,896.73,,,,"     ",5.10,48.91,7.42
1598,539335161,"01598M07:20:59.606","01598 06:33:48",212.30,896.72,,,,"     ",5.10,49.01,7.43
1598,539335162,"01598M07:21:00.579","01598 06:33:49",212.28,896.67,,,,"     ",5.10,49.06,7.43
1598,539335163,"01598M07:21:01.552","01598 06:33:50",212.26,896.63,,,,"     ",5.10,48.99,7.42
1598,539335164,"01598M07:21:02.526","01598 06:33:51",212.24,896.71,,,,"     ",5.10,49.09,7.43
1598,539335165,"01598M07:21:03.499","01598 06:33:52",212.22,896.66,,,,"     ",5.10,48.81,7.39
1598,539335166,"01598M07:21:04.472","01598 06:33:53",212.20,896.69,,,,"     ",5.10,49.09,7.43
1598,539335167,"01598M07:21:05.445","01598 06:33:54",212.18,896.81,,,,"     ",5.10,48.89,7.39
1598,539335168,"01598M07:21:06.419","01598 06:33:55",212.15,896.79,,,,"     ",5.10,48.79,7.38
1598,539335169,"01598M07:21:07.392","01598 06:33:55",212.12,896.76,,,,"     ",5.10,48.92,7.39
1598,539335170,"01598M07:21:08.365","01598 06:33:56",212.08,896.80,,,,"     ",5.10,49.01,7.40
1598,539335171,"01598M07:21:09.338","01598 06:33:57",212.03,896.88,,,,"     ",5.10,49.13,7.42
1598,539335172,"01598M07:21:10.312","01598 06:33:58",212.00,896.79,,,,"     ",5.10,48.82,7.37
1598,539335173,"01598M07:21:11.285","01598 06:33:59",211.97,896.88,,,,"     ",5.10,48.94,7.39
1598,539335174,"01598M07:21:12.258","01598 06:34:00",211.94,896.76,,,,"     ",5.10,49.02,7.40
1598,539335175,"01598M07:21:13.231","01598 06:34:01",211.91,896.71,,,,"     ",5.10,48.74,7.35
1598,539335176,"01598M07:21:14.205","01598 06:34:02",211.88,896.77,,,,"     ",5.10,48.89,7.37
1598,539335177,"01598M07:21:15.178","01598 06:34:03",211.86,896.70,,,,"     ",5.10,49.01,7.39
1598,539335178,"01598M07:21:16.151","01598 06:34:04",211.84,896.73,,,,"     ",5.10,48.64,7.33
1598,539335179,"01598M07:21:17.125","01598 06:34:05",211.81,896.73,,,,"     ",5.10,48.70,7.34
1598,539335180,"01598M07:21:18.098","01598 06:34:06",211.79,896.79,,,,"     ",5.10,48.92,7.37
1598,539335181,"01598M07:21:19.071","01598 06:34:07",211.76,896.79,,,,"     ",5.10,48.84,7.35
1598,539335182,"01598M07:21:20.044","01598 06:34:08",211.73,896.82,,,,"     ",5.10,48.88,7.36
1598,539335183,"01598M07:21:21.018","01598 06:34:09",211.69,896.81,,,,"     ",5.10,48.72,7.33
1598,539335184,"01598M07:21:21.991","01598 06:34:10",211.65,896.81,,,,"     ",5.10,48.93,7.36
1598,539335185,"01598M07:21:22.964","01598 06:34:11",211.61,896.82,,,,"     ",5.10,48.70,7.33
1598,539335186,"01598M07:21:23.937","01598 06:34:12",211.56,896.64,,,,"     ",5.10,48.89,7.35
1598,539335187,"01598M07:21:24.911","01598 06:34:13",211.52,896.73,,,,"     ",5.10,48.94,7.36
1598,539335188,"01598M07:21:25.884","01598 06:34:14",211.47,896.85,,,,"     ",5.10,48.81,7.34
1598,539335189,"01598M07:21:26.857","01598 06:34:15",211.42,896.81,,,,"     ",5.10,48.80,7.34
1598,539335190,"01598M07:21:27.830","01598 06:34:16",211.36,896.80,,,,"     ",5.10,48.80,7.34
1598,539335191,"01598M07:21:28.804","01598 06:34:17",211.30,896.77,,,,"     ",5.10,48.93,7.36
1598,539335192,"01598M07:21:29.777","01598 06:34:18",211.25,896.85,,,,"     ",5.10,49.05,7.37
1598,539335193,"01598M07:21:30.750","01598 06:34:19",211.20,896.88,,,,"     ",5.10,49.09,7.38
1598,539335194,"01598M07:21:31.723","01598 06:34:20",211.16,896.85,,,,"     ",5.10,49.15,7.39
1598,539335195,"01598M07:21:32.697","01598 06:34:21",211.14,896.91,,,,"     ",5.10,48.96,7.36
1598,539335196,"01598M07:21:33.670","01598 06:34:22",211.11,896.94,,,,"     ",5.10,48.82,7.34
1598,539335197,"01598M07:21:34.643","01598 06:34:23",211.09,896.81,,,,"     ",5.10,48.93,7.35
1598,539335198,"01598M07:21:35.616","01598 06:34:24",211.07,896.86,,,,"     ",5.10,49.05,7.37
1598,539335199,"01598M07:21:36.590","01598 06:34:25",211.04,896.88,,,,"     ",5.10,49.20,7.39
1598,539335200,"01598M07:21:37.563","01598 06:34:26",211.02,896.87,,,,"     ",5.10,49.09,7.38
1598,539335201,"01598M07:21:38.536","01598 06:34:27",210.99,896.90,,,,"     ",5.10,49.12,7.38
1598,539335202,"01598M07:21:39.509","01598 06:34:28",210.96,896.88,,,,"     ",5.10,49.00,7.36
1598,539335203,"01598M07:21:40.483","01598 06:34:29",210.93,896.85,,,,"     ",5.10,48.99,7.36
1598,539335204,"01598M07:21:41.456","01598 06:34:30",210.90,896.79,,,,"     ",5.10,48.94,7.35
1598,539335205,"01598M07:21:42.429","01598 06:34:31",210.86,896.85,,,,"     ",5.10,49.08,7.37
1598,539335206,"01598M07:21:43.402","01598 06:34:32",210.83,896.87,,,,"     ",5.10,48.82,7.33
1598,539335207,"01598M07:21:44.376","01598 06:34:32",210.81,896.77,,,,"     ",5.10,49.21,7.39
1598,539335208,"01598M07:21:45.349","01598 06:34:33",210.78,896.82,,,,"     ",5.10,49.19,7.39
1598,539335209,"01598M07:21:46.322","01598 06:34:34",210.76,896.84,,,,"     ",5.10,49.05,7.37
1598,539335210,"01598M07:21:47.295","01598 06:34:35",210.74,896.89,,,,"     ",5.10,48.88,7.34
1598,539335211,"01598M07:21:48.269","01598 06:34:36",210.72,896.84,,,,"     ",5.10,48.96,7.35
1598,539335212,"01598M07:21:49.242","01598 06:34:37",210.69,896.86,,,,"     ",5.10,48.92,7.35
1598,539335213,"01598M07:21:50.215","01598 06:34:38",210.67,896.95,,,,"     ",5.10,48.90,7.34
1598,539335214,"01598M07:21:51.188","01598 06:34:39",210.65,896.94,,,,"     ",5.10,48.97,7.35
1598,539335215,"01598M07:21:52.162","01598 06:34:40",210.63,896.95,,,,"     ",5.10,48.79,7.32
1598,539335216,"01598M07:21:53.135","01598 06:34:41",210.61,896.88,,,,"     ",5.10,48.88,7.34
1598,539335217,"01598M07:21:54.108","01598 06:34:42",210.60,896.94,,,,"     ",5.10,48.94,7.35
1598,539335218,"01598M07:21:55.081","01598 06:34:43",210.60,896.93,,,,"     ",5.10,48.88,7.34
1598,539335219,"01598M07:21:56.055","01598 06:34:44",210.60,896.87,,,,"     ",5.10,49.05,7.36
1598,539335220,"01598M07:21:57.028","01598 06:34:45",210.61,896.92,,,,"     ",5.10,48.57,7.29
1598,539335221,"01598M07:21:58.001","01598 06:34:46",210.62,896.88,,,,"     ",5.10,48.69,7.31
1598,539335222,"01598M07:21:58.974","01598 06:34:47",210.63,896.80,,,,"     ",5.10,48.73,7.31
1598,539335223,"01598M07:21:59.948","01598 06:34:48",210.64,896.83,,,,"     ",5.10,48.80,7.32
1598,539335224,"01598M07:22:00.921","01598 06:34:49",210.65,896.91,,,,"     ",5.10,48.74,7.32
1598,539335225,"01598M07:22:01.894","01598 06:34:50",210.64,896.88,,,,"     ",5.10,48.60,7.29
1598,539335226,"01598M07:22:02.867","01598 06:34:51",210.63,896.87,,,,"     ",5.10,48.89,7.34
1598,539335227,"01598M07:22:03.841","01598 06:34:52",210.61,896.83,,,,"     ",5.10,48.92,7.35
1598,539335228,"01598M07:22:04.814","01598 06:34:53",210.58,896.88,,,,"     ",5.10,48.86,7.33
1598,539335229,"01598M07:22:05.787","01598 06:34:54",210.56,896.96,,,,"     ",5.10,48.77,7.32
1598,539335230,"01598M07:22:06.760","01598 06:34:55",210.53,896.94,,,,"     ",5.10,48.84,7.33
1598,539335231,"01598M07:22:07.734","01598 06:34:56",210.49,896.93,,,,"     ",5.10,48.62,7.30
1598,539335232,"01598M07:22:08.707","01598 06:34:57",210.46,896.88,,,,"     ",5.10,48.54,7.28
1598,539335233,"01598M07:22:09.680","01598 06:34:58",210.42,896.89,,,,"     ",5.10,48.65,7.31
1598,539335234,"01598M07:22:10.653","01598 06:34:59",210.37,896.89,,,,"     ",5.10,48.59,7.29
1598,539335235,"01598M07:22:11.627","01598 06:35:00",210.32,896.95,,,,"     ",5.10,48.39,7.26
1598,539335236,"01598M07:22:12.600","01598 06:35:01",210.26,896.95,,,,"     ",5.10,48.52,7.29
1598,539335237,"01598M07:22:13.573","01598 06:35:02",210.20,897.05,,,,"     ",5.10,48.43,7.27
1598,539335238,"01598M07:22:14.546","01598 06:35:03",210.13,896.93,,,,"     ",5.10,48.37,7.26
1598,539335239,"01598M07:22:15.520","01598 06:35:04",210.06,896.92,,,,"     ",5.10,48.73,7.31
1598,539335240,"01598M07:22:16.493","01598 06:35:05",209.99,896.82,,,,"     ",5.10,48.54,7.29
1598,539335241,"01598M07:22:17.466","01598 06:35:06",209.92,896.97,,,,"     ",5.10,48.44,7.27
1598,539335242,"01598M07:22:18.439","01598 06:35:07",209.86,896.91,,,,"     ",5.10,48.52,7.29
1598,539335243,"01598M07:22:19.413","01598 06:35:08",209.80,896.92,,,,"     ",5.10,48.41,7.27
1598,539335244,"01598M07:22:20.386","01598 06:35:08",209.75,896.89,,,,"     ",5.10,48.42,7.27
1598,539335245,"01598M07:22:21.359","01598 06:35:09",209.69,896.80,,,,"     ",5.10,48.36,7.26
1598,539335246,"01598M07:22:22.332","01598 06:35:10",209.63,896.74,,,,"     ",5.10,47.67,7.15
1598,539335247,"01598M07:22:23.306","01598 06:35:11",209.57,896.96,,,,"     ",5.10,48.34,7.26
1598,539335248,"01598M07:22:24.279","01598 06:35:12",209.51,896.86,,,,"     ",5.10,48.29,7.25
1598,539335249,"01598M07:22:25.252","01598 06:35:13",209.45,896.94,,,,"     ",5.10,48.47,7.28
1598,539335250,"01598M07:22:26.226","01598 06:35:14",209.40,897.01,,,,"     ",5.10,48.38,7.27
1598,539335251,"01598M07:22:27.199","01598 06:35:15",209.35,896.80,,,,"     ",5.10,48.43,7.27
1598,539335252,"01598M07:22:28.172","01598 06:35:16",209.30,896.85,,,,"     ",5.10,48.16,7.23
1598,539335253,"01598M07:22:29.145","01598 06:35:17",209.27,896.89,,,,"     ",5.10,48.47,7.28
1598,539335254,"01598M07:22:30.119","01598 06:35:18",209.23,896.86,,,,"     ",5.10,48.31,7.26
1598,539335255,"01598M07:22:31.092","01598 06:35:19",209.42,896.87,,,,"     ",5.10,48.18,7.24
1598,539335256,"01598M07:22:32.065","01598 06:35:20",209.38,896.97,,,,"     ",5.10,48.38,7.27
1598,539335257,"01598M07:22:33.038","01598 06:35:21",209.35,896.90,,,,"     ",5.10,48.19,7.24
1598,539335258,"01598M07:22:34.012","01598 06:35:22",209.32,897.00,,,,"     ",5.10,48.28,7.26
1598,539335259,"01598M07:22:34.985","01598 06:35:23",209.29,896.97,,,,"     ",5.10,48.23,7.25
1598,539335260,"01598M07:22:35.958","01598 06:35:24",209.26,896.93,,,,"     ",5.10,48.36,7.27
1598,539335261,"01598M07:22:36.931","01598 06:35:25",209.23,897.01,,,,"     ",5.10,48.18,7.24
1598,539335262,"01598M07:22:37.905","01598 06:35:26",209.21,897.02,,,,"     ",5.10,48.25,7.25
1598,539335263,"01598M07:22:38.878","01598 06:35:27",209.18,896.97,,,,"     ",5.10,48.23,7.25
1598,539335264,"01598M07:22:39.851","01598 06:35:28",209.16,897.01,,,,"     ",5.10,48.12,7.23
1598,539335265,"01598M07:22:40.824","01598 06:35:29",209.14,896.93,,,,"     ",5.10,48.34,7.27
1598,539335266,"01598M07:22:41.798","01598 06:35:30",209.12,897.00,,,,"     ",5.10,48.18,7.24
1598,539335267,"01598M07:22:42.771","01598 06:35:31",209.10,897.01,,,,"     ",5.10,48.01,7.22
1598,539335268,"01598M07:22:43.744","01598 06:35:32",209.08,897.02,,,,"     ",5.10,48.31,7.26
1598,539335269,"01598M07:22:44.717","01598 06:35:33",209.06,897.03,,,,"     ",5.10,48.11,7.23
1598,539335270,"01598M07:22:45.691","01598 06:35:34",209.03,897.10,,,,"     ",5.10,48.25,7.25
1598,539335271,"01598M07:22:46.664","01598 06:35:35",209.00,897.08,,,,"     ",5.10,48.13,7.24
1598,539335272,"01598M07:22:47.637","01598 06:35:36",208.96,896.93,,,,"     ",5.10,48.03,7.22
1598,539335273,"01598M07:22:48.610","01598 06:35:37",208.91,897.00,,,,"     ",5.10,48.09,7.23
1598,539335274,"01598M07:22:49.584","01598 06:35:38",208.86,897.02,,,,"     ",5.10,48.07,7.23
1598,539335275,"01598M07:22:50.557","01598 06:35:39",208.80,896.93,,,,"     ",5.10,48.15,7.24
1598,539335276,"01598M07:22:51.530","01598 06:35:40",208.75,896.97,,,,"     ",5.10,48.10,7.23
1598,539335277,"01598M07:22:52.503","01598 06:35:41",208.70,897.01,,,,"     ",5.10,48.21,7.25
1598,539335278,"01598M07:22:53.477","01598 06:35:42",208.66,897.00,,,,"     ",5.10,47.93,7.21
1598,539335279,"01598M07:22:54.450","01598 06:35:43",208.62,896.97,,,,"     ",5.10,48.34,7.27
1598,539335280,"01598M07:22:55.423","01598 06:35:44",208.58,897.02,,,,"     ",5.10,48.14,7.24
1598,539335281,"01598M07:22:56.396","01598 06:35:44",208.55,897.08,,,,"     ",5.10,48.03,7.22
1598,539335282,"01598M07:22:57.370","01598 06:35:45",208.53,896.95,,,,"     ",5.10,47.99,7.22
1598,539335283,"01598M07:22:58.343","01598 06:35:46",208.50,896.95,,,,"     ",5.10,47.96,7.21
1598,539335284,"01598M07:22:59.316","01598 06:35:47",208.49,896.98,,,,"     ",5.10,48.21,7.25
1598,539335285,"01598M07:23:00.289","01598 06:35:48",208.47,896.95,,,,"     ",5.10,48.12,7.24
1598,539335286,"01598M07:23:01.263","01598 06:35:49",208.46,896.93,,,,"     ",5.10,47.90,7.20
1598,539335287,"01598M07:23:02.236","01598 06:35:50",208.45,896.94,,,,"     ",5.10,48.18,7.25
1598,539335288,"01598M07:23:03.209","01598 06:35:51",208.44,897.00,,,,"     ",5.10,48.08,7.23
1598,539335289,"01598M07:23:04.182","01598 06:35:52",208.44,896.90,,,,"     ",5.10,48.03,7.22
1598,539335290,"01598M07:23:05.156","01598 06:35:53",208.44,896.97,,,,"     ",5.10,48.33,7.27
1598,539335291,"01598M07:23:06.129","01598 06:35:54",208.35,896.89,,,,"     ",5.10,48.04,7.22
1598,539335292,"01598M07:23:07.102","01598 06:35:55",208.36,896.94,,,,"     ",5.10,48.17,7.24
1598,539335293,"01598M07:23:08.075","01598 06:35:56",208.37,896.96,,,,"     ",5.10,48.27,7.26
1598,539335294,"01598M07:23:09.049","01598 06:35:57",208.38,896.98,,,,"     ",5.10,48.19,7.25
1598,539335295,"01598M07:23:10.022","01598 06:35:58",208.38,896.99,,,,"     ",5.10,48.20,7.25
1598,539335296,"01598M07:23:10.995","01598 06:35:59",208.37,896.99,,,,"     ",5.10,48.27,7.26
1598,539335297,"01598M07:23:11.968","01598 06:36:00",208.36,896.98,,,,"     ",5.10,48.19,7.25
1598,539335298,"01598M07:23:12.942","01598 06:36:01",208.35,897.01,,,,"     ",5.10,48.32,7.27
1598,539335299,"01598M07:23:13.915","01598 06:36:02",208.33,897.01,,,,"     ",5.10,48.51,7.30
1598,539335300,"01598M07:23:14.888","01598 06:36:03",208.30,896.88,,,,"     ",5.10,48.34,7.27
1598,539335301,"01598M07:23:15.861","01598 06:36:04",208.27,896.96,,,,"     ",5.10,48.34,7.27
1598,539335302,"01598M07:23:16.835","01598 06:36:05",208.24,896.99,,,,"     ",5.10,48.37,7.27
1598,539335303,"01598M07:23:17.808","01598 06:36:06",208.21,896.90,,,,"     ",5.10,48.60,7.31
1598,539335304,"01598M07:23:18.781","01598 06:36:07",208.18,896.92,,,,"     ",5.10,48.65,7.32
1598,539335305,"01598M07:23:19.754","01598 06:36:08",208.16,896.94,,,,"     ",5.10,48.57,7.30
1598,539335306,"01598M07:23:20.728","01598 06:36:09",208.14,896.87,,,,"     ",5.10,48.50,7.29
1598,539335307,"01598M07:23:21.701","01598 06:36:10",208.12,896.95,,,,"     ",5.10,48.33,7.27
1598,539335308,"01598M07:23:22.674","01598 06:36:11",208.11,897.08,,,,"     ",5.10,48.60,7.31
1598,539335309,"01598M07:23:23.647","01598 06:36:12",208.09,897.02,,,,"     ",5.10,48.78,7.33
1598,539335310,"01598M07:23:24.621","01598 06:36:13",208.07,896.98,,,,"     ",5.10,48.72,7.33
1598,539335311,"01598M07:23:25.594","01598 06:36:14",208.05,896.96,,,,"     ",5.10,48.83,7.34
1598,539335312,"01598M07:23:26.567","01598 06:36:15",208.03,896.96,,,,"     ",5.10,48.78,7.33
1598,539335313,"01598M07:23:27.540","01598 06:36:16",208.01,896.99,,,,"     ",5.10,48.69,7.32
1598,539335314,"01598M07:23:28.514","01598 06:36:17",208.00,896.98,,,,"     ",5.10,49.02,7.37
1598,539335315,"01598M07:23:29.487","01598 06:36:18",207.99,897.02,,,,"     ",5.10,48.74,7.33
1598,539335316,"01598M07:23:30.460","01598 06:36:19",207.99,896.98,,,,"     ",5.10,48.96,7.36
1598,539335317,"01598M07:23:31.433","01598 06:36:20",207.98,897.01,,,,"     ",5.10,49.02,7.37
1598,539335318,"01598M07:23:32.407","01598 06:36:20",207.98,896.93,,,,"     ",5.10,48.75,7.33
1598,539335319,"01598M07:23:33.380","01598 06:36:21",207.98,897.02,,,,"     ",5.10,49.17,7.39
1598,539335320,"01598M07:23:34.353","01598 06:36:22",207.97,896.91,,,,"     ",5.10,49.18,7.39
1598,539335321,"01598M07:23:35.326","01598 06:36:23",207.95,896.98,,,,"     ",5.10,49.30,7.41
1598,539335322,"01598M07:23:36.300","01598 06:36:24",207.93,897.05,,,,"     ",5.10,49.28,7.41
1598,539335323,"01598M07:23:37.273","01598 06:36:25",207.91,897.04,,,,"     ",5.10,49.36,7.42
1598,539335324,"01598M07:23:38.246","01598 06:36:26",207.89,897.04,,,,"     ",5.10,49.54,7.45
1598,539335325,"01598M07:23:39.220","01598 06:36:27",207.87,897.11,,,,"     ",5.10,49.60,7.46
1598,539335326,"01598M07:23:40.193","01598 06:36:28",207.85,897.07,,,,"     ",5.10,49.77,7.48
1598,539335327,"01598M07:23:41.166","01598 06:36:29",207.84,897.01,,,,"     ",5.10,49.31,7.41
1598,539335328,"01598M07:23:42.139","01598 06:36:30",207.83,897.01,,,,"     ",5.10,49.71,7.47
1598,539335329,"01598M07:23:43.113","01598 06:36:31",207.83,897.03,,,,"     ",5.10,49.68,7.46
1598,539335330,"01598M07:23:44.086","01598 06:36:32",207.82,897.01,,,,"     ",5.10,49.57,7.45
1598,539335331,"01598M07:23:45.059","01598 06:36:33",207.82,897.10,,,,"     ",5.10,49.58,7.45
1598,539335332,"01598M07:23:46.032","01598 06:36:34",207.81,897.10,,,,"     ",5.10,49.78,7.48
1598,539335333,"01598M07:23:47.006","01598 06:36:35",207.80,897.06,,,,"     ",5.10,49.78,7.48
1598,539335334,"01598M07:23:47.979","01598 06:36:36",207.79,896.98,,,,"     ",5.10,49.80,7.48
1598,539335335,"01598M07:23:48.952","01598 06:36:37",207.76,897.00,,,,"     ",5.10,49.87,7.49
1598,539335336,"01598M07:23:49.925","01598 06:36:38",207.73,897.01,,,,"     ",5.10,49.84,7.49
1598,539335337,"01598M07:23:50.899","01598 06:36:39",207.69,897.06,,,,"     ",5.10,50.00,7.51
1598,539335338,"01598M07:23:51.872","01598 06:36:40",207.65,897.05,,,,"     ",5.10,50.08,7.52
1598,539335339,"01598M07:23:52.845","01598 06:36:41",207.61,897.04,,,,"     ",5.10,50.23,7.54
1598,539335340,"01598M07:23:53.818","01598 06:36:42",207.57,897.02,,,,"     ",5.10,49.95,7.50
1598,539335341,"01598M07:23:54.792","01598 06:36:43",207.55,897.07,,,,"     ",5.10,50.23,7.54
1598,539335342,"01598M07:23:55.765","01598 06:36:44",207.53,897.03,,,,"     ",5.10,50.39,7.57
1598,539335343,"01598M07:23:56.738","01598 06:36:45",207.52,897.06,,,,"     ",5.10,49.94,7.50
1598,539335344,"01598M07:23:57.711","01598 06:36:46",207.51,897.03,,,,"     ",5.10,50.26,7.54
1598,539335345,"01598M07:23:58.685","01598 06:36:47",207.51,897.09,,,,"     ",5.10,50.38,7.57
1598,539335346,"01598M07:23:59.658","01598 06:36:48",207.51,897.04,,,,"     ",5.10,50.66,7.61
1598,539335347,"01598M07:24:00.631","01598 06:36:49",207.52,897.07,,,,"     ",5.10,50.44,7.57
1598,539335348,"01598M07:24:01.604","01598 06:36:50",207.53,897.11,,,,"     ",5.10,50.50,7.58
1598,539335349,"01598M07:24:02.578","01598 06:36:51",207.54,897.00,,,,"     ",5.10,50.66,7.61
1598,539335350,"01598M07:24:03.551","01598 06:36:52",207.57,897.03,,,,"     ",5.10,50.77,7.62
1598,539335351,"01598M07:24:04.524","01598 06:36:53",207.60,897.10,,,,"     ",5.10,50.58,7.59
1598,539335352,"01598M07:24:05.497","01598 06:36:54",207.64,897.05,,,,"     ",5.10,50.70,7.61
1598,539335353,"01598M07:24:06.471","01598 06:36:55",207.68,897.08,,,,"     ",5.10,50.99,7.65
1598,539335354,"01598M07:24:07.444","01598 06:36:56",207.71,897.07,,,,"     ",5.10,50.94,7.65
1598,539335355,"01598M07:24:08.417","01598 06:36:56",207.75,897.01,,,,"     ",5.10,50.87,7.63
1598,539335356,"01598M07:24:09.390","01598 06:36:57",207.79,896.98,,,,"     ",5.10,50.96,7.65
1598,539335357,"01598M07:24:10.364","01598 06:36:58",207.82,897.01,,,,"     ",5.10,50.81,7.62
1598,539335358,"01598M07:24:11.337","01598 06:36:59",207.83,896.98,,,,"     ",5.10,50.83,7.62
1598,539335359,"01598M07:24:12.310","01598 06:37:00",207.85,897.04,,,,"     ",5.10,51.10,7.67
1598,539335360,"01598M07:24:13.283","01598 06:37:01",207.85,896.95,,,,"     ",5.10,50.70,7.61
1598,539335361,"01598M07:24:14.257","01598 06:37:02",207.84,897.00,,,,"     ",5.10,51.05,7.66
1598,539335362,"01598M07:24:15.230","01598 06:37:03",207.82,897.04,,,,"     ",5.10,51.02,7.65
1598,539335363,"01598M07:24:16.203","01598 06:37:04",207.78,897.05,,,,"     ",5.10,51.12,7.67
1598,539335364,"01598M07:24:17.176","01598 06:37:05",207.74,897.07,,,,"     ",5.10,51.25,7.69
1598,539335365,"01598M07:24:18.150","01598 06:37:06",207.70,897.04,,,,"     ",5.10,51.26,7.69
1598,539335366,"01598M07:24:19.123","01598 06:37:07",207.66,897.05,,,,"     ",5.10,51.40,7.71
1598,539335367,"01598M07:24:20.096","01598 06:37:08",207.61,897.12,,,,"     ",5.10,51.54,7.73
1598,539335368,"01598M07:24:21.069","01598 06:37:09",207.58,897.09,,,,"     ",5.10,51.35,7.70
1598,539335369,"01598M07:24:22.043","01598 06:37:10",207.54,896.99,,,,"     ",5.10,51.19,7.68
1598,539335370,"01598M07:24:23.016","01598 06:37:11",207.52,897.08,,,,"     ",5.10,51.49,7.72
1598,539335371,"01598M07:24:23.989","01598 06:37:12",207.51,897.09,,,,"     ",5.10,51.16,7.67
1598,539335372,"01598M07:24:24.962","01598 06:37:13",207.50,897.00,,,,"     ",5.10,51.41,7.71
1598,539335373,"01598M07:24:25.936","01598 06:37:14",207.50,897.03,,,,"     ",5.10,51.45,7.71
1598,539335374,"01598M07:24:26.909","01598 06:37:15",207.50,897.03,,,,"     ",5.10,51.56,7.73
1598,539335375,"01598M07:24:27.882","01598 06:37:16",207.51,897.03,,,,"     ",5.10,51.68,7.75
1598,539335376,"01598M07:24:28.855","01598 06:37:17",207.53,897.03,,,,"     ",5.10,51.48,7.72
1598,539335377,"01598M07:24:29.829","01598 06:37:18",207.54,897.07,,,,"     ",5.10,51.42,7.71
1598,539335378,"01598M07:24:30.802","01598 06:37:19",207.57,897.08,,,,"     ",5.10,51.65,7.74
1598,539335379,"01598M07:24:31.775","01598 06:37:20",207.59,896.99,,,,"     ",5.10,51.44,7.71
1598,539335380,"01598M07:24:32.748","01598 06:37:21",207.62,897.03,,,,"     ",5.10,51.52,7.72
1598,539335381,"01598M07:24:33.722","01598 06:37:22",207.64,897.10,,,,"     ",5.10,51.70,7.75
1598,539335382,"01598M07:24:34.695","01598 06:37:23",207.66,897.02,,,,"     ",5.10,51.65,7.74
1598,539335383,"01598M07:24:35.668","01598 06:37:24",207.66,897.08,,,,"     ",5.10,51.61,7.73
1598,539335384,"01598M07:24:36.641","01598 06:37:25",207.66,897.02,,,,"     ",5.10,51.44,7.70
1598,539335385,"01598M07:24:37.615","01598 06:37:26",207.64,897.06,,,,"     ",5.10,51.82,7.77
1598,539335386,"01598M07:24:38.588","01598 06:37:27",207.62,897.00,,,,"     ",5.10,51.78,7.76
1598,539335387,"01598M07:24:39.561","01598 06:37:28",207.59,896.98,,,,"     ",5.10,51.81,7.76
1598,539335388,"01598M07:24:40.534","01598 06:37:29",207.55,896.95,,,,"     ",5.10,51.90,7.78
1598,539335389,"01598M07:24:41.508","01598 06:37:30",207.51,897.00,,,,"     ",5.10,51.95,7.78
1598,539335390,"01598M07:24:42.481","01598 06:37:31",207.46,897.02,,,,"     ",5.10,51.76,7.75
1598,539335391,"01598M07:24:43.454","01598 06:37:32",207.41,897.04,,,,"     ",5.10,51.75,7.75
1598,539335392,"01598M07:24:44.427","01598 06:37:32",207.37,897.03,,,,"     ",5.10,51.92,7.78
1598,539335393,"01598M07:24:45.401","01598 06:37:33",207.32,897.07,,,,"     ",5.10,51.87,7.77
1598,539335394,"01598M07:24:46.374","01598 06:37:34",207.29,897.12,,,,"     ",5.10,51.70,7.74
1598,539335395,"01598M07:24:47.347","01598 06:37:35",207.26,897.02,,,,"     ",5.10,51.96,7.78
1598,539335396,"01598M07:24:48.321","01598 06:37:36",207.24,897.01,,,,"     ",5.10,51.78,7.76
1598,539335397,"01598M07:24:49.294","01598 06:37:37",207.24,897.06,,,,"     ",5.10,51.81,7.76
1598,539335398,"01598M07:24:50.267","01598 06:37:38",207.26,897.02,,,,"     ",5.10,51.94,7.78
1598,539335399,"01598M07:24:51.240","01598 06:37:39",207.29,896.99,,,,"     ",5.10,51.91,7.77
1598,539335400,"01598M07:24:52.214","01598 06:37:40",207.33,897.04,,,,"     ",5.10,51.94,7.78
1598,539335401,"01598M07:24:53.187","01598 06:37:41",207.38,897.04,,,,"     ",5.10,51.89,7.77
1598,539335402,"01598M07:24:54.160","01598 06:37:42",207.44,897.10,,,,"     ",5.10,51.83,7.76
1598,539335403,"01598M07:24:55.133","01598 06:37:43",207.50,897.06,,,,"     ",5.10,52.06,7.79
1598,539335404,"01598M07:24:56.107","01598 06:37:44",207.56,897.03,,,,"     ",5.10,52.16,7.81
1598,539335405,"01598M07:24:57.080","01598 06:37:45",207.62,897.11,,,,"     ",5.10,52.06,7.80
1598,539335406,"01598M07:24:58.053","01598 06:37:46",207.67,897.10,,,,"     ",5.10,51.96,7.78
1598,539335407,"01598M07:24:59.026","01598 06:37:47",207.71,897.11,,,,"     ",5.10,52.19,7.81
1598,539335408,"01598M07:25:00.000","01598 06:37:48",207.74,897.13,,,,"     ",5.10,52.00,7.79
1598,539335409,"01598M07:25:00.973","01598 06:37:49",207.76,897.09,,,,"     ",5.10,51.97,7.78
1598,539335410,"01598M07:25:01.946","01598 06:37:50",207.76,897.15,,,,"     ",5.10,52.08,7.80
1598,539335411,"01598M07:25:02.919","01598 06:37:51",207.76,897.01,,,,"     ",5.10,52.14,7.81
1598,539335412,"01598M07:25:03.893","01598 06:37:52",207.74,896.99,,,,"     ",5.10,52.04,7.79
1598,539335413,"01598M07:25:04.866","01598 06:37:53",207.72,897.08,,,,"     ",5.10,52.00,7.78
1598,539335414,"01598M07:25:05.839","01598 06:37:54",207.69,897.08,,,,"     ",5.10,52.18,7.81
1598,539335415,"01598M07:25:06.812","01598 06:37:55",207.66,897.09,,,,"     ",5.10,52.08,7.79
1598,539335416,"01598M07:25:07.786","01598 06:37:56",207.62,897.15,,,,"     ",5.10,52.21,7.82
1598,539335417,"01598M07:25:08.759","01598 06:37:57",207.58,897.15,,,,"     ",5.10,52.06,7.79
1598,539335418,"01598M07:25:09.732","01598 06:37:58",207.54,897.21,,,,"     ",5.10,51.97,7.78
1598,539335419,"01598M07:25:10.705","01598 06:37:59",207.50,897.18,,,,"     ",5.10,52.19,7.81
1598,539335420,"01598M07:25:11.679","01598 06:38:00",207.46,897.14,,,,"     ",5.10,52.24,7.82
1598,539335421,"01598M07:25:12.652","01598 06:38:01",207.42,897.17,,,,"     ",5.10,52.25,7.82
1598,539335422,"01598M07:25:13.625","01598 06:38:02",207.39,897.18,,,,"     ",5.10,52.38,7.84
1598,539335423,"01598M07:25:14.598","01598 06:38:03",207.37,897.11,,,,"     ",5.10,52.32,7.83
1598,539335424,"01598M07:25:15.572","01598 06:38:04",207.36,897.13,,,,"     ",5.10,52.24,7.82
1598,539335425,"01598M07:25:16.545","01598 06:38:05",207.35,897.08,,,,"     ",5.10,52.52,7.86
1598,539335426,"01598M07:25:17.518","01598 06:38:06",207.35,897.14,,,,"     ",5.10,52.37,7.83
1598,539335427,"01598M07:25:18.491","01598 06:38:07",207.35,897.15,,,,"     ",5.10,52.17,7.80
1598,539335428,"01598M07:25:19.465","01598 06:38:08",207.36,897.19,,,,"     ",5.10,52.24,7.82
1598,539335429,"01598M07:25:20.438","01598 06:38:08",207.36,897.13,,,,"     ",5.10,52.22,7.81
1598,539335430,"01598M07:25:21.411","01598 06:38:09",207.37,897.10,,,,"     ",5.10,52.23,7.81
1598,539335431,"01598M07:25:22.384","01598 06:38:10",207.37,897.18,,,,"     ",5.10,52.34,7.83
1598,539335432,"01598M07:25:23.358","01598 06:38:11",207.38,897.06,,,,"     ",5.10,52.42,7.84
1598,539335433,"01598M07:25:24.331","01598 06:38:12",207.38,897.08,,,,"     ",5.10,52.23,7.81
1598,539335434,"01598M07:25:25.304","01598 06:38:13",207.38,897.08,,,,"     ",5.10,52.43,7.84
1598,539335435,"01598M07:25:26.277","01598 06:38:14",207.39,897.07,,,,"     ",5.10,52.31,7.82
1598,539335436,"01598M07:25:27.251","01598 06:38:15",207.40,897.06,,,,"     ",5.10,52.24,7.81
1598,539335437,"01598M07:25:28.224","01598 06:38:16",207.41,897.14,,,,"     ",5.10,52.38,7.83
1598,539335438,"01598M07:25:29.197","01598 06:38:17",207.42,897.13,,,,"     ",5.10,52.35,7.83
1598,539335439,"01598M07:25:30.170","01598 06:38:18",207.42,897.16,,,,"     ",5.10,52.40,7.83
1598,539335440,"01598M07:25:31.144","01598 06:38:19",207.41,897.12,,,,"     ",5.10,52.19,7.80
1598,539335441,"01598M07:25:32.117","01598 06:38:20",207.40,897.21,,,,"     ",5.10,52.38,7.83
1598,539335442,"01598M07:25:33.090","01598 06:38:21",207.38,897.13,,,,"     ",5.10,52.48,7.84
1598,539335443,"01598M07:25:34.063","01598 06:38:22",207.36,897.15,,,,"     ",5.10,52.39,7.83
1598,539335444,"01598M07:25:35.037","01598 06:38:23",207.34,897.10,,,,"     ",5.10,52.50,7.85
1598,539335445,"01598M07:25:36.010","01598 06:38:24",207.31,897.10,,,,"     ",5.10,52.34,7.82
1598,539335446,"01598M07:25:36.983","01598 06:38:25",207.29,897.07,,,,"     ",5.10,52.20,7.79
1598,539335447,"01598M07:25:37.956","01598 06:38:26",207.26,897.19,,,,"     ",5.10,52.31,7.82
1598,539335448,"01598M07:25:38.930","01598 06:38:27",207.24,897.21,,,,"     ",5.10,52.34,7.82
1598,539335449,"01598M07:25:39.903","01598 06:38:28",207.21,897.13,,,,"     ",5.10,52.17,7.79
1598,539335450,"01598M07:25:40.876","01598 06:38:29",207.18,897.16,,,,"     ",5.10,52.11,7.78
1598,539335451,"01598M07:25:41.849","01598 06:38:30",207.15,897.14,,,,"     ",5.10,52.43,7.83
1598,539335452,"01598M07:25:42.823","01598 06:38:31",207.12,897.17,,,,"     ",5.10,52.28,7.81
1598,539335453,"01598M07:25:43.796","01598 06:38:32",207.09,897.21,,,,"     ",5.10,52.27,7.80
1598,539335454,"01598M07:25:44.769","01598 06:38:33",207.05,897.18,,,,"     ",5.10,52.29,7.81
1598,539335455,"01598M07:25:45.742","01598 06:38:34",207.02,897.19,,,,"     ",5.10,52.33,7.81
1598,539335456,"01598M07:25:46.716","01598 06:38:35",206.98,897.23,,,,"     ",5.10,52.45,7.83
1598,539335457,"01598M07:25:47.689","01598 06:38:36",206.94,897.20,,,,"     ",5.10,51.78,7.72
1598,539335458,"01598M07:25:48.662","01598 06:38:37",206.90,897.32,,,,"     ",5.10,52.24,7.80
1598,539335459,"01598M07:25:49.635","01598 06:38:38",206.87,897.28,,,,"     ",5.10,52.17,7.79
1598,539335460,"01598M07:25:50.609","01598 06:38:39",206.90,897.09,,,,"     ",5.10,52.46,7.83
1598,539335461,"01598M07:25:51.582","01598 06:38:40",206.92,897.26,,,,"     ",5.10,52.29,7.80
1598,539335462,"01598M07:25:52.555","01598 06:38:41",206.94,897.06,,,,"     ",5.10,52.28,7.80
1598,539335463,"01598M07:25:53.528","01598 06:38:42",206.96,897.12,,,,"     ",5.10,52.38,7.81
1598,539335464,"01598M07:25:54.502","01598 06:38:43",206.97,897.24,,,,"     ",5.10,52.31,7.81
1598,539335465,"01598M07:25:55.475","01598 06:38:44",206.97,897.26,,,,"     ",5.10,52.32,7.80
1598,539335466,"01598M07:25:56.448","01598 06:38:45",206.97,897.20,,,,"     ",5.10,52.37,7.82
1598,539335467,"01598M07:25:57.422","01598 06:38:45",206.96,897.27,,,,"     ",5.10,52.20,7.79
1598,539335468,"01598M07:25:58.395","01598 06:38:46",206.96,897.23,,,,"     ",5.10,52.24,7.79
1598,539335469,"01598M07:25:59.368","01598 06:38:47",206.94,897.27,,,,"     ",5.10,52.24,7.79
1598,539335470,"01598M07:26:00.341","01598 06:38:48",206.93,897.24,,,,"     ",5.10,52.28,7.80
1598,539335471,"01598M07:26:01.315","01598 06:38:49",206.91,897.21,,,,"     ",5.10,52.42,7.82
1598,539335472,"01598M07:26:02.288","01598 06:38:50",206.88,897.27,,,,"     ",5.10,51.89,7.74
1598,539335473,"01598M07:26:03.261","01598 06:38:51",206.83,897.26,,,,"     ",5.10,52.21,7.79
1598,539335474,"01598M07:26:04.234","01598 06:38:52",206.77,897.19,,,,"     ",5.10,52.17,7.78
1598,539335475,"01598M07:26:05.208","01598 06:38:53",206.72,897.14,,,,"     ",5.10,52.06,7.76
1598,539335476,"01598M07:26:06.181","01598 06:38:54",206.68,897.17,,,,"     ",5.10,52.24,7.79
1598,539335477,"01598M07:26:07.154","01598 06:38:55",206.67,897.16,,,,"     ",5.10,52.23,7.79
1598,539335478,"01598M07:26:08.127","01598 06:38:56",206.68,897.12,,,,"     ",5.10,52.19,7.78
1598,539335479,"01598M07:26:09.101","01598 06:38:57",206.70,897.22,,,,"     ",5.10,52.24,7.79
1598,539335480,"01598M07:26:10.074","01598 06:38:58",206.71,897.24,,,,"     ",5.10,52.34,7.80
1598,539335481,"01598M07:26:11.047","01598 06:38:59",206.72,897.21,,,,"     ",5.10,52.37,7.81
1598,539335482,"01598M07:26:12.020","01598 06:39:00",206.73,897.26,,,,"     ",5.10,52.34,7.80
1598,539335483,"01598M07:26:12.994","01598 06:39:01",206.74,897.27,,,,"     ",5.10,52.29,7.79
1598,539335484,"01598M07:26:13.967","01598 06:39:02",206.76,897.23,,,,"     ",5.10,52.37,7.81
1598,539335485,"01598M07:26:14.940","01598 06:39:03",206.76,897.17,,,,"     ",5.10,52.02,7.75
1598,539335486,"01598M07:26:15.913","01598 06:39:04",206.76,897.22,,,,"     ",5.10,52.34,7.80
1598,539335487,"01598M07:26:16.887","01598 06:39:05",206.75,897.17,,,,"     ",5.10,52.15,7.77
1598,539335488,"01598M07:26:17.860","01598 06:39:06",206.75,897.21,,,,"     ",5.10,51.90,7.73
1598,539335489,"01598M07:26:18.833","01598 06:39:07",206.76,897.17,,,,"     ",5.10,52.01,7.74
1598,539335490,"01598M07:26:19.806","01598 06:39:08",206.76,897.18,,,,"     ",5.10,52.33,7.79
1598,539335491,"01598M07:26:20.780","01598 06:39:09",206.76,897.25,,,,"     ",5.10,51.94,7.74
1598,539335492,"01598M07:26:21.753","01598 06:39:10",206.75,897.20,,,,"     ",5.10,52.14,7.76
1598,539335493,"01598M07:26:22.726","01598 06:39:11",206.74,897.18,,,,"     ",5.10,52.17,7.77
1598,539335494,"01598M07:26:23.699","01598 06:39:12",206.74,897.16,,,,"     ",5.10,52.00,7.74
1598,539335495,"01598M07:26:24.673","01598 06:39:13",206.75,897.13,,,,"     ",5.10,51.98,7.74
1598,539335496,"01598M07:26:25.646","01598 06:39:14",206.75,897.24,,,,"     ",5.10,52.02,7.74
1598,539335497,"01598M07:26:26.619","01598 06:39:15",206.76,897.21,,,,"     ",5.10,52.13,7.76
1598,539335498,"01598M07:26:27.592","01598 06:39:16",206.76,897.19,,,,"     ",5.10,52.06,7.75
1598,539335499,"01598M07:26:28.566","01598 06:39:17",206.74,897.28,,,,"     ",5.10,51.97,7.73
1598,539335500,"01598M07:26:29.539","01598 06:39:18",206.70,897.24,,,,"     ",5.10,51.91,7.72
1598,539335501,"01598M07:26:30.512","01598 06:39:19",206.65,897.24,,,,"     ",5.10,52.06,7.75
1598,539335502,"01598M07:26:31.485","01598 06:39:20",206.60,897.21,,,,"     ",5.10,51.99,7.73
1598,539335503,"01598M07:26:32.459","01598 06:39:21",206.56,897.20,,,,"     ",5.10,52.02,7.74
1598,539335504,"01598M07:26:33.432","01598 06:39:21",206.55,897.18,,,,"     ",5.10,51.82,7.71
1598,539335505,"01598M07:26:34.405","01598 06:39:22",206.56,897.14,,,,"     ",5.10,51.94,7.72
1598,539335506,"01598M07:26:35.378","01598 06:39:23",206.57,897.23,,,,"     ",5.10,51.83,7.71
1598,539335507,"01598M07:26:36.352","01598 06:39:24",206.60,897.26,,,,"     ",5.10,51.80,7.70
1598,539335508,"01598M07:26:37.325","01598 06:39:25",206.63,897.20,,,,"     ",5.10,51.78,7.70
1598,539335509,"01598M07:26:38.298","01598 06:39:26",206.65,897.24,,,,"     ",5.10,51.88,7.71
1598,539335510,"01598M07:26:39.271","01598 06:39:27",206.67,897.30,,,,"     ",5.10,51.71,7.69
1598,539335511,"01598M07:26:40.245","01598 06:39:28",206.69,897.29,,,,"     ",5.10,51.97,7.73
1598,539335512,"01598M07:26:41.218","01598 06:39:29",206.73,897.26,,,,"     ",5.10,51.94,7.72
1598,539335513,"01598M07:26:42.191","01598 06:39:30",206.77,897.27,,,,"     ",5.10,51.86,7.71
1598,539335514,"01598M07:26:43.164","01598 06:39:31",206.82,897.25,,,,"     ",5.10,51.70,7.68
1598,539335515,"01598M07:26:44.138","01598 06:39:32",206.87,897.18,,,,"     ",5.10,51.74,7.69
1598,539335516,"01598M07:26:45.111","01598 06:39:33",206.90,897.27,,,,"     ",5.10,51.79,7.70
1598,539335517,"01598M07:26:46.084","01598 06:39:34",206.91,897.24,,,,"     ",5.10,51.65,7.68
1598,539335518,"01598M07:26:47.057","01598 06:39:35",206.90,897.26,,,,"     ",5.10,51.92,7.72
1598,539335519,"01598M07:26:48.031","01598 06:39:36",206.86,897.19,,,,"     ",5.10,52.00,7.73
1598,539335520,"01598M07:26:49.004","01598 06:39:37",206.81,897.24,,,,"     ",5.10,51.97,7.72
1598,539335521,"01598M07:26:49.977","01598 06:39:38",206.75,897.22,,,,"     ",5.10,51.87,7.71
1598,539335522,"01598M07:26:50.950","01598 06:39:39",206.69,897.24,,,,"     ",5.10,51.72,7.68
1598,539335523,"01598M07:26:51.924","01598 06:39:40",206.64,897.26,,,,"     ",5.10,51.48,7.64
1598,539335524,"01598M07:26:52.897","01598 06:39:41",206.61,897.28,,,,"     ",5.10,51.76,7.69
1598,539335525,"01598M07:26:53.870","01598 06:39:42",206.57,897.25,,,,"     ",5.10,51.47,7.64
1598,539335526,"01598M07:26:54.843","01598 06:39:43",206.54,897.19,,,,"     ",5.10,51.53,7.65
1598,539335527,"01598M07:26:55.817","01598 06:39:44",206.53,897.30,,,,"     ",5.10,51.75,7.68
1598,539335528,"01598M07:26:56.790","01598 06:39:45",206.52,897.18,,,,"     ",5.10,51.55,7.65
1598,539335529,"01598M07:26:57.763","01598 06:39:46",206.53,897.20,,,,"     ",5.10,51.74,7.68
1598,539335530,"01598M07:26:58.736","01598 06:39:47",206.58,897.23,,,,"     ",5.10,51.59,7.66
1598,539335531,"01598M07:26:59.710","01598 06:39:48",206.65,897.27,,,,"     ",5.10,51.68,7.67
1598,539335532,"01598M07:27:00.683","01598 06:39:49",206.74,897.29,,,,"     ",5.10,51.66,7.67
1598,539335533,"01598M07:27:01.656","01598 06:39:50",206.85,897.28,,,,"     ",5.10,51.58,7.65
1598,539335534,"01598M07:27:02.629","01598 06:39:51",206.96,897.31,,,,"     ",5.10,51.88,7.70
1598,539335535,"01598M07:27:03.603","01598 06:39:52",207.08,897.35,,,,"     ",5.10,51.72,7.67
1598,539335536,"01598M07:27:04.576","01598 06:39:53",207.18,897.29,,,,"     ",5.10,51.69,7.67
1598,539335537,"01598M07:27:05.549","01598 06:39:54",207.27,897.28,,,,"     ",5.10,51.57,7.65
1598,539335538,"01598M07:27:06.523","01598 06:39:55",207.34,897.32,,,,"     ",5.10,51.70,7.67
1598,539335539,"01598M07:27:07.496","01598 06:39:56",207.40,897.28,,,,"     ",5.10,51.71,7.67
1598,539335540,"01598M07:27:08.469","01598 06:39:57",207.46,897.27,,,,"     ",5.10,51.71,7.67
1598,539335541,"01598M07:27:09.442","01598 06:39:57",207.52,897.32,,,,"     ",5.10,51.83,7.69
1598,539335542,"01598M07:27:10.416","01598 06:39:58",207.57,897.32,,,,"     ",5.10,51.86,7.69
1598,539335543,"01598M07:27:11.389","01598 06:39:59",207.60,897.35,,,,"     ",5.10,51.45,7.63
1598,539335544,"01598M07:27:12.362","01598 06:40:00",207.63,897.27,,,,"     ",5.10,51.85,7.68
1598,539335545,"01598M07:27:13.335","01598 06:40:01",207.64,897.29,,,,"     ",5.10,51.80,7.68
1598,539335546,"01598M07:27:14.309","01598 06:40:02",207.63,897.29,,,,"     ",5.10,51.77,7.67
1598,539335547,"01598M07:27:15.282","01598 06:40:03",207.62,897.35,,,,"     ",5.10,51.84,7.68
1598,539335548,"01598M07:27:16.255","01598 06:40:04",207.61,897.37,,,,"     ",5.10,51.72,7.66
1598,539335549,"01598M07:27:17.228","01598 06:40:05",207.60,897.35,,,,"     ",5.10,51.67,7.65
1598,539335550,"01598M07:27:18.202","01598 06:40:06",207.60,897.25,,,,"     ",5.10,51.79,7.67
1598,539335551,"01598M07:27:19.175","01598 06:40:07",207.62,897.20,,,,"     ",5.10,51.86,7.68
1598,539335552,"01598M07:27:20.148","01598 06:40:08",207.65,897.21,,,,"     ",5.10,51.59,7.63
1598,539335553,"01598M07:27:21.121","01598 06:40:09",207.68,897.24,,,,"     ",5.10,51.83,7.67
1598,539335554,"01598M07:27:22.095","01598 06:40:10",207.71,897.20,,,,"     ",5.10,51.66,7.64
1598,539335555,"01598M07:27:23.068","01598 06:40:11",207.72,897.28,,,,"     ",5.10,51.80,7.66
1598,539335556,"01598M07:27:24.041","01598 06:40:12",207.72,897.32,,,,"     ",5.10,51.82,7.67
1598,539335557,"01598M07:27:25.014","01598 06:40:13",207.71,897.25,,,,"     ",5.10,51.61,7.63
1598,539335558,"01598M07:27:25.988","01598 06:40:14",207.71,897.26,,,,"     ",5.10,51.62,7.63
1598,539335559,"01598M07:27:26.961","01598 06:40:15",207.72,897.26,,,,"     ",5.10,51.89,7.67
1598,539335560,"01598M07:27:27.934","01598 06:40:16",207.74,897.28,,,,"     ",5.10,51.71,7.65
1598,539335561,"01598M07:27:28.907","01598 06:40:17",207.77,897.37,,,,"     ",5.10,51.86,7.67
1598,539335562,"01598M07:27:29.881","01598 06:40:18",207.79,897.34,,,,"     ",5.10,51.69,7.64
1598,539335563,"01598M07:27:30.854","01598 06:40:19",207.81,897.30,,,,"     ",5.10,51.84,7.66
1598,539335564,"01598M07:27:31.827","01598 06:40:20",207.82,897.29,,,,"     ",5.10,51.87,7.66
1598,539335565,"01598M07:27:32.800","01598 06:40:21",207.84,897.29,,,,"     ",5.10,51.57,7.62
1598,539335566,"01598M07:27:33.774","01598 06:40:22",207.87,897.27,,,,"     ",5.10,51.62,7.62
1598,539335567,"01598M07:27:34.747","01598 06:40:23",207.93,897.28,,,,"     ",5.10,51.40,7.59
1598,539335568,"01598M07:27:35.720","01598 06:40:24",208.00,897.23,,,,"     ",5.10,51.65,7.63
1598,539335569,"01598M07:27:36.693","01598 06:40:25",208.10,897.26,,,,"     ",5.10,51.52,7.60
1598,539335570,"01598M07:27:37.667","01598 06:40:26",208.22,897.21,,,,"     ",5.10,51.70,7.63
1598,539335571,"01598M07:27:38.640","01598 06:40:27",208.36,897.23,,,,"     ",5.10,51.92,7.66
1598,539335572,"01598M07:27:39.613","01598 06:40:28",208.52,897.27,,,,"     ",5.10,51.84,7.65
1598,539335573,"01598M07:27:40.586","01598 06:40:29",208.69,897.22,,,,"     ",5.10,52.01,7.67
1598,539335574,"01598M07:27:41.560","01598 06:40:30",208.87,897.20,,,,"     ",5.10,51.82,7.64
1598,539335575,"01598M07:27:42.533","01598 06:40:31",209.05,897.15,,,,"     ",5.10,52.03,7.67
1598,539335576,"01598M07:27:43.506","01598 06:40:32",209.19,897.14,,,,"     ",5.10,51.80,7.63
1598,539335577,"01598M07:27:44.479","01598 06:40:33",209.36,897.12,,,,"     ",5.10,52.13,7.67
1598,539335578,"01598M07:27:45.453","01598 06:40:33",209.47,897.13,,,,"     ",5.10,52.06,7.66
1598,539335579,"01598M07:27:46.426","01598 06:40:34",209.54,897.17,,,,"     ",5.10,52.06,7.66
1598,539335580,"01598M07:27:47.399","01598 06:40:35",209.59,897.25,,,,"     ",5.10,52.33,7.69
1598,539335581,"01598M07:27:48.372","01598 06:40:36",209.63,897.21,,,,"     ",5.10,52.15,7.66
1598,539335582,"01598M07:27:49.346","01598 06:40:37",209.65,897.18,,,,"     ",5.10,52.31,7.68
1598,539335583,"01598M07:27:50.319","01598 06:40:38",209.68,897.19,,,,"     ",5.10,52.54,7.72
1598,539335584,"01598M07:27:51.292","01598 06:40:39",209.72,897.29,,,,"     ",5.10,52.34,7.68
1598,539335585,"01598M07:27:52.265","01598 06:40:40",209.77,897.23,,,,"     ",5.10,52.62,7.72
1598,539335586,"01598M07:27:53.239","01598 06:40:41",209.83,897.24,,,,"     ",5.10,52.71,7.73
1598,539335587,"01598M07:27:54.212","01598 06:40:42",209.90,897.23,,,,"     ",5.10,52.64,7.71
1598,539335588,"01598M07:27:55.185","01598 06:40:43",209.98,897.25,,,,"     ",5.10,52.71,7.72
1598,539335589,"01598M07:27:56.158","01598 06:40:44",210.09,897.23,,,,"     ",5.10,52.54,7.69
1598,539335590,"01598M07:27:57.132","01598 06:40:45",210.23,897.24,,,,"     ",5.10,53.06,7.76
1598,539335591,"01598M07:27:58.105","01598 06:40:46",210.38,897.13,,,,"     ",5.10,52.78,7.71
1598,539335592,"01598M07:27:59.078","01598 06:40:47",210.54,897.16,,,,"     ",5.10,52.76,7.70
1598,539335593,"01598M07:28:00.051","01598 06:40:48",210.68,897.16,,,,"     ",5.10,53.01,7.74
1598,539335594,"01598M07:28:01.025","01598 06:40:49",210.79,897.12,,,,"     ",5.10,52.82,7.70
1598,539335595,"01598M07:28:01.998","01598 06:40:50",210.87,897.19,,,,"     ",5.10,53.05,7.73
1598,539335596,"01598M07:28:02.971","01598 06:40:51",210.88,897.17,,,,"     ",5.10,52.77,7.69
1598,539335597,"01598M07:28:03.944","01598 06:40:52",210.85,897.24,,,,"     ",5.10,52.97,7.71
1598,539335598,"01598M07:28:04.918","01598 06:40:53",210.78,897.08,,,,"     ",5.10,52.99,7.71
1598,539335599,"01598M07:28:05.891","01598 06:40:54",210.70,897.22,,,,"     ",5.10,53.13,7.73
1598,539335600,"01598M07:28:06.864","01598 06:40:55",210.62,897.33,,,,"     ",5.10,53.07,7.71
1598,539335601,"01598M07:28:07.837","01598 06:40:56",210.57,897.26,,,,"     ",5.10,53.25,7.73
1598,539335602,"01598M07:28:08.811","01598 06:40:57",210.52,897.36,,,,"     ",5.10,53.35,7.74
1598,539335603,"01598M07:28:09.784","01598 06:40:58",210.48,897.27,,,,"     ",5.10,53.20,7.72
1598,539335604,"01598M07:28:10.757","01598 06:40:59",210.46,897.25,,,,"     ",5.10,53.11,7.70
1598,539335605,"01598M07:28:11.730","01598 06:41:00",210.44,897.28,,,,"     ",5.10,53.28,7.72
1598,539335606,"01598M07:28:12.704","01598 06:41:01",210.44,897.36,,,,"     ",5.10,53.41,7.74
1598,539335607,"01598M07:28:13.677","01598 06:41:02",210.46,897.39,,,,"     ",5.10,53.31,7.72
1598,539335608,"01598M07:28:14.650","01598 06:41:03",210.50,897.38,,,,"     ",5.10,53.28,7.71
1598,539335609,"01598M07:28:15.624","01598 06:41:04",210.55,897.35,,,,"     ",5.10,53.50,7.74
1598,539335610,"01598M07:28:16.597","01598 06:41:05",210.62,897.25,,,,"     ",5.10,53.52,7.74
1598,539335611,"01598M07:28:17.570","01598 06:41:06",210.69,897.19,,,,"     ",5.10,53.46,7.72
1598,539335612,"01598M07:28:18.543","01598 06:41:07",210.77,897.26,,,,"     ",5.10,53.56,7.73
1598,539335613,"01598M07:28:19.517","01598 06:41:08",210.83,897.22,,,,"     ",5.10,53.58,7.73
1598,539335614,"01598M07:28:20.490","01598 06:41:09",210.88,897.16,,,,"     ",5.10,53.53,7.72
1598,539335615,"01598M07:28:21.463","01598 06:41:09",210.91,897.33,,,,"     ",5.10,53.69,7.74
1598,539335616,"01598M07:28:22.436","01598 06:41:10",210.94,897.24,,,,"     ",5.10,53.74,7.75
1598,539335617,"01598M07:28:23.410","01598 06:41:11",210.98,897.29,,,,"     ",5.10,53.64,7.73
1598,539335618,"01598M07:28:24.383","01598 06:41:12",211.03,897.28,,,,"     ",5.10,53.91,7.76
1598,539335619,"01598M07:28:25.356","01598 06:41:13",211.10,897.19,,,,"     ",5.10,53.90,7.76
1598,539335620,"01598M07:28:26.329","01598 06:41:14",211.17,897.25,,,,"     ",5.10,53.82,7.74
1598,539335621,"01598M07:28:27.303","01598 06:41:15",211.24,897.25,,,,"     ",5.10,53.82,7.74
1598,539335622,"01598M07:28:28.276","01598 06:41:16",211.29,897.32,,,,"     ",5.10,53.96,7.76
1598,539335623,"01598M07:28:29.249","01598 06:41:17",211.30,897.19,,,,"     ",5.10,53.94,7.75
1598,539335624,"01598M07:28:30.222","01598 06:41:18",211.29,897.34,,,,"     ",5.10,53.93,7.75
1598,539335625,"01598M07:28:31.196","01598 06:41:19",211.26,897.34,,,,"     ",5.10,54.11,7.77
1598,539335626,"01598M07:28:32.169","01598 06:41:20",211.23,897.30,,,,"     ",5.10,53.98,7.75
1598,539335627,"01598M07:28:33.142","01598 06:41:21",211.19,897.38,,,,"     ",5.10,54.22,7.78
1598,539335628,"01598M07:28:34.115","01598 06:41:22",211.15,897.35,,,,"     ",5.10,53.71,7.70
1598,539335629,"01598M07:28:35.089","01598 06:41:23",211.11,897.33,,,,"     ",5.10,53.87,7.72
1598,539335630,"01598M07:28:36.062","01598 06:41:24",211.08,897.35,,,,"     ",5.10,54.10,7.75
1598,539335631,"01598M07:28:37.035","01598 06:41:25",211.04,897.36,,,,"     ",5.10,54.33,7.78
1598,539335632,"01598M07:28:38.008","01598 06:41:26",210.98,897.30,,,,"     ",5.10,54.07,7.74
1598,539335633,"01598M07:28:38.982","01598 06:41:27",210.91,897.40,,,,"     ",5.10,54.14,7.75
1598,539335634,"01598M07:28:39.955","01598 06:41:28",210.85,897.40,,,,"     ",5.10,54.07,7.74
1598,539335635,"01598M07:28:40.928","01598 06:41:29",210.79,897.46,,,,"     ",5.10,54.24,7.76
1598,539335636,"01598M07:28:41.901","01598 06:41:30",210.74,897.38,,,,"     ",5.10,54.32,7.77
1598,539335637,"01598M07:28:42.875","01598 06:41:31",210.71,897.40,,,,"     ",5.10,54.14,7.74
1598,539335638,"01598M07:28:43.848","01598 06:41:32",210.68,897.40,,,,"     ",5.10,54.47,7.79
1598,539335639,"01598M07:28:44.821","01598 06:41:33",210.66,897.45,,,,"     ",5.10,54.31,7.76
1598,539335640,"01598M07:28:45.794","01598 06:41:34",210.63,897.38,,,,"     ",5.10,54.28,7.75
1598,539335641,"01598M07:28:46.768","01598 06:41:35",210.61,897.39,,,,"     ",5.10,54.50,7.78
1598,539335642,"01598M07:28:47.741","01598 06:41:36",210.60,897.37,,,,"     ",5.10,54.18,7.73
1598,539335643,"01598M07:28:48.714","01598 06:41:37",210.62,897.38,,,,"     ",5.10,54.24,7.74
1598,539335644,"01598M07:28:49.687","01598 06:41:38",210.67,897.47,,,,"     ",5.10,54.26,7.75
1598,539335645,"01598M07:28:50.661","01598 06:41:39",210.75,897.47,,,,"     ",5.10,54.59,7.79
1598,539335646,"01598M07:28:51.634","01598 06:41:40",210.84,897.39,,,,"     ",5.10,54.45,7.77
1598,539335647,"01598M07:28:52.607","01598 06:41:41",210.95,897.38,,,,"     ",5.10,54.54,7.78
1598,539335648,"01598M07:28:53.580","01598 06:41:42",211.05,897.40,,,,"     ",5.10,54.34,7.75
1598,539335649,"01598M07:28:54.554","01598 06:41:43",211.14,897.32,,,,"     ",5.10,54.44,7.76
1598,539335650,"01598M07:28:55.527","01598 06:41:44",211.23,897.34,,,,"     ",5.10,54.42,7.75
1598,539335651,"01598M07:28:56.500","01598 06:41:45",211.29,897.39,,,,"     ",5.10,54.35,7.75
1598,539335652,"01598M07:28:57.473","01598 06:41:45",211.32,897.38,,,,"     ",5.10,54.56,7.77
1598,539335653,"01598M07:28:58.447","01598 06:41:46",211.35,897.36,,,,"     ",5.10,54.40,7.75
1598,539335654,"01598M07:28:59.420","01598 06:41:47",211.37,897.30,,,,"     ",5.10,54.70,7.79
1598,539335655,"01598M07:29:00.393","01598 06:41:48",211.41,897.32,,,,"     ",5.10,54.69,7.78
1598,539335656,"01598M07:29:01.366","01598 06:41:49",211.44,897.43,,,,"     ",5.10,54.57,7.77
1598,539335657,"01598M07:29:02.340","01598 06:41:50",211.47,897.45,,,,"     ",5.10,54.53,7.76
1598,539335658,"01598M07:29:03.313","01598 06:41:51",211.47,897.48,,,,"     ",5.10,54.65,7.77
1598,539335659,"01598M07:29:04.286","01598 06:41:52",211.47,897.46,,,,"     ",5.10,54.40,7.73
1598,539335660,"01598M07:29:05.259","01598 06:41:53",211.45,897.46,,,,"     ",5.10,54.52,7.75
1598,539335661,"01598M07:29:06.233","01598 06:41:54",211.40,897.46,,,,"     ",5.10,54.71,7.77
1598,539335662,"01598M07:29:07.206","01598 06:41:55",211.33,897.53,,,,"     ",5.10,54.65,7.77
1598,539335663,"01598M07:29:08.179","01598 06:41:56",211.25,897.53,,,,"     ",5.10,54.57,7.75
1598,539335664,"01598M07:29:09.152","01598 06:41:57",211.17,897.59,,,,"     ",5.10,54.47,7.73
1598,539335665,"01598M07:29:10.126","01598 06:41:58",211.10,897.48,,,,"     ",5.10,54.45,7.73
1598,539335666,"01598M07:29:11.099","01598 06:41:59",211.04,897.57,,,,"     ",5.10,54.33,7.71
1598,539335667,"01598M07:29:12.072","01598 06:42:00",210.98,897.47,,,,"     ",5.10,54.35,7.71
1598,539335668,"01598M07:29:13.045","01598 06:42:01",210.93,897.44,,,,"     ",5.10,54.17,7.68
1598,539335669,"01598M07:29:14.019","01598 06:42:02",210.88,897.49,,,,"     ",5.10,54.45,7.72
1598,539335670,"01598M07:29:14.992","01598 06:42:03",210.84,897.44,,,,"     ",5.10,54.61,7.74
1598,539335671,"01598M07:29:15.965","01598 06:42:04",210.82,897.42,,,,"     ",5.10,54.55,7.73
1598,539335672,"01598M07:29:16.938","01598 06:42:05",210.83,897.48,,,,"     ",5.10,54.57,7.73
1598,539335673,"01598M07:29:17.912","01598 06:42:06",210.87,897.43,,,,"     ",5.10,54.26,7.68
1598,539335674,"01598M07:29:18.885","01598 06:42:07",210.95,897.43,,,,"     ",5.10,54.43,7.71
1598,539335675,"01598M07:29:19.858","01598 06:42:08",211.05,897.46,,,,"     ",5.10,54.52,7.72
1598,539335676,"01598M07:29:20.831","01598 06:42:09",211.17,897.45,,,,"     ",5.10,54.26,7.68
1598,539335677,"01598M07:29:21.805","01598 06:42:10",211.27,897.47,,,,"     ",5.10,54.52,7.71
1598,539335678,"01598M07:29:22.778","01598 06:42:11",211.36,897.46,,,,"     ",5.10,54.38,7.69
1598,539335679,"01598M07:29:23.751","01598 06:42:12",211.44,897.43,,,,"     ",5.10,54.39,7.69
1598,539335680,"01598M07:29:24.724","01598 06:42:13",211.49,897.36,,,,"     ",5.10,54.29,7.68
1598,539335681,"01598M07:29:25.698","01598 06:42:14",211.52,897.43,,,,"     ",5.10,54.20,7.66
1598,539335682,"01598M07:29:26.671","01598 06:42:15",211.52,897.54,,,,"     ",5.10,54.04,7.64
1598,539335683,"01598M07:29:27.644","01598 06:42:16",211.49,897.52,,,,"     ",5.10,54.25,7.67
1598,539335684,"01598M07:29:28.618","01598 06:42:17",211.46,897.42,,,,"     ",5.10,54.26,7.67
1598,539335685,"01598M07:29:29.591","01598 06:42:18",211.44,897.48,,,,"     ",5.10,54.32,7.67
1598,539335686,"01598M07:29:30.564","01598 06:42:19",211.42,897.57,,,,"     ",5.10,54.05,7.63
1598,539335687,"01598M07:29:31.537","01598 06:42:20",211.38,897.48,,,,"     ",5.10,54.07,7.63
1598,539335688,"01598M07:29:32.511","01598 06:42:21",211.34,897.40,,,,"     ",5.10,54.15,7.64
1598,539335689,"01598M07:29:33.484","01598 06:42:21",211.28,897.43,,,,"     ",5.10,54.07,7.63
1598,539335690,"01598M07:29:34.457","01598 06:42:22",211.22,897.36,,,,"     ",5.10,54.01,7.62
1598,539335691,"01598M07:29:35.430","01598 06:42:23",211.16,897.34,,,,"     ",5.10,53.93,7.61
1598,539335692,"01598M07:29:36.404","01598 06:42:24",211.10,897.34,,,,"     ",5.10,53.87,7.60
1598,539335693,"01598M07:29:37.377","01598 06:42:25",211.06,897.32,,,,"     ",5.10,54.09,7.63
1598,539335694,"01598M07:29:38.350","01598 06:42:26",211.02,897.30,,,,"     ",5.10,53.90,7.60
1598,539335695,"01598M07:29:39.323","01598 06:42:27",211.01,897.34,,,,"     ",5.10,54.01,7.61
1598,539335696,"01598M07:29:40.297","01598 06:42:28",211.01,897.31,,,,"     ",5.10,53.63,7.55
1598,539335697,"01598M07:29:41.270","01598 06:42:29",211.03,897.43,,,,"     ",5.10,53.67,7.56
1598,539335698,"01598M07:29:42.243","01598 06:42:30",211.06,897.27,,,,"     ",5.10,53.69,7.56
1598,539335699,"01598M07:29:43.216","01598 06:42:31",211.08,897.34,,,,"     ",5.10,53.90,7.59
1598,539335700,"01598M07:29:44.190","01598 06:42:32",211.08,897.46,,,,"     ",5.10,53.77,7.57
1598,539335701,"01598M07:29:45.163","01598 06:42:33",211.09,897.37,,,,"     ",5.10,53.67,7.55
1598,539335702,"01598M07:29:46.136","01598 06:42:34",211.09,897.40,,,,"     ",5.10,53.81,7.57
1598,539335703,"01598M07:29:47.109","01598 06:42:35",211.08,897.37,,,,"     ",5.10,53.80,7.57
1598,539335704,"01598M07:29:48.083","01598 06:42:36",211.08,897.38,,,,"     ",5.10,53.63,7.54
1598,539335705,"01598M07:29:49.056","01598 06:42:37",211.08,897.41,,,,"     ",5.10,53.72,7.55
1598,539335706,"01598M07:29:50.029","01598 06:42:38",211.07,897.47,,,,"     ",5.10,53.76,7.56
1598,539335707,"01598M07:29:51.002","01598 06:42:39",211.04,897.37,,,,"     ",5.10,53.61,7.54
1598,539335708,"01598M07:29:51.976","01598 06:42:40",211.00,897.37,,,,"     ",5.10,53.59,7.53
1598,539335709,"01598M07:29:52.949","01598 06:42:41",210.94,897.43,,,,"     ",5.10,53.48,7.51
1598,539335710,"01598M07:29:53.922","01598 06:42:42",210.87,897.38,,,,"     ",5.10,53.53,7.52
1598,539335711,"01598M07:29:54.895","01598 06:42:43",210.81,897.48,,,,"     ",5.10,53.41,7.50
1598,539335712,"01598M07:29:55.869","01598 06:42:44",210.75,897.44,,,,"     ",5.10,53.56,7.52
1598,539335713,"01598M07:29:56.842","01598 06:42:45",210.70,897.47,,,,"     ",5.10,53.39,7.50
1598,539335714,"01598M07:29:57.815","01598 06:42:46",210.67,897.47,,,,"     ",5.10,53.42,7.50
1598,539335715,"01598M07:29:58.788","01598 06:42:47",210.64,897.47,,,,"     ",5.10,53.41,7.50
1598,539335716,"01598M07:29:59.762","01598 06:42:48",210.63,897.46,,,,"     ",5.10,53.45,7.50
1598,539335717,"01598M07:30:00.735","01598 06:42:49",210.63,897.46,,,,"     ",5.10,53.42,7.50
1598,539335718,"01598M07:30:01.708","01598 06:42:50",210.62,897.49,,,,"     ",5.10,53.42,7.50
1598,539335719,"01598M07:30:02.681","01598 06:42:51",210.59,897.56,,,,"     ",5.10,53.43,7.50
1598,539335720,"01598M07:30:03.655","01598 06:42:52",210.54,897.52,,,,"     ",5.10,53.35,7.49
1598,539335721,"01598M07:30:04.628","01598 06:42:53",210.48,897.38,,,,"     ",5.10,53.36,7.49
1598,539335722,"01598M07:30:05.601","01598 06:42:54",210.42,897.37,,,,"     ",5.10,53.53,7.51
1598,539335723,"01598M07:30:06.574","01598 06:42:55",210.36,897.35,,,,"     ",5.10,53.40,7.49
1598,539335724,"01598M07:30:07.548","01598 06:42:56",210.31,897.37,,,,"     ",5.10,53.41,7.49
1598,539335725,"01598M07:30:08.521","01598 06:42:57",210.26,897.37,,,,"     ",5.10,53.72,7.54
1598,539335726,"01598M07:30:09.494","01598 06:42:58",210.23,897.33,,,,"     ",5.10,53.51,7.50
1598,539335727,"01598M07:30:10.467","01598 06:42:58",210.21,897.28,,,,"     ",5.10,53.40,7.49
1598,539335728,"01598M07:30:11.441","01598 06:42:59",210.18,897.33,,,,"     ",5.10,53.58,7.51
1598,539335729,"01598M07:30:12.414","01598 06:43:00",210.14,897.36,,,,"     ",5.10,53.33,7.48
1598,539335730,"01598M07:30:13.387","01598 06:43:01",210.10,897.34,,,,"     ",5.10,53.27,7.47
1598,539335731,"01598M07:30:14.360","01598 06:43:02",210.04,897.33,,,,"     ",5.10,53.32,7.47
1598,539335732,"01598M07:30:15.334","01598 06:43:03",209.99,897.38,,,,"     ",5.10,53.41,7.49
1598,539335733,"01598M07:30:16.307","01598 06:43:04",209.96,897.45,,,,"     ",5.10,53.31,7.47
1598,539335734,"01598M07:30:17.280","01598 06:43:05",210.16,897.43,,,,"     ",5.10,53.36,7.48
1598,539335735,"01598M07:30:18.253","01598 06:43:06",210.14,897.38,,,,"     ",5.10,53.30,7.47
1598,539335736,"01598M07:30:19.227","01598 06:43:07",210.13,897.46,,,,"     ",5.10,53.55,7.51
1598,539335737,"01598M07:30:20.200","01598 06:43:08",210.12,897.41,,,,"     ",5.10,53.46,7.49
1598,539335738,"01598M07:30:21.173","01598 06:43:09",210.13,897.38,,,,"     ",5.10,53.61,7.51
1598,539335739,"01598M07:30:22.146","01598 06:43:10",210.14,897.41,,,,"     ",5.10,53.34,7.47
1598,539335740,"01598M07:30:23.120","01598 06:43:11",210.17,897.38,,,,"     ",5.10,53.37,7.48
1598,539335741,"01598M07:30:24.093","01598 06:43:12",209.94,897.47,,,,"     ",5.10,53.58,7.51
1598,539335742,"01598M07:30:25.066","01598 06:43:13",210.00,897.46,,,,"     ",5.10,53.48,7.50
1598,539335743,"01598M07:30:26.039","01598 06:43:14",210.11,897.54,,,,"     ",5.10,53.42,7.48
1598,539335744,"01598M07:30:27.013","01598 06:43:15",210.24,897.56,,,,"     ",5.10,53.19,7.45
1598,539335745,"01598M07:30:27.986","01598 06:43:16",210.37,897.52,,,,"     ",5.10,53.49,7.49
1598,539335746,"01598M07:30:28.959","01598 06:43:17",210.49,897.46,,,,"     ",5.10,53.45,7.49
1598,539335747,"01598M07:30:29.932","01598 06:43:18",210.62,897.47,,,,"     ",5.10,53.46,7.49
1598,539335748,"01598M07:30:30.906","01598 06:43:19",210.74,897.43,,,,"     ",5.10,53.48,7.49
1598,539335749,"01598M07:30:31.879","01598 06:43:20",210.84,897.40,,,,"     ",5.10,53.55,7.50
1598,539335750,"01598M07:30:32.852","01598 06:43:21",210.94,897.37,,,,"     ",5.10,53.43,7.48
1598,539335751,"01598M07:30:33.825","01598 06:43:22",211.02,897.43,,,,"     ",5.10,53.34,7.47
1598,539335752,"01598M07:30:34.799","01598 06:43:23",211.08,897.44,,,,"     ",5.10,53.54,7.49
1598,539335753,"01598M07:30:35.772","01598 06:43:24",211.12,897.40,,,,"     ",5.10,53.60,7.50
1598,539335754,"01598M07:30:36.745","01598 06:43:25",211.17,897.41,,,,"     ",5.10,53.49,7.48
1598,539335755,"01598M07:30:37.719","01598 06:43:26",211.22,897.37,,,,"     ",5.10,53.28,7.45
1598,539335756,"01598M07:30:38.692","01598 06:43:27",211.28,897.40,,,,"     ",5.10,53.38,7.46
1598,539335757,"01598M07:30:39.665","01598 06:43:28",211.33,897.38,,,,"     ",5.10,53.47,7.48
1598,539335758,"01598M07:30:40.638","01598 06:43:29",211.39,897.36,,,,"     ",5.10,53.60,7.49
1598,539335759,"01598M07:30:41.612","01598 06:43:30",211.45,897.31,,,,"     ",5.10,53.61,7.49
1598,539335760,"01598M07:30:42.585","01598 06:43:31",211.51,897.29,,,,"     ",5.10,53.47,7.47
1598,539335761,"01598M07:30:43.558","01598 06:43:32",211.57,897.31,,,,"     ",5.10,53.48,7.47
1598,539335762,"01598M07:30:44.531","01598 06:43:33",211.63,897.29,,,,"     ",5.10,53.42,7.45
1598,539335763,"01598M07:30:45.505","01598 06:43:34",211.69,897.37,,,,"     ",5.10,53.48,7.46
1598,539335764,"01598M07:30:46.478","01598 06:43:34",211.74,897.43,,,,"     ",5.10,53.68,7.49
1598,539335765,"01598M07:30:47.451","01598 06:43:35",211.80,897.46,,,,"     ",5.10,53.63,7.48
1598,539335766,"01598M07:30:48.424","01598 06:43:36",211.86,897.45,,,,"     ",5.10,53.64,7.48
1598,539335767,"01598M07:30:49.398","01598 06:43:37",211.00,897.55,,,,"     ",5.10,53.63,7.48
1598,539335768,"01598M07:30:50.371","01598 06:43:38",211.18,897.34,,,,"     ",5.10,53.60,7.47
1598,539335769,"01598M07:30:51.344","01598 06:43:39",211.36,897.35,,,,"     ",5.10,53.63,7.47
1598,539335770,"01598M07:30:52.317","01598 06:43:40",211.52,897.35,,,,"     ",5.10,53.62,7.46
1598,539335771,"01598M07:30:53.291","01598 06:43:41",211.67,897.37,,,,"     ",5.10,53.84,7.49
1598,539335772,"01598M07:30:54.264","01598 06:43:42",211.81,897.27,,,,"     ",5.10,53.77,7.48
1598,539335773,"01598M07:30:55.237","01598 06:43:43",211.93,897.31,,,,"     ",5.10,53.66,7.46
1598,539335774,"01598M07:30:56.210","01598 06:43:44",212.05,897.35,,,,"     ",5.10,53.92,7.49
1598,539335775,"01598M07:30:57.184","01598 06:43:45",212.15,897.35,,,,"     ",5.10,53.81,7.48
1598,539335776,"01598M07:30:58.157","01598 06:43:46",212.24,897.36,,,,"     ",5.10,53.82,7.47
1598,539335777,"01598M07:30:59.130","01598 06:43:47",212.32,897.33,,,,"     ",5.10,53.88,7.48
1598,539335778,"01598M07:31:00.103","01598 06:43:48",212.39,897.39,,,,"     ",5.10,54.05,7.50
1598,539335779,"01598M07:31:01.077","01598 06:43:49",212.44,897.42,,,,"     ",5.10,54.04,7.49
1598,539335780,"01598M07:31:02.050","01598 06:43:50",212.47,897.37,,,,"     ",5.10,53.72,7.44
1598,539335781,"01598M07:31:03.023","01598 06:43:51",212.50,897.36,,,,"     ",5.10,54.04,7.49
1598,539335782,"01598M07:31:03.996","01598 06:43:52",212.54,897.41,,,,"     ",5.10,54.04,7.48
1598,539335783,"01598M07:31:04.970","01598 06:43:53",212.59,897.36,,,,"     ",5.10,54.22,7.51
1598,539335784,"01598M07:31:05.943","01598 06:43:54",212.62,897.32,,,,"     ",5.10,53.91,7.46
1598,539335785,"01598M07:31:06.916","01598 06:43:55",212.65,897.23,,,,"     ",5.10,54.01,7.47
1598,539335786,"01598M07:31:07.889","01598 06:43:56",212.67,897.25,,,,"     ",5.10,53.99,7.47
1598,539335787,"01598M07:31:08.863","01598 06:43:57",212.66,897.26,,,,"     ",5.10,54.14,7.48
1598,539335788,"01598M07:31:09.836","01598 06:43:58",212.64,897.15,,,,"     ",5.10,54.08,7.47
1598,539335789,"01598M07:31:10.809","01598 06:43:59",212.61,897.29,,,,"     ",5.10,53.99,7.46
1598,539335790,"01598M07:31:11.782","01598 06:44:00",212.58,897.21,,,,"     ",5.10,54.22,7.48
1598,539335791,"01598M07:31:12.756","01598 06:44:01",212.54,897.23,,,,"     ",5.10,54.20,7.48
1598,539335792,"01598M07:31:13.729","01598 06:44:02",212.51,897.29,,,,"     ",5.10,54.22,7.48
1598,539335793,"01598M07:31:14.702","01598 06:44:03",212.48,897.23,,,,"     ",5.10,54.26,7.48
1598,539335794,"01598M07:31:15.675","01598 06:44:04",212.45,897.25,,,,"     ",5.10,54.01,7.44
1598,539335795,"01598M07:31:16.649","01598 06:44:05",212.43,897.22,,,,"     ",5.10,54.16,7.46
1598,539335796,"01598M07:31:17.622","01598 06:44:06",212.41,897.25,,,,"     ",5.10,53.93,7.42
1598,539335797,"01598M07:31:18.595","01598 06:44:07",212.42,897.34,,,,"     ",5.10,54.16,7.45
1598,539335798,"01598M07:31:19.568","01598 06:44:08",212.46,897.30,,,,"     ",5.10,54.10,7.44
1598,539335799,"01598M07:31:20.542","01598 06:44:09",212.53,897.29,,,,"     ",5.10,54.16,7.45
1598,539335800,"01598M07:31:21.515","01598 06:44:10",212.62,897.33,,,,"     ",5.10,54.14,7.44
1598,539335801,"01598M07:31:22.488","01598 06:44:10",212.75,897.25,,,,"     ",5.10,54.42,7.47
1598,539335802,"01598M07:31:23.461","01598 06:44:11",212.89,897.21,,,,"     ",5.10,54.41,7.47
1598,539335803,"01598M07:31:24.435","01598 06:44:12",213.05,897.31,,,,"     ",5.10,54.23,7.44
1598,539335804,"01598M07:31:25.408","01598 06:44:13",213.21,897.27,,,,"     ",5.10,54.23,7.44
1598,539335805,"01598M07:31:26.381","01598 06:44:14",213.37,897.37,,,,"     ",5.10,54.18,7.43
1598,539335806,"01598M07:31:27.354","01598 06:44:15",213.51,897.35,,,,"     ",5.10,54.33,7.45
1598,539335807,"01598M07:31:28.328","01598 06:44:16",213.63,897.29,,,,"     ",5.10,54.34,7.44
1598,539335808,"01598M07:31:29.301","01598 06:44:17",213.73,897.44,,,,"     ",5.10,54.27,7.43
1598,539335809,"01598M07:31:30.274","01598 06:44:18",213.79,897.36,,,,"     ",5.10,54.42,7.45
1598,539335810,"01598M07:31:31.247","01598 06:44:19",213.82,897.33,,,,"     ",5.10,54.50,7.45
1598,539335811,"01598M07:31:32.221","01598 06:44:20",213.82,897.34,,,,"     ",5.10,54.54,7.46
1598,539335812,"01598M07:31:33.194","01598 06:44:21",213.78,897.27,,,,"     ",5.10,54.44,7.43
1598,539335813,"01598M07:31:34.167","01598 06:44:22",213.73,897.44,,,,"     ",5.10,54.30,7.42
1598,539335814,"01598M07:31:35.140","01598 06:44:23",213.65,897.37,,,,"     ",5.10,54.62,7.45
1598,539335815,"01598M07:31:36.114","01598 06:44:24",213.58,897.39,,,,"     ",5.10,54.51,7.44
1598,539335816,"01598M07:31:37.087","01598 06:44:25",213.49,897.54,,,,"     ",5.10,54.38,7.41
1598,539335817,"01598M07:31:38.060","01598 06:44:26",213.40,897.57,,,,"     ",5.10,54.36,7.41
1598,539335818,"01598M07:31:39.033","01598 06:44:27",213.31,897.60,,,,"     ",5.10,54.32,7.40
1598,539335819,"01598M07:31:40.007","01598 06:44:28",213.23,897.64,,,,"     ",5.10,54.51,7.42
1598,539335820,"01598M07:31:40.980","01598 06:44:29",213.16,897.62,,,,"     ",5.10,54.49,7.41
1598,539335821,"01598M07:31:41.953","01598 06:44:30",213.10,897.64,,,,"     ",5.10,54.57,7.42
1598,539335822,"01598M07:31:42.926","01598 06:44:31",213.05,897.55,,,,"     ",5.10,54.60,7.42
1598,539335823,"01598M07:31:43.900","01598 06:44:32",213.02,897.42,,,,"     ",5.10,54.57,7.41
1598,539335824,"01598M07:31:44.873","01598 06:44:33",212.98,897.42,,,,"     ",5.10,54.85,7.44
1598,539335825,"01598M07:31:45.846","01598 06:44:34",212.92,897.55,,,,"     ",5.10,54.84,7.44
1598,539335826,"01598M07:31:46.820","01598 06:44:35",212.85,897.56,,,,"     ",5.10,54.80,7.43
1598,539335827,"01598M07:31:47.793","01598 06:44:36",212.77,897.61,,,,"     ",5.10,54.96,7.45
1598,539335828,"01598M07:31:48.766","01598 06:44:37",212.68,897.52,,,,"     ",5.10,54.65,7.40
1598,539335829,"01598M07:31:49.739","01598 06:44:38",212.61,897.48,,,,"     ",5.10,54.97,7.45
1598,539335830,"01598M07:31:50.713","01598 06:44:39",212.54,897.50,,,,"     ",5.10,55.15,7.47
1598,539335831,"01598M07:31:51.686","01598 06:44:40",212.49,897.51,,,,"     ",5.10,54.98,7.45
1598,539335832,"01598M07:31:52.659","01598 06:44:41",212.43,897.46,,,,"     ",5.10,55.08,7.46
1598,539335833,"01598M07:31:53.632","01598 06:44:42",212.35,897.49,,,,"     ",5.10,55.06,7.45
1598,539335834,"01598M07:31:54.606","01598 06:44:43",212.26,897.41,,,,"     ",5.10,55.39,7.50
1598,539335835,"01598M07:31:55.579","01598 06:44:44",212.17,897.40,,,,"     ",5.10,55.28,7.48
1598,539335836,"01598M07:31:56.552","01598 06:44:45",212.08,897.41,,,,"     ",5.10,55.31,7.48
1598,539335837,"01598M07:31:57.525","01598 06:44:46",212.01,897.46,,,,"     ",5.10,55.18,7.46
1598,539335838,"01598M07:31:58.499","01598 06:44:46",211.97,897.43,,,,"     ",5.10,55.37,7.48
1598,539335839,"01598M07:31:59.472","01598 06:44:47",211.95,897.46,,,,"     ",5.10,55.47,7.49
1598,539335840,"01598M07:32:00.445","01598 06:44:48",211.97,897.45,,,,"     ",5.10,55.74,7.53
1598,539335841,"01598M07:32:01.418","01598 06:44:49",212.02,897.42,,,,"     ",5.10,55.70,7.53
1598,539335842,"01598M07:32:02.392","01598 06:44:50",212.10,897.40,,,,"     ",5.10,55.60,7.51
1598,539335843,"01598M07:32:03.365","01598 06:44:51",212.18,897.46,,,,"     ",5.10,55.78,7.53
1598,539335844,"01598M07:32:04.338","01598 06:44:52",212.26,897.53,,,,"     ",5.10,55.54,7.50
1598,539335845,"01598M07:32:05.311","01598 06:44:53",212.33,897.45,,,,"     ",5.10,55.67,7.52
1598,539335846,"01598M07:32:06.285","01598 06:44:54",212.39,897.51,,,,"     ",5.10,55.61,7.51
1598,539335847,"01598M07:32:07.258","01598 06:44:55",212.45,897.50,,,,"     ",5.10,55.58,7.50
1598,539335848,"01598M07:32:08.231","01598 06:44:56",212.50,897.52,,,,"     ",5.10,55.75,7.52
1598,539335849,"01598M07:32:09.204","01598 06:44:57",212.55,897.51,,,,"     ",5.10,55.74,7.52
1598,539335850,"01598M07:32:10.178","01598 06:44:58",212.57,897.52,,,,"     ",5.10,55.77,7.52
1598,539335851,"01598M07:32:11.151","01598 06:44:59",212.56,897.52,,,,"     ",5.10,55.64,7.50
1598,539335852,"01598M07:32:12.124","01598 06:45:00",212.53,897.54,,,,"     ",5.10,55.68,7.51
1598,539335853,"01598M07:32:13.097","01598 06:45:01",212.47,897.52,,,,"     ",5.10,55.77,7.52
1598,539335854,"01598M07:32:14.071","01598 06:45:02",212.41,897.50,,,,"     ",5.10,55.80,7.52
1598,539335855,"01598M07:32:15.044","01598 06:45:03",212.36,897.57,,,,"     ",5.10,55.58,7.49
1598,539335856,"01598M07:32:16.017","01598 06:45:04",212.32,897.46,,,,"     ",5.10,55.81,7.52
1598,539335857,"01598M07:32:16.990","01598 06:45:05",212.31,897.48,,,,"     ",5.10,55.74,7.51
1598,539335858,"01598M07:32:17.964","01598 06:45:06",212.33,897.49,,,,"     ",5.10,55.77,7.51
1598,539335859,"01598M07:32:18.937","01598 06:45:07",212.39,897.44,,,,"     ",5.10,55.81,7.52
1598,539335860,"01598M07:32:19.910","01598 06:45:08",212.47,897.45,,,,"     ",5.10,55.74,7.50
1598,539335861,"01598M07:32:20.883","01598 06:45:09",212.58,897.43,,,,"     ",5.10,55.84,7.51
1598,539335862,"01598M07:32:21.857","01598 06:45:10",212.69,897.38,,,,"     ",5.10,56.03,7.54
1598,539335863,"01598M07:32:22.830","01598 06:45:11",212.82,897.39,,,,"     ",5.10,55.75,7.50
1598,539335864,"01598M07:32:23.803","01598 06:45:12",212.95,897.45,,,,"     ",5.10,56.07,7.54
1598,539335865,"01598M07:32:24.776","01598 06:45:13",213.10,897.41,,,,"     ",5.10,56.10,7.54
1598,539335866,"01598M07:32:25.750","01598 06:45:14",213.25,897.37,,,,"     ",5.10,56.16,7.55
1598,539335867,"01598M07:32:26.723","01598 06:45:15",213.41,897.41,,,,"     ",5.10,56.35,7.57
1598,539335868,"01598M07:32:27.696","01598 06:45:16",213.55,897.44,,,,"     ",5.10,56.06,7.53
1598,539335869,"01598M07:32:28.669","01598 06:45:17",213.66,897.50,,,,"     ",5.10,56.25,7.55
1598,539335870,"01598M07:32:29.643","01598 06:45:18",213.74,897.46,,,,"     ",5.10,56.22,7.55
1598,539335871,"01598M07:32:30.616","01598 06:45:19",213.79,897.53,,,,"     ",5.10,56.11,7.53
1598,539335872,"01598M07:32:31.589","01598 06:45:20",213.81,897.43,,,,"     ",5.10,56.37,7.56
1598,539335873,"01598M07:32:32.562","01598 06:45:21",213.80,897.43,,,,"     ",5.10,56.64,7.59
1598,539335874,"01598M07:32:33.536","01598 06:45:22",213.77,897.48,,,,"     ",5.10,56.70,7.60
1598,539335875,"01598M07:32:34.509","01598 06:45:22",213.72,897.49,,,,"     ",5.10,56.69,7.59
1598,539335876,"01598M07:32:35.482","01598 06:45:23",213.65,897.45,,,,"     ",5.10,56.49,7.56
1598,539335877,"01598M07:32:36.455","01598 06:45:24",213.57,897.50,,,,"     ",5.10,56.77,7.60
1598,539335878,"01598M07:32:37.429","01598 06:45:25",213.48,897.51,,,,"     ",5.10,57.00,7.63
1598,539335879,"01598M07:32:38.402","01598 06:45:26",213.39,897.48,,,,"     ",5.10,56.80,7.60
1598,539335880,"01598M07:32:39.375","01598 06:45:27",213.29,897.49,,,,"     ",5.10,56.89,7.60
1598,539335881,"01598M07:32:40.348","01598 06:45:28",213.20,897.44,,,,"     ",5.10,56.93,7.61
1598,539335882,"01598M07:32:41.322","01598 06:45:29",213.12,897.41,,,,"     ",5.10,56.92,7.60
1598,539335883,"01598M07:32:42.295","01598 06:45:30",213.05,897.48,,,,"     ",5.10,56.96,7.61
1598,539335884,"01598M07:32:43.268","01598 06:45:31",212.99,897.44,,,,"     ",5.10,56.98,7.61
1598,539335885,"01598M07:32:44.241","01598 06:45:32",212.94,897.47,,,,"     ",5.10,56.98,7.60
1598,539335886,"01598M07:32:45.215","01598 06:45:33",212.87,897.55,,,,"     ",5.10,57.10,7.62
1598,539335887,"01598M07:32:46.188","01598 06:45:34",212.80,897.49,,,,"     ",5.10,57.05,7.61
1598,539335888,"01598M07:32:47.161","01598 06:45:35",212.72,897.52,,,,"     ",5.10,56.89,7.58
1598,539335889,"01598M07:32:48.134","01598 06:45:36",212.64,897.51,,,,"     ",5.10,57.16,7.62
1598,539335890,"01598M07:32:49.108","01598 06:45:37",212.57,897.50,,,,"     ",5.10,57.09,7.61
1598,539335891,"01598M07:32:50.081","01598 06:45:38",212.52,897.57,,,,"     ",5.10,57.14,7.61
1598,539335892,"01598M07:32:51.054","01598 06:45:39",212.47,897.59,,,,"     ",5.10,56.92,7.58
1598,539335893,"01598M07:32:52.027","01598 06:45:40",212.43,897.53,,,,"     ",5.10,57.16,7.61
1598,539335894,"01598M07:32:53.001","01598 06:45:41",212.38,897.49,,,,"     ",5.10,57.50,7.66
1598,539335895,"01598M07:32:53.974","01598 06:45:42",212.34,897.63,,,,"     ",5.10,57.06,7.60
1598,539335896,"01598M07:32:54.947","01598 06:45:43",212.30,897.56,,,,"     ",5.10,57.19,7.61
1598,539335897,"01598M07:32:55.921","01598 06:45:44",212.27,897.64,,,,"     ",5.10,57.33,7.63
1598,539335898,"01598M07:32:56.894","01598 06:45:45",212.25,897.51,,,,"     ",5.10,57.25,7.62
1598,539335899,"01598M07:32:57.867","01598 06:45:46",212.22,897.58,,,,"     ",5.10,57.16,7.60
1598,539335900,"01598M07:32:58.840","01598 06:45:47",212.18,897.54,,,,"     ",5.10,57.26,7.62
1598,539335901,"01598M07:32:59.814","01598 06:45:48",212.13,897.53,,,,"     ",5.10,57.53,7.65
1598,539335902,"01598M07:33:00.787","01598 06:45:49",212.08,897.55,,,,"     ",5.10,57.56,7.66
1598,539335903,"01598M07:33:01.760","01598 06:45:50",212.02,897.47,,,,"     ",5.10,57.53,7.65
1598,539335904,"01598M07:33:02.733","01598 06:45:51",211.96,897.47,,,,"     ",5.10,57.34,7.62
1598,539335905,"01598M07:33:03.707","01598 06:45:52",211.91,897.63,,,,"     ",5.10,57.37,7.63
1598,539335906,"01598M07:33:04.680","01598 06:45:53",211.86,897.59,,,,"     ",5.10,57.25,7.61
1598,539335907,"01598M07:33:05.653","01598 06:45:54",211.83,897.65,,,,"     ",5.10,57.37,7.63
1598,539335908,"01598M07:33:06.626","01598 06:45:55",211.82,897.56,,,,"     ",5.10,57.42,7.63
1598,539335909,"01598M07:33:07.600","01598 06:45:56",211.82,897.54,,,,"     ",5.10,57.40,7.63
1598,539335910,"01598M07:33:08.573","01598 06:45:57",211.82,897.62,,,,"     ",5.10,57.29,7.61
1598,539335911,"01598M07:33:09.546","01598 06:45:58",211.80,897.56,,,,"     ",5.10,57.56,7.65
1598,539335912,"01598M07:33:10.519","01598 06:45:58",211.77,897.57,,,,"     ",5.10,57.49,7.64
1598,539335913,"01598M07:33:11.493","01598 06:45:59",211.72,897.59,,,,"     ",5.10,57.36,7.62
1598,539335914,"01598M07:33:12.466","01598 06:46:00",211.65,897.64,,,,"     ",5.10,57.61,7.65
1598,539335915,"01598M07:33:13.439","01598 06:46:01",211.58,897.71,,,,"     ",5.10,57.34,7.62
1598,539335916,"01598M07:33:14.412","01598 06:46:02",211.50,897.52,,,,"     ",5.10,57.78,7.68
1598,539335917,"01598M07:33:15.386","01598 06:46:03",211.42,897.57,,,,"     ",5.10,57.49,7.63
1598,539335918,"01598M07:33:16.359","01598 06:46:04",211.36,897.54,,,,"     ",5.10,57.76,7.67
1598,539335919,"01598M07:33:17.332","01598 06:46:05",211.30,897.54,,,,"     ",5.10,57.68,7.66
1598,539335920,"01598M07:33:18.305","01598 06:46:06",211.25,897.60,,,,"     ",5.10,57.86,7.68
1598,539335921,"01598M07:33:19.279","01598 06:46:07",211.21,897.54,,,,"     ",5.10,57.79,7.67
1598,539335922,"01598M07:33:20.252","01598 06:46:08",211.18,897.53,,,,"     ",5.10,57.75,7.67
1598,539335923,"01598M07:33:21.225","01598 06:46:09",211.16,897.48,,,,"     ",5.10,57.51,7.63
1598,539335924,"01598M07:33:22.198","01598 06:46:10",211.15,897.48,,,,"     ",5.10,57.64,7.65
1598,539335925,"01598M07:33:23.172","01598 06:46:11",211.15,897.50,,,,"     ",5.10,57.72,7.66
1598,539335926,"01598M07:33:24.145","01598 06:46:12",211.17,897.48,,,,"     ",5.10,57.89,7.68
1598,539335927,"01598M07:33:25.118","01598 06:46:13",211.20,897.51,,,,"     ",5.10,57.95,7.69
1598,539335928,"01598M07:33:26.091","01598 06:46:14",211.24,897.58,,,,"     ",5.10,57.87,7.68
1598,539335929,"01598M07:33:27.065","01598 06:46:15",211.26,897.57,,,,"     ",5.10,57.81,7.67
1598,539335930,"01598M07:33:28.038","01598 06:46:16",211.27,897.47,,,,"     ",5.10,57.76,7.66
1598,539335931,"01598M07:33:29.011","01598 06:46:17",211.27,897.54,,,,"     ",5.10,57.98,7.69
1598,539335932,"01598M07:33:29.984","01598 06:46:18",211.26,897.52,,,,"     ",5.10,58.13,7.71
1598,539335933,"01598M07:33:30.958","01598 06:46:19",211.26,897.55,,,,"     ",5.10,57.86,7.68
1598,539335934,"01598M07:33:31.931","01598 06:46:20",211.26,897.48,,,,"     ",5.10,57.96,7.69
1598,539335935,"01598M07:33:32.904","01598 06:46:21",211.27,897.44,,,,"     ",5.10,58.08,7.71
1598,539335936,"01598M07:33:33.877","01598 06:46:22",211.29,897.49,,,,"     ",5.10,58.24,7.73
1598,539335937,"01598M07:33:34.851","01598 06:46:23",211.33,897.51,,,,"     ",5.10,58.05,7.70
1598,539335938,"01598M07:33:35.824","01598 06:46:24",211.37,897.49,,,,"     ",5.10,58.06,7.71
1598,539335939,"01598M07:33:36.797","01598 06:46:25",211.43,897.45,,,,"     ",5.10,58.04,7.70
1598,539335940,"01598M07:33:37.770","01598 06:46:26",211.49,897.50,,,,"     ",5.10,58.05,7.70
1598,539335941,"01598M07:33:38.744","01598 06:46:27",211.55,897.49,,,,"     ",5.10,58.27,7.73
1598,539335942,"01598M07:33:39.717","01598 06:46:28",211.61,897.58,,,,"     ",5.10,58.00,7.70
1598,539335943,"01598M07:33:40.690","01598 06:46:29",211.66,897.47,,,,"     ",5.10,58.07,7.70
1598,539335944,"01598M07:33:41.663","01598 06:46:30",211.74,897.54,,,,"     ",5.10,58.19,7.72
1598,539335945,"01598M07:33:42.637","01598 06:46:31",211.83,897.49,,,,"     ",5.10,58.05,7.70
1598,539335946,"01598M07:33:43.610","01598 06:46:32",211.92,897.42,,,,"     ",5.10,58.36,7.74
1598,539335947,"01598M07:33:44.583","01598 06:46:33",212.02,897.48,,,,"     ",5.10,58.28,7.73
1598,539335948,"01598M07:33:45.556","01598 06:46:34",212.10,897.49,,,,"     ",5.10,58.28,7.73
1598,539335949,"01598M07:33:46.530","01598 06:46:34",212.17,897.55,,,,"     ",5.10,58.49,7.75
1598,539335950,"01598M07:33:47.503","01598 06:46:35",212.22,897.53,,,,"     ",5.10,58.25,7.72
1598,539335951,"01598M07:33:48.476","01598 06:46:36",212.24,897.56,,,,"     ",5.10,58.25,7.72
1598,539335952,"01598M07:33:49.449","01598 06:46:37",212.25,897.60,,,,"     ",5.10,58.30,7.72
1598,539335953,"01598M07:33:50.423","01598 06:46:38",212.26,897.53,,,,"     ",5.10,58.46,7.75
1598,539335954,"01598M07:33:51.396","01598 06:46:39",212.27,897.62,,,,"     ",5.10,58.32,7.72
1598,539335955,"01598M07:33:52.369","01598 06:46:40",212.28,897.59,,,,"     ",5.10,58.46,7.74
1598,539335956,"01598M07:33:53.342","01598 06:46:41",212.29,897.56,,,,"     ",5.10,58.51,7.75
1598,539335957,"01598M07:33:54.316","01598 06:46:42",212.32,897.56,,,,"     ",5.10,58.54,7.75
1598,539335958,"01598M07:33:55.289","01598 06:46:43",212.33,897.58,,,,"     ",5.10,58.63,7.76
1598,539335959,"01598M07:33:56.262","01598 06:46:44",212.35,897.62,,,,"     ",5.10,58.55,7.75
1598,539335960,"01598M07:33:57.235","01598 06:46:45",212.37,897.59,,,,"     ",5.10,58.53,7.75
1598,539335961,"01598M07:33:58.209","01598 06:46:46",212.41,897.69,,,,"     ",5.10,58.84,7.79
1598,539335962,"01598M07:33:59.182","01598 06:46:47",212.45,897.64,,,,"     ",5.10,58.52,7.74
1598,539335963,"01598M07:34:00.155","01598 06:46:48",212.51,897.66,,,,"     ",5.10,58.51,7.74
1598,539335964,"01598M07:34:01.128","01598 06:46:49",212.56,897.62,,,,"     ",5.10,58.68,7.76
1598,539335965,"01598M07:34:02.102","01598 06:46:50",212.62,897.64,,,,"     ",5.10,58.53,7.74
1598,539335966,"01598M07:34:03.075","01598 06:46:51",212.68,897.59,,,,"     ",5.10,58.37,7.72
1598,539335967,"01598M07:34:04.048","01598 06:46:52",212.73,897.59,,,,"     ",5.10,58.57,7.74
1598,539335968,"01598M07:34:05.022","01598 06:46:53",212.77,897.56,,,,"     ",5.10,58.38,7.72
1598,539335969,"01598M07:34:05.995","01598 06:46:54",212.81,897.58,,,,"     ",5.10,58.61,7.74
1598,539335970,"01598M07:34:06.968","01598 06:46:55",212.84,897.60,,,,"     ",5.10,58.47,7.72
1598,539335971,"01598M07:34:07.941","01598 06:46:56",212.88,897.50,,,,"     ",5.10,58.77,7.76
1598,539335972,"01598M07:34:08.915","01598 06:46:57",212.91,897.51,,,,"     ",5.10,58.56,7.73
1598,539335973,"01598M07:34:09.888","01598 06:46:58",212.95,897.58,,,,"     ",5.10,58.61,7.74
1598,539335974,"01598M07:34:10.861","01598 06:46:59",212.98,897.55,,,,"     ",5.10,58.22,7.68
1598,539335975,"01598M07:34:11.834","01598 06:47:00",213.02,897.60,,,,"     ",5.10,58.54,7.73
1598,539335976,"01598M07:34:12.808","01598 06:47:01",213.06,897.61,,,,"     ",5.10,58.41,7.71
1598,539335977,"01598M07:34:13.781","01598 06:47:02",213.10,897.59,,,,"     ",5.10,58.30,7.69
1598,539335978,"01598M07:34:14.754","01598 06:47:03",213.15,897.55,,,,"     ",5.10,58.13,7.67
1598,539335979,"01598M07:34:15.727","01598 06:47:04",213.20,897.64,,,,"     ",5.10,58.34,7.69
1598,539335980,"01598M07:34:16.701","01598 06:47:05",213.24,897.59,,,,"     ",5.10,58.39,7.70
1598,539335981,"01598M07:34:17.674","01598 06:47:06",213.26,897.50,,,,"     ",5.10,58.50,7.71
1598,539335982,"01598M07:34:18.647","01598 06:47:07",213.27,897.47,,,,"     ",5.10,58.14,7.66
1598,539335983,"01598M07:34:19.620","01598 06:47:08",213.26,897.49,,,,"     ",5.10,58.11,7.65
1598,539335984,"01598M07:34:20.594","01598 06:47:09",213.23,897.54,,,,"     ",5.10,58.20,7.66
1598,539335985,"01598M07:34:21.567","01598 06:47:10",213.19,897.49,,,,"     ",5.10,58.11,7.65
1598,539335986,"01598M07:34:22.540","01598 06:47:10",213.16,897.53,,,,"     ",5.10,58.07,7.65
1598,539335987,"01598M07:34:23.513","01598 06:47:11",213.13,897.53,,,,"     ",5.10,58.06,7.64
1598,539335988,"01598M07:34:24.487","01598 06:47:12",213.11,897.57,,,,"     ",5.10,58.00,7.63
1598,539335989,"01598M07:34:25.460","01598 06:47:13",213.10,897.59,,,,"     ",5.10,57.70,7.59
1598,539335990,"01598M07:34:26.433","01598 06:47:14",213.10,897.58,,,,"     ",5.10,57.83,7.60
1598,539335991,"01598M07:34:27.406","01598 06:47:15",213.11,897.62,,,,"     ",5.10,57.77,7.59
1598,539335992,"01598M07:34:28.380","01598 06:47:16",213.15,897.58,,,,"     ",5.10,57.99,7.62
1598,539335993,"01598M07:34:29.353","01598 06:47:17",213.20,897.60,,,,"     ",5.10,57.85,7.60
1598,539335994,"01598M07:34:30.326","01598 06:47:18",213.28,897.52,,,,"     ",5.10,57.93,7.61
1598,539335995,"01598M07:34:31.299","01598 06:47:19",213.38,897.61,,,,"     ",5.10,58.03,7.62
1598,539335996,"01598M07:34:32.273","01598 06:47:20",213.47,897.59,,,,"     ",5.10,57.69,7.57
1598,539335997,"01598M07:34:33.246","01598 06:47:21",213.57,897.54,,,,"     ",5.10,57.68,7.57
1598,539335998,"01598M07:34:34.219","01598 06:47:22",213.65,897.59,,,,"     ",5.10,57.79,7.58
1598,539335999,"01598M07:34:35.192","01598 06:47:23",213.72,897.66,,,,"     ",5.10,57.77,7.58
1598,539336000,"01598M07:34:36.166","01598 06:47:24",213.76,897.63,,,,"     ",5.10,57.90,7.59
1598,539336001,"01598M07:34:37.139","01598 06:47:25",213.80,897.60,,,,"     ",5.10,57.96,7.60
1598,539336002,"01598M07:34:38.112","01598 06:47:26",213.82,897.58,,,,"     ",5.10,57.99,7.60
1598,539336003,"01598M07:34:39.085","01598 06:47:27",213.84,897.55,,,,"     ",5.10,57.65,7.55
1598,539336004,"01598M07:34:40.059","01598 06:47:28",213.86,897.54,,,,"     ",5.10,57.55,7.54
1598,539336005,"01598M07:34:41.032","01598 06:47:29",213.88,897.55,,,,"     ",5.10,58.11,7.61
1598,539336006,"01598M07:34:42.005","01598 06:47:30",213.91,897.47,,,,"     ",5.10,57.77,7.56
1598,539336007,"01598M07:34:42.978","01598 06:47:31",213.96,897.54,,,,"     ",5.10,57.73,7.55
1598,539336008,"01598M07:34:43.952","01598 06:47:32",214.02,897.57,,,,"     ",5.10,57.70,7.54
1598,539336009,"01598M07:34:44.925","01598 06:47:33",214.09,897.58,,,,"     ",5.10,57.92,7.57
1598,539336010,"01598M07:34:45.898","01598 06:47:34",214.16,897.56,,,,"     ",5.10,57.86,7.56
1598,539336011,"01598M07:34:46.871","01598 06:47:35",214.22,897.62,,,,"     ",5.10,57.81,7.55
1598,539336012,"01598M07:34:47.845","01598 06:47:36",214.25,897.63,,,,"     ",5.10,57.90,7.56
1598,539336013,"01598M07:34:48.818","01598 06:47:37",214.26,897.64,,,,"     ",5.10,57.88,7.55
1598,539336014,"01598M07:34:49.791","01598 06:47:38",214.25,897.56,,,,"     ",5.10,57.73,7.53
1598,539336015,"01598M07:34:50.764","01598 06:47:39",214.22,897.57,,,,"     ",5.10,57.47,7.50
1598,539336016,"01598M07:34:51.738","01598 06:47:40",214.16,897.65,,,,"     ",5.10,57.75,7.53
1598,539336017,"01598M07:34:52.711","01598 06:47:41",214.08,897.60,,,,"     ",5.10,57.62,7.51
1598,539336018,"01598M07:34:53.684","01598 06:47:42",213.98,897.63,,,,"     ",5.10,57.87,7.54
1598,539336019,"01598M07:34:54.657","01598 06:47:43",213.88,897.68,,,,"     ",5.10,57.82,7.53
1598,539336020,"01598M07:34:55.631","01598 06:47:44",213.77,897.64,,,,"     ",5.10,57.87,7.53
1598,539336021,"01598M07:34:56.604","01598 06:47:45",213.66,897.56,,,,"     ",5.10,57.90,7.53
1598,539336022,"01598M07:34:57.577","01598 06:47:46",213.55,897.59,,,,"     ",5.10,57.89,7.53
1598,539336023,"01598M07:34:58.550","01598 06:47:47",213.46,897.61,,,,"     ",5.10,57.83,7.52
1598,539336024,"01598M07:34:59.524","01598 06:47:47",213.38,897.53,,,,"     ",5.10,58.03,7.54
1598,539336025,"01598M07:35:00.497","01598 06:47:48",213.32,897.62,,,,"     ",5.10,57.77,7.51
1598,539336026,"01598M07:35:01.470","01598 06:47:49",213.25,897.66,,,,"     ",5.10,57.91,7.53
1598,539336027,"01598M07:35:02.443","01598 06:47:50",213.20,897.65,,,,"     ",5.10,57.80,7.51
1598,539336028,"01598M07:35:03.417","01598 06:47:51",213.14,897.61,,,,"     ",5.10,57.99,7.53
1598,539336029,"01598M07:35:04.390","01598 06:47:52",213.08,897.62,,,,"     ",5.10,57.77,7.50
1598,539336030,"01598M07:35:05.363","01598 06:47:53",213.01,897.64,,,,"     ",5.10,57.77,7.50
1598,539336031,"01598M07:35:06.336","01598 06:47:54",212.93,897.65,,,,"     ",5.10,58.00,7.53
1598,539336032,"01598M07:35:07.310","01598 06:47:55",212.86,897.62,,,,"     ",5.10,57.89,7.51
1598,539336033,"01598M07:35:08.283","01598 06:47:56",212.79,897.67,,,,"     ",5.10,57.97,7.52
1598,539336034,"01598M07:35:09.256","01598 06:47:57",212.73,897.66,,,,"     ",5.10,58.09,7.54
1598,539336035,"01598M07:35:10.229","01598 06:47:58",212.68,897.64,,,,"     ",5.10,58.09,7.53
1598,539336036,"01598M07:35:11.203","01598 06:47:59",212.63,897.65,,,,"     ",5.10,57.98,7.52
1598,539336037,"01598M07:35:12.176","01598 06:48:00",212.57,897.59,,,,"     ",5.10,58.01,7.52
1598,539336038,"01598M07:35:13.149","01598 06:48:01",212.51,897.54,,,,"     ",5.10,58.33,7.56
1598,539336039,"01598M07:35:14.122","01598 06:48:02",212.45,897.59,,,,"     ",5.10,58.33,7.56
1598,539336040,"01598M07:35:15.096","01598 06:48:03",212.39,897.60,,,,"     ",5.10,58.20,7.54
1598,539336041,"01598M07:35:16.069","01598 06:48:04",212.34,897.60,,,,"     ",5.10,58.18,7.54
1598,539336042,"01598M07:35:17.042","01598 06:48:05",212.29,897.61,,,,"     ",5.10,57.98,7.51
1598,539336043,"01598M07:35:18.016","01598 06:48:06",212.26,897.58,,,,"     ",5.10,58.21,7.54
1598,539336044,"01598M07:35:18.989","01598 06:48:07",212.22,897.50,,,,"     ",5.10,58.32,7.56
1598,539336045,"01598M07:35:19.962","01598 06:48:08",212.18,897.53,,,,"     ",5.10,58.17,7.54
1598,539336046,"01598M07:35:20.935","01598 06:48:09",212.14,897.49,,,,"     ",5.10,58.25,7.54
1598,539336047,"01598M07:35:21.909","01598 06:48:10",212.11,897.53,,,,"     ",5.10,58.55,7.58
1598,539336048,"01598M07:35:22.882","01598 06:48:11",212.08,897.55,,,,"     ",5.10,58.16,7.53
1598,539336049,"01598M07:35:23.855","01598 06:48:12",212.07,897.54,,,,"     ",5.10,58.49,7.58
1598,539336050,"01598M07:35:24.828","01598 06:48:13",212.07,897.59,,,,"     ",5.10,58.36,7.56
1598,539336051,"01598M07:35:25.802","01598 06:48:14",212.09,897.65,,,,"     ",5.10,58.44,7.57
1598,539336052,"01598M07:35:26.775","01598 06:48:15",212.12,897.62,,,,"     ",5.10,58.30,7.55
1598,539336053,"01598M07:35:27.748","01598 06:48:16",212.18,897.59,,,,"     ",5.10,58.47,7.57
1598,539336054,"01598M07:35:28.721","01598 06:48:17",212.24,897.56,,,,"     ",5.10,58.18,7.53
1598,539336055,"01598M07:35:29.695","01598 06:48:18",212.29,897.58,,,,"     ",5.10,58.25,7.54
1598,539336056,"01598M07:35:30.668","01598 06:48:19",212.34,897.69,,,,"     ",5.10,58.38,7.56
1598,539336057,"01598M07:35:31.641","01598 06:48:20",212.40,897.60,,,,"     ",5.10,58.26,7.54
1598,539336058,"01598M07:35:32.614","01598 06:48:21",212.47,897.64,,,,"     ",5.10,58.43,7.56
1598,539336059,"01598M07:35:33.588","01598 06:48:22",212.55,897.70,,,,"     ",5.10,58.25,7.54
1598,539336060,"01598M07:35:34.561","01598 06:48:23",212.62,897.70,,,,"     ",5.10,58.28,7.54
1598,539336061,"01598M07:35:35.534","01598 06:48:23",212.68,897.64,,,,"     ",5.10,58.14,7.52
1598,539336062,"01598M07:35:36.507","01598 06:48:24",212.74,897.61,,,,"     ",5.10,58.18,7.53
1598,539336063,"01598M07:35:37.481","01598 06:48:25",212.78,897.58,,,,"     ",5.10,58.62,7.58
1598,539336064,"01598M07:35:38.454","01598 06:48:26",212.80,897.62,,,,"     ",5.10,58.17,7.52
1598,539336065,"01598M07:35:39.427","01598 06:48:27",212.82,897.59,,,,"     ",5.10,58.24,7.53
1598,539336066,"01598M07:35:40.400","01598 06:48:28",212.82,897.55,,,,"     ",5.10,58.48,7.56
1598,539336067,"01598M07:35:41.374","01598 06:48:29",212.80,897.56,,,,"     ",5.10,58.32,7.53
1598,539336068,"01598M07:35:42.347","01598 06:48:30",212.78,897.60,,,,"     ",5.10,58.29,7.53
1598,539336069,"01598M07:35:43.320","01598 06:48:31",212.74,897.64,,,,"     ",5.10,58.25,7.52
1598,539336070,"01598M07:35:44.293","01598 06:48:32",212.69,897.59,,,,"     ",5.10,58.46,7.55
1598,539336071,"01598M07:35:45.267","01598 06:48:33",212.62,897.57,,,,"     ",5.10,58.19,7.51
1598,539336072,"01598M07:35:46.240","01598 06:48:34",212.55,897.60,,,,"     ",5.10,58.33,7.53
1598,539336073,"01598M07:35:47.213","01598 06:48:35",212.46,897.64,,,,"     ",5.10,58.36,7.53
1598,539336074,"01598M07:35:48.186","01598 06:48:36",212.35,897.56,,,,"     ",5.10,58.00,7.48
1598,539336075,"01598M07:35:49.160","01598 06:48:37",212.96,897.62,,,,"     ",5.10,58.14,7.50
1598,539336076,"01598M07:35:50.133","01598 06:48:38",212.94,897.60,,,,"     ",5.10,58.17,7.50
1598,539336077,"01598M07:35:51.106","01598 06:48:39",212.93,897.67,,,,"     ",5.10,58.08,7.49
1598,539336078,"01598M07:35:52.079","01598 06:48:40",212.92,897.67,,,,"     ",5.10,58.28,7.51
1598,539336079,"01598M07:35:53.053","01598 06:48:41",212.91,897.63,,,,"     ",5.10,58.17,7.50
1598,539336080,"01598M07:35:54.026","01598 06:48:42",212.90,897.60,,,,"     ",5.10,57.81,7.45
1598,539336081,"01598M07:35:54.999","01598 06:48:43",212.90,897.55,,,,"     ",5.10,58.02,7.47
1598,539336082,"01598M07:35:55.972","01598 06:48:44",212.90,897.58,,,,"     ",5.10,58.14,7.49
1598,539336083,"01598M07:35:56.946","01598 06:48:45",212.90,897.57,,,,"     ",5.10,57.86,7.45
1598,539336084,"01598M07:35:57.919","01598 06:48:46",212.91,897.57,,,,"     ",5.10,57.76,7.44
1598,539336085,"01598M07:35:58.892","01598 06:48:47",212.92,897.57,,,,"     ",5.10,57.86,7.45
1598,539336086,"01598M07:35:59.865","01598 06:48:48",212.94,897.62,,,,"     ",5.10,57.58,7.41
1598,539336087,"01598M07:36:00.839","01598 06:48:49",212.96,897.58,,,,"     ",5.10,57.77,7.43
1598,539336088,"01598M07:36:01.812","01598 06:48:50",212.97,897.62,,,,"     ",5.10,57.70,7.42
1598,539336089,"01598M07:36:02.785","01598 06:48:51",212.98,897.62,,,,"     ",5.10,57.71,7.42
1598,539336090,"01598M07:36:03.758","01598 06:48:52",213.03,897.56,,,,"     ",5.10,57.76,7.43
1598,539336091,"01598M07:36:04.732","01598 06:48:53",213.07,897.55,,,,"     ",5.10,57.87,7.44
1598,539336092,"01598M07:36:05.705","01598 06:48:54",213.11,897.55,,,,"     ",5.10,57.71,7.42
1598,539336093,"01598M07:36:06.678","01598 06:48:55",213.14,897.56,,,,"     ",5.10,57.90,7.44
1598,539336094,"01598M07:36:07.651","01598 06:48:56",213.14,897.60,,,,"     ",5.10,57.61,7.40
1598,539336095,"01598M07:36:08.625","01598 06:48:57",213.13,897.63,,,,"     ",5.10,57.93,7.44
1598,539336096,"01598M07:36:09.598","01598 06:48:58",213.11,897.66,,,,"     ",5.10,57.82,7.43
1598,539336097,"01598M07:36:10.571","01598 06:48:59",213.07,897.63,,,,"     ",5.10,57.47,7.38
1598,539336098,"01598M07:36:11.544","01598 06:48:59",213.03,897.57,,,,"     ",5.10,57.86,7.43
1598,539336099,"01598M07:36:12.518","01598 06:49:00",212.99,897.57,,,,"     ",5.10,57.70,7.41
1598,539336100,"01598M07:36:13.491","01598 06:49:01",212.97,897.60,,,,"     ",5.10,57.74,7.41
1598,539336101,"01598M07:36:14.464","01598 06:49:02",212.97,897.63,,,,"     ",5.10,57.75,7.41
1598,539336102,"01598M07:36:15.437","01598 06:49:03",212.98,897.53,,,,"     ",5.10,57.88,7.42
1598,539336103,"01598M07:36:16.411","01598 06:49:04",213.00,897.56,,,,"     ",5.10,57.79,7.41
1598,539336104,"01598M07:36:17.384","01598 06:49:05",213.04,897.59,,,,"     ",5.10,57.95,7.43
1598,539336105,"01598M07:36:18.357","01598 06:49:06",213.08,897.63,,,,"     ",5.10,57.84,7.41
1598,539336106,"01598M07:36:19.330","01598 06:49:07",213.12,897.66,,,,"     ",5.10,57.49,7.36
1598,539336107,"01598M07:36:20.304","01598 06:49:08",213.15,897.54,,,,"     ",5.10,57.57,7.37
1598,539336108,"01598M07:36:21.277","01598 06:49:09",213.19,897.66,,,,"     ",5.10,57.54,7.36
1598,539336109,"01598M07:36:22.250","01598 06:49:10",213.22,897.69,,,,"     ",5.10,57.76,7.39
1598,539336110,"01598M07:36:23.223","01598 06:49:11",213.23,897.66,,,,"     ",5.10,57.83,7.40
1598,539336111,"01598M07:36:24.197","01598 06:49:12",213.23,897.62,,,,"     ",5.10,57.67,7.38
1598,539336112,"01598M07:36:25.170","01598 06:49:13",213.22,897.63,,,,"     ",5.10,57.96,7.41
1598,539336113,"01598M07:36:26.143","01598 06:49:14",213.20,897.60,,,,"     ",5.10,57.76,7.38
1598,539336114,"01598M07:36:27.117","01598 06:49:15",213.18,897.61,,,,"     ",5.10,57.84,7.39
1598,539336115,"01598M07:36:28.090","01598 06:49:16",213.17,897.66,,,,"     ",5.10,57.75,7.38
1598,539336116,"01598M07:36:29.063","01598 06:49:17",213.16,897.63,,,,"     ",5.10,57.77,7.38
1598,539336117,"01598M07:36:30.036","01598 06:49:18",213.17,897.64,,,,"     ",5.10,57.80,7.38
1598,539336118,"01598M07:36:31.010","01598 06:49:19",213.20,897.67,,,,"     ",5.10,57.70,7.37
1598,539336119,"01598M07:36:31.983","01598 06:49:20",213.26,897.66,,,,"     ",5.10,58.00,7.41
1598,539336120,"01598M07:36:32.956","01598 06:49:21",213.33,897.56,,,,"     ",5.10,57.84,7.38
1598,539336121,"01598M07:36:33.929","01598 06:49:22",213.43,897.67,,,,"     ",5.10,58.19,7.43
1598,539336122,"01598M07:36:34.903","01598 06:49:23",213.54,897.63,,,,"     ",5.10,58.30,7.44
1598,539336123,"01598M07:36:35.876","01598 06:49:24",213.65,897.70,,,,"     ",5.10,58.16,7.42
1598,539336124,"01598M07:36:36.849","01598 06:49:25",213.76,897.59,,,,"     ",5.10,58.43,7.45
1598,539336125,"01598M07:36:37.822","01598 06:49:26",213.88,897.65,,,,"     ",5.10,58.21,7.42
1598,539336126,"01598M07:36:38.796","01598 06:49:27",214.00,897.57,,,,"     ",5.10,58.23,7.42
1598,539336127,"01598M07:36:39.769","01598 06:49:28",214.14,897.67,,,,"     ",5.10,58.36,7.43
1598,539336128,"01598M07:36:40.742","01598 06:49:29",214.28,897.68,,,,"     ",5.10,58.41,7.43
1598,539336129,"01598M07:36:41.715","01598 06:49:30",214.43,897.61,,,,"     ",5.10,58.62,7.46
1598,539336130,"01598M07:36:42.689","01598 06:49:31",214.57,897.60,,,,"     ",5.10,58.49,7.44
1598,539336131,"01598M07:36:43.662","01598 06:49:32",214.67,897.60,,,,"     ",5.10,58.67,7.46
1598,539336132,"01598M07:36:44.635","01598 06:49:33",214.75,897.69,,,,"     ",5.10,58.55,7.44
1598,539336133,"01598M07:36:45.608","01598 06:49:34",214.80,897.75,,,,"     ",5.10,58.66,7.45
1598,539336134,"01598M07:36:46.582","01598 06:49:35",214.84,897.71,,,,"     ",5.10,58.82,7.47
1598,539336135,"01598M07:36:47.555","01598 06:49:35",214.86,897.76,,,,"     ",5.10,58.53,7.42
1598,539336136,"01598M07:36:48.528","01598 06:49:36",214.89,897.74,,,,"     ",5.10,58.83,7.46
1598,539336137,"01598M07:36:49.501","01598 06:49:37",214.94,897.72,,,,"     ",5.10,58.82,7.45
1598,539336138,"01598M07:36:50.475","01598 06:49:38",214.99,897.73,,,,"     ",5.10,59.21,7.50
1598,539336139,"01598M07:36:51.448","01598 06:49:39",215.05,897.79,,,,"     ",5.10,59.19,7.50
1598,539336140,"01598M07:36:52.421","01598 06:49:40",215.11,897.77,,,,"     ",5.10,59.15,7.48
1598,539336141,"01598M07:36:53.394","01598 06:49:41",215.16,897.74,,,,"     ",5.10,59.15,7.48
1598,539336142,"01598M07:36:54.368","01598 06:49:42",215.21,897.63,,,,"     ",5.10,59.41,7.51
1598,539336143,"01598M07:36:55.341","01598 06:49:43",215.26,897.68,,,,"     ",5.10,59.10,7.47
1598,539336144,"01598M07:36:56.314","01598 06:49:44",215.31,897.73,,,,"     ",5.10,59.31,7.49
1598,539336145,"01598M07:36:57.287","01598 06:49:45",215.36,897.70,,,,"     ",5.10,59.47,7.51
1598,539336146,"01598M07:36:58.261","01598 06:49:46",215.42,897.68,,,,"     ",5.10,59.41,7.50
1598,539336147,"01598M07:36:59.234","01598 06:49:47",215.48,897.74,,,,"     ",5.10,59.54,7.51
1598,539336148,"01598M07:37:00.207","01598 06:49:48",215.53,897.77,,,,"     ",5.10,59.33,7.48
1598,539336149,"01598M07:37:01.180","01598 06:49:49",215.56,897.80,,,,"     ",5.10,59.75,7.53
1598,539336150,"01598M07:37:02.154","01598 06:49:50",215.59,897.82,,,,"     ",5.10,59.45,7.49
1598,539336151,"01598M07:37:03.127","01598 06:49:51",215.61,897.75,,,,"     ",5.10,59.63,7.51
1598,539336152,"01598M07:37:04.100","01598 06:49:52",215.63,897.80,,,,"     ",5.10,59.92,7.54
1598,539336153,"01598M07:37:05.073","01598 06:49:53",215.66,897.80,,,,"     ",5.10,59.56,7.49
1598,539336154,"01598M07:37:06.047","01598 06:49:54",215.70,897.78,,,,"     ",5.10,60.03,7.55
1598,539336155,"01598M07:37:07.020","01598 06:49:55",215.75,897.72,,,,"     ",5.10,59.83,7.52
1598,539336156,"01598M07:37:07.993","01598 06:49:56",215.79,897.72,,,,"     ",5.10,59.74,7.50
1598,539336157,"01598M07:37:08.966","01598 06:49:57",215.83,897.77,,,,"     ",5.10,59.95,7.53
1598,539336158,"01598M07:37:09.940","01598 06:49:58",215.85,897.81,,,,"     ",5.10,59.93,7.52
1598,539336159,"01598M07:37:10.913","01598 06:49:59",215.86,897.70,,,,"     ",5.10,60.13,7.54
1598,539336160,"01598M07:37:11.886","01598 06:50:00",215.86,897.74,,,,"     ",5.10,60.16,7.54
1598,539336161,"01598M07:37:12.859","01598 06:50:01",215.84,897.77,,,,"     ",5.10,60.16,7.54
1598,539336162,"01598M07:37:13.833","01598 06:50:02",215.81,897.74,,,,"     ",5.10,60.13,7.53
1598,539336163,"01598M07:37:14.806","01598 06:50:03",215.76,897.68,,,,"     ",5.10,60.06,7.52
1598,539336164,"01598M07:37:15.779","01598 06:50:04",215.69,897.77,,,,"     ",5.10,60.11,7.52
1598,539336165,"01598M07:37:16.752","01598 06:50:05",215.60,897.71,,,,"     ",5.10,60.12,7.52
1598,539336166,"01598M07:37:17.726","01598 06:50:06",215.50,897.74,,,,"     ",5.10,60.14,7.52
1598,539336167,"01598M07:37:18.699","01598 06:50:07",215.42,897.71,,,,"     ",5.10,60.11,7.51
1598,539336168,"01598M07:37:19.672","01598 06:50:08",215.35,897.65,,,,"     ",5.10,60.16,7.52
1598,539336169,"01598M07:37:20.645","01598 06:50:09",215.30,897.67,,,,"     ",5.10,60.38,7.54
1598,539336170,"01598M07:37:21.619","01598 06:50:10",215.28,897.63,,,,"     ",5.10,60.19,7.51
1598,539336171,"01598M07:37:22.592","01598 06:50:11",215.27,897.73,,,,"     ",5.10,60.30,7.53
1598,539336172,"01598M07:37:23.565","01598 06:50:11",215.28,897.68,,,,"     ",5.10,60.14,7.50
1598,539336173,"01598M07:37:24.538","01598 06:50:12",215.29,897.78,,,,"     ",5.10,60.18,7.50
1598,539336174,"01598M07:37:25.512","01598 06:50:13",215.31,897.76,,,,"     ",5.10,60.05,7.48
1598,539336175,"01598M07:37:26.485","01598 06:50:14",215.32,897.81,,,,"     ",5.10,60.20,7.50
1598,539336176,"01598M07:37:27.458","01598 06:50:15",215.34,897.76,,,,"     ",5.10,60.26,7.51
1598,539336177,"01598M07:37:28.431","01598 06:50:16",215.35,897.78,,,,"     ",5.10,60.27,7.51
1598,539336178,"01598M07:37:29.405","01598 06:50:17",215.37,897.78,,,,"     ",5.10,60.26,7.50
1598,539336179,"01598M07:37:30.378","01598 06:50:18",215.38,897.74,,,,"     ",5.10,60.54,7.54
1598,539336180,"01598M07:37:31.351","01598 06:50:19",215.38,897.79,,,,"     ",5.10,60.42,7.52
1598,539336181,"01598M07:37:32.324","01598 06:50:20",215.37,897.78,,,,"     ",5.10,60.39,7.51
1598,539336182,"01598M07:37:33.298","01598 06:50:21",215.35,897.77,,,,"     ",5.10,60.17,7.48
1598,539336183,"01598M07:37:34.271","01598 06:50:22",215.33,897.71,,,,"     ",5.10,60.16,7.47
1598,539336184,"01598M07:37:35.244","01598 06:50:23",215.31,897.76,,,,"     ",5.10,60.50,7.52
1598,539336185,"01598M07:37:36.218","01598 06:50:24",215.31,897.80,,,,"     ",5.10,60.38,7.50
1598,539336186,"01598M07:37:37.191","01598 06:50:25",215.33,897.76,,,,"     ",5.10,60.65,7.53
1598,539336187,"01598M07:37:38.164","01598 06:50:26",215.37,897.75,,,,"     ",5.10,60.31,7.48
1598,539336188,"01598M07:37:39.137","01598 06:50:27",215.44,897.76,,,,"     ",5.10,60.46,7.50
1598,539336189,"01598M07:37:40.111","01598 06:50:28",215.51,897.73,,,,"     ",5.10,60.39,7.49
1598,539336190,"01598M07:37:41.084","01598 06:50:29",215.59,897.77,,,,"     ",5.10,60.33,7.48
1598,539336191,"01598M07:37:42.057","01598 06:50:30",215.67,897.75,,,,"     ",5.10,60.48,7.49
1598,539336192,"01598M07:37:43.030","01598 06:50:31",215.74,897.81,,,,"     ",5.10,60.38,7.48
1598,539336193,"01598M07:37:44.004","01598 06:50:32",215.80,897.75,,,,"     ",5.10,60.57,7.50
1598,539336194,"01598M07:37:44.977","01598 06:50:33",215.83,897.68,,,,"     ",5.10,60.36,7.47
1598,539336195,"01598M07:37:45.950","01598 06:50:34",215.85,897.72,,,,"     ",5.10,60.45,7.48
1598,539336196,"01598M07:37:46.923","01598 06:50:35",215.86,897.81,,,,"     ",5.10,60.52,7.49
1598,539336197,"01598M07:37:47.897","01598 06:50:36",215.84,897.82,,,,"     ",5.10,60.19,7.44
1598,539336198,"01598M07:37:48.870","01598 06:50:37",215.82,897.83,,,,"     ",5.10,60.61,7.49
1598,539336199,"01598M07:37:49.843","01598 06:50:38",215.79,897.87,,,,"     ",5.10,60.70,7.50
1598,539336200,"01598M07:37:50.816","01598 06:50:39",215.76,897.88,,,,"     ",5.10,60.58,7.49
1598,539336201,"01598M07:37:51.790","01598 06:50:40",215.72,897.72,,,,"     ",5.10,60.63,7.49
1598,539336202,"01598M07:37:52.763","01598 06:50:41",215.68,897.71,,,,"     ",5.10,60.40,7.46
1598,539336203,"01598M07:37:53.736","01598 06:50:42",215.63,897.72,,,,"     ",5.10,60.28,7.44
1598,539336204,"01598M07:37:54.709","01598 06:50:43",215.56,897.75,,,,"     ",5.10,60.45,7.46
1598,539336205,"01598M07:37:55.683","01598 06:50:44",215.48,897.74,,,,"     ",5.10,60.50,7.46
1598,539336206,"01598M07:37:56.656","01598 06:50:45",215.39,897.71,,,,"     ",5.10,60.75,7.49
1598,539336207,"01598M07:37:57.629","01598 06:50:46",215.30,897.76,,,,"     ",5.10,60.39,7.44
1598,539336208,"01598M07:37:58.602","01598 06:50:47",215.21,897.83,,,,"     ",5.10,60.58,7.47
1598,539336209,"01598M07:37:59.576","01598 06:50:47",215.12,897.81,,,,"     ",5.10,60.59,7.46
1598,539336210,"01598M07:38:00.549","01598 06:50:48",215.04,897.82,,,,"     ",5.10,60.57,7.46
1598,539336211,"01598M07:38:01.522","01598 06:50:49",214.95,897.81,,,,"     ",5.10,60.46,7.45
1598,539336212,"01598M07:38:02.495","01598 06:50:50",214.85,897.73,,,,"     ",5.10,60.44,7.44
1598,539336213,"01598M07:38:03.469","01598 06:50:51",214.75,897.79,,,,"     ",5.10,60.54,7.45
1598,539336214,"01598M07:38:04.442","01598 06:50:52",214.66,897.74,,,,"     ",5.10,60.34,7.42
1598,539336215,"01598M07:38:05.415","01598 06:50:53",214.60,897.76,,,,"     ",5.10,60.67,7.46
1598,539336216,"01598M07:38:06.388","01598 06:50:54",214.55,897.67,,,,"     ",5.10,60.60,7.45
1598,539336217,"01598M07:38:07.362","01598 06:50:55",214.51,897.77,,,,"     ",5.10,60.41,7.43
1598,539336218,"01598M07:38:08.335","01598 06:50:56",214.47,897.75,,,,"     ",5.10,60.52,7.44
1598,539336219,"01598M07:38:09.308","01598 06:50:57",214.42,897.75,,,,"     ",5.10,60.43,7.43
1598,539336220,"01598M07:38:10.281","01598 06:50:58",214.37,897.73,,,,"     ",5.10,60.63,7.45
1598,539336221,"01598M07:38:11.255","01598 06:50:59",214.30,897.80,,,,"     ",5.10,60.49,7.43
1598,539336222,"01598M07:38:12.228","01598 06:51:00",214.21,897.70,,,,"     ",5.10,60.39,7.42
1598,539336223,"01598M07:38:13.201","01598 06:51:01",214.11,897.73,,,,"     ",5.10,60.48,7.43
1598,539336224,"01598M07:38:14.174","01598 06:51:02",214.01,897.76,,,,"     ",5.10,60.25,7.40
1598,539336225,"01598M07:38:15.148","01598 06:51:03",213.89,897.71,,,,"     ",5.10,60.42,7.42
1598,539336226,"01598M07:38:16.121","01598 06:51:04",213.75,897.70,,,,"     ",5.10,60.63,7.45
1598,539336227,"01598M07:38:17.094","01598 06:51:05",213.59,897.78,,,,"     ",5.10,60.44,7.42
1598,539336228,"01598M07:38:18.067","01598 06:51:06",213.41,897.83,,,,"     ",5.10,60.09,7.38
1598,539336229,"01598M07:38:19.041","01598 06:51:07",213.22,897.83,,,,"     ",5.10,60.41,7.42
1598,539336230,"01598M07:38:20.014","01598 06:51:08",213.03,897.78,,,,"     ",5.10,60.29,7.40
1598,539336231,"01598M07:38:20.987","01598 06:51:09",212.86,897.82,,,,"     ",5.10,60.44,7.42
1598,539336232,"01598M07:38:21.960","01598 06:51:10",212.74,897.80,,,,"     ",5.10,60.42,7.42
1598,539336233,"01598M07:38:22.934","01598 06:51:11",212.67,897.77,,,,"     ",5.10,60.40,7.42
1598,539336234,"01598M07:38:23.907","01598 06:51:12",212.61,897.79,,,,"     ",5.10,60.22,7.39
1598,539336235,"01598M07:38:24.880","01598 06:51:13",212.57,897.79,,,,"     ",5.10,60.02,7.37
1598,539336236,"01598M07:38:25.853","01598 06:51:14",212.54,897.84,,,,"     ",5.10,60.18,7.39
1598,539336237,"01598M07:38:26.827","01598 06:51:15",212.50,897.85,,,,"     ",5.10,60.24,7.40
1598,539336238,"01598M07:38:27.800","01598 06:51:16",212.47,897.73,,,,"     ",5.10,60.07,7.37
1598,539336239,"01598M07:38:28.773","01598 06:51:17",212.44,897.79,,,,"     ",5.10,60.24,7.40
1598,539336240,"01598M07:38:29.746","01598 06:51:18",212.42,897.78,,,,"     ",5.10,60.16,7.38
1598,539336241,"01598M07:38:30.720","01598 06:51:19",212.41,897.78,,,,"     ",5.10,60.13,7.38
1598,539336242,"01598M07:38:31.693","01598 06:51:20",212.42,897.88,,,,"     ",5.10,60.07,7.37
1598,539336243,"01598M07:38:32.666","01598 06:51:21",212.44,897.90,,,,"     ",5.10,60.21,7.39
1598,539336244,"01598M07:38:33.639","01598 06:51:22",212.47,897.87,,,,"     ",5.10,59.91,7.35
1598,539336245,"01598M07:38:34.613","01598 06:51:23",212.49,897.89,,,,"     ",5.10,60.04,7.37
1598,539336246,"01598M07:38:35.586","01598 06:51:23",212.49,897.85,,,,"     ",5.10,59.81,7.34
1598,539336247,"01598M07:38:36.559","01598 06:51:24",212.48,897.83,,,,"     ",5.10,59.85,7.35
1598,539336248,"01598M07:38:37.532","01598 06:51:25",212.46,897.82,,,,"     ",5.10,60.14,7.38
1598,539336249,"01598M07:38:38.506","01598 06:51:26",212.45,897.86,,,,"     ",5.10,59.96,7.36
1598,539336250,"01598M07:38:39.479","01598 06:51:27",212.44,897.87,,,,"     ",5.10,59.98,7.36
1598,539336251,"01598M07:38:40.452","01598 06:51:28",212.43,897.82,,,,"     ",5.10,60.05,7.37
1598,539336252,"01598M07:38:41.425","01598 06:51:29",212.40,897.79,,,,"     ",5.10,59.96,7.36
1598,539336253,"01598M07:38:42.399","01598 06:51:30",212.36,897.83,,,,"     ",5.10,60.24,7.40
1598,539336254,"01598M07:38:43.372","01598 06:51:31",212.29,897.76,,,,"     ",5.10,59.89,7.35
1598,539336255,"01598M07:38:44.345","01598 06:51:32",212.21,897.83,,,,"     ",5.10,59.88,7.35
1598,539336256,"01598M07:38:45.319","01598 06:51:33",212.12,897.84,,,,"     ",5.10,60.12,7.38
1598,539336257,"01598M07:38:46.292","01598 06:51:34",212.06,897.88,,,,"     ",5.10,60.15,7.38
1598,539336258,"01598M07:38:47.265","01598 06:51:35",212.01,897.92,,,,"     ",5.10,60.10,7.38
1598,539336259,"01598M07:38:48.238","01598 06:51:36",212.39,897.86,,,,"     ",5.10,60.10,7.38
1598,539336260,"01598M07:38:49.212","01598 06:51:37",212.35,897.96,,,,"     ",5.10,59.87,7.35
1598,539336261,"01598M07:38:50.185","01598 06:51:38",212.32,897.93,,,,"     ",5.10,60.12,7.38
1598,539336262,"01598M07:38:51.158","01598 06:51:39",212.29,897.86,,,,"     ",5.10,60.09,7.38
1598,539336263,"01598M07:38:52.131","01598 06:51:40",212.27,897.87,,,,"     ",5.10,59.82,7.34
1598,539336264,"01598M07:38:53.105","01598 06:51:41",212.25,897.81,,,,"     ",5.10,60.14,7.38
1598,539336265,"01598M07:38:54.078","01598 06:51:42",212.23,897.83,,,,"     ",5.10,60.23,7.39
1598,539336266,"01598M07:38:55.051","01598 06:51:43",212.20,897.84,,,,"     ",5.10,60.21,7.39
1598,539336267,"01598M07:38:56.024","01598 06:51:44",212.17,897.81,,,,"     ",5.10,60.02,7.37
1598,539336268,"01598M07:38:56.998","01598 06:51:45",212.13,897.91,,,,"     ",5.10,60.12,7.38
1598,539336269,"01598M07:38:57.971","01598 06:51:46",212.09,897.92,,,,"     ",5.10,60.03,7.37
1598,539336270,"01598M07:38:58.944","01598 06:51:47",212.05,897.84,,,,"     ",5.10,60.18,7.39
1598,539336271,"01598M07:38:59.917","01598 06:51:48",212.01,897.79,,,,"     ",5.10,60.01,7.36
1598,539336272,"01598M07:39:00.891","01598 06:51:49",211.97,897.86,,,,"     ",5.10,60.42,7.42
1598,539336273,"01598M07:39:01.864","01598 06:51:50",211.93,897.82,,,,"     ",5.10,60.29,7.40
1598,539336274,"01598M07:39:02.837","01598 06:51:51",211.89,897.81,,,,"     ",5.10,60.16,7.38
1598,539336275,"01598M07:39:03.810","01598 06:51:52",211.86,897.90,,,,"     ",5.10,60.24,7.39
1598,539336276,"01598M07:39:04.784","01598 06:51:53",211.83,897.86,,,,"     ",5.10,60.17,7.39
1598,539336277,"01598M07:39:05.757","01598 06:51:54",211.80,897.87,,,,"     ",5.10,60.33,7.41
1598,539336278,"01598M07:39:06.730","01598 06:51:55",211.79,897.88,,,,"     ",5.10,60.34,7.41
1598,539336279,"01598M07:39:07.703","01598 06:51:56",211.78,897.86,,,,"     ",5.10,60.26,7.40
1598,539336280,"01598M07:39:08.677","01598 06:51:57",211.77,897.94,,,,"     ",5.10,60.20,7.39
1598,539336281,"01598M07:39:09.650","01598 06:51:58",211.77,897.93,,,,"     ",5.10,60.09,7.37
1598,539336282,"01598M07:39:10.623","01598 06:51:59",211.76,897.93,,,,"     ",5.10,60.39,7.41
1598,539336283,"01598M07:39:11.596","01598 06:52:00",211.75,897.89,,,,"     ",5.10,60.28,7.40
1598,539336284,"01598M07:39:12.570","01598 06:52:00",211.74,897.91,,,,"     ",5.10,60.26,7.40
1598,539336285,"01598M07:39:13.543","01598 06:52:01",211.74,897.89,,,,"     ",5.10,60.04,7.37
1598,539336286,"01598M07:39:14.516","01598 06:52:02",211.73,897.92,,,,"     ",5.10,59.98,7.36
1598,539336287,"01598M07:39:15.489","01598 06:52:03",211.72,897.93,,,,"     ",5.10,60.25,7.40
1598,539336288,"01598M07:39:16.463","01598 06:52:04",211.70,897.88,,,,"     ",5.10,60.19,7.39
1598,539336289,"01598M07:39:17.436","01598 06:52:05",211.65,897.84,,,,"     ",5.10,60.02,7.37
1598,539336290,"01598M07:39:18.409","01598 06:52:06",211.59,897.87,,,,"     ",5.10,59.76,7.33
1598,539336291,"01598M07:39:19.382","01598 06:52:07",211.51,897.82,,,,"     ",5.10,59.87,7.35
1598,539336292,"01598M07:39:20.356","01598 06:52:08",211.42,897.92,,,,"     ",5.10,60.06,7.37
1598,539336293,"01598M07:39:21.329","01598 06:52:09",211.33,897.83,,,,"     ",5.10,59.76,7.33
1598,539336294,"01598M07:39:22.302","01598 06:52:10",211.25,897.90,,,,"     ",5.10,59.85,7.35
1598,539336295,"01598M07:39:23.275","01598 06:52:11",211.19,897.82,,,,"     ",5.10,60.03,7.37
1598,539336296,"01598M07:39:24.249","01598 06:52:12",211.15,897.92,,,,"     ",5.10,59.76,7.33
1598,539336297,"01598M07:39:25.222","01598 06:52:13",211.14,897.86,,,,"     ",5.10,59.93,7.36
1598,539336298,"01598M07:39:26.195","01598 06:52:14",211.14,897.91,,,,"     ",5.10,59.95,7.36
1598,539336299,"01598M07:39:27.168","01598 06:52:15",211.16,897.94,,,,"     ",5.10,59.72,7.33
1598,539336300,"01598M07:39:28.142","01598 06:52:16",211.20,897.91,,,,"     ",5.10,59.65,7.32
1598,539336301,"01598M07:39:29.115","01598 06:52:17",211.25,898.05,,,,"     ",5.10,59.48,7.30
1598,539336302,"01598M07:39:30.088","01598 06:52:18",211.33,897.94,,,,"     ",5.10,59.84,7.35
1598,539336303,"01598M07:39:31.061","01598 06:52:19",211.41,897.95,,,,"     ",5.10,59.74,7.33
1598,539336304,"01598M07:39:32.035","01598 06:52:20",211.51,897.94,,,,"     ",5.10,59.51,7.31
1598,539336305,"01598M07:39:33.008","01598 06:52:21",211.60,897.96,,,,"     ",5.10,59.48,7.30
1598,539336306,"01598M07:39:33.981","01598 06:52:22",211.69,897.93,,,,"     ",5.10,59.47,7.30
1598,539336307,"01598M07:39:34.954","01598 06:52:23",211.75,897.96,,,,"     ",5.10,59.59,7.31
1598,539336308,"01598M07:39:35.928","01598 06:52:24",211.79,897.91,,,,"     ",5.10,59.32,7.28
1598,539336309,"01598M07:39:36.901","01598 06:52:25",211.82,897.93,,,,"     ",5.10,59.53,7.30
1598,539336310,"01598M07:39:37.874","01598 06:52:26",211.84,897.88,,,,"     ",5.10,59.68,7.32
1598,539336311,"01598M07:39:38.847","01598 06:52:27",211.86,897.92,,,,"     ",5.10,59.45,7.29
1598,539336312,"01598M07:39:39.821","01598 06:52:28",211.89,897.87,,,,"     ",5.10,59.61,7.31
1598,539336313,"01598M07:39:40.794","01598 06:52:29",211.94,897.87,,,,"     ",5.10,59.64,7.31
1598,539336314,"01598M07:39:41.767","01598 06:52:30",212.01,897.89,,,,"     ",5.10,59.58,7.30
1598,539336315,"01598M07:39:42.740","01598 06:52:31",212.07,897.92,,,,"     ",5.10,59.77,7.33
1598,539336316,"01598M07:39:43.714","01598 06:52:32",211.83,897.94,,,,"     ",5.10,59.68,7.32
1598,539336317,"01598M07:39:44.687","01598 06:52:33",211.87,897.92,,,,"     ",5.10,59.26,7.26
1598,539336318,"01598M07:39:45.660","01598 06:52:34",211.94,897.94,,,,"     ",5.10,59.68,7.31
1598,539336319,"01598M07:39:46.633","01598 06:52:35",212.00,897.88,,,,"     ",5.10,59.62,7.30
1598,539336320,"01598M07:39:47.607","01598 06:52:36",212.07,897.86,,,,"     ",5.10,59.35,7.27
1598,539336321,"01598M07:39:48.580","01598 06:52:36",212.14,897.91,,,,"     ",5.10,59.41,7.27
1598,539336322,"01598M07:39:49.553","01598 06:52:37",212.21,897.93,,,,"     ",5.10,59.45,7.28
1598,539336323,"01598M07:39:50.526","01598 06:52:38",212.27,897.85,,,,"     ",5.10,59.35,7.26
1598,539336324,"01598M07:39:51.500","01598 06:52:39",212.30,897.87,,,,"     ",5.10,59.44,7.27
1598,539336325,"01598M07:39:52.473","01598 06:52:40",212.31,897.78,,,,"     ",5.10,59.44,7.27
1598,539336326,"01598M07:39:53.446","01598 06:52:41",212.30,897.79,,,,"     ",5.10,59.30,7.25
1598,539336327,"01598M07:39:54.420","01598 06:52:42",212.29,897.82,,,,"     ",5.10,59.55,7.28
1598,539336328,"01598M07:39:55.393","01598 06:52:43",212.29,897.75,,,,"     ",5.10,59.62,7.29
1598,539336329,"01598M07:39:56.366","01598 06:52:44",212.30,897.90,,,,"     ",5.10,59.68,7.29
1598,539336330,"01598M07:39:57.339","01598 06:52:45",212.34,897.88,,,,"     ",5.10,59.46,7.27
1598,539336331,"01598M07:39:58.313","01598 06:52:46",212.38,897.93,,,,"     ",5.10,59.34,7.24
1598,539336332,"01598M07:39:59.286","01598 06:52:47",212.43,897.89,,,,"     ",5.10,59.59,7.28
1598,539336333,"01598M07:40:00.259","01598 06:52:48",212.48,897.90,,,,"     ",5.10,59.44,7.25
1598,539336334,"01598M07:40:01.232","01598 06:52:49",212.53,897.92,,,,"     ",5.10,59.70,7.29
1598,539336335,"01598M07:40:02.206","01598 06:52:50",212.59,897.88,,,,"     ",5.10,59.28,7.23
1598,539336336,"01598M07:40:03.179","01598 06:52:51",212.65,897.92,,,,"     ",5.10,59.31,7.23
1598,539336337,"01598M07:40:04.152","01598 06:52:52",212.71,897.91,,,,"     ",5.10,59.28,7.22
1598,539336338,"01598M07:40:05.125","01598 06:52:53",212.78,897.88,,,,"     ",5.10,59.73,7.28
1598,539336339,"01598M07:40:06.099","01598 06:52:54",212.85,897.98,,,,"     ",5.10,59.42,7.24
1598,539336340,"01598M07:40:07.072","01598 06:52:55",212.91,897.90,,,,"     ",5.10,59.76,7.28
1598,539336341,"01598M07:40:08.045","01598 06:52:56",212.96,897.98,,,,"     ",5.10,59.72,7.27
1598,539336342,"01598M07:40:09.018","01598 06:52:57",212.98,897.90,,,,"     ",5.10,59.75,7.27
1598,539336343,"01598M07:40:09.992","01598 06:52:58",213.01,897.99,,,,"     ",5.10,59.80,7.28
1598,539336344,"01598M07:40:10.965","01598 06:52:59",213.04,897.88,,,,"     ",5.10,59.79,7.27
1598,539336345,"01598M07:40:11.938","01598 06:53:00",213.07,897.93,,,,"     ",5.10,59.89,7.28
1598,539336346,"01598M07:40:12.911","01598 06:53:01",213.09,897.89,,,,"     ",5.10,59.60,7.24
1598,539336347,"01598M07:40:13.885","01598 06:53:02",213.11,897.97,,,,"     ",5.10,59.56,7.23
1598,539336348,"01598M07:40:14.858","01598 06:53:03",213.10,897.96,,,,"     ",5.10,59.76,7.26
1598,539336349,"01598M07:40:15.831","01598 06:53:04",213.08,897.94,,,,"     ",5.10,59.93,7.27
1598,539336350,"01598M07:40:16.804","01598 06:53:05",213.04,897.95,,,,"     ",5.10,59.66,7.24
1598,539336351,"01598M07:40:17.778","01598 06:53:06",213.00,897.92,,,,"     ",5.10,59.66,7.24
1598,539336352,"01598M07:40:18.751","01598 06:53:07",212.94,897.94,,,,"     ",5.10,59.66,7.23
1598,539336353,"01598M07:40:19.724","01598 06:53:08",212.88,897.94,,,,"     ",5.10,59.79,7.25
1598,539336354,"01598M07:40:20.697","01598 06:53:09",212.80,897.89,,,,"     ",5.10,59.90,7.26
1598,539336355,"01598M07:40:21.671","01598 06:53:10",212.72,897.93,,,,"     ",5.10,59.87,7.25
1598,539336356,"01598M07:40:22.644","01598 06:53:11",212.64,897.99,,,,"     ",5.10,59.85,7.25
1598,539336357,"01598M07:40:23.617","01598 06:53:12",212.57,897.96,,,,"     ",5.10,59.64,7.22
1598,539336358,"01598M07:40:24.590","01598 06:53:12",212.50,897.91,,,,"     ",5.10,59.79,7.24
1598,539336359,"01598M07:40:25.564","01598 06:53:13",212.45,898.05,,,,"     ",5.10,59.89,7.25
1598,539336360,"01598M07:40:26.537","01598 06:53:14",212.41,898.06,,,,"     ",5.10,59.75,7.23
1598,539336361,"01598M07:40:27.510","01598 06:53:15",212.37,897.99,,,,"     ",5.10,59.88,7.24
1598,539336362,"01598M07:40:28.483","01598 06:53:16",212.35,898.00,,,,"     ",5.10,59.86,7.24
1598,539336363,"01598M07:40:29.457","01598 06:53:17",212.33,898.00,,,,"     ",5.10,59.49,7.19
1598,539336364,"01598M07:40:30.430","01598 06:53:18",212.31,897.98,,,,"     ",5.10,59.88,7.24
1598,539336365,"01598M07:40:31.403","01598 06:53:19",212.28,898.01,,,,"     ",5.10,59.95,7.25
1598,539336366,"01598M07:40:32.376","01598 06:53:20",212.70,898.01,,,,"     ",5.10,59.86,7.23
1598,539336367,"01598M07:40:33.350","01598 06:53:21",212.64,898.02,,,,"     ",5.10,59.61,7.20
1598,539336368,"01598M07:40:34.323","01598 06:53:22",212.59,898.01,,,,"     ",5.10,59.73,7.21
1598,539336369,"01598M07:40:35.296","01598 06:53:23",212.52,898.07,,,,"     ",5.10,59.79,7.22
1598,539336370,"01598M07:40:36.269","01598 06:53:24",212.46,897.98,,,,"     ",5.10,59.85,7.23
1598,539336371,"01598M07:40:37.243","01598 06:53:25",212.40,897.92,,,,"     ",5.10,59.97,7.24
1598,539336372,"01598M07:40:38.216","01598 06:53:26",212.34,897.89,,,,"     ",5.10,59.90,7.23
1598,539336373,"01598M07:40:39.189","01598 06:53:27",212.29,897.92,,,,"     ",5.10,60.17,7.26
1598,539336374,"01598M07:40:40.162","01598 06:53:28",212.24,897.87,,,,"     ",5.10,60.10,7.25
1598,539336375,"01598M07:40:41.136","01598 06:53:29",212.19,897.94,,,,"     ",5.10,59.98,7.23
1598,539336376,"01598M07:40:42.109","01598 06:53:30",212.14,897.95,,,,"     ",5.10,60.45,7.29
1598,539336377,"01598M07:40:43.082","01598 06:53:31",212.09,897.98,,,,"     ",5.10,60.10,7.25
1598,539336378,"01598M07:40:44.055","01598 06:53:32",212.05,897.95,,,,"     ",5.10,60.14,7.25
1598,539336379,"01598M07:40:45.029","01598 06:53:33",212.01,897.98,,,,"     ",5.10,60.39,7.28
1598,539336380,"01598M07:40:46.002","01598 06:53:34",211.97,898.01,,,,"     ",5.10,60.17,7.26
1598,539336381,"01598M07:40:46.975","01598 06:53:35",211.93,897.95,,,,"     ",5.10,60.13,7.25
1598,539336382,"01598M07:40:47.948","01598 06:53:36",211.90,897.91,,,,"     ",5.10,60.33,7.27
1598,539336383,"01598M07:40:48.922","01598 06:53:37",211.76,898.04,,,,"     ",5.10,60.46,7.29
1598,539336384,"01598M07:40:49.895","01598 06:53:38",211.74,898.00,,,,"     ",5.10,60.41,7.28
1598,539336385,"01598M07:40:50.868","01598 06:53:39",211.72,898.03,,,,"     ",5.10,60.18,7.25
1598,539336386,"01598M07:40:51.841","01598 06:53:40",211.70,897.94,,,,"     ",5.10,60.43,7.28
1598,539336387,"01598M07:40:52.815","01598 06:53:41",211.67,898.01,,,,"     ",5.10,60.64,7.31
1598,539336388,"01598M07:40:53.788","01598 06:53:42",211.65,898.03,,,,"     ",5.10,60.22,7.25
1598,539336389,"01598M07:40:54.761","01598 06:53:43",211.63,897.98,,,,"     ",5.10,60.28,7.26
1598,539336390,"01598M07:40:55.734","01598 06:53:44",211.61,897.99,,,,"     ",5.10,60.45,7.28
1598,539336391,"01598M07:40:56.708","01598 06:53:45",211.59,897.99,,,,"     ",5.10,60.37,7.27
1598,539336392,"01598M07:40:57.681","01598 06:53:46",211.57,898.01,,,,"     ",5.10,60.13,7.24
1598,539336393,"01598M07:40:58.654","01598 06:53:47",211.55,898.02,,,,"     ",5.10,60.26,7.25
1598,539336394,"01598M07:40:59.627","01598 06:53:48",211.54,898.09,,,,"     ",5.10,60.39,7.27
1598,539336395,"01598M07:41:00.601","01598 06:53:48",211.52,898.12,,,,"     ",5.10,60.62,7.30
1598,539336396,"01598M07:41:01.574","01598 06:53:49",211.50,898.06,,,,"     ",5.10,60.35,7.26
1598,539336397,"01598M07:41:02.547","01598 06:53:50",211.48,897.99,,,,"     ",5.10,60.45,7.27
1598,539336398,"01598M07:41:03.521","01598 06:53:51",211.46,898.06,,,,"     ",5.10,60.24,7.25
1598,539336399,"01598M07:41:04.494","01598 06:53:52",211.45,897.97,,,,"     ",5.10,60.43,7.27
1598,539336400,"01598M07:41:05.467","01598 06:53:53",211.43,897.95,,,,"     ",5.10,60.31,7.25
1598,539336401,"01598M07:41:06.440","01598 06:53:54",211.41,898.00,,,,"     ",5.10,60.13,7.23
1598,539336402,"01598M07:41:07.414","01598 06:53:55",211.39,898.06,,,,"     ",5.10,60.29,7.25
1598,539336403,"01598M07:41:08.387","01598 06:53:56",211.37,898.02,,,,"     ",5.10,60.29,7.25
1598,539336404,"01598M07:41:09.360","01598 06:53:57",211.35,898.09,,,,"     ",5.10,60.20,7.24
1598,539336405,"01598M07:41:10.333","01598 06:53:58",211.33,898.03,,,,"     ",5.10,60.11,7.23
1598,539336406,"01598M07:41:11.307","01598 06:53:59",211.30,898.00,,,,"     ",5.10,60.58,7.28
1598,539336407,"01598M07:41:12.280","01598 06:54:00",211.27,897.94,,,,"     ",5.10,60.54,7.28
1598,539336408,"01598M07:41:13.253","01598 06:54:01",211.24,897.94,,,,"     ",5.10,60.51,7.27
1598,539336409,"01598M07:41:14.226","01598 06:54:02",211.22,898.04,,,,"     ",5.10,60.65,7.29
1598,539336410,"01598M07:41:15.200","01598 06:54:03",211.20,898.00,,,,"     ",5.10,60.45,7.26
1598,539336411,"01598M07:41:16.173","01598 06:54:04",211.17,897.97,,,,"     ",5.10,60.48,7.26
1598,539336412,"01598M07:41:17.146","01598 06:54:05",211.15,897.96,,,,"     ",5.10,60.46,7.26
1598,539336413,"01598M07:41:18.119","01598 06:54:06",211.13,898.09,,,,"     ",5.10,60.59,7.28
1598,539336414,"01598M07:41:19.093","01598 06:54:07",211.12,898.04,,,,"     ",5.10,60.46,7.26
1598,539336415,"01598M07:41:20.066","01598 06:54:08",211.10,898.04,,,,"     ",5.10,60.60,7.28
1598,539336416,"01598M07:41:21.039","01598 06:54:09",211.08,898.10,,,,"     ",5.10,60.76,7.30
1598,539336417,"01598M07:41:22.012","01598 06:54:10",211.05,898.05,,,,"     ",5.10,60.64,7.28
1598,539336418,"01598M07:41:22.986","01598 06:54:11",211.02,898.00,,,,"     ",5.10,60.46,7.26
1598,539336419,"01598M07:41:23.959","01598 06:54:12",210.99,898.10,,,,"     ",5.10,60.55,7.27
1598,539336420,"01598M07:41:24.932","01598 06:54:13",210.96,898.09,,,,"     ",5.10,60.61,7.28
1598,539336421,"01598M07:41:25.905","01598 06:54:14",210.94,898.05,,,,"     ",5.10,60.49,7.26
1598,539336422,"01598M07:41:26.879","01598 06:54:15",210.91,898.03,,,,"     ",5.10,60.40,7.25
1598,539336423,"01598M07:41:27.852","01598 06:54:16",210.89,898.00,,,,"     ",5.10,60.82,7.30
1598,539336424,"01598M07:41:28.825","01598 06:54:17",210.87,898.05,,,,"     ",5.10,60.70,7.28
1598,539336425,"01598M07:41:29.798","01598 06:54:18",210.85,898.00,,,,"     ",5.10,60.59,7.27
1598,539336426,"01598M07:41:30.772","01598 06:54:19",210.82,898.08,,,,"     ",5.10,60.75,7.29
1598,539336427,"01598M07:41:31.745","01598 06:54:20",210.81,898.09,,,,"     ",5.10,60.96,7.31
1598,539336428,"01598M07:41:32.718","01598 06:54:21",210.80,898.08,,,,"     ",5.10,60.99,7.32
1598,539336429,"01598M07:41:33.691","01598 06:54:22",210.79,898.14,,,,"     ",5.10,60.79,7.29
1598,539336430,"01598M07:41:34.665","01598 06:54:23",210.78,898.06,,,,"     ",5.10,60.52,7.26
1598,539336431,"01598M07:41:35.638","01598 06:54:24",210.76,898.05,,,,"     ",5.10,60.90,7.30
1598,539336432,"01598M07:41:36.611","01598 06:54:24",210.74,898.06,,,,"     ",5.10,60.74,7.28
1598,539336433,"01598M07:41:37.584","01598 06:54:25",210.71,898.07,,,,"     ",5.10,60.63,7.27
1598,539336434,"01598M07:41:38.558","01598 06:54:26",210.69,898.05,,,,"     ",5.10,60.56,7.26
1598,539336435,"01598M07:41:39.531","01598 06:54:27",210.66,898.02,,,,"     ",5.10,60.79,7.28
1598,539336436,"01598M07:41:40.504","01598 06:54:28",210.64,898.06,,,,"     ",5.10,60.93,7.30
1598,539336437,"01598M07:41:41.477","01598 06:54:29",210.39,898.04,,,,"     ",5.10,61.00,7.31
1598,539336438,"01598M07:41:42.451","01598 06:54:30",210.39,898.10,,,,"     ",5.10,60.78,7.28
1598,539336439,"01598M07:41:43.424","01598 06:54:31",210.40,898.10,,,,"     ",5.10,60.63,7.26
1598,539336440,"01598M07:41:44.397","01598 06:54:32",210.42,898.16,,,,"     ",5.10,60.87,7.29
1598,539336441,"01598M07:41:45.370","01598 06:54:33",210.43,898.12,,,,"     ",5.10,60.78,7.28
1598,539336442,"01598M07:41:46.344","01598 06:54:34",210.42,898.11,,,,"     ",5.10,60.90,7.29
1598,539336443,"01598M07:41:47.317","01598 06:54:35",210.40,898.12,,,,"     ",5.10,60.90,7.29
1598,539336444,"01598M07:41:48.290","01598 06:54:36",210.37,898.08,,,,"     ",5.10,60.74,7.27
1598,539336445,"01598M07:41:49.263","01598 06:54:37",210.33,898.04,,,,"     ",5.10,60.83,7.28
1598,539336446,"01598M07:41:50.237","01598 06:54:38",210.30,898.13,,,,"     ",5.10,60.87,7.29
1598,539336447,"01598M07:41:51.210","01598 06:54:39",210.28,898.07,,,,"     ",5.10,60.88,7.29
1598,539336448,"01598M07:41:52.183","01598 06:54:40",210.25,898.11,,,,"     ",5.10,61.12,7.32
1598,539336449,"01598M07:41:53.156","01598 06:54:41",210.22,898.10,,,,"     ",5.10,60.63,7.25
1598,539336450,"01598M07:41:54.130","01598 06:54:42",210.19,898.10,,,,"     ",5.10,60.81,7.27
1598,539336451,"01598M07:41:55.103","01598 06:54:43",210.47,898.11,,,,"     ",5.10,60.87,7.28
1598,539336452,"01598M07:41:56.076","01598 06:54:44",210.46,898.13,,,,"     ",5.10,60.72,7.26
1598,539336453,"01598M07:41:57.049","01598 06:54:45",210.46,898.09,,,,"     ",5.10,61.01,7.29
1598,539336454,"01598M07:41:58.023","01598 06:54:46",210.47,898.15,,,,"     ",5.10,61.07,7.30
1598,539336455,"01598M07:41:58.996","01598 06:54:47",210.48,898.14,,,,"     ",5.10,61.06,7.30
1598,539336456,"01598M07:41:59.969","01598 06:54:48",210.49,898.18,,,,"     ",5.10,60.73,7.26
1598,539336457,"01598M07:42:00.942","01598 06:54:49",210.23,898.12,,,,"     ",5.10,61.10,7.31
1598,539336458,"01598M07:42:01.916","01598 06:54:50",210.26,898.14,,,,"     ",5.10,61.04,7.30
1598,539336459,"01598M07:42:02.889","01598 06:54:51",210.29,898.16,,,,"     ",5.10,61.18,7.31
1598,539336460,"01598M07:42:03.862","01598 06:54:52",210.29,898.17,,,,"     ",5.10,60.92,7.28
1598,539336461,"01598M07:42:04.835","01598 06:54:53",210.26,898.21,,,,"     ",5.10,60.87,7.27
1598,539336462,"01598M07:42:05.809","01598 06:54:54",210.22,898.17,,,,"     ",5.10,60.72,7.25
1598,539336463,"01598M07:42:06.782","01598 06:54:55",210.17,898.12,,,,"     ",5.10,60.69,7.25
1598,539336464,"01598M07:42:07.755","01598 06:54:56",210.14,898.21,,,,"     ",5.10,61.17,7.31
1598,539336465,"01598M07:42:08.728","01598 06:54:57",210.12,898.15,,,,"     ",5.10,61.11,7.30
1598,539336466,"01598M07:42:09.702","01598 06:54:58",210.12,898.18,,,,"     ",5.10,61.15,7.30
1598,539336467,"01598M07:42:10.675","01598 06:54:59",210.13,898.20,,,,"     ",5.10,61.10,7.29
1598,539336468,"01598M07:42:11.648","01598 06:55:00",210.17,898.19,,,,"     ",5.10,61.18,7.30
1598,539336469,"01598M07:42:12.621","01598 06:55:00",210.21,898.20,,,,"     ",5.10,60.84,7.26
1598,539336470,"01598M07:42:13.595","01598 06:55:01",210.28,898.14,,,,"     ",5.10,61.12,7.29
1598,539336471,"01598M07:42:14.568","01598 06:55:02",210.66,898.08,,,,"     ",5.10,60.95,7.27
1598,539336472,"01598M07:42:15.541","01598 06:55:03",210.76,898.10,,,,"     ",5.10,60.89,7.26
1598,539336473,"01598M07:42:16.515","01598 06:55:04",210.88,898.16,,,,"     ",5.10,60.81,7.25
1598,539336474,"01598M07:42:17.488","01598 06:55:05",211.00,898.11,,,,"     ",5.10,60.86,7.26
1598,539336475,"01598M07:42:18.461","01598 06:55:06",211.11,898.05,,,,"     ",5.10,60.73,7.24
1598,539336476,"01598M07:42:19.434","01598 06:55:07",211.21,898.13,,,,"     ",5.10,60.58,7.22
1598,539336477,"01598M07:42:20.408","01598 06:55:08",211.30,898.19,,,,"     ",5.10,60.85,7.26
1598,539336478,"01598M07:42:21.381","01598 06:55:09",211.37,898.19,,,,"     ",5.10,60.82,7.25
1598,539336479,"01598M07:42:22.354","01598 06:55:10",211.43,898.17,,,,"     ",5.10,60.83,7.25
1598,539336480,"01598M07:42:23.327","01598 06:55:11",211.48,898.17,,,,"     ",5.10,60.90,7.26
1598,539336481,"01598M07:42:24.301","01598 06:55:12",211.52,898.23,,,,"     ",5.10,60.76,7.24
1598,539336482,"01598M07:42:25.274","01598 06:55:13",211.56,898.16,,,,"     ",5.10,60.81,7.24
1598,539336483,"01598M07:42:26.247","01598 06:55:14",211.59,898.29,,,,"     ",5.10,60.80,7.24
1598,539336484,"01598M07:42:27.220","01598 06:55:15",211.61,898.20,,,,"     ",5.10,60.65,7.22
1598,539336485,"01598M07:42:28.194","01598 06:55:16",211.61,898.25,,,,"     ",5.10,60.58,7.21
1598,539336486,"01598M07:42:29.167","01598 06:55:17",211.61,898.20,,,,"     ",5.10,60.96,7.25
1598,539336487,"01598M07:42:30.140","01598 06:55:18",211.61,898.23,,,,"     ",5.10,60.75,7.22
1598,539336488,"01598M07:42:31.113","01598 06:55:19",211.62,898.21,,,,"     ",5.10,60.67,7.21
1598,539336489,"01598M07:42:32.087","01598 06:55:20",211.64,898.14,,,,"     ",5.10,60.66,7.21
1598,539336490,"01598M07:42:33.060","01598 06:55:21",211.67,898.23,,,,"     ",5.10,60.39,7.18
1598,539336491,"01598M07:42:34.033","01598 06:55:22",211.72,898.16,,,,"     ",5.10,60.55,7.19
1598,539336492,"01598M07:42:35.006","01598 06:55:23",211.78,898.20,,,,"     ",5.10,60.56,7.19
1598,539336493,"01598M07:42:35.980","01598 06:55:24",211.85,898.17,,,,"     ",5.10,60.53,7.19
1598,539336494,"01598M07:42:36.953","01598 06:55:25",211.92,898.23,,,,"     ",5.10,60.41,7.17
1598,539336495,"01598M07:42:37.926","01598 06:55:26",211.99,898.15,,,,"     ",5.10,60.44,7.17
1598,539336496,"01598M07:42:38.899","01598 06:55:27",212.06,898.20,,,,"     ",5.10,60.49,7.17
1598,539336497,"01598M07:42:39.873","01598 06:55:28",212.14,898.16,,,,"     ",5.10,60.54,7.18
1598,539336498,"01598M07:42:40.846","01598 06:55:29",212.23,898.14,,,,"     ",5.10,60.68,7.19
1598,539336499,"01598M07:42:41.819","01598 06:55:30",212.06,898.15,,,,"     ",5.10,60.40,7.15
1598,539336500,"01598M07:42:42.792","01598 06:55:31",212.17,898.19,,,,"     ",5.10,60.32,7.14
1598,539336501,"01598M07:42:43.766","01598 06:55:32",212.26,898.15,,,,"     ",5.10,60.31,7.14
1598,539336502,"01598M07:42:44.739","01598 06:55:33",212.32,898.23,,,,"     ",5.10,60.35,7.14
1598,539336503,"01598M07:42:45.712","01598 06:55:34",212.33,898.25,,,,"     ",5.10,60.48,7.16
1598,539336504,"01598M07:42:46.685","01598 06:55:35",212.31,898.22,,,,"     ",5.10,60.35,7.14
1598,539336505,"01598M07:42:47.659","01598 06:55:36",212.28,898.20,,,,"     ",5.10,60.32,7.13
1598,539336506,"01598M07:42:48.632","01598 06:55:36",212.29,898.20,,,,"     ",5.10,60.41,7.14
1598,539336507,"01598M07:42:49.605","01598 06:55:37",212.64,898.18,,,,"     ",5.10,60.36,7.13
1598,539336508,"01598M07:42:50.578","01598 06:55:38",212.67,898.19,,,,"     ",5.10,60.40,7.13
1598,539336509,"01598M07:42:51.552","01598 06:55:39",212.70,898.20,,,,"     ",5.10,60.18,7.10
1598,539336510,"01598M07:42:52.525","01598 06:55:40",212.75,898.21,,,,"     ",5.10,60.50,7.14
1598,539336511,"01598M07:42:53.498","01598 06:55:41",212.39,898.18,,,,"     ",5.10,60.40,7.13
1598,539336512,"01598M07:42:54.471","01598 06:55:42",212.43,898.20,,,,"     ",5.10,60.30,7.11
1598,539336513,"01598M07:42:55.445","01598 06:55:43",212.48,898.25,,,,"     ",5.10,60.31,7.11
1598,539336514,"01598M07:42:56.418","01598 06:55:44",212.53,898.22,,,,"     ",5.10,60.27,7.10
1598,539336515,"01598M07:42:57.391","01598 06:55:45",212.58,898.15,,,,"     ",5.10,60.12,7.08
1598,539336516,"01598M07:42:58.364","01598 06:55:46",212.63,898.24,,,,"     ",5.10,60.07,7.07
1598,539336517,"01598M07:42:59.338","01598 06:55:47",212.67,898.21,,,,"     ",5.10,60.18,7.08
1598,539336518,"01598M07:43:00.311","01598 06:55:48",212.71,898.20,,,,"     ",5.10,60.21,7.08
1598,539336519,"01598M07:43:01.284","01598 06:55:49",212.72,898.19,,,,"     ",5.10,60.02,7.06
1598,539336520,"01598M07:43:02.257","01598 06:55:50",212.69,898.18,,,,"     ",5.10,60.10,7.07
1598,539336521,"01598M07:43:03.231","01598 06:55:51",212.65,898.13,,,,"     ",5.10,60.14,7.07
1598,539336522,"01598M07:43:04.204","01598 06:55:52",212.62,898.16,,,,"     ",5.10,60.10,7.06
1598,539336523,"01598M07:43:05.177","01598 06:55:53",213.09,898.16,,,,"     ",5.10,60.20,7.07
1598,539336524,"01598M07:43:06.150","01598 06:55:54",213.05,898.19,,,,"     ",5.10,59.96,7.04
1598,539336525,"01598M07:43:07.124","01598 06:55:55",213.01,898.22,,,,"     ",5.10,60.05,7.05
1598,539336526,"01598M07:43:08.097","01598 06:55:56",212.98,898.20,,,,"     ",5.10,59.80,7.02
1598,539336527,"01598M07:43:09.070","01598 06:55:57",212.95,898.08,,,,"     ",5.10,59.72,7.01
1598,539336528,"01598M07:43:10.043","01598 06:55:58",212.93,898.09,,,,"     ",5.10,59.72,7.00
1598,539336529,"01598M07:43:11.017","01598 06:55:59",212.92,898.11,,,,"     ",5.10,59.64,6.99
1598,539336530,"01598M07:43:11.990","01598 06:56:00",212.91,898.18,,,,"     ",5.10,59.97,7.03
1598,539336531,"01598M07:43:12.963","01598 06:56:01",212.91,898.14,,,,"     ",5.10,59.84,7.01
1598,539336532,"01598M07:43:13.936","01598 06:56:02",212.90,898.19,,,,"     ",5.10,60.02,7.03
1598,539336533,"01598M07:43:14.910","01598 06:56:03",212.89,898.28,,,,"     ",5.10,59.98,7.03
1598,539336534,"01598M07:43:15.883","01598 06:56:04",212.88,898.26,,,,"     ",5.10,59.75,7.00
1598,539336535,"01598M07:43:16.856","01598 06:56:05",212.86,898.25,,,,"     ",5.10,59.91,7.01
1598,539336536,"01598M07:43:17.829","01598 06:56:06",212.86,898.13,,,,"     ",5.10,59.71,6.99
1598,539336537,"01598M07:43:18.803","01598 06:56:07",212.85,898.18,,,,"     ",5.10,59.62,6.97
1598,539336538,"01598M07:43:19.776","01598 06:56:08",212.84,898.16,,,,"     ",5.10,59.80,7.00
1598,539336539,"01598M07:43:20.749","01598 06:56:09",212.84,898.18,,,,"     ",5.10,59.71,6.98
1598,539336540,"01598M07:43:21.722","01598 06:56:10",212.83,898.28,,,,"     ",5.10,59.69,6.98
1598,539336541,"01598M07:43:22.696","01598 06:56:11",212.83,898.25,,,,"     ",5.10,59.86,7.00
1598,539336542,"01598M07:43:23.669","01598 06:56:12",212.83,898.20,,,,"     ",5.10,59.51,6.96
1598,539336543,"01598M07:43:24.642","01598 06:56:13",212.82,898.28,,,,"     ",5.10,59.67,6.97
1598,539336544,"01598M07:43:25.616","01598 06:56:13",212.80,898.23,,,,"     ",5.10,59.56,6.96
1598,539336545,"01598M07:43:26.589","01598 06:56:14",212.78,898.20,,,,"     ",5.10,59.87,6.99
1598,539336546,"01598M07:43:27.562","01598 06:56:15",212.77,898.13,,,,"     ",5.10,59.43,6.94
1598,539336547,"01598M07:43:28.535","01598 06:56:16",212.76,898.21,,,,"     ",5.10,59.55,6.95
1598,539336548,"01598M07:43:29.509","01598 06:56:17",212.76,898.27,,,,"     ",5.10,59.70,6.97
1598,539336549,"01598M07:43:30.482","01598 06:56:18",212.80,898.20,,,,"     ",5.10,59.29,6.91
1598,539336550,"01598M07:43:31.455","01598 06:56:19",212.87,898.27,,,,"     ",5.10,59.41,6.93
1598,539336551,"01598M07:43:32.428","01598 06:56:20",212.95,898.30,,,,"     ",5.10,59.29,6.91
1598,539336552,"01598M07:43:33.402","01598 06:56:21",212.59,898.23,,,,"     ",5.10,59.52,6.94
1598,539336553,"01598M07:43:34.375","01598 06:56:22",212.65,898.19,,,,"     ",5.10,59.58,6.94
1598,539336554,"01598M07:43:35.348","01598 06:56:23",212.71,898.19,,,,"     ",5.10,59.27,6.91
1598,539336555,"01598M07:43:36.321","01598 06:56:24",212.76,898.26,,,,"     ",5.10,59.21,6.90
1598,539336556,"01598M07:43:37.295","01598 06:56:25",212.80,898.17,,,,"     ",5.10,59.46,6.92
1598,539336557,"01598M07:43:38.268","01598 06:56:26",212.83,898.19,,,,"     ",5.10,59.35,6.91
1598,539336558,"01598M07:43:39.241","01598 06:56:27",212.86,898.22,,,,"     ",5.10,59.24,6.89
1598,539336559,"01598M07:43:40.214","01598 06:56:28",212.88,898.23,,,,"     ",5.10,59.28,6.90
1598,539336560,"01598M07:43:41.188","01598 06:56:29",212.90,898.28,,,,"     ",5.10,59.57,6.93
1598,539336561,"01598M07:43:42.161","01598 06:56:30",213.45,898.26,,,,"     ",5.10,59.40,6.91
1598,539336562,"01598M07:43:43.134","01598 06:56:31",213.44,898.17,,,,"     ",5.10,59.39,6.90
1598,539336563,"01598M07:43:44.107","01598 06:56:32",213.42,898.23,,,,"     ",5.10,59.36,6.90
1598,539336564,"01598M07:43:45.081","01598 06:56:33",213.40,898.24,,,,"     ",5.10,59.51,6.92
1598,539336565,"01598M07:43:46.054","01598 06:56:34",213.38,898.22,,,,"     ",5.10,59.48,6.91
1598,539336566,"01598M07:43:47.027","01598 06:56:35",213.37,898.33,,,,"     ",5.10,59.66,6.93
1598,539336567,"01598M07:43:48.000","01598 06:56:36",213.36,898.27,,,,"     ",5.10,59.56,6.91
1598,539336568,"01598M07:43:48.974","01598 06:56:37",213.37,898.33,,,,"     ",5.10,59.47,6.90
1598,539336569,"01598M07:43:49.947","01598 06:56:38",212.87,898.31,,,,"     ",5.10,59.26,6.88
1598,539336570,"01598M07:43:50.920","01598 06:56:39",212.87,898.27,,,,"     ",5.10,59.48,6.90
1598,539336571,"01598M07:43:51.893","01598 06:56:40",212.86,898.31,,,,"     ",5.10,59.31,6.88
1598,539336572,"01598M07:43:52.867","01598 06:56:41",212.86,898.27,,,,"     ",5.10,59.59,6.91
1598,539336573,"01598M07:43:53.840","01598 06:56:42",212.86,898.24,,,,"     ",5.10,59.33,6.87
1598,539336574,"01598M07:43:54.813","01598 06:56:43",212.87,898.24,,,,"     ",5.10,59.33,6.87
1598,539336575,"01598M07:43:55.786","01598 06:56:44",212.87,898.28,,,,"     ",5.10,59.43,6.88
1598,539336576,"01598M07:43:56.760","01598 06:56:45",212.87,898.28,,,,"     ",5.10,59.46,6.89
1598,539336577,"01598M07:43:57.733","01598 06:56:46",212.88,898.19,,,,"     ",5.10,59.47,6.88
1598,539336578,"01598M07:43:58.706","01598 06:56:47",212.89,898.25,,,,"     ",5.10,59.29,6.86
1598,539336579,"01598M07:43:59.679","01598 06:56:48",212.91,898.19,,,,"     ",5.10,59.76,6.91
1598,539336580,"01598M07:44:00.653","01598 06:56:49",212.94,898.17,,,,"     ",5.10,59.44,6.87
1598,539336581,"01598M07:44:01.626","01598 06:56:49",212.97,898.20,,,,"     ",5.10,59.61,6.89
1598,539336582,"01598M07:44:02.599","01598 06:56:50",213.02,898.17,,,,"     ",5.10,59.50,6.88
1598,539336583,"01598M07:44:03.572","01598 06:56:51",213.08,898.17,,,,"     ",5.10,59.67,6.90
1598,539336584,"01598M07:44:04.546","01598 06:56:52",213.15,898.22,,,,"     ",5.10,59.43,6.86
1598,539336585,"01598M07:44:05.519","01598 06:56:53",213.22,898.19,,,,"     ",5.10,59.68,6.89
1598,539336586,"01598M07:44:06.492","01598 06:56:54",213.29,898.29,,,,"     ",5.10,59.51,6.87
1598,539336587,"01598M07:44:07.465","01598 06:56:55",213.37,898.31,,,,"     ",5.10,59.86,6.91
1598,539336588,"01598M07:44:08.439","01598 06:56:56",213.45,898.28,,,,"     ",5.10,60.13,6.94
1598,539336589,"01598M07:44:09.412","01598 06:56:57",213.53,898.29,,,,"     ",5.10,59.71,6.89
1598,539336590,"01598M07:44:10.385","01598 06:56:58",213.61,898.33,,,,"     ",5.10,60.13,6.94
1598,539336591,"01598M07:44:11.358","01598 06:56:59",213.69,898.34,,,,"     ",5.10,60.11,6.93
1598,539336592,"01598M07:44:12.332","01598 06:57:00",213.75,898.34,,,,"     ",5.10,60.08,6.92
1598,539336593,"01598M07:44:13.305","01598 06:57:01",213.79,898.34,,,,"     ",5.10,60.05,6.92
1598,539336594,"01598M07:44:14.278","01598 06:57:02",213.79,898.41,,,,"     ",5.10,60.07,6.92
1598,539336595,"01598M07:44:15.251","01598 06:57:03",213.75,898.29,,,,"     ",5.10,60.04,6.91
1598,539336596,"01598M07:44:16.225","01598 06:57:04",213.68,898.31,,,,"     ",5.10,60.32,6.94
1598,539336597,"01598M07:44:17.198","01598 06:57:05",213.61,898.37,,,,"     ",5.10,60.31,6.94
1598,539336598,"01598M07:44:18.171","01598 06:57:06",213.55,898.35,,,,"     ",5.10,60.41,6.94
1598,539336599,"01598M07:44:19.144","01598 06:57:07",213.52,898.33,,,,"     ",5.10,60.47,6.95
1598,539336600,"01598M07:44:20.118","01598 06:57:08",213.49,898.32,,,,"     ",5.10,60.36,6.93
1598,539336601,"01598M07:44:21.091","01598 06:57:09",213.48,898.32,,,,"     ",5.10,60.31,6.93
1598,539336602,"01598M07:44:22.064","01598 06:57:10",213.47,898.30,,,,"     ",5.10,60.50,6.94
1598,539336603,"01598M07:44:23.037","01598 06:57:11",213.47,898.36,,,,"     ",5.10,60.14,6.90
1598,539336604,"01598M07:44:24.011","01598 06:57:12",213.49,898.34,,,,"     ",5.10,60.52,6.94
1598,539336605,"01598M07:44:24.984","01598 06:57:13",213.52,898.39,,,,"     ",5.10,60.26,6.91
1598,539336606,"01598M07:44:25.957","01598 06:57:14",213.56,898.34,,,,"     ",5.10,60.33,6.91
1598,539336607,"01598M07:44:26.930","01598 06:57:15",213.62,898.33,,,,"     ",5.10,60.28,6.91
1598,539336608,"01598M07:44:27.904","01598 06:57:16",213.70,898.31,,,,"     ",5.10,60.30,6.90
1598,539336609,"01598M07:44:28.877","01598 06:57:17",213.80,898.34,,,,"     ",5.10,60.44,6.92
1598,539336610,"01598M07:44:29.850","01598 06:57:18",213.90,898.28,,,,"     ",5.10,60.52,6.93
1598,539336611,"01598M07:44:30.823","01598 06:57:19",213.99,898.32,,,,"     ",5.10,60.50,6.92
1598,539336612,"01598M07:44:31.797","01598 06:57:20",214.06,898.32,,,,"     ",5.10,60.52,6.92
1598,539336613,"01598M07:44:32.770","01598 06:57:21",214.10,898.30,,,,"     ",5.10,60.50,6.92
1598,539336614,"01598M07:44:33.743","01598 06:57:22",214.11,898.33,,,,"     ",5.10,60.34,6.89
1598,539336615,"01598M07:44:34.717","01598 06:57:23",214.10,898.32,,,,"     ",5.10,60.44,6.90
1598,539336616,"01598M07:44:35.690","01598 06:57:24",214.08,898.32,,,,"     ",5.10,60.64,6.92
1598,539336617,"01598M07:44:36.663","01598 06:57:25",214.07,898.26,,,,"     ",5.10,60.85,6.95
1598,539336618,"01598M07:44:37.636","01598 06:57:25",214.07,898.31,,,,"     ",5.10,60.74,6.93
1598,539336619,"01598M07:44:38.610","01598 06:57:26",214.07,898.32,,,,"     ",5.10,60.77,6.93
1598,539336620,"01598M07:44:39.583","01598 06:57:27",214.07,898.31,,,,"     ",5.10,60.67,6.92
1598,539336621,"01598M07:44:40.556","01598 06:57:28",214.05,898.40,,,,"     ",5.10,60.81,6.93
1598,539336622,"01598M07:44:41.529","01598 06:57:29",214.02,898.47,,,,"     ",5.10,60.68,6.91
1598,539336623,"01598M07:44:42.503","01598 06:57:30",213.98,898.41,,,,"     ",5.10,60.86,6.93
1598,539336624,"01598M07:44:43.476","01598 06:57:31",213.94,898.34,,,,"     ",5.10,60.72,6.91
1598,539336625,"01598M07:44:44.449","01598 06:57:32",213.90,898.37,,,,"     ",5.10,60.87,6.93
1598,539336626,"01598M07:44:45.422","01598 06:57:33",213.86,898.40,,,,"     ",5.10,60.82,6.92
1598,539336627,"01598M07:44:46.396","01598 06:57:34",213.83,898.41,,,,"     ",5.10,60.73,6.91
1598,539336628,"01598M07:44:47.369","01598 06:57:35",213.83,898.42,,,,"     ",5.10,60.87,6.92
1598,539336629,"01598M07:44:48.342","01598 06:57:36",213.85,898.43,,,,"     ",5.10,61.04,6.94
1598,539336630,"01598M07:44:49.315","01598 06:57:37",213.88,898.36,,,,"     ",5.10,60.94,6.92
1598,539336631,"01598M07:44:50.289","01598 06:57:38",213.92,898.32,,,,"     ",5.10,60.89,6.92
1598,539336632,"01598M07:44:51.262","01598 06:57:39",213.96,898.37,,,,"     ",5.10,60.76,6.90
1598,539336633,"01598M07:44:52.235","01598 06:57:40",214.00,898.32,,,,"     ",5.10,60.72,6.89
1598,539336634,"01598M07:44:53.208","01598 06:57:41",214.04,898.38,,,,"     ",5.10,60.67,6.88
1598,539336635,"01598M07:44:54.182","01598 06:57:42",214.08,898.41,,,,"     ",5.10,60.63,6.88
1598,539336636,"01598M07:44:55.155","01598 06:57:43",214.12,898.43,,,,"     ",5.10,60.68,6.88
1598,539336637,"01598M07:44:56.128","01598 06:57:44",214.16,898.33,,,,"     ",5.10,60.64,6.87
1598,539336638,"01598M07:44:57.101","01598 06:57:45",214.19,898.34,,,,"     ",5.10,60.91,6.90
1598,539336639,"01598M07:44:58.075","01598 06:57:46",214.20,898.32,,,,"     ",5.10,60.92,6.90
1598,539336640,"01598M07:44:59.048","01598 06:57:47",214.19,898.33,,,,"     ",5.10,60.90,6.90
1598,539336641,"01598M07:45:00.021","01598 06:57:48",214.16,898.26,,,,"     ",5.10,60.80,6.88
1598,539336642,"01598M07:45:00.994","01598 06:57:49",214.11,898.34,,,,"     ",5.10,60.87,6.89
1598,539336643,"01598M07:45:01.968","01598 06:57:50",214.07,898.43,,,,"     ",5.10,61.06,6.91
1598,539336644,"01598M07:45:02.941","01598 06:57:51",214.05,898.45,,,,"     ",5.10,60.93,6.89
1598,539336645,"01598M07:45:03.914","01598 06:57:52",214.04,898.37,,,,"     ",5.10,60.84,6.88
1598,539336646,"01598M07:45:04.887","01598 06:57:53",214.05,898.36,,,,"     ",5.10,60.90,6.88
1598,539336647,"01598M07:45:05.861","01598 06:57:54",214.06,898.38,,,,"     ",5.10,61.03,6.89
1598,539336648,"01598M07:45:06.834","01598 06:57:55",214.08,898.30,,,,"     ",5.10,60.78,6.86
1598,539336649,"01598M07:45:07.807","01598 06:57:56",214.09,898.34,,,,"     ",5.10,60.84,6.87
1598,539336650,"01598M07:45:08.780","01598 06:57:57",214.09,898.41,,,,"     ",5.10,60.76,6.86
1598,539336651,"01598M07:45:09.754","01598 06:57:58",214.09,898.34,,,,"     ",5.10,61.16,6.90
1598,539336652,"01598M07:45:10.727","01598 06:57:59",214.07,898.39,,,,"     ",5.10,61.19,6.90
1598,539336653,"01598M07:45:11.700","01598 06:58:00",214.04,898.36,,,,"     ",5.10,61.11,6.89
1598,539336654,"01598M07:45:12.673","01598 06:58:01",214.02,898.39,,,,"     ",5.10,61.41,6.92
1598,539336655,"01598M07:45:13.647","01598 06:58:01",214.01,898.43,,,,"     ",5.10,61.36,6.92
1598,539336656,"01598M07:45:14.620","01598 06:58:02",213.99,898.45,,,,"     ",5.10,61.02,6.87
1598,539336657,"01598M07:45:15.593","01598 06:58:03",213.99,898.45,,,,"     ",5.10,61.40,6.92
1598,539336658,"01598M07:45:16.566","01598 06:58:04",213.98,898.39,,,,"     ",5.10,61.54,6.93
1598,539336659,"01598M07:45:17.540","01598 06:58:05",213.98,898.30,,,,"     ",5.10,61.33,6.90
1598,539336660,"01598M07:45:18.513","01598 06:58:06",213.97,898.46,,,,"     ",5.10,61.70,6.95
1598,539336661,"01598M07:45:19.486","01598 06:58:07",213.93,898.44,,,,"     ",5.10,61.42,6.91
1598,539336662,"01598M07:45:20.459","01598 06:58:08",213.89,898.48,,,,"     ",5.10,61.21,6.88
1598,539336663,"01598M07:45:21.433","01598 06:58:09",213.83,898.55,,,,"     ",5.10,61.33,6.90
1598,539336664,"01598M07:45:22.406","01598 06:58:10",213.77,898.52,,,,"     ",5.10,61.32,6.89
1598,539336665,"01598M07:45:23.379","01598 06:58:11",213.71,898.48,,,,"     ",5.10,61.34,6.89
1598,539336666,"01598M07:45:24.352","01598 06:58:12",213.66,898.55,,,,"     ",5.10,61.38,6.90
1598,539336667,"01598M07:45:25.326","01598 06:58:13",213.62,898.50,,,,"     ",5.10,61.50,6.91
1598,539336668,"01598M07:45:26.299","01598 06:58:14",214.29,898.43,,,,"     ",5.10,61.52,6.91
1598,539336669,"01598M07:45:27.272","01598 06:58:15",214.25,898.48,,,,"     ",5.10,61.31,6.88
1598,539336670,"01598M07:45:28.245","01598 06:58:16",213.52,898.47,,,,"     ",5.10,61.48,6.90
1598,539336671,"01598M07:45:29.219","01598 06:58:17",213.50,898.54,,,,"     ",5.10,61.57,6.91
1598,539336672,"01598M07:45:30.192","01598 06:58:18",213.49,898.54,,,,"     ",5.10,61.48,6.90
1598,539336673,"01598M07:45:31.165","01598 06:58:19",213.49,898.58,,,,"     ",5.10,61.30,6.88
1598,539336674,"01598M07:45:32.138","01598 06:58:20",213.50,898.47,,,,"     ",5.10,61.40,6.88
1598,539336675,"01598M07:45:33.112","01598 06:58:21",213.52,898.55,,,,"     ",5.10,61.37,6.88
1598,539336676,"01598M07:45:34.085","01598 06:58:22",213.55,898.55,,,,"     ",5.10,61.40,6.88
1598,539336677,"01598M07:45:35.058","01598 06:58:23",213.54,898.51,,,,"     ",5.10,61.61,6.90
1598,539336678,"01598M07:45:36.031","01598 06:58:24",213.53,898.41,,,,"     ",5.10,61.55,6.89
1598,539336679,"01598M07:45:37.005","01598 06:58:25",213.53,898.42,,,,"     ",5.10,61.71,6.91
1598,539336680,"01598M07:45:37.978","01598 06:58:26",213.53,898.41,,,,"     ",5.10,61.33,6.87
1598,539336681,"01598M07:45:38.951","01598 06:58:27",213.53,898.44,,,,"     ",5.10,61.42,6.88
1598,539336682,"01598M07:45:39.924","01598 06:58:28",213.54,898.39,,,,"     ",5.10,61.42,6.88
1598,539336683,"01598M07:45:40.898","01598 06:58:29",213.55,898.41,,,,"     ",5.10,61.28,6.86
1598,539336684,"01598M07:45:41.871","01598 06:58:30",213.55,898.50,,,,"     ",5.10,61.72,6.91
1598,539336685,"01598M07:45:42.844","01598 06:58:31",213.56,898.42,,,,"     ",5.10,61.29,6.86
1598,539336686,"01598M07:45:43.818","01598 06:58:32",213.58,898.42,,,,"     ",5.10,61.48,6.88
1598,539336687,"01598M07:45:44.791","01598 06:58:33",213.59,898.45,,,,"     ",5.10,61.31,6.85
1598,539336688,"01598M07:45:45.764","01598 06:58:34",213.61,898.44,,,,"     ",5.10,61.29,6.85
1598,539336689,"01598M07:45:46.737","01598 06:58:35",213.63,898.40,,,,"     ",5.10,61.45,6.87
1598,539336690,"01598M07:45:47.711","01598 06:58:36",213.65,898.38,,,,"     ",5.10,61.50,6.87
1598,539336691,"01598M07:45:48.684","01598 06:58:37",213.65,898.45,,,,"     ",5.10,61.21,6.84
1598,539336692,"01598M07:45:49.657","01598 06:58:37",213.64,898.46,,,,"     ",5.10,61.19,6.83
1598,539336693,"01598M07:45:50.630","01598 06:58:38",213.63,898.43,,,,"     ",5.10,61.35,6.85
1598,539336694,"01598M07:45:51.604","01598 06:58:39",213.62,898.42,,,,"     ",5.10,61.42,6.86
1598,539336695,"01598M07:45:52.577","01598 06:58:40",213.62,898.45,,,,"     ",5.10,61.22,6.83
1598,539336696,"01598M07:45:53.550","01598 06:58:41",213.62,898.38,,,,"     ",5.10,61.53,6.87
1598,539336697,"01598M07:45:54.523","01598 06:58:42",213.62,898.47,,,,"     ",5.10,61.37,6.85
1598,539336698,"01598M07:45:55.497","01598 06:58:43",213.62,898.50,,,,"     ",5.10,61.41,6.85
1598,539336699,"01598M07:45:56.470","01598 06:58:44",213.62,898.52,,,,"     ",5.10,61.31,6.84
1598,539336700,"01598M07:45:57.443","01598 06:58:45",213.63,898.53,,,,"     ",5.10,61.14,6.82
1598,539336701,"01598M07:45:58.416","01598 06:58:46",213.65,898.52,,,,"     ",5.10,61.46,6.85
1598,539336702,"01598M07:45:59.390","01598 06:58:47",213.67,898.52,,,,"     ",5.10,61.18,6.82
1598,539336703,"01598M07:46:00.363","01598 06:58:48",213.70,898.45,,,,"     ",5.10,61.35,6.83
1598,539336704,"01598M07:46:01.336","01598 06:58:49",213.76,898.48,,,,"     ",5.10,61.54,6.86
1598,539336705,"01598M07:46:02.309","01598 06:58:50",213.82,898.42,,,,"     ",5.10,61.33,6.83
1598,539336706,"01598M07:46:03.283","01598 06:58:51",213.85,898.44,,,,"     ",5.10,61.43,6.84
1598,539336707,"01598M07:46:04.256","01598 06:58:52",213.86,898.38,,,,"     ",5.10,61.05,6.79
1598,539336708,"01598M07:46:05.229","01598 06:58:53",213.86,898.37,,,,"     ",5.10,61.43,6.84
1598,539336709,"01598M07:46:06.202","01598 06:58:54",213.85,898.38,,,,"     ",5.10,61.13,6.80
1598,539336710,"01598M07:46:07.176","01598 06:58:55",213.85,898.45,,,,"     ",5.10,61.33,6.82
1598,539336711,"01598M07:46:08.149","01598 06:58:56",213.83,898.49,,,,"     ",5.10,61.09,6.79
1598,539336712,"01598M07:46:09.122","01598 06:58:57",213.82,898.47,,,,"     ",5.10,61.12,6.79
1598,539336713,"01598M07:46:10.095","01598 06:58:58",213.82,898.37,,,,"     ",5.10,61.16,6.80
1598,539336714,"01598M07:46:11.069","01598 06:58:59",213.83,898.40,,,,"     ",5.10,61.51,6.84
1598,539336715,"01598M07:46:12.042","01598 06:59:00",213.86,898.35,,,,"     ",5.10,61.21,6.80
1598,539336716,"01598M07:46:13.015","01598 06:59:01",213.90,898.47,,,,"     ",5.10,61.21,6.80
1598,539336717,"01598M07:46:13.988","01598 06:59:02",213.95,898.41,,,,"     ",5.10,60.90,6.76
1598,539336718,"01598M07:46:14.962","01598 06:59:03",214.00,898.40,,,,"     ",5.10,61.25,6.80
1598,539336719,"01598M07:46:15.935","01598 06:59:04",214.04,898.47,,,,"     ",5.10,61.13,6.78
1598,539336720,"01598M07:46:16.908","01598 06:59:05",214.09,898.45,,,,"     ",5.10,61.33,6.80
1598,539336721,"01598M07:46:17.881","01598 06:59:06",214.13,898.40,,,,"     ",5.10,61.14,6.78
1598,539336722,"01598M07:46:18.855","01598 06:59:07",214.17,898.39,,,,"     ",5.10,60.97,6.76
1598,539336723,"01598M07:46:19.828","01598 06:59:08",214.22,898.37,,,,"     ",5.10,61.09,6.77
1598,539336724,"01598M07:46:20.801","01598 06:59:09",214.27,898.45,,,,"     ",5.10,61.15,6.77
1598,539336725,"01598M07:46:21.774","01598 06:59:10",214.33,898.40,,,,"     ",5.10,60.83,6.74
1598,539336726,"01598M07:46:22.748","01598 06:59:11",214.36,898.49,,,,"     ",5.10,61.17,6.78
1598,539336727,"01598M07:46:23.721","01598 06:59:12",214.39,898.42,,,,"     ",5.10,61.00,6.75
1598,539336728,"01598M07:46:24.694","01598 06:59:13",214.39,898.45,,,,"     ",5.10,60.68,6.71
1598,539336729,"01598M07:46:25.667","01598 06:59:13",214.37,898.47,,,,"     ",5.10,61.00,6.75
1598,539336730,"01598M07:46:26.641","01598 06:59:14",214.33,898.47,,,,"     ",5.10,60.93,6.74
1598,539336731,"01598M07:46:27.614","01598 06:59:15",214.29,898.49,,,,"     ",5.10,61.00,6.75
1598,539336732,"01598M07:46:28.587","01598 06:59:16",214.25,898.37,,,,"     ",5.10,61.15,6.76
1598,539336733,"01598M07:46:29.560","01598 06:59:17",214.24,898.45,,,,"     ",5.10,60.56,6.69
1598,539336734,"01598M07:46:30.534","01598 06:59:18",214.24,898.56,,,,"     ",5.10,60.65,6.70
1598,539336735,"01598M07:46:31.507","01598 06:59:19",214.24,898.48,,,,"     ",5.10,60.73,6.71
1598,539336736,"01598M07:46:32.480","01598 06:59:20",214.24,898.48,,,,"     ",5.10,60.83,6.72
1598,539336737,"01598M07:46:33.453","01598 06:59:21",214.25,898.45,,,,"     ",5.10,60.88,6.72
1598,539336738,"01598M07:46:34.427","01598 06:59:22",214.26,898.37,,,,"     ",5.10,60.77,6.70
1598,539336739,"01598M07:46:35.400","01598 06:59:23",214.27,898.44,,,,"     ",5.10,60.74,6.70
1598,539336740,"01598M07:46:36.373","01598 06:59:24",214.29,898.40,,,,"     ",5.10,60.95,6.72
1598,539336741,"01598M07:46:37.346","01598 06:59:25",214.32,898.46,,,,"     ",5.10,60.80,6.70
1598,539336742,"01598M07:46:38.320","01598 06:59:26",214.37,898.42,,,,"     ",5.10,60.53,6.67
1598,539336743,"01598M07:46:39.293","01598 06:59:27",214.43,898.40,,,,"     ",5.10,60.96,6.72
1598,539336744,"01598M07:46:40.266","01598 06:59:28",214.48,898.42,,,,"     ",5.10,60.83,6.70
1598,539336745,"01598M07:46:41.239","01598 06:59:29",214.53,898.44,,,,"     ",5.10,60.91,6.71
1598,539336746,"01598M07:46:42.213","01598 06:59:30",214.56,898.37,,,,"     ",5.10,60.79,6.69
1598,539336747,"01598M07:46:43.186","01598 06:59:31",214.59,898.36,,,,"     ",5.10,60.69,6.67
1598,539336748,"01598M07:46:44.159","01598 06:59:32",214.60,898.40,,,,"     ",5.10,60.94,6.70
1598,539336749,"01598M07:46:45.132","01598 06:59:33",214.60,898.41,,,,"     ",5.10,60.81,6.68
1598,539336750,"01598M07:46:46.106","01598 06:59:34",214.59,898.44,,,,"     ",5.10,60.73,6.67
1598,539336751,"01598M07:46:47.079","01598 06:59:35",214.57,898.41,,,,"     ",5.10,60.60,6.66
1598,539336752,"01598M07:46:48.052","01598 06:59:36",214.54,898.45,,,,"     ",5.10,60.66,6.66
1598,539336753,"01598M07:46:49.025","01598 06:59:37",214.52,898.48,,,,"     ",5.10,60.69,6.66
1598,539336754,"01598M07:46:49.999","01598 06:59:38",214.50,898.50,,,,"     ",5.10,60.63,6.65
1598,539336755,"01598M07:46:50.972","01598 06:59:39",214.48,898.51,,,,"     ",5.10,60.69,6.66
1598,539336756,"01598M07:46:51.945","01598 06:59:40",214.46,898.57,,,,"     ",5.10,60.54,6.64
1598,539336757,"01598M07:46:52.919","01598 06:59:41",214.45,898.55,,,,"     ",5.10,60.73,6.66
1598,539336758,"01598M07:46:53.892","01598 06:59:42",214.44,898.54,,,,"     ",5.10,60.72,6.65
1598,539336759,"01598M07:46:54.865","01598 06:59:43",214.41,898.44,,,,"     ",5.10,60.82,6.66
1598,539336760,"01598M07:46:55.838","01598 06:59:44",214.36,898.48,,,,"     ",5.10,60.56,6.63
1598,539336761,"01598M07:46:56.812","01598 06:59:45",214.30,898.39,,,,"     ",5.10,60.77,6.65
1598,539336762,"01598M07:46:57.785","01598 06:59:46",214.24,898.39,,,,"     ",5.10,60.51,6.62
1598,539336763,"01598M07:46:58.758","01598 06:59:47",214.19,898.46,,,,"     ",5.10,60.82,6.65
1598,539336764,"01598M07:46:59.731","01598 06:59:48",214.13,898.46,,,,"     ",5.10,60.75,6.65
1598,539336765,"01598M07:47:00.705","01598 06:59:49",214.08,898.52,,,,"     ",5.10,60.65,6.63
1598,539336766,"01598M07:47:01.678","01598 06:59:49",214.04,898.53,,,,"     ",5.10,60.66,6.63
1598,539336767,"01598M07:47:02.651","01598 06:59:50",214.00,898.54,,,,"     ",5.10,60.61,6.63
1598,539336768,"01598M07:47:03.624","01598 06:59:51",213.96,898.53,,,,"     ",5.10,60.63,6.63
1598,539336769,"01598M07:47:04.598","01598 06:59:52",213.92,898.52,,,,"     ",5.10,60.58,6.62
1598,539336770,"01598M07:47:05.571","01598 06:59:53",214.58,898.53,,,,"     ",5.10,60.59,6.62
1598,539336771,"01598M07:47:06.544","01598 06:59:54",214.53,898.55,,,,"     ",5.10,60.46,6.60
1598,539336772,"01598M07:47:07.517","01598 06:59:55",214.50,898.53,,,,"     ",5.10,60.81,6.64
1598,539336773,"01598M07:47:08.491","01598 06:59:56",214.47,898.47,,,,"     ",5.10,60.47,6.60
1598,539336774,"01598M07:47:09.464","01598 06:59:57",213.80,898.47,,,,"     ",5.10,60.48,6.60
1598,539336775,"01598M07:47:10.437","01598 06:59:58",213.80,898.51,,,,"     ",5.10,60.66,6.62
1598,539336776,"01598M07:47:11.410","01598 06:59:59",213.79,898.55,,,,"     ",5.10,60.53,6.60
1598,539336777,"01598M07:47:12.384","01598 07:00:00",213.79,898.50,,,,"     ",5.10,60.61,6.61
1598,539336778,"01598M07:47:13.357","01598 07:00:01",213.78,898.54,,,,"     ",5.10,60.63,6.61
1598,539336779,"01598M07:47:14.330","01598 07:00:02",214.39,898.50,,,,"     ",5.10,60.46,6.59
1598,539336780,"01598M07:47:15.303","01598 07:00:03",214.37,898.51,,,,"     ",5.10,60.43,6.58
1598,539336781,"01598M07:47:16.277","01598 07:00:04",214.34,898.54,,,,"     ",5.10,60.46,6.59
1598,539336782,"01598M07:47:17.250","01598 07:00:05",214.33,898.55,,,,"     ",5.10,60.88,6.63
1598,539336783,"01598M07:47:18.223","01598 07:00:06",214.33,898.48,,,,"     ",5.10,60.49,6.59
1598,539336784,"01598M07:47:19.196","01598 07:00:07",214.35,898.50,,,,"     ",5.10,60.86,6.63
1598,539336785,"01598M07:47:20.170","01598 07:00:08",214.38,898.53,,,,"     ",5.10,60.36,6.57
1598,539336786,"01598M07:47:21.143","01598 07:00:09",214.43,898.56,,,,"     ",5.10,60.86,6.62
1598,539336787,"01598M07:47:22.116","01598 07:00:10",214.48,898.61,,,,"     ",5.10,60.29,6.56
1598,539336788,"01598M07:47:23.089","01598 07:00:11",214.53,898.63,,,,"     ",5.10,60.53,6.58
1598,539336789,"01598M07:47:24.063","01598 07:00:12",214.59,898.56,,,,"     ",5.10,60.62,6.59
1598,539336790,"01598M07:47:25.036","01598 07:00:13",213.92,898.64,,,,"     ",5.10,60.80,6.61
1598,539336791,"01598M07:47:26.009","01598 07:00:14",213.96,898.61,,,,"     ",5.10,60.50,6.57
1598,539336792,"01598M07:47:26.982","01598 07:00:15",214.01,898.49,,,,"     ",5.10,60.49,6.57
1598,539336793,"01598M07:47:27.956","01598 07:00:16",214.04,898.51,,,,"     ",5.10,60.76,6.60
1598,539336794,"01598M07:47:28.929","01598 07:00:17",214.06,898.53,,,,"     ",5.10,60.24,6.54
1598,539336795,"01598M07:47:29.902","01598 07:00:18",214.06,898.47,,,,"     ",5.10,60.70,6.59
1598,539336796,"01598M07:47:30.875","01598 07:00:19",214.05,898.51,,,,"     ",5.10,60.39,6.55
1598,539336797,"01598M07:47:31.849","01598 07:00:20",214.05,898.62,,,,"     ",5.10,60.64,6.58
1598,539336798,"01598M07:47:32.822","01598 07:00:21",214.03,898.57,,,,"     ",5.10,60.31,6.54
1598,539336799,"01598M07:47:33.795","01598 07:00:22",214.74,898.52,,,,"     ",5.10,60.56,6.56
1598,539336800,"01598M07:47:34.768","01598 07:00:23",214.72,898.58,,,,"     ",5.10,60.54,6.56
1598,539336801,"01598M07:47:35.742","01598 07:00:24",214.71,898.66,,,,"     ",5.10,60.60,6.57
1598,539336802,"01598M07:47:36.715","01598 07:00:25",214.70,898.52,,,,"     ",5.10,60.58,6.56
1598,539336803,"01598M07:47:37.688","01598 07:00:25",214.70,898.60,,,,"     ",5.10,60.49,6.55
1598,539336804,"01598M07:47:38.661","01598 07:00:26",214.70,898.54,,,,"     ",5.10,60.35,6.53
1598,539336805,"01598M07:47:39.635","01598 07:00:27",214.71,898.50,,,,"     ",5.10,60.39,6.54
1598,539336806,"01598M07:47:40.608","01598 07:00:28",214.73,898.56,,,,"     ",5.10,60.42,6.54
1598,539336807,"01598M07:47:41.581","01598 07:00:29",214.05,898.55,,,,"     ",5.10,60.36,6.53
1598,539336808,"01598M07:47:42.554","01598 07:00:30",214.08,898.52,,,,"     ",5.10,60.23,6.51
1598,539336809,"01598M07:47:43.528","01598 07:00:31",214.11,898.45,,,,"     ",5.10,60.33,6.52
1598,539336810,"01598M07:47:44.501","01598 07:00:32",214.16,898.41,,,,"     ",5.10,60.35,6.52
1598,539336811,"01598M07:47:45.474","01598 07:00:33",214.21,898.44,,,,"     ",5.10,60.20,6.50
1598,539336812,"01598M07:47:46.447","01598 07:00:34",214.24,898.39,,,,"     ",5.10,59.97,6.47
1598,539336813,"01598M07:47:47.421","01598 07:00:35",214.28,898.44,,,,"     ",5.10,60.17,6.49
1598,539336814,"01598M07:47:48.394","01598 07:00:36",214.31,898.46,,,,"     ",5.10,60.46,6.52
1598,539336815,"01598M07:47:49.367","01598 07:00:37",214.35,898.43,,,,"     ",5.10,60.47,6.52
1598,539336816,"01598M07:47:50.340","01598 07:00:38",214.39,898.43,,,,"     ",5.10,60.42,6.51
1598,539336817,"01598M07:47:51.314","01598 07:00:39",214.42,898.44,,,,"     ",5.10,60.21,6.49
1598,539336818,"01598M07:47:52.287","01598 07:00:40",214.45,898.51,,,,"     ",5.10,60.35,6.50
1598,539336819,"01598M07:47:53.260","01598 07:00:41",214.46,898.45,,,,"     ",5.10,60.42,6.51
1598,539336820,"01598M07:47:54.233","01598 07:00:42",214.45,898.47,,,,"     ",5.10,60.48,6.51
1598,539336821,"01598M07:47:55.207","01598 07:00:43",214.44,898.49,,,,"     ",5.10,60.09,6.47
1598,539336822,"01598M07:47:56.180","01598 07:00:44",214.41,898.46,,,,"     ",5.10,60.10,6.47
1598,539336823,"01598M07:47:57.153","01598 07:00:45",214.38,898.50,,,,"     ",5.10,60.17,6.47
1598,539336824,"01598M07:47:58.126","01598 07:00:46",214.36,898.45,,,,"     ",5.10,60.45,6.50
1598,539336825,"01598M07:47:59.100","01598 07:00:47",214.33,898.42,,,,"     ",5.10,60.40,6.49
1598,539336826,"01598M07:48:00.073","01598 07:00:48",215.02,898.51,,,,"     ",5.10,60.28,6.48
1598,539336827,"01598M07:48:01.046","01598 07:00:49",214.98,898.44,,,,"     ",5.10,60.20,6.47
1598,539336828,"01598M07:48:02.019","01598 07:00:50",214.93,898.49,,,,"     ",5.10,60.39,6.49
1598,539336829,"01598M07:48:02.993","01598 07:00:51",214.88,898.46,,,,"     ",5.10,60.18,6.46
1598,539336830,"01598M07:48:03.966","01598 07:00:52",214.83,898.50,,,,"     ",5.10,60.47,6.49
1598,539336831,"01598M07:48:04.939","01598 07:00:53",214.77,898.51,,,,"     ",5.10,60.24,6.46
1598,539336832,"01598M07:48:05.913","01598 07:00:54",214.72,898.45,,,,"     ",5.10,60.47,6.49
1598,539336833,"01598M07:48:06.886","01598 07:00:55",214.67,898.47,,,,"     ",5.10,60.75,6.51
1598,539336834,"01598M07:48:07.859","01598 07:00:56",214.62,898.51,,,,"     ",5.10,60.45,6.48
1598,539336835,"01598M07:48:08.832","01598 07:00:57",214.57,898.48,,,,"     ",5.10,60.39,6.47
1598,539336836,"01598M07:48:09.806","01598 07:00:58",214.52,898.54,,,,"     ",5.10,60.45,6.48
1598,539336837,"01598M07:48:10.779","01598 07:00:59",214.47,898.54,,,,"     ",5.10,60.33,6.46
1598,539336838,"01598M07:48:11.752","01598 07:01:00",214.43,898.47,,,,"     ",5.10,60.55,6.48
1598,539336839,"01598M07:48:12.725","01598 07:01:01",214.39,898.53,,,,"     ",5.10,60.66,6.50
1598,539336840,"01598M07:48:13.699","01598 07:01:02",214.36,898.59,,,,"     ",5.10,60.44,6.47
1598,539336841,"01598M07:48:14.672","01598 07:01:02",214.33,898.56,,,,"     ",5.10,60.41,6.47
1598,539336842,"01598M07:48:15.645","01598 07:01:03",214.32,898.54,,,,"     ",5.10,60.63,6.49
1598,539336843,"01598M07:48:16.618","01598 07:01:04",214.31,898.49,,,,"     ",5.10,60.55,6.48
1598,539336844,"01598M07:48:17.592","01598 07:01:05",214.30,898.52,,,,"     ",5.10,60.53,6.47
1598,539336845,"01598M07:48:18.565","01598 07:01:06",214.30,898.48,,,,"     ",5.10,60.55,6.47
1598,539336846,"01598M07:48:19.538","01598 07:01:07",214.30,898.52,,,,"     ",5.10,60.67,6.49
1598,539336847,"01598M07:48:20.511","01598 07:01:08",214.31,898.49,,,,"     ",5.10,60.89,6.51
1598,539336848,"01598M07:48:21.485","01598 07:01:09",214.31,898.46,,,,"     ",5.10,60.61,6.48
1598,539336849,"01598M07:48:22.458","01598 07:01:10",214.31,898.50,,,,"     ",5.10,60.79,6.49
1598,539336850,"01598M07:48:23.431","01598 07:01:11",214.30,898.55,,,,"     ",5.10,60.69,6.48
1598,539336851,"01598M07:48:24.404","01598 07:01:12",214.27,898.62,,,,"     ",5.10,60.83,6.50
1598,539336852,"01598M07:48:25.378","01598 07:01:13",214.23,898.54,,,,"     ",5.10,60.95,6.51
1598,539336853,"01598M07:48:26.351","01598 07:01:14",214.19,898.66,,,,"     ",5.10,60.82,6.49
1598,539336854,"01598M07:48:27.324","01598 07:01:15",214.16,898.55,,,,"     ",5.10,60.85,6.49
1598,539336855,"01598M07:48:28.297","01598 07:01:16",214.13,898.55,,,,"     ",5.10,60.90,6.50
1598,539336856,"01598M07:48:29.271","01598 07:01:17",214.12,898.56,,,,"     ",5.10,60.67,6.47
1598,539336857,"01598M07:48:30.244","01598 07:01:18",214.12,898.51,,,,"     ",5.10,60.88,6.49
1598,539336858,"01598M07:48:31.217","01598 07:01:19",214.12,898.57,,,,"     ",5.10,60.53,6.45
1598,539336859,"01598M07:48:32.190","01598 07:01:20",214.14,898.50,,,,"     ",5.10,60.60,6.46
1598,539336860,"01598M07:48:33.164","01598 07:01:21",214.16,898.53,,,,"     ",5.10,60.35,6.43
1598,539336861,"01598M07:48:34.137","01598 07:01:22",214.19,898.52,,,,"     ",5.10,60.73,6.47
1598,539336862,"01598M07:48:35.110","01598 07:01:23",214.22,898.52,,,,"     ",5.10,60.66,6.46
1598,539336863,"01598M07:48:36.083","01598 07:01:24",214.25,898.53,,,,"     ",5.10,60.85,6.48
1598,539336864,"01598M07:48:37.057","01598 07:01:25",214.27,898.58,,,,"     ",5.10,60.36,6.43
1598,539336865,"01598M07:48:38.030","01598 07:01:26",214.28,898.50,,,,"     ",5.10,60.43,6.43
1598,539336866,"01598M07:48:39.003","01598 07:01:27",214.29,898.59,,,,"     ",5.10,60.13,6.40
1598,539336867,"01598M07:48:39.976","01598 07:01:28",214.29,898.52,,,,"     ",5.10,60.41,6.43
1598,539336868,"01598M07:48:40.950","01598 07:01:29",214.28,898.43,,,,"     ",5.10,60.44,6.43
1598,539336869,"01598M07:48:41.923","01598 07:01:30",214.27,898.47,,,,"     ",5.10,60.38,6.42
1598,539336870,"01598M07:48:42.896","01598 07:01:31",214.25,898.48,,,,"     ",5.10,60.50,6.43
1598,539336871,"01598M07:48:43.869","01598 07:01:32",214.23,898.51,,,,"     ",5.10,60.63,6.45
1598,539336872,"01598M07:48:44.843","01598 07:01:33",214.21,898.55,,,,"     ",5.10,60.49,6.43
1598,539336873,"01598M07:48:45.816","01598 07:01:34",214.19,898.51,,,,"     ",5.10,60.38,6.42
1598,539336874,"01598M07:48:46.789","01598 07:01:35",214.18,898.53,,,,"     ",5.10,60.59,6.44
1598,539336875,"01598M07:48:47.762","01598 07:01:36",214.16,898.56,,,,"     ",5.10,60.45,6.42
1598,539336876,"01598M07:48:48.736","01598 07:01:37",214.13,898.58,,,,"     ",5.10,60.45,6.42
1598,539336877,"01598M07:48:49.709","01598 07:01:38",214.08,898.51,,,,"     ",5.10,60.27,6.40
1598,539336878,"01598M07:48:50.682","01598 07:01:38",214.02,898.56,,,,"     ",5.10,60.77,6.45
1598,539336879,"01598M07:48:51.655","01598 07:01:39",213.96,898.55,,,,"     ",5.10,60.35,6.41
1598,539336880,"01598M07:48:52.629","01598 07:01:40",213.90,898.57,,,,"     ",5.10,60.43,6.41
1598,539336881,"01598M07:48:53.602","01598 07:01:41",213.85,898.52,,,,"     ",5.10,60.24,6.39
1598,539336882,"01598M07:48:54.575","01598 07:01:42",213.81,898.46,,,,"     ",5.10,60.29,6.39
1598,539336883,"01598M07:48:55.548","01598 07:01:43",213.77,898.48,,,,"     ",5.10,60.37,6.40
1598,539336884,"01598M07:48:56.522","01598 07:01:44",213.74,898.51,,,,"     ",5.10,60.67,6.43
1598,539336885,"01598M07:48:57.495","01598 07:01:45",213.72,898.52,,,,"     ",5.10,60.55,6.42
1598,539336886,"01598M07:48:58.468","01598 07:01:46",213.70,898.53,,,,"     ",5.10,60.28,6.39
1598,539336887,"01598M07:48:59.441","01598 07:01:47",213.69,898.50,,,,"     ",5.10,60.42,6.40
1598,539336888,"01598M07:49:00.415","01598 07:01:48",213.69,898.54,,,,"     ",5.10,60.41,6.40
1598,539336889,"01598M07:49:01.388","01598 07:01:49",213.69,898.61,,,,"     ",5.10,60.39,6.40
1598,539336890,"01598M07:49:02.361","01598 07:01:50",213.71,898.48,,,,"     ",5.10,60.43,6.40
1598,539336891,"01598M07:49:03.334","01598 07:01:51",213.72,898.54,,,,"     ",5.10,60.58,6.42
1598,539336892,"01598M07:49:04.308","01598 07:01:52",213.73,898.51,,,,"     ",5.10,60.41,6.40
1598,539336893,"01598M07:49:05.281","01598 07:01:53",213.73,898.59,,,,"     ",5.10,60.41,6.39
1598,539336894,"01598M07:49:06.254","01598 07:01:54",213.73,898.65,,,,"     ",5.10,60.20,6.37
1598,539336895,"01598M07:49:07.227","01598 07:01:55",213.72,898.60,,,,"     ",5.10,60.46,6.40
1598,539336896,"01598M07:49:08.201","01598 07:01:56",213.72,898.63,,,,"     ",5.10,60.38,6.39
1598,539336897,"01598M07:49:09.174","01598 07:01:57",213.74,898.60,,,,"     ",5.10,60.44,6.39
1598,539336898,"01598M07:49:10.147","01598 07:01:58",213.77,898.51,,,,"     ",5.10,60.26,6.37
1598,539336899,"01598M07:49:11.120","01598 07:01:59",213.82,898.53,,,,"     ",5.10,60.33,6.38
1598,539336900,"01598M07:49:12.094","01598 07:02:00",213.88,898.51,,,,"     ",5.10,60.08,6.35
1598,539336901,"01598M07:49:13.067","01598 07:02:01",213.94,898.55,,,,"     ",5.10,60.12,6.35
1598,539336902,"01598M07:49:14.040","01598 07:02:02",213.99,898.48,,,,"     ",5.10,60.64,6.41
1598,539336903,"01598M07:49:15.014","01598 07:02:03",214.05,898.59,,,,"     ",5.10,60.42,6.38
1598,539336904,"01598M07:49:15.987","01598 07:02:04",214.10,898.53,,,,"     ",5.10,60.24,6.36
1598,539336905,"01598M07:49:16.960","01598 07:02:05",214.14,898.49,,,,"     ",5.10,60.26,6.36
1598,539336906,"01598M07:49:17.933","01598 07:02:06",214.17,898.48,,,,"     ",5.10,60.27,6.36
1598,539336907,"01598M07:49:18.907","01598 07:02:07",214.18,898.59,,,,"     ",5.10,60.31,6.36
1598,539336908,"01598M07:49:19.880","01598 07:02:08",214.20,898.47,,,,"     ",5.10,60.34,6.36
1598,539336909,"01598M07:49:20.853","01598 07:02:09",214.20,898.55,,,,"     ",5.10,60.36,6.36
1598,539336910,"01598M07:49:21.826","01598 07:02:10",214.20,898.55,,,,"     ",5.10,60.27,6.35
1598,539336911,"01598M07:49:22.800","01598 07:02:11",214.20,898.48,,,,"     ",5.10,60.43,6.37
1598,539336912,"01598M07:49:23.773","01598 07:02:12",214.21,898.52,,,,"     ",5.10,60.41,6.36
1598,539336913,"01598M07:49:24.746","01598 07:02:13",214.22,898.57,,,,"     ",5.10,60.36,6.36
1598,539336914,"01598M07:49:25.719","01598 07:02:14",214.23,898.48,,,,"     ",5.10,60.73,6.40
1598,539336915,"01598M07:49:26.693","01598 07:02:14",214.25,898.51,,,,"     ",5.10,60.28,6.34
1598,539336916,"01598M07:49:27.666","01598 07:02:15",214.27,898.50,,,,"     ",5.10,60.76,6.39
1598,539336917,"01598M07:49:28.639","01598 07:02:16",214.28,898.51,,,,"     ",5.10,60.49,6.36
1598,539336918,"01598M07:49:29.612","01598 07:02:17",214.29,898.53,,,,"     ",5.10,60.59,6.37
1598,539336919,"01598M07:49:30.586","01598 07:02:18",214.30,898.54,,,,"     ",5.10,60.37,6.35
1598,539336920,"01598M07:49:31.559","01598 07:02:19",214.31,898.52,,,,"     ",5.10,60.37,6.34
1598,539336921,"01598M07:49:32.532","01598 07:02:20",214.33,898.48,,,,"     ",5.10,60.37,6.34
1598,539336922,"01598M07:49:33.505","01598 07:02:21",214.36,898.51,,,,"     ",5.10,60.74,6.38
1598,539336923,"01598M07:49:34.479","01598 07:02:22",214.40,898.56,,,,"     ",5.10,60.41,6.34
1598,539336924,"01598M07:49:35.452","01598 07:02:23",214.45,898.54,,,,"     ",5.10,60.67,6.37
1598,539336925,"01598M07:49:36.425","01598 07:02:24",214.51,898.59,,,,"     ",5.10,60.66,6.37
1598,539336926,"01598M07:49:37.398","01598 07:02:25",214.58,898.56,,,,"     ",5.10,60.56,6.35
1598,539336927,"01598M07:49:38.372","01598 07:02:26",214.66,898.55,,,,"     ",5.10,60.56,6.35
1598,539336928,"01598M07:49:39.345","01598 07:02:27",214.75,898.47,,,,"     ",5.10,60.64,6.36
1598,539336929,"01598M07:49:40.318","01598 07:02:28",214.19,898.60,,,,"     ",5.10,60.68,6.36
1598,539336930,"01598M07:49:41.291","01598 07:02:29",214.27,898.57,,,,"     ",5.10,60.38,6.33
1598,539336931,"01598M07:49:42.265","01598 07:02:30",214.36,898.68,,,,"     ",5.10,60.40,6.33
1598,539336932,"01598M07:49:43.238","01598 07:02:31",214.46,898.62,,,,"     ",5.10,60.38,6.33
1598,539336933,"01598M07:49:44.211","01598 07:02:32",214.55,898.59,,,,"     ",5.10,60.52,6.34
1598,539336934,"01598M07:49:45.184","01598 07:02:33",214.62,898.58,,,,"     ",5.10,60.47,6.33
1598,539336935,"01598M07:49:46.158","01598 07:02:34",214.68,898.53,,,,"     ",5.10,60.40,6.32
1598,539336936,"01598M07:49:47.131","01598 07:02:35",214.73,898.40,,,,"     ",5.10,60.88,6.37
1598,539336937,"01598M07:49:48.104","01598 07:02:36",214.75,898.45,,,,"     ",5.10,60.32,6.30
1598,539336938,"01598M07:49:49.077","01598 07:02:37",214.75,898.54,,,,"     ",5.10,60.48,6.32
1598,539336939,"01598M07:49:50.051","01598 07:02:38",214.72,898.46,,,,"     ",5.10,60.50,6.32
1598,539336940,"01598M07:49:51.024","01598 07:02:39",214.67,898.54,,,,"     ",5.10,60.78,6.34
1598,539336941,"01598M07:49:51.997","01598 07:02:40",214.61,898.44,,,,"     ",5.10,60.57,6.32
1598,539336942,"01598M07:49:52.970","01598 07:02:41",214.56,898.54,,,,"     ",5.10,60.56,6.32
1598,539336943,"01598M07:49:53.944","01598 07:02:42",214.52,898.43,,,,"     ",5.10,60.70,6.33
1598,539336944,"01598M07:49:54.917","01598 07:02:43",214.50,898.53,,,,"     ",5.10,60.41,6.29
1598,539336945,"01598M07:49:55.890","01598 07:02:44",214.48,898.56,,,,"     ",5.10,60.64,6.32
1598,539336946,"01598M07:49:56.863","01598 07:02:45",214.46,898.56,,,,"     ",5.10,60.69,6.32
1598,539336947,"01598M07:49:57.837","01598 07:02:46",215.15,898.52,,,,"     ",5.10,60.82,6.33
1598,539336948,"01598M07:49:58.810","01598 07:02:47",215.10,898.55,,,,"     ",5.10,60.79,6.32
1598,539336949,"01598M07:49:59.783","01598 07:02:48",215.05,898.63,,,,"     ",5.10,60.76,6.32
1598,539336950,"01598M07:50:00.756","01598 07:02:49",215.01,898.56,,,,"     ",5.10,60.81,6.32
1598,539336951,"01598M07:50:01.730","01598 07:02:50",214.96,898.58,,,,"     ",5.10,60.78,6.32
1598,539336952,"01598M07:50:02.703","01598 07:02:50",214.94,898.53,,,,"     ",5.10,60.88,6.32
1598,539336953,"01598M07:50:03.676","01598 07:02:51",214.93,898.57,,,,"     ",5.10,60.88,6.32
1598,539336954,"01598M07:50:04.649","01598 07:02:52",214.94,898.60,,,,"     ",5.10,60.74,6.30
1598,539336955,"01598M07:50:05.623","01598 07:02:53",214.96,898.51,,,,"     ",5.10,60.76,6.30
1598,539336956,"01598M07:50:06.596","01598 07:02:54",214.99,898.46,,,,"     ",5.10,60.63,6.29
1598,539336957,"01598M07:50:07.569","01598 07:02:55",215.00,898.55,,,,"     ",5.10,60.79,6.30
1598,539336958,"01598M07:50:08.542","01598 07:02:56",215.02,898.57,,,,"     ",5.10,60.60,6.28
1598,539336959,"01598M07:50:09.516","01598 07:02:57",215.04,898.57,,,,"     ",5.10,60.48,6.26
1598,539336960,"01598M07:50:10.489","01598 07:02:58",214.40,898.55,,,,"     ",5.10,60.67,6.28
1598,539336961,"01598M07:50:11.462","01598 07:02:59",214.44,898.58,,,,"     ",5.10,60.71,6.28
1598,539336962,"01598M07:50:12.435","01598 07:03:00",214.50,898.57,,,,"     ",5.10,60.70,6.28
1598,539336963,"01598M07:50:13.409","01598 07:03:01",214.58,898.56,,,,"     ",5.10,60.68,6.28
1598,539336964,"01598M07:50:14.382","01598 07:03:02",214.67,898.52,,,,"     ",5.10,61.04,6.31
1598,539336965,"01598M07:50:15.355","01598 07:03:03",214.76,898.59,,,,"     ",5.10,60.93,6.30
1598,539336966,"01598M07:50:16.328","01598 07:03:04",214.83,898.55,,,,"     ",5.10,60.95,6.30
1598,539336967,"01598M07:50:17.302","01598 07:03:05",214.89,898.49,,,,"     ",5.10,60.93,6.30
1598,539336968,"01598M07:50:18.275","01598 07:03:06",214.94,898.50,,,,"     ",5.10,60.59,6.26
1598,539336969,"01598M07:50:19.248","01598 07:03:07",214.98,898.51,,,,"     ",5.10,60.98,6.30
1598,539336970,"01598M07:50:20.221","01598 07:03:08",215.01,898.51,,,,"     ",5.10,61.20,6.32
1598,539336971,"01598M07:50:21.195","01598 07:03:09",215.05,898.56,,,,"     ",5.10,60.79,6.27
1598,539336972,"01598M07:50:22.168","01598 07:03:10",215.08,898.54,,,,"     ",5.10,60.87,6.28
1598,539336973,"01598M07:50:23.141","01598 07:03:11",215.11,898.53,,,,"     ",5.10,60.97,6.28
1598,539336974,"01598M07:50:24.115","01598 07:03:12",215.14,898.51,,,,"     ",5.10,61.33,6.32
1598,539336975,"01598M07:50:25.088","01598 07:03:13",215.15,898.45,,,,"     ",5.10,61.03,6.28
1598,539336976,"01598M07:50:26.061","01598 07:03:14",215.15,898.47,,,,"     ",5.10,60.99,6.28
1598,539336977,"01598M07:50:27.034","01598 07:03:15",215.16,898.52,,,,"     ",5.10,61.38,6.31
1598,539336978,"01598M07:50:28.008","01598 07:03:16",215.17,898.51,,,,"     ",5.10,61.15,6.29
1598,539336979,"01598M07:50:28.981","01598 07:03:17",215.19,898.57,,,,"     ",5.10,61.18,6.29
1598,539336980,"01598M07:50:29.954","01598 07:03:18",215.23,898.59,,,,"     ",5.10,61.30,6.30
1598,539336981,"01598M07:50:30.927","01598 07:03:19",215.26,898.55,,,,"     ",5.10,61.35,6.30
1598,539336982,"01598M07:50:31.901","01598 07:03:20",215.29,898.54,,,,"     ",5.10,61.44,6.31
1598,539336983,"01598M07:50:32.874","01598 07:03:21",215.30,898.54,,,,"     ",5.10,61.25,6.29
1598,539336984,"01598M07:50:33.847","01598 07:03:22",215.30,898.49,,,,"     ",5.10,61.64,6.32
1598,539336985,"01598M07:50:34.820","01598 07:03:23",215.27,898.58,,,,"     ",5.10,61.26,6.28
1598,539336986,"01598M07:50:35.794","01598 07:03:24",215.25,898.59,,,,"     ",5.10,61.56,6.31
1598,539336987,"01598M07:50:36.767","01598 07:03:25",215.23,898.52,,,,"     ",5.10,61.46,6.30
1598,539336988,"01598M07:50:37.740","01598 07:03:26",215.21,898.53,,,,"     ",5.10,61.43,6.29
1598,539336989,"01598M07:50:38.713","01598 07:03:26",215.20,898.45,,,,"     ",5.10,61.40,6.28
1598,539336990,"01598M07:50:39.687","01598 07:03:27",215.18,898.45,,,,"     ",5.10,61.21,6.26
1598,539336991,"01598M07:50:40.660","01598 07:03:28",215.17,898.50,,,,"     ",5.10,61.38,6.28
1598,539336992,"01598M07:50:41.633","01598 07:03:29",215.15,898.53,,,,"     ",5.10,61.08,6.24
1598,539336993,"01598M07:50:42.606","01598 07:03:30",215.14,898.58,,,,"     ",5.10,61.45,6.28
1598,539336994,"01598M07:50:43.580","01598 07:03:31",215.12,898.50,,,,"     ",5.10,61.42,6.28
1598,539336995,"01598M07:50:44.553","01598 07:03:32",215.11,898.51,,,,"     ",5.10,61.32,6.26
1598,539336996,"01598M07:50:45.526","01598 07:03:33",215.10,898.52,,,,"     ",5.10,61.40,6.27
1598,539336997,"01598M07:50:46.499","01598 07:03:34",215.09,898.52,,,,"     ",5.10,61.60,6.29
1598,539336998,"01598M07:50:47.473","01598 07:03:35",215.08,898.54,,,,"     ",5.10,61.52,6.28
1598,539336999,"01598M07:50:48.446","01598 07:03:36",210.77,898.57,,,,"     ",5.10,61.49,6.27
1598,539337000,"01598M07:50:49.419","01598 07:03:37",210.72,898.56,,,,"     ",5.10,61.39,6.26
1598,539337001,"01598M07:50:50.392","01598 07:03:38",210.68,898.49,,,,"     ",5.10,61.50,6.27
1598,539337002,"01598M07:50:51.366","01598 07:03:39",210.64,898.51,,,,"     ",5.10,61.39,6.25
1598,539337003,"01598M07:50:52.339","01598 07:03:40",210.60,898.43,,,,"     ",5.10,61.69,6.28
1598,539337004,"01598M07:50:53.312","01598 07:03:41",210.57,898.42,,,,"     ",5.10,61.69,6.28
1598,539337005,"01598M07:50:54.285","01598 07:03:42",210.54,898.48,,,,"     ",5.10,61.51,6.26
1598,539337006,"01598M07:50:55.259","01598 07:03:43",210.52,898.49,,,,"     ",5.10,61.71,6.28
1598,539337007,"01598M07:50:56.232","01598 07:03:44",210.49,898.51,,,,"     ",5.10,61.23,6.23
1598,539337008,"01598M07:50:57.205","01598 07:03:45",210.47,898.49,,,,"     ",5.10,61.40,6.24
1598,539337009,"01598M07:50:58.178","01598 07:03:46",210.45,898.52,,,,"     ",5.10,61.67,6.27
1598,539337010,"01598M07:50:59.152","01598 07:03:47",210.43,898.54,,,,"     ",5.10,61.82,6.28
1598,539337011,"01598M07:51:00.125","01598 07:03:48",210.41,898.54,,,,"     ",5.10,61.81,6.28
1598,539337012,"01598M07:51:01.098","01598 07:03:49",210.40,898.54,,,,"     ",5.10,61.50,6.25
1598,539337013,"01598M07:51:02.071","01598 07:03:50",210.39,898.55,,,,"     ",5.10,61.65,6.26
1598,539337014,"01598M07:51:03.045","01598 07:03:51",210.37,898.62,,,,"     ",5.10,61.58,6.25
1598,539337015,"01598M07:51:04.018","01598 07:03:52",210.37,898.56,,,,"     ",5.10,61.67,6.26
1598,539337016,"01598M07:51:04.991","01598 07:03:53",210.36,898.57,,,,"     ",5.10,61.61,6.25
1598,539337017,"01598M07:51:05.964","01598 07:03:54",210.36,898.55,,,,"     ",5.10,62.04,6.30
1598,539337018,"01598M07:51:06.938","01598 07:03:55",210.36,898.45,,,,"     ",5.10,61.93,6.28
1598,539337019,"01598M07:51:07.911","01598 07:03:56",210.37,898.54,,,,"     ",5.10,62.15,6.30
1598,539337020,"01598M07:51:08.884","01598 07:03:57",210.37,898.52,,,,"     ",5.10,61.84,6.27
1598,539337021,"01598M07:51:09.857","01598 07:03:58",210.39,898.54,,,,"     ",5.10,61.78,6.26
1598,539337022,"01598M07:51:10.831","01598 07:03:59",210.41,898.52,,,,"     ",5.10,61.98,6.28
1598,539337023,"01598M07:51:11.804","01598 07:04:00",210.44,898.51,,,,"     ",5.10,61.94,6.28
1598,539337024,"01598M07:51:12.777","01598 07:04:01",210.47,898.55,,,,"     ",5.10,62.00,6.28
1598,539337025,"01598M07:51:13.750","01598 07:04:02",210.48,898.53,,,,"     ",5.10,61.88,6.27
1598,539337026,"01598M07:51:14.724","01598 07:04:02",210.48,898.56,,,,"     ",5.10,61.66,6.25
1598,539337027,"01598M07:51:15.697","01598 07:04:03",210.47,898.50,,,,"     ",5.10,61.73,6.25
1598,539337028,"01598M07:51:16.670","01598 07:04:04",210.44,898.49,,,,"     ",5.10,61.61,6.24
1598,539337029,"01598M07:51:17.643","01598 07:04:05",210.40,898.57,,,,"     ",5.10,61.95,6.27
1598,539337030,"01598M07:51:18.617","01598 07:04:06",210.35,898.62,,,,"     ",5.10,61.91,6.27
1598,539337031,"01598M07:51:19.590","01598 07:04:07",210.29,898.63,,,,"     ",5.10,61.82,6.26
1598,539337032,"01598M07:51:20.563","01598 07:04:08",210.23,898.57,,,,"     ",5.10,61.74,6.24
1598,539337033,"01598M07:51:21.536","01598 07:04:09",210.18,898.64,,,,"     ",5.10,61.73,6.24
1598,539337034,"01598M07:51:22.510","01598 07:04:10",210.14,898.52,,,,"     ",5.10,61.54,6.22
1598,539337035,"01598M07:51:23.483","01598 07:04:11",210.11,898.56,,,,"     ",5.10,62.00,6.27
1598,539337036,"01598M07:51:24.456","01598 07:04:12",210.09,898.57,,,,"     ",5.10,62.00,6.27
1598,539337037,"01598M07:51:25.429","01598 07:04:13",210.81,898.59,,,,"     ",5.10,62.09,6.28
1598,539337038,"01598M07:51:26.403","01598 07:04:14",210.77,898.49,,,,"     ",5.10,62.07,6.27
1598,539337039,"01598M07:51:27.376","01598 07:04:15",210.74,898.51,,,,"     ",5.10,61.77,6.24
1598,539337040,"01598M07:51:28.349","01598 07:04:16",210.71,898.56,,,,"     ",5.10,61.46,6.21
1598,539337041,"01598M07:51:29.322","01598 07:04:17",210.70,898.59,,,,"     ",5.10,61.99,6.26
1598,539337042,"01598M07:51:30.296","01598 07:04:18",210.69,898.61,,,,"     ",5.10,61.68,6.23
1598,539337043,"01598M07:51:31.269","01598 07:04:19",210.68,898.70,,,,"     ",5.10,62.02,6.26
1598,539337044,"01598M07:51:32.242","01598 07:04:20",210.68,898.61,,,,"     ",5.10,62.31,6.29
1598,539337045,"01598M07:51:33.216","01598 07:04:21",210.69,898.58,,,,"     ",5.10,62.04,6.26
1598,539337046,"01598M07:51:34.189","01598 07:04:22",210.71,898.68,,,,"     ",5.10,61.96,6.25
1598,539337047,"01598M07:51:35.162","01598 07:04:23",210.74,898.62,,,,"     ",5.10,61.81,6.24
1598,539337048,"01598M07:51:36.135","01598 07:04:24",210.78,898.61,,,,"     ",5.10,62.07,6.26
1598,539337049,"01598M07:51:37.109","01598 07:04:25",210.82,898.67,,,,"     ",5.10,62.24,6.28
1598,539337050,"01598M07:51:38.082","01598 07:04:26",210.86,898.67,,,,"     ",5.10,61.69,6.22
1598,539337051,"01598M07:51:39.055","01598 07:04:27",210.12,898.69,,,,"     ",5.10,62.05,6.26
1598,539337052,"01598M07:51:40.028","01598 07:04:28",210.14,898.76,,,,"     ",5.10,61.85,6.24
1598,539337053,"01598M07:51:41.002","01598 07:04:29",210.14,898.72,,,,"     ",5.10,61.68,6.22
1598,539337054,"01598M07:51:41.975","01598 07:04:30",210.93,898.69,,,,"     ",5.10,61.82,6.23
1598,539337055,"01598M07:51:42.948","01598 07:04:31",210.92,898.61,,,,"     ",5.10,61.98,6.25
1598,539337056,"01598M07:51:43.921","01598 07:04:32",210.89,898.66,,,,"     ",5.10,62.06,6.26
1598,539337057,"01598M07:51:44.895","01598 07:04:33",210.85,898.59,,,,"     ",5.10,62.10,6.26
1598,539337058,"01598M07:51:45.868","01598 07:04:34",210.82,898.60,,,,"     ",5.10,62.00,6.24
1598,539337059,"01598M07:51:46.841","01598 07:04:35",210.78,898.62,,,,"     ",5.10,61.87,6.23
1598,539337060,"01598M07:51:47.814","01598 07:04:36",210.75,898.57,,,,"     ",5.10,61.79,6.22
1598,539337061,"01598M07:51:48.788","01598 07:04:37",210.71,898.56,,,,"     ",5.10,61.79,6.22
1598,539337062,"01598M07:51:49.761","01598 07:04:38",210.67,898.69,,,,"     ",5.10,62.23,6.26
1598,539337063,"01598M07:51:50.734","01598 07:04:38",210.63,898.65,,,,"     ",5.10,62.11,6.25
1598,539337064,"01598M07:51:51.707","01598 07:04:39",210.59,898.67,,,,"     ",5.10,61.88,6.23
1598,539337065,"01598M07:51:52.681","01598 07:04:40",210.55,898.68,,,,"     ",5.10,62.05,6.24
1598,539337066,"01598M07:51:53.654","01598 07:04:41",210.53,898.66,,,,"     ",5.10,62.09,6.25
1598,539337067,"01598M07:51:54.627","01598 07:04:42",210.51,898.61,,,,"     ",5.10,62.27,6.26
1598,539337068,"01598M07:51:55.600","01598 07:04:43",210.50,898.66,,,,"     ",5.10,61.98,6.23
1598,539337069,"01598M07:51:56.574","01598 07:04:44",210.51,898.66,,,,"     ",5.10,62.05,6.24
1598,539337070,"01598M07:51:57.547","01598 07:04:45",210.53,898.68,,,,"     ",5.10,62.07,6.24
1598,539337071,"01598M07:51:58.520","01598 07:04:46",210.56,898.58,,,,"     ",5.10,62.11,6.24
1598,539337072,"01598M07:51:59.493","01598 07:04:47",210.60,898.69,,,,"     ",5.10,61.96,6.22
1598,539337073,"01598M07:52:00.467","01598 07:04:48",210.64,898.62,,,,"     ",5.10,62.17,6.24
1598,539337074,"01598M07:52:01.440","01598 07:04:49",210.69,898.65,,,,"     ",5.10,61.70,6.20
1598,539337075,"01598M07:52:02.413","01598 07:04:50",210.05,898.63,,,,"     ",5.10,62.29,6.26
1598,539337076,"01598M07:52:03.386","01598 07:04:51",210.07,898.65,,,,"     ",5.10,62.00,6.22
1598,539337077,"01598M07:52:04.360","01598 07:04:52",210.09,898.69,,,,"     ",5.10,62.01,6.22
1598,539337078,"01598M07:52:05.333","01598 07:04:53",210.11,898.64,,,,"     ",5.10,62.10,6.23
1598,539337079,"01598M07:52:06.306","01598 07:04:54",210.12,898.63,,,,"     ",5.10,62.19,6.24
1598,539337080,"01598M07:52:07.279","01598 07:04:55",210.12,898.60,,,,"     ",5.10,62.35,6.25
1598,539337081,"01598M07:52:08.253","01598 07:04:56",210.10,898.61,,,,"     ",5.10,62.12,6.23
1598,539337082,"01598M07:52:09.226","01598 07:04:57",210.06,898.58,,,,"     ",5.10,62.06,6.22
1598,539337083,"01598M07:52:10.199","01598 07:04:58",210.01,898.58,,,,"     ",5.10,62.17,6.23
1598,539337084,"01598M07:52:11.172","01598 07:04:59",209.95,898.66,,,,"     ",5.10,62.28,6.24
1598,539337085,"01598M07:52:12.146","01598 07:05:00",209.91,898.73,,,,"     ",5.10,62.37,6.25
1598,539337086,"01598M07:52:13.119","01598 07:05:01",209.87,898.72,,,,"     ",5.10,62.33,6.25
1598,539337087,"01598M07:52:14.092","01598 07:05:02",210.50,898.71,,,,"     ",5.10,62.54,6.27
1598,539337088,"01598M07:52:15.065","01598 07:05:03",210.46,898.70,,,,"     ",5.10,62.26,6.24
1598,539337089,"01598M07:52:16.039","01598 07:05:04",210.43,898.69,,,,"     ",5.10,62.18,6.23
1598,539337090,"01598M07:52:17.012","01598 07:05:05",210.40,898.72,,,,"     ",5.10,62.59,6.27
1598,539337091,"01598M07:52:17.985","01598 07:05:06",210.38,898.69,,,,"     ",5.10,62.50,6.26
1598,539337092,"01598M07:52:18.958","01598 07:05:07",210.37,898.67,,,,"     ",5.10,62.33,6.24
1598,539337093,"01598M07:52:19.932","01598 07:05:08",210.36,898.67,,,,"     ",5.10,62.75,6.28
1598,539337094,"01598M07:52:20.905","01598 07:05:09",210.36,898.72,,,,"     ",5.10,62.45,6.25
1598,539337095,"01598M07:52:21.878","01598 07:05:10",210.37,898.65,,,,"     ",5.10,62.56,6.26
1598,539337096,"01598M07:52:22.851","01598 07:05:11",210.39,898.64,,,,"     ",5.10,62.30,6.23
1598,539337097,"01598M07:52:23.825","01598 07:05:12",210.41,898.72,,,,"     ",5.10,62.67,6.27
1598,539337098,"01598M07:52:24.798","01598 07:05:13",210.43,898.71,,,,"     ",5.10,62.64,6.26
1598,539337099,"01598M07:52:25.771","01598 07:05:14",210.45,898.69,,,,"     ",5.10,62.59,6.26
1598,539337100,"01598M07:52:26.744","01598 07:05:15",210.47,898.70,,,,"     ",5.10,62.48,6.25
1598,539337101,"01598M07:52:27.718","01598 07:05:15",209.88,898.69,,,,"     ",5.10,62.46,6.24
1598,539337102,"01598M07:52:28.691","01598 07:05:16",209.89,898.66,,,,"     ",5.10,62.60,6.25
1598,539337103,"01598M07:52:29.664","01598 07:05:17",209.89,898.65,,,,"     ",5.10,62.62,6.26
1598,539337104,"01598M07:52:30.637","01598 07:05:18",209.88,898.73,,,,"     ",5.10,62.63,6.26
1598,539337105,"01598M07:52:31.611","01598 07:05:19",209.88,898.70,,,,"     ",5.10,62.82,6.28
1598,539337106,"01598M07:52:32.584","01598 07:05:20",209.88,898.75,,,,"     ",5.10,62.59,6.25
1598,539337107,"01598M07:52:33.557","01598 07:05:21",209.88,898.73,,,,"     ",5.10,62.75,6.26
1598,539337108,"01598M07:52:34.530","01598 07:05:22",209.88,898.68,,,,"     ",5.10,63.05,6.30
1598,539337109,"01598M07:52:35.504","01598 07:05:23",209.89,898.70,,,,"     ",5.10,62.72,6.26
1598,539337110,"01598M07:52:36.477","01598 07:05:24",209.90,898.80,,,,"     ",5.10,62.90,6.28
1598,539337111,"01598M07:52:37.450","01598 07:05:25",209.91,898.76,,,,"     ",5.10,62.97,6.29
1598,539337112,"01598M07:52:38.423","01598 07:05:26",209.94,898.68,,,,"     ",5.10,62.80,6.27
1598,539337113,"01598M07:52:39.397","01598 07:05:27",209.97,898.75,,,,"     ",5.10,62.68,6.25
1598,539337114,"01598M07:52:40.370","01598 07:05:28",210.02,898.78,,,,"     ",5.10,62.52,6.23
1598,539337115,"01598M07:52:41.343","01598 07:05:29",210.06,898.70,,,,"     ",5.10,62.51,6.23
1598,539337116,"01598M07:52:42.317","01598 07:05:30",210.11,898.64,,,,"     ",5.10,62.67,6.25
1598,539337117,"01598M07:52:43.290","01598 07:05:31",210.15,898.66,,,,"     ",5.10,62.40,6.22
1598,539337118,"01598M07:52:44.263","01598 07:05:32",210.18,898.68,,,,"     ",5.10,62.57,6.24
1598,539337119,"01598M07:52:45.236","01598 07:05:33",210.21,898.69,,,,"     ",5.10,62.57,6.23
1598,539337120,"01598M07:52:46.210","01598 07:05:34",210.22,898.70,,,,"     ",5.10,62.63,6.24
1598,539337121,"01598M07:52:47.183","01598 07:05:35",210.22,898.65,,,,"     ",5.10,62.79,6.26
1598,539337122,"01598M07:52:48.156","01598 07:05:36",210.21,898.58,,,,"     ",5.10,62.54,6.23
1598,539337123,"01598M07:52:49.129","01598 07:05:37",210.20,898.65,,,,"     ",5.10,62.49,6.22
1598,539337124,"01598M07:52:50.103","01598 07:05:38",210.18,898.66,,,,"     ",5.10,62.57,6.23
1598,539337125,"01598M07:52:51.076","01598 07:05:39",210.16,898.63,,,,"     ",5.10,62.89,6.26
1598,539337126,"01598M07:52:52.049","01598 07:05:40",210.14,898.68,,,,"     ",5.10,62.99,6.27
1598,539337127,"01598M07:52:53.022","01598 07:05:41",210.12,898.77,,,,"     ",5.10,62.65,6.23
1598,539337128,"01598M07:52:53.996","01598 07:05:42",210.11,898.72,,,,"     ",5.10,62.45,6.21
1598,539337129,"01598M07:52:54.969","01598 07:05:43",210.11,898.72,,,,"     ",5.10,62.70,6.24
1598,539337130,"01598M07:52:55.942","01598 07:05:44",210.11,898.75,,,,"     ",5.10,62.96,6.26
1598,539337131,"01598M07:52:56.915","01598 07:05:45",210.10,898.72,,,,"     ",5.10,63.00,6.26
1598,539337132,"01598M07:52:57.889","01598 07:05:46",210.10,898.69,,,,"     ",5.10,62.72,6.24
1598,539337133,"01598M07:52:58.862","01598 07:05:47",210.09,898.70,,,,"     ",5.10,62.53,6.21
1598,539337134,"01598M07:52:59.835","01598 07:05:48",210.09,898.66,,,,"     ",5.10,62.51,6.21
1598,539337135,"01598M07:53:00.808","01598 07:05:49",210.08,898.60,,,,"     ",5.10,62.60,6.22
1598,539337136,"01598M07:53:01.782","01598 07:05:50",210.07,898.70,,,,"     ",5.10,62.81,6.24
1598,539337137,"01598M07:53:02.755","01598 07:05:51",210.05,898.67,,,,"     ",5.10,62.82,6.24
1598,539337138,"01598M07:53:03.728","01598 07:05:51",210.04,898.70,,,,"     ",5.10,62.66,6.22
1598,539337139,"01598M07:53:04.701","01598 07:05:52",210.02,898.57,,,,"     ",5.10,62.78,6.23
1598,539337140,"01598M07:53:05.675","01598 07:05:53",210.00,898.64,,,,"     ",5.10,62.30,6.18
1598,539337141,"01598M07:53:06.648","01598 07:05:54",209.99,898.68,,,,"     ",5.10,62.61,6.21
1598,539337142,"01598M07:53:07.621","01598 07:05:55",209.98,898.72,,,,"     ",5.10,62.73,6.22
1598,539337143,"01598M07:53:08.594","01598 07:05:56",209.97,898.67,,,,"     ",5.10,62.61,6.21
1598,539337144,"01598M07:53:09.568","01598 07:05:57",209.96,898.70,,,,"     ",5.10,62.61,6.21
1598,539337145,"01598M07:53:10.541","01598 07:05:58",209.94,898.67,,,,"     ",5.10,62.33,6.18
1598,539337146,"01598M07:53:11.514","01598 07:05:59",209.92,898.65,,,,"     ",5.10,62.63,6.21
1598,539337147,"01598M07:53:12.487","01598 07:06:00",209.90,898.67,,,,"     ",5.10,62.27,6.17
1598,539337148,"01598M07:53:13.461","01598 07:06:01",209.88,898.67,,,,"     ",5.10,62.43,6.19
1598,539337149,"01598M07:53:14.434","01598 07:06:02",209.85,898.63,,,,"     ",5.10,62.19,6.16
1598,539337150,"01598M07:53:15.407","01598 07:06:03",209.83,898.70,,,,"     ",5.10,62.18,6.16
1598,539337151,"01598M07:53:16.380","01598 07:06:04",209.81,898.71,,,,"     ",5.10,62.68,6.21
1598,539337152,"01598M07:53:17.354","01598 07:06:05",209.80,898.76,,,,"     ",5.10,62.67,6.21
1598,539337153,"01598M07:53:18.327","01598 07:06:06",209.79,898.73,,,,"     ",5.10,62.88,6.23
1598,539337154,"01598M07:53:19.300","01598 07:06:07",209.79,898.71,,,,"     ",5.10,62.30,6.17
1598,539337155,"01598M07:53:20.273","01598 07:06:08",209.80,898.76,,,,"     ",5.10,62.44,6.18
1598,539337156,"01598M07:53:21.247","01598 07:06:09",209.81,898.76,,,,"     ",5.10,62.49,6.19
1598,539337157,"01598M07:53:22.220","01598 07:06:10",209.82,898.70,,,,"     ",5.10,62.44,6.18
1598,539337158,"01598M07:53:23.193","01598 07:06:11",209.84,898.71,,,,"     ",5.10,62.56,6.19
1598,539337159,"01598M07:53:24.166","01598 07:06:12",209.86,898.71,,,,"     ",5.10,62.63,6.20
1598,539337160,"01598M07:53:25.140","01598 07:06:13",209.88,898.69,,,,"     ",5.10,62.65,6.19
1598,539337161,"01598M07:53:26.113","01598 07:06:14",209.90,898.61,,,,"     ",5.10,62.62,6.19
1598,539337162,"01598M07:53:27.086","01598 07:06:15",209.91,898.61,,,,"     ",5.10,62.72,6.20
1598,539337163,"01598M07:53:28.059","01598 07:06:16",209.91,898.58,,,,"     ",5.10,62.79,6.21
1598,539337164,"01598M07:53:29.033","01598 07:06:17",209.92,898.54,,,,"     ",5.10,62.97,6.22
1598,539337165,"01598M07:53:30.006","01598 07:06:18",209.92,898.58,,,,"     ",5.10,62.74,6.20
1598,539337166,"01598M07:53:30.979","01598 07:06:19",209.92,898.63,,,,"     ",5.10,63.10,6.23
1598,539337167,"01598M07:53:31.952","01598 07:06:20",209.92,898.63,,,,"     ",5.10,62.79,6.20
1598,539337168,"01598M07:53:32.926","01598 07:06:21",209.91,898.63,,,,"     ",5.10,63.35,6.26
1598,539337169,"01598M07:53:33.899","01598 07:06:22",209.90,898.69,,,,"     ",5.10,63.01,6.22
1598,539337170,"01598M07:53:34.872","01598 07:06:23",209.89,898.77,,,,"     ",5.10,62.81,6.20
1598,539337171,"01598M07:53:35.845","01598 07:06:24",209.86,898.73,,,,"     ",5.10,63.25,6.25
1598,539337172,"01598M07:53:36.819","01598 07:06:25",209.81,898.73,,,,"     ",5.10,63.01,6.22
1598,539337173,"01598M07:53:37.792","01598 07:06:26",209.75,898.73,,,,"     ",5.10,63.27,6.24
1598,539337174,"01598M07:53:38.765","01598 07:06:27",209.69,898.64,,,,"     ",5.10,63.41,6.26
1598,539337175,"01598M07:53:39.738","01598 07:06:27",209.63,898.63,,,,"     ",5.10,63.38,6.25
1598,539337176,"01598M07:53:40.712","01598 07:06:28",209.58,898.57,,,,"     ",5.10,63.14,6.23
1598,539337177,"01598M07:53:41.685","01598 07:06:29",209.55,898.60,,,,"     ",5.10,63.28,6.24
1598,539337178,"01598M07:53:42.658","01598 07:06:30",209.52,898.68,,,,"     ",5.10,63.34,6.24
1598,539337179,"01598M07:53:43.631","01598 07:06:31",209.95,898.65,,,,"     ",5.10,63.30,6.24
1598,539337180,"01598M07:53:44.605","01598 07:06:32",209.93,898.61,,,,"     ",5.10,63.38,6.24
1598,539337181,"01598M07:53:45.578","01598 07:06:33",209.90,898.71,,,,"     ",5.10,63.35,6.24
1598,539337182,"01598M07:53:46.551","01598 07:06:34",209.89,898.72,,,,"     ",5.10,63.65,6.27
1598,539337183,"01598M07:53:47.524","01598 07:06:35",209.88,898.77,,,,"     ",5.10,63.51,6.25
1598,539337184,"01598M07:53:48.498","01598 07:06:36",209.88,898.67,,,,"     ",5.10,63.27,6.23
1598,539337185,"01598M07:53:49.471","01598 07:06:37",209.89,898.72,,,,"     ",5.10,63.40,6.24
1598,539337186,"01598M07:53:50.444","01598 07:06:38",209.91,898.79,,,,"     ",5.10,63.22,6.22
1598,539337187,"01598M07:53:51.417","01598 07:06:39",209.94,898.80,,,,"     ",5.10,63.45,6.24
1598,539337188,"01598M07:53:52.391","01598 07:06:40",209.98,898.77,,,,"     ",5.10,63.41,6.24
1598,539337189,"01598M07:53:53.364","01598 07:06:41",210.03,898.71,,,,"     ",5.10,63.48,6.24
1598,539337190,"01598M07:53:54.337","01598 07:06:42",210.09,898.70,,,,"     ",5.10,63.81,6.27
1598,539337191,"01598M07:53:55.311","01598 07:06:43",209.64,898.68,,,,"     ",5.10,63.42,6.24
1598,539337192,"01598M07:53:56.284","01598 07:06:44",209.69,898.64,,,,"     ",5.10,63.09,6.20
1598,539337193,"01598M07:53:57.257","01598 07:06:45",209.75,898.76,,,,"     ",5.10,63.54,6.24
1598,539337194,"01598M07:53:58.230","01598 07:06:46",209.83,898.77,,,,"     ",5.10,63.59,6.25
1598,539337195,"01598M07:53:59.204","01598 07:06:47",209.90,898.68,,,,"     ",5.10,63.40,6.23
1598,539337196,"01598M07:54:00.177","01598 07:06:48",209.97,898.77,,,,"     ",5.10,63.52,6.24
1598,539337197,"01598M07:54:01.150","01598 07:06:49",210.01,898.77,,,,"     ",5.10,63.58,6.24
1598,539337198,"01598M07:54:02.123","01598 07:06:50",210.03,898.76,,,,"     ",5.10,63.44,6.23
1598,539337199,"01598M07:54:03.097","01598 07:06:51",210.03,898.74,,,,"     ",5.10,63.46,6.23
1598,539337200,"01598M07:54:04.070","01598 07:06:52",210.01,898.66,,,,"     ",5.10,63.38,6.22
1598,539337201,"01598M07:54:05.043","01598 07:06:53",209.99,898.71,,,,"     ",5.10,63.39,6.22
1598,539337202,"01598M07:54:06.016","01598 07:06:54",209.97,898.72,,,,"     ",5.10,63.39,6.22
1598,539337203,"01598M07:54:06.990","01598 07:06:55",209.94,898.62,,,,"     ",5.10,63.55,6.23
1598,539337204,"01598M07:54:07.963","01598 07:06:56",209.92,898.62,,,,"     ",5.10,63.82,6.26
1598,539337205,"01598M07:54:08.936","01598 07:06:57",209.89,898.66,,,,"     ",5.10,63.43,6.22
1598,539337206,"01598M07:54:09.909","01598 07:06:58",209.85,898.68,,,,"     ",5.10,63.32,6.21
1598,539337207,"01598M07:54:10.883","01598 07:06:59",210.45,898.66,,,,"     ",5.10,63.23,6.19
1598,539337208,"01598M07:54:11.856","01598 07:07:00",210.40,898.65,,,,"     ",5.10,63.41,6.21
1598,539337209,"01598M07:54:12.829","01598 07:07:01",210.34,898.59,,,,"     ",5.10,63.52,6.22
1598,539337210,"01598M07:54:13.802","01598 07:07:02",210.30,898.61,,,,"     ",5.10,63.27,6.20
1598,539337211,"01598M07:54:14.776","01598 07:07:03",210.27,898.67,,,,"     ",5.10,63.40,6.21
1598,539337212,"01598M07:54:15.749","01598 07:07:03",210.25,898.56,,,,"     ",5.10,63.43,6.21
1598,539337213,"01598M07:54:16.722","01598 07:07:04",209.70,898.64,,,,"     ",5.10,63.53,6.22
1598,539337214,"01598M07:54:17.695","01598 07:07:05",209.70,898.60,,,,"     ",5.10,63.16,6.18
1598,539337215,"01598M07:54:18.669","01598 07:07:06",209.72,898.59,,,,"     ",5.10,63.39,6.20
1598,539337216,"01598M07:54:19.642","01598 07:07:07",209.75,898.71,,,,"     ",5.10,63.48,6.21
1598,539337217,"01598M07:54:20.615","01598 07:07:08",209.78,898.69,,,,"     ",5.10,63.59,6.22
1598,539337218,"01598M07:54:21.588","01598 07:07:09",209.80,898.66,,,,"     ",5.10,63.61,6.22
1598,539337219,"01598M07:54:22.562","01598 07:07:10",209.82,898.71,,,,"     ",5.10,63.53,6.21
1598,539337220,"01598M07:54:23.535","01598 07:07:11",209.83,898.71,,,,"     ",5.10,63.25,6.18
1598,539337221,"01598M07:54:24.508","01598 07:07:12",209.83,898.62,,,,"     ",5.10,63.77,6.23
1598,539337222,"01598M07:54:25.481","01598 07:07:13",209.83,898.63,,,,"     ",5.10,63.68,6.22
1598,539337223,"01598M07:54:26.455","01598 07:07:14",209.82,898.66,,,,"     ",5.10,63.41,6.19
1598,539337224,"01598M07:54:27.428","01598 07:07:15",209.82,898.68,,,,"     ",5.10,63.20,6.17
1598,539337225,"01598M07:54:28.401","01598 07:07:16",209.81,898.65,,,,"     ",5.10,63.48,6.20
1598,539337226,"01598M07:54:29.374","01598 07:07:17",210.35,898.61,,,,"     ",5.10,63.31,6.18
1598,539337227,"01598M07:54:30.348","01598 07:07:18",210.33,898.68,,,,"     ",5.10,63.35,6.18
1598,539337228,"01598M07:54:31.321","01598 07:07:19",210.31,898.65,,,,"     ",5.10,63.20,6.16
1598,539337229,"01598M07:54:32.294","01598 07:07:20",210.29,898.63,,,,"     ",5.10,63.41,6.18
1598,539337230,"01598M07:54:33.267","01598 07:07:21",210.27,898.62,,,,"     ",5.10,63.41,6.18
1598,539337231,"01598M07:54:34.241","01598 07:07:22",210.26,898.59,,,,"     ",5.10,63.71,6.21
1598,539337232,"01598M07:54:35.214","01598 07:07:23",210.25,898.63,,,,"     ",5.10,63.57,6.20
1598,539337233,"01598M07:54:36.187","01598 07:07:24",210.25,898.66,,,,"     ",5.10,63.53,6.19
1598,539337234,"01598M07:54:37.160","01598 07:07:25",210.25,898.72,,,,"     ",5.10,63.29,6.17
1598,539337235,"01598M07:54:38.134","01598 07:07:26",209.70,898.65,,,,"     ",5.10,63.68,6.20
1598,539337236,"01598M07:54:39.107","01598 07:07:27",209.72,898.63,,,,"     ",5.10,63.60,6.19
1598,539337237,"01598M07:54:40.080","01598 07:07:28",209.75,898.62,,,,"     ",5.10,63.56,6.19
1598,539337238,"01598M07:54:41.053","01598 07:07:29",209.80,898.66,,,,"     ",5.10,63.45,6.17
1598,539337239,"01598M07:54:42.027","01598 07:07:30",209.87,898.60,,,,"     ",5.10,63.61,6.19
1598,539337240,"01598M07:54:43.000","01598 07:07:31",209.94,898.61,,,,"     ",5.10,63.63,6.19
1598,539337241,"01598M07:54:43.973","01598 07:07:32",209.99,898.62,,,,"     ",5.10,63.47,6.17
1598,539337242,"01598M07:54:44.946","01598 07:07:33",210.03,898.62,,,,"     ",5.10,63.68,6.19
1598,539337243,"01598M07:54:45.920","01598 07:07:34",210.05,898.72,,,,"     ",5.10,63.57,6.18
1598,539337244,"01598M07:54:46.893","01598 07:07:35",210.05,898.65,,,,"     ",5.10,63.52,6.17
1598,539337245,"01598M07:54:47.866","01598 07:07:36",210.04,898.72,,,,"     ",5.10,63.51,6.17
1598,539337246,"01598M07:54:48.839","01598 07:07:37",210.03,898.67,,,,"     ",5.10,63.96,6.21
1598,539337247,"01598M07:54:49.813","01598 07:07:38",210.02,898.63,,,,"     ",5.10,63.73,6.19
1598,539337248,"01598M07:54:50.786","01598 07:07:39",210.01,898.64,,,,"     ",5.10,63.62,6.18
1598,539337249,"01598M07:54:51.759","01598 07:07:39",209.99,898.64,,,,"     ",5.10,63.87,6.20
1598,539337250,"01598M07:54:52.732","01598 07:07:40",209.97,898.55,,,,"     ",5.10,63.25,6.14
1598,539337251,"01598M07:54:53.706","01598 07:07:41",209.94,898.59,,,,"     ",5.10,63.64,6.17
1598,539337252,"01598M07:54:54.679","01598 07:07:42",209.90,898.55,,,,"     ",5.10,63.75,6.18
1598,539337253,"01598M07:54:55.652","01598 07:07:43",209.86,898.49,,,,"     ",5.10,63.59,6.16
1598,539337254,"01598M07:54:56.625","01598 07:07:44",209.83,898.52,,,,"     ",5.10,63.76,6.18
1598,539337255,"01598M07:54:57.599","01598 07:07:45",209.80,898.60,,,,"     ",5.10,63.79,6.18
1598,539337256,"01598M07:54:58.572","01598 07:07:46",209.79,898.56,,,,"     ",5.10,63.67,6.17
1598,539337257,"01598M07:54:59.545","01598 07:07:47",209.78,898.57,,,,"     ",5.10,63.49,6.15
1598,539337258,"01598M07:55:00.518","01598 07:07:48",209.77,898.60,,,,"     ",5.10,63.65,6.16
1598,539337259,"01598M07:55:01.492","01598 07:07:49",210.34,898.56,,,,"     ",5.10,63.70,6.17
1598,539337260,"01598M07:55:02.465","01598 07:07:50",210.32,898.59,,,,"     ",5.10,63.79,6.17
1598,539337261,"01598M07:55:03.438","01598 07:07:51",210.30,898.64,,,,"     ",5.10,63.70,6.16
1598,539337262,"01598M07:55:04.412","01598 07:07:52",210.28,898.68,,,,"     ",5.10,63.65,6.16
1598,539337263,"01598M07:55:05.385","01598 07:07:53",210.26,898.73,,,,"     ",5.10,63.58,6.15
1598,539337264,"01598M07:55:06.358","01598 07:07:54",210.24,898.72,,,,"     ",5.10,63.83,6.17
1598,539337265,"01598M07:55:07.331","01598 07:07:55",210.21,898.73,,,,"     ",5.10,63.76,6.17
1598,539337266,"01598M07:55:08.305","01598 07:07:56",210.18,898.66,,,,"     ",5.10,63.83,6.17
1598,539337267,"01598M07:55:09.278","01598 07:07:57",210.15,898.66,,,,"     ",5.10,63.83,6.17
1598,539337268,"01598M07:55:10.251","01598 07:07:58",210.12,898.56,,,,"     ",5.10,64.07,6.19
1598,539337269,"01598M07:55:11.224","01598 07:07:59",210.09,898.58,,,,"     ",5.10,63.78,6.16
1598,539337270,"01598M07:55:12.198","01598 07:08:00",210.07,898.55,,,,"     ",5.10,63.78,6.16
1598,539337271,"01598M07:55:13.171","01598 07:08:01",210.06,898.60,,,,"     ",5.10,63.71,6.15
1598,539337272,"01598M07:55:14.144","01598 07:08:02",210.06,898.67,,,,"     ",5.10,63.68,6.15
1598,539337273,"01598M07:55:15.117","01598 07:08:03",210.06,898.64,,,,"     ",5.10,64.06,6.18
1598,539337274,"01598M07:55:16.091","01598 07:08:04",210.08,898.55,,,,"     ",5.10,63.62,6.14
1598,539337275,"01598M07:55:17.064","01598 07:08:05",210.11,898.63,,,,"     ",5.10,63.45,6.12
1598,539337276,"01598M07:55:18.037","01598 07:08:06",210.15,898.70,,,,"     ",5.10,63.25,6.10
1598,539337277,"01598M07:55:19.010","01598 07:08:07",209.80,898.65,,,,"     ",5.10,63.70,6.14
1598,539337278,"01598M07:55:19.984","01598 07:08:08",209.83,898.62,,,,"     ",5.10,63.40,6.11
1598,539337279,"01598M07:55:20.957","01598 07:08:09",209.86,898.59,,,,"     ",5.10,63.40,6.11
1598,539337280,"01598M07:55:21.930","01598 07:08:10",209.89,898.55,,,,"     ",5.10,63.54,6.12
1598,539337281,"01598M07:55:22.903","01598 07:08:11",209.92,898.56,,,,"     ",5.10,63.38,6.10
1598,539337282,"01598M07:55:23.877","01598 07:08:12",209.96,898.62,,,,"     ",5.10,63.14,6.08
1598,539337283,"01598M07:55:24.850","01598 07:08:13",210.00,898.64,,,,"     ",5.10,63.12,6.07
1598,539337284,"01598M07:55:25.823","01598 07:08:14",210.05,898.66,,,,"     ",5.10,63.55,6.12
1598,539337285,"01598M07:55:26.796","01598 07:08:15",210.09,898.64,,,,"     ",5.10,63.54,6.11
1598,539337286,"01598M07:55:27.770","01598 07:08:15",210.12,898.71,,,,"     ",5.10,63.29,6.09
1598,539337287,"01598M07:55:28.743","01598 07:08:16",210.15,898.65,,,,"     ",5.10,63.42,6.10
1598,539337288,"01598M07:55:29.716","01598 07:08:17",210.17,898.68,,,,"     ",5.10,63.27,6.09
1598,539337289,"01598M07:55:30.689","01598 07:08:18",210.19,898.65,,,,"     ",5.10,63.43,6.10
1598,539337290,"01598M07:55:31.663","01598 07:08:19",210.20,898.67,,,,"     ",5.10,63.08,6.06
1598,539337291,"01598M07:55:32.636","01598 07:08:20",210.21,898.70,,,,"     ",5.10,63.44,6.10
1598,539337292,"01598M07:55:33.609","01598 07:08:21",210.20,898.73,,,,"     ",5.10,63.28,6.08
1598,539337293,"01598M07:55:34.582","01598 07:08:22",210.19,898.64,,,,"     ",5.10,63.45,6.10
1598,539337294,"01598M07:55:35.556","01598 07:08:23",210.17,898.67,,,,"     ",5.10,63.20,6.07
1598,539337295,"01598M07:55:36.529","01598 07:08:24",210.14,898.68,,,,"     ",5.10,63.25,6.07
1598,539337296,"01598M07:55:37.502","01598 07:08:25",210.11,898.69,,,,"     ",5.10,63.48,6.09
1598,539337297,"01598M07:55:38.475","01598 07:08:26",210.07,898.60,,,,"     ",5.10,63.27,6.07
1598,539337298,"01598M07:55:39.449","01598 07:08:27",210.03,898.70,,,,"     ",5.10,63.42,6.09
1598,539337299,"01598M07:55:40.422","01598 07:08:28",209.99,898.68,,,,"     ",5.10,63.48,6.09
1598,539337300,"01598M07:55:41.395","01598 07:08:29",209.94,898.63,,,,"     ",5.10,63.21,6.06
1598,539337301,"01598M07:55:42.368","01598 07:08:30",209.91,898.64,,,,"     ",5.10,63.56,6.09
1598,539337302,"01598M07:55:43.342","01598 07:08:31",209.87,898.73,,,,"     ",5.10,63.33,6.07
1598,539337303,"01598M07:55:44.315","01598 07:08:32",210.39,898.69,,,,"     ",5.10,63.24,6.06
1598,539337304,"01598M07:55:45.288","01598 07:08:33",210.33,898.72,,,,"     ",5.10,63.13,6.05
1598,539337305,"01598M07:55:46.261","01598 07:08:34",210.26,898.69,,,,"     ",5.10,63.13,6.05
1598,539337306,"01598M07:55:47.235","01598 07:08:35",210.18,898.71,,,,"     ",5.10,63.32,6.06
1598,539337307,"01598M07:55:48.208","01598 07:08:36",210.25,898.66,,,,"     ",5.10,63.38,6.07
1598,539337308,"01598M07:55:49.181","01598 07:08:37",210.17,898.73,,,,"     ",5.10,63.36,6.06
1598,539337309,"01598M07:55:50.154","01598 07:08:38",210.08,898.60,,,,"     ",5.10,63.22,6.05
1598,539337310,"01598M07:55:51.128","01598 07:08:39",210.00,898.59,,,,"     ",5.10,63.50,6.07
1598,539337311,"01598M07:55:52.101","01598 07:08:40",209.94,898.66,,,,"     ",5.10,63.19,6.04
1598,539337312,"01598M07:55:53.074","01598 07:08:41",209.90,898.59,,,,"     ",5.10,63.36,6.06
1598,539337313,"01598M07:55:54.047","01598 07:08:42",209.88,898.68,,,,"     ",5.10,63.12,6.03
1598,539337314,"01598M07:55:55.021","01598 07:08:43",209.88,898.67,,,,"     ",5.10,62.72,5.99
1598,539337315,"01598M07:55:55.994","01598 07:08:44",210.25,898.64,,,,"     ",5.10,63.17,6.04
1598,539337316,"01598M07:55:56.967","01598 07:08:45",210.24,898.65,,,,"     ",5.10,62.86,6.00
1598,539337317,"01598M07:55:57.940","01598 07:08:46",210.23,898.63,,,,"     ",5.10,62.97,6.01
1598,539337318,"01598M07:55:58.914","01598 07:08:47",210.21,898.65,,,,"     ",5.10,63.13,6.03
1598,539337319,"01598M07:55:59.887","01598 07:08:48",210.18,898.60,,,,"     ",5.10,63.17,6.03
1598,539337320,"01598M07:56:00.860","01598 07:08:49",210.16,898.55,,,,"     ",5.10,63.10,6.02
1598,539337321,"01598M07:56:01.833","01598 07:08:50",210.18,898.54,,,,"     ",5.10,62.88,6.00
1598,539337322,"01598M07:56:02.807","01598 07:08:51",210.20,898.57,,,,"     ",5.10,63.17,6.02
1598,539337323,"01598M07:56:03.780","01598 07:08:51",210.23,898.61,,,,"     ",5.10,63.00,6.01
1598,539337324,"01598M07:56:04.753","01598 07:08:52",210.25,898.60,,,,"     ",5.10,63.20,6.02
1598,539337325,"01598M07:56:05.726","01598 07:08:53",210.27,898.67,,,,"     ",5.10,63.21,6.03
1598,539337326,"01598M07:56:06.700","01598 07:08:54",210.28,898.65,,,,"     ",5.10,63.00,6.00
1598,539337327,"01598M07:56:07.673","01598 07:08:55",210.29,898.56,,,,"     ",5.10,62.77,5.98
1598,539337328,"01598M07:56:08.646","01598 07:08:56",210.30,898.60,,,,"     ",5.10,63.23,6.02
1598,539337329,"01598M07:56:09.619","01598 07:08:57",210.31,898.58,,,,"     ",5.10,62.87,5.99
1598,539337330,"01598M07:56:10.593","01598 07:08:58",210.32,898.61,,,,"     ",5.10,63.10,6.01
1598,539337331,"01598M07:56:11.566","01598 07:08:59",210.32,898.61,,,,"     ",5.10,63.17,6.01
1598,539337332,"01598M07:56:12.539","01598 07:09:00",210.08,898.58,,,,"     ",5.10,63.03,6.00
1598,539337333,"01598M07:56:13.513","01598 07:09:01",210.15,898.59,,,,"     ",5.10,63.35,6.03
1598,539337334,"01598M07:56:14.486","01598 07:09:02",210.23,898.52,,,,"     ",5.10,63.25,6.01
1598,539337335,"01598M07:56:15.459","01598 07:09:03",210.28,898.48,,,,"     ",5.10,63.00,5.99
1598,539337336,"01598M07:56:16.432","01598 07:09:04",210.29,898.60,,,,"     ",5.10,63.04,5.99
1598,539337337,"01598M07:56:17.406","01598 07:09:05",210.25,898.51,,,,"     ",5.10,63.19,6.01
1598,539337338,"01598M07:56:18.379","01598 07:09:06",210.18,898.52,,,,"     ",5.10,63.19,6.00
1598,539337339,"01598M07:56:19.352","01598 07:09:07",210.10,898.49,,,,"     ",5.10,63.37,6.02
1598,539337340,"01598M07:56:20.325","01598 07:09:08",210.05,898.56,,,,"     ",5.10,63.36,6.02
1598,539337341,"01598M07:56:21.299","01598 07:09:09",210.01,898.54,,,,"     ",5.10,63.24,6.00
1598,539337342,"01598M07:56:22.272","01598 07:09:10",209.99,898.54,,,,"     ",5.10,63.35,6.01
1598,539337343,"01598M07:56:23.245","01598 07:09:11",209.97,898.49,,,,"     ",5.10,63.22,6.00
1598,539337344,"01598M07:56:24.218","01598 07:09:12",209.96,898.49,,,,"     ",5.10,63.78,6.05
1598,539337345,"01598M07:56:25.192","01598 07:09:13",209.96,898.61,,,,"     ",5.10,63.82,6.05
1598,539337346,"01598M07:56:26.165","01598 07:09:14",209.96,898.56,,,,"     ",5.10,63.59,6.03
1598,539337347,"01598M07:56:27.138","01598 07:09:15",209.98,898.52,,,,"     ",5.10,63.48,6.02
1598,539337348,"01598M07:56:28.111","01598 07:09:16",210.00,898.52,,,,"     ",5.10,63.63,6.03
1598,539337349,"01598M07:56:29.085","01598 07:09:17",210.54,898.58,,,,"     ",5.10,63.71,6.04
1598,539337350,"01598M07:56:30.058","01598 07:09:18",210.56,898.55,,,,"     ",5.10,63.08,5.97
1598,539337351,"01598M07:56:31.031","01598 07:09:19",210.57,898.64,,,,"     ",5.10,63.73,6.04
1598,539337352,"01598M07:56:32.004","01598 07:09:20",210.56,898.60,,,,"     ",5.10,63.60,6.02
1598,539337353,"01598M07:56:32.978","01598 07:09:21",210.55,898.56,,,,"     ",5.10,63.55,6.01
1598,539337354,"01598M07:56:33.951","01598 07:09:22",210.54,898.56,,,,"     ",5.10,63.47,6.01
1598,539337355,"01598M07:56:34.924","01598 07:09:23",210.53,898.55,,,,"     ",5.10,63.53,6.01
1598,539337356,"01598M07:56:35.897","01598 07:09:24",210.52,898.51,,,,"     ",5.10,63.67,6.02
1598,539337357,"01598M07:56:36.871","01598 07:09:25",210.47,898.57,,,,"     ",5.10,63.78,6.03
1598,539337358,"01598M07:56:37.844","01598 07:09:26",210.41,898.58,,,,"     ",5.10,63.76,6.03
1598,539337359,"01598M07:56:38.817","01598 07:09:27",210.36,898.55,,,,"     ",5.10,63.88,6.04
1598,539337360,"01598M07:56:39.790","01598 07:09:28",210.33,898.55,,,,"     ",5.10,63.69,6.02
1598,539337361,"01598M07:56:40.764","01598 07:09:28",210.32,898.50,,,,"     ",5.10,63.88,6.03
1598,539337362,"01598M07:56:41.737","01598 07:09:29",210.31,898.52,,,,"     ",5.10,63.83,6.02
1598,539337363,"01598M07:56:42.710","01598 07:09:30",210.30,898.51,,,,"     ",5.10,63.90,6.03
1598,539337364,"01598M07:56:43.683","01598 07:09:31",210.29,898.43,,,,"     ",5.10,64.27,6.06
1598,539337365,"01598M07:56:44.657","01598 07:09:32",210.30,898.51,,,,"     ",5.10,64.48,6.08
1598,539337366,"01598M07:56:45.630","01598 07:09:33",210.32,898.48,,,,"     ",5.10,64.37,6.07
1598,539337367,"01598M07:56:46.603","01598 07:09:34",210.35,898.51,,,,"     ",5.10,64.13,6.05
1598,539337368,"01598M07:56:47.576","01598 07:09:35",210.38,898.52,,,,"     ",5.10,64.17,6.05
1598,539337369,"01598M07:56:48.550","01598 07:09:36",210.41,898.59,,,,"     ",5.10,64.11,6.04
1598,539337370,"01598M07:56:49.523","01598 07:09:37",210.40,898.66,,,,"     ",5.10,64.32,6.06
1598,539337371,"01598M07:56:50.496","01598 07:09:38",210.40,898.59,,,,"     ",5.10,64.45,6.07
1598,539337372,"01598M07:56:51.469","01598 07:09:39",210.41,898.60,,,,"     ",5.10,64.05,6.03
1598,539337373,"01598M07:56:52.443","01598 07:09:40",210.44,898.52,,,,"     ",5.10,64.38,6.06
1598,539337374,"01598M07:56:53.416","01598 07:09:41",210.46,898.49,,,,"     ",5.10,64.47,6.07
1598,539337375,"01598M07:56:54.389","01598 07:09:42",210.04,898.52,,,,"     ",5.10,64.58,6.08
1598,539337376,"01598M07:56:55.362","01598 07:09:43",210.05,898.55,,,,"     ",5.10,64.43,6.06
1598,539337377,"01598M07:56:56.336","01598 07:09:44",210.06,898.62,,,,"     ",5.10,64.69,6.09
1598,539337378,"01598M07:56:57.309","01598 07:09:45",210.08,898.49,,,,"     ",5.10,64.57,6.07
1598,539337379,"01598M07:56:58.282","01598 07:09:46",210.10,898.51,,,,"     ",5.10,64.41,6.06
1598,539337380,"01598M07:56:59.255","01598 07:09:47",210.14,898.49,,,,"     ",5.10,64.61,6.07
1598,539337381,"01598M07:57:00.229","01598 07:09:48",210.17,898.60,,,,"     ",5.10,64.25,6.04
1598,539337382,"01598M07:57:01.202","01598 07:09:49",210.18,898.52,,,,"     ",5.10,64.50,6.06
1598,539337383,"01598M07:57:02.175","01598 07:09:50",210.18,898.63,,,,"     ",5.10,64.56,6.06
1598,539337384,"01598M07:57:03.148","01598 07:09:51",210.15,898.55,,,,"     ",5.10,64.47,6.05
1598,539337385,"01598M07:57:04.122","01598 07:09:52",210.30,898.57,,,,"     ",5.10,64.43,6.05
1598,539337386,"01598M07:57:05.095","01598 07:09:53",210.30,898.56,,,,"     ",5.10,64.62,6.06
1598,539337387,"01598M07:57:06.068","01598 07:09:54",210.32,898.57,,,,"     ",5.10,64.38,6.04
1598,539337388,"01598M07:57:07.041","01598 07:09:55",210.36,898.47,,,,"     ",5.10,64.63,6.06
1598,539337389,"01598M07:57:08.015","01598 07:09:56",210.40,898.61,,,,"     ",5.10,64.57,6.05
1598,539337390,"01598M07:57:08.988","01598 07:09:57",210.42,898.58,,,,"     ",5.10,64.61,6.06
1598,539337391,"01598M07:57:09.961","01598 07:09:58",210.46,898.61,,,,"     ",5.10,64.75,6.07
1598,539337392,"01598M07:57:10.934","01598 07:09:59",210.50,898.60,,,,"     ",5.10,64.77,6.07
1598,539337393,"01598M07:57:11.908","01598 07:10:00",210.54,898.55,,,,"     ",5.10,64.90,6.08
1598,539337394,"01598M07:57:12.881","01598 07:10:01",210.58,898.58,,,,"     ",5.10,65.10,6.10
1598,539337395,"01598M07:57:13.854","01598 07:10:02",210.61,898.52,,,,"     ",5.10,64.88,6.07
1598,539337396,"01598M07:57:14.827","01598 07:10:03",210.64,898.47,,,,"     ",5.10,64.87,6.07
1598,539337397,"01598M07:57:15.801","01598 07:10:04",210.62,898.49,,,,"     ",5.10,65.12,6.09
1598,539337398,"01598M07:57:16.774","01598 07:10:04",210.59,898.41,,,,"     ",5.10,65.22,6.10
1598,539337399,"01598M07:57:17.747","01598 07:10:05",210.56,898.44,,,,"     ",5.10,65.32,6.11
1598,539337400,"01598M07:57:18.720","01598 07:10:06",210.53,898.50,,,,"     ",5.10,65.23,6.10
1598,539337401,"01598M07:57:19.694","01598 07:10:07",210.48,898.53,,,,"     ",5.10,65.42,6.11
1598,539337402,"01598M07:57:20.667","01598 07:10:08",210.22,898.58,,,,"     ",5.10,65.53,6.12
1598,539337403,"01598M07:57:21.640","01598 07:10:09",210.22,898.60,,,,"     ",5.10,65.40,6.11
1598,539337404,"01598M07:57:22.614","01598 07:10:10",210.28,898.49,,,,"     ",5.10,65.57,6.12
1598,539337405,"01598M07:57:23.587","01598 07:10:11",210.34,898.48,,,,"     ",5.10,65.59,6.13
1598,539337406,"01598M07:57:24.560","01598 07:10:12",210.34,898.48,,,,"     ",5.10,65.59,6.12
1598,539337407,"01598M07:57:25.533","01598 07:10:13",210.36,898.49,,,,"     ",5.10,65.46,6.11
1598,539337408,"01598M07:57:26.507","01598 07:10:14",210.39,898.53,,,,"     ",5.10,65.66,6.12
1598,539337409,"01598M07:57:27.480","01598 07:10:15",210.42,898.55,,,,"     ",5.10,65.34,6.09
1598,539337410,"01598M07:57:28.453","01598 07:10:16",210.46,898.47,,,,"     ",5.10,65.67,6.12
1598,539337411,"01598M07:57:29.426","01598 07:10:17",210.49,898.54,,,,"     ",5.10,65.58,6.11
1598,539337412,"01598M07:57:30.400","01598 07:10:18",210.51,898.59,,,,"     ",5.10,65.72,6.12
1598,539337413,"01598M07:57:31.373","01598 07:10:19",210.52,898.55,,,,"     ",5.10,65.70,6.12
1598,539337414,"01598M07:57:32.346","01598 07:10:20",210.48,898.58,,,,"     ",5.10,65.54,6.10
1598,539337415,"01598M07:57:33.319","01598 07:10:21",210.40,898.53,,,,"     ",5.10,65.92,6.14
1598,539337416,"01598M07:57:34.293","01598 07:10:22",210.33,898.53,,,,"     ",5.10,65.57,6.10
1598,539337417,"01598M07:57:35.266","01598 07:10:23",210.27,898.63,,,,"     ",5.10,65.66,6.11
1598,539337418,"01598M07:57:36.239","01598 07:10:24",210.24,898.60,,,,"     ",5.10,65.49,6.09
1598,539337419,"01598M07:57:37.212","01598 07:10:25",210.23,898.55,,,,"     ",5.10,65.29,6.07
1598,539337420,"01598M07:57:38.186","01598 07:10:26",210.23,898.57,,,,"     ",5.10,65.51,6.09
1598,539337421,"01598M07:57:39.159","01598 07:10:27",210.24,898.63,,,,"     ",5.10,65.41,6.08
1598,539337422,"01598M07:57:40.132","01598 07:10:28",210.23,898.65,,,,"     ",5.10,65.76,6.11
1598,539337423,"01598M07:57:41.105","01598 07:10:29",210.23,898.66,,,,"     ",5.10,65.70,6.11
1598,539337424,"01598M07:57:42.079","01598 07:10:30",210.23,898.64,,,,"     ",5.10,65.48,6.08
1598,539337425,"01598M07:57:43.052","01598 07:10:31",210.24,898.73,,,,"     ",5.10,65.82,6.11
1598,539337426,"01598M07:57:44.025","01598 07:10:32",210.25,898.73,,,,"     ",5.10,65.81,6.11
1598,539337427,"01598M07:57:44.998","01598 07:10:33",210.27,898.63,,,,"     ",5.10,65.83,6.11
1598,539337428,"01598M07:57:45.972","01598 07:10:34",210.28,898.57,,,,"     ",5.10,65.52,6.08
1598,539337429,"01598M07:57:46.945","01598 07:10:35",210.27,898.67,,,,"     ",5.10,65.48,6.07
1598,539337430,"01598M07:57:47.918","01598 07:10:36",210.49,898.60,,,,"     ",5.10,65.46,6.07
1598,539337431,"01598M07:57:48.891","01598 07:10:37",210.46,898.64,,,,"     ",5.10,65.46,6.07
1598,539337432,"01598M07:57:49.865","01598 07:10:38",210.44,898.55,,,,"     ",5.10,65.86,6.11
1598,539337433,"01598M07:57:50.838","01598 07:10:39",210.36,898.61,,,,"     ",5.10,65.45,6.07
1598,539337434,"01598M07:57:51.811","01598 07:10:40",210.29,898.52,,,,"     ",5.10,65.68,6.08
1598,539337435,"01598M07:57:52.784","01598 07:10:40",210.26,898.57,,,,"     ",5.10,65.49,6.06
1598,539337436,"01598M07:57:53.758","01598 07:10:41",210.26,898.56,,,,"     ",5.10,65.26,6.04
1598,539337437,"01598M07:57:54.731","01598 07:10:42",210.29,898.54,,,,"     ",5.10,65.51,6.07
1598,539337438,"01598M07:57:55.704","01598 07:10:43",210.33,898.56,,,,"     ",5.10,65.84,6.09
1598,539337439,"01598M07:57:56.677","01598 07:10:44",210.38,898.53,,,,"     ",5.10,65.25,6.03
1598,539337440,"01598M07:57:57.651","01598 07:10:45",210.45,898.60,,,,"     ",5.10,65.78,6.08
1598,539337441,"01598M07:57:58.624","01598 07:10:46",210.52,898.50,,,,"     ",5.10,65.53,6.06
1598,539337442,"01598M07:57:59.597","01598 07:10:47",210.54,898.52,,,,"     ",5.10,65.43,6.05
1598,539337443,"01598M07:58:00.570","01598 07:10:48",210.55,898.49,,,,"     ",5.10,65.58,6.06
1598,539337444,"01598M07:58:01.544","01598 07:10:49",210.54,898.47,,,,"     ",5.10,65.23,6.03
1598,539337445,"01598M07:58:02.517","01598 07:10:50",210.52,898.54,,,,"     ",5.10,65.48,6.05
1598,539337446,"01598M07:58:03.490","01598 07:10:51",210.47,898.55,,,,"     ",5.10,65.63,6.06
1598,539337447,"01598M07:58:04.463","01598 07:10:52",210.42,898.57,,,,"     ",5.10,65.53,6.05
1598,539337448,"01598M07:58:05.437","01598 07:10:53",210.37,898.57,,,,"     ",5.10,65.37,6.03
1598,539337449,"01598M07:58:06.410","01598 07:10:54",210.34,898.58,,,,"     ",5.10,65.68,6.06
1598,539337450,"01598M07:58:07.383","01598 07:10:55",210.31,898.60,,,,"     ",5.10,65.20,6.01
1598,539337451,"01598M07:58:08.356","01598 07:10:56",210.31,898.58,,,,"     ",5.10,65.43,6.04
1598,539337452,"01598M07:58:09.330","01598 07:10:57",210.31,898.54,,,,"     ",5.10,65.19,6.01
1598,539337453,"01598M07:58:10.303","01598 07:10:58",210.32,898.53,,,,"     ",5.10,65.42,6.03
1598,539337454,"01598M07:58:11.276","01598 07:10:59",210.33,898.57,,,,"     ",5.10,65.37,6.02
1598,539337455,"01598M07:58:12.249","01598 07:11:00",210.34,898.62,,,,"     ",5.10,65.37,6.02
1598,539337456,"01598M07:58:13.223","01598 07:11:01",210.33,898.65,,,,"     ",5.10,65.22,6.01
1598,539337457,"01598M07:58:14.196","01598 07:11:02",210.33,898.59,,,,"     ",5.10,65.47,6.03
1598,539337458,"01598M07:58:15.169","01598 07:11:03",210.32,898.62,,,,"     ",5.10,65.07,5.99
1598,539337459,"01598M07:58:16.142","01598 07:11:04",210.31,898.51,,,,"     ",5.10,65.23,6.00
1598,539337460,"01598M07:58:17.116","01598 07:11:05",210.31,898.54,,,,"     ",5.10,65.44,6.02
1598,539337461,"01598M07:58:18.089","01598 07:11:06",210.31,898.54,,,,"     ",5.10,65.33,6.01
1598,539337462,"01598M07:58:19.062","01598 07:11:07",210.32,898.60,,,,"     ",5.10,65.45,6.02
1598,539337463,"01598M07:58:20.035","01598 07:11:08",210.32,898.59,,,,"     ",5.10,65.05,5.98
1598,539337464,"01598M07:58:21.009","01598 07:11:09",210.33,898.63,,,,"     ",5.10,65.04,5.98
1598,539337465,"01598M07:58:21.982","01598 07:11:10",210.34,898.51,,,,"     ",5.10,65.40,6.01
1598,539337466,"01598M07:58:22.955","01598 07:11:11",210.36,898.62,,,,"     ",5.10,65.12,5.98
1598,539337467,"01598M07:58:23.928","01598 07:11:12",210.39,898.54,,,,"     ",5.10,65.32,6.00
1598,539337468,"01598M07:58:24.902","01598 07:11:13",210.44,898.56,,,,"     ",5.10,65.15,5.98
1598,539337469,"01598M07:58:25.875","01598 07:11:14",210.51,898.58,,,,"     ",5.10,64.84,5.95
1598,539337470,"01598M07:58:26.848","01598 07:11:15",210.58,898.67,,,,"     ",5.10,64.91,5.96
1598,539337471,"01598M07:58:27.821","01598 07:11:16",210.66,898.66,,,,"     ",5.10,64.98,5.96
1598,539337472,"01598M07:58:28.795","01598 07:11:16",210.65,898.66,,,,"     ",5.10,64.97,5.96
1598,539337473,"01598M07:58:29.768","01598 07:11:17",210.62,898.62,,,,"     ",5.10,64.83,5.94
1598,539337474,"01598M07:58:30.741","01598 07:11:18",210.60,898.64,,,,"     ",5.10,64.79,5.94
1598,539337475,"01598M07:58:31.715","01598 07:11:19",210.57,898.67,,,,"     ",5.10,64.97,5.95
1598,539337476,"01598M07:58:32.688","01598 07:11:20",210.54,898.65,,,,"     ",5.10,64.75,5.93
1598,539337477,"01598M07:58:33.661","01598 07:11:21",210.52,898.67,,,,"     ",5.10,64.72,5.93
1598,539337478,"01598M07:58:34.634","01598 07:11:22",210.52,898.60,,,,"     ",5.10,65.04,5.96
1598,539337479,"01598M07:58:35.608","01598 07:11:23",210.54,898.64,,,,"     ",5.10,64.84,5.94
1598,539337480,"01598M07:58:36.581","01598 07:11:24",210.58,898.56,,,,"     ",5.10,64.97,5.95
1598,539337481,"01598M07:58:37.554","01598 07:11:25",210.62,898.56,,,,"     ",5.10,64.93,5.94
1598,539337482,"01598M07:58:38.527","01598 07:11:26",210.60,898.61,,,,"     ",5.10,64.83,5.93
1598,539337483,"01598M07:58:39.501","01598 07:11:27",210.59,898.56,,,,"     ",5.10,64.87,5.93
1598,539337484,"01598M07:58:40.474","01598 07:11:28",210.59,898.61,,,,"     ",5.10,64.94,5.94
1598,539337485,"01598M07:58:41.447","01598 07:11:29",210.59,898.59,,,,"     ",5.10,64.55,5.90
1598,539337486,"01598M07:58:42.420","01598 07:11:30",210.60,898.70,,,,"     ",5.10,64.63,5.91
1598,539337487,"01598M07:58:43.394","01598 07:11:31",210.63,898.65,,,,"     ",5.10,64.69,5.91
1598,539337488,"01598M07:58:44.367","01598 07:11:32",210.66,898.65,,,,"     ",5.10,64.47,5.89
1598,539337489,"01598M07:58:45.340","01598 07:11:33",210.69,898.60,,,,"     ",5.10,64.55,5.89
1598,539337490,"01598M07:58:46.313","01598 07:11:34",210.72,898.61,,,,"     ",5.10,64.27,5.87
1598,539337491,"01598M07:58:47.287","01598 07:11:35",210.73,898.70,,,,"     ",5.10,64.44,5.88
1598,539337492,"01598M07:58:48.260","01598 07:11:36",210.73,898.69,,,,"     ",5.10,64.24,5.86
1598,539337493,"01598M07:58:49.233","01598 07:11:37",210.71,898.63,,,,"     ",5.10,64.40,5.87
1598,539337494,"01598M07:58:50.206","01598 07:11:38",210.70,898.65,,,,"     ",5.10,64.09,5.84
1598,539337495,"01598M07:58:51.180","01598 07:11:39",210.68,898.66,,,,"     ",5.10,64.40,5.87
1598,539337496,"01598M07:58:52.153","01598 07:11:40",210.68,898.69,,,,"     ",5.10,64.25,5.86
1598,539337497,"01598M07:58:53.126","01598 07:11:41",210.68,898.69,,,,"     ",5.10,64.34,5.86
1598,539337498,"01598M07:58:54.099","01598 07:11:42",210.68,898.62,,,,"     ",5.10,64.38,5.86
1598,539337499,"01598M07:58:55.073","01598 07:11:43",210.65,898.61,,,,"     ",5.10,64.56,5.88
1598,539337500,"01598M07:58:56.046","01598 07:11:44",210.61,898.62,,,,"     ",5.10,64.36,5.86
1598,539337501,"01598M07:58:57.019","01598 07:11:45",210.55,898.58,,,,"     ",5.10,64.34,5.86
1598,539337502,"01598M07:58:57.992","01598 07:11:46",210.51,898.61,,,,"     ",5.10,64.11,5.83
1598,539337503,"01598M07:58:58.966","01598 07:11:47",210.49,898.63,,,,"     ",5.10,64.07,5.83
1598,539337504,"01598M07:58:59.939","01598 07:11:48",210.49,898.62,,,,"     ",5.10,64.31,5.85
1598,539337505,"01598M07:59:00.912","01598 07:11:49",210.50,898.61,,,,"     ",5.10,64.14,5.83
1598,539337506,"01598M07:59:01.885","01598 07:11:50",210.51,898.67,,,,"     ",5.10,64.44,5.86
1598,539337507,"01598M07:59:02.859","01598 07:11:51",210.52,898.67,,,,"     ",5.10,64.18,5.83
1598,539337508,"01598M07:59:03.832","01598 07:11:52",210.51,898.56,,,,"     ",5.10,64.20,5.83
1598,539337509,"01598M07:59:04.805","01598 07:11:52",210.49,898.57,,,,"     ",5.10,64.03,5.81
1598,539337510,"01598M07:59:05.778","01598 07:11:53",210.46,898.69,,,,"     ",5.10,63.91,5.80
1598,539337511,"01598M07:59:06.752","01598 07:11:54",210.44,898.64,,,,"     ",5.10,64.19,5.83
1598,539337512,"01598M07:59:07.725","01598 07:11:55",210.43,898.67,,,,"     ",5.10,64.00,5.81
1598,539337513,"01598M07:59:08.698","01598 07:11:56",210.42,898.71,,,,"     ",5.10,64.24,5.83
1598,539337514,"01598M07:59:09.671","01598 07:11:57",210.42,898.56,,,,"     ",5.10,64.15,5.82
1598,539337515,"01598M07:59:10.645","01598 07:11:58",210.40,898.62,,,,"     ",5.10,64.05,5.81
1598,539337516,"01598M07:59:11.618","01598 07:11:59",210.38,898.55,,,,"     ",5.10,64.26,5.83
1598,539337517,"01598M07:59:12.591","01598 07:12:00",210.34,898.53,,,,"     ",5.10,63.91,5.79
1598,539337518,"01598M07:59:13.564","01598 07:12:01",210.31,898.61,,,,"     ",5.10,63.88,5.79
1598,539337519,"01598M07:59:14.538","01598 07:12:02",210.28,898.66,,,,"     ",5.10,63.80,5.78
1598,539337520,"01598M07:59:15.511","01598 07:12:03",210.27,898.67,,,,"     ",5.10,63.93,5.79
1598,539337521,"01598M07:59:16.484","01598 07:12:04",210.28,898.64,,,,"     ",5.10,64.08,5.80
1598,539337522,"01598M07:59:17.457","01598 07:12:05",210.31,898.58,,,,"     ",5.10,64.12,5.80
1598,539337523,"01598M07:59:18.431","01598 07:12:06",210.34,898.61,,,,"     ",5.10,64.10,5.80
1598,539337524,"01598M07:59:19.404","01598 07:12:07",210.38,898.60,,,,"     ",5.10,64.47,5.83
1598,539337525,"01598M07:59:20.377","01598 07:12:08",210.40,898.66,,,,"     ",5.10,63.91,5.78
1598,539337526,"01598M07:59:21.350","01598 07:12:09",210.42,898.65,,,,"     ",5.10,63.98,5.78
1598,539337527,"01598M07:59:22.324","01598 07:12:10",210.44,898.67,,,,"     ",5.10,64.05,5.79
1598,539337528,"01598M07:59:23.297","01598 07:12:11",210.45,898.61,,,,"     ",5.10,64.13,5.79
1598,539337529,"01598M07:59:24.270","01598 07:12:12",210.47,898.64,,,,"     ",5.10,64.03,5.78
1598,539337530,"01598M07:59:25.243","01598 07:12:13",210.50,898.65,,,,"     ",5.10,64.23,5.80
1598,539337531,"01598M07:59:26.217","01598 07:12:14",210.53,898.64,,,,"     ",5.10,64.15,5.79
1598,539337532,"01598M07:59:27.190","01598 07:12:15",210.57,898.71,,,,"     ",5.10,64.15,5.79
1598,539337533,"01598M07:59:28.163","01598 07:12:16",210.62,898.70,,,,"     ",5.10,64.11,5.78
1598,539337534,"01598M07:59:29.136","01598 07:12:17",210.68,898.68,,,,"     ",5.10,64.30,5.80
1598,539337535,"01598M07:59:30.110","01598 07:12:18",210.73,898.64,,,,"     ",5.10,64.39,5.81
1598,539337536,"01598M07:59:31.083","01598 07:12:19",210.78,898.52,,,,"     ",5.10,64.37,5.80
1598,539337537,"01598M07:59:32.056","01598 07:12:20",210.82,898.64,,,,"     ",5.10,64.11,5.78
1598,539337538,"01598M07:59:33.029","01598 07:12:21",210.83,898.65,,,,"     ",5.10,64.63,5.83
1598,539337539,"01598M07:59:34.003","01598 07:12:22",210.83,898.65,,,,"     ",5.10,64.52,5.81
1598,539337540,"01598M07:59:34.976","01598 07:12:23",210.81,898.58,,,,"     ",5.10,64.31,5.79
1598,539337541,"01598M07:59:35.949","01598 07:12:24",210.79,898.54,,,,"     ",5.10,64.36,5.79
1598,539337542,"01598M07:59:36.922","01598 07:12:25",210.76,898.53,,,,"     ",5.10,64.65,5.82
1598,539337543,"01598M07:59:37.896","01598 07:12:26",210.75,898.56,,,,"     ",5.10,64.63,5.82
1598,539337544,"01598M07:59:38.869","01598 07:12:27",210.74,898.52,,,,"     ",5.10,65.00,5.85
1598,539337545,"01598M07:59:39.842","01598 07:12:28",210.75,898.52,,,,"     ",5.10,64.80,5.83
1598,539337546,"01598M07:59:40.815","01598 07:12:28",210.75,898.56,,,,"     ",5.10,64.77,5.82
1598,539337547,"01598M07:59:41.789","01598 07:12:29",210.76,898.66,,,,"     ",5.10,64.56,5.80
1598,539337548,"01598M07:59:42.762","01598 07:12:30",210.78,898.67,,,,"     ",5.10,64.86,5.83
1598,539337549,"01598M07:59:43.735","01598 07:12:31",210.80,898.57,,,,"     ",5.10,65.09,5.85
1598,539337550,"01598M07:59:44.709","01598 07:12:32",210.85,898.67,,,,"     ",5.10,64.93,5.83
1598,539337551,"01598M07:59:45.682","01598 07:12:33",210.91,898.66,,,,"     ",5.10,65.46,5.88
1598,539337552,"01598M07:59:46.655","01598 07:12:34",210.98,898.59,,,,"     ",5.10,65.12,5.84
1598,539337553,"01598M07:59:47.628","01598 07:12:35",211.04,898.68,,,,"     ",5.10,65.38,5.87
1598,539337554,"01598M07:59:48.602","01598 07:12:36",211.07,898.57,,,,"     ",5.10,65.42,5.87
1598,539337555,"01598M07:59:49.575","01598 07:12:37",211.08,898.65,,,,"     ",5.10,65.47,5.87
1598,539337556,"01598M07:59:50.548","01598 07:12:38",211.06,898.68,,,,"     ",5.10,65.43,5.87
1598,539337557,"01598M07:59:51.521","01598 07:12:39",210.61,898.68,,,,"     ",5.10,65.56,5.88
1598,539337558,"01598M07:59:52.495","01598 07:12:40",210.59,898.61,,,,"     ",5.10,65.56,5.87
1598,539337559,"01598M07:59:53.468","01598 07:12:41",210.57,898.64,,,,"     ",5.10,65.18,5.84
1598,539337560,"01598M07:59:54.441","01598 07:12:42",210.95,898.60,,,,"     ",5.10,65.56,5.87
1598,539337561,"01598M07:59:55.414","01598 07:12:43",210.92,898.51,,,,"     ",5.10,65.04,5.82
1598,539337562,"01598M07:59:56.388","01598 07:12:44",210.90,898.55,,,,"     ",5.10,65.56,5.87
1598,539337563,"01598M07:59:57.361","01598 07:12:45",210.90,898.55,,,,"     ",5.10,65.56,5.87
1598,539337564,"01598M07:59:58.334","01598 07:12:46",210.92,898.45,,,,"     ",5.10,65.51,5.86
1598,539337565,"01598M07:59:59.307","01598 07:12:47",210.95,898.42,,,,"     ",5.10,65.68,5.87
1598,539337566,"01598M08:00:00.281","01598 07:12:48",210.99,898.45,,,,"     ",5.10,65.64,5.87
1598,539337567,"01598M08:00:01.254","01598 07:12:49",211.05,898.41,,,,"     ",5.10,65.90,5.89
1598,539337568,"01598M08:00:02.227","01598 07:12:50",211.10,898.42,,,,"     ",5.10,65.37,5.84
1598,539337569,"01598M08:00:03.200","01598 07:12:51",211.08,898.45,,,,"     ",5.10,65.86,5.88
1598,539337570,"01598M08:00:04.174","01598 07:12:52",211.08,898.39,,,,"     ",5.10,66.07,5.90
1598,539337571,"01598M08:00:05.147","01598 07:12:53",211.09,898.53,,,,"     ",5.10,65.83,5.87
1598,539337572,"01598M08:00:06.120","01598 07:12:54",210.59,898.51,,,,"     ",5.10,66.00,5.89
1598,539337573,"01598M08:00:07.093","01598 07:12:55",210.62,898.60,,,,"     ",5.10,65.99,5.89
1598,539337574,"01598M08:00:08.067","01598 07:12:56",210.67,898.52,,,,"     ",5.10,66.38,5.92
1598,539337575,"01598M08:00:09.040","01598 07:12:57",210.74,898.57,,,,"     ",5.10,66.37,5.92
1598,539337576,"01598M08:00:10.013","01598 07:12:58",210.83,898.57,,,,"     ",5.10,66.46,5.92
1598,539337577,"01598M08:00:10.986","01598 07:12:59",210.95,898.58,,,,"     ",5.10,66.34,5.91
1598,539337578,"01598M08:00:11.960","01598 07:13:00",211.09,898.60,,,,"     ",5.10,66.42,5.91
1598,539337579,"01598M08:00:12.933","01598 07:13:01",211.23,898.50,,,,"     ",5.10,66.65,5.93
1598,539337580,"01598M08:00:13.906","01598 07:13:02",211.29,898.56,,,,"     ",5.10,66.55,5.92
1598,539337581,"01598M08:00:14.879","01598 07:13:03",211.27,898.59,,,,"     ",5.10,66.28,5.90
1598,539337582,"01598M08:00:15.853","01598 07:13:04",211.26,898.56,,,,"     ",5.10,66.34,5.90
1598,539337583,"01598M08:00:16.826","01598 07:13:04",211.27,898.52,,,,"     ",5.10,66.36,5.90
1598,539337584,"01598M08:00:17.799","01598 07:13:05",211.26,898.54,,,,"     ",5.10,66.51,5.91
1598,539337585,"01598M08:00:18.772","01598 07:13:06",211.19,898.51,,,,"     ",5.10,66.45,5.90
1598,539337586,"01598M08:00:19.746","01598 07:13:07",211.14,898.58,,,,"     ",5.10,66.58,5.91
1598,539337587,"01598M08:00:20.719","01598 07:13:08",211.11,898.54,,,,"     ",5.10,66.37,5.89
1598,539337588,"01598M08:00:21.692","01598 07:13:09",211.09,898.54,,,,"     ",5.10,66.43,5.89
1598,539337589,"01598M08:00:22.665","01598 07:13:10",211.07,898.53,,,,"     ",5.10,66.69,5.92
1598,539337590,"01598M08:00:23.639","01598 07:13:11",211.08,898.53,,,,"     ",5.10,66.62,5.91
1598,539337591,"01598M08:00:24.612","01598 07:13:12",211.09,898.56,,,,"     ",5.10,66.63,5.91
1598,539337592,"01598M08:00:25.585","01598 07:13:13",211.12,898.50,,,,"     ",5.10,66.54,5.90
1598,539337593,"01598M08:00:26.558","01598 07:13:14",211.15,898.45,,,,"     ",5.10,66.73,5.91
1598,539337594,"01598M08:00:27.532","01598 07:13:15",211.19,898.36,,,,"     ",5.10,66.89,5.92
1598,539337595,"01598M08:00:28.505","01598 07:13:16",211.26,898.42,,,,"     ",5.10,66.78,5.91
1598,539337596,"01598M08:00:29.478","01598 07:13:17",211.34,898.42,,,,"     ",5.10,66.94,5.92
1598,539337597,"01598M08:00:30.451","01598 07:13:18",211.44,898.46,,,,"     ",5.10,67.19,5.94
1598,539337598,"01598M08:00:31.425","01598 07:13:19",211.50,898.40,,,,"     ",5.10,66.97,5.92
1598,539337599,"01598M08:00:32.398","01598 07:13:20",211.53,898.33,,,,"     ",5.10,67.47,5.97
1598,539337600,"01598M08:00:33.371","01598 07:13:21",211.52,898.46,,,,"     ",5.10,66.96,5.92
1598,539337601,"01598M08:00:34.344","01598 07:13:22",211.52,898.43,,,,"     ",5.10,67.00,5.92
1598,539337602,"01598M08:00:35.318","01598 07:13:23",211.53,898.34,,,,"     ",5.10,67.01,5.91
1598,539337603,"01598M08:00:36.291","01598 07:13:24",211.53,898.36,,,,"     ",5.10,67.48,5.95
1598,539337604,"01598M08:00:37.264","01598 07:13:25",211.51,898.39,,,,"     ",5.10,67.57,5.96
1598,539337605,"01598M08:00:38.237","01598 07:13:26",211.49,898.38,,,,"     ",5.10,67.27,5.93
1598,539337606,"01598M08:00:39.211","01598 07:13:27",211.46,898.43,,,,"     ",5.10,67.68,5.96
1598,539337607,"01598M08:00:40.184","01598 07:13:28",211.42,898.44,,,,"     ",5.10,67.81,5.98
1598,539337608,"01598M08:00:41.157","01598 07:13:29",211.38,898.45,,,,"     ",5.10,67.64,5.96
1598,539337609,"01598M08:00:42.130","01598 07:13:30",211.32,898.46,,,,"     ",5.10,67.65,5.95
1598,539337610,"01598M08:00:43.104","01598 07:13:31",211.26,898.42,,,,"     ",5.10,67.56,5.94
1598,539337611,"01598M08:00:44.077","01598 07:13:32",211.20,898.40,,,,"     ",5.10,67.55,5.94
1598,539337612,"01598M08:00:45.050","01598 07:13:33",211.13,898.42,,,,"     ",5.10,67.82,5.96
1598,539337613,"01598M08:00:46.023","01598 07:13:34",211.07,898.46,,,,"     ",5.10,67.53,5.93
1598,539337614,"01598M08:00:46.997","01598 07:13:35",211.01,898.50,,,,"     ",5.10,67.77,5.95
1598,539337615,"01598M08:00:47.970","01598 07:13:36",211.30,898.41,,,,"     ",5.10,67.91,5.96
1598,539337616,"01598M08:00:48.943","01598 07:13:37",211.33,898.46,,,,"     ",5.10,67.77,5.95
1598,539337617,"01598M08:00:49.916","01598 07:13:38",211.36,898.47,,,,"     ",5.10,67.90,5.96
1598,539337633,"01598M08:01:05.489","01598 07:13:53",211.55,898.52,,,,"     ",5.10,,
1598,539337634,"01598M08:01:06.462","01598 07:13:54",211.54,898.36,,,,"     ",5.10,68.38,5.97
1598,539337635,"01598M08:01:07.435","01598 07:13:55",211.53,898.35,,,,"     ",5.10,68.70,5.99
1598,539337636,"01598M08:01:08.408","01598 07:13:56",211.52,898.35,,,,"     ",5.10,68.87,6.01
1598,539337637,"01598M08:01:09.382","01598 07:13:57",211.51,898.30,,,,"     ",5.10,68.53,5.97
1598,539337638,"01598M08:01:10.355","01598 07:13:58",211.50,898.24,,,,"     ",5.10,68.42,5.96
1598,539337639,"01598M08:01:11.328","01598 07:13:59",211.48,898.32,,,,"     ",5.10,68.81,5.99
1598,539337640,"01598M08:01:12.301","01598 07:14:00",211.46,898.35,,,,"     ",5.10,68.91,6.00
1598,539337641,"01598M08:01:13.275","01598 07:14:01",211.44,898.37,,,,"     ",5.10,68.54,5.96
1598,539337642,"01598M08:01:14.248","01598 07:14:02",211.41,898.34,,,,"     ",5.10,68.59,5.97
1598,539337643,"01598M08:01:15.221","01598 07:14:03",211.38,898.35,,,,"     ",5.10,68.75,5.98
1598,539337644,"01598M08:01:16.194","01598 07:14:04",211.35,898.33,,,,"     ",5.10,68.69,5.97
1598,539337645,"01598M08:01:17.168","01598 07:14:05",211.96,898.39,,,,"     ",5.10,68.24,5.93
1598,539337646,"01598M08:01:18.141","01598 07:14:06",211.91,898.31,,,,"     ",5.10,69.05,6.00
1598,539337647,"01598M08:01:19.114","01598 07:14:07",211.86,898.35,,,,"     ",5.10,68.94,5.99
1598,539337648,"01598M08:01:20.087","01598 07:14:08",211.82,898.35,,,,"     ",5.10,68.78,5.97
1598,539337649,"01598M08:01:21.061","01598 07:14:09",211.77,898.35,,,,"     ",5.10,68.93,5.98
1598,539337650,"01598M08:01:22.034","01598 07:14:10",211.72,898.33,,,,"     ",5.10,68.99,5.99
1598,539337651,"01598M08:01:23.007","01598 07:14:11",211.67,898.31,,,,"     ",5.10,68.99,5.98
1598,539337652,"01598M08:01:23.980","01598 07:14:12",211.61,898.25,,,,"     ",5.10,69.11,5.99
1598,539337653,"01598M08:01:24.954","01598 07:14:13",211.57,898.30,,,,"     ",5.10,69.34,6.01
1598,539337654,"01598M08:01:25.927","01598 07:14:14",211.55,898.29,,,,"     ",5.10,69.30,6.01
1598,539337655,"01598M08:01:26.900","01598 07:14:15",211.54,898.28,,,,"     ",5.10,69.01,5.98
1598,539337656,"01598M08:01:27.873","01598 07:14:16",211.54,898.20,,,,"     ",5.10,69.26,6.00
1598,539337657,"01598M08:01:28.847","01598 07:14:17",211.55,898.29,,,,"     ",5.10,69.06,5.98
1598,539337658,"01598M08:01:29.820","01598 07:14:17",211.56,898.32,,,,"     ",5.10,69.21,5.99
1598,539337659,"01598M08:01:30.793","01598 07:14:18",211.01,898.26,,,,"     ",5.10,69.24,5.99
1598,539337660,"01598M08:01:31.766","01598 07:14:19",211.01,898.22,,,,"     ",5.10,69.36,6.00
1598,539337661,"01598M08:01:32.740","01598 07:14:20",211.01,898.26,,,,"     ",5.10,69.33,5.99
1598,539337662,"01598M08:01:33.713","01598 07:14:21",211.00,898.39,,,,"     ",5.10,68.99,5.96
1598,539337663,"01598M08:01:34.686","01598 07:14:22",211.00,898.39,,,,"     ",5.10,69.30,5.99
1598,539337664,"01598M08:01:35.659","01598 07:14:23",210.98,898.36,,,,"     ",5.10,69.05,5.97
1598,539337665,"01598M08:01:36.633","01598 07:14:24",210.95,898.39,,,,"     ",5.10,69.32,5.99
1598,539337666,"01598M08:01:37.606","01598 07:14:25",210.92,898.40,,,,"     ",5.10,69.32,5.98
1598,539337667,"01598M08:01:38.579","01598 07:14:26",210.88,898.34,,,,"     ",5.10,69.36,5.99
1598,539337668,"01598M08:01:39.552","01598 07:14:27",210.86,898.27,,,,"     ",5.10,69.40,5.99
1598,539337669,"01598M08:01:40.526","01598 07:14:28",210.85,898.29,,,,"     ",5.10,69.30,5.98
1598,539337670,"01598M08:01:41.499","01598 07:14:29",210.84,898.37,,,,"     ",5.10,69.43,5.99
1598,539337671,"01598M08:01:42.472","01598 07:14:30",210.84,898.35,,,,"     ",5.10,69.39,5.99
1598,539337672,"01598M08:01:43.445","01598 07:14:31",210.84,898.44,,,,"     ",5.10,69.29,5.97
1598,539337673,"01598M08:01:44.419","01598 07:14:32",210.84,898.39,,,,"     ",5.10,69.45,5.99
1598,539337674,"01598M08:01:45.392","01598 07:14:33",210.84,898.45,,,,"     ",5.10,69.22,5.97
1598,539337675,"01598M08:01:46.365","01598 07:14:34",210.85,898.45,,,,"     ",5.10,69.38,5.98
1598,539337676,"01598M08:01:47.338","01598 07:14:35",210.86,898.47,,,,"     ",5.10,69.34,5.97
1598,539337677,"01598M08:01:48.312","01598 07:14:36",210.87,898.43,,,,"     ",5.10,69.79,6.01
1598,539337678,"01598M08:01:49.285","01598 07:14:37",210.88,898.41,,,,"     ",5.10,69.58,5.99
1598,539337679,"01598M08:01:50.258","01598 07:14:38",210.91,898.42,,,,"     ",5.10,69.28,5.96
1598,539337680,"01598M08:01:51.231","01598 07:14:39",210.94,898.41,,,,"     ",5.10,69.10,5.95
1598,539337681,"01598M08:01:52.205","01598 07:14:40",210.99,898.39,,,,"     ",5.10,69.61,5.99
1598,539337682,"01598M08:01:53.178","01598 07:14:41",211.05,898.31,,,,"     ",5.10,69.11,5.94
1598,539337683,"01598M08:01:54.151","01598 07:14:42",211.11,898.34,,,,"     ",5.10,69.45,5.97
1598,539337684,"01598M08:01:55.124","01598 07:14:43",211.15,898.35,,,,"     ",5.10,69.63,5.99
1598,539337685,"01598M08:01:56.098","01598 07:14:44",211.18,898.35,,,,"     ",5.10,69.24,5.95
1598,539337686,"01598M08:01:57.071","01598 07:14:45",211.20,898.34,,,,"     ",5.10,69.45,5.97
1598,539337687,"01598M08:01:58.044","01598 07:14:46",211.20,898.25,,,,"     ",5.10,68.85,5.91
1598,539337688,"01598M08:01:59.017","01598 07:14:47",211.20,898.25,,,,"     ",5.10,69.51,5.97
1598,539337689,"01598M08:01:59.991","01598 07:14:48",211.19,898.35,,,,"     ",5.10,69.47,5.97
1598,539337690,"01598M08:02:00.964","01598 07:14:49",211.18,898.29,,,,"     ",5.10,69.20,5.94
1598,539337691,"01598M08:02:01.937","01598 07:14:50",211.18,898.29,,,,"     ",5.10,69.21,5.94
1598,539337692,"01598M08:02:02.911","01598 07:14:51",211.18,898.33,,,,"     ",5.10,69.23,5.94
1598,539337693,"01598M08:02:03.884","01598 07:14:52",211.20,898.39,,,,"     ",5.10,68.99,5.92
1598,539337694,"01598M08:02:04.857","01598 07:14:53",211.22,898.38,,,,"     ",5.10,69.44,5.95
1598,539337695,"01598M08:02:05.830","01598 07:14:53",211.26,898.39,,,,"     ",5.10,68.93,5.91
1598,539337696,"01598M08:02:06.804","01598 07:14:54",211.31,898.39,,,,"     ",5.10,68.77,5.89
1598,539337697,"01598M08:02:07.777","01598 07:14:55",211.37,898.38,,,,"     ",5.10,69.22,5.93
1598,539337698,"01598M08:02:08.750","01598 07:14:56",211.44,898.42,,,,"     ",5.10,69.21,5.93
1598,539337699,"01598M08:02:09.723","01598 07:14:57",211.51,898.35,,,,"     ",5.10,69.04,5.91
1598,539337700,"01598M08:02:10.697","01598 07:14:58",211.59,898.39,,,,"     ",5.10,69.15,5.92
1598,539337701,"01598M08:02:11.670","01598 07:14:59",211.66,898.38,,,,"     ",5.10,68.98,5.90
1598,539337702,"01598M08:02:12.643","01598 07:15:00",211.74,898.38,,,,"     ",5.10,68.90,5.89
1598,539337703,"01598M08:02:13.616","01598 07:15:01",211.83,898.36,,,,"     ",5.10,69.33,5.93
1598,539337704,"01598M08:02:14.590","01598 07:15:02",211.92,898.42,,,,"     ",5.10,68.70,5.87
1598,539337705,"01598M08:02:15.563","01598 07:15:03",212.02,898.32,,,,"     ",5.10,69.05,5.90
1598,539337706,"01598M08:02:16.536","01598 07:15:04",212.11,898.33,,,,"     ",5.10,68.95,5.89
1598,539337707,"01598M08:02:17.509","01598 07:15:05",212.20,898.38,,,,"     ",5.10,69.32,5.92
1598,539337708,"01598M08:02:18.483","01598 07:15:06",212.27,898.38,,,,"     ",5.10,69.04,5.89
1598,539337709,"01598M08:02:19.456","01598 07:15:07",212.33,898.38,,,,"     ",5.10,68.79,5.87
1598,539337710,"01598M08:02:20.429","01598 07:15:08",212.37,898.41,,,,"     ",5.10,68.69,5.86
1598,539337711,"01598M08:02:21.402","01598 07:15:09",212.39,898.35,,,,"     ",5.10,69.00,5.88
1598,539337712,"01598M08:02:22.376","01598 07:15:10",212.40,898.37,,,,"     ",5.10,68.98,5.88
1598,539337713,"01598M08:02:23.349","01598 07:15:11",212.39,898.44,,,,"     ",5.10,68.93,5.87
1598,539337714,"01598M08:02:24.322","01598 07:15:12",212.39,898.38,,,,"     ",5.10,68.72,5.85
1598,539337715,"01598M08:02:25.295","01598 07:15:13",212.39,898.45,,,,"     ",5.10,68.92,5.87
1598,539337716,"01598M08:02:26.269","01598 07:15:14",212.41,898.46,,,,"     ",5.10,68.96,5.87
1598,539337717,"01598M08:02:27.242","01598 07:15:15",212.43,898.43,,,,"     ",5.10,69.10,5.88
1598,539337718,"01598M08:02:28.215","01598 07:15:16",212.47,898.42,,,,"     ",5.10,68.59,5.83
1598,539337719,"01598M08:02:29.188","01598 07:15:17",212.53,898.41,,,,"     ",5.10,69.00,5.86
1598,539337720,"01598M08:02:30.162","01598 07:15:18",212.59,898.43,,,,"     ",5.10,69.11,5.87
1598,539337721,"01598M08:02:31.135","01598 07:15:19",212.65,898.41,,,,"     ",5.10,68.74,5.84
1598,539337722,"01598M08:02:32.108","01598 07:15:20",212.71,898.40,,,,"     ",5.10,68.74,5.83
1598,539337723,"01598M08:02:33.081","01598 07:15:21",212.78,898.45,,,,"     ",5.10,68.95,5.85
1598,539337724,"01598M08:02:34.055","01598 07:15:22",212.84,898.50,,,,"     ",5.10,68.78,5.83
1598,539337725,"01598M08:02:35.028","01598 07:15:23",212.89,898.43,,,,"     ",5.10,68.55,5.81
1598,539337726,"01598M08:02:36.001","01598 07:15:24",212.93,898.38,,,,"     ",5.10,68.81,5.83
1598,539337727,"01598M08:02:36.974","01598 07:15:25",212.96,898.43,,,,"     ",5.10,68.88,5.84
1598,539337728,"01598M08:02:37.948","01598 07:15:26",212.99,898.43,,,,"     ",5.10,68.84,5.83
1598,539337729,"01598M08:02:38.921","01598 07:15:27",213.02,898.41,,,,"     ",5.10,68.90,5.83
1598,539337730,"01598M08:02:39.894","01598 07:15:28",213.06,898.41,,,,"     ",5.10,68.84,5.82
1598,539337731,"01598M08:02:40.867","01598 07:15:29",213.10,898.35,,,,"     ",5.10,68.74,5.81
1598,539337732,"01598M08:02:41.841","01598 07:15:29",213.14,898.43,,,,"     ",5.10,68.91,5.83
1598,539337733,"01598M08:02:42.814","01598 07:15:30",213.18,898.37,,,,"     ",5.10,68.69,5.80
1598,539337734,"01598M08:02:43.787","01598 07:15:31",213.22,898.41,,,,"     ",5.10,68.61,5.80
1598,539337735,"01598M08:02:44.760","01598 07:15:32",213.23,898.41,,,,"     ",5.10,68.27,5.76
1598,539337736,"01598M08:02:45.734","01598 07:15:33",213.21,898.39,,,,"     ",5.10,68.84,5.81
1598,539337737,"01598M08:02:46.707","01598 07:15:34",213.17,898.50,,,,"     ",5.10,68.67,5.79
1598,539337738,"01598M08:02:47.680","01598 07:15:35",213.11,898.40,,,,"     ",5.10,68.74,5.80
1598,539337739,"01598M08:02:48.653","01598 07:15:36",213.03,898.40,,,,"     ",5.10,68.54,5.78
1598,539337740,"01598M08:02:49.627","01598 07:15:37",212.94,898.40,,,,"     ",5.10,68.63,5.78
1598,539337741,"01598M08:02:50.600","01598 07:15:38",212.86,898.35,,,,"     ",5.10,68.52,5.77
1598,539337742,"01598M08:02:51.573","01598 07:15:39",212.77,898.32,,,,"     ",5.10,68.65,5.78
1598,539337743,"01598M08:02:52.546","01598 07:15:40",212.70,898.41,,,,"     ",5.10,68.67,5.78
1598,539337744,"01598M08:02:53.520","01598 07:15:41",212.65,898.39,,,,"     ",5.10,68.69,5.78
1598,539337745,"01598M08:02:54.493","01598 07:15:42",212.61,898.43,,,,"     ",5.10,68.56,5.77
1598,539337746,"01598M08:02:55.466","01598 07:15:43",212.59,898.42,,,,"     ",5.10,68.88,5.79
1598,539337747,"01598M08:02:56.439","01598 07:15:44",212.57,898.38,,,,"     ",5.10,68.80,5.79
1598,539337748,"01598M08:02:57.413","01598 07:15:45",212.56,898.39,,,,"     ",5.10,68.64,5.77
1598,539337749,"01598M08:02:58.386","01598 07:15:46",212.56,898.37,,,,"     ",5.10,68.48,5.75
1598,539337750,"01598M08:02:59.359","01598 07:15:47",212.56,898.41,,,,"     ",5.10,68.55,5.76
1598,539337751,"01598M08:03:00.332","01598 07:15:48",212.58,898.37,,,,"     ",5.10,68.69,5.77
1598,539337752,"01598M08:03:01.306","01598 07:15:49",212.60,898.51,,,,"     ",5.10,68.66,5.76
1598,539337753,"01598M08:03:02.279","01598 07:15:50",212.63,898.39,,,,"     ",5.10,68.43,5.74
1598,539337754,"01598M08:03:03.252","01598 07:15:51",212.67,898.40,,,,"     ",5.10,68.77,5.77
1598,539337755,"01598M08:03:04.225","01598 07:15:52",212.72,898.41,,,,"     ",5.10,68.54,5.75
1598,539337756,"01598M08:03:05.199","01598 07:15:53",212.78,898.37,,,,"     ",5.10,68.59,5.75
1598,539337757,"01598M08:03:06.172","01598 07:15:54",212.84,898.39,,,,"     ",5.10,68.64,5.75
1598,539337758,"01598M08:03:07.145","01598 07:15:55",212.91,898.35,,,,"     ",5.10,68.58,5.75
1598,539337759,"01598M08:03:08.118","01598 07:15:56",212.97,898.35,,,,"     ",5.10,68.74,5.76
1598,539337760,"01598M08:03:09.092","01598 07:15:57",213.03,898.36,,,,"     ",5.10,68.48,5.74
1598,539337761,"01598M08:03:10.065","01598 07:15:58",213.08,898.43,,,,"     ",5.10,68.73,5.76
1598,539337762,"01598M08:03:11.038","01598 07:15:59",213.11,898.29,,,,"     ",5.10,68.63,5.74
1598,539337763,"01598M08:03:12.012","01598 07:16:00",213.13,898.33,,,,"     ",5.10,68.53,5.73
1598,539337764,"01598M08:03:12.985","01598 07:16:01",213.13,898.34,,,,"     ",5.10,68.40,5.72
1598,539337765,"01598M08:03:13.958","01598 07:16:02",213.12,898.38,,,,"     ",5.10,68.60,5.74
1598,539337766,"01598M08:03:14.931","01598 07:16:03",213.10,898.31,,,,"     ",5.10,69.05,5.77
1598,539337767,"01598M08:03:15.905","01598 07:16:04",213.08,898.33,,,,"     ",5.10,68.53,5.73
1598,539337768,"01598M08:03:16.878","01598 07:16:05",213.06,898.38,,,,"     ",5.10,68.64,5.73
1598,539337769,"01598M08:03:17.851","01598 07:16:05",213.04,898.39,,,,"     ",5.10,68.92,5.76
1598,539337770,"01598M08:03:18.824","01598 07:16:06",213.03,898.29,,,,"     ",5.10,68.62,5.73
1598,539337771,"01598M08:03:19.798","01598 07:16:07",213.03,898.39,,,,"     ",5.10,68.95,5.76
1598,539337772,"01598M08:03:20.771","01598 07:16:08",213.05,898.38,,,,"     ",5.10,68.73,5.74
1598,539337773,"01598M08:03:21.744","01598 07:16:09",213.07,898.36,,,,"     ",5.10,68.71,5.73
1598,539337774,"01598M08:03:22.717","01598 07:16:10",213.10,898.37,,,,"     ",5.10,68.69,5.73
1598,539337775,"01598M08:03:23.691","01598 07:16:11",213.13,898.33,,,,"     ",5.10,68.83,5.74
1598,539337776,"01598M08:03:24.664","01598 07:16:12",213.15,898.36,,,,"     ",5.10,68.58,5.72
1598,539337777,"01598M08:03:25.637","01598 07:16:13",213.17,898.27,,,,"     ",5.10,68.29,5.69
1598,539337778,"01598M08:03:26.610","01598 07:16:14",213.18,898.32,,,,"     ",5.10,68.37,5.69
1598,539337779,"01598M08:03:27.584","01598 07:16:15",213.18,898.24,,,,"     ",5.10,68.79,5.73
1598,539337780,"01598M08:03:28.557","01598 07:16:16",213.18,898.32,,,,"     ",5.10,68.85,5.73
1598,539337781,"01598M08:03:29.530","01598 07:16:17",213.16,898.31,,,,"     ",5.10,68.62,5.71
1598,539337782,"01598M08:03:30.503","01598 07:16:18",213.14,898.33,,,,"     ",5.10,68.58,5.71
1598,539337783,"01598M08:03:31.477","01598 07:16:19",213.12,898.27,,,,"     ",5.10,68.64,5.71
1598,539337784,"01598M08:03:32.450","01598 07:16:20",213.10,898.29,,,,"     ",5.10,68.59,5.70
1598,539337785,"01598M08:03:33.423","01598 07:16:21",213.08,898.29,,,,"     ",5.10,68.12,5.66
1598,539337786,"01598M08:03:34.396","01598 07:16:22",213.07,898.37,,,,"     ",5.10,68.23,5.67
1598,539337787,"01598M08:03:35.370","01598 07:16:23",213.07,898.36,,,,"     ",5.10,67.99,5.65
1598,539337788,"01598M08:03:36.343","01598 07:16:24",213.07,898.30,,,,"     ",5.10,68.69,5.71
1598,539337789,"01598M08:03:37.316","01598 07:16:25",213.07,898.28,,,,"     ",5.10,68.41,5.68
1598,539337790,"01598M08:03:38.289","01598 07:16:26",213.07,898.28,,,,"     ",5.10,68.49,5.69
1598,539337791,"01598M08:03:39.263","01598 07:16:27",213.07,898.30,,,,"     ",5.10,67.83,5.63
1598,539337792,"01598M08:03:40.236","01598 07:16:28",213.07,898.29,,,,"     ",5.10,68.02,5.64
1598,539337793,"01598M08:03:41.209","01598 07:16:29",213.07,898.38,,,,"     ",5.10,68.57,5.69
1598,539337794,"01598M08:03:42.182","01598 07:16:30",213.07,898.40,,,,"     ",5.10,68.45,5.68
1598,539337795,"01598M08:03:43.156","01598 07:16:31",213.08,898.29,,,,"     ",5.10,68.55,5.68
1598,539337796,"01598M08:03:44.129","01598 07:16:32",213.10,898.31,,,,"     ",5.10,68.40,5.67
1598,539337797,"01598M08:03:45.102","01598 07:16:33",213.12,898.30,,,,"     ",5.10,68.45,5.67
1598,539337798,"01598M08:03:46.075","01598 07:16:34",213.15,898.22,,,,"     ",5.10,68.55,5.68
1598,539337799,"01598M08:03:47.049","01598 07:16:35",213.18,898.34,,,,"     ",5.10,68.20,5.65
1598,539337800,"01598M08:03:48.022","01598 07:16:36",213.22,898.27,,,,"     ",5.10,68.39,5.66
1598,539337801,"01598M08:03:48.995","01598 07:16:37",213.25,898.33,,,,"     ",5.10,68.46,5.67
1598,539337802,"01598M08:03:49.968","01598 07:16:38",213.28,898.37,,,,"     ",5.10,68.50,5.67
1598,539337803,"01598M08:03:50.942","01598 07:16:39",213.30,898.37,,,,"     ",5.10,68.65,5.68
1598,539337804,"01598M08:03:51.915","01598 07:16:40",213.31,898.40,,,,"     ",5.10,68.69,5.68
1598,539337805,"01598M08:03:52.888","01598 07:16:41",213.28,898.39,,,,"     ",5.10,68.93,5.70
1598,539337806,"01598M08:03:53.861","01598 07:16:41",213.27,898.38,,,,"     ",5.10,69.07,5.71
1598,539337807,"01598M08:03:54.835","01598 07:16:42",213.26,898.40,,,,"     ",5.10,68.41,5.65
1598,539337808,"01598M08:03:55.808","01598 07:16:43",213.27,898.34,,,,"     ",5.10,68.57,5.66
1598,539337809,"01598M08:03:56.781","01598 07:16:44",213.30,898.41,,,,"     ",5.10,68.62,5.66
1598,539337810,"01598M08:03:57.754","01598 07:16:45",213.34,898.33,,,,"     ",5.10,68.72,5.67
1598,539337811,"01598M08:03:58.728","01598 07:16:46",213.39,898.40,,,,"     ",5.10,68.84,5.68
1598,539337812,"01598M08:03:59.701","01598 07:16:47",213.43,898.44,,,,"     ",5.10,68.75,5.67
1598,539337813,"01598M08:04:00.674","01598 07:16:48",213.46,898.41,,,,"     ",5.10,69.07,5.70
1598,539337814,"01598M08:04:01.647","01598 07:16:49",213.47,898.33,,,,"     ",5.10,68.66,5.66
1598,539337815,"01598M08:04:02.621","01598 07:16:50",213.48,898.41,,,,"     ",5.10,68.81,5.67
1598,539337816,"01598M08:04:03.594","01598 07:16:51",213.46,898.37,,,,"     ",5.10,68.93,5.68
1598,539337817,"01598M08:04:04.567","01598 07:16:52",213.42,898.32,,,,"     ",5.10,68.75,5.66
1598,539337818,"01598M08:04:05.540","01598 07:16:53",213.38,898.29,,,,"     ",5.10,68.77,5.66
1598,539337819,"01598M08:04:06.514","01598 07:16:54",213.35,898.37,,,,"     ",5.10,68.81,5.66
1598,539337820,"01598M08:04:07.487","01598 07:16:55",213.32,898.36,,,,"     ",5.10,68.82,5.66
1598,539337821,"01598M08:04:08.460","01598 07:16:56",213.29,898.34,,,,"     ",5.10,68.99,5.68
1598,539337822,"01598M08:04:09.433","01598 07:16:57",213.26,898.38,,,,"     ",5.10,68.90,5.67
1598,539337823,"01598M08:04:10.407","01598 07:16:58",213.24,898.32,,,,"     ",5.10,68.68,5.64
1598,539337824,"01598M08:04:11.380","01598 07:16:59",213.22,898.27,,,,"     ",5.10,68.64,5.64
1598,539337825,"01598M08:04:12.353","01598 07:17:00",213.17,898.29,,,,"     ",5.10,68.84,5.66
1598,539337826,"01598M08:04:13.326","01598 07:17:01",212.49,898.25,,,,"     ",5.10,68.88,5.66
1598,539337827,"01598M08:04:14.300","01598 07:17:02",212.46,898.30,,,,"     ",5.10,68.75,5.65
1598,539337828,"01598M08:04:15.273","01598 07:17:03",212.45,898.35,,,,"     ",5.10,69.05,5.67
1598,539337829,"01598M08:04:16.246","01598 07:17:04",212.44,898.39,,,,"     ",5.10,68.67,5.64
1598,539337830,"01598M08:04:17.219","01598 07:17:05",212.45,898.34,,,,"     ",5.10,68.56,5.63
1598,539337831,"01598M08:04:18.193","01598 07:17:06",212.46,898.40,,,,"     ",5.10,68.54,5.62
1598,539337832,"01598M08:04:19.166","01598 07:17:07",212.47,898.44,,,,"     ",5.10,68.90,5.65
1598,539337833,"01598M08:04:20.139","01598 07:17:08",212.49,898.48,,,,"     ",5.10,68.67,5.63
1598,539337834,"01598M08:04:21.113","01598 07:17:09",212.51,898.40,,,,"     ",5.10,68.69,5.63
1598,539337835,"01598M08:04:22.086","01598 07:17:10",212.54,898.34,,,,"     ",5.10,68.55,5.62
1598,539337836,"01598M08:04:23.059","01598 07:17:11",212.58,898.40,,,,"     ",5.10,68.51,5.61
1598,539337837,"01598M08:04:24.032","01598 07:17:12",212.62,898.35,,,,"     ",5.10,68.47,5.61
1598,539337838,"01598M08:04:25.006","01598 07:17:13",212.65,898.33,,,,"     ",5.10,69.09,5.66
1598,539337839,"01598M08:04:25.979","01598 07:17:14",212.66,898.33,,,,"     ",5.10,68.93,5.64
1598,539337840,"01598M08:04:26.952","01598 07:17:15",212.66,898.32,,,,"     ",5.10,69.39,5.68
1598,539337841,"01598M08:04:27.925","01598 07:17:16",212.63,898.25,,,,"     ",5.10,69.01,5.64
1598,539337842,"01598M08:04:28.899","01598 07:17:17",212.58,898.32,,,,"     ",5.10,68.86,5.63
1598,539337843,"01598M08:04:29.872","01598 07:17:17",212.51,898.29,,,,"     ",5.10,69.29,5.67
1598,539337844,"01598M08:04:30.845","01598 07:17:18",212.45,898.29,,,,"     ",5.10,68.94,5.64
1598,539337845,"01598M08:04:31.818","01598 07:17:19",212.40,898.34,,,,"     ",5.10,69.22,5.66
1598,539337846,"01598M08:04:32.792","01598 07:17:20",212.37,898.31,,,,"     ",5.10,69.37,5.67
1598,539337847,"01598M08:04:33.765","01598 07:17:21",212.34,898.31,,,,"     ",5.10,69.08,5.64
1598,539337848,"01598M08:04:34.738","01598 07:17:22",212.31,898.29,,,,"     ",5.10,69.18,5.65
1598,539337849,"01598M08:04:35.711","01598 07:17:23",212.29,898.30,,,,"     ",5.10,69.34,5.66
1598,539337850,"01598M08:04:36.685","01598 07:17:24",212.28,898.33,,,,"     ",5.10,69.35,5.66
1598,539337851,"01598M08:04:37.658","01598 07:17:25",212.28,898.36,,,,"     ",5.10,68.94,5.62
1598,539337852,"01598M08:04:38.631","01598 07:17:26",212.30,898.35,,,,"     ",5.10,68.95,5.62
1598,539337853,"01598M08:04:39.604","01598 07:17:27",212.33,898.34,,,,"     ",5.10,69.05,5.63
1598,539337854,"01598M08:04:40.578","01598 07:17:28",212.36,898.27,,,,"     ",5.10,69.03,5.63
1598,539337855,"01598M08:04:41.551","01598 07:17:29",212.37,898.25,,,,"     ",5.10,69.21,5.64
1598,539337856,"01598M08:04:42.524","01598 07:17:30",212.37,898.28,,,,"     ",5.10,69.25,5.64
1598,539337857,"01598M08:04:43.497","01598 07:17:31",212.37,898.26,,,,"     ",5.10,68.92,5.61
1598,539337858,"01598M08:04:44.471","01598 07:17:32",212.37,898.22,,,,"     ",5.10,69.00,5.62
1598,539337859,"01598M08:04:45.444","01598 07:17:33",212.37,898.31,,,,"     ",5.10,69.34,5.64
1598,539337860,"01598M08:04:46.417","01598 07:17:34",212.38,898.33,,,,"     ",5.10,69.23,5.63
1598,539337861,"01598M08:04:47.390","01598 07:17:35",212.40,898.31,,,,"     ",5.10,69.25,5.63
1598,539337862,"01598M08:04:48.364","01598 07:17:36",212.44,898.34,,,,"     ",5.10,69.11,5.62
1598,539337863,"01598M08:04:49.337","01598 07:17:37",212.49,898.37,,,,"     ",5.10,69.45,5.65
1598,539337864,"01598M08:04:50.310","01598 07:17:38",212.55,898.41,,,,"     ",5.10,69.01,5.61
1598,539337865,"01598M08:04:51.283","01598 07:17:39",212.63,898.32,,,,"     ",5.10,69.31,5.63
1598,539337866,"01598M08:04:52.257","01598 07:17:40",212.71,898.23,,,,"     ",5.10,69.55,5.65
1598,539337867,"01598M08:04:53.230","01598 07:17:41",212.80,898.33,,,,"     ",5.10,69.16,5.61
1598,539337868,"01598M08:04:54.203","01598 07:17:42",212.90,898.19,,,,"     ",5.10,68.90,5.59
1598,539337869,"01598M08:04:55.176","01598 07:17:43",213.00,898.25,,,,"     ",5.10,69.38,5.63
1598,539337870,"01598M08:04:56.150","01598 07:17:44",213.11,898.28,,,,"     ",5.10,69.42,5.63
1598,539337871,"01598M08:04:57.123","01598 07:17:45",213.21,898.24,,,,"     ",5.10,69.46,5.63
1598,539337872,"01598M08:04:58.096","01598 07:17:46",213.31,898.35,,,,"     ",5.10,69.45,5.63
1598,539337873,"01598M08:04:59.069","01598 07:17:47",213.38,898.34,,,,"     ",5.10,69.40,5.62
1598,539337874,"01598M08:05:00.043","01598 07:17:48",213.53,898.29,,,,"     ",5.10,69.35,5.62
1598,539337875,"01598M08:05:01.016","01598 07:17:49",213.60,898.28,,,,"     ",5.10,69.48,5.62
1598,539337876,"01598M08:05:01.989","01598 07:17:50",213.66,898.27,,,,"     ",5.10,69.67,5.64
1598,539337877,"01598M08:05:02.962","01598 07:17:51",213.73,898.33,,,,"     ",5.10,69.31,5.60
1598,539337878,"01598M08:05:03.936","01598 07:17:52",213.79,898.26,,,,"     ",5.10,69.46,5.61
1598,539337879,"01598M08:05:04.909","01598 07:17:53",213.84,898.27,,,,"     ",5.10,69.64,5.63
1598,539337880,"01598M08:05:05.882","01598 07:17:53",213.88,898.30,,,,"     ",5.10,69.27,5.59
1598,539337881,"01598M08:05:06.855","01598 07:17:54",213.91,898.33,,,,"     ",5.10,69.73,5.63
1598,539337882,"01598M08:05:07.829","01598 07:17:55",213.94,898.34,,,,"     ",5.10,69.44,5.60
1598,539337883,"01598M08:05:08.802","01598 07:17:56",213.95,898.32,,,,"     ",5.10,69.66,5.62
1598,539337884,"01598M08:05:09.775","01598 07:17:57",213.96,898.27,,,,"     ",5.10,69.68,5.62
1598,539337885,"01598M08:05:10.748","01598 07:17:58",213.97,898.33,,,,"     ",5.10,69.59,5.61
1598,539337886,"01598M08:05:11.722","01598 07:17:59",213.99,898.31,,,,"     ",5.10,69.35,5.59
1598,539337887,"01598M08:05:12.695","01598 07:18:00",214.01,898.32,,,,"     ",5.10,69.61,5.60
1598,539337888,"01598M08:05:13.668","01598 07:18:01",214.03,898.34,,,,"     ",5.10,69.50,5.59
1598,539337889,"01598M08:05:14.641","01598 07:18:02",214.05,898.34,,,,"     ",5.10,69.58,5.60
1598,539337890,"01598M08:05:15.615","01598 07:18:03",214.06,898.34,,,,"     ",5.10,70.03,5.63
1598,539337891,"01598M08:05:16.588","01598 07:18:04",214.07,898.36,,,,"     ",5.10,69.92,5.62
1598,539337892,"01598M08:05:17.561","01598 07:18:05",214.07,898.32,,,,"     ",5.10,69.96,5.62
1598,539337893,"01598M08:05:18.534","01598 07:18:06",214.06,898.29,,,,"     ",5.10,69.70,5.60
1598,539337894,"01598M08:05:19.508","01598 07:18:07",214.04,898.37,,,,"     ",5.10,69.77,5.60
1598,539337895,"01598M08:05:20.481","01598 07:18:08",214.01,898.35,,,,"     ",5.10,69.77,5.60
1598,539337896,"01598M08:05:21.454","01598 07:18:09",213.97,898.33,,,,"     ",5.10,70.24,5.64
1598,539337897,"01598M08:05:22.427","01598 07:18:10",213.93,898.39,,,,"     ",5.10,69.89,5.61
1598,539337898,"01598M08:05:23.401","01598 07:18:11",213.88,898.33,,,,"     ",5.10,69.83,5.60
1598,539337899,"01598M08:05:24.374","01598 07:18:12",213.83,898.36,,,,"     ",5.10,69.68,5.58
1598,539337900,"01598M08:05:25.347","01598 07:18:13",213.78,898.33,,,,"     ",5.10,69.59,5.57
1598,539337901,"01598M08:05:26.320","01598 07:18:14",213.73,898.43,,,,"     ",5.10,69.70,5.58
1598,539337902,"01598M08:05:27.294","01598 07:18:15",213.68,898.41,,,,"     ",5.10,69.85,5.59
1598,539337903,"01598M08:05:28.267","01598 07:18:16",213.64,898.36,,,,"     ",5.10,70.20,5.62
1598,539337904,"01598M08:05:29.240","01598 07:18:17",213.60,898.35,,,,"     ",5.10,69.97,5.60
1598,539337905,"01598M08:05:30.213","01598 07:18:18",213.57,898.45,,,,"     ",5.10,69.78,5.58
1598,539337906,"01598M08:05:31.187","01598 07:18:19",213.55,898.34,,,,"     ",5.10,69.72,5.57
1598,539337907,"01598M08:05:32.160","01598 07:18:20",213.53,898.32,,,,"     ",5.10,70.40,5.63
1598,539337908,"01598M08:05:33.133","01598 07:18:21",213.51,898.39,,,,"     ",5.10,70.24,5.61
1598,539337909,"01598M08:05:34.107","01598 07:18:22",213.50,898.30,,,,"     ",5.10,70.31,5.61
1598,539337910,"01598M08:05:35.080","01598 07:18:23",213.50,898.27,,,,"     ",5.10,70.23,5.61
1598,539337911,"01598M08:05:36.053","01598 07:18:24",213.50,898.26,,,,"     ",5.10,70.09,5.59
1598,539337912,"01598M08:05:37.026","01598 07:18:25",213.51,898.27,,,,"     ",5.10,69.79,5.57
1598,539337913,"01598M08:05:38.000","01598 07:18:26",213.52,898.22,,,,"     ",5.10,69.77,5.56
1598,539337914,"01598M08:05:38.973","01598 07:18:27",213.54,898.23,,,,"     ",5.10,70.00,5.58
1598,539337915,"01598M08:05:39.946","01598 07:18:28",213.57,898.23,,,,"     ",5.10,70.16,5.59
1598,539337916,"01598M08:05:40.919","01598 07:18:29",213.61,898.28,,,,"     ",5.10,70.52,5.62
1598,539337917,"01598M08:05:41.893","01598 07:18:30",213.64,898.32,,,,"     ",5.10,70.21,5.59
1598,539337918,"01598M08:05:42.866","01598 07:18:30",213.66,898.27,,,,"     ",5.10,69.82,5.55
1598,539337919,"01598M08:05:43.839","01598 07:18:31",213.68,898.34,,,,"     ",5.10,69.99,5.57
1598,539337920,"01598M08:05:44.812","01598 07:18:32",213.68,898.26,,,,"     ",5.10,70.06,5.57
1598,539337921,"01598M08:05:45.786","01598 07:18:33",213.69,898.33,,,,"     ",5.10,70.42,5.60
1598,539337922,"01598M08:05:46.759","01598 07:18:34",213.68,898.31,,,,"     ",5.10,70.12,5.57
1598,539337923,"01598M08:05:47.732","01598 07:18:35",213.67,898.23,,,,"     ",5.10,70.05,5.56
1598,539337924,"01598M08:05:48.705","01598 07:18:36",213.65,898.29,,,,"     ",5.10,70.39,5.59
1598,539337925,"01598M08:05:49.679","01598 07:18:37",213.63,898.31,,,,"     ",5.10,70.06,5.56
1598,539337926,"01598M08:05:50.652","01598 07:18:38",213.60,898.36,,,,"     ",5.10,70.18,5.57
1598,539337927,"01598M08:05:51.625","01598 07:18:39",213.56,898.29,,,,"     ",5.10,70.10,5.56
1598,539337928,"01598M08:05:52.598","01598 07:18:40",213.52,898.32,,,,"     ",5.10,69.97,5.55
1598,539337929,"01598M08:05:53.572","01598 07:18:41",213.48,898.27,,,,"     ",5.10,70.22,5.57
1598,539337930,"01598M08:05:54.545","01598 07:18:42",213.43,898.23,,,,"     ",5.10,70.28,5.57
1598,539337931,"01598M08:05:55.518","01598 07:18:43",213.37,898.30,,,,"     ",5.10,69.88,5.53
1598,539337932,"01598M08:05:56.491","01598 07:18:44",213.31,898.30,,,,"     ",5.10,70.06,5.55
1598,539337933,"01598M08:05:57.465","01598 07:18:45",213.25,898.26,,,,"     ",5.10,70.04,5.54
1598,539337934,"01598M08:05:58.438","01598 07:18:46",213.18,898.21,,,,"     ",5.10,69.94,5.53
1598,539337935,"01598M08:05:59.411","01598 07:18:47",213.10,898.36,,,,"     ",5.10,70.01,5.54
1598,539337936,"01598M08:06:00.384","01598 07:18:48",213.02,898.35,,,,"     ",5.10,69.82,5.52
1598,539337937,"01598M08:06:01.358","01598 07:18:49",212.93,898.30,,,,"     ",5.10,70.59,5.58
1598,539337938,"01598M08:06:02.331","01598 07:18:50",213.16,898.32,,,,"     ",5.10,70.09,5.54
1598,539337939,"01598M08:06:03.304","01598 07:18:51",213.21,898.34,,,,"     ",5.10,69.63,5.50
1598,539337940,"01598M08:06:04.277","01598 07:18:52",213.25,898.35,,,,"     ",5.10,70.50,5.57
1598,539337941,"01598M08:06:05.251","01598 07:18:53",213.29,898.40,,,,"     ",5.10,70.26,5.55
1598,539337942,"01598M08:06:06.224","01598 07:18:54",213.33,898.37,,,,"     ",5.10,70.16,5.54
1598,539337943,"01598M08:06:07.197","01598 07:18:55",213.37,898.34,,,,"     ",5.10,70.55,5.57
1598,539337944,"01598M08:06:08.170","01598 07:18:56",213.34,898.40,,,,"     ",5.10,70.11,5.53
1598,539337945,"01598M08:06:09.144","01598 07:18:57",213.28,898.31,,,,"     ",5.10,70.41,5.55
1598,539337946,"01598M08:06:10.117","01598 07:18:58",213.22,898.38,,,,"     ",5.10,70.15,5.53
1598,539337947,"01598M08:06:11.090","01598 07:18:59",213.16,898.35,,,,"     ",5.10,70.54,5.56
1598,539337948,"01598M08:06:12.063","01598 07:19:00",213.10,898.29,,,,"     ",5.10,70.49,5.55
1598,539337949,"01598M08:06:13.037","01598 07:19:01",213.04,898.36,,,,"     ",5.10,70.54,5.55
1598,539337950,"01598M08:06:14.010","01598 07:19:02",212.98,898.30,,,,"     ",5.10,70.81,5.57
1598,539337951,"01598M08:06:14.983","01598 07:19:03",212.91,898.39,,,,"     ",5.10,70.68,5.56
1598,539337952,"01598M08:06:15.956","01598 07:19:04",212.82,898.45,,,,"     ",5.10,70.27,5.53
1598,539337953,"01598M08:06:16.930","01598 07:19:05",212.75,898.31,,,,"     ",5.10,70.33,5.53
1598,539337954,"01598M08:06:17.903","01598 07:19:06",212.69,898.39,,,,"     ",5.10,70.48,5.54
1598,539337955,"01598M08:06:18.876","01598 07:19:06",212.64,898.41,,,,"     ",5.10,71.10,5.59
1598,539337956,"01598M08:06:19.849","01598 07:19:07",212.62,898.42,,,,"     ",5.10,70.66,5.55
1598,539337957,"01598M08:06:20.823","01598 07:19:08",212.62,898.42,,,,"     ",5.10,70.26,5.52
1598,539337958,"01598M08:06:21.796","01598 07:19:09",212.64,898.43,,,,"     ",5.10,70.66,5.55
1598,539337959,"01598M08:06:22.769","01598 07:19:10",212.69,898.42,,,,"     ",5.10,70.82,5.56
1598,539337960,"01598M08:06:23.742","01598 07:19:11",212.75,898.41,,,,"     ",5.10,70.20,5.51
1598,539337961,"01598M08:06:24.716","01598 07:19:12",212.83,898.44,,,,"     ",5.10,70.67,5.54
1598,539337962,"01598M08:06:25.689","01598 07:19:13",212.90,898.38,,,,"     ",5.10,70.73,5.55
1598,539337963,"01598M08:06:26.662","01598 07:19:14",212.95,898.32,,,,"     ",5.10,70.53,5.53
1598,539337964,"01598M08:06:27.635","01598 07:19:15",212.99,898.24,,,,"     ",5.10,70.91,5.56
1598,539337965,"01598M08:06:28.609","01598 07:19:16",213.01,898.34,,,,"     ",5.10,71.05,5.57
1598,539337966,"01598M08:06:29.582","01598 07:19:17",213.02,898.34,,,,"     ",5.10,70.79,5.55
1598,539337967,"01598M08:06:30.555","01598 07:19:18",213.02,898.32,,,,"     ",5.10,71.04,5.56
1598,539337968,"01598M08:06:31.528","01598 07:19:19",213.01,898.32,,,,"     ",5.10,70.71,5.54
1598,539337969,"01598M08:06:32.502","01598 07:19:20",213.01,898.32,,,,"     ",5.10,70.60,5.52
1598,539337970,"01598M08:06:33.475","01598 07:19:21",213.01,898.37,,,,"     ",5.10,70.62,5.52
1598,539337971,"01598M08:06:34.448","01598 07:19:22",213.01,898.38,,,,"     ",5.10,70.82,5.54
1598,539337972,"01598M08:06:35.421","01598 07:19:23",213.01,898.36,,,,"     ",5.10,71.09,5.56
1598,539337973,"01598M08:06:36.395","01598 07:19:24",212.99,898.36,,,,"     ",5.10,71.09,5.56
1598,539337974,"01598M08:06:37.368","01598 07:19:25",212.96,898.33,,,,"     ",5.10,70.93,5.54
1598,539337975,"01598M08:06:38.341","01598 07:19:26",212.91,898.31,,,,"     ",5.10,70.98,5.54
1598,539337976,"01598M08:06:39.314","01598 07:19:27",212.88,898.32,,,,"     ",5.10,70.84,5.53
1598,539337977,"01598M08:06:40.288","01598 07:19:28",212.85,898.31,,,,"     ",5.10,71.05,5.54
1598,539337978,"01598M08:06:41.261","01598 07:19:29",212.84,898.25,,,,"     ",5.10,70.82,5.52
1598,539337979,"01598M08:06:42.234","01598 07:19:30",212.83,898.29,,,,"     ",5.10,71.36,5.57
1598,539337980,"01598M08:06:43.208","01598 07:19:31",212.82,898.36,,,,"     ",5.10,71.12,5.55
1598,539337981,"01598M08:06:44.181","01598 07:19:32",212.80,898.38,,,,"     ",5.10,71.03,5.54
1598,539337982,"01598M08:06:45.154","01598 07:19:33",212.79,898.35,,,,"     ",5.10,71.05,5.54
1598,539337983,"01598M08:06:46.127","01598 07:19:34",212.78,898.30,,,,"     ",5.10,71.33,5.56
1598,539337984,"01598M08:06:47.101","01598 07:19:35",212.77,898.24,,,,"     ",5.10,71.37,5.56
1598,539337985,"01598M08:06:48.074","01598 07:19:36",212.78,898.25,,,,"     ",5.10,70.95,5.52
1598,539337986,"01598M08:06:49.047","01598 07:19:37",212.81,898.23,,,,"     ",5.10,71.18,5.54
1598,539337987,"01598M08:06:50.020","01598 07:19:38",212.84,898.22,,,,"     ",5.10,71.00,5.53
1598,539337988,"01598M08:06:50.994","01598 07:19:39",212.90,898.18,,,,"     ",5.10,70.91,5.51
1598,539337989,"01598M08:06:51.967","01598 07:19:40",212.99,898.19,,,,"     ",5.10,71.24,5.54
1598,539337990,"01598M08:06:52.940","01598 07:19:41",213.09,898.25,,,,"     ",5.10,71.19,5.54
1598,539337991,"01598M08:06:53.913","01598 07:19:42",213.21,898.22,,,,"     ",5.10,71.31,5.54
1598,539337992,"01598M08:06:54.887","01598 07:19:42",213.87,898.19,,,,"     ",5.10,71.30,5.54
1598,539337993,"01598M08:06:55.860","01598 07:19:43",213.98,898.20,,,,"     ",5.10,71.31,5.54
1598,539337994,"01598M08:06:56.833","01598 07:19:44",214.04,898.27,,,,"     ",5.10,71.70,5.57
1598,539337995,"01598M08:06:57.806","01598 07:19:45",214.05,898.30,,,,"     ",5.10,71.38,5.54
1598,539337996,"01598M08:06:58.780","01598 07:19:46",214.05,898.25,,,,"     ",5.10,71.51,5.55
1598,539337997,"01598M08:06:59.753","01598 07:19:47",214.05,898.24,,,,"     ",5.10,71.09,5.51
1598,539337998,"01598M08:07:00.726","01598 07:19:48",214.03,898.26,,,,"     ",5.10,71.80,5.57
1598,539337999,"01598M08:07:01.699","01598 07:19:49",214.02,898.21,,,,"     ",5.10,71.49,5.54
1598,539338000,"01598M08:07:02.673","01598 07:19:50",214.00,898.26,,,,"     ",5.10,71.88,5.57
1598,539338001,"01598M08:07:03.646","01598 07:19:51",213.99,898.29,,,,"     ",5.10,71.58,5.54
1598,539338002,"01598M08:07:04.619","01598 07:19:52",213.98,898.34,,,,"     ",5.10,71.46,5.53
1598,539338003,"01598M08:07:05.592","01598 07:19:53",213.98,898.30,,,,"     ",5.10,71.78,5.56
1598,539338004,"01598M08:07:06.566","01598 07:19:54",214.01,898.35,,,,"     ",5.10,71.90,5.56
1598,539338005,"01598M08:07:07.539","01598 07:19:55",214.06,898.33,,,,"     ",5.10,71.58,5.53
1598,539338006,"01598M08:07:08.512","01598 07:19:56",214.14,898.38,,,,"     ",5.10,71.45,5.53
1598,539338007,"01598M08:07:09.485","01598 07:19:57",214.25,898.29,,,,"     ",5.10,71.62,5.54
1598,539338008,"01598M08:07:10.459","01598 07:19:58",214.37,898.34,,,,"     ",5.10,71.66,5.54
1598,539338009,"01598M08:07:11.432","01598 07:19:59",214.44,898.31,,,,"     ",5.10,71.55,5.52
1598,539338010,"01598M08:07:12.405","01598 07:20:00",214.51,898.34,,,,"     ",5.10,71.59,5.52
1598,539338011,"01598M08:07:13.378","01598 07:20:01",214.60,898.28,,,,"     ",5.10,71.49,5.51
1598,539338012,"01598M08:07:14.352","01598 07:20:02",214.70,898.30,,,,"     ",5.10,71.62,5.52
1598,539338013,"01598M08:07:15.325","01598 07:20:03",214.80,898.34,,,,"     ",5.10,71.47,5.51
1598,539338014,"01598M08:07:16.298","01598 07:20:04",214.89,898.36,,,,"     ",5.10,71.54,5.51
1598,539338015,"01598M08:07:17.271","01598 07:20:05",214.97,898.35,,,,"     ",5.10,71.53,5.51
1598,539338016,"01598M08:07:18.245","01598 07:20:06",215.05,898.33,,,,"     ",5.10,71.85,5.53
1598,539338017,"01598M08:07:19.218","01598 07:20:07",215.11,898.27,,,,"     ",5.10,71.91,5.53
1598,539338018,"01598M08:07:20.191","01598 07:20:08",215.18,898.23,,,,"     ",5.10,71.87,5.53
1598,539338019,"01598M08:07:21.164","01598 07:20:09",215.23,898.29,,,,"     ",5.10,71.67,5.51
1598,539338020,"01598M08:07:22.138","01598 07:20:10",215.18,898.19,,,,"     ",5.10,71.66,5.51
1598,539338021,"01598M08:07:23.111","01598 07:20:11",215.12,898.28,,,,"     ",5.10,71.94,5.53
1598,539338022,"01598M08:07:24.084","01598 07:20:12",215.04,898.28,,,,"     ",5.10,71.77,5.51
1598,539338023,"01598M08:07:25.057","01598 07:20:13",214.96,898.23,,,,"     ",5.10,72.02,5.53
1598,539338024,"01598M08:07:26.031","01598 07:20:14",214.87,898.23,,,,"     ",5.10,71.89,5.52
1598,539338025,"01598M08:07:27.004","01598 07:20:15",214.77,898.29,,,,"     ",5.10,72.20,5.54
1598,539338026,"01598M08:07:27.977","01598 07:20:16",214.68,898.31,,,,"     ",5.10,72.22,5.53
1598,539338027,"01598M08:07:28.950","01598 07:20:17",214.60,898.35,,,,"     ",5.10,72.02,5.52
1598,539338028,"01598M08:07:29.924","01598 07:20:18",214.52,898.31,,,,"     ",5.10,71.91,5.51
1598,539338029,"01598M08:07:30.897","01598 07:20:18",214.46,898.34,,,,"     ",5.10,72.12,5.52
1598,539338030,"01598M08:07:31.870","01598 07:20:19",214.42,898.35,,,,"     ",5.10,71.90,5.50
1598,539338031,"01598M08:07:32.843","01598 07:20:20",214.41,898.27,,,,"     ",5.10,71.65,5.47
1598,539338032,"01598M08:07:33.817","01598 07:20:21",214.42,898.40,,,,"     ",5.10,71.91,5.49
1598,539338033,"01598M08:07:34.790","01598 07:20:22",214.46,898.30,,,,"     ",5.10,71.96,5.49
1598,539338034,"01598M08:07:35.763","01598 07:20:23",214.50,898.28,,,,"     ",5.10,72.25,5.52
1598,539338035,"01598M08:07:36.736","01598 07:20:24",214.56,898.22,,,,"     ",5.10,72.30,5.52
1598,539338036,"01598M08:07:37.710","01598 07:20:25",214.62,898.21,,,,"     ",5.10,71.68,5.47
1598,539338037,"01598M08:07:38.683","01598 07:20:26",214.68,898.20,,,,"     ",5.10,72.21,5.50
1598,539338038,"01598M08:07:39.656","01598 07:20:27",214.74,898.26,,,,"     ",5.10,72.18,5.50
1598,539338039,"01598M08:07:40.629","01598 07:20:28",214.79,898.28,,,,"     ",5.10,71.86,5.47
1598,539338040,"01598M08:07:41.603","01598 07:20:29",214.82,898.25,,,,"     ",5.10,72.15,5.49
1598,539338041,"01598M08:07:42.576","01598 07:20:30",214.84,898.24,,,,"     ",5.10,72.02,5.48
1598,539338042,"01598M08:07:43.549","01598 07:20:31",214.86,898.19,,,,"     ",5.10,72.53,5.52
1598,539338043,"01598M08:07:44.522","01598 07:20:32",214.88,898.26,,,,"     ",5.10,72.16,5.49
1598,539338044,"01598M08:07:45.496","01598 07:20:33",214.89,898.32,,,,"     ",5.10,72.26,5.49
1598,539338045,"01598M08:07:46.469","01598 07:20:34",214.90,898.24,,,,"     ",5.10,72.22,5.48
1598,539338046,"01598M08:07:47.442","01598 07:20:35",214.90,898.24,,,,"     ",5.10,72.11,5.47
1598,539338047,"01598M08:07:48.415","01598 07:20:36",214.88,898.34,,,,"     ",5.10,72.42,5.50
1598,539338048,"01598M08:07:49.389","01598 07:20:37",214.84,898.26,,,,"     ",5.10,72.25,5.48
1598,539338049,"01598M08:07:50.362","01598 07:20:38",214.80,898.20,,,,"     ",5.10,72.40,5.49
1598,539338050,"01598M08:07:51.335","01598 07:20:39",214.74,898.20,,,,"     ",5.10,72.66,5.51
1598,539338051,"01598M08:07:52.309","01598 07:20:40",214.67,898.32,,,,"     ",5.10,72.64,5.50
1598,539338052,"01598M08:07:53.282","01598 07:20:41",214.61,898.34,,,,"     ",5.10,72.32,5.48
1598,539338053,"01598M08:07:54.255","01598 07:20:42",214.56,898.28,,,,"     ",5.10,72.30,5.47
1598,539338054,"01598M08:07:55.228","01598 07:20:43",214.52,898.26,,,,"     ",5.10,72.47,5.48
1598,539338055,"01598M08:07:56.202","01598 07:20:44",214.49,898.26,,,,"     ",5.10,72.80,5.51
1598,539338056,"01598M08:07:57.175","01598 07:20:45",214.49,898.23,,,,"     ",5.10,72.70,5.49
1598,539338057,"01598M08:07:58.148","01598 07:20:46",214.49,898.26,,,,"     ",5.10,72.35,5.46
1598,539338058,"01598M08:07:59.121","01598 07:20:47",214.49,898.27,,,,"     ",5.10,72.48,5.47
1598,539338059,"01598M08:08:00.095","01598 07:20:48",214.49,898.33,,,,"     ",5.10,72.53,5.48
1598,539338060,"01598M08:08:01.068","01598 07:20:49",214.48,898.27,,,,"     ",5.10,72.14,5.44
1598,539338061,"01598M08:08:02.041","01598 07:20:50",214.47,898.31,,,,"     ",5.10,72.66,5.48
1598,539338062,"01598M08:08:03.014","01598 07:20:51",214.44,898.32,,,,"     ",5.10,72.37,5.46
1598,539338063,"01598M08:08:03.988","01598 07:20:52",214.40,898.39,,,,"     ",5.10,72.66,5.48
1598,539338064,"01598M08:08:04.961","01598 07:20:53",214.37,898.34,,,,"     ",5.10,72.34,5.45
1598,539338065,"01598M08:08:05.934","01598 07:20:54",214.33,898.27,,,,"     ",5.10,72.71,5.48
1598,539338066,"01598M08:08:06.907","01598 07:20:54",214.31,898.30,,,,"     ",5.10,72.53,5.46
1598,539338067,"01598M08:08:07.881","01598 07:20:55",214.28,898.29,,,,"     ",5.10,72.79,5.48
1598,539338068,"01598M08:08:08.854","01598 07:20:56",214.27,898.32,,,,"     ",5.10,72.55,5.46
1598,539338069,"01598M08:08:09.827","01598 07:20:57",214.25,898.27,,,,"     ",5.10,72.59,5.46
1598,539338070,"01598M08:08:10.800","01598 07:20:58",214.24,898.36,,,,"     ",5.10,72.41,5.44
1598,539338071,"01598M08:08:11.774","01598 07:20:59",214.23,898.42,,,,"     ",5.10,72.55,5.45
1598,539338072,"01598M08:08:12.747","01598 07:21:00",214.22,898.39,,,,"     ",5.10,72.57,5.45
1598,539338073,"01598M08:08:13.720","01598 07:21:01",214.22,898.37,,,,"     ",5.10,72.16,5.42
1598,539338074,"01598M08:08:14.693","01598 07:21:02",214.22,898.35,,,,"     ",5.10,72.39,5.43
1598,539338075,"01598M08:08:15.667","01598 07:21:03",214.22,898.35,,,,"     ",5.10,72.35,5.43
1598,539338076,"01598M08:08:16.640","01598 07:21:04",214.23,898.34,,,,"     ",5.10,72.41,5.43
1598,539338077,"01598M08:08:17.613","01598 07:21:05",214.24,898.31,,,,"     ",5.10,72.39,5.43
1598,539338078,"01598M08:08:18.586","01598 07:21:06",214.26,898.32,,,,"     ",5.10,72.79,5.46
1598,539338079,"01598M08:08:19.560","01598 07:21:07",214.31,898.32,,,,"     ",5.10,72.62,5.44
1598,539338080,"01598M08:08:20.533","01598 07:21:08",214.38,898.25,,,,"     ",5.10,72.63,5.44
1598,539338081,"01598M08:08:21.506","01598 07:21:09",214.47,898.24,,,,"     ",5.10,72.58,5.43
1598,539338082,"01598M08:08:22.479","01598 07:21:10",214.57,898.29,,,,"     ",5.10,72.49,5.43
1598,539338083,"01598M08:08:23.453","01598 07:21:11",214.67,898.26,,,,"     ",5.10,72.27,5.41
1598,539338084,"01598M08:08:24.426","01598 07:21:12",214.75,898.28,,,,"     ",5.10,72.20,5.40
1598,539338085,"01598M08:08:25.399","01598 07:21:13",214.82,898.32,,,,"     ",5.10,72.30,5.41
1598,539338086,"01598M08:08:26.372","01598 07:21:14",214.87,898.30,,,,"     ",5.10,72.63,5.43
1598,539338087,"01598M08:08:27.346","01598 07:21:15",214.90,898.35,,,,"     ",5.10,72.51,5.42
1598,539338088,"01598M08:08:28.319","01598 07:21:16",214.91,898.32,,,,"     ",5.10,72.32,5.40
1598,539338089,"01598M08:08:29.292","01598 07:21:17",214.89,898.39,,,,"     ",5.10,72.72,5.43
1598,539338090,"01598M08:08:30.265","01598 07:21:18",214.87,898.40,,,,"     ",5.10,72.17,5.39
1598,539338091,"01598M08:08:31.239","01598 07:21:19",214.85,898.36,,,,"     ",5.10,72.33,5.40
1598,539338092,"01598M08:08:32.212","01598 07:21:20",214.83,898.34,,,,"     ",5.10,72.00,5.37
1598,539338093,"01598M08:08:33.185","01598 07:21:21",214.82,898.27,,,,"     ",5.10,72.33,5.39
1598,539338094,"01598M08:08:34.158","01598 07:21:22",214.81,898.29,,,,"     ",5.10,72.24,5.39
1598,539338095,"01598M08:08:35.132","01598 07:21:23",214.82,898.26,,,,"     ",5.10,72.44,5.40
1598,539338096,"01598M08:08:36.105","01598 07:21:24",214.82,898.32,,,,"     ",5.10,72.32,5.39
1598,539338097,"01598M08:08:37.078","01598 07:21:25",214.83,898.26,,,,"     ",5.10,72.56,5.40
1598,539338098,"01598M08:08:38.051","01598 07:21:26",214.77,898.18,,,,"     ",5.10,72.11,5.37
1598,539338099,"01598M08:08:39.025","01598 07:21:27",214.70,898.24,,,,"     ",5.10,72.53,5.40
1598,539338100,"01598M08:08:39.998","01598 07:21:28",214.65,898.20,,,,"     ",5.10,72.58,5.40
1598,539338101,"01598M08:08:40.971","01598 07:21:29",214.61,898.17,,,,"     ",5.10,72.32,5.38
1598,539338102,"01598M08:08:41.944","01598 07:21:30",214.57,898.17,,,,"     ",5.10,71.79,5.34
1598,539338103,"01598M08:08:42.918","01598 07:21:30",214.54,898.21,,,,"     ",5.10,72.44,5.39
1598,539338104,"01598M08:08:43.891","01598 07:21:31",214.51,898.14,,,,"     ",5.10,71.92,5.35
1598,539338105,"01598M08:08:44.864","01598 07:21:32",214.50,898.18,,,,"     ",5.10,71.94,5.35
1598,539338106,"01598M08:08:45.837","01598 07:21:33",214.49,898.23,,,,"     ",5.10,72.54,5.39
1598,539338107,"01598M08:08:46.811","01598 07:21:34",214.49,898.19,,,,"     ",5.10,72.32,5.37
1598,539338108,"01598M08:08:47.784","01598 07:21:35",214.49,898.22,,,,"     ",5.10,72.25,5.36
1598,539338109,"01598M08:08:48.757","01598 07:21:36",214.49,898.32,,,,"     ",5.10,72.13,5.35
1598,539338110,"01598M08:08:49.730","01598 07:21:37",214.49,898.29,,,,"     ",5.10,72.61,5.39
1598,539338111,"01598M08:08:50.704","01598 07:21:38",214.49,898.22,,,,"     ",5.10,72.52,5.38
1598,539338112,"01598M08:08:51.677","01598 07:21:39",214.48,898.27,,,,"     ",5.10,72.63,5.39
1598,539338113,"01598M08:08:52.650","01598 07:21:40",214.47,898.26,,,,"     ",5.10,72.63,5.39
1598,539338114,"01598M08:08:53.623","01598 07:21:41",214.45,898.28,,,,"     ",5.10,72.21,5.35
1598,539338115,"01598M08:08:54.597","01598 07:21:42",214.44,898.28,,,,"     ",5.10,72.25,5.36
1598,539338116,"01598M08:08:55.570","01598 07:21:43",214.42,898.24,,,,"     ",5.10,72.63,5.38
1598,539338117,"01598M08:08:56.543","01598 07:21:44",214.40,898.33,,,,"     ",5.10,72.61,5.38
1598,539338118,"01598M08:08:57.516","01598 07:21:45",214.39,898.29,,,,"     ",5.10,72.29,5.35
1598,539338119,"01598M08:08:58.490","01598 07:21:46",214.39,898.21,,,,"     ",5.10,72.77,5.39
1598,539338120,"01598M08:08:59.463","01598 07:21:47",214.39,898.30,,,,"     ",5.10,72.46,5.36
1598,539338121,"01598M08:09:00.436","01598 07:21:48",214.39,898.19,,,,"     ",5.10,72.64,5.38
1598,539338122,"01598M08:09:01.410","01598 07:21:49",214.38,898.18,,,,"     ",5.10,72.47,5.36
1598,539338123,"01598M08:09:02.383","01598 07:21:50",214.37,898.21,,,,"     ",5.10,71.91,5.32
1598,539338124,"01598M08:09:03.356","01598 07:21:51",214.35,898.26,,,,"     ",5.10,72.76,5.38
1598,539338125,"01598M08:09:04.329","01598 07:21:52",214.33,898.28,,,,"     ",5.10,72.49,5.36
1598,539338126,"01598M08:09:05.303","01598 07:21:53",214.31,898.24,,,,"     ",5.10,72.42,5.35
1598,539338127,"01598M08:09:06.276","01598 07:21:54",213.74,898.28,,,,"     ",5.10,72.68,5.37
1598,539338128,"01598M08:09:07.249","01598 07:21:55",213.71,898.26,,,,"     ",5.10,72.55,5.36
1598,539338129,"01598M08:09:08.222","01598 07:21:56",213.68,898.24,,,,"     ",5.10,72.44,5.35
1598,539338130,"01598M08:09:09.196","01598 07:21:57",214.22,898.22,,,,"     ",5.10,72.64,5.36
1598,539338131,"01598M08:09:10.169","01598 07:21:58",214.20,898.26,,,,"     ",5.10,72.96,5.39
1598,539338132,"01598M08:09:11.142","01598 07:21:59",214.20,898.28,,,,"     ",5.10,72.80,5.37
1598,539338133,"01598M08:09:12.115","01598 07:22:00",214.19,898.15,,,,"     ",5.10,72.64,5.36
1598,539338134,"01598M08:09:13.089","01598 07:22:01",214.20,898.20,,,,"     ",5.10,72.30,5.33
1598,539338135,"01598M08:09:14.062","01598 07:22:02",214.20,898.17,,,,"     ",5.10,72.89,5.37
1598,539338136,"01598M08:09:15.035","01598 07:22:03",214.21,898.20,,,,"     ",5.10,72.49,5.34
1598,539338137,"01598M08:09:16.008","01598 07:22:04",214.22,898.21,,,,"     ",5.10,72.36,5.33
1598,539338138,"01598M08:09:16.982","01598 07:22:05",214.21,898.14,,,,"     ",5.10,72.56,5.35
1598,539338139,"01598M08:09:17.955","01598 07:22:06",214.20,898.11,,,,"     ",5.10,72.40,5.33
1598,539338140,"01598M08:09:18.928","01598 07:22:06",214.18,898.16,,,,"     ",5.10,72.66,5.35
1598,539338141,"01598M08:09:19.901","01598 07:22:07",214.15,898.22,,,,"     ",5.10,72.57,5.34
1598,539338142,"01598M08:09:20.875","01598 07:22:08",214.12,898.16,,,,"     ",5.10,72.32,5.32
1598,539338143,"01598M08:09:21.848","01598 07:22:09",214.09,898.27,,,,"     ",5.10,72.45,5.33
1598,539338144,"01598M08:09:22.821","01598 07:22:10",213.45,898.27,,,,"     ",5.10,72.31,5.32
1598,539338145,"01598M08:09:23.794","01598 07:22:11",213.44,898.15,,,,"     ",5.10,72.57,5.34
1598,539338146,"01598M08:09:24.768","01598 07:22:12",213.44,898.19,,,,"     ",5.10,72.27,5.31
1598,539338147,"01598M08:09:25.741","01598 07:22:13",213.44,898.16,,,,"     ",5.10,72.22,5.31
1598,539338148,"01598M08:09:26.714","01598 07:22:14",213.44,898.13,,,,"     ",5.10,72.12,5.30
1598,539338149,"01598M08:09:27.687","01598 07:22:15",213.45,898.20,,,,"     ",5.10,72.44,5.32
1598,539338150,"01598M08:09:28.661","01598 07:22:16",213.47,898.16,,,,"     ",5.10,72.46,5.32
1598,539338151,"01598M08:09:29.634","01598 07:22:17",213.49,898.19,,,,"     ",5.10,72.35,5.31
1598,539338152,"01598M08:09:30.607","01598 07:22:18",213.51,898.14,,,,"     ",5.10,72.40,5.31
1598,539338153,"01598M08:09:31.580","01598 07:22:19",213.53,898.13,,,,"     ",5.10,72.42,5.31
1598,539338154,"01598M08:09:32.554","01598 07:22:20",213.53,898.14,,,,"     ",5.10,72.59,5.32
1598,539338155,"01598M08:09:33.527","01598 07:22:21",213.52,898.14,,,,"     ",5.10,72.34,5.30
1598,539338156,"01598M08:09:34.500","01598 07:22:22",213.49,898.11,,,,"     ",5.10,72.10,5.29
1598,539338157,"01598M08:09:35.473","01598 07:22:23",213.45,897.99,,,,"     ",5.10,72.50,5.31
1598,539338158,"01598M08:09:36.447","01598 07:22:24",213.41,898.09,,,,"     ",5.10,72.21,5.29
1598,539338159,"01598M08:09:37.420","01598 07:22:25",213.35,898.08,,,,"     ",5.10,72.80,5.33
1598,539338160,"01598M08:09:38.393","01598 07:22:26",213.29,898.07,,,,"     ",5.10,72.77,5.33
1598,539338161,"01598M08:09:39.366","01598 07:22:27",213.22,898.01,,,,"     ",5.10,72.58,5.31
1598,539338162,"01598M08:09:40.340","01598 07:22:28",213.15,898.15,,,,"     ",5.10,72.17,5.28
1598,539338163,"01598M08:09:41.313","01598 07:22:29",213.09,898.12,,,,"     ",5.10,72.65,5.32
1598,539338164,"01598M08:09:42.286","01598 07:22:30",213.03,898.13,,,,"     ",5.10,72.43,5.30
1598,539338165,"01598M08:09:43.259","01598 07:22:31",212.98,898.09,,,,"     ",5.10,72.61,5.31
1598,539338166,"01598M08:09:44.233","01598 07:22:32",212.93,898.12,,,,"     ",5.10,72.55,5.30
1598,539338167,"01598M08:09:45.206","01598 07:22:33",212.91,898.06,,,,"     ",5.10,72.49,5.30
1598,539338168,"01598M08:09:46.179","01598 07:22:34",212.89,898.13,,,,"     ",5.10,72.35,5.28
1598,539338169,"01598M08:09:47.152","01598 07:22:35",212.90,898.11,,,,"     ",5.10,72.33,5.28
1598,539338170,"01598M08:09:48.126","01598 07:22:36",212.92,898.06,,,,"     ",5.10,72.37,5.28
1598,539338171,"01598M08:09:49.099","01598 07:22:37",212.94,898.02,,,,"     ",5.10,72.68,5.31
1598,539338172,"01598M08:09:50.072","01598 07:22:38",212.96,898.06,,,,"     ",5.10,72.70,5.31
1598,539338173,"01598M08:09:51.045","01598 07:22:39",212.99,898.00,,,,"     ",5.10,72.75,5.31
1598,539338174,"01598M08:09:52.019","01598 07:22:40",213.01,898.04,,,,"     ",5.10,72.76,5.31
1598,539338175,"01598M08:09:52.992","01598 07:22:41",213.02,898.09,,,,"     ",5.10,72.75,5.30
1598,539338176,"01598M08:09:53.965","01598 07:22:42",213.02,898.05,,,,"     ",5.10,72.64,5.29
1598,539338177,"01598M08:09:54.938","01598 07:22:43",213.03,898.04,,,,"     ",5.10,72.75,5.30
1598,539338178,"01598M08:09:55.912","01598 07:22:43",213.03,898.12,,,,"     ",5.10,72.90,5.31
1598,539338179,"01598M08:09:56.885","01598 07:22:44",213.02,898.13,,,,"     ",5.10,72.41,5.27
1598,539338180,"01598M08:09:57.858","01598 07:22:45",213.02,898.15,,,,"     ",5.10,73.18,5.33
1598,539338181,"01598M08:09:58.831","01598 07:22:46",213.01,898.09,,,,"     ",5.10,72.96,5.31
1598,539338182,"01598M08:09:59.805","01598 07:22:47",213.00,898.14,,,,"     ",5.10,73.09,5.32
1598,539338183,"01598M08:10:00.778","01598 07:22:48",213.00,898.13,,,,"     ",5.10,72.78,5.29
1598,539338184,"01598M08:10:01.751","01598 07:22:49",213.01,898.15,,,,"     ",5.10,73.30,5.33
1598,539338185,"01598M08:10:02.724","01598 07:22:50",213.02,898.14,,,,"     ",5.10,72.75,5.29
1598,539338186,"01598M08:10:03.698","01598 07:22:51",213.04,898.15,,,,"     ",5.10,73.01,5.31
1598,539338187,"01598M08:10:04.671","01598 07:22:52",213.07,898.16,,,,"     ",5.10,73.16,5.32
1598,539338188,"01598M08:10:05.644","01598 07:22:53",213.10,898.10,,,,"     ",5.10,73.38,5.33
1598,539338189,"01598M08:10:06.617","01598 07:22:54",213.12,898.09,,,,"     ",5.10,73.52,5.34
1598,539338190,"01598M08:10:07.591","01598 07:22:55",213.13,898.07,,,,"     ",5.10,73.38,5.33
1598,539338191,"01598M08:10:08.564","01598 07:22:56",213.14,898.07,,,,"     ",5.10,73.56,5.34
1598,539338192,"01598M08:10:09.537","01598 07:22:57",213.13,898.07,,,,"     ",5.10,72.98,5.30
1598,539338193,"01598M08:10:10.511","01598 07:22:58",213.11,898.02,,,,"     ",5.10,73.73,5.35
1598,539338194,"01598M08:10:11.484","01598 07:22:59",213.08,898.04,,,,"     ",5.10,73.29,5.31
1598,539338195,"01598M08:10:12.457","01598 07:23:00",213.06,898.01,,,,"     ",5.10,73.62,5.34
1598,539338196,"01598M08:10:13.430","01598 07:23:01",213.04,898.11,,,,"     ",5.10,73.47,5.32
1598,539338197,"01598M08:10:14.404","01598 07:23:02",213.02,898.13,,,,"     ",5.10,73.12,5.30
1598,539338198,"01598M08:10:15.377","01598 07:23:03",213.00,898.21,,,,"     ",5.10,73.51,5.33
1598,539338199,"01598M08:10:16.350","01598 07:23:04",212.98,898.09,,,,"     ",5.10,73.85,5.35
1598,539338200,"01598M08:10:17.323","01598 07:23:05",212.96,898.07,,,,"     ",5.10,73.34,5.31
1598,539338201,"01598M08:10:18.297","01598 07:23:06",212.94,898.04,,,,"     ",5.10,73.60,5.33
1598,539338202,"01598M08:10:19.270","01598 07:23:07",212.93,898.04,,,,"     ",5.10,73.67,5.33
1598,539338203,"01598M08:10:20.243","01598 07:23:08",212.92,898.00,,,,"     ",5.10,74.11,5.36
1598,539338204,"01598M08:10:21.216","01598 07:23:09",212.92,898.02,,,,"     ",5.10,73.93,5.35
1598,539338205,"01598M08:10:22.190","01598 07:23:10",212.91,898.08,,,,"     ",5.10,73.81,5.34
1598,539338206,"01598M08:10:23.163","01598 07:23:11",212.89,898.08,,,,"     ",5.10,73.68,5.32
1598,539338207,"01598M08:10:24.136","01598 07:23:12",212.87,898.02,,,,"     ",5.10,74.14,5.36
1598,539338208,"01598M08:10:25.109","01598 07:23:13",212.84,898.01,,,,"     ",5.10,73.74,5.33
1598,539338209,"01598M08:10:26.083","01598 07:23:14",212.81,898.00,,,,"     ",5.10,74.10,5.35
1598,539338210,"01598M08:10:27.056","01598 07:23:15",212.79,897.97,,,,"     ",5.10,73.57,5.31
1598,539338211,"01598M08:10:28.029","01598 07:23:16",212.77,897.98,,,,"     ",5.10,73.99,5.34
1598,539338212,"01598M08:10:29.002","01598 07:23:17",212.77,897.99,,,,"     ",5.10,74.25,5.36
1598,539338213,"01598M08:10:29.976","01598 07:23:18",212.76,897.91,,,,"     ",5.10,73.92,5.33
1598,539338214,"01598M08:10:30.949","01598 07:23:19",212.76,897.84,,,,"     ",5.10,73.87,5.33
1598,539338215,"01598M08:10:31.922","01598 07:23:19",212.76,897.90,,,,"     ",5.10,73.91,5.33
1598,539338216,"01598M08:10:32.895","01598 07:23:20",212.75,897.92,,,,"     ",5.10,73.78,5.32
1598,539338217,"01598M08:10:33.869","01598 07:23:21",212.74,897.93,,,,"     ",5.10,74.13,5.34
1598,539338218,"01598M08:10:34.842","01598 07:23:22",212.73,897.95,,,,"     ",5.10,74.05,5.33
1598,539338219,"01598M08:10:35.815","01598 07:23:23",212.72,897.92,,,,"     ",5.10,73.93,5.32
1598,539338220,"01598M08:10:36.788","01598 07:23:24",212.70,897.92,,,,"     ",5.10,73.92,5.32
1598,539338221,"01598M08:10:37.762","01598 07:23:25",212.69,897.83,,,,"     ",5.10,74.30,5.35
1598,539338222,"01598M08:10:38.735","01598 07:23:26",212.67,897.73,,,,"     ",5.10,74.04,5.33
1598,539338223,"01598M08:10:39.708","01598 07:23:27",212.65,897.83,,,,"     ",5.10,74.21,5.34
1598,539338224,"01598M08:10:40.681","01598 07:23:28",212.63,897.90,,,,"     ",5.10,74.12,5.33
1598,539338225,"01598M08:10:41.655","01598 07:23:29",212.61,897.95,,,,"     ",5.10,74.58,5.36
1598,539338226,"01598M08:10:42.628","01598 07:23:30",212.60,897.89,,,,"     ",5.10,74.41,5.35
1598,539338227,"01598M08:10:43.601","01598 07:23:31",212.60,897.83,,,,"     ",5.10,74.75,5.37
1598,539338228,"01598M08:10:44.574","01598 07:23:32",212.62,897.83,,,,"     ",5.10,75.15,5.40
1598,539338229,"01598M08:10:45.548","01598 07:23:33",212.66,897.80,,,,"     ",5.10,74.28,5.34
1598,539338230,"01598M08:10:46.521","01598 07:23:34",212.72,897.76,,,,"     ",5.10,74.59,5.36
1598,539338231,"01598M08:10:47.494","01598 07:23:35",212.79,897.85,,,,"     ",5.10,74.76,5.37
1598,539338232,"01598M08:10:48.467","01598 07:23:36",212.84,897.85,,,,"     ",5.10,74.78,5.37
1598,539338233,"01598M08:10:49.441","01598 07:23:37",212.87,897.75,,,,"     ",5.10,74.56,5.35
1598,539338234,"01598M08:10:50.414","01598 07:23:38",212.89,897.71,,,,"     ",5.10,74.59,5.36
1598,539338235,"01598M08:10:51.387","01598 07:23:39",212.90,897.77,,,,"     ",5.10,74.78,5.37
1598,539338236,"01598M08:10:52.360","01598 07:23:40",212.91,897.75,,,,"     ",5.10,74.86,5.37
1598,539338237,"01598M08:10:53.334","01598 07:23:41",212.87,897.69,,,,"     ",5.10,74.99,5.38
1598,539338238,"01598M08:10:54.307","01598 07:23:42",212.81,897.70,,,,"     ",5.10,74.39,5.34
1598,539338239,"01598M08:10:55.280","01598 07:23:43",212.75,897.73,,,,"     ",5.10,75.17,5.39
1598,539338240,"01598M08:10:56.253","01598 07:23:44",212.69,897.67,,,,"     ",5.10,75.10,5.39
1598,539338241,"01598M08:10:57.227","01598 07:23:45",212.63,897.66,,,,"     ",5.10,74.79,5.36
1598,539338242,"01598M08:10:58.200","01598 07:23:46",212.57,897.59,,,,"     ",5.10,75.31,5.40
1598,539338243,"01598M08:10:59.173","01598 07:23:47",212.51,897.62,,,,"     ",5.10,74.95,5.38
1598,539338244,"01598M08:11:00.146","01598 07:23:48",212.46,897.62,,,,"     ",5.10,75.06,5.38
1598,539338245,"01598M08:11:01.120","01598 07:23:49",212.41,897.55,,,,"     ",5.10,75.62,5.42
1598,539338246,"01598M08:11:02.093","01598 07:23:50",212.48,897.57,,,,"     ",5.10,74.93,5.37
1598,539338247,"01598M08:11:03.066","01598 07:23:51",212.54,897.56,,,,"     ",5.10,75.15,5.39
1598,539338248,"01598M08:11:04.039","01598 07:23:52",212.59,897.56,,,,"     ",5.10,75.31,5.40
1598,539338249,"01598M08:11:05.013","01598 07:23:53",212.59,897.63,,,,"     ",5.10,75.35,5.41
1598,539338250,"01598M08:11:05.986","01598 07:23:54",212.46,897.65,,,,"     ",5.10,75.22,5.39
1598,539338251,"01598M08:11:06.959","01598 07:23:55",212.34,897.66,,,,"     ",5.10,75.83,5.44
1598,539338252,"01598M08:11:07.932","01598 07:23:55",212.23,897.67,,,,"     ",5.10,75.50,5.41
1598,539338253,"01598M08:11:08.906","01598 07:23:56",212.15,897.65,,,,"     ",5.10,75.17,5.39
1598,539338254,"01598M08:11:09.879","01598 07:23:57",212.08,897.64,,,,"     ",5.10,75.32,5.40
1598,539338255,"01598M08:11:10.852","01598 07:23:58",212.04,897.77,,,,"     ",5.10,75.18,5.39
1598,539338256,"01598M08:11:11.825","01598 07:23:59",212.02,897.75,,,,"     ",5.10,75.25,5.40
1598,539338257,"01598M08:11:12.799","01598 07:24:00",212.01,897.78,,,,"     ",5.10,75.36,5.40
1598,539338258,"01598M08:11:13.772","01598 07:24:01",212.03,897.87,,,,"     ",5.10,75.15,5.39
1598,539338259,"01598M08:11:14.745","01598 07:24:02",212.06,897.90,,,,"     ",5.10,75.46,5.41
1598,539338260,"01598M08:11:15.718","01598 07:24:03",212.11,897.86,,,,"     ",5.10,75.68,5.43
1598,539338261,"01598M08:11:16.692","01598 07:24:04",212.21,897.82,,,,"     ",5.10,75.46,5.41
1598,539338262,"01598M08:11:17.665","01598 07:24:05",212.31,897.84,,,,"     ",5.10,75.57,5.42
1598,539338263,"01598M08:11:18.638","01598 07:24:06",212.33,897.84,,,,"     ",5.10,75.62,5.42
1598,539338264,"01598M08:11:19.612","01598 07:24:07",212.29,897.81,,,,"     ",5.10,75.44,5.41
1598,539338265,"01598M08:11:20.585","01598 07:24:08",212.26,897.75,,,,"     ",5.10,75.04,5.38
1598,539338266,"01598M08:11:21.558","01598 07:24:09",212.24,897.71,,,,"     ",5.10,75.07,5.38
1598,539338267,"01598M08:11:22.531","01598 07:24:10",212.24,897.88,,,,"     ",5.10,75.81,5.43
1598,539338268,"01598M08:11:23.505","01598 07:24:11",212.26,897.76,,,,"     ",5.10,75.22,5.39
1598,539338269,"01598M08:11:24.478","01598 07:24:12",212.29,897.75,,,,"     ",5.10,75.17,5.38
1598,539338270,"01598M08:11:25.451","01598 07:24:13",212.34,897.78,,,,"     ",5.10,75.30,5.39
1598,539338271,"01598M08:11:26.424","01598 07:24:14",212.40,897.80,,,,"     ",5.10,75.14,5.38
1598,539338272,"01598M08:11:27.398","01598 07:24:15",212.45,897.77,,,,"     ",5.10,75.75,5.42
1598,539338273,"01598M08:11:28.371","01598 07:24:16",212.51,897.73,,,,"     ",5.10,75.17,5.38
1598,539338274,"01598M08:11:29.344","01598 07:24:17",212.57,897.74,,,,"     ",5.10,75.30,5.39
1598,539338275,"01598M08:11:30.317","01598 07:24:18",212.64,897.72,,,,"     ",5.10,75.34,5.39
1598,539338276,"01598M08:11:31.291","01598 07:24:19",212.70,897.75,,,,"     ",5.10,75.15,5.38
1598,539338277,"01598M08:11:32.264","01598 07:24:20",212.77,897.75,,,,"     ",5.10,75.40,5.39
1598,539338278,"01598M08:11:33.237","01598 07:24:21",212.84,897.68,,,,"     ",5.10,75.45,5.39
1598,539338279,"01598M08:11:34.210","01598 07:24:22",212.90,897.68,,,,"     ",5.10,75.18,5.37
1598,539338280,"01598M08:11:35.184","01598 07:24:23",212.94,897.66,,,,"     ",5.10,75.09,5.36
1598,539338281,"01598M08:11:36.157","01598 07:24:24",212.96,897.70,,,,"     ",5.10,75.21,5.37
1598,539338282,"01598M08:11:37.130","01598 07:24:25",212.97,897.59,,,,"     ",5.10,74.73,5.33
1598,539338283,"01598M08:11:38.103","01598 07:24:26",212.95,897.58,,,,"     ",5.10,74.91,5.35
1598,539338284,"01598M08:11:39.077","01598 07:24:27",212.92,897.57,,,,"     ",5.10,75.53,5.39
1598,539338285,"01598M08:11:40.050","01598 07:24:28",212.89,897.66,,,,"     ",5.10,74.97,5.35
1598,539338286,"01598M08:11:41.023","01598 07:24:29",212.85,897.74,,,,"     ",5.10,74.77,5.33
1598,539338287,"01598M08:11:41.996","01598 07:24:30",212.81,897.73,,,,"     ",5.10,74.80,5.33
1598,539338288,"01598M08:11:42.970","01598 07:24:31",212.77,897.72,,,,"     ",5.10,74.68,5.32
1598,539338289,"01598M08:11:43.943","01598 07:24:31",212.73,897.72,,,,"     ",5.10,74.81,5.33
1598,539338290,"01598M08:11:44.916","01598 07:24:32",212.69,897.68,,,,"     ",5.10,75.01,5.34
1598,539338291,"01598M08:11:45.889","01598 07:24:33",212.66,897.73,,,,"     ",5.10,74.90,5.33
1598,539338292,"01598M08:11:46.863","01598 07:24:34",212.63,897.73,,,,"     ",5.10,75.00,5.34
1598,539338293,"01598M08:11:47.836","01598 07:24:35",212.62,897.72,,,,"     ",5.10,74.87,5.33
1598,539338294,"01598M08:11:48.809","01598 07:24:36",212.62,897.69,,,,"     ",5.10,74.96,5.33
1598,539338295,"01598M08:11:49.782","01598 07:24:37",212.63,897.76,,,,"     ",5.10,75.11,5.34
1598,539338296,"01598M08:11:50.756","01598 07:24:38",212.65,897.81,,,,"     ",5.10,74.63,5.31
1598,539338297,"01598M08:11:51.729","01598 07:24:39",212.68,897.86,,,,"     ",5.10,74.44,5.29
1598,539338298,"01598M08:11:52.702","01598 07:24:40",212.69,897.81,,,,"     ",5.10,74.80,5.32
1598,539338299,"01598M08:11:53.675","01598 07:24:41",212.70,897.79,,,,"     ",5.10,74.82,5.31
1598,539338300,"01598M08:11:54.649","01598 07:24:42",212.70,897.74,,,,"     ",5.10,74.39,5.28
1598,539338301,"01598M08:11:55.622","01598 07:24:43",212.66,897.71,,,,"     ",5.10,74.76,5.31
1598,539338302,"01598M08:11:56.595","01598 07:24:44",212.60,897.79,,,,"     ",5.10,74.70,5.30
1598,539338303,"01598M08:11:57.568","01598 07:24:45",212.57,897.82,,,,"     ",5.10,74.74,5.30
1598,539338304,"01598M08:11:58.542","01598 07:24:46",212.55,897.82,,,,"     ",5.10,74.03,5.25
1598,539338305,"01598M08:11:59.515","01598 07:24:47",212.54,897.75,,,,"     ",5.10,74.36,5.27
1598,539338306,"01598M08:12:00.488","01598 07:24:48",212.55,897.81,,,,"     ",5.10,74.55,5.28
1598,539338307,"01598M08:12:01.461","01598 07:24:49",212.57,897.82,,,,"     ",5.10,74.59,5.28
1598,539338308,"01598M08:12:02.435","01598 07:24:50",212.61,897.85,,,,"     ",5.10,74.63,5.29
1598,539338309,"01598M08:12:03.408","01598 07:24:51",212.65,897.82,,,,"     ",5.10,74.36,5.26
1598,539338310,"01598M08:12:04.381","01598 07:24:52",212.64,897.82,,,,"     ",5.10,74.43,5.27
1598,539338311,"01598M08:12:05.354","01598 07:24:53",212.63,897.81,,,,"     ",5.10,74.45,5.27
1598,539338312,"01598M08:12:06.328","01598 07:24:54",212.61,897.79,,,,"     ",5.10,74.39,5.26
1598,539338313,"01598M08:12:07.301","01598 07:24:55",212.59,897.78,,,,"     ",5.10,74.56,5.27
1598,539338314,"01598M08:12:08.274","01598 07:24:56",212.57,897.83,,,,"     ",5.10,74.23,5.25
1598,539338315,"01598M08:12:09.247","01598 07:24:57",212.55,897.77,,,,"     ",5.10,74.86,5.29
1598,539338316,"01598M08:12:10.221","01598 07:24:58",212.53,897.79,,,,"     ",5.10,74.34,5.25
1598,539338317,"01598M08:12:11.194","01598 07:24:59",212.52,897.71,,,,"     ",5.10,74.78,5.28
1598,539338318,"01598M08:12:12.167","01598 07:25:00",212.51,897.78,,,,"     ",5.10,74.77,5.28
1598,539338319,"01598M08:12:13.140","01598 07:25:01",212.52,897.78,,,,"     ",5.10,74.72,5.27
1598,539338320,"01598M08:12:14.114","01598 07:25:02",212.54,897.86,,,,"     ",5.10,74.69,5.27
1598,539338321,"01598M08:12:15.087","01598 07:25:03",212.56,897.81,,,,"     ",5.10,74.51,5.26
1598,539338322,"01598M08:12:16.060","01598 07:25:04",212.57,897.81,,,,"     ",5.10,74.71,5.27
1598,539338323,"01598M08:12:17.033","01598 07:25:05",212.58,897.84,,,,"     ",5.10,74.52,5.25
1598,539338324,"01598M08:12:18.007","01598 07:25:06",212.57,897.82,,,,"     ",5.10,74.68,5.26
1598,539338325,"01598M08:12:18.980","01598 07:25:07",212.56,897.93,,,,"     ",5.10,74.97,5.28
1598,539338326,"01598M08:12:19.953","01598 07:25:07",212.53,897.81,,,,"     ",5.10,74.93,5.28
1598,539338327,"01598M08:12:20.926","01598 07:25:08",212.50,897.91,,,,"     ",5.10,74.80,5.27
1598,539338328,"01598M08:12:21.900","01598 07:25:09",212.49,897.91,,,,"     ",5.10,74.87,5.27
1598,539338329,"01598M08:12:22.873","01598 07:25:10",212.49,897.88,,,,"     ",5.10,75.36,5.31
1598,539338330,"01598M08:12:23.846","01598 07:25:11",212.43,897.82,,,,"     ",5.10,75.09,5.28
1598,539338331,"01598M08:12:24.819","01598 07:25:12",212.39,897.87,,,,"     ",5.10,75.16,5.29
1598,539338332,"01598M08:12:25.793","01598 07:25:13",212.40,897.83,,,,"     ",5.10,75.07,5.28
1598,539338333,"01598M08:12:26.766","01598 07:25:14",212.45,897.76,,,,"     ",5.10,74.89,5.27
1598,539338334,"01598M08:12:27.739","01598 07:25:15",212.55,897.83,,,,"     ",5.10,74.75,5.26
1598,539338335,"01598M08:12:28.712","01598 07:25:16",212.58,897.78,,,,"     ",5.10,75.02,5.27
1598,539338336,"01598M08:12:29.686","01598 07:25:17",212.60,897.78,,,,"     ",5.10,74.86,5.26
1598,539338337,"01598M08:12:30.659","01598 07:25:18",212.61,897.78,,,,"     ",5.10,75.11,5.28
1598,539338338,"01598M08:12:31.632","01598 07:25:19",212.60,897.76,,,,"     ",5.10,74.79,5.25
1598,539338339,"01598M08:12:32.606","01598 07:25:20",212.58,897.82,,,,"     ",5.10,74.35,5.22
1598,539338340,"01598M08:12:33.579","01598 07:25:21",212.53,897.83,,,,"     ",5.10,75.12,5.27
1598,539338341,"01598M08:12:34.552","01598 07:25:22",212.47,897.84,,,,"     ",5.10,75.30,5.29
1598,539338342,"01598M08:12:35.525","01598 07:25:23",212.43,897.71,,,,"     ",5.10,75.33,5.29
1598,539338343,"01598M08:12:36.499","01598 07:25:24",212.40,897.81,,,,"     ",5.10,75.18,5.28
1598,539338344,"01598M08:12:37.472","01598 07:25:25",212.41,897.75,,,,"     ",5.10,75.07,5.27
1598,539338345,"01598M08:12:38.445","01598 07:25:26",212.43,897.73,,,,"     ",5.10,75.07,5.26
1598,539338346,"01598M08:12:39.418","01598 07:25:27",212.48,897.75,,,,"     ",5.10,74.75,5.24
1598,539338347,"01598M08:12:40.392","01598 07:25:28",212.53,897.79,,,,"     ",5.10,74.33,5.21
1598,539338348,"01598M08:12:41.365","01598 07:25:29",212.58,897.80,,,,"     ",5.10,74.96,5.25
1598,539338349,"01598M08:12:42.338","01598 07:25:30",212.63,897.71,,,,"     ",5.10,75.02,5.26
1598,539338350,"01598M08:12:43.311","01598 07:25:31",212.67,897.71,,,,"     ",5.10,74.56,5.22
1598,539338351,"01598M08:12:44.285","01598 07:25:32",212.72,897.71,,,,"     ",5.10,74.53,5.22
1598,539338352,"01598M08:12:45.258","01598 07:25:33",212.77,897.82,,,,"     ",5.10,74.84,5.24
1598,539338353,"01598M08:12:46.231","01598 07:25:34",212.82,897.71,,,,"     ",5.10,74.42,5.21
1598,539338354,"01598M08:12:47.204","01598 07:25:35",212.88,897.73,,,,"     ",5.10,75.14,5.26
1598,539338355,"01598M08:12:48.178","01598 07:25:36",212.95,897.76,,,,"     ",5.10,75.00,5.25
1598,539338356,"01598M08:12:49.151","01598 07:25:37",213.01,897.71,,,,"     ",5.10,74.82,5.23
1598,539338357,"01598M08:12:50.124","01598 07:25:38",213.07,897.78,,,,"     ",5.10,75.18,5.26
1598,539338358,"01598M08:12:51.097","01598 07:25:39",213.12,897.75,,,,"     ",5.10,74.76,5.23
1598,539338359,"01598M08:12:52.071","01598 07:25:40",213.15,897.79,,,,"     ",5.10,75.01,5.24
1598,539338360,"01598M08:12:53.044","01598 07:25:41",213.17,897.83,,,,"     ",5.10,74.91,5.23
1598,539338361,"01598M08:12:54.017","01598 07:25:42",213.18,897.86,,,,"     ",5.10,74.65,5.21
1598,539338362,"01598M08:12:54.990","01598 07:25:43",213.18,897.78,,,,"     ",5.10,74.45,5.19
1598,539338363,"01598M08:12:55.964","01598 07:25:43",213.17,897.83,,,,"     ",5.10,75.31,5.26
1598,539338364,"01598M08:12:56.937","01598 07:25:44",213.13,897.78,,,,"     ",5.10,74.87,5.22
1598,539338365,"01598M08:12:57.910","01598 07:25:45",213.10,897.75,,,,"     ",5.10,74.95,5.22
1598,539338366,"01598M08:12:58.883","01598 07:25:46",213.07,897.77,,,,"     ",5.10,74.30,5.18
1598,539338367,"01598M08:12:59.857","01598 07:25:47",213.03,897.74,,,,"     ",5.10,74.78,5.21
1598,539338368,"01598M08:13:00.830","01598 07:25:48",212.99,897.72,,,,"     ",5.10,74.84,5.21
1598,539338369,"01598M08:13:01.803","01598 07:25:49",212.94,897.66,,,,"     ",5.10,75.35,5.25
1598,539338370,"01598M08:13:02.776","01598 07:25:50",212.88,897.69,,,,"     ",5.10,74.82,5.21
1598,539338371,"01598M08:13:03.750","01598 07:25:51",212.85,897.76,,,,"     ",5.10,74.76,5.20
1598,539338372,"01598M08:13:04.723","01598 07:25:52",212.85,897.80,,,,"     ",5.10,75.03,5.22
1598,539338373,"01598M08:13:05.696","01598 07:25:53",212.88,897.76,,,,"     ",5.10,74.98,5.21
1598,539338374,"01598M08:13:06.669","01598 07:25:54",212.95,897.69,,,,"     ",5.10,74.94,5.21
1598,539338375,"01598M08:13:07.643","01598 07:25:55",213.02,897.72,,,,"     ",5.10,75.62,5.25
1598,539338376,"01598M08:13:08.616","01598 07:25:56",213.11,897.74,,,,"     ",5.10,75.04,5.21
1598,539338377,"01598M08:13:09.589","01598 07:25:57",213.22,897.74,,,,"     ",5.10,75.33,5.23
1598,539338378,"01598M08:13:10.562","01598 07:25:58",213.34,897.71,,,,"     ",5.10,75.41,5.23
1598,539338379,"01598M08:13:11.536","01598 07:25:59",213.48,897.75,,,,"     ",5.10,75.46,5.23
1598,539338380,"01598M08:13:12.509","01598 07:26:00",213.62,897.61,,,,"     ",5.10,75.45,5.23
1598,539338381,"01598M08:13:13.482","01598 07:26:01",213.76,897.69,,,,"     ",5.10,75.35,5.22
1598,539338382,"01598M08:13:14.455","01598 07:26:02",213.89,897.69,,,,"     ",5.10,75.41,5.22
1598,539338383,"01598M08:13:15.429","01598 07:26:03",214.02,897.70,,,,"     ",5.10,75.39,5.22
1598,539338384,"01598M08:13:16.402","01598 07:26:04",214.13,897.63,,,,"     ",5.10,75.89,5.25
1598,539338385,"01598M08:13:17.375","01598 07:26:05",214.22,897.75,,,,"     ",5.10,75.89,5.25
1598,539338386,"01598M08:13:18.348","01598 07:26:06",214.30,897.68,,,,"     ",5.10,75.39,5.21
1598,539338387,"01598M08:13:19.322","01598 07:26:07",214.38,897.67,,,,"     ",5.10,75.69,5.23
1598,539338388,"01598M08:13:20.295","01598 07:26:08",214.44,897.67,,,,"     ",5.10,75.68,5.22
1598,539338389,"01598M08:13:21.268","01598 07:26:09",214.49,897.68,,,,"     ",5.10,75.95,5.24
1598,539338390,"01598M08:13:22.241","01598 07:26:10",214.54,897.69,,,,"     ",5.10,75.90,5.23
1598,539338391,"01598M08:13:23.215","01598 07:26:11",214.60,897.64,,,,"     ",5.10,76.06,5.24
1598,539338392,"01598M08:13:24.188","01598 07:26:12",214.65,897.62,,,,"     ",5.10,75.55,5.20
1598,539338393,"01598M08:13:25.161","01598 07:26:13",214.70,897.66,,,,"     ",5.10,76.04,5.23
1598,539338394,"01598M08:13:26.134","01598 07:26:14",214.75,897.67,,,,"     ",5.10,76.30,5.25
1598,539338395,"01598M08:13:27.108","01598 07:26:15",214.79,897.72,,,,"     ",5.10,76.09,5.23
1598,539338396,"01598M08:13:28.081","01598 07:26:16",214.82,897.72,,,,"     ",5.10,76.35,5.24
1598,539338397,"01598M08:13:29.054","01598 07:26:17",214.86,897.71,,,,"     ",5.10,76.88,5.28
1598,539338398,"01598M08:13:30.027","01598 07:26:18",214.91,897.71,,,,"     ",5.10,76.56,5.25
1598,539338399,"01598M08:13:31.001","01598 07:26:19",214.97,897.74,,,,"     ",5.10,76.84,5.27
1598,539338400,"01598M08:13:31.974","01598 07:26:19",215.04,897.70,,,,"     ",5.10,76.71,5.25
1598,539338401,"01598M08:13:32.947","01598 07:26:20",215.09,897.74,,,,"     ",5.10,76.29,5.22
1598,539338402,"01598M08:13:33.920","01598 07:26:21",215.13,897.73,,,,"     ",5.10,76.98,5.27
1598,539338403,"01598M08:13:34.894","01598 07:26:22",215.15,897.71,,,,"     ",5.10,77.10,5.27
1598,539338404,"01598M08:13:35.867","01598 07:26:23",215.16,897.71,,,,"     ",5.10,76.79,5.25
1598,539338405,"01598M08:13:36.840","01598 07:26:24",215.15,897.72,,,,"     ",5.10,76.55,5.23
1598,539338406,"01598M08:13:37.813","01598 07:26:25",215.14,897.66,,,,"     ",5.10,76.80,5.24
1598,539338407,"01598M08:13:38.787","01598 07:26:26",215.15,897.70,,,,"     ",5.10,76.68,5.23
1598,539338408,"01598M08:13:39.760","01598 07:26:27",215.18,897.64,,,,"     ",5.10,76.56,5.22
1598,539338409,"01598M08:13:40.733","01598 07:26:28",215.24,897.69,,,,"     ",5.10,76.85,5.23
1598,539338410,"01598M08:13:41.707","01598 07:26:29",215.32,897.73,,,,"     ",5.10,76.93,5.23
1598,539338411,"01598M08:13:42.680","01598 07:26:30",215.43,897.69,,,,"     ",5.10,76.51,5.20
1598,539338412,"01598M08:13:43.653","01598 07:26:31",215.54,897.64,,,,"     ",5.10,77.11,5.24
1598,539338413,"01598M08:13:44.626","01598 07:26:32",215.65,897.66,,,,"     ",5.10,77.12,5.23
1598,539338414,"01598M08:13:45.600","01598 07:26:33",215.77,897.68,,,,"     ",5.10,77.00,5.23
1598,539338415,"01598M08:13:46.573","01598 07:26:34",215.87,897.65,,,,"     ",5.10,76.79,5.21
1598,539338416,"01598M08:13:47.546","01598 07:26:35",215.97,897.58,,,,"     ",5.10,76.90,5.21
1598,539338417,"01598M08:13:48.519","01598 07:26:36",216.07,897.60,,,,"     ",5.10,76.94,5.21
1598,539338418,"01598M08:13:49.493","01598 07:26:37",216.15,897.61,,,,"     ",5.10,77.23,5.23
1598,539338419,"01598M08:13:50.466","01598 07:26:38",216.21,897.61,,,,"     ",5.10,76.97,5.20
1598,539338420,"01598M08:13:51.439","01598 07:26:39",216.25,897.64,,,,"     ",5.10,77.31,5.22
1598,539338421,"01598M08:13:52.412","01598 07:26:40",216.25,897.63,,,,"     ",5.10,76.93,5.19
1598,539338422,"01598M08:13:53.386","01598 07:26:41",216.22,897.63,,,,"     ",5.10,77.09,5.20
1598,539338423,"01598M08:13:54.359","01598 07:26:42",216.16,897.61,,,,"     ",5.10,77.17,5.20
1598,539338424,"01598M08:13:55.332","01598 07:26:43",216.10,897.62,,,,"     ",5.10,77.23,5.20
1598,539338425,"01598M08:13:56.305","01598 07:26:44",216.06,897.67,,,,"     ",5.10,77.38,5.21
1598,539338426,"01598M08:13:57.279","01598 07:26:45",216.03,897.54,,,,"     ",5.10,76.97,5.17
1598,539338427,"01598M08:13:58.252","01598 07:26:46",216.03,897.62,,,,"     ",5.10,77.17,5.18
1598,539338428,"01598M08:13:59.225","01598 07:26:47",216.05,897.65,,,,"     ",5.10,77.29,5.19
1598,539338429,"01598M08:14:00.198","01598 07:26:48",216.10,897.66,,,,"     ",5.10,77.50,5.20
1598,539338430,"01598M08:14:01.172","01598 07:26:49",216.19,897.65,,,,"     ",5.10,77.24,5.18
1598,539338431,"01598M08:14:02.145","01598 07:26:50",216.29,897.66,,,,"     ",5.10,77.48,5.19
1598,539338432,"01598M08:14:03.118","01598 07:26:51",216.41,897.63,,,,"     ",5.10,77.27,5.17
1598,539338433,"01598M08:14:04.091","01598 07:26:52",216.55,897.67,,,,"     ",5.10,77.35,5.17
1598,539338434,"01598M08:14:05.065","01598 07:26:53",216.69,897.63,,,,"     ",5.10,77.42,5.17
1598,539338435,"01598M08:14:06.038","01598 07:26:54",216.85,897.59,,,,"     ",5.10,76.75,5.12
1598,539338436,"01598M08:14:07.011","01598 07:26:55",217.02,897.55,,,,"     ",5.10,77.06,5.14
1598,539338437,"01598M08:14:07.984","01598 07:26:56",217.20,897.58,,,,"     ",5.10,77.25,5.15
1598,539338438,"01598M08:14:08.958","01598 07:26:56",217.36,897.62,,,,"     ",5.10,77.62,5.17
1598,539338439,"01598M08:14:09.931","01598 07:26:57",217.50,897.59,,,,"     ",5.10,77.28,5.14
1598,539338440,"01598M08:14:10.904","01598 07:26:58",217.60,897.54,,,,"     ",5.10,77.14,5.13
1598,539338441,"01598M08:14:11.877","01598 07:26:59",217.65,897.58,,,,"     ",5.10,77.62,5.15
1598,539338442,"01598M08:14:12.851","01598 07:27:00",217.66,897.62,,,,"     ",5.10,77.59,5.15
1598,539338443,"01598M08:14:13.824","01598 07:27:01",217.61,897.61,,,,"     ",5.10,77.81,5.16
1598,539338444,"01598M08:14:14.797","01598 07:27:02",217.52,897.59,,,,"     ",5.10,77.21,5.11
1598,539338445,"01598M08:14:15.770","01598 07:27:03",217.40,897.63,,,,"     ",5.10,78.03,5.16
1598,539338446,"01598M08:14:16.744","01598 07:27:04",217.26,897.67,,,,"     ",5.10,77.92,5.15
1598,539338447,"01598M08:14:17.717","01598 07:27:05",217.13,897.66,,,,"     ",5.10,77.75,5.14
1598,539338448,"01598M08:14:18.690","01598 07:27:06",216.99,897.68,,,,"     ",5.10,77.71,5.13
1598,539338449,"01598M08:14:19.663","01598 07:27:07",216.89,897.55,,,,"     ",5.10,78.29,5.16
1598,539338450,"01598M08:14:20.637","01598 07:27:08",216.82,897.63,,,,"     ",5.10,77.91,5.13
1598,539338451,"01598M08:14:21.610","01598 07:27:09",216.78,897.68,,,,"     ",5.10,77.90,5.13
1598,539338452,"01598M08:14:22.583","01598 07:27:10",216.76,897.63,,,,"     ",5.10,77.78,5.11
1598,539338453,"01598M08:14:23.556","01598 07:27:11",216.78,897.59,,,,"     ",5.10,77.77,5.11
1598,539338454,"01598M08:14:24.530","01598 07:27:12",216.83,897.57,,,,"     ",5.10,77.79,5.11
1598,539338455,"01598M08:14:25.503","01598 07:27:13",216.91,897.55,,,,"     ",5.10,78.14,5.13
1598,539338456,"01598M08:14:26.476","01598 07:27:14",217.01,897.49,,,,"     ",5.10,77.68,5.09
1598,539338457,"01598M08:14:27.449","01598 07:27:15",217.12,897.54,,,,"     ",5.10,78.13,5.12
1598,539338458,"01598M08:14:28.423","01598 07:27:16",217.22,897.52,,,,"     ",5.10,78.01,5.11
1598,539338459,"01598M08:14:29.396","01598 07:27:17",217.29,897.54,,,,"     ",5.10,78.09,5.11
1598,539338460,"01598M08:14:30.369","01598 07:27:18",217.34,897.52,,,,"     ",5.10,77.97,5.10
1598,539338461,"01598M08:14:31.342","01598 07:27:19",217.35,897.54,,,,"     ",5.10,78.15,5.11
1598,539338462,"01598M08:14:32.316","01598 07:27:20",217.36,897.52,,,,"     ",5.10,77.86,5.08
1598,539338463,"01598M08:14:33.289","01598 07:27:21",217.35,897.55,,,,"     ",5.10,78.40,5.12
1598,539338464,"01598M08:14:34.262","01598 07:27:22",217.35,897.52,,,,"     ",5.10,78.33,5.11
1598,539338465,"01598M08:14:35.235","01598 07:27:23",217.35,897.54,,,,"     ",5.10,78.22,5.10
1598,539338466,"01598M08:14:36.209","01598 07:27:24",217.37,897.46,,,,"     ",5.10,78.46,5.12
1598,539338467,"01598M08:14:37.182","01598 07:27:25",217.41,897.50,,,,"     ",5.10,78.43,5.11
1598,539338468,"01598M08:14:38.155","01598 07:27:26",217.45,897.54,,,,"     ",5.10,78.44,5.11
1598,539338469,"01598M08:14:39.128","01598 07:27:27",217.48,897.61,,,,"     ",5.10,78.72,5.12
1598,539338470,"01598M08:14:40.102","01598 07:27:28",217.51,897.58,,,,"     ",5.10,78.22,5.09
1598,539338471,"01598M08:14:41.075","01598 07:27:29",217.55,897.59,,,,"     ",5.10,78.67,5.12
1598,539338472,"01598M08:14:42.048","01598 07:27:30",217.58,897.60,,,,"     ",5.10,78.15,5.08
1598,539338473,"01598M08:14:43.021","01598 07:27:31",217.60,897.60,,,,"     ",5.10,78.36,5.09
1598,539338474,"01598M08:14:43.995","01598 07:27:32",217.60,897.51,,,,"     ",5.10,78.78,5.11
1598,539338475,"01598M08:14:44.968","01598 07:27:32",217.60,897.54,,,,"     ",5.10,78.57,5.09
1598,539338476,"01598M08:14:45.941","01598 07:27:33",217.58,897.62,,,,"     ",5.10,78.37,5.08
1598,539338477,"01598M08:14:46.914","01598 07:27:34",217.54,897.52,,,,"     ",5.10,78.54,5.09
1598,539338478,"01598M08:14:47.888","01598 07:27:35",217.49,897.55,,,,"     ",5.10,78.36,5.07
1598,539338479,"01598M08:14:48.861","01598 07:27:36",217.43,897.54,,,,"     ",5.10,78.31,5.07
1598,539338480,"01598M08:14:49.834","01598 07:27:37",217.38,897.53,,,,"     ",5.10,78.81,5.10
1598,539338481,"01598M08:14:50.808","01598 07:27:38",217.35,897.58,,,,"     ",5.10,78.49,5.07
1598,539338482,"01598M08:14:51.781","01598 07:27:39",217.34,897.55,,,,"     ",5.10,78.92,5.10
1598,539338483,"01598M08:14:52.754","01598 07:27:40",217.36,897.56,,,,"     ",5.10,79.22,5.12
1598,539338484,"01598M08:14:53.727","01598 07:27:41",217.40,897.57,,,,"     ",5.10,79.07,5.10
1598,539338485,"01598M08:14:54.701","01598 07:27:42",217.44,897.54,,,,"     ",5.10,79.05,5.10
1598,539338486,"01598M08:14:55.674","01598 07:27:43",217.47,897.54,,,,"     ",5.10,78.76,5.07
1598,539338487,"01598M08:14:56.647","01598 07:27:44",217.51,897.55,,,,"     ",5.10,78.84,5.07
1598,539338488,"01598M08:14:57.620","01598 07:27:45",217.56,897.49,,,,"     ",5.10,78.71,5.06
1598,539338489,"01598M08:14:58.594","01598 07:27:46",217.63,897.44,,,,"     ",5.10,79.20,5.09
1598,539338490,"01598M08:14:59.567","01598 07:27:47",217.72,897.53,,,,"     ",5.10,79.21,5.09
1598,539338491,"01598M08:15:00.540","01598 07:27:48",217.84,897.45,,,,"     ",5.10,79.25,5.09
1598,539338492,"01598M08:15:01.513","01598 07:27:49",217.95,897.59,,,,"     ",5.10,79.26,5.09
1598,539338493,"01598M08:15:02.487","01598 07:27:50",218.05,897.52,,,,"     ",5.10,78.99,5.07
1598,539338494,"01598M08:15:03.460","01598 07:27:51",218.11,897.54,,,,"     ",5.10,79.42,5.09
1598,539338495,"01598M08:15:04.433","01598 07:27:52",218.15,897.53,,,,"     ",5.10,78.83,5.05
1598,539338496,"01598M08:15:05.406","01598 07:27:53",218.18,897.49,,,,"     ",5.10,79.56,5.09
1598,539338497,"01598M08:15:06.380","01598 07:27:54",218.19,897.52,,,,"     ",5.10,79.77,5.10
1598,539338498,"01598M08:15:07.353","01598 07:27:55",218.18,897.58,,,,"     ",5.10,79.52,5.08
1598,539338499,"01598M08:15:08.326","01598 07:27:56",218.15,897.53,,,,"     ",5.10,79.44,5.07
1598,539338500,"01598M08:15:09.299","01598 07:27:57",218.10,897.52,,,,"     ",5.10,79.31,5.06
1598,539338501,"01598M08:15:10.273","01598 07:27:58",218.02,897.48,,,,"     ",5.10,79.53,5.07
1598,539338502,"01598M08:15:11.246","01598 07:27:59",217.92,897.43,,,,"     ",5.10,79.70,5.08
1598,539338503,"01598M08:15:12.219","01598 07:28:00",217.80,897.48,,,,"     ",5.10,79.63,5.07
1598,539338504,"01598M08:15:13.192","01598 07:28:01",217.68,897.53,,,,"     ",5.10,80.05,5.10
1598,539338505,"01598M08:15:14.166","01598 07:28:02",217.58,897.48,,,,"     ",5.10,79.45,5.06
1598,539338506,"01598M08:15:15.139","01598 07:28:03",217.50,897.48,,,,"     ",5.10,79.54,5.06
1598,539338507,"01598M08:15:16.112","01598 07:28:04",217.44,897.53,,,,"     ",5.10,79.60,5.06
1598,539338508,"01598M08:15:17.085","01598 07:28:05",217.40,897.54,,,,"     ",5.10,79.11,5.02
1598,539338509,"01598M08:15:18.059","01598 07:28:06",217.36,897.60,,,,"     ",5.10,79.74,5.07
1598,539338510,"01598M08:15:19.032","01598 07:28:07",217.33,897.47,,,,"     ",5.10,80.06,5.08
1598,539338511,"01598M08:15:20.005","01598 07:28:08",217.29,897.53,,,,"     ",5.10,80.08,5.08
1598,539338512,"01598M08:15:20.978","01598 07:28:08",217.26,897.42,,,,"     ",5.10,79.71,5.06
1598,539338513,"01598M08:15:21.952","01598 07:28:09",217.26,897.49,,,,"     ",5.10,79.50,5.04
1598,539338514,"01598M08:15:22.925","01598 07:28:10",217.28,897.56,,,,"     ",5.10,79.81,5.06
1598,539338515,"01598M08:15:23.898","01598 07:28:11",217.32,897.50,,,,"     ",5.10,79.77,5.05
1598,539338516,"01598M08:15:24.871","01598 07:28:12",217.39,897.46,,,,"     ",5.10,79.69,5.05
1598,539338517,"01598M08:15:25.845","01598 07:28:13",217.45,897.53,,,,"     ",5.10,79.68,5.04
1598,539338518,"01598M08:15:26.818","01598 07:28:14",217.50,897.53,,,,"     ",5.10,79.89,5.06
1598,539338519,"01598M08:15:27.791","01598 07:28:15",217.53,897.55,,,,"     ",5.10,79.62,5.03
1598,539338520,"01598M08:15:28.764","01598 07:28:16",217.52,897.50,,,,"     ",5.10,79.84,5.05
1598,539338521,"01598M08:15:29.738","01598 07:28:17",217.51,897.48,,,,"     ",5.10,79.77,5.04
1598,539338522,"01598M08:15:30.711","01598 07:28:18",217.50,897.53,,,,"     ",5.10,79.61,5.03
1598,539338523,"01598M08:15:31.684","01598 07:28:19",217.49,897.43,,,,"     ",5.10,79.64,5.03
1598,539338524,"01598M08:15:32.657","01598 07:28:20",217.47,897.50,,,,"     ",5.10,79.93,5.05
1598,539338525,"01598M08:15:33.631","01598 07:28:21",217.43,897.52,,,,"     ",5.10,79.50,5.02
1598,539338526,"01598M08:15:34.604","01598 07:28:22",217.38,897.52,,,,"     ",5.10,79.57,5.02
1598,539338527,"01598M08:15:35.577","01598 07:28:23",217.32,897.52,,,,"     ",5.10,79.81,5.03
1598,539338528,"01598M08:15:36.550","01598 07:28:24",217.25,897.54,,,,"     ",5.10,79.61,5.02
1598,539338529,"01598M08:15:37.524","01598 07:28:25",217.19,897.43,,,,"     ",5.10,79.79,5.03
1598,539338530,"01598M08:15:38.497","01598 07:28:26",217.15,897.45,,,,"     ",5.10,79.78,5.03
1598,539338531,"01598M08:15:39.470","01598 07:28:27",217.14,897.44,,,,"     ",5.10,79.64,5.02
1598,539338532,"01598M08:15:40.443","01598 07:28:28",217.15,897.48,,,,"     ",5.10,79.48,5.00
1598,539338533,"01598M08:15:41.417","01598 07:28:29",217.17,897.55,,,,"     ",5.10,79.69,5.02
1598,539338534,"01598M08:15:42.390","01598 07:28:30",217.19,897.48,,,,"     ",5.10,79.69,5.02
1598,539338535,"01598M08:15:43.363","01598 07:28:31",217.19,897.56,,,,"     ",5.10,79.71,5.02
1598,539338536,"01598M08:15:44.336","01598 07:28:32",217.18,897.47,,,,"     ",5.10,79.89,5.03
1598,539338537,"01598M08:15:45.310","01598 07:28:33",217.18,897.52,,,,"     ",5.10,79.71,5.01
1598,539338538,"01598M08:15:46.283","01598 07:28:34",217.18,897.54,,,,"     ",5.10,80.15,5.04
1598,539338539,"01598M08:15:47.256","01598 07:28:35",217.19,897.48,,,,"     ",5.10,79.92,5.02
1598,539338540,"01598M08:15:48.229","01598 07:28:36",217.22,897.43,,,,"     ",5.10,79.97,5.02
1598,539338541,"01598M08:15:49.203","01598 07:28:37",217.23,897.42,,,,"     ",5.10,79.95,5.02
1598,539338542,"01598M08:15:50.176","01598 07:28:38",217.24,897.54,,,,"     ",5.10,79.96,5.02
1598,539338543,"01598M08:15:51.149","01598 07:28:39",217.23,897.51,,,,"     ",5.10,79.91,5.02
1598,539338544,"01598M08:15:52.122","01598 07:28:40",217.21,897.41,,,,"     ",5.10,80.02,5.02
1598,539338545,"01598M08:15:53.096","01598 07:28:41",217.19,897.46,,,,"     ",5.10,79.88,5.01
1598,539338546,"01598M08:15:54.069","01598 07:28:42",217.16,897.50,,,,"     ",5.10,80.08,5.03
1598,539338547,"01598M08:15:55.042","01598 07:28:43",217.12,897.56,,,,"     ",5.10,80.24,5.03
1598,539338548,"01598M08:15:56.015","01598 07:28:44",217.08,897.52,,,,"     ",5.10,79.92,5.01
1598,539338549,"01598M08:15:56.989","01598 07:28:44",217.02,897.54,,,,"     ",5.10,80.10,5.02
1598,539338550,"01598M08:15:57.962","01598 07:28:45",216.96,897.49,,,,"     ",5.10,80.29,5.03
1598,539338551,"01598M08:15:58.935","01598 07:28:46",216.89,897.52,,,,"     ",5.10,80.41,5.04
1598,539338552,"01598M08:15:59.909","01598 07:28:47",216.81,897.62,,,,"     ",5.10,80.25,5.03
1598,539338553,"01598M08:16:00.882","01598 07:28:48",216.72,897.62,,,,"     ",5.10,80.24,5.03
1598,539338554,"01598M08:16:01.855","01598 07:28:49",217.09,897.54,,,,"     ",5.10,80.18,5.02
1598,539338555,"01598M08:16:02.828","01598 07:28:50",217.18,897.47,,,,"     ",5.10,80.26,5.02
1598,539338556,"01598M08:16:03.802","01598 07:28:51",217.26,897.53,,,,"     ",5.10,80.20,5.02
1598,539338557,"01598M08:16:04.775","01598 07:28:52",217.34,897.52,,,,"     ",5.10,80.47,5.04
1598,539338558,"01598M08:16:05.748","01598 07:28:53",217.42,897.48,,,,"     ",5.10,80.49,5.04
1598,539338559,"01598M08:16:06.721","01598 07:28:54",217.49,897.52,,,,"     ",5.10,80.66,5.05
1598,539338560,"01598M08:16:07.695","01598 07:28:55",217.57,897.40,,,,"     ",5.10,80.27,5.02
1598,539338561,"01598M08:16:08.668","01598 07:28:56",217.63,897.46,,,,"     ",5.10,81.06,5.07
1598,539338562,"01598M08:16:09.641","01598 07:28:57",217.70,897.43,,,,"     ",5.10,80.19,5.01
1598,539338563,"01598M08:16:10.614","01598 07:28:58",217.75,897.44,,,,"     ",5.10,80.33,5.02
1598,539338564,"01598M08:16:11.588","01598 07:28:59",217.81,897.43,,,,"     ",5.10,80.95,5.05
1598,539338565,"01598M08:16:12.561","01598 07:29:00",217.86,897.41,,,,"     ",5.10,80.40,5.02
1598,539338566,"01598M08:16:13.534","01598 07:29:01",217.91,897.41,,,,"     ",5.10,80.85,5.05
1598,539338567,"01598M08:16:14.507","01598 07:29:02",217.96,897.30,,,,"     ",5.10,80.33,5.01
1598,539338568,"01598M08:16:15.481","01598 07:29:03",218.00,897.35,,,,"     ",5.10,80.62,5.02
1598,539338569,"01598M08:16:16.454","01598 07:29:04",218.04,897.36,,,,"     ",5.10,80.76,5.03
1598,539338570,"01598M08:16:17.427","01598 07:29:05",218.07,897.40,,,,"     ",5.10,80.90,5.04
1598,539338571,"01598M08:16:18.400","01598 07:29:06",218.11,897.45,,,,"     ",5.10,80.72,5.02
1598,539338572,"01598M08:16:19.374","01598 07:29:07",218.14,897.40,,,,"     ",5.10,80.92,5.03
1598,539338573,"01598M08:16:20.347","01598 07:29:08",218.17,897.44,,,,"     ",5.10,81.20,5.05
1598,539338574,"01598M08:16:21.320","01598 07:29:09",218.19,897.51,,,,"     ",5.10,80.97,5.03
1598,539338575,"01598M08:16:22.293","01598 07:29:10",218.22,897.48,,,,"     ",5.10,81.24,5.05
1598,539338576,"01598M08:16:23.267","01598 07:29:11",218.24,897.41,,,,"     ",5.10,81.39,5.06
1598,539338577,"01598M08:16:24.240","01598 07:29:12",218.26,897.42,,,,"     ",5.10,80.86,5.02
1598,539338578,"01598M08:16:25.213","01598 07:29:13",218.28,897.37,,,,"     ",5.10,80.66,5.00
1598,539338579,"01598M08:16:26.186","01598 07:29:14",218.30,897.41,,,,"     ",5.10,81.23,5.04
1598,539338580,"01598M08:16:27.160","01598 07:29:15",218.33,897.42,,,,"     ",5.10,81.02,5.02
1598,539338581,"01598M08:16:28.133","01598 07:29:16",218.35,897.37,,,,"     ",5.10,81.30,5.04
1598,539338582,"01598M08:16:29.106","01598 07:29:17",218.37,897.47,,,,"     ",5.10,81.58,5.05
1598,539338583,"01598M08:16:30.079","01598 07:29:18",218.39,897.47,,,,"     ",5.10,81.00,5.01
1598,539338584,"01598M08:16:31.053","01598 07:29:19",218.41,897.47,,,,"     ",5.10,81.17,5.02
1598,539338585,"01598M08:16:32.026","01598 07:29:20",218.41,897.46,,,,"     ",5.10,81.41,5.03
1598,539338586,"01598M08:16:32.999","01598 07:29:20",218.39,897.49,,,,"     ",5.10,80.76,4.99
1598,539338587,"01598M08:16:33.972","01598 07:29:21",218.36,897.45,,,,"     ",5.10,81.16,5.01
1598,539338588,"01598M08:16:34.946","01598 07:29:22",218.32,897.39,,,,"     ",5.10,81.46,5.03
1598,539338589,"01598M08:16:35.919","01598 07:29:23",218.26,897.30,,,,"     ",5.10,81.29,5.02
1598,539338590,"01598M08:16:36.892","01598 07:29:24",218.19,897.32,,,,"     ",5.10,81.63,5.03
1598,539338591,"01598M08:16:37.865","01598 07:29:25",218.12,897.40,,,,"     ",5.10,81.19,5.00
1598,539338592,"01598M08:16:38.839","01598 07:29:26",218.05,897.39,,,,"     ",5.10,81.41,5.02
1598,539338593,"01598M08:16:39.812","01598 07:29:27",217.98,897.46,,,,"     ",5.10,81.60,5.03
1598,539338594,"01598M08:16:40.785","01598 07:29:28",217.92,897.43,,,,"     ",5.10,81.44,5.01
1598,539338595,"01598M08:16:41.758","01598 07:29:29",217.87,897.47,,,,"     ",5.10,81.28,5.00
1598,539338596,"01598M08:16:42.732","01598 07:29:30",217.82,897.44,,,,"     ",5.10,81.56,5.02
1598,539338597,"01598M08:16:43.705","01598 07:29:31",217.78,897.40,,,,"     ",5.10,81.25,5.00
1598,539338598,"01598M08:16:44.678","01598 07:29:32",217.73,897.38,,,,"     ",5.10,80.92,4.97
1598,539338599,"01598M08:16:45.651","01598 07:29:33",217.68,897.37,,,,"     ",5.10,81.55,5.01
1598,539338600,"01598M08:16:46.625","01598 07:29:34",217.63,897.47,,,,"     ",5.10,81.31,4.99
1598,539338601,"01598M08:16:47.598","01598 07:29:35",217.59,897.36,,,,"     ",5.10,81.39,4.99
1598,539338602,"01598M08:16:48.571","01598 07:29:36",217.56,897.46,,,,"     ",5.10,81.56,5.01
1598,539338603,"01598M08:16:49.544","01598 07:29:37",217.55,897.47,,,,"     ",5.10,81.12,4.98
1598,539338604,"01598M08:16:50.518","01598 07:29:38",217.54,897.41,,,,"     ",5.10,81.12,4.97
1598,539338605,"01598M08:16:51.491","01598 07:29:39",217.55,897.42,,,,"     ",5.10,80.89,4.96
1598,539338606,"01598M08:16:52.464","01598 07:29:40",217.57,897.36,,,,"     ",5.10,81.45,4.99
1598,539338607,"01598M08:16:53.437","01598 07:29:41",217.59,897.36,,,,"     ",5.10,81.44,4.99
1598,539338608,"01598M08:16:54.411","01598 07:29:42",217.61,897.42,,,,"     ",5.10,81.41,4.98
1598,539338609,"01598M08:16:55.384","01598 07:29:43",217.64,897.44,,,,"     ",5.10,81.07,4.96
1598,539338610,"01598M08:16:56.357","01598 07:29:44",217.66,897.41,,,,"     ",5.10,81.40,4.98
1598,539338611,"01598M08:16:57.330","01598 07:29:45",217.67,897.46,,,,"     ",5.10,81.34,4.98
1598,539338612,"01598M08:16:58.304","01598 07:29:46",217.66,897.40,,,,"     ",5.10,81.09,4.96
1598,539338613,"01598M08:16:59.277","01598 07:29:47",217.65,897.40,,,,"     ",5.10,81.44,4.98
1598,539338614,"01598M08:17:00.250","01598 07:29:48",217.62,897.40,,,,"     ",5.10,81.29,4.97
1598,539338615,"01598M08:17:01.223","01598 07:29:49",217.59,897.38,,,,"     ",5.10,81.43,4.98
1598,539338616,"01598M08:17:02.197","01598 07:29:50",217.56,897.39,,,,"     ",5.10,81.33,4.97
1598,539338617,"01598M08:17:03.170","01598 07:29:51",217.53,897.34,,,,"     ",5.10,81.25,4.96
1598,539338618,"01598M08:17:04.143","01598 07:29:52",217.50,897.37,,,,"     ",5.10,81.37,4.97
1598,539338619,"01598M08:17:05.116","01598 07:29:53",217.47,897.43,,,,"     ",5.10,80.95,4.94
1598,539338620,"01598M08:17:06.090","01598 07:29:54",217.45,897.41,,,,"     ",5.10,81.39,4.97
1598,539338621,"01598M08:17:07.063","01598 07:29:55",217.43,897.35,,,,"     ",5.10,81.16,4.95
1598,539338622,"01598M08:17:08.036","01598 07:29:56",217.40,897.31,,,,"     ",5.10,81.61,4.97
1598,539338623,"01598M08:17:09.010","01598 07:29:56",217.38,897.25,,,,"     ",5.10,81.21,4.95
1598,539338624,"01598M08:17:09.983","01598 07:29:57",217.35,897.30,,,,"     ",5.10,81.41,4.96
1598,539338625,"01598M08:17:10.956","01598 07:29:58",217.31,897.40,,,,"     ",5.10,81.47,4.96
1598,539338626,"01598M08:17:11.929","01598 07:29:59",217.26,897.36,,,,"     ",5.10,80.79,4.92
1598,539338627,"01598M08:17:12.903","01598 07:30:00",217.22,897.33,,,,"     ",5.10,81.32,4.95
1598,539338628,"01598M08:17:13.876","01598 07:30:01",217.17,897.35,,,,"     ",5.10,81.34,4.95
1598,539338629,"01598M08:17:14.849","01598 07:30:02",217.12,897.40,,,,"     ",5.10,81.26,4.94
1598,539338630,"01598M08:17:15.822","01598 07:30:03",217.08,897.40,,,,"     ",5.10,81.20,4.94
1598,539338631,"01598M08:17:16.796","01598 07:30:04",217.05,897.41,,,,"     ",5.10,81.22,4.94
1598,539338632,"01598M08:17:17.769","01598 07:30:05",217.03,897.38,,,,"     ",5.10,81.37,4.95
1598,539338633,"01598M08:17:18.742","01598 07:30:06",217.03,897.39,,,,"     ",5.10,80.86,4.91
1598,539338634,"01598M08:17:19.715","01598 07:30:07",217.03,897.27,,,,"     ",5.10,81.15,4.93
1598,539338635,"01598M08:17:20.689","01598 07:30:08",217.06,897.40,,,,"     ",5.10,80.96,4.92
1598,539338636,"01598M08:17:21.662","01598 07:30:09",217.09,897.39,,,,"     ",5.10,81.41,4.94
1598,539338637,"01598M08:17:22.635","01598 07:30:10",217.13,897.42,,,,"     ",5.10,81.15,4.93
1598,539338638,"01598M08:17:23.608","01598 07:30:11",217.18,897.42,,,,"     ",5.10,80.99,4.92
1598,539338639,"01598M08:17:24.582","01598 07:30:12",217.22,897.38,,,,"     ",5.10,81.19,4.93
1598,539338640,"01598M08:17:25.555","01598 07:30:13",217.21,897.31,,,,"     ",5.10,80.97,4.91
1598,539338641,"01598M08:17:26.528","01598 07:30:14",217.15,897.26,,,,"     ",5.10,81.05,4.91
1598,539338642,"01598M08:17:27.501","01598 07:30:15",217.11,897.33,,,,"     ",5.10,80.71,4.89
1598,539338643,"01598M08:17:28.475","01598 07:30:16",217.07,897.32,,,,"     ",5.10,80.93,4.90
1598,539338644,"01598M08:17:29.448","01598 07:30:17",217.05,897.22,,,,"     ",5.10,80.76,4.89
1598,539338645,"01598M08:17:30.421","01598 07:30:18",217.03,897.24,,,,"     ",5.10,80.95,4.90
1598,539338646,"01598M08:17:31.394","01598 07:30:19",217.00,897.32,,,,"     ",5.10,80.52,4.87
1598,539338647,"01598M08:17:32.368","01598 07:30:20",216.97,897.33,,,,"     ",5.10,80.99,4.90
1598,539338648,"01598M08:17:33.341","01598 07:30:21",216.93,897.35,,,,"     ",5.10,80.89,4.89
1598,539338649,"01598M08:17:34.314","01598 07:30:22",216.89,897.28,,,,"     ",5.10,80.63,4.88
1598,539338650,"01598M08:17:35.287","01598 07:30:23",216.86,897.31,,,,"     ",5.10,80.55,4.87
1598,539338651,"01598M08:17:36.261","01598 07:30:24",216.83,897.31,,,,"     ",5.10,81.09,4.90
1598,539338652,"01598M08:17:37.234","01598 07:30:25",216.82,897.38,,,,"     ",5.10,80.67,4.88
1598,539338653,"01598M08:17:38.207","01598 07:30:26",216.82,897.40,,,,"     ",5.10,80.77,4.88
1598,539338654,"01598M08:17:39.180","01598 07:30:27",216.82,897.35,,,,"     ",5.10,80.76,4.88
1598,539338655,"01598M08:17:40.154","01598 07:30:28",216.83,897.35,,,,"     ",5.10,80.74,4.88
1598,539338656,"01598M08:17:41.127","01598 07:30:29",216.84,897.25,,,,"     ",5.10,80.72,4.87
1598,539338657,"01598M08:17:42.100","01598 07:30:30",216.85,897.37,,,,"     ",5.10,80.90,4.88
1598,539338658,"01598M08:17:43.073","01598 07:30:31",216.86,897.35,,,,"     ",5.10,80.83,4.88
1598,539338659,"01598M08:17:44.047","01598 07:30:32",216.86,897.35,,,,"     ",5.10,80.52,4.86
1598,539338660,"01598M08:17:45.020","01598 07:30:32",216.85,897.36,,,,"     ",5.10,80.56,4.86
1598,539338661,"01598M08:17:45.993","01598 07:30:33",216.84,897.32,,,,"     ",5.10,80.74,4.87
1598,539338662,"01598M08:17:46.966","01598 07:30:34",216.81,897.33,,,,"     ",5.10,80.53,4.85
1598,539338663,"01598M08:17:47.940","01598 07:30:35",216.77,897.28,,,,"     ",5.10,80.48,4.85
1598,539338664,"01598M08:17:48.913","01598 07:30:36",216.73,897.33,,,,"     ",5.10,79.96,4.82
1598,539338665,"01598M08:17:49.886","01598 07:30:37",216.69,897.29,,,,"     ",5.10,80.04,4.82
1598,539338666,"01598M08:17:50.859","01598 07:30:38",216.65,897.36,,,,"     ",5.10,79.83,4.81
1598,539338667,"01598M08:17:51.833","01598 07:30:39",216.61,897.31,,,,"     ",5.10,80.54,4.85
1598,539338668,"01598M08:17:52.806","01598 07:30:40",216.57,897.28,,,,"     ",5.10,80.24,4.83
1598,539338669,"01598M08:17:53.779","01598 07:30:41",216.56,897.25,,,,"     ",5.10,80.67,4.85
1598,539338670,"01598M08:17:54.752","01598 07:30:42",216.56,897.30,,,,"     ",5.10,80.20,4.82
1598,539338671,"01598M08:17:55.726","01598 07:30:43",216.56,897.32,,,,"     ",5.10,80.12,4.82
1598,539338672,"01598M08:17:56.699","01598 07:30:44",216.58,897.21,,,,"     ",5.10,80.35,4.83
1598,539338673,"01598M08:17:57.672","01598 07:30:45",216.59,897.28,,,,"     ",5.10,79.91,4.80
1598,539338674,"01598M08:17:58.645","01598 07:30:46",216.60,897.35,,,,"     ",5.10,80.00,4.81
1598,539338675,"01598M08:17:59.619","01598 07:30:47",216.60,897.27,,,,"     ",5.10,79.86,4.80
1598,539338676,"01598M08:18:00.592","01598 07:30:48",216.58,897.32,,,,"     ",5.10,80.69,4.85
1598,539338677,"01598M08:18:01.565","01598 07:30:49",216.56,897.26,,,,"     ",5.10,80.00,4.80
1598,539338678,"01598M08:18:02.538","01598 07:30:50",216.52,897.28,,,,"     ",5.10,80.27,4.82
1598,539338679,"01598M08:18:03.512","01598 07:30:51",216.48,897.23,,,,"     ",5.10,80.20,4.81
1598,539338680,"01598M08:18:04.485","01598 07:30:52",216.44,897.27,,,,"     ",5.10,80.04,4.80
1598,539338681,"01598M08:18:05.458","01598 07:30:53",216.41,897.22,,,,"     ",5.10,80.44,4.82
1598,539338682,"01598M08:18:06.431","01598 07:30:54",216.37,897.24,,,,"     ",5.10,80.31,4.82
1598,539338683,"01598M08:18:07.405","01598 07:30:55",216.33,897.18,,,,"     ",5.10,80.12,4.80
1598,539338684,"01598M08:18:08.378","01598 07:30:56",216.29,897.27,,,,"     ",5.10,79.95,4.79
1598,539338685,"01598M08:18:09.351","01598 07:30:57",216.26,897.24,,,,"     ",5.10,80.07,4.80
1598,539338686,"01598M08:18:10.324","01598 07:30:58",216.22,897.24,,,,"     ",5.10,80.30,4.81
1598,539338687,"01598M08:18:11.298","01598 07:30:59",216.18,897.16,,,,"     ",5.10,80.28,4.81
1598,539338688,"01598M08:18:12.271","01598 07:31:00",216.15,897.27,,,,"     ",5.10,80.31,4.81
1598,539338689,"01598M08:18:13.244","01598 07:31:01",216.13,897.33,,,,"     ",5.10,79.90,4.78
1598,539338690,"01598M08:18:14.217","01598 07:31:02",216.11,897.29,,,,"     ",5.10,80.28,4.80
1598,539338691,"01598M08:18:15.191","01598 07:31:03",216.09,897.35,,,,"     ",5.10,80.43,4.81
1598,539338692,"01598M08:18:16.164","01598 07:31:04",216.07,897.40,,,,"     ",5.10,80.39,4.81
1598,539338693,"01598M08:18:17.137","01598 07:31:05",216.04,897.33,,,,"     ",5.10,79.85,4.77
1598,539338694,"01598M08:18:18.110","01598 07:31:06",216.02,897.30,,,,"     ",5.10,80.37,4.80
1598,539338695,"01598M08:18:19.084","01598 07:31:07",216.00,897.29,,,,"     ",5.10,80.06,4.78
1598,539338696,"01598M08:18:20.057","01598 07:31:08",215.29,897.27,,,,"     ",5.10,80.37,4.80
1598,539338697,"01598M08:18:21.030","01598 07:31:08",215.29,897.27,,,,"     ",5.10,80.13,4.79
1598,539338698,"01598M08:18:22.004","01598 07:31:09",215.30,897.21,,,,"     ",5.10,80.49,4.81
1598,539338699,"01598M08:18:22.977","01598 07:31:10",215.30,897.22,,,,"     ",5.10,80.16,4.79
1598,539338700,"01598M08:18:23.950","01598 07:31:11",215.30,897.23,,,,"     ",5.10,80.04,4.78
1598,539338701,"01598M08:18:24.923","01598 07:31:12",215.28,897.20,,,,"     ",5.10,79.99,4.77
1598,539338702,"01598M08:18:25.897","01598 07:31:13",215.25,897.20,,,,"     ",5.10,80.60,4.81
1598,539338703,"01598M08:18:26.870","01598 07:31:14",215.21,897.17,,,,"     ",5.10,80.12,4.78
1598,539338704,"01598M08:18:27.843","01598 07:31:15",215.16,897.20,,,,"     ",5.10,80.21,4.78
1598,539338705,"01598M08:18:28.816","01598 07:31:16",215.13,897.24,,,,"     ",5.10,80.33,4.79
1598,539338706,"01598M08:18:29.790","01598 07:31:17",215.10,897.29,,,,"     ",5.10,80.11,4.77
1598,539338707,"01598M08:18:30.763","01598 07:31:18",215.08,897.23,,,,"     ",5.10,80.50,4.80
1598,539338708,"01598M08:18:31.736","01598 07:31:19",215.07,897.18,,,,"     ",5.10,80.43,4.79
1598,539338709,"01598M08:18:32.709","01598 07:31:20",215.07,897.18,,,,"     ",5.10,80.27,4.78
1598,539338710,"01598M08:18:33.683","01598 07:31:21",215.06,897.17,,,,"     ",5.10,80.16,4.77
1598,539338711,"01598M08:18:34.656","01598 07:31:22",215.04,897.13,,,,"     ",5.10,80.13,4.77
1598,539338712,"01598M08:18:35.629","01598 07:31:23",215.03,897.15,,,,"     ",5.10,79.85,4.75
1598,539338713,"01598M08:18:36.602","01598 07:31:24",215.02,897.19,,,,"     ",5.10,80.14,4.76
1598,539338714,"01598M08:18:37.576","01598 07:31:25",215.01,897.19,,,,"     ",5.10,80.01,4.76
1598,539338715,"01598M08:18:38.549","01598 07:31:26",215.00,897.16,,,,"     ",5.10,80.40,4.78
1598,539338716,"01598M08:18:39.522","01598 07:31:27",214.99,897.17,,,,"     ",5.10,79.86,4.74
1598,539338717,"01598M08:18:40.495","01598 07:31:28",214.97,897.17,,,,"     ",5.10,80.44,4.78
1598,539338718,"01598M08:18:41.469","01598 07:31:29",214.94,897.18,,,,"     ",5.10,79.77,4.74
1598,539338719,"01598M08:18:42.442","01598 07:31:30",214.90,897.19,,,,"     ",5.10,80.15,4.76
1598,539338720,"01598M08:18:43.415","01598 07:31:31",214.86,897.17,,,,"     ",5.10,80.02,4.75
1598,539338721,"01598M08:18:44.388","01598 07:31:32",214.81,897.22,,,,"     ",5.10,79.65,4.72
1598,539338722,"01598M08:18:45.362","01598 07:31:33",214.75,897.15,,,,"     ",5.10,80.27,4.76
1598,539338723,"01598M08:18:46.335","01598 07:31:34",214.69,897.20,,,,"     ",5.10,80.16,4.75
1598,539338724,"01598M08:18:47.308","01598 07:31:35",214.63,897.20,,,,"     ",5.10,79.97,4.74
1598,539338725,"01598M08:18:48.281","01598 07:31:36",214.57,897.18,,,,"     ",5.10,79.66,4.72
1598,539338726,"01598M08:18:49.255","01598 07:31:37",214.53,897.18,,,,"     ",5.10,80.00,4.74
1598,539338727,"01598M08:18:50.228","01598 07:31:38",214.50,897.17,,,,"     ",5.10,79.99,4.74
1598,539338728,"01598M08:18:51.201","01598 07:31:39",214.47,897.17,,,,"     ",5.10,80.09,4.74
1598,539338729,"01598M08:18:52.174","01598 07:31:40",214.47,897.16,,,,"     ",5.10,79.67,4.71
1598,539338730,"01598M08:18:53.148","01598 07:31:41",214.49,897.16,,,,"     ",5.10,80.57,4.77
1598,539338731,"01598M08:18:54.121","01598 07:31:42",214.52,897.14,,,,"     ",5.10,80.08,4.73
1598,539338732,"01598M08:18:55.094","01598 07:31:43",214.56,897.14,,,,"     ",5.10,80.07,4.73
1598,539338733,"01598M08:18:56.067","01598 07:31:44",214.62,897.14,,,,"     ",5.10,79.65,4.71
1598,539338734,"01598M08:18:57.041","01598 07:31:45",214.68,897.23,,,,"     ",5.10,80.45,4.76
1598,539338735,"01598M08:18:58.014","01598 07:31:45",214.73,897.23,,,,"     ",5.10,80.29,4.74
1598,539338736,"01598M08:18:58.987","01598 07:31:46",214.79,897.24,,,,"     ",5.10,80.03,4.73
1598,539338737,"01598M08:18:59.960","01598 07:31:47",214.83,897.25,,,,"     ",5.10,80.38,4.75
1598,539338738,"01598M08:19:00.934","01598 07:31:48",214.86,897.15,,,,"     ",5.10,79.76,4.71
1598,539338739,"01598M08:19:01.907","01598 07:31:49",214.87,897.21,,,,"     ",5.10,80.58,4.76
1598,539338740,"01598M08:19:02.880","01598 07:31:50",214.87,897.19,,,,"     ",5.10,79.91,4.71
1598,539338741,"01598M08:19:03.853","01598 07:31:51",214.84,897.27,,,,"     ",5.10,80.15,4.73
1598,539338742,"01598M08:19:04.827","01598 07:31:52",214.81,897.17,,,,"     ",5.10,80.31,4.74
1598,539338743,"01598M08:19:05.800","01598 07:31:53",214.78,897.18,,,,"     ",5.10,79.89,4.71
1598,539338744,"01598M08:19:06.773","01598 07:31:54",214.74,897.14,,,,"     ",5.10,79.87,4.70
1598,539338745,"01598M08:19:07.746","01598 07:31:55",214.72,897.10,,,,"     ",5.10,80.15,4.72
1598,539338746,"01598M08:19:08.720","01598 07:31:56",214.68,897.16,,,,"     ",5.10,80.22,4.72
1598,539338747,"01598M08:19:09.693","01598 07:31:57",214.64,897.12,,,,"     ",5.10,80.01,4.71
1598,539338748,"01598M08:19:10.666","01598 07:31:58",214.60,897.16,,,,"     ",5.10,79.93,4.70
1598,539338749,"01598M08:19:11.639","01598 07:31:59",214.55,897.04,,,,"     ",5.10,80.22,4.72
1598,539338750,"01598M08:19:12.613","01598 07:32:00",214.51,897.03,,,,"     ",5.10,80.24,4.72
1598,539338751,"01598M08:19:13.586","01598 07:32:01",214.48,897.07,,,,"     ",5.10,80.44,4.73
1598,539338752,"01598M08:19:14.559","01598 07:32:02",214.46,897.10,,,,"     ",5.10,80.56,4.73
1598,539338753,"01598M08:19:15.532","01598 07:32:03",214.45,896.99,,,,"     ",5.10,80.00,4.70
1598,539338754,"01598M08:19:16.506","01598 07:32:04",214.44,897.15,,,,"     ",5.10,80.14,4.71
1598,539338755,"01598M08:19:17.479","01598 07:32:05",214.43,897.08,,,,"     ",5.10,80.19,4.71
1598,539338756,"01598M08:19:18.452","01598 07:32:06",214.43,897.07,,,,"     ",5.10,80.21,4.71
1598,539338757,"01598M08:19:19.425","01598 07:32:07",214.43,897.12,,,,"     ",5.10,80.33,4.72
1598,539338758,"01598M08:19:20.399","01598 07:32:08",214.43,897.10,,,,"     ",5.10,80.38,4.72
1598,539338759,"01598M08:19:21.372","01598 07:32:09",214.43,897.16,,,,"     ",5.10,79.95,4.69
1598,539338760,"01598M08:19:22.345","01598 07:32:10",214.44,897.13,,,,"     ",5.10,80.16,4.70
1598,539338761,"01598M08:19:23.318","01598 07:32:11",214.44,897.16,,,,"     ",5.10,80.26,4.70
1598,539338762,"01598M08:19:24.292","01598 07:32:12",214.43,897.16,,,,"     ",5.10,80.00,4.69
1598,539338763,"01598M08:19:25.265","01598 07:32:13",214.41,897.11,,,,"     ",5.10,80.36,4.71
1598,539338764,"01598M08:19:26.238","01598 07:32:14",214.39,897.05,,,,"     ",5.10,79.91,4.68
1598,539338765,"01598M08:19:27.211","01598 07:32:15",214.37,897.07,,,,"     ",5.10,80.09,4.69
1598,539338766,"01598M08:19:28.185","01598 07:32:16",214.35,897.06,,,,"     ",5.10,80.64,4.72
1598,539338767,"01598M08:19:29.158","01598 07:32:17",214.34,897.14,,,,"     ",5.10,80.37,4.70
1598,539338768,"01598M08:19:30.131","01598 07:32:18",214.34,897.17,,,,"     ",5.10,80.73,4.72
1598,539338769,"01598M08:19:31.105","01598 07:32:19",214.36,897.03,,,,"     ",5.10,80.52,4.71
1598,539338770,"01598M08:19:32.078","01598 07:32:20",214.39,897.07,,,,"     ",5.10,80.72,4.72
1598,539338771,"01598M08:19:33.051","01598 07:32:21",214.43,897.07,,,,"     ",5.10,80.38,4.70
1598,539338772,"01598M08:19:34.024","01598 07:32:21",214.47,897.10,,,,"     ",5.10,80.61,4.71
1598,539338773,"01598M08:19:34.998","01598 07:32:22",214.51,897.03,,,,"     ",5.10,80.66,4.71
1598,539338774,"01598M08:19:35.971","01598 07:32:23",214.55,896.96,,,,"     ",5.10,80.95,4.73
1598,539338775,"01598M08:19:36.944","01598 07:32:24",214.60,897.05,,,,"     ",5.10,80.71,4.71
1598,539338776,"01598M08:19:37.917","01598 07:32:25",214.65,896.96,,,,"     ",5.10,80.76,4.71
1598,539338777,"01598M08:19:38.891","01598 07:32:26",214.71,897.02,,,,"     ",5.10,80.86,4.72
1598,539338778,"01598M08:19:39.864","01598 07:32:27",214.76,896.95,,,,"     ",5.10,80.72,4.71
1598,539338779,"01598M08:19:40.837","01598 07:32:28",214.80,896.96,,,,"     ",5.10,80.41,4.69
1598,539338780,"01598M08:19:41.810","01598 07:32:29",214.84,896.93,,,,"     ",5.10,81.03,4.72
1598,539338781,"01598M08:19:42.784","01598 07:32:30",214.88,896.94,,,,"     ",5.10,81.14,4.73
1598,539338782,"01598M08:19:43.757","01598 07:32:31",214.91,896.88,,,,"     ",5.10,80.81,4.71
1598,539338783,"01598M08:19:44.730","01598 07:32:32",214.96,897.00,,,,"     ",5.10,81.17,4.73
1598,539338784,"01598M08:19:45.703","01598 07:32:33",215.03,897.10,,,,"     ",5.10,81.10,4.72
1598,539338785,"01598M08:19:46.677","01598 07:32:34",215.11,897.06,,,,"     ",5.10,81.73,4.76
1598,539338786,"01598M08:19:47.650","01598 07:32:35",215.21,897.03,,,,"     ",5.10,81.39,4.73
1598,539338787,"01598M08:19:48.623","01598 07:32:36",215.32,897.11,,,,"     ",5.10,81.32,4.73
1598,539338788,"01598M08:19:49.596","01598 07:32:37",215.44,897.07,,,,"     ",5.10,81.65,4.74
1598,539338789,"01598M08:19:50.570","01598 07:32:38",215.56,897.03,,,,"     ",5.10,81.57,4.74
1598,539338790,"01598M08:19:51.543","01598 07:32:39",215.67,897.00,,,,"     ",5.10,81.33,4.72
1598,539338791,"01598M08:19:52.516","01598 07:32:40",215.76,896.99,,,,"     ",5.10,81.62,4.73
1598,539338792,"01598M08:19:53.489","01598 07:32:41",215.85,896.94,,,,"     ",5.10,81.78,4.74
1598,539338793,"01598M08:19:54.463","01598 07:32:42",216.56,897.04,,,,"     ",5.10,81.81,4.74
1598,539338794,"01598M08:19:55.436","01598 07:32:43",216.67,897.00,,,,"     ",5.10,81.78,4.74
1598,539338795,"01598M08:19:56.409","01598 07:32:44",216.79,897.03,,,,"     ",5.10,81.95,4.74
1598,539338796,"01598M08:19:57.382","01598 07:32:45",216.90,897.04,,,,"     ",5.10,82.37,4.77
1598,539338797,"01598M08:19:58.356","01598 07:32:46",217.01,896.97,,,,"     ",5.10,82.24,4.76
1598,539338798,"01598M08:19:59.329","01598 07:32:47",217.11,896.91,,,,"     ",5.10,82.02,4.74
1598,539338799,"01598M08:20:00.302","01598 07:32:48",217.20,897.02,,,,"     ",5.10,82.00,4.74
1598,539338800,"01598M08:20:01.275","01598 07:32:49",217.29,896.97,,,,"     ",5.10,82.03,4.74
1598,539338801,"01598M08:20:02.249","01598 07:32:50",217.37,897.01,,,,"     ",5.10,81.75,4.72
1598,539338802,"01598M08:20:03.222","01598 07:32:51",217.44,897.05,,,,"     ",5.10,82.35,4.75
1598,539338803,"01598M08:20:04.195","01598 07:32:52",217.50,896.98,,,,"     ",5.10,82.53,4.76
1598,539338804,"01598M08:20:05.168","01598 07:32:53",217.55,897.01,,,,"     ",5.10,82.33,4.74
1598,539338805,"01598M08:20:06.142","01598 07:32:54",217.58,896.99,,,,"     ",5.10,82.72,4.76
1598,539338806,"01598M08:20:07.115","01598 07:32:55",217.58,896.92,,,,"     ",5.10,82.72,4.76
1598,539338807,"01598M08:20:08.088","01598 07:32:56",217.57,897.00,,,,"     ",5.10,82.89,4.77
1598,539338808,"01598M08:20:09.061","01598 07:32:57",217.53,897.03,,,,"     ",5.10,82.25,4.73
1598,539338809,"01598M08:20:10.035","01598 07:32:57",217.49,897.05,,,,"     ",5.10,82.92,4.76
1598,539338810,"01598M08:20:11.008","01598 07:32:58",217.43,896.95,,,,"     ",5.10,82.77,4.75
1598,539338811,"01598M08:20:11.981","01598 07:32:59",217.37,896.97,,,,"     ",5.10,82.78,4.75
1598,539338812,"01598M08:20:12.954","01598 07:33:00",217.31,897.02,,,,"     ",5.10,82.80,4.75
1598,539338813,"01598M08:20:13.928","01598 07:33:01",217.26,896.93,,,,"     ",5.10,82.77,4.74
1598,539338814,"01598M08:20:14.901","01598 07:33:02",217.22,896.95,,,,"     ",5.10,82.89,4.75
1598,539338815,"01598M08:20:15.874","01598 07:33:03",217.19,896.99,,,,"     ",5.10,82.91,4.75
1598,539338816,"01598M08:20:16.847","01598 07:33:04",217.16,897.03,,,,"     ",5.10,82.50,4.72
1598,539338817,"01598M08:20:17.821","01598 07:33:05",217.15,896.98,,,,"     ",5.10,83.14,4.75
1598,539338818,"01598M08:20:18.794","01598 07:33:06",217.17,896.96,,,,"     ",5.10,83.15,4.75
1598,539338819,"01598M08:20:19.767","01598 07:33:07",217.21,896.97,,,,"     ",5.10,83.30,4.76
1598,539338820,"01598M08:20:20.740","01598 07:33:08",217.27,896.95,,,,"     ",5.10,82.93,4.74
1598,539338821,"01598M08:20:21.714","01598 07:33:09",217.35,897.02,,,,"     ",5.10,83.00,4.74
1598,539338822,"01598M08:20:22.687","01598 07:33:10",217.44,896.93,,,,"     ",5.10,83.11,4.74
1598,539338823,"01598M08:20:23.660","01598 07:33:11",217.55,896.95,,,,"     ",5.10,82.99,4.73
1598,539338824,"01598M08:20:24.633","01598 07:33:12",217.66,896.93,,,,"     ",5.10,83.22,4.74
1598,539338825,"01598M08:20:25.607","01598 07:33:13",217.77,896.99,,,,"     ",5.10,83.21,4.74
1598,539338826,"01598M08:20:26.580","01598 07:33:14",217.88,896.94,,,,"     ",5.10,83.70,4.77
1598,539338827,"01598M08:20:27.553","01598 07:33:15",217.98,897.02,,,,"     ",5.10,83.70,4.76
1598,539338828,"01598M08:20:28.526","01598 07:33:16",218.08,897.03,,,,"     ",5.10,83.24,4.73
1598,539338829,"01598M08:20:29.500","01598 07:33:17",218.17,897.01,,,,"     ",5.10,83.45,4.74
1598,539338830,"01598M08:20:30.473","01598 07:33:18",218.25,897.02,,,,"     ",5.10,83.42,4.74
1598,539338831,"01598M08:20:31.446","01598 07:33:19",218.32,896.97,,,,"     ",5.10,83.84,4.76
1598,539338832,"01598M08:20:32.419","01598 07:33:20",218.39,896.95,,,,"     ",5.10,83.97,4.77
1598,539338833,"01598M08:20:33.393","01598 07:33:21",218.45,896.92,,,,"     ",5.10,83.81,4.75
1598,539338834,"01598M08:20:34.366","01598 07:33:22",218.50,896.88,,,,"     ",5.10,83.23,4.72
1598,539338835,"01598M08:20:35.339","01598 07:33:23",218.55,896.88,,,,"     ",5.10,83.69,4.74
1598,539338836,"01598M08:20:36.312","01598 07:33:24",218.60,896.93,,,,"     ",5.10,84.07,4.76
1598,539338837,"01598M08:20:37.286","01598 07:33:25",218.65,896.93,,,,"     ",5.10,83.44,4.72
1598,539338838,"01598M08:20:38.259","01598 07:33:26",218.71,896.89,,,,"     ",5.10,83.87,4.74
1598,539338839,"01598M08:20:39.232","01598 07:33:27",218.77,896.95,,,,"     ",5.10,83.86,4.74
1598,539338840,"01598M08:20:40.206","01598 07:33:28",218.83,896.96,,,,"     ",5.10,83.74,4.73
1598,539338841,"01598M08:20:41.179","01598 07:33:29",218.88,896.93,,,,"     ",5.10,84.11,4.75
1598,539338842,"01598M08:20:42.152","01598 07:33:30",218.91,896.93,,,,"     ",5.10,84.10,4.75
1598,539338843,"01598M08:20:43.125","01598 07:33:31",218.88,896.83,,,,"     ",5.10,83.80,4.72
1598,539338844,"01598M08:20:44.099","01598 07:33:32",218.86,896.86,,,,"     ",5.10,84.14,4.74
1598,539338845,"01598M08:20:45.072","01598 07:33:33",218.84,896.87,,,,"     ",5.10,83.43,4.70
1598,539338846,"01598M08:20:46.045","01598 07:33:33",218.82,896.85,,,,"     ",5.10,84.05,4.73
1598,539338847,"01598M08:20:47.018","01598 07:33:34",218.80,896.83,,,,"     ",5.10,84.29,4.74
1598,539338848,"01598M08:20:47.992","01598 07:33:35",218.78,896.85,,,,"     ",5.10,84.06,4.73
1598,539338849,"01598M08:20:48.965","01598 07:33:36",218.76,896.85,,,,"     ",5.10,84.46,4.75
1598,539338850,"01598M08:20:49.938","01598 07:33:37",218.73,896.87,,,,"     ",5.10,83.96,4.71
1598,539338851,"01598M08:20:50.911","01598 07:33:38",218.71,896.91,,,,"     ",5.10,84.33,4.73
1598,539338852,"01598M08:20:51.885","01598 07:33:39",218.69,896.91,,,,"     ",5.10,84.05,4.71
1598,539338853,"01598M08:20:52.858","01598 07:33:40",218.67,896.87,,,,"     ",5.10,84.53,4.74
1598,539338854,"01598M08:20:53.831","01598 07:33:41",218.64,896.88,,,,"     ",5.10,84.30,4.72
1598,539338855,"01598M08:20:54.804","01598 07:33:42",218.62,896.92,,,,"     ",5.10,83.91,4.70
1598,539338856,"01598M08:20:55.778","01598 07:33:43",218.59,896.88,,,,"     ",5.10,84.66,4.74
1598,539338857,"01598M08:20:56.751","01598 07:33:44",218.57,896.89,,,,"     ",5.10,84.57,4.73
1598,539338858,"01598M08:20:57.724","01598 07:33:45",218.54,896.89,,,,"     ",5.10,84.56,4.73
1598,539338859,"01598M08:20:58.697","01598 07:33:46",218.52,896.85,,,,"     ",5.10,84.34,4.71
1598,539338860,"01598M08:20:59.671","01598 07:33:47",218.49,896.91,,,,"     ",5.10,84.38,4.71
1598,539338861,"01598M08:21:00.644","01598 07:33:48",218.47,896.92,,,,"     ",5.10,84.32,4.70
1598,539338862,"01598M08:21:01.617","01598 07:33:49",219.25,896.89,,,,"     ",5.10,83.95,4.68
1598,539338863,"01598M08:21:02.590","01598 07:33:50",219.27,896.88,,,,"     ",5.10,84.71,4.72
1598,539338864,"01598M08:21:03.564","01598 07:33:51",219.30,896.81,,,,"     ",5.10,84.06,4.68
1598,539338865,"01598M08:21:04.537","01598 07:33:52",219.32,896.85,,,,"     ",5.10,85.21,4.74
1598,539338866,"01598M08:21:05.510","01598 07:33:53",219.35,896.76,,,,"     ",5.10,84.42,4.69
1598,539338867,"01598M08:21:06.483","01598 07:33:54",219.37,896.75,,,,"     ",5.10,83.96,4.67
1598,539338868,"01598M08:21:07.457","01598 07:33:55",219.39,896.81,,,,"     ",5.10,84.88,4.72
1598,539338869,"01598M08:21:08.430","01598 07:33:56",219.41,896.72,,,,"     ",5.10,84.71,4.71
1598,539338870,"01598M08:21:09.403","01598 07:33:57",219.43,896.72,,,,"     ",5.10,84.73,4.70
1598,539338871,"01598M08:21:10.376","01598 07:33:58",219.44,896.78,,,,"     ",5.10,84.66,4.70
1598,539338872,"01598M08:21:11.350","01598 07:33:59",219.45,896.77,,,,"     ",5.10,84.84,4.70
1598,539338873,"01598M08:21:12.323","01598 07:34:00",219.46,896.78,,,,"     ",5.10,84.45,4.68
1598,539338874,"01598M08:21:13.296","01598 07:34:01",219.47,896.80,,,,"     ",5.10,84.41,4.67
1598,539338875,"01598M08:21:14.269","01598 07:34:02",219.47,896.72,,,,"     ",5.10,84.58,4.68
1598,539338876,"01598M08:21:15.243","01598 07:34:03",219.48,896.76,,,,"     ",5.10,85.19,4.71
1598,539338877,"01598M08:21:16.216","01598 07:34:04",219.49,896.86,,,,"     ",5.10,84.98,4.70
1598,539338878,"01598M08:21:17.189","01598 07:34:05",219.49,896.82,,,,"     ",5.10,84.41,4.67
1598,539338879,"01598M08:21:18.162","01598 07:34:06",219.50,896.84,,,,"     ",5.10,84.51,4.67
1598,539338880,"01598M08:21:19.136","01598 07:34:07",219.51,896.80,,,,"     ",5.10,84.83,4.68
1598,539338881,"01598M08:21:20.109","01598 07:34:08",219.52,896.82,,,,"     ",5.10,84.84,4.68
1598,539338882,"01598M08:21:21.082","01598 07:34:09",219.51,896.86,,,,"     ",5.10,85.08,4.69
1598,539338883,"01598M08:21:22.055","01598 07:34:09",219.48,896.78,,,,"     ",5.10,85.22,4.70
1598,539338884,"01598M08:21:23.029","01598 07:34:10",219.42,896.76,,,,"     ",5.10,84.58,4.66
1598,539338885,"01598M08:21:24.002","01598 07:34:11",219.35,896.82,,,,"     ",5.10,84.87,4.67
1598,539338886,"01598M08:21:24.975","01598 07:34:12",219.25,896.75,,,,"     ",5.10,84.92,4.67
1598,539338887,"01598M08:21:25.948","01598 07:34:13",219.14,896.75,,,,"     ",5.10,84.50,4.65
1598,539338888,"01598M08:21:26.922","01598 07:34:14",219.02,896.77,,,,"     ",5.10,84.33,4.64
1598,539338889,"01598M08:21:27.895","01598 07:34:15",218.89,896.79,,,,"     ",5.10,84.72,4.65
1598,539338890,"01598M08:21:28.868","01598 07:34:16",218.77,896.77,,,,"     ",5.10,84.85,4.66
1598,539338891,"01598M08:21:29.841","01598 07:34:17",218.67,896.83,,,,"     ",5.10,85.04,4.67
1598,539338892,"01598M08:21:30.815","01598 07:34:18",218.58,896.77,,,,"     ",5.10,84.98,4.66
1598,539338893,"01598M08:21:31.788","01598 07:34:19",218.52,896.76,,,,"     ",5.10,84.85,4.65
1598,539338894,"01598M08:21:32.761","01598 07:34:20",218.47,896.69,,,,"     ",5.10,84.59,4.64
1598,539338895,"01598M08:21:33.734","01598 07:34:21",218.45,896.73,,,,"     ",5.10,84.48,4.63
1598,539338896,"01598M08:21:34.708","01598 07:34:22",218.46,896.75,,,,"     ",5.10,84.98,4.66
1598,539338897,"01598M08:21:35.681","01598 07:34:23",218.48,896.81,,,,"     ",5.10,85.08,4.66
1598,539338898,"01598M08:21:36.654","01598 07:34:24",218.52,896.80,,,,"     ",5.10,84.75,4.64
1598,539338899,"01598M08:21:37.627","01598 07:34:25",218.56,896.74,,,,"     ",5.10,85.52,4.68
1598,539338900,"01598M08:21:38.601","01598 07:34:26",218.62,896.83,,,,"     ",5.10,84.40,4.61
1598,539338901,"01598M08:21:39.574","01598 07:34:27",218.67,896.71,,,,"     ",5.10,84.53,4.62
1598,539338902,"01598M08:21:40.547","01598 07:34:28",218.73,896.67,,,,"     ",5.10,84.89,4.64
1598,539338903,"01598M08:21:41.520","01598 07:34:29",218.79,896.68,,,,"     ",5.10,84.61,4.62
1598,539338904,"01598M08:21:42.494","01598 07:34:30",218.86,896.65,,,,"     ",5.10,84.77,4.62
1598,539338905,"01598M08:21:43.467","01598 07:34:31",218.94,896.64,,,,"     ",5.10,85.21,4.65
1598,539338906,"01598M08:21:44.440","01598 07:34:32",219.02,896.71,,,,"     ",5.10,84.97,4.63
1598,539338907,"01598M08:21:45.413","01598 07:34:33",219.09,896.75,,,,"     ",5.10,84.63,4.61
1598,539338908,"01598M08:21:46.387","01598 07:34:34",219.14,896.71,,,,"     ",5.10,85.07,4.63
1598,539338909,"01598M08:21:47.360","01598 07:34:35",219.17,896.69,,,,"     ",5.10,85.17,4.64
1598,539338910,"01598M08:21:48.333","01598 07:34:36",219.16,896.69,,,,"     ",5.10,85.27,4.64
1598,539338911,"01598M08:21:49.307","01598 07:34:37",219.13,896.76,,,,"     ",5.10,84.76,4.61
1598,539338912,"01598M08:21:50.280","01598 07:34:38",219.08,896.76,,,,"     ",5.10,84.97,4.62
1598,539338913,"01598M08:21:51.253","01598 07:34:39",219.01,896.79,,,,"     ",5.10,84.60,4.59
1598,539338914,"01598M08:21:52.226","01598 07:34:40",218.93,896.75,,,,"     ",5.10,84.97,4.61
1598,539338915,"01598M08:21:53.200","01598 07:34:41",218.85,896.78,,,,"     ",5.10,84.96,4.61
1598,539338916,"01598M08:21:54.173","01598 07:34:42",218.76,896.66,,,,"     ",5.10,85.04,4.61
1598,539338917,"01598M08:21:55.146","01598 07:34:43",218.68,896.71,,,,"     ",5.10,84.67,4.59
1598,539338918,"01598M08:21:56.119","01598 07:34:44",218.61,896.67,,,,"     ",5.10,84.74,4.59
1598,539338919,"01598M08:21:57.093","01598 07:34:45",218.55,896.72,,,,"     ",5.10,84.62,4.58
1598,539338920,"01598M08:21:58.066","01598 07:34:45",218.49,896.67,,,,"     ",5.10,84.73,4.59
1598,539338921,"01598M08:21:59.039","01598 07:34:46",218.44,896.73,,,,"     ",5.10,85.07,4.60
1598,539338922,"01598M08:22:00.012","01598 07:34:47",218.40,896.69,,,,"     ",5.10,84.96,4.59
1598,539338923,"01598M08:22:00.986","01598 07:34:48",218.38,896.66,,,,"     ",5.10,85.57,4.63
1598,539338924,"01598M08:22:01.959","01598 07:34:49",218.38,896.65,,,,"     ",5.10,85.12,4.60
1598,539338925,"01598M08:22:02.932","01598 07:34:50",218.40,896.71,,,,"     ",5.10,85.14,4.60
1598,539338926,"01598M08:22:03.905","01598 07:34:51",218.44,896.69,,,,"     ",5.10,85.11,4.60
1598,539338927,"01598M08:22:04.879","01598 07:34:52",218.50,896.70,,,,"     ",5.10,85.32,4.61
1598,539338928,"01598M08:22:05.852","01598 07:34:53",218.57,896.68,,,,"     ",5.10,85.56,4.62
1598,539338929,"01598M08:22:06.825","01598 07:34:54",218.64,896.61,,,,"     ",5.10,85.32,4.60
1598,539338930,"01598M08:22:07.798","01598 07:34:55",218.71,896.70,,,,"     ",5.10,85.19,4.59
1598,539338931,"01598M08:22:08.772","01598 07:34:56",218.79,896.65,,,,"     ",5.10,85.77,4.62
1598,539338932,"01598M08:22:09.745","01598 07:34:57",218.86,896.71,,,,"     ",5.10,85.73,4.62
1598,539338933,"01598M08:22:10.718","01598 07:34:58",218.94,896.65,,,,"     ",5.10,85.65,4.61
1598,539338934,"01598M08:22:11.691","01598 07:34:59",219.02,896.61,,,,"     ",5.10,85.47,4.60
1598,539338935,"01598M08:22:12.665","01598 07:35:00",219.10,896.67,,,,"     ",5.10,85.21,4.58
1598,539338936,"01598M08:22:13.638","01598 07:35:01",219.17,896.66,,,,"     ",5.10,85.93,4.62
1598,539338937,"01598M08:22:14.611","01598 07:35:02",219.23,896.62,,,,"     ",5.10,85.62,4.60
1598,539338938,"01598M08:22:15.584","01598 07:35:03",219.28,896.74,,,,"     ",5.10,85.04,4.57
1598,539338939,"01598M08:22:16.558","01598 07:35:04",219.33,896.64,,,,"     ",5.10,85.15,4.57
1598,539338940,"01598M08:22:17.531","01598 07:35:05",219.37,896.63,,,,"     ",5.10,85.38,4.58
1598,539338941,"01598M08:22:18.504","01598 07:35:06",219.41,896.66,,,,"     ",5.10,85.56,4.59
1598,539338942,"01598M08:22:19.477","01598 07:35:07",219.45,896.59,,,,"     ",5.10,85.73,4.60
1598,539338943,"01598M08:22:20.451","01598 07:35:08",219.49,896.61,,,,"     ",5.10,85.19,4.57
1598,539338944,"01598M08:22:21.424","01598 07:35:09",219.51,896.56,,,,"     ",5.10,85.55,4.58
1598,539338945,"01598M08:22:22.397","01598 07:35:10",219.52,896.56,,,,"     ",5.10,85.87,4.60
1598,539338946,"01598M08:22:23.370","01598 07:35:11",219.51,896.54,,,,"     ",5.10,85.42,4.57
1598,539338947,"01598M08:22:24.344","01598 07:35:12",219.50,896.55,,,,"     ",5.10,85.69,4.58
1598,539338948,"01598M08:22:25.317","01598 07:35:13",219.49,896.52,,,,"     ",5.10,85.88,4.59
1598,539338949,"01598M08:22:26.290","01598 07:35:14",219.48,896.61,,,,"     ",5.10,85.58,4.57
1598,539338950,"01598M08:22:27.263","01598 07:35:15",219.47,896.60,,,,"     ",5.10,85.64,4.57
1598,539338951,"01598M08:22:28.237","01598 07:35:16",219.47,896.64,,,,"     ",5.10,85.52,4.57
1598,539338952,"01598M08:22:29.210","01598 07:35:17",219.47,896.58,,,,"     ",5.10,85.51,4.56
1598,539338953,"01598M08:22:30.183","01598 07:35:18",219.47,896.64,,,,"     ",5.10,86.39,4.61
1598,539338954,"01598M08:22:31.156","01598 07:35:19",219.47,896.64,,,,"     ",5.10,86.21,4.60
1598,539338955,"01598M08:22:32.130","01598 07:35:20",219.46,896.61,,,,"     ",5.10,86.30,4.60
1598,539338956,"01598M08:22:33.103","01598 07:35:21",219.44,896.63,,,,"     ",5.10,86.31,4.60
1598,539338957,"01598M08:22:34.076","01598 07:35:21",219.42,896.67,,,,"     ",5.10,86.02,4.58
1598,539338958,"01598M08:22:35.049","01598 07:35:22",219.40,896.57,,,,"     ",5.10,86.30,4.59
1598,539338959,"01598M08:22:36.023","01598 07:35:23",219.39,896.51,,,,"     ",5.10,85.93,4.57
1598,539338960,"01598M08:22:36.996","01598 07:35:24",219.39,896.55,,,,"     ",5.10,85.83,4.56
1598,539338961,"01598M08:22:37.969","01598 07:35:25",219.42,896.44,,,,"     ",5.10,86.34,4.58
1598,539338962,"01598M08:22:38.942","01598 07:35:26",219.45,896.52,,,,"     ",5.10,86.18,4.57
1598,539338963,"01598M08:22:39.916","01598 07:35:27",219.50,896.57,,,,"     ",5.10,86.37,4.58
1598,539338964,"01598M08:22:40.889","01598 07:35:28",219.56,896.53,,,,"     ",5.10,86.27,4.57
1598,539338965,"01598M08:22:41.862","01598 07:35:29",219.62,896.54,,,,"     ",5.10,86.26,4.57
1598,539338966,"01598M08:22:42.835","01598 07:35:30",219.70,896.59,,,,"     ",5.10,86.32,4.57
1598,539338967,"01598M08:22:43.809","01598 07:35:31",219.78,896.43,,,,"     ",5.10,86.43,4.57
1598,539338968,"01598M08:22:44.782","01598 07:35:32",219.86,896.47,,,,"     ",5.10,86.63,4.58
1598,539338969,"01598M08:22:45.755","01598 07:35:33",219.93,896.47,,,,"     ",5.10,86.54,4.57
1598,539338970,"01598M08:22:46.728","01598 07:35:34",220.00,896.42,,,,"     ",5.10,86.39,4.56
1598,539338971,"01598M08:22:47.702","01598 07:35:35",220.06,896.46,,,,"     ",5.10,86.26,4.55
1598,539338972,"01598M08:22:48.675","01598 07:35:36",220.11,896.38,,,,"     ",5.10,86.56,4.56
1598,539338973,"01598M08:22:49.648","01598 07:35:37",220.14,896.48,,,,"     ",5.10,86.80,4.57
1598,539338974,"01598M08:22:50.621","01598 07:35:38",220.17,896.53,,,,"     ",5.10,86.87,4.57
1598,539338975,"01598M08:22:51.595","01598 07:35:39",220.18,896.59,,,,"     ",5.10,87.27,4.59
1598,539338976,"01598M08:22:52.568","01598 07:35:40",220.17,896.48,,,,"     ",5.10,86.48,4.54
1598,539338977,"01598M08:22:53.541","01598 07:35:41",220.16,896.48,,,,"     ",5.10,86.95,4.57
1598,539338978,"01598M08:22:54.514","01598 07:35:42",220.14,896.57,,,,"     ",5.10,86.70,4.55
1598,539338979,"01598M08:22:55.488","01598 07:35:43",220.10,896.55,,,,"     ",5.10,87.18,4.57
1598,539338980,"01598M08:22:56.461","01598 07:35:44",220.04,896.54,,,,"     ",5.10,87.42,4.58
1598,539338981,"01598M08:22:57.434","01598 07:35:45",219.98,896.52,,,,"     ",5.10,87.36,4.58
1598,539338982,"01598M08:22:58.408","01598 07:35:46",219.90,896.55,,,,"     ",5.10,87.38,4.57
1598,539338983,"01598M08:22:59.381","01598 07:35:47",219.82,896.57,,,,"     ",5.10,87.16,4.56
1598,539338984,"01598M08:23:00.354","01598 07:35:48",219.74,896.59,,,,"     ",5.10,87.23,4.56
1598,539338985,"01598M08:23:01.327","01598 07:35:49",219.66,896.52,,,,"     ",5.10,87.49,4.57
1598,539338986,"01598M08:23:02.301","01598 07:35:50",219.59,896.61,,,,"     ",5.10,87.26,4.55
1598,539338987,"01598M08:23:03.274","01598 07:35:51",219.53,896.64,,,,"     ",5.10,87.08,4.54
1598,539338988,"01598M08:23:04.247","01598 07:35:52",219.47,896.60,,,,"     ",5.10,87.43,4.56
1598,539338989,"01598M08:23:05.220","01598 07:35:53",219.43,896.53,,,,"     ",5.10,87.64,4.57
1598,539338990,"01598M08:23:06.194","01598 07:35:54",219.39,896.52,,,,"     ",5.10,87.30,4.54
1598,539338991,"01598M08:23:07.167","01598 07:35:55",219.36,896.53,,,,"     ",5.10,87.92,4.58
1598,539338992,"01598M08:23:08.140","01598 07:35:56",219.34,896.47,,,,"     ",5.10,87.74,4.56
1598,539338993,"01598M08:23:09.113","01598 07:35:57",219.34,896.56,,,,"     ",5.10,87.84,4.57
1598,539338994,"01598M08:23:10.087","01598 07:35:58",219.35,896.49,,,,"     ",5.10,88.10,4.58
1598,539338995,"01598M08:23:11.060","01598 07:35:58",219.37,896.55,,,,"     ",5.10,87.97,4.57
1598,539338996,"01598M08:23:12.033","01598 07:35:59",219.39,896.55,,,,"     ",5.10,87.70,4.55
1598,539338997,"01598M08:23:13.006","01598 07:36:00",219.42,896.62,,,,"     ",5.10,87.86,4.56
1598,539338998,"01598M08:23:13.980","01598 07:36:01",219.45,896.52,,,,"     ",5.10,88.07,4.57
1598,539338999,"01598M08:23:14.953","01598 07:36:02",219.48,896.59,,,,"     ",5.10,87.50,4.54
1598,539339000,"01598M08:23:15.926","01598 07:36:03",219.50,896.57,,,,"     ",5.10,88.19,4.57
1598,539339001,"01598M08:23:16.899","01598 07:36:04",219.51,896.54,,,,"     ",5.10,87.69,4.54
1598,539339002,"01598M08:23:17.873","01598 07:36:05",219.52,896.61,,,,"     ",5.10,88.14,4.57
1598,539339003,"01598M08:23:18.846","01598 07:36:06",219.52,896.50,,,,"     ",5.10,88.09,4.56
1598,539339004,"01598M08:23:19.819","01598 07:36:07",219.51,896.56,,,,"     ",5.10,87.96,4.55
1598,539339005,"01598M08:23:20.792","01598 07:36:08",219.49,896.46,,,,"     ",5.10,87.39,4.52
1598,539339006,"01598M08:23:21.766","01598 07:36:09",219.47,896.50,,,,"     ",5.10,87.98,4.55
1598,539339007,"01598M08:23:22.739","01598 07:36:10",219.43,896.42,,,,"     ",5.10,88.14,4.56
1598,539339008,"01598M08:23:23.712","01598 07:36:11",219.38,896.40,,,,"     ",5.10,87.52,4.52
1598,539339009,"01598M08:23:24.685","01598 07:36:12",219.33,896.52,,,,"     ",5.10,87.82,4.54
1598,539339010,"01598M08:23:25.659","01598 07:36:13",219.26,896.47,,,,"     ",5.10,87.84,4.53
1598,539339011,"01598M08:23:26.632","01598 07:36:14",219.19,896.47,,,,"     ",5.10,87.95,4.54
1598,539339012,"01598M08:23:27.605","01598 07:36:15",219.13,896.61,,,,"     ",5.10,87.39,4.51
1598,539339013,"01598M08:23:28.578","01598 07:36:16",219.06,896.50,,,,"     ",5.10,88.03,4.54
1598,539339014,"01598M08:23:29.552","01598 07:36:17",219.00,896.56,,,,"     ",5.10,87.96,4.53
1598,539339015,"01598M08:23:30.525","01598 07:36:18",218.94,896.46,,,,"     ",5.10,87.59,4.51
1598,539339016,"01598M08:23:31.498","01598 07:36:19",218.88,896.51,,,,"     ",5.10,88.47,4.56
1598,539339017,"01598M08:23:32.471","01598 07:36:20",218.82,896.53,,,,"     ",5.10,88.03,4.53
1598,539339018,"01598M08:23:33.445","01598 07:36:21",218.77,896.52,,,,"     ",5.10,88.06,4.54
1598,539339019,"01598M08:23:34.418","01598 07:36:22",218.74,896.48,,,,"     ",5.10,88.14,4.54
1598,539339020,"01598M08:23:35.391","01598 07:36:23",218.72,896.43,,,,"     ",5.10,88.08,4.53
1598,539339021,"01598M08:23:36.364","01598 07:36:24",218.71,896.44,,,,"     ",5.10,88.37,4.55
1598,539339022,"01598M08:23:37.338","01598 07:36:25",218.71,896.40,,,,"     ",5.10,88.66,4.56
1598,539339023,"01598M08:23:38.311","01598 07:36:26",218.71,896.42,,,,"     ",5.10,88.45,4.55
1598,539339024,"01598M08:23:39.284","01598 07:36:27",218.71,896.38,,,,"     ",5.10,88.04,4.53
1598,539339025,"01598M08:23:40.257","01598 07:36:28",218.72,896.40,,,,"     ",5.10,88.56,4.55
1598,539339026,"01598M08:23:41.231","01598 07:36:29",218.72,896.45,,,,"     ",5.10,88.08,4.53
1598,539339027,"01598M08:23:42.204","01598 07:36:30",218.70,896.39,,,,"     ",5.10,87.85,4.51
1598,539339028,"01598M08:23:43.177","01598 07:36:31",218.69,896.41,,,,"     ",5.10,88.33,4.54
1598,539339029,"01598M08:23:44.150","01598 07:36:32",218.67,896.49,,,,"     ",5.10,88.64,4.55
1598,539339030,"01598M08:23:45.124","01598 07:36:33",218.65,896.58,,,,"     ",5.10,88.11,4.52
1598,539339031,"01598M08:23:46.097","01598 07:36:34",218.62,896.46,,,,"     ",5.10,88.24,4.53
1598,539339032,"01598M08:23:47.070","01598 07:36:34",218.58,896.38,,,,"     ",5.10,88.42,4.54
1598,539339033,"01598M08:23:48.043","01598 07:36:35",218.53,896.35,,,,"     ",5.10,88.33,4.53
1598,539339034,"01598M08:23:49.017","01598 07:36:36",218.48,896.39,,,,"     ",5.10,88.12,4.52
1598,539339035,"01598M08:23:49.990","01598 07:36:37",218.43,896.45,,,,"     ",5.10,87.76,4.50
1598,539339036,"01598M08:23:50.963","01598 07:36:38",218.39,896.33,,,,"     ",5.10,88.31,4.52
1598,539339037,"01598M08:23:51.936","01598 07:36:39",218.37,896.35,,,,"     ",5.10,88.56,4.54
1598,539339038,"01598M08:23:52.910","01598 07:36:40",218.36,896.35,,,,"     ",5.10,88.39,4.53
1598,539339039,"01598M08:23:53.883","01598 07:36:41",218.36,896.40,,,,"     ",5.10,88.14,4.51
1598,539339040,"01598M08:23:54.856","01598 07:36:42",218.39,896.51,,,,"     ",5.10,88.31,4.52
1598,539339041,"01598M08:23:55.829","01598 07:36:43",218.42,896.37,,,,"     ",5.10,88.00,4.50
1598,539339042,"01598M08:23:56.803","01598 07:36:44",218.46,896.45,,,,"     ",5.10,88.22,4.51
1598,539339043,"01598M08:23:57.776","01598 07:36:45",218.51,896.43,,,,"     ",5.10,88.62,4.53
1598,539339044,"01598M08:23:58.749","01598 07:36:46",218.47,896.43,,,,"     ",5.10,87.84,4.49
1598,539339045,"01598M08:23:59.722","01598 07:36:47",218.43,896.45,,,,"     ",5.10,88.59,4.53
1598,539339046,"01598M08:24:00.696","01598 07:36:48",218.39,896.43,,,,"     ",5.10,88.70,4.54
1598,539339047,"01598M08:24:01.669","01598 07:36:49",218.35,896.40,,,,"     ",5.10,87.80,4.48
1598,539339048,"01598M08:24:02.642","01598 07:36:50",218.31,896.41,,,,"     ",5.10,88.84,4.54
1598,539339049,"01598M08:24:03.615","01598 07:36:51",218.28,896.42,,,,"     ",5.10,88.60,4.53
1598,539339050,"01598M08:24:04.589","01598 07:36:52",218.26,896.41,,,,"     ",5.10,88.21,4.50
1598,539339051,"01598M08:24:05.562","01598 07:36:53",218.24,896.47,,,,"     ",5.10,88.62,4.53
1598,539339052,"01598M08:24:06.535","01598 07:36:54",218.22,896.40,,,,"     ",5.10,88.82,4.54
1598,539339053,"01598M08:24:07.508","01598 07:36:55",218.20,896.48,,,,"     ",5.10,88.26,4.50
1598,539339054,"01598M08:24:08.482","01598 07:36:56",218.19,896.52,,,,"     ",5.10,88.74,4.53
1598,539339055,"01598M08:24:09.455","01598 07:36:57",218.18,896.41,,,,"     ",5.10,88.52,4.51
1598,539339056,"01598M08:24:10.428","01598 07:36:58",218.16,896.38,,,,"     ",5.10,88.40,4.51
1598,539339057,"01598M08:24:11.402","01598 07:36:59",218.13,896.43,,,,"     ",5.10,89.15,4.55
1598,539339058,"01598M08:24:12.375","01598 07:37:00",218.11,896.46,,,,"     ",5.10,88.45,4.51
1598,539339059,"01598M08:24:13.348","01598 07:37:01",218.08,896.45,,,,"     ",5.10,88.21,4.50
1598,539339060,"01598M08:24:14.321","01598 07:37:02",218.05,896.38,,,,"     ",5.10,88.94,4.53
1598,539339061,"01598M08:24:15.295","01598 07:37:03",218.02,896.51,,,,"     ",5.10,88.45,4.50
1598,539339062,"01598M08:24:16.268","01598 07:37:04",218.00,896.47,,,,"     ",5.10,88.60,4.51
1598,539339063,"01598M08:24:17.241","01598 07:37:05",217.97,896.52,,,,"     ",5.10,88.27,4.49
1598,539339064,"01598M08:24:18.214","01598 07:37:06",217.94,896.42,,,,"     ",5.10,88.89,4.52
1598,539339065,"01598M08:24:19.188","01598 07:37:07",217.91,896.46,,,,"     ",5.10,88.49,4.50
1598,539339066,"01598M08:24:20.161","01598 07:37:08",217.31,896.45,,,,"     ",5.10,88.20,4.49
1598,539339067,"01598M08:24:21.134","01598 07:37:09",217.28,896.51,,,,"     ",5.10,88.89,4.52
1598,539339068,"01598M08:24:22.107","01598 07:37:10",217.25,896.44,,,,"     ",5.10,88.67,4.51
1598,539339069,"01598M08:24:23.081","01598 07:37:10",217.23,896.43,,,,"     ",5.10,88.45,4.50
1598,539339070,"01598M08:24:24.054","01598 07:37:11",217.21,896.53,,,,"     ",5.10,88.88,4.52
1598,539339071,"01598M08:24:25.027","01598 07:37:12",217.21,896.44,,,,"     ",5.10,88.30,4.49
1598,539339072,"01598M08:24:26.000","01598 07:37:13",217.83,896.43,,,,"     ",5.10,89.03,4.52
1598,539339073,"01598M08:24:26.974","01598 07:37:14",217.85,896.38,,,,"     ",5.10,88.79,4.51
1598,539339074,"01598M08:24:27.947","01598 07:37:15",217.88,896.44,,,,"     ",5.10,88.46,4.49
1598,539339075,"01598M08:24:28.920","01598 07:37:16",217.90,896.43,,,,"     ",5.10,88.34,4.48
1598,539339076,"01598M08:24:29.893","01598 07:37:17",217.91,896.42,,,,"     ",5.10,88.66,4.50
1598,539339077,"01598M08:24:30.867","01598 07:37:18",217.92,896.45,,,,"     ",5.10,88.16,4.47
1598,539339078,"01598M08:24:31.840","01598 07:37:19",217.91,896.43,,,,"     ",5.10,87.80,4.45
1598,539339079,"01598M08:24:32.813","01598 07:37:20",217.89,896.43,,,,"     ",5.10,88.65,4.50
1598,539339080,"01598M08:24:33.786","01598 07:37:21",217.87,896.54,,,,"     ",5.10,88.19,4.47
1598,539339081,"01598M08:24:34.760","01598 07:37:22",217.85,896.47,,,,"     ",5.10,88.43,4.48
1598,539339082,"01598M08:24:35.733","01598 07:37:23",217.83,896.47,,,,"     ",5.10,88.68,4.49
1598,539339083,"01598M08:24:36.706","01598 07:37:24",217.80,896.41,,,,"     ",5.10,86.95,4.40
1598,539339084,"01598M08:24:37.679","01598 07:37:25",217.76,896.42,,,,"     ",5.10,88.36,4.47
1598,539339085,"01598M08:24:38.653","01598 07:37:26",217.72,896.38,,,,"     ",5.10,88.94,4.50
1598,539339086,"01598M08:24:39.626","01598 07:37:27",217.68,896.39,,,,"     ",5.10,88.64,4.49
1598,539339087,"01598M08:24:40.599","01598 07:37:28",217.64,896.36,,,,"     ",5.10,88.44,4.47
1598,539339088,"01598M08:24:41.572","01598 07:37:29",217.61,896.35,,,,"     ",5.10,88.32,4.47
1598,539339089,"01598M08:24:42.546","01598 07:37:30",217.60,896.36,,,,"     ",5.10,87.86,4.44
1598,539339090,"01598M08:24:43.519","01598 07:37:31",217.59,896.43,,,,"     ",5.10,88.50,4.47
1598,539339091,"01598M08:24:44.492","01598 07:37:32",217.58,896.43,,,,"     ",5.10,87.96,4.44
1598,539339092,"01598M08:24:45.465","01598 07:37:33",217.58,896.44,,,,"     ",5.10,88.40,4.47
1598,539339093,"01598M08:24:46.439","01598 07:37:34",217.56,896.44,,,,"     ",5.10,88.05,4.45
1598,539339094,"01598M08:24:47.412","01598 07:37:35",217.54,896.48,,,,"     ",5.10,87.89,4.44
1598,539339095,"01598M08:24:48.385","01598 07:37:36",217.52,896.40,,,,"     ",5.10,88.57,4.47
1598,539339096,"01598M08:24:49.358","01598 07:37:37",216.76,896.35,,,,"     ",5.10,88.95,4.49
1598,539339097,"01598M08:24:50.332","01598 07:37:38",216.76,896.34,,,,"     ",5.10,89.07,4.49
1598,539339098,"01598M08:24:51.305","01598 07:37:39",216.75,896.39,,,,"     ",5.10,88.09,4.44
1598,539339099,"01598M08:24:52.278","01598 07:37:40",216.74,896.38,,,,"     ",5.10,88.40,4.46
1598,539339100,"01598M08:24:53.251","01598 07:37:41",216.73,896.27,,,,"     ",5.10,89.09,4.49
1598,539339101,"01598M08:24:54.225","01598 07:37:42",216.72,896.30,,,,"     ",5.10,88.64,4.47
1598,539339102,"01598M08:24:55.198","01598 07:37:43",216.70,896.31,,,,"     ",5.10,88.57,4.46
1598,539339103,"01598M08:24:56.171","01598 07:37:44",216.66,896.40,,,,"     ",5.10,88.17,4.44
1598,539339104,"01598M08:24:57.144","01598 07:37:45",216.61,896.43,,,,"     ",5.10,87.99,4.43
1598,539339105,"01598M08:24:58.118","01598 07:37:46",216.56,896.34,,,,"     ",5.10,88.24,4.44
1598,539339106,"01598M08:24:59.091","01598 07:37:46",216.51,896.36,,,,"     ",5.10,88.66,4.46
1598,539339107,"01598M08:25:00.064","01598 07:37:47",216.48,896.39,,,,"     ",5.10,88.39,4.45
1598,539339108,"01598M08:25:01.037","01598 07:37:48",216.47,896.32,,,,"     ",5.10,88.57,4.45
1598,539339109,"01598M08:25:02.011","01598 07:37:49",216.45,896.41,,,,"     ",5.10,89.08,4.48
1598,539339110,"01598M08:25:02.984","01598 07:37:50",216.44,896.34,,,,"     ",5.10,88.59,4.45
1598,539339111,"01598M08:25:03.957","01598 07:37:51",216.41,896.33,,,,"     ",5.10,88.58,4.45
1598,539339112,"01598M08:25:04.930","01598 07:37:52",216.37,896.36,,,,"     ",5.10,89.40,4.49
1598,539339113,"01598M08:25:05.904","01598 07:37:53",216.33,896.33,,,,"     ",5.10,89.07,4.47
1598,539339114,"01598M08:25:06.877","01598 07:37:54",216.30,896.34,,,,"     ",5.10,88.72,4.45
1598,539339115,"01598M08:25:07.850","01598 07:37:55",216.28,896.34,,,,"     ",5.10,88.63,4.45
1598,539339116,"01598M08:25:08.823","01598 07:37:56",216.27,896.32,,,,"     ",5.10,89.12,4.47
1598,539339117,"01598M08:25:09.797","01598 07:37:57",216.28,896.25,,,,"     ",5.10,88.77,4.45
1598,539339118,"01598M08:25:10.770","01598 07:37:58",216.30,896.29,,,,"     ",5.10,88.23,4.42
1598,539339119,"01598M08:25:11.743","01598 07:37:59",216.33,896.29,,,,"     ",5.10,88.55,4.44
1598,539339120,"01598M08:25:12.716","01598 07:38:00",216.37,896.32,,,,"     ",5.10,88.56,4.44
1598,539339121,"01598M08:25:13.690","01598 07:38:01",216.40,896.33,,,,"     ",5.10,88.61,4.44
1598,539339122,"01598M08:25:14.663","01598 07:38:02",216.42,896.26,,,,"     ",5.10,88.59,4.44
1598,539339123,"01598M08:25:15.636","01598 07:38:03",216.45,896.22,,,,"     ",5.10,88.95,4.45
1598,539339124,"01598M08:25:16.609","01598 07:38:04",216.49,896.31,,,,"     ",5.10,88.39,4.42
1598,539339125,"01598M08:25:17.583","01598 07:38:05",216.52,896.31,,,,"     ",5.10,88.81,4.44
1598,539339126,"01598M08:25:18.556","01598 07:38:06",216.56,896.29,,,,"     ",5.10,88.45,4.42
1598,539339127,"01598M08:25:19.529","01598 07:38:07",216.59,896.36,,,,"     ",5.10,88.65,4.44
1598,539339128,"01598M08:25:20.503","01598 07:38:08",216.61,896.30,,,,"     ",5.10,88.55,4.43
1598,539339129,"01598M08:25:21.476","01598 07:38:09",216.62,896.34,,,,"     ",5.10,88.75,4.44
1598,539339130,"01598M08:25:22.449","01598 07:38:10",216.62,896.33,,,,"     ",5.10,88.42,4.42
1598,539339131,"01598M08:25:23.422","01598 07:38:11",216.61,896.25,,,,"     ",5.10,88.22,4.41
1598,539339132,"01598M08:25:24.396","01598 07:38:12",216.61,896.26,,,,"     ",5.10,88.95,4.44
1598,539339133,"01598M08:25:25.369","01598 07:38:13",216.61,896.29,,,,"     ",5.10,88.35,4.41
1598,539339134,"01598M08:25:26.342","01598 07:38:14",216.62,896.19,,,,"     ",5.10,88.50,4.42
1598,539339135,"01598M08:25:27.315","01598 07:38:15",216.64,896.28,,,,"     ",5.10,88.14,4.40
1598,539339136,"01598M08:25:28.289","01598 07:38:16",216.66,896.33,,,,"     ",5.10,88.48,4.41
1598,539339137,"01598M08:25:29.262","01598 07:38:17",216.67,896.35,,,,"     ",5.10,88.23,4.40
1598,539339138,"01598M08:25:30.235","01598 07:38:18",216.67,896.29,,,,"     ",5.10,89.03,4.44
1598,539339139,"01598M08:25:31.208","01598 07:38:19",216.66,896.31,,,,"     ",5.10,88.94,4.43
1598,539339140,"01598M08:25:32.182","01598 07:38:20",216.65,896.31,,,,"     ",5.10,88.54,4.41
1598,539339141,"01598M08:25:33.155","01598 07:38:21",216.64,896.31,,,,"     ",5.10,88.92,4.43
1598,539339142,"01598M08:25:34.128","01598 07:38:22",217.46,896.33,,,,"     ",5.10,88.97,4.43
1598,539339143,"01598M08:25:35.101","01598 07:38:22",217.47,896.35,,,,"     ",5.10,88.19,4.39
1598,539339144,"01598M08:25:36.075","01598 07:38:23",217.50,896.32,,,,"     ",5.10,88.37,4.39
1598,539339145,"01598M08:25:37.048","01598 07:38:24",216.73,896.38,,,,"     ",5.10,89.28,4.44
1598,539339146,"01598M08:25:38.021","01598 07:38:25",216.77,896.38,,,,"     ",5.10,88.41,4.39
1598,539339147,"01598M08:25:38.994","01598 07:38:26",216.80,896.37,,,,"     ",5.10,88.73,4.41
1598,539339148,"01598M08:25:39.968","01598 07:38:27",216.83,896.34,,,,"     ",5.10,88.01,4.37
1598,539339149,"01598M08:25:40.941","01598 07:38:28",216.86,896.36,,,,"     ",5.10,88.57,4.40
1598,539339150,"01598M08:25:41.914","01598 07:38:29",216.90,896.31,,,,"     ",5.10,88.54,4.40
1598,539339151,"01598M08:25:42.887","01598 07:38:30",217.67,896.34,,,,"     ",5.10,88.73,4.40
1598,539339152,"01598M08:25:43.861","01598 07:38:31",217.70,896.36,,,,"     ",5.10,88.55,4.39
1598,539339153,"01598M08:25:44.834","01598 07:38:32",217.73,896.38,,,,"     ",5.10,87.92,4.36
1598,539339154,"01598M08:25:45.807","01598 07:38:33",217.76,896.27,,,,"     ",5.10,88.60,4.39
1598,539339155,"01598M08:25:46.780","01598 07:38:34",217.81,896.27,,,,"     ",5.10,88.66,4.39
1598,539339156,"01598M08:25:47.754","01598 07:38:35",217.87,896.28,,,,"     ",5.10,88.41,4.38
1598,539339157,"01598M08:25:48.727","01598 07:38:36",217.94,896.33,,,,"     ",5.10,88.33,4.37
1598,539339158,"01598M08:25:49.700","01598 07:38:37",218.01,896.32,,,,"     ",5.10,88.54,4.38
1598,539339159,"01598M08:25:50.673","01598 07:38:38",218.08,896.27,,,,"     ",5.10,88.15,4.36
1598,539339160,"01598M08:25:51.647","01598 07:38:39",218.16,896.27,,,,"     ",5.10,88.42,4.37
1598,539339161,"01598M08:25:52.620","01598 07:38:40",218.24,896.30,,,,"     ",5.10,88.16,4.36
1598,539339162,"01598M08:25:53.593","01598 07:38:41",218.33,896.25,,,,"     ",5.10,88.34,4.36
1598,539339163,"01598M08:25:54.566","01598 07:38:42",218.42,896.18,,,,"     ",5.10,88.10,4.35
1598,539339164,"01598M08:25:55.540","01598 07:38:43",218.49,896.24,,,,"     ",5.10,89.16,4.40
1598,539339165,"01598M08:25:56.513","01598 07:38:44",218.47,896.23,,,,"     ",5.10,88.58,4.37
1598,539339166,"01598M08:25:57.486","01598 07:38:45",218.44,896.28,,,,"     ",5.10,87.79,4.33
1598,539339167,"01598M08:25:58.459","01598 07:38:46",218.41,896.17,,,,"     ",5.10,88.25,4.35
1598,539339168,"01598M08:25:59.433","01598 07:38:47",218.38,896.19,,,,"     ",5.10,88.54,4.36
1598,539339169,"01598M08:26:00.406","01598 07:38:48",218.34,896.23,,,,"     ",5.10,88.38,4.35
1598,539339170,"01598M08:26:01.379","01598 07:38:49",219.16,896.14,,,,"     ",5.10,88.34,4.35
1598,539339171,"01598M08:26:02.352","01598 07:38:50",219.27,896.20,,,,"     ",5.10,88.42,4.35
1598,539339172,"01598M08:26:03.326","01598 07:38:51",219.37,896.10,,,,"     ",5.10,88.75,4.37
1598,539339173,"01598M08:26:04.299","01598 07:38:52",219.47,896.17,,,,"     ",5.10,89.27,4.39
1598,539339174,"01598M08:26:05.272","01598 07:38:53",219.57,896.16,,,,"     ",5.10,88.01,4.32
1598,539339175,"01598M08:26:06.245","01598 07:38:54",219.66,896.15,,,,"     ",5.10,88.63,4.35
1598,539339176,"01598M08:26:07.219","01598 07:38:55",219.64,896.14,,,,"     ",5.10,88.56,4.35
1598,539339177,"01598M08:26:08.192","01598 07:38:56",219.58,896.18,,,,"     ",5.10,89.04,4.37
1598,539339178,"01598M08:26:09.165","01598 07:38:57",219.52,896.16,,,,"     ",5.10,89.04,4.37
1598,539339179,"01598M08:26:10.138","01598 07:38:58",219.47,896.14,,,,"     ",5.10,88.94,4.36
1598,539339180,"01598M08:26:11.112","01598 07:38:58",219.43,896.22,,,,"     ",5.10,89.64,4.39
1598,539339181,"01598M08:26:12.085","01598 07:38:59",219.40,896.19,,,,"     ",5.10,88.89,4.35
1598,539339182,"01598M08:26:13.058","01598 07:39:00",219.38,896.23,,,,"     ",5.10,88.87,4.35
1598,539339183,"01598M08:26:14.031","01598 07:39:01",219.36,896.19,,,,"     ",5.10,89.19,4.36
1598,539339184,"01598M08:26:15.005","01598 07:39:02",219.35,896.27,,,,"     ",5.10,89.43,4.37
1598,539339185,"01598M08:26:15.978","01598 07:39:03",219.34,896.19,,,,"     ",5.10,89.53,4.37
1598,539339186,"01598M08:26:16.951","01598 07:39:04",219.35,896.12,,,,"     ",5.10,89.50,4.37
1598,539339187,"01598M08:26:17.924","01598 07:39:05",219.35,896.15,,,,"     ",5.10,89.35,4.36
1598,539339188,"01598M08:26:18.898","01598 07:39:06",219.37,896.07,,,,"     ",5.10,89.23,4.35
1598,539339189,"01598M08:26:19.871","01598 07:39:07",219.39,896.14,,,,"     ",5.10,89.42,4.35
1598,539339190,"01598M08:26:20.844","01598 07:39:08",219.44,896.05,,,,"     ",5.10,89.15,4.34
1598,539339191,"01598M08:26:21.817","01598 07:39:09",219.52,896.17,,,,"     ",5.10,89.58,4.36
1598,539339192,"01598M08:26:22.791","01598 07:39:10",219.60,896.16,,,,"     ",5.10,89.69,4.36
1598,539339193,"01598M08:26:23.764","01598 07:39:11",219.69,896.15,,,,"     ",5.10,89.97,4.37
1598,539339194,"01598M08:26:24.737","01598 07:39:12",219.78,896.16,,,,"     ",5.10,90.09,4.37
1598,539339195,"01598M08:26:25.710","01598 07:39:13",219.86,896.14,,,,"     ",5.10,89.77,4.35
1598,539339196,"01598M08:26:26.684","01598 07:39:14",219.93,896.12,,,,"     ",5.10,89.27,4.33
1598,539339197,"01598M08:26:27.657","01598 07:39:15",219.98,896.12,,,,"     ",5.10,90.30,4.38
1598,539339198,"01598M08:26:28.630","01598 07:39:16",220.02,896.13,,,,"     ",5.10,89.94,4.35
1598,539339199,"01598M08:26:29.604","01598 07:39:17",220.05,896.16,,,,"     ",5.10,90.20,4.37
1598,539339200,"01598M08:26:30.577","01598 07:39:18",220.04,896.22,,,,"     ",5.10,90.49,4.38
1598,539339201,"01598M08:26:31.550","01598 07:39:19",220.02,896.17,,,,"     ",5.10,90.58,4.38
1598,539339202,"01598M08:26:32.523","01598 07:39:20",219.97,896.23,,,,"     ",5.10,90.38,4.37
1598,539339203,"01598M08:26:33.497","01598 07:39:21",219.90,896.16,,,,"     ",5.10,89.73,4.33
1598,539339204,"01598M08:26:34.470","01598 07:39:22",219.82,896.16,,,,"     ",5.10,90.07,4.34
1598,539339205,"01598M08:26:35.443","01598 07:39:23",219.72,896.15,,,,"     ",5.10,89.98,4.34
1598,539339206,"01598M08:26:36.416","01598 07:39:24",219.62,896.17,,,,"     ",5.10,90.20,4.34
1598,539339207,"01598M08:26:37.390","01598 07:39:25",219.52,896.23,,,,"     ",5.10,90.03,4.33
1598,539339208,"01598M08:26:38.363","01598 07:39:26",219.44,896.11,,,,"     ",5.10,90.37,4.35
1598,539339209,"01598M08:26:39.336","01598 07:39:27",219.37,896.21,,,,"     ",5.10,90.13,4.33
1598,539339210,"01598M08:26:40.309","01598 07:39:28",219.32,896.13,,,,"     ",5.10,90.59,4.35
1598,539339211,"01598M08:26:41.283","01598 07:39:29",219.29,896.12,,,,"     ",5.10,91.03,4.37
1598,539339212,"01598M08:26:42.256","01598 07:39:30",219.27,896.09,,,,"     ",5.10,90.48,4.34
1598,539339213,"01598M08:26:43.229","01598 07:39:31",219.26,896.14,,,,"     ",5.10,91.04,4.37
1598,539339214,"01598M08:26:44.202","01598 07:39:32",219.26,896.06,,,,"     ",5.10,90.89,4.36
1598,539339215,"01598M08:26:45.176","01598 07:39:33",219.26,896.18,,,,"     ",5.10,90.61,4.34
1598,539339216,"01598M08:26:46.149","01598 07:39:34",219.27,896.14,,,,"     ",5.10,90.51,4.33
1598,539339217,"01598M08:26:47.122","01598 07:39:34",219.29,896.16,,,,"     ",5.10,90.50,4.33
1598,539339218,"01598M08:26:48.095","01598 07:39:35",219.32,896.11,,,,"     ",5.10,90.86,4.34
1598,539339219,"01598M08:26:49.069","01598 07:39:36",219.36,896.10,,,,"     ",5.10,90.56,4.33
1598,539339220,"01598M08:26:50.042","01598 07:39:37",219.40,896.10,,,,"     ",5.10,90.69,4.33
1598,539339221,"01598M08:26:51.015","01598 07:39:38",219.45,896.11,,,,"     ",5.10,90.92,4.34
1598,539339222,"01598M08:26:51.988","01598 07:39:39",219.51,896.00,,,,"     ",5.10,90.68,4.32
1598,539339223,"01598M08:26:52.962","01598 07:39:40",219.55,896.19,,,,"     ",5.10,90.65,4.32
1598,539339224,"01598M08:26:53.935","01598 07:39:41",219.58,896.10,,,,"     ",5.10,90.25,4.30
1598,539339225,"01598M08:26:54.908","01598 07:39:42",219.60,896.10,,,,"     ",5.10,90.94,4.33
1598,539339226,"01598M08:26:55.881","01598 07:39:43",219.60,896.15,,,,"     ",5.10,90.72,4.32
1598,539339227,"01598M08:26:56.855","01598 07:39:44",219.60,896.12,,,,"     ",5.10,91.30,4.35
1598,539339228,"01598M08:26:57.828","01598 07:39:45",219.57,896.06,,,,"     ",5.10,91.05,4.33
1598,539339229,"01598M08:26:58.801","01598 07:39:46",219.54,896.03,,,,"     ",5.10,90.85,4.32
1598,539339230,"01598M08:26:59.774","01598 07:39:47",219.49,896.05,,,,"     ",5.10,90.63,4.31
1598,539339231,"01598M08:27:00.748","01598 07:39:48",219.44,896.06,,,,"     ",5.10,91.23,4.33
1598,539339232,"01598M08:27:01.721","01598 07:39:49",219.37,896.13,,,,"     ",5.10,90.78,4.31
1598,539339233,"01598M08:27:02.694","01598 07:39:50",219.31,896.05,,,,"     ",5.10,90.72,4.30
1598,539339234,"01598M08:27:03.667","01598 07:39:51",219.24,896.07,,,,"     ",5.10,91.49,4.34
1598,539339235,"01598M08:27:04.641","01598 07:39:52",219.17,896.02,,,,"     ",5.10,91.35,4.33
1598,539339236,"01598M08:27:05.614","01598 07:39:53",219.12,895.97,,,,"     ",5.10,91.08,4.32
1598,539339237,"01598M08:27:06.587","01598 07:39:54",219.07,896.04,,,,"     ",5.10,91.00,4.31
1598,539339238,"01598M08:27:07.560","01598 07:39:55",219.01,896.05,,,,"     ",5.10,91.18,4.32
1598,539339239,"01598M08:27:08.534","01598 07:39:56",218.96,895.98,,,,"     ",5.10,91.05,4.31
1598,539339240,"01598M08:27:09.507","01598 07:39:57",218.91,896.07,,,,"     ",5.10,91.22,4.32
1598,539339241,"01598M08:27:10.480","01598 07:39:58",218.86,896.09,,,,"     ",5.10,91.21,4.31
1598,539339242,"01598M08:27:11.453","01598 07:39:59",218.80,896.06,,,,"     ",5.10,91.60,4.33
1598,539339243,"01598M08:27:12.427","01598 07:40:00",218.75,896.12,,,,"     ",5.10,91.44,4.32
1598,539339244,"01598M08:27:13.400","01598 07:40:01",218.71,896.13,,,,"     ",5.10,91.31,4.31
1598,539339245,"01598M08:27:14.373","01598 07:40:02",218.68,896.10,,,,"     ",5.10,91.17,4.30
1598,539339246,"01598M08:27:15.346","01598 07:40:03",218.67,896.11,,,,"     ",5.10,91.53,4.32
1598,539339247,"01598M08:27:16.320","01598 07:40:04",218.68,896.10,,,,"     ",5.10,91.87,4.34
1598,539339248,"01598M08:27:17.293","01598 07:40:05",218.71,896.12,,,,"     ",5.10,91.58,4.32
1598,539339249,"01598M08:27:18.266","01598 07:40:06",218.75,896.05,,,,"     ",5.10,91.80,4.33
1598,539339250,"01598M08:27:19.239","01598 07:40:07",218.79,896.12,,,,"     ",5.10,91.60,4.32
1598,539339251,"01598M08:27:20.213","01598 07:40:08",218.83,896.12,,,,"     ",5.10,91.72,4.32
1598,539339252,"01598M08:27:21.186","01598 07:40:09",218.87,896.14,,,,"     ",5.10,91.78,4.32
1598,539339253,"01598M08:27:22.159","01598 07:40:10",218.91,896.13,,,,"     ",5.10,92.10,4.34
1598,539339254,"01598M08:27:23.132","01598 07:40:11",218.95,896.06,,,,"     ",5.10,91.82,4.32
1598,539339255,"01598M08:27:24.106","01598 07:40:11",218.98,896.10,,,,"     ",5.10,91.81,4.32
1598,539339256,"01598M08:27:25.079","01598 07:40:12",219.01,896.08,,,,"     ",5.10,91.40,4.30
1598,539339257,"01598M08:27:26.052","01598 07:40:13",219.04,896.07,,,,"     ",5.10,92.14,4.33
1598,539339258,"01598M08:27:27.025","01598 07:40:14",219.06,896.16,,,,"     ",5.10,91.70,4.31
1598,539339259,"01598M08:27:27.999","01598 07:40:15",219.07,896.13,,,,"     ",5.10,92.56,4.35
1598,539339260,"01598M08:27:28.972","01598 07:40:16",219.08,896.10,,,,"     ",5.10,92.19,4.33
1598,539339261,"01598M08:27:29.945","01598 07:40:17",219.08,896.09,,,,"     ",5.10,91.90,4.32
1598,539339262,"01598M08:27:30.918","01598 07:40:18",219.07,896.00,,,,"     ",5.10,92.03,4.32
1598,539339263,"01598M08:27:31.892","01598 07:40:19",219.06,896.01,,,,"     ",5.10,92.36,4.33
1598,539339264,"01598M08:27:32.865","01598 07:40:20",219.04,896.04,,,,"     ",5.10,92.28,4.33
1598,539339265,"01598M08:27:33.838","01598 07:40:21",219.02,895.95,,,,"     ",5.10,92.29,4.33
1598,539339266,"01598M08:27:34.811","01598 07:40:22",219.00,896.04,,,,"     ",5.10,92.25,4.32
1598,539339267,"01598M08:27:35.785","01598 07:40:23",218.98,896.03,,,,"     ",5.10,91.89,4.31
1598,539339268,"01598M08:27:36.758","01598 07:40:24",218.95,896.04,,,,"     ",5.10,91.85,4.30
1598,539339269,"01598M08:27:37.731","01598 07:40:25",218.92,896.05,,,,"     ",5.10,92.32,4.32
1598,539339270,"01598M08:27:38.705","01598 07:40:26",218.88,896.02,,,,"     ",5.10,92.03,4.31
1598,539339271,"01598M08:27:39.678","01598 07:40:27",218.85,896.00,,,,"     ",5.10,92.31,4.32
1598,539339272,"01598M08:27:40.651","01598 07:40:28",218.80,895.94,,,,"     ",5.10,92.69,4.34
1598,539339273,"01598M08:27:41.624","01598 07:40:29",218.72,896.02,,,,"     ",5.10,92.67,4.34
1598,539339274,"01598M08:27:42.598","01598 07:40:30",218.65,895.97,,,,"     ",5.10,91.96,4.30
1598,539339275,"01598M08:27:43.571","01598 07:40:31",218.59,895.91,,,,"     ",5.10,91.96,4.30
1598,539339276,"01598M08:27:44.544","01598 07:40:32",218.53,895.94,,,,"     ",5.10,93.30,4.36
1598,539339277,"01598M08:27:45.517","01598 07:40:33",218.48,895.96,,,,"     ",5.10,93.03,4.35
1598,539339278,"01598M08:27:46.491","01598 07:40:34",218.43,895.95,,,,"     ",5.10,92.25,4.31
1598,539339279,"01598M08:27:47.464","01598 07:40:35",218.36,896.01,,,,"     ",5.10,91.87,4.29
1598,539339280,"01598M08:27:48.437","01598 07:40:36",218.29,896.08,,,,"     ",5.10,92.31,4.31
1598,539339281,"01598M08:27:49.410","01598 07:40:37",218.21,896.00,,,,"     ",5.10,92.35,4.31
1598,539339282,"01598M08:27:50.384","01598 07:40:38",218.13,896.01,,,,"     ",5.10,92.62,4.32
1598,539339283,"01598M08:27:51.357","01598 07:40:39",218.05,895.95,,,,"     ",5.10,92.77,4.33
1598,539339284,"01598M08:27:52.330","01598 07:40:40",217.98,895.92,,,,"     ",5.10,93.19,4.35
1598,539339285,"01598M08:27:53.303","01598 07:40:41",217.93,895.92,,,,"     ",5.10,92.58,4.32
1598,539339286,"01598M08:27:54.277","01598 07:40:42",217.90,895.97,,,,"     ",5.10,92.48,4.31
1598,539339287,"01598M08:27:55.250","01598 07:40:43",217.03,895.99,,,,"     ",5.10,92.72,4.32
1598,539339288,"01598M08:27:56.223","01598 07:40:44",217.05,895.96,,,,"     ",5.10,92.85,4.32
1598,539339289,"01598M08:27:57.196","01598 07:40:45",217.06,895.95,,,,"     ",5.10,93.06,4.33
1598,539339290,"01598M08:27:58.170","01598 07:40:46",217.07,895.95,,,,"     ",5.10,92.90,4.33
1598,539339291,"01598M08:27:59.143","01598 07:40:47",217.07,895.97,,,,"     ",5.10,93.04,4.33
1598,539339292,"01598M08:28:00.116","01598 07:40:47",217.07,895.97,,,,"     ",5.10,93.38,4.35
1598,539339293,"01598M08:28:01.089","01598 07:40:48",217.08,896.02,,,,"     ",5.10,92.62,4.31
1598,539339294,"01598M08:28:02.063","01598 07:40:49",217.08,895.95,,,,"     ",5.10,93.19,4.33
1598,539339295,"01598M08:28:03.036","01598 07:40:50",217.08,896.00,,,,"     ",5.10,93.36,4.34
1598,539339296,"01598M08:28:04.009","01598 07:40:51",217.06,895.96,,,,"     ",5.10,93.21,4.33
1598,539339297,"01598M08:28:04.982","01598 07:40:52",217.04,895.87,,,,"     ",5.10,93.33,4.34
1598,539339298,"01598M08:28:05.956","01598 07:40:53",217.00,895.86,,,,"     ",5.10,93.96,4.36
1598,539339299,"01598M08:28:06.929","01598 07:40:54",216.95,895.95,,,,"     ",5.10,93.41,4.34
1598,539339300,"01598M08:28:07.902","01598 07:40:55",216.91,895.93,,,,"     ",5.10,93.60,4.34
1598,539339301,"01598M08:28:08.875","01598 07:40:56",216.89,895.98,,,,"     ",5.10,93.34,4.33
1598,539339302,"01598M08:28:09.849","01598 07:40:57",216.88,895.93,,,,"     ",5.10,93.40,4.33
1598,539339303,"01598M08:28:10.822","01598 07:40:58",216.90,895.91,,,,"     ",5.10,93.86,4.35
1598,539339304,"01598M08:28:11.795","01598 07:40:59",216.93,895.95,,,,"     ",5.10,93.10,4.32
1598,539339305,"01598M08:28:12.768","01598 07:41:00",216.96,895.93,,,,"     ",5.10,93.75,4.35
1598,539339306,"01598M08:28:13.742","01598 07:41:01",216.99,895.93,,,,"     ",5.10,93.22,4.32
1598,539339307,"01598M08:28:14.715","01598 07:41:02",217.01,895.93,,,,"     ",5.10,93.34,4.32
1598,539339308,"01598M08:28:15.688","01598 07:41:03",217.01,895.95,,,,"     ",5.10,93.83,4.35
1598,539339309,"01598M08:28:16.661","01598 07:41:04",217.00,895.92,,,,"     ",5.10,93.36,4.32
1598,539339310,"01598M08:28:17.635","01598 07:41:05",216.99,895.88,,,,"     ",5.10,93.23,4.31
1598,539339311,"01598M08:28:18.608","01598 07:41:06",216.97,895.91,,,,"     ",5.10,93.53,4.33
1598,539339312,"01598M08:28:19.581","01598 07:41:07",216.95,895.89,,,,"     ",5.10,93.18,4.31
1598,539339313,"01598M08:28:20.554","01598 07:41:08",216.93,895.91,,,,"     ",5.10,93.31,4.32
1598,539339314,"01598M08:28:21.528","01598 07:41:09",216.89,895.87,,,,"     ",5.10,93.11,4.30
1598,539339315,"01598M08:28:22.501","01598 07:41:10",216.83,895.93,,,,"     ",5.10,93.39,4.32
1598,539339316,"01598M08:28:23.474","01598 07:41:11",216.77,895.86,,,,"     ",5.10,93.79,4.33
1598,539339317,"01598M08:28:24.447","01598 07:41:12",216.71,895.91,,,,"     ",5.10,93.78,4.33
1598,539339318,"01598M08:28:25.421","01598 07:41:13",216.67,895.89,,,,"     ",5.10,93.75,4.33
1598,539339319,"01598M08:28:26.394","01598 07:41:14",216.64,895.89,,,,"     ",5.10,93.50,4.32
1598,539339320,"01598M08:28:27.367","01598 07:41:15",216.64,895.84,,,,"     ",5.10,94.53,4.36
1598,539339321,"01598M08:28:28.340","01598 07:41:16",216.66,895.82,,,,"     ",5.10,93.32,4.30
1598,539339322,"01598M08:28:29.314","01598 07:41:17",216.69,895.88,,,,"     ",5.10,93.53,4.31
1598,539339323,"01598M08:28:30.287","01598 07:41:18",216.73,895.85,,,,"     ",5.10,92.65,4.27
1598,539339324,"01598M08:28:31.260","01598 07:41:19",216.77,895.90,,,,"     ",5.10,93.35,4.30
1598,539339325,"01598M08:28:32.233","01598 07:41:20",216.83,895.95,,,,"     ",5.10,93.67,4.32
1598,539339326,"01598M08:28:33.207","01598 07:41:21",216.89,895.91,,,,"     ",5.10,94.08,4.33
1598,539339327,"01598M08:28:34.180","01598 07:41:22",216.97,895.92,,,,"     ",5.10,93.47,4.31
1598,539339328,"01598M08:28:35.153","01598 07:41:23",217.05,895.97,,,,"     ",5.10,93.74,4.32
1598,539339329,"01598M08:28:36.126","01598 07:41:23",217.14,895.90,,,,"     ",5.10,93.81,4.32
1598,539339330,"01598M08:28:37.100","01598 07:41:24",217.24,895.86,,,,"     ",5.10,94.06,4.33
1598,539339331,"01598M08:28:38.073","01598 07:41:25",217.33,895.82,,,,"     ",5.10,93.52,4.30
1598,539339332,"01598M08:28:39.046","01598 07:41:26",217.41,895.88,,,,"     ",5.10,93.95,4.32
1598,539339333,"01598M08:28:40.019","01598 07:41:27",217.48,895.82,,,,"     ",5.10,93.63,4.30
1598,539339334,"01598M08:28:40.993","01598 07:41:28",217.54,895.88,,,,"     ",5.10,93.72,4.31
1598,539339335,"01598M08:28:41.966","01598 07:41:29",217.59,895.79,,,,"     ",5.10,93.80,4.31
1598,539339336,"01598M08:28:42.939","01598 07:41:30",217.63,895.85,,,,"     ",5.10,93.64,4.30
1598,539339337,"01598M08:28:43.912","01598 07:41:31",217.66,895.82,,,,"     ",5.10,93.50,4.29
1598,539339338,"01598M08:28:44.886","01598 07:41:32",217.67,895.82,,,,"     ",5.10,93.78,4.30
1598,539339339,"01598M08:28:45.859","01598 07:41:33",217.66,895.70,,,,"     ",5.10,93.69,4.29
1598,539339340,"01598M08:28:46.832","01598 07:41:34",217.62,895.75,,,,"     ",5.10,93.58,4.29
1598,539339341,"01598M08:28:47.806","01598 07:41:35",217.56,895.82,,,,"     ",5.10,93.98,4.31
1598,539339342,"01598M08:28:48.779","01598 07:41:36",217.48,895.80,,,,"     ",5.10,93.91,4.30
1598,539339343,"01598M08:28:49.752","01598 07:41:37",217.38,895.73,,,,"     ",5.10,94.07,4.31
1598,539339344,"01598M08:28:50.725","01598 07:41:38",217.29,895.79,,,,"     ",5.10,93.96,4.30
1598,539339345,"01598M08:28:51.699","01598 07:41:39",217.19,895.81,,,,"     ",5.10,93.51,4.28
1598,539339346,"01598M08:28:52.672","01598 07:41:40",217.09,895.80,,,,"     ",5.10,93.88,4.29
1598,539339347,"01598M08:28:53.645","01598 07:41:41",217.01,895.72,,,,"     ",5.10,93.85,4.29
1598,539339348,"01598M08:28:54.618","01598 07:41:42",216.92,895.74,,,,"     ",5.10,94.09,4.30
1598,539339349,"01598M08:28:55.592","01598 07:41:43",216.84,895.81,,,,"     ",5.10,93.69,4.28
1598,539339350,"01598M08:28:56.565","01598 07:41:44",216.76,895.70,,,,"     ",5.10,93.98,4.29
1598,539339351,"01598M08:28:57.538","01598 07:41:45",216.69,895.75,,,,"     ",5.10,94.48,4.31
1598,539339352,"01598M08:28:58.511","01598 07:41:46",216.63,895.76,,,,"     ",5.10,94.06,4.29
1598,539339353,"01598M08:28:59.485","01598 07:41:47",216.59,895.77,,,,"     ",5.10,94.12,4.29
1598,539339354,"01598M08:29:00.458","01598 07:41:48",216.54,895.72,,,,"     ",5.10,94.12,4.29
1598,539339355,"01598M08:29:01.431","01598 07:41:49",216.51,895.68,,,,"     ",5.10,93.83,4.27
1598,539339356,"01598M08:29:02.404","01598 07:41:50",216.49,895.61,,,,"     ",5.10,94.50,4.31
1598,539339357,"01598M08:29:03.378","01598 07:41:51",216.47,895.65,,,,"     ",5.10,94.10,4.28
1598,539339358,"01598M08:29:04.351","01598 07:41:52",216.45,895.68,,,,"     ",5.10,94.53,4.30
1598,539339359,"01598M08:29:05.324","01598 07:41:53",216.42,895.66,,,,"     ",5.10,94.65,4.31
1598,539339360,"01598M08:29:06.297","01598 07:41:54",216.38,895.66,,,,"     ",5.10,94.81,4.31
1598,539339361,"01598M08:29:07.271","01598 07:41:55",216.35,895.71,,,,"     ",5.10,94.30,4.29
1598,539339362,"01598M08:29:08.244","01598 07:41:56",216.33,895.68,,,,"     ",5.10,94.16,4.28
1598,539339363,"01598M08:29:09.217","01598 07:41:57",216.32,895.67,,,,"     ",5.10,94.44,4.29
1598,539339364,"01598M08:29:10.190","01598 07:41:58",216.31,895.71,,,,"     ",5.10,94.72,4.30
1598,539339365,"01598M08:29:11.164","01598 07:41:59",216.31,895.71,,,,"     ",5.10,95.32,4.33
1598,539339366,"01598M08:29:12.137","01598 07:41:59",216.31,895.71,,,,"     ",5.10,95.41,4.33
1598,539339367,"01598M08:29:13.110","01598 07:42:00",216.32,895.72,,,,"     ",5.10,95.63,4.34
1598,539339368,"01598M08:29:14.083","01598 07:42:01",216.34,895.70,,,,"     ",5.10,95.24,4.32
1598,539339369,"01598M08:29:15.057","01598 07:42:02",216.38,895.72,,,,"     ",5.10,94.85,4.30
1598,539339370,"01598M08:29:16.030","01598 07:42:03",216.42,895.69,,,,"     ",5.10,95.48,4.33
1598,539339371,"01598M08:29:17.003","01598 07:42:04",216.47,895.66,,,,"     ",5.10,95.32,4.32
1598,539339372,"01598M08:29:17.976","01598 07:42:05",216.51,895.70,,,,"     ",5.10,95.79,4.34
1598,539339373,"01598M08:29:18.950","01598 07:42:06",216.54,895.62,,,,"     ",5.10,95.44,4.32
1598,539339374,"01598M08:29:19.923","01598 07:42:07",216.57,895.61,,,,"     ",5.10,95.31,4.32
1598,539339375,"01598M08:29:20.896","01598 07:42:08",216.57,895.65,,,,"     ",5.10,96.00,4.35
1598,539339376,"01598M08:29:21.869","01598 07:42:09",216.56,895.70,,,,"     ",5.10,95.75,4.34
1598,539339377,"01598M08:29:22.843","01598 07:42:10",216.54,895.62,,,,"     ",5.10,96.22,4.35
1598,539339378,"01598M08:29:23.816","01598 07:42:11",216.50,895.71,,,,"     ",5.10,96.11,4.35
1598,539339379,"01598M08:29:24.789","01598 07:42:12",216.45,895.73,,,,"     ",5.10,95.88,4.34
1598,539339380,"01598M08:29:25.762","01598 07:42:13",216.39,895.70,,,,"     ",5.10,95.84,4.33
1598,539339381,"01598M08:29:26.736","01598 07:42:14",216.34,895.72,,,,"     ",5.10,95.77,4.33
1598,539339382,"01598M08:29:27.709","01598 07:42:15",216.30,895.69,,,,"     ",5.10,96.09,4.34
1598,539339383,"01598M08:29:28.682","01598 07:42:16",216.28,895.69,,,,"     ",5.10,95.80,4.33
1598,539339384,"01598M08:29:29.655","01598 07:42:17",216.26,895.70,,,,"     ",5.10,95.82,4.33
1598,539339385,"01598M08:29:30.629","01598 07:42:18",216.25,895.68,,,,"     ",5.10,96.11,4.34
1598,539339386,"01598M08:29:31.602","01598 07:42:19",216.26,895.71,,,,"     ",5.10,96.03,4.33
1598,539339387,"01598M08:29:32.575","01598 07:42:20",216.27,895.71,,,,"     ",5.10,95.73,4.32
1598,539339388,"01598M08:29:33.548","01598 07:42:21",216.31,895.73,,,,"     ",5.10,96.34,4.35
1598,539339389,"01598M08:29:34.522","01598 07:42:22",216.36,895.65,,,,"     ",5.10,96.44,4.35
1598,539339390,"01598M08:29:35.495","01598 07:42:23",216.42,895.69,,,,"     ",5.10,96.59,4.36
1598,539339391,"01598M08:29:36.468","01598 07:42:24",216.50,895.59,,,,"     ",5.10,96.43,4.34
1598,539339392,"01598M08:29:37.441","01598 07:42:25",216.59,895.63,,,,"     ",5.10,96.13,4.33
1598,539339393,"01598M08:29:38.415","01598 07:42:26",216.69,895.62,,,,"     ",5.10,96.03,4.32
1598,539339394,"01598M08:29:39.388","01598 07:42:27",216.82,895.57,,,,"     ",5.10,96.35,4.34
1598,539339395,"01598M08:29:40.361","01598 07:42:28",216.95,895.70,,,,"     ",5.10,96.07,4.32
1598,539339396,"01598M08:29:41.334","01598 07:42:29",217.08,895.66,,,,"     ",5.10,96.00,4.32
1598,539339397,"01598M08:29:42.308","01598 07:42:30",217.20,895.64,,,,"     ",5.10,96.04,4.32
1598,539339398,"01598M08:29:43.281","01598 07:42:31",217.33,895.64,,,,"     ",5.10,96.60,4.34
1598,539339399,"01598M08:29:44.254","01598 07:42:32",217.44,895.63,,,,"     ",5.10,96.76,4.35
1598,539339400,"01598M08:29:45.227","01598 07:42:33",217.56,895.65,,,,"     ",5.10,96.49,4.34
1598,539339401,"01598M08:29:46.201","01598 07:42:34",217.66,895.63,,,,"     ",5.10,95.81,4.30
1598,539339402,"01598M08:29:47.174","01598 07:42:35",217.76,895.58,,,,"     ",5.10,96.47,4.33
1598,539339403,"01598M08:29:48.147","01598 07:42:35",217.85,895.60,,,,"     ",5.10,96.53,4.33
1598,539339404,"01598M08:29:49.120","01598 07:42:36",217.94,895.55,,,,"     ",5.10,96.39,4.32
1598,539339405,"01598M08:29:50.094","01598 07:42:37",218.02,895.61,,,,"     ",5.10,97.00,4.35
1598,539339406,"01598M08:29:51.067","01598 07:42:38",218.11,895.61,,,,"     ",5.10,96.59,4.33
1598,539339407,"01598M08:29:52.040","01598 07:42:39",218.20,895.56,,,,"     ",5.10,96.91,4.34
1598,539339408,"01598M08:29:53.013","01598 07:42:40",218.31,895.69,,,,"     ",5.10,96.46,4.32
1598,539339409,"01598M08:29:53.987","01598 07:42:41",218.43,895.59,,,,"     ",5.10,96.73,4.33
1598,539339410,"01598M08:29:54.960","01598 07:42:42",218.56,895.63,,,,"     ",5.10,96.94,4.33
1598,539339411,"01598M08:29:55.933","01598 07:42:43",219.23,895.66,,,,"     ",5.10,97.06,4.34
1598,539339412,"01598M08:29:56.906","01598 07:42:44",219.36,895.63,,,,"     ",5.10,96.47,4.31
1598,539339413,"01598M08:29:57.880","01598 07:42:45",219.49,895.55,,,,"     ",5.10,97.09,4.33
1598,539339414,"01598M08:29:58.853","01598 07:42:46",219.61,895.50,,,,"     ",5.10,96.49,4.30
1598,539339415,"01598M08:29:59.826","01598 07:42:47",219.73,895.54,,,,"     ",5.10,97.34,4.34
1598,539339416,"01598M08:30:00.800","01598 07:42:48",219.83,895.55,,,,"     ",5.10,97.11,4.32
1598,539339417,"01598M08:30:01.773","01598 07:42:49",219.92,895.53,,,,"     ",5.10,96.94,4.31
1598,539339418,"01598M08:30:02.746","01598 07:42:50",220.00,895.53,,,,"     ",5.10,97.44,4.33
1598,539339419,"01598M08:30:03.719","01598 07:42:51",220.07,895.53,,,,"     ",5.10,96.77,4.30
1598,539339420,"01598M08:30:04.693","01598 07:42:52",220.09,895.47,,,,"     ",5.10,97.13,4.31
1598,539339421,"01598M08:30:05.666","01598 07:42:53",220.13,895.53,,,,"     ",5.10,97.17,4.31
1598,539339422,"01598M08:30:06.639","01598 07:42:54",220.17,895.47,,,,"     ",5.10,97.63,4.33
1598,539339423,"01598M08:30:07.612","01598 07:42:55",220.22,895.52,,,,"     ",5.10,97.69,4.33
1598,539339424,"01598M08:30:08.586","01598 07:42:56",220.27,895.50,,,,"     ",5.10,97.45,4.32
1598,539339425,"01598M08:30:09.559","01598 07:42:57",220.33,895.50,,,,"     ",5.10,97.15,4.30
1598,539339426,"01598M08:30:10.532","01598 07:42:58",220.39,895.48,,,,"     ",5.10,97.17,4.30
1598,539339427,"01598M08:30:11.505","01598 07:42:59",220.45,895.51,,,,"     ",5.10,97.45,4.31
1598,539339428,"01598M08:30:12.479","01598 07:43:00",220.52,895.61,,,,"     ",5.10,97.32,4.30
1598,539339429,"01598M08:30:13.452","01598 07:43:01",220.59,895.50,,,,"     ",5.10,97.03,4.28
1598,539339430,"01598M08:30:14.425","01598 07:43:02",220.68,895.54,,,,"     ",5.10,97.43,4.30
1598,539339431,"01598M08:30:15.398","01598 07:43:03",220.77,895.48,,,,"     ",5.10,97.79,4.31
1598,539339432,"01598M08:30:16.372","01598 07:43:04",220.87,895.52,,,,"     ",5.10,97.73,4.30
1598,539339433,"01598M08:30:17.345","01598 07:43:05",220.97,895.50,,,,"     ",5.10,98.10,4.32
1598,539339434,"01598M08:30:18.318","01598 07:43:06",221.08,895.48,,,,"     ",5.10,98.00,4.31
1598,539339435,"01598M08:30:19.291","01598 07:43:07",221.18,895.49,,,,"     ",5.10,97.33,4.27
1598,539339436,"01598M08:30:20.265","01598 07:43:08",221.28,895.46,,,,"     ",5.10,97.77,4.29
1598,539339437,"01598M08:30:21.238","01598 07:43:09",221.38,895.42,,,,"     ",5.10,98.05,4.30
1598,539339438,"01598M08:30:22.211","01598 07:43:10",221.46,895.50,,,,"     ",5.10,97.99,4.29
1598,539339439,"01598M08:30:23.184","01598 07:43:11",221.53,895.50,,,,"     ",5.10,98.08,4.29
1598,539339440,"01598M08:30:24.158","01598 07:43:11",221.58,895.40,,,,"     ",5.10,97.88,4.28
1598,539339441,"01598M08:30:25.131","01598 07:43:12",221.60,895.45,,,,"     ",5.10,98.57,4.31
1598,539339442,"01598M08:30:26.104","01598 07:43:13",221.61,895.39,,,,"     ",5.10,98.17,4.29
1598,539339443,"01598M08:30:27.077","01598 07:43:14",221.60,895.42,,,,"     ",5.10,97.79,4.27
1598,539339444,"01598M08:30:28.051","01598 07:43:15",221.56,895.40,,,,"     ",5.10,98.27,4.28
1598,539339445,"01598M08:30:29.024","01598 07:43:16",221.51,895.35,,,,"     ",5.10,98.62,4.30
1598,539339446,"01598M08:30:29.997","01598 07:43:17",221.44,895.41,,,,"     ",5.10,98.53,4.29
1598,539339447,"01598M08:30:30.970","01598 07:43:18",221.36,895.41,,,,"     ",5.10,97.98,4.26
1598,539339448,"01598M08:30:31.944","01598 07:43:19",221.27,895.34,,,,"     ",5.10,98.74,4.29
1598,539339449,"01598M08:30:32.917","01598 07:43:20",221.18,895.33,,,,"     ",5.10,98.05,4.26
1598,539339450,"01598M08:30:33.890","01598 07:43:21",221.10,895.34,,,,"     ",5.10,98.30,4.26
1598,539339451,"01598M08:30:34.863","01598 07:43:22",221.03,895.35,,,,"     ",5.10,98.65,4.28
1598,539339452,"01598M08:30:35.837","01598 07:43:23",220.97,895.38,,,,"     ",5.10,98.09,4.25
1598,539339453,"01598M08:30:36.810","01598 07:43:24",220.92,895.41,,,,"     ",5.10,98.40,4.26
1598,539339454,"01598M08:30:37.783","01598 07:43:25",220.90,895.44,,,,"     ",5.10,97.79,4.23
1598,539339455,"01598M08:30:38.756","01598 07:43:26",220.89,895.41,,,,"     ",5.10,98.33,4.25
1598,539339456,"01598M08:30:39.730","01598 07:43:27",220.91,895.51,,,,"     ",5.10,97.78,4.22
1598,539339457,"01598M08:30:40.703","01598 07:43:28",220.95,895.32,,,,"     ",5.10,97.55,4.21
1598,539339458,"01598M08:30:41.676","01598 07:43:29",221.02,895.35,,,,"     ",5.10,98.13,4.23
1598,539339459,"01598M08:30:42.649","01598 07:43:30",221.08,895.50,,,,"     ",5.10,98.15,4.23
1598,539339460,"01598M08:30:43.623","01598 07:43:31",221.13,895.46,,,,"     ",5.10,98.15,4.22
1598,539339461,"01598M08:30:44.596","01598 07:43:32",221.17,895.44,,,,"     ",5.10,97.93,4.21
1598,539339462,"01598M08:30:45.569","01598 07:43:33",221.21,895.45,,,,"     ",5.10,98.38,4.23
1598,539339463,"01598M08:30:46.542","01598 07:43:34",221.24,895.45,,,,"     ",5.10,98.24,4.22
1598,539339464,"01598M08:30:47.516","01598 07:43:35",221.29,895.48,,,,"     ",5.10,97.98,4.20
1598,539339465,"01598M08:30:48.489","01598 07:43:36",221.33,895.50,,,,"     ",5.10,97.79,4.19
1598,539339466,"01598M08:30:49.462","01598 07:43:37",221.37,895.43,,,,"     ",5.10,98.53,4.22
1598,539339467,"01598M08:30:50.435","01598 07:43:38",221.41,895.40,,,,"     ",5.10,98.44,4.21
1598,539339468,"01598M08:30:51.409","01598 07:43:39",221.46,895.46,,,,"     ",5.10,98.38,4.21
1598,539339469,"01598M08:30:52.382","01598 07:43:40",221.51,895.53,,,,"     ",5.10,98.46,4.21
1598,539339470,"01598M08:30:53.355","01598 07:43:41",221.56,895.46,,,,"     ",5.10,98.25,4.20
1598,539339471,"01598M08:30:54.328","01598 07:43:42",221.60,895.42,,,,"     ",5.10,98.01,4.18
1598,539339472,"01598M08:30:55.302","01598 07:43:43",221.65,895.47,,,,"     ",5.10,98.23,4.19
1598,539339473,"01598M08:30:56.275","01598 07:43:44",221.69,895.35,,,,"     ",5.10,98.59,4.20
1598,539339474,"01598M08:30:57.248","01598 07:43:45",221.74,895.33,,,,"     ",5.10,98.62,4.20
1598,539339475,"01598M08:30:58.221","01598 07:43:46",221.78,895.40,,,,"     ",5.10,98.80,4.21
1598,539339476,"01598M08:30:59.195","01598 07:43:47",221.82,895.40,,,,"     ",5.10,98.94,4.21
1598,539339477,"01598M08:31:00.168","01598 07:43:47",221.87,895.39,,,,"     ",5.10,98.12,4.17
1598,539339478,"01598M08:31:01.141","01598 07:43:48",220.89,895.40,,,,"     ",5.10,98.38,4.18
1598,539339479,"01598M08:31:02.114","01598 07:43:49",220.99,895.40,,,,"     ",5.10,98.27,4.17
1598,539339480,"01598M08:31:03.088","01598 07:43:50",221.08,895.48,,,,"     ",5.10,99.19,4.21
1598,539339481,"01598M08:31:04.061","01598 07:43:51",221.15,895.45,,,,"     ",5.10,99.21,4.21
1598,539339482,"01598M08:31:05.034","01598 07:43:52",221.21,895.43,,,,"     ",5.10,99.14,4.20
1598,539339483,"01598M08:31:06.007","01598 07:43:53",221.24,895.48,,,,"     ",5.10,99.38,4.21
1598,539339484,"01598M08:31:06.981","01598 07:43:54",221.27,895.46,,,,"     ",5.10,99.37,4.21
1598,539339485,"01598M08:31:07.954","01598 07:43:55",221.28,895.39,,,,"     ",5.10,98.42,4.16
1598,539339486,"01598M08:31:08.927","01598 07:43:56",221.27,895.43,,,,"     ",5.10,99.08,4.19
1598,539339487,"01598M08:31:09.901","01598 07:43:57",221.25,895.48,,,,"     ",5.10,99.14,4.19
1598,539339488,"01598M08:31:10.874","01598 07:43:58",221.22,895.43,,,,"     ",5.10,99.91,4.22
1598,539339489,"01598M08:31:11.847","01598 07:43:59",221.18,895.42,,,,"     ",5.10,99.65,4.21
1598,539339490,"01598M08:31:12.820","01598 07:44:00",221.12,895.32,,,,"     ",5.10,99.83,4.21
1598,539339491,"01598M08:31:13.794","01598 07:44:01",221.02,895.40,,,,"     ",5.10,99.27,4.19
1598,539339492,"01598M08:31:14.767","01598 07:44:02",220.89,895.33,,,,"     ",5.10,99.43,4.19
1598,539339493,"01598M08:31:15.740","01598 07:44:03",220.79,895.32,,,,"     ",5.10,99.63,4.20
1598,539339494,"01598M08:31:16.713","01598 07:44:04",220.72,895.32,,,,"     ",5.10,99.55,4.19
1598,539339495,"01598M08:31:17.687","01598 07:44:05",220.68,895.35,,,,"     ",5.10,99.24,4.18
1598,539339496,"01598M08:31:18.660","01598 07:44:06",220.63,895.32,,,,"     ",5.10,99.27,4.18
1598,539339497,"01598M08:31:19.633","01598 07:44:07",220.59,895.29,,,,"     ",5.10,99.66,4.19
1598,539339498,"01598M08:31:20.606","01598 07:44:08",220.55,895.33,,,,"     ",5.10,99.65,4.19
1598,539339499,"01598M08:31:21.580","01598 07:44:09",220.53,895.34,,,,"     ",5.10,99.78,4.19
1598,539339500,"01598M08:31:22.553","01598 07:44:10",220.52,895.23,,,,"     ",5.10,100.02,4.20
1598,539339501,"01598M08:31:23.526","01598 07:44:11",220.52,895.31,,,,"     ",5.10,99.55,4.18
1598,539339502,"01598M08:31:24.499","01598 07:44:12",220.54,895.36,,,,"     ",5.10,99.65,4.18
1598,539339503,"01598M08:31:25.473","01598 07:44:13",220.57,895.43,,,,"     ",5.10,100.09,4.20
1598,539339504,"01598M08:31:26.446","01598 07:44:14",220.59,895.42,,,,"     ",5.10,99.83,4.19
1598,539339505,"01598M08:31:27.419","01598 07:44:15",220.60,895.37,,,,"     ",5.10,99.01,4.15
1598,539339506,"01598M08:31:28.392","01598 07:44:16",220.59,895.32,,,,"     ",5.10,99.98,4.19
1598,539339507,"01598M08:31:29.366","01598 07:44:17",220.56,895.39,,,,"     ",5.10,99.49,4.17
1598,539339508,"01598M08:31:30.339","01598 07:44:18",220.54,895.38,,,,"     ",5.10,99.49,4.17
1598,539339509,"01598M08:31:31.312","01598 07:44:19",220.52,895.40,,,,"     ",5.10,99.96,4.18
1598,539339510,"01598M08:31:32.285","01598 07:44:20",220.52,895.37,,,,"     ",5.10,100.05,4.19
1598,539339511,"01598M08:31:33.259","01598 07:44:21",220.54,895.40,,,,"     ",5.10,99.73,4.17
1598,539339512,"01598M08:31:34.232","01598 07:44:22",220.59,895.38,,,,"     ",5.10,99.77,4.17
1598,539339513,"01598M08:31:35.205","01598 07:44:23",220.65,895.41,,,,"     ",5.10,100.43,4.20
1598,539339514,"01598M08:31:36.178","01598 07:44:24",220.70,895.33,,,,"     ",5.10,100.16,4.19
1598,539339515,"01598M08:31:37.152","01598 07:44:24",220.74,895.27,,,,"     ",5.10,99.86,4.17
1598,539339516,"01598M08:31:38.125","01598 07:44:25",220.75,895.27,,,,"     ",5.10,100.07,4.18
1598,539339517,"01598M08:31:39.098","01598 07:44:26",220.75,895.20,,,,"     ",5.10,99.78,4.17
1598,539339518,"01598M08:31:40.071","01598 07:44:27",220.72,895.22,,,,"     ",5.10,101.30,4.23
1598,539339519,"01598M08:31:41.045","01598 07:44:28",220.68,895.21,,,,"     ",5.10,100.45,4.19
1598,539339520,"01598M08:31:42.018","01598 07:44:29",220.64,895.31,,,,"     ",5.10,99.95,4.17
1598,539339521,"01598M08:31:42.991","01598 07:44:30",220.58,895.21,,,,"     ",5.10,100.19,4.18
1598,539339522,"01598M08:31:43.964","01598 07:44:31",220.51,895.23,,,,"     ",5.10,100.08,4.17
1598,539339523,"01598M08:31:44.938","01598 07:44:32",220.43,895.24,,,,"     ",5.10,100.27,4.18
1598,539339524,"01598M08:31:45.911","01598 07:44:33",220.37,895.25,,,,"     ",5.10,100.26,4.17
1598,539339525,"01598M08:31:46.884","01598 07:44:34",220.33,895.23,,,,"     ",5.10,100.29,4.17
1598,539339526,"01598M08:31:47.857","01598 07:44:35",220.28,895.15,,,,"     ",5.10,100.09,4.16
1598,539339527,"01598M08:31:48.831","01598 07:44:36",220.25,895.30,,,,"     ",5.10,100.58,4.18
1598,539339528,"01598M08:31:49.804","01598 07:44:37",220.24,895.29,,,,"     ",5.10,100.44,4.18
1598,539339529,"01598M08:31:50.777","01598 07:44:38",220.27,895.34,,,,"     ",5.10,100.89,4.19
1598,539339530,"01598M08:31:51.750","01598 07:44:39",220.35,895.26,,,,"     ",5.10,100.79,4.19
1598,539339531,"01598M08:31:52.724","01598 07:44:40",220.48,895.24,,,,"     ",5.10,101.03,4.20
1598,539339532,"01598M08:31:53.697","01598 07:44:41",220.64,895.25,,,,"     ",5.10,100.68,4.18
1598,539339533,"01598M08:31:54.670","01598 07:44:42",220.82,895.25,,,,"     ",5.10,100.94,4.19
1598,539339534,"01598M08:31:55.643","01598 07:44:43",220.99,895.28,,,,"     ",5.10,100.38,4.16
1598,539339535,"01598M08:31:56.617","01598 07:44:44",221.14,895.23,,,,"     ",5.10,100.76,4.18
1598,539339536,"01598M08:31:57.590","01598 07:44:45",221.24,895.15,,,,"     ",5.10,100.69,4.17
1598,539339537,"01598M08:31:58.563","01598 07:44:46",221.31,895.08,,,,"     ",5.10,100.34,4.15
1598,539339538,"01598M08:31:59.536","01598 07:44:47",221.35,895.26,,,,"     ",5.10,101.24,4.19
1598,539339539,"01598M08:32:00.510","01598 07:44:48",221.37,895.24,,,,"     ",5.10,101.02,4.18
1598,539339540,"01598M08:32:01.483","01598 07:44:49",221.38,895.20,,,,"     ",5.10,101.53,4.20
1598,539339541,"01598M08:32:02.456","01598 07:44:50",221.38,895.33,,,,"     ",5.10,101.09,4.18
1598,539339542,"01598M08:32:03.429","01598 07:44:51",221.37,895.15,,,,"     ",5.10,101.24,4.18
1598,539339543,"01598M08:32:04.403","01598 07:44:52",221.37,895.16,,,,"     ",5.10,100.71,4.16
1598,539339544,"01598M08:32:05.376","01598 07:44:53",221.37,895.17,,,,"     ",5.10,101.49,4.19
1598,539339545,"01598M08:32:06.349","01598 07:44:54",221.37,895.16,,,,"     ",5.10,101.65,4.19
1598,539339546,"01598M08:32:07.322","01598 07:44:55",221.38,895.24,,,,"     ",5.10,101.36,4.18
1598,539339547,"01598M08:32:08.296","01598 07:44:56",221.39,895.23,,,,"     ",5.10,101.69,4.19
1598,539339548,"01598M08:32:09.269","01598 07:44:57",221.41,895.21,,,,"     ",5.10,101.51,4.18
1598,539339549,"01598M08:32:10.242","01598 07:44:58",221.42,895.32,,,,"     ",5.10,101.10,4.16
1598,539339550,"01598M08:32:11.215","01598 07:44:59",221.40,895.28,,,,"     ",5.10,102.03,4.20
1598,539339551,"01598M08:32:12.189","01598 07:45:00",221.36,895.24,,,,"     ",5.10,101.50,4.17
1598,539339552,"01598M08:32:13.162","01598 07:45:00",221.28,895.23,,,,"     ",5.10,101.94,4.19
1598,539339553,"01598M08:32:14.135","01598 07:45:01",221.16,895.29,,,,"     ",5.10,101.75,4.18
1598,539339554,"01598M08:32:15.108","01598 07:45:02",221.02,895.40,,,,"     ",5.10,101.90,4.19
1598,539339555,"01598M08:32:16.082","01598 07:45:03",220.85,895.25,,,,"     ",5.10,102.16,4.20
1598,539339556,"01598M08:32:17.055","01598 07:45:04",220.67,895.32,,,,"     ",5.10,101.65,4.17
1598,539339557,"01598M08:32:18.028","01598 07:45:05",220.51,895.27,,,,"     ",5.10,102.24,4.20
1598,539339558,"01598M08:32:19.002","01598 07:45:06",220.40,895.32,,,,"     ",5.10,102.25,4.19
1598,539339559,"01598M08:32:19.975","01598 07:45:07",220.34,895.30,,,,"     ",5.10,101.85,4.17
1598,539339560,"01598M08:32:20.948","01598 07:45:08",220.33,895.27,,,,"     ",5.10,101.44,4.16
1598,539339561,"01598M08:32:21.921","01598 07:45:09",220.36,895.35,,,,"     ",5.10,101.88,4.17
1598,539339562,"01598M08:32:22.895","01598 07:45:10",220.44,895.21,,,,"     ",5.10,101.53,4.15
1598,539339563,"01598M08:32:23.868","01598 07:45:11",220.56,895.24,,,,"     ",5.10,101.91,4.17
1598,539339564,"01598M08:32:24.841","01598 07:45:12",220.70,895.23,,,,"     ",5.10,101.31,4.14
1598,539339565,"01598M08:32:25.814","01598 07:45:13",220.87,895.20,,,,"     ",5.10,102.47,4.19
1598,539339566,"01598M08:32:26.788","01598 07:45:14",221.02,895.24,,,,"     ",5.10,102.36,4.18
1598,539339567,"01598M08:32:27.761","01598 07:45:15",221.16,895.19,,,,"     ",5.10,102.15,4.17
1598,539339568,"01598M08:32:28.734","01598 07:45:16",221.25,895.19,,,,"     ",5.10,101.54,4.14
1598,539339569,"01598M08:32:29.707","01598 07:45:17",221.32,895.21,,,,"     ",5.10,101.50,4.14
1598,539339570,"01598M08:32:30.681","01598 07:45:18",221.33,895.19,,,,"     ",5.10,101.84,4.16
1598,539339571,"01598M08:32:31.654","01598 07:45:19",221.31,895.24,,,,"     ",5.10,102.06,4.16
1598,539339572,"01598M08:32:32.627","01598 07:45:20",221.25,895.26,,,,"     ",5.10,101.54,4.14
1598,539339573,"01598M08:32:33.600","01598 07:45:21",221.17,895.24,,,,"     ",5.10,102.36,4.17
1598,539339574,"01598M08:32:34.574","01598 07:45:22",221.09,895.20,,,,"     ",5.10,102.04,4.15
1598,539339575,"01598M08:32:35.547","01598 07:45:23",221.02,895.23,,,,"     ",5.10,102.03,4.15
1598,539339576,"01598M08:32:36.520","01598 07:45:24",220.95,895.21,,,,"     ",5.10,101.82,4.14
1598,539339577,"01598M08:32:37.493","01598 07:45:25",220.91,895.16,,,,"     ",5.10,102.53,4.17
1598,539339578,"01598M08:32:38.467","01598 07:45:26",220.89,895.19,,,,"     ",5.10,101.94,4.14
1598,539339579,"01598M08:32:39.440","01598 07:45:27",220.89,895.16,,,,"     ",5.10,102.09,4.15
1598,539339580,"01598M08:32:40.413","01598 07:45:28",220.92,895.19,,,,"     ",5.10,102.10,4.14
1598,539339581,"01598M08:32:41.386","01598 07:45:29",220.96,895.24,,,,"     ",5.10,101.50,4.12
1598,539339582,"01598M08:32:42.360","01598 07:45:30",221.03,895.15,,,,"     ",5.10,101.54,4.12
1598,539339583,"01598M08:32:43.333","01598 07:45:31",221.12,895.15,,,,"     ",5.10,101.39,4.11
1598,539339584,"01598M08:32:44.306","01598 07:45:32",221.22,895.16,,,,"     ",5.10,101.65,4.12
1598,539339585,"01598M08:32:45.279","01598 07:45:33",221.32,895.18,,,,"     ",5.10,101.74,4.12
1598,539339586,"01598M08:32:46.253","01598 07:45:34",221.41,895.10,,,,"     ",5.10,101.25,4.10
1598,539339587,"01598M08:32:47.226","01598 07:45:35",221.47,895.08,,,,"     ",5.10,101.84,4.12
1598,539339588,"01598M08:32:48.199","01598 07:45:36",221.50,895.08,,,,"     ",5.10,101.75,4.11
1598,539339589,"01598M08:32:49.172","01598 07:45:36",221.53,895.09,,,,"     ",5.10,101.99,4.12
1598,539339590,"01598M08:32:50.146","01598 07:45:37",221.54,895.09,,,,"     ",5.10,101.98,4.12
1598,539339591,"01598M08:32:51.119","01598 07:45:38",221.52,895.15,,,,"     ",5.10,101.67,4.10
1598,539339592,"01598M08:32:52.092","01598 07:45:39",221.49,895.16,,,,"     ",5.10,102.19,4.12
1598,539339593,"01598M08:32:53.065","01598 07:45:40",221.44,895.28,,,,"     ",5.10,102.13,4.12
1598,539339594,"01598M08:32:54.039","01598 07:45:41",221.37,895.20,,,,"     ",5.10,101.95,4.11
1598,539339595,"01598M08:32:55.012","01598 07:45:42",221.28,895.13,,,,"     ",5.10,102.25,4.12
1598,539339596,"01598M08:32:55.985","01598 07:45:43",221.18,895.22,,,,"     ",5.10,101.49,4.09
1598,539339597,"01598M08:32:56.958","01598 07:45:44",221.07,895.21,,,,"     ",5.10,102.19,4.11
1598,539339598,"01598M08:32:57.932","01598 07:45:45",220.96,895.25,,,,"     ",5.10,102.22,4.11
1598,539339599,"01598M08:32:58.905","01598 07:45:46",220.88,895.16,,,,"     ",5.10,102.07,4.11
1598,539339600,"01598M08:32:59.878","01598 07:45:47",220.82,895.06,,,,"     ",5.10,101.65,4.08
1598,539339601,"01598M08:33:00.851","01598 07:45:48",220.78,895.06,,,,"     ",5.10,102.27,4.11
1598,539339602,"01598M08:33:01.825","01598 07:45:49",220.75,895.12,,,,"     ",5.10,101.90,4.09
1598,539339603,"01598M08:33:02.798","01598 07:45:50",220.74,895.11,,,,"     ",5.10,102.95,4.13
1598,539339604,"01598M08:33:03.771","01598 07:45:51",220.74,895.12,,,,"     ",5.10,101.99,4.09
1598,539339605,"01598M08:33:04.744","01598 07:45:52",220.77,895.09,,,,"     ",5.10,101.81,4.08
1598,539339606,"01598M08:33:05.718","01598 07:45:53",220.82,895.14,,,,"     ",5.10,102.50,4.11
1598,539339607,"01598M08:33:06.691","01598 07:45:54",220.89,895.18,,,,"     ",5.10,102.41,4.10
1598,539339608,"01598M08:33:07.664","01598 07:45:55",220.98,895.17,,,,"     ",5.10,102.50,4.11
1598,539339609,"01598M08:33:08.637","01598 07:45:56",221.08,895.12,,,,"     ",5.10,102.61,4.11
1598,539339610,"01598M08:33:09.611","01598 07:45:57",221.18,895.13,,,,"     ",5.10,102.50,4.10
1598,539339611,"01598M08:33:10.584","01598 07:45:58",221.27,895.14,,,,"     ",5.10,102.07,4.08
1598,539339612,"01598M08:33:11.557","01598 07:45:59",221.37,895.13,,,,"     ",5.10,103.23,4.13
1598,539339613,"01598M08:33:12.530","01598 07:46:00",221.45,895.07,,,,"     ",5.10,102.64,4.10
1598,539339614,"01598M08:33:13.504","01598 07:46:01",221.53,895.11,,,,"     ",5.10,102.93,4.11
1598,539339615,"01598M08:33:14.477","01598 07:46:02",221.59,895.01,,,,"     ",5.10,103.31,4.13
1598,539339616,"01598M08:33:15.450","01598 07:46:03",221.63,894.99,,,,"     ",5.10,103.37,4.13
1598,539339617,"01598M08:33:16.423","01598 07:46:04",221.66,894.98,,,,"     ",5.10,103.37,4.12
1598,539339618,"01598M08:33:17.397","01598 07:46:05",221.68,894.97,,,,"     ",5.10,103.04,4.11
1598,539339619,"01598M08:33:18.370","01598 07:46:06",221.70,895.06,,,,"     ",5.10,102.99,4.11
1598,539339620,"01598M08:33:19.343","01598 07:46:07",221.72,894.98,,,,"     ",5.10,103.51,4.12
1598,539339621,"01598M08:33:20.316","01598 07:46:08",221.74,894.99,,,,"     ",5.10,103.18,4.11
1598,539339622,"01598M08:33:21.290","01598 07:46:09",221.76,894.96,,,,"     ",5.10,103.48,4.12
1598,539339623,"01598M08:33:22.263","01598 07:46:10",221.79,894.92,,,,"     ",5.10,102.87,4.09
1598,539339624,"01598M08:33:23.236","01598 07:46:11",221.82,894.88,,,,"     ",5.10,103.03,4.09
1598,539339625,"01598M08:33:24.209","01598 07:46:12",221.85,894.95,,,,"     ",5.10,103.05,4.09
1598,539339626,"01598M08:33:25.183","01598 07:46:12",221.89,894.92,,,,"     ",5.10,103.40,4.11
1598,539339627,"01598M08:33:26.156","01598 07:46:13",221.93,894.97,,,,"     ",5.10,103.88,4.12
1598,539339628,"01598M08:33:27.129","01598 07:46:14",221.97,894.99,,,,"     ",5.10,102.97,4.08
1598,539339629,"01598M08:33:28.103","01598 07:46:15",222.00,895.04,,,,"     ",5.10,102.81,4.07
1598,539339630,"01598M08:33:29.076","01598 07:46:16",222.01,895.02,,,,"     ",5.10,103.47,4.10
1598,539339631,"01598M08:33:30.049","01598 07:46:17",222.01,895.07,,,,"     ",5.10,103.52,4.10
1598,539339632,"01598M08:33:31.022","01598 07:46:18",222.00,894.97,,,,"     ",5.10,103.68,4.10
1598,539339633,"01598M08:33:31.996","01598 07:46:19",221.98,895.00,,,,"     ",5.10,103.89,4.11
1598,539339634,"01598M08:33:32.969","01598 07:46:20",221.95,894.97,,,,"     ",5.10,104.16,4.12
1598,539339635,"01598M08:33:33.942","01598 07:46:21",221.92,894.83,,,,"     ",5.10,103.84,4.10
1598,539339636,"01598M08:33:34.915","01598 07:46:22",221.88,894.90,,,,"     ",5.10,104.17,4.11
1598,539339637,"01598M08:33:35.889","01598 07:46:23",221.85,894.92,,,,"     ",5.10,104.27,4.11
1598,539339638,"01598M08:33:36.862","01598 07:46:24",221.82,895.00,,,,"     ",5.10,104.27,4.11
1598,539339639,"01598M08:33:37.835","01598 07:46:25",221.79,894.93,,,,"     ",5.10,104.09,4.10
1598,539339640,"01598M08:33:38.808","01598 07:46:26",221.78,894.90,,,,"     ",5.10,104.29,4.10
1598,539339641,"01598M08:33:39.782","01598 07:46:27",221.78,894.93,,,,"     ",5.10,104.32,4.10
1598,539339642,"01598M08:33:40.755","01598 07:46:28",221.80,894.87,,,,"     ",5.10,104.51,4.11
1598,539339643,"01598M08:33:41.728","01598 07:46:29",221.82,894.76,,,,"     ",5.10,104.98,4.12
1598,539339644,"01598M08:33:42.701","01598 07:46:30",221.85,894.76,,,,"     ",5.10,104.62,4.10
1598,539339645,"01598M08:33:43.675","01598 07:46:31",221.89,894.73,,,,"     ",5.10,104.42,4.10
1598,539339646,"01598M08:33:44.648","01598 07:46:32",221.93,894.83,,,,"     ",5.10,105.04,4.12
1598,539339647,"01598M08:33:45.621","01598 07:46:33",221.98,894.74,,,,"     ",5.10,104.92,4.11
1598,539339648,"01598M08:33:46.594","01598 07:46:34",222.05,894.79,,,,"     ",5.10,104.79,4.10
1598,539339649,"01598M08:33:47.568","01598 07:46:35",222.15,894.85,,,,"     ",5.10,105.68,4.14
1598,539339650,"01598M08:33:48.541","01598 07:46:36",222.26,894.84,,,,"     ",5.10,105.53,4.13
1598,539339651,"01598M08:33:49.514","01598 07:46:37",222.38,894.83,,,,"     ",5.10,104.94,4.10
1598,539339652,"01598M08:33:50.487","01598 07:46:38",222.49,894.77,,,,"     ",5.10,105.32,4.11
1598,539339653,"01598M08:33:51.461","01598 07:46:39",222.57,894.80,,,,"     ",5.10,105.52,4.12
1598,539339654,"01598M08:33:52.434","01598 07:46:40",222.64,894.80,,,,"     ",5.10,105.68,4.12
1598,539339655,"01598M08:33:53.407","01598 07:46:41",222.70,894.86,,,,"     ",5.10,105.26,4.10
1598,539339656,"01598M08:33:54.380","01598 07:46:42",222.75,894.87,,,,"     ",5.10,105.78,4.12
1598,539339657,"01598M08:33:55.354","01598 07:46:43",222.78,894.83,,,,"     ",5.10,105.87,4.12
1598,539339658,"01598M08:33:56.327","01598 07:46:44",222.78,894.82,,,,"     ",5.10,106.33,4.14
1598,539339659,"01598M08:33:57.300","01598 07:46:45",222.77,894.88,,,,"     ",5.10,105.95,4.12
1598,539339660,"01598M08:33:58.273","01598 07:46:46",222.75,894.91,,,,"     ",5.10,105.65,4.10
1598,539339661,"01598M08:33:59.247","01598 07:46:47",222.73,894.92,,,,"     ",5.10,105.95,4.11
1598,539339662,"01598M08:34:00.220","01598 07:46:48",222.70,895.03,,,,"     ",5.10,105.81,4.11
1598,539339663,"01598M08:34:01.193","01598 07:46:48",222.66,894.96,,,,"     ",5.10,106.21,4.12
1598,539339664,"01598M08:34:02.166","01598 07:46:49",222.62,894.98,,,,"     ",5.10,106.02,4.11
1598,539339665,"01598M08:34:03.140","01598 07:46:50",222.57,894.99,,,,"     ",5.10,106.09,4.11
1598,539339666,"01598M08:34:04.113","01598 07:46:51",222.53,894.97,,,,"     ",5.10,106.30,4.11
1598,539339667,"01598M08:34:05.086","01598 07:46:52",222.51,894.93,,,,"     ",5.10,106.44,4.12
1598,539339668,"01598M08:34:06.059","01598 07:46:53",222.51,894.93,,,,"     ",5.10,106.03,4.10
1598,539339669,"01598M08:34:07.033","01598 07:46:54",222.54,895.03,,,,"     ",5.10,105.54,4.08
1598,539339670,"01598M08:34:08.006","01598 07:46:55",222.57,894.98,,,,"     ",5.10,106.08,4.10
1598,539339671,"01598M08:34:08.979","01598 07:46:56",222.59,894.94,,,,"     ",5.10,106.46,4.11
1598,539339672,"01598M08:34:09.952","01598 07:46:57",222.58,894.94,,,,"     ",5.10,106.71,4.12
1598,539339673,"01598M08:34:10.926","01598 07:46:58",222.57,894.95,,,,"     ",5.10,105.90,4.08
1598,539339674,"01598M08:34:11.899","01598 07:46:59",222.55,894.92,,,,"     ",5.10,106.47,4.10
1598,539339675,"01598M08:34:12.872","01598 07:47:00",222.52,894.89,,,,"     ",5.10,106.76,4.11
1598,539339676,"01598M08:34:13.845","01598 07:47:01",222.48,894.85,,,,"     ",5.10,106.93,4.12
1598,539339677,"01598M08:34:14.819","01598 07:47:02",222.43,894.91,,,,"     ",5.10,106.69,4.10
1598,539339678,"01598M08:34:15.792","01598 07:47:03",222.36,894.86,,,,"     ",5.10,106.54,4.10
1598,539339679,"01598M08:34:16.765","01598 07:47:04",222.28,894.87,,,,"     ",5.10,106.82,4.10
1598,539339680,"01598M08:34:17.738","01598 07:47:05",222.22,894.90,,,,"     ",5.10,106.57,4.09
1598,539339681,"01598M08:34:18.712","01598 07:47:06",222.19,894.90,,,,"     ",5.10,107.14,4.11
1598,539339682,"01598M08:34:19.685","01598 07:47:07",222.17,894.83,,,,"     ",5.10,107.05,4.11
1598,539339683,"01598M08:34:20.658","01598 07:47:08",222.16,894.95,,,,"     ",5.10,106.83,4.10
1598,539339684,"01598M08:34:21.631","01598 07:47:09",222.18,894.91,,,,"     ",5.10,107.21,4.11
1598,539339685,"01598M08:34:22.605","01598 07:47:10",222.22,894.98,,,,"     ",5.10,107.16,4.10
1598,539339686,"01598M08:34:23.578","01598 07:47:11",222.30,894.98,,,,"     ",5.10,108.23,4.14
1598,539339687,"01598M08:34:24.551","01598 07:47:12",222.42,894.97,,,,"     ",5.10,108.19,4.14
1598,539339688,"01598M08:34:25.524","01598 07:47:13",222.56,894.91,,,,"     ",5.10,107.70,4.12
1598,539339689,"01598M08:34:26.498","01598 07:47:14",222.70,894.89,,,,"     ",5.10,107.19,4.10
1598,539339690,"01598M08:34:27.471","01598 07:47:15",222.85,894.87,,,,"     ",5.10,107.57,4.11
1598,539339691,"01598M08:34:28.444","01598 07:47:16",222.97,894.92,,,,"     ",5.10,107.84,4.11
1598,539339692,"01598M08:34:29.417","01598 07:47:17",223.06,894.87,,,,"     ",5.10,108.17,4.13
1598,539339693,"01598M08:34:30.391","01598 07:47:18",223.14,894.92,,,,"     ",5.10,107.11,4.08
1598,539339694,"01598M08:34:31.364","01598 07:47:19",223.21,894.86,,,,"     ",5.10,107.80,4.10
1598,539339695,"01598M08:34:32.337","01598 07:47:20",223.29,894.92,,,,"     ",5.10,107.96,4.11
1598,539339696,"01598M08:34:33.310","01598 07:47:21",223.34,894.84,,,,"     ",5.10,107.44,4.09
1598,539339697,"01598M08:34:34.284","01598 07:47:22",223.38,894.89,,,,"     ",5.10,107.06,4.07
1598,539339698,"01598M08:34:35.257","01598 07:47:23",223.42,894.82,,,,"     ",5.10,107.63,4.09
1598,539339699,"01598M08:34:36.230","01598 07:47:24",223.45,894.82,,,,"     ",5.10,107.84,4.09
1598,539339700,"01598M08:34:37.204","01598 07:47:24",223.49,894.75,,,,"     ",5.10,107.68,4.08
1598,539339701,"01598M08:34:38.177","01598 07:47:25",223.52,894.79,,,,"     ",5.10,108.47,4.11
1598,539339702,"01598M08:34:39.150","01598 07:47:26",223.55,894.85,,,,"     ",5.10,109.09,4.13
1598,539339703,"01598M08:34:40.123","01598 07:47:27",223.55,894.83,,,,"     ",5.10,107.97,4.09
1598,539339704,"01598M08:34:41.097","01598 07:47:28",223.51,894.84,,,,"     ",5.10,108.75,4.11
1598,539339705,"01598M08:34:42.070","01598 07:47:29",223.45,894.79,,,,"     ",5.10,108.35,4.10
1598,539339706,"01598M08:34:43.043","01598 07:47:30",223.38,894.81,,,,"     ",5.10,107.91,4.08
1598,539339707,"01598M08:34:44.016","01598 07:47:31",223.31,894.83,,,,"     ",5.10,108.01,4.08
1598,539339708,"01598M08:34:44.990","01598 07:47:32",223.24,894.92,,,,"     ",5.10,108.36,4.09
1598,539339709,"01598M08:34:45.963","01598 07:47:33",223.18,894.90,,,,"     ",5.10,108.48,4.09
1598,539339710,"01598M08:34:46.936","01598 07:47:34",223.11,894.89,,,,"     ",5.10,108.28,4.08
1598,539339711,"01598M08:34:47.909","01598 07:47:35",223.04,894.88,,,,"     ",5.10,108.38,4.08
1598,539339712,"01598M08:34:48.883","01598 07:47:36",222.97,894.90,,,,"     ",5.10,108.44,4.08
1598,539339713,"01598M08:34:49.856","01598 07:47:37",222.89,894.86,,,,"     ",5.10,108.58,4.08
1598,539339714,"01598M08:34:50.829","01598 07:47:38",222.82,894.79,,,,"     ",5.10,109.03,4.10
1598,539339715,"01598M08:34:51.802","01598 07:47:39",222.77,894.91,,,,"     ",5.10,108.32,4.07
1598,539339716,"01598M08:34:52.776","01598 07:47:40",222.74,894.93,,,,"     ",5.10,109.19,4.10
1598,539339717,"01598M08:34:53.749","01598 07:47:41",222.71,894.88,,,,"     ",5.10,108.41,4.07
1598,539339718,"01598M08:34:54.722","01598 07:47:42",222.68,894.89,,,,"     ",5.10,108.50,4.07
1598,539339719,"01598M08:34:55.695","01598 07:47:43",222.68,894.79,,,,"     ",5.10,108.96,4.08
1598,539339720,"01598M08:34:56.669","01598 07:47:44",222.69,894.87,,,,"     ",5.10,108.70,4.07
1598,539339721,"01598M08:34:57.642","01598 07:47:45",222.69,894.78,,,,"     ",5.10,109.03,4.08
1598,539339722,"01598M08:34:58.615","01598 07:47:46",222.68,894.85,,,,"     ",5.10,108.37,4.05
1598,539339723,"01598M08:34:59.588","01598 07:47:47",222.65,894.89,,,,"     ",5.10,109.07,4.08
1598,539339724,"01598M08:35:00.562","01598 07:47:48",222.63,894.85,,,,"     ",5.10,108.09,4.04
1598,539339725,"01598M08:35:01.535","01598 07:47:49",222.60,894.77,,,,"     ",5.10,108.56,4.05
1598,539339726,"01598M08:35:02.508","01598 07:47:50",222.58,894.86,,,,"     ",5.10,108.80,4.06
1598,539339727,"01598M08:35:03.481","01598 07:47:51",222.56,894.81,,,,"     ",5.10,108.45,4.04
1598,539339728,"01598M08:35:04.455","01598 07:47:52",222.54,894.74,,,,"     ",5.10,108.49,4.04
1598,539339729,"01598M08:35:05.428","01598 07:47:53",222.52,894.73,,,,"     ",5.10,108.86,4.06
1598,539339730,"01598M08:35:06.401","01598 07:47:54",222.52,894.82,,,,"     ",5.10,108.72,4.05
1598,539339731,"01598M08:35:07.374","01598 07:47:55",222.55,894.79,,,,"     ",5.10,108.53,4.04
1598,539339732,"01598M08:35:08.348","01598 07:47:56",222.63,894.77,,,,"     ",5.10,108.12,4.02
1598,539339733,"01598M08:35:09.321","01598 07:47:57",222.74,894.84,,,,"     ",5.10,108.73,4.05
1598,539339734,"01598M08:35:10.294","01598 07:47:58",222.86,894.87,,,,"     ",5.10,108.71,4.04
1598,539339735,"01598M08:35:11.267","01598 07:47:59",222.97,894.84,,,,"     ",5.10,107.70,4.00
1598,539339736,"01598M08:35:12.241","01598 07:48:00",223.04,894.79,,,,"     ",5.10,108.90,4.05
1598,539339737,"01598M08:35:13.214","01598 07:48:00",223.06,894.82,,,,"     ",5.10,109.25,4.06
1598,539339738,"01598M08:35:14.187","01598 07:48:01",223.03,894.84,,,,"     ",5.10,108.33,4.02
1598,539339739,"01598M08:35:15.160","01598 07:48:02",222.95,894.92,,,,"     ",5.10,108.09,4.01
1598,539339740,"01598M08:35:16.134","01598 07:48:03",222.83,894.85,,,,"     ",5.10,109.00,4.04
1598,539339741,"01598M08:35:17.107","01598 07:48:04",222.66,894.84,,,,"     ",5.10,108.46,4.02
1598,539339742,"01598M08:35:18.080","01598 07:48:05",222.45,894.83,,,,"     ",5.10,108.38,4.02
1598,539339743,"01598M08:35:19.053","01598 07:48:06",222.23,894.77,,,,"     ",5.10,107.99,4.00
1598,539339744,"01598M08:35:20.027","01598 07:48:07",222.01,894.80,,,,"     ",5.10,108.18,4.01
1598,539339745,"01598M08:35:21.000","01598 07:48:08",221.80,894.76,,,,"     ",5.10,107.60,3.98
1598,539339746,"01598M08:35:21.973","01598 07:48:09",221.64,894.73,,,,"     ",5.10,108.04,4.00
1598,539339747,"01598M08:35:22.946","01598 07:48:10",221.51,894.73,,,,"     ",5.10,108.19,4.00
1598,539339748,"01598M08:35:23.920","01598 07:48:11",221.44,894.74,,,,"     ",5.10,108.40,4.01
1598,539339749,"01598M08:35:24.893","01598 07:48:12",221.43,894.80,,,,"     ",5.10,108.24,4.00
1598,539339750,"01598M08:35:25.866","01598 07:48:13",221.48,894.84,,,,"     ",5.10,108.08,4.00
1598,539339751,"01598M08:35:26.839","01598 07:48:14",221.56,894.85,,,,"     ",5.10,108.30,4.00
1598,539339752,"01598M08:35:27.813","01598 07:48:15",221.65,894.77,,,,"     ",5.10,108.18,4.00
1598,539339753,"01598M08:35:28.786","01598 07:48:16",221.73,894.84,,,,"     ",5.10,107.90,3.98
1598,539339754,"01598M08:35:29.759","01598 07:48:17",221.79,894.74,,,,"     ",5.10,107.68,3.97
1598,539339755,"01598M08:35:30.732","01598 07:48:18",221.83,894.78,,,,"     ",5.10,108.00,3.99
1598,539339756,"01598M08:35:31.706","01598 07:48:19",221.87,894.82,,,,"     ",5.10,108.37,4.00
1598,539339757,"01598M08:35:32.679","01598 07:48:20",221.92,894.84,,,,"     ",5.10,107.80,3.98
1598,539339758,"01598M08:35:33.652","01598 07:48:21",221.97,894.81,,,,"     ",5.10,108.05,3.99
1598,539339759,"01598M08:35:34.625","01598 07:48:22",222.02,894.74,,,,"     ",5.10,107.16,3.95
1598,539339760,"01598M08:35:35.599","01598 07:48:23",222.06,894.79,,,,"     ",5.10,107.95,3.98
1598,539339761,"01598M08:35:36.572","01598 07:48:24",222.09,894.84,,,,"     ",5.10,107.77,3.97
1598,539339762,"01598M08:35:37.545","01598 07:48:25",222.13,894.78,,,,"     ",5.10,107.17,3.95
1598,539339763,"01598M08:35:38.518","01598 07:48:26",222.17,894.73,,,,"     ",5.10,107.65,3.96
1598,539339764,"01598M08:35:39.492","01598 07:48:27",222.21,894.75,,,,"     ",5.10,108.28,3.99
1598,539339765,"01598M08:35:40.465","01598 07:48:28",222.23,894.85,,,,"     ",5.10,107.74,3.97
1598,539339766,"01598M08:35:41.438","01598 07:48:29",222.22,894.72,,,,"     ",5.10,108.50,3.99
1598,539339767,"01598M08:35:42.411","01598 07:48:30",222.20,894.78,,,,"     ",5.10,107.95,3.97
1598,539339768,"01598M08:35:43.385","01598 07:48:31",222.15,894.69,,,,"     ",5.10,108.13,3.98
1598,539339769,"01598M08:35:44.358","01598 07:48:32",222.10,894.68,,,,"     ",5.10,108.68,4.00
1598,539339770,"01598M08:35:45.331","01598 07:48:33",222.03,894.74,,,,"     ",5.10,108.02,3.97
1598,539339771,"01598M08:35:46.304","01598 07:48:34",221.96,894.75,,,,"     ",5.10,107.86,3.96
1598,539339772,"01598M08:35:47.278","01598 07:48:35",221.90,894.70,,,,"     ",5.10,107.49,3.95
1598,539339773,"01598M08:35:48.251","01598 07:48:36",221.84,894.78,,,,"     ",5.10,107.81,3.96
1598,539339774,"01598M08:35:49.224","01598 07:48:36",221.80,894.75,,,,"     ",5.10,107.86,3.96
1598,539339775,"01598M08:35:50.198","01598 07:48:37",221.77,894.70,,,,"     ",5.10,107.24,3.94
1598,539339776,"01598M08:35:51.171","01598 07:48:38",221.74,894.75,,,,"     ",5.10,108.14,3.97
1598,539339777,"01598M08:35:52.144","01598 07:48:39",221.72,894.81,,,,"     ",5.10,107.71,3.96
1598,539339778,"01598M08:35:53.117","01598 07:48:40",221.70,894.75,,,,"     ",5.10,107.76,3.96
1598,539339779,"01598M08:35:54.091","01598 07:48:41",221.61,894.78,,,,"     ",5.10,107.29,3.94
1598,539339780,"01598M08:35:55.064","01598 07:48:42",221.52,894.84,,,,"     ",5.10,107.72,3.95
1598,539339781,"01598M08:35:56.037","01598 07:48:43",221.42,894.77,,,,"     ",5.10,107.62,3.95
1598,539339782,"01598M08:35:57.010","01598 07:48:44",221.32,894.78,,,,"     ",5.10,107.46,3.94
1598,539339783,"01598M08:35:57.984","01598 07:48:45",221.23,894.71,,,,"     ",5.10,108.01,3.96
1598,539339784,"01598M08:35:58.957","01598 07:48:46",221.14,894.64,,,,"     ",5.10,108.47,3.98
1598,539339785,"01598M08:35:59.930","01598 07:48:47",221.05,894.63,,,,"     ",5.10,108.15,3.96
1598,539339786,"01598M08:36:00.903","01598 07:48:48",220.81,894.62,,,,"     ",5.10,107.96,3.96
1598,539339787,"01598M08:36:01.877","01598 07:48:49",220.84,894.61,,,,"     ",5.10,108.02,3.96
1598,539339788,"01598M08:36:02.850","01598 07:48:50",220.80,894.65,,,,"     ",5.10,107.92,3.95
1598,539339789,"01598M08:36:03.823","01598 07:48:51",220.72,894.69,,,,"     ",5.10,108.39,3.97
1598,539339790,"01598M08:36:04.796","01598 07:48:52",220.64,894.69,,,,"     ",5.10,108.12,3.96
1598,539339791,"01598M08:36:05.770","01598 07:48:53",220.56,894.68,,,,"     ",5.10,108.35,3.97
1598,539339792,"01598M08:36:06.743","01598 07:48:54",220.48,894.65,,,,"     ",5.10,108.72,3.98
1598,539339793,"01598M08:36:07.716","01598 07:48:55",220.40,894.67,,,,"     ",5.10,108.00,3.95
1598,539339794,"01598M08:36:08.689","01598 07:48:56",219.55,894.63,,,,"     ",5.10,107.49,3.93
1598,539339795,"01598M08:36:09.663","01598 07:48:57",219.48,894.65,,,,"     ",5.10,108.52,3.97
1598,539339796,"01598M08:36:10.636","01598 07:48:58",219.42,894.67,,,,"     ",5.10,108.56,3.97
1598,539339797,"01598M08:36:11.609","01598 07:48:59",219.35,894.63,,,,"     ",5.10,108.29,3.96
1598,539339798,"01598M08:36:12.582","01598 07:49:00",219.28,894.62,,,,"     ",5.10,108.13,3.96
1598,539339799,"01598M08:36:13.556","01598 07:49:01",219.21,894.64,,,,"     ",5.10,108.52,3.97
1598,539339800,"01598M08:36:14.529","01598 07:49:02",219.13,894.66,,,,"     ",5.10,107.97,3.95
1598,539339801,"01598M08:36:15.502","01598 07:49:03",219.07,894.63,,,,"     ",5.10,108.15,3.95
1598,539339802,"01598M08:36:16.475","01598 07:49:04",219.01,894.66,,,,"     ",5.10,108.87,3.98
1598,539339803,"01598M08:36:17.449","01598 07:49:05",218.97,894.72,,,,"     ",5.10,108.63,3.97
1598,539339804,"01598M08:36:18.422","01598 07:49:06",218.94,894.71,,,,"     ",5.10,108.56,3.97
1598,539339805,"01598M08:36:19.395","01598 07:49:07",218.93,894.68,,,,"     ",5.10,107.98,3.94
1598,539339806,"01598M08:36:20.368","01598 07:49:08",218.93,894.62,,,,"     ",5.10,108.75,3.97
1598,539339807,"01598M08:36:21.342","01598 07:49:09",218.95,894.65,,,,"     ",5.10,108.67,3.97
1598,539339808,"01598M08:36:22.315","01598 07:49:10",218.97,894.61,,,,"     ",5.10,107.86,3.94
1598,539339809,"01598M08:36:23.288","01598 07:49:11",218.99,894.63,,,,"     ",5.10,108.20,3.95
1598,539339810,"01598M08:36:24.261","01598 07:49:12",218.99,894.66,,,,"     ",5.10,108.50,3.96
1598,539339811,"01598M08:36:25.235","01598 07:49:13",218.98,894.52,,,,"     ",5.10,107.75,3.93
1598,539339812,"01598M08:36:26.208","01598 07:49:13",218.96,894.55,,,,"     ",5.10,108.79,3.97
1598,539339813,"01598M08:36:27.181","01598 07:49:14",218.93,894.52,,,,"     ",5.10,108.42,3.95
1598,539339814,"01598M08:36:28.154","01598 07:49:15",218.90,894.59,,,,"     ",5.10,108.71,3.97
1598,539339815,"01598M08:36:29.128","01598 07:49:16",218.87,894.64,,,,"     ",5.10,108.05,3.94
1598,539339816,"01598M08:36:30.101","01598 07:49:17",218.83,894.61,,,,"     ",5.10,108.46,3.95
1598,539339817,"01598M08:36:31.074","01598 07:49:18",218.80,894.66,,,,"     ",5.10,108.12,3.94
1598,539339818,"01598M08:36:32.047","01598 07:49:19",218.76,894.65,,,,"     ",5.10,107.96,3.93
1598,539339819,"01598M08:36:33.021","01598 07:49:20",218.73,894.61,,,,"     ",5.10,108.41,3.95
1598,539339820,"01598M08:36:33.994","01598 07:49:21",218.69,894.57,,,,"     ",5.10,108.64,3.96
1598,539339821,"01598M08:36:34.967","01598 07:49:22",218.64,894.64,,,,"     ",5.10,108.17,3.94
1598,539339822,"01598M08:36:35.940","01598 07:49:23",218.59,894.58,,,,"     ",5.10,108.59,3.95
1598,539339823,"01598M08:36:36.914","01598 07:49:24",218.55,894.63,,,,"     ",5.10,108.46,3.95
1598,539339824,"01598M08:36:37.887","01598 07:49:25",218.49,894.61,,,,"     ",5.10,108.24,3.94
1598,539339825,"01598M08:36:38.860","01598 07:49:26",218.44,894.64,,,,"     ",5.10,108.61,3.95
1598,539339826,"01598M08:36:39.833","01598 07:49:27",218.40,894.58,,,,"     ",5.10,108.23,3.94
1598,539339827,"01598M08:36:40.807","01598 07:49:28",218.37,894.50,,,,"     ",5.10,108.54,3.95
1598,539339828,"01598M08:36:41.780","01598 07:49:29",218.35,894.51,,,,"     ",5.10,108.76,3.96
1598,539339829,"01598M08:36:42.753","01598 07:49:30",218.32,894.53,,,,"     ",5.10,108.32,3.94
1598,539339830,"01598M08:36:43.726","01598 07:49:31",218.28,894.48,,,,"     ",5.10,108.29,3.94
1598,539339831,"01598M08:36:44.700","01598 07:49:32",218.23,894.49,,,,"     ",5.10,108.13,3.93
1598,539339832,"01598M08:36:45.673","01598 07:49:33",218.18,894.41,,,,"     ",5.10,108.24,3.93
1598,539339833,"01598M08:36:46.646","01598 07:49:34",218.13,894.49,,,,"     ",5.10,108.76,3.95
1598,539339834,"01598M08:36:47.619","01598 07:49:35",218.08,894.52,,,,"     ",5.10,108.03,3.92
1598,539339835,"01598M08:36:48.593","01598 07:49:36",218.04,894.51,,,,"     ",5.10,107.87,3.92
1598,539339836,"01598M08:36:49.566","01598 07:49:37",218.01,894.56,,,,"     ",5.10,108.20,3.93
1598,539339837,"01598M08:36:50.539","01598 07:49:38",217.98,894.58,,,,"     ",5.10,108.19,3.93
1598,539339838,"01598M08:36:51.512","01598 07:49:39",217.96,894.60,,,,"     ",5.10,107.60,3.90
1598,539339839,"01598M08:36:52.486","01598 07:49:40",217.95,894.53,,,,"     ",5.10,107.80,3.91
1598,539339840,"01598M08:36:53.459","01598 07:49:41",217.94,894.58,,,,"     ",5.10,108.18,3.92
1598,539339841,"01598M08:36:54.432","01598 07:49:42",217.92,894.59,,,,"     ",5.10,107.98,3.92
1598,539339842,"01598M08:36:55.405","01598 07:49:43",217.90,894.45,,,,"     ",5.10,108.14,3.92
1598,539339843,"01598M08:36:56.379","01598 07:49:44",217.87,894.53,,,,"     ",5.10,108.55,3.93
1598,539339844,"01598M08:36:57.352","01598 07:49:45",217.85,894.60,,,,"     ",5.10,108.32,3.92
1598,539339845,"01598M08:36:58.325","01598 07:49:46",217.83,894.52,,,,"     ",5.10,108.50,3.93
1598,539339846,"01598M08:36:59.299","01598 07:49:47",217.81,894.55,,,,"     ",5.10,109.29,3.96
1598,539339847,"01598M08:37:00.272","01598 07:49:48",217.79,894.54,,,,"     ",5.10,108.94,3.94
1598,539339848,"01598M08:37:01.245","01598 07:49:49",217.75,894.54,,,,"     ",5.10,108.19,3.91
1598,539339849,"01598M08:37:02.218","01598 07:49:49",217.71,894.51,,,,"     ",5.10,108.55,3.93
1598,539339850,"01598M08:37:03.192","01598 07:49:50",217.66,894.45,,,,"     ",5.10,108.40,3.92
1598,539339851,"01598M08:37:04.165","01598 07:49:51",217.61,894.47,,,,"     ",5.10,108.07,3.91
1598,539339852,"01598M08:37:05.138","01598 07:49:52",217.58,894.45,,,,"     ",5.10,107.99,3.90
1598,539339853,"01598M08:37:06.111","01598 07:49:53",217.55,894.50,,,,"     ",5.10,108.70,3.93
1598,539339854,"01598M08:37:07.085","01598 07:49:54",217.53,894.54,,,,"     ",5.10,107.70,3.89
1598,539339855,"01598M08:37:08.058","01598 07:49:55",217.52,894.40,,,,"     ",5.10,108.09,3.91
1598,539339856,"01598M08:37:09.031","01598 07:49:56",217.52,894.45,,,,"     ",5.10,108.16,3.91
1598,539339857,"01598M08:37:10.004","01598 07:49:57",217.52,894.49,,,,"     ",5.10,108.42,3.92
1598,539339858,"01598M08:37:10.978","01598 07:49:58",217.52,894.44,,,,"     ",5.10,107.96,3.90
1598,539339859,"01598M08:37:11.951","01598 07:49:59",217.52,894.45,,,,"     ",5.10,108.67,3.92
1598,539339860,"01598M08:37:12.924","01598 07:50:00",217.52,894.36,,,,"     ",5.10,108.68,3.92
1598,539339861,"01598M08:37:13.897","01598 07:50:01",217.51,894.29,,,,"     ",5.10,108.72,3.92
1598,539339862,"01598M08:37:14.871","01598 07:50:02",217.49,894.36,,,,"     ",5.10,108.51,3.91
1598,539339863,"01598M08:37:15.844","01598 07:50:03",217.47,894.38,,,,"     ",5.10,107.97,3.89
1598,539339864,"01598M08:37:16.817","01598 07:50:04",217.46,894.36,,,,"     ",5.10,108.38,3.91
1598,539339865,"01598M08:37:17.790","01598 07:50:05",217.46,894.41,,,,"     ",5.10,108.60,3.91
1598,539339866,"01598M08:37:18.764","01598 07:50:06",217.46,894.44,,,,"     ",5.10,108.28,3.90
1598,539339867,"01598M08:37:19.737","01598 07:50:07",217.46,894.44,,,,"     ",5.10,108.66,3.91
1598,539339868,"01598M08:37:20.710","01598 07:50:08",217.46,894.47,,,,"     ",5.10,108.45,3.91
1598,539339869,"01598M08:37:21.683","01598 07:50:09",217.45,894.48,,,,"     ",5.10,108.57,3.91
1598,539339870,"01598M08:37:22.657","01598 07:50:10",217.43,894.44,,,,"     ",5.10,107.92,3.88
1598,539339871,"01598M08:37:23.630","01598 07:50:11",217.41,894.45,,,,"     ",5.10,107.79,3.88
1598,539339872,"01598M08:37:24.603","01598 07:50:12",217.40,894.49,,,,"     ",5.10,108.65,3.91
1598,539339873,"01598M08:37:25.576","01598 07:50:13",217.37,894.44,,,,"     ",5.10,108.57,3.90
1598,539339874,"01598M08:37:26.550","01598 07:50:14",217.35,894.46,,,,"     ",5.10,108.14,3.89
1598,539339875,"01598M08:37:27.523","01598 07:50:15",217.32,894.47,,,,"     ",5.10,108.29,3.89
1598,539339876,"01598M08:37:28.496","01598 07:50:16",217.28,894.44,,,,"     ",5.10,108.29,3.89
1598,539339877,"01598M08:37:29.469","01598 07:50:17",217.23,894.45,,,,"     ",5.10,108.48,3.90
1598,539339878,"01598M08:37:30.443","01598 07:50:18",217.18,894.40,,,,"     ",5.10,109.05,3.92
1598,539339879,"01598M08:37:31.416","01598 07:50:19",217.13,894.49,,,,"     ",5.10,108.76,3.91
1598,539339880,"01598M08:37:32.389","01598 07:50:20",217.10,894.41,,,,"     ",5.10,108.30,3.89
1598,539339881,"01598M08:37:33.362","01598 07:50:21",217.07,894.40,,,,"     ",5.10,109.10,3.92
1598,539339882,"01598M08:37:34.336","01598 07:50:22",217.05,894.40,,,,"     ",5.10,107.86,3.87
1598,539339883,"01598M08:37:35.309","01598 07:50:23",217.03,894.44,,,,"     ",5.10,108.02,3.87
1598,539339884,"01598M08:37:36.282","01598 07:50:24",217.02,894.37,,,,"     ",5.10,109.04,3.91
1598,539339885,"01598M08:37:37.255","01598 07:50:25",217.00,894.39,,,,"     ",5.10,108.34,3.88
1598,539339886,"01598M08:37:38.229","01598 07:50:25",216.99,894.41,,,,"     ",5.10,108.60,3.89
1598,539339887,"01598M08:37:39.202","01598 07:50:26",216.96,894.36,,,,"     ",5.10,109.06,3.91
1598,539339888,"01598M08:37:40.175","01598 07:50:27",216.94,894.35,,,,"     ",5.10,108.44,3.88
1598,539339889,"01598M08:37:41.148","01598 07:50:28",216.93,894.42,,,,"     ",5.10,108.88,3.90
1598,539339890,"01598M08:37:42.122","01598 07:50:29",216.93,894.30,,,,"     ",5.10,108.66,3.89
1598,539339891,"01598M08:37:43.095","01598 07:50:30",216.93,894.28,,,,"     ",5.10,108.31,3.87
1598,539339892,"01598M08:37:44.068","01598 07:50:31",216.93,894.42,,,,"     ",5.10,108.28,3.87
1598,539339893,"01598M08:37:45.041","01598 07:50:32",216.91,894.41,,,,"     ",5.10,108.40,3.88
1598,539339894,"01598M08:37:46.015","01598 07:50:33",216.89,894.40,,,,"     ",5.10,108.57,3.88
1598,539339895,"01598M08:37:46.988","01598 07:50:34",216.85,894.38,,,,"     ",5.10,109.35,3.91
1598,539339896,"01598M08:37:47.961","01598 07:50:35",216.81,894.44,,,,"     ",5.10,109.52,3.91
1598,539339897,"01598M08:37:48.934","01598 07:50:36",216.78,894.40,,,,"     ",5.10,108.40,3.87
1598,539339898,"01598M08:37:49.908","01598 07:50:37",216.75,894.38,,,,"     ",5.10,109.39,3.91
1598,539339899,"01598M08:37:50.881","01598 07:50:38",216.74,894.40,,,,"     ",5.10,109.70,3.92
1598,539339900,"01598M08:37:51.854","01598 07:50:39",216.74,894.41,,,,"     ",5.10,109.42,3.91
1598,539339901,"01598M08:37:52.827","01598 07:50:40",216.75,894.39,,,,"     ",5.10,108.64,3.88
1598,539339902,"01598M08:37:53.801","01598 07:50:41",216.76,894.31,,,,"     ",5.10,109.18,3.89
1598,539339903,"01598M08:37:54.774","01598 07:50:42",216.77,894.36,,,,"     ",5.10,108.86,3.88
1598,539339904,"01598M08:37:55.747","01598 07:50:43",216.79,894.38,,,,"     ",5.10,109.23,3.90
1598,539339905,"01598M08:37:56.720","01598 07:50:44",216.82,894.37,,,,"     ",5.10,108.83,3.88
1598,539339906,"01598M08:37:57.694","01598 07:50:45",216.86,894.35,,,,"     ",5.10,108.64,3.87
1598,539339907,"01598M08:37:58.667","01598 07:50:46",216.91,894.34,,,,"     ",5.10,109.13,3.89
1598,539339908,"01598M08:37:59.640","01598 07:50:47",216.97,894.27,,,,"     ",5.10,108.75,3.87
1598,539339909,"01598M08:38:00.613","01598 07:50:48",217.03,894.27,,,,"     ",5.10,108.47,3.86
1598,539339910,"01598M08:38:01.587","01598 07:50:49",217.08,894.25,,,,"     ",5.10,109.25,3.89
1598,539339911,"01598M08:38:02.560","01598 07:50:50",217.11,894.28,,,,"     ",5.10,109.43,3.89
1598,539339912,"01598M08:38:03.533","01598 07:50:51",217.12,894.23,,,,"     ",5.10,109.00,3.88
1598,539339913,"01598M08:38:04.506","01598 07:50:52",217.12,894.28,,,,"     ",5.10,108.67,3.86
1598,539339914,"01598M08:38:05.480","01598 07:50:53",217.11,894.22,,,,"     ",5.10,108.75,3.87
1598,539339915,"01598M08:38:06.453","01598 07:50:54",217.09,894.27,,,,"     ",5.10,109.46,3.89
1598,539339916,"01598M08:38:07.426","01598 07:50:55",217.08,894.26,,,,"     ",5.10,108.53,3.86
1598,539339917,"01598M08:38:08.400","01598 07:50:56",217.07,894.27,,,,"     ",5.10,109.21,3.88
1598,539339918,"01598M08:38:09.373","01598 07:50:57",217.06,894.30,,,,"     ",5.10,109.39,3.88
1598,539339919,"01598M08:38:10.346","01598 07:50:58",217.03,894.31,,,,"     ",5.10,109.89,3.90
1598,539339920,"01598M08:38:11.319","01598 07:50:59",217.00,894.24,,,,"     ",5.10,109.00,3.87
1598,539339921,"01598M08:38:12.293","01598 07:51:00",216.96,894.23,,,,"     ",5.10,109.11,3.87
1598,539339922,"01598M08:38:13.266","01598 07:51:01",216.92,894.24,,,,"     ",5.10,109.13,3.87
1598,539339923,"01598M08:38:14.239","01598 07:51:01",216.87,894.29,,,,"     ",5.10,108.89,3.86
1598,539339924,"01598M08:38:15.212","01598 07:51:02",216.82,894.29,,,,"     ",5.10,109.19,3.87
1598,539339925,"01598M08:38:16.186","01598 07:51:03",216.79,894.21,,,,"     ",5.10,110.51,3.92
1598,539339926,"01598M08:38:17.159","01598 07:51:04",216.76,894.18,,,,"     ",5.10,108.89,3.86
1598,539339927,"01598M08:38:18.132","01598 07:51:05",216.73,894.16,,,,"     ",5.10,109.92,3.89
1598,539339928,"01598M08:38:19.105","01598 07:51:06",216.71,894.18,,,,"     ",5.10,110.19,3.90
1598,539339929,"01598M08:38:20.079","01598 07:51:07",216.69,894.17,,,,"     ",5.10,109.94,3.89
1598,539339930,"01598M08:38:21.052","01598 07:51:08",216.69,894.26,,,,"     ",5.10,110.08,3.89
1598,539339931,"01598M08:38:22.025","01598 07:51:09",216.69,894.21,,,,"     ",5.10,109.88,3.89
1598,539339932,"01598M08:38:22.998","01598 07:51:10",216.71,894.15,,,,"     ",5.10,109.85,3.88
1598,539339933,"01598M08:38:23.972","01598 07:51:11",216.74,894.12,,,,"     ",5.10,109.60,3.87
1598,539339934,"01598M08:38:24.945","01598 07:51:12",216.77,894.16,,,,"     ",5.10,110.29,3.90
1598,539339935,"01598M08:38:25.918","01598 07:51:13",216.80,894.15,,,,"     ",5.10,110.05,3.89
1598,539339936,"01598M08:38:26.891","01598 07:51:14",216.82,894.11,,,,"     ",5.10,110.08,3.89
1598,539339937,"01598M08:38:27.865","01598 07:51:15",216.84,894.17,,,,"     ",5.10,110.35,3.90
1598,539339938,"01598M08:38:28.838","01598 07:51:16",216.85,894.16,,,,"     ",5.10,110.11,3.89
1598,539339939,"01598M08:38:29.811","01598 07:51:17",216.87,894.14,,,,"     ",5.10,109.78,3.87
1598,539339940,"01598M08:38:30.784","01598 07:51:18",216.88,894.21,,,,"     ",5.10,110.58,3.90
1598,539339941,"01598M08:38:31.758","01598 07:51:19",216.91,894.21,,,,"     ",5.10,110.02,3.88
1598,539339942,"01598M08:38:32.731","01598 07:51:20",216.94,894.25,,,,"     ",5.10,109.63,3.86
1598,539339943,"01598M08:38:33.704","01598 07:51:21",216.98,894.23,,,,"     ",5.10,110.21,3.88
1598,539339944,"01598M08:38:34.677","01598 07:51:22",217.01,894.31,,,,"     ",5.10,109.49,3.86
1598,539339945,"01598M08:38:35.651","01598 07:51:23",217.05,894.27,,,,"     ",5.10,110.58,3.90
1598,539339946,"01598M08:38:36.624","01598 07:51:24",217.07,894.31,,,,"     ",5.10,109.74,3.86
1598,539339947,"01598M08:38:37.597","01598 07:51:25",217.10,894.29,,,,"     ",5.10,109.70,3.86
1598,539339948,"01598M08:38:38.570","01598 07:51:26",217.11,894.25,,,,"     ",5.10,110.12,3.88
1598,539339949,"01598M08:38:39.544","01598 07:51:27",217.12,894.22,,,,"     ",5.10,110.28,3.88
1598,539339950,"01598M08:38:40.517","01598 07:51:28",217.13,894.24,,,,"     ",5.10,109.72,3.86
1598,539339951,"01598M08:38:41.490","01598 07:51:29",217.14,894.22,,,,"     ",5.10,110.34,3.88
1598,539339952,"01598M08:38:42.463","01598 07:51:30",217.14,894.11,,,,"     ",5.10,110.37,3.88
1598,539339953,"01598M08:38:43.437","01598 07:51:31",217.13,894.21,,,,"     ",5.10,109.89,3.86
1598,539339954,"01598M08:38:44.410","01598 07:51:32",217.10,894.25,,,,"     ",5.10,109.69,3.85
1598,539339955,"01598M08:38:45.383","01598 07:51:33",217.06,894.24,,,,"     ",5.10,109.83,3.86
1598,539339956,"01598M08:38:46.356","01598 07:51:34",217.01,894.16,,,,"     ",5.10,110.49,3.88
1598,539339957,"01598M08:38:47.330","01598 07:51:35",216.96,894.10,,,,"     ",5.10,109.82,3.85
1598,539339958,"01598M08:38:48.303","01598 07:51:36",216.91,894.09,,,,"     ",5.10,110.17,3.86
1598,539339959,"01598M08:38:49.276","01598 07:51:37",216.87,894.16,,,,"     ",5.10,109.72,3.85
1598,539339960,"01598M08:38:50.249","01598 07:51:37",216.84,894.21,,,,"     ",5.10,109.54,3.84
1598,539339961,"01598M08:38:51.223","01598 07:51:38",216.81,894.18,,,,"     ",5.10,110.44,3.87
1598,539339962,"01598M08:38:52.196","01598 07:51:39",216.79,894.20,,,,"     ",5.10,110.79,3.88
1598,539339963,"01598M08:38:53.169","01598 07:51:40",216.77,894.23,,,,"     ",5.10,110.54,3.87
1598,539339964,"01598M08:38:54.142","01598 07:51:41",216.76,894.24,,,,"     ",5.10,110.33,3.86
1598,539339965,"01598M08:38:55.116","01598 07:51:42",216.75,894.19,,,,"     ",5.10,110.64,3.87
1598,539339966,"01598M08:38:56.089","01598 07:51:43",216.74,894.24,,,,"     ",5.10,111.14,3.89
1598,539339967,"01598M08:38:57.062","01598 07:51:44",216.73,894.20,,,,"     ",5.10,109.96,3.85
1598,539339968,"01598M08:38:58.035","01598 07:51:45",216.74,894.13,,,,"     ",5.10,111.49,3.90
1598,539339969,"01598M08:38:59.009","01598 07:51:46",216.75,894.11,,,,"     ",5.10,110.94,3.88
1598,539339970,"01598M08:38:59.982","01598 07:51:47",216.76,894.12,,,,"     ",5.10,110.38,3.86
1598,539339971,"01598M08:39:00.955","01598 07:51:48",216.78,894.18,,,,"     ",5.10,110.99,3.88
1598,539339972,"01598M08:39:01.928","01598 07:51:49",216.79,894.16,,,,"     ",5.10,110.62,3.86
1598,539339973,"01598M08:39:02.902","01598 07:51:50",216.79,894.15,,,,"     ",5.10,111.14,3.88
1598,539339974,"01598M08:39:03.875","01598 07:51:51",216.78,894.10,,,,"     ",5.10,111.13,3.88
1598,539339975,"01598M08:39:04.848","01598 07:51:52",216.75,894.15,,,,"     ",5.10,111.03,3.87
1598,539339976,"01598M08:39:05.821","01598 07:51:53",216.72,894.12,,,,"     ",5.10,110.91,3.87
1598,539339977,"01598M08:39:06.795","01598 07:51:54",216.68,894.22,,,,"     ",5.10,111.64,3.89
1598,539339978,"01598M08:39:07.768","01598 07:51:55",216.66,894.19,,,,"     ",5.10,111.88,3.90
1598,539339979,"01598M08:39:08.741","01598 07:51:56",216.64,894.23,,,,"     ",5.10,111.15,3.87
1598,539339980,"01598M08:39:09.714","01598 07:51:57",216.61,894.12,,,,"     ",5.10,111.63,3.89
1598,539339981,"01598M08:39:10.688","01598 07:51:58",216.59,894.14,,,,"     ",5.10,111.54,3.88
1598,539339982,"01598M08:39:11.661","01598 07:51:59",216.56,894.09,,,,"     ",5.10,111.58,3.88
1598,539339983,"01598M08:39:12.634","01598 07:52:00",216.54,894.06,,,,"     ",5.10,112.01,3.90
1598,539339984,"01598M08:39:13.607","01598 07:52:01",216.51,894.14,,,,"     ",5.10,111.88,3.89
1598,539339985,"01598M08:39:14.581","01598 07:52:02",216.49,894.18,,,,"     ",5.10,111.74,3.89
1598,539339986,"01598M08:39:15.554","01598 07:52:03",216.47,894.12,,,,"     ",5.10,111.55,3.88
1598,539339987,"01598M08:39:16.527","01598 07:52:04",216.46,894.16,,,,"     ",5.10,112.21,3.90
1598,539339988,"01598M08:39:17.501","01598 07:52:05",216.46,894.14,,,,"     ",5.10,112.59,3.91
1598,539339989,"01598M08:39:18.474","01598 07:52:06",216.47,894.09,,,,"     ",5.10,111.76,3.88
1598,539339990,"01598M08:39:19.447","01598 07:52:07",216.48,894.16,,,,"     ",5.10,111.71,3.88
1598,539339991,"01598M08:39:20.420","01598 07:52:08",216.50,894.16,,,,"     ",5.10,111.85,3.88
1598,539339992,"01598M08:39:21.394","01598 07:52:09",216.52,894.10,,,,"     ",5.10,111.66,3.88
1598,539339993,"01598M08:39:22.367","01598 07:52:10",216.54,894.14,,,,"     ",5.10,112.19,3.89
1598,539339994,"01598M08:39:23.340","01598 07:52:11",216.56,894.16,,,,"     ",5.10,111.71,3.88
1598,539339995,"01598M08:39:24.313","01598 07:52:12",216.59,894.16,,,,"     ",5.10,110.83,3.84
1598,539339996,"01598M08:39:25.287","01598 07:52:13",216.62,894.09,,,,"     ",5.10,112.14,3.89
1598,539339997,"01598M08:39:26.260","01598 07:52:13",216.64,894.04,,,,"     ",5.10,111.60,3.87
1598,539339998,"01598M08:39:27.233","01598 07:52:14",216.66,894.09,,,,"     ",5.10,112.04,3.88
1598,539339999,"01598M08:39:28.206","01598 07:52:15",216.67,894.06,,,,"     ",5.10,112.35,3.89
1598,539340000,"01598M08:39:29.180","01598 07:52:16",216.68,894.09,,,,"     ",5.10,111.47,3.86
1598,539340001,"01598M08:39:30.153","01598 07:52:17",216.67,894.13,,,,"     ",5.10,111.77,3.87
1598,539340002,"01598M08:39:31.126","01598 07:52:18",216.67,894.14,,,,"     ",5.10,112.35,3.89
1598,539340003,"01598M08:39:32.099","01598 07:52:19",216.66,894.10,,,,"     ",5.10,111.87,3.87
1598,539340004,"01598M08:39:33.073","01598 07:52:20",216.65,894.11,,,,"     ",5.10,111.77,3.87
1598,539340005,"01598M08:39:34.046","01598 07:52:21",216.64,894.00,,,,"     ",5.10,111.93,3.87
1598,539340006,"01598M08:39:35.019","01598 07:52:22",216.63,894.08,,,,"     ",5.10,111.25,3.84
1598,539340007,"01598M08:39:35.992","01598 07:52:23",216.64,894.13,,,,"     ",5.10,112.31,3.88
1598,539340008,"01598M08:39:36.966","01598 07:52:24",216.65,894.08,,,,"     ",5.10,112.22,3.88
1598,539340009,"01598M08:39:37.939","01598 07:52:25",216.66,894.09,,,,"     ",5.10,111.86,3.86
1598,539340010,"01598M08:39:38.912","01598 07:52:26",216.68,894.10,,,,"     ",5.10,112.19,3.87
1598,539340011,"01598M08:39:39.885","01598 07:52:27",216.69,894.04,,,,"     ",5.10,112.19,3.87
1598,539340012,"01598M08:39:40.859","01598 07:52:28",216.71,894.11,,,,"     ",5.10,110.91,3.82
1598,539340013,"01598M08:39:41.832","01598 07:52:29",216.72,894.08,,,,"     ",5.10,112.01,3.86
1598,539340014,"01598M08:39:42.805","01598 07:52:30",216.73,894.12,,,,"     ",5.10,111.92,3.86
1598,539340015,"01598M08:39:43.778","01598 07:52:31",216.74,894.02,,,,"     ",5.10,111.08,3.83
1598,539340016,"01598M08:39:44.752","01598 07:52:32",216.76,894.02,,,,"     ",5.10,111.43,3.84
1598,539340017,"01598M08:39:45.725","01598 07:52:33",216.77,894.05,,,,"     ",5.10,111.61,3.84
1598,539340018,"01598M08:39:46.698","01598 07:52:34",216.77,894.06,,,,"     ",5.10,111.59,3.84
1598,539340019,"01598M08:39:47.671","01598 07:52:35",216.75,893.95,,,,"     ",5.10,111.86,3.85
1598,539340020,"01598M08:39:48.645","01598 07:52:36",216.73,894.04,,,,"     ",5.10,112.10,3.86
1598,539340021,"01598M08:39:49.618","01598 07:52:37",216.70,893.98,,,,"     ",5.10,111.02,3.81
1598,539340022,"01598M08:39:50.591","01598 07:52:38",216.67,894.04,,,,"     ",5.10,111.63,3.83
1598,539340023,"01598M08:39:51.564","01598 07:52:39",216.65,894.01,,,,"     ",5.10,110.56,3.80
1598,539340024,"01598M08:39:52.538","01598 07:52:40",216.65,893.99,,,,"     ",5.10,111.78,3.84
1598,539340025,"01598M08:39:53.511","01598 07:52:41",216.66,894.00,,,,"     ",5.10,111.77,3.84
1598,539340026,"01598M08:39:54.484","01598 07:52:42",216.68,893.99,,,,"     ",5.10,111.34,3.82
1598,539340027,"01598M08:39:55.457","01598 07:52:43",216.71,894.01,,,,"     ",5.10,112.07,3.85
1598,539340028,"01598M08:39:56.431","01598 07:52:44",216.74,894.04,,,,"     ",5.10,110.81,3.80
1598,539340029,"01598M08:39:57.404","01598 07:52:45",216.77,894.05,,,,"     ",5.10,112.12,3.84
1598,539340030,"01598M08:39:58.377","01598 07:52:46",216.81,894.00,,,,"     ",5.10,111.49,3.82
1598,539340031,"01598M08:39:59.350","01598 07:52:47",216.87,894.03,,,,"     ",5.10,111.34,3.81
1598,539340032,"01598M08:40:00.324","01598 07:52:48",216.93,894.04,,,,"     ",5.10,112.14,3.84
1598,539340033,"01598M08:40:01.297","01598 07:52:49",216.99,893.98,,,,"     ",5.10,112.44,3.85
1598,539340034,"01598M08:40:02.270","01598 07:52:49",217.05,893.97,,,,"     ",5.10,111.16,3.80
1598,539340035,"01598M08:40:03.243","01598 07:52:50",217.09,893.99,,,,"     ",5.10,111.94,3.83
1598,539340036,"01598M08:40:04.217","01598 07:52:51",217.11,893.91,,,,"     ",5.10,111.38,3.81
1598,539340037,"01598M08:40:05.190","01598 07:52:52",217.09,893.94,,,,"     ",5.10,111.84,3.82
1598,539340038,"01598M08:40:06.163","01598 07:52:53",217.05,893.97,,,,"     ",5.10,111.55,3.81
1598,539340039,"01598M08:40:07.136","01598 07:52:54",217.00,893.92,,,,"     ",5.10,112.10,3.83
1598,539340040,"01598M08:40:08.110","01598 07:52:55",216.93,893.95,,,,"     ",5.10,111.46,3.80
1598,539340041,"01598M08:40:09.083","01598 07:52:56",216.87,893.88,,,,"     ",5.10,111.01,3.79
1598,539340042,"01598M08:40:10.056","01598 07:52:57",216.81,893.92,,,,"     ",5.10,111.84,3.82
1598,539340043,"01598M08:40:11.029","01598 07:52:58",216.76,893.96,,,,"     ",5.10,111.50,3.80
1598,539340044,"01598M08:40:12.003","01598 07:52:59",216.72,893.91,,,,"     ",5.10,110.97,3.78
1598,539340045,"01598M08:40:12.976","01598 07:53:00",216.69,893.89,,,,"     ",5.10,111.41,3.80
1598,539340046,"01598M08:40:13.949","01598 07:53:01",216.67,893.91,,,,"     ",5.10,111.66,3.80
1598,539340047,"01598M08:40:14.922","01598 07:53:02",216.67,893.97,,,,"     ",5.10,111.92,3.81
1598,539340048,"01598M08:40:15.896","01598 07:53:03",216.68,893.96,,,,"     ",5.10,111.47,3.79
1598,539340049,"01598M08:40:16.869","01598 07:53:04",216.70,894.03,,,,"     ",5.10,111.83,3.80
1598,539340050,"01598M08:40:17.842","01598 07:53:05",216.73,894.00,,,,"     ",5.10,110.65,3.76
1598,539340051,"01598M08:40:18.815","01598 07:53:06",216.77,893.99,,,,"     ",5.10,112.17,3.81
1598,539340052,"01598M08:40:19.789","01598 07:53:07",216.81,893.94,,,,"     ",5.10,111.64,3.79
1598,539340053,"01598M08:40:20.762","01598 07:53:08",216.82,893.96,,,,"     ",5.10,111.78,3.80
1598,539340054,"01598M08:40:21.735","01598 07:53:09",216.83,893.92,,,,"     ",5.10,112.22,3.81
1598,539340055,"01598M08:40:22.708","01598 07:53:10",216.82,893.94,,,,"     ",5.10,112.24,3.81
1598,539340056,"01598M08:40:23.682","01598 07:53:11",216.81,893.90,,,,"     ",5.10,112.00,3.80
1598,539340057,"01598M08:40:24.655","01598 07:53:12",216.78,894.00,,,,"     ",5.10,113.01,3.83
1598,539340058,"01598M08:40:25.628","01598 07:53:13",216.74,893.97,,,,"     ",5.10,111.89,3.79
1598,539340059,"01598M08:40:26.602","01598 07:53:14",216.71,893.95,,,,"     ",5.10,112.72,3.82
1598,539340060,"01598M08:40:27.575","01598 07:53:15",216.68,894.01,,,,"     ",5.10,112.71,3.82
1598,539340061,"01598M08:40:28.548","01598 07:53:16",216.67,893.94,,,,"     ",5.10,112.72,3.82
1598,539340062,"01598M08:40:29.521","01598 07:53:17",216.69,894.01,,,,"     ",5.10,111.23,3.76
1598,539340063,"01598M08:40:30.495","01598 07:53:18",216.73,893.97,,,,"     ",5.10,111.87,3.79
1598,539340064,"01598M08:40:31.468","01598 07:53:19",216.80,893.97,,,,"     ",5.10,112.18,3.79
1598,539340065,"01598M08:40:32.441","01598 07:53:20",216.89,894.01,,,,"     ",5.10,111.80,3.78
1598,539340066,"01598M08:40:33.414","01598 07:53:21",216.99,893.95,,,,"     ",5.10,112.12,3.79
1598,539340067,"01598M08:40:34.388","01598 07:53:22",217.10,893.96,,,,"     ",5.10,112.31,3.79
1598,539340068,"01598M08:40:35.361","01598 07:53:23",217.21,894.00,,,,"     ",5.10,112.46,3.80
1598,539340069,"01598M08:40:36.334","01598 07:53:24",217.31,893.92,,,,"     ",5.10,111.64,3.77
1598,539340070,"01598M08:40:37.307","01598 07:53:25",217.39,893.92,,,,"     ",5.10,112.36,3.79
1598,539340071,"01598M08:40:38.281","01598 07:53:26",217.46,893.86,,,,"     ",5.10,111.39,3.76
1598,539340072,"01598M08:40:39.254","01598 07:53:26",217.52,893.92,,,,"     ",5.10,112.58,3.80
1598,539340073,"01598M08:40:40.227","01598 07:53:27",217.56,893.79,,,,"     ",5.10,112.74,3.80
1598,539340074,"01598M08:40:41.200","01598 07:53:28",217.57,893.85,,,,"     ",5.10,111.97,3.77
1598,539340075,"01598M08:40:42.174","01598 07:53:29",217.57,893.84,,,,"     ",5.10,112.95,3.80
1598,539340076,"01598M08:40:43.147","01598 07:53:30",217.56,893.98,,,,"     ",5.10,112.04,3.77
1598,539340077,"01598M08:40:44.120","01598 07:53:31",217.53,893.92,,,,"     ",5.10,112.18,3.77
1598,539340078,"01598M08:40:45.093","01598 07:53:32",217.48,893.90,,,,"     ",5.10,113.15,3.81
1598,539340079,"01598M08:40:46.067","01598 07:53:33",217.44,893.90,,,,"     ",5.10,112.57,3.78
1598,539340080,"01598M08:40:47.040","01598 07:53:34",217.41,893.87,,,,"     ",5.10,113.22,3.81
1598,539340081,"01598M08:40:48.013","01598 07:53:35",217.38,893.93,,,,"     ",5.10,112.60,3.78
1598,539340082,"01598M08:40:48.986","01598 07:53:36",217.36,893.93,,,,"     ",5.10,112.57,3.78
1598,539340083,"01598M08:40:49.960","01598 07:53:37",217.34,893.87,,,,"     ",5.10,112.87,3.79
1598,539340084,"01598M08:40:50.933","01598 07:53:38",217.32,893.91,,,,"     ",5.10,113.16,3.80
1598,539340085,"01598M08:40:51.906","01598 07:53:39",217.30,893.83,,,,"     ",5.10,113.04,3.79
1598,539340086,"01598M08:40:52.879","01598 07:53:40",217.28,893.85,,,,"     ",5.10,112.58,3.78
1598,539340087,"01598M08:40:53.853","01598 07:53:41",217.26,893.94,,,,"     ",5.10,112.59,3.77
1598,539340088,"01598M08:40:54.826","01598 07:53:42",217.25,893.98,,,,"     ",5.10,113.03,3.79
1598,539340089,"01598M08:40:55.799","01598 07:53:43",217.23,893.98,,,,"     ",5.10,112.78,3.78
1598,539340090,"01598M08:40:56.772","01598 07:53:44",217.22,893.93,,,,"     ",5.10,113.45,3.80
1598,539340091,"01598M08:40:57.746","01598 07:53:45",217.20,893.89,,,,"     ",5.10,113.09,3.78
1598,539340092,"01598M08:40:58.719","01598 07:53:46",217.19,893.92,,,,"     ",5.10,113.06,3.78
1598,539340093,"01598M08:40:59.692","01598 07:53:47",217.18,893.86,,,,"     ",5.10,112.42,3.76
1598,539340094,"01598M08:41:00.665","01598 07:53:48",217.67,893.91,,,,"     ",5.10,113.98,3.81
1598,539340095,"01598M08:41:01.639","01598 07:53:49",217.65,893.89,,,,"     ",5.10,113.61,3.80
1598,539340096,"01598M08:41:02.612","01598 07:53:50",217.62,893.86,,,,"     ",5.10,112.62,3.76
1598,539340097,"01598M08:41:03.585","01598 07:53:51",217.60,893.86,,,,"     ",5.10,112.60,3.76
1598,539340098,"01598M08:41:04.558","01598 07:53:52",217.57,893.83,,,,"     ",5.10,113.38,3.78
1598,539340099,"01598M08:41:05.532","01598 07:53:53",217.55,893.93,,,,"     ",5.10,112.94,3.77
1598,539340100,"01598M08:41:06.505","01598 07:53:54",217.52,893.87,,,,"     ",5.10,113.14,3.77
1598,539340101,"01598M08:41:07.478","01598 07:53:55",217.50,893.83,,,,"     ",5.10,113.18,3.77
1598,539340102,"01598M08:41:08.451","01598 07:53:56",217.47,893.88,,,,"     ",5.10,113.21,3.78
1598,539340103,"01598M08:41:09.425","01598 07:53:57",217.44,893.78,,,,"     ",5.10,112.75,3.76
1598,539340104,"01598M08:41:10.398","01598 07:53:58",217.42,893.78,,,,"     ",5.10,112.75,3.75
1598,539340105,"01598M08:41:11.371","01598 07:53:59",217.39,893.77,,,,"     ",5.10,112.66,3.75
1598,539340106,"01598M08:41:12.344","01598 07:54:00",217.36,893.78,,,,"     ",5.10,113.46,3.78
1598,539340107,"01598M08:41:13.318","01598 07:54:01",217.32,893.80,,,,"     ",5.10,113.54,3.78
1598,539340108,"01598M08:41:14.291","01598 07:54:02",217.28,893.81,,,,"     ",5.10,112.90,3.75
1598,539340109,"01598M08:41:15.264","01598 07:54:02",217.27,893.83,,,,"     ",5.10,112.72,3.75
1598,539340110,"01598M08:41:16.237","01598 07:54:03",217.27,893.78,,,,"     ",5.10,112.60,3.74
1598,539340111,"01598M08:41:17.211","01598 07:54:04",217.29,893.76,,,,"     ",5.10,113.20,3.76
1598,539340112,"01598M08:41:18.184","01598 07:54:05",217.30,893.73,,,,"     ",5.10,113.24,3.76
1598,539340113,"01598M08:41:19.157","01598 07:54:06",217.30,893.77,,,,"     ",5.10,112.81,3.74
1598,539340114,"01598M08:41:20.130","01598 07:54:07",217.29,893.74,,,,"     ",5.10,113.50,3.77
1598,539340115,"01598M08:41:21.104","01598 07:54:08",217.27,893.78,,,,"     ",5.10,113.13,3.75
1598,539340116,"01598M08:41:22.077","01598 07:54:09",217.25,893.84,,,,"     ",5.10,113.80,3.78
1598,539340117,"01598M08:41:23.050","01598 07:54:10",217.23,893.73,,,,"     ",5.10,112.28,3.72
1598,539340118,"01598M08:41:24.023","01598 07:54:11",217.21,893.79,,,,"     ",5.10,113.50,3.76
1598,539340119,"01598M08:41:24.997","01598 07:54:12",217.18,893.73,,,,"     ",5.10,113.78,3.77
1598,539340120,"01598M08:41:25.970","01598 07:54:13",217.16,893.60,,,,"     ",5.10,113.62,3.76
1598,539340121,"01598M08:41:26.943","01598 07:54:14",217.13,893.66,,,,"     ",5.10,113.93,3.77
1598,539340122,"01598M08:41:27.916","01598 07:54:15",217.10,893.68,,,,"     ",5.10,114.69,3.80
1598,539340123,"01598M08:41:28.890","01598 07:54:16",217.08,893.74,,,,"     ",5.10,114.35,3.78
1598,539340124,"01598M08:41:29.863","01598 07:54:17",217.06,893.66,,,,"     ",5.10,113.99,3.77
1598,539340125,"01598M08:41:30.836","01598 07:54:18",217.05,893.66,,,,"     ",5.10,114.16,3.77
1598,539340126,"01598M08:41:31.809","01598 07:54:19",217.04,893.65,,,,"     ",5.10,113.55,3.75
1598,539340127,"01598M08:41:32.783","01598 07:54:20",217.05,893.71,,,,"     ",5.10,114.84,3.80
1598,539340128,"01598M08:41:33.756","01598 07:54:21",217.06,893.73,,,,"     ",5.10,113.92,3.76
1598,539340129,"01598M08:41:34.729","01598 07:54:22",217.07,893.72,,,,"     ",5.10,113.71,3.75
1598,539340130,"01598M08:41:35.703","01598 07:54:23",217.07,893.73,,,,"     ",5.10,113.96,3.76
1598,539340131,"01598M08:41:36.676","01598 07:54:24",217.06,893.73,,,,"     ",5.10,113.94,3.76
1598,539340132,"01598M08:41:37.649","01598 07:54:25",217.04,893.69,,,,"     ",5.10,113.69,3.75
1598,539340133,"01598M08:41:38.622","01598 07:54:26",217.03,893.67,,,,"     ",5.10,113.68,3.75
1598,539340134,"01598M08:41:39.596","01598 07:54:27",217.02,893.60,,,,"     ",5.10,113.83,3.75
1598,539340135,"01598M08:41:40.569","01598 07:54:28",217.00,893.70,,,,"     ",5.10,114.02,3.76
1598,539340136,"01598M08:41:41.542","01598 07:54:29",216.99,893.62,,,,"     ",5.10,113.82,3.75
1598,539340137,"01598M08:41:42.515","01598 07:54:30",216.98,893.70,,,,"     ",5.10,114.62,3.77
1598,539340138,"01598M08:41:43.489","01598 07:54:31",216.96,893.72,,,,"     ",5.10,114.81,3.78
1598,539340139,"01598M08:41:44.462","01598 07:54:32",216.95,893.74,,,,"     ",5.10,114.88,3.78
1598,539340140,"01598M08:41:45.435","01598 07:54:33",216.95,893.70,,,,"     ",5.10,113.72,3.74
1598,539340141,"01598M08:41:46.408","01598 07:54:34",216.95,893.66,,,,"     ",5.10,114.22,3.75
1598,539340142,"01598M08:41:47.382","01598 07:54:35",216.96,893.68,,,,"     ",5.10,114.09,3.75
1598,539340143,"01598M08:41:48.355","01598 07:54:36",216.97,893.76,,,,"     ",5.10,115.05,3.78
1598,539340144,"01598M08:41:49.328","01598 07:54:37",216.97,893.77,,,,"     ",5.10,114.91,3.78
1598,539340145,"01598M08:41:50.301","01598 07:54:38",216.97,893.78,,,,"     ",5.10,114.16,3.75
1598,539340146,"01598M08:41:51.275","01598 07:54:38",216.95,893.68,,,,"     ",5.10,115.10,3.78
1598,539340147,"01598M08:41:52.248","01598 07:54:39",216.93,893.71,,,,"     ",5.10,114.78,3.77
1598,539340148,"01598M08:41:53.221","01598 07:54:40",216.90,893.69,,,,"     ",5.10,114.18,3.74
1598,539340149,"01598M08:41:54.194","01598 07:54:41",216.88,893.70,,,,"     ",5.10,115.41,3.79
1598,539340150,"01598M08:41:55.168","01598 07:54:42",216.85,893.69,,,,"     ",5.10,115.33,3.78
1598,539340151,"01598M08:41:56.141","01598 07:54:43",216.83,893.69,,,,"     ",5.10,114.32,3.75
1598,539340152,"01598M08:41:57.114","01598 07:54:44",216.81,893.71,,,,"     ",5.10,114.76,3.76
1598,539340153,"01598M08:41:58.087","01598 07:54:45",216.80,893.60,,,,"     ",5.10,114.95,3.76
1598,539340154,"01598M08:41:59.061","01598 07:54:46",216.79,893.69,,,,"     ",5.10,114.90,3.76
1598,539340155,"01598M08:42:00.034","01598 07:54:47",216.79,893.68,,,,"     ",5.10,114.57,3.75
1598,539340156,"01598M08:42:01.007","01598 07:54:48",216.78,893.63,,,,"     ",5.10,114.93,3.76
1598,539340157,"01598M08:42:01.980","01598 07:54:49",216.77,893.65,,,,"     ",5.10,114.77,3.75
1598,539340158,"01598M08:42:02.954","01598 07:54:50",216.75,893.66,,,,"     ",5.10,114.66,3.75
1598,539340159,"01598M08:42:03.927","01598 07:54:51",216.74,893.67,,,,"     ",5.10,115.31,3.77
1598,539340160,"01598M08:42:04.900","01598 07:54:52",216.71,893.70,,,,"     ",5.10,114.92,3.76
1598,539340161,"01598M08:42:05.873","01598 07:54:53",216.67,893.61,,,,"     ",5.10,114.88,3.75
1598,539340162,"01598M08:42:06.847","01598 07:54:54",216.63,893.53,,,,"     ",5.10,115.33,3.76
1598,539340163,"01598M08:42:07.820","01598 07:54:55",216.58,893.52,,,,"     ",5.10,115.21,3.76
1598,539340164,"01598M08:42:08.793","01598 07:54:56",216.54,893.53,,,,"     ",5.10,114.87,3.75
1598,539340165,"01598M08:42:09.766","01598 07:54:57",216.50,893.49,,,,"     ",5.10,114.33,3.73
1598,539340166,"01598M08:42:10.740","01598 07:54:58",216.48,893.55,,,,"     ",5.10,115.43,3.76
1598,539340167,"01598M08:42:11.713","01598 07:54:59",216.48,893.58,,,,"     ",5.10,115.45,3.76
1598,539340168,"01598M08:42:12.686","01598 07:55:00",216.47,893.55,,,,"     ",5.10,114.99,3.75
1598,539340169,"01598M08:42:13.659","01598 07:55:01",216.48,893.62,,,,"     ",5.10,115.19,3.75
1598,539340170,"01598M08:42:14.633","01598 07:55:02",216.49,893.67,,,,"     ",5.10,114.49,3.73
1598,539340171,"01598M08:42:15.606","01598 07:55:03",216.51,893.61,,,,"     ",5.10,115.45,3.76
1598,539340172,"01598M08:42:16.579","01598 07:55:04",216.53,893.62,,,,"     ",5.10,115.99,3.78
1598,539340173,"01598M08:42:17.552","01598 07:55:05",216.56,893.62,,,,"     ",5.10,115.23,3.75
1598,539340174,"01598M08:42:18.526","01598 07:55:06",216.58,893.66,,,,"     ",5.10,115.50,3.76
1598,539340175,"01598M08:42:19.499","01598 07:55:07",216.61,893.65,,,,"     ",5.10,116.11,3.78
1598,539340176,"01598M08:42:20.472","01598 07:55:08",216.63,893.64,,,,"     ",5.10,115.57,3.76
1598,539340177,"01598M08:42:21.445","01598 07:55:09",216.64,893.62,,,,"     ",5.10,115.95,3.77
1598,539340178,"01598M08:42:22.419","01598 07:55:10",216.65,893.62,,,,"     ",5.10,115.35,3.75
1598,539340179,"01598M08:42:23.392","01598 07:55:11",216.65,893.61,,,,"     ",5.10,115.25,3.74
1598,539340180,"01598M08:42:24.365","01598 07:55:12",216.65,893.64,,,,"     ",5.10,115.61,3.76
1598,539340181,"01598M08:42:25.338","01598 07:55:13",216.65,893.58,,,,"     ",5.10,115.99,3.77
1598,539340182,"01598M08:42:26.312","01598 07:55:14",216.65,893.57,,,,"     ",5.10,115.80,3.76
1598,539340183,"01598M08:42:27.285","01598 07:55:14",216.65,893.60,,,,"     ",5.10,115.63,3.75
1598,539340184,"01598M08:42:28.258","01598 07:55:15",216.64,893.57,,,,"     ",5.10,115.72,3.75
1598,539340185,"01598M08:42:29.231","01598 07:55:16",216.63,893.54,,,,"     ",5.10,115.03,3.73
1598,539340186,"01598M08:42:30.205","01598 07:55:17",216.61,893.52,,,,"     ",5.10,115.69,3.75
1598,539340187,"01598M08:42:31.178","01598 07:55:18",216.59,893.58,,,,"     ",5.10,116.06,3.76
1598,539340188,"01598M08:42:32.151","01598 07:55:19",216.55,893.51,,,,"     ",5.10,115.55,3.74
1598,539340189,"01598M08:42:33.124","01598 07:55:20",216.52,893.51,,,,"     ",5.10,115.33,3.73
1598,539340190,"01598M08:42:34.098","01598 07:55:21",216.49,893.51,,,,"     ",5.10,116.00,3.76
1598,539340191,"01598M08:42:35.071","01598 07:55:22",216.46,893.50,,,,"     ",5.10,115.36,3.73
1598,539340192,"01598M08:42:36.044","01598 07:55:23",216.45,893.53,,,,"     ",5.10,115.47,3.74
1598,539340193,"01598M08:42:37.017","01598 07:55:24",216.44,893.47,,,,"     ",5.10,115.92,3.75
1598,539340194,"01598M08:42:37.991","01598 07:55:25",216.45,893.53,,,,"     ",5.10,116.05,3.75
1598,539340195,"01598M08:42:38.964","01598 07:55:26",216.45,893.50,,,,"     ",5.10,115.94,3.75
1598,539340196,"01598M08:42:39.937","01598 07:55:27",216.46,893.50,,,,"     ",5.10,115.33,3.73
1598,539340197,"01598M08:42:40.910","01598 07:55:28",216.47,893.47,,,,"     ",5.10,115.68,3.74
1598,539340198,"01598M08:42:41.884","01598 07:55:29",216.48,893.59,,,,"     ",5.10,115.98,3.74
1598,539340199,"01598M08:42:42.857","01598 07:55:30",216.48,893.52,,,,"     ",5.10,115.55,3.73
1598,539340200,"01598M08:42:43.830","01598 07:55:31",216.46,893.49,,,,"     ",5.10,116.44,3.76
1598,539340201,"01598M08:42:44.803","01598 07:55:32",216.45,893.52,,,,"     ",5.10,116.26,3.75
1598,539340202,"01598M08:42:45.777","01598 07:55:33",216.43,893.56,,,,"     ",5.10,115.65,3.73
1598,539340203,"01598M08:42:46.750","01598 07:55:34",216.41,893.44,,,,"     ",5.10,115.82,3.73
1598,539340204,"01598M08:42:47.723","01598 07:55:35",216.38,893.52,,,,"     ",5.10,115.51,3.72
1598,539340205,"01598M08:42:48.697","01598 07:55:36",216.35,893.47,,,,"     ",5.10,116.77,3.76
1598,539340206,"01598M08:42:49.670","01598 07:55:37",216.32,893.47,,,,"     ",5.10,115.83,3.73
1598,539340207,"01598M08:42:50.643","01598 07:55:38",216.30,893.52,,,,"     ",5.10,117.07,3.77
1598,539340208,"01598M08:42:51.616","01598 07:55:39",216.29,893.41,,,,"     ",5.10,116.28,3.74
1598,539340209,"01598M08:42:52.590","01598 07:55:40",216.28,893.46,,,,"     ",5.10,116.04,3.73
1598,539340210,"01598M08:42:53.563","01598 07:55:41",216.28,893.42,,,,"     ",5.10,115.71,3.72
1598,539340211,"01598M08:42:54.536","01598 07:55:42",216.28,893.42,,,,"     ",5.10,115.95,3.73
1598,539340212,"01598M08:42:55.509","01598 07:55:43",216.28,893.48,,,,"     ",5.10,117.04,3.76
1598,539340213,"01598M08:42:56.483","01598 07:55:44",216.29,893.42,,,,"     ",5.10,116.70,3.75
1598,539340214,"01598M08:42:57.456","01598 07:55:45",216.29,893.51,,,,"     ",5.10,116.34,3.74
1598,539340215,"01598M08:42:58.429","01598 07:55:46",216.29,893.49,,,,"     ",5.10,116.42,3.74
1598,539340216,"01598M08:42:59.402","01598 07:55:47",216.29,893.50,,,,"     ",5.10,117.20,3.76
1598,539340217,"01598M08:43:00.376","01598 07:55:48",216.29,893.53,,,,"     ",5.10,116.68,3.75
1598,539340218,"01598M08:43:01.349","01598 07:55:49",216.28,893.60,,,,"     ",5.10,116.19,3.73
1598,539340219,"01598M08:43:02.322","01598 07:55:50",216.26,893.61,,,,"     ",5.10,117.04,3.76
1598,539340220,"01598M08:43:03.295","01598 07:55:50",216.25,893.54,,,,"     ",5.10,116.18,3.73
1598,539340221,"01598M08:43:04.269","01598 07:55:51",216.23,893.53,,,,"     ",5.10,116.32,3.73
1598,539340222,"01598M08:43:05.242","01598 07:55:52",216.23,893.56,,,,"     ",5.10,116.27,3.73
1598,539340223,"01598M08:43:06.215","01598 07:55:53",216.22,893.55,,,,"     ",5.10,116.56,3.74
1598,539340224,"01598M08:43:07.188","01598 07:55:54",216.22,893.61,,,,"     ",5.10,116.76,3.74
1598,539340225,"01598M08:43:08.162","01598 07:55:55",216.22,893.63,,,,"     ",5.10,116.50,3.73
1598,539340226,"01598M08:43:09.135","01598 07:55:56",216.22,893.55,,,,"     ",5.10,116.80,3.74
1598,539340227,"01598M08:43:10.108","01598 07:55:57",216.22,893.60,,,,"     ",5.10,117.07,3.75
1598,539340228,"01598M08:43:11.081","01598 07:55:58",216.22,893.55,,,,"     ",5.10,116.65,3.74
1598,539340229,"01598M08:43:12.055","01598 07:55:59",216.21,893.48,,,,"     ",5.10,116.43,3.73
1598,539340230,"01598M08:43:13.028","01598 07:56:00",216.20,893.44,,,,"     ",5.10,116.66,3.73
1598,539340231,"01598M08:43:14.001","01598 07:56:01",216.19,893.45,,,,"     ",5.10,116.55,3.73
1598,539340232,"01598M08:43:14.974","01598 07:56:02",216.19,893.44,,,,"     ",5.10,117.02,3.74
1598,539340233,"01598M08:43:15.948","01598 07:56:03",216.18,893.41,,,,"     ",5.10,117.22,3.75
1598,539340234,"01598M08:43:16.921","01598 07:56:04",216.18,893.39,,,,"     ",5.10,117.36,3.75
1598,539340235,"01598M08:43:17.894","01598 07:56:05",216.18,893.40,,,,"     ",5.10,116.97,3.74
1598,539340236,"01598M08:43:18.867","01598 07:56:06",216.19,893.43,,,,"     ",5.10,117.03,3.74
1598,539340237,"01598M08:43:19.841","01598 07:56:07",216.19,893.44,,,,"     ",5.10,116.95,3.74
1598,539340238,"01598M08:43:20.814","01598 07:56:08",216.20,893.47,,,,"     ",5.10,117.49,3.76
1598,539340239,"01598M08:43:21.787","01598 07:56:09",216.20,893.46,,,,"     ",5.10,117.89,3.77
1598,539340240,"01598M08:43:22.760","01598 07:56:10",216.20,893.45,,,,"     ",5.10,118.28,3.78
1598,539340241,"01598M08:43:23.734","01598 07:56:11",216.19,893.42,,,,"     ",5.10,117.20,3.74
1598,539340242,"01598M08:43:24.707","01598 07:56:12",216.18,893.45,,,,"     ",5.10,117.41,3.75
1598,539340243,"01598M08:43:25.680","01598 07:56:13",216.17,893.39,,,,"     ",5.10,117.71,3.76
1598,539340244,"01598M08:43:26.653","01598 07:56:14",216.15,893.50,,,,"     ",5.10,117.02,3.73
1598,539340245,"01598M08:43:27.627","01598 07:56:15",216.12,893.45,,,,"     ",5.10,117.85,3.76
1598,539340246,"01598M08:43:28.600","01598 07:56:16",216.09,893.46,,,,"     ",5.10,117.09,3.73
1598,539340247,"01598M08:43:29.573","01598 07:56:17",216.06,893.48,,,,"     ",5.10,117.58,3.75
1598,539340248,"01598M08:43:30.546","01598 07:56:18",216.05,893.43,,,,"     ",5.10,117.37,3.74
1598,539340249,"01598M08:43:31.520","01598 07:56:19",216.05,893.40,,,,"     ",5.10,118.08,3.76
1598,539340250,"01598M08:43:32.493","01598 07:56:20",216.07,893.40,,,,"     ",5.10,116.94,3.72
1598,539340251,"01598M08:43:33.466","01598 07:56:21",216.10,893.42,,,,"     ",5.10,117.57,3.74
1598,539340252,"01598M08:43:34.439","01598 07:56:22",216.13,893.45,,,,"     ",5.10,117.33,3.74
1598,539340253,"01598M08:43:35.413","01598 07:56:23",216.18,893.49,,,,"     ",5.10,118.16,3.76
1598,539340254,"01598M08:43:36.386","01598 07:56:24",216.24,893.47,,,,"     ",5.10,117.89,3.75
1598,539340255,"01598M08:43:37.359","01598 07:56:25",216.30,893.46,,,,"     ",5.10,117.84,3.75
1598,539340256,"01598M08:43:38.332","01598 07:56:26",216.37,893.44,,,,"     ",5.10,117.76,3.75
1598,539340257,"01598M08:43:39.306","01598 07:56:26",216.44,893.47,,,,"     ",5.10,118.13,3.76
1598,539340258,"01598M08:43:40.279","01598 07:56:27",216.49,893.48,,,,"     ",5.10,117.96,3.75
1598,539340259,"01598M08:43:41.252","01598 07:56:28",216.53,893.45,,,,"     ",5.10,117.68,3.74
1598,539340260,"01598M08:43:42.225","01598 07:56:29",216.57,893.41,,,,"     ",5.10,117.01,3.72
1598,539340261,"01598M08:43:43.199","01598 07:56:30",216.58,893.46,,,,"     ",5.10,118.65,3.77
1598,539340262,"01598M08:43:44.172","01598 07:56:31",216.60,893.43,,,,"     ",5.10,118.07,3.75
1598,539340263,"01598M08:43:45.145","01598 07:56:32",216.60,893.38,,,,"     ",5.10,118.59,3.76
1598,539340264,"01598M08:43:46.118","01598 07:56:33",216.60,893.51,,,,"     ",5.10,119.59,3.80
1598,539340265,"01598M08:43:47.092","01598 07:56:34",216.59,893.52,,,,"     ",5.10,118.33,3.75
1598,539340266,"01598M08:43:48.065","01598 07:56:35",216.57,893.35,,,,"     ",5.10,118.01,3.74
1598,539340267,"01598M08:43:49.038","01598 07:56:36",216.56,893.41,,,,"     ",5.10,118.13,3.74
1598,539340268,"01598M08:43:50.011","01598 07:56:37",216.56,893.40,,,,"     ",5.10,118.20,3.74
1598,539340269,"01598M08:43:50.985","01598 07:56:38",216.56,893.29,,,,"     ",5.10,117.52,3.72
1598,539340270,"01598M08:43:51.958","01598 07:56:39",216.56,893.34,,,,"     ",5.10,117.46,3.72
1598,539340271,"01598M08:43:52.931","01598 07:56:40",216.57,893.29,,,,"     ",5.10,118.06,3.74
1598,539340272,"01598M08:43:53.904","01598 07:56:41",216.57,893.34,,,,"     ",5.10,117.53,3.72
1598,539340273,"01598M08:43:54.878","01598 07:56:42",216.57,893.36,,,,"     ",5.10,117.29,3.71
1598,539340274,"01598M08:43:55.851","01598 07:56:43",216.57,893.36,,,,"     ",5.10,118.60,3.75
1598,539340275,"01598M08:43:56.824","01598 07:56:44",216.56,893.42,,,,"     ",5.10,118.20,3.74
1598,539340276,"01598M08:43:57.798","01598 07:56:45",216.55,893.37,,,,"     ",5.10,118.59,3.75
1598,539340277,"01598M08:43:58.771","01598 07:56:46",216.54,893.34,,,,"     ",5.10,118.40,3.74
1598,539340278,"01598M08:43:59.744","01598 07:56:47",216.54,893.36,,,,"     ",5.10,118.00,3.72
1598,539340279,"01598M08:44:00.717","01598 07:56:48",216.54,893.43,,,,"     ",5.10,118.80,3.75
1598,539340280,"01598M08:44:01.691","01598 07:56:49",216.55,893.33,,,,"     ",5.10,119.18,3.76
1598,539340281,"01598M08:44:02.664","01598 07:56:50",216.57,893.32,,,,"     ",5.10,118.48,3.74
1598,539340282,"01598M08:44:03.637","01598 07:56:51",216.60,893.26,,,,"     ",5.10,117.63,3.71
1598,539340283,"01598M08:44:04.610","01598 07:56:52",216.63,893.35,,,,"     ",5.10,119.10,3.75
1598,539340284,"01598M08:44:05.584","01598 07:56:53",216.66,893.34,,,,"     ",5.10,118.12,3.72
1598,539340285,"01598M08:44:06.557","01598 07:56:54",216.70,893.31,,,,"     ",5.10,118.95,3.75
1598,539340286,"01598M08:44:07.530","01598 07:56:55",216.73,893.37,,,,"     ",5.10,118.03,3.72
1598,539340287,"01598M08:44:08.503","01598 07:56:56",216.77,893.35,,,,"     ",5.10,118.62,3.73
1598,539340288,"01598M08:44:09.477","01598 07:56:57",216.81,893.37,,,,"     ",5.10,118.49,3.73
1598,539340289,"01598M08:44:10.450","01598 07:56:58",216.85,893.38,,,,"     ",5.10,118.98,3.74
1598,539340290,"01598M08:44:11.423","01598 07:56:59",216.87,893.31,,,,"     ",5.10,118.71,3.73
1598,539340291,"01598M08:44:12.396","01598 07:57:00",216.88,893.31,,,,"     ",5.10,118.41,3.72
1598,539340292,"01598M08:44:13.370","01598 07:57:01",216.87,893.38,,,,"     ",5.10,118.56,3.72
1598,539340293,"01598M08:44:14.343","01598 07:57:02",216.83,893.36,,,,"     ",5.10,118.68,3.73
1598,539340294,"01598M08:44:15.316","01598 07:57:02",216.79,893.35,,,,"     ",5.10,118.67,3.72
1598,539340295,"01598M08:44:16.289","01598 07:57:03",216.75,893.38,,,,"     ",5.10,119.34,3.74
1598,539340296,"01598M08:44:17.263","01598 07:57:04",216.71,893.41,,,,"     ",5.10,118.80,3.72
1598,539340297,"01598M08:44:18.236","01598 07:57:05",216.68,893.33,,,,"     ",5.10,118.59,3.72
1598,539340298,"01598M08:44:19.209","01598 07:57:06",216.66,893.36,,,,"     ",5.10,119.13,3.73
1598,539340299,"01598M08:44:20.182","01598 07:57:07",216.64,893.30,,,,"     ",5.10,118.80,3.72
1598,539340300,"01598M08:44:21.156","01598 07:57:08",216.64,893.25,,,,"     ",5.10,118.75,3.72
1598,539340301,"01598M08:44:22.129","01598 07:57:09",216.63,893.26,,,,"     ",5.10,118.73,3.72
1598,539340302,"01598M08:44:23.102","01598 07:57:10",216.62,893.31,,,,"     ",5.10,118.31,3.70
1598,539340303,"01598M08:44:24.075","01598 07:57:11",216.60,893.29,,,,"     ",5.10,118.83,3.72
1598,539340304,"01598M08:44:25.049","01598 07:57:12",216.58,893.28,,,,"     ",5.10,118.51,3.70
1598,539340305,"01598M08:44:26.022","01598 07:57:13",216.56,893.31,,,,"     ",5.10,118.89,3.72
1598,539340306,"01598M08:44:26.995","01598 07:57:14",216.55,893.33,,,,"     ",5.10,119.11,3.72
1598,539340307,"01598M08:44:27.968","01598 07:57:15",216.54,893.30,,,,"     ",5.10,118.36,3.70
1598,539340308,"01598M08:44:28.942","01598 07:57:16",216.53,893.21,,,,"     ",5.10,118.72,3.70
1598,539340309,"01598M08:44:29.915","01598 07:57:17",216.51,893.09,,,,"     ",5.10,119.12,3.72
1598,539340310,"01598M08:44:30.888","01598 07:57:18",216.49,893.16,,,,"     ",5.10,119.50,3.73
1598,539340311,"01598M08:44:31.861","01598 07:57:19",216.45,893.15,,,,"     ",5.10,119.40,3.72
1598,539340312,"01598M08:44:32.835","01598 07:57:20",216.42,893.13,,,,"     ",5.10,119.34,3.72
1598,539340313,"01598M08:44:33.808","01598 07:57:21",216.39,893.13,,,,"     ",5.10,118.20,3.68
1598,539340314,"01598M08:44:34.781","01598 07:57:22",216.36,893.12,,,,"     ",5.10,119.62,3.72
1598,539340315,"01598M08:44:35.754","01598 07:57:23",216.34,893.11,,,,"     ",5.10,119.05,3.71
1598,539340316,"01598M08:44:36.728","01598 07:57:24",216.32,893.18,,,,"     ",5.10,119.36,3.71
1598,539340317,"01598M08:44:37.701","01598 07:57:25",216.29,893.22,,,,"     ",5.10,119.66,3.72
1598,539340318,"01598M08:44:38.674","01598 07:57:26",216.26,893.20,,,,"     ",5.10,119.99,3.73
1598,539340319,"01598M08:44:39.647","01598 07:57:27",216.23,893.17,,,,"     ",5.10,119.56,3.72
1598,539340320,"01598M08:44:40.621","01598 07:57:28",216.20,893.16,,,,"     ",5.10,119.76,3.72
1598,539340321,"01598M08:44:41.594","01598 07:57:29",216.16,893.16,,,,"     ",5.10,119.39,3.71
1598,539340322,"01598M08:44:42.567","01598 07:57:30",216.13,893.12,,,,"     ",5.10,119.52,3.71
1598,539340323,"01598M08:44:43.540","01598 07:57:31",216.12,893.15,,,,"     ",5.10,119.89,3.72
1598,539340324,"01598M08:44:44.514","01598 07:57:32",216.12,893.19,,,,"     ",5.10,119.57,3.71
1598,539340325,"01598M08:44:45.487","01598 07:57:33",216.13,893.21,,,,"     ",5.10,119.53,3.71
1598,539340326,"01598M08:44:46.460","01598 07:57:34",216.16,893.19,,,,"     ",5.10,120.38,3.73
1598,539340327,"01598M08:44:47.433","01598 07:57:35",216.20,893.17,,,,"     ",5.10,119.89,3.72
1598,539340328,"01598M08:44:48.407","01598 07:57:36",216.23,893.05,,,,"     ",5.10,119.43,3.70
1598,539340329,"01598M08:44:49.380","01598 07:57:37",216.26,893.18,,,,"     ",5.10,120.52,3.74
1598,539340330,"01598M08:44:50.353","01598 07:57:38",216.30,893.12,,,,"     ",5.10,120.03,3.72
1598,539340331,"01598M08:44:51.326","01598 07:57:39",216.34,893.18,,,,"     ",5.10,120.05,3.72
1598,539340332,"01598M08:44:52.300","01598 07:57:39",216.40,893.18,,,,"     ",5.10,119.65,3.70
1598,539340333,"01598M08:44:53.273","01598 07:57:40",216.46,893.15,,,,"     ",5.10,120.37,3.72
1598,539340334,"01598M08:44:54.246","01598 07:57:41",216.51,893.10,,,,"     ",5.10,120.29,3.72
1598,539340335,"01598M08:44:55.219","01598 07:57:42",216.54,893.11,,,,"     ",5.10,120.19,3.71
1598,539340336,"01598M08:44:56.193","01598 07:57:43",216.55,893.21,,,,"     ",5.10,120.47,3.72
1598,539340337,"01598M08:44:57.166","01598 07:57:44",216.56,893.26,,,,"     ",5.10,119.68,3.70
1598,539340338,"01598M08:44:58.139","01598 07:57:45",216.57,893.20,,,,"     ",5.10,120.36,3.72
1598,539340339,"01598M08:44:59.112","01598 07:57:46",216.56,893.18,,,,"     ",5.10,120.57,3.72
1598,539340340,"01598M08:45:00.086","01598 07:57:47",216.54,893.25,,,,"     ",5.10,120.12,3.71
1598,539340341,"01598M08:45:01.059","01598 07:57:48",216.50,893.24,,,,"     ",5.10,120.10,3.70
1598,539340342,"01598M08:45:02.032","01598 07:57:49",216.45,893.21,,,,"     ",5.10,119.36,3.68
1598,539340343,"01598M08:45:03.005","01598 07:57:50",216.39,893.18,,,,"     ",5.10,120.32,3.71
1598,539340344,"01598M08:45:03.979","01598 07:57:51",216.31,893.28,,,,"     ",5.10,120.89,3.72
1598,539340345,"01598M08:45:04.952","01598 07:57:52",216.23,893.18,,,,"     ",5.10,121.10,3.73
1598,539340346,"01598M08:45:05.925","01598 07:57:53",216.14,893.19,,,,"     ",5.10,120.57,3.71
1598,539340347,"01598M08:45:06.899","01598 07:57:54",216.06,893.07,,,,"     ",5.10,120.23,3.70
1598,539340348,"01598M08:45:07.872","01598 07:57:55",215.99,893.09,,,,"     ",5.10,120.34,3.70
1598,539340349,"01598M08:45:08.845","01598 07:57:56",215.95,893.08,,,,"     ",5.10,120.20,3.70
1598,539340350,"01598M08:45:09.818","01598 07:57:57",215.92,893.06,,,,"     ",5.10,120.19,3.69
1598,539340351,"01598M08:45:10.792","01598 07:57:58",215.92,893.16,,,,"     ",5.10,120.65,3.71
1598,539340352,"01598M08:45:11.765","01598 07:57:59",215.92,893.10,,,,"     ",5.10,120.29,3.69
1598,539340353,"01598M08:45:12.738","01598 07:58:00",215.93,893.08,,,,"     ",5.10,120.33,3.70
1598,539340354,"01598M08:45:13.711","01598 07:58:01",215.94,893.08,,,,"     ",5.10,119.88,3.68
1598,539340355,"01598M08:45:14.685","01598 07:58:02",215.97,893.10,,,,"     ",5.10,120.69,3.70
1598,539340356,"01598M08:45:15.658","01598 07:58:03",216.01,893.12,,,,"     ",5.10,121.07,3.71
1598,539340357,"01598M08:45:16.631","01598 07:58:04",216.06,893.16,,,,"     ",5.10,120.89,3.71
1598,539340358,"01598M08:45:17.604","01598 07:58:05",216.11,893.08,,,,"     ",5.10,120.31,3.69
1598,539340359,"01598M08:45:18.578","01598 07:58:06",216.16,893.05,,,,"     ",5.10,120.65,3.70
1598,539340360,"01598M08:45:19.551","01598 07:58:07",216.21,893.11,,,,"     ",5.10,121.03,3.71
1598,539340361,"01598M08:45:20.524","01598 07:58:08",216.26,893.07,,,,"     ",5.10,120.89,3.70
1598,539340362,"01598M08:45:21.497","01598 07:58:09",216.31,893.09,,,,"     ",5.10,121.13,3.71
1598,539340363,"01598M08:45:22.471","01598 07:58:10",216.35,893.05,,,,"     ",5.10,121.04,3.70
1598,539340364,"01598M08:45:23.444","01598 07:58:11",216.41,893.08,,,,"     ",5.10,120.66,3.69
1598,539340365,"01598M08:45:24.417","01598 07:58:12",216.45,893.09,,,,"     ",5.10,121.26,3.71
1598,539340366,"01598M08:45:25.390","01598 07:58:13",216.50,893.06,,,,"     ",5.10,120.78,3.69
1598,539340367,"01598M08:45:26.364","01598 07:58:14",216.54,893.07,,,,"     ",5.10,120.63,3.68
1598,539340368,"01598M08:45:27.337","01598 07:58:15",216.57,892.99,,,,"     ",5.10,120.63,3.68
1598,539340369,"01598M08:45:28.310","01598 07:58:15",216.58,892.99,,,,"     ",5.10,120.97,3.69
1598,539340370,"01598M08:45:29.283","01598 07:58:16",216.58,893.01,,,,"     ",5.10,120.55,3.68
1598,539340371,"01598M08:45:30.257","01598 07:58:17",216.57,892.93,,,,"     ",5.10,120.91,3.69
1598,539340372,"01598M08:45:31.230","01598 07:58:18",216.53,893.00,,,,"     ",5.10,120.93,3.68
1598,539340373,"01598M08:45:32.203","01598 07:58:19",216.49,892.95,,,,"     ",5.10,120.97,3.68
1598,539340374,"01598M08:45:33.176","01598 07:58:20",216.44,893.00,,,,"     ",5.10,120.59,3.67
1598,539340375,"01598M08:45:34.150","01598 07:58:21",216.41,893.09,,,,"     ",5.10,120.84,3.68
1598,539340376,"01598M08:45:35.123","01598 07:58:22",216.38,893.00,,,,"     ",5.10,120.61,3.67
1598,539340377,"01598M08:45:36.096","01598 07:58:23",216.35,892.99,,,,"     ",5.10,121.25,3.69
1598,539340378,"01598M08:45:37.069","01598 07:58:24",216.33,892.97,,,,"     ",5.10,121.21,3.69
1598,539340379,"01598M08:45:38.043","01598 07:58:25",216.31,893.00,,,,"     ",5.10,121.14,3.68
1598,539340380,"01598M08:45:39.016","01598 07:58:26",216.30,893.08,,,,"     ",5.10,121.95,3.71
1598,539340381,"01598M08:45:39.989","01598 07:58:27",216.30,892.97,,,,"     ",5.10,121.69,3.70
1598,539340382,"01598M08:45:40.962","01598 07:58:28",216.30,892.88,,,,"     ",5.10,120.59,3.66
1598,539340383,"01598M08:45:41.936","01598 07:58:29",216.31,892.96,,,,"     ",5.10,122.15,3.71
1598,539340384,"01598M08:45:42.909","01598 07:58:30",216.32,892.96,,,,"     ",5.10,121.61,3.69
1598,539340385,"01598M08:45:43.882","01598 07:58:31",216.33,892.94,,,,"     ",5.10,121.73,3.69
1598,539340386,"01598M08:45:44.855","01598 07:58:32",216.34,893.03,,,,"     ",5.10,120.70,3.66
1598,539340387,"01598M08:45:45.829","01598 07:58:33",216.36,892.95,,,,"     ",5.10,121.15,3.67
1598,539340388,"01598M08:45:46.802","01598 07:58:34",216.37,892.99,,,,"     ",5.10,120.84,3.66
1598,539340389,"01598M08:45:47.775","01598 07:58:35",216.39,892.94,,,,"     ",5.10,121.32,3.67
1598,539340390,"01598M08:45:48.748","01598 07:58:36",216.41,892.94,,,,"     ",5.10,120.96,3.66
1598,539340391,"01598M08:45:49.722","01598 07:58:37",216.44,892.90,,,,"     ",5.10,121.09,3.66
1598,539340392,"01598M08:45:50.695","01598 07:58:38",216.48,892.97,,,,"     ",5.10,121.38,3.67
1598,539340393,"01598M08:45:51.668","01598 07:58:39",216.51,892.91,,,,"     ",5.10,121.63,3.68
1598,539340394,"01598M08:45:52.641","01598 07:58:40",216.56,892.91,,,,"     ",5.10,120.87,3.65
1598,539340395,"01598M08:45:53.615","01598 07:58:41",216.60,892.88,,,,"     ",5.10,121.25,3.66
1598,539340396,"01598M08:45:54.588","01598 07:58:42",216.65,892.91,,,,"     ",5.10,122.22,3.69
1598,539340397,"01598M08:45:55.561","01598 07:58:43",216.71,893.00,,,,"     ",5.10,120.51,3.64
1598,539340398,"01598M08:45:56.534","01598 07:58:44",216.77,892.94,,,,"     ",5.10,121.52,3.67
1598,539340399,"01598M08:45:57.508","01598 07:58:45",216.83,893.02,,,,"     ",5.10,121.74,3.67
1598,539340400,"01598M08:45:58.481","01598 07:58:46",216.90,892.93,,,,"     ",5.10,121.94,3.68
1598,539340401,"01598M08:45:59.454","01598 07:58:47",216.97,892.95,,,,"     ",5.10,121.75,3.67
1598,539340402,"01598M08:46:00.427","01598 07:58:48",216.63,892.90,,,,"     ",5.10,121.21,3.65
1598,539340403,"01598M08:46:01.401","01598 07:58:49",216.64,892.98,,,,"     ",5.10,121.15,3.65
1598,539340404,"01598M08:46:02.374","01598 07:58:50",216.65,892.87,,,,"     ",5.10,121.33,3.65
1598,539340405,"01598M08:46:03.347","01598 07:58:51",216.66,892.81,,,,"     ",5.10,120.87,3.64
1598,539340406,"01598M08:46:04.320","01598 07:58:51",216.67,892.85,,,,"     ",5.10,121.67,3.66
1598,539340407,"01598M08:46:05.294","01598 07:58:52",216.68,892.91,,,,"     ",5.10,121.61,3.66
1598,539340408,"01598M08:46:06.267","01598 07:58:53",216.69,892.82,,,,"     ",5.10,121.56,3.65
1598,539340409,"01598M08:46:07.240","01598 07:58:54",216.70,892.86,,,,"     ",5.10,122.24,3.67
1598,539340410,"01598M08:46:08.213","01598 07:58:55",216.71,892.84,,,,"     ",5.10,122.59,3.68
1598,539340411,"01598M08:46:09.187","01598 07:58:56",216.72,892.93,,,,"     ",5.10,122.61,3.68
1598,539340412,"01598M08:46:10.160","01598 07:58:57",216.73,892.95,,,,"     ",5.10,122.27,3.67
1598,539340413,"01598M08:46:11.133","01598 07:58:58",216.74,892.88,,,,"     ",5.10,123.13,3.70
1598,539340414,"01598M08:46:12.106","01598 07:58:59",216.75,892.88,,,,"     ",5.10,122.09,3.66
1598,539340415,"01598M08:46:13.080","01598 07:59:00",216.76,892.87,,,,"     ",5.10,122.31,3.67
1598,539340416,"01598M08:46:14.053","01598 07:59:01",216.78,892.85,,,,"     ",5.10,121.36,3.64
1598,539340417,"01598M08:46:15.026","01598 07:59:02",216.80,892.86,,,,"     ",5.10,121.81,3.65
1598,539340418,"01598M08:46:16.000","01598 07:59:03",216.83,892.87,,,,"     ",5.10,121.73,3.65
1598,539340419,"01598M08:46:16.973","01598 07:59:04",216.84,892.90,,,,"     ",5.10,121.41,3.64
1598,539340420,"01598M08:46:17.946","01598 07:59:05",216.85,892.75,,,,"     ",5.10,122.62,3.67
1598,539340421,"01598M08:46:18.919","01598 07:59:06",216.85,892.80,,,,"     ",5.10,121.41,3.63
1598,539340422,"01598M08:46:19.893","01598 07:59:07",216.84,892.71,,,,"     ",5.10,121.94,3.65
1598,539340423,"01598M08:46:20.866","01598 07:59:08",216.83,892.82,,,,"     ",5.10,122.17,3.65
1598,539340424,"01598M08:46:21.839","01598 07:59:09",216.81,892.91,,,,"     ",5.10,121.78,3.64
1598,539340425,"01598M08:46:22.812","01598 07:59:10",216.79,892.86,,,,"     ",5.10,122.56,3.66
1598,539340426,"01598M08:46:23.786","01598 07:59:11",216.77,892.89,,,,"     ",5.10,121.50,3.63
1598,539340427,"01598M08:46:24.759","01598 07:59:12",216.76,892.84,,,,"     ",5.10,122.61,3.66
1598,539340428,"01598M08:46:25.732","01598 07:59:13",216.74,892.88,,,,"     ",5.10,122.43,3.66
1598,539340429,"01598M08:46:26.705","01598 07:59:14",216.73,892.85,,,,"     ",5.10,122.96,3.67
1598,539340430,"01598M08:46:27.679","01598 07:59:15",216.72,892.84,,,,"     ",5.10,122.77,3.66
1598,539340431,"01598M08:46:28.652","01598 07:59:16",216.72,892.83,,,,"     ",5.10,121.59,3.63
1598,539340432,"01598M08:46:29.625","01598 07:59:17",216.73,892.84,,,,"     ",5.10,122.93,3.67
1598,539340433,"01598M08:46:30.598","01598 07:59:18",216.76,892.87,,,,"     ",5.10,121.84,3.63
1598,539340434,"01598M08:46:31.572","01598 07:59:19",216.81,892.88,,,,"     ",5.10,122.36,3.65
1598,539340435,"01598M08:46:32.545","01598 07:59:20",216.87,892.82,,,,"     ",5.10,122.80,3.66
1598,539340436,"01598M08:46:33.518","01598 07:59:21",216.93,892.78,,,,"     ",5.10,122.62,3.65
1598,539340437,"01598M08:46:34.491","01598 07:59:22",216.99,892.85,,,,"     ",5.10,122.36,3.64
1598,539340438,"01598M08:46:35.465","01598 07:59:23",217.05,892.72,,,,"     ",5.10,122.06,3.63
1598,539340439,"01598M08:46:36.438","01598 07:59:24",217.08,892.74,,,,"     ",5.10,122.80,3.65
1598,539340440,"01598M08:46:37.411","01598 07:59:25",217.10,892.76,,,,"     ",5.10,122.21,3.63
1598,539340441,"01598M08:46:38.384","01598 07:59:26",217.10,892.84,,,,"     ",5.10,121.82,3.62
1598,539340442,"01598M08:46:39.358","01598 07:59:27",217.08,892.81,,,,"     ",5.10,122.44,3.64
1598,539340443,"01598M08:46:40.331","01598 07:59:27",217.06,892.80,,,,"     ",5.10,122.58,3.64
1598,539340444,"01598M08:46:41.304","01598 07:59:28",217.03,892.81,,,,"     ",5.10,122.11,3.63
1598,539340445,"01598M08:46:42.277","01598 07:59:29",216.98,892.64,,,,"     ",5.10,121.50,3.61
1598,539340446,"01598M08:46:43.251","01598 07:59:30",216.94,892.76,,,,"     ",5.10,121.55,3.61
1598,539340447,"01598M08:46:44.224","01598 07:59:31",216.89,892.75,,,,"     ",5.10,122.05,3.62
1598,539340448,"01598M08:46:45.197","01598 07:59:32",216.84,892.80,,,,"     ",5.10,121.93,3.61
1598,539340449,"01598M08:46:46.170","01598 07:59:33",216.81,892.78,,,,"     ",5.10,122.06,3.62
1598,539340450,"01598M08:46:47.144","01598 07:59:34",216.78,892.83,,,,"     ",5.10,122.52,3.63
1598,539340451,"01598M08:46:48.117","01598 07:59:35",216.77,892.77,,,,"     ",5.10,122.31,3.63
1598,539340452,"01598M08:46:49.090","01598 07:59:36",216.77,892.78,,,,"     ",5.10,123.16,3.65
1598,539340453,"01598M08:46:50.063","01598 07:59:37",216.79,892.79,,,,"     ",5.10,122.57,3.63
1598,539340454,"01598M08:46:51.037","01598 07:59:38",216.82,892.79,,,,"     ",5.10,122.62,3.63
1598,539340455,"01598M08:46:52.010","01598 07:59:39",216.84,892.78,,,,"     ",5.10,122.08,3.62
1598,539340456,"01598M08:46:52.983","01598 07:59:40",216.87,892.78,,,,"     ",5.10,122.88,3.64
1598,539340457,"01598M08:46:53.956","01598 07:59:41",216.89,892.77,,,,"     ",5.10,121.88,3.61
1598,539340458,"01598M08:46:54.930","01598 07:59:42",216.91,892.77,,,,"     ",5.10,121.74,3.60
1598,539340459,"01598M08:46:55.903","01598 07:59:43",216.92,892.80,,,,"     ",5.10,121.60,3.60
1598,539340460,"01598M08:46:56.876","01598 07:59:44",216.94,892.76,,,,"     ",5.10,122.18,3.62
1598,539340461,"01598M08:46:57.849","01598 07:59:45",216.96,892.75,,,,"     ",5.10,122.40,3.62
1598,539340462,"01598M08:46:58.823","01598 07:59:46",216.99,892.66,,,,"     ",5.10,121.42,3.59
1598,539340463,"01598M08:46:59.796","01598 07:59:47",217.01,892.64,,,,"     ",5.10,121.62,3.60
1598,539340464,"01598M08:47:00.769","01598 07:59:48",217.03,892.75,,,,"     ",5.10,121.32,3.59
1598,539340465,"01598M08:47:01.742","01598 07:59:49",217.03,892.76,,,,"     ",5.10,122.10,3.61
1598,539340466,"01598M08:47:02.716","01598 07:59:50",217.03,892.71,,,,"     ",5.10,121.76,3.60
1598,539340467,"01598M08:47:03.689","01598 07:59:51",217.02,892.69,,,,"     ",5.10,121.76,3.60
1598,539340468,"01598M08:47:04.662","01598 07:59:52",217.01,892.62,,,,"     ",5.10,121.68,3.60
1598,539340469,"01598M08:47:05.635","01598 07:59:53",217.00,892.64,,,,"     ",5.10,121.80,3.60
1598,539340470,"01598M08:47:06.609","01598 07:59:54",216.98,892.63,,,,"     ",5.10,122.12,3.61
1598,539340471,"01598M08:47:07.582","01598 07:59:55",216.95,892.65,,,,"     ",5.10,121.53,3.59
1598,539340472,"01598M08:47:08.555","01598 07:59:56",216.92,892.67,,,,"     ",5.10,122.21,3.61
1598,539340473,"01598M08:47:09.528","01598 07:59:57",216.88,892.66,,,,"     ",5.10,122.56,3.62
1598,539340474,"01598M08:47:10.502","01598 07:59:58",216.84,892.63,,,,"     ",5.10,121.58,3.59
1598,539340475,"01598M08:47:11.475","01598 07:59:59",216.81,892.66,,,,"     ",5.10,121.62,3.59
1598,539340476,"01598M08:47:12.448","01598 08:00:00",216.78,892.69,,,,"     ",5.10,122.70,3.63
1598,539340477,"01598M08:47:13.421","01598 08:00:01",216.77,892.71,,,,"     ",5.10,122.63,3.62
1598,539340478,"01598M08:47:14.395","01598 08:00:02",216.77,892.69,,,,"     ",5.10,122.51,3.62
1598,539340479,"01598M08:47:15.368","01598 08:00:03",216.79,892.67,,,,"     ",5.10,122.78,3.63
1598,539340480,"01598M08:47:16.341","01598 08:00:03",216.80,892.63,,,,"     ",5.10,122.13,3.61
1598,539340481,"01598M08:47:17.314","01598 08:00:04",216.82,892.70,,,,"     ",5.10,122.53,3.62
1598,539340482,"01598M08:47:18.288","01598 08:00:05",216.83,892.63,,,,"     ",5.10,122.87,3.63
1598,539340483,"01598M08:47:19.261","01598 08:00:06",216.83,892.57,,,,"     ",5.10,122.10,3.61
1598,539340484,"01598M08:47:20.234","01598 08:00:07",216.83,892.62,,,,"     ",5.10,122.64,3.62
1598,539340485,"01598M08:47:21.207","01598 08:00:08",216.83,892.57,,,,"     ",5.10,122.74,3.63
1598,539340486,"01598M08:47:22.181","01598 08:00:09",216.83,892.55,,,,"     ",5.10,122.60,3.62
1598,539340487,"01598M08:47:23.154","01598 08:00:10",216.81,892.55,,,,"     ",5.10,122.55,3.62
1598,539340488,"01598M08:47:24.127","01598 08:00:11",216.79,892.60,,,,"     ",5.10,122.88,3.63
1598,539340489,"01598M08:47:25.101","01598 08:00:12",216.76,892.62,,,,"     ",5.10,122.78,3.63
1598,539340490,"01598M08:47:26.074","01598 08:00:13",216.72,892.65,,,,"     ",5.10,123.18,3.64
1598,539340491,"01598M08:47:27.047","01598 08:00:14",216.69,892.63,,,,"     ",5.10,122.77,3.63
1598,539340492,"01598M08:47:28.020","01598 08:00:15",216.67,892.58,,,,"     ",5.10,122.28,3.61
1598,539340493,"01598M08:47:28.994","01598 08:00:16",216.66,892.73,,,,"     ",5.10,122.71,3.63
1598,539340494,"01598M08:47:29.967","01598 08:00:17",216.65,892.64,,,,"     ",5.10,122.90,3.63
1598,539340495,"01598M08:47:30.940","01598 08:00:18",216.65,892.55,,,,"     ",5.10,122.91,3.63
1598,539340496,"01598M08:47:31.913","01598 08:00:19",216.67,892.56,,,,"     ",5.10,122.34,3.61
1598,539340497,"01598M08:47:32.887","01598 08:00:20",216.69,892.56,,,,"     ",5.10,122.96,3.63
1598,539340498,"01598M08:47:33.860","01598 08:00:21",216.72,892.54,,,,"     ",5.10,122.65,3.62
1598,539340499,"01598M08:47:34.833","01598 08:00:22",216.76,892.55,,,,"     ",5.10,123.42,3.65
1598,539340500,"01598M08:47:35.806","01598 08:00:23",216.82,892.58,,,,"     ",5.10,124.12,3.67
1598,539340501,"01598M08:47:36.780","01598 08:00:24",216.88,892.62,,,,"     ",5.10,123.13,3.64
1598,539340502,"01598M08:47:37.753","01598 08:00:25",216.95,892.55,,,,"     ",5.10,122.38,3.61
1598,539340503,"01598M08:47:38.726","01598 08:00:26",217.03,892.53,,,,"     ",5.10,122.91,3.63
1598,539340504,"01598M08:47:39.699","01598 08:00:27",217.10,892.54,,,,"     ",5.10,122.97,3.63
1598,539340505,"01598M08:47:40.673","01598 08:00:28",217.18,892.54,,,,"     ",5.10,123.19,3.64
1598,539340506,"01598M08:47:41.646","01598 08:00:29",217.25,892.52,,,,"     ",5.10,122.29,3.61
1598,539340507,"01598M08:47:42.619","01598 08:00:30",217.30,892.49,,,,"     ",5.10,122.79,3.63
1598,539340508,"01598M08:47:43.592","01598 08:00:31",217.30,892.43,,,,"     ",5.10,123.72,3.65
1598,539340509,"01598M08:47:44.566","01598 08:00:32",217.28,892.50,,,,"     ",5.10,122.90,3.63
1598,539340510,"01598M08:47:45.539","01598 08:00:33",217.28,892.45,,,,"     ",5.10,123.67,3.65
1598,539340511,"01598M08:47:46.512","01598 08:00:34",217.32,892.45,,,,"     ",5.10,123.71,3.65
1598,539340512,"01598M08:47:47.485","01598 08:00:35",217.40,892.49,,,,"     ",5.10,123.70,3.65
1598,539340513,"01598M08:47:48.459","01598 08:00:36",217.39,892.55,,,,"     ",5.10,123.72,3.65
1598,539340514,"01598M08:47:49.432","01598 08:00:37",217.36,892.49,,,,"     ",5.10,123.91,3.66
1598,539340515,"01598M08:47:50.405","01598 08:00:38",217.32,892.47,,,,"     ",5.10,123.85,3.65
1598,539340516,"01598M08:47:51.378","01598 08:00:39",217.31,892.51,,,,"     ",5.10,123.58,3.64
1598,539340517,"01598M08:47:52.352","01598 08:00:39",217.31,892.51,,,,"     ",5.10,123.61,3.64
1598,539340518,"01598M08:47:53.325","01598 08:00:40",217.32,892.45,,,,"     ",5.10,123.89,3.65
1598,539340519,"01598M08:47:54.298","01598 08:00:41",217.34,892.40,,,,"     ",5.10,123.92,3.65
1598,539340520,"01598M08:47:55.271","01598 08:00:42",217.37,892.39,,,,"     ",5.10,124.24,3.66
1598,539340521,"01598M08:47:56.245","01598 08:00:43",217.41,892.46,,,,"     ",5.10,123.80,3.64
1598,539340522,"01598M08:47:57.218","01598 08:00:44",217.45,892.44,,,,"     ",5.10,124.56,3.67
1598,539340523,"01598M08:47:58.191","01598 08:00:45",217.49,892.44,,,,"     ",5.10,123.96,3.65
1598,539340524,"01598M08:47:59.164","01598 08:00:46",217.55,892.45,,,,"     ",5.10,124.54,3.66
1598,539340525,"01598M08:48:00.138","01598 08:00:47",217.60,892.41,,,,"     ",5.10,124.02,3.65
1598,539340526,"01598M08:48:01.111","01598 08:00:48",217.67,892.46,,,,"     ",5.10,124.60,3.66
1598,539340527,"01598M08:48:02.084","01598 08:00:49",217.73,892.41,,,,"     ",5.10,124.47,3.66
1598,539340528,"01598M08:48:03.057","01598 08:00:50",217.78,892.35,,,,"     ",5.10,124.91,3.67
1598,539340529,"01598M08:48:04.031","01598 08:00:51",217.82,892.34,,,,"     ",5.10,124.17,3.64
1598,539340530,"01598M08:48:05.004","01598 08:00:52",217.84,892.35,,,,"     ",5.10,123.94,3.64
1598,539340531,"01598M08:48:05.977","01598 08:00:53",217.85,892.38,,,,"     ",5.10,124.59,3.65
1598,539340532,"01598M08:48:06.950","01598 08:00:54",217.86,892.39,,,,"     ",5.10,125.31,3.68
1598,539340533,"01598M08:48:07.924","01598 08:00:55",217.86,892.45,,,,"     ",5.10,124.83,3.66
1598,539340534,"01598M08:48:08.897","01598 08:00:56",217.88,892.55,,,,"     ",5.10,124.21,3.64
1598,539340535,"01598M08:48:09.870","01598 08:00:57",217.90,892.41,,,,"     ",5.10,124.41,3.64
1598,539340536,"01598M08:48:10.843","01598 08:00:58",217.93,892.38,,,,"     ",5.10,123.89,3.62
1598,539340537,"01598M08:48:11.817","01598 08:00:59",217.97,892.34,,,,"     ",5.10,124.21,3.64
1598,539340538,"01598M08:48:12.790","01598 08:01:00",217.99,892.40,,,,"     ",5.10,123.95,3.63
1598,539340539,"01598M08:48:13.763","01598 08:01:01",218.01,892.38,,,,"     ",5.10,123.38,3.61
1598,539340540,"01598M08:48:14.736","01598 08:01:02",218.03,892.36,,,,"     ",5.10,124.47,3.64
1598,539340541,"01598M08:48:15.710","01598 08:01:03",218.04,892.37,,,,"     ",5.10,124.41,3.63
1598,539340542,"01598M08:48:16.683","01598 08:01:04",218.05,892.45,,,,"     ",5.10,124.79,3.64
1598,539340543,"01598M08:48:17.656","01598 08:01:05",218.07,892.39,,,,"     ",5.10,124.70,3.64
1598,539340544,"01598M08:48:18.629","01598 08:01:06",218.09,892.33,,,,"     ",5.10,124.37,3.63
1598,539340545,"01598M08:48:19.603","01598 08:01:07",218.11,892.30,,,,"     ",5.10,123.91,3.61
1598,539340546,"01598M08:48:20.576","01598 08:01:08",218.14,892.36,,,,"     ",5.10,124.38,3.63
1598,539340547,"01598M08:48:21.549","01598 08:01:09",218.17,892.32,,,,"     ",5.10,123.81,3.61
1598,539340548,"01598M08:48:22.522","01598 08:01:10",218.21,892.35,,,,"     ",5.10,124.57,3.63
1598,539340549,"01598M08:48:23.496","01598 08:01:11",218.25,892.39,,,,"     ",5.10,124.42,3.62
1598,539340550,"01598M08:48:24.469","01598 08:01:12",218.29,892.43,,,,"     ",5.10,124.70,3.63
1598,539340551,"01598M08:48:25.442","01598 08:01:13",218.34,892.40,,,,"     ",5.10,124.69,3.63
1598,539340552,"01598M08:48:26.415","01598 08:01:14",218.38,892.30,,,,"     ",5.10,124.43,3.62
1598,539340553,"01598M08:48:27.389","01598 08:01:15",218.42,892.38,,,,"     ",5.10,124.57,3.62
1598,539340554,"01598M08:48:28.362","01598 08:01:15",218.47,892.33,,,,"     ",5.10,124.20,3.61
1598,539340555,"01598M08:48:29.335","01598 08:01:16",218.51,892.32,,,,"     ",5.10,123.87,3.59
1598,539340556,"01598M08:48:30.308","01598 08:01:17",218.55,892.38,,,,"     ",5.10,123.66,3.59
1598,539340557,"01598M08:48:31.282","01598 08:01:18",218.59,892.27,,,,"     ",5.10,125.01,3.62
1598,539340558,"01598M08:48:32.255","01598 08:01:19",218.61,892.29,,,,"     ",5.10,124.55,3.61
1598,539340559,"01598M08:48:33.228","01598 08:01:20",218.63,892.35,,,,"     ",5.10,123.59,3.58
1598,539340560,"01598M08:48:34.201","01598 08:01:21",218.63,892.36,,,,"     ",5.10,124.42,3.60
1598,539340561,"01598M08:48:35.175","01598 08:01:22",218.64,892.33,,,,"     ",5.10,124.03,3.59
1598,539340562,"01598M08:48:36.148","01598 08:01:23",218.64,892.35,,,,"     ",5.10,124.01,3.59
1598,539340563,"01598M08:48:37.121","01598 08:01:24",218.65,892.34,,,,"     ",5.10,124.82,3.61
1598,539340564,"01598M08:48:38.095","01598 08:01:25",218.67,892.28,,,,"     ",5.10,123.24,3.56
1598,539340565,"01598M08:48:39.068","01598 08:01:26",218.71,892.27,,,,"     ",5.10,123.39,3.56
1598,539340566,"01598M08:48:40.041","01598 08:01:27",218.77,892.26,,,,"     ",5.10,125.13,3.61
1598,539340567,"01598M08:48:41.014","01598 08:01:28",218.79,892.28,,,,"     ",5.10,124.66,3.60
1598,539340568,"01598M08:48:41.988","01598 08:01:29",218.77,892.35,,,,"     ",5.10,123.65,3.57
1598,539340569,"01598M08:48:42.961","01598 08:01:30",218.76,892.30,,,,"     ",5.10,124.54,3.59
1598,539340570,"01598M08:48:43.934","01598 08:01:31",218.75,892.26,,,,"     ",5.10,124.26,3.58
1598,539340571,"01598M08:48:44.907","01598 08:01:32",218.74,892.27,,,,"     ",5.10,124.52,3.59
1598,539340572,"01598M08:48:45.881","01598 08:01:33",218.72,892.28,,,,"     ",5.10,124.50,3.58
1598,539340573,"01598M08:48:46.854","01598 08:01:34",218.70,892.37,,,,"     ",5.10,124.52,3.58
1598,539340574,"01598M08:48:47.827","01598 08:01:35",218.67,892.34,,,,"     ",5.10,123.91,3.57
1598,539340575,"01598M08:48:48.800","01598 08:01:36",218.63,892.33,,,,"     ",5.10,124.06,3.57
1598,539340576,"01598M08:48:49.774","01598 08:01:37",218.60,892.34,,,,"     ",5.10,124.14,3.57
1598,539340577,"01598M08:48:50.747","01598 08:01:38",218.56,892.29,,,,"     ",5.10,124.76,3.59
1598,539340578,"01598M08:48:51.720","01598 08:01:39",218.53,892.29,,,,"     ",5.10,125.19,3.60
1598,539340579,"01598M08:48:52.693","01598 08:01:40",218.50,892.26,,,,"     ",5.10,123.78,3.55
1598,539340580,"01598M08:48:53.667","01598 08:01:41",218.49,892.37,,,,"     ",5.10,125.07,3.59
1598,539340581,"01598M08:48:54.640","01598 08:01:42",218.48,892.26,,,,"     ",5.10,124.19,3.56
1598,539340582,"01598M08:48:55.613","01598 08:01:43",218.26,892.26,,,,"     ",5.10,125.01,3.59
1598,539340583,"01598M08:48:56.586","01598 08:01:44",218.28,892.21,,,,"     ",5.10,124.39,3.57
1598,539340584,"01598M08:48:57.560","01598 08:01:45",218.29,892.27,,,,"     ",5.10,123.49,3.54
1598,539340585,"01598M08:48:58.533","01598 08:01:46",218.29,892.19,,,,"     ",5.10,124.09,3.55
1598,539340586,"01598M08:48:59.506","01598 08:01:47",218.30,892.26,,,,"     ",5.10,123.80,3.55
1598,539340587,"01598M08:49:00.479","01598 08:01:48",218.30,892.19,,,,"     ",5.10,124.75,3.57
1598,539340588,"01598M08:49:01.453","01598 08:01:49",218.29,892.08,,,,"     ",5.10,123.69,3.54
1598,539340589,"01598M08:49:02.426","01598 08:01:50",218.29,892.13,,,,"     ",5.10,124.49,3.56
1598,539340590,"01598M08:49:03.399","01598 08:01:51",218.26,892.12,,,,"     ",5.10,124.13,3.55
1598,539340591,"01598M08:49:04.372","01598 08:01:51",218.22,892.21,,,,"     ",5.10,124.07,3.55
1598,539340592,"01598M08:49:05.346","01598 08:01:52",218.17,892.17,,,,"     ",5.10,124.42,3.55
1598,539340593,"01598M08:49:06.319","01598 08:01:53",218.12,892.13,,,,"     ",5.10,123.44,3.52
1598,539340594,"01598M08:49:07.292","01598 08:01:54",218.07,892.13,,,,"     ",5.10,124.52,3.55
1598,539340595,"01598M08:49:08.265","01598 08:01:55",218.04,892.09,,,,"     ",5.10,124.66,3.56
1598,539340596,"01598M08:49:09.239","01598 08:01:56",218.02,892.07,,,,"     ",5.10,125.02,3.57
1598,539340597,"01598M08:49:10.212","01598 08:01:57",218.03,892.12,,,,"     ",5.10,123.94,3.53
1598,539340598,"01598M08:49:11.185","01598 08:01:58",218.06,892.10,,,,"     ",5.10,123.79,3.53
1598,539340599,"01598M08:49:12.158","01598 08:01:59",218.11,892.14,,,,"     ",5.10,123.82,3.53
1598,539340600,"01598M08:49:13.132","01598 08:02:00",218.44,892.09,,,,"     ",5.10,124.52,3.55
1598,539340601,"01598M08:49:14.105","01598 08:02:01",218.50,891.95,,,,"     ",5.10,123.81,3.52
1598,539340602,"01598M08:49:15.078","01598 08:02:02",218.57,892.11,,,,"     ",5.10,124.01,3.53
1598,539340603,"01598M08:49:16.051","01598 08:02:03",218.64,892.13,,,,"     ",5.10,123.49,3.51
1598,539340604,"01598M08:49:17.025","01598 08:02:04",218.73,892.17,,,,"     ",5.10,123.54,3.51
1598,539340605,"01598M08:49:17.998","01598 08:02:05",218.82,892.10,,,,"     ",5.10,123.92,3.52
1598,539340606,"01598M08:49:18.971","01598 08:02:06",218.92,892.16,,,,"     ",5.10,123.94,3.52
1598,539340607,"01598M08:49:19.944","01598 08:02:07",219.02,892.17,,,,"     ",5.10,123.74,3.51
1598,539340608,"01598M08:49:20.918","01598 08:02:08",219.10,892.11,,,,"     ",5.10,123.59,3.51
1598,539340609,"01598M08:49:21.891","01598 08:02:09",219.11,892.13,,,,"     ",5.10,124.16,3.52
1598,539340610,"01598M08:49:22.864","01598 08:02:10",219.09,892.13,,,,"     ",5.10,124.47,3.53
1598,539340611,"01598M08:49:23.837","01598 08:02:11",219.08,892.11,,,,"     ",5.10,123.91,3.51
1598,539340612,"01598M08:49:24.811","01598 08:02:12",219.06,892.09,,,,"     ",5.10,123.82,3.51
1598,539340613,"01598M08:49:25.784","01598 08:02:13",219.03,892.08,,,,"     ",5.10,123.93,3.51
1598,539340614,"01598M08:49:26.757","01598 08:02:14",219.01,892.05,,,,"     ",5.10,123.44,3.49
1598,539340615,"01598M08:49:27.730","01598 08:02:15",218.98,892.06,,,,"     ",5.10,124.01,3.51
1598,539340616,"01598M08:49:28.704","01598 08:02:16",218.95,892.07,,,,"     ",5.10,124.80,3.53
1598,539340617,"01598M08:49:29.677","01598 08:02:17",218.92,892.11,,,,"     ",5.10,124.30,3.51
1598,539340618,"01598M08:49:30.650","01598 08:02:18",218.90,892.10,,,,"     ",5.10,124.52,3.52
1598,539340619,"01598M08:49:31.623","01598 08:02:19",218.88,892.10,,,,"     ",5.10,124.77,3.52
1598,539340620,"01598M08:49:32.597","01598 08:02:20",218.87,892.13,,,,"     ",5.10,124.44,3.51
1598,539340621,"01598M08:49:33.570","01598 08:02:21",218.87,892.21,,,,"     ",5.10,124.36,3.51
1598,539340622,"01598M08:49:34.543","01598 08:02:22",218.87,892.05,,,,"     ",5.10,124.27,3.50
1598,539340623,"01598M08:49:35.516","01598 08:02:23",218.88,892.00,,,,"     ",5.10,125.10,3.53
1598,539340624,"01598M08:49:36.490","01598 08:02:24",218.88,892.01,,,,"     ",5.10,124.55,3.51
1598,539340625,"01598M08:49:37.463","01598 08:02:25",218.87,892.05,,,,"     ",5.10,123.91,3.49
1598,539340626,"01598M08:49:38.436","01598 08:02:26",218.85,892.02,,,,"     ",5.10,124.66,3.51
1598,539340627,"01598M08:49:39.409","01598 08:02:27",218.82,891.98,,,,"     ",5.10,124.74,3.51
1598,539340628,"01598M08:49:40.383","01598 08:02:28",218.78,891.93,,,,"     ",5.10,124.53,3.50
1598,539340629,"01598M08:49:41.356","01598 08:02:28",218.73,892.00,,,,"     ",5.10,124.32,3.49
1598,539340630,"01598M08:49:42.329","01598 08:02:29",218.68,891.95,,,,"     ",5.10,125.29,3.52
1598,539340631,"01598M08:49:43.302","01598 08:02:30",218.63,891.96,,,,"     ",5.10,124.38,3.49
1598,539340632,"01598M08:49:44.276","01598 08:02:31",218.58,891.97,,,,"     ",5.10,124.97,3.51
1598,539340633,"01598M08:49:45.249","01598 08:02:32",218.53,891.89,,,,"     ",5.10,124.72,3.50
1598,539340634,"01598M08:49:46.222","01598 08:02:33",218.48,891.97,,,,"     ",5.10,125.68,3.52
1598,539340635,"01598M08:49:47.196","01598 08:02:34",218.45,891.93,,,,"     ",5.10,124.36,3.48
1598,539340636,"01598M08:49:48.169","01598 08:02:35",218.42,891.92,,,,"     ",5.10,124.86,3.50
1598,539340637,"01598M08:49:49.142","01598 08:02:36",218.40,891.98,,,,"     ",5.10,124.79,3.49
1598,539340638,"01598M08:49:50.115","01598 08:02:37",218.41,891.99,,,,"     ",5.10,125.08,3.50
1598,539340639,"01598M08:49:51.089","01598 08:02:38",218.44,891.90,,,,"     ",5.10,125.78,3.52
1598,539340640,"01598M08:49:52.062","01598 08:02:39",218.48,891.93,,,,"     ",5.10,124.62,3.48
1598,539340641,"01598M08:49:53.035","01598 08:02:40",218.53,891.83,,,,"     ",5.10,125.66,3.51
1598,539340642,"01598M08:49:54.008","01598 08:02:41",218.58,891.88,,,,"     ",5.10,125.69,3.51
1598,539340643,"01598M08:49:54.982","01598 08:02:42",218.62,891.93,,,,"     ",5.10,125.33,3.50
1598,539340644,"01598M08:49:55.955","01598 08:02:43",218.64,891.89,,,,"     ",5.10,124.89,3.48
1598,539340645,"01598M08:49:56.928","01598 08:02:44",218.65,891.88,,,,"     ",5.10,124.73,3.48
1598,539340646,"01598M08:49:57.901","01598 08:02:45",218.63,891.89,,,,"     ",5.10,126.17,3.52
1598,539340647,"01598M08:49:58.875","01598 08:02:46",218.60,891.84,,,,"     ",5.10,124.99,3.48
1598,539340648,"01598M08:49:59.848","01598 08:02:47",218.55,891.87,,,,"     ",5.10,125.04,3.48
1598,539340649,"01598M08:50:00.821","01598 08:02:48",218.49,891.86,,,,"     ",5.10,126.51,3.52
1598,539340650,"01598M08:50:01.794","01598 08:02:49",218.43,891.92,,,,"     ",5.10,126.27,3.51
1598,539340651,"01598M08:50:02.768","01598 08:02:50",218.38,891.86,,,,"     ",5.10,126.60,3.52
1598,539340652,"01598M08:50:03.741","01598 08:02:51",218.35,891.98,,,,"     ",5.10,127.24,3.54
1598,539340653,"01598M08:50:04.714","01598 08:02:52",218.33,891.92,,,,"     ",5.10,126.00,3.50
1598,539340654,"01598M08:50:05.687","01598 08:02:53",218.33,891.89,,,,"     ",5.10,126.35,3.51
1598,539340655,"01598M08:50:06.661","01598 08:02:54",218.35,891.82,,,,"     ",5.10,125.45,3.48
1598,539340656,"01598M08:50:07.634","01598 08:02:55",218.38,891.87,,,,"     ",5.10,125.84,3.49
1598,539340657,"01598M08:50:08.607","01598 08:02:56",218.42,891.92,,,,"     ",5.10,126.01,3.49
1598,539340658,"01598M08:50:09.580","01598 08:02:57",218.47,891.93,,,,"     ",5.10,125.71,3.48
1598,539340659,"01598M08:50:10.554","01598 08:02:58",218.53,891.89,,,,"     ",5.10,126.11,3.49
1598,539340660,"01598M08:50:11.527","01598 08:02:59",218.58,891.84,,,,"     ",5.10,126.18,3.49
1598,539340661,"01598M08:50:12.500","01598 08:03:00",218.62,891.83,,,,"     ",5.10,125.42,3.47
1598,539340662,"01598M08:50:13.473","01598 08:03:01",218.64,891.89,,,,"     ",5.10,126.44,3.50
1598,539340663,"01598M08:50:14.447","01598 08:03:02",218.64,891.86,,,,"     ",5.10,126.38,3.49
1598,539340664,"01598M08:50:15.420","01598 08:03:03",218.62,891.86,,,,"     ",5.10,125.60,3.47
1598,539340665,"01598M08:50:16.393","01598 08:03:04",218.58,891.92,,,,"     ",5.10,126.01,3.48
1598,539340666,"01598M08:50:17.366","01598 08:03:04",218.53,891.90,,,,"     ",5.10,125.60,3.46
1598,539340667,"01598M08:50:18.340","01598 08:03:05",218.48,891.82,,,,"     ",5.10,124.45,3.43
1598,539340668,"01598M08:50:19.313","01598 08:03:06",218.44,891.89,,,,"     ",5.10,125.33,3.45
1598,539340669,"01598M08:50:20.286","01598 08:03:07",218.40,891.84,,,,"     ",5.10,125.69,3.46
1598,539340670,"01598M08:50:21.259","01598 08:03:08",218.38,891.81,,,,"     ",5.10,125.64,3.46
1598,539340671,"01598M08:50:22.233","01598 08:03:09",218.36,891.87,,,,"     ",5.10,126.21,3.48
1598,539340672,"01598M08:50:23.206","01598 08:03:10",218.34,891.89,,,,"     ",5.10,126.23,3.48
1598,539340673,"01598M08:50:24.179","01598 08:03:11",218.32,891.85,,,,"     ",5.10,125.55,3.45
1598,539340674,"01598M08:50:25.152","01598 08:03:12",218.31,891.80,,,,"     ",5.10,126.02,3.47
1598,539340675,"01598M08:50:26.126","01598 08:03:13",218.29,891.79,,,,"     ",5.10,125.71,3.45
1598,539340676,"01598M08:50:27.099","01598 08:03:14",218.27,891.80,,,,"     ",5.10,126.38,3.47
1598,539340677,"01598M08:50:28.072","01598 08:03:15",218.26,891.88,,,,"     ",5.10,127.10,3.49
1598,539340678,"01598M08:50:29.045","01598 08:03:16",218.26,891.88,,,,"     ",5.10,127.05,3.49
1598,539340679,"01598M08:50:30.019","01598 08:03:17",218.26,891.78,,,,"     ",5.10,127.01,3.49
1598,539340680,"01598M08:50:30.992","01598 08:03:18",218.27,891.83,,,,"     ",5.10,127.28,3.49
1598,539340681,"01598M08:50:31.965","01598 08:03:19",218.27,891.81,,,,"     ",5.10,127.07,3.49
1598,539340682,"01598M08:50:32.938","01598 08:03:20",218.26,891.77,,,,"     ",5.10,125.97,3.46
1598,539340683,"01598M08:50:33.912","01598 08:03:21",218.25,891.78,,,,"     ",5.10,126.76,3.48
1598,539340684,"01598M08:50:34.885","01598 08:03:22",218.23,891.85,,,,"     ",5.10,126.16,3.46
1598,539340685,"01598M08:50:35.858","01598 08:03:23",218.22,891.91,,,,"     ",5.10,126.48,3.47
1598,539340686,"01598M08:50:36.831","01598 08:03:24",218.21,891.78,,,,"     ",5.10,127.40,3.49
1598,539340687,"01598M08:50:37.805","01598 08:03:25",218.19,891.85,,,,"     ",5.10,126.04,3.45
1598,539340688,"01598M08:50:38.778","01598 08:03:26",218.18,891.80,,,,"     ",5.10,125.65,3.44
1598,539340689,"01598M08:50:39.751","01598 08:03:27",218.16,891.82,,,,"     ",5.10,126.22,3.46
1598,539340690,"01598M08:50:40.724","01598 08:03:28",218.13,891.75,,,,"     ",5.10,126.75,3.47
1598,539340691,"01598M08:50:41.698","01598 08:03:29",218.11,891.73,,,,"     ",5.10,126.50,3.46
1598,539340692,"01598M08:50:42.671","01598 08:03:30",218.08,891.73,,,,"     ",5.10,126.64,3.47
1598,539340693,"01598M08:50:43.644","01598 08:03:31",218.07,891.80,,,,"     ",5.10,126.85,3.47
1598,539340694,"01598M08:50:44.617","01598 08:03:32",218.06,891.80,,,,"     ",5.10,126.84,3.47
1598,539340695,"01598M08:50:45.591","01598 08:03:33",218.06,891.72,,,,"     ",5.10,126.40,3.45
1598,539340696,"01598M08:50:46.564","01598 08:03:34",218.07,891.68,,,,"     ",5.10,126.69,3.46
1598,539340697,"01598M08:50:47.537","01598 08:03:35",218.08,891.68,,,,"     ",5.10,126.51,3.46
1598,539340698,"01598M08:50:48.510","01598 08:03:36",218.08,891.80,,,,"     ",5.10,127.92,3.50
1598,539340699,"01598M08:50:49.484","01598 08:03:37",218.08,891.76,,,,"     ",5.10,126.94,3.47
1598,539340700,"01598M08:50:50.457","01598 08:03:38",218.08,891.67,,,,"     ",5.10,127.14,3.47
1598,539340701,"01598M08:50:51.430","01598 08:03:39",218.08,891.71,,,,"     ",5.10,126.76,3.46
1598,539340702,"01598M08:50:52.403","01598 08:03:40",218.08,891.72,,,,"     ",5.10,127.26,3.47
1598,539340703,"01598M08:50:53.377","01598 08:03:40",218.08,891.74,,,,"     ",5.10,126.34,3.45
1598,539340704,"01598M08:50:54.350","01598 08:03:41",218.07,891.72,,,,"     ",5.10,127.37,3.48
1598,539340705,"01598M08:50:55.323","01598 08:03:42",218.06,891.75,,,,"     ",5.10,127.31,3.47
1598,539340706,"01598M08:50:56.297","01598 08:03:43",218.05,891.72,,,,"     ",5.10,127.34,3.47
1598,539340707,"01598M08:50:57.270","01598 08:03:44",218.04,891.78,,,,"     ",5.10,127.43,3.47
1598,539340708,"01598M08:50:58.243","01598 08:03:45",218.03,891.73,,,,"     ",5.10,127.75,3.48
1598,539340709,"01598M08:50:59.216","01598 08:03:46",218.01,891.76,,,,"     ",5.10,126.83,3.45
1598,539340710,"01598M08:51:00.190","01598 08:03:47",217.98,891.72,,,,"     ",5.10,127.02,3.46
1598,539340711,"01598M08:51:01.163","01598 08:03:48",217.95,891.81,,,,"     ",5.10,127.97,3.49
1598,539340712,"01598M08:51:02.136","01598 08:03:49",217.94,891.73,,,,"     ",5.10,128.52,3.50
1598,539340713,"01598M08:51:03.109","01598 08:03:50",217.93,891.83,,,,"     ",5.10,127.40,3.47
1598,539340714,"01598M08:51:04.083","01598 08:03:51",217.93,891.75,,,,"     ",5.10,127.40,3.47
1598,539340715,"01598M08:51:05.056","01598 08:03:52",217.93,891.74,,,,"     ",5.10,127.92,3.48
1598,539340716,"01598M08:51:06.029","01598 08:03:53",217.94,891.69,,,,"     ",5.10,127.13,3.45
1598,539340717,"01598M08:51:07.002","01598 08:03:54",217.96,891.73,,,,"     ",5.10,127.35,3.46
1598,539340718,"01598M08:51:07.976","01598 08:03:55",217.98,891.72,,,,"     ",5.10,127.92,3.47
1598,539340719,"01598M08:51:08.949","01598 08:03:56",218.01,891.74,,,,"     ",5.10,128.14,3.48
1598,539340720,"01598M08:51:09.922","01598 08:03:57",218.05,891.76,,,,"     ",5.10,127.99,3.47
1598,539340721,"01598M08:51:10.895","01598 08:03:58",218.09,891.66,,,,"     ",5.10,127.74,3.46
1598,539340722,"01598M08:51:11.869","01598 08:03:59",218.15,891.68,,,,"     ",5.10,128.16,3.48
1598,539340723,"01598M08:51:12.842","01598 08:04:00",218.21,891.71,,,,"     ",5.10,127.95,3.47
1598,539340724,"01598M08:51:13.815","01598 08:04:01",218.29,891.70,,,,"     ",5.10,127.27,3.45
1598,539340725,"01598M08:51:14.788","01598 08:04:02",218.32,891.72,,,,"     ",5.10,127.98,3.47
1598,539340726,"01598M08:51:15.762","01598 08:04:03",218.35,891.74,,,,"     ",5.10,127.22,3.44
1598,539340727,"01598M08:51:16.735","01598 08:04:04",218.35,891.70,,,,"     ",5.10,128.38,3.47
1598,539340728,"01598M08:51:17.708","01598 08:04:05",218.36,891.61,,,,"     ",5.10,128.29,3.47
1598,539340729,"01598M08:51:18.681","01598 08:04:06",218.37,891.62,,,,"     ",5.10,127.76,3.45
1598,539340730,"01598M08:51:19.655","01598 08:04:07",218.38,891.65,,,,"     ",5.10,127.98,3.46
1598,539340731,"01598M08:51:20.628","01598 08:04:08",218.39,891.73,,,,"     ",5.10,127.76,3.45
1598,539340732,"01598M08:51:21.601","01598 08:04:09",218.39,891.68,,,,"     ",5.10,127.51,3.44
1598,539340733,"01598M08:51:22.574","01598 08:04:10",218.39,891.77,,,,"     ",5.10,128.75,3.48
1598,539340734,"01598M08:51:23.548","01598 08:04:11",218.39,891.77,,,,"     ",5.10,127.66,3.44
1598,539340735,"01598M08:51:24.521","01598 08:04:12",218.38,891.58,,,,"     ",5.10,128.24,3.46
1598,539340736,"01598M08:51:25.494","01598 08:04:13",218.37,891.72,,,,"     ",5.10,127.98,3.45
1598,539340737,"01598M08:51:26.467","01598 08:04:14",218.36,891.61,,,,"     ",5.10,128.69,3.47
1598,539340738,"01598M08:51:27.441","01598 08:04:15",218.35,891.65,,,,"     ",5.10,129.05,3.48
1598,539340739,"01598M08:51:28.414","01598 08:04:16",218.35,891.60,,,,"     ",5.10,127.92,3.44
1598,539340740,"01598M08:51:29.387","01598 08:04:16",218.36,891.68,,,,"     ",5.10,128.00,3.44
1598,539340741,"01598M08:51:30.360","01598 08:04:17",218.38,891.67,,,,"     ",5.10,128.95,3.47
1598,539340742,"01598M08:51:31.334","01598 08:04:18",218.39,891.66,,,,"     ",5.10,129.18,3.47
1598,539340743,"01598M08:51:32.307","01598 08:04:19",218.41,891.68,,,,"     ",5.10,129.93,3.49
1598,539340744,"01598M08:51:33.280","01598 08:04:20",218.42,891.58,,,,"     ",5.10,129.57,3.48
1598,539340745,"01598M08:51:34.253","01598 08:04:21",218.44,891.65,,,,"     ",5.10,129.96,3.49
1598,539340746,"01598M08:51:35.227","01598 08:04:22",218.45,891.61,,,,"     ",5.10,128.41,3.44
1598,539340747,"01598M08:51:36.200","01598 08:04:23",218.47,891.61,,,,"     ",5.10,129.04,3.46
1598,539340748,"01598M08:51:37.173","01598 08:04:24",218.49,891.62,,,,"     ",5.10,128.54,3.45
1598,539340749,"01598M08:51:38.146","01598 08:04:25",218.50,891.66,,,,"     ",5.10,128.16,3.43
1598,539340750,"01598M08:51:39.120","01598 08:04:26",218.51,891.65,,,,"     ",5.10,129.18,3.46
1598,539340751,"01598M08:51:40.093","01598 08:04:27",218.50,891.56,,,,"     ",5.10,129.17,3.46
1598,539340752,"01598M08:51:41.066","01598 08:04:28",218.47,891.55,,,,"     ",5.10,129.05,3.45
1598,539340753,"01598M08:51:42.039","01598 08:04:29",218.44,891.45,,,,"     ",5.10,128.54,3.44
1598,539340754,"01598M08:51:43.013","01598 08:04:30",218.40,891.51,,,,"     ",5.10,128.92,3.45
1598,539340755,"01598M08:51:43.986","01598 08:04:31",218.36,891.56,,,,"     ",5.10,128.85,3.44
1598,539340756,"01598M08:51:44.959","01598 08:04:32",218.33,891.62,,,,"     ",5.10,128.96,3.44
1598,539340757,"01598M08:51:45.932","01598 08:04:33",218.31,891.58,,,,"     ",5.10,129.08,3.45
1598,539340758,"01598M08:51:46.906","01598 08:04:34",218.31,891.62,,,,"     ",5.10,128.54,3.43
1598,539340759,"01598M08:51:47.879","01598 08:04:35",218.31,891.57,,,,"     ",5.10,128.91,3.44
1598,539340760,"01598M08:51:48.852","01598 08:04:36",218.31,891.54,,,,"     ",5.10,128.45,3.42
1598,539340761,"01598M08:51:49.825","01598 08:04:37",218.31,891.58,,,,"     ",5.10,129.11,3.44
1598,539340762,"01598M08:51:50.799","01598 08:04:38",218.32,891.50,,,,"     ",5.10,129.75,3.46
1598,539340763,"01598M08:51:51.772","01598 08:04:39",218.32,891.59,,,,"     ",5.10,128.99,3.43
1598,539340764,"01598M08:51:52.745","01598 08:04:40",218.33,891.56,,,,"     ",5.10,128.18,3.41
1598,539340765,"01598M08:51:53.718","01598 08:04:41",218.34,891.57,,,,"     ",5.10,128.23,3.41
1598,539340766,"01598M08:51:54.692","01598 08:04:42",218.37,891.51,,,,"     ",5.10,128.94,3.43
1598,539340767,"01598M08:51:55.665","01598 08:04:43",218.40,891.54,,,,"     ",5.10,129.12,3.43
1598,539340768,"01598M08:51:56.638","01598 08:04:44",218.45,891.50,,,,"     ",5.10,129.10,3.43
1598,539340769,"01598M08:51:57.611","01598 08:04:45",218.49,891.49,,,,"     ",5.10,128.65,3.42
1598,539340770,"01598M08:51:58.585","01598 08:04:46",218.53,891.50,,,,"     ",5.10,128.97,3.42
1598,539340771,"01598M08:51:59.558","01598 08:04:47",218.56,891.58,,,,"     ",5.10,129.03,3.42
1598,539340772,"01598M08:52:00.531","01598 08:04:48",218.61,891.56,,,,"     ",5.10,128.05,3.40
1598,539340773,"01598M08:52:01.504","01598 08:04:49",218.65,891.55,,,,"     ",5.10,128.85,3.41
1598,539340774,"01598M08:52:02.478","01598 08:04:50",218.71,891.54,,,,"     ",5.10,129.19,3.42
1598,539340775,"01598M08:52:03.451","01598 08:04:51",218.76,891.50,,,,"     ",5.10,128.78,3.41
1598,539340776,"01598M08:52:04.424","01598 08:04:52",218.80,891.50,,,,"     ",5.10,128.46,3.40
1598,539340777,"01598M08:52:05.398","01598 08:04:52",218.85,891.44,,,,"     ",5.10,129.44,3.43
1598,539340778,"01598M08:52:06.371","01598 08:04:53",218.88,891.45,,,,"     ",5.10,127.80,3.38
1598,539340779,"01598M08:52:07.344","01598 08:04:54",218.89,891.38,,,,"     ",5.10,128.28,3.39
1598,539340780,"01598M08:52:08.317","01598 08:04:55",218.89,891.37,,,,"     ",5.10,127.97,3.38
1598,539340781,"01598M08:52:09.291","01598 08:04:56",218.88,891.38,,,,"     ",5.10,128.59,3.40
1598,539340782,"01598M08:52:10.264","01598 08:04:57",218.87,891.38,,,,"     ",5.10,127.92,3.38
1598,539340783,"01598M08:52:11.237","01598 08:04:58",218.84,891.44,,,,"     ",5.10,128.59,3.39
1598,539340784,"01598M08:52:12.210","01598 08:04:59",218.80,891.38,,,,"     ",5.10,129.37,3.41
1598,539340785,"01598M08:52:13.184","01598 08:05:00",218.75,891.35,,,,"     ",5.10,128.60,3.39
1598,539340786,"01598M08:52:14.157","01598 08:05:01",218.70,891.40,,,,"     ",5.10,128.18,3.38
1598,539340787,"01598M08:52:15.130","01598 08:05:02",218.65,891.40,,,,"     ",5.10,128.37,3.38
1598,539340788,"01598M08:52:16.103","01598 08:05:03",218.60,891.39,,,,"     ",5.10,127.28,3.35
1598,539340789,"01598M08:52:17.077","01598 08:05:04",218.54,891.41,,,,"     ",5.10,128.48,3.38
1598,539340790,"01598M08:52:18.050","01598 08:05:05",218.48,891.39,,,,"     ",5.10,127.62,3.36
1598,539340791,"01598M08:52:19.023","01598 08:05:06",218.42,891.33,,,,"     ",5.10,128.35,3.37
1598,539340792,"01598M08:52:19.996","01598 08:05:07",218.36,891.34,,,,"     ",5.10,128.08,3.37
1598,539340793,"01598M08:52:20.970","01598 08:05:08",218.30,891.27,,,,"     ",5.10,128.41,3.37
1598,539340794,"01598M08:52:21.943","01598 08:05:09",218.23,891.29,,,,"     ",5.10,127.74,3.35
1598,539340795,"01598M08:52:22.916","01598 08:05:10",218.17,891.34,,,,"     ",5.10,127.22,3.34
1598,539340796,"01598M08:52:23.889","01598 08:05:11",218.12,891.34,,,,"     ",5.10,128.24,3.36
1598,539340797,"01598M08:52:24.863","01598 08:05:12",218.08,891.35,,,,"     ",5.10,128.13,3.36
1598,539340798,"01598M08:52:25.836","01598 08:05:13",218.05,891.38,,,,"     ",5.10,128.55,3.37
1598,539340799,"01598M08:52:26.809","01598 08:05:14",218.04,891.31,,,,"     ",5.10,127.51,3.34
1598,539340800,"01598M08:52:27.782","01598 08:05:15",218.03,891.34,,,,"     ",5.10,127.88,3.35
1598,539340801,"01598M08:52:28.756","01598 08:05:16",218.03,891.34,,,,"     ",5.10,128.26,3.36
1598,539340802,"01598M08:52:29.729","01598 08:05:17",218.06,891.24,,,,"     ",5.10,129.04,3.38
1598,539340803,"01598M08:52:30.702","01598 08:05:18",218.10,891.31,,,,"     ",5.10,128.42,3.36
1598,539340804,"01598M08:52:31.675","01598 08:05:19",218.17,891.29,,,,"     ",5.10,128.70,3.36
1598,539340805,"01598M08:52:32.649","01598 08:05:20",218.25,891.28,,,,"     ",5.10,129.67,3.39
1598,539340806,"01598M08:52:33.622","01598 08:05:21",218.34,891.35,,,,"     ",5.10,128.65,3.36
1598,539340807,"01598M08:52:34.595","01598 08:05:22",218.43,891.36,,,,"     ",5.10,128.43,3.35
1598,539340808,"01598M08:52:35.568","01598 08:05:23",218.52,891.41,,,,"     ",5.10,128.67,3.36
1598,539340809,"01598M08:52:36.542","01598 08:05:24",218.59,891.51,,,,"     ",5.10,128.33,3.35
1598,539340810,"01598M08:52:37.515","01598 08:05:25",218.62,891.40,,,,"     ",5.10,128.66,3.35
1598,539340811,"01598M08:52:38.488","01598 08:05:26",218.64,891.37,,,,"     ",5.10,128.11,3.34
1598,539340812,"01598M08:52:39.461","01598 08:05:27",218.62,891.33,,,,"     ",5.10,128.44,3.35
1598,539340813,"01598M08:52:40.435","01598 08:05:28",218.58,891.33,,,,"     ",5.10,128.67,3.35
1598,539340814,"01598M08:52:41.408","01598 08:05:28",218.52,891.29,,,,"     ",5.10,127.81,3.32
1598,539340815,"01598M08:52:42.381","01598 08:05:29",218.44,891.25,,,,"     ",5.10,128.80,3.35
1598,539340816,"01598M08:52:43.354","01598 08:05:30",218.36,891.26,,,,"     ",5.10,129.38,3.36
1598,539340817,"01598M08:52:44.328","01598 08:05:31",218.29,891.29,,,,"     ",5.10,129.00,3.35
1598,539340818,"01598M08:52:45.301","01598 08:05:32",218.22,891.25,,,,"     ",5.10,129.45,3.36
1598,539340819,"01598M08:52:46.274","01598 08:05:33",218.16,891.19,,,,"     ",5.10,128.70,3.34
1598,539340820,"01598M08:52:47.247","01598 08:05:34",218.11,891.33,,,,"     ",5.10,128.30,3.33
1598,539340821,"01598M08:52:48.221","01598 08:05:35",218.08,891.28,,,,"     ",5.10,128.42,3.33
1598,539340822,"01598M08:52:49.194","01598 08:05:36",218.07,891.25,,,,"     ",5.10,129.21,3.35
1598,539340823,"01598M08:52:50.167","01598 08:05:37",218.08,891.28,,,,"     ",5.10,129.07,3.35
1598,539340824,"01598M08:52:51.140","01598 08:05:38",218.11,891.29,,,,"     ",5.10,128.68,3.34
1598,539340825,"01598M08:52:52.114","01598 08:05:39",218.15,891.22,,,,"     ",5.10,129.17,3.35
1598,539340826,"01598M08:52:53.087","01598 08:05:40",218.19,891.22,,,,"     ",5.10,128.51,3.33
1598,539340827,"01598M08:52:54.060","01598 08:05:41",218.25,891.26,,,,"     ",5.10,128.26,3.32
1598,539340828,"01598M08:52:55.033","01598 08:05:42",218.30,891.34,,,,"     ",5.10,128.42,3.32
1598,539340829,"01598M08:52:56.007","01598 08:05:43",218.34,891.19,,,,"     ",5.10,128.92,3.34
1598,539340830,"01598M08:52:56.980","01598 08:05:44",218.38,891.21,,,,"     ",5.10,128.70,3.33
1598,539340831,"01598M08:52:57.953","01598 08:05:45",218.41,891.23,,,,"     ",5.10,128.13,3.31
1598,539340832,"01598M08:52:58.926","01598 08:05:46",218.43,891.27,,,,"     ",5.10,128.52,3.32
1598,539340833,"01598M08:52:59.900","01598 08:05:47",218.45,891.18,,,,"     ",5.10,128.83,3.33
1598,539340834,"01598M08:53:00.873","01598 08:05:48",218.46,891.20,,,,"     ",5.10,129.15,3.34
1598,539340835,"01598M08:53:01.846","01598 08:05:49",218.48,891.23,,,,"     ",5.10,129.17,3.34
1598,539340836,"01598M08:53:02.819","01598 08:05:50",218.49,891.27,,,,"     ",5.10,129.31,3.34
1598,539340837,"01598M08:53:03.793","01598 08:05:51",218.50,891.24,,,,"     ",5.10,129.80,3.35
1598,539340838,"01598M08:53:04.766","01598 08:05:52",218.51,891.22,,,,"     ",5.10,128.42,3.31
1598,539340839,"01598M08:53:05.739","01598 08:05:53",218.51,891.27,,,,"     ",5.10,128.76,3.32
1598,539340840,"01598M08:53:06.712","01598 08:05:54",218.52,891.26,,,,"     ",5.10,128.50,3.31
1598,539340841,"01598M08:53:07.686","01598 08:05:55",218.53,891.26,,,,"     ",5.10,129.63,3.34
1598,539340842,"01598M08:53:08.659","01598 08:05:56",218.54,891.26,,,,"     ",5.10,129.61,3.34
1598,539340843,"01598M08:53:09.632","01598 08:05:57",218.57,891.28,,,,"     ",5.10,128.53,3.31
1598,539340844,"01598M08:53:10.605","01598 08:05:58",218.60,891.29,,,,"     ",5.10,128.48,3.31
1598,539340845,"01598M08:53:11.579","01598 08:05:59",218.64,891.24,,,,"     ",5.10,128.67,3.31
1598,539340846,"01598M08:53:12.552","01598 08:06:00",218.67,891.15,,,,"     ",5.10,129.17,3.32
1598,539340847,"01598M08:53:13.525","01598 08:06:01",218.71,891.30,,,,"     ",5.10,128.07,3.29
1598,539340848,"01598M08:53:14.499","01598 08:06:02",218.74,891.21,,,,"     ",5.10,127.42,3.27
1598,539340849,"01598M08:53:15.472","01598 08:06:03",218.78,891.11,,,,"     ",5.10,128.56,3.30
1598,539340850,"01598M08:53:16.445","01598 08:06:04",218.82,891.24,,,,"     ",5.10,128.88,3.31
1598,539340851,"01598M08:53:17.418","01598 08:06:04",218.85,891.25,,,,"     ",5.10,128.96,3.31
1598,539340852,"01598M08:53:18.392","01598 08:06:05",218.89,891.29,,,,"     ",5.10,128.74,3.30
1598,539340853,"01598M08:53:19.365","01598 08:06:06",218.91,891.31,,,,"     ",5.10,129.37,3.32
1598,539340854,"01598M08:53:20.338","01598 08:06:07",218.92,891.20,,,,"     ",5.10,128.41,3.29
1598,539340855,"01598M08:53:21.311","01598 08:06:08",218.91,891.17,,,,"     ",5.10,128.96,3.31
1598,539340856,"01598M08:53:22.285","01598 08:06:09",218.90,891.15,,,,"     ",5.10,129.01,3.31
1598,539340857,"01598M08:53:23.258","01598 08:06:10",218.89,891.13,,,,"     ",5.10,128.64,3.30
1598,539340858,"01598M08:53:24.231","01598 08:06:11",218.89,891.15,,,,"     ",5.10,128.41,3.29
1598,539340859,"01598M08:53:25.204","01598 08:06:12",218.89,891.12,,,,"     ",5.10,128.09,3.28
1598,539340860,"01598M08:53:26.178","01598 08:06:13",218.91,891.22,,,,"     ",5.10,127.98,3.28
1598,539340861,"01598M08:53:27.151","01598 08:06:14",218.92,891.11,,,,"     ",5.10,128.61,3.29
1598,539340862,"01598M08:53:28.124","01598 08:06:15",218.92,891.13,,,,"     ",5.10,128.01,3.27
1598,539340863,"01598M08:53:29.097","01598 08:06:16",218.92,891.13,,,,"     ",5.10,127.90,3.27
1598,539340864,"01598M08:53:30.071","01598 08:06:17",218.91,891.07,,,,"     ",5.10,129.01,3.30
1598,539340865,"01598M08:53:31.044","01598 08:06:18",218.90,891.05,,,,"     ",5.10,127.95,3.27
1598,539340866,"01598M08:53:32.017","01598 08:06:19",218.89,891.15,,,,"     ",5.10,128.21,3.27
1598,539340867,"01598M08:53:32.990","01598 08:06:20",218.89,891.20,,,,"     ",5.10,127.93,3.27
1598,539340868,"01598M08:53:33.964","01598 08:06:21",218.88,891.14,,,,"     ",5.10,128.32,3.28
1598,539340869,"01598M08:53:34.937","01598 08:06:22",218.87,891.08,,,,"     ",5.10,127.66,3.26
1598,539340870,"01598M08:53:35.910","01598 08:06:23",218.86,891.05,,,,"     ",5.10,129.02,3.29
1598,539340871,"01598M08:53:36.883","01598 08:06:24",218.83,891.00,,,,"     ",5.10,129.00,3.29
1598,539340872,"01598M08:53:37.857","01598 08:06:25",218.79,891.02,,,,"     ",5.10,128.38,3.27
1598,539340873,"01598M08:53:38.830","01598 08:06:26",218.75,891.03,,,,"     ",5.10,127.98,3.26
1598,539340874,"01598M08:53:39.803","01598 08:06:27",218.71,891.07,,,,"     ",5.10,128.45,3.27
1598,539340875,"01598M08:53:40.776","01598 08:06:28",218.69,891.09,,,,"     ",5.10,127.74,3.25
1598,539340876,"01598M08:53:41.750","01598 08:06:29",218.67,891.07,,,,"     ",5.10,128.42,3.27
1598,539340877,"01598M08:53:42.723","01598 08:06:30",218.66,891.06,,,,"     ",5.10,128.77,3.28
1598,539340878,"01598M08:53:43.696","01598 08:06:31",218.65,891.09,,,,"     ",5.10,128.62,3.28
1598,539340879,"01598M08:53:44.669","01598 08:06:32",218.64,891.17,,,,"     ",5.10,127.68,3.25
1598,539340880,"01598M08:53:45.643","01598 08:06:33",218.63,891.13,,,,"     ",5.10,127.67,3.25
1598,539340881,"01598M08:53:46.616","01598 08:06:34",218.61,891.05,,,,"     ",5.10,128.03,3.26
1598,539340882,"01598M08:53:47.589","01598 08:06:35",218.61,891.01,,,,"     ",5.10,128.34,3.27
1598,539340883,"01598M08:53:48.562","01598 08:06:36",218.62,891.04,,,,"     ",5.10,128.82,3.28
1598,539340884,"01598M08:53:49.536","01598 08:06:37",218.63,891.11,,,,"     ",5.10,128.25,3.26
1598,539340885,"01598M08:53:50.509","01598 08:06:38",218.64,891.13,,,,"     ",5.10,128.23,3.26
1598,539340886,"01598M08:53:51.482","01598 08:06:39",218.66,891.14,,,,"     ",5.10,128.49,3.27
1598,539340887,"01598M08:53:52.455","01598 08:06:40",218.66,891.11,,,,"     ",5.10,127.98,3.25
1598,539340888,"01598M08:53:53.429","01598 08:06:41",218.68,891.12,,,,"     ",5.10,128.27,3.26
1598,539340889,"01598M08:53:54.402","01598 08:06:41",218.69,891.11,,,,"     ",5.10,127.75,3.25
1598,539340890,"01598M08:53:55.375","01598 08:06:42",218.71,891.10,,,,"     ",5.10,128.75,3.27
1598,539340891,"01598M08:53:56.348","01598 08:06:43",218.73,891.10,,,,"     ",5.10,128.34,3.26
1598,539340892,"01598M08:53:57.322","01598 08:06:44",218.75,891.12,,,,"     ",5.10,127.85,3.24
1598,539340893,"01598M08:53:58.295","01598 08:06:45",218.78,891.06,,,,"     ",5.10,127.85,3.24
1598,539340894,"01598M08:53:59.268","01598 08:06:46",218.80,891.06,,,,"     ",5.10,127.95,3.25
1598,539340895,"01598M08:54:00.241","01598 08:06:47",218.80,891.02,,,,"     ",5.10,128.35,3.26
1598,539340896,"01598M08:54:01.215","01598 08:06:48",218.80,891.00,,,,"     ",5.10,128.24,3.25
1598,539340897,"01598M08:54:02.188","01598 08:06:49",218.77,890.97,,,,"     ",5.10,128.48,3.26
1598,539340898,"01598M08:54:03.161","01598 08:06:50",218.74,891.11,,,,"     ",5.10,128.34,3.25
1598,539340899,"01598M08:54:04.134","01598 08:06:51",218.71,891.04,,,,"     ",5.10,128.41,3.25
1598,539340900,"01598M08:54:05.108","01598 08:06:52",218.68,891.09,,,,"     ",5.10,127.67,3.23
1598,539340901,"01598M08:54:06.081","01598 08:06:53",218.65,891.11,,,,"     ",5.10,128.30,3.25
1598,539340902,"01598M08:54:07.054","01598 08:06:54",218.61,891.11,,,,"     ",5.10,128.81,3.26
1598,539340903,"01598M08:54:08.027","01598 08:06:55",218.56,891.10,,,,"     ",5.10,127.88,3.24
1598,539340904,"01598M08:54:09.001","01598 08:06:56",218.50,891.08,,,,"     ",5.10,127.67,3.23
1598,539340905,"01598M08:54:09.974","01598 08:06:57",218.43,891.05,,,,"     ",5.10,128.28,3.25
1598,539340906,"01598M08:54:10.947","01598 08:06:58",218.36,891.05,,,,"     ",5.10,128.39,3.25
1598,539340907,"01598M08:54:11.920","01598 08:06:59",218.31,891.01,,,,"     ",5.10,128.37,3.25
1598,539340908,"01598M08:54:12.894","01598 08:07:00",218.27,891.01,,,,"     ",5.10,128.87,3.26
1598,539340909,"01598M08:54:13.867","01598 08:07:01",218.24,891.03,,,,"     ",5.10,129.28,3.27
1598,539340910,"01598M08:54:14.840","01598 08:07:02",218.20,891.08,,,,"     ",5.10,129.12,3.27
1598,539340911,"01598M08:54:15.813","01598 08:07:03",218.17,891.06,,,,"     ",5.10,128.39,3.25
1598,539340912,"01598M08:54:16.787","01598 08:07:04",218.14,891.06,,,,"     ",5.10,128.48,3.25
1598,539340913,"01598M08:54:17.760","01598 08:07:05",218.11,891.08,,,,"     ",5.10,128.87,3.26
1598,539340914,"01598M08:54:18.733","01598 08:07:06",218.10,891.05,,,,"     ",5.10,128.74,3.25
1598,539340915,"01598M08:54:19.706","01598 08:07:07",218.09,891.03,,,,"     ",5.10,128.54,3.25
1598,539340916,"01598M08:54:20.680","01598 08:07:08",218.10,890.92,,,,"     ",5.10,128.56,3.24
1598,539340917,"01598M08:54:21.653","01598 08:07:09",218.13,890.92,,,,"     ",5.10,128.94,3.26
1598,539340918,"01598M08:54:22.626","01598 08:07:10",218.18,891.05,,,,"     ",5.10,129.21,3.26
1598,539340919,"01598M08:54:23.599","01598 08:07:11",218.23,891.06,,,,"     ",5.10,129.08,3.26
1598,539340920,"01598M08:54:24.573","01598 08:07:12",218.28,891.10,,,,"     ",5.10,128.71,3.25
1598,539340921,"01598M08:54:25.546","01598 08:07:13",218.33,891.04,,,,"     ",5.10,128.46,3.24
1598,539340922,"01598M08:54:26.519","01598 08:07:14",218.36,891.00,,,,"     ",5.10,128.68,3.25
1598,539340923,"01598M08:54:27.493","01598 08:07:15",218.37,891.03,,,,"     ",5.10,129.06,3.26
1598,539340924,"01598M08:54:28.466","01598 08:07:16",218.36,891.05,,,,"     ",5.10,129.19,3.26
1598,539340925,"01598M08:54:29.439","01598 08:07:17",218.34,891.10,,,,"     ",5.10,128.98,3.25
1598,539340926,"01598M08:54:30.412","01598 08:07:17",218.32,891.08,,,,"     ",5.10,129.40,3.26
1598,539340927,"01598M08:54:31.386","01598 08:07:18",218.29,891.02,,,,"     ",5.10,129.14,3.26
1598,539340928,"01598M08:54:32.359","01598 08:07:19",218.25,891.00,,,,"     ",5.10,129.49,3.27
1598,539340929,"01598M08:54:33.332","01598 08:07:20",218.22,890.99,,,,"     ",5.10,129.44,3.26
1598,539340930,"01598M08:54:34.305","01598 08:07:21",218.18,890.98,,,,"     ",5.10,128.58,3.24
1598,539340931,"01598M08:54:35.279","01598 08:07:22",218.15,891.12,,,,"     ",5.10,129.00,3.25
1598,539340932,"01598M08:54:36.252","01598 08:07:23",218.14,891.05,,,,"     ",5.10,129.25,3.26
1598,539340933,"01598M08:54:37.225","01598 08:07:24",218.14,890.98,,,,"     ",5.10,129.18,3.25
1598,539340934,"01598M08:54:38.198","01598 08:07:25",218.18,890.91,,,,"     ",5.10,129.45,3.26
1598,539340935,"01598M08:54:39.172","01598 08:07:26",218.23,890.93,,,,"     ",5.10,129.12,3.25
1598,539340936,"01598M08:54:40.145","01598 08:07:27",218.29,890.89,,,,"     ",5.10,129.43,3.26
1598,539340937,"01598M08:54:41.118","01598 08:07:28",218.35,890.87,,,,"     ",5.10,128.70,3.24
1598,539340938,"01598M08:54:42.091","01598 08:07:29",218.41,890.94,,,,"     ",5.10,129.65,3.26
1598,539340939,"01598M08:54:43.065","01598 08:07:30",218.46,890.96,,,,"     ",5.10,130.09,3.27
1598,539340940,"01598M08:54:44.038","01598 08:07:31",218.49,890.95,,,,"     ",5.10,129.24,3.25
1598,539340941,"01598M08:54:45.011","01598 08:07:32",218.50,890.99,,,,"     ",5.10,128.81,3.24
1598,539340942,"01598M08:54:45.984","01598 08:07:33",218.51,890.97,,,,"     ",5.10,129.87,3.26
1598,539340943,"01598M08:54:46.958","01598 08:07:34",218.53,890.95,,,,"     ",5.10,128.43,3.23
1598,539340944,"01598M08:54:47.931","01598 08:07:35",218.53,891.04,,,,"     ",5.10,130.39,3.28
1598,539340945,"01598M08:54:48.904","01598 08:07:36",218.53,890.92,,,,"     ",5.10,129.88,3.26
1598,539340946,"01598M08:54:49.877","01598 08:07:37",218.52,890.90,,,,"     ",5.10,129.54,3.25
1598,539340947,"01598M08:54:50.851","01598 08:07:38",218.50,890.91,,,,"     ",5.10,129.87,3.26
1598,539340948,"01598M08:54:51.824","01598 08:07:39",218.49,890.84,,,,"     ",5.10,130.02,3.26
1598,539340949,"01598M08:54:52.797","01598 08:07:40",218.47,890.85,,,,"     ",5.10,128.79,3.23
1598,539340950,"01598M08:54:53.770","01598 08:07:41",218.47,890.89,,,,"     ",5.10,129.68,3.25
1598,539340951,"01598M08:54:54.744","01598 08:07:42",218.47,890.94,,,,"     ",5.10,129.72,3.25
1598,539340952,"01598M08:54:55.717","01598 08:07:43",218.49,890.97,,,,"     ",5.10,129.91,3.26
1598,539340953,"01598M08:54:56.690","01598 08:07:44",218.48,890.95,,,,"     ",5.10,130.01,3.26
1598,539340954,"01598M08:54:57.663","01598 08:07:45",218.46,890.99,,,,"     ",5.10,129.44,3.24
1598,539340955,"01598M08:54:58.637","01598 08:07:46",218.46,891.00,,,,"     ",5.10,129.16,3.24
1598,539340956,"01598M08:54:59.610","01598 08:07:47",218.48,891.00,,,,"     ",5.10,129.67,3.25
1598,539340957,"01598M08:55:00.583","01598 08:07:48",218.52,890.93,,,,"     ",5.10,129.72,3.25
1598,539340958,"01598M08:55:01.556","01598 08:07:49",218.54,890.89,,,,"     ",5.10,128.49,3.22
1598,539340959,"01598M08:55:02.530","01598 08:07:50",218.52,890.86,,,,"     ",5.10,130.12,3.26
1598,539340960,"01598M08:55:03.503","01598 08:07:51",218.48,890.87,,,,"     ",5.10,128.51,3.22
1598,539340961,"01598M08:55:04.476","01598 08:07:52",218.45,890.84,,,,"     ",5.10,128.77,3.22
1598,539340962,"01598M08:55:05.449","01598 08:07:53",218.41,890.82,,,,"     ",5.10,129.37,3.24
1598,539340963,"01598M08:55:06.423","01598 08:07:53",218.37,890.79,,,,"     ",5.10,129.57,3.24
1598,539340964,"01598M08:55:07.396","01598 08:07:54",218.33,890.77,,,,"     ",5.10,129.01,3.23
1598,539340965,"01598M08:55:08.369","01598 08:07:55",218.28,890.86,,,,"     ",5.10,129.90,3.25
1598,539340966,"01598M08:55:09.342","01598 08:07:56",218.22,890.84,,,,"     ",5.10,129.50,3.24
1598,539340967,"01598M08:55:10.316","01598 08:07:57",218.18,890.90,,,,"     ",5.10,130.29,3.26
1598,539340968,"01598M08:55:11.289","01598 08:07:58",218.04,890.83,,,,"     ",5.10,129.46,3.23
1598,539340969,"01598M08:55:12.262","01598 08:07:59",217.88,890.78,,,,"     ",5.10,129.89,3.25
1598,539340970,"01598M08:55:13.235","01598 08:08:00",217.75,890.78,,,,"     ",5.10,129.72,3.24
1598,539340971,"01598M08:55:14.209","01598 08:08:01",217.65,890.89,,,,"     ",5.10,129.89,3.25
1598,539340972,"01598M08:55:15.182","01598 08:08:02",217.58,890.87,,,,"     ",5.10,129.91,3.25
1598,539340973,"01598M08:55:16.155","01598 08:08:03",217.56,890.81,,,,"     ",5.10,130.48,3.26
1598,539340974,"01598M08:55:17.128","01598 08:08:04",217.56,890.82,,,,"     ",5.10,130.33,3.26
1598,539340975,"01598M08:55:18.102","01598 08:08:05",217.56,890.81,,,,"     ",5.10,130.15,3.25
1598,539340976,"01598M08:55:19.075","01598 08:08:06",217.57,890.80,,,,"     ",5.10,129.68,3.24
1598,539340977,"01598M08:55:20.048","01598 08:08:07",217.59,890.88,,,,"     ",5.10,129.94,3.25
1598,539340978,"01598M08:55:21.021","01598 08:08:08",217.63,890.78,,,,"     ",5.10,129.54,3.23
1598,539340979,"01598M08:55:21.995","01598 08:08:09",217.68,890.78,,,,"     ",5.10,129.83,3.24
1598,539340980,"01598M08:55:22.968","01598 08:08:10",217.73,890.82,,,,"     ",5.10,129.78,3.24
1598,539340981,"01598M08:55:23.941","01598 08:08:11",217.76,890.78,,,,"     ",5.10,130.39,3.26
1598,539340982,"01598M08:55:24.914","01598 08:08:12",217.79,890.84,,,,"     ",5.10,129.70,3.24
1598,539340983,"01598M08:55:25.888","01598 08:08:13",217.80,890.80,,,,"     ",5.10,130.05,3.25
1598,539340984,"01598M08:55:26.861","01598 08:08:14",217.79,890.76,,,,"     ",5.10,129.79,3.24
1598,539340985,"01598M08:55:27.834","01598 08:08:15",217.75,890.69,,,,"     ",5.10,130.09,3.25
1598,539340986,"01598M08:55:28.807","01598 08:08:16",217.68,890.70,,,,"     ",5.10,130.24,3.25
1598,539340987,"01598M08:55:29.781","01598 08:08:17",217.57,890.72,,,,"     ",5.10,129.36,3.23
1598,539340988,"01598M08:55:30.754","01598 08:08:18",217.46,890.65,,,,"     ",5.10,129.87,3.24
1598,539340989,"01598M08:55:31.727","01598 08:08:19",217.34,890.74,,,,"     ",5.10,129.56,3.23
1598,539340990,"01598M08:55:32.700","01598 08:08:20",217.22,890.75,,,,"     ",5.10,130.28,3.25
1598,539340991,"01598M08:55:33.674","01598 08:08:21",217.09,890.78,,,,"     ",5.10,129.86,3.24
1598,539340992,"01598M08:55:34.647","01598 08:08:22",216.94,890.79,,,,"     ",5.10,129.66,3.23
1598,539340993,"01598M08:55:35.620","01598 08:08:23",216.79,890.73,,,,"     ",5.10,130.22,3.25
1598,539340994,"01598M08:55:36.594","01598 08:08:24",216.64,890.71,,,,"     ",5.10,129.65,3.23
1598,539340995,"01598M08:55:37.567","01598 08:08:25",216.51,890.69,,,,"     ",5.10,130.17,3.25
1598,539340996,"01598M08:55:38.540","01598 08:08:26",216.41,890.72,,,,"     ",5.10,130.35,3.25
1598,539340997,"01598M08:55:39.513","01598 08:08:27",216.34,890.71,,,,"     ",5.10,130.17,3.25
1598,539340998,"01598M08:55:40.487","01598 08:08:28",216.31,890.68,,,,"     ",5.10,130.78,3.26
1598,539340999,"01598M08:55:41.460","01598 08:08:29",216.31,890.63,,,,"     ",5.10,130.45,3.25
1598,539341000,"01598M08:55:42.433","01598 08:08:29",216.33,890.64,,,,"     ",5.10,129.69,3.23
1598,539341001,"01598M08:55:43.406","01598 08:08:30",216.37,890.65,,,,"     ",5.10,130.85,3.26
1598,539341002,"01598M08:55:44.380","01598 08:08:31",216.43,890.57,,,,"     ",5.10,130.50,3.25
1598,539341003,"01598M08:55:45.353","01598 08:08:32",216.50,890.71,,,,"     ",5.10,130.98,3.27
1598,539341004,"01598M08:55:46.326","01598 08:08:33",216.60,890.69,,,,"     ",5.10,129.48,3.23
1598,539341005,"01598M08:55:47.299","01598 08:08:34",216.66,890.65,,,,"     ",5.10,130.70,3.26
1598,539341006,"01598M08:55:48.273","01598 08:08:35",216.70,890.74,,,,"     ",5.10,129.73,3.23
1598,539341007,"01598M08:55:49.246","01598 08:08:36",216.74,890.72,,,,"     ",5.10,130.20,3.25
1598,539341008,"01598M08:55:50.219","01598 08:08:37",216.78,890.75,,,,"     ",5.10,131.02,3.27
1598,539341009,"01598M08:55:51.192","01598 08:08:38",216.81,890.73,,,,"     ",5.10,131.14,3.27
1598,539341010,"01598M08:55:52.166","01598 08:08:39",216.85,890.75,,,,"     ",5.10,130.92,3.27
1598,539341011,"01598M08:55:53.139","01598 08:08:40",216.89,890.73,,,,"     ",5.10,129.07,3.22
1598,539341012,"01598M08:55:54.112","01598 08:08:41",216.93,890.69,,,,"     ",5.10,130.01,3.24
1598,539341013,"01598M08:55:55.085","01598 08:08:42",216.96,890.66,,,,"     ",5.10,130.26,3.25
1598,539341014,"01598M08:55:56.059","01598 08:08:43",216.99,890.68,,,,"     ",5.10,130.44,3.25
1598,539341015,"01598M08:55:57.032","01598 08:08:44",217.02,890.65,,,,"     ",5.10,129.99,3.24
1598,539341016,"01598M08:55:58.005","01598 08:08:45",217.04,890.69,,,,"     ",5.10,129.56,3.23
1598,539341017,"01598M08:55:58.978","01598 08:08:46",217.05,890.69,,,,"     ",5.10,129.75,3.23
1598,539341018,"01598M08:55:59.952","01598 08:08:47",216.81,890.68,,,,"     ",5.10,129.86,3.23
1598,539341019,"01598M08:56:00.925","01598 08:08:48",216.60,890.56,,,,"     ",5.10,130.24,3.24
1598,539341020,"01598M08:56:01.898","01598 08:08:49",216.42,890.65,,,,"     ",5.10,130.81,3.26
1598,539341021,"01598M08:56:02.871","01598 08:08:50",216.26,890.70,,,,"     ",5.10,130.11,3.24
1598,539341022,"01598M08:56:03.845","01598 08:08:51",216.12,890.67,,,,"     ",5.10,130.16,3.24
1598,539341023,"01598M08:56:04.818","01598 08:08:52",216.00,890.67,,,,"     ",5.10,130.68,3.25
1598,539341024,"01598M08:56:05.791","01598 08:08:53",215.90,890.74,,,,"     ",5.10,129.99,3.24
1598,539341025,"01598M08:56:06.764","01598 08:08:54",215.82,890.75,,,,"     ",5.10,130.69,3.25
1598,539341026,"01598M08:56:07.738","01598 08:08:55",215.76,890.73,,,,"     ",5.10,131.03,3.26
1598,539341027,"01598M08:56:08.711","01598 08:08:56",215.71,890.77,,,,"     ",5.10,130.18,3.24
1598,539341028,"01598M08:56:09.684","01598 08:08:57",215.68,890.72,,,,"     ",5.10,131.27,3.27
1598,539341029,"01598M08:56:10.657","01598 08:08:58",215.68,890.72,,,,"     ",5.10,130.43,3.25
1598,539341030,"01598M08:56:11.631","01598 08:08:59",215.69,890.73,,,,"     ",5.10,130.70,3.25
1598,539341031,"01598M08:56:12.604","01598 08:09:00",215.74,890.63,,,,"     ",5.10,130.87,3.26
1598,539341032,"01598M08:56:13.577","01598 08:09:01",215.80,890.66,,,,"     ",5.10,130.30,3.24
1598,539341033,"01598M08:56:14.550","01598 08:09:02",215.88,890.67,,,,"     ",5.10,130.79,3.25
1598,539341034,"01598M08:56:15.524","01598 08:09:03",215.95,890.67,,,,"     ",5.10,131.25,3.27
1598,539341035,"01598M08:56:16.497","01598 08:09:04",216.01,890.72,,,,"     ",5.10,130.72,3.25
1598,539341036,"01598M08:56:17.470","01598 08:09:05",216.06,890.66,,,,"     ",5.10,131.17,3.26
1598,539341037,"01598M08:56:18.443","01598 08:09:05",216.09,890.69,,,,"     ",5.10,131.55,3.27
1598,539341038,"01598M08:56:19.417","01598 08:09:06",216.11,890.72,,,,"     ",5.10,129.91,3.23
1598,539341039,"01598M08:56:20.390","01598 08:09:07",216.12,890.57,,,,"     ",5.10,131.22,3.27
1598,539341040,"01598M08:56:21.363","01598 08:09:08",216.14,890.64,,,,"     ",5.10,130.17,3.24
1598,539341041,"01598M08:56:22.336","01598 08:09:09",216.16,890.69,,,,"     ",5.10,130.96,3.26
1598,539341042,"01598M08:56:23.310","01598 08:09:10",216.18,890.70,,,,"     ",5.10,130.82,3.25
1598,539341043,"01598M08:56:24.283","01598 08:09:11",216.19,890.66,,,,"     ",5.10,131.36,3.27
1598,539341044,"01598M08:56:25.256","01598 08:09:12",216.18,890.65,,,,"     ",5.10,130.88,3.26
1598,539341045,"01598M08:56:26.229","01598 08:09:13",216.15,890.70,,,,"     ",5.10,130.78,3.25
1598,539341046,"01598M08:56:27.203","01598 08:09:14",216.09,890.68,,,,"     ",5.10,131.23,3.26
1598,539341047,"01598M08:56:28.176","01598 08:09:15",216.00,890.67,,,,"     ",5.10,130.40,3.24
1598,539341048,"01598M08:56:29.149","01598 08:09:16",215.89,890.57,,,,"     ",5.10,129.90,3.23
1598,539341049,"01598M08:56:30.122","01598 08:09:17",215.77,890.67,,,,"     ",5.10,131.59,3.27
1598,539341050,"01598M08:56:31.096","01598 08:09:18",215.68,890.67,,,,"     ",5.10,130.90,3.25
1598,539341051,"01598M08:56:32.069","01598 08:09:19",215.60,890.61,,,,"     ",5.10,131.58,3.27
1598,539341052,"01598M08:56:33.042","01598 08:09:20",215.54,890.63,,,,"     ",5.10,131.00,3.26
1598,539341053,"01598M08:56:34.015","01598 08:09:21",215.48,890.69,,,,"     ",5.10,131.05,3.26
1598,539341054,"01598M08:56:34.989","01598 08:09:22",215.40,890.73,,,,"     ",5.10,131.18,3.26
1598,539341055,"01598M08:56:35.962","01598 08:09:23",215.33,890.77,,,,"     ",5.10,131.85,3.28
1598,539341056,"01598M08:56:36.935","01598 08:09:24",215.27,890.66,,,,"     ",5.10,131.55,3.27
1598,539341057,"01598M08:56:37.908","01598 08:09:25",215.23,890.69,,,,"     ",5.10,130.63,3.25
1598,539341058,"01598M08:56:38.882","01598 08:09:26",215.22,890.66,,,,"     ",5.10,130.72,3.25
1598,539341059,"01598M08:56:39.855","01598 08:09:27",215.22,890.70,,,,"     ",5.10,131.03,3.26
1598,539341060,"01598M08:56:40.828","01598 08:09:28",215.23,890.76,,,,"     ",5.10,131.35,3.26
1598,539341061,"01598M08:56:41.801","01598 08:09:29",215.23,890.70,,,,"     ",5.10,130.38,3.24
1598,539341062,"01598M08:56:42.775","01598 08:09:30",215.23,890.60,,,,"     ",5.10,131.27,3.26
1598,539341063,"01598M08:56:43.748","01598 08:09:31",215.22,890.60,,,,"     ",5.10,131.75,3.27
1598,539341064,"01598M08:56:44.721","01598 08:09:32",215.18,890.64,,,,"     ",5.10,131.77,3.27
1598,539341065,"01598M08:56:45.695","01598 08:09:33",215.13,890.53,,,,"     ",5.10,131.50,3.27
1598,539341066,"01598M08:56:46.668","01598 08:09:34",215.09,890.59,,,,"     ",5.10,132.21,3.28
1598,539341067,"01598M08:56:47.641","01598 08:09:35",215.06,890.55,,,,"     ",5.10,131.79,3.27
1598,539341068,"01598M08:56:48.614","01598 08:09:36",215.04,890.63,,,,"     ",5.10,131.15,3.26
1598,539341069,"01598M08:56:49.588","01598 08:09:37",215.04,890.57,,,,"     ",5.10,131.68,3.27
1598,539341070,"01598M08:56:50.561","01598 08:09:38",215.05,890.58,,,,"     ",5.10,131.84,3.27
1598,539341071,"01598M08:56:51.534","01598 08:09:39",215.07,890.56,,,,"     ",5.10,131.87,3.27
1598,539341072,"01598M08:56:52.507","01598 08:09:40",215.07,890.57,,,,"     ",5.10,131.57,3.27
1598,539341073,"01598M08:56:53.481","01598 08:09:41",215.05,890.55,,,,"     ",5.10,131.72,3.27
1598,539341074,"01598M08:56:54.454","01598 08:09:41",215.02,890.48,,,,"     ",5.10,131.62,3.27
1598,539341075,"01598M08:56:55.427","01598 08:09:42",214.99,890.50,,,,"     ",5.10,131.41,3.26
1598,539341076,"01598M08:56:56.400","01598 08:09:43",214.96,890.49,,,,"     ",5.10,131.52,3.26
1598,539341077,"01598M08:56:57.374","01598 08:09:44",214.93,890.54,,,,"     ",5.10,131.92,3.27
1598,539341078,"01598M08:56:58.347","01598 08:09:45",214.91,890.51,,,,"     ",5.10,132.27,3.28
1598,539341079,"01598M08:56:59.320","01598 08:09:46",214.89,890.58,,,,"     ",5.10,132.15,3.28
1598,539341080,"01598M08:57:00.293","01598 08:09:47",214.88,890.54,,,,"     ",5.10,130.95,3.25
1598,539341081,"01598M08:57:01.267","01598 08:09:48",214.87,890.62,,,,"     ",5.10,131.32,3.26
1598,539341082,"01598M08:57:02.240","01598 08:09:49",214.87,890.63,,,,"     ",5.10,131.56,3.26
1598,539341083,"01598M08:57:03.213","01598 08:09:50",214.87,890.61,,,,"     ",5.10,131.55,3.26
1598,539341084,"01598M08:57:04.186","01598 08:09:51",214.89,890.60,,,,"     ",5.10,131.28,3.25
1598,539341085,"01598M08:57:05.160","01598 08:09:52",214.91,890.59,,,,"     ",5.10,130.96,3.24
1598,539341086,"01598M08:57:06.133","01598 08:09:53",214.94,890.55,,,,"     ",5.10,131.99,3.27
1598,539341087,"01598M08:57:07.106","01598 08:09:54",214.96,890.63,,,,"     ",5.10,131.81,3.26
1598,539341088,"01598M08:57:08.079","01598 08:09:55",214.98,890.56,,,,"     ",5.10,132.03,3.27
1598,539341089,"01598M08:57:09.053","01598 08:09:56",215.00,890.47,,,,"     ",5.10,131.07,3.24
1598,539341090,"01598M08:57:10.026","01598 08:09:57",215.00,890.53,,,,"     ",5.10,132.44,3.28
1598,539341091,"01598M08:57:10.999","01598 08:09:58",214.98,890.40,,,,"     ",5.10,131.61,3.26
1598,539341092,"01598M08:57:11.972","01598 08:09:59",214.95,890.41,,,,"     ",5.10,131.86,3.26
1598,539341093,"01598M08:57:12.946","01598 08:10:00",214.91,890.50,,,,"     ",5.10,132.16,3.27
1598,539341094,"01598M08:57:13.919","01598 08:10:01",214.88,890.42,,,,"     ",5.10,132.14,3.27
1598,539341095,"01598M08:57:14.892","01598 08:10:02",214.86,890.48,,,,"     ",5.10,131.41,3.25
1598,539341096,"01598M08:57:15.865","01598 08:10:03",214.87,890.42,,,,"     ",5.10,131.35,3.25
1598,539341097,"01598M08:57:16.839","01598 08:10:04",214.91,890.38,,,,"     ",5.10,131.52,3.25
1598,539341098,"01598M08:57:17.812","01598 08:10:05",214.95,890.42,,,,"     ",5.10,131.89,3.26
1598,539341099,"01598M08:57:18.785","01598 08:10:06",214.99,890.40,,,,"     ",5.10,131.32,3.24
1598,539341100,"01598M08:57:19.758","01598 08:10:07",215.02,890.36,,,,"     ",5.10,130.48,3.22
1598,539341101,"01598M08:57:20.732","01598 08:10:08",215.02,890.38,,,,"     ",5.10,131.16,3.24
1598,539341102,"01598M08:57:21.705","01598 08:10:09",214.99,890.44,,,,"     ",5.10,131.51,3.25
1598,539341103,"01598M08:57:22.678","01598 08:10:10",214.94,890.41,,,,"     ",5.10,132.67,3.27
1598,539341104,"01598M08:57:23.651","01598 08:10:11",214.91,890.47,,,,"     ",5.10,131.56,3.25
1598,539341105,"01598M08:57:24.625","01598 08:10:12",214.88,890.41,,,,"     ",5.10,131.51,3.24
1598,539341106,"01598M08:57:25.598","01598 08:10:13",214.88,890.35,,,,"     ",5.10,130.69,3.22
1598,539341107,"01598M08:57:26.571","01598 08:10:14",214.87,890.40,,,,"     ",5.10,132.27,3.26
1598,539341108,"01598M08:57:27.544","01598 08:10:15",214.86,890.45,,,,"     ",5.10,131.70,3.25
1598,539341109,"01598M08:57:28.518","01598 08:10:16",214.85,890.38,,,,"     ",5.10,131.43,3.24
1598,539341110,"01598M08:57:29.491","01598 08:10:17",214.84,890.51,,,,"     ",5.10,131.84,3.25
1598,539341111,"01598M08:57:30.464","01598 08:10:17",214.86,890.50,,,,"     ",5.10,132.21,3.26
1598,539341112,"01598M08:57:31.437","01598 08:10:18",214.90,890.35,,,,"     ",5.10,132.22,3.26
1598,539341113,"01598M08:57:32.411","01598 08:10:19",214.96,890.37,,,,"     ",5.10,131.64,3.24
1598,539341114,"01598M08:57:33.384","01598 08:10:20",215.04,890.34,,,,"     ",5.10,131.58,3.24
1598,539341115,"01598M08:57:34.357","01598 08:10:21",215.11,890.42,,,,"     ",5.10,131.88,3.25
1598,539341116,"01598M08:57:35.330","01598 08:10:22",215.16,890.30,,,,"     ",5.10,132.26,3.25
1598,539341117,"01598M08:57:36.304","01598 08:10:23",215.19,890.43,,,,"     ",5.10,131.08,3.22
1598,539341118,"01598M08:57:37.277","01598 08:10:24",215.20,890.38,,,,"     ",5.10,131.39,3.23
1598,539341119,"01598M08:57:38.250","01598 08:10:25",215.18,890.39,,,,"     ",5.10,131.27,3.23
1598,539341120,"01598M08:57:39.223","01598 08:10:26",215.15,890.37,,,,"     ",5.10,131.47,3.23
1598,539341121,"01598M08:57:40.197","01598 08:10:27",215.13,890.38,,,,"     ",5.10,131.93,3.24
1598,539341122,"01598M08:57:41.170","01598 08:10:28",215.15,890.39,,,,"     ",5.10,132.19,3.25
1598,539341123,"01598M08:57:42.143","01598 08:10:29",215.19,890.35,,,,"     ",5.10,132.58,3.26
1598,539341124,"01598M08:57:43.116","01598 08:10:30",215.25,890.35,,,,"     ",5.10,131.48,3.23
1598,539341125,"01598M08:57:44.090","01598 08:10:31",215.32,890.32,,,,"     ",5.10,131.07,3.22
1598,539341126,"01598M08:57:45.063","01598 08:10:32",215.37,890.33,,,,"     ",5.10,131.93,3.24
1598,539341127,"01598M08:57:46.036","01598 08:10:33",215.40,890.31,,,,"     ",5.10,132.17,3.24
1598,539341128,"01598M08:57:47.009","01598 08:10:34",215.41,890.32,,,,"     ",5.10,131.24,3.22
1598,539341129,"01598M08:57:47.983","01598 08:10:35",215.41,890.29,,,,"     ",5.10,132.94,3.26
1598,539341130,"01598M08:57:48.956","01598 08:10:36",215.41,890.34,,,,"     ",5.10,132.44,3.25
1598,539341131,"01598M08:57:49.929","01598 08:10:37",215.41,890.35,,,,"     ",5.10,131.85,3.23
1598,539341132,"01598M08:57:50.902","01598 08:10:38",215.40,890.40,,,,"     ",5.10,131.30,3.22
1598,539341133,"01598M08:57:51.876","01598 08:10:39",215.37,890.34,,,,"     ",5.10,131.46,3.22
1598,539341134,"01598M08:57:52.849","01598 08:10:40",215.35,890.34,,,,"     ",5.10,132.55,3.25
1598,539341135,"01598M08:57:53.822","01598 08:10:41",215.34,890.42,,,,"     ",5.10,132.57,3.25
1598,539341136,"01598M08:57:54.796","01598 08:10:42",215.36,890.38,,,,"     ",5.10,132.20,3.24
1598,539341137,"01598M08:57:55.769","01598 08:10:43",215.41,890.35,,,,"     ",5.10,132.20,3.23
1598,539341138,"01598M08:57:56.742","01598 08:10:44",215.49,890.33,,,,"     ",5.10,132.05,3.23
1598,539341139,"01598M08:57:57.715","01598 08:10:45",215.60,890.36,,,,"     ",5.10,132.78,3.25
1598,539341140,"01598M08:57:58.689","01598 08:10:46",215.71,890.40,,,,"     ",5.10,131.70,3.22
1598,539341141,"01598M08:57:59.662","01598 08:10:47",215.83,890.40,,,,"     ",5.10,132.25,3.23
1598,539341142,"01598M08:58:00.635","01598 08:10:48",215.95,890.39,,,,"     ",5.10,132.45,3.23
1598,539341143,"01598M08:58:01.608","01598 08:10:49",216.07,890.27,,,,"     ",5.10,132.04,3.22
1598,539341144,"01598M08:58:02.582","01598 08:10:50",216.17,890.36,,,,"     ",5.10,132.01,3.22
1598,539341145,"01598M08:58:03.555","01598 08:10:51",216.24,890.31,,,,"     ",5.10,132.88,3.24
1598,539341146,"01598M08:58:04.528","01598 08:10:52",216.29,890.26,,,,"     ",5.10,132.73,3.24
1598,539341147,"01598M08:58:05.501","01598 08:10:53",216.31,890.34,,,,"     ",5.10,132.64,3.23
1598,539341148,"01598M08:58:06.475","01598 08:10:54",216.33,890.36,,,,"     ",5.10,132.56,3.23
1598,539341149,"01598M08:58:07.448","01598 08:10:54",216.35,890.32,,,,"     ",5.10,132.23,3.22
1598,539341150,"01598M08:58:08.421","01598 08:10:55",216.39,890.34,,,,"     ",5.10,131.69,3.21
1598,539341151,"01598M08:58:09.394","01598 08:10:56",216.45,890.29,,,,"     ",5.10,131.85,3.21
1598,539341152,"01598M08:58:10.368","01598 08:10:57",216.53,890.24,,,,"     ",5.10,132.51,3.22
1598,539341153,"01598M08:58:11.341","01598 08:10:58",216.63,890.24,,,,"     ",5.10,133.17,3.24
1598,539341154,"01598M08:58:12.314","01598 08:10:59",216.75,890.28,,,,"     ",5.10,132.86,3.23
1598,539341155,"01598M08:58:13.287","01598 08:11:00",216.88,890.23,,,,"     ",5.10,132.31,3.22
1598,539341156,"01598M08:58:14.261","01598 08:11:01",217.00,890.22,,,,"     ",5.10,132.02,3.21
1598,539341157,"01598M08:58:15.234","01598 08:11:02",217.10,890.34,,,,"     ",5.10,133.58,3.25
1598,539341158,"01598M08:58:16.207","01598 08:11:03",217.19,890.28,,,,"     ",5.10,132.57,3.22
1598,539341159,"01598M08:58:17.180","01598 08:11:04",217.27,890.25,,,,"     ",5.10,133.19,3.23
1598,539341160,"01598M08:58:18.154","01598 08:11:05",217.35,890.21,,,,"     ",5.10,132.70,3.22
1598,539341161,"01598M08:58:19.127","01598 08:11:06",217.42,890.15,,,,"     ",5.10,132.99,3.23
1598,539341162,"01598M08:58:20.100","01598 08:11:07",217.46,890.23,,,,"     ",5.10,132.28,3.21
1598,539341163,"01598M08:58:21.073","01598 08:11:08",217.46,890.26,,,,"     ",5.10,132.51,3.21
1598,539341164,"01598M08:58:22.047","01598 08:11:09",217.41,890.30,,,,"     ",5.10,132.89,3.22
1598,539341165,"01598M08:58:23.020","01598 08:11:10",217.34,890.39,,,,"     ",5.10,132.66,3.21
1598,539341166,"01598M08:58:23.993","01598 08:11:11",217.27,890.29,,,,"     ",5.10,133.18,3.22
1598,539341167,"01598M08:58:24.966","01598 08:11:12",217.20,890.33,,,,"     ",5.10,133.00,3.22
1598,539341168,"01598M08:58:25.940","01598 08:11:13",217.15,890.32,,,,"     ",5.10,133.61,3.23
1598,539341169,"01598M08:58:26.913","01598 08:11:14",217.09,890.19,,,,"     ",5.10,132.29,3.20
1598,539341170,"01598M08:58:27.886","01598 08:11:15",217.04,890.27,,,,"     ",5.10,133.90,3.24
1598,539341171,"01598M08:58:28.859","01598 08:11:16",217.00,890.25,,,,"     ",5.10,132.33,3.20
1598,539341172,"01598M08:58:29.833","01598 08:11:17",216.97,890.23,,,,"     ",5.10,132.53,3.20
1598,539341173,"01598M08:58:30.806","01598 08:11:18",216.96,890.16,,,,"     ",5.10,132.84,3.20
1598,539341174,"01598M08:58:31.779","01598 08:11:19",216.96,890.15,,,,"     ",5.10,133.29,3.21
1598,539341175,"01598M08:58:32.752","01598 08:11:20",216.99,890.14,,,,"     ",5.10,132.75,3.20
1598,539341176,"01598M08:58:33.726","01598 08:11:21",217.03,890.18,,,,"     ",5.10,133.25,3.21
1598,539341177,"01598M08:58:34.699","01598 08:11:22",217.09,890.23,,,,"     ",5.10,132.36,3.19
1598,539341178,"01598M08:58:35.672","01598 08:11:23",217.16,890.20,,,,"     ",5.10,132.55,3.19
1598,539341179,"01598M08:58:36.645","01598 08:11:24",217.22,890.15,,,,"     ",5.10,132.63,3.19
1598,539341180,"01598M08:58:37.619","01598 08:11:25",217.27,890.20,,,,"     ",5.10,133.00,3.20
1598,539341181,"01598M08:58:38.592","01598 08:11:26",217.33,890.21,,,,"     ",5.10,134.24,3.23
1598,539341182,"01598M08:58:39.565","01598 08:11:27",217.38,890.23,,,,"     ",5.10,133.10,3.20
1598,539341183,"01598M08:58:40.538","01598 08:11:28",217.42,890.23,,,,"     ",5.10,133.61,3.21
1598,539341184,"01598M08:58:41.512","01598 08:11:29",217.44,890.29,,,,"     ",5.10,133.18,3.20
1598,539341185,"01598M08:58:42.485","01598 08:11:30",217.46,890.20,,,,"     ",5.10,134.34,3.22
1598,539341186,"01598M08:58:43.458","01598 08:11:30",217.49,890.17,,,,"     ",5.10,133.80,3.21
1598,539341187,"01598M08:58:44.431","01598 08:11:31",217.52,890.19,,,,"     ",5.10,133.57,3.20
1598,539341188,"01598M08:58:45.405","01598 08:11:32",217.53,890.22,,,,"     ",5.10,133.20,3.19
1598,539341189,"01598M08:58:46.378","01598 08:11:33",217.53,890.27,,,,"     ",5.10,133.17,3.19
1598,539341190,"01598M08:58:47.351","01598 08:11:34",217.53,890.26,,,,"     ",5.10,133.64,3.20
1598,539341191,"01598M08:58:48.324","01598 08:11:35",217.54,890.22,,,,"     ",5.10,134.46,3.22
1598,539341192,"01598M08:58:49.298","01598 08:11:36",217.56,890.23,,,,"     ",5.10,134.59,3.22
1598,539341193,"01598M08:58:50.271","01598 08:11:37",217.60,890.18,,,,"     ",5.10,133.53,3.19
1598,539341194,"01598M08:58:51.244","01598 08:11:38",217.65,890.22,,,,"     ",5.10,134.22,3.21
1598,539341195,"01598M08:58:52.217","01598 08:11:39",217.68,890.11,,,,"     ",5.10,133.00,3.17
1598,539341196,"01598M08:58:53.191","01598 08:11:40",217.71,890.25,,,,"     ",5.10,132.94,3.17
1598,539341197,"01598M08:58:54.164","01598 08:11:41",217.75,890.19,,,,"     ",5.10,134.15,3.20
1598,539341198,"01598M08:58:55.137","01598 08:11:42",217.82,890.26,,,,"     ",5.10,134.36,3.20
1598,539341199,"01598M08:58:56.110","01598 08:11:43",217.89,890.26,,,,"     ",5.10,134.17,3.20
1598,539341200,"01598M08:58:57.084","01598 08:11:44",217.97,890.17,,,,"     ",5.10,134.62,3.21
1598,539341201,"01598M08:58:58.057","01598 08:11:45",218.07,890.13,,,,"     ",5.10,134.96,3.21
1598,539341202,"01598M08:58:59.030","01598 08:11:46",218.16,890.19,,,,"     ",5.10,134.40,3.20
1598,539341203,"01598M08:59:00.003","01598 08:11:47",218.20,890.18,,,,"     ",5.10,134.98,3.21
1598,539341204,"01598M08:59:00.977","01598 08:11:48",218.18,890.17,,,,"     ",5.10,134.53,3.20
1598,539341205,"01598M08:59:01.950","01598 08:11:49",218.14,890.19,,,,"     ",5.10,133.99,3.18
1598,539341206,"01598M08:59:02.923","01598 08:11:50",218.11,890.15,,,,"     ",5.10,134.24,3.18
1598,539341207,"01598M08:59:03.897","01598 08:11:51",218.08,890.20,,,,"     ",5.10,135.38,3.21
1598,539341208,"01598M08:59:04.870","01598 08:11:52",218.06,890.19,,,,"     ",5.10,135.05,3.20
1598,539341209,"01598M08:59:05.843","01598 08:11:53",218.03,890.22,,,,"     ",5.10,135.93,3.22
1598,539341210,"01598M08:59:06.816","01598 08:11:54",217.98,890.12,,,,"     ",5.10,135.85,3.22
1598,539341211,"01598M08:59:07.790","01598 08:11:55",217.88,890.11,,,,"     ",5.10,135.46,3.21
1598,539341212,"01598M08:59:08.763","01598 08:11:56",217.80,890.21,,,,"     ",5.10,134.93,3.19
1598,539341213,"01598M08:59:09.736","01598 08:11:57",217.74,890.17,,,,"     ",5.10,134.67,3.18
1598,539341214,"01598M08:59:10.709","01598 08:11:58",217.69,890.14,,,,"     ",5.10,135.91,3.21
1598,539341215,"01598M08:59:11.683","01598 08:11:59",217.68,890.16,,,,"     ",5.10,134.82,3.18
1598,539341216,"01598M08:59:12.656","01598 08:12:00",217.70,890.11,,,,"     ",5.10,136.56,3.22
1598,539341217,"01598M08:59:13.629","01598 08:12:01",217.76,890.15,,,,"     ",5.10,134.80,3.18
1598,539341218,"01598M08:59:14.602","01598 08:12:02",217.85,890.11,,,,"     ",5.10,135.38,3.19
1598,539341219,"01598M08:59:15.576","01598 08:12:03",217.96,890.12,,,,"     ",5.10,135.36,3.19
1598,539341220,"01598M08:59:16.549","01598 08:12:04",218.05,890.09,,,,"     ",5.10,135.71,3.20
1598,539341221,"01598M08:59:17.522","01598 08:12:05",218.11,890.09,,,,"     ",5.10,135.68,3.19
1598,539341222,"01598M08:59:18.495","01598 08:12:06",218.14,890.13,,,,"     ",5.10,136.40,3.21
1598,539341223,"01598M08:59:19.469","01598 08:12:06",218.17,890.11,,,,"     ",5.10,137.28,3.23
1598,539341224,"01598M08:59:20.442","01598 08:12:07",218.19,890.04,,,,"     ",5.10,135.43,3.18
1598,539341225,"01598M08:59:21.415","01598 08:12:08",218.19,890.09,,,,"     ",5.10,136.81,3.21
1598,539341226,"01598M08:59:22.388","01598 08:12:09",218.19,890.03,,,,"     ",5.10,136.41,3.20
1598,539341227,"01598M08:59:23.362","01598 08:12:10",218.18,890.16,,,,"     ",5.10,136.64,3.21
1598,539341228,"01598M08:59:24.335","01598 08:12:11",218.16,890.15,,,,"     ",5.10,136.67,3.20
1598,539341229,"01598M08:59:25.308","01598 08:12:12",218.15,890.17,,,,"     ",5.10,135.87,3.18
1598,539341230,"01598M08:59:26.281","01598 08:12:13",218.15,890.09,,,,"     ",5.10,136.69,3.20
1598,539341231,"01598M08:59:27.255","01598 08:12:14",218.15,890.13,,,,"     ",5.10,137.12,3.21
1598,539341232,"01598M08:59:28.228","01598 08:12:15",218.15,890.13,,,,"     ",5.10,137.05,3.21
1598,539341233,"01598M08:59:29.201","01598 08:12:16",218.16,890.10,,,,"     ",5.10,136.65,3.20
1598,539341234,"01598M08:59:30.174","01598 08:12:17",218.16,890.11,,,,"     ",5.10,136.57,3.19
1598,539341235,"01598M08:59:31.148","01598 08:12:18",218.17,890.12,,,,"     ",5.10,136.43,3.19
1598,539341236,"01598M08:59:32.121","01598 08:12:19",218.18,890.15,,,,"     ",5.10,136.54,3.19
1598,539341237,"01598M08:59:33.094","01598 08:12:20",218.20,890.09,,,,"     ",5.10,136.53,3.18
1598,539341238,"01598M08:59:34.067","01598 08:12:21",218.21,890.14,,,,"     ",5.10,136.70,3.19
1598,539341239,"01598M08:59:35.041","01598 08:12:22",218.24,890.07,,,,"     ",5.10,137.88,3.21
1598,539341240,"01598M08:59:36.014","01598 08:12:23",218.27,890.05,,,,"     ",5.10,136.61,3.18
1598,539341241,"01598M08:59:36.987","01598 08:12:24",218.30,890.05,,,,"     ",5.10,137.00,3.19
1598,539341242,"01598M08:59:37.960","01598 08:12:25",218.33,890.04,,,,"     ",5.10,137.26,3.19
1598,539341243,"01598M08:59:38.934","01598 08:12:26",218.35,890.04,,,,"     ",5.10,136.85,3.18
1598,539341244,"01598M08:59:39.907","01598 08:12:27",218.39,890.07,,,,"     ",5.10,137.64,3.20
1598,539341245,"01598M08:59:40.880","01598 08:12:28",218.42,890.11,,,,"     ",5.10,137.04,3.18
1598,539341246,"01598M08:59:41.853","01598 08:12:29",218.47,890.06,,,,"     ",5.10,136.43,3.17
1598,539341247,"01598M08:59:42.827","01598 08:12:30",218.51,890.08,,,,"     ",5.10,137.43,3.19
1598,539341248,"01598M08:59:43.800","01598 08:12:31",218.55,890.05,,,,"     ",5.10,136.78,3.17
1598,539341249,"01598M08:59:44.773","01598 08:12:32",218.57,890.07,,,,"     ",5.10,136.79,3.17
1598,539341250,"01598M08:59:45.746","01598 08:12:33",218.58,890.00,,,,"     ",5.10,137.13,3.18
1598,539341251,"01598M08:59:46.720","01598 08:12:34",218.58,890.03,,,,"     ",5.10,137.21,3.17
1598,539341252,"01598M08:59:47.693","01598 08:12:35",218.58,890.02,,,,"     ",5.10,136.15,3.15
1598,539341253,"01598M08:59:48.666","01598 08:12:36",218.57,890.05,,,,"     ",5.10,136.40,3.15
1598,539341254,"01598M08:59:49.639","01598 08:12:37",218.56,890.08,,,,"     ",5.10,137.60,3.18
1598,539341255,"01598M08:59:50.613","01598 08:12:38",218.55,890.03,,,,"     ",5.10,137.69,3.18
1598,539341256,"01598M08:59:51.586","01598 08:12:39",218.54,890.04,,,,"     ",5.10,137.67,3.18
1598,539341257,"01598M08:59:52.559","01598 08:12:40",218.54,890.08,,,,"     ",5.10,136.60,3.15
1598,539341258,"01598M08:59:53.532","01598 08:12:41",218.56,890.02,,,,"     ",5.10,137.88,3.18
1598,539341259,"01598M08:59:54.506","01598 08:12:42",218.59,889.96,,,,"     ",5.10,138.21,3.18
1598,539341260,"01598M08:59:55.479","01598 08:12:42",218.63,889.89,,,,"     ",5.10,138.51,3.19
1598,539341261,"01598M08:59:56.452","01598 08:12:43",218.67,889.96,,,,"     ",5.10,136.82,3.15
1598,539341262,"01598M08:59:57.425","01598 08:12:44",218.71,889.90,,,,"     ",5.10,137.43,3.16
1598,539341263,"01598M08:59:58.399","01598 08:12:45",218.75,890.01,,,,"     ",5.10,137.57,3.16
1598,539341264,"01598M08:59:59.372","01598 08:12:46",218.78,889.99,,,,"     ",5.10,137.53,3.16
1598,539341265,"01598M09:00:00.345","01598 08:12:47",218.79,889.98,,,,"     ",5.10,137.91,3.17
1598,539341266,"01598M09:00:01.318","01598 08:12:48",218.79,890.00,,,,"     ",5.10,137.77,3.16
1598,539341267,"01598M09:00:02.292","01598 08:12:49",218.78,890.04,,,,"     ",5.10,137.32,3.15
1598,539341268,"01598M09:00:03.265","01598 08:12:50",218.76,889.90,,,,"     ",5.10,137.25,3.14
1598,539341269,"01598M09:00:04.238","01598 08:12:51",218.73,889.87,,,,"     ",5.10,138.71,3.18
1598,539341270,"01598M09:00:05.211","01598 08:12:52",218.72,889.84,,,,"     ",5.10,137.20,3.14
1598,539341271,"01598M09:00:06.185","01598 08:12:53",218.71,889.94,,,,"     ",5.10,137.98,3.15
1598,539341272,"01598M09:00:07.158","01598 08:12:54",218.70,889.98,,,,"     ",5.10,138.22,3.16
1598,539341273,"01598M09:00:08.131","01598 08:12:55",218.68,889.90,,,,"     ",5.10,137.59,3.14
1598,539341274,"01598M09:00:09.104","01598 08:12:56",218.67,889.93,,,,"     ",5.10,137.32,3.13
1598,539341275,"01598M09:00:10.078","01598 08:12:57",218.66,889.96,,,,"     ",5.10,137.89,3.14
1598,539341276,"01598M09:00:11.051","01598 08:12:58",218.65,889.93,,,,"     ",5.10,138.70,3.16
1598,539341277,"01598M09:00:12.024","01598 08:12:59",218.65,890.03,,,,"     ",5.10,136.99,3.12
1598,539341278,"01598M09:00:12.997","01598 08:13:00",218.66,889.90,,,,"     ",5.10,138.26,3.15
1598,539341279,"01598M09:00:13.971","01598 08:13:01",218.67,889.92,,,,"     ",5.10,139.09,3.16
1598,539341280,"01598M09:00:14.944","01598 08:13:02",218.69,889.87,,,,"     ",5.10,139.05,3.16
1598,539341281,"01598M09:00:15.917","01598 08:13:03",218.70,889.85,,,,"     ",5.10,138.98,3.16
1598,539341282,"01598M09:00:16.891","01598 08:13:04",218.69,889.88,,,,"     ",5.10,138.58,3.15
1598,539341283,"01598M09:00:17.864","01598 08:13:05",218.68,889.79,,,,"     ",5.10,138.42,3.14
1598,539341284,"01598M09:00:18.837","01598 08:13:06",218.67,889.78,,,,"     ",5.10,138.45,3.14
1598,539341285,"01598M09:00:19.810","01598 08:13:07",218.65,889.82,,,,"     ",5.10,139.64,3.17
1598,539341286,"01598M09:00:20.784","01598 08:13:08",218.64,889.76,,,,"     ",5.10,139.17,3.15
1598,539341287,"01598M09:00:21.757","01598 08:13:09",218.63,889.83,,,,"     ",5.10,138.13,3.12
1598,539341288,"01598M09:00:22.730","01598 08:13:10",218.63,889.78,,,,"     ",5.10,138.66,3.13
1598,539341289,"01598M09:00:23.703","01598 08:13:11",218.62,889.89,,,,"     ",5.10,138.95,3.14
1598,539341290,"01598M09:00:24.677","01598 08:13:12",218.62,889.83,,,,"     ",5.10,138.66,3.13
1598,539341291,"01598M09:00:25.650","01598 08:13:13",218.61,889.80,,,,"     ",5.10,138.05,3.11
1598,539341292,"01598M09:00:26.623","01598 08:13:14",218.58,889.78,,,,"     ",5.10,138.75,3.13
1598,539341293,"01598M09:00:27.596","01598 08:13:15",218.54,889.84,,,,"     ",5.10,138.81,3.13
1598,539341294,"01598M09:00:28.570","01598 08:13:16",218.48,889.83,,,,"     ",5.10,139.40,3.14
1598,539341295,"01598M09:00:29.543","01598 08:13:17",218.44,889.80,,,,"     ",5.10,139.92,3.15
1598,539341296,"01598M09:00:30.516","01598 08:13:18",218.39,889.77,,,,"     ",5.10,138.61,3.12
1598,539341297,"01598M09:00:31.489","01598 08:13:18",218.36,889.81,,,,"     ",5.10,139.42,3.13
1598,539341298,"01598M09:00:32.463","01598 08:13:19",218.35,889.81,,,,"     ",5.10,140.30,3.15
1598,539341299,"01598M09:00:33.436","01598 08:13:20",218.36,889.69,,,,"     ",5.10,140.21,3.15
1598,539341300,"01598M09:00:34.409","01598 08:13:21",218.37,889.81,,,,"     ",5.10,138.56,3.11
1598,539341301,"01598M09:00:35.382","01598 08:13:22",218.40,889.71,,,,"     ",5.10,140.11,3.14
1598,539341302,"01598M09:00:36.356","01598 08:13:23",218.42,889.67,,,,"     ",5.10,140.55,3.15
1598,539341303,"01598M09:00:37.329","01598 08:13:24",218.43,889.76,,,,"     ",5.10,139.25,3.12
1598,539341304,"01598M09:00:38.302","01598 08:13:25",218.45,889.78,,,,"     ",5.10,139.85,3.13
1598,539341305,"01598M09:00:39.275","01598 08:13:26",218.47,889.72,,,,"     ",5.10,140.44,3.15
1598,539341306,"01598M09:00:40.249","01598 08:13:27",218.49,889.77,,,,"     ",5.10,139.98,3.13
1598,539341307,"01598M09:00:41.222","01598 08:13:28",218.52,889.76,,,,"     ",5.10,140.29,3.14
1598,539341308,"01598M09:00:42.195","01598 08:13:29",218.53,889.81,,,,"     ",5.10,139.25,3.11
1598,539341309,"01598M09:00:43.168","01598 08:13:30",218.55,889.78,,,,"     ",5.10,139.40,3.12
1598,539341310,"01598M09:00:44.142","01598 08:13:31",218.56,889.78,,,,"     ",5.10,139.16,3.11
1598,539341311,"01598M09:00:45.115","01598 08:13:32",218.57,889.78,,,,"     ",5.10,140.65,3.14
1598,539341312,"01598M09:00:46.088","01598 08:13:33",218.59,889.72,,,,"     ",5.10,140.53,3.14
1598,539341313,"01598M09:00:47.061","01598 08:13:34",218.61,889.70,,,,"     ",5.10,141.24,3.15
1598,539341314,"01598M09:00:48.035","01598 08:13:35",218.63,889.76,,,,"     ",5.10,139.02,3.10
1598,539341315,"01598M09:00:49.008","01598 08:13:36",218.64,889.85,,,,"     ",5.10,140.78,3.14
1598,539341316,"01598M09:00:49.981","01598 08:13:37",218.66,889.84,,,,"     ",5.10,139.47,3.11
1598,539341317,"01598M09:00:50.954","01598 08:13:38",218.68,889.80,,,,"     ",5.10,139.27,3.10
1598,539341318,"01598M09:00:51.928","01598 08:13:39",218.71,889.77,,,,"     ",5.10,140.00,3.12
1598,539341319,"01598M09:00:52.901","01598 08:13:40",218.73,889.79,,,,"     ",5.10,140.22,3.12
1598,539341320,"01598M09:00:53.874","01598 08:13:41",218.76,889.79,,,,"     ",5.10,139.45,3.10
1598,539341321,"01598M09:00:54.847","01598 08:13:42",218.78,889.72,,,,"     ",5.10,139.34,3.10
1598,539341322,"01598M09:00:55.821","01598 08:13:43",218.82,889.75,,,,"     ",5.10,139.82,3.11
1598,539341323,"01598M09:00:56.794","01598 08:13:44",218.85,889.77,,,,"     ",5.10,140.91,3.13
1598,539341324,"01598M09:00:57.767","01598 08:13:45",218.88,889.78,,,,"     ",5.10,140.06,3.11
1598,539341325,"01598M09:00:58.740","01598 08:13:46",218.92,889.78,,,,"     ",5.10,141.33,3.14
1598,539341326,"01598M09:00:59.714","01598 08:13:47",218.97,889.71,,,,"     ",5.10,140.21,3.11
1598,539341327,"01598M09:01:00.687","01598 08:13:48",218.99,889.68,,,,"     ",5.10,140.87,3.13
1598,539341328,"01598M09:01:01.660","01598 08:13:49",219.00,889.72,,,,"     ",5.10,139.87,3.11
1598,539341329,"01598M09:01:02.633","01598 08:13:50",219.02,889.74,,,,"     ",5.10,140.47,3.12
1598,539341330,"01598M09:01:03.607","01598 08:13:51",219.03,889.66,,,,"     ",5.10,140.13,3.11
1598,539341331,"01598M09:01:04.580","01598 08:13:52",219.05,889.68,,,,"     ",5.10,141.46,3.14
1598,539341332,"01598M09:01:05.553","01598 08:13:53",219.07,889.65,,,,"     ",5.10,140.64,3.12
1598,539341333,"01598M09:01:06.526","01598 08:13:54",219.08,889.69,,,,"     ",5.10,140.17,3.10
1598,539341334,"01598M09:01:07.500","01598 08:13:54",219.09,889.70,,,,"     ",5.10,139.97,3.10
1598,539341335,"01598M09:01:08.473","01598 08:13:55",219.11,889.69,,,,"     ",5.10,141.87,3.14
1598,539341336,"01598M09:01:09.446","01598 08:13:56",219.13,889.66,,,,"     ",5.10,141.46,3.13
1598,539341337,"01598M09:01:10.419","01598 08:13:57",219.14,889.67,,,,"     ",5.10,140.12,3.10
1598,539341338,"01598M09:01:11.393","01598 08:13:58",219.16,889.71,,,,"     ",5.10,141.68,3.13
1598,539341339,"01598M09:01:12.366","01598 08:13:59",219.17,889.71,,,,"     ",5.10,142.06,3.14
1598,539341340,"01598M09:01:13.339","01598 08:14:00",219.18,889.56,,,,"     ",5.10,141.03,3.11
1598,539341341,"01598M09:01:14.312","01598 08:14:01",219.18,889.66,,,,"     ",5.10,141.04,3.11
1598,539341342,"01598M09:01:15.286","01598 08:14:02",219.18,889.66,,,,"     ",5.10,141.42,3.12
1598,539341343,"01598M09:01:16.259","01598 08:14:03",219.19,889.63,,,,"     ",5.10,141.22,3.11
1598,539341344,"01598M09:01:17.232","01598 08:14:04",219.20,889.67,,,,"     ",5.10,141.12,3.11
1598,539341345,"01598M09:01:18.205","01598 08:14:05",219.21,889.66,,,,"     ",5.10,141.49,3.12
1598,539341346,"01598M09:01:19.179","01598 08:14:06",219.21,889.76,,,,"     ",5.10,141.79,3.12
1598,539341347,"01598M09:01:20.152","01598 08:14:07",219.20,889.77,,,,"     ",5.10,142.46,3.14
1598,539341348,"01598M09:01:21.125","01598 08:14:08",219.19,889.63,,,,"     ",5.10,141.15,3.10
1598,539341349,"01598M09:01:22.098","01598 08:14:09",219.17,889.73,,,,"     ",5.10,141.54,3.11
1598,539341350,"01598M09:01:23.072","01598 08:14:10",219.16,889.67,,,,"     ",5.10,142.43,3.13
1598,539341351,"01598M09:01:24.045","01598 08:14:11",219.14,889.59,,,,"     ",5.10,140.93,3.09
1598,539341352,"01598M09:01:25.018","01598 08:14:12",219.14,889.57,,,,"     ",5.10,142.01,3.12
1598,539341353,"01598M09:01:25.992","01598 08:14:13",219.14,889.50,,,,"     ",5.10,142.29,3.12
1598,539341354,"01598M09:01:26.965","01598 08:14:14",219.15,889.56,,,,"     ",5.10,141.65,3.10
1598,539341355,"01598M09:01:27.938","01598 08:14:15",219.17,889.60,,,,"     ",5.10,142.09,3.11
1598,539341356,"01598M09:01:28.911","01598 08:14:16",219.20,889.53,,,,"     ",5.10,142.25,3.12
1598,539341357,"01598M09:01:29.885","01598 08:14:17",219.22,889.55,,,,"     ",5.10,141.91,3.10
1598,539341358,"01598M09:01:30.858","01598 08:14:18",219.23,889.60,,,,"     ",5.10,142.11,3.11
1598,539341359,"01598M09:01:31.831","01598 08:14:19",219.22,889.62,,,,"     ",5.10,141.86,3.10
1598,539341360,"01598M09:01:32.804","01598 08:14:20",219.20,889.48,,,,"     ",5.10,141.57,3.09
1598,539341361,"01598M09:01:33.778","01598 08:14:21",219.17,889.53,,,,"     ",5.10,142.18,3.10
1598,539341362,"01598M09:01:34.751","01598 08:14:22",219.14,889.64,,,,"     ",5.10,142.50,3.11
1598,539341363,"01598M09:01:35.724","01598 08:14:23",219.10,889.61,,,,"     ",5.10,142.65,3.11
1598,539341364,"01598M09:01:36.697","01598 08:14:24",219.05,889.58,,,,"     ",5.10,141.93,3.09
1598,539341365,"01598M09:01:37.671","01598 08:14:25",218.99,889.64,,,,"     ",5.10,142.46,3.10
1598,539341366,"01598M09:01:38.644","01598 08:14:26",218.93,889.61,,,,"     ",5.10,142.62,3.11
1598,539341367,"01598M09:01:39.617","01598 08:14:27",218.89,889.58,,,,"     ",5.10,143.19,3.12
1598,539341368,"01598M09:01:40.590","01598 08:14:28",218.86,889.58,,,,"     ",5.10,142.79,3.11
1598,539341369,"01598M09:01:41.564","01598 08:14:29",218.84,889.60,,,,"     ",5.10,142.59,3.10
1598,539341370,"01598M09:01:42.537","01598 08:14:30",218.84,889.62,,,,"     ",5.10,143.06,3.11
1598,539341371,"01598M09:01:43.510","01598 08:14:30",218.86,889.54,,,,"     ",5.10,142.32,3.09
1598,539341372,"01598M09:01:44.483","01598 08:14:31",218.89,889.55,,,,"     ",5.10,142.22,3.09
1598,539341373,"01598M09:01:45.457","01598 08:14:32",218.91,889.55,,,,"     ",5.10,144.03,3.13
1598,539341374,"01598M09:01:46.430","01598 08:14:33",218.94,889.56,,,,"     ",5.10,142.80,3.10
1598,539341375,"01598M09:01:47.403","01598 08:14:34",218.95,889.56,,,,"     ",5.10,143.51,3.11
1598,539341376,"01598M09:01:48.376","01598 08:14:35",218.96,889.56,,,,"     ",5.10,142.68,3.09
1598,539341377,"01598M09:01:49.350","01598 08:14:36",218.95,889.58,,,,"     ",5.10,142.19,3.08
1598,539341378,"01598M09:01:50.323","01598 08:14:37",218.93,889.51,,,,"     ",5.10,143.44,3.10
1598,539341379,"01598M09:01:51.296","01598 08:14:38",218.91,889.54,,,,"     ",5.10,144.31,3.12
1598,539341380,"01598M09:01:52.269","01598 08:14:39",218.88,889.59,,,,"     ",5.10,143.13,3.09
1598,539341381,"01598M09:01:53.243","01598 08:14:40",218.87,889.63,,,,"     ",5.10,143.37,3.10
1598,539341382,"01598M09:01:54.216","01598 08:14:41",218.85,889.64,,,,"     ",5.10,143.53,3.10
1598,539341383,"01598M09:01:55.189","01598 08:14:42",218.86,889.57,,,,"     ",5.10,143.99,3.11
1598,539341384,"01598M09:01:56.162","01598 08:14:43",218.88,889.57,,,,"     ",5.10,144.00,3.11
1598,539341385,"01598M09:01:57.136","01598 08:14:44",218.91,889.56,,,,"     ",5.10,142.93,3.08
1598,539341386,"01598M09:01:58.109","01598 08:14:45",218.94,889.49,,,,"     ",5.10,143.72,3.10
1598,539341387,"01598M09:01:59.082","01598 08:14:46",218.96,889.53,,,,"     ",5.10,144.85,3.12
1598,539341388,"01598M09:02:00.055","01598 08:14:47",218.97,889.52,,,,"     ",5.10,143.50,3.09
1598,539341389,"01598M09:02:01.029","01598 08:14:48",218.97,889.55,,,,"     ",5.10,144.79,3.11
1598,539341390,"01598M09:02:02.002","01598 08:14:49",218.95,889.48,,,,"     ",5.10,144.06,3.10
1598,539341391,"01598M09:02:02.975","01598 08:14:50",218.91,889.52,,,,"     ",5.10,144.51,3.10
1598,539341392,"01598M09:02:03.948","01598 08:14:51",218.86,889.49,,,,"     ",5.10,144.93,3.11
1598,539341393,"01598M09:02:04.922","01598 08:14:52",218.80,889.55,,,,"     ",5.10,144.89,3.11
1598,539341394,"01598M09:02:05.895","01598 08:14:53",218.73,889.53,,,,"     ",5.10,144.60,3.10
1598,539341395,"01598M09:02:06.868","01598 08:14:54",218.66,889.55,,,,"     ",5.10,144.20,3.09
1598,539341396,"01598M09:02:07.841","01598 08:14:55",218.60,889.56,,,,"     ",5.10,144.53,3.10
1598,539341397,"01598M09:02:08.815","01598 08:14:56",218.55,889.57,,,,"     ",5.10,144.25,3.09
1598,539341398,"01598M09:02:09.788","01598 08:14:57",218.51,889.48,,,,"     ",5.10,144.41,3.09
1598,539341399,"01598M09:02:10.761","01598 08:14:58",218.49,889.48,,,,"     ",5.10,144.72,3.10
1598,539341400,"01598M09:02:11.734","01598 08:14:59",218.48,889.44,,,,"     ",5.10,145.23,3.10
1598,539341401,"01598M09:02:12.708","01598 08:15:00",218.50,889.48,,,,"     ",5.10,145.35,3.10
1598,539341402,"01598M09:02:13.681","01598 08:15:01",218.54,889.49,,,,"     ",5.10,145.40,3.11
1598,539341403,"01598M09:02:14.654","01598 08:15:02",218.58,889.52,,,,"     ",5.10,145.35,3.10
1598,539341404,"01598M09:02:15.627","01598 08:15:03",218.64,889.53,,,,"     ",5.10,145.10,3.10
1598,539341405,"01598M09:02:16.601","01598 08:15:04",218.70,889.53,,,,"     ",5.10,144.23,3.07
1598,539341406,"01598M09:02:17.574","01598 08:15:05",218.73,889.45,,,,"     ",5.10,145.32,3.10
1598,539341407,"01598M09:02:18.547","01598 08:15:06",218.76,889.40,,,,"     ",5.10,145.61,3.10
1598,539341408,"01598M09:02:19.520","01598 08:15:07",218.79,889.39,,,,"     ",5.10,145.30,3.09
1598,539341409,"01598M09:02:20.494","01598 08:15:07",218.80,889.42,,,,"     ",5.10,145.90,3.10
1598,539341410,"01598M09:02:21.467","01598 08:15:08",218.80,889.42,,,,"     ",5.10,144.98,3.08
1598,539341411,"01598M09:02:22.440","01598 08:15:09",218.80,889.45,,,,"     ",5.10,145.54,3.09
1598,539341412,"01598M09:02:23.413","01598 08:15:10",218.79,889.34,,,,"     ",5.10,145.76,3.10
1598,539341413,"01598M09:02:24.387","01598 08:15:11",218.77,889.38,,,,"     ",5.10,145.37,3.09
1598,539341414,"01598M09:02:25.360","01598 08:15:12",218.74,889.33,,,,"     ",5.10,145.83,3.09
1598,539341415,"01598M09:02:26.333","01598 08:15:13",218.72,889.45,,,,"     ",5.10,146.31,3.10
1598,539341416,"01598M09:02:27.306","01598 08:15:14",218.71,889.36,,,,"     ",5.10,146.64,3.11
1598,539341417,"01598M09:02:28.280","01598 08:15:15",218.69,889.39,,,,"     ",5.10,146.14,3.10
1598,539341418,"01598M09:02:29.253","01598 08:15:16",218.69,889.43,,,,"     ",5.10,145.92,3.09
1598,539341419,"01598M09:02:30.226","01598 08:15:17",218.69,889.45,,,,"     ",5.10,146.42,3.10
1598,539341420,"01598M09:02:31.199","01598 08:15:18",218.70,889.39,,,,"     ",5.10,144.75,3.06
1598,539341421,"01598M09:02:32.173","01598 08:15:19",218.73,889.30,,,,"     ",5.10,146.56,3.10
1598,539341422,"01598M09:02:33.146","01598 08:15:20",218.76,889.40,,,,"     ",5.10,146.88,3.10
1598,539341423,"01598M09:02:34.119","01598 08:15:21",218.79,889.40,,,,"     ",5.10,146.13,3.09
1598,539341424,"01598M09:02:35.093","01598 08:15:22",218.83,889.34,,,,"     ",5.10,146.09,3.08
1598,539341425,"01598M09:02:36.066","01598 08:15:23",218.86,889.30,,,,"     ",5.10,146.21,3.08
1598,539341426,"01598M09:02:37.039","01598 08:15:24",218.88,889.34,,,,"     ",5.10,146.93,3.10
1598,539341427,"01598M09:02:38.012","01598 08:15:25",218.90,889.31,,,,"     ",5.10,146.14,3.08
1598,539341428,"01598M09:02:38.986","01598 08:15:26",218.92,889.25,,,,"     ",5.10,146.96,3.09
1598,539341429,"01598M09:02:39.959","01598 08:15:27",218.93,889.24,,,,"     ",5.10,147.45,3.10
1598,539341430,"01598M09:02:40.932","01598 08:15:28",218.95,889.24,,,,"     ",5.10,147.66,3.11
1598,539341431,"01598M09:02:41.905","01598 08:15:29",218.98,889.30,,,,"     ",5.10,147.47,3.10
1598,539341432,"01598M09:02:42.879","01598 08:15:30",219.01,889.21,,,,"     ",5.10,146.21,3.07
1598,539341433,"01598M09:02:43.852","01598 08:15:31",219.05,889.32,,,,"     ",5.10,147.46,3.10
1598,539341434,"01598M09:02:44.825","01598 08:15:32",219.07,889.38,,,,"     ",5.10,147.03,3.09
1598,539341435,"01598M09:02:45.798","01598 08:15:33",219.08,889.34,,,,"     ",5.10,146.69,3.08
1598,539341436,"01598M09:02:46.772","01598 08:15:34",219.09,889.36,,,,"     ",5.10,146.76,3.08
1598,539341437,"01598M09:02:47.745","01598 08:15:35",219.09,889.24,,,,"     ",5.10,146.15,3.06
1598,539341438,"01598M09:02:48.718","01598 08:15:36",219.09,889.28,,,,"     ",5.10,146.35,3.07
1598,539341439,"01598M09:02:49.691","01598 08:15:37",219.10,889.12,,,,"     ",5.10,147.64,3.09
1598,539341440,"01598M09:02:50.665","01598 08:15:38",219.11,889.18,,,,"     ",5.10,147.03,3.08
1598,539341441,"01598M09:02:51.638","01598 08:15:39",219.13,889.25,,,,"     ",5.10,146.98,3.07
1598,539341442,"01598M09:02:52.611","01598 08:15:40",219.17,889.29,,,,"     ",5.10,146.87,3.07
1598,539341443,"01598M09:02:53.584","01598 08:15:41",219.22,889.25,,,,"     ",5.10,147.75,3.09
1598,539341444,"01598M09:02:54.558","01598 08:15:42",219.27,889.19,,,,"     ",5.10,147.09,3.07
1598,539341445,"01598M09:02:55.531","01598 08:15:43",219.33,889.22,,,,"     ",5.10,147.40,3.08
1598,539341446,"01598M09:02:56.504","01598 08:15:43",219.40,889.20,,,,"     ",5.10,148.46,3.10
1598,539341447,"01598M09:02:57.477","01598 08:15:44",219.45,889.30,,,,"     ",5.10,148.70,3.10
1598,539341448,"01598M09:02:58.451","01598 08:15:45",219.49,889.23,,,,"     ",5.10,146.55,3.05
1598,539341449,"01598M09:02:59.424","01598 08:15:46",219.50,889.21,,,,"     ",5.10,147.16,3.06
1598,539341450,"01598M09:03:00.397","01598 08:15:47",219.50,889.20,,,,"     ",5.10,145.99,3.04
1598,539341451,"01598M09:03:01.370","01598 08:15:48",219.48,889.19,,,,"     ",5.10,146.88,3.05
1598,539341452,"01598M09:03:02.344","01598 08:15:49",219.45,889.23,,,,"     ",5.10,146.88,3.05
1598,539341453,"01598M09:03:03.317","01598 08:15:50",219.40,889.27,,,,"     ",5.10,147.57,3.07
1598,539341454,"01598M09:03:04.290","01598 08:15:51",219.35,889.24,,,,"     ",5.10,147.71,3.07
1598,539341455,"01598M09:03:05.263","01598 08:15:52",219.31,889.21,,,,"     ",5.10,147.35,3.06
1598,539341456,"01598M09:03:06.237","01598 08:15:53",219.29,889.20,,,,"     ",5.10,146.83,3.05
1598,539341457,"01598M09:03:07.210","01598 08:15:54",219.29,889.22,,,,"     ",5.10,147.48,3.06
1598,539341458,"01598M09:03:08.183","01598 08:15:55",219.32,889.12,,,,"     ",5.10,147.34,3.05
1598,539341459,"01598M09:03:09.156","01598 08:15:56",219.37,889.21,,,,"     ",5.10,147.93,3.06
1598,539341460,"01598M09:03:10.130","01598 08:15:57",219.45,889.15,,,,"     ",5.10,146.96,3.04
1598,539341461,"01598M09:03:11.103","01598 08:15:58",219.54,889.18,,,,"     ",5.10,147.88,3.06
1598,539341462,"01598M09:03:12.076","01598 08:15:59",219.64,889.19,,,,"     ",5.10,147.67,3.05
1598,539341463,"01598M09:03:13.049","01598 08:16:00",219.75,889.08,,,,"     ",5.10,147.30,3.04
1598,539341464,"01598M09:03:14.023","01598 08:16:01",219.84,889.15,,,,"     ",5.10,147.88,3.06
1598,539341465,"01598M09:03:14.996","01598 08:16:02",219.91,889.22,,,,"     ",5.10,147.16,3.04
1598,539341466,"01598M09:03:15.969","01598 08:16:03",219.96,889.21,,,,"     ",5.10,147.15,3.04
1598,539341467,"01598M09:03:16.942","01598 08:16:04",219.98,889.18,,,,"     ",5.10,147.35,3.04
1598,539341468,"01598M09:03:17.916","01598 08:16:05",220.00,889.19,,,,"     ",5.10,148.04,3.05
1598,539341469,"01598M09:03:18.889","01598 08:16:06",220.00,889.15,,,,"     ",5.10,147.28,3.03
1598,539341470,"01598M09:03:19.862","01598 08:16:07",220.00,889.16,,,,"     ",5.10,147.60,3.04
1598,539341471,"01598M09:03:20.835","01598 08:16:08",219.98,889.10,,,,"     ",5.10,146.34,3.01
1598,539341472,"01598M09:03:21.809","01598 08:16:09",219.96,889.18,,,,"     ",5.10,147.50,3.03
1598,539341473,"01598M09:03:22.782","01598 08:16:10",219.93,889.18,,,,"     ",5.10,147.66,3.04
1598,539341474,"01598M09:03:23.755","01598 08:16:11",219.90,889.19,,,,"     ",5.10,147.42,3.03
1598,539341475,"01598M09:03:24.728","01598 08:16:12",219.87,889.13,,,,"     ",5.10,147.94,3.04
1598,539341476,"01598M09:03:25.702","01598 08:16:13",219.85,889.11,,,,"     ",5.10,148.70,3.05
1598,539341477,"01598M09:03:26.675","01598 08:16:14",219.84,889.10,,,,"     ",5.10,148.09,3.04
1598,539341478,"01598M09:03:27.648","01598 08:16:15",219.84,889.13,,,,"     ",5.10,148.23,3.04
1598,539341479,"01598M09:03:28.621","01598 08:16:16",219.85,889.18,,,,"     ",5.10,148.37,3.04
1598,539341480,"01598M09:03:29.595","01598 08:16:17",219.86,889.13,,,,"     ",5.10,148.17,3.04
1598,539341481,"01598M09:03:30.568","01598 08:16:18",219.88,889.11,,,,"     ",5.10,149.05,3.05
1598,539341482,"01598M09:03:31.541","01598 08:16:19",219.88,889.10,,,,"     ",5.10,148.65,3.04
1598,539341483,"01598M09:03:32.514","01598 08:16:19",219.87,889.07,,,,"     ",5.10,147.65,3.02
1598,539341484,"01598M09:03:33.488","01598 08:16:20",219.86,889.16,,,,"     ",5.10,147.68,3.02
1598,539341485,"01598M09:03:34.461","01598 08:16:21",219.85,889.02,,,,"     ",5.10,148.65,3.04
1598,539341486,"01598M09:03:35.434","01598 08:16:22",219.84,889.04,,,,"     ",5.10,147.88,3.02
1598,539341487,"01598M09:03:36.407","01598 08:16:23",219.83,889.11,,,,"     ",5.10,147.29,3.01
1598,539341488,"01598M09:03:37.381","01598 08:16:24",219.83,888.99,,,,"     ",5.10,148.49,3.03
1598,539341489,"01598M09:03:38.354","01598 08:16:25",219.81,889.03,,,,"     ",5.10,147.49,3.01
1598,539341490,"01598M09:03:39.327","01598 08:16:26",219.76,888.99,,,,"     ",5.10,148.81,3.03
1598,539341491,"01598M09:03:40.300","01598 08:16:27",219.71,889.07,,,,"     ",5.10,147.41,3.00
1598,539341492,"01598M09:03:41.274","01598 08:16:28",219.64,889.08,,,,"     ",5.10,148.47,3.02
1598,539341493,"01598M09:03:42.247","01598 08:16:29",219.58,889.09,,,,"     ",5.10,148.21,3.02
1598,539341494,"01598M09:03:43.220","01598 08:16:30",219.53,889.05,,,,"     ",5.10,148.67,3.02
1598,539341495,"01598M09:03:44.194","01598 08:16:31",219.50,889.08,,,,"     ",5.10,148.38,3.02
1598,539341496,"01598M09:03:45.167","01598 08:16:32",219.50,888.99,,,,"     ",5.10,148.24,3.01
1598,539341497,"01598M09:03:46.140","01598 08:16:33",219.52,889.02,,,,"     ",5.10,148.70,3.02
1598,539341498,"01598M09:03:47.113","01598 08:16:34",219.56,889.03,,,,"     ",5.10,147.75,3.00
1598,539341499,"01598M09:03:48.087","01598 08:16:35",219.59,888.98,,,,"     ",5.10,148.66,3.02
1598,539341500,"01598M09:03:49.060","01598 08:16:36",219.62,888.99,,,,"     ",5.10,148.28,3.01
1598,539341501,"01598M09:03:50.033","01598 08:16:37",219.64,889.01,,,,"     ",5.10,149.63,3.03
1598,539341502,"01598M09:03:51.006","01598 08:16:38",219.63,889.05,,,,"     ",5.10,147.71,2.99
1598,539341503,"01598M09:03:51.980","01598 08:16:39",219.61,888.98,,,,"     ",5.10,148.44,3.01
1598,539341504,"01598M09:03:52.953","01598 08:16:40",219.58,888.99,,,,"     ",5.10,147.08,2.98
1598,539341505,"01598M09:03:53.926","01598 08:16:41",219.53,888.93,,,,"     ",5.10,148.59,3.01
1598,539341506,"01598M09:03:54.899","01598 08:16:42",219.47,888.94,,,,"     ",5.10,147.38,2.98
1598,539341507,"01598M09:03:55.873","01598 08:16:43",219.42,888.94,,,,"     ",5.10,147.57,2.98
1598,539341508,"01598M09:03:56.846","01598 08:16:44",219.35,888.95,,,,"     ",5.10,147.59,2.98
1598,539341509,"01598M09:03:57.819","01598 08:16:45",219.28,888.90,,,,"     ",5.10,148.45,3.00
1598,539341510,"01598M09:03:58.792","01598 08:16:46",219.23,888.97,,,,"     ",5.10,148.67,3.00
1598,539341511,"01598M09:03:59.766","01598 08:16:47",219.18,888.96,,,,"     ",5.10,149.12,3.01
1598,539341512,"01598M09:04:00.739","01598 08:16:48",219.16,888.88,,,,"     ",5.10,148.35,3.00
1598,539341513,"01598M09:04:01.712","01598 08:16:49",219.16,888.86,,,,"     ",5.10,148.43,3.00
1598,539341514,"01598M09:04:02.685","01598 08:16:50",219.19,888.89,,,,"     ",5.10,147.81,2.98
1598,539341515,"01598M09:04:03.659","01598 08:16:51",219.23,888.92,,,,"     ",5.10,147.79,2.98
1598,539341516,"01598M09:04:04.632","01598 08:16:52",219.28,889.00,,,,"     ",5.10,148.57,3.00
1598,539341517,"01598M09:04:05.605","01598 08:16:53",219.33,888.91,,,,"     ",5.10,147.46,2.97
1598,539341518,"01598M09:04:06.578","01598 08:16:54",219.36,888.96,,,,"     ",5.10,148.01,2.98
1598,539341519,"01598M09:04:07.552","01598 08:16:55",219.39,888.96,,,,"     ",5.10,148.85,3.00
1598,539341520,"01598M09:04:08.525","01598 08:16:55",219.38,889.00,,,,"     ",5.10,148.16,2.99
1598,539341521,"01598M09:04:09.498","01598 08:16:56",219.37,888.89,,,,"     ",5.10,147.93,2.98
1598,539341522,"01598M09:04:10.471","01598 08:16:57",219.33,888.99,,,,"     ",5.10,147.42,2.97
1598,539341523,"01598M09:04:11.445","01598 08:16:58",219.29,888.96,,,,"     ",5.10,148.08,2.98
1598,539341524,"01598M09:04:12.418","01598 08:16:59",219.24,888.98,,,,"     ",5.10,147.87,2.98
1598,539341525,"01598M09:04:13.391","01598 08:17:00",219.21,888.90,,,,"     ",5.10,148.42,2.99
1598,539341526,"01598M09:04:14.364","01598 08:17:01",219.18,888.88,,,,"     ",5.10,147.82,2.98
1598,539341527,"01598M09:04:15.338","01598 08:17:02",219.16,888.92,,,,"     ",5.10,148.30,2.99
1598,539341528,"01598M09:04:16.311","01598 08:17:03",219.14,888.87,,,,"     ",5.10,148.65,2.99
1598,539341529,"01598M09:04:17.284","01598 08:17:04",219.13,888.87,,,,"     ",5.10,148.77,3.00
1598,539341530,"01598M09:04:18.257","01598 08:17:05",219.11,888.89,,,,"     ",5.10,148.88,3.00
1598,539341531,"01598M09:04:19.231","01598 08:17:06",219.09,888.92,,,,"     ",5.10,147.57,2.97
1598,539341532,"01598M09:04:20.204","01598 08:17:07",219.08,888.90,,,,"     ",5.10,148.80,2.99
1598,539341533,"01598M09:04:21.177","01598 08:17:08",219.07,888.99,,,,"     ",5.10,148.40,2.98
1598,539341534,"01598M09:04:22.150","01598 08:17:09",219.06,888.97,,,,"     ",5.10,148.94,2.99
1598,539341535,"01598M09:04:23.124","01598 08:17:10",219.06,888.93,,,,"     ",5.10,149.83,3.01
1598,539341536,"01598M09:04:24.097","01598 08:17:11",219.06,888.85,,,,"     ",5.10,149.42,3.00
1598,539341537,"01598M09:04:25.070","01598 08:17:12",219.06,888.87,,,,"     ",5.10,149.40,3.00
1598,539341538,"01598M09:04:26.043","01598 08:17:13",219.07,888.82,,,,"     ",5.10,149.01,2.99
1598,539341539,"01598M09:04:27.017","01598 08:17:14",219.08,888.87,,,,"     ",5.10,149.31,3.00
1598,539341540,"01598M09:04:27.990","01598 08:17:15",219.11,888.87,,,,"     ",5.10,148.60,2.98
1598,539341541,"01598M09:04:28.963","01598 08:17:16",219.14,888.87,,,,"     ",5.10,149.36,3.00
1598,539341542,"01598M09:04:29.936","01598 08:17:17",219.18,888.84,,,,"     ",5.10,149.10,2.99
1598,539341543,"01598M09:04:30.910","01598 08:17:18",219.24,888.76,,,,"     ",5.10,149.26,2.99
1598,539341544,"01598M09:04:31.883","01598 08:17:19",219.30,888.85,,,,"     ",5.10,149.74,3.00
1598,539341545,"01598M09:04:32.856","01598 08:17:20",219.34,888.82,,,,"     ",5.10,149.75,3.00
1598,539341546,"01598M09:04:33.829","01598 08:17:21",219.39,888.75,,,,"     ",5.10,149.66,3.00
1598,539341547,"01598M09:04:34.803","01598 08:17:22",219.41,888.82,,,,"     ",5.10,150.23,3.01
1598,539341548,"01598M09:04:35.776","01598 08:17:23",219.42,888.77,,,,"     ",5.10,150.49,3.01
1598,539341549,"01598M09:04:36.749","01598 08:17:24",219.41,888.88,,,,"     ",5.10,149.51,2.99
1598,539341550,"01598M09:04:37.722","01598 08:17:25",219.38,888.89,,,,"     ",5.10,150.87,3.02
1598,539341551,"01598M09:04:38.696","01598 08:17:26",219.35,888.89,,,,"     ",5.10,149.78,3.00
1598,539341552,"01598M09:04:39.669","01598 08:17:27",219.32,888.86,,,,"     ",5.10,149.72,2.99
1598,539341553,"01598M09:04:40.642","01598 08:17:28",219.29,888.94,,,,"     ",5.10,150.36,3.01
1598,539341554,"01598M09:04:41.615","01598 08:17:29",219.27,888.89,,,,"     ",5.10,149.11,2.98
1598,539341555,"01598M09:04:42.589","01598 08:17:30",219.25,888.83,,,,"     ",5.10,149.87,2.99
1598,539341556,"01598M09:04:43.562","01598 08:17:31",219.25,888.84,,,,"     ",5.10,150.35,3.00
1598,539341557,"01598M09:04:44.535","01598 08:17:31",219.24,888.86,,,,"     ",5.10,150.46,3.00
1598,539341558,"01598M09:04:45.508","01598 08:17:32",219.25,888.92,,,,"     ",5.10,150.10,2.99
1598,539341559,"01598M09:04:46.482","01598 08:17:33",219.27,888.90,,,,"     ",5.10,150.55,3.00
1598,539341560,"01598M09:04:47.455","01598 08:17:34",219.30,888.82,,,,"     ",5.10,149.89,2.99
1598,539341561,"01598M09:04:48.428","01598 08:17:35",219.34,888.86,,,,"     ",5.10,151.04,3.01
1598,539341562,"01598M09:04:49.401","01598 08:17:36",219.39,888.77,,,,"     ",5.10,150.47,3.00
1598,539341563,"01598M09:04:50.375","01598 08:17:37",219.43,888.75,,,,"     ",5.10,149.28,2.97
1598,539341564,"01598M09:04:51.348","01598 08:17:38",219.47,888.78,,,,"     ",5.10,151.28,3.01
1598,539341565,"01598M09:04:52.321","01598 08:17:39",219.50,888.75,,,,"     ",5.10,150.95,3.00
1598,539341566,"01598M09:04:53.295","01598 08:17:40",219.50,888.80,,,,"     ",5.10,150.62,2.99
1598,539341567,"01598M09:04:54.268","01598 08:17:41",219.49,888.79,,,,"     ",5.10,149.18,2.96
1598,539341568,"01598M09:04:55.241","01598 08:17:42",219.48,888.76,,,,"     ",5.10,151.28,3.01
1598,539341569,"01598M09:04:56.214","01598 08:17:43",219.46,888.70,,,,"     ",5.10,149.21,2.96
1598,539341570,"01598M09:04:57.188","01598 08:17:44",219.44,888.76,,,,"     ",5.10,150.28,2.98
1598,539341571,"01598M09:04:58.161","01598 08:17:45",219.43,888.74,,,,"     ",5.10,150.13,2.98
1598,539341572,"01598M09:04:59.134","01598 08:17:46",219.42,888.76,,,,"     ",5.10,151.58,3.01
1598,539341573,"01598M09:05:00.107","01598 08:17:47",219.42,888.77,,,,"     ",5.10,150.82,2.99
1598,539341574,"01598M09:05:01.081","01598 08:17:48",219.41,888.76,,,,"     ",5.10,152.29,3.02
1598,539341575,"01598M09:05:02.054","01598 08:17:49",219.40,888.84,,,,"     ",5.10,151.51,3.00
1598,539341576,"01598M09:05:03.027","01598 08:17:50",219.40,888.76,,,,"     ",5.10,150.82,2.99
1598,539341577,"01598M09:05:04.000","01598 08:17:51",219.39,888.68,,,,"     ",5.10,150.55,2.98
1598,539341578,"01598M09:05:04.974","01598 08:17:52",219.39,888.71,,,,"     ",5.10,150.02,2.97
1598,539341579,"01598M09:05:05.947","01598 08:17:53",219.40,888.72,,,,"     ",5.10,149.72,2.96
1598,539341580,"01598M09:05:06.920","01598 08:17:54",219.42,888.78,,,,"     ",5.10,149.76,2.96
1598,539341581,"01598M09:05:07.893","01598 08:17:55",219.44,888.71,,,,"     ",5.10,150.05,2.96
1598,539341582,"01598M09:05:08.867","01598 08:17:56",219.46,888.67,,,,"     ",5.10,149.48,2.95
1598,539341583,"01598M09:05:09.840","01598 08:17:57",219.48,888.72,,,,"     ",5.10,150.68,2.97
1598,539341584,"01598M09:05:10.813","01598 08:17:58",219.50,888.69,,,,"     ",5.10,150.36,2.97
1598,539341585,"01598M09:05:11.786","01598 08:17:59",219.51,888.73,,,,"     ",5.10,151.73,2.99
1598,539341586,"01598M09:05:12.760","01598 08:18:00",219.54,888.65,,,,"     ",5.10,151.64,2.99
1598,539341587,"01598M09:05:13.733","01598 08:18:01",219.57,888.66,,,,"     ",5.10,150.32,2.96
1598,539341588,"01598M09:05:14.706","01598 08:18:02",219.59,888.66,,,,"     ",5.10,150.18,2.96
1598,539341589,"01598M09:05:15.679","01598 08:18:03",219.60,888.60,,,,"     ",5.10,150.15,2.95
1598,539341590,"01598M09:05:16.653","01598 08:18:04",219.60,888.61,,,,"     ",5.10,150.00,2.95
1598,539341591,"01598M09:05:17.626","01598 08:18:05",219.59,888.60,,,,"     ",5.10,150.33,2.95
1598,539341592,"01598M09:05:18.599","01598 08:18:06",219.56,888.63,,,,"     ",5.10,150.43,2.96
1598,539341593,"01598M09:05:19.572","01598 08:18:07",219.52,888.65,,,,"     ",5.10,150.08,2.95
1598,539341594,"01598M09:05:20.546","01598 08:18:07",219.48,888.65,,,,"     ",5.10,150.63,2.96
1598,539341595,"01598M09:05:21.519","01598 08:18:08",219.43,888.60,,,,"     ",5.10,149.40,2.93
1598,539341596,"01598M09:05:22.492","01598 08:18:09",219.39,888.61,,,,"     ",5.10,149.86,2.94
1598,539341597,"01598M09:05:23.465","01598 08:18:10",219.35,888.55,,,,"     ",5.10,150.28,2.94
1598,539341598,"01598M09:05:24.439","01598 08:18:11",219.32,888.52,,,,"     ",5.10,151.14,2.96
1598,539341599,"01598M09:05:25.412","01598 08:18:12",219.29,888.60,,,,"     ",5.10,150.93,2.96
1598,539341600,"01598M09:05:26.385","01598 08:18:13",219.27,888.49,,,,"     ",5.10,151.75,2.97
1598,539341601,"01598M09:05:27.358","01598 08:18:14",219.27,888.57,,,,"     ",5.10,150.29,2.94
1598,539341602,"01598M09:05:28.332","01598 08:18:15",219.29,888.63,,,,"     ",5.10,150.47,2.94
1598,539341603,"01598M09:05:29.305","01598 08:18:16",219.32,888.55,,,,"     ",5.10,150.47,2.94
1598,539341604,"01598M09:05:30.278","01598 08:18:17",219.35,888.61,,,,"     ",5.10,150.49,2.94
1598,539341605,"01598M09:05:31.251","01598 08:18:18",219.40,888.58,,,,"     ",5.10,151.41,2.96
1598,539341606,"01598M09:05:32.225","01598 08:18:19",219.43,888.50,,,,"     ",5.10,151.77,2.97
1598,539341607,"01598M09:05:33.198","01598 08:18:20",219.47,888.54,,,,"     ",5.10,151.26,2.95
1598,539341608,"01598M09:05:34.171","01598 08:18:21",219.49,888.52,,,,"     ",5.10,150.35,2.93
1598,539341609,"01598M09:05:35.144","01598 08:18:22",219.52,888.41,,,,"     ",5.10,150.04,2.93
1598,539341610,"01598M09:05:36.118","01598 08:18:23",219.54,888.44,,,,"     ",5.10,150.46,2.93
1598,539341611,"01598M09:05:37.091","01598 08:18:24",219.56,888.45,,,,"     ",5.10,151.05,2.94
1598,539341612,"01598M09:05:38.064","01598 08:18:25",219.59,888.37,,,,"     ",5.10,150.73,2.94
1598,539341613,"01598M09:05:39.037","01598 08:18:26",219.61,888.50,,,,"     ",5.10,151.44,2.95
1598,539341614,"01598M09:05:40.011","01598 08:18:27",219.64,888.39,,,,"     ",5.10,150.37,2.93
1598,539341615,"01598M09:05:40.984","01598 08:18:28",219.66,888.50,,,,"     ",5.10,150.82,2.94
1598,539341616,"01598M09:05:41.957","01598 08:18:29",219.67,888.48,,,,"     ",5.10,151.43,2.95
1598,539341617,"01598M09:05:42.930","01598 08:18:30",219.68,888.46,,,,"     ",5.10,151.14,2.94
1598,539341618,"01598M09:05:43.904","01598 08:18:31",219.69,888.52,,,,"     ",5.10,151.56,2.95
1598,539341619,"01598M09:05:44.877","01598 08:18:32",219.70,888.51,,,,"     ",5.10,150.46,2.92
1598,539341620,"01598M09:05:45.850","01598 08:18:33",219.71,888.44,,,,"     ",5.10,150.74,2.93
1598,539341621,"01598M09:05:46.823","01598 08:18:34",219.71,888.46,,,,"     ",5.10,150.81,2.93
1598,539341622,"01598M09:05:47.797","01598 08:18:35",219.71,888.36,,,,"     ",5.10,151.43,2.94
1598,539341623,"01598M09:05:48.770","01598 08:18:36",219.70,888.40,,,,"     ",5.10,151.39,2.94
1598,539341624,"01598M09:05:49.743","01598 08:18:37",219.69,888.46,,,,"     ",5.10,151.82,2.95
1598,539341625,"01598M09:05:50.716","01598 08:18:38",219.67,888.43,,,,"     ",5.10,151.32,2.93
1598,539341626,"01598M09:05:51.690","01598 08:18:39",219.65,888.37,,,,"     ",5.10,150.80,2.92
1598,539341627,"01598M09:05:52.663","01598 08:18:40",219.63,888.45,,,,"     ",5.10,151.52,2.93
1598,539341628,"01598M09:05:53.636","01598 08:18:41",219.60,888.38,,,,"     ",5.10,151.91,2.94
1598,539341629,"01598M09:05:54.609","01598 08:18:42",219.57,888.39,,,,"     ",5.10,151.67,2.93
1598,539341630,"01598M09:05:55.583","01598 08:18:43",219.53,888.38,,,,"     ",5.10,152.20,2.94
1598,539341631,"01598M09:05:56.556","01598 08:18:43",219.49,888.44,,,,"     ",5.10,152.60,2.95
1598,539341632,"01598M09:05:57.529","01598 08:18:44",219.45,888.42,,,,"     ",5.10,152.70,2.95
1598,539341633,"01598M09:05:58.502","01598 08:18:45",219.40,888.53,,,,"     ",5.10,152.12,2.94
1598,539341634,"01598M09:05:59.476","01598 08:18:46",219.47,888.52,,,,"     ",5.10,152.71,2.95
1598,539341635,"01598M09:06:00.449","01598 08:18:47",219.50,888.49,,,,"     ",5.10,152.26,2.94
1598,539341636,"01598M09:06:01.422","01598 08:18:48",219.52,888.51,,,,"     ",5.10,152.77,2.95
1598,539341637,"01598M09:06:02.395","01598 08:18:49",219.53,888.56,,,,"     ",5.10,151.60,2.92
1598,539341638,"01598M09:06:03.369","01598 08:18:50",219.54,888.48,,,,"     ",5.10,150.77,2.91
1598,539341639,"01598M09:06:04.342","01598 08:18:51",219.54,888.43,,,,"     ",5.10,152.80,2.95
1598,539341640,"01598M09:06:05.315","01598 08:18:52",219.53,888.47,,,,"     ",5.10,152.70,2.94
1598,539341641,"01598M09:06:06.289","01598 08:18:53",219.51,888.46,,,,"     ",5.10,152.73,2.94
1598,539341642,"01598M09:06:07.262","01598 08:18:54",219.49,888.46,,,,"     ",5.10,151.95,2.92
1598,539341643,"01598M09:06:08.235","01598 08:18:55",219.47,888.52,,,,"     ",5.10,152.96,2.94
1598,539341644,"01598M09:06:09.208","01598 08:18:56",219.43,888.47,,,,"     ",5.10,153.59,2.95
1598,539341645,"01598M09:06:10.182","01598 08:18:57",219.39,888.49,,,,"     ",5.10,151.28,2.91
1598,539341646,"01598M09:06:11.155","01598 08:18:58",219.33,888.50,,,,"     ",5.10,152.56,2.93
1598,539341647,"01598M09:06:12.128","01598 08:18:59",219.27,888.53,,,,"     ",5.10,153.05,2.94
1598,539341648,"01598M09:06:13.101","01598 08:19:00",219.21,888.52,,,,"     ",5.10,153.80,2.95
1598,539341649,"01598M09:06:14.075","01598 08:19:01",219.19,888.49,,,,"     ",5.10,152.56,2.93
1598,539341650,"01598M09:06:15.048","01598 08:19:02",219.20,888.45,,,,"     ",5.10,153.29,2.94
1598,539341651,"01598M09:06:16.021","01598 08:19:03",219.21,888.53,,,,"     ",5.10,152.62,2.93
1598,539341652,"01598M09:06:16.994","01598 08:19:04",219.23,888.52,,,,"     ",5.10,152.60,2.92
1598,539341653,"01598M09:06:17.968","01598 08:19:05",219.26,888.55,,,,"     ",5.10,152.86,2.93
1598,539341654,"01598M09:06:18.941","01598 08:19:06",219.29,888.43,,,,"     ",5.10,152.68,2.92
1598,539341655,"01598M09:06:19.914","01598 08:19:07",219.32,888.47,,,,"     ",5.10,153.33,2.93
1598,539341656,"01598M09:06:20.887","01598 08:19:08",219.34,888.40,,,,"     ",5.10,153.51,2.94
1598,539341657,"01598M09:06:21.861","01598 08:19:09",219.37,888.45,,,,"     ",5.10,152.26,2.91
1598,539341658,"01598M09:06:22.834","01598 08:19:10",219.40,888.33,,,,"     ",5.10,154.12,2.95
1598,539341659,"01598M09:06:23.807","01598 08:19:11",219.41,888.37,,,,"     ",5.10,153.83,2.94
1598,539341660,"01598M09:06:24.780","01598 08:19:12",219.43,888.39,,,,"     ",5.10,154.32,2.95
1598,539341661,"01598M09:06:25.754","01598 08:19:13",219.44,888.33,,,,"     ",5.10,153.32,2.93
1598,539341662,"01598M09:06:26.727","01598 08:19:14",219.45,888.28,,,,"     ",5.10,155.06,2.96
1598,539341663,"01598M09:06:27.700","01598 08:19:15",219.45,888.33,,,,"     ",5.10,154.16,2.94
1598,539341664,"01598M09:06:28.673","01598 08:19:16",219.47,888.42,,,,"     ",5.10,153.06,2.92
1598,539341665,"01598M09:06:29.647","01598 08:19:17",219.49,888.53,,,,"     ",5.10,155.18,2.96
1598,539341666,"01598M09:06:30.620","01598 08:19:18",219.53,888.41,,,,"     ",5.10,154.47,2.94
1598,539341667,"01598M09:06:31.593","01598 08:19:19",219.58,888.40,,,,"     ",5.10,154.11,2.93
1598,539341668,"01598M09:06:32.566","01598 08:19:19",219.64,888.44,,,,"     ",5.10,153.78,2.93
1598,539341669,"01598M09:06:33.540","01598 08:19:20",219.70,888.40,,,,"     ",5.10,153.34,2.92
1598,539341670,"01598M09:06:34.513","01598 08:19:21",219.77,888.31,,,,"     ",5.10,154.11,2.93
1598,539341671,"01598M09:06:35.486","01598 08:19:22",219.83,888.47,,,,"     ",5.10,153.85,2.92
1598,539341672,"01598M09:06:36.459","01598 08:19:23",219.88,888.43,,,,"     ",5.10,154.12,2.93
1598,539341673,"01598M09:06:37.433","01598 08:19:24",219.92,888.43,,,,"     ",5.10,154.64,2.94
1598,539341674,"01598M09:06:38.406","01598 08:19:25",219.94,888.36,,,,"     ",5.10,153.03,2.90
1598,539341675,"01598M09:06:39.379","01598 08:19:26",219.96,888.28,,,,"     ",5.10,155.27,2.95
1598,539341676,"01598M09:06:40.352","01598 08:19:27",219.96,888.36,,,,"     ",5.10,154.54,2.93
1598,539341677,"01598M09:06:41.326","01598 08:19:28",219.95,888.29,,,,"     ",5.10,154.37,2.93
1598,539341678,"01598M09:06:42.299","01598 08:19:29",219.94,888.41,,,,"     ",5.10,154.26,2.92
1598,539341679,"01598M09:06:43.272","01598 08:19:30",219.93,888.32,,,,"     ",5.10,154.23,2.92
1598,539341680,"01598M09:06:44.245","01598 08:19:31",219.91,888.30,,,,"     ",5.10,153.70,2.91
1598,539341681,"01598M09:06:45.219","01598 08:19:32",219.89,888.28,,,,"     ",5.10,154.52,2.92
1598,539341682,"01598M09:06:46.192","01598 08:19:33",219.86,888.30,,,,"     ",5.10,154.42,2.92
1598,539341683,"01598M09:06:47.165","01598 08:19:34",219.82,888.31,,,,"     ",5.10,154.95,2.93
1598,539341684,"01598M09:06:48.138","01598 08:19:35",219.78,888.30,,,,"     ",5.10,155.57,2.94
1598,539341685,"01598M09:06:49.112","01598 08:19:36",219.75,888.27,,,,"     ",5.10,154.21,2.91
1598,539341686,"01598M09:06:50.085","01598 08:19:37",219.73,888.26,,,,"     ",5.10,154.24,2.91
1598,539341687,"01598M09:06:51.058","01598 08:19:38",219.73,888.29,,,,"     ",5.10,153.83,2.90
1598,539341688,"01598M09:06:52.031","01598 08:19:39",219.73,888.29,,,,"     ",5.10,154.13,2.91
1598,539341689,"01598M09:06:53.005","01598 08:19:40",219.73,888.25,,,,"     ",5.10,154.74,2.92
1598,539341690,"01598M09:06:53.978","01598 08:19:41",219.71,888.27,,,,"     ",5.10,155.34,2.93
1598,539341691,"01598M09:06:54.951","01598 08:19:42",219.68,888.31,,,,"     ",5.10,156.49,2.95
1598,539341692,"01598M09:06:55.924","01598 08:19:43",219.64,888.27,,,,"     ",5.10,155.54,2.93
1598,539341693,"01598M09:06:56.898","01598 08:19:44",219.59,888.32,,,,"     ",5.10,154.29,2.90
1598,539341694,"01598M09:06:57.871","01598 08:19:45",219.54,888.26,,,,"     ",5.10,156.00,2.93
1598,539341695,"01598M09:06:58.844","01598 08:19:46",219.49,888.31,,,,"     ",5.10,155.90,2.93
1598,539341696,"01598M09:06:59.817","01598 08:19:47",219.46,888.29,,,,"     ",5.10,155.25,2.92
1598,539341697,"01598M09:07:00.791","01598 08:19:48",219.45,888.27,,,,"     ",5.10,156.38,2.94
1598,539341698,"01598M09:07:01.764","01598 08:19:49",219.44,888.24,,,,"     ",5.10,155.50,2.92
1598,539341699,"01598M09:07:02.737","01598 08:19:50",219.44,888.26,,,,"     ",5.10,155.68,2.92
1598,539341700,"01598M09:07:03.710","01598 08:19:51",219.44,888.17,,,,"     ",5.10,155.53,2.92
1598,539341701,"01598M09:07:04.684","01598 08:19:52",219.44,888.14,,,,"     ",5.10,155.50,2.91
1598,539341702,"01598M09:07:05.657","01598 08:19:53",219.44,888.24,,,,"     ",5.10,155.65,2.92
1598,539341703,"01598M09:07:06.630","01598 08:19:54",219.46,888.14,,,,"     ",5.10,155.70,2.92
1598,539341704,"01598M09:07:07.603","01598 08:19:55",219.49,888.17,,,,"     ",5.10,155.20,2.90
1598,539341705,"01598M09:07:08.577","01598 08:19:56",219.52,888.27,,,,"     ",5.10,156.33,2.93
1598,539341706,"01598M09:07:09.550","01598 08:19:56",219.56,888.25,,,,"     ",5.10,156.49,2.93
1598,539341707,"01598M09:07:10.523","01598 08:19:57",219.59,888.15,,,,"     ",5.10,156.55,2.93
1598,539341708,"01598M09:07:11.496","01598 08:19:58",219.60,888.17,,,,"     ",5.10,155.67,2.91
1598,539341709,"01598M09:07:12.470","01598 08:19:59",219.60,888.19,,,,"     ",5.10,156.23,2.92
1598,539341710,"01598M09:07:13.443","01598 08:20:00",219.59,888.20,,,,"     ",5.10,156.52,2.92
1598,539341711,"01598M09:07:14.416","01598 08:20:01",219.57,888.23,,,,"     ",5.10,156.02,2.91
1598,539341712,"01598M09:07:15.390","01598 08:20:02",219.55,888.21,,,,"     ",5.10,155.94,2.91
1598,539341713,"01598M09:07:16.363","01598 08:20:03",219.53,888.19,,,,"     ",5.10,156.96,2.93
1598,539341714,"01598M09:07:17.336","01598 08:20:04",219.51,888.19,,,,"     ",5.10,156.13,2.91
1598,539341715,"01598M09:07:18.309","01598 08:20:05",219.49,888.16,,,,"     ",5.10,156.70,2.92
1598,539341716,"01598M09:07:19.283","01598 08:20:06",219.46,888.19,,,,"     ",5.10,155.93,2.90
1598,539341717,"01598M09:07:20.256","01598 08:20:07",219.45,888.19,,,,"     ",5.10,156.83,2.92
1598,539341718,"01598M09:07:21.229","01598 08:20:08",219.45,888.11,,,,"     ",5.10,157.68,2.93
1598,539341719,"01598M09:07:22.202","01598 08:20:09",219.45,888.13,,,,"     ",5.10,156.41,2.91
1598,539341720,"01598M09:07:23.176","01598 08:20:10",219.46,888.09,,,,"     ",5.10,156.45,2.91
1598,539341721,"01598M09:07:24.149","01598 08:20:11",219.47,888.08,,,,"     ",5.10,156.67,2.91
1598,539341722,"01598M09:07:25.122","01598 08:20:12",219.48,888.13,,,,"     ",5.10,155.72,2.89
1598,539341723,"01598M09:07:26.095","01598 08:20:13",219.49,888.14,,,,"     ",5.10,157.46,2.92
1598,539341724,"01598M09:07:27.069","01598 08:20:14",219.50,888.08,,,,"     ",5.10,158.88,2.95
1598,539341725,"01598M09:07:28.042","01598 08:20:15",219.50,888.07,,,,"     ",5.10,157.28,2.92
1598,539341726,"01598M09:07:29.015","01598 08:20:16",219.51,888.09,,,,"     ",5.10,157.64,2.92
1598,539341727,"01598M09:07:29.988","01598 08:20:17",219.51,888.07,,,,"     ",5.10,157.93,2.93
1598,539341728,"01598M09:07:30.962","01598 08:20:18",219.51,888.06,,,,"     ",5.10,157.67,2.92
1598,539341729,"01598M09:07:31.935","01598 08:20:19",219.51,888.11,,,,"     ",5.10,157.15,2.91
1598,539341730,"01598M09:07:32.908","01598 08:20:20",219.51,888.10,,,,"     ",5.10,157.40,2.91
1598,539341731,"01598M09:07:33.881","01598 08:20:21",219.51,888.05,,,,"     ",5.10,157.37,2.91
1598,539341732,"01598M09:07:34.855","01598 08:20:22",219.52,888.06,,,,"     ",5.10,157.55,2.91
1598,539341733,"01598M09:07:35.828","01598 08:20:23",219.53,888.03,,,,"     ",5.10,157.22,2.91
1598,539341734,"01598M09:07:36.801","01598 08:20:24",219.55,888.06,,,,"     ",5.10,157.55,2.91
1598,539341735,"01598M09:07:37.774","01598 08:20:25",219.58,888.09,,,,"     ",5.10,156.55,2.89
1598,539341736,"01598M09:07:38.748","01598 08:20:26",219.61,888.04,,,,"     ",5.10,158.41,2.92
1598,539341737,"01598M09:07:39.721","01598 08:20:27",219.65,888.02,,,,"     ",5.10,157.25,2.90
1598,539341738,"01598M09:07:40.694","01598 08:20:28",219.68,888.02,,,,"     ",5.10,156.31,2.88
1598,539341739,"01598M09:07:41.667","01598 08:20:29",219.71,888.08,,,,"     ",5.10,156.95,2.89
1598,539341740,"01598M09:07:42.641","01598 08:20:30",219.73,888.12,,,,"     ",5.10,156.47,2.88
1598,539341741,"01598M09:07:43.614","01598 08:20:31",219.75,888.06,,,,"     ",5.10,156.38,2.88
1598,539341742,"01598M09:07:44.587","01598 08:20:32",219.76,887.95,,,,"     ",5.10,158.14,2.91
1598,539341743,"01598M09:07:45.560","01598 08:20:32",219.75,887.98,,,,"     ",5.10,157.00,2.89
1598,539341744,"01598M09:07:46.534","01598 08:20:33",219.73,887.99,,,,"     ",5.10,157.27,2.89
1598,539341745,"01598M09:07:47.507","01598 08:20:34",219.71,887.94,,,,"     ",5.10,157.66,2.90
1598,539341746,"01598M09:07:48.480","01598 08:20:35",219.67,887.92,,,,"     ",5.10,157.64,2.90
1598,539341747,"01598M09:07:49.453","01598 08:20:36",219.62,887.94,,,,"     ",5.10,157.30,2.89
1598,539341748,"01598M09:07:50.427","01598 08:20:37",219.55,887.95,,,,"     ",5.10,157.74,2.89
1598,539341749,"01598M09:07:51.400","01598 08:20:38",219.49,888.07,,,,"     ",5.10,157.90,2.90
1598,539341750,"01598M09:07:52.373","01598 08:20:39",219.43,887.99,,,,"     ",5.10,157.76,2.89
1598,539341751,"01598M09:07:53.346","01598 08:20:40",219.39,888.02,,,,"     ",5.10,157.54,2.89
1598,539341752,"01598M09:07:54.320","01598 08:20:41",219.35,888.02,,,,"     ",5.10,157.55,2.89
1598,539341753,"01598M09:07:55.293","01598 08:20:42",219.33,888.05,,,,"     ",5.10,157.07,2.88
1598,539341754,"01598M09:07:56.266","01598 08:20:43",219.33,888.00,,,,"     ",5.10,157.62,2.88
1598,539341755,"01598M09:07:57.239","01598 08:20:44",219.34,888.00,,,,"     ",5.10,158.32,2.90
1598,539341756,"01598M09:07:58.213","01598 08:20:45",219.35,887.88,,,,"     ",5.10,157.99,2.89
1598,539341757,"01598M09:07:59.186","01598 08:20:46",219.37,887.87,,,,"     ",5.10,158.62,2.90
1598,539341758,"01598M09:08:00.159","01598 08:20:47",219.38,887.95,,,,"     ",5.10,158.40,2.89
1598,539341759,"01598M09:08:01.132","01598 08:20:48",219.39,887.93,,,,"     ",5.10,158.68,2.90
1598,539341760,"01598M09:08:02.106","01598 08:20:49",219.41,887.83,,,,"     ",5.10,157.69,2.88
1598,539341761,"01598M09:08:03.079","01598 08:20:50",219.41,887.93,,,,"     ",5.10,159.24,2.91
1598,539341762,"01598M09:08:04.052","01598 08:20:51",219.41,887.92,,,,"     ",5.10,157.81,2.88
1598,539341763,"01598M09:08:05.025","01598 08:20:52",219.41,887.86,,,,"     ",5.10,159.14,2.90
1598,539341764,"01598M09:08:05.999","01598 08:20:53",219.40,888.00,,,,"     ",5.10,158.94,2.90
1598,539341765,"01598M09:08:06.972","01598 08:20:54",219.39,887.88,,,,"     ",5.10,158.49,2.89
1598,539341766,"01598M09:08:07.945","01598 08:20:55",219.37,887.87,,,,"     ",5.10,159.46,2.90
1598,539341767,"01598M09:08:08.918","01598 08:20:56",219.35,888.00,,,,"     ",5.10,157.21,2.86
1598,539341768,"01598M09:08:09.892","01598 08:20:57",219.34,887.93,,,,"     ",5.10,158.91,2.89
1598,539341769,"01598M09:08:10.865","01598 08:20:58",219.34,887.94,,,,"     ",5.10,158.56,2.88
1598,539341770,"01598M09:08:11.838","01598 08:20:59",219.34,887.97,,,,"     ",5.10,158.92,2.89
1598,539341771,"01598M09:08:12.811","01598 08:21:00",219.37,887.90,,,,"     ",5.10,158.25,2.88
1598,539341772,"01598M09:08:13.785","01598 08:21:01",219.39,887.90,,,,"     ",5.10,159.22,2.89
1598,539341773,"01598M09:08:14.758","01598 08:21:02",219.41,887.87,,,,"     ",5.10,158.04,2.87
1598,539341774,"01598M09:08:15.731","01598 08:21:03",219.43,887.81,,,,"     ",5.10,157.69,2.86
1598,539341775,"01598M09:08:16.704","01598 08:21:04",219.44,887.85,,,,"     ",5.10,158.65,2.88
1598,539341776,"01598M09:08:17.678","01598 08:21:05",219.44,887.82,,,,"     ",5.10,158.97,2.88
1598,539341777,"01598M09:08:18.651","01598 08:21:06",219.43,887.81,,,,"     ",5.10,158.14,2.87
1598,539341778,"01598M09:08:19.624","01598 08:21:07",219.41,887.93,,,,"     ",5.10,158.25,2.87
1598,539341779,"01598M09:08:20.597","01598 08:21:08",219.39,887.88,,,,"     ",5.10,159.41,2.89
1598,539341780,"01598M09:08:21.571","01598 08:21:08",219.37,887.85,,,,"     ",5.10,159.31,2.88
1598,539341781,"01598M09:08:22.544","01598 08:21:09",219.34,887.85,,,,"     ",5.10,158.84,2.87
1598,539341782,"01598M09:08:23.517","01598 08:21:10",219.31,887.85,,,,"     ",5.10,159.82,2.89
1598,539341783,"01598M09:08:24.491","01598 08:21:11",219.28,887.82,,,,"     ",5.10,159.65,2.89
1598,539341784,"01598M09:08:25.464","01598 08:21:12",219.25,887.89,,,,"     ",5.10,158.48,2.86
1598,539341785,"01598M09:08:26.437","01598 08:21:13",219.21,887.82,,,,"     ",5.10,160.00,2.89
1598,539341786,"01598M09:08:27.410","01598 08:21:14",219.17,887.82,,,,"     ",5.10,158.52,2.86
1598,539341787,"01598M09:08:28.384","01598 08:21:15",219.15,887.89,,,,"     ",5.10,159.01,2.87
1598,539341788,"01598M09:08:29.357","01598 08:21:16",219.13,887.88,,,,"     ",5.10,159.10,2.87
1598,539341789,"01598M09:08:30.330","01598 08:21:17",219.13,887.80,,,,"     ",5.10,160.18,2.89
1598,539341790,"01598M09:08:31.303","01598 08:21:18",219.13,887.78,,,,"     ",5.10,159.87,2.88
1598,539341791,"01598M09:08:32.277","01598 08:21:19",219.14,887.83,,,,"     ",5.10,159.24,2.87
1598,539341792,"01598M09:08:33.250","01598 08:21:20",219.14,887.86,,,,"     ",5.10,159.69,2.88
1598,539341793,"01598M09:08:34.223","01598 08:21:21",219.14,887.90,,,,"     ",5.10,159.69,2.88
1598,539341794,"01598M09:08:35.196","01598 08:21:22",219.14,887.89,,,,"     ",5.10,160.22,2.88
1598,539341795,"01598M09:08:36.170","01598 08:21:23",219.14,887.89,,,,"     ",5.10,160.28,2.89
1598,539341796,"01598M09:08:37.143","01598 08:21:24",219.13,887.93,,,,"     ",5.10,159.10,2.86
1598,539341797,"01598M09:08:38.116","01598 08:21:25",219.13,887.95,,,,"     ",5.10,161.02,2.90
1598,539341798,"01598M09:08:39.089","01598 08:21:26",219.13,887.86,,,,"     ",5.10,160.69,2.89
1598,539341799,"01598M09:08:40.063","01598 08:21:27",219.11,887.85,,,,"     ",5.10,160.06,2.88
1598,539341800,"01598M09:08:41.036","01598 08:21:28",219.09,887.85,,,,"     ",5.10,158.56,2.85
1598,539341801,"01598M09:08:42.009","01598 08:21:29",219.07,887.74,,,,"     ",5.10,159.42,2.86
1598,539341802,"01598M09:08:42.982","01598 08:21:30",219.04,887.72,,,,"     ",5.10,159.03,2.85
1598,539341803,"01598M09:08:43.956","01598 08:21:31",219.03,887.77,,,,"     ",5.10,160.02,2.87
1598,539341804,"01598M09:08:44.929","01598 08:21:32",219.02,887.76,,,,"     ",5.10,160.82,2.89
1598,539341805,"01598M09:08:45.902","01598 08:21:33",219.03,887.80,,,,"     ",5.10,159.77,2.87
1598,539341806,"01598M09:08:46.875","01598 08:21:34",219.05,887.77,,,,"     ",5.10,161.18,2.89
1598,539341807,"01598M09:08:47.849","01598 08:21:35",219.07,887.78,,,,"     ",5.10,161.35,2.89
1598,539341808,"01598M09:08:48.822","01598 08:21:36",219.09,887.82,,,,"     ",5.10,160.55,2.88
1598,539341809,"01598M09:08:49.795","01598 08:21:37",219.10,887.77,,,,"     ",5.10,160.15,2.87
1598,539341810,"01598M09:08:50.768","01598 08:21:38",219.09,887.79,,,,"     ",5.10,159.46,2.85
1598,539341811,"01598M09:08:51.742","01598 08:21:39",219.08,887.80,,,,"     ",5.10,161.31,2.89
1598,539341812,"01598M09:08:52.715","01598 08:21:40",219.05,887.81,,,,"     ",5.10,161.76,2.89
1598,539341813,"01598M09:08:53.688","01598 08:21:41",219.03,887.87,,,,"     ",5.10,160.98,2.88
1598,539341814,"01598M09:08:54.661","01598 08:21:42",218.99,887.81,,,,"     ",5.10,160.29,2.86
1598,539341815,"01598M09:08:55.635","01598 08:21:43",218.95,887.77,,,,"     ",5.10,161.39,2.88
1598,539341816,"01598M09:08:56.608","01598 08:21:44",218.90,887.79,,,,"     ",5.10,162.20,2.90
1598,539341817,"01598M09:08:57.581","01598 08:21:44",218.85,887.77,,,,"     ",5.10,161.23,2.88
1598,539341818,"01598M09:08:58.554","01598 08:21:45",218.81,887.75,,,,"     ",5.10,162.72,2.91
1598,539341819,"01598M09:08:59.528","01598 08:21:46",218.78,887.70,,,,"     ",5.10,160.79,2.87
1598,539341820,"01598M09:09:00.501","01598 08:21:47",218.77,887.75,,,,"     ",5.10,160.21,2.86
1598,539341821,"01598M09:09:01.474","01598 08:21:48",218.78,887.76,,,,"     ",5.10,161.20,2.87
1598,539341822,"01598M09:09:02.447","01598 08:21:49",218.83,887.72,,,,"     ",5.10,161.65,2.88
1598,539341823,"01598M09:09:03.421","01598 08:21:50",218.89,887.71,,,,"     ",5.10,161.55,2.88
1598,539341824,"01598M09:09:04.394","01598 08:21:51",218.99,887.74,,,,"     ",5.10,161.31,2.87
1598,539341825,"01598M09:09:05.367","01598 08:21:52",219.09,887.79,,,,"     ",5.10,161.49,2.87
1598,539341826,"01598M09:09:06.340","01598 08:21:53",219.21,887.68,,,,"     ",5.10,161.41,2.87
1598,539341827,"01598M09:09:07.314","01598 08:21:54",219.32,887.64,,,,"     ",5.10,161.49,2.87
1598,539341828,"01598M09:09:08.287","01598 08:21:55",219.42,887.71,,,,"     ",5.10,161.28,2.87
1598,539341829,"01598M09:09:09.260","01598 08:21:56",219.49,887.71,,,,"     ",5.10,162.36,2.89
1598,539341830,"01598M09:09:10.233","01598 08:21:57",219.53,887.63,,,,"     ",5.10,161.57,2.87
1598,539341831,"01598M09:09:11.207","01598 08:21:58",219.53,887.69,,,,"     ",5.10,161.28,2.86
1598,539341832,"01598M09:09:12.180","01598 08:21:59",219.49,887.63,,,,"     ",5.10,162.68,2.89
1598,539341833,"01598M09:09:13.153","01598 08:22:00",219.43,887.62,,,,"     ",5.10,162.53,2.88
1598,539341834,"01598M09:09:14.126","01598 08:22:01",219.35,887.62,,,,"     ",5.10,161.28,2.86
1598,539341835,"01598M09:09:15.100","01598 08:22:02",219.27,887.67,,,,"     ",5.10,161.79,2.87
1598,539341836,"01598M09:09:16.073","01598 08:22:03",219.20,887.62,,,,"     ",5.10,161.50,2.86
1598,539341837,"01598M09:09:17.046","01598 08:22:04",219.15,887.54,,,,"     ",5.10,161.50,2.86
1598,539341838,"01598M09:09:18.019","01598 08:22:05",219.11,887.62,,,,"     ",5.10,162.39,2.88
1598,539341839,"01598M09:09:18.993","01598 08:22:06",219.09,887.47,,,,"     ",5.10,161.85,2.86
1598,539341840,"01598M09:09:19.966","01598 08:22:07",219.09,887.60,,,,"     ",5.10,162.01,2.87
1598,539341841,"01598M09:09:20.939","01598 08:22:08",219.10,887.62,,,,"     ",5.10,161.35,2.85
1598,539341842,"01598M09:09:21.912","01598 08:22:09",219.15,887.59,,,,"     ",5.10,160.65,2.84
1598,539341843,"01598M09:09:22.886","01598 08:22:10",219.21,887.61,,,,"     ",5.10,160.17,2.83
1598,539341844,"01598M09:09:23.859","01598 08:22:11",219.30,887.67,,,,"     ",5.10,160.84,2.84
1598,539341845,"01598M09:09:24.832","01598 08:22:12",219.39,887.63,,,,"     ",5.10,161.82,2.86
1598,539341846,"01598M09:09:25.805","01598 08:22:13",219.49,887.58,,,,"     ",5.10,161.08,2.84
1598,539341847,"01598M09:09:26.779","01598 08:22:14",219.57,887.66,,,,"     ",5.10,162.37,2.87
1598,539341848,"01598M09:09:27.752","01598 08:22:15",219.63,887.64,,,,"     ",5.10,160.75,2.83
1598,539341849,"01598M09:09:28.725","01598 08:22:16",219.68,887.66,,,,"     ",5.10,161.56,2.85
1598,539341850,"01598M09:09:29.698","01598 08:22:17",219.72,887.58,,,,"     ",5.10,160.56,2.83
1598,539341851,"01598M09:09:30.672","01598 08:22:18",219.76,887.55,,,,"     ",5.10,161.64,2.85
1598,539341852,"01598M09:09:31.645","01598 08:22:19",219.79,887.57,,,,"     ",5.10,162.03,2.85
1598,539341853,"01598M09:09:32.618","01598 08:22:20",219.83,887.57,,,,"     ",5.10,161.19,2.84
1598,539341854,"01598M09:09:33.592","01598 08:22:20",219.87,887.63,,,,"     ",5.10,161.77,2.85
1598,539341855,"01598M09:09:34.565","01598 08:22:21",219.90,887.50,,,,"     ",5.10,162.11,2.85
1598,539341856,"01598M09:09:35.538","01598 08:22:22",219.92,887.47,,,,"     ",5.10,161.87,2.85
1598,539341857,"01598M09:09:36.511","01598 08:22:23",219.92,887.46,,,,"     ",5.10,162.99,2.86
1598,539341858,"01598M09:09:37.485","01598 08:22:24",219.89,887.51,,,,"     ",5.10,162.21,2.85
1598,539341859,"01598M09:09:38.458","01598 08:22:25",219.85,887.38,,,,"     ",5.10,161.65,2.84
1598,539341860,"01598M09:09:39.431","01598 08:22:26",219.80,887.53,,,,"     ",5.10,162.09,2.85
1598,539341861,"01598M09:09:40.404","01598 08:22:27",219.74,887.54,,,,"     ",5.10,161.40,2.83
1598,539341862,"01598M09:09:41.378","01598 08:22:28",219.68,887.50,,,,"     ",5.10,162.16,2.84
1598,539341863,"01598M09:09:42.351","01598 08:22:29",219.62,887.49,,,,"     ",5.10,161.58,2.83
1598,539341864,"01598M09:09:43.324","01598 08:22:30",219.54,887.45,,,,"     ",5.10,160.90,2.82
1598,539341865,"01598M09:09:44.297","01598 08:22:31",219.47,887.45,,,,"     ",5.10,162.48,2.85
1598,539341866,"01598M09:09:45.271","01598 08:22:32",219.40,887.46,,,,"     ",5.10,162.93,2.85
1598,539341867,"01598M09:09:46.244","01598 08:22:33",219.34,887.35,,,,"     ",5.10,162.15,2.84
1598,539341868,"01598M09:09:47.217","01598 08:22:34",219.30,887.43,,,,"     ",5.10,160.95,2.82
1598,539341869,"01598M09:09:48.190","01598 08:22:35",219.27,887.35,,,,"     ",5.10,161.50,2.82
1598,539341870,"01598M09:09:49.164","01598 08:22:36",219.25,887.42,,,,"     ",5.10,162.00,2.83
1598,539341871,"01598M09:09:50.137","01598 08:22:37",219.25,887.34,,,,"     ",5.10,162.77,2.85
1598,539341872,"01598M09:09:51.110","01598 08:22:38",219.26,887.39,,,,"     ",5.10,161.63,2.83
1598,539341873,"01598M09:09:52.083","01598 08:22:39",219.29,887.43,,,,"     ",5.10,162.24,2.84
1598,539341874,"01598M09:09:53.057","01598 08:22:40",219.32,887.46,,,,"     ",5.10,162.65,2.84
1598,539341875,"01598M09:09:54.030","01598 08:22:41",219.37,887.40,,,,"     ",5.10,162.28,2.84
1598,539341876,"01598M09:09:55.003","01598 08:22:42",219.42,887.40,,,,"     ",5.10,161.60,2.82
1598,539341877,"01598M09:09:55.976","01598 08:22:43",219.46,887.38,,,,"     ",5.10,161.68,2.82
1598,539341878,"01598M09:09:56.950","01598 08:22:44",219.49,887.45,,,,"     ",5.10,161.77,2.83
1598,539341879,"01598M09:09:57.923","01598 08:22:45",219.51,887.46,,,,"     ",5.10,163.94,2.86
1598,539341880,"01598M09:09:58.896","01598 08:22:46",219.52,887.38,,,,"     ",5.10,161.88,2.83
1598,539341881,"01598M09:09:59.869","01598 08:22:47",219.53,887.41,,,,"     ",5.10,160.97,2.81
1598,539341882,"01598M09:10:00.843","01598 08:22:48",219.53,887.30,,,,"     ",5.10,160.40,2.80
1598,539341883,"01598M09:10:01.816","01598 08:22:49",219.52,887.31,,,,"     ",5.10,162.23,2.83
1598,539341884,"01598M09:10:02.789","01598 08:22:50",219.50,887.33,,,,"     ",5.10,162.20,2.83
1598,539341885,"01598M09:10:03.762","01598 08:22:51",219.47,887.37,,,,"     ",5.10,160.95,2.81
1598,539341886,"01598M09:10:04.736","01598 08:22:52",219.44,887.34,,,,"     ",5.10,161.55,2.82
1598,539341887,"01598M09:10:05.709","01598 08:22:53",219.41,887.32,,,,"     ",5.10,163.15,2.85
1598,539341888,"01598M09:10:06.682","01598 08:22:54",219.39,887.25,,,,"     ",5.10,162.33,2.83
1598,539341889,"01598M09:10:07.655","01598 08:22:55",219.36,887.32,,,,"     ",5.10,162.74,2.84
1598,539341890,"01598M09:10:08.629","01598 08:22:56",219.35,887.21,,,,"     ",5.10,163.15,2.85
1598,539341891,"01598M09:10:09.602","01598 08:22:56",219.34,887.33,,,,"     ",5.10,161.27,2.81
1598,539341892,"01598M09:10:10.575","01598 08:22:57",219.34,887.35,,,,"     ",5.10,162.31,2.83
1598,539341893,"01598M09:10:11.548","01598 08:22:58",219.35,887.35,,,,"     ",5.10,162.03,2.83
1598,539341894,"01598M09:10:12.522","01598 08:22:59",219.38,887.31,,,,"     ",5.10,163.29,2.85
1598,539341895,"01598M09:10:13.495","01598 08:23:00",219.41,887.35,,,,"     ",5.10,161.93,2.82
1598,539341896,"01598M09:10:14.468","01598 08:23:01",219.45,887.33,,,,"     ",5.10,161.48,2.82
1598,539341897,"01598M09:10:15.441","01598 08:23:02",219.50,887.32,,,,"     ",5.10,161.69,2.82
1598,539341898,"01598M09:10:16.415","01598 08:23:03",219.55,887.19,,,,"     ",5.10,162.60,2.84
1598,539341899,"01598M09:10:17.388","01598 08:23:04",219.59,887.29,,,,"     ",5.10,161.34,2.81
1598,539341900,"01598M09:10:18.361","01598 08:23:05",219.65,887.27,,,,"     ",5.10,161.68,2.82
1598,539341901,"01598M09:10:19.334","01598 08:23:06",219.70,887.35,,,,"     ",5.10,162.90,2.84
1598,539341902,"01598M09:10:20.308","01598 08:23:07",219.76,887.34,,,,"     ",5.10,160.96,2.80
1598,539341903,"01598M09:10:21.281","01598 08:23:08",219.82,887.33,,,,"     ",5.10,162.12,2.83
1598,539341904,"01598M09:10:22.254","01598 08:23:09",219.87,887.26,,,,"     ",5.10,162.75,2.84
1598,539341905,"01598M09:10:23.227","01598 08:23:10",219.92,887.29,,,,"     ",5.10,162.61,2.83
1598,539341906,"01598M09:10:24.201","01598 08:23:11",219.97,887.28,,,,"     ",5.10,161.73,2.82
1598,539341907,"01598M09:10:25.174","01598 08:23:12",220.01,887.32,,,,"     ",5.10,161.07,2.81
1598,539341908,"01598M09:10:26.147","01598 08:23:13",220.04,887.35,,,,"     ",5.10,162.09,2.82
1598,539341909,"01598M09:10:27.120","01598 08:23:14",220.06,887.35,,,,"     ",5.10,162.55,2.83
1598,539341910,"01598M09:10:28.094","01598 08:23:15",220.07,887.39,,,,"     ",5.10,162.54,2.83
1598,539341911,"01598M09:10:29.067","01598 08:23:16",220.08,887.33,,,,"     ",5.10,162.52,2.83
1598,539341912,"01598M09:10:30.040","01598 08:23:17",220.09,887.33,,,,"     ",5.10,163.05,2.84
1598,539341913,"01598M09:10:31.013","01598 08:23:18",220.09,887.41,,,,"     ",5.10,163.09,2.84
1598,539341914,"01598M09:10:31.987","01598 08:23:19",220.10,887.32,,,,"     ",5.10,162.35,2.82
1598,539341915,"01598M09:10:32.960","01598 08:23:20",220.09,887.24,,,,"     ",5.10,162.75,2.83
1598,539341916,"01598M09:10:33.933","01598 08:23:21",220.09,887.29,,,,"     ",5.10,164.04,2.85
1598,539341917,"01598M09:10:34.906","01598 08:23:22",220.08,887.37,,,,"     ",5.10,163.79,2.85
1598,539341918,"01598M09:10:35.880","01598 08:23:23",220.07,887.30,,,,"     ",5.10,163.99,2.85
1598,539341919,"01598M09:10:36.853","01598 08:23:24",220.07,887.36,,,,"     ",5.10,162.36,2.82
1598,539341920,"01598M09:10:37.826","01598 08:23:25",220.07,887.41,,,,"     ",5.10,163.44,2.84
1598,539341921,"01598M09:10:38.799","01598 08:23:26",220.06,887.37,,,,"     ",5.10,162.53,2.82
1598,539341922,"01598M09:10:39.773","01598 08:23:27",220.05,887.31,,,,"     ",5.10,163.00,2.83
1598,539341923,"01598M09:10:40.746","01598 08:23:28",220.04,887.36,,,,"     ",5.10,163.98,2.84
1598,539341924,"01598M09:10:41.719","01598 08:23:29",220.02,887.25,,,,"     ",5.10,163.81,2.84
1598,539341925,"01598M09:10:42.693","01598 08:23:30",219.99,887.26,,,,"     ",5.10,163.75,2.84
1598,539341926,"01598M09:10:43.666","01598 08:23:31",219.95,887.25,,,,"     ",5.10,161.45,2.80
1598,539341927,"01598M09:10:44.639","01598 08:23:32",219.90,887.20,,,,"     ",5.10,164.05,2.84
1598,539341928,"01598M09:10:45.612","01598 08:23:32",219.84,887.19,,,,"     ",5.10,164.23,2.84
1598,539341929,"01598M09:10:46.586","01598 08:23:33",219.79,887.13,,,,"     ",5.10,161.68,2.80
1598,539341930,"01598M09:10:47.559","01598 08:23:34",219.74,887.18,,,,"     ",5.10,163.14,2.82
1598,539341931,"01598M09:10:48.532","01598 08:23:35",219.70,887.23,,,,"     ",5.10,164.43,2.84
1598,539341932,"01598M09:10:49.505","01598 08:23:36",219.67,887.30,,,,"     ",5.10,163.01,2.82
1598,539341933,"01598M09:10:50.479","01598 08:23:37",219.64,887.27,,,,"     ",5.10,164.02,2.83
1598,539341934,"01598M09:10:51.452","01598 08:23:38",219.61,887.23,,,,"     ",5.10,163.65,2.83
1598,539341935,"01598M09:10:52.425","01598 08:23:39",219.58,887.28,,,,"     ",5.10,164.50,2.84
1598,539341936,"01598M09:10:53.398","01598 08:23:40",219.56,887.33,,,,"     ",5.10,162.76,2.81
1598,539341937,"01598M09:10:54.372","01598 08:23:41",219.54,887.30,,,,"     ",5.10,162.36,2.80
1598,539341938,"01598M09:10:55.345","01598 08:23:42",219.53,887.32,,,,"     ",5.10,164.83,2.84
1598,539341939,"01598M09:10:56.318","01598 08:23:43",219.52,887.27,,,,"     ",5.10,163.84,2.82
1598,539341940,"01598M09:10:57.291","01598 08:23:44",219.52,887.26,,,,"     ",5.10,166.10,2.86
1598,539341941,"01598M09:10:58.265","01598 08:23:45",219.51,887.22,,,,"     ",5.10,164.42,2.83
1598,539341942,"01598M09:10:59.238","01598 08:23:46",219.72,887.30,,,,"     ",5.10,164.39,2.83
1598,539341943,"01598M09:11:00.211","01598 08:23:47",219.72,887.25,,,,"     ",5.10,164.15,2.82
1598,539341944,"01598M09:11:01.184","01598 08:23:48",219.72,887.24,,,,"     ",5.10,164.14,2.82
1598,539341945,"01598M09:11:02.158","01598 08:23:49",219.71,887.21,,,,"     ",5.10,162.38,2.79
1598,539341946,"01598M09:11:03.131","01598 08:23:50",219.71,887.27,,,,"     ",5.10,164.97,2.84
1598,539341947,"01598M09:11:04.104","01598 08:23:51",219.70,887.23,,,,"     ",5.10,164.39,2.82
1598,539341948,"01598M09:11:05.077","01598 08:23:52",219.69,887.22,,,,"     ",5.10,165.14,2.84
1598,539341949,"01598M09:11:06.051","01598 08:23:53",219.69,887.23,,,,"     ",5.10,165.38,2.84
1598,539341950,"01598M09:11:07.024","01598 08:23:54",219.69,887.20,,,,"     ",5.10,164.58,2.82
1598,539341951,"01598M09:11:07.997","01598 08:23:55",219.68,887.26,,,,"     ",5.10,164.90,2.83
1598,539341952,"01598M09:11:08.970","01598 08:23:56",219.68,887.20,,,,"     ",5.10,163.83,2.81
1598,539341953,"01598M09:11:09.944","01598 08:23:57",219.68,887.24,,,,"     ",5.10,164.92,2.83
1598,539341954,"01598M09:11:10.917","01598 08:23:58",219.68,887.13,,,,"     ",5.10,164.97,2.83
1598,539341955,"01598M09:11:11.890","01598 08:23:59",219.67,887.17,,,,"     ",5.10,165.56,2.84
1598,539341956,"01598M09:11:12.863","01598 08:24:00",219.65,887.22,,,,"     ",5.10,165.92,2.84
1598,539341957,"01598M09:11:13.837","01598 08:24:01",219.64,887.24,,,,"     ",5.10,166.62,2.85
1598,539341958,"01598M09:11:14.810","01598 08:24:02",219.64,887.22,,,,"     ",5.10,165.60,2.83
1598,539341959,"01598M09:11:15.783","01598 08:24:03",219.65,887.18,,,,"     ",5.10,164.99,2.82
1598,539341960,"01598M09:11:16.756","01598 08:24:04",219.68,887.19,,,,"     ",5.10,165.35,2.83
1598,539341961,"01598M09:11:17.730","01598 08:24:05",219.72,887.25,,,,"     ",5.10,165.22,2.82
1598,539341962,"01598M09:11:18.703","01598 08:24:06",219.77,887.14,,,,"     ",5.10,165.78,2.83
1598,539341963,"01598M09:11:19.676","01598 08:24:07",219.81,887.15,,,,"     ",5.10,165.01,2.82
1598,539341964,"01598M09:11:20.649","01598 08:24:08",219.85,887.24,,,,"     ",5.10,165.69,2.83
1598,539341965,"01598M09:11:21.623","01598 08:24:09",219.87,887.12,,,,"     ",5.10,166.18,2.83
1598,539341966,"01598M09:11:22.596","01598 08:24:09",219.89,887.06,,,,"     ",5.10,162.81,2.77
1598,539341967,"01598M09:11:23.569","01598 08:24:10",219.90,887.16,,,,"     ",5.10,166.51,2.84
1598,539341968,"01598M09:11:24.542","01598 08:24:11",219.89,887.16,,,,"     ",5.10,166.56,2.84
1598,539341969,"01598M09:11:25.516","01598 08:24:12",219.88,887.24,,,,"     ",5.10,165.04,2.81
1598,539341970,"01598M09:11:26.489","01598 08:24:13",219.86,887.17,,,,"     ",5.10,166.43,2.83
1598,539341971,"01598M09:11:27.462","01598 08:24:14",219.85,887.19,,,,"     ",5.10,164.70,2.80
1598,539341972,"01598M09:11:28.435","01598 08:24:15",219.83,887.18,,,,"     ",5.10,165.38,2.81
1598,539341973,"01598M09:11:29.409","01598 08:24:16",219.82,887.17,,,,"     ",5.10,165.35,2.81
1598,539341974,"01598M09:11:30.382","01598 08:24:17",219.82,887.16,,,,"     ",5.10,166.19,2.82
1598,539341975,"01598M09:11:31.355","01598 08:24:18",219.82,887.02,,,,"     ",5.10,164.38,2.79
1598,539341976,"01598M09:11:32.328","01598 08:24:19",219.82,887.03,,,,"     ",5.10,164.72,2.79
1598,539341977,"01598M09:11:33.302","01598 08:24:20",219.82,887.02,,,,"     ",5.10,164.69,2.79
1598,539341978,"01598M09:11:34.275","01598 08:24:21",219.83,887.01,,,,"     ",5.10,166.93,2.83
1598,539341979,"01598M09:11:35.248","01598 08:24:22",219.83,887.03,,,,"     ",5.10,165.18,2.80
1598,539341980,"01598M09:11:36.221","01598 08:24:23",219.85,886.98,,,,"     ",5.10,167.49,2.84
1598,539341981,"01598M09:11:37.195","01598 08:24:24",219.86,887.12,,,,"     ",5.10,166.50,2.82
1598,539341982,"01598M09:11:38.168","01598 08:24:25",219.87,886.97,,,,"     ",5.10,166.48,2.82
1598,539341983,"01598M09:11:39.141","01598 08:24:26",219.87,887.07,,,,"     ",5.10,164.82,2.79
1598,539341984,"01598M09:11:40.114","01598 08:24:27",219.86,887.09,,,,"     ",5.10,166.07,2.81
1598,539341985,"01598M09:11:41.088","01598 08:24:28",219.84,887.08,,,,"     ",5.10,166.69,2.82
1598,539341986,"01598M09:11:42.061","01598 08:24:29",219.83,887.12,,,,"     ",5.10,166.90,2.82
1598,539341987,"01598M09:11:43.034","01598 08:24:30",219.81,887.06,,,,"     ",5.10,167.44,2.83
1598,539341988,"01598M09:11:44.007","01598 08:24:31",219.78,887.05,,,,"     ",5.10,166.95,2.82
1598,539341989,"01598M09:11:44.981","01598 08:24:32",219.76,887.11,,,,"     ",5.10,166.57,2.81
1598,539341990,"01598M09:11:45.954","01598 08:24:33",219.73,887.17,,,,"     ",5.10,167.08,2.82
1598,539341991,"01598M09:11:46.927","01598 08:24:34",219.71,887.02,,,,"     ",5.10,167.54,2.82
1598,539341992,"01598M09:11:47.900","01598 08:24:35",219.69,887.06,,,,"     ",5.10,167.03,2.81
1598,539341993,"01598M09:11:48.874","01598 08:24:36",219.67,886.98,,,,"     ",5.10,166.66,2.80
1598,539341994,"01598M09:11:49.847","01598 08:24:37",219.65,887.04,,,,"     ",5.10,166.92,2.81
1598,539341995,"01598M09:11:50.820","01598 08:24:38",219.61,886.99,,,,"     ",5.10,166.40,2.80
1598,539341996,"01598M09:11:51.794","01598 08:24:39",219.58,887.01,,,,"     ",5.10,167.14,2.81
1598,539341997,"01598M09:11:52.767","01598 08:24:40",219.56,886.93,,,,"     ",5.10,167.40,2.81
1598,539341998,"01598M09:11:53.740","01598 08:24:41",219.55,886.95,,,,"     ",5.10,167.08,2.80
1598,539341999,"01598M09:11:54.713","01598 08:24:42",219.54,886.98,,,,"     ",5.10,166.25,2.79
1598,539342000,"01598M09:11:55.687","01598 08:24:43",219.54,886.98,,,,"     ",5.10,166.64,2.79
1598,539342001,"01598M09:11:56.660","01598 08:24:44",219.54,887.00,,,,"     ",5.10,168.02,2.82
1598,539342002,"01598M09:11:57.633","01598 08:24:45",219.53,887.00,,,,"     ",5.10,166.00,2.78
1598,539342003,"01598M09:11:58.606","01598 08:24:45",219.52,887.00,,,,"     ",5.10,167.26,2.80
1598,539342004,"01598M09:11:59.580","01598 08:24:46",219.50,887.01,,,,"     ",5.10,167.95,2.81
1598,539342005,"01598M09:12:00.553","01598 08:24:47",219.49,886.99,,,,"     ",5.10,167.01,2.80
1598,539342006,"01598M09:12:01.526","01598 08:24:48",219.48,887.07,,,,"     ",5.10,167.41,2.80
1598,539342007,"01598M09:12:02.499","01598 08:24:49",219.46,887.01,,,,"     ",5.10,168.86,2.82
1598,539342008,"01598M09:12:03.473","01598 08:24:50",219.44,886.98,,,,"     ",5.10,166.74,2.79
1598,539342009,"01598M09:12:04.446","01598 08:24:51",219.43,886.94,,,,"     ",5.10,167.21,2.79
1598,539342010,"01598M09:12:05.419","01598 08:24:52",219.41,886.98,,,,"     ",5.10,168.20,2.81
1598,539342011,"01598M09:12:06.392","01598 08:24:53",219.39,886.91,,,,"     ",5.10,167.58,2.80
1598,539342012,"01598M09:12:07.366","01598 08:24:54",219.38,886.97,,,,"     ",5.10,168.89,2.82
1598,539342013,"01598M09:12:08.339","01598 08:24:55",219.38,886.94,,,,"     ",5.10,168.60,2.81
1598,539342014,"01598M09:12:09.312","01598 08:24:56",219.39,886.99,,,,"     ",5.10,166.25,2.77
1598,539342015,"01598M09:12:10.285","01598 08:24:57",219.42,887.00,,,,"     ",5.10,169.21,2.82
1598,539342016,"01598M09:12:11.259","01598 08:24:58",219.48,886.97,,,,"     ",5.10,168.83,2.81
1598,539342017,"01598M09:12:12.232","01598 08:24:59",219.57,886.92,,,,"     ",5.10,168.28,2.80
1598,539342018,"01598M09:12:13.205","01598 08:25:00",219.68,886.91,,,,"     ",5.10,169.01,2.81
1598,539342019,"01598M09:12:14.178","01598 08:25:01",219.82,886.93,,,,"     ",5.10,167.60,2.79
1598,539342020,"01598M09:12:15.152","01598 08:25:02",219.96,886.97,,,,"     ",5.10,167.55,2.78
1598,539342021,"01598M09:12:16.125","01598 08:25:03",220.11,886.88,,,,"     ",5.10,167.83,2.79
1598,539342022,"01598M09:12:17.098","01598 08:25:04",220.27,886.94,,,,"     ",5.10,169.36,2.81
1598,539342023,"01598M09:12:18.071","01598 08:25:05",220.43,886.97,,,,"     ",5.10,168.33,2.79
1598,539342024,"01598M09:12:19.045","01598 08:25:06",220.58,887.00,,,,"     ",5.10,168.26,2.79
1598,539342025,"01598M09:12:20.018","01598 08:25:07",220.71,886.94,,,,"     ",5.10,168.01,2.79
1598,539342026,"01598M09:12:20.991","01598 08:25:08",220.81,886.86,,,,"     ",5.10,168.51,2.79
1598,539342027,"01598M09:12:21.964","01598 08:25:09",220.88,886.95,,,,"     ",5.10,169.24,2.80
1598,539342028,"01598M09:12:22.938","01598 08:25:10",220.93,886.91,,,,"     ",5.10,167.86,2.78
1598,539342029,"01598M09:12:23.911","01598 08:25:11",220.94,886.90,,,,"     ",5.10,170.05,2.81
1598,539342030,"01598M09:12:24.884","01598 08:25:12",220.92,886.98,,,,"     ",5.10,167.57,2.77
1598,539342031,"01598M09:12:25.857","01598 08:25:13",220.87,886.86,,,,"     ",5.10,168.53,2.79
1598,539342032,"01598M09:12:26.831","01598 08:25:14",220.81,886.90,,,,"     ",5.10,168.92,2.79
1598,539342033,"01598M09:12:27.804","01598 08:25:15",220.75,886.89,,,,"     ",5.10,169.78,2.80
1598,539342034,"01598M09:12:28.777","01598 08:25:16",220.68,886.88,,,,"     ",5.10,169.35,2.80
1598,539342035,"01598M09:12:29.750","01598 08:25:17",220.62,886.91,,,,"     ",5.10,168.31,2.78
1598,539342036,"01598M09:12:30.724","01598 08:25:18",220.58,886.90,,,,"     ",5.10,167.82,2.77
1598,539342037,"01598M09:12:31.697","01598 08:25:19",220.54,886.84,,,,"     ",5.10,169.44,2.79
1598,539342038,"01598M09:12:32.670","01598 08:25:20",220.52,886.85,,,,"     ",5.10,168.74,2.78
1598,539342039,"01598M09:12:33.643","01598 08:25:21",220.51,886.93,,,,"     ",5.10,168.93,2.78
1598,539342040,"01598M09:12:34.617","01598 08:25:21",220.50,886.90,,,,"     ",5.10,170.04,2.80
1598,539342041,"01598M09:12:35.590","01598 08:25:22",220.50,886.94,,,,"     ",5.10,169.88,2.79
1598,539342042,"01598M09:12:36.563","01598 08:25:23",220.50,886.88,,,,"     ",5.10,170.00,2.79
1598,539342043,"01598M09:12:37.536","01598 08:25:24",220.49,886.85,,,,"     ",5.10,170.05,2.79
1598,539342044,"01598M09:12:38.510","01598 08:25:25",220.47,886.80,,,,"     ",5.10,169.87,2.79
1598,539342045,"01598M09:12:39.483","01598 08:25:26",220.45,886.71,,,,"     ",5.10,170.00,2.79
1598,539342046,"01598M09:12:40.456","01598 08:25:27",220.43,886.74,,,,"     ",5.10,170.31,2.79
1598,539342047,"01598M09:12:41.429","01598 08:25:28",220.41,886.79,,,,"     ",5.10,169.63,2.78
1598,539342048,"01598M09:12:42.403","01598 08:25:29",220.39,886.74,,,,"     ",5.10,169.68,2.78
1598,539342049,"01598M09:12:43.376","01598 08:25:30",220.38,886.81,,,,"     ",5.10,170.04,2.79
1598,539342050,"01598M09:12:44.349","01598 08:25:31",220.36,886.78,,,,"     ",5.10,170.30,2.79
1598,539342051,"01598M09:12:45.322","01598 08:25:32",220.35,886.81,,,,"     ",5.10,170.25,2.79
1598,539342052,"01598M09:12:46.296","01598 08:25:33",220.35,886.77,,,,"     ",5.10,171.65,2.81
1598,539342053,"01598M09:12:47.269","01598 08:25:34",220.34,886.83,,,,"     ",5.10,171.44,2.80
1598,539342054,"01598M09:12:48.242","01598 08:25:35",220.33,886.76,,,,"     ",5.10,169.38,2.77
1598,539342055,"01598M09:12:49.215","01598 08:25:36",220.31,886.70,,,,"     ",5.10,169.65,2.77
1598,539342056,"01598M09:12:50.189","01598 08:25:37",220.28,886.78,,,,"     ",5.10,168.94,2.76
1598,539342057,"01598M09:12:51.162","01598 08:25:38",220.26,886.77,,,,"     ",5.10,171.01,2.79
1598,539342058,"01598M09:12:52.135","01598 08:25:39",220.24,886.80,,,,"     ",5.10,170.26,2.78
1598,539342059,"01598M09:12:53.108","01598 08:25:40",220.22,886.84,,,,"     ",5.10,169.92,2.77
1598,539342060,"01598M09:12:54.082","01598 08:25:41",220.22,886.80,,,,"     ",5.10,169.97,2.77
1598,539342061,"01598M09:12:55.055","01598 08:25:42",220.23,886.85,,,,"     ",5.10,170.08,2.77
1598,539342062,"01598M09:12:56.028","01598 08:25:43",220.26,886.87,,,,"     ",5.10,170.53,2.78
1598,539342063,"01598M09:12:57.001","01598 08:25:44",220.30,886.85,,,,"     ",5.10,171.83,2.80
1598,539342064,"01598M09:12:57.975","01598 08:25:45",220.36,886.80,,,,"     ",5.10,170.11,2.77
1598,539342065,"01598M09:12:58.948","01598 08:25:46",220.44,886.82,,,,"     ",5.10,170.42,2.77
1598,539342066,"01598M09:12:59.921","01598 08:25:47",220.52,886.70,,,,"     ",5.10,169.07,2.75
1598,539342067,"01598M09:13:00.894","01598 08:25:48",220.61,886.72,,,,"     ",5.10,169.73,2.76
1598,539342068,"01598M09:13:01.868","01598 08:25:49",220.70,886.69,,,,"     ",5.10,170.73,2.77
1598,539342069,"01598M09:13:02.841","01598 08:25:50",220.79,886.80,,,,"     ",5.10,169.73,2.75
1598,539342070,"01598M09:13:03.814","01598 08:25:51",220.87,886.77,,,,"     ",5.10,171.02,2.77
1598,539342071,"01598M09:13:04.788","01598 08:25:52",220.94,886.77,,,,"     ",5.10,171.49,2.78
1598,539342072,"01598M09:13:05.761","01598 08:25:53",221.00,886.81,,,,"     ",5.10,171.52,2.78
1598,539342073,"01598M09:13:06.734","01598 08:25:54",221.05,886.72,,,,"     ",5.10,172.40,2.79
1598,539342074,"01598M09:13:07.707","01598 08:25:55",221.09,886.75,,,,"     ",5.10,172.18,2.79
1598,539342075,"01598M09:13:08.681","01598 08:25:56",221.12,886.71,,,,"     ",5.10,170.63,2.76
1598,539342076,"01598M09:13:09.654","01598 08:25:57",221.14,886.77,,,,"     ",5.10,171.38,2.77
1598,539342077,"01598M09:13:10.627","01598 08:25:57",221.17,886.76,,,,"     ",5.10,170.83,2.76
1598,539342078,"01598M09:13:11.600","01598 08:25:58",221.20,886.73,,,,"     ",5.10,171.40,2.77
1598,539342079,"01598M09:13:12.574","01598 08:25:59",221.21,886.67,,,,"     ",5.10,170.49,2.75
1598,539342080,"01598M09:13:13.547","01598 08:26:00",221.23,886.62,,,,"     ",5.10,171.64,2.77
1598,539342081,"01598M09:13:14.520","01598 08:26:01",221.24,886.73,,,,"     ",5.10,170.48,2.75
1598,539342082,"01598M09:13:15.493","01598 08:26:02",221.25,886.74,,,,"     ",5.10,171.78,2.77
1598,539342083,"01598M09:13:16.467","01598 08:26:03",221.26,886.83,,,,"     ",5.10,171.73,2.77
1598,539342084,"01598M09:13:17.440","01598 08:26:04",221.28,886.78,,,,"     ",5.10,172.56,2.78
1598,539342085,"01598M09:13:18.413","01598 08:26:05",221.29,886.80,,,,"     ",5.10,172.10,2.77
1598,539342086,"01598M09:13:19.386","01598 08:26:06",221.32,886.80,,,,"     ",5.10,171.50,2.76
1598,539342087,"01598M09:13:20.360","01598 08:26:07",221.34,886.79,,,,"     ",5.10,171.06,2.75
1598,539342088,"01598M09:13:21.333","01598 08:26:08",221.38,886.77,,,,"     ",5.10,172.08,2.77
1598,539342089,"01598M09:13:22.306","01598 08:26:09",221.41,886.69,,,,"     ",5.10,172.42,2.77
1598,539342090,"01598M09:13:23.279","01598 08:26:10",221.45,886.63,,,,"     ",5.10,171.36,2.75
1598,539342091,"01598M09:13:24.253","01598 08:26:11",221.49,886.74,,,,"     ",5.10,171.47,2.76
1598,539342092,"01598M09:13:25.226","01598 08:26:12",221.52,886.74,,,,"     ",5.10,172.16,2.77
1598,539342093,"01598M09:13:26.199","01598 08:26:13",221.55,886.68,,,,"     ",5.10,169.90,2.72
1598,539342094,"01598M09:13:27.172","01598 08:26:14",221.57,886.69,,,,"     ",5.10,172.41,2.77
1598,539342095,"01598M09:13:28.146","01598 08:26:15",221.60,886.65,,,,"     ",5.10,171.89,2.76
1598,539342096,"01598M09:13:29.119","01598 08:26:16",221.64,886.64,,,,"     ",5.10,171.87,2.75
1598,539342097,"01598M09:13:30.092","01598 08:26:17",221.69,886.60,,,,"     ",5.10,170.88,2.74
1598,539342098,"01598M09:13:31.065","01598 08:26:18",221.76,886.70,,,,"     ",5.10,172.48,2.76
1598,539342099,"01598M09:13:32.039","01598 08:26:19",221.84,886.65,,,,"     ",5.10,171.87,2.75
1598,539342100,"01598M09:13:33.012","01598 08:26:20",221.93,886.60,,,,"     ",5.10,172.60,2.76
1598,539342101,"01598M09:13:33.985","01598 08:26:21",222.04,886.61,,,,"     ",5.10,172.47,2.76
1598,539342102,"01598M09:13:34.958","01598 08:26:22",222.16,886.62,,,,"     ",5.10,171.02,2.73
1598,539342103,"01598M09:13:35.932","01598 08:26:23",222.29,886.62,,,,"     ",5.10,173.26,2.77
1598,539342104,"01598M09:13:36.905","01598 08:26:24",222.42,886.61,,,,"     ",5.10,171.98,2.75
1598,539342105,"01598M09:13:37.878","01598 08:26:25",222.55,886.57,,,,"     ",5.10,171.73,2.74
1598,539342106,"01598M09:13:38.851","01598 08:26:26",222.66,886.55,,,,"     ",5.10,171.18,2.73
1598,539342107,"01598M09:13:39.825","01598 08:26:27",222.76,886.59,,,,"     ",5.10,171.42,2.73
1598,539342108,"01598M09:13:40.798","01598 08:26:28",222.83,886.65,,,,"     ",5.10,171.89,2.74
1598,539342109,"01598M09:13:41.771","01598 08:26:29",222.88,886.62,,,,"     ",5.10,171.50,2.73
1598,539342110,"01598M09:13:42.744","01598 08:26:30",222.90,886.69,,,,"     ",5.10,171.14,2.72
1598,539342111,"01598M09:13:43.718","01598 08:26:31",222.91,886.62,,,,"     ",5.10,172.74,2.75
1598,539342112,"01598M09:13:44.691","01598 08:26:32",222.90,886.65,,,,"     ",5.10,172.50,2.74
1598,539342113,"01598M09:13:45.664","01598 08:26:33",222.89,886.57,,,,"     ",5.10,174.46,2.77
1598,539342114,"01598M09:13:46.637","01598 08:26:33",222.88,886.45,,,,"     ",5.10,172.72,2.74
1598,539342115,"01598M09:13:47.611","01598 08:26:34",222.88,886.57,,,,"     ",5.10,172.15,2.73
1598,539342116,"01598M09:13:48.584","01598 08:26:35",222.90,886.52,,,,"     ",5.10,171.73,2.72
1598,539342117,"01598M09:13:49.557","01598 08:26:36",222.92,886.56,,,,"     ",5.10,173.64,2.76
1598,539342118,"01598M09:13:50.530","01598 08:26:37",222.97,886.53,,,,"     ",5.10,171.84,2.73
1598,539342119,"01598M09:13:51.504","01598 08:26:38",223.03,886.55,,,,"     ",5.10,172.95,2.74
1598,539342120,"01598M09:13:52.477","01598 08:26:39",223.10,886.64,,,,"     ",5.10,172.38,2.73
1598,539342121,"01598M09:13:53.450","01598 08:26:40",223.20,886.66,,,,"     ",5.10,171.57,2.72
1598,539342122,"01598M09:13:54.423","01598 08:26:41",223.30,886.49,,,,"     ",5.10,173.01,2.74
1598,539342123,"01598M09:13:55.397","01598 08:26:42",223.42,886.49,,,,"     ",5.10,173.51,2.75
1598,539342124,"01598M09:13:56.370","01598 08:26:43",223.54,886.54,,,,"     ",5.10,174.15,2.75
1598,539342125,"01598M09:13:57.343","01598 08:26:44",223.66,886.59,,,,"     ",5.10,173.50,2.74
1598,539342126,"01598M09:13:58.316","01598 08:26:45",223.77,886.55,,,,"     ",5.10,172.97,2.73
1598,539342127,"01598M09:13:59.290","01598 08:26:46",223.86,886.45,,,,"     ",5.10,173.20,2.73
1598,539342128,"01598M09:14:00.263","01598 08:26:47",223.94,886.51,,,,"     ",5.10,173.16,2.73
1598,539342129,"01598M09:14:01.236","01598 08:26:48",223.99,886.53,,,,"     ",5.10,173.33,2.73
1598,539342130,"01598M09:14:02.209","01598 08:26:49",224.01,886.41,,,,"     ",5.10,173.40,2.73
1598,539342131,"01598M09:14:03.183","01598 08:26:50",224.02,886.48,,,,"     ",5.10,173.84,2.74
1598,539342132,"01598M09:14:04.156","01598 08:26:51",224.00,886.46,,,,"     ",5.10,174.55,2.75
1598,539342133,"01598M09:14:05.129","01598 08:26:52",223.98,886.45,,,,"     ",5.10,175.02,2.75
1598,539342134,"01598M09:14:06.102","01598 08:26:53",223.94,886.51,,,,"     ",5.10,174.44,2.74
1598,539342135,"01598M09:14:07.076","01598 08:26:54",223.89,886.50,,,,"     ",5.10,174.70,2.75
1598,539342136,"01598M09:14:08.049","01598 08:26:55",223.84,886.54,,,,"     ",5.10,173.60,2.73
1598,539342137,"01598M09:14:09.022","01598 08:26:56",223.79,886.49,,,,"     ",5.10,172.82,2.71
1598,539342138,"01598M09:14:09.995","01598 08:26:57",223.75,886.43,,,,"     ",5.10,173.23,2.72
1598,539342139,"01598M09:14:10.969","01598 08:26:58",223.73,886.48,,,,"     ",5.10,175.06,2.74
1598,539342140,"01598M09:14:11.942","01598 08:26:59",223.71,886.50,,,,"     ",5.10,174.50,2.73
1598,539342141,"01598M09:14:12.915","01598 08:27:00",223.71,886.54,,,,"     ",5.10,174.07,2.73
1598,539342142,"01598M09:14:13.889","01598 08:27:01",223.72,886.43,,,,"     ",5.10,174.49,2.73
1598,539342143,"01598M09:14:14.862","01598 08:27:02",223.74,886.42,,,,"     ",5.10,175.56,2.75
1598,539342144,"01598M09:14:15.835","01598 08:27:03",223.76,886.44,,,,"     ",5.10,174.68,2.73
1598,539342145,"01598M09:14:16.808","01598 08:27:04",223.78,886.48,,,,"     ",5.10,173.78,2.72
1598,539342146,"01598M09:14:17.782","01598 08:27:05",223.80,886.45,,,,"     ",5.10,173.95,2.72
1598,539342147,"01598M09:14:18.755","01598 08:27:06",223.82,886.36,,,,"     ",5.10,175.09,2.73
1598,539342148,"01598M09:14:19.728","01598 08:27:07",223.85,886.45,,,,"     ",5.10,174.35,2.72
1598,539342149,"01598M09:14:20.701","01598 08:27:08",223.88,886.50,,,,"     ",5.10,175.53,2.74
1598,539342150,"01598M09:14:21.675","01598 08:27:09",223.93,886.48,,,,"     ",5.10,175.40,2.73
1598,539342151,"01598M09:14:22.648","01598 08:27:09",223.98,886.47,,,,"     ",5.10,173.99,2.71
1598,539342152,"01598M09:14:23.621","01598 08:27:10",224.02,886.43,,,,"     ",5.10,176.24,2.74
1598,539342153,"01598M09:14:24.594","01598 08:27:11",224.06,886.41,,,,"     ",5.10,174.01,2.71
1598,539342154,"01598M09:14:25.568","01598 08:27:12",224.09,886.38,,,,"     ",5.10,174.31,2.71
1598,539342155,"01598M09:14:26.541","01598 08:27:13",224.11,886.41,,,,"     ",5.10,174.83,2.72
1598,539342156,"01598M09:14:27.514","01598 08:27:14",224.13,886.40,,,,"     ",5.10,175.34,2.72
1598,539342157,"01598M09:14:28.487","01598 08:27:15",224.15,886.35,,,,"     ",5.10,174.09,2.70
1598,539342158,"01598M09:14:29.461","01598 08:27:16",224.19,886.37,,,,"     ",5.10,174.99,2.71
1598,539342159,"01598M09:14:30.434","01598 08:27:17",224.23,886.30,,,,"     ",5.10,176.45,2.74
1598,539342160,"01598M09:14:31.407","01598 08:27:18",224.28,886.31,,,,"     ",5.10,173.82,2.69
1598,539342161,"01598M09:14:32.380","01598 08:27:19",224.31,886.41,,,,"     ",5.10,175.97,2.73
1598,539342162,"01598M09:14:33.354","01598 08:27:20",224.34,886.38,,,,"     ",5.10,174.67,2.70
1598,539342163,"01598M09:14:34.327","01598 08:27:21",224.35,886.38,,,,"     ",5.10,175.04,2.71
1598,539342164,"01598M09:14:35.300","01598 08:27:22",224.38,886.36,,,,"     ",5.10,176.51,2.73
1598,539342165,"01598M09:14:36.273","01598 08:27:23",224.41,886.35,,,,"     ",5.10,176.23,2.72
1598,539342166,"01598M09:14:37.247","01598 08:27:24",224.46,886.41,,,,"     ",5.10,176.66,2.73
1598,539342167,"01598M09:14:38.220","01598 08:27:25",224.52,886.37,,,,"     ",5.10,175.76,2.71
1598,539342168,"01598M09:14:39.193","01598 08:27:26",224.60,886.34,,,,"     ",5.10,175.45,2.71
1598,539342169,"01598M09:14:40.166","01598 08:27:27",224.70,886.27,,,,"     ",5.10,173.95,2.68
1598,539342170,"01598M09:14:41.140","01598 08:27:28",224.79,886.30,,,,"     ",5.10,175.94,2.71
1598,539342171,"01598M09:14:42.113","01598 08:27:29",224.87,886.37,,,,"     ",5.10,176.56,2.72
1598,539342172,"01598M09:14:43.086","01598 08:27:30",224.94,886.32,,,,"     ",5.10,176.24,2.71
1598,539342173,"01598M09:14:44.059","01598 08:27:31",225.00,886.28,,,,"     ",5.10,175.44,2.70
1598,539342174,"01598M09:14:45.033","01598 08:27:32",225.04,886.30,,,,"     ",5.10,175.93,2.71
1598,539342175,"01598M09:14:46.006","01598 08:27:33",225.07,886.23,,,,"     ",5.10,175.99,2.71
1598,539342176,"01598M09:14:46.979","01598 08:27:34",225.09,886.44,,,,"     ",5.10,175.05,2.69
1598,539342177,"01598M09:14:47.952","01598 08:27:35",225.11,886.31,,,,"     ",5.10,176.79,2.71
1598,539342178,"01598M09:14:48.926","01598 08:27:36",225.12,886.28,,,,"     ",5.10,176.89,2.71
1598,539342179,"01598M09:14:49.899","01598 08:27:37",225.11,886.32,,,,"     ",5.10,177.42,2.72
1598,539342180,"01598M09:14:50.872","01598 08:27:38",225.07,886.32,,,,"     ",5.10,175.67,2.69
1598,539342181,"01598M09:14:51.845","01598 08:27:39",225.03,886.33,,,,"     ",5.10,176.44,2.70
1598,539342182,"01598M09:14:52.819","01598 08:27:40",225.62,886.28,,,,"     ",5.10,177.72,2.72
1598,539342183,"01598M09:14:53.792","01598 08:27:41",225.58,886.29,,,,"     ",5.10,175.68,2.69
1598,539342184,"01598M09:14:54.765","01598 08:27:42",225.53,886.36,,,,"     ",5.10,176.07,2.69
1598,539342185,"01598M09:14:55.738","01598 08:27:43",225.47,886.34,,,,"     ",5.10,177.75,2.72
1598,539342186,"01598M09:14:56.712","01598 08:27:44",226.00,886.31,,,,"     ",5.10,176.65,2.70
1598,539342187,"01598M09:14:57.685","01598 08:27:45",225.93,886.38,,,,"     ",5.10,176.95,2.70
1598,539342188,"01598M09:14:58.658","01598 08:27:45",225.87,886.34,,,,"     ",5.10,178.45,2.72
1598,539342189,"01598M09:14:59.631","01598 08:27:46",225.82,886.24,,,,"     ",5.10,177.71,2.71
1598,539342190,"01598M09:15:00.605","01598 08:27:47",225.79,886.24,,,,"     ",5.10,175.71,2.68
1598,539342191,"01598M09:15:01.578","01598 08:27:48",225.77,886.33,,,,"     ",5.10,176.50,2.69
1598,539342192,"01598M09:15:02.551","01598 08:27:49",225.76,886.27,,,,"     ",5.10,176.99,2.70
1598,539342193,"01598M09:15:03.524","01598 08:27:50",225.75,886.29,,,,"     ",5.10,176.02,2.68
1598,539342194,"01598M09:15:04.498","01598 08:27:51",225.76,886.28,,,,"     ",5.10,177.31,2.70
1598,539342195,"01598M09:15:05.471","01598 08:27:52",225.78,886.35,,,,"     ",5.10,177.67,2.70
1598,539342196,"01598M09:15:06.444","01598 08:27:53",225.81,886.34,,,,"     ",5.10,178.08,2.71
1598,539342197,"01598M09:15:07.417","01598 08:27:54",225.84,886.32,,,,"     ",5.10,178.20,2.71
1598,539342198,"01598M09:15:08.391","01598 08:27:55",225.87,886.32,,,,"     ",5.10,178.03,2.70
1598,539342199,"01598M09:15:09.364","01598 08:27:56",225.89,886.30,,,,"     ",5.10,177.82,2.70
1598,539342200,"01598M09:15:10.337","01598 08:27:57",225.92,886.29,,,,"     ",5.10,178.08,2.70
1598,539342201,"01598M09:15:11.310","01598 08:27:58",225.94,886.22,,,,"     ",5.10,177.77,2.70
1598,539342202,"01598M09:15:12.284","01598 08:27:59",225.95,886.21,,,,"     ",5.10,178.74,2.71
1598,539342203,"01598M09:15:13.257","01598 08:28:00",225.95,886.15,,,,"     ",5.10,177.94,2.70
1598,539342204,"01598M09:15:14.230","01598 08:28:01",225.94,886.17,,,,"     ",5.10,176.43,2.67
1598,539342205,"01598M09:15:15.203","01598 08:28:02",225.91,886.20,,,,"     ",5.10,179.09,2.71
1598,539342206,"01598M09:15:16.177","01598 08:28:03",225.89,886.20,,,,"     ",5.10,178.83,2.71
1598,539342207,"01598M09:15:17.150","01598 08:28:04",225.87,886.22,,,,"     ",5.10,179.48,2.72
1598,539342208,"01598M09:15:18.123","01598 08:28:05",225.84,886.24,,,,"     ",5.10,177.93,2.69
1598,539342209,"01598M09:15:19.096","01598 08:28:06",225.82,886.28,,,,"     ",5.10,177.85,2.69
1598,539342210,"01598M09:15:20.070","01598 08:28:07",225.80,886.26,,,,"     ",5.10,178.22,2.69
1598,539342211,"01598M09:15:21.043","01598 08:28:08",225.78,886.28,,,,"     ",5.10,179.71,2.72
1598,539342212,"01598M09:15:22.016","01598 08:28:09",225.77,886.25,,,,"     ",5.10,177.50,2.68
1598,539342213,"01598M09:15:22.990","01598 08:28:10",225.77,886.17,,,,"     ",5.10,178.67,2.70
1598,539342214,"01598M09:15:23.963","01598 08:28:11",225.77,886.12,,,,"     ",5.10,178.93,2.70
1598,539342215,"01598M09:15:24.936","01598 08:28:12",225.77,886.22,,,,"     ",5.10,177.74,2.68
1598,539342216,"01598M09:15:25.909","01598 08:28:13",225.78,886.17,,,,"     ",5.10,179.94,2.71
1598,539342217,"01598M09:15:26.883","01598 08:28:14",225.79,886.17,,,,"     ",5.10,178.13,2.68
1598,539342218,"01598M09:15:27.856","01598 08:28:15",225.80,886.11,,,,"     ",5.10,179.83,2.71
1598,539342219,"01598M09:15:28.829","01598 08:28:16",225.82,886.15,,,,"     ",5.10,180.54,2.72
1598,539342220,"01598M09:15:29.802","01598 08:28:17",225.83,886.15,,,,"     ",5.10,178.73,2.69
1598,539342221,"01598M09:15:30.776","01598 08:28:18",225.84,886.21,,,,"     ",5.10,178.61,2.69
1598,539342222,"01598M09:15:31.749","01598 08:28:19",225.86,886.18,,,,"     ",5.10,178.64,2.68
1598,539342223,"01598M09:15:32.722","01598 08:28:20",225.88,886.14,,,,"     ",5.10,179.16,2.69
1598,539342224,"01598M09:15:33.695","01598 08:28:21",225.90,886.16,,,,"     ",5.10,180.93,2.72
1598,539342225,"01598M09:15:34.669","01598 08:28:22",225.91,886.05,,,,"     ",5.10,179.57,2.70
1598,539342226,"01598M09:15:35.642","01598 08:28:22",225.92,886.10,,,,"     ",5.10,180.94,2.72
1598,539342227,"01598M09:15:36.615","01598 08:28:23",225.92,886.14,,,,"     ",5.10,179.43,2.69
1598,539342228,"01598M09:15:37.588","01598 08:28:24",225.90,886.12,,,,"     ",5.10,180.64,2.71
1598,539342229,"01598M09:15:38.562","01598 08:28:25",225.87,886.09,,,,"     ",5.10,179.16,2.68
1598,539342230,"01598M09:15:39.535","01598 08:28:26",225.85,886.10,,,,"     ",5.10,179.08,2.68
1598,539342231,"01598M09:15:40.508","01598 08:28:27",225.84,886.13,,,,"     ",5.10,180.04,2.70
1598,539342232,"01598M09:15:41.481","01598 08:28:28",224.29,886.12,,,,"     ",5.10,179.47,2.69
1598,539342233,"01598M09:15:42.455","01598 08:28:29",224.19,886.15,,,,"     ",5.10,179.23,2.68
1598,539342234,"01598M09:15:43.428","01598 08:28:30",224.09,886.13,,,,"     ",5.10,180.00,2.69
1598,539342235,"01598M09:15:44.401","01598 08:28:31",224.00,886.18,,,,"     ",5.10,180.82,2.70
1598,539342236,"01598M09:15:45.374","01598 08:28:32",223.93,886.13,,,,"     ",5.10,178.95,2.67
1598,539342237,"01598M09:15:46.348","01598 08:28:33",223.87,886.18,,,,"     ",5.10,181.60,2.71
1598,539342238,"01598M09:15:47.321","01598 08:28:34",223.82,886.12,,,,"     ",5.10,180.49,2.69
1598,539342239,"01598M09:15:48.294","01598 08:28:35",223.78,886.13,,,,"     ",5.10,179.91,2.68
1598,539342240,"01598M09:15:49.267","01598 08:28:36",223.75,886.09,,,,"     ",5.10,180.58,2.69
1598,539342241,"01598M09:15:50.241","01598 08:28:37",223.73,886.12,,,,"     ",5.10,180.11,2.68
1598,539342242,"01598M09:15:51.214","01598 08:28:38",223.73,886.16,,,,"     ",5.10,180.20,2.68
1598,539342243,"01598M09:15:52.187","01598 08:28:39",223.74,886.17,,,,"     ",5.10,180.61,2.69
1598,539342244,"01598M09:15:53.160","01598 08:28:40",223.75,886.16,,,,"     ",5.10,179.70,2.67
1598,539342245,"01598M09:15:54.134","01598 08:28:41",223.77,886.02,,,,"     ",5.10,180.33,2.68
1598,539342246,"01598M09:15:55.107","01598 08:28:42",223.81,886.08,,,,"     ",5.10,180.51,2.68
1598,539342247,"01598M09:15:56.080","01598 08:28:43",223.86,886.10,,,,"     ",5.10,179.85,2.67
1598,539342248,"01598M09:15:57.053","01598 08:28:44",223.92,886.12,,,,"     ",5.10,179.20,2.66
1598,539342249,"01598M09:15:58.027","01598 08:28:45",223.99,886.01,,,,"     ",5.10,181.33,2.69
1598,539342250,"01598M09:15:59.000","01598 08:28:46",224.01,886.10,,,,"     ",5.10,180.54,2.68
1598,539342251,"01598M09:15:59.973","01598 08:28:47",223.92,886.09,,,,"     ",5.10,180.85,2.68
1598,539342252,"01598M09:16:00.946","01598 08:28:48",223.83,886.08,,,,"     ",5.10,179.70,2.67
1598,539342253,"01598M09:16:01.920","01598 08:28:49",223.74,886.17,,,,"     ",5.10,180.50,2.68
1598,539342254,"01598M09:16:02.893","01598 08:28:50",223.66,886.13,,,,"     ",5.10,180.30,2.67
1598,539342255,"01598M09:16:03.866","01598 08:28:51",223.58,886.10,,,,"     ",5.10,180.29,2.67
1598,539342256,"01598M09:16:04.839","01598 08:28:52",223.50,886.10,,,,"     ",5.10,181.19,2.68
1598,539342257,"01598M09:16:05.813","01598 08:28:53",223.43,886.08,,,,"     ",5.10,180.77,2.68
1598,539342258,"01598M09:16:06.786","01598 08:28:54",223.36,886.05,,,,"     ",5.10,181.18,2.68
1598,539342259,"01598M09:16:07.759","01598 08:28:55",223.30,886.03,,,,"     ",5.10,180.53,2.67
1598,539342260,"01598M09:16:08.732","01598 08:28:56",223.25,886.03,,,,"     ",5.10,181.29,2.68
1598,539342261,"01598M09:16:09.706","01598 08:28:57",223.19,886.03,,,,"     ",5.10,180.40,2.67
1598,539342262,"01598M09:16:10.679","01598 08:28:58",223.14,885.95,,,,"     ",5.10,180.17,2.66
1598,539342263,"01598M09:16:11.652","01598 08:28:58",223.08,886.04,,,,"     ",5.10,180.45,2.66
1598,539342264,"01598M09:16:12.625","01598 08:28:59",223.03,886.05,,,,"     ",5.10,180.75,2.67
1598,539342265,"01598M09:16:13.599","01598 08:29:00",223.00,886.01,,,,"     ",5.10,180.43,2.66
1598,539342266,"01598M09:16:14.572","01598 08:29:01",222.98,885.99,,,,"     ",5.10,180.80,2.67
1598,539342267,"01598M09:16:15.545","01598 08:29:02",222.97,885.98,,,,"     ",5.10,180.53,2.66
1598,539342268,"01598M09:16:16.518","01598 08:29:03",222.97,885.99,,,,"     ",5.10,180.87,2.66
1598,539342269,"01598M09:16:17.492","01598 08:29:04",222.98,885.98,,,,"     ",5.10,180.64,2.66
1598,539342270,"01598M09:16:18.465","01598 08:29:05",222.99,885.98,,,,"     ",5.10,181.38,2.67
1598,539342271,"01598M09:16:19.438","01598 08:29:06",223.00,886.03,,,,"     ",5.10,180.07,2.65
1598,539342272,"01598M09:16:20.411","01598 08:29:07",223.01,885.99,,,,"     ",5.10,180.89,2.66
1598,539342273,"01598M09:16:21.385","01598 08:29:08",223.01,885.97,,,,"     ",5.10,181.43,2.67
1598,539342274,"01598M09:16:22.358","01598 08:29:09",223.01,886.02,,,,"     ",5.10,179.81,2.64
1598,539342275,"01598M09:16:23.331","01598 08:29:10",223.00,885.93,,,,"     ",5.10,181.27,2.66
1598,539342276,"01598M09:16:24.304","01598 08:29:11",222.99,885.94,,,,"     ",5.10,182.37,2.68
1598,539342277,"01598M09:16:25.278","01598 08:29:12",222.97,885.93,,,,"     ",5.10,181.31,2.66
1598,539342278,"01598M09:16:26.251","01598 08:29:13",222.95,885.93,,,,"     ",5.10,181.74,2.67
1598,539342279,"01598M09:16:27.224","01598 08:29:14",222.94,886.03,,,,"     ",5.10,181.79,2.67
1598,539342280,"01598M09:16:28.197","01598 08:29:15",222.94,886.06,,,,"     ",5.10,181.66,2.66
1598,539342281,"01598M09:16:29.171","01598 08:29:16",222.95,886.02,,,,"     ",5.10,182.42,2.67
1598,539342282,"01598M09:16:30.144","01598 08:29:17",222.97,886.01,,,,"     ",5.10,182.59,2.67
1598,539342283,"01598M09:16:31.117","01598 08:29:18",223.00,886.04,,,,"     ",5.10,181.62,2.66
1598,539342284,"01598M09:16:32.091","01598 08:29:19",223.02,886.02,,,,"     ",5.10,181.26,2.65
1598,539342285,"01598M09:16:33.064","01598 08:29:20",223.06,886.00,,,,"     ",5.10,181.16,2.65
1598,539342286,"01598M09:16:34.037","01598 08:29:21",223.11,886.01,,,,"     ",5.10,182.61,2.67
1598,539342287,"01598M09:16:35.010","01598 08:29:22",223.18,885.99,,,,"     ",5.10,181.87,2.66
1598,539342288,"01598M09:16:35.984","01598 08:29:23",223.25,885.96,,,,"     ",5.10,182.17,2.66
1598,539342289,"01598M09:16:36.957","01598 08:29:24",223.34,885.87,,,,"     ",5.10,183.11,2.68
1598,539342290,"01598M09:16:37.930","01598 08:29:25",223.41,885.84,,,,"     ",5.10,182.21,2.66
1598,539342291,"01598M09:16:38.903","01598 08:29:26",223.46,885.99,,,,"     ",5.10,181.80,2.65
1598,539342292,"01598M09:16:39.877","01598 08:29:27",223.50,885.89,,,,"     ",5.10,180.44,2.63
1598,539342293,"01598M09:16:40.850","01598 08:29:28",223.51,885.94,,,,"     ",5.10,182.23,2.66
1598,539342294,"01598M09:16:41.823","01598 08:29:29",223.50,885.90,,,,"     ",5.10,180.78,2.63
1598,539342295,"01598M09:16:42.796","01598 08:29:30",223.49,885.85,,,,"     ",5.10,183.72,2.68
1598,539342296,"01598M09:16:43.770","01598 08:29:31",223.48,885.91,,,,"     ",5.10,183.59,2.67
1598,539342297,"01598M09:16:44.743","01598 08:29:32",223.48,885.85,,,,"     ",5.10,181.59,2.64
1598,539342298,"01598M09:16:45.716","01598 08:29:33",223.50,885.83,,,,"     ",5.10,183.54,2.67
1598,539342299,"01598M09:16:46.689","01598 08:29:34",223.53,885.79,,,,"     ",5.10,182.79,2.66
1598,539342300,"01598M09:16:47.663","01598 08:29:34",223.57,885.79,,,,"     ",5.10,182.19,2.65
1598,539342301,"01598M09:16:48.636","01598 08:29:35",223.64,885.86,,,,"     ",5.10,182.71,2.66
1598,539342302,"01598M09:16:49.609","01598 08:29:36",223.72,885.86,,,,"     ",5.10,183.98,2.67
1598,539342303,"01598M09:16:50.582","01598 08:29:37",223.80,885.92,,,,"     ",5.10,182.60,2.65
1598,539342304,"01598M09:16:51.556","01598 08:29:38",223.88,885.92,,,,"     ",5.10,182.17,2.64
1598,539342305,"01598M09:16:52.529","01598 08:29:39",223.95,885.89,,,,"     ",5.10,181.94,2.64
1598,539342306,"01598M09:16:53.502","01598 08:29:40",224.01,885.92,,,,"     ",5.10,181.14,2.63
1598,539342307,"01598M09:16:54.475","01598 08:29:41",224.05,885.89,,,,"     ",5.10,182.79,2.65
1598,539342308,"01598M09:16:55.449","01598 08:29:42",224.06,885.91,,,,"     ",5.10,183.25,2.66
1598,539342309,"01598M09:16:56.422","01598 08:29:43",224.06,885.95,,,,"     ",5.10,180.52,2.61
1598,539342310,"01598M09:16:57.395","01598 08:29:44",224.04,885.93,,,,"     ",5.10,181.91,2.63
1598,539342311,"01598M09:16:58.368","01598 08:29:45",224.03,885.94,,,,"     ",5.10,182.88,2.65
1598,539342312,"01598M09:16:59.342","01598 08:29:46",224.01,885.97,,,,"     ",5.10,181.66,2.63
1598,539342313,"01598M09:17:00.315","01598 08:29:47",224.02,885.90,,,,"     ",5.10,182.71,2.64
1598,539342314,"01598M09:17:01.288","01598 08:29:48",224.04,885.77,,,,"     ",5.10,184.07,2.66
1598,539342315,"01598M09:17:02.261","01598 08:29:49",224.07,885.81,,,,"     ",5.10,183.37,2.65
1598,539342316,"01598M09:17:03.235","01598 08:29:50",224.11,885.80,,,,"     ",5.10,182.05,2.63
1598,539342317,"01598M09:17:04.208","01598 08:29:51",224.14,885.75,,,,"     ",5.10,183.98,2.66
1598,539342318,"01598M09:17:05.181","01598 08:29:52",224.18,885.79,,,,"     ",5.10,183.13,2.64
1598,539342319,"01598M09:17:06.154","01598 08:29:53",224.22,885.77,,,,"     ",5.10,184.23,2.66
1598,539342320,"01598M09:17:07.128","01598 08:29:54",224.24,885.77,,,,"     ",5.10,182.38,2.63
1598,539342321,"01598M09:17:08.101","01598 08:29:55",224.25,885.81,,,,"     ",5.10,184.30,2.66
1598,539342322,"01598M09:17:09.074","01598 08:29:56",224.24,885.78,,,,"     ",5.10,183.19,2.64
1598,539342323,"01598M09:17:10.047","01598 08:29:57",224.21,885.87,,,,"     ",5.10,183.63,2.64
1598,539342324,"01598M09:17:11.021","01598 08:29:58",224.16,885.84,,,,"     ",5.10,182.79,2.63
1598,539342325,"01598M09:17:11.994","01598 08:29:59",224.10,885.82,,,,"     ",5.10,183.16,2.63
1598,539342326,"01598M09:17:12.967","01598 08:30:00",224.03,885.75,,,,"     ",5.10,184.28,2.65
1598,539342327,"01598M09:17:13.940","01598 08:30:01",223.98,885.73,,,,"     ",5.10,183.61,2.64
1598,539342328,"01598M09:17:14.914","01598 08:30:02",223.93,885.78,,,,"     ",5.10,184.58,2.65
1598,539342329,"01598M09:17:15.887","01598 08:30:03",223.89,885.73,,,,"     ",5.10,183.16,2.63
1598,539342330,"01598M09:17:16.860","01598 08:30:04",223.87,885.73,,,,"     ",5.10,184.43,2.65
1598,539342331,"01598M09:17:17.833","01598 08:30:05",223.88,885.72,,,,"     ",5.10,183.98,2.64
1598,539342332,"01598M09:17:18.807","01598 08:30:06",223.91,885.76,,,,"     ",5.10,184.67,2.65
1598,539342333,"01598M09:17:19.780","01598 08:30:07",223.96,885.71,,,,"     ",5.10,186.02,2.67
1598,539342334,"01598M09:17:20.753","01598 08:30:08",224.03,885.75,,,,"     ",5.10,184.43,2.64
1598,539342335,"01598M09:17:21.726","01598 08:30:09",224.11,885.87,,,,"     ",5.10,185.46,2.66
1598,539342336,"01598M09:17:22.700","01598 08:30:10",224.19,885.76,,,,"     ",5.10,184.06,2.63
1598,539342337,"01598M09:17:23.673","01598 08:30:10",224.27,885.72,,,,"     ",5.10,183.74,2.63
1598,539342338,"01598M09:17:24.646","01598 08:30:11",224.34,885.72,,,,"     ",5.10,184.04,2.63
1598,539342339,"01598M09:17:25.619","01598 08:30:12",224.40,885.82,,,,"     ",5.10,184.73,2.64
1598,539342340,"01598M09:17:26.593","01598 08:30:13",224.45,885.81,,,,"     ",5.10,183.43,2.62
1598,539342341,"01598M09:17:27.566","01598 08:30:14",224.49,885.82,,,,"     ",5.10,185.24,2.65
1598,539342342,"01598M09:17:28.539","01598 08:30:15",224.53,885.81,,,,"     ",5.10,184.88,2.64
1598,539342343,"01598M09:17:29.512","01598 08:30:16",224.57,885.82,,,,"     ",5.10,183.92,2.62
1598,539342344,"01598M09:17:30.486","01598 08:30:17",224.61,885.80,,,,"     ",5.10,185.85,2.65
1598,539342345,"01598M09:17:31.459","01598 08:30:18",224.65,885.78,,,,"     ",5.10,185.65,2.65
1598,539342346,"01598M09:17:32.432","01598 08:30:19",224.69,885.81,,,,"     ",5.10,185.27,2.64
1598,539342347,"01598M09:17:33.405","01598 08:30:20",224.73,885.78,,,,"     ",5.10,185.27,2.64
1598,539342348,"01598M09:17:34.379","01598 08:30:21",224.76,885.76,,,,"     ",5.10,186.70,2.66
1598,539342349,"01598M09:17:35.352","01598 08:30:22",224.81,885.77,,,,"     ",5.10,185.34,2.64
1598,539342350,"01598M09:17:36.325","01598 08:30:23",224.87,885.73,,,,"     ",5.10,185.23,2.63
1598,539342351,"01598M09:17:37.298","01598 08:30:24",224.94,885.77,,,,"     ",5.10,185.27,2.63
1598,539342352,"01598M09:17:38.272","01598 08:30:25",225.02,885.78,,,,"     ",5.10,184.32,2.62
1598,539342353,"01598M09:17:39.245","01598 08:30:26",225.10,885.81,,,,"     ",5.10,185.18,2.63
1598,539342354,"01598M09:17:40.218","01598 08:30:27",225.19,885.75,,,,"     ",5.10,183.99,2.61
1598,539342355,"01598M09:17:41.192","01598 08:30:28",225.27,885.75,,,,"     ",5.10,185.77,2.64
1598,539342356,"01598M09:17:42.165","01598 08:30:29",225.34,885.67,,,,"     ",5.10,186.22,2.64
1598,539342357,"01598M09:17:43.138","01598 08:30:30",225.42,885.77,,,,"     ",5.10,185.27,2.63
1598,539342358,"01598M09:17:44.111","01598 08:30:31",225.50,885.65,,,,"     ",5.10,184.84,2.62
1598,539342359,"01598M09:17:45.085","01598 08:30:32",225.57,885.68,,,,"     ",5.10,185.78,2.63
1598,539342360,"01598M09:17:46.058","01598 08:30:33",225.65,885.75,,,,"     ",5.10,185.70,2.63
1598,539342361,"01598M09:17:47.031","01598 08:30:34",225.71,885.71,,,,"     ",5.10,185.12,2.62
1598,539342362,"01598M09:17:48.004","01598 08:30:35",225.78,885.74,,,,"     ",5.10,187.24,2.65
1598,539342363,"01598M09:17:48.978","01598 08:30:36",225.83,885.70,,,,"     ",5.10,186.01,2.63
1598,539342364,"01598M09:17:49.951","01598 08:30:37",225.88,885.72,,,,"     ",5.10,185.06,2.61
1598,539342365,"01598M09:17:50.924","01598 08:30:38",225.92,885.66,,,,"     ",5.10,186.36,2.63
1598,539342366,"01598M09:17:51.897","01598 08:30:39",225.96,885.69,,,,"     ",5.10,186.10,2.63
1598,539342367,"01598M09:17:52.871","01598 08:30:40",226.01,885.74,,,,"     ",5.10,186.14,2.63
1598,539342368,"01598M09:17:53.844","01598 08:30:41",226.05,885.83,,,,"     ",5.10,186.91,2.64
1598,539342369,"01598M09:17:54.817","01598 08:30:42",226.08,885.78,,,,"     ",5.10,187.46,2.64
1598,539342370,"01598M09:17:55.790","01598 08:30:43",226.11,885.71,,,,"     ",5.10,187.82,2.65
1598,539342371,"01598M09:17:56.764","01598 08:30:44",226.13,885.79,,,,"     ",5.10,188.72,2.66
1598,539342372,"01598M09:17:57.737","01598 08:30:45",226.15,885.75,,,,"     ",5.10,186.23,2.62
1598,539342373,"01598M09:17:58.710","01598 08:30:46",226.16,885.69,,,,"     ",5.10,187.78,2.64
1598,539342374,"01598M09:17:59.683","01598 08:30:46",226.16,885.75,,,,"     ",5.10,187.10,2.63
1598,539342375,"01598M09:18:00.657","01598 08:30:47",226.16,885.70,,,,"     ",5.10,186.20,2.61
1598,539342376,"01598M09:18:01.630","01598 08:30:48",226.14,885.68,,,,"     ",5.10,186.74,2.62
1598,539342377,"01598M09:18:02.603","01598 08:30:49",226.12,885.67,,,,"     ",5.10,188.10,2.64
1598,539342378,"01598M09:18:03.576","01598 08:30:50",226.10,885.63,,,,"     ",5.10,189.46,2.66
1598,539342379,"01598M09:18:04.550","01598 08:30:51",226.08,885.67,,,,"     ",5.10,187.66,2.63
1598,539342380,"01598M09:18:05.523","01598 08:30:52",226.05,885.66,,,,"     ",5.10,189.01,2.65
1598,539342381,"01598M09:18:06.496","01598 08:30:53",226.02,885.60,,,,"     ",5.10,188.08,2.63
1598,539342382,"01598M09:18:07.469","01598 08:30:54",226.00,885.65,,,,"     ",5.10,188.34,2.63
1598,539342383,"01598M09:18:08.443","01598 08:30:55",225.99,885.64,,,,"     ",5.10,188.40,2.63
1598,539342384,"01598M09:18:09.416","01598 08:30:56",225.97,885.70,,,,"     ",5.10,187.31,2.62
1598,539342385,"01598M09:18:10.389","01598 08:30:57",226.43,885.63,,,,"     ",5.10,188.19,2.63
1598,539342386,"01598M09:18:11.362","01598 08:30:58",226.41,885.71,,,,"     ",5.10,187.68,2.62
1598,539342387,"01598M09:18:12.336","01598 08:30:59",226.41,885.68,,,,"     ",5.10,187.65,2.62
1598,539342388,"01598M09:18:13.309","01598 08:31:00",226.41,885.64,,,,"     ",5.10,187.32,2.61
1598,539342389,"01598M09:18:14.282","01598 08:31:01",226.43,885.64,,,,"     ",5.10,188.13,2.62
1598,539342390,"01598M09:18:15.255","01598 08:31:02",226.46,885.67,,,,"     ",5.10,187.10,2.60
1598,539342391,"01598M09:18:16.229","01598 08:31:03",226.51,885.66,,,,"     ",5.10,188.77,2.63
1598,539342392,"01598M09:18:17.202","01598 08:31:04",226.58,885.61,,,,"     ",5.10,188.99,2.63
1598,539342393,"01598M09:18:18.175","01598 08:31:05",226.65,885.62,,,,"     ",5.10,186.59,2.59
1598,539342394,"01598M09:18:19.148","01598 08:31:06",226.73,885.63,,,,"     ",5.10,188.89,2.62
1598,539342395,"01598M09:18:20.122","01598 08:31:07",226.81,885.63,,,,"     ",5.10,187.18,2.60
1598,539342396,"01598M09:18:21.095","01598 08:31:08",226.87,885.67,,,,"     ",5.10,189.76,2.63
1598,539342397,"01598M09:18:22.068","01598 08:31:09",226.25,885.60,,,,"     ",5.10,189.24,2.62
1598,539342398,"01598M09:18:23.041","01598 08:31:10",226.29,885.57,,,,"     ",5.10,188.05,2.60
1598,539342399,"01598M09:18:24.015","01598 08:31:11",226.31,885.59,,,,"     ",5.10,188.59,2.61
1598,539342400,"01598M09:18:24.988","01598 08:31:12",226.33,885.54,,,,"     ",5.10,188.25,2.60
1598,539342401,"01598M09:18:25.961","01598 08:31:13",226.35,885.61,,,,"     ",5.10,188.02,2.60
1598,539342402,"01598M09:18:26.934","01598 08:31:14",226.36,885.56,,,,"     ",5.10,188.52,2.61
1598,539342403,"01598M09:18:27.908","01598 08:31:15",226.38,885.53,,,,"     ",5.10,188.20,2.60
1598,539342404,"01598M09:18:28.881","01598 08:31:16",226.39,885.53,,,,"     ",5.10,187.89,2.59
1598,539342405,"01598M09:18:29.854","01598 08:31:17",226.41,885.54,,,,"     ",5.10,189.44,2.61
1598,539342406,"01598M09:18:30.827","01598 08:31:18",226.42,885.50,,,,"     ",5.10,190.14,2.62
1598,539342407,"01598M09:18:31.801","01598 08:31:19",226.44,885.52,,,,"     ",5.10,188.82,2.60
1598,539342408,"01598M09:18:32.774","01598 08:31:20",226.47,885.51,,,,"     ",5.10,189.55,2.61
1598,539342409,"01598M09:18:33.747","01598 08:31:21",226.49,885.54,,,,"     ",5.10,188.48,2.59
1598,539342410,"01598M09:18:34.720","01598 08:31:22",226.51,885.58,,,,"     ",5.10,189.32,2.60
1598,539342411,"01598M09:18:35.694","01598 08:31:22",226.54,885.60,,,,"     ",5.10,188.47,2.59
1598,539342412,"01598M09:18:36.667","01598 08:31:23",226.56,885.55,,,,"     ",5.10,189.47,2.60
1598,539342413,"01598M09:18:37.640","01598 08:31:24",226.59,885.51,,,,"     ",5.10,187.84,2.58
1598,539342414,"01598M09:18:38.613","01598 08:31:25",226.62,885.48,,,,"     ",5.10,189.39,2.60
1598,539342415,"01598M09:18:39.587","01598 08:31:26",226.66,885.55,,,,"     ",5.10,190.27,2.61
1598,539342416,"01598M09:18:40.560","01598 08:31:27",226.71,885.56,,,,"     ",5.10,190.70,2.61
1598,539342417,"01598M09:18:41.533","01598 08:31:28",226.77,885.45,,,,"     ",5.10,189.28,2.59
1598,539342418,"01598M09:18:42.506","01598 08:31:29",226.83,885.45,,,,"     ",5.10,189.33,2.59
1598,539342419,"01598M09:18:43.480","01598 08:31:30",226.87,885.50,,,,"     ",5.10,190.46,2.61
1598,539342420,"01598M09:18:44.453","01598 08:31:31",226.89,885.53,,,,"     ",5.10,189.21,2.59
1598,539342421,"01598M09:18:45.426","01598 08:31:32",226.90,885.47,,,,"     ",5.10,190.48,2.60
1598,539342422,"01598M09:18:46.399","01598 08:31:33",226.89,885.49,,,,"     ",5.10,190.70,2.60
1598,539342423,"01598M09:18:47.373","01598 08:31:34",226.85,885.45,,,,"     ",5.10,189.85,2.59
1598,539342424,"01598M09:18:48.346","01598 08:31:35",226.80,885.47,,,,"     ",5.10,192.52,2.63
1598,539342425,"01598M09:18:49.319","01598 08:31:36",226.74,885.42,,,,"     ",5.10,189.59,2.58
1598,539342426,"01598M09:18:50.292","01598 08:31:37",226.67,885.47,,,,"     ",5.10,192.99,2.63
1598,539342427,"01598M09:18:51.266","01598 08:31:38",226.60,885.42,,,,"     ",5.10,191.69,2.61
1598,539342428,"01598M09:18:52.239","01598 08:31:39",226.54,885.38,,,,"     ",5.10,190.04,2.58
1598,539342429,"01598M09:18:53.212","01598 08:31:40",226.49,885.39,,,,"     ",5.10,189.89,2.58
1598,539342430,"01598M09:18:54.186","01598 08:31:41",226.45,885.38,,,,"     ",5.10,191.44,2.60
1598,539342431,"01598M09:18:55.159","01598 08:31:42",226.42,885.38,,,,"     ",5.10,191.17,2.60
1598,539342432,"01598M09:18:56.132","01598 08:31:43",226.40,885.40,,,,"     ",5.10,189.90,2.58
1598,539342433,"01598M09:18:57.105","01598 08:31:44",226.97,885.27,,,,"     ",5.10,189.25,2.56
1598,539342434,"01598M09:18:58.079","01598 08:31:45",226.95,885.33,,,,"     ",5.10,190.92,2.59
1598,539342435,"01598M09:18:59.052","01598 08:31:46",226.94,885.37,,,,"     ",5.10,190.04,2.57
1598,539342436,"01598M09:19:00.025","01598 08:31:47",226.94,885.46,,,,"     ",5.10,191.95,2.60
1598,539342437,"01598M09:19:00.998","01598 08:31:48",226.94,885.51,,,,"     ",5.10,191.73,2.60
1598,539342438,"01598M09:19:01.972","01598 08:31:49",226.95,885.51,,,,"     ",5.10,189.13,2.56
1598,539342439,"01598M09:19:02.945","01598 08:31:50",226.95,885.44,,,,"     ",5.10,190.88,2.58
1598,539342440,"01598M09:19:03.918","01598 08:31:51",226.96,885.47,,,,"     ",5.10,191.22,2.58
1598,539342441,"01598M09:19:04.891","01598 08:31:52",226.97,885.47,,,,"     ",5.10,190.78,2.58
1598,539342442,"01598M09:19:05.865","01598 08:31:53",226.98,885.46,,,,"     ",5.10,193.73,2.62
1598,539342443,"01598M09:19:06.838","01598 08:31:54",226.99,885.42,,,,"     ",5.10,192.32,2.59
1598,539342444,"01598M09:19:07.811","01598 08:31:55",227.01,885.36,,,,"     ",5.10,190.94,2.57
1598,539342445,"01598M09:19:08.784","01598 08:31:56",227.03,885.49,,,,"     ",5.10,192.99,2.60
1598,539342446,"01598M09:19:09.758","01598 08:31:57",227.05,885.48,,,,"     ",5.10,190.57,2.57
1598,539342447,"01598M09:19:10.731","01598 08:31:58",227.06,885.36,,,,"     ",5.10,191.58,2.58
1598,539342448,"01598M09:19:11.704","01598 08:31:58",226.41,885.39,,,,"     ",5.10,191.18,2.57
1598,539342449,"01598M09:19:12.677","01598 08:31:59",226.41,885.41,,,,"     ",5.10,191.54,2.58
1598,539342450,"01598M09:19:13.651","01598 08:32:00",226.39,885.37,,,,"     ",5.10,191.68,2.58
1598,539342451,"01598M09:19:14.624","01598 08:32:01",226.38,885.38,,,,"     ",5.10,190.88,2.56
1598,539342452,"01598M09:19:15.597","01598 08:32:02",226.36,885.36,,,,"     ",5.10,192.77,2.59
1598,539342453,"01598M09:19:16.570","01598 08:32:03",226.35,885.44,,,,"     ",5.10,193.25,2.60
1598,539342454,"01598M09:19:17.544","01598 08:32:04",226.34,885.41,,,,"     ",5.10,193.29,2.59
1598,539342455,"01598M09:19:18.517","01598 08:32:05",226.34,885.36,,,,"     ",5.10,192.25,2.58
1598,539342456,"01598M09:19:19.490","01598 08:32:06",226.33,885.35,,,,"     ",5.10,193.59,2.60
1598,539342457,"01598M09:19:20.463","01598 08:32:07",225.79,885.32,,,,"     ",5.10,194.39,2.61
1598,539342458,"01598M09:19:21.437","01598 08:32:08",225.73,885.36,,,,"     ",5.10,193.74,2.60
1598,539342459,"01598M09:19:22.410","01598 08:32:09",225.67,885.36,,,,"     ",5.10,194.66,2.61
1598,539342460,"01598M09:19:23.383","01598 08:32:10",225.60,885.34,,,,"     ",5.10,192.45,2.58
1598,539342461,"01598M09:19:24.356","01598 08:32:11",225.53,885.30,,,,"     ",5.10,193.45,2.59
1598,539342462,"01598M09:19:25.330","01598 08:32:12",225.48,885.34,,,,"     ",5.10,191.61,2.56
1598,539342463,"01598M09:19:26.303","01598 08:32:13",225.43,885.32,,,,"     ",5.10,193.46,2.59
1598,539342464,"01598M09:19:27.276","01598 08:32:14",225.40,885.34,,,,"     ",5.10,193.96,2.59
1598,539342465,"01598M09:19:28.249","01598 08:32:15",225.38,885.28,,,,"     ",5.10,192.73,2.57
1598,539342466,"01598M09:19:29.223","01598 08:32:16",225.36,885.34,,,,"     ",5.10,192.60,2.57
1598,539342467,"01598M09:19:30.196","01598 08:32:17",225.35,885.30,,,,"     ",5.10,193.09,2.58
1598,539342468,"01598M09:19:31.169","01598 08:32:18",225.33,885.32,,,,"     ",5.10,192.26,2.56
1598,539342469,"01598M09:19:32.142","01598 08:32:19",225.31,885.33,,,,"     ",5.10,192.89,2.57
1598,539342470,"01598M09:19:33.116","01598 08:32:20",225.29,885.40,,,,"     ",5.10,193.53,2.58
1598,539342471,"01598M09:19:34.089","01598 08:32:21",225.28,885.44,,,,"     ",5.10,191.71,2.55
1598,539342472,"01598M09:19:35.062","01598 08:32:22",225.27,885.34,,,,"     ",5.10,192.68,2.56
1598,539342473,"01598M09:19:36.035","01598 08:32:23",225.26,885.34,,,,"     ",5.10,192.31,2.56
1598,539342474,"01598M09:19:37.009","01598 08:32:24",225.26,885.27,,,,"     ",5.10,190.98,2.54
1598,539342475,"01598M09:19:37.982","01598 08:32:25",225.26,885.28,,,,"     ",5.10,193.77,2.58
1598,539342476,"01598M09:19:38.955","01598 08:32:26",225.27,885.32,,,,"     ",5.10,192.79,2.56
1598,539342477,"01598M09:19:39.928","01598 08:32:27",225.29,885.31,,,,"     ",5.10,192.76,2.56
1598,539342478,"01598M09:19:40.902","01598 08:32:28",225.31,885.38,,,,"     ",5.10,194.67,2.59
1598,539342479,"01598M09:19:41.875","01598 08:32:29",225.33,885.33,,,,"     ",5.10,192.40,2.55
1598,539342480,"01598M09:19:42.848","01598 08:32:30",225.36,885.32,,,,"     ",5.10,193.48,2.57
1598,539342481,"01598M09:19:43.821","01598 08:32:31",225.40,885.28,,,,"     ",5.10,192.12,2.55
1598,539342482,"01598M09:19:44.795","01598 08:32:32",225.43,885.38,,,,"     ",5.10,193.63,2.57
1598,539342483,"01598M09:19:45.768","01598 08:32:33",225.48,885.29,,,,"     ",5.10,193.55,2.57
1598,539342484,"01598M09:19:46.741","01598 08:32:34",225.51,885.32,,,,"     ",5.10,193.27,2.56
1598,539342485,"01598M09:19:47.714","01598 08:32:35",225.53,885.23,,,,"     ",5.10,193.33,2.56
1598,539342486,"01598M09:19:48.688","01598 08:32:35",225.55,885.20,,,,"     ",5.10,193.10,2.56
1598,539342487,"01598M09:19:49.661","01598 08:32:36",225.55,885.20,,,,"     ",5.10,193.31,2.56
1598,539342488,"01598M09:19:50.634","01598 08:32:37",225.55,885.12,,,,"     ",5.10,193.10,2.55
1598,539342489,"01598M09:19:51.607","01598 08:32:38",225.55,885.10,,,,"     ",5.10,193.67,2.56
1598,539342490,"01598M09:19:52.581","01598 08:32:39",225.53,885.23,,,,"     ",5.10,192.82,2.55
1598,539342491,"01598M09:19:53.554","01598 08:32:40",225.52,885.22,,,,"     ",5.10,192.43,2.54
1598,539342492,"01598M09:19:54.527","01598 08:32:41",225.50,885.30,,,,"     ",5.10,192.33,2.54
1598,539342493,"01598M09:19:55.500","01598 08:32:42",225.49,885.30,,,,"     ",5.10,192.45,2.54
1598,539342494,"01598M09:19:56.474","01598 08:32:43",225.48,885.34,,,,"     ",5.10,193.41,2.55
1598,539342495,"01598M09:19:57.447","01598 08:32:44",225.47,885.25,,,,"     ",5.10,194.26,2.56
1598,539342496,"01598M09:19:58.420","01598 08:32:45",225.46,885.28,,,,"     ",5.10,193.21,2.55
1598,539342497,"01598M09:19:59.393","01598 08:32:46",225.45,885.33,,,,"     ",5.10,192.79,2.54
1598,539342498,"01598M09:20:00.367","01598 08:32:47",225.44,885.27,,,,"     ",5.10,193.36,2.55
1598,539342499,"01598M09:20:01.340","01598 08:32:48",225.43,885.22,,,,"     ",5.10,190.77,2.51
1598,539342500,"01598M09:20:02.313","01598 08:32:49",225.42,885.20,,,,"     ",5.10,191.49,2.52
1598,539342501,"01598M09:20:03.287","01598 08:32:50",225.40,885.22,,,,"     ",5.10,192.31,2.53
1598,539342502,"01598M09:20:04.260","01598 08:32:51",225.37,885.18,,,,"     ",5.10,192.93,2.54
1598,539342503,"01598M09:20:05.233","01598 08:32:52",225.33,885.12,,,,"     ",5.10,192.43,2.53
1598,539342504,"01598M09:20:06.206","01598 08:32:53",225.27,885.20,,,,"     ",5.10,193.34,2.54
1598,539342505,"01598M09:20:07.180","01598 08:32:54",225.20,885.15,,,,"     ",5.10,192.89,2.53
1598,539342506,"01598M09:20:08.153","01598 08:32:55",225.12,885.17,,,,"     ",5.10,193.72,2.54
1598,539342507,"01598M09:20:09.126","01598 08:32:56",225.03,885.23,,,,"     ",5.10,193.16,2.53
1598,539342508,"01598M09:20:10.099","01598 08:32:57",224.93,885.18,,,,"     ",5.10,193.09,2.53
1598,539342509,"01598M09:20:11.073","01598 08:32:58",224.83,885.19,,,,"     ",5.10,193.78,2.54
1598,539342510,"01598M09:20:12.046","01598 08:32:59",224.73,885.19,,,,"     ",5.10,193.28,2.53
1598,539342511,"01598M09:20:13.019","01598 08:33:00",224.63,885.17,,,,"     ",5.10,192.99,2.53
1598,539342512,"01598M09:20:13.992","01598 08:33:01",224.54,885.18,,,,"     ",5.10,193.95,2.54
1598,539342513,"01598M09:20:14.966","01598 08:33:02",224.45,885.12,,,,"     ",5.10,193.03,2.53
1598,539342514,"01598M09:20:15.939","01598 08:33:03",224.38,885.21,,,,"     ",5.10,192.74,2.52
1598,539342515,"01598M09:20:16.912","01598 08:33:04",224.30,885.12,,,,"     ",5.10,193.02,2.52
1598,539342516,"01598M09:20:17.885","01598 08:33:05",224.24,885.13,,,,"     ",5.10,193.58,2.53
1598,539342517,"01598M09:20:18.859","01598 08:33:06",224.18,885.07,,,,"     ",5.10,194.95,2.55
1598,539342518,"01598M09:20:19.832","01598 08:33:07",224.12,885.11,,,,"     ",5.10,191.81,2.50
1598,539342519,"01598M09:20:20.805","01598 08:33:08",224.08,885.13,,,,"     ",5.10,193.04,2.52
1598,539342520,"01598M09:20:21.778","01598 08:33:09",224.05,885.17,,,,"     ",5.10,194.26,2.54
1598,539342521,"01598M09:20:22.752","01598 08:33:10",224.02,885.16,,,,"     ",5.10,196.03,2.56
1598,539342522,"01598M09:20:23.725","01598 08:33:11",224.00,885.11,,,,"     ",5.10,194.71,2.54
1598,539342523,"01598M09:20:24.698","01598 08:33:11",223.98,885.11,,,,"     ",5.10,195.28,2.55
1598,539342524,"01598M09:20:25.671","01598 08:33:12",223.96,885.08,,,,"     ",5.10,196.25,2.56
1598,539342525,"01598M09:20:26.645","01598 08:33:13",223.94,885.12,,,,"     ",5.10,195.16,2.54
1598,539342526,"01598M09:20:27.618","01598 08:33:14",223.92,885.13,,,,"     ",5.10,193.87,2.52
1598,539342527,"01598M09:20:28.591","01598 08:33:15",223.91,885.08,,,,"     ",5.10,195.79,2.55
1598,539342528,"01598M09:20:29.564","01598 08:33:16",223.88,885.02,,,,"     ",5.10,194.72,2.53
1598,539342529,"01598M09:20:30.538","01598 08:33:17",223.84,885.09,,,,"     ",5.10,194.22,2.53
1598,539342530,"01598M09:20:31.511","01598 08:33:18",223.79,885.08,,,,"     ",5.10,194.69,2.53
1598,539342531,"01598M09:20:32.484","01598 08:33:19",223.73,885.13,,,,"     ",5.10,196.13,2.55
1598,539342532,"01598M09:20:33.457","01598 08:33:20",223.65,885.17,,,,"     ",5.10,194.00,2.52
1598,539342533,"01598M09:20:34.431","01598 08:33:21",223.55,885.10,,,,"     ",5.10,194.85,2.53
1598,539342534,"01598M09:20:35.404","01598 08:33:22",223.46,885.06,,,,"     ",5.10,195.10,2.53
1598,539342535,"01598M09:20:36.377","01598 08:33:23",223.37,885.06,,,,"     ",5.10,194.47,2.53
1598,539342536,"01598M09:20:37.350","01598 08:33:24",223.29,884.85,,,,"     ",5.10,195.34,2.54
1598,539342537,"01598M09:20:38.324","01598 08:33:25",223.22,884.82,,,,"     ",5.10,195.22,2.53
1598,539342538,"01598M09:20:39.297","01598 08:33:26",223.17,884.97,,,,"     ",5.10,195.32,2.53
1598,539342539,"01598M09:20:40.270","01598 08:33:27",223.13,884.93,,,,"     ",5.10,195.39,2.53
1598,539342540,"01598M09:20:41.243","01598 08:33:28",223.10,884.96,,,,"     ",5.10,193.69,2.51
1598,539342541,"01598M09:20:42.217","01598 08:33:29",223.07,884.97,,,,"     ",5.10,195.70,2.54
1598,539342542,"01598M09:20:43.190","01598 08:33:30",223.05,885.02,,,,"     ",5.10,194.95,2.53
1598,539342543,"01598M09:20:44.163","01598 08:33:31",223.03,885.02,,,,"     ",5.10,194.68,2.52
1598,539342544,"01598M09:20:45.136","01598 08:33:32",223.00,884.91,,,,"     ",5.10,193.91,2.51
1598,539342545,"01598M09:20:46.110","01598 08:33:33",222.96,884.90,,,,"     ",5.10,194.24,2.51
1598,539342546,"01598M09:20:47.083","01598 08:33:34",222.94,884.93,,,,"     ",5.10,195.62,2.53
1598,539342547,"01598M09:20:48.056","01598 08:33:35",222.92,884.95,,,,"     ",5.10,194.12,2.51
1598,539342548,"01598M09:20:49.029","01598 08:33:36",222.91,885.02,,,,"     ",5.10,194.17,2.51
1598,539342549,"01598M09:20:50.003","01598 08:33:37",222.90,884.99,,,,"     ",5.10,194.07,2.51
1598,539342550,"01598M09:20:50.976","01598 08:33:38",222.90,885.01,,,,"     ",5.10,193.90,2.51
1598,539342551,"01598M09:20:51.949","01598 08:33:39",222.90,884.99,,,,"     ",5.10,196.29,2.54
1598,539342552,"01598M09:20:52.922","01598 08:33:40",222.90,884.98,,,,"     ",5.10,194.44,2.52
1598,539342553,"01598M09:20:53.896","01598 08:33:41",222.92,884.88,,,,"     ",5.10,193.48,2.50
1598,539342554,"01598M09:20:54.869","01598 08:33:42",222.93,884.87,,,,"     ",5.10,194.69,2.52
1598,539342555,"01598M09:20:55.842","01598 08:33:43",222.96,884.93,,,,"     ",5.10,193.74,2.51
1598,539342556,"01598M09:20:56.815","01598 08:33:44",222.99,884.94,,,,"     ",5.10,194.07,2.51
1598,539342557,"01598M09:20:57.789","01598 08:33:45",223.02,885.01,,,,"     ",5.10,194.09,2.51
1598,539342558,"01598M09:20:58.762","01598 08:33:46",223.47,885.01,,,,"     ",5.10,194.21,2.51
1598,539342559,"01598M09:20:59.735","01598 08:33:47",223.42,885.03,,,,"     ",5.10,194.46,2.52
1598,539342560,"01598M09:21:00.708","01598 08:33:47",223.38,885.02,,,,"     ",5.10,192.65,2.49
1598,539342561,"01598M09:21:01.682","01598 08:33:48",223.33,885.00,,,,"     ",5.10,194.59,2.52
1598,539342562,"01598M09:21:02.655","01598 08:33:49",223.29,885.00,,,,"     ",5.10,194.88,2.52
1598,539342563,"01598M09:21:03.628","01598 08:33:50",223.25,884.99,,,,"     ",5.10,194.14,2.51
1598,539342564,"01598M09:21:04.601","01598 08:33:51",223.22,884.93,,,,"     ",5.10,194.94,2.52
1598,539342565,"01598M09:21:05.575","01598 08:33:52",223.18,884.91,,,,"     ",5.10,195.46,2.53
1598,539342566,"01598M09:21:06.548","01598 08:33:53",223.15,884.96,,,,"     ",5.10,193.78,2.50
1598,539342567,"01598M09:21:07.521","01598 08:33:54",223.13,884.84,,,,"     ",5.10,194.59,2.51
1598,539342568,"01598M09:21:08.494","01598 08:33:55",223.10,884.80,,,,"     ",5.10,195.21,2.52
1598,539342569,"01598M09:21:09.468","01598 08:33:56",223.08,884.78,,,,"     ",5.10,194.74,2.52
1598,539342570,"01598M09:21:10.441","01598 08:33:57",223.06,884.86,,,,"     ",5.10,194.30,2.51
1598,539342571,"01598M09:21:11.414","01598 08:33:58",223.04,884.94,,,,"     ",5.10,193.83,2.50
1598,539342572,"01598M09:21:12.388","01598 08:33:59",223.04,884.89,,,,"     ",5.10,194.44,2.51
1598,539342573,"01598M09:21:13.361","01598 08:34:00",223.03,884.91,,,,"     ",5.10,194.69,2.51
1598,539342574,"01598M09:21:14.334","01598 08:34:01",223.03,884.87,,,,"     ",5.10,193.83,2.50
1598,539342575,"01598M09:21:15.307","01598 08:34:02",223.04,884.86,,,,"     ",5.10,193.97,2.50
1598,539342576,"01598M09:21:16.281","01598 08:34:03",223.06,884.90,,,,"     ",5.10,193.78,2.50
1598,539342577,"01598M09:21:17.254","01598 08:34:04",223.09,884.87,,,,"     ",5.10,195.12,2.52
1598,539342578,"01598M09:21:18.227","01598 08:34:05",223.11,884.93,,,,"     ",5.10,194.36,2.51
1598,539342579,"01598M09:21:19.200","01598 08:34:06",223.13,884.91,,,,"     ",5.10,193.50,2.50
1598,539342580,"01598M09:21:20.174","01598 08:34:07",223.15,884.91,,,,"     ",5.10,194.35,2.51
1598,539342581,"01598M09:21:21.147","01598 08:34:08",223.17,884.90,,,,"     ",5.10,195.14,2.52
1598,539342582,"01598M09:21:22.120","01598 08:34:09",223.18,884.95,,,,"     ",5.10,194.08,2.50
1598,539342583,"01598M09:21:23.093","01598 08:34:10",223.19,884.93,,,,"     ",5.10,195.57,2.52
1598,539342584,"01598M09:21:24.067","01598 08:34:11",223.20,884.85,,,,"     ",5.10,194.82,2.51
1598,539342585,"01598M09:21:25.040","01598 08:34:12",223.20,884.84,,,,"     ",5.10,194.43,2.51
1598,539342586,"01598M09:21:26.013","01598 08:34:13",223.18,884.87,,,,"     ",5.10,192.43,2.48
1598,539342587,"01598M09:21:26.986","01598 08:34:14",223.15,884.81,,,,"     ",5.10,193.90,2.50
1598,539342588,"01598M09:21:27.960","01598 08:34:15",223.10,884.89,,,,"     ",5.10,192.74,2.49
1598,539342589,"01598M09:21:28.933","01598 08:34:16",223.05,884.95,,,,"     ",5.10,192.55,2.48
1598,539342590,"01598M09:21:29.906","01598 08:34:17",222.99,884.88,,,,"     ",5.10,194.62,2.51
1598,539342591,"01598M09:21:30.879","01598 08:34:18",222.93,884.84,,,,"     ",5.10,194.06,2.50
1598,539342592,"01598M09:21:31.853","01598 08:34:19",222.87,884.91,,,,"     ",5.10,194.39,2.51
1598,539342593,"01598M09:21:32.826","01598 08:34:20",222.71,884.93,,,,"     ",5.10,196.67,2.54
1598,539342594,"01598M09:21:33.799","01598 08:34:21",222.57,884.83,,,,"     ",5.10,194.80,2.51
1598,539342595,"01598M09:21:34.772","01598 08:34:22",222.48,884.82,,,,"     ",5.10,192.29,2.48
1598,539342596,"01598M09:21:35.746","01598 08:34:23",222.42,884.82,,,,"     ",5.10,194.60,2.51
1598,539342597,"01598M09:21:36.719","01598 08:34:23",222.37,884.89,,,,"     ",5.10,193.50,2.49
1598,539342598,"01598M09:21:37.692","01598 08:34:24",222.32,884.92,,,,"     ",5.10,193.98,2.50
1598,539342599,"01598M09:21:38.665","01598 08:34:25",222.27,884.85,,,,"     ",5.10,194.08,2.50
1598,539342600,"01598M09:21:39.639","01598 08:34:26",222.23,884.90,,,,"     ",5.10,194.11,2.50
1598,539342601,"01598M09:21:40.612","01598 08:34:27",222.20,884.93,,,,"     ",5.10,194.31,2.51
1598,539342602,"01598M09:21:41.585","01598 08:34:28",222.20,884.87,,,,"     ",5.10,192.99,2.49
1598,539342603,"01598M09:21:42.558","01598 08:34:29",222.23,884.85,,,,"     ",5.10,192.93,2.49
1598,539342604,"01598M09:21:43.532","01598 08:34:30",222.26,884.79,,,,"     ",5.10,195.06,2.52
1598,539342605,"01598M09:21:44.505","01598 08:34:31",222.30,884.82,,,,"     ",5.10,193.90,2.50
1598,539342606,"01598M09:21:45.478","01598 08:34:32",222.33,884.75,,,,"     ",5.10,194.28,2.51
1598,539342607,"01598M09:21:46.451","01598 08:34:33",222.36,884.73,,,,"     ",5.10,193.58,2.50
1598,539342608,"01598M09:21:47.425","01598 08:34:34",222.37,884.77,,,,"     ",5.10,195.52,2.52
1598,539342609,"01598M09:21:48.398","01598 08:34:35",222.37,884.89,,,,"     ",5.10,194.39,2.51
1598,539342610,"01598M09:21:49.371","01598 08:34:36",222.39,884.78,,,,"     ",5.10,193.21,2.49
1598,539342611,"01598M09:21:50.344","01598 08:34:37",222.44,884.79,,,,"     ",5.10,194.62,2.51
1598,539342612,"01598M09:21:51.318","01598 08:34:38",222.53,884.79,,,,"     ",5.10,194.80,2.51
1598,539342613,"01598M09:21:52.291","01598 08:34:39",222.58,884.83,,,,"     ",5.10,195.26,2.52
1598,539342614,"01598M09:21:53.264","01598 08:34:40",222.57,884.81,,,,"     ",5.10,195.35,2.52
1598,539342615,"01598M09:21:54.237","01598 08:34:41",222.58,884.80,,,,"     ",5.10,195.44,2.52
1598,539342616,"01598M09:21:55.211","01598 08:34:42",222.58,884.76,,,,"     ",5.10,194.14,2.50
1598,539342617,"01598M09:21:56.184","01598 08:34:43",222.59,884.80,,,,"     ",5.10,194.35,2.51
1598,539342618,"01598M09:21:57.157","01598 08:34:44",222.60,884.87,,,,"     ",5.10,193.81,2.50
1598,539342619,"01598M09:21:58.130","01598 08:34:45",222.62,884.82,,,,"     ",5.10,195.41,2.52
1598,539342620,"01598M09:21:59.104","01598 08:34:46",222.65,884.82,,,,"     ",5.10,195.49,2.52
1598,539342621,"01598M09:22:00.077","01598 08:34:47",222.68,884.79,,,,"     ",5.10,194.41,2.50
1598,539342622,"01598M09:22:01.050","01598 08:34:48",222.71,884.81,,,,"     ",5.10,196.60,2.53
1598,539342623,"01598M09:22:02.023","01598 08:34:49",222.75,884.81,,,,"     ",5.10,195.07,2.51
1598,539342624,"01598M09:22:02.997","01598 08:34:50",222.79,884.72,,,,"     ",5.10,194.14,2.50
1598,539342625,"01598M09:22:03.970","01598 08:34:51",222.84,884.76,,,,"     ",5.10,194.78,2.51
1598,539342626,"01598M09:22:04.943","01598 08:34:52",222.88,884.69,,,,"     ",5.10,195.75,2.52
1598,539342627,"01598M09:22:05.916","01598 08:34:53",222.90,884.74,,,,"     ",5.10,194.45,2.50
1598,539342628,"01598M09:22:06.890","01598 08:34:54",222.92,884.74,,,,"     ",5.10,196.23,2.53
1598,539342629,"01598M09:22:07.863","01598 08:34:55",222.92,884.72,,,,"     ",5.10,195.39,2.51
1598,539342630,"01598M09:22:08.836","01598 08:34:56",222.92,884.77,,,,"     ",5.10,195.48,2.51
1598,539342631,"01598M09:22:09.809","01598 08:34:57",222.90,884.76,,,,"     ",5.10,195.97,2.52
1598,539342632,"01598M09:22:10.783","01598 08:34:58",222.87,884.73,,,,"     ",5.10,195.79,2.52
1598,539342633,"01598M09:22:11.756","01598 08:34:59",222.85,884.73,,,,"     ",5.10,197.28,2.54
1598,539342634,"01598M09:22:12.729","01598 08:34:59",222.82,884.73,,,,"     ",5.10,195.38,2.51
1598,539342635,"01598M09:22:13.702","01598 08:35:00",222.76,884.70,,,,"     ",5.10,195.27,2.51
1598,539342636,"01598M09:22:14.676","01598 08:35:01",222.70,884.69,,,,"     ",5.10,195.61,2.51
1598,539342637,"01598M09:22:15.649","01598 08:35:02",222.65,884.70,,,,"     ",5.10,196.05,2.52
1598,539342638,"01598M09:22:16.622","01598 08:35:03",222.62,884.74,,,,"     ",5.10,196.28,2.52
1598,539342639,"01598M09:22:17.595","01598 08:35:04",222.61,884.77,,,,"     ",5.10,196.62,2.52
1598,539342640,"01598M09:22:18.569","01598 08:35:05",222.66,884.70,,,,"     ",5.10,195.47,2.51
1598,539342641,"01598M09:22:19.542","01598 08:35:06",222.73,884.76,,,,"     ",5.10,196.48,2.52
1598,539342642,"01598M09:22:20.515","01598 08:35:07",222.82,884.78,,,,"     ",5.10,195.42,2.51
1598,539342643,"01598M09:22:21.489","01598 08:35:08",222.91,884.75,,,,"     ",5.10,196.46,2.52
1598,539342644,"01598M09:22:22.462","01598 08:35:09",222.99,884.66,,,,"     ",5.10,196.88,2.52
1598,539342645,"01598M09:22:23.435","01598 08:35:10",223.09,884.74,,,,"     ",5.10,195.62,2.51
1598,539342646,"01598M09:22:24.408","01598 08:35:11",223.17,884.67,,,,"     ",5.10,194.99,2.50
1598,539342647,"01598M09:22:25.382","01598 08:35:12",223.17,884.77,,,,"     ",5.10,196.55,2.52
1598,539342648,"01598M09:22:26.355","01598 08:35:13",223.15,884.70,,,,"     ",5.10,196.88,2.52
1598,539342649,"01598M09:22:27.328","01598 08:35:14",223.12,884.68,,,,"     ",5.10,196.79,2.52
1598,539342650,"01598M09:22:28.301","01598 08:35:15",223.07,884.64,,,,"     ",5.10,195.95,2.51
1598,539342651,"01598M09:22:29.275","01598 08:35:16",223.02,884.65,,,,"     ",5.10,196.17,2.51
1598,539342652,"01598M09:22:30.248","01598 08:35:17",222.97,884.59,,,,"     ",5.10,196.17,2.51
1598,539342653,"01598M09:22:31.221","01598 08:35:18",222.91,884.53,,,,"     ",5.10,196.24,2.51
1598,539342654,"01598M09:22:32.194","01598 08:35:19",222.88,884.65,,,,"     ",5.10,196.41,2.51
1598,539342655,"01598M09:22:33.168","01598 08:35:20",222.85,884.63,,,,"     ",5.10,196.85,2.52
1598,539342656,"01598M09:22:34.141","01598 08:35:21",222.84,884.62,,,,"     ",5.10,197.15,2.52
1598,539342657,"01598M09:22:35.114","01598 08:35:22",222.85,884.61,,,,"     ",5.10,196.15,2.51
1598,539342658,"01598M09:22:36.087","01598 08:35:23",222.88,884.66,,,,"     ",5.10,196.57,2.51
1598,539342659,"01598M09:22:37.061","01598 08:35:24",222.91,884.63,,,,"     ",5.10,195.72,2.50
1598,539342660,"01598M09:22:38.034","01598 08:35:25",222.94,884.59,,,,"     ",5.10,196.32,2.50
1598,539342661,"01598M09:22:39.007","01598 08:35:26",222.96,884.60,,,,"     ",5.10,196.68,2.51
1598,539342662,"01598M09:22:39.980","01598 08:35:27",222.96,884.68,,,,"     ",5.10,197.37,2.52
1598,539342663,"01598M09:22:40.954","01598 08:35:28",222.95,884.65,,,,"     ",5.10,195.18,2.49
1598,539342664,"01598M09:22:41.927","01598 08:35:29",222.92,884.65,,,,"     ",5.10,195.81,2.49
1598,539342665,"01598M09:22:42.900","01598 08:35:30",222.90,884.65,,,,"     ",5.10,196.13,2.50
1598,539342666,"01598M09:22:43.873","01598 08:35:31",222.87,884.63,,,,"     ",5.10,197.17,2.51
1598,539342667,"01598M09:22:44.847","01598 08:35:32",222.85,884.68,,,,"     ",5.10,196.39,2.50
1598,539342668,"01598M09:22:45.820","01598 08:35:33",222.83,884.59,,,,"     ",5.10,195.84,2.49
1598,539342669,"01598M09:22:46.793","01598 08:35:34",222.80,884.58,,,,"     ",5.10,197.06,2.51
1598,539342670,"01598M09:22:47.766","01598 08:35:35",222.77,884.53,,,,"     ",5.10,196.41,2.50
1598,539342671,"01598M09:22:48.740","01598 08:35:35",222.74,884.61,,,,"     ",5.10,198.40,2.52
1598,539342672,"01598M09:22:49.713","01598 08:35:36",222.72,884.64,,,,"     ",5.10,196.77,2.50
1598,539342673,"01598M09:22:50.686","01598 08:35:37",222.70,884.61,,,,"     ",5.10,197.77,2.51
1598,539342674,"01598M09:22:51.659","01598 08:35:38",222.70,884.64,,,,"     ",5.10,197.13,2.50
1598,539342675,"01598M09:22:52.633","01598 08:35:39",222.71,884.62,,,,"     ",5.10,198.18,2.52
1598,539342676,"01598M09:22:53.606","01598 08:35:40",222.68,884.57,,,,"     ",5.10,197.90,2.51
1598,539342677,"01598M09:22:54.579","01598 08:35:41",222.53,884.58,,,,"     ",5.10,196.91,2.50
1598,539342678,"01598M09:22:55.552","01598 08:35:42",222.35,884.53,,,,"     ",5.10,197.43,2.50
1598,539342679,"01598M09:22:56.526","01598 08:35:43",222.15,884.56,,,,"     ",5.10,197.42,2.50
1598,539342680,"01598M09:22:57.499","01598 08:35:44",221.95,884.58,,,,"     ",5.10,195.95,2.48
1598,539342681,"01598M09:22:58.472","01598 08:35:45",221.77,884.66,,,,"     ",5.10,196.53,2.49
1598,539342682,"01598M09:22:59.445","01598 08:35:46",221.61,884.54,,,,"     ",5.10,197.84,2.51
1598,539342683,"01598M09:23:00.419","01598 08:35:47",221.49,884.56,,,,"     ",5.10,198.21,2.51
1598,539342684,"01598M09:23:01.392","01598 08:35:48",221.41,884.69,,,,"     ",5.10,196.91,2.49
1598,539342685,"01598M09:23:02.365","01598 08:35:49",221.36,884.60,,,,"     ",5.10,197.10,2.50
1598,539342686,"01598M09:23:03.338","01598 08:35:50",221.32,884.64,,,,"     ",5.10,196.03,2.48
1598,539342687,"01598M09:23:04.312","01598 08:35:51",221.29,884.58,,,,"     ",5.10,196.29,2.49
1598,539342688,"01598M09:23:05.285","01598 08:35:52",221.26,884.58,,,,"     ",5.10,197.51,2.50
1598,539342689,"01598M09:23:06.258","01598 08:35:53",221.22,884.57,,,,"     ",5.10,196.52,2.49
1598,539342690,"01598M09:23:07.231","01598 08:35:54",221.16,884.52,,,,"     ",5.10,196.32,2.49
1598,539342691,"01598M09:23:08.205","01598 08:35:55",221.07,884.51,,,,"     ",5.10,196.31,2.48
1598,539342692,"01598M09:23:09.178","01598 08:35:56",220.97,884.50,,,,"     ",5.10,196.80,2.49
1598,539342693,"01598M09:23:10.151","01598 08:35:57",220.87,884.52,,,,"     ",5.10,198.51,2.51
1598,539342694,"01598M09:23:11.124","01598 08:35:58",220.76,884.46,,,,"     ",5.10,195.36,2.47
1598,539342695,"01598M09:23:12.098","01598 08:35:59",220.64,884.53,,,,"     ",5.10,197.78,2.50
1598,539342696,"01598M09:23:13.071","01598 08:36:00",220.52,884.53,,,,"     ",5.10,197.26,2.50
1598,539342697,"01598M09:23:14.044","01598 08:36:01",220.43,884.57,,,,"     ",5.10,196.30,2.48
1598,539342698,"01598M09:23:15.017","01598 08:36:02",220.35,884.61,,,,"     ",5.10,198.33,2.51
1598,539342699,"01598M09:23:15.991","01598 08:36:03",220.31,884.62,,,,"     ",5.10,197.12,2.49
1598,539342700,"01598M09:23:16.964","01598 08:36:04",220.30,884.55,,,,"     ",5.10,197.25,2.50
1598,539342701,"01598M09:23:17.937","01598 08:36:05",220.30,884.50,,,,"     ",5.10,198.06,2.51
1598,539342702,"01598M09:23:18.910","01598 08:36:06",220.31,884.52,,,,"     ",5.10,196.84,2.49
1598,539342703,"01598M09:23:19.884","01598 08:36:07",220.35,884.59,,,,"     ",5.10,195.96,2.48
1598,539342704,"01598M09:23:20.857","01598 08:36:08",220.42,884.52,,,,"     ",5.10,196.76,2.49
1598,539342705,"01598M09:23:21.830","01598 08:36:09",220.51,884.54,,,,"     ",5.10,197.70,2.50
1598,539342706,"01598M09:23:22.803","01598 08:36:10",220.62,884.57,,,,"     ",5.10,199.12,2.52
1598,539342707,"01598M09:23:23.777","01598 08:36:11",220.73,884.60,,,,"     ",5.10,197.49,2.50
1598,539342708,"01598M09:23:24.750","01598 08:36:11",220.83,884.60,,,,"     ",5.10,195.39,2.47
1598,539342709,"01598M09:23:25.723","01598 08:36:12",220.90,884.58,,,,"     ",5.10,197.85,2.51
1598,539342710,"01598M09:23:26.696","01598 08:36:13",220.93,884.60,,,,"     ",5.10,197.49,2.50
1598,539342711,"01598M09:23:27.670","01598 08:36:14",220.94,884.50,,,,"     ",5.10,196.89,2.49
1598,539342712,"01598M09:23:28.643","01598 08:36:15",220.92,884.50,,,,"     ",5.10,197.35,2.50
1598,539342713,"01598M09:23:29.616","01598 08:36:16",220.88,884.51,,,,"     ",5.10,199.19,2.52
1598,539342714,"01598M09:23:30.590","01598 08:36:17",220.84,884.57,,,,"     ",5.10,196.26,2.49
1598,539342715,"01598M09:23:31.563","01598 08:36:18",220.79,884.49,,,,"     ",5.10,196.97,2.50
1598,539342716,"01598M09:23:32.536","01598 08:36:19",220.74,884.53,,,,"     ",5.10,197.96,2.51
1598,539342717,"01598M09:23:33.509","01598 08:36:20",220.67,884.47,,,,"     ",5.10,196.37,2.49
1598,539342718,"01598M09:23:34.483","01598 08:36:21",220.58,884.48,,,,"     ",5.10,197.31,2.50
1598,539342719,"01598M09:23:35.456","01598 08:36:22",220.48,884.53,,,,"     ",5.10,196.99,2.50
1598,539342720,"01598M09:23:36.429","01598 08:36:23",220.35,884.54,,,,"     ",5.10,197.18,2.50
1598,539342721,"01598M09:23:37.402","01598 08:36:24",220.22,884.51,,,,"     ",5.10,197.41,2.50
1598,539342722,"01598M09:23:38.376","01598 08:36:25",220.11,884.51,,,,"     ",5.10,199.67,2.53
1598,539342723,"01598M09:23:39.349","01598 08:36:26",220.02,884.56,,,,"     ",5.10,198.81,2.52
1598,539342724,"01598M09:23:40.322","01598 08:36:27",219.96,884.45,,,,"     ",5.10,198.94,2.52
1598,539342725,"01598M09:23:41.295","01598 08:36:28",219.93,884.40,,,,"     ",5.10,197.55,2.51
1598,539342726,"01598M09:23:42.269","01598 08:36:29",219.92,884.38,,,,"     ",5.10,197.68,2.51
1598,539342727,"01598M09:23:43.242","01598 08:36:30",219.92,884.50,,,,"     ",5.10,197.58,2.51
1598,539342728,"01598M09:23:44.215","01598 08:36:31",219.93,884.37,,,,"     ",5.10,198.31,2.52
1598,539342729,"01598M09:23:45.188","01598 08:36:32",219.96,884.43,,,,"     ",5.10,197.23,2.50
1598,539342730,"01598M09:23:46.162","01598 08:36:33",220.01,884.42,,,,"     ",5.10,196.78,2.49
1598,539342731,"01598M09:23:47.135","01598 08:36:34",220.10,884.46,,,,"     ",5.10,197.47,2.50
1598,539342732,"01598M09:23:48.108","01598 08:36:35",220.20,884.54,,,,"     ",5.10,197.20,2.50
1598,539342733,"01598M09:23:49.081","01598 08:36:36",220.32,884.39,,,,"     ",5.10,199.63,2.53
1598,539342734,"01598M09:23:50.055","01598 08:36:37",220.44,884.48,,,,"     ",5.10,198.16,2.51
1598,539342735,"01598M09:23:51.028","01598 08:36:38",220.53,884.50,,,,"     ",5.10,198.07,2.51
1598,539342736,"01598M09:23:52.001","01598 08:36:39",220.60,884.53,,,,"     ",5.10,197.25,2.50
1598,539342737,"01598M09:23:52.974","01598 08:36:40",220.62,884.54,,,,"     ",5.10,199.50,2.53
1598,539342738,"01598M09:23:53.948","01598 08:36:41",220.61,884.46,,,,"     ",5.10,196.52,2.49
1598,539342739,"01598M09:23:54.921","01598 08:36:42",220.57,884.44,,,,"     ",5.10,198.06,2.51
1598,539342740,"01598M09:23:55.894","01598 08:36:43",220.56,884.53,,,,"     ",5.10,197.04,2.50
1598,539342741,"01598M09:23:56.867","01598 08:36:44",220.58,884.58,,,,"     ",5.10,197.56,2.50
1598,539342742,"01598M09:23:57.841","01598 08:36:45",220.65,884.49,,,,"     ",5.10,198.02,2.51
1598,539342743,"01598M09:23:58.814","01598 08:36:46",220.75,884.46,,,,"     ",5.10,197.95,2.51
1598,539342744,"01598M09:23:59.787","01598 08:36:47",220.88,884.41,,,,"     ",5.10,198.31,2.51
1598,539342745,"01598M09:24:00.760","01598 08:36:47",221.00,884.46,,,,"     ",5.10,197.82,2.51
1598,539342746,"01598M09:24:01.734","01598 08:36:48",221.10,884.42,,,,"     ",5.10,197.84,2.51
1598,539342747,"01598M09:24:02.707","01598 08:36:49",221.18,884.49,,,,"     ",5.10,196.72,2.49
1598,539342748,"01598M09:24:03.680","01598 08:36:50",221.26,884.48,,,,"     ",5.10,198.59,2.52
1598,539342749,"01598M09:24:04.653","01598 08:36:51",221.32,884.52,,,,"     ",5.10,196.50,2.49
1598,539342750,"01598M09:24:05.627","01598 08:36:52",221.37,884.53,,,,"     ",5.10,199.71,2.53
1598,539342751,"01598M09:24:06.600","01598 08:36:53",221.39,884.45,,,,"     ",5.10,197.08,2.50
1598,539342752,"01598M09:24:07.573","01598 08:36:54",221.39,884.37,,,,"     ",5.10,198.22,2.51
1598,539342753,"01598M09:24:08.546","01598 08:36:55",221.36,884.38,,,,"     ",5.10,196.86,2.49
1598,539342754,"01598M09:24:09.520","01598 08:36:56",221.31,884.35,,,,"     ",5.10,198.48,2.51
1598,539342755,"01598M09:24:10.493","01598 08:36:57",221.24,884.42,,,,"     ",5.10,198.59,2.51
1598,539342756,"01598M09:24:11.466","01598 08:36:58",221.18,884.52,,,,"     ",5.10,197.49,2.50
1598,539342757,"01598M09:24:12.439","01598 08:36:59",221.14,884.44,,,,"     ",5.10,198.59,2.51
1598,539342758,"01598M09:24:13.413","01598 08:37:00",221.13,884.45,,,,"     ",5.10,196.76,2.49
1598,539342759,"01598M09:24:14.386","01598 08:37:01",221.17,884.50,,,,"     ",5.10,200.21,2.53
1598,539342760,"01598M09:24:15.359","01598 08:37:02",221.25,884.41,,,,"     ",5.10,197.45,2.50
1598,539342761,"01598M09:24:16.332","01598 08:37:03",221.35,884.43,,,,"     ",5.10,199.28,2.52
1598,539342762,"01598M09:24:17.306","01598 08:37:04",221.44,884.35,,,,"     ",5.10,198.26,2.50
1598,539342763,"01598M09:24:18.279","01598 08:37:05",221.50,884.43,,,,"     ",5.10,198.51,2.51
1598,539342764,"01598M09:24:19.252","01598 08:37:06",221.52,884.33,,,,"     ",5.10,199.45,2.52
1598,539342765,"01598M09:24:20.225","01598 08:37:07",221.49,884.38,,,,"     ",5.10,198.18,2.50
1598,539342766,"01598M09:24:21.199","01598 08:37:08",221.44,884.37,,,,"     ",5.10,198.69,2.51
1598,539342767,"01598M09:24:22.172","01598 08:37:09",221.39,884.44,,,,"     ",5.10,199.68,2.52
1598,539342768,"01598M09:24:23.145","01598 08:37:10",221.33,884.35,,,,"     ",5.10,198.78,2.51
1598,539342769,"01598M09:24:24.118","01598 08:37:11",221.27,884.39,,,,"     ",5.10,201.08,2.53
1598,539342770,"01598M09:24:25.092","01598 08:37:12",221.21,884.38,,,,"     ",5.10,199.79,2.52
1598,539342771,"01598M09:24:26.065","01598 08:37:13",221.16,884.39,,,,"     ",5.10,199.83,2.52
1598,539342772,"01598M09:24:27.038","01598 08:37:14",221.12,884.47,,,,"     ",5.10,198.40,2.50
1598,539342773,"01598M09:24:28.011","01598 08:37:15",221.11,884.45,,,,"     ",5.10,198.73,2.50
1598,539342774,"01598M09:24:28.985","01598 08:37:16",221.13,884.44,,,,"     ",5.10,199.35,2.51
1598,539342775,"01598M09:24:29.958","01598 08:37:17",221.18,884.31,,,,"     ",5.10,199.94,2.51
1598,539342776,"01598M09:24:30.931","01598 08:37:18",221.27,884.36,,,,"     ",5.10,199.12,2.50
1598,539342777,"01598M09:24:31.904","01598 08:37:19",221.37,884.35,,,,"     ",5.10,199.51,2.51
1598,539342778,"01598M09:24:32.878","01598 08:37:20",221.46,884.30,,,,"     ",5.10,202.07,2.54
1598,539342779,"01598M09:24:33.851","01598 08:37:21",221.47,884.36,,,,"     ",5.10,200.81,2.52
1598,539342780,"01598M09:24:34.824","01598 08:37:22",221.48,884.31,,,,"     ",5.10,198.10,2.49
1598,539342781,"01598M09:24:35.797","01598 08:37:23",221.49,884.38,,,,"     ",5.10,200.12,2.51
1598,539342782,"01598M09:24:36.771","01598 08:37:24",221.50,884.34,,,,"     ",5.10,199.90,2.51
1598,539342783,"01598M09:24:37.744","01598 08:37:24",221.51,884.30,,,,"     ",5.10,201.25,2.52
1598,539342784,"01598M09:24:38.717","01598 08:37:25",221.47,884.36,,,,"     ",5.10,198.85,2.49
1598,539342785,"01598M09:24:39.690","01598 08:37:26",221.41,884.34,,,,"     ",5.10,199.97,2.50
1598,539342786,"01598M09:24:40.664","01598 08:37:27",221.34,884.32,,,,"     ",5.10,201.89,2.53
1598,539342787,"01598M09:24:41.637","01598 08:37:28",221.29,884.32,,,,"     ",5.10,199.99,2.50
1598,539342788,"01598M09:24:42.610","01598 08:37:29",221.24,884.30,,,,"     ",5.10,201.22,2.52
1598,539342789,"01598M09:24:43.584","01598 08:37:30",221.20,884.34,,,,"     ",5.10,202.51,2.53
1598,539342790,"01598M09:24:44.557","01598 08:37:31",221.18,884.42,,,,"     ",5.10,200.26,2.50
1598,539342791,"01598M09:24:45.530","01598 08:37:32",221.19,884.34,,,,"     ",5.10,201.24,2.51
1598,539342792,"01598M09:24:46.503","01598 08:37:33",221.25,884.38,,,,"     ",5.10,202.97,2.54
1598,539342793,"01598M09:24:47.477","01598 08:37:34",221.34,884.41,,,,"     ",5.10,200.34,2.50
1598,539342794,"01598M09:24:48.450","01598 08:37:35",221.46,884.42,,,,"     ",5.10,202.72,2.53
1598,539342795,"01598M09:24:49.423","01598 08:37:36",221.59,884.26,,,,"     ",5.10,201.34,2.51
1598,539342796,"01598M09:24:50.396","01598 08:37:37",221.74,884.39,,,,"     ",5.10,201.62,2.51
1598,539342797,"01598M09:24:51.370","01598 08:37:38",221.88,884.33,,,,"     ",5.10,201.39,2.51
1598,539342798,"01598M09:24:52.343","01598 08:37:39",221.90,884.22,,,,"     ",5.10,200.75,2.50
1598,539342799,"01598M09:24:53.316","01598 08:37:40",221.91,884.31,,,,"     ",5.10,200.39,2.49
1598,539342800,"01598M09:24:54.289","01598 08:37:41",221.92,884.20,,,,"     ",5.10,199.99,2.49
1598,539342801,"01598M09:24:55.263","01598 08:37:42",221.93,884.27,,,,"     ",5.10,201.64,2.51
1598,539342802,"01598M09:24:56.236","01598 08:37:43",221.94,884.21,,,,"     ",5.10,201.96,2.51
1598,539342803,"01598M09:24:57.209","01598 08:37:44",221.95,884.19,,,,"     ",5.10,201.81,2.51
1598,539342804,"01598M09:24:58.182","01598 08:37:45",221.96,884.23,,,,"     ",5.10,200.83,2.49
1598,539342805,"01598M09:24:59.156","01598 08:37:46",221.97,884.27,,,,"     ",5.10,201.75,2.50
1598,539342806,"01598M09:25:00.129","01598 08:37:47",221.99,884.23,,,,"     ",5.10,200.99,2.49
1598,539342807,"01598M09:25:01.102","01598 08:37:48",222.01,884.22,,,,"     ",5.10,201.04,2.49
1598,539342808,"01598M09:25:02.075","01598 08:37:49",222.03,884.25,,,,"     ",5.10,201.61,2.50
1598,539342809,"01598M09:25:03.049","01598 08:37:50",222.04,884.29,,,,"     ",5.10,201.08,2.49
1598,539342810,"01598M09:25:04.022","01598 08:37:51",222.05,884.24,,,,"     ",5.10,203.10,2.51
1598,539342811,"01598M09:25:04.995","01598 08:37:52",222.05,884.27,,,,"     ",5.10,202.14,2.50
1598,539342812,"01598M09:25:05.968","01598 08:37:53",222.05,884.29,,,,"     ",5.10,203.29,2.51
1598,539342813,"01598M09:25:06.942","01598 08:37:54",222.06,884.31,,,,"     ",5.10,200.11,2.47
1598,539342814,"01598M09:25:07.915","01598 08:37:55",222.06,884.28,,,,"     ",5.10,201.71,2.49
1598,539342815,"01598M09:25:08.888","01598 08:37:56",222.06,884.36,,,,"     ",5.10,201.75,2.49
1598,539342816,"01598M09:25:09.861","01598 08:37:57",222.05,884.15,,,,"     ",5.10,202.71,2.50
1598,539342817,"01598M09:25:10.835","01598 08:37:58",222.04,884.13,,,,"     ",5.10,202.22,2.49
1598,539342818,"01598M09:25:11.808","01598 08:37:59",222.02,884.13,,,,"     ",5.10,201.93,2.48
1598,539342819,"01598M09:25:12.781","01598 08:38:00",221.99,884.17,,,,"     ",5.10,202.27,2.49
1598,539342820,"01598M09:25:13.754","01598 08:38:00",221.97,884.19,,,,"     ",5.10,202.18,2.48
1598,539342821,"01598M09:25:14.728","01598 08:38:01",221.94,884.21,,,,"     ",5.10,201.92,2.48
1598,539342822,"01598M09:25:15.701","01598 08:38:02",221.92,884.19,,,,"     ",5.10,203.26,2.50
1598,539342823,"01598M09:25:16.674","01598 08:38:03",221.91,884.18,,,,"     ",5.10,204.40,2.51
1598,539342824,"01598M09:25:17.647","01598 08:38:04",221.89,884.18,,,,"     ",5.10,202.95,2.49
1598,539342825,"01598M09:25:18.621","01598 08:38:05",221.87,884.14,,,,"     ",5.10,202.05,2.48
1598,539342826,"01598M09:25:19.594","01598 08:38:06",221.84,884.19,,,,"     ",5.10,203.07,2.49
1598,539342827,"01598M09:25:20.567","01598 08:38:07",221.81,884.14,,,,"     ",5.10,201.93,2.47
1598,539342828,"01598M09:25:21.540","01598 08:38:08",221.77,884.09,,,,"     ",5.10,202.37,2.47
1598,539342829,"01598M09:25:22.514","01598 08:38:09",221.74,884.05,,,,"     ",5.10,202.58,2.48
1598,539342830,"01598M09:25:23.487","01598 08:38:10",221.70,884.10,,,,"     ",5.10,203.53,2.49
1598,539342831,"01598M09:25:24.460","01598 08:38:11",221.67,884.04,,,,"     ",5.10,203.10,2.48
1598,539342832,"01598M09:25:25.433","01598 08:38:12",221.64,884.13,,,,"     ",5.10,202.18,2.47
1598,539342833,"01598M09:25:26.407","01598 08:38:13",221.61,884.18,,,,"     ",5.10,204.26,2.49
1598,539342834,"01598M09:25:27.380","01598 08:38:14",221.59,884.21,,,,"     ",5.10,204.44,2.49
1598,539342835,"01598M09:25:28.353","01598 08:38:15",221.56,884.13,,,,"     ",5.10,203.13,2.47
1598,539342836,"01598M09:25:29.326","01598 08:38:16",221.55,884.25,,,,"     ",5.10,202.86,2.47
1598,539342837,"01598M09:25:30.300","01598 08:38:17",221.53,884.17,,,,"     ",5.10,203.47,2.48
1598,539342838,"01598M09:25:31.273","01598 08:38:18",221.51,884.09,,,,"     ",5.10,203.50,2.47
1598,539342839,"01598M09:25:32.246","01598 08:38:19",221.49,884.15,,,,"     ",5.10,202.67,2.46
1598,539342840,"01598M09:25:33.219","01598 08:38:20",221.47,884.21,,,,"     ",5.10,204.19,2.48
1598,539342841,"01598M09:25:34.193","01598 08:38:21",221.45,884.19,,,,"     ",5.10,203.57,2.47
1598,539342842,"01598M09:25:35.166","01598 08:38:22",221.42,884.15,,,,"     ",5.10,204.25,2.48
1598,539342843,"01598M09:25:36.139","01598 08:38:23",221.38,884.16,,,,"     ",5.10,203.58,2.47
1598,539342844,"01598M09:25:37.112","01598 08:38:24",221.34,884.13,,,,"     ",5.10,203.87,2.47
1598,539342845,"01598M09:25:38.086","01598 08:38:25",221.29,884.14,,,,"     ",5.10,203.96,2.47
1598,539342846,"01598M09:25:39.059","01598 08:38:26",221.24,884.27,,,,"     ",5.10,204.84,2.48
1598,539342847,"01598M09:25:40.032","01598 08:38:27",221.19,884.19,,,,"     ",5.10,202.62,2.45
1598,539342848,"01598M09:25:41.005","01598 08:38:28",221.15,884.11,,,,"     ",5.10,203.16,2.46
1598,539342849,"01598M09:25:41.979","01598 08:38:29",221.11,884.15,,,,"     ",5.10,204.50,2.47
1598,539342850,"01598M09:25:42.952","01598 08:38:30",221.09,884.15,,,,"     ",5.10,204.71,2.47
1598,539342851,"01598M09:25:43.925","01598 08:38:31",221.08,884.17,,,,"     ",5.10,205.05,2.48
1598,539342852,"01598M09:25:44.898","01598 08:38:32",221.07,884.15,,,,"     ",5.10,203.21,2.45
1598,539342853,"01598M09:25:45.872","01598 08:38:33",221.06,884.20,,,,"     ",5.10,205.63,2.48
1598,539342854,"01598M09:25:46.845","01598 08:38:34",221.05,884.18,,,,"     ",5.10,204.24,2.46
1598,539342855,"01598M09:25:47.818","01598 08:38:35",221.03,884.16,,,,"     ",5.10,204.51,2.46
1598,539342856,"01598M09:25:48.791","01598 08:38:36",221.01,884.18,,,,"     ",5.10,205.21,2.47
1598,539342857,"01598M09:25:49.765","01598 08:38:36",220.99,884.12,,,,"     ",5.10,205.42,2.47
1598,539342858,"01598M09:25:50.738","01598 08:38:37",220.97,884.18,,,,"     ",5.10,204.28,2.45
1598,539342859,"01598M09:25:51.711","01598 08:38:38",220.94,884.10,,,,"     ",5.10,204.75,2.46
1598,539342860,"01598M09:25:52.685","01598 08:38:39",220.91,884.08,,,,"     ",5.10,206.11,2.47
1598,539342861,"01598M09:25:53.658","01598 08:38:40",220.89,884.03,,,,"     ",5.10,203.82,2.44
1598,539342862,"01598M09:25:54.631","01598 08:38:41",220.86,884.03,,,,"     ",5.10,204.01,2.45
1598,539342863,"01598M09:25:55.604","01598 08:38:42",220.82,884.09,,,,"     ",5.10,203.86,2.44
1598,539342864,"01598M09:25:56.578","01598 08:38:43",220.78,883.97,,,,"     ",5.10,206.07,2.47
1598,539342865,"01598M09:25:57.551","01598 08:38:44",220.74,884.11,,,,"     ",5.10,204.40,2.45
1598,539342866,"01598M09:25:58.524","01598 08:38:45",220.55,884.18,,,,"     ",5.10,203.01,2.43
1598,539342867,"01598M09:25:59.497","01598 08:38:46",220.57,884.07,,,,"     ",5.10,203.65,2.44
1598,539342868,"01598M09:26:00.471","01598 08:38:47",220.58,884.04,,,,"     ",5.10,207.74,2.48
1598,539342869,"01598M09:26:01.444","01598 08:38:48",220.59,884.05,,,,"     ",5.10,206.05,2.46
1598,539342870,"01598M09:26:02.417","01598 08:38:49",220.60,884.16,,,,"     ",5.10,204.79,2.45
1598,539342871,"01598M09:26:03.390","01598 08:38:50",220.61,884.06,,,,"     ",5.10,207.25,2.47
1598,539342872,"01598M09:26:04.364","01598 08:38:51",220.61,883.99,,,,"     ",5.10,204.96,2.44
1598,539342873,"01598M09:26:05.337","01598 08:38:52",220.62,883.99,,,,"     ",5.10,205.87,2.45
1598,539342874,"01598M09:26:06.310","01598 08:38:53",220.62,883.98,,,,"     ",5.10,206.27,2.46
1598,539342875,"01598M09:26:07.283","01598 08:38:54",220.62,883.98,,,,"     ",5.10,206.57,2.46
1598,539342876,"01598M09:26:08.257","01598 08:38:55",220.62,884.11,,,,"     ",5.10,205.68,2.45
1598,539342877,"01598M09:26:09.230","01598 08:38:56",220.62,884.10,,,,"     ",5.10,206.42,2.45
1598,539342878,"01598M09:26:10.203","01598 08:38:57",220.61,884.04,,,,"     ",5.10,206.88,2.46
1598,539342879,"01598M09:26:11.176","01598 08:38:58",220.60,884.04,,,,"     ",5.10,204.54,2.43
1598,539342880,"01598M09:26:12.150","01598 08:38:59",220.58,884.02,,,,"     ",5.10,205.66,2.44
1598,539342881,"01598M09:26:13.123","01598 08:39:00",220.57,883.95,,,,"     ",5.10,207.04,2.46
1598,539342882,"01598M09:26:14.096","01598 08:39:01",220.56,883.96,,,,"     ",5.10,207.31,2.46
1598,539342883,"01598M09:26:15.069","01598 08:39:02",220.57,883.93,,,,"     ",5.10,205.88,2.44
1598,539342884,"01598M09:26:16.043","01598 08:39:03",220.57,884.03,,,,"     ",5.10,207.46,2.46
1598,539342885,"01598M09:26:17.016","01598 08:39:04",220.59,883.93,,,,"     ",5.10,205.62,2.43
1598,539342886,"01598M09:26:17.989","01598 08:39:05",220.62,883.95,,,,"     ",5.10,206.09,2.44
1598,539342887,"01598M09:26:18.962","01598 08:39:06",220.65,883.99,,,,"     ",5.10,206.28,2.44
1598,539342888,"01598M09:26:19.936","01598 08:39:07",220.68,883.97,,,,"     ",5.10,207.09,2.45
1598,539342889,"01598M09:26:20.909","01598 08:39:08",220.71,884.01,,,,"     ",5.10,207.03,2.45
1598,539342890,"01598M09:26:21.882","01598 08:39:09",220.75,883.97,,,,"     ",5.10,209.41,2.47
1598,539342891,"01598M09:26:22.855","01598 08:39:10",220.79,883.97,,,,"     ",5.10,206.57,2.44
1598,539342892,"01598M09:26:23.829","01598 08:39:11",220.85,883.93,,,,"     ",5.10,207.33,2.45
1598,539342893,"01598M09:26:24.802","01598 08:39:12",220.91,883.98,,,,"     ",5.10,206.33,2.43
1598,539342894,"01598M09:26:25.775","01598 08:39:12",220.97,883.90,,,,"     ",5.10,209.03,2.46
1598,539342895,"01598M09:26:26.748","01598 08:39:13",221.02,883.90,,,,"     ",5.10,207.90,2.45
1598,539342896,"01598M09:26:27.722","01598 08:39:14",221.06,883.95,,,,"     ",5.10,205.98,2.42
1598,539342897,"01598M09:26:28.695","01598 08:39:15",221.08,883.96,,,,"     ",5.10,206.11,2.42
1598,539342898,"01598M09:26:29.668","01598 08:39:16",221.09,883.92,,,,"     ",5.10,206.37,2.43
1598,539342899,"01598M09:26:30.641","01598 08:39:17",221.10,883.92,,,,"     ",5.10,207.63,2.44
1598,539342900,"01598M09:26:31.615","01598 08:39:18",221.10,883.92,,,,"     ",5.10,207.94,2.44
1598,539342901,"01598M09:26:32.588","01598 08:39:19",221.10,883.95,,,,"     ",5.10,207.81,2.44
1598,539342902,"01598M09:26:33.561","01598 08:39:20",221.08,884.01,,,,"     ",5.10,207.07,2.43
1598,539342903,"01598M09:26:34.534","01598 08:39:21",221.04,883.87,,,,"     ",5.10,207.74,2.44
1598,539342904,"01598M09:26:35.508","01598 08:39:22",221.00,883.85,,,,"     ",5.10,207.35,2.43
1598,539342905,"01598M09:26:36.481","01598 08:39:23",220.95,883.95,,,,"     ",5.10,206.96,2.43
1598,539342906,"01598M09:26:37.454","01598 08:39:24",220.89,883.87,,,,"     ",5.10,208.92,2.45
1598,539342907,"01598M09:26:38.427","01598 08:39:25",220.84,883.87,,,,"     ",5.10,209.61,2.46
1598,539342908,"01598M09:26:39.401","01598 08:39:26",220.80,883.81,,,,"     ",5.10,206.87,2.42
1598,539342909,"01598M09:26:40.374","01598 08:39:27",220.77,883.77,,,,"     ",5.10,207.05,2.42
1598,539342910,"01598M09:26:41.347","01598 08:39:28",220.75,883.80,,,,"     ",5.10,207.09,2.42
1598,539342911,"01598M09:26:42.320","01598 08:39:29",220.75,883.80,,,,"     ",5.10,207.91,2.43
1598,539342912,"01598M09:26:43.294","01598 08:39:30",220.77,883.84,,,,"     ",5.10,208.86,2.44
1598,539342913,"01598M09:26:44.267","01598 08:39:31",220.79,883.84,,,,"     ",5.10,206.47,2.41
1598,539342914,"01598M09:26:45.240","01598 08:39:32",220.81,883.87,,,,"     ",5.10,210.20,2.45
1598,539342915,"01598M09:26:46.213","01598 08:39:33",220.82,883.87,,,,"     ",5.10,209.29,2.44
1598,539342916,"01598M09:26:47.187","01598 08:39:34",220.84,883.82,,,,"     ",5.10,207.89,2.42
1598,539342917,"01598M09:26:48.160","01598 08:39:35",220.84,883.69,,,,"     ",5.10,208.49,2.43
1598,539342918,"01598M09:26:49.133","01598 08:39:36",220.85,883.79,,,,"     ",5.10,209.54,2.44
1598,539342919,"01598M09:26:50.106","01598 08:39:37",220.85,883.82,,,,"     ",5.10,207.87,2.42
1598,539342920,"01598M09:26:51.080","01598 08:39:38",220.84,883.80,,,,"     ",5.10,207.60,2.41
1598,539342921,"01598M09:26:52.053","01598 08:39:39",220.83,883.84,,,,"     ",5.10,207.17,2.41
1598,539342922,"01598M09:26:53.026","01598 08:39:40",220.80,883.85,,,,"     ",5.10,207.82,2.42
1598,539342923,"01598M09:26:53.999","01598 08:39:41",220.77,883.86,,,,"     ",5.10,208.60,2.42
1598,539342924,"01598M09:26:54.973","01598 08:39:42",220.75,883.85,,,,"     ",5.10,208.86,2.43
1598,539342925,"01598M09:26:55.946","01598 08:39:43",220.73,883.87,,,,"     ",5.10,208.91,2.43
1598,539342926,"01598M09:26:56.919","01598 08:39:44",220.72,883.88,,,,"     ",5.10,206.91,2.40
1598,539342927,"01598M09:26:57.892","01598 08:39:45",220.73,883.80,,,,"     ",5.10,208.90,2.42
1598,539342928,"01598M09:26:58.866","01598 08:39:46",220.75,883.76,,,,"     ",5.10,208.96,2.42
1598,539342929,"01598M09:26:59.839","01598 08:39:47",220.79,883.76,,,,"     ",5.10,207.68,2.41
1598,539342930,"01598M09:27:00.812","01598 08:39:48",220.85,883.76,,,,"     ",5.10,208.86,2.42
1598,539342931,"01598M09:27:01.786","01598 08:39:48",220.91,883.76,,,,"     ",5.10,208.32,2.41
1598,539342932,"01598M09:27:02.759","01598 08:39:49",220.98,883.82,,,,"     ",5.10,208.69,2.42
1598,539342933,"01598M09:27:03.732","01598 08:39:50",221.04,883.88,,,,"     ",5.10,209.91,2.43
1598,539342934,"01598M09:27:04.705","01598 08:39:51",221.10,883.92,,,,"     ",5.10,208.47,2.41
1598,539342935,"01598M09:27:05.679","01598 08:39:52",221.15,883.86,,,,"     ",5.10,208.99,2.42
1598,539342936,"01598M09:27:06.652","01598 08:39:53",221.18,883.93,,,,"     ",5.10,208.32,2.41
1598,539342937,"01598M09:27:07.625","01598 08:39:54",221.21,883.82,,,,"     ",5.10,209.37,2.42
1598,539342938,"01598M09:27:08.598","01598 08:39:55",221.22,883.76,,,,"     ",5.10,208.15,2.40
1598,539342939,"01598M09:27:09.572","01598 08:39:56",221.22,883.84,,,,"     ",5.10,208.11,2.40
1598,539342940,"01598M09:27:10.545","01598 08:39:57",221.22,883.85,,,,"     ",5.10,209.10,2.41
1598,539342941,"01598M09:27:11.518","01598 08:39:58",221.21,883.91,,,,"     ",5.10,208.35,2.40
1598,539342942,"01598M09:27:12.491","01598 08:39:59",221.19,883.82,,,,"     ",5.10,210.66,2.43
1598,539342943,"01598M09:27:13.465","01598 08:40:00",221.17,883.83,,,,"     ",5.10,207.94,2.40
1598,539342944,"01598M09:27:14.438","01598 08:40:01",221.15,883.84,,,,"     ",5.10,209.37,2.41
1598,539342945,"01598M09:27:15.411","01598 08:40:02",221.12,883.76,,,,"     ",5.10,206.92,2.38
1598,539342946,"01598M09:27:16.384","01598 08:40:03",221.10,883.81,,,,"     ",5.10,207.82,2.39
1598,539342947,"01598M09:27:17.358","01598 08:40:04",221.08,883.75,,,,"     ",5.10,208.79,2.40
1598,539342948,"01598M09:27:18.331","01598 08:40:05",221.07,883.77,,,,"     ",5.10,208.63,2.40
1598,539342949,"01598M09:27:19.304","01598 08:40:06",221.05,883.78,,,,"     ",5.10,210.77,2.43
1598,539342950,"01598M09:27:20.277","01598 08:40:07",221.02,883.81,,,,"     ",5.10,211.62,2.43
1598,539342951,"01598M09:27:21.251","01598 08:40:08",220.99,883.73,,,,"     ",5.10,207.97,2.39
1598,539342952,"01598M09:27:22.224","01598 08:40:09",220.96,883.72,,,,"     ",5.10,211.01,2.43
1598,539342953,"01598M09:27:23.197","01598 08:40:10",220.93,883.68,,,,"     ",5.10,208.16,2.39
1598,539342954,"01598M09:27:24.170","01598 08:40:11",220.89,883.66,,,,"     ",5.10,209.34,2.40
1598,539342955,"01598M09:27:25.144","01598 08:40:12",220.87,883.65,,,,"     ",5.10,207.89,2.39
1598,539342956,"01598M09:27:26.117","01598 08:40:13",220.86,883.57,,,,"     ",5.10,211.11,2.42
1598,539342957,"01598M09:27:27.090","01598 08:40:14",220.85,883.61,,,,"     ",5.10,211.12,2.42
1598,539342958,"01598M09:27:28.063","01598 08:40:15",220.86,883.66,,,,"     ",5.10,208.11,2.39
1598,539342959,"01598M09:27:29.037","01598 08:40:16",220.87,883.71,,,,"     ",5.10,210.02,2.41
1598,539342960,"01598M09:27:30.010","01598 08:40:17",220.88,883.72,,,,"     ",5.10,211.65,2.43
1598,539342961,"01598M09:27:30.983","01598 08:40:18",220.90,883.64,,,,"     ",5.10,210.07,2.41
1598,539342962,"01598M09:27:31.956","01598 08:40:19",220.91,883.62,,,,"     ",5.10,210.95,2.42
1598,539342963,"01598M09:27:32.930","01598 08:40:20",220.91,883.64,,,,"     ",5.10,208.37,2.39
1598,539342964,"01598M09:27:33.903","01598 08:40:21",220.92,883.63,,,,"     ",5.10,209.04,2.39
1598,539342965,"01598M09:27:34.876","01598 08:40:22",220.93,883.70,,,,"     ",5.10,209.34,2.40
1598,539342966,"01598M09:27:35.849","01598 08:40:23",220.95,883.69,,,,"     ",5.10,209.47,2.40
1598,539342967,"01598M09:27:36.823","01598 08:40:24",220.97,883.72,,,,"     ",5.10,210.09,2.41
1598,539342968,"01598M09:27:37.796","01598 08:40:24",221.00,883.65,,,,"     ",5.10,210.11,2.41
1598,539342969,"01598M09:27:38.769","01598 08:40:25",221.02,883.59,,,,"     ",5.10,208.46,2.39
1598,539342970,"01598M09:27:39.742","01598 08:40:26",221.04,883.67,,,,"     ",5.10,210.08,2.40
1598,539342971,"01598M09:27:40.716","01598 08:40:27",221.05,883.63,,,,"     ",5.10,208.19,2.38
1598,539342972,"01598M09:27:41.689","01598 08:40:28",221.07,883.63,,,,"     ",5.10,208.19,2.38
1598,539342973,"01598M09:27:42.662","01598 08:40:29",221.09,883.55,,,,"     ",5.10,210.28,2.41
1598,539342974,"01598M09:27:43.635","01598 08:40:30",221.11,883.60,,,,"     ",5.10,209.64,2.40
1598,539342975,"01598M09:27:44.609","01598 08:40:31",221.13,883.68,,,,"     ",5.10,206.95,2.37
1598,539342976,"01598M09:27:45.582","01598 08:40:32",221.14,883.61,,,,"     ",5.10,210.67,2.41
1598,539342977,"01598M09:27:46.555","01598 08:40:33",221.14,883.69,,,,"     ",5.10,210.96,2.41
1598,539342978,"01598M09:27:47.528","01598 08:40:34",221.13,883.65,,,,"     ",5.10,209.26,2.39
1598,539342979,"01598M09:27:48.502","01598 08:40:35",221.12,883.60,,,,"     ",5.10,209.78,2.40
1598,539342980,"01598M09:27:49.475","01598 08:40:36",221.10,883.55,,,,"     ",5.10,209.31,2.39
1598,539342981,"01598M09:27:50.448","01598 08:40:37",221.09,883.66,,,,"     ",5.10,209.57,2.40
1598,539342982,"01598M09:27:51.421","01598 08:40:38",221.09,883.59,,,,"     ",5.10,210.65,2.41
1598,539342983,"01598M09:27:52.395","01598 08:40:39",221.09,883.64,,,,"     ",5.10,209.13,2.39
1598,539342984,"01598M09:27:53.368","01598 08:40:40",221.11,883.56,,,,"     ",5.10,209.13,2.39
1598,539342985,"01598M09:27:54.341","01598 08:40:41",221.14,883.56,,,,"     ",5.10,208.71,2.38
1598,539342986,"01598M09:27:55.314","01598 08:40:42",221.17,883.57,,,,"     ",5.10,210.26,2.40
1598,539342987,"01598M09:27:56.288","01598 08:40:43",221.20,883.62,,,,"     ",5.10,209.36,2.39
1598,539342988,"01598M09:27:57.261","01598 08:40:44",221.24,883.56,,,,"     ",5.10,208.79,2.39
1598,539342989,"01598M09:27:58.234","01598 08:40:45",221.28,883.58,,,,"     ",5.10,210.20,2.40
1598,539342990,"01598M09:27:59.207","01598 08:40:46",221.31,883.59,,,,"     ",5.10,210.44,2.41
1598,539342991,"01598M09:28:00.181","01598 08:40:47",221.34,883.61,,,,"     ",5.10,209.53,2.39
1598,539342992,"01598M09:28:01.154","01598 08:40:48",221.35,883.56,,,,"     ",5.10,211.09,2.41
1598,539342993,"01598M09:28:02.127","01598 08:40:49",221.36,883.58,,,,"     ",5.10,209.80,2.40
1598,539342994,"01598M09:28:03.100","01598 08:40:50",221.35,883.61,,,,"     ",5.10,209.69,2.39
1598,539342995,"01598M09:28:04.074","01598 08:40:51",221.33,883.50,,,,"     ",5.10,209.11,2.39
1598,539342996,"01598M09:28:05.047","01598 08:40:52",221.31,883.58,,,,"     ",5.10,209.38,2.39
1598,539342997,"01598M09:28:06.020","01598 08:40:53",221.28,883.60,,,,"     ",5.10,209.59,2.39
1598,539342998,"01598M09:28:06.993","01598 08:40:54",221.26,883.59,,,,"     ",5.10,210.33,2.40
1598,539342999,"01598M09:28:07.967","01598 08:40:55",221.23,883.62,,,,"     ",5.10,210.64,2.40
1598,539343000,"01598M09:28:08.940","01598 08:40:56",221.22,883.59,,,,"     ",5.10,210.82,2.41
1598,539343001,"01598M09:28:09.913","01598 08:40:57",221.20,883.55,,,,"     ",5.10,210.90,2.41
1598,539343002,"01598M09:28:10.887","01598 08:40:58",221.19,883.53,,,,"     ",5.10,210.41,2.40
1598,539343003,"01598M09:28:11.860","01598 08:40:59",221.19,883.60,,,,"     ",5.10,212.15,2.42
1598,539343004,"01598M09:28:12.833","01598 08:41:00",221.19,883.62,,,,"     ",5.10,210.28,2.40
1598,539343005,"01598M09:28:13.806","01598 08:41:00",221.20,883.47,,,,"     ",5.10,209.42,2.39
1598,539343006,"01598M09:28:14.780","01598 08:41:01",221.21,883.51,,,,"     ",5.10,211.10,2.41
1598,539343007,"01598M09:28:15.753","01598 08:41:02",221.23,883.52,,,,"     ",5.10,211.83,2.42
1598,539343008,"01598M09:28:16.726","01598 08:41:03",221.25,883.49,,,,"     ",5.10,208.87,2.38
1598,539343009,"01598M09:28:17.699","01598 08:41:04",221.27,883.57,,,,"     ",5.10,209.03,2.38
1598,539343010,"01598M09:28:18.673","01598 08:41:05",221.29,883.46,,,,"     ",5.10,208.92,2.38
1598,539343011,"01598M09:28:19.646","01598 08:41:06",221.31,883.47,,,,"     ",5.10,211.50,2.41
1598,539343012,"01598M09:28:20.619","01598 08:41:07",221.32,883.53,,,,"     ",5.10,209.86,2.39
1598,539343013,"01598M09:28:21.592","01598 08:41:08",221.33,883.52,,,,"     ",5.10,210.15,2.39
1598,539343014,"01598M09:28:22.566","01598 08:41:09",221.34,883.45,,,,"     ",5.10,211.91,2.42
1598,539343015,"01598M09:28:23.539","01598 08:41:10",221.34,883.39,,,,"     ",5.10,211.27,2.41
1598,539343016,"01598M09:28:24.512","01598 08:41:11",221.35,883.47,,,,"     ",5.10,208.90,2.38
1598,539343017,"01598M09:28:25.485","01598 08:41:12",221.35,883.49,,,,"     ",5.10,210.72,2.40
1598,539343018,"01598M09:28:26.459","01598 08:41:13",221.36,883.45,,,,"     ",5.10,210.17,2.39
1598,539343019,"01598M09:28:27.432","01598 08:41:14",221.39,883.48,,,,"     ",5.10,213.04,2.43
1598,539343020,"01598M09:28:28.405","01598 08:41:15",221.42,883.54,,,,"     ",5.10,211.79,2.41
1598,539343021,"01598M09:28:29.378","01598 08:41:16",221.46,883.48,,,,"     ",5.10,212.37,2.42
1598,539343022,"01598M09:28:30.352","01598 08:41:17",221.51,883.49,,,,"     ",5.10,212.07,2.41
1598,539343023,"01598M09:28:31.325","01598 08:41:18",221.58,883.47,,,,"     ",5.10,211.54,2.40
1598,539343024,"01598M09:28:32.298","01598 08:41:19",221.64,883.43,,,,"     ",5.10,212.97,2.42
1598,539343025,"01598M09:28:33.271","01598 08:41:20",221.71,883.46,,,,"     ",5.10,211.15,2.40
1598,539343026,"01598M09:28:34.245","01598 08:41:21",221.78,883.44,,,,"     ",5.10,213.20,2.42
1598,539343027,"01598M09:28:35.218","01598 08:41:22",221.85,883.43,,,,"     ",5.10,213.16,2.42
1598,539343028,"01598M09:28:36.191","01598 08:41:23",221.92,883.47,,,,"     ",5.10,213.08,2.42
1598,539343029,"01598M09:28:37.164","01598 08:41:24",222.00,883.42,,,,"     ",5.10,211.81,2.40
1598,539343030,"01598M09:28:38.138","01598 08:41:25",222.07,883.42,,,,"     ",5.10,213.05,2.41
1598,539343031,"01598M09:28:39.111","01598 08:41:26",222.13,883.44,,,,"     ",5.10,215.58,2.44
1598,539343032,"01598M09:28:40.084","01598 08:41:27",222.19,883.48,,,,"     ",5.10,213.48,2.42
1598,539343033,"01598M09:28:41.057","01598 08:41:28",222.24,883.43,,,,"     ",5.10,213.96,2.42
1598,539343034,"01598M09:28:42.031","01598 08:41:29",222.30,883.38,,,,"     ",5.10,213.15,2.41
1598,539343035,"01598M09:28:43.004","01598 08:41:30",222.35,883.44,,,,"     ",5.10,213.36,2.41
1598,539343036,"01598M09:28:43.977","01598 08:41:31",222.41,883.43,,,,"     ",5.10,213.15,2.41
1598,539343037,"01598M09:28:44.950","01598 08:41:32",222.49,883.38,,,,"     ",5.10,213.54,2.41
1598,539343038,"01598M09:28:45.924","01598 08:41:33",222.57,883.37,,,,"     ",5.10,213.21,2.41
1598,539343039,"01598M09:28:46.897","01598 08:41:34",222.65,883.37,,,,"     ",5.10,213.55,2.41
1598,539343040,"01598M09:28:47.870","01598 08:41:35",222.72,883.40,,,,"     ",5.10,214.36,2.42
1598,539343041,"01598M09:28:48.843","01598 08:41:36",222.78,883.49,,,,"     ",5.10,214.19,2.42
1598,539343042,"01598M09:28:49.817","01598 08:41:37",222.82,883.42,,,,"     ",5.10,214.92,2.42
1598,539343043,"01598M09:28:50.790","01598 08:41:37",222.85,883.45,,,,"     ",5.10,214.93,2.42
1598,539343044,"01598M09:28:51.763","01598 08:41:38",222.87,883.46,,,,"     ",5.10,215.03,2.42
1598,539343045,"01598M09:28:52.736","01598 08:41:39",222.90,883.37,,,,"     ",5.10,213.87,2.41
1598,539343046,"01598M09:28:53.710","01598 08:41:40",222.93,883.42,,,,"     ",5.10,213.68,2.40
1598,539343047,"01598M09:28:54.683","01598 08:41:41",222.96,883.42,,,,"     ",5.10,214.61,2.41
1598,539343048,"01598M09:28:55.656","01598 08:41:42",223.01,883.37,,,,"     ",5.10,215.38,2.42
1598,539343049,"01598M09:28:56.629","01598 08:41:43",223.06,883.41,,,,"     ",5.10,213.38,2.39
1598,539343050,"01598M09:28:57.603","01598 08:41:44",223.11,883.39,,,,"     ",5.10,216.50,2.43
1598,539343051,"01598M09:28:58.576","01598 08:41:45",223.18,883.40,,,,"     ",5.10,214.55,2.40
1598,539343052,"01598M09:28:59.549","01598 08:41:46",223.26,883.35,,,,"     ",5.10,214.59,2.40
1598,539343053,"01598M09:29:00.522","01598 08:41:47",223.35,883.30,,,,"     ",5.10,214.94,2.41
1598,539343054,"01598M09:29:01.496","01598 08:41:48",223.45,883.30,,,,"     ",5.10,214.60,2.40
1598,539343055,"01598M09:29:02.469","01598 08:41:49",223.56,883.34,,,,"     ",5.10,215.39,2.41
1598,539343056,"01598M09:29:03.442","01598 08:41:50",223.67,883.33,,,,"     ",5.10,215.26,2.41
1598,539343057,"01598M09:29:04.415","01598 08:41:51",223.79,883.36,,,,"     ",5.10,217.74,2.43
1598,539343058,"01598M09:29:05.389","01598 08:41:52",223.90,883.34,,,,"     ",5.10,216.60,2.42
1598,539343059,"01598M09:29:06.362","01598 08:41:53",224.00,883.28,,,,"     ",5.10,216.65,2.42
1598,539343060,"01598M09:29:07.335","01598 08:41:54",224.11,883.32,,,,"     ",5.10,217.08,2.42
1598,539343061,"01598M09:29:08.308","01598 08:41:55",224.21,883.28,,,,"     ",5.10,216.40,2.41
1598,539343062,"01598M09:29:09.282","01598 08:41:56",224.32,883.26,,,,"     ",5.10,216.13,2.41
1598,539343063,"01598M09:29:10.255","01598 08:41:57",224.43,883.35,,,,"     ",5.10,215.94,2.40
1598,539343064,"01598M09:29:11.228","01598 08:41:58",224.54,883.26,,,,"     ",5.10,217.28,2.42
1598,539343065,"01598M09:29:12.201","01598 08:41:59",224.65,883.27,,,,"     ",5.10,216.58,2.41
1598,539343066,"01598M09:29:13.175","01598 08:42:00",224.76,883.40,,,,"     ",5.10,217.73,2.42
1598,539343067,"01598M09:29:14.148","01598 08:42:01",224.86,883.29,,,,"     ",5.10,219.42,2.44
1598,539343068,"01598M09:29:15.121","01598 08:42:02",224.97,883.32,,,,"     ",5.10,216.93,2.40
1598,539343069,"01598M09:29:16.094","01598 08:42:03",225.07,883.31,,,,"     ",5.10,216.75,2.40
1598,539343070,"01598M09:29:17.068","01598 08:42:04",225.17,883.29,,,,"     ",5.10,218.93,2.42
1598,539343071,"01598M09:29:18.041","01598 08:42:05",225.27,883.33,,,,"     ",5.10,216.30,2.39
1598,539343072,"01598M09:29:19.014","01598 08:42:06",225.37,883.31,,,,"     ",5.10,215.52,2.38
1598,539343073,"01598M09:29:19.988","01598 08:42:07",225.47,883.31,,,,"     ",5.10,219.61,2.43
1598,539343074,"01598M09:29:20.961","01598 08:42:08",225.56,883.31,,,,"     ",5.10,218.72,2.41
1598,539343075,"01598M09:29:21.934","01598 08:42:09",225.65,883.23,,,,"     ",5.10,219.16,2.42
1598,539343076,"01598M09:29:22.907","01598 08:42:10",225.74,883.27,,,,"     ",5.10,217.48,2.40
1598,539343077,"01598M09:29:23.881","01598 08:42:11",225.83,883.26,,,,"     ",5.10,217.09,2.39
1598,539343078,"01598M09:29:24.854","01598 08:42:12",225.93,883.24,,,,"     ",5.10,218.90,2.41
1598,539343079,"01598M09:29:25.827","01598 08:42:13",226.04,883.25,,,,"     ",5.10,218.55,2.40
1598,539343080,"01598M09:29:26.800","01598 08:42:13",226.14,883.31,,,,"     ",5.10,217.18,2.39
1598,539343081,"01598M09:29:27.774","01598 08:42:14",226.25,883.25,,,,"     ",5.10,218.29,2.40
1598,539343082,"01598M09:29:28.747","01598 08:42:15",226.34,883.29,,,,"     ",5.10,219.62,2.41
1598,539343083,"01598M09:29:29.720","01598 08:42:16",226.44,883.27,,,,"     ",5.10,218.01,2.39
1598,539343084,"01598M09:29:30.693","01598 08:42:17",226.52,883.25,,,,"     ",5.10,218.73,2.39
1598,539343085,"01598M09:29:31.667","01598 08:42:18",226.61,883.24,,,,"     ",5.10,218.86,2.39
1598,539343086,"01598M09:29:32.640","01598 08:42:19",226.69,883.19,,,,"     ",5.10,219.67,2.40
1598,539343087,"01598M09:29:33.613","01598 08:42:20",226.78,883.23,,,,"     ",5.10,219.44,2.40
1598,539343088,"01598M09:29:34.586","01598 08:42:21",226.89,883.21,,,,"     ",5.10,218.84,2.39
1598,539343089,"01598M09:29:35.560","01598 08:42:22",227.00,883.16,,,,"     ",5.10,219.49,2.39
1598,539343090,"01598M09:29:36.533","01598 08:42:23",227.12,883.29,,,,"     ",5.10,220.26,2.40
1598,539343091,"01598M09:29:37.506","01598 08:42:24",227.25,883.28,,,,"     ",5.10,219.07,2.38
1598,539343092,"01598M09:29:38.479","01598 08:42:25",227.36,883.29,,,,"     ",5.10,219.35,2.39
1598,539343093,"01598M09:29:39.453","01598 08:42:26",227.48,883.27,,,,"     ",5.10,220.70,2.40
1598,539343094,"01598M09:29:40.426","01598 08:42:27",227.59,883.27,,,,"     ",5.10,220.15,2.39
1598,539343095,"01598M09:29:41.399","01598 08:42:28",227.68,883.24,,,,"     ",5.10,219.98,2.39
1598,539343096,"01598M09:29:42.372","01598 08:42:29",227.76,883.19,,,,"     ",5.10,220.93,2.39
1598,539343097,"01598M09:29:43.346","01598 08:42:30",227.83,883.25,,,,"     ",5.10,222.26,2.41
1598,539343098,"01598M09:29:44.319","01598 08:42:31",227.88,883.14,,,,"     ",5.10,222.29,2.41
1598,539343099,"01598M09:29:45.292","01598 08:42:32",227.93,883.20,,,,"     ",5.10,220.44,2.38
1598,539343100,"01598M09:29:46.265","01598 08:42:33",227.96,883.27,,,,"     ",5.10,221.73,2.39
1598,539343101,"01598M09:29:47.239","01598 08:42:34",228.00,883.16,,,,"     ",5.10,220.05,2.37
1598,539343102,"01598M09:29:48.212","01598 08:42:35",228.03,883.16,,,,"     ",5.10,222.08,2.39
1598,539343103,"01598M09:29:49.185","01598 08:42:36",228.07,883.17,,,,"     ",5.10,221.56,2.39
1598,539343104,"01598M09:29:50.158","01598 08:42:37",228.09,883.16,,,,"     ",5.10,221.64,2.38
1598,539343105,"01598M09:29:51.132","01598 08:42:38",228.09,883.19,,,,"     ",5.10,222.93,2.40
1598,539343106,"01598M09:29:52.105","01598 08:42:39",228.09,883.23,,,,"     ",5.10,220.44,2.37
1598,539343107,"01598M09:29:53.078","01598 08:42:40",228.39,883.11,,,,"     ",5.10,222.01,2.38
1598,539343108,"01598M09:29:54.051","01598 08:42:41",228.39,883.07,,,,"     ",5.10,221.22,2.37
1598,539343109,"01598M09:29:55.025","01598 08:42:42",228.37,883.06,,,,"     ",5.10,223.04,2.39
1598,539343110,"01598M09:29:55.998","01598 08:42:43",228.35,883.10,,,,"     ",5.10,221.61,2.37
1598,539343111,"01598M09:29:56.971","01598 08:42:44",228.32,883.09,,,,"     ",5.10,224.31,2.40
1598,539343112,"01598M09:29:57.944","01598 08:42:45",228.32,883.13,,,,"     ",5.10,222.89,2.38
1598,539343113,"01598M09:29:58.918","01598 08:42:46",228.32,883.13,,,,"     ",5.10,221.87,2.37
1598,539343114,"01598M09:29:59.891","01598 08:42:47",228.35,883.26,,,,"     ",5.10,221.58,2.36
1598,539343115,"01598M09:30:00.864","01598 08:42:48",228.40,883.18,,,,"     ",5.10,220.39,2.35
1598,539343116,"01598M09:30:01.837","01598 08:42:49",228.46,883.12,,,,"     ",5.10,221.11,2.35
1598,539343117,"01598M09:30:02.811","01598 08:42:49",228.20,883.14,,,,"     ",5.10,222.12,2.37
1598,539343118,"01598M09:30:03.784","01598 08:42:50",228.26,883.09,,,,"     ",5.10,223.46,2.38
1598,539343119,"01598M09:30:04.757","01598 08:42:51",228.33,883.14,,,,"     ",5.10,225.01,2.39
1598,539343120,"01598M09:30:05.730","01598 08:42:52",228.42,883.14,,,,"     ",5.10,223.27,2.37
1598,539343121,"01598M09:30:06.704","01598 08:42:53",228.50,883.06,,,,"     ",5.10,224.54,2.38
1598,539343122,"01598M09:30:07.677","01598 08:42:54",228.55,883.05,,,,"     ",5.10,224.04,2.38
1598,539343123,"01598M09:30:08.650","01598 08:42:55",228.57,883.10,,,,"     ",5.10,223.86,2.37
1598,539343124,"01598M09:30:09.623","01598 08:42:56",228.56,883.04,,,,"     ",5.10,224.15,2.37
1598,539343125,"01598M09:30:10.597","01598 08:42:57",228.53,883.09,,,,"     ",5.10,223.86,2.37
1598,539343126,"01598M09:30:11.570","01598 08:42:58",228.48,883.03,,,,"     ",5.10,223.23,2.36
1598,539343127,"01598M09:30:12.543","01598 08:42:59",228.43,883.02,,,,"     ",5.10,224.22,2.37
1598,539343128,"01598M09:30:13.516","01598 08:43:00",228.78,883.01,,,,"     ",5.10,223.94,2.36
1598,539343129,"01598M09:30:14.490","01598 08:43:01",228.72,883.05,,,,"     ",5.10,225.51,2.38
1598,539343130,"01598M09:30:15.463","01598 08:43:02",228.67,882.99,,,,"     ",5.10,223.10,2.35
1598,539343131,"01598M09:30:16.436","01598 08:43:03",228.64,883.05,,,,"     ",5.10,225.38,2.37
1598,539343132,"01598M09:30:17.409","01598 08:43:04",228.63,883.08,,,,"     ",5.10,225.96,2.38
1598,539343133,"01598M09:30:18.383","01598 08:43:05",228.65,883.03,,,,"     ",5.10,223.30,2.35
1598,539343134,"01598M09:30:19.356","01598 08:43:06",228.69,883.06,,,,"     ",5.10,225.61,2.37
1598,539343135,"01598M09:30:20.329","01598 08:43:07",228.75,883.08,,,,"     ",5.10,227.33,2.39
1598,539343136,"01598M09:30:21.302","01598 08:43:08",228.81,883.02,,,,"     ",5.10,223.54,2.35
1598,539343137,"01598M09:30:22.276","01598 08:43:09",228.89,883.10,,,,"     ",5.10,225.56,2.37
1598,539343138,"01598M09:30:23.249","01598 08:43:10",228.96,883.00,,,,"     ",5.10,225.32,2.36
1598,539343139,"01598M09:30:24.222","01598 08:43:11",228.51,883.01,,,,"     ",5.10,224.66,2.35
1598,539343140,"01598M09:30:25.195","01598 08:43:12",228.55,882.97,,,,"     ",5.10,226.27,2.37
1598,539343141,"01598M09:30:26.169","01598 08:43:13",228.61,882.94,,,,"     ",5.10,226.35,2.37
1598,539343142,"01598M09:30:27.142","01598 08:43:14",228.66,882.97,,,,"     ",5.10,224.74,2.35
1598,539343143,"01598M09:30:28.115","01598 08:43:15",228.69,883.01,,,,"     ",5.10,225.61,2.36
1598,539343144,"01598M09:30:29.088","01598 08:43:16",228.68,883.10,,,,"     ",5.10,226.14,2.36
1598,539343145,"01598M09:30:30.062","01598 08:43:17",228.63,882.97,,,,"     ",5.10,224.05,2.34
1598,539343146,"01598M09:30:31.035","01598 08:43:18",228.56,883.02,,,,"     ",5.10,225.27,2.35
1598,539343147,"01598M09:30:32.008","01598 08:43:19",228.50,883.05,,,,"     ",5.10,225.22,2.35
1598,539343148,"01598M09:30:32.982","01598 08:43:20",228.90,883.07,,,,"     ",5.10,226.54,2.36
1598,539343149,"01598M09:30:33.955","01598 08:43:21",228.82,883.05,,,,"     ",5.10,225.77,2.35
1598,539343150,"01598M09:30:34.928","01598 08:43:22",228.76,883.05,,,,"     ",5.10,224.82,2.34
1598,539343151,"01598M09:30:35.901","01598 08:43:23",228.70,883.03,,,,"     ",5.10,227.83,2.37
1598,539343152,"01598M09:30:36.875","01598 08:43:24",228.65,883.03,,,,"     ",5.10,226.36,2.35
1598,539343153,"01598M09:30:37.848","01598 08:43:25",228.62,882.90,,,,"     ",5.10,226.42,2.35
1598,539343154,"01598M09:30:38.821","01598 08:43:25",228.59,882.92,,,,"     ",5.10,226.45,2.35
1598,539343155,"01598M09:30:39.794","01598 08:43:26",228.58,882.99,,,,"     ",5.10,227.70,2.36
1598,539343156,"01598M09:30:40.768","01598 08:43:27",228.57,882.91,,,,"     ",5.10,227.51,2.36
1598,539343157,"01598M09:30:41.741","01598 08:43:28",228.56,882.95,,,,"     ",5.10,224.71,2.33
1598,539343158,"01598M09:30:42.714","01598 08:43:29",227.27,882.97,,,,"     ",5.10,227.64,2.36
1598,539343159,"01598M09:30:43.687","01598 08:43:30",227.23,882.96,,,,"     ",5.10,226.68,2.35
1598,539343160,"01598M09:30:44.661","01598 08:43:31",227.17,882.92,,,,"     ",5.10,227.00,2.35
1598,539343161,"01598M09:30:45.634","01598 08:43:32",227.08,883.00,,,,"     ",5.10,226.96,2.35
1598,539343162,"01598M09:30:46.607","01598 08:43:33",227.00,883.00,,,,"     ",5.10,228.32,2.36
1598,539343163,"01598M09:30:47.580","01598 08:43:34",226.91,882.94,,,,"     ",5.10,226.85,2.34
1598,539343164,"01598M09:30:48.554","01598 08:43:35",226.81,882.89,,,,"     ",5.10,228.70,2.36
1598,539343165,"01598M09:30:49.527","01598 08:43:36",226.71,882.95,,,,"     ",5.10,228.20,2.36
1598,539343166,"01598M09:30:50.500","01598 08:43:37",226.61,882.93,,,,"     ",5.10,226.90,2.34
1598,539343167,"01598M09:30:51.473","01598 08:43:38",226.50,882.98,,,,"     ",5.10,229.03,2.36
1598,539343168,"01598M09:30:52.447","01598 08:43:39",226.38,882.87,,,,"     ",5.10,226.77,2.34
1598,539343169,"01598M09:30:53.420","01598 08:43:40",226.25,883.00,,,,"     ",5.10,228.16,2.35
1598,539343170,"01598M09:30:54.393","01598 08:43:41",226.12,882.87,,,,"     ",5.10,226.05,2.33
1598,539343171,"01598M09:30:55.366","01598 08:43:42",225.98,882.89,,,,"     ",5.10,227.66,2.34
1598,539343172,"01598M09:30:56.340","01598 08:43:43",225.84,882.90,,,,"     ",5.10,228.58,2.35
1598,539343173,"01598M09:30:57.313","01598 08:43:44",225.69,882.86,,,,"     ",5.10,225.28,2.32
1598,539343174,"01598M09:30:58.286","01598 08:43:45",226.27,882.86,,,,"     ",5.10,228.81,2.35
1598,539343175,"01598M09:30:59.259","01598 08:43:46",226.27,882.83,,,,"     ",5.10,228.69,2.35
1598,539343176,"01598M09:31:00.233","01598 08:43:47",226.26,882.88,,,,"     ",5.10,228.79,2.35
1598,539343177,"01598M09:31:01.206","01598 08:43:48",226.25,882.82,,,,"     ",5.10,228.42,2.35
1598,539343178,"01598M09:31:02.179","01598 08:43:49",226.24,882.86,,,,"     ",5.10,227.75,2.34
1598,539343179,"01598M09:31:03.152","01598 08:43:50",226.22,882.84,,,,"     ",5.10,229.51,2.36
1598,539343180,"01598M09:31:04.126","01598 08:43:51",226.20,882.83,,,,"     ",5.10,229.54,2.35
1598,539343181,"01598M09:31:05.099","01598 08:43:52",226.17,882.89,,,,"     ",5.10,229.83,2.36
1598,539343182,"01598M09:31:06.072","01598 08:43:53",226.14,882.89,,,,"     ",5.10,227.63,2.33
1598,539343183,"01598M09:31:07.045","01598 08:43:54",226.11,882.90,,,,"     ",5.10,228.46,2.34
1598,539343184,"01598M09:31:08.019","01598 08:43:55",226.07,882.88,,,,"     ",5.10,228.81,2.34
1598,539343185,"01598M09:31:08.992","01598 08:43:56",226.02,882.85,,,,"     ",5.10,228.92,2.34
1598,539343186,"01598M09:31:09.965","01598 08:43:57",225.97,882.83,,,,"     ",5.10,229.69,2.35
1598,539343187,"01598M09:31:10.938","01598 08:43:58",225.91,882.89,,,,"     ",5.10,228.39,2.34
1598,539343188,"01598M09:31:11.912","01598 08:43:59",225.87,882.84,,,,"     ",5.10,231.46,2.37
1598,539343189,"01598M09:31:12.885","01598 08:44:00",225.80,882.84,,,,"     ",5.10,230.34,2.35
1598,539343190,"01598M09:31:13.858","01598 08:44:01",225.74,882.79,,,,"     ",5.10,229.24,2.34
1598,539343191,"01598M09:31:14.831","01598 08:44:01",225.68,882.81,,,,"     ",5.10,228.35,2.33
1598,539343192,"01598M09:31:15.805","01598 08:44:02",225.62,882.82,,,,"     ",5.10,229.56,2.34
1598,539343193,"01598M09:31:16.778","01598 08:44:03",225.56,882.82,,,,"     ",5.10,229.32,2.34
1598,539343194,"01598M09:31:17.751","01598 08:44:04",225.52,882.81,,,,"     ",5.10,229.56,2.34
1598,539343195,"01598M09:31:18.724","01598 08:44:05",225.47,882.83,,,,"     ",5.10,232.08,2.37
1598,539343196,"01598M09:31:19.698","01598 08:44:06",225.44,882.77,,,,"     ",5.10,230.21,2.35
1598,539343197,"01598M09:31:20.671","01598 08:44:07",225.41,882.76,,,,"     ",5.10,229.27,2.34
1598,539343198,"01598M09:31:21.644","01598 08:44:08",225.38,882.76,,,,"     ",5.10,232.07,2.36
1598,539343199,"01598M09:31:22.617","01598 08:44:09",225.36,882.67,,,,"     ",5.10,229.31,2.33
1598,539343200,"01598M09:31:23.591","01598 08:44:10",225.33,882.70,,,,"     ",5.10,230.01,2.34
1598,539343201,"01598M09:31:24.564","01598 08:44:11",225.31,882.79,,,,"     ",5.10,230.63,2.35
1598,539343202,"01598M09:31:25.537","01598 08:44:12",225.28,882.77,,,,"     ",5.10,229.64,2.34
1598,539343203,"01598M09:31:26.510","01598 08:44:13",225.25,882.69,,,,"     ",5.10,229.61,2.33
1598,539343204,"01598M09:31:27.484","01598 08:44:14",225.22,882.68,,,,"     ",5.10,231.16,2.35
1598,539343205,"01598M09:31:28.457","01598 08:44:15",225.18,882.71,,,,"     ",5.10,230.17,2.34
1598,539343206,"01598M09:31:29.430","01598 08:44:16",225.14,882.72,,,,"     ",5.10,229.95,2.34
1598,539343207,"01598M09:31:30.403","01598 08:44:17",225.11,882.72,,,,"     ",5.10,230.53,2.34
1598,539343208,"01598M09:31:31.377","01598 08:44:18",225.09,882.72,,,,"     ",5.10,231.09,2.34
1598,539343209,"01598M09:31:32.350","01598 08:44:19",225.09,882.66,,,,"     ",5.10,230.00,2.33
1598,539343210,"01598M09:31:33.323","01598 08:44:20",225.11,882.74,,,,"     ",5.10,231.30,2.35
1598,539343211,"01598M09:31:34.296","01598 08:44:21",225.13,882.71,,,,"     ",5.10,230.38,2.34
1598,539343212,"01598M09:31:35.270","01598 08:44:22",225.17,882.77,,,,"     ",5.10,229.26,2.32
1598,539343213,"01598M09:31:36.243","01598 08:44:23",225.21,882.71,,,,"     ",5.10,228.37,2.31
1598,539343214,"01598M09:31:37.216","01598 08:44:24",225.25,882.75,,,,"     ",5.10,228.07,2.31
1598,539343215,"01598M09:31:38.189","01598 08:44:25",225.29,882.74,,,,"     ",5.10,230.39,2.33
1598,539343216,"01598M09:31:39.163","01598 08:44:26",225.31,882.66,,,,"     ",5.10,230.05,2.33
1598,539343217,"01598M09:31:40.136","01598 08:44:27",225.32,882.62,,,,"     ",5.10,231.41,2.34
1598,539343218,"01598M09:31:41.109","01598 08:44:28",225.31,882.64,,,,"     ",5.10,231.42,2.34
1598,539343219,"01598M09:31:42.083","01598 08:44:29",225.30,882.58,,,,"     ",5.10,231.51,2.34
1598,539343220,"01598M09:31:43.056","01598 08:44:30",225.27,882.61,,,,"     ",5.10,229.84,2.32
1598,539343221,"01598M09:31:44.029","01598 08:44:31",225.23,882.61,,,,"     ",5.10,228.06,2.31
1598,539343222,"01598M09:31:45.002","01598 08:44:32",225.18,882.66,,,,"     ",5.10,230.81,2.33
1598,539343223,"01598M09:31:45.976","01598 08:44:33",225.14,882.63,,,,"     ",5.10,229.37,2.32
1598,539343224,"01598M09:31:46.949","01598 08:44:34",225.10,882.66,,,,"     ",5.10,232.03,2.34
1598,539343225,"01598M09:31:47.922","01598 08:44:35",225.06,882.67,,,,"     ",5.10,231.25,2.34
1598,539343226,"01598M09:31:48.895","01598 08:44:36",225.03,882.65,,,,"     ",5.10,230.55,2.33
1598,539343227,"01598M09:31:49.869","01598 08:44:37",225.00,882.66,,,,"     ",5.10,232.18,2.35
1598,539343228,"01598M09:31:50.842","01598 08:44:37",224.97,882.67,,,,"     ",5.10,230.79,2.33
1598,539343229,"01598M09:31:51.815","01598 08:44:38",224.95,882.66,,,,"     ",5.10,230.71,2.33
1598,539343230,"01598M09:31:52.788","01598 08:44:39",224.94,882.71,,,,"     ",5.10,231.78,2.34
1598,539343231,"01598M09:31:53.762","01598 08:44:40",224.94,882.70,,,,"     ",5.10,229.09,2.31
1598,539343232,"01598M09:31:54.735","01598 08:44:41",224.93,882.62,,,,"     ",5.10,230.64,2.33
1598,539343233,"01598M09:31:55.708","01598 08:44:42",224.93,882.71,,,,"     ",5.10,231.20,2.33
1598,539343234,"01598M09:31:56.681","01598 08:44:43",224.93,882.69,,,,"     ",5.10,229.81,2.32
1598,539343235,"01598M09:31:57.655","01598 08:44:44",224.93,882.66,,,,"     ",5.10,231.50,2.33
1598,539343236,"01598M09:31:58.628","01598 08:44:45",224.92,882.56,,,,"     ",5.10,230.85,2.32
1598,539343237,"01598M09:31:59.601","01598 08:44:46",224.92,882.55,,,,"     ",5.10,230.04,2.31
1598,539343238,"01598M09:32:00.574","01598 08:44:47",224.93,882.65,,,,"     ",5.10,230.96,2.32
1598,539343239,"01598M09:32:01.548","01598 08:44:48",224.93,882.61,,,,"     ",5.10,229.95,2.31
1598,539343240,"01598M09:32:02.521","01598 08:44:49",224.95,882.61,,,,"     ",5.10,230.46,2.32
1598,539343241,"01598M09:32:03.494","01598 08:44:50",224.97,882.65,,,,"     ",5.10,231.04,2.32
1598,539343242,"01598M09:32:04.467","01598 08:44:51",224.98,882.55,,,,"     ",5.10,232.05,2.33
1598,539343243,"01598M09:32:05.441","01598 08:44:52",224.99,882.58,,,,"     ",5.10,231.55,2.32
1598,539343244,"01598M09:32:06.414","01598 08:44:53",224.98,882.64,,,,"     ",5.10,230.82,2.32
1598,539343245,"01598M09:32:07.387","01598 08:44:54",224.95,882.63,,,,"     ",5.10,233.48,2.34
1598,539343246,"01598M09:32:08.360","01598 08:44:55",224.90,882.69,,,,"     ",5.10,232.35,2.33
1598,539343247,"01598M09:32:09.334","01598 08:44:56",224.85,882.65,,,,"     ",5.10,229.82,2.30
1598,539343248,"01598M09:32:10.307","01598 08:44:57",224.78,882.57,,,,"     ",5.10,230.90,2.31
1598,539343249,"01598M09:32:11.280","01598 08:44:58",224.71,882.51,,,,"     ",5.10,231.29,2.32
1598,539343250,"01598M09:32:12.253","01598 08:44:59",224.64,882.50,,,,"     ",5.10,233.41,2.34
1598,539343251,"01598M09:32:13.227","01598 08:45:00",224.57,882.53,,,,"     ",5.10,231.80,2.32
1598,539343252,"01598M09:32:14.200","01598 08:45:01",224.50,882.50,,,,"     ",5.10,233.78,2.34
1598,539343253,"01598M09:32:15.173","01598 08:45:02",224.44,882.49,,,,"     ",5.10,231.56,2.32
1598,539343254,"01598M09:32:16.146","01598 08:45:03",224.38,882.53,,,,"     ",5.10,229.63,2.30
1598,539343255,"01598M09:32:17.120","01598 08:45:04",224.34,882.50,,,,"     ",5.10,231.92,2.32
1598,539343256,"01598M09:32:18.093","01598 08:45:05",224.31,882.54,,,,"     ",5.10,230.76,2.31
1598,539343257,"01598M09:32:19.066","01598 08:45:06",224.29,882.53,,,,"     ",5.10,231.96,2.32
1598,539343258,"01598M09:32:20.039","01598 08:45:07",224.28,882.62,,,,"     ",5.10,234.20,2.34
1598,539343259,"01598M09:32:21.013","01598 08:45:08",224.28,882.55,,,,"     ",5.10,233.31,2.33
1598,539343260,"01598M09:32:21.986","01598 08:45:09",224.28,882.52,,,,"     ",5.10,234.81,2.35
1598,539343261,"01598M09:32:22.959","01598 08:45:10",224.28,882.51,,,,"     ",5.10,230.61,2.30
1598,539343262,"01598M09:32:23.932","01598 08:45:11",224.27,882.50,,,,"     ",5.10,232.35,2.32
1598,539343263,"01598M09:32:24.906","01598 08:45:12",224.24,882.53,,,,"     ",5.10,231.52,2.31
1598,539343264,"01598M09:32:25.879","01598 08:45:13",224.21,882.44,,,,"     ",5.10,231.39,2.31
1598,539343265,"01598M09:32:26.852","01598 08:45:13",224.17,882.53,,,,"     ",5.10,232.24,2.32
1598,539343266,"01598M09:32:27.825","01598 08:45:14",224.12,882.50,,,,"     ",5.10,232.74,2.32
1598,539343267,"01598M09:32:28.799","01598 08:45:15",224.08,882.46,,,,"     ",5.10,234.62,2.34
1598,539343268,"01598M09:32:29.772","01598 08:45:16",224.04,882.49,,,,"     ",5.10,232.87,2.32
1598,539343269,"01598M09:32:30.745","01598 08:45:17",224.00,882.43,,,,"     ",5.10,233.29,2.32
1598,539343270,"01598M09:32:31.718","01598 08:45:18",223.96,882.45,,,,"     ",5.10,232.48,2.32
1598,539343271,"01598M09:32:32.692","01598 08:45:19",223.92,882.58,,,,"     ",5.10,231.79,2.31
1598,539343272,"01598M09:32:33.665","01598 08:45:20",223.87,882.61,,,,"     ",5.10,233.94,2.33
1598,539343273,"01598M09:32:34.638","01598 08:45:21",223.83,882.60,,,,"     ",5.10,232.97,2.32
1598,539343274,"01598M09:32:35.611","01598 08:45:22",223.80,882.51,,,,"     ",5.10,232.66,2.31
1598,539343275,"01598M09:32:36.585","01598 08:45:23",223.77,882.55,,,,"     ",5.10,235.04,2.34
1598,539343276,"01598M09:32:37.558","01598 08:45:24",223.74,882.55,,,,"     ",5.10,235.68,2.35
1598,539343277,"01598M09:32:38.531","01598 08:45:25",223.72,882.59,,,,"     ",5.10,232.45,2.31
1598,539343278,"01598M09:32:39.504","01598 08:45:26",223.68,882.43,,,,"     ",5.10,233.48,2.32
1598,539343279,"01598M09:32:40.478","01598 08:45:27",223.64,882.47,,,,"     ",5.10,233.32,2.32
1598,539343280,"01598M09:32:41.451","01598 08:45:28",223.60,882.47,,,,"     ",5.10,233.46,2.32
1598,539343281,"01598M09:32:42.424","01598 08:45:29",223.55,882.51,,,,"     ",5.10,231.49,2.30
1598,539343282,"01598M09:32:43.397","01598 08:45:30",223.52,882.47,,,,"     ",5.10,233.42,2.32
1598,539343283,"01598M09:32:44.371","01598 08:45:31",223.48,882.48,,,,"     ",5.10,234.90,2.33
1598,539343284,"01598M09:32:45.344","01598 08:45:32",223.45,882.49,,,,"     ",5.10,233.36,2.32
1598,539343285,"01598M09:32:46.317","01598 08:45:33",223.42,882.48,,,,"     ",5.10,233.55,2.32
1598,539343286,"01598M09:32:47.290","01598 08:45:34",223.40,882.39,,,,"     ",5.10,232.32,2.30
1598,539343287,"01598M09:32:48.264","01598 08:45:35",223.38,882.40,,,,"     ",5.10,234.07,2.32
1598,539343288,"01598M09:32:49.237","01598 08:45:36",223.37,882.43,,,,"     ",5.10,232.89,2.31
1598,539343289,"01598M09:32:50.210","01598 08:45:37",223.36,882.35,,,,"     ",5.10,233.96,2.32
1598,539343290,"01598M09:32:51.184","01598 08:45:38",223.36,882.37,,,,"     ",5.10,233.57,2.32
1598,539343291,"01598M09:32:52.157","01598 08:45:39",223.36,882.39,,,,"     ",5.10,231.71,2.30
1598,539343292,"01598M09:32:53.130","01598 08:45:40",223.37,882.45,,,,"     ",5.10,234.21,2.32
1598,539343293,"01598M09:32:54.103","01598 08:45:41",223.37,882.42,,,,"     ",5.10,230.97,2.29
1598,539343294,"01598M09:32:55.077","01598 08:45:42",223.37,882.37,,,,"     ",5.10,231.38,2.29
1598,539343295,"01598M09:32:56.050","01598 08:45:43",223.35,882.36,,,,"     ",5.10,234.20,2.32
1598,539343296,"01598M09:32:57.023","01598 08:45:44",223.31,882.28,,,,"     ",5.10,233.17,2.31
1598,539343297,"01598M09:32:57.996","01598 08:45:45",223.27,882.34,,,,"     ",5.10,231.68,2.30
1598,539343298,"01598M09:32:58.970","01598 08:45:46",223.22,882.44,,,,"     ",5.10,232.64,2.31
1598,539343299,"01598M09:32:59.943","01598 08:45:47",223.16,882.44,,,,"     ",5.10,231.20,2.29
1598,539343300,"01598M09:33:00.916","01598 08:45:48",223.09,882.44,,,,"     ",5.10,231.92,2.30
1598,539343301,"01598M09:33:01.889","01598 08:45:49",223.02,882.39,,,,"     ",5.10,231.90,2.30
1598,539343302,"01598M09:33:02.863","01598 08:45:50",222.96,882.37,,,,"     ",5.10,234.67,2.33
1598,539343303,"01598M09:33:03.836","01598 08:45:50",222.88,882.41,,,,"     ",5.10,232.30,2.30
1598,539343304,"01598M09:33:04.809","01598 08:45:51",222.81,882.33,,,,"     ",5.10,230.81,2.29
1598,539343305,"01598M09:33:05.782","01598 08:45:52",222.74,882.48,,,,"     ",5.10,233.16,2.31
1598,539343306,"01598M09:33:06.756","01598 08:45:53",222.68,882.46,,,,"     ",5.10,233.15,2.31
1598,539343307,"01598M09:33:07.729","01598 08:45:54",222.63,882.44,,,,"     ",5.10,231.97,2.30
1598,539343308,"01598M09:33:08.702","01598 08:45:55",222.60,882.40,,,,"     ",5.10,233.55,2.32
1598,539343309,"01598M09:33:09.675","01598 08:45:56",222.56,882.53,,,,"     ",5.10,230.82,2.29
1598,539343310,"01598M09:33:10.649","01598 08:45:57",222.53,882.48,,,,"     ",5.10,232.21,2.31
1598,539343311,"01598M09:33:11.622","01598 08:45:58",222.51,882.46,,,,"     ",5.10,231.20,2.29
1598,539343312,"01598M09:33:12.595","01598 08:45:59",222.48,882.52,,,,"     ",5.10,231.23,2.30
1598,539343313,"01598M09:33:13.568","01598 08:46:00",222.45,882.54,,,,"     ",5.10,231.92,2.30
1598,539343314,"01598M09:33:14.542","01598 08:46:01",222.42,882.43,,,,"     ",5.10,231.50,2.30
1598,539343315,"01598M09:33:15.515","01598 08:46:02",222.39,882.42,,,,"     ",5.10,232.48,2.31
1598,539343316,"01598M09:33:16.488","01598 08:46:03",222.34,882.45,,,,"     ",5.10,232.85,2.32
1598,539343317,"01598M09:33:17.461","01598 08:46:04",222.26,882.46,,,,"     ",5.10,233.00,2.32
1598,539343318,"01598M09:33:18.435","01598 08:46:05",222.20,882.38,,,,"     ",5.10,231.78,2.31
1598,539343319,"01598M09:33:19.408","01598 08:46:06",222.13,882.36,,,,"     ",5.10,234.03,2.33
1598,539343320,"01598M09:33:20.381","01598 08:46:07",222.05,882.46,,,,"     ",5.10,230.82,2.30
1598,539343321,"01598M09:33:21.354","01598 08:46:08",221.98,882.42,,,,"     ",5.10,230.80,2.30
1598,539343322,"01598M09:33:22.328","01598 08:46:09",221.93,882.44,,,,"     ",5.10,230.89,2.30
1598,539343323,"01598M09:33:23.301","01598 08:46:10",221.89,882.38,,,,"     ",5.10,232.32,2.32
1598,539343324,"01598M09:33:24.274","01598 08:46:11",221.86,882.42,,,,"     ",5.10,229.45,2.29
1598,539343325,"01598M09:33:25.247","01598 08:46:12",221.83,882.46,,,,"     ",5.10,230.74,2.30
1598,539343326,"01598M09:33:26.221","01598 08:46:13",221.83,882.45,,,,"     ",5.10,233.22,2.33
1598,539343327,"01598M09:33:27.194","01598 08:46:14",221.88,882.43,,,,"     ",5.10,231.74,2.31
1598,539343328,"01598M09:33:28.167","01598 08:46:15",221.96,882.55,,,,"     ",5.10,231.81,2.31
1598,539343329,"01598M09:33:29.140","01598 08:46:16",222.06,882.46,,,,"     ",5.10,230.80,2.31
1598,539343330,"01598M09:33:30.114","01598 08:46:17",222.16,882.43,,,,"     ",5.10,232.77,2.33
1598,539343331,"01598M09:33:31.087","01598 08:46:18",222.26,882.44,,,,"     ",5.10,232.14,2.32
1598,539343332,"01598M09:33:32.060","01598 08:46:19",222.37,882.48,,,,"     ",5.10,232.76,2.33
1598,539343333,"01598M09:33:33.033","01598 08:46:20",222.48,882.41,,,,"     ",5.10,231.43,2.31
1598,539343334,"01598M09:33:34.007","01598 08:46:21",222.61,882.36,,,,"     ",5.10,230.36,2.30
1598,539343335,"01598M09:33:34.980","01598 08:46:22",222.73,882.36,,,,"     ",5.10,232.51,2.32
1598,539343336,"01598M09:33:35.953","01598 08:46:23",222.85,882.44,,,,"     ",5.10,233.61,2.33
1598,539343337,"01598M09:33:36.926","01598 08:46:24",222.96,882.43,,,,"     ",5.10,232.83,2.33
1598,539343338,"01598M09:33:37.900","01598 08:46:25",223.03,882.35,,,,"     ",5.10,232.60,2.32
1598,539343339,"01598M09:33:38.873","01598 08:46:26",222.99,882.46,,,,"     ",5.10,233.21,2.33
1598,539343340,"01598M09:33:39.846","01598 08:46:26",222.93,882.38,,,,"     ",5.10,233.74,2.33
1598,539343341,"01598M09:33:40.819","01598 08:46:27",222.88,882.34,,,,"     ",5.10,234.06,2.34
1598,539343342,"01598M09:33:41.793","01598 08:46:28",222.82,882.35,,,,"     ",5.10,232.39,2.32
1598,539343343,"01598M09:33:42.766","01598 08:46:29",222.78,882.34,,,,"     ",5.10,232.54,2.32
1598,539343344,"01598M09:33:43.739","01598 08:46:30",222.74,882.39,,,,"     ",5.10,231.05,2.31
1598,539343345,"01598M09:33:44.712","01598 08:46:31",222.71,882.43,,,,"     ",5.10,233.01,2.33
1598,539343346,"01598M09:33:45.686","01598 08:46:32",222.68,882.39,,,,"     ",5.10,231.67,2.31
1598,539343347,"01598M09:33:46.659","01598 08:46:33",222.65,882.30,,,,"     ",5.10,232.99,2.32
1598,539343348,"01598M09:33:47.632","01598 08:46:34",222.63,882.44,,,,"     ",5.10,233.39,2.33
1598,539343349,"01598M09:33:48.605","01598 08:46:35",222.60,882.44,,,,"     ",5.10,233.22,2.33
1598,539343350,"01598M09:33:49.579","01598 08:46:36",222.58,882.35,,,,"     ",5.10,234.93,2.34
1598,539343351,"01598M09:33:50.552","01598 08:46:37",222.55,882.40,,,,"     ",5.10,232.18,2.31
1598,539343352,"01598M09:33:51.525","01598 08:46:38",222.52,882.36,,,,"     ",5.10,234.69,2.34
1598,539343353,"01598M09:33:52.498","01598 08:46:39",222.48,882.36,,,,"     ",5.10,232.60,2.32
1598,539343354,"01598M09:33:53.472","01598 08:46:40",222.44,882.38,,,,"     ",5.10,233.42,2.32
1598,539343355,"01598M09:33:54.445","01598 08:46:41",222.40,882.38,,,,"     ",5.10,232.81,2.32
1598,539343356,"01598M09:33:55.418","01598 08:46:42",222.37,882.35,,,,"     ",5.10,233.18,2.32
1598,539343357,"01598M09:33:56.391","01598 08:46:43",222.34,882.32,,,,"     ",5.10,236.76,2.36
1598,539343358,"01598M09:33:57.365","01598 08:46:44",222.31,882.36,,,,"     ",5.10,233.90,2.32
1598,539343359,"01598M09:33:58.338","01598 08:46:45",222.29,882.36,,,,"     ",5.10,233.25,2.32
1598,539343360,"01598M09:33:59.311","01598 08:46:46",222.26,882.30,,,,"     ",5.10,233.19,2.32
1598,539343361,"01598M09:34:00.285","01598 08:46:47",222.25,882.28,,,,"     ",5.10,233.19,2.32
1598,539343362,"01598M09:34:01.258","01598 08:46:48",222.24,882.37,,,,"     ",5.10,232.95,2.31
1598,539343363,"01598M09:34:02.231","01598 08:46:49",222.23,882.30,,,,"     ",5.10,234.78,2.33
1598,539343364,"01598M09:34:03.204","01598 08:46:50",222.24,882.33,,,,"     ",5.10,235.14,2.33
1598,539343365,"01598M09:34:04.178","01598 08:46:51",222.26,882.29,,,,"     ",5.10,236.32,2.34
1598,539343366,"01598M09:34:05.151","01598 08:46:52",222.28,882.27,,,,"     ",5.10,233.30,2.31
1598,539343367,"01598M09:34:06.124","01598 08:46:53",222.31,882.25,,,,"     ",5.10,233.22,2.31
1598,539343368,"01598M09:34:07.097","01598 08:46:54",222.35,882.28,,,,"     ",5.10,235.98,2.34
1598,539343369,"01598M09:34:08.071","01598 08:46:55",222.37,882.32,,,,"     ",5.10,235.34,2.33
1598,539343370,"01598M09:34:09.044","01598 08:46:56",222.39,882.29,,,,"     ",5.10,235.93,2.33
1598,539343371,"01598M09:34:10.017","01598 08:46:57",222.41,882.24,,,,"     ",5.10,235.82,2.33
1598,539343372,"01598M09:34:10.990","01598 08:46:58",222.42,882.25,,,,"     ",5.10,233.19,2.30
1598,539343373,"01598M09:34:11.964","01598 08:46:59",222.43,882.18,,,,"     ",5.10,233.18,2.30
1598,539343374,"01598M09:34:12.937","01598 08:47:00",222.43,882.20,,,,"     ",5.10,235.72,2.33
1598,539343375,"01598M09:34:13.910","01598 08:47:01",222.42,882.26,,,,"     ",5.10,236.68,2.34
1598,539343376,"01598M09:34:14.883","01598 08:47:02",222.40,882.22,,,,"     ",5.10,235.83,2.33
1598,539343377,"01598M09:34:15.857","01598 08:47:02",222.37,882.23,,,,"     ",5.10,237.48,2.34
1598,539343378,"01598M09:34:16.830","01598 08:47:03",222.33,882.18,,,,"     ",5.10,234.74,2.31
1598,539343379,"01598M09:34:17.803","01598 08:47:04",222.29,882.21,,,,"     ",5.10,234.77,2.31
1598,539343380,"01598M09:34:18.776","01598 08:47:05",222.25,882.29,,,,"     ",5.10,236.27,2.33
1598,539343381,"01598M09:34:19.750","01598 08:47:06",222.23,882.30,,,,"     ",5.10,237.42,2.34
1598,539343382,"01598M09:34:20.723","01598 08:47:07",222.21,882.32,,,,"     ",5.10,235.78,2.32
1598,539343383,"01598M09:34:21.696","01598 08:47:08",222.20,882.29,,,,"     ",5.10,238.19,2.34
1598,539343384,"01598M09:34:22.669","01598 08:47:09",222.20,882.22,,,,"     ",5.10,235.29,2.31
1598,539343385,"01598M09:34:23.643","01598 08:47:10",222.20,882.22,,,,"     ",5.10,237.44,2.33
1598,539343386,"01598M09:34:24.616","01598 08:47:11",222.19,882.17,,,,"     ",5.10,236.60,2.32
1598,539343387,"01598M09:34:25.589","01598 08:47:12",222.18,882.16,,,,"     ",5.10,237.33,2.33
1598,539343388,"01598M09:34:26.562","01598 08:47:13",222.17,882.14,,,,"     ",5.10,235.18,2.31
1598,539343389,"01598M09:34:27.536","01598 08:47:14",222.16,882.12,,,,"     ",5.10,235.41,2.31
1598,539343390,"01598M09:34:28.509","01598 08:47:15",222.15,882.24,,,,"     ",5.10,236.64,2.32
1598,539343391,"01598M09:34:29.482","01598 08:47:16",222.15,882.19,,,,"     ",5.10,234.83,2.30
1598,539343392,"01598M09:34:30.455","01598 08:47:17",222.14,882.21,,,,"     ",5.10,237.27,2.32
1598,539343393,"01598M09:34:31.429","01598 08:47:18",222.14,882.22,,,,"     ",5.10,236.49,2.31
1598,539343394,"01598M09:34:32.402","01598 08:47:19",222.12,882.18,,,,"     ",5.10,236.28,2.31
1598,539343395,"01598M09:34:33.375","01598 08:47:20",222.10,882.10,,,,"     ",5.10,236.81,2.31
1598,539343396,"01598M09:34:34.348","01598 08:47:21",222.08,882.12,,,,"     ",5.10,237.56,2.32
1598,539343397,"01598M09:34:35.322","01598 08:47:22",222.07,882.11,,,,"     ",5.10,236.90,2.31
1598,539343398,"01598M09:34:36.295","01598 08:47:23",222.07,882.08,,,,"     ",5.10,236.51,2.31
1598,539343399,"01598M09:34:37.268","01598 08:47:24",222.07,882.09,,,,"     ",5.10,235.31,2.29
1598,539343400,"01598M09:34:38.241","01598 08:47:25",222.09,882.05,,,,"     ",5.10,236.30,2.30
1598,539343401,"01598M09:34:39.215","01598 08:47:26",222.12,882.13,,,,"     ",5.10,236.43,2.30
1598,539343402,"01598M09:34:40.188","01598 08:47:27",222.16,882.09,,,,"     ",5.10,237.96,2.32
1598,539343403,"01598M09:34:41.161","01598 08:47:28",222.19,882.09,,,,"     ",5.10,237.74,2.31
1598,539343404,"01598M09:34:42.134","01598 08:47:29",222.23,882.10,,,,"     ",5.10,237.67,2.31
1598,539343405,"01598M09:34:43.108","01598 08:47:30",222.27,882.17,,,,"     ",5.10,236.89,2.30
1598,539343406,"01598M09:34:44.081","01598 08:47:31",222.31,882.13,,,,"     ",5.10,239.19,2.32
1598,539343407,"01598M09:34:45.054","01598 08:47:32",222.35,882.13,,,,"     ",5.10,237.82,2.31
1598,539343408,"01598M09:34:46.027","01598 08:47:33",222.38,882.09,,,,"     ",5.10,239.46,2.32
1598,539343409,"01598M09:34:47.001","01598 08:47:34",222.40,882.10,,,,"     ",5.10,239.31,2.32
1598,539343410,"01598M09:34:47.974","01598 08:47:35",222.40,882.07,,,,"     ",5.10,238.02,2.31
1598,539343411,"01598M09:34:48.947","01598 08:47:36",222.38,882.06,,,,"     ",5.10,238.94,2.32
1598,539343412,"01598M09:34:49.920","01598 08:47:37",222.33,882.05,,,,"     ",5.10,240.13,2.32
1598,539343413,"01598M09:34:50.894","01598 08:47:38",222.27,882.13,,,,"     ",5.10,236.75,2.29
1598,539343414,"01598M09:34:51.867","01598 08:47:38",222.19,882.17,,,,"     ",5.10,238.22,2.30
1598,539343415,"01598M09:34:52.840","01598 08:47:39",222.11,882.15,,,,"     ",5.10,240.38,2.33
1598,539343416,"01598M09:34:53.813","01598 08:47:40",222.03,882.16,,,,"     ",5.10,237.97,2.30
1598,539343417,"01598M09:34:54.787","01598 08:47:41",221.96,882.14,,,,"     ",5.10,238.61,2.31
1598,539343418,"01598M09:34:55.760","01598 08:47:42",221.90,882.08,,,,"     ",5.10,236.99,2.29
1598,539343419,"01598M09:34:56.733","01598 08:47:43",221.86,882.12,,,,"     ",5.10,237.65,2.30
1598,539343420,"01598M09:34:57.706","01598 08:47:44",221.84,882.06,,,,"     ",5.10,240.66,2.32
1598,539343421,"01598M09:34:58.680","01598 08:47:45",221.84,882.10,,,,"     ",5.10,237.71,2.29
1598,539343422,"01598M09:34:59.653","01598 08:47:46",221.86,882.09,,,,"     ",5.10,238.29,2.30
1598,539343423,"01598M09:35:00.626","01598 08:47:47",221.88,882.12,,,,"     ",5.10,238.13,2.30
1598,539343424,"01598M09:35:01.599","01598 08:47:48",221.91,882.18,,,,"     ",5.10,238.18,2.30
1598,539343425,"01598M09:35:02.573","01598 08:47:49",221.93,882.17,,,,"     ",5.10,238.61,2.30
1598,539343426,"01598M09:35:03.546","01598 08:47:50",221.97,882.09,,,,"     ",5.10,239.23,2.31
1598,539343427,"01598M09:35:04.519","01598 08:47:51",222.00,882.15,,,,"     ",5.10,238.12,2.30
1598,539343428,"01598M09:35:05.492","01598 08:47:52",222.04,882.05,,,,"     ",5.10,237.02,2.29
1598,539343429,"01598M09:35:06.466","01598 08:47:53",222.06,882.05,,,,"     ",5.10,238.80,2.30
1598,539343430,"01598M09:35:07.439","01598 08:47:54",222.08,882.05,,,,"     ",5.10,236.29,2.28
1598,539343431,"01598M09:35:08.412","01598 08:47:55",222.10,882.01,,,,"     ",5.10,238.47,2.30
1598,539343432,"01598M09:35:09.386","01598 08:47:56",222.10,882.01,,,,"     ",5.10,235.94,2.27
1598,539343433,"01598M09:35:10.359","01598 08:47:57",222.10,881.99,,,,"     ",5.10,237.85,2.29
1598,539343434,"01598M09:35:11.332","01598 08:47:58",222.10,882.00,,,,"     ",5.10,238.44,2.30
1598,539343435,"01598M09:35:12.305","01598 08:47:59",222.12,882.07,,,,"     ",5.10,239.39,2.31
1598,539343436,"01598M09:35:13.279","01598 08:48:00",222.14,881.98,,,,"     ",5.10,239.06,2.30
1598,539343437,"01598M09:35:14.252","01598 08:48:01",222.16,882.10,,,,"     ",5.10,236.42,2.28
1598,539343438,"01598M09:35:15.225","01598 08:48:02",222.19,882.05,,,,"     ",5.10,237.35,2.29
1598,539343439,"01598M09:35:16.198","01598 08:48:03",222.23,882.12,,,,"     ",5.10,239.10,2.30
1598,539343440,"01598M09:35:17.172","01598 08:48:04",222.27,882.04,,,,"     ",5.10,237.68,2.29
1598,539343441,"01598M09:35:18.145","01598 08:48:05",222.31,881.98,,,,"     ",5.10,239.12,2.30
1598,539343442,"01598M09:35:19.118","01598 08:48:06",222.34,882.08,,,,"     ",5.10,239.18,2.30
1598,539343443,"01598M09:35:20.091","01598 08:48:07",222.36,881.98,,,,"     ",5.10,236.99,2.28
1598,539343444,"01598M09:35:21.065","01598 08:48:08",222.38,881.98,,,,"     ",5.10,239.18,2.30
1598,539343445,"01598M09:35:22.038","01598 08:48:09",222.40,881.97,,,,"     ",5.10,240.30,2.31
1598,539343446,"01598M09:35:23.011","01598 08:48:10",222.40,881.97,,,,"     ",5.10,237.82,2.29
1598,539343447,"01598M09:35:23.984","01598 08:48:11",222.41,882.02,,,,"     ",5.10,238.62,2.30
1598,539343448,"01598M09:35:24.958","01598 08:48:12",222.42,882.02,,,,"     ",5.10,238.28,2.29
1598,539343449,"01598M09:35:25.931","01598 08:48:13",222.44,881.99,,,,"     ",5.10,238.46,2.29
1598,539343450,"01598M09:35:26.904","01598 08:48:14",222.47,882.11,,,,"     ",5.10,237.96,2.29
1598,539343451,"01598M09:35:27.877","01598 08:48:14",222.50,882.06,,,,"     ",5.10,240.87,2.31
1598,539343452,"01598M09:35:28.851","01598 08:48:15",222.54,882.01,,,,"     ",5.10,240.32,2.31
1598,539343453,"01598M09:35:29.824","01598 08:48:16",222.58,881.99,,,,"     ",5.10,240.02,2.31
1598,539343454,"01598M09:35:30.797","01598 08:48:17",222.63,881.94,,,,"     ",5.10,237.91,2.28
1598,539343455,"01598M09:35:31.770","01598 08:48:18",222.69,881.92,,,,"     ",5.10,239.04,2.29
1598,539343456,"01598M09:35:32.744","01598 08:48:19",222.76,881.99,,,,"     ",5.10,239.15,2.29
1598,539343457,"01598M09:35:33.717","01598 08:48:20",222.83,881.94,,,,"     ",5.10,238.97,2.29
1598,539343458,"01598M09:35:34.690","01598 08:48:21",222.90,881.96,,,,"     ",5.10,238.40,2.29
1598,539343459,"01598M09:35:35.663","01598 08:48:22",222.95,882.04,,,,"     ",5.10,240.86,2.31
1598,539343460,"01598M09:35:36.637","01598 08:48:23",222.99,881.95,,,,"     ",5.10,239.98,2.30
1598,539343461,"01598M09:35:37.610","01598 08:48:24",223.01,882.00,,,,"     ",5.10,240.27,2.30
1598,539343462,"01598M09:35:38.583","01598 08:48:25",223.01,881.90,,,,"     ",5.10,238.09,2.28
1598,539343463,"01598M09:35:39.556","01598 08:48:26",222.98,881.84,,,,"     ",5.10,237.02,2.27
1598,539343464,"01598M09:35:40.530","01598 08:48:27",222.93,881.81,,,,"     ",5.10,240.98,2.31
1598,539343465,"01598M09:35:41.503","01598 08:48:28",222.87,881.75,,,,"     ",5.10,240.33,2.30
1598,539343466,"01598M09:35:42.476","01598 08:48:29",222.79,881.66,,,,"     ",5.10,240.40,2.30
1598,539343467,"01598M09:35:43.449","01598 08:48:30",222.71,881.77,,,,"     ",5.10,242.04,2.31
1598,539343468,"01598M09:35:44.423","01598 08:48:31",222.62,881.62,,,,"     ",5.10,240.69,2.30
1598,539343469,"01598M09:35:45.396","01598 08:48:32",222.54,881.66,,,,"     ",5.10,240.50,2.30
1598,539343470,"01598M09:35:46.369","01598 08:48:33",222.47,881.70,,,,"     ",5.10,240.44,2.29
1598,539343471,"01598M09:35:47.342","01598 08:48:34",222.41,881.75,,,,"     ",5.10,240.05,2.29
1598,539343472,"01598M09:35:48.316","01598 08:48:35",222.35,881.75,,,,"     ",5.10,240.59,2.29
1598,539343473,"01598M09:35:49.289","01598 08:48:36",222.30,881.78,,,,"     ",5.10,240.32,2.29
1598,539343474,"01598M09:35:50.262","01598 08:48:37",222.25,881.85,,,,"     ",5.10,240.03,2.29
1598,539343475,"01598M09:35:51.235","01598 08:48:38",222.20,881.89,,,,"     ",5.10,238.66,2.27
1598,539343476,"01598M09:35:52.209","01598 08:48:39",222.15,881.85,,,,"     ",5.10,239.05,2.28
1598,539343477,"01598M09:35:53.182","01598 08:48:40",222.11,881.85,,,,"     ",5.10,239.10,2.28
1598,539343478,"01598M09:35:54.155","01598 08:48:41",222.07,881.78,,,,"     ",5.10,240.19,2.29
1598,539343479,"01598M09:35:55.128","01598 08:48:42",222.04,881.80,,,,"     ",5.10,239.52,2.28
1598,539343480,"01598M09:35:56.102","01598 08:48:43",222.01,881.82,,,,"     ",5.10,238.64,2.27
1598,539343481,"01598M09:35:57.075","01598 08:48:44",221.98,881.87,,,,"     ",5.10,237.68,2.26
1598,539343482,"01598M09:35:58.048","01598 08:48:45",222.10,881.89,,,,"     ",5.10,239.51,2.28
1598,539343483,"01598M09:35:59.021","01598 08:48:46",222.12,881.91,,,,"     ",5.10,239.78,2.28
1598,539343484,"01598M09:35:59.995","01598 08:48:47",222.16,881.83,,,,"     ",5.10,238.82,2.27
1598,539343485,"01598M09:36:00.968","01598 08:48:48",222.18,881.79,,,,"     ",5.10,237.74,2.26
1598,539343486,"01598M09:36:01.941","01598 08:48:49",222.21,881.82,,,,"     ",5.10,239.63,2.28
1598,539343487,"01598M09:36:02.914","01598 08:48:50",222.24,881.80,,,,"     ",5.10,238.73,2.27
1598,539343488,"01598M09:36:03.888","01598 08:48:50",222.27,881.82,,,,"     ",5.10,239.77,2.28
1598,539343489,"01598M09:36:04.861","01598 08:48:51",222.30,881.77,,,,"     ",5.10,238.75,2.27
1598,539343490,"01598M09:36:05.834","01598 08:48:52",222.33,881.74,,,,"     ",5.10,239.46,2.28
1598,539343491,"01598M09:36:06.807","01598 08:48:53",222.36,881.71,,,,"     ",5.10,240.29,2.29
1598,539343492,"01598M09:36:07.781","01598 08:48:54",222.39,881.78,,,,"     ",5.10,238.24,2.27
1598,539343493,"01598M09:36:08.754","01598 08:48:55",222.42,881.77,,,,"     ",5.10,237.53,2.26
1598,539343494,"01598M09:36:09.727","01598 08:48:56",222.45,881.77,,,,"     ",5.10,240.96,2.30
1598,539343495,"01598M09:36:10.700","01598 08:48:57",222.48,881.82,,,,"     ",5.10,237.38,2.26
1598,539343496,"01598M09:36:11.674","01598 08:48:58",222.51,881.89,,,,"     ",5.10,237.97,2.27
1598,539343497,"01598M09:36:12.647","01598 08:48:59",222.52,881.87,,,,"     ",5.10,240.60,2.29
1598,539343498,"01598M09:36:13.620","01598 08:49:00",222.45,881.83,,,,"     ",5.10,240.96,2.30
1598,539343499,"01598M09:36:14.593","01598 08:49:01",222.39,881.80,,,,"     ",5.10,238.36,2.27
1598,539343500,"01598M09:36:15.567","01598 08:49:02",222.36,881.83,,,,"     ",5.10,239.39,2.28
1598,539343501,"01598M09:36:16.540","01598 08:49:03",222.35,881.71,,,,"     ",5.10,238.95,2.28
1598,539343502,"01598M09:36:17.513","01598 08:49:04",222.36,881.77,,,,"     ",5.10,238.25,2.27
1598,539343503,"01598M09:36:18.487","01598 08:49:05",222.39,881.81,,,,"     ",5.10,238.60,2.27
1598,539343504,"01598M09:36:19.460","01598 08:49:06",222.41,881.79,,,,"     ",5.10,239.83,2.29
1598,539343505,"01598M09:36:20.433","01598 08:49:07",222.42,881.79,,,,"     ",5.10,238.21,2.27
1598,539343506,"01598M09:36:21.406","01598 08:49:08",222.42,881.73,,,,"     ",5.10,237.91,2.27
1598,539343507,"01598M09:36:22.380","01598 08:49:09",222.41,881.76,,,,"     ",5.10,238.42,2.27
1598,539343508,"01598M09:36:23.353","01598 08:49:10",222.39,881.84,,,,"     ",5.10,239.76,2.28
1598,539343509,"01598M09:36:24.326","01598 08:49:11",222.35,881.81,,,,"     ",5.10,238.68,2.27
1598,539343510,"01598M09:36:25.299","01598 08:49:12",222.28,881.77,,,,"     ",5.10,239.84,2.29
1598,539343511,"01598M09:36:26.273","01598 08:49:13",222.20,881.76,,,,"     ",5.10,238.12,2.27
1598,539343512,"01598M09:36:27.246","01598 08:49:14",222.12,881.78,,,,"     ",5.10,238.02,2.27
1598,539343513,"01598M09:36:28.219","01598 08:49:15",222.04,881.75,,,,"     ",5.10,238.60,2.27
1598,539343514,"01598M09:36:29.192","01598 08:49:16",221.97,881.72,,,,"     ",5.10,239.50,2.28
1598,539343515,"01598M09:36:30.166","01598 08:49:17",221.93,881.71,,,,"     ",5.10,239.60,2.28
1598,539343516,"01598M09:36:31.139","01598 08:49:18",221.90,881.66,,,,"     ",5.10,236.26,2.25
1598,539343517,"01598M09:36:32.112","01598 08:49:19",221.89,881.63,,,,"     ",5.10,239.13,2.28
1598,539343518,"01598M09:36:33.085","01598 08:49:20",221.91,881.63,,,,"     ",5.10,239.87,2.29
1598,539343519,"01598M09:36:34.059","01598 08:49:21",221.95,881.59,,,,"     ",5.10,238.97,2.28
1598,539343520,"01598M09:36:35.032","01598 08:49:22",222.02,881.52,,,,"     ",5.10,237.98,2.27
1598,539343521,"01598M09:36:36.005","01598 08:49:23",222.13,881.61,,,,"     ",5.10,238.17,2.27
1598,539343522,"01598M09:36:36.978","01598 08:49:24",222.26,881.75,,,,"     ",5.10,239.17,2.28
1598,539343523,"01598M09:36:37.952","01598 08:49:25",222.42,881.67,,,,"     ",5.10,237.31,2.26
1598,539343524,"01598M09:36:38.925","01598 08:49:26",222.59,881.71,,,,"     ",5.10,240.14,2.29
1598,539343525,"01598M09:36:39.898","01598 08:49:26",222.77,881.66,,,,"     ",5.10,239.01,2.28
1598,539343526,"01598M09:36:40.871","01598 08:49:27",222.94,881.72,,,,"     ",5.10,237.70,2.26
1598,539343527,"01598M09:36:41.845","01598 08:49:28",223.09,881.67,,,,"     ",5.10,240.42,2.29
1598,539343528,"01598M09:36:42.818","01598 08:49:29",223.22,881.72,,,,"     ",5.10,238.02,2.27
1598,539343529,"01598M09:36:43.791","01598 08:49:30",223.32,881.76,,,,"     ",5.10,241.29,2.30
1598,539343530,"01598M09:36:44.764","01598 08:49:31",223.39,881.76,,,,"     ",5.10,240.67,2.29
1598,539343531,"01598M09:36:45.738","01598 08:49:32",223.45,881.73,,,,"     ",5.10,239.65,2.28
1598,539343532,"01598M09:36:46.711","01598 08:49:33",223.48,881.70,,,,"     ",5.10,240.61,2.29
1598,539343533,"01598M09:36:47.684","01598 08:49:34",223.50,881.74,,,,"     ",5.10,239.23,2.27
1598,539343534,"01598M09:36:48.657","01598 08:49:35",223.48,881.72,,,,"     ",5.10,241.29,2.29
1598,539343535,"01598M09:36:49.631","01598 08:49:36",223.45,881.65,,,,"     ",5.10,239.47,2.28
1598,539343536,"01598M09:36:50.604","01598 08:49:37",223.41,881.69,,,,"     ",5.10,241.92,2.30
1598,539343537,"01598M09:36:51.577","01598 08:49:38",223.40,881.75,,,,"     ",5.10,241.03,2.29
1598,539343538,"01598M09:36:52.550","01598 08:49:39",223.40,881.80,,,,"     ",5.10,240.77,2.29
1598,539343539,"01598M09:36:53.524","01598 08:49:40",223.41,881.74,,,,"     ",5.10,241.87,2.30
1598,539343540,"01598M09:36:54.497","01598 08:49:41",223.44,881.80,,,,"     ",5.10,242.77,2.30
1598,539343541,"01598M09:36:55.470","01598 08:49:42",223.48,881.81,,,,"     ",5.10,239.78,2.27
1598,539343542,"01598M09:36:56.443","01598 08:49:43",223.46,881.68,,,,"     ",5.10,241.26,2.29
1598,539343543,"01598M09:36:57.417","01598 08:49:44",223.44,881.65,,,,"     ",5.10,239.48,2.27
1598,539343544,"01598M09:36:58.390","01598 08:49:45",223.42,881.61,,,,"     ",5.10,241.16,2.28
1598,539343545,"01598M09:36:59.363","01598 08:49:46",223.42,881.67,,,,"     ",5.10,242.63,2.30
1598,539343546,"01598M09:37:00.336","01598 08:49:47",223.42,881.76,,,,"     ",5.10,240.07,2.27
1598,539343547,"01598M09:37:01.310","01598 08:49:48",223.45,881.66,,,,"     ",5.10,243.58,2.30
1598,539343548,"01598M09:37:02.283","01598 08:49:49",223.49,881.66,,,,"     ",5.10,241.26,2.28
1598,539343549,"01598M09:37:03.256","01598 08:49:50",223.54,881.66,,,,"     ",5.10,241.49,2.28
1598,539343550,"01598M09:37:04.229","01598 08:49:51",223.61,881.70,,,,"     ",5.10,241.95,2.28
1598,539343551,"01598M09:37:05.203","01598 08:49:52",223.68,881.56,,,,"     ",5.10,243.35,2.30
1598,539343552,"01598M09:37:06.176","01598 08:49:53",223.72,881.61,,,,"     ",5.10,241.54,2.28
1598,539343553,"01598M09:37:07.149","01598 08:49:54",223.75,881.55,,,,"     ",5.10,242.92,2.29
1598,539343554,"01598M09:37:08.122","01598 08:49:55",223.77,881.62,,,,"     ",5.10,241.85,2.28
1598,539343555,"01598M09:37:09.096","01598 08:49:56",223.76,881.62,,,,"     ",5.10,241.64,2.27
1598,539343556,"01598M09:37:10.069","01598 08:49:57",223.75,881.73,,,,"     ",5.10,240.41,2.26
1598,539343557,"01598M09:37:11.042","01598 08:49:58",223.73,881.69,,,,"     ",5.10,240.10,2.26
1598,539343558,"01598M09:37:12.015","01598 08:49:59",223.70,881.66,,,,"     ",5.10,242.85,2.28
1598,539343559,"01598M09:37:12.989","01598 08:50:00",223.67,881.62,,,,"     ",5.10,239.20,2.25
1598,539343560,"01598M09:37:13.962","01598 08:50:01",223.63,881.62,,,,"     ",5.10,242.56,2.28
1598,539343561,"01598M09:37:14.935","01598 08:50:02",223.58,881.66,,,,"     ",5.10,240.54,2.26
1598,539343562,"01598M09:37:15.908","01598 08:50:03",223.52,881.60,,,,"     ",5.10,242.32,2.27
1598,539343563,"01598M09:37:16.882","01598 08:50:03",223.45,881.58,,,,"     ",5.10,241.69,2.27
1598,539343564,"01598M09:37:17.855","01598 08:50:04",223.39,881.61,,,,"     ",5.10,243.61,2.28
1598,539343565,"01598M09:37:18.828","01598 08:50:05",223.34,881.58,,,,"     ",5.10,243.47,2.28
1598,539343566,"01598M09:37:19.801","01598 08:50:06",223.30,881.60,,,,"     ",5.10,242.40,2.27
1598,539343567,"01598M09:37:20.775","01598 08:50:07",223.27,881.56,,,,"     ",5.10,242.89,2.27
1598,539343568,"01598M09:37:21.748","01598 08:50:08",223.26,881.50,,,,"     ",5.10,240.09,2.25
1598,539343569,"01598M09:37:22.721","01598 08:50:09",223.26,881.56,,,,"     ",5.10,244.02,2.28
1598,539343570,"01598M09:37:23.694","01598 08:50:10",223.26,881.51,,,,"     ",5.10,242.00,2.26
1598,539343571,"01598M09:37:24.668","01598 08:50:11",223.26,881.62,,,,"     ",5.10,241.12,2.25
1598,539343572,"01598M09:37:25.641","01598 08:50:12",223.26,881.61,,,,"     ",5.10,242.60,2.27
1598,539343573,"01598M09:37:26.614","01598 08:50:13",223.26,881.55,,,,"     ",5.10,240.38,2.24
1598,539343574,"01598M09:37:27.587","01598 08:50:14",223.26,881.51,,,,"     ",5.10,244.23,2.28
1598,539343575,"01598M09:37:28.561","01598 08:50:15",223.26,881.56,,,,"     ",5.10,240.66,2.24
1598,539343576,"01598M09:37:29.534","01598 08:50:16",223.26,881.56,,,,"     ",5.10,243.09,2.27
1598,539343577,"01598M09:37:30.507","01598 08:50:17",223.26,881.50,,,,"     ",5.10,243.71,2.27
1598,539343578,"01598M09:37:31.481","01598 08:50:18",223.26,881.60,,,,"     ",5.10,242.66,2.26
1598,539343579,"01598M09:37:32.454","01598 08:50:19",223.26,881.64,,,,"     ",5.10,243.58,2.27
1598,539343580,"01598M09:37:33.427","01598 08:50:20",223.25,881.58,,,,"     ",5.10,242.85,2.26
1598,539343581,"01598M09:37:34.400","01598 08:50:21",223.24,881.60,,,,"     ",5.10,243.87,2.27
1598,539343582,"01598M09:37:35.374","01598 08:50:22",223.24,881.54,,,,"     ",5.10,243.80,2.27
1598,539343583,"01598M09:37:36.347","01598 08:50:23",223.24,881.56,,,,"     ",5.10,243.95,2.27
1598,539343584,"01598M09:37:37.320","01598 08:50:24",223.24,881.57,,,,"     ",5.10,240.43,2.23
1598,539343585,"01598M09:37:38.293","01598 08:50:25",223.26,881.51,,,,"     ",5.10,242.61,2.25
1598,539343586,"01598M09:37:39.267","01598 08:50:26",223.29,881.54,,,,"     ",5.10,242.99,2.26
1598,539343587,"01598M09:37:40.240","01598 08:50:27",223.34,881.56,,,,"     ",5.10,241.34,2.24
1598,539343588,"01598M09:37:41.213","01598 08:50:28",223.39,881.56,,,,"     ",5.10,245.23,2.28
1598,539343589,"01598M09:37:42.186","01598 08:50:29",223.44,881.54,,,,"     ",5.10,242.28,2.25
1598,539343590,"01598M09:37:43.160","01598 08:50:30",223.48,881.55,,,,"     ",5.10,243.85,2.26
1598,539343591,"01598M09:37:44.133","01598 08:50:31",223.49,881.56,,,,"     ",5.10,243.76,2.26
1598,539343592,"01598M09:37:45.106","01598 08:50:32",223.49,881.55,,,,"     ",5.10,242.03,2.24
1598,539343593,"01598M09:37:46.079","01598 08:50:33",223.47,881.54,,,,"     ",5.10,242.24,2.24
1598,539343594,"01598M09:37:47.053","01598 08:50:34",223.45,881.54,,,,"     ",5.10,243.44,2.25
1598,539343595,"01598M09:37:48.026","01598 08:50:35",223.41,881.45,,,,"     ",5.10,243.54,2.25
1598,539343596,"01598M09:37:48.999","01598 08:50:36",223.38,881.46,,,,"     ",5.10,241.61,2.24
1598,539343597,"01598M09:37:49.972","01598 08:50:37",223.34,881.54,,,,"     ",5.10,243.17,2.25
1598,539343598,"01598M09:37:50.946","01598 08:50:38",223.30,881.54,,,,"     ",5.10,243.60,2.25
1598,539343599,"01598M09:37:51.919","01598 08:50:39",223.26,881.45,,,,"     ",5.10,241.65,2.23
1598,539343600,"01598M09:37:52.892","01598 08:50:39",223.23,881.48,,,,"     ",5.10,243.83,2.25
1598,539343601,"01598M09:37:53.865","01598 08:50:40",223.19,881.47,,,,"     ",5.10,243.40,2.25
1598,539343602,"01598M09:37:54.839","01598 08:50:41",223.17,881.52,,,,"     ",5.10,244.05,2.25
1598,539343603,"01598M09:37:55.812","01598 08:50:42",223.17,881.37,,,,"     ",5.10,241.84,2.23
1598,539343604,"01598M09:37:56.785","01598 08:50:43",223.19,881.44,,,,"     ",5.10,245.03,2.26
1598,539343605,"01598M09:37:57.758","01598 08:50:44",223.25,881.49,,,,"     ",5.10,243.58,2.25
1598,539343606,"01598M09:37:58.732","01598 08:50:45",223.35,881.52,,,,"     ",5.10,242.84,2.24
1598,539343607,"01598M09:37:59.705","01598 08:50:46",223.46,881.50,,,,"     ",5.10,247.24,2.28
1598,539343608,"01598M09:38:00.678","01598 08:50:47",223.58,881.60,,,,"     ",5.10,244.80,2.26
1598,539343609,"01598M09:38:01.651","01598 08:50:48",223.70,881.49,,,,"     ",5.10,243.40,2.24
1598,539343610,"01598M09:38:02.625","01598 08:50:49",223.81,881.49,,,,"     ",5.10,245.46,2.26
1598,539343611,"01598M09:38:03.598","01598 08:50:50",223.90,881.50,,,,"     ",5.10,244.95,2.26
1598,539343612,"01598M09:38:04.571","01598 08:50:51",223.98,881.48,,,,"     ",5.10,244.34,2.25
1598,539343613,"01598M09:38:05.544","01598 08:50:52",224.04,881.40,,,,"     ",5.10,244.52,2.25
1598,539343614,"01598M09:38:06.518","01598 08:50:53",224.08,881.47,,,,"     ",5.10,245.37,2.26
1598,539343615,"01598M09:38:07.491","01598 08:50:54",224.09,881.46,,,,"     ",5.10,244.17,2.25
1598,539343616,"01598M09:38:08.464","01598 08:50:55",224.07,881.44,,,,"     ",5.10,244.85,2.25
1598,539343617,"01598M09:38:09.437","01598 08:50:56",224.02,881.49,,,,"     ",5.10,244.03,2.24
1598,539343618,"01598M09:38:10.411","01598 08:50:57",223.96,881.48,,,,"     ",5.10,243.54,2.24
1598,539343619,"01598M09:38:11.384","01598 08:50:58",223.89,881.35,,,,"     ",5.10,244.18,2.24
1598,539343620,"01598M09:38:12.357","01598 08:50:59",223.84,881.43,,,,"     ",5.10,245.81,2.26
1598,539343621,"01598M09:38:13.330","01598 08:51:00",223.80,881.42,,,,"     ",5.10,245.70,2.25
1598,539343622,"01598M09:38:14.304","01598 08:51:01",223.78,881.41,,,,"     ",5.10,244.09,2.24
1598,539343623,"01598M09:38:15.277","01598 08:51:02",223.79,881.35,,,,"     ",5.10,243.88,2.24
1598,539343624,"01598M09:38:16.250","01598 08:51:03",223.82,881.25,,,,"     ",5.10,244.39,2.24
1598,539343625,"01598M09:38:17.223","01598 08:51:04",223.88,881.36,,,,"     ",5.10,244.74,2.24
1598,539343626,"01598M09:38:18.197","01598 08:51:05",223.95,881.38,,,,"     ",5.10,245.10,2.25
1598,539343627,"01598M09:38:19.170","01598 08:51:06",224.05,881.36,,,,"     ",5.10,244.42,2.24
1598,539343628,"01598M09:38:20.143","01598 08:51:07",224.15,881.26,,,,"     ",5.10,241.02,2.21
1598,539343629,"01598M09:38:21.116","01598 08:51:08",224.25,881.32,,,,"     ",5.10,244.10,2.23
1598,539343630,"01598M09:38:22.090","01598 08:51:09",224.35,881.34,,,,"     ",5.10,245.17,2.24
1598,539343631,"01598M09:38:23.063","01598 08:51:10",224.44,881.39,,,,"     ",5.10,243.29,2.22
1598,539343632,"01598M09:38:24.036","01598 08:51:11",224.52,881.32,,,,"     ",5.10,244.80,2.24
1598,539343633,"01598M09:38:25.009","01598 08:51:12",224.58,881.37,,,,"     ",5.10,244.91,2.24
1598,539343634,"01598M09:38:25.983","01598 08:51:13",224.63,881.41,,,,"     ",5.10,246.85,2.26
1598,539343635,"01598M09:38:26.956","01598 08:51:14",224.65,881.36,,,,"     ",5.10,243.42,2.22
1598,539343636,"01598M09:38:27.929","01598 08:51:15",224.67,881.37,,,,"     ",5.10,245.68,2.24
1598,539343637,"01598M09:38:28.902","01598 08:51:15",224.68,881.42,,,,"     ",5.10,244.92,2.24
1598,539343638,"01598M09:38:29.876","01598 08:51:16",224.70,881.37,,,,"     ",5.10,244.38,2.23
1598,539343639,"01598M09:38:30.849","01598 08:51:17",224.72,881.34,,,,"     ",5.10,244.48,2.23
1598,539343640,"01598M09:38:31.822","01598 08:51:18",224.74,881.38,,,,"     ",5.10,246.20,2.25
1598,539343641,"01598M09:38:32.795","01598 08:51:19",224.75,881.38,,,,"     ",5.10,246.01,2.24
1598,539343642,"01598M09:38:33.769","01598 08:51:20",224.75,881.31,,,,"     ",5.10,245.77,2.24
1598,539343643,"01598M09:38:34.742","01598 08:51:21",224.75,881.35,,,,"     ",5.10,246.42,2.24
1598,539343644,"01598M09:38:35.715","01598 08:51:22",224.72,881.27,,,,"     ",5.10,246.07,2.24
1598,539343645,"01598M09:38:36.688","01598 08:51:23",224.70,881.28,,,,"     ",5.10,246.29,2.24
1598,539343646,"01598M09:38:37.662","01598 08:51:24",224.66,881.32,,,,"     ",5.10,245.20,2.23
1598,539343647,"01598M09:38:38.635","01598 08:51:25",224.61,881.21,,,,"     ",5.10,245.51,2.23
1598,539343648,"01598M09:38:39.608","01598 08:51:26",224.52,881.24,,,,"     ",5.10,247.19,2.25
1598,539343649,"01598M09:38:40.582","01598 08:51:27",224.34,881.25,,,,"     ",5.10,243.62,2.21
1598,539343650,"01598M09:38:41.555","01598 08:51:28",224.16,881.29,,,,"     ",5.10,246.80,2.24
1598,539343651,"01598M09:38:42.528","01598 08:51:29",223.99,881.27,,,,"     ",5.10,244.59,2.22
1598,539343652,"01598M09:38:43.501","01598 08:51:30",223.84,881.15,,,,"     ",5.10,246.85,2.24
1598,539343653,"01598M09:38:44.475","01598 08:51:31",223.71,881.18,,,,"     ",5.10,244.97,2.23
1598,539343654,"01598M09:38:45.448","01598 08:51:32",223.62,881.16,,,,"     ",5.10,245.40,2.23
1598,539343655,"01598M09:38:46.421","01598 08:51:33",223.55,881.15,,,,"     ",5.10,246.80,2.24
1598,539343656,"01598M09:38:47.394","01598 08:51:34",223.50,881.22,,,,"     ",5.10,244.97,2.22
1598,539343657,"01598M09:38:48.368","01598 08:51:35",223.46,881.17,,,,"     ",5.10,244.39,2.22
1598,539343658,"01598M09:38:49.341","01598 08:51:36",223.42,881.18,,,,"     ",5.10,245.76,2.23
1598,539343659,"01598M09:38:50.314","01598 08:51:37",223.40,881.21,,,,"     ",5.10,245.00,2.22
1598,539343660,"01598M09:38:51.287","01598 08:51:38",223.42,881.21,,,,"     ",5.10,247.28,2.24
1598,539343661,"01598M09:38:52.261","01598 08:51:39",223.47,881.19,,,,"     ",5.10,244.50,2.22
1598,539343662,"01598M09:38:53.234","01598 08:51:40",223.56,881.14,,,,"     ",5.10,245.54,2.23
1598,539343663,"01598M09:38:54.207","01598 08:51:41",223.65,881.20,,,,"     ",5.10,242.94,2.20
1598,539343664,"01598M09:38:55.180","01598 08:51:42",223.72,881.18,,,,"     ",5.10,246.11,2.23
1598,539343665,"01598M09:38:56.154","01598 08:51:43",223.70,881.25,,,,"     ",5.10,245.98,2.23
1598,539343666,"01598M09:38:57.127","01598 08:51:44",223.67,881.25,,,,"     ",5.10,245.66,2.23
1598,539343667,"01598M09:38:58.100","01598 08:51:45",223.55,881.25,,,,"     ",5.10,245.39,2.23
1598,539343668,"01598M09:38:59.073","01598 08:51:46",223.38,881.26,,,,"     ",5.10,245.28,2.23
1598,539343669,"01598M09:39:00.047","01598 08:51:47",223.18,881.21,,,,"     ",5.10,247.50,2.25
1598,539343670,"01598M09:39:01.020","01598 08:51:48",222.97,881.22,,,,"     ",5.10,245.62,2.23
1598,539343671,"01598M09:39:01.993","01598 08:51:49",222.76,881.18,,,,"     ",5.10,245.04,2.22
1598,539343672,"01598M09:39:02.966","01598 08:51:50",222.56,881.19,,,,"     ",5.10,245.16,2.23
1598,539343673,"01598M09:39:03.940","01598 08:51:51",222.38,881.18,,,,"     ",5.10,246.92,2.24
1598,539343674,"01598M09:39:04.913","01598 08:51:51",222.23,881.22,,,,"     ",5.10,244.81,2.22
1598,539343675,"01598M09:39:05.886","01598 08:51:52",222.10,881.22,,,,"     ",5.10,246.12,2.23
1598,539343676,"01598M09:39:06.859","01598 08:51:53",222.00,881.22,,,,"     ",5.10,248.01,2.25
1598,539343677,"01598M09:39:07.833","01598 08:51:54",221.95,881.25,,,,"     ",5.10,244.07,2.21
1598,539343678,"01598M09:39:08.806","01598 08:51:55",221.94,881.18,,,,"     ",5.10,247.31,2.24
1598,539343679,"01598M09:39:09.779","01598 08:51:56",221.98,881.20,,,,"     ",5.10,245.10,2.23
1598,539343680,"01598M09:39:10.752","01598 08:51:57",222.07,881.20,,,,"     ",5.10,246.80,2.24
1598,539343681,"01598M09:39:11.726","01598 08:51:58",222.20,881.23,,,,"     ",5.10,247.16,2.24
1598,539343682,"01598M09:39:12.699","01598 08:51:59",222.36,881.22,,,,"     ",5.10,247.21,2.25
1598,539343683,"01598M09:39:13.672","01598 08:52:00",222.51,881.28,,,,"     ",5.10,245.17,2.23
1598,539343684,"01598M09:39:14.645","01598 08:52:01",222.64,881.23,,,,"     ",5.10,247.46,2.25
1598,539343685,"01598M09:39:15.619","01598 08:52:02",222.76,881.22,,,,"     ",5.10,244.82,2.22
1598,539343686,"01598M09:39:16.592","01598 08:52:03",222.88,881.20,,,,"     ",5.10,247.18,2.24
1598,539343687,"01598M09:39:17.565","01598 08:52:04",223.01,881.26,,,,"     ",5.10,245.86,2.23
1598,539343688,"01598M09:39:18.538","01598 08:52:05",223.13,881.28,,,,"     ",5.10,248.23,2.25
1598,539343689,"01598M09:39:19.512","01598 08:52:06",223.25,881.27,,,,"     ",5.10,245.99,2.23
1598,539343690,"01598M09:39:20.485","01598 08:52:07",223.36,881.31,,,,"     ",5.10,244.67,2.22
1598,539343691,"01598M09:39:21.458","01598 08:52:08",223.49,881.22,,,,"     ",5.10,245.38,2.23
1598,539343692,"01598M09:39:22.431","01598 08:52:09",223.53,881.28,,,,"     ",5.10,245.78,2.23
1598,539343693,"01598M09:39:23.405","01598 08:52:10",223.48,881.17,,,,"     ",5.10,246.06,2.23
1598,539343694,"01598M09:39:24.378","01598 08:52:11",223.43,881.23,,,,"     ",5.10,246.06,2.23
1598,539343695,"01598M09:39:25.351","01598 08:52:12",223.37,881.16,,,,"     ",5.10,246.09,2.23
1598,539343696,"01598M09:39:26.324","01598 08:52:13",223.31,881.21,,,,"     ",5.10,246.70,2.24
1598,539343697,"01598M09:39:27.298","01598 08:52:14",223.27,881.21,,,,"     ",5.10,245.73,2.23
1598,539343698,"01598M09:39:28.271","01598 08:52:15",223.23,881.20,,,,"     ",5.10,247.79,2.24
1598,539343699,"01598M09:39:29.244","01598 08:52:16",223.21,881.16,,,,"     ",5.10,247.52,2.24
1598,539343700,"01598M09:39:30.217","01598 08:52:17",223.21,881.22,,,,"     ",5.10,248.41,2.25
1598,539343701,"01598M09:39:31.191","01598 08:52:18",223.21,881.16,,,,"     ",5.10,247.53,2.24
1598,539343702,"01598M09:39:32.164","01598 08:52:19",223.22,881.13,,,,"     ",5.10,247.66,2.24
1598,539343703,"01598M09:39:33.137","01598 08:52:20",223.22,881.05,,,,"     ",5.10,248.08,2.24
1598,539343704,"01598M09:39:34.110","01598 08:52:21",223.23,881.10,,,,"     ",5.10,247.29,2.23
1598,539343705,"01598M09:39:35.084","01598 08:52:22",223.22,881.04,,,,"     ",5.10,246.53,2.23
1598,539343706,"01598M09:39:36.057","01598 08:52:23",223.21,881.12,,,,"     ",5.10,247.64,2.24
1598,539343707,"01598M09:39:37.030","01598 08:52:24",223.19,881.09,,,,"     ",5.10,247.97,2.24
1598,539343708,"01598M09:39:38.003","01598 08:52:25",223.16,881.12,,,,"     ",5.10,247.80,2.24
1598,539343709,"01598M09:39:38.977","01598 08:52:26",223.13,881.12,,,,"     ",5.10,246.99,2.23
1598,539343710,"01598M09:39:39.950","01598 08:52:27",223.09,881.16,,,,"     ",5.10,249.20,2.25
1598,539343711,"01598M09:39:40.923","01598 08:52:27",223.05,881.09,,,,"     ",5.10,246.08,2.22
1598,539343712,"01598M09:39:41.896","01598 08:52:28",223.01,881.11,,,,"     ",5.10,248.53,2.24
1598,539343713,"01598M09:39:42.870","01598 08:52:29",222.98,881.14,,,,"     ",5.10,250.20,2.25
1598,539343714,"01598M09:39:43.843","01598 08:52:30",222.94,881.10,,,,"     ",5.10,247.59,2.23
1598,539343715,"01598M09:39:44.816","01598 08:52:31",222.92,881.11,,,,"     ",5.10,247.25,2.22
1598,539343716,"01598M09:39:45.789","01598 08:52:32",222.90,881.10,,,,"     ",5.10,245.48,2.21
1598,539343717,"01598M09:39:46.763","01598 08:52:33",222.90,881.10,,,,"     ",5.10,249.77,2.25
1598,539343718,"01598M09:39:47.736","01598 08:52:34",222.90,881.16,,,,"     ",5.10,249.55,2.24
1598,539343719,"01598M09:39:48.709","01598 08:52:35",222.91,881.06,,,,"     ",5.10,248.95,2.24
1598,539343720,"01598M09:39:49.683","01598 08:52:36",222.94,881.06,,,,"     ",5.10,248.77,2.23
1598,539343721,"01598M09:39:50.656","01598 08:52:37",222.97,881.05,,,,"     ",5.10,250.33,2.25
1598,539343722,"01598M09:39:51.629","01598 08:52:38",222.99,881.07,,,,"     ",5.10,250.26,2.24
1598,539343723,"01598M09:39:52.602","01598 08:52:39",223.02,881.10,,,,"     ",5.10,248.16,2.22
1598,539343724,"01598M09:39:53.576","01598 08:52:40",223.04,880.94,,,,"     ",5.10,252.09,2.26
1598,539343725,"01598M09:39:54.549","01598 08:52:41",223.06,881.08,,,,"     ",5.10,250.66,2.24
1598,539343726,"01598M09:39:55.522","01598 08:52:42",223.06,881.10,,,,"     ",5.10,250.73,2.24
1598,539343727,"01598M09:39:56.495","01598 08:52:43",223.05,881.12,,,,"     ",5.10,248.00,2.22
1598,539343728,"01598M09:39:57.469","01598 08:52:44",223.03,881.05,,,,"     ",5.10,249.05,2.23
1598,539343729,"01598M09:39:58.442","01598 08:52:45",222.99,881.09,,,,"     ",5.10,250.22,2.24
1598,539343730,"01598M09:39:59.415","01598 08:52:46",222.95,881.11,,,,"     ",5.10,252.91,2.26
1598,539343731,"01598M09:40:00.388","01598 08:52:47",222.89,881.10,,,,"     ",5.10,249.22,2.22
1598,539343732,"01598M09:40:01.362","01598 08:52:48",222.84,881.10,,,,"     ",5.10,249.54,2.23
1598,539343733,"01598M09:40:02.335","01598 08:52:49",222.80,881.02,,,,"     ",5.10,250.43,2.23
1598,539343734,"01598M09:40:03.308","01598 08:52:50",222.75,881.08,,,,"     ",5.10,249.50,2.22
1598,539343735,"01598M09:40:04.281","01598 08:52:51",222.73,881.06,,,,"     ",5.10,249.40,2.22
1598,539343736,"01598M09:40:05.255","01598 08:52:52",222.73,881.01,,,,"     ",5.10,245.88,2.19
1598,539343737,"01598M09:40:06.228","01598 08:52:53",222.73,881.06,,,,"     ",5.10,252.04,2.24
1598,539343738,"01598M09:40:07.201","01598 08:52:54",222.74,881.10,,,,"     ",5.10,251.71,2.24
1598,539343739,"01598M09:40:08.174","01598 08:52:55",222.75,881.07,,,,"     ",5.10,251.87,2.24
1598,539343740,"01598M09:40:09.148","01598 08:52:56",222.76,881.15,,,,"     ",5.10,251.69,2.24
1598,539343741,"01598M09:40:10.121","01598 08:52:57",222.75,881.16,,,,"     ",5.10,252.06,2.24
1598,539343742,"01598M09:40:11.094","01598 08:52:58",222.74,881.05,,,,"     ",5.10,251.56,2.23
1598,539343743,"01598M09:40:12.067","01598 08:52:59",222.72,881.04,,,,"     ",5.10,250.27,2.22
1598,539343744,"01598M09:40:13.041","01598 08:53:00",222.69,880.99,,,,"     ",5.10,250.97,2.23
1598,539343745,"01598M09:40:14.014","01598 08:53:01",222.67,880.98,,,,"     ",5.10,253.53,2.25
1598,539343746,"01598M09:40:14.987","01598 08:53:02",222.64,880.99,,,,"     ",5.10,250.77,2.22
1598,539343747,"01598M09:40:15.960","01598 08:53:03",222.60,880.93,,,,"     ",5.10,249.20,2.21
1598,539343748,"01598M09:40:16.934","01598 08:53:03",222.57,881.00,,,,"     ",5.10,252.32,2.23
1598,539343749,"01598M09:40:17.907","01598 08:53:04",222.54,880.96,,,,"     ",5.10,251.66,2.23
1598,539343750,"01598M09:40:18.880","01598 08:53:05",222.51,880.99,,,,"     ",5.10,254.08,2.25
1598,539343751,"01598M09:40:19.853","01598 08:53:06",222.50,881.03,,,,"     ",5.10,253.53,2.24
1598,539343752,"01598M09:40:20.827","01598 08:53:07",222.49,881.09,,,,"     ",5.10,253.03,2.23
1598,539343753,"01598M09:40:21.800","01598 08:53:08",222.51,881.08,,,,"     ",5.10,251.75,2.22
1598,539343754,"01598M09:40:22.773","01598 08:53:09",222.53,881.01,,,,"     ",5.10,252.35,2.23
1598,539343755,"01598M09:40:23.746","01598 08:53:10",222.55,881.03,,,,"     ",5.10,252.68,2.23
1598,539343756,"01598M09:40:24.720","01598 08:53:11",222.58,881.05,,,,"     ",5.10,248.85,2.19
1598,539343757,"01598M09:40:25.693","01598 08:53:12",222.60,881.02,,,,"     ",5.10,253.38,2.23
1598,539343758,"01598M09:40:26.666","01598 08:53:13",222.62,880.97,,,,"     ",5.10,251.35,2.21
1598,539343759,"01598M09:40:27.639","01598 08:53:14",222.64,880.91,,,,"     ",5.10,253.26,2.23
1598,539343760,"01598M09:40:28.613","01598 08:53:15",222.66,880.95,,,,"     ",5.10,252.76,2.22
1598,539343761,"01598M09:40:29.586","01598 08:53:16",222.68,880.98,,,,"     ",5.10,255.74,2.25
1598,539343762,"01598M09:40:30.559","01598 08:53:17",222.70,880.96,,,,"     ",5.10,252.54,2.22
1598,539343763,"01598M09:40:31.532","01598 08:53:18",222.71,880.91,,,,"     ",5.10,252.90,2.22
1598,539343764,"01598M09:40:32.506","01598 08:53:19",222.72,880.97,,,,"     ",5.10,252.47,2.21
1598,539343765,"01598M09:40:33.479","01598 08:53:20",222.73,880.91,,,,"     ",5.10,253.29,2.22
1598,539343766,"01598M09:40:34.452","01598 08:53:21",222.73,880.97,,,,"     ",5.10,249.69,2.19
1598,539343767,"01598M09:40:35.425","01598 08:53:22",222.73,880.93,,,,"     ",5.10,251.32,2.20
1598,539343768,"01598M09:40:36.399","01598 08:53:23",222.73,880.87,,,,"     ",5.10,253.48,2.22
1598,539343769,"01598M09:40:37.372","01598 08:53:24",222.73,880.88,,,,"     ",5.10,253.86,2.22
1598,539343770,"01598M09:40:38.345","01598 08:53:25",222.73,880.82,,,,"     ",5.10,252.37,2.21
1598,539343771,"01598M09:40:39.318","01598 08:53:26",222.74,880.82,,,,"     ",5.10,253.80,2.22
1598,539343772,"01598M09:40:40.292","01598 08:53:27",222.76,880.82,,,,"     ",5.10,254.42,2.22
1598,539343773,"01598M09:40:41.265","01598 08:53:28",222.78,880.80,,,,"     ",5.10,254.18,2.22
1598,539343774,"01598M09:40:42.238","01598 08:53:29",222.82,880.92,,,,"     ",5.10,252.85,2.21
1598,539343775,"01598M09:40:43.211","01598 08:53:30",222.86,880.86,,,,"     ",5.10,253.91,2.22
1598,539343776,"01598M09:40:44.185","01598 08:53:31",222.91,880.83,,,,"     ",5.10,253.92,2.21
1598,539343777,"01598M09:40:45.158","01598 08:53:32",222.95,880.82,,,,"     ",5.10,255.46,2.23
1598,539343778,"01598M09:40:46.131","01598 08:53:33",222.98,880.82,,,,"     ",5.10,254.66,2.22
1598,539343779,"01598M09:40:47.104","01598 08:53:34",223.01,880.85,,,,"     ",5.10,253.61,2.21
1598,539343780,"01598M09:40:48.078","01598 08:53:35",223.03,880.74,,,,"     ",5.10,255.02,2.22
1598,539343781,"01598M09:40:49.051","01598 08:53:36",223.05,880.85,,,,"     ",5.10,253.47,2.20
1598,539343782,"01598M09:40:50.024","01598 08:53:37",223.06,880.83,,,,"     ",5.10,254.39,2.21
1598,539343783,"01598M09:40:50.997","01598 08:53:38",223.07,880.85,,,,"     ",5.10,254.75,2.21
1598,539343784,"01598M09:40:51.971","01598 08:53:39",223.08,880.87,,,,"     ",5.10,256.58,2.23
1598,539343785,"01598M09:40:52.944","01598 08:53:39",223.09,880.89,,,,"     ",5.10,253.64,2.20
1598,539343786,"01598M09:40:53.917","01598 08:53:40",223.08,880.89,,,,"     ",5.10,256.59,2.23
1598,539343787,"01598M09:40:54.890","01598 08:53:41",223.08,880.86,,,,"     ",5.10,255.57,2.22
1598,539343788,"01598M09:40:55.864","01598 08:53:42",223.07,880.87,,,,"     ",5.10,256.10,2.22
1598,539343789,"01598M09:40:56.837","01598 08:53:43",223.05,880.90,,,,"     ",5.10,256.04,2.22
1598,539343790,"01598M09:40:57.810","01598 08:53:44",222.69,880.80,,,,"     ",5.10,256.25,2.22
1598,539343791,"01598M09:40:58.784","01598 08:53:45",222.75,880.89,,,,"     ",5.10,254.87,2.21
1598,539343792,"01598M09:40:59.757","01598 08:53:46",222.81,880.95,,,,"     ",5.10,255.75,2.21
1598,539343793,"01598M09:41:00.730","01598 08:53:47",222.86,880.91,,,,"     ",5.10,255.31,2.21
1598,539343794,"01598M09:41:01.703","01598 08:53:48",222.91,880.89,,,,"     ",5.10,254.17,2.20
1598,539343795,"01598M09:41:02.677","01598 08:53:49",222.96,880.91,,,,"     ",5.10,257.45,2.22
1598,539343796,"01598M09:41:03.650","01598 08:53:50",223.00,880.88,,,,"     ",5.10,255.04,2.20
1598,539343797,"01598M09:41:04.623","01598 08:53:51",223.04,880.86,,,,"     ",5.10,256.25,2.21
1598,539343798,"01598M09:41:05.596","01598 08:53:52",223.08,880.82,,,,"     ",5.10,254.25,2.19
1598,539343799,"01598M09:41:06.570","01598 08:53:53",223.12,880.83,,,,"     ",5.10,257.53,2.22
1598,539343800,"01598M09:41:07.543","01598 08:53:54",223.15,880.86,,,,"     ",5.10,256.62,2.21
1598,539343801,"01598M09:41:08.516","01598 08:53:55",223.17,880.74,,,,"     ",5.10,256.98,2.21
1598,539343802,"01598M09:41:09.489","01598 08:53:56",223.20,880.76,,,,"     ",5.10,255.57,2.20
1598,539343803,"01598M09:41:10.463","01598 08:53:57",223.22,880.80,,,,"     ",5.10,256.48,2.21
1598,539343804,"01598M09:41:11.436","01598 08:53:58",223.23,880.75,,,,"     ",5.10,255.05,2.19
1598,539343805,"01598M09:41:12.409","01598 08:53:59",223.23,880.81,,,,"     ",5.10,256.39,2.20
1598,539343806,"01598M09:41:13.382","01598 08:54:00",223.23,880.79,,,,"     ",5.10,257.25,2.21
1598,539343807,"01598M09:41:14.356","01598 08:54:01",223.21,880.72,,,,"     ",5.10,253.98,2.18
1598,539343808,"01598M09:41:15.329","01598 08:54:02",223.18,880.75,,,,"     ",5.10,255.95,2.19
1598,539343809,"01598M09:41:16.302","01598 08:54:03",223.15,880.78,,,,"     ",5.10,256.58,2.20
1598,539343810,"01598M09:41:17.275","01598 08:54:04",223.11,880.75,,,,"     ",5.10,257.73,2.21
1598,539343811,"01598M09:41:18.249","01598 08:54:05",223.07,880.71,,,,"     ",5.10,255.44,2.19
1598,539343812,"01598M09:41:19.222","01598 08:54:06",223.03,880.72,,,,"     ",5.10,256.84,2.20
1598,539343813,"01598M09:41:20.195","01598 08:54:07",222.99,880.84,,,,"     ",5.10,258.73,2.21
1598,539343814,"01598M09:41:21.168","01598 08:54:08",222.96,880.76,,,,"     ",5.10,257.52,2.20
1598,539343815,"01598M09:41:22.142","01598 08:54:09",222.93,880.80,,,,"     ",5.10,257.32,2.20
1598,539343816,"01598M09:41:23.115","01598 08:54:10",222.91,880.73,,,,"     ",5.10,257.75,2.20
1598,539343817,"01598M09:41:24.088","01598 08:54:11",222.89,880.81,,,,"     ",5.10,257.59,2.20
1598,539343818,"01598M09:41:25.061","01598 08:54:12",222.88,880.80,,,,"     ",5.10,258.73,2.21
1598,539343819,"01598M09:41:26.035","01598 08:54:13",222.87,880.78,,,,"     ",5.10,256.92,2.19
1598,539343820,"01598M09:41:27.008","01598 08:54:14",222.88,880.72,,,,"     ",5.10,257.22,2.19
1598,539343821,"01598M09:41:27.981","01598 08:54:15",222.89,880.68,,,,"     ",5.10,258.57,2.20
1598,539343822,"01598M09:41:28.954","01598 08:54:15",222.91,880.66,,,,"     ",5.10,255.70,2.17
1598,539343823,"01598M09:41:29.928","01598 08:54:16",222.93,880.77,,,,"     ",5.10,260.98,2.22
1598,539343824,"01598M09:41:30.901","01598 08:54:17",222.95,880.71,,,,"     ",5.10,259.95,2.21
1598,539343825,"01598M09:41:31.874","01598 08:54:18",222.97,880.73,,,,"     ",5.10,258.14,2.19
1598,539343826,"01598M09:41:32.847","01598 08:54:19",222.98,880.69,,,,"     ",5.10,259.37,2.20
1598,539343827,"01598M09:41:33.821","01598 08:54:20",222.98,880.71,,,,"     ",5.10,259.55,2.20
1598,539343828,"01598M09:41:34.794","01598 08:54:21",222.98,880.76,,,,"     ",5.10,257.43,2.18
1598,539343829,"01598M09:41:35.767","01598 08:54:22",222.98,880.71,,,,"     ",5.10,259.88,2.20
1598,539343830,"01598M09:41:36.740","01598 08:54:23",222.97,880.70,,,,"     ",5.10,258.70,2.19
1598,539343831,"01598M09:41:37.714","01598 08:54:24",222.96,880.74,,,,"     ",5.10,261.11,2.21
1598,539343832,"01598M09:41:38.687","01598 08:54:25",222.94,880.65,,,,"     ",5.10,257.33,2.18
1598,539343833,"01598M09:41:39.660","01598 08:54:26",222.90,880.66,,,,"     ",5.10,260.52,2.20
1598,539343834,"01598M09:41:40.633","01598 08:54:27",222.86,880.72,,,,"     ",5.10,261.56,2.21
1598,539343835,"01598M09:41:41.607","01598 08:54:28",222.82,880.65,,,,"     ",5.10,261.03,2.21
1598,539343836,"01598M09:41:42.580","01598 08:54:29",222.78,880.52,,,,"     ",5.10,260.72,2.20
1598,539343837,"01598M09:41:43.553","01598 08:54:30",222.75,880.57,,,,"     ",5.10,261.38,2.21
1598,539343838,"01598M09:41:44.526","01598 08:54:31",222.72,880.68,,,,"     ",5.10,259.72,2.19
1598,539343839,"01598M09:41:45.500","01598 08:54:32",222.69,880.68,,,,"     ",5.10,260.84,2.20
1598,539343840,"01598M09:41:46.473","01598 08:54:33",222.66,880.67,,,,"     ",5.10,259.23,2.18
1598,539343841,"01598M09:41:47.446","01598 08:54:34",222.63,880.63,,,,"     ",5.10,260.76,2.19
1598,539343842,"01598M09:41:48.419","01598 08:54:35",222.59,880.63,,,,"     ",5.10,260.84,2.19
1598,539343843,"01598M09:41:49.393","01598 08:54:36",222.56,880.61,,,,"     ",5.10,261.08,2.20
1598,539343844,"01598M09:41:50.366","01598 08:54:37",222.52,880.57,,,,"     ",5.10,258.50,2.17
1598,539343845,"01598M09:41:51.339","01598 08:54:38",222.50,880.58,,,,"     ",5.10,260.00,2.18
1598,539343846,"01598M09:41:52.312","01598 08:54:39",222.47,880.58,,,,"     ",5.10,260.45,2.19
1598,539343847,"01598M09:41:53.286","01598 08:54:40",222.44,880.62,,,,"     ",5.10,261.74,2.20
1598,539343848,"01598M09:41:54.259","01598 08:54:41",222.42,880.54,,,,"     ",5.10,261.93,2.20
1598,539343849,"01598M09:41:55.232","01598 08:54:42",222.41,880.61,,,,"     ",5.10,262.37,2.20
1598,539343850,"01598M09:41:56.205","01598 08:54:43",222.40,880.59,,,,"     ",5.10,263.15,2.21
1598,539343851,"01598M09:41:57.179","01598 08:54:44",222.39,880.53,,,,"     ",5.10,261.95,2.19
1598,539343852,"01598M09:41:58.152","01598 08:54:45",222.39,880.63,,,,"     ",5.10,261.31,2.19
1598,539343853,"01598M09:41:59.125","01598 08:54:46",222.39,880.67,,,,"     ",5.10,260.72,2.18
1598,539343854,"01598M09:42:00.098","01598 08:54:47",222.40,880.55,,,,"     ",5.10,262.38,2.19
1598,539343855,"01598M09:42:01.072","01598 08:54:48",222.41,880.61,,,,"     ",5.10,262.26,2.19
1598,539343856,"01598M09:42:02.045","01598 08:54:49",222.41,880.61,,,,"     ",5.10,260.79,2.18
1598,539343857,"01598M09:42:03.018","01598 08:54:50",222.41,880.65,,,,"     ",5.10,265.24,2.22
1598,539343858,"01598M09:42:03.991","01598 08:54:51",222.40,880.60,,,,"     ",5.10,260.66,2.17
1598,539343859,"01598M09:42:04.965","01598 08:54:52",222.39,880.64,,,,"     ",5.10,262.41,2.19
1598,539343860,"01598M09:42:05.938","01598 08:54:52",222.37,880.61,,,,"     ",5.10,264.66,2.21
1598,539343861,"01598M09:42:06.911","01598 08:54:53",222.36,880.65,,,,"     ",5.10,264.51,2.21
1598,539343862,"01598M09:42:07.885","01598 08:54:54",222.36,880.59,,,,"     ",5.10,261.39,2.18
1598,539343863,"01598M09:42:08.858","01598 08:54:55",222.37,880.57,,,,"     ",5.10,260.98,2.17
1598,539343864,"01598M09:42:09.831","01598 08:54:56",222.38,880.50,,,,"     ",5.10,263.46,2.19
1598,539343865,"01598M09:42:10.804","01598 08:54:57",222.40,880.53,,,,"     ",5.10,261.66,2.18
1598,539343866,"01598M09:42:11.778","01598 08:54:58",222.42,880.56,,,,"     ",5.10,263.67,2.19
1598,539343867,"01598M09:42:12.751","01598 08:54:59",222.44,880.47,,,,"     ",5.10,264.48,2.20
1598,539343868,"01598M09:42:13.724","01598 08:55:00",222.46,880.50,,,,"     ",5.10,263.91,2.19
1598,539343869,"01598M09:42:14.697","01598 08:55:01",222.48,880.48,,,,"     ",5.10,260.27,2.16
1598,539343870,"01598M09:42:15.671","01598 08:55:02",222.50,880.47,,,,"     ",5.10,261.10,2.17
1598,539343871,"01598M09:42:16.644","01598 08:55:03",222.52,880.58,,,,"     ",5.10,261.67,2.17
1598,539343872,"01598M09:42:17.617","01598 08:55:04",222.55,880.46,,,,"     ",5.10,264.03,2.19
1598,539343873,"01598M09:42:18.590","01598 08:55:05",222.58,880.46,,,,"     ",5.10,264.59,2.19
1598,539343874,"01598M09:42:19.564","01598 08:55:06",222.61,880.48,,,,"     ",5.10,261.65,2.17
1598,539343875,"01598M09:42:20.537","01598 08:55:07",222.65,880.49,,,,"     ",5.10,262.78,2.18
1598,539343876,"01598M09:42:21.510","01598 08:55:08",222.67,880.56,,,,"     ",5.10,263.67,2.18
1598,539343877,"01598M09:42:22.483","01598 08:55:09",222.69,880.39,,,,"     ",5.10,264.80,2.19
1598,539343878,"01598M09:42:23.457","01598 08:55:10",222.71,880.50,,,,"     ",5.10,263.61,2.18
1598,539343879,"01598M09:42:24.430","01598 08:55:11",222.74,880.49,,,,"     ",5.10,260.31,2.15
1598,539343880,"01598M09:42:25.403","01598 08:55:12",222.76,880.54,,,,"     ",5.10,261.90,2.17
1598,539343881,"01598M09:42:26.376","01598 08:55:13",222.79,880.48,,,,"     ",5.10,264.74,2.19
1598,539343882,"01598M09:42:27.350","01598 08:55:14",222.81,880.44,,,,"     ",5.10,264.36,2.18
1598,539343883,"01598M09:42:28.323","01598 08:55:15",222.82,880.48,,,,"     ",5.10,264.80,2.19
1598,539343884,"01598M09:42:29.296","01598 08:55:16",222.83,880.46,,,,"     ",5.10,266.52,2.20
1598,539343885,"01598M09:42:30.269","01598 08:55:17",222.82,880.51,,,,"     ",5.10,264.37,2.18
1598,539343886,"01598M09:42:31.243","01598 08:55:18",222.81,880.47,,,,"     ",5.10,264.72,2.18
1598,539343887,"01598M09:42:32.216","01598 08:55:19",222.80,880.48,,,,"     ",5.10,265.63,2.19
1598,539343888,"01598M09:42:33.189","01598 08:55:20",222.78,880.41,,,,"     ",5.10,265.27,2.19
1598,539343889,"01598M09:42:34.162","01598 08:55:21",222.79,880.53,,,,"     ",5.10,266.96,2.20
1598,539343890,"01598M09:42:35.136","01598 08:55:22",222.80,880.48,,,,"     ",5.10,265.62,2.19
1598,539343891,"01598M09:42:36.109","01598 08:55:23",222.82,880.49,,,,"     ",5.10,267.35,2.20
1598,539343892,"01598M09:42:37.082","01598 08:55:24",222.85,880.47,,,,"     ",5.10,266.57,2.19
1598,539343893,"01598M09:42:38.055","01598 08:55:25",222.89,880.45,,,,"     ",5.10,266.16,2.19
1598,539343894,"01598M09:42:39.029","01598 08:55:26",222.90,880.49,,,,"     ",5.10,266.72,2.19
1598,539343895,"01598M09:42:40.002","01598 08:55:27",222.90,880.49,,,,"     ",5.10,265.82,2.18
1598,539343896,"01598M09:42:40.975","01598 08:55:28",222.90,880.50,,,,"     ",5.10,266.01,2.19
1598,539343897,"01598M09:42:41.948","01598 08:55:28",222.88,880.49,,,,"     ",5.10,266.80,2.19
1598,539343898,"01598M09:42:42.922","01598 08:55:29",222.87,880.45,,,,"     ",5.10,266.74,2.19
1598,539343899,"01598M09:42:43.895","01598 08:55:30",222.86,880.52,,,,"     ",5.10,267.91,2.20
1598,539343900,"01598M09:42:44.868","01598 08:55:31",222.85,880.56,,,,"     ",5.10,266.47,2.19
1598,539343901,"01598M09:42:45.841","01598 08:55:32",222.84,880.50,,,,"     ",5.10,267.04,2.19
1598,539343902,"01598M09:42:46.815","01598 08:55:33",222.82,880.53,,,,"     ",5.10,266.72,2.18
1598,539343903,"01598M09:42:47.788","01598 08:55:34",222.79,880.48,,,,"     ",5.10,267.39,2.19
1598,539343904,"01598M09:42:48.761","01598 08:55:35",222.77,880.41,,,,"     ",5.10,266.60,2.18
1598,539343905,"01598M09:42:49.734","01598 08:55:36",222.74,880.39,,,,"     ",5.10,266.51,2.18
1598,539343906,"01598M09:42:50.708","01598 08:55:37",222.73,880.33,,,,"     ",5.10,265.20,2.17
1598,539343907,"01598M09:42:51.681","01598 08:55:38",222.72,880.37,,,,"     ",5.10,264.90,2.16
1598,539343908,"01598M09:42:52.654","01598 08:55:39",222.73,880.35,,,,"     ",5.10,268.28,2.19
1598,539343909,"01598M09:42:53.627","01598 08:55:40",222.74,880.42,,,,"     ",5.10,267.54,2.18
1598,539343910,"01598M09:42:54.601","01598 08:55:41",222.77,880.39,,,,"     ",5.10,265.91,2.17
1598,539343911,"01598M09:42:55.574","01598 08:55:42",222.80,880.33,,,,"     ",5.10,267.27,2.18
1598,539343912,"01598M09:42:56.547","01598 08:55:43",222.83,880.42,,,,"     ",5.10,265.24,2.16
1598,539343913,"01598M09:42:57.520","01598 08:55:44",222.86,880.36,,,,"     ",5.10,265.45,2.16
1598,539343914,"01598M09:42:58.494","01598 08:55:45",222.87,880.42,,,,"     ",5.10,266.81,2.17
1598,539343915,"01598M09:42:59.467","01598 08:55:46",222.89,880.36,,,,"     ",5.10,269.61,2.20
1598,539343916,"01598M09:43:00.440","01598 08:55:47",222.91,880.39,,,,"     ",5.10,267.30,2.17
1598,539343917,"01598M09:43:01.413","01598 08:55:48",222.92,880.33,,,,"     ",5.10,268.15,2.18
1598,539343918,"01598M09:43:02.387","01598 08:55:49",222.93,880.36,,,,"     ",5.10,264.74,2.15
1598,539343919,"01598M09:43:03.360","01598 08:55:50",222.92,880.37,,,,"     ",5.10,266.90,2.17
1598,539343920,"01598M09:43:04.333","01598 08:55:51",222.91,880.32,,,,"     ",5.10,266.79,2.17
1598,539343921,"01598M09:43:05.306","01598 08:55:52",222.88,880.41,,,,"     ",5.10,268.77,2.18
1598,539343922,"01598M09:43:06.280","01598 08:55:53",222.85,880.38,,,,"     ",5.10,265.75,2.16
1598,539343923,"01598M09:43:07.253","01598 08:55:54",222.81,880.32,,,,"     ",5.10,266.20,2.16
1598,539343924,"01598M09:43:08.226","01598 08:55:55",222.76,880.39,,,,"     ",5.10,266.50,2.16
1598,539343925,"01598M09:43:09.199","01598 08:55:56",222.72,880.35,,,,"     ",5.10,265.85,2.15
1598,539343926,"01598M09:43:10.173","01598 08:55:57",222.69,880.39,,,,"     ",5.10,269.34,2.18
1598,539343927,"01598M09:43:11.146","01598 08:55:58",222.66,880.34,,,,"     ",5.10,268.23,2.17
1598,539343928,"01598M09:43:12.119","01598 08:55:59",222.65,880.34,,,,"     ",5.10,267.67,2.17
1598,539343929,"01598M09:43:13.092","01598 08:56:00",222.65,880.43,,,,"     ",5.10,268.60,2.17
1598,539343930,"01598M09:43:14.066","01598 08:56:01",222.65,880.48,,,,"     ",5.10,265.03,2.14
1598,539343931,"01598M09:43:15.039","01598 08:56:02",222.66,880.42,,,,"     ",5.10,266.42,2.15
1598,539343932,"01598M09:43:16.012","01598 08:56:03",222.68,880.39,,,,"     ",5.10,266.22,2.15
1598,539343933,"01598M09:43:16.985","01598 08:56:04",222.70,880.33,,,,"     ",5.10,268.27,2.17
1598,539343934,"01598M09:43:17.959","01598 08:56:04",222.73,880.27,,,,"     ",5.10,266.75,2.15
1598,539343935,"01598M09:43:18.932","01598 08:56:05",222.76,880.26,,,,"     ",5.10,267.57,2.16
1598,539343936,"01598M09:43:19.905","01598 08:56:06",222.79,880.18,,,,"     ",5.10,271.08,2.19
1598,539343937,"01598M09:43:20.879","01598 08:56:07",222.82,880.21,,,,"     ",5.10,265.78,2.14
1598,539343938,"01598M09:43:21.852","01598 08:56:08",222.84,880.21,,,,"     ",5.10,266.75,2.15
1598,539343939,"01598M09:43:22.825","01598 08:56:09",222.86,880.30,,,,"     ",5.10,267.91,2.16
1598,539343940,"01598M09:43:23.798","01598 08:56:10",222.87,880.26,,,,"     ",5.10,270.40,2.18
1598,539343941,"01598M09:43:24.772","01598 08:56:11",222.89,880.28,,,,"     ",5.10,267.99,2.16
1598,539343942,"01598M09:43:25.745","01598 08:56:12",222.91,880.30,,,,"     ",5.10,267.74,2.15
1598,539343943,"01598M09:43:26.718","01598 08:56:13",222.92,880.37,,,,"     ",5.10,268.45,2.16
1598,539343944,"01598M09:43:27.691","01598 08:56:14",222.92,880.35,,,,"     ",5.10,269.67,2.17
1598,539343945,"01598M09:43:28.665","01598 08:56:15",222.93,880.32,,,,"     ",5.10,269.27,2.16
1598,539343946,"01598M09:43:29.638","01598 08:56:16",222.94,880.28,,,,"     ",5.10,266.73,2.14
1598,539343947,"01598M09:43:30.611","01598 08:56:17",222.94,880.32,,,,"     ",5.10,271.34,2.18
1598,539343948,"01598M09:43:31.584","01598 08:56:18",222.94,880.23,,,,"     ",5.10,264.97,2.12
1598,539343949,"01598M09:43:32.558","01598 08:56:19",222.95,880.24,,,,"     ",5.10,268.26,2.15
1598,539343950,"01598M09:43:33.531","01598 08:56:20",222.98,880.31,,,,"     ",5.10,270.49,2.17
1598,539343951,"01598M09:43:34.504","01598 08:56:21",223.01,880.29,,,,"     ",5.10,269.47,2.16
1598,539343952,"01598M09:43:35.477","01598 08:56:22",223.07,880.23,,,,"     ",5.10,269.27,2.16
1598,539343953,"01598M09:43:36.451","01598 08:56:23",223.13,880.24,,,,"     ",5.10,271.23,2.17
1598,539343954,"01598M09:43:37.424","01598 08:56:24",223.22,880.23,,,,"     ",5.10,267.20,2.14
1598,539343955,"01598M09:43:38.397","01598 08:56:25",223.30,880.25,,,,"     ",5.10,267.52,2.14
1598,539343956,"01598M09:43:39.370","01598 08:56:26",223.39,880.22,,,,"     ",5.10,272.73,2.18
1598,539343957,"01598M09:43:40.344","01598 08:56:27",223.48,880.24,,,,"     ",5.10,271.45,2.17
1598,539343958,"01598M09:43:41.317","01598 08:56:28",223.56,880.27,,,,"     ",5.10,269.02,2.15
1598,539343959,"01598M09:43:42.290","01598 08:56:29",223.64,880.29,,,,"     ",5.10,273.04,2.18
1598,539343960,"01598M09:43:43.263","01598 08:56:30",223.73,880.30,,,,"     ",5.10,271.77,2.17
1598,539343961,"01598M09:43:44.237","01598 08:56:31",223.82,880.29,,,,"     ",5.10,269.38,2.15
1598,539343962,"01598M09:43:45.210","01598 08:56:32",223.89,880.34,,,,"     ",5.10,267.76,2.13
1598,539343963,"01598M09:43:46.183","01598 08:56:33",223.96,880.32,,,,"     ",5.10,268.66,2.14
1598,539343964,"01598M09:43:47.156","01598 08:56:34",224.01,880.26,,,,"     ",5.10,270.10,2.15
1598,539343965,"01598M09:43:48.130","01598 08:56:35",224.04,880.19,,,,"     ",5.10,270.80,2.16
1598,539343966,"01598M09:43:49.103","01598 08:56:36",224.07,880.20,,,,"     ",5.10,270.07,2.15
1598,539343967,"01598M09:43:50.076","01598 08:56:37",224.09,880.12,,,,"     ",5.10,270.98,2.16
1598,539343968,"01598M09:43:51.049","01598 08:56:38",224.12,880.13,,,,"     ",5.10,269.44,2.14
1598,539343969,"01598M09:43:52.023","01598 08:56:39",224.14,880.12,,,,"     ",5.10,268.23,2.13
1598,539343970,"01598M09:43:52.996","01598 08:56:40",224.17,880.17,,,,"     ",5.10,269.85,2.14
1598,539343971,"01598M09:43:53.969","01598 08:56:40",224.20,880.14,,,,"     ",5.10,269.56,2.14
1598,539343972,"01598M09:43:54.942","01598 08:56:41",224.21,880.16,,,,"     ",5.10,271.02,2.15
1598,539343973,"01598M09:43:55.916","01598 08:56:42",224.20,880.17,,,,"     ",5.10,271.23,2.15
1598,539343974,"01598M09:43:56.889","01598 08:56:43",224.19,880.11,,,,"     ",5.10,270.34,2.14
1598,539343975,"01598M09:43:57.862","01598 08:56:44",224.17,880.11,,,,"     ",5.10,272.91,2.16
1598,539343976,"01598M09:43:58.835","01598 08:56:45",224.15,880.15,,,,"     ",5.10,271.55,2.15
1598,539343977,"01598M09:43:59.809","01598 08:56:46",224.14,880.15,,,,"     ",5.10,269.68,2.14
1598,539343978,"01598M09:44:00.782","01598 08:56:47",224.14,880.10,,,,"     ",5.10,269.60,2.13
1598,539343979,"01598M09:44:01.755","01598 08:56:48",224.16,880.13,,,,"     ",5.10,272.37,2.16
1598,539343980,"01598M09:44:02.728","01598 08:56:49",224.20,880.14,,,,"     ",5.10,273.02,2.16
1598,539343981,"01598M09:44:03.702","01598 08:56:50",224.26,880.07,,,,"     ",5.10,271.65,2.15
1598,539343982,"01598M09:44:04.675","01598 08:56:51",224.33,880.05,,,,"     ",5.10,269.00,2.12
1598,539343983,"01598M09:44:05.648","01598 08:56:52",224.42,880.05,,,,"     ",5.10,271.79,2.15
1598,539343984,"01598M09:44:06.621","01598 08:56:53",224.52,880.06,,,,"     ",5.10,271.80,2.15
1598,539343985,"01598M09:44:07.595","01598 08:56:54",224.64,880.07,,,,"     ",5.10,271.64,2.15
1598,539343986,"01598M09:44:08.568","01598 08:56:55",224.78,880.02,,,,"     ",5.10,271.22,2.14
1598,539343987,"01598M09:44:09.541","01598 08:56:56",224.92,879.97,,,,"     ",5.10,272.59,2.15
1598,539343988,"01598M09:44:10.514","01598 08:56:57",225.07,880.03,,,,"     ",5.10,271.88,2.14
1598,539343989,"01598M09:44:11.488","01598 08:56:58",225.22,880.01,,,,"     ",5.10,273.61,2.16
1598,539343990,"01598M09:44:12.461","01598 08:56:59",225.34,880.03,,,,"     ",5.10,271.01,2.14
1598,539343991,"01598M09:44:13.434","01598 08:57:00",225.45,879.99,,,,"     ",5.10,270.66,2.13
1598,539343992,"01598M09:44:14.407","01598 08:57:01",225.53,880.05,,,,"     ",5.10,270.97,2.14
1598,539343993,"01598M09:44:15.381","01598 08:57:02",225.62,880.01,,,,"     ",5.10,266.96,2.10
1598,539343994,"01598M09:44:16.354","01598 08:57:03",225.69,880.01,,,,"     ",5.10,269.28,2.12
1598,539343995,"01598M09:44:17.327","01598 08:57:04",225.77,879.97,,,,"     ",5.10,270.09,2.13
1598,539343996,"01598M09:44:18.300","01598 08:57:05",225.85,879.95,,,,"     ",5.10,269.93,2.13
1598,539343997,"01598M09:44:19.274","01598 08:57:06",225.94,879.93,,,,"     ",5.10,270.44,2.13
1598,539343998,"01598M09:44:20.247","01598 08:57:07",226.03,879.95,,,,"     ",5.10,267.00,2.10
1598,539343999,"01598M09:44:21.220","01598 08:57:08",226.13,880.05,,,,"     ",5.10,269.37,2.12
1598,539344000,"01598M09:44:22.193","01598 08:57:09",226.24,880.02,,,,"     ",5.10,269.12,2.12
1598,539344001,"01598M09:44:23.167","01598 08:57:10",226.35,880.02,,,,"     ",5.10,268.19,2.11
1598,539344002,"01598M09:44:24.140","01598 08:57:11",226.46,880.05,,,,"     ",5.10,267.35,2.10
1598,539344003,"01598M09:44:25.113","01598 08:57:12",226.58,879.96,,,,"     ",5.10,268.20,2.11
1598,539344004,"01598M09:44:26.086","01598 08:57:13",226.71,880.00,,,,"     ",5.10,270.94,2.13
1598,539344005,"01598M09:44:27.060","01598 08:57:14",226.84,879.96,,,,"     ",5.10,268.50,2.11
1598,539344006,"01598M09:44:28.033","01598 08:57:15",226.97,879.97,,,,"     ",5.10,269.80,2.12
1598,539344007,"01598M09:44:29.006","01598 08:57:16",227.01,879.94,,,,"     ",5.10,268.16,2.11
1598,539344008,"01598M09:44:29.980","01598 08:57:16",226.97,879.92,,,,"     ",5.10,268.93,2.12
1598,539344009,"01598M09:44:30.953","01598 08:57:17",226.97,880.06,,,,"     ",5.10,269.63,2.12
1598,539344010,"01598M09:44:31.926","01598 08:57:18",226.99,879.92,,,,"     ",5.10,270.02,2.13
1598,539344011,"01598M09:44:32.899","01598 08:57:19",227.03,880.03,,,,"     ",5.10,273.05,2.15
1598,539344012,"01598M09:44:33.873","01598 08:57:20",227.09,880.00,,,,"     ",5.10,269.19,2.12
1598,539344013,"01598M09:44:34.846","01598 08:57:21",227.16,880.06,,,,"     ",5.10,267.99,2.11
1598,539344014,"01598M09:44:35.819","01598 08:57:22",227.22,880.01,,,,"     ",5.10,270.50,2.13
1598,539344015,"01598M09:44:36.792","01598 08:57:23",227.26,880.12,,,,"     ",5.10,270.99,2.13
1598,539344016,"01598M09:44:37.766","01598 08:57:24",227.28,880.02,,,,"     ",5.10,267.75,2.11
1598,539344017,"01598M09:44:38.739","01598 08:57:25",227.28,880.03,,,,"     ",5.10,269.79,2.12
1598,539344018,"01598M09:44:39.712","01598 08:57:26",227.27,879.97,,,,"     ",5.10,269.05,2.12
1598,539344019,"01598M09:44:40.685","01598 08:57:27",227.26,880.05,,,,"     ",5.10,270.49,2.13
1598,539344020,"01598M09:44:41.659","01598 08:57:28",227.25,880.00,,,,"     ",5.10,269.31,2.12
1598,539344021,"01598M09:44:42.632","01598 08:57:29",227.25,879.96,,,,"     ",5.10,271.10,2.13
1598,539344022,"01598M09:44:43.605","01598 08:57:30",227.24,879.87,,,,"     ",5.10,270.47,2.13
1598,539344023,"01598M09:44:44.578","01598 08:57:31",227.22,879.98,,,,"     ",5.10,269.72,2.12
1598,539344024,"01598M09:44:45.552","01598 08:57:32",227.17,880.06,,,,"     ",5.10,271.74,2.14
1598,539344025,"01598M09:44:46.525","01598 08:57:33",227.10,880.00,,,,"     ",5.10,273.19,2.15
1598,539344026,"01598M09:44:47.498","01598 08:57:34",227.03,880.01,,,,"     ",5.10,269.99,2.12
1598,539344027,"01598M09:44:48.471","01598 08:57:35",226.95,880.04,,,,"     ",5.10,271.02,2.13
1598,539344028,"01598M09:44:49.445","01598 08:57:36",226.86,880.05,,,,"     ",5.10,272.83,2.15
1598,539344029,"01598M09:44:50.418","01598 08:57:37",226.79,880.02,,,,"     ",5.10,269.20,2.12
1598,539344030,"01598M09:44:51.391","01598 08:57:38",226.71,880.01,,,,"     ",5.10,267.48,2.10
1598,539344031,"01598M09:44:52.364","01598 08:57:39",226.62,880.01,,,,"     ",5.10,272.68,2.14
1598,539344032,"01598M09:44:53.338","01598 08:57:40",226.51,880.08,,,,"     ",5.10,272.51,2.14
1598,539344033,"01598M09:44:54.311","01598 08:57:41",226.40,880.04,,,,"     ",5.10,269.29,2.12
1598,539344034,"01598M09:44:55.284","01598 08:57:42",226.28,880.02,,,,"     ",5.10,272.34,2.14
1598,539344035,"01598M09:44:56.257","01598 08:57:43",226.18,879.97,,,,"     ",5.10,271.45,2.13
1598,539344036,"01598M09:44:57.231","01598 08:57:44",226.08,879.91,,,,"     ",5.10,268.66,2.11
1598,539344037,"01598M09:44:58.204","01598 08:57:45",226.00,879.99,,,,"     ",5.10,270.40,2.12
1598,539344038,"01598M09:44:59.177","01598 08:57:46",225.93,879.88,,,,"     ",5.10,271.63,2.13
1598,539344039,"01598M09:45:00.150","01598 08:57:47",225.87,879.86,,,,"     ",5.10,270.49,2.12
1598,539344040,"01598M09:45:01.124","01598 08:57:48",225.83,879.92,,,,"     ",5.10,272.90,2.14
1598,539344041,"01598M09:45:02.097","01598 08:57:49",225.81,879.86,,,,"     ",5.10,269.67,2.12
1598,539344042,"01598M09:45:03.070","01598 08:57:50",225.81,879.80,,,,"     ",5.10,272.85,2.14
1598,539344043,"01598M09:45:04.043","01598 08:57:51",225.83,879.87,,,,"     ",5.10,272.24,2.14
1598,539344044,"01598M09:45:05.017","01598 08:57:52",225.86,879.86,,,,"     ",5.10,271.75,2.13
1598,539344045,"01598M09:45:05.990","01598 08:57:52",225.89,879.80,,,,"     ",5.10,269.08,2.11
1598,539344046,"01598M09:45:06.963","01598 08:57:53",225.93,879.86,,,,"     ",5.10,273.19,2.14
1598,539344047,"01598M09:45:07.936","01598 08:57:54",225.98,879.83,,,,"     ",5.10,271.53,2.13
1598,539344048,"01598M09:45:08.910","01598 08:57:55",226.03,879.84,,,,"     ",5.10,271.92,2.13
1598,539344049,"01598M09:45:09.883","01598 08:57:56",226.10,879.90,,,,"     ",5.10,268.65,2.11
1598,539344050,"01598M09:45:10.856","01598 08:57:57",226.16,879.95,,,,"     ",5.10,270.24,2.12
1598,539344051,"01598M09:45:11.829","01598 08:57:58",226.23,879.87,,,,"     ",5.10,270.96,2.12
1598,539344052,"01598M09:45:12.803","01598 08:57:59",226.28,879.85,,,,"     ",5.10,273.50,2.14
1598,539344053,"01598M09:45:13.776","01598 08:58:00",226.30,879.82,,,,"     ",5.10,272.77,2.14
1598,539344054,"01598M09:45:14.749","01598 08:58:01",226.31,879.73,,,,"     ",5.10,271.21,2.13
1598,539344055,"01598M09:45:15.722","01598 08:58:02",226.31,879.78,,,,"     ",5.10,269.97,2.11
1598,539344056,"01598M09:45:16.696","01598 08:58:03",226.30,879.81,,,,"     ",5.10,271.79,2.13
1598,539344057,"01598M09:45:17.669","01598 08:58:04",226.27,879.88,,,,"     ",5.10,272.50,2.13
1598,539344058,"01598M09:45:18.642","01598 08:58:05",226.22,879.80,,,,"     ",5.10,272.00,2.13
1598,539344059,"01598M09:45:19.615","01598 08:58:06",226.17,879.76,,,,"     ",5.10,271.66,2.13
1598,539344060,"01598M09:45:20.589","01598 08:58:07",226.13,879.78,,,,"     ",5.10,269.07,2.11
1598,539344061,"01598M09:45:21.562","01598 08:58:08",226.07,879.77,,,,"     ",5.10,271.18,2.12
1598,539344062,"01598M09:45:22.535","01598 08:58:09",226.00,879.84,,,,"     ",5.10,270.10,2.11
1598,539344063,"01598M09:45:23.508","01598 08:58:10",225.93,879.89,,,,"     ",5.10,272.49,2.13
1598,539344064,"01598M09:45:24.482","01598 08:58:11",225.87,879.79,,,,"     ",5.10,270.61,2.12
1598,539344065,"01598M09:45:25.455","01598 08:58:12",225.79,879.76,,,,"     ",5.10,270.48,2.12
1598,539344066,"01598M09:45:26.428","01598 08:58:13",225.73,879.75,,,,"     ",5.10,272.40,2.13
1598,539344067,"01598M09:45:27.401","01598 08:58:14",225.67,879.81,,,,"     ",5.10,272.10,2.13
1598,539344068,"01598M09:45:28.375","01598 08:58:15",225.62,879.74,,,,"     ",5.10,272.65,2.13
1598,539344069,"01598M09:45:29.348","01598 08:58:16",225.58,879.68,,,,"     ",5.10,270.37,2.11
1598,539344070,"01598M09:45:30.321","01598 08:58:17",225.54,879.74,,,,"     ",5.10,271.60,2.12
1598,539344071,"01598M09:45:31.294","01598 08:58:18",225.50,879.71,,,,"     ",5.10,272.29,2.13
1598,539344072,"01598M09:45:32.268","01598 08:58:19",225.47,879.78,,,,"     ",5.10,271.59,2.12
1598,539344073,"01598M09:45:33.241","01598 08:58:20",225.43,879.72,,,,"     ",5.10,274.94,2.15
1598,539344074,"01598M09:45:34.214","01598 08:58:21",225.38,879.71,,,,"     ",5.10,273.37,2.14
1598,539344075,"01598M09:45:35.187","01598 08:58:22",225.35,879.79,,,,"     ",5.10,272.39,2.13
1598,539344076,"01598M09:45:36.161","01598 08:58:23",225.32,879.68,,,,"     ",5.10,271.67,2.12
1598,539344077,"01598M09:45:37.134","01598 08:58:24",225.31,879.64,,,,"     ",5.10,268.89,2.10
1598,539344078,"01598M09:45:38.107","01598 08:58:25",225.31,879.65,,,,"     ",5.10,271.21,2.12
1598,539344079,"01598M09:45:39.081","01598 08:58:26",225.27,879.63,,,,"     ",5.10,271.61,2.12
1598,539344080,"01598M09:45:40.054","01598 08:58:27",225.27,879.68,,,,"     ",5.10,271.71,2.12
1598,539344081,"01598M09:45:41.027","01598 08:58:28",225.31,879.66,,,,"     ",5.10,272.17,2.13
1598,539344082,"01598M09:45:42.000","01598 08:58:28",225.38,879.69,,,,"     ",5.10,271.56,2.12
1598,539344083,"01598M09:45:42.974","01598 08:58:29",225.41,879.67,,,,"     ",5.10,271.64,2.12
1598,539344084,"01598M09:45:43.947","01598 08:58:30",225.45,879.73,,,,"     ",5.10,271.54,2.12
1598,539344085,"01598M09:45:44.920","01598 08:58:31",225.47,879.69,,,,"     ",5.10,271.48,2.12
1598,539344086,"01598M09:45:45.893","01598 08:58:32",225.47,879.67,,,,"     ",5.10,272.61,2.13
1598,539344087,"01598M09:45:46.867","01598 08:58:33",225.47,879.77,,,,"     ",5.10,270.99,2.12
1598,539344088,"01598M09:45:47.840","01598 08:58:34",225.46,879.77,,,,"     ",5.10,272.57,2.13
1598,539344089,"01598M09:45:48.813","01598 08:58:35",225.43,879.72,,,,"     ",5.10,274.81,2.15
1598,539344090,"01598M09:45:49.786","01598 08:58:36",225.40,879.78,,,,"     ",5.10,275.36,2.15
1598,539344091,"01598M09:45:50.760","01598 08:58:37",225.36,879.72,,,,"     ",5.10,272.94,2.13
1598,539344092,"01598M09:45:51.733","01598 08:58:38",225.31,879.72,,,,"     ",5.10,274.54,2.14
1598,539344093,"01598M09:45:52.706","01598 08:58:39",225.25,879.64,,,,"     ",5.10,274.24,2.14
1598,539344094,"01598M09:45:53.679","01598 08:58:40",225.18,879.68,,,,"     ",5.10,274.18,2.14
1598,539344095,"01598M09:45:54.653","01598 08:58:41",225.10,879.66,,,,"     ",5.10,274.56,2.14
1598,539344096,"01598M09:45:55.626","01598 08:58:42",225.01,879.74,,,,"     ",5.10,268.84,2.10
1598,539344097,"01598M09:45:56.599","01598 08:58:43",224.91,879.73,,,,"     ",5.10,271.04,2.11
1598,539344098,"01598M09:45:57.572","01598 08:58:44",225.35,879.70,,,,"     ",5.10,273.18,2.13
1598,539344099,"01598M09:45:58.546","01598 08:58:45",225.26,879.67,,,,"     ",5.10,273.72,2.13
1598,539344100,"01598M09:45:59.519","01598 08:58:46",225.19,879.54,,,,"     ",5.10,273.77,2.13
1598,539344101,"01598M09:46:00.492","01598 08:58:47",225.11,879.51,,,,"     ",5.10,275.19,2.14
1598,539344102,"01598M09:46:01.465","01598 08:58:48",225.05,879.59,,,,"     ",5.10,274.55,2.14
1598,539344103,"01598M09:46:02.439","01598 08:58:49",224.99,879.57,,,,"     ",5.10,272.64,2.12
1598,539344104,"01598M09:46:03.412","01598 08:58:50",224.94,879.52,,,,"     ",5.10,273.40,2.13
1598,539344105,"01598M09:46:04.385","01598 08:58:51",224.89,879.58,,,,"     ",5.10,276.14,2.15
1598,539344106,"01598M09:46:05.358","01598 08:58:52",224.84,879.60,,,,"     ",5.10,275.30,2.14
1598,539344107,"01598M09:46:06.332","01598 08:58:53",224.81,879.58,,,,"     ",5.10,273.13,2.12
1598,539344108,"01598M09:46:07.305","01598 08:58:54",224.78,879.61,,,,"     ",5.10,276.83,2.15
1598,539344109,"01598M09:46:08.278","01598 08:58:55",224.75,879.65,,,,"     ",5.10,274.43,2.13
1598,539344110,"01598M09:46:09.251","01598 08:58:56",224.73,879.60,,,,"     ",5.10,273.34,2.12
1598,539344111,"01598M09:46:10.225","01598 08:58:57",224.71,879.61,,,,"     ",5.10,274.31,2.13
1598,539344112,"01598M09:46:11.198","01598 08:58:58",224.70,879.58,,,,"     ",5.10,277.86,2.15
1598,539344113,"01598M09:46:12.171","01598 08:58:59",224.72,879.58,,,,"     ",5.10,276.47,2.14
1598,539344114,"01598M09:46:13.144","01598 08:59:00",224.74,879.55,,,,"     ",5.10,277.14,2.15
1598,539344115,"01598M09:46:14.118","01598 08:59:01",224.76,879.61,,,,"     ",5.10,272.54,2.11
1598,539344116,"01598M09:46:15.091","01598 08:59:02",224.78,879.59,,,,"     ",5.10,275.13,2.13
1598,539344117,"01598M09:46:16.064","01598 08:59:03",224.79,879.74,,,,"     ",5.10,274.64,2.12
1598,539344118,"01598M09:46:17.037","01598 08:59:04",224.81,879.73,,,,"     ",5.10,277.78,2.15
1598,539344119,"01598M09:46:18.011","01598 08:59:05",224.83,879.65,,,,"     ",5.10,277.93,2.15
1598,539344120,"01598M09:46:18.984","01598 08:59:05",224.85,879.61,,,,"     ",5.10,277.24,2.14
1598,539344121,"01598M09:46:19.957","01598 08:59:06",224.87,879.65,,,,"     ",5.10,279.05,2.15
1598,539344122,"01598M09:46:20.930","01598 08:59:07",224.87,879.56,,,,"     ",5.10,277.91,2.14
1598,539344123,"01598M09:46:21.904","01598 08:59:08",224.87,879.56,,,,"     ",5.10,277.00,2.13
1598,539344124,"01598M09:46:22.877","01598 08:59:09",224.85,879.56,,,,"     ",5.10,276.73,2.13
1598,539344125,"01598M09:46:23.850","01598 08:59:10",224.81,879.58,,,,"     ",5.10,278.28,2.14
1598,539344126,"01598M09:46:24.823","01598 08:59:11",224.77,879.55,,,,"     ",5.10,276.62,2.13
1598,539344127,"01598M09:46:25.797","01598 08:59:12",224.73,879.56,,,,"     ",5.10,276.71,2.13
1598,539344128,"01598M09:46:26.770","01598 08:59:13",224.69,879.62,,,,"     ",5.10,279.19,2.15
1598,539344129,"01598M09:46:27.743","01598 08:59:14",224.67,879.42,,,,"     ",5.10,280.85,2.16
1598,539344130,"01598M09:46:28.716","01598 08:59:15",224.65,879.51,,,,"     ",5.10,278.60,2.14
1598,539344131,"01598M09:46:29.690","01598 08:59:16",224.63,879.52,,,,"     ",5.10,278.88,2.14
1598,539344132,"01598M09:46:30.663","01598 08:59:17",224.61,879.52,,,,"     ",5.10,276.35,2.12
1598,539344133,"01598M09:46:31.636","01598 08:59:18",224.57,879.59,,,,"     ",5.10,278.65,2.14
1598,539344134,"01598M09:46:32.609","01598 08:59:19",224.55,879.57,,,,"     ",5.10,278.62,2.13
1598,539344135,"01598M09:46:33.583","01598 08:59:20",224.52,879.58,,,,"     ",5.10,280.35,2.15
1598,539344136,"01598M09:46:34.556","01598 08:59:21",224.49,879.53,,,,"     ",5.10,276.66,2.12
1598,539344137,"01598M09:46:35.529","01598 08:59:22",224.48,879.51,,,,"     ",5.10,279.34,2.14
1598,539344138,"01598M09:46:36.502","01598 08:59:23",224.48,879.50,,,,"     ",5.10,277.89,2.12
1598,539344139,"01598M09:46:37.476","01598 08:59:24",224.48,879.51,,,,"     ",5.10,277.47,2.12
1598,539344140,"01598M09:46:38.449","01598 08:59:25",224.48,879.57,,,,"     ",5.10,277.19,2.12
1598,539344141,"01598M09:46:39.422","01598 08:59:26",224.47,879.57,,,,"     ",5.10,279.04,2.13
1598,539344142,"01598M09:46:40.395","01598 08:59:27",224.46,879.56,,,,"     ",5.10,276.78,2.11
1598,539344143,"01598M09:46:41.369","01598 08:59:28",224.46,879.55,,,,"     ",5.10,278.69,2.13
1598,539344144,"01598M09:46:42.342","01598 08:59:29",224.46,879.53,,,,"     ",5.10,276.19,2.11
1598,539344145,"01598M09:46:43.315","01598 08:59:30",224.46,879.55,,,,"     ",5.10,276.61,2.11
1598,539344146,"01598M09:46:44.288","01598 08:59:31",224.45,879.47,,,,"     ",5.10,279.02,2.13
1598,539344147,"01598M09:46:45.262","01598 08:59:32",224.45,879.51,,,,"     ",5.10,276.89,2.11
1598,539344148,"01598M09:46:46.235","01598 08:59:33",224.43,879.47,,,,"     ",5.10,277.61,2.12
1598,539344149,"01598M09:46:47.208","01598 08:59:34",224.41,879.51,,,,"     ",5.10,275.67,2.10
1598,539344150,"01598M09:46:48.182","01598 08:59:35",224.38,879.43,,,,"     ",5.10,279.15,2.13
1598,539344151,"01598M09:46:49.155","01598 08:59:36",224.34,879.41,,,,"     ",5.10,281.59,2.15
1598,539344152,"01598M09:46:50.128","01598 08:59:37",224.30,879.43,,,,"     ",5.10,278.48,2.12
1598,539344153,"01598M09:46:51.101","01598 08:59:38",224.26,879.49,,,,"     ",5.10,279.42,2.13
1598,539344154,"01598M09:46:52.075","01598 08:59:39",224.24,879.54,,,,"     ",5.10,275.73,2.10
1598,539344155,"01598M09:46:53.048","01598 08:59:40",224.23,879.48,,,,"     ",5.10,276.18,2.10
1598,539344156,"01598M09:46:54.021","01598 08:59:41",224.22,879.47,,,,"     ",5.10,276.62,2.10
1598,539344157,"01598M09:46:54.994","01598 08:59:41",224.23,879.43,,,,"     ",5.10,278.37,2.12
1598,539344158,"01598M09:46:55.968","01598 08:59:42",224.25,879.49,,,,"     ",5.10,278.71,2.12
1598,539344159,"01598M09:46:56.941","01598 08:59:43",224.25,879.42,,,,"     ",5.10,279.16,2.12
1598,539344160,"01598M09:46:57.914","01598 08:59:44",224.27,879.40,,,,"     ",5.10,275.67,2.09
1598,539344161,"01598M09:46:58.887","01598 08:59:45",224.28,879.46,,,,"     ",5.10,277.68,2.11
1598,539344162,"01598M09:46:59.861","01598 08:59:46",224.29,879.45,,,,"     ",5.10,277.76,2.11
1598,539344163,"01598M09:47:00.834","01598 08:59:47",224.30,879.40,,,,"     ",5.10,278.73,2.12
1598,539344164,"01598M09:47:01.807","01598 08:59:48",224.30,879.39,,,,"     ",5.10,278.35,2.11
1598,539344165,"01598M09:47:02.780","01598 08:59:49",224.29,879.42,,,,"     ",5.10,274.88,2.09
1598,539344166,"01598M09:47:03.754","01598 08:59:50",224.28,879.45,,,,"     ",5.10,276.88,2.10
1598,539344167,"01598M09:47:04.727","01598 08:59:51",224.27,879.42,,,,"     ",5.10,277.86,2.11
1598,539344168,"01598M09:47:05.700","01598 08:59:52",224.26,879.43,,,,"     ",5.10,278.87,2.12
1598,539344169,"01598M09:47:06.673","01598 08:59:53",224.26,879.32,,,,"     ",5.10,277.21,2.10
1598,539344170,"01598M09:47:07.647","01598 08:59:54",224.26,879.32,,,,"     ",5.10,279.46,2.12
1598,539344171,"01598M09:47:08.620","01598 08:59:55",224.27,879.29,,,,"     ",5.10,280.11,2.13
1598,539344172,"01598M09:47:09.593","01598 08:59:56",224.30,879.37,,,,"     ",5.10,278.97,2.12
1598,539344173,"01598M09:47:10.566","01598 08:59:57",224.33,879.32,,,,"     ",5.10,278.13,2.11
1598,539344174,"01598M09:47:11.540","01598 08:59:58",224.37,879.33,,,,"     ",5.10,277.71,2.11
1598,539344175,"01598M09:47:12.513","01598 08:59:59",224.26,879.31,,,,"     ",5.10,278.64,2.11
1598,539344176,"01598M09:47:13.486","01598 09:00:00",224.14,879.38,,,,"     ",5.10,280.94,2.13
1598,539344177,"01598M09:47:14.459","01598 09:00:01",224.01,879.36,,,,"     ",5.10,279.46,2.12
1598,539344178,"01598M09:47:15.433","01598 09:00:02",223.88,879.43,,,,"     ",5.10,282.06,2.14
1598,539344179,"01598M09:47:16.406","01598 09:00:03",223.76,879.33,,,,"     ",5.10,278.28,2.11
1598,539344180,"01598M09:47:17.379","01598 09:00:04",223.63,879.46,,,,"     ",5.10,281.73,2.14
1598,539344181,"01598M09:47:18.352","01598 09:00:05",223.50,879.44,,,,"     ",5.10,279.68,2.12
1598,539344182,"01598M09:47:19.326","01598 09:00:06",223.38,879.42,,,,"     ",5.10,280.33,2.13
1598,539344183,"01598M09:47:20.299","01598 09:00:07",223.28,879.37,,,,"     ",5.10,275.26,2.09
1598,539344184,"01598M09:47:21.272","01598 09:00:08",223.20,879.36,,,,"     ",5.10,278.01,2.11
1598,539344185,"01598M09:47:22.245","01598 09:00:09",223.14,879.32,,,,"     ",5.10,280.03,2.12
1598,539344186,"01598M09:47:23.219","01598 09:00:10",223.11,879.34,,,,"     ",5.10,279.47,2.12
1598,539344187,"01598M09:47:24.192","01598 09:00:11",223.11,879.36,,,,"     ",5.10,276.66,2.10
1598,539344188,"01598M09:47:25.165","01598 09:00:12",223.13,879.30,,,,"     ",5.10,276.47,2.09
1598,539344189,"01598M09:47:26.138","01598 09:00:13",223.19,879.26,,,,"     ",5.10,278.12,2.11
1598,539344190,"01598M09:47:27.112","01598 09:00:14",223.26,879.36,,,,"     ",5.10,279.63,2.12
1598,539344191,"01598M09:47:28.085","01598 09:00:15",223.35,879.31,,,,"     ",5.10,277.76,2.10
1598,539344192,"01598M09:47:29.058","01598 09:00:16",223.41,879.37,,,,"     ",5.10,280.91,2.13
1598,539344193,"01598M09:47:30.031","01598 09:00:17",223.45,879.29,,,,"     ",5.10,281.42,2.13
1598,539344194,"01598M09:47:31.005","01598 09:00:17",223.45,879.30,,,,"     ",5.10,281.30,2.13
1598,539344195,"01598M09:47:31.978","01598 09:00:18",223.41,879.22,,,,"     ",5.10,278.30,2.11
1598,539344196,"01598M09:47:32.951","01598 09:00:19",223.33,879.30,,,,"     ",5.10,278.39,2.11
1598,539344197,"01598M09:47:33.924","01598 09:00:20",223.21,879.29,,,,"     ",5.10,278.30,2.11
1598,539344198,"01598M09:47:34.898","01598 09:00:21",223.07,879.32,,,,"     ",5.10,277.50,2.10
1598,539344199,"01598M09:47:35.871","01598 09:00:22",222.94,879.31,,,,"     ",5.10,280.62,2.12
1598,539344200,"01598M09:47:36.844","01598 09:00:23",222.82,879.29,,,,"     ",5.10,278.94,2.11
1598,539344201,"01598M09:47:37.817","01598 09:00:24",222.73,879.29,,,,"     ",5.10,277.36,2.10
1598,539344202,"01598M09:47:38.791","01598 09:00:25",222.68,879.25,,,,"     ",5.10,278.38,2.11
1598,539344203,"01598M09:47:39.764","01598 09:00:26",222.66,879.22,,,,"     ",5.10,280.59,2.12
1598,539344204,"01598M09:47:40.737","01598 09:00:27",222.68,879.21,,,,"     ",5.10,278.61,2.11
1598,539344205,"01598M09:47:41.710","01598 09:00:28",222.73,879.26,,,,"     ",5.10,279.62,2.11
1598,539344206,"01598M09:47:42.684","01598 09:00:29",222.82,879.28,,,,"     ",5.10,279.34,2.11
1598,539344207,"01598M09:47:43.657","01598 09:00:30",222.93,879.22,,,,"     ",5.10,279.75,2.11
1598,539344208,"01598M09:47:44.630","01598 09:00:31",223.08,879.26,,,,"     ",5.10,281.19,2.12
1598,539344209,"01598M09:47:45.603","01598 09:00:32",223.26,879.24,,,,"     ",5.10,279.23,2.11
1598,539344210,"01598M09:47:46.577","01598 09:00:33",223.45,879.23,,,,"     ",5.10,282.11,2.13
1598,539344211,"01598M09:47:47.550","01598 09:00:34",223.64,879.27,,,,"     ",5.10,280.70,2.12
1598,539344212,"01598M09:47:48.523","01598 09:00:35",223.81,879.26,,,,"     ",5.10,278.07,2.10
1598,539344213,"01598M09:47:49.496","01598 09:00:36",223.94,879.24,,,,"     ",5.10,281.76,2.13
1598,539344214,"01598M09:47:50.470","01598 09:00:37",224.05,879.23,,,,"     ",5.10,279.58,2.11
1598,539344215,"01598M09:47:51.443","01598 09:00:38",224.12,879.23,,,,"     ",5.10,279.16,2.11
1598,539344216,"01598M09:47:52.416","01598 09:00:39",224.17,879.29,,,,"     ",5.10,281.50,2.12
1598,539344217,"01598M09:47:53.389","01598 09:00:40",224.22,879.26,,,,"     ",5.10,279.68,2.11
1598,539344218,"01598M09:47:54.363","01598 09:00:41",224.25,879.19,,,,"     ",5.10,281.65,2.12
1598,539344219,"01598M09:47:55.336","01598 09:00:42",224.29,879.21,,,,"     ",5.10,280.86,2.12
1598,539344220,"01598M09:47:56.309","01598 09:00:43",224.31,879.21,,,,"     ",5.10,281.13,2.12
1598,539344221,"01598M09:47:57.283","01598 09:00:44",224.31,879.25,,,,"     ",5.10,282.23,2.12
1598,539344222,"01598M09:47:58.256","01598 09:00:45",224.26,879.25,,,,"     ",5.10,280.72,2.11
1598,539344223,"01598M09:47:59.229","01598 09:00:46",224.17,879.21,,,,"     ",5.10,280.66,2.11
1598,539344224,"01598M09:48:00.202","01598 09:00:47",224.07,879.16,,,,"     ",5.10,281.27,2.12
1598,539344225,"01598M09:48:01.176","01598 09:00:48",223.96,879.10,,,,"     ",5.10,280.88,2.11
1598,539344226,"01598M09:48:02.149","01598 09:00:49",223.86,879.17,,,,"     ",5.10,280.40,2.11
1598,539344227,"01598M09:48:03.122","01598 09:00:50",223.75,879.10,,,,"     ",5.10,280.77,2.11
1598,539344228,"01598M09:48:04.095","01598 09:00:51",223.63,879.14,,,,"     ",5.10,278.99,2.10
1598,539344229,"01598M09:48:05.069","01598 09:00:52",223.49,879.09,,,,"     ",5.10,282.36,2.12
1598,539344230,"01598M09:48:06.042","01598 09:00:53",223.35,879.10,,,,"     ",5.10,282.27,2.12
1598,539344231,"01598M09:48:07.015","01598 09:00:53",223.22,879.04,,,,"     ",5.10,283.66,2.13
1598,539344232,"01598M09:48:07.988","01598 09:00:54",223.13,879.13,,,,"     ",5.10,281.08,2.11
1598,539344233,"01598M09:48:08.962","01598 09:00:55",223.11,879.14,,,,"     ",5.10,281.21,2.11
1598,539344234,"01598M09:48:09.935","01598 09:00:56",223.16,879.16,,,,"     ",5.10,281.59,2.11
1598,539344235,"01598M09:48:10.908","01598 09:00:57",223.25,879.13,,,,"     ",5.10,282.51,2.12
1598,539344236,"01598M09:48:11.881","01598 09:00:58",223.35,879.07,,,,"     ",5.10,282.08,2.11
1598,539344237,"01598M09:48:12.855","01598 09:00:59",223.46,879.05,,,,"     ",5.10,281.88,2.11
1598,539344238,"01598M09:48:13.828","01598 09:01:00",223.54,879.05,,,,"     ",5.10,281.53,2.11
1598,539344239,"01598M09:48:14.801","01598 09:01:01",223.60,879.09,,,,"     ",5.10,281.94,2.11
1598,539344240,"01598M09:48:15.774","01598 09:01:02",223.63,879.12,,,,"     ",5.10,281.62,2.11
1598,539344241,"01598M09:48:16.748","01598 09:01:03",223.62,879.18,,,,"     ",5.10,281.82,2.11
1598,539344242,"01598M09:48:17.721","01598 09:01:04",223.60,879.11,,,,"     ",5.10,280.28,2.10
1598,539344243,"01598M09:48:18.694","01598 09:01:05",223.58,879.13,,,,"     ",5.10,281.08,2.10
1598,539344244,"01598M09:48:19.667","01598 09:01:06",223.55,879.18,,,,"     ",5.10,282.14,2.11
1598,539344245,"01598M09:48:20.641","01598 09:01:07",223.49,879.13,,,,"     ",5.10,282.00,2.11
1598,539344246,"01598M09:48:21.614","01598 09:01:08",223.40,879.03,,,,"     ",5.10,280.93,2.10
1598,539344247,"01598M09:48:22.587","01598 09:01:09",223.27,879.06,,,,"     ",5.10,281.43,2.10
1598,539344248,"01598M09:48:23.560","01598 09:01:10",223.12,879.00,,,,"     ",5.10,282.54,2.11
1598,539344249,"01598M09:48:24.534","01598 09:01:11",222.98,878.96,,,,"     ",5.10,282.66,2.11
1598,539344250,"01598M09:48:25.507","01598 09:01:12",222.89,879.02,,,,"     ",5.10,283.00,2.12
1598,539344251,"01598M09:48:26.480","01598 09:01:13",222.87,879.00,,,,"     ",5.10,278.87,2.08
1598,539344252,"01598M09:48:27.453","01598 09:01:14",222.89,879.05,,,,"     ",5.10,284.07,2.12
1598,539344253,"01598M09:48:28.427","01598 09:01:15",222.93,879.05,,,,"     ",5.10,284.07,2.12
1598,539344254,"01598M09:48:29.400","01598 09:01:16",222.94,878.98,,,,"     ",5.10,282.63,2.11
1598,539344255,"01598M09:48:30.373","01598 09:01:17",222.91,878.98,,,,"     ",5.10,281.68,2.10
1598,539344256,"01598M09:48:31.346","01598 09:01:18",222.87,878.97,,,,"     ",5.10,279.99,2.09
1598,539344257,"01598M09:48:32.320","01598 09:01:19",222.81,878.94,,,,"     ",5.10,281.55,2.10
1598,539344258,"01598M09:48:33.293","01598 09:01:20",222.75,878.96,,,,"     ",5.10,280.37,2.09
1598,539344259,"01598M09:48:34.266","01598 09:01:21",222.71,879.06,,,,"     ",5.10,283.13,2.11
1598,539344260,"01598M09:48:35.239","01598 09:01:22",222.65,878.99,,,,"     ",5.10,284.22,2.12
1598,539344261,"01598M09:48:36.213","01598 09:01:23",222.61,878.98,,,,"     ",5.10,279.64,2.09
1598,539344262,"01598M09:48:37.186","01598 09:01:24",222.58,879.01,,,,"     ",5.10,280.01,2.09
1598,539344263,"01598M09:48:38.159","01598 09:01:25",222.57,878.99,,,,"     ",5.10,280.79,2.09
1598,539344264,"01598M09:48:39.132","01598 09:01:26",222.57,878.98,,,,"     ",5.10,281.08,2.10
1598,539344265,"01598M09:48:40.106","01598 09:01:27",222.61,878.95,,,,"     ",5.10,283.69,2.12
1598,539344266,"01598M09:48:41.079","01598 09:01:28",222.66,878.95,,,,"     ",5.10,282.05,2.10
1598,539344267,"01598M09:48:42.052","01598 09:01:29",222.74,878.92,,,,"     ",5.10,281.77,2.10
1598,539344268,"01598M09:48:43.025","01598 09:01:29",222.86,878.90,,,,"     ",5.10,280.77,2.09
1598,539344269,"01598M09:48:43.999","01598 09:01:30",223.00,878.76,,,,"     ",5.10,283.03,2.11
1598,539344270,"01598M09:48:44.972","01598 09:01:31",223.15,878.69,,,,"     ",5.10,282.73,2.11
1598,539344271,"01598M09:48:45.945","01598 09:01:32",223.32,878.82,,,,"     ",5.10,283.11,2.11
1598,539344272,"01598M09:48:46.918","01598 09:01:33",223.49,878.88,,,,"     ",5.10,282.76,2.11
1598,539344273,"01598M09:48:47.892","01598 09:01:34",223.65,878.90,,,,"     ",5.10,285.61,2.13
1598,539344274,"01598M09:48:48.865","01598 09:01:35",223.79,878.91,,,,"     ",5.10,283.15,2.11
1598,539344275,"01598M09:48:49.838","01598 09:01:36",223.90,878.87,,,,"     ",5.10,284.59,2.12
1598,539344276,"01598M09:48:50.811","01598 09:01:37",224.00,879.00,,,,"     ",5.10,283.25,2.11
1598,539344277,"01598M09:48:51.785","01598 09:01:38",224.08,879.00,,,,"     ",5.10,283.06,2.11
1598,539344278,"01598M09:48:52.758","01598 09:01:39",224.14,878.88,,,,"     ",5.10,280.68,2.09
1598,539344279,"01598M09:48:53.731","01598 09:01:40",224.15,878.86,,,,"     ",5.10,283.74,2.11
1598,539344280,"01598M09:48:54.704","01598 09:01:41",224.16,878.91,,,,"     ",5.10,286.01,2.13
1598,539344281,"01598M09:48:55.678","01598 09:01:42",224.17,878.90,,,,"     ",5.10,281.58,2.09
1598,539344282,"01598M09:48:56.651","01598 09:01:43",224.18,878.87,,,,"     ",5.10,286.36,2.13
1598,539344283,"01598M09:48:57.624","01598 09:01:44",224.20,878.86,,,,"     ",5.10,282.72,2.10
1598,539344284,"01598M09:48:58.597","01598 09:01:45",224.22,878.92,,,,"     ",5.10,284.46,2.11
1598,539344285,"01598M09:48:59.571","01598 09:01:46",224.23,878.96,,,,"     ",5.10,283.80,2.11
1598,539344286,"01598M09:49:00.544","01598 09:01:47",224.22,878.86,,,,"     ",5.10,285.00,2.11
1598,539344287,"01598M09:49:01.517","01598 09:01:48",224.20,878.91,,,,"     ",5.10,282.38,2.09
1598,539344288,"01598M09:49:02.490","01598 09:01:49",224.16,878.89,,,,"     ",5.10,283.20,2.10
1598,539344289,"01598M09:49:03.464","01598 09:01:50",224.10,878.84,,,,"     ",5.10,284.24,2.11
1598,539344290,"01598M09:49:04.437","01598 09:01:51",224.02,878.82,,,,"     ",5.10,283.21,2.10
1598,539344291,"01598M09:49:05.410","01598 09:01:52",223.91,878.92,,,,"     ",5.10,285.79,2.12
1598,539344292,"01598M09:49:06.383","01598 09:01:53",223.78,878.79,,,,"     ",5.10,285.74,2.11
1598,539344293,"01598M09:49:07.357","01598 09:01:54",223.64,878.78,,,,"     ",5.10,286.82,2.12
1598,539344294,"01598M09:49:08.330","01598 09:01:55",223.49,878.83,,,,"     ",5.10,283.82,2.10
1598,539344295,"01598M09:49:09.303","01598 09:01:56",223.34,878.87,,,,"     ",5.10,283.63,2.10
1598,539344296,"01598M09:49:10.277","01598 09:01:57",223.19,878.84,,,,"     ",5.10,283.34,2.09
1598,539344297,"01598M09:49:11.250","01598 09:01:58",223.06,878.94,,,,"     ",5.10,280.17,2.07
1598,539344298,"01598M09:49:12.223","01598 09:01:59",222.95,878.85,,,,"     ",5.10,286.01,2.11
1598,539344299,"01598M09:49:13.196","01598 09:02:00",222.85,878.87,,,,"     ",5.10,281.82,2.08
1598,539344300,"01598M09:49:14.170","01598 09:02:01",222.78,878.86,,,,"     ",5.10,281.97,2.08
1598,539344301,"01598M09:49:15.143","01598 09:02:02",222.72,878.91,,,,"     ",5.10,283.27,2.09
1598,539344302,"01598M09:49:16.116","01598 09:02:03",222.69,878.81,,,,"     ",5.10,284.81,2.10
1598,539344303,"01598M09:49:17.089","01598 09:02:04",222.66,878.83,,,,"     ",5.10,286.91,2.12
1598,539344304,"01598M09:49:18.063","01598 09:02:05",222.64,878.84,,,,"     ",5.10,285.38,2.11
1598,539344305,"01598M09:49:19.036","01598 09:02:05",222.61,878.76,,,,"     ",5.10,282.30,2.08
1598,539344306,"01598M09:49:20.009","01598 09:02:06",222.57,878.82,,,,"     ",5.10,285.06,2.10
1598,539344307,"01598M09:49:20.982","01598 09:02:07",222.52,878.85,,,,"     ",5.10,283.97,2.10
1598,539344308,"01598M09:49:21.956","01598 09:02:08",222.47,878.83,,,,"     ",5.10,283.81,2.09
1598,539344309,"01598M09:49:22.929","01598 09:02:09",222.42,878.80,,,,"     ",5.10,285.04,2.10
1598,539344310,"01598M09:49:23.902","01598 09:02:10",222.39,878.79,,,,"     ",5.10,281.96,2.08
1598,539344311,"01598M09:49:24.875","01598 09:02:11",222.36,878.85,,,,"     ",5.10,283.67,2.09
1598,539344312,"01598M09:49:25.849","01598 09:02:12",222.33,878.73,,,,"     ",5.10,282.68,2.09
1598,539344313,"01598M09:49:26.822","01598 09:02:13",222.30,878.84,,,,"     ",5.10,285.00,2.10
1598,539344314,"01598M09:49:27.795","01598 09:02:14",222.29,878.80,,,,"     ",5.10,287.29,2.12
1598,539344315,"01598M09:49:28.768","01598 09:02:15",222.28,878.83,,,,"     ",5.10,283.08,2.09
1598,539344316,"01598M09:49:29.742","01598 09:02:16",222.28,878.77,,,,"     ",5.10,283.10,2.09
1598,539344317,"01598M09:49:30.715","01598 09:02:17",222.28,878.97,,,,"     ",5.10,282.36,2.08
1598,539344318,"01598M09:49:31.688","01598 09:02:18",222.29,878.89,,,,"     ",5.10,283.10,2.09
1598,539344319,"01598M09:49:32.661","01598 09:02:19",222.28,878.89,,,,"     ",5.10,282.23,2.08
1598,539344320,"01598M09:49:33.635","01598 09:02:20",222.26,878.84,,,,"     ",5.10,282.10,2.08
1598,539344321,"01598M09:49:34.608","01598 09:02:21",222.20,878.90,,,,"     ",5.10,282.71,2.09
1598,539344322,"01598M09:49:35.581","01598 09:02:22",222.12,878.87,,,,"     ",5.10,282.16,2.08
1598,539344323,"01598M09:49:36.554","01598 09:02:23",222.02,878.80,,,,"     ",5.10,281.12,2.07
1598,539344324,"01598M09:49:37.528","01598 09:02:24",221.95,878.81,,,,"     ",5.10,284.75,2.10
1598,539344325,"01598M09:49:38.501","01598 09:02:25",221.89,878.79,,,,"     ",5.10,284.57,2.10
1598,539344326,"01598M09:49:39.474","01598 09:02:26",221.87,878.71,,,,"     ",5.10,285.18,2.10
1598,539344327,"01598M09:49:40.447","01598 09:02:27",221.90,878.83,,,,"     ",5.10,283.68,2.09
1598,539344328,"01598M09:49:41.421","01598 09:02:28",221.96,878.94,,,,"     ",5.10,283.75,2.09
1598,539344329,"01598M09:49:42.394","01598 09:02:29",222.06,878.82,,,,"     ",5.10,285.63,2.11
1598,539344330,"01598M09:49:43.367","01598 09:02:30",222.16,878.82,,,,"     ",5.10,285.97,2.11
1598,539344331,"01598M09:49:44.340","01598 09:02:31",222.26,878.84,,,,"     ",5.10,286.91,2.12
1598,539344332,"01598M09:49:45.314","01598 09:02:32",222.39,878.81,,,,"     ",5.10,286.25,2.11
1598,539344333,"01598M09:49:46.287","01598 09:02:33",222.54,878.70,,,,"     ",5.10,286.47,2.11
1598,539344334,"01598M09:49:47.260","01598 09:02:34",222.73,878.71,,,,"     ",5.10,285.17,2.10
1598,539344335,"01598M09:49:48.233","01598 09:02:35",222.95,878.73,,,,"     ",5.10,283.54,2.09
1598,539344336,"01598M09:49:49.207","01598 09:02:36",223.16,878.77,,,,"     ",5.10,285.45,2.10
1598,539344337,"01598M09:49:50.180","01598 09:02:37",223.33,878.74,,,,"     ",5.10,283.53,2.09
1598,539344338,"01598M09:49:51.153","01598 09:02:38",223.44,878.75,,,,"     ",5.10,285.68,2.10
1598,539344339,"01598M09:49:52.126","01598 09:02:39",223.50,878.73,,,,"     ",5.10,282.69,2.08
1598,539344340,"01598M09:49:53.100","01598 09:02:40",223.52,878.80,,,,"     ",5.10,284.56,2.09
1598,539344341,"01598M09:49:54.073","01598 09:02:41",223.53,878.81,,,,"     ",5.10,284.86,2.10
1598,539344342,"01598M09:49:55.046","01598 09:02:41",223.54,878.70,,,,"     ",5.10,285.31,2.10
1598,539344343,"01598M09:49:56.019","01598 09:02:42",223.56,878.79,,,,"     ",5.10,284.73,2.09
1598,539344344,"01598M09:49:56.993","01598 09:02:43",223.60,878.78,,,,"     ",5.10,283.85,2.09
1598,539344345,"01598M09:49:57.966","01598 09:02:44",223.67,878.78,,,,"     ",5.10,286.60,2.11
1598,539344346,"01598M09:49:58.939","01598 09:02:45",223.74,878.76,,,,"     ",5.10,285.30,2.10
1598,539344347,"01598M09:49:59.912","01598 09:02:46",223.81,878.76,,,,"     ",5.10,288.34,2.12
1598,539344348,"01598M09:50:00.886","01598 09:02:47",223.87,878.69,,,,"     ",5.10,285.59,2.10
1598,539344349,"01598M09:50:01.859","01598 09:02:48",223.94,878.77,,,,"     ",5.10,285.31,2.09
1598,539344350,"01598M09:50:02.832","01598 09:02:49",224.00,878.70,,,,"     ",5.10,288.27,2.11
1598,539344351,"01598M09:50:03.805","01598 09:02:50",224.09,878.69,,,,"     ",5.10,286.96,2.10
1598,539344352,"01598M09:50:04.779","01598 09:02:51",224.21,878.69,,,,"     ",5.10,287.43,2.11
1598,539344353,"01598M09:50:05.752","01598 09:02:52",224.36,878.74,,,,"     ",5.10,287.48,2.11
1598,539344354,"01598M09:50:06.725","01598 09:02:53",224.53,878.73,,,,"     ",5.10,287.22,2.10
1598,539344355,"01598M09:50:07.698","01598 09:02:54",224.59,878.73,,,,"     ",5.10,285.45,2.09
1598,539344356,"01598M09:50:08.672","01598 09:02:55",224.59,878.70,,,,"     ",5.10,288.78,2.11
1598,539344357,"01598M09:50:09.645","01598 09:02:56",224.62,878.78,,,,"     ",5.10,286.07,2.09
1598,539344358,"01598M09:50:10.618","01598 09:02:57",224.66,878.71,,,,"     ",5.10,287.34,2.10
1598,539344359,"01598M09:50:11.591","01598 09:02:58",224.73,878.69,,,,"     ",5.10,286.77,2.09
1598,539344360,"01598M09:50:12.565","01598 09:02:59",224.80,878.75,,,,"     ",5.10,286.84,2.09
1598,539344361,"01598M09:50:13.538","01598 09:03:00",224.87,878.69,,,,"     ",5.10,287.91,2.10
1598,539344362,"01598M09:50:14.511","01598 09:03:01",224.94,878.71,,,,"     ",5.10,288.61,2.10
1598,539344363,"01598M09:50:15.484","01598 09:03:02",225.01,878.77,,,,"     ",5.10,290.16,2.11
1598,539344364,"01598M09:50:16.458","01598 09:03:03",225.07,878.77,,,,"     ",5.10,287.65,2.09
1598,539344365,"01598M09:50:17.431","01598 09:03:04",225.13,878.79,,,,"     ",5.10,289.41,2.11
1598,539344366,"01598M09:50:18.404","01598 09:03:05",225.19,878.77,,,,"     ",5.10,287.18,2.09
1598,539344367,"01598M09:50:19.378","01598 09:03:06",225.24,878.81,,,,"     ",5.10,288.47,2.10
1598,539344368,"01598M09:50:20.351","01598 09:03:07",225.27,878.76,,,,"     ",5.10,289.66,2.10
1598,539344369,"01598M09:50:21.324","01598 09:03:08",225.30,878.77,,,,"     ",5.10,288.98,2.10
1598,539344370,"01598M09:50:22.297","01598 09:03:09",225.32,878.72,,,,"     ",5.10,290.89,2.11
1598,539344371,"01598M09:50:23.271","01598 09:03:10",225.33,878.64,,,,"     ",5.10,289.27,2.10
1598,539344372,"01598M09:50:24.244","01598 09:03:11",225.36,878.67,,,,"     ",5.10,289.36,2.09
1598,539344373,"01598M09:50:25.217","01598 09:03:12",225.38,878.69,,,,"     ",5.10,293.15,2.12
1598,539344374,"01598M09:50:26.190","01598 09:03:13",225.41,878.66,,,,"     ",5.10,288.54,2.09
1598,539344375,"01598M09:50:27.164","01598 09:03:14",225.44,878.55,,,,"     ",5.10,288.97,2.09
1598,539344376,"01598M09:50:28.137","01598 09:03:15",225.45,878.61,,,,"     ",5.10,290.32,2.10
1598,539344377,"01598M09:50:29.110","01598 09:03:16",225.46,878.64,,,,"     ",5.10,288.74,2.08
1598,539344378,"01598M09:50:30.083","01598 09:03:17",225.45,878.63,,,,"     ",5.10,288.36,2.08
1598,539344379,"01598M09:50:31.057","01598 09:03:18",225.43,878.65,,,,"     ",5.10,291.59,2.10
1598,539344380,"01598M09:50:32.030","01598 09:03:18",225.39,878.68,,,,"     ",5.10,289.73,2.09
1598,539344381,"01598M09:50:33.003","01598 09:03:19",225.35,878.67,,,,"     ",5.10,290.52,2.09
1598,539344382,"01598M09:50:33.976","01598 09:03:20",225.30,878.54,,,,"     ",5.10,290.27,2.09
1598,539344383,"01598M09:50:34.950","01598 09:03:21",225.24,878.55,,,,"     ",5.10,287.05,2.06
1598,539344384,"01598M09:50:35.923","01598 09:03:22",225.17,878.48,,,,"     ",5.10,292.31,2.10
1598,539344385,"01598M09:50:36.896","01598 09:03:23",225.09,878.45,,,,"     ",5.10,293.48,2.11
1598,539344386,"01598M09:50:37.869","01598 09:03:24",225.01,878.51,,,,"     ",5.10,290.46,2.09
1598,539344387,"01598M09:50:38.843","01598 09:03:25",224.93,878.56,,,,"     ",5.10,291.55,2.09
1598,539344388,"01598M09:50:39.816","01598 09:03:26",224.86,878.56,,,,"     ",5.10,292.46,2.10
1598,539344389,"01598M09:50:40.789","01598 09:03:27",224.81,878.57,,,,"     ",5.10,287.84,2.06
1598,539344390,"01598M09:50:41.762","01598 09:03:28",224.79,878.64,,,,"     ",5.10,290.68,2.08
1598,539344391,"01598M09:50:42.736","01598 09:03:29",224.79,878.62,,,,"     ",5.10,288.58,2.07
1598,539344392,"01598M09:50:43.709","01598 09:03:30",224.80,878.62,,,,"     ",5.10,290.87,2.08
1598,539344393,"01598M09:50:44.682","01598 09:03:31",224.81,878.63,,,,"     ",5.10,289.68,2.08
1598,539344394,"01598M09:50:45.655","01598 09:03:32",224.81,878.58,,,,"     ",5.10,292.21,2.09
1598,539344395,"01598M09:50:46.629","01598 09:03:33",224.81,878.53,,,,"     ",5.10,289.62,2.07
1598,539344396,"01598M09:50:47.602","01598 09:03:34",224.81,878.59,,,,"     ",5.10,289.08,2.07
1598,539344397,"01598M09:50:48.575","01598 09:03:35",224.81,878.53,,,,"     ",5.10,289.19,2.07
1598,539344398,"01598M09:50:49.548","01598 09:03:36",224.80,878.47,,,,"     ",5.10,289.18,2.07
1598,539344399,"01598M09:50:50.522","01598 09:03:37",224.80,878.47,,,,"     ",5.10,290.33,2.08
1598,539344400,"01598M09:50:51.495","01598 09:03:38",224.80,878.40,,,,"     ",5.10,289.23,2.07
1598,539344401,"01598M09:50:52.468","01598 09:03:39",224.80,878.41,,,,"     ",5.10,289.78,2.07
1598,539344402,"01598M09:50:53.441","01598 09:03:40",224.79,878.44,,,,"     ",5.10,289.56,2.07
1598,539344403,"01598M09:50:54.415","01598 09:03:41",224.79,878.41,,,,"     ",5.10,290.17,2.07
1598,539344404,"01598M09:50:55.388","01598 09:03:42",224.78,878.46,,,,"     ",5.10,291.18,2.08
1598,539344405,"01598M09:50:56.361","01598 09:03:43",224.77,878.45,,,,"     ",5.10,292.87,2.09
1598,539344406,"01598M09:50:57.334","01598 09:03:44",224.63,878.49,,,,"     ",5.10,290.77,2.08
1598,539344407,"01598M09:50:58.308","01598 09:03:45",224.79,878.51,,,,"     ",5.10,290.86,2.07
1598,539344408,"01598M09:50:59.281","01598 09:03:46",224.93,878.57,,,,"     ",5.10,292.60,2.09
1598,539344409,"01598M09:51:00.254","01598 09:03:47",225.06,878.54,,,,"     ",5.10,290.31,2.07
1598,539344410,"01598M09:51:01.227","01598 09:03:48",225.17,878.49,,,,"     ",5.10,292.64,2.08
1598,539344411,"01598M09:51:02.201","01598 09:03:49",225.26,878.57,,,,"     ",5.10,292.65,2.09
1598,539344412,"01598M09:51:03.174","01598 09:03:50",225.34,878.46,,,,"     ",5.10,291.94,2.08
1598,539344413,"01598M09:51:04.147","01598 09:03:51",225.41,878.44,,,,"     ",5.10,291.47,2.07
1598,539344414,"01598M09:51:05.120","01598 09:03:52",225.46,878.46,,,,"     ",5.10,291.06,2.07
1598,539344415,"01598M09:51:06.094","01598 09:03:53",225.50,878.47,,,,"     ",5.10,292.05,2.08
1598,539344416,"01598M09:51:07.067","01598 09:03:54",225.52,878.53,,,,"     ",5.10,290.13,2.06
1598,539344417,"01598M09:51:08.040","01598 09:03:54",225.52,878.56,,,,"     ",5.10,290.57,2.06
1598,539344418,"01598M09:51:09.013","01598 09:03:55",225.51,878.49,,,,"     ",5.10,289.91,2.06
1598,539344419,"01598M09:51:09.987","01598 09:03:56",225.47,878.48,,,,"     ",5.10,292.07,2.07
1598,539344420,"01598M09:51:10.960","01598 09:03:57",225.42,878.55,,,,"     ",5.10,289.54,2.05
1598,539344421,"01598M09:51:11.933","01598 09:03:58",225.37,878.55,,,,"     ",5.10,293.34,2.08
1598,539344422,"01598M09:51:12.906","01598 09:03:59",225.31,878.53,,,,"     ",5.10,293.69,2.08
1598,539344423,"01598M09:51:13.880","01598 09:04:00",225.26,878.51,,,,"     ",5.10,291.19,2.06
1598,539344424,"01598M09:51:14.853","01598 09:04:01",225.21,878.53,,,,"     ",5.10,294.95,2.09
1598,539344425,"01598M09:51:15.826","01598 09:04:02",225.17,878.62,,,,"     ",5.10,294.95,2.09
1598,539344426,"01598M09:51:16.799","01598 09:04:03",225.13,878.65,,,,"     ",5.10,292.54,2.07
1598,539344427,"01598M09:51:17.773","01598 09:04:04",225.08,878.65,,,,"     ",5.10,292.23,2.07
1598,539344428,"01598M09:51:18.746","01598 09:04:05",225.04,878.48,,,,"     ",5.10,292.34,2.07
1598,539344429,"01598M09:51:19.719","01598 09:04:06",225.00,878.47,,,,"     ",5.10,294.05,2.08
1598,539344430,"01598M09:51:20.692","01598 09:04:07",224.96,878.40,,,,"     ",5.10,291.82,2.06
1598,539344431,"01598M09:51:21.666","01598 09:04:08",224.95,878.49,,,,"     ",5.10,292.80,2.07
1598,539344432,"01598M09:51:22.639","01598 09:04:09",224.94,878.45,,,,"     ",5.10,293.23,2.07
1598,539344433,"01598M09:51:23.612","01598 09:04:10",224.95,878.39,,,,"     ",5.10,288.77,2.04
1598,539344434,"01598M09:51:24.585","01598 09:04:11",224.96,878.45,,,,"     ",5.10,292.90,2.07
1598,539344435,"01598M09:51:25.559","01598 09:04:12",224.98,878.38,,,,"     ",5.10,291.53,2.06
1598,539344436,"01598M09:51:26.532","01598 09:04:13",224.99,878.59,,,,"     ",5.10,291.49,2.06
1598,539344437,"01598M09:51:27.505","01598 09:04:14",225.01,878.54,,,,"     ",5.10,292.84,2.07
1598,539344438,"01598M09:51:28.479","01598 09:04:15",225.01,878.48,,,,"     ",5.10,291.18,2.05
1598,539344439,"01598M09:51:29.452","01598 09:04:16",225.02,878.43,,,,"     ",5.10,295.21,2.08
1598,539344440,"01598M09:51:30.425","01598 09:04:17",225.02,878.43,,,,"     ",5.10,293.81,2.07
1598,539344441,"01598M09:51:31.398","01598 09:04:18",225.02,878.38,,,,"     ",5.10,292.30,2.06
1598,539344442,"01598M09:51:32.372","01598 09:04:19",225.02,878.44,,,,"     ",5.10,294.99,2.08
1598,539344443,"01598M09:51:33.345","01598 09:04:20",225.02,878.43,,,,"     ",5.10,290.97,2.05
1598,539344444,"01598M09:51:34.318","01598 09:04:21",225.02,878.32,,,,"     ",5.10,295.32,2.08
1598,539344445,"01598M09:51:35.291","01598 09:04:22",225.03,878.39,,,,"     ",5.10,294.04,2.07
1598,539344446,"01598M09:51:36.265","01598 09:04:23",225.04,878.40,,,,"     ",5.10,295.17,2.08
1598,539344447,"01598M09:51:37.238","01598 09:04:24",225.05,878.38,,,,"     ",5.10,291.98,2.05
1598,539344448,"01598M09:51:38.211","01598 09:04:25",225.07,878.40,,,,"     ",5.10,294.98,2.07
1598,539344449,"01598M09:51:39.184","01598 09:04:26",225.09,878.42,,,,"     ",5.10,296.77,2.08
1598,539344450,"01598M09:51:40.158","01598 09:04:27",225.10,878.36,,,,"     ",5.10,293.93,2.06
1598,539344451,"01598M09:51:41.131","01598 09:04:28",225.11,878.46,,,,"     ",5.10,294.59,2.07
1598,539344452,"01598M09:51:42.104","01598 09:04:29",225.12,878.30,,,,"     ",5.10,296.61,2.08
1598,539344453,"01598M09:51:43.077","01598 09:04:30",225.12,878.43,,,,"     ",5.10,296.97,2.08
1598,539344454,"01598M09:51:44.051","01598 09:04:30",225.11,878.33,,,,"     ",5.10,298.13,2.09
1598,539344455,"01598M09:51:45.024","01598 09:04:31",225.09,878.31,,,,"     ",5.10,295.99,2.07
1598,539344456,"01598M09:51:45.997","01598 09:04:32",225.06,878.32,,,,"     ",5.10,294.78,2.06
1598,539344457,"01598M09:51:46.970","01598 09:04:33",225.03,878.34,,,,"     ",5.10,296.56,2.07
1598,539344458,"01598M09:51:47.944","01598 09:04:34",224.99,878.34,,,,"     ",5.10,296.79,2.07
1598,539344459,"01598M09:51:48.917","01598 09:04:35",224.96,878.35,,,,"     ",5.10,297.69,2.08
1598,539344460,"01598M09:51:49.890","01598 09:04:36",224.93,878.33,,,,"     ",5.10,299.85,2.09
1598,539344461,"01598M09:51:50.863","01598 09:04:37",224.91,878.42,,,,"     ",5.10,296.89,2.07
1598,539344462,"01598M09:51:51.837","01598 09:04:38",224.90,878.25,,,,"     ",5.10,297.93,2.08
1598,539344463,"01598M09:51:52.810","01598 09:04:39",224.90,878.33,,,,"     ",5.10,295.79,2.06
1598,539344464,"01598M09:51:53.783","01598 09:04:40",224.91,878.31,,,,"     ",5.10,295.97,2.06
1598,539344465,"01598M09:51:54.756","01598 09:04:41",224.92,878.32,,,,"     ",5.10,293.42,2.04
1598,539344466,"01598M09:51:55.730","01598 09:04:42",224.94,878.33,,,,"     ",5.10,295.69,2.06
1598,539344467,"01598M09:51:56.703","01598 09:04:43",224.97,878.23,,,,"     ",5.10,295.12,2.05
1598,539344468,"01598M09:51:57.676","01598 09:04:44",224.98,878.28,,,,"     ",5.10,296.26,2.06
1598,539344469,"01598M09:51:58.649","01598 09:04:45",224.99,878.26,,,,"     ",5.10,294.44,2.05
1598,539344470,"01598M09:51:59.623","01598 09:04:46",225.00,878.31,,,,"     ",5.10,295.28,2.05
1598,539344471,"01598M09:52:00.596","01598 09:04:47",225.00,878.25,,,,"     ",5.10,295.05,2.05
1598,539344472,"01598M09:52:01.569","01598 09:04:48",225.00,878.21,,,,"     ",5.10,293.89,2.04
1598,539344473,"01598M09:52:02.542","01598 09:04:49",225.01,878.21,,,,"     ",5.10,296.11,2.06
1598,539344474,"01598M09:52:03.516","01598 09:04:50",225.02,878.30,,,,"     ",5.10,296.22,2.06
1598,539344475,"01598M09:52:04.489","01598 09:04:51",225.03,878.21,,,,"     ",5.10,294.23,2.04
1598,539344476,"01598M09:52:05.462","01598 09:04:52",225.05,878.26,,,,"     ",5.10,297.08,2.06
1598,539344477,"01598M09:52:06.435","01598 09:04:53",225.08,878.27,,,,"     ",5.10,295.26,2.05
1598,539344478,"01598M09:52:07.409","01598 09:04:54",225.11,878.28,,,,"     ",5.10,298.79,2.07
1598,539344479,"01598M09:52:08.382","01598 09:04:55",225.11,878.24,,,,"     ",5.10,296.02,2.06
1598,539344480,"01598M09:52:09.355","01598 09:04:56",224.98,878.23,,,,"     ",5.10,295.82,2.05
1598,539344481,"01598M09:52:10.328","01598 09:04:57",224.87,878.27,,,,"     ",5.10,298.51,2.07
1598,539344482,"01598M09:52:11.302","01598 09:04:58",224.79,878.21,,,,"     ",5.10,295.05,2.05
1598,539344483,"01598M09:52:12.275","01598 09:04:59",224.75,878.27,,,,"     ",5.10,296.84,2.06
1598,539344484,"01598M09:52:13.248","01598 09:05:00",224.76,878.23,,,,"     ",5.10,296.49,2.06
1598,539344485,"01598M09:52:14.221","01598 09:05:01",224.81,878.19,,,,"     ",5.10,296.57,2.06
1598,539344486,"01598M09:52:15.195","01598 09:05:02",224.90,878.25,,,,"     ",5.10,298.64,2.07
1598,539344487,"01598M09:52:16.168","01598 09:05:03",225.00,878.20,,,,"     ",5.10,296.05,2.05
1598,539344488,"01598M09:52:17.141","01598 09:05:04",225.09,878.22,,,,"     ",5.10,297.24,2.06
1598,539344489,"01598M09:52:18.114","01598 09:05:05",225.18,878.27,,,,"     ",5.10,293.94,2.04
1598,539344490,"01598M09:52:19.088","01598 09:05:06",225.26,878.19,,,,"     ",5.10,299.07,2.07
1598,539344491,"01598M09:52:20.061","01598 09:05:06",225.36,878.23,,,,"     ",5.10,298.07,2.06
1598,539344492,"01598M09:52:21.034","01598 09:05:07",225.47,878.14,,,,"     ",5.10,297.10,2.06
1598,539344493,"01598M09:52:22.007","01598 09:05:08",225.58,878.18,,,,"     ",5.10,299.11,2.07
1598,539344494,"01598M09:52:22.981","01598 09:05:09",225.68,878.14,,,,"     ",5.10,299.20,2.07
1598,539344495,"01598M09:52:23.954","01598 09:05:10",225.77,878.20,,,,"     ",5.10,298.47,2.07
1598,539344496,"01598M09:52:24.927","01598 09:05:11",225.83,878.20,,,,"     ",5.10,295.28,2.04
1598,539344497,"01598M09:52:25.900","01598 09:05:12",225.86,878.21,,,,"     ",5.10,293.91,2.03
1598,539344498,"01598M09:52:26.874","01598 09:05:13",225.86,878.15,,,,"     ",5.10,300.08,2.08
1598,539344499,"01598M09:52:27.847","01598 09:05:14",225.83,878.14,,,,"     ",5.10,298.70,2.06
1598,539344500,"01598M09:52:28.820","01598 09:05:15",225.79,878.18,,,,"     ",5.10,298.17,2.06
1598,539344501,"01598M09:52:29.793","01598 09:05:16",225.77,878.17,,,,"     ",5.10,297.39,2.05
1598,539344502,"01598M09:52:30.767","01598 09:05:17",225.77,878.17,,,,"     ",5.10,296.10,2.04
1598,539344503,"01598M09:52:31.740","01598 09:05:18",225.80,878.15,,,,"     ",5.10,299.93,2.07
1598,539344504,"01598M09:52:32.713","01598 09:05:19",225.85,878.21,,,,"     ",5.10,296.53,2.05
1598,539344505,"01598M09:52:33.686","01598 09:05:20",225.90,878.15,,,,"     ",5.10,298.71,2.06
1598,539344506,"01598M09:52:34.660","01598 09:05:21",225.95,878.10,,,,"     ",5.10,300.90,2.07
1598,539344507,"01598M09:52:35.633","01598 09:05:22",225.97,878.03,,,,"     ",5.10,299.46,2.06
1598,539344508,"01598M09:52:36.606","01598 09:05:23",225.99,878.11,,,,"     ",5.10,298.38,2.06
1598,539344509,"01598M09:52:37.580","01598 09:05:24",225.99,878.17,,,,"     ",5.10,299.63,2.06
1598,539344510,"01598M09:52:38.553","01598 09:05:25",226.01,878.12,,,,"     ",5.10,300.12,2.07
1598,539344511,"01598M09:52:39.526","01598 09:05:26",226.04,878.13,,,,"     ",5.10,302.44,2.08
1598,539344512,"01598M09:52:40.499","01598 09:05:27",226.08,878.10,,,,"     ",5.10,299.88,2.06
1598,539344513,"01598M09:52:41.473","01598 09:05:28",226.11,878.11,,,,"     ",5.10,303.67,2.09
1598,539344514,"01598M09:52:42.446","01598 09:05:29",226.11,878.16,,,,"     ",5.10,299.04,2.05
1598,539344515,"01598M09:52:43.419","01598 09:05:30",226.08,878.08,,,,"     ",5.10,297.76,2.04
1598,539344516,"01598M09:52:44.392","01598 09:05:31",226.03,878.07,,,,"     ",5.10,299.80,2.06
1598,539344517,"01598M09:52:45.366","01598 09:05:32",225.98,878.14,,,,"     ",5.10,301.93,2.07
1598,539344518,"01598M09:52:46.339","01598 09:05:33",225.94,878.08,,,,"     ",5.10,302.57,2.07
1598,539344519,"01598M09:52:47.312","01598 09:05:34",225.91,878.13,,,,"     ",5.10,301.04,2.06
1598,539344520,"01598M09:52:48.285","01598 09:05:35",225.90,878.08,,,,"     ",5.10,300.93,2.06
1598,539344521,"01598M09:52:49.259","01598 09:05:36",225.91,878.04,,,,"     ",5.10,303.20,2.08
1598,539344522,"01598M09:52:50.232","01598 09:05:37",225.94,878.00,,,,"     ",5.10,300.79,2.06
1598,539344523,"01598M09:52:51.205","01598 09:05:38",225.89,878.03,,,,"     ",5.10,300.81,2.06
1598,539344524,"01598M09:52:52.178","01598 09:05:39",225.80,878.03,,,,"     ",5.10,302.08,2.07
1598,539344525,"01598M09:52:53.152","01598 09:05:40",225.71,878.05,,,,"     ",5.10,299.19,2.04
1598,539344526,"01598M09:52:54.125","01598 09:05:41",225.64,877.95,,,,"     ",5.10,300.37,2.05
1598,539344527,"01598M09:52:55.098","01598 09:05:42",225.59,878.09,,,,"     ",5.10,302.46,2.06
1598,539344528,"01598M09:52:56.071","01598 09:05:42",225.56,878.05,,,,"     ",5.10,303.17,2.07
1598,539344529,"01598M09:52:57.045","01598 09:05:43",225.56,877.97,,,,"     ",5.10,301.32,2.06
1598,539344530,"01598M09:52:58.018","01598 09:05:44",225.58,878.05,,,,"     ",5.10,300.20,2.05
1598,539344531,"01598M09:52:58.991","01598 09:05:45",225.60,877.98,,,,"     ",5.10,303.55,2.07
1598,539344532,"01598M09:52:59.964","01598 09:05:46",225.63,878.02,,,,"     ",5.10,299.86,2.04
1598,539344533,"01598M09:53:00.938","01598 09:05:47",225.65,878.04,,,,"     ",5.10,300.11,2.05
1598,539344534,"01598M09:53:01.911","01598 09:05:48",225.66,878.02,,,,"     ",5.10,299.12,2.04
1598,539344535,"01598M09:53:02.884","01598 09:05:49",225.67,877.97,,,,"     ",5.10,300.47,2.05
1598,539344536,"01598M09:53:03.857","01598 09:05:50",225.67,877.94,,,,"     ",5.10,303.28,2.07
1598,539344537,"01598M09:53:04.831","01598 09:05:51",225.67,877.94,,,,"     ",5.10,301.77,2.06
1598,539344538,"01598M09:53:05.804","01598 09:05:52",225.66,877.93,,,,"     ",5.10,299.40,2.04
1598,539344539,"01598M09:53:06.777","01598 09:05:53",225.66,878.00,,,,"     ",5.10,301.03,2.05
1598,539344540,"01598M09:53:07.750","01598 09:05:54",225.65,878.02,,,,"     ",5.10,300.94,2.05
1598,539344541,"01598M09:53:08.724","01598 09:05:55",225.64,878.02,,,,"     ",5.10,304.20,2.07
1598,539344542,"01598M09:53:09.697","01598 09:05:56",225.64,878.00,,,,"     ",5.10,301.77,2.05
1598,539344543,"01598M09:53:10.670","01598 09:05:57",225.64,877.96,,,,"     ",5.10,301.29,2.05
1598,539344544,"01598M09:53:11.643","01598 09:05:58",225.64,878.01,,,,"     ",5.10,300.75,2.04
1598,539344545,"01598M09:53:12.617","01598 09:05:59",225.64,877.99,,,,"     ",5.10,299.52,2.03
1598,539344546,"01598M09:53:13.590","01598 09:06:00",225.65,877.95,,,,"     ",5.10,304.30,2.07
1598,539344547,"01598M09:53:14.563","01598 09:06:01",225.67,877.98,,,,"     ",5.10,302.02,2.05
1598,539344548,"01598M09:53:15.536","01598 09:06:02",225.70,877.95,,,,"     ",5.10,304.36,2.07
1598,539344549,"01598M09:53:16.510","01598 09:06:03",225.73,878.00,,,,"     ",5.10,303.11,2.06
1598,539344550,"01598M09:53:17.483","01598 09:06:04",225.78,878.06,,,,"     ",5.10,302.56,2.05
1598,539344551,"01598M09:53:18.456","01598 09:06:05",225.82,878.10,,,,"     ",5.10,302.01,2.05
1598,539344552,"01598M09:53:19.429","01598 09:06:06",225.87,877.99,,,,"     ",5.10,301.67,2.04
1598,539344553,"01598M09:53:20.403","01598 09:06:07",225.92,877.97,,,,"     ",5.10,304.22,2.06
1598,539344554,"01598M09:53:21.376","01598 09:06:08",225.97,877.96,,,,"     ",5.10,300.97,2.04
1598,539344555,"01598M09:53:22.349","01598 09:06:09",226.01,877.98,,,,"     ",5.10,304.67,2.06
1598,539344556,"01598M09:53:23.322","01598 09:06:10",226.05,878.07,,,,"     ",5.10,301.33,2.04
1598,539344557,"01598M09:53:24.296","01598 09:06:11",226.08,878.14,,,,"     ",5.10,304.72,2.06
1598,539344558,"01598M09:53:25.269","01598 09:06:12",226.11,878.08,,,,"     ",5.10,304.72,2.06
1598,539344559,"01598M09:53:26.242","01598 09:06:13",226.14,878.08,,,,"     ",5.10,305.63,2.07
1598,539344560,"01598M09:53:27.215","01598 09:06:14",226.16,878.10,,,,"     ",5.10,303.15,2.05
1598,539344561,"01598M09:53:28.189","01598 09:06:15",226.18,878.06,,,,"     ",5.10,306.89,2.07
1598,539344562,"01598M09:53:29.162","01598 09:06:16",226.20,877.90,,,,"     ",5.10,305.96,2.07
1598,539344563,"01598M09:53:30.135","01598 09:06:17",226.22,877.98,,,,"     ",5.10,305.18,2.06
1598,539344564,"01598M09:53:31.108","01598 09:06:18",226.24,878.11,,,,"     ",5.10,305.71,2.06
1598,539344565,"01598M09:53:32.082","01598 09:06:18",226.25,878.10,,,,"     ",5.10,306.33,2.07
1598,539344566,"01598M09:53:33.055","01598 09:06:19",226.28,878.10,,,,"     ",5.10,301.52,2.03
1598,539344567,"01598M09:53:34.028","01598 09:06:20",226.30,878.02,,,,"     ",5.10,304.29,2.05
1598,539344568,"01598M09:53:35.001","01598 09:06:21",226.32,878.09,,,,"     ",5.10,306.83,2.07
1598,539344569,"01598M09:53:35.975","01598 09:06:22",226.34,878.10,,,,"     ",5.10,304.14,2.05
1598,539344570,"01598M09:53:36.948","01598 09:06:23",226.35,878.03,,,,"     ",5.10,304.21,2.04
1598,539344571,"01598M09:53:37.921","01598 09:06:24",226.36,878.06,,,,"     ",5.10,306.25,2.06
1598,539344572,"01598M09:53:38.894","01598 09:06:25",226.36,878.04,,,,"     ",5.10,305.13,2.05
1598,539344573,"01598M09:53:39.868","01598 09:06:26",226.34,877.97,,,,"     ",5.10,304.08,2.04
1598,539344574,"01598M09:53:40.841","01598 09:06:27",226.31,877.96,,,,"     ",5.10,305.96,2.05
1598,539344575,"01598M09:53:41.814","01598 09:06:28",226.28,877.98,,,,"     ",5.10,303.62,2.03
1598,539344576,"01598M09:53:42.787","01598 09:06:29",226.24,877.97,,,,"     ",5.10,307.52,2.06
1598,539344577,"01598M09:53:43.761","01598 09:06:30",226.19,877.98,,,,"     ",5.10,304.94,2.04
1598,539344578,"01598M09:53:44.734","01598 09:06:31",226.15,878.02,,,,"     ",5.10,304.84,2.04
1598,539344579,"01598M09:53:45.707","01598 09:06:32",226.09,878.06,,,,"     ",5.10,305.26,2.04
1598,539344580,"01598M09:53:46.681","01598 09:06:33",226.03,878.06,,,,"     ",5.10,304.35,2.04
1598,539344581,"01598M09:53:47.654","01598 09:06:34",225.96,877.99,,,,"     ",5.10,307.27,2.05
1598,539344582,"01598M09:53:48.627","01598 09:06:35",225.88,877.97,,,,"     ",5.10,305.67,2.04
1598,539344583,"01598M09:53:49.600","01598 09:06:36",225.79,877.92,,,,"     ",5.10,304.41,2.03
1598,539344584,"01598M09:53:50.574","01598 09:06:37",225.70,878.01,,,,"     ",5.10,306.89,2.05
1598,539344585,"01598M09:53:51.547","01598 09:06:38",225.61,877.99,,,,"     ",5.10,307.51,2.05
1598,539344586,"01598M09:53:52.520","01598 09:06:39",225.55,877.99,,,,"     ",5.10,305.13,2.03
1598,539344587,"01598M09:53:53.493","01598 09:06:40",225.50,877.84,,,,"     ",5.10,308.16,2.05
1598,539344588,"01598M09:53:54.467","01598 09:06:41",225.47,877.96,,,,"     ",5.10,311.56,2.08
1598,539344589,"01598M09:53:55.440","01598 09:06:42",225.45,877.92,,,,"     ",5.10,306.07,2.04
1598,539344590,"01598M09:53:56.413","01598 09:06:43",225.44,877.94,,,,"     ",5.10,307.33,2.04
1598,539344591,"01598M09:53:57.386","01598 09:06:44",225.44,877.93,,,,"     ",5.10,307.06,2.04
1598,539344592,"01598M09:53:58.360","01598 09:06:45",225.45,877.87,,,,"     ",5.10,306.86,2.04
1598,539344593,"01598M09:53:59.333","01598 09:06:46",225.46,877.87,,,,"     ",5.10,306.57,2.03
1598,539344594,"01598M09:54:00.306","01598 09:06:47",225.48,877.88,,,,"     ",5.10,306.83,2.04
1598,539344595,"01598M09:54:01.279","01598 09:06:48",225.52,877.82,,,,"     ",5.10,310.46,2.06
1598,539344596,"01598M09:54:02.253","01598 09:06:49",225.56,877.87,,,,"     ",5.10,307.69,2.04
1598,539344597,"01598M09:54:03.226","01598 09:06:50",225.62,877.85,,,,"     ",5.10,309.48,2.05
1598,539344598,"01598M09:54:04.199","01598 09:06:51",225.67,877.91,,,,"     ",5.10,308.47,2.04
1598,539344599,"01598M09:54:05.172","01598 09:06:52",225.72,877.92,,,,"     ",5.10,309.07,2.05
1598,539344600,"01598M09:54:06.146","01598 09:06:53",225.76,877.96,,,,"     ",5.10,307.45,2.03
1598,539344601,"01598M09:54:07.119","01598 09:06:54",225.81,877.95,,,,"     ",5.10,303.80,2.01
1598,539344602,"01598M09:54:08.092","01598 09:06:54",225.87,877.89,,,,"     ",5.10,311.60,2.06
1598,539344603,"01598M09:54:09.065","01598 09:06:55",225.93,877.89,,,,"     ",5.10,307.03,2.03
1598,539344604,"01598M09:54:10.039","01598 09:06:56",226.01,877.93,,,,"     ",5.10,313.37,2.07
1598,539344605,"01598M09:54:11.012","01598 09:06:57",226.09,877.87,,,,"     ",5.10,307.54,2.03
1598,539344606,"01598M09:54:11.985","01598 09:06:58",226.17,877.88,,,,"     ",5.10,308.19,2.03
1598,539344607,"01598M09:54:12.958","01598 09:06:59",226.23,877.83,,,,"     ",5.10,310.89,2.05
1598,539344608,"01598M09:54:13.932","01598 09:07:00",226.26,877.78,,,,"     ",5.10,308.40,2.03
1598,539344609,"01598M09:54:14.905","01598 09:07:01",226.27,877.83,,,,"     ",5.10,309.23,2.04
1598,539344610,"01598M09:54:15.878","01598 09:07:02",226.26,877.89,,,,"     ",5.10,308.52,2.03
1598,539344611,"01598M09:54:16.851","01598 09:07:03",226.23,877.86,,,,"     ",5.10,311.20,2.05
1598,539344612,"01598M09:54:17.825","01598 09:07:04",226.19,877.85,,,,"     ",5.10,307.13,2.02
1598,539344613,"01598M09:54:18.798","01598 09:07:05",226.16,877.80,,,,"     ",5.10,310.33,2.04
1598,539344614,"01598M09:54:19.771","01598 09:07:06",226.12,877.69,,,,"     ",5.10,309.14,2.03
1598,539344615,"01598M09:54:20.744","01598 09:07:07",226.08,877.83,,,,"     ",5.10,306.02,2.01
1598,539344616,"01598M09:54:21.718","01598 09:07:08",226.04,877.79,,,,"     ",5.10,305.33,2.01
1598,539344617,"01598M09:54:22.691","01598 09:07:09",225.99,877.88,,,,"     ",5.10,307.74,2.02
1598,539344618,"01598M09:54:23.664","01598 09:07:10",225.95,877.89,,,,"     ",5.10,309.57,2.03
1598,539344619,"01598M09:54:24.637","01598 09:07:11",225.91,877.84,,,,"     ",5.10,310.88,2.04
1598,539344620,"01598M09:54:25.611","01598 09:07:12",225.87,877.76,,,,"     ",5.10,307.39,2.02
1598,539344621,"01598M09:54:26.584","01598 09:07:13",225.83,877.86,,,,"     ",5.10,311.30,2.04
1598,539344622,"01598M09:54:27.557","01598 09:07:14",225.82,877.80,,,,"     ",5.10,307.09,2.01
1598,539344623,"01598M09:54:28.530","01598 09:07:15",225.80,877.84,,,,"     ",5.10,307.64,2.02
1598,539344624,"01598M09:54:29.504","01598 09:07:16",225.79,877.75,,,,"     ",5.10,310.48,2.04
1598,539344625,"01598M09:54:30.477","01598 09:07:17",225.77,877.73,,,,"     ",5.10,308.36,2.02
1598,539344626,"01598M09:54:31.450","01598 09:07:18",225.74,877.80,,,,"     ",5.10,308.46,2.02
1598,539344627,"01598M09:54:32.423","01598 09:07:19",225.70,877.84,,,,"     ",5.10,309.68,2.03
1598,539344628,"01598M09:54:33.397","01598 09:07:20",225.66,877.84,,,,"     ",5.10,309.14,2.03
1598,539344629,"01598M09:54:34.370","01598 09:07:21",225.62,877.88,,,,"     ",5.10,309.44,2.03
1598,539344630,"01598M09:54:35.343","01598 09:07:22",225.59,877.82,,,,"     ",5.10,309.50,2.03
1598,539344631,"01598M09:54:36.316","01598 09:07:23",225.57,877.79,,,,"     ",5.10,307.99,2.02
1598,539344632,"01598M09:54:37.290","01598 09:07:24",225.56,877.81,,,,"     ",5.10,311.04,2.04
1598,539344633,"01598M09:54:38.263","01598 09:07:25",225.55,877.75,,,,"     ",5.10,308.42,2.02
1598,539344634,"01598M09:54:39.236","01598 09:07:26",225.55,877.79,,,,"     ",5.10,309.91,2.03
1598,539344635,"01598M09:54:40.209","01598 09:07:27",225.53,877.81,,,,"     ",5.10,308.41,2.02
1598,539344636,"01598M09:54:41.183","01598 09:07:28",225.51,877.72,,,,"     ",5.10,308.39,2.02
1598,539344637,"01598M09:54:42.156","01598 09:07:29",225.47,877.81,,,,"     ",5.10,310.06,2.03
1598,539344638,"01598M09:54:43.129","01598 09:07:30",225.43,877.81,,,,"     ",5.10,308.56,2.02
1598,539344639,"01598M09:54:44.102","01598 09:07:31",225.38,877.82,,,,"     ",5.10,309.17,2.03
1598,539344640,"01598M09:54:45.076","01598 09:07:31",225.32,877.76,,,,"     ",5.10,309.50,2.03
1598,539344641,"01598M09:54:46.049","01598 09:07:32",225.26,877.81,,,,"     ",5.10,309.08,2.03
1598,539344642,"01598M09:54:47.022","01598 09:07:33",225.20,877.74,,,,"     ",5.10,311.88,2.05
1598,539344643,"01598M09:54:47.995","01598 09:07:34",225.15,877.70,,,,"     ",5.10,310.40,2.04
1598,539344644,"01598M09:54:48.969","01598 09:07:35",225.11,877.78,,,,"     ",5.10,310.15,2.03
1598,539344645,"01598M09:54:49.942","01598 09:07:36",225.07,877.83,,,,"     ",5.10,309.94,2.03
1598,539344646,"01598M09:54:50.915","01598 09:07:37",225.04,877.83,,,,"     ",5.10,308.28,2.02
1598,539344647,"01598M09:54:51.888","01598 09:07:38",225.01,877.80,,,,"     ",5.10,309.71,2.03
1598,539344648,"01598M09:54:52.862","01598 09:07:39",225.00,877.74,,,,"     ",5.10,308.17,2.02
1598,539344649,"01598M09:54:53.835","01598 09:07:40",225.00,877.75,,,,"     ",5.10,308.63,2.02
1598,539344650,"01598M09:54:54.808","01598 09:07:41",225.00,877.69,,,,"     ",5.10,306.29,2.01
1598,539344651,"01598M09:54:55.781","01598 09:07:42",225.02,877.67,,,,"     ",5.10,311.18,2.04
1598,539344652,"01598M09:54:56.755","01598 09:07:43",225.04,877.74,,,,"     ",5.10,309.40,2.03
1598,539344653,"01598M09:54:57.728","01598 09:07:44",225.06,877.76,,,,"     ",5.10,308.34,2.02
1598,539344654,"01598M09:54:58.701","01598 09:07:45",225.08,877.78,,,,"     ",5.10,310.48,2.04
1598,539344655,"01598M09:54:59.675","01598 09:07:46",225.10,877.79,,,,"     ",5.10,309.49,2.03
1598,539344656,"01598M09:55:00.648","01598 09:07:47",225.11,877.76,,,,"     ",5.10,310.97,2.04
1598,539344657,"01598M09:55:01.621","01598 09:07:48",225.12,877.77,,,,"     ",5.10,307.82,2.02
1598,539344658,"01598M09:55:02.594","01598 09:07:49",225.13,877.73,,,,"     ",5.10,309.89,2.03
1598,539344659,"01598M09:55:03.568","01598 09:07:50",225.16,877.68,,,,"     ",5.10,310.69,2.04
1598,539344660,"01598M09:55:04.541","01598 09:07:51",225.19,877.69,,,,"     ",5.10,309.11,2.03
1598,539344661,"01598M09:55:05.514","01598 09:07:52",225.23,877.79,,,,"     ",5.10,312.05,2.05
1598,539344662,"01598M09:55:06.487","01598 09:07:53",225.28,877.81,,,,"     ",5.10,307.99,2.02
1598,539344663,"01598M09:55:07.461","01598 09:07:54",225.33,877.69,,,,"     ",5.10,311.41,2.04
1598,539344664,"01598M09:55:08.434","01598 09:07:55",225.37,877.77,,,,"     ",5.10,311.39,2.04
1598,539344665,"01598M09:55:09.407","01598 09:07:56",225.40,877.76,,,,"     ",5.10,309.40,2.03
1598,539344666,"01598M09:55:10.380","01598 09:07:57",225.41,877.69,,,,"     ",5.10,309.62,2.03
1598,539344667,"01598M09:55:11.354","01598 09:07:58",225.39,877.70,,,,"     ",5.10,312.40,2.05
1598,539344668,"01598M09:55:12.327","01598 09:07:59",225.32,877.72,,,,"     ",5.10,312.21,2.05
1598,539344669,"01598M09:55:13.300","01598 09:08:00",225.24,877.72,,,,"     ",5.10,310.99,2.04
1598,539344670,"01598M09:55:14.273","01598 09:08:01",225.15,877.76,,,,"     ",5.10,311.38,2.04
1598,539344671,"01598M09:55:15.247","01598 09:08:02",225.06,877.74,,,,"     ",5.10,311.26,2.04
1598,539344672,"01598M09:55:16.220","01598 09:08:03",224.96,877.77,,,,"     ",5.10,308.11,2.02
1598,539344673,"01598M09:55:17.193","01598 09:08:04",224.85,877.76,,,,"     ",5.10,312.12,2.05
1598,539344674,"01598M09:55:18.166","01598 09:08:05",224.75,877.83,,,,"     ",5.10,308.36,2.02
1598,539344675,"01598M09:55:19.140","01598 09:08:06",224.67,877.78,,,,"     ",5.10,307.92,2.02
1598,539344676,"01598M09:55:20.113","01598 09:08:07",224.62,877.81,,,,"     ",5.10,311.18,2.04
1598,539344677,"01598M09:55:21.086","01598 09:08:07",224.59,877.72,,,,"     ",5.10,311.28,2.04
1598,539344678,"01598M09:55:22.059","01598 09:08:08",224.60,877.71,,,,"     ",5.10,309.62,2.03
1598,539344679,"01598M09:55:23.033","01598 09:08:09",224.63,877.69,,,,"     ",5.10,312.03,2.04
1598,539344680,"01598M09:55:24.006","01598 09:08:10",224.65,877.63,,,,"     ",5.10,310.56,2.03
1598,539344681,"01598M09:55:24.979","01598 09:08:11",224.67,877.71,,,,"     ",5.10,313.10,2.05
1598,539344682,"01598M09:55:25.952","01598 09:08:12",224.68,877.74,,,,"     ",5.10,310.74,2.03
1598,539344683,"01598M09:55:26.926","01598 09:08:13",224.67,877.77,,,,"     ",5.10,310.40,2.03
1598,539344684,"01598M09:55:27.899","01598 09:08:14",224.66,877.86,,,,"     ",5.10,311.08,2.04
1598,539344685,"01598M09:55:28.872","01598 09:08:15",224.65,877.80,,,,"     ",5.10,313.61,2.06
1598,539344686,"01598M09:55:29.845","01598 09:08:16",224.65,877.78,,,,"     ",5.10,310.59,2.03
1598,539344687,"01598M09:55:30.819","01598 09:08:17",224.65,877.79,,,,"     ",5.10,313.27,2.05
1598,539344688,"01598M09:55:31.792","01598 09:08:18",224.65,877.80,,,,"     ",5.10,310.90,2.04
1598,539344689,"01598M09:55:32.765","01598 09:08:19",224.66,877.85,,,,"     ",5.10,311.30,2.04
1598,539344690,"01598M09:55:33.738","01598 09:08:20",224.66,877.78,,,,"     ",5.10,308.96,2.02
1598,539344691,"01598M09:55:34.712","01598 09:08:21",224.65,877.75,,,,"     ",5.10,309.73,2.03
1598,539344692,"01598M09:55:35.685","01598 09:08:22",224.64,877.76,,,,"     ",5.10,309.73,2.03
1598,539344693,"01598M09:55:36.658","01598 09:08:23",224.64,877.65,,,,"     ",5.10,311.64,2.04
1598,539344694,"01598M09:55:37.631","01598 09:08:24",224.65,877.69,,,,"     ",5.10,311.78,2.04
1598,539344695,"01598M09:55:38.605","01598 09:08:25",224.67,877.67,,,,"     ",5.10,312.00,2.04
1598,539344696,"01598M09:55:39.578","01598 09:08:26",224.72,877.60,,,,"     ",5.10,311.25,2.04
1598,539344697,"01598M09:55:40.551","01598 09:08:27",224.78,877.65,,,,"     ",5.10,311.89,2.04
1598,539344698,"01598M09:55:41.524","01598 09:08:28",224.84,877.75,,,,"     ",5.10,311.25,2.04
1598,539344699,"01598M09:55:42.498","01598 09:08:29",224.91,877.70,,,,"     ",5.10,313.76,2.05
1598,539344700,"01598M09:55:43.471","01598 09:08:30",224.99,877.72,,,,"     ",5.10,312.59,2.04
1598,539344701,"01598M09:55:44.444","01598 09:08:31",225.08,877.75,,,,"     ",5.10,310.37,2.03
1598,539344702,"01598M09:55:45.417","01598 09:08:32",225.16,877.78,,,,"     ",5.10,311.09,2.03
1598,539344703,"01598M09:55:46.391","01598 09:08:33",225.26,877.67,,,,"     ",5.10,313.48,2.05
1598,539344704,"01598M09:55:47.364","01598 09:08:34",225.36,877.73,,,,"     ",5.10,312.99,2.04
1598,539344705,"01598M09:55:48.337","01598 09:08:35",225.48,877.61,,,,"     ",5.10,311.91,2.04
1598,539344706,"01598M09:55:49.310","01598 09:08:36",225.58,877.57,,,,"     ",5.10,312.31,2.04
1598,539344707,"01598M09:55:50.284","01598 09:08:37",225.58,877.69,,,,"     ",5.10,314.09,2.05
1598,539344708,"01598M09:55:51.257","01598 09:08:38",225.59,877.57,,,,"     ",5.10,312.15,2.03
1598,539344709,"01598M09:55:52.230","01598 09:08:39",225.60,877.57,,,,"     ",5.10,313.62,2.04
1598,539344710,"01598M09:55:53.203","01598 09:08:40",225.61,877.57,,,,"     ",5.10,314.78,2.05
1598,539344711,"01598M09:55:54.177","01598 09:08:41",225.63,877.60,,,,"     ",5.10,313.29,2.04
1598,539344712,"01598M09:55:55.150","01598 09:08:42",225.66,877.65,,,,"     ",5.10,315.09,2.05
1598,539344713,"01598M09:55:56.123","01598 09:08:43",225.69,877.73,,,,"     ",5.10,313.14,2.04
1598,539344714,"01598M09:55:57.096","01598 09:08:43",225.65,877.75,,,,"     ",5.10,315.57,2.05
1598,539344715,"01598M09:55:58.070","01598 09:08:44",225.71,877.65,,,,"     ",5.10,314.08,2.04
1598,539344716,"01598M09:55:59.043","01598 09:08:45",225.76,877.66,,,,"     ",5.10,312.72,2.03
1598,539344717,"01598M09:56:00.016","01598 09:08:46",225.81,877.66,,,,"     ",5.10,313.63,2.04
1598,539344718,"01598M09:56:00.989","01598 09:08:47",225.85,877.68,,,,"     ",5.10,314.04,2.04
1598,539344719,"01598M09:56:01.963","01598 09:08:48",225.90,877.67,,,,"     ",5.10,312.88,2.03
1598,539344720,"01598M09:56:02.936","01598 09:08:49",225.94,877.59,,,,"     ",5.10,312.93,2.03
1598,539344721,"01598M09:56:03.909","01598 09:08:50",225.97,877.72,,,,"     ",5.10,315.93,2.05
1598,539344722,"01598M09:56:04.882","01598 09:08:51",226.00,877.68,,,,"     ",5.10,317.18,2.05
1598,539344723,"01598M09:56:05.856","01598 09:08:52",226.03,877.60,,,,"     ",5.10,315.40,2.04
1598,539344724,"01598M09:56:06.829","01598 09:08:53",226.05,877.61,,,,"     ",5.10,313.48,2.03
1598,539344725,"01598M09:56:07.802","01598 09:08:54",226.07,877.62,,,,"     ",5.10,315.11,2.04
1598,539344726,"01598M09:56:08.776","01598 09:08:55",226.09,877.65,,,,"     ",5.10,314.04,2.03
1598,539344727,"01598M09:56:09.749","01598 09:08:56",226.10,877.51,,,,"     ",5.10,318.42,2.06
1598,539344728,"01598M09:56:10.722","01598 09:08:57",226.11,877.59,,,,"     ",5.10,316.52,2.04
1598,539344729,"01598M09:56:11.695","01598 09:08:58",226.12,877.57,,,,"     ",5.10,315.84,2.04
1598,539344730,"01598M09:56:12.669","01598 09:08:59",226.13,877.66,,,,"     ",5.10,317.05,2.04
1598,539344731,"01598M09:56:13.642","01598 09:09:00",226.14,877.62,,,,"     ",5.10,316.34,2.04
1598,539344732,"01598M09:56:14.615","01598 09:09:01",226.15,877.63,,,,"     ",5.10,317.32,2.04
1598,539344733,"01598M09:56:15.588","01598 09:09:02",226.15,877.67,,,,"     ",5.10,314.42,2.02
1598,539344734,"01598M09:56:16.562","01598 09:09:03",226.16,877.62,,,,"     ",5.10,316.52,2.04
1598,539344735,"01598M09:56:17.535","01598 09:09:04",226.15,877.58,,,,"     ",5.10,315.31,2.03
1598,539344736,"01598M09:56:18.508","01598 09:09:05",226.15,877.63,,,,"     ",5.10,315.20,2.03
1598,539344737,"01598M09:56:19.481","01598 09:09:06",226.15,877.66,,,,"     ",5.10,313.06,2.01
1598,539344738,"01598M09:56:20.455","01598 09:09:07",226.16,877.60,,,,"     ",5.10,316.44,2.03
1598,539344739,"01598M09:56:21.428","01598 09:09:08",226.17,877.61,,,,"     ",5.10,314.60,2.02
1598,539344740,"01598M09:56:22.401","01598 09:09:09",226.18,877.57,,,,"     ",5.10,317.27,2.03
1598,539344741,"01598M09:56:23.374","01598 09:09:10",226.15,877.62,,,,"     ",5.10,314.14,2.01
1598,539344742,"01598M09:56:24.348","01598 09:09:11",226.10,877.61,,,,"     ",5.10,316.92,2.03
1598,539344743,"01598M09:56:25.321","01598 09:09:12",226.09,877.59,,,,"     ",5.10,316.35,2.03
1598,539344744,"01598M09:56:26.294","01598 09:09:13",226.11,877.54,,,,"     ",5.10,312.18,2.00
1598,539344745,"01598M09:56:27.267","01598 09:09:14",226.15,877.50,,,,"     ",5.10,312.10,2.00
1598,539344746,"01598M09:56:28.241","01598 09:09:15",226.20,877.56,,,,"     ",5.10,318.21,2.04
1598,539344747,"01598M09:56:29.214","01598 09:09:16",226.27,877.54,,,,"     ",5.10,312.35,2.00
1598,539344748,"01598M09:56:30.187","01598 09:09:17",226.34,877.54,,,,"     ",5.10,316.31,2.02
1598,539344749,"01598M09:56:31.160","01598 09:09:18",226.43,877.55,,,,"     ",5.10,315.18,2.01
1598,539344750,"01598M09:56:32.134","01598 09:09:19",226.53,877.50,,,,"     ",5.10,315.11,2.01
1598,539344751,"01598M09:56:33.107","01598 09:09:19",226.63,877.43,,,,"     ",5.10,317.47,2.03
1598,539344752,"01598M09:56:34.080","01598 09:09:20",226.73,877.41,,,,"     ",5.10,315.99,2.02
1598,539344753,"01598M09:56:35.053","01598 09:09:21",226.79,877.42,,,,"     ",5.10,314.15,2.00
1598,539344754,"01598M09:56:36.027","01598 09:09:22",226.83,877.46,,,,"     ",5.10,319.77,2.04
1598,539344755,"01598M09:56:37.000","01598 09:09:23",226.84,877.43,,,,"     ",5.10,319.33,2.03
1598,539344756,"01598M09:56:37.973","01598 09:09:24",226.85,877.45,,,,"     ",5.10,317.34,2.02
1598,539344757,"01598M09:56:38.946","01598 09:09:25",226.84,877.51,,,,"     ",5.10,316.62,2.02
1598,539344758,"01598M09:56:39.920","01598 09:09:26",226.83,877.60,,,,"     ",5.10,318.70,2.03
1598,539344759,"01598M09:56:40.893","01598 09:09:27",226.80,877.59,,,,"     ",5.10,319.66,2.03
1598,539344760,"01598M09:56:41.866","01598 09:09:28",226.78,877.52,,,,"     ",5.10,318.47,2.02
1598,539344761,"01598M09:56:42.839","01598 09:09:29",226.64,877.52,,,,"     ",5.10,316.55,2.01
1598,539344762,"01598M09:56:43.813","01598 09:09:30",226.46,877.54,,,,"     ",5.10,317.60,2.02
1598,539344763,"01598M09:56:44.786","01598 09:09:31",226.27,877.47,,,,"     ",5.10,315.49,2.00
1598,539344764,"01598M09:56:45.759","01598 09:09:32",226.11,877.52,,,,"     ",5.10,316.43,2.01
1598,539344765,"01598M09:56:46.732","01598 09:09:33",225.98,877.50,,,,"     ",5.10,313.05,1.99
1598,539344766,"01598M09:56:47.706","01598 09:09:34",225.90,877.45,,,,"     ",5.10,314.90,2.00
1598,539344767,"01598M09:56:48.679","01598 09:09:35",225.85,877.47,,,,"     ",5.10,317.06,2.01
1598,539344768,"01598M09:56:49.652","01598 09:09:36",225.82,877.57,,,,"     ",5.10,315.82,2.00
1598,539344769,"01598M09:56:50.625","01598 09:09:37",225.80,877.54,,,,"     ",5.10,318.48,2.02
1598,539344770,"01598M09:56:51.599","01598 09:09:38",225.78,877.60,,,,"     ",5.10,319.26,2.02
1598,539344771,"01598M09:56:52.572","01598 09:09:39",225.77,877.49,,,,"     ",5.10,316.69,2.00
1598,539344772,"01598M09:56:53.545","01598 09:09:40",225.76,877.48,,,,"     ",5.10,318.65,2.02
1598,539344773,"01598M09:56:54.518","01598 09:09:41",225.77,877.51,,,,"     ",5.10,315.88,2.00
1598,539344774,"01598M09:56:55.492","01598 09:09:42",225.81,877.45,,,,"     ",5.10,318.38,2.01
1598,539344775,"01598M09:56:56.465","01598 09:09:43",225.86,877.45,,,,"     ",5.10,318.69,2.02
1598,539344776,"01598M09:56:57.438","01598 09:09:44",225.93,877.42,,,,"     ",5.10,317.88,2.01
1598,539344777,"01598M09:56:58.411","01598 09:09:45",225.99,877.43,,,,"     ",5.10,318.08,2.01
1598,539344778,"01598M09:56:59.385","01598 09:09:46",226.04,877.46,,,,"     ",5.10,317.56,2.01
1598,539344779,"01598M09:57:00.358","01598 09:09:47",226.07,877.42,,,,"     ",5.10,320.22,2.02
1598,539344780,"01598M09:57:01.331","01598 09:09:48",226.11,877.44,,,,"     ",5.10,317.43,2.00
1598,539344781,"01598M09:57:02.304","01598 09:09:49",226.18,877.50,,,,"     ",5.10,315.08,1.99
1598,539344782,"01598M09:57:03.278","01598 09:09:50",226.29,877.48,,,,"     ",5.10,318.16,2.01
1598,539344783,"01598M09:57:04.251","01598 09:09:51",226.44,877.48,,,,"     ",5.10,319.79,2.02
1598,539344784,"01598M09:57:05.224","01598 09:09:52",226.59,877.44,,,,"     ",5.10,319.70,2.02
1598,539344785,"01598M09:57:06.197","01598 09:09:53",226.72,877.50,,,,"     ",5.10,317.71,2.00
1598,539344786,"01598M09:57:07.171","01598 09:09:54",226.80,877.44,,,,"     ",5.10,319.10,2.01
1598,539344787,"01598M09:57:08.144","01598 09:09:55",226.82,877.34,,,,"     ",5.10,318.21,2.00
1598,539344788,"01598M09:57:09.117","01598 09:09:55",226.81,877.38,,,,"     ",5.10,318.87,2.01
1598,539344789,"01598M09:57:10.090","01598 09:09:56",226.77,877.43,,,,"     ",5.10,319.30,2.01
1598,539344790,"01598M09:57:11.064","01598 09:09:57",226.74,877.41,,,,"     ",5.10,319.70,2.01
1598,539344791,"01598M09:57:12.037","01598 09:09:58",226.72,877.49,,,,"     ",5.10,323.16,2.03
1598,539344792,"01598M09:57:13.010","01598 09:09:59",226.73,877.48,,,,"     ",5.10,321.16,2.02
1598,539344793,"01598M09:57:13.983","01598 09:10:00",226.74,877.38,,,,"     ",5.10,320.33,2.01
1598,539344794,"01598M09:57:14.957","01598 09:10:01",226.76,877.45,,,,"     ",5.10,319.87,2.01
1598,539344795,"01598M09:57:15.930","01598 09:10:02",226.78,877.41,,,,"     ",5.10,317.99,1.99
1598,539344796,"01598M09:57:16.903","01598 09:10:03",226.79,877.42,,,,"     ",5.10,319.91,2.01
1598,539344797,"01598M09:57:17.877","01598 09:10:04",226.79,877.40,,,,"     ",5.10,324.45,2.03
1598,539344798,"01598M09:57:18.850","01598 09:10:05",226.77,877.44,,,,"     ",5.10,318.16,1.99
1598,539344799,"01598M09:57:19.823","01598 09:10:06",226.75,877.34,,,,"     ",5.10,322.76,2.02
1598,539344800,"01598M09:57:20.796","01598 09:10:07",226.76,877.40,,,,"     ",5.10,320.29,2.01
1598,539344801,"01598M09:57:21.770","01598 09:10:08",226.79,877.32,,,,"     ",5.10,321.97,2.02
1598,539344802,"01598M09:57:22.743","01598 09:10:09",226.85,877.40,,,,"     ",5.10,320.36,2.00
1598,539344803,"01598M09:57:23.716","01598 09:10:10",226.92,877.35,,,,"     ",5.10,320.22,2.00
1598,539344804,"01598M09:57:24.689","01598 09:10:11",226.96,877.34,,,,"     ",5.10,321.37,2.01
1598,539344805,"01598M09:57:25.663","01598 09:10:12",226.95,877.37,,,,"     ",5.10,323.30,2.02
1598,539344806,"01598M09:57:26.636","01598 09:10:13",226.90,877.30,,,,"     ",5.10,319.50,2.00
1598,539344807,"01598M09:57:27.609","01598 09:10:14",226.84,877.29,,,,"     ",5.10,322.68,2.02
1598,539344808,"01598M09:57:28.582","01598 09:10:15",226.79,877.37,,,,"     ",5.10,321.64,2.01
1598,539344809,"01598M09:57:29.556","01598 09:10:16",226.75,877.36,,,,"     ",5.10,321.03,2.00
1598,539344810,"01598M09:57:30.529","01598 09:10:17",226.72,877.30,,,,"     ",5.10,321.85,2.01
1598,539344811,"01598M09:57:31.502","01598 09:10:18",226.71,877.33,,,,"     ",5.10,319.80,1.99
1598,539344812,"01598M09:57:32.475","01598 09:10:19",226.71,877.29,,,,"     ",5.10,324.29,2.02
1598,539344813,"01598M09:57:33.449","01598 09:10:20",226.71,877.34,,,,"     ",5.10,322.19,2.01
1598,539344814,"01598M09:57:34.422","01598 09:10:21",226.73,877.30,,,,"     ",5.10,320.03,1.99
1598,539344815,"01598M09:57:35.395","01598 09:10:22",226.75,877.31,,,,"     ",5.10,322.99,2.01
1598,539344816,"01598M09:57:36.368","01598 09:10:23",226.79,877.31,,,,"     ",5.10,321.31,2.00
1598,539344817,"01598M09:57:37.342","01598 09:10:24",226.82,877.32,,,,"     ",5.10,322.57,2.01
1598,539344818,"01598M09:57:38.315","01598 09:10:25",226.84,877.30,,,,"     ",5.10,322.83,2.01
1598,539344819,"01598M09:57:39.288","01598 09:10:26",226.85,877.33,,,,"     ",5.10,323.93,2.01
1598,539344820,"01598M09:57:40.261","01598 09:10:27",226.86,877.37,,,,"     ",5.10,327.13,2.03
1598,539344821,"01598M09:57:41.235","01598 09:10:28",226.84,877.32,,,,"     ",5.10,325.56,2.02
1598,539344822,"01598M09:57:42.208","01598 09:10:29",226.82,877.32,,,,"     ",5.10,324.39,2.01
1598,539344823,"01598M09:57:43.181","01598 09:10:30",226.78,877.34,,,,"     ",5.10,322.05,2.00
1598,539344824,"01598M09:57:44.154","01598 09:10:31",226.73,877.34,,,,"     ",5.10,321.65,1.99
1598,539344825,"01598M09:57:45.128","01598 09:10:31",226.67,877.36,,,,"     ",5.10,322.19,2.00
1598,539344826,"01598M09:57:46.101","01598 09:10:32",226.61,877.39,,,,"     ",5.10,324.16,2.01
1598,539344827,"01598M09:57:47.074","01598 09:10:33",226.55,877.34,,,,"     ",5.10,319.20,1.98
1598,539344828,"01598M09:57:48.047","01598 09:10:34",226.50,877.31,,,,"     ",5.10,320.34,1.98
1598,539344829,"01598M09:57:49.021","01598 09:10:35",226.46,877.32,,,,"     ",5.10,323.25,2.00
1598,539344830,"01598M09:57:49.994","01598 09:10:36",226.43,877.34,,,,"     ",5.10,321.77,1.99
1598,539344831,"01598M09:57:50.967","01598 09:10:37",226.42,877.37,,,,"     ",5.10,324.91,2.01
1598,539344832,"01598M09:57:51.940","01598 09:10:38",226.42,877.33,,,,"     ",5.10,323.53,2.00
1598,539344833,"01598M09:57:52.914","01598 09:10:39",226.43,877.31,,,,"     ",5.10,325.10,2.01
1598,539344834,"01598M09:57:53.887","01598 09:10:40",226.44,877.36,,,,"     ",5.10,323.40,2.00
1598,539344835,"01598M09:57:54.860","01598 09:10:41",226.45,877.40,,,,"     ",5.10,324.27,2.00
1598,539344836,"01598M09:57:55.833","01598 09:10:42",226.46,877.36,,,,"     ",5.10,322.65,1.99
1598,539344837,"01598M09:57:56.807","01598 09:10:43",226.47,877.21,,,,"     ",5.10,321.33,1.98
1598,539344838,"01598M09:57:57.780","01598 09:10:44",226.47,877.25,,,,"     ",5.10,324.86,2.01
1598,539344839,"01598M09:57:58.753","01598 09:10:45",226.46,877.28,,,,"     ",5.10,324.41,2.00
1598,539344840,"01598M09:57:59.726","01598 09:10:46",226.46,877.31,,,,"     ",5.10,324.00,2.00
1598,539344841,"01598M09:58:00.700","01598 09:10:47",226.47,877.27,,,,"     ",5.10,324.14,2.00
1598,539344842,"01598M09:58:01.673","01598 09:10:48",226.48,877.23,,,,"     ",5.10,324.24,2.00
1598,539344843,"01598M09:58:02.646","01598 09:10:49",226.49,877.19,,,,"     ",5.10,323.61,2.00
1598,539344844,"01598M09:58:03.619","01598 09:10:50",226.50,877.34,,,,"     ",5.10,324.91,2.00
1598,539344845,"01598M09:58:04.593","01598 09:10:51",226.50,877.26,,,,"     ",5.10,323.54,1.99
1598,539344846,"01598M09:58:05.566","01598 09:10:52",226.50,877.25,,,,"     ",5.10,321.29,1.98
1598,539344847,"01598M09:58:06.539","01598 09:10:53",226.50,877.36,,,,"     ",5.10,323.70,1.99
1598,539344848,"01598M09:58:07.512","01598 09:10:54",226.49,877.26,,,,"     ",5.10,325.64,2.00
1598,539344849,"01598M09:58:08.486","01598 09:10:55",226.47,877.30,,,,"     ",5.10,325.09,2.00
1598,539344850,"01598M09:58:09.459","01598 09:10:56",226.46,877.25,,,,"     ",5.10,325.06,2.00
1598,539344851,"01598M09:58:10.432","01598 09:10:57",226.45,877.26,,,,"     ",5.10,325.92,2.00
1598,539344852,"01598M09:58:11.405","01598 09:10:58",226.44,877.29,,,,"     ",5.10,326.40,2.01
1598,539344853,"01598M09:58:12.379","01598 09:10:59",226.42,877.28,,,,"     ",5.10,322.93,1.98
1598,539344854,"01598M09:58:13.352","01598 09:11:00",226.40,877.25,,,,"     ",5.10,323.25,1.98
1598,539344855,"01598M09:58:14.325","01598 09:11:01",226.39,877.26,,,,"     ",5.10,327.10,2.01
1598,539344856,"01598M09:58:15.298","01598 09:11:02",226.39,877.31,,,,"     ",5.10,325.99,2.00
1598,539344857,"01598M09:58:16.272","01598 09:11:03",226.40,877.34,,,,"     ",5.10,325.66,2.00
1598,539344858,"01598M09:58:17.245","01598 09:11:04",226.42,877.23,,,,"     ",5.10,326.94,2.00
1598,539344859,"01598M09:58:18.218","01598 09:11:05",226.45,877.16,,,,"     ",5.10,328.38,2.01
1598,539344860,"01598M09:58:19.191","01598 09:11:06",226.47,877.17,,,,"     ",5.10,326.56,2.00
1598,539344861,"01598M09:58:20.165","01598 09:11:07",226.50,877.18,,,,"     ",5.10,323.91,1.98
1598,539344862,"01598M09:58:21.138","01598 09:11:07",226.52,877.16,,,,"     ",5.10,325.47,1.99
1598,539344863,"01598M09:58:22.111","01598 09:11:08",226.54,877.25,,,,"     ",5.10,326.87,2.00
1598,539344864,"01598M09:58:23.084","01598 09:11:09",226.54,877.15,,,,"     ",5.10,324.05,1.98
1598,539344865,"01598M09:58:24.058","01598 09:11:10",226.54,877.19,,,,"     ",5.10,326.68,2.00
1598,539344866,"01598M09:58:25.031","01598 09:11:11",226.51,877.26,,,,"     ",5.10,330.15,2.02
1598,539344867,"01598M09:58:26.004","01598 09:11:12",226.48,877.19,,,,"     ",5.10,327.06,2.00
1598,539344868,"01598M09:58:26.978","01598 09:11:13",226.43,877.24,,,,"     ",5.10,327.06,2.00
1598,539344869,"01598M09:58:27.951","01598 09:11:14",226.38,877.22,,,,"     ",5.10,326.90,1.99
1598,539344870,"01598M09:58:28.924","01598 09:11:15",226.31,877.20,,,,"     ",5.10,327.96,2.00
1598,539344871,"01598M09:58:29.897","01598 09:11:16",226.26,877.27,,,,"     ",5.10,327.29,1.99
1598,539344872,"01598M09:58:30.871","01598 09:11:17",226.20,877.23,,,,"     ",5.10,330.97,2.02
1598,539344873,"01598M09:58:31.844","01598 09:11:18",226.15,877.20,,,,"     ",5.10,326.77,1.99
1598,539344874,"01598M09:58:32.817","01598 09:11:19",226.12,877.16,,,,"     ",5.10,330.83,2.01
1598,539344875,"01598M09:58:33.790","01598 09:11:20",226.10,877.17,,,,"     ",5.10,327.34,1.99
1598,539344876,"01598M09:58:34.764","01598 09:11:21",226.09,877.16,,,,"     ",5.10,329.95,2.00
1598,539344877,"01598M09:58:35.737","01598 09:11:22",226.10,877.16,,,,"     ",5.10,329.73,2.00
1598,539344878,"01598M09:58:36.710","01598 09:11:23",226.11,877.13,,,,"     ",5.10,329.66,2.00
1598,539344879,"01598M09:58:37.683","01598 09:11:24",226.13,877.02,,,,"     ",5.10,329.30,2.00
1598,539344880,"01598M09:58:38.657","01598 09:11:25",226.14,877.12,,,,"     ",5.10,329.69,2.00
1598,539344881,"01598M09:58:39.630","01598 09:11:26",226.15,877.18,,,,"     ",5.10,328.86,1.99
1598,539344882,"01598M09:58:40.603","01598 09:11:27",226.16,877.19,,,,"     ",5.10,330.37,2.00
1598,539344883,"01598M09:58:41.576","01598 09:11:28",226.17,877.11,,,,"     ",5.10,327.15,1.98
1598,539344884,"01598M09:58:42.550","01598 09:11:29",226.18,877.10,,,,"     ",5.10,330.86,2.00
1598,539344885,"01598M09:58:43.523","01598 09:11:30",226.18,877.15,,,,"     ",5.10,328.90,1.99
1598,539344886,"01598M09:58:44.496","01598 09:11:31",226.17,877.14,,,,"     ",5.10,331.23,2.00
1598,539344887,"01598M09:58:45.469","01598 09:11:32",226.15,877.20,,,,"     ",5.10,331.99,2.01
1598,539344888,"01598M09:58:46.443","01598 09:11:33",226.13,877.11,,,,"     ",5.10,329.22,1.99
1598,539344889,"01598M09:58:47.416","01598 09:11:34",226.10,877.19,,,,"     ",5.10,332.61,2.01
1598,539344890,"01598M09:58:48.389","01598 09:11:35",226.08,877.01,,,,"     ",5.10,334.21,2.02
1598,539344891,"01598M09:58:49.362","01598 09:11:36",226.06,877.05,,,,"     ",5.10,333.15,2.01
1598,539344892,"01598M09:58:50.336","01598 09:11:37",226.05,877.06,,,,"     ",5.10,333.79,2.01
1598,539344893,"01598M09:58:51.309","01598 09:11:38",226.05,877.00,,,,"     ",5.10,332.21,2.00
1598,539344894,"01598M09:58:52.282","01598 09:11:39",226.06,877.03,,,,"     ",5.10,335.43,2.02
1598,539344895,"01598M09:58:53.255","01598 09:11:40",226.10,877.08,,,,"     ",5.10,334.25,2.01
1598,539344896,"01598M09:58:54.229","01598 09:11:41",226.14,877.09,,,,"     ",5.10,333.11,2.00
1598,539344897,"01598M09:58:55.202","01598 09:11:42",226.18,877.08,,,,"     ",5.10,328.83,1.97
1598,539344898,"01598M09:58:56.175","01598 09:11:43",226.23,877.08,,,,"     ",5.10,334.58,2.01
1598,539344899,"01598M09:58:57.148","01598 09:11:43",226.29,877.09,,,,"     ",5.10,335.32,2.01
1598,539344900,"01598M09:58:58.122","01598 09:11:44",226.35,877.03,,,,"     ",5.10,336.33,2.02
1598,539344901,"01598M09:58:59.095","01598 09:11:45",226.41,877.12,,,,"     ",5.10,335.93,2.01
1598,539344902,"01598M09:59:00.068","01598 09:11:46",226.47,877.10,,,,"     ",5.10,335.76,2.01
1598,539344903,"01598M09:59:01.041","01598 09:11:47",226.51,877.09,,,,"     ",5.10,334.66,2.00
1598,539344904,"01598M09:59:02.015","01598 09:11:48",226.54,877.07,,,,"     ",5.10,336.22,2.01
1598,539344905,"01598M09:59:02.988","01598 09:11:49",226.56,877.03,,,,"     ",5.10,334.13,2.00
1598,539344906,"01598M09:59:03.961","01598 09:11:50",226.54,876.98,,,,"     ",5.10,333.67,1.99
1598,539344907,"01598M09:59:04.934","01598 09:11:51",226.52,877.01,,,,"     ",5.10,338.56,2.02
1598,539344908,"01598M09:59:05.908","01598 09:11:52",226.48,876.94,,,,"     ",5.10,336.47,2.01
1598,539344909,"01598M09:59:06.881","01598 09:11:53",226.43,876.98,,,,"     ",5.10,334.62,2.00
1598,539344910,"01598M09:59:07.854","01598 09:11:54",226.38,877.05,,,,"     ",5.10,334.36,1.99
1598,539344911,"01598M09:59:08.827","01598 09:11:55",226.32,876.93,,,,"     ",5.10,334.70,1.99
1598,539344912,"01598M09:59:09.801","01598 09:11:56",226.28,876.94,,,,"     ",5.10,336.50,2.00
1598,539344913,"01598M09:59:10.774","01598 09:11:57",226.25,876.94,,,,"     ",5.10,337.50,2.01
1598,539344914,"01598M09:59:11.747","01598 09:11:58",226.24,876.98,,,,"     ",5.10,332.85,1.98
1598,539344915,"01598M09:59:12.720","01598 09:11:59",226.25,877.03,,,,"     ",5.10,338.44,2.01
1598,539344916,"01598M09:59:13.694","01598 09:12:00",226.26,876.92,,,,"     ",5.10,333.61,1.98
1598,539344917,"01598M09:59:14.667","01598 09:12:01",226.27,876.99,,,,"     ",5.10,332.06,1.97
1598,539344918,"01598M09:59:15.640","01598 09:12:02",226.29,876.98,,,,"     ",5.10,333.89,1.98
1598,539344919,"01598M09:59:16.613","01598 09:12:03",226.31,876.95,,,,"     ",5.10,337.17,2.00
1598,539344920,"01598M09:59:17.587","01598 09:12:04",226.32,876.94,,,,"     ",5.10,335.07,1.99
1598,539344921,"01598M09:59:18.560","01598 09:12:05",226.32,876.97,,,,"     ",5.10,338.85,2.01
1598,539344922,"01598M09:59:19.533","01598 09:12:06",226.31,876.93,,,,"     ",5.10,334.85,1.98
1598,539344923,"01598M09:59:20.506","01598 09:12:07",226.30,876.91,,,,"     ",5.10,339.62,2.01
1598,539344924,"01598M09:59:21.480","01598 09:12:08",226.27,876.95,,,,"     ",5.10,337.49,2.00
1598,539344925,"01598M09:59:22.453","01598 09:12:09",226.24,876.96,,,,"     ",5.10,336.75,1.99
1598,539344926,"01598M09:59:23.426","01598 09:12:10",226.21,876.98,,,,"     ",5.10,337.60,2.00
1598,539344927,"01598M09:59:24.399","01598 09:12:11",226.17,876.95,,,,"     ",5.10,336.67,1.99
1598,539344928,"01598M09:59:25.373","01598 09:12:12",226.14,876.97,,,,"     ",5.10,340.34,2.01
1598,539344929,"01598M09:59:26.346","01598 09:12:13",226.11,877.05,,,,"     ",5.10,332.88,1.97
1598,539344930,"01598M09:59:27.319","01598 09:12:14",226.07,877.03,,,,"     ",5.10,337.03,1.99
1598,539344931,"01598M09:59:28.292","01598 09:12:15",226.05,877.06,,,,"     ",5.10,338.93,2.00
1598,539344932,"01598M09:59:29.266","01598 09:12:16",226.04,877.05,,,,"     ",5.10,337.95,1.99
1598,539344933,"01598M09:59:30.239","01598 09:12:17",226.04,877.05,,,,"     ",5.10,336.02,1.98
1598,539344934,"01598M09:59:31.212","01598 09:12:18",226.05,876.99,,,,"     ",5.10,336.63,1.98
1598,539344935,"01598M09:59:32.185","01598 09:12:19",226.06,876.97,,,,"     ",5.10,336.96,1.99
1598,539344936,"01598M09:59:33.159","01598 09:12:20",226.06,876.92,,,,"     ",5.10,336.29,1.98
1598,539344937,"01598M09:59:34.132","01598 09:12:20",226.07,876.90,,,,"     ",5.10,336.06,1.98
1598,539344938,"01598M09:59:35.105","01598 09:12:21",226.08,876.81,,,,"     ",5.10,338.79,2.00
1598,539344939,"01598M09:59:36.079","01598 09:12:22",226.10,876.85,,,,"     ",5.10,335.40,1.97
1598,539344940,"01598M09:59:37.052","01598 09:12:23",226.12,876.89,,,,"     ",5.10,335.60,1.98
1598,539344941,"01598M09:59:38.025","01598 09:12:24",226.13,876.94,,,,"     ",5.10,338.79,2.00
1598,539344942,"01598M09:59:38.998","01598 09:12:25",226.14,876.86,,,,"     ",5.10,338.06,1.99
1598,539344943,"01598M09:59:39.972","01598 09:12:26",226.16,876.81,,,,"     ",5.10,338.08,1.99
1598,539344944,"01598M09:59:40.945","01598 09:12:27",226.18,876.90,,,,"     ",5.10,336.22,1.98
1598,539344945,"01598M09:59:41.918","01598 09:12:28",226.20,876.94,,,,"     ",5.10,339.69,2.00
1598,539344946,"01598M09:59:42.891","01598 09:12:29",226.22,876.91,,,,"     ",5.10,338.16,1.99
1598,539344947,"01598M09:59:43.865","01598 09:12:30",226.23,876.78,,,,"     ",5.10,336.95,1.98
1598,539344948,"01598M09:59:44.838","01598 09:12:31",226.23,876.86,,,,"     ",5.10,337.28,1.98
1598,539344949,"01598M09:59:45.811","01598 09:12:32",226.24,876.91,,,,"     ",5.10,339.34,2.00
1598,539344950,"01598M09:59:46.784","01598 09:12:33",226.24,876.80,,,,"     ",5.10,339.94,2.00
1598,539344951,"01598M09:59:47.758","01598 09:12:34",226.24,876.81,,,,"     ",5.10,340.70,2.00
1598,539344952,"01598M09:59:48.731","01598 09:12:35",226.23,876.89,,,,"     ",5.10,337.37,1.98
1598,539344953,"01598M09:59:49.704","01598 09:12:36",226.22,876.89,,,,"     ",5.10,337.30,1.98
1598,539344954,"01598M09:59:50.677","01598 09:12:37",226.21,876.91,,,,"     ",5.10,340.12,2.00
1598,539344955,"01598M09:59:51.651","01598 09:12:38",226.19,876.92,,,,"     ",5.10,340.75,2.00
1598,539344956,"01598M09:59:52.624","01598 09:12:39",226.18,876.79,,,,"     ",5.10,338.90,1.99
1598,539344957,"01598M09:59:53.597","01598 09:12:40",226.16,876.75,,,,"     ",5.10,336.86,1.98
1598,539344958,"01598M09:59:54.570","01598 09:12:41",226.15,876.76,,,,"     ",5.10,336.53,1.98
1598,539344959,"01598M09:59:55.544","01598 09:12:42",226.15,876.81,,,,"     ",5.10,337.75,1.98
1598,539344960,"01598M09:59:56.517","01598 09:12:43",226.14,876.77,,,,"     ",5.10,339.27,1.99
1598,539344961,"01598M09:59:57.490","01598 09:12:44",226.14,876.82,,,,"     ",5.10,339.92,2.00
1598,539344962,"01598M09:59:58.463","01598 09:12:45",226.15,876.83,,,,"     ",5.10,339.16,1.99
1598,539344963,"01598M09:59:59.437","01598 09:12:46",226.15,876.86,,,,"     ",5.10,337.58,1.98
1598,539344964,"01598M10:00:00.410","01598 09:12:47",226.16,876.91,,,,"     ",5.10,336.54,1.97
1598,539344965,"01598M10:00:01.383","01598 09:12:48",226.17,876.87,,,,"     ",5.10,341.21,2.00
1598,539344966,"01598M10:00:02.356","01598 09:12:49",226.18,876.86,,,,"     ",5.10,337.38,1.98
1598,539344967,"01598M10:00:03.330","01598 09:12:50",226.19,876.88,,,,"     ",5.10,341.07,2.00
1598,539344968,"01598M10:00:04.303","01598 09:12:51",226.21,876.76,,,,"     ",5.10,338.34,1.98
1598,539344969,"01598M10:00:05.276","01598 09:12:52",226.24,876.75,,,,"     ",5.10,340.67,2.00
1598,539344970,"01598M10:00:06.249","01598 09:12:53",226.27,876.82,,,,"     ",5.10,339.96,1.99
1598,539344971,"01598M10:00:07.223","01598 09:12:54",226.31,876.80,,,,"     ",5.10,338.53,1.98
1598,539344972,"01598M10:00:08.196","01598 09:12:55",226.34,876.82,,,,"     ",5.10,340.34,1.99
1598,539344973,"01598M10:00:09.169","01598 09:12:56",226.37,876.81,,,,"     ",5.10,340.40,1.99
1598,539344974,"01598M10:00:10.142","01598 09:12:56",226.40,876.86,,,,"     ",5.10,338.58,1.98
1598,539344975,"01598M10:00:11.116","01598 09:12:57",226.42,876.91,,,,"     ",5.10,340.85,1.99
1598,539344976,"01598M10:00:12.089","01598 09:12:58",226.45,876.79,,,,"     ",5.10,339.82,1.99
1598,539344977,"01598M10:00:13.062","01598 09:12:59",226.47,876.76,,,,"     ",5.10,341.44,2.00
1598,539344978,"01598M10:00:14.035","01598 09:13:00",226.50,876.76,,,,"     ",5.10,341.29,2.00
1598,539344979,"01598M10:00:15.009","01598 09:13:01",226.50,876.75,,,,"     ",5.10,340.96,1.99
1598,539344980,"01598M10:00:15.982","01598 09:13:02",226.51,876.74,,,,"     ",5.10,340.19,1.99
1598,539344981,"01598M10:00:16.955","01598 09:13:03",226.50,876.87,,,,"     ",5.10,340.11,1.99
1598,539344982,"01598M10:00:17.928","01598 09:13:04",226.49,876.83,,,,"     ",5.10,341.99,2.00
1598,539344983,"01598M10:00:18.902","01598 09:13:05",226.46,876.76,,,,"     ",5.10,341.76,1.99
1598,539344984,"01598M10:00:19.875","01598 09:13:06",226.44,876.75,,,,"     ",5.10,343.81,2.01
1598,539344985,"01598M10:00:20.848","01598 09:13:07",226.44,876.74,,,,"     ",5.10,342.16,2.00
1598,539344986,"01598M10:00:21.821","01598 09:13:08",226.45,876.77,,,,"     ",5.10,341.86,1.99
1598,539344987,"01598M10:00:22.795","01598 09:13:09",226.49,876.74,,,,"     ",5.10,340.34,1.98
1598,539344988,"01598M10:00:23.768","01598 09:13:10",226.54,876.73,,,,"     ",5.10,341.94,1.99
1598,539344989,"01598M10:00:24.741","01598 09:13:11",226.60,876.83,,,,"     ",5.10,341.78,1.99
1598,539344990,"01598M10:00:25.714","01598 09:13:12",226.67,876.78,,,,"     ",5.10,341.63,1.99
1598,539344991,"01598M10:00:26.688","01598 09:13:13",226.73,876.74,,,,"     ",5.10,340.66,1.98
1598,539344992,"01598M10:00:27.661","01598 09:13:14",226.80,876.74,,,,"     ",5.10,339.84,1.98
1598,539344993,"01598M10:00:28.634","01598 09:13:15",226.84,876.75,,,,"     ",5.10,343.68,2.00
1598,539344994,"01598M10:00:29.607","01598 09:13:16",226.86,876.73,,,,"     ",5.10,342.57,1.99
1598,539344995,"01598M10:00:30.581","01598 09:13:17",226.86,876.66,,,,"     ",5.10,342.03,1.99
1598,539344996,"01598M10:00:31.554","01598 09:13:18",226.82,876.66,,,,"     ",5.10,344.19,2.00
1598,539344997,"01598M10:00:32.527","01598 09:13:19",226.77,876.66,,,,"     ",5.10,342.08,1.99
1598,539344998,"01598M10:00:33.500","01598 09:13:20",226.72,876.66,,,,"     ",5.10,343.75,2.00
1598,539344999,"01598M10:00:34.474","01598 09:13:21",226.65,876.62,,,,"     ",5.10,341.43,1.98
1598,539345000,"01598M10:00:35.447","01598 09:13:22",226.59,876.67,,,,"     ",5.10,340.30,1.97
1598,539345001,"01598M10:00:36.420","01598 09:13:23",226.52,876.61,,,,"     ",5.10,344.71,2.00
1598,539345002,"01598M10:00:37.393","01598 09:13:24",226.46,876.62,,,,"     ",5.10,339.03,1.96
1598,539345003,"01598M10:00:38.367","01598 09:13:25",226.42,876.72,,,,"     ",5.10,342.63,1.98
1598,539345004,"01598M10:00:39.340","01598 09:13:26",226.39,876.68,,,,"     ",5.10,345.38,2.00
1598,539345005,"01598M10:00:40.313","01598 09:13:27",226.37,876.68,,,,"     ",5.10,342.78,1.98
1598,539345006,"01598M10:00:41.286","01598 09:13:28",226.37,876.72,,,,"     ",5.10,342.96,1.99
1598,539345007,"01598M10:00:42.260","01598 09:13:29",226.38,876.73,,,,"     ",5.10,340.91,1.97
1598,539345008,"01598M10:00:43.233","01598 09:13:30",226.38,876.73,,,,"     ",5.10,343.13,1.98
1598,539345009,"01598M10:00:44.206","01598 09:13:31",226.39,876.63,,,,"     ",5.10,344.64,1.99
1598,539345010,"01598M10:00:45.179","01598 09:13:32",226.39,876.61,,,,"     ",5.10,347.82,2.01
1598,539345011,"01598M10:00:46.153","01598 09:13:32",226.39,876.64,,,,"     ",5.10,342.12,1.98
1598,539345012,"01598M10:00:47.126","01598 09:13:33",226.39,876.65,,,,"     ",5.10,344.07,1.99
1598,539345013,"01598M10:00:48.099","01598 09:13:34",226.38,876.63,,,,"     ",5.10,343.41,1.98
1598,539345014,"01598M10:00:49.073","01598 09:13:35",226.37,876.67,,,,"     ",5.10,346.32,2.00
1598,539345015,"01598M10:00:50.046","01598 09:13:36",226.37,876.64,,,,"     ",5.10,340.04,1.96
1598,539345016,"01598M10:00:51.019","01598 09:13:37",226.35,876.64,,,,"     ",5.10,344.79,1.99
1598,539345017,"01598M10:00:51.992","01598 09:13:38",226.34,876.54,,,,"     ",5.10,344.72,1.99
1598,539345018,"01598M10:00:52.966","01598 09:13:39",226.32,876.57,,,,"     ",5.10,344.89,1.99
1598,539345019,"01598M10:00:53.939","01598 09:13:40",226.31,876.67,,,,"     ",5.10,347.36,2.00
1598,539345020,"01598M10:00:54.912","01598 09:13:41",226.29,876.65,,,,"     ",5.10,344.11,1.98
1598,539345021,"01598M10:00:55.885","01598 09:13:42",226.27,876.62,,,,"     ",5.10,343.76,1.98
1598,539345022,"01598M10:00:56.859","01598 09:13:43",226.46,876.62,,,,"     ",5.10,344.23,1.98
1598,539345023,"01598M10:00:57.832","01598 09:13:44",226.39,876.48,,,,"     ",5.10,341.03,1.96
1598,539345024,"01598M10:00:58.805","01598 09:13:45",226.34,876.51,,,,"     ",5.10,343.58,1.98
1598,539345025,"01598M10:00:59.778","01598 09:13:46",226.28,876.56,,,,"     ",5.10,345.57,1.99
1598,539345026,"01598M10:01:00.752","01598 09:13:47",226.22,876.52,,,,"     ",5.10,345.13,1.99
1598,539345027,"01598M10:01:01.725","01598 09:13:48",226.17,876.52,,,,"     ",5.10,345.25,1.99
1598,539345028,"01598M10:01:02.698","01598 09:13:49",226.12,876.57,,,,"     ",5.10,346.39,1.99
1598,539345029,"01598M10:01:03.671","01598 09:13:50",226.07,876.53,,,,"     ",5.10,343.39,1.97
1598,539345030,"01598M10:01:04.645","01598 09:13:51",226.03,876.63,,,,"     ",5.10,344.62,1.98
1598,539345046,"01598M10:01:20.217","01598 09:14:07",225.81,876.62,,,,"     ",5.10,,
1598,539345047,"01598M10:01:21.190","01598 09:14:08",225.83,876.61,,,,"     ",5.10,346.29,1.98
1598,539345048,"01598M10:01:22.163","01598 09:14:08",225.86,876.52,,,,"     ",5.10,345.54,1.98
1598,539345049,"01598M10:01:23.136","01598 09:14:09",225.88,876.57,,,,"     ",5.10,344.81,1.97
1598,539345050,"01598M10:01:24.110","01598 09:14:10",225.92,876.57,,,,"     ",5.10,345.26,1.97
1598,539345051,"01598M10:01:25.083","01598 09:14:11",225.96,876.49,,,,"     ",5.10,346.73,1.98
1598,539345052,"01598M10:01:26.056","01598 09:14:12",226.00,876.54,,,,"     ",5.10,344.62,1.97
1598,539345053,"01598M10:01:27.029","01598 09:14:13",226.05,876.53,,,,"     ",5.10,344.22,1.96
1598,539345054,"01598M10:01:28.003","01598 09:14:14",226.09,876.54,,,,"     ",5.10,348.14,1.99
1598,539345055,"01598M10:01:28.976","01598 09:14:15",226.13,876.52,,,,"     ",5.10,343.52,1.96
1598,539345056,"01598M10:01:29.949","01598 09:14:16",226.17,876.51,,,,"     ",5.10,346.11,1.97
1598,539345057,"01598M10:01:30.922","01598 09:14:17",226.21,876.53,,,,"     ",5.10,346.64,1.98
1598,539345058,"01598M10:01:31.896","01598 09:14:18",226.25,876.55,,,,"     ",5.10,344.74,1.96
1598,539345059,"01598M10:01:32.869","01598 09:14:19",226.29,876.43,,,,"     ",5.10,346.68,1.97
1598,539345060,"01598M10:01:33.842","01598 09:14:20",226.32,876.52,,,,"     ",5.10,344.57,1.96
1598,539345061,"01598M10:01:34.815","01598 09:14:21",226.36,876.47,,,,"     ",5.10,344.65,1.96
1598,539345062,"01598M10:01:35.789","01598 09:14:22",226.41,876.51,,,,"     ",5.10,347.73,1.98
1598,539345063,"01598M10:01:36.762","01598 09:14:23",226.46,876.40,,,,"     ",5.10,346.35,1.97
1598,539345064,"01598M10:01:37.735","01598 09:14:24",226.50,876.46,,,,"     ",5.10,345.40,1.97
1598,539345065,"01598M10:01:38.708","01598 09:14:25",226.56,876.40,,,,"     ",5.10,346.73,1.97
1598,539345066,"01598M10:01:39.682","01598 09:14:26",226.63,876.55,,,,"     ",5.10,345.24,1.96
1598,539345067,"01598M10:01:40.655","01598 09:14:27",226.70,876.45,,,,"     ",5.10,347.13,1.97
1598,539345068,"01598M10:01:41.628","01598 09:14:28",226.78,876.46,,,,"     ",5.10,349.64,1.99
1598,539345069,"01598M10:01:42.601","01598 09:14:29",226.87,876.46,,,,"     ",5.10,346.96,1.97
1598,539345070,"01598M10:01:43.575","01598 09:14:30",226.96,876.47,,,,"     ",5.10,346.38,1.97
1598,539345071,"01598M10:01:44.548","01598 09:14:31",227.05,876.44,,,,"     ",5.10,347.55,1.97
1598,539345072,"01598M10:01:45.521","01598 09:14:32",227.14,876.48,,,,"     ",5.10,345.41,1.96
1598,539345073,"01598M10:01:46.494","01598 09:14:33",227.20,876.44,,,,"     ",5.10,346.08,1.96
1598,539345074,"01598M10:01:47.468","01598 09:14:34",227.25,876.44,,,,"     ",5.10,346.88,1.97
1598,539345075,"01598M10:01:48.441","01598 09:14:35",227.27,876.45,,,,"     ",5.10,344.86,1.96
1598,539345076,"01598M10:01:49.414","01598 09:14:36",227.27,876.50,,,,"     ",5.10,347.01,1.97
1598,539345077,"01598M10:01:50.387","01598 09:14:37",227.25,876.49,,,,"     ",5.10,347.35,1.97
1598,539345078,"01598M10:01:51.361","01598 09:14:38",227.23,876.46,,,,"     ",5.10,347.99,1.97
1598,539345079,"01598M10:01:52.334","01598 09:14:39",227.22,876.46,,,,"     ",5.10,347.04,1.97
1598,539345080,"01598M10:01:53.307","01598 09:14:40",227.20,876.40,,,,"     ",5.10,348.99,1.98
1598,539345081,"01598M10:01:54.280","01598 09:14:41",227.18,876.40,,,,"     ",5.10,348.21,1.97
1598,539345082,"01598M10:01:55.254","01598 09:14:42",227.16,876.37,,,,"     ",5.10,348.51,1.97
1598,539345083,"01598M10:01:56.227","01598 09:14:43",227.14,876.37,,,,"     ",5.10,347.16,1.96
1598,539345084,"01598M10:01:57.200","01598 09:14:44",227.13,876.37,,,,"     ",5.10,348.00,1.97
1598,539345085,"01598M10:01:58.174","01598 09:14:44",227.12,876.39,,,,"     ",5.10,349.02,1.97
1598,539345086,"01598M10:01:59.147","01598 09:14:45",227.10,876.44,,,,"     ",5.10,346.06,1.96
1598,539345087,"01598M10:02:00.120","01598 09:14:46",227.08,876.39,,,,"     ",5.10,347.88,1.97
1598,539345088,"01598M10:02:01.093","01598 09:14:47",227.06,876.42,,,,"     ",5.10,348.96,1.97
1598,539345089,"01598M10:02:02.067","01598 09:14:48",227.02,876.38,,,,"     ",5.10,347.16,1.96
1598,539345090,"01598M10:02:03.040","01598 09:14:49",226.98,876.34,,,,"     ",5.10,348.79,1.97
1598,539345091,"01598M10:02:04.013","01598 09:14:50",226.92,876.21,,,,"     ",5.10,351.20,1.98
1598,539345092,"01598M10:02:04.986","01598 09:14:51",226.86,876.23,,,,"     ",5.10,345.91,1.95
1598,539345093,"01598M10:02:05.960","01598 09:14:52",226.79,876.24,,,,"     ",5.10,350.66,1.98
1598,539345094,"01598M10:02:06.933","01598 09:14:53",226.72,876.27,,,,"     ",5.10,351.29,1.99
1598,539345095,"01598M10:02:07.906","01598 09:14:54",226.66,876.31,,,,"     ",5.10,349.34,1.97
1598,539345096,"01598M10:02:08.879","01598 09:14:55",226.60,876.29,,,,"     ",5.10,347.44,1.96
1598,539345097,"01598M10:02:09.853","01598 09:14:56",226.56,876.35,,,,"     ",5.10,350.08,1.98
1598,539345098,"01598M10:02:10.826","01598 09:14:57",226.53,876.31,,,,"     ",5.10,351.27,1.99
1598,539345099,"01598M10:02:11.799","01598 09:14:58",226.51,876.26,,,,"     ",5.10,346.15,1.95
1598,539345100,"01598M10:02:12.772","01598 09:14:59",226.49,876.19,,,,"     ",5.10,349.27,1.97
1598,539345101,"01598M10:02:13.746","01598 09:15:00",226.47,876.32,,,,"     ",5.10,348.11,1.97
1598,539345102,"01598M10:02:14.719","01598 09:15:01",226.45,876.32,,,,"     ",5.10,346.27,1.95
1598,539345103,"01598M10:02:15.692","01598 09:15:02",226.44,876.34,,,,"     ",5.10,350.27,1.98
1598,539345104,"01598M10:02:16.665","01598 09:15:03",226.42,876.34,,,,"     ",5.10,348.83,1.97
1598,539345105,"01598M10:02:17.639","01598 09:15:04",226.42,876.40,,,,"     ",5.10,349.19,1.97
1598,539345106,"01598M10:02:18.612","01598 09:15:05",226.42,876.35,,,,"     ",5.10,350.34,1.98
1598,539345107,"01598M10:02:19.585","01598 09:15:06",226.43,876.38,,,,"     ",5.10,348.06,1.96
1598,539345108,"01598M10:02:20.558","01598 09:15:07",226.44,876.33,,,,"     ",5.10,350.90,1.98
1598,539345109,"01598M10:02:21.532","01598 09:15:08",226.45,876.41,,,,"     ",5.10,349.57,1.97
1598,539345110,"01598M10:02:22.505","01598 09:15:09",226.47,876.43,,,,"     ",5.10,350.60,1.98
1598,539345111,"01598M10:02:23.478","01598 09:15:10",226.49,876.39,,,,"     ",5.10,350.06,1.97
1598,539345112,"01598M10:02:24.451","01598 09:15:11",226.51,876.38,,,,"     ",5.10,344.93,1.95
1598,539345113,"01598M10:02:25.425","01598 09:15:12",226.53,876.36,,,,"     ",5.10,351.20,1.98
1598,539345114,"01598M10:02:26.398","01598 09:15:13",226.54,876.36,,,,"     ",5.10,348.83,1.97
1598,539345115,"01598M10:02:27.371","01598 09:15:14",226.55,876.32,,,,"     ",5.10,353.48,1.99
1598,539345116,"01598M10:02:28.344","01598 09:15:15",226.54,876.34,,,,"     ",5.10,350.10,1.97
1598,539345117,"01598M10:02:29.318","01598 09:15:16",226.53,876.31,,,,"     ",5.10,348.67,1.96
1598,539345118,"01598M10:02:30.291","01598 09:15:17",226.52,876.26,,,,"     ",5.10,349.69,1.97
1598,539345119,"01598M10:02:31.264","01598 09:15:18",226.50,876.37,,,,"     ",5.10,351.66,1.98
1598,539345120,"01598M10:02:32.237","01598 09:15:19",226.49,876.24,,,,"     ",5.10,349.57,1.97
1598,539345121,"01598M10:02:33.211","01598 09:15:20",226.47,876.23,,,,"     ",5.10,349.85,1.97
1598,539345122,"01598M10:02:34.184","01598 09:15:20",226.46,876.21,,,,"     ",5.10,348.42,1.96
1598,539345123,"01598M10:02:35.157","01598 09:15:21",226.47,876.26,,,,"     ",5.10,348.67,1.96
1598,539345124,"01598M10:02:36.130","01598 09:15:22",226.48,876.30,,,,"     ",5.10,351.35,1.98
1598,539345125,"01598M10:02:37.104","01598 09:15:23",226.50,876.28,,,,"     ",5.10,346.42,1.95
1598,539345126,"01598M10:02:38.077","01598 09:15:24",226.52,876.31,,,,"     ",5.10,348.52,1.96
1598,539345127,"01598M10:02:39.050","01598 09:15:25",226.54,876.35,,,,"     ",5.10,355.02,2.00
1598,539345128,"01598M10:02:40.023","01598 09:15:26",226.56,876.30,,,,"     ",5.10,346.51,1.95
1598,539345129,"01598M10:02:40.997","01598 09:15:27",226.56,876.29,,,,"     ",5.10,353.07,1.99
1598,539345130,"01598M10:02:41.970","01598 09:15:28",226.58,876.28,,,,"     ",5.10,350.95,1.98
1598,539345131,"01598M10:02:42.943","01598 09:15:29",226.49,876.26,,,,"     ",5.10,349.14,1.96
1598,539345132,"01598M10:02:43.916","01598 09:15:30",226.41,876.25,,,,"     ",5.10,352.36,1.98
1598,539345133,"01598M10:02:44.890","01598 09:15:31",226.34,876.23,,,,"     ",5.10,351.02,1.97
1598,539345134,"01598M10:02:45.863","01598 09:15:32",226.27,876.21,,,,"     ",5.10,349.52,1.97
1598,539345135,"01598M10:02:46.836","01598 09:15:33",226.21,876.22,,,,"     ",5.10,347.87,1.96
1598,539345136,"01598M10:02:47.809","01598 09:15:34",226.14,876.22,,,,"     ",5.10,347.57,1.96
1598,539345137,"01598M10:02:48.783","01598 09:15:35",226.07,876.27,,,,"     ",5.10,350.70,1.97
1598,539345138,"01598M10:02:49.756","01598 09:15:36",226.00,876.28,,,,"     ",5.10,348.28,1.96
1598,539345139,"01598M10:02:50.729","01598 09:15:37",225.93,876.24,,,,"     ",5.10,352.33,1.98
1598,539345140,"01598M10:02:51.702","01598 09:15:38",225.87,876.30,,,,"     ",5.10,351.02,1.97
1598,539345141,"01598M10:02:52.676","01598 09:15:39",225.83,876.15,,,,"     ",5.10,350.78,1.97
1598,539345142,"01598M10:02:53.649","01598 09:15:40",225.82,876.22,,,,"     ",5.10,350.99,1.97
1598,539345143,"01598M10:02:54.622","01598 09:15:41",225.82,876.22,,,,"     ",5.10,351.67,1.98
1598,539345144,"01598M10:02:55.595","01598 09:15:42",225.82,876.18,,,,"     ",5.10,351.00,1.97
1598,539345145,"01598M10:02:56.569","01598 09:15:43",225.84,876.12,,,,"     ",5.10,348.61,1.96
1598,539345146,"01598M10:02:57.542","01598 09:15:44",225.86,876.17,,,,"     ",5.10,350.37,1.97
1598,539345147,"01598M10:02:58.515","01598 09:15:45",225.88,876.10,,,,"     ",5.10,348.49,1.96
1598,539345148,"01598M10:02:59.488","01598 09:15:46",225.89,876.16,,,,"     ",5.10,351.18,1.98
1598,539345149,"01598M10:03:00.462","01598 09:15:47",225.87,876.13,,,,"     ",5.10,352.11,1.98
1598,539345150,"01598M10:03:01.435","01598 09:15:48",225.82,876.22,,,,"     ",5.10,350.39,1.97
1598,539345151,"01598M10:03:02.408","01598 09:15:49",225.75,876.22,,,,"     ",5.10,350.01,1.97
1598,539345152,"01598M10:03:03.381","01598 09:15:50",225.66,876.16,,,,"     ",5.10,353.36,1.99
1598,539345153,"01598M10:03:04.355","01598 09:15:51",225.54,876.22,,,,"     ",5.10,344.99,1.94
1598,539345154,"01598M10:03:05.328","01598 09:15:52",225.42,876.27,,,,"     ",5.10,350.92,1.97
1598,539345155,"01598M10:03:06.301","01598 09:15:53",225.28,876.24,,,,"     ",5.10,349.04,1.96
1598,539345156,"01598M10:03:07.275","01598 09:15:54",225.14,876.26,,,,"     ",5.10,347.25,1.95
1598,539345157,"01598M10:03:08.248","01598 09:15:55",225.02,876.25,,,,"     ",5.10,348.36,1.96
1598,539345158,"01598M10:03:09.221","01598 09:15:56",224.92,876.21,,,,"     ",5.10,347.13,1.95
1598,539345159,"01598M10:03:10.194","01598 09:15:56",224.83,876.21,,,,"     ",5.10,351.16,1.98
1598,539345160,"01598M10:03:11.168","01598 09:15:57",224.77,876.19,,,,"     ",5.10,346.94,1.95
1598,539345161,"01598M10:03:12.141","01598 09:15:58",224.73,876.21,,,,"     ",5.10,349.78,1.97
1598,539345162,"01598M10:03:13.114","01598 09:15:59",224.71,876.13,,,,"     ",5.10,348.07,1.96
1598,539345163,"01598M10:03:14.087","01598 09:16:00",224.72,876.13,,,,"     ",5.10,347.88,1.96
1598,539345164,"01598M10:03:15.061","01598 09:16:01",224.75,876.17,,,,"     ",5.10,350.54,1.97
1598,539345165,"01598M10:03:16.034","01598 09:16:02",224.81,876.12,,,,"     ",5.10,347.94,1.96
1598,539345166,"01598M10:03:17.007","01598 09:16:03",224.88,876.19,,,,"     ",5.10,345.71,1.95
1598,539345167,"01598M10:03:17.980","01598 09:16:04",224.95,876.14,,,,"     ",5.10,347.66,1.96
1598,539345168,"01598M10:03:18.954","01598 09:16:05",225.02,876.15,,,,"     ",5.10,347.10,1.95
1598,539345169,"01598M10:03:19.927","01598 09:16:06",225.07,876.13,,,,"     ",5.10,346.24,1.95
1598,539345170,"01598M10:03:20.900","01598 09:16:07",225.11,876.15,,,,"     ",5.10,349.57,1.97
1598,539345171,"01598M10:03:21.873","01598 09:16:08",225.14,876.13,,,,"     ",5.10,347.16,1.95
1598,539345172,"01598M10:03:22.847","01598 09:16:09",225.17,876.18,,,,"     ",5.10,345.86,1.95
1598,539345173,"01598M10:03:23.820","01598 09:16:10",225.17,876.17,,,,"     ",5.10,349.94,1.97
1598,539345174,"01598M10:03:24.793","01598 09:16:11",225.15,876.13,,,,"     ",5.10,346.56,1.95
1598,539345175,"01598M10:03:25.766","01598 09:16:12",225.10,876.10,,,,"     ",5.10,346.37,1.95
1598,539345176,"01598M10:03:26.740","01598 09:16:13",225.04,876.12,,,,"     ",5.10,348.29,1.96
1598,539345177,"01598M10:03:27.713","01598 09:16:14",224.96,876.19,,,,"     ",5.10,347.61,1.96
1598,539345178,"01598M10:03:28.686","01598 09:16:15",224.89,876.21,,,,"     ",5.10,352.11,1.98
1598,539345179,"01598M10:03:29.659","01598 09:16:16",224.83,876.22,,,,"     ",5.10,349.01,1.96
1598,539345180,"01598M10:03:30.633","01598 09:16:17",224.79,876.17,,,,"     ",5.10,344.41,1.94
1598,539345181,"01598M10:03:31.606","01598 09:16:18",224.76,876.15,,,,"     ",5.10,348.33,1.96
1598,539345182,"01598M10:03:32.579","01598 09:16:19",224.76,876.08,,,,"     ",5.10,346.69,1.95
1598,539345183,"01598M10:03:33.552","01598 09:16:20",224.77,876.10,,,,"     ",5.10,348.20,1.96
1598,539345184,"01598M10:03:34.526","01598 09:16:21",224.81,876.07,,,,"     ",5.10,345.25,1.94
1598,539345185,"01598M10:03:35.499","01598 09:16:22",224.86,876.09,,,,"     ",5.10,350.20,1.97
1598,539345186,"01598M10:03:36.472","01598 09:16:23",224.93,876.11,,,,"     ",5.10,348.16,1.96
1598,539345187,"01598M10:03:37.445","01598 09:16:24",224.99,876.09,,,,"     ",5.10,350.41,1.97
1598,539345188,"01598M10:03:38.419","01598 09:16:25",225.05,876.08,,,,"     ",5.10,352.99,1.98
1598,539345189,"01598M10:03:39.392","01598 09:16:26",225.10,876.07,,,,"     ",5.10,349.88,1.97
1598,539345190,"01598M10:03:40.365","01598 09:16:27",225.14,876.12,,,,"     ",5.10,348.02,1.96
1598,539345191,"01598M10:03:41.338","01598 09:16:28",225.17,876.10,,,,"     ",5.10,349.63,1.96
1598,539345192,"01598M10:03:42.312","01598 09:16:29",225.20,875.99,,,,"     ",5.10,349.00,1.96
1598,539345193,"01598M10:03:43.285","01598 09:16:30",225.24,876.03,,,,"     ",5.10,352.43,1.98
1598,539345194,"01598M10:03:44.258","01598 09:16:31",225.29,876.00,,,,"     ",5.10,347.64,1.95
1598,539345195,"01598M10:03:45.231","01598 09:16:32",225.34,876.08,,,,"     ",5.10,350.72,1.97
1598,539345196,"01598M10:03:46.205","01598 09:16:33",225.38,876.14,,,,"     ",5.10,348.67,1.96
1598,539345197,"01598M10:03:47.178","01598 09:16:33",225.39,876.09,,,,"     ",5.10,350.48,1.97
1598,539345198,"01598M10:03:48.151","01598 09:16:34",225.38,876.10,,,,"     ",5.10,349.48,1.96
1598,539345199,"01598M10:03:49.124","01598 09:16:35",225.37,876.11,,,,"     ",5.10,350.31,1.97
1598,539345200,"01598M10:03:50.098","01598 09:16:36",225.36,876.08,,,,"     ",5.10,349.35,1.96
1598,539345201,"01598M10:03:51.071","01598 09:16:37",225.37,876.10,,,,"     ",5.10,351.70,1.97
1598,539345202,"01598M10:03:52.044","01598 09:16:38",225.39,876.10,,,,"     ",5.10,347.07,1.95
1598,539345203,"01598M10:03:53.017","01598 09:16:39",225.41,876.12,,,,"     ",5.10,348.26,1.95
1598,539345204,"01598M10:03:53.991","01598 09:16:40",225.43,876.06,,,,"     ",5.10,352.38,1.97
1598,539345205,"01598M10:03:54.964","01598 09:16:41",225.45,876.02,,,,"     ",5.10,351.20,1.97
1598,539345206,"01598M10:03:55.937","01598 09:16:42",225.46,876.01,,,,"     ",5.10,351.78,1.97
1598,539345207,"01598M10:03:56.910","01598 09:16:43",225.46,876.07,,,,"     ",5.10,350.00,1.96
1598,539345208,"01598M10:03:57.884","01598 09:16:44",225.47,876.05,,,,"     ",5.10,351.45,1.97
1598,539345209,"01598M10:03:58.857","01598 09:16:45",225.51,876.04,,,,"     ",5.10,350.56,1.96
1598,539345210,"01598M10:03:59.830","01598 09:16:46",225.57,876.06,,,,"     ",5.10,353.25,1.98
1598,539345211,"01598M10:04:00.803","01598 09:16:47",225.64,875.97,,,,"     ",5.10,351.06,1.96
1598,539345212,"01598M10:04:01.777","01598 09:16:48",225.70,875.97,,,,"     ",5.10,346.54,1.94
1598,539345213,"01598M10:04:02.750","01598 09:16:49",225.73,875.93,,,,"     ",5.10,351.47,1.97
1598,539345214,"01598M10:04:03.723","01598 09:16:50",225.72,875.99,,,,"     ",5.10,351.54,1.96
1598,539345215,"01598M10:04:04.696","01598 09:16:51",225.68,875.97,,,,"     ",5.10,351.47,1.96
1598,539345216,"01598M10:04:05.670","01598 09:16:52",225.61,875.98,,,,"     ",5.10,351.10,1.96
1598,539345217,"01598M10:04:06.643","01598 09:16:53",225.53,876.00,,,,"     ",5.10,353.85,1.98
1598,539345218,"01598M10:04:07.616","01598 09:16:54",225.47,876.02,,,,"     ",5.10,352.71,1.97
1598,539345219,"01598M10:04:08.589","01598 09:16:55",225.42,876.00,,,,"     ",5.10,349.24,1.95
1598,539345220,"01598M10:04:09.563","01598 09:16:56",225.39,875.99,,,,"     ",5.10,356.58,1.99
1598,539345221,"01598M10:04:10.536","01598 09:16:57",225.38,875.93,,,,"     ",5.10,350.18,1.95
1598,539345222,"01598M10:04:11.509","01598 09:16:58",225.37,875.94,,,,"     ",5.10,348.79,1.95
1598,539345223,"01598M10:04:12.482","01598 09:16:59",225.37,875.97,,,,"     ",5.10,348.17,1.94
1598,539345224,"01598M10:04:13.456","01598 09:17:00",225.37,875.93,,,,"     ",5.10,350.13,1.95
1598,539345225,"01598M10:04:14.429","01598 09:17:01",225.36,875.90,,,,"     ",5.10,347.21,1.93
1598,539345226,"01598M10:04:15.402","01598 09:17:02",225.35,875.95,,,,"     ",5.10,352.20,1.96
1598,539345227,"01598M10:04:16.376","01598 09:17:03",225.36,875.97,,,,"     ",5.10,351.53,1.96
1598,539345228,"01598M10:04:17.349","01598 09:17:04",225.37,875.94,,,,"     ",5.10,347.16,1.93
1598,539345229,"01598M10:04:18.322","01598 09:17:05",225.39,875.81,,,,"     ",5.10,350.36,1.95
1598,539345230,"01598M10:04:19.295","01598 09:17:06",225.40,875.86,,,,"     ",5.10,354.47,1.97
1598,539345231,"01598M10:04:20.269","01598 09:17:07",225.40,875.90,,,,"     ",5.10,351.36,1.95
1598,539345232,"01598M10:04:21.242","01598 09:17:08",225.38,875.88,,,,"     ",5.10,351.70,1.96
1598,539345233,"01598M10:04:22.215","01598 09:17:09",225.36,875.85,,,,"     ",5.10,353.88,1.97
1598,539345234,"01598M10:04:23.188","01598 09:17:09",225.34,875.96,,,,"     ",5.10,350.47,1.95
1598,539345235,"01598M10:04:24.162","01598 09:17:10",225.33,875.83,,,,"     ",5.10,350.67,1.95
1598,539345236,"01598M10:04:25.135","01598 09:17:11",225.32,875.82,,,,"     ",5.10,351.46,1.95
1598,539345237,"01598M10:04:26.108","01598 09:17:12",225.32,876.01,,,,"     ",5.10,348.85,1.94
1598,539345238,"01598M10:04:27.081","01598 09:17:13",225.32,875.91,,,,"     ",5.10,350.64,1.95
1598,539345239,"01598M10:04:28.055","01598 09:17:14",225.33,875.91,,,,"     ",5.10,351.43,1.95
1598,539345240,"01598M10:04:29.028","01598 09:17:15",225.33,875.86,,,,"     ",5.10,349.74,1.94
1598,539345241,"01598M10:04:30.001","01598 09:17:16",225.31,875.90,,,,"     ",5.10,351.16,1.95
1598,539345242,"01598M10:04:30.974","01598 09:17:17",225.27,875.98,,,,"     ",5.10,350.76,1.95
1598,539345243,"01598M10:04:31.948","01598 09:17:18",225.19,875.91,,,,"     ",5.10,352.04,1.95
1598,539345244,"01598M10:04:32.921","01598 09:17:19",225.08,875.87,,,,"     ",5.10,349.38,1.94
1598,539345245,"01598M10:04:33.894","01598 09:17:20",224.94,875.88,,,,"     ",5.10,349.82,1.94
1598,539345246,"01598M10:04:34.867","01598 09:17:21",224.82,875.95,,,,"     ",5.10,350.69,1.95
1598,539345247,"01598M10:04:35.841","01598 09:17:22",224.72,876.04,,,,"     ",5.10,349.58,1.94
1598,539345248,"01598M10:04:36.814","01598 09:17:23",224.65,876.00,,,,"     ",5.10,352.65,1.96
1598,539345249,"01598M10:04:37.787","01598 09:17:24",224.61,875.98,,,,"     ",5.10,351.10,1.95
1598,539345250,"01598M10:04:38.760","01598 09:17:25",224.58,875.96,,,,"     ",5.10,350.70,1.94
1598,539345251,"01598M10:04:39.734","01598 09:17:26",224.57,875.86,,,,"     ",5.10,348.75,1.93
1598,539345252,"01598M10:04:40.707","01598 09:17:27",224.57,875.83,,,,"     ",5.10,350.72,1.94
1598,539345253,"01598M10:04:41.680","01598 09:17:28",224.61,875.83,,,,"     ",5.10,351.23,1.95
1598,539345254,"01598M10:04:42.653","01598 09:17:29",224.66,875.82,,,,"     ",5.10,351.38,1.95
1598,539345255,"01598M10:04:43.627","01598 09:17:30",224.72,875.86,,,,"     ",5.10,352.80,1.95
1598,539345256,"01598M10:04:44.600","01598 09:17:31",224.78,875.80,,,,"     ",5.10,351.60,1.95
1598,539345257,"01598M10:04:45.573","01598 09:17:32",224.84,875.82,,,,"     ",5.10,351.21,1.94
1598,539345258,"01598M10:04:46.546","01598 09:17:33",224.87,875.80,,,,"     ",5.10,353.43,1.96
1598,539345259,"01598M10:04:47.520","01598 09:17:34",224.86,875.86,,,,"     ",5.10,351.91,1.95
1598,539345260,"01598M10:04:48.493","01598 09:17:35",224.83,875.83,,,,"     ",5.10,349.56,1.93
1598,539345261,"01598M10:04:49.466","01598 09:17:36",224.77,875.82,,,,"     ",5.10,353.07,1.95
1598,539345262,"01598M10:04:50.439","01598 09:17:37",224.67,875.82,,,,"     ",5.10,351.78,1.95
1598,539345263,"01598M10:04:51.413","01598 09:17:38",224.54,875.84,,,,"     ",5.10,352.68,1.95
1598,539345264,"01598M10:04:52.386","01598 09:17:39",224.42,875.81,,,,"     ",5.10,351.44,1.94
1598,539345265,"01598M10:04:53.359","01598 09:17:40",224.31,875.83,,,,"     ",5.10,352.16,1.95
1598,539345266,"01598M10:04:54.332","01598 09:17:41",224.23,875.75,,,,"     ",5.10,349.18,1.93
1598,539345267,"01598M10:04:55.306","01598 09:17:42",224.18,875.72,,,,"     ",5.10,357.22,1.98
1598,539345268,"01598M10:04:56.279","01598 09:17:43",224.15,875.71,,,,"     ",5.10,351.67,1.94
1598,539345269,"01598M10:04:57.252","01598 09:17:44",224.14,875.74,,,,"     ",5.10,350.53,1.94
1598,539345270,"01598M10:04:58.225","01598 09:17:45",224.14,875.69,,,,"     ",5.10,352.86,1.95
1598,539345271,"01598M10:04:59.199","01598 09:17:45",224.14,875.62,,,,"     ",5.10,349.34,1.93
1598,539345272,"01598M10:05:00.172","01598 09:17:46",224.17,875.79,,,,"     ",5.10,351.54,1.94
1598,539345273,"01598M10:05:01.145","01598 09:17:47",224.21,875.74,,,,"     ",5.10,354.86,1.96
1598,539345274,"01598M10:05:02.118","01598 09:17:48",224.27,875.78,,,,"     ",5.10,351.31,1.94
1598,539345275,"01598M10:05:03.092","01598 09:17:49",224.34,875.74,,,,"     ",5.10,351.42,1.94
1598,539345276,"01598M10:05:04.065","01598 09:17:50",224.41,875.76,,,,"     ",5.10,353.50,1.95
1598,539345277,"01598M10:05:05.038","01598 09:17:51",224.48,875.67,,,,"     ",5.10,356.96,1.97
1598,539345278,"01598M10:05:06.011","01598 09:17:52",224.56,875.68,,,,"     ",5.10,356.34,1.97
1598,539345279,"01598M10:05:06.985","01598 09:17:53",224.64,875.73,,,,"     ",5.10,350.40,1.93
1598,539345280,"01598M10:05:07.958","01598 09:17:54",224.70,875.70,,,,"     ",5.10,355.80,1.96
1598,539345281,"01598M10:05:08.931","01598 09:17:55",224.72,875.78,,,,"     ",5.10,352.04,1.94
1598,539345282,"01598M10:05:09.904","01598 09:17:56",224.72,875.71,,,,"     ",5.10,354.13,1.95
1598,539345283,"01598M10:05:10.878","01598 09:17:57",224.69,875.71,,,,"     ",5.10,354.84,1.96
1598,539345284,"01598M10:05:11.851","01598 09:17:58",224.66,875.74,,,,"     ",5.10,353.32,1.95
1598,539345285,"01598M10:05:12.824","01598 09:17:59",224.63,875.73,,,,"     ",5.10,352.86,1.94
1598,539345286,"01598M10:05:13.797","01598 09:18:00",224.61,875.70,,,,"     ",5.10,354.80,1.95
1598,539345287,"01598M10:05:14.771","01598 09:18:01",224.59,875.67,,,,"     ",5.10,357.19,1.97
1598,539345288,"01598M10:05:15.744","01598 09:18:02",224.54,875.66,,,,"     ",5.10,354.65,1.95
1598,539345289,"01598M10:05:16.717","01598 09:18:03",224.46,875.64,,,,"     ",5.10,356.16,1.96
1598,539345290,"01598M10:05:17.690","01598 09:18:04",224.36,875.67,,,,"     ",5.10,354.57,1.95
1598,539345291,"01598M10:05:18.664","01598 09:18:05",224.24,875.62,,,,"     ",5.10,355.28,1.96
1598,539345292,"01598M10:05:19.637","01598 09:18:06",224.13,875.66,,,,"     ",5.10,355.98,1.96
1598,539345293,"01598M10:05:20.610","01598 09:18:07",224.05,875.70,,,,"     ",5.10,355.16,1.95
1598,539345294,"01598M10:05:21.583","01598 09:18:08",224.00,875.63,,,,"     ",5.10,352.95,1.94
1598,539345295,"01598M10:05:22.557","01598 09:18:09",223.96,875.58,,,,"     ",5.10,354.64,1.95
1598,539345296,"01598M10:05:23.530","01598 09:18:10",223.94,875.61,,,,"     ",5.10,355.31,1.95
1598,539345297,"01598M10:05:24.503","01598 09:18:11",223.94,875.69,,,,"     ",5.10,354.35,1.95
1598,539345298,"01598M10:05:25.477","01598 09:18:12",223.97,875.67,,,,"     ",5.10,352.91,1.94
1598,539345299,"01598M10:05:26.450","01598 09:18:13",224.00,875.74,,,,"     ",5.10,355.07,1.95
1598,539345300,"01598M10:05:27.423","01598 09:18:14",224.03,875.69,,,,"     ",5.10,351.79,1.93
1598,539345301,"01598M10:05:28.396","01598 09:18:15",224.06,875.64,,,,"     ",5.10,350.94,1.93
1598,539345302,"01598M10:05:29.370","01598 09:18:16",224.10,875.55,,,,"     ",5.10,354.61,1.95
1598,539345303,"01598M10:05:30.343","01598 09:18:17",224.14,875.64,,,,"     ",5.10,354.19,1.95
1598,539345304,"01598M10:05:31.316","01598 09:18:18",224.16,875.62,,,,"     ",5.10,352.97,1.94
1598,539345305,"01598M10:05:32.289","01598 09:18:19",224.16,875.51,,,,"     ",5.10,355.32,1.95
1598,539345306,"01598M10:05:33.263","01598 09:18:20",224.12,875.56,,,,"     ",5.10,354.30,1.95
1598,539345307,"01598M10:05:34.236","01598 09:18:21",224.06,875.57,,,,"     ",5.10,354.43,1.95
1598,539345308,"01598M10:05:35.209","01598 09:18:21",223.97,875.59,,,,"     ",5.10,352.99,1.94
1598,539345309,"01598M10:05:36.182","01598 09:18:22",223.88,875.52,,,,"     ",5.10,352.12,1.94
1598,539345310,"01598M10:05:37.156","01598 09:18:23",223.78,875.53,,,,"     ",5.10,348.84,1.92
1598,539345311,"01598M10:05:38.129","01598 09:18:24",223.70,875.49,,,,"     ",5.10,354.74,1.95
1598,539345312,"01598M10:05:39.102","01598 09:18:25",223.64,875.44,,,,"     ",5.10,353.59,1.95
1598,539345313,"01598M10:05:40.075","01598 09:18:26",223.60,875.48,,,,"     ",5.10,351.10,1.93
1598,539345314,"01598M10:05:41.049","01598 09:18:27",223.57,875.56,,,,"     ",5.10,355.25,1.96
1598,539345315,"01598M10:05:42.022","01598 09:18:28",223.53,875.51,,,,"     ",5.10,350.60,1.93
1598,539345316,"01598M10:05:42.995","01598 09:18:29",223.49,875.51,,,,"     ",5.10,352.97,1.94
1598,539345317,"01598M10:05:43.968","01598 09:18:30",223.46,875.52,,,,"     ",5.10,350.55,1.93
1598,539345318,"01598M10:05:44.942","01598 09:18:31",223.46,875.52,,,,"     ",5.10,354.42,1.95
1598,539345319,"01598M10:05:45.915","01598 09:18:32",223.48,875.53,,,,"     ",5.10,353.25,1.95
1598,539345320,"01598M10:05:46.888","01598 09:18:33",223.50,875.51,,,,"     ",5.10,350.10,1.93
1598,539345321,"01598M10:05:47.861","01598 09:18:34",223.50,875.59,,,,"     ",5.10,356.56,1.97
1598,539345322,"01598M10:05:48.835","01598 09:18:35",223.48,875.54,,,,"     ",5.10,352.64,1.94
1598,539345323,"01598M10:05:49.808","01598 09:18:36",223.44,875.52,,,,"     ",5.10,355.46,1.96
1598,539345324,"01598M10:05:50.781","01598 09:18:37",223.36,875.56,,,,"     ",5.10,353.05,1.95
1598,539345325,"01598M10:05:51.754","01598 09:18:38",223.26,875.64,,,,"     ",5.10,351.84,1.94
1598,539345326,"01598M10:05:52.728","01598 09:18:39",223.15,875.53,,,,"     ",5.10,352.35,1.94
1598,539345327,"01598M10:05:53.701","01598 09:18:40",223.07,875.55,,,,"     ",5.10,351.25,1.94
1598,539345328,"01598M10:05:54.674","01598 09:18:41",223.02,875.45,,,,"     ",5.10,353.76,1.95
1598,539345329,"01598M10:05:55.647","01598 09:18:42",223.00,875.48,,,,"     ",5.10,353.25,1.95
1598,539345330,"01598M10:05:56.621","01598 09:18:43",223.01,875.47,,,,"     ",5.10,350.87,1.94
1598,539345331,"01598M10:05:57.594","01598 09:18:44",223.03,875.44,,,,"     ",5.10,351.52,1.94
1598,539345332,"01598M10:05:58.567","01598 09:18:45",223.06,875.55,,,,"     ",5.10,354.12,1.95
1598,539345333,"01598M10:05:59.540","01598 09:18:46",223.10,875.57,,,,"     ",5.10,352.32,1.94
1598,539345334,"01598M10:06:00.514","01598 09:18:47",223.13,875.59,,,,"     ",5.10,354.54,1.96
1598,539345335,"01598M10:06:01.487","01598 09:18:48",223.14,875.55,,,,"     ",5.10,349.25,1.93
1598,539345336,"01598M10:06:02.460","01598 09:18:49",223.14,875.54,,,,"     ",5.10,350.65,1.94
1598,539345337,"01598M10:06:03.433","01598 09:18:50",223.13,875.51,,,,"     ",5.10,348.54,1.92
1598,539345338,"01598M10:06:04.407","01598 09:18:51",223.10,875.50,,,,"     ",5.10,351.90,1.94
1598,539345339,"01598M10:06:05.380","01598 09:18:52",223.04,875.61,,,,"     ",5.10,350.35,1.93
1598,539345340,"01598M10:06:06.353","01598 09:18:53",222.94,875.56,,,,"     ",5.10,353.03,1.95
1598,539345341,"01598M10:06:07.326","01598 09:18:54",222.80,875.55,,,,"     ",5.10,352.52,1.95
1598,539345342,"01598M10:06:08.300","01598 09:18:55",222.72,875.47,,,,"     ",5.10,350.03,1.93
1598,539345343,"01598M10:06:09.273","01598 09:18:56",222.68,875.46,,,,"     ",5.10,351.40,1.94
1598,539345344,"01598M10:06:10.246","01598 09:18:57",222.66,875.46,,,,"     ",5.10,353.89,1.96
1598,539345345,"01598M10:06:11.219","01598 09:18:57",222.67,875.43,,,,"     ",5.10,350.93,1.94
1598,539345346,"01598M10:06:12.193","01598 09:18:58",222.70,875.42,,,,"     ",5.10,350.51,1.94
1598,539345347,"01598M10:06:13.166","01598 09:18:59",222.75,875.43,,,,"     ",5.10,352.10,1.95
1598,539345348,"01598M10:06:14.139","01598 09:19:00",222.83,875.47,,,,"     ",5.10,351.44,1.94
1598,539345349,"01598M10:06:15.112","01598 09:19:01",222.93,875.52,,,,"     ",5.10,349.92,1.93
1598,539345350,"01598M10:06:16.086","01598 09:19:02",223.06,875.59,,,,"     ",5.10,353.36,1.95
1598,539345351,"01598M10:06:17.059","01598 09:19:03",223.22,875.50,,,,"     ",5.10,352.77,1.95
1598,539345352,"01598M10:06:18.032","01598 09:19:04",223.41,875.56,,,,"     ",5.10,351.74,1.94
1598,539345353,"01598M10:06:19.005","01598 09:19:05",223.62,875.62,,,,"     ",5.10,355.71,1.97
1598,539348703,"01598M11:00:39.405","01598 10:13:25",230.30,862.17,,,,"     ",5.10,,
1598,539348704,"01598M11:00:40.378","01598 10:13:26",230.29,862.21,,,,"     ",5.10,473.02,1.79
1598,539348705,"01598M11:00:41.351","01598 10:13:27",230.28,862.16,,,,"     ",5.10,472.62,1.79
1598,539348706,"01598M11:00:42.324","01598 10:13:28",230.26,862.08,,,,"     ",5.10,472.19,1.78
1598,539348707,"01598M11:00:43.298","01598 10:13:29",230.23,862.05,,,,"     ",5.10,473.27,1.78
1598,539348708,"01598M11:00:44.271","01598 10:13:30",230.20,862.02,,,,"     ",5.10,481.40,1.81
1598,539348709,"01598M11:00:45.244","01598 10:13:31",230.16,861.98,,,,"     ",5.10,480.54,1.80
1598,539348710,"01598M11:00:46.217","01598 10:13:32",230.12,861.93,,,,"     ",5.10,482.16,1.80
1598,539348711,"01598M11:00:47.191","01598 10:13:33",230.08,862.02,,,,"     ",5.10,474.78,1.77
1598,539348712,"01598M11:00:48.164","01598 10:13:34",230.02,862.06,,,,"     ",5.10,479.21,1.78
1598,539348713,"01598M11:00:49.137","01598 10:13:35",229.96,862.06,,,,"     ",5.10,476.90,1.77
1598,539348714,"01598M11:00:50.110","01598 10:13:36",229.89,862.06,,,,"     ",5.10,476.90,1.77
1598,539348715,"01598M11:00:51.084","01598 10:13:37",229.81,862.04,,,,"     ",5.10,481.07,1.78
1598,539348716,"01598M11:00:52.057","01598 10:13:38",229.73,862.00,,,,"     ",5.10,480.75,1.77
1598,539348717,"01598M11:00:53.030","01598 10:13:39",229.64,862.05,,,,"     ",5.10,477.36,1.76
1598,539348718,"01598M11:00:54.003","01598 10:13:40",229.55,862.09,,,,"     ",5.10,477.84,1.76
1598,539348719,"01598M11:00:54.977","01598 10:13:41",229.46,862.01,,,,"     ",5.10,482.26,1.77
1598,539348720,"01598M11:00:55.950","01598 10:13:42",229.38,862.07,,,,"     ",5.10,478.85,1.75
1598,539348721,"01598M11:00:56.923","01598 10:13:43",229.31,862.06,,,,"     ",5.10,474.73,1.73
1598,539348722,"01598M11:00:57.896","01598 10:13:44",229.25,862.04,,,,"     ",5.10,484.20,1.77
1598,539348723,"01598M11:00:58.870","01598 10:13:45",229.23,862.00,,,,"     ",5.10,482.90,1.76
1598,539348724,"01598M11:00:59.843","01598 10:13:46",229.23,862.07,,,,"     ",5.10,483.16,1.75
1598,539348725,"01598M11:01:00.816","01598 10:13:46",229.26,862.01,,,,"     ",5.10,485.23,1.76
1598,539348726,"01598M11:01:01.789","01598 10:13:47",229.31,862.05,,,,"     ",5.10,486.22,1.76
1598,539348727,"01598M11:01:02.763","01598 10:13:48",229.37,862.02,,,,"     ",5.10,485.36,1.75
1598,539348728,"01598M11:01:03.736","01598 10:13:49",229.45,862.04,,,,"     ",5.10,488.44,1.76
1598,539348729,"01598M11:01:04.709","01598 10:13:50",229.54,862.05,,,,"     ",5.10,487.21,1.75
1598,539348730,"01598M11:01:05.682","01598 10:13:51",229.64,862.03,,,,"     ",5.10,487.46,1.75
1598,539348731,"01598M11:01:06.656","01598 10:13:52",229.75,862.01,,,,"     ",5.10,480.66,1.72
1598,539348732,"01598M11:01:07.629","01598 10:13:53",229.86,861.92,,,,"     ",5.10,487.86,1.75
1598,539348733,"01598M11:01:08.602","01598 10:13:54",229.98,861.92,,,,"     ",5.10,486.82,1.74
1598,539348734,"01598M11:01:09.575","01598 10:13:55",230.09,861.92,,,,"     ",5.10,493.63,1.76
1598,539348735,"01598M11:01:10.549","01598 10:13:56",230.21,861.90,,,,"     ",5.10,491.07,1.75
1598,539348736,"01598M11:01:11.522","01598 10:13:57",230.35,861.98,,,,"     ",5.10,489.86,1.74
1598,539348737,"01598M11:01:12.495","01598 10:13:58",230.50,861.94,,,,"     ",5.10,492.73,1.75
1598,539348738,"01598M11:01:13.468","01598 10:13:59",230.66,861.95,,,,"     ",5.10,494.33,1.75
1598,539348739,"01598M11:01:14.442","01598 10:14:00",230.83,861.87,,,,"     ",5.10,492.83,1.74
1598,539348740,"01598M11:01:15.415","01598 10:14:01",230.99,861.87,,,,"     ",5.10,494.14,1.74
1598,539348741,"01598M11:01:16.388","01598 10:14:02",231.13,861.99,,,,"     ",5.10,496.65,1.75
1598,539348742,"01598M11:01:17.361","01598 10:14:03",231.23,861.91,,,,"     ",5.10,500.18,1.76
1598,539348743,"01598M11:01:18.335","01598 10:14:04",231.30,862.01,,,,"     ",5.10,501.17,1.76
1598,539348744,"01598M11:01:19.308","01598 10:14:05",231.33,861.98,,,,"     ",5.10,503.41,1.76
1598,539348745,"01598M11:01:20.281","01598 10:14:06",231.32,861.94,,,,"     ",5.10,499.62,1.75
1598,539348746,"01598M11:01:21.255","01598 10:14:07",231.28,862.00,,,,"     ",5.10,504.40,1.76
1598,539348747,"01598M11:01:22.228","01598 10:14:08",231.23,861.98,,,,"     ",5.10,497.78,1.74
1598,539348748,"01598M11:01:23.201","01598 10:14:09",231.17,861.89,,,,"     ",5.10,504.40,1.76
1598,539348749,"01598M11:01:24.174","01598 10:14:10",231.12,861.96,,,,"     ",5.10,505.47,1.76
1598,539348750,"01598M11:01:25.148","01598 10:14:11",231.07,861.94,,,,"     ",5.10,503.38,1.75
1598,539348751,"01598M11:01:26.121","01598 10:14:12",231.03,861.97,,,,"     ",5.10,509.43,1.76
1598,539348752,"01598M11:01:27.094","01598 10:14:13",230.99,862.00,,,,"     ",5.10,499.93,1.73
1598,539348753,"01598M11:01:28.067","01598 10:14:14",230.96,861.98,,,,"     ",5.10,503.26,1.74
1598,539348754,"01598M11:01:29.041","01598 10:14:15",230.93,862.05,,,,"     ",5.10,507.81,1.75
1598,539348755,"01598M11:01:30.014","01598 10:14:16",230.89,861.96,,,,"     ",5.10,507.92,1.75
1598,539348756,"01598M11:01:30.987","01598 10:14:17",230.84,861.88,,,,"     ",5.10,510.75,1.76
1598,539348757,"01598M11:01:31.960","01598 10:14:18",230.78,861.86,,,,"     ",5.10,509.32,1.75
1598,539348758,"01598M11:01:32.934","01598 10:14:19",230.69,861.91,,,,"     ",5.10,508.38,1.74
1598,539348759,"01598M11:01:33.907","01598 10:14:20",230.58,861.91,,,,"     ",5.10,505.97,1.73
1598,539348760,"01598M11:01:34.880","01598 10:14:21",230.45,861.93,,,,"     ",5.10,510.25,1.74
1598,539348761,"01598M11:01:35.853","01598 10:14:22",230.31,861.92,,,,"     ",5.10,504.56,1.72
1598,539348762,"01598M11:01:36.827","01598 10:14:22",230.16,861.93,,,,"     ",5.10,509.37,1.74
1598,539348763,"01598M11:01:37.800","01598 10:14:23",230.02,861.92,,,,"     ",5.10,507.97,1.73
1598,539348764,"01598M11:01:38.773","01598 10:14:24",229.89,861.85,,,,"     ",5.10,512.36,1.74
1598,539348765,"01598M11:01:39.746","01598 10:14:25",229.77,861.93,,,,"     ",5.10,509.48,1.73
1598,539348766,"01598M11:01:40.720","01598 10:14:26",229.68,861.89,,,,"     ",5.10,506.82,1.72
1598,539348767,"01598M11:01:41.693","01598 10:14:27",229.62,861.89,,,,"     ",5.10,509.56,1.73
1598,539348768,"01598M11:01:42.666","01598 10:14:28",229.57,861.87,,,,"     ",5.10,504.90,1.71
1598,539348769,"01598M11:01:43.639","01598 10:14:29",229.54,861.82,,,,"     ",5.10,503.67,1.70
1598,539348770,"01598M11:01:44.613","01598 10:14:30",229.51,861.84,,,,"     ",5.10,514.06,1.74
1598,539348771,"01598M11:01:45.586","01598 10:14:31",229.50,861.85,,,,"     ",5.10,504.78,1.70
1598,539348772,"01598M11:01:46.559","01598 10:14:32",229.49,861.89,,,,"     ",5.10,506.99,1.71
1598,539348773,"01598M11:01:47.532","01598 10:14:33",229.50,861.88,,,,"     ",5.10,511.47,1.72
1598,539348774,"01598M11:01:48.506","01598 10:14:34",229.51,861.87,,,,"     ",5.10,510.92,1.72
1598,539348775,"01598M11:01:49.479","01598 10:14:35",229.54,861.82,,,,"     ",5.10,510.09,1.71
1598,539348776,"01598M11:01:50.452","01598 10:14:36",229.57,861.80,,,,"     ",5.10,512.31,1.72
1598,539348777,"01598M11:01:51.425","01598 10:14:37",229.61,861.81,,,,"     ",5.10,513.19,1.72
1598,539348778,"01598M11:01:52.399","01598 10:14:38",229.66,861.77,,,,"     ",5.10,508.58,1.71
1598,539348779,"01598M11:01:53.372","01598 10:14:39",229.70,861.77,,,,"     ",5.10,510.14,1.71
1598,539348780,"01598M11:01:54.345","01598 10:14:40",229.73,861.83,,,,"     ",5.10,516.28,1.73
1598,539348781,"01598M11:01:55.318","01598 10:14:41",229.76,861.80,,,,"     ",5.10,516.53,1.73
1598,539348782,"01598M11:01:56.292","01598 10:14:42",229.78,861.85,,,,"     ",5.10,512.85,1.71
1598,539348783,"01598M11:01:57.265","01598 10:14:43",229.78,861.87,,,,"     ",5.10,517.70,1.73
1598,539348784,"01598M11:01:58.238","01598 10:14:44",229.79,861.80,,,,"     ",5.10,512.31,1.71
1598,539348785,"01598M11:01:59.211","01598 10:14:45",229.79,861.85,,,,"     ",5.10,513.16,1.71
1598,539348786,"01598M11:02:00.185","01598 10:14:46",229.77,861.77,,,,"     ",5.10,515.21,1.72
1598,539348787,"01598M11:02:01.158","01598 10:14:47",229.74,861.73,,,,"     ",5.10,512.72,1.71
1598,539348788,"01598M11:02:02.131","01598 10:14:48",229.69,861.72,,,,"     ",5.10,514.42,1.71
1598,539348789,"01598M11:02:03.104","01598 10:14:49",229.63,861.78,,,,"     ",5.10,521.91,1.73
1598,539348790,"01598M11:02:04.078","01598 10:14:50",229.57,861.86,,,,"     ",5.10,522.62,1.74
1598,539348791,"01598M11:02:05.051","01598 10:14:51",229.50,861.79,,,,"     ",5.10,517.18,1.72
1598,539348792,"01598M11:02:06.024","01598 10:14:52",229.44,861.86,,,,"     ",5.10,518.74,1.72
1598,539348793,"01598M11:02:06.997","01598 10:14:53",229.38,861.81,,,,"     ",5.10,519.09,1.72
1598,539348794,"01598M11:02:07.971","01598 10:14:54",229.33,861.85,,,,"     ",5.10,522.18,1.73
1598,539348795,"01598M11:02:08.944","01598 10:14:55",229.29,861.79,,,,"     ",5.10,519.19,1.72
1598,539348796,"01598M11:02:09.917","01598 10:14:56",229.25,861.76,,,,"     ",5.10,522.02,1.73
1598,539348797,"01598M11:02:10.890","01598 10:14:57",229.23,861.72,,,,"     ",5.10,514.09,1.70
1598,539348798,"01598M11:02:11.864","01598 10:14:58",229.14,861.83,,,,"     ",5.10,515.43,1.70
1598,539348799,"01598M11:02:12.837","01598 10:14:58",228.95,861.86,,,,"     ",5.10,522.91,1.73
1598,539348800,"01598M11:02:13.810","01598 10:14:59",228.80,861.79,,,,"     ",5.10,521.96,1.72
1598,539348801,"01598M11:02:14.783","01598 10:15:00",228.71,861.75,,,,"     ",5.10,521.49,1.72
1598,539348802,"01598M11:02:15.757","01598 10:15:01",228.69,861.76,,,,"     ",5.10,516.29,1.70
1598,539348803,"01598M11:02:16.730","01598 10:15:02",228.73,861.78,,,,"     ",5.10,521.24,1.71
1598,539348804,"01598M11:02:17.703","01598 10:15:03",228.81,861.67,,,,"     ",5.10,523.70,1.72
1598,539348805,"01598M11:02:18.676","01598 10:15:04",228.90,861.70,,,,"     ",5.10,524.28,1.72
1598,539348806,"01598M11:02:19.650","01598 10:15:05",229.00,861.74,,,,"     ",5.10,519.71,1.71
1598,539348807,"01598M11:02:20.623","01598 10:15:06",229.11,861.71,,,,"     ",5.10,522.38,1.71
1598,539348808,"01598M11:02:21.596","01598 10:15:07",229.22,861.68,,,,"     ",5.10,528.68,1.73
1598,539348809,"01598M11:02:22.569","01598 10:15:08",229.33,861.69,,,,"     ",5.10,525.30,1.72
1598,539348810,"01598M11:02:23.543","01598 10:15:09",229.39,861.80,,,,"     ",5.10,526.33,1.72
1598,539348811,"01598M11:02:24.516","01598 10:15:10",229.42,861.74,,,,"     ",5.10,526.22,1.72
1598,539348812,"01598M11:02:25.489","01598 10:15:11",229.41,861.77,,,,"     ",5.10,525.72,1.72
1598,539348813,"01598M11:02:26.462","01598 10:15:12",229.33,861.73,,,,"     ",5.10,527.50,1.72
1598,539348814,"01598M11:02:27.436","01598 10:15:13",229.18,861.69,,,,"     ",5.10,528.00,1.72
1598,539348815,"01598M11:02:28.409","01598 10:15:14",228.98,861.59,,,,"     ",5.10,528.60,1.73
1598,539348816,"01598M11:02:29.382","01598 10:15:15",228.74,861.55,,,,"     ",5.10,528.37,1.72
1598,539348817,"01598M11:02:30.356","01598 10:15:16",228.47,861.58,,,,"     ",5.10,519.96,1.69
1598,539348818,"01598M11:02:31.329","01598 10:15:17",228.20,861.59,,,,"     ",5.10,523.49,1.70
1598,539348819,"01598M11:02:32.302","01598 10:15:18",227.95,861.55,,,,"     ",5.10,520.87,1.70
1598,539348820,"01598M11:02:33.275","01598 10:15:19",227.74,861.65,,,,"     ",5.10,529.34,1.72
1598,539348821,"01598M11:02:34.249","01598 10:15:20",227.59,861.58,,,,"     ",5.10,525.84,1.71
1598,539348822,"01598M11:02:35.222","01598 10:15:21",227.48,861.60,,,,"     ",5.10,527.50,1.72
1598,539348823,"01598M11:02:36.195","01598 10:15:22",227.43,861.53,,,,"     ",5.10,529.29,1.72
1598,539348824,"01598M11:02:37.168","01598 10:15:23",227.43,861.49,,,,"     ",5.10,526.09,1.71
1598,539348825,"01598M11:02:38.142","01598 10:15:24",227.49,861.56,,,,"     ",5.10,523.93,1.70
1598,539348826,"01598M11:02:39.115","01598 10:15:25",227.61,861.55,,,,"     ",5.10,523.81,1.70
1598,539348827,"01598M11:02:40.088","01598 10:15:26",227.78,861.62,,,,"     ",5.10,533.02,1.73
1598,539348828,"01598M11:02:41.061","01598 10:15:27",227.96,861.64,,,,"     ",5.10,529.18,1.72
1598,539348829,"01598M11:02:42.035","01598 10:15:28",228.12,861.56,,,,"     ",5.10,528.57,1.71
1598,539348830,"01598M11:02:43.008","01598 10:15:29",228.25,861.47,,,,"     ",5.10,531.66,1.72
1598,539348831,"01598M11:02:43.981","01598 10:15:30",228.32,861.59,,,,"     ",5.10,525.01,1.70
1598,539348832,"01598M11:02:44.954","01598 10:15:31",228.35,861.59,,,,"     ",5.10,537.79,1.74
1598,539348833,"01598M11:02:45.928","01598 10:15:32",228.34,861.51,,,,"     ",5.10,536.54,1.74
1598,539348834,"01598M11:02:46.901","01598 10:15:33",228.30,861.53,,,,"     ",5.10,532.11,1.72
1598,539348835,"01598M11:02:47.874","01598 10:15:34",228.25,861.51,,,,"     ",5.10,533.76,1.73
1598,539348836,"01598M11:02:48.847","01598 10:15:34",228.19,861.51,,,,"     ",5.10,530.53,1.71
1598,539348837,"01598M11:02:49.821","01598 10:15:35",228.14,861.45,,,,"     ",5.10,534.89,1.73
1598,539348838,"01598M11:02:50.794","01598 10:15:36",228.09,861.49,,,,"     ",5.10,532.70,1.72
1598,539348839,"01598M11:02:51.767","01598 10:15:37",228.02,861.54,,,,"     ",5.10,533.30,1.72
1598,539348840,"01598M11:02:52.740","01598 10:15:38",227.95,861.46,,,,"     ",5.10,532.19,1.72
1598,539348841,"01598M11:02:53.714","01598 10:15:39",227.88,861.50,,,,"     ",5.10,536.62,1.73
1598,539348842,"01598M11:02:54.687","01598 10:15:40",227.81,861.43,,,,"     ",5.10,529.62,1.71
1598,539348843,"01598M11:02:55.660","01598 10:15:41",227.72,861.42,,,,"     ",5.10,532.26,1.71
1598,539348844,"01598M11:02:56.633","01598 10:15:42",227.59,861.49,,,,"     ",5.10,532.31,1.71
1598,539348845,"01598M11:02:57.607","01598 10:15:43",227.44,861.43,,,,"     ",5.10,532.78,1.71
1598,539348846,"01598M11:02:58.580","01598 10:15:44",227.29,861.50,,,,"     ",5.10,531.81,1.71
1598,539348847,"01598M11:02:59.553","01598 10:15:45",227.14,861.46,,,,"     ",5.10,530.40,1.71
1598,539348848,"01598M11:03:00.526","01598 10:15:46",227.00,861.41,,,,"     ",5.10,536.30,1.72
1598,539348849,"01598M11:03:01.500","01598 10:15:47",226.87,861.47,,,,"     ",5.10,533.31,1.71
1598,539348850,"01598M11:03:02.473","01598 10:15:48",226.76,861.38,,,,"     ",5.10,535.70,1.72
1598,539348851,"01598M11:03:03.446","01598 10:15:49",226.69,861.32,,,,"     ",5.10,534.19,1.72
1598,539348852,"01598M11:03:04.419","01598 10:15:50",226.66,861.31,,,,"     ",5.10,535.70,1.72
1598,539348853,"01598M11:03:05.393","01598 10:15:51",226.65,861.35,,,,"     ",5.10,533.57,1.71
1598,539348854,"01598M11:03:06.366","01598 10:15:52",226.67,861.37,,,,"     ",5.10,536.01,1.72
1598,539348855,"01598M11:03:07.339","01598 10:15:53",226.70,861.41,,,,"     ",5.10,537.11,1.72
1598,539348856,"01598M11:03:08.312","01598 10:15:54",226.73,861.39,,,,"     ",5.10,534.74,1.71
1598,539348857,"01598M11:03:09.286","01598 10:15:55",226.76,861.39,,,,"     ",5.10,532.21,1.71
1598,539348858,"01598M11:03:10.259","01598 10:15:56",226.76,861.34,,,,"     ",5.10,537.76,1.72
1598,539348859,"01598M11:03:11.232","01598 10:15:57",226.75,861.34,,,,"     ",5.10,535.57,1.72
1598,539348860,"01598M11:03:12.205","01598 10:15:58",226.71,861.36,,,,"     ",5.10,528.24,1.69
1598,539348861,"01598M11:03:13.179","01598 10:15:59",226.65,861.47,,,,"     ",5.10,530.79,1.70
1598,539348862,"01598M11:03:14.152","01598 10:16:00",226.54,861.52,,,,"     ",5.10,526.94,1.69
1598,539348863,"01598M11:03:15.125","01598 10:16:01",226.44,861.53,,,,"     ",5.10,534.94,1.71
1598,539348864,"01598M11:03:16.098","01598 10:16:02",226.36,861.51,,,,"     ",5.10,532.87,1.71
1598,539348865,"01598M11:03:17.072","01598 10:16:03",226.30,861.46,,,,"     ",5.10,536.56,1.72
1598,539348866,"01598M11:03:18.045","01598 10:16:04",226.28,861.43,,,,"     ",5.10,528.31,1.69
1598,539348867,"01598M11:03:19.018","01598 10:16:05",226.31,861.51,,,,"     ",5.10,530.98,1.70
1598,539348868,"01598M11:03:19.991","01598 10:16:06",226.38,861.43,,,,"     ",5.10,534.22,1.71
1598,539348869,"01598M11:03:20.965","01598 10:16:07",226.45,861.37,,,,"     ",5.10,535.95,1.72
1598,539348870,"01598M11:03:21.938","01598 10:16:08",226.50,861.40,,,,"     ",5.10,533.89,1.71
1598,539348871,"01598M11:03:22.911","01598 10:16:09",226.52,861.36,,,,"     ",5.10,529.80,1.70
1598,539348872,"01598M11:03:23.884","01598 10:16:10",226.51,861.39,,,,"     ",5.10,531.77,1.70
1598,539348873,"01598M11:03:24.858","01598 10:16:10",226.47,861.37,,,,"     ",5.10,532.43,1.70
1598,539348874,"01598M11:03:25.831","01598 10:16:11",226.41,861.52,,,,"     ",5.10,532.37,1.70
1598,539348875,"01598M11:03:26.804","01598 10:16:12",226.32,861.42,,,,"     ",5.10,531.04,1.70
1598,539348876,"01598M11:03:27.777","01598 10:16:13",226.23,861.38,,,,"     ",5.10,529.16,1.69
1598,539348877,"01598M11:03:28.751","01598 10:16:14",226.14,861.37,,,,"     ",5.10,532.59,1.70
1598,539348878,"01598M11:03:29.724","01598 10:16:15",226.04,861.39,,,,"     ",5.10,533.92,1.71
1598,539348879,"01598M11:03:30.697","01598 10:16:16",225.94,861.37,,,,"     ",5.10,531.06,1.70
1598,539348880,"01598M11:03:31.670","01598 10:16:17",225.85,861.36,,,,"     ",5.10,529.82,1.69
1598,539348881,"01598M11:03:32.644","01598 10:16:18",225.78,861.31,,,,"     ",5.10,535.10,1.71
1598,539348882,"01598M11:03:33.617","01598 10:16:19",225.78,861.30,,,,"     ",5.10,530.98,1.70
1598,539348883,"01598M11:03:34.590","01598 10:16:20",225.84,861.30,,,,"     ",5.10,531.83,1.70
1598,539348884,"01598M11:03:35.563","01598 10:16:21",225.96,861.32,,,,"     ",5.10,536.01,1.71
1598,539348885,"01598M11:03:36.537","01598 10:16:22",226.13,861.37,,,,"     ",5.10,534.12,1.71
1598,539348886,"01598M11:03:37.510","01598 10:16:23",226.32,861.33,,,,"     ",5.10,537.82,1.72
1598,539348887,"01598M11:03:38.483","01598 10:16:24",226.49,861.32,,,,"     ",5.10,527.01,1.68
1598,539348888,"01598M11:03:39.457","01598 10:16:25",226.64,861.29,,,,"     ",5.10,536.29,1.71
1598,539348889,"01598M11:03:40.430","01598 10:16:26",226.76,861.26,,,,"     ",5.10,536.07,1.71
1598,539348890,"01598M11:03:41.403","01598 10:16:27",226.85,861.21,,,,"     ",5.10,534.76,1.71
1598,539348891,"01598M11:03:42.376","01598 10:16:28",226.92,861.15,,,,"     ",5.10,540.68,1.72
1598,539348892,"01598M11:03:43.350","01598 10:16:29",226.96,861.14,,,,"     ",5.10,535.45,1.71
1598,539348893,"01598M11:03:44.323","01598 10:16:30",227.00,861.16,,,,"     ",5.10,540.53,1.72
1598,539348894,"01598M11:03:45.296","01598 10:16:31",227.04,861.25,,,,"     ",5.10,539.35,1.72
1598,539348895,"01598M11:03:46.269","01598 10:16:32",227.06,861.26,,,,"     ",5.10,542.17,1.73
1598,539348896,"01598M11:03:47.243","01598 10:16:33",227.06,861.33,,,,"     ",5.10,540.85,1.72
1598,539348897,"01598M11:03:48.216","01598 10:16:34",227.05,861.38,,,,"     ",5.10,543.84,1.73
1598,539348898,"01598M11:03:49.189","01598 10:16:35",227.05,861.31,,,,"     ",5.10,545.95,1.74
1598,539348899,"01598M11:03:50.162","01598 10:16:36",227.06,861.24,,,,"     ",5.10,541.68,1.72
1598,539348900,"01598M11:03:51.136","01598 10:16:37",227.10,861.22,,,,"     ",5.10,540.41,1.72
1598,539348901,"01598M11:03:52.109","01598 10:16:38",227.17,861.23,,,,"     ",5.10,539.36,1.71
1598,539348902,"01598M11:03:53.082","01598 10:16:39",227.27,861.23,,,,"     ",5.10,543.22,1.72
1598,539348903,"01598M11:03:54.055","01598 10:16:40",227.37,861.21,,,,"     ",5.10,541.56,1.72
1598,539348904,"01598M11:03:55.029","01598 10:16:41",227.46,861.23,,,,"     ",5.10,539.12,1.71
1598,539348905,"01598M11:03:56.002","01598 10:16:42",227.53,861.21,,,,"     ",5.10,544.68,1.73
1598,539348906,"01598M11:03:56.975","01598 10:16:43",227.56,861.21,,,,"     ",5.10,537.72,1.70
1598,539348907,"01598M11:03:57.948","01598 10:16:44",227.58,861.24,,,,"     ",5.10,544.54,1.72
1598,539348908,"01598M11:03:58.922","01598 10:16:45",227.59,861.23,,,,"     ",5.10,543.63,1.72
1598,539348909,"01598M11:03:59.895","01598 10:16:46",227.59,861.27,,,,"     ",5.10,541.70,1.71
1598,539348910,"01598M11:04:00.868","01598 10:16:46",227.59,861.19,,,,"     ",5.10,545.17,1.72
1598,539348911,"01598M11:04:01.841","01598 10:16:47",227.60,861.22,,,,"     ",5.10,542.62,1.71
1598,539348912,"01598M11:04:02.815","01598 10:16:48",227.62,861.25,,,,"     ",5.10,545.82,1.72
1598,539348913,"01598M11:04:03.788","01598 10:16:49",227.64,861.21,,,,"     ",5.10,547.59,1.73
1598,539348914,"01598M11:04:04.761","01598 10:16:50",227.65,861.15,,,,"     ",5.10,545.60,1.72
1598,539348915,"01598M11:04:05.734","01598 10:16:51",227.68,861.14,,,,"     ",5.10,544.82,1.72
1598,539348916,"01598M11:04:06.708","01598 10:16:52",227.71,861.13,,,,"     ",5.10,548.06,1.73
1598,539348917,"01598M11:04:07.681","01598 10:16:53",227.75,861.18,,,,"     ",5.10,546.07,1.72
1598,539348918,"01598M11:04:08.654","01598 10:16:54",227.80,861.20,,,,"     ",5.10,545.81,1.72
1598,539348919,"01598M11:04:09.627","01598 10:16:55",227.89,861.27,,,,"     ",5.10,545.75,1.72
1598,539348920,"01598M11:04:10.601","01598 10:16:56",227.98,861.29,,,,"     ",5.10,549.06,1.72
1598,539348921,"01598M11:04:11.574","01598 10:16:57",228.05,861.26,,,,"     ",5.10,546.63,1.72
1598,539348922,"01598M11:04:12.547","01598 10:16:58",228.13,861.29,,,,"     ",5.10,549.78,1.72
1598,539348923,"01598M11:04:13.520","01598 10:16:59",228.19,861.23,,,,"     ",5.10,550.48,1.73
1598,539348924,"01598M11:04:14.494","01598 10:17:00",228.24,861.15,,,,"     ",5.10,548.12,1.72
1598,539348925,"01598M11:04:15.467","01598 10:17:01",228.28,861.12,,,,"     ",5.10,550.62,1.72
1598,539348926,"01598M11:04:16.440","01598 10:17:02",228.31,861.08,,,,"     ",5.10,551.28,1.73
1598,539348927,"01598M11:04:17.413","01598 10:17:03",228.33,861.15,,,,"     ",5.10,545.79,1.71
1598,539348928,"01598M11:04:18.387","01598 10:17:04",228.33,861.17,,,,"     ",5.10,549.58,1.72
1598,539348929,"01598M11:04:19.360","01598 10:17:05",228.33,861.08,,,,"     ",5.10,551.75,1.72
1598,539348930,"01598M11:04:20.333","01598 10:17:06",228.33,861.11,,,,"     ",5.10,546.53,1.70
1598,539348931,"01598M11:04:21.306","01598 10:17:07",228.32,861.17,,,,"     ",5.10,547.20,1.71
1598,539348932,"01598M11:04:22.280","01598 10:17:08",228.32,861.15,,,,"     ",5.10,549.99,1.71
1598,539348933,"01598M11:04:23.253","01598 10:17:09",228.34,861.18,,,,"     ",5.10,551.34,1.72
1598,539348934,"01598M11:04:24.226","01598 10:17:10",228.39,861.13,,,,"     ",5.10,547.40,1.70
1598,539348935,"01598M11:04:25.199","01598 10:17:11",228.46,861.21,,,,"     ",5.10,551.83,1.72
1598,539348936,"01598M11:04:26.173","01598 10:17:12",228.54,861.19,,,,"     ",5.10,551.11,1.71
1598,539348937,"01598M11:04:27.146","01598 10:17:13",228.63,861.18,,,,"     ",5.10,551.26,1.71
1598,539348938,"01598M11:04:28.119","01598 10:17:14",228.70,861.19,,,,"     ",5.10,551.37,1.71
1598,539348939,"01598M11:04:29.092","01598 10:17:15",228.75,861.23,,,,"     ",5.10,558.87,1.74
1598,539348940,"01598M11:04:30.066","01598 10:17:16",228.77,861.20,,,,"     ",5.10,557.51,1.73
1598,539348941,"01598M11:04:31.039","01598 10:17:17",228.78,861.21,,,,"     ",5.10,550.68,1.71
1598,539348942,"01598M11:04:32.012","01598 10:17:18",228.79,861.14,,,,"     ",5.10,554.91,1.72
1598,539348943,"01598M11:04:32.985","01598 10:17:19",228.81,861.09,,,,"     ",5.10,558.78,1.73
1598,539348944,"01598M11:04:33.959","01598 10:17:20",228.82,861.12,,,,"     ",5.10,555.31,1.72
1598,539348945,"01598M11:04:34.932","01598 10:17:21",228.83,861.11,,,,"     ",5.10,553.17,1.71
1598,539348946,"01598M11:04:35.905","01598 10:17:22",228.83,861.07,,,,"     ",5.10,554.63,1.71
1598,539348947,"01598M11:04:36.878","01598 10:17:23",228.81,861.09,,,,"     ",5.10,551.91,1.70
1598,539348948,"01598M11:04:37.852","01598 10:17:23",228.77,860.93,,,,"     ",5.10,549.34,1.69
1598,539348949,"01598M11:04:38.825","01598 10:17:24",228.73,861.06,,,,"     ",5.10,555.81,1.71
1598,539348950,"01598M11:04:39.798","01598 10:17:25",228.69,861.09,,,,"     ",5.10,553.73,1.71
1598,539348951,"01598M11:04:40.771","01598 10:17:26",228.69,861.01,,,,"     ",5.10,553.85,1.71
1598,539348952,"01598M11:04:41.745","01598 10:17:27",228.71,861.06,,,,"     ",5.10,558.40,1.72
1598,539348953,"01598M11:04:42.718","01598 10:17:28",228.77,861.00,,,,"     ",5.10,553.93,1.71
1598,539348954,"01598M11:04:43.691","01598 10:17:29",228.83,860.97,,,,"     ",5.10,552.91,1.70
1598,539348955,"01598M11:04:44.664","01598 10:17:30",228.88,860.94,,,,"     ",5.10,554.18,1.70
1598,539348956,"01598M11:04:45.638","01598 10:17:31",228.90,860.98,,,,"     ",5.10,554.33,1.70
1598,539348957,"01598M11:04:46.611","01598 10:17:32",228.87,860.97,,,,"     ",5.10,550.53,1.69
1598,539348958,"01598M11:04:47.584","01598 10:17:33",228.83,861.01,,,,"     ",5.10,555.97,1.71
1598,539348959,"01598M11:04:48.558","01598 10:17:34",228.80,861.08,,,,"     ",5.10,551.73,1.69
1598,539348960,"01598M11:04:49.531","01598 10:17:35",228.77,861.05,,,,"     ",5.10,555.97,1.70
1598,539348961,"01598M11:04:50.504","01598 10:17:36",228.76,860.97,,,,"     ",5.10,559.07,1.71
1598,539348962,"01598M11:04:51.477","01598 10:17:37",228.77,860.96,,,,"     ",5.10,553.65,1.69
1598,539348963,"01598M11:04:52.451","01598 10:17:38",228.80,861.02,,,,"     ",5.10,551.26,1.69
1598,539348964,"01598M11:04:53.424","01598 10:17:39",228.83,861.05,,,,"     ",5.10,558.87,1.71
1598,539348965,"01598M11:04:54.397","01598 10:17:40",228.87,861.03,,,,"     ",5.10,558.82,1.71
1598,539348966,"01598M11:04:55.370","01598 10:17:41",228.92,860.98,,,,"     ",5.10,560.30,1.71
1598,539348967,"01598M11:04:56.344","01598 10:17:42",228.98,860.96,,,,"     ",5.10,551.40,1.68
1598,539348968,"01598M11:04:57.317","01598 10:17:43",229.08,861.04,,,,"     ",5.10,555.68,1.70
1598,539348969,"01598M11:04:58.290","01598 10:17:44",229.20,860.91,,,,"     ",5.10,557.48,1.70
1598,539348970,"01598M11:04:59.263","01598 10:17:45",229.36,861.00,,,,"     ",5.10,559.66,1.71
1598,539348971,"01598M11:05:00.237","01598 10:17:46",229.56,861.04,,,,"     ",5.10,557.98,1.70
1598,539348972,"01598M11:05:01.210","01598 10:17:47",229.79,861.05,,,,"     ",5.10,552.21,1.68
1598,539348973,"01598M11:05:02.183","01598 10:17:48",230.02,860.90,,,,"     ",5.10,553.33,1.68
1598,539348974,"01598M11:05:03.156","01598 10:17:49",230.22,860.96,,,,"     ",5.10,556.71,1.69
1598,539348975,"01598M11:05:04.130","01598 10:17:50",230.39,860.99,,,,"     ",5.10,562.83,1.71
1598,539348976,"01598M11:05:05.103","01598 10:17:51",230.54,860.96,,,,"     ",5.10,565.96,1.72
1598,539348977,"01598M11:05:06.076","01598 10:17:52",230.66,860.97,,,,"     ",5.10,563.30,1.71
1598,539348978,"01598M11:05:07.049","01598 10:17:53",230.76,860.96,,,,"     ",5.10,565.77,1.72
1598,539348979,"01598M11:05:08.023","01598 10:17:54",230.73,860.94,,,,"     ",5.10,564.61,1.71
1598,539348980,"01598M11:05:08.996","01598 10:17:55",230.71,860.99,,,,"     ",5.10,566.09,1.71
1598,539348981,"01598M11:05:09.969","01598 10:17:56",230.71,860.94,,,,"     ",5.10,564.68,1.71
1598,539348982,"01598M11:05:10.942","01598 10:17:57",230.74,860.93,,,,"     ",5.10,564.26,1.71
1598,539348983,"01598M11:05:11.916","01598 10:17:58",230.78,860.87,,,,"     ",5.10,572.20,1.73
1598,539348984,"01598M11:05:12.889","01598 10:17:59",230.83,860.92,,,,"     ",5.10,560.14,1.69
1598,539348985,"01598M11:05:13.862","01598 10:17:59",230.89,860.93,,,,"     ",5.10,559.48,1.69
1598,539348986,"01598M11:05:14.835","01598 10:18:00",230.93,860.96,,,,"     ",5.10,566.73,1.71
1598,539348987,"01598M11:05:15.809","01598 10:18:01",230.97,860.90,,,,"     ",5.10,567.56,1.71
1598,539348988,"01598M11:05:16.782","01598 10:18:02",230.98,860.95,,,,"     ",5.10,564.85,1.70
1598,539348989,"01598M11:05:17.755","01598 10:18:03",230.98,860.94,,,,"     ",5.10,564.43,1.70
1598,539348990,"01598M11:05:18.728","01598 10:18:04",230.96,860.92,,,,"     ",5.10,567.39,1.70
1598,539348991,"01598M11:05:19.702","01598 10:18:05",230.94,860.81,,,,"     ",5.10,569.46,1.71
1598,539348992,"01598M11:05:20.675","01598 10:18:06",230.91,860.85,,,,"     ",5.10,566.15,1.70
1598,539348993,"01598M11:05:21.648","01598 10:18:07",230.87,860.79,,,,"     ",5.10,568.53,1.70
1598,539348994,"01598M11:05:22.621","01598 10:18:08",230.85,860.84,,,,"     ",5.10,566.89,1.69
1598,539348995,"01598M11:05:23.595","01598 10:18:09",230.81,860.80,,,,"     ",5.10,571.85,1.71
1598,539348996,"01598M11:05:24.568","01598 10:18:10",230.79,860.84,,,,"     ",5.10,569.81,1.70
1598,539348997,"01598M11:05:25.541","01598 10:18:11",230.81,860.86,,,,"     ",5.10,567.94,1.69
1598,539348998,"01598M11:05:26.514","01598 10:18:12",230.83,860.86,,,,"     ",5.10,565.64,1.68
1598,539348999,"01598M11:05:27.488","01598 10:18:13",230.85,860.86,,,,"     ",5.10,569.80,1.70
1598,539349000,"01598M11:05:28.461","01598 10:18:14",230.87,860.84,,,,"     ",5.10,564.23,1.68
1598,539349001,"01598M11:05:29.434","01598 10:18:15",230.89,860.93,,,,"     ",5.10,569.18,1.69
1598,539349002,"01598M11:05:30.407","01598 10:18:16",230.92,860.90,,,,"     ",5.10,566.08,1.68
1598,539349003,"01598M11:05:31.381","01598 10:18:17",230.95,860.91,,,,"     ",5.10,572.34,1.70
1598,539349004,"01598M11:05:32.354","01598 10:18:18",230.98,860.94,,,,"     ",5.10,576.53,1.71
1598,539349005,"01598M11:05:33.327","01598 10:18:19",231.02,860.91,,,,"     ",5.10,566.18,1.67
1598,539349006,"01598M11:05:34.300","01598 10:18:20",231.05,860.95,,,,"     ",5.10,568.60,1.68
1598,539349007,"01598M11:05:35.274","01598 10:18:21",231.10,860.87,,,,"     ",5.10,567.49,1.67
1598,539349008,"01598M11:05:36.247","01598 10:18:22",231.14,860.80,,,,"     ",5.10,575.94,1.70
1598,539349009,"01598M11:05:37.220","01598 10:18:23",231.18,860.74,,,,"     ",5.10,570.62,1.68
1598,539349010,"01598M11:05:38.193","01598 10:18:24",231.22,860.74,,,,"     ",5.10,577.98,1.70
1598,539352404,"01598M12:00:41.416","01598 11:13:26",235.98,847.53,,,,"     ",5.10,,
1598,539352405,"01598M12:00:42.389","01598 11:13:27",235.90,847.62,,,,"     ",5.10,939.15,1.33
1598,539352406,"01598M12:00:43.362","01598 11:13:28",235.82,847.49,,,,"     ",5.10,949.25,1.34
1598,539352407,"01598M12:00:44.336","01598 11:13:29",235.75,847.57,,,,"     ",5.10,951.68,1.34
1598,539352408,"01598M12:00:45.309","01598 11:13:30",235.68,847.62,,,,"     ",5.10,948.21,1.34
1598,539352409,"01598M12:00:46.282","01598 11:13:31",235.63,847.70,,,,"     ",5.10,945.28,1.33
1598,539352410,"01598M12:00:47.255","01598 11:13:32",235.58,847.56,,,,"     ",5.10,951.39,1.34
1598,539352411,"01598M12:00:48.229","01598 11:13:33",235.53,847.59,,,,"     ",5.10,943.40,1.32
1598,539352412,"01598M12:00:49.202","01598 11:13:34",235.50,847.52,,,,"     ",5.10,959.36,1.34
1598,539352413,"01598M12:00:50.175","01598 11:13:35",235.48,847.61,,,,"     ",5.10,957.71,1.34
1598,539352414,"01598M12:00:51.148","01598 11:13:36",235.46,847.52,,,,"     ",5.10,943.77,1.31
1598,539352415,"01598M12:00:52.122","01598 11:13:37",235.46,847.57,,,,"     ",5.10,960.15,1.33
1598,539352416,"01598M12:00:53.095","01598 11:13:38",235.46,847.67,,,,"     ",5.10,946.79,1.31
1598,539352417,"01598M12:00:54.068","01598 11:13:39",235.46,847.64,,,,"     ",5.10,950.17,1.31
1598,539352418,"01598M12:00:55.041","01598 11:13:40",235.46,847.63,,,,"     ",5.10,937.33,1.29
1598,539352419,"01598M12:00:56.015","01598 11:13:41",235.51,847.53,,,,"     ",5.10,946.41,1.30
1598,539352420,"01598M12:00:56.988","01598 11:13:42",235.56,847.49,,,,"     ",5.10,952.98,1.31
1598,539352421,"01598M12:00:57.961","01598 11:13:43",235.61,847.51,,,,"     ",5.10,963.50,1.32
1598,539352422,"01598M12:00:58.934","01598 11:13:44",235.66,847.54,,,,"     ",5.10,962.23,1.32
1598,539352423,"01598M12:00:59.908","01598 11:13:45",235.70,847.61,,,,"     ",5.10,957.73,1.31
1598,539352424,"01598M12:01:00.881","01598 11:13:46",235.73,847.48,,,,"     ",5.10,959.74,1.31
1598,539352425,"01598M12:01:01.854","01598 11:13:47",235.75,847.50,,,,"     ",5.10,980.39,1.34
1598,539352426,"01598M12:01:02.827","01598 11:13:48",235.75,847.60,,,,"     ",5.10,974.14,1.33
1598,539352427,"01598M12:01:03.801","01598 11:13:49",235.73,847.57,,,,"     ",5.10,965.66,1.31
1598,539352428,"01598M12:01:04.774","01598 11:13:50",235.70,847.63,,,,"     ",5.10,967.04,1.31
1598,539352429,"01598M12:01:05.747","01598 11:13:51",235.65,847.56,,,,"     ",5.10,967.20,1.31
1598,539352430,"01598M12:01:06.720","01598 11:13:52",235.60,847.60,,,,"     ",5.10,963.45,1.30
1598,539352431,"01598M12:01:07.694","01598 11:13:53",235.55,847.68,,,,"     ",5.10,975.50,1.32
1598,539352432,"01598M12:01:08.667","01598 11:13:54",235.51,847.64,,,,"     ",5.10,968.28,1.30
1598,539352433,"01598M12:01:09.640","01598 11:13:55",235.48,847.74,,,,"     ",5.10,972.88,1.31
1598,539352434,"01598M12:01:10.613","01598 11:13:56",235.47,847.69,,,,"     ",5.10,971.47,1.30
1598,539352435,"01598M12:01:11.587","01598 11:13:57",235.45,847.68,,,,"     ",5.10,976.59,1.31
1598,539352436,"01598M12:01:12.560","01598 11:13:58",235.44,847.64,,,,"     ",5.10,975.10,1.31
1598,539352437,"01598M12:01:13.533","01598 11:13:59",235.43,847.67,,,,"     ",5.10,981.25,1.31
1598,539352438,"01598M12:01:14.506","01598 11:14:00",235.42,847.65,,,,"     ",5.10,982.40,1.31
1598,539352439,"01598M12:01:15.480","01598 11:14:00",235.41,847.70,,,,"     ",5.10,974.02,1.30
1598,539352440,"01598M12:01:16.453","01598 11:14:01",235.39,847.65,,,,"     ",5.10,983.58,1.31
1598,539352441,"01598M12:01:17.426","01598 11:14:02",235.38,847.67,,,,"     ",5.10,981.58,1.31
1598,539352442,"01598M12:01:18.399","01598 11:14:03",235.36,847.61,,,,"     ",5.10,995.09,1.32
1598,539352443,"01598M12:01:19.373","01598 11:14:04",235.34,847.64,,,,"     ",5.10,998.23,1.32
1598,539352444,"01598M12:01:20.346","01598 11:14:05",235.33,847.64,,,,"     ",5.10,997.11,1.32
1598,539352445,"01598M12:01:21.319","01598 11:14:06",235.32,847.56,,,,"     ",5.10,985.52,1.30
1598,539352446,"01598M12:01:22.292","01598 11:14:07",235.32,847.53,,,,"     ",5.10,988.84,1.31
1598,539352447,"01598M12:01:23.266","01598 11:14:08",235.32,847.54,,,,"     ",5.10,992.28,1.31
1598,539352448,"01598M12:01:24.239","01598 11:14:09",235.33,847.53,,,,"     ",5.10,986.15,1.30
1598,539352449,"01598M12:01:25.212","01598 11:14:10",235.36,847.60,,,,"     ",5.10,1008.09,1.33
1598,539352450,"01598M12:01:26.185","01598 11:14:11",235.41,847.53,,,,"     ",5.10,990.88,1.30
1598,539352451,"01598M12:01:27.159","01598 11:14:12",235.48,847.47,,,,"     ",5.10,1005.43,1.32
1598,539352452,"01598M12:01:28.132","01598 11:14:13",235.57,847.51,,,,"     ",5.10,1002.85,1.32
1598,539352453,"01598M12:01:29.105","01598 11:14:14",235.68,847.51,,,,"     ",5.10,988.20,1.29
1598,539352454,"01598M12:01:30.078","01598 11:14:15",235.80,847.53,,,,"     ",5.10,998.35,1.31
1598,539352455,"01598M12:01:31.052","01598 11:14:16",235.93,847.54,,,,"     ",5.10,994.49,1.30
1598,539352456,"01598M12:01:32.025","01598 11:14:17",236.07,847.51,,,,"     ",5.10,988.29,1.29
1598,539352457,"01598M12:01:32.998","01598 11:14:18",236.21,847.57,,,,"     ",5.10,1004.55,1.31
1598,539352458,"01598M12:01:33.971","01598 11:14:19",236.36,847.57,,,,"     ",5.10,994.25,1.29
1598,539352459,"01598M12:01:34.945","01598 11:14:20",236.49,847.59,,,,"     ",5.10,1008.21,1.31
1598,539352460,"01598M12:01:35.918","01598 11:14:21",236.61,847.54,,,,"     ",5.10,1004.77,1.30
1598,539352461,"01598M12:01:36.891","01598 11:14:22",236.69,847.53,,,,"     ",5.10,1008.09,1.31
1598,539352462,"01598M12:01:37.864","01598 11:14:23",236.74,847.51,,,,"     ",5.10,1002.02,1.30
1598,539352463,"01598M12:01:38.838","01598 11:14:24",236.77,847.48,,,,"     ",5.10,1016.25,1.32
1598,539352464,"01598M12:01:39.811","01598 11:14:25",236.77,847.49,,,,"     ",5.10,1011.04,1.31
1598,539352465,"01598M12:01:40.784","01598 11:14:26",236.76,847.55,,,,"     ",5.10,1014.06,1.31
1598,539352466,"01598M12:01:41.757","01598 11:14:27",236.74,847.45,,,,"     ",5.10,1005.09,1.30
1598,539352467,"01598M12:01:42.731","01598 11:14:28",236.70,847.53,,,,"     ",5.10,1008.08,1.30
1598,539352468,"01598M12:01:43.704","01598 11:14:29",236.66,847.52,,,,"     ",5.10,1003.73,1.29
1598,539352469,"01598M12:01:44.677","01598 11:14:30",236.60,847.48,,,,"     ",5.10,1016.26,1.31
1598,539352470,"01598M12:01:45.650","01598 11:14:31",236.55,847.46,,,,"     ",5.10,1009.27,1.30
1598,539352471,"01598M12:01:46.624","01598 11:14:32",236.51,847.45,,,,"     ",5.10,1004.95,1.29
1598,539352472,"01598M12:01:47.597","01598 11:14:33",236.47,847.42,,,,"     ",5.10,1018.74,1.30
1598,539352473,"01598M12:01:48.570","01598 11:14:34",236.45,847.39,,,,"     ",5.10,1020.25,1.31
1598,539352474,"01598M12:01:49.544","01598 11:14:35",236.43,847.41,,,,"     ",5.10,1019.15,1.30
1598,539352475,"01598M12:01:50.517","01598 11:14:36",236.42,847.39,,,,"     ",5.10,1014.93,1.30
1598,539352476,"01598M12:01:51.490","01598 11:14:36",236.41,847.38,,,,"     ",5.10,1021.78,1.30
1598,539352477,"01598M12:01:52.463","01598 11:14:37",236.40,847.32,,,,"     ",5.10,1020.41,1.30
1598,539352478,"01598M12:01:53.437","01598 11:14:38",236.37,847.31,,,,"     ",5.10,1029.95,1.31
1598,539352479,"01598M12:01:54.410","01598 11:14:39",236.34,847.26,,,,"     ",5.10,1028.99,1.31
1598,539352480,"01598M12:01:55.383","01598 11:14:40",236.30,847.23,,,,"     ",5.10,1026.05,1.30
1598,539352481,"01598M12:01:56.356","01598 11:14:41",236.28,847.24,,,,"     ",5.10,1032.27,1.31
1598,539352482,"01598M12:01:57.330","01598 11:14:42",236.27,847.23,,,,"     ",5.10,1019.65,1.29
1598,539352483,"01598M12:01:58.303","01598 11:14:43",236.27,847.22,,,,"     ",5.10,1007.49,1.28
1598,539352484,"01598M12:01:59.276","01598 11:14:44",236.31,847.19,,,,"     ",5.10,1023.46,1.30
1598,539352485,"01598M12:02:00.249","01598 11:14:45",236.36,847.24,,,,"     ",5.10,1006.92,1.28
1598,539352486,"01598M12:02:01.223","01598 11:14:46",236.43,847.21,,,,"     ",5.10,1026.30,1.30
1598,539352487,"01598M12:02:02.196","01598 11:14:47",236.53,847.26,,,,"     ",5.10,1032.20,1.31
1598,539352488,"01598M12:02:03.169","01598 11:14:48",236.63,847.29,,,,"     ",5.10,1023.08,1.29
1598,539352489,"01598M12:02:04.142","01598 11:14:49",236.76,847.32,,,,"     ",5.10,1024.70,1.30
1598,539352490,"01598M12:02:05.116","01598 11:14:50",236.90,847.25,,,,"     ",5.10,1020.74,1.29
1598,539352491,"01598M12:02:06.089","01598 11:14:51",237.05,847.26,,,,"     ",5.10,1028.09,1.30
1598,539352492,"01598M12:02:07.062","01598 11:14:52",237.18,847.25,,,,"     ",5.10,1019.88,1.29
1598,539352493,"01598M12:02:08.035","01598 11:14:53",237.29,847.23,,,,"     ",5.10,1024.03,1.29
1598,539352494,"01598M12:02:09.009","01598 11:14:54",237.38,847.19,,,,"     ",5.10,1031.86,1.30
1598,539352495,"01598M12:02:09.982","01598 11:14:55",237.44,847.19,,,,"     ",5.10,1036.41,1.31
1598,539352496,"01598M12:02:10.955","01598 11:14:56",237.46,847.20,,,,"     ",5.10,1028.28,1.30
1598,539352497,"01598M12:02:11.928","01598 11:14:57",237.47,847.22,,,,"     ",5.10,1031.37,1.30
1598,539352498,"01598M12:02:12.902","01598 11:14:58",237.45,847.21,,,,"     ",5.10,1033.11,1.30
1598,539352499,"01598M12:02:13.875","01598 11:14:59",237.43,847.25,,,,"     ",5.10,1029.92,1.29
1598,539352500,"01598M12:02:14.848","01598 11:15:00",237.40,847.27,,,,"     ",5.10,1028.56,1.29
1598,539352501,"01598M12:02:15.821","01598 11:15:01",237.36,847.26,,,,"     ",5.10,1031.36,1.30
1598,539352502,"01598M12:02:16.795","01598 11:15:02",237.31,847.14,,,,"     ",5.10,1043.72,1.31
1598,539352503,"01598M12:02:17.768","01598 11:15:03",237.27,847.14,,,,"     ",5.10,1039.87,1.30
1598,539352504,"01598M12:02:18.741","01598 11:15:04",237.21,847.12,,,,"     ",5.10,1032.44,1.30
1598,539352505,"01598M12:02:19.714","01598 11:15:05",237.15,847.21,,,,"     ",5.10,1036.79,1.30
1598,539352506,"01598M12:02:20.688","01598 11:15:06",237.09,847.17,,,,"     ",5.10,1026.29,1.29
1598,539352507,"01598M12:02:21.661","01598 11:15:07",237.02,847.13,,,,"     ",5.10,1042.09,1.30
1598,539352508,"01598M12:02:22.634","01598 11:15:08",236.93,847.06,,,,"     ",5.10,1042.40,1.30
1598,539352509,"01598M12:02:23.607","01598 11:15:09",236.84,847.11,,,,"     ",5.10,1037.10,1.30
1598,539352510,"01598M12:02:24.581","01598 11:15:10",236.74,847.13,,,,"     ",5.10,1041.59,1.30
1598,539352511,"01598M12:02:25.554","01598 11:15:11",236.65,847.16,,,,"     ",5.10,1040.53,1.30
1598,539352512,"01598M12:02:26.527","01598 11:15:12",236.56,847.11,,,,"     ",5.10,1046.68,1.31
1598,539352513,"01598M12:02:27.500","01598 11:15:12",236.48,847.16,,,,"     ",5.10,1037.74,1.30
1598,539352514,"01598M12:02:28.474","01598 11:15:13",236.41,847.12,,,,"     ",5.10,1022.98,1.28
1598,539352515,"01598M12:02:29.447","01598 11:15:14",236.36,847.09,,,,"     ",5.10,1036.38,1.29
1598,539352516,"01598M12:02:30.420","01598 11:15:15",236.32,847.06,,,,"     ",5.10,1043.31,1.30
1598,539352517,"01598M12:02:31.393","01598 11:15:16",236.30,847.11,,,,"     ",5.10,1032.82,1.29
1598,539352518,"01598M12:02:32.367","01598 11:15:17",236.29,847.10,,,,"     ",5.10,1033.99,1.29
1598,539352519,"01598M12:02:33.340","01598 11:15:18",236.28,847.07,,,,"     ",5.10,1030.52,1.28
1598,539352520,"01598M12:02:34.313","01598 11:15:19",236.29,847.05,,,,"     ",5.10,1033.66,1.29
1598,539352521,"01598M12:02:35.286","01598 11:15:20",236.29,847.06,,,,"     ",5.10,1032.04,1.29
1598,539352522,"01598M12:02:36.260","01598 11:15:21",236.29,847.09,,,,"     ",5.10,1042.24,1.30
1598,539352523,"01598M12:02:37.233","01598 11:15:22",236.28,847.08,,,,"     ",5.10,1041.48,1.30
1598,539352524,"01598M12:02:38.206","01598 11:15:23",236.27,846.97,,,,"     ",5.10,1033.88,1.29
1598,539352525,"01598M12:02:39.179","01598 11:15:24",236.26,846.99,,,,"     ",5.10,1035.53,1.29
1598,539352526,"01598M12:02:40.153","01598 11:15:25",236.24,847.00,,,,"     ",5.10,1036.78,1.29
1598,539352527,"01598M12:02:41.126","01598 11:15:26",236.21,846.99,,,,"     ",5.10,1038.51,1.29
1598,539352528,"01598M12:02:42.099","01598 11:15:27",236.19,846.96,,,,"     ",5.10,1037.39,1.29
1598,539352529,"01598M12:02:43.072","01598 11:15:28",236.16,847.05,,,,"     ",5.10,1032.87,1.28
1598,539352530,"01598M12:02:44.046","01598 11:15:29",236.13,847.01,,,,"     ",5.10,1043.91,1.30
1598,539352531,"01598M12:02:45.019","01598 11:15:30",236.11,846.95,,,,"     ",5.10,1046.65,1.30
1598,539352532,"01598M12:02:45.992","01598 11:15:31",236.08,846.98,,,,"     ",5.10,1034.46,1.28
1598,539352533,"01598M12:02:46.965","01598 11:15:32",236.06,846.97,,,,"     ",5.10,1038.66,1.29
1598,539352534,"01598M12:02:47.939","01598 11:15:33",236.05,846.89,,,,"     ",5.10,1032.98,1.28
1598,539352535,"01598M12:02:48.912","01598 11:15:34",236.03,847.01,,,,"     ",5.10,1030.93,1.28
1598,539352536,"01598M12:02:49.885","01598 11:15:35",236.04,846.90,,,,"     ",5.10,1032.80,1.28
1598,539352537,"01598M12:02:50.858","01598 11:15:36",236.04,846.91,,,,"     ",5.10,1043.64,1.30
1598,539352538,"01598M12:02:51.832","01598 11:15:37",236.07,846.89,,,,"     ",5.10,1046.36,1.30
1598,539352539,"01598M12:02:52.805","01598 11:15:38",236.10,846.92,,,,"     ",5.10,1027.06,1.27
1598,539352540,"01598M12:02:53.778","01598 11:15:39",236.14,846.79,,,,"     ",5.10,1050.80,1.30
1598,539352541,"01598M12:02:54.751","01598 11:15:40",236.19,846.82,,,,"     ",5.10,1039.29,1.29
1598,539352542,"01598M12:02:55.725","01598 11:15:41",236.25,846.87,,,,"     ",5.10,1038.92,1.29
1598,539352543,"01598M12:02:56.698","01598 11:15:42",236.31,846.84,,,,"     ",5.10,1033.60,1.28
1598,539352544,"01598M12:02:57.671","01598 11:15:43",236.38,846.92,,,,"     ",5.10,1035.58,1.29
1598,539352545,"01598M12:02:58.644","01598 11:15:44",236.44,846.86,,,,"     ",5.10,1041.70,1.29
1598,539352546,"01598M12:02:59.618","01598 11:15:45",236.51,846.83,,,,"     ",5.10,1048.65,1.30
1598,539352547,"01598M12:03:00.591","01598 11:15:46",236.56,846.85,,,,"     ",5.10,1042.61,1.29
1598,539352548,"01598M12:03:01.564","01598 11:15:47",236.61,846.87,,,,"     ",5.10,1038.39,1.29
1598,539352549,"01598M12:03:02.538","01598 11:15:48",236.64,846.94,,,,"     ",5.10,1037.07,1.29
1598,539352550,"01598M12:03:03.511","01598 11:15:48",236.66,846.77,,,,"     ",5.10,1043.36,1.29
1598,539352551,"01598M12:03:04.484","01598 11:15:49",236.67,846.72,,,,"     ",5.10,1036.60,1.29
1598,539352552,"01598M12:03:05.457","01598 11:15:50",236.68,846.81,,,,"     ",5.10,1033.35,1.28
1598,539352553,"01598M12:03:06.431","01598 11:15:51",236.67,846.78,,,,"     ",5.10,1047.08,1.30
1598,539352554,"01598M12:03:07.404","01598 11:15:52",236.67,846.74,,,,"     ",5.10,1041.31,1.29
1598,539352555,"01598M12:03:08.377","01598 11:15:53",236.68,846.72,,,,"     ",5.10,1042.46,1.29
1598,539352556,"01598M12:03:09.350","01598 11:15:54",236.68,846.66,,,,"     ",5.10,1040.19,1.29
1598,539352557,"01598M12:03:10.324","01598 11:15:55",236.69,846.68,,,,"     ",5.10,1051.67,1.30
1598,539352558,"01598M12:03:11.297","01598 11:15:56",236.70,846.73,,,,"     ",5.10,1040.60,1.29
1598,539352559,"01598M12:03:12.270","01598 11:15:57",236.70,846.69,,,,"     ",5.10,1047.76,1.30
1598,539352560,"01598M12:03:13.243","01598 11:15:58",236.71,846.70,,,,"     ",5.10,1048.54,1.30
1598,539352561,"01598M12:03:14.217","01598 11:15:59",236.72,846.66,,,,"     ",5.10,1056.07,1.31
1598,539352562,"01598M12:03:15.190","01598 11:16:00",236.74,846.74,,,,"     ",5.10,1043.73,1.29
1598,539352563,"01598M12:03:16.163","01598 11:16:01",236.76,846.81,,,,"     ",5.10,1042.25,1.29
1598,539352564,"01598M12:03:17.136","01598 11:16:02",236.81,846.80,,,,"     ",5.10,1038.45,1.29
1598,539352565,"01598M12:03:18.110","01598 11:16:03",236.87,846.75,,,,"     ",5.10,1041.61,1.29
1598,539352566,"01598M12:03:19.083","01598 11:16:04",236.95,846.70,,,,"     ",5.10,1033.45,1.28
1598,539352567,"01598M12:03:20.056","01598 11:16:05",237.05,846.73,,,,"     ",5.10,1040.20,1.29
1598,539352568,"01598M12:03:21.029","01598 11:16:06",237.15,846.65,,,,"     ",5.10,1045.97,1.30
1598,539352569,"01598M12:03:22.003","01598 11:16:07",237.24,846.71,,,,"     ",5.10,1049.27,1.30
1598,539352570,"01598M12:03:22.976","01598 11:16:08",237.33,846.80,,,,"     ",5.10,1041.76,1.29
1598,539352571,"01598M12:03:23.949","01598 11:16:09",237.41,846.74,,,,"     ",5.10,1048.56,1.30
1598,539352572,"01598M12:03:24.922","01598 11:16:10",237.47,846.71,,,,"     ",5.10,1057.99,1.31
1598,539352573,"01598M12:03:25.896","01598 11:16:11",237.52,846.75,,,,"     ",5.10,1040.31,1.29
1598,539352574,"01598M12:03:26.869","01598 11:16:12",237.55,846.77,,,,"     ",5.10,1040.67,1.29
1598,539352575,"01598M12:03:27.842","01598 11:16:13",237.57,846.71,,,,"     ",5.10,1050.14,1.30
1598,539352576,"01598M12:03:28.815","01598 11:16:14",237.58,846.76,,,,"     ",5.10,1052.12,1.30
1598,539352577,"01598M12:03:29.789","01598 11:16:15",237.57,846.71,,,,"     ",5.10,1055.49,1.31
1598,539352578,"01598M12:03:30.762","01598 11:16:16",237.56,846.71,,,,"     ",5.10,1040.27,1.29
1598,539352579,"01598M12:03:31.735","01598 11:16:17",237.55,846.74,,,,"     ",5.10,1052.06,1.30
1598,539352580,"01598M12:03:32.708","01598 11:16:18",237.56,846.71,,,,"     ",5.10,1051.73,1.30
1598,539352581,"01598M12:03:33.682","01598 11:16:19",237.59,846.71,,,,"     ",5.10,1041.80,1.29
1598,539352582,"01598M12:03:34.655","01598 11:16:20",237.64,846.67,,,,"     ",5.10,1046.92,1.29
1598,539352583,"01598M12:03:35.628","01598 11:16:21",237.71,846.72,,,,"     ",5.10,1044.12,1.29
1598,539352584,"01598M12:03:36.601","01598 11:16:22",237.80,846.76,,,,"     ",5.10,1040.01,1.28
1598,539352585,"01598M12:03:37.575","01598 11:16:23",237.89,846.72,,,,"     ",5.10,1047.11,1.29
1598,539352586,"01598M12:03:38.548","01598 11:16:24",237.98,846.83,,,,"     ",5.10,1061.93,1.31
1598,539352587,"01598M12:03:39.521","01598 11:16:24",238.07,846.84,,,,"     ",5.10,1050.26,1.30
1598,539352588,"01598M12:03:40.494","01598 11:16:25",238.15,846.76,,,,"     ",5.10,1051.54,1.30
1598,539352589,"01598M12:03:41.468","01598 11:16:26",238.21,846.58,,,,"     ",5.10,1057.74,1.30
1598,539352590,"01598M12:03:42.441","01598 11:16:27",238.26,846.65,,,,"     ",5.10,1052.61,1.30
1598,539352591,"01598M12:03:43.414","01598 11:16:28",238.30,846.68,,,,"     ",5.10,1059.94,1.30
1598,539352592,"01598M12:03:44.387","01598 11:16:29",238.32,846.66,,,,"     ",5.10,1054.00,1.30
1598,539352593,"01598M12:03:45.361","01598 11:16:30",238.34,846.71,,,,"     ",5.10,1050.09,1.29
1598,539352594,"01598M12:03:46.334","01598 11:16:31",238.35,846.72,,,,"     ",5.10,1064.02,1.31
1598,539352595,"01598M12:03:47.307","01598 11:16:32",238.36,846.67,,,,"     ",5.10,1059.66,1.30
1598,539352596,"01598M12:03:48.280","01598 11:16:33",238.38,846.74,,,,"     ",5.10,1059.39,1.30
1598,539352597,"01598M12:03:49.254","01598 11:16:34",238.41,846.65,,,,"     ",5.10,1051.74,1.29
1598,539352598,"01598M12:03:50.227","01598 11:16:35",238.46,846.67,,,,"     ",5.10,1063.04,1.30
1598,539352599,"01598M12:03:51.200","01598 11:16:36",238.52,846.63,,,,"     ",5.10,1058.10,1.30
1598,539352600,"01598M12:03:52.173","01598 11:16:37",238.61,846.66,,,,"     ",5.10,1060.73,1.30
1598,539352601,"01598M12:03:53.147","01598 11:16:38",238.71,846.67,,,,"     ",5.10,1063.60,1.30
1598,539352602,"01598M12:03:54.120","01598 11:16:39",238.82,846.61,,,,"     ",5.10,1059.20,1.30
1598,539352603,"01598M12:03:55.093","01598 11:16:40",238.92,846.59,,,,"     ",5.10,1058.70,1.29
1598,539352604,"01598M12:03:56.066","01598 11:16:41",239.02,846.59,,,,"     ",5.10,1058.32,1.29
1598,539352605,"01598M12:03:57.040","01598 11:16:42",239.09,846.63,,,,"     ",5.10,1063.94,1.30
1598,539352606,"01598M12:03:58.013","01598 11:16:43",239.13,846.61,,,,"     ",5.10,1081.55,1.32
1598,539352607,"01598M12:03:58.986","01598 11:16:44",239.15,846.68,,,,"     ",5.10,1066.13,1.30
1598,539352608,"01598M12:03:59.959","01598 11:16:45",239.13,846.60,,,,"     ",5.10,1062.78,1.29
1598,539352609,"01598M12:04:00.933","01598 11:16:46",239.09,846.51,,,,"     ",5.10,1079.29,1.31
1598,539352610,"01598M12:04:01.906","01598 11:16:47",239.03,846.51,,,,"     ",5.10,1072.14,1.30
1598,539352611,"01598M12:04:02.879","01598 11:16:48",238.95,846.58,,,,"     ",5.10,1057.25,1.28
1598,539352612,"01598M12:04:03.852","01598 11:16:49",238.85,846.57,,,,"     ",5.10,1060.83,1.29
1598,539352613,"01598M12:04:04.826","01598 11:16:50",238.76,846.53,,,,"     ",5.10,1071.49,1.30
1598,539352614,"01598M12:04:05.799","01598 11:16:51",238.68,846.52,,,,"     ",5.10,1064.62,1.29
1598,539352615,"01598M12:04:06.772","01598 11:16:52",238.61,846.58,,,,"     ",5.10,1062.88,1.29
1598,539352616,"01598M12:04:07.745","01598 11:16:53",238.57,846.57,,,,"     ",5.10,1066.26,1.29
1598,539352617,"01598M12:04:08.719","01598 11:16:54",238.57,846.55,,,,"     ",5.10,1051.90,1.27
1598,539352618,"01598M12:04:09.692","01598 11:16:55",238.61,846.53,,,,"     ",5.10,1072.43,1.30
1598,539352619,"01598M12:04:10.665","01598 11:16:56",238.66,846.48,,,,"     ",5.10,1070.83,1.29
1598,539352620,"01598M12:04:11.639","01598 11:16:57",238.74,846.53,,,,"     ",5.10,1063.12,1.28
1598,539352621,"01598M12:04:12.612","01598 11:16:58",238.82,846.53,,,,"     ",5.10,1065.70,1.29
1598,539352622,"01598M12:04:13.585","01598 11:16:59",238.89,846.58,,,,"     ",5.10,1044.62,1.26
1598,539352623,"01598M12:04:14.558","01598 11:17:00",238.95,846.54,,,,"     ",5.10,1078.62,1.30
1598,539352624,"01598M12:04:15.532","01598 11:17:00",238.99,846.66,,,,"     ",5.10,1075.61,1.30
1598,539352625,"01598M12:04:16.505","01598 11:17:01",239.01,846.63,,,,"     ",5.10,1081.65,1.30
1598,539352626,"01598M12:04:17.478","01598 11:17:02",239.03,846.66,,,,"     ",5.10,1077.54,1.30
1598,539352627,"01598M12:04:18.451","01598 11:17:03",239.05,846.55,,,,"     ",5.10,1074.06,1.29
1598,539352628,"01598M12:04:19.425","01598 11:17:04",239.07,846.56,,,,"     ",5.10,1073.59,1.29
1598,539352629,"01598M12:04:20.398","01598 11:17:05",239.10,846.58,,,,"     ",5.10,1063.41,1.28
1598,539352630,"01598M12:04:21.371","01598 11:17:06",239.13,846.58,,,,"     ",5.10,1069.09,1.28
1598,539352631,"01598M12:04:22.344","01598 11:17:07",239.18,846.50,,,,"     ",5.10,1067.99,1.28
1598,539352632,"01598M12:04:23.318","01598 11:17:08",239.24,846.54,,,,"     ",5.10,1069.79,1.28
1598,539352633,"01598M12:04:24.291","01598 11:17:09",239.30,846.48,,,,"     ",5.10,1070.77,1.28
1598,539352634,"01598M12:04:25.264","01598 11:17:10",239.38,846.54,,,,"     ",5.10,1080.20,1.29
1598,539352635,"01598M12:04:26.237","01598 11:17:11",239.47,846.52,,,,"     ",5.10,1072.73,1.28
1598,539352636,"01598M12:04:27.211","01598 11:17:12",239.55,846.38,,,,"     ",5.10,1067.56,1.28
1598,539352637,"01598M12:04:28.184","01598 11:17:13",239.64,846.49,,,,"     ",5.10,1075.56,1.29
1598,539352638,"01598M12:04:29.157","01598 11:17:14",239.70,846.49,,,,"     ",5.10,1087.51,1.30
1598,539352639,"01598M12:04:30.130","01598 11:17:15",239.75,846.46,,,,"     ",5.10,1086.62,1.30
1598,539352640,"01598M12:04:31.104","01598 11:17:16",239.78,846.48,,,,"     ",5.10,1082.11,1.29
1598,539352641,"01598M12:04:32.077","01598 11:17:17",239.80,846.51,,,,"     ",5.10,1081.77,1.29
1598,539352642,"01598M12:04:33.050","01598 11:17:18",239.81,846.46,,,,"     ",5.10,1083.36,1.29
1598,539352643,"01598M12:04:34.023","01598 11:17:19",239.80,846.41,,,,"     ",5.10,1080.95,1.29
1598,539352644,"01598M12:04:34.997","01598 11:17:20",239.79,846.33,,,,"     ",5.10,1083.65,1.29
1598,539352645,"01598M12:04:35.970","01598 11:17:21",239.78,846.37,,,,"     ",5.10,1079.85,1.28
1598,539352646,"01598M12:04:36.943","01598 11:17:22",239.77,846.47,,,,"     ",5.10,1079.89,1.28
1598,539352647,"01598M12:04:37.916","01598 11:17:23",239.75,846.41,,,,"     ",5.10,1076.07,1.28
1598,539352648,"01598M12:04:38.890","01598 11:17:24",239.72,846.37,,,,"     ",5.10,1084.33,1.29
1598,539352649,"01598M12:04:39.863","01598 11:17:25",239.69,846.37,,,,"     ",5.10,1086.65,1.29
1598,539352650,"01598M12:04:40.836","01598 11:17:26",239.65,846.34,,,,"     ",5.10,1091.96,1.29
1598,539352651,"01598M12:04:41.809","01598 11:17:27",239.61,846.33,,,,"     ",5.10,1091.66,1.29
1598,539352652,"01598M12:04:42.783","01598 11:17:28",239.55,846.34,,,,"     ",5.10,1081.56,1.28
1598,539352653,"01598M12:04:43.756","01598 11:17:29",239.49,846.34,,,,"     ",5.10,1084.38,1.28
1598,539352654,"01598M12:04:44.729","01598 11:17:30",239.41,846.42,,,,"     ",5.10,1090.68,1.29
1598,539352655,"01598M12:04:45.702","01598 11:17:31",239.34,846.39,,,,"     ",5.10,1084.44,1.28
1598,539352656,"01598M12:04:46.676","01598 11:17:32",239.25,846.38,,,,"     ",5.10,1085.66,1.28
1598,539352657,"01598M12:04:47.649","01598 11:17:33",239.16,846.41,,,,"     ",5.10,1088.37,1.28
1598,539352658,"01598M12:04:48.622","01598 11:17:34",239.08,846.40,,,,"     ",5.10,1071.69,1.26
1598,539352659,"01598M12:04:49.595","01598 11:17:35",238.99,846.47,,,,"     ",5.10,1079.93,1.27
1598,539352660,"01598M12:04:50.569","01598 11:17:36",238.92,846.49,,,,"     ",5.10,1088.49,1.28
1598,539352661,"01598M12:04:51.542","01598 11:17:36",238.86,846.47,,,,"     ",5.10,1088.55,1.28
1598,539352662,"01598M12:04:52.515","01598 11:17:37",238.81,846.45,,,,"     ",5.10,1080.33,1.27
1598,539352663,"01598M12:04:53.488","01598 11:17:38",238.79,846.38,,,,"     ",5.10,1077.43,1.26
1598,539352664,"01598M12:04:54.462","01598 11:17:39",238.80,846.38,,,,"     ",5.10,1079.10,1.27
1598,539352665,"01598M12:04:55.435","01598 11:17:40",238.83,846.25,,,,"     ",5.10,1086.86,1.27
1598,539352666,"01598M12:04:56.408","01598 11:17:41",238.90,846.33,,,,"     ",5.10,1088.82,1.28
1598,539352667,"01598M12:04:57.381","01598 11:17:42",238.99,846.29,,,,"     ",5.10,1067.07,1.25
1598,539352668,"01598M12:04:58.355","01598 11:17:43",239.10,846.33,,,,"     ",5.10,1079.50,1.26
1598,539352669,"01598M12:04:59.328","01598 11:17:44",239.24,846.35,,,,"     ",5.10,1079.06,1.26
1598,539352670,"01598M12:05:00.301","01598 11:17:45",239.39,846.22,,,,"     ",5.10,1093.38,1.28
1598,539352671,"01598M12:05:01.274","01598 11:17:46",239.57,846.26,,,,"     ",5.10,1087.92,1.27
1598,539352672,"01598M12:05:02.248","01598 11:17:47",239.75,846.21,,,,"     ",5.10,1083.56,1.26
1598,539352673,"01598M12:05:03.221","01598 11:17:48",239.92,846.25,,,,"     ",5.10,1094.31,1.28
1598,539352674,"01598M12:05:04.194","01598 11:17:49",240.09,846.23,,,,"     ",5.10,1083.73,1.26
1598,539352675,"01598M12:05:05.167","01598 11:17:50",240.22,846.22,,,,"     ",5.10,1071.41,1.25
1598,539352676,"01598M12:05:06.141","01598 11:17:51",240.32,846.18,,,,"     ",5.10,1084.97,1.26
1598,539352677,"01598M12:05:07.114","01598 11:17:52",240.39,846.32,,,,"     ",5.10,1094.77,1.27
1598,539352678,"01598M12:05:08.087","01598 11:17:53",240.43,846.20,,,,"     ",5.10,1088.99,1.26
1598,539352679,"01598M12:05:09.060","01598 11:17:54",240.44,846.23,,,,"     ",5.10,1098.51,1.27
1598,539352680,"01598M12:05:10.034","01598 11:17:55",240.44,846.19,,,,"     ",5.10,1097.61,1.27
1598,539352681,"01598M12:05:11.007","01598 11:17:56",240.42,846.22,,,,"     ",5.10,1099.64,1.27
1598,539352682,"01598M12:05:11.980","01598 11:17:57",240.40,846.10,,,,"     ",5.10,1108.49,1.28
1598,539352683,"01598M12:05:12.953","01598 11:17:58",240.38,846.12,,,,"     ",5.10,1093.67,1.26
1598,539352684,"01598M12:05:13.927","01598 11:17:59",240.35,846.12,,,,"     ",5.10,1096.86,1.27
1598,539352685,"01598M12:05:14.900","01598 11:18:00",240.33,846.09,,,,"     ",5.10,1089.62,1.26
1598,539352686,"01598M12:05:15.873","01598 11:18:01",240.32,846.19,,,,"     ",5.10,1095.51,1.26
1598,539352687,"01598M12:05:16.846","01598 11:18:02",240.33,846.19,,,,"     ",5.10,1103.52,1.27
1598,539352688,"01598M12:05:17.820","01598 11:18:03",240.36,846.19,,,,"     ",5.10,1087.26,1.25
1598,539352689,"01598M12:05:18.793","01598 11:18:04",240.41,846.20,,,,"     ",5.10,1096.88,1.26
1598,539352690,"01598M12:05:19.766","01598 11:18:05",240.48,846.22,,,,"     ",5.10,1103.97,1.27
1598,539352691,"01598M12:05:20.740","01598 11:18:06",240.55,846.19,,,,"     ",5.10,1102.36,1.27
1598,539352692,"01598M12:05:21.713","01598 11:18:07",240.61,846.13,,,,"     ",5.10,1111.72,1.28
1598,539352693,"01598M12:05:22.686","01598 11:18:08",240.67,846.15,,,,"     ",5.10,1106.44,1.27
1598,539352694,"01598M12:05:23.659","01598 11:18:09",240.71,846.16,,,,"     ",5.10,1095.27,1.26
1598,539352695,"01598M12:05:24.633","01598 11:18:10",240.74,846.19,,,,"     ",5.10,1106.65,1.27
1598,539352696,"01598M12:05:25.606","01598 11:18:11",240.74,846.12,,,,"     ",5.10,1095.35,1.25
1598,539352697,"01598M12:05:26.579","01598 11:18:12",240.74,846.08,,,,"     ",5.10,1114.40,1.27
1598,539352698,"01598M12:05:27.552","01598 11:18:13",240.73,846.20,,,,"     ",5.10,1115.95,1.28
1598,539352699,"01598M12:05:28.526","01598 11:18:13",240.76,846.14,,,,"     ",5.10,1100.05,1.26
1598,539352700,"01598M12:05:29.499","01598 11:18:14",240.80,846.10,,,,"     ",5.10,1106.25,1.26
1598,539352701,"01598M12:05:30.472","01598 11:18:15",240.85,846.11,,,,"     ",5.10,1111.63,1.27
1598,539352702,"01598M12:05:31.445","01598 11:18:16",240.93,846.17,,,,"     ",5.10,1122.95,1.28
1598,539352703,"01598M12:05:32.419","01598 11:18:17",241.02,846.16,,,,"     ",5.10,1113.27,1.27
1598,539352704,"01598M12:05:33.392","01598 11:18:18",241.12,846.08,,,,"     ",5.10,1104.10,1.25
1598,539352705,"01598M12:05:34.365","01598 11:18:19",241.23,846.09,,,,"     ",5.10,1115.46,1.27
1598,539352706,"01598M12:05:35.338","01598 11:18:20",241.36,846.10,,,,"     ",5.10,1100.51,1.25
1598,539352707,"01598M12:05:36.312","01598 11:18:21",241.51,846.06,,,,"     ",5.10,1112.63,1.26
1598,539352708,"01598M12:05:37.285","01598 11:18:22",241.66,846.11,,,,"     ",5.10,1121.31,1.27
1598,539352709,"01598M12:05:38.258","01598 11:18:23",241.84,846.08,,,,"     ",5.10,1122.69,1.27
1598,539352710,"01598M12:05:39.231","01598 11:18:24",242.03,846.13,,,,"     ",5.10,1117.38,1.26
1598,539352711,"01598M12:05:40.205","01598 11:18:25",242.24,846.09,,,,"     ",5.10,1131.93,1.28
1598,539352712,"01598M12:05:41.178","01598 11:18:26",243.76,846.09,,,,"     ",5.10,1135.58,1.28
1598,539352713,"01598M12:05:42.151","01598 11:18:27",243.88,846.03,,,,"     ",5.10,1114.92,1.26
1598,539352714,"01598M12:05:43.124","01598 11:18:28",244.00,846.00,,,,"     ",5.10,1120.04,1.26
1598,539352715,"01598M12:05:44.098","01598 11:18:29",244.10,846.05,,,,"     ",5.10,1128.61,1.27
1598,539352716,"01598M12:05:45.071","01598 11:18:30",244.20,845.99,,,,"     ",5.10,1131.56,1.27
1598,539352717,"01598M12:05:46.044","01598 11:18:31",244.29,845.98,,,,"     ",5.10,1115.06,1.25
1598,539352718,"01598M12:05:47.017","01598 11:18:32",244.38,845.97,,,,"     ",5.10,1138.51,1.28
1598,539352719,"01598M12:05:47.991","01598 11:18:33",244.45,845.86,,,,"     ",5.10,1126.56,1.26
1598,539352720,"01598M12:05:48.964","01598 11:18:34",244.52,845.93,,,,"     ",5.10,1128.86,1.27
1598,539352721,"01598M12:05:49.937","01598 11:18:35",244.58,845.97,,,,"     ",5.10,1112.86,1.25
1598,539352722,"01598M12:05:50.910","01598 11:18:36",244.64,845.85,,,,"     ",5.10,1129.26,1.26
1598,539352723,"01598M12:05:51.884","01598 11:18:37",244.68,845.91,,,,"     ",5.10,1122.03,1.25
1598,539352724,"01598M12:05:52.857","01598 11:18:38",244.72,845.92,,,,"     ",5.10,1133.42,1.27
1598,539352725,"01598M12:05:53.830","01598 11:18:39",244.75,845.88,,,,"     ",5.10,1144.33,1.28
1598,539352726,"01598M12:05:54.803","01598 11:18:40",244.77,845.88,,,,"     ",5.10,1127.23,1.26
1598,539352727,"01598M12:05:55.777","01598 11:18:41",244.79,845.90,,,,"     ",5.10,1128.55,1.26
1598,539352728,"01598M12:05:56.750","01598 11:18:42",244.78,845.94,,,,"     ",5.10,1118.34,1.24
1598,539352729,"01598M12:05:57.723","01598 11:18:43",244.76,845.83,,,,"     ",5.10,1131.66,1.26
1598,539352730,"01598M12:05:58.696","01598 11:18:44",244.73,845.92,,,,"     ",5.10,1127.82,1.25
1598,539352731,"01598M12:05:59.670","01598 11:18:45",244.69,845.98,,,,"     ",5.10,1138.52,1.26
1598,539352732,"01598M12:06:00.643","01598 11:18:46",244.64,845.94,,,,"     ",5.10,1131.08,1.26
1598,539352733,"01598M12:06:01.616","01598 11:18:47",244.58,845.90,,,,"     ",5.10,1142.57,1.27
1598,539352734,"01598M12:06:02.589","01598 11:18:48",244.52,845.93,,,,"     ",5.10,1129.68,1.25
1598,539352735,"01598M12:06:03.563","01598 11:18:49",244.47,845.99,,,,"     ",5.10,1125.16,1.25
1598,539352736,"01598M12:06:04.536","01598 11:18:49",244.42,846.00,,,,"     ",5.10,1123.73,1.24
1598,539352737,"01598M12:06:05.509","01598 11:18:50",244.37,846.01,,,,"     ",5.10,1142.30,1.26
1598,539352738,"01598M12:06:06.482","01598 11:18:51",244.33,845.96,,,,"     ",5.10,1130.41,1.25
1598,539352739,"01598M12:06:07.456","01598 11:18:52",244.28,846.03,,,,"     ",5.10,1123.24,1.24
1598,539352740,"01598M12:06:08.429","01598 11:18:53",244.23,845.94,,,,"     ",5.10,1137.94,1.26
1598,539352741,"01598M12:06:09.402","01598 11:18:54",244.18,845.91,,,,"     ",5.10,1140.48,1.26
1598,539352742,"01598M12:06:10.375","01598 11:18:55",244.12,845.94,,,,"     ",5.10,1125.19,1.24
1598,539352743,"01598M12:06:11.349","01598 11:18:56",244.05,845.84,,,,"     ",5.10,1130.77,1.25
1598,539352744,"01598M12:06:12.322","01598 11:18:57",243.98,845.92,,,,"     ",5.10,1139.55,1.26
1598,539352745,"01598M12:06:13.295","01598 11:18:58",242.69,845.90,,,,"     ",5.10,1129.36,1.25
1598,539352746,"01598M12:06:14.268","01598 11:18:59",242.63,845.92,,,,"     ",5.10,1128.03,1.24
1598,539352747,"01598M12:06:15.242","01598 11:19:00",242.58,845.84,,,,"     ",5.10,1132.37,1.25
1598,539352748,"01598M12:06:16.215","01598 11:19:01",242.54,845.87,,,,"     ",5.10,1157.99,1.28
1598,539352749,"01598M12:06:17.188","01598 11:19:02",242.52,845.87,,,,"     ",5.10,1121.51,1.24
1598,539352750,"01598M12:06:18.161","01598 11:19:03",242.51,845.87,,,,"     ",5.10,1136.34,1.25
1598,539352751,"01598M12:06:19.135","01598 11:19:04",242.51,845.93,,,,"     ",5.10,1122.79,1.24
1598,539352752,"01598M12:06:20.108","01598 11:19:05",242.51,845.91,,,,"     ",5.10,1137.57,1.25
1598,539352753,"01598M12:06:21.081","01598 11:19:06",242.51,845.87,,,,"     ",5.10,1142.84,1.26
1598,539352754,"01598M12:06:22.054","01598 11:19:07",242.49,845.94,,,,"     ",5.10,1133.65,1.25
1598,539352755,"01598M12:06:23.028","01598 11:19:08",242.46,845.90,,,,"     ",5.10,1135.89,1.25
1598,539352756,"01598M12:06:24.001","01598 11:19:09",242.40,845.97,,,,"     ",5.10,1141.03,1.26
1598,539352757,"01598M12:06:24.974","01598 11:19:10",242.32,846.00,,,,"     ",5.10,1140.92,1.26
1598,539352758,"01598M12:06:25.947","01598 11:19:11",242.21,845.92,,,,"     ",5.10,1139.39,1.25
1598,539352759,"01598M12:06:26.921","01598 11:19:12",242.08,845.96,,,,"     ",5.10,1135.30,1.25
1598,539352760,"01598M12:06:27.894","01598 11:19:13",241.93,845.89,,,,"     ",5.10,1127.02,1.24
1598,539352761,"01598M12:06:28.867","01598 11:19:14",241.78,845.81,,,,"     ",5.10,1134.92,1.25
1598,539352762,"01598M12:06:29.841","01598 11:19:15",241.62,845.89,,,,"     ",5.10,1129.27,1.24
1598,539352763,"01598M12:06:30.814","01598 11:19:16",241.48,845.85,,,,"     ",5.10,1139.01,1.25
1598,539352764,"01598M12:06:31.787","01598 11:19:17",241.36,845.92,,,,"     ",5.10,1129.31,1.24
1598,539352765,"01598M12:06:32.760","01598 11:19:18",241.26,845.85,,,,"     ",5.10,1135.28,1.25
1598,539352766,"01598M12:06:33.734","01598 11:19:19",241.19,845.97,,,,"     ",5.10,1141.52,1.26
1598,539352767,"01598M12:06:34.707","01598 11:19:20",241.14,845.85,,,,"     ",5.10,1129.66,1.24
1598,539352768,"01598M12:06:35.680","01598 11:19:21",241.10,845.87,,,,"     ",5.10,1136.52,1.25
1598,539352769,"01598M12:06:36.653","01598 11:19:22",241.09,845.90,,,,"     ",5.10,1135.37,1.25
1598,539352770,"01598M12:06:37.627","01598 11:19:23",241.09,845.83,,,,"     ",5.10,1142.45,1.26
1598,539352771,"01598M12:06:38.600","01598 11:19:24",241.11,845.80,,,,"     ",5.10,1145.56,1.26
1598,539352772,"01598M12:06:39.573","01598 11:19:25",241.13,845.74,,,,"     ",5.10,1137.73,1.25
1598,539352773,"01598M12:06:40.546","01598 11:19:25",241.17,845.70,,,,"     ",5.10,1138.23,1.25
1598,539352774,"01598M12:06:41.520","01598 11:19:26",241.21,845.71,,,,"     ",5.10,1128.51,1.24
1598,539352775,"01598M12:06:42.493","01598 11:19:27",241.28,845.77,,,,"     ",5.10,1121.13,1.23
1598,539352776,"01598M12:06:43.466","01598 11:19:28",241.35,845.73,,,,"     ",5.10,1132.67,1.24
1598,539352777,"01598M12:06:44.439","01598 11:19:29",241.41,845.72,,,,"     ",5.10,1141.37,1.25
1598,539352778,"01598M12:06:45.413","01598 11:19:30",241.49,845.74,,,,"     ",5.10,1139.15,1.25
1598,539352779,"01598M12:06:46.386","01598 11:19:31",241.58,845.79,,,,"     ",5.10,1135.07,1.25
1598,539352780,"01598M12:06:47.359","01598 11:19:32",241.67,845.72,,,,"     ",5.10,1140.45,1.25
1598,539352781,"01598M12:06:48.332","01598 11:19:33",241.75,845.79,,,,"     ",5.10,1148.01,1.26
1598,539352782,"01598M12:06:49.306","01598 11:19:34",241.82,845.73,,,,"     ",5.10,1142.54,1.25
1598,539352783,"01598M12:06:50.279","01598 11:19:35",241.88,845.66,,,,"     ",5.10,1134.41,1.24
1598,539352784,"01598M12:06:51.252","01598 11:19:36",241.91,845.62,,,,"     ",5.10,1130.56,1.24
1598,539352785,"01598M12:06:52.225","01598 11:19:37",241.94,845.62,,,,"     ",5.10,1156.95,1.27
1598,539352786,"01598M12:06:53.199","01598 11:19:38",241.97,845.63,,,,"     ",5.10,1141.37,1.25
1598,539352787,"01598M12:06:54.172","01598 11:19:39",242.01,845.52,,,,"     ",5.10,1144.19,1.25
1598,539352788,"01598M12:06:55.145","01598 11:19:40",242.08,845.58,,,,"     ",5.10,1139.70,1.25
1598,539352789,"01598M12:06:56.118","01598 11:19:41",242.16,845.53,,,,"     ",5.10,1153.54,1.26
1598,539352790,"01598M12:06:57.092","01598 11:19:42",242.25,845.48,,,,"     ",5.10,1136.32,1.24
1598,539352791,"01598M12:06:58.065","01598 11:19:43",242.33,845.56,,,,"     ",5.10,1159.11,1.27
1598,539352792,"01598M12:06:59.038","01598 11:19:44",242.39,845.49,,,,"     ",5.10,1143.39,1.25
1598,539352793,"01598M12:07:00.011","01598 11:19:45",242.41,845.45,,,,"     ",5.10,1132.83,1.24
1598,539352794,"01598M12:07:00.985","01598 11:19:46",242.40,845.47,,,,"     ",5.10,1137.93,1.24
1598,539352795,"01598M12:07:01.958","01598 11:19:47",242.38,845.53,,,,"     ",5.10,1156.11,1.26
1598,539352796,"01598M12:07:02.931","01598 11:19:48",242.32,845.37,,,,"     ",5.10,1146.91,1.25
1598,539352797,"01598M12:07:03.904","01598 11:19:49",242.25,845.41,,,,"     ",5.10,1154.43,1.26
1598,539352798,"01598M12:07:04.878","01598 11:19:50",242.16,845.48,,,,"     ",5.10,1148.33,1.25
1598,539352799,"01598M12:07:05.851","01598 11:19:51",242.06,845.37,,,,"     ",5.10,1157.21,1.26
1598,539352800,"01598M12:07:06.824","01598 11:19:52",241.93,845.46,,,,"     ",5.10,1146.53,1.25
1598,539352801,"01598M12:07:07.797","01598 11:19:53",241.79,845.46,,,,"     ",5.10,1153.16,1.26
1598,539352802,"01598M12:07:08.771","01598 11:19:54",241.64,845.39,,,,"     ",5.10,1136.20,1.24
1598,539352803,"01598M12:07:09.744","01598 11:19:55",241.49,845.54,,,,"     ",5.10,1148.94,1.25
1598,539352804,"01598M12:07:10.717","01598 11:19:56",241.37,845.52,,,,"     ",5.10,1155.68,1.26
1598,539352805,"01598M12:07:11.690","01598 11:19:57",241.28,845.56,,,,"     ",5.10,1142.32,1.24
1598,539352806,"01598M12:07:12.664","01598 11:19:58",241.23,845.55,,,,"     ",5.10,1159.54,1.26
1598,539352807,"01598M12:07:13.637","01598 11:19:59",241.22,845.45,,,,"     ",5.10,1156.39,1.26
1598,539352808,"01598M12:07:14.610","01598 11:20:00",241.22,845.46,,,,"     ",5.10,1143.99,1.24
1598,539352809,"01598M12:07:15.583","01598 11:20:01",241.22,845.47,,,,"     ",5.10,1159.71,1.26
1598,539352810,"01598M12:07:16.557","01598 11:20:01",241.20,845.46,,,,"     ",5.10,1157.68,1.26
1598,539352811,"01598M12:07:17.530","01598 11:20:02",241.16,845.41,,,,"     ",5.10,1169.42,1.27
1598,539352812,"01598M12:07:18.503","01598 11:20:03",241.10,845.46,,,,"     ",5.10,1158.30,1.25
1598,539352813,"01598M12:07:19.476","01598 11:20:04",241.05,845.40,,,,"     ",5.10,1148.83,1.24
1598,539352814,"01598M12:07:20.450","01598 11:20:05",241.01,845.41,,,,"     ",5.10,1146.08,1.24
1598,539352815,"01598M12:07:21.423","01598 11:20:06",241.00,845.38,,,,"     ",5.10,1157.16,1.25
1598,539352816,"01598M12:07:22.396","01598 11:20:07",241.01,845.41,,,,"     ",5.10,1137.14,1.23
1598,539352817,"01598M12:07:23.369","01598 11:20:08",241.03,845.31,,,,"     ",5.10,1160.87,1.25
1598,539352818,"01598M12:07:24.343","01598 11:20:09",241.07,845.38,,,,"     ",5.10,1154.90,1.25
1598,539352819,"01598M12:07:25.316","01598 11:20:10",241.11,845.33,,,,"     ",5.10,1170.33,1.26
1598,539352820,"01598M12:07:26.289","01598 11:20:11",241.15,845.35,,,,"     ",5.10,1155.34,1.25
1598,539352821,"01598M12:07:27.262","01598 11:20:12",241.20,845.33,,,,"     ",5.10,1144.02,1.23
1598,539352822,"01598M12:07:28.236","01598 11:20:13",241.26,845.38,,,,"     ",5.10,1160.90,1.25
1598,539352823,"01598M12:07:29.209","01598 11:20:14",241.32,845.34,,,,"     ",5.10,1149.01,1.24
1598,539352824,"01598M12:07:30.182","01598 11:20:15",241.40,845.37,,,,"     ",5.10,1145.83,1.23
1598,539352825,"01598M12:07:31.155","01598 11:20:16",241.47,845.43,,,,"     ",5.10,1155.92,1.24
1598,539352826,"01598M12:07:32.129","01598 11:20:17",241.55,845.39,,,,"     ",5.10,1144.51,1.23
1598,539352827,"01598M12:07:33.102","01598 11:20:18",241.63,845.32,,,,"     ",5.10,1165.73,1.25
1598,539352828,"01598M12:07:34.075","01598 11:20:19",241.69,845.26,,,,"     ",5.10,1164.65,1.25
1598,539352829,"01598M12:07:35.048","01598 11:20:20",241.73,845.29,,,,"     ",5.10,1167.16,1.25
1598,539352830,"01598M12:07:36.022","01598 11:20:21",241.74,845.33,,,,"     ",5.10,1144.58,1.23
1598,539352831,"01598M12:07:36.995","01598 11:20:22",241.73,845.33,,,,"     ",5.10,1155.86,1.24
1598,539352832,"01598M12:07:37.968","01598 11:20:23",241.71,845.38,,,,"     ",5.10,1159.68,1.24
1598,539352833,"01598M12:07:38.942","01598 11:20:24",241.67,845.48,,,,"     ",5.10,1170.33,1.25
1598,539352834,"01598M12:07:39.915","01598 11:20:25",241.61,845.49,,,,"     ",5.10,1156.09,1.24
1598,539352835,"01598M12:07:40.888","01598 11:20:26",241.55,845.36,,,,"     ",5.10,1158.83,1.24
1598,539352836,"01598M12:07:41.861","01598 11:20:27",241.48,845.29,,,,"     ",5.10,1147.23,1.22
1598,539352837,"01598M12:07:42.835","01598 11:20:28",241.41,845.36,,,,"     ",5.10,1163.37,1.24
1598,539352838,"01598M12:07:43.808","01598 11:20:29",241.37,845.32,,,,"     ",5.10,1164.91,1.24
1598,539352839,"01598M12:07:44.781","01598 11:20:30",241.34,845.35,,,,"     ",5.10,1173.30,1.25
1598,539352840,"01598M12:07:45.754","01598 11:20:31",241.34,845.24,,,,"     ",5.10,1163.17,1.24
1598,539352841,"01598M12:07:46.728","01598 11:20:32",241.37,845.37,,,,"     ",5.10,1170.73,1.25
1598,539352842,"01598M12:07:47.701","01598 11:20:33",241.42,845.26,,,,"     ",5.10,1158.99,1.23
1598,539352843,"01598M12:07:48.674","01598 11:20:34",241.48,845.15,,,,"     ",5.10,1169.20,1.24
1598,539352844,"01598M12:07:49.647","01598 11:20:35",241.56,845.30,,,,"     ",5.10,1170.74,1.24
1598,539352845,"01598M12:07:50.621","01598 11:20:36",241.65,845.44,,,,"     ",5.10,1149.75,1.22
1598,539352846,"01598M12:07:51.594","01598 11:20:37",241.72,845.44,,,,"     ",5.10,1166.81,1.24
1598,539352847,"01598M12:07:52.567","01598 11:20:37",241.78,845.40,,,,"     ",5.10,1181.54,1.25
1598,539352848,"01598M12:07:53.540","01598 11:20:38",241.81,845.43,,,,"     ",5.10,1172.10,1.24
1598,539352849,"01598M12:07:54.514","01598 11:20:39",241.81,845.39,,,,"     ",5.10,1166.66,1.23
1598,539352850,"01598M12:07:55.487","01598 11:20:40",241.78,845.48,,,,"     ",5.10,1167.63,1.24
1598,539352851,"01598M12:07:56.460","01598 11:20:41",241.72,845.48,,,,"     ",5.10,1170.55,1.24
1598,539352852,"01598M12:07:57.433","01598 11:20:42",241.62,845.44,,,,"     ",5.10,1174.94,1.24
1598,539352853,"01598M12:07:58.407","01598 11:20:43",241.50,845.31,,,,"     ",5.10,1162.61,1.23
1598,539352854,"01598M12:07:59.380","01598 11:20:44",241.36,845.37,,,,"     ",5.10,1157.54,1.22
1598,539352855,"01598M12:08:00.353","01598 11:20:45",241.21,845.52,,,,"     ",5.10,1166.46,1.23
1598,539352856,"01598M12:08:01.326","01598 11:20:46",241.06,845.52,,,,"     ",5.10,1169.50,1.23
1598,539352857,"01598M12:08:02.300","01598 11:20:47",240.92,845.44,,,,"     ",5.10,1157.01,1.22
1598,539352858,"01598M12:08:03.273","01598 11:20:48",240.80,845.39,,,,"     ",5.10,1173.20,1.24
1598,539352859,"01598M12:08:04.246","01598 11:20:49",240.68,845.35,,,,"     ",5.10,1180.57,1.24
1598,539352860,"01598M12:08:05.219","01598 11:20:50",240.58,845.45,,,,"     ",5.10,1173.17,1.23
1598,539352861,"01598M12:08:06.193","01598 11:20:51",240.49,845.35,,,,"     ",5.10,1170.07,1.23
1598,539352862,"01598M12:08:07.166","01598 11:20:52",240.40,845.35,,,,"     ",5.10,1172.25,1.23
1598,539352863,"01598M12:08:08.139","01598 11:20:53",240.33,845.38,,,,"     ",5.10,1167.05,1.23
1598,539352864,"01598M12:08:09.112","01598 11:20:54",240.26,845.35,,,,"     ",5.10,1159.61,1.22
1598,539352865,"01598M12:08:10.086","01598 11:20:55",240.21,845.46,,,,"     ",5.10,1177.31,1.24
1598,539352866,"01598M12:08:11.059","01598 11:20:56",240.16,845.49,,,,"     ",5.10,1173.45,1.23
1598,539352867,"01598M12:08:12.032","01598 11:20:57",240.12,845.42,,,,"     ",5.10,1159.19,1.21
1598,539352868,"01598M12:08:13.005","01598 11:20:58",240.08,845.43,,,,"     ",5.10,1182.33,1.24
1598,539352869,"01598M12:08:13.979","01598 11:20:59",240.06,845.45,,,,"     ",5.10,1167.53,1.22
1598,539352870,"01598M12:08:14.952","01598 11:21:00",240.06,845.40,,,,"     ",5.10,1174.94,1.23
1598,539352871,"01598M12:08:15.925","01598 11:21:01",240.07,845.46,,,,"     ",5.10,1162.32,1.22
1598,539352872,"01598M12:08:16.898","01598 11:21:02",240.09,845.33,,,,"     ",5.10,1174.61,1.23
1598,539352873,"01598M12:08:17.872","01598 11:21:03",240.12,845.36,,,,"     ",5.10,1164.87,1.22
1598,539352874,"01598M12:08:18.845","01598 11:21:04",240.14,845.41,,,,"     ",5.10,1182.70,1.24
1598,539352875,"01598M12:08:19.818","01598 11:21:05",240.17,845.45,,,,"     ",5.10,1173.22,1.22
1598,539352876,"01598M12:08:20.791","01598 11:21:06",240.18,845.47,,,,"     ",5.10,1169.68,1.22
1598,539352877,"01598M12:08:21.765","01598 11:21:07",240.17,845.49,,,,"     ",5.10,1172.53,1.22
1598,539352878,"01598M12:08:22.738","01598 11:21:08",240.16,845.40,,,,"     ",5.10,1186.16,1.24
1598,539352879,"01598M12:08:23.711","01598 11:21:09",240.12,845.49,,,,"     ",5.10,1191.00,1.24
1598,539352880,"01598M12:08:24.684","01598 11:21:10",240.07,845.48,,,,"     ",5.10,1170.87,1.22
1598,539352881,"01598M12:08:25.658","01598 11:21:11",240.02,845.41,,,,"     ",5.10,1173.09,1.22
1598,539352882,"01598M12:08:26.631","01598 11:21:12",239.96,845.40,,,,"     ",5.10,1183.49,1.23
1598,539352883,"01598M12:08:27.604","01598 11:21:13",239.90,845.29,,,,"     ",5.10,1186.70,1.23
1598,539352884,"01598M12:08:28.577","01598 11:21:13",239.85,845.34,,,,"     ",5.10,1168.80,1.21
1598,539352885,"01598M12:08:29.551","01598 11:21:14",239.79,845.28,,,,"     ",5.10,1175.99,1.22
1598,539352886,"01598M12:08:30.524","01598 11:21:15",239.74,845.35,,,,"     ",5.10,1175.16,1.22
1598,539352887,"01598M12:08:31.497","01598 11:21:16",239.71,845.29,,,,"     ",5.10,1194.17,1.24
1598,539352888,"01598M12:08:32.470","01598 11:21:17",239.69,845.31,,,,"     ",5.10,1182.93,1.23
1598,539352889,"01598M12:08:33.444","01598 11:21:18",239.70,845.34,,,,"     ",5.10,1186.90,1.23
1598,539352890,"01598M12:08:34.417","01598 11:21:19",239.73,845.27,,,,"     ",5.10,1194.73,1.24
1598,539352891,"01598M12:08:35.390","01598 11:21:20",239.79,845.28,,,,"     ",5.10,1184.57,1.23
1598,539352892,"01598M12:08:36.363","01598 11:21:21",239.87,845.26,,,,"     ",5.10,1171.33,1.21
1598,539352893,"01598M12:08:37.337","01598 11:21:22",239.96,845.33,,,,"     ",5.10,1171.93,1.21
1598,539352894,"01598M12:08:38.310","01598 11:21:23",240.06,845.40,,,,"     ",5.10,1194.37,1.24
1598,539352895,"01598M12:08:39.283","01598 11:21:24",240.17,845.42,,,,"     ",5.10,1188.94,1.23
1598,539352896,"01598M12:08:40.256","01598 11:21:25",240.28,845.41,,,,"     ",5.10,1183.43,1.22
1598,539352897,"01598M12:08:41.230","01598 11:21:26",240.40,845.39,,,,"     ",5.10,1188.78,1.23
1598,539352898,"01598M12:08:42.203","01598 11:21:27",240.51,845.33,,,,"     ",5.10,1183.96,1.22
1598,539352899,"01598M12:08:43.176","01598 11:21:28",240.61,845.34,,,,"     ",5.10,1180.21,1.22
1598,539352900,"01598M12:08:44.149","01598 11:21:29",240.70,845.26,,,,"     ",5.10,1195.19,1.23
1598,539352901,"01598M12:08:45.123","01598 11:21:30",240.78,845.34,,,,"     ",5.10,1188.21,1.22
1598,539352902,"01598M12:08:46.096","01598 11:21:31",240.83,845.26,,,,"     ",5.10,1189.55,1.23
1598,539352903,"01598M12:08:47.069","01598 11:21:32",240.85,845.38,,,,"     ",5.10,1194.99,1.23
1598,539352904,"01598M12:08:48.042","01598 11:21:33",240.84,845.34,,,,"     ",5.10,1213.93,1.25
1598,539352905,"01598M12:08:49.016","01598 11:21:34",240.79,845.39,,,,"     ",5.10,1195.27,1.23
1598,539352906,"01598M12:08:49.989","01598 11:21:35",240.71,845.28,,,,"     ",5.10,1201.71,1.23
1598,539352907,"01598M12:08:50.962","01598 11:21:36",240.61,845.29,,,,"     ",5.10,1205.69,1.24
1598,539352908,"01598M12:08:51.936","01598 11:21:37",240.50,845.26,,,,"     ",5.10,1188.54,1.22
1598,539352909,"01598M12:08:52.909","01598 11:21:38",240.39,845.25,,,,"     ",5.10,1197.66,1.23
1598,539352910,"01598M12:08:53.882","01598 11:21:39",240.28,845.33,,,,"     ",5.10,1184.43,1.21
1598,539352911,"01598M12:08:54.855","01598 11:21:40",240.17,845.36,,,,"     ",5.10,1201.79,1.23
1598,539352912,"01598M12:08:55.829","01598 11:21:41",240.06,845.28,,,,"     ",5.10,1197.33,1.23
1598,539352913,"01598M12:08:56.802","01598 11:21:42",239.96,845.37,,,,"     ",5.10,1209.56,1.24
1598,539352914,"01598M12:08:57.775","01598 11:21:43",239.86,845.44,,,,"     ",5.10,1197.15,1.22
1598,539352915,"01598M12:08:58.748","01598 11:21:44",239.75,845.37,,,,"     ",5.10,1188.85,1.21
1598,539352916,"01598M12:08:59.722","01598 11:21:45",239.64,845.34,,,,"     ",5.10,1175.68,1.20
1598,539352917,"01598M12:09:00.695","01598 11:21:46",239.54,845.35,,,,"     ",5.10,1182.27,1.21
1598,539352918,"01598M12:09:01.668","01598 11:21:47",239.45,845.39,,,,"     ",5.10,1191.79,1.22
1598,539352919,"01598M12:09:02.641","01598 11:21:48",239.37,845.43,,,,"     ",5.10,1192.77,1.22
1598,539352920,"01598M12:09:03.615","01598 11:21:49",239.31,845.39,,,,"     ",5.10,1203.98,1.23
1598,539352921,"01598M12:09:04.588","01598 11:21:49",239.26,845.34,,,,"     ",5.10,1196.16,1.22
1598,539352922,"01598M12:09:05.561","01598 11:21:50",239.24,845.24,,,,"     ",5.10,1198.55,1.22
1598,539352923,"01598M12:09:06.534","01598 11:21:51",239.22,845.36,,,,"     ",5.10,1192.91,1.21
1598,539352924,"01598M12:09:07.508","01598 11:21:52",239.22,845.30,,,,"     ",5.10,1178.03,1.20
1598,539352925,"01598M12:09:08.481","01598 11:21:53",239.22,845.31,,,,"     ",5.10,1183.12,1.20
1598,539352926,"01598M12:09:09.454","01598 11:21:54",239.23,845.28,,,,"     ",5.10,1179.46,1.20
1598,539352927,"01598M12:09:10.427","01598 11:21:55",239.25,845.24,,,,"     ",5.10,1196.91,1.22
1598,539352928,"01598M12:09:11.401","01598 11:21:56",239.26,845.34,,,,"     ",5.10,1197.72,1.22
1598,539352929,"01598M12:09:12.374","01598 11:21:57",239.26,845.29,,,,"     ",5.10,1189.10,1.21
1598,539352930,"01598M12:09:13.347","01598 11:21:58",239.23,845.27,,,,"     ",5.10,1196.16,1.21
1598,539352931,"01598M12:09:14.320","01598 11:21:59",239.18,845.33,,,,"     ",5.10,1196.11,1.21
1598,539352932,"01598M12:09:15.294","01598 11:22:00",239.11,845.26,,,,"     ",5.10,1197.62,1.21
1598,539352933,"01598M12:09:16.267","01598 11:22:01",239.02,845.26,,,,"     ",5.10,1201.87,1.22
1598,539352934,"01598M12:09:17.240","01598 11:22:02",238.92,845.22,,,,"     ",5.10,1196.68,1.21
1598,539352935,"01598M12:09:18.213","01598 11:22:03",238.81,845.21,,,,"     ",5.10,1194.12,1.21
1598,539352936,"01598M12:09:19.187","01598 11:22:04",238.70,845.13,,,,"     ",5.10,1205.40,1.22
1598,539352937,"01598M12:09:20.160","01598 11:22:05",238.59,845.24,,,,"     ",5.10,1209.35,1.22
1598,539352938,"01598M12:09:21.133","01598 11:22:06",238.50,845.22,,,,"     ",5.10,1202.73,1.22
1598,539352939,"01598M12:09:22.106","01598 11:22:07",238.41,845.25,,,,"     ",5.10,1200.99,1.21
1598,539352940,"01598M12:09:23.080","01598 11:22:08",238.34,845.31,,,,"     ",5.10,1205.55,1.22
1598,539352941,"01598M12:09:24.053","01598 11:22:09",238.28,845.36,,,,"     ",5.10,1194.45,1.21
1598,539352942,"01598M12:09:25.026","01598 11:22:10",238.23,845.38,,,,"     ",5.10,1188.20,1.20
1598,539352943,"01598M12:09:25.999","01598 11:22:11",238.18,845.35,,,,"     ",5.10,1211.49,1.22
1598,539352944,"01598M12:09:26.973","01598 11:22:12",238.14,845.34,,,,"     ",5.10,1195.77,1.21
1598,539352945,"01598M12:09:27.946","01598 11:22:13",238.09,845.29,,,,"     ",5.10,1204.47,1.21
1598,539352946,"01598M12:09:28.919","01598 11:22:14",238.03,845.31,,,,"     ",5.10,1206.44,1.22
1598,539352947,"01598M12:09:29.892","01598 11:22:15",237.97,845.30,,,,"     ",5.10,1192.26,1.20
1598,539352948,"01598M12:09:30.866","01598 11:22:16",237.90,845.26,,,,"     ",5.10,1200.73,1.21
1598,539352949,"01598M12:09:31.839","01598 11:22:17",237.84,845.25,,,,"     ",5.10,1208.69,1.22
1598,539352950,"01598M12:09:32.812","01598 11:22:18",237.78,845.18,,,,"     ",5.10,1190.81,1.20
1598,539352951,"01598M12:09:33.785","01598 11:22:19",237.72,845.21,,,,"     ",5.10,1195.32,1.20
1598,539352952,"01598M12:09:34.759","01598 11:22:20",237.66,845.25,,,,"     ",5.10,1203.39,1.21
1598,539352953,"01598M12:09:35.732","01598 11:22:21",237.60,845.30,,,,"     ",5.10,1201.95,1.21
1598,539352954,"01598M12:09:36.705","01598 11:22:22",237.55,845.22,,,,"     ",5.10,1204.91,1.21
1598,539352955,"01598M12:09:37.678","01598 11:22:23",237.49,845.27,,,,"     ",5.10,1206.81,1.21
1598,539352956,"01598M12:09:38.652","01598 11:22:24",237.43,845.30,,,,"     ",5.10,1203.22,1.21
1598,539352957,"01598M12:09:39.625","01598 11:22:25",237.38,845.21,,,,"     ",5.10,1200.55,1.20
1598,539352958,"01598M12:09:40.598","01598 11:22:25",237.34,845.21,,,,"     ",5.10,1195.90,1.20
1598,539352959,"01598M12:09:41.571","01598 11:22:26",237.31,845.23,,,,"     ",5.10,1218.36,1.22
1598,539352960,"01598M12:09:42.545","01598 11:22:27",237.30,845.28,,,,"     ",5.10,1219.06,1.22
1598,539352961,"01598M12:09:43.518","01598 11:22:28",237.32,845.26,,,,"     ",5.10,1201.22,1.20
1598,539352962,"01598M12:09:44.491","01598 11:22:29",237.34,845.25,,,,"     ",5.10,1202.43,1.20
1598,539352963,"01598M12:09:45.464","01598 11:22:30",237.36,845.14,,,,"     ",5.10,1216.07,1.22
1598,539352964,"01598M12:09:46.438","01598 11:22:31",237.39,845.14,,,,"     ",5.10,1209.74,1.21
1598,539352965,"01598M12:09:47.411","01598 11:22:32",237.42,845.09,,,,"     ",5.10,1214.20,1.21
1598,539352966,"01598M12:09:48.384","01598 11:22:33",237.43,845.14,,,,"     ",5.10,1210.83,1.21
1598,539352967,"01598M12:09:49.357","01598 11:22:34",237.44,845.10,,,,"     ",5.10,1209.48,1.21
1598,539352968,"01598M12:09:50.331","01598 11:22:35",237.44,845.07,,,,"     ",5.10,1203.85,1.20
1598,539352969,"01598M12:09:51.304","01598 11:22:36",237.43,845.10,,,,"     ",5.10,1209.17,1.21
1598,539352970,"01598M12:09:52.277","01598 11:22:37",237.41,845.10,,,,"     ",5.10,1199.01,1.20
1598,539352971,"01598M12:09:53.250","01598 11:22:38",237.38,845.11,,,,"     ",5.10,1223.33,1.22
1598,539352972,"01598M12:09:54.224","01598 11:22:39",237.33,845.17,,,,"     ",5.10,1203.89,1.20
1598,539352973,"01598M12:09:55.197","01598 11:22:40",237.29,845.12,,,,"     ",5.10,1208.92,1.20
1598,539352974,"01598M12:09:56.170","01598 11:22:41",237.23,845.08,,,,"     ",5.10,1208.04,1.20
1598,539352975,"01598M12:09:57.143","01598 11:22:42",237.19,845.06,,,,"     ",5.10,1208.18,1.20
1598,539352976,"01598M12:09:58.117","01598 11:22:43",237.15,845.08,,,,"     ",5.10,1224.49,1.22
1598,539352977,"01598M12:09:59.090","01598 11:22:44",237.14,845.12,,,,"     ",5.10,1205.67,1.20
1598,539352978,"01598M12:10:00.063","01598 11:22:45",237.16,845.11,,,,"     ",5.10,1208.03,1.20
1598,539352979,"01598M12:10:01.037","01598 11:22:46",237.21,845.06,,,,"     ",5.10,1221.71,1.21
1598,539352980,"01598M12:10:02.010","01598 11:22:47",237.28,845.08,,,,"     ",5.10,1220.68,1.21
1598,539352981,"01598M12:10:02.983","01598 11:22:48",237.36,845.05,,,,"     ",5.10,1216.11,1.21
1598,539352982,"01598M12:10:03.956","01598 11:22:49",237.44,845.08,,,,"     ",5.10,1230.73,1.22
1598,539352983,"01598M12:10:04.930","01598 11:22:50",237.52,845.07,,,,"     ",5.10,1204.57,1.19
1598,539352984,"01598M12:10:05.903","01598 11:22:51",237.59,845.18,,,,"     ",5.10,1212.26,1.20
1598,539352985,"01598M12:10:06.876","01598 11:22:52",237.64,845.11,,,,"     ",5.10,1222.83,1.21
1598,539352986,"01598M12:10:07.849","01598 11:22:53",237.69,845.14,,,,"     ",5.10,1223.50,1.21
1598,539352987,"01598M12:10:08.823","01598 11:22:54",237.73,845.05,,,,"     ",5.10,1225.55,1.21
1598,539352988,"01598M12:10:09.796","01598 11:22:55",237.74,845.00,,,,"     ",5.10,1210.09,1.20
1598,539352989,"01598M12:10:10.769","01598 11:22:56",237.74,845.03,,,,"     ",5.10,1216.47,1.20
1598,539352990,"01598M12:10:11.742","01598 11:22:57",237.73,844.92,,,,"     ",5.10,1213.77,1.20
1598,539352991,"01598M12:10:12.716","01598 11:22:58",237.70,844.98,,,,"     ",5.10,1219.48,1.20
1598,539352992,"01598M12:10:13.689","01598 11:22:59",237.67,845.05,,,,"     ",5.10,1226.19,1.21
1598,539352993,"01598M12:10:14.662","01598 11:23:00",237.63,845.01,,,,"     ",5.10,1228.49,1.21
1598,539352994,"01598M12:10:15.635","01598 11:23:01",237.60,845.04,,,,"     ",5.10,1235.44,1.22
1598,539352995,"01598M12:10:16.609","01598 11:23:02",237.59,844.99,,,,"     ",5.10,1214.13,1.20
1598,539352996,"01598M12:10:17.582","01598 11:23:02",237.59,844.89,,,,"     ",5.10,1219.24,1.20
1598,539352997,"01598M12:10:18.555","01598 11:23:03",237.62,844.92,,,,"     ",5.10,1223.04,1.20
1598,539352998,"01598M12:10:19.528","01598 11:23:04",237.67,845.04,,,,"     ",5.10,1229.80,1.21
1598,539352999,"01598M12:10:20.502","01598 11:23:05",237.75,845.08,,,,"     ",5.10,1225.82,1.21
1598,539353000,"01598M12:10:21.475","01598 11:23:06",237.82,845.01,,,,"     ",5.10,1207.46,1.19
1598,539353001,"01598M12:10:22.448","01598 11:23:07",237.89,844.99,,,,"     ",5.10,1227.96,1.21
1598,539353002,"01598M12:10:23.421","01598 11:23:08",237.95,844.88,,,,"     ",5.10,1229.28,1.21
1598,539353003,"01598M12:10:24.395","01598 11:23:09",237.99,845.00,,,,"     ",5.10,1242.52,1.22
1598,539353004,"01598M12:10:25.368","01598 11:23:10",238.02,844.95,,,,"     ",5.10,1223.95,1.20
1598,539353005,"01598M12:10:26.341","01598 11:23:11",238.01,844.99,,,,"     ",5.10,1220.73,1.20
1598,539353006,"01598M12:10:27.314","01598 11:23:12",237.93,844.98,,,,"     ",5.10,1226.45,1.20
1598,539353007,"01598M12:10:28.288","01598 11:23:13",237.85,844.97,,,,"     ",5.10,1228.99,1.20
1598,539353008,"01598M12:10:29.261","01598 11:23:14",237.78,844.92,,,,"     ",5.10,1230.75,1.21
1598,539353009,"01598M12:10:30.234","01598 11:23:15",237.71,844.93,,,,"     ",5.10,1235.21,1.21
1598,539353010,"01598M12:10:31.207","01598 11:23:16",237.63,844.95,,,,"     ",5.10,1230.46,1.20
1598,539353011,"01598M12:10:32.181","01598 11:23:17",237.54,845.00,,,,"     ",5.10,1237.60,1.21
1598,539353012,"01598M12:10:33.154","01598 11:23:18",237.45,845.06,,,,"     ",5.10,1217.28,1.19
1598,539353013,"01598M12:10:34.127","01598 11:23:19",237.35,845.12,,,,"     ",5.10,1230.46,1.20
1598,539353014,"01598M12:10:35.100","01598 11:23:20",237.25,845.08,,,,"     ",5.10,1227.63,1.20
1598,539353015,"01598M12:10:36.074","01598 11:23:21",237.14,845.01,,,,"     ",5.10,1222.16,1.19
1598,539353016,"01598M12:10:37.047","01598 11:23:22",237.02,845.02,,,,"     ",5.10,1214.48,1.18
1598,539353017,"01598M12:10:38.020","01598 11:23:23",236.91,844.98,,,,"     ",5.10,1228.85,1.20
1598,539353018,"01598M12:10:38.993","01598 11:23:24",236.78,844.98,,,,"     ",5.10,1237.28,1.21
1598,539353019,"01598M12:10:39.967","01598 11:23:25",236.66,845.06,,,,"     ",5.10,1225.45,1.19
1598,539353020,"01598M12:10:40.940","01598 11:23:26",237.11,845.02,,,,"     ",5.10,1220.15,1.19
1598,539353021,"01598M12:10:41.913","01598 11:23:27",237.05,844.97,,,,"     ",5.10,1236.34,1.20
1598,539353022,"01598M12:10:42.886","01598 11:23:28",236.99,844.99,,,,"     ",5.10,1230.02,1.20
1598,539353023,"01598M12:10:43.860","01598 11:23:29",236.94,844.97,,,,"     ",5.10,1220.19,1.19
1598,539353024,"01598M12:10:44.833","01598 11:23:30",236.90,844.99,,,,"     ",5.10,1229.65,1.20
1598,539353025,"01598M12:10:45.806","01598 11:23:31",236.86,844.92,,,,"     ",5.10,1229.63,1.20
1598,539353026,"01598M12:10:46.779","01598 11:23:32",236.83,844.95,,,,"     ",5.10,1225.05,1.19
1598,539353027,"01598M12:10:47.753","01598 11:23:33",236.79,844.93,,,,"     ",5.10,1225.80,1.19
1598,539353028,"01598M12:10:48.726","01598 11:23:34",236.77,844.92,,,,"     ",5.10,1226.06,1.19
1598,539353029,"01598M12:10:49.699","01598 11:23:35",236.75,844.89,,,,"     ",5.10,1225.21,1.19
1598,539353030,"01598M12:10:50.672","01598 11:23:36",236.73,844.94,,,,"     ",5.10,1227.89,1.19
1598,539353031,"01598M12:10:51.646","01598 11:23:37",236.72,844.96,,,,"     ",5.10,1241.97,1.21
1598,539353032,"01598M12:10:52.619","01598 11:23:38",236.72,844.94,,,,"     ",5.10,1241.71,1.21
1598,539353033,"01598M12:10:53.592","01598 11:23:38",236.71,844.93,,,,"     ",5.10,1216.91,1.18
1598,539353034,"01598M12:10:54.565","01598 11:23:39",236.72,844.91,,,,"     ",5.10,1219.10,1.18
1598,539353035,"01598M12:10:55.539","01598 11:23:40",236.73,844.93,,,,"     ",5.10,1224.75,1.19
1598,539353036,"01598M12:10:56.512","01598 11:23:41",236.73,844.87,,,,"     ",5.10,1236.07,1.20
1598,539353037,"01598M12:10:57.485","01598 11:23:42",236.74,844.89,,,,"     ",5.10,1241.78,1.20
1598,539353038,"01598M12:10:58.458","01598 11:23:43",236.74,844.88,,,,"     ",5.10,1245.90,1.21
1598,539353039,"01598M12:10:59.432","01598 11:23:44",236.75,844.89,,,,"     ",5.10,1225.03,1.18
1598,539353040,"01598M12:11:00.405","01598 11:23:45",236.77,844.91,,,,"     ",5.10,1229.92,1.19
1598,539353041,"01598M12:11:01.378","01598 11:23:46",236.79,844.85,,,,"     ",5.10,1219.36,1.18
1598,539353042,"01598M12:11:02.351","01598 11:23:47",236.81,844.89,,,,"     ",5.10,1225.64,1.18
1598,539353043,"01598M12:11:03.325","01598 11:23:48",236.84,844.85,,,,"     ",5.10,1234.23,1.19
1598,539353044,"01598M12:11:04.298","01598 11:23:49",236.89,844.80,,,,"     ",5.10,1222.92,1.18
1598,539353045,"01598M12:11:05.271","01598 11:23:50",236.94,844.80,,,,"     ",5.10,1228.75,1.19
1598,539353046,"01598M12:11:06.244","01598 11:23:51",236.98,844.77,,,,"     ",5.10,1231.68,1.19
1598,539353047,"01598M12:11:07.218","01598 11:23:52",237.03,844.74,,,,"     ",5.10,1229.74,1.19
1598,539353048,"01598M12:11:08.191","01598 11:23:53",237.07,844.77,,,,"     ",5.10,1232.71,1.19
1598,539353049,"01598M12:11:09.164","01598 11:23:54",237.10,844.90,,,,"     ",5.10,1214.96,1.17
1598,539353050,"01598M12:11:10.138","01598 11:23:55",237.14,844.78,,,,"     ",5.10,1245.52,1.20
1598,539353051,"01598M12:11:11.111","01598 11:23:56",237.18,844.74,,,,"     ",5.10,1238.23,1.19
1598,539353052,"01598M12:11:12.084","01598 11:23:57",237.22,844.67,,,,"     ",5.10,1234.22,1.19
1598,539353053,"01598M12:11:13.057","01598 11:23:58",237.26,844.73,,,,"     ",5.10,1234.76,1.19
1598,539353054,"01598M12:11:14.031","01598 11:23:59",237.31,844.68,,,,"     ",5.10,1237.00,1.19
1598,539353055,"01598M12:11:15.004","01598 11:24:00",237.36,844.72,,,,"     ",5.10,1233.78,1.19
1598,539353056,"01598M12:11:15.977","01598 11:24:01",237.42,844.68,,,,"     ",5.10,1238.63,1.19
1598,539353057,"01598M12:11:16.950","01598 11:24:02",237.46,844.66,,,,"     ",5.10,1235.99,1.19
1598,539353058,"01598M12:11:17.924","01598 11:24:03",237.49,844.72,,,,"     ",5.10,1221.98,1.18
1598,539353059,"01598M12:11:18.897","01598 11:24:04",237.51,844.65,,,,"     ",5.10,1244.47,1.20
1598,539353060,"01598M12:11:19.870","01598 11:24:05",237.51,844.78,,,,"     ",5.10,1249.56,1.20
1598,539353061,"01598M12:11:20.843","01598 11:24:06",237.50,844.73,,,,"     ",5.10,1238.44,1.19
1598,539353062,"01598M12:11:21.817","01598 11:24:07",237.48,844.70,,,,"     ",5.10,1245.02,1.20
1598,539353063,"01598M12:11:22.790","01598 11:24:08",237.43,844.71,,,,"     ",5.10,1233.15,1.19
1598,539353064,"01598M12:11:23.763","01598 11:24:09",237.38,844.68,,,,"     ",5.10,1238.07,1.19
1598,539353065,"01598M12:11:24.736","01598 11:24:10",237.31,844.63,,,,"     ",5.10,1258.24,1.21
1598,539353066,"01598M12:11:25.710","01598 11:24:11",237.22,844.57,,,,"     ",5.10,1228.16,1.18
1598,539353067,"01598M12:11:26.683","01598 11:24:12",237.12,844.66,,,,"     ",5.10,1236.16,1.19
1598,539353068,"01598M12:11:27.656","01598 11:24:13",237.02,844.63,,,,"     ",5.10,1227.00,1.18
1598,539353069,"01598M12:11:28.629","01598 11:24:14",236.92,844.59,,,,"     ",5.10,1249.74,1.20
1598,539353070,"01598M12:11:29.603","01598 11:24:14",236.84,844.57,,,,"     ",5.10,1220.37,1.17
1598,539353071,"01598M12:11:30.576","01598 11:24:15",236.79,844.63,,,,"     ",5.10,1231.48,1.19
1598,539353072,"01598M12:11:31.549","01598 11:24:16",236.75,844.63,,,,"     ",5.10,1224.31,1.18
1598,539353073,"01598M12:11:32.522","01598 11:24:17",236.73,844.64,,,,"     ",5.10,1224.66,1.18
1598,539353074,"01598M12:11:33.496","01598 11:24:18",236.73,844.63,,,,"     ",5.10,1241.35,1.20
1598,539353075,"01598M12:11:34.469","01598 11:24:19",236.75,844.60,,,,"     ",5.10,1228.88,1.18
1598,539353076,"01598M12:11:35.442","01598 11:24:20",236.78,844.66,,,,"     ",5.10,1223.42,1.18
1598,539353077,"01598M12:11:36.415","01598 11:24:21",236.82,844.66,,,,"     ",5.10,1241.86,1.20
1598,539353078,"01598M12:11:37.389","01598 11:24:22",236.86,844.65,,,,"     ",5.10,1236.80,1.19
1598,539353079,"01598M12:11:38.362","01598 11:24:23",236.92,844.67,,,,"     ",5.10,1223.53,1.18
1598,539353080,"01598M12:11:39.335","01598 11:24:24",236.99,844.69,,,,"     ",5.10,1232.30,1.19
1598,539353081,"01598M12:11:40.308","01598 11:24:25",237.06,844.52,,,,"     ",5.10,1236.68,1.19
1598,539353082,"01598M12:11:41.282","01598 11:24:26",237.11,844.65,,,,"     ",5.10,1237.31,1.20
1598,539353083,"01598M12:11:42.255","01598 11:24:27",237.15,844.56,,,,"     ",5.10,1234.80,1.19
1598,539353084,"01598M12:11:43.228","01598 11:24:28",237.17,844.63,,,,"     ",5.10,1225.93,1.18
1598,539353085,"01598M12:11:44.201","01598 11:24:29",237.18,844.56,,,,"     ",5.10,1223.93,1.18
1598,539353086,"01598M12:11:45.175","01598 11:24:30",237.17,844.52,,,,"     ",5.10,1227.73,1.19
1598,539353087,"01598M12:11:46.148","01598 11:24:31",237.16,844.50,,,,"     ",5.10,1229.16,1.19
1598,539353088,"01598M12:11:47.121","01598 11:24:32",237.14,844.45,,,,"     ",5.10,1221.81,1.18
1598,539353089,"01598M12:11:48.094","01598 11:24:33",237.12,844.52,,,,"     ",5.10,1218.26,1.18
1598,539353090,"01598M12:11:49.068","01598 11:24:34",237.10,844.54,,,,"     ",5.10,1222.77,1.18
1598,539353091,"01598M12:11:50.041","01598 11:24:35",237.09,844.55,,,,"     ",5.10,1240.20,1.20
1598,539353092,"01598M12:11:51.014","01598 11:24:36",237.08,844.51,,,,"     ",5.10,1227.17,1.19
1598,539353093,"01598M12:11:51.987","01598 11:24:37",237.07,844.40,,,,"     ",5.10,1221.80,1.18
1598,539353094,"01598M12:11:52.961","01598 11:24:38",237.06,844.49,,,,"     ",5.10,1237.98,1.20
1598,539353095,"01598M12:11:53.934","01598 11:24:39",237.07,844.47,,,,"     ",5.10,1222.20,1.19
1598,539353096,"01598M12:11:54.907","01598 11:24:40",237.08,844.49,,,,"     ",5.10,1222.87,1.19
1598,539353097,"01598M12:11:55.880","01598 11:24:41",237.10,844.44,,,,"     ",5.10,1228.13,1.19
1598,539353098,"01598M12:11:56.854","01598 11:24:42",237.12,844.44,,,,"     ",5.10,1230.56,1.20
1598,539353099,"01598M12:11:57.827","01598 11:24:43",237.14,844.50,,,,"     ",5.10,1223.35,1.19
1598,539353100,"01598M12:11:58.800","01598 11:24:44",237.15,844.47,,,,"     ",5.10,1219.17,1.19
1598,539353101,"01598M12:11:59.773","01598 11:24:45",237.16,844.46,,,,"     ",5.10,1230.88,1.20
1598,539353102,"01598M12:12:00.747","01598 11:24:46",237.15,844.44,,,,"     ",5.10,1208.73,1.18
1598,539353103,"01598M12:12:01.720","01598 11:24:47",237.15,844.48,,,,"     ",5.10,1227.93,1.20
1598,539353104,"01598M12:12:02.693","01598 11:24:48",237.15,844.51,,,,"     ",5.10,1239.46,1.21
1598,539353105,"01598M12:12:03.666","01598 11:24:49",237.14,844.56,,,,"     ",5.10,1219.75,1.19
1598,539353106,"01598M12:12:04.640","01598 11:24:50",237.14,844.53,,,,"     ",5.10,1215.19,1.18
1598,539353107,"01598M12:12:05.613","01598 11:24:50",237.14,844.49,,,,"     ",5.10,1226.61,1.20
1598,539353108,"01598M12:12:06.586","01598 11:24:51",237.13,844.44,,,,"     ",5.10,1218.08,1.19
1598,539353109,"01598M12:12:07.559","01598 11:24:52",237.11,844.43,,,,"     ",5.10,1210.38,1.18
1598,539353110,"01598M12:12:08.533","01598 11:24:53",237.08,844.35,,,,"     ",5.10,1219.49,1.19
1598,539353111,"01598M12:12:09.506","01598 11:24:54",237.03,844.41,,,,"     ",5.10,1230.03,1.20
1598,539353112,"01598M12:12:10.479","01598 11:24:55",236.97,844.38,,,,"     ",5.10,1219.20,1.19
1598,539353113,"01598M12:12:11.452","01598 11:24:56",236.90,844.37,,,,"     ",5.10,1218.16,1.19
1598,539353114,"01598M12:12:12.426","01598 11:24:57",236.82,844.37,,,,"     ",5.10,1209.68,1.18
1598,539353115,"01598M12:12:13.399","01598 11:24:58",236.75,844.41,,,,"     ",5.10,1217.14,1.19
1598,539353116,"01598M12:12:14.372","01598 11:24:59",236.68,844.46,,,,"     ",5.10,1209.97,1.18
1598,539353117,"01598M12:12:15.345","01598 11:25:00",236.61,844.40,,,,"     ",5.10,1208.13,1.18
1598,539353118,"01598M12:12:16.319","01598 11:25:01",236.54,844.37,,,,"     ",5.10,1208.33,1.18
1598,539353119,"01598M12:12:17.292","01598 11:25:02",236.46,844.44,,,,"     ",5.10,1213.64,1.19
1598,539353120,"01598M12:12:18.265","01598 11:25:03",236.39,844.43,,,,"     ",5.10,1207.93,1.18
1598,539353121,"01598M12:12:19.239","01598 11:25:04",236.32,844.38,,,,"     ",5.10,1202.56,1.18
1598,539353122,"01598M12:12:20.212","01598 11:25:05",236.25,844.42,,,,"     ",5.10,1214.21,1.19
1598,539353123,"01598M12:12:21.185","01598 11:25:06",236.19,844.46,,,,"     ",5.10,1220.68,1.20
1598,539353124,"01598M12:12:22.158","01598 11:25:07",236.14,844.37,,,,"     ",5.10,1208.94,1.19
1598,539353125,"01598M12:12:23.132","01598 11:25:08",236.10,844.38,,,,"     ",5.10,1208.64,1.19
1598,539353126,"01598M12:12:24.105","01598 11:25:09",236.07,844.35,,,,"     ",5.10,1208.22,1.19
1598,539353127,"01598M12:12:25.078","01598 11:25:10",236.04,844.33,,,,"     ",5.10,1197.97,1.18
1598,539353128,"01598M12:12:26.051","01598 11:25:11",236.00,844.36,,,,"     ",5.10,1203.77,1.18
1598,539353129,"01598M12:12:27.025","01598 11:25:12",235.97,844.36,,,,"     ",5.10,1207.81,1.19
1598,539353130,"01598M12:12:27.998","01598 11:25:13",235.94,844.44,,,,"     ",5.10,1210.11,1.19
1598,539353131,"01598M12:12:28.971","01598 11:25:14",235.90,844.39,,,,"     ",5.10,1182.99,1.16
1598,539353132,"01598M12:12:29.944","01598 11:25:15",235.87,844.24,,,,"     ",5.10,1192.23,1.18
1598,539353133,"01598M12:12:30.918","01598 11:25:16",235.83,844.23,,,,"     ",5.10,1188.57,1.17
1598,539353134,"01598M12:12:31.891","01598 11:25:17",235.80,844.28,,,,"     ",5.10,1194.85,1.18
1598,539353135,"01598M12:12:32.864","01598 11:25:18",235.78,844.31,,,,"     ",5.10,1204.67,1.19
1598,539353136,"01598M12:12:33.837","01598 11:25:19",235.78,844.27,,,,"     ",5.10,1192.18,1.18
1598,539353137,"01598M12:12:34.811","01598 11:25:20",235.79,844.28,,,,"     ",5.10,1204.04,1.19
1598,539353138,"01598M12:12:35.784","01598 11:25:21",235.82,844.29,,,,"     ",5.10,1200.39,1.19
1598,539353139,"01598M12:12:36.757","01598 11:25:22",235.85,844.36,,,,"     ",5.10,1192.32,1.18
1598,539353140,"01598M12:12:37.730","01598 11:25:23",235.89,844.33,,,,"     ",5.10,1188.49,1.18
1598,539353141,"01598M12:12:38.704","01598 11:25:24",235.94,844.34,,,,"     ",5.10,1208.94,1.20
1598,539353142,"01598M12:12:39.677","01598 11:25:25",235.98,844.22,,,,"     ",5.10,1201.56,1.19
1598,539353143,"01598M12:12:40.650","01598 11:25:26",236.03,844.31,,,,"     ",5.10,1201.62,1.19
1598,539353144,"01598M12:12:41.623","01598 11:25:26",236.07,844.17,,,,"     ",5.10,1201.86,1.19
1598,539353145,"01598M12:12:42.597","01598 11:25:27",236.10,844.21,,,,"     ",5.10,1211.27,1.20
1598,539353146,"01598M12:12:43.570","01598 11:25:28",236.15,844.28,,,,"     ",5.10,1196.24,1.19
1598,539353147,"01598M12:12:44.543","01598 11:25:29",236.18,844.27,,,,"     ",5.10,1208.85,1.20
1598,539353148,"01598M12:12:45.516","01598 11:25:30",236.21,844.19,,,,"     ",5.10,1203.11,1.20
1598,539353149,"01598M12:12:46.490","01598 11:25:31",236.23,844.24,,,,"     ",5.10,1207.24,1.20
1598,539353150,"01598M12:12:47.463","01598 11:25:32",236.24,844.17,,,,"     ",5.10,1212.39,1.21
1598,539353151,"01598M12:12:48.436","01598 11:25:33",236.26,844.22,,,,"     ",5.10,1189.32,1.18
1598,539353152,"01598M12:12:49.409","01598 11:25:34",236.27,844.21,,,,"     ",5.10,1185.50,1.18
1598,539353153,"01598M12:12:50.383","01598 11:25:35",236.29,844.11,,,,"     ",5.10,1197.73,1.19
1598,539353154,"01598M12:12:51.356","01598 11:25:36",236.32,844.19,,,,"     ",5.10,1201.95,1.20
1598,539353155,"01598M12:12:52.329","01598 11:25:37",236.35,844.23,,,,"     ",5.10,1200.33,1.19
1598,539353156,"01598M12:12:53.302","01598 11:25:38",236.40,844.20,,,,"     ",5.10,1205.24,1.20
1598,539353157,"01598M12:12:54.276","01598 11:25:39",236.45,844.21,,,,"     ",5.10,1200.75,1.20
1598,539353158,"01598M12:12:55.249","01598 11:25:40",236.50,844.18,,,,"     ",5.10,1197.50,1.19
1598,539353159,"01598M12:12:56.222","01598 11:25:41",236.54,844.10,,,,"     ",5.10,1198.70,1.19
1598,539353160,"01598M12:12:57.195","01598 11:25:42",236.56,844.10,,,,"     ",5.10,1191.18,1.19
1598,539353161,"01598M12:12:58.169","01598 11:25:43",236.57,844.13,,,,"     ",5.10,1192.67,1.19
1598,539353162,"01598M12:12:59.142","01598 11:25:44",236.57,844.16,,,,"     ",5.10,1208.95,1.21
1598,539353163,"01598M12:13:00.115","01598 11:25:45",236.56,844.05,,,,"     ",5.10,1207.60,1.20
1598,539353164,"01598M12:13:01.088","01598 11:25:46",236.54,844.03,,,,"     ",5.10,1179.60,1.18
1598,539353165,"01598M12:13:02.062","01598 11:25:47",236.51,844.10,,,,"     ",5.10,1190.37,1.19
1598,539353166,"01598M12:13:03.035","01598 11:25:48",236.49,844.06,,,,"     ",5.10,1195.72,1.19
1598,539353167,"01598M12:13:04.008","01598 11:25:49",236.45,844.07,,,,"     ",5.10,1193.89,1.19
1598,539353168,"01598M12:13:04.981","01598 11:25:50",236.40,844.13,,,,"     ",5.10,1180.11,1.18
1598,539353169,"01598M12:13:05.955","01598 11:25:51",236.36,844.11,,,,"     ",5.10,1178.33,1.18
1598,539353170,"01598M12:13:06.928","01598 11:25:52",236.32,844.14,,,,"     ",5.10,1189.12,1.19
1598,539353171,"01598M12:13:07.901","01598 11:25:53",236.28,844.10,,,,"     ",5.10,1199.84,1.20
1598,539353172,"01598M12:13:08.874","01598 11:25:54",236.24,844.11,,,,"     ",5.10,1189.29,1.19
1598,539353173,"01598M12:13:09.848","01598 11:25:55",236.22,844.13,,,,"     ",5.10,1185.83,1.19
1598,539353174,"01598M12:13:10.821","01598 11:25:56",236.18,844.01,,,,"     ",5.10,1194.38,1.19
1598,539353175,"01598M12:13:11.794","01598 11:25:57",236.15,844.04,,,,"     ",5.10,1190.81,1.19
1598,539353176,"01598M12:13:12.767","01598 11:25:58",236.11,844.05,,,,"     ",5.10,1172.14,1.17
1598,539353177,"01598M12:13:13.741","01598 11:25:59",236.07,844.00,,,,"     ",5.10,1178.77,1.18
1598,539353178,"01598M12:13:14.714","01598 11:26:00",236.01,843.97,,,,"     ",5.10,1191.49,1.19
1598,539353179,"01598M12:13:15.687","01598 11:26:01",235.95,843.97,,,,"     ",5.10,1180.97,1.18
1598,539353180,"01598M12:13:16.660","01598 11:26:02",235.87,844.03,,,,"     ",5.10,1187.67,1.19
1598,539353181,"01598M12:13:17.634","01598 11:26:02",235.80,843.99,,,,"     ",5.10,1190.19,1.19
1598,539353182,"01598M12:13:18.607","01598 11:26:03",235.74,844.01,,,,"     ",5.10,1170.59,1.17
1598,539353183,"01598M12:13:19.580","01598 11:26:04",235.66,844.00,,,,"     ",5.10,1194.33,1.20
1598,539353184,"01598M12:13:20.553","01598 11:26:05",235.59,843.91,,,,"     ",5.10,1185.32,1.19
1598,539353185,"01598M12:13:21.527","01598 11:26:06",235.51,843.87,,,,"     ",5.10,1181.20,1.18
1598,539353186,"01598M12:13:22.500","01598 11:26:07",235.44,843.88,,,,"     ",5.10,1181.56,1.19
1598,539353187,"01598M12:13:23.473","01598 11:26:08",235.38,843.93,,,,"     ",5.10,1185.00,1.19
1598,539353188,"01598M12:13:24.446","01598 11:26:09",235.31,843.91,,,,"     ",5.10,1173.61,1.18
1598,539353189,"01598M12:13:25.420","01598 11:26:10",235.26,843.91,,,,"     ",5.10,1184.56,1.19
1598,539353190,"01598M12:13:26.393","01598 11:26:11",235.21,844.04,,,,"     ",5.10,1197.55,1.20
1598,539353191,"01598M12:13:27.366","01598 11:26:12",235.18,844.02,,,,"     ",5.10,1172.88,1.18
1598,539353192,"01598M12:13:28.340","01598 11:26:13",235.15,844.00,,,,"     ",5.10,1177.83,1.18
1598,539353193,"01598M12:13:29.313","01598 11:26:14",235.11,843.99,,,,"     ",5.10,1159.81,1.17
1598,539353194,"01598M12:13:30.286","01598 11:26:15",235.07,843.96,,,,"     ",5.10,1174.79,1.18
1598,539353195,"01598M12:13:31.259","01598 11:26:16",235.03,843.99,,,,"     ",5.10,1174.16,1.18
1598,539353196,"01598M12:13:32.233","01598 11:26:17",235.00,843.89,,,,"     ",5.10,1173.05,1.18
1598,539353197,"01598M12:13:33.206","01598 11:26:18",234.96,843.89,,,,"     ",5.10,1175.39,1.18
1598,539353198,"01598M12:13:34.179","01598 11:26:19",234.93,843.92,,,,"     ",5.10,1167.55,1.18
1598,539353199,"01598M12:13:35.152","01598 11:26:20",234.93,843.99,,,,"     ",5.10,1185.79,1.20
1598,539353200,"01598M12:13:36.126","01598 11:26:21",234.93,843.95,,,,"     ",5.10,1172.05,1.18
1598,539353201,"01598M12:13:37.099","01598 11:26:22",234.96,844.00,,,,"     ",5.10,1186.78,1.20
1598,539353202,"01598M12:13:38.072","01598 11:26:23",234.99,843.96,,,,"     ",5.10,1184.31,1.20
1598,539353203,"01598M12:13:39.045","01598 11:26:24",235.03,843.94,,,,"     ",5.10,1182.38,1.20
1598,539353204,"01598M12:13:40.019","01598 11:26:25",235.07,843.91,,,,"     ",5.10,1181.81,1.19
1598,539353205,"01598M12:13:40.992","01598 11:26:26",235.11,843.97,,,,"     ",5.10,1174.78,1.19
1598,539353206,"01598M12:13:41.965","01598 11:26:27",235.15,843.93,,,,"     ",5.10,1173.50,1.19
1598,539353207,"01598M12:13:42.938","01598 11:26:28",235.19,843.84,,,,"     ",5.10,1183.34,1.20
1598,539353208,"01598M12:13:43.912","01598 11:26:29",235.23,843.95,,,,"     ",5.10,1179.79,1.19
1598,539353209,"01598M12:13:44.885","01598 11:26:30",235.26,843.89,,,,"     ",5.10,1181.47,1.20
1598,539353210,"01598M12:13:45.858","01598 11:26:31",235.30,843.90,,,,"     ",5.10,1167.54,1.18
1598,539353211,"01598M12:13:46.831","01598 11:26:32",235.32,843.88,,,,"     ",5.10,1164.46,1.18
1598,539353212,"01598M12:13:47.805","01598 11:26:33",235.33,843.94,,,,"     ",5.10,1192.40,1.21
1598,539353213,"01598M12:13:48.778","01598 11:26:34",235.31,843.92,,,,"     ",5.10,1187.35,1.20
1598,539353214,"01598M12:13:49.751","01598 11:26:35",235.29,843.88,,,,"     ",5.10,1184.29,1.20
1598,539353215,"01598M12:13:50.724","01598 11:26:36",235.28,843.88,,,,"     ",5.10,1201.19,1.22
1598,539353216,"01598M12:13:51.698","01598 11:26:37",235.27,843.87,,,,"     ",5.10,1182.40,1.20
1598,539353217,"01598M12:13:52.671","01598 11:26:38",235.28,843.83,,,,"     ",5.10,1184.54,1.20
1598,539353218,"01598M12:13:53.644","01598 11:26:38",235.31,843.92,,,,"     ",5.10,1164.75,1.18
1598,539353219,"01598M12:13:54.617","01598 11:26:39",235.36,843.89,,,,"     ",5.10,1186.36,1.20
1598,539353220,"01598M12:13:55.591","01598 11:26:40",235.44,843.88,,,,"     ",5.10,1181.35,1.20
1598,539353221,"01598M12:13:56.564","01598 11:26:41",235.46,843.96,,,,"     ",5.10,1179.97,1.19
1598,539353222,"01598M12:13:57.537","01598 11:26:42",235.43,843.93,,,,"     ",5.10,1185.29,1.20
1598,539353223,"01598M12:13:58.510","01598 11:26:43",235.43,843.98,,,,"     ",5.10,1178.45,1.19
1598,539353224,"01598M12:13:59.484","01598 11:26:44",235.46,843.99,,,,"     ",5.10,1201.32,1.22
1598,539353225,"01598M12:14:00.457","01598 11:26:45",235.53,843.96,,,,"     ",5.10,1165.19,1.18
1598,539353226,"01598M12:14:01.430","01598 11:26:46",235.64,843.99,,,,"     ",5.10,1178.66,1.19
1598,539353227,"01598M12:14:02.403","01598 11:26:47",235.79,843.90,,,,"     ",5.10,1168.47,1.18
1598,539353228,"01598M12:14:03.377","01598 11:26:48",235.95,843.83,,,,"     ",5.10,1181.74,1.20
1598,539353229,"01598M12:14:04.350","01598 11:26:49",236.12,843.88,,,,"     ",5.10,1178.03,1.19
1598,539353230,"01598M12:14:05.323","01598 11:26:50",236.14,843.88,,,,"     ",5.10,1175.21,1.19
1598,539353231,"01598M12:14:06.296","01598 11:26:51",236.14,843.98,,,,"     ",5.10,1185.63,1.20
1598,539353232,"01598M12:14:07.270","01598 11:26:52",236.13,843.88,,,,"     ",5.10,1185.75,1.20
1598,539353233,"01598M12:14:08.243","01598 11:26:53",236.10,843.87,,,,"     ",5.10,1182.88,1.20
1598,539353234,"01598M12:14:09.216","01598 11:26:54",236.06,843.90,,,,"     ",5.10,1184.87,1.20
1598,539353235,"01598M12:14:10.189","01598 11:26:55",236.03,843.86,,,,"     ",5.10,1188.14,1.20
1598,539353236,"01598M12:14:11.163","01598 11:26:56",236.01,843.92,,,,"     ",5.10,1189.34,1.20
1598,539353237,"01598M12:14:12.136","01598 11:26:57",235.99,843.87,,,,"     ",5.10,1182.68,1.20
1598,539353238,"01598M12:14:13.109","01598 11:26:58",235.97,843.92,,,,"     ",5.10,1182.16,1.20
1598,539353239,"01598M12:14:14.082","01598 11:26:59",235.97,843.91,,,,"     ",5.10,1173.18,1.19
1598,539353240,"01598M12:14:15.056","01598 11:27:00",235.97,843.78,,,,"     ",5.10,1171.41,1.18
1598,539353241,"01598M12:14:16.029","01598 11:27:01",235.99,843.83,,,,"     ",5.10,1187.66,1.20
1598,539353242,"01598M12:14:17.002","01598 11:27:02",236.01,843.89,,,,"     ",5.10,1190.47,1.20
1598,539353243,"01598M12:14:17.975","01598 11:27:03",236.05,843.90,,,,"     ",5.10,1179.84,1.19
1598,539353244,"01598M12:14:18.949","01598 11:27:04",236.08,843.83,,,,"     ",5.10,1195.93,1.21
1598,539353245,"01598M12:14:19.922","01598 11:27:05",236.11,843.89,,,,"     ",5.10,1201.51,1.21
1598,539353246,"01598M12:14:20.895","01598 11:27:06",236.15,843.84,,,,"     ",5.10,1197.64,1.21
1598,539353247,"01598M12:14:21.868","01598 11:27:07",236.17,843.81,,,,"     ",5.10,1190.49,1.20
1598,539353248,"01598M12:14:22.842","01598 11:27:08",236.21,843.74,,,,"     ",5.10,1191.52,1.20
1598,539353249,"01598M12:14:23.815","01598 11:27:09",236.24,843.73,,,,"     ",5.10,1183.74,1.19
1598,539353250,"01598M12:14:24.788","01598 11:27:10",236.27,843.87,,,,"     ",5.10,1188.58,1.20
1598,539353251,"01598M12:14:25.761","01598 11:27:11",236.31,843.85,,,,"     ",5.10,1198.39,1.21
1598,539353252,"01598M12:14:26.735","01598 11:27:12",236.36,843.89,,,,"     ",5.10,1183.85,1.19
1598,539353253,"01598M12:14:27.708","01598 11:27:13",236.42,843.90,,,,"     ",5.10,1191.98,1.20
1598,539353254,"01598M12:14:28.681","01598 11:27:14",236.50,843.85,,,,"     ",5.10,1176.90,1.18
1598,539353255,"01598M12:14:29.654","01598 11:27:15",236.58,843.93,,,,"     ",5.10,1192.31,1.20
1598,539353256,"01598M12:14:30.628","01598 11:27:15",236.67,843.86,,,,"     ",5.10,1193.92,1.20
1598,539353257,"01598M12:14:31.601","01598 11:27:16",236.76,843.79,,,,"     ",5.10,1193.95,1.20
1598,539353258,"01598M12:14:32.574","01598 11:27:17",236.84,843.80,,,,"     ",5.10,1200.08,1.20
1598,539353259,"01598M12:14:33.547","01598 11:27:18",236.92,843.72,,,,"     ",5.10,1201.74,1.20
1598,539353260,"01598M12:14:34.521","01598 11:27:19",236.98,843.72,,,,"     ",5.10,1193.55,1.19
1598,539353261,"01598M12:14:35.494","01598 11:27:20",237.04,843.76,,,,"     ",5.10,1189.01,1.19
1598,539353262,"01598M12:14:36.467","01598 11:27:21",237.08,843.87,,,,"     ",5.10,1188.03,1.19
1598,539353263,"01598M12:14:37.440","01598 11:27:22",237.13,843.90,,,,"     ",5.10,1195.91,1.19
1598,539353264,"01598M12:14:38.414","01598 11:27:23",237.16,843.88,,,,"     ",5.10,1196.36,1.19
1598,539353265,"01598M12:14:39.387","01598 11:27:24",237.18,843.81,,,,"     ",5.10,1206.55,1.20
1598,539353266,"01598M12:14:40.360","01598 11:27:25",237.19,843.78,,,,"     ",5.10,1195.72,1.19
1598,539353267,"01598M12:14:41.334","01598 11:27:26",237.20,843.81,,,,"     ",5.10,1187.33,1.18
1598,539353268,"01598M12:14:42.307","01598 11:27:27",237.18,843.85,,,,"     ",5.10,1194.50,1.19
1598,539353269,"01598M12:14:43.280","01598 11:27:28",237.15,843.85,,,,"     ",5.10,1204.40,1.20
1598,539353270,"01598M12:14:44.253","01598 11:27:29",237.12,843.74,,,,"     ",5.10,1197.31,1.19
1598,539353271,"01598M12:14:45.227","01598 11:27:30",237.09,843.75,,,,"     ",5.10,1198.73,1.19
1598,539353272,"01598M12:14:46.200","01598 11:27:31",237.07,843.77,,,,"     ",5.10,1206.59,1.20
1598,539353273,"01598M12:14:47.173","01598 11:27:32",237.05,843.73,,,,"     ",5.10,1194.56,1.19
1598,539353274,"01598M12:14:48.146","01598 11:27:33",237.04,843.76,,,,"     ",5.10,1195.23,1.19
1598,539353275,"01598M12:14:49.120","01598 11:27:34",237.02,843.78,,,,"     ",5.10,1193.68,1.18
1598,539353276,"01598M12:14:50.093","01598 11:27:35",237.01,843.77,,,,"     ",5.10,1199.51,1.19
1598,539353277,"01598M12:14:51.066","01598 11:27:36",237.01,843.72,,,,"     ",5.10,1198.21,1.19
1598,539353278,"01598M12:14:52.039","01598 11:27:37",237.01,843.79,,,,"     ",5.10,1192.23,1.18
1598,539353279,"01598M12:14:53.013","01598 11:27:38",237.01,843.78,,,,"     ",5.10,1191.16,1.18
1598,539353280,"01598M12:14:53.986","01598 11:27:39",237.03,843.78,,,,"     ",5.10,1208.27,1.20
1598,539353281,"01598M12:14:54.959","01598 11:27:40",237.06,843.67,,,,"     ",5.10,1193.54,1.18
1598,539353282,"01598M12:14:55.932","01598 11:27:41",237.08,843.71,,,,"     ",5.10,1201.45,1.19
1598,539353283,"01598M12:14:56.906","01598 11:27:42",237.10,843.77,,,,"     ",5.10,1193.89,1.18
1598,539353284,"01598M12:14:57.879","01598 11:27:43",237.11,843.74,,,,"     ",5.10,1208.37,1.19
1598,539353285,"01598M12:14:58.852","01598 11:27:44",237.10,843.69,,,,"     ",5.10,1207.68,1.19
1598,539353286,"01598M12:14:59.825","01598 11:27:45",237.01,843.72,,,,"     ",5.10,1196.69,1.18
1598,539353287,"01598M12:15:00.799","01598 11:27:46",236.89,843.66,,,,"     ",5.10,1204.39,1.19
1598,539353288,"01598M12:15:01.772","01598 11:27:47",236.78,843.70,,,,"     ",5.10,1189.65,1.17
1598,539353289,"01598M12:15:02.745","01598 11:27:48",236.65,843.71,,,,"     ",5.10,1209.26,1.19
1598,539353290,"01598M12:15:03.718","01598 11:27:49",236.52,843.68,,,,"     ",5.10,1207.16,1.19
1598,539353291,"01598M12:15:04.692","01598 11:27:50",236.40,843.69,,,,"     ",5.10,1200.99,1.18
1598,539353292,"01598M12:15:05.665","01598 11:27:51",236.29,843.69,,,,"     ",5.10,1201.50,1.18
1598,539353293,"01598M12:15:06.638","01598 11:27:51",236.21,843.63,,,,"     ",5.10,1197.46,1.18
1598,539353294,"01598M12:15:07.611","01598 11:27:52",236.18,843.76,,,,"     ",5.10,1211.48,1.19
1598,539353295,"01598M12:15:08.585","01598 11:27:53",236.19,843.75,,,,"     ",5.10,1193.53,1.18
1598,539353296,"01598M12:15:09.558","01598 11:27:54",236.24,843.77,,,,"     ",5.10,1208.22,1.19
1598,539353297,"01598M12:15:10.531","01598 11:27:55",236.33,843.79,,,,"     ",5.10,1191.32,1.17
1598,539353298,"01598M12:15:11.504","01598 11:27:56",236.44,843.82,,,,"     ",5.10,1194.49,1.18
1598,539353299,"01598M12:15:12.478","01598 11:27:57",236.57,843.82,,,,"     ",5.10,1213.74,1.20
1598,539353300,"01598M12:15:13.451","01598 11:27:58",236.71,843.82,,,,"     ",5.10,1192.74,1.17
1598,539353301,"01598M12:15:14.424","01598 11:27:59",236.85,843.76,,,,"     ",5.10,1196.81,1.18
1598,539353302,"01598M12:15:15.397","01598 11:28:00",236.99,843.69,,,,"     ",5.10,1194.96,1.18
1598,539353303,"01598M12:15:16.371","01598 11:28:01",237.11,843.69,,,,"     ",5.10,1197.87,1.18
1598,539353304,"01598M12:15:17.344","01598 11:28:02",237.19,843.69,,,,"     ",5.10,1207.10,1.19
1598,539353305,"01598M12:15:18.317","01598 11:28:03",237.16,843.68,,,,"     ",5.10,1214.40,1.19
1598,539353306,"01598M12:15:19.290","01598 11:28:04",237.12,843.65,,,,"     ",5.10,1203.39,1.18
1598,539353307,"01598M12:15:20.264","01598 11:28:05",237.08,843.63,,,,"     ",5.10,1223.83,1.20
1598,539353308,"01598M12:15:21.237","01598 11:28:06",237.03,843.70,,,,"     ",5.10,1194.47,1.17
1598,539353309,"01598M12:15:22.210","01598 11:28:07",236.96,843.64,,,,"     ",5.10,1209.73,1.19
1598,539353310,"01598M12:15:23.183","01598 11:28:08",236.85,843.71,,,,"     ",5.10,1202.07,1.18
1598,539353311,"01598M12:15:24.157","01598 11:28:09",236.72,843.73,,,,"     ",5.10,1211.95,1.19
1598,539353312,"01598M12:15:25.130","01598 11:28:10",236.57,843.75,,,,"     ",5.10,1199.60,1.18
1598,539353313,"01598M12:15:26.103","01598 11:28:11",236.41,843.74,,,,"     ",5.10,1215.31,1.19
1598,539353314,"01598M12:15:27.076","01598 11:28:12",236.26,843.75,,,,"     ",5.10,1194.04,1.17
1598,539353315,"01598M12:15:28.050","01598 11:28:13",236.14,843.72,,,,"     ",5.10,1214.52,1.19
1598,539353316,"01598M12:15:29.023","01598 11:28:14",236.05,843.70,,,,"     ",5.10,1193.83,1.17
1598,539353317,"01598M12:15:29.996","01598 11:28:15",235.98,843.67,,,,"     ",5.10,1201.63,1.18
1598,539353318,"01598M12:15:30.969","01598 11:28:16",235.93,843.65,,,,"     ",5.10,1192.78,1.17
1598,539353319,"01598M12:15:31.943","01598 11:28:17",235.89,843.64,,,,"     ",5.10,1194.74,1.17
1598,539353320,"01598M12:15:32.916","01598 11:28:18",235.85,843.67,,,,"     ",5.10,1191.81,1.17
1598,539353321,"01598M12:15:33.889","01598 11:28:19",235.83,843.58,,,,"     ",5.10,1209.03,1.18
1598,539353322,"01598M12:15:34.862","01598 11:28:20",235.83,843.64,,,,"     ",5.10,1201.51,1.18
1598,539353323,"01598M12:15:35.836","01598 11:28:21",235.83,843.57,,,,"     ",5.10,1208.41,1.18
1598,539353324,"01598M12:15:36.809","01598 11:28:22",235.85,843.56,,,,"     ",5.10,1205.01,1.18
1598,539353325,"01598M12:15:37.782","01598 11:28:23",235.89,843.61,,,,"     ",5.10,1206.53,1.18
1598,539353326,"01598M12:15:38.755","01598 11:28:24",235.93,843.56,,,,"     ",5.10,1213.96,1.19
1598,539353327,"01598M12:15:39.729","01598 11:28:25",236.00,843.61,,,,"     ",5.10,1205.49,1.18
1598,539353328,"01598M12:15:40.702","01598 11:28:26",235.60,843.62,,,,"     ",5.10,1202.80,1.17
1598,539353329,"01598M12:15:41.675","01598 11:28:27",235.81,843.62,,,,"     ",5.10,1213.74,1.18
1598,539353330,"01598M12:15:42.648","01598 11:28:27",236.01,843.68,,,,"     ",5.10,1198.41,1.17
1598,539353331,"01598M12:15:43.622","01598 11:28:28",236.19,843.68,,,,"     ",5.10,1238.35,1.21
1598,539353332,"01598M12:15:44.595","01598 11:28:29",236.36,843.67,,,,"     ",5.10,1217.18,1.19
1598,539353333,"01598M12:15:45.568","01598 11:28:30",236.51,843.54,,,,"     ",5.10,1230.01,1.20
1598,539353334,"01598M12:15:46.541","01598 11:28:31",236.66,843.57,,,,"     ",5.10,1219.42,1.19
1598,539353335,"01598M12:15:47.515","01598 11:28:32",236.79,843.59,,,,"     ",5.10,1211.36,1.18
1598,539353336,"01598M12:15:48.488","01598 11:28:33",236.91,843.51,,,,"     ",5.10,1219.46,1.19
1598,539353337,"01598M12:15:49.461","01598 11:28:34",237.02,843.56,,,,"     ",5.10,1214.77,1.18
1598,539353338,"01598M12:15:50.435","01598 11:28:35",237.12,843.50,,,,"     ",5.10,1222.05,1.19
1598,539353339,"01598M12:15:51.408","01598 11:28:36",237.22,843.53,,,,"     ",5.10,1208.86,1.18
1598,539353340,"01598M12:15:52.381","01598 11:28:37",237.31,843.49,,,,"     ",5.10,1239.53,1.21
1598,539353341,"01598M12:15:53.354","01598 11:28:38",237.39,843.43,,,,"     ",5.10,1206.08,1.17
1598,539353342,"01598M12:15:54.328","01598 11:28:39",237.45,843.49,,,,"     ",5.10,1221.99,1.19
1598,539353343,"01598M12:15:55.301","01598 11:28:40",237.46,843.56,,,,"     ",5.10,1219.80,1.18
1598,539353344,"01598M12:15:56.274","01598 11:28:41",237.45,843.62,,,,"     ",5.10,1221.59,1.19
1598,539353345,"01598M12:15:57.247","01598 11:28:42",237.45,843.55,,,,"     ",5.10,1213.17,1.18
1598,539353346,"01598M12:15:58.221","01598 11:28:43",237.45,843.57,,,,"     ",5.10,1220.65,1.18
1598,539353347,"01598M12:15:59.194","01598 11:28:44",237.52,843.54,,,,"     ",5.10,1216.86,1.18
1598,539353348,"01598M12:16:00.167","01598 11:28:45",237.63,843.47,,,,"     ",5.10,1216.87,1.18
1598,539353349,"01598M12:16:01.140","01598 11:28:46",237.78,843.51,,,,"     ",5.10,1225.74,1.19
1598,539353350,"01598M12:16:02.114","01598 11:28:47",237.96,843.51,,,,"     ",5.10,1208.02,1.17
1598,539353351,"01598M12:16:03.087","01598 11:28:48",238.12,843.49,,,,"     ",5.10,1224.92,1.19
1598,539353352,"01598M12:16:04.060","01598 11:28:49",238.29,843.58,,,,"     ",5.10,1223.23,1.18
1598,539353353,"01598M12:16:05.033","01598 11:28:50",238.46,843.53,,,,"     ",5.10,1219.65,1.18
1598,539353354,"01598M12:16:06.007","01598 11:28:51",238.62,843.52,,,,"     ",5.10,1221.75,1.18
1598,539353355,"01598M12:16:06.980","01598 11:28:52",238.77,843.50,,,,"     ",5.10,1246.24,1.21
1598,539353356,"01598M12:16:07.953","01598 11:28:53",238.89,843.37,,,,"     ",5.10,1246.41,1.20
1598,539353357,"01598M12:16:08.926","01598 11:28:54",238.98,843.46,,,,"     ",5.10,1223.58,1.18
1598,539353358,"01598M12:16:09.900","01598 11:28:55",238.94,843.49,,,,"     ",5.10,1226.30,1.18
1598,539353359,"01598M12:16:10.873","01598 11:28:56",238.88,843.52,,,,"     ",5.10,1240.98,1.20
1598,539353360,"01598M12:16:11.846","01598 11:28:57",238.79,843.47,,,,"     ",5.10,1247.11,1.20
1598,539353361,"01598M12:16:12.819","01598 11:28:58",238.69,843.45,,,,"     ",5.10,1238.97,1.19
1598,539353362,"01598M12:16:13.793","01598 11:28:59",238.58,843.56,,,,"     ",5.10,1248.59,1.20
1598,539353363,"01598M12:16:14.766","01598 11:29:00",238.47,843.49,,,,"     ",5.10,1248.98,1.20
1598,539353364,"01598M12:16:15.739","01598 11:29:01",238.35,843.52,,,,"     ",5.10,1227.58,1.18
1598,539353365,"01598M12:16:16.712","01598 11:29:02",238.23,843.49,,,,"     ",5.10,1230.41,1.18
1598,539353366,"01598M12:16:17.686","01598 11:29:03",238.13,843.43,,,,"     ",5.10,1228.81,1.18
1598,539353367,"01598M12:16:18.659","01598 11:29:03",238.04,843.44,,,,"     ",5.10,1223.00,1.17
1598,539353368,"01598M12:16:19.632","01598 11:29:04",237.98,843.44,,,,"     ",5.10,1231.12,1.18
1598,539353369,"01598M12:16:20.605","01598 11:29:05",237.92,843.39,,,,"     ",5.10,1236.00,1.19
1598,539353370,"01598M12:16:21.579","01598 11:29:06",237.88,843.40,,,,"     ",5.10,1235.64,1.19
1598,539353371,"01598M12:16:22.552","01598 11:29:07",237.85,843.39,,,,"     ",5.10,1228.35,1.18
1598,539353372,"01598M12:16:23.525","01598 11:29:08",237.83,843.43,,,,"     ",5.10,1240.89,1.19
1598,539353373,"01598M12:16:24.498","01598 11:29:09",237.81,843.48,,,,"     ",5.10,1235.83,1.18
1598,539353374,"01598M12:16:25.472","01598 11:29:10",237.79,843.36,,,,"     ",5.10,1229.36,1.18
1598,539353375,"01598M12:16:26.445","01598 11:29:11",237.77,843.42,,,,"     ",5.10,1235.63,1.18
1598,539353376,"01598M12:16:27.418","01598 11:29:12",237.76,843.40,,,,"     ",5.10,1226.36,1.17
1598,539353377,"01598M12:16:28.391","01598 11:29:13",237.74,843.39,,,,"     ",5.10,1228.14,1.17
1598,539353378,"01598M12:16:29.365","01598 11:29:14",237.72,843.36,,,,"     ",5.10,1211.07,1.16
1598,539353379,"01598M12:16:30.338","01598 11:29:15",237.70,843.40,,,,"     ",5.10,1245.66,1.19
1598,539353380,"01598M12:16:31.311","01598 11:29:16",237.69,843.29,,,,"     ",5.10,1241.67,1.18
1598,539353381,"01598M12:16:32.284","01598 11:29:17",237.68,843.34,,,,"     ",5.10,1224.47,1.17
1598,539353382,"01598M12:16:33.258","01598 11:29:18",237.68,843.40,,,,"     ",5.10,1239.87,1.18
1598,539353383,"01598M12:16:34.231","01598 11:29:19",237.69,843.31,,,,"     ",5.10,1231.37,1.17
1598,539353384,"01598M12:16:35.204","01598 11:29:20",237.72,843.36,,,,"     ",5.10,1245.39,1.19
1598,539353385,"01598M12:16:36.177","01598 11:29:21",237.76,843.38,,,,"     ",5.10,1237.78,1.18
1598,539353386,"01598M12:16:37.151","01598 11:29:22",237.81,843.41,,,,"     ",5.10,1225.02,1.16
1598,539353387,"01598M12:16:38.124","01598 11:29:23",237.87,843.37,,,,"     ",5.10,1236.99,1.17
1598,539353388,"01598M12:16:39.097","01598 11:29:24",237.94,843.31,,,,"     ",5.10,1234.50,1.17
1598,539353389,"01598M12:16:40.070","01598 11:29:25",238.01,843.28,,,,"     ",5.10,1236.91,1.17
1598,539353390,"01598M12:16:41.044","01598 11:29:26",238.08,843.34,,,,"     ",5.10,1235.40,1.17
1598,539353391,"01598M12:16:42.017","01598 11:29:27",238.14,843.26,,,,"     ",5.10,1234.64,1.17
1598,539353392,"01598M12:16:42.990","01598 11:29:28",238.19,843.37,,,,"     ",5.10,1230.81,1.16
1598,539353393,"01598M12:16:43.963","01598 11:29:29",238.22,843.34,,,,"     ",5.10,1240.19,1.17
1598,539353394,"01598M12:16:44.937","01598 11:29:30",238.25,843.33,,,,"     ",5.10,1259.04,1.19
1598,539353395,"01598M12:16:45.910","01598 11:29:31",238.26,843.36,,,,"     ",5.10,1250.67,1.18
1598,539353396,"01598M12:16:46.883","01598 11:29:32",238.27,843.38,,,,"     ",5.10,1251.25,1.18
1598,539353397,"01598M12:16:47.856","01598 11:29:33",238.28,843.33,,,,"     ",5.10,1249.56,1.18
1598,539353398,"01598M12:16:48.830","01598 11:29:34",238.30,843.32,,,,"     ",5.10,1242.46,1.17
1598,539353399,"01598M12:16:49.803","01598 11:29:35",238.33,843.39,,,,"     ",5.10,1260.76,1.19
1598,539353400,"01598M12:16:50.776","01598 11:29:36",238.38,843.32,,,,"     ",5.10,1248.31,1.18
1598,539353401,"01598M12:16:51.749","01598 11:29:37",238.45,843.29,,,,"     ",5.10,1241.76,1.17
1598,539353402,"01598M12:16:52.723","01598 11:29:38",238.51,843.24,,,,"     ",5.10,1245.06,1.17
1598,539353403,"01598M12:16:53.696","01598 11:29:39",238.58,843.38,,,,"     ",5.10,1258.08,1.18
1598,539353404,"01598M12:16:54.669","01598 11:29:39",238.63,843.27,,,,"     ",5.10,1235.92,1.16
1598,539353405,"01598M12:16:55.642","01598 11:29:40",238.67,843.29,,,,"     ",5.10,1245.60,1.17
1598,539353406,"01598M12:16:56.616","01598 11:29:41",238.68,843.28,,,,"     ",5.10,1253.33,1.18
1598,539353407,"01598M12:16:57.589","01598 11:29:42",238.68,843.18,,,,"     ",5.10,1260.90,1.18
1598,539353408,"01598M12:16:58.562","01598 11:29:43",238.63,843.17,,,,"     ",5.10,1238.51,1.16
1598,539353409,"01598M12:16:59.536","01598 11:29:44",238.57,843.18,,,,"     ",5.10,1269.06,1.19
1598,539353410,"01598M12:17:00.509","01598 11:29:45",238.47,843.19,,,,"     ",5.10,1255.01,1.17
1598,539353411,"01598M12:17:01.482","01598 11:29:46",238.35,843.20,,,,"     ",5.10,1253.96,1.17
1598,539353412,"01598M12:17:02.455","01598 11:29:47",238.22,843.18,,,,"     ",5.10,1270.40,1.19
1598,539353413,"01598M12:17:03.429","01598 11:29:48",238.09,843.18,,,,"     ",5.10,1255.96,1.17
1598,539353414,"01598M12:17:04.402","01598 11:29:49",237.97,843.31,,,,"     ",5.10,1247.89,1.17
1598,539353415,"01598M12:17:05.375","01598 11:29:50",237.87,843.28,,,,"     ",5.10,1252.24,1.17
1598,539353416,"01598M12:17:06.348","01598 11:29:51",237.80,843.19,,,,"     ",5.10,1231.69,1.15
1598,539353417,"01598M12:17:07.322","01598 11:29:52",237.76,843.24,,,,"     ",5.10,1245.18,1.16
1598,539353418,"01598M12:17:08.295","01598 11:29:53",237.76,843.18,,,,"     ",5.10,1249.47,1.16
1598,539353419,"01598M12:17:09.268","01598 11:29:54",237.80,843.24,,,,"     ",5.10,1267.70,1.18
1598,539353420,"01598M12:17:10.241","01598 11:29:55",237.88,843.19,,,,"     ",5.10,1253.64,1.17
1598,539353421,"01598M12:17:11.215","01598 11:29:56",237.97,843.28,,,,"     ",5.10,1248.66,1.16
1598,539353422,"01598M12:17:12.188","01598 11:29:57",238.06,843.21,,,,"     ",5.10,1253.33,1.17
1598,539353423,"01598M12:17:13.161","01598 11:29:58",238.16,843.20,,,,"     ",5.10,1240.81,1.15
1598,539353424,"01598M12:17:14.134","01598 11:29:59",238.25,843.15,,,,"     ",5.10,1253.84,1.17
1598,539353425,"01598M12:17:15.108","01598 11:30:00",238.33,843.17,,,,"     ",5.10,1259.44,1.17
1598,539353426,"01598M12:17:16.081","01598 11:30:01",238.39,843.23,,,,"     ",5.10,1250.19,1.16
1598,539353427,"01598M12:17:17.054","01598 11:30:02",238.44,843.21,,,,"     ",5.10,1256.20,1.17
1598,539353428,"01598M12:17:18.027","01598 11:30:03",238.47,843.19,,,,"     ",5.10,1256.92,1.17
1598,539353429,"01598M12:17:19.001","01598 11:30:04",238.49,843.16,,,,"     ",5.10,1274.64,1.18
1598,539353430,"01598M12:17:19.974","01598 11:30:05",238.49,843.11,,,,"     ",5.10,1253.39,1.16
1598,539353431,"01598M12:17:20.947","01598 11:30:06",238.48,843.17,,,,"     ",5.10,1253.54,1.16
1598,539353432,"01598M12:17:21.920","01598 11:30:07",238.45,843.18,,,,"     ",5.10,1264.91,1.17
1598,539353433,"01598M12:17:22.894","01598 11:30:08",238.41,843.19,,,,"     ",5.10,1253.41,1.16
1598,539353434,"01598M12:17:23.867","01598 11:30:09",238.37,843.22,,,,"     ",5.10,1269.16,1.18
1598,539353435,"01598M12:17:24.840","01598 11:30:10",238.34,843.25,,,,"     ",5.10,1268.44,1.18
1598,539353436,"01598M12:17:25.813","01598 11:30:11",238.31,843.16,,,,"     ",5.10,1264.33,1.17
1598,539353437,"01598M12:17:26.787","01598 11:30:12",238.29,843.17,,,,"     ",5.10,1250.50,1.16
1598,539353438,"01598M12:17:27.760","01598 11:30:13",238.29,843.18,,,,"     ",5.10,1259.17,1.17
1598,539353439,"01598M12:17:28.733","01598 11:30:14",238.30,843.15,,,,"     ",5.10,1282.85,1.19
1598,539353440,"01598M12:17:29.706","01598 11:30:15",238.31,843.08,,,,"     ",5.10,1263.18,1.17
1598,539353441,"01598M12:17:30.680","01598 11:30:15",238.31,843.05,,,,"     ",5.10,1253.74,1.16
1598,539353442,"01598M12:17:31.653","01598 11:30:16",238.30,842.98,,,,"     ",5.10,1274.55,1.18
1598,539353443,"01598M12:17:32.626","01598 11:30:17",238.28,843.10,,,,"     ",5.10,1259.76,1.17
1598,539353444,"01598M12:17:33.599","01598 11:30:18",238.25,843.09,,,,"     ",5.10,1281.63,1.19
1598,539353445,"01598M12:17:34.573","01598 11:30:19",238.22,843.14,,,,"     ",5.10,1265.31,1.17
1598,539353446,"01598M12:17:35.546","01598 11:30:20",238.19,843.14,,,,"     ",5.10,1273.27,1.18
1598,539353447,"01598M12:17:36.519","01598 11:30:21",238.17,843.16,,,,"     ",5.10,1265.13,1.17
1598,539353448,"01598M12:17:37.492","01598 11:30:22",238.14,843.11,,,,"     ",5.10,1265.76,1.17
1598,539353449,"01598M12:17:38.466","01598 11:30:23",238.11,843.06,,,,"     ",5.10,1251.26,1.16
1598,539353450,"01598M12:17:39.439","01598 11:30:24",238.08,843.08,,,,"     ",5.10,1255.99,1.16
1598,539353451,"01598M12:17:40.412","01598 11:30:25",238.03,843.04,,,,"     ",5.10,1250.14,1.16
1598,539353452,"01598M12:17:41.385","01598 11:30:26",237.99,843.08,,,,"     ",5.10,1250.07,1.16
1598,539353453,"01598M12:17:42.359","01598 11:30:27",237.95,843.16,,,,"     ",5.10,1269.74,1.18
1598,539353454,"01598M12:17:43.332","01598 11:30:28",237.92,843.10,,,,"     ",5.10,1249.32,1.16
1598,539353455,"01598M12:17:44.305","01598 11:30:29",237.91,843.07,,,,"     ",5.10,1271.56,1.18
1598,539353456,"01598M12:17:45.278","01598 11:30:30",237.91,843.12,,,,"     ",5.10,1261.59,1.17
1598,539353457,"01598M12:17:46.252","01598 11:30:31",237.92,843.09,,,,"     ",5.10,1244.97,1.15
1598,539353458,"01598M12:17:47.225","01598 11:30:32",237.95,843.06,,,,"     ",5.10,1254.42,1.16
1598,539353459,"01598M12:17:48.198","01598 11:30:33",237.98,842.98,,,,"     ",5.10,1261.14,1.17
1598,539353460,"01598M12:17:49.171","01598 11:30:34",238.01,843.08,,,,"     ",5.10,1272.09,1.18
1598,539353461,"01598M12:17:50.145","01598 11:30:35",238.05,843.05,,,,"     ",5.10,1266.79,1.17
1598,539353462,"01598M12:17:51.118","01598 11:30:36",238.09,843.00,,,,"     ",5.10,1264.27,1.17
1598,539353463,"01598M12:17:52.091","01598 11:30:37",238.14,842.99,,,,"     ",5.10,1259.53,1.17
1598,539353464,"01598M12:17:53.064","01598 11:30:38",238.20,843.10,,,,"     ",5.10,1259.77,1.17
1598,539353465,"01598M12:17:54.038","01598 11:30:39",238.26,843.09,,,,"     ",5.10,1256.82,1.16
1598,539353466,"01598M12:17:55.011","01598 11:30:40",238.34,843.00,,,,"     ",5.10,1261.99,1.17
1598,539353467,"01598M12:17:55.984","01598 11:30:41",238.40,843.18,,,,"     ",5.10,1247.25,1.15
1598,539353468,"01598M12:17:56.957","01598 11:30:42",238.46,843.14,,,,"     ",5.10,1273.12,1.18
1598,539353469,"01598M12:17:57.931","01598 11:30:43",238.49,843.17,,,,"     ",5.10,1254.23,1.16
1598,539353470,"01598M12:17:58.904","01598 11:30:44",238.51,843.11,,,,"     ",5.10,1256.66,1.16
1598,539353471,"01598M12:17:59.877","01598 11:30:45",238.52,843.19,,,,"     ",5.10,1270.09,1.17
1598,539353472,"01598M12:18:00.850","01598 11:30:46",238.52,843.19,,,,"     ",5.10,1262.66,1.17
1598,539353473,"01598M12:18:01.824","01598 11:30:47",238.52,843.21,,,,"     ",5.10,1270.43,1.17
1598,539353474,"01598M12:18:02.797","01598 11:30:48",238.53,843.07,,,,"     ",5.10,1260.68,1.16
1598,539353475,"01598M12:18:03.770","01598 11:30:49",238.55,843.12,,,,"     ",5.10,1275.17,1.18
1598,539353476,"01598M12:18:04.743","01598 11:30:50",238.58,843.11,,,,"     ",5.10,1251.85,1.16
1598,539353477,"01598M12:18:05.717","01598 11:30:51",238.63,843.00,,,,"     ",5.10,1260.78,1.16
1598,539353478,"01598M12:18:06.690","01598 11:30:51",238.68,843.09,,,,"     ",5.10,1260.01,1.16
1598,539353479,"01598M12:18:07.663","01598 11:30:52",238.75,843.08,,,,"     ",5.10,1267.18,1.17
1598,539353480,"01598M12:18:08.637","01598 11:30:53",238.81,843.04,,,,"     ",5.10,1278.89,1.18
1598,539353481,"01598M12:18:09.610","01598 11:30:54",238.88,843.01,,,,"     ",5.10,1288.94,1.19
1598,539353482,"01598M12:18:10.583","01598 11:30:55",238.95,843.09,,,,"     ",5.10,1256.38,1.16
1598,539353483,"01598M12:18:11.556","01598 11:30:56",239.02,843.13,,,,"     ",5.10,1270.57,1.17
1598,539353484,"01598M12:18:12.530","01598 11:30:57",239.07,843.00,,,,"     ",5.10,1260.45,1.16
1598,539353485,"01598M12:18:13.503","01598 11:30:58",239.12,843.06,,,,"     ",5.10,1262.66,1.16
1598,539353486,"01598M12:18:14.476","01598 11:30:59",239.16,843.12,,,,"     ",5.10,1277.51,1.18
1598,539353487,"01598M12:18:15.449","01598 11:31:00",239.18,843.01,,,,"     ",5.10,1269.36,1.17
1598,539353488,"01598M12:18:16.423","01598 11:31:01",239.20,843.09,,,,"     ",5.10,1265.03,1.16
1598,539353489,"01598M12:18:17.396","01598 11:31:02",239.22,842.97,,,,"     ",5.10,1273.22,1.17
1598,539353490,"01598M12:18:18.369","01598 11:31:03",239.24,843.03,,,,"     ",5.10,1274.02,1.17
1598,539353491,"01598M12:18:19.342","01598 11:31:04",239.27,843.00,,,,"     ",5.10,1264.78,1.16
1598,539353492,"01598M12:18:20.316","01598 11:31:05",239.29,843.02,,,,"     ",5.10,1274.74,1.17
1598,539353493,"01598M12:18:21.289","01598 11:31:06",239.32,843.10,,,,"     ",5.10,1266.06,1.16
1598,539353494,"01598M12:18:22.262","01598 11:31:07",239.34,843.05,,,,"     ",5.10,1268.54,1.16
1598,539353495,"01598M12:18:23.235","01598 11:31:08",239.34,843.03,,,,"     ",5.10,1260.55,1.15
1598,539353496,"01598M12:18:24.209","01598 11:31:09",239.33,843.03,,,,"     ",5.10,1274.99,1.17
1598,539353497,"01598M12:18:25.182","01598 11:31:10",239.28,843.00,,,,"     ",5.10,1287.24,1.18
1598,539353498,"01598M12:18:26.155","01598 11:31:11",239.20,842.87,,,,"     ",5.10,1280.18,1.17
1598,539353499,"01598M12:18:27.128","01598 11:31:12",239.09,842.89,,,,"     ",5.10,1270.27,1.16
1598,539353500,"01598M12:18:28.102","01598 11:31:13",238.96,842.84,,,,"     ",5.10,1283.73,1.17
1598,539353501,"01598M12:18:29.075","01598 11:31:14",238.82,842.87,,,,"     ",5.10,1275.48,1.17
1598,539353502,"01598M12:18:30.048","01598 11:31:15",238.67,842.73,,,,"     ",5.10,1273.38,1.16
1598,539353503,"01598M12:18:31.021","01598 11:31:16",238.54,842.83,,,,"     ",5.10,1272.93,1.16
1598,539353504,"01598M12:18:31.995","01598 11:31:17",238.44,842.84,,,,"     ",5.10,1274.90,1.16
1598,539353505,"01598M12:18:32.968","01598 11:31:18",238.37,842.78,,,,"     ",5.10,1269.76,1.16
1598,539353506,"01598M12:18:33.941","01598 11:31:19",238.32,842.81,,,,"     ",5.10,1270.97,1.16
1598,539353507,"01598M12:18:34.914","01598 11:31:20",238.30,842.82,,,,"     ",5.10,1269.58,1.16
1598,539353508,"01598M12:18:35.888","01598 11:31:21",238.29,842.82,,,,"     ",5.10,1275.91,1.16
1598,539353509,"01598M12:18:36.861","01598 11:31:22",238.30,842.84,,,,"     ",5.10,1281.08,1.17
1598,539353510,"01598M12:18:37.834","01598 11:31:23",238.31,842.85,,,,"     ",5.10,1265.04,1.15
1598,539353511,"01598M12:18:38.807","01598 11:31:24",238.32,842.96,,,,"     ",5.10,1277.68,1.17
1598,539353512,"01598M12:18:39.781","01598 11:31:25",238.31,843.00,,,,"     ",5.10,1276.35,1.16
1598,539353513,"01598M12:18:40.754","01598 11:31:26",238.28,842.88,,,,"     ",5.10,1246.56,1.14
1598,539353514,"01598M12:18:41.727","01598 11:31:27",238.22,842.92,,,,"     ",5.10,1266.12,1.16
1598,539353515,"01598M12:18:42.700","01598 11:31:28",238.16,842.94,,,,"     ",5.10,1260.88,1.15
1598,539353516,"01598M12:18:43.674","01598 11:31:28",238.07,842.90,,,,"     ",5.10,1267.59,1.16
1598,539353517,"01598M12:18:44.647","01598 11:31:29",237.99,842.97,,,,"     ",5.10,1279.99,1.17
1598,539353518,"01598M12:18:45.620","01598 11:31:30",237.93,842.86,,,,"     ",5.10,1278.63,1.17
1598,539353519,"01598M12:18:46.593","01598 11:31:31",237.91,842.95,,,,"     ",5.10,1266.20,1.15
1598,539353520,"01598M12:18:47.567","01598 11:31:32",237.92,842.91,,,,"     ",5.10,1262.53,1.15
1598,539353521,"01598M12:18:48.540","01598 11:31:33",237.97,842.98,,,,"     ",5.10,1282.46,1.17
1598,539353522,"01598M12:18:49.513","01598 11:31:34",238.04,842.85,,,,"     ",5.10,1263.01,1.15
1598,539353523,"01598M12:18:50.486","01598 11:31:35",238.14,842.89,,,,"     ",5.10,1267.03,1.16
1598,539353524,"01598M12:18:51.460","01598 11:31:36",238.23,842.82,,,,"     ",5.10,1253.13,1.14
1598,539353525,"01598M12:18:52.433","01598 11:31:37",238.32,842.80,,,,"     ",5.10,1282.59,1.17
1598,539353526,"01598M12:18:53.406","01598 11:31:38",238.40,842.85,,,,"     ",5.10,1259.57,1.15
1598,539353527,"01598M12:18:54.379","01598 11:31:39",238.47,842.80,,,,"     ",5.10,1283.84,1.17
1598,539353528,"01598M12:18:55.353","01598 11:31:40",238.52,842.87,,,,"     ",5.10,1269.85,1.16
1598,539353529,"01598M12:18:56.326","01598 11:31:41",238.55,842.81,,,,"     ",5.10,1275.27,1.16
1598,539353530,"01598M12:18:57.299","01598 11:31:42",238.58,842.82,,,,"     ",5.10,1280.97,1.17
1598,539353531,"01598M12:18:58.272","01598 11:31:43",238.59,842.92,,,,"     ",5.10,1279.80,1.17
1598,539353532,"01598M12:18:59.246","01598 11:31:44",238.59,842.86,,,,"     ",5.10,1266.31,1.15
1598,539353533,"01598M12:19:00.219","01598 11:31:45",238.59,842.84,,,,"     ",5.10,1276.74,1.16
1598,539353534,"01598M12:19:01.192","01598 11:31:46",238.57,842.84,,,,"     ",5.10,1284.53,1.17
1598,539353535,"01598M12:19:02.165","01598 11:31:47",238.57,842.93,,,,"     ",5.10,1277.04,1.16
1598,539353536,"01598M12:19:03.139","01598 11:31:48",238.58,842.86,,,,"     ",5.10,1275.38,1.16
1598,539353537,"01598M12:19:04.112","01598 11:31:49",238.61,842.87,,,,"     ",5.10,1273.19,1.16
1598,539353538,"01598M12:19:05.085","01598 11:31:50",238.66,842.86,,,,"     ",5.10,1278.92,1.16
1598,539353539,"01598M12:19:06.058","01598 11:31:51",238.72,842.77,,,,"     ",5.10,1283.16,1.17
1598,539353540,"01598M12:19:07.032","01598 11:31:52",238.78,842.77,,,,"     ",5.10,1277.69,1.16
1598,539353541,"01598M12:19:08.005","01598 11:31:53",238.83,842.68,,,,"     ",5.10,1286.61,1.17
1598,539353542,"01598M12:19:08.978","01598 11:31:54",238.87,842.64,,,,"     ",5.10,1270.16,1.15
1598,539353543,"01598M12:19:09.951","01598 11:31:55",238.90,842.63,,,,"     ",5.10,1278.36,1.16
1598,539353544,"01598M12:19:10.925","01598 11:31:56",238.93,842.74,,,,"     ",5.10,1270.13,1.15
1598,539353545,"01598M12:19:11.898","01598 11:31:57",238.95,842.77,,,,"     ",5.10,1284.34,1.17
1598,539353546,"01598M12:19:12.871","01598 11:31:58",238.98,842.80,,,,"     ",5.10,1273.33,1.16
1598,539353547,"01598M12:19:13.844","01598 11:31:59",239.02,842.78,,,,"     ",5.10,1275.42,1.16
1598,539353548,"01598M12:19:14.818","01598 11:32:00",239.06,842.73,,,,"     ",5.10,1283.85,1.16
1598,539353549,"01598M12:19:15.791","01598 11:32:01",239.09,842.71,,,,"     ",5.10,1287.06,1.17
1598,539353550,"01598M12:19:16.764","01598 11:32:02",239.12,842.72,,,,"     ",5.10,1289.52,1.17
1598,539353551,"01598M12:19:17.738","01598 11:32:03",239.14,842.74,,,,"     ",5.10,1288.86,1.17
1598,539353552,"01598M12:19:18.711","01598 11:32:04",239.14,842.72,,,,"     ",5.10,1280.01,1.16
1598,539353553,"01598M12:19:19.684","01598 11:32:04",239.12,842.74,,,,"     ",5.10,1285.80,1.16
1598,539353554,"01598M12:19:20.657","01598 11:32:05",239.09,842.76,,,,"     ",5.10,1277.13,1.16
1598,539353555,"01598M12:19:21.631","01598 11:32:06",239.06,842.75,,,,"     ",5.10,1284.45,1.16
1598,539353556,"01598M12:19:22.604","01598 11:32:07",239.04,842.77,,,,"     ",5.10,1284.34,1.16
1598,539353557,"01598M12:19:23.577","01598 11:32:08",239.02,842.81,,,,"     ",5.10,1266.46,1.15
1598,539353558,"01598M12:19:24.550","01598 11:32:09",239.01,842.84,,,,"     ",5.10,1264.37,1.14
1598,539353559,"01598M12:19:25.524","01598 11:32:10",239.00,842.83,,,,"     ",5.10,1284.39,1.16
1598,539353560,"01598M12:19:26.497","01598 11:32:11",239.00,842.75,,,,"     ",5.10,1273.39,1.15
1598,539353561,"01598M12:19:27.470","01598 11:32:12",239.00,842.76,,,,"     ",5.10,1287.72,1.16
1598,539353562,"01598M12:19:28.443","01598 11:32:13",239.01,842.81,,,,"     ",5.10,1282.72,1.16
1598,539353563,"01598M12:19:29.417","01598 11:32:14",239.05,842.77,,,,"     ",5.10,1290.07,1.17
1598,539353564,"01598M12:19:30.390","01598 11:32:15",239.10,842.80,,,,"     ",5.10,1290.04,1.17
1598,539353565,"01598M12:19:31.363","01598 11:32:16",239.18,842.73,,,,"     ",5.10,1273.62,1.15
1598,539353566,"01598M12:19:32.336","01598 11:32:17",239.27,842.78,,,,"     ",5.10,1280.35,1.16
1598,539353567,"01598M12:19:33.310","01598 11:32:18",239.37,842.70,,,,"     ",5.10,1272.05,1.15
1598,539353568,"01598M12:19:34.283","01598 11:32:19",239.45,842.75,,,,"     ",5.10,1274.49,1.15
1598,539353569,"01598M12:19:35.256","01598 11:32:20",239.52,842.73,,,,"     ",5.10,1282.00,1.16
1598,539353570,"01598M12:19:36.229","01598 11:32:21",239.57,842.76,,,,"     ",5.10,1283.61,1.16
1598,539353571,"01598M12:19:37.203","01598 11:32:22",239.59,842.65,,,,"     ",5.10,1280.55,1.16
1598,539353572,"01598M12:19:38.176","01598 11:32:23",239.58,842.75,,,,"     ",5.10,1286.30,1.16
1598,539353573,"01598M12:19:39.149","01598 11:32:24",239.56,842.75,,,,"     ",5.10,1295.84,1.17
1598,539353574,"01598M12:19:40.122","01598 11:32:25",239.41,842.78,,,,"     ",5.10,1278.94,1.15
1598,539353575,"01598M12:19:41.096","01598 11:32:26",239.23,842.71,,,,"     ",5.10,1275.77,1.15
1598,539353576,"01598M12:19:42.069","01598 11:32:27",239.02,842.68,,,,"     ",5.10,1278.60,1.15
1598,539353577,"01598M12:19:43.042","01598 11:32:28",238.81,842.61,,,,"     ",5.10,1283.39,1.16
1598,539353578,"01598M12:19:44.015","01598 11:32:29",238.60,842.60,,,,"     ",5.10,1279.65,1.15
1598,539353579,"01598M12:19:44.989","01598 11:32:30",238.41,842.66,,,,"     ",5.10,1284.36,1.16
1598,539353580,"01598M12:19:45.962","01598 11:32:31",238.28,842.75,,,,"     ",5.10,1273.24,1.15
1598,539353581,"01598M12:19:46.935","01598 11:32:32",238.18,842.71,,,,"     ",5.10,1292.83,1.17
1598,539353582,"01598M12:19:47.908","01598 11:32:33",238.13,842.75,,,,"     ",5.10,1286.17,1.16
1598,539353583,"01598M12:19:48.882","01598 11:32:34",238.14,842.77,,,,"     ",5.10,1274.42,1.15
1598,539353584,"01598M12:19:49.855","01598 11:32:35",238.21,842.76,,,,"     ",5.10,1290.47,1.16
1598,539353585,"01598M12:19:50.828","01598 11:32:36",238.32,842.75,,,,"     ",5.10,1274.60,1.15
1598,539353586,"01598M12:19:51.801","01598 11:32:37",238.46,842.78,,,,"     ",5.10,1275.90,1.15
1598,539353587,"01598M12:19:52.775","01598 11:32:38",238.64,842.73,,,,"     ",5.10,1282.40,1.16
1598,539353588,"01598M12:19:53.748","01598 11:32:39",238.84,842.79,,,,"     ",5.10,1285.01,1.16
1598,539353589,"01598M12:19:54.721","01598 11:32:40",239.05,842.77,,,,"     ",5.10,1293.74,1.17
1598,539353590,"01598M12:19:55.694","01598 11:32:40",239.23,842.74,,,,"     ",5.10,1293.86,1.17
1598,539353591,"01598M12:19:56.668","01598 11:32:41",239.39,842.74,,,,"     ",5.10,1299.76,1.17
1598,539353592,"01598M12:19:57.641","01598 11:32:42",239.50,842.72,,,,"     ",5.10,1276.89,1.15
1598,539353593,"01598M12:19:58.614","01598 11:32:43",239.57,842.77,,,,"     ",5.10,1296.81,1.17
1598,539353594,"01598M12:19:59.587","01598 11:32:44",239.62,842.72,,,,"     ",5.10,1291.66,1.16
1598,539353595,"01598M12:20:00.561","01598 11:32:45",239.65,842.73,,,,"     ",5.10,1286.63,1.16
1598,539353596,"01598M12:20:01.534","01598 11:32:46",239.68,842.76,,,,"     ",5.10,1302.08,1.17
1598,539353597,"01598M12:20:02.507","01598 11:32:47",239.70,842.74,,,,"     ",5.10,1323.48,1.19
1598,539353598,"01598M12:20:03.480","01598 11:32:48",239.72,842.70,,,,"     ",5.10,1292.11,1.16
1598,539353599,"01598M12:20:04.454","01598 11:32:49",239.73,842.76,,,,"     ",5.10,1302.03,1.17
1598,539353600,"01598M12:20:05.427","01598 11:32:50",239.74,842.72,,,,"     ",5.10,1296.06,1.17
1598,539353601,"01598M12:20:06.400","01598 11:32:51",239.77,842.75,,,,"     ",5.10,1308.23,1.18
1598,539353602,"01598M12:20:07.373","01598 11:32:52",239.81,842.77,,,,"     ",5.10,1277.70,1.15
1598,539353603,"01598M12:20:08.347","01598 11:32:53",239.87,842.72,,,,"     ",5.10,1296.77,1.17
1598,539353604,"01598M12:20:09.320","01598 11:32:54",239.94,842.74,,,,"     ",5.10,1303.36,1.17
1598,539353605,"01598M12:20:10.293","01598 11:32:55",240.03,842.71,,,,"     ",5.10,1284.26,1.15
1598,539353606,"01598M12:20:11.266","01598 11:32:56",240.14,842.77,,,,"     ",5.10,1288.89,1.16
1598,539353607,"01598M12:20:12.240","01598 11:32:57",240.24,842.67,,,,"     ",5.10,1317.53,1.18
1598,539353608,"01598M12:20:13.213","01598 11:32:58",240.32,842.71,,,,"     ",5.10,1297.79,1.17
1598,539353609,"01598M12:20:14.186","01598 11:32:59",240.37,842.73,,,,"     ",5.10,1305.95,1.17
1598,539353610,"01598M12:20:15.159","01598 11:33:00",240.40,842.67,,,,"     ",5.10,1298.47,1.16
1598,539353611,"01598M12:20:16.133","01598 11:33:01",240.41,842.63,,,,"     ",5.10,1289.12,1.16
1598,539353612,"01598M12:20:17.106","01598 11:33:02",240.41,842.61,,,,"     ",5.10,1298.07,1.16
1598,539353613,"01598M12:20:18.079","01598 11:33:03",240.41,842.62,,,,"     ",5.10,1299.22,1.16
1598,539353614,"01598M12:20:19.052","01598 11:33:04",240.39,842.57,,,,"     ",5.10,1294.65,1.16
1598,539353615,"01598M12:20:20.026","01598 11:33:05",240.33,842.59,,,,"     ",5.10,1306.37,1.17
1598,539353616,"01598M12:20:20.999","01598 11:33:06",240.24,842.60,,,,"     ",5.10,1313.90,1.18
1598,539353617,"01598M12:20:21.972","01598 11:33:07",240.10,842.58,,,,"     ",5.10,1300.27,1.16
1598,539353618,"01598M12:20:22.945","01598 11:33:08",239.95,842.68,,,,"     ",5.10,1299.50,1.16
1598,539353619,"01598M12:20:23.919","01598 11:33:09",239.77,842.59,,,,"     ",5.10,1287.73,1.15
1598,539353620,"01598M12:20:24.892","01598 11:33:10",239.59,842.54,,,,"     ",5.10,1288.07,1.15
1598,539353621,"01598M12:20:25.865","01598 11:33:11",239.40,842.57,,,,"     ",5.10,1290.05,1.15
1598,539353622,"01598M12:20:26.838","01598 11:33:12",239.21,842.61,,,,"     ",5.10,1290.38,1.15
1598,539353623,"01598M12:20:27.812","01598 11:33:13",239.06,842.66,,,,"     ",5.10,1300.18,1.16
1598,539353624,"01598M12:20:28.785","01598 11:33:14",238.96,842.61,,,,"     ",5.10,1309.50,1.17
1598,539353625,"01598M12:20:29.758","01598 11:33:15",238.90,842.62,,,,"     ",5.10,1304.02,1.16
1598,539353626,"01598M12:20:30.732","01598 11:33:16",238.86,842.67,,,,"     ",5.10,1282.26,1.14
1598,539353627,"01598M12:20:31.705","01598 11:33:16",238.86,842.56,,,,"     ",5.10,1302.07,1.16
1598,539353628,"01598M12:20:32.678","01598 11:33:17",238.90,842.59,,,,"     ",5.10,1302.00,1.16
1598,539353629,"01598M12:20:33.651","01598 11:33:18",238.96,842.62,,,,"     ",5.10,1291.35,1.15
1598,539353630,"01598M12:20:34.625","01598 11:33:19",239.06,842.65,,,,"     ",5.10,1288.97,1.15
1598,539353631,"01598M12:20:35.598","01598 11:33:20",239.18,842.66,,,,"     ",5.10,1286.01,1.15
1598,539353632,"01598M12:20:36.571","01598 11:33:21",239.34,842.69,,,,"     ",5.10,1295.58,1.16
1598,539353633,"01598M12:20:37.544","01598 11:33:22",239.37,842.72,,,,"     ",5.10,1286.19,1.15
1598,539353634,"01598M12:20:38.518","01598 11:33:23",239.30,842.72,,,,"     ",5.10,1289.19,1.15
1598,539353635,"01598M12:20:39.491","01598 11:33:24",239.22,842.83,,,,"     ",5.10,1287.16,1.15
1598,539353636,"01598M12:20:40.464","01598 11:33:25",239.11,842.80,,,,"     ",5.10,1294.98,1.15
1598,539353637,"01598M12:20:41.437","01598 11:33:26",239.08,842.69,,,,"     ",5.10,1280.31,1.14
1598,539353638,"01598M12:20:42.411","01598 11:33:27",239.06,842.68,,,,"     ",5.10,1291.67,1.15
1598,539353639,"01598M12:20:43.384","01598 11:33:28",239.05,842.75,,,,"     ",5.10,1299.40,1.16
1598,539353640,"01598M12:20:44.357","01598 11:33:29",239.04,842.77,,,,"     ",5.10,1291.96,1.15
1598,539353641,"01598M12:20:45.330","01598 11:33:30",239.04,842.71,,,,"     ",5.10,1300.30,1.16
1598,539353642,"01598M12:20:46.304","01598 11:33:31",239.04,842.77,,,,"     ",5.10,1306.23,1.16
1598,539353643,"01598M12:20:47.277","01598 11:33:32",239.05,842.62,,,,"     ",5.10,1307.52,1.16
1598,539353644,"01598M12:20:48.250","01598 11:33:33",239.07,842.68,,,,"     ",5.10,1286.50,1.14
1598,539353645,"01598M12:20:49.223","01598 11:33:34",239.09,842.66,,,,"     ",5.10,1293.79,1.15
1598,539353646,"01598M12:20:50.197","01598 11:33:35",239.13,842.67,,,,"     ",5.10,1299.52,1.15
1598,539353647,"01598M12:20:51.170","01598 11:33:36",239.16,842.67,,,,"     ",5.10,1305.36,1.16
1598,539353648,"01598M12:20:52.143","01598 11:33:37",239.20,842.66,,,,"     ",5.10,1305.38,1.16
1598,539353649,"01598M12:20:53.116","01598 11:33:38",239.26,842.57,,,,"     ",5.10,1297.37,1.15
1598,539353650,"01598M12:20:54.090","01598 11:33:39",239.31,842.56,,,,"     ",5.10,1310.75,1.16
1598,539353651,"01598M12:20:55.063","01598 11:33:40",239.40,842.56,,,,"     ",5.10,1298.32,1.15
1598,539353652,"01598M12:20:56.036","01598 11:33:41",239.50,842.56,,,,"     ",5.10,1325.03,1.17
1598,539353653,"01598M12:20:57.009","01598 11:33:42",239.59,842.54,,,,"     ",5.10,1311.75,1.16
1598,539353654,"01598M12:20:57.983","01598 11:33:43",239.67,842.54,,,,"     ",5.10,1296.78,1.15
1598,539353655,"01598M12:20:58.956","01598 11:33:44",239.75,842.55,,,,"     ",5.10,1300.42,1.15
1598,539353656,"01598M12:20:59.929","01598 11:33:45",239.80,842.53,,,,"     ",5.10,1306.83,1.16
1598,539353657,"01598M12:21:00.902","01598 11:33:46",239.84,842.53,,,,"     ",5.10,1298.57,1.15
1598,539353658,"01598M12:21:01.876","01598 11:33:47",239.87,842.60,,,,"     ",5.10,1297.22,1.14
1598,539353659,"01598M12:21:02.849","01598 11:33:48",239.87,842.62,,,,"     ",5.10,1289.98,1.14
1598,539353660,"01598M12:21:03.822","01598 11:33:49",239.87,842.56,,,,"     ",5.10,1308.50,1.15
1598,539353661,"01598M12:21:04.795","01598 11:33:50",239.86,842.52,,,,"     ",5.10,1310.74,1.16
1598,539353662,"01598M12:21:05.769","01598 11:33:51",239.84,842.52,,,,"     ",5.10,1305.60,1.15
1598,539353663,"01598M12:21:06.742","01598 11:33:52",239.81,842.56,,,,"     ",5.10,1311.69,1.15
1598,539353664,"01598M12:21:07.715","01598 11:33:52",239.80,842.46,,,,"     ",5.10,1285.11,1.13
1598,539353665,"01598M12:21:08.688","01598 11:33:53",239.80,842.45,,,,"     ",5.10,1328.24,1.17
1598,539353666,"01598M12:21:09.662","01598 11:33:54",239.83,842.55,,,,"     ",5.10,1323.02,1.16
1598,539353667,"01598M12:21:10.635","01598 11:33:55",239.91,842.52,,,,"     ",5.10,1317.45,1.16
1598,539353668,"01598M12:21:11.608","01598 11:33:56",240.01,842.56,,,,"     ",5.10,1305.01,1.14
1598,539353669,"01598M12:21:12.581","01598 11:33:57",240.15,842.46,,,,"     ",5.10,1305.03,1.14
1598,539353670,"01598M12:21:13.555","01598 11:33:58",240.28,842.49,,,,"     ",5.10,1326.48,1.16
1598,539353671,"01598M12:21:14.528","01598 11:33:59",240.42,842.45,,,,"     ",5.10,1308.24,1.14
1598,539353672,"01598M12:21:15.501","01598 11:34:00",240.54,842.44,,,,"     ",5.10,1317.40,1.15
1598,539353673,"01598M12:21:16.474","01598 11:34:01",240.64,842.41,,,,"     ",5.10,1307.43,1.14
1598,539353674,"01598M12:21:17.448","01598 11:34:02",240.70,842.49,,,,"     ",5.10,1326.92,1.16
1598,539353675,"01598M12:21:18.421","01598 11:34:03",240.74,842.50,,,,"     ",5.10,1317.12,1.15
1598,539353676,"01598M12:21:19.394","01598 11:34:04",240.74,842.47,,,,"     ",5.10,1325.26,1.16
1598,539353677,"01598M12:21:20.367","01598 11:34:05",240.71,842.46,,,,"     ",5.10,1313.47,1.15
1598,539353678,"01598M12:21:21.341","01598 11:34:06",240.66,842.50,,,,"     ",5.10,1314.25,1.14
1598,539353679,"01598M12:21:22.314","01598 11:34:07",240.59,842.44,,,,"     ",5.10,1315.41,1.14
1598,539353680,"01598M12:21:23.287","01598 11:34:08",240.50,842.48,,,,"     ",5.10,1322.57,1.15
1598,539353681,"01598M12:21:24.260","01598 11:34:09",240.40,842.49,,,,"     ",5.10,1313.95,1.14
1598,539353682,"01598M12:21:25.234","01598 11:34:10",240.30,842.42,,,,"     ",5.10,1328.24,1.15
1598,539353683,"01598M12:21:26.207","01598 11:34:11",240.21,842.42,,,,"     ",5.10,1314.69,1.14
1598,539353684,"01598M12:21:27.180","01598 11:34:12",240.12,842.44,,,,"     ",5.10,1320.87,1.15
1598,539353685,"01598M12:21:28.153","01598 11:34:13",240.05,842.39,,,,"     ",5.10,1310.32,1.14
1598,539353686,"01598M12:21:29.127","01598 11:34:14",239.99,842.43,,,,"     ",5.10,1315.33,1.14
1598,539353687,"01598M12:21:30.100","01598 11:34:15",239.94,842.45,,,,"     ",5.10,1312.27,1.14
1598,539353688,"01598M12:21:31.073","01598 11:34:16",239.90,842.46,,,,"     ",5.10,1319.99,1.14
1598,539353689,"01598M12:21:32.046","01598 11:34:17",239.85,842.46,,,,"     ",5.10,1325.54,1.15
1598,539353690,"01598M12:21:33.020","01598 11:34:18",239.80,842.44,,,,"     ",5.10,1305.77,1.13
1598,539353691,"01598M12:21:33.993","01598 11:34:19",239.74,842.44,,,,"     ",5.10,1319.31,1.14
1598,539353692,"01598M12:21:34.966","01598 11:34:20",239.68,842.46,,,,"     ",5.10,1306.49,1.13
1598,539353693,"01598M12:21:35.939","01598 11:34:21",239.61,842.40,,,,"     ",5.10,1301.12,1.12
1598,539353694,"01598M12:21:36.913","01598 11:34:22",239.54,842.42,,,,"     ",5.10,1321.66,1.14
1598,539353695,"01598M12:21:37.886","01598 11:34:23",239.48,842.43,,,,"     ",5.10,1321.53,1.14
1598,539353696,"01598M12:21:38.859","01598 11:34:24",239.43,842.52,,,,"     ",5.10,1315.96,1.13
1598,539353697,"01598M12:21:39.833","01598 11:34:25",239.39,842.51,,,,"     ",5.10,1317.07,1.14
1598,539353698,"01598M12:21:40.806","01598 11:34:26",239.38,842.53,,,,"     ",5.10,1311.28,1.13
1598,539353699,"01598M12:21:41.779","01598 11:34:27",239.38,842.48,,,,"     ",5.10,1318.97,1.14
1598,539353700,"01598M12:21:42.752","01598 11:34:28",239.41,842.50,,,,"     ",5.10,1319.20,1.14
1598,539353701,"01598M12:21:43.726","01598 11:34:28",239.43,842.50,,,,"     ",5.10,1306.63,1.12
1598,539353702,"01598M12:21:44.699","01598 11:34:29",239.47,842.47,,,,"     ",5.10,1323.55,1.14
1598,539353703,"01598M12:21:45.672","01598 11:34:30",239.50,842.42,,,,"     ",5.10,1335.99,1.15
1598,539353704,"01598M12:21:46.645","01598 11:34:31",239.53,842.34,,,,"     ",5.10,1336.18,1.15
1598,539353705,"01598M12:21:47.619","01598 11:34:32",239.54,842.37,,,,"     ",5.10,1326.05,1.14
1598,539353706,"01598M12:21:48.592","01598 11:34:33",239.55,842.31,,,,"     ",5.10,1323.81,1.14
1598,539353707,"01598M12:21:49.565","01598 11:34:34",239.54,842.41,,,,"     ",5.10,1325.35,1.14
1598,539353708,"01598M12:21:50.538","01598 11:34:35",239.53,842.37,,,,"     ",5.10,1334.97,1.14
1598,539353709,"01598M12:21:51.512","01598 11:34:36",239.51,842.32,,,,"     ",5.10,1330.44,1.14
1598,539353710,"01598M12:21:52.485","01598 11:34:37",239.49,842.35,,,,"     ",5.10,1338.51,1.15
1598,539353711,"01598M12:21:53.458","01598 11:34:38",239.45,842.37,,,,"     ",5.10,1320.74,1.13
1598,539353712,"01598M12:21:54.431","01598 11:34:39",239.42,842.30,,,,"     ",5.10,1329.62,1.14
1598,539353713,"01598M12:21:55.405","01598 11:34:40",239.38,842.42,,,,"     ",5.10,1347.99,1.15
1598,539353714,"01598M12:21:56.378","01598 11:34:41",239.34,842.32,,,,"     ",5.10,1308.75,1.12
1598,539353715,"01598M12:21:57.351","01598 11:34:42",239.28,842.32,,,,"     ",5.10,1343.68,1.15
1598,539353716,"01598M12:21:58.324","01598 11:34:43",239.22,842.34,,,,"     ",5.10,1314.94,1.12
1598,539353717,"01598M12:21:59.298","01598 11:34:44",239.16,842.31,,,,"     ",5.10,1331.85,1.14
1598,539353718,"01598M12:22:00.271","01598 11:34:45",239.08,842.29,,,,"     ",5.10,1347.04,1.15
1598,539353719,"01598M12:22:01.244","01598 11:34:46",238.99,842.37,,,,"     ",5.10,1329.50,1.13
1598,539353720,"01598M12:22:02.217","01598 11:34:47",238.90,842.37,,,,"     ",5.10,1339.76,1.14
1598,539353721,"01598M12:22:03.191","01598 11:34:48",238.79,842.40,,,,"     ",5.10,1329.10,1.13
1598,539353722,"01598M12:22:04.164","01598 11:34:49",238.70,842.37,,,,"     ",5.10,1318.31,1.12
1598,539353723,"01598M12:22:05.137","01598 11:34:50",238.62,842.40,,,,"     ",5.10,1328.60,1.13
1598,539353724,"01598M12:22:06.110","01598 11:34:51",238.56,842.34,,,,"     ",5.10,1335.09,1.13
1598,539353725,"01598M12:22:07.084","01598 11:34:52",238.51,842.29,,,,"     ",5.10,1336.17,1.13
1598,539353726,"01598M12:22:08.057","01598 11:34:53",238.48,842.20,,,,"     ",5.10,1331.94,1.13
1598,539353727,"01598M12:22:09.030","01598 11:34:54",238.47,842.20,,,,"     ",5.10,1320.80,1.12
1598,539353728,"01598M12:22:10.003","01598 11:34:55",238.47,842.33,,,,"     ",5.10,1344.01,1.14
1598,539353729,"01598M12:22:10.977","01598 11:34:56",238.48,842.23,,,,"     ",5.10,1337.00,1.13
1598,539353730,"01598M12:22:11.950","01598 11:34:57",238.50,842.26,,,,"     ",5.10,1340.00,1.13
1598,539353731,"01598M12:22:12.923","01598 11:34:58",238.52,842.25,,,,"     ",5.10,1339.37,1.13
1598,539353732,"01598M12:22:13.896","01598 11:34:59",238.53,842.26,,,,"     ",5.10,1342.44,1.13
1598,539353733,"01598M12:22:14.870","01598 11:35:00",238.54,842.25,,,,"     ",5.10,1338.47,1.13
1598,539353734,"01598M12:22:15.843","01598 11:35:01",238.54,842.25,,,,"     ",5.10,1338.63,1.13
1598,539353735,"01598M12:22:16.816","01598 11:35:02",238.53,842.25,,,,"     ",5.10,1339.60,1.13
1598,539353736,"01598M12:22:17.789","01598 11:35:03",238.54,842.30,,,,"     ",5.10,1332.16,1.12
1598,539353737,"01598M12:22:18.763","01598 11:35:04",238.55,842.29,,,,"     ",5.10,1356.37,1.14
1598,539353738,"01598M12:22:19.736","01598 11:35:04",238.58,842.28,,,,"     ",5.10,1339.67,1.13
1598,539353739,"01598M12:22:20.709","01598 11:35:05",238.62,842.28,,,,"     ",5.10,1356.00,1.14
1598,539353740,"01598M12:22:21.682","01598 11:35:06",238.68,842.28,,,,"     ",5.10,1351.85,1.14
1598,539353741,"01598M12:22:22.656","01598 11:35:07",238.75,842.28,,,,"     ",5.10,1346.77,1.13
1598,539353742,"01598M12:22:23.629","01598 11:35:08",238.82,842.24,,,,"     ",5.10,1339.71,1.12
1598,539353743,"01598M12:22:24.602","01598 11:35:09",238.89,842.31,,,,"     ",5.10,1340.33,1.12
1598,539353744,"01598M12:22:25.575","01598 11:35:10",238.95,842.27,,,,"     ",5.10,1357.73,1.14
1598,539353745,"01598M12:22:26.549","01598 11:35:11",238.99,842.25,,,,"     ",5.10,1350.55,1.13
1598,539353746,"01598M12:22:27.522","01598 11:35:12",239.01,842.35,,,,"     ",5.10,1353.42,1.13
1598,539353747,"01598M12:22:28.495","01598 11:35:13",239.00,842.37,,,,"     ",5.10,1333.96,1.12
1598,539353748,"01598M12:22:29.468","01598 11:35:14",238.96,842.36,,,,"     ",5.10,1363.63,1.14
1598,539353749,"01598M12:22:30.442","01598 11:35:15",238.91,842.24,,,,"     ",5.10,1353.08,1.13
1598,539353750,"01598M12:22:31.415","01598 11:35:16",238.84,842.23,,,,"     ",5.10,1374.48,1.15
1598,539353751,"01598M12:22:32.388","01598 11:35:17",238.76,842.35,,,,"     ",5.10,1348.20,1.13
1598,539353752,"01598M12:22:33.361","01598 11:35:18",238.68,842.24,,,,"     ",5.10,1350.82,1.13
1598,539353753,"01598M12:22:34.335","01598 11:35:19",238.61,842.23,,,,"     ",5.10,1349.21,1.12
1598,539353754,"01598M12:22:35.308","01598 11:35:20",238.55,842.21,,,,"     ",5.10,1360.50,1.13
1598,539353755,"01598M12:22:36.281","01598 11:35:21",238.50,842.20,,,,"     ",5.10,1355.92,1.13
1598,539353756,"01598M12:22:37.254","01598 11:35:22",238.46,842.22,,,,"     ",5.10,1353.16,1.13
1598,539353757,"01598M12:22:38.228","01598 11:35:23",238.44,842.28,,,,"     ",5.10,1358.61,1.13
1598,539353758,"01598M12:22:39.201","01598 11:35:24",238.42,842.22,,,,"     ",5.10,1361.83,1.13
1598,539353759,"01598M12:22:40.174","01598 11:35:25",238.40,842.21,,,,"     ",5.10,1350.65,1.12
1598,539353760,"01598M12:22:41.147","01598 11:35:26",238.39,842.25,,,,"     ",5.10,1357.37,1.13
1598,539353761,"01598M12:22:42.121","01598 11:35:27",238.38,842.25,,,,"     ",5.10,1361.90,1.13
1598,539353762,"01598M12:22:43.094","01598 11:35:28",238.37,842.26,,,,"     ",5.10,1348.98,1.12
1598,539353763,"01598M12:22:44.067","01598 11:35:29",238.36,842.23,,,,"     ",5.10,1356.40,1.12
1598,539353764,"01598M12:22:45.040","01598 11:35:30",238.34,842.28,,,,"     ",5.10,1367.65,1.13
1598,539353765,"01598M12:22:46.014","01598 11:35:31",238.31,842.28,,,,"     ",5.10,1354.94,1.12
1598,539353766,"01598M12:22:46.987","01598 11:35:32",238.27,842.28,,,,"     ",5.10,1349.73,1.11
1598,539353767,"01598M12:22:47.960","01598 11:35:33",238.24,842.21,,,,"     ",5.10,1359.94,1.12
1598,539353768,"01598M12:22:48.934","01598 11:35:34",238.19,842.23,,,,"     ",5.10,1354.65,1.12
1598,539353769,"01598M12:22:49.907","01598 11:35:35",238.14,842.17,,,,"     ",5.10,1367.82,1.13
1598,539353770,"01598M12:22:50.880","01598 11:35:36",238.10,842.15,,,,"     ",5.10,1384.17,1.14
1598,539353771,"01598M12:22:51.853","01598 11:35:37",238.05,842.14,,,,"     ",5.10,1377.07,1.13
1598,539353772,"01598M12:22:52.827","01598 11:35:38",237.98,842.12,,,,"     ",5.10,1360.87,1.12
1598,539353773,"01598M12:22:53.800","01598 11:35:39",237.92,842.14,,,,"     ",5.10,1366.91,1.12
1598,539353774,"01598M12:22:54.773","01598 11:35:40",237.85,842.26,,,,"     ",5.10,1386.77,1.14
1598,539353775,"01598M12:22:55.746","01598 11:35:41",237.79,842.24,,,,"     ",5.10,1356.95,1.11
1598,539353776,"01598M12:22:56.720","01598 11:35:41",237.73,842.25,,,,"     ",5.10,1362.73,1.12
1598,539353777,"01598M12:22:57.693","01598 11:35:42",237.70,842.26,,,,"     ",5.10,1375.92,1.13
1598,539353778,"01598M12:22:58.666","01598 11:35:43",237.70,842.26,,,,"     ",5.10,1347.69,1.10
1598,539353779,"01598M12:22:59.639","01598 11:35:44",237.72,842.26,,,,"     ",5.10,1367.35,1.12
1598,539353780,"01598M12:23:00.613","01598 11:35:45",237.76,842.26,,,,"     ",5.10,1375.04,1.12
1598,539353781,"01598M12:23:01.586","01598 11:35:46",237.81,842.24,,,,"     ",5.10,1378.84,1.13
1598,539353782,"01598M12:23:02.559","01598 11:35:47",237.87,842.25,,,,"     ",5.10,1351.18,1.10
1598,539353783,"01598M12:23:03.532","01598 11:35:48",237.93,842.25,,,,"     ",5.10,1385.74,1.13
1598,539353784,"01598M12:23:04.506","01598 11:35:49",237.99,842.21,,,,"     ",5.10,1367.82,1.11
1598,539353785,"01598M12:23:05.479","01598 11:35:50",238.03,842.12,,,,"     ",5.10,1375.81,1.12
1598,539353786,"01598M12:23:06.452","01598 11:35:51",238.09,842.13,,,,"     ",5.10,1390.92,1.13
1598,539353787,"01598M12:23:07.425","01598 11:35:52",238.15,842.12,,,,"     ",5.10,1385.16,1.12
1598,539353788,"01598M12:23:08.399","01598 11:35:53",238.22,842.11,,,,"     ",5.10,1379.51,1.12
1598,539353789,"01598M12:23:09.372","01598 11:35:54",238.29,842.19,,,,"     ",5.10,1381.80,1.12
1598,539353790,"01598M12:23:10.345","01598 11:35:55",238.37,842.21,,,,"     ",5.10,1354.84,1.10
1598,539353791,"01598M12:23:11.318","01598 11:35:56",238.46,842.14,,,,"     ",5.10,1380.95,1.12
1598,539353792,"01598M12:23:12.292","01598 11:35:57",238.55,842.16,,,,"     ",5.10,1400.98,1.13
1598,539353793,"01598M12:23:13.265","01598 11:35:58",238.66,842.16,,,,"     ",5.10,1365.78,1.10
1598,539353794,"01598M12:23:14.238","01598 11:35:59",238.76,842.10,,,,"     ",5.10,1391.76,1.12
1598,539353795,"01598M12:23:15.211","01598 11:36:00",238.86,842.07,,,,"     ",5.10,1389.06,1.12
1598,539353796,"01598M12:23:16.185","01598 11:36:01",238.96,842.05,,,,"     ",5.10,1389.32,1.12
1598,539353797,"01598M12:23:17.158","01598 11:36:02",239.04,842.05,,,,"     ",5.10,1392.10,1.12
1598,539353798,"01598M12:23:18.131","01598 11:36:03",239.11,842.10,,,,"     ",5.10,1409.02,1.13
1598,539353799,"01598M12:23:19.104","01598 11:36:04",239.16,842.18,,,,"     ",5.10,1395.43,1.12
1598,539353800,"01598M12:23:20.078","01598 11:36:05",239.18,842.15,,,,"     ",5.10,1400.50,1.13
1598,539353801,"01598M12:23:21.051","01598 11:36:06",239.18,842.19,,,,"     ",5.10,1384.19,1.11
1598,539353802,"01598M12:23:22.024","01598 11:36:07",239.18,842.15,,,,"     ",5.10,1392.47,1.12
1598,539353803,"01598M12:23:22.997","01598 11:36:08",239.17,842.22,,,,"     ",5.10,1396.11,1.12
1598,539353804,"01598M12:23:23.971","01598 11:36:09",239.15,842.19,,,,"     ",5.10,1399.12,1.12
1598,539353805,"01598M12:23:24.944","01598 11:36:10",239.14,842.18,,,,"     ",5.10,1395.04,1.12
1598,539353806,"01598M12:23:25.917","01598 11:36:11",239.15,842.18,,,,"     ",5.10,1407.90,1.13
1598,539353807,"01598M12:23:26.890","01598 11:36:12",239.16,842.19,,,,"     ",5.10,1390.71,1.11
1598,539353808,"01598M12:23:27.864","01598 11:36:13",239.18,842.10,,,,"     ",5.10,1413.36,1.13
1598,539353809,"01598M12:23:28.837","01598 11:36:14",239.21,842.13,,,,"     ",5.10,1397.26,1.12
1598,539353810,"01598M12:23:29.810","01598 11:36:15",239.24,842.19,,,,"     ",5.10,1391.10,1.11
1598,539353811,"01598M12:23:30.783","01598 11:36:16",239.27,842.14,,,,"     ",5.10,1409.42,1.13
1598,539353812,"01598M12:23:31.757","01598 11:36:17",239.28,842.08,,,,"     ",5.10,1409.84,1.13
1598,539353813,"01598M12:23:32.730","01598 11:36:17",239.29,842.11,,,,"     ",5.10,1394.75,1.11
1598,539353814,"01598M12:23:33.703","01598 11:36:18",239.27,842.09,,,,"     ",5.10,1416.14,1.13
1598,539353815,"01598M12:23:34.676","01598 11:36:19",239.24,842.09,,,,"     ",5.10,1410.29,1.12
1598,539353816,"01598M12:23:35.650","01598 11:36:20",239.19,842.11,,,,"     ",5.10,1404.08,1.12
1598,539353817,"01598M12:23:36.623","01598 11:36:21",239.13,842.05,,,,"     ",5.10,1388.00,1.11
1598,539353818,"01598M12:23:37.596","01598 11:36:22",239.07,842.08,,,,"     ",5.10,1398.24,1.11
1598,539353819,"01598M12:23:38.569","01598 11:36:23",239.01,842.12,,,,"     ",5.10,1396.21,1.11
1598,539353820,"01598M12:23:39.543","01598 11:36:24",238.95,842.06,,,,"     ",5.10,1387.17,1.10
1598,539353821,"01598M12:23:40.516","01598 11:36:25",238.90,842.18,,,,"     ",5.10,1380.84,1.10
1598,539353822,"01598M12:23:41.489","01598 11:36:26",238.87,842.06,,,,"     ",5.10,1389.87,1.10
1598,539353823,"01598M12:23:42.462","01598 11:36:27",238.85,842.05,,,,"     ",5.10,1407.44,1.12
1598,539353824,"01598M12:23:43.436","01598 11:36:28",238.83,842.15,,,,"     ",5.10,1388.31,1.10
1598,539353825,"01598M12:23:44.409","01598 11:36:29",238.84,842.07,,,,"     ",5.10,1389.33,1.10
1598,539353826,"01598M12:23:45.382","01598 11:36:30",238.86,842.15,,,,"     ",5.10,1384.81,1.10
1598,539353827,"01598M12:23:46.355","01598 11:36:31",238.90,842.05,,,,"     ",5.10,1392.53,1.11
1598,539353828,"01598M12:23:47.329","01598 11:36:32",238.94,842.08,,,,"     ",5.10,1390.40,1.10
1598,539353829,"01598M12:23:48.302","01598 11:36:33",238.99,842.09,,,,"     ",5.10,1389.65,1.10
1598,539353830,"01598M12:23:49.275","01598 11:36:34",239.03,842.03,,,,"     ",5.10,1392.59,1.11
1598,539353831,"01598M12:23:50.248","01598 11:36:35",239.05,842.10,,,,"     ",5.10,1403.66,1.11
1598,539353832,"01598M12:23:51.222","01598 11:36:36",239.05,842.04,,,,"     ",5.10,1379.84,1.09
1598,539353833,"01598M12:23:52.195","01598 11:36:37",239.04,841.94,,,,"     ",5.10,1393.30,1.11
1598,539353834,"01598M12:23:53.168","01598 11:36:38",239.02,842.03,,,,"     ",5.10,1410.26,1.12
1598,539353835,"01598M12:23:54.141","01598 11:36:39",238.98,842.01,,,,"     ",5.10,1387.33,1.10
1598,539353836,"01598M12:23:55.115","01598 11:36:40",238.94,842.08,,,,"     ",5.10,1399.60,1.11
1598,539353837,"01598M12:23:56.088","01598 11:36:41",238.91,842.07,,,,"     ",5.10,1398.03,1.11
1598,539353838,"01598M12:23:57.061","01598 11:36:42",238.88,842.03,,,,"     ",5.10,1404.59,1.11
1598,539353839,"01598M12:23:58.035","01598 11:36:43",238.86,841.97,,,,"     ",5.10,1395.30,1.11
1598,539353840,"01598M12:23:59.008","01598 11:36:44",238.86,841.92,,,,"     ",5.10,1385.85,1.10
1598,539353841,"01598M12:23:59.981","01598 11:36:45",238.87,841.95,,,,"     ",5.10,1389.80,1.10
1598,539353842,"01598M12:24:00.954","01598 11:36:46",238.89,841.95,,,,"     ",5.10,1387.39,1.10
1598,539353843,"01598M12:24:01.928","01598 11:36:47",238.93,841.93,,,,"     ",5.10,1401.79,1.11
1598,539353844,"01598M12:24:02.901","01598 11:36:48",238.98,841.97,,,,"     ",5.10,1386.67,1.10
1598,539353845,"01598M12:24:03.874","01598 11:36:49",239.04,842.01,,,,"     ",5.10,1407.32,1.11
1598,539353846,"01598M12:24:04.847","01598 11:36:50",239.10,841.96,,,,"     ",5.10,1413.47,1.12
1598,539353847,"01598M12:24:05.821","01598 11:36:51",239.17,841.99,,,,"     ",5.10,1404.69,1.11
1598,539353848,"01598M12:24:06.794","01598 11:36:52",239.23,841.94,,,,"     ",5.10,1379.79,1.09
1598,539353849,"01598M12:24:07.767","01598 11:36:53",239.30,841.95,,,,"     ",5.10,1408.81,1.11
1598,539353850,"01598M12:24:08.740","01598 11:36:53",239.38,841.92,,,,"     ",5.10,1405.73,1.11
1598,539353851,"01598M12:24:09.714","01598 11:36:54",239.46,841.96,,,,"     ",5.10,1406.46,1.11
1598,539353852,"01598M12:24:10.687","01598 11:36:55",239.56,841.92,,,,"     ",5.10,1396.95,1.10
1598,539353853,"01598M12:24:11.660","01598 11:36:56",239.67,841.98,,,,"     ",5.10,1394.94,1.10
1598,539353854,"01598M12:24:12.633","01598 11:36:57",239.79,842.00,,,,"     ",5.10,1397.60,1.10
1598,539353855,"01598M12:24:13.607","01598 11:36:58",239.91,841.93,,,,"     ",5.10,1399.25,1.10
1598,539353856,"01598M12:24:14.580","01598 11:36:59",240.02,841.95,,,,"     ",5.10,1389.27,1.10
1598,539353857,"01598M12:24:15.553","01598 11:37:00",240.12,841.87,,,,"     ",5.10,1404.10,1.11
1598,539353858,"01598M12:24:16.526","01598 11:37:01",240.21,841.92,,,,"     ",5.10,1398.03,1.10
1598,539353859,"01598M12:24:17.500","01598 11:37:02",240.28,841.83,,,,"     ",5.10,1420.55,1.12
1598,539353860,"01598M12:24:18.473","01598 11:37:03",240.33,841.80,,,,"     ",5.10,1403.63,1.11
1598,539353861,"01598M12:24:19.446","01598 11:37:04",240.36,841.87,,,,"     ",5.10,1414.73,1.11
1598,539353862,"01598M12:24:20.419","01598 11:37:05",240.37,841.83,,,,"     ",5.10,1411.20,1.11
1598,539353863,"01598M12:24:21.393","01598 11:37:06",240.36,841.93,,,,"     ",5.10,1417.01,1.11
1598,539353864,"01598M12:24:22.366","01598 11:37:07",240.34,841.93,,,,"     ",5.10,1419.84,1.12
1598,539353865,"01598M12:24:23.339","01598 11:37:08",240.31,841.87,,,,"     ",5.10,1411.48,1.11
1598,539353866,"01598M12:24:24.312","01598 11:37:09",240.30,841.85,,,,"     ",5.10,1411.29,1.11
1598,539353867,"01598M12:24:25.286","01598 11:37:10",240.30,841.89,,,,"     ",5.10,1407.77,1.10
1598,539353868,"01598M12:24:26.259","01598 11:37:11",240.32,841.84,,,,"     ",5.10,1410.56,1.11
1598,539353869,"01598M12:24:27.232","01598 11:37:12",240.36,841.80,,,,"     ",5.10,1412.33,1.11
1598,539353870,"01598M12:24:28.205","01598 11:37:13",240.43,841.86,,,,"     ",5.10,1413.92,1.11
1598,539353871,"01598M12:24:29.179","01598 11:37:14",240.50,841.74,,,,"     ",5.10,1416.21,1.11
1598,539353872,"01598M12:24:30.152","01598 11:37:15",240.56,841.85,,,,"     ",5.10,1414.73,1.11
1598,539353873,"01598M12:24:31.125","01598 11:37:16",240.61,841.82,,,,"     ",5.10,1402.06,1.10
1598,539353874,"01598M12:24:32.098","01598 11:37:17",240.63,841.86,,,,"     ",5.10,1393.36,1.09
1598,539353875,"01598M12:24:33.072","01598 11:37:18",240.63,841.92,,,,"     ",5.10,1416.76,1.11
1598,539353876,"01598M12:24:34.045","01598 11:37:19",240.62,841.95,,,,"     ",5.10,1416.57,1.11
1598,539353877,"01598M12:24:35.018","01598 11:37:20",240.59,841.94,,,,"     ",5.10,1422.00,1.11
1598,539353878,"01598M12:24:35.991","01598 11:37:21",240.55,841.98,,,,"     ",5.10,1423.01,1.11
1598,539353879,"01598M12:24:36.965","01598 11:37:22",240.52,842.00,,,,"     ",5.10,1391.90,1.09
1598,539353880,"01598M12:24:37.938","01598 11:37:23",240.46,841.95,,,,"     ",5.10,1411.59,1.10
1598,539353881,"01598M12:24:38.911","01598 11:37:24",240.41,841.89,,,,"     ",5.10,1409.84,1.10
1598,539353882,"01598M12:24:39.884","01598 11:37:25",240.36,841.91,,,,"     ",5.10,1399.66,1.09
1598,539353883,"01598M12:24:40.858","01598 11:37:26",240.32,841.89,,,,"     ",5.10,1416.77,1.10
1598,539353884,"01598M12:24:41.831","01598 11:37:27",240.28,841.87,,,,"     ",5.10,1394.40,1.08
1598,539353885,"01598M12:24:42.804","01598 11:37:28",240.27,841.89,,,,"     ",5.10,1410.33,1.10
1598,539353886,"01598M12:24:43.777","01598 11:37:29",240.28,841.82,,,,"     ",5.10,1427.61,1.11
1598,539353887,"01598M12:24:44.751","01598 11:37:29",240.32,841.83,,,,"     ",5.10,1395.75,1.09
1598,539353888,"01598M12:24:45.724","01598 11:37:30",240.39,841.82,,,,"     ",5.10,1408.69,1.09
1598,539353889,"01598M12:24:46.697","01598 11:37:31",240.45,841.79,,,,"     ",5.10,1400.82,1.09
1598,539353890,"01598M12:24:47.670","01598 11:37:32",240.53,841.64,,,,"     ",5.10,1407.35,1.09
1598,539353891,"01598M12:24:48.644","01598 11:37:33",240.60,841.66,,,,"     ",5.10,1403.61,1.09
1598,539353892,"01598M12:24:49.617","01598 11:37:34",240.67,841.65,,,,"     ",5.10,1410.20,1.09
1598,539353893,"01598M12:24:50.590","01598 11:37:35",240.72,841.72,,,,"     ",5.10,1426.62,1.11
1598,539353894,"01598M12:24:51.563","01598 11:37:36",240.76,841.78,,,,"     ",5.10,1417.58,1.10
1598,539353895,"01598M12:24:52.537","01598 11:37:37",240.78,841.74,,,,"     ",5.10,1432.45,1.11
1598,539353896,"01598M12:24:53.510","01598 11:37:38",240.80,841.75,,,,"     ",5.10,1431.50,1.11
1598,539353897,"01598M12:24:54.483","01598 11:37:39",240.79,841.69,,,,"     ",5.10,1421.51,1.10
1598,539353898,"01598M12:24:55.456","01598 11:37:40",240.77,841.70,,,,"     ",5.10,1443.19,1.12
1598,539353899,"01598M12:24:56.430","01598 11:37:41",240.72,841.73,,,,"     ",5.10,1420.90,1.10
1598,539353900,"01598M12:24:57.403","01598 11:37:42",240.64,841.76,,,,"     ",5.10,1427.85,1.11
1598,539353901,"01598M12:24:58.376","01598 11:37:43",240.55,841.71,,,,"     ",5.10,1414.16,1.10
1598,539353902,"01598M12:24:59.349","01598 11:37:44",240.44,841.70,,,,"     ",5.10,1438.77,1.12
1598,539353903,"01598M12:25:00.323","01598 11:37:45",240.33,841.75,,,,"     ",5.10,1424.28,1.11
1598,539353904,"01598M12:25:01.296","01598 11:37:46",240.23,841.69,,,,"     ",5.10,1417.22,1.10
1598,539353905,"01598M12:25:02.269","01598 11:37:47",240.12,841.69,,,,"     ",5.10,1418.06,1.10
1598,539353906,"01598M12:25:03.242","01598 11:37:48",240.03,841.71,,,,"     ",5.10,1412.72,1.10
1598,539353907,"01598M12:25:04.216","01598 11:37:49",239.95,841.74,,,,"     ",5.10,1414.06,1.10
1598,539353908,"01598M12:25:05.189","01598 11:37:50",239.89,841.76,,,,"     ",5.10,1411.82,1.10
1598,539353909,"01598M12:25:06.162","01598 11:37:51",239.83,841.71,,,,"     ",5.10,1397.92,1.08
1598,539353910,"01598M12:25:07.136","01598 11:37:52",239.79,841.68,,,,"     ",5.10,1396.88,1.08
1598,539353911,"01598M12:25:08.109","01598 11:37:53",239.75,841.65,,,,"     ",5.10,1417.53,1.10
1598,539353912,"01598M12:25:09.082","01598 11:37:54",239.71,841.71,,,,"     ",5.10,1399.09,1.09
1598,539353913,"01598M12:25:10.055","01598 11:37:55",239.67,841.66,,,,"     ",5.10,1411.02,1.10
1598,539353914,"01598M12:25:11.029","01598 11:37:56",239.63,841.65,,,,"     ",5.10,1406.34,1.09
1598,539353915,"01598M12:25:12.002","01598 11:37:57",239.59,841.62,,,,"     ",5.10,1414.91,1.10
1598,539353916,"01598M12:25:12.975","01598 11:37:58",239.55,841.70,,,,"     ",5.10,1401.09,1.09
1598,539353917,"01598M12:25:13.948","01598 11:37:59",239.50,841.68,,,,"     ",5.10,1414.72,1.10
1598,539353918,"01598M12:25:14.922","01598 11:38:00",239.47,841.66,,,,"     ",5.10,1419.57,1.10
1598,539353919,"01598M12:25:15.895","01598 11:38:01",239.45,841.72,,,,"     ",5.10,1400.23,1.09
1598,539353920,"01598M12:25:16.868","01598 11:38:02",239.44,841.63,,,,"     ",5.10,1404.55,1.09
1598,539353921,"01598M12:25:17.841","01598 11:38:03",239.45,841.61,,,,"     ",5.10,1388.06,1.08
1598,539353922,"01598M12:25:18.815","01598 11:38:04",239.48,841.63,,,,"     ",5.10,1368.58,1.06
1598,539353923,"01598M12:25:19.788","01598 11:38:05",239.54,841.65,,,,"     ",5.10,1394.89,1.09
1598,539353924,"01598M12:25:20.761","01598 11:38:05",239.62,841.58,,,,"     ",5.10,1387.13,1.08
1598,539353925,"01598M12:25:21.734","01598 11:38:06",239.73,841.56,,,,"     ",5.10,1387.59,1.08
1598,539353926,"01598M12:25:22.708","01598 11:38:07",239.86,841.57,,,,"     ",5.10,1408.84,1.10
1598,539353927,"01598M12:25:23.681","01598 11:38:08",240.02,841.66,,,,"     ",5.10,1393.67,1.09
1598,539353928,"01598M12:25:24.654","01598 11:38:09",240.19,841.58,,,,"     ",5.10,1398.23,1.09
1598,539353929,"01598M12:25:25.627","01598 11:38:10",240.37,841.65,,,,"     ",5.10,1398.86,1.09
1598,539353930,"01598M12:25:26.601","01598 11:38:11",240.55,841.58,,,,"     ",5.10,1405.41,1.10
1598,539353931,"01598M12:25:27.574","01598 11:38:12",240.72,841.58,,,,"     ",5.10,1399.69,1.09
1598,539353932,"01598M12:25:28.547","01598 11:38:13",240.89,841.58,,,,"     ",5.10,1408.45,1.10
1598,539353933,"01598M12:25:29.520","01598 11:38:14",241.06,841.55,,,,"     ",5.10,1403.00,1.09
1598,539353934,"01598M12:25:30.494","01598 11:38:15",241.22,841.61,,,,"     ",5.10,1410.33,1.10
1598,539353935,"01598M12:25:31.467","01598 11:38:16",241.39,841.63,,,,"     ",5.10,1405.04,1.10
1598,539353936,"01598M12:25:32.440","01598 11:38:17",241.56,841.52,,,,"     ",5.10,1400.50,1.09
1598,539353937,"01598M12:25:33.413","01598 11:38:18",241.73,841.57,,,,"     ",5.10,1422.36,1.11
1598,539353938,"01598M12:25:34.387","01598 11:38:19",241.90,841.55,,,,"     ",5.10,1409.80,1.10
1598,539353939,"01598M12:25:35.360","01598 11:38:20",242.07,841.44,,,,"     ",5.10,1408.26,1.10
1598,539353940,"01598M12:25:36.333","01598 11:38:21",242.24,841.54,,,,"     ",5.10,1419.37,1.11
1598,539353941,"01598M12:25:37.306","01598 11:38:22",242.29,841.51,,,,"     ",5.10,1403.93,1.09
1598,539353942,"01598M12:25:38.280","01598 11:38:23",242.18,841.53,,,,"     ",5.10,1412.24,1.10
1598,539353943,"01598M12:25:39.253","01598 11:38:24",242.06,841.46,,,,"     ",5.10,1406.38,1.09
1598,539353944,"01598M12:25:40.226","01598 11:38:25",242.52,841.50,,,,"     ",5.10,1410.94,1.10
1598,539353945,"01598M12:25:41.199","01598 11:38:26",242.72,841.48,,,,"     ",5.10,1422.29,1.11
1598,539353946,"01598M12:25:42.173","01598 11:38:27",242.92,841.44,,,,"     ",5.10,1410.57,1.10
1598,539353947,"01598M12:25:43.146","01598 11:38:28",243.11,841.44,,,,"     ",5.10,1416.39,1.10
1598,539353948,"01598M12:25:44.119","01598 11:38:29",243.18,841.50,,,,"     ",5.10,1417.12,1.10
1598,539353949,"01598M12:25:45.092","01598 11:38:30",243.25,841.48,,,,"     ",5.10,1425.15,1.11
1598,539353950,"01598M12:25:46.066","01598 11:38:31",243.32,841.48,,,,"     ",5.10,1417.75,1.10
1598,539353951,"01598M12:25:47.039","01598 11:38:32",243.39,841.49,,,,"     ",5.10,1422.06,1.10
1598,539353952,"01598M12:25:48.012","01598 11:38:33",243.47,841.54,,,,"     ",5.10,1415.21,1.10
1598,539353953,"01598M12:25:48.985","01598 11:38:34",243.54,841.48,,,,"     ",5.10,1420.14,1.10
1598,539353954,"01598M12:25:49.959","01598 11:38:35",243.62,841.46,,,,"     ",5.10,1413.18,1.09
1598,539353955,"01598M12:25:50.932","01598 11:38:36",243.70,841.49,,,,"     ",5.10,1407.25,1.09
1598,539353956,"01598M12:25:51.905","01598 11:38:37",243.77,841.49,,,,"     ",5.10,1418.39,1.10
1598,539353957,"01598M12:25:52.878","01598 11:38:38",243.85,841.49,,,,"     ",5.10,1416.80,1.10
1598,539353958,"01598M12:25:53.852","01598 11:38:39",243.94,841.38,,,,"     ",5.10,1407.80,1.09
1598,539353959,"01598M12:25:54.825","01598 11:38:40",244.03,841.45,,,,"     ",5.10,1409.41,1.09
1598,539353960,"01598M12:25:55.798","01598 11:38:41",244.13,841.39,,,,"     ",5.10,1421.67,1.10
1598,539353961,"01598M12:25:56.771","01598 11:38:41",244.24,841.43,,,,"     ",5.10,1391.29,1.07
1598,539353962,"01598M12:25:57.745","01598 11:38:42",244.33,841.40,,,,"     ",5.10,1418.52,1.09
1598,539353963,"01598M12:25:58.718","01598 11:38:43",244.43,841.48,,,,"     ",5.10,1415.12,1.09
1598,539353964,"01598M12:25:59.691","01598 11:38:44",244.52,841.51,,,,"     ",5.10,1416.81,1.09
1598,539353965,"01598M12:26:00.664","01598 11:38:45",244.60,841.49,,,,"     ",5.10,1391.88,1.07
1598,539353966,"01598M12:26:01.638","01598 11:38:46",244.69,841.38,,,,"     ",5.10,1425.95,1.10
1598,539353967,"01598M12:26:02.611","01598 11:38:47",244.77,841.33,,,,"     ",5.10,1429.44,1.10
1598,539353968,"01598M12:26:03.584","01598 11:38:48",244.85,841.40,,,,"     ",5.10,1417.02,1.09
1598,539353969,"01598M12:26:04.557","01598 11:38:49",244.94,841.40,,,,"     ",5.10,1430.01,1.10
1598,539353970,"01598M12:26:05.531","01598 11:38:50",245.02,841.41,,,,"     ",5.10,1421.59,1.09
1598,539353971,"01598M12:26:06.504","01598 11:38:51",245.09,841.36,,,,"     ",5.10,1420.17,1.09
1598,539353972,"01598M12:26:07.477","01598 11:38:52",245.15,841.33,,,,"     ",5.10,1455.28,1.11
1598,539353973,"01598M12:26:08.450","01598 11:38:53",245.21,841.41,,,,"     ",5.10,1417.64,1.08
1598,539353974,"01598M12:26:09.424","01598 11:38:54",245.27,841.42,,,,"     ",5.10,1420.70,1.09
1598,539353975,"01598M12:26:10.397","01598 11:38:55",245.31,841.42,,,,"     ",5.10,1426.26,1.09
1598,539353976,"01598M12:26:11.370","01598 11:38:56",245.35,841.40,,,,"     ",5.10,1432.01,1.09
1598,539353977,"01598M12:26:12.343","01598 11:38:57",245.39,841.38,,,,"     ",5.10,1435.35,1.09
1598,539353978,"01598M12:26:13.317","01598 11:38:58",245.43,841.39,,,,"     ",5.10,1437.23,1.09
1598,539353979,"01598M12:26:14.290","01598 11:38:59",245.46,841.33,,,,"     ",5.10,1442.55,1.10
1598,539353980,"01598M12:26:15.263","01598 11:39:00",245.49,841.39,,,,"     ",5.10,1450.33,1.10
1598,539353981,"01598M12:26:16.236","01598 11:39:01",245.52,841.38,,,,"     ",5.10,1436.38,1.09
1598,539353982,"01598M12:26:17.210","01598 11:39:02",245.54,841.32,,,,"     ",5.10,1439.76,1.09
1598,539353983,"01598M12:26:18.183","01598 11:39:03",247.16,841.44,,,,"     ",5.10,1422.81,1.08
1598,539353984,"01598M12:26:19.156","01598 11:39:04",247.21,841.33,,,,"     ",5.10,1444.40,1.09
1598,539353985,"01598M12:26:20.130","01598 11:39:05",247.27,841.26,,,,"     ",5.10,1439.64,1.09
1598,539353986,"01598M12:26:21.103","01598 11:39:06",247.34,841.33,,,,"     ",5.10,1436.32,1.09
1598,539353987,"01598M12:26:22.076","01598 11:39:07",247.42,841.39,,,,"     ",5.10,1457.67,1.10
1598,539353988,"01598M12:26:23.049","01598 11:39:08",247.51,841.37,,,,"     ",5.10,1446.67,1.09
1598,539353989,"01598M12:26:24.023","01598 11:39:09",247.59,841.33,,,,"     ",5.10,1444.22,1.09
1598,539353990,"01598M12:26:24.996","01598 11:39:10",247.67,841.33,,,,"     ",5.10,1423.57,1.07
1598,539353991,"01598M12:26:25.969","01598 11:39:11",247.73,841.37,,,,"     ",5.10,1442.74,1.09
1598,539353992,"01598M12:26:26.942","01598 11:39:12",247.79,841.36,,,,"     ",5.10,1425.47,1.07
1598,539353993,"01598M12:26:27.916","01598 11:39:13",247.84,841.37,,,,"     ",5.10,1437.62,1.08
1598,539353994,"01598M12:26:28.889","01598 11:39:14",247.87,841.25,,,,"     ",5.10,1432.21,1.07
1598,539353995,"01598M12:26:29.862","01598 11:39:15",247.89,841.20,,,,"     ",5.10,1459.73,1.09
1598,539353996,"01598M12:26:30.835","01598 11:39:16",247.90,841.26,,,,"     ",5.10,1473.85,1.11
1598,539353997,"01598M12:26:31.809","01598 11:39:17",247.89,841.27,,,,"     ",5.10,1457.25,1.09
1598,539353998,"01598M12:26:32.782","01598 11:39:17",247.86,841.25,,,,"     ",5.10,1443.44,1.08
1598,539353999,"01598M12:26:33.755","01598 11:39:18",247.81,841.20,,,,"     ",5.10,1452.73,1.09
1598,539354000,"01598M12:26:34.728","01598 11:39:19",247.74,841.13,,,,"     ",5.10,1446.74,1.08
1598,539354001,"01598M12:26:35.702","01598 11:39:20",247.66,841.16,,,,"     ",5.10,1448.80,1.08
1598,539354002,"01598M12:26:36.675","01598 11:39:21",247.58,841.22,,,,"     ",5.10,1445.82,1.08
1598,539354003,"01598M12:26:37.648","01598 11:39:22",247.49,841.10,,,,"     ",5.10,1430.95,1.07
1598,539354004,"01598M12:26:38.621","01598 11:39:23",247.41,841.10,,,,"     ",5.10,1435.19,1.07
1598,539354005,"01598M12:26:39.595","01598 11:39:24",247.35,841.13,,,,"     ",5.10,1451.10,1.08
1598,539354006,"01598M12:26:40.568","01598 11:39:25",247.29,841.13,,,,"     ",5.10,1434.64,1.07
1598,539354007,"01598M12:26:41.541","01598 11:39:26",247.24,841.12,,,,"     ",5.10,1448.88,1.08
1598,539354008,"01598M12:26:42.514","01598 11:39:27",247.21,841.08,,,,"     ",5.10,1449.73,1.08
1598,539354009,"01598M12:26:43.488","01598 11:39:28",247.19,841.08,,,,"     ",5.10,1424.83,1.06
1598,539354010,"01598M12:26:44.461","01598 11:39:29",247.17,841.11,,,,"     ",5.10,1446.87,1.07
1598,539354011,"01598M12:26:45.434","01598 11:39:30",247.17,840.99,,,,"     ",5.10,1437.21,1.06
1598,539354012,"01598M12:26:46.407","01598 11:39:31",247.18,840.96,,,,"     ",5.10,1449.76,1.07
1598,539354013,"01598M12:26:47.381","01598 11:39:32",247.20,840.98,,,,"     ",5.10,1452.31,1.08
1598,539354014,"01598M12:26:48.354","01598 11:39:33",247.22,840.96,,,,"     ",5.10,1447.59,1.07
1598,539354015,"01598M12:26:49.327","01598 11:39:34",247.26,841.02,,,,"     ",5.10,1458.30,1.08
1598,539354016,"01598M12:26:50.300","01598 11:39:35",247.29,840.99,,,,"     ",5.10,1433.19,1.06
1598,539354017,"01598M12:26:51.274","01598 11:39:36",247.33,840.96,,,,"     ",5.10,1444.28,1.07
1598,539354018,"01598M12:26:52.247","01598 11:39:37",247.36,840.90,,,,"     ",5.10,1444.51,1.07
1598,539354019,"01598M12:26:53.220","01598 11:39:38",247.38,840.84,,,,"     ",5.10,1438.78,1.06
1598,539354020,"01598M12:26:54.193","01598 11:39:39",247.39,840.87,,,,"     ",5.10,1450.96,1.07
1598,539354021,"01598M12:26:55.167","01598 11:39:40",247.39,840.83,,,,"     ",5.10,1444.02,1.06
1598,539354022,"01598M12:26:56.140","01598 11:39:41",247.38,840.80,,,,"     ",5.10,1448.22,1.07
1598,539354023,"01598M12:26:57.113","01598 11:39:42",247.36,840.78,,,,"     ",5.10,1460.36,1.08
1598,539354024,"01598M12:26:58.086","01598 11:39:43",247.33,840.73,,,,"     ",5.10,1466.91,1.08
1598,539354025,"01598M12:26:59.060","01598 11:39:44",247.29,840.87,,,,"     ",5.10,1453.92,1.07
1598,539354026,"01598M12:27:00.033","01598 11:39:45",247.26,840.86,,,,"     ",5.10,1443.42,1.06
1598,539354027,"01598M12:27:01.006","01598 11:39:46",247.21,840.84,,,,"     ",5.10,1450.10,1.07
1598,539354028,"01598M12:27:01.979","01598 11:39:47",247.17,840.88,,,,"     ",5.10,1461.24,1.08
1598,539354029,"01598M12:27:02.953","01598 11:39:48",247.13,840.85,,,,"     ",5.10,1456.73,1.07
1598,539354030,"01598M12:27:03.926","01598 11:39:49",247.10,840.87,,,,"     ",5.10,1451.15,1.07
1598,539354031,"01598M12:27:04.899","01598 11:39:50",247.07,840.87,,,,"     ",5.10,1460.17,1.07
1598,539354032,"01598M12:27:05.872","01598 11:39:51",247.06,840.90,,,,"     ",5.10,1450.86,1.07
1598,539354033,"01598M12:27:06.846","01598 11:39:52",247.06,840.95,,,,"     ",5.10,1458.76,1.07
1598,539354034,"01598M12:27:07.819","01598 11:39:53",247.08,840.91,,,,"     ",5.10,1459.87,1.07
1598,539354035,"01598M12:27:08.792","01598 11:39:54",247.10,841.00,,,,"     ",5.10,1471.04,1.08
1598,539354036,"01598M12:27:09.765","01598 11:39:54",247.13,840.89,,,,"     ",5.10,1472.38,1.08
1598,539354037,"01598M12:27:10.739","01598 11:39:55",247.16,840.83,,,,"     ",5.10,1485.96,1.09
1598,539354038,"01598M12:27:11.712","01598 11:39:56",247.20,840.90,,,,"     ",5.10,1454.48,1.07
1598,539354039,"01598M12:27:12.685","01598 11:39:57",247.23,840.98,,,,"     ",5.10,1468.50,1.08
1598,539354040,"01598M12:27:13.658","01598 11:39:58",247.27,840.97,,,,"     ",5.10,1455.42,1.07
1598,539354041,"01598M12:27:14.632","01598 11:39:59",247.30,841.01,,,,"     ",5.10,1454.24,1.07
1598,539354042,"01598M12:27:15.605","01598 11:40:00",247.34,840.99,,,,"     ",5.10,1468.61,1.08
1598,539354043,"01598M12:27:16.578","01598 11:40:01",247.37,841.02,,,,"     ",5.10,1460.00,1.07
1598,539354044,"01598M12:27:17.551","01598 11:40:02",247.40,840.94,,,,"     ",5.10,1457.03,1.07
1598,539354045,"01598M12:27:18.525","01598 11:40:03",247.42,840.92,,,,"     ",5.10,1442.22,1.06
1598,539354046,"01598M12:27:19.498","01598 11:40:04",247.45,840.87,,,,"     ",5.10,1464.26,1.08
1598,539354047,"01598M12:27:20.471","01598 11:40:05",247.48,840.90,,,,"     ",5.10,1465.02,1.08
1598,539354048,"01598M12:27:21.444","01598 11:40:06",247.52,840.91,,,,"     ",5.10,1453.99,1.07
1598,539354049,"01598M12:27:22.418","01598 11:40:07",247.57,840.99,,,,"     ",5.10,1470.88,1.08
1598,539354050,"01598M12:27:23.391","01598 11:40:08",247.61,841.01,,,,"     ",5.10,1468.41,1.08
1598,539354051,"01598M12:27:24.364","01598 11:40:09",247.65,841.01,,,,"     ",5.10,1466.14,1.08
1598,539354052,"01598M12:27:25.337","01598 11:40:10",247.66,840.99,,,,"     ",5.10,1476.49,1.08
1598,539354053,"01598M12:27:26.311","01598 11:40:11",247.66,841.04,,,,"     ",5.10,1457.40,1.07
1598,539354054,"01598M12:27:27.284","01598 11:40:12",247.64,841.00,,,,"     ",5.10,1472.48,1.08
1598,539354055,"01598M12:27:28.257","01598 11:40:13",247.59,840.99,,,,"     ",5.10,1466.33,1.07
1598,539354056,"01598M12:27:29.231","01598 11:40:14",247.53,841.00,,,,"     ",5.10,1455.70,1.07
1598,539354057,"01598M12:27:30.204","01598 11:40:15",247.46,840.94,,,,"     ",5.10,1488.09,1.09
1598,539354058,"01598M12:27:31.177","01598 11:40:16",247.38,840.95,,,,"     ",5.10,1493.82,1.09
1598,539354059,"01598M12:27:32.150","01598 11:40:17",247.29,840.89,,,,"     ",5.10,1465.34,1.07
1598,539354060,"01598M12:27:33.124","01598 11:40:18",247.19,840.99,,,,"     ",5.10,1459.71,1.07
1598,539354061,"01598M12:27:34.097","01598 11:40:19",247.07,840.96,,,,"     ",5.10,1472.87,1.08
1598,539354062,"01598M12:27:35.070","01598 11:40:20",246.95,840.99,,,,"     ",5.10,1451.53,1.06
1598,539354063,"01598M12:27:36.043","01598 11:40:21",246.84,841.04,,,,"     ",5.10,1450.03,1.06
1598,539354064,"01598M12:27:37.017","01598 11:40:22",246.74,840.96,,,,"     ",5.10,1488.03,1.09
1598,539354065,"01598M12:27:37.990","01598 11:40:23",246.66,840.99,,,,"     ",5.10,1480.99,1.08
1598,539354066,"01598M12:27:38.963","01598 11:40:24",246.60,840.95,,,,"     ",5.10,1452.50,1.06
1598,539354067,"01598M12:27:39.936","01598 11:40:25",246.57,840.93,,,,"     ",5.10,1476.94,1.08
1598,539354068,"01598M12:27:40.910","01598 11:40:26",246.54,840.94,,,,"     ",5.10,1481.66,1.08
1598,539354069,"01598M12:27:41.883","01598 11:40:27",246.51,840.91,,,,"     ",5.10,1474.67,1.07
1598,539354070,"01598M12:27:42.856","01598 11:40:28",246.50,840.97,,,,"     ",5.10,1464.43,1.07
1598,539354071,"01598M12:27:43.829","01598 11:40:29",246.49,840.89,,,,"     ",5.10,1479.22,1.08
1598,539354072,"01598M12:27:44.803","01598 11:40:30",246.49,840.91,,,,"     ",5.10,1466.20,1.07
1598,539354073,"01598M12:27:45.776","01598 11:40:30",246.52,840.93,,,,"     ",5.10,1487.76,1.08
1598,539354074,"01598M12:27:46.749","01598 11:40:31",246.57,840.85,,,,"     ",5.10,1474.30,1.07
1598,539354075,"01598M12:27:47.722","01598 11:40:32",246.64,840.94,,,,"     ",5.10,1470.07,1.07
1598,539354076,"01598M12:27:48.696","01598 11:40:33",246.73,840.93,,,,"     ",5.10,1494.47,1.08
1598,539354077,"01598M12:27:49.669","01598 11:40:34",246.83,840.92,,,,"     ",5.10,1483.91,1.08
1598,539354078,"01598M12:27:50.642","01598 11:40:35",246.93,840.90,,,,"     ",5.10,1482.81,1.07
1598,539354079,"01598M12:27:51.615","01598 11:40:36",247.03,840.99,,,,"     ",5.10,1484.95,1.08
1598,539354080,"01598M12:27:52.589","01598 11:40:37",247.13,841.03,,,,"     ",5.10,1480.72,1.07
1598,539354081,"01598M12:27:53.562","01598 11:40:38",247.23,840.91,,,,"     ",5.10,1475.90,1.07
1598,539354082,"01598M12:27:54.535","01598 11:40:39",247.31,840.89,,,,"     ",5.10,1477.55,1.07
1598,539354083,"01598M12:27:55.508","01598 11:40:40",247.39,840.87,,,,"     ",5.10,1480.93,1.07
1598,539354084,"01598M12:27:56.482","01598 11:40:41",247.46,840.87,,,,"     ",5.10,1482.77,1.07
1598,539354085,"01598M12:27:57.455","01598 11:40:42",247.51,840.76,,,,"     ",5.10,1513.00,1.09
1598,539354086,"01598M12:27:58.428","01598 11:40:43",247.56,840.84,,,,"     ",5.10,1477.95,1.07
1598,539354087,"01598M12:27:59.401","01598 11:40:44",247.59,840.87,,,,"     ",5.10,1469.40,1.06
1598,539354088,"01598M12:28:00.375","01598 11:40:45",247.60,840.85,,,,"     ",5.10,1467.07,1.06
1598,539354089,"01598M12:28:01.348","01598 11:40:46",247.60,840.88,,,,"     ",5.10,1506.52,1.08
1598,539354090,"01598M12:28:02.321","01598 11:40:47",247.58,840.89,,,,"     ",5.10,1497.30,1.08
1598,539354091,"01598M12:28:03.294","01598 11:40:48",247.55,840.91,,,,"     ",5.10,1480.43,1.06
1598,539354092,"01598M12:28:04.268","01598 11:40:49",247.50,840.87,,,,"     ",5.10,1499.66,1.08
1598,539354093,"01598M12:28:05.241","01598 11:40:50",247.43,840.79,,,,"     ",5.10,1486.80,1.07
1598,539354094,"01598M12:28:06.214","01598 11:40:51",247.36,840.81,,,,"     ",5.10,1512.81,1.08
1598,539354095,"01598M12:28:07.187","01598 11:40:52",247.27,840.77,,,,"     ",5.10,1508.62,1.08
1598,539354096,"01598M12:28:08.161","01598 11:40:53",247.18,840.85,,,,"     ",5.10,1501.18,1.07
1598,539354097,"01598M12:28:09.134","01598 11:40:54",247.09,840.79,,,,"     ",5.10,1491.14,1.07
1598,539354098,"01598M12:28:10.107","01598 11:40:55",247.01,840.86,,,,"     ",5.10,1484.73,1.06
1598,539354099,"01598M12:28:11.080","01598 11:40:56",246.95,840.90,,,,"     ",5.10,1509.96,1.08
1598,539354100,"01598M12:28:12.054","01598 11:40:57",246.92,840.87,,,,"     ",5.10,1488.70,1.06
1598,539354101,"01598M12:28:13.027","01598 11:40:58",246.92,840.87,,,,"     ",5.10,1489.16,1.06
1598,539354102,"01598M12:28:14.000","01598 11:40:59",246.95,840.75,,,,"     ",5.10,1497.80,1.07
1598,539354103,"01598M12:28:14.973","01598 11:41:00",247.02,840.80,,,,"     ",5.10,1492.44,1.06
1598,539354104,"01598M12:28:15.947","01598 11:41:01",247.11,840.73,,,,"     ",5.10,1497.61,1.07
1598,539354105,"01598M12:28:16.920","01598 11:41:02",247.22,840.82,,,,"     ",5.10,1514.61,1.08
1598,539354106,"01598M12:28:17.893","01598 11:41:03",247.34,840.81,,,,"     ",5.10,1502.09,1.07
1598,539354107,"01598M12:28:18.866","01598 11:41:04",247.46,840.87,,,,"     ",5.10,1511.88,1.07
1598,539354108,"01598M12:28:19.840","01598 11:41:05",247.57,840.84,,,,"     ",5.10,1511.37,1.07
1598,539354109,"01598M12:28:20.813","01598 11:41:06",247.66,840.79,,,,"     ",5.10,1506.11,1.07
1598,539354110,"01598M12:28:21.786","01598 11:41:06",247.72,840.86,,,,"     ",5.10,1510.62,1.07
1598,539354111,"01598M12:28:22.759","01598 11:41:07",247.77,840.84,,,,"     ",5.10,1513.45,1.07
1598,539354112,"01598M12:28:23.733","01598 11:41:08",247.78,840.91,,,,"     ",5.10,1500.43,1.06
1598,539354113,"01598M12:28:24.706","01598 11:41:09",247.79,840.75,,,,"     ",5.10,1508.84,1.07
1598,539354114,"01598M12:28:25.679","01598 11:41:10",247.77,840.72,,,,"     ",5.10,1507.05,1.07
1598,539354115,"01598M12:28:26.652","01598 11:41:11",247.75,840.76,,,,"     ",5.10,1507.60,1.06
1598,539354116,"01598M12:28:27.626","01598 11:41:12",247.73,840.81,,,,"     ",5.10,1509.77,1.07
1598,539354117,"01598M12:28:28.599","01598 11:41:13",247.73,840.83,,,,"     ",5.10,1511.09,1.07
1598,539354118,"01598M12:28:29.572","01598 11:41:14",247.74,840.80,,,,"     ",5.10,1526.29,1.08
1598,539354119,"01598M12:28:30.545","01598 11:41:15",247.77,840.88,,,,"     ",5.10,1506.00,1.06
1598,539354120,"01598M12:28:31.519","01598 11:41:16",247.82,840.89,,,,"     ",5.10,1528.51,1.08
1598,539354121,"01598M12:28:32.492","01598 11:41:17",247.89,840.85,,,,"     ",5.10,1504.89,1.06
1598,539354122,"01598M12:28:33.465","01598 11:41:18",247.97,840.83,,,,"     ",5.10,1491.07,1.05
1598,539354123,"01598M12:28:34.438","01598 11:41:19",248.04,840.81,,,,"     ",5.10,1511.62,1.06
1598,539354124,"01598M12:28:35.412","01598 11:41:20",248.11,840.79,,,,"     ",5.10,1510.39,1.06
1598,539354125,"01598M12:28:36.385","01598 11:41:21",248.16,840.65,,,,"     ",5.10,1515.01,1.06
1598,539354126,"01598M12:28:37.358","01598 11:41:22",248.18,840.59,,,,"     ",5.10,1522.06,1.07
1598,539354127,"01598M12:28:38.332","01598 11:41:23",248.19,840.69,,,,"     ",5.10,1540.37,1.08
1598,539354128,"01598M12:28:39.305","01598 11:41:24",248.16,840.72,,,,"     ",5.10,1518.37,1.06
1598,539354129,"01598M12:28:40.278","01598 11:41:25",248.12,840.73,,,,"     ",5.10,1514.29,1.06
1598,539354130,"01598M12:28:41.251","01598 11:41:26",248.05,840.73,,,,"     ",5.10,1517.33,1.06
1598,539354131,"01598M12:28:42.225","01598 11:41:27",247.97,840.66,,,,"     ",5.10,1530.33,1.07
1598,539354132,"01598M12:28:43.198","01598 11:41:28",247.86,840.72,,,,"     ",5.10,1525.66,1.06
1598,539354133,"01598M12:28:44.171","01598 11:41:29",247.74,840.66,,,,"     ",5.10,1533.95,1.07
1598,539354134,"01598M12:28:45.144","01598 11:41:30",247.62,840.72,,,,"     ",5.10,1517.14,1.06
1598,539354135,"01598M12:28:46.118","01598 11:41:31",247.48,840.73,,,,"     ",5.10,1528.86,1.07
1598,539354136,"01598M12:28:47.091","01598 11:41:32",247.36,840.72,,,,"     ",5.10,1535.65,1.07
1598,539354137,"01598M12:28:48.064","01598 11:41:33",247.24,840.68,,,,"     ",5.10,1512.21,1.05
1598,539354138,"01598M12:28:49.037","01598 11:41:34",247.13,840.73,,,,"     ",5.10,1534.43,1.07
1598,539354139,"01598M12:28:50.011","01598 11:41:35",247.03,840.68,,,,"     ",5.10,1531.72,1.06
1598,539354140,"01598M12:28:50.984","01598 11:41:36",246.95,840.68,,,,"     ",5.10,1517.38,1.05
1598,539354141,"01598M12:28:51.957","01598 11:41:37",246.86,840.66,,,,"     ",5.10,1533.66,1.06
1598,539354142,"01598M12:28:52.930","01598 11:41:38",246.79,840.62,,,,"     ",5.10,1532.24,1.06
1598,539354143,"01598M12:28:53.904","01598 11:41:39",244.79,840.59,,,,"     ",5.10,1523.90,1.06
1598,539354144,"01598M12:28:54.877","01598 11:41:40",244.76,840.65,,,,"     ",5.10,1518.81,1.05
1598,539354145,"01598M12:28:55.850","01598 11:41:41",244.75,840.65,,,,"     ",5.10,1535.61,1.06
1598,539354146,"01598M12:28:56.823","01598 11:41:42",244.75,840.59,,,,"     ",5.10,1538.47,1.06
1598,539354147,"01598M12:28:57.797","01598 11:41:42",244.75,840.64,,,,"     ",5.10,1540.39,1.06
1598,539354148,"01598M12:28:58.770","01598 11:41:43",244.76,840.70,,,,"     ",5.10,1532.22,1.06
1598,539354149,"01598M12:28:59.743","01598 11:41:44",244.76,840.68,,,,"     ",5.10,1535.30,1.06
1598,539354150,"01598M12:29:00.716","01598 11:41:45",244.75,840.66,,,,"     ",5.10,1538.91,1.06
1598,539354151,"01598M12:29:01.690","01598 11:41:46",244.73,840.72,,,,"     ",5.10,1522.51,1.05
1598,539354152,"01598M12:29:02.663","01598 11:41:47",244.69,840.62,,,,"     ",5.10,1531.64,1.06
1598,539354153,"01598M12:29:03.636","01598 11:41:48",244.65,840.74,,,,"     ",5.10,1549.08,1.07
1598,539354154,"01598M12:29:04.609","01598 11:41:49",244.59,840.62,,,,"     ",5.10,1520.34,1.05
1598,539354155,"01598M12:29:05.583","01598 11:41:50",244.52,840.66,,,,"     ",5.10,1537.80,1.06
1598,539354156,"01598M12:29:06.556","01598 11:41:51",244.45,840.65,,,,"     ",5.10,1538.17,1.06
1598,539354157,"01598M12:29:07.529","01598 11:41:52",244.37,840.59,,,,"     ",5.10,1507.67,1.03
1598,539354158,"01598M12:29:08.502","01598 11:41:53",244.30,840.63,,,,"     ",5.10,1536.04,1.06
1598,539354159,"01598M12:29:09.476","01598 11:41:54",244.25,840.61,,,,"     ",5.10,1551.59,1.07
1598,539354160,"01598M12:29:10.449","01598 11:41:55",244.22,840.64,,,,"     ",5.10,1520.91,1.04
1598,539354161,"01598M12:29:11.422","01598 11:41:56",244.22,840.56,,,,"     ",5.10,1532.40,1.05
1598,539354162,"01598M12:29:12.395","01598 11:41:57",244.24,840.57,,,,"     ",5.10,1512.53,1.04
1598,539354163,"01598M12:29:13.369","01598 11:41:58",244.29,840.61,,,,"     ",5.10,1536.52,1.05
1598,539354164,"01598M12:29:14.342","01598 11:41:59",244.36,840.54,,,,"     ",5.10,1523.11,1.04
1598,539354165,"01598M12:29:15.315","01598 11:42:00",244.44,840.60,,,,"     ",5.10,1529.98,1.05
1598,539354166,"01598M12:29:16.288","01598 11:42:01",244.53,840.60,,,,"     ",5.10,1519.01,1.04
1598,539354167,"01598M12:29:17.262","01598 11:42:02",244.64,840.55,,,,"     ",5.10,1538.86,1.05
1598,539354168,"01598M12:29:18.235","01598 11:42:03",244.76,840.49,,,,"     ",5.10,1559.02,1.07
1598,539354169,"01598M12:29:19.208","01598 11:42:04",244.85,840.37,,,,"     ",5.10,1548.25,1.06
1598,539354170,"01598M12:29:20.181","01598 11:42:05",244.94,840.42,,,,"     ",5.10,1538.57,1.05
1598,539354171,"01598M12:29:21.155","01598 11:42:06",244.99,840.47,,,,"     ",5.10,1549.36,1.06
1598,539354172,"01598M12:29:22.128","01598 11:42:07",244.99,840.41,,,,"     ",5.10,1528.98,1.05
1598,539354173,"01598M12:29:23.101","01598 11:42:08",244.96,840.43,,,,"     ",5.10,1532.83,1.05
1598,539354174,"01598M12:29:24.074","01598 11:42:09",244.89,840.40,,,,"     ",5.10,1551.56,1.06
1598,539354175,"01598M12:29:25.048","01598 11:42:10",244.79,840.43,,,,"     ",5.10,1522.41,1.04
1598,539354176,"01598M12:29:26.021","01598 11:42:11",244.66,840.45,,,,"     ",5.10,1540.11,1.05
1598,539354177,"01598M12:29:26.994","01598 11:42:12",244.52,840.41,,,,"     ",5.10,1518.40,1.04
1598,539354178,"01598M12:29:27.967","01598 11:42:13",244.36,840.27,,,,"     ",5.10,1547.75,1.06
1598,539354179,"01598M12:29:28.941","01598 11:42:14",244.19,840.34,,,,"     ",5.10,1533.02,1.05
1598,539354180,"01598M12:29:29.914","01598 11:42:15",244.03,840.25,,,,"     ",5.10,1534.74,1.05
1598,539354181,"01598M12:29:30.887","01598 11:42:16",243.88,840.31,,,,"     ",5.10,1533.02,1.05
1598,539354182,"01598M12:29:31.860","01598 11:42:17",243.76,840.26,,,,"     ",5.10,1537.55,1.05
1598,539354183,"01598M12:29:32.834","01598 11:42:18",243.67,840.35,,,,"     ",5.10,1550.53,1.06
1598,539354184,"01598M12:29:33.807","01598 11:42:18",243.62,840.28,,,,"     ",5.10,1554.99,1.06
1598,539354185,"01598M12:29:34.780","01598 11:42:19",243.60,840.32,,,,"     ",5.10,1531.55,1.04
1598,539354186,"01598M12:29:35.753","01598 11:42:20",243.62,840.33,,,,"     ",5.10,1538.74,1.05
1598,539354187,"01598M12:29:36.727","01598 11:42:21",243.67,840.33,,,,"     ",5.10,1535.38,1.05
1598,539354188,"01598M12:29:37.700","01598 11:42:22",243.73,840.33,,,,"     ",5.10,1551.46,1.06
1598,539354189,"01598M12:29:38.673","01598 11:42:23",243.79,840.25,,,,"     ",5.10,1535.12,1.05
1598,539354190,"01598M12:29:39.646","01598 11:42:24",243.84,840.24,,,,"     ",5.10,1533.20,1.05
1598,539354191,"01598M12:29:40.620","01598 11:42:25",243.88,840.24,,,,"     ",5.10,1550.08,1.06
1598,539354192,"01598M12:29:41.593","01598 11:42:26",243.90,840.27,,,,"     ",5.10,1537.39,1.05
1598,539354193,"01598M12:29:42.566","01598 11:42:27",243.91,840.29,,,,"     ",5.10,1544.16,1.06
1598,539354194,"01598M12:29:43.539","01598 11:42:28",243.91,840.35,,,,"     ",5.10,1558.15,1.06
1598,539354195,"01598M12:29:44.513","01598 11:42:29",243.91,840.30,,,,"     ",5.10,1550.50,1.06
1598,539354196,"01598M12:29:45.486","01598 11:42:30",243.91,840.28,,,,"     ",5.10,1537.16,1.05
1598,539354197,"01598M12:29:46.459","01598 11:42:31",243.92,840.35,,,,"     ",5.10,1543.64,1.05
1598,539354198,"01598M12:29:47.433","01598 11:42:32",243.95,840.29,,,,"     ",5.10,1528.26,1.04
1598,539354199,"01598M12:29:48.406","01598 11:42:33",244.00,840.38,,,,"     ",5.10,1524.18,1.04
1598,539354200,"01598M12:29:49.379","01598 11:42:34",244.05,840.40,,,,"     ",5.10,1539.71,1.05
1598,539354201,"01598M12:29:50.352","01598 11:42:35",244.12,840.33,,,,"     ",5.10,1549.29,1.06
1598,539354202,"01598M12:29:51.326","01598 11:42:36",244.19,840.37,,,,"     ",5.10,1530.87,1.05
1598,539354203,"01598M12:29:52.299","01598 11:42:37",244.26,840.37,,,,"     ",5.10,1538.01,1.05
1598,539354204,"01598M12:29:53.272","01598 11:42:38",244.33,840.34,,,,"     ",5.10,1554.79,1.06
1598,539354205,"01598M12:29:54.245","01598 11:42:39",244.38,840.38,,,,"     ",5.10,1548.95,1.06
1598,539354206,"01598M12:29:55.219","01598 11:42:40",244.44,840.35,,,,"     ",5.10,1526.47,1.04
1598,539354207,"01598M12:29:56.192","01598 11:42:41",244.47,840.32,,,,"     ",5.10,1545.76,1.06
1598,539354208,"01598M12:29:57.165","01598 11:42:42",244.49,840.24,,,,"     ",5.10,1548.40,1.06
1598,539354209,"01598M12:29:58.138","01598 11:42:43",244.49,840.12,,,,"     ",5.10,1543.85,1.06
1598,539354210,"01598M12:29:59.112","01598 11:42:44",244.45,840.16,,,,"     ",5.10,1537.66,1.05
1598,539354211,"01598M12:30:00.085","01598 11:42:45",244.40,840.27,,,,"     ",5.10,1557.06,1.07
1598,539354212,"01598M12:30:01.058","01598 11:42:46",244.32,840.29,,,,"     ",5.10,1538.67,1.05
1598,539354213,"01598M12:30:02.031","01598 11:42:47",244.24,840.23,,,,"     ",5.10,1550.06,1.06
1598,539354214,"01598M12:30:03.005","01598 11:42:48",244.17,840.25,,,,"     ",5.10,1570.21,1.08
1598,539354215,"01598M12:30:03.978","01598 11:42:49",244.10,840.26,,,,"     ",5.10,1541.80,1.06
1598,539354216,"01598M12:30:04.951","01598 11:42:50",244.05,840.31,,,,"     ",5.10,1545.75,1.06
1598,539354217,"01598M12:30:05.924","01598 11:42:51",244.03,840.23,,,,"     ",5.10,1533.29,1.05
1598,539354218,"01598M12:30:06.898","01598 11:42:52",244.02,840.29,,,,"     ",5.10,1545.21,1.06
1598,539354219,"01598M12:30:07.871","01598 11:42:53",244.03,840.28,,,,"     ",5.10,1537.92,1.05
1598,539354220,"01598M12:30:08.844","01598 11:42:54",244.04,840.19,,,,"     ",5.10,1529.85,1.05
1598,539354221,"01598M12:30:09.817","01598 11:42:54",244.04,840.22,,,,"     ",5.10,1543.30,1.06
1598,539354222,"01598M12:30:10.791","01598 11:42:55",244.03,840.25,,,,"     ",5.10,1535.38,1.05
1598,539354223,"01598M12:30:11.764","01598 11:42:56",244.02,840.17,,,,"     ",5.10,1537.37,1.05
1598,539354224,"01598M12:30:12.737","01598 11:42:57",243.98,840.21,,,,"     ",5.10,1531.04,1.05
1598,539354225,"01598M12:30:13.710","01598 11:42:58",243.92,840.26,,,,"     ",5.10,1535.30,1.05
1598,539354226,"01598M12:30:14.684","01598 11:42:59",243.84,840.24,,,,"     ",5.10,1527.80,1.05
1598,539354227,"01598M12:30:15.657","01598 11:43:00",243.72,840.34,,,,"     ",5.10,1521.17,1.04
1598,539354228,"01598M12:30:16.630","01598 11:43:01",243.57,840.19,,,,"     ",5.10,1529.81,1.05
1598,539354229,"01598M12:30:17.603","01598 11:43:02",243.40,840.20,,,,"     ",5.10,1538.88,1.06
1598,539354230,"01598M12:30:18.577","01598 11:43:03",243.20,840.24,,,,"     ",5.10,1534.65,1.05
1598,539354231,"01598M12:30:19.550","01598 11:43:04",242.99,840.16,,,,"     ",5.10,1515.61,1.04
1598,539354232,"01598M12:30:20.523","01598 11:43:05",242.79,840.15,,,,"     ",5.10,1529.65,1.05
1598,539354233,"01598M12:30:21.496","01598 11:43:06",242.61,840.15,,,,"     ",5.10,1526.14,1.05
1598,539354234,"01598M12:30:22.470","01598 11:43:07",242.46,840.12,,,,"     ",5.10,1530.36,1.05
1598,539354235,"01598M12:30:23.443","01598 11:43:08",242.36,840.20,,,,"     ",5.10,1518.03,1.04
1598,539354236,"01598M12:30:24.416","01598 11:43:09",242.30,840.22,,,,"     ",5.10,1533.75,1.06
1598,539354237,"01598M12:30:25.389","01598 11:43:10",242.29,840.23,,,,"     ",5.10,1515.06,1.04
1598,539354238,"01598M12:30:26.363","01598 11:43:11",242.33,840.30,,,,"     ",5.10,1530.82,1.06
1598,539354239,"01598M12:30:27.336","01598 11:43:12",242.37,840.22,,,,"     ",5.10,1512.03,1.04
1598,539354240,"01598M12:30:28.309","01598 11:43:13",242.39,840.29,,,,"     ",5.10,1520.10,1.05
1598,539354241,"01598M12:30:29.282","01598 11:43:14",242.33,840.37,,,,"     ",5.10,1517.28,1.05
1598,539354242,"01598M12:30:30.256","01598 11:43:15",242.28,840.31,,,,"     ",5.10,1516.31,1.05
1598,539354243,"01598M12:30:31.229","01598 11:43:16",242.22,840.33,,,,"     ",5.10,1521.20,1.05
1598,539354244,"01598M12:30:32.202","01598 11:43:17",242.20,840.30,,,,"     ",5.10,1537.00,1.06
1598,539354245,"01598M12:30:33.175","01598 11:43:18",242.20,840.30,,,,"     ",5.10,1525.02,1.06
1598,539354246,"01598M12:30:34.149","01598 11:43:19",242.20,840.22,,,,"     ",5.10,1537.32,1.06
1598,539354247,"01598M12:30:35.122","01598 11:43:20",242.24,840.25,,,,"     ",5.10,1514.40,1.05
1598,539354248,"01598M12:30:36.095","01598 11:43:21",242.30,840.33,,,,"     ",5.10,1495.56,1.04
1598,539354249,"01598M12:30:37.068","01598 11:43:22",242.37,840.27,,,,"     ",5.10,1529.75,1.06
1598,539354250,"01598M12:30:38.042","01598 11:43:23",242.46,840.30,,,,"     ",5.10,1524.56,1.06
1598,539354251,"01598M12:30:39.015","01598 11:43:24",242.50,840.39,,,,"     ",5.10,1502.86,1.04
1598,539354252,"01598M12:30:39.988","01598 11:43:25",241.90,840.32,,,,"     ",5.10,1513.35,1.05
1598,539354253,"01598M12:30:40.961","01598 11:43:26",241.87,840.39,,,,"     ",5.10,1519.90,1.06
1598,539354254,"01598M12:30:41.935","01598 11:43:27",241.85,840.35,,,,"     ",5.10,1515.82,1.05
1598,539354255,"01598M12:30:42.908","01598 11:43:28",241.83,840.29,,,,"     ",5.10,1515.79,1.05
1598,539354256,"01598M12:30:43.881","01598 11:43:29",241.82,840.24,,,,"     ",5.10,1500.69,1.04
1598,539354257,"01598M12:30:44.854","01598 11:43:30",241.81,840.24,,,,"     ",5.10,1522.32,1.06
1598,539354258,"01598M12:30:45.828","01598 11:43:30",241.80,840.29,,,,"     ",5.10,1497.22,1.04
1598,539354259,"01598M12:30:46.801","01598 11:43:31",241.80,840.33,,,,"     ",5.10,1525.12,1.06
1598,539354260,"01598M12:30:47.774","01598 11:43:32",241.80,840.28,,,,"     ",5.10,1516.04,1.06
1598,539354261,"01598M12:30:48.747","01598 11:43:33",241.81,840.31,,,,"     ",5.10,1503.87,1.05
1598,539354262,"01598M12:30:49.721","01598 11:43:34",241.82,840.27,,,,"     ",5.10,1502.36,1.05
1598,539354263,"01598M12:30:50.694","01598 11:43:35",241.83,840.33,,,,"     ",5.10,1516.81,1.06
1598,539354264,"01598M12:30:51.667","01598 11:43:36",241.84,840.33,,,,"     ",5.10,1504.98,1.05
1598,539354265,"01598M12:30:52.640","01598 11:43:37",241.86,840.31,,,,"     ",5.10,1523.98,1.06
1598,539354266,"01598M12:30:53.614","01598 11:43:38",241.88,840.32,,,,"     ",5.10,1484.20,1.04
1598,539354267,"01598M12:30:54.587","01598 11:43:39",241.91,840.24,,,,"     ",5.10,1479.14,1.03
1598,539354268,"01598M12:30:55.560","01598 11:43:40",241.94,840.29,,,,"     ",5.10,1511.72,1.06
1598,539354269,"01598M12:30:56.534","01598 11:43:41",241.96,840.18,,,,"     ",5.10,1493.27,1.04
1598,539354270,"01598M12:30:57.507","01598 11:43:42",241.97,840.17,,,,"     ",5.10,1514.57,1.06
1598,539354271,"01598M12:30:58.480","01598 11:43:43",241.98,840.11,,,,"     ",5.10,1506.75,1.05
1598,539354272,"01598M12:30:59.453","01598 11:43:44",241.99,840.18,,,,"     ",5.10,1516.17,1.06
1598,539354273,"01598M12:31:00.427","01598 11:43:45",242.00,840.21,,,,"     ",5.10,1525.46,1.07
1598,539354274,"01598M12:31:01.400","01598 11:43:46",242.01,840.20,,,,"     ",5.10,1513.19,1.06
1598,539354275,"01598M12:31:02.373","01598 11:43:47",242.04,840.23,,,,"     ",5.10,1495.15,1.04
1598,539354276,"01598M12:31:03.346","01598 11:43:48",242.09,840.15,,,,"     ",5.10,1509.81,1.06
1598,539354277,"01598M12:31:04.320","01598 11:43:49",242.14,840.20,,,,"     ",5.10,1518.80,1.06
1598,539354278,"01598M12:31:05.293","01598 11:43:50",242.20,840.24,,,,"     ",5.10,1507.18,1.05
1598,539354279,"01598M12:31:06.266","01598 11:43:51",242.28,840.15,,,,"     ",5.10,1521.03,1.06
1598,539354280,"01598M12:31:07.239","01598 11:43:52",242.35,840.19,,,,"     ",5.10,1491.96,1.04
1598,539354281,"01598M12:31:08.213","01598 11:43:53",242.43,840.20,,,,"     ",5.10,1503.90,1.05
1598,539354282,"01598M12:31:09.186","01598 11:43:54",242.49,840.23,,,,"     ",5.10,1509.18,1.05
1598,539354283,"01598M12:31:10.159","01598 11:43:55",242.54,840.20,,,,"     ",5.10,1503.64,1.05
1598,539354284,"01598M12:31:11.132","01598 11:43:56",242.58,840.20,,,,"     ",5.10,1516.66,1.06
1598,539354285,"01598M12:31:12.106","01598 11:43:57",242.61,840.22,,,,"     ",5.10,1514.12,1.06
1598,539354286,"01598M12:31:13.079","01598 11:43:58",242.63,840.17,,,,"     ",5.10,1515.15,1.06
1598,539354287,"01598M12:31:14.052","01598 11:43:59",242.66,840.11,,,,"     ",5.10,1511.73,1.05
1598,539354288,"01598M12:31:15.025","01598 11:44:00",242.69,840.06,,,,"     ",5.10,1503.24,1.05
1598,539354289,"01598M12:31:15.999","01598 11:44:01",242.73,840.14,,,,"     ",5.10,1490.37,1.04
1598,539354290,"01598M12:31:16.972","01598 11:44:02",242.79,840.10,,,,"     ",5.10,1495.44,1.04
1598,539354291,"01598M12:31:17.945","01598 11:44:03",242.86,840.11,,,,"     ",5.10,1524.65,1.06
1598,539354292,"01598M12:31:18.918","01598 11:44:04",242.95,840.16,,,,"     ",5.10,1507.89,1.05
1598,539354293,"01598M12:31:19.892","01598 11:44:05",243.04,840.13,,,,"     ",5.10,1504.31,1.05
1598,539354294,"01598M12:31:20.865","01598 11:44:06",243.14,840.23,,,,"     ",5.10,1511.61,1.05
1598,539354295,"01598M12:31:21.838","01598 11:44:06",243.23,840.18,,,,"     ",5.10,1517.35,1.06
1598,539354296,"01598M12:31:22.811","01598 11:44:07",243.31,840.12,,,,"     ",5.10,1518.95,1.06
1598,539354297,"01598M12:31:23.785","01598 11:44:08",243.38,840.05,,,,"     ",5.10,1504.09,1.05
1598,539354298,"01598M12:31:24.758","01598 11:44:09",243.43,840.04,,,,"     ",5.10,1527.97,1.06
1598,539354299,"01598M12:31:25.731","01598 11:44:10",243.45,840.16,,,,"     ",5.10,1542.40,1.07
1598,539354300,"01598M12:31:26.704","01598 11:44:11",243.45,840.26,,,,"     ",5.10,1513.97,1.05
1598,539354301,"01598M12:31:27.678","01598 11:44:12",243.44,840.13,,,,"     ",5.10,1509.85,1.05
1598,539354302,"01598M12:31:28.651","01598 11:44:13",243.40,840.22,,,,"     ",5.10,1506.76,1.04
1598,539354303,"01598M12:31:29.624","01598 11:44:14",243.37,840.13,,,,"     ",5.10,1519.87,1.05
1598,539354304,"01598M12:31:30.597","01598 11:44:15",243.34,840.01,,,,"     ",5.10,1520.92,1.05
1598,539354305,"01598M12:31:31.571","01598 11:44:16",243.31,840.03,,,,"     ",5.10,1528.95,1.06
1598,539354306,"01598M12:31:32.544","01598 11:44:17",243.29,840.06,,,,"     ",5.10,1520.14,1.05
1598,539354307,"01598M12:31:33.517","01598 11:44:18",243.27,840.03,,,,"     ",5.10,1527.89,1.06
1598,539354308,"01598M12:31:34.490","01598 11:44:19",243.24,839.96,,,,"     ",5.10,1522.73,1.05
1598,539354309,"01598M12:31:35.464","01598 11:44:20",243.21,839.98,,,,"     ",5.10,1505.11,1.04
1598,539354310,"01598M12:31:36.437","01598 11:44:21",243.17,840.06,,,,"     ",5.10,1532.00,1.06
1598,539354311,"01598M12:31:37.410","01598 11:44:22",243.14,840.04,,,,"     ",5.10,1521.64,1.05
1598,539354312,"01598M12:31:38.383","01598 11:44:23",243.12,840.03,,,,"     ",5.10,1531.86,1.06
1598,539354313,"01598M12:31:39.357","01598 11:44:24",243.13,840.01,,,,"     ",5.10,1520.86,1.05
1598,539354314,"01598M12:31:40.330","01598 11:44:25",243.16,839.95,,,,"     ",5.10,1533.13,1.06
1598,539354315,"01598M12:31:41.303","01598 11:44:26",243.20,839.87,,,,"     ",5.10,1526.66,1.05
1598,539354316,"01598M12:31:42.276","01598 11:44:27",243.23,839.89,,,,"     ",5.10,1527.01,1.05
1598,539354317,"01598M12:31:43.250","01598 11:44:28",243.26,839.90,,,,"     ",5.10,1531.70,1.05
1598,539354318,"01598M12:31:44.223","01598 11:44:29",243.29,839.86,,,,"     ",5.10,1530.84,1.05
1598,539354319,"01598M12:31:45.196","01598 11:44:30",243.31,839.96,,,,"     ",5.10,1529.10,1.05
1598,539354320,"01598M12:31:46.169","01598 11:44:31",243.33,839.90,,,,"     ",5.10,1523.71,1.04
1598,539354321,"01598M12:31:47.143","01598 11:44:32",243.34,840.00,,,,"     ",5.10,1537.98,1.05
1598,539354322,"01598M12:31:48.116","01598 11:44:33",243.35,839.95,,,,"     ",5.10,1517.82,1.04
1598,539354323,"01598M12:31:49.089","01598 11:44:34",243.35,839.97,,,,"     ",5.10,1531.73,1.05
1598,539354324,"01598M12:31:50.062","01598 11:44:35",243.35,840.00,,,,"     ",5.10,1533.74,1.05
1598,539354325,"01598M12:31:51.036","01598 11:44:36",243.32,839.95,,,,"     ",5.10,1548.58,1.06
1598,539354326,"01598M12:31:52.009","01598 11:44:37",243.27,840.04,,,,"     ",5.10,1533.62,1.05
1598,539354327,"01598M12:31:52.982","01598 11:44:38",243.19,839.95,,,,"     ",5.10,1542.46,1.05
1598,539354328,"01598M12:31:53.955","01598 11:44:39",243.09,839.83,,,,"     ",5.10,1527.62,1.04
1598,539354329,"01598M12:31:54.929","01598 11:44:40",242.99,839.89,,,,"     ",5.10,1527.64,1.04
1598,539354330,"01598M12:31:55.902","01598 11:44:41",242.88,839.90,,,,"     ",5.10,1536.91,1.05
1598,539354331,"01598M12:31:56.875","01598 11:44:42",242.78,839.89,,,,"     ",5.10,1553.94,1.06
1598,539354332,"01598M12:31:57.848","01598 11:44:43",242.69,839.95,,,,"     ",5.10,1541.16,1.05
1598,539354333,"01598M12:31:58.822","01598 11:44:43",242.61,839.96,,,,"     ",5.10,1548.43,1.05
1598,539354334,"01598M12:31:59.795","01598 11:44:44",242.54,839.95,,,,"     ",5.10,1553.99,1.06
1598,539354335,"01598M12:32:00.768","01598 11:44:45",242.46,839.99,,,,"     ",5.10,1538.83,1.04
1598,539354336,"01598M12:32:01.741","01598 11:44:46",242.40,839.93,,,,"     ",5.10,1541.22,1.05
1598,539354337,"01598M12:32:02.715","01598 11:44:47",242.33,839.85,,,,"     ",5.10,1526.23,1.03
1598,539354338,"01598M12:32:03.688","01598 11:44:48",242.28,839.82,,,,"     ",5.10,1558.51,1.06
1598,539354339,"01598M12:32:04.661","01598 11:44:49",242.24,839.81,,,,"     ",5.10,1541.90,1.04
1598,539354340,"01598M12:32:05.635","01598 11:44:50",242.22,839.89,,,,"     ",5.10,1518.02,1.03
1598,539354341,"01598M12:32:06.608","01598 11:44:51",242.22,839.81,,,,"     ",5.10,1531.94,1.04
1598,539354342,"01598M12:32:07.581","01598 11:44:52",242.25,839.85,,,,"     ",5.10,1538.04,1.04
1598,539354343,"01598M12:32:08.554","01598 11:44:53",242.30,839.89,,,,"     ",5.10,1515.64,1.02
1598,539354344,"01598M12:32:09.528","01598 11:44:54",242.37,839.85,,,,"     ",5.10,1533.90,1.04
1598,539354345,"01598M12:32:10.501","01598 11:44:55",242.47,839.87,,,,"     ",5.10,1524.96,1.03
1598,539354346,"01598M12:32:11.474","01598 11:44:56",242.58,839.93,,,,"     ",5.10,1547.74,1.04
1598,539354347,"01598M12:32:12.447","01598 11:44:57",242.70,839.97,,,,"     ",5.10,1548.00,1.04
1598,539354348,"01598M12:32:13.421","01598 11:44:58",242.83,839.93,,,,"     ",5.10,1529.91,1.03
1598,539354349,"01598M12:32:14.394","01598 11:44:59",242.95,839.93,,,,"     ",5.10,1542.60,1.04
1598,539354350,"01598M12:32:15.367","01598 11:45:00",243.06,839.97,,,,"     ",5.10,1527.13,1.03
1598,539354351,"01598M12:32:16.340","01598 11:45:01",243.15,839.99,,,,"     ",5.10,1544.73,1.04
1598,539354352,"01598M12:32:17.314","01598 11:45:02",243.22,839.95,,,,"     ",5.10,1562.87,1.05
1598,539354353,"01598M12:32:18.287","01598 11:45:03",243.27,839.92,,,,"     ",5.10,1543.54,1.04
1598,539354354,"01598M12:32:19.260","01598 11:45:04",243.29,839.88,,,,"     ",5.10,1554.88,1.04
1598,539354355,"01598M12:32:20.233","01598 11:45:05",243.27,839.90,,,,"     ",5.10,1570.75,1.06
1598,539354356,"01598M12:32:21.207","01598 11:45:06",243.24,839.91,,,,"     ",5.10,1581.52,1.06
1598,539354357,"01598M12:32:22.180","01598 11:45:07",243.18,839.97,,,,"     ",5.10,1558.18,1.05
1598,539354358,"01598M12:32:23.153","01598 11:45:08",243.11,839.94,,,,"     ",5.10,1556.91,1.04
1598,539354359,"01598M12:32:24.126","01598 11:45:09",243.04,839.93,,,,"     ",5.10,1559.44,1.05
1598,539354360,"01598M12:32:25.100","01598 11:45:10",243.00,839.91,,,,"     ",5.10,1553.64,1.04
1598,539354361,"01598M12:32:26.073","01598 11:45:11",242.98,839.92,,,,"     ",5.10,1549.32,1.04
1598,539354362,"01598M12:32:27.046","01598 11:45:12",242.98,839.84,,,,"     ",5.10,1557.36,1.04
1598,539354363,"01598M12:32:28.019","01598 11:45:13",243.01,839.84,,,,"     ",5.10,1546.66,1.03
1598,539354364,"01598M12:32:28.993","01598 11:45:14",243.06,839.84,,,,"     ",5.10,1575.88,1.05
1598,539354365,"01598M12:32:29.966","01598 11:45:15",243.14,839.81,,,,"     ",5.10,1575.13,1.05
1598,539354366,"01598M12:32:30.939","01598 11:45:16",243.25,839.88,,,,"     ",5.10,1563.69,1.04
1598,539354367,"01598M12:32:31.912","01598 11:45:17",243.38,839.84,,,,"     ",5.10,1588.94,1.06
1598,539354368,"01598M12:32:32.886","01598 11:45:18",243.52,839.83,,,,"     ",5.10,1555.36,1.04
1598,539354369,"01598M12:32:33.859","01598 11:45:19",243.67,839.79,,,,"     ",5.10,1550.92,1.03
1598,539354370,"01598M12:32:34.832","01598 11:45:19",243.83,839.82,,,,"     ",5.10,1571.06,1.05
1598,539354371,"01598M12:32:35.805","01598 11:45:20",244.00,839.86,,,,"     ",5.10,1559.14,1.04
1598,539354372,"01598M12:32:36.779","01598 11:45:21",244.17,839.88,,,,"     ",5.10,1557.77,1.03
1598,539354373,"01598M12:32:37.752","01598 11:45:22",244.33,839.86,,,,"     ",5.10,1568.73,1.04
1598,539354374,"01598M12:32:38.725","01598 11:45:23",244.48,839.91,,,,"     ",5.10,1558.34,1.03
1598,539354375,"01598M12:32:39.698","01598 11:45:24",244.63,839.90,,,,"     ",5.10,1581.26,1.05
1598,539354376,"01598M12:32:40.672","01598 11:45:25",244.77,839.86,,,,"     ",5.10,1597.87,1.06
1598,539354377,"01598M12:32:41.645","01598 11:45:26",244.89,839.87,,,,"     ",5.10,1580.62,1.05
1598,539354378,"01598M12:32:42.618","01598 11:45:27",245.01,839.88,,,,"     ",5.10,1584.72,1.05
1598,539354379,"01598M12:32:43.591","01598 11:45:28",245.12,839.87,,,,"     ",5.10,1580.47,1.04
1598,539354380,"01598M12:32:44.565","01598 11:45:29",245.21,839.92,,,,"     ",5.10,1567.04,1.03
1598,539354381,"01598M12:32:45.538","01598 11:45:30",245.29,839.84,,,,"     ",5.10,1571.02,1.04
1598,539354382,"01598M12:32:46.511","01598 11:45:31",245.34,839.86,,,,"     ",5.10,1594.00,1.05
1598,539354383,"01598M12:32:47.484","01598 11:45:32",245.39,839.90,,,,"     ",5.10,1557.18,1.03
1598,539354384,"01598M12:32:48.458","01598 11:45:33",245.43,839.93,,,,"     ",5.10,1569.56,1.03
1598,539354385,"01598M12:32:49.431","01598 11:45:34",245.47,839.89,,,,"     ",5.10,1590.90,1.05
1598,539354386,"01598M12:32:50.404","01598 11:45:35",245.53,839.85,,,,"     ",5.10,1585.99,1.04
1598,539354387,"01598M12:32:51.377","01598 11:45:36",245.59,839.84,,,,"     ",5.10,1578.47,1.04
1598,539354388,"01598M12:32:52.351","01598 11:45:37",245.67,839.82,,,,"     ",5.10,1578.56,1.03
1598,539354389,"01598M12:32:53.324","01598 11:45:38",245.76,839.82,,,,"     ",5.10,1605.17,1.05
1598,539354390,"01598M12:32:54.297","01598 11:45:39",245.87,839.86,,,,"     ",5.10,1579.18,1.03
1598,539354391,"01598M12:32:55.270","01598 11:45:40",245.98,839.82,,,,"     ",5.10,1586.54,1.04
1598,539354392,"01598M12:32:56.244","01598 11:45:41",246.11,839.83,,,,"     ",5.10,1584.37,1.04
1598,539354393,"01598M12:32:57.217","01598 11:45:42",246.24,839.85,,,,"     ",5.10,1581.82,1.03
1598,539354394,"01598M12:32:58.190","01598 11:45:43",246.38,839.87,,,,"     ",5.10,1575.62,1.03
1598,539354395,"01598M12:32:59.163","01598 11:45:44",246.53,839.83,,,,"     ",5.10,1579.20,1.03
1598,539354396,"01598M12:33:00.137","01598 11:45:45",246.68,839.87,,,,"     ",5.10,1609.66,1.05
1598,539354397,"01598M12:33:01.110","01598 11:45:46",246.81,839.81,,,,"     ",5.10,1593.16,1.04
1598,539354398,"01598M12:33:02.083","01598 11:45:47",246.93,839.83,,,,"     ",5.10,1590.82,1.03
1598,539354399,"01598M12:33:03.056","01598 11:45:48",247.02,839.79,,,,"     ",5.10,1598.56,1.04
1598,539354400,"01598M12:33:04.030","01598 11:45:49",247.08,839.86,,,,"     ",5.10,1580.35,1.02
1598,539354401,"01598M12:33:05.003","01598 11:45:50",247.13,839.82,,,,"     ",5.10,1608.04,1.04
1598,539354402,"01598M12:33:05.976","01598 11:45:51",247.14,839.85,,,,"     ",5.10,1599.17,1.03
1598,539354403,"01598M12:33:06.949","01598 11:45:52",247.14,839.67,,,,"     ",5.10,1612.73,1.04
1598,539354404,"01598M12:33:07.923","01598 11:45:53",247.11,839.64,,,,"     ",5.10,1586.92,1.02
1598,539354405,"01598M12:33:08.896","01598 11:45:54",247.07,839.80,,,,"     ",5.10,1616.32,1.04
1598,539354406,"01598M12:33:09.869","01598 11:45:55",247.00,839.81,,,,"     ",5.10,1604.03,1.03
1598,539354407,"01598M12:33:10.842","01598 11:45:55",246.93,839.76,,,,"     ",5.10,1613.69,1.04
1598,539354408,"01598M12:33:11.816","01598 11:45:56",246.84,839.73,,,,"     ",5.10,1599.63,1.03
1598,539354409,"01598M12:33:12.789","01598 11:45:57",246.75,839.78,,,,"     ",5.10,1610.24,1.03
1598,539354410,"01598M12:33:13.762","01598 11:45:58",246.67,839.79,,,,"     ",5.10,1614.37,1.04
1598,539354411,"01598M12:33:14.735","01598 11:45:59",246.61,839.73,,,,"     ",5.10,1594.59,1.02
1598,539354412,"01598M12:33:15.709","01598 11:46:00",246.58,839.76,,,,"     ",5.10,1617.94,1.04
1598,539354413,"01598M12:33:16.682","01598 11:46:01",246.59,839.73,,,,"     ",5.10,1600.73,1.02
1598,539354414,"01598M12:33:17.655","01598 11:46:02",246.63,839.67,,,,"     ",5.10,1609.20,1.03
1598,539354415,"01598M12:33:18.629","01598 11:46:03",246.70,839.63,,,,"     ",5.10,1628.81,1.04
1598,539354416,"01598M12:33:19.602","01598 11:46:04",246.81,839.58,,,,"     ",5.10,1610.60,1.03
1598,539354417,"01598M12:33:20.575","01598 11:46:05",246.92,839.59,,,,"     ",5.10,1605.00,1.02
1598,539354418,"01598M12:33:21.548","01598 11:46:06",247.04,839.68,,,,"     ",5.10,1621.79,1.03
1598,539354419,"01598M12:33:22.522","01598 11:46:07",247.16,839.61,,,,"     ",5.10,1615.20,1.03
1598,539354420,"01598M12:33:23.495","01598 11:46:08",247.25,839.49,,,,"     ",5.10,1624.35,1.03
1598,539354421,"01598M12:33:24.468","01598 11:46:09",247.33,839.58,,,,"     ",5.10,1621.96,1.03
1598,539354422,"01598M12:33:25.441","01598 11:46:10",247.39,839.56,,,,"     ",5.10,1633.01,1.04
1598,539354423,"01598M12:33:26.415","01598 11:46:11",247.42,839.55,,,,"     ",5.10,1611.76,1.02
1598,539354424,"01598M12:33:27.388","01598 11:46:12",247.41,839.61,,,,"     ",5.10,1606.37,1.02
1598,539354425,"01598M12:33:28.361","01598 11:46:13",247.39,839.61,,,,"     ",5.10,1636.99,1.04
1598,539354426,"01598M12:33:29.334","01598 11:46:14",247.34,839.57,,,,"     ",5.10,1629.96,1.03
1598,539354427,"01598M12:33:30.308","01598 11:46:15",247.28,839.57,,,,"     ",5.10,1612.50,1.02
1598,539354428,"01598M12:33:31.281","01598 11:46:16",247.21,839.56,,,,"     ",5.10,1627.02,1.03
1598,539354429,"01598M12:33:32.254","01598 11:46:17",247.15,839.61,,,,"     ",5.10,1637.30,1.03
1598,539354430,"01598M12:33:33.227","01598 11:46:18",247.11,839.53,,,,"     ",5.10,1636.93,1.03
1598,539354431,"01598M12:33:34.201","01598 11:46:19",247.08,839.50,,,,"     ",5.10,1631.61,1.03
1598,539354432,"01598M12:33:35.174","01598 11:46:20",247.08,839.50,,,,"     ",5.10,1631.26,1.02
1598,539354433,"01598M12:33:36.147","01598 11:46:21",247.11,839.57,,,,"     ",5.10,1652.55,1.04
1598,539354434,"01598M12:33:37.120","01598 11:46:22",247.14,839.52,,,,"     ",5.10,1636.08,1.03
1598,539354435,"01598M12:33:38.094","01598 11:46:23",247.19,839.59,,,,"     ",5.10,1645.59,1.03
1598,539354436,"01598M12:33:39.067","01598 11:46:24",247.24,839.59,,,,"     ",5.10,1647.05,1.03
1598,539354437,"01598M12:33:40.040","01598 11:46:25",247.30,839.54,,,,"     ",5.10,1628.56,1.02
1598,539354438,"01598M12:33:41.013","01598 11:46:26",247.37,839.54,,,,"     ",5.10,1647.94,1.03
1598,539354439,"01598M12:33:41.987","01598 11:46:27",247.45,839.61,,,,"     ",5.10,1638.56,1.02
1598,539354440,"01598M12:33:42.960","01598 11:46:28",247.53,839.55,,,,"     ",5.10,1639.42,1.02
1598,539354441,"01598M12:33:43.933","01598 11:46:29",247.63,839.44,,,,"     ",5.10,1625.28,1.01
1598,539354442,"01598M12:33:44.906","01598 11:46:30",247.74,839.38,,,,"     ",5.10,1626.81,1.01
1598,539354443,"01598M12:33:45.880","01598 11:46:31",247.85,839.47,,,,"     ",5.10,1646.21,1.02
1598,539354444,"01598M12:33:46.853","01598 11:46:31",247.96,839.60,,,,"     ",5.10,1634.57,1.02
1598,539354445,"01598M12:33:47.826","01598 11:46:32",248.08,839.53,,,,"     ",5.10,1674.76,1.04
1598,539354446,"01598M12:33:48.799","01598 11:46:33",248.20,839.56,,,,"     ",5.10,1625.27,1.01
1598,539354447,"01598M12:33:49.773","01598 11:46:34",248.32,839.50,,,,"     ",5.10,1648.48,1.02
1598,539354448,"01598M12:33:50.746","01598 11:46:35",248.45,839.40,,,,"     ",5.10,1633.73,1.01
1598,539354449,"01598M12:33:51.719","01598 11:46:36",248.57,839.48,,,,"     ",5.10,1642.43,1.02
1598,539354450,"01598M12:33:52.692","01598 11:46:37",248.71,839.55,,,,"     ",5.10,1644.48,1.02
1598,539354451,"01598M12:33:53.666","01598 11:46:38",248.85,839.56,,,,"     ",5.10,1654.51,1.02
1598,539354452,"01598M12:33:54.639","01598 11:46:39",249.00,839.71,,,,"     ",5.10,1646.01,1.02
1598,539354453,"01598M12:33:55.612","01598 11:46:40",249.17,839.56,,,,"     ",5.10,1648.28,1.02
1598,539354454,"01598M12:33:56.585","01598 11:46:41",249.33,839.57,,,,"     ",5.10,1623.37,1.00
1598,539354455,"01598M12:33:57.559","01598 11:46:42",249.50,839.39,,,,"     ",5.10,1645.76,1.02
1598,539354456,"01598M12:33:58.532","01598 11:46:43",249.66,839.51,,,,"     ",5.10,1640.41,1.01
1598,539354457,"01598M12:33:59.505","01598 11:46:44",249.81,839.50,,,,"     ",5.10,1656.34,1.02
1598,539354458,"01598M12:34:00.478","01598 11:46:45",249.94,839.49,,,,"     ",5.10,1645.70,1.01
1598,539354459,"01598M12:34:01.452","01598 11:46:46",250.07,839.52,,,,"     ",5.10,1661.28,1.02
1598,539354460,"01598M12:34:02.425","01598 11:46:47",250.18,839.53,,,,"     ",5.10,1677.93,1.03
1598,539354461,"01598M12:34:03.398","01598 11:46:48",250.27,839.50,,,,"     ",5.10,1642.25,1.01
1598,539354462,"01598M12:34:04.371","01598 11:46:49",250.36,839.39,,,,"     ",5.10,1646.45,1.01
1598,539354463,"01598M12:34:05.345","01598 11:46:50",250.44,839.41,,,,"     ",5.10,1668.46,1.02
1598,539354464,"01598M12:34:06.318","01598 11:46:51",250.51,839.44,,,,"     ",5.10,1642.27,1.01
1598,539354465,"01598M12:34:07.291","01598 11:46:52",250.57,839.42,,,,"     ",5.10,1655.67,1.01
1598,539354466,"01598M12:34:08.264","01598 11:46:53",250.62,839.43,,,,"     ",5.10,1657.08,1.01
1598,539354467,"01598M12:34:09.238","01598 11:46:54",250.66,839.35,,,,"     ",5.10,1650.05,1.01
1598,539354468,"01598M12:34:10.211","01598 11:46:55",251.25,839.41,,,,"     ",5.10,1663.93,1.02
1598,539354469,"01598M12:34:11.184","01598 11:46:56",251.31,839.41,,,,"     ",5.10,1639.70,1.00
1598,539354470,"01598M12:34:12.157","01598 11:46:57",251.36,839.39,,,,"     ",5.10,1658.91,1.01
1598,539354471,"01598M12:34:13.131","01598 11:46:58",251.42,839.46,,,,"     ",5.10,1654.12,1.01
1598,539354472,"01598M12:34:14.104","01598 11:46:59",251.47,839.43,,,,"     ",5.10,1655.79,1.01
1598,539354473,"01598M12:34:15.077","01598 11:47:00",251.51,839.46,,,,"     ",5.10,1645.01,1.00
1598,539354474,"01598M12:34:16.050","01598 11:47:01",251.55,839.49,,,,"     ",5.10,1673.32,1.02
1598,539354475,"01598M12:34:17.024","01598 11:47:02",251.58,839.52,,,,"     ",5.10,1645.80,1.00
1598,539354476,"01598M12:34:17.997","01598 11:47:03",251.60,839.52,,,,"     ",5.10,1662.04,1.01
1598,539354477,"01598M12:34:18.970","01598 11:47:04",251.62,839.48,,,,"     ",5.10,1656.44,1.01
1598,539354478,"01598M12:34:19.943","01598 11:47:05",251.63,839.45,,,,"     ",5.10,1653.66,1.00
1598,539354479,"01598M12:34:20.917","01598 11:47:06",251.64,839.50,,,,"     ",5.10,1689.09,1.03
1598,539354480,"01598M12:34:21.890","01598 11:47:07",251.65,839.55,,,,"     ",5.10,1630.33,0.99
1598,539354481,"01598M12:34:22.863","01598 11:47:07",251.66,839.41,,,,"     ",5.10,1673.20,1.01
1598,539354482,"01598M12:34:23.836","01598 11:47:08",251.68,839.42,,,,"     ",5.10,1682.75,1.02
1598,539354483,"01598M12:34:24.810","01598 11:47:09",251.70,839.47,,,,"     ",5.10,1663.29,1.01
1598,539354484,"01598M12:34:25.783","01598 11:47:10",251.73,839.40,,,,"     ",5.10,1689.59,1.02
1598,539354485,"01598M12:34:26.756","01598 11:47:11",251.76,839.39,,,,"     ",5.10,1673.00,1.01
1598,539354486,"01598M12:34:27.730","01598 11:47:12",251.80,839.42,,,,"     ",5.10,1681.36,1.02
1598,539354487,"01598M12:34:28.703","01598 11:47:13",251.84,839.41,,,,"     ",5.10,1658.38,1.00
1598,539354488,"01598M12:34:29.676","01598 11:47:14",251.89,839.39,,,,"     ",5.10,1648.79,0.99
1598,539354489,"01598M12:34:30.649","01598 11:47:15",251.94,839.39,,,,"     ",5.10,1680.36,1.01
1598,539354490,"01598M12:34:31.623","01598 11:47:16",252.00,839.41,,,,"     ",5.10,1660.18,1.00
1598,539354491,"01598M12:34:32.596","01598 11:47:17",252.05,839.30,,,,"     ",5.10,1646.98,0.99
1598,539354492,"01598M12:34:33.569","01598 11:47:18",252.11,839.34,,,,"     ",5.10,1686.70,1.02
1598,539354493,"01598M12:34:34.542","01598 11:47:19",252.16,839.32,,,,"     ",5.10,1675.05,1.01
1598,539354494,"01598M12:34:35.516","01598 11:47:20",252.20,839.35,,,,"     ",5.10,1652.28,0.99
1598,539354495,"01598M12:34:36.489","01598 11:47:21",252.23,839.41,,,,"     ",5.10,1677.80,1.01
1598,539354496,"01598M12:34:37.462","01598 11:47:22",252.26,839.38,,,,"     ",5.10,1668.46,1.00
1598,539354497,"01598M12:34:38.435","01598 11:47:23",252.27,839.40,,,,"     ",5.10,1659.07,1.00
1598,539354498,"01598M12:34:39.409","01598 11:47:24",252.29,839.51,,,,"     ",5.10,1664.86,1.00
1598,539354499,"01598M12:34:40.382","01598 11:47:25",252.29,839.49,,,,"     ",5.10,1698.97,1.02
1598,539354500,"01598M12:34:41.355","01598 11:47:26",252.29,839.55,,,,"     ",5.10,1651.02,0.99
1598,539354501,"01598M12:34:42.328","01598 11:47:27",252.28,839.58,,,,"     ",5.10,1678.14,1.01
1598,539354502,"01598M12:34:43.302","01598 11:47:28",252.26,839.47,,,,"     ",5.10,1681.55,1.01
1598,539354503,"01598M12:34:44.275","01598 11:47:29",252.23,839.53,,,,"     ",5.10,1694.70,1.02
1598,539354504,"01598M12:34:45.248","01598 11:47:30",252.21,839.44,,,,"     ",5.10,1664.15,1.00
1598,539354505,"01598M12:34:46.221","01598 11:47:31",252.18,839.37,,,,"     ",5.10,1659.68,0.99
1598,539354506,"01598M12:34:47.195","01598 11:47:32",252.16,839.43,,,,"     ",5.10,1654.09,0.99
1598,539354507,"01598M12:34:48.168","01598 11:47:33",252.14,839.43,,,,"     ",5.10,1667.53,1.00
1598,539354508,"01598M12:34:49.141","01598 11:47:34",252.11,839.42,,,,"     ",5.10,1701.89,1.02
1598,539354509,"01598M12:34:50.114","01598 11:47:35",252.07,839.52,,,,"     ",5.10,1670.10,1.00
1598,539354510,"01598M12:34:51.088","01598 11:47:36",252.03,839.35,,,,"     ",5.10,1693.24,1.01
1598,539354511,"01598M12:34:52.061","01598 11:47:37",251.99,839.47,,,,"     ",5.10,1677.42,1.00
1598,539354512,"01598M12:34:53.034","01598 11:47:38",251.95,839.41,,,,"     ",5.10,1669.97,1.00
1598,539354513,"01598M12:34:54.007","01598 11:47:39",251.91,839.46,,,,"     ",5.10,1668.19,0.99
1598,539354514,"01598M12:34:54.981","01598 11:47:40",251.88,839.43,,,,"     ",5.10,1686.31,1.01
1598,539354515,"01598M12:34:55.954","01598 11:47:41",251.86,839.54,,,,"     ",5.10,1681.18,1.00
1598,539354516,"01598M12:34:56.927","01598 11:47:42",251.83,839.48,,,,"     ",5.10,1693.37,1.01
1598,539354517,"01598M12:34:57.900","01598 11:47:43",251.81,839.60,,,,"     ",5.10,1674.25,1.00
1598,539354518,"01598M12:34:58.874","01598 11:47:43",251.77,839.48,,,,"     ",5.10,1679.80,1.00
1598,539354519,"01598M12:34:59.847","01598 11:47:44",251.73,839.39,,,,"     ",5.10,1704.63,1.01
1598,539354520,"01598M12:35:00.820","01598 11:47:45",251.69,839.41,,,,"     ",5.10,1693.72,1.01
1598,539354521,"01598M12:35:01.793","01598 11:47:46",251.65,839.41,,,,"     ",5.10,1697.62,1.01
1598,539354522,"01598M12:35:02.767","01598 11:47:47",251.62,839.39,,,,"     ",5.10,1676.51,1.00
1598,539354523,"01598M12:35:03.740","01598 11:47:48",251.59,839.35,,,,"     ",5.10,1692.41,1.01
1598,539354524,"01598M12:35:04.713","01598 11:47:49",251.55,839.32,,,,"     ",5.10,1687.49,1.00
1598,539354525,"01598M12:35:05.686","01598 11:47:50",251.52,839.38,,,,"     ",5.10,1689.24,1.00
1598,539354526,"01598M12:35:06.660","01598 11:47:51",251.47,839.42,,,,"     ",5.10,1689.97,1.00
1598,539354527,"01598M12:35:07.633","01598 11:47:52",251.42,839.47,,,,"     ",5.10,1692.67,1.00
1598,539354528,"01598M12:35:08.606","01598 11:47:53",251.36,839.47,,,,"     ",5.10,1684.97,1.00
1598,539354529,"01598M12:35:09.579","01598 11:47:54",251.30,839.41,,,,"     ",5.10,1683.38,1.00
1598,539354530,"01598M12:35:10.553","01598 11:47:55",251.25,839.47,,,,"     ",5.10,1701.97,1.01
1598,539354531,"01598M12:35:11.526","01598 11:47:56",251.20,839.40,,,,"     ",5.10,1709.89,1.01
1598,539354532,"01598M12:35:12.499","01598 11:47:57",251.17,839.37,,,,"     ",5.10,1688.45,1.00
1598,539354533,"01598M12:35:13.472","01598 11:47:58",251.13,839.39,,,,"     ",5.10,1686.60,1.00
1598,539354534,"01598M12:35:14.446","01598 11:47:59",251.11,839.39,,,,"     ",5.10,1691.38,1.00
1598,539354535,"01598M12:35:15.419","01598 11:48:00",251.08,839.33,,,,"     ",5.10,1700.52,1.01
1598,539354536,"01598M12:35:16.392","01598 11:48:01",251.04,839.35,,,,"     ",5.10,1694.83,1.00
1598,539354537,"01598M12:35:17.365","01598 11:48:02",250.98,839.36,,,,"     ",5.10,1717.91,1.02
1598,539354538,"01598M12:35:18.339","01598 11:48:03",250.90,839.26,,,,"     ",5.10,1699.37,1.00
1598,539354539,"01598M12:35:19.312","01598 11:48:04",250.81,839.23,,,,"     ",5.10,1683.01,0.99
1598,539354540,"01598M12:35:20.285","01598 11:48:05",250.70,839.24,,,,"     ",5.10,1698.99,1.00
1598,539354541,"01598M12:35:21.258","01598 11:48:06",250.59,839.29,,,,"     ",5.10,1698.04,1.00
1598,539354542,"01598M12:35:22.232","01598 11:48:07",250.46,839.19,,,,"     ",5.10,1700.12,1.00
1598,539354543,"01598M12:35:23.205","01598 11:48:08",250.33,839.28,,,,"     ",5.10,1705.41,1.01
1598,539354544,"01598M12:35:24.178","01598 11:48:09",249.17,839.31,,,,"     ",5.10,1683.73,0.99
1598,539354545,"01598M12:35:25.151","01598 11:48:10",249.03,839.26,,,,"     ",5.10,1684.64,0.99
1598,539354546,"01598M12:35:26.125","01598 11:48:11",248.90,839.32,,,,"     ",5.10,1687.85,0.99
1598,539354547,"01598M12:35:27.098","01598 11:48:12",248.77,839.33,,,,"     ",5.10,1694.14,1.00
1598,539354548,"01598M12:35:28.071","01598 11:48:13",248.64,839.31,,,,"     ",5.10,1725.45,1.02
1598,539354549,"01598M12:35:29.044","01598 11:48:14",248.52,839.26,,,,"     ",5.10,1684.80,0.99
1598,539354550,"01598M12:35:30.018","01598 11:48:15",248.40,839.30,,,,"     ",5.10,1696.48,1.00
1598,539354551,"01598M12:35:30.991","01598 11:48:16",248.29,839.32,,,,"     ",5.10,1692.37,0.99
1598,539354552,"01598M12:35:31.964","01598 11:48:17",248.18,839.27,,,,"     ",5.10,1709.95,1.01
1598,539354553,"01598M12:35:32.937","01598 11:48:18",248.07,839.31,,,,"     ",5.10,1706.86,1.00
1598,539354554,"01598M12:35:33.911","01598 11:48:19",247.97,839.26,,,,"     ",5.10,1704.08,1.00
1598,539354555,"01598M12:35:34.884","01598 11:48:19",247.87,839.11,,,,"     ",5.10,1686.49,0.99
1598,539354556,"01598M12:35:35.857","01598 11:48:20",247.77,839.17,,,,"     ",5.10,1710.88,1.00
1598,539354557,"01598M12:35:36.831","01598 11:48:21",247.67,839.22,,,,"     ",5.10,1697.96,1.00
1598,539354558,"01598M12:35:37.804","01598 11:48:22",247.58,839.24,,,,"     ",5.10,1706.40,1.00
1598,539354559,"01598M12:35:38.777","01598 11:48:23",247.50,839.15,,,,"     ",5.10,1702.94,1.00
1598,539354560,"01598M12:35:39.750","01598 11:48:24",247.30,839.16,,,,"     ",5.10,1688.51,0.99
1598,539354561,"01598M12:35:40.724","01598 11:48:25",247.16,839.13,,,,"     ",5.10,1704.23,1.00
1598,539354562,"01598M12:35:41.697","01598 11:48:26",247.02,839.18,,,,"     ",5.10,1704.74,1.00
1598,539354563,"01598M12:35:42.670","01598 11:48:27",246.89,839.18,,,,"     ",5.10,1704.74,1.00
1598,539354564,"01598M12:35:43.643","01598 11:48:28",246.76,839.11,,,,"     ",5.10,1706.31,1.00
1598,539354565,"01598M12:35:44.617","01598 11:48:29",246.62,839.07,,,,"     ",5.10,1707.67,1.00
1598,539354566,"01598M12:35:45.590","01598 11:48:30",246.50,839.12,,,,"     ",5.10,1689.83,0.99
1598,539354567,"01598M12:35:46.563","01598 11:48:31",246.37,839.13,,,,"     ",5.10,1691.10,0.99
1598,539354568,"01598M12:35:47.536","01598 11:48:32",246.25,839.09,,,,"     ",5.10,1700.26,1.00
1598,539354569,"01598M12:35:48.510","01598 11:48:33",246.13,839.14,,,,"     ",5.10,1702.94,1.00
1598,539354570,"01598M12:35:49.483","01598 11:48:34",246.01,839.17,,,,"     ",5.10,1704.19,1.00
1598,539354571,"01598M12:35:50.456","01598 11:48:35",245.89,839.13,,,,"     ",5.10,1693.67,0.99
1598,539354572,"01598M12:35:51.429","01598 11:48:36",245.77,839.19,,,,"     ",5.10,1701.44,0.99
1598,539354573,"01598M12:35:52.403","01598 11:48:37",245.66,839.12,,,,"     ",5.10,1703.92,1.00
1598,539354574,"01598M12:35:53.376","01598 11:48:38",245.55,839.08,,,,"     ",5.10,1725.76,1.01
1598,539354575,"01598M12:35:54.349","01598 11:48:39",245.45,839.16,,,,"     ",5.10,1713.36,1.00
1598,539354576,"01598M12:35:55.322","01598 11:48:40",245.34,839.07,,,,"     ",5.10,1683.67,0.98
1598,539354577,"01598M12:35:56.296","01598 11:48:41",245.22,839.00,,,,"     ",5.10,1682.61,0.98
1598,539354578,"01598M12:35:57.269","01598 11:48:42",245.09,839.01,,,,"     ",5.10,1709.44,1.00
1598,539354579,"01598M12:35:58.242","01598 11:48:43",244.97,838.97,,,,"     ",5.10,1694.70,0.99
1598,539354580,"01598M12:35:59.215","01598 11:48:44",244.84,838.98,,,,"     ",5.10,1680.08,0.98
1598,539354581,"01598M12:36:00.189","01598 11:48:45",244.71,839.03,,,,"     ",5.10,1726.96,1.01
1598,539354582,"01598M12:36:01.162","01598 11:48:46",244.59,838.98,,,,"     ",5.10,1686.62,0.99
1598,539354583,"01598M12:36:02.135","01598 11:48:47",244.48,838.92,,,,"     ",5.10,1704.19,1.00
1598,539354584,"01598M12:36:03.108","01598 11:48:48",244.37,838.91,,,,"     ",5.10,1704.25,1.00
1598,539354585,"01598M12:36:04.082","01598 11:48:49",244.28,838.99,,,,"     ",5.10,1700.81,0.99
1598,539354586,"01598M12:36:05.055","01598 11:48:50",244.19,838.93,,,,"     ",5.10,1667.44,0.97
1598,539354587,"01598M12:36:06.028","01598 11:48:51",244.12,838.99,,,,"     ",5.10,1704.16,1.00
1598,539354588,"01598M12:36:07.001","01598 11:48:52",244.05,839.02,,,,"     ",5.10,1679.93,0.98
1598,539354589,"01598M12:36:07.975","01598 11:48:53",243.99,839.03,,,,"     ",5.10,1691.81,0.99
1598,539354590,"01598M12:36:08.948","01598 11:48:54",243.93,839.12,,,,"     ",5.10,1676.65,0.98
1598,539354591,"01598M12:36:09.921","01598 11:48:55",243.87,839.14,,,,"     ",5.10,1700.37,0.99
1598,539354592,"01598M12:36:10.894","01598 11:48:56",243.79,839.15,,,,"     ",5.10,1707.60,1.00
1598,539354593,"01598M12:36:11.868","01598 11:48:56",243.70,839.07,,,,"     ",5.10,1710.44,1.00
1598,539354594,"01598M12:36:12.841","01598 11:48:57",243.60,838.92,,,,"     ",5.10,1726.95,1.01
1598,539354595,"01598M12:36:13.814","01598 11:48:58",243.50,838.96,,,,"     ",5.10,1701.19,0.99
1598,539354596,"01598M12:36:14.787","01598 11:48:59",243.39,839.05,,,,"     ",5.10,1689.64,0.99
1598,539354597,"01598M12:36:15.761","01598 11:49:00",243.29,839.04,,,,"     ",5.10,1691.10,0.99
1598,539354598,"01598M12:36:16.734","01598 11:49:01",243.19,839.12,,,,"     ",5.10,1709.97,1.00
1598,539354599,"01598M12:36:17.707","01598 11:49:02",243.11,839.07,,,,"     ",5.10,1713.01,1.00
1598,539354600,"01598M12:36:18.680","01598 11:49:03",243.02,839.07,,,,"     ",5.10,1711.74,1.00
1598,539354601,"01598M12:36:19.654","01598 11:49:04",242.95,839.12,,,,"     ",5.10,1703.69,0.99
1598,539354602,"01598M12:36:20.627","01598 11:49:05",242.89,839.01,,,,"     ",5.10,1704.12,0.99
1598,539354603,"01598M12:36:21.600","01598 11:49:06",242.83,839.08,,,,"     ",5.10,1689.28,0.99
1598,539354604,"01598M12:36:22.573","01598 11:49:07",242.80,839.05,,,,"     ",5.10,1697.48,0.99
1598,539354605,"01598M12:36:23.547","01598 11:49:08",242.79,839.01,,,,"     ",5.10,1702.77,0.99
1598,539354606,"01598M12:36:24.520","01598 11:49:09",242.80,839.09,,,,"     ",5.10,1687.53,0.98
1598,539354607,"01598M12:36:25.493","01598 11:49:10",242.85,839.05,,,,"     ",5.10,1686.76,0.98
1598,539354608,"01598M12:36:26.466","01598 11:49:11",242.91,839.01,,,,"     ",5.10,1696.18,0.99
1598,539354609,"01598M12:36:27.440","01598 11:49:12",242.98,839.02,,,,"     ",5.10,1703.60,0.99
1598,539354610,"01598M12:36:28.413","01598 11:49:13",243.06,839.00,,,,"     ",5.10,1706.59,1.00
1598,539354611,"01598M12:36:29.386","01598 11:49:14",243.14,839.02,,,,"     ",5.10,1723.35,1.01
1598,539354612,"01598M12:36:30.359","01598 11:49:15",243.23,838.94,,,,"     ",5.10,1717.53,1.00
1598,539354613,"01598M12:36:31.333","01598 11:49:16",243.32,838.99,,,,"     ",5.10,1701.70,0.99
1598,539354614,"01598M12:36:32.306","01598 11:49:17",243.39,838.93,,,,"     ",5.10,1705.82,0.99
1598,539354615,"01598M12:36:33.279","01598 11:49:18",243.46,838.88,,,,"     ",5.10,1713.20,1.00
1598,539354616,"01598M12:36:34.252","01598 11:49:19",243.50,838.95,,,,"     ",5.10,1693.05,0.99
1598,539354617,"01598M12:36:35.226","01598 11:49:20",243.51,838.86,,,,"     ",5.10,1691.02,0.99
1598,539354618,"01598M12:36:36.199","01598 11:49:21",243.48,838.89,,,,"     ",5.10,1696.27,0.99
1598,539354619,"01598M12:36:37.172","01598 11:49:22",243.43,838.92,,,,"     ",5.10,1698.51,0.99
1598,539354620,"01598M12:36:38.145","01598 11:49:23",243.35,839.00,,,,"     ",5.10,1708.73,1.00
1598,539354621,"01598M12:36:39.119","01598 11:49:24",243.24,839.01,,,,"     ",5.10,1710.31,1.00
1598,539354622,"01598M12:36:40.092","01598 11:49:25",243.12,839.09,,,,"     ",5.10,1687.55,0.98
1598,539354623,"01598M12:36:41.065","01598 11:49:26",242.99,839.13,,,,"     ",5.10,1713.56,1.00
1598,539354624,"01598M12:36:42.038","01598 11:49:27",242.86,839.07,,,,"     ",5.10,1711.14,1.00
1598,539354625,"01598M12:36:43.012","01598 11:49:28",242.73,839.01,,,,"     ",5.10,1693.63,0.99
1598,539354626,"01598M12:36:43.985","01598 11:49:29",242.59,839.00,,,,"     ",5.10,1696.84,0.99
1598,539354627,"01598M12:36:44.958","01598 11:49:30",242.46,839.03,,,,"     ",5.10,1709.24,0.99
1598,539354628,"01598M12:36:45.932","01598 11:49:31",242.32,839.03,,,,"     ",5.10,1679.92,0.98
1598,539354629,"01598M12:36:46.905","01598 11:49:32",242.20,838.95,,,,"     ",5.10,1728.68,1.01
1598,539354630,"01598M12:36:47.878","01598 11:49:32",242.10,839.03,,,,"     ",5.10,1710.00,0.99
1598,539354631,"01598M12:36:48.851","01598 11:49:33",242.03,838.90,,,,"     ",5.10,1704.88,0.99
1598,539354632,"01598M12:36:49.825","01598 11:49:34",241.99,838.88,,,,"     ",5.10,1699.45,0.99
1598,539354633,"01598M12:36:50.798","01598 11:49:35",241.97,838.97,,,,"     ",5.10,1702.71,0.99
1598,539354634,"01598M12:36:51.771","01598 11:49:36",241.95,838.98,,,,"     ",5.10,1699.26,0.99
1598,539354635,"01598M12:36:52.744","01598 11:49:37",241.94,839.02,,,,"     ",5.10,1673.26,0.97
1598,539354636,"01598M12:36:53.718","01598 11:49:38",241.93,838.94,,,,"     ",5.10,1694.02,0.98
1598,539354637,"01598M12:36:54.691","01598 11:49:39",241.91,838.83,,,,"     ",5.10,1713.86,1.00
1598,539354638,"01598M12:36:55.664","01598 11:49:40",241.89,838.98,,,,"     ",5.10,1701.31,0.99
1598,539354639,"01598M12:36:56.637","01598 11:49:41",241.86,838.95,,,,"     ",5.10,1707.47,0.99
1598,539354640,"01598M12:36:57.611","01598 11:49:42",241.82,838.88,,,,"     ",5.10,1719.69,1.00
1598,539354641,"01598M12:36:58.584","01598 11:49:43",241.78,838.98,,,,"     ",5.10,1725.42,1.00
1598,539354642,"01598M12:36:59.557","01598 11:49:44",241.72,838.95,,,,"     ",5.10,1707.46,0.99
1598,539354643,"01598M12:37:00.530","01598 11:49:45",241.65,838.98,,,,"     ",5.10,1719.12,1.00
1598,539354644,"01598M12:37:01.504","01598 11:49:46",241.59,838.91,,,,"     ",5.10,1705.71,0.99
1598,539354645,"01598M12:37:02.477","01598 11:49:47",241.52,839.03,,,,"     ",5.10,1715.14,1.00
1598,539354646,"01598M12:37:03.450","01598 11:49:48",241.46,839.04,,,,"     ",5.10,1673.41,0.97
1598,539354647,"01598M12:37:04.423","01598 11:49:49",241.43,838.92,,,,"     ",5.10,1687.91,0.98
1598,539354648,"01598M12:37:05.397","01598 11:49:50",241.42,838.82,,,,"     ",5.10,1709.38,0.99
1598,539354649,"01598M12:37:06.370","01598 11:49:51",241.46,838.86,,,,"     ",5.10,1701.70,0.99
1598,539354650,"01598M12:37:07.343","01598 11:49:52",241.51,838.82,,,,"     ",5.10,1709.58,0.99
1598,539354651,"01598M12:37:08.316","01598 11:49:53",241.58,838.82,,,,"     ",5.10,1711.91,0.99
1598,539354652,"01598M12:37:09.290","01598 11:49:54",241.66,838.87,,,,"     ",5.10,1703.69,0.99
1598,539354653,"01598M12:37:10.263","01598 11:49:55",241.73,838.94,,,,"     ",5.10,1688.99,0.98
1598,539354654,"01598M12:37:11.236","01598 11:49:56",241.80,838.96,,,,"     ",5.10,1702.84,0.99
1598,539354655,"01598M12:37:12.209","01598 11:49:57",241.85,838.88,,,,"     ",5.10,1698.56,0.99
1598,539354656,"01598M12:37:13.183","01598 11:49:58",241.88,838.92,,,,"     ",5.10,1714.55,1.00
1598,539354657,"01598M12:37:14.156","01598 11:49:59",241.89,838.91,,,,"     ",5.10,1696.00,0.98
1598,539354658,"01598M12:37:15.129","01598 11:50:00",241.87,838.87,,,,"     ",5.10,1698.37,0.99
1598,539354659,"01598M12:37:16.102","01598 11:50:01",241.83,838.86,,,,"     ",5.10,1695.49,0.98
1598,539354660,"01598M12:37:17.076","01598 11:50:02",241.79,838.89,,,,"     ",5.10,1738.62,1.01
1598,539354661,"01598M12:37:18.049","01598 11:50:03",241.75,838.91,,,,"     ",5.10,1705.14,0.99
1598,539354662,"01598M12:37:19.022","01598 11:50:04",241.71,838.85,,,,"     ",5.10,1692.70,0.98
1598,539354663,"01598M12:37:19.995","01598 11:50:05",241.69,838.91,,,,"     ",5.10,1704.38,0.99
1598,539354664,"01598M12:37:20.969","01598 11:50:06",241.69,838.87,,,,"     ",5.10,1701.04,0.99
1598,539354665,"01598M12:37:21.942","01598 11:50:07",241.71,838.89,,,,"     ",5.10,1707.41,0.99
1598,539354666,"01598M12:37:22.915","01598 11:50:08",241.75,838.94,,,,"     ",5.10,1715.08,0.99
1598,539354667,"01598M12:37:23.888","01598 11:50:08",241.81,838.93,,,,"     ",5.10,1707.40,0.99
1598,539354668,"01598M12:37:24.862","01598 11:50:09",241.88,838.88,,,,"     ",5.10,1690.00,0.98
1598,539354669,"01598M12:37:25.835","01598 11:50:10",241.95,838.86,,,,"     ",5.10,1704.06,0.99
1598,539354670,"01598M12:37:26.808","01598 11:50:11",242.00,838.84,,,,"     ",5.10,1710.80,0.99
1598,539354671,"01598M12:37:27.781","01598 11:50:12",242.04,838.94,,,,"     ",5.10,1695.73,0.98
1598,539354672,"01598M12:37:28.755","01598 11:50:13",242.05,838.85,,,,"     ",5.10,1723.12,1.00
1598,539354673,"01598M12:37:29.728","01598 11:50:14",242.04,838.91,,,,"     ",5.10,1734.76,1.01
1598,539354674,"01598M12:37:30.701","01598 11:50:15",242.01,838.78,,,,"     ",5.10,1706.44,0.99
1598,539354675,"01598M12:37:31.674","01598 11:50:16",241.95,838.81,,,,"     ",5.10,1720.87,1.00
1598,539354676,"01598M12:37:32.648","01598 11:50:17",241.86,838.74,,,,"     ",5.10,1707.22,0.99
1598,539354677,"01598M12:37:33.621","01598 11:50:18",241.75,838.78,,,,"     ",5.10,1722.63,1.00
1598,539354678,"01598M12:37:34.594","01598 11:50:19",241.64,838.83,,,,"     ",5.10,1694.66,0.98
1598,539354679,"01598M12:37:35.567","01598 11:50:20",241.52,838.76,,,,"     ",5.10,1702.01,0.98
1598,539354680,"01598M12:37:36.541","01598 11:50:21",241.42,838.80,,,,"     ",5.10,1700.07,0.98
1598,539354681,"01598M12:37:37.514","01598 11:50:22",241.32,838.81,,,,"     ",5.10,1718.44,0.99
1598,539354682,"01598M12:37:38.487","01598 11:50:23",241.23,838.69,,,,"     ",5.10,1694.71,0.98
1598,539354683,"01598M12:37:39.460","01598 11:50:24",241.15,838.71,,,,"     ",5.10,1705.84,0.99
1598,539354684,"01598M12:37:40.434","01598 11:50:25",241.08,838.64,,,,"     ",5.10,1705.45,0.99
1598,539354685,"01598M12:37:41.407","01598 11:50:26",241.01,838.67,,,,"     ",5.10,1712.49,0.99
1598,539354686,"01598M12:37:42.380","01598 11:50:27",240.94,838.73,,,,"     ",5.10,1736.14,1.00
1598,539354687,"01598M12:37:43.353","01598 11:50:28",240.87,838.65,,,,"     ",5.10,1717.29,0.99
1598,539354688,"01598M12:37:44.327","01598 11:50:29",240.81,838.69,,,,"     ",5.10,1710.41,0.99
1598,539354689,"01598M12:37:45.300","01598 11:50:30",240.75,838.68,,,,"     ",5.10,1695.31,0.98
1598,539354690,"01598M12:37:46.273","01598 11:50:31",240.68,838.69,,,,"     ",5.10,1720.04,0.99
1598,539354691,"01598M12:37:47.246","01598 11:50:32",240.62,838.65,,,,"     ",5.10,1698.65,0.98
1598,539354692,"01598M12:37:48.220","01598 11:50:33",240.57,838.67,,,,"     ",5.10,1709.32,0.99
1598,539354693,"01598M12:37:49.193","01598 11:50:34",240.51,838.59,,,,"     ",5.10,1710.72,0.99
1598,539354694,"01598M12:37:50.166","01598 11:50:35",240.46,838.70,,,,"     ",5.10,1690.51,0.98
1598,539354695,"01598M12:37:51.139","01598 11:50:36",240.41,838.66,,,,"     ",5.10,1696.41,0.98
1598,539354696,"01598M12:37:52.113","01598 11:50:37",240.36,838.64,,,,"     ",5.10,1708.01,0.99
1598,539354697,"01598M12:37:53.086","01598 11:50:38",240.32,838.69,,,,"     ",5.10,1713.86,0.99
1598,539354698,"01598M12:37:54.059","01598 11:50:39",240.28,838.69,,,,"     ",5.10,1714.77,0.99
1598,539354699,"01598M12:37:55.033","01598 11:50:40",240.24,838.57,,,,"     ",5.10,1706.69,0.98
1598,539354700,"01598M12:37:56.006","01598 11:50:41",240.21,838.65,,,,"     ",5.10,1713.72,0.99
1598,539354701,"01598M12:37:56.979","01598 11:50:42",240.19,838.65,,,,"     ",5.10,1693.99,0.98
1598,539354702,"01598M12:37:57.952","01598 11:50:43",240.18,838.66,,,,"     ",5.10,1676.60,0.97
1598,539354703,"01598M12:37:58.926","01598 11:50:44",240.19,838.68,,,,"     ",5.10,1698.07,0.98
1598,539354704,"01598M12:37:59.899","01598 11:50:44",240.23,838.50,,,,"     ",5.10,1710.23,0.99
1598,539354705,"01598M12:38:00.872","01598 11:50:45",240.28,838.48,,,,"     ",5.10,1704.72,0.98
1598,539354706,"01598M12:38:01.845","01598 11:50:46",240.34,838.50,,,,"     ",5.10,1712.21,0.99
1598,539354707,"01598M12:38:02.819","01598 11:50:47",240.42,838.52,,,,"     ",5.10,1705.53,0.98
1598,539354708,"01598M12:38:03.792","01598 11:50:48",240.50,838.55,,,,"     ",5.10,1686.92,0.97
1598,539354709,"01598M12:38:04.765","01598 11:50:49",240.60,838.45,,,,"     ",5.10,1717.90,0.99
1598,539354710,"01598M12:38:05.738","01598 11:50:50",240.69,838.39,,,,"     ",5.10,1697.22,0.98
1598,539354711,"01598M12:38:06.712","01598 11:50:51",240.78,838.43,,,,"     ",5.10,1700.41,0.98
1598,539354712,"01598M12:38:07.685","01598 11:50:52",240.87,838.51,,,,"     ",5.10,1711.27,0.99
1598,539354713,"01598M12:38:08.658","01598 11:50:53",240.97,838.50,,,,"     ",5.10,1724.94,0.99
1598,539354714,"01598M12:38:09.631","01598 11:50:54",241.06,838.54,,,,"     ",5.10,1716.87,0.99
1598,539354715,"01598M12:38:10.605","01598 11:50:55",241.17,838.59,,,,"     ",5.10,1731.25,1.00
1598,539354716,"01598M12:38:11.578","01598 11:50:56",241.27,838.57,,,,"     ",5.10,1703.26,0.98
1598,539354717,"01598M12:38:12.551","01598 11:50:57",241.39,838.59,,,,"     ",5.10,1699.71,0.98
1598,539354718,"01598M12:38:13.524","01598 11:50:58",241.50,838.63,,,,"     ",5.10,1720.76,0.99
1598,539354719,"01598M12:38:14.498","01598 11:50:59",241.62,838.60,,,,"     ",5.10,1733.30,1.00
1598,539354720,"01598M12:38:15.471","01598 11:51:00",241.73,838.64,,,,"     ",5.10,1727.25,1.00
1598,539354721,"01598M12:38:16.444","01598 11:51:01",241.84,838.65,,,,"     ",5.10,1672.74,0.96
1598,539354722,"01598M12:38:17.417","01598 11:51:02",241.96,838.65,,,,"     ",5.10,1717.67,0.99
1598,539354723,"01598M12:38:18.391","01598 11:51:03",242.09,838.63,,,,"     ",5.10,1707.33,0.98
1598,539354724,"01598M12:38:19.364","01598 11:51:04",242.24,838.64,,,,"     ",5.10,1686.36,0.97
1598,539354725,"01598M12:38:20.337","01598 11:51:05",242.38,838.63,,,,"     ",5.10,1713.18,0.99
1598,539354726,"01598M12:38:21.310","01598 11:51:06",242.53,838.60,,,,"     ",5.10,1727.90,1.00
1598,539354727,"01598M12:38:22.284","01598 11:51:07",242.67,838.53,,,,"     ",5.10,1709.56,0.98
1598,539354728,"01598M12:38:23.257","01598 11:51:08",242.81,838.47,,,,"     ",5.10,1708.24,0.98
1598,539354729,"01598M12:38:24.230","01598 11:51:09",242.94,838.54,,,,"     ",5.10,1716.39,0.99
1598,539354730,"01598M12:38:25.203","01598 11:51:10",243.07,838.57,,,,"     ",5.10,1716.38,0.99
1598,539354731,"01598M12:38:26.177","01598 11:51:11",243.19,838.59,,,,"     ",5.10,1706.09,0.98
1598,539354732,"01598M12:38:27.150","01598 11:51:12",243.32,838.56,,,,"     ",5.10,1714.74,0.99
1598,539354733,"01598M12:38:28.123","01598 11:51:13",243.46,838.55,,,,"     ",5.10,1704.73,0.98
1598,539354734,"01598M12:38:29.096","01598 11:51:14",243.61,838.57,,,,"     ",5.10,1709.45,0.98
1598,539354735,"01598M12:38:30.070","01598 11:51:15",243.75,838.55,,,,"     ",5.10,1727.72,0.99
1598,539354736,"01598M12:38:31.043","01598 11:51:16",243.89,838.50,,,,"     ",5.10,1726.01,0.99
1598,539354737,"01598M12:38:32.016","01598 11:51:17",244.02,838.50,,,,"     ",5.10,1709.59,0.98
1598,539354738,"01598M12:38:32.989","01598 11:51:18",244.15,838.39,,,,"     ",5.10,1746.89,1.00
1598,539354739,"01598M12:38:33.963","01598 11:51:19",244.28,838.50,,,,"     ",5.10,1724.87,0.99
1598,539354740,"01598M12:38:34.936","01598 11:51:20",244.42,838.49,,,,"     ",5.10,1687.19,0.97
1598,539354741,"01598M12:38:35.909","01598 11:51:20",244.56,838.48,,,,"     ",5.10,1707.83,0.98
1598,539354742,"01598M12:38:36.882","01598 11:51:21",244.72,838.47,,,,"     ",5.10,1705.12,0.98
1598,539354743,"01598M12:38:37.856","01598 11:51:22",244.88,838.56,,,,"     ",5.10,1719.56,0.99
1598,539354744,"01598M12:38:38.829","01598 11:51:23",245.05,838.48,,,,"     ",5.10,1708.44,0.98
1598,539354745,"01598M12:38:39.802","01598 11:51:24",245.21,838.50,,,,"     ",5.10,1715.86,0.98
1598,539354746,"01598M12:38:40.775","01598 11:51:25",245.35,838.43,,,,"     ",5.10,1727.25,0.99
1598,539354747,"01598M12:38:41.749","01598 11:51:26",245.47,838.47,,,,"     ",5.10,1719.93,0.99
1598,539354748,"01598M12:38:42.722","01598 11:51:27",245.57,838.38,,,,"     ",5.10,1718.34,0.98
1598,539354749,"01598M12:38:43.695","01598 11:51:28",245.64,838.43,,,,"     ",5.10,1713.49,0.98
1598,539354750,"01598M12:38:44.668","01598 11:51:29",245.71,838.40,,,,"     ",5.10,1716.71,0.98
1598,539354751,"01598M12:38:45.642","01598 11:51:30",245.76,838.48,,,,"     ",5.10,1732.43,0.99
1598,539354752,"01598M12:38:46.615","01598 11:51:31",245.82,838.51,,,,"     ",5.10,1715.95,0.98
1598,539354753,"01598M12:38:47.588","01598 11:51:32",245.89,838.48,,,,"     ",5.10,1710.64,0.98
1598,539354754,"01598M12:38:48.561","01598 11:51:33",245.97,838.52,,,,"     ",5.10,1714.49,0.98
1598,539354755,"01598M12:38:49.535","01598 11:51:34",246.07,838.53,,,,"     ",5.10,1711.53,0.98
1598,539354756,"01598M12:38:50.508","01598 11:51:35",246.19,838.49,,,,"     ",5.10,1726.76,0.99
1598,539354757,"01598M12:38:51.481","01598 11:51:36",246.33,838.47,,,,"     ",5.10,1711.35,0.98
1598,539354758,"01598M12:38:52.454","01598 11:51:37",246.48,838.48,,,,"     ",5.10,1739.38,0.99
1598,539354759,"01598M12:38:53.428","01598 11:51:38",246.65,838.54,,,,"     ",5.10,1724.67,0.98
1598,539354760,"01598M12:38:54.401","01598 11:51:39",246.83,838.53,,,,"     ",5.10,1735.38,0.99
1598,539354761,"01598M12:38:55.374","01598 11:51:40",247.02,838.47,,,,"     ",5.10,1705.58,0.97
1598,539354762,"01598M12:38:56.347","01598 11:51:41",247.21,838.38,,,,"     ",5.10,1732.92,0.99
1598,539354763,"01598M12:38:57.321","01598 11:51:42",247.38,838.47,,,,"     ",5.10,1746.09,0.99
1598,539354764,"01598M12:38:58.294","01598 11:51:43",247.53,838.47,,,,"     ",5.10,1741.74,0.99
1598,539354765,"01598M12:38:59.267","01598 11:51:44",247.66,838.49,,,,"     ",5.10,1735.37,0.99
1598,539354766,"01598M12:39:00.240","01598 11:51:45",247.77,838.49,,,,"     ",5.10,1748.95,0.99
1598,539354767,"01598M12:39:01.214","01598 11:51:46",247.85,838.48,,,,"     ",5.10,1738.46,0.99
1598,539354768,"01598M12:39:02.187","01598 11:51:47",247.92,838.42,,,,"     ",5.10,1723.41,0.98
1598,539354769,"01598M12:39:03.160","01598 11:51:48",247.99,838.35,,,,"     ",5.10,1732.84,0.98
1598,539354770,"01598M12:39:04.133","01598 11:51:49",248.05,838.44,,,,"     ",5.10,1722.49,0.98
1598,539354771,"01598M12:39:05.107","01598 11:51:50",248.12,838.38,,,,"     ",5.10,1706.53,0.97
1598,539354772,"01598M12:39:06.080","01598 11:51:51",248.19,838.41,,,,"     ",5.10,1742.02,0.99
1598,539354773,"01598M12:39:07.053","01598 11:51:52",248.26,838.42,,,,"     ",5.10,1744.19,0.99
1598,539354774,"01598M12:39:08.027","01598 11:51:53",248.35,838.46,,,,"     ",5.10,1752.21,0.99
1598,539354775,"01598M12:39:09.000","01598 11:51:54",248.44,838.49,,,,"     ",5.10,1729.67,0.98
1598,539354776,"01598M12:39:09.973","01598 11:51:55",248.54,838.39,,,,"     ",5.10,1733.87,0.98
1598,539354777,"01598M12:39:10.946","01598 11:51:56",248.65,838.40,,,,"     ",5.10,1728.33,0.98
1598,539354778,"01598M12:39:11.920","01598 11:51:56",249.96,838.43,,,,"     ",5.10,1738.64,0.98
1598,539354779,"01598M12:39:12.893","01598 11:51:57",250.07,838.39,,,,"     ",5.10,1738.02,0.98
1598,539354780,"01598M12:39:13.866","01598 11:51:58",250.18,838.45,,,,"     ",5.10,1775.84,1.00
1598,539354781,"01598M12:39:14.839","01598 11:51:59",250.27,838.41,,,,"     ",5.10,1745.04,0.98
1598,539354782,"01598M12:39:15.813","01598 11:52:00",250.35,838.36,,,,"     ",5.10,1765.93,0.99
1598,539354783,"01598M12:39:16.786","01598 11:52:01",250.42,838.30,,,,"     ",5.10,1740.84,0.98
1598,539354784,"01598M12:39:17.759","01598 11:52:02",250.48,838.26,,,,"     ",5.10,1760.53,0.99
1598,539354785,"01598M12:39:18.732","01598 11:52:03",250.54,838.32,,,,"     ",5.10,1744.20,0.98
1598,539354786,"01598M12:39:19.706","01598 11:52:04",250.59,838.33,,,,"     ",5.10,1731.44,0.97
1598,539354787,"01598M12:39:20.679","01598 11:52:05",250.65,838.38,,,,"     ",5.10,1748.49,0.98
1598,539354788,"01598M12:39:21.652","01598 11:52:06",250.70,838.34,,,,"     ",5.10,1741.61,0.98
1598,539354789,"01598M12:39:22.625","01598 11:52:07",250.75,838.35,,,,"     ",5.10,1767.58,0.99
1598,539354790,"01598M12:39:23.599","01598 11:52:08",250.78,838.35,,,,"     ",5.10,1757.45,0.98
1598,539354791,"01598M12:39:24.572","01598 11:52:09",250.81,838.39,,,,"     ",5.10,1751.90,0.98
1598,539354792,"01598M12:39:25.545","01598 11:52:10",250.83,838.30,,,,"     ",5.10,1746.07,0.98
1598,539354793,"01598M12:39:26.518","01598 11:52:11",250.84,838.32,,,,"     ",5.10,1753.03,0.98
1598,539354794,"01598M12:39:27.492","01598 11:52:12",250.86,838.39,,,,"     ",5.10,1766.02,0.99
1598,539354795,"01598M12:39:28.465","01598 11:52:13",250.87,838.34,,,,"     ",5.10,1765.85,0.99
1598,539354796,"01598M12:39:29.438","01598 11:52:14",250.89,838.26,,,,"     ",5.10,1754.71,0.98
1598,539354797,"01598M12:39:30.411","01598 11:52:15",250.91,838.26,,,,"     ",5.10,1753.84,0.98
1598,539354798,"01598M12:39:31.385","01598 11:52:16",250.93,838.23,,,,"     ",5.10,1782.84,0.99
1598,539354799,"01598M12:39:32.358","01598 11:52:17",250.94,838.22,,,,"     ",5.10,1745.62,0.97
1598,539354800,"01598M12:39:33.331","01598 11:52:18",250.97,838.37,,,,"     ",5.10,1747.41,0.97
1598,539354801,"01598M12:39:34.304","01598 11:52:19",250.99,838.33,,,,"     ",5.10,1749.33,0.97
1598,539354802,"01598M12:39:35.278","01598 11:52:20",251.03,838.30,,,,"     ",5.10,1773.82,0.99
1598,539354803,"01598M12:39:36.251","01598 11:52:21",251.08,838.33,,,,"     ",5.10,1759.30,0.98
1598,539354804,"01598M12:39:37.224","01598 11:52:22",251.13,838.25,,,,"     ",5.10,1757.90,0.98
1598,539354805,"01598M12:39:38.197","01598 11:52:23",251.20,838.13,,,,"     ",5.10,1754.45,0.97
1598,539354806,"01598M12:39:39.171","01598 11:52:24",251.27,838.19,,,,"     ",5.10,1741.93,0.97
1598,539354807,"01598M12:39:40.144","01598 11:52:25",251.35,838.21,,,,"     ",5.10,1770.77,0.98
1598,539354808,"01598M12:39:41.117","01598 11:52:26",251.42,838.27,,,,"     ",5.10,1781.49,0.99
1598,539354809,"01598M12:39:42.090","01598 11:52:27",251.48,838.27,,,,"     ",5.10,1764.02,0.98
1598,539354810,"01598M12:39:43.064","01598 11:52:28",251.54,838.21,,,,"     ",5.10,1759.40,0.97
1598,539354811,"01598M12:39:44.037","01598 11:52:29",251.59,838.31,,,,"     ",5.10,1753.89,0.97
1598,539354812,"01598M12:39:45.010","01598 11:52:30",251.64,838.21,,,,"     ",5.10,1750.23,0.97
1598,539354813,"01598M12:39:45.983","01598 11:52:31",251.68,838.28,,,,"     ",5.10,1770.40,0.98
1598,539354814,"01598M12:39:46.957","01598 11:52:32",251.71,838.24,,,,"     ",5.10,1757.25,0.97
1598,539354815,"01598M12:39:47.930","01598 11:52:32",251.75,838.22,,,,"     ",5.10,1804.06,1.00
1598,539354816,"01598M12:39:48.903","01598 11:52:33",251.79,838.20,,,,"     ",5.10,1757.18,0.97
1598,539354817,"01598M12:39:49.876","01598 11:52:34",251.83,838.13,,,,"     ",5.10,1781.81,0.98
1598,539354818,"01598M12:39:50.850","01598 11:52:35",251.87,838.13,,,,"     ",5.10,1773.49,0.98
1598,539354819,"01598M12:39:51.823","01598 11:52:36",251.91,838.18,,,,"     ",5.10,1756.37,0.97
1598,539354820,"01598M12:39:52.796","01598 11:52:37",251.96,838.17,,,,"     ",5.10,1765.56,0.97
1598,539354821,"01598M12:39:53.769","01598 11:52:38",252.01,838.13,,,,"     ",5.10,1744.63,0.96
1598,539354822,"01598M12:39:54.743","01598 11:52:39",252.05,838.21,,,,"     ",5.10,1783.75,0.98
1598,539354823,"01598M12:39:55.716","01598 11:52:40",252.10,838.15,,,,"     ",5.10,1785.81,0.98
1598,539354824,"01598M12:39:56.689","01598 11:52:41",252.15,838.24,,,,"     ",5.10,1782.51,0.98
1598,539354825,"01598M12:39:57.662","01598 11:52:42",252.19,838.17,,,,"     ",5.10,1773.99,0.98
1598,539354826,"01598M12:39:58.636","01598 11:52:43",252.24,838.17,,,,"     ",5.10,1743.76,0.96
1598,539354827,"01598M12:39:59.609","01598 11:52:44",252.29,838.13,,,,"     ",5.10,1768.59,0.97
1598,539354828,"01598M12:40:00.582","01598 11:52:45",252.33,838.26,,,,"     ",5.10,1781.98,0.98
1598,539354829,"01598M12:40:01.555","01598 11:52:46",252.36,838.24,,,,"     ",5.10,1764.15,0.97
1598,539354830,"01598M12:40:02.529","01598 11:52:47",252.38,838.10,,,,"     ",5.10,1802.58,0.99
1598,539354831,"01598M12:40:03.502","01598 11:52:48",252.38,838.15,,,,"     ",5.10,1765.87,0.97
1598,539354832,"01598M12:40:04.475","01598 11:52:49",252.38,838.09,,,,"     ",5.10,1770.41,0.97
1598,539354833,"01598M12:40:05.448","01598 11:52:50",252.36,838.08,,,,"     ",5.10,1788.62,0.98
1598,539354834,"01598M12:40:06.422","01598 11:52:51",252.34,838.13,,,,"     ",5.10,1772.44,0.97
1598,539354835,"01598M12:40:07.395","01598 11:52:52",252.32,838.03,,,,"     ",5.10,1797.73,0.98
1598,539354836,"01598M12:40:08.368","01598 11:52:53",252.30,838.07,,,,"     ",5.10,1786.37,0.98
1598,539354837,"01598M12:40:09.341","01598 11:52:54",252.28,838.11,,,,"     ",5.10,1768.89,0.97
1598,539354838,"01598M12:40:10.315","01598 11:52:55",252.27,838.09,,,,"     ",5.10,1777.85,0.97
1598,539354839,"01598M12:40:11.288","01598 11:52:56",252.26,838.09,,,,"     ",5.10,1783.62,0.97
1598,539354840,"01598M12:40:12.261","01598 11:52:57",252.26,838.13,,,,"     ",5.10,1747.93,0.95
1598,539354841,"01598M12:40:13.234","01598 11:52:58",252.26,838.06,,,,"     ",5.10,1784.61,0.97
1598,539354842,"01598M12:40:14.208","01598 11:52:59",252.26,838.09,,,,"     ",5.10,1760.32,0.96
1598,539354843,"01598M12:40:15.181","01598 11:53:00",252.27,838.17,,,,"     ",5.10,1763.66,0.96
1598,539354844,"01598M12:40:16.154","01598 11:53:01",252.28,838.14,,,,"     ",5.10,1746.78,0.95
1598,539354845,"01598M12:40:17.128","01598 11:53:02",252.30,838.15,,,,"     ",5.10,1796.66,0.98
1598,539354846,"01598M12:40:18.101","01598 11:53:03",252.32,838.09,,,,"     ",5.10,1782.73,0.97
1598,539354847,"01598M12:40:19.074","01598 11:53:04",252.35,838.10,,,,"     ",5.10,1757.58,0.96
1598,539354848,"01598M12:40:20.047","01598 11:53:05",252.37,838.05,,,,"     ",5.10,1752.75,0.95
1598,539354849,"01598M12:40:21.021","01598 11:53:06",252.39,838.11,,,,"     ",5.10,1799.77,0.98
1598,539354850,"01598M12:40:21.994","01598 11:53:07",252.40,838.02,,,,"     ",5.10,1782.37,0.97
1598,539354851,"01598M12:40:22.967","01598 11:53:08",252.42,837.99,,,,"     ",5.10,1793.07,0.97
1598,539354852,"01598M12:40:23.940","01598 11:53:09",252.43,838.06,,,,"     ",5.10,1773.13,0.96
1598,539354853,"01598M12:40:24.914","01598 11:53:09",252.44,838.00,,,,"     ",5.10,1786.72,0.97
1598,539354854,"01598M12:40:25.887","01598 11:53:10",252.44,837.99,,,,"     ",5.10,1789.82,0.97
1598,539354855,"01598M12:40:26.860","01598 11:53:11",252.42,837.98,,,,"     ",5.10,1774.27,0.96
1598,539354856,"01598M12:40:27.833","01598 11:53:12",252.38,838.11,,,,"     ",5.10,1759.79,0.95
1598,539354857,"01598M12:40:28.807","01598 11:53:13",252.33,837.99,,,,"     ",5.10,1771.53,0.96
1598,539354858,"01598M12:40:29.780","01598 11:53:14",252.26,838.12,,,,"     ",5.10,1770.61,0.96
1598,539354859,"01598M12:40:30.753","01598 11:53:15",252.17,838.06,,,,"     ",5.10,1758.95,0.95
1598,539354860,"01598M12:40:31.726","01598 11:53:16",252.08,838.05,,,,"     ",5.10,1775.05,0.96
1598,539354861,"01598M12:40:32.700","01598 11:53:17",251.96,838.06,,,,"     ",5.10,1781.57,0.96
1598,539354862,"01598M12:40:33.673","01598 11:53:18",251.83,838.10,,,,"     ",5.10,1789.49,0.97
1598,539354863,"01598M12:40:34.646","01598 11:53:19",251.69,838.12,,,,"     ",5.10,1754.37,0.95
1598,539354864,"01598M12:40:35.619","01598 11:53:20",251.53,838.11,,,,"     ",5.10,1792.89,0.97
1598,539354865,"01598M12:40:36.593","01598 11:53:21",251.35,838.09,,,,"     ",5.10,1793.45,0.97
1598,539354866,"01598M12:40:37.566","01598 11:53:22",251.16,838.14,,,,"     ",5.10,1799.58,0.97
1598,539354867,"01598M12:40:38.539","01598 11:53:23",250.95,838.16,,,,"     ",5.10,1778.54,0.96
1598,539354868,"01598M12:40:39.512","01598 11:53:24",250.67,838.11,,,,"     ",5.10,1783.61,0.96
1598,539354869,"01598M12:40:40.486","01598 11:53:25",250.59,838.11,,,,"     ",5.10,1779.98,0.96
1598,539354870,"01598M12:40:41.459","01598 11:53:26",250.52,838.18,,,,"     ",5.10,1811.42,0.98
1598,539354871,"01598M12:40:42.432","01598 11:53:27",250.43,838.15,,,,"     ",5.10,1783.22,0.96
1598,539354872,"01598M12:40:43.405","01598 11:53:28",250.35,838.16,,,,"     ",5.10,1788.89,0.96
1598,539354873,"01598M12:40:44.379","01598 11:53:29",250.26,838.13,,,,"     ",5.10,1777.12,0.96
1598,539354874,"01598M12:40:45.352","01598 11:53:30",250.17,838.02,,,,"     ",5.10,1749.20,0.94
1598,539354875,"01598M12:40:46.325","01598 11:53:31",250.08,837.97,,,,"     ",5.10,1786.23,0.96
1598,539354876,"01598M12:40:47.298","01598 11:53:32",249.98,837.98,,,,"     ",5.10,1789.06,0.96
1598,539354877,"01598M12:40:48.272","01598 11:53:33",249.88,838.01,,,,"     ",5.10,1766.44,0.95
1598,539354878,"01598M12:40:49.245","01598 11:53:34",249.78,838.04,,,,"     ",5.10,1779.93,0.96
1598,539354879,"01598M12:40:50.218","01598 11:53:35",249.68,838.00,,,,"     ",5.10,1793.76,0.97
1598,539354880,"01598M12:40:51.191","01598 11:53:36",249.57,838.06,,,,"     ",5.10,1785.26,0.96
1598,539354881,"01598M12:40:52.165","01598 11:53:37",249.45,837.97,,,,"     ",5.10,1791.08,0.96
1598,539354882,"01598M12:40:53.138","01598 11:53:38",249.32,838.05,,,,"     ",5.10,1800.74,0.97
1598,539354883,"01598M12:40:54.111","01598 11:53:39",249.19,838.06,,,,"     ",5.10,1789.68,0.96
1598,539354884,"01598M12:40:55.084","01598 11:53:40",249.07,838.07,,,,"     ",5.10,1761.84,0.95
1598,539354885,"01598M12:40:56.058","01598 11:53:41",247.28,838.08,,,,"     ",5.10,1796.31,0.96
1598,539354886,"01598M12:40:57.031","01598 11:53:42",247.20,837.99,,,,"     ",5.10,1797.49,0.97
1598,539354887,"01598M12:40:58.004","01598 11:53:43",247.14,837.96,,,,"     ",5.10,1773.79,0.95
1598,539354888,"01598M12:40:58.977","01598 11:53:44",247.09,837.88,,,,"     ",5.10,1814.42,0.97
1598,539354889,"01598M12:40:59.951","01598 11:53:45",247.04,837.91,,,,"     ",5.10,1802.65,0.97
1598,539354890,"01598M12:41:00.924","01598 11:53:45",247.00,837.89,,,,"     ",5.10,1777.36,0.95
1598,539354891,"01598M12:41:01.897","01598 11:53:46",246.96,837.93,,,,"     ",5.10,1782.09,0.96
1598,539354892,"01598M12:41:02.870","01598 11:53:47",246.94,837.91,,,,"     ",5.10,1789.16,0.96
1598,539354893,"01598M12:41:03.844","01598 11:53:48",246.92,837.95,,,,"     ",5.10,1788.99,0.96
1598,539354894,"01598M12:41:04.817","01598 11:53:49",246.91,837.97,,,,"     ",5.10,1785.04,0.96
1598,539354895,"01598M12:41:05.790","01598 11:53:50",246.92,837.94,,,,"     ",5.10,1773.19,0.95
1598,539354896,"01598M12:41:06.763","01598 11:53:51",246.93,837.87,,,,"     ",5.10,1784.26,0.95
1598,539354897,"01598M12:41:07.737","01598 11:53:52",246.95,837.86,,,,"     ",5.10,1799.72,0.96
1598,539354898,"01598M12:41:08.710","01598 11:53:53",246.97,837.85,,,,"     ",5.10,1787.63,0.96
1598,539354899,"01598M12:41:09.683","01598 11:53:54",246.99,837.90,,,,"     ",5.10,1774.26,0.95
1598,539354900,"01598M12:41:10.656","01598 11:53:55",247.00,837.90,,,,"     ",5.10,1773.83,0.95
1598,539354901,"01598M12:41:11.630","01598 11:53:56",247.00,837.88,,,,"     ",5.10,1790.06,0.96
1598,539354902,"01598M12:41:12.603","01598 11:53:57",246.99,837.79,,,,"     ",5.10,1788.53,0.96
1598,539354903,"01598M12:41:13.576","01598 11:53:58",246.97,837.87,,,,"     ",5.10,1813.20,0.97
1598,539354904,"01598M12:41:14.549","01598 11:53:59",246.92,837.87,,,,"     ",5.10,1762.14,0.94
1598,539354905,"01598M12:41:15.523","01598 11:54:00",246.86,837.90,,,,"     ",5.10,1785.45,0.95
1598,539354906,"01598M12:41:16.496","01598 11:54:01",246.79,837.85,,,,"     ",5.10,1790.53,0.96
1598,539354907,"01598M12:41:17.469","01598 11:54:02",246.70,837.84,,,,"     ",5.10,1788.75,0.96
1598,539354908,"01598M12:41:18.442","01598 11:54:03",246.59,837.84,,,,"     ",5.10,1790.64,0.96
1598,539354909,"01598M12:41:19.416","01598 11:54:04",246.47,837.80,,,,"     ",5.10,1808.30,0.97
1598,539354910,"01598M12:41:20.389","01598 11:54:05",246.33,837.82,,,,"     ",5.10,1787.99,0.96
1598,539354911,"01598M12:41:21.362","01598 11:54:06",246.19,837.70,,,,"     ",5.10,1792.64,0.96
1598,539354912,"01598M12:41:22.335","01598 11:54:07",246.05,837.69,,,,"     ",5.10,1788.50,0.96
1598,539354913,"01598M12:41:23.309","01598 11:54:08",245.92,837.71,,,,"     ",5.10,1769.92,0.95
1598,539354914,"01598M12:41:24.282","01598 11:54:09",245.80,837.72,,,,"     ",5.10,1790.96,0.96
1598,539354915,"01598M12:41:25.255","01598 11:54:10",245.70,837.65,,,,"     ",5.10,1806.04,0.97
1598,539354916,"01598M12:41:26.229","01598 11:54:11",245.63,837.66,,,,"     ",5.10,1804.72,0.97
1598,539354917,"01598M12:41:27.202","01598 11:54:12",245.59,837.70,,,,"     ",5.10,1793.02,0.96
1598,539354918,"01598M12:41:28.175","01598 11:54:13",245.56,837.66,,,,"     ",5.10,1800.70,0.96
1598,539354919,"01598M12:41:29.148","01598 11:54:14",245.56,837.68,,,,"     ",5.10,1770.71,0.95
1598,539354920,"01598M12:41:30.122","01598 11:54:15",245.56,837.72,,,,"     ",5.10,1779.92,0.95
1598,539354921,"01598M12:41:31.095","01598 11:54:16",245.55,837.71,,,,"     ",5.10,1800.89,0.97
1598,539354922,"01598M12:41:32.068","01598 11:54:17",245.55,837.61,,,,"     ",5.10,1772.37,0.95
1598,539354923,"01598M12:41:33.041","01598 11:54:18",245.54,837.62,,,,"     ",5.10,1808.20,0.97
1598,539354924,"01598M12:41:34.015","01598 11:54:19",245.53,837.69,,,,"     ",5.10,1810.95,0.97
1598,539354925,"01598M12:41:34.988","01598 11:54:20",245.52,837.63,,,,"     ",5.10,1771.15,0.95
1598,539354926,"01598M12:41:35.961","01598 11:54:21",245.51,837.52,,,,"     ",5.10,1789.83,0.96
1598,539354927,"01598M12:41:36.934","01598 11:54:21",245.49,837.53,,,,"     ",5.10,1796.21,0.97
1598,539354928,"01598M12:41:37.908","01598 11:54:22",245.45,837.52,,,,"     ",5.10,1773.71,0.95
1598,539354929,"01598M12:41:38.881","01598 11:54:23",245.40,837.53,,,,"     ",5.10,1789.29,0.96
1598,539354930,"01598M12:41:39.854","01598 11:54:24",245.34,837.47,,,,"     ",5.10,1774.72,0.96
1598,539354931,"01598M12:41:40.827","01598 11:54:25",245.27,837.57,,,,"     ",5.10,1823.49,0.98
1598,539354932,"01598M12:41:41.801","01598 11:54:26",245.21,837.55,,,,"     ",5.10,1780.21,0.96
1598,539354933,"01598M12:41:42.774","01598 11:54:27",245.14,837.62,,,,"     ",5.10,1790.18,0.97
1598,539354934,"01598M12:41:43.747","01598 11:54:28",245.09,837.56,,,,"     ",5.10,1787.14,0.96
1598,539354935,"01598M12:41:44.720","01598 11:54:29",245.05,837.52,,,,"     ",5.10,1767.37,0.95
1598,539354936,"01598M12:41:45.694","01598 11:54:30",245.02,837.32,,,,"     ",5.10,1770.39,0.96
1598,539354937,"01598M12:41:46.667","01598 11:54:31",245.02,837.38,,,,"     ",5.10,1788.37,0.97
1598,539354938,"01598M12:41:47.640","01598 11:54:32",245.02,837.42,,,,"     ",5.10,1814.96,0.98
1598,539354939,"01598M12:41:48.613","01598 11:54:33",245.03,837.46,,,,"     ",5.10,1802.80,0.98
1598,539354940,"01598M12:41:49.587","01598 11:54:34",245.06,837.41,,,,"     ",5.10,1755.06,0.95
1598,539354941,"01598M12:41:50.560","01598 11:54:35",245.10,837.40,,,,"     ",5.10,1799.65,0.98
1598,539354942,"01598M12:41:51.533","01598 11:54:36",245.18,837.50,,,,"     ",5.10,1760.50,0.95
1598,539354943,"01598M12:41:52.506","01598 11:54:37",245.28,837.44,,,,"     ",5.10,1730.62,0.94
1598,539354944,"01598M12:41:53.480","01598 11:54:38",245.39,837.61,,,,"     ",5.10,1759.49,0.96
1598,539354945,"01598M12:41:54.453","01598 11:54:39",245.52,837.56,,,,"     ",5.10,1784.30,0.97
1598,539354946,"01598M12:41:55.426","01598 11:54:40",245.63,837.52,,,,"     ",5.10,1787.58,0.97
1598,539354947,"01598M12:41:56.399","01598 11:54:41",245.71,837.57,,,,"     ",5.10,1779.66,0.97
1598,539354948,"01598M12:41:57.373","01598 11:54:42",245.76,837.44,,,,"     ",5.10,1779.85,0.97
1598,539354949,"01598M12:41:58.346","01598 11:54:43",245.75,837.46,,,,"     ",5.10,1764.67,0.96
1598,539354950,"01598M12:41:59.319","01598 11:54:44",245.70,837.44,,,,"     ",5.10,1767.45,0.96
1598,539354951,"01598M12:42:00.292","01598 11:54:45",245.60,837.56,,,,"     ",5.10,1756.26,0.96
1598,539354952,"01598M12:42:01.266","01598 11:54:46",245.46,837.56,,,,"     ",5.10,1782.17,0.97
1598,539354953,"01598M12:42:02.239","01598 11:54:47",245.30,837.49,,,,"     ",5.10,1751.60,0.96
1598,539354954,"01598M12:42:03.212","01598 11:54:48",245.14,837.43,,,,"     ",5.10,1798.59,0.98
1598,539354955,"01598M12:42:04.185","01598 11:54:49",244.98,837.40,,,,"     ",5.10,1788.79,0.98
1598,539354956,"01598M12:42:05.159","01598 11:54:50",244.84,837.38,,,,"     ",5.10,1761.67,0.96
1598,539354957,"01598M12:42:06.132","01598 11:54:51",244.72,837.39,,,,"     ",5.10,1763.87,0.97
1598,539354958,"01598M12:42:07.105","01598 11:54:52",244.62,837.35,,,,"     ",5.10,1737.06,0.95
1598,539354959,"01598M12:42:08.078","01598 11:54:53",244.54,837.44,,,,"     ",5.10,1753.28,0.96
1598,539354960,"01598M12:42:09.052","01598 11:54:54",244.50,837.44,,,,"     ",5.10,1766.77,0.97
1598,539354961,"01598M12:42:10.025","01598 11:54:55",244.47,837.42,,,,"     ",5.10,1754.26,0.96
1598,539354962,"01598M12:42:10.998","01598 11:54:56",244.45,837.33,,,,"     ",5.10,1746.40,0.96
1598,539354963,"01598M12:42:11.971","01598 11:54:57",244.43,837.33,,,,"     ",5.10,1746.23,0.96
1598,539354964,"01598M12:42:12.945","01598 11:54:57",244.39,837.32,,,,"     ",5.10,1736.92,0.96
1598,539354965,"01598M12:42:13.918","01598 11:54:58",244.21,837.28,,,,"     ",5.10,1774.74,0.98
1598,539354966,"01598M12:42:14.891","01598 11:54:59",244.01,837.36,,,,"     ",5.10,1760.39,0.97
1598,539354967,"01598M12:42:15.864","01598 11:55:00",243.86,837.43,,,,"     ",5.10,1764.60,0.97
1598,539354968,"01598M12:42:16.838","01598 11:55:01",243.72,837.37,,,,"     ",5.10,1763.44,0.97
1598,539354969,"01598M12:42:17.811","01598 11:55:02",243.60,837.35,,,,"     ",5.10,1744.02,0.96
1598,539354970,"01598M12:42:18.784","01598 11:55:03",243.49,837.39,,,,"     ",5.10,1761.06,0.97
1598,539354971,"01598M12:42:19.757","01598 11:55:04",243.36,837.35,,,,"     ",5.10,1752.57,0.97
1598,539354972,"01598M12:42:20.731","01598 11:55:05",243.23,837.39,,,,"     ",5.10,1754.51,0.97
1598,539354973,"01598M12:42:21.704","01598 11:55:06",243.09,837.35,,,,"     ",5.10,1757.37,0.97
1598,539354974,"01598M12:42:22.677","01598 11:55:07",242.93,837.42,,,,"     ",5.10,1738.92,0.96
1598,539354975,"01598M12:42:23.650","01598 11:55:08",242.75,837.45,,,,"     ",5.10,1759.72,0.98
1598,539354976,"01598M12:42:24.624","01598 11:55:09",242.56,837.35,,,,"     ",5.10,1735.57,0.96
1598,539354977,"01598M12:42:25.597","01598 11:55:10",242.36,837.39,,,,"     ",5.10,1742.46,0.97
1598,539354978,"01598M12:42:26.570","01598 11:55:11",242.17,837.41,,,,"     ",5.10,1756.51,0.98
1598,539354979,"01598M12:42:27.543","01598 11:55:12",241.97,837.41,,,,"     ",5.10,1717.69,0.96
1598,539354980,"01598M12:42:28.517","01598 11:55:13",241.76,837.42,,,,"     ",5.10,1753.68,0.98
1598,539354981,"01598M12:42:29.490","01598 11:55:14",241.55,837.38,,,,"     ",5.10,1717.13,0.96
1598,539354982,"01598M12:42:30.463","01598 11:55:15",241.36,837.45,,,,"     ",5.10,1740.22,0.97
1598,539354983,"01598M12:42:31.436","01598 11:55:16",241.20,837.44,,,,"     ",5.10,1747.84,0.98
1598,539354984,"01598M12:42:32.410","01598 11:55:17",241.07,837.41,,,,"     ",5.10,1717.32,0.96
1598,539354985,"01598M12:42:33.383","01598 11:55:18",240.99,837.31,,,,"     ",5.10,1711.57,0.96
1598,539354986,"01598M12:42:34.356","01598 11:55:19",240.93,837.41,,,,"     ",5.10,1739.06,0.97
1598,539354987,"01598M12:42:35.330","01598 11:55:20",240.89,837.34,,,,"     ",5.10,1700.31,0.95
1598,539354988,"01598M12:42:36.303","01598 11:55:21",240.85,837.44,,,,"     ",5.10,1722.69,0.97
1598,539354989,"01598M12:42:37.276","01598 11:55:22",240.80,837.45,,,,"     ",5.10,1731.73,0.97
1598,539354990,"01598M12:42:38.249","01598 11:55:23",240.75,837.47,,,,"     ",5.10,1729.33,0.97
1598,539354991,"01598M12:42:39.223","01598 11:55:24",240.69,837.43,,,,"     ",5.10,1723.00,0.97
1598,539354992,"01598M12:42:40.196","01598 11:55:25",240.66,837.43,,,,"     ",5.10,1746.74,0.98
1598,539354993,"01598M12:42:41.169","01598 11:55:26",240.64,837.39,,,,"     ",5.10,1717.67,0.97
1598,539354994,"01598M12:42:42.142","01598 11:55:27",240.66,837.42,,,,"     ",5.10,1718.94,0.97
1598,539354995,"01598M12:42:43.116","01598 11:55:28",240.71,837.49,,,,"     ",5.10,1700.24,0.96
1598,539354996,"01598M12:42:44.089","01598 11:55:29",240.77,837.44,,,,"     ",5.10,1722.09,0.97
1598,539354997,"01598M12:42:45.062","01598 11:55:30",240.83,837.48,,,,"     ",5.10,1729.55,0.98
1598,539354998,"01598M12:42:46.035","01598 11:55:31",240.89,837.48,,,,"     ",5.10,1724.47,0.98
1598,539354999,"01598M12:42:47.009","01598 11:55:32",240.97,837.41,,,,"     ",5.10,1744.81,0.99
1598,539355000,"01598M12:42:47.982","01598 11:55:33",241.01,837.48,,,,"     ",5.10,1719.17,0.97
1598,539355001,"01598M12:42:48.955","01598 11:55:33",241.04,837.44,,,,"     ",5.10,1705.50,0.97
1598,539355002,"01598M12:42:49.928","01598 11:55:34",241.08,837.45,,,,"     ",5.10,1722.94,0.98
1598,539355003,"01598M12:42:50.902","01598 11:55:35",241.14,837.47,,,,"     ",5.10,1692.41,0.96
1598,539355004,"01598M12:42:51.875","01598 11:55:36",241.20,837.41,,,,"     ",5.10,1716.27,0.98
1598,539355005,"01598M12:42:52.848","01598 11:55:37",241.29,837.47,,,,"     ",5.10,1721.79,0.98
1598,539355006,"01598M12:42:53.821","01598 11:55:38",241.36,837.49,,,,"     ",5.10,1712.45,0.97
1598,539355007,"01598M12:42:54.795","01598 11:55:39",241.44,837.50,,,,"     ",5.10,1684.86,0.96
1598,539355008,"01598M12:42:55.768","01598 11:55:40",241.50,837.48,,,,"     ",5.10,1745.86,1.00
1598,539355009,"01598M12:42:56.741","01598 11:55:41",241.55,837.47,,,,"     ",5.10,1700.25,0.97
1598,539355010,"01598M12:42:57.714","01598 11:55:42",241.58,837.45,,,,"     ",5.10,1708.50,0.97
1598,539355011,"01598M12:42:58.688","01598 11:55:43",241.62,837.42,,,,"     ",5.10,1704.54,0.97
1598,539355012,"01598M12:42:59.661","01598 11:55:44",241.68,837.37,,,,"     ",5.10,1714.05,0.98
1598,539355013,"01598M12:43:00.634","01598 11:55:45",241.76,837.37,,,,"     ",5.10,1691.49,0.97
1598,539355014,"01598M12:43:01.607","01598 11:55:46",241.79,837.40,,,,"     ",5.10,1699.56,0.97
1598,539355015,"01598M12:43:02.581","01598 11:55:47",241.74,837.41,,,,"     ",5.10,1685.58,0.96
1598,539355016,"01598M12:43:03.554","01598 11:55:48",241.71,837.40,,,,"     ",5.10,1688.01,0.97
1598,539355017,"01598M12:43:04.527","01598 11:55:49",241.70,837.44,,,,"     ",5.10,1696.47,0.97
1598,539355018,"01598M12:43:05.500","01598 11:55:50",241.71,837.48,,,,"     ",5.10,1718.10,0.98
1598,539355019,"01598M12:43:06.474","01598 11:55:51",241.74,837.32,,,,"     ",5.10,1700.32,0.97
1598,539355020,"01598M12:43:07.447","01598 11:55:52",241.78,837.37,,,,"     ",5.10,1663.06,0.95
1598,539355021,"01598M12:43:08.420","01598 11:55:53",241.82,837.35,,,,"     ",5.10,1709.34,0.98
1598,539355022,"01598M12:43:09.393","01598 11:55:54",241.85,837.27,,,,"     ",5.10,1707.03,0.98
1598,539355023,"01598M12:43:10.367","01598 11:55:55",241.89,837.34,,,,"     ",5.10,1716.27,0.99
1598,539355024,"01598M12:43:11.340","01598 11:55:56",241.87,837.42,,,,"     ",5.10,1704.33,0.98
1598,539355025,"01598M12:43:12.313","01598 11:55:57",241.86,837.43,,,,"     ",5.10,1725.73,0.99
1598,539355026,"01598M12:43:13.286","01598 11:55:58",241.84,837.32,,,,"     ",5.10,1695.44,0.97
1598,539355027,"01598M12:43:14.260","01598 11:55:59",241.79,837.22,,,,"     ",5.10,1714.70,0.99
1598,539355028,"01598M12:43:15.233","01598 11:56:00",241.73,837.32,,,,"     ",5.10,1695.24,0.97
1598,539355029,"01598M12:43:16.206","01598 11:56:01",241.65,837.34,,,,"     ",5.10,1703.25,0.98
1598,539355030,"01598M12:43:17.179","01598 11:56:02",241.55,837.38,,,,"     ",5.10,1694.19,0.97
1598,539355031,"01598M12:43:18.153","01598 11:56:03",241.47,837.44,,,,"     ",5.10,1696.31,0.98
1598,539355032,"01598M12:43:19.126","01598 11:56:04",241.40,837.37,,,,"     ",5.10,1683.10,0.97
1598,539355033,"01598M12:43:20.099","01598 11:56:05",241.35,837.35,,,,"     ",5.10,1705.61,0.98
1598,539355034,"01598M12:43:21.072","01598 11:56:06",241.33,837.41,,,,"     ",5.10,1685.47,0.97
1598,539355035,"01598M12:43:22.046","01598 11:56:07",241.33,837.38,,,,"     ",5.10,1674.50,0.96
1598,539355036,"01598M12:43:23.019","01598 11:56:08",241.33,837.34,,,,"     ",5.10,1695.43,0.98
1598,539355037,"01598M12:43:23.992","01598 11:56:09",241.32,837.41,,,,"     ",5.10,1700.80,0.98
1598,539355038,"01598M12:43:24.965","01598 11:56:09",241.30,837.39,,,,"     ",5.10,1684.83,0.97
1598,539355039,"01598M12:43:25.939","01598 11:56:10",241.26,837.31,,,,"     ",5.10,1704.15,0.98
1598,539355040,"01598M12:43:26.912","01598 11:56:11",241.23,837.32,,,,"     ",5.10,1685.04,0.97
1598,539355041,"01598M12:43:27.885","01598 11:56:12",241.20,837.28,,,,"     ",5.10,1681.76,0.97
1598,539355042,"01598M12:43:28.858","01598 11:56:13",241.17,837.29,,,,"     ",5.10,1685.28,0.97
1598,539355043,"01598M12:43:29.832","01598 11:56:14",241.13,837.18,,,,"     ",5.10,1696.74,0.98
1598,539355044,"01598M12:43:30.805","01598 11:56:15",241.08,837.28,,,,"     ",5.10,1675.56,0.97
1598,539355045,"01598M12:43:31.778","01598 11:56:16",241.03,837.27,,,,"     ",5.10,1684.84,0.97
1598,539355046,"01598M12:43:32.751","01598 11:56:17",240.97,837.19,,,,"     ",5.10,1686.69,0.97
1598,539355047,"01598M12:43:33.725","01598 11:56:18",240.92,837.16,,,,"     ",5.10,1669.38,0.96
1598,539355048,"01598M12:43:34.698","01598 11:56:19",240.88,837.19,,,,"     ",5.10,1712.64,0.99
1598,539355049,"01598M12:43:35.671","01598 11:56:20",240.86,837.17,,,,"     ",5.10,1695.09,0.98
1598,539355050,"01598M12:43:36.644","01598 11:56:21",240.88,837.21,,,,"     ",5.10,1688.34,0.97
1598,539355051,"01598M12:43:37.618","01598 11:56:22",240.95,837.15,,,,"     ",5.10,1700.32,0.98
1598,539355052,"01598M12:43:38.591","01598 11:56:23",241.05,837.18,,,,"     ",5.10,1647.17,0.95
1598,539355053,"01598M12:43:39.564","01598 11:56:24",241.18,837.17,,,,"     ",5.10,1696.51,0.98
1598,539355054,"01598M12:43:40.537","01598 11:56:25",241.33,837.19,,,,"     ",5.10,1712.92,0.99
1598,539355055,"01598M12:43:41.511","01598 11:56:26",241.50,837.14,,,,"     ",5.10,1667.91,0.96
1598,539355056,"01598M12:43:42.484","01598 11:56:27",241.65,837.09,,,,"     ",5.10,1711.79,0.99
1598,539355057,"01598M12:43:43.457","01598 11:56:28",241.78,837.25,,,,"     ",5.10,1728.73,1.00
1598,539355058,"01598M12:43:44.431","01598 11:56:29",241.89,837.18,,,,"     ",5.10,1705.78,0.99
1598,539355059,"01598M12:43:45.404","01598 11:56:30",241.99,837.26,,,,"     ",5.10,1708.48,0.99
1598,539355060,"01598M12:43:46.377","01598 11:56:31",242.08,837.27,,,,"     ",5.10,1713.88,0.99
1598,539355061,"01598M12:43:47.350","01598 11:56:32",242.15,837.26,,,,"     ",5.10,1689.37,0.98
1598,539355062,"01598M12:43:48.324","01598 11:56:33",242.19,837.26,,,,"     ",5.10,1708.65,0.99
1598,539355063,"01598M12:43:49.297","01598 11:56:34",242.20,837.16,,,,"     ",5.10,1685.68,0.97
1598,539355064,"01598M12:43:50.270","01598 11:56:35",242.18,837.17,,,,"     ",5.10,1685.59,0.97
1598,539355065,"01598M12:43:51.243","01598 11:56:36",242.15,837.20,,,,"     ",5.10,1701.03,0.98
1598,539355066,"01598M12:43:52.217","01598 11:56:37",242.11,837.17,,,,"     ",5.10,1701.93,0.98
1598,539355067,"01598M12:43:53.190","01598 11:56:38",242.08,837.19,,,,"     ",5.10,1694.64,0.98
1598,539355068,"01598M12:43:54.163","01598 11:56:39",242.03,837.15,,,,"     ",5.10,1687.83,0.98
1598,539355069,"01598M12:43:55.136","01598 11:56:40",241.98,837.12,,,,"     ",5.10,1675.67,0.97
1598,539355070,"01598M12:43:56.110","01598 11:56:41",241.91,837.19,,,,"     ",5.10,1698.07,0.98
1598,539355071,"01598M12:43:57.083","01598 11:56:42",241.84,837.23,,,,"     ",5.10,1705.93,0.99
1598,539355072,"01598M12:43:58.056","01598 11:56:43",241.78,837.20,,,,"     ",5.10,1671.51,0.97
1598,539355073,"01598M12:43:59.029","01598 11:56:44",241.71,837.28,,,,"     ",5.10,1674.21,0.97
1598,539355074,"01598M12:44:00.003","01598 11:56:45",241.66,837.14,,,,"     ",5.10,1700.69,0.98
1598,539355075,"01598M12:44:00.976","01598 11:56:45",241.63,837.16,,,,"     ",5.10,1702.78,0.98
1598,539355076,"01598M12:44:01.949","01598 11:56:46",241.62,837.21,,,,"     ",5.10,1694.21,0.98
1598,539355077,"01598M12:44:02.922","01598 11:56:47",241.62,837.19,,,,"     ",5.10,1675.62,0.97
1598,539355078,"01598M12:44:03.896","01598 11:56:48",241.60,837.18,,,,"     ",5.10,1694.80,0.98
1598,539355079,"01598M12:44:04.869","01598 11:56:49",241.57,837.05,,,,"     ",5.10,1687.35,0.98
1598,539355080,"01598M12:44:05.842","01598 11:56:50",241.51,837.14,,,,"     ",5.10,1696.94,0.98
1598,539355081,"01598M12:44:06.815","01598 11:56:51",241.44,837.11,,,,"     ",5.10,1694.32,0.98
1598,539355082,"01598M12:44:07.789","01598 11:56:52",241.37,837.15,,,,"     ",5.10,1668.34,0.96
1598,539355083,"01598M12:44:08.762","01598 11:56:53",241.31,837.12,,,,"     ",5.10,1687.37,0.98
1598,539355084,"01598M12:44:09.735","01598 11:56:54",241.25,837.17,,,,"     ",5.10,1685.89,0.97
1598,539355085,"01598M12:44:10.708","01598 11:56:55",241.21,837.12,,,,"     ",5.10,1682.03,0.97
1598,539355086,"01598M12:44:11.682","01598 11:56:56",241.17,837.06,,,,"     ",5.10,1687.94,0.98
1598,539355087,"01598M12:44:12.655","01598 11:56:57",241.14,837.07,,,,"     ",5.10,1686.44,0.98
1598,539355088,"01598M12:44:13.628","01598 11:56:58",241.09,837.06,,,,"     ",5.10,1689.62,0.98
1598,539355089,"01598M12:44:14.601","01598 11:56:59",241.05,837.12,,,,"     ",5.10,1661.49,0.96
1598,539355090,"01598M12:44:15.575","01598 11:57:00",241.00,836.98,,,,"     ",5.10,1691.31,0.98
1598,539355091,"01598M12:44:16.548","01598 11:57:01",240.95,836.99,,,,"     ",5.10,1700.14,0.98
1598,539355092,"01598M12:44:17.521","01598 11:57:02",240.90,836.95,,,,"     ",5.10,1693.89,0.98
1598,539355093,"01598M12:44:18.494","01598 11:57:03",240.85,836.96,,,,"     ",5.10,1696.15,0.98
1598,539355094,"01598M12:44:19.468","01598 11:57:04",240.81,836.85,,,,"     ",5.10,1681.96,0.97
1598,539355095,"01598M12:44:20.441","01598 11:57:05",240.78,836.99,,,,"     ",5.10,1689.83,0.98
1598,539355096,"01598M12:44:21.414","01598 11:57:06",240.76,836.90,,,,"     ",5.10,1680.40,0.97
1598,539355097,"01598M12:44:22.387","01598 11:57:07",240.79,836.91,,,,"     ",5.10,1694.72,0.98
1598,539355098,"01598M12:44:23.361","01598 11:57:08",240.83,836.92,,,,"     ",5.10,1703.01,0.99
1598,539355099,"01598M12:44:24.334","01598 11:57:09",240.92,837.07,,,,"     ",5.10,1681.28,0.97
1598,539355100,"01598M12:44:25.307","01598 11:57:10",241.03,836.92,,,,"     ",5.10,1701.32,0.99
1598,539355101,"01598M12:44:26.280","01598 11:57:11",241.17,836.98,,,,"     ",5.10,1703.59,0.99
1598,539355102,"01598M12:44:27.254","01598 11:57:12",241.34,836.98,,,,"     ",5.10,1699.37,0.98
1598,539355103,"01598M12:44:28.227","01598 11:57:13",241.51,837.02,,,,"     ",5.10,1685.12,0.98
1598,539355104,"01598M12:44:29.200","01598 11:57:14",241.68,837.05,,,,"     ",5.10,1691.91,0.98
1598,539355105,"01598M12:44:30.173","01598 11:57:15",241.83,837.07,,,,"     ",5.10,1680.29,0.97
1598,539355106,"01598M12:44:31.147","01598 11:57:16",241.95,837.05,,,,"     ",5.10,1721.56,1.00
1598,539355107,"01598M12:44:32.120","01598 11:57:17",242.07,837.11,,,,"     ",5.10,1687.66,0.98
1598,539355108,"01598M12:44:33.093","01598 11:57:18",242.15,836.97,,,,"     ",5.10,1703.90,0.99
1598,539355109,"01598M12:44:34.066","01598 11:57:19",242.21,837.06,,,,"     ",5.10,1711.41,0.99
1598,539355110,"01598M12:44:35.040","01598 11:57:20",242.23,837.01,,,,"     ",5.10,1701.39,0.98
1598,539355111,"01598M12:44:36.013","01598 11:57:21",242.22,837.00,,,,"     ",5.10,1683.71,0.97
1598,539355112,"01598M12:44:36.986","01598 11:57:22",242.21,836.99,,,,"     ",5.10,1697.65,0.98
1598,539355113,"01598M12:44:37.959","01598 11:57:22",242.22,837.01,,,,"     ",5.10,1694.83,0.98
1598,539355114,"01598M12:44:38.933","01598 11:57:23",242.27,837.02,,,,"     ",5.10,1700.78,0.98
1598,539355115,"01598M12:44:39.906","01598 11:57:24",242.36,836.90,,,,"     ",5.10,1704.45,0.99
1598,539355116,"01598M12:44:40.879","01598 11:57:25",242.48,837.02,,,,"     ",5.10,1675.80,0.97
1598,539355117,"01598M12:44:41.852","01598 11:57:26",242.63,837.05,,,,"     ",5.10,1696.52,0.98
1598,539355118,"01598M12:44:42.826","01598 11:57:27",242.79,836.95,,,,"     ",5.10,1710.92,0.99
1598,539355119,"01598M12:44:43.799","01598 11:57:28",242.98,836.96,,,,"     ",5.10,1698.53,0.98
1598,539355120,"01598M12:44:44.772","01598 11:57:29",243.15,837.06,,,,"     ",5.10,1704.21,0.99
1598,539355121,"01598M12:44:45.745","01598 11:57:30",243.28,837.03,,,,"     ",5.10,1707.81,0.99
1598,539355122,"01598M12:44:46.719","01598 11:57:31",243.27,837.07,,,,"     ",5.10,1709.54,0.99
1598,539355123,"01598M12:44:47.692","01598 11:57:32",243.27,837.01,,,,"     ",5.10,1679.49,0.97
1598,539355124,"01598M12:44:48.665","01598 11:57:33",243.30,837.06,,,,"     ",5.10,1710.12,0.99
1598,539355125,"01598M12:44:49.638","01598 11:57:34",243.34,837.10,,,,"     ",5.10,1685.14,0.97
1598,539355126,"01598M12:44:50.612","01598 11:57:35",243.40,837.01,,,,"     ",5.10,1701.52,0.98
1598,539355127,"01598M12:44:51.585","01598 11:57:36",243.47,837.05,,,,"     ",5.10,1712.44,0.99
1598,539355128,"01598M12:44:52.558","01598 11:57:37",243.54,836.97,,,,"     ",5.10,1689.58,0.97
1598,539355129,"01598M12:44:53.531","01598 11:57:38",243.58,836.90,,,,"     ",5.10,1690.63,0.97
1598,539355130,"01598M12:44:54.505","01598 11:57:39",243.61,836.99,,,,"     ",5.10,1698.34,0.98
1598,539355131,"01598M12:44:55.478","01598 11:57:40",243.60,836.96,,,,"     ",5.10,1711.21,0.99
1598,539355132,"01598M12:44:56.451","01598 11:57:41",243.57,836.98,,,,"     ",5.10,1705.97,0.98
1598,539355133,"01598M12:44:57.425","01598 11:57:42",243.51,837.05,,,,"     ",5.10,1710.13,0.98
1598,539355134,"01598M12:44:58.398","01598 11:57:43",243.44,837.01,,,,"     ",5.10,1688.87,0.97
1598,539355135,"01598M12:44:59.371","01598 11:57:44",243.37,836.99,,,,"     ",5.10,1710.94,0.98
1598,539355136,"01598M12:45:00.344","01598 11:57:45",243.30,837.00,,,,"     ",5.10,1688.51,0.97
1598,539355137,"01598M12:45:01.318","01598 11:57:46",243.23,837.03,,,,"     ",5.10,1683.25,0.97
1598,539355138,"01598M12:45:02.291","01598 11:57:47",243.18,837.03,,,,"     ",5.10,1736.53,1.00
1598,539355139,"01598M12:45:03.264","01598 11:57:48",243.17,836.99,,,,"     ",5.10,1691.84,0.97
1598,539355140,"01598M12:45:04.237","01598 11:57:49",243.18,836.97,,,,"     ",5.10,1686.96,0.97
1598,539355141,"01598M12:45:05.211","01598 11:57:50",243.22,837.04,,,,"     ",5.10,1701.13,0.98
1598,539355142,"01598M12:45:06.184","01598 11:57:51",243.29,836.99,,,,"     ",5.10,1702.62,0.98
1598,539355143,"01598M12:45:07.157","01598 11:57:52",243.37,837.04,,,,"     ",5.10,1697.35,0.97
1598,539355144,"01598M12:45:08.130","01598 11:57:53",243.45,836.95,,,,"     ",5.10,1710.71,0.98
1598,539355145,"01598M12:45:09.104","01598 11:57:54",243.52,836.93,,,,"     ",5.10,1708.06,0.98
1598,539355146,"01598M12:45:10.077","01598 11:57:55",243.57,836.97,,,,"     ",5.10,1701.82,0.97
1598,539355147,"01598M12:45:11.050","01598 11:57:56",243.59,836.98,,,,"     ",5.10,1721.30,0.98
1598,539355148,"01598M12:45:12.023","01598 11:57:57",243.59,836.93,,,,"     ",5.10,1714.55,0.98
1598,539355149,"01598M12:45:12.997","01598 11:57:58",243.56,837.01,,,,"     ",5.10,1707.36,0.97
1598,539355150,"01598M12:45:13.970","01598 11:57:58",243.50,836.99,,,,"     ",5.10,1702.01,0.97
1598,539355151,"01598M12:45:14.943","01598 11:57:59",243.42,836.96,,,,"     ",5.10,1707.41,0.97
1598,539355152,"01598M12:45:15.916","01598 11:58:00",243.32,836.97,,,,"     ",5.10,1756.73,1.00
1598,539355153,"01598M12:45:16.890","01598 11:58:01",243.21,837.00,,,,"     ",5.10,1712.89,0.98
1598,539355154,"01598M12:45:17.863","01598 11:58:02",243.10,837.03,,,,"     ",5.10,1713.47,0.98
1598,539355155,"01598M12:45:18.836","01598 11:58:03",242.99,836.96,,,,"     ",5.10,1727.55,0.98
1598,539355156,"01598M12:45:19.809","01598 11:58:04",242.90,837.04,,,,"     ",5.10,1706.79,0.97
1598,539355157,"01598M12:45:20.783","01598 11:58:05",242.82,837.01,,,,"     ",5.10,1690.43,0.96
1598,539355158,"01598M12:45:21.756","01598 11:58:06",242.75,836.96,,,,"     ",5.10,1690.51,0.96
1598,539355159,"01598M12:45:22.729","01598 11:58:07",242.69,836.93,,,,"     ",5.10,1713.70,0.97
1598,539355160,"01598M12:45:23.702","01598 11:58:08",242.64,836.95,,,,"     ",5.10,1721.87,0.98
1598,539355161,"01598M12:45:24.676","01598 11:58:09",242.60,836.97,,,,"     ",5.10,1701.97,0.97
1598,539355162,"01598M12:45:25.649","01598 11:58:10",242.59,836.95,,,,"     ",5.10,1696.55,0.96
1598,539355163,"01598M12:45:26.622","01598 11:58:11",242.60,836.93,,,,"     ",5.10,1702.67,0.97
1598,539355164,"01598M12:45:27.595","01598 11:58:12",242.62,836.94,,,,"     ",5.10,1707.93,0.97
1598,539355165,"01598M12:45:28.569","01598 11:58:13",242.66,836.92,,,,"     ",5.10,1707.20,0.97
1598,539355166,"01598M12:45:29.542","01598 11:58:14",242.70,836.93,,,,"     ",5.10,1699.93,0.96
1598,539355167,"01598M12:45:30.515","01598 11:58:15",242.75,836.86,,,,"     ",5.10,1710.66,0.97
1598,539355168,"01598M12:45:31.488","01598 11:58:16",242.82,836.90,,,,"     ",5.10,1719.91,0.97
1598,539355169,"01598M12:45:32.462","01598 11:58:17",242.89,836.81,,,,"     ",5.10,1717.69,0.97
1598,539355170,"01598M12:45:33.435","01598 11:58:18",242.98,836.84,,,,"     ",5.10,1718.10,0.97
1598,539355171,"01598M12:45:34.408","01598 11:58:19",243.08,836.93,,,,"     ",5.10,1729.68,0.98
1598,539355172,"01598M12:45:35.381","01598 11:58:20",243.18,836.86,,,,"     ",5.10,1729.99,0.98
1598,539355173,"01598M12:45:36.355","01598 11:58:21",243.30,836.91,,,,"     ",5.10,1711.89,0.97
1598,539355174,"01598M12:45:37.328","01598 11:58:22",243.43,836.91,,,,"     ",5.10,1722.24,0.97
1598,539355175,"01598M12:45:38.301","01598 11:58:23",243.58,836.86,,,,"     ",5.10,1723.83,0.97
1598,539355176,"01598M12:45:39.274","01598 11:58:24",243.30,836.88,,,,"     ",5.10,1722.49,0.97
1598,539355177,"01598M12:45:40.248","01598 11:58:25",243.40,836.85,,,,"     ",5.10,1732.54,0.98
1598,539355178,"01598M12:45:41.221","01598 11:58:26",243.49,836.93,,,,"     ",5.10,1740.58,0.98
1598,539355179,"01598M12:45:42.194","01598 11:58:27",243.56,836.87,,,,"     ",5.10,1750.42,0.99
1598,539355180,"01598M12:45:43.167","01598 11:58:28",243.61,836.84,,,,"     ",5.10,1705.53,0.96
1598,539355181,"01598M12:45:44.141","01598 11:58:29",243.66,836.81,,,,"     ",5.10,1762.41,0.99
1598,539355182,"01598M12:45:45.114","01598 11:58:30",243.69,836.85,,,,"     ",5.10,1737.21,0.98
1598,539355183,"01598M12:45:46.087","01598 11:58:31",243.71,836.72,,,,"     ",5.10,1727.54,0.97
1598,539355184,"01598M12:45:47.060","01598 11:58:32",243.72,836.75,,,,"     ",5.10,1718.87,0.96
1598,539355185,"01598M12:45:48.034","01598 11:58:33",243.71,836.77,,,,"     ",5.10,1731.05,0.97
1598,539355186,"01598M12:45:49.007","01598 11:58:34",243.69,836.74,,,,"     ",5.10,1755.22,0.98
1598,539355187,"01598M12:45:49.980","01598 11:58:34",243.65,836.72,,,,"     ",5.10,1752.39,0.98
1598,539355188,"01598M12:45:50.953","01598 11:58:35",243.60,836.63,,,,"     ",5.10,1745.98,0.98
1598,539355189,"01598M12:45:51.927","01598 11:58:36",243.54,836.67,,,,"     ",5.10,1740.81,0.97
1598,539355190,"01598M12:45:52.900","01598 11:58:37",243.45,836.66,,,,"     ",5.10,1737.29,0.97
1598,539355191,"01598M12:45:53.873","01598 11:58:38",243.34,836.75,,,,"     ",5.10,1766.17,0.99
1598,539355192,"01598M12:45:54.846","01598 11:58:39",243.24,836.79,,,,"     ",5.10,1752.32,0.98
1598,539355193,"01598M12:45:55.820","01598 11:58:40",243.13,836.76,,,,"     ",5.10,1725.12,0.96
1598,539355194,"01598M12:45:56.793","01598 11:58:41",243.04,836.71,,,,"     ",5.10,1732.64,0.96
1598,539355195,"01598M12:45:57.766","01598 11:58:42",242.95,836.81,,,,"     ",5.10,1736.16,0.97
1598,539355196,"01598M12:45:58.739","01598 11:58:43",242.87,836.76,,,,"     ",5.10,1767.91,0.98
1598,539355197,"01598M12:45:59.713","01598 11:58:44",242.81,836.80,,,,"     ",5.10,1759.26,0.98
1598,539355198,"01598M12:46:00.686","01598 11:58:45",242.76,836.73,,,,"     ",5.10,1741.53,0.97
1598,539355199,"01598M12:46:01.659","01598 11:58:46",242.75,836.74,,,,"     ",5.10,1728.87,0.96
1598,539355200,"01598M12:46:02.632","01598 11:58:47",242.74,836.74,,,,"     ",5.10,1746.12,0.97
1598,539355201,"01598M12:46:03.606","01598 11:58:48",242.75,836.72,,,,"     ",5.10,1751.72,0.97
1598,539355202,"01598M12:46:04.579","01598 11:58:49",242.76,836.68,,,,"     ",5.10,1735.87,0.96
1598,539355203,"01598M12:46:05.552","01598 11:58:50",242.78,836.71,,,,"     ",5.10,1754.62,0.97
1598,539355204,"01598M12:46:06.526","01598 11:58:51",242.77,836.63,,,,"     ",5.10,1738.76,0.96
1598,539355205,"01598M12:46:07.499","01598 11:58:52",242.74,836.74,,,,"     ",5.10,1760.51,0.97
1598,539355206,"01598M12:46:08.472","01598 11:58:53",242.68,836.75,,,,"     ",5.10,1735.66,0.96
1598,539355207,"01598M12:46:09.445","01598 11:58:54",242.62,836.77,,,,"     ",5.10,1738.32,0.96
1598,539355208,"01598M12:46:10.419","01598 11:58:55",242.55,836.75,,,,"     ",5.10,1736.93,0.96
1598,539355209,"01598M12:46:11.392","01598 11:58:56",242.47,836.70,,,,"     ",5.10,1739.10,0.96
1598,539355210,"01598M12:46:12.365","01598 11:58:57",242.41,836.72,,,,"     ",5.10,1736.83,0.96
1598,539355211,"01598M12:46:13.338","01598 11:58:58",242.35,836.76,,,,"     ",5.10,1746.75,0.96
1598,539355212,"01598M12:46:14.312","01598 11:58:59",242.30,836.76,,,,"     ",5.10,1759.82,0.97
1598,539355213,"01598M12:46:15.285","01598 11:59:00",242.27,836.76,,,,"     ",5.10,1741.77,0.96
1598,539355214,"01598M12:46:16.258","01598 11:59:01",242.26,836.75,,,,"     ",5.10,1744.17,0.96
1598,539355215,"01598M12:46:17.231","01598 11:59:02",242.26,836.68,,,,"     ",5.10,1766.62,0.97
1598,539355216,"01598M12:46:18.205","01598 11:59:03",242.28,836.73,,,,"     ",5.10,1764.22,0.97
1598,539355217,"01598M12:46:19.178","01598 11:59:04",242.31,836.68,,,,"     ",5.10,1743.52,0.96
1598,539355218,"01598M12:46:20.151","01598 11:59:05",242.34,836.69,,,,"     ",5.10,1724.41,0.95
1598,539355219,"01598M12:46:21.124","01598 11:59:06",242.36,836.69,,,,"     ",5.10,1766.64,0.97
1598,539355220,"01598M12:46:22.098","01598 11:59:07",242.37,836.76,,,,"     ",5.10,1755.08,0.96
1598,539355221,"01598M12:46:23.071","01598 11:59:08",242.35,836.77,,,,"     ",5.10,1743.74,0.96
1598,539355222,"01598M12:46:24.044","01598 11:59:09",242.30,836.74,,,,"     ",5.10,1751.23,0.96
1598,539355223,"01598M12:46:25.017","01598 11:59:10",242.21,836.65,,,,"     ",5.10,1752.35,0.96
1598,539355224,"01598M12:46:25.991","01598 11:59:10",242.11,836.63,,,,"     ",5.10,1749.86,0.96
1598,539355225,"01598M12:46:26.964","01598 11:59:11",242.00,836.64,,,,"     ",5.10,1751.27,0.96
1598,539355226,"01598M12:46:27.937","01598 11:59:12",241.88,836.64,,,,"     ",5.10,1772.69,0.97
1598,539355227,"01598M12:46:28.910","01598 11:59:13",241.76,836.64,,,,"     ",5.10,1740.80,0.95
1598,539355228,"01598M12:46:29.884","01598 11:59:14",241.66,836.70,,,,"     ",5.10,1756.05,0.96
1598,539355229,"01598M12:46:30.857","01598 11:59:15",241.57,836.75,,,,"     ",5.10,1762.89,0.97
1598,539355230,"01598M12:46:31.830","01598 11:59:16",241.49,836.77,,,,"     ",5.10,1728.92,0.95
1598,539355231,"01598M12:46:32.803","01598 11:59:17",241.45,836.73,,,,"     ",5.10,1778.01,0.97
1598,539355232,"01598M12:46:33.777","01598 11:59:18",241.42,836.75,,,,"     ",5.10,1734.49,0.95
1598,539355233,"01598M12:46:34.750","01598 11:59:19",241.43,836.80,,,,"     ",5.10,1758.00,0.96
1598,539355234,"01598M12:46:35.723","01598 11:59:20",241.45,836.76,,,,"     ",5.10,1750.25,0.96
1598,539355235,"01598M12:46:36.696","01598 11:59:21",241.49,836.78,,,,"     ",5.10,1742.10,0.95
1598,539355236,"01598M12:46:37.670","01598 11:59:22",241.52,836.76,,,,"     ",5.10,1754.96,0.96
1598,539355237,"01598M12:46:38.643","01598 11:59:23",241.56,836.68,,,,"     ",5.10,1749.37,0.96
1598,539355238,"01598M12:46:39.616","01598 11:59:24",241.58,836.75,,,,"     ",5.10,1739.28,0.95
1598,539355239,"01598M12:46:40.589","01598 11:59:25",241.59,836.77,,,,"     ",5.10,1743.41,0.95
1598,539355240,"01598M12:46:41.563","01598 11:59:26",241.58,836.79,,,,"     ",5.10,1756.04,0.96
1598,539355241,"01598M12:46:42.536","01598 11:59:27",241.57,836.75,,,,"     ",5.10,1778.58,0.97
1598,539355242,"01598M12:46:43.509","01598 11:59:28",241.54,836.81,,,,"     ",5.10,1737.63,0.95
1598,539355243,"01598M12:46:44.482","01598 11:59:29",241.50,836.80,,,,"     ",5.10,1752.09,0.96
1598,539355244,"01598M12:46:45.456","01598 11:59:30",241.45,836.72,,,,"     ",5.10,1744.06,0.95
1598,539355245,"01598M12:46:46.429","01598 11:59:31",241.38,836.73,,,,"     ",5.10,1730.64,0.94
1598,539355246,"01598M12:46:47.402","01598 11:59:32",241.31,836.67,,,,"     ",5.10,1748.35,0.95
1598,539355247,"01598M12:46:48.375","01598 11:59:33",241.24,836.75,,,,"     ",5.10,1752.44,0.96
1598,539355248,"01598M12:46:49.349","01598 11:59:34",241.18,836.69,,,,"     ",5.10,1735.64,0.95
1598,539355249,"01598M12:46:50.322","01598 11:59:35",241.12,836.73,,,,"     ",5.10,1743.55,0.95
1598,539355250,"01598M12:46:51.295","01598 11:59:36",241.08,836.73,,,,"     ",5.10,1774.41,0.97
1598,539355251,"01598M12:46:52.268","01598 11:59:37",241.06,836.67,,,,"     ",5.10,1739.11,0.95
1598,539355252,"01598M12:46:53.242","01598 11:59:38",241.05,836.68,,,,"     ",5.10,1753.16,0.96
1598,539355253,"01598M12:46:54.215","01598 11:59:39",241.06,836.62,,,,"     ",5.10,1762.11,0.96
1598,539355254,"01598M12:46:55.188","01598 11:59:40",241.06,836.67,,,,"     ",5.10,1747.78,0.95
1598,539355255,"01598M12:46:56.161","01598 11:59:41",241.07,836.72,,,,"     ",5.10,1763.18,0.96
1598,539355256,"01598M12:46:57.135","01598 11:59:42",241.07,836.65,,,,"     ",5.10,1762.86,0.96
1598,539355257,"01598M12:46:58.108","01598 11:59:43",241.06,836.64,,,,"     ",5.10,1748.10,0.95
1598,539355258,"01598M12:46:59.081","01598 11:59:44",241.06,836.71,,,,"     ",5.10,1750.19,0.95
1598,539355259,"01598M12:47:00.054","01598 11:59:45",241.05,836.61,,,,"     ",5.10,1742.54,0.95
1598,539355260,"01598M12:47:01.028","01598 11:59:46",241.03,836.56,,,,"     ",5.10,1748.72,0.95
1598,539355261,"01598M12:47:02.001","01598 11:59:46",241.01,836.55,,,,"     ",5.10,1747.63,0.95
1598,539355262,"01598M12:47:02.974","01598 11:59:47",240.98,836.59,,,,"     ",5.10,1720.44,0.94
1598,539355263,"01598M12:47:03.947","01598 11:59:48",240.95,836.58,,,,"     ",5.10,1755.77,0.96
1598,539355264,"01598M12:47:04.921","01598 11:59:49",240.93,836.57,,,,"     ",5.10,1726.00,0.94
1598,539355265,"01598M12:47:05.894","01598 11:59:50",240.91,836.60,,,,"     ",5.10,1742.78,0.95
1598,539355266,"01598M12:47:06.867","01598 11:59:51",240.91,836.57,,,,"     ",5.10,1745.74,0.95
1598,539355267,"01598M12:47:07.840","01598 11:59:52",240.92,836.61,,,,"     ",5.10,1757.86,0.96
1598,539355268,"01598M12:47:08.814","01598 11:59:53",240.96,836.61,,,,"     ",5.10,1760.43,0.96
1598,539355269,"01598M12:47:09.787","01598 11:59:54",241.00,836.57,,,,"     ",5.10,1749.12,0.95
1598,539355270,"01598M12:47:10.760","01598 11:59:55",241.07,836.63,,,,"     ",5.10,1744.01,0.95
1598,539355271,"01598M12:47:11.733","01598 11:59:56",241.14,836.60,,,,"     ",5.10,1748.57,0.95
1598,539355272,"01598M12:47:12.707","01598 11:59:57",241.23,836.54,,,,"     ",5.10,1750.94,0.96
1598,539355273,"01598M12:47:13.680","01598 11:59:58",241.31,836.57,,,,"     ",5.10,1770.55,0.97
1598,539355274,"01598M12:47:14.653","01598 11:59:59",241.39,836.54,,,,"     ",5.10,1762.03,0.96
1598,539355275,"01598M12:47:15.627","01598 12:00:00",241.45,836.53,,,,"     ",5.10,1749.69,0.96
1598,539355276,"01598M12:47:16.600","01598 12:00:01",241.51,836.43,,,,"     ",5.10,1728.62,0.94
1598,539355277,"01598M12:47:17.573","01598 12:00:02",241.54,836.48,,,,"     ",5.10,1759.10,0.96
1598,539355278,"01598M12:47:18.546","01598 12:00:03",241.56,836.50,,,,"     ",5.10,1752.39,0.96
1598,539355279,"01598M12:47:19.520","01598 12:00:04",241.56,836.52,,,,"     ",5.10,1743.38,0.95
1598,539355280,"01598M12:47:20.493","01598 12:00:05",241.55,836.59,,,,"     ",5.10,1740.66,0.95
1598,539355281,"01598M12:47:21.466","01598 12:00:06",241.52,836.56,,,,"     ",5.10,1769.09,0.97
1598,539355282,"01598M12:47:22.439","01598 12:00:07",241.48,836.54,,,,"     ",5.10,1740.20,0.95
1598,539355283,"01598M12:47:23.413","01598 12:00:08",241.43,836.52,,,,"     ",5.10,1743.37,0.95
1598,539355284,"01598M12:47:24.386","01598 12:00:09",241.39,836.52,,,,"     ",5.10,1773.16,0.97
1598,539355285,"01598M12:47:25.359","01598 12:00:10",241.33,836.51,,,,"     ",5.10,1748.29,0.96
1598,539355286,"01598M12:47:26.332","01598 12:00:11",241.29,836.51,,,,"     ",5.10,1752.85,0.96
1598,539355287,"01598M12:47:27.306","01598 12:00:12",241.25,836.55,,,,"     ",5.10,1739.53,0.95
1598,539355288,"01598M12:47:28.279","01598 12:00:13",241.22,836.50,,,,"     ",5.10,1728.12,0.95
1598,539355289,"01598M12:47:29.252","01598 12:00:14",241.20,836.56,,,,"     ",5.10,1755.98,0.96
1598,539355290,"01598M12:47:30.225","01598 12:00:15",241.20,836.59,,,,"     ",5.10,1750.90,0.96
1598,539355291,"01598M12:47:31.199","01598 12:00:16",241.21,836.62,,,,"     ",5.10,1735.50,0.95
1598,539355292,"01598M12:47:32.172","01598 12:00:17",241.24,836.59,,,,"     ",5.10,1742.84,0.95
1598,539355293,"01598M12:47:33.145","01598 12:00:18",241.28,836.55,,,,"     ",5.10,1735.72,0.95
1598,539355294,"01598M12:47:34.118","01598 12:00:19",241.32,836.57,,,,"     ",5.10,1748.32,0.96
1598,539355295,"01598M12:47:35.092","01598 12:00:20",241.37,836.47,,,,"     ",5.10,1751.07,0.96
1598,539355296,"01598M12:47:36.065","01598 12:00:21",241.43,836.57,,,,"     ",5.10,1765.34,0.97
1598,539355297,"01598M12:47:37.038","01598 12:00:22",241.50,836.48,,,,"     ",5.10,1753.05,0.96
1598,539355298,"01598M12:47:38.011","01598 12:00:22",241.59,836.51,,,,"     ",5.10,1751.39,0.96
1598,539355299,"01598M12:47:38.985","01598 12:00:23",241.68,836.43,,,,"     ",5.10,1733.66,0.95
1598,539355300,"01598M12:47:39.958","01598 12:00:24",241.78,836.43,,,,"     ",5.10,1739.40,0.95
1598,539355301,"01598M12:47:40.931","01598 12:00:25",241.89,836.45,,,,"     ",5.10,1760.06,0.97
1598,539355302,"01598M12:47:41.904","01598 12:00:26",241.99,836.47,,,,"     ",5.10,1740.14,0.95
1598,539355303,"01598M12:47:42.878","01598 12:00:27",242.09,836.42,,,,"     ",5.10,1730.55,0.95
1598,539355304,"01598M12:47:43.851","01598 12:00:28",242.17,836.51,,,,"     ",5.10,1745.00,0.96
1598,539355305,"01598M12:47:44.824","01598 12:00:29",242.24,836.49,,,,"     ",5.10,1752.23,0.96
1598,539355306,"01598M12:47:45.797","01598 12:00:30",242.28,836.48,,,,"     ",5.10,1749.37,0.96
1598,539355307,"01598M12:47:46.771","01598 12:00:31",242.31,836.45,,,,"     ",5.10,1757.42,0.96
1598,539355308,"01598M12:47:47.744","01598 12:00:32",242.31,836.45,,,,"     ",5.10,1736.72,0.95
1598,539355309,"01598M12:47:48.717","01598 12:00:33",242.30,836.50,,,,"     ",5.10,1749.57,0.96
1598,539355310,"01598M12:47:49.690","01598 12:00:34",242.27,836.54,,,,"     ",5.10,1745.51,0.96
1598,539355311,"01598M12:47:50.664","01598 12:00:35",242.24,836.45,,,,"     ",5.10,1753.02,0.96
1598,539355312,"01598M12:47:51.637","01598 12:00:36",242.19,836.51,,,,"     ",5.10,1755.00,0.96
1598,539355313,"01598M12:47:52.610","01598 12:00:37",242.14,836.48,,,,"     ",5.10,1755.86,0.96
1598,539355314,"01598M12:47:53.583","01598 12:00:38",242.10,836.46,,,,"     ",5.10,1762.61,0.97
1598,539355315,"01598M12:47:54.557","01598 12:00:39",242.07,836.41,,,,"     ",5.10,1760.96,0.96
1598,539355316,"01598M12:47:55.530","01598 12:00:40",242.07,836.33,,,,"     ",5.10,1750.27,0.96
1598,539355317,"01598M12:47:56.503","01598 12:00:41",242.08,836.40,,,,"     ",5.10,1768.61,0.97
1598,539355318,"01598M12:47:57.476","01598 12:00:42",242.13,836.41,,,,"     ",5.10,1739.23,0.95
1598,539355319,"01598M12:47:58.450","01598 12:00:43",242.19,836.38,,,,"     ",5.10,1750.38,0.96
1598,539355320,"01598M12:47:59.423","01598 12:00:44",242.26,836.32,,,,"     ",5.10,1762.18,0.96
1598,539355321,"01598M12:48:00.396","01598 12:00:45",242.33,836.40,,,,"     ",5.10,1732.99,0.95
1598,539355322,"01598M12:48:01.369","01598 12:00:46",242.40,836.34,,,,"     ",5.10,1736.06,0.95
1598,539355323,"01598M12:48:02.343","01598 12:00:47",242.47,836.35,,,,"     ",5.10,1738.11,0.95
1598,539355324,"01598M12:48:03.316","01598 12:00:48",242.53,836.27,,,,"     ",5.10,1730.02,0.94
1598,539355325,"01598M12:48:04.289","01598 12:00:49",242.57,836.35,,,,"     ",5.10,1736.30,0.95
1598,539355326,"01598M12:48:05.262","01598 12:00:50",242.61,836.32,,,,"     ",5.10,1772.91,0.97
1598,539355327,"01598M12:48:06.236","01598 12:00:51",242.63,836.31,,,,"     ",5.10,1755.85,0.96
1598,539355328,"01598M12:48:07.209","01598 12:00:52",242.65,836.30,,,,"     ",5.10,1756.35,0.96
1598,539355329,"01598M12:48:08.182","01598 12:00:53",242.66,836.32,,,,"     ",5.10,1756.14,0.96
1598,539355330,"01598M12:48:09.155","01598 12:00:54",242.68,836.20,,,,"     ",5.10,1755.36,0.96
1598,539355331,"01598M12:48:10.129","01598 12:00:55",242.71,836.27,,,,"     ",5.10,1751.28,0.95
1598,539355332,"01598M12:48:11.102","01598 12:00:56",242.74,836.19,,,,"     ",5.10,1783.15,0.97
1598,539355333,"01598M12:48:12.075","01598 12:00:57",242.78,836.23,,,,"     ",5.10,1765.51,0.96
1598,539355334,"01598M12:48:13.048","01598 12:00:58",242.82,836.25,,,,"     ",5.10,1763.62,0.96
1598,539355335,"01598M12:48:14.022","01598 12:00:58",242.84,836.23,,,,"     ",5.10,1770.91,0.96
1598,539355336,"01598M12:48:14.995","01598 12:00:59",242.87,836.12,,,,"     ",5.10,1751.90,0.95
1598,539355337,"01598M12:48:15.968","01598 12:01:00",242.87,836.10,,,,"     ",5.10,1755.35,0.95
1598,539355338,"01598M12:48:16.941","01598 12:01:01",242.85,836.19,,,,"     ",5.10,1756.52,0.95
1598,539355339,"01598M12:48:17.915","01598 12:01:02",242.81,836.21,,,,"     ",5.10,1740.73,0.94
1598,539355340,"01598M12:48:18.888","01598 12:01:03",242.75,836.24,,,,"     ",5.10,1742.46,0.94
1598,539355341,"01598M12:48:19.861","01598 12:01:04",242.68,836.13,,,,"     ",5.10,1755.75,0.95
1598,539355342,"01598M12:48:20.834","01598 12:01:05",242.60,836.08,,,,"     ",5.10,1766.44,0.96
1598,539355343,"01598M12:48:21.808","01598 12:01:06",242.50,836.11,,,,"     ",5.10,1764.67,0.96
1598,539355344,"01598M12:48:22.781","01598 12:01:07",242.40,836.19,,,,"     ",5.10,1747.34,0.95
1598,539355345,"01598M12:48:23.754","01598 12:01:08",242.29,836.17,,,,"     ",5.10,1803.67,0.98
1598,539355346,"01598M12:48:24.728","01598 12:01:09",242.19,836.16,,,,"     ",5.10,1738.84,0.94
1598,539355347,"01598M12:48:25.701","01598 12:01:10",242.10,836.21,,,,"     ",5.10,1749.43,0.95
1598,539355348,"01598M12:48:26.674","01598 12:01:11",242.04,836.27,,,,"     ",5.10,1747.75,0.94
1598,539355349,"01598M12:48:27.647","01598 12:01:12",242.00,836.18,,,,"     ",5.10,1753.78,0.95
1598,539355350,"01598M12:48:28.621","01598 12:01:13",241.98,836.16,,,,"     ",5.10,1750.50,0.95
1598,539355351,"01598M12:48:29.594","01598 12:01:14",241.96,836.24,,,,"     ",5.10,1778.74,0.96
1598,539355352,"01598M12:48:30.567","01598 12:01:15",241.96,836.19,,,,"     ",5.10,1768.08,0.95
1598,539355353,"01598M12:48:31.540","01598 12:01:16",241.95,836.14,,,,"     ",5.10,1754.91,0.95
1598,539355354,"01598M12:48:32.514","01598 12:01:17",241.93,836.15,,,,"     ",5.10,1772.38,0.96
1598,539355355,"01598M12:48:33.487","01598 12:01:18",241.91,836.13,,,,"     ",5.10,1743.96,0.94
1598,539355356,"01598M12:48:34.460","01598 12:01:19",241.89,836.17,,,,"     ",5.10,1756.37,0.95
1598,539355357,"01598M12:48:35.433","01598 12:01:20",241.86,836.16,,,,"     ",5.10,1736.71,0.94
1598,539355358,"01598M12:48:36.407","01598 12:01:21",241.83,836.20,,,,"     ",5.10,1759.54,0.95
1598,539355359,"01598M12:48:37.380","01598 12:01:22",241.81,836.17,,,,"     ",5.10,1762.06,0.95
1598,539355360,"01598M12:48:38.353","01598 12:01:23",241.80,836.27,,,,"     ",5.10,1750.89,0.94
1598,539355361,"01598M12:48:39.326","01598 12:01:24",241.80,836.23,,,,"     ",5.10,1781.13,0.96
1598,539355362,"01598M12:48:40.300","01598 12:01:25",241.80,836.13,,,,"     ",5.10,1748.60,0.94
1598,539355363,"01598M12:48:41.273","01598 12:01:26",241.80,836.12,,,,"     ",5.10,1794.34,0.97
1598,539355364,"01598M12:48:42.246","01598 12:01:27",241.81,836.09,,,,"     ",5.10,1761.32,0.95
1598,539355365,"01598M12:48:43.219","01598 12:01:28",241.83,836.06,,,,"     ",5.10,1788.72,0.96
1598,539355366,"01598M12:48:44.193","01598 12:01:29",241.86,836.13,,,,"     ",5.10,1769.76,0.95
1598,539355367,"01598M12:48:45.166","01598 12:01:30",241.91,836.05,,,,"     ",5.10,1775.28,0.96
1598,539355368,"01598M12:48:46.139","01598 12:01:31",241.96,836.06,,,,"     ",5.10,1759.11,0.95
1598,539355369,"01598M12:48:47.112","01598 12:01:32",242.01,836.11,,,,"     ",5.10,1773.85,0.96
1598,539355370,"01598M12:48:48.086","01598 12:01:33",242.06,836.10,,,,"     ",5.10,1807.78,0.97
1598,539355371,"01598M12:48:49.059","01598 12:01:34",242.11,836.06,,,,"     ",5.10,1765.36,0.95
1598,539355372,"01598M12:48:50.032","01598 12:01:35",242.18,836.04,,,,"     ",5.10,1782.28,0.96
1598,539355373,"01598M12:48:51.005","01598 12:01:35",242.25,835.98,,,,"     ",5.10,1764.48,0.95
1598,539355374,"01598M12:48:51.979","01598 12:01:36",242.33,835.90,,,,"     ",5.10,1789.29,0.96
1598,539355375,"01598M12:48:52.952","01598 12:01:37",242.40,835.90,,,,"     ",5.10,1761.56,0.95
1598,539355376,"01598M12:48:53.925","01598 12:01:38",242.48,836.02,,,,"     ",5.10,1770.49,0.95
1598,539355377,"01598M12:48:54.898","01598 12:01:39",242.56,835.94,,,,"     ",5.10,1767.98,0.95
1598,539355378,"01598M12:48:55.872","01598 12:01:40",242.63,835.94,,,,"     ",5.10,1795.99,0.97
1598,539355379,"01598M12:48:56.845","01598 12:01:41",242.68,835.90,,,,"     ",5.10,1738.07,0.93
1598,539355380,"01598M12:48:57.818","01598 12:01:42",242.72,835.95,,,,"     ",5.10,1755.61,0.94
1598,539355381,"01598M12:48:58.791","01598 12:01:43",242.74,835.96,,,,"     ",5.10,1782.55,0.96
1598,539355382,"01598M12:48:59.765","01598 12:01:44",242.74,835.93,,,,"     ",5.10,1774.91,0.95
1598,539355383,"01598M12:49:00.738","01598 12:01:45",242.72,835.90,,,,"     ",5.10,1754.36,0.94
1598,539355384,"01598M12:49:01.711","01598 12:01:46",242.69,835.76,,,,"     ",5.10,1747.61,0.94
1598,539355385,"01598M12:49:02.684","01598 12:01:47",242.65,835.84,,,,"     ",5.10,1764.93,0.95
1598,539355386,"01598M12:49:03.658","01598 12:01:48",242.61,835.88,,,,"     ",5.10,1779.32,0.96
1598,539355387,"01598M12:49:04.631","01598 12:01:49",242.56,835.94,,,,"     ",5.10,1748.98,0.94
1598,539355388,"01598M12:49:05.604","01598 12:01:50",242.52,835.91,,,,"     ",5.10,1774.87,0.95
1598,539355389,"01598M12:49:06.577","01598 12:01:51",242.48,835.89,,,,"     ",5.10,1770.78,0.95
1598,539355390,"01598M12:49:07.551","01598 12:01:52",242.44,835.90,,,,"     ",5.10,1784.45,0.96
1598,539355391,"01598M12:49:08.524","01598 12:01:53",242.42,835.91,,,,"     ",5.10,1747.59,0.94
1598,539355392,"01598M12:49:09.497","01598 12:01:54",242.42,836.01,,,,"     ",5.10,1772.65,0.95
1598,539355393,"01598M12:49:10.470","01598 12:01:55",242.42,835.97,,,,"     ",5.10,1769.66,0.95
1598,539355394,"01598M12:49:11.444","01598 12:01:56",242.44,835.99,,,,"     ",5.10,1768.92,0.95
1598,539355395,"01598M12:49:12.417","01598 12:01:57",242.46,835.92,,,,"     ",5.10,1790.47,0.96
1598,539355396,"01598M12:49:13.390","01598 12:01:58",242.49,835.97,,,,"     ",5.10,1783.58,0.95
1598,539355397,"01598M12:49:14.363","01598 12:01:59",242.52,835.93,,,,"     ",5.10,1765.46,0.94
1598,539355398,"01598M12:49:15.337","01598 12:02:00",242.54,835.92,,,,"     ",5.10,1769.73,0.95
1598,539355399,"01598M12:49:16.310","01598 12:02:01",242.56,835.91,,,,"     ",5.10,1764.85,0.94
1598,539355400,"01598M12:49:17.283","01598 12:02:02",242.57,835.96,,,,"     ",5.10,1774.21,0.95
1598,539355401,"01598M12:49:18.256","01598 12:02:03",242.58,835.98,,,,"     ",5.10,1778.10,0.95
1598,539355402,"01598M12:49:19.230","01598 12:02:04",242.57,836.03,,,,"     ",5.10,1778.55,0.95
1598,539355403,"01598M12:49:20.203","01598 12:02:05",242.55,836.01,,,,"     ",5.10,1762.71,0.94
1598,539355404,"01598M12:49:21.176","01598 12:02:06",242.51,835.93,,,,"     ",5.10,1751.09,0.93
1598,539355405,"01598M12:49:22.149","01598 12:02:07",242.46,835.93,,,,"     ",5.10,1783.21,0.95
1598,539355406,"01598M12:49:23.123","01598 12:02:08",242.40,835.90,,,,"     ",5.10,1771.96,0.94
1598,539355407,"01598M12:49:24.096","01598 12:02:09",242.36,835.93,,,,"     ",5.10,1795.91,0.96
1598,539355408,"01598M12:49:25.069","01598 12:02:10",242.32,835.96,,,,"     ",5.10,1780.68,0.95
1598,539355409,"01598M12:49:26.042","01598 12:02:11",242.30,835.95,,,,"     ",5.10,1773.56,0.94
1598,539355410,"01598M12:49:27.016","01598 12:02:11",242.29,836.03,,,,"     ",5.10,1765.28,0.94
1598,539355411,"01598M12:49:27.989","01598 12:02:12",242.30,835.92,,,,"     ",5.10,1782.41,0.95
1598,539355412,"01598M12:49:28.962","01598 12:02:13",242.32,835.96,,,,"     ",5.10,1784.46,0.95
1598,539355413,"01598M12:49:29.935","01598 12:02:14",242.37,835.88,,,,"     ",5.10,1786.28,0.95
1598,539355414,"01598M12:49:30.909","01598 12:02:15",242.42,835.88,,,,"     ",5.10,1775.93,0.94
1598,539355415,"01598M12:49:31.882","01598 12:02:16",242.49,835.90,,,,"     ",5.10,1799.07,0.95
1598,539355416,"01598M12:49:32.855","01598 12:02:17",242.56,835.91,,,,"     ",5.10,1800.37,0.96
1598,539355417,"01598M12:49:33.829","01598 12:02:18",242.62,835.84,,,,"     ",5.10,1791.40,0.95
1598,539355418,"01598M12:49:34.802","01598 12:02:19",242.66,835.88,,,,"     ",5.10,1786.78,0.95
1598,539355419,"01598M12:49:35.775","01598 12:02:20",242.69,835.93,,,,"     ",5.10,1773.93,0.94
1598,539355420,"01598M12:49:36.748","01598 12:02:21",242.68,835.79,,,,"     ",5.10,1786.06,0.95
1598,539355421,"01598M12:49:37.722","01598 12:02:22",242.66,835.79,,,,"     ",5.10,1793.25,0.95
1598,539355422,"01598M12:49:38.695","01598 12:02:23",242.63,835.93,,,,"     ",5.10,1791.54,0.95
1598,539355423,"01598M12:49:39.668","01598 12:02:24",242.59,835.75,,,,"     ",5.10,1818.82,0.96
1598,539355424,"01598M12:49:40.641","01598 12:02:25",242.56,835.81,,,,"     ",5.10,1798.73,0.95
1598,539355425,"01598M12:49:41.615","01598 12:02:26",242.55,835.88,,,,"     ",5.10,1792.56,0.95
1598,539355426,"01598M12:49:42.588","01598 12:02:27",242.57,835.77,,,,"     ",5.10,1785.45,0.94
1598,539355427,"01598M12:49:43.561","01598 12:02:28",242.60,835.83,,,,"     ",5.10,1788.12,0.94
1598,539355428,"01598M12:49:44.534","01598 12:02:29",242.65,835.81,,,,"     ",5.10,1788.49,0.94
1598,539355429,"01598M12:49:45.508","01598 12:02:30",242.71,835.76,,,,"     ",5.10,1809.43,0.96
1598,539355430,"01598M12:49:46.481","01598 12:02:31",242.78,835.79,,,,"     ",5.10,1796.65,0.95
1598,539355431,"01598M12:49:47.454","01598 12:02:32",242.86,835.79,,,,"     ",5.10,1800.79,0.95
1598,539355432,"01598M12:49:48.427","01598 12:02:33",242.95,835.80,,,,"     ",5.10,1817.96,0.96
1598,539355433,"01598M12:49:49.401","01598 12:02:34",243.05,835.83,,,,"     ",5.10,1816.32,0.96
1598,539355434,"01598M12:49:50.374","01598 12:02:35",243.17,835.78,,,,"     ",5.10,1795.77,0.95
1598,539355435,"01598M12:49:51.347","01598 12:02:36",243.29,835.76,,,,"     ",5.10,1808.70,0.95
1598,539355436,"01598M12:49:52.320","01598 12:02:37",243.40,835.73,,,,"     ",5.10,1820.28,0.96
1598,539355437,"01598M12:49:53.294","01598 12:02:38",243.51,835.74,,,,"     ",5.10,1818.81,0.96
1598,539355438,"01598M12:49:54.267","01598 12:02:39",243.62,835.77,,,,"     ",5.10,1802.75,0.95
1598,539355439,"01598M12:49:55.240","01598 12:02:40",243.73,835.75,,,,"     ",5.10,1784.15,0.94
1598,539355440,"01598M12:49:56.213","01598 12:02:41",243.85,835.69,,,,"     ",5.10,1786.43,0.94
1598,539355441,"01598M12:49:57.187","01598 12:02:42",243.97,835.82,,,,"     ",5.10,1801.33,0.95
1598,539355442,"01598M12:49:58.160","01598 12:02:43",244.07,835.67,,,,"     ",5.10,1812.51,0.95
1598,539355443,"01598M12:49:59.133","01598 12:02:44",244.14,835.65,,,,"     ",5.10,1817.65,0.95
1598,539355444,"01598M12:50:00.106","01598 12:02:45",244.17,835.74,,,,"     ",5.10,1804.08,0.95
1598,539355445,"01598M12:50:01.080","01598 12:02:46",244.16,835.65,,,,"     ",5.10,1796.89,0.94
1598,539355446,"01598M12:50:02.053","01598 12:02:47",244.10,835.73,,,,"     ",5.10,1807.15,0.95
1598,539355447,"01598M12:50:03.026","01598 12:02:47",244.02,835.60,,,,"     ",5.10,1806.05,0.95
1598,539355448,"01598M12:50:03.999","01598 12:02:48",243.92,835.58,,,,"     ",5.10,1818.42,0.95
1598,539355449,"01598M12:50:04.973","01598 12:02:49",243.82,835.59,,,,"     ",5.10,1811.92,0.95
1598,539355450,"01598M12:50:05.946","01598 12:02:50",243.72,835.63,,,,"     ",5.10,1838.33,0.96
1598,539355451,"01598M12:50:06.919","01598 12:02:51",243.63,835.65,,,,"     ",5.10,1825.45,0.96
1598,539355452,"01598M12:50:07.892","01598 12:02:52",243.56,835.52,,,,"     ",5.10,1838.40,0.96
1598,539355453,"01598M12:50:08.866","01598 12:02:53",243.49,835.50,,,,"     ",5.10,1813.88,0.95
1598,539355454,"01598M12:50:09.839","01598 12:02:54",243.44,835.60,,,,"     ",5.10,1836.75,0.96
1598,539355455,"01598M12:50:10.812","01598 12:02:55",243.41,835.58,,,,"     ",5.10,1840.89,0.96
1598,539355456,"01598M12:50:11.785","01598 12:02:56",243.38,835.66,,,,"     ",5.10,1805.19,0.94
1598,539355457,"01598M12:50:12.759","01598 12:02:57",243.37,835.52,,,,"     ",5.10,1839.25,0.96
1598,539355458,"01598M12:50:13.732","01598 12:02:58",243.37,835.62,,,,"     ",5.10,1835.68,0.96
1598,539355459,"01598M12:50:14.705","01598 12:02:59",243.36,835.60,,,,"     ",5.10,1823.12,0.95
1598,539355460,"01598M12:50:15.678","01598 12:03:00",243.36,835.72,,,,"     ",5.10,1808.92,0.94
1598,539355461,"01598M12:50:16.652","01598 12:03:01",243.34,835.66,,,,"     ",5.10,1836.96,0.96
1598,539355462,"01598M12:50:17.625","01598 12:03:02",243.30,835.69,,,,"     ",5.10,1827.69,0.95
1598,539355463,"01598M12:50:18.598","01598 12:03:03",243.26,835.63,,,,"     ",5.10,1810.10,0.94
1598,539355464,"01598M12:50:19.571","01598 12:03:04",243.21,835.66,,,,"     ",5.10,1838.35,0.96
1598,539355465,"01598M12:50:20.545","01598 12:03:05",243.15,835.73,,,,"     ",5.10,1805.64,0.94
1598,539355466,"01598M12:50:21.518","01598 12:03:06",243.10,835.69,,,,"     ",5.10,1784.46,0.93
1598,539355467,"01598M12:50:22.491","01598 12:03:07",243.05,835.74,,,,"     ",5.10,1819.44,0.95
1598,539355468,"01598M12:50:23.464","01598 12:03:08",243.02,835.68,,,,"     ",5.10,1784.98,0.93
1598,539355469,"01598M12:50:24.438","01598 12:03:09",242.99,835.68,,,,"     ",5.10,1817.65,0.94
1598,539355470,"01598M12:50:25.411","01598 12:03:10",242.95,835.71,,,,"     ",5.10,1804.58,0.94
1598,539355471,"01598M12:50:26.384","01598 12:03:11",242.91,835.67,,,,"     ",5.10,1819.60,0.94
1598,539355472,"01598M12:50:27.357","01598 12:03:12",242.86,835.75,,,,"     ",5.10,1824.36,0.95
1598,539355473,"01598M12:50:28.331","01598 12:03:13",242.81,835.69,,,,"     ",5.10,1821.99,0.94
1598,539355474,"01598M12:50:29.304","01598 12:03:14",242.76,835.56,,,,"     ",5.10,1819.01,0.94
1598,539355475,"01598M12:50:30.277","01598 12:03:15",242.71,835.54,,,,"     ",5.10,1842.13,0.95
1598,539355476,"01598M12:50:31.250","01598 12:03:16",242.65,835.56,,,,"     ",5.10,1819.86,0.94
1598,539355477,"01598M12:50:32.224","01598 12:03:17",242.59,835.60,,,,"     ",5.10,1825.30,0.95
1598,539355478,"01598M12:50:33.197","01598 12:03:18",242.53,835.47,,,,"     ",5.10,1839.86,0.95
1598,539355479,"01598M12:50:34.170","01598 12:03:19",242.47,835.50,,,,"     ",5.10,1837.21,0.95
1598,539355480,"01598M12:50:35.143","01598 12:03:20",242.40,835.62,,,,"     ",5.10,1816.12,0.94
1598,539355481,"01598M12:50:36.117","01598 12:03:21",242.33,835.56,,,,"     ",5.10,1795.58,0.93
1598,539355482,"01598M12:50:37.090","01598 12:03:22",242.26,835.54,,,,"     ",5.10,1814.70,0.94
1598,539355483,"01598M12:50:38.063","01598 12:03:23",242.18,835.55,,,,"     ",5.10,1834.35,0.95
1598,539355484,"01598M12:50:39.036","01598 12:03:23",242.46,835.54,,,,"     ",5.10,1826.63,0.94
1598,539355485,"01598M12:50:40.010","01598 12:03:24",242.39,835.51,,,,"     ",5.10,1799.20,0.93
1598,539355486,"01598M12:50:40.983","01598 12:03:25",242.33,835.57,,,,"     ",5.10,1822.10,0.94
1598,539355487,"01598M12:50:41.956","01598 12:03:26",242.29,835.60,,,,"     ",5.10,1819.84,0.94
1598,539355488,"01598M12:50:42.929","01598 12:03:27",242.25,835.56,,,,"     ",5.10,1842.31,0.95
1598,539355489,"01598M12:50:43.903","01598 12:03:28",242.22,835.55,,,,"     ",5.10,1813.66,0.94
1598,539355490,"01598M12:50:44.876","01598 12:03:29",242.21,835.53,,,,"     ",5.10,1819.26,0.94
1598,539355491,"01598M12:50:45.849","01598 12:03:30",242.21,835.50,,,,"     ",5.10,1808.04,0.93
1598,539355492,"01598M12:50:46.823","01598 12:03:31",242.21,835.35,,,,"     ",5.10,1835.56,0.95
1598,539355493,"01598M12:50:47.796","01598 12:03:32",242.23,835.39,,,,"     ",5.10,1814.19,0.94
1598,539355494,"01598M12:50:48.769","01598 12:03:33",242.25,835.36,,,,"     ",5.10,1799.59,0.93
1598,539355495,"01598M12:50:49.742","01598 12:03:34",242.28,835.39,,,,"     ",5.10,1821.40,0.94
1598,539355496,"01598M12:50:50.716","01598 12:03:35",242.32,835.47,,,,"     ",5.10,1848.63,0.96
1598,539355497,"01598M12:50:51.689","01598 12:03:36",242.36,835.43,,,,"     ",5.10,1856.31,0.96
1598,539355498,"01598M12:50:52.662","01598 12:03:37",242.44,835.42,,,,"     ",5.10,1809.30,0.93
1598,539355499,"01598M12:50:53.635","01598 12:03:38",242.56,835.40,,,,"     ",5.10,1818.94,0.94
1598,539355500,"01598M12:50:54.609","01598 12:03:39",242.66,835.46,,,,"     ",5.10,1816.96,0.94
1598,539355501,"01598M12:50:55.582","01598 12:03:40",242.75,835.34,,,,"     ",5.10,1805.46,0.93
1598,539355502,"01598M12:50:56.555","01598 12:03:41",242.81,835.42,,,,"     ",5.10,1834.02,0.95
1598,539355503,"01598M12:50:57.528","01598 12:03:42",242.84,835.43,,,,"     ",5.10,1826.70,0.95
1598,539355504,"01598M12:50:58.502","01598 12:03:43",242.85,835.43,,,,"     ",5.10,1834.25,0.95
1598,539355505,"01598M12:50:59.475","01598 12:03:44",242.86,835.42,,,,"     ",5.10,1799.59,0.93
1598,539355506,"01598M12:51:00.448","01598 12:03:45",242.87,835.41,,,,"     ",5.10,1836.31,0.95
1598,539355507,"01598M12:51:01.421","01598 12:03:46",242.88,835.40,,,,"     ",5.10,1825.74,0.95
1598,539355508,"01598M12:51:02.395","01598 12:03:47",242.89,835.37,,,,"     ",5.10,1833.95,0.95
1598,539355509,"01598M12:51:03.368","01598 12:03:48",242.91,835.42,,,,"     ",5.10,1822.92,0.94
1598,539355510,"01598M12:51:04.341","01598 12:03:49",242.92,835.49,,,,"     ",5.10,1818.98,0.94
1598,539355511,"01598M12:51:05.314","01598 12:03:50",242.94,835.34,,,,"     ",5.10,1850.79,0.96
1598,539355512,"01598M12:51:06.288","01598 12:03:51",242.96,835.40,,,,"     ",5.10,1796.75,0.93
1598,539355513,"01598M12:51:07.261","01598 12:03:52",242.97,835.42,,,,"     ",5.10,1820.08,0.94
1598,539355514,"01598M12:51:08.234","01598 12:03:53",242.98,835.40,,,,"     ",5.10,1815.84,0.94
1598,539355515,"01598M12:51:09.207","01598 12:03:54",242.98,835.39,,,,"     ",5.10,1819.61,0.94
1598,539355516,"01598M12:51:10.181","01598 12:03:55",242.95,835.37,,,,"     ",5.10,1838.90,0.95
1598,539355517,"01598M12:51:11.154","01598 12:03:56",242.90,835.44,,,,"     ",5.10,1812.39,0.94
1598,539355518,"01598M12:51:12.127","01598 12:03:57",242.84,835.49,,,,"     ",5.10,1817.90,0.94
1598,539355519,"01598M12:51:13.100","01598 12:03:58",242.75,835.49,,,,"     ",5.10,1813.03,0.94
1598,539355520,"01598M12:51:14.074","01598 12:03:59",242.67,835.58,,,,"     ",5.10,1805.96,0.94
1598,539355521,"01598M12:51:15.047","01598 12:03:59",242.59,835.46,,,,"     ",5.10,1812.08,0.94
1598,539355522,"01598M12:51:16.020","01598 12:04:00",242.53,835.44,,,,"     ",5.10,1827.64,0.95
1598,539355523,"01598M12:51:16.993","01598 12:04:01",242.51,835.59,,,,"     ",5.10,1847.17,0.96
1598,539355524,"01598M12:51:17.967","01598 12:04:02",242.51,835.42,,,,"     ",5.10,1813.77,0.94
1598,539355525,"01598M12:51:18.940","01598 12:04:03",242.54,835.45,,,,"     ",5.10,1820.40,0.95
1598,539355526,"01598M12:51:19.913","01598 12:04:04",242.59,835.41,,,,"     ",5.10,1808.83,0.94
1598,539355527,"01598M12:51:20.886","01598 12:04:05",242.63,835.41,,,,"     ",5.10,1804.91,0.94
1598,539355528,"01598M12:51:21.860","01598 12:04:06",242.67,835.44,,,,"     ",5.10,1815.97,0.94
1598,539355529,"01598M12:51:22.833","01598 12:04:07",242.69,835.56,,,,"     ",5.10,1816.71,0.94
1598,539355530,"01598M12:51:23.806","01598 12:04:08",242.70,835.48,,,,"     ",5.10,1814.71,0.94
1598,539355531,"01598M12:51:24.779","01598 12:04:09",242.69,835.53,,,,"     ",5.10,1810.34,0.94
1598,539355532,"01598M12:51:25.753","01598 12:04:10",242.67,835.56,,,,"     ",5.10,1810.60,0.94
1598,539355533,"01598M12:51:26.726","01598 12:04:11",242.61,835.51,,,,"     ",5.10,1827.00,0.95
1598,539355534,"01598M12:51:27.699","01598 12:04:12",242.54,835.62,,,,"     ",5.10,1811.22,0.94
1598,539355535,"01598M12:51:28.672","01598 12:04:13",242.46,835.55,,,,"     ",5.10,1819.89,0.95
1598,539355536,"01598M12:51:29.646","01598 12:04:14",242.38,835.48,,,,"     ",5.10,1825.80,0.95
1598,539355537,"01598M12:51:30.619","01598 12:04:15",242.31,835.55,,,,"     ",5.10,1830.07,0.95
1598,539355538,"01598M12:51:31.592","01598 12:04:16",242.24,835.51,,,,"     ",5.10,1820.47,0.95
1598,539355539,"01598M12:51:32.565","01598 12:04:17",242.18,835.45,,,,"     ",5.10,1848.32,0.96
1598,539355540,"01598M12:51:33.539","01598 12:04:18",242.12,835.49,,,,"     ",5.10,1810.57,0.94
1598,539355541,"01598M12:51:34.512","01598 12:04:19",242.06,835.49,,,,"     ",5.10,1791.22,0.93
1598,539355542,"01598M12:51:35.485","01598 12:04:20",242.00,835.51,,,,"     ",5.10,1818.34,0.95
1598,539355543,"01598M12:51:36.458","01598 12:04:21",241.94,835.53,,,,"     ",5.10,1807.14,0.94
1598,539355544,"01598M12:51:37.432","01598 12:04:22",241.89,835.45,,,,"     ",5.10,1780.14,0.93
1598,539355545,"01598M12:51:38.405","01598 12:04:23",241.84,835.47,,,,"     ",5.10,1784.28,0.93
1598,539355546,"01598M12:51:39.378","01598 12:04:24",241.82,835.48,,,,"     ",5.10,1813.65,0.95
1598,539355547,"01598M12:51:40.351","01598 12:04:25",241.80,835.56,,,,"     ",5.10,1775.86,0.93
1598,539355548,"01598M12:51:41.325","01598 12:04:26",241.79,835.47,,,,"     ",5.10,1808.16,0.95
1598,539355549,"01598M12:51:42.298","01598 12:04:27",241.78,835.53,,,,"     ",5.10,1795.91,0.94
1598,539355550,"01598M12:51:43.271","01598 12:04:28",241.78,835.54,,,,"     ",5.10,1783.99,0.93
1598,539355551,"01598M12:51:44.244","01598 12:04:29",241.76,835.59,,,,"     ",5.10,1797.77,0.94
1598,539355552,"01598M12:51:45.218","01598 12:04:30",241.74,835.56,,,,"     ",5.10,1808.29,0.95
1598,539355553,"01598M12:51:46.191","01598 12:04:31",241.70,835.52,,,,"     ",5.10,1803.13,0.95
1598,539355554,"01598M12:51:47.164","01598 12:04:32",241.66,835.43,,,,"     ",5.10,1768.30,0.93
1598,539355555,"01598M12:51:48.137","01598 12:04:33",241.61,835.47,,,,"     ",5.10,1804.82,0.95
1598,539355556,"01598M12:51:49.111","01598 12:04:34",241.55,835.37,,,,"     ",5.10,1792.78,0.94
1598,539355557,"01598M12:51:50.084","01598 12:04:35",241.49,835.46,,,,"     ",5.10,1807.06,0.95
1598,539355558,"01598M12:51:51.057","01598 12:04:35",241.42,835.46,,,,"     ",5.10,1787.76,0.94
1598,539355559,"01598M12:51:52.030","01598 12:04:36",241.35,835.41,,,,"     ",5.10,1806.84,0.95
1598,539355560,"01598M12:51:53.004","01598 12:04:37",241.30,835.45,,,,"     ",5.10,1781.16,0.94
1598,539355561,"01598M12:51:53.977","01598 12:04:38",241.24,835.43,,,,"     ",5.10,1799.73,0.95
1598,539355562,"01598M12:51:54.950","01598 12:04:39",241.20,835.41,,,,"     ",5.10,1789.84,0.94
1598,539355563,"01598M12:51:55.924","01598 12:04:40",241.17,835.39,,,,"     ",5.10,1812.24,0.96
1598,539355564,"01598M12:51:56.897","01598 12:04:41",241.16,835.42,,,,"     ",5.10,1804.53,0.95
1598,539355565,"01598M12:51:57.870","01598 12:04:42",241.16,835.39,,,,"     ",5.10,1770.81,0.93
1598,539355566,"01598M12:51:58.843","01598 12:04:43",241.15,835.49,,,,"     ",5.10,1793.56,0.95
1598,539355567,"01598M12:51:59.817","01598 12:04:44",241.14,835.40,,,,"     ",5.10,1803.41,0.95
1598,539355568,"01598M12:52:00.790","01598 12:04:45",241.12,835.38,,,,"     ",5.10,1792.07,0.95
1598,539355569,"01598M12:52:01.763","01598 12:04:46",241.09,835.39,,,,"     ",5.10,1776.37,0.94
1598,539355570,"01598M12:52:02.736","01598 12:04:47",241.04,835.39,,,,"     ",5.10,1790.89,0.95
1598,539355571,"01598M12:52:03.710","01598 12:04:48",241.00,835.41,,,,"     ",5.10,1773.53,0.94
1598,539355572,"01598M12:52:04.683","01598 12:04:49",240.97,835.44,,,,"     ",5.10,1784.93,0.95
1598,539355573,"01598M12:52:05.656","01598 12:04:50",240.96,835.37,,,,"     ",5.10,1786.56,0.95
1598,539355574,"01598M12:52:06.629","01598 12:04:51",240.98,835.45,,,,"     ",5.10,1786.70,0.95
1598,539355575,"01598M12:52:07.603","01598 12:04:52",241.03,835.36,,,,"     ",5.10,1794.20,0.95
1598,539355576,"01598M12:52:08.576","01598 12:04:53",241.10,835.38,,,,"     ",5.10,1756.61,0.93
1598,539355577,"01598M12:52:09.549","01598 12:04:54",241.20,835.38,,,,"     ",5.10,1800.32,0.96
1598,539355578,"01598M12:52:10.522","01598 12:04:55",241.32,835.38,,,,"     ",5.10,1820.90,0.97
1598,539355579,"01598M12:52:11.496","01598 12:04:56",241.45,835.26,,,,"     ",5.10,1759.20,0.94
1598,539355580,"01598M12:52:12.469","01598 12:04:57",241.58,835.27,,,,"     ",5.10,1779.12,0.95
1598,539355581,"01598M12:52:13.442","01598 12:04:58",241.71,835.33,,,,"     ",5.10,1760.72,0.94
1598,539355582,"01598M12:52:14.415","01598 12:04:59",241.84,835.27,,,,"     ",5.10,1789.03,0.95
1598,539355583,"01598M12:52:15.389","01598 12:05:00",241.95,835.35,,,,"     ",5.10,1797.77,0.96
1598,539355584,"01598M12:52:16.362","01598 12:05:01",242.04,835.40,,,,"     ",5.10,1796.37,0.96
1598,539355585,"01598M12:52:17.335","01598 12:05:02",242.10,835.33,,,,"     ",5.10,1797.57,0.96
1598,539355586,"01598M12:52:18.308","01598 12:05:03",242.13,835.31,,,,"     ",5.10,1782.46,0.95
1598,539355587,"01598M12:52:19.282","01598 12:05:04",242.12,835.24,,,,"     ",5.10,1798.33,0.96
1598,539355588,"01598M12:52:20.255","01598 12:05:05",242.10,835.26,,,,"     ",5.10,1773.40,0.95
1598,539355589,"01598M12:52:21.228","01598 12:05:06",242.09,835.24,,,,"     ",5.10,1795.70,0.96
1598,539355590,"01598M12:52:22.201","01598 12:05:07",242.09,835.31,,,,"     ",5.10,1768.48,0.94
1598,539355591,"01598M12:52:23.175","01598 12:05:08",242.11,835.24,,,,"     ",5.10,1792.75,0.96
1598,539355592,"01598M12:52:24.148","01598 12:05:09",242.14,835.25,,,,"     ",5.10,1772.66,0.95
1598,539355593,"01598M12:52:25.121","01598 12:05:10",242.19,835.29,,,,"     ",5.10,1785.70,0.95
1598,539355594,"01598M12:52:26.094","01598 12:05:11",242.22,835.23,,,,"     ",5.10,1743.45,0.93
1598,539355595,"01598M12:52:27.068","01598 12:05:11",242.23,835.33,,,,"     ",5.10,1778.90,0.95
1598,539355596,"01598M12:52:28.041","01598 12:05:12",242.21,835.32,,,,"     ",5.10,1792.99,0.96
1598,539355597,"01598M12:52:29.014","01598 12:05:13",242.18,835.39,,,,"     ",5.10,1781.73,0.95
1598,539355598,"01598M12:52:29.987","01598 12:05:14",242.14,835.40,,,,"     ",5.10,1784.07,0.95
1598,539355599,"01598M12:52:30.961","01598 12:05:15",242.09,835.33,,,,"     ",5.10,1761.08,0.94
1598,539355600,"01598M12:52:31.934","01598 12:05:16",242.06,835.31,,,,"     ",5.10,1794.73,0.96
1598,539355601,"01598M12:52:32.907","01598 12:05:17",242.02,835.29,,,,"     ",5.10,1795.58,0.96
1598,539355602,"01598M12:52:33.880","01598 12:05:18",242.00,835.31,,,,"     ",5.10,1782.61,0.95
1598,539355603,"01598M12:52:34.854","01598 12:05:19",241.98,835.30,,,,"     ",5.10,1760.56,0.94
1598,539355604,"01598M12:52:35.827","01598 12:05:20",241.97,835.36,,,,"     ",5.10,1787.47,0.96
1598,539355605,"01598M12:52:36.800","01598 12:05:21",241.98,835.34,,,,"     ",5.10,1753.38,0.94
1598,539355606,"01598M12:52:37.773","01598 12:05:22",242.00,835.34,,,,"     ",5.10,1777.25,0.95
1598,539355607,"01598M12:52:38.747","01598 12:05:23",242.04,835.33,,,,"     ",5.10,1783.34,0.95
1598,539355608,"01598M12:52:39.720","01598 12:05:24",242.10,835.30,,,,"     ",5.10,1786.82,0.95
1598,539355609,"01598M12:52:40.693","01598 12:05:25",242.18,835.31,,,,"     ",5.10,1785.09,0.95
1598,539355610,"01598M12:52:41.666","01598 12:05:26",242.28,835.38,,,,"     ",5.10,1787.17,0.95
1598,539355611,"01598M12:52:42.640","01598 12:05:27",242.37,835.32,,,,"     ",5.10,1776.80,0.95
1598,539355612,"01598M12:52:43.613","01598 12:05:28",242.45,835.41,,,,"     ",5.10,1798.00,0.96
1598,539355613,"01598M12:52:44.586","01598 12:05:29",242.49,835.40,,,,"     ",5.10,1802.53,0.96
1598,539355614,"01598M12:52:45.559","01598 12:05:30",242.50,835.35,,,,"     ",5.10,1786.09,0.95
1598,539355615,"01598M12:52:46.533","01598 12:05:31",242.48,835.38,,,,"     ",5.10,1755.84,0.93
1598,539355616,"01598M12:52:47.506","01598 12:05:32",242.42,835.34,,,,"     ",5.10,1757.64,0.93
1598,539355617,"01598M12:52:48.479","01598 12:05:33",242.33,835.39,,,,"     ",5.10,1773.37,0.94
1598,539355618,"01598M12:52:49.452","01598 12:05:34",242.22,835.35,,,,"     ",5.10,1783.38,0.95
1598,539355619,"01598M12:52:50.426","01598 12:05:35",242.10,835.29,,,,"     ",5.10,1795.43,0.95
1598,539355620,"01598M12:52:51.399","01598 12:05:36",241.97,835.19,,,,"     ",5.10,1801.89,0.96
1598,539355621,"01598M12:52:52.372","01598 12:05:37",241.84,835.24,,,,"     ",5.10,1770.65,0.94
1598,539355622,"01598M12:52:53.345","01598 12:05:38",241.72,835.32,,,,"     ",5.10,1768.50,0.94
1598,539355623,"01598M12:52:54.319","01598 12:05:39",241.60,835.41,,,,"     ",5.10,1798.04,0.96
1598,539355624,"01598M12:52:55.292","01598 12:05:40",241.49,835.39,,,,"     ",5.10,1830.07,0.97
1598,539355625,"01598M12:52:56.265","01598 12:05:41",241.39,835.47,,,,"     ",5.10,1748.20,0.93
1598,539355626,"01598M12:52:57.238","01598 12:05:42",241.30,835.41,,,,"     ",5.10,1825.17,0.97
1598,539355627,"01598M12:52:58.212","01598 12:05:43",241.23,835.39,,,,"     ",5.10,1816.60,0.96
1598,539355628,"01598M12:52:59.185","01598 12:05:44",241.18,835.34,,,,"     ",5.10,1797.88,0.95
1598,539355629,"01598M12:53:00.158","01598 12:05:45",241.17,835.33,,,,"     ",5.10,1761.87,0.93
1598,539355630,"01598M12:53:01.131","01598 12:05:46",241.17,835.31,,,,"     ",5.10,1791.19,0.95
1598,539355631,"01598M12:53:02.105","01598 12:05:47",241.20,835.22,,,,"     ",5.10,1776.92,0.94
1598,539355632,"01598M12:53:03.078","01598 12:05:47",241.23,835.34,,,,"     ",5.10,1779.72,0.94
1598,539355633,"01598M12:53:04.051","01598 12:05:48",241.26,835.31,,,,"     ",5.10,1788.08,0.95
1598,539355634,"01598M12:53:05.025","01598 12:05:49",241.29,835.40,,,,"     ",5.10,1791.75,0.95
1598,539355635,"01598M12:53:05.998","01598 12:05:50",241.32,835.35,,,,"     ",5.10,1739.15,0.92
1598,539355636,"01598M12:53:06.971","01598 12:05:51",241.35,835.38,,,,"     ",5.10,1786.61,0.95
1598,539355637,"01598M12:53:07.944","01598 12:05:52",241.37,835.30,,,,"     ",5.10,1786.38,0.95
1598,539355638,"01598M12:53:08.918","01598 12:05:53",241.38,835.25,,,,"     ",5.10,1796.26,0.95
1598,539355639,"01598M12:53:09.891","01598 12:05:54",241.38,835.26,,,,"     ",5.10,1800.03,0.96
1598,539355640,"01598M12:53:10.864","01598 12:05:55",241.38,835.34,,,,"     ",5.10,1804.76,0.96
1598,539355641,"01598M12:53:11.837","01598 12:05:56",241.37,835.30,,,,"     ",5.10,1783.09,0.95
1598,539355642,"01598M12:53:12.811","01598 12:05:57",241.36,835.26,,,,"     ",5.10,1766.71,0.94
1598,539355643,"01598M12:53:13.784","01598 12:05:58",241.34,835.27,,,,"     ",5.10,1761.21,0.94
1598,539355644,"01598M12:53:14.757","01598 12:05:59",241.31,835.24,,,,"     ",5.10,1763.99,0.94
1598,539355645,"01598M12:53:15.730","01598 12:06:00",241.28,835.18,,,,"     ",5.10,1803.13,0.96
1598,539355646,"01598M12:53:16.704","01598 12:06:01",241.23,835.19,,,,"     ",5.10,1784.21,0.95
1598,539355647,"01598M12:53:17.677","01598 12:06:02",241.18,835.25,,,,"     ",5.10,1776.54,0.94
1598,539355648,"01598M12:53:18.650","01598 12:06:03",241.12,835.14,,,,"     ",5.10,1790.89,0.95
1598,539355649,"01598M12:53:19.623","01598 12:06:04",241.06,835.12,,,,"     ",5.10,1764.16,0.94
1598,539355650,"01598M12:53:20.597","01598 12:06:05",241.00,835.18,,,,"     ",5.10,1796.24,0.95
1598,539355651,"01598M12:53:21.570","01598 12:06:06",240.95,835.16,,,,"     ",5.10,1764.41,0.94
1598,539355652,"01598M12:53:22.543","01598 12:06:07",240.90,835.17,,,,"     ",5.10,1776.06,0.94
1598,539355653,"01598M12:53:23.516","01598 12:06:08",240.86,835.18,,,,"     ",5.10,1769.02,0.94
1598,539355654,"01598M12:53:24.490","01598 12:06:09",240.83,835.14,,,,"     ",5.10,1779.16,0.94
1598,539355655,"01598M12:53:25.463","01598 12:06:10",240.80,835.10,,,,"     ",5.10,1789.27,0.95
1598,539355656,"01598M12:53:26.436","01598 12:06:11",240.78,835.12,,,,"     ",5.10,1770.81,0.94
1598,539355657,"01598M12:53:27.409","01598 12:06:12",240.78,835.07,,,,"     ",5.10,1782.58,0.95
1598,539355658,"01598M12:53:28.383","01598 12:06:13",240.77,834.97,,,,"     ",5.10,1788.81,0.95
1598,539355659,"01598M12:53:29.356","01598 12:06:14",240.79,835.03,,,,"     ",5.10,1787.85,0.95
1598,539355660,"01598M12:53:30.329","01598 12:06:15",240.83,835.09,,,,"     ",5.10,1787.88,0.95
1598,539355661,"01598M12:53:31.302","01598 12:06:16",240.87,835.07,,,,"     ",5.10,1777.32,0.94
1598,539355662,"01598M12:53:32.276","01598 12:06:17",240.92,835.17,,,,"     ",5.10,1769.38,0.94
1598,539355663,"01598M12:53:33.249","01598 12:06:18",240.96,835.16,,,,"     ",5.10,1774.75,0.94
1598,539355664,"01598M12:53:34.222","01598 12:06:19",240.99,835.17,,,,"     ",5.10,1795.36,0.95
1598,539355665,"01598M12:53:35.195","01598 12:06:20",241.00,835.15,,,,"     ",5.10,1771.97,0.94
1598,539355666,"01598M12:53:36.169","01598 12:06:21",241.00,835.12,,,,"     ",5.10,1801.41,0.96
1598,539355667,"01598M12:53:37.142","01598 12:06:22",240.98,835.11,,,,"     ",5.10,1798.39,0.95
1598,539355668,"01598M12:53:38.115","01598 12:06:23",240.97,835.14,,,,"     ",5.10,1801.43,0.96
1598,539355669,"01598M12:53:39.088","01598 12:06:24",240.95,835.06,,,,"     ",5.10,1788.04,0.95
1598,539355670,"01598M12:53:40.062","01598 12:06:24",240.95,835.16,,,,"     ",5.10,1762.81,0.93
1598,539355671,"01598M12:53:41.035","01598 12:06:25",240.97,835.13,,,,"     ",5.10,1780.00,0.94
1598,539355672,"01598M12:53:42.008","01598 12:06:26",240.99,835.13,,,,"     ",5.10,1793.49,0.95
1598,539355673,"01598M12:53:42.981","01598 12:06:27",241.01,835.13,,,,"     ",5.10,1761.98,0.93
1598,539355674,"01598M12:53:43.955","01598 12:06:28",241.03,835.02,,,,"     ",5.10,1790.34,0.95
1598,539355675,"01598M12:53:44.928","01598 12:06:29",241.06,835.15,,,,"     ",5.10,1776.83,0.94
1598,539355676,"01598M12:53:45.901","01598 12:06:30",241.10,835.06,,,,"     ",5.10,1771.65,0.94
1598,539355677,"01598M12:53:46.874","01598 12:06:31",241.14,835.06,,,,"     ",5.10,1763.26,0.93
1598,539355678,"01598M12:53:47.848","01598 12:06:32",241.19,835.06,,,,"     ",5.10,1762.64,0.93
1598,539355679,"01598M12:53:48.821","01598 12:06:33",241.24,835.04,,,,"     ",5.10,1759.70,0.93
1598,539355680,"01598M12:53:49.794","01598 12:06:34",241.29,835.04,,,,"     ",5.10,1760.77,0.93
1598,539355681,"01598M12:53:50.767","01598 12:06:35",241.33,834.96,,,,"     ",5.10,1785.78,0.95
1598,539355682,"01598M12:53:51.741","01598 12:06:36",241.36,834.94,,,,"     ",5.10,1768.22,0.94
1598,539355683,"01598M12:53:52.714","01598 12:06:37",241.36,835.01,,,,"     ",5.10,1764.05,0.94
1598,539355684,"01598M12:53:53.687","01598 12:06:38",241.34,835.00,,,,"     ",5.10,1774.99,0.94
1598,539355685,"01598M12:53:54.660","01598 12:06:39",241.32,834.96,,,,"     ",5.10,1781.83,0.95
1598,539355686,"01598M12:53:55.634","01598 12:06:40",241.29,834.99,,,,"     ",5.10,1758.41,0.93
1598,539355687,"01598M12:53:56.607","01598 12:06:41",241.27,835.02,,,,"     ",5.10,1772.08,0.94
1598,539355688,"01598M12:53:57.580","01598 12:06:42",241.23,835.01,,,,"     ",5.10,1801.82,0.96
1598,539355689,"01598M12:53:58.553","01598 12:06:43",241.21,834.98,,,,"     ",5.10,1754.20,0.93
1598,539355690,"01598M12:53:59.527","01598 12:06:44",241.17,834.97,,,,"     ",5.10,1766.77,0.94
1598,539355691,"01598M12:54:00.500","01598 12:06:45",241.13,834.92,,,,"     ",5.10,1798.61,0.95
1598,539355692,"01598M12:54:01.473","01598 12:06:46",241.09,835.04,,,,"     ",5.10,1756.91,0.93
1598,539355693,"01598M12:54:02.446","01598 12:06:47",241.06,834.93,,,,"     ",5.10,1745.95,0.93
1598,539355694,"01598M12:54:03.420","01598 12:06:48",241.03,834.95,,,,"     ",5.10,1762.20,0.93
1598,539355695,"01598M12:54:04.393","01598 12:06:49",241.00,834.91,,,,"     ",5.10,1773.80,0.94
1598,539355696,"01598M12:54:05.366","01598 12:06:50",240.98,834.88,,,,"     ",5.10,1768.18,0.94
1598,539355697,"01598M12:54:06.339","01598 12:06:51",240.96,834.92,,,,"     ",5.10,1787.19,0.95
1598,539355698,"01598M12:54:07.313","01598 12:06:52",240.94,834.93,,,,"     ",5.10,1774.42,0.94
1598,539355699,"01598M12:54:08.286","01598 12:06:53",240.93,834.85,,,,"     ",5.10,1774.51,0.94
1598,539355700,"01598M12:54:09.259","01598 12:06:54",240.91,834.93,,,,"     ",5.10,1761.35,0.94
1598,539355701,"01598M12:54:10.232","01598 12:06:55",240.91,834.94,,,,"     ",5.10,1762.49,0.94
1598,539355702,"01598M12:54:11.206","01598 12:06:56",240.90,834.93,,,,"     ",5.10,1771.56,0.94
1598,539355703,"01598M12:54:12.179","01598 12:06:57",240.91,835.01,,,,"     ",5.10,1779.20,0.95
1598,539355704,"01598M12:54:13.152","01598 12:06:58",240.94,835.03,,,,"     ",5.10,1771.84,0.94
1598,539355705,"01598M12:54:14.126","01598 12:06:59",240.98,835.00,,,,"     ",5.10,1777.24,0.94
1598,539355706,"01598M12:54:15.099","01598 12:07:00",241.05,835.01,,,,"     ",5.10,1789.61,0.95
1598,539355707,"01598M12:54:16.072","01598 12:07:00",241.12,835.07,,,,"     ",5.10,1782.60,0.95
1598,539355708,"01598M12:54:17.045","01598 12:07:01",241.21,835.02,,,,"     ",5.10,1767.92,0.94
1598,539355709,"01598M12:54:18.019","01598 12:07:02",241.31,835.02,,,,"     ",5.10,1776.61,0.94
1598,539355710,"01598M12:54:18.992","01598 12:07:03",241.43,834.97,,,,"     ",5.10,1783.71,0.95
1598,539355711,"01598M12:54:19.965","01598 12:07:04",241.56,834.92,,,,"     ",5.10,1754.18,0.93
1598,539355712,"01598M12:54:20.938","01598 12:07:05",241.70,834.99,,,,"     ",5.10,1780.55,0.95
1598,539355713,"01598M12:54:21.912","01598 12:07:06",241.82,834.98,,,,"     ",5.10,1774.04,0.94
1598,539355714,"01598M12:54:22.885","01598 12:07:07",241.94,834.90,,,,"     ",5.10,1805.44,0.96
1598,539355715,"01598M12:54:23.858","01598 12:07:08",242.03,834.89,,,,"     ",5.10,1784.77,0.95
1598,539355716,"01598M12:54:24.831","01598 12:07:09",242.10,834.93,,,,"     ",5.10,1752.66,0.93
1598,539355717,"01598M12:54:25.805","01598 12:07:10",242.15,834.96,,,,"     ",5.10,1775.45,0.94
1598,539355718,"01598M12:54:26.778","01598 12:07:11",242.20,834.86,,,,"     ",5.10,1787.71,0.95
1598,539355719,"01598M12:54:27.751","01598 12:07:12",242.24,834.84,,,,"     ",5.10,1749.78,0.93
1598,539355720,"01598M12:54:28.724","01598 12:07:13",242.27,834.94,,,,"     ",5.10,1768.38,0.94
1598,539355721,"01598M12:54:29.698","01598 12:07:14",242.32,834.76,,,,"     ",5.10,1792.78,0.95
1598,539355722,"01598M12:54:30.671","01598 12:07:15",242.36,834.92,,,,"     ",5.10,1785.88,0.95
1598,539355723,"01598M12:54:31.644","01598 12:07:16",242.41,834.78,,,,"     ",5.10,1776.39,0.94
1598,539355724,"01598M12:54:32.617","01598 12:07:17",242.47,834.74,,,,"     ",5.10,1794.65,0.95
1598,539355725,"01598M12:54:33.591","01598 12:07:18",242.54,834.76,,,,"     ",5.10,1780.45,0.94
1598,539355726,"01598M12:54:34.564","01598 12:07:19",242.64,834.69,,,,"     ",5.10,1767.58,0.94
1598,539355727,"01598M12:54:35.537","01598 12:07:20",242.74,834.73,,,,"     ",5.10,1781.51,0.94
1598,539355728,"01598M12:54:36.510","01598 12:07:21",242.83,834.69,,,,"     ",5.10,1805.48,0.96
1598,539355729,"01598M12:54:37.484","01598 12:07:22",242.93,834.67,,,,"     ",5.10,1803.72,0.95
1598,539355730,"01598M12:54:38.457","01598 12:07:23",243.00,834.69,,,,"     ",5.10,1804.36,0.95
1598,539355731,"01598M12:54:39.430","01598 12:07:24",243.05,834.65,,,,"     ",5.10,1780.41,0.94
1598,539355732,"01598M12:54:40.403","01598 12:07:25",243.07,834.63,,,,"     ",5.10,1785.01,0.94
1598,539355733,"01598M12:54:41.377","01598 12:07:26",243.06,834.62,,,,"     ",5.10,1802.88,0.95
1598,539355734,"01598M12:54:42.350","01598 12:07:27",243.05,834.59,,,,"     ",5.10,1793.27,0.95
1598,539355735,"01598M12:54:43.323","01598 12:07:28",243.02,834.59,,,,"     ",5.10,1796.66,0.95
1598,539355736,"01598M12:54:44.296","01598 12:07:29",242.98,834.66,,,,"     ",5.10,1828.36,0.96
1598,539355737,"01598M12:54:45.270","01598 12:07:30",242.93,834.70,,,,"     ",5.10,1798.24,0.95
1598,539355738,"01598M12:54:46.243","01598 12:07:31",242.88,834.59,,,,"     ",5.10,1776.30,0.93
1598,539355739,"01598M12:54:47.216","01598 12:07:32",242.83,834.61,,,,"     ",5.10,1803.10,0.95
1598,539355740,"01598M12:54:48.189","01598 12:07:33",242.78,834.64,,,,"     ",5.10,1762.98,0.93
1598,539355741,"01598M12:54:49.163","01598 12:07:34",242.73,834.71,,,,"     ",5.10,1805.79,0.95
1598,539355742,"01598M12:54:50.136","01598 12:07:35",242.69,834.63,,,,"     ",5.10,1797.59,0.94
1598,539355743,"01598M12:54:51.109","01598 12:07:36",242.67,834.54,,,,"     ",5.10,1798.78,0.94
1598,539355744,"01598M12:54:52.082","01598 12:07:36",242.65,834.57,,,,"     ",5.10,1801.12,0.94
1598,539355745,"01598M12:54:53.056","01598 12:07:37",242.63,834.53,,,,"     ",5.10,1818.74,0.95
1598,539355746,"01598M12:54:54.029","01598 12:07:38",242.62,834.62,,,,"     ",5.10,1811.85,0.95
1598,539355747,"01598M12:54:55.002","01598 12:07:39",242.59,834.64,,,,"     ",5.10,1823.35,0.95
1598,539355748,"01598M12:54:55.975","01598 12:07:40",242.55,834.65,,,,"     ",5.10,1819.60,0.95
1598,539355749,"01598M12:54:56.949","01598 12:07:41",242.52,834.72,,,,"     ",5.10,1813.53,0.95
1598,539355750,"01598M12:54:57.922","01598 12:07:42",242.48,834.78,,,,"     ",5.10,1784.09,0.93
1598,539355751,"01598M12:54:58.895","01598 12:07:43",242.45,834.80,,,,"     ",5.10,1792.71,0.94
1598,539355752,"01598M12:54:59.868","01598 12:07:44",242.43,834.79,,,,"     ",5.10,1826.42,0.95
1598,539355753,"01598M12:55:00.842","01598 12:07:45",242.41,834.82,,,,"     ",5.10,1816.52,0.95
1598,539355754,"01598M12:55:01.815","01598 12:07:46",242.40,834.78,,,,"     ",5.10,1806.00,0.94
1598,539355755,"01598M12:55:02.788","01598 12:07:47",242.39,834.69,,,,"     ",5.10,1818.33,0.95
1598,539355756,"01598M12:55:03.761","01598 12:07:48",242.38,834.78,,,,"     ",5.10,1803.02,0.94
1598,539355757,"01598M12:55:04.735","01598 12:07:49",242.38,834.79,,,,"     ",5.10,1840.61,0.96
1598,539355758,"01598M12:55:05.708","01598 12:07:50",242.39,834.67,,,,"     ",5.10,1831.69,0.95
1598,539355759,"01598M12:55:06.681","01598 12:07:51",242.41,834.64,,,,"     ",5.10,1801.11,0.94
1598,539355760,"01598M12:55:07.654","01598 12:07:52",242.44,834.62,,,,"     ",5.10,1814.25,0.94
1598,539355761,"01598M12:55:08.628","01598 12:07:53",242.46,834.67,,,,"     ",5.10,1821.84,0.95
1598,539355762,"01598M12:55:09.601","01598 12:07:54",242.47,834.66,,,,"     ",5.10,1798.15,0.93
1598,539355763,"01598M12:55:10.574","01598 12:07:55",242.45,834.63,,,,"     ",5.10,1851.26,0.96
1598,539355764,"01598M12:55:11.547","01598 12:07:56",242.42,834.64,,,,"     ",5.10,1785.19,0.93
1598,539355765,"01598M12:55:12.521","01598 12:07:57",242.37,834.64,,,,"     ",5.10,1813.11,0.94
1598,539355766,"01598M12:55:13.494","01598 12:07:58",242.32,834.75,,,,"     ",5.10,1819.43,0.94
1598,539355767,"01598M12:55:14.467","01598 12:07:59",242.27,834.60,,,,"     ",5.10,1822.97,0.94
1598,539355768,"01598M12:55:15.440","01598 12:08:00",242.23,834.73,,,,"     ",5.10,1794.02,0.93
1598,539355769,"01598M12:55:16.414","01598 12:08:01",242.20,834.66,,,,"     ",5.10,1832.74,0.95
1598,539355770,"01598M12:55:17.387","01598 12:08:02",242.17,834.75,,,,"     ",5.10,1822.88,0.94
1598,539355771,"01598M12:55:18.360","01598 12:08:03",242.15,834.72,,,,"     ",5.10,1818.67,0.94
1598,539355772,"01598M12:55:19.333","01598 12:08:04",242.14,834.67,,,,"     ",5.10,1828.03,0.94
1598,539355773,"01598M12:55:20.307","01598 12:08:05",242.14,834.76,,,,"     ",5.10,1832.81,0.95
1598,539355774,"01598M12:55:21.280","01598 12:08:06",242.15,834.74,,,,"     ",5.10,1830.74,0.95
1598,539355775,"01598M12:55:22.253","01598 12:08:07",242.18,834.69,,,,"     ",5.10,1782.43,0.92
1598,539355776,"01598M12:55:23.227","01598 12:08:08",242.22,834.74,,,,"     ",5.10,1811.38,0.93
1598,539355777,"01598M12:55:24.200","01598 12:08:09",242.27,834.71,,,,"     ",5.10,1829.82,0.94
1598,539355778,"01598M12:55:25.173","01598 12:08:10",242.32,834.66,,,,"     ",5.10,1835.75,0.95
1598,539355779,"01598M12:55:26.146","01598 12:08:11",242.36,834.65,,,,"     ",5.10,1836.54,0.95
1598,539355780,"01598M12:55:27.120","01598 12:08:12",242.39,834.71,,,,"     ",5.10,1838.78,0.95
1598,539355781,"01598M12:55:28.093","01598 12:08:12",242.41,834.78,,,,"     ",5.10,1857.78,0.96
1598,539355782,"01598M12:55:29.066","01598 12:08:13",242.41,834.75,,,,"     ",5.10,1814.98,0.93
1598,539355783,"01598M12:55:30.039","01598 12:08:14",242.42,834.77,,,,"     ",5.10,1821.68,0.94
1598,539355784,"01598M12:55:31.013","01598 12:08:15",242.42,834.81,,,,"     ",5.10,1794.74,0.92
1598,539355785,"01598M12:55:31.986","01598 12:08:16",242.42,834.83,,,,"     ",5.10,1835.68,0.94
1598,539355786,"01598M12:55:32.959","01598 12:08:17",242.41,834.86,,,,"     ",5.10,1842.13,0.95
1598,539355787,"01598M12:55:33.932","01598 12:08:18",242.40,834.80,,,,"     ",5.10,1840.32,0.95
1598,539355788,"01598M12:55:34.906","01598 12:08:19",242.38,834.86,,,,"     ",5.10,1836.39,0.94
1598,539355789,"01598M12:55:35.879","01598 12:08:20",242.35,834.85,,,,"     ",5.10,1828.21,0.94
1598,539355790,"01598M12:55:36.852","01598 12:08:21",242.32,834.86,,,,"     ",5.10,1815.49,0.93
1598,539355791,"01598M12:55:37.825","01598 12:08:22",242.28,834.88,,,,"     ",5.10,1834.50,0.94
1598,539355792,"01598M12:55:38.799","01598 12:08:23",242.10,834.76,,,,"     ",5.10,1805.54,0.92
1598,539355793,"01598M12:55:39.772","01598 12:08:24",242.02,834.76,,,,"     ",5.10,1824.56,0.93
1598,539355794,"01598M12:55:40.745","01598 12:08:25",241.96,834.85,,,,"     ",5.10,1835.00,0.94
1598,539355795,"01598M12:55:41.718","01598 12:08:26",241.90,834.77,,,,"     ",5.10,1835.27,0.94
1598,539355796,"01598M12:55:42.692","01598 12:08:27",241.84,834.76,,,,"     ",5.10,1821.28,0.93
1598,539355797,"01598M12:55:43.665","01598 12:08:28",241.79,834.76,,,,"     ",5.10,1858.97,0.95
1598,539355798,"01598M12:55:44.638","01598 12:08:29",241.75,834.82,,,,"     ",5.10,1824.06,0.93
1598,539355799,"01598M12:55:45.611","01598 12:08:30",241.72,834.82,,,,"     ",5.10,1825.57,0.93
1598,539355800,"01598M12:55:46.585","01598 12:08:31",241.69,834.78,,,,"     ",5.10,1833.74,0.94
1598,539355801,"01598M12:55:47.558","01598 12:08:32",241.67,834.78,,,,"     ",5.10,1834.33,0.94
1598,539355802,"01598M12:55:48.531","01598 12:08:33",241.66,834.70,,,,"     ",5.10,1858.31,0.95
1598,539355803,"01598M12:55:49.504","01598 12:08:34",241.65,834.72,,,,"     ",5.10,1847.81,0.94
1598,539355804,"01598M12:55:50.478","01598 12:08:35",241.65,834.75,,,,"     ",5.10,1832.35,0.93
1598,539355805,"01598M12:55:51.451","01598 12:08:36",241.65,834.78,,,,"     ",5.10,1815.10,0.93
1598,539355806,"01598M12:55:52.424","01598 12:08:37",241.65,834.80,,,,"     ",5.10,1837.91,0.94
1598,539355807,"01598M12:55:53.397","01598 12:08:38",241.70,834.75,,,,"     ",5.10,1862.34,0.95
1598,539355808,"01598M12:55:54.371","01598 12:08:39",241.75,834.74,,,,"     ",5.10,1854.20,0.94
1598,539355809,"01598M12:55:55.344","01598 12:08:40",241.80,834.62,,,,"     ",5.10,1846.97,0.94
1598,539355810,"01598M12:55:56.317","01598 12:08:41",241.83,834.67,,,,"     ",5.10,1835.51,0.93
1598,539355811,"01598M12:55:57.290","01598 12:08:42",241.85,834.71,,,,"     ",5.10,1860.01,0.95
1598,539355812,"01598M12:55:58.264","01598 12:08:43",241.85,834.78,,,,"     ",5.10,1833.50,0.93
1598,539355813,"01598M12:55:59.237","01598 12:08:44",241.82,834.74,,,,"     ",5.10,1823.69,0.93
1598,539355814,"01598M12:56:00.210","01598 12:08:45",241.77,834.65,,,,"     ",5.10,1830.28,0.93
1598,539355815,"01598M12:56:01.183","01598 12:08:46",241.70,834.67,,,,"     ",5.10,1834.33,0.93
1598,539355816,"01598M12:56:02.157","01598 12:08:47",241.62,834.63,,,,"     ",5.10,1840.75,0.93
1598,539355817,"01598M12:56:03.130","01598 12:08:48",241.53,834.69,,,,"     ",5.10,1834.80,0.93
1598,539355818,"01598M12:56:04.103","01598 12:08:48",241.44,834.74,,,,"     ",5.10,1845.64,0.94
1598,539355819,"01598M12:56:05.076","01598 12:08:49",241.35,834.75,,,,"     ",5.10,1842.27,0.93
1598,539355820,"01598M12:56:06.050","01598 12:08:50",241.26,834.69,,,,"     ",5.10,1840.45,0.93
1598,539355821,"01598M12:56:07.023","01598 12:08:51",241.19,834.69,,,,"     ",5.10,1870.31,0.95
1598,539355822,"01598M12:56:07.996","01598 12:08:52",241.13,834.56,,,,"     ",5.10,1848.79,0.94
1598,539355823,"01598M12:56:08.969","01598 12:08:53",241.09,834.73,,,,"     ",5.10,1845.68,0.93
1598,539355824,"01598M12:56:09.943","01598 12:08:54",241.07,834.61,,,,"     ",5.10,1851.43,0.94
1598,539355825,"01598M12:56:10.916","01598 12:08:55",241.06,834.65,,,,"     ",5.10,1838.31,0.93
1598,539355826,"01598M12:56:11.889","01598 12:08:56",241.07,834.62,,,,"     ",5.10,1839.49,0.93
1598,539355827,"01598M12:56:12.862","01598 12:08:57",241.07,834.64,,,,"     ",5.10,1860.64,0.94
1598,539355828,"01598M12:56:13.836","01598 12:08:58",241.06,834.61,,,,"     ",5.10,1843.29,0.93
1598,539355829,"01598M12:56:14.809","01598 12:08:59",241.05,834.66,,,,"     ",5.10,1870.22,0.94
1598,539355830,"01598M12:56:15.782","01598 12:09:00",241.04,834.65,,,,"     ",5.10,1841.76,0.93
1598,539355831,"01598M12:56:16.755","01598 12:09:01",241.03,834.65,,,,"     ",5.10,1869.16,0.94
1598,539355832,"01598M12:56:17.729","01598 12:09:02",241.01,834.72,,,,"     ",5.10,1833.68,0.92
1598,539355833,"01598M12:56:18.702","01598 12:09:03",241.01,834.67,,,,"     ",5.10,1860.37,0.94
1598,539355834,"01598M12:56:19.675","01598 12:09:04",241.02,834.70,,,,"     ",5.10,1888.32,0.95
1598,539355835,"01598M12:56:20.648","01598 12:09:05",241.05,834.65,,,,"     ",5.10,1855.59,0.93
1598,539355836,"01598M12:56:21.622","01598 12:09:06",241.10,834.65,,,,"     ",5.10,1853.10,0.93
1598,539355837,"01598M12:56:22.595","01598 12:09:07",241.17,834.57,,,,"     ",5.10,1834.50,0.92
1598,539355838,"01598M12:56:23.568","01598 12:09:08",241.25,834.67,,,,"     ",5.10,1853.66,0.93
1598,539355839,"01598M12:56:24.541","01598 12:09:09",241.34,834.60,,,,"     ",5.10,1849.44,0.93
1598,539355840,"01598M12:56:25.515","01598 12:09:10",241.44,834.60,,,,"     ",5.10,1851.68,0.93
1598,539355841,"01598M12:56:26.488","01598 12:09:11",241.56,834.60,,,,"     ",5.10,1846.77,0.93
1598,539355842,"01598M12:56:27.461","01598 12:09:12",241.69,834.64,,,,"     ",5.10,1838.76,0.92
1598,539355843,"01598M12:56:28.434","01598 12:09:13",241.82,834.62,,,,"     ",5.10,1863.38,0.93
1598,539355844,"01598M12:56:29.408","01598 12:09:14",241.96,834.58,,,,"     ",5.10,1860.45,0.93
1598,539355845,"01598M12:56:30.381","01598 12:09:15",242.09,834.59,,,,"     ",5.10,1851.01,0.93
1598,539355846,"01598M12:56:31.354","01598 12:09:16",242.22,834.61,,,,"     ",5.10,1854.17,0.93
1598,539355847,"01598M12:56:32.327","01598 12:09:17",242.33,834.59,,,,"     ",5.10,1862.50,0.93
1598,539355848,"01598M12:56:33.301","01598 12:09:18",242.43,834.62,,,,"     ",5.10,1855.02,0.93
1598,539355849,"01598M12:56:34.274","01598 12:09:19",242.51,834.61,,,,"     ",5.10,1869.13,0.94
1598,539355850,"01598M12:56:35.247","01598 12:09:20",242.58,834.64,,,,"     ",5.10,1851.77,0.93
1598,539355851,"01598M12:56:36.221","01598 12:09:21",242.64,834.65,,,,"     ",5.10,1862.66,0.93
1598,539355852,"01598M12:56:37.194","01598 12:09:22",242.71,834.63,,,,"     ",5.10,1863.99,0.93
1598,539355853,"01598M12:56:38.167","01598 12:09:23",242.79,834.56,,,,"     ",5.10,1862.51,0.93
1598,539355854,"01598M12:56:39.140","01598 12:09:24",242.87,834.55,,,,"     ",5.10,1852.66,0.92
1598,539355855,"01598M12:56:40.114","01598 12:09:24",242.98,834.56,,,,"     ",5.10,1897.82,0.95
1598,539355856,"01598M12:56:41.087","01598 12:09:25",243.10,834.52,,,,"     ",5.10,1845.54,0.92
1598,539355857,"01598M12:56:42.060","01598 12:09:26",243.25,834.51,,,,"     ",5.10,1842.84,0.92
1598,539355858,"01598M12:56:43.033","01598 12:09:27",243.41,834.60,,,,"     ",5.10,1871.04,0.93
1598,539355859,"01598M12:56:44.007","01598 12:09:28",243.58,834.56,,,,"     ",5.10,1857.41,0.93
1598,539355860,"01598M12:56:44.980","01598 12:09:29",243.78,834.51,,,,"     ",5.10,1851.54,0.92
1598,539355861,"01598M12:56:45.953","01598 12:09:30",243.99,834.50,,,,"     ",5.10,1867.45,0.93
1598,539355862,"01598M12:56:46.926","01598 12:09:31",244.21,834.49,,,,"     ",5.10,1851.67,0.92
1598,539355863,"01598M12:56:47.900","01598 12:09:32",244.45,834.48,,,,"     ",5.10,1889.17,0.94
1598,539355864,"01598M12:56:48.873","01598 12:09:33",244.66,834.40,,,,"     ",5.10,1853.25,0.92
1598,539355865,"01598M12:56:49.846","01598 12:09:34",244.86,834.38,,,,"     ",5.10,1885.83,0.94
1598,539355866,"01598M12:56:50.819","01598 12:09:35",245.02,834.38,,,,"     ",5.10,1867.31,0.93
1598,539355867,"01598M12:56:51.793","01598 12:09:36",245.14,834.33,,,,"     ",5.10,1861.93,0.92
1598,539355868,"01598M12:56:52.766","01598 12:09:37",245.23,834.46,,,,"     ",5.10,1867.83,0.93
1598,539355869,"01598M12:56:53.739","01598 12:09:38",245.29,834.34,,,,"     ",5.10,1859.64,0.92
1598,539355870,"01598M12:56:54.712","01598 12:09:39",245.32,834.28,,,,"     ",5.10,1870.67,0.93
1598,539355871,"01598M12:56:55.686","01598 12:09:40",245.34,834.31,,,,"     ",5.10,1887.48,0.93
1598,539355872,"01598M12:56:56.659","01598 12:09:41",245.33,834.33,,,,"     ",5.10,1851.37,0.92
1598,539355873,"01598M12:56:57.632","01598 12:09:42",245.31,834.30,,,,"     ",5.10,1870.90,0.92
1598,539355874,"01598M12:56:58.605","01598 12:09:43",245.29,834.26,,,,"     ",5.10,1866.72,0.92
1598,539355875,"01598M12:56:59.579","01598 12:09:44",245.25,834.29,,,,"     ",5.10,1894.12,0.94
1598,539355876,"01598M12:57:00.552","01598 12:09:45",245.22,834.23,,,,"     ",5.10,1893.91,0.94
1598,539355877,"01598M12:57:01.525","01598 12:09:46",245.19,834.24,,,,"     ",5.10,1875.71,0.93
1598,539355878,"01598M12:57:02.498","01598 12:09:47",245.17,834.23,,,,"     ",5.10,1881.59,0.93
1598,539355879,"01598M12:57:03.472","01598 12:09:48",245.17,834.18,,,,"     ",5.10,1877.58,0.93
1598,539355880,"01598M12:57:04.445","01598 12:09:49",245.18,834.20,,,,"     ",5.10,1893.59,0.93
1598,539355881,"01598M12:57:05.418","01598 12:09:50",245.20,834.17,,,,"     ",5.10,1897.35,0.93
1598,539355882,"01598M12:57:06.391","01598 12:09:51",245.23,834.18,,,,"     ",5.10,1895.15,0.93
1598,539355883,"01598M12:57:07.365","01598 12:09:52",245.27,834.13,,,,"     ",5.10,1890.54,0.93
1598,539355884,"01598M12:57:08.338","01598 12:09:53",245.30,834.22,,,,"     ",5.10,1898.84,0.93
1598,539355885,"01598M12:57:09.311","01598 12:09:54",245.34,834.16,,,,"     ",5.10,1912.94,0.94
1598,539355886,"01598M12:57:10.284","01598 12:09:55",245.39,834.10,,,,"     ",5.10,1891.59,0.93
1598,539355887,"01598M12:57:11.258","01598 12:09:56",245.46,834.14,,,,"     ",5.10,1882.45,0.92
1598,539355888,"01598M12:57:12.231","01598 12:09:57",245.53,834.12,,,,"     ",5.10,1877.47,0.92
1598,539355889,"01598M12:57:13.204","01598 12:09:58",245.62,834.17,,,,"     ",5.10,1870.51,0.92
1598,539355890,"01598M12:57:14.177","01598 12:09:59",245.71,834.12,,,,"     ",5.10,1905.37,0.94
1598,539355891,"01598M12:57:15.151","01598 12:10:00",245.78,834.12,,,,"     ",5.10,1892.90,0.93
1598,539355892,"01598M12:57:16.124","01598 12:10:00",245.84,834.04,,,,"     ",5.10,1885.59,0.92
1598,539355893,"01598M12:57:17.097","01598 12:10:01",245.89,833.95,,,,"     ",5.10,1910.89,0.94
1598,539355894,"01598M12:57:18.070","01598 12:10:02",245.92,833.93,,,,"     ",5.10,1896.51,0.93
1598,539355895,"01598M12:57:19.044","01598 12:10:03",245.94,833.91,,,,"     ",5.10,1885.97,0.92
1598,539355896,"01598M12:57:20.017","01598 12:10:04",245.94,833.96,,,,"     ",5.10,1867.26,0.91
1598,539355897,"01598M12:57:20.990","01598 12:10:05",245.94,833.90,,,,"     ",5.10,1904.07,0.93
1598,539355898,"01598M12:57:21.963","01598 12:10:06",245.93,834.08,,,,"     ",5.10,1867.87,0.91
1598,539355899,"01598M12:57:22.937","01598 12:10:07",245.92,834.08,,,,"     ",5.10,1887.73,0.92
1598,539355900,"01598M12:57:23.910","01598 12:10:08",245.91,834.07,,,,"     ",5.10,1894.89,0.93
1598,539355901,"01598M12:57:24.883","01598 12:10:09",245.89,834.12,,,,"     ",5.10,1869.20,0.91
1598,539355902,"01598M12:57:25.856","01598 12:10:10",245.88,834.06,,,,"     ",5.10,1886.17,0.92
1598,539355903,"01598M12:57:26.830","01598 12:10:11",245.88,834.16,,,,"     ",5.10,1863.73,0.91
1598,539355904,"01598M12:57:27.803","01598 12:10:12",245.89,834.21,,,,"     ",5.10,1881.43,0.92
1598,539355905,"01598M12:57:28.776","01598 12:10:13",245.92,834.23,,,,"     ",5.10,1867.45,0.91
1598,539355906,"01598M12:57:29.749","01598 12:10:14",245.94,834.26,,,,"     ",5.10,1876.46,0.92
1598,539355907,"01598M12:57:30.723","01598 12:10:15",245.96,834.38,,,,"     ",5.10,1894.99,0.93
1598,539355908,"01598M12:57:31.696","01598 12:10:16",245.97,834.47,,,,"     ",5.10,1894.85,0.93
1598,539355909,"01598M12:57:32.669","01598 12:10:17",245.96,834.44,,,,"     ",5.10,1875.00,0.92
1598,539355910,"01598M12:57:33.642","01598 12:10:18",245.93,834.38,,,,"     ",5.10,1861.99,0.91
1598,539355911,"01598M12:57:34.616","01598 12:10:19",245.88,834.41,,,,"     ",5.10,1897.22,0.93
1598,539355912,"01598M12:57:35.589","01598 12:10:20",245.81,834.50,,,,"     ",5.10,1887.75,0.92
1598,539355913,"01598M12:57:36.562","01598 12:10:21",245.75,834.38,,,,"     ",5.10,1883.53,0.92
1598,539355914,"01598M12:57:37.535","01598 12:10:22",245.68,834.43,,,,"     ",5.10,1884.56,0.92
1598,539355915,"01598M12:57:38.509","01598 12:10:23",245.62,834.36,,,,"     ",5.10,1900.51,0.93
1598,539355916,"01598M12:57:39.482","01598 12:10:24",245.56,834.37,,,,"     ",5.10,1901.19,0.93
1598,539355917,"01598M12:57:40.455","01598 12:10:25",245.50,834.32,,,,"     ",5.10,1916.24,0.94
1598,539355918,"01598M12:57:41.428","01598 12:10:26",245.46,834.37,,,,"     ",5.10,1877.80,0.92
1598,539355919,"01598M12:57:42.402","01598 12:10:27",245.43,834.20,,,,"     ",5.10,1874.39,0.91
1598,539355920,"01598M12:57:43.375","01598 12:10:28",245.41,834.12,,,,"     ",5.10,1896.13,0.93
1598,539355921,"01598M12:57:44.348","01598 12:10:29",245.43,834.14,,,,"     ",5.10,1904.14,0.93
1598,539355922,"01598M12:57:45.322","01598 12:10:30",245.46,834.19,,,,"     ",5.10,1906.33,0.93
1598,539355923,"01598M12:57:46.295","01598 12:10:31",245.52,834.10,,,,"     ",5.10,1894.25,0.92
1598,539355924,"01598M12:57:47.268","01598 12:10:32",245.60,834.14,,,,"     ",5.10,1904.23,0.93
1598,539355925,"01598M12:57:48.241","01598 12:10:33",245.69,834.26,,,,"     ",5.10,1870.38,0.91
1598,539355926,"01598M12:57:49.215","01598 12:10:34",245.77,834.20,,,,"     ",5.10,1885.79,0.92
1598,539355927,"01598M12:57:50.188","01598 12:10:35",245.84,834.20,,,,"     ",5.10,1897.49,0.92
1598,539355928,"01598M12:57:51.161","01598 12:10:36",245.90,834.22,,,,"     ",5.10,1915.04,0.93
1598,539355929,"01598M12:57:52.134","01598 12:10:37",245.95,834.20,,,,"     ",5.10,1915.81,0.93
1598,539355930,"01598M12:57:53.108","01598 12:10:37",246.00,834.13,,,,"     ",5.10,1908.89,0.93
1598,539355931,"01598M12:57:54.081","01598 12:10:38",246.03,834.19,,,,"     ",5.10,1888.47,0.92
1598,539355932,"01598M12:57:55.054","01598 12:10:39",246.06,834.22,,,,"     ",5.10,1892.04,0.92
1598,539355933,"01598M12:57:56.027","01598 12:10:40",246.08,834.16,,,,"     ",5.10,1916.31,0.93
1598,539355934,"01598M12:57:57.001","01598 12:10:41",246.09,834.17,,,,"     ",5.10,1921.96,0.93
1598,539355935,"01598M12:57:57.974","01598 12:10:42",246.08,834.12,,,,"     ",5.10,1901.58,0.92
1598,539355936,"01598M12:57:58.947","01598 12:10:43",246.06,834.16,,,,"     ",5.10,1913.02,0.93
1598,539355937,"01598M12:57:59.920","01598 12:10:44",246.02,834.09,,,,"     ",5.10,1923.32,0.93
1598,539355938,"01598M12:58:00.894","01598 12:10:45",245.97,834.17,,,,"     ",5.10,1914.09,0.93
1598,539355939,"01598M12:58:01.867","01598 12:10:46",245.91,834.08,,,,"     ",5.10,1914.94,0.93
1598,539355940,"01598M12:58:02.840","01598 12:10:47",245.85,834.01,,,,"     ",5.10,1902.21,0.92
1598,539355941,"01598M12:58:03.813","01598 12:10:48",245.79,834.04,,,,"     ",5.10,1900.74,0.92
1598,539355942,"01598M12:58:04.787","01598 12:10:49",245.71,834.16,,,,"     ",5.10,1908.30,0.92
1598,539355943,"01598M12:58:05.760","01598 12:10:50",245.62,833.97,,,,"     ",5.10,1908.98,0.92
1598,539355944,"01598M12:58:06.733","01598 12:10:51",245.52,834.01,,,,"     ",5.10,1941.27,0.94
1598,539355945,"01598M12:58:07.706","01598 12:10:52",245.42,834.00,,,,"     ",5.10,1928.53,0.93
1598,539355946,"01598M12:58:08.680","01598 12:10:53",245.32,833.98,,,,"     ",5.10,1920.28,0.93
1598,539355947,"01598M12:58:09.653","01598 12:10:54",245.23,834.01,,,,"     ",5.10,1869.47,0.90
1598,539355948,"01598M12:58:10.626","01598 12:10:55",245.14,833.98,,,,"     ",5.10,1929.90,0.93
1598,539355949,"01598M12:58:11.599","01598 12:10:56",245.06,833.99,,,,"     ",5.10,1900.34,0.92
1598,539355950,"01598M12:58:12.573","01598 12:10:57",244.99,834.07,,,,"     ",5.10,1907.38,0.92
1598,539355951,"01598M12:58:13.546","01598 12:10:58",244.91,834.01,,,,"     ",5.10,1902.89,0.92
1598,539355952,"01598M12:58:14.519","01598 12:10:59",244.84,834.05,,,,"     ",5.10,1930.93,0.93
1598,539355953,"01598M12:58:15.492","01598 12:11:00",244.76,834.09,,,,"     ",5.10,1911.88,0.92
1598,539355954,"01598M12:58:16.466","01598 12:11:01",244.69,834.04,,,,"     ",5.10,1889.09,0.91
1598,539355955,"01598M12:58:17.439","01598 12:11:02",244.61,834.04,,,,"     ",5.10,1914.75,0.92
1598,539355956,"01598M12:58:18.412","01598 12:11:03",244.53,834.01,,,,"     ",5.10,1912.07,0.92
1598,539355957,"01598M12:58:19.385","01598 12:11:04",244.44,834.04,,,,"     ",5.10,1944.36,0.94
1598,539355958,"01598M12:58:20.359","01598 12:11:05",244.33,834.00,,,,"     ",5.10,1901.93,0.92
1598,539355959,"01598M12:58:21.332","01598 12:11:06",244.21,834.01,,,,"     ",5.10,1912.00,0.92
1598,539355960,"01598M12:58:22.305","01598 12:11:07",244.09,834.06,,,,"     ",5.10,1918.83,0.93
1598,539355961,"01598M12:58:23.278","01598 12:11:08",243.97,834.04,,,,"     ",5.10,1891.66,0.91
1598,539355962,"01598M12:58:24.252","01598 12:11:09",243.86,833.99,,,,"     ",5.10,1912.94,0.92
1598,539355963,"01598M12:58:25.225","01598 12:11:10",243.77,834.08,,,,"     ",5.10,1896.66,0.91
1598,539355964,"01598M12:58:26.198","01598 12:11:11",243.68,833.98,,,,"     ",5.10,1917.25,0.92
1598,539355965,"01598M12:58:27.171","01598 12:11:12",243.61,834.01,,,,"     ",5.10,1904.14,0.92
1598,539355966,"01598M12:58:28.145","01598 12:11:13",243.54,834.10,,,,"     ",5.10,1878.77,0.91
1598,539355967,"01598M12:58:29.118","01598 12:11:13",243.49,834.03,,,,"     ",5.10,1924.08,0.93
1598,539355968,"01598M12:58:30.091","01598 12:11:14",243.45,833.96,,,,"     ",5.10,1900.96,0.92
1598,539355969,"01598M12:58:31.064","01598 12:11:15",243.44,834.06,,,,"     ",5.10,1922.07,0.93
1598,539355970,"01598M12:58:32.038","01598 12:11:16",243.45,834.03,,,,"     ",5.10,1907.68,0.92
1598,539355971,"01598M12:58:33.011","01598 12:11:17",243.48,834.04,,,,"     ",5.10,1910.32,0.92
1598,539355972,"01598M12:58:33.984","01598 12:11:18",243.54,834.05,,,,"     ",5.10,1887.09,0.91
1598,539355973,"01598M12:58:34.957","01598 12:11:19",243.60,834.07,,,,"     ",5.10,1913.47,0.92
1598,539355974,"01598M12:58:35.931","01598 12:11:20",243.65,834.17,,,,"     ",5.10,1904.04,0.92
1598,539355975,"01598M12:58:36.904","01598 12:11:21",243.70,834.11,,,,"     ",5.10,1909.90,0.92
1598,539355976,"01598M12:58:37.877","01598 12:11:22",243.72,834.10,,,,"     ",5.10,1905.73,0.92
1598,539355977,"01598M12:58:38.850","01598 12:11:23",243.74,834.08,,,,"     ",5.10,1898.46,0.92
1598,539355978,"01598M12:58:39.824","01598 12:11:24",243.74,834.07,,,,"     ",5.10,1921.87,0.93
1598,539355979,"01598M12:58:40.797","01598 12:11:25",243.73,834.02,,,,"     ",5.10,1922.08,0.93
1598,539355980,"01598M12:58:41.770","01598 12:11:26",243.72,833.99,,,,"     ",5.10,1906.44,0.92
1598,539355981,"01598M12:58:42.743","01598 12:11:27",243.69,834.02,,,,"     ",5.10,1902.00,0.92
1598,539355982,"01598M12:58:43.717","01598 12:11:28",243.64,834.04,,,,"     ",5.10,1897.92,0.91
1598,539355983,"01598M12:58:44.690","01598 12:11:29",243.57,834.02,,,,"     ",5.10,1877.41,0.90
1598,539355984,"01598M12:58:45.663","01598 12:11:30",243.49,834.15,,,,"     ",5.10,1884.26,0.91
1598,539355985,"01598M12:58:46.636","01598 12:11:31",243.39,834.11,,,,"     ",5.10,1901.96,0.92
1598,539355986,"01598M12:58:47.610","01598 12:11:32",243.30,834.14,,,,"     ",5.10,1880.45,0.91
1598,539355987,"01598M12:58:48.583","01598 12:11:33",243.22,834.15,,,,"     ",5.10,1918.49,0.92
1598,539355988,"01598M12:58:49.556","01598 12:11:34",243.17,834.09,,,,"     ",5.10,1896.73,0.91
1598,539355989,"01598M12:58:50.529","01598 12:11:35",243.13,834.09,,,,"     ",5.10,1899.07,0.91
1598,539355990,"01598M12:58:51.503","01598 12:11:36",243.09,834.20,,,,"     ",5.10,1907.50,0.92
1598,539355991,"01598M12:58:52.476","01598 12:11:37",243.04,834.15,,,,"     ",5.10,1884.00,0.91
1598,539355992,"01598M12:58:53.449","01598 12:11:38",242.98,834.25,,,,"     ",5.10,1892.27,0.91
1598,539355993,"01598M12:58:54.423","01598 12:11:39",242.91,834.21,,,,"     ",5.10,1878.93,0.90
1598,539355994,"01598M12:58:55.396","01598 12:11:40",242.86,834.22,,,,"     ",5.10,1893.85,0.91
1598,539355995,"01598M12:58:56.369","01598 12:11:41",242.81,834.11,,,,"     ",5.10,1916.46,0.92
1598,539355996,"01598M12:58:57.342","01598 12:11:42",242.77,834.07,,,,"     ",5.10,1877.47,0.90
1598,539355997,"01598M12:58:58.316","01598 12:11:43",242.75,833.99,,,,"     ",5.10,1935.69,0.93
1598,539355998,"01598M12:58:59.289","01598 12:11:44",242.74,834.01,,,,"     ",5.10,1907.75,0.92
1598,539355999,"01598M12:59:00.262","01598 12:11:45",242.75,834.04,,,,"     ",5.10,1881.91,0.90
1598,539356000,"01598M12:59:01.235","01598 12:11:46",242.77,834.01,,,,"     ",5.10,1913.51,0.92
1598,539356001,"01598M12:59:02.209","01598 12:11:47",242.81,834.11,,,,"     ",5.10,1919.88,0.92
1598,539356002,"01598M12:59:03.182","01598 12:11:48",242.86,834.05,,,,"     ",5.10,1885.47,0.91
1598,539356003,"01598M12:59:04.155","01598 12:11:49",242.92,834.05,,,,"     ",5.10,1887.79,0.91
1598,539356004,"01598M12:59:05.128","01598 12:11:49",242.99,834.08,,,,"     ",5.10,1897.11,0.91
1598,539356005,"01598M12:59:06.102","01598 12:11:50",243.05,834.08,,,,"     ",5.10,1923.53,0.92
1598,539356006,"01598M12:59:07.075","01598 12:11:51",243.11,833.92,,,,"     ",5.10,1903.11,0.91
1598,539356007,"01598M12:59:08.048","01598 12:11:52",243.16,834.03,,,,"     ",5.10,1918.90,0.92
1598,539356008,"01598M12:59:09.021","01598 12:11:53",243.19,833.99,,,,"     ",5.10,1902.87,0.91
1598,539356009,"01598M12:59:09.995","01598 12:11:54",243.21,833.99,,,,"     ",5.10,1942.99,0.93
1598,539356010,"01598M12:59:10.968","01598 12:11:55",243.21,834.09,,,,"     ",5.10,1899.32,0.91
1598,539356011,"01598M12:59:11.941","01598 12:11:56",243.21,833.98,,,,"     ",5.10,1891.68,0.91
1598,539356012,"01598M12:59:12.914","01598 12:11:57",243.20,834.04,,,,"     ",5.10,1914.51,0.92
1598,539356013,"01598M12:59:13.888","01598 12:11:58",243.20,833.99,,,,"     ",5.10,1906.10,0.91
1598,539356014,"01598M12:59:14.861","01598 12:11:59",243.18,834.02,,,,"     ",5.10,1926.11,0.92
1598,539356015,"01598M12:59:15.834","01598 12:12:00",243.16,833.98,,,,"     ",5.10,1911.23,0.92
1598,539356016,"01598M12:59:16.807","01598 12:12:01",243.13,833.99,,,,"     ",5.10,1924.40,0.92
1598,539356017,"01598M12:59:17.781","01598 12:12:02",243.09,833.98,,,,"     ",5.10,1889.18,0.91
1598,539356018,"01598M12:59:18.754","01598 12:12:03",243.06,834.07,,,,"     ",5.10,1912.64,0.92
1598,539356019,"01598M12:59:19.727","01598 12:12:04",243.03,833.97,,,,"     ",5.10,1920.96,0.92
1598,539356020,"01598M12:59:20.700","01598 12:12:05",243.01,833.92,,,,"     ",5.10,1939.92,0.93
1598,539356021,"01598M12:59:21.674","01598 12:12:06",242.99,833.94,,,,"     ",5.10,1909.11,0.92
1598,539356022,"01598M12:59:22.647","01598 12:12:07",242.97,833.99,,,,"     ",5.10,1909.97,0.92
1598,539356023,"01598M12:59:23.620","01598 12:12:08",242.94,834.01,,,,"     ",5.10,1912.88,0.92
1598,539356024,"01598M12:59:24.593","01598 12:12:09",242.90,834.00,,,,"     ",5.10,1910.84,0.92
1598,539356025,"01598M12:59:25.567","01598 12:12:10",242.87,834.07,,,,"     ",5.10,1911.51,0.92
1598,539356026,"01598M12:59:26.540","01598 12:12:11",242.83,834.03,,,,"     ",5.10,1950.83,0.93
1598,539356027,"01598M12:59:27.513","01598 12:12:12",242.80,833.98,,,,"     ",5.10,1902.09,0.91
1598,539356028,"01598M12:59:28.486","01598 12:12:13",242.78,833.92,,,,"     ",5.10,1888.37,0.90
1598,539356029,"01598M12:59:29.460","01598 12:12:14",242.76,833.94,,,,"     ",5.10,1898.86,0.91
1598,539356030,"01598M12:59:30.433","01598 12:12:15",242.76,834.06,,,,"     ",5.10,1929.31,0.92
1598,539356031,"01598M12:59:31.406","01598 12:12:16",242.77,834.04,,,,"     ",5.10,1914.36,0.92
1598,539356032,"01598M12:59:32.379","01598 12:12:17",242.77,833.98,,,,"     ",5.10,1925.11,0.92
1598,539356033,"01598M12:59:33.353","01598 12:12:18",242.77,833.94,,,,"     ",5.10,1909.76,0.91
1598,539356034,"01598M12:59:34.326","01598 12:12:19",242.77,833.99,,,,"     ",5.10,1925.36,0.92
1598,539356035,"01598M12:59:35.299","01598 12:12:20",242.75,834.01,,,,"     ",5.10,1914.53,0.92
1598,539356036,"01598M12:59:36.272","01598 12:12:21",242.72,833.96,,,,"     ",5.10,1926.08,0.92
1598,539356037,"01598M12:59:37.246","01598 12:12:22",242.69,834.02,,,,"     ",5.10,1896.31,0.91
1598,539356038,"01598M12:59:38.219","01598 12:12:23",242.65,834.04,,,,"     ",5.10,1917.24,0.92
1598,539356039,"01598M12:59:39.192","01598 12:12:24",242.61,833.97,,,,"     ",5.10,1920.48,0.92
1598,539356040,"01598M12:59:40.165","01598 12:12:25",242.58,833.92,,,,"     ",5.10,1915.54,0.91
1598,539356041,"01598M12:59:41.139","01598 12:12:25",242.56,834.03,,,,"     ",5.10,1932.58,0.92
1598,539356042,"01598M12:59:42.112","01598 12:12:26",242.54,833.94,,,,"     ",5.10,1910.37,0.91
1598,539356043,"01598M12:59:43.085","01598 12:12:27",242.53,833.96,,,,"     ",5.10,1927.08,0.92
1598,539356044,"01598M12:59:44.058","01598 12:12:28",242.52,833.85,,,,"     ",5.10,1905.80,0.91
1598,539356045,"01598M12:59:45.032","01598 12:12:29",242.51,833.83,,,,"     ",5.10,1883.93,0.90
1598,539356046,"01598M12:59:46.005","01598 12:12:30",242.51,833.87,,,,"     ",5.10,1930.93,0.92
1598,539356047,"01598M12:59:46.978","01598 12:12:31",242.52,833.88,,,,"     ",5.10,1927.67,0.92
1598,539356048,"01598M12:59:47.951","01598 12:12:32",242.54,833.90,,,,"     ",5.10,1894.04,0.90
1598,539356049,"01598M12:59:48.925","01598 12:12:33",242.56,833.92,,,,"     ",5.10,1926.75,0.92
1598,539356050,"01598M12:59:49.898","01598 12:12:34",242.58,833.93,,,,"     ",5.10,1935.94,0.92
1598,539356051,"01598M12:59:50.871","01598 12:12:35",242.59,833.98,,,,"     ",5.10,1909.57,0.91
1598,539356052,"01598M12:59:51.844","01598 12:12:36",242.60,833.93,,,,"     ",5.10,1917.71,0.91
1598,539356053,"01598M12:59:52.818","01598 12:12:37",242.59,833.88,,,,"     ",5.10,1938.51,0.92
1598,539356054,"01598M12:59:53.791","01598 12:12:38",242.56,833.87,,,,"     ",5.10,1897.81,0.90
1598,539356055,"01598M12:59:54.764","01598 12:12:39",242.52,833.81,,,,"     ",5.10,1915.38,0.91
1598,539356056,"01598M12:59:55.737","01598 12:12:40",242.48,833.83,,,,"     ",5.10,1901.75,0.90
1598,539356057,"01598M12:59:56.711","01598 12:12:41",242.43,833.82,,,,"     ",5.10,1911.75,0.91
1598,539356058,"01598M12:59:57.684","01598 12:12:42",242.37,833.78,,,,"     ",5.10,1907.75,0.91
1598,539356059,"01598M12:59:58.657","01598 12:12:43",242.33,833.81,,,,"     ",5.10,1929.58,0.92
1598,539356060,"01598M12:59:59.630","01598 12:12:44",242.28,833.80,,,,"     ",5.10,1930.51,0.92
1598,539356061,"01598M13:00:00.604","01598 12:12:45",242.24,833.74,,,,"     ",5.10,1913.18,0.91
1598,539356062,"01598M13:00:01.577","01598 12:12:46",242.21,833.68,,,,"     ",5.10,1935.79,0.92
1598,539356063,"01598M13:00:02.550","01598 12:12:47",242.17,833.82,,,,"     ",5.10,1914.54,0.91
1598,539356064,"01598M13:00:03.524","01598 12:12:48",242.14,833.80,,,,"     ",5.10,1901.19,0.90
1598,539356065,"01598M13:00:04.497","01598 12:12:49",242.12,833.82,,,,"     ",5.10,1926.51,0.91
1598,539356066,"01598M13:00:05.470","01598 12:12:50",242.09,833.76,,,,"     ",5.10,1932.70,0.92
1598,539356067,"01598M13:00:06.443","01598 12:12:51",242.08,833.70,,,,"     ",5.10,1897.50,0.90
1598,539356068,"01598M13:00:07.417","01598 12:12:52",242.06,833.71,,,,"     ",5.10,1945.43,0.92
1598,539356069,"01598M13:00:08.390","01598 12:12:53",242.05,833.71,,,,"     ",5.10,1908.90,0.90
1598,539356070,"01598M13:00:09.363","01598 12:12:54",242.05,833.67,,,,"     ",5.10,1929.13,0.91
1598,539356071,"01598M13:00:10.336","01598 12:12:55",242.05,833.69,,,,"     ",5.10,1961.26,0.93
1598,539356072,"01598M13:00:11.310","01598 12:12:56",242.05,833.65,,,,"     ",5.10,1932.98,0.92
1598,539356073,"01598M13:00:12.283","01598 12:12:57",242.06,833.71,,,,"     ",5.10,1910.98,0.91
1598,539356074,"01598M13:00:13.256","01598 12:12:58",242.06,833.74,,,,"     ",5.10,1930.05,0.91
1598,539356075,"01598M13:00:14.229","01598 12:12:59",242.05,833.72,,,,"     ",5.10,1909.51,0.90
1598,539356076,"01598M13:00:15.203","01598 12:13:00",242.04,833.66,,,,"     ",5.10,1929.14,0.91
1598,539356077,"01598M13:00:16.176","01598 12:13:01",242.03,833.76,,,,"     ",5.10,1916.86,0.91
1598,539356078,"01598M13:00:17.149","01598 12:13:01",242.02,833.75,,,,"     ",5.10,1954.60,0.93
1598,539356079,"01598M13:00:18.122","01598 12:13:02",242.01,833.74,,,,"     ",5.10,1916.07,0.91
1598,539356080,"01598M13:00:19.096","01598 12:13:03",242.00,833.71,,,,"     ",5.10,1941.72,0.92
1598,539356081,"01598M13:00:20.069","01598 12:13:04",242.00,833.74,,,,"     ",5.10,1950.63,0.92
1598,539356082,"01598M13:00:21.042","01598 12:13:05",242.00,833.76,,,,"     ",5.10,1890.01,0.90
1598,539356083,"01598M13:00:22.015","01598 12:13:06",242.01,833.70,,,,"     ",5.10,1912.38,0.91
1598,539356084,"01598M13:00:22.989","01598 12:13:07",242.03,833.71,,,,"     ",5.10,1928.94,0.91
1598,539356085,"01598M13:00:23.962","01598 12:13:08",242.04,833.65,,,,"     ",5.10,1961.04,0.93
1598,539356086,"01598M13:00:24.935","01598 12:13:09",242.06,833.66,,,,"     ",5.10,1914.00,0.91
1598,539356087,"01598M13:00:25.908","01598 12:13:10",242.08,833.66,,,,"     ",5.10,1916.90,0.91
1598,539356088,"01598M13:00:26.882","01598 12:13:11",242.08,833.62,,,,"     ",5.10,1922.24,0.91
1598,539356089,"01598M13:00:27.855","01598 12:13:12",242.09,833.63,,,,"     ",5.10,1933.55,0.92
1598,539356090,"01598M13:00:28.828","01598 12:13:13",242.10,833.69,,,,"     ",5.10,1921.45,0.91
1598,539356091,"01598M13:00:29.801","01598 12:13:14",242.11,833.59,,,,"     ",5.10,1936.55,0.92
1598,539356092,"01598M13:00:30.775","01598 12:13:15",242.12,833.61,,,,"     ",5.10,1892.29,0.90
1598,539356093,"01598M13:00:31.748","01598 12:13:16",242.13,833.63,,,,"     ",5.10,1913.16,0.91
1598,539356094,"01598M13:00:32.721","01598 12:13:17",242.14,833.64,,,,"     ",5.10,1957.26,0.93
1598,539356095,"01598M13:00:33.694","01598 12:13:18",242.15,833.70,,,,"     ",5.10,1913.99,0.91
1598,539356096,"01598M13:00:34.668","01598 12:13:19",242.17,833.66,,,,"     ",5.10,1936.93,0.92
1598,539356097,"01598M13:00:35.641","01598 12:13:20",242.17,833.69,,,,"     ",5.10,1945.82,0.92
1598,539356098,"01598M13:00:36.614","01598 12:13:21",242.18,833.69,,,,"     ",5.10,1936.57,0.92
1598,539356099,"01598M13:00:37.587","01598 12:13:22",242.19,833.72,,,,"     ",5.10,1932.51,0.92
1598,539356100,"01598M13:00:38.561","01598 12:13:23",242.52,833.64,,,,"     ",5.10,1920.30,0.91
1598,539356101,"01598M13:00:39.534","01598 12:13:24",242.49,833.62,,,,"     ",5.10,1911.73,0.91
1598,539356102,"01598M13:00:40.507","01598 12:13:25",242.45,833.53,,,,"     ",5.10,1970.47,0.93
1598,539356118,"01598M13:00:56.079","01598 12:13:40",242.45,833.52,,,,"     ",5.10,,
1598,539356119,"01598M13:00:57.052","01598 12:13:41",242.50,833.49,,,,"     ",5.10,1938.74,0.92
1598,539356120,"01598M13:00:58.026","01598 12:13:42",242.54,833.52,,,,"     ",5.10,1932.49,0.91
1598,539356121,"01598M13:00:58.999","01598 12:13:43",242.60,833.55,,,,"     ",5.10,1932.61,0.91
1598,539356122,"01598M13:00:59.972","01598 12:13:44",242.65,833.47,,,,"     ",5.10,1922.16,0.91
1598,539356123,"01598M13:01:00.945","01598 12:13:45",242.70,833.52,,,,"     ",5.10,1940.52,0.91
1598,539356124,"01598M13:01:01.919","01598 12:13:46",242.77,833.51,,,,"     ",5.10,1952.54,0.92
1598,539356125,"01598M13:01:02.892","01598 12:13:47",242.84,833.58,,,,"     ",5.10,1944.67,0.92
1598,539356126,"01598M13:01:03.865","01598 12:13:48",242.91,833.50,,,,"     ",5.10,1963.43,0.93
1598,539356127,"01598M13:01:04.838","01598 12:13:49",242.99,833.40,,,,"     ",5.10,1948.66,0.92
1598,539356128,"01598M13:01:05.812","01598 12:13:50",243.07,833.50,,,,"     ",5.10,1953.54,0.92
1598,539356129,"01598M13:01:06.785","01598 12:13:51",243.17,833.39,,,,"     ",5.10,1944.86,0.92
1598,539356130,"01598M13:01:07.758","01598 12:13:52",243.27,833.51,,,,"     ",5.10,1950.06,0.92
1598,539356131,"01598M13:01:08.731","01598 12:13:53",243.39,833.45,,,,"     ",5.10,1911.44,0.90
1598,539356132,"01598M13:01:09.705","01598 12:13:54",243.50,833.42,,,,"     ",5.10,1942.62,0.91
1598,539356133,"01598M13:01:10.678","01598 12:13:55",243.59,833.32,,,,"     ",5.10,1914.26,0.90
1598,539356134,"01598M13:01:11.651","01598 12:13:56",243.69,833.29,,,,"     ",5.10,1963.67,0.92
1598,539356135,"01598M13:01:12.625","01598 12:13:57",243.79,833.36,,,,"     ",5.10,1928.05,0.90
1598,539356136,"01598M13:01:13.598","01598 12:13:58",243.88,833.42,,,,"     ",5.10,1917.87,0.90
1598,539356137,"01598M13:01:14.571","01598 12:13:59",243.99,833.45,,,,"     ",5.10,1933.51,0.91
1598,539356138,"01598M13:01:15.544","01598 12:14:00",244.09,833.42,,,,"     ",5.10,1967.08,0.92
1598,539356139,"01598M13:01:16.518","01598 12:14:01",244.19,833.38,,,,"     ",5.10,1955.56,0.92
1598,539356140,"01598M13:01:17.491","01598 12:14:02",244.29,833.37,,,,"     ",5.10,1954.41,0.92
1598,539356141,"01598M13:01:18.464","01598 12:14:03",244.39,833.36,,,,"     ",5.10,1946.37,0.91
1598,539356142,"01598M13:01:19.437","01598 12:14:04",244.48,833.38,,,,"     ",5.10,1922.15,0.90
1598,539356143,"01598M13:01:20.411","01598 12:14:05",244.56,833.29,,,,"     ",5.10,1930.87,0.90
1598,539356144,"01598M13:01:21.384","01598 12:14:06",244.61,833.40,,,,"     ",5.10,1934.12,0.90
1598,539356145,"01598M13:01:22.357","01598 12:14:07",244.65,833.37,,,,"     ",5.10,1961.42,0.92
1598,539356146,"01598M13:01:23.330","01598 12:14:08",244.67,833.24,,,,"     ",5.10,1967.62,0.92
1598,539356147,"01598M13:01:24.304","01598 12:14:09",244.68,833.27,,,,"     ",5.10,1942.02,0.91
1598,539356148,"01598M13:01:25.277","01598 12:14:10",244.67,833.29,,,,"     ",5.10,1946.08,0.91
1598,539356149,"01598M13:01:26.250","01598 12:14:11",244.67,833.24,,,,"     ",5.10,1945.32,0.91
1598,539356150,"01598M13:01:27.223","01598 12:14:12",244.68,833.28,,,,"     ",5.10,1945.15,0.91
1598,539356151,"01598M13:01:28.197","01598 12:14:13",244.70,833.27,,,,"     ",5.10,1948.19,0.91
1598,539356152,"01598M13:01:29.170","01598 12:14:13",244.73,833.26,,,,"     ",5.10,1979.79,0.92
1598,539356153,"01598M13:01:30.143","01598 12:14:14",244.80,833.26,,,,"     ",5.10,1979.31,0.92
1598,539356154,"01598M13:01:31.116","01598 12:14:15",244.88,833.24,,,,"     ",5.10,1965.88,0.92
1598,539356155,"01598M13:01:32.090","01598 12:14:16",244.97,833.27,,,,"     ",5.10,1946.00,0.91
1598,539356156,"01598M13:01:33.063","01598 12:14:17",245.07,833.20,,,,"     ",5.10,1959.90,0.91
1598,539356157,"01598M13:01:34.036","01598 12:14:18",245.18,833.14,,,,"     ",5.10,1956.55,0.91
1598,539356158,"01598M13:01:35.009","01598 12:14:19",245.28,833.20,,,,"     ",5.10,1966.01,0.91
1598,539356159,"01598M13:01:35.983","01598 12:14:20",245.39,833.22,,,,"     ",5.10,1949.08,0.91
1598,539356160,"01598M13:01:36.956","01598 12:14:21",245.49,833.14,,,,"     ",5.10,1931.94,0.90
1598,539356161,"01598M13:01:37.929","01598 12:14:22",245.59,833.20,,,,"     ",5.10,1957.55,0.91
1598,539356162,"01598M13:01:38.902","01598 12:14:23",245.67,833.22,,,,"     ",5.10,1933.29,0.90
1598,539356163,"01598M13:01:39.876","01598 12:14:24",245.74,833.21,,,,"     ",5.10,1955.60,0.91
1598,539356164,"01598M13:01:40.849","01598 12:14:25",245.80,833.16,,,,"     ",5.10,1950.09,0.90
1598,539356165,"01598M13:01:41.822","01598 12:14:26",245.86,833.26,,,,"     ",5.10,1943.56,0.90
1598,539356166,"01598M13:01:42.795","01598 12:14:27",245.92,833.13,,,,"     ",5.10,1936.47,0.90
1598,539356167,"01598M13:01:43.769","01598 12:14:28",245.97,833.14,,,,"     ",5.10,1984.46,0.92
1598,539356168,"01598M13:01:44.742","01598 12:14:29",246.02,833.15,,,,"     ",5.10,1989.98,0.92
1598,539356169,"01598M13:01:45.715","01598 12:14:30",246.07,833.18,,,,"     ",5.10,1943.10,0.90
1598,539356170,"01598M13:01:46.688","01598 12:14:31",246.13,833.04,,,,"     ",5.10,1976.78,0.91
1598,539356171,"01598M13:01:47.662","01598 12:14:32",246.17,833.12,,,,"     ",5.10,1966.31,0.91
1598,539356172,"01598M13:01:48.635","01598 12:14:33",246.23,833.20,,,,"     ",5.10,1953.63,0.90
1598,539356173,"01598M13:01:49.608","01598 12:14:34",246.27,833.21,,,,"     ",5.10,1978.46,0.91
1598,539356174,"01598M13:01:50.581","01598 12:14:35",246.32,833.16,,,,"     ",5.10,1979.96,0.91
1598,539356175,"01598M13:01:51.555","01598 12:14:36",246.36,833.14,,,,"     ",5.10,1971.11,0.91
1598,539356176,"01598M13:01:52.528","01598 12:14:37",246.41,833.12,,,,"     ",5.10,1990.76,0.92
1598,539356177,"01598M13:01:53.501","01598 12:14:38",246.46,833.08,,,,"     ",5.10,1951.11,0.90
1598,539356178,"01598M13:01:54.474","01598 12:14:39",246.51,833.15,,,,"     ",5.10,1968.06,0.91
1598,539356179,"01598M13:01:55.448","01598 12:14:40",246.57,833.16,,,,"     ",5.10,1920.63,0.88
1598,539356180,"01598M13:01:56.421","01598 12:14:41",246.64,833.11,,,,"     ",5.10,2006.18,0.92
1598,539356181,"01598M13:01:57.394","01598 12:14:42",246.71,833.18,,,,"     ",5.10,1962.78,0.90
1598,539356182,"01598M13:01:58.367","01598 12:14:43",246.79,833.18,,,,"     ",5.10,1976.39,0.91
1598,539356183,"01598M13:01:59.341","01598 12:14:44",246.86,833.21,,,,"     ",5.10,1957.43,0.90
1598,539356184,"01598M13:02:00.314","01598 12:14:45",246.92,833.12,,,,"     ",5.10,1932.11,0.89
1598,539356185,"01598M13:02:01.287","01598 12:14:46",246.97,833.07,,,,"     ",5.10,1998.82,0.92
1598,539356186,"01598M13:02:02.260","01598 12:14:47",247.02,833.10,,,,"     ",5.10,1944.44,0.89
1598,539356187,"01598M13:02:03.234","01598 12:14:48",247.06,833.07,,,,"     ",5.10,1953.00,0.90
1598,539356188,"01598M13:02:04.207","01598 12:14:49",247.10,833.06,,,,"     ",5.10,1973.07,0.90
1598,539356189,"01598M13:02:05.180","01598 12:14:50",247.14,833.13,,,,"     ",5.10,1978.97,0.91
1598,539356190,"01598M13:02:06.153","01598 12:14:50",247.18,833.11,,,,"     ",5.10,1967.00,0.90
1598,539356191,"01598M13:02:07.127","01598 12:14:51",247.23,833.02,,,,"     ",5.10,1975.97,0.91
1598,539356192,"01598M13:02:08.100","01598 12:14:52",247.29,833.04,,,,"     ",5.10,1973.15,0.90
1598,539356193,"01598M13:02:09.073","01598 12:14:53",247.35,833.01,,,,"     ",5.10,1949.30,0.89
1598,539356194,"01598M13:02:10.046","01598 12:14:54",247.41,833.07,,,,"     ",5.10,1974.39,0.90
1598,539356195,"01598M13:02:11.020","01598 12:14:55",247.48,833.09,,,,"     ",5.10,1950.61,0.89
1598,539356196,"01598M13:02:11.993","01598 12:14:56",247.55,833.06,,,,"     ",5.10,1968.63,0.90
1598,539356197,"01598M13:02:12.966","01598 12:14:57",247.61,832.98,,,,"     ",5.10,1981.70,0.91
1598,539356198,"01598M13:02:13.939","01598 12:14:58",247.67,832.95,,,,"     ",5.10,1962.33,0.90
1598,539356199,"01598M13:02:14.913","01598 12:14:59",247.71,832.98,,,,"     ",5.10,1979.30,0.90
1598,539356200,"01598M13:02:15.886","01598 12:15:00",247.75,832.94,,,,"     ",5.10,1980.89,0.91
1598,539356201,"01598M13:02:16.859","01598 12:15:01",247.78,832.99,,,,"     ",5.10,1962.43,0.90
1598,539356202,"01598M13:02:17.832","01598 12:15:02",247.80,832.99,,,,"     ",5.10,1960.66,0.90
1598,539356203,"01598M13:02:18.806","01598 12:15:03",247.82,832.93,,,,"     ",5.10,1953.60,0.89
1598,539356204,"01598M13:02:19.779","01598 12:15:04",247.85,832.98,,,,"     ",5.10,1959.10,0.89
1598,539356205,"01598M13:02:20.752","01598 12:15:05",247.88,832.87,,,,"     ",5.10,1946.71,0.89
1598,539356206,"01598M13:02:21.726","01598 12:15:06",247.92,832.94,,,,"     ",5.10,1996.72,0.91
1598,539356207,"01598M13:02:22.699","01598 12:15:07",247.97,832.94,,,,"     ",5.10,1954.87,0.89
1598,539356208,"01598M13:02:23.672","01598 12:15:08",248.02,832.90,,,,"     ",5.10,1979.61,0.90
1598,539356209,"01598M13:02:24.645","01598 12:15:09",248.07,832.91,,,,"     ",5.10,1982.27,0.91
1598,539356210,"01598M13:02:25.619","01598 12:15:10",248.12,832.76,,,,"     ",5.10,1960.27,0.89
1598,539356211,"01598M13:02:26.592","01598 12:15:11",248.15,832.82,,,,"     ",5.10,1985.87,0.91
1598,539356212,"01598M13:02:27.565","01598 12:15:12",248.18,832.92,,,,"     ",5.10,1967.00,0.90
1598,539356213,"01598M13:02:28.538","01598 12:15:13",248.19,832.87,,,,"     ",5.10,1970.58,0.90
1598,539356214,"01598M13:02:29.512","01598 12:15:14",248.17,832.94,,,,"     ",5.10,1942.69,0.89
1598,539356215,"01598M13:02:30.485","01598 12:15:15",248.13,833.01,,,,"     ",5.10,2004.53,0.91
1598,539356216,"01598M13:02:31.458","01598 12:15:16",248.06,832.99,,,,"     ",5.10,1956.55,0.89
1598,539356217,"01598M13:02:32.431","01598 12:15:17",247.97,833.03,,,,"     ",5.10,1994.64,0.91
1598,539356218,"01598M13:02:33.405","01598 12:15:18",247.86,833.04,,,,"     ",5.10,1962.97,0.90
1598,539356219,"01598M13:02:34.378","01598 12:15:19",247.75,833.01,,,,"     ",5.10,1939.81,0.89
1598,539356220,"01598M13:02:35.351","01598 12:15:20",247.63,832.98,,,,"     ",5.10,1966.12,0.90
1598,539356221,"01598M13:02:36.324","01598 12:15:21",247.53,833.01,,,,"     ",5.10,1925.86,0.88
1598,539356222,"01598M13:02:37.298","01598 12:15:22",247.42,832.92,,,,"     ",5.10,1991.61,0.91
1598,539356223,"01598M13:02:38.271","01598 12:15:23",247.33,832.94,,,,"     ",5.10,1944.95,0.89
1598,539356224,"01598M13:02:39.244","01598 12:15:24",247.25,832.94,,,,"     ",5.10,1948.31,0.89
1598,539356225,"01598M13:02:40.217","01598 12:15:25",247.19,832.92,,,,"     ",5.10,1921.35,0.88
1598,539356226,"01598M13:02:41.191","01598 12:15:26",247.14,832.97,,,,"     ",5.10,1976.42,0.90
1598,539356227,"01598M13:02:42.164","01598 12:15:26",247.12,832.95,,,,"     ",5.10,1972.16,0.90
1598,539356228,"01598M13:02:43.137","01598 12:15:27",247.11,832.92,,,,"     ",5.10,1966.05,0.90
1598,539356229,"01598M13:02:44.110","01598 12:15:28",247.12,832.93,,,,"     ",5.10,1956.20,0.89
1598,539356230,"01598M13:02:45.084","01598 12:15:29",247.14,832.97,,,,"     ",5.10,1946.03,0.89
1598,539356231,"01598M13:02:46.057","01598 12:15:30",247.17,832.93,,,,"     ",5.10,1942.21,0.89
1598,539356232,"01598M13:02:47.030","01598 12:15:31",247.20,833.00,,,,"     ",5.10,1951.76,0.89
1598,539356233,"01598M13:02:48.003","01598 12:15:32",247.22,832.82,,,,"     ",5.10,1958.92,0.90
1598,539356234,"01598M13:02:48.977","01598 12:15:33",247.22,832.91,,,,"     ",5.10,1991.36,0.91
1598,539356235,"01598M13:02:49.950","01598 12:15:34",247.21,832.90,,,,"     ",5.10,1970.75,0.90
1598,539356236,"01598M13:02:50.923","01598 12:15:35",247.19,832.91,,,,"     ",5.10,1940.86,0.89
1598,539356237,"01598M13:02:51.896","01598 12:15:36",247.16,832.93,,,,"     ",5.10,1976.83,0.91
1598,539356238,"01598M13:02:52.870","01598 12:15:37",247.12,832.87,,,,"     ",5.10,1941.91,0.89
1598,539356239,"01598M13:02:53.843","01598 12:15:38",247.07,832.85,,,,"     ",5.10,1968.35,0.90
1598,539356240,"01598M13:02:54.816","01598 12:15:39",247.03,832.89,,,,"     ",5.10,1926.19,0.88
1598,539356241,"01598M13:02:55.789","01598 12:15:40",246.98,832.87,,,,"     ",5.10,1951.24,0.90
1598,539356242,"01598M13:02:56.763","01598 12:15:41",246.93,832.92,,,,"     ",5.10,1982.71,0.91
1598,539356243,"01598M13:02:57.736","01598 12:15:42",246.89,832.90,,,,"     ",5.10,1946.15,0.89
1598,539356244,"01598M13:02:58.709","01598 12:15:43",246.86,832.84,,,,"     ",5.10,1978.71,0.91
1598,539356245,"01598M13:02:59.682","01598 12:15:44",246.82,832.84,,,,"     ",5.10,1953.45,0.90
1598,539356246,"01598M13:03:00.656","01598 12:15:45",246.79,832.76,,,,"     ",5.10,1948.60,0.90
1598,539356247,"01598M13:03:01.629","01598 12:15:46",246.76,832.77,,,,"     ",5.10,1949.51,0.90
1598,539356248,"01598M13:03:02.602","01598 12:15:47",246.73,832.78,,,,"     ",5.10,1956.85,0.90
1598,539356249,"01598M13:03:03.575","01598 12:15:48",246.71,832.72,,,,"     ",5.10,1940.45,0.89
1598,539356250,"01598M13:03:04.549","01598 12:15:49",246.69,832.78,,,,"     ",5.10,1938.81,0.89
1598,539356251,"01598M13:03:05.522","01598 12:15:50",246.68,832.78,,,,"     ",5.10,1948.94,0.90
1598,539356252,"01598M13:03:06.495","01598 12:15:51",246.67,832.79,,,,"     ",5.10,1945.75,0.90
1598,539356253,"01598M13:03:07.468","01598 12:15:52",246.67,832.73,,,,"     ",5.10,1961.03,0.90
1598,539356254,"01598M13:03:08.442","01598 12:15:53",246.67,832.72,,,,"     ",5.10,1919.76,0.88
1598,539356255,"01598M13:03:09.415","01598 12:15:54",246.68,832.73,,,,"     ",5.10,1974.11,0.91
1598,539356256,"01598M13:03:10.388","01598 12:15:55",246.69,832.78,,,,"     ",5.10,1955.34,0.90
1598,539356257,"01598M13:03:11.361","01598 12:15:56",246.71,832.74,,,,"     ",5.10,1960.90,0.91
1598,539356258,"01598M13:03:12.335","01598 12:15:57",246.73,832.78,,,,"     ",5.10,1957.01,0.90
1598,539356259,"01598M13:03:13.308","01598 12:15:58",246.76,832.83,,,,"     ",5.10,1950.23,0.90
1598,539356260,"01598M13:03:14.281","01598 12:15:59",246.79,832.79,,,,"     ",5.10,1998.73,0.92
1598,539356261,"01598M13:03:15.254","01598 12:16:00",246.82,832.77,,,,"     ",5.10,1960.18,0.91
1598,539356262,"01598M13:03:16.228","01598 12:16:01",246.84,832.74,,,,"     ",5.10,1973.65,0.91
1598,539356263,"01598M13:03:17.201","01598 12:16:02",246.83,832.67,,,,"     ",5.10,1942.35,0.90
1598,539356264,"01598M13:03:18.174","01598 12:16:02",246.81,832.72,,,,"     ",5.10,1936.13,0.90
1598,539356265,"01598M13:03:19.147","01598 12:16:03",246.77,832.70,,,,"     ",5.10,1925.90,0.89
1598,539356266,"01598M13:03:20.121","01598 12:16:04",246.71,832.67,,,,"     ",5.10,1960.28,0.91
1598,539356267,"01598M13:03:21.094","01598 12:16:05",246.63,832.65,,,,"     ",5.10,1933.89,0.90
1598,539356268,"01598M13:03:22.067","01598 12:16:06",246.54,832.66,,,,"     ",5.10,1968.15,0.91
1598,539356269,"01598M13:03:23.040","01598 12:16:07",246.45,832.67,,,,"     ",5.10,1917.49,0.89
1598,539356270,"01598M13:03:24.014","01598 12:16:08",246.35,832.63,,,,"     ",5.10,1943.83,0.90
1598,539356271,"01598M13:03:24.987","01598 12:16:09",246.27,832.62,,,,"     ",5.10,1971.63,0.91
1598,539356272,"01598M13:03:25.960","01598 12:16:10",246.18,832.69,,,,"     ",5.10,1919.53,0.89
1598,539356273,"01598M13:03:26.933","01598 12:16:11",246.09,832.63,,,,"     ",5.10,1890.69,0.88
1598,539356274,"01598M13:03:27.907","01598 12:16:12",246.01,832.65,,,,"     ",5.10,1936.68,0.90
1598,539356275,"01598M13:03:28.880","01598 12:16:13",245.94,832.65,,,,"     ",5.10,1909.33,0.89
1598,539356276,"01598M13:03:29.853","01598 12:16:14",245.87,832.68,,,,"     ",5.10,1936.71,0.90
1598,539356277,"01598M13:03:30.826","01598 12:16:15",245.81,832.69,,,,"     ",5.10,1905.84,0.89
1598,539356278,"01598M13:03:31.800","01598 12:16:16",245.76,832.66,,,,"     ",5.10,1947.06,0.91
1598,539356279,"01598M13:03:32.773","01598 12:16:17",245.73,832.75,,,,"     ",5.10,1934.79,0.90
1598,539356280,"01598M13:03:33.746","01598 12:16:18",245.70,832.72,,,,"     ",5.10,1891.47,0.88
1598,539356281,"01598M13:03:34.720","01598 12:16:19",245.70,832.67,,,,"     ",5.10,1918.08,0.89
1598,539356282,"01598M13:03:35.693","01598 12:16:20",245.71,832.67,,,,"     ",5.10,1890.69,0.88
1598,539356283,"01598M13:03:36.666","01598 12:16:21",245.73,832.66,,,,"     ",5.10,1940.24,0.91
1598,539356284,"01598M13:03:37.639","01598 12:16:22",245.78,832.69,,,,"     ",5.10,1934.85,0.90
1598,539356285,"01598M13:03:38.613","01598 12:16:23",245.83,832.74,,,,"     ",5.10,1930.14,0.90
1598,539356286,"01598M13:03:39.586","01598 12:16:24",245.88,832.73,,,,"     ",5.10,1903.48,0.89
1598,539356287,"01598M13:03:40.559","01598 12:16:25",245.94,832.80,,,,"     ",5.10,1877.24,0.88
1598,539356288,"01598M13:03:41.532","01598 12:16:26",246.00,832.86,,,,"     ",5.10,1897.07,0.89
1598,539356289,"01598M13:03:42.506","01598 12:16:27",246.06,832.76,,,,"     ",5.10,1913.44,0.90
1598,539356290,"01598M13:03:43.479","01598 12:16:28",246.11,832.71,,,,"     ",5.10,1902.94,0.89
1598,539356291,"01598M13:03:44.452","01598 12:16:29",246.15,832.73,,,,"     ",5.10,1924.31,0.90
1598,539356292,"01598M13:03:45.425","01598 12:16:30",246.16,832.67,,,,"     ",5.10,1955.71,0.92
1598,539356293,"01598M13:03:46.399","01598 12:16:31",246.15,832.69,,,,"     ",5.10,1956.94,0.92
1598,539356294,"01598M13:03:47.372","01598 12:16:32",246.12,832.75,,,,"     ",5.10,1913.85,0.90
1598,539356295,"01598M13:03:48.345","01598 12:16:33",246.06,832.64,,,,"     ",5.10,1925.62,0.90
1598,539356296,"01598M13:03:49.318","01598 12:16:34",245.99,832.63,,,,"     ",5.10,1904.36,0.89
1598,539356297,"01598M13:03:50.292","01598 12:16:35",245.90,832.57,,,,"     ",5.10,1883.79,0.88
1598,539356298,"01598M13:03:51.265","01598 12:16:36",245.82,832.68,,,,"     ",5.10,1926.36,0.91
1598,539356299,"01598M13:03:52.238","01598 12:16:37",245.75,832.58,,,,"     ",5.10,1899.50,0.89
1598,539356300,"01598M13:03:53.211","01598 12:16:38",245.70,832.58,,,,"     ",5.10,1925.95,0.91
1598,539356301,"01598M13:03:54.185","01598 12:16:38",245.69,832.60,,,,"     ",5.10,1888.54,0.89
1598,539356302,"01598M13:03:55.158","01598 12:16:39",245.71,832.65,,,,"     ",5.10,1913.95,0.90
1598,539356303,"01598M13:03:56.131","01598 12:16:40",245.76,832.56,,,,"     ",5.10,1900.85,0.90
1598,539356304,"01598M13:03:57.104","01598 12:16:41",245.84,832.61,,,,"     ",5.10,1893.92,0.89
1598,539356305,"01598M13:03:58.078","01598 12:16:42",245.94,832.51,,,,"     ",5.10,1872.15,0.88
1598,539356306,"01598M13:03:59.051","01598 12:16:43",246.05,832.53,,,,"     ",5.10,1943.45,0.92
1598,539356307,"01598M13:04:00.024","01598 12:16:44",246.16,832.51,,,,"     ",5.10,1925.29,0.91
1598,539356308,"01598M13:04:00.997","01598 12:16:45",246.27,832.54,,,,"     ",5.10,1905.19,0.90
1598,539356309,"01598M13:04:01.971","01598 12:16:46",246.37,832.55,,,,"     ",5.10,1915.92,0.90
1598,539356310,"01598M13:04:02.944","01598 12:16:47",246.46,832.48,,,,"     ",5.10,1932.91,0.91
1598,539356311,"01598M13:04:03.917","01598 12:16:48",246.54,832.51,,,,"     ",5.10,1947.02,0.92
1598,539356312,"01598M13:04:04.890","01598 12:16:49",246.60,832.48,,,,"     ",5.10,1952.81,0.92
1598,539356313,"01598M13:04:05.864","01598 12:16:50",246.63,832.44,,,,"     ",5.10,1935.17,0.91
1598,539356314,"01598M13:04:06.837","01598 12:16:51",246.63,832.45,,,,"     ",5.10,1906.47,0.90
1598,539356315,"01598M13:04:07.810","01598 12:16:52",246.60,832.46,,,,"     ",5.10,1913.66,0.90
1598,539356316,"01598M13:04:08.783","01598 12:16:53",246.56,832.52,,,,"     ",5.10,1908.37,0.90
1598,539356317,"01598M13:04:09.757","01598 12:16:54",246.50,832.38,,,,"     ",5.10,1955.22,0.92
1598,539356318,"01598M13:04:10.730","01598 12:16:55",246.44,832.40,,,,"     ",5.10,1928.99,0.91
1598,539356319,"01598M13:04:11.703","01598 12:16:56",246.36,832.41,,,,"     ",5.10,1922.61,0.91
1598,539356320,"01598M13:04:12.676","01598 12:16:57",246.28,832.43,,,,"     ",5.10,1928.19,0.91
1598,539356321,"01598M13:04:13.650","01598 12:16:58",246.18,832.54,,,,"     ",5.10,1930.94,0.91
1598,539356322,"01598M13:04:14.623","01598 12:16:59",246.07,832.49,,,,"     ",5.10,1925.13,0.91
1598,539356323,"01598M13:04:15.596","01598 12:17:00",245.93,832.47,,,,"     ",5.10,1949.54,0.92
1598,539356324,"01598M13:04:16.569","01598 12:17:01",245.77,832.43,,,,"     ",5.10,1929.18,0.91
1598,539356325,"01598M13:04:17.543","01598 12:17:02",245.59,832.46,,,,"     ",5.10,1936.66,0.92
1598,539356326,"01598M13:04:18.516","01598 12:17:03",245.40,832.38,,,,"     ",5.10,1903.21,0.90
1598,539356327,"01598M13:04:19.489","01598 12:17:04",245.21,832.32,,,,"     ",5.10,1919.80,0.91
1598,539356328,"01598M13:04:20.462","01598 12:17:05",245.02,832.30,,,,"     ",5.10,1927.48,0.91
1598,539356329,"01598M13:04:21.436","01598 12:17:06",244.84,832.35,,,,"     ",5.10,1903.20,0.90
1598,539356330,"01598M13:04:22.409","01598 12:17:07",244.67,832.41,,,,"     ",5.10,1912.88,0.90
1598,539356331,"01598M13:04:23.382","01598 12:17:08",244.53,832.43,,,,"     ",5.10,1921.47,0.91
1598,539356332,"01598M13:04:24.355","01598 12:17:09",244.44,832.39,,,,"     ",5.10,1924.92,0.91
1598,539356333,"01598M13:04:25.329","01598 12:17:10",244.39,832.42,,,,"     ",5.10,1914.05,0.90
1598,539356334,"01598M13:04:26.302","01598 12:17:11",244.39,832.36,,,,"     ",5.10,1932.53,0.91
1598,539356335,"01598M13:04:27.275","01598 12:17:12",244.45,832.48,,,,"     ",5.10,1911.17,0.90
1598,539356336,"01598M13:04:28.248","01598 12:17:13",244.54,832.39,,,,"     ",5.10,1904.38,0.90
1598,539356337,"01598M13:04:29.222","01598 12:17:14",244.65,832.42,,,,"     ",5.10,1944.82,0.92
1598,539356338,"01598M13:04:30.195","01598 12:17:14",244.78,832.44,,,,"     ",5.10,1910.37,0.90
1598,539356339,"01598M13:04:31.168","01598 12:17:15",244.90,832.29,,,,"     ",5.10,1899.27,0.90
1598,539356340,"01598M13:04:32.141","01598 12:17:16",245.01,832.34,,,,"     ",5.10,1882.72,0.89
1598,539356341,"01598M13:04:33.115","01598 12:17:17",245.10,832.36,,,,"     ",5.10,1911.74,0.91
1598,539356342,"01598M13:04:34.088","01598 12:17:18",245.18,832.40,,,,"     ",5.10,1905.11,0.90
1598,539356343,"01598M13:04:35.061","01598 12:17:19",245.24,832.36,,,,"     ",5.10,1911.73,0.91
1598,539356344,"01598M13:04:36.034","01598 12:17:20",245.26,832.36,,,,"     ",5.10,1909.10,0.90
1598,539356345,"01598M13:04:37.008","01598 12:17:21",245.25,832.38,,,,"     ",5.10,1927.83,0.91
1598,539356346,"01598M13:04:37.981","01598 12:17:22",245.21,832.51,,,,"     ",5.10,1914.00,0.91
1598,539356347,"01598M13:04:38.954","01598 12:17:23",245.13,832.48,,,,"     ",5.10,1911.00,0.90
1598,539356348,"01598M13:04:39.927","01598 12:17:24",245.03,832.52,,,,"     ",5.10,1913.18,0.91
1598,539356349,"01598M13:04:40.901","01598 12:17:25",244.92,832.47,,,,"     ",5.10,1918.56,0.91
1598,539356350,"01598M13:04:41.874","01598 12:17:26",244.80,832.36,,,,"     ",5.10,1929.80,0.91
1598,539356351,"01598M13:04:42.847","01598 12:17:27",244.68,832.42,,,,"     ",5.10,1915.85,0.91
1598,539356352,"01598M13:04:43.821","01598 12:17:28",244.57,832.46,,,,"     ",5.10,1933.02,0.91
1598,539356353,"01598M13:04:44.794","01598 12:17:29",244.48,832.37,,,,"     ",5.10,1927.50,0.91
1598,539356354,"01598M13:04:45.767","01598 12:17:30",244.39,832.37,,,,"     ",5.10,1897.98,0.90
1598,539356355,"01598M13:04:46.740","01598 12:17:31",244.32,832.38,,,,"     ",5.10,1920.86,0.91
1598,539356356,"01598M13:04:47.714","01598 12:17:32",244.24,832.39,,,,"     ",5.10,1894.22,0.90
1598,539356357,"01598M13:04:48.687","01598 12:17:33",244.17,832.36,,,,"     ",5.10,1894.21,0.90
1598,539356358,"01598M13:04:49.660","01598 12:17:34",244.11,832.34,,,,"     ",5.10,1889.96,0.89
1598,539356359,"01598M13:04:50.633","01598 12:17:35",244.06,832.38,,,,"     ",5.10,1923.23,0.91
1598,539356360,"01598M13:04:51.607","01598 12:17:36",244.02,832.41,,,,"     ",5.10,1925.97,0.91
1598,539356361,"01598M13:04:52.580","01598 12:17:37",243.99,832.32,,,,"     ",5.10,1916.35,0.91
1598,539356362,"01598M13:04:53.553","01598 12:17:38",243.97,832.31,,,,"     ",5.10,1948.81,0.92
1598,539356363,"01598M13:04:54.526","01598 12:17:39",243.96,832.38,,,,"     ",5.10,1932.86,0.91
1598,539356364,"01598M13:04:55.500","01598 12:17:40",243.97,832.35,,,,"     ",5.10,1906.19,0.90
1598,539356365,"01598M13:04:56.473","01598 12:17:41",243.98,832.39,,,,"     ",5.10,1917.38,0.91
1598,539356366,"01598M13:04:57.446","01598 12:17:42",243.99,832.38,,,,"     ",5.10,1881.50,0.89
1598,539356367,"01598M13:04:58.419","01598 12:17:43",244.02,832.39,,,,"     ",5.10,1901.02,0.90
1598,539356368,"01598M13:04:59.393","01598 12:17:44",244.04,832.39,,,,"     ",5.10,1877.98,0.89
1598,539356369,"01598M13:05:00.366","01598 12:17:45",244.06,832.41,,,,"     ",5.10,1892.14,0.89
1598,539356370,"01598M13:05:01.339","01598 12:17:46",244.07,832.35,,,,"     ",5.10,1930.39,0.91
1598,539356371,"01598M13:05:02.312","01598 12:17:47",244.08,832.38,,,,"     ",5.10,1912.31,0.90
1598,539356372,"01598M13:05:03.286","01598 12:17:48",244.07,832.37,,,,"     ",5.10,1895.30,0.89
1598,539356373,"01598M13:05:04.259","01598 12:17:49",244.05,832.37,,,,"     ",5.10,1925.51,0.91
1598,539356374,"01598M13:05:05.232","01598 12:17:50",244.02,832.36,,,,"     ",5.10,1910.87,0.90
1598,539356375,"01598M13:05:06.205","01598 12:17:50",243.98,832.34,,,,"     ",5.10,1910.37,0.90
1598,539356376,"01598M13:05:07.179","01598 12:17:51",243.94,832.33,,,,"     ",5.10,1916.79,0.90
1598,539356377,"01598M13:05:08.152","01598 12:17:52",243.88,832.32,,,,"     ",5.10,1916.89,0.90
1598,539356378,"01598M13:05:09.125","01598 12:17:53",243.82,832.34,,,,"     ",5.10,1905.08,0.90
1598,539356379,"01598M13:05:10.098","01598 12:17:54",243.75,832.35,,,,"     ",5.10,1944.89,0.92
1598,539356380,"01598M13:05:11.072","01598 12:17:55",243.69,832.41,,,,"     ",5.10,1932.00,0.91
1598,539356381,"01598M13:05:12.045","01598 12:17:56",243.64,832.33,,,,"     ",5.10,1922.98,0.90
1598,539356382,"01598M13:05:13.018","01598 12:17:57",243.61,832.39,,,,"     ",5.10,1908.31,0.90
1598,539356383,"01598M13:05:13.991","01598 12:17:58",243.60,832.37,,,,"     ",5.10,1944.89,0.91
1598,539356384,"01598M13:05:14.965","01598 12:17:59",243.60,832.38,,,,"     ",5.10,1930.90,0.91
1598,539356385,"01598M13:05:15.938","01598 12:18:00",243.62,832.42,,,,"     ",5.10,1909.60,0.90
1598,539356386,"01598M13:05:16.911","01598 12:18:01",243.64,832.44,,,,"     ",5.10,1938.69,0.91
1598,539356387,"01598M13:05:17.884","01598 12:18:02",243.66,832.45,,,,"     ",5.10,1919.75,0.90
1598,539356388,"01598M13:05:18.858","01598 12:18:03",243.67,832.37,,,,"     ",5.10,1904.45,0.89
1598,539356389,"01598M13:05:19.831","01598 12:18:04",243.69,832.27,,,,"     ",5.10,1929.86,0.90
1598,539356390,"01598M13:05:20.804","01598 12:18:05",243.71,832.34,,,,"     ",5.10,1914.33,0.90
1598,539356391,"01598M13:05:21.777","01598 12:18:06",243.73,832.34,,,,"     ",5.10,1932.63,0.91
1598,539356392,"01598M13:05:22.751","01598 12:18:07",243.76,832.26,,,,"     ",5.10,1907.16,0.89
1598,539356393,"01598M13:05:23.724","01598 12:18:08",243.80,832.20,,,,"     ",5.10,1921.68,0.90
1598,539356394,"01598M13:05:24.697","01598 12:18:09",243.83,832.24,,,,"     ",5.10,1930.93,0.90
1598,539356395,"01598M13:05:25.670","01598 12:18:10",243.87,832.34,,,,"     ",5.10,1930.51,0.90
1598,539356396,"01598M13:05:26.644","01598 12:18:11",243.91,832.26,,,,"     ",5.10,1906.76,0.89
1598,539356397,"01598M13:05:27.617","01598 12:18:12",243.95,832.35,,,,"     ",5.10,1938.49,0.91
1598,539356398,"01598M13:05:28.590","01598 12:18:13",243.99,832.30,,,,"     ",5.10,1951.64,0.91
1598,539356399,"01598M13:05:29.563","01598 12:18:14",244.02,832.33,,,,"     ",5.10,1943.97,0.91
1598,539356400,"01598M13:05:30.537","01598 12:18:15",244.04,832.31,,,,"     ",5.10,1902.24,0.89
1598,539356401,"01598M13:05:31.510","01598 12:18:16",244.05,832.25,,,,"     ",5.10,1929.34,0.90
1598,539356402,"01598M13:05:32.483","01598 12:18:17",244.04,832.29,,,,"     ",5.10,1965.59,0.92
1598,539356403,"01598M13:05:33.456","01598 12:18:18",244.02,832.34,,,,"     ",5.10,1976.55,0.92
1598,539356404,"01598M13:05:34.430","01598 12:18:19",243.99,832.30,,,,"     ",5.10,1930.87,0.90
1598,539356405,"01598M13:05:35.403","01598 12:18:20",243.95,832.23,,,,"     ",5.10,1980.61,0.92
1598,539356406,"01598M13:05:36.376","01598 12:18:21",243.91,832.24,,,,"     ",5.10,1934.41,0.90
1598,539356407,"01598M13:05:37.349","01598 12:18:22",243.86,832.20,,,,"     ",5.10,1928.42,0.90
1598,539356408,"01598M13:05:38.323","01598 12:18:23",243.81,832.25,,,,"     ",5.10,1899.13,0.88
1598,539356409,"01598M13:05:39.296","01598 12:18:24",243.78,832.19,,,,"     ",5.10,1925.29,0.89
1598,539356410,"01598M13:05:40.269","01598 12:18:25",243.75,832.27,,,,"     ",5.10,1920.59,0.89
1598,539356411,"01598M13:05:41.242","01598 12:18:26",243.72,832.29,,,,"     ",5.10,1927.73,0.89
1598,539356412,"01598M13:05:42.216","01598 12:18:26",243.67,832.26,,,,"     ",5.10,1927.07,0.89
1598,539356413,"01598M13:05:43.189","01598 12:18:27",243.62,832.31,,,,"     ",5.10,1982.27,0.92
1598,539356414,"01598M13:05:44.162","01598 12:18:28",243.57,832.33,,,,"     ",5.10,1941.31,0.90
1598,539356415,"01598M13:05:45.135","01598 12:18:29",243.51,832.30,,,,"     ",5.10,1924.65,0.89
1598,539356416,"01598M13:05:46.109","01598 12:18:30",243.45,832.26,,,,"     ",5.10,1922.71,0.89
1598,539356417,"01598M13:05:47.082","01598 12:18:31",243.38,832.19,,,,"     ",5.10,1978.77,0.92
1598,539356418,"01598M13:05:48.055","01598 12:18:32",243.31,832.09,,,,"     ",5.10,1949.26,0.90
1598,539356419,"01598M13:05:49.028","01598 12:18:33",243.24,832.03,,,,"     ",5.10,1928.99,0.89
1598,539356420,"01598M13:05:50.002","01598 12:18:34",243.16,832.13,,,,"     ",5.10,1938.91,0.90
1598,539356421,"01598M13:05:50.975","01598 12:18:35",243.07,832.20,,,,"     ",5.10,1959.45,0.91
1598,539356422,"01598M13:05:51.948","01598 12:18:36",242.98,832.18,,,,"     ",5.10,1938.61,0.90
1598,539356423,"01598M13:05:52.922","01598 12:18:37",242.99,832.19,,,,"     ",5.10,1961.96,0.91
1598,539356424,"01598M13:05:53.895","01598 12:18:38",243.00,832.26,,,,"     ",5.10,1928.61,0.89
1598,539356425,"01598M13:05:54.868","01598 12:18:39",243.00,832.22,,,,"     ",5.10,1947.11,0.90
1598,539356426,"01598M13:05:55.841","01598 12:18:40",243.00,832.16,,,,"     ",5.10,1939.47,0.90
1598,539356427,"01598M13:05:56.815","01598 12:18:41",243.00,832.14,,,,"     ",5.10,1918.93,0.89
1598,539356428,"01598M13:05:57.788","01598 12:18:42",243.00,832.07,,,,"     ",5.10,1933.87,0.90
1598,539356429,"01598M13:05:58.761","01598 12:18:43",243.00,832.13,,,,"     ",5.10,1934.48,0.90
1598,539356430,"01598M13:05:59.734","01598 12:18:44",242.99,832.21,,,,"     ",5.10,1933.36,0.90
1598,539356431,"01598M13:06:00.708","01598 12:18:45",242.99,832.24,,,,"     ",5.10,1930.16,0.90
1598,539356432,"01598M13:06:01.681","01598 12:18:46",242.98,832.22,,,,"     ",5.10,1908.88,0.89
1598,539356433,"01598M13:06:02.654","01598 12:18:47",242.97,832.22,,,,"     ",5.10,1955.40,0.91
1598,539356434,"01598M13:06:03.627","01598 12:18:48",242.96,832.26,,,,"     ",5.10,1933.81,0.90
1598,539356435,"01598M13:06:04.601","01598 12:18:49",242.95,832.16,,,,"     ",5.10,1926.05,0.89
1598,539356436,"01598M13:06:05.574","01598 12:18:50",242.93,832.13,,,,"     ",5.10,1948.31,0.91
1598,539356437,"01598M13:06:06.547","01598 12:18:51",242.93,832.19,,,,"     ",5.10,1903.92,0.88
1598,539356438,"01598M13:06:07.520","01598 12:18:52",242.92,832.21,,,,"     ",5.10,1923.91,0.89
1598,539356439,"01598M13:06:08.494","01598 12:18:53",242.91,832.08,,,,"     ",5.10,1948.80,0.91
1598,539356440,"01598M13:06:09.467","01598 12:18:54",242.89,832.01,,,,"     ",5.10,1941.21,0.90
1598,539356441,"01598M13:06:10.440","01598 12:18:55",242.85,832.03,,,,"     ",5.10,1941.65,0.90
1598,539356442,"01598M13:06:11.413","01598 12:18:56",242.80,832.00,,,,"     ",5.10,1920.92,0.89
1598,539356443,"01598M13:06:12.387","01598 12:18:57",242.74,831.96,,,,"     ",5.10,1920.90,0.89
1598,539356444,"01598M13:06:13.360","01598 12:18:58",242.66,831.96,,,,"     ",5.10,1918.06,0.89
1598,539356445,"01598M13:06:14.333","01598 12:18:59",242.57,832.04,,,,"     ",5.10,1949.51,0.91
1598,539356446,"01598M13:06:15.306","01598 12:19:00",242.49,831.92,,,,"     ",5.10,1922.49,0.90
1598,539356447,"01598M13:06:16.280","01598 12:19:01",242.44,832.03,,,,"     ",5.10,1901.75,0.89
1598,539356448,"01598M13:06:17.253","01598 12:19:02",242.39,832.08,,,,"     ",5.10,1912.11,0.89
1598,539356449,"01598M13:06:18.226","01598 12:19:03",242.38,832.09,,,,"     ",5.10,1896.96,0.89
1598,539356450,"01598M13:06:19.199","01598 12:19:03",242.39,832.19,,,,"     ",5.10,1930.51,0.90
1598,539356451,"01598M13:06:20.173","01598 12:19:04",242.42,832.07,,,,"     ",5.10,1915.23,0.90
1598,539356452,"01598M13:06:21.146","01598 12:19:05",242.48,832.08,,,,"     ",5.10,1898.16,0.89
1598,539356453,"01598M13:06:22.119","01598 12:19:06",242.55,832.04,,,,"     ",5.10,1921.40,0.90
1598,539356454,"01598M13:06:23.092","01598 12:19:07",242.63,832.06,,,,"     ",5.10,1929.27,0.90
1598,539356455,"01598M13:06:24.066","01598 12:19:08",242.71,832.03,,,,"     ",5.10,1897.95,0.89
1598,539356456,"01598M13:06:25.039","01598 12:19:09",242.79,832.01,,,,"     ",5.10,1930.65,0.91
1598,539356457,"01598M13:06:26.012","01598 12:19:10",242.87,831.95,,,,"     ",5.10,1902.72,0.89
1598,539356458,"01598M13:06:26.985","01598 12:19:11",242.93,831.92,,,,"     ",5.10,1911.04,0.90
1598,539356459,"01598M13:06:27.959","01598 12:19:12",242.99,831.88,,,,"     ",5.10,1892.97,0.89
1598,539356460,"01598M13:06:28.932","01598 12:19:13",243.03,831.89,,,,"     ",5.10,1928.56,0.91
1598,539356461,"01598M13:06:29.905","01598 12:19:14",243.07,831.90,,,,"     ",5.10,1883.08,0.88
1598,539356462,"01598M13:06:30.878","01598 12:19:15",243.09,831.90,,,,"     ",5.10,1934.08,0.91
1598,539356463,"01598M13:06:31.852","01598 12:19:16",243.12,831.95,,,,"     ",5.10,1936.80,0.91
1598,539356464,"01598M13:06:32.825","01598 12:19:17",243.15,831.89,,,,"     ",5.10,1884.49,0.89
1598,539356465,"01598M13:06:33.798","01598 12:19:18",243.19,831.87,,,,"     ",5.10,1859.59,0.87
1598,539356466,"01598M13:06:34.771","01598 12:19:19",243.24,831.83,,,,"     ",5.10,1871.84,0.88
1598,539356467,"01598M13:06:35.745","01598 12:19:20",243.29,831.83,,,,"     ",5.10,1890.35,0.89
1598,539356468,"01598M13:06:36.718","01598 12:19:21",243.31,831.90,,,,"     ",5.10,1900.02,0.90
1598,539356469,"01598M13:06:37.691","01598 12:19:22",243.20,831.87,,,,"     ",5.10,1922.94,0.91
1598,539356470,"01598M13:06:38.664","01598 12:19:23",243.14,831.88,,,,"     ",5.10,1871.03,0.88
1598,539356471,"01598M13:06:39.638","01598 12:19:24",243.13,831.90,,,,"     ",5.10,1889.49,0.89
1598,539356472,"01598M13:06:40.611","01598 12:19:25",243.16,831.91,,,,"     ",5.10,1889.40,0.89
1598,539356473,"01598M13:06:41.584","01598 12:19:26",243.22,831.89,,,,"     ",5.10,1887.02,0.89
1598,539356474,"01598M13:06:42.557","01598 12:19:27",243.31,831.90,,,,"     ",5.10,1900.99,0.90
1598,539356475,"01598M13:06:43.531","01598 12:19:28",243.39,831.96,,,,"     ",5.10,1904.77,0.90
1598,539356476,"01598M13:06:44.504","01598 12:19:29",243.49,831.93,,,,"     ",5.10,1872.24,0.89
1598,539356477,"01598M13:06:45.477","01598 12:19:30",243.59,831.87,,,,"     ",5.10,1873.06,0.89
1598,539356478,"01598M13:06:46.450","01598 12:19:31",243.70,831.88,,,,"     ",5.10,1879.75,0.89
1598,539356479,"01598M13:06:47.424","01598 12:19:32",243.82,831.82,,,,"     ",5.10,1889.86,0.90
1598,539356480,"01598M13:06:48.397","01598 12:19:33",243.92,831.84,,,,"     ",5.10,1880.87,0.89
1598,539356481,"01598M13:06:49.370","01598 12:19:34",244.01,831.76,,,,"     ",5.10,1898.36,0.90
1598,539356482,"01598M13:06:50.343","01598 12:19:35",244.10,831.76,,,,"     ",5.10,1872.64,0.89
1598,539356483,"01598M13:06:51.317","01598 12:19:36",244.15,831.80,,,,"     ",5.10,1910.69,0.91
1598,539356484,"01598M13:06:52.290","01598 12:19:37",244.17,831.78,,,,"     ",5.10,1900.41,0.90
1598,539356485,"01598M13:06:53.263","01598 12:19:38",244.17,831.71,,,,"     ",5.10,1867.43,0.89
1598,539356486,"01598M13:06:54.236","01598 12:19:39",244.14,831.76,,,,"     ",5.10,1905.28,0.91
1598,539356487,"01598M13:06:55.210","01598 12:19:39",244.07,831.76,,,,"     ",5.10,1905.71,0.91
1598,539356488,"01598M13:06:56.183","01598 12:19:40",243.98,831.74,,,,"     ",5.10,1893.73,0.90
1598,539356489,"01598M13:06:57.156","01598 12:19:41",243.86,831.77,,,,"     ",5.10,1877.82,0.89
1598,539356490,"01598M13:06:58.129","01598 12:19:42",243.73,831.72,,,,"     ",5.10,1891.36,0.90
1598,539356491,"01598M13:06:59.103","01598 12:19:43",243.60,831.73,,,,"     ",5.10,1916.29,0.91
1598,539356492,"01598M13:07:00.076","01598 12:19:44",243.48,831.68,,,,"     ",5.10,1892.71,0.90
1598,539356493,"01598M13:07:01.049","01598 12:19:45",243.38,831.68,,,,"     ",5.10,1909.61,0.91
1598,539356494,"01598M13:07:02.023","01598 12:19:46",243.27,831.74,,,,"     ",5.10,1875.31,0.89
1598,539356495,"01598M13:07:02.996","01598 12:19:47",243.18,831.68,,,,"     ",5.10,1875.82,0.89
1598,539356496,"01598M13:07:03.969","01598 12:19:48",243.12,831.74,,,,"     ",5.10,1873.27,0.89
1598,539356497,"01598M13:07:04.942","01598 12:19:49",243.08,831.76,,,,"     ",5.10,1909.60,0.91
1598,539356498,"01598M13:07:05.916","01598 12:19:50",243.09,831.80,,,,"     ",5.10,1884.42,0.90
1598,539356499,"01598M13:07:06.889","01598 12:19:51",243.13,831.77,,,,"     ",5.10,1878.61,0.89
1598,539356500,"01598M13:07:07.862","01598 12:19:52",243.18,831.71,,,,"     ",5.10,1879.82,0.89
1598,539356501,"01598M13:07:08.835","01598 12:19:53",243.25,831.72,,,,"     ",5.10,1881.26,0.90
1598,539356502,"01598M13:07:09.809","01598 12:19:54",243.33,831.63,,,,"     ",5.10,1878.84,0.89
1598,539356503,"01598M13:07:10.782","01598 12:19:55",243.41,831.56,,,,"     ",5.10,1891.02,0.90
1598,539356504,"01598M13:07:11.755","01598 12:19:56",243.48,831.54,,,,"     ",5.10,1880.32,0.90
1598,539356505,"01598M13:07:12.728","01598 12:19:57",243.54,831.60,,,,"     ",5.10,1899.88,0.91
1598,539356506,"01598M13:07:13.702","01598 12:19:58",243.59,831.57,,,,"     ",5.10,1891.73,0.90
1598,539356507,"01598M13:07:14.675","01598 12:19:59",243.64,831.60,,,,"     ",5.10,1901.13,0.91
1598,539356508,"01598M13:07:15.648","01598 12:20:00",243.71,831.62,,,,"     ",5.10,1871.92,0.89
1598,539356509,"01598M13:07:16.621","01598 12:20:01",243.78,831.60,,,,"     ",5.10,1897.61,0.90
1598,539356510,"01598M13:07:17.595","01598 12:20:02",243.87,831.64,,,,"     ",5.10,1869.34,0.89
1598,539356511,"01598M13:07:18.568","01598 12:20:03",243.97,831.58,,,,"     ",5.10,1902.09,0.91
1598,539356512,"01598M13:07:19.541","01598 12:20:04",244.04,831.61,,,,"     ",5.10,1888.31,0.90
1598,539356513,"01598M13:07:20.514","01598 12:20:05",244.11,831.60,,,,"     ",5.10,1907.17,0.91
1598,539356514,"01598M13:07:21.488","01598 12:20:06",244.19,831.56,,,,"     ",5.10,1891.73,0.90
1598,539356515,"01598M13:07:22.461","01598 12:20:07",244.24,831.59,,,,"     ",5.10,1874.78,0.89
1598,539356516,"01598M13:07:23.434","01598 12:20:08",244.31,831.53,,,,"     ",5.10,1927.57,0.92
1598,539356517,"01598M13:07:24.407","01598 12:20:09",244.38,831.54,,,,"     ",5.10,1897.55,0.90
1598,539356518,"01598M13:07:25.381","01598 12:20:10",244.45,831.50,,,,"     ",5.10,1895.12,0.90
1598,539356519,"01598M13:07:26.354","01598 12:20:11",244.50,831.43,,,,"     ",5.10,1865.73,0.89
1598,539356520,"01598M13:07:27.327","01598 12:20:12",244.55,831.46,,,,"     ",5.10,1885.14,0.90
1598,539356521,"01598M13:07:28.300","01598 12:20:13",244.58,831.39,,,,"     ",5.10,1907.28,0.91
1598,539356522,"01598M13:07:29.274","01598 12:20:14",244.60,831.42,,,,"     ",5.10,1898.17,0.90
1598,539356523,"01598M13:07:30.247","01598 12:20:15",244.60,831.51,,,,"     ",5.10,1881.50,0.89
1598,539356524,"01598M13:07:31.220","01598 12:20:15",244.59,831.48,,,,"     ",5.10,1900.10,0.90
1598,539356525,"01598M13:07:32.193","01598 12:20:16",244.53,831.44,,,,"     ",5.10,1901.56,0.90
1598,539356526,"01598M13:07:33.167","01598 12:20:17",244.47,831.49,,,,"     ",5.10,1882.87,0.89
1598,539356527,"01598M13:07:34.140","01598 12:20:18",244.37,831.45,,,,"     ",5.10,1900.17,0.90
1598,539356528,"01598M13:07:35.113","01598 12:20:19",244.27,831.52,,,,"     ",5.10,1914.32,0.91
1598,539356529,"01598M13:07:36.086","01598 12:20:20",244.17,831.47,,,,"     ",5.10,1910.18,0.91
1598,539356530,"01598M13:07:37.060","01598 12:20:21",244.06,831.52,,,,"     ",5.10,1887.15,0.89
1598,539356531,"01598M13:07:38.033","01598 12:20:22",243.93,831.47,,,,"     ",5.10,1905.18,0.90
1598,539356532,"01598M13:07:39.006","01598 12:20:23",243.80,831.47,,,,"     ",5.10,1909.55,0.91
1598,539356533,"01598M13:07:39.979","01598 12:20:24",243.68,831.50,,,,"     ",5.10,1899.78,0.90
1598,539356534,"01598M13:07:40.953","01598 12:20:25",243.56,831.40,,,,"     ",5.10,1935.37,0.92
1598,539356535,"01598M13:07:41.926","01598 12:20:26",243.45,831.52,,,,"     ",5.10,1888.77,0.89
1598,539356536,"01598M13:07:42.899","01598 12:20:27",243.35,831.44,,,,"     ",5.10,1898.99,0.90
1598,539356537,"01598M13:07:43.872","01598 12:20:28",243.25,831.40,,,,"     ",5.10,1897.36,0.90
1598,539356538,"01598M13:07:44.846","01598 12:20:29",243.18,831.50,,,,"     ",5.10,1914.36,0.91
1598,539356539,"01598M13:07:45.819","01598 12:20:30",243.13,831.51,,,,"     ",5.10,1895.01,0.90
1598,539356540,"01598M13:07:46.792","01598 12:20:31",243.10,831.41,,,,"     ",5.10,1927.46,0.91
1598,539356541,"01598M13:07:47.765","01598 12:20:32",243.10,831.40,,,,"     ",5.10,1916.86,0.91
1598,539356542,"01598M13:07:48.739","01598 12:20:33",243.11,831.45,,,,"     ",5.10,1929.37,0.91
1598,539356543,"01598M13:07:49.712","01598 12:20:34",243.16,831.44,,,,"     ",5.10,1889.07,0.89
1598,539356544,"01598M13:07:50.685","01598 12:20:35",243.22,831.52,,,,"     ",5.10,1894.62,0.90
1598,539356545,"01598M13:07:51.658","01598 12:20:36",243.31,831.53,,,,"     ",5.10,1927.09,0.91
1598,539356546,"01598M13:07:52.632","01598 12:20:37",243.40,831.48,,,,"     ",5.10,1913.67,0.91
1598,539356547,"01598M13:07:53.605","01598 12:20:38",243.51,831.49,,,,"     ",5.10,1881.23,0.89
1598,539356548,"01598M13:07:54.578","01598 12:20:39",243.62,831.48,,,,"     ",5.10,1894.07,0.90
1598,539356549,"01598M13:07:55.551","01598 12:20:40",243.75,831.51,,,,"     ",5.10,1898.27,0.90
1598,539356550,"01598M13:07:56.525","01598 12:20:41",243.88,831.44,,,,"     ",5.10,1876.38,0.89
1598,539356551,"01598M13:07:57.498","01598 12:20:42",244.05,831.53,,,,"     ",5.10,1889.22,0.89
1598,539356552,"01598M13:07:58.471","01598 12:20:43",244.22,831.43,,,,"     ",5.10,1919.33,0.91
1598,539356553,"01598M13:07:59.444","01598 12:20:44",244.41,831.46,,,,"     ",5.10,1884.28,0.89
1598,539356554,"01598M13:08:00.418","01598 12:20:45",244.63,831.52,,,,"     ",5.10,1897.14,0.90
1598,539356555,"01598M13:08:01.391","01598 12:20:46",244.83,831.48,,,,"     ",5.10,1907.40,0.90
1598,539356556,"01598M13:08:02.364","01598 12:20:47",245.03,831.51,,,,"     ",5.10,1915.25,0.90
1598,539356557,"01598M13:08:03.337","01598 12:20:48",245.24,831.46,,,,"     ",5.10,1877.82,0.89
1598,539356558,"01598M13:08:04.311","01598 12:20:49",245.43,831.44,,,,"     ",5.10,1877.81,0.89
1598,539356559,"01598M13:08:05.284","01598 12:20:50",245.60,831.46,,,,"     ",5.10,1922.80,0.91
1598,539356560,"01598M13:08:06.257","01598 12:20:51",245.78,831.46,,,,"     ",5.10,1912.09,0.90
1598,539356561,"01598M13:08:07.230","01598 12:20:51",245.92,831.44,,,,"     ",5.10,1933.51,0.91
1598,539356562,"01598M13:08:08.204","01598 12:20:52",246.07,831.38,,,,"     ",5.10,1911.07,0.90
1598,539356563,"01598M13:08:09.177","01598 12:20:53",246.18,831.46,,,,"     ",5.10,1900.22,0.90
1598,539356564,"01598M13:08:10.150","01598 12:20:54",246.30,831.47,,,,"     ",5.10,1890.45,0.89
1598,539356565,"01598M13:08:11.124","01598 12:20:55",246.40,831.55,,,,"     ",5.10,1917.30,0.90
1598,539356566,"01598M13:08:12.097","01598 12:20:56",246.50,831.47,,,,"     ",5.10,1910.85,0.90
1598,539356567,"01598M13:08:13.070","01598 12:20:57",246.63,831.48,,,,"     ",5.10,1952.76,0.92
1598,539356568,"01598M13:08:14.043","01598 12:20:58",246.78,831.45,,,,"     ",5.10,1911.42,0.90
1598,539356569,"01598M13:08:15.017","01598 12:20:59",246.93,831.47,,,,"     ",5.10,1898.31,0.89
1598,539356570,"01598M13:08:15.990","01598 12:21:00",247.09,831.44,,,,"     ",5.10,1923.04,0.90
1598,539356571,"01598M13:08:16.963","01598 12:21:01",247.26,831.43,,,,"     ",5.10,1948.91,0.92
1598,539356572,"01598M13:08:17.936","01598 12:21:02",247.41,831.44,,,,"     ",5.10,1933.82,0.91
1598,539356573,"01598M13:08:18.910","01598 12:21:03",247.58,831.40,,,,"     ",5.10,1920.18,0.90
1598,539356574,"01598M13:08:19.883","01598 12:21:04",247.74,831.47,,,,"     ",5.10,1930.45,0.91
1598,539356575,"01598M13:08:20.856","01598 12:21:05",247.89,831.44,,,,"     ",5.10,1911.29,0.90
1598,539356576,"01598M13:08:21.829","01598 12:21:06",248.03,831.42,,,,"     ",5.10,1912.34,0.90
1598,539356577,"01598M13:08:22.803","01598 12:21:07",248.15,831.35,,,,"     ",5.10,1922.84,0.90
1598,539356578,"01598M13:08:23.776","01598 12:21:08",248.26,831.37,,,,"     ",5.10,1918.57,0.90
1598,539356579,"01598M13:08:24.749","01598 12:21:09",248.36,831.42,,,,"     ",5.10,1912.77,0.89
1598,539356580,"01598M13:08:25.722","01598 12:21:10",248.47,831.48,,,,"     ",5.10,1917.66,0.90
1598,539356581,"01598M13:08:26.696","01598 12:21:11",248.58,831.45,,,,"     ",5.10,1910.56,0.89
1598,539356582,"01598M13:08:27.669","01598 12:21:12",248.72,831.48,,,,"     ",5.10,1906.35,0.89
1598,539356583,"01598M13:08:28.642","01598 12:21:13",248.86,831.48,,,,"     ",5.10,1937.12,0.90
1598,539356584,"01598M13:08:29.615","01598 12:21:14",249.01,831.45,,,,"     ",5.10,1933.15,0.90
1598,539356585,"01598M13:08:30.589","01598 12:21:15",249.16,831.41,,,,"     ",5.10,1952.67,0.91
1598,539356586,"01598M13:08:31.562","01598 12:21:16",249.29,831.38,,,,"     ",5.10,1916.26,0.89
1598,539356587,"01598M13:08:32.535","01598 12:21:17",249.40,831.33,,,,"     ",5.10,1935.17,0.90
1598,539356588,"01598M13:08:33.508","01598 12:21:18",249.49,831.41,,,,"     ",5.10,1916.16,0.89
1598,539356589,"01598M13:08:34.482","01598 12:21:19",249.57,831.48,,,,"     ",5.10,1966.18,0.91
1598,539356590,"01598M13:08:35.455","01598 12:21:20",249.63,831.48,,,,"     ",5.10,1945.43,0.90
1598,539356591,"01598M13:08:36.428","01598 12:21:21",249.67,831.44,,,,"     ",5.10,1918.57,0.89
1598,539356592,"01598M13:08:37.401","01598 12:21:22",249.71,831.38,,,,"     ",5.10,1963.23,0.91
1598,539356593,"01598M13:08:38.375","01598 12:21:23",249.73,831.36,,,,"     ",5.10,1950.50,0.90
1598,539356594,"01598M13:08:39.348","01598 12:21:24",249.73,831.38,,,,"     ",5.10,1926.40,0.89
1598,539356595,"01598M13:08:40.321","01598 12:21:25",249.71,831.38,,,,"     ",5.10,1933.23,0.89
1598,539356596,"01598M13:08:41.294","01598 12:21:26",249.67,831.41,,,,"     ",5.10,1925.47,0.89
1598,539356597,"01598M13:08:42.268","01598 12:21:27",249.64,831.53,,,,"     ",5.10,1949.48,0.90
1598,539356598,"01598M13:08:43.241","01598 12:21:27",249.63,831.42,,,,"     ",5.10,1956.70,0.90
1598,539356599,"01598M13:08:44.214","01598 12:21:28",249.62,831.42,,,,"     ",5.10,1944.63,0.90
1598,539356600,"01598M13:08:45.187","01598 12:21:29",249.60,831.38,,,,"     ",5.10,1954.66,0.90
1598,539356601,"01598M13:08:46.161","01598 12:21:30",249.57,831.47,,,,"     ",5.10,1922.35,0.88
1598,539356602,"01598M13:08:47.134","01598 12:21:31",249.51,831.45,,,,"     ",5.10,1966.11,0.90
1598,539356603,"01598M13:08:48.107","01598 12:21:32",249.41,831.37,,,,"     ",5.10,1957.18,0.90
1598,539356604,"01598M13:08:49.080","01598 12:21:33",249.30,831.32,,,,"     ",5.10,1953.78,0.90
1598,539356605,"01598M13:08:50.054","01598 12:21:34",249.19,831.28,,,,"     ",5.10,1942.49,0.89
1598,539356606,"01598M13:08:51.027","01598 12:21:35",249.07,831.23,,,,"     ",5.10,1954.26,0.90
1598,539356607,"01598M13:08:52.000","01598 12:21:36",248.97,831.23,,,,"     ",5.10,1955.56,0.90
1598,539356608,"01598M13:08:52.973","01598 12:21:37",248.90,831.19,,,,"     ",5.10,1956.04,0.90
1598,539356609,"01598M13:08:53.947","01598 12:21:38",248.85,831.25,,,,"     ",5.10,1918.68,0.88
1598,539356610,"01598M13:08:54.920","01598 12:21:39",248.80,831.14,,,,"     ",5.10,1929.62,0.88
1598,539356611,"01598M13:08:55.893","01598 12:21:40",248.75,831.25,,,,"     ",5.10,1957.19,0.90
1598,539356612,"01598M13:08:56.866","01598 12:21:41",248.70,831.22,,,,"     ",5.10,1958.85,0.90
1598,539356613,"01598M13:08:57.840","01598 12:21:42",248.65,831.21,,,,"     ",5.10,1957.95,0.90
1598,539356614,"01598M13:08:58.813","01598 12:21:43",247.91,831.27,,,,"     ",5.10,1957.61,0.90
1598,539356615,"01598M13:08:59.786","01598 12:21:44",247.89,831.26,,,,"     ",5.10,1968.29,0.90
1598,539356616,"01598M13:09:00.759","01598 12:21:45",247.86,831.19,,,,"     ",5.10,1969.29,0.90
1598,539356617,"01598M13:09:01.733","01598 12:21:46",247.81,831.13,,,,"     ",5.10,1946.43,0.89
1598,539356618,"01598M13:09:02.706","01598 12:21:47",247.75,831.20,,,,"     ",5.10,1944.31,0.89
1598,539356619,"01598M13:09:03.679","01598 12:21:48",247.69,831.12,,,,"     ",5.10,1966.21,0.90
1598,539356620,"01598M13:09:04.652","01598 12:21:49",247.62,831.11,,,,"     ",5.10,1957.14,0.89
1598,539356621,"01598M13:09:05.626","01598 12:21:50",247.55,831.10,,,,"     ",5.10,1951.46,0.89
1598,539356622,"01598M13:09:06.599","01598 12:21:51",247.48,831.08,,,,"     ",5.10,1960.96,0.90
1598,539356623,"01598M13:09:07.572","01598 12:21:52",247.41,831.11,,,,"     ",5.10,1973.81,0.90
1598,539356624,"01598M13:09:08.545","01598 12:21:53",247.34,831.11,,,,"     ",5.10,1980.72,0.90
1598,539356625,"01598M13:09:09.519","01598 12:21:54",247.29,831.07,,,,"     ",5.10,1983.15,0.91
1598,539356626,"01598M13:09:10.492","01598 12:21:55",247.27,831.09,,,,"     ",5.10,1999.31,0.91
1598,539356627,"01598M13:09:11.465","01598 12:21:56",247.28,831.15,,,,"     ",5.10,1947.59,0.89
1598,539356628,"01598M13:09:12.438","01598 12:21:57",247.29,831.12,,,,"     ",5.10,1967.23,0.90
1598,539356629,"01598M13:09:13.412","01598 12:21:58",247.32,831.13,,,,"     ",5.10,2015.56,0.92
1598,539356630,"01598M13:09:14.385","01598 12:21:59",247.33,831.07,,,,"     ",5.10,1967.24,0.90
1598,539356631,"01598M13:09:15.358","01598 12:22:00",247.33,831.06,,,,"     ",5.10,1945.36,0.89
1598,539356632,"01598M13:09:16.331","01598 12:22:01",247.31,831.08,,,,"     ",5.10,1960.49,0.90
1598,539356633,"01598M13:09:17.305","01598 12:22:02",247.26,831.12,,,,"     ",5.10,1966.20,0.90
1598,539356634,"01598M13:09:18.278","01598 12:22:03",247.20,830.99,,,,"     ",5.10,1967.55,0.90
1598,539356635,"01598M13:09:19.251","01598 12:22:03",247.14,830.99,,,,"     ",5.10,1970.35,0.90
1598,539356636,"01598M13:09:20.224","01598 12:22:04",247.07,831.00,,,,"     ",5.10,1955.26,0.89
1598,539356637,"01598M13:09:21.198","01598 12:22:05",247.01,831.02,,,,"     ",5.10,1974.77,0.90
1598,539356638,"01598M13:09:22.171","01598 12:22:06",246.86,831.05,,,,"     ",5.10,1986.78,0.91
1598,539356639,"01598M13:09:23.144","01598 12:22:07",246.73,831.01,,,,"     ",5.10,1948.13,0.89
1598,539356640,"01598M13:09:24.118","01598 12:22:08",246.64,831.04,,,,"     ",5.10,1971.44,0.90
1598,539356641,"01598M13:09:25.091","01598 12:22:09",246.58,830.98,,,,"     ",5.10,1938.72,0.89
1598,539356642,"01598M13:09:26.064","01598 12:22:10",246.55,831.00,,,,"     ",5.10,1986.23,0.91
1598,539356643,"01598M13:09:27.037","01598 12:22:11",246.50,831.00,,,,"     ",5.10,1935.79,0.88
1598,539356644,"01598M13:09:28.011","01598 12:22:12",246.44,830.98,,,,"     ",5.10,1967.84,0.90
1598,539356645,"01598M13:09:28.984","01598 12:22:13",246.34,831.05,,,,"     ",5.10,1969.65,0.90
1598,539356646,"01598M13:09:29.957","01598 12:22:14",246.23,831.04,,,,"     ",5.10,1952.92,0.89
1598,539356647,"01598M13:09:30.930","01598 12:22:15",246.11,831.00,,,,"     ",5.10,2014.66,0.92
1598,539356648,"01598M13:09:31.904","01598 12:22:16",245.98,830.97,,,,"     ",5.10,1954.39,0.89
1598,539356649,"01598M13:09:32.877","01598 12:22:17",245.85,830.97,,,,"     ",5.10,1986.30,0.91
1598,539356650,"01598M13:09:33.850","01598 12:22:18",245.74,830.88,,,,"     ",5.10,1973.21,0.90
1598,539356651,"01598M13:09:34.823","01598 12:22:19",245.61,830.95,,,,"     ",5.10,1932.17,0.88
1598,539356652,"01598M13:09:35.797","01598 12:22:20",245.50,830.97,,,,"     ",5.10,1972.54,0.90
1598,539356653,"01598M13:09:36.770","01598 12:22:21",245.40,831.03,,,,"     ",5.10,1978.93,0.90
1598,539356654,"01598M13:09:37.743","01598 12:22:22",245.31,830.99,,,,"     ",5.10,1964.82,0.90
1598,539356655,"01598M13:09:38.716","01598 12:22:23",245.24,831.00,,,,"     ",5.10,1958.53,0.90
1598,539356656,"01598M13:09:39.690","01598 12:22:24",245.20,830.98,,,,"     ",5.10,1988.39,0.91
1598,539356657,"01598M13:09:40.663","01598 12:22:25",245.18,831.10,,,,"     ",5.10,1943.81,0.89
1598,539356658,"01598M13:09:41.636","01598 12:22:26",245.18,831.02,,,,"     ",5.10,1984.53,0.91
1598,539356659,"01598M13:09:42.609","01598 12:22:27",245.16,830.97,,,,"     ",5.10,1944.68,0.89
1598,539356660,"01598M13:09:43.583","01598 12:22:28",245.15,830.97,,,,"     ",5.10,1956.76,0.90
1598,539356661,"01598M13:09:44.556","01598 12:22:29",245.10,830.97,,,,"     ",5.10,1951.14,0.89
1598,539356662,"01598M13:09:45.529","01598 12:22:30",245.04,831.09,,,,"     ",5.10,1957.20,0.90
1598,539356663,"01598M13:09:46.502","01598 12:22:31",244.97,831.05,,,,"     ",5.10,1960.29,0.90
1598,539356664,"01598M13:09:47.476","01598 12:22:32",244.88,831.03,,,,"     ",5.10,1955.19,0.90
1598,539356665,"01598M13:09:48.449","01598 12:22:33",244.79,831.04,,,,"     ",5.10,1946.68,0.89
1598,539356666,"01598M13:09:49.422","01598 12:22:34",244.70,830.98,,,,"     ",5.10,1927.26,0.88
1598,539356667,"01598M13:09:50.395","01598 12:22:35",244.63,830.97,,,,"     ",5.10,1976.78,0.91
1598,539356668,"01598M13:09:51.369","01598 12:22:36",244.57,831.04,,,,"     ",5.10,1962.72,0.90
1598,539356669,"01598M13:09:52.342","01598 12:22:37",244.52,830.93,,,,"     ",5.10,1950.12,0.90
1598,539356670,"01598M13:09:53.315","01598 12:22:38",244.49,830.97,,,,"     ",5.10,1962.41,0.90
1598,539356671,"01598M13:09:54.288","01598 12:22:39",244.47,830.91,,,,"     ",5.10,1915.18,0.88
1598,539356672,"01598M13:09:55.262","01598 12:22:39",244.45,830.90,,,,"     ",5.10,1930.65,0.89
1598,539356673,"01598M13:09:56.235","01598 12:22:40",244.45,830.99,,,,"     ",5.10,1981.02,0.91
1598,539356674,"01598M13:09:57.208","01598 12:22:41",244.44,830.88,,,,"     ",5.10,1917.82,0.88
1598,539356675,"01598M13:09:58.181","01598 12:22:42",244.41,830.89,,,,"     ",5.10,1944.58,0.90
1598,539356676,"01598M13:09:59.155","01598 12:22:43",244.33,830.91,,,,"     ",5.10,1940.24,0.89
1598,539356677,"01598M13:10:00.128","01598 12:22:44",244.24,831.00,,,,"     ",5.10,1944.48,0.90
1598,539356678,"01598M13:10:01.101","01598 12:22:45",244.13,830.87,,,,"     ",5.10,1922.59,0.89
1598,539356679,"01598M13:10:02.074","01598 12:22:46",244.01,830.85,,,,"     ",5.10,1954.22,0.90
1598,539356680,"01598M13:10:03.048","01598 12:22:47",243.92,830.99,,,,"     ",5.10,1971.14,0.91
1598,539356681,"01598M13:10:04.021","01598 12:22:48",243.85,830.92,,,,"     ",5.10,1943.58,0.90
1598,539356682,"01598M13:10:04.994","01598 12:22:49",243.83,831.05,,,,"     ",5.10,1932.80,0.89
1598,539356683,"01598M13:10:05.967","01598 12:22:50",243.83,830.98,,,,"     ",5.10,1958.36,0.91
1598,539356684,"01598M13:10:06.941","01598 12:22:51",243.87,830.95,,,,"     ",5.10,1921.64,0.89
1598,539356685,"01598M13:10:07.914","01598 12:22:52",243.92,830.97,,,,"     ",5.10,1935.12,0.89
1598,539356686,"01598M13:10:08.887","01598 12:22:53",243.99,830.85,,,,"     ",5.10,1939.76,0.90
1598,539356687,"01598M13:10:09.860","01598 12:22:54",244.07,830.86,,,,"     ",5.10,1931.97,0.89
1598,539356688,"01598M13:10:10.834","01598 12:22:55",244.19,830.93,,,,"     ",5.10,1955.97,0.91
1598,539356689,"01598M13:10:11.807","01598 12:22:56",244.32,830.85,,,,"     ",5.10,1949.97,0.90
1598,539356690,"01598M13:10:12.780","01598 12:22:57",244.46,830.84,,,,"     ",5.10,1957.83,0.91
1598,539356691,"01598M13:10:13.753","01598 12:22:58",244.57,830.75,,,,"     ",5.10,1961.94,0.91
1598,539356692,"01598M13:10:14.727","01598 12:22:59",244.64,830.77,,,,"     ",5.10,1948.46,0.90
1598,539356693,"01598M13:10:15.700","01598 12:23:00",244.66,830.79,,,,"     ",5.10,1947.67,0.90
1598,539356694,"01598M13:10:16.673","01598 12:23:01",244.62,830.78,,,,"     ",5.10,1945.85,0.90
1598,539356695,"01598M13:10:17.646","01598 12:23:02",244.52,830.91,,,,"     ",5.10,1935.11,0.90
1598,539356696,"01598M13:10:18.620","01598 12:23:03",244.38,830.84,,,,"     ",5.10,1920.93,0.89
1598,539356697,"01598M13:10:19.593","01598 12:23:04",244.21,830.97,,,,"     ",5.10,1945.78,0.90
1598,539356698,"01598M13:10:20.566","01598 12:23:05",244.04,830.85,,,,"     ",5.10,1940.89,0.90
1598,539356699,"01598M13:10:21.539","01598 12:23:06",243.87,830.85,,,,"     ",5.10,1938.86,0.90
1598,539356700,"01598M13:10:22.513","01598 12:23:07",243.71,830.83,,,,"     ",5.10,1931.15,0.90
1598,539356701,"01598M13:10:23.486","01598 12:23:08",243.55,830.73,,,,"     ",5.10,1950.04,0.91
1598,539356702,"01598M13:10:24.459","01598 12:23:09",243.40,830.79,,,,"     ",5.10,1944.72,0.90
1598,539356703,"01598M13:10:25.432","01598 12:23:10",243.24,830.81,,,,"     ",5.10,1943.20,0.90
1598,539356704,"01598M13:10:26.406","01598 12:23:11",243.10,830.80,,,,"     ",5.10,1927.99,0.90
1598,539356705,"01598M13:10:27.379","01598 12:23:12",242.99,830.72,,,,"     ",5.10,1943.78,0.90
1598,539356706,"01598M13:10:28.352","01598 12:23:13",242.91,830.75,,,,"     ",5.10,1933.56,0.90
1598,539356707,"01598M13:10:29.325","01598 12:23:14",242.83,830.78,,,,"     ",5.10,1929.80,0.90
1598,539356708,"01598M13:10:30.299","01598 12:23:15",242.76,830.76,,,,"     ",5.10,1951.61,0.91
1598,539356709,"01598M13:10:31.272","01598 12:23:16",242.68,830.72,,,,"     ",5.10,1913.47,0.89
1598,539356710,"01598M13:10:32.245","01598 12:23:16",242.61,830.70,,,,"     ",5.10,1949.90,0.91
1598,539356711,"01598M13:10:33.219","01598 12:23:17",242.55,830.76,,,,"     ",5.10,1904.93,0.89
1598,539356712,"01598M13:10:34.192","01598 12:23:18",242.48,830.75,,,,"     ",5.10,1911.12,0.89
1598,539356713,"01598M13:10:35.165","01598 12:23:19",242.44,830.74,,,,"     ",5.10,1910.48,0.89
1598,539356714,"01598M13:10:36.138","01598 12:23:20",242.44,830.74,,,,"     ",5.10,1909.05,0.89
1598,539356715,"01598M13:10:37.112","01598 12:23:21",242.45,830.81,,,,"     ",5.10,1924.53,0.90
1598,539356716,"01598M13:10:38.085","01598 12:23:22",242.49,830.71,,,,"     ",5.10,1907.94,0.89
1598,539356717,"01598M13:10:39.058","01598 12:23:23",242.56,830.83,,,,"     ",5.10,1924.49,0.90
1598,539356718,"01598M13:10:40.031","01598 12:23:24",242.62,830.76,,,,"     ",5.10,1934.76,0.90
1598,539356719,"01598M13:10:41.005","01598 12:23:25",242.67,830.78,,,,"     ",5.10,1943.63,0.91
1598,539356720,"01598M13:10:41.978","01598 12:23:26",242.72,830.89,,,,"     ",5.10,1922.62,0.90
1598,539356721,"01598M13:10:42.951","01598 12:23:27",242.76,830.75,,,,"     ",5.10,1908.34,0.89
1598,539356722,"01598M13:10:43.924","01598 12:23:28",242.80,830.68,,,,"     ",5.10,1921.73,0.90
1598,539356723,"01598M13:10:44.898","01598 12:23:29",242.83,830.77,,,,"     ",5.10,1906.65,0.89
1598,539356724,"01598M13:10:45.871","01598 12:23:30",242.86,830.70,,,,"     ",5.10,1939.59,0.91
1598,539356725,"01598M13:10:46.844","01598 12:23:31",242.88,830.73,,,,"     ",5.10,1938.13,0.91
1598,539356726,"01598M13:10:47.817","01598 12:23:32",242.91,830.72,,,,"     ",5.10,1910.55,0.89
1598,539356727,"01598M13:10:48.791","01598 12:23:33",242.92,830.75,,,,"     ",5.10,1940.84,0.91
1598,539356728,"01598M13:10:49.764","01598 12:23:34",242.93,830.69,,,,"     ",5.10,1914.83,0.90
1598,539356729,"01598M13:10:50.737","01598 12:23:35",242.94,830.61,,,,"     ",5.10,1937.50,0.91
1598,539356730,"01598M13:10:51.710","01598 12:23:36",242.93,830.71,,,,"     ",5.10,1932.86,0.90
1598,539356731,"01598M13:10:52.684","01598 12:23:37",242.47,830.68,,,,"     ",5.10,1932.56,0.90
1598,539356732,"01598M13:10:53.657","01598 12:23:38",242.51,830.70,,,,"     ",5.10,1924.63,0.90
1598,539356733,"01598M13:10:54.630","01598 12:23:39",242.56,830.73,,,,"     ",5.10,1912.93,0.90
1598,539356734,"01598M13:10:55.603","01598 12:23:40",242.60,830.73,,,,"     ",5.10,1945.82,0.91
1598,539356735,"01598M13:10:56.577","01598 12:23:41",242.64,830.63,,,,"     ",5.10,1937.07,0.91
1598,539356736,"01598M13:10:57.550","01598 12:23:42",242.67,830.82,,,,"     ",5.10,1908.16,0.89
1598,539356737,"01598M13:10:58.523","01598 12:23:43",242.71,830.74,,,,"     ",5.10,1909.80,0.89
1598,539356738,"01598M13:10:59.496","01598 12:23:44",242.74,830.66,,,,"     ",5.10,1940.39,0.91
1598,539356739,"01598M13:11:00.470","01598 12:23:45",242.77,830.74,,,,"     ",5.10,1940.48,0.91
1598,539356740,"01598M13:11:01.443","01598 12:23:46",242.80,830.76,,,,"     ",5.10,1923.68,0.90
1598,539356741,"01598M13:11:02.416","01598 12:23:47",242.83,830.69,,,,"     ",5.10,1913.76,0.90
1598,539356742,"01598M13:11:03.389","01598 12:23:48",242.85,830.63,,,,"     ",5.10,1913.35,0.90
1598,539356743,"01598M13:11:04.363","01598 12:23:49",242.87,830.72,,,,"     ",5.10,1915.63,0.90
1598,539356744,"01598M13:11:05.336","01598 12:23:50",242.88,830.74,,,,"     ",5.10,1909.08,0.89
1598,539356745,"01598M13:11:06.309","01598 12:23:51",242.91,830.71,,,,"     ",5.10,1916.75,0.90
1598,539356746,"01598M13:11:07.282","01598 12:23:52",242.95,830.82,,,,"     ",5.10,1895.54,0.89
1598,539356747,"01598M13:11:08.256","01598 12:23:52",243.01,830.72,,,,"     ",5.10,1958.10,0.92
1598,539356748,"01598M13:11:09.229","01598 12:23:53",243.07,830.64,,,,"     ",5.10,1916.72,0.90
1598,539356749,"01598M13:11:10.202","01598 12:23:54",243.14,830.70,,,,"     ",5.10,1920.98,0.90
1598,539356750,"01598M13:11:11.175","01598 12:23:55",243.23,830.73,,,,"     ",5.10,1938.68,0.91
1598,539356751,"01598M13:11:12.149","01598 12:23:56",243.32,830.72,,,,"     ",5.10,1913.42,0.90
1598,539356752,"01598M13:11:13.122","01598 12:23:57",243.41,830.72,,,,"     ",5.10,1927.06,0.90
1598,539356753,"01598M13:11:14.095","01598 12:23:58",243.52,830.67,,,,"     ",5.10,1931.12,0.90
1598,539356754,"01598M13:11:15.068","01598 12:23:59",243.65,830.66,,,,"     ",5.10,1946.07,0.91
1598,539356755,"01598M13:11:16.042","01598 12:24:00",243.78,830.53,,,,"     ",5.10,1930.72,0.90
1598,539356756,"01598M13:11:17.015","01598 12:24:01",243.90,830.61,,,,"     ",5.10,1926.58,0.90
1598,539356757,"01598M13:11:17.988","01598 12:24:02",244.01,830.67,,,,"     ",5.10,1943.49,0.91
1598,539356758,"01598M13:11:18.961","01598 12:24:03",244.11,830.66,,,,"     ",5.10,1911.92,0.90
1598,539356759,"01598M13:11:19.935","01598 12:24:04",244.20,830.66,,,,"     ",5.10,1921.25,0.90
1598,539356760,"01598M13:11:20.908","01598 12:24:05",244.28,830.67,,,,"     ",5.10,1919.78,0.90
1598,539356761,"01598M13:11:21.881","01598 12:24:06",244.36,830.66,,,,"     ",5.10,1935.26,0.91
1598,539356762,"01598M13:11:22.854","01598 12:24:07",244.44,830.60,,,,"     ",5.10,1945.04,0.91
1598,539356763,"01598M13:11:23.828","01598 12:24:08",244.51,830.56,,,,"     ",5.10,1905.24,0.89
1598,539356764,"01598M13:11:24.801","01598 12:24:09",244.57,830.58,,,,"     ",5.10,1935.55,0.91
1598,539356765,"01598M13:11:25.774","01598 12:24:10",244.62,830.64,,,,"     ",5.10,1944.30,0.91
1598,539356766,"01598M13:11:26.747","01598 12:24:11",244.65,830.60,,,,"     ",5.10,1947.99,0.91
1598,539356767,"01598M13:11:27.721","01598 12:24:12",244.66,830.62,,,,"     ",5.10,1915.94,0.90
1598,539356768,"01598M13:11:28.694","01598 12:24:13",244.67,830.56,,,,"     ",5.10,1939.44,0.91
1598,539356769,"01598M13:11:29.667","01598 12:24:14",244.67,830.58,,,,"     ",5.10,1940.70,0.91
1598,539356770,"01598M13:11:30.640","01598 12:24:15",244.68,830.60,,,,"     ",5.10,1915.23,0.90
1598,539356771,"01598M13:11:31.614","01598 12:24:16",244.68,830.58,,,,"     ",5.10,1939.94,0.91
1598,539356772,"01598M13:11:32.587","01598 12:24:17",244.72,830.65,,,,"     ",5.10,1952.37,0.91
1598,539356773,"01598M13:11:33.560","01598 12:24:18",244.75,830.58,,,,"     ",5.10,1930.50,0.90
1598,539356774,"01598M13:11:34.533","01598 12:24:19",244.80,830.60,,,,"     ",5.10,1921.35,0.90
1598,539356775,"01598M13:11:35.507","01598 12:24:20",244.85,830.63,,,,"     ",5.10,1960.49,0.92
1598,539356776,"01598M13:11:36.480","01598 12:24:21",244.90,830.54,,,,"     ",5.10,1930.58,0.90
1598,539356777,"01598M13:11:37.453","01598 12:24:22",244.93,830.55,,,,"     ",5.10,1934.69,0.90
1598,539356778,"01598M13:11:38.426","01598 12:24:23",244.95,830.49,,,,"     ",5.10,1945.88,0.91
1598,539356779,"01598M13:11:39.400","01598 12:24:24",244.97,830.55,,,,"     ",5.10,1904.74,0.89
1598,539356780,"01598M13:11:40.373","01598 12:24:25",245.00,830.53,,,,"     ",5.10,1966.00,0.92
1598,539356781,"01598M13:11:41.346","01598 12:24:26",245.03,830.50,,,,"     ",5.10,1938.13,0.90
1598,539356782,"01598M13:11:42.320","01598 12:24:27",245.04,830.51,,,,"     ",5.10,1912.00,0.89
1598,539356783,"01598M13:11:43.293","01598 12:24:28",245.05,830.60,,,,"     ",5.10,1938.35,0.90
1598,539356784,"01598M13:11:44.266","01598 12:24:28",245.04,830.59,,,,"     ",5.10,1948.95,0.91
1598,539356785,"01598M13:11:45.239","01598 12:24:29",245.02,830.54,,,,"     ",5.10,1941.52,0.90
1598,539356786,"01598M13:11:46.213","01598 12:24:30",245.01,830.59,,,,"     ",5.10,1971.50,0.92
1598,539356787,"01598M13:11:47.186","01598 12:24:31",244.99,830.49,,,,"     ",5.10,1947.07,0.91
1598,539356788,"01598M13:11:48.159","01598 12:24:32",244.97,830.53,,,,"     ",5.10,1958.36,0.91
1598,539356789,"01598M13:11:49.132","01598 12:24:33",244.94,830.51,,,,"     ",5.10,1926.51,0.90
1598,539356790,"01598M13:11:50.106","01598 12:24:34",244.92,830.53,,,,"     ",5.10,1975.81,0.92
1598,539356791,"01598M13:11:51.079","01598 12:24:35",244.91,830.52,,,,"     ",5.10,1930.43,0.90
1598,539356792,"01598M13:11:52.052","01598 12:24:36",244.89,830.50,,,,"     ",5.10,1938.50,0.90
1598,539356793,"01598M13:11:53.025","01598 12:24:37",244.87,830.47,,,,"     ",5.10,1928.80,0.90
1598,539356794,"01598M13:11:53.999","01598 12:24:38",244.87,830.45,,,,"     ",5.10,1933.63,0.90
1598,539356795,"01598M13:11:54.972","01598 12:24:39",244.87,830.43,,,,"     ",5.10,1918.19,0.89
1598,539356796,"01598M13:11:55.945","01598 12:24:40",244.88,830.37,,,,"     ",5.10,1943.87,0.90
1598,539356797,"01598M13:11:56.918","01598 12:24:41",244.90,830.37,,,,"     ",5.10,1927.64,0.90
1598,539356798,"01598M13:11:57.892","01598 12:24:42",244.96,830.34,,,,"     ",5.10,1898.78,0.88
1598,539356799,"01598M13:11:58.865","01598 12:24:43",245.06,830.27,,,,"     ",5.10,1922.06,0.89
1598,539356800,"01598M13:11:59.838","01598 12:24:44",245.20,830.34,,,,"     ",5.10,1956.00,0.91
1598,539356801,"01598M13:12:00.811","01598 12:24:45",245.37,830.35,,,,"     ",5.10,1931.75,0.90
1598,539356802,"01598M13:12:01.785","01598 12:24:46",245.55,830.39,,,,"     ",5.10,1902.34,0.88
1598,539356803,"01598M13:12:02.758","01598 12:24:47",245.73,830.39,,,,"     ",5.10,1966.04,0.91
1598,539356804,"01598M13:12:03.731","01598 12:24:48",245.89,830.37,,,,"     ",5.10,1946.53,0.90
1598,539356805,"01598M13:12:04.704","01598 12:24:49",246.06,830.36,,,,"     ",5.10,1969.89,0.92
1598,539356806,"01598M13:12:05.678","01598 12:24:50",246.20,830.39,,,,"     ",5.10,1970.30,0.92
1598,539356807,"01598M13:12:06.651","01598 12:24:51",246.32,830.34,,,,"     ",5.10,1930.28,0.90
1598,539356808,"01598M13:12:07.624","01598 12:24:52",246.41,830.36,,,,"     ",5.10,1923.02,0.89
1598,539356809,"01598M13:12:08.597","01598 12:24:53",246.47,830.36,,,,"     ",5.10,1947.67,0.90
1598,539356810,"01598M13:12:09.571","01598 12:24:54",246.51,830.38,,,,"     ",5.10,1979.65,0.92
1598,539356811,"01598M13:12:10.544","01598 12:24:55",246.54,830.29,,,,"     ",5.10,1983.84,0.92
1598,539356812,"01598M13:12:11.517","01598 12:24:56",246.57,830.25,,,,"     ",5.10,1974.43,0.92
1598,539356813,"01598M13:12:12.490","01598 12:24:57",246.60,830.16,,,,"     ",5.10,1958.77,0.91
1598,539356814,"01598M13:12:13.464","01598 12:24:58",246.65,830.14,,,,"     ",5.10,1965.85,0.91
1598,539356815,"01598M13:12:14.437","01598 12:24:59",246.72,830.28,,,,"     ",5.10,1966.36,0.91
1598,539356816,"01598M13:12:15.410","01598 12:25:00",246.80,830.32,,,,"     ",5.10,1965.98,0.91
1598,539356817,"01598M13:12:16.383","01598 12:25:01",246.90,830.33,,,,"     ",5.10,1956.63,0.91
1598,539356818,"01598M13:12:17.357","01598 12:25:02",247.01,830.38,,,,"     ",5.10,1993.61,0.92
1598,539356819,"01598M13:12:18.330","01598 12:25:03",247.14,830.28,,,,"     ",5.10,1969.34,0.91
1598,539356820,"01598M13:12:19.303","01598 12:25:04",247.28,830.32,,,,"     ",5.10,1947.49,0.90
1598,539356821,"01598M13:12:20.276","01598 12:25:04",247.41,830.20,,,,"     ",5.10,1946.06,0.90
1598,539356822,"01598M13:12:21.250","01598 12:25:05",247.53,830.31,,,,"     ",5.10,1947.25,0.90
1598,539356823,"01598M13:12:22.223","01598 12:25:06",247.65,830.27,,,,"     ",5.10,1961.61,0.91
1598,539356824,"01598M13:12:23.196","01598 12:25:07",247.64,830.19,,,,"     ",5.10,1962.91,0.91
1598,539356825,"01598M13:12:24.169","01598 12:25:08",247.58,830.21,,,,"     ",5.10,1986.47,0.92
1598,539356826,"01598M13:12:25.143","01598 12:25:09",247.52,830.13,,,,"     ",5.10,1961.30,0.90
1598,539356827,"01598M13:12:26.116","01598 12:25:10",247.45,830.22,,,,"     ",5.10,1968.16,0.91
1598,539356828,"01598M13:12:27.089","01598 12:25:11",247.38,830.27,,,,"     ",5.10,1939.06,0.89
1598,539356829,"01598M13:12:28.062","01598 12:25:12",247.30,830.24,,,,"     ",5.10,1954.84,0.90
1598,539356830,"01598M13:12:29.036","01598 12:25:13",247.24,830.24,,,,"     ",5.10,1955.02,0.90
1598,539356831,"01598M13:12:30.009","01598 12:25:14",247.19,830.25,,,,"     ",5.10,1964.56,0.90
1598,539356832,"01598M13:12:30.982","01598 12:25:15",247.15,830.27,,,,"     ",5.10,1955.79,0.90
1598,539356833,"01598M13:12:31.955","01598 12:25:16",247.12,830.24,,,,"     ",5.10,1950.08,0.90
1598,539356834,"01598M13:12:32.929","01598 12:25:17",247.09,830.27,,,,"     ",5.10,1949.92,0.90
1598,539356835,"01598M13:12:33.902","01598 12:25:18",247.05,830.28,,,,"     ",5.10,1983.41,0.91
1598,539356836,"01598M13:12:34.875","01598 12:25:19",247.02,830.23,,,,"     ",5.10,1931.96,0.89
1598,539356837,"01598M13:12:35.848","01598 12:25:20",246.97,830.27,,,,"     ",5.10,1932.15,0.89
1598,539356838,"01598M13:12:36.822","01598 12:25:21",246.93,830.28,,,,"     ",5.10,1943.75,0.89
1598,539356839,"01598M13:12:37.795","01598 12:25:22",246.88,830.28,,,,"     ",5.10,1930.69,0.89
1598,539356840,"01598M13:12:38.768","01598 12:25:23",246.83,830.17,,,,"     ",5.10,1966.00,0.90
1598,539356841,"01598M13:12:39.741","01598 12:25:24",246.79,830.27,,,,"     ",5.10,1939.01,0.89
1598,539356842,"01598M13:12:40.715","01598 12:25:25",246.76,830.22,,,,"     ",5.10,1909.65,0.88
1598,539356843,"01598M13:12:41.688","01598 12:25:26",246.73,830.24,,,,"     ",5.10,1937.84,0.89
1598,539356844,"01598M13:12:42.661","01598 12:25:27",246.71,830.24,,,,"     ",5.10,1936.10,0.89
1598,539356845,"01598M13:12:43.634","01598 12:25:28",246.69,830.26,,,,"     ",5.10,1912.36,0.88
1598,539356846,"01598M13:12:44.608","01598 12:25:29",246.67,830.22,,,,"     ",5.10,1943.68,0.89
1598,539356847,"01598M13:12:45.581","01598 12:25:30",246.64,830.16,,,,"     ",5.10,1968.46,0.90
1598,539356848,"01598M13:12:46.554","01598 12:25:31",246.60,830.17,,,,"     ",5.10,1910.24,0.87
1598,539356849,"01598M13:12:47.527","01598 12:25:32",246.56,830.33,,,,"     ",5.10,1975.64,0.90
1598,539356850,"01598M13:12:48.501","01598 12:25:33",246.53,830.20,,,,"     ",5.10,1958.64,0.90
1598,539356851,"01598M13:12:49.474","01598 12:25:34",246.51,830.23,,,,"     ",5.10,1960.63,0.90
1598,539356852,"01598M13:12:50.447","01598 12:25:35",246.49,830.29,,,,"     ",5.10,1950.69,0.89
1598,539356853,"01598M13:12:51.421","01598 12:25:36",246.49,830.32,,,,"     ",5.10,1952.19,0.89
1598,539356854,"01598M13:12:52.394","01598 12:25:37",246.49,830.33,,,,"     ",5.10,1968.44,0.90
1598,539356855,"01598M13:12:53.367","01598 12:25:38",246.47,830.27,,,,"     ",5.10,1939.20,0.89
1598,539356856,"01598M13:12:54.340","01598 12:25:39",246.45,830.24,,,,"     ",5.10,1950.31,0.89
1598,539356857,"01598M13:12:55.314","01598 12:25:40",246.40,830.25,,,,"     ",5.10,1952.70,0.89
1598,539356858,"01598M13:12:56.287","01598 12:25:40",246.35,830.20,,,,"     ",5.10,1982.06,0.90
1598,539356859,"01598M13:12:57.260","01598 12:25:41",246.30,830.13,,,,"     ",5.10,1928.34,0.88
1598,539356860,"01598M13:12:58.233","01598 12:25:42",246.26,830.19,,,,"     ",5.10,1949.74,0.89
1598,539356861,"01598M13:12:59.207","01598 12:25:43",246.25,830.29,,,,"     ",5.10,1987.89,0.91
1598,539356862,"01598M13:13:00.180","01598 12:25:44",246.26,830.12,,,,"     ",5.10,1939.65,0.88
1598,539356863,"01598M13:13:01.153","01598 12:25:45",246.31,830.03,,,,"     ",5.10,1961.93,0.89
1598,539356864,"01598M13:13:02.126","01598 12:25:46",246.39,830.20,,,,"     ",5.10,1975.90,0.90
1598,539356865,"01598M13:13:03.100","01598 12:25:47",246.48,830.13,,,,"     ",5.10,1949.76,0.89
1598,539356866,"01598M13:13:04.073","01598 12:25:48",246.59,830.13,,,,"     ",5.10,1957.76,0.89
1598,539356867,"01598M13:13:05.046","01598 12:25:49",246.70,830.12,,,,"     ",5.10,1936.88,0.88
1598,539356868,"01598M13:13:06.019","01598 12:25:50",246.80,830.09,,,,"     ",5.10,1985.39,0.90
1598,539356869,"01598M13:13:06.993","01598 12:25:51",246.89,830.07,,,,"     ",5.10,1977.17,0.90
1598,539356870,"01598M13:13:07.966","01598 12:25:52",246.96,830.11,,,,"     ",5.10,1936.12,0.88
1598,539356871,"01598M13:13:08.939","01598 12:25:53",247.02,830.11,,,,"     ",5.10,1950.62,0.88
1598,539356872,"01598M13:13:09.912","01598 12:25:54",247.06,830.14,,,,"     ",5.10,1957.12,0.89
1598,539356873,"01598M13:13:10.886","01598 12:25:55",247.08,830.07,,,,"     ",5.10,1977.00,0.90
1598,539356874,"01598M13:13:11.859","01598 12:25:56",247.09,830.08,,,,"     ",5.10,1996.39,0.90
1598,539356875,"01598M13:13:12.832","01598 12:25:57",247.07,830.13,,,,"     ",5.10,1971.46,0.89
1598,539356876,"01598M13:13:13.805","01598 12:25:58",247.03,830.00,,,,"     ",5.10,1980.37,0.90
1598,539356877,"01598M13:13:14.779","01598 12:25:59",246.96,830.08,,,,"     ",5.10,1952.70,0.88
1598,539356878,"01598M13:13:15.752","01598 12:26:00",246.88,830.13,,,,"     ",5.10,1971.07,0.89
1598,539356879,"01598M13:13:16.725","01598 12:26:01",246.79,829.97,,,,"     ",5.10,2009.93,0.91
1598,539356880,"01598M13:13:17.698","01598 12:26:02",246.69,829.90,,,,"     ",5.10,1974.09,0.89
1598,539356881,"01598M13:13:18.672","01598 12:26:03",246.60,829.92,,,,"     ",5.10,1987.09,0.90
1598,539356882,"01598M13:13:19.645","01598 12:26:04",246.52,829.92,,,,"     ",5.10,1974.51,0.89
1598,539356883,"01598M13:13:20.618","01598 12:26:05",246.47,829.90,,,,"     ",5.10,2002.00,0.90
1598,539356884,"01598M13:13:21.591","01598 12:26:06",246.45,829.85,,,,"     ",5.10,2002.90,0.90
1598,539356885,"01598M13:13:22.565","01598 12:26:07",246.46,829.87,,,,"     ",5.10,2015.06,0.91
1598,539356886,"01598M13:13:23.538","01598 12:26:08",246.49,829.95,,,,"     ",5.10,1967.77,0.89
1598,539356887,"01598M13:13:24.511","01598 12:26:09",246.56,829.84,,,,"     ",5.10,2001.53,0.90
1598,539356888,"01598M13:13:25.484","01598 12:26:10",246.64,829.83,,,,"     ",5.10,2007.34,0.90
1598,539356889,"01598M13:13:26.458","01598 12:26:11",246.74,829.82,,,,"     ",5.10,1992.48,0.90
1598,539356890,"01598M13:13:27.431","01598 12:26:12",246.86,829.86,,,,"     ",5.10,1986.40,0.89
1598,539356891,"01598M13:13:28.404","01598 12:26:13",246.99,829.93,,,,"     ",5.10,1992.59,0.90
1598,539356892,"01598M13:13:29.377","01598 12:26:14",247.14,829.91,,,,"     ",5.10,1988.29,0.89
1598,539356893,"01598M13:13:30.351","01598 12:26:15",247.29,829.89,,,,"     ",5.10,1977.89,0.89
1598,539356894,"01598M13:13:31.324","01598 12:26:16",247.43,829.92,,,,"     ",5.10,1979.90,0.89
1598,539356895,"01598M13:13:32.297","01598 12:26:16",247.55,829.83,,,,"     ",5.10,1950.30,0.87
1598,539356896,"01598M13:13:33.270","01598 12:26:17",247.63,829.94,,,,"     ",5.10,2014.97,0.90
1598,539356897,"01598M13:13:34.244","01598 12:26:18",247.68,829.83,,,,"     ",5.10,1957.63,0.88
1598,539356898,"01598M13:13:35.217","01598 12:26:19",247.69,829.85,,,,"     ",5.10,2007.48,0.90
1598,539356899,"01598M13:13:36.190","01598 12:26:20",247.65,829.76,,,,"     ",5.10,2000.65,0.89
1598,539356900,"01598M13:13:37.163","01598 12:26:21",247.57,829.79,,,,"     ",5.10,2006.41,0.90
1598,539356901,"01598M13:13:38.137","01598 12:26:22",247.47,829.71,,,,"     ",5.10,1985.15,0.89
1598,539356902,"01598M13:13:39.110","01598 12:26:23",247.37,829.79,,,,"     ",5.10,2012.82,0.90
1598,539356903,"01598M13:13:40.083","01598 12:26:24",247.26,829.81,,,,"     ",5.10,2006.95,0.90
1598,539356904,"01598M13:13:41.056","01598 12:26:25",247.17,829.89,,,,"     ",5.10,2003.52,0.89
1598,539356905,"01598M13:13:42.030","01598 12:26:26",247.09,829.82,,,,"     ",5.10,1976.26,0.88
1598,539356906,"01598M13:13:43.003","01598 12:26:27",247.03,829.86,,,,"     ",5.10,2011.63,0.90
1598,539356907,"01598M13:13:43.976","01598 12:26:28",246.99,829.78,,,,"     ",5.10,2029.07,0.90
1598,539356908,"01598M13:13:44.949","01598 12:26:29",246.98,829.71,,,,"     ",5.10,2008.67,0.89
1598,539356909,"01598M13:13:45.923","01598 12:26:30",247.00,829.75,,,,"     ",5.10,1987.23,0.88
1598,539356910,"01598M13:13:46.896","01598 12:26:31",247.04,829.92,,,,"     ",5.10,2002.43,0.89
1598,539356911,"01598M13:13:47.869","01598 12:26:32",247.10,829.80,,,,"     ",5.10,1991.11,0.88
1598,539356912,"01598M13:13:48.842","01598 12:26:33",247.17,829.69,,,,"     ",5.10,1989.27,0.88
1598,539356913,"01598M13:13:49.816","01598 12:26:34",247.23,829.68,,,,"     ",5.10,1985.27,0.88
1598,539356914,"01598M13:13:50.789","01598 12:26:35",247.27,829.70,,,,"     ",5.10,2025.62,0.90
1598,539356915,"01598M13:13:51.762","01598 12:26:36",247.28,829.68,,,,"     ",5.10,2002.90,0.89
1598,539356916,"01598M13:13:52.735","01598 12:26:37",247.27,829.63,,,,"     ",5.10,2007.56,0.89
1598,539356917,"01598M13:13:53.709","01598 12:26:38",247.23,829.63,,,,"     ",5.10,2013.62,0.89
1598,539356918,"01598M13:13:54.682","01598 12:26:39",247.17,829.82,,,,"     ",5.10,2011.15,0.89
1598,539356919,"01598M13:13:55.655","01598 12:26:40",247.08,829.76,,,,"     ",5.10,2011.38,0.89
1598,539356920,"01598M13:13:56.628","01598 12:26:41",246.97,829.81,,,,"     ",5.10,1982.59,0.88
1598,539356921,"01598M13:13:57.602","01598 12:26:42",246.83,829.78,,,,"     ",5.10,1976.86,0.87
1598,539356922,"01598M13:13:58.575","01598 12:26:43",246.67,829.72,,,,"     ",5.10,2001.19,0.88
1598,539356923,"01598M13:13:59.548","01598 12:26:44",246.52,829.75,,,,"     ",5.10,1985.40,0.88
1598,539356924,"01598M13:14:00.522","01598 12:26:45",246.37,829.69,,,,"     ",5.10,2004.06,0.88
1598,539356925,"01598M13:14:01.495","01598 12:26:46",246.23,829.69,,,,"     ",5.10,2005.68,0.88
1598,539356926,"01598M13:14:02.468","01598 12:26:47",246.12,829.73,,,,"     ",5.10,2038.61,0.90
1598,539356927,"01598M13:14:03.441","01598 12:26:48",246.02,829.73,,,,"     ",5.10,2031.86,0.90
1598,539356928,"01598M13:14:04.415","01598 12:26:49",245.95,829.81,,,,"     ",5.10,2019.02,0.89
1598,539356929,"01598M13:14:05.388","01598 12:26:50",245.90,829.75,,,,"     ",5.10,2025.25,0.89
1598,539356930,"01598M13:14:06.361","01598 12:26:51",245.86,829.79,,,,"     ",5.10,2015.01,0.89
1598,539356931,"01598M13:14:07.334","01598 12:26:52",245.83,829.87,,,,"     ",5.10,2039.75,0.90
1598,539356932,"01598M13:14:08.308","01598 12:26:52",245.82,829.84,,,,"     ",5.10,1970.10,0.87
1598,539356933,"01598M13:14:09.281","01598 12:26:53",245.83,829.82,,,,"     ",5.10,2006.25,0.88
1598,539356934,"01598M13:14:10.254","01598 12:26:54",245.87,829.87,,,,"     ",5.10,2003.32,0.88
1598,539356935,"01598M13:14:11.227","01598 12:26:55",245.91,829.81,,,,"     ",5.10,2010.52,0.88
1598,539356936,"01598M13:14:12.201","01598 12:26:56",245.95,829.81,,,,"     ",5.10,2012.66,0.88
1598,539356937,"01598M13:14:13.174","01598 12:26:57",245.99,829.80,,,,"     ",5.10,2001.44,0.88
1598,539356938,"01598M13:14:14.147","01598 12:26:58",246.00,829.70,,,,"     ",5.10,2011.36,0.88
1598,539356939,"01598M13:14:15.120","01598 12:26:59",245.99,829.72,,,,"     ",5.10,2018.77,0.89
1598,539356940,"01598M13:14:16.094","01598 12:27:00",245.97,829.78,,,,"     ",5.10,2040.44,0.89
1598,539356941,"01598M13:14:17.067","01598 12:27:01",245.95,829.80,,,,"     ",5.10,2010.34,0.88
1598,539356942,"01598M13:14:18.040","01598 12:27:02",245.93,829.74,,,,"     ",5.10,2013.99,0.88
1598,539356943,"01598M13:14:19.013","01598 12:27:03",245.93,829.73,,,,"     ",5.10,2021.27,0.89
1598,539356944,"01598M13:14:19.987","01598 12:27:04",245.95,829.63,,,,"     ",5.10,2013.09,0.88
1598,539356945,"01598M13:14:20.960","01598 12:27:05",245.98,829.66,,,,"     ",5.10,2029.33,0.89
1598,539356946,"01598M13:14:21.933","01598 12:27:06",246.03,829.69,,,,"     ",5.10,2019.65,0.88
1598,539356947,"01598M13:14:22.906","01598 12:27:07",246.08,829.59,,,,"     ",5.10,2005.22,0.88
1598,539356948,"01598M13:14:23.880","01598 12:27:08",246.15,829.64,,,,"     ",5.10,2014.61,0.88
1598,539356949,"01598M13:14:24.853","01598 12:27:09",246.22,829.57,,,,"     ",5.10,2031.70,0.89
1598,539356950,"01598M13:14:25.826","01598 12:27:10",246.29,829.56,,,,"     ",5.10,2044.94,0.89
1598,539356951,"01598M13:14:26.799","01598 12:27:11",246.35,829.60,,,,"     ",5.10,2030.47,0.89
1598,539356952,"01598M13:14:27.773","01598 12:27:12",246.38,829.60,,,,"     ",5.10,1993.88,0.87
1598,539356953,"01598M13:14:28.746","01598 12:27:13",246.38,829.63,,,,"     ",5.10,2029.12,0.89
1598,539356954,"01598M13:14:29.719","01598 12:27:14",246.34,829.65,,,,"     ",5.10,2009.03,0.88
1598,539356955,"01598M13:14:30.692","01598 12:27:15",246.27,829.68,,,,"     ",5.10,2033.39,0.89
1598,539356956,"01598M13:14:31.666","01598 12:27:16",246.19,829.65,,,,"     ",5.10,2046.91,0.89
1598,539356957,"01598M13:14:32.639","01598 12:27:17",246.11,829.63,,,,"     ",5.10,2028.56,0.88
1598,539356958,"01598M13:14:33.612","01598 12:27:18",246.03,829.60,,,,"     ",5.10,2041.98,0.89
1598,539356959,"01598M13:14:34.585","01598 12:27:19",245.97,829.66,,,,"     ",5.10,2013.57,0.88
1598,539356960,"01598M13:14:35.559","01598 12:27:20",245.92,829.57,,,,"     ",5.10,2023.84,0.88
1598,539356961,"01598M13:14:36.532","01598 12:27:21",245.88,829.67,,,,"     ",5.10,2051.20,0.89
1598,539356962,"01598M13:14:37.505","01598 12:27:22",245.86,829.64,,,,"     ",5.10,2011.73,0.88
1598,539356963,"01598M13:14:38.478","01598 12:27:23",245.84,829.66,,,,"     ",5.10,2035.03,0.89
1598,539356964,"01598M13:14:39.452","01598 12:27:24",245.83,829.63,,,,"     ",5.10,2052.20,0.89
1598,539356965,"01598M13:14:40.425","01598 12:27:25",245.81,829.65,,,,"     ",5.10,2049.50,0.89
1598,539356966,"01598M13:14:41.398","01598 12:27:26",245.79,829.68,,,,"     ",5.10,2037.34,0.89
1598,539356967,"01598M13:14:42.371","01598 12:27:27",245.77,829.57,,,,"     ",5.10,2047.09,0.89
1598,539356968,"01598M13:14:43.345","01598 12:27:28",245.75,829.66,,,,"     ",5.10,2024.30,0.88
1598,539356969,"01598M13:14:44.318","01598 12:27:28",245.73,829.71,,,,"     ",5.10,2016.26,0.88
1598,539356970,"01598M13:14:45.291","01598 12:27:29",245.72,829.72,,,,"     ",5.10,2072.06,0.90
1598,539356971,"01598M13:14:46.264","01598 12:27:30",245.71,829.63,,,,"     ",5.10,2014.30,0.87
1598,539356972,"01598M13:14:47.238","01598 12:27:31",245.72,829.66,,,,"     ",5.10,2032.81,0.88
1598,539356973,"01598M13:14:48.211","01598 12:27:32",245.74,829.63,,,,"     ",5.10,2019.28,0.88
1598,539356974,"01598M13:14:49.184","01598 12:27:33",245.78,829.64,,,,"     ",5.10,2031.98,0.88
1598,539356975,"01598M13:14:50.157","01598 12:27:34",245.85,829.55,,,,"     ",5.10,2067.74,0.90
1598,539356976,"01598M13:14:51.131","01598 12:27:35",245.95,829.61,,,,"     ",5.10,2065.76,0.89
1598,539356977,"01598M13:14:52.104","01598 12:27:36",246.06,829.59,,,,"     ",5.10,2035.23,0.88
1598,539356978,"01598M13:14:53.077","01598 12:27:37",246.16,829.64,,,,"     ",5.10,2041.00,0.88
1598,539356979,"01598M13:14:54.050","01598 12:27:38",246.26,829.62,,,,"     ",5.10,2017.71,0.87
1598,539356980,"01598M13:14:55.024","01598 12:27:39",246.32,829.64,,,,"     ",5.10,2012.28,0.87
1598,539356981,"01598M13:14:55.997","01598 12:27:40",246.36,829.63,,,,"     ",5.10,2032.99,0.88
1598,539356982,"01598M13:14:56.970","01598 12:27:41",246.37,829.49,,,,"     ",5.10,2039.12,0.88
1598,539356983,"01598M13:14:57.943","01598 12:27:42",246.35,829.54,,,,"     ",5.10,2023.20,0.87
1598,539356984,"01598M13:14:58.917","01598 12:27:43",246.29,829.44,,,,"     ",5.10,2027.88,0.88
1598,539356985,"01598M13:14:59.890","01598 12:27:44",246.21,829.44,,,,"     ",5.10,2062.92,0.89
1598,539356986,"01598M13:15:00.863","01598 12:27:45",246.11,829.49,,,,"     ",5.10,2037.95,0.88
1598,539356987,"01598M13:15:01.836","01598 12:27:46",246.02,829.50,,,,"     ",5.10,2066.21,0.89
1598,539356988,"01598M13:15:02.810","01598 12:27:47",245.93,829.39,,,,"     ",5.10,2042.03,0.88
1598,539356989,"01598M13:15:03.783","01598 12:27:48",245.87,829.34,,,,"     ",5.10,2027.43,0.88
1598,539356990,"01598M13:15:04.756","01598 12:27:49",245.83,829.41,,,,"     ",5.10,2042.87,0.88
1598,539356991,"01598M13:15:05.729","01598 12:27:50",245.82,829.39,,,,"     ",5.10,2036.43,0.88
1598,539356992,"01598M13:15:06.703","01598 12:27:51",245.85,829.47,,,,"     ",5.10,2030.55,0.88
1598,539356993,"01598M13:15:07.676","01598 12:27:52",245.90,829.46,,,,"     ",5.10,2043.63,0.88
1598,539356994,"01598M13:15:08.649","01598 12:27:53",245.95,829.43,,,,"     ",5.10,2038.10,0.88
1598,539356995,"01598M13:15:09.622","01598 12:27:54",246.01,829.57,,,,"     ",5.10,2023.01,0.87
1598,539356996,"01598M13:15:10.596","01598 12:27:55",246.07,829.58,,,,"     ",5.10,2046.08,0.88
1598,539356997,"01598M13:15:11.569","01598 12:27:56",246.12,829.59,,,,"     ",5.10,2048.93,0.88
1598,539356998,"01598M13:15:12.542","01598 12:27:57",246.18,829.64,,,,"     ",5.10,2025.00,0.87
1598,539356999,"01598M13:15:13.516","01598 12:27:58",246.23,829.64,,,,"     ",5.10,2072.36,0.90
1598,539357000,"01598M13:15:14.489","01598 12:27:59",246.29,829.60,,,,"     ",5.10,2041.72,0.88
1598,539357001,"01598M13:15:15.462","01598 12:28:00",246.34,829.61,,,,"     ",5.10,2047.60,0.88
1598,539357002,"01598M13:15:16.435","01598 12:28:01",246.39,829.56,,,,"     ",5.10,2043.98,0.88
1598,539357003,"01598M13:15:17.409","01598 12:28:02",246.44,829.66,,,,"     ",5.10,2045.29,0.88
1598,539357004,"01598M13:15:18.382","01598 12:28:03",246.49,829.55,,,,"     ",5.10,2054.42,0.89
1598,539357005,"01598M13:15:19.355","01598 12:28:04",246.53,829.53,,,,"     ",5.10,2047.99,0.88
1598,539357006,"01598M13:15:20.328","01598 12:28:05",246.56,829.53,,,,"     ",5.10,2050.15,0.88
1598,539357007,"01598M13:15:21.302","01598 12:28:05",246.57,829.56,,,,"     ",5.10,2050.46,0.89
1598,539357008,"01598M13:15:22.275","01598 12:28:06",246.58,829.60,,,,"     ",5.10,2032.97,0.88
1598,539357009,"01598M13:15:23.248","01598 12:28:07",246.57,829.63,,,,"     ",5.10,2048.21,0.88
1598,539357010,"01598M13:15:24.221","01598 12:28:08",246.54,829.63,,,,"     ",5.10,2042.04,0.88
1598,539357011,"01598M13:15:25.195","01598 12:28:09",246.51,829.62,,,,"     ",5.10,2054.23,0.89
1598,539357012,"01598M13:15:26.168","01598 12:28:10",246.45,829.68,,,,"     ",5.10,2064.49,0.89
1598,539357013,"01598M13:15:27.141","01598 12:28:11",246.36,829.58,,,,"     ",5.10,2016.81,0.87
1598,539357014,"01598M13:15:28.114","01598 12:28:12",246.25,829.57,,,,"     ",5.10,2092.27,0.90
1598,539357015,"01598M13:15:29.088","01598 12:28:13",246.16,829.63,,,,"     ",5.10,2048.81,0.89
1598,539357016,"01598M13:15:30.061","01598 12:28:14",246.07,829.71,,,,"     ",5.10,2034.57,0.88
1598,539357017,"01598M13:15:31.034","01598 12:28:15",246.02,829.69,,,,"     ",5.10,2051.60,0.89
1598,539357018,"01598M13:15:32.007","01598 12:28:16",246.00,829.76,,,,"     ",5.10,2065.46,0.89
1598,539357019,"01598M13:15:32.981","01598 12:28:17",246.00,829.74,,,,"     ",5.10,2022.52,0.87
1598,539357020,"01598M13:15:33.954","01598 12:28:18",246.01,829.75,,,,"     ",5.10,1994.83,0.86
1598,539357021,"01598M13:15:34.927","01598 12:28:19",246.02,829.59,,,,"     ",5.10,2044.18,0.88
1598,539357022,"01598M13:15:35.900","01598 12:28:20",246.02,829.58,,,,"     ",5.10,2052.46,0.89
1598,539357023,"01598M13:15:36.874","01598 12:28:21",246.02,829.60,,,,"     ",5.10,2073.20,0.90
1598,539357024,"01598M13:15:37.847","01598 12:28:22",246.00,829.61,,,,"     ",5.10,2040.30,0.88
1598,539357025,"01598M13:15:38.820","01598 12:28:23",245.96,829.62,,,,"     ",5.10,2026.54,0.88
1598,539357026,"01598M13:15:39.793","01598 12:28:24",245.92,829.66,,,,"     ",5.10,2034.97,0.88
1598,539357027,"01598M13:15:40.767","01598 12:28:25",245.88,829.64,,,,"     ",5.10,2043.84,0.89
1598,539357028,"01598M13:15:41.740","01598 12:28:26",245.83,829.71,,,,"     ",5.10,2030.83,0.88
1598,539357029,"01598M13:15:42.713","01598 12:28:27",245.79,829.72,,,,"     ",5.10,2014.93,0.87
1598,539357030,"01598M13:15:43.686","01598 12:28:28",245.73,829.71,,,,"     ",5.10,2053.73,0.89
1598,539357031,"01598M13:15:44.660","01598 12:28:29",245.67,829.59,,,,"     ",5.10,2030.64,0.88
1598,539357032,"01598M13:15:45.633","01598 12:28:30",245.61,829.54,,,,"     ",5.10,2028.90,0.88
1598,539357033,"01598M13:15:46.606","01598 12:28:31",245.55,829.64,,,,"     ",5.10,2020.42,0.88
1598,539357034,"01598M13:15:47.579","01598 12:28:32",245.48,829.49,,,,"     ",5.10,1995.15,0.87
1598,539357035,"01598M13:15:48.553","01598 12:28:33",245.40,829.52,,,,"     ",5.10,1994.02,0.86
1598,539357036,"01598M13:15:49.526","01598 12:28:34",245.33,829.59,,,,"     ",5.10,2023.49,0.88
1598,539357037,"01598M13:15:50.499","01598 12:28:35",245.25,829.62,,,,"     ",5.10,2002.21,0.87
1598,539357038,"01598M13:15:51.472","01598 12:28:36",245.17,829.60,,,,"     ",5.10,2046.33,0.89
1598,539357039,"01598M13:15:52.446","01598 12:28:37",245.55,829.64,,,,"     ",5.10,2038.60,0.89
1598,539357040,"01598M13:15:53.419","01598 12:28:38",245.52,829.63,,,,"     ",5.10,2026.80,0.88
1598,539357041,"01598M13:15:54.392","01598 12:28:39",245.48,829.69,,,,"     ",5.10,2025.68,0.88
1598,539357042,"01598M13:15:55.365","01598 12:28:40",245.46,829.66,,,,"     ",5.10,2015.89,0.88
1598,539357043,"01598M13:15:56.339","01598 12:28:41",245.44,829.58,,,,"     ",5.10,2022.34,0.88
1598,539357044,"01598M13:15:57.312","01598 12:28:41",245.42,829.66,,,,"     ",5.10,2047.81,0.89
1598,539357045,"01598M13:15:58.285","01598 12:28:42",245.41,829.66,,,,"     ",5.10,2053.33,0.89
1598,539357046,"01598M13:15:59.258","01598 12:28:43",245.40,829.60,,,,"     ",5.10,1992.59,0.87
1598,539357047,"01598M13:16:00.232","01598 12:28:44",245.39,829.61,,,,"     ",5.10,2035.92,0.89
1598,539357048,"01598M13:16:01.205","01598 12:28:45",245.39,829.63,,,,"     ",5.10,2033.82,0.89
1598,539357049,"01598M13:16:02.178","01598 12:28:46",245.39,829.54,,,,"     ",5.10,2030.53,0.89
1598,539357050,"01598M13:16:03.151","01598 12:28:47",245.40,829.54,,,,"     ",5.10,2033.63,0.89
1598,539357051,"01598M13:16:04.125","01598 12:28:48",245.40,829.53,,,,"     ",5.10,2030.35,0.89
1598,539357052,"01598M13:16:05.098","01598 12:28:49",245.41,829.53,,,,"     ",5.10,2016.62,0.88
1598,539357053,"01598M13:16:06.071","01598 12:28:50",245.45,829.50,,,,"     ",5.10,2016.52,0.88
1598,539357054,"01598M13:16:07.044","01598 12:28:51",245.48,829.52,,,,"     ",5.10,2028.60,0.89
1598,539357055,"01598M13:16:08.018","01598 12:28:52",245.53,829.54,,,,"     ",5.10,2036.90,0.89
1598,539357056,"01598M13:16:08.991","01598 12:28:53",245.56,829.46,,,,"     ",5.10,2050.79,0.90
1598,539357057,"01598M13:16:09.964","01598 12:28:54",245.58,829.51,,,,"     ",5.10,2003.38,0.88
1598,539357058,"01598M13:16:10.937","01598 12:28:55",245.58,829.56,,,,"     ",5.10,2024.81,0.89
1598,539357059,"01598M13:16:11.911","01598 12:28:56",245.56,829.56,,,,"     ",5.10,2024.50,0.89
1598,539357060,"01598M13:16:12.884","01598 12:28:57",245.54,829.51,,,,"     ",5.10,2006.10,0.88
1598,539357061,"01598M13:16:13.857","01598 12:28:58",245.53,829.48,,,,"     ",5.10,2010.63,0.88
1598,539357062,"01598M13:16:14.830","01598 12:28:59",245.51,829.50,,,,"     ",5.10,2013.79,0.88
1598,539357063,"01598M13:16:15.804","01598 12:29:00",245.50,829.51,,,,"     ",5.10,2014.82,0.88
1598,539357064,"01598M13:16:16.777","01598 12:29:01",245.48,829.41,,,,"     ",5.10,2040.95,0.90
1598,539357065,"01598M13:16:17.750","01598 12:29:02",245.45,829.38,,,,"     ",5.10,2011.45,0.88
1598,539357066,"01598M13:16:18.723","01598 12:29:03",245.42,829.46,,,,"     ",5.10,1987.84,0.87
1598,539357067,"01598M13:16:19.697","01598 12:29:04",245.37,829.53,,,,"     ",5.10,2014.69,0.88
1598,539357068,"01598M13:16:20.670","01598 12:29:05",245.33,829.42,,,,"     ",5.10,2009.83,0.88
1598,539357069,"01598M13:16:21.643","01598 12:29:06",245.29,829.46,,,,"     ",5.10,2020.56,0.89
1598,539357070,"01598M13:16:22.617","01598 12:29:07",245.26,829.49,,,,"     ",5.10,1994.47,0.88
1598,539357071,"01598M13:16:23.590","01598 12:29:08",245.23,829.53,,,,"     ",5.10,2021.84,0.89
1598,539357072,"01598M13:16:24.563","01598 12:29:09",245.22,829.49,,,,"     ",5.10,1994.08,0.88
1598,539357073,"01598M13:16:25.536","01598 12:29:10",245.20,829.47,,,,"     ",5.10,2031.62,0.89
1598,539357074,"01598M13:16:26.510","01598 12:29:11",245.19,829.57,,,,"     ",5.10,2015.25,0.89
1598,539357075,"01598M13:16:27.483","01598 12:29:12",245.18,829.48,,,,"     ",5.10,2019.15,0.89
1598,539357076,"01598M13:16:28.456","01598 12:29:13",245.19,829.53,,,,"     ",5.10,2026.54,0.89
1598,539357077,"01598M13:16:29.429","01598 12:29:14",245.20,829.50,,,,"     ",5.10,1974.67,0.87
1598,539357078,"01598M13:16:30.403","01598 12:29:15",245.22,829.45,,,,"     ",5.10,1975.71,0.87
1598,539357079,"01598M13:16:31.376","01598 12:29:16",245.26,829.43,,,,"     ",5.10,2012.97,0.89
1598,539357080,"01598M13:16:32.349","01598 12:29:17",245.30,829.33,,,,"     ",5.10,2002.42,0.88
1598,539357081,"01598M13:16:33.322","01598 12:29:17",245.34,829.37,,,,"     ",5.10,2030.08,0.90
1598,539357082,"01598M13:16:34.296","01598 12:29:18",245.40,829.35,,,,"     ",5.10,2017.30,0.89
1598,539357083,"01598M13:16:35.269","01598 12:29:19",245.45,829.29,,,,"     ",5.10,2002.70,0.88
1598,539357084,"01598M13:16:36.242","01598 12:29:20",245.52,829.24,,,,"     ",5.10,2004.26,0.89
1598,539357085,"01598M13:16:37.215","01598 12:29:21",245.60,829.27,,,,"     ",5.10,2026.27,0.89
1598,539357086,"01598M13:16:38.189","01598 12:29:22",245.69,829.39,,,,"     ",5.10,1984.56,0.88
1598,539357087,"01598M13:16:39.162","01598 12:29:23",245.78,829.28,,,,"     ",5.10,1993.60,0.88
1598,539357088,"01598M13:16:40.135","01598 12:29:24",245.87,829.42,,,,"     ",5.10,1987.18,0.88
1598,539357089,"01598M13:16:41.108","01598 12:29:25",245.94,829.32,,,,"     ",5.10,1975.47,0.87
1598,539357090,"01598M13:16:42.082","01598 12:29:26",246.00,829.27,,,,"     ",5.10,1995.63,0.88
1598,539357091,"01598M13:16:43.055","01598 12:29:27",246.02,829.38,,,,"     ",5.10,2008.46,0.89
1598,539357092,"01598M13:16:44.028","01598 12:29:28",246.03,829.40,,,,"     ",5.10,2002.06,0.89
1598,539357093,"01598M13:16:45.001","01598 12:29:29",246.01,829.30,,,,"     ",5.10,2019.42,0.89
1598,539357094,"01598M13:16:45.975","01598 12:29:30",245.97,829.36,,,,"     ",5.10,1994.62,0.88
1598,539357095,"01598M13:16:46.948","01598 12:29:31",245.92,829.31,,,,"     ",5.10,1997.46,0.88
1598,539357096,"01598M13:16:47.921","01598 12:29:32",245.86,829.30,,,,"     ",5.10,2010.47,0.89
1598,539357097,"01598M13:16:48.894","01598 12:29:33",245.79,829.41,,,,"     ",5.10,2003.68,0.89
1598,539357098,"01598M13:16:49.868","01598 12:29:34",245.72,829.29,,,,"     ",5.10,2029.84,0.90
1598,539357099,"01598M13:16:50.841","01598 12:29:35",245.67,829.28,,,,"     ",5.10,2001.58,0.89
1598,539357100,"01598M13:16:51.814","01598 12:29:36",245.63,829.36,,,,"     ",5.10,1987.53,0.88
1598,539357101,"01598M13:16:52.787","01598 12:29:37",245.63,829.30,,,,"     ",5.10,2006.05,0.89
1598,539357102,"01598M13:16:53.761","01598 12:29:38",245.67,829.28,,,,"     ",5.10,1991.00,0.88
1598,539357103,"01598M13:16:54.734","01598 12:29:39",245.75,829.25,,,,"     ",5.10,2004.64,0.89
1598,539357104,"01598M13:16:55.707","01598 12:29:40",245.85,829.25,,,,"     ",5.10,2010.32,0.89
1598,539357105,"01598M13:16:56.680","01598 12:29:41",245.97,829.28,,,,"     ",5.10,1991.17,0.88
1598,539357106,"01598M13:16:57.654","01598 12:29:42",246.08,829.28,,,,"     ",5.10,1983.38,0.88
1598,539357107,"01598M13:16:58.627","01598 12:29:43",246.20,829.23,,,,"     ",5.10,1994.47,0.88
1598,539357108,"01598M13:16:59.600","01598 12:29:44",246.31,829.17,,,,"     ",5.10,2009.35,0.89
1598,539357109,"01598M13:17:00.573","01598 12:29:45",246.42,829.19,,,,"     ",5.10,2015.86,0.89
1598,539357110,"01598M13:17:01.547","01598 12:29:46",246.51,829.06,,,,"     ",5.10,1995.85,0.88
1598,539357111,"01598M13:17:02.520","01598 12:29:47",246.58,829.10,,,,"     ",5.10,2023.89,0.89
1598,539357112,"01598M13:17:03.493","01598 12:29:48",246.63,829.10,,,,"     ",5.10,1979.15,0.87
1598,539357113,"01598M13:17:04.466","01598 12:29:49",246.65,829.13,,,,"     ",5.10,2002.42,0.88
1598,539357114,"01598M13:17:05.440","01598 12:29:50",246.64,829.13,,,,"     ",5.10,1988.62,0.88
1598,539357115,"01598M13:17:06.413","01598 12:29:51",246.62,829.21,,,,"     ",5.10,1992.10,0.88
1598,539357116,"01598M13:17:07.386","01598 12:29:52",246.58,829.12,,,,"     ",5.10,2043.94,0.90
1598,539357117,"01598M13:17:08.359","01598 12:29:53",246.54,829.15,,,,"     ",5.10,2032.59,0.90
1598,539357118,"01598M13:17:09.333","01598 12:29:53",246.50,829.10,,,,"     ",5.10,2004.13,0.88
1598,539357119,"01598M13:17:10.306","01598 12:29:54",246.46,829.07,,,,"     ",5.10,2006.61,0.88
1598,539357120,"01598M13:17:11.279","01598 12:29:55",246.44,829.15,,,,"     ",5.10,2018.49,0.89
1598,539357121,"01598M13:17:12.252","01598 12:29:56",246.42,829.12,,,,"     ",5.10,2036.34,0.90
1598,539357122,"01598M13:17:13.226","01598 12:29:57",246.42,829.14,,,,"     ",5.10,2039.47,0.90
1598,539357123,"01598M13:17:14.199","01598 12:29:58",246.44,829.20,,,,"     ",5.10,1992.29,0.88
1598,539357124,"01598M13:17:15.172","01598 12:29:59",246.49,829.17,,,,"     ",5.10,2030.82,0.89
1598,539357125,"01598M13:17:16.145","01598 12:30:00",246.58,829.14,,,,"     ",5.10,2020.27,0.89
1598,539357126,"01598M13:17:17.119","01598 12:30:01",246.71,829.17,,,,"     ",5.10,2015.07,0.89
1598,539357127,"01598M13:17:18.092","01598 12:30:02",246.87,829.14,,,,"     ",5.10,1984.20,0.87
1598,539357128,"01598M13:17:19.065","01598 12:30:03",247.07,829.13,,,,"     ",5.10,1997.56,0.88
1598,539357129,"01598M13:17:20.038","01598 12:30:04",247.29,829.06,,,,"     ",5.10,2029.16,0.89
1598,539357130,"01598M13:17:21.012","01598 12:30:05",247.52,829.19,,,,"     ",5.10,1996.72,0.88
1598,539357131,"01598M13:17:21.985","01598 12:30:06",247.74,829.05,,,,"     ",5.10,2022.14,0.89
1598,539357132,"01598M13:17:22.958","01598 12:30:07",247.96,829.05,,,,"     ",5.10,2025.53,0.89
1598,539357133,"01598M13:17:23.931","01598 12:30:08",248.16,829.08,,,,"     ",5.10,2038.54,0.89
1598,539357134,"01598M13:17:24.905","01598 12:30:09",248.35,829.08,,,,"     ",5.10,2039.32,0.89
1598,539357135,"01598M13:17:25.878","01598 12:30:10",248.50,829.09,,,,"     ",5.10,2044.44,0.90
1598,539357136,"01598M13:17:26.851","01598 12:30:11",248.63,829.08,,,,"     ",5.10,2033.62,0.89
1598,539357137,"01598M13:17:27.824","01598 12:30:12",248.71,829.04,,,,"     ",5.10,2029.66,0.89
1598,539357138,"01598M13:17:28.798","01598 12:30:13",248.74,829.07,,,,"     ",5.10,2048.72,0.90
1598,539357139,"01598M13:17:29.771","01598 12:30:14",248.72,829.03,,,,"     ",5.10,2024.74,0.89
1598,539357140,"01598M13:17:30.744","01598 12:30:15",248.65,829.02,,,,"     ",5.10,2021.95,0.88
1598,539357141,"01598M13:17:31.718","01598 12:30:16",248.56,829.01,,,,"     ",5.10,2023.81,0.89
1598,539357142,"01598M13:17:32.691","01598 12:30:17",248.43,829.06,,,,"     ",5.10,2066.55,0.90
1598,539357143,"01598M13:17:33.664","01598 12:30:18",248.28,829.03,,,,"     ",5.10,2060.33,0.90
1598,539357144,"01598M13:17:34.637","01598 12:30:19",248.11,828.92,,,,"     ",5.10,2033.97,0.89
1598,539357145,"01598M13:17:35.611","01598 12:30:20",247.94,828.97,,,,"     ",5.10,2036.19,0.89
1598,539357146,"01598M13:17:36.584","01598 12:30:21",247.75,828.99,,,,"     ",5.10,2045.38,0.89
1598,539357147,"01598M13:17:37.557","01598 12:30:22",247.57,828.98,,,,"     ",5.10,2018.25,0.88
1598,539357148,"01598M13:17:38.530","01598 12:30:23",247.38,828.95,,,,"     ",5.10,1987.05,0.87
1598,539357149,"01598M13:17:39.504","01598 12:30:24",247.21,829.01,,,,"     ",5.10,2058.70,0.90
1598,539357150,"01598M13:17:40.477","01598 12:30:25",247.04,828.99,,,,"     ",5.10,2028.66,0.88
1598,539357151,"01598M13:17:41.450","01598 12:30:26",246.90,829.00,,,,"     ",5.10,2043.65,0.89
1598,539357152,"01598M13:17:42.423","01598 12:30:27",246.79,828.90,,,,"     ",5.10,2029.86,0.88
1598,539357153,"01598M13:17:43.397","01598 12:30:28",246.71,828.99,,,,"     ",5.10,2060.74,0.90
1598,539357154,"01598M13:17:44.370","01598 12:30:29",246.65,828.99,,,,"     ",5.10,2042.42,0.89
1598,539357155,"01598M13:17:45.343","01598 12:30:29",246.64,829.02,,,,"     ",5.10,2045.08,0.89
1598,539357156,"01598M13:17:46.316","01598 12:30:30",246.65,829.00,,,,"     ",5.10,1999.57,0.87
1598,539357157,"01598M13:17:47.290","01598 12:30:31",246.69,828.95,,,,"     ",5.10,2021.07,0.88
1598,539357158,"01598M13:17:48.263","01598 12:30:32",246.75,829.00,,,,"     ",5.10,2039.88,0.89
1598,539357159,"01598M13:17:49.236","01598 12:30:33",246.83,829.00,,,,"     ",5.10,2020.65,0.88
1598,539357160,"01598M13:17:50.209","01598 12:30:34",246.94,828.91,,,,"     ",5.10,2016.76,0.88
1598,539357161,"01598M13:17:51.183","01598 12:30:35",247.06,828.99,,,,"     ",5.10,2043.83,0.89
1598,539357162,"01598M13:17:52.156","01598 12:30:36",247.19,828.97,,,,"     ",5.10,2032.25,0.88
1598,539357163,"01598M13:17:53.129","01598 12:30:37",247.32,829.02,,,,"     ",5.10,2049.22,0.89
1598,539357164,"01598M13:17:54.102","01598 12:30:38",247.44,828.92,,,,"     ",5.10,2035.59,0.88
1598,539357165,"01598M13:17:55.076","01598 12:30:39",247.54,828.90,,,,"     ",5.10,2032.62,0.88
1598,539357166,"01598M13:17:56.049","01598 12:30:40",247.63,828.97,,,,"     ",5.10,2042.15,0.89
1598,539357167,"01598M13:17:57.022","01598 12:30:41",247.69,828.95,,,,"     ",5.10,2051.78,0.89
1598,539357168,"01598M13:17:57.995","01598 12:30:42",247.73,828.95,,,,"     ",5.10,2021.23,0.88
1598,539357169,"01598M13:17:58.969","01598 12:30:43",247.75,828.93,,,,"     ",5.10,2045.68,0.89
1598,539357170,"01598M13:17:59.942","01598 12:30:44",247.74,828.98,,,,"     ",5.10,2045.94,0.89
1598,539357171,"01598M13:18:00.915","01598 12:30:45",247.71,828.94,,,,"     ",5.10,2093.46,0.91
1598,539357172,"01598M13:18:01.888","01598 12:30:46",247.65,829.04,,,,"     ",5.10,2031.68,0.88
1598,539357173,"01598M13:18:02.862","01598 12:30:47",247.58,828.97,,,,"     ",5.10,2048.24,0.89
1598,539357174,"01598M13:18:03.835","01598 12:30:48",247.50,829.02,,,,"     ",5.10,2022.43,0.88
1598,539357175,"01598M13:18:04.808","01598 12:30:49",247.40,829.05,,,,"     ",5.10,2035.99,0.88
1598,539357176,"01598M13:18:05.781","01598 12:30:50",247.29,828.97,,,,"     ",5.10,2052.96,0.89
1598,539357177,"01598M13:18:06.755","01598 12:30:51",247.18,828.93,,,,"     ",5.10,2000.96,0.86
1598,539357178,"01598M13:18:07.728","01598 12:30:52",247.05,828.96,,,,"     ",5.10,2070.25,0.90
1598,539357179,"01598M13:18:08.701","01598 12:30:53",246.94,828.97,,,,"     ",5.10,2046.98,0.88
1598,539357180,"01598M13:18:09.674","01598 12:30:54",246.82,828.84,,,,"     ",5.10,2021.00,0.87
1598,539357181,"01598M13:18:10.648","01598 12:30:55",246.72,828.93,,,,"     ",5.10,2038.84,0.88
1598,539357182,"01598M13:18:11.621","01598 12:30:56",246.65,828.86,,,,"     ",5.10,2037.73,0.88
1598,539357183,"01598M13:18:12.594","01598 12:30:57",246.60,828.84,,,,"     ",5.10,2026.50,0.88
1598,539357184,"01598M13:18:13.567","01598 12:30:58",246.59,828.85,,,,"     ",5.10,2058.26,0.89
1598,539357185,"01598M13:18:14.541","01598 12:30:59",246.60,828.95,,,,"     ",5.10,2063.91,0.89
1598,539357186,"01598M13:18:15.514","01598 12:31:00",246.65,828.99,,,,"     ",5.10,2031.04,0.88
1598,539357187,"01598M13:18:16.487","01598 12:31:01",246.72,829.11,,,,"     ",5.10,2043.41,0.88
1598,539357188,"01598M13:18:17.460","01598 12:31:02",246.81,829.00,,,,"     ",5.10,2061.72,0.89
1598,539357189,"01598M13:18:18.434","01598 12:31:03",246.89,829.03,,,,"     ",5.10,2037.31,0.88
1598,539357190,"01598M13:18:19.407","01598 12:31:04",246.98,829.01,,,,"     ",5.10,2029.11,0.88
1598,539357191,"01598M13:18:20.380","01598 12:31:05",247.06,829.00,,,,"     ",5.10,2015.51,0.87
1598,539357192,"01598M13:18:21.353","01598 12:31:05",247.11,829.03,,,,"     ",5.10,2051.43,0.89
1598,539357193,"01598M13:18:22.327","01598 12:31:06",247.14,829.08,,,,"     ",5.10,2052.68,0.89
1598,539357194,"01598M13:18:23.300","01598 12:31:07",247.14,829.01,,,,"     ",5.10,2031.78,0.88
1598,539357195,"01598M13:18:24.273","01598 12:31:08",247.11,829.01,,,,"     ",5.10,2029.71,0.88
1598,539357196,"01598M13:18:25.246","01598 12:31:09",247.05,829.01,,,,"     ",5.10,2040.41,0.88
1598,539357197,"01598M13:18:26.220","01598 12:31:10",246.97,829.01,,,,"     ",5.10,2045.60,0.88
1598,539357198,"01598M13:18:27.193","01598 12:31:11",246.89,828.96,,,,"     ",5.10,2074.00,0.90
1598,539357199,"01598M13:18:28.166","01598 12:31:12",246.83,828.97,,,,"     ",5.10,2038.93,0.88
1598,539357200,"01598M13:18:29.139","01598 12:31:13",246.78,828.85,,,,"     ",5.10,2036.38,0.88
1598,539357201,"01598M13:18:30.113","01598 12:31:14",246.76,828.80,,,,"     ",5.10,2033.85,0.88
1598,539357202,"01598M13:18:31.086","01598 12:31:15",246.77,828.85,,,,"     ",5.10,2034.73,0.88
1598,539357203,"01598M13:18:32.059","01598 12:31:16",246.79,828.90,,,,"     ",5.10,2035.09,0.88
1598,539357204,"01598M13:18:33.032","01598 12:31:17",246.81,828.90,,,,"     ",5.10,2030.67,0.88
1598,539357205,"01598M13:18:34.006","01598 12:31:18",246.83,828.96,,,,"     ",5.10,2032.68,0.88
1598,539357206,"01598M13:18:34.979","01598 12:31:19",246.85,828.91,,,,"     ",5.10,2031.03,0.88
1598,539357207,"01598M13:18:35.952","01598 12:31:20",246.87,828.98,,,,"     ",5.10,2023.10,0.87
1598,539357208,"01598M13:18:36.925","01598 12:31:21",246.87,828.90,,,,"     ",5.10,2026.92,0.87
1598,539357209,"01598M13:18:37.899","01598 12:31:22",246.86,828.92,,,,"     ",5.10,2076.33,0.90
1598,539357210,"01598M13:18:38.872","01598 12:31:23",246.84,828.89,,,,"     ",5.10,2057.34,0.89
1598,539357211,"01598M13:18:39.845","01598 12:31:24",246.79,828.83,,,,"     ",5.10,2027.78,0.87
1598,539357212,"01598M13:18:40.819","01598 12:31:25",246.73,828.87,,,,"     ",5.10,2024.55,0.87
1598,539357213,"01598M13:18:41.792","01598 12:31:26",246.65,828.81,,,,"     ",5.10,2028.62,0.87
1598,539357214,"01598M13:18:42.765","01598 12:31:27",246.56,828.87,,,,"     ",5.10,2029.16,0.87
1598,539357215,"01598M13:18:43.738","01598 12:31:28",246.46,828.80,,,,"     ",5.10,2037.79,0.88
1598,539357216,"01598M13:18:44.712","01598 12:31:29",246.36,828.76,,,,"     ",5.10,2016.69,0.87
1598,539357217,"01598M13:18:45.685","01598 12:31:30",246.28,828.72,,,,"     ",5.10,2065.09,0.89
1598,539357218,"01598M13:18:46.658","01598 12:31:31",246.21,828.76,,,,"     ",5.10,2014.53,0.87
1598,539357219,"01598M13:18:47.631","01598 12:31:32",246.14,828.74,,,,"     ",5.10,2034.69,0.87
1598,539357220,"01598M13:18:48.605","01598 12:31:33",246.10,828.80,,,,"     ",5.10,2069.85,0.89
1598,539357221,"01598M13:18:49.578","01598 12:31:34",246.05,828.74,,,,"     ",5.10,2039.31,0.88
1598,539357222,"01598M13:18:50.551","01598 12:31:35",246.00,828.66,,,,"     ",5.10,2059.45,0.88
1598,539357223,"01598M13:18:51.524","01598 12:31:36",245.96,828.77,,,,"     ",5.10,2052.19,0.88
1598,539357224,"01598M13:18:52.498","01598 12:31:37",245.91,828.70,,,,"     ",5.10,2049.09,0.88
1598,539357225,"01598M13:18:53.471","01598 12:31:38",245.87,828.76,,,,"     ",5.10,2040.27,0.88
1598,539357226,"01598M13:18:54.444","01598 12:31:39",245.84,828.79,,,,"     ",5.10,2018.45,0.87
1598,539357227,"01598M13:18:55.417","01598 12:31:40",245.81,828.81,,,,"     ",5.10,2010.99,0.86
1598,539357228,"01598M13:18:56.391","01598 12:31:41",245.78,828.71,,,,"     ",5.10,2043.25,0.88
1598,539357229,"01598M13:18:57.364","01598 12:31:41",245.76,828.82,,,,"     ",5.10,2062.26,0.88
1598,539357230,"01598M13:18:58.337","01598 12:31:42",245.73,828.79,,,,"     ",5.10,2074.81,0.89
1598,539357231,"01598M13:18:59.310","01598 12:31:43",245.70,828.71,,,,"     ",5.10,2055.93,0.88
1598,539357232,"01598M13:19:00.284","01598 12:31:44",245.66,828.66,,,,"     ",5.10,2053.08,0.88
1598,539357233,"01598M13:19:01.257","01598 12:31:45",245.61,828.64,,,,"     ",5.10,2022.62,0.86
1598,539357234,"01598M13:19:02.230","01598 12:31:46",245.55,828.75,,,,"     ",5.10,2054.94,0.88
1598,539357235,"01598M13:19:03.203","01598 12:31:47",245.48,828.72,,,,"     ",5.10,2025.09,0.87
1598,539357236,"01598M13:19:04.177","01598 12:31:48",245.42,828.62,,,,"     ",5.10,2047.92,0.88
1598,539357237,"01598M13:19:05.150","01598 12:31:49",245.37,828.70,,,,"     ",5.10,2060.11,0.88
1598,539357238,"01598M13:19:06.123","01598 12:31:50",245.35,828.66,,,,"     ",5.10,2035.65,0.87
1598,539357239,"01598M13:19:07.096","01598 12:31:51",245.35,828.64,,,,"     ",5.10,2057.10,0.88
1598,539357240,"01598M13:19:08.070","01598 12:31:52",245.36,828.56,,,,"     ",5.10,2060.18,0.88
1598,539357241,"01598M13:19:09.043","01598 12:31:53",245.38,828.50,,,,"     ",5.10,2026.89,0.87
1598,539357242,"01598M13:19:10.016","01598 12:31:54",245.41,828.46,,,,"     ",5.10,2056.78,0.88
1598,539357243,"01598M13:19:10.989","01598 12:31:55",245.43,828.58,,,,"     ",5.10,2059.34,0.88
1598,539357244,"01598M13:19:11.963","01598 12:31:56",245.45,828.67,,,,"     ",5.10,2075.19,0.89
1598,539357245,"01598M13:19:12.936","01598 12:31:57",245.48,828.82,,,,"     ",5.10,2049.13,0.87
1598,539357246,"01598M13:19:13.909","01598 12:31:58",245.51,828.71,,,,"     ",5.10,2069.76,0.88
1598,539357247,"01598M13:19:14.882","01598 12:31:59",245.56,828.72,,,,"     ",5.10,2034.28,0.87
1598,539357248,"01598M13:19:15.856","01598 12:32:00",245.61,828.69,,,,"     ",5.10,2048.45,0.87
1598,539357249,"01598M13:19:16.829","01598 12:32:01",245.66,828.61,,,,"     ",5.10,2063.25,0.88
1598,539357250,"01598M13:19:17.802","01598 12:32:02",245.71,828.60,,,,"     ",5.10,2045.39,0.87
1598,539357251,"01598M13:19:18.775","01598 12:32:03",245.75,828.53,,,,"     ",5.10,2048.95,0.87
1598,539357252,"01598M13:19:19.749","01598 12:32:04",245.78,828.53,,,,"     ",5.10,2059.78,0.88
1598,539357253,"01598M13:19:20.722","01598 12:32:05",245.82,828.64,,,,"     ",5.10,2064.89,0.88
1598,539357254,"01598M13:19:21.695","01598 12:32:06",245.85,828.61,,,,"     ",5.10,2019.99,0.86
1598,539357255,"01598M13:19:22.668","01598 12:32:07",245.88,828.60,,,,"     ",5.10,2081.50,0.89
1598,539357256,"01598M13:19:23.642","01598 12:32:08",245.92,828.57,,,,"     ",5.10,2085.58,0.89
1598,539357257,"01598M13:19:24.615","01598 12:32:09",245.95,828.64,,,,"     ",5.10,2058.43,0.88
1598,539357258,"01598M13:19:25.588","01598 12:32:10",245.98,828.63,,,,"     ",5.10,2050.09,0.87
1598,539357259,"01598M13:19:26.561","01598 12:32:11",245.98,828.61,,,,"     ",5.10,2024.54,0.86
1598,539357260,"01598M13:19:27.535","01598 12:32:12",245.95,828.63,,,,"     ",5.10,2053.17,0.87
1598,539357261,"01598M13:19:28.508","01598 12:32:13",245.90,828.59,,,,"     ",5.10,2070.32,0.88
1598,539357262,"01598M13:19:29.481","01598 12:32:14",245.83,828.51,,,,"     ",5.10,2104.13,0.89
1598,539357263,"01598M13:19:30.454","01598 12:32:15",245.74,828.56,,,,"     ",5.10,2084.97,0.88
1598,539357264,"01598M13:19:31.428","01598 12:32:16",245.66,828.56,,,,"     ",5.10,2074.21,0.88
1598,539357265,"01598M13:19:32.401","01598 12:32:17",245.58,828.60,,,,"     ",5.10,2068.92,0.88
1598,539357266,"01598M13:19:33.374","01598 12:32:18",245.51,828.67,,,,"     ",5.10,2056.57,0.87
1598,539357267,"01598M13:19:34.347","01598 12:32:18",245.45,828.66,,,,"     ",5.10,2075.58,0.88
1598,539357268,"01598M13:19:35.321","01598 12:32:19",245.40,828.64,,,,"     ",5.10,2062.64,0.87
1598,539357269,"01598M13:19:36.294","01598 12:32:20",245.36,828.67,,,,"     ",5.10,2095.76,0.89
1598,539357270,"01598M13:19:37.267","01598 12:32:21",245.34,828.66,,,,"     ",5.10,2080.72,0.88
1598,539357271,"01598M13:19:38.240","01598 12:32:22",245.33,828.58,,,,"     ",5.10,2076.30,0.88
1598,539357272,"01598M13:19:39.214","01598 12:32:23",245.34,828.70,,,,"     ",5.10,2034.55,0.86
1598,539357273,"01598M13:19:40.187","01598 12:32:24",245.37,828.61,,,,"     ",5.10,2053.81,0.87
1598,539357274,"01598M13:19:41.160","01598 12:32:25",245.41,828.56,,,,"     ",5.10,2079.98,0.88
1598,539357275,"01598M13:19:42.133","01598 12:32:26",245.46,828.66,,,,"     ",5.10,2058.29,0.87
1598,539357276,"01598M13:19:43.107","01598 12:32:27",245.51,828.54,,,,"     ",5.10,2027.57,0.85
1598,539357277,"01598M13:19:44.080","01598 12:32:28",245.57,828.47,,,,"     ",5.10,2055.64,0.87
1598,539357278,"01598M13:19:45.053","01598 12:32:29",245.62,828.47,,,,"     ",5.10,2081.93,0.88
1598,539357279,"01598M13:19:46.026","01598 12:32:30",245.67,828.43,,,,"     ",5.10,2062.16,0.87
1598,539357280,"01598M13:19:47.000","01598 12:32:31",245.71,828.51,,,,"     ",5.10,2071.60,0.87
1598,539357281,"01598M13:19:47.973","01598 12:32:32",245.74,828.58,,,,"     ",5.10,2099.67,0.88
1598,539357282,"01598M13:19:48.946","01598 12:32:33",245.76,828.55,,,,"     ",5.10,2070.72,0.87
1598,539357283,"01598M13:19:49.920","01598 12:32:34",245.78,828.47,,,,"     ",5.10,2090.94,0.88
1598,539357284,"01598M13:19:50.893","01598 12:32:35",245.80,828.53,,,,"     ",5.10,2046.11,0.86
1598,539357285,"01598M13:19:51.866","01598 12:32:36",245.81,828.55,,,,"     ",5.10,2065.07,0.87
1598,539357286,"01598M13:19:52.839","01598 12:32:37",245.84,828.57,,,,"     ",5.10,2105.98,0.88
1598,539357287,"01598M13:19:53.813","01598 12:32:38",245.86,828.58,,,,"     ",5.10,2078.10,0.87
1598,539357288,"01598M13:19:54.786","01598 12:32:39",245.88,828.51,,,,"     ",5.10,2076.65,0.87
1598,539357289,"01598M13:19:55.759","01598 12:32:40",245.89,828.50,,,,"     ",5.10,2084.26,0.87
1598,539357290,"01598M13:19:56.732","01598 12:32:41",245.90,828.46,,,,"     ",5.10,2065.38,0.87
1598,539357291,"01598M13:19:57.706","01598 12:32:42",245.89,828.49,,,,"     ",5.10,2079.85,0.87
1598,539357292,"01598M13:19:58.679","01598 12:32:43",245.86,828.52,,,,"     ",5.10,2075.84,0.87
1598,539357293,"01598M13:19:59.652","01598 12:32:44",245.83,828.42,,,,"     ",5.10,2066.19,0.86
1598,539357294,"01598M13:20:00.625","01598 12:32:45",245.81,828.33,,,,"     ",5.10,2076.02,0.87
1598,539357295,"01598M13:20:01.599","01598 12:32:46",245.79,828.31,,,,"     ",5.10,2063.84,0.86
1598,539357296,"01598M13:20:02.572","01598 12:32:47",245.79,828.35,,,,"     ",5.10,2061.72,0.86
1598,539357297,"01598M13:20:03.545","01598 12:32:48",245.80,828.37,,,,"     ",5.10,2098.03,0.88
1598,539357298,"01598M13:20:04.518","01598 12:32:49",245.82,828.46,,,,"     ",5.10,2106.60,0.88
1598,539357299,"01598M13:20:05.492","01598 12:32:50",245.86,828.37,,,,"     ",5.10,2093.39,0.87
1598,539357300,"01598M13:20:06.465","01598 12:32:51",245.92,828.45,,,,"     ",5.10,2058.09,0.86
1598,539357301,"01598M13:20:07.438","01598 12:32:52",245.98,828.35,,,,"     ",5.10,2069.18,0.86
1598,539357302,"01598M13:20:08.411","01598 12:32:53",246.05,828.30,,,,"     ",5.10,2096.33,0.87
1598,539357303,"01598M13:20:09.385","01598 12:32:54",246.12,828.30,,,,"     ",5.10,2089.36,0.87
1598,539357304,"01598M13:20:10.358","01598 12:32:54",246.18,828.29,,,,"     ",5.10,2085.13,0.87
1598,539357305,"01598M13:20:11.331","01598 12:32:55",246.21,828.40,,,,"     ",5.10,2121.52,0.88
1598,539357306,"01598M13:20:12.304","01598 12:32:56",246.22,828.37,,,,"     ",5.10,2081.79,0.87
1598,539357307,"01598M13:20:13.278","01598 12:32:57",246.18,828.34,,,,"     ",5.10,2083.19,0.87
1598,539357308,"01598M13:20:14.251","01598 12:32:58",246.10,828.23,,,,"     ",5.10,2091.89,0.87
1598,539357309,"01598M13:20:15.224","01598 12:32:59",246.00,828.27,,,,"     ",5.10,2103.14,0.88
1598,539357310,"01598M13:20:16.197","01598 12:33:00",245.89,828.26,,,,"     ",5.10,2083.78,0.87
1598,539357311,"01598M13:20:17.171","01598 12:33:01",245.79,828.19,,,,"     ",5.10,2074.32,0.86
1598,539357312,"01598M13:20:18.144","01598 12:33:02",245.71,828.13,,,,"     ",5.10,2107.76,0.88
1598,539357313,"01598M13:20:19.117","01598 12:33:03",245.67,828.17,,,,"     ",5.10,2122.71,0.88
1598,539357314,"01598M13:20:20.090","01598 12:33:04",245.67,828.19,,,,"     ",5.10,2081.11,0.86
1598,539357315,"01598M13:20:21.064","01598 12:33:05",245.74,828.19,,,,"     ",5.10,2106.30,0.88
1598,539357316,"01598M13:20:22.037","01598 12:33:06",245.84,828.26,,,,"     ",5.10,2075.96,0.86
1598,539357317,"01598M13:20:23.010","01598 12:33:07",245.98,828.15,,,,"     ",5.10,2082.35,0.86
1598,539357318,"01598M13:20:23.983","01598 12:33:08",246.13,828.22,,,,"     ",5.10,2072.52,0.86
1598,539357319,"01598M13:20:24.957","01598 12:33:09",246.27,828.22,,,,"     ",5.10,2093.24,0.87
1598,539357320,"01598M13:20:25.930","01598 12:33:10",246.39,828.21,,,,"     ",5.10,2097.14,0.87
1598,539357321,"01598M13:20:26.903","01598 12:33:11",246.47,828.18,,,,"     ",5.10,2093.67,0.87
1598,539357322,"01598M13:20:27.876","01598 12:33:12",246.52,828.19,,,,"     ",5.10,2076.65,0.86
1598,539357323,"01598M13:20:28.850","01598 12:33:13",246.53,828.23,,,,"     ",5.10,2081.23,0.86
1598,539357324,"01598M13:20:29.823","01598 12:33:14",246.49,828.16,,,,"     ",5.10,2084.24,0.86
1598,539357325,"01598M13:20:30.796","01598 12:33:15",246.43,828.13,,,,"     ",5.10,2101.22,0.87
1598,539357326,"01598M13:20:31.769","01598 12:33:16",246.32,828.09,,,,"     ",5.10,2079.32,0.86
1598,539357327,"01598M13:20:32.743","01598 12:33:17",246.19,828.13,,,,"     ",5.10,2097.27,0.87
1598,539357328,"01598M13:20:33.716","01598 12:33:18",246.04,828.27,,,,"     ",5.10,2057.18,0.85
1598,539357329,"01598M13:20:34.689","01598 12:33:19",245.90,828.31,,,,"     ",5.10,2094.26,0.87
1598,539357330,"01598M13:20:35.662","01598 12:33:20",245.78,828.23,,,,"     ",5.10,2104.36,0.87
1598,539357331,"01598M13:20:36.636","01598 12:33:21",245.69,828.25,,,,"     ",5.10,2092.78,0.87
1598,539357332,"01598M13:20:37.609","01598 12:33:22",245.65,828.24,,,,"     ",5.10,2079.57,0.86
1598,539357333,"01598M13:20:38.582","01598 12:33:23",245.66,828.22,,,,"     ",5.10,2091.34,0.87
1598,539357334,"01598M13:20:39.555","01598 12:33:24",245.66,828.26,,,,"     ",5.10,2080.83,0.86
1598,539357335,"01598M13:20:40.529","01598 12:33:25",245.65,828.19,,,,"     ",5.10,2135.44,0.88
1598,539357336,"01598M13:20:41.502","01598 12:33:26",245.63,828.12,,,,"     ",5.10,2071.92,0.86
1598,539357337,"01598M13:20:42.475","01598 12:33:27",245.62,828.21,,,,"     ",5.10,2071.28,0.86
1598,539357338,"01598M13:20:43.448","01598 12:33:28",245.60,828.20,,,,"     ",5.10,2084.55,0.86
1598,539357339,"01598M13:20:44.422","01598 12:33:29",245.58,828.16,,,,"     ",5.10,2077.51,0.86
1598,539357340,"01598M13:20:45.395","01598 12:33:30",245.57,828.14,,,,"     ",5.10,2102.44,0.87
1598,539357341,"01598M13:20:46.368","01598 12:33:30",245.56,828.07,,,,"     ",5.10,2121.45,0.88
1598,539357342,"01598M13:20:47.341","01598 12:33:31",245.55,827.98,,,,"     ",5.10,2135.64,0.88
1598,539357343,"01598M13:20:48.315","01598 12:33:32",245.54,828.05,,,,"     ",5.10,2058.86,0.85
1598,539357344,"01598M13:20:49.288","01598 12:33:33",245.52,828.18,,,,"     ",5.10,2132.68,0.88
1598,539357345,"01598M13:20:50.261","01598 12:33:34",245.51,828.24,,,,"     ",5.10,2088.32,0.87
1598,539357346,"01598M13:20:51.234","01598 12:33:35",245.49,828.15,,,,"     ",5.10,2110.34,0.87
1598,539357347,"01598M13:20:52.208","01598 12:33:36",246.18,828.21,,,,"     ",5.10,2093.80,0.87
1598,539357348,"01598M13:20:53.181","01598 12:33:37",246.12,828.17,,,,"     ",5.10,2115.76,0.88
1598,539357349,"01598M13:20:54.154","01598 12:33:38",246.06,828.20,,,,"     ",5.10,2091.67,0.87
1598,539357350,"01598M13:20:55.127","01598 12:33:39",246.01,828.21,,,,"     ",5.10,2107.32,0.87
1598,539357351,"01598M13:20:56.101","01598 12:33:40",245.95,828.14,,,,"     ",5.10,2088.69,0.87
1598,539357352,"01598M13:20:57.074","01598 12:33:41",245.90,828.20,,,,"     ",5.10,2116.89,0.88
1598,539357353,"01598M13:20:58.047","01598 12:33:42",245.84,828.15,,,,"     ",5.10,2097.31,0.87
1598,539357354,"01598M13:20:59.020","01598 12:33:43",245.79,828.12,,,,"     ",5.10,2122.88,0.88
1598,539357355,"01598M13:20:59.994","01598 12:33:44",245.74,828.13,,,,"     ",5.10,2106.89,0.87
1598,539357356,"01598M13:21:00.967","01598 12:33:45",245.69,828.13,,,,"     ",5.10,2087.47,0.87
1598,539357357,"01598M13:21:01.940","01598 12:33:46",245.63,828.20,,,,"     ",5.10,2090.14,0.87
1598,539357358,"01598M13:21:02.914","01598 12:33:47",245.58,828.19,,,,"     ",5.10,2085.40,0.87
1598,539357359,"01598M13:21:03.887","01598 12:33:48",245.53,828.21,,,,"     ",5.10,2099.58,0.87
1598,539357360,"01598M13:21:04.860","01598 12:33:49",245.48,828.16,,,,"     ",5.10,2032.80,0.84
1598,539357361,"01598M13:21:05.833","01598 12:33:50",245.45,828.21,,,,"     ",5.10,2062.86,0.86
1598,539357362,"01598M13:21:06.807","01598 12:33:51",245.43,828.15,,,,"     ",5.10,2070.13,0.86
1598,539357363,"01598M13:21:07.780","01598 12:33:52",245.43,828.19,,,,"     ",5.10,2114.07,0.88
1598,539357364,"01598M13:21:08.753","01598 12:33:53",245.42,828.18,,,,"     ",5.10,2080.44,0.86
1598,539357365,"01598M13:21:09.726","01598 12:33:54",245.40,828.30,,,,"     ",5.10,2074.64,0.86
1598,539357366,"01598M13:21:10.700","01598 12:33:55",245.37,828.35,,,,"     ",5.10,2068.63,0.86
1598,539357367,"01598M13:21:11.673","01598 12:33:56",245.32,828.32,,,,"     ",5.10,2075.72,0.86
1598,539357368,"01598M13:21:12.646","01598 12:33:57",245.26,828.26,,,,"     ",5.10,2093.05,0.87
1598,539357369,"01598M13:21:13.619","01598 12:33:58",245.20,828.15,,,,"     ",5.10,2112.93,0.88
1598,539357370,"01598M13:21:14.593","01598 12:33:59",245.13,828.17,,,,"     ",5.10,2098.35,0.87
1598,539357371,"01598M13:21:15.566","01598 12:34:00",245.06,828.18,,,,"     ",5.10,2092.73,0.87
1598,539357372,"01598M13:21:16.539","01598 12:34:01",245.00,828.15,,,,"     ",5.10,2086.62,0.87
1598,539357373,"01598M13:21:17.512","01598 12:34:02",244.95,828.18,,,,"     ",5.10,2075.25,0.86
1598,539357374,"01598M13:21:18.486","01598 12:34:03",244.89,828.24,,,,"     ",5.10,2087.80,0.87
1598,539357375,"01598M13:21:19.459","01598 12:34:04",244.85,828.19,,,,"     ",5.10,2117.90,0.88
1598,539357376,"01598M13:21:20.432","01598 12:34:05",244.82,828.15,,,,"     ",5.10,2091.28,0.87
1598,539357377,"01598M13:21:21.405","01598 12:34:06",244.79,828.18,,,,"     ",5.10,2084.50,0.87
1598,539357378,"01598M13:21:22.379","01598 12:34:06",244.79,828.20,,,,"     ",5.10,2062.31,0.86
1598,539357379,"01598M13:21:23.352","01598 12:34:07",244.79,828.22,,,,"     ",5.10,2116.41,0.88
1598,539357380,"01598M13:21:24.325","01598 12:34:08",244.81,828.20,,,,"     ",5.10,2076.13,0.86
1598,539357381,"01598M13:21:25.298","01598 12:34:09",244.82,828.10,,,,"     ",5.10,2080.24,0.86
1598,539357382,"01598M13:21:26.272","01598 12:34:10",244.83,828.19,,,,"     ",5.10,2070.57,0.86
1598,539357383,"01598M13:21:27.245","01598 12:34:11",244.83,828.19,,,,"     ",5.10,2062.96,0.86
1598,539357384,"01598M13:21:28.218","01598 12:34:12",244.80,828.25,,,,"     ",5.10,2090.10,0.87
1598,539357385,"01598M13:21:29.191","01598 12:34:13",244.76,828.25,,,,"     ",5.10,2101.37,0.87
1598,539357386,"01598M13:21:30.165","01598 12:34:14",244.72,828.24,,,,"     ",5.10,2081.50,0.87
1598,539357387,"01598M13:21:31.138","01598 12:34:15",244.67,828.26,,,,"     ",5.10,2083.28,0.87
1598,539357388,"01598M13:21:32.111","01598 12:34:16",244.64,828.26,,,,"     ",5.10,2090.39,0.87
1598,539357389,"01598M13:21:33.084","01598 12:34:17",244.62,828.25,,,,"     ",5.10,2082.09,0.87
1598,539357390,"01598M13:21:34.058","01598 12:34:18",244.62,828.23,,,,"     ",5.10,2048.94,0.85
1598,539357391,"01598M13:21:35.031","01598 12:34:19",244.62,828.16,,,,"     ",5.10,2084.96,0.87
1598,539357392,"01598M13:21:36.004","01598 12:34:20",244.64,828.17,,,,"     ",5.10,2066.56,0.86
1598,539357393,"01598M13:21:36.977","01598 12:34:21",244.68,828.16,,,,"     ",5.10,2065.06,0.86
1598,539357394,"01598M13:21:37.951","01598 12:34:22",244.72,828.19,,,,"     ",5.10,2094.73,0.87
1598,539357395,"01598M13:21:38.924","01598 12:34:23",244.76,828.19,,,,"     ",5.10,2085.28,0.87
1598,539357396,"01598M13:21:39.897","01598 12:34:24",244.81,828.16,,,,"     ",5.10,2092.15,0.87
1598,539357397,"01598M13:21:40.870","01598 12:34:25",244.86,828.13,,,,"     ",5.10,2080.48,0.87
1598,539357398,"01598M13:21:41.844","01598 12:34:26",244.89,828.14,,,,"     ",5.10,2088.66,0.87
1598,539357399,"01598M13:21:42.817","01598 12:34:27",244.91,828.11,,,,"     ",5.10,2062.17,0.86
1598,539357400,"01598M13:21:43.790","01598 12:34:28",244.91,828.08,,,,"     ",5.10,2068.72,0.86
1598,539357401,"01598M13:21:44.763","01598 12:34:29",244.89,828.09,,,,"     ",5.10,2097.71,0.87
1598,539357402,"01598M13:21:45.737","01598 12:34:30",244.86,828.14,,,,"     ",5.10,2077.08,0.86
1598,539357403,"01598M13:21:46.710","01598 12:34:31",244.82,828.12,,,,"     ",5.10,2071.47,0.86
1598,539357404,"01598M13:21:47.683","01598 12:34:32",244.78,828.14,,,,"     ",5.10,2088.54,0.87
1598,539357405,"01598M13:21:48.656","01598 12:34:33",244.74,828.16,,,,"     ",5.10,2096.81,0.87
1598,539357406,"01598M13:21:49.630","01598 12:34:34",244.72,828.10,,,,"     ",5.10,2056.90,0.86
1598,539357407,"01598M13:21:50.603","01598 12:34:35",244.72,828.06,,,,"     ",5.10,2076.29,0.87
1598,539357408,"01598M13:21:51.576","01598 12:34:36",244.74,828.06,,,,"     ",5.10,2059.85,0.86
1598,539357409,"01598M13:21:52.549","01598 12:34:37",244.77,828.04,,,,"     ",5.10,2063.06,0.86
1598,539357410,"01598M13:21:53.523","01598 12:34:38",244.81,828.06,,,,"     ",5.10,2076.29,0.87
1598,539357411,"01598M13:21:54.496","01598 12:34:39",244.85,828.05,,,,"     ",5.10,2071.03,0.86
1598,539357412,"01598M13:21:55.469","01598 12:34:40",244.89,828.05,,,,"     ",5.10,2044.62,0.85
1598,539357413,"01598M13:21:56.442","01598 12:34:41",244.94,828.01,,,,"     ",5.10,2063.85,0.86
1598,539357414,"01598M13:21:57.416","01598 12:34:42",245.00,828.01,,,,"     ",5.10,2102.64,0.88
1598,539357415,"01598M13:21:58.389","01598 12:34:42",245.05,827.98,,,,"     ",5.10,2063.84,0.86
1598,539357416,"01598M13:21:59.362","01598 12:34:43",245.10,828.02,,,,"     ",5.10,2071.94,0.86
1598,539357417,"01598M13:22:00.335","01598 12:34:44",245.14,828.03,,,,"     ",5.10,2082.02,0.87
1598,539357418,"01598M13:22:01.309","01598 12:34:45",245.17,828.06,,,,"     ",5.10,2105.51,0.88
1598,539357419,"01598M13:22:02.282","01598 12:34:46",245.19,828.08,,,,"     ",5.10,2051.73,0.86
1598,539357420,"01598M13:22:03.255","01598 12:34:47",245.19,828.02,,,,"     ",5.10,2096.92,0.88
1598,539357421,"01598M13:22:04.228","01598 12:34:48",245.18,828.05,,,,"     ",5.10,2036.35,0.85
1598,539357422,"01598M13:22:05.202","01598 12:34:49",245.15,828.00,,,,"     ",5.10,2094.64,0.88
1598,539357423,"01598M13:22:06.175","01598 12:34:50",245.12,828.06,,,,"     ",5.10,2065.16,0.86
1598,539357424,"01598M13:22:07.148","01598 12:34:51",245.08,828.08,,,,"     ",5.10,2094.13,0.88
1598,539357425,"01598M13:22:08.121","01598 12:34:52",245.03,828.11,,,,"     ",5.10,2062.90,0.86
1598,539357426,"01598M13:22:09.095","01598 12:34:53",244.98,828.10,,,,"     ",5.10,2071.43,0.87
1598,539357427,"01598M13:22:10.068","01598 12:34:54",244.93,828.01,,,,"     ",5.10,2085.10,0.87
1598,539357428,"01598M13:22:11.041","01598 12:34:55",244.89,828.04,,,,"     ",5.10,2113.02,0.88
1598,539357429,"01598M13:22:12.015","01598 12:34:56",244.84,828.09,,,,"     ",5.10,2066.31,0.86
1598,539357430,"01598M13:22:12.988","01598 12:34:57",244.79,828.01,,,,"     ",5.10,2065.69,0.86
1598,539357431,"01598M13:22:13.961","01598 12:34:58",244.74,828.02,,,,"     ",5.10,2092.13,0.87
1598,539357432,"01598M13:22:14.934","01598 12:34:59",244.69,828.04,,,,"     ",5.10,2054.01,0.86
1598,539357433,"01598M13:22:15.908","01598 12:35:00",244.65,828.05,,,,"     ",5.10,2060.85,0.86
1598,539357434,"01598M13:22:16.881","01598 12:35:01",244.61,828.17,,,,"     ",5.10,2045.12,0.86
1598,539357435,"01598M13:22:17.854","01598 12:35:02",244.57,828.10,,,,"     ",5.10,2079.52,0.87
1598,539357436,"01598M13:22:18.827","01598 12:35:03",244.52,828.01,,,,"     ",5.10,2081.25,0.87
1598,539357437,"01598M13:22:19.801","01598 12:35:04",244.48,827.99,,,,"     ",5.10,2067.77,0.87
1598,539357438,"01598M13:22:20.774","01598 12:35:05",244.44,828.11,,,,"     ",5.10,2085.63,0.87
1598,539357439,"01598M13:22:21.747","01598 12:35:06",244.42,828.07,,,,"     ",5.10,2059.71,0.86
1598,539357440,"01598M13:22:22.720","01598 12:35:07",244.39,828.06,,,,"     ",5.10,2052.48,0.86
1598,539357441,"01598M13:22:23.694","01598 12:35:08",244.37,828.05,,,,"     ",5.10,2085.47,0.87
1598,539357442,"01598M13:22:24.667","01598 12:35:09",244.34,828.05,,,,"     ",5.10,2061.98,0.86
1598,539357443,"01598M13:22:25.640","01598 12:35:10",244.31,828.00,,,,"     ",5.10,2055.46,0.86
1598,539357444,"01598M13:22:26.613","01598 12:35:11",244.29,827.93,,,,"     ",5.10,2052.02,0.86
1598,539357445,"01598M13:22:27.587","01598 12:35:12",244.27,827.98,,,,"     ",5.10,2062.57,0.86
1598,539357446,"01598M13:22:28.560","01598 12:35:13",244.27,827.98,,,,"     ",5.10,2076.28,0.87
1598,539357447,"01598M13:22:29.533","01598 12:35:14",244.27,827.91,,,,"     ",5.10,2066.97,0.87
1598,539357448,"01598M13:22:30.506","01598 12:35:15",244.28,827.95,,,,"     ",5.10,2032.21,0.85
1598,539357449,"01598M13:22:31.480","01598 12:35:16",244.29,827.83,,,,"     ",5.10,2055.18,0.86
1598,539357450,"01598M13:22:32.453","01598 12:35:17",244.28,827.83,,,,"     ",5.10,2059.62,0.86
1598,539357451,"01598M13:22:33.426","01598 12:35:18",244.26,827.82,,,,"     ",5.10,2042.52,0.86
1598,539357452,"01598M13:22:34.399","01598 12:35:18",244.21,827.84,,,,"     ",5.10,2084.27,0.87
1598,539357453,"01598M13:22:35.373","01598 12:35:19",244.16,827.78,,,,"     ",5.10,2088.16,0.88
1598,539357454,"01598M13:22:36.346","01598 12:35:20",244.10,827.87,,,,"     ",5.10,2073.03,0.87
1598,539357455,"01598M13:22:37.319","01598 12:35:21",244.05,827.76,,,,"     ",5.10,2046.59,0.86
1598,539357456,"01598M13:22:38.292","01598 12:35:22",244.02,827.84,,,,"     ",5.10,2031.15,0.85
1598,539357457,"01598M13:22:39.266","01598 12:35:23",244.00,827.88,,,,"     ",5.10,2094.79,0.88
1598,539357458,"01598M13:22:40.239","01598 12:35:24",244.00,827.88,,,,"     ",5.10,2069.25,0.87
1598,539357459,"01598M13:22:41.212","01598 12:35:25",244.01,827.79,,,,"     ",5.10,2128.29,0.89
1598,539357460,"01598M13:22:42.185","01598 12:35:26",244.03,827.79,,,,"     ",5.10,2074.03,0.87
1598,539357461,"01598M13:22:43.159","01598 12:35:27",244.04,827.82,,,,"     ",5.10,2037.85,0.85
1598,539357462,"01598M13:22:44.132","01598 12:35:28",244.06,827.80,,,,"     ",5.10,2077.33,0.87
1598,539357463,"01598M13:22:45.105","01598 12:35:29",244.08,827.83,,,,"     ",5.10,2054.48,0.86
1598,539357464,"01598M13:22:46.078","01598 12:35:30",244.10,827.85,,,,"     ",5.10,2066.73,0.87
1598,539357465,"01598M13:22:47.052","01598 12:35:31",244.13,827.78,,,,"     ",5.10,2069.73,0.87
1598,539357466,"01598M13:22:48.025","01598 12:35:32",244.17,827.85,,,,"     ",5.10,2063.79,0.86
1598,539357467,"01598M13:22:48.998","01598 12:35:33",244.20,827.82,,,,"     ",5.10,2040.58,0.85
1598,539357468,"01598M13:22:49.971","01598 12:35:34",244.23,827.91,,,,"     ",5.10,2053.66,0.86
1598,539357469,"01598M13:22:50.945","01598 12:35:35",244.25,827.86,,,,"     ",5.10,2051.26,0.86
1598,539357470,"01598M13:22:51.918","01598 12:35:36",244.26,827.85,,,,"     ",5.10,2045.34,0.86
1598,539357471,"01598M13:22:52.891","01598 12:35:37",244.26,827.84,,,,"     ",5.10,2098.89,0.88
1598,539357472,"01598M13:22:53.864","01598 12:35:38",244.26,827.89,,,,"     ",5.10,2058.54,0.86
1598,539357473,"01598M13:22:54.838","01598 12:35:39",244.27,827.84,,,,"     ",5.10,2047.99,0.86
1598,539357474,"01598M13:22:55.811","01598 12:35:40",244.28,827.82,,,,"     ",5.10,2094.80,0.88
1598,539357475,"01598M13:22:56.784","01598 12:35:41",244.29,827.81,,,,"     ",5.10,2072.98,0.87
1598,539357476,"01598M13:22:57.757","01598 12:35:42",244.31,827.76,,,,"     ",5.10,2038.22,0.85
1598,539357477,"01598M13:22:58.731","01598 12:35:43",244.32,827.68,,,,"     ",5.10,2066.84,0.87
1598,539357478,"01598M13:22:59.704","01598 12:35:44",244.33,827.69,,,,"     ",5.10,2050.67,0.86
1598,539357479,"01598M13:23:00.677","01598 12:35:45",244.33,827.62,,,,"     ",5.10,2055.28,0.86
1598,539357480,"01598M13:23:01.650","01598 12:35:46",244.31,827.66,,,,"     ",5.10,2077.28,0.87
1598,539357481,"01598M13:23:02.624","01598 12:35:47",244.28,827.69,,,,"     ",5.10,2084.68,0.87
1598,539357482,"01598M13:23:03.597","01598 12:35:48",244.24,827.68,,,,"     ",5.10,2105.99,0.88
1598,539357483,"01598M13:23:04.570","01598 12:35:49",244.18,827.65,,,,"     ",5.10,2039.26,0.85
1598,539357484,"01598M13:23:05.543","01598 12:35:50",244.11,827.68,,,,"     ",5.10,2100.36,0.88
1598,539357485,"01598M13:23:06.517","01598 12:35:51",244.04,827.61,,,,"     ",5.10,2102.56,0.88
1598,539357486,"01598M13:23:07.490","01598 12:35:52",243.95,827.65,,,,"     ",5.10,2082.46,0.87
1598,539357487,"01598M13:23:08.463","01598 12:35:53",243.86,827.62,,,,"     ",5.10,2068.89,0.87
1598,539357488,"01598M13:23:09.436","01598 12:35:54",243.76,827.63,,,,"     ",5.10,2092.93,0.87
1598,539357489,"01598M13:23:10.410","01598 12:35:54",243.67,827.59,,,,"     ",5.10,2078.87,0.87
1598,539357490,"01598M13:23:11.383","01598 12:35:55",243.57,827.63,,,,"     ",5.10,2054.29,0.86
1598,539357491,"01598M13:23:12.356","01598 12:35:56",243.48,827.66,,,,"     ",5.10,2067.89,0.86
1598,539357492,"01598M13:23:13.329","01598 12:35:57",243.39,827.63,,,,"     ",5.10,2063.91,0.86
1598,539357493,"01598M13:23:14.303","01598 12:35:58",243.31,827.64,,,,"     ",5.10,2072.59,0.87
1598,539357494,"01598M13:23:15.276","01598 12:35:59",243.24,827.60,,,,"     ",5.10,2087.45,0.87
1598,539357495,"01598M13:23:16.249","01598 12:36:00",243.20,827.64,,,,"     ",5.10,2074.72,0.87
1598,539357496,"01598M13:23:17.222","01598 12:36:01",243.15,827.75,,,,"     ",5.10,2077.67,0.87
1598,539357497,"01598M13:23:18.196","01598 12:36:02",243.13,827.70,,,,"     ",5.10,2082.94,0.87
1598,539357498,"01598M13:23:19.169","01598 12:36:03",243.11,827.64,,,,"     ",5.10,2084.31,0.87
1598,539357499,"01598M13:23:20.142","01598 12:36:04",243.10,827.72,,,,"     ",5.10,2105.72,0.88
1598,539357500,"01598M13:23:21.116","01598 12:36:05",243.09,827.75,,,,"     ",5.10,2058.88,0.86
1598,539357501,"01598M13:23:22.089","01598 12:36:06",243.08,827.70,,,,"     ",5.10,2029.19,0.85
1598,539357502,"01598M13:23:23.062","01598 12:36:07",243.07,827.59,,,,"     ",5.10,2048.86,0.86
1598,539357503,"01598M13:23:24.035","01598 12:36:08",243.07,827.59,,,,"     ",5.10,2085.84,0.87
1598,539357504,"01598M13:23:25.009","01598 12:36:09",243.06,827.64,,,,"     ",5.10,2086.53,0.87
1598,539357505,"01598M13:23:25.982","01598 12:36:10",243.07,827.61,,,,"     ",5.10,2083.46,0.87
1598,539357506,"01598M13:23:26.955","01598 12:36:11",243.09,827.64,,,,"     ",5.10,2072.08,0.87
1598,539357507,"01598M13:23:27.928","01598 12:36:12",243.12,827.58,,,,"     ",5.10,2083.84,0.87
1598,539357508,"01598M13:23:28.902","01598 12:36:13",243.16,827.58,,,,"     ",5.10,2113.89,0.89
1598,539357509,"01598M13:23:29.875","01598 12:36:14",243.20,827.68,,,,"     ",5.10,2034.46,0.85
1598,539357510,"01598M13:23:30.848","01598 12:36:15",243.23,827.65,,,,"     ",5.10,2056.73,0.86
1598,539357511,"01598M13:23:31.821","01598 12:36:16",243.27,827.64,,,,"     ",5.10,2085.18,0.87
1598,539357512,"01598M13:23:32.795","01598 12:36:17",243.29,827.60,,,,"     ",5.10,2069.76,0.87
1598,539357513,"01598M13:23:33.768","01598 12:36:18",243.31,827.62,,,,"     ",5.10,2041.81,0.86
1598,539357514,"01598M13:23:34.741","01598 12:36:19",243.31,827.52,,,,"     ",5.10,2070.67,0.87
1598,539357515,"01598M13:23:35.714","01598 12:36:20",243.32,827.44,,,,"     ",5.10,2056.66,0.86
1598,539357516,"01598M13:23:36.688","01598 12:36:21",243.32,827.50,,,,"     ",5.10,2093.16,0.88
1598,539357517,"01598M13:23:37.661","01598 12:36:22",243.31,827.42,,,,"     ",5.10,2038.11,0.86
1598,539357518,"01598M13:23:38.634","01598 12:36:23",243.32,827.52,,,,"     ",5.10,2089.90,0.88
1598,539357519,"01598M13:23:39.607","01598 12:36:24",243.32,827.51,,,,"     ",5.10,2061.03,0.87
1598,539357520,"01598M13:23:40.581","01598 12:36:25",243.33,827.56,,,,"     ",5.10,2059.31,0.87
1598,539357521,"01598M13:23:41.554","01598 12:36:26",243.35,827.47,,,,"     ",5.10,2044.84,0.86
1598,539357522,"01598M13:23:42.527","01598 12:36:27",243.38,827.54,,,,"     ",5.10,2021.54,0.85
1598,539357523,"01598M13:23:43.500","01598 12:36:28",243.42,827.43,,,,"     ",5.10,2047.37,0.86
1598,539357524,"01598M13:23:44.474","01598 12:36:29",243.48,827.41,,,,"     ",5.10,2048.74,0.86
1598,539357525,"01598M13:23:45.447","01598 12:36:30",243.54,827.36,,,,"     ",5.10,2069.16,0.87
1598,539357526,"01598M13:23:46.420","01598 12:36:31",243.60,827.39,,,,"     ",5.10,2078.02,0.87
1598,539357527,"01598M13:23:47.393","01598 12:36:31",243.66,827.37,,,,"     ",5.10,2069.83,0.87
1598,539357528,"01598M13:23:48.367","01598 12:36:32",243.70,827.39,,,,"     ",5.10,2042.97,0.86
1598,539357529,"01598M13:23:49.340","01598 12:36:33",243.74,827.37,,,,"     ",5.10,2053.59,0.87
1598,539357530,"01598M13:23:50.313","01598 12:36:34",243.77,827.42,,,,"     ",5.10,2082.94,0.88
1598,539357531,"01598M13:23:51.286","01598 12:36:35",243.79,827.44,,,,"     ",5.10,2072.67,0.87
1598,539357532,"01598M13:23:52.260","01598 12:36:36",243.80,827.44,,,,"     ",5.10,2089.03,0.88
1598,539357533,"01598M13:23:53.233","01598 12:36:37",243.80,827.41,,,,"     ",5.10,2044.96,0.86
1598,539357534,"01598M13:23:54.206","01598 12:36:38",243.78,827.36,,,,"     ",5.10,2048.81,0.86
1598,539357535,"01598M13:23:55.179","01598 12:36:39",243.76,827.35,,,,"     ",5.10,2070.08,0.87
1598,539357536,"01598M13:23:56.153","01598 12:36:40",243.73,827.33,,,,"     ",5.10,2048.66,0.86
1598,539357537,"01598M13:23:57.126","01598 12:36:41",243.69,827.31,,,,"     ",5.10,2036.59,0.86
1598,539357538,"01598M13:23:58.099","01598 12:36:42",243.66,827.28,,,,"     ",5.10,2046.89,0.86
1598,539357539,"01598M13:23:59.072","01598 12:36:43",243.62,827.33,,,,"     ",5.10,2040.96,0.86
1598,539357540,"01598M13:24:00.046","01598 12:36:44",243.59,827.32,,,,"     ",5.10,2035.77,0.86
1598,539357541,"01598M13:24:01.019","01598 12:36:45",243.55,827.35,,,,"     ",5.10,2023.06,0.85
1598,539357542,"01598M13:24:01.992","01598 12:36:46",243.51,827.28,,,,"     ",5.10,2038.08,0.86
1598,539357543,"01598M13:24:02.965","01598 12:36:47",243.47,827.30,,,,"     ",5.10,2031.44,0.86
1598,539357544,"01598M13:24:03.939","01598 12:36:48",243.43,827.37,,,,"     ",5.10,2038.38,0.86
1598,539357545,"01598M13:24:04.912","01598 12:36:49",243.38,827.23,,,,"     ",5.10,2056.96,0.87
1598,539357546,"01598M13:24:05.885","01598 12:36:50",243.35,827.34,,,,"     ",5.10,2057.19,0.87
1598,539357547,"01598M13:24:06.858","01598 12:36:51",243.32,827.39,,,,"     ",5.10,2056.26,0.87
1598,539357548,"01598M13:24:07.832","01598 12:36:52",243.30,827.36,,,,"     ",5.10,2065.02,0.87
1598,539357549,"01598M13:24:08.805","01598 12:36:53",243.27,827.31,,,,"     ",5.10,2058.35,0.87
1598,539357550,"01598M13:24:09.778","01598 12:36:54",243.26,827.27,,,,"     ",5.10,2034.63,0.86
1598,539357551,"01598M13:24:10.751","01598 12:36:55",243.25,827.38,,,,"     ",5.10,2051.28,0.87
1598,539357552,"01598M13:24:11.725","01598 12:36:56",243.24,827.38,,,,"     ",5.10,2054.50,0.87
1598,539357553,"01598M13:24:12.698","01598 12:36:57",243.23,827.26,,,,"     ",5.10,2041.37,0.86
1598,539357554,"01598M13:24:13.671","01598 12:36:58",243.22,827.25,,,,"     ",5.10,2016.48,0.85
1598,539357555,"01598M13:24:14.644","01598 12:36:59",243.21,827.20,,,,"     ",5.10,2032.01,0.86
1598,539357556,"01598M13:24:15.618","01598 12:37:00",243.21,827.20,,,,"     ",5.10,2056.13,0.87
1598,539357557,"01598M13:24:16.591","01598 12:37:01",243.22,827.23,,,,"     ",5.10,2023.48,0.86
1598,539357558,"01598M13:24:17.564","01598 12:37:02",243.23,827.23,,,,"     ",5.10,2041.28,0.86
1598,539357559,"01598M13:24:18.537","01598 12:37:03",243.25,827.22,,,,"     ",5.10,2063.78,0.87
1598,539357560,"01598M13:24:19.511","01598 12:37:04",243.27,827.28,,,,"     ",5.10,2049.53,0.87
1598,539357561,"01598M13:24:20.484","01598 12:37:05",243.29,827.29,,,,"     ",5.10,2058.50,0.87
1598,539357562,"01598M13:24:21.457","01598 12:37:06",243.32,827.30,,,,"     ",5.10,2063.17,0.87
1598,539357563,"01598M13:24:22.430","01598 12:37:07",243.34,827.29,,,,"     ",5.10,2026.74,0.86
1598,539357564,"01598M13:24:23.404","01598 12:37:07",243.38,827.22,,,,"     ",5.10,2039.20,0.86
1598,539357565,"01598M13:24:24.377","01598 12:37:08",243.41,827.26,,,,"     ",5.10,2068.86,0.88
1598,539357566,"01598M13:24:25.350","01598 12:37:09",243.45,827.22,,,,"     ",5.10,2049.68,0.87
1598,539357567,"01598M13:24:26.323","01598 12:37:10",243.51,827.18,,,,"     ",5.10,2061.28,0.87
1598,539357568,"01598M13:24:27.297","01598 12:37:11",243.56,827.18,,,,"     ",5.10,2030.41,0.86
1598,539357569,"01598M13:24:28.270","01598 12:37:12",243.63,827.14,,,,"     ",5.10,2066.77,0.88
1598,539357570,"01598M13:24:29.243","01598 12:37:13",243.70,827.18,,,,"     ",5.10,2032.72,0.86
1598,539357571,"01598M13:24:30.217","01598 12:37:14",243.77,827.20,,,,"     ",5.10,2029.51,0.86
1598,539357572,"01598M13:24:31.190","01598 12:37:15",243.83,827.16,,,,"     ",5.10,2042.36,0.87
1598,539357573,"01598M13:24:32.163","01598 12:37:16",243.88,827.11,,,,"     ",5.10,2058.55,0.87
1598,539357574,"01598M13:24:33.136","01598 12:37:17",243.93,827.22,,,,"     ",5.10,2085.14,0.88
1598,539357575,"01598M13:24:34.110","01598 12:37:18",243.97,827.10,,,,"     ",5.10,2071.26,0.88
1598,539357576,"01598M13:24:35.083","01598 12:37:19",243.99,827.17,,,,"     ",5.10,2050.32,0.87
1598,539357577,"01598M13:24:36.056","01598 12:37:20",243.99,827.09,,,,"     ",5.10,2054.62,0.87
1598,539357578,"01598M13:24:37.029","01598 12:37:21",243.98,827.08,,,,"     ",5.10,2032.67,0.86
1598,539357579,"01598M13:24:38.003","01598 12:37:22",243.95,827.11,,,,"     ",5.10,2044.89,0.87
1598,539357580,"01598M13:24:38.976","01598 12:37:23",243.91,827.12,,,,"     ",5.10,2023.08,0.86
1598,539357581,"01598M13:24:39.949","01598 12:37:24",243.87,827.15,,,,"     ",5.10,2063.45,0.87
1598,539357582,"01598M13:24:40.922","01598 12:37:25",243.83,827.12,,,,"     ",5.10,2052.45,0.87
1598,539357583,"01598M13:24:41.896","01598 12:37:26",243.80,827.17,,,,"     ",5.10,2049.72,0.87
1598,539357584,"01598M13:24:42.869","01598 12:37:27",243.79,827.14,,,,"     ",5.10,2028.93,0.86
1598,539357585,"01598M13:24:43.842","01598 12:37:28",243.79,827.06,,,,"     ",5.10,2049.71,0.87
1598,539357586,"01598M13:24:44.815","01598 12:37:29",243.82,827.10,,,,"     ",5.10,2048.20,0.87
1598,539357587,"01598M13:24:45.789","01598 12:37:30",243.87,827.04,,,,"     ",5.10,2048.35,0.87
1598,539357588,"01598M13:24:46.762","01598 12:37:31",243.94,827.00,,,,"     ",5.10,2050.54,0.87
1598,539357589,"01598M13:24:47.735","01598 12:37:32",244.02,827.04,,,,"     ",5.10,2008.51,0.85
1598,539357590,"01598M13:24:48.708","01598 12:37:33",244.12,827.12,,,,"     ",5.10,2069.40,0.88
1598,539357591,"01598M13:24:49.682","01598 12:37:34",244.23,827.10,,,,"     ",5.10,2047.20,0.87
1598,539357592,"01598M13:24:50.655","01598 12:37:35",244.35,827.17,,,,"     ",5.10,2017.01,0.86
1598,539357593,"01598M13:24:51.628","01598 12:37:36",244.48,827.10,,,,"     ",5.10,2026.46,0.86
1598,539357594,"01598M13:24:52.601","01598 12:37:37",244.61,827.09,,,,"     ",5.10,2021.59,0.86
1598,539357595,"01598M13:24:53.575","01598 12:37:38",244.73,827.09,,,,"     ",5.10,2044.64,0.87
1598,539357596,"01598M13:24:54.548","01598 12:37:39",244.84,827.10,,,,"     ",5.10,2045.82,0.87
1598,539357597,"01598M13:24:55.521","01598 12:37:40",244.94,827.07,,,,"     ",5.10,2093.07,0.89
1598,539357598,"01598M13:24:56.494","01598 12:37:41",245.03,827.08,,,,"     ",5.10,2051.24,0.87
1598,539357599,"01598M13:24:57.468","01598 12:37:42",245.13,827.07,,,,"     ",5.10,2064.54,0.88
1598,539357600,"01598M13:24:58.441","01598 12:37:43",245.23,827.15,,,,"     ",5.10,2071.43,0.88
1598,539357601,"01598M13:24:59.414","01598 12:37:43",245.32,827.09,,,,"     ",5.10,2027.03,0.86
1598,539357602,"01598M13:25:00.387","01598 12:37:44",245.42,827.04,,,,"     ",5.10,2046.44,0.87
1598,539357603,"01598M13:25:01.361","01598 12:37:45",245.50,827.04,,,,"     ",5.10,2047.84,0.87
1598,539357604,"01598M13:25:02.334","01598 12:37:46",245.58,827.13,,,,"     ",5.10,2029.74,0.86
1598,539357605,"01598M13:25:03.307","01598 12:37:47",245.62,826.97,,,,"     ",5.10,2047.21,0.87
1598,539357606,"01598M13:25:04.280","01598 12:37:48",245.66,827.00,,,,"     ",5.10,2035.63,0.86
1598,539357607,"01598M13:25:05.254","01598 12:37:49",245.67,826.98,,,,"     ",5.10,2081.77,0.88
1598,539357608,"01598M13:25:06.227","01598 12:37:50",245.67,827.02,,,,"     ",5.10,2022.57,0.86
1598,539357609,"01598M13:25:07.200","01598 12:37:51",245.66,827.02,,,,"     ",5.10,2065.69,0.87
1598,539357610,"01598M13:25:08.173","01598 12:37:52",245.64,826.92,,,,"     ",5.10,2039.72,0.86
1598,539357611,"01598M13:25:09.147","01598 12:37:53",245.62,826.99,,,,"     ",5.10,2074.98,0.88
1598,539357612,"01598M13:25:10.120","01598 12:37:54",245.58,827.04,,,,"     ",5.10,2048.63,0.87
1598,539357613,"01598M13:25:11.093","01598 12:37:55",245.54,826.99,,,,"     ",5.10,2100.03,0.89
1598,539357614,"01598M13:25:12.066","01598 12:37:56",245.49,826.97,,,,"     ",5.10,2043.68,0.86
1598,539357615,"01598M13:25:13.040","01598 12:37:57",245.44,826.92,,,,"     ",5.10,2080.55,0.88
1598,539357616,"01598M13:25:14.013","01598 12:37:58",245.38,826.88,,,,"     ",5.10,2049.19,0.86
1598,539357617,"01598M13:25:14.986","01598 12:37:59",245.34,826.91,,,,"     ",5.10,2060.96,0.87
1598,539357618,"01598M13:25:15.959","01598 12:38:00",245.31,826.85,,,,"     ",5.10,2054.09,0.87
1598,539357619,"01598M13:25:16.933","01598 12:38:01",245.31,826.78,,,,"     ",5.10,2011.22,0.85
1598,539357620,"01598M13:25:17.906","01598 12:38:02",245.33,826.83,,,,"     ",5.10,2084.20,0.88
1598,539357621,"01598M13:25:18.879","01598 12:38:03",245.36,826.85,,,,"     ",5.10,2049.98,0.86
1598,539357622,"01598M13:25:19.852","01598 12:38:04",245.40,826.85,,,,"     ",5.10,2064.93,0.87
1598,539357623,"01598M13:25:20.826","01598 12:38:05",245.44,826.84,,,,"     ",5.10,2059.23,0.87
1598,539357624,"01598M13:25:21.799","01598 12:38:06",245.47,826.81,,,,"     ",5.10,2058.38,0.87
1598,539357625,"01598M13:25:22.772","01598 12:38:07",245.50,826.78,,,,"     ",5.10,2061.77,0.87
1598,539357626,"01598M13:25:23.745","01598 12:38:08",245.50,826.85,,,,"     ",5.10,2053.06,0.86
1598,539357627,"01598M13:25:24.719","01598 12:38:09",245.41,826.84,,,,"     ",5.10,2053.21,0.87
1598,539357628,"01598M13:25:25.692","01598 12:38:10",245.34,826.81,,,,"     ",5.10,2049.66,0.86
1598,539357629,"01598M13:25:26.665","01598 12:38:11",245.27,826.88,,,,"     ",5.10,2032.10,0.86
1598,539357630,"01598M13:25:27.638","01598 12:38:12",245.20,826.82,,,,"     ",5.10,2086.17,0.88
1598,539357631,"01598M13:25:28.612","01598 12:38:13",245.12,826.85,,,,"     ",5.10,2048.75,0.86
1598,539357632,"01598M13:25:29.585","01598 12:38:14",245.03,826.84,,,,"     ",5.10,2048.37,0.86
1598,539357633,"01598M13:25:30.558","01598 12:38:15",244.96,826.84,,,,"     ",5.10,2095.36,0.88
1598,539357634,"01598M13:25:31.531","01598 12:38:16",244.88,826.85,,,,"     ",5.10,2058.79,0.87
1598,539357635,"01598M13:25:32.505","01598 12:38:17",244.82,826.82,,,,"     ",5.10,2051.43,0.86
1598,539357636,"01598M13:25:33.478","01598 12:38:18",244.76,826.84,,,,"     ",5.10,2076.69,0.87
1598,539357637,"01598M13:25:34.451","01598 12:38:19",244.69,826.84,,,,"     ",5.10,2052.98,0.86
1598,539357638,"01598M13:25:35.424","01598 12:38:19",244.60,826.87,,,,"     ",5.10,2068.89,0.87
1598,539357639,"01598M13:25:36.398","01598 12:38:20",244.50,826.85,,,,"     ",5.10,2015.82,0.85
1598,539357640,"01598M13:25:37.371","01598 12:38:21",244.39,826.88,,,,"     ",5.10,2051.21,0.87
1598,539357641,"01598M13:25:38.344","01598 12:38:22",244.28,826.86,,,,"     ",5.10,2092.29,0.88
1598,539357642,"01598M13:25:39.318","01598 12:38:23",244.19,826.81,,,,"     ",5.10,2051.07,0.86
1598,539357643,"01598M13:25:40.291","01598 12:38:24",244.15,826.78,,,,"     ",5.10,2078.23,0.88
1598,539357644,"01598M13:25:41.264","01598 12:38:25",244.12,826.74,,,,"     ",5.10,2051.05,0.86
1598,539357645,"01598M13:25:42.237","01598 12:38:26",244.13,826.73,,,,"     ",5.10,2046.77,0.86
1598,539357646,"01598M13:25:43.211","01598 12:38:27",244.15,826.83,,,,"     ",5.10,2051.63,0.87
1598,539357647,"01598M13:25:44.184","01598 12:38:28",244.21,826.77,,,,"     ",5.10,2002.04,0.84
1598,539357648,"01598M13:25:45.157","01598 12:38:29",244.28,826.84,,,,"     ",5.10,2074.76,0.88
1598,539357649,"01598M13:25:46.130","01598 12:38:30",244.37,826.83,,,,"     ",5.10,2040.81,0.86
1598,539357650,"01598M13:25:47.104","01598 12:38:31",244.49,826.80,,,,"     ",5.10,2049.41,0.87
1598,539357651,"01598M13:25:48.077","01598 12:38:32",244.64,826.80,,,,"     ",5.10,2079.46,0.88
1598,539357652,"01598M13:25:49.050","01598 12:38:33",244.80,826.77,,,,"     ",5.10,2065.11,0.87
1598,539357653,"01598M13:25:50.023","01598 12:38:34",245.00,826.69,,,,"     ",5.10,2057.10,0.87
1598,539357654,"01598M13:25:50.997","01598 12:38:35",245.21,826.72,,,,"     ",5.10,2077.07,0.88
1598,539357655,"01598M13:25:51.970","01598 12:38:36",245.27,826.65,,,,"     ",5.10,2061.09,0.87
1598,539357656,"01598M13:25:52.943","01598 12:38:37",245.09,826.74,,,,"     ",5.10,2058.79,0.87
1598,539357657,"01598M13:25:53.916","01598 12:38:38",244.91,826.68,,,,"     ",5.10,2044.91,0.86
1598,539357658,"01598M13:25:54.890","01598 12:38:39",244.76,826.71,,,,"     ",5.10,2072.26,0.88
1598,539357659,"01598M13:25:55.863","01598 12:38:40",244.62,826.67,,,,"     ",5.10,2037.73,0.86
1598,539357660,"01598M13:25:56.836","01598 12:38:41",244.48,826.81,,,,"     ",5.10,2034.10,0.86
1598,539357661,"01598M13:25:57.809","01598 12:38:42",244.37,826.69,,,,"     ",5.10,2053.10,0.87
1598,539357662,"01598M13:25:58.783","01598 12:38:43",244.27,826.64,,,,"     ",5.10,2059.54,0.87
1598,539357663,"01598M13:25:59.756","01598 12:38:44",244.18,826.73,,,,"     ",5.10,2029.00,0.86
1598,539357664,"01598M13:26:00.729","01598 12:38:45",244.11,826.72,,,,"     ",5.10,2044.24,0.87
1598,539357665,"01598M13:26:01.702","01598 12:38:46",244.04,826.73,,,,"     ",5.10,2053.90,0.87
1598,539357666,"01598M13:26:02.676","01598 12:38:47",243.99,826.70,,,,"     ",5.10,2045.48,0.87
1598,539357667,"01598M13:26:03.649","01598 12:38:48",243.96,826.66,,,,"     ",5.10,2003.49,0.85
1598,539357668,"01598M13:26:04.622","01598 12:38:49",243.93,826.73,,,,"     ",5.10,2056.91,0.87
1598,539357669,"01598M13:26:05.595","01598 12:38:50",243.92,826.70,,,,"     ",5.10,2041.40,0.86
1598,539357670,"01598M13:26:06.569","01598 12:38:51",243.93,826.74,,,,"     ",5.10,2022.00,0.86
1598,539357671,"01598M13:26:07.542","01598 12:38:52",243.95,826.72,,,,"     ",5.10,2045.34,0.87
1598,539357672,"01598M13:26:08.515","01598 12:38:53",243.99,826.74,,,,"     ",5.10,2039.00,0.86
1598,539357673,"01598M13:26:09.488","01598 12:38:54",244.03,826.79,,,,"     ",5.10,2036.09,0.86
1598,539357674,"01598M13:26:10.462","01598 12:38:55",244.08,826.70,,,,"     ",5.10,2081.65,0.88
1598,539357675,"01598M13:26:11.435","01598 12:38:55",244.13,826.73,,,,"     ",5.10,2062.79,0.87
1598,539357676,"01598M13:26:12.408","01598 12:38:56",244.20,826.65,,,,"     ",5.10,2022.33,0.86
1598,539357677,"01598M13:26:13.381","01598 12:38:57",244.27,826.65,,,,"     ",5.10,2046.93,0.87
1598,539357678,"01598M13:26:14.355","01598 12:38:58",244.34,826.68,,,,"     ",5.10,2060.32,0.87
1598,539357679,"01598M13:26:15.328","01598 12:38:59",244.41,826.67,,,,"     ",5.10,2052.67,0.87
1598,539357680,"01598M13:26:16.301","01598 12:39:00",244.49,826.72,,,,"     ",5.10,2010.42,0.85
1598,539357681,"01598M13:26:17.274","01598 12:39:01",244.58,826.70,,,,"     ",5.10,2070.35,0.88
1598,539357682,"01598M13:26:18.248","01598 12:39:02",244.69,826.66,,,,"     ",5.10,2039.22,0.86
1598,539357683,"01598M13:26:19.221","01598 12:39:03",244.80,826.62,,,,"     ",5.10,2056.47,0.87
1598,539357684,"01598M13:26:20.194","01598 12:39:04",244.93,826.64,,,,"     ",5.10,2032.46,0.86
1598,539357685,"01598M13:26:21.167","01598 12:39:05",245.05,826.65,,,,"     ",5.10,2045.22,0.87
1598,539357686,"01598M13:26:22.141","01598 12:39:06",245.18,826.66,,,,"     ",5.10,2032.02,0.86
1598,539357687,"01598M13:26:23.114","01598 12:39:07",245.29,826.71,,,,"     ",5.10,2056.85,0.87
1598,539357688,"01598M13:26:24.087","01598 12:39:08",245.40,826.66,,,,"     ",5.10,2031.90,0.86
1598,539357689,"01598M13:26:25.060","01598 12:39:09",245.49,826.70,,,,"     ",5.10,2069.46,0.88
1598,539357690,"01598M13:26:26.034","01598 12:39:10",245.58,826.66,,,,"     ",5.10,2029.29,0.86
1598,539357691,"01598M13:26:27.007","01598 12:39:11",245.65,826.63,,,,"     ",5.10,2039.16,0.86
1598,539357692,"01598M13:26:27.980","01598 12:39:12",245.72,826.75,,,,"     ",5.10,2052.16,0.87
1598,539357693,"01598M13:26:28.953","01598 12:39:13",245.77,826.70,,,,"     ",5.10,2087.37,0.88
1598,539357694,"01598M13:26:29.927","01598 12:39:14",245.79,826.67,,,,"     ",5.10,2058.86,0.87
1598,539357695,"01598M13:26:30.900","01598 12:39:15",245.77,826.61,,,,"     ",5.10,2040.21,0.86
1598,539357696,"01598M13:26:31.873","01598 12:39:16",245.73,826.55,,,,"     ",5.10,2029.06,0.86
1598,539357697,"01598M13:26:32.846","01598 12:39:17",245.69,826.66,,,,"     ",5.10,2076.07,0.88
1598,539357698,"01598M13:26:33.820","01598 12:39:18",245.63,826.56,,,,"     ",5.10,2041.82,0.86
1598,539357699,"01598M13:26:34.793","01598 12:39:19",245.54,826.52,,,,"     ",5.10,2037.10,0.86
1598,539357700,"01598M13:26:35.766","01598 12:39:20",245.44,826.57,,,,"     ",5.10,2091.92,0.89
1598,539357701,"01598M13:26:36.739","01598 12:39:21",245.34,826.52,,,,"     ",5.10,2049.62,0.87
1598,539357702,"01598M13:26:37.713","01598 12:39:22",245.24,826.49,,,,"     ",5.10,2046.29,0.87
1598,539357703,"01598M13:26:38.686","01598 12:39:23",245.15,826.45,,,,"     ",5.10,2059.29,0.87
1598,539357704,"01598M13:26:39.659","01598 12:39:24",245.07,826.45,,,,"     ",5.10,2057.19,0.87
1598,539357705,"01598M13:26:40.632","01598 12:39:25",245.00,826.49,,,,"     ",5.10,2043.50,0.86
1598,539357706,"01598M13:26:41.606","01598 12:39:26",244.93,826.57,,,,"     ",5.10,2040.80,0.86
1598,539357707,"01598M13:26:42.579","01598 12:39:27",244.88,826.58,,,,"     ",5.10,2039.47,0.86
1598,539357708,"01598M13:26:43.552","01598 12:39:28",244.86,826.55,,,,"     ",5.10,2050.65,0.87
1598,539357709,"01598M13:26:44.525","01598 12:39:29",244.85,826.55,,,,"     ",5.10,2056.15,0.87
1598,539357710,"01598M13:26:45.499","01598 12:39:30",244.86,826.56,,,,"     ",5.10,2063.73,0.87
1598,539357711,"01598M13:26:46.472","01598 12:39:31",244.87,826.53,,,,"     ",5.10,2040.08,0.86
1598,539357712,"01598M13:26:47.445","01598 12:39:31",244.89,826.52,,,,"     ",5.10,2065.93,0.87
1598,539357713,"01598M13:26:48.418","01598 12:39:32",244.91,826.46,,,,"     ",5.10,2049.16,0.87
1598,539357714,"01598M13:26:49.392","01598 12:39:33",244.93,826.48,,,,"     ",5.10,2053.52,0.87
1598,539357715,"01598M13:26:50.365","01598 12:39:34",244.94,826.50,,,,"     ",5.10,2069.99,0.88
1598,539357716,"01598M13:26:51.338","01598 12:39:35",244.95,826.52,,,,"     ",5.10,2027.83,0.86
1598,539357717,"01598M13:26:52.312","01598 12:39:36",244.95,826.52,,,,"     ",5.10,2019.08,0.85
1598,539357718,"01598M13:26:53.285","01598 12:39:37",244.94,826.61,,,,"     ",5.10,2057.71,0.87
1598,539357719,"01598M13:26:54.258","01598 12:39:38",244.92,826.60,,,,"     ",5.10,2041.83,0.86
1598,539357720,"01598M13:26:55.231","01598 12:39:39",244.89,826.55,,,,"     ",5.10,2077.45,0.88
1598,539357721,"01598M13:26:56.205","01598 12:39:40",244.86,826.57,,,,"     ",5.10,2057.69,0.87
1598,539357722,"01598M13:26:57.178","01598 12:39:41",244.82,826.61,,,,"     ",5.10,2037.82,0.86
1598,539357723,"01598M13:26:58.151","01598 12:39:42",244.78,826.61,,,,"     ",5.10,2034.31,0.86
1598,539357724,"01598M13:26:59.124","01598 12:39:43",244.75,826.59,,,,"     ",5.10,1996.57,0.84
1598,539357725,"01598M13:27:00.098","01598 12:39:44",244.71,826.59,,,,"     ",5.10,2046.07,0.87
1598,539357726,"01598M13:27:01.071","01598 12:39:45",244.68,826.56,,,,"     ",5.10,2032.86,0.86
1598,539357727,"01598M13:27:02.044","01598 12:39:46",244.66,826.51,,,,"     ",5.10,2040.88,0.86
1598,539357728,"01598M13:27:03.017","01598 12:39:47",244.65,826.54,,,,"     ",5.10,2067.98,0.88
1598,539357729,"01598M13:27:03.991","01598 12:39:48",244.65,826.50,,,,"     ",5.10,2070.58,0.88
1598,539357730,"01598M13:27:04.964","01598 12:39:49",244.65,826.48,,,,"     ",5.10,2043.35,0.87
1598,539357731,"01598M13:27:05.937","01598 12:39:50",244.65,826.47,,,,"     ",5.10,2066.46,0.88
1598,539357732,"01598M13:27:06.910","01598 12:39:51",244.65,826.38,,,,"     ",5.10,2053.28,0.87
1598,539357733,"01598M13:27:07.884","01598 12:39:52",244.66,826.40,,,,"     ",5.10,2010.19,0.85
1598,539357734,"01598M13:27:08.857","01598 12:39:53",244.68,826.46,,,,"     ",5.10,2066.36,0.88
1598,539357735,"01598M13:27:09.830","01598 12:39:54",244.71,826.51,,,,"     ",5.10,2068.54,0.88
1598,539357736,"01598M13:27:10.803","01598 12:39:55",244.75,826.43,,,,"     ",5.10,2050.68,0.87
1598,539357737,"01598M13:27:11.777","01598 12:39:56",244.77,826.33,,,,"     ",5.10,2016.25,0.85
1598,539357738,"01598M13:27:12.750","01598 12:39:57",244.77,826.42,,,,"     ",5.10,2068.55,0.88
1598,539357739,"01598M13:27:13.723","01598 12:39:58",244.76,826.38,,,,"     ",5.10,2028.52,0.86
1598,539357740,"01598M13:27:14.696","01598 12:39:59",244.73,826.42,,,,"     ",5.10,2047.80,0.87
1598,539357741,"01598M13:27:15.670","01598 12:40:00",244.67,826.34,,,,"     ",5.10,2016.45,0.85
1598,539357742,"01598M13:27:16.643","01598 12:40:01",244.61,826.29,,,,"     ",5.10,2078.06,0.88
1598,539357743,"01598M13:27:17.616","01598 12:40:02",244.55,826.28,,,,"     ",5.10,2040.36,0.87
1598,539357744,"01598M13:27:18.589","01598 12:40:03",244.49,826.20,,,,"     ",5.10,2053.94,0.87
1598,539357745,"01598M13:27:19.563","01598 12:40:04",244.43,826.22,,,,"     ",5.10,2058.87,0.87
1598,539357746,"01598M13:27:20.536","01598 12:40:05",244.39,826.28,,,,"     ",5.10,2079.59,0.88
1598,539357747,"01598M13:27:21.509","01598 12:40:06",244.33,826.32,,,,"     ",5.10,2048.45,0.87
1598,539357748,"01598M13:27:22.482","01598 12:40:07",244.27,826.29,,,,"     ",5.10,2044.14,0.87
1598,539357749,"01598M13:27:23.456","01598 12:40:07",244.22,826.27,,,,"     ",5.10,2038.40,0.86
1598,539357750,"01598M13:27:24.429","01598 12:40:08",244.16,826.27,,,,"     ",5.10,2038.91,0.87
1598,539357751,"01598M13:27:25.402","01598 12:40:09",244.11,826.19,,,,"     ",5.10,2016.15,0.86
1598,539357752,"01598M13:27:26.375","01598 12:40:10",244.06,826.22,,,,"     ",5.10,2015.99,0.86
1598,539357753,"01598M13:27:27.349","01598 12:40:11",244.03,826.24,,,,"     ",5.10,2014.53,0.85
1598,539357754,"01598M13:27:28.322","01598 12:40:12",243.99,826.22,,,,"     ",5.10,2027.07,0.86
1598,539357755,"01598M13:27:29.295","01598 12:40:13",243.98,826.33,,,,"     ",5.10,2022.91,0.86
1598,539357756,"01598M13:27:30.268","01598 12:40:14",243.96,826.31,,,,"     ",5.10,2044.50,0.87
1598,539357757,"01598M13:27:31.242","01598 12:40:15",243.94,826.27,,,,"     ",5.10,2051.56,0.87
1598,539357758,"01598M13:27:32.215","01598 12:40:16",243.91,826.26,,,,"     ",5.10,2067.84,0.88
1598,539357759,"01598M13:27:33.188","01598 12:40:17",243.90,826.24,,,,"     ",5.10,2029.83,0.86
1598,539357760,"01598M13:27:34.161","01598 12:40:18",243.91,826.23,,,,"     ",5.10,2019.37,0.86
1598,539357761,"01598M13:27:35.135","01598 12:40:19",243.93,826.23,,,,"     ",5.10,2008.52,0.85
1598,539357762,"01598M13:27:36.108","01598 12:40:20",243.96,826.25,,,,"     ",5.10,2083.20,0.89
1598,539357763,"01598M13:27:37.081","01598 12:40:21",243.97,826.32,,,,"     ",5.10,2074.37,0.88
1598,539357764,"01598M13:27:38.054","01598 12:40:22",243.96,826.23,,,,"     ",5.10,2068.82,0.88
1598,539357765,"01598M13:27:39.028","01598 12:40:23",243.92,826.25,,,,"     ",5.10,2041.37,0.87
1598,539357766,"01598M13:27:40.001","01598 12:40:24",243.85,826.27,,,,"     ",5.10,2027.06,0.86
1598,539357767,"01598M13:27:40.974","01598 12:40:25",243.77,826.14,,,,"     ",5.10,2033.14,0.86
1598,539357768,"01598M13:27:41.947","01598 12:40:26",243.67,826.19,,,,"     ",5.10,2057.15,0.87
1598,539357769,"01598M13:27:42.921","01598 12:40:27",243.60,826.15,,,,"     ",5.10,2029.75,0.86
1598,539357770,"01598M13:27:43.894","01598 12:40:28",243.54,826.17,,,,"     ",5.10,2021.39,0.86
1598,539357771,"01598M13:27:44.867","01598 12:40:29",243.52,826.13,,,,"     ",5.10,2017.02,0.86
1598,539357772,"01598M13:27:45.840","01598 12:40:30",243.51,826.11,,,,"     ",5.10,2039.20,0.87
1598,539357773,"01598M13:27:46.814","01598 12:40:31",243.53,826.07,,,,"     ",5.10,2053.16,0.87
1598,539357774,"01598M13:27:47.787","01598 12:40:32",243.56,826.18,,,,"     ",5.10,2041.83,0.87
1598,539357775,"01598M13:27:48.760","01598 12:40:33",243.61,826.16,,,,"     ",5.10,2029.12,0.86
1598,539357776,"01598M13:27:49.733","01598 12:40:34",243.69,826.17,,,,"     ",5.10,2038.45,0.87
1598,539357777,"01598M13:27:50.707","01598 12:40:35",243.78,826.11,,,,"     ",5.10,2031.81,0.86
1598,539357778,"01598M13:27:51.680","01598 12:40:36",243.88,826.09,,,,"     ",5.10,2040.24,0.87
1598,539357779,"01598M13:27:52.653","01598 12:40:37",243.98,826.11,,,,"     ",5.10,2057.87,0.87
1598,539357780,"01598M13:27:53.626","01598 12:40:38",244.06,826.09,,,,"     ",5.10,2014.61,0.85
1598,539357781,"01598M13:27:54.600","01598 12:40:39",244.11,826.11,,,,"     ",5.10,2031.31,0.86
1598,539357782,"01598M13:27:55.573","01598 12:40:40",244.13,826.07,,,,"     ",5.10,2051.18,0.87
1598,539357783,"01598M13:27:56.546","01598 12:40:41",244.11,826.07,,,,"     ",5.10,2023.15,0.86
1598,539357784,"01598M13:27:57.519","01598 12:40:42",244.06,826.05,,,,"     ",5.10,2036.06,0.86
1598,539357785,"01598M13:27:58.493","01598 12:40:43",244.01,826.12,,,,"     ",5.10,2023.60,0.86
1598,539357786,"01598M13:27:59.466","01598 12:40:44",243.97,826.07,,,,"     ",5.10,2022.12,0.86
1598,539357787,"01598M13:28:00.439","01598 12:40:44",243.96,826.09,,,,"     ",5.10,2036.16,0.86
1598,539357788,"01598M13:28:01.413","01598 12:40:45",243.96,826.02,,,,"     ",5.10,2035.13,0.86
1598,539357789,"01598M13:28:02.386","01598 12:40:46",244.00,826.01,,,,"     ",5.10,2037.94,0.86
1598,539357790,"01598M13:28:03.359","01598 12:40:47",244.04,826.06,,,,"     ",5.10,2043.82,0.87
1598,539357791,"01598M13:28:04.332","01598 12:40:48",244.10,825.94,,,,"     ",5.10,1997.30,0.85
1598,539357792,"01598M13:28:05.306","01598 12:40:49",244.14,825.97,,,,"     ",5.10,2035.86,0.86
1598,539357793,"01598M13:28:06.279","01598 12:40:50",244.19,826.02,,,,"     ",5.10,2050.49,0.87
1598,539357794,"01598M13:28:07.252","01598 12:40:51",244.23,826.01,,,,"     ",5.10,2028.39,0.86
1598,539357795,"01598M13:28:08.225","01598 12:40:52",244.27,825.99,,,,"     ",5.10,2050.17,0.87
1598,539357796,"01598M13:28:09.199","01598 12:40:53",244.29,825.99,,,,"     ",5.10,2051.57,0.87
1598,539357797,"01598M13:28:10.172","01598 12:40:54",244.30,825.98,,,,"     ",5.10,2025.46,0.86
1598,539357798,"01598M13:28:11.145","01598 12:40:55",244.29,826.02,,,,"     ",5.10,2015.71,0.86
1598,539357799,"01598M13:28:12.118","01598 12:40:56",244.27,826.05,,,,"     ",5.10,2046.74,0.87
1598,539357800,"01598M13:28:13.092","01598 12:40:57",244.24,826.10,,,,"     ",5.10,2038.66,0.87
1598,539357801,"01598M13:28:14.065","01598 12:40:58",244.20,826.06,,,,"     ",5.10,2022.40,0.86
1598,539357802,"01598M13:28:15.038","01598 12:40:59",244.14,826.04,,,,"     ",5.10,2046.66,0.87
1598,539357803,"01598M13:28:16.011","01598 12:41:00",244.08,826.03,,,,"     ",5.10,2052.69,0.87
1598,539357804,"01598M13:28:16.985","01598 12:41:01",244.03,826.04,,,,"     ",5.10,2033.61,0.86
1598,539357805,"01598M13:28:17.958","01598 12:41:02",243.96,826.06,,,,"     ",5.10,2034.58,0.86
1598,539357806,"01598M13:28:18.931","01598 12:41:03",243.93,825.98,,,,"     ",5.10,2023.22,0.86
1598,539357807,"01598M13:28:19.904","01598 12:41:04",243.91,825.91,,,,"     ",5.10,2023.80,0.86
1598,539357808,"01598M13:28:20.878","01598 12:41:05",243.90,825.96,,,,"     ",5.10,2020.48,0.86
1598,539357809,"01598M13:28:21.851","01598 12:41:06",243.93,825.87,,,,"     ",5.10,2036.15,0.87
1598,539357810,"01598M13:28:22.824","01598 12:41:07",243.99,825.94,,,,"     ",5.10,2023.70,0.86
1598,539357811,"01598M13:28:23.797","01598 12:41:08",243.96,825.99,,,,"     ",5.10,2022.02,0.86
1598,539357812,"01598M13:28:24.771","01598 12:41:09",243.93,825.89,,,,"     ",5.10,1986.73,0.85
1598,539357813,"01598M13:28:25.744","01598 12:41:10",243.92,825.88,,,,"     ",5.10,2027.10,0.86
1598,539357814,"01598M13:28:26.717","01598 12:41:11",243.91,825.95,,,,"     ",5.10,2011.93,0.86
1598,539357815,"01598M13:28:27.690","01598 12:41:12",243.92,825.96,,,,"     ",5.10,1999.97,0.85
1598,539357816,"01598M13:28:28.664","01598 12:41:13",243.93,825.93,,,,"     ",5.10,2036.33,0.87
1598,539357817,"01598M13:28:29.637","01598 12:41:14",243.95,825.98,,,,"     ",5.10,2016.06,0.86
1598,539357818,"01598M13:28:30.610","01598 12:41:15",243.97,825.95,,,,"     ",5.10,2017.80,0.86
1598,539357819,"01598M13:28:31.583","01598 12:41:16",243.98,825.93,,,,"     ",5.10,2031.26,0.87
1598,539357820,"01598M13:28:32.557","01598 12:41:17",243.99,825.90,,,,"     ",5.10,2000.37,0.85
1598,539357821,"01598M13:28:33.530","01598 12:41:18",244.02,825.92,,,,"     ",5.10,2026.65,0.86
1598,539357822,"01598M13:28:34.503","01598 12:41:19",244.05,825.87,,,,"     ",5.10,2025.27,0.86
1598,539357823,"01598M13:28:35.476","01598 12:41:20",244.09,825.82,,,,"     ",5.10,2025.59,0.86
1598,539357824,"01598M13:28:36.450","01598 12:41:20",244.14,825.82,,,,"     ",5.10,2031.24,0.87
1598,539357825,"01598M13:28:37.423","01598 12:41:21",244.21,825.85,,,,"     ",5.10,2008.09,0.86
1598,539357826,"01598M13:28:38.396","01598 12:41:22",244.30,825.84,,,,"     ",5.10,2023.86,0.86
1598,539357827,"01598M13:28:39.369","01598 12:41:23",244.40,825.89,,,,"     ",5.10,2012.14,0.86
1598,539357828,"01598M13:28:40.343","01598 12:41:24",244.52,825.91,,,,"     ",5.10,2038.80,0.87
1598,539357829,"01598M13:28:41.316","01598 12:41:25",244.66,825.94,,,,"     ",5.10,2053.59,0.88
1598,539357830,"01598M13:28:42.289","01598 12:41:26",244.81,825.95,,,,"     ",5.10,2053.97,0.88
1598,539357831,"01598M13:28:43.262","01598 12:41:27",244.96,825.96,,,,"     ",5.10,2053.44,0.88
1598,539357832,"01598M13:28:44.236","01598 12:41:28",245.10,825.93,,,,"     ",5.10,2004.43,0.86
1598,539357833,"01598M13:28:45.209","01598 12:41:29",245.21,825.89,,,,"     ",5.10,2065.41,0.88
1598,539357834,"01598M13:28:46.182","01598 12:41:30",245.31,825.86,,,,"     ",5.10,2070.65,0.89
1598,539357835,"01598M13:28:47.155","01598 12:41:31",245.38,825.85,,,,"     ",5.10,2069.88,0.88
1598,539357836,"01598M13:28:48.129","01598 12:41:32",245.43,825.82,,,,"     ",5.10,2006.67,0.86
1598,539357837,"01598M13:28:49.102","01598 12:41:33",245.46,825.97,,,,"     ",5.10,2051.23,0.88
1598,539357838,"01598M13:28:50.075","01598 12:41:34",245.48,825.94,,,,"     ",5.10,2032.98,0.87
1598,539357839,"01598M13:28:51.048","01598 12:41:35",245.49,825.90,,,,"     ",5.10,2010.31,0.86
1598,539357840,"01598M13:28:52.022","01598 12:41:36",245.49,825.98,,,,"     ",5.10,2025.52,0.87
1598,539357841,"01598M13:28:52.995","01598 12:41:37",245.49,825.96,,,,"     ",5.10,2039.86,0.87
1598,539357842,"01598M13:28:53.968","01598 12:41:38",245.49,825.91,,,,"     ",5.10,2046.12,0.87
1598,539357843,"01598M13:28:54.941","01598 12:41:39",245.49,825.85,,,,"     ",5.10,2026.30,0.86
1598,539357844,"01598M13:28:55.915","01598 12:41:40",245.51,825.85,,,,"     ",5.10,2060.76,0.88
1598,539357845,"01598M13:28:56.888","01598 12:41:41",245.54,825.77,,,,"     ",5.10,2054.81,0.88
1598,539357846,"01598M13:28:57.861","01598 12:41:42",245.58,825.90,,,,"     ",5.10,2056.77,0.88
1598,539357847,"01598M13:28:58.834","01598 12:41:43",245.65,825.85,,,,"     ",5.10,2058.98,0.88
1598,539357848,"01598M13:28:59.808","01598 12:41:44",245.71,825.87,,,,"     ",5.10,2064.01,0.88
1598,539357849,"01598M13:29:00.781","01598 12:41:45",245.77,825.91,,,,"     ",5.10,2026.43,0.86
1598,539357850,"01598M13:29:01.754","01598 12:41:46",245.80,825.96,,,,"     ",5.10,2019.17,0.86
1598,539357851,"01598M13:29:02.727","01598 12:41:47",245.83,825.93,,,,"     ",5.10,2047.27,0.87
1598,539357852,"01598M13:29:03.701","01598 12:41:48",245.82,825.90,,,,"     ",5.10,2013.14,0.86
1598,539357853,"01598M13:29:04.674","01598 12:41:49",245.80,825.88,,,,"     ",5.10,2037.74,0.87
1598,539357854,"01598M13:29:05.647","01598 12:41:50",245.77,825.83,,,,"     ",5.10,2046.51,0.87
1598,539357855,"01598M13:29:06.620","01598 12:41:51",245.73,825.79,,,,"     ",5.10,2068.98,0.88
1598,539357856,"01598M13:29:07.594","01598 12:41:52",245.68,825.81,,,,"     ",5.10,2064.28,0.88
1598,539357857,"01598M13:29:08.567","01598 12:41:53",245.64,825.85,,,,"     ",5.10,2049.44,0.87
1598,539357858,"01598M13:29:09.540","01598 12:41:54",245.61,825.76,,,,"     ",5.10,2051.85,0.87
1598,539357859,"01598M13:29:10.514","01598 12:41:55",245.59,825.72,,,,"     ",5.10,2047.36,0.87
1598,539357860,"01598M13:29:11.487","01598 12:41:56",245.60,825.78,,,,"     ",5.10,2058.97,0.88
1598,539357861,"01598M13:29:12.460","01598 12:41:56",245.65,825.80,,,,"     ",5.10,2045.68,0.87
1598,539357862,"01598M13:29:13.433","01598 12:41:57",245.73,825.81,,,,"     ",5.10,2029.52,0.86
1598,539357863,"01598M13:29:14.407","01598 12:41:58",245.84,825.74,,,,"     ",5.10,2050.50,0.87
1598,539357864,"01598M13:29:15.380","01598 12:41:59",245.97,825.77,,,,"     ",5.10,2022.23,0.86
1598,539357865,"01598M13:29:16.353","01598 12:42:00",245.98,825.80,,,,"     ",5.10,2025.02,0.86
1598,539357866,"01598M13:29:17.326","01598 12:42:01",246.00,825.77,,,,"     ",5.10,2073.56,0.88
1598,539357867,"01598M13:29:18.300","01598 12:42:02",246.05,825.73,,,,"     ",5.10,2078.65,0.88
1598,539357868,"01598M13:29:19.273","01598 12:42:03",246.13,825.68,,,,"     ",5.10,2045.66,0.87
1598,539357869,"01598M13:29:20.246","01598 12:42:04",246.22,825.69,,,,"     ",5.10,2061.90,0.87
1598,539357870,"01598M13:29:21.219","01598 12:42:05",246.30,825.66,,,,"     ",5.10,2043.82,0.87
1598,539357871,"01598M13:29:22.193","01598 12:42:06",246.38,825.65,,,,"     ",5.10,2051.40,0.87
1598,539357872,"01598M13:29:23.166","01598 12:42:07",246.45,825.67,,,,"     ",5.10,2056.45,0.87
1598,539357873,"01598M13:29:24.139","01598 12:42:08",246.49,825.61,,,,"     ",5.10,2063.91,0.87
1598,539357874,"01598M13:29:25.112","01598 12:42:09",246.49,825.62,,,,"     ",5.10,2067.87,0.88
1598,539357875,"01598M13:29:26.086","01598 12:42:10",246.40,825.63,,,,"     ",5.10,2080.85,0.88
1598,539357876,"01598M13:29:27.059","01598 12:42:11",246.32,825.62,,,,"     ",5.10,2065.08,0.87
1598,539357877,"01598M13:29:28.032","01598 12:42:12",246.25,825.62,,,,"     ",5.10,2012.75,0.85
1598,539357878,"01598M13:29:29.005","01598 12:42:13",246.19,825.64,,,,"     ",5.10,2057.93,0.87
1598,539357879,"01598M13:29:29.979","01598 12:42:14",246.16,825.70,,,,"     ",5.10,2042.36,0.86
1598,539357880,"01598M13:29:30.952","01598 12:42:15",246.16,825.74,,,,"     ",5.10,2053.99,0.87
1598,539357881,"01598M13:29:31.925","01598 12:42:16",246.15,825.67,,,,"     ",5.10,2034.43,0.86
1598,539357882,"01598M13:29:32.898","01598 12:42:17",246.13,825.75,,,,"     ",5.10,2050.64,0.87
1598,539357883,"01598M13:29:33.872","01598 12:42:18",246.12,825.74,,,,"     ",5.10,2051.48,0.87
1598,539357884,"01598M13:29:34.845","01598 12:42:19",246.13,825.71,,,,"     ",5.10,2048.44,0.87
1598,539357885,"01598M13:29:35.818","01598 12:42:20",246.16,825.65,,,,"     ",5.10,2058.49,0.87
1598,539357886,"01598M13:29:36.791","01598 12:42:21",246.20,825.59,,,,"     ",5.10,2065.98,0.87
1598,539357887,"01598M13:29:37.765","01598 12:42:22",246.24,825.57,,,,"     ",5.10,2042.96,0.86
1598,539357888,"01598M13:29:38.738","01598 12:42:23",246.30,825.66,,,,"     ",5.10,2079.82,0.88
1598,539357889,"01598M13:29:39.711","01598 12:42:24",246.34,825.66,,,,"     ",5.10,2058.86,0.87
1598,539357890,"01598M13:29:40.684","01598 12:42:25",246.38,825.57,,,,"     ",5.10,2080.36,0.88
1598,539357891,"01598M13:29:41.658","01598 12:42:26",246.41,825.62,,,,"     ",5.10,2065.80,0.87
1598,539357892,"01598M13:29:42.631","01598 12:42:27",246.46,825.61,,,,"     ",5.10,2060.71,0.87
1598,539357893,"01598M13:29:43.604","01598 12:42:28",246.51,825.53,,,,"     ",5.10,2054.97,0.87
1598,539357894,"01598M13:29:44.577","01598 12:42:29",246.57,825.55,,,,"     ",5.10,2069.98,0.87
1598,539357895,"01598M13:29:45.551","01598 12:42:30",246.62,825.51,,,,"     ",5.10,2064.45,0.87
1598,539357896,"01598M13:29:46.524","01598 12:42:31",246.65,825.46,,,,"     ",5.10,2063.97,0.87
1598,539357897,"01598M13:29:47.497","01598 12:42:32",246.67,825.63,,,,"     ",5.10,2072.87,0.87
1598,539357898,"01598M13:29:48.470","01598 12:42:32",246.66,825.64,,,,"     ",5.10,2050.77,0.86
1598,539357899,"01598M13:29:49.444","01598 12:42:33",246.62,825.51,,,,"     ",5.10,2050.91,0.86
1598,539357900,"01598M13:29:50.417","01598 12:42:34",246.54,825.48,,,,"     ",5.10,2070.36,0.87
1598,539357901,"01598M13:29:51.390","01598 12:42:35",246.44,825.54,,,,"     ",5.10,2079.15,0.88
1598,539357902,"01598M13:29:52.363","01598 12:42:36",246.30,825.54,,,,"     ",5.10,2061.28,0.87
1598,539357903,"01598M13:29:53.337","01598 12:42:37",246.15,825.54,,,,"     ",5.10,2087.28,0.88
1598,539357904,"01598M13:29:54.310","01598 12:42:38",245.98,825.61,,,,"     ",5.10,2060.79,0.87
1598,539357905,"01598M13:29:55.283","01598 12:42:39",245.81,825.55,,,,"     ",5.10,2046.66,0.86
1598,539357906,"01598M13:29:56.256","01598 12:42:40",245.64,825.54,,,,"     ",5.10,2034.21,0.86
1598,539357907,"01598M13:29:57.230","01598 12:42:41",245.49,825.52,,,,"     ",5.10,2074.49,0.87
1598,539357908,"01598M13:29:58.203","01598 12:42:42",245.36,825.49,,,,"     ",5.10,2020.20,0.85
1598,539357909,"01598M13:29:59.176","01598 12:42:43",245.25,825.53,,,,"     ",5.10,2046.91,0.86
1598,539357910,"01598M13:30:00.149","01598 12:42:44",245.16,825.53,,,,"     ",5.10,2039.76,0.86
1598,539357911,"01598M13:30:01.123","01598 12:42:45",245.08,825.49,,,,"     ",5.10,2055.95,0.86
1598,539357912,"01598M13:30:02.096","01598 12:42:46",244.98,825.60,,,,"     ",5.10,2046.33,0.86
1598,539357913,"01598M13:30:03.069","01598 12:42:47",244.86,825.58,,,,"     ",5.10,2072.42,0.87
1598,539357914,"01598M13:30:04.042","01598 12:42:48",244.74,825.53,,,,"     ",5.10,2078.77,0.87
1598,539357915,"01598M13:30:05.016","01598 12:42:49",244.63,825.46,,,,"     ",5.10,2066.90,0.87
1598,539357916,"01598M13:30:05.989","01598 12:42:50",244.53,825.43,,,,"     ",5.10,2042.95,0.86
1598,539357917,"01598M13:30:06.962","01598 12:42:51",244.44,825.52,,,,"     ",5.10,2092.49,0.88
1598,539357918,"01598M13:30:07.935","01598 12:42:52",244.36,825.46,,,,"     ",5.10,2063.90,0.87
1598,539357919,"01598M13:30:08.909","01598 12:42:53",244.27,825.51,,,,"     ",5.10,2074.51,0.87
1598,539357920,"01598M13:30:09.882","01598 12:42:54",244.17,825.47,,,,"     ",5.10,2087.27,0.88
1598,539357921,"01598M13:30:10.855","01598 12:42:55",244.08,825.52,,,,"     ",5.10,2064.53,0.87
1598,539357922,"01598M13:30:11.828","01598 12:42:56",243.99,825.56,,,,"     ",5.10,2064.24,0.87
1598,539357923,"01598M13:30:12.802","01598 12:42:57",243.91,825.52,,,,"     ",5.10,2040.71,0.86
1598,539357924,"01598M13:30:13.775","01598 12:42:58",243.87,825.53,,,,"     ",5.10,2055.75,0.87
1598,539357925,"01598M13:30:14.748","01598 12:42:59",243.84,825.50,,,,"     ",5.10,2065.89,0.87
1598,539357926,"01598M13:30:15.721","01598 12:43:00",243.82,825.49,,,,"     ",5.10,2083.99,0.88
1598,539357927,"01598M13:30:16.695","01598 12:43:01",243.81,825.50,,,,"     ",5.10,2088.70,0.88
1598,539357928,"01598M13:30:17.668","01598 12:43:02",243.78,825.45,,,,"     ",5.10,2070.32,0.87
1598,539357929,"01598M13:30:18.641","01598 12:43:03",243.76,825.49,,,,"     ",5.10,2048.63,0.86
1598,539357930,"01598M13:30:19.615","01598 12:43:04",243.75,825.47,,,,"     ",5.10,2065.46,0.87
1598,539357931,"01598M13:30:20.588","01598 12:43:05",243.76,825.53,,,,"     ",5.10,2068.51,0.87
1598,539357932,"01598M13:30:21.561","01598 12:43:06",243.80,825.42,,,,"     ",5.10,2051.52,0.86
1598,539357933,"01598M13:30:22.534","01598 12:43:07",243.89,825.43,,,,"     ",5.10,2072.09,0.87
1598,539357934,"01598M13:30:23.508","01598 12:43:08",244.02,825.44,,,,"     ",5.10,2053.29,0.87
1598,539357935,"01598M13:30:24.481","01598 12:43:08",244.19,825.40,,,,"     ",5.10,2089.82,0.88
1598,539357936,"01598M13:30:25.454","01598 12:43:09",244.39,825.45,,,,"     ",5.10,2057.07,0.87
1598,539357937,"01598M13:30:26.427","01598 12:43:10",244.61,825.49,,,,"     ",5.10,2034.86,0.86
1598,539357938,"01598M13:30:27.401","01598 12:43:11",244.65,825.39,,,,"     ",5.10,2044.48,0.86
1598,539357939,"01598M13:30:28.374","01598 12:43:12",244.61,825.45,,,,"     ",5.10,2042.73,0.86
1598,539357940,"01598M13:30:29.347","01598 12:43:13",244.60,825.37,,,,"     ",5.10,2068.61,0.87
1598,539357941,"01598M13:30:30.320","01598 12:43:14",244.58,825.36,,,,"     ",5.10,2068.55,0.87
1598,539357942,"01598M13:30:31.294","01598 12:43:15",244.57,825.41,,,,"     ",5.10,2074.05,0.87
1598,539357943,"01598M13:30:32.267","01598 12:43:16",244.57,825.34,,,,"     ",5.10,2040.59,0.86
1598,539357944,"01598M13:30:33.240","01598 12:43:17",244.56,825.34,,,,"     ",5.10,2062.98,0.87
1598,539357945,"01598M13:30:34.213","01598 12:43:18",244.56,825.42,,,,"     ",5.10,2034.64,0.86
1598,539357946,"01598M13:30:35.187","01598 12:43:19",244.56,825.43,,,,"     ",5.10,2057.21,0.87
1598,539357947,"01598M13:30:36.160","01598 12:43:20",244.55,825.45,,,,"     ",5.10,2042.60,0.86
1598,539357948,"01598M13:30:37.133","01598 12:43:21",244.53,825.44,,,,"     ",5.10,2068.55,0.87
1598,539357949,"01598M13:30:38.106","01598 12:43:22",244.49,825.47,,,,"     ",5.10,2048.47,0.86
1598,539357950,"01598M13:30:39.080","01598 12:43:23",244.46,825.47,,,,"     ",5.10,2062.03,0.87
1598,539357951,"01598M13:30:40.053","01598 12:43:24",244.43,825.39,,,,"     ",5.10,2044.72,0.86
1598,539357952,"01598M13:30:41.026","01598 12:43:25",244.39,825.48,,,,"     ",5.10,2096.02,0.88
1598,539357953,"01598M13:30:41.999","01598 12:43:26",244.36,825.43,,,,"     ",5.10,2056.18,0.86
1598,539357954,"01598M13:30:42.973","01598 12:43:27",244.32,825.43,,,,"     ",5.10,2086.90,0.88
1598,539357955,"01598M13:30:43.946","01598 12:43:28",244.29,825.45,,,,"     ",5.10,2062.68,0.87
1598,539357956,"01598M13:30:44.919","01598 12:43:29",244.24,825.46,,,,"     ",5.10,2066.39,0.87
1598,539357957,"01598M13:30:45.892","01598 12:43:30",244.20,825.43,,,,"     ",5.10,2025.29,0.85
1598,539357958,"01598M13:30:46.866","01598 12:43:31",244.16,825.41,,,,"     ",5.10,2034.82,0.85
1598,539357959,"01598M13:30:47.839","01598 12:43:32",244.11,825.31,,,,"     ",5.10,2057.06,0.86
1598,539357960,"01598M13:30:48.812","01598 12:43:33",244.07,825.39,,,,"     ",5.10,2079.77,0.87
1598,539357961,"01598M13:30:49.785","01598 12:43:34",244.02,825.44,,,,"     ",5.10,2056.72,0.86
1598,539357962,"01598M13:30:50.759","01598 12:43:35",243.98,825.43,,,,"     ",5.10,2056.23,0.86
1598,539357963,"01598M13:30:51.732","01598 12:43:36",243.98,825.38,,,,"     ",5.10,2070.90,0.87
1598,539357964,"01598M13:30:52.705","01598 12:43:37",244.15,825.32,,,,"     ",5.10,2073.19,0.87
1598,539357965,"01598M13:30:53.678","01598 12:43:38",244.31,825.30,,,,"     ",5.10,2051.99,0.86
1598,539357966,"01598M13:30:54.652","01598 12:43:39",244.46,825.27,,,,"     ",5.10,2085.12,0.87
1598,539357967,"01598M13:30:55.625","01598 12:43:40",244.62,825.24,,,,"     ",5.10,2071.16,0.87
1598,539357968,"01598M13:30:56.598","01598 12:43:41",244.78,825.27,,,,"     ",5.10,2066.83,0.86
1598,539357969,"01598M13:30:57.571","01598 12:43:42",244.92,825.21,,,,"     ",5.10,2091.14,0.87
1598,539357970,"01598M13:30:58.545","01598 12:43:43",245.07,825.17,,,,"     ",5.10,2052.99,0.86
1598,539357971,"01598M13:30:59.518","01598 12:43:44",245.22,825.27,,,,"     ",5.10,2043.40,0.85
1598,539357972,"01598M13:31:00.491","01598 12:43:44",245.36,825.31,,,,"     ",5.10,2023.35,0.84
1598,539357973,"01598M13:31:01.464","01598 12:43:45",245.51,825.35,,,,"     ",5.10,2049.57,0.85
1598,539357974,"01598M13:31:02.438","01598 12:43:46",245.65,825.35,,,,"     ",5.10,2086.97,0.87
1598,539357975,"01598M13:31:03.411","01598 12:43:47",245.79,825.26,,,,"     ",5.10,2040.10,0.85
1598,539357976,"01598M13:31:04.384","01598 12:43:48",245.92,825.28,,,,"     ",5.10,2091.41,0.87
1598,539357977,"01598M13:31:05.357","01598 12:43:49",246.06,825.19,,,,"     ",5.10,2052.25,0.85
1598,539357978,"01598M13:31:06.331","01598 12:43:50",246.19,825.23,,,,"     ",5.10,2069.62,0.86
1598,539357979,"01598M13:31:07.304","01598 12:43:51",246.31,825.22,,,,"     ",5.10,2070.13,0.86
1598,539357980,"01598M13:31:08.277","01598 12:43:52",246.42,825.20,,,,"     ",5.10,2086.96,0.87
1598,539357981,"01598M13:31:09.250","01598 12:43:53",246.51,825.18,,,,"     ",5.10,2066.34,0.86
1598,539357982,"01598M13:31:10.224","01598 12:43:54",246.57,825.27,,,,"     ",5.10,2108.86,0.87
1598,539357983,"01598M13:31:11.197","01598 12:43:55",246.60,825.17,,,,"     ",5.10,2061.56,0.85
1598,539357984,"01598M13:31:12.170","01598 12:43:56",246.60,825.23,,,,"     ",5.10,2076.68,0.86
1598,539357985,"01598M13:31:13.143","01598 12:43:57",246.58,825.18,,,,"     ",5.10,2100.66,0.87
1598,539357986,"01598M13:31:14.117","01598 12:43:58",246.55,825.09,,,,"     ",5.10,2077.14,0.86
1598,539357987,"01598M13:31:15.090","01598 12:43:59",246.52,825.13,,,,"     ",5.10,2085.39,0.86
1598,539357988,"01598M13:31:16.063","01598 12:44:00",246.49,825.18,,,,"     ",5.10,2079.76,0.86
1598,539357989,"01598M13:31:17.036","01598 12:44:01",246.48,825.20,,,,"     ",5.10,2080.61,0.86
1598,539357990,"01598M13:31:18.010","01598 12:44:02",246.48,825.24,,,,"     ",5.10,2095.42,0.87
1598,539357991,"01598M13:31:18.983","01598 12:44:03",246.50,825.23,,,,"     ",5.10,2111.49,0.87
1598,539357992,"01598M13:31:19.956","01598 12:44:04",246.54,825.23,,,,"     ",5.10,2115.69,0.87
1598,539357993,"01598M13:31:20.929","01598 12:44:05",246.60,825.28,,,,"     ",5.10,2087.35,0.86
1598,539357994,"01598M13:31:21.903","01598 12:44:06",246.66,825.28,,,,"     ",5.10,2092.36,0.86
1598,539357995,"01598M13:31:22.876","01598 12:44:07",246.72,825.17,,,,"     ",5.10,2049.76,0.84
1598,539357996,"01598M13:31:23.849","01598 12:44:08",246.78,825.25,,,,"     ",5.10,2072.56,0.85
1598,539357997,"01598M13:31:24.822","01598 12:44:09",246.85,825.30,,,,"     ",5.10,2073.37,0.85
1598,539357998,"01598M13:31:25.796","01598 12:44:10",246.91,825.25,,,,"     ",5.10,2084.43,0.86
1598,539357999,"01598M13:31:26.769","01598 12:44:11",246.96,825.23,,,,"     ",5.10,2075.96,0.85
1598,539358000,"01598M13:31:27.742","01598 12:44:12",246.99,825.30,,,,"     ",5.10,2106.03,0.87
1598,539358001,"01598M13:31:28.716","01598 12:44:13",247.01,825.28,,,,"     ",5.10,2104.55,0.86
1598,539358002,"01598M13:31:29.689","01598 12:44:14",247.02,825.28,,,,"     ",5.10,2099.82,0.86
1598,539358003,"01598M13:31:30.662","01598 12:44:15",247.02,825.23,,,,"     ",5.10,2104.47,0.86
1598,539358004,"01598M13:31:31.635","01598 12:44:16",247.01,825.12,,,,"     ",5.10,2108.36,0.86
1598,539358005,"01598M13:31:32.609","01598 12:44:17",247.00,825.11,,,,"     ",5.10,2103.67,0.86
1598,539358006,"01598M13:31:33.582","01598 12:44:18",246.98,825.16,,,,"     ",5.10,2112.59,0.87
1598,539358007,"01598M13:31:34.555","01598 12:44:19",246.96,825.13,,,,"     ",5.10,2101.44,0.86
1598,539358008,"01598M13:31:35.528","01598 12:44:20",246.94,825.16,,,,"     ",5.10,2109.08,0.86
1598,539358009,"01598M13:31:36.502","01598 12:44:20",246.91,825.10,,,,"     ",5.10,2099.47,0.86
1598,539358010,"01598M13:31:37.475","01598 12:44:21",246.87,825.15,,,,"     ",5.10,2093.77,0.86
1598,539358011,"01598M13:31:38.448","01598 12:44:22",246.83,825.07,,,,"     ",5.10,2087.38,0.85
1598,539358012,"01598M13:31:39.421","01598 12:44:23",246.78,825.15,,,,"     ",5.10,2097.89,0.86
1598,539358013,"01598M13:31:40.395","01598 12:44:24",246.71,825.13,,,,"     ",5.10,2090.30,0.85
1598,539358014,"01598M13:31:41.368","01598 12:44:25",246.65,825.14,,,,"     ",5.10,2078.93,0.85
1598,539358015,"01598M13:31:42.341","01598 12:44:26",246.56,825.13,,,,"     ",5.10,2072.79,0.85
1598,539358016,"01598M13:31:43.314","01598 12:44:27",246.48,825.10,,,,"     ",5.10,2116.16,0.86
1598,539358017,"01598M13:31:44.288","01598 12:44:28",246.41,825.17,,,,"     ",5.10,2091.23,0.85
1598,539358018,"01598M13:31:45.261","01598 12:44:29",246.34,825.13,,,,"     ",5.10,2092.97,0.85
1598,539358019,"01598M13:31:46.234","01598 12:44:30",246.28,825.16,,,,"     ",5.10,2124.99,0.87
1598,539358020,"01598M13:31:47.207","01598 12:44:31",246.22,825.12,,,,"     ",5.10,2129.42,0.87
1598,539358021,"01598M13:31:48.181","01598 12:44:32",246.17,825.06,,,,"     ",5.10,2113.39,0.86
1598,539358022,"01598M13:31:49.154","01598 12:44:33",246.14,825.11,,,,"     ",5.10,2130.60,0.87
1598,539358023,"01598M13:31:50.127","01598 12:44:34",246.11,825.06,,,,"     ",5.10,2090.78,0.85
1598,539358024,"01598M13:31:51.100","01598 12:44:35",246.07,825.16,,,,"     ",5.10,2086.67,0.85
1598,539358025,"01598M13:31:52.074","01598 12:44:36",246.04,825.19,,,,"     ",5.10,2119.57,0.86
1598,539358026,"01598M13:31:53.047","01598 12:44:37",246.00,825.14,,,,"     ",5.10,2090.66,0.85
1598,539358027,"01598M13:31:54.020","01598 12:44:38",245.97,825.15,,,,"     ",5.10,2090.74,0.85
1598,539358028,"01598M13:31:54.993","01598 12:44:39",245.94,825.18,,,,"     ",5.10,2096.03,0.85
1598,539358029,"01598M13:31:55.967","01598 12:44:40",245.91,825.15,,,,"     ",5.10,2084.21,0.85
1598,539358030,"01598M13:31:56.940","01598 12:44:41",245.88,825.16,,,,"     ",5.10,2103.20,0.86
1598,539358031,"01598M13:31:57.913","01598 12:44:42",245.85,825.14,,,,"     ",5.10,2111.51,0.86
1598,539358032,"01598M13:31:58.886","01598 12:44:43",245.82,825.14,,,,"     ",5.10,2083.10,0.85
1598,539358033,"01598M13:31:59.860","01598 12:44:44",245.80,824.99,,,,"     ",5.10,2082.24,0.85
1598,539358034,"01598M13:32:00.833","01598 12:44:45",245.78,825.00,,,,"     ",5.10,2086.76,0.85
1598,539358035,"01598M13:32:01.806","01598 12:44:46",245.78,825.06,,,,"     ",5.10,2070.17,0.84
1598,539358036,"01598M13:32:02.779","01598 12:44:47",245.79,825.05,,,,"     ",5.10,2078.76,0.85
1598,539358037,"01598M13:32:03.753","01598 12:44:48",245.83,825.09,,,,"     ",5.10,2111.96,0.86
1598,539358038,"01598M13:32:04.726","01598 12:44:49",245.89,825.02,,,,"     ",5.10,2089.83,0.85
1598,539358039,"01598M13:32:05.699","01598 12:44:50",245.97,825.10,,,,"     ",5.10,2087.74,0.85
1598,539358040,"01598M13:32:06.672","01598 12:44:51",246.08,825.09,,,,"     ",5.10,2120.46,0.86
1598,539358041,"01598M13:32:07.646","01598 12:44:52",246.20,825.05,,,,"     ",5.10,2108.14,0.86
1598,539358042,"01598M13:32:08.619","01598 12:44:53",246.34,825.09,,,,"     ",5.10,2116.51,0.86
1598,539358043,"01598M13:32:09.592","01598 12:44:54",246.49,825.09,,,,"     ",5.10,2125.42,0.86
1598,539358044,"01598M13:32:10.565","01598 12:44:55",246.64,825.05,,,,"     ",5.10,2124.40,0.86
1598,539358045,"01598M13:32:11.539","01598 12:44:56",246.78,825.01,,,,"     ",5.10,2111.14,0.86
1598,539358046,"01598M13:32:12.512","01598 12:44:57",246.92,824.98,,,,"     ",5.10,2129.98,0.87
1598,539358047,"01598M13:32:13.485","01598 12:44:57",247.04,824.89,,,,"     ",5.10,2104.61,0.85
1598,539358048,"01598M13:32:14.458","01598 12:44:58",247.14,824.91,,,,"     ",5.10,2094.81,0.85
1598,539358049,"01598M13:32:15.432","01598 12:44:59",247.19,824.90,,,,"     ",5.10,2114.00,0.86
1598,539358050,"01598M13:32:16.405","01598 12:45:00",247.13,824.95,,,,"     ",5.10,2123.41,0.86
1598,539358051,"01598M13:32:17.378","01598 12:45:01",247.03,824.83,,,,"     ",5.10,2098.92,0.85
1598,539358052,"01598M13:32:18.351","01598 12:45:02",246.95,824.85,,,,"     ",5.10,2121.83,0.86
1598,539358053,"01598M13:32:19.325","01598 12:45:03",246.88,824.96,,,,"     ",5.10,2136.67,0.87
1598,539358054,"01598M13:32:20.298","01598 12:45:04",246.85,825.00,,,,"     ",5.10,2119.47,0.86
1598,539358055,"01598M13:32:21.271","01598 12:45:05",246.86,824.98,,,,"     ",5.10,2109.96,0.85
1598,539358056,"01598M13:32:22.244","01598 12:45:06",246.91,825.00,,,,"     ",5.10,2060.56,0.83
1598,539358057,"01598M13:32:23.218","01598 12:45:07",247.00,824.98,,,,"     ",5.10,2103.60,0.85
1598,539358058,"01598M13:32:24.191","01598 12:45:08",247.10,825.03,,,,"     ",5.10,2114.19,0.86
1598,539358059,"01598M13:32:25.164","01598 12:45:09",247.14,824.96,,,,"     ",5.10,2104.09,0.85
1598,539358060,"01598M13:32:26.137","01598 12:45:10",247.23,824.92,,,,"     ",5.10,2163.85,0.88
1598,539358061,"01598M13:32:27.111","01598 12:45:11",247.35,824.88,,,,"     ",5.10,2104.90,0.85
1598,539358062,"01598M13:32:28.084","01598 12:45:12",247.50,824.87,,,,"     ",5.10,2120.53,0.86
1598,539358063,"01598M13:32:29.057","01598 12:45:13",247.68,824.93,,,,"     ",5.10,2107.26,0.85
1598,539358064,"01598M13:32:30.030","01598 12:45:14",247.88,824.92,,,,"     ",5.10,2120.09,0.86
1598,539358065,"01598M13:32:31.004","01598 12:45:15",248.06,824.84,,,,"     ",5.10,2140.39,0.86
1598,539358066,"01598M13:32:31.977","01598 12:45:16",248.24,824.71,,,,"     ",5.10,2112.19,0.85
1598,539358067,"01598M13:32:32.950","01598 12:45:17",248.40,824.71,,,,"     ",5.10,2144.07,0.86
1598,539358068,"01598M13:32:33.923","01598 12:45:18",248.55,824.61,,,,"     ",5.10,2132.97,0.86
1598,539358069,"01598M13:32:34.897","01598 12:45:19",248.67,824.57,,,,"     ",5.10,2135.06,0.86
1598,539358070,"01598M13:32:35.870","01598 12:45:20",248.76,824.67,,,,"     ",5.10,2110.49,0.85
1598,539358071,"01598M13:32:36.843","01598 12:45:21",248.82,824.81,,,,"     ",5.10,2114.09,0.85
1598,539358072,"01598M13:32:37.817","01598 12:45:22",248.86,824.82,,,,"     ",5.10,2134.95,0.86
1598,539358073,"01598M13:32:38.790","01598 12:45:23",248.87,824.83,,,,"     ",5.10,2121.33,0.85
1598,539358074,"01598M13:32:39.763","01598 12:45:24",248.87,824.79,,,,"     ",5.10,2118.94,0.85
1598,539358075,"01598M13:32:40.736","01598 12:45:25",248.86,824.83,,,,"     ",5.10,2123.53,0.85
1598,539358076,"01598M13:32:41.710","01598 12:45:26",248.84,824.86,,,,"     ",5.10,2124.19,0.85
1598,539358077,"01598M13:32:42.683","01598 12:45:27",248.83,824.83,,,,"     ",5.10,2163.94,0.87
1598,539358078,"01598M13:32:43.656","01598 12:45:28",248.81,824.89,,,,"     ",5.10,2122.32,0.85
1598,539358079,"01598M13:32:44.629","01598 12:45:29",248.80,824.90,,,,"     ",5.10,2121.88,0.85
1598,539358080,"01598M13:32:45.603","01598 12:45:30",248.79,824.87,,,,"     ",5.10,2177.82,0.87
1598,539358081,"01598M13:32:46.576","01598 12:45:31",248.79,824.82,,,,"     ",5.10,2131.30,0.85
1598,539358082,"01598M13:32:47.549","01598 12:45:32",248.79,824.84,,,,"     ",5.10,2163.22,0.87
1598,539358083,"01598M13:32:48.522","01598 12:45:33",248.79,824.85,,,,"     ",5.10,2124.94,0.85
1598,539358084,"01598M13:32:49.496","01598 12:45:33",248.79,824.93,,,,"     ",5.10,2133.66,0.85
1598,539358085,"01598M13:32:50.469","01598 12:45:34",248.78,824.89,,,,"     ",5.10,2129.65,0.85
1598,539358086,"01598M13:32:51.442","01598 12:45:35",248.78,824.94,,,,"     ",5.10,2135.93,0.85
1598,539358087,"01598M13:32:52.415","01598 12:45:36",248.78,824.89,,,,"     ",5.10,2137.53,0.86
1598,539358088,"01598M13:32:53.389","01598 12:45:37",248.78,824.96,,,,"     ",5.10,2146.60,0.86
1598,539358089,"01598M13:32:54.362","01598 12:45:38",248.78,824.94,,,,"     ",5.10,2102.64,0.84
1598,539358090,"01598M13:32:55.335","01598 12:45:39",248.78,825.01,,,,"     ",5.10,2136.17,0.85
1598,539358091,"01598M13:32:56.308","01598 12:45:40",248.77,824.92,,,,"     ",5.10,2116.65,0.85
1598,539358092,"01598M13:32:57.282","01598 12:45:41",248.76,824.97,,,,"     ",5.10,2153.50,0.86
1598,539358093,"01598M13:32:58.255","01598 12:45:42",248.75,824.93,,,,"     ",5.10,2130.82,0.85
1598,539358094,"01598M13:32:59.228","01598 12:45:43",248.75,824.86,,,,"     ",5.10,2136.26,0.85
1598,539358095,"01598M13:33:00.201","01598 12:45:44",248.75,824.82,,,,"     ",5.10,2117.32,0.85
1598,539358096,"01598M13:33:01.175","01598 12:45:45",248.75,824.84,,,,"     ",5.10,2128.73,0.85
1598,539358097,"01598M13:33:02.148","01598 12:45:46",248.77,824.85,,,,"     ",5.10,2135.32,0.85
1598,539358098,"01598M13:33:03.121","01598 12:45:47",248.79,824.88,,,,"     ",5.10,2137.26,0.85
1598,539358099,"01598M13:33:04.094","01598 12:45:48",248.82,824.88,,,,"     ",5.10,2147.87,0.86
1598,539358100,"01598M13:33:05.068","01598 12:45:49",248.86,824.92,,,,"     ",5.10,2112.31,0.84
1598,539358101,"01598M13:33:06.041","01598 12:45:50",248.90,824.87,,,,"     ",5.10,2153.79,0.86
1598,539358102,"01598M13:33:07.014","01598 12:45:51",248.95,824.89,,,,"     ",5.10,2167.22,0.86
1598,539358103,"01598M13:33:07.987","01598 12:45:52",249.00,824.91,,,,"     ",5.10,2119.39,0.85
1598,539358104,"01598M13:33:08.961","01598 12:45:53",249.03,824.79,,,,"     ",5.10,2157.81,0.86
1598,539358105,"01598M13:33:09.934","01598 12:45:54",249.05,824.74,,,,"     ",5.10,2147.21,0.86
1598,539358106,"01598M13:33:10.907","01598 12:45:55",249.04,824.80,,,,"     ",5.10,2143.77,0.85
1598,539358107,"01598M13:33:11.880","01598 12:45:56",249.03,824.76,,,,"     ",5.10,2156.12,0.86
1598,539358108,"01598M13:33:12.854","01598 12:45:57",249.01,824.85,,,,"     ",5.10,2151.24,0.86
1598,539358109,"01598M13:33:13.827","01598 12:45:58",248.99,824.79,,,,"     ",5.10,2138.34,0.85
1598,539358110,"01598M13:33:14.800","01598 12:45:59",248.99,824.77,,,,"     ",5.10,2124.88,0.85
1598,539358111,"01598M13:33:15.773","01598 12:46:00",249.01,824.76,,,,"     ",5.10,2130.48,0.85
1598,539358112,"01598M13:33:16.747","01598 12:46:01",249.06,824.76,,,,"     ",5.10,2140.62,0.85
1598,539358113,"01598M13:33:17.720","01598 12:46:02",249.07,824.73,,,,"     ",5.10,2155.04,0.86
1598,539358114,"01598M13:33:18.693","01598 12:46:03",249.08,824.79,,,,"     ",5.10,2136.10,0.85
1598,539358115,"01598M13:33:19.666","01598 12:46:04",249.11,824.71,,,,"     ",5.10,2135.13,0.85
1598,539358116,"01598M13:33:20.640","01598 12:46:05",249.17,824.67,,,,"     ",5.10,2141.49,0.85
1598,539358117,"01598M13:33:21.613","01598 12:46:06",249.25,824.65,,,,"     ",5.10,2133.19,0.85
1598,539358118,"01598M13:33:22.586","01598 12:46:07",249.34,824.76,,,,"     ",5.10,2148.02,0.85
1598,539358119,"01598M13:33:23.559","01598 12:46:08",249.44,824.60,,,,"     ",5.10,2112.49,0.84
1598,539358120,"01598M13:33:24.533","01598 12:46:09",249.55,824.76,,,,"     ",5.10,2163.54,0.86
1598,539358121,"01598M13:33:25.506","01598 12:46:09",249.67,824.78,,,,"     ",5.10,2159.90,0.86
1598,539358122,"01598M13:33:26.479","01598 12:46:10",249.80,824.63,,,,"     ",5.10,2162.73,0.86
1598,539358123,"01598M13:33:27.452","01598 12:46:11",249.93,824.66,,,,"     ",5.10,2168.67,0.86
1598,539358124,"01598M13:33:28.426","01598 12:46:12",250.06,824.77,,,,"     ",5.10,2153.90,0.85
1598,539358125,"01598M13:33:29.399","01598 12:46:13",250.20,824.73,,,,"     ",5.10,2148.83,0.85
1598,539358126,"01598M13:33:30.372","01598 12:46:14",250.32,824.72,,,,"     ",5.10,2134.99,0.85
1598,539358127,"01598M13:33:31.345","01598 12:46:15",250.36,824.79,,,,"     ",5.10,2159.27,0.86
1598,539358128,"01598M13:33:32.319","01598 12:46:16",250.34,824.63,,,,"     ",5.10,2178.65,0.86
1598,539358129,"01598M13:33:33.292","01598 12:46:17",250.32,824.75,,,,"     ",5.10,2153.44,0.85
1598,539358130,"01598M13:33:34.265","01598 12:46:18",250.30,824.85,,,,"     ",5.10,2151.61,0.85
1598,539358131,"01598M13:33:35.238","01598 12:46:19",250.28,824.70,,,,"     ",5.10,2135.97,0.84
1598,539358132,"01598M13:33:36.212","01598 12:46:20",250.26,824.53,,,,"     ",5.10,2147.78,0.85
1598,539358133,"01598M13:33:37.185","01598 12:46:21",250.23,824.69,,,,"     ",5.10,2173.97,0.86
1598,539358134,"01598M13:33:38.158","01598 12:46:22",250.21,824.63,,,,"     ",5.10,2146.14,0.85
1598,539358135,"01598M13:33:39.131","01598 12:46:23",250.18,824.66,,,,"     ",5.10,2158.79,0.85
1598,539358136,"01598M13:33:40.105","01598 12:46:24",250.15,824.67,,,,"     ",5.10,2161.10,0.85
1598,539358137,"01598M13:33:41.078","01598 12:46:25",250.13,824.68,,,,"     ",5.10,2127.73,0.84
1598,539358138,"01598M13:33:42.051","01598 12:46:26",250.12,824.63,,,,"     ",5.10,2127.95,0.84
1598,539358139,"01598M13:33:43.024","01598 12:46:27",250.12,824.58,,,,"     ",5.10,2137.63,0.84
1598,539358140,"01598M13:33:43.998","01598 12:46:28",250.14,824.67,,,,"     ",5.10,2162.92,0.85
1598,539358141,"01598M13:33:44.971","01598 12:46:29",250.17,824.59,,,,"     ",5.10,2173.46,0.86
1598,539358142,"01598M13:33:45.944","01598 12:46:30",250.23,824.68,,,,"     ",5.10,2163.12,0.85
1598,539358143,"01598M13:33:46.917","01598 12:46:31",250.29,824.67,,,,"     ",5.10,2153.24,0.85
1598,539358144,"01598M13:33:47.891","01598 12:46:32",250.37,824.69,,,,"     ",5.10,2155.00,0.85
1598,539358145,"01598M13:33:48.864","01598 12:46:33",250.45,824.79,,,,"     ",5.10,2182.87,0.86
1598,539358146,"01598M13:33:49.837","01598 12:46:34",250.54,824.72,,,,"     ",5.10,2140.21,0.84
1598,539358147,"01598M13:33:50.811","01598 12:46:35",250.63,824.75,,,,"     ",5.10,2171.92,0.85
1598,539358148,"01598M13:33:51.784","01598 12:46:36",250.69,824.75,,,,"     ",5.10,2162.53,0.85
1598,539358149,"01598M13:33:52.757","01598 12:46:37",250.75,824.73,,,,"     ",5.10,2162.78,0.85
1598,539358150,"01598M13:33:53.730","01598 12:46:38",250.78,824.76,,,,"     ",5.10,2151.50,0.84
1598,539358151,"01598M13:33:54.704","01598 12:46:39",250.78,824.70,,,,"     ",5.10,2184.80,0.86
1598,539358152,"01598M13:33:55.677","01598 12:46:40",250.76,824.68,,,,"     ",5.10,2183.46,0.85
1598,539358153,"01598M13:33:56.650","01598 12:46:41",250.73,824.61,,,,"     ",5.10,2163.34,0.85
1598,539358154,"01598M13:33:57.623","01598 12:46:42",250.69,824.55,,,,"     ",5.10,2159.96,0.84
1598,539358155,"01598M13:33:58.597","01598 12:46:43",250.65,824.53,,,,"     ",5.10,2191.82,0.86
1598,539358156,"01598M13:33:59.570","01598 12:46:44",250.62,824.49,,,,"     ",5.10,2142.64,0.84
1598,539358157,"01598M13:34:00.543","01598 12:46:45",250.60,824.53,,,,"     ",5.10,2171.28,0.85
1598,539358158,"01598M13:34:01.516","01598 12:46:45",250.59,824.53,,,,"     ",5.10,2163.02,0.84
1598,539358159,"01598M13:34:02.490","01598 12:46:46",250.58,824.42,,,,"     ",5.10,2183.04,0.85
1598,539358160,"01598M13:34:03.463","01598 12:46:47",250.58,824.51,,,,"     ",5.10,2155.22,0.84
1598,539358161,"01598M13:34:04.436","01598 12:46:48",250.57,824.57,,,,"     ",5.10,2188.90,0.85
1598,539358162,"01598M13:34:05.409","01598 12:46:49",250.56,824.52,,,,"     ",5.10,2185.93,0.85
1598,539358163,"01598M13:34:06.383","01598 12:46:50",250.53,824.49,,,,"     ",5.10,2188.06,0.85
1598,539358164,"01598M13:34:07.356","01598 12:46:51",250.50,824.51,,,,"     ",5.10,2138.60,0.83
1598,539358165,"01598M13:34:08.329","01598 12:46:52",250.45,824.54,,,,"     ",5.10,2170.40,0.84
1598,539358166,"01598M13:34:09.302","01598 12:46:53",250.40,824.47,,,,"     ",5.10,2163.99,0.84
1598,539358167,"01598M13:34:10.276","01598 12:46:54",250.34,824.39,,,,"     ",5.10,2169.81,0.84
1598,539358168,"01598M13:34:11.249","01598 12:46:55",250.30,824.32,,,,"     ",5.10,2179.81,0.84
1598,539358169,"01598M13:34:12.222","01598 12:46:56",250.26,824.37,,,,"     ",5.10,2181.29,0.84
1598,539358170,"01598M13:34:13.195","01598 12:46:57",250.25,824.39,,,,"     ",5.10,2174.03,0.84
1598,539358171,"01598M13:34:14.169","01598 12:46:58",250.27,824.34,,,,"     ",5.10,2179.22,0.84
1598,539358172,"01598M13:34:15.142","01598 12:46:59",250.32,824.36,,,,"     ",5.10,2169.55,0.84
1598,539358173,"01598M13:34:16.115","01598 12:47:00",250.41,824.40,,,,"     ",5.10,2179.28,0.84
1598,539358174,"01598M13:34:17.088","01598 12:47:01",250.53,824.34,,,,"     ",5.10,2168.41,0.84
1598,539358175,"01598M13:34:18.062","01598 12:47:02",250.65,824.32,,,,"     ",5.10,2169.42,0.84
1598,539358176,"01598M13:34:19.035","01598 12:47:03",250.76,824.38,,,,"     ",5.10,2186.81,0.84
1598,539358177,"01598M13:34:20.008","01598 12:47:04",250.85,824.48,,,,"     ",5.10,2174.84,0.84
1598,539358178,"01598M13:34:20.981","01598 12:47:05",250.90,824.44,,,,"     ",5.10,2165.09,0.83
1598,539358179,"01598M13:34:21.955","01598 12:47:06",250.93,824.33,,,,"     ",5.10,2195.31,0.85
1598,539358180,"01598M13:34:22.928","01598 12:47:07",250.92,824.39,,,,"     ",5.10,2250.97,0.87
1598,539358181,"01598M13:34:23.901","01598 12:47:08",250.89,824.38,,,,"     ",5.10,2197.26,0.84
1598,539358182,"01598M13:34:24.874","01598 12:47:09",250.84,824.44,,,,"     ",5.10,2198.18,0.85
1598,539358183,"01598M13:34:25.848","01598 12:47:10",250.78,824.48,,,,"     ",5.10,2216.24,0.85
1598,539358184,"01598M13:34:26.821","01598 12:47:11",250.72,824.40,,,,"     ",5.10,2182.31,0.84
1598,539358185,"01598M13:34:27.794","01598 12:47:12",250.68,824.50,,,,"     ",5.10,2209.68,0.85
1598,539358186,"01598M13:34:28.767","01598 12:47:13",250.66,824.42,,,,"     ",5.10,2195.22,0.84
1598,539358187,"01598M13:34:29.741","01598 12:47:14",250.67,824.46,,,,"     ",5.10,2194.14,0.84
1598,539358188,"01598M13:34:30.714","01598 12:47:15",250.69,824.36,,,,"     ",5.10,2180.97,0.83
1598,539358189,"01598M13:34:31.687","01598 12:47:16",250.74,824.45,,,,"     ",5.10,2183.15,0.84
1598,539358190,"01598M13:34:32.660","01598 12:47:17",250.79,824.42,,,,"     ",5.10,2193.27,0.84
1598,539358191,"01598M13:34:33.634","01598 12:47:18",250.85,824.48,,,,"     ",5.10,2172.36,0.83
1598,539358192,"01598M13:34:34.607","01598 12:47:19",250.91,824.46,,,,"     ",5.10,2184.96,0.83
1598,539358193,"01598M13:34:35.580","01598 12:47:20",250.96,824.40,,,,"     ",5.10,2183.92,0.83
1598,539358194,"01598M13:34:36.553","01598 12:47:21",251.00,824.34,,,,"     ",5.10,2179.90,0.83
1598,539358195,"01598M13:34:37.527","01598 12:47:21",251.02,824.36,,,,"     ",5.10,2233.80,0.85
1598,539358196,"01598M13:34:38.500","01598 12:47:22",251.02,824.32,,,,"     ",5.10,2218.49,0.85
1598,539358197,"01598M13:34:39.473","01598 12:47:23",250.99,824.27,,,,"     ",5.10,2227.95,0.85
1598,539358198,"01598M13:34:40.446","01598 12:47:24",250.95,824.39,,,,"     ",5.10,2178.96,0.83
1598,539358199,"01598M13:34:41.420","01598 12:47:25",250.89,824.30,,,,"     ",5.10,2227.68,0.85
1598,539358200,"01598M13:34:42.393","01598 12:47:26",250.82,824.33,,,,"     ",5.10,2212.46,0.84
1598,539358201,"01598M13:34:43.366","01598 12:47:27",250.74,824.35,,,,"     ",5.10,2193.53,0.83
1598,539358202,"01598M13:34:44.339","01598 12:47:28",250.67,824.36,,,,"     ",5.10,2199.77,0.83
1598,539358203,"01598M13:34:45.313","01598 12:47:29",250.61,824.34,,,,"     ",5.10,2182.23,0.83
1598,539358204,"01598M13:34:46.286","01598 12:47:30",250.56,824.26,,,,"     ",5.10,2214.34,0.84
1598,539358205,"01598M13:34:47.259","01598 12:47:31",250.53,824.29,,,,"     ",5.10,2197.20,0.83
1598,539358206,"01598M13:34:48.232","01598 12:47:32",250.52,824.39,,,,"     ",5.10,2205.96,0.83
1598,539358207,"01598M13:34:49.206","01598 12:47:33",250.51,824.39,,,,"     ",5.10,2235.26,0.85
1598,539358208,"01598M13:34:50.179","01598 12:47:34",250.50,824.29,,,,"     ",5.10,2223.87,0.84
1598,539358209,"01598M13:34:51.152","01598 12:47:35",250.50,824.21,,,,"     ",5.10,2228.72,0.84
1598,539358210,"01598M13:34:52.125","01598 12:47:36",250.52,824.31,,,,"     ",5.10,2239.50,0.85
1598,539358211,"01598M13:34:53.099","01598 12:47:37",250.55,824.25,,,,"     ",5.10,2234.24,0.84
1598,539358212,"01598M13:34:54.072","01598 12:47:38",250.58,824.31,,,,"     ",5.10,2233.67,0.84
1598,539358213,"01598M13:34:55.045","01598 12:47:39",250.60,824.27,,,,"     ",5.10,2214.45,0.83
1598,539358214,"01598M13:34:56.018","01598 12:47:40",250.61,824.28,,,,"     ",5.10,2226.80,0.84
1598,539358215,"01598M13:34:56.992","01598 12:47:41",250.60,824.25,,,,"     ",5.10,2231.33,0.84
1598,539358216,"01598M13:34:57.965","01598 12:47:42",250.56,824.24,,,,"     ",5.10,2241.61,0.84
1598,539358217,"01598M13:34:58.938","01598 12:47:43",250.51,824.21,,,,"     ",5.10,2221.26,0.84
1598,539358218,"01598M13:34:59.912","01598 12:47:44",250.44,824.29,,,,"     ",5.10,2214.07,0.83
1598,539358219,"01598M13:35:00.885","01598 12:47:45",250.36,824.15,,,,"     ",5.10,2234.28,0.84
1598,539358220,"01598M13:35:01.858","01598 12:47:46",250.28,824.27,,,,"     ",5.10,2259.30,0.85
1598,539358221,"01598M13:35:02.831","01598 12:47:47",250.21,824.28,,,,"     ",5.10,2277.60,0.86
1598,539358222,"01598M13:35:03.805","01598 12:47:48",250.13,824.33,,,,"     ",5.10,2231.25,0.84
1598,539358223,"01598M13:35:04.778","01598 12:47:49",250.06,824.21,,,,"     ",5.10,2223.16,0.83
1598,539358224,"01598M13:35:05.751","01598 12:47:50",249.99,824.18,,,,"     ",5.10,2227.37,0.84
1598,539358225,"01598M13:35:06.724","01598 12:47:51",249.93,824.19,,,,"     ",5.10,2231.78,0.84
1598,539358226,"01598M13:35:07.698","01598 12:47:52",249.87,824.23,,,,"     ",5.10,2221.67,0.83
1598,539358227,"01598M13:35:08.671","01598 12:47:53",249.82,824.18,,,,"     ",5.10,2234.82,0.84
1598,539358228,"01598M13:35:09.644","01598 12:47:54",249.78,824.23,,,,"     ",5.10,2220.68,0.83
1598,539358229,"01598M13:35:10.617","01598 12:47:55",249.75,824.15,,,,"     ",5.10,2202.65,0.82
1598,539358230,"01598M13:35:11.591","01598 12:47:56",249.75,824.23,,,,"     ",5.10,2210.89,0.83
1598,539358231,"01598M13:35:12.564","01598 12:47:57",249.75,824.17,,,,"     ",5.10,2207.57,0.82
1598,539358232,"01598M13:35:13.537","01598 12:47:57",249.77,824.26,,,,"     ",5.10,2242.96,0.84
1598,539358233,"01598M13:35:14.510","01598 12:47:58",249.80,824.20,,,,"     ",5.10,2233.00,0.83
1598,539358234,"01598M13:35:15.484","01598 12:47:59",249.85,824.22,,,,"     ",5.10,2262.92,0.84
1598,539358235,"01598M13:35:16.457","01598 12:48:00",249.91,824.26,,,,"     ",5.10,2190.72,0.82
1598,539358236,"01598M13:35:17.430","01598 12:48:01",249.97,824.14,,,,"     ",5.10,2236.85,0.83
1598,539358237,"01598M13:35:18.403","01598 12:48:02",250.03,824.11,,,,"     ",5.10,2233.39,0.83
1598,539358238,"01598M13:35:19.377","01598 12:48:03",250.09,824.15,,,,"     ",5.10,2277.14,0.85
1598,539358239,"01598M13:35:20.350","01598 12:48:04",250.13,824.16,,,,"     ",5.10,2232.56,0.83
1598,539358240,"01598M13:35:21.323","01598 12:48:05",250.17,824.09,,,,"     ",5.10,2227.96,0.83
1598,539358241,"01598M13:35:22.296","01598 12:48:06",250.18,824.14,,,,"     ",5.10,2256.79,0.84
1598,539358242,"01598M13:35:23.270","01598 12:48:07",250.17,824.15,,,,"     ",5.10,2222.65,0.83
1598,539358243,"01598M13:35:24.243","01598 12:48:08",250.13,824.20,,,,"     ",5.10,2256.08,0.84
1598,539358244,"01598M13:35:25.216","01598 12:48:09",250.06,824.22,,,,"     ",5.10,2224.82,0.83
1598,539358245,"01598M13:35:26.189","01598 12:48:10",249.97,824.20,,,,"     ",5.10,2266.38,0.84
1598,539358246,"01598M13:35:27.163","01598 12:48:11",249.86,824.22,,,,"     ",5.10,2270.57,0.84
1598,539358247,"01598M13:35:28.136","01598 12:48:12",249.73,824.08,,,,"     ",5.10,2239.87,0.83
1598,539358248,"01598M13:35:29.109","01598 12:48:13",249.59,824.11,,,,"     ",5.10,2219.61,0.82
1598,539358249,"01598M13:35:30.082","01598 12:48:14",249.43,824.09,,,,"     ",5.10,2260.24,0.84
1598,539358250,"01598M13:35:31.056","01598 12:48:15",249.27,824.00,,,,"     ",5.10,2241.88,0.83
1598,539358251,"01598M13:35:32.029","01598 12:48:16",249.12,823.97,,,,"     ",5.10,2237.94,0.83
1598,539358252,"01598M13:35:33.002","01598 12:48:17",248.98,823.93,,,,"     ",5.10,2245.89,0.83
1598,539358253,"01598M13:35:33.975","01598 12:48:18",248.87,824.00,,,,"     ",5.10,2212.82,0.82
1598,539358254,"01598M13:35:34.949","01598 12:48:19",248.78,824.03,,,,"     ",5.10,2267.81,0.84
1598,539358255,"01598M13:35:35.922","01598 12:48:20",248.73,823.97,,,,"     ",5.10,2229.17,0.83
1598,539358256,"01598M13:35:36.895","01598 12:48:21",248.73,823.99,,,,"     ",5.10,2254.49,0.83
1598,539358257,"01598M13:35:37.868","01598 12:48:22",248.81,823.98,,,,"     ",5.10,2236.22,0.83
1598,539358258,"01598M13:35:38.842","01598 12:48:23",248.90,824.00,,,,"     ",5.10,2244.11,0.83
1598,539358259,"01598M13:35:39.815","01598 12:48:24",248.97,824.01,,,,"     ",5.10,2247.80,0.83
1598,539358260,"01598M13:35:40.788","01598 12:48:25",249.05,823.98,,,,"     ",5.10,2264.48,0.84
1598,539358261,"01598M13:35:41.761","01598 12:48:26",249.12,823.96,,,,"     ",5.10,2225.85,0.82
1598,539358262,"01598M13:35:42.735","01598 12:48:27",249.20,823.98,,,,"     ",5.10,2250.11,0.83
1598,539358263,"01598M13:35:43.708","01598 12:48:28",249.28,823.90,,,,"     ",5.10,2241.27,0.83
1598,539358264,"01598M13:35:44.681","01598 12:48:29",249.37,823.96,,,,"     ",5.10,2270.22,0.84
1598,539358265,"01598M13:35:45.654","01598 12:48:30",249.46,824.02,,,,"     ",5.10,2217.70,0.82
1598,539358266,"01598M13:35:46.628","01598 12:48:31",249.56,823.99,,,,"     ",5.10,2231.81,0.83
1598,539358267,"01598M13:35:47.601","01598 12:48:32",249.66,823.96,,,,"     ",5.10,2271.15,0.84
1598,539358268,"01598M13:35:48.574","01598 12:48:33",249.76,823.99,,,,"     ",5.10,2210.06,0.82
1598,539358269,"01598M13:35:49.547","01598 12:48:33",249.87,823.99,,,,"     ",5.10,2225.10,0.82
1598,539358270,"01598M13:35:50.521","01598 12:48:34",249.97,823.99,,,,"     ",5.10,2270.62,0.84
1598,539358271,"01598M13:35:51.494","01598 12:48:35",250.00,823.99,,,,"     ",5.10,2269.38,0.84
1598,539358272,"01598M13:35:52.467","01598 12:48:36",249.93,824.03,,,,"     ",5.10,2249.87,0.83
1598,539358273,"01598M13:35:53.440","01598 12:48:37",249.86,824.02,,,,"     ",5.10,2227.37,0.82
1598,539358274,"01598M13:35:54.414","01598 12:48:38",249.78,823.95,,,,"     ",5.10,2222.39,0.82
1598,539358275,"01598M13:35:55.387","01598 12:48:39",249.69,823.98,,,,"     ",5.10,2240.49,0.83
1598,539358276,"01598M13:35:56.360","01598 12:48:40",249.60,823.98,,,,"     ",5.10,2270.77,0.84
1598,539358277,"01598M13:35:57.333","01598 12:48:41",249.51,824.01,,,,"     ",5.10,2248.02,0.83
1598,539358278,"01598M13:35:58.307","01598 12:48:42",249.41,823.97,,,,"     ",5.10,2255.21,0.83
1598,539358279,"01598M13:35:59.280","01598 12:48:43",249.30,824.04,,,,"     ",5.10,2235.72,0.83
1598,539358280,"01598M13:36:00.253","01598 12:48:44",249.19,824.10,,,,"     ",5.10,2218.39,0.82
1598,539358281,"01598M13:36:01.226","01598 12:48:45",249.08,824.06,,,,"     ",5.10,2229.70,0.82
1598,539358282,"01598M13:36:02.200","01598 12:48:46",248.96,824.05,,,,"     ",5.10,2238.85,0.83
1598,539358283,"01598M13:36:03.173","01598 12:48:47",248.82,824.07,,,,"     ",5.10,2289.32,0.85
1598,539358284,"01598M13:36:04.146","01598 12:48:48",248.68,824.04,,,,"     ",5.10,2238.31,0.83
1598,539358285,"01598M13:36:05.119","01598 12:48:49",248.52,824.13,,,,"     ",5.10,2288.28,0.85
1598,539358286,"01598M13:36:06.093","01598 12:48:50",248.42,824.09,,,,"     ",5.10,2231.98,0.83
1598,539358287,"01598M13:36:07.066","01598 12:48:51",248.35,824.07,,,,"     ",5.10,2250.59,0.83
1598,539358288,"01598M13:36:08.039","01598 12:48:52",248.31,824.10,,,,"     ",5.10,2229.06,0.82
1598,539358289,"01598M13:36:09.013","01598 12:48:53",248.29,824.12,,,,"     ",5.10,2203.03,0.81
1598,539358290,"01598M13:36:09.986","01598 12:48:54",248.28,824.11,,,,"     ",5.10,2263.15,0.84
1598,539358291,"01598M13:36:10.959","01598 12:48:55",248.30,824.12,,,,"     ",5.10,2240.56,0.83
1598,539358292,"01598M13:36:11.932","01598 12:48:56",248.33,823.99,,,,"     ",5.10,2236.75,0.83
1598,539358293,"01598M13:36:12.906","01598 12:48:57",248.38,823.97,,,,"     ",5.10,2209.05,0.82
1598,539358294,"01598M13:36:13.879","01598 12:48:58",248.42,823.96,,,,"     ",5.10,2220.88,0.82
1598,539358295,"01598M13:36:14.852","01598 12:48:59",248.47,823.90,,,,"     ",5.10,2235.42,0.83
1598,539358296,"01598M13:36:15.825","01598 12:49:00",248.51,823.90,,,,"     ",5.10,2249.59,0.83
1598,539358297,"01598M13:36:16.799","01598 12:49:01",248.55,823.89,,,,"     ",5.10,2200.28,0.81
1598,539358298,"01598M13:36:17.772","01598 12:49:02",248.56,823.86,,,,"     ",5.10,2253.85,0.83
1598,539358299,"01598M13:36:18.745","01598 12:49:03",248.55,823.96,,,,"     ",5.10,2281.43,0.84
1598,539358300,"01598M13:36:19.718","01598 12:49:04",248.52,824.13,,,,"     ",5.10,2229.86,0.82
1598,539358301,"01598M13:36:20.692","01598 12:49:05",248.46,823.96,,,,"     ",5.10,2230.87,0.82
1598,539358302,"01598M13:36:21.665","01598 12:49:06",248.38,824.01,,,,"     ",5.10,2241.65,0.83
1598,539358303,"01598M13:36:22.638","01598 12:49:07",248.29,824.00,,,,"     ",5.10,2264.71,0.84
1598,539358304,"01598M13:36:23.611","01598 12:49:08",248.19,823.91,,,,"     ",5.10,2235.29,0.83
1598,539358305,"01598M13:36:24.585","01598 12:49:09",248.09,823.92,,,,"     ",5.10,2221.87,0.82
1598,539358306,"01598M13:36:25.558","01598 12:49:09",247.98,823.97,,,,"     ",5.10,2257.83,0.83
1598,539358307,"01598M13:36:26.531","01598 12:49:10",247.89,823.95,,,,"     ",5.10,2227.20,0.82
1598,539358308,"01598M13:36:27.504","01598 12:49:11",247.81,823.94,,,,"     ",5.10,2262.19,0.84
1598,539358309,"01598M13:36:28.478","01598 12:49:12",247.76,823.95,,,,"     ",5.10,2258.46,0.83
1598,539358310,"01598M13:36:29.451","01598 12:49:13",247.74,823.82,,,,"     ",5.10,2235.86,0.82
1598,539358311,"01598M13:36:30.424","01598 12:49:14",247.76,823.88,,,,"     ",5.10,2266.86,0.84
1598,539358312,"01598M13:36:31.397","01598 12:49:15",247.80,823.87,,,,"     ",5.10,2263.09,0.84
1598,539358313,"01598M13:36:32.371","01598 12:49:16",247.88,823.87,,,,"     ",5.10,2257.82,0.83
1598,539358314,"01598M13:36:33.344","01598 12:49:17",247.99,823.89,,,,"     ",5.10,2239.96,0.83
1598,539358315,"01598M13:36:34.317","01598 12:49:18",248.11,823.81,,,,"     ",5.10,2213.34,0.82
1598,539358316,"01598M13:36:35.290","01598 12:49:19",248.25,823.81,,,,"     ",5.10,2260.91,0.83
1598,539358317,"01598M13:36:36.264","01598 12:49:20",248.40,823.77,,,,"     ",5.10,2221.12,0.82
1598,539358318,"01598M13:36:37.237","01598 12:49:21",248.55,823.92,,,,"     ",5.10,2261.19,0.83
1598,539358319,"01598M13:36:38.210","01598 12:49:22",248.69,823.82,,,,"     ",5.10,2271.49,0.84
1598,539358320,"01598M13:36:39.183","01598 12:49:23",248.82,823.86,,,,"     ",5.10,2247.36,0.83
1598,539358321,"01598M13:36:40.157","01598 12:49:24",248.91,823.82,,,,"     ",5.10,2249.41,0.83
1598,539358322,"01598M13:36:41.130","01598 12:49:25",248.97,823.85,,,,"     ",5.10,2265.69,0.83
1598,539358323,"01598M13:36:42.103","01598 12:49:26",248.99,823.89,,,,"     ",5.10,2285.02,0.84
1598,539358324,"01598M13:36:43.076","01598 12:49:27",248.98,823.85,,,,"     ",5.10,2253.72,0.83
1598,539358325,"01598M13:36:44.050","01598 12:49:28",248.94,823.90,,,,"     ",5.10,2308.21,0.85
1598,539358326,"01598M13:36:45.023","01598 12:49:29",248.88,823.90,,,,"     ",5.10,2249.75,0.83
1598,539358327,"01598M13:36:45.996","01598 12:49:30",248.81,823.82,,,,"     ",5.10,2277.80,0.84
1598,539358328,"01598M13:36:46.969","01598 12:49:31",248.74,823.80,,,,"     ",5.10,2288.95,0.84
1598,539358329,"01598M13:36:47.943","01598 12:49:32",248.68,823.82,,,,"     ",5.10,2277.94,0.84
1598,539358330,"01598M13:36:48.916","01598 12:49:33",248.62,823.84,,,,"     ",5.10,2293.97,0.84
1598,539358331,"01598M13:36:49.889","01598 12:49:34",248.57,823.85,,,,"     ",5.10,2276.06,0.83
1598,539358332,"01598M13:36:50.862","01598 12:49:35",248.53,823.88,,,,"     ",5.10,2293.01,0.84
1598,539358333,"01598M13:36:51.836","01598 12:49:36",248.51,823.87,,,,"     ",5.10,2277.84,0.83
1598,539358334,"01598M13:36:52.809","01598 12:49:37",248.50,823.81,,,,"     ",5.10,2255.46,0.82
1598,539358335,"01598M13:36:53.782","01598 12:49:38",248.50,823.71,,,,"     ",5.10,2277.40,0.83
1598,539358336,"01598M13:36:54.755","01598 12:49:39",248.51,823.78,,,,"     ",5.10,2264.30,0.83
1598,539358337,"01598M13:36:55.729","01598 12:49:40",248.52,823.68,,,,"     ",5.10,2276.92,0.83
1598,539358338,"01598M13:36:56.702","01598 12:49:41",248.53,823.70,,,,"     ",5.10,2278.96,0.83
1598,539358339,"01598M13:36:57.675","01598 12:49:42",248.52,823.62,,,,"     ",5.10,2270.31,0.83
1598,539358340,"01598M13:36:58.648","01598 12:49:43",248.51,823.60,,,,"     ",5.10,2291.75,0.84
1598,539358341,"01598M13:36:59.622","01598 12:49:44",248.50,823.54,,,,"     ",5.10,2250.05,0.82
1598,539358342,"01598M13:37:00.595","01598 12:49:45",248.50,823.62,,,,"     ",5.10,2261.89,0.82
1598,539358343,"01598M13:37:01.568","01598 12:49:46",248.52,823.56,,,,"     ",5.10,2267.08,0.83
1598,539358344,"01598M13:37:02.541","01598 12:49:46",248.55,823.67,,,,"     ",5.10,2291.25,0.83
1598,539358345,"01598M13:37:03.515","01598 12:49:47",248.62,823.63,,,,"     ",5.10,2244.46,0.82
1598,539358346,"01598M13:37:04.488","01598 12:49:48",248.70,823.58,,,,"     ",5.10,2297.45,0.84
1598,539358347,"01598M13:37:05.461","01598 12:49:49",248.80,823.69,,,,"     ",5.10,2292.92,0.83
1598,539358348,"01598M13:37:06.434","01598 12:49:50",248.91,823.59,,,,"     ",5.10,2294.24,0.83
1598,539358349,"01598M13:37:07.408","01598 12:49:51",249.03,823.64,,,,"     ",5.10,2280.66,0.83
1598,539358350,"01598M13:37:08.381","01598 12:49:52",249.15,823.61,,,,"     ",5.10,2271.98,0.83
1598,539358351,"01598M13:37:09.354","01598 12:49:53",249.28,823.57,,,,"     ",5.10,2242.21,0.81
1598,539358352,"01598M13:37:10.327","01598 12:49:54",249.40,823.60,,,,"     ",5.10,2284.56,0.83
1598,539358353,"01598M13:37:11.301","01598 12:49:55",249.51,823.72,,,,"     ",5.10,2266.65,0.82
1598,539358354,"01598M13:37:12.274","01598 12:49:56",249.59,823.71,,,,"     ",5.10,2261.79,0.82
1598,539358355,"01598M13:37:13.247","01598 12:49:57",249.63,823.57,,,,"     ",5.10,2279.30,0.83
1598,539358356,"01598M13:37:14.220","01598 12:49:58",249.63,823.58,,,,"     ",5.10,2270.81,0.82
1598,539358357,"01598M13:37:15.194","01598 12:49:59",249.60,823.50,,,,"     ",5.10,2283.95,0.83
1598,539358358,"01598M13:37:16.167","01598 12:50:00",249.55,823.59,,,,"     ",5.10,2288.77,0.83
1598,539358359,"01598M13:37:17.140","01598 12:50:01",249.50,823.44,,,,"     ",5.10,2252.46,0.82
1598,539358360,"01598M13:37:18.114","01598 12:50:02",249.44,823.49,,,,"     ",5.10,2283.66,0.83
1598,539358361,"01598M13:37:19.087","01598 12:50:03",249.37,823.60,,,,"     ",5.10,2281.30,0.83
1598,539358362,"01598M13:37:20.060","01598 12:50:04",249.30,823.58,,,,"     ",5.10,2278.86,0.82
1598,539358363,"01598M13:37:21.033","01598 12:50:05",249.21,823.58,,,,"     ",5.10,2303.50,0.83
1598,539358364,"01598M13:37:22.007","01598 12:50:06",249.12,823.63,,,,"     ",5.10,2264.85,0.82
1598,539358365,"01598M13:37:22.980","01598 12:50:07",249.03,823.56,,,,"     ",5.10,2284.42,0.83
1598,539358366,"01598M13:37:23.953","01598 12:50:08",248.94,823.45,,,,"     ",5.10,2263.96,0.82
1598,539358367,"01598M13:37:24.926","01598 12:50:09",248.87,823.49,,,,"     ",5.10,2278.43,0.82
1598,539358368,"01598M13:37:25.900","01598 12:50:10",248.81,823.47,,,,"     ",5.10,2308.89,0.83
1598,539358369,"01598M13:37:26.873","01598 12:50:11",248.76,823.54,,,,"     ",5.10,2266.26,0.82
1598,539358370,"01598M13:37:27.846","01598 12:50:12",248.72,823.53,,,,"     ",5.10,2328.48,0.84
1598,539358371,"01598M13:37:28.819","01598 12:50:13",248.67,823.59,,,,"     ",5.10,2287.92,0.83
1598,539358372,"01598M13:37:29.793","01598 12:50:14",248.61,823.54,,,,"     ",5.10,2278.53,0.82
1598,539358373,"01598M13:37:30.766","01598 12:50:15",248.55,823.54,,,,"     ",5.10,2262.68,0.82
1598,539358374,"01598M13:37:31.739","01598 12:50:16",248.50,823.48,,,,"     ",5.10,2270.78,0.82
1598,539358375,"01598M13:37:32.712","01598 12:50:17",248.45,823.50,,,,"     ",5.10,2246.25,0.81
1598,539358376,"01598M13:37:33.686","01598 12:50:18",248.44,823.53,,,,"     ",5.10,2298.99,0.83
1598,539358377,"01598M13:37:34.659","01598 12:50:19",248.46,823.60,,,,"     ",5.10,2287.44,0.82
1598,539358378,"01598M13:37:35.632","01598 12:50:20",248.49,823.62,,,,"     ",5.10,2300.73,0.83
1598,539358379,"01598M13:37:36.605","01598 12:50:21",248.55,823.60,,,,"     ",5.10,2252.63,0.81
1598,539358380,"01598M13:37:37.579","01598 12:50:22",248.62,823.57,,,,"     ",5.10,2295.00,0.83
1598,539358381,"01598M13:37:38.552","01598 12:50:22",248.70,823.59,,,,"     ",5.10,2309.23,0.83
1598,539358382,"01598M13:37:39.525","01598 12:50:23",248.77,823.60,,,,"     ",5.10,2268.95,0.82
1598,539358383,"01598M13:37:40.498","01598 12:50:24",248.86,823.59,,,,"     ",5.10,2288.64,0.82
1598,539358384,"01598M13:37:41.472","01598 12:50:25",248.95,823.49,,,,"     ",5.10,2256.95,0.81
1598,539358385,"01598M13:37:42.445","01598 12:50:26",249.03,823.58,,,,"     ",5.10,2300.28,0.83
1598,539358386,"01598M13:37:43.418","01598 12:50:27",249.11,823.49,,,,"     ",5.10,2323.31,0.84
1598,539358387,"01598M13:37:44.391","01598 12:50:28",249.17,823.51,,,,"     ",5.10,2267.70,0.82
1598,539358388,"01598M13:37:45.365","01598 12:50:29",249.20,823.61,,,,"     ",5.10,2289.05,0.82
1598,539358389,"01598M13:37:46.338","01598 12:50:30",249.19,823.53,,,,"     ",5.10,2304.70,0.83
1598,539358390,"01598M13:37:47.311","01598 12:50:31",249.15,823.45,,,,"     ",5.10,2312.18,0.83
1598,539358391,"01598M13:37:48.284","01598 12:50:32",249.10,823.52,,,,"     ",5.10,2302.88,0.83
1598,539358392,"01598M13:37:49.258","01598 12:50:33",249.03,823.55,,,,"     ",5.10,2260.21,0.81
1598,539358393,"01598M13:37:50.231","01598 12:50:34",248.96,823.56,,,,"     ",5.10,2297.49,0.83
1598,539358394,"01598M13:37:51.204","01598 12:50:35",248.90,823.62,,,,"     ",5.10,2283.96,0.82
1598,539358395,"01598M13:37:52.177","01598 12:50:36",248.85,823.63,,,,"     ",5.10,2272.65,0.82
1598,539358396,"01598M13:37:53.151","01598 12:50:37",248.82,823.57,,,,"     ",5.10,2287.70,0.82
1598,539358397,"01598M13:37:54.124","01598 12:50:38",248.80,823.59,,,,"     ",5.10,2269.65,0.81
1598,539358398,"01598M13:37:55.097","01598 12:50:39",248.81,823.64,,,,"     ",5.10,2312.64,0.83
1598,539358399,"01598M13:37:56.070","01598 12:50:40",248.83,823.58,,,,"     ",5.10,2267.62,0.81
1598,539358400,"01598M13:37:57.044","01598 12:50:41",248.85,823.58,,,,"     ",5.10,2287.43,0.82
1598,539358401,"01598M13:37:58.017","01598 12:50:42",248.87,823.52,,,,"     ",5.10,2287.50,0.82
1598,539358402,"01598M13:37:58.990","01598 12:50:43",248.89,823.60,,,,"     ",5.10,2279.77,0.82
1598,539358403,"01598M13:37:59.963","01598 12:50:44",248.89,823.57,,,,"     ",5.10,2332.91,0.84
1598,539358404,"01598M13:38:00.937","01598 12:50:45",248.89,823.62,,,,"     ",5.10,2290.68,0.82
1598,539358405,"01598M13:38:01.910","01598 12:50:46",248.88,823.64,,,,"     ",5.10,2273.43,0.81
1598,539358406,"01598M13:38:02.883","01598 12:50:47",248.86,823.68,,,,"     ",5.10,2275.63,0.82
1598,539358407,"01598M13:38:03.856","01598 12:50:48",248.84,823.61,,,,"     ",5.10,2292.90,0.82
1598,539358408,"01598M13:38:04.830","01598 12:50:49",248.80,823.59,,,,"     ",5.10,2318.15,0.83
1598,539358409,"01598M13:38:05.803","01598 12:50:50",248.76,823.60,,,,"     ",5.10,2290.86,0.82
1598,539358410,"01598M13:38:06.776","01598 12:50:51",248.73,823.57,,,,"     ",5.10,2276.51,0.81
1598,539358411,"01598M13:38:07.749","01598 12:50:52",248.71,823.55,,,,"     ",5.10,2311.60,0.83
1598,539358412,"01598M13:38:08.723","01598 12:50:53",248.71,823.42,,,,"     ",5.10,2325.70,0.83
1598,539358413,"01598M13:38:09.696","01598 12:50:54",248.72,823.43,,,,"     ",5.10,2300.60,0.82
1598,539358414,"01598M13:38:10.669","01598 12:50:55",248.74,823.56,,,,"     ",5.10,2247.19,0.80
1598,539358415,"01598M13:38:11.642","01598 12:50:56",248.78,823.46,,,,"     ",5.10,2302.36,0.82
1598,539358416,"01598M13:38:12.616","01598 12:50:57",248.83,823.39,,,,"     ",5.10,2272.50,0.81
1598,539358417,"01598M13:38:13.589","01598 12:50:58",248.90,823.36,,,,"     ",5.10,2309.24,0.83
1598,539358418,"01598M13:38:14.562","01598 12:50:58",249.00,823.38,,,,"     ",5.10,2292.53,0.82
1598,539358419,"01598M13:38:15.535","01598 12:50:59",249.10,823.42,,,,"     ",5.10,2301.56,0.82
1598,539358420,"01598M13:38:16.509","01598 12:51:00",249.21,823.45,,,,"     ",5.10,2293.05,0.82
1598,539358421,"01598M13:38:17.482","01598 12:51:01",249.33,823.48,,,,"     ",5.10,2301.87,0.82
1598,539358422,"01598M13:38:18.455","01598 12:51:02",249.46,823.53,,,,"     ",5.10,2292.59,0.82
1598,539358423,"01598M13:38:19.428","01598 12:51:03",249.58,823.37,,,,"     ",5.10,2300.33,0.82
1598,539358424,"01598M13:38:20.402","01598 12:51:04",249.68,823.40,,,,"     ",5.10,2286.72,0.82
1598,539358425,"01598M13:38:21.375","01598 12:51:05",249.76,823.46,,,,"     ",5.10,2330.34,0.83
1598,539358426,"01598M13:38:22.348","01598 12:51:06",249.80,823.37,,,,"     ",5.10,2304.05,0.82
1598,539358427,"01598M13:38:23.321","01598 12:51:07",249.81,823.33,,,,"     ",5.10,2321.32,0.83
1598,539358428,"01598M13:38:24.295","01598 12:51:08",249.78,823.45,,,,"     ",5.10,2337.84,0.84
1598,539358429,"01598M13:38:25.268","01598 12:51:09",249.71,823.38,,,,"     ",5.10,2333.12,0.83
1598,539358430,"01598M13:38:26.241","01598 12:51:10",249.60,823.34,,,,"     ",5.10,2315.84,0.83
1598,539358431,"01598M13:38:27.215","01598 12:51:11",249.46,823.31,,,,"     ",5.10,2294.38,0.82
1598,539358432,"01598M13:38:28.188","01598 12:51:12",249.29,823.35,,,,"     ",5.10,2314.19,0.83
1598,539358433,"01598M13:38:29.161","01598 12:51:13",249.11,823.39,,,,"     ",5.10,2327.68,0.83
1598,539358434,"01598M13:38:30.134","01598 12:51:14",248.94,823.31,,,,"     ",5.10,2263.07,0.81
1598,539358435,"01598M13:38:31.108","01598 12:51:15",248.81,823.25,,,,"     ",5.10,2306.86,0.82
1598,539358436,"01598M13:38:32.081","01598 12:51:16",248.71,823.38,,,,"     ",5.10,2294.66,0.82
1598,539358437,"01598M13:38:33.054","01598 12:51:17",248.67,823.41,,,,"     ",5.10,2300.27,0.82
1598,539358438,"01598M13:38:34.027","01598 12:51:18",248.69,823.37,,,,"     ",5.10,2310.12,0.82
1598,539358439,"01598M13:38:35.001","01598 12:51:19",248.74,823.47,,,,"     ",5.10,2279.30,0.81
1598,539358440,"01598M13:38:35.974","01598 12:51:20",248.82,823.44,,,,"     ",5.10,2303.55,0.82
1598,539358441,"01598M13:38:36.947","01598 12:51:21",248.92,823.37,,,,"     ",5.10,2321.01,0.83
1598,539358442,"01598M13:38:37.920","01598 12:51:22",249.01,823.45,,,,"     ",5.10,2277.52,0.81
1598,539358443,"01598M13:38:38.894","01598 12:51:23",249.08,823.44,,,,"     ",5.10,2357.00,0.84
1598,539358444,"01598M13:38:39.867","01598 12:51:24",249.14,823.34,,,,"     ",5.10,2265.39,0.81
1598,539358445,"01598M13:38:40.840","01598 12:51:25",249.15,823.38,,,,"     ",5.10,2334.72,0.83
1598,539358446,"01598M13:38:41.813","01598 12:51:26",249.14,823.37,,,,"     ",5.10,2301.67,0.82
1598,539358447,"01598M13:38:42.787","01598 12:51:27",249.08,823.28,,,,"     ",5.10,2299.95,0.82
1598,539358448,"01598M13:38:43.760","01598 12:51:28",249.00,823.30,,,,"     ",5.10,2311.73,0.82
1598,539358449,"01598M13:38:44.733","01598 12:51:29",248.88,823.25,,,,"     ",5.10,2346.15,0.83
1598,539358450,"01598M13:38:45.706","01598 12:51:30",248.74,823.31,,,,"     ",5.10,2327.05,0.83
1598,539358451,"01598M13:38:46.680","01598 12:51:31",248.59,823.29,,,,"     ",5.10,2315.25,0.82
1598,539358452,"01598M13:38:47.653","01598 12:51:32",248.44,823.35,,,,"     ",5.10,2312.67,0.82
1598,539358453,"01598M13:38:48.626","01598 12:51:33",248.29,823.35,,,,"     ",5.10,2311.94,0.82
1598,539358454,"01598M13:38:49.599","01598 12:51:34",248.17,823.36,,,,"     ",5.10,2325.75,0.83
1598,539358455,"01598M13:38:50.573","01598 12:51:34",248.07,823.40,,,,"     ",5.10,2278.45,0.81
1598,539358456,"01598M13:38:51.546","01598 12:51:35",247.98,823.40,,,,"     ",5.10,2303.92,0.82
1598,539358457,"01598M13:38:52.519","01598 12:51:36",247.90,823.51,,,,"     ",5.10,2303.93,0.82
1598,539358458,"01598M13:38:53.492","01598 12:51:37",247.83,823.44,,,,"     ",5.10,2303.79,0.82
1598,539358459,"01598M13:38:54.466","01598 12:51:38",247.77,823.33,,,,"     ",5.10,2274.82,0.81
1598,539358460,"01598M13:38:55.439","01598 12:51:39",247.72,823.47,,,,"     ",5.10,2280.37,0.81
1598,539358461,"01598M13:38:56.412","01598 12:51:40",247.67,823.45,,,,"     ",5.10,2280.41,0.81
1598,539358462,"01598M13:38:57.385","01598 12:51:41",247.65,823.45,,,,"     ",5.10,2316.51,0.82
1598,539358463,"01598M13:38:58.359","01598 12:51:42",247.63,823.37,,,,"     ",5.10,2325.23,0.83
1598,539358464,"01598M13:38:59.332","01598 12:51:43",247.62,823.38,,,,"     ",5.10,2275.61,0.81
1598,539358465,"01598M13:39:00.305","01598 12:51:44",247.63,823.44,,,,"     ",5.10,2318.87,0.83
1598,539358466,"01598M13:39:01.278","01598 12:51:45",247.63,823.46,,,,"     ",5.10,2276.91,0.81
1598,539358467,"01598M13:39:02.252","01598 12:51:46",247.64,823.49,,,,"     ",5.10,2254.54,0.80
1598,539358468,"01598M13:39:03.225","01598 12:51:47",247.64,823.37,,,,"     ",5.10,2256.37,0.80
1598,539358469,"01598M13:39:04.198","01598 12:51:48",247.63,823.42,,,,"     ",5.10,2310.21,0.82
1598,539358470,"01598M13:39:05.171","01598 12:51:49",247.63,823.36,,,,"     ",5.10,2331.71,0.83
1598,539358471,"01598M13:39:06.145","01598 12:51:50",247.63,823.40,,,,"     ",5.10,2261.42,0.81
1598,539358472,"01598M13:39:07.118","01598 12:51:51",247.62,823.35,,,,"     ",5.10,2255.87,0.80
1598,539358473,"01598M13:39:08.091","01598 12:51:52",247.61,823.44,,,,"     ",5.10,2275.23,0.81
1598,539358474,"01598M13:39:09.064","01598 12:51:53",247.59,823.41,,,,"     ",5.10,2287.95,0.82
1598,539358475,"01598M13:39:10.038","01598 12:51:54",247.56,823.30,,,,"     ",5.10,2277.12,0.81
1598,539358476,"01598M13:39:11.011","01598 12:51:55",247.52,823.35,,,,"     ",5.10,2306.81,0.82
1598,539358477,"01598M13:39:11.984","01598 12:51:56",247.48,823.43,,,,"     ",5.10,2296.25,0.82
1598,539358478,"01598M13:39:12.957","01598 12:51:57",247.46,823.42,,,,"     ",5.10,2276.55,0.81
1598,539358479,"01598M13:39:13.931","01598 12:51:58",247.47,823.35,,,,"     ",5.10,2251.10,0.80
1598,539358480,"01598M13:39:14.904","01598 12:51:59",247.49,823.33,,,,"     ",5.10,2253.13,0.80
1598,539358481,"01598M13:39:15.877","01598 12:52:00",247.54,823.40,,,,"     ",5.10,2254.81,0.80
1598,539358482,"01598M13:39:16.850","01598 12:52:01",247.59,823.41,,,,"     ",5.10,2284.37,0.81
1598,539358483,"01598M13:39:17.824","01598 12:52:02",247.65,823.28,,,,"     ",5.10,2293.18,0.82
1598,539358484,"01598M13:39:18.797","01598 12:52:03",247.70,823.26,,,,"     ",5.10,2277.36,0.81
1598,539358485,"01598M13:39:19.770","01598 12:52:04",247.73,823.37,,,,"     ",5.10,2302.20,0.82
1598,539358486,"01598M13:39:20.743","01598 12:52:05",247.75,823.34,,,,"     ",5.10,2256.35,0.80
1598,539358487,"01598M13:39:21.717","01598 12:52:06",247.76,823.32,,,,"     ",5.10,2308.85,0.82
1598,539358488,"01598M13:39:22.690","01598 12:52:07",247.76,823.30,,,,"     ",5.10,2275.40,0.81
1598,539358489,"01598M13:39:23.663","01598 12:52:08",247.75,823.24,,,,"     ",5.10,2272.78,0.81
1598,539358490,"01598M13:39:24.636","01598 12:52:09",247.73,823.22,,,,"     ",5.10,2286.29,0.81
1598,539358491,"01598M13:39:25.610","01598 12:52:10",247.69,823.26,,,,"     ",5.10,2306.70,0.82
1598,539358492,"01598M13:39:26.583","01598 12:52:10",247.64,823.32,,,,"     ",5.10,2329.03,0.83
1598,539358493,"01598M13:39:27.556","01598 12:52:11",247.58,823.31,,,,"     ",5.10,2270.23,0.81
1598,539358494,"01598M13:39:28.529","01598 12:52:12",247.50,823.26,,,,"     ",5.10,2291.73,0.82
1598,539358495,"01598M13:39:29.503","01598 12:52:13",247.42,823.36,,,,"     ",5.10,2303.07,0.82
1598,539358496,"01598M13:39:30.476","01598 12:52:14",247.34,823.33,,,,"     ",5.10,2292.24,0.82
1598,539358497,"01598M13:39:31.449","01598 12:52:15",247.28,823.28,,,,"     ",5.10,2238.02,0.80
1598,539358498,"01598M13:39:32.422","01598 12:52:16",247.24,823.27,,,,"     ",5.10,2307.75,0.82
1598,539358499,"01598M13:39:33.396","01598 12:52:17",247.22,823.32,,,,"     ",5.10,2287.97,0.81
1598,539358500,"01598M13:39:34.369","01598 12:52:18",247.22,823.32,,,,"     ",5.10,2280.90,0.81
1598,539358501,"01598M13:39:35.342","01598 12:52:19",247.24,823.31,,,,"     ",5.10,2268.15,0.81
1598,539358502,"01598M13:39:36.315","01598 12:52:20",247.27,823.29,,,,"     ",5.10,2288.42,0.81
1598,539358503,"01598M13:39:37.289","01598 12:52:21",247.31,823.36,,,,"     ",5.10,2283.69,0.81
1598,539358504,"01598M13:39:38.262","01598 12:52:22",247.34,823.32,,,,"     ",5.10,2290.41,0.81
1598,539358505,"01598M13:39:39.235","01598 12:52:23",247.37,823.35,,,,"     ",5.10,2267.41,0.81
1598,539358506,"01598M13:39:40.209","01598 12:52:24",247.41,823.32,,,,"     ",5.10,2308.90,0.82
1598,539358507,"01598M13:39:41.182","01598 12:52:25",247.44,823.36,,,,"     ",5.10,2275.88,0.81
1598,539358508,"01598M13:39:42.155","01598 12:52:26",247.45,823.37,,,,"     ",5.10,2290.27,0.81
1598,539358509,"01598M13:39:43.128","01598 12:52:27",247.46,823.24,,,,"     ",5.10,2280.74,0.81
1598,539358510,"01598M13:39:44.102","01598 12:52:28",247.44,823.30,,,,"     ",5.10,2315.75,0.82
1598,539358511,"01598M13:39:45.075","01598 12:52:29",247.39,823.33,,,,"     ",5.10,2295.74,0.81
1598,539358512,"01598M13:39:46.048","01598 12:52:30",247.33,823.21,,,,"     ",5.10,2324.73,0.83
1598,539358513,"01598M13:39:47.021","01598 12:52:31",247.27,823.29,,,,"     ",5.10,2310.65,0.82
1598,539358514,"01598M13:39:47.995","01598 12:52:32",247.21,823.33,,,,"     ",5.10,2272.79,0.81
1598,539358515,"01598M13:39:48.968","01598 12:52:33",247.14,823.35,,,,"     ",5.10,2329.73,0.83
1598,539358516,"01598M13:39:49.941","01598 12:52:34",247.09,823.27,,,,"     ",5.10,2270.77,0.81
1598,539358517,"01598M13:39:50.914","01598 12:52:35",247.06,823.30,,,,"     ",5.10,2305.28,0.82
1598,539358518,"01598M13:39:51.888","01598 12:52:36",247.03,823.34,,,,"     ",5.10,2313.54,0.82
1598,539358519,"01598M13:39:52.861","01598 12:52:37",247.02,823.35,,,,"     ",5.10,2277.39,0.81
1598,539358520,"01598M13:39:53.834","01598 12:52:38",247.01,823.39,,,,"     ",5.10,2282.18,0.81
1598,539358521,"01598M13:39:54.807","01598 12:52:39",247.01,823.29,,,,"     ",5.10,2288.75,0.81
1598,539358522,"01598M13:39:55.781","01598 12:52:40",246.99,823.33,,,,"     ",5.10,2315.68,0.82
1598,539358523,"01598M13:39:56.754","01598 12:52:41",246.97,823.35,,,,"     ",5.10,2284.83,0.81
1598,539358524,"01598M13:39:57.727","01598 12:52:42",246.94,823.28,,,,"     ",5.10,2271.74,0.80
1598,539358525,"01598M13:39:58.700","01598 12:52:43",246.89,823.26,,,,"     ",5.10,2300.51,0.81
1598,539358526,"01598M13:39:59.674","01598 12:52:44",246.85,823.28,,,,"     ",5.10,2282.95,0.81
1598,539358527,"01598M13:40:00.647","01598 12:52:45",246.82,823.23,,,,"     ",5.10,2303.03,0.81
1598,539358528,"01598M13:40:01.620","01598 12:52:46",246.79,823.29,,,,"     ",5.10,2281.86,0.81
1598,539358529,"01598M13:40:02.593","01598 12:52:46",246.78,823.30,,,,"     ",5.10,2300.52,0.81
1598,539358530,"01598M13:40:03.567","01598 12:52:47",246.80,823.29,,,,"     ",5.10,2287.71,0.81
1598,539358531,"01598M13:40:04.540","01598 12:52:48",246.84,823.28,,,,"     ",5.10,2307.21,0.82
1598,539358532,"01598M13:40:05.513","01598 12:52:49",246.90,823.21,,,,"     ",5.10,2299.47,0.81
1598,539358533,"01598M13:40:06.486","01598 12:52:50",246.98,823.16,,,,"     ",5.10,2279.42,0.81
1598,539358534,"01598M13:40:07.460","01598 12:52:51",247.05,823.19,,,,"     ",5.10,2318.80,0.82
1598,539358535,"01598M13:40:08.433","01598 12:52:52",247.12,823.22,,,,"     ",5.10,2304.35,0.81
1598,539358536,"01598M13:40:09.406","01598 12:52:53",247.17,823.16,,,,"     ",5.10,2298.34,0.81
1598,539358537,"01598M13:40:10.379","01598 12:52:54",247.19,823.14,,,,"     ",5.10,2292.08,0.81
1598,539358538,"01598M13:40:11.353","01598 12:52:55",247.19,823.20,,,,"     ",5.10,2285.95,0.81
1598,539358539,"01598M13:40:12.326","01598 12:52:56",247.17,823.26,,,,"     ",5.10,2331.82,0.82
1598,539358540,"01598M13:40:13.299","01598 12:52:57",247.11,823.20,,,,"     ",5.10,2288.53,0.81
1598,539358541,"01598M13:40:14.272","01598 12:52:58",247.03,823.25,,,,"     ",5.10,2331.74,0.82
1598,539358542,"01598M13:40:15.246","01598 12:52:59",246.94,823.26,,,,"     ",5.10,2320.49,0.82
1598,539358543,"01598M13:40:16.219","01598 12:53:00",246.83,823.29,,,,"     ",5.10,2299.85,0.81
1598,539358544,"01598M13:40:17.192","01598 12:53:01",246.71,823.22,,,,"     ",5.10,2310.77,0.82
1598,539358545,"01598M13:40:18.165","01598 12:53:02",246.61,823.23,,,,"     ",5.10,2284.92,0.81
1598,539358546,"01598M13:40:19.139","01598 12:53:03",246.51,823.18,,,,"     ",5.10,2301.91,0.81
1598,539358547,"01598M13:40:20.112","01598 12:53:04",246.43,823.13,,,,"     ",5.10,2320.52,0.82
1598,539358548,"01598M13:40:21.085","01598 12:53:05",246.37,823.12,,,,"     ",5.10,2240.97,0.79
1598,539358549,"01598M13:40:22.058","01598 12:53:06",246.34,823.23,,,,"     ",5.10,2274.14,0.80
1598,539358550,"01598M13:40:23.032","01598 12:53:07",246.32,823.30,,,,"     ",5.10,2290.10,0.81
1598,539358551,"01598M13:40:24.005","01598 12:53:08",246.32,823.29,,,,"     ",5.10,2306.04,0.81
1598,539358552,"01598M13:40:24.978","01598 12:53:09",246.33,823.26,,,,"     ",5.10,2321.82,0.82
1598,539358553,"01598M13:40:25.951","01598 12:53:10",246.37,823.20,,,,"     ",5.10,2297.75,0.81
1598,539358554,"01598M13:40:26.925","01598 12:53:11",246.42,823.14,,,,"     ",5.10,2290.66,0.81
1598,539358555,"01598M13:40:27.898","01598 12:53:12",246.48,823.17,,,,"     ",5.10,2277.45,0.80
1598,539358556,"01598M13:40:28.871","01598 12:53:13",246.54,823.13,,,,"     ",5.10,2285.88,0.80
1598,539358557,"01598M13:40:29.844","01598 12:53:14",246.60,823.18,,,,"     ",5.10,2339.03,0.82
1598,539358558,"01598M13:40:30.818","01598 12:53:15",246.65,823.23,,,,"     ",5.10,2305.76,0.81
1598,539358559,"01598M13:40:31.791","01598 12:53:16",246.70,823.09,,,,"     ",5.10,2310.72,0.81
1598,539358560,"01598M13:40:32.764","01598 12:53:17",246.73,823.17,,,,"     ",5.10,2331.94,0.82
1598,539358561,"01598M13:40:33.737","01598 12:53:18",246.75,823.14,,,,"     ",5.10,2309.89,0.81
1598,539358562,"01598M13:40:34.711","01598 12:53:19",246.75,823.15,,,,"     ",5.10,2315.47,0.81
1598,539358563,"01598M13:40:35.684","01598 12:53:20",246.74,823.05,,,,"     ",5.10,2286.18,0.80
1598,539358564,"01598M13:40:36.657","01598 12:53:21",246.73,823.03,,,,"     ",5.10,2313.95,0.81
1598,539358565,"01598M13:40:37.630","01598 12:53:22",246.71,823.10,,,,"     ",5.10,2299.44,0.81
1598,539358566,"01598M13:40:38.604","01598 12:53:22",246.71,823.12,,,,"     ",5.10,2318.03,0.81
1598,539358567,"01598M13:40:39.577","01598 12:53:23",246.71,823.12,,,,"     ",5.10,2285.78,0.80
1598,539358568,"01598M13:40:40.550","01598 12:53:24",246.71,823.14,,,,"     ",5.10,2294.74,0.81
1598,539358569,"01598M13:40:41.523","01598 12:53:25",246.71,823.16,,,,"     ",5.10,2304.77,0.81
1598,539358570,"01598M13:40:42.497","01598 12:53:26",246.71,823.18,,,,"     ",5.10,2275.37,0.80
1598,539358571,"01598M13:40:43.470","01598 12:53:27",246.70,823.08,,,,"     ",5.10,2324.85,0.82
1598,539358572,"01598M13:40:44.443","01598 12:53:28",246.70,823.07,,,,"     ",5.10,2304.91,0.81
1598,539358573,"01598M13:40:45.416","01598 12:53:29",246.69,823.04,,,,"     ",5.10,2303.12,0.81
1598,539358574,"01598M13:40:46.390","01598 12:53:30",246.69,823.01,,,,"     ",5.10,2338.12,0.82
1598,539358575,"01598M13:40:47.363","01598 12:53:31",246.68,823.05,,,,"     ",5.10,2309.33,0.81
1598,539358576,"01598M13:40:48.336","01598 12:53:32",246.68,823.05,,,,"     ",5.10,2302.97,0.81
1598,539358577,"01598M13:40:49.310","01598 12:53:33",246.67,823.08,,,,"     ",5.10,2286.89,0.80
1598,539358578,"01598M13:40:50.283","01598 12:53:34",246.67,823.06,,,,"     ",5.10,2300.83,0.81
1598,539358579,"01598M13:40:51.256","01598 12:53:35",246.29,823.04,,,,"     ",5.10,2301.22,0.81
1598,539358580,"01598M13:40:52.229","01598 12:53:36",246.34,823.00,,,,"     ",5.10,2321.69,0.81
1598,539358581,"01598M13:40:53.203","01598 12:53:37",246.39,823.04,,,,"     ",5.10,2319.69,0.81
1598,539358582,"01598M13:40:54.176","01598 12:53:38",246.43,822.98,,,,"     ",5.10,2304.47,0.81
1598,539358583,"01598M13:40:55.149","01598 12:53:39",246.45,822.97,,,,"     ",5.10,2332.61,0.82
1598,539358584,"01598M13:40:56.122","01598 12:53:40",246.47,823.09,,,,"     ",5.10,2298.61,0.81
1598,539358585,"01598M13:40:57.096","01598 12:53:41",246.49,823.13,,,,"     ",5.10,2337.45,0.82
1598,539358586,"01598M13:40:58.069","01598 12:53:42",246.49,823.07,,,,"     ",5.10,2332.81,0.82
1598,539358587,"01598M13:40:59.042","01598 12:53:43",246.49,823.05,,,,"     ",5.10,2322.87,0.81
1598,539358588,"01598M13:41:00.015","01598 12:53:44",246.48,823.06,,,,"     ",5.10,2288.22,0.80
1598,539358589,"01598M13:41:00.989","01598 12:53:45",246.46,823.05,,,,"     ",5.10,2315.92,0.81
1598,539358590,"01598M13:41:01.962","01598 12:53:46",246.43,823.11,,,,"     ",5.10,2312.68,0.81
1598,539358591,"01598M13:41:02.935","01598 12:53:47",246.40,823.13,,,,"     ",5.10,2309.80,0.81
1598,539358592,"01598M13:41:03.908","01598 12:53:48",246.36,823.07,,,,"     ",5.10,2328.13,0.81
1598,539358593,"01598M13:41:04.882","01598 12:53:49",246.31,823.04,,,,"     ",5.10,2339.09,0.82
1598,539358594,"01598M13:41:05.855","01598 12:53:50",246.24,823.10,,,,"     ",5.10,2301.97,0.80
1598,539358595,"01598M13:41:06.828","01598 12:53:51",246.17,823.14,,,,"     ",5.10,2310.72,0.81
1598,539358596,"01598M13:41:07.801","01598 12:53:52",246.08,823.08,,,,"     ",5.10,2290.92,0.80
1598,539358597,"01598M13:41:08.775","01598 12:53:53",245.98,823.08,,,,"     ",5.10,2324.34,0.81
1598,539358598,"01598M13:41:09.748","01598 12:53:54",245.88,823.00,,,,"     ",5.10,2286.18,0.80
1598,539358599,"01598M13:41:10.721","01598 12:53:55",245.79,823.11,,,,"     ",5.10,2316.93,0.81
1598,539358600,"01598M13:41:11.694","01598 12:53:56",245.71,822.98,,,,"     ",5.10,2328.90,0.81
1598,539358601,"01598M13:41:12.668","01598 12:53:57",245.63,823.00,,,,"     ",5.10,2293.85,0.80
1598,539358602,"01598M13:41:13.641","01598 12:53:58",245.56,823.02,,,,"     ",5.10,2298.63,0.80
1598,539358603,"01598M13:41:14.614","01598 12:53:59",245.49,822.98,,,,"     ",5.10,2297.31,0.80
1598,539358604,"01598M13:41:15.587","01598 12:53:59",245.41,823.04,,,,"     ",5.10,2309.47,0.80
1598,539358605,"01598M13:41:16.561","01598 12:54:00",245.34,823.03,,,,"     ",5.10,2303.22,0.80
1598,539358606,"01598M13:41:17.534","01598 12:54:01",245.27,822.90,,,,"     ",5.10,2287.25,0.80
1598,539358607,"01598M13:41:18.507","01598 12:54:02",245.22,822.90,,,,"     ",5.10,2376.61,0.83
1598,539358608,"01598M13:41:19.480","01598 12:54:03",245.18,822.94,,,,"     ",5.10,2345.01,0.82
1598,539358609,"01598M13:41:20.454","01598 12:54:04",245.16,822.92,,,,"     ",5.10,2316.78,0.81
1598,539358610,"01598M13:41:21.427","01598 12:54:05",245.16,822.81,,,,"     ",5.10,2346.57,0.82
1598,539358611,"01598M13:41:22.400","01598 12:54:06",245.18,822.82,,,,"     ",5.10,2306.65,0.80
1598,539358612,"01598M13:41:23.373","01598 12:54:07",245.21,822.82,,,,"     ",5.10,2317.31,0.81
1598,539358613,"01598M13:41:24.347","01598 12:54:08",245.26,822.75,,,,"     ",5.10,2316.18,0.81
1598,539358614,"01598M13:41:25.320","01598 12:54:09",245.33,822.80,,,,"     ",5.10,2344.21,0.82
1598,539358615,"01598M13:41:26.293","01598 12:54:10",245.40,822.80,,,,"     ",5.10,2300.29,0.80
1598,539358616,"01598M13:41:27.266","01598 12:54:11",245.50,822.78,,,,"     ",5.10,2371.73,0.83
1598,539358617,"01598M13:41:28.240","01598 12:54:12",245.62,822.81,,,,"     ",5.10,2336.27,0.81
1598,539358618,"01598M13:41:29.213","01598 12:54:13",245.75,822.75,,,,"     ",5.10,2314.76,0.81
1598,539358619,"01598M13:41:30.186","01598 12:54:14",245.90,822.72,,,,"     ",5.10,2339.13,0.81
1598,539358620,"01598M13:41:31.159","01598 12:54:15",246.05,822.66,,,,"     ",5.10,2326.98,0.81
1598,539358621,"01598M13:41:32.133","01598 12:54:16",246.20,822.68,,,,"     ",5.10,2302.19,0.80
1598,539358622,"01598M13:41:33.106","01598 12:54:17",246.33,822.65,,,,"     ",5.10,2309.85,0.80
1598,539358623,"01598M13:41:34.079","01598 12:54:18",246.44,822.64,,,,"     ",5.10,2330.93,0.81
1598,539358624,"01598M13:41:35.052","01598 12:54:19",246.53,822.67,,,,"     ",5.10,2310.14,0.80
1598,539358625,"01598M13:41:36.026","01598 12:54:20",246.61,822.73,,,,"     ",5.10,2295.31,0.80
1598,539358626,"01598M13:41:36.999","01598 12:54:21",246.66,822.63,,,,"     ",5.10,2309.43,0.80
1598,539358627,"01598M13:41:37.972","01598 12:54:22",246.68,822.67,,,,"     ",5.10,2291.55,0.80
1598,539358628,"01598M13:41:38.945","01598 12:54:23",246.68,822.74,,,,"     ",5.10,2345.45,0.82
1598,539358629,"01598M13:41:39.919","01598 12:54:24",246.65,822.69,,,,"     ",5.10,2303.70,0.80
1598,539358630,"01598M13:41:40.892","01598 12:54:25",246.59,822.75,,,,"     ",5.10,2330.03,0.81
1598,539358631,"01598M13:41:41.865","01598 12:54:26",246.52,822.71,,,,"     ",5.10,2314.77,0.81
1598,539358632,"01598M13:41:42.838","01598 12:54:27",246.43,822.77,,,,"     ",5.10,2315.65,0.81
1598,539358633,"01598M13:41:43.812","01598 12:54:28",246.35,822.72,,,,"     ",5.10,2333.45,0.81
1598,539358634,"01598M13:41:44.785","01598 12:54:29",246.27,822.74,,,,"     ",5.10,2330.68,0.81
1598,539358635,"01598M13:41:45.758","01598 12:54:30",246.20,822.78,,,,"     ",5.10,2299.41,0.80
1598,539358636,"01598M13:41:46.731","01598 12:54:31",246.16,822.80,,,,"     ",5.10,2322.80,0.81
1598,539358637,"01598M13:41:47.705","01598 12:54:32",246.12,822.75,,,,"     ",5.10,2340.60,0.81
1598,539358638,"01598M13:41:48.678","01598 12:54:33",246.09,822.75,,,,"     ",5.10,2309.18,0.80
1598,539358639,"01598M13:41:49.651","01598 12:54:34",246.07,822.74,,,,"     ",5.10,2347.40,0.82
1598,539358640,"01598M13:41:50.624","01598 12:54:35",246.05,822.66,,,,"     ",5.10,2342.75,0.81
1598,539358641,"01598M13:41:51.598","01598 12:54:35",246.04,822.74,,,,"     ",5.10,2299.73,0.80
1598,539358642,"01598M13:41:52.571","01598 12:54:36",246.02,822.78,,,,"     ",5.10,2365.35,0.82
1598,539358643,"01598M13:41:53.544","01598 12:54:37",246.01,822.82,,,,"     ",5.10,2342.91,0.81
1598,539358644,"01598M13:41:54.517","01598 12:54:38",246.01,822.79,,,,"     ",5.10,2312.38,0.80
1598,539358645,"01598M13:41:55.491","01598 12:54:39",246.01,822.75,,,,"     ",5.10,2330.07,0.81
1598,539358646,"01598M13:41:56.464","01598 12:54:40",246.02,822.75,,,,"     ",5.10,2359.95,0.82
1598,539358647,"01598M13:41:57.437","01598 12:54:41",246.04,822.65,,,,"     ",5.10,2319.32,0.80
1598,539358648,"01598M13:41:58.411","01598 12:54:42",246.08,822.69,,,,"     ",5.10,2276.90,0.79
1598,539358649,"01598M13:41:59.384","01598 12:54:43",246.14,822.68,,,,"     ",5.10,2319.71,0.80
1598,539358650,"01598M13:42:00.357","01598 12:54:44",246.21,822.67,,,,"     ",5.10,2315.11,0.80
1598,539358651,"01598M13:42:01.330","01598 12:54:45",246.31,822.70,,,,"     ",5.10,2361.47,0.82
1598,539358652,"01598M13:42:02.304","01598 12:54:46",246.43,822.74,,,,"     ",5.10,2328.33,0.81
1598,539358653,"01598M13:42:03.277","01598 12:54:47",246.57,822.64,,,,"     ",5.10,2345.73,0.81
1598,539358654,"01598M13:42:04.250","01598 12:54:48",246.72,822.70,,,,"     ",5.10,2336.18,0.81
1598,539358655,"01598M13:42:05.223","01598 12:54:49",246.88,822.63,,,,"     ",5.10,2343.40,0.81
1598,539358656,"01598M13:42:06.197","01598 12:54:50",247.04,822.59,,,,"     ",5.10,2353.98,0.81
1598,539358657,"01598M13:42:07.170","01598 12:54:51",247.20,822.65,,,,"     ",5.10,2366.93,0.82
1598,539358658,"01598M13:42:08.143","01598 12:54:52",247.36,822.65,,,,"     ",5.10,2331.57,0.81
1598,539358659,"01598M13:42:09.116","01598 12:54:53",247.52,822.57,,,,"     ",5.10,2344.18,0.81
1598,539358660,"01598M13:42:10.090","01598 12:54:54",247.68,822.57,,,,"     ",5.10,2365.64,0.82
1598,539358661,"01598M13:42:11.063","01598 12:54:55",247.82,822.55,,,,"     ",5.10,2374.52,0.82
1598,539358662,"01598M13:42:12.036","01598 12:54:56",247.93,822.63,,,,"     ",5.10,2359.40,0.81
1598,539358663,"01598M13:42:13.009","01598 12:54:57",248.02,822.51,,,,"     ",5.10,2361.06,0.82
1598,539358664,"01598M13:42:13.983","01598 12:54:58",248.08,822.54,,,,"     ",5.10,2371.27,0.82
1598,539358665,"01598M13:42:14.956","01598 12:54:59",248.10,822.51,,,,"     ",5.10,2354.77,0.81
1598,539358666,"01598M13:42:15.929","01598 12:55:00",248.09,822.52,,,,"     ",5.10,2305.31,0.79
1598,539358667,"01598M13:42:16.902","01598 12:55:01",248.07,822.55,,,,"     ",5.10,2349.05,0.81
1598,539358668,"01598M13:42:17.876","01598 12:55:02",248.05,822.47,,,,"     ",5.10,2368.98,0.82
1598,539358669,"01598M13:42:18.849","01598 12:55:03",248.03,822.53,,,,"     ",5.10,2340.28,0.81
1598,539358670,"01598M13:42:19.822","01598 12:55:04",248.02,822.50,,,,"     ",5.10,2331.27,0.80
1598,539358671,"01598M13:42:20.795","01598 12:55:05",248.02,822.54,,,,"     ",5.10,2337.26,0.80
1598,539358672,"01598M13:42:21.769","01598 12:55:06",248.03,822.46,,,,"     ",5.10,2338.92,0.80
1598,539358673,"01598M13:42:22.742","01598 12:55:07",248.04,822.36,,,,"     ",5.10,2343.29,0.81
1598,539358674,"01598M13:42:23.715","01598 12:55:08",248.06,822.40,,,,"     ",5.10,2341.36,0.81
1598,539358675,"01598M13:42:24.688","01598 12:55:09",248.07,822.44,,,,"     ",5.10,2330.37,0.80
1598,539358676,"01598M13:42:25.662","01598 12:55:10",248.09,822.47,,,,"     ",5.10,2360.42,0.81
1598,539358677,"01598M13:42:26.635","01598 12:55:11",248.11,822.47,,,,"     ",5.10,2337.84,0.80
1598,539358678,"01598M13:42:27.608","01598 12:55:11",248.12,822.49,,,,"     ",5.10,2364.47,0.81
1598,539358679,"01598M13:42:28.581","01598 12:55:12",248.13,822.44,,,,"     ",5.10,2377.80,0.82
1598,539358680,"01598M13:42:29.555","01598 12:55:13",248.14,822.49,,,,"     ",5.10,2317.66,0.80
1598,539358681,"01598M13:42:30.528","01598 12:55:14",248.16,822.44,,,,"     ",5.10,2376.57,0.82
1598,539358682,"01598M13:42:31.501","01598 12:55:15",248.16,822.49,,,,"     ",5.10,2372.37,0.81
1598,539358683,"01598M13:42:32.474","01598 12:55:16",248.17,822.52,,,,"     ",5.10,2395.53,0.82
1598,539358684,"01598M13:42:33.448","01598 12:55:17",248.17,822.55,,,,"     ",5.10,2352.20,0.81
1598,539358685,"01598M13:42:34.421","01598 12:55:18",248.19,822.51,,,,"     ",5.10,2379.87,0.82
1598,539358686,"01598M13:42:35.394","01598 12:55:19",248.22,822.46,,,,"     ",5.10,2339.16,0.80
1598,539358687,"01598M13:42:36.367","01598 12:55:20",248.28,822.40,,,,"     ",5.10,2331.79,0.80
1598,539358688,"01598M13:42:37.341","01598 12:55:21",248.36,822.43,,,,"     ",5.10,2383.35,0.82
1598,539358689,"01598M13:42:38.314","01598 12:55:22",248.46,822.37,,,,"     ",5.10,2323.50,0.80
1598,539358690,"01598M13:42:39.287","01598 12:55:23",248.56,822.40,,,,"     ",5.10,2381.98,0.82
1598,539358691,"01598M13:42:40.260","01598 12:55:24",248.66,822.45,,,,"     ",5.10,2366.39,0.81
1598,539358692,"01598M13:42:41.234","01598 12:55:25",248.74,822.50,,,,"     ",5.10,2332.71,0.80
1598,539358693,"01598M13:42:42.207","01598 12:55:26",248.80,822.48,,,,"     ",5.10,2346.68,0.81
1598,539358694,"01598M13:42:43.180","01598 12:55:27",248.82,822.46,,,,"     ",5.10,2342.66,0.80
1598,539358695,"01598M13:42:44.153","01598 12:55:28",248.82,822.52,,,,"     ",5.10,2327.61,0.80
1598,539358696,"01598M13:42:45.127","01598 12:55:29",248.79,822.47,,,,"     ",5.10,2412.72,0.83
1598,539358697,"01598M13:42:46.100","01598 12:55:30",248.75,822.47,,,,"     ",5.10,2353.77,0.81
1598,539358698,"01598M13:42:47.073","01598 12:55:31",248.70,822.45,,,,"     ",5.10,2341.14,0.80
1598,539358699,"01598M13:42:48.046","01598 12:55:32",248.66,822.45,,,,"     ",5.10,2367.50,0.81
1598,539358700,"01598M13:42:49.020","01598 12:55:33",248.62,822.35,,,,"     ",5.10,2356.51,0.81
1598,539358701,"01598M13:42:49.993","01598 12:55:34",248.59,822.39,,,,"     ",5.10,2353.78,0.81
1598,539358702,"01598M13:42:50.966","01598 12:55:35",248.55,822.31,,,,"     ",5.10,2345.49,0.80
1598,539358703,"01598M13:42:51.939","01598 12:55:36",248.52,822.42,,,,"     ",5.10,2357.16,0.81
1598,539358704,"01598M13:42:52.913","01598 12:55:37",248.48,822.38,,,,"     ",5.10,2397.79,0.82
1598,539358705,"01598M13:42:53.886","01598 12:55:38",248.47,822.41,,,,"     ",5.10,2356.11,0.81
1598,539358706,"01598M13:42:54.859","01598 12:55:39",248.47,822.39,,,,"     ",5.10,2378.24,0.82
1598,539358707,"01598M13:42:55.832","01598 12:55:40",248.49,822.44,,,,"     ",5.10,2318.50,0.79
1598,539358708,"01598M13:42:56.806","01598 12:55:41",248.53,822.38,,,,"     ",5.10,2401.09,0.82
1598,539358709,"01598M13:42:57.779","01598 12:55:42",248.59,822.34,,,,"     ",5.10,2317.66,0.79
1598,539358710,"01598M13:42:58.752","01598 12:55:43",248.65,822.39,,,,"     ",5.10,2343.82,0.80
1598,539358711,"01598M13:42:59.725","01598 12:55:44",248.70,822.37,,,,"     ",5.10,2363.08,0.81
1598,539358712,"01598M13:43:00.699","01598 12:55:45",248.75,822.40,,,,"     ",5.10,2365.52,0.81
1598,539358713,"01598M13:43:01.672","01598 12:55:46",248.78,822.26,,,,"     ",5.10,2338.55,0.80
1598,539358714,"01598M13:43:02.645","01598 12:55:47",248.79,822.37,,,,"     ",5.10,2340.99,0.80
1598,539358715,"01598M13:43:03.618","01598 12:55:47",248.81,822.31,,,,"     ",5.10,2346.10,0.80
1598,539358716,"01598M13:43:04.592","01598 12:55:48",248.81,822.46,,,,"     ",5.10,2330.53,0.80
1598,539358717,"01598M13:43:05.565","01598 12:55:49",248.82,822.44,,,,"     ",5.10,2358.82,0.81
1598,539358718,"01598M13:43:06.538","01598 12:55:50",248.82,822.42,,,,"     ",5.10,2354.06,0.81
1598,539358719,"01598M13:43:07.512","01598 12:55:51",248.81,822.41,,,,"     ",5.10,2334.27,0.80
1598,539358720,"01598M13:43:08.485","01598 12:55:52",248.77,822.47,,,,"     ",5.10,2340.00,0.80
1598,539358721,"01598M13:43:09.458","01598 12:55:53",248.72,822.40,,,,"     ",5.10,2374.30,0.81
1598,539358722,"01598M13:43:10.431","01598 12:55:54",248.67,822.36,,,,"     ",5.10,2348.72,0.80
1598,539358723,"01598M13:43:11.405","01598 12:55:55",248.63,822.38,,,,"     ",5.10,2325.94,0.80
1598,539358724,"01598M13:43:12.378","01598 12:55:56",248.61,822.34,,,,"     ",5.10,2327.48,0.80
1598,539358725,"01598M13:43:13.351","01598 12:55:57",248.61,822.42,,,,"     ",5.10,2344.82,0.80
1598,539358726,"01598M13:43:14.324","01598 12:55:58",248.63,822.40,,,,"     ",5.10,2353.08,0.80
1598,539358727,"01598M13:43:15.298","01598 12:55:59",248.67,822.41,,,,"     ",5.10,2332.95,0.80
1598,539358728,"01598M13:43:16.271","01598 12:56:00",248.71,822.39,,,,"     ",5.10,2361.27,0.81
1598,539358729,"01598M13:43:17.244","01598 12:56:01",248.76,822.27,,,,"     ",5.10,2375.59,0.81
1598,539358730,"01598M13:43:18.217","01598 12:56:02",248.80,822.31,,,,"     ",5.10,2362.86,0.81
1598,539358731,"01598M13:43:19.191","01598 12:56:03",248.85,822.27,,,,"     ",5.10,2318.17,0.79
1598,539358732,"01598M13:43:20.164","01598 12:56:04",248.90,822.36,,,,"     ",5.10,2376.17,0.81
1598,539358733,"01598M13:43:21.137","01598 12:56:05",248.96,822.25,,,,"     ",5.10,2380.40,0.81
1598,539358734,"01598M13:43:22.110","01598 12:56:06",249.04,822.25,,,,"     ",5.10,2354.82,0.80
1598,539358735,"01598M13:43:23.084","01598 12:56:07",249.12,822.30,,,,"     ",5.10,2307.78,0.79
1598,539358736,"01598M13:43:24.057","01598 12:56:08",249.21,822.19,,,,"     ",5.10,2357.54,0.80
1598,539358737,"01598M13:43:25.030","01598 12:56:09",249.28,822.32,,,,"     ",5.10,2352.00,0.80
1598,539358738,"01598M13:43:26.003","01598 12:56:10",249.33,822.36,,,,"     ",5.10,2367.44,0.81
1598,539358739,"01598M13:43:26.977","01598 12:56:11",249.35,822.35,,,,"     ",5.10,2375.94,0.81
1598,539358740,"01598M13:43:27.950","01598 12:56:12",249.36,822.35,,,,"     ",5.10,2346.49,0.80
1598,539358741,"01598M13:43:28.923","01598 12:56:13",249.35,822.23,,,,"     ",5.10,2361.19,0.80
1598,539358742,"01598M13:43:29.896","01598 12:56:14",249.34,822.27,,,,"     ",5.10,2354.79,0.80
1598,539358743,"01598M13:43:30.870","01598 12:56:15",249.33,822.30,,,,"     ",5.10,2344.56,0.80
1598,539358744,"01598M13:43:31.843","01598 12:56:16",249.33,822.30,,,,"     ",5.10,2372.86,0.81
1598,539358745,"01598M13:43:32.816","01598 12:56:17",249.33,822.26,,,,"     ",5.10,2398.11,0.81
1598,539358746,"01598M13:43:33.789","01598 12:56:18",249.33,822.25,,,,"     ",5.10,2346.76,0.80
1598,539358747,"01598M13:43:34.763","01598 12:56:19",249.33,822.28,,,,"     ",5.10,2367.22,0.80
1598,539358748,"01598M13:43:35.736","01598 12:56:20",249.35,822.32,,,,"     ",5.10,2362.16,0.80
1598,539358749,"01598M13:43:36.709","01598 12:56:21",249.38,822.40,,,,"     ",5.10,2381.66,0.81
1598,539358750,"01598M13:43:37.682","01598 12:56:22",249.44,822.25,,,,"     ",5.10,2362.87,0.80
1598,539358751,"01598M13:43:38.656","01598 12:56:23",249.51,822.23,,,,"     ",5.10,2353.95,0.80
1598,539358752,"01598M13:43:39.629","01598 12:56:23",249.60,822.23,,,,"     ",5.10,2366.92,0.80
1598,539358753,"01598M13:43:40.602","01598 12:56:24",249.69,822.20,,,,"     ",5.10,2383.14,0.81
1598,539358754,"01598M13:43:41.575","01598 12:56:25",249.76,822.31,,,,"     ",5.10,2382.35,0.81
1598,539358755,"01598M13:43:42.549","01598 12:56:26",249.81,822.26,,,,"     ",5.10,2416.96,0.82
1598,539358756,"01598M13:43:43.522","01598 12:56:27",249.83,822.24,,,,"     ",5.10,2358.90,0.80
1598,539358757,"01598M13:43:44.495","01598 12:56:28",249.81,822.17,,,,"     ",5.10,2375.36,0.80
1598,539358758,"01598M13:43:45.468","01598 12:56:29",249.77,822.22,,,,"     ",5.10,2368.68,0.80
1598,539358759,"01598M13:43:46.442","01598 12:56:30",249.72,822.27,,,,"     ",5.10,2393.33,0.81
1598,539358760,"01598M13:43:47.415","01598 12:56:31",249.66,822.27,,,,"     ",5.10,2373.40,0.80
1598,539358761,"01598M13:43:48.388","01598 12:56:32",249.60,822.25,,,,"     ",5.10,2362.63,0.80
1598,539358762,"01598M13:43:49.361","01598 12:56:33",249.56,822.30,,,,"     ",5.10,2353.60,0.79
1598,539358763,"01598M13:43:50.335","01598 12:56:34",249.53,822.16,,,,"     ",5.10,2342.84,0.79
1598,539358764,"01598M13:43:51.308","01598 12:56:35",249.52,822.20,,,,"     ",5.10,2371.56,0.80
1598,539358765,"01598M13:43:52.281","01598 12:56:36",249.53,822.16,,,,"     ",5.10,2393.58,0.81
1598,539358766,"01598M13:43:53.254","01598 12:56:37",249.55,822.18,,,,"     ",5.10,2379.78,0.80
1598,539358767,"01598M13:43:54.228","01598 12:56:38",249.60,822.13,,,,"     ",5.10,2352.99,0.79
1598,539358768,"01598M13:43:55.201","01598 12:56:39",249.66,822.14,,,,"     ",5.10,2356.63,0.79
1598,539358769,"01598M13:43:56.174","01598 12:56:40",249.72,822.22,,,,"     ",5.10,2371.01,0.80
1598,539358770,"01598M13:43:57.147","01598 12:56:41",249.77,822.24,,,,"     ",5.10,2388.51,0.80
1598,539358771,"01598M13:43:58.121","01598 12:56:42",249.81,822.17,,,,"     ",5.10,2405.45,0.81
1598,539358772,"01598M13:43:59.094","01598 12:56:43",249.83,822.13,,,,"     ",5.10,2397.72,0.81
1598,539358773,"01598M13:44:00.067","01598 12:56:44",249.84,822.23,,,,"     ",5.10,2396.01,0.81
1598,539358774,"01598M13:44:01.040","01598 12:56:45",249.84,822.20,,,,"     ",5.10,2396.57,0.81
1598,539358775,"01598M13:44:02.014","01598 12:56:46",249.83,822.26,,,,"     ",5.10,2378.70,0.80
1598,539358776,"01598M13:44:02.987","01598 12:56:47",249.84,822.26,,,,"     ",5.10,2364.67,0.79
1598,539358777,"01598M13:44:03.960","01598 12:56:48",249.85,822.19,,,,"     ",5.10,2382.34,0.80
1598,539358778,"01598M13:44:04.933","01598 12:56:49",249.88,822.19,,,,"     ",5.10,2393.34,0.80
1598,539358779,"01598M13:44:05.907","01598 12:56:50",249.94,822.17,,,,"     ",5.10,2378.99,0.80
1598,539358780,"01598M13:44:06.880","01598 12:56:51",250.00,822.24,,,,"     ",5.10,2382.22,0.80
1598,539358781,"01598M13:44:07.853","01598 12:56:52",250.08,822.33,,,,"     ",5.10,2376.95,0.80
1598,539358782,"01598M13:44:08.826","01598 12:56:53",250.16,822.16,,,,"     ",5.10,2359.47,0.79
1598,539358783,"01598M13:44:09.800","01598 12:56:54",250.24,822.20,,,,"     ",5.10,2416.11,0.81
1598,539358784,"01598M13:44:10.773","01598 12:56:55",250.31,822.32,,,,"     ",5.10,2403.03,0.81
1598,539358785,"01598M13:44:11.746","01598 12:56:56",250.38,822.33,,,,"     ",5.10,2374.29,0.79
1598,539358786,"01598M13:44:12.719","01598 12:56:57",250.43,822.32,,,,"     ",5.10,2381.28,0.80
1598,539358787,"01598M13:44:13.693","01598 12:56:58",250.46,822.25,,,,"     ",5.10,2378.29,0.80
1598,539358788,"01598M13:44:14.666","01598 12:56:59",250.48,822.32,,,,"     ",5.10,2389.75,0.80
1598,539358789,"01598M13:44:15.639","01598 12:56:59",250.49,822.31,,,,"     ",5.10,2369.54,0.79
1598,539358790,"01598M13:44:16.613","01598 12:57:00",250.49,822.41,,,,"     ",5.10,2342.66,0.78
1598,539358791,"01598M13:44:17.586","01598 12:57:01",250.49,822.23,,,,"     ",5.10,2413.79,0.81
1598,539358792,"01598M13:44:18.559","01598 12:57:02",250.48,822.19,,,,"     ",5.10,2398.83,0.80
1598,539358793,"01598M13:44:19.532","01598 12:57:03",250.48,822.33,,,,"     ",5.10,2378.10,0.79
1598,539358794,"01598M13:44:20.506","01598 12:57:04",250.50,822.34,,,,"     ",5.10,2376.32,0.79
1598,539358795,"01598M13:44:21.479","01598 12:57:05",250.53,822.24,,,,"     ",5.10,2402.14,0.80
1598,539358796,"01598M13:44:22.452","01598 12:57:06",250.60,822.23,,,,"     ",5.10,2365.86,0.79
1598,539358797,"01598M13:44:23.425","01598 12:57:07",250.68,822.28,,,,"     ",5.10,2388.07,0.80
1598,539358798,"01598M13:44:24.399","01598 12:57:08",250.77,822.30,,,,"     ",5.10,2392.81,0.80
1598,539358799,"01598M13:44:25.372","01598 12:57:09",250.87,822.15,,,,"     ",5.10,2426.20,0.81
1598,539358800,"01598M13:44:26.345","01598 12:57:10",250.95,822.18,,,,"     ",5.10,2429.31,0.81
1598,539358801,"01598M13:44:27.318","01598 12:57:11",251.01,822.08,,,,"     ",5.10,2413.52,0.80
1598,539358802,"01598M13:44:28.292","01598 12:57:12",251.05,822.10,,,,"     ",5.10,2415.35,0.80
1598,539358803,"01598M13:44:29.265","01598 12:57:13",251.05,822.12,,,,"     ",5.10,2352.46,0.78
1598,539358804,"01598M13:44:30.238","01598 12:57:14",251.01,822.20,,,,"     ",5.10,2377.35,0.79
1598,539358805,"01598M13:44:31.211","01598 12:57:15",250.94,822.28,,,,"     ",5.10,2411.40,0.80
1598,539358806,"01598M13:44:32.185","01598 12:57:16",250.83,822.31,,,,"     ",5.10,2424.96,0.81
1598,539358807,"01598M13:44:33.158","01598 12:57:17",250.70,822.28,,,,"     ",5.10,2439.99,0.81
1598,539358808,"01598M13:44:34.131","01598 12:57:18",250.54,822.31,,,,"     ",5.10,2367.91,0.79
1598,539358809,"01598M13:44:35.104","01598 12:57:19",250.37,822.30,,,,"     ",5.10,2434.53,0.81
1598,539358810,"01598M13:44:36.078","01598 12:57:20",250.21,822.35,,,,"     ",5.10,2435.90,0.81
1598,539358811,"01598M13:44:37.051","01598 12:57:21",250.05,822.30,,,,"     ",5.10,2385.34,0.79
1598,539358812,"01598M13:44:38.024","01598 12:57:22",249.91,822.29,,,,"     ",5.10,2409.81,0.80
1598,539358813,"01598M13:44:38.997","01598 12:57:23",249.81,822.30,,,,"     ",5.10,2385.32,0.79
1598,539358814,"01598M13:44:39.971","01598 12:57:24",249.75,822.26,,,,"     ",5.10,2417.07,0.80
1598,539358815,"01598M13:44:40.944","01598 12:57:25",249.73,822.29,,,,"     ",5.10,2367.92,0.78
1598,539358816,"01598M13:44:41.917","01598 12:57:26",249.74,822.28,,,,"     ",5.10,2376.86,0.79
1598,539358817,"01598M13:44:42.890","01598 12:57:27",249.76,822.22,,,,"     ",5.10,2403.23,0.79
1598,539358818,"01598M13:44:43.864","01598 12:57:28",249.78,822.24,,,,"     ",5.10,2383.77,0.79
1598,539358819,"01598M13:44:44.837","01598 12:57:29",249.80,822.21,,,,"     ",5.10,2448.46,0.81
1598,539358820,"01598M13:44:45.810","01598 12:57:30",249.81,822.14,,,,"     ",5.10,2426.16,0.80
1598,539358821,"01598M13:44:46.783","01598 12:57:31",249.81,822.23,,,,"     ",5.10,2385.04,0.79
1598,539358822,"01598M13:44:47.757","01598 12:57:32",249.80,822.25,,,,"     ",5.10,2382.62,0.79
1598,539358823,"01598M13:44:48.730","01598 12:57:33",249.78,822.22,,,,"     ",5.10,2417.51,0.80
1598,539358824,"01598M13:44:49.703","01598 12:57:34",249.74,822.12,,,,"     ",5.10,2469.15,0.82
1598,539358825,"01598M13:44:50.676","01598 12:57:35",249.68,822.15,,,,"     ",5.10,2427.66,0.80
1598,539358826,"01598M13:44:51.650","01598 12:57:35",249.61,822.09,,,,"     ",5.10,2388.66,0.79
1598,539358827,"01598M13:44:52.623","01598 12:57:36",249.53,822.16,,,,"     ",5.10,2461.29,0.81
1598,539358828,"01598M13:44:53.596","01598 12:57:37",249.45,822.15,,,,"     ",5.10,2407.75,0.79
1598,539358829,"01598M13:44:54.569","01598 12:57:38",249.38,822.13,,,,"     ",5.10,2430.88,0.80
1598,539358830,"01598M13:44:55.543","01598 12:57:39",249.32,822.15,,,,"     ",5.10,2396.94,0.79
1598,539358831,"01598M13:44:56.516","01598 12:57:40",249.28,822.14,,,,"     ",5.10,2413.60,0.79
1598,539358832,"01598M13:44:57.489","01598 12:57:41",249.25,822.11,,,,"     ",5.10,2452.46,0.81
1598,539358833,"01598M13:44:58.462","01598 12:57:42",249.25,822.12,,,,"     ",5.10,2427.34,0.80
1598,539358834,"01598M13:44:59.436","01598 12:57:43",249.27,822.10,,,,"     ",5.10,2427.91,0.80
1598,539358835,"01598M13:45:00.409","01598 12:57:44",249.31,822.15,,,,"     ",5.10,2419.94,0.80
1598,539358836,"01598M13:45:01.382","01598 12:57:45",249.36,822.14,,,,"     ",5.10,2443.82,0.80
1598,539358837,"01598M13:45:02.355","01598 12:57:46",249.42,822.21,,,,"     ",5.10,2427.75,0.80
1598,539358838,"01598M13:45:03.329","01598 12:57:47",249.51,822.18,,,,"     ",5.10,2390.01,0.79
1598,539358839,"01598M13:45:04.302","01598 12:57:48",249.61,822.23,,,,"     ",5.10,2386.50,0.78
1598,539358840,"01598M13:45:05.275","01598 12:57:49",249.72,822.20,,,,"     ",5.10,2391.80,0.79
1598,539358841,"01598M13:45:06.248","01598 12:57:50",249.85,822.16,,,,"     ",5.10,2382.97,0.78
1598,539358842,"01598M13:45:07.222","01598 12:57:51",249.98,822.17,,,,"     ",5.10,2415.90,0.79
1598,539358843,"01598M13:45:08.195","01598 12:57:52",250.09,822.20,,,,"     ",5.10,2438.40,0.80
1598,539358844,"01598M13:45:09.168","01598 12:57:53",250.20,822.12,,,,"     ",5.10,2418.30,0.79
1598,539358845,"01598M13:45:10.141","01598 12:57:54",250.28,822.08,,,,"     ",5.10,2401.49,0.79
1598,539358846,"01598M13:45:11.115","01598 12:57:55",250.35,822.10,,,,"     ",5.10,2405.94,0.79
1598,539358847,"01598M13:45:12.088","01598 12:57:56",250.40,821.99,,,,"     ",5.10,2386.92,0.78
1598,539358848,"01598M13:45:13.061","01598 12:57:57",250.42,822.00,,,,"     ",5.10,2399.36,0.79
1598,539358849,"01598M13:45:14.034","01598 12:57:58",250.43,822.03,,,,"     ",5.10,2427.34,0.80
1598,539358850,"01598M13:45:15.008","01598 12:57:59",250.41,822.11,,,,"     ",5.10,2400.79,0.79
1598,539358851,"01598M13:45:15.981","01598 12:58:00",250.35,822.05,,,,"     ",5.10,2394.99,0.78
1598,539358852,"01598M13:45:16.954","01598 12:58:01",250.27,822.08,,,,"     ",5.10,2453.78,0.80
1598,539358853,"01598M13:45:17.927","01598 12:58:02",250.16,822.12,,,,"     ",5.10,2451.18,0.80
1598,539358854,"01598M13:45:18.901","01598 12:58:03",250.04,822.11,,,,"     ",5.10,2380.82,0.78
1598,539358855,"01598M13:45:19.874","01598 12:58:04",249.91,822.12,,,,"     ",5.10,2452.34,0.80
1598,539358856,"01598M13:45:20.847","01598 12:58:05",249.78,822.17,,,,"     ",5.10,2466.19,0.81
1598,539358857,"01598M13:45:21.820","01598 12:58:06",249.68,822.22,,,,"     ",5.10,2406.72,0.79
1598,539358858,"01598M13:45:22.794","01598 12:58:07",249.61,822.11,,,,"     ",5.10,2426.04,0.79
1598,539358859,"01598M13:45:23.767","01598 12:58:08",249.58,822.08,,,,"     ",5.10,2422.26,0.79
1598,539358860,"01598M13:45:24.740","01598 12:58:09",249.58,822.14,,,,"     ",5.10,2356.56,0.77
1598,539358861,"01598M13:45:25.713","01598 12:58:10",249.62,822.15,,,,"     ",5.10,2412.19,0.79
1598,539358862,"01598M13:45:26.687","01598 12:58:11",249.68,822.03,,,,"     ",5.10,2453.19,0.80
1598,539358863,"01598M13:45:27.660","01598 12:58:12",249.76,822.15,,,,"     ",5.10,2446.23,0.80
1598,539358864,"01598M13:45:28.633","01598 12:58:12",249.85,822.10,,,,"     ",5.10,2399.45,0.78
1598,539358865,"01598M13:45:29.607","01598 12:58:13",249.93,822.01,,,,"     ",5.10,2388.69,0.78
1598,539358866,"01598M13:45:30.580","01598 12:58:14",250.00,822.04,,,,"     ",5.10,2426.17,0.79
1598,539358867,"01598M13:45:31.553","01598 12:58:15",250.06,822.06,,,,"     ",5.10,2400.18,0.78
1598,539358868,"01598M13:45:32.526","01598 12:58:16",250.09,822.14,,,,"     ",5.10,2442.51,0.80
1598,539358869,"01598M13:45:33.500","01598 12:58:17",250.09,822.06,,,,"     ",5.10,2401.92,0.78
1598,539358870,"01598M13:45:34.473","01598 12:58:18",250.06,822.08,,,,"     ",5.10,2439.60,0.79
1598,539358871,"01598M13:45:35.446","01598 12:58:19",250.02,822.11,,,,"     ",5.10,2428.75,0.79
1598,539358872,"01598M13:45:36.419","01598 12:58:20",249.96,822.11,,,,"     ",5.10,2444.79,0.80
1598,539358873,"01598M13:45:37.393","01598 12:58:21",249.94,822.07,,,,"     ",5.10,2408.18,0.78
1598,539358874,"01598M13:45:38.366","01598 12:58:22",249.92,822.05,,,,"     ",5.10,2437.47,0.79
1598,539358875,"01598M13:45:39.339","01598 12:58:23",249.91,822.08,,,,"     ",5.10,2446.41,0.80
1598,539358876,"01598M13:45:40.312","01598 12:58:24",249.89,822.06,,,,"     ",5.10,2394.76,0.78
1598,539358877,"01598M13:45:41.286","01598 12:58:25",249.88,822.08,,,,"     ",5.10,2441.27,0.79
1598,539358878,"01598M13:45:42.259","01598 12:58:26",249.87,822.07,,,,"     ",5.10,2430.29,0.79
1598,539358879,"01598M13:45:43.232","01598 12:58:27",249.87,822.05,,,,"     ",5.10,2460.24,0.80
1598,539358880,"01598M13:45:44.205","01598 12:58:28",249.86,822.02,,,,"     ",5.10,2456.06,0.80
1598,539358881,"01598M13:45:45.179","01598 12:58:29",249.86,822.04,,,,"     ",5.10,2468.24,0.80
1598,539358882,"01598M13:45:46.152","01598 12:58:30",249.86,822.04,,,,"     ",5.10,2449.88,0.80
1598,539358883,"01598M13:45:47.125","01598 12:58:31",249.87,822.06,,,,"     ",5.10,2412.97,0.78
1598,539358884,"01598M13:45:48.098","01598 12:58:32",249.88,822.06,,,,"     ",5.10,2466.79,0.80
1598,539358885,"01598M13:45:49.072","01598 12:58:33",249.89,822.01,,,,"     ",5.10,2446.33,0.79
1598,539358886,"01598M13:45:50.045","01598 12:58:34",249.91,822.06,,,,"     ",5.10,2413.72,0.78
1598,539358887,"01598M13:45:51.018","01598 12:58:35",249.53,822.05,,,,"     ",5.10,2410.00,0.78
1598,539358888,"01598M13:45:51.991","01598 12:58:36",249.53,822.05,,,,"     ",5.10,2436.18,0.79
1598,539358889,"01598M13:45:52.965","01598 12:58:37",249.54,822.07,,,,"     ",5.10,2466.33,0.80
1598,539358890,"01598M13:45:53.938","01598 12:58:38",249.54,822.09,,,,"     ",5.10,2436.06,0.79
1598,539358891,"01598M13:45:54.911","01598 12:58:39",249.55,822.03,,,,"     ",5.10,2474.42,0.80
1598,539358892,"01598M13:45:55.884","01598 12:58:40",249.56,822.10,,,,"     ",5.10,2426.60,0.79
1598,539358893,"01598M13:45:56.858","01598 12:58:41",249.57,821.98,,,,"     ",5.10,2432.86,0.79
1598,539358894,"01598M13:45:57.831","01598 12:58:42",249.58,822.02,,,,"     ",5.10,2444.46,0.79
1598,539358895,"01598M13:45:58.804","01598 12:58:43",249.59,822.05,,,,"     ",5.10,2419.43,0.78
1598,539358896,"01598M13:45:59.777","01598 12:58:44",249.60,821.95,,,,"     ",5.10,2459.20,0.80
1598,539358897,"01598M13:46:00.751","01598 12:58:45",249.62,821.95,,,,"     ",5.10,2430.96,0.79
1598,539358898,"01598M13:46:01.724","01598 12:58:46",249.64,821.97,,,,"     ",5.10,2456.65,0.79
1598,539358899,"01598M13:46:02.697","01598 12:58:47",249.65,822.01,,,,"     ",5.10,2465.22,0.80
1598,539358900,"01598M13:46:03.670","01598 12:58:48",249.67,821.97,,,,"     ",5.10,2442.52,0.79
1598,539358901,"01598M13:46:04.644","01598 12:58:48",249.67,821.84,,,,"     ",5.10,2458.95,0.79
1598,539358902,"01598M13:46:05.617","01598 12:58:49",249.70,821.88,,,,"     ",5.10,2406.05,0.78
1598,539358903,"01598M13:46:06.590","01598 12:58:50",249.74,821.89,,,,"     ",5.10,2430.91,0.78
1598,539358904,"01598M13:46:07.563","01598 12:58:51",249.80,821.94,,,,"     ",5.10,2476.12,0.80
1598,539358905,"01598M13:46:08.537","01598 12:58:52",249.87,821.95,,,,"     ",5.10,2426.30,0.78
1598,539358906,"01598M13:46:09.510","01598 12:58:53",249.94,821.92,,,,"     ",5.10,2446.00,0.79
1598,539358907,"01598M13:46:10.483","01598 12:58:54",250.01,821.95,,,,"     ",5.10,2415.17,0.78
1598,539358908,"01598M13:46:11.456","01598 12:58:55",250.07,821.98,,,,"     ",5.10,2443.79,0.79
1598,539358909,"01598M13:46:12.430","01598 12:58:56",250.13,821.96,,,,"     ",5.10,2436.66,0.79
1598,539358910,"01598M13:46:13.403","01598 12:58:57",250.19,822.01,,,,"     ",5.10,2470.15,0.80
1598,539358911,"01598M13:46:14.376","01598 12:58:58",250.24,821.97,,,,"     ",5.10,2428.65,0.78
1598,539358912,"01598M13:46:15.349","01598 12:58:59",250.31,821.98,,,,"     ",5.10,2455.08,0.79
1598,539358913,"01598M13:46:16.323","01598 12:59:00",250.39,821.92,,,,"     ",5.10,2458.34,0.79
1598,539358914,"01598M13:46:17.296","01598 12:59:01",250.47,821.94,,,,"     ",5.10,2448.54,0.79
1598,539358915,"01598M13:46:18.269","01598 12:59:02",250.57,821.91,,,,"     ",5.10,2441.79,0.78
1598,539358916,"01598M13:46:19.242","01598 12:59:03",250.66,821.99,,,,"     ",5.10,2418.59,0.78
1598,539358917,"01598M13:46:20.216","01598 12:59:04",250.76,821.94,,,,"     ",5.10,2464.89,0.79
1598,539358918,"01598M13:46:21.189","01598 12:59:05",250.85,821.90,,,,"     ",5.10,2486.56,0.80
1598,539358919,"01598M13:46:22.162","01598 12:59:06",250.93,821.91,,,,"     ",5.10,2439.38,0.78
1598,539358920,"01598M13:46:23.135","01598 12:59:07",251.00,821.93,,,,"     ",5.10,2414.32,0.77
1598,539358921,"01598M13:46:24.109","01598 12:59:08",251.05,821.93,,,,"     ",5.10,2438.81,0.78
1598,539358922,"01598M13:46:25.082","01598 12:59:09",251.08,821.91,,,,"     ",5.10,2439.03,0.78
1598,539358923,"01598M13:46:26.055","01598 12:59:10",251.09,821.89,,,,"     ",5.10,2446.57,0.78
1598,539358924,"01598M13:46:27.028","01598 12:59:11",251.08,821.92,,,,"     ",5.10,2470.36,0.79
1598,539358925,"01598M13:46:28.002","01598 12:59:12",251.04,821.90,,,,"     ",5.10,2447.68,0.78
1598,539358926,"01598M13:46:28.975","01598 12:59:13",250.99,821.92,,,,"     ",5.10,2466.21,0.79
1598,539358927,"01598M13:46:29.948","01598 12:59:14",250.92,821.81,,,,"     ",5.10,2465.51,0.79
1598,539358928,"01598M13:46:30.921","01598 12:59:15",250.85,821.82,,,,"     ",5.10,2434.06,0.78
1598,539358929,"01598M13:46:31.895","01598 12:59:16",250.78,821.87,,,,"     ",5.10,2448.20,0.78
1598,539358930,"01598M13:46:32.868","01598 12:59:17",250.71,821.90,,,,"     ",5.10,2500.26,0.80
1598,539358931,"01598M13:46:33.841","01598 12:59:18",250.65,821.88,,,,"     ",5.10,2438.59,0.78
1598,539358932,"01598M13:46:34.814","01598 12:59:19",250.59,821.88,,,,"     ",5.10,2446.14,0.78
1598,539358933,"01598M13:46:35.788","01598 12:59:20",250.54,821.87,,,,"     ",5.10,2403.09,0.77
1598,539358934,"01598M13:46:36.761","01598 12:59:21",250.48,821.99,,,,"     ",5.10,2473.06,0.79
1598,539358935,"01598M13:46:37.734","01598 12:59:22",250.41,821.96,,,,"     ",5.10,2460.17,0.79
1598,539358936,"01598M13:46:38.708","01598 12:59:23",250.32,821.91,,,,"     ",5.10,2459.80,0.79
1598,539358937,"01598M13:46:39.681","01598 12:59:24",250.22,821.90,,,,"     ",5.10,2476.14,0.79
1598,539358938,"01598M13:46:40.654","01598 12:59:24",250.12,821.84,,,,"     ",5.10,2434.39,0.78
1598,539358939,"01598M13:46:41.627","01598 12:59:25",250.00,821.87,,,,"     ",5.10,2505.94,0.80
1598,539358940,"01598M13:46:42.601","01598 12:59:26",249.88,821.89,,,,"     ",5.10,2483.87,0.79
1598,539358941,"01598M13:46:43.574","01598 12:59:27",249.76,821.90,,,,"     ",5.10,2405.78,0.77
1598,539358942,"01598M13:46:44.547","01598 12:59:28",249.64,821.87,,,,"     ",5.10,2444.53,0.78
1598,539358943,"01598M13:46:45.520","01598 12:59:29",249.52,821.89,,,,"     ",5.10,2462.98,0.78
1598,539358944,"01598M13:46:46.494","01598 12:59:30",249.41,821.89,,,,"     ",5.10,2504.60,0.80
1598,539358945,"01598M13:46:47.467","01598 12:59:31",249.30,821.85,,,,"     ",5.10,2431.04,0.77
1598,539358946,"01598M13:46:48.440","01598 12:59:32",249.19,821.82,,,,"     ",5.10,2460.27,0.78
1598,539358947,"01598M13:46:49.413","01598 12:59:33",249.11,821.85,,,,"     ",5.10,2455.74,0.78
1598,539358948,"01598M13:46:50.387","01598 12:59:34",249.03,821.84,,,,"     ",5.10,2405.52,0.77
1598,539358949,"01598M13:46:51.360","01598 12:59:35",248.98,821.84,,,,"     ",5.10,2497.54,0.80
1598,539358950,"01598M13:46:52.333","01598 12:59:36",248.96,821.81,,,,"     ",5.10,2478.34,0.79
1598,539358951,"01598M13:46:53.306","01598 12:59:37",248.96,821.88,,,,"     ",5.10,2472.54,0.79
1598,539358952,"01598M13:46:54.280","01598 12:59:38",248.98,821.83,,,,"     ",5.10,2475.11,0.79
1598,539358953,"01598M13:46:55.253","01598 12:59:39",249.01,821.79,,,,"     ",5.10,2455.26,0.78
1598,539358954,"01598M13:46:56.226","01598 12:59:40",249.06,821.82,,,,"     ",5.10,2450.69,0.78
1598,539358955,"01598M13:46:57.199","01598 12:59:41",249.12,821.74,,,,"     ",5.10,2442.88,0.78
1598,539358956,"01598M13:46:58.173","01598 12:59:42",249.20,821.67,,,,"     ",5.10,2451.93,0.78
1598,539358957,"01598M13:46:59.146","01598 12:59:43",249.28,821.79,,,,"     ",5.10,2456.18,0.78
1598,539358958,"01598M13:47:00.119","01598 12:59:44",249.37,821.77,,,,"     ",5.10,2449.34,0.78
1598,539358959,"01598M13:47:01.092","01598 12:59:45",249.46,821.68,,,,"     ",5.10,2441.54,0.77
1598,539358960,"01598M13:47:02.066","01598 12:59:46",249.55,821.70,,,,"     ",5.10,2463.16,0.78
1598,539358961,"01598M13:47:03.039","01598 12:59:47",249.62,821.72,,,,"     ",5.10,2492.83,0.79
1598,539358962,"01598M13:47:04.012","01598 12:59:48",249.68,821.69,,,,"     ",5.10,2468.42,0.78
1598,539358963,"01598M13:47:04.985","01598 12:59:49",249.71,821.72,,,,"     ",5.10,2495.92,0.79
1598,539358964,"01598M13:47:05.959","01598 12:59:50",249.73,821.66,,,,"     ",5.10,2453.12,0.78
1598,539358965,"01598M13:47:06.932","01598 12:59:51",249.72,821.73,,,,"     ",5.10,2451.26,0.78
1598,539358966,"01598M13:47:07.905","01598 12:59:52",249.71,821.71,,,,"     ",5.10,2413.43,0.76
1598,539358967,"01598M13:47:08.878","01598 12:59:53",249.68,821.72,,,,"     ",5.10,2455.54,0.78
1598,539358968,"01598M13:47:09.852","01598 12:59:54",249.64,821.66,,,,"     ",5.10,2478.09,0.78
1598,539358969,"01598M13:47:10.825","01598 12:59:55",249.61,821.70,,,,"     ",5.10,2447.87,0.77
1598,539358970,"01598M13:47:11.798","01598 12:59:56",249.56,821.64,,,,"     ",5.10,2469.17,0.78
1598,539358971,"01598M13:47:12.771","01598 12:59:57",249.52,821.68,,,,"     ",5.10,2496.79,0.79
1598,539358972,"01598M13:47:13.745","01598 12:59:58",249.49,821.71,,,,"     ",5.10,2500.50,0.79
1598,539358973,"01598M13:47:14.718","01598 12:59:59",249.46,821.68,,,,"     ",5.10,2463.64,0.78
1598,539358974,"01598M13:47:15.691","01598 13:00:00",249.44,821.63,,,,"     ",5.10,2485.84,0.78
1598,539358975,"01598M13:47:16.664","01598 13:00:00",249.42,821.55,,,,"     ",5.10,2475.89,0.78
1598,539358976,"01598M13:47:17.638","01598 13:00:01",249.41,821.65,,,,"     ",5.10,2485.01,0.78
1598,539358977,"01598M13:47:18.611","01598 13:00:02",249.42,821.64,,,,"     ",5.10,2499.19,0.79
1598,539358978,"01598M13:47:19.584","01598 13:00:03",249.43,821.65,,,,"     ",5.10,2501.68,0.79
1598,539358979,"01598M13:47:20.557","01598 13:00:04",249.47,821.66,,,,"     ",5.10,2500.27,0.79
1598,539358980,"01598M13:47:21.531","01598 13:00:05",249.51,821.65,,,,"     ",5.10,2502.86,0.79
1598,539358981,"01598M13:47:22.504","01598 13:00:06",249.56,821.62,,,,"     ",5.10,2501.03,0.79
1598,539358982,"01598M13:47:23.477","01598 13:00:07",249.62,821.61,,,,"     ",5.10,2481.33,0.78
1598,539358983,"01598M13:47:24.450","01598 13:00:08",249.69,821.66,,,,"     ",5.10,2486.26,0.78
1598,539358984,"01598M13:47:25.424","01598 13:00:09",249.75,821.57,,,,"     ",5.10,2483.29,0.78
1598,539358985,"01598M13:47:26.397","01598 13:00:10",249.82,821.52,,,,"     ",5.10,2511.10,0.79
1598,539358986,"01598M13:47:27.370","01598 13:00:11",249.89,821.63,,,,"     ",5.10,2466.05,0.77
1598,539358987,"01598M13:47:28.343","01598 13:00:12",249.96,821.59,,,,"     ",5.10,2483.25,0.78
1598,539358988,"01598M13:47:29.317","01598 13:00:13",250.03,821.56,,,,"     ",5.10,2457.85,0.77
1598,539358989,"01598M13:47:30.290","01598 13:00:14",250.13,821.45,,,,"     ",5.10,2494.08,0.78
1598,539358990,"01598M13:47:31.263","01598 13:00:15",250.23,821.44,,,,"     ",5.10,2478.55,0.78
1598,539358991,"01598M13:47:32.236","01598 13:00:16",250.35,821.43,,,,"     ",5.10,2496.98,0.78
1598,539358992,"01598M13:47:33.210","01598 13:00:17",250.47,821.57,,,,"     ",5.10,2487.26,0.78
1598,539358993,"01598M13:47:34.183","01598 13:00:18",250.61,821.53,,,,"     ",5.10,2500.77,0.78
1598,539358994,"01598M13:47:35.156","01598 13:00:19",250.76,821.55,,,,"     ",5.10,2446.57,0.77
1598,539358995,"01598M13:47:36.129","01598 13:00:20",250.92,821.51,,,,"     ",5.10,2502.15,0.78
1598,539358996,"01598M13:47:37.103","01598 13:00:21",251.08,821.54,,,,"     ",5.10,2501.67,0.78
1598,539358997,"01598M13:47:38.076","01598 13:00:22",251.26,821.51,,,,"     ",5.10,2505.14,0.78
1598,539358998,"01598M13:47:39.049","01598 13:00:23",251.43,821.49,,,,"     ",5.10,2495.24,0.78
1598,539358999,"01598M13:47:40.022","01598 13:00:24",251.61,821.44,,,,"     ",5.10,2510.47,0.78
1598,539359000,"01598M13:47:40.996","01598 13:00:25",251.77,821.47,,,,"     ",5.10,2470.46,0.77
1598,539359001,"01598M13:47:41.969","01598 13:00:26",251.91,821.51,,,,"     ",5.10,2498.71,0.78
1598,539359002,"01598M13:47:42.942","01598 13:00:27",252.03,821.56,,,,"     ",5.10,2487.65,0.78
1598,539359003,"01598M13:47:43.915","01598 13:00:28",252.12,821.55,,,,"     ",5.10,2518.02,0.78
1598,539359004,"01598M13:47:44.889","01598 13:00:29",252.17,821.55,,,,"     ",5.10,2493.56,0.78
1598,539359005,"01598M13:47:45.862","01598 13:00:30",252.18,821.49,,,,"     ",5.10,2564.29,0.80
1598,539359006,"01598M13:47:46.835","01598 13:00:31",252.17,821.45,,,,"     ",5.10,2502.92,0.78
1598,539359007,"01598M13:47:47.809","01598 13:00:32",252.12,821.44,,,,"     ",5.10,2491.44,0.77
1598,539359008,"01598M13:47:48.782","01598 13:00:33",252.06,821.44,,,,"     ",5.10,2472.39,0.77
1598,539359009,"01598M13:47:49.755","01598 13:00:34",251.99,821.36,,,,"     ",5.10,2504.89,0.78
1598,539359010,"01598M13:47:50.728","01598 13:00:35",251.91,821.40,,,,"     ",5.10,2487.01,0.77
1598,539359011,"01598M13:47:51.702","01598 13:00:36",251.83,821.38,,,,"     ",5.10,2490.61,0.77
1598,539359012,"01598M13:47:52.675","01598 13:00:36",251.76,821.44,,,,"     ",5.10,2526.65,0.78
1598,539359013,"01598M13:47:53.648","01598 13:00:37",251.70,821.44,,,,"     ",5.10,2496.86,0.77
1598,539359014,"01598M13:47:54.621","01598 13:00:38",251.67,821.46,,,,"     ",5.10,2534.72,0.79
1598,539359015,"01598M13:47:55.595","01598 13:00:39",251.66,821.41,,,,"     ",5.10,2498.54,0.77
1598,539359016,"01598M13:47:56.568","01598 13:00:40",251.68,821.48,,,,"     ",5.10,2473.29,0.77
1598,539359017,"01598M13:47:57.541","01598 13:00:41",251.73,821.51,,,,"     ",5.10,2457.48,0.76
1598,539359018,"01598M13:47:58.514","01598 13:00:42",251.81,821.52,,,,"     ",5.10,2513.16,0.78
1598,539359019,"01598M13:47:59.488","01598 13:00:43",251.91,821.51,,,,"     ",5.10,2534.07,0.78
1598,539359020,"01598M13:48:00.461","01598 13:00:44",252.05,821.46,,,,"     ",5.10,2487.65,0.77
1598,539359021,"01598M13:48:01.434","01598 13:00:45",252.21,821.45,,,,"     ",5.10,2534.14,0.78
1598,539359022,"01598M13:48:02.407","01598 13:00:46",252.37,821.47,,,,"     ",5.10,2484.35,0.77
1598,539359023,"01598M13:48:03.381","01598 13:00:47",252.53,821.45,,,,"     ",5.10,2506.35,0.77
1598,539359024,"01598M13:48:04.354","01598 13:00:48",252.67,821.51,,,,"     ",5.10,2524.78,0.78
1598,539359025,"01598M13:48:05.327","01598 13:00:49",252.78,821.42,,,,"     ",5.10,2515.14,0.77
1598,539359026,"01598M13:48:06.300","01598 13:00:50",252.86,821.35,,,,"     ",5.10,2522.74,0.78
1598,539359027,"01598M13:48:07.274","01598 13:00:51",252.88,821.40,,,,"     ",5.10,2520.37,0.78
1598,539359028,"01598M13:48:08.247","01598 13:00:52",252.87,821.34,,,,"     ",5.10,2481.60,0.76
1598,539359029,"01598M13:48:09.220","01598 13:00:53",252.83,821.40,,,,"     ",5.10,2522.87,0.78
1598,539359030,"01598M13:48:10.193","01598 13:00:54",252.74,821.35,,,,"     ",5.10,2492.63,0.77
1598,539359031,"01598M13:48:11.167","01598 13:00:55",252.65,821.37,,,,"     ",5.10,2526.14,0.78
1598,539359032,"01598M13:48:12.140","01598 13:00:56",252.53,821.35,,,,"     ",5.10,2509.65,0.77
1598,539359033,"01598M13:48:13.113","01598 13:00:57",252.42,821.36,,,,"     ",5.10,2499.84,0.77
1598,539359034,"01598M13:48:14.086","01598 13:00:58",252.33,821.25,,,,"     ",5.10,2529.51,0.78
1598,539359035,"01598M13:48:15.060","01598 13:00:59",252.26,821.37,,,,"     ",5.10,2526.35,0.78
1598,539359036,"01598M13:48:16.033","01598 13:01:00",252.22,821.40,,,,"     ",5.10,2525.35,0.77
1598,539359037,"01598M13:48:17.006","01598 13:01:01",252.22,821.44,,,,"     ",5.10,2502.68,0.77
1598,539359038,"01598M13:48:17.979","01598 13:01:02",252.26,821.41,,,,"     ",5.10,2478.98,0.76
1598,539359039,"01598M13:48:18.953","01598 13:01:03",252.34,821.40,,,,"     ",5.10,2512.20,0.77
1598,539359040,"01598M13:48:19.926","01598 13:01:04",252.44,821.41,,,,"     ",5.10,2521.81,0.77
1598,539359041,"01598M13:48:20.899","01598 13:01:05",252.56,821.40,,,,"     ",5.10,2500.15,0.76
1598,539359042,"01598M13:48:21.872","01598 13:01:06",252.69,821.33,,,,"     ",5.10,2530.50,0.77
1598,539359043,"01598M13:48:22.846","01598 13:01:07",252.82,821.28,,,,"     ",5.10,2524.74,0.77
1598,539359044,"01598M13:48:23.819","01598 13:01:08",252.93,821.37,,,,"     ",5.10,2562.21,0.78
1598,539359045,"01598M13:48:24.792","01598 13:01:09",253.04,821.22,,,,"     ",5.10,2499.12,0.76
1598,539359046,"01598M13:48:25.765","01598 13:01:10",253.14,821.24,,,,"     ",5.10,2540.95,0.78
1598,539359047,"01598M13:48:26.739","01598 13:01:11",253.24,821.17,,,,"     ",5.10,2529.51,0.77
1598,539359048,"01598M13:48:27.712","01598 13:01:12",253.34,821.28,,,,"     ",5.10,2531.44,0.77
1598,539359049,"01598M13:48:28.685","01598 13:01:12",254.77,821.32,,,,"     ",5.10,2489.41,0.76
1598,539359050,"01598M13:48:29.658","01598 13:01:13",254.88,821.21,,,,"     ",5.10,2534.46,0.77
1598,539359051,"01598M13:48:30.632","01598 13:01:14",255.00,821.28,,,,"     ",5.10,2587.32,0.79
1598,539359052,"01598M13:48:31.605","01598 13:01:15",255.12,821.27,,,,"     ",5.10,2581.41,0.79
1598,539359053,"01598M13:48:32.578","01598 13:01:16",255.26,821.29,,,,"     ",5.10,2508.74,0.76
1598,539359054,"01598M13:48:33.551","01598 13:01:17",255.39,821.28,,,,"     ",5.10,2521.92,0.77
1598,539359055,"01598M13:48:34.525","01598 13:01:18",255.53,821.24,,,,"     ",5.10,2544.53,0.77
1598,539359056,"01598M13:48:35.498","01598 13:01:19",255.66,821.27,,,,"     ",5.10,2529.83,0.77
1598,539359057,"01598M13:48:36.471","01598 13:01:20",255.79,821.22,,,,"     ",5.10,2572.69,0.78
1598,539359058,"01598M13:48:37.444","01598 13:01:21",255.89,821.28,,,,"     ",5.10,2527.97,0.77
1598,539359059,"01598M13:48:38.418","01598 13:01:22",255.98,821.25,,,,"     ",5.10,2538.83,0.77
1598,539359060,"01598M13:48:39.391","01598 13:01:23",256.03,821.23,,,,"     ",5.10,2545.05,0.77
1598,539359061,"01598M13:48:40.364","01598 13:01:24",256.06,821.19,,,,"     ",5.10,2580.90,0.78
1598,539359062,"01598M13:48:41.337","01598 13:01:25",256.07,821.20,,,,"     ",5.10,2536.51,0.77
1598,539359063,"01598M13:48:42.311","01598 13:01:26",256.06,821.13,,,,"     ",5.10,2543.41,0.77
1598,539359064,"01598M13:48:43.284","01598 13:01:27",256.02,821.21,,,,"     ",5.10,2532.93,0.77
1598,539359065,"01598M13:48:44.257","01598 13:01:28",255.98,821.19,,,,"     ",5.10,2544.72,0.77
1598,539359066,"01598M13:48:45.230","01598 13:01:29",255.92,821.12,,,,"     ",5.10,2567.27,0.78
1598,539359067,"01598M13:48:46.204","01598 13:01:30",255.87,821.17,,,,"     ",5.10,2530.36,0.77
1598,539359068,"01598M13:48:47.177","01598 13:01:31",255.83,821.11,,,,"     ",5.10,2535.63,0.77
1598,539359069,"01598M13:48:48.150","01598 13:01:32",255.81,821.13,,,,"     ",5.10,2527.31,0.76
1598,539359070,"01598M13:48:49.123","01598 13:01:33",255.81,821.14,,,,"     ",5.10,2505.37,0.76
1598,539359071,"01598M13:48:50.097","01598 13:01:34",255.83,821.03,,,,"     ",5.10,2548.61,0.77
1598,539359072,"01598M13:48:51.070","01598 13:01:35",255.85,821.02,,,,"     ",5.10,2541.30,0.77
1598,539359073,"01598M13:48:52.043","01598 13:01:36",255.89,820.82,,,,"     ",5.10,2570.50,0.78
1598,539359074,"01598M13:48:53.016","01598 13:01:37",255.92,820.93,,,,"     ",5.10,2526.48,0.76
1598,539359075,"01598M13:48:53.990","01598 13:01:38",255.95,820.87,,,,"     ",5.10,2545.03,0.77
1598,539359076,"01598M13:48:54.963","01598 13:01:39",255.97,820.93,,,,"     ",5.10,2529.18,0.76
1598,539359077,"01598M13:48:55.936","01598 13:01:40",255.98,820.96,,,,"     ",5.10,2513.12,0.76
1598,539359078,"01598M13:48:56.910","01598 13:01:41",255.96,820.95,,,,"     ",5.10,2592.77,0.78
1598,539359079,"01598M13:48:57.883","01598 13:01:42",255.93,820.94,,,,"     ",5.10,2515.07,0.76
1598,539359080,"01598M13:48:58.856","01598 13:01:43",255.87,820.92,,,,"     ",5.10,2521.85,0.76
1598,539359081,"01598M13:48:59.829","01598 13:01:44",255.79,821.00,,,,"     ",5.10,2571.72,0.77
1598,539359082,"01598M13:49:00.803","01598 13:01:45",255.69,821.06,,,,"     ",5.10,2519.41,0.76
1598,539359083,"01598M13:49:01.776","01598 13:01:46",255.56,820.92,,,,"     ",5.10,2568.02,0.77
1598,539359084,"01598M13:49:02.749","01598 13:01:47",255.41,821.01,,,,"     ",5.10,2581.52,0.78
1598,539359085,"01598M13:49:03.722","01598 13:01:48",255.25,821.10,,,,"     ",5.10,2564.22,0.77
1598,539359086,"01598M13:49:04.696","01598 13:01:48",255.08,821.22,,,,"     ",5.10,2576.96,0.78
1598,539359087,"01598M13:49:05.669","01598 13:01:49",254.91,821.10,,,,"     ",5.10,2534.70,0.76
1598,539359088,"01598M13:49:06.642","01598 13:01:50",254.76,821.14,,,,"     ",5.10,2541.63,0.76
1598,539359089,"01598M13:49:07.615","01598 13:01:51",254.61,821.13,,,,"     ",5.10,2518.12,0.76
1598,539359090,"01598M13:49:08.589","01598 13:01:52",254.47,821.13,,,,"     ",5.10,2530.86,0.76
1598,539359091,"01598M13:49:09.562","01598 13:01:53",254.34,821.15,,,,"     ",5.10,2563.02,0.77
1598,539359092,"01598M13:49:10.535","01598 13:01:54",254.22,821.13,,,,"     ",5.10,2546.70,0.77
1598,539359093,"01598M13:49:11.508","01598 13:01:55",254.11,821.13,,,,"     ",5.10,2553.31,0.77
1598,539359094,"01598M13:49:12.482","01598 13:01:56",254.02,821.11,,,,"     ",5.10,2494.54,0.75
1598,539359095,"01598M13:49:13.455","01598 13:01:57",253.96,821.05,,,,"     ",5.10,2506.74,0.75
1598,539359096,"01598M13:49:14.428","01598 13:01:58",253.90,821.15,,,,"     ",5.10,2499.67,0.75
1598,539359097,"01598M13:49:15.401","01598 13:01:59",252.17,821.14,,,,"     ",5.10,2519.54,0.76
1598,539359098,"01598M13:49:16.375","01598 13:02:00",252.17,821.20,,,,"     ",5.10,2564.27,0.77
1598,539359099,"01598M13:49:17.348","01598 13:02:01",252.16,821.12,,,,"     ",5.10,2555.81,0.77
1598,539359100,"01598M13:49:18.321","01598 13:02:02",252.15,821.04,,,,"     ",5.10,2539.06,0.76
1598,539359101,"01598M13:49:19.294","01598 13:02:03",252.11,821.08,,,,"     ",5.10,2557.82,0.77
1598,539359102,"01598M13:49:20.268","01598 13:02:04",252.07,821.08,,,,"     ",5.10,2543.11,0.76
1598,539359103,"01598M13:49:21.241","01598 13:02:05",252.01,820.99,,,,"     ",5.10,2587.92,0.78
1598,539359104,"01598M13:49:22.214","01598 13:02:06",251.96,820.97,,,,"     ",5.10,2563.17,0.77
1598,539359105,"01598M13:49:23.187","01598 13:02:07",251.90,821.03,,,,"     ",5.10,2560.44,0.77
1598,539359106,"01598M13:49:24.161","01598 13:02:08",251.85,820.99,,,,"     ",5.10,2566.89,0.77
1598,539359107,"01598M13:49:25.134","01598 13:02:09",251.82,821.01,,,,"     ",5.10,2526.39,0.76
1598,539359108,"01598M13:49:26.107","01598 13:02:10",251.80,821.06,,,,"     ",5.10,2546.79,0.77
1598,539359109,"01598M13:49:27.080","01598 13:02:11",251.79,821.03,,,,"     ",5.10,2585.47,0.78
1598,539359110,"01598M13:49:28.054","01598 13:02:12",251.79,821.08,,,,"     ",5.10,2550.37,0.77
1598,539359111,"01598M13:49:29.027","01598 13:02:13",251.82,821.03,,,,"     ",5.10,2526.74,0.76
1598,539359112,"01598M13:49:30.000","01598 13:02:14",251.86,821.02,,,,"     ",5.10,2538.76,0.76
1598,539359113,"01598M13:49:30.973","01598 13:02:15",251.91,821.10,,,,"     ",5.10,2559.45,0.77
1598,539359114,"01598M13:49:31.947","01598 13:02:16",251.98,821.13,,,,"     ",5.10,2522.19,0.76
1598,539359115,"01598M13:49:32.920","01598 13:02:17",252.04,821.20,,,,"     ",5.10,2563.59,0.77
1598,539359116,"01598M13:49:33.893","01598 13:02:18",252.10,821.04,,,,"     ",5.10,2559.22,0.77
1598,539359117,"01598M13:49:34.866","01598 13:02:19",252.16,820.99,,,,"     ",5.10,2568.55,0.77
1598,539359118,"01598M13:49:35.840","01598 13:02:20",252.21,821.00,,,,"     ",5.10,2559.50,0.77
1598,539359119,"01598M13:49:36.813","01598 13:02:21",252.27,821.03,,,,"     ",5.10,2550.57,0.76
1598,539359120,"01598M13:49:37.786","01598 13:02:22",252.33,821.06,,,,"     ",5.10,2585.21,0.78
1598,539359121,"01598M13:49:38.759","01598 13:02:23",252.40,821.07,,,,"     ",5.10,2553.92,0.77
1598,539359122,"01598M13:49:39.733","01598 13:02:24",252.47,821.05,,,,"     ",5.10,2571.70,0.77
1598,539359123,"01598M13:49:40.706","01598 13:02:25",252.54,821.01,,,,"     ",5.10,2569.49,0.77
1598,539359124,"01598M13:49:41.679","01598 13:02:25",252.60,820.96,,,,"     ",5.10,2539.65,0.76
1598,539359125,"01598M13:49:42.652","01598 13:02:26",252.67,821.02,,,,"     ",5.10,2553.90,0.76
1598,539359126,"01598M13:49:43.626","01598 13:02:27",252.72,821.06,,,,"     ",5.10,2558.08,0.77
1598,539359127,"01598M13:49:44.599","01598 13:02:28",252.77,821.08,,,,"     ",5.10,2564.51,0.77
1598,539359128,"01598M13:49:45.572","01598 13:02:29",252.82,821.06,,,,"     ",5.10,2565.41,0.77
1598,539359129,"01598M13:49:46.545","01598 13:02:30",252.87,820.97,,,,"     ",5.10,2524.52,0.75
1598,539359130,"01598M13:49:47.519","01598 13:02:31",252.91,821.01,,,,"     ",5.10,2637.10,0.79
1598,539359131,"01598M13:49:48.492","01598 13:02:32",252.96,821.01,,,,"     ",5.10,2577.58,0.77
1598,539359132,"01598M13:49:49.465","01598 13:02:33",252.99,821.08,,,,"     ",5.10,2550.51,0.76
1598,539359133,"01598M13:49:50.438","01598 13:02:34",253.01,820.99,,,,"     ",5.10,2549.86,0.76
1598,539359134,"01598M13:49:51.412","01598 13:02:35",253.01,821.00,,,,"     ",5.10,2556.35,0.76
1598,539359135,"01598M13:49:52.385","01598 13:02:36",253.00,820.98,,,,"     ",5.10,2547.46,0.76
1598,539359136,"01598M13:49:53.358","01598 13:02:37",252.99,820.92,,,,"     ",5.10,2533.46,0.76
1598,539359137,"01598M13:49:54.331","01598 13:02:38",252.98,820.97,,,,"     ",5.10,2530.21,0.75
1598,539359138,"01598M13:49:55.305","01598 13:02:39",252.98,820.96,,,,"     ",5.10,2532.51,0.75
1598,539359139,"01598M13:49:56.278","01598 13:02:40",253.00,821.04,,,,"     ",5.10,2500.87,0.74
1598,539359140,"01598M13:49:57.251","01598 13:02:41",253.02,820.92,,,,"     ",5.10,2589.93,0.77
1598,539359141,"01598M13:49:58.224","01598 13:02:42",253.04,820.90,,,,"     ",5.10,2596.28,0.77
1598,539359142,"01598M13:49:59.198","01598 13:02:43",253.06,820.93,,,,"     ",5.10,2554.46,0.76
1598,539359143,"01598M13:50:00.171","01598 13:02:44",253.07,820.95,,,,"     ",5.10,2559.26,0.76
1598,539359144,"01598M13:50:01.144","01598 13:02:45",253.07,820.97,,,,"     ",5.10,2534.41,0.75
1598,539359145,"01598M13:50:02.117","01598 13:02:46",253.06,820.98,,,,"     ",5.10,2554.04,0.76
1598,539359146,"01598M13:50:03.091","01598 13:02:47",253.05,821.02,,,,"     ",5.10,2584.50,0.77
1598,539359147,"01598M13:50:04.064","01598 13:02:48",253.04,820.80,,,,"     ",5.10,2512.80,0.75
1598,539359148,"01598M13:50:05.037","01598 13:02:49",253.04,820.95,,,,"     ",5.10,2596.68,0.77
1598,539359149,"01598M13:50:06.011","01598 13:02:50",253.04,820.88,,,,"     ",5.10,2568.51,0.76
1598,539359150,"01598M13:50:06.984","01598 13:02:51",253.04,820.97,,,,"     ",5.10,2543.11,0.75
1598,539359151,"01598M13:50:07.957","01598 13:02:52",253.03,820.85,,,,"     ",5.10,2558.69,0.76
1598,539359152,"01598M13:50:08.930","01598 13:02:53",253.01,820.87,,,,"     ",5.10,2585.44,0.77
1598,539359153,"01598M13:50:09.904","01598 13:02:54",252.99,820.96,,,,"     ",5.10,2590.13,0.77
1598,539359154,"01598M13:50:10.877","01598 13:02:55",252.96,820.91,,,,"     ",5.10,2570.64,0.76
1598,539359155,"01598M13:50:11.850","01598 13:02:56",252.94,820.82,,,,"     ",5.10,2589.97,0.77
1598,539359156,"01598M13:50:12.823","01598 13:02:57",252.91,820.82,,,,"     ",5.10,2578.04,0.76
1598,539359157,"01598M13:50:13.797","01598 13:02:58",252.87,820.86,,,,"     ",5.10,2592.59,0.77
1598,539359158,"01598M13:50:14.770","01598 13:02:59",252.83,820.80,,,,"     ",5.10,2579.45,0.76
1598,539359159,"01598M13:50:15.743","01598 13:03:00",252.76,820.85,,,,"     ",5.10,2582.47,0.76
1598,539359160,"01598M13:50:16.716","01598 13:03:01",252.67,820.94,,,,"     ",5.10,2586.28,0.76
1598,539359161,"01598M13:50:17.690","01598 13:03:01",252.55,820.87,,,,"     ",5.10,2567.96,0.76
1598,539359162,"01598M13:50:18.663","01598 13:03:02",252.42,820.82,,,,"     ",5.10,2627.48,0.78
1598,539359163,"01598M13:50:19.636","01598 13:03:03",252.27,820.92,,,,"     ",5.10,2604.39,0.77
1598,539359164,"01598M13:50:20.609","01598 13:03:04",252.11,820.86,,,,"     ",5.10,2583.19,0.76
1598,539359165,"01598M13:50:21.583","01598 13:03:05",251.95,820.86,,,,"     ",5.10,2543.07,0.75
1598,539359166,"01598M13:50:22.556","01598 13:03:06",251.78,820.85,,,,"     ",5.10,2583.09,0.76
1598,539359167,"01598M13:50:23.529","01598 13:03:07",251.62,820.83,,,,"     ",5.10,2543.84,0.75
1598,539359168,"01598M13:50:24.502","01598 13:03:08",251.47,820.89,,,,"     ",5.10,2573.16,0.76
1598,539359169,"01598M13:50:25.476","01598 13:03:09",251.33,820.86,,,,"     ",5.10,2591.61,0.76
1598,539359170,"01598M13:50:26.449","01598 13:03:10",251.21,820.81,,,,"     ",5.10,2582.99,0.76
1598,539359171,"01598M13:50:27.422","01598 13:03:11",251.11,820.79,,,,"     ",5.10,2580.18,0.76
1598,539359172,"01598M13:50:28.395","01598 13:03:12",251.03,820.86,,,,"     ",5.10,2569.46,0.76
1598,539359173,"01598M13:50:29.369","01598 13:03:13",250.97,820.83,,,,"     ",5.10,2507.00,0.74
1598,539359174,"01598M13:50:30.342","01598 13:03:14",250.93,820.84,,,,"     ",5.10,2585.69,0.76
1598,539359175,"01598M13:50:31.315","01598 13:03:15",250.90,820.77,,,,"     ",5.10,2570.02,0.75
1598,539359176,"01598M13:50:32.288","01598 13:03:16",250.88,820.88,,,,"     ",5.10,2583.25,0.76
1598,539359177,"01598M13:50:33.262","01598 13:03:17",250.85,820.85,,,,"     ",5.10,2585.27,0.76
1598,539359178,"01598M13:50:34.235","01598 13:03:18",250.84,820.92,,,,"     ",5.10,2570.80,0.75
1598,539359179,"01598M13:50:35.208","01598 13:03:19",250.81,820.83,,,,"     ",5.10,2619.49,0.77
1598,539359180,"01598M13:50:36.181","01598 13:03:20",250.79,820.85,,,,"     ",5.10,2580.36,0.76
1598,539359181,"01598M13:50:37.155","01598 13:03:21",250.76,820.91,,,,"     ",5.10,2598.68,0.76
1598,539359182,"01598M13:50:38.128","01598 13:03:22",250.75,820.81,,,,"     ",5.10,2591.07,0.76
1598,539359183,"01598M13:50:39.101","01598 13:03:23",250.75,820.76,,,,"     ",5.10,2578.06,0.76
1598,539359184,"01598M13:50:40.074","01598 13:03:24",250.76,820.72,,,,"     ",5.10,2572.86,0.75
1598,539359185,"01598M13:50:41.048","01598 13:03:25",250.79,820.75,,,,"     ",5.10,2584.84,0.76
1598,539359186,"01598M13:50:42.021","01598 13:03:26",250.83,820.72,,,,"     ",5.10,2564.61,0.75
1598,539359187,"01598M13:50:42.994","01598 13:03:27",250.88,820.70,,,,"     ",5.10,2639.82,0.77
1598,539359188,"01598M13:50:43.967","01598 13:03:28",250.95,820.70,,,,"     ",5.10,2539.39,0.74
1598,539359189,"01598M13:50:44.941","01598 13:03:29",251.02,820.75,,,,"     ",5.10,2593.36,0.76
1598,539359190,"01598M13:50:45.914","01598 13:03:30",251.11,820.74,,,,"     ",5.10,2609.48,0.76
1598,539359191,"01598M13:50:46.887","01598 13:03:31",251.22,820.74,,,,"     ",5.10,2529.21,0.74
1598,539359192,"01598M13:50:47.860","01598 13:03:32",251.33,820.72,,,,"     ",5.10,2589.06,0.76
1598,539359193,"01598M13:50:48.834","01598 13:03:33",251.46,820.65,,,,"     ",5.10,2641.23,0.77
1598,539359194,"01598M13:50:49.807","01598 13:03:34",251.60,820.71,,,,"     ",5.10,2570.99,0.75
1598,539359195,"01598M13:50:50.780","01598 13:03:35",251.57,820.73,,,,"     ",5.10,2578.50,0.75
1598,539359196,"01598M13:50:51.753","01598 13:03:36",251.42,820.74,,,,"     ",5.10,2641.93,0.77
1598,539359197,"01598M13:50:52.727","01598 13:03:37",251.28,820.58,,,,"     ",5.10,2583.11,0.75
1598,539359198,"01598M13:50:53.700","01598 13:03:37",251.15,820.67,,,,"     ",5.10,2576.62,0.75
1598,539359199,"01598M13:50:54.673","01598 13:03:38",251.03,820.61,,,,"     ",5.10,2604.40,0.76
1598,539359200,"01598M13:50:55.646","01598 13:03:39",250.92,820.69,,,,"     ",5.10,2580.57,0.75
1598,539359201,"01598M13:50:56.620","01598 13:03:40",250.83,820.67,,,,"     ",5.10,2581.88,0.75
1598,539359202,"01598M13:50:57.593","01598 13:03:41",250.74,820.65,,,,"     ",5.10,2597.67,0.76
1598,539359203,"01598M13:50:58.566","01598 13:03:42",250.67,820.66,,,,"     ",5.10,2599.26,0.76
1598,539359204,"01598M13:50:59.539","01598 13:03:43",250.61,820.63,,,,"     ",5.10,2565.19,0.75
1598,539359205,"01598M13:51:00.513","01598 13:03:44",250.55,820.59,,,,"     ",5.10,2595.23,0.76
1598,539359206,"01598M13:51:01.486","01598 13:03:45",250.51,820.63,,,,"     ",5.10,2559.80,0.75
1598,539359207,"01598M13:51:02.459","01598 13:03:46",250.48,820.66,,,,"     ",5.10,2583.46,0.75
1598,539359208,"01598M13:51:03.432","01598 13:03:47",250.46,820.61,,,,"     ",5.10,2602.53,0.76
1598,539359209,"01598M13:51:04.406","01598 13:03:48",250.46,820.56,,,,"     ",5.10,2586.13,0.75
1598,539359210,"01598M13:51:05.379","01598 13:03:49",250.45,820.53,,,,"     ",5.10,2542.02,0.74
1598,539359211,"01598M13:51:06.352","01598 13:03:50",250.45,820.59,,,,"     ",5.10,2590.18,0.75
1598,539359212,"01598M13:51:07.325","01598 13:03:51",250.45,820.52,,,,"     ",5.10,2571.35,0.75
1598,539359213,"01598M13:51:08.299","01598 13:03:52",250.48,820.58,,,,"     ",5.10,2581.24,0.75
1598,539359214,"01598M13:51:09.272","01598 13:03:53",250.53,820.59,,,,"     ",5.10,2615.75,0.76
1598,539359215,"01598M13:51:10.245","01598 13:03:54",250.60,820.62,,,,"     ",5.10,2608.92,0.76
1598,539359216,"01598M13:51:11.218","01598 13:03:55",250.69,820.61,,,,"     ",5.10,2593.16,0.75
1598,539359217,"01598M13:51:12.192","01598 13:03:56",250.79,820.59,,,,"     ",5.10,2617.46,0.76
1598,539359218,"01598M13:51:13.165","01598 13:03:57",250.88,820.62,,,,"     ",5.10,2576.29,0.75
1598,539359219,"01598M13:51:14.138","01598 13:03:58",250.97,820.63,,,,"     ",5.10,2612.24,0.76
1598,539359220,"01598M13:51:15.111","01598 13:03:59",251.04,820.55,,,,"     ",5.10,2638.22,0.77
1598,539359221,"01598M13:51:16.085","01598 13:04:00",251.10,820.52,,,,"     ",5.10,2605.31,0.76
1598,539359222,"01598M13:51:17.058","01598 13:04:01",251.14,820.60,,,,"     ",5.10,2575.69,0.75
1598,539359223,"01598M13:51:18.031","01598 13:04:02",251.17,820.55,,,,"     ",5.10,2627.87,0.76
1598,539359224,"01598M13:51:19.005","01598 13:04:03",251.18,820.56,,,,"     ",5.10,2638.56,0.77
1598,539359225,"01598M13:51:19.978","01598 13:04:04",251.16,820.55,,,,"     ",5.10,2621.01,0.76
1598,539359226,"01598M13:51:20.951","01598 13:04:05",251.10,820.56,,,,"     ",5.10,2604.39,0.75
1598,539359227,"01598M13:51:21.924","01598 13:04:06",251.02,820.58,,,,"     ",5.10,2666.24,0.77
1598,539359228,"01598M13:51:22.898","01598 13:04:07",250.91,820.58,,,,"     ",5.10,2566.90,0.74
1598,539359229,"01598M13:51:23.871","01598 13:04:08",250.80,820.56,,,,"     ",5.10,2640.56,0.77
1598,539359230,"01598M13:51:24.844","01598 13:04:09",250.70,820.57,,,,"     ",5.10,2599.22,0.75
1598,539359231,"01598M13:51:25.817","01598 13:04:10",250.62,820.49,,,,"     ",5.10,2612.52,0.76
1598,539359232,"01598M13:51:26.791","01598 13:04:11",250.56,820.59,,,,"     ",5.10,2609.97,0.76
1598,539359233,"01598M13:51:27.764","01598 13:04:12",250.54,820.63,,,,"     ",5.10,2626.94,0.76
1598,539359234,"01598M13:51:28.737","01598 13:04:13",250.55,820.48,,,,"     ",5.10,2626.17,0.76
1598,539359235,"01598M13:51:29.710","01598 13:04:13",250.59,820.54,,,,"     ",5.10,2587.54,0.75
1598,539359236,"01598M13:51:30.684","01598 13:04:14",250.64,820.54,,,,"     ",5.10,2616.99,0.76
1598,539359237,"01598M13:51:31.657","01598 13:04:15",250.70,820.52,,,,"     ",5.10,2591.09,0.75
1598,539359238,"01598M13:51:32.630","01598 13:04:16",250.75,820.45,,,,"     ",5.10,2586.44,0.75
1598,539359239,"01598M13:51:33.603","01598 13:04:17",250.78,820.45,,,,"     ",5.10,2600.48,0.75
1598,539359240,"01598M13:51:34.577","01598 13:04:18",250.79,820.46,,,,"     ",5.10,2639.78,0.76
1598,539359241,"01598M13:51:35.550","01598 13:04:19",250.77,820.41,,,,"     ",5.10,2555.60,0.74
1598,539359242,"01598M13:51:36.523","01598 13:04:20",250.73,820.42,,,,"     ",5.10,2575.70,0.74
1598,539359243,"01598M13:51:37.496","01598 13:04:21",250.65,820.39,,,,"     ",5.10,2663.81,0.77
1598,539359244,"01598M13:51:38.470","01598 13:04:22",250.57,820.34,,,,"     ",5.10,2579.99,0.74
1598,539359245,"01598M13:51:39.443","01598 13:04:23",250.47,820.36,,,,"     ",5.10,2586.20,0.75
1598,539359246,"01598M13:51:40.416","01598 13:04:24",250.37,820.35,,,,"     ",5.10,2599.45,0.75
1598,539359247,"01598M13:51:41.389","01598 13:04:25",250.28,820.36,,,,"     ",5.10,2599.82,0.75
1598,539359248,"01598M13:51:42.363","01598 13:04:26",250.22,820.27,,,,"     ",5.10,2584.10,0.75
1598,539359249,"01598M13:51:43.336","01598 13:04:27",250.18,820.32,,,,"     ",5.10,2599.00,0.75
1598,539359250,"01598M13:51:44.309","01598 13:04:28",250.17,820.37,,,,"     ",5.10,2606.74,0.75
1598,539359251,"01598M13:51:45.282","01598 13:04:29",250.18,820.28,,,,"     ",5.10,2624.47,0.76
1598,539359252,"01598M13:51:46.256","01598 13:04:30",250.22,820.37,,,,"     ",5.10,2595.80,0.75
1598,539359253,"01598M13:51:47.229","01598 13:04:31",250.28,820.38,,,,"     ",5.10,2592.15,0.75
1598,539359254,"01598M13:51:48.202","01598 13:04:32",250.35,820.34,,,,"     ",5.10,2607.74,0.75
1598,539359255,"01598M13:51:49.175","01598 13:04:33",250.42,820.47,,,,"     ",5.10,2601.75,0.75
1598,539359256,"01598M13:51:50.149","01598 13:04:34",250.50,820.49,,,,"     ",5.10,2570.77,0.74
1598,539359257,"01598M13:51:51.122","01598 13:04:35",250.54,820.44,,,,"     ",5.10,2639.82,0.76
1598,539359258,"01598M13:51:52.095","01598 13:04:36",250.57,820.38,,,,"     ",5.10,2569.24,0.74
1598,539359259,"01598M13:51:53.068","01598 13:04:37",250.56,820.42,,,,"     ",5.10,2610.15,0.75
1598,539359260,"01598M13:51:54.042","01598 13:04:38",250.53,820.35,,,,"     ",5.10,2645.59,0.76
1598,539359261,"01598M13:51:55.015","01598 13:04:39",250.49,820.34,,,,"     ",5.10,2590.60,0.75
1598,539359262,"01598M13:51:55.988","01598 13:04:40",250.45,820.24,,,,"     ",5.10,2614.47,0.75
1598,539359263,"01598M13:51:56.961","01598 13:04:41",250.41,820.38,,,,"     ",5.10,2618.35,0.75
1598,539359264,"01598M13:51:57.935","01598 13:04:42",250.38,820.37,,,,"     ",5.10,2611.68,0.75
1598,539359265,"01598M13:51:58.908","01598 13:04:43",250.37,820.25,,,,"     ",5.10,2593.66,0.75
1598,539359266,"01598M13:51:59.881","01598 13:04:44",250.39,820.32,,,,"     ",5.10,2621.33,0.75
1598,539359267,"01598M13:52:00.854","01598 13:04:45",250.45,820.20,,,,"     ",5.10,2602.74,0.75
1598,539359268,"01598M13:52:01.828","01598 13:04:46",250.54,820.29,,,,"     ",5.10,2584.34,0.74
1598,539359269,"01598M13:52:02.801","01598 13:04:47",250.64,820.18,,,,"     ",5.10,2601.69,0.75
1598,539359270,"01598M13:52:03.774","01598 13:04:48",250.75,820.16,,,,"     ",5.10,2617.26,0.75
1598,539359271,"01598M13:52:04.747","01598 13:04:49",250.85,820.25,,,,"     ",5.10,2599.10,0.75
1598,539359272,"01598M13:52:05.721","01598 13:04:49",250.93,820.20,,,,"     ",5.10,2588.96,0.75
1598,539359273,"01598M13:52:06.694","01598 13:04:50",250.98,820.29,,,,"     ",5.10,2622.76,0.76
1598,539359274,"01598M13:52:07.667","01598 13:04:51",250.99,820.32,,,,"     ",5.10,2582.43,0.74
1598,539359275,"01598M13:52:08.640","01598 13:04:52",250.97,820.23,,,,"     ",5.10,2628.09,0.76
1598,539359276,"01598M13:52:09.614","01598 13:04:53",250.91,820.22,,,,"     ",5.10,2624.25,0.76
1598,539359277,"01598M13:52:10.587","01598 13:04:54",250.80,820.22,,,,"     ",5.10,2614.23,0.75
1598,539359278,"01598M13:52:11.560","01598 13:04:55",250.65,820.23,,,,"     ",5.10,2619.17,0.76
1598,539359279,"01598M13:52:12.533","01598 13:04:56",250.48,820.19,,,,"     ",5.10,2606.22,0.75
1598,539359280,"01598M13:52:13.507","01598 13:04:57",250.28,820.14,,,,"     ",5.10,2572.01,0.74
1598,539359281,"01598M13:52:14.480","01598 13:04:58",250.07,820.16,,,,"     ",5.10,2626.45,0.76
1598,539359282,"01598M13:52:15.453","01598 13:04:59",249.87,820.30,,,,"     ",5.10,2621.30,0.76
1598,539359283,"01598M13:52:16.426","01598 13:05:00",249.69,820.21,,,,"     ",5.10,2544.38,0.73
1598,539359284,"01598M13:52:17.400","01598 13:05:01",249.55,820.22,,,,"     ",5.10,2609.30,0.75
1598,539359285,"01598M13:52:18.373","01598 13:05:02",249.46,820.23,,,,"     ",5.10,2550.59,0.74
1598,539359286,"01598M13:52:19.346","01598 13:05:03",249.39,820.19,,,,"     ",5.10,2546.85,0.74
1598,539359287,"01598M13:52:20.319","01598 13:05:04",249.36,820.26,,,,"     ",5.10,2621.18,0.76
1598,539359288,"01598M13:52:21.293","01598 13:05:05",249.33,820.18,,,,"     ",5.10,2590.91,0.75
1598,539359289,"01598M13:52:22.266","01598 13:05:06",249.31,820.17,,,,"     ",5.10,2592.34,0.75
1598,539359290,"01598M13:52:23.239","01598 13:05:07",249.29,820.22,,,,"     ",5.10,2589.92,0.75
1598,539359291,"01598M13:52:24.212","01598 13:05:08",249.27,820.23,,,,"     ",5.10,2595.00,0.75
1598,539359292,"01598M13:52:25.186","01598 13:05:09",249.25,820.23,,,,"     ",5.10,2593.35,0.75
1598,539359293,"01598M13:52:26.159","01598 13:05:10",249.23,820.18,,,,"     ",5.10,2538.57,0.73
1598,539359294,"01598M13:52:27.132","01598 13:05:11",249.23,820.12,,,,"     ",5.10,2583.18,0.75
1598,539359295,"01598M13:52:28.106","01598 13:05:12",249.23,820.14,,,,"     ",5.10,2630.31,0.76
1598,539359296,"01598M13:52:29.079","01598 13:05:13",249.22,820.09,,,,"     ",5.10,2587.89,0.75
1598,539359297,"01598M13:52:30.052","01598 13:05:14",249.20,820.10,,,,"     ",5.10,2563.40,0.74
1598,539359298,"01598M13:52:31.025","01598 13:05:15",249.17,820.14,,,,"     ",5.10,2587.67,0.75
1598,539359299,"01598M13:52:31.999","01598 13:05:16",249.15,820.08,,,,"     ",5.10,2575.12,0.75
1598,539359300,"01598M13:52:32.972","01598 13:05:17",249.14,820.11,,,,"     ",5.10,2596.93,0.75
1598,539359301,"01598M13:52:33.945","01598 13:05:18",249.14,820.04,,,,"     ",5.10,2626.79,0.76
1598,539359302,"01598M13:52:34.918","01598 13:05:19",249.15,820.13,,,,"     ",5.10,2603.52,0.75
1598,539359303,"01598M13:52:35.892","01598 13:05:20",249.16,820.13,,,,"     ",5.10,2592.60,0.75
1598,539359304,"01598M13:52:36.865","01598 13:05:21",249.15,820.18,,,,"     ",5.10,2597.54,0.75
1598,539359305,"01598M13:52:37.838","01598 13:05:22",249.14,820.20,,,,"     ",5.10,2584.87,0.75
1598,539359306,"01598M13:52:38.811","01598 13:05:23",249.12,820.17,,,,"     ",5.10,2589.93,0.75
1598,539359307,"01598M13:52:39.785","01598 13:05:24",249.09,820.20,,,,"     ",5.10,2573.03,0.75
1598,539359308,"01598M13:52:40.758","01598 13:05:25",249.07,820.17,,,,"     ",5.10,2599.92,0.75
1598,539359309,"01598M13:52:41.731","01598 13:05:25",249.07,820.11,,,,"     ",5.10,2597.87,0.75
1598,539359310,"01598M13:52:42.704","01598 13:05:26",249.07,820.19,,,,"     ",5.10,2579.89,0.75
1598,539359311,"01598M13:52:43.678","01598 13:05:27",249.11,820.11,,,,"     ",5.10,2591.75,0.75
1598,539359312,"01598M13:52:44.651","01598 13:05:28",249.16,820.09,,,,"     ",5.10,2604.99,0.76
1598,539359313,"01598M13:52:45.624","01598 13:05:29",249.23,820.07,,,,"     ",5.10,2592.47,0.75
1598,539359314,"01598M13:52:46.597","01598 13:05:30",249.33,820.05,,,,"     ",5.10,2612.03,0.76
1598,539359315,"01598M13:52:47.571","01598 13:05:31",249.43,820.08,,,,"     ",5.10,2634.08,0.76
1598,539359316,"01598M13:52:48.544","01598 13:05:32",249.56,820.18,,,,"     ",5.10,2544.85,0.74
1598,539359317,"01598M13:52:49.517","01598 13:05:33",249.70,820.18,,,,"     ",5.10,2579.49,0.75
1598,539359318,"01598M13:52:50.490","01598 13:05:34",249.85,820.20,,,,"     ",5.10,2598.11,0.75
1598,539359319,"01598M13:52:51.464","01598 13:05:35",250.01,820.16,,,,"     ",5.10,2594.91,0.75
1598,539359320,"01598M13:52:52.437","01598 13:05:36",250.17,820.22,,,,"     ",5.10,2599.01,0.75
1598,539359321,"01598M13:52:53.410","01598 13:05:37",250.33,820.16,,,,"     ",5.10,2591.46,0.75
1598,539359322,"01598M13:52:54.383","01598 13:05:38",250.48,820.12,,,,"     ",5.10,2605.21,0.76
1598,539359323,"01598M13:52:55.357","01598 13:05:39",250.62,820.09,,,,"     ",5.10,2612.40,0.76
1598,539359324,"01598M13:52:56.330","01598 13:05:40",250.76,820.08,,,,"     ",5.10,2577.85,0.75
1598,539359325,"01598M13:52:57.303","01598 13:05:41",250.88,820.08,,,,"     ",5.10,2613.92,0.76
1598,539359326,"01598M13:52:58.276","01598 13:05:42",250.99,820.08,,,,"     ",5.10,2597.10,0.75
1598,539359327,"01598M13:52:59.250","01598 13:05:43",251.10,820.07,,,,"     ",5.10,2567.94,0.74
1598,539359328,"01598M13:53:00.223","01598 13:05:44",251.20,820.05,,,,"     ",5.10,2581.70,0.75
1598,539359329,"01598M13:53:01.196","01598 13:05:45",251.30,820.09,,,,"     ",5.10,2616.61,0.76
1598,539359330,"01598M13:53:02.169","01598 13:05:46",251.40,820.05,,,,"     ",5.10,2607.06,0.76
1598,539359331,"01598M13:53:03.143","01598 13:05:47",251.49,820.08,,,,"     ",5.10,2605.21,0.75
1598,539359332,"01598M13:53:04.116","01598 13:05:48",251.57,820.10,,,,"     ",5.10,2614.43,0.76
1598,539359333,"01598M13:53:05.089","01598 13:05:49",251.62,820.09,,,,"     ",5.10,2571.06,0.74
1598,539359334,"01598M13:53:06.062","01598 13:05:50",251.65,820.00,,,,"     ",5.10,2593.85,0.75
1598,539359335,"01598M13:53:07.036","01598 13:05:51",251.66,820.05,,,,"     ",5.10,2565.07,0.74
1598,539359336,"01598M13:53:08.009","01598 13:05:52",251.64,820.01,,,,"     ",5.10,2600.18,0.75
1598,539359337,"01598M13:53:08.982","01598 13:05:53",251.60,820.06,,,,"     ",5.10,2589.89,0.75
1598,539359338,"01598M13:53:09.955","01598 13:05:54",251.53,820.15,,,,"     ",5.10,2555.46,0.74
1598,539359339,"01598M13:53:10.929","01598 13:05:55",251.44,820.02,,,,"     ",5.10,2638.82,0.76
1598,539359340,"01598M13:53:11.902","01598 13:05:56",251.31,820.00,,,,"     ",5.10,2582.31,0.75
1598,539359341,"01598M13:53:12.875","01598 13:05:57",251.16,820.19,,,,"     ",5.10,2605.73,0.75
1598,539359342,"01598M13:53:13.848","01598 13:05:58",251.00,820.14,,,,"     ",5.10,2621.15,0.76
1598,539359343,"01598M13:53:14.822","01598 13:05:59",250.82,820.09,,,,"     ",5.10,2590.63,0.75
1598,539359344,"01598M13:53:15.795","01598 13:06:00",250.64,820.11,,,,"     ",5.10,2615.16,0.76
1598,539359345,"01598M13:53:16.768","01598 13:06:01",250.48,819.99,,,,"     ",5.10,2647.81,0.77
1598,539359346,"01598M13:53:17.741","01598 13:06:01",250.33,819.97,,,,"     ",5.10,2591.57,0.75
1598,539359347,"01598M13:53:18.715","01598 13:06:02",250.19,820.05,,,,"     ",5.10,2614.68,0.76
1598,539359348,"01598M13:53:19.688","01598 13:06:03",250.07,819.98,,,,"     ",5.10,2641.43,0.76
1598,539359349,"01598M13:53:20.661","01598 13:06:04",249.96,819.94,,,,"     ",5.10,2593.91,0.75
1598,539359350,"01598M13:53:21.634","01598 13:06:05",249.86,819.97,,,,"     ",5.10,2628.28,0.76
1598,539359351,"01598M13:53:22.608","01598 13:06:06",249.77,819.92,,,,"     ",5.10,2603.67,0.75
1598,539359352,"01598M13:53:23.581","01598 13:06:07",249.70,819.98,,,,"     ",5.10,2615.85,0.76
1598,539359353,"01598M13:53:24.554","01598 13:06:08",249.65,820.06,,,,"     ",5.10,2579.49,0.74
1598,539359354,"01598M13:53:25.527","01598 13:06:09",249.64,820.03,,,,"     ",5.10,2625.76,0.76
1598,539359355,"01598M13:53:26.501","01598 13:06:10",249.65,820.02,,,,"     ",5.10,2563.07,0.74
1598,539359356,"01598M13:53:27.474","01598 13:06:11",249.69,820.00,,,,"     ",5.10,2638.84,0.76
1598,539359357,"01598M13:53:28.447","01598 13:06:12",249.73,820.06,,,,"     ",5.10,2570.46,0.74
1598,539359358,"01598M13:53:29.420","01598 13:06:13",249.78,819.96,,,,"     ",5.10,2616.12,0.76
1598,539359359,"01598M13:53:30.394","01598 13:06:14",249.81,819.87,,,,"     ",5.10,2579.81,0.75
1598,539359360,"01598M13:53:31.367","01598 13:06:15",249.83,819.97,,,,"     ",5.10,2576.15,0.74
1598,539359361,"01598M13:53:32.340","01598 13:06:16",249.85,820.01,,,,"     ",5.10,2614.45,0.76
1598,539359362,"01598M13:53:33.313","01598 13:06:17",249.86,819.95,,,,"     ",5.10,2603.86,0.75
1598,539359363,"01598M13:53:34.287","01598 13:06:18",249.86,819.88,,,,"     ",5.10,2589.15,0.75
1598,539359364,"01598M13:53:35.260","01598 13:06:19",249.85,819.94,,,,"     ",5.10,2575.54,0.74
1598,539359365,"01598M13:53:36.233","01598 13:06:20",249.83,820.04,,,,"     ",5.10,2591.24,0.75
1598,539359366,"01598M13:53:37.207","01598 13:06:21",249.78,819.97,,,,"     ",5.10,2581.01,0.75
1598,539359367,"01598M13:53:38.180","01598 13:06:22",249.71,819.97,,,,"     ",5.10,2593.78,0.75
1598,539359368,"01598M13:53:39.153","01598 13:06:23",249.63,819.90,,,,"     ",5.10,2607.14,0.76
1598,539359369,"01598M13:53:40.126","01598 13:06:24",249.56,819.92,,,,"     ",5.10,2584.21,0.75
1598,539359370,"01598M13:53:41.100","01598 13:06:25",249.50,819.93,,,,"     ",5.10,2631.74,0.76
1598,539359371,"01598M13:53:42.073","01598 13:06:26",249.47,819.80,,,,"     ",5.10,2599.56,0.75
1598,539359372,"01598M13:53:43.046","01598 13:06:27",249.48,819.86,,,,"     ",5.10,2615.32,0.76
1598,539359373,"01598M13:53:44.019","01598 13:06:28",249.53,819.81,,,,"     ",5.10,2603.40,0.75
1598,539359374,"01598M13:53:44.993","01598 13:06:29",249.60,819.83,,,,"     ",5.10,2583.37,0.75
1598,539359375,"01598M13:53:45.966","01598 13:06:30",249.69,819.84,,,,"     ",5.10,2604.24,0.76
1598,539359376,"01598M13:53:46.939","01598 13:06:31",249.77,819.80,,,,"     ",5.10,2582.63,0.75
1598,539359377,"01598M13:53:47.912","01598 13:06:32",249.84,819.81,,,,"     ",5.10,2588.95,0.75
1598,539359378,"01598M13:53:48.886","01598 13:06:33",249.90,819.82,,,,"     ",5.10,2634.91,0.76
1598,539359379,"01598M13:53:49.859","01598 13:06:34",249.94,819.83,,,,"     ",5.10,2572.89,0.75
1598,539359380,"01598M13:53:50.832","01598 13:06:35",249.98,819.78,,,,"     ",5.10,2613.01,0.76
1598,539359381,"01598M13:53:51.805","01598 13:06:36",250.01,819.77,,,,"     ",5.10,2566.79,0.75
1598,539359382,"01598M13:53:52.779","01598 13:06:37",250.03,819.75,,,,"     ",5.10,2622.04,0.76
1598,539359383,"01598M13:53:53.752","01598 13:06:38",250.03,819.82,,,,"     ",5.10,2598.58,0.76
1598,539359384,"01598M13:53:54.725","01598 13:06:38",250.01,819.88,,,,"     ",5.10,2586.89,0.75
1598,539359385,"01598M13:53:55.698","01598 13:06:39",249.97,819.78,,,,"     ",5.10,2627.51,0.76
1598,539359386,"01598M13:53:56.672","01598 13:06:40",249.91,819.84,,,,"     ",5.10,2535.05,0.74
1598,539359387,"01598M13:53:57.645","01598 13:06:41",249.83,819.86,,,,"     ",5.10,2553.09,0.74
1598,539359388,"01598M13:53:58.618","01598 13:06:42",249.75,819.88,,,,"     ",5.10,2593.93,0.75
1598,539359389,"01598M13:53:59.591","01598 13:06:43",249.66,819.81,,,,"     ",5.10,2569.95,0.75
1598,539359390,"01598M13:54:00.565","01598 13:06:44",249.59,819.76,,,,"     ",5.10,2582.73,0.75
1598,539359391,"01598M13:54:01.538","01598 13:06:45",249.52,819.78,,,,"     ",5.10,2565.38,0.75
1598,539359392,"01598M13:54:02.511","01598 13:06:46",249.45,819.77,,,,"     ",5.10,2593.30,0.75
1598,539359393,"01598M13:54:03.484","01598 13:06:47",249.38,819.72,,,,"     ",5.10,2610.44,0.76
1598,539359394,"01598M13:54:04.458","01598 13:06:48",249.32,819.71,,,,"     ",5.10,2566.28,0.75
1598,539359395,"01598M13:54:05.431","01598 13:06:49",249.25,819.66,,,,"     ",5.10,2581.55,0.75
1598,539359396,"01598M13:54:06.404","01598 13:06:50",249.18,819.69,,,,"     ",5.10,2579.47,0.75
1598,539359397,"01598M13:54:07.377","01598 13:06:51",249.11,819.68,,,,"     ",5.10,2589.82,0.75
1598,539359398,"01598M13:54:08.351","01598 13:06:52",249.03,819.73,,,,"     ",5.10,2570.21,0.75
1598,539359399,"01598M13:54:09.324","01598 13:06:53",248.96,819.61,,,,"     ",5.10,2632.45,0.77
1598,539359400,"01598M13:54:10.297","01598 13:06:54",248.91,819.65,,,,"     ",5.10,2543.87,0.74
1598,539359401,"01598M13:54:11.270","01598 13:06:55",248.87,819.62,,,,"     ",5.10,2546.58,0.74
1598,539359402,"01598M13:54:12.244","01598 13:06:56",248.84,819.61,,,,"     ",5.10,2561.74,0.75
1598,539359403,"01598M13:54:13.217","01598 13:06:57",248.84,819.74,,,,"     ",5.10,2601.30,0.76
1598,539359404,"01598M13:54:14.190","01598 13:06:58",248.87,819.65,,,,"     ",5.10,2585.72,0.76
1598,539359405,"01598M13:54:15.163","01598 13:06:59",248.94,819.71,,,,"     ",5.10,2614.12,0.76
1598,539359406,"01598M13:54:16.137","01598 13:07:00",249.06,819.67,,,,"     ",5.10,2555.80,0.75
1598,539359407,"01598M13:54:17.110","01598 13:07:01",249.21,819.75,,,,"     ",5.10,2567.23,0.75
1598,539359408,"01598M13:54:18.083","01598 13:07:02",249.38,819.74,,,,"     ",5.10,2579.38,0.75
1598,539359409,"01598M13:54:19.056","01598 13:07:03",249.54,819.79,,,,"     ",5.10,2581.13,0.76
1598,539359410,"01598M13:54:20.030","01598 13:07:04",249.70,819.74,,,,"     ",5.10,2537.37,0.74
1598,539359411,"01598M13:54:21.003","01598 13:07:05",249.84,819.79,,,,"     ",5.10,2587.12,0.76
1598,539359412,"01598M13:54:21.976","01598 13:07:06",249.95,819.80,,,,"     ",5.10,2594.63,0.76
1598,539359413,"01598M13:54:22.949","01598 13:07:07",250.02,819.76,,,,"     ",5.10,2567.71,0.75
1598,539359414,"01598M13:54:23.923","01598 13:07:08",250.05,819.73,,,,"     ",5.10,2577.67,0.76
1598,539359415,"01598M13:54:24.896","01598 13:07:09",250.04,819.79,,,,"     ",5.10,2596.19,0.76
1598,539359416,"01598M13:54:25.869","01598 13:07:10",249.99,819.81,,,,"     ",5.10,2546.72,0.75
1598,539359417,"01598M13:54:26.842","01598 13:07:11",249.89,819.82,,,,"     ",5.10,2580.54,0.76
1598,539359418,"01598M13:54:27.816","01598 13:07:12",249.75,819.77,,,,"     ",5.10,2551.91,0.75
1598,539359419,"01598M13:54:28.789","01598 13:07:13",249.58,819.77,,,,"     ",5.10,2560.96,0.75
1598,539359420,"01598M13:54:29.762","01598 13:07:14",249.40,819.75,,,,"     ",5.10,2581.84,0.76
1598,539359421,"01598M13:54:30.735","01598 13:07:14",249.23,819.80,,,,"     ",5.10,2607.72,0.77
1598,539359422,"01598M13:54:31.709","01598 13:07:15",249.07,819.82,,,,"     ",5.10,2580.76,0.76
1598,539359423,"01598M13:54:32.682","01598 13:07:16",248.95,819.76,,,,"     ",5.10,2604.54,0.77
1598,539359424,"01598M13:54:33.655","01598 13:07:17",248.85,819.74,,,,"     ",5.10,2531.46,0.74
1598,539359425,"01598M13:54:34.628","01598 13:07:18",248.77,819.74,,,,"     ",5.10,2556.65,0.75
1598,539359426,"01598M13:54:35.602","01598 13:07:19",248.70,819.68,,,,"     ",5.10,2556.58,0.75
1598,539359427,"01598M13:54:36.575","01598 13:07:20",248.65,819.64,,,,"     ",5.10,2560.12,0.75
1598,539359428,"01598M13:54:37.548","01598 13:07:21",248.60,819.69,,,,"     ",5.10,2593.50,0.76
1598,539359429,"01598M13:54:38.521","01598 13:07:22",248.57,819.68,,,,"     ",5.10,2560.13,0.75
1598,539359430,"01598M13:54:39.495","01598 13:07:23",248.57,819.65,,,,"     ",5.10,2539.08,0.75
1598,539359431,"01598M13:54:40.468","01598 13:07:24",248.61,819.73,,,,"     ",5.10,2583.60,0.76
1598,539359432,"01598M13:54:41.441","01598 13:07:25",248.68,819.75,,,,"     ",5.10,2562.84,0.75
1598,539359433,"01598M13:54:42.414","01598 13:07:26",248.77,819.72,,,,"     ",5.10,2558.89,0.75
1598,539359434,"01598M13:54:43.388","01598 13:07:27",248.86,819.78,,,,"     ",5.10,2579.60,0.76
1598,539359435,"01598M13:54:44.361","01598 13:07:28",248.95,819.77,,,,"     ",5.10,2581.54,0.76
1598,539359436,"01598M13:54:45.334","01598 13:07:29",249.01,819.72,,,,"     ",5.10,2549.18,0.75
1598,539359437,"01598M13:54:46.308","01598 13:07:30",249.05,819.69,,,,"     ",5.10,2609.12,0.77
1598,539359438,"01598M13:54:47.281","01598 13:07:31",249.07,819.70,,,,"     ",5.10,2510.18,0.74
1598,539359439,"01598M13:54:48.254","01598 13:07:32",249.08,819.68,,,,"     ",5.10,2586.86,0.76
1598,539359440,"01598M13:54:49.227","01598 13:07:33",249.09,819.74,,,,"     ",5.10,2598.84,0.77
1598,539359441,"01598M13:54:50.201","01598 13:07:34",249.11,819.67,,,,"     ",5.10,2575.15,0.76
1598,539359442,"01598M13:54:51.174","01598 13:07:35",249.14,819.68,,,,"     ",5.10,2557.82,0.75
1598,539359443,"01598M13:54:52.147","01598 13:07:36",249.17,819.69,,,,"     ",5.10,2561.42,0.76
1598,539359444,"01598M13:54:53.120","01598 13:07:37",249.21,819.71,,,,"     ",5.10,2563.26,0.76
1598,539359445,"01598M13:54:54.094","01598 13:07:38",249.26,819.69,,,,"     ",5.10,2554.72,0.75
1598,539359446,"01598M13:54:55.067","01598 13:07:39",249.33,819.74,,,,"     ",5.10,2527.27,0.75
1598,539359447,"01598M13:54:56.040","01598 13:07:40",249.39,819.71,,,,"     ",5.10,2552.04,0.75
1598,539359448,"01598M13:54:57.013","01598 13:07:41",249.47,819.59,,,,"     ",5.10,2507.53,0.74
1598,539359449,"01598M13:54:57.987","01598 13:07:42",249.57,819.67,,,,"     ",5.10,2548.50,0.75
1598,539359450,"01598M13:54:58.960","01598 13:07:43",249.66,819.66,,,,"     ",5.10,2552.76,0.75
1598,539359451,"01598M13:54:59.933","01598 13:07:44",249.76,819.65,,,,"     ",5.10,2593.76,0.77
1598,539359452,"01598M13:55:00.906","01598 13:07:45",249.86,819.70,,,,"     ",5.10,2545.69,0.75
1598,539359453,"01598M13:55:01.880","01598 13:07:46",249.95,819.73,,,,"     ",5.10,2577.01,0.76
1598,539359454,"01598M13:55:02.853","01598 13:07:47",250.02,819.71,,,,"     ",5.10,2546.61,0.75
1598,539359455,"01598M13:55:03.826","01598 13:07:48",250.07,819.69,,,,"     ",5.10,2583.93,0.76
1598,539359456,"01598M13:55:04.799","01598 13:07:49",250.10,819.72,,,,"     ",5.10,2557.66,0.75
1598,539359457,"01598M13:55:05.773","01598 13:07:50",250.11,819.70,,,,"     ",5.10,2560.18,0.75
1598,539359458,"01598M13:55:06.746","01598 13:07:50",250.11,819.76,,,,"     ",5.10,2607.09,0.77
1598,539359459,"01598M13:55:07.719","01598 13:07:51",250.11,819.70,,,,"     ",5.10,2538.73,0.75
1598,539359460,"01598M13:55:08.692","01598 13:07:52",250.09,819.69,,,,"     ",5.10,2555.27,0.75
1598,539359461,"01598M13:55:09.666","01598 13:07:53",250.06,819.70,,,,"     ",5.10,2597.46,0.77
1598,539359462,"01598M13:55:10.639","01598 13:07:54",250.00,819.64,,,,"     ",5.10,2530.43,0.75
1598,539359463,"01598M13:55:11.612","01598 13:07:55",249.92,819.64,,,,"     ",5.10,2589.75,0.76
1598,539359464,"01598M13:55:12.585","01598 13:07:56",249.80,819.55,,,,"     ",5.10,2541.92,0.75
1598,539359465,"01598M13:55:13.559","01598 13:07:57",249.66,819.70,,,,"     ",5.10,2538.32,0.75
1598,539359466,"01598M13:55:14.532","01598 13:07:58",249.50,819.57,,,,"     ",5.10,2588.94,0.76
1598,539359467,"01598M13:55:15.505","01598 13:07:59",249.34,819.51,,,,"     ",5.10,2525.21,0.74
1598,539359468,"01598M13:55:16.478","01598 13:08:00",249.20,819.55,,,,"     ",5.10,2562.97,0.75
1598,539359469,"01598M13:55:17.452","01598 13:08:01",249.08,819.52,,,,"     ",5.10,2571.41,0.76
1598,539359470,"01598M13:55:18.425","01598 13:08:02",249.00,819.57,,,,"     ",5.10,2556.61,0.75
1598,539359471,"01598M13:55:19.398","01598 13:08:03",248.95,819.52,,,,"     ",5.10,2575.49,0.76
1598,539359472,"01598M13:55:20.371","01598 13:08:04",248.92,819.54,,,,"     ",5.10,2552.89,0.75
1598,539359473,"01598M13:55:21.345","01598 13:08:05",248.91,819.54,,,,"     ",5.10,2544.70,0.75
1598,539359474,"01598M13:55:22.318","01598 13:08:06",248.90,819.51,,,,"     ",5.10,2553.51,0.75
1598,539359475,"01598M13:55:23.291","01598 13:08:07",248.89,819.59,,,,"     ",5.10,2563.10,0.76
1598,539359476,"01598M13:55:24.264","01598 13:08:08",248.88,819.56,,,,"     ",5.10,2527.05,0.74
1598,539359477,"01598M13:55:25.238","01598 13:08:09",248.87,819.57,,,,"     ",5.10,2596.62,0.77
1598,539359478,"01598M13:55:26.211","01598 13:08:10",248.86,819.59,,,,"     ",5.10,2575.80,0.76
1598,539359479,"01598M13:55:27.184","01598 13:08:11",248.83,819.68,,,,"     ",5.10,2539.49,0.75
1598,539359480,"01598M13:55:28.157","01598 13:08:12",248.79,819.58,,,,"     ",5.10,2557.13,0.75
1598,539359481,"01598M13:55:29.131","01598 13:08:13",248.73,819.53,,,,"     ",5.10,2557.96,0.75
1598,539359482,"01598M13:55:30.104","01598 13:08:14",248.66,819.69,,,,"     ",5.10,2517.35,0.74
1598,539359483,"01598M13:55:31.077","01598 13:08:15",248.59,819.61,,,,"     ",5.10,2569.99,0.76
1598,539359484,"01598M13:55:32.050","01598 13:08:16",248.52,819.56,,,,"     ",5.10,2529.79,0.75
1598,539359485,"01598M13:55:33.024","01598 13:08:17",248.45,819.62,,,,"     ",5.10,2497.36,0.74
1598,539359486,"01598M13:55:33.997","01598 13:08:18",248.41,819.56,,,,"     ",5.10,2560.32,0.76
1598,539359487,"01598M13:55:34.970","01598 13:08:19",248.39,819.62,,,,"     ",5.10,2523.60,0.75
1598,539359488,"01598M13:55:35.943","01598 13:08:20",248.40,819.57,,,,"     ",5.10,2582.47,0.76
1598,539359489,"01598M13:55:36.917","01598 13:08:21",248.46,819.60,,,,"     ",5.10,2518.06,0.74
1598,539359490,"01598M13:55:37.890","01598 13:08:22",248.53,819.49,,,,"     ",5.10,2566.09,0.76
1598,539359491,"01598M13:55:38.863","01598 13:08:23",248.60,819.50,,,,"     ",5.10,2534.05,0.75
1598,539359492,"01598M13:55:39.836","01598 13:08:24",248.68,819.55,,,,"     ",5.10,2528.58,0.75
1598,539359493,"01598M13:55:40.810","01598 13:08:25",248.76,819.58,,,,"     ",5.10,2570.03,0.76
1598,539359494,"01598M13:55:41.783","01598 13:08:26",248.85,819.56,,,,"     ",5.10,2571.15,0.76
1598,539359495,"01598M13:55:42.756","01598 13:08:26",248.94,819.53,,,,"     ",5.10,2591.95,0.77
1598,539359496,"01598M13:55:43.729","01598 13:08:27",249.04,819.63,,,,"     ",5.10,2526.31,0.75
1598,539359497,"01598M13:55:44.703","01598 13:08:28",249.15,819.45,,,,"     ",5.10,2506.29,0.74
1598,539359498,"01598M13:55:45.676","01598 13:08:29",249.26,819.48,,,,"     ",5.10,2575.36,0.76
1598,539359499,"01598M13:55:46.649","01598 13:08:30",249.38,819.47,,,,"     ",5.10,2552.94,0.76
1598,539359500,"01598M13:55:47.622","01598 13:08:31",249.50,819.53,,,,"     ",5.10,2569.47,0.76
1598,539359501,"01598M13:55:48.596","01598 13:08:32",249.63,819.50,,,,"     ",5.10,2544.95,0.75
1598,539359502,"01598M13:55:49.569","01598 13:08:33",249.76,819.50,,,,"     ",5.10,2565.77,0.76
1598,539359503,"01598M13:55:50.542","01598 13:08:34",249.38,819.44,,,,"     ",5.10,2558.35,0.76
1598,539359504,"01598M13:55:51.515","01598 13:08:35",249.34,819.46,,,,"     ",5.10,2529.68,0.75
1598,539359505,"01598M13:55:52.489","01598 13:08:36",249.30,819.51,,,,"     ",5.10,2572.42,0.76
1598,539359506,"01598M13:55:53.462","01598 13:08:37",249.27,819.49,,,,"     ",5.10,2588.15,0.77
1598,539359507,"01598M13:55:54.435","01598 13:08:38",249.25,819.52,,,,"     ",5.10,2544.32,0.75
1598,539359508,"01598M13:55:55.409","01598 13:08:39",249.24,819.48,,,,"     ",5.10,2546.79,0.75
1598,539359509,"01598M13:55:56.382","01598 13:08:40",249.23,819.58,,,,"     ",5.10,2571.38,0.76
1598,539359510,"01598M13:55:57.355","01598 13:08:41",249.22,819.49,,,,"     ",5.10,2513.62,0.74
1598,539359511,"01598M13:55:58.328","01598 13:08:42",249.22,819.49,,,,"     ",5.10,2517.14,0.74
1598,539359512,"01598M13:55:59.302","01598 13:08:43",249.22,819.52,,,,"     ",5.10,2586.64,0.76
1598,539359513,"01598M13:56:00.275","01598 13:08:44",249.23,819.51,,,,"     ",5.10,2597.76,0.77
1598,539359514,"01598M13:56:01.248","01598 13:08:45",249.24,819.53,,,,"     ",5.10,2555.76,0.75
1598,539359515,"01598M13:56:02.221","01598 13:08:46",249.26,819.50,,,,"     ",5.10,2546.31,0.75
1598,539359516,"01598M13:56:03.195","01598 13:08:47",249.28,819.43,,,,"     ",5.10,2571.13,0.76
1598,539359517,"01598M13:56:04.168","01598 13:08:48",249.33,819.50,,,,"     ",5.10,2593.30,0.76
1598,539359518,"01598M13:56:05.141","01598 13:08:49",249.38,819.46,,,,"     ",5.10,2560.09,0.75
1598,539359519,"01598M13:56:06.114","01598 13:08:50",249.42,819.52,,,,"     ",5.10,2566.78,0.76
1598,539359520,"01598M13:56:07.088","01598 13:08:51",249.44,819.45,,,,"     ",5.10,2560.70,0.75
1598,539359521,"01598M13:56:08.061","01598 13:08:52",249.45,819.43,,,,"     ",5.10,2544.06,0.75
1598,539359522,"01598M13:56:09.034","01598 13:08:53",249.45,819.59,,,,"     ",5.10,2557.80,0.75
1598,539359523,"01598M13:56:10.007","01598 13:08:54",249.44,819.49,,,,"     ",5.10,2559.90,0.75
1598,539359524,"01598M13:56:10.981","01598 13:08:55",249.42,819.56,,,,"     ",5.10,2549.82,0.75
1598,539359525,"01598M13:56:11.954","01598 13:08:56",249.40,819.51,,,,"     ",5.10,2562.88,0.75
1598,539359526,"01598M13:56:12.927","01598 13:08:57",249.40,819.49,,,,"     ",5.10,2548.38,0.75
1598,539359527,"01598M13:56:13.900","01598 13:08:58",249.39,819.50,,,,"     ",5.10,2619.04,0.77
1598,539359528,"01598M13:56:14.874","01598 13:08:59",249.39,819.41,,,,"     ",5.10,2572.00,0.75
1598,539359529,"01598M13:56:15.847","01598 13:09:00",249.39,819.38,,,,"     ",5.10,2598.74,0.76
1598,539359530,"01598M13:56:16.820","01598 13:09:01",249.37,819.42,,,,"     ",5.10,2514.60,0.73
1598,539359531,"01598M13:56:17.793","01598 13:09:02",249.34,819.38,,,,"     ",5.10,2540.03,0.74
1598,539359532,"01598M13:56:18.767","01598 13:09:02",249.30,819.39,,,,"     ",5.10,2554.73,0.75
1598,539359533,"01598M13:56:19.740","01598 13:09:03",249.24,819.36,,,,"     ",5.10,2560.04,0.75
1598,539359534,"01598M13:56:20.713","01598 13:09:04",249.17,819.35,,,,"     ",5.10,2577.02,0.75
1598,539359535,"01598M13:56:21.686","01598 13:09:05",249.10,819.33,,,,"     ",5.10,2589.80,0.76
1598,539359536,"01598M13:56:22.660","01598 13:09:06",249.04,819.35,,,,"     ",5.10,2596.26,0.76
1598,539359537,"01598M13:56:23.633","01598 13:09:07",248.99,819.40,,,,"     ",5.10,2560.61,0.75
1598,539359538,"01598M13:56:24.606","01598 13:09:08",248.97,819.45,,,,"     ",5.10,2570.53,0.75
1598,539359539,"01598M13:56:25.579","01598 13:09:09",248.98,819.45,,,,"     ",5.10,2599.87,0.76
1598,539359540,"01598M13:56:26.553","01598 13:09:10",249.01,819.32,,,,"     ",5.10,2607.74,0.76
1598,539359541,"01598M13:56:27.526","01598 13:09:11",249.07,819.29,,,,"     ",5.10,2617.16,0.76
1598,539359542,"01598M13:56:28.499","01598 13:09:12",249.15,819.28,,,,"     ",5.10,2615.55,0.76
1598,539359543,"01598M13:56:29.472","01598 13:09:13",249.24,819.35,,,,"     ",5.10,2627.26,0.76
1598,539359544,"01598M13:56:30.446","01598 13:09:14",249.33,819.24,,,,"     ",5.10,2562.05,0.74
1598,539359545,"01598M13:56:31.419","01598 13:09:15",249.42,819.28,,,,"     ",5.10,2592.60,0.75
1598,539359546,"01598M13:56:32.392","01598 13:09:16",249.49,819.28,,,,"     ",5.10,2559.58,0.74
1598,539359547,"01598M13:56:33.365","01598 13:09:17",249.55,819.29,,,,"     ",5.10,2588.03,0.75
1598,539359548,"01598M13:56:34.339","01598 13:09:18",249.58,819.27,,,,"     ",5.10,2603.80,0.75
1598,539359549,"01598M13:56:35.312","01598 13:09:19",249.57,819.29,,,,"     ",5.10,2597.33,0.75
1598,539359550,"01598M13:56:36.285","01598 13:09:20",249.54,819.28,,,,"     ",5.10,2620.31,0.76
1598,539359551,"01598M13:56:37.258","01598 13:09:21",249.47,819.33,,,,"     ",5.10,2589.92,0.75
1598,539359552,"01598M13:56:38.232","01598 13:09:22",249.37,819.25,,,,"     ",5.10,2573.26,0.74
1598,539359553,"01598M13:56:39.205","01598 13:09:23",249.26,819.22,,,,"     ",5.10,2568.89,0.74
1598,539359554,"01598M13:56:40.178","01598 13:09:24",249.14,819.17,,,,"     ",5.10,2598.32,0.75
1598,539359555,"01598M13:56:41.151","01598 13:09:25",249.03,819.11,,,,"     ",5.10,2572.16,0.74
1598,539359556,"01598M13:56:42.125","01598 13:09:26",248.93,819.25,,,,"     ",5.10,2598.48,0.75
1598,539359557,"01598M13:56:43.098","01598 13:09:27",248.85,819.22,,,,"     ",5.10,2617.66,0.75
1598,539359558,"01598M13:56:44.071","01598 13:09:28",248.78,819.16,,,,"     ",5.10,2571.88,0.74
1598,539359559,"01598M13:56:45.044","01598 13:09:29",248.72,819.14,,,,"     ",5.10,2601.22,0.75
1598,539359560,"01598M13:56:46.018","01598 13:09:30",248.66,819.13,,,,"     ",5.10,2620.88,0.75
1598,539359561,"01598M13:56:46.991","01598 13:09:31",248.60,819.09,,,,"     ",5.10,2599.58,0.75
1598,539359562,"01598M13:56:47.964","01598 13:09:32",248.53,819.10,,,,"     ",5.10,2597.02,0.75
1598,539359563,"01598M13:56:48.937","01598 13:09:33",248.46,819.02,,,,"     ",5.10,2581.10,0.74
1598,539359564,"01598M13:56:49.911","01598 13:09:34",248.39,819.04,,,,"     ",5.10,2558.45,0.74
1598,539359565,"01598M13:56:50.884","01598 13:09:35",248.34,819.01,,,,"     ",5.10,2543.45,0.73
1598,539359566,"01598M13:56:51.857","01598 13:09:36",248.28,819.16,,,,"     ",5.10,2561.55,0.74
1598,539359567,"01598M13:56:52.830","01598 13:09:37",248.23,819.06,,,,"     ",5.10,2584.60,0.74
1598,539359568,"01598M13:56:53.804","01598 13:09:38",248.17,819.13,,,,"     ",5.10,2597.60,0.75
1598,539359569,"01598M13:56:54.777","01598 13:09:38",248.11,819.17,,,,"     ",5.10,2568.90,0.74
1598,539359570,"01598M13:56:55.750","01598 13:09:39",248.06,819.16,,,,"     ",5.10,2588.16,0.75
1598,539359571,"01598M13:56:56.723","01598 13:09:40",248.03,819.14,,,,"     ",5.10,2590.34,0.75
1598,539359572,"01598M13:56:57.697","01598 13:09:41",248.01,819.04,,,,"     ",5.10,2589.27,0.75
1598,539359573,"01598M13:56:58.670","01598 13:09:42",248.00,819.10,,,,"     ",5.10,2509.07,0.72
1598,539359574,"01598M13:56:59.643","01598 13:09:43",248.00,819.03,,,,"     ",5.10,2582.60,0.74
1598,539359575,"01598M13:57:00.616","01598 13:09:44",248.00,818.96,,,,"     ",5.10,2575.23,0.74
1598,539359576,"01598M13:57:01.590","01598 13:09:45",248.00,818.92,,,,"     ",5.10,2593.67,0.75
1598,539359577,"01598M13:57:02.563","01598 13:09:46",247.99,818.91,,,,"     ",5.10,2540.95,0.73
1598,539359578,"01598M13:57:03.536","01598 13:09:47",247.96,818.92,,,,"     ",5.10,2574.56,0.74
1598,539359579,"01598M13:57:04.510","01598 13:09:48",247.94,818.98,,,,"     ",5.10,2534.98,0.73
1598,539359580,"01598M13:57:05.483","01598 13:09:49",247.94,819.02,,,,"     ",5.10,2577.59,0.74
1598,539359581,"01598M13:57:06.456","01598 13:09:50",247.93,818.97,,,,"     ",5.10,2599.75,0.75
1598,539359582,"01598M13:57:07.429","01598 13:09:51",247.93,818.99,,,,"     ",5.10,2541.67,0.73
1598,539359583,"01598M13:57:08.403","01598 13:09:52",247.94,819.01,,,,"     ",5.10,2568.72,0.74
1598,539359584,"01598M13:57:09.376","01598 13:09:53",247.95,818.99,,,,"     ",5.10,2583.54,0.75
1598,539359585,"01598M13:57:10.349","01598 13:09:54",247.96,819.13,,,,"     ",5.10,2567.94,0.74
1598,539359586,"01598M13:57:11.322","01598 13:09:55",247.97,819.05,,,,"     ",5.10,2589.18,0.75
1598,539359587,"01598M13:57:12.296","01598 13:09:56",247.97,819.07,,,,"     ",5.10,2595.37,0.75
1598,539359588,"01598M13:57:13.269","01598 13:09:57",247.96,819.01,,,,"     ",5.10,2533.57,0.73
1598,539359589,"01598M13:57:14.242","01598 13:09:58",247.94,819.04,,,,"     ",5.10,2566.97,0.74
1598,539359590,"01598M13:57:15.215","01598 13:09:59",247.92,818.95,,,,"     ",5.10,2562.41,0.74
1598,539359591,"01598M13:57:16.189","01598 13:10:00",247.89,818.95,,,,"     ",5.10,2551.98,0.74
1598,539359592,"01598M13:57:17.162","01598 13:10:01",247.86,818.90,,,,"     ",5.10,2574.08,0.74
1598,539359593,"01598M13:57:18.135","01598 13:10:02",247.81,818.92,,,,"     ",5.10,2588.88,0.75
1598,539359594,"01598M13:57:19.108","01598 13:10:03",247.75,818.93,,,,"     ",5.10,2570.24,0.74
1598,539359595,"01598M13:57:20.082","01598 13:10:04",247.70,819.06,,,,"     ",5.10,2582.06,0.75
1598,539359596,"01598M13:57:21.055","01598 13:10:05",247.63,819.03,,,,"     ",5.10,2564.36,0.74
1598,539359597,"01598M13:57:22.028","01598 13:10:06",247.58,818.99,,,,"     ",5.10,2598.81,0.75
1598,539359598,"01598M13:57:23.001","01598 13:10:07",247.52,819.02,,,,"     ",5.10,2507.06,0.72
1598,539359599,"01598M13:57:23.975","01598 13:10:08",247.48,819.06,,,,"     ",5.10,2530.00,0.73
1598,539359600,"01598M13:57:24.948","01598 13:10:09",247.44,819.04,,,,"     ",5.10,2550.46,0.74
1598,539359601,"01598M13:57:25.921","01598 13:10:10",247.40,819.01,,,,"     ",5.10,2597.76,0.75
1598,539359602,"01598M13:57:26.894","01598 13:10:11",247.36,818.95,,,,"     ",5.10,2582.13,0.75
1598,539359603,"01598M13:57:27.868","01598 13:10:12",247.33,818.96,,,,"     ",5.10,2558.78,0.74
1598,539359604,"01598M13:57:28.841","01598 13:10:13",247.30,818.97,,,,"     ",5.10,2567.07,0.74
1598,539359605,"01598M13:57:29.814","01598 13:10:14",247.27,818.97,,,,"     ",5.10,2582.61,0.75
1598,539359606,"01598M13:57:30.787","01598 13:10:14",247.25,819.01,,,,"     ",5.10,2583.75,0.75
1598,539359607,"01598M13:57:31.761","01598 13:10:15",247.22,819.00,,,,"     ",5.10,2591.41,0.75
1598,539359608,"01598M13:57:32.734","01598 13:10:16",247.21,818.98,,,,"     ",5.10,2553.58,0.74
1598,539359609,"01598M13:57:33.707","01598 13:10:17",247.21,818.99,,,,"     ",5.10,2565.21,0.74
1598,539359610,"01598M13:57:34.680","01598 13:10:18",247.23,819.08,,,,"     ",5.10,2563.55,0.74
1598,539359611,"01598M13:57:35.654","01598 13:10:19",247.26,819.02,,,,"     ",5.10,2564.57,0.74
1598,539359612,"01598M13:57:36.627","01598 13:10:20",247.30,819.05,,,,"     ",5.10,2581.91,0.75
1598,539359613,"01598M13:57:37.600","01598 13:10:21",247.35,818.97,,,,"     ",5.10,2584.58,0.75
1598,539359614,"01598M13:57:38.573","01598 13:10:22",247.41,818.99,,,,"     ",5.10,2565.48,0.74
1598,539359615,"01598M13:57:39.547","01598 13:10:23",247.48,818.94,,,,"     ",5.10,2598.19,0.75
1598,539359616,"01598M13:57:40.520","01598 13:10:24",247.56,818.98,,,,"     ",5.10,2535.04,0.73
1598,539359617,"01598M13:57:41.493","01598 13:10:25",247.64,818.97,,,,"     ",5.10,2518.69,0.73
1598,539359618,"01598M13:57:42.466","01598 13:10:26",247.73,818.97,,,,"     ",5.10,2559.17,0.74
1598,539359619,"01598M13:57:43.440","01598 13:10:27",247.84,819.02,,,,"     ",5.10,2581.52,0.75
1598,539359620,"01598M13:57:44.413","01598 13:10:28",247.94,818.96,,,,"     ",5.10,2591.33,0.75
1598,539359621,"01598M13:57:45.386","01598 13:10:29",248.05,818.94,,,,"     ",5.10,2582.40,0.75
1598,539359622,"01598M13:57:46.359","01598 13:10:30",248.17,818.94,,,,"     ",5.10,2567.32,0.74
1598,539359623,"01598M13:57:47.333","01598 13:10:31",248.28,818.95,,,,"     ",5.10,2581.57,0.75
1598,539359624,"01598M13:57:48.306","01598 13:10:32",248.39,818.85,,,,"     ",5.10,2611.55,0.76
1598,539359625,"01598M13:57:49.279","01598 13:10:33",248.48,818.88,,,,"     ",5.10,2583.02,0.75
1598,539359626,"01598M13:57:50.252","01598 13:10:34",248.58,818.91,,,,"     ",5.10,2598.18,0.75
1598,539359627,"01598M13:57:51.226","01598 13:10:35",248.67,818.94,,,,"     ",5.10,2600.73,0.75
1598,539359628,"01598M13:57:52.199","01598 13:10:36",248.75,818.82,,,,"     ",5.10,2590.58,0.75
1598,539359629,"01598M13:57:53.172","01598 13:10:37",248.83,818.80,,,,"     ",5.10,2597.98,0.75
1598,539359630,"01598M13:57:54.145","01598 13:10:38",248.91,818.86,,,,"     ",5.10,2590.86,0.75
1598,539359631,"01598M13:57:55.119","01598 13:10:39",248.97,818.83,,,,"     ",5.10,2601.27,0.75
1598,539359632,"01598M13:57:56.092","01598 13:10:40",249.01,818.89,,,,"     ",5.10,2600.25,0.75
1598,539359633,"01598M13:57:57.065","01598 13:10:41",249.04,818.92,,,,"     ",5.10,2573.76,0.74
1598,539359634,"01598M13:57:58.038","01598 13:10:42",249.05,818.92,,,,"     ",5.10,2571.13,0.74
1598,539359635,"01598M13:57:59.012","01598 13:10:43",249.06,818.95,,,,"     ",5.10,2606.16,0.75
1598,539359636,"01598M13:57:59.985","01598 13:10:44",249.07,818.90,,,,"     ",5.10,2586.21,0.75
1598,539359637,"01598M13:58:00.958","01598 13:10:45",249.08,818.82,,,,"     ",5.10,2604.00,0.75
1598,539359638,"01598M13:58:01.931","01598 13:10:46",249.11,818.81,,,,"     ",5.10,2588.85,0.75
1598,539359639,"01598M13:58:02.905","01598 13:10:47",249.14,818.85,,,,"     ",5.10,2598.91,0.75
1598,539359640,"01598M13:58:03.878","01598 13:10:48",249.17,818.70,,,,"     ",5.10,2620.56,0.75
1598,539359641,"01598M13:58:04.851","01598 13:10:49",249.20,818.81,,,,"     ",5.10,2609.80,0.75
1598,539359642,"01598M13:58:05.824","01598 13:10:50",249.22,818.65,,,,"     ",5.10,2615.76,0.75
1598,539359643,"01598M13:58:06.798","01598 13:10:51",249.23,818.68,,,,"     ",5.10,2605.21,0.75
1598,539359644,"01598M13:58:07.771","01598 13:10:51",249.24,818.70,,,,"     ",5.10,2600.52,0.75
1598,539359645,"01598M13:58:08.744","01598 13:10:52",249.25,818.73,,,,"     ",5.10,2608.67,0.75
1598,539359646,"01598M13:58:09.717","01598 13:10:53",249.27,818.65,,,,"     ",5.10,2582.54,0.74
1598,539359647,"01598M13:58:10.691","01598 13:10:54",249.29,818.67,,,,"     ",5.10,2611.86,0.75
1598,539359648,"01598M13:58:11.664","01598 13:10:55",249.31,818.71,,,,"     ",5.10,2617.88,0.75
1598,539359649,"01598M13:58:12.637","01598 13:10:56",249.34,818.71,,,,"     ",5.10,2604.76,0.75
1598,539359650,"01598M13:58:13.610","01598 13:10:57",249.35,818.66,,,,"     ",5.10,2591.73,0.74
1598,539359651,"01598M13:58:14.584","01598 13:10:58",249.36,818.70,,,,"     ",5.10,2599.91,0.74
1598,539359652,"01598M13:58:15.557","01598 13:10:59",249.37,818.65,,,,"     ",5.10,2629.90,0.75
1598,539359653,"01598M13:58:16.530","01598 13:11:00",249.37,818.69,,,,"     ",5.10,2589.41,0.74
1598,539359654,"01598M13:58:17.504","01598 13:11:01",249.38,818.74,,,,"     ",5.10,2639.92,0.75
1598,539359655,"01598M13:58:18.477","01598 13:11:02",249.39,818.71,,,,"     ",5.10,2615.03,0.75
1598,539359656,"01598M13:58:19.450","01598 13:11:03",249.40,818.70,,,,"     ",5.10,2595.70,0.74
1598,539359657,"01598M13:58:20.423","01598 13:11:04",249.41,818.69,,,,"     ",5.10,2575.76,0.73
1598,539359658,"01598M13:58:21.397","01598 13:11:05",249.41,818.67,,,,"     ",5.10,2582.17,0.74
1598,539359659,"01598M13:58:22.370","01598 13:11:06",249.40,818.65,,,,"     ",5.10,2586.72,0.74
1598,539359660,"01598M13:58:23.343","01598 13:11:07",249.37,818.75,,,,"     ",5.10,2640.87,0.75
1598,539359661,"01598M13:58:24.316","01598 13:11:08",249.35,818.69,,,,"     ",5.10,2608.55,0.74
1598,539359662,"01598M13:58:25.290","01598 13:11:09",249.33,818.64,,,,"     ",5.10,2619.58,0.74
1598,539359663,"01598M13:58:26.263","01598 13:11:10",249.33,818.68,,,,"     ",5.10,2642.76,0.75
1598,539359664,"01598M13:58:27.236","01598 13:11:11",249.36,818.63,,,,"     ",5.10,2642.08,0.75
1598,539359665,"01598M13:58:28.209","01598 13:11:12",249.41,818.67,,,,"     ",5.10,2626.31,0.74
1598,539359666,"01598M13:58:29.183","01598 13:11:13",249.48,818.66,,,,"     ",5.10,2577.76,0.73
1598,539359667,"01598M13:58:30.156","01598 13:11:14",249.58,818.66,,,,"     ",5.10,2582.40,0.73
1598,539359668,"01598M13:58:31.129","01598 13:11:15",249.69,818.62,,,,"     ",5.10,2576.15,0.73
1598,539359669,"01598M13:58:32.102","01598 13:11:16",249.81,818.69,,,,"     ",5.10,2605.62,0.74
1598,539359670,"01598M13:58:33.076","01598 13:11:17",249.95,818.66,,,,"     ",5.10,2631.22,0.74
1598,539359671,"01598M13:58:34.049","01598 13:11:18",250.09,818.65,,,,"     ",5.10,2643.44,0.75
1598,539359672,"01598M13:58:35.022","01598 13:11:19",250.23,818.60,,,,"     ",5.10,2608.05,0.74
1598,539359673,"01598M13:58:35.995","01598 13:11:20",250.36,818.64,,,,"     ",5.10,2656.15,0.75
1598,539359674,"01598M13:58:36.969","01598 13:11:21",250.48,818.64,,,,"     ",5.10,2631.75,0.74
1598,539359675,"01598M13:58:37.942","01598 13:11:22",250.58,818.61,,,,"     ",5.10,2633.14,0.74
1598,539359676,"01598M13:58:38.915","01598 13:11:23",250.65,818.60,,,,"     ",5.10,2648.27,0.75
1598,539359677,"01598M13:58:39.888","01598 13:11:24",250.70,818.62,,,,"     ",5.10,2662.05,0.75
1598,539359678,"01598M13:58:40.862","01598 13:11:25",250.73,818.57,,,,"     ",5.10,2656.96,0.75
1598,539359679,"01598M13:58:41.835","01598 13:11:26",250.74,818.60,,,,"     ",5.10,2587.24,0.73
1598,539359680,"01598M13:58:42.808","01598 13:11:27",250.75,818.64,,,,"     ",5.10,2683.26,0.75
1598,539359681,"01598M13:58:43.781","01598 13:11:27",250.77,818.63,,,,"     ",5.10,2565.59,0.72
1598,539359682,"01598M13:58:44.755","01598 13:11:28",250.80,818.67,,,,"     ",5.10,2669.41,0.75
1598,539359683,"01598M13:58:45.728","01598 13:11:29",250.83,818.64,,,,"     ",5.10,2644.27,0.74
1598,539359684,"01598M13:58:46.701","01598 13:11:30",250.87,818.67,,,,"     ",5.10,2615.35,0.73
1598,539359685,"01598M13:58:47.674","01598 13:11:31",250.91,818.65,,,,"     ",5.10,2615.50,0.73
1598,539359686,"01598M13:58:48.648","01598 13:11:32",250.95,818.67,,,,"     ",5.10,2652.37,0.74
1598,539359687,"01598M13:58:49.621","01598 13:11:33",250.97,818.55,,,,"     ",5.10,2651.76,0.74
1598,539359688,"01598M13:58:50.594","01598 13:11:34",250.98,818.61,,,,"     ",5.10,2675.33,0.75
1598,539359689,"01598M13:58:51.567","01598 13:11:35",251.00,818.60,,,,"     ",5.10,2624.86,0.73
1598,539359690,"01598M13:58:52.541","01598 13:11:36",251.00,818.58,,,,"     ",5.10,2647.88,0.74
1598,539359691,"01598M13:58:53.514","01598 13:11:37",251.01,818.61,,,,"     ",5.10,2666.87,0.74
1598,539359692,"01598M13:58:54.487","01598 13:11:38",251.00,818.62,,,,"     ",5.10,2647.66,0.74
1598,539359693,"01598M13:58:55.460","01598 13:11:39",251.00,818.56,,,,"     ",5.10,2623.89,0.73
1598,539359694,"01598M13:58:56.434","01598 13:11:40",251.01,818.53,,,,"     ",5.10,2657.01,0.74
1598,539359695,"01598M13:58:57.407","01598 13:11:41",251.02,818.52,,,,"     ",5.10,2613.33,0.73
1598,539359696,"01598M13:58:58.380","01598 13:11:42",251.03,818.56,,,,"     ",5.10,2656.34,0.74
1598,539359697,"01598M13:58:59.353","01598 13:11:43",251.04,818.58,,,,"     ",5.10,2629.38,0.73
1598,539359698,"01598M13:59:00.327","01598 13:11:44",251.07,818.57,,,,"     ",5.10,2702.37,0.75
1598,539359699,"01598M13:59:01.300","01598 13:11:45",251.11,818.49,,,,"     ",5.10,2692.21,0.75
1598,539359700,"01598M13:59:02.273","01598 13:11:46",251.17,818.49,,,,"     ",5.10,2618.84,0.73
1598,539359701,"01598M13:59:03.246","01598 13:11:47",251.23,818.55,,,,"     ",5.10,2708.42,0.75
1598,539359702,"01598M13:59:04.220","01598 13:11:48",251.28,818.51,,,,"     ",5.10,2697.59,0.75
1598,539359703,"01598M13:59:05.193","01598 13:11:49",251.32,818.53,,,,"     ",5.10,2704.90,0.75
1598,539359704,"01598M13:59:06.166","01598 13:11:50",251.32,818.58,,,,"     ",5.10,2701.06,0.75
1598,539359705,"01598M13:59:07.139","01598 13:11:51",251.30,818.55,,,,"     ",5.10,2664.03,0.74
1598,539359706,"01598M13:59:08.113","01598 13:11:52",251.25,818.59,,,,"     ",5.10,2661.87,0.73
1598,539359707,"01598M13:59:09.086","01598 13:11:53",251.16,818.58,,,,"     ",5.10,2697.64,0.74
1598,539359708,"01598M13:59:10.059","01598 13:11:54",251.07,818.59,,,,"     ",5.10,2675.38,0.74
1598,539359709,"01598M13:59:11.032","01598 13:11:55",250.95,818.52,,,,"     ",5.10,2648.41,0.73
1598,539359710,"01598M13:59:12.006","01598 13:11:56",250.85,818.60,,,,"     ",5.10,2688.50,0.74
1598,539359711,"01598M13:59:12.979","01598 13:11:57",250.74,818.58,,,,"     ",5.10,2658.04,0.73
1598,539359712,"01598M13:59:13.952","01598 13:11:58",250.65,818.57,,,,"     ",5.10,2636.45,0.72
1598,539359713,"01598M13:59:14.925","01598 13:11:59",250.57,818.59,,,,"     ",5.10,2692.13,0.74
1598,539359714,"01598M13:59:15.899","01598 13:12:00",250.51,818.48,,,,"     ",5.10,2670.59,0.73
1598,539359715,"01598M13:59:16.872","01598 13:12:01",250.48,818.42,,,,"     ",5.10,2663.95,0.73
1598,539359716,"01598M13:59:17.845","01598 13:12:02",250.47,818.52,,,,"     ",5.10,2697.67,0.74
1598,539359717,"01598M13:59:18.818","01598 13:12:03",250.48,818.50,,,,"     ",5.10,2644.62,0.72
1598,539359718,"01598M13:59:19.792","01598 13:12:03",250.52,818.54,,,,"     ",5.10,2665.79,0.73
1598,539359719,"01598M13:59:20.765","01598 13:12:04",250.59,818.53,,,,"     ",5.10,2708.28,0.74
1598,539359720,"01598M13:59:21.738","01598 13:12:05",250.67,818.49,,,,"     ",5.10,2683.00,0.73
1598,539359721,"01598M13:59:22.711","01598 13:12:06",250.77,818.48,,,,"     ",5.10,2673.95,0.73
1598,539359722,"01598M13:59:23.685","01598 13:12:07",250.86,818.55,,,,"     ",5.10,2743.02,0.75
1598,539359723,"01598M13:59:24.658","01598 13:12:08",250.94,818.46,,,,"     ",5.10,2674.10,0.73
1598,539359724,"01598M13:59:25.631","01598 13:12:09",251.01,818.45,,,,"     ",5.10,2711.49,0.74
1598,539359725,"01598M13:59:26.605","01598 13:12:10",251.06,818.59,,,,"     ",5.10,2655.43,0.72
1598,539359726,"01598M13:59:27.578","01598 13:12:11",251.09,818.55,,,,"     ",5.10,2663.92,0.73
1598,539359727,"01598M13:59:28.551","01598 13:12:12",251.09,818.52,,,,"     ",5.10,2675.28,0.73
1598,539359728,"01598M13:59:29.524","01598 13:12:13",251.09,818.50,,,,"     ",5.10,2691.54,0.73
1598,539359729,"01598M13:59:30.498","01598 13:12:14",251.06,818.44,,,,"     ",5.10,2732.30,0.74
1598,539359730,"01598M13:59:31.471","01598 13:12:15",251.03,818.48,,,,"     ",5.10,2678.05,0.73
1598,539359731,"01598M13:59:32.444","01598 13:12:16",251.00,818.40,,,,"     ",5.10,2708.76,0.74
1598,539359732,"01598M13:59:33.417","01598 13:12:17",250.98,818.52,,,,"     ",5.10,2673.82,0.73
1598,539359733,"01598M13:59:34.391","01598 13:12:18",250.97,818.48,,,,"     ",5.10,2652.58,0.72
1598,539359734,"01598M13:59:35.364","01598 13:12:19",250.99,818.48,,,,"     ",5.10,2686.76,0.73
1598,539359735,"01598M13:59:36.337","01598 13:12:20",251.01,818.48,,,,"     ",5.10,2698.94,0.73
1598,539359736,"01598M13:59:37.310","01598 13:12:21",251.03,818.49,,,,"     ",5.10,2700.06,0.73
1598,539359737,"01598M13:59:38.284","01598 13:12:22",251.06,818.59,,,,"     ",5.10,2696.22,0.73
1598,539359738,"01598M13:59:39.257","01598 13:12:23",251.10,818.47,,,,"     ",5.10,2712.70,0.74
1598,539359739,"01598M13:59:40.230","01598 13:12:24",251.13,818.46,,,,"     ",5.10,2664.98,0.72
1598,539359740,"01598M13:59:41.203","01598 13:12:25",251.17,818.46,,,,"     ",5.10,2656.28,0.72
1598,539359741,"01598M13:59:42.177","01598 13:12:26",251.21,818.48,,,,"     ",5.10,2648.41,0.72
1598,539359742,"01598M13:59:43.150","01598 13:12:27",251.24,818.42,,,,"     ",5.10,2709.06,0.73
1598,539359743,"01598M13:59:44.123","01598 13:12:28",251.26,818.40,,,,"     ",5.10,2755.36,0.75
1598,539359744,"01598M13:59:45.096","01598 13:12:29",251.27,818.39,,,,"     ",5.10,2726.52,0.74
1598,539359745,"01598M13:59:46.070","01598 13:12:30",251.27,818.36,,,,"     ",5.10,2671.45,0.72
1598,539359746,"01598M13:59:47.043","01598 13:12:31",251.25,818.34,,,,"     ",5.10,2691.70,0.73
1598,539359747,"01598M13:59:48.016","01598 13:12:32",251.21,818.43,,,,"     ",5.10,2710.22,0.73
1598,539359748,"01598M13:59:48.989","01598 13:12:33",251.15,818.39,,,,"     ",5.10,2693.49,0.73
1598,539359749,"01598M13:59:49.963","01598 13:12:34",251.08,818.26,,,,"     ",5.10,2685.44,0.72
1598,539359750,"01598M13:59:50.936","01598 13:12:35",250.99,818.31,,,,"     ",5.10,2661.16,0.72
1598,539359751,"01598M13:59:51.909","01598 13:12:36",250.90,818.30,,,,"     ",5.10,2714.36,0.73
1598,539359752,"01598M13:59:52.882","01598 13:12:37",250.79,818.31,,,,"     ",5.10,2708.46,0.73
1598,539359753,"01598M13:59:53.856","01598 13:12:38",250.68,818.32,,,,"     ",5.10,2658.93,0.72
1598,539359754,"01598M13:59:54.829","01598 13:12:39",250.56,818.35,,,,"     ",5.10,2682.26,0.72
1598,539359755,"01598M13:59:55.802","01598 13:12:39",250.45,818.37,,,,"     ",5.10,2732.46,0.74
1598,539359756,"01598M13:59:56.775","01598 13:12:40",250.33,818.23,,,,"     ",5.10,2669.53,0.72
1598,539359757,"01598M13:59:57.749","01598 13:12:41",250.23,818.27,,,,"     ",5.10,2689.64,0.73
1598,539359758,"01598M13:59:58.722","01598 13:12:42",250.14,818.23,,,,"     ",5.10,2711.65,0.73
1598,539359759,"01598M13:59:59.695","01598 13:12:43",250.07,818.26,,,,"     ",5.10,2676.08,0.72
1598,539359760,"01598M14:00:00.668","01598 13:12:44",250.03,818.24,,,,"     ",5.10,2710.40,0.73
1598,539359761,"01598M14:00:01.642","01598 13:12:45",250.01,818.31,,,,"     ",5.10,2671.19,0.72
1598,539359762,"01598M14:00:02.615","01598 13:12:46",250.00,818.32,,,,"     ",5.10,2665.25,0.72
1598,539359763,"01598M14:00:03.588","01598 13:12:47",250.01,818.29,,,,"     ",5.10,2680.22,0.73
1598,539359764,"01598M14:00:04.561","01598 13:12:48",250.04,818.21,,,,"     ",5.10,2688.10,0.73
1598,539359765,"01598M14:00:05.535","01598 13:12:49",250.08,818.25,,,,"     ",5.10,2693.28,0.73
1598,539359766,"01598M14:00:06.508","01598 13:12:50",250.12,818.36,,,,"     ",5.10,2693.03,0.73
1598,539359767,"01598M14:00:07.481","01598 13:12:51",250.15,818.35,,,,"     ",5.10,2661.65,0.72
1598,539359768,"01598M14:00:08.454","01598 13:12:52",250.16,818.27,,,,"     ",5.10,2689.64,0.73
1598,539359769,"01598M14:00:09.428","01598 13:12:53",250.16,818.26,,,,"     ",5.10,2683.34,0.73
1598,539359770,"01598M14:00:10.401","01598 13:12:54",250.15,818.23,,,,"     ",5.10,2651.83,0.72
1598,539359771,"01598M14:00:11.374","01598 13:12:55",250.13,818.29,,,,"     ",5.10,2634.29,0.72
1598,539359772,"01598M14:00:12.347","01598 13:12:56",250.11,818.38,,,,"     ",5.10,2650.14,0.72
1598,539359773,"01598M14:00:13.321","01598 13:12:57",250.08,818.32,,,,"     ",5.10,2665.09,0.72
1598,539359774,"01598M14:00:14.294","01598 13:12:58",250.05,818.35,,,,"     ",5.10,2670.86,0.73
1598,539359775,"01598M14:00:15.267","01598 13:12:59",250.01,818.32,,,,"     ",5.10,2649.01,0.72
1598,539359776,"01598M14:00:16.240","01598 13:13:00",249.97,818.24,,,,"     ",5.10,2692.85,0.73
1598,539359777,"01598M14:00:17.214","01598 13:13:01",249.93,818.36,,,,"     ",5.10,2701.22,0.74
1598,539359778,"01598M14:00:18.187","01598 13:13:02",249.89,818.44,,,,"     ",5.10,2669.95,0.73
1598,539359779,"01598M14:00:19.160","01598 13:13:03",249.87,818.44,,,,"     ",5.10,2685.66,0.73
1598,539359780,"01598M14:00:20.133","01598 13:13:04",249.86,818.37,,,,"     ",5.10,2658.50,0.73
1598,539359781,"01598M14:00:21.107","01598 13:13:05",249.87,818.39,,,,"     ",5.10,2653.46,0.73
1598,539359782,"01598M14:00:22.080","01598 13:13:06",249.88,818.38,,,,"     ",5.10,2653.49,0.73
1598,539359783,"01598M14:00:23.053","01598 13:13:07",249.88,818.40,,,,"     ",5.10,2652.55,0.73
1598,539359784,"01598M14:00:24.026","01598 13:13:08",249.88,818.33,,,,"     ",5.10,2638.52,0.72
1598,539359785,"01598M14:00:25.000","01598 13:13:09",249.88,818.38,,,,"     ",5.10,2676.77,0.73
1598,539359786,"01598M14:00:25.973","01598 13:13:10",249.86,818.30,,,,"     ",5.10,2652.49,0.73
1598,539359787,"01598M14:00:26.946","01598 13:13:11",249.83,818.36,,,,"     ",5.10,2631.74,0.72
1598,539359788,"01598M14:00:27.919","01598 13:13:12",249.80,818.31,,,,"     ",5.10,2643.12,0.73
1598,539359789,"01598M14:00:28.893","01598 13:13:13",249.77,818.41,,,,"     ",5.10,2631.31,0.72
1598,539359790,"01598M14:00:29.866","01598 13:13:14",249.74,818.41,,,,"     ",5.10,2624.52,0.72
1598,539359791,"01598M14:00:30.839","01598 13:13:15",249.70,818.33,,,,"     ",5.10,2685.59,0.74
1598,539359792,"01598M14:00:31.812","01598 13:13:15",249.66,818.42,,,,"     ",5.10,2647.95,0.73
1598,539359793,"01598M14:00:32.786","01598 13:13:16",249.60,818.41,,,,"     ",5.10,2629.58,0.72
1598,539359794,"01598M14:00:33.759","01598 13:13:17",249.54,818.37,,,,"     ",5.10,2668.23,0.74
1598,539359795,"01598M14:00:34.732","01598 13:13:18",249.48,818.36,,,,"     ",5.10,2635.85,0.73
1598,539359796,"01598M14:00:35.706","01598 13:13:19",249.43,818.34,,,,"     ",5.10,2667.74,0.74
1598,539359797,"01598M14:00:36.679","01598 13:13:20",249.37,818.47,,,,"     ",5.10,2622.49,0.72
1598,539359798,"01598M14:00:37.652","01598 13:13:21",249.33,818.41,,,,"     ",5.10,2664.75,0.74
1598,539359799,"01598M14:00:38.625","01598 13:13:22",249.31,818.37,,,,"     ",5.10,2594.35,0.72
1598,539359800,"01598M14:00:39.599","01598 13:13:23",249.29,818.36,,,,"     ",5.10,2637.14,0.73
1598,539359801,"01598M14:00:40.572","01598 13:13:24",249.30,818.39,,,,"     ",5.10,2632.31,0.73
1598,539359802,"01598M14:00:41.545","01598 13:13:25",249.31,818.36,,,,"     ",5.10,2630.37,0.73
1598,539359803,"01598M14:00:42.518","01598 13:13:26",249.33,818.35,,,,"     ",5.10,2614.12,0.72
1598,539359804,"01598M14:00:43.492","01598 13:13:27",249.37,818.46,,,,"     ",5.10,2593.00,0.72
1598,539359805,"01598M14:00:44.465","01598 13:13:28",249.42,818.38,,,,"     ",5.10,2612.32,0.72
1598,539359806,"01598M14:00:45.438","01598 13:13:29",249.48,818.39,,,,"     ",5.10,2674.44,0.74
1598,539359807,"01598M14:00:46.411","01598 13:13:30",249.55,818.27,,,,"     ",5.10,2629.39,0.73
1598,539359808,"01598M14:00:47.385","01598 13:13:31",249.64,818.27,,,,"     ",5.10,2623.34,0.73
1598,539359809,"01598M14:00:48.358","01598 13:13:32",249.73,818.26,,,,"     ",5.10,2593.23,0.72
1598,539359810,"01598M14:00:49.331","01598 13:13:33",249.85,818.30,,,,"     ",5.10,2638.06,0.73
1598,539359811,"01598M14:00:50.304","01598 13:13:34",249.38,818.26,,,,"     ",5.10,2547.29,0.71
1598,539359812,"01598M14:00:51.278","01598 13:13:35",249.43,818.37,,,,"     ",5.10,2619.72,0.73
1598,539359813,"01598M14:00:52.251","01598 13:13:36",249.48,818.22,,,,"     ",5.10,2640.55,0.74
1598,539359814,"01598M14:00:53.224","01598 13:13:37",249.53,818.29,,,,"     ",5.10,2600.95,0.73
1598,539359815,"01598M14:00:54.197","01598 13:13:38",249.58,818.23,,,,"     ",5.10,2653.52,0.74
1598,539359816,"01598M14:00:55.171","01598 13:13:39",249.62,818.28,,,,"     ",5.10,2631.46,0.74
1598,539359817,"01598M14:00:56.144","01598 13:13:40",249.66,818.31,,,,"     ",5.10,2603.04,0.73
1598,539359818,"01598M14:00:57.117","01598 13:13:41",249.70,818.26,,,,"     ",5.10,2651.40,0.74
1598,539359819,"01598M14:00:58.090","01598 13:13:42",249.73,818.30,,,,"     ",5.10,2564.81,0.72
1598,539359820,"01598M14:00:59.064","01598 13:13:43",249.77,818.24,,,,"     ",5.10,2626.73,0.74
1598,539359821,"01598M14:01:00.037","01598 13:13:44",249.80,818.11,,,,"     ",5.10,2603.84,0.73
1598,539359822,"01598M14:01:01.010","01598 13:13:45",249.84,818.21,,,,"     ",5.10,2567.45,0.72
1598,539359823,"01598M14:01:01.983","01598 13:13:46",249.87,818.21,,,,"     ",5.10,2632.38,0.74
1598,539359824,"01598M14:01:02.957","01598 13:13:47",249.90,818.22,,,,"     ",5.10,2613.92,0.73
1598,539359825,"01598M14:01:03.930","01598 13:13:48",249.91,818.12,,,,"     ",5.10,2601.72,0.73
1598,539359826,"01598M14:01:04.903","01598 13:13:49",249.91,818.08,,,,"     ",5.10,2610.26,0.73
1598,539359827,"01598M14:01:05.876","01598 13:13:50",249.90,818.12,,,,"     ",5.10,2631.79,0.74
1598,539359828,"01598M14:01:06.850","01598 13:13:51",249.89,818.19,,,,"     ",5.10,2612.74,0.73
1598,539359829,"01598M14:01:07.823","01598 13:13:51",249.86,818.23,,,,"     ",5.10,2615.35,0.73
1598,539359830,"01598M14:01:08.796","01598 13:13:52",249.84,818.25,,,,"     ",5.10,2581.39,0.73
1598,539359831,"01598M14:01:09.769","01598 13:13:53",249.81,818.21,,,,"     ",5.10,2611.14,0.73
1598,539359832,"01598M14:01:10.743","01598 13:13:54",249.78,818.16,,,,"     ",5.10,2622.78,0.74
1598,539359833,"01598M14:01:11.716","01598 13:13:55",249.74,818.19,,,,"     ",5.10,2601.24,0.73
1598,539359834,"01598M14:01:12.689","01598 13:13:56",249.69,818.22,,,,"     ",5.10,2514.08,0.71
1598,539359835,"01598M14:01:13.662","01598 13:13:57",249.63,818.10,,,,"     ",5.10,2601.12,0.73
1598,539359836,"01598M14:01:14.636","01598 13:13:58",249.55,817.99,,,,"     ",5.10,2648.23,0.75
1598,539359837,"01598M14:01:15.609","01598 13:13:59",249.47,817.95,,,,"     ",5.10,2609.80,0.74
1598,539359838,"01598M14:01:16.582","01598 13:14:00",249.38,818.05,,,,"     ",5.10,2575.42,0.73
1598,539359839,"01598M14:01:17.555","01598 13:14:01",249.29,818.06,,,,"     ",5.10,2620.96,0.74
1598,539359840,"01598M14:01:18.529","01598 13:14:02",249.20,818.02,,,,"     ",5.10,2594.84,0.73
1598,539359841,"01598M14:01:19.502","01598 13:14:03",249.11,818.10,,,,"     ",5.10,2597.86,0.73
1598,539359842,"01598M14:01:20.475","01598 13:14:04",249.03,818.17,,,,"     ",5.10,2583.59,0.73
1598,539359843,"01598M14:01:21.448","01598 13:14:05",248.95,818.06,,,,"     ",5.10,2513.71,0.71
1598,539359844,"01598M14:01:22.422","01598 13:14:06",248.88,818.13,,,,"     ",5.10,2543.46,0.72
1598,539359845,"01598M14:01:23.395","01598 13:14:07",248.81,818.07,,,,"     ",5.10,2613.40,0.74
1598,539359846,"01598M14:01:24.368","01598 13:14:08",248.74,818.15,,,,"     ",5.10,2622.80,0.74
1598,539359847,"01598M14:01:25.341","01598 13:14:09",248.68,818.16,,,,"     ",5.10,2606.73,0.74
1598,539359848,"01598M14:01:26.315","01598 13:14:10",248.62,818.04,,,,"     ",5.10,2571.03,0.73
1598,539359849,"01598M14:01:27.288","01598 13:14:11",248.55,818.06,,,,"     ",5.10,2546.78,0.72
1598,539359850,"01598M14:01:28.261","01598 13:14:12",248.48,818.09,,,,"     ",5.10,2584.48,0.73
1598,539359851,"01598M14:01:29.234","01598 13:14:13",248.42,818.12,,,,"     ",5.10,2584.67,0.73
1598,539359852,"01598M14:01:30.208","01598 13:14:14",248.36,818.08,,,,"     ",5.10,2552.42,0.72
1598,539359853,"01598M14:01:31.181","01598 13:14:15",248.29,818.09,,,,"     ",5.10,2611.48,0.74
1598,539359854,"01598M14:01:32.154","01598 13:14:16",248.23,818.03,,,,"     ",5.10,2640.24,0.75
1598,539359855,"01598M14:01:33.127","01598 13:14:17",248.19,818.06,,,,"     ",5.10,2597.61,0.74
1598,539359856,"01598M14:01:34.101","01598 13:14:18",248.14,818.01,,,,"     ",5.10,2581.12,0.73
1598,539359857,"01598M14:01:35.074","01598 13:14:19",248.11,818.08,,,,"     ",5.10,2582.44,0.73
1598,539359858,"01598M14:01:36.047","01598 13:14:20",248.08,817.97,,,,"     ",5.10,2594.91,0.74
1598,539359859,"01598M14:01:37.020","01598 13:14:21",248.06,818.04,,,,"     ",5.10,2521.23,0.72
1598,539359860,"01598M14:01:37.994","01598 13:14:22",248.02,818.05,,,,"     ",5.10,2590.58,0.74
1598,539359861,"01598M14:01:38.967","01598 13:14:23",248.00,818.14,,,,"     ",5.10,2582.96,0.73
1598,539359862,"01598M14:01:39.940","01598 13:14:24",247.97,818.08,,,,"     ",5.10,2548.24,0.73
1598,539359863,"01598M14:01:40.913","01598 13:14:25",247.95,818.01,,,,"     ",5.10,2605.92,0.74
1598,539359864,"01598M14:01:41.887","01598 13:14:26",247.94,817.99,,,,"     ",5.10,2576.85,0.73
1598,539359865,"01598M14:01:42.860","01598 13:14:27",247.95,818.03,,,,"     ",5.10,2573.92,0.73
1598,539359866,"01598M14:01:43.833","01598 13:14:27",247.97,818.00,,,,"     ",5.10,2563.74,0.73
1598,539359867,"01598M14:01:44.807","01598 13:14:28",247.99,818.04,,,,"     ",5.10,2581.75,0.74
1598,539359868,"01598M14:01:45.780","01598 13:14:29",248.02,818.11,,,,"     ",5.10,2574.96,0.73
1598,539359869,"01598M14:01:46.753","01598 13:14:30",248.04,818.09,,,,"     ",5.10,2573.47,0.73
1598,539359870,"01598M14:01:47.726","01598 13:14:31",248.08,818.08,,,,"     ",5.10,2592.61,0.74
1598,539359871,"01598M14:01:48.700","01598 13:14:32",248.12,818.04,,,,"     ",5.10,2556.22,0.73
1598,539359872,"01598M14:01:49.673","01598 13:14:33",248.17,818.09,,,,"     ",5.10,2568.29,0.73
1598,539359873,"01598M14:01:50.646","01598 13:14:34",248.22,818.05,,,,"     ",5.10,2572.75,0.73
1598,539359874,"01598M14:01:51.619","01598 13:14:35",248.26,818.08,,,,"     ",5.10,2510.10,0.72
1598,539359875,"01598M14:01:52.593","01598 13:14:36",248.31,818.01,,,,"     ",5.10,2552.85,0.73
1598,539359876,"01598M14:01:53.566","01598 13:14:37",248.36,818.01,,,,"     ",5.10,2521.02,0.72
1598,539359877,"01598M14:01:54.539","01598 13:14:38",248.40,817.99,,,,"     ",5.10,2551.81,0.73
1598,539359878,"01598M14:01:55.512","01598 13:14:39",248.42,817.97,,,,"     ",5.10,2530.29,0.72
1598,539359879,"01598M14:01:56.486","01598 13:14:40",248.45,817.97,,,,"     ",5.10,2551.31,0.73
1598,539359880,"01598M14:01:57.459","01598 13:14:41",248.46,818.00,,,,"     ",5.10,2592.85,0.74
1598,539359881,"01598M14:01:58.432","01598 13:14:42",248.47,818.03,,,,"     ",5.10,2559.40,0.73
1598,539359882,"01598M14:01:59.405","01598 13:14:43",248.47,817.93,,,,"     ",5.10,2592.54,0.74
1598,539359883,"01598M14:02:00.379","01598 13:14:44",248.48,817.99,,,,"     ",5.10,2581.01,0.74
1598,539359884,"01598M14:02:01.352","01598 13:14:45",248.48,817.92,,,,"     ",5.10,2578.54,0.74
1598,539359885,"01598M14:02:02.325","01598 13:14:46",248.48,817.91,,,,"     ",5.10,2577.88,0.74
1598,539359886,"01598M14:02:03.298","01598 13:14:47",248.49,817.98,,,,"     ",5.10,2560.42,0.73
1598,539359887,"01598M14:02:04.272","01598 13:14:48",248.49,817.95,,,,"     ",5.10,2609.32,0.75
1598,539359888,"01598M14:02:05.245","01598 13:14:49",248.48,817.96,,,,"     ",5.10,2513.13,0.72
1598,539359889,"01598M14:02:06.218","01598 13:14:50",248.48,818.00,,,,"     ",5.10,2587.54,0.74
1598,539359890,"01598M14:02:07.191","01598 13:14:51",248.49,817.98,,,,"     ",5.10,2562.79,0.73
1598,539359891,"01598M14:02:08.165","01598 13:14:52",248.49,818.06,,,,"     ",5.10,2530.60,0.72
1598,539359892,"01598M14:02:09.138","01598 13:14:53",248.51,817.97,,,,"     ",5.10,2567.87,0.74
1598,539359893,"01598M14:02:10.111","01598 13:14:54",248.54,817.99,,,,"     ",5.10,2545.82,0.73
1598,539359894,"01598M14:02:11.084","01598 13:14:55",248.58,818.06,,,,"     ",5.10,2589.77,0.74
1598,539359895,"01598M14:02:12.058","01598 13:14:56",248.63,817.98,,,,"     ",5.10,2559.30,0.73
1598,539359896,"01598M14:02:13.031","01598 13:14:57",248.70,818.07,,,,"     ",5.10,2532.52,0.73
1598,539359897,"01598M14:02:14.004","01598 13:14:58",248.78,818.04,,,,"     ",5.10,2602.12,0.75
1598,539359898,"01598M14:02:14.977","01598 13:14:59",248.88,818.02,,,,"     ",5.10,2580.61,0.74
1598,539359899,"01598M14:02:15.951","01598 13:15:00",248.97,817.99,,,,"     ",5.10,2589.37,0.74
1598,539359900,"01598M14:02:16.924","01598 13:15:01",249.06,817.99,,,,"     ",5.10,2584.17,0.74
1598,539359901,"01598M14:02:17.897","01598 13:15:02",249.13,817.98,,,,"     ",5.10,2566.57,0.73
1598,539359902,"01598M14:02:18.870","01598 13:15:03",249.18,817.96,,,,"     ",5.10,2612.18,0.75
1598,539359903,"01598M14:02:19.844","01598 13:15:03",249.21,818.02,,,,"     ",5.10,2598.39,0.74
1598,539359904,"01598M14:02:20.817","01598 13:15:04",249.24,817.99,,,,"     ",5.10,2568.38,0.73
1598,539359905,"01598M14:02:21.790","01598 13:15:05",249.24,817.99,,,,"     ",5.10,2584.78,0.74
1598,539359906,"01598M14:02:22.763","01598 13:15:06",249.24,817.99,,,,"     ",5.10,2570.47,0.74
1598,539359907,"01598M14:02:23.737","01598 13:15:07",249.22,817.95,,,,"     ",5.10,2587.98,0.74
1598,539359908,"01598M14:02:24.710","01598 13:15:08",249.17,817.96,,,,"     ",5.10,2570.00,0.74
1598,539359909,"01598M14:02:25.683","01598 13:15:09",249.11,818.10,,,,"     ",5.10,2577.49,0.74
1598,539359910,"01598M14:02:26.656","01598 13:15:10",249.04,818.10,,,,"     ",5.10,2638.25,0.75
1598,539359911,"01598M14:02:27.630","01598 13:15:11",248.98,817.97,,,,"     ",5.10,2604.74,0.75
1598,539359912,"01598M14:02:28.603","01598 13:15:12",248.91,818.05,,,,"     ",5.10,2575.18,0.74
1598,539359913,"01598M14:02:29.576","01598 13:15:13",248.86,818.04,,,,"     ",5.10,2616.71,0.75
1598,539359914,"01598M14:02:30.549","01598 13:15:14",248.81,817.97,,,,"     ",5.10,2584.65,0.74
1598,539359915,"01598M14:02:31.523","01598 13:15:15",248.77,817.98,,,,"     ",5.10,2561.48,0.73
1598,539359916,"01598M14:02:32.496","01598 13:15:16",248.75,818.00,,,,"     ",5.10,2593.55,0.74
1598,539359917,"01598M14:02:33.469","01598 13:15:17",248.73,818.05,,,,"     ",5.10,2578.38,0.74
1598,539359918,"01598M14:02:34.442","01598 13:15:18",248.72,817.98,,,,"     ",5.10,2604.45,0.74
1598,539359919,"01598M14:02:35.416","01598 13:15:19",248.73,817.97,,,,"     ",5.10,2625.53,0.75
1598,539359920,"01598M14:02:36.389","01598 13:15:20",248.74,817.97,,,,"     ",5.10,2557.42,0.73
1598,539359921,"01598M14:02:37.362","01598 13:15:21",248.76,818.05,,,,"     ",5.10,2559.28,0.73
1598,539359922,"01598M14:02:38.335","01598 13:15:22",248.80,818.00,,,,"     ",5.10,2618.30,0.75
1598,539359923,"01598M14:02:39.309","01598 13:15:23",248.85,817.99,,,,"     ",5.10,2576.61,0.74
1598,539359924,"01598M14:02:40.282","01598 13:15:24",248.91,817.98,,,,"     ",5.10,2585.49,0.74
1598,539359925,"01598M14:02:41.255","01598 13:15:25",248.96,818.02,,,,"     ",5.10,2555.28,0.73
1598,539359926,"01598M14:02:42.228","01598 13:15:26",248.99,817.98,,,,"     ",5.10,2638.21,0.75
1598,539359927,"01598M14:02:43.202","01598 13:15:27",249.03,817.90,,,,"     ",5.10,2556.42,0.73
1598,539359928,"01598M14:02:44.175","01598 13:15:28",249.06,817.96,,,,"     ",5.10,2545.59,0.73
1598,539359929,"01598M14:02:45.148","01598 13:15:29",249.09,817.91,,,,"     ",5.10,2640.14,0.75
1598,539359930,"01598M14:02:46.121","01598 13:15:30",249.13,817.87,,,,"     ",5.10,2598.60,0.74
1598,539359931,"01598M14:02:47.095","01598 13:15:31",249.18,817.86,,,,"     ",5.10,2620.28,0.75
1598,539359932,"01598M14:02:48.068","01598 13:15:32",249.23,817.93,,,,"     ",5.10,2553.51,0.73
1598,539359933,"01598M14:02:49.041","01598 13:15:33",249.27,817.90,,,,"     ",5.10,2610.07,0.74
1598,539359934,"01598M14:02:50.014","01598 13:15:34",249.31,817.90,,,,"     ",5.10,2572.03,0.73
1598,539359935,"01598M14:02:50.988","01598 13:15:35",249.35,817.86,,,,"     ",5.10,2584.71,0.73
1598,539359936,"01598M14:02:51.961","01598 13:15:36",249.39,817.85,,,,"     ",5.10,2568.41,0.73
1598,539359937,"01598M14:02:52.934","01598 13:15:37",249.42,817.87,,,,"     ",5.10,2603.13,0.74
1598,539359938,"01598M14:02:53.908","01598 13:15:38",249.44,817.82,,,,"     ",5.10,2624.88,0.75
1598,539359939,"01598M14:02:54.881","01598 13:15:39",249.45,817.85,,,,"     ",5.10,2596.57,0.74
1598,539359940,"01598M14:02:55.854","01598 13:15:40",249.45,817.85,,,,"     ",5.10,2603.62,0.74
1598,539359941,"01598M14:02:56.827","01598 13:15:40",249.45,817.81,,,,"     ",5.10,2634.84,0.75
1598,539359942,"01598M14:02:57.801","01598 13:15:41",249.44,817.77,,,,"     ",5.10,2589.05,0.73
1598,539359943,"01598M14:02:58.774","01598 13:15:42",249.44,817.78,,,,"     ",5.10,2605.70,0.74
1598,539359944,"01598M14:02:59.747","01598 13:15:43",249.44,817.82,,,,"     ",5.10,2604.31,0.74
1598,539359945,"01598M14:03:00.720","01598 13:15:44",249.46,817.82,,,,"     ",5.10,2611.64,0.74
1598,539359946,"01598M14:03:01.694","01598 13:15:45",249.49,817.82,,,,"     ",5.10,2584.06,0.73
1598,539359947,"01598M14:03:02.667","01598 13:15:46",249.53,817.80,,,,"     ",5.10,2604.22,0.74
1598,539359948,"01598M14:03:03.640","01598 13:15:47",249.59,817.74,,,,"     ",5.10,2554.07,0.72
1598,539359949,"01598M14:03:04.613","01598 13:15:48",249.65,817.80,,,,"     ",5.10,2584.35,0.73
1598,539359950,"01598M14:03:05.587","01598 13:15:49",249.70,817.82,,,,"     ",5.10,2599.47,0.73
1598,539359951,"01598M14:03:06.560","01598 13:15:50",249.75,817.75,,,,"     ",5.10,2623.97,0.74
1598,539359952,"01598M14:03:07.533","01598 13:15:51",249.78,817.76,,,,"     ",5.10,2609.47,0.74
1598,539359953,"01598M14:03:08.506","01598 13:15:52",249.79,817.78,,,,"     ",5.10,2656.99,0.75
1598,539359954,"01598M14:03:09.480","01598 13:15:53",249.77,817.71,,,,"     ",5.10,2624.21,0.74
1598,539359955,"01598M14:03:10.453","01598 13:15:54",249.73,817.64,,,,"     ",5.10,2609.53,0.73
1598,539359956,"01598M14:03:11.426","01598 13:15:55",249.67,817.66,,,,"     ",5.10,2670.42,0.75
1598,539359957,"01598M14:03:12.399","01598 13:15:56",249.59,817.66,,,,"     ",5.10,2624.84,0.74
1598,539359958,"01598M14:03:13.373","01598 13:15:57",249.50,817.67,,,,"     ",5.10,2638.67,0.74
1598,539359959,"01598M14:03:14.346","01598 13:15:58",249.40,817.73,,,,"     ",5.10,2653.79,0.74
1598,539359960,"01598M14:03:15.319","01598 13:15:59",249.32,817.76,,,,"     ",5.10,2639.27,0.74
1598,539359961,"01598M14:03:16.292","01598 13:16:00",249.24,817.75,,,,"     ",5.10,2648.01,0.74
1598,539359962,"01598M14:03:17.266","01598 13:16:01",249.17,817.77,,,,"     ",5.10,2588.62,0.72
1598,539359963,"01598M14:03:18.239","01598 13:16:02",249.11,817.83,,,,"     ",5.10,2656.39,0.74
1598,539359964,"01598M14:03:19.212","01598 13:16:03",249.05,817.79,,,,"     ",5.10,2652.95,0.74
1598,539359965,"01598M14:03:20.185","01598 13:16:04",249.01,817.77,,,,"     ",5.10,2601.01,0.73
1598,539359966,"01598M14:03:21.159","01598 13:16:05",248.96,817.78,,,,"     ",5.10,2600.70,0.73
1598,539359967,"01598M14:03:22.132","01598 13:16:06",248.91,817.76,,,,"     ",5.10,2663.71,0.74
1598,539359968,"01598M14:03:23.105","01598 13:16:07",248.86,817.80,,,,"     ",5.10,2623.82,0.73
1598,539359969,"01598M14:03:24.078","01598 13:16:08",248.81,817.68,,,,"     ",5.10,2635.56,0.73
1598,539359970,"01598M14:03:25.052","01598 13:16:09",248.75,817.72,,,,"     ",5.10,2609.58,0.72
1598,539359971,"01598M14:03:26.025","01598 13:16:10",248.70,817.66,,,,"     ",5.10,2614.79,0.73
1598,539359972,"01598M14:03:26.998","01598 13:16:11",248.64,817.67,,,,"     ",5.10,2683.84,0.75
1598,539359973,"01598M14:03:27.971","01598 13:16:12",248.60,817.79,,,,"     ",5.10,2605.55,0.72
1598,539359974,"01598M14:03:28.945","01598 13:16:13",248.54,817.78,,,,"     ",5.10,2666.96,0.74
1598,539359975,"01598M14:03:29.918","01598 13:16:14",248.49,817.81,,,,"     ",5.10,2682.13,0.74
1598,539359976,"01598M14:03:30.891","01598 13:16:15",248.44,817.77,,,,"     ",5.10,2646.57,0.73
1598,539359977,"01598M14:03:31.864","01598 13:16:16",248.38,817.67,,,,"     ",5.10,2681.34,0.74
1598,539359978,"01598M14:03:32.838","01598 13:16:16",248.32,817.69,,,,"     ",5.10,2641.93,0.73
1598,539359979,"01598M14:03:33.811","01598 13:16:17",248.27,817.72,,,,"     ",5.10,2682.83,0.74
1598,539359980,"01598M14:03:34.784","01598 13:16:18",248.23,817.67,,,,"     ",5.10,2691.50,0.74
1598,539359981,"01598M14:03:35.757","01598 13:16:19",248.20,817.68,,,,"     ",5.10,2644.55,0.73
1598,539359982,"01598M14:03:36.731","01598 13:16:20",248.19,817.71,,,,"     ",5.10,2658.23,0.73
1598,539359983,"01598M14:03:37.704","01598 13:16:21",248.19,817.68,,,,"     ",5.10,2626.30,0.72
1598,539359984,"01598M14:03:38.677","01598 13:16:22",248.21,817.70,,,,"     ",5.10,2669.14,0.73
1598,539359985,"01598M14:03:39.650","01598 13:16:23",248.26,817.67,,,,"     ",5.10,2697.68,0.74
1598,539359986,"01598M14:03:40.624","01598 13:16:24",248.32,817.55,,,,"     ",5.10,2625.23,0.72
1598,539359987,"01598M14:03:41.597","01598 13:16:25",248.40,817.61,,,,"     ",5.10,2627.36,0.72
1598,539359988,"01598M14:03:42.570","01598 13:16:26",248.50,817.70,,,,"     ",5.10,2645.06,0.73
1598,539359989,"01598M14:03:43.543","01598 13:16:27",248.61,817.70,,,,"     ",5.10,2662.94,0.73
1598,539359990,"01598M14:03:44.517","01598 13:16:28",248.75,817.59,,,,"     ",5.10,2672.04,0.73
1598,539359991,"01598M14:03:45.490","01598 13:16:29",248.87,817.58,,,,"     ",5.10,2630.02,0.72
1598,539359992,"01598M14:03:46.463","01598 13:16:30",248.99,817.67,,,,"     ",5.10,2702.83,0.74
1598,539359993,"01598M14:03:47.436","01598 13:16:31",249.10,817.66,,,,"     ",5.10,2678.25,0.73
1598,539359994,"01598M14:03:48.410","01598 13:16:32",249.19,817.65,,,,"     ",5.10,2673.33,0.73
1598,539359995,"01598M14:03:49.383","01598 13:16:33",249.27,817.62,,,,"     ",5.10,2675.48,0.73
1598,539359996,"01598M14:03:50.356","01598 13:16:34",249.32,817.65,,,,"     ",5.10,2709.85,0.74
1598,539359997,"01598M14:03:51.329","01598 13:16:35",249.36,817.62,,,,"     ",5.10,2660.77,0.73
1598,539359998,"01598M14:03:52.303","01598 13:16:36",249.39,817.64,,,,"     ",5.10,2708.03,0.74
1598,539359999,"01598M14:03:53.276","01598 13:16:37",249.42,817.64,,,,"     ",5.10,2680.60,0.73
1598,539360000,"01598M14:03:54.249","01598 13:16:38",249.45,817.67,,,,"     ",5.10,2735.39,0.75
1598,539360001,"01598M14:03:55.222","01598 13:16:39",249.48,817.64,,,,"     ",5.10,2671.58,0.73
1598,539360002,"01598M14:03:56.196","01598 13:16:40",249.52,817.73,,,,"     ",5.10,2668.91,0.73
1598,539360003,"01598M14:03:57.169","01598 13:16:41",249.56,817.72,,,,"     ",5.10,2649.04,0.72
1598,539360004,"01598M14:03:58.142","01598 13:16:42",249.59,817.68,,,,"     ",5.10,2694.90,0.73
1598,539360005,"01598M14:03:59.115","01598 13:16:43",249.63,817.65,,,,"     ",5.10,2678.87,0.73
1598,539360006,"01598M14:04:00.089","01598 13:16:44",249.67,817.69,,,,"     ",5.10,2704.70,0.73
1598,539360007,"01598M14:04:01.062","01598 13:16:45",249.73,817.74,,,,"     ",5.10,2663.81,0.72
1598,539360008,"01598M14:04:02.035","01598 13:16:46",249.79,817.61,,,,"     ",5.10,2712.37,0.74
1598,539360009,"01598M14:04:03.008","01598 13:16:47",249.86,817.68,,,,"     ",5.10,2667.76,0.72
1598,539360010,"01598M14:04:03.982","01598 13:16:48",249.92,817.63,,,,"     ",5.10,2704.68,0.73
1598,539360011,"01598M14:04:04.955","01598 13:16:49",249.98,817.63,,,,"     ",5.10,2691.03,0.73
1598,539360012,"01598M14:04:05.928","01598 13:16:50",250.04,817.64,,,,"     ",5.10,2654.23,0.72
1598,539360013,"01598M14:04:06.902","01598 13:16:51",250.08,817.64,,,,"     ",5.10,2634.07,0.71
1598,539360014,"01598M14:04:07.875","01598 13:16:52",250.10,817.66,,,,"     ",5.10,2716.02,0.73
1598,539360015,"01598M14:04:08.848","01598 13:16:52",250.13,817.62,,,,"     ",5.10,2667.54,0.72
1598,539360016,"01598M14:04:09.821","01598 13:16:53",250.14,817.64,,,,"     ",5.10,2698.28,0.73
1598,539360017,"01598M14:04:10.795","01598 13:16:54",250.15,817.62,,,,"     ",5.10,2663.04,0.72
1598,539360018,"01598M14:04:11.768","01598 13:16:55",250.16,817.55,,,,"     ",5.10,2688.79,0.72
1598,539360019,"01598M14:04:12.741","01598 13:16:56",250.17,817.58,,,,"     ",5.10,2683.34,0.72
1598,539360020,"01598M14:04:13.714","01598 13:16:57",250.20,817.57,,,,"     ",5.10,2672.43,0.72
1598,539360021,"01598M14:04:14.688","01598 13:16:58",250.23,817.63,,,,"     ",5.10,2710.05,0.73
1598,539360022,"01598M14:04:15.661","01598 13:16:59",250.28,817.53,,,,"     ",5.10,2696.67,0.73
1598,539360023,"01598M14:04:16.634","01598 13:17:00",250.34,817.56,,,,"     ",5.10,2662.11,0.72
1598,539360024,"01598M14:04:17.607","01598 13:17:01",250.41,817.67,,,,"     ",5.10,2688.05,0.72
1598,539360025,"01598M14:04:18.581","01598 13:17:02",250.49,817.72,,,,"     ",5.10,2739.19,0.74
1598,539360026,"01598M14:04:19.554","01598 13:17:03",250.58,817.61,,,,"     ",5.10,2719.59,0.73
1598,539360027,"01598M14:04:20.527","01598 13:17:04",250.68,817.57,,,,"     ",5.10,2692.12,0.72
1598,539360028,"01598M14:04:21.500","01598 13:17:05",250.79,817.55,,,,"     ",5.10,2720.44,0.73
1598,539360029,"01598M14:04:22.474","01598 13:17:06",250.90,817.58,,,,"     ",5.10,2688.14,0.72
1598,539360030,"01598M14:04:23.447","01598 13:17:07",251.01,817.59,,,,"     ",5.10,2709.34,0.73
1598,539360031,"01598M14:04:24.420","01598 13:17:08",251.10,817.59,,,,"     ",5.10,2717.69,0.73
1598,539360032,"01598M14:04:25.393","01598 13:17:09",251.20,817.54,,,,"     ",5.10,2742.49,0.74
1598,539360033,"01598M14:04:26.367","01598 13:17:10",251.27,817.49,,,,"     ",5.10,2709.13,0.73
1598,539360034,"01598M14:04:27.340","01598 13:17:11",251.34,817.60,,,,"     ",5.10,2648.96,0.71
1598,539360035,"01598M14:04:28.313","01598 13:17:12",251.39,817.42,,,,"     ",5.10,2728.37,0.73
1598,539360036,"01598M14:04:29.286","01598 13:17:13",251.42,817.51,,,,"     ",5.10,2700.36,0.72
1598,539360037,"01598M14:04:30.260","01598 13:17:14",251.42,817.40,,,,"     ",5.10,2709.63,0.72
1598,539360038,"01598M14:04:31.233","01598 13:17:15",251.41,817.42,,,,"     ",5.10,2694.51,0.72
1598,539360039,"01598M14:04:32.206","01598 13:17:16",251.37,817.39,,,,"     ",5.10,2717.47,0.73
1598,539360040,"01598M14:04:33.179","01598 13:17:17",251.31,817.45,,,,"     ",5.10,2701.18,0.72
1598,539360041,"01598M14:04:34.153","01598 13:17:18",251.22,817.43,,,,"     ",5.10,2686.55,0.72
1598,539360042,"01598M14:04:35.126","01598 13:17:19",251.12,817.37,,,,"     ",5.10,2713.01,0.72
1598,539360043,"01598M14:04:36.099","01598 13:17:20",250.99,817.43,,,,"     ",5.10,2714.38,0.72
1598,539360044,"01598M14:04:37.072","01598 13:17:21",250.86,817.48,,,,"     ",5.10,2693.57,0.72
1598,539360045,"01598M14:04:38.046","01598 13:17:22",250.73,817.49,,,,"     ",5.10,2742.72,0.73
1598,539360046,"01598M14:04:39.019","01598 13:17:23",250.60,817.45,,,,"     ",5.10,2692.99,0.72
1598,539360047,"01598M14:04:39.992","01598 13:17:24",250.49,817.51,,,,"     ",5.10,2685.82,0.71
1598,539360048,"01598M14:04:40.965","01598 13:17:25",250.41,817.55,,,,"     ",5.10,2706.79,0.72
1598,539360049,"01598M14:04:41.939","01598 13:17:26",250.36,817.57,,,,"     ",5.10,2716.61,0.72
1598,539360050,"01598M14:04:42.912","01598 13:17:27",250.35,817.51,,,,"     ",5.10,2739.46,0.73
1598,539360051,"01598M14:04:43.885","01598 13:17:28",250.35,817.54,,,,"     ",5.10,2707.22,0.72
1598,539360052,"01598M14:04:44.858","01598 13:17:28",250.37,817.41,,,,"     ",5.10,2679.09,0.71
1598,539360053,"01598M14:04:45.832","01598 13:17:29",250.40,817.46,,,,"     ",5.10,2652.91,0.70
1598,539360054,"01598M14:04:46.805","01598 13:17:30",250.43,817.41,,,,"     ",5.10,2721.69,0.72
1598,539360055,"01598M14:04:47.778","01598 13:17:31",250.45,817.37,,,,"     ",5.10,2719.89,0.72
1598,539360056,"01598M14:04:48.751","01598 13:17:32",250.48,817.50,,,,"     ",5.10,2722.93,0.72
1598,539360057,"01598M14:04:49.725","01598 13:17:33",250.50,817.44,,,,"     ",5.10,2714.89,0.72
1598,539360058,"01598M14:04:50.698","01598 13:17:34",250.53,817.44,,,,"     ",5.10,2753.06,0.73
1598,539360059,"01598M14:04:51.671","01598 13:17:35",250.57,817.47,,,,"     ",5.10,2735.39,0.73
1598,539360060,"01598M14:04:52.644","01598 13:17:36",250.61,817.42,,,,"     ",5.10,2687.88,0.71
1598,539360061,"01598M14:04:53.618","01598 13:17:37",250.66,817.37,,,,"     ",5.10,2718.42,0.72
1598,539360062,"01598M14:04:54.591","01598 13:17:38",250.71,817.39,,,,"     ",5.10,2703.96,0.72
1598,539360063,"01598M14:04:55.564","01598 13:17:39",250.76,817.37,,,,"     ",5.10,2692.04,0.71
1598,539360064,"01598M14:04:56.537","01598 13:17:40",250.80,817.38,,,,"     ",5.10,2739.55,0.72
1598,539360065,"01598M14:04:57.511","01598 13:17:41",250.83,817.33,,,,"     ",5.10,2751.95,0.73
1598,539360066,"01598M14:04:58.484","01598 13:17:42",250.85,817.41,,,,"     ",5.10,2771.18,0.73
1598,539360067,"01598M14:04:59.457","01598 13:17:43",250.88,817.40,,,,"     ",5.10,2680.82,0.71
1598,539360068,"01598M14:05:00.430","01598 13:17:44",250.89,817.56,,,,"     ",5.10,2789.71,0.74
1598,539360069,"01598M14:05:01.404","01598 13:17:45",250.88,817.47,,,,"     ",5.10,2722.07,0.72
1598,539360070,"01598M14:05:02.377","01598 13:17:46",250.86,817.43,,,,"     ",5.10,2713.78,0.72
1598,539360071,"01598M14:05:03.350","01598 13:17:47",250.80,817.47,,,,"     ",5.10,2734.28,0.72
1598,539360072,"01598M14:05:04.323","01598 13:17:48",250.73,817.34,,,,"     ",5.10,2705.80,0.71
1598,539360073,"01598M14:05:05.297","01598 13:17:49",250.64,817.33,,,,"     ",5.10,2722.41,0.72
1598,539360074,"01598M14:05:06.270","01598 13:17:50",250.54,817.30,,,,"     ",5.10,2665.29,0.70
1598,539360075,"01598M14:05:07.243","01598 13:17:51",250.45,817.34,,,,"     ",5.10,2723.88,0.72
1598,539360076,"01598M14:05:08.216","01598 13:17:52",250.37,817.42,,,,"     ",5.10,2749.84,0.72
1598,539360077,"01598M14:05:09.190","01598 13:17:53",250.31,817.36,,,,"     ",5.10,2709.26,0.71
1598,539360078,"01598M14:05:10.163","01598 13:17:54",250.26,817.41,,,,"     ",5.10,2761.20,0.73
1598,539360079,"01598M14:05:11.136","01598 13:17:55",250.24,817.32,,,,"     ",5.10,2767.73,0.73
1598,539360080,"01598M14:05:12.109","01598 13:17:56",250.22,817.26,,,,"     ",5.10,2733.85,0.72
1598,539360081,"01598M14:05:13.083","01598 13:17:57",250.22,817.25,,,,"     ",5.10,2776.84,0.73
1598,539360082,"01598M14:05:14.056","01598 13:17:58",250.23,817.20,,,,"     ",5.10,2716.22,0.71
1598,539360083,"01598M14:05:15.029","01598 13:17:59",250.25,817.28,,,,"     ",5.10,2776.24,0.73
1598,539360084,"01598M14:05:16.003","01598 13:18:00",250.28,817.28,,,,"     ",5.10,2767.14,0.73
1598,539360085,"01598M14:05:16.976","01598 13:18:01",250.32,817.25,,,,"     ",5.10,2725.77,0.71
1598,539360086,"01598M14:05:17.949","01598 13:18:02",250.37,817.22,,,,"     ",5.10,2749.14,0.72
1598,539360087,"01598M14:05:18.922","01598 13:18:03",250.41,817.21,,,,"     ",5.10,2727.61,0.71
1598,539360088,"01598M14:05:19.896","01598 13:18:04",250.46,817.31,,,,"     ",5.10,2795.57,0.73
1598,539360089,"01598M14:05:20.869","01598 13:18:04",250.52,817.25,,,,"     ",5.10,2717.51,0.71
1598,539360090,"01598M14:05:21.842","01598 13:18:05",250.58,817.19,,,,"     ",5.10,2738.83,0.72
1598,539360091,"01598M14:05:22.815","01598 13:18:06",250.65,817.24,,,,"     ",5.10,2733.83,0.72
1598,539360092,"01598M14:05:23.789","01598 13:18:07",250.74,817.26,,,,"     ",5.10,2718.48,0.71
1598,539360093,"01598M14:05:24.762","01598 13:18:08",250.84,817.31,,,,"     ",5.10,2737.86,0.72
1598,539360094,"01598M14:05:25.735","01598 13:18:09",250.96,817.17,,,,"     ",5.10,2753.97,0.72
1598,539360095,"01598M14:05:26.708","01598 13:18:10",251.10,817.22,,,,"     ",5.10,2789.84,0.73
1598,539360096,"01598M14:05:27.682","01598 13:18:11",251.26,817.23,,,,"     ",5.10,2732.86,0.71
1598,539360097,"01598M14:05:28.655","01598 13:18:12",251.41,817.29,,,,"     ",5.10,2731.44,0.71
1598,539360098,"01598M14:05:29.628","01598 13:18:13",251.57,817.30,,,,"     ",5.10,2745.49,0.72
1598,539360099,"01598M14:05:30.601","01598 13:18:14",251.70,817.28,,,,"     ",5.10,2750.76,0.72
1598,539360100,"01598M14:05:31.575","01598 13:18:15",251.81,817.28,,,,"     ",5.10,2754.25,0.72
1598,539360101,"01598M14:05:32.548","01598 13:18:16",251.87,817.13,,,,"     ",5.10,2768.60,0.72
1598,539360102,"01598M14:05:33.521","01598 13:18:17",251.89,817.26,,,,"     ",5.10,2689.00,0.70
1598,539360103,"01598M14:05:34.494","01598 13:18:18",251.86,817.29,,,,"     ",5.10,2759.71,0.72
1598,539360104,"01598M14:05:35.468","01598 13:18:19",251.78,817.37,,,,"     ",5.10,2749.13,0.72
1598,539360105,"01598M14:05:36.441","01598 13:18:20",251.67,817.27,,,,"     ",5.10,2780.73,0.72
1598,539360106,"01598M14:05:37.414","01598 13:18:21",251.53,817.33,,,,"     ",5.10,2769.86,0.72
1598,539360107,"01598M14:05:38.387","01598 13:18:22",251.38,817.36,,,,"     ",5.10,2760.45,0.72
1598,539360108,"01598M14:05:39.361","01598 13:18:23",251.22,817.34,,,,"     ",5.10,2786.69,0.72
1598,539360109,"01598M14:05:40.334","01598 13:18:24",251.07,817.28,,,,"     ",5.10,2775.25,0.72
1598,539360110,"01598M14:05:41.307","01598 13:18:25",250.92,817.18,,,,"     ",5.10,2755.95,0.72
1598,539360111,"01598M14:05:42.280","01598 13:18:26",250.80,817.24,,,,"     ",5.10,2803.46,0.73
1598,539360112,"01598M14:05:43.254","01598 13:18:27",250.71,817.22,,,,"     ",5.10,2739.34,0.71
1598,539360113,"01598M14:05:44.227","01598 13:18:28",250.64,817.28,,,,"     ",5.10,2751.37,0.71
1598,539360114,"01598M14:05:45.200","01598 13:18:29",250.58,817.17,,,,"     ",5.10,2729.44,0.71
1598,539360115,"01598M14:05:46.173","01598 13:18:30",250.54,817.23,,,,"     ",5.10,2761.03,0.72
1598,539360116,"01598M14:05:47.147","01598 13:18:31",250.52,817.25,,,,"     ",5.10,2749.48,0.71
1598,539360117,"01598M14:05:48.120","01598 13:18:32",250.51,817.20,,,,"     ",5.10,2749.51,0.71
1598,539360118,"01598M14:05:49.093","01598 13:18:33",250.53,817.20,,,,"     ",5.10,2749.05,0.71
1598,539360119,"01598M14:05:50.066","01598 13:18:34",250.56,817.24,,,,"     ",5.10,2786.64,0.72
1598,539360120,"01598M14:05:51.040","01598 13:18:35",250.60,817.16,,,,"     ",5.10,2734.06,0.71
1598,539360121,"01598M14:05:52.013","01598 13:18:36",250.66,817.24,,,,"     ",5.10,2771.40,0.72
1598,539360122,"01598M14:05:52.986","01598 13:18:37",250.74,817.18,,,,"     ",5.10,2768.55,0.72
1598,539360123,"01598M14:05:53.959","01598 13:18:38",250.84,817.27,,,,"     ",5.10,2762.78,0.71
1598,539360124,"01598M14:05:54.933","01598 13:18:39",250.95,817.20,,,,"     ",5.10,2764.26,0.71
1598,539362578,"01598M14:45:43.297","01598 13:58:26",254.03,810.20,,,,"     ",5.10,,
1598,539362579,"01598M14:45:44.270","01598 13:58:27",253.96,810.22,,,,"     ",5.10,3169.83,0.61
1598,539362580,"01598M14:45:45.243","01598 13:58:28",253.90,810.21,,,,"     ",5.10,3225.74,0.62
1598,539362581,"01598M14:45:46.216","01598 13:58:29",253.84,810.19,,,,"     ",5.10,3194.82,0.61
1598,539362582,"01598M14:45:47.190","01598 13:58:30",253.80,810.26,,,,"     ",5.10,3186.49,0.61
1598,539362583,"01598M14:45:48.163","01598 13:58:31",253.76,810.28,,,,"     ",5.10,3167.58,0.61
1598,539362584,"01598M14:45:49.136","01598 13:58:32",253.74,810.24,,,,"     ",5.10,3216.55,0.62
1598,539362585,"01598M14:45:50.109","01598 13:58:33",253.72,810.26,,,,"     ",5.10,3162.93,0.60
1598,539362586,"01598M14:45:51.083","01598 13:58:34",253.71,810.20,,,,"     ",5.10,3119.01,0.59
1598,539362587,"01598M14:45:52.056","01598 13:58:35",253.70,810.24,,,,"     ",5.10,3184.28,0.61
1598,539362588,"01598M14:45:53.029","01598 13:58:36",253.71,810.15,,,,"     ",5.10,3162.81,0.60
1598,539362589,"01598M14:45:54.002","01598 13:58:37",253.72,810.21,,,,"     ",5.10,3197.89,0.61
1598,539362590,"01598M14:45:54.976","01598 13:58:38",253.74,810.22,,,,"     ",5.10,3196.27,0.61
1598,539362591,"01598M14:45:55.949","01598 13:58:39",253.78,810.16,,,,"     ",5.10,3227.46,0.61
1598,539362592,"01598M14:45:56.922","01598 13:58:40",253.83,810.22,,,,"     ",5.10,3215.00,0.61
1598,539362593,"01598M14:45:57.895","01598 13:58:41",253.90,810.21,,,,"     ",5.10,3179.15,0.60
1598,539362594,"01598M14:45:58.869","01598 13:58:42",253.96,810.20,,,,"     ",5.10,3167.96,0.60
1598,539362595,"01598M14:45:59.842","01598 13:58:43",254.01,810.18,,,,"     ",5.10,3204.01,0.60
1598,539362596,"01598M14:46:00.815","01598 13:58:44",254.04,810.28,,,,"     ",5.10,3201.63,0.60
1598,539362597,"01598M14:46:01.789","01598 13:58:45",254.07,810.20,,,,"     ",5.10,3189.04,0.60
1598,539362598,"01598M14:46:02.762","01598 13:58:46",254.09,810.18,,,,"     ",5.10,3233.15,0.61
1598,539362599,"01598M14:46:03.735","01598 13:58:47",254.11,810.19,,,,"     ",5.10,3229.03,0.61
1598,539362600,"01598M14:46:04.708","01598 13:58:48",254.12,810.16,,,,"     ",5.10,3192.27,0.60
1598,539362601,"01598M14:46:05.682","01598 13:58:49",254.13,810.16,,,,"     ",5.10,3296.10,0.62
1598,539362602,"01598M14:46:06.655","01598 13:58:50",254.13,810.22,,,,"     ",5.10,3172.42,0.59
1598,539362603,"01598M14:46:07.628","01598 13:58:51",254.13,810.17,,,,"     ",5.10,3256.47,0.61
1598,539362604,"01598M14:46:08.601","01598 13:58:52",254.12,810.23,,,,"     ",5.10,3220.47,0.60
1598,539362605,"01598M14:46:09.575","01598 13:58:53",254.11,810.17,,,,"     ",5.10,3265.91,0.61
1598,539362606,"01598M14:46:10.548","01598 13:58:54",254.09,810.22,,,,"     ",5.10,3241.70,0.60
1598,539362607,"01598M14:46:11.521","01598 13:58:55",254.06,810.16,,,,"     ",5.10,3232.78,0.60
1598,539363122,"01598M14:54:32.747","01598 14:07:16",,,,,,"     ",,,
1598,539363123,"01598M14:54:33.720","01598 14:07:17",,,,,,"     ",,,
1598,539363124,"01598M14:54:34.693","01598 14:07:18",,,,,,"     ",,,
1598,539363125,"01598M14:54:35.666","01598 14:07:19",,,,,,"     ",,,
1598,539363126,"01598M14:54:36.640","01598 14:07:20",,,,,,"     ",,,
1598,539363127,"01598M14:54:37.613","01598 14:07:21",,,,,,"     ",,,
1598,539363128,"01598M14:54:38.586","01598 14:07:22",,,,,,"     ",,,
1598,539363129,"01598M14:54:39.559","01598 14:07:23",,,,,,"     ",,,
1598,539363130,"01598M14:54:40.533","01598 14:07:24",,,,,,"     ",,,
1598,539363131,"01598M14:54:41.506","01598 14:07:25",,,,,,"     ",,,
1598,539363132,"01598M14:54:42.479","01598 14:07:26",,,,,,"     ",,,
1598,539363133,"01598M14:54:43.452","01598 14:07:27",,,,,,"     ",,,
1598,539363134,"01598M14:54:44.426","01598 14:07:28",,,,,,"     ",,,
1598,539363135,"01598M14:54:45.399","01598 14:07:28",,,,,,"     ",,,
1598,539363136,"01598M14:54:46.372","01598 14:07:29",,,,,,"     ",,,
1598,539363137,"01598M14:54:47.345","01598 14:07:30",,,,,,"     ",,,
1598,539363138,"01598M14:54:48.319","01598 14:07:31",,,,,,"     ",,,
1598,539363139,"01598M14:54:49.292","01598 14:07:32",,,,,,"     ",,,
1598,539363140,"01598M14:54:50.265","01598 14:07:33",,,,,,"     ",,,
1598,539363141,"01598M14:54:51.238","01598 14:07:34",,,,,,"     ",,,
1598,539363142,"01598M14:54:52.212","01598 14:07:35",,,,,,"     ",,,
1598,539363143,"01598M14:54:53.185","01598 14:07:36",,,,,,"     ",,,
1598,539363144,"01598M14:54:54.158","01598 14:07:37",,,,,,"     ",,,
1598,539363145,"01598M14:54:55.131","01598 14:07:38",,,,,,"     ",,,
1598,539363146,"01598M14:54:56.105","01598 14:07:39",,,,,,"     ",,,
1598,539363147,"01598M14:54:57.078","01598 14:07:40",,,,,,"     ",,,
1598,539363148,"01598M14:54:58.051","01598 14:07:41",,,,,,"     ",,,
1598,539363149,"01598M14:54:59.024","01598 14:07:42",,,,,,"     ",,,
1598,539363150,"01598M14:54:59.998","01598 14:07:43",,,,,,"     ",,,
1598,539363151,"01598M14:55:00.971","01598 14:07:44",,,,,,"     ",,,
1598,539363152,"01598M14:55:01.944","01598 14:07:45",,,,,,"     ",,,
1598,539363153,"01598M14:55:02.917","01598 14:07:46",,,,,,"     ",,,
1598,539363154,"01598M14:55:03.891","01598 14:07:47",,,,,,"     ",,,
1598,539363155,"01598M14:55:04.864","01598 14:07:48",,,,,,"     ",,,
1598,539363156,"01598M14:55:05.837","01598 14:07:49",,,,,,"     ",,,
1598,539363157,"01598M14:55:06.810","01598 14:07:50",,,,,,"     ",,,
1598,539363158,"01598M14:55:07.784","01598 14:07:51",,,,,,"     ",,,
1598,539363159,"01598M14:55:08.757","01598 14:07:52",,,,,,"     ",,,
1598,539363160,"01598M14:55:09.730","01598 14:07:53",,,,,,"     ",,,
1598,539363161,"01598M14:55:10.703","01598 14:07:54",,,,,,"     ",,,
1598,539363162,"01598M14:55:11.677","01598 14:07:55",,,,,,"     ",,,
1598,539363163,"01598M14:55:12.650","01598 14:07:56",,,,,,"     ",,,
1598,539363164,"01598M14:55:13.623","01598 14:07:57",,,,,,"     ",,,
1598,539363165,"01598M14:55:14.596","01598 14:07:58",,,,,,"     ",,,
1598,539363166,"01598M14:55:15.570","01598 14:07:59",,,,,,"     ",,,
1598,539363167,"01598M14:55:16.543","01598 14:08:00",,,,,,"     ",,,
1598,539363168,"01598M14:55:17.516","01598 14:08:01",,,,,,"     ",,,
1598,539363169,"01598M14:55:18.490","01598 14:08:02",,,,,,"     ",,,
1598,539363170,"01598M14:55:19.463","01598 14:08:03",,,,,,"     ",,,
1598,539363171,"01598M14:55:20.436","01598 14:08:04",,,,,,"     ",,,
1598,539363172,"01598M14:55:21.409","01598 14:08:04",,,,,,"     ",,,
1598,539363173,"01598M14:55:22.383","01598 14:08:05",,,,,,"     ",,,
1598,539363174,"01598M14:55:23.356","01598 14:08:06",,,,,,"     ",,,
1598,539363175,"01598M14:55:24.329","01598 14:08:07",,,,,,"     ",,,
1598,539363176,"01598M14:55:25.302","01598 14:08:08",,,,,,"     ",,,
1598,539363177,"01598M14:55:26.276","01598 14:08:09",,,,,,"     ",,,
1598,539363178,"01598M14:55:27.249","01598 14:08:10",,,,,,"     ",,,
1598,539363179,"01598M14:55:28.222","01598 14:08:11",,,,,,"     ",,,
1598,539363180,"01598M14:55:29.195","01598 14:08:12",,,,,,"     ",,,
1598,539363181,"01598M14:55:30.169","01598 14:08:13",,,,,,"     ",,,
1598,539363182,"01598M14:55:31.142","01598 14:08:14",,,,,,"     ",,,
1598,539363183,"01598M14:55:32.115","01598 14:08:15",,,,,,"     ",,,
1598,539363184,"01598M14:55:33.088","01598 14:08:16",,,,,,"     ",,,
1598,539363185,"01598M14:55:34.062","01598 14:08:17",,,,,,"     ",,,
1598,539363186,"01598M14:55:35.035","01598 14:08:18",,,,,,"     ",,,
1598,539363187,"01598M14:55:36.008","01598 14:08:19",,,,,,"     ",,,
1598,539363188,"01598M14:55:36.981","01598 14:08:20",,,,,,"     ",,,
1598,539363189,"01598M14:55:37.955","01598 14:08:21",,,,,,"     ",,,
1598,539363190,"01598M14:55:38.928","01598 14:08:22",,,,,,"     ",,,
1598,539363191,"01598M14:55:39.901","01598 14:08:23",,,,,,"     ",,,
1598,539363192,"01598M14:55:40.874","01598 14:08:24",,,,,,"     ",,,
1598,539363193,"01598M14:55:41.848","01598 14:08:25",,,,,,"     ",,,
1598,539363194,"01598M14:55:42.821","01598 14:08:26",,,,,,"     ",,,
1598,539363195,"01598M14:55:43.794","01598 14:08:27",,,,,,"     ",,,
1598,539363196,"01598M14:55:44.767","01598 14:08:28",,,,,,"     ",,,
1598,539363197,"01598M14:55:45.741","01598 14:08:29",,,,,,"     ",,,
1598,539363198,"01598M14:55:46.714","01598 14:08:30",,,,,,"     ",,,
1598,539363199,"01598M14:55:47.687","01598 14:08:31",,,,,,"     ",,,
1598,539363200,"01598M14:55:48.660","01598 14:08:32",,,,,,"     ",,,
1598,539363201,"01598M14:55:49.634","01598 14:08:33",,,,,,"     ",,,
1598,539363202,"01598M14:55:50.607","01598 14:08:34",,,,,,"     ",,,
1598,539363203,"01598M14:55:51.580","01598 14:08:35",,,,,,"     ",,,
1598,539363204,"01598M14:55:52.553","01598 14:08:36",,,,,,"     ",,,
1598,539363205,"01598M14:55:53.527","01598 14:08:37",,,,,,"     ",,,
1598,539363206,"01598M14:55:54.500","01598 14:08:38",,,,,,"     ",,,
1598,539363207,"01598M14:55:55.473","01598 14:08:39",,,,,,"     ",,,
1598,539363208,"01598M14:55:56.446","01598 14:08:40",,,,,,"     ",,,
1598,539363209,"01598M14:55:57.420","01598 14:08:40",,,,,,"     ",,,
1598,539363210,"01598M14:55:58.393","01598 14:08:41",,,,,,"     ",,,
1598,539363211,"01598M14:55:59.366","01598 14:08:42",,,,,,"     ",,,
1598,539363212,"01598M14:56:00.339","01598 14:08:43",,,,,,"     ",,,
1598,539363213,"01598M14:56:01.313","01598 14:08:44",,,,,,"     ",,,
1598,539363214,"01598M14:56:02.286","01598 14:08:45",,,,,,"     ",,,
1598,539363215,"01598M14:56:03.259","01598 14:08:46",,,,,,"     ",,,
1598,539363216,"01598M14:56:04.232","01598 14:08:47",,,,,,"     ",,,
1598,539363217,"01598M14:56:05.206","01598 14:08:48",,,,,,"     ",,,
1598,539363218,"01598M14:56:06.179","01598 14:08:49",,,,,,"     ",,,
1598,539363219,"01598M14:56:07.152","01598 14:08:50",,,,,,"     ",,,
1598,539363220,"01598M14:56:08.125","01598 14:08:51",,,,,,"     ",,,
1598,539363221,"01598M14:56:09.099","01598 14:08:52",,,,,,"     ",,,
1598,539363222,"01598M14:56:10.072","01598 14:08:53",,,,,,"     ",,,
1598,539363223,"01598M14:56:11.045","01598 14:08:54",,,,,,"     ",,,
1598,539363224,"01598M14:56:12.018","01598 14:08:55",,,,,,"     ",,,
1598,539363225,"01598M14:56:12.992","01598 14:08:56",,,,,,"     ",,,
1598,539363226,"01598M14:56:13.965","01598 14:08:57",,,,,,"     ",,,
1598,539363227,"01598M14:56:14.938","01598 14:08:58",,,,,,"     ",,,
1598,539363228,"01598M14:56:15.911","01598 14:08:59",,,,,,"     ",,,
1598,539363229,"01598M14:56:16.885","01598 14:09:00",,,,,,"     ",,,
1598,539363230,"01598M14:56:17.858","01598 14:09:01",,,,,,"     ",,,
1598,539363231,"01598M14:56:18.831","01598 14:09:02",,,,,,"     ",,,
1598,539363232,"01598M14:56:19.804","01598 14:09:03",,,,,,"     ",,,
1598,539363233,"01598M14:56:20.778","01598 14:09:04",,,,,,"     ",,,
1598,539363234,"01598M14:56:21.751","01598 14:09:05",,,,,,"     ",,,
1598,539363235,"01598M14:56:22.724","01598 14:09:06",,,,,,"     ",,,
1598,539363236,"01598M14:56:23.697","01598 14:09:07",,,,,,"     ",,,
1598,539363237,"01598M14:56:24.671","01598 14:09:08",,,,,,"     ",,,
1598,539363238,"01598M14:56:25.644","01598 14:09:09",,,,,,"     ",,,
1598,539363239,"01598M14:56:26.617","01598 14:09:10",,,,,,"     ",,,
1598,539363240,"01598M14:56:27.591","01598 14:09:11",,,,,,"     ",,,
1598,539363241,"01598M14:56:28.564","01598 14:09:12",,,,,,"     ",,,
1598,539363242,"01598M14:56:29.537","01598 14:09:13",,,,,,"     ",,,
1598,539363243,"01598M14:56:30.510","01598 14:09:14",,,,,,"     ",,,
1598,539363244,"01598M14:56:31.484","01598 14:09:15",,,,,,"     ",,,
1598,539363245,"01598M14:56:32.457","01598 14:09:16",,,,,,"     ",,,
1598,539363246,"01598M14:56:33.430","01598 14:09:16",,,,,,"     ",,,
1598,539363247,"01598M14:56:34.403","01598 14:09:17",,,,,,"     ",,,
1598,539363248,"01598M14:56:35.377","01598 14:09:18",,,,,,"     ",,,
1598,539363249,"01598M14:56:36.350","01598 14:09:19",,,,,,"     ",,,
1598,539363250,"01598M14:56:37.323","01598 14:09:20",,,,,,"     ",,,
1598,539363251,"01598M14:56:38.296","01598 14:09:21",,,,,,"     ",,,
1598,539363252,"01598M14:56:39.270","01598 14:09:22",,,,,,"     ",,,
1598,539363253,"01598M14:56:40.243","01598 14:09:23",,,,,,"     ",,,
1598,539363254,"01598M14:56:41.216","01598 14:09:24",,,,,,"     ",,,
1598,539363255,"01598M14:56:42.189","01598 14:09:25",,,,,,"     ",,,
1598,539363256,"01598M14:56:43.163","01598 14:09:26",,,,,,"     ",,,
1598,539363257,"01598M14:56:44.136","01598 14:09:27",,,,,,"     ",,,
1598,539363258,"01598M14:56:45.109","01598 14:09:28",,,,,,"     ",,,
1598,539363259,"01598M14:56:46.082","01598 14:09:29",,,,,,"     ",,,
1598,539363260,"01598M14:56:47.056","01598 14:09:30",,,,,,"     ",,,
1598,539363261,"01598M14:56:48.029","01598 14:09:31",,,,,,"     ",,,
1598,539363262,"01598M14:56:49.002","01598 14:09:32",,,,,,"     ",,,
1598,539363263,"01598M14:56:49.975","01598 14:09:33",,,,,,"     ",,,
1598,539363264,"01598M14:56:50.949","01598 14:09:34",,,,,,"     ",,,
1598,539363265,"01598M14:56:51.922","01598 14:09:35",,,,,,"     ",,,
1598,539363266,"01598M14:56:52.895","01598 14:09:36",,,,,,"     ",,,
1598,539363267,"01598M14:56:53.868","01598 14:09:37",,,,,,"     ",,,
1598,539363268,"01598M14:56:54.842","01598 14:09:38",,,,,,"     ",,,
1598,539363269,"01598M14:56:55.815","01598 14:09:39",,,,,,"     ",,,
1598,539363270,"01598M14:56:56.788","01598 14:09:40",,,,,,"     ",,,
1598,539363271,"01598M14:56:57.761","01598 14:09:41",,,,,,"     ",,,
1598,539363272,"01598M14:56:58.735","01598 14:09:42",,,,,,"     ",,,
1598,539363273,"01598M14:56:59.708","01598 14:09:43",,,,,,"     ",,,
1598,539363274,"01598M14:57:00.681","01598 14:09:44",,,,,,"     ",,,
1598,539363275,"01598M14:57:01.654","01598 14:09:45",,,,,,"     ",,,
1598,539363276,"01598M14:57:02.628","01598 14:09:46",,,,,,"     ",,,
1598,539363277,"01598M14:57:03.601","01598 14:09:47",,,,,,"     ",,,
1598,539363278,"01598M14:57:04.574","01598 14:09:48",,,,,,"     ",,,
1598,539363279,"01598M14:57:05.547","01598 14:09:49",,,,,,"     ",,,
1598,539363280,"01598M14:57:06.521","01598 14:09:50",,,,,,"     ",,,
1598,539363281,"01598M14:57:07.494","01598 14:09:51",,,,,,"     ",,,
1598,539363282,"01598M14:57:08.467","01598 14:09:52",,,,,,"     ",,,
1598,539363283,"01598M14:57:09.440","01598 14:09:52",,,,,,"     ",,,
1598,539363284,"01598M14:57:10.414","01598 14:09:53",,,,,,"     ",,,
1598,539363285,"01598M14:57:11.387","01598 14:09:54",,,,,,"     ",,,
1598,539363286,"01598M14:57:12.360","01598 14:09:55",,,,,,"     ",,,
1598,539363287,"01598M14:57:13.333","01598 14:09:56",,,,,,"     ",,,
1598,539363288,"01598M14:57:14.307","01598 14:09:57",,,,,,"     ",,,
1598,539363289,"01598M14:57:15.280","01598 14:09:58",,,,,,"     ",,,
1598,539363290,"01598M14:57:16.253","01598 14:09:59",,,,,,"     ",,,
1598,539363291,"01598M14:57:17.226","01598 14:10:00",,,,,,"     ",,,
1598,539363292,"01598M14:57:18.200","01598 14:10:01",,,,,,"     ",,,
1598,539363293,"01598M14:57:19.173","01598 14:10:02",,,,,,"     ",,,
1598,539363294,"01598M14:57:20.146","01598 14:10:03",,,,,,"     ",,,
1598,539363295,"01598M14:57:21.119","01598 14:10:04",,,,,,"     ",,,
1598,539363296,"01598M14:57:22.093","01598 14:10:05",,,,,,"     ",,,
1598,539363297,"01598M14:57:23.066","01598 14:10:06",,,,,,"     ",,,
1598,539363298,"01598M14:57:24.039","01598 14:10:07",,,,,,"     ",,,
1598,539363299,"01598M14:57:25.012","01598 14:10:08",,,,,,"     ",,,
1598,539363300,"01598M14:57:25.986","01598 14:10:09",,,,,,"     ",,,
1598,539363301,"01598M14:57:26.959","01598 14:10:10",,,,,,"     ",,,
1598,539363302,"01598M14:57:27.932","01598 14:10:11",,,,,,"     ",,,
1598,539363303,"01598M14:57:28.905","01598 14:10:12",,,,,,"     ",,,
1598,539363304,"01598M14:57:29.879","01598 14:10:13",,,,,,"     ",,,
1598,539363305,"01598M14:57:30.852","01598 14:10:14",,,,,,"     ",,,
1598,539363306,"01598M14:57:31.825","01598 14:10:15",,,,,,"     ",,,
1598,539363307,"01598M14:57:32.798","01598 14:10:16",,,,,,"     ",,,
1598,539363308,"01598M14:57:33.772","01598 14:10:17",,,,,,"     ",,,
1598,539363309,"01598M14:57:34.745","01598 14:10:18",,,,,,"     ",,,
1598,539363310,"01598M14:57:35.718","01598 14:10:19",,,,,,"     ",,,
1598,539363311,"01598M14:57:36.692","01598 14:10:20",,,,,,"     ",,,
1598,539363312,"01598M14:57:37.665","01598 14:10:21",,,,,,"     ",,,
1598,539363313,"01598M14:57:38.638","01598 14:10:22",,,,,,"     ",,,
1598,539363314,"01598M14:57:39.611","01598 14:10:23",,,,,,"     ",,,
1598,539363315,"01598M14:57:40.585","01598 14:10:24",,,,,,"     ",,,
1598,539363316,"01598M14:57:41.558","01598 14:10:25",,,,,,"     ",,,
1598,539363317,"01598M14:57:42.531","01598 14:10:26",,,,,,"     ",,,
1598,539363318,"01598M14:57:43.504","01598 14:10:27",,,,,,"     ",,,
1598,539363319,"01598M14:57:44.478","01598 14:10:28",,,,,,"     ",,,
1598,539363320,"01598M14:57:45.451","01598 14:10:28",,,,,,"     ",,,
1598,539363321,"01598M14:57:46.424","01598 14:10:29",,,,,,"     ",,,
1598,539363322,"01598M14:57:47.397","01598 14:10:30",,,,,,"     ",,,
1598,539363323,"01598M14:57:48.371","01598 14:10:31",,,,,,"     ",,,
1598,539363324,"01598M14:57:49.344","01598 14:10:32",,,,,,"     ",,,
1598,539363325,"01598M14:57:50.317","01598 14:10:33",,,,,,"     ",,,
1598,539363326,"01598M14:57:51.290","01598 14:10:34",,,,,,"     ",,,
1598,539363327,"01598M14:57:52.264","01598 14:10:35",,,,,,"     ",,,
1598,539363328,"01598M14:57:53.237","01598 14:10:36",,,,,,"     ",,,
1598,539363329,"01598M14:57:54.210","01598 14:10:37",,,,,,"     ",,,
1598,539363330,"01598M14:57:55.183","01598 14:10:38",,,,,,"     ",,,
1598,539363331,"01598M14:57:56.157","01598 14:10:39",,,,,,"     ",,,
1598,539363332,"01598M14:57:57.130","01598 14:10:40",,,,,,"     ",,,
1598,539363333,"01598M14:57:58.103","01598 14:10:41",,,,,,"     ",,,
1598,539363334,"01598M14:57:59.076","01598 14:10:42",,,,,,"     ",,,
1598,539363335,"01598M14:58:00.050","01598 14:10:43",,,,,,"     ",,,
1598,539363336,"01598M14:58:01.023","01598 14:10:44",,,,,,"     ",,,
1598,539363337,"01598M14:58:01.996","01598 14:10:45",,,,,,"     ",,,
1598,539363338,"01598M14:58:02.969","01598 14:10:46",,,,,,"     ",,,
1598,539363339,"01598M14:58:03.943","01598 14:10:47",,,,,,"     ",,,
1598,539363340,"01598M14:58:04.916","01598 14:10:48",,,,,,"     ",,,
1598,539363341,"01598M14:58:05.889","01598 14:10:49",,,,,,"     ",,,
1598,539363342,"01598M14:58:06.862","01598 14:10:50",,,,,,"     ",,,
1598,539363343,"01598M14:58:07.836","01598 14:10:51",,,,,,"     ",,,
1598,539363344,"01598M14:58:08.809","01598 14:10:52",,,,,,"     ",,,
1598,539363345,"01598M14:58:09.782","01598 14:10:53",,,,,,"     ",,,
1598,539363346,"01598M14:58:10.755","01598 14:10:54",,,,,,"     ",,,
1598,539363347,"01598M14:58:11.729","01598 14:10:55",,,,,,"     ",,,
1598,539363348,"01598M14:58:12.702","01598 14:10:56",,,,,,"     ",,,
1598,539363349,"01598M14:58:13.675","01598 14:10:57",,,,,,"     ",,,
1598,539363350,"01598M14:58:14.648","01598 14:10:58",,,,,,"     ",,,
1598,539363351,"01598M14:58:15.622","01598 14:10:59",,,,,,"     ",,,
1598,539363352,"01598M14:58:16.595","01598 14:11:00",,,,,,"     ",,,
1598,539363353,"01598M14:58:17.568","01598 14:11:01",,,,,,"     ",,,
1598,539363354,"01598M14:58:18.541","01598 14:11:02",,,,,,"     ",,,
1598,539363355,"01598M14:58:19.515","01598 14:11:03",,,,,,"     ",,,
1598,539363356,"01598M14:58:20.488","01598 14:11:04",,,,,,"     ",,,
1598,539363357,"01598M14:58:21.461","01598 14:11:04",,,,,,"     ",,,
1598,539363358,"01598M14:58:22.434","01598 14:11:05",,,,,,"     ",,,
1598,539363359,"01598M14:58:23.408","01598 14:11:06",,,,,,"     ",,,
1598,539363360,"01598M14:58:24.381","01598 14:11:07",,,,,,"     ",,,
1598,539363361,"01598M14:58:25.354","01598 14:11:08",,,,,,"     ",,,
1598,539363362,"01598M14:58:26.327","01598 14:11:09",,,,,,"     ",,,
1598,539363363,"01598M14:58:27.301","01598 14:11:10",,,,,,"     ",,,
1598,539363364,"01598M14:58:28.274","01598 14:11:11",,,,,,"     ",,,
1598,539363365,"01598M14:58:29.247","01598 14:11:12",,,,,,"     ",,,
1598,539363366,"01598M14:58:30.220","01598 14:11:13",,,,,,"     ",,,
1598,539363367,"01598M14:58:31.194","01598 14:11:14",,,,,,"     ",,,
1598,539363368,"01598M14:58:32.167","01598 14:11:15",,,,,,"     ",,,
1598,539363369,"01598M14:58:33.140","01598 14:11:16",,,,,,"     ",,,
1598,539363370,"01598M14:58:34.113","01598 14:11:17",,,,,,"     ",,,
1598,539363371,"01598M14:58:35.087","01598 14:11:18",,,,,,"     ",,,
1598,539363372,"01598M14:58:36.060","01598 14:11:19",,,,,,"     ",,,
1598,539363373,"01598M14:58:37.033","01598 14:11:20",,,,,,"     ",,,
1598,539363374,"01598M14:58:38.006","01598 14:11:21",,,,,,"     ",,,
1598,539363375,"01598M14:58:38.980","01598 14:11:22",,,,,,"     ",,,
1598,539363376,"01598M14:58:39.953","01598 14:11:23",,,,,,"     ",,,
1598,539363377,"01598M14:58:40.926","01598 14:11:24",,,,,,"     ",,,
1598,539363378,"01598M14:58:41.899","01598 14:11:25",,,,,,"     ",,,
1598,539363379,"01598M14:58:42.873","01598 14:11:26",,,,,,"     ",,,
1598,539363380,"01598M14:58:43.846","01598 14:11:27",,,,,,"     ",,,
1598,539363381,"01598M14:58:44.819","01598 14:11:28",,,,,,"     ",,,
1598,539363382,"01598M14:58:45.792","01598 14:11:29",,,,,,"     ",,,
1598,539363383,"01598M14:58:46.766","01598 14:11:30",,,,,,"     ",,,
1598,539363384,"01598M14:58:47.739","01598 14:11:31",,,,,,"     ",,,
1598,539363385,"01598M14:58:48.712","01598 14:11:32",,,,,,"     ",,,
1598,539363386,"01598M14:58:49.686","01598 14:11:33",,,,,,"     ",,,
1598,539363387,"01598M14:58:50.659","01598 14:11:34",,,,,,"     ",,,
1598,539363388,"01598M14:58:51.632","01598 14:11:35",,,,,,"     ",,,
1598,539363389,"01598M14:58:52.605","01598 14:11:36",,,,,,"     ",,,
1598,539363390,"01598M14:58:53.579","01598 14:11:37",,,,,,"     ",,,
1598,539363391,"01598M14:58:54.552","01598 14:11:38",,,,,,"     ",,,
1598,539363392,"01598M14:58:55.525","01598 14:11:39",,,,,,"     ",,,
1598,539363393,"01598M14:58:56.498","01598 14:11:40",,,,,,"     ",,,
1598,539363394,"01598M14:58:57.472","01598 14:11:41",,,,,,"     ",,,
1598,539363395,"01598M14:58:58.445","01598 14:11:41",,,,,,"     ",,,
1598,539363396,"01598M14:58:59.418","01598 14:11:42",,,,,,"     ",,,
1598,539363397,"01598M14:59:00.391","01598 14:11:43",,,,,,"     ",,,
1598,539363398,"01598M14:59:01.365","01598 14:11:44",,,,,,"     ",,,
1598,539363399,"01598M14:59:02.338","01598 14:11:45",,,,,,"     ",,,
1598,539363400,"01598M14:59:03.311","01598 14:11:46",,,,,,"     ",,,
1598,539363401,"01598M14:59:04.284","01598 14:11:47",,,,,,"     ",,,
1598,539363402,"01598M14:59:05.258","01598 14:11:48",,,,,,"     ",,,
1598,539363403,"01598M14:59:06.231","01598 14:11:49",,,,,,"     ",,,
1598,539363404,"01598M14:59:07.204","01598 14:11:50",,,,,,"     ",,,
1598,539363405,"01598M14:59:08.177","01598 14:11:51",,,,,,"     ",,,
1598,539363406,"01598M14:59:09.151","01598 14:11:52",,,,,,"     ",,,
1598,539363407,"01598M14:59:10.124","01598 14:11:53",,,,,,"     ",,,
1598,539363408,"01598M14:59:11.097","01598 14:11:54",,,,,,"     ",,,
1598,539363409,"01598M14:59:12.070","01598 14:11:55",,,,,,"     ",,,
1598,539363410,"01598M14:59:13.044","01598 14:11:56",,,,,,"     ",,,
1598,539363411,"01598M14:59:14.017","01598 14:11:57",,,,,,"     ",,,
1598,539363412,"01598M14:59:14.990","01598 14:11:58",,,,,,"     ",,,
1598,539363413,"01598M14:59:15.963","01598 14:11:59",,,,,,"     ",,,
1598,539363414,"01598M14:59:16.937","01598 14:12:00",,,,,,"     ",,,
1598,539363415,"01598M14:59:17.910","01598 14:12:01",,,,,,"     ",,,
1598,539363416,"01598M14:59:18.883","01598 14:12:02",,,,,,"     ",,,
1598,539363417,"01598M14:59:19.856","01598 14:12:03",,,,,,"     ",,,
1598,539363418,"01598M14:59:20.830","01598 14:12:04",,,,,,"     ",,,
1598,539363419,"01598M14:59:21.803","01598 14:12:05",,,,,,"     ",,,
1598,539363420,"01598M14:59:22.776","01598 14:12:06",,,,,,"     ",,,
1598,539363421,"01598M14:59:23.749","01598 14:12:07",,,,,,"     ",,,
1598,539363437,"01598M14:59:39.321","01598 14:12:22",257.66,808.77,,,,"     ",5.10,,
1598,539363438,"01598M14:59:40.295","01598 14:12:23",257.60,808.83,,,,"     ",5.10,6561.20,1.02
1598,539363439,"01598M14:59:41.268","01598 14:12:24",256.29,808.79,,,,"     ",5.10,6489.02,1.01
1598,539363440,"01598M14:59:42.241","01598 14:12:25",256.24,808.91,,,,"     ",5.10,6605.23,1.03
1598,539363441,"01598M14:59:43.214","01598 14:12:26",256.19,808.90,,,,"     ",5.10,6496.37,1.01
1598,539363442,"01598M14:59:44.188","01598 14:12:27",256.15,808.88,,,,"     ",5.10,6532.84,1.01
1598,539363443,"01598M14:59:45.161","01598 14:12:28",256.10,808.94,,,,"     ",5.10,6537.33,1.01
1598,539363444,"01598M14:59:46.134","01598 14:12:29",256.05,808.89,,,,"     ",5.10,6510.27,1.01
1598,539363445,"01598M14:59:47.107","01598 14:12:30",255.99,808.78,,,,"     ",5.10,6569.35,1.02
1598,539363446,"01598M14:59:48.081","01598 14:12:31",255.94,808.82,,,,"     ",5.10,6463.48,1.00
1598,539363447,"01598M14:59:49.054","01598 14:12:32",255.89,808.88,,,,"     ",5.10,6545.80,1.01
1598,539363448,"01598M14:59:50.027","01598 14:12:33",255.83,808.90,,,,"     ",5.10,6501.87,1.00
1598,539363449,"01598M14:59:51.000","01598 14:12:34",255.78,808.78,,,,"     ",5.10,6636.65,1.02
1598,539363450,"01598M14:59:51.974","01598 14:12:35",255.71,808.82,,,,"     ",5.10,6579.47,1.01
1598,539363451,"01598M14:59:52.947","01598 14:12:36",255.63,808.83,,,,"     ",5.10,6595.08,1.02
1598,539363452,"01598M14:59:53.920","01598 14:12:37",255.58,808.80,,,,"     ",5.10,6602.40,1.02
1598,539363453,"01598M14:59:54.893","01598 14:12:38",255.53,808.77,,,,"     ",5.10,6615.47,1.02
1598,539363454,"01598M14:59:55.867","01598 14:12:39",255.50,808.85,,,,"     ",5.10,6644.88,1.02
1598,539363455,"01598M14:59:56.840","01598 14:12:40",255.47,808.72,,,,"     ",5.10,6649.36,1.02
1598,539363456,"01598M14:59:57.813","01598 14:12:41",255.45,808.92,,,,"     ",5.10,6613.95,1.02
1598,539363457,"01598M14:59:58.787","01598 14:12:42",255.43,808.82,,,,"     ",5.10,6663.56,1.02
1598,539363458,"01598M14:59:59.760","01598 14:12:43",255.41,808.78,,,,"     ",5.10,6676.63,1.02
1598,539363459,"01598M15:00:00.733","01598 14:12:44",255.39,808.83,,,,"     ",5.10,6618.56,1.01
1598,539363460,"01598M15:00:01.706","01598 14:12:45",255.36,808.87,,,,"     ",5.10,6621.91,1.01
1598,539363461,"01598M15:00:02.680","01598 14:12:46",255.31,808.72,,,,"     ",5.10,6717.37,1.03
1598,539363462,"01598M15:00:03.653","01598 14:12:47",255.25,808.66,,,,"     ",5.10,6610.98,1.01
1598,539363463,"01598M15:00:04.626","01598 14:12:48",255.18,808.81,,,,"     ",5.10,6600.20,1.01
1598,539363464,"01598M15:00:05.599","01598 14:12:49",255.10,808.74,,,,"     ",5.10,6654.19,1.02
1598,539363465,"01598M15:00:06.573","01598 14:12:50",255.02,808.78,,,,"     ",5.10,6617.75,1.01
1598,539363466,"01598M15:00:07.546","01598 14:12:51",254.94,808.74,,,,"     ",5.10,6612.56,1.01
1598,539363467,"01598M15:00:08.519","01598 14:12:52",254.87,808.78,,,,"     ",5.10,6741.55,1.03
1598,539363468,"01598M15:00:09.492","01598 14:12:53",254.81,808.64,,,,"     ",5.10,6648.53,1.01
1598,539363469,"01598M15:00:10.466","01598 14:12:53",254.77,808.82,,,,"     ",5.10,6618.81,1.01
1598,539363470,"01598M15:00:11.439","01598 14:12:54",254.74,808.70,,,,"     ",5.10,6580.13,1.00
1598,539363471,"01598M15:00:12.412","01598 14:12:55",254.73,808.66,,,,"     ",5.10,6717.47,1.02
1598,539363472,"01598M15:00:13.385","01598 14:12:56",254.75,808.70,,,,"     ",5.10,6644.96,1.01
1598,539363473,"01598M15:00:14.359","01598 14:12:57",254.79,808.69,,,,"     ",5.10,6609.78,1.00
1598,539363474,"01598M15:00:15.332","01598 14:12:58",254.84,808.65,,,,"     ",5.10,6609.51,1.00
1598,539363475,"01598M15:00:16.305","01598 14:12:59",254.93,808.69,,,,"     ",5.10,6630.23,1.01
1598,539363476,"01598M15:00:17.278","01598 14:13:00",255.02,808.67,,,,"     ",5.10,6685.24,1.01
1598,539363477,"01598M15:00:18.252","01598 14:13:01",255.13,808.70,,,,"     ",5.10,6579.16,1.00
1598,539363478,"01598M15:00:19.225","01598 14:13:02",255.24,808.77,,,,"     ",5.10,6645.41,1.01
1598,539363479,"01598M15:00:20.198","01598 14:13:03",255.35,808.79,,,,"     ",5.10,6590.16,1.00
1598,539363480,"01598M15:00:21.171","01598 14:13:04",255.46,808.78,,,,"     ",5.10,6659.25,1.01
1598,539363481,"01598M15:00:22.145","01598 14:13:05",255.57,808.74,,,,"     ",5.10,6632.48,1.00
1598,539363482,"01598M15:00:23.118","01598 14:13:06",255.68,808.76,,,,"     ",5.10,6638.44,1.00
1598,539363483,"01598M15:00:24.091","01598 14:13:07",255.80,808.85,,,,"     ",5.10,6660.80,1.01
1598,539363484,"01598M15:00:25.064","01598 14:13:08",255.91,808.77,,,,"     ",5.10,6708.30,1.01
1598,539363485,"01598M15:00:26.038","01598 14:13:09",256.02,808.74,,,,"     ",5.10,6689.52,1.01
1598,539363486,"01598M15:00:27.011","01598 14:13:10",256.13,808.69,,,,"     ",5.10,6606.00,1.00
1598,539363487,"01598M15:00:27.984","01598 14:13:11",256.24,808.74,,,,"     ",5.10,6667.63,1.01
1598,539363488,"01598M15:00:28.957","01598 14:13:12",256.34,808.77,,,,"     ",5.10,6655.82,1.00
1598,539363489,"01598M15:00:29.931","01598 14:13:13",256.43,808.75,,,,"     ",5.10,6579.29,0.99
1598,539363490,"01598M15:00:30.904","01598 14:13:14",256.52,808.72,,,,"     ",5.10,6664.98,1.00
1598,539363491,"01598M15:00:31.877","01598 14:13:15",256.60,808.65,,,,"     ",5.10,6718.97,1.01
1598,539363492,"01598M15:00:32.850","01598 14:13:16",256.68,808.74,,,,"     ",5.10,6648.03,1.00
1598,539363493,"01598M15:00:33.824","01598 14:13:17",256.74,808.79,,,,"     ",5.10,6698.23,1.01
1598,539363494,"01598M15:00:34.797","01598 14:13:18",256.80,808.66,,,,"     ",5.10,6761.06,1.02
1598,539363495,"01598M15:00:35.770","01598 14:13:19",256.87,808.61,,,,"     ",5.10,6610.32,0.99
1598,539363496,"01598M15:00:36.743","01598 14:13:20",256.94,808.61,,,,"     ",5.10,6696.50,1.01
1598,539363497,"01598M15:00:37.717","01598 14:13:21",257.02,808.54,,,,"     ",5.10,6734.39,1.01
1598,539363498,"01598M15:00:38.690","01598 14:13:22",257.10,808.49,,,,"     ",5.10,6587.80,0.99
1598,539363499,"01598M15:00:39.663","01598 14:13:23",257.18,808.33,,,,"     ",5.10,6639.48,1.00
1598,539363500,"01598M15:00:40.636","01598 14:13:24",257.26,808.12,,,,"     ",5.10,6634.55,0.99
1598,539363501,"01598M15:00:41.610","01598 14:13:25",257.34,807.94,,,,"     ",5.10,6634.84,0.99
1598,539363502,"01598M15:00:42.583","01598 14:13:26",257.41,807.84,,,,"     ",5.10,6731.56,1.01
1598,539363503,"01598M15:00:43.556","01598 14:13:27",258.43,807.72,,,,"     ",5.10,6682.51,1.00
1598,539363504,"01598M15:00:44.529","01598 14:13:28",258.50,807.90,,,,"     ",5.10,6721.73,1.01
1598,539363505,"01598M15:00:45.503","01598 14:13:29",258.55,808.13,,,,"     ",5.10,6635.20,0.99
1598,539363506,"01598M15:00:46.476","01598 14:13:29",258.58,808.13,,,,"     ",5.10,6704.65,1.00
1598,539363507,"01598M15:00:47.449","01598 14:13:30",258.60,808.16,,,,"     ",5.10,6683.58,1.00
1598,539363508,"01598M15:00:48.422","01598 14:13:31",258.59,808.30,,,,"     ",5.10,6703.93,1.00
1598,539363509,"01598M15:00:49.396","01598 14:13:32",258.57,808.34,,,,"     ",5.10,6672.39,1.00
1598,539363510,"01598M15:00:50.369","01598 14:13:33",258.52,808.40,,,,"     ",5.10,6786.33,1.01
1598,539363511,"01598M15:00:51.342","01598 14:13:34",258.46,808.54,,,,"     ",5.10,6608.44,0.99
1598,539363512,"01598M15:00:52.315","01598 14:13:35",258.39,808.56,,,,"     ",5.10,6668.50,1.00
1598,539363513,"01598M15:00:53.289","01598 14:13:36",258.32,808.55,,,,"     ",5.10,6607.09,0.99
1598,539363514,"01598M15:00:54.262","01598 14:13:37",258.26,808.60,,,,"     ",5.10,6749.61,1.01
1598,539363515,"01598M15:00:55.235","01598 14:13:38",257.22,808.59,,,,"     ",5.10,6702.53,1.00
1598,539363516,"01598M15:00:56.208","01598 14:13:39",257.19,808.53,,,,"     ",5.10,6683.82,1.00
1598,539363517,"01598M15:00:57.182","01598 14:13:40",257.17,808.60,,,,"     ",5.10,6679.79,1.00
1598,539363518,"01598M15:00:58.155","01598 14:13:41",257.17,808.59,,,,"     ",5.10,6794.40,1.01
1598,539363519,"01598M15:00:59.128","01598 14:13:42",257.17,808.62,,,,"     ",5.10,6716.46,1.00
1598,539363520,"01598M15:01:00.101","01598 14:13:43",257.19,808.65,,,,"     ",5.10,6717.14,1.00
1598,539363521,"01598M15:01:01.075","01598 14:13:44",257.24,808.65,,,,"     ",5.10,6690.71,1.00
1598,539363522,"01598M15:01:02.048","01598 14:13:45",257.30,808.72,,,,"     ",5.10,6671.41,0.99
1598,539363523,"01598M15:01:03.021","01598 14:13:46",257.39,808.72,,,,"     ",5.10,6761.64,1.01
1598,539363524,"01598M15:01:03.994","01598 14:13:47",257.48,808.75,,,,"     ",5.10,6767.68,1.01
1598,539363525,"01598M15:01:04.968","01598 14:13:48",257.59,808.60,,,,"     ",5.10,6677.21,0.99
1598,539363526,"01598M15:01:05.941","01598 14:13:49",257.71,808.60,,,,"     ",5.10,6671.04,0.99
1598,539363527,"01598M15:01:06.914","01598 14:13:50",257.82,808.66,,,,"     ",5.10,6719.65,1.00
1598,539363528,"01598M15:01:07.888","01598 14:13:51",257.93,808.69,,,,"     ",5.10,6644.32,0.99
1598,539363529,"01598M15:01:08.861","01598 14:13:52",258.02,808.53,,,,"     ",5.10,6669.19,0.99
1598,539363530,"01598M15:01:09.834","01598 14:13:53",258.11,808.50,,,,"     ",5.10,6715.54,1.00
1598,539363531,"01598M15:01:10.807","01598 14:13:54",258.95,808.50,,,,"     ",5.10,6753.83,1.00
1598,539363532,"01598M15:01:11.781","01598 14:13:55",259.00,808.57,,,,"     ",5.10,6778.45,1.01
1598,539363533,"01598M15:01:12.754","01598 14:13:56",259.03,808.54,,,,"     ",5.10,6700.14,0.99
1598,539363534,"01598M15:01:13.727","01598 14:13:57",259.05,808.49,,,,"     ",5.10,6742.42,1.00
1598,539363535,"01598M15:01:14.700","01598 14:13:58",259.06,808.51,,,,"     ",5.10,6681.21,0.99
1598,539363536,"01598M15:01:15.674","01598 14:13:59",259.07,808.54,,,,"     ",5.10,6705.22,1.00
1598,539363537,"01598M15:01:16.647","01598 14:14:00",259.07,808.54,,,,"     ",5.10,6664.01,0.99
1598,539363538,"01598M15:01:17.620","01598 14:14:01",259.07,808.52,,,,"     ",5.10,6647.78,0.98
1598,539363539,"01598M15:01:18.593","01598 14:14:02",259.07,808.54,,,,"     ",5.10,6659.33,0.99
1598,539363540,"01598M15:01:19.567","01598 14:14:03",259.07,808.54,,,,"     ",5.10,6688.81,0.99
1598,539363541,"01598M15:01:20.540","01598 14:14:04",259.06,808.57,,,,"     ",5.10,6711.03,0.99
1598,539363542,"01598M15:01:21.513","01598 14:14:05",259.05,808.51,,,,"     ",5.10,6766.57,1.00
1598,539363543,"01598M15:01:22.486","01598 14:14:05",259.02,808.48,,,,"     ",5.10,6708.82,0.99
1598,539363544,"01598M15:01:23.460","01598 14:14:06",258.99,808.51,,,,"     ",5.10,6683.64,0.99
1598,539363545,"01598M15:01:24.433","01598 14:14:07",258.95,808.51,,,,"     ",5.10,6702.75,0.99
1598,539363546,"01598M15:01:25.406","01598 14:14:08",258.92,808.50,,,,"     ",5.10,6676.24,0.99
1598,539363547,"01598M15:01:26.379","01598 14:14:09",258.89,808.59,,,,"     ",5.10,6668.74,0.99
1598,539363548,"01598M15:01:27.353","01598 14:14:10",258.87,808.49,,,,"     ",5.10,6702.61,0.99
1598,539363549,"01598M15:01:28.326","01598 14:14:11",258.86,808.57,,,,"     ",5.10,6709.90,0.99
1598,539363550,"01598M15:01:29.299","01598 14:14:12",258.87,808.52,,,,"     ",5.10,6719.63,0.99
1598,539363551,"01598M15:01:30.272","01598 14:14:13",258.89,808.50,,,,"     ",5.10,6677.14,0.99
1598,539363552,"01598M15:01:31.246","01598 14:14:14",258.94,808.51,,,,"     ",5.10,6709.98,0.99
1598,539363553,"01598M15:01:32.219","01598 14:14:15",259.01,808.54,,,,"     ",5.10,6664.69,0.99
1598,539363554,"01598M15:01:33.192","01598 14:14:16",259.11,808.60,,,,"     ",5.10,6737.85,1.00
1598,539363555,"01598M15:01:34.165","01598 14:14:17",259.23,808.53,,,,"     ",5.10,6732.03,1.00
1598,539363556,"01598M15:01:35.139","01598 14:14:18",259.36,808.55,,,,"     ",5.10,6655.64,0.98
1598,539363557,"01598M15:01:36.112","01598 14:14:19",259.50,808.61,,,,"     ",5.10,6625.51,0.98
1598,539363558,"01598M15:01:37.085","01598 14:14:20",259.63,808.54,,,,"     ",5.10,6781.98,1.00
1598,539363559,"01598M15:01:38.058","01598 14:14:21",259.76,808.60,,,,"     ",5.10,6736.10,1.00
1598,539363560,"01598M15:01:39.032","01598 14:14:22",259.87,808.56,,,,"     ",5.10,6722.18,0.99
1598,539363561,"01598M15:01:40.005","01598 14:14:23",259.97,808.55,,,,"     ",5.10,6711.11,0.99
1598,539363562,"01598M15:01:40.978","01598 14:14:24",260.06,808.50,,,,"     ",5.10,6670.20,0.98
1598,539363563,"01598M15:01:41.951","01598 14:14:25",260.14,808.52,,,,"     ",5.10,6631.99,0.98
1598,539363564,"01598M15:01:42.925","01598 14:14:26",260.21,808.54,,,,"     ",5.10,6684.86,0.99
1598,539363565,"01598M15:01:43.898","01598 14:14:27",260.29,808.54,,,,"     ",5.10,6717.71,0.99
1598,539363566,"01598M15:01:44.871","01598 14:14:28",260.36,808.48,,,,"     ",5.10,6834.25,1.01
1598,539363567,"01598M15:01:45.844","01598 14:14:29",260.44,808.46,,,,"     ",5.10,6758.70,1.00
1598,539363568,"01598M15:01:46.818","01598 14:14:30",260.53,808.49,,,,"     ",5.10,6736.43,0.99
1598,539363569,"01598M15:01:47.791","01598 14:14:31",260.62,808.47,,,,"     ",5.10,6749.21,1.00
1598,539363570,"01598M15:01:48.764","01598 14:14:32",260.72,808.56,,,,"     ",5.10,6643.21,0.98
1598,539363571,"01598M15:01:49.737","01598 14:14:33",260.81,808.54,,,,"     ",5.10,6734.16,0.99
1598,539363572,"01598M15:01:50.711","01598 14:14:34",260.90,808.52,,,,"     ",5.10,6676.77,0.98
1598,539363573,"01598M15:01:51.684","01598 14:14:35",260.99,808.51,,,,"     ",5.10,6637.99,0.98
1598,539363574,"01598M15:01:52.657","01598 14:14:36",261.06,808.58,,,,"     ",5.10,6728.93,0.99
1598,539363575,"01598M15:01:53.630","01598 14:14:37",261.13,808.51,,,,"     ",5.10,6666.92,0.98
1598,539363576,"01598M15:01:54.604","01598 14:14:38",261.19,808.53,,,,"     ",5.10,6769.96,1.00
1598,539363577,"01598M15:01:55.577","01598 14:14:39",261.25,808.51,,,,"     ",5.10,6674.64,0.98
1598,539363578,"01598M15:01:56.550","01598 14:14:40",261.31,808.49,,,,"     ",5.10,6721.84,0.99
1598,539363579,"01598M15:01:57.523","01598 14:14:41",261.37,808.49,,,,"     ",5.10,6629.52,0.97
1598,539363580,"01598M15:01:58.497","01598 14:14:41",261.43,808.44,,,,"     ",5.10,6766.99,1.00
1598,539363581,"01598M15:01:59.470","01598 14:14:42",261.49,808.40,,,,"     ",5.10,6737.69,0.99
1598,539363582,"01598M15:02:00.443","01598 14:14:43",261.54,808.45,,,,"     ",5.10,6704.61,0.99
1598,539363583,"01598M15:02:01.416","01598 14:14:44",261.60,808.47,,,,"     ",5.10,6683.19,0.98
1598,539363584,"01598M15:02:02.390","01598 14:14:45",261.65,808.54,,,,"     ",5.10,6759.95,0.99
1598,539363585,"01598M15:02:03.363","01598 14:14:46",261.69,808.57,,,,"     ",5.10,6770.02,1.00
1598,539363586,"01598M15:02:04.336","01598 14:14:47",261.73,808.56,,,,"     ",5.10,6714.63,0.99
1598,539363587,"01598M15:02:05.309","01598 14:14:48",261.77,808.47,,,,"     ",5.10,6732.45,0.99
1598,539363588,"01598M15:02:06.283","01598 14:14:49",261.80,808.44,,,,"     ",5.10,6747.85,0.99
1598,539363589,"01598M15:02:07.256","01598 14:14:50",261.82,808.56,,,,"     ",5.10,6724.10,0.99
1598,539363590,"01598M15:02:08.229","01598 14:14:51",261.84,808.46,,,,"     ",5.10,6745.98,0.99
1598,539363591,"01598M15:02:09.202","01598 14:14:52",261.84,808.49,,,,"     ",5.10,6759.99,0.99
1598,539363592,"01598M15:02:10.176","01598 14:14:53",261.84,808.48,,,,"     ",5.10,6807.96,1.00
1598,539363593,"01598M15:02:11.149","01598 14:14:54",261.84,808.49,,,,"     ",5.10,6717.09,0.99
1598,539363594,"01598M15:02:12.122","01598 14:14:55",261.82,808.53,,,,"     ",5.10,6775.44,0.99
1598,539363595,"01598M15:02:13.095","01598 14:14:56",261.80,808.57,,,,"     ",5.10,6760.99,0.99
1598,539363596,"01598M15:02:14.069","01598 14:14:57",261.78,808.52,,,,"     ",5.10,6719.13,0.98
1598,539363597,"01598M15:02:15.042","01598 14:14:58",261.76,808.47,,,,"     ",5.10,6661.87,0.98
1598,539363598,"01598M15:02:16.015","01598 14:14:59",261.74,808.46,,,,"     ",5.10,6721.74,0.98
1598,539363599,"01598M15:02:16.989","01598 14:15:00",261.72,808.53,,,,"     ",5.10,6720.69,0.98
1598,539363600,"01598M15:02:17.962","01598 14:15:01",261.72,808.54,,,,"     ",5.10,6749.41,0.99
1598,539363601,"01598M15:02:18.935","01598 14:15:02",261.71,808.48,,,,"     ",5.10,6761.26,0.99
1598,539363602,"01598M15:02:19.908","01598 14:15:03",261.71,808.49,,,,"     ",5.10,6671.74,0.98
1598,539363603,"01598M15:02:20.882","01598 14:15:04",261.72,808.52,,,,"     ",5.10,6672.31,0.98
1598,539363604,"01598M15:02:21.855","01598 14:15:05",261.72,808.59,,,,"     ",5.10,6694.55,0.98
1598,539363605,"01598M15:02:22.828","01598 14:15:06",261.72,808.50,,,,"     ",5.10,6788.02,0.99
1598,539363606,"01598M15:02:23.801","01598 14:15:07",261.72,808.54,,,,"     ",5.10,6774.95,0.99
1598,539363607,"01598M15:02:24.775","01598 14:15:08",261.71,808.49,,,,"     ",5.10,6682.64,0.98
1598,539363608,"01598M15:02:25.748","01598 14:15:09",261.69,808.51,,,,"     ",5.10,6828.31,1.00
1598,539363609,"01598M15:02:26.721","01598 14:15:10",261.67,808.47,,,,"     ",5.10,6803.53,1.00
1598,539363610,"01598M15:02:27.694","01598 14:15:11",261.65,808.50,,,,"     ",5.10,6768.36,0.99
1598,539363611,"01598M15:02:28.668","01598 14:15:12",261.64,808.57,,,,"     ",5.10,6696.77,0.98
1598,539363612,"01598M15:02:29.641","01598 14:15:13",261.62,808.55,,,,"     ",5.10,6776.64,0.99
1598,539363613,"01598M15:02:30.614","01598 14:15:14",261.60,808.54,,,,"     ",5.10,6766.23,0.99
1598,539363614,"01598M15:02:31.587","01598 14:15:15",261.59,808.58,,,,"     ",5.10,6744.76,0.99
1598,539363615,"01598M15:02:32.561","01598 14:15:16",261.57,808.49,,,,"     ",5.10,6736.69,0.98
1598,539363616,"01598M15:02:33.534","01598 14:15:17",261.55,808.60,,,,"     ",5.10,6771.74,0.99
1598,539363617,"01598M15:02:34.507","01598 14:15:17",261.53,808.61,,,,"     ",5.10,6704.51,0.98
1598,539363618,"01598M15:02:35.480","01598 14:15:18",261.50,808.46,,,,"     ",5.10,6727.32,0.98
1598,539363619,"01598M15:02:36.454","01598 14:15:19",261.46,808.48,,,,"     ",5.10,6870.15,1.00
1598,539363620,"01598M15:02:37.427","01598 14:15:20",261.40,808.39,,,,"     ",5.10,6761.59,0.99
1598,539363621,"01598M15:02:38.400","01598 14:15:21",261.33,808.50,,,,"     ",5.10,6719.80,0.98
1598,539363622,"01598M15:02:39.373","01598 14:15:22",261.23,808.50,,,,"     ",5.10,6745.33,0.98
1598,539363623,"01598M15:02:40.347","01598 14:15:23",261.12,808.56,,,,"     ",5.10,6678.56,0.97
1598,539363624,"01598M15:02:41.320","01598 14:15:24",260.98,808.58,,,,"     ",5.10,6747.65,0.99
1598,539363625,"01598M15:02:42.293","01598 14:15:25",260.82,808.58,,,,"     ",5.10,6651.23,0.97
1598,539363626,"01598M15:02:43.266","01598 14:15:26",260.64,808.51,,,,"     ",5.10,6722.86,0.98
1598,539363627,"01598M15:02:44.240","01598 14:15:27",260.45,808.54,,,,"     ",5.10,6757.21,0.99
1598,539363628,"01598M15:02:45.213","01598 14:15:28",260.25,808.53,,,,"     ",5.10,6727.18,0.98
1598,539363629,"01598M15:02:46.186","01598 14:15:29",260.05,808.54,,,,"     ",5.10,6778.18,0.99
1598,539363630,"01598M15:02:47.159","01598 14:15:30",259.86,808.54,,,,"     ",5.10,6748.75,0.98
1598,539363631,"01598M15:02:48.133","01598 14:15:31",259.68,808.49,,,,"     ",5.10,6707.44,0.98
1598,539363632,"01598M15:02:49.106","01598 14:15:32",259.51,808.58,,,,"     ",5.10,6744.48,0.98
1598,539363633,"01598M15:02:50.079","01598 14:15:33",259.35,808.55,,,,"     ",5.10,6716.95,0.98
1598,539363634,"01598M15:02:51.052","01598 14:15:34",259.19,808.66,,,,"     ",5.10,6658.55,0.97
1598,539363635,"01598M15:02:52.026","01598 14:15:35",259.03,808.49,,,,"     ",5.10,6732.53,0.98
1598,539363636,"01598M15:02:52.999","01598 14:15:36",258.89,808.46,,,,"     ",5.10,6709.39,0.98
1598,539363637,"01598M15:02:53.972","01598 14:15:37",258.75,808.44,,,,"     ",5.10,6743.39,0.98
1598,539363638,"01598M15:02:54.945","01598 14:15:38",258.63,808.52,,,,"     ",5.10,6768.80,0.99
1598,539363639,"01598M15:02:55.919","01598 14:15:39",258.53,808.49,,,,"     ",5.10,6751.91,0.98
1598,539363640,"01598M15:02:56.892","01598 14:15:40",258.44,808.60,,,,"     ",5.10,6731.43,0.98
1598,539363641,"01598M15:02:57.865","01598 14:15:41",258.36,808.63,,,,"     ",5.10,6718.17,0.98
1598,539363642,"01598M15:02:58.838","01598 14:15:42",258.30,808.70,,,,"     ",5.10,6712.99,0.98
1598,539363643,"01598M15:02:59.812","01598 14:15:43",258.25,808.51,,,,"     ",5.10,6714.02,0.98
1598,539363644,"01598M15:03:00.785","01598 14:15:44",258.21,808.44,,,,"     ",5.10,6694.74,0.97
1598,539363645,"01598M15:03:01.758","01598 14:15:45",258.17,808.47,,,,"     ",5.10,6738.65,0.98
1598,539363646,"01598M15:03:02.731","01598 14:15:46",258.14,808.45,,,,"     ",5.10,6694.32,0.97
1598,539363647,"01598M15:03:03.705","01598 14:15:47",258.11,808.39,,,,"     ",5.10,6768.58,0.99
1598,539363648,"01598M15:03:04.678","01598 14:15:48",258.09,808.29,,,,"     ",5.10,6740.92,0.98
1598,539363649,"01598M15:03:05.651","01598 14:15:49",258.06,808.37,,,,"     ",5.10,6696.49,0.97
1598,539363650,"01598M15:03:06.624","01598 14:15:50",258.03,808.38,,,,"     ",5.10,6702.60,0.98
1598,539363651,"01598M15:03:07.598","01598 14:15:51",258.01,808.30,,,,"     ",5.10,6769.16,0.99
1598,539363652,"01598M15:03:08.571","01598 14:15:52",257.99,808.35,,,,"     ",5.10,6670.86,0.97
1598,539363653,"01598M15:03:09.544","01598 14:15:53",257.97,808.36,,,,"     ",5.10,6662.39,0.97
1598,539363654,"01598M15:03:10.517","01598 14:15:54",257.95,808.41,,,,"     ",5.10,6723.20,0.98
1598,539363655,"01598M15:03:11.491","01598 14:15:54",257.93,808.41,,,,"     ",5.10,6706.12,0.98
1598,539363656,"01598M15:03:12.464","01598 14:15:55",257.92,808.33,,,,"     ",5.10,6663.15,0.97
1598,539363657,"01598M15:03:13.437","01598 14:15:56",257.92,808.30,,,,"     ",5.10,6701.93,0.98
1598,539363658,"01598M15:03:14.410","01598 14:15:57",257.93,808.37,,,,"     ",5.10,6716.11,0.98
1598,539363659,"01598M15:03:15.384","01598 14:15:58",257.96,808.40,,,,"     ",5.10,6813.36,0.99
1598,539363660,"01598M15:03:16.357","01598 14:15:59",257.98,808.35,,,,"     ",5.10,6802.87,0.99
1598,539363661,"01598M15:03:17.330","01598 14:16:00",258.01,808.36,,,,"     ",5.10,6764.33,0.98
1598,539363662,"01598M15:03:18.303","01598 14:16:01",258.03,808.37,,,,"     ",5.10,6772.40,0.99
1598,539363663,"01598M15:03:19.277","01598 14:16:02",258.04,808.47,,,,"     ",5.10,6624.02,0.96
1598,539363664,"01598M15:03:20.250","01598 14:16:03",258.04,808.43,,,,"     ",5.10,6753.31,0.98
1598,539363665,"01598M15:03:21.223","01598 14:16:04",258.01,808.47,,,,"     ",5.10,6770.14,0.98
1598,539363666,"01598M15:03:22.196","01598 14:16:05",257.97,808.34,,,,"     ",5.10,6677.53,0.97
1598,539363667,"01598M15:03:23.170","01598 14:16:06",257.91,808.43,,,,"     ",5.10,6605.83,0.96
1598,539363668,"01598M15:03:24.143","01598 14:16:07",257.83,808.39,,,,"     ",5.10,6771.27,0.98
1598,539363669,"01598M15:03:25.116","01598 14:16:08",256.46,808.34,,,,"     ",5.10,6748.51,0.98
1598,539363670,"01598M15:03:26.090","01598 14:16:09",256.36,808.33,,,,"     ",5.10,6700.25,0.97
1598,539363671,"01598M15:03:27.063","01598 14:16:10",256.25,808.37,,,,"     ",5.10,6726.53,0.98
1598,539363672,"01598M15:03:28.036","01598 14:16:11",256.14,808.40,,,,"     ",5.10,6659.67,0.97
1598,539363673,"01598M15:03:29.009","01598 14:16:12",256.04,808.27,,,,"     ",5.10,6744.04,0.98
1598,539363674,"01598M15:03:29.983","01598 14:16:13",255.95,808.22,,,,"     ",5.10,6617.13,0.96
1598,539363675,"01598M15:03:30.956","01598 14:16:14",255.86,808.32,,,,"     ",5.10,6773.26,0.98
1598,539363676,"01598M15:03:31.929","01598 14:16:15",255.78,808.28,,,,"     ",5.10,6653.31,0.97
1598,539363677,"01598M15:03:32.902","01598 14:16:16",255.71,808.34,,,,"     ",5.10,6649.52,0.97
1598,539363678,"01598M15:03:33.876","01598 14:16:17",255.65,808.33,,,,"     ",5.10,6725.04,0.98
1598,539363679,"01598M15:03:34.849","01598 14:16:18",255.59,808.19,,,,"     ",5.10,6743.39,0.98
1598,539363680,"01598M15:03:35.822","01598 14:16:19",255.53,808.28,,,,"     ",5.10,6774.76,0.98
1598,539363681,"01598M15:03:36.795","01598 14:16:20",255.48,808.29,,,,"     ",5.10,6695.83,0.97
1598,539363682,"01598M15:03:37.769","01598 14:16:21",255.43,808.33,,,,"     ",5.10,6766.91,0.98
1598,539363683,"01598M15:03:38.742","01598 14:16:22",255.38,808.29,,,,"     ",5.10,6762.57,0.98
1598,539363684,"01598M15:03:39.715","01598 14:16:23",255.33,808.31,,,,"     ",5.10,6726.85,0.98
1598,539363685,"01598M15:03:40.688","01598 14:16:24",255.28,808.21,,,,"     ",5.10,6773.56,0.98
1598,539363686,"01598M15:03:41.662","01598 14:16:25",255.22,808.29,,,,"     ",5.10,6699.15,0.97
1598,539363687,"01598M15:03:42.635","01598 14:16:26",255.17,808.17,,,,"     ",5.10,6784.44,0.99
1598,539363688,"01598M15:03:43.608","01598 14:16:27",255.12,808.27,,,,"     ",5.10,6665.37,0.97
1598,539363689,"01598M15:03:44.581","01598 14:16:28",255.07,808.24,,,,"     ",5.10,6739.56,0.98
1598,539363690,"01598M15:03:45.555","01598 14:16:29",255.02,808.21,,,,"     ",5.10,6689.99,0.97
1598,539363691,"01598M15:03:46.528","01598 14:16:30",254.97,808.23,,,,"     ",5.10,6702.20,0.97
1598,539363692,"01598M15:03:47.501","01598 14:16:30",254.90,808.24,,,,"     ",5.10,6786.43,0.99
1598,539363693,"01598M15:03:48.474","01598 14:16:31",254.83,808.27,,,,"     ",5.10,6722.74,0.98
1598,539363694,"01598M15:03:49.448","01598 14:16:32",254.75,808.22,,,,"     ",5.10,6732.02,0.98
1598,539363695,"01598M15:03:50.421","01598 14:16:33",254.66,808.14,,,,"     ",5.10,6732.05,0.98
1598,539363696,"01598M15:03:51.394","01598 14:16:34",254.58,808.18,,,,"     ",5.10,6682.38,0.97
1598,539363697,"01598M15:03:52.367","01598 14:16:35",254.49,808.22,,,,"     ",5.10,6725.63,0.98
1598,539363698,"01598M15:03:53.341","01598 14:16:36",254.41,808.19,,,,"     ",5.10,6717.37,0.98
1598,539363699,"01598M15:03:54.314","01598 14:16:37",254.33,808.20,,,,"     ",5.10,6580.78,0.95
1598,539363700,"01598M15:03:55.287","01598 14:16:38",254.27,808.20,,,,"     ",5.10,6685.88,0.97
1598,539363701,"01598M15:03:56.260","01598 14:16:39",254.21,808.15,,,,"     ",5.10,6710.32,0.97
1598,539363702,"01598M15:03:57.234","01598 14:16:40",254.17,808.17,,,,"     ",5.10,6675.85,0.97
1598,539363703,"01598M15:03:58.207","01598 14:16:41",254.14,808.12,,,,"     ",5.10,6650.40,0.96
1598,539363704,"01598M15:03:59.180","01598 14:16:42",254.12,808.12,,,,"     ",5.10,6677.83,0.97
1598,539363705,"01598M15:04:00.153","01598 14:16:43",254.12,808.06,,,,"     ",5.10,6811.78,0.99
1598,539363706,"01598M15:04:01.127","01598 14:16:44",254.13,808.05,,,,"     ",5.10,6716.38,0.97
1598,539363707,"01598M15:04:02.100","01598 14:16:45",254.15,808.08,,,,"     ",5.10,6704.61,0.97
1598,539363708,"01598M15:04:03.073","01598 14:16:46",254.18,808.02,,,,"     ",5.10,6767.06,0.98
1598,539363709,"01598M15:04:04.046","01598 14:16:47",254.22,808.00,,,,"     ",5.10,6635.67,0.96
1598,539363710,"01598M15:04:05.020","01598 14:16:48",254.25,808.05,,,,"     ",5.10,6721.11,0.97
1598,539363711,"01598M15:04:05.993","01598 14:16:49",254.28,808.13,,,,"     ",5.10,6736.42,0.98
1598,539363712,"01598M15:04:06.966","01598 14:16:50",254.30,808.13,,,,"     ",5.10,6758.80,0.98
1598,539363713,"01598M15:04:07.939","01598 14:16:51",254.31,808.16,,,,"     ",5.10,6628.42,0.96
1598,539363714,"01598M15:04:08.913","01598 14:16:52",254.30,808.18,,,,"     ",5.10,6664.35,0.96
1598,539363715,"01598M15:04:09.886","01598 14:16:53",254.29,808.11,,,,"     ",5.10,6695.48,0.97
1598,539363716,"01598M15:04:10.859","01598 14:16:54",254.25,808.11,,,,"     ",5.10,6765.93,0.98
1598,539363717,"01598M15:04:11.832","01598 14:16:55",254.21,808.11,,,,"     ",5.10,6731.85,0.97
1598,539363718,"01598M15:04:12.806","01598 14:16:56",254.17,808.09,,,,"     ",5.10,6760.74,0.98
1598,539363719,"01598M15:04:13.779","01598 14:16:57",254.10,808.06,,,,"     ",5.10,6704.81,0.97
1598,539363720,"01598M15:04:14.752","01598 14:16:58",254.03,808.09,,,,"     ",5.10,6716.01,0.97
1598,539363721,"01598M15:04:15.725","01598 14:16:59",253.95,807.95,,,,"     ",5.10,6681.47,0.97
1598,539363722,"01598M15:04:16.699","01598 14:17:00",253.86,807.94,,,,"     ",5.10,6673.97,0.97
1598,539363723,"01598M15:04:17.672","01598 14:17:01",253.78,807.99,,,,"     ",5.10,6711.59,0.97
1598,539363724,"01598M15:04:18.645","01598 14:17:02",253.69,808.08,,,,"     ",5.10,6717.22,0.97
1598,539363725,"01598M15:04:19.618","01598 14:17:03",253.62,808.01,,,,"     ",5.10,6721.98,0.97
1598,539363726,"01598M15:04:20.592","01598 14:17:04",253.56,807.94,,,,"     ",5.10,6702.86,0.97
1598,539363727,"01598M15:04:21.565","01598 14:17:05",253.51,808.02,,,,"     ",5.10,6717.33,0.97
1598,539363728,"01598M15:04:22.538","01598 14:17:06",253.47,807.96,,,,"     ",5.10,6691.87,0.97
1598,539363729,"01598M15:04:23.511","01598 14:17:06",253.44,807.98,,,,"     ",5.10,6631.54,0.96
1598,539363730,"01598M15:04:24.485","01598 14:17:07",253.42,807.91,,,,"     ",5.10,6742.43,0.98
1598,539363731,"01598M15:04:25.458","01598 14:17:08",253.41,807.86,,,,"     ",5.10,6649.70,0.96
1598,539363732,"01598M15:04:26.431","01598 14:17:09",253.42,807.88,,,,"     ",5.10,6702.12,0.97
1598,539363733,"01598M15:04:27.404","01598 14:17:10",253.42,807.98,,,,"     ",5.10,6733.89,0.97
1598,539363734,"01598M15:04:28.378","01598 14:17:11",253.42,807.84,,,,"     ",5.10,6696.01,0.97
1598,539363735,"01598M15:04:29.351","01598 14:17:12",253.41,807.95,,,,"     ",5.10,6708.64,0.97
1598,539363736,"01598M15:04:30.324","01598 14:17:13",253.39,807.86,,,,"     ",5.10,6679.46,0.97
1598,539363737,"01598M15:04:31.297","01598 14:17:14",253.38,807.98,,,,"     ",5.10,6659.00,0.96
1598,539363738,"01598M15:04:32.271","01598 14:17:15",253.36,807.91,,,,"     ",5.10,6692.30,0.97
1598,539363739,"01598M15:04:33.244","01598 14:17:16",253.34,807.92,,,,"     ",5.10,6807.99,0.99
1598,539363740,"01598M15:04:34.217","01598 14:17:17",253.32,807.82,,,,"     ",5.10,6651.74,0.96
1598,539363741,"01598M15:04:35.190","01598 14:17:18",253.30,807.69,,,,"     ",5.10,6579.90,0.95
1598,539363742,"01598M15:04:36.164","01598 14:17:19",253.27,807.75,,,,"     ",5.10,6685.92,0.97
1598,539363743,"01598M15:04:37.137","01598 14:17:20",253.24,807.77,,,,"     ",5.10,6751.59,0.98
1598,539363744,"01598M15:04:38.110","01598 14:17:21",253.21,807.80,,,,"     ",5.10,6611.89,0.96
1598,539363745,"01598M15:04:39.084","01598 14:17:22",252.72,807.82,,,,"     ",5.10,6776.78,0.98
1598,539363746,"01598M15:04:40.057","01598 14:17:23",252.77,807.81,,,,"     ",5.10,6665.34,0.97
1598,539363747,"01598M15:04:41.030","01598 14:17:24",252.81,807.80,,,,"     ",5.10,6693.10,0.97
1598,539363748,"01598M15:04:42.003","01598 14:17:25",252.84,807.72,,,,"     ",5.10,6671.80,0.97
1598,539363749,"01598M15:04:42.977","01598 14:17:26",252.87,807.77,,,,"     ",5.10,6682.30,0.97
1598,539363750,"01598M15:04:43.950","01598 14:17:27",252.89,807.82,,,,"     ",5.10,6636.23,0.96
1598,539363751,"01598M15:04:44.923","01598 14:17:28",252.91,807.80,,,,"     ",5.10,6661.74,0.97
1598,539363752,"01598M15:04:45.896","01598 14:17:29",252.91,807.87,,,,"     ",5.10,6722.51,0.98
1598,539363753,"01598M15:04:46.870","01598 14:17:30",252.91,807.84,,,,"     ",5.10,6689.87,0.97
1598,539363754,"01598M15:04:47.843","01598 14:17:31",252.91,807.87,,,,"     ",5.10,6743.64,0.98
1598,539363755,"01598M15:04:48.816","01598 14:17:32",252.90,807.86,,,,"     ",5.10,6720.28,0.98
1598,539363756,"01598M15:04:49.789","01598 14:17:33",252.88,807.80,,,,"     ",5.10,6718.55,0.98
1598,539363757,"01598M15:04:50.763","01598 14:17:34",252.86,807.82,,,,"     ",5.10,6647.13,0.97
1598,539363758,"01598M15:04:51.736","01598 14:17:35",252.82,807.81,,,,"     ",5.10,6638.49,0.97
1598,539363759,"01598M15:04:52.709","01598 14:17:36",252.77,807.74,,,,"     ",5.10,6647.94,0.97
1598,539363760,"01598M15:04:53.682","01598 14:17:37",252.74,807.81,,,,"     ",5.10,6654.70,0.97
1598,539363761,"01598M15:04:54.656","01598 14:17:38",252.71,807.79,,,,"     ",5.10,6673.75,0.97
1598,539363762,"01598M15:04:55.629","01598 14:17:39",252.69,807.84,,,,"     ",5.10,6633.02,0.97
1598,539363763,"01598M15:04:56.602","01598 14:17:40",252.66,807.87,,,,"     ",5.10,6669.57,0.97
1598,539363764,"01598M15:04:57.575","01598 14:17:41",252.63,807.87,,,,"     ",5.10,6682.86,0.97
1598,539363765,"01598M15:04:58.549","01598 14:17:42",252.59,807.88,,,,"     ",5.10,6624.39,0.97
1598,539363766,"01598M15:04:59.522","01598 14:17:42",252.55,807.86,,,,"     ",5.10,6650.69,0.97
1598,539363767,"01598M15:05:00.495","01598 14:17:43",252.51,807.84,,,,"     ",5.10,6632.22,0.97
1598,539363768,"01598M15:05:01.468","01598 14:17:44",252.46,807.87,,,,"     ",5.10,6676.12,0.97
1598,539363769,"01598M15:05:02.442","01598 14:17:45",252.42,807.80,,,,"     ",5.10,6690.05,0.98
1598,539363770,"01598M15:05:03.415","01598 14:17:46",252.37,807.87,,,,"     ",5.10,6584.24,0.96
1598,539363771,"01598M15:05:04.388","01598 14:17:47",252.33,807.84,,,,"     ",5.10,6589.53,0.96
1598,539363772,"01598M15:05:05.361","01598 14:17:48",252.29,807.79,,,,"     ",5.10,6626.71,0.97
1598,539363773,"01598M15:05:06.335","01598 14:17:49",252.26,807.83,,,,"     ",5.10,6663.39,0.97
1598,539363774,"01598M15:05:07.308","01598 14:17:50",252.24,807.71,,,,"     ",5.10,6758.70,0.99
1598,539363775,"01598M15:05:08.281","01598 14:17:51",252.22,807.72,,,,"     ",5.10,6565.76,0.96
1598,539363776,"01598M15:05:09.254","01598 14:17:52",252.22,807.69,,,,"     ",5.10,6638.73,0.97
1598,539363777,"01598M15:05:10.228","01598 14:17:53",252.21,807.76,,,,"     ",5.10,6596.02,0.97
1598,539363778,"01598M15:05:11.201","01598 14:17:54",252.20,807.82,,,,"     ",5.10,6598.22,0.97
1598,539363779,"01598M15:05:12.174","01598 14:17:55",252.18,807.79,,,,"     ",5.10,6678.74,0.98
1598,539363780,"01598M15:05:13.147","01598 14:17:56",252.16,807.79,,,,"     ",5.10,6631.09,0.97
1598,539363781,"01598M15:05:14.121","01598 14:17:57",252.15,807.74,,,,"     ",5.10,6523.52,0.96
1598,539363782,"01598M15:05:15.094","01598 14:17:58",252.14,807.78,,,,"     ",5.10,6522.75,0.96
1598,539363783,"01598M15:05:16.067","01598 14:17:59",252.13,807.76,,,,"     ",5.10,6597.59,0.97
1598,539363784,"01598M15:05:17.040","01598 14:18:00",252.14,807.82,,,,"     ",5.10,6419.62,0.94
1598,539363785,"01598M15:05:18.014","01598 14:18:01",252.14,807.76,,,,"     ",5.10,6633.64,0.98
1598,539363786,"01598M15:05:18.987","01598 14:18:02",252.15,807.81,,,,"     ",5.10,6565.57,0.97
1598,539363787,"01598M15:05:19.960","01598 14:18:03",252.17,807.91,,,,"     ",5.10,6655.80,0.98
1598,539363788,"01598M15:05:20.933","01598 14:18:04",252.18,807.84,,,,"     ",5.10,6585.34,0.97
1598,539363789,"01598M15:05:21.907","01598 14:18:05",252.21,807.82,,,,"     ",5.10,6568.57,0.97
1598,539363790,"01598M15:05:22.880","01598 14:18:06",252.26,807.95,,,,"     ",5.10,6624.87,0.98
1598,539363791,"01598M15:05:23.853","01598 14:18:07",252.31,807.81,,,,"     ",5.10,6596.83,0.97
1598,539363792,"01598M15:05:24.826","01598 14:18:08",252.39,807.80,,,,"     ",5.10,6573.67,0.97
1598,539363793,"01598M15:05:25.800","01598 14:18:09",252.48,807.79,,,,"     ",5.10,6608.77,0.98
1598,539363794,"01598M15:05:26.773","01598 14:18:10",252.59,807.80,,,,"     ",5.10,6591.40,0.97
1598,539363795,"01598M15:05:27.746","01598 14:18:11",252.70,807.76,,,,"     ",5.10,6581.81,0.97
1598,539363796,"01598M15:05:28.719","01598 14:18:12",252.80,807.80,,,,"     ",5.10,6473.68,0.96
1598,539363797,"01598M15:05:29.693","01598 14:18:13",252.91,807.85,,,,"     ",5.10,6568.05,0.97
1598,539363798,"01598M15:05:30.666","01598 14:18:14",253.01,807.76,,,,"     ",5.10,6621.54,0.98
1598,539363799,"01598M15:05:31.639","01598 14:18:15",253.11,807.85,,,,"     ",5.10,6592.05,0.98
1598,539363800,"01598M15:05:32.612","01598 14:18:16",253.22,807.84,,,,"     ",5.10,6572.79,0.97
1598,539363801,"01598M15:05:33.586","01598 14:18:17",253.32,807.78,,,,"     ",5.10,6536.92,0.97
1598,539363802,"01598M15:05:34.559","01598 14:18:18",253.42,807.74,,,,"     ",5.10,6589.74,0.98
1598,539363803,"01598M15:05:35.532","01598 14:18:18",253.52,807.66,,,,"     ",5.10,6535.68,0.97
1598,539363804,"01598M15:05:36.505","01598 14:18:19",253.61,807.70,,,,"     ",5.10,6519.67,0.97
1598,539363805,"01598M15:05:37.479","01598 14:18:20",253.70,807.76,,,,"     ",5.10,6513.35,0.97
1598,539363806,"01598M15:05:38.452","01598 14:18:21",253.77,807.72,,,,"     ",5.10,6645.34,0.99
1598,539363807,"01598M15:05:39.425","01598 14:18:22",253.84,807.81,,,,"     ",5.10,6506.17,0.96
1598,539363808,"01598M15:05:40.398","01598 14:18:23",253.91,807.78,,,,"     ",5.10,6521.48,0.97
1598,539363809,"01598M15:05:41.372","01598 14:18:24",253.97,807.77,,,,"     ",5.10,6549.32,0.97
1598,539363810,"01598M15:05:42.345","01598 14:18:25",254.04,807.82,,,,"     ",5.10,6552.42,0.97
1598,539363811,"01598M15:05:43.318","01598 14:18:26",254.11,807.85,,,,"     ",5.10,6555.64,0.97
1598,539363812,"01598M15:05:44.291","01598 14:18:27",254.17,807.82,,,,"     ",5.10,6540.88,0.97
1598,539363813,"01598M15:05:45.265","01598 14:18:28",254.23,807.76,,,,"     ",5.10,6529.33,0.97
1598,539363814,"01598M15:05:46.238","01598 14:18:29",254.29,807.76,,,,"     ",5.10,6566.00,0.98
1598,539363815,"01598M15:05:47.211","01598 14:18:30",254.34,807.72,,,,"     ",5.10,6625.81,0.98
1598,539363816,"01598M15:05:48.185","01598 14:18:31",254.39,807.75,,,,"     ",5.10,6500.91,0.97
1598,539363817,"01598M15:05:49.158","01598 14:18:32",254.45,807.81,,,,"     ",5.10,6448.23,0.96
1598,539363818,"01598M15:05:50.131","01598 14:18:33",254.52,807.74,,,,"     ",5.10,6528.29,0.97
1598,539363819,"01598M15:05:51.104","01598 14:18:34",254.60,807.75,,,,"     ",5.10,6540.08,0.97
1598,539363820,"01598M15:05:52.078","01598 14:18:35",254.68,807.79,,,,"     ",5.10,6450.82,0.96
1598,539363821,"01598M15:05:53.051","01598 14:18:36",254.78,807.78,,,,"     ",5.10,6604.12,0.98
1598,539363822,"01598M15:05:54.024","01598 14:18:37",254.87,807.87,,,,"     ",5.10,6569.35,0.97
1598,539363823,"01598M15:05:54.997","01598 14:18:38",254.96,807.78,,,,"     ",5.10,6538.32,0.97
1598,539363824,"01598M15:05:55.971","01598 14:18:39",255.04,807.71,,,,"     ",5.10,6583.70,0.98
1598,539363825,"01598M15:05:56.944","01598 14:18:40",255.12,807.78,,,,"     ",5.10,6568.36,0.97
1598,539363826,"01598M15:05:57.917","01598 14:18:41",255.19,807.76,,,,"     ",5.10,6604.83,0.98
1598,539363827,"01598M15:05:58.890","01598 14:18:42",255.27,807.76,,,,"     ",5.10,6544.52,0.97
1598,539363828,"01598M15:05:59.864","01598 14:18:43",255.36,807.79,,,,"     ",5.10,6614.99,0.98
1598,539363829,"01598M15:06:00.837","01598 14:18:44",255.45,807.78,,,,"     ",5.10,6566.35,0.97
1598,539363830,"01598M15:06:01.810","01598 14:18:45",255.55,807.78,,,,"     ",5.10,6497.19,0.96
1598,539363831,"01598M15:06:02.783","01598 14:18:46",255.66,807.79,,,,"     ",5.10,6578.89,0.97
1598,539363832,"01598M15:06:03.757","01598 14:18:47",255.77,807.77,,,,"     ",5.10,6539.96,0.97
1598,539363833,"01598M15:06:04.730","01598 14:18:48",255.90,807.79,,,,"     ",5.10,6560.71,0.97
1598,539363834,"01598M15:06:05.703","01598 14:18:49",256.03,807.76,,,,"     ",5.10,6601.41,0.98
1598,539363835,"01598M15:06:06.676","01598 14:18:50",256.17,807.81,,,,"     ",5.10,6555.38,0.97
1598,539363836,"01598M15:06:07.650","01598 14:18:51",256.31,807.75,,,,"     ",5.10,6615.11,0.98
1598,539363837,"01598M15:06:08.623","01598 14:18:52",256.46,807.71,,,,"     ",5.10,6567.18,0.97
1598,539363838,"01598M15:06:09.596","01598 14:18:53",256.61,807.76,,,,"     ",5.10,6524.89,0.96
1598,539363839,"01598M15:06:10.569","01598 14:18:54",256.76,807.83,,,,"     ",5.10,6536.76,0.96
1598,539363840,"01598M15:06:11.543","01598 14:18:54",256.89,807.71,,,,"     ",5.10,6567.89,0.97
1598,539363841,"01598M15:06:12.516","01598 14:18:55",257.02,807.77,,,,"     ",5.10,6505.18,0.96
1598,539363842,"01598M15:06:13.489","01598 14:18:56",257.12,807.80,,,,"     ",5.10,6537.35,0.96
1598,539363843,"01598M15:06:14.462","01598 14:18:57",257.21,807.82,,,,"     ",5.10,6563.86,0.97
1598,539363844,"01598M15:06:15.436","01598 14:18:58",257.29,807.71,,,,"     ",5.10,6567.57,0.97
1598,539363845,"01598M15:06:16.409","01598 14:18:59",257.37,807.75,,,,"     ",5.10,6565.72,0.97
1598,539363846,"01598M15:06:17.382","01598 14:19:00",257.45,807.75,,,,"     ",5.10,6485.97,0.95
1598,539363847,"01598M15:06:18.355","01598 14:19:01",257.52,807.70,,,,"     ",5.10,6561.63,0.96
1598,539363848,"01598M15:06:19.329","01598 14:19:02",257.58,807.67,,,,"     ",5.10,6660.97,0.98
1598,539363849,"01598M15:06:20.302","01598 14:19:03",257.64,807.69,,,,"     ",5.10,6539.12,0.96
1598,539363850,"01598M15:06:21.275","01598 14:19:04",257.69,807.75,,,,"     ",5.10,6568.69,0.96
1598,539363851,"01598M15:06:22.248","01598 14:19:05",258.78,807.68,,,,"     ",5.10,6610.47,0.97
1598,539363852,"01598M15:06:23.222","01598 14:19:06",258.82,807.74,,,,"     ",5.10,6494.95,0.95
1598,539363853,"01598M15:06:24.195","01598 14:19:07",258.86,807.68,,,,"     ",5.10,6628.24,0.97
1598,539363854,"01598M15:06:25.168","01598 14:19:08",258.91,807.71,,,,"     ",5.10,6561.75,0.96
1598,539363855,"01598M15:06:26.141","01598 14:19:09",258.95,807.72,,,,"     ",5.10,6535.80,0.96
1598,539363856,"01598M15:06:27.115","01598 14:19:10",259.00,807.74,,,,"     ",5.10,6557.45,0.96
1598,539363857,"01598M15:06:28.088","01598 14:19:11",259.06,807.77,,,,"     ",5.10,6530.11,0.95
1598,539363858,"01598M15:06:29.061","01598 14:19:12",259.12,807.74,,,,"     ",5.10,6597.20,0.96
1598,539363859,"01598M15:06:30.034","01598 14:19:13",259.18,807.77,,,,"     ",5.10,6598.04,0.96
1598,539363860,"01598M15:06:31.008","01598 14:19:14",259.25,807.67,,,,"     ",5.10,6559.06,0.96
1598,539363861,"01598M15:06:31.981","01598 14:19:15",259.32,807.73,,,,"     ",5.10,6577.69,0.96
1598,539363862,"01598M15:06:32.954","01598 14:19:16",259.39,807.70,,,,"     ",5.10,6571.33,0.96
1598,539363863,"01598M15:06:33.927","01598 14:19:17",259.47,807.69,,,,"     ",5.10,6573.63,0.96
1598,539363864,"01598M15:06:34.901","01598 14:19:18",259.56,807.68,,,,"     ",5.10,6633.64,0.97
1598,539363865,"01598M15:06:35.874","01598 14:19:19",259.66,807.65,,,,"     ",5.10,6617.02,0.96
1598,539363866,"01598M15:06:36.847","01598 14:19:20",259.76,807.70,,,,"     ",5.10,6621.18,0.96
1598,539363867,"01598M15:06:37.820","01598 14:19:21",259.86,807.78,,,,"     ",5.10,6641.65,0.97
1598,539363868,"01598M15:06:38.794","01598 14:19:22",259.96,807.72,,,,"     ",5.10,6627.62,0.96
1598,539363869,"01598M15:06:39.767","01598 14:19:23",260.06,807.80,,,,"     ",5.10,6543.94,0.95
1598,539363870,"01598M15:06:40.740","01598 14:19:24",260.16,807.76,,,,"     ",5.10,6600.83,0.96
1598,539363871,"01598M15:06:41.713","01598 14:19:25",260.26,807.67,,,,"     ",5.10,6657.28,0.97
1598,539363872,"01598M15:06:42.687","01598 14:19:26",260.36,807.64,,,,"     ",5.10,6540.10,0.95
1598,539363873,"01598M15:06:43.660","01598 14:19:27",260.45,807.72,,,,"     ",5.10,6574.85,0.95
1598,539363874,"01598M15:06:44.633","01598 14:19:28",260.53,807.64,,,,"     ",5.10,6734.15,0.98
1598,539363875,"01598M15:06:45.606","01598 14:19:29",260.59,807.67,,,,"     ",5.10,6642.69,0.96
1598,539363876,"01598M15:06:46.580","01598 14:19:30",260.65,807.60,,,,"     ",5.10,6684.93,0.97
1598,539363877,"01598M15:06:47.553","01598 14:19:30",260.69,807.63,,,,"     ",5.10,6671.23,0.97
1598,539363878,"01598M15:06:48.526","01598 14:19:31",260.72,807.71,,,,"     ",5.10,6649.28,0.96
1598,539363879,"01598M15:06:49.499","01598 14:19:32",260.72,807.66,,,,"     ",5.10,6660.02,0.96
1598,539363880,"01598M15:06:50.473","01598 14:19:33",260.72,807.69,,,,"     ",5.10,6665.97,0.96
1598,539363881,"01598M15:06:51.446","01598 14:19:34",260.71,807.73,,,,"     ",5.10,6681.99,0.97
1598,539363882,"01598M15:06:52.419","01598 14:19:35",260.69,807.72,,,,"     ",5.10,6668.34,0.96
1598,539363883,"01598M15:06:53.392","01598 14:19:36",260.66,807.79,,,,"     ",5.10,6657.84,0.96
1598,539363884,"01598M15:06:54.366","01598 14:19:37",260.63,807.79,,,,"     ",5.10,6584.18,0.95
1598,539363885,"01598M15:06:55.339","01598 14:19:38",260.59,807.68,,,,"     ",5.10,6721.69,0.97
1598,539363886,"01598M15:06:56.312","01598 14:19:39",260.56,807.65,,,,"     ",5.10,6682.21,0.96
1598,539363887,"01598M15:06:57.286","01598 14:19:40",260.52,807.64,,,,"     ",5.10,6714.06,0.97
1598,539363888,"01598M15:06:58.259","01598 14:19:41",260.50,807.74,,,,"     ",5.10,6643.37,0.96
1598,539363889,"01598M15:06:59.232","01598 14:19:42",260.48,807.76,,,,"     ",5.10,6665.77,0.96
1598,539363890,"01598M15:07:00.205","01598 14:19:43",260.46,807.74,,,,"     ",5.10,6603.80,0.95
1598,539363891,"01598M15:07:01.179","01598 14:19:44",260.45,807.66,,,,"     ",5.10,6621.95,0.95
1598,539363892,"01598M15:07:02.152","01598 14:19:45",260.45,807.71,,,,"     ",5.10,6670.81,0.96
1598,539363893,"01598M15:07:03.125","01598 14:19:46",260.44,807.73,,,,"     ",5.10,6623.62,0.95
1598,539363894,"01598M15:07:04.098","01598 14:19:47",260.44,807.80,,,,"     ",5.10,6655.56,0.96
1598,539363895,"01598M15:07:05.072","01598 14:19:48",260.44,807.83,,,,"     ",5.10,6666.60,0.96
1598,539363896,"01598M15:07:06.045","01598 14:19:49",260.44,807.73,,,,"     ",5.10,6681.69,0.96
1598,539363897,"01598M15:07:07.018","01598 14:19:50",260.45,807.71,,,,"     ",5.10,6628.65,0.95
1598,539363898,"01598M15:07:07.991","01598 14:19:51",260.47,807.71,,,,"     ",5.10,6773.44,0.97
1598,539363899,"01598M15:07:08.965","01598 14:19:52",260.49,807.77,,,,"     ",5.10,6697.03,0.96
1598,539363900,"01598M15:07:09.938","01598 14:19:53",260.51,807.75,,,,"     ",5.10,6667.22,0.96
1598,539363901,"01598M15:07:10.911","01598 14:19:54",260.53,807.71,,,,"     ",5.10,6634.82,0.95
1598,539363902,"01598M15:07:11.884","01598 14:19:55",260.55,807.79,,,,"     ",5.10,6611.35,0.95
1598,539363903,"01598M15:07:12.858","01598 14:19:56",260.57,807.82,,,,"     ",5.10,6675.07,0.96
1598,539363904,"01598M15:07:13.831","01598 14:19:57",260.59,807.80,,,,"     ",5.10,6690.14,0.96
1598,539363905,"01598M15:07:14.804","01598 14:19:58",260.61,807.82,,,,"     ",5.10,6689.13,0.96
1598,539363906,"01598M15:07:15.777","01598 14:19:59",260.63,807.79,,,,"     ",5.10,6648.73,0.95
1598,539363907,"01598M15:07:16.751","01598 14:20:00",260.63,807.75,,,,"     ",5.10,6727.13,0.96
1598,539363908,"01598M15:07:17.724","01598 14:20:01",260.63,807.77,,,,"     ",5.10,6651.86,0.95
1598,539363909,"01598M15:07:18.697","01598 14:20:02",260.61,807.79,,,,"     ",5.10,6692.60,0.96
1598,539363910,"01598M15:07:19.670","01598 14:20:03",260.59,807.82,,,,"     ",5.10,6704.37,0.96
1598,539363911,"01598M15:07:20.644","01598 14:20:04",260.56,807.79,,,,"     ",5.10,6709.54,0.96
1598,539363912,"01598M15:07:21.617","01598 14:20:05",260.52,807.81,,,,"     ",5.10,6751.37,0.97
1598,539363913,"01598M15:07:22.590","01598 14:20:06",260.49,807.75,,,,"     ",5.10,6722.58,0.96
1598,539363914,"01598M15:07:23.563","01598 14:20:07",260.46,807.77,,,,"     ",5.10,6728.25,0.96
1598,539363915,"01598M15:07:24.537","01598 14:20:07",260.45,807.79,,,,"     ",5.10,6682.30,0.95
1598,539363916,"01598M15:07:25.510","01598 14:20:08",260.45,807.79,,,,"     ",5.10,6626.00,0.95
1598,539363917,"01598M15:07:26.483","01598 14:20:09",260.47,807.81,,,,"     ",5.10,6667.97,0.95
1598,539363918,"01598M15:07:27.456","01598 14:20:10",260.50,807.79,,,,"     ",5.10,6724.40,0.96
1598,539363919,"01598M15:07:28.430","01598 14:20:11",260.54,807.83,,,,"     ",5.10,6616.08,0.94
1598,539363920,"01598M15:07:29.403","01598 14:20:12",260.59,807.85,,,,"     ",5.10,6624.01,0.94
1598,539363921,"01598M15:07:30.376","01598 14:20:13",260.66,807.86,,,,"     ",5.10,6631.11,0.95
1598,539363922,"01598M15:07:31.349","01598 14:20:14",260.72,807.81,,,,"     ",5.10,6733.06,0.96
1598,539363923,"01598M15:07:32.323","01598 14:20:15",260.80,807.84,,,,"     ",5.10,6626.44,0.94
1598,539363924,"01598M15:07:33.296","01598 14:20:16",260.87,807.88,,,,"     ",5.10,6703.56,0.96
1598,539363925,"01598M15:07:34.269","01598 14:20:17",260.95,807.82,,,,"     ",5.10,6750.04,0.96
1598,539363926,"01598M15:07:35.242","01598 14:20:18",261.02,807.86,,,,"     ",5.10,6714.91,0.96
1598,539363927,"01598M15:07:36.216","01598 14:20:19",261.09,807.82,,,,"     ",5.10,6653.73,0.95
1598,539363928,"01598M15:07:37.189","01598 14:20:20",261.16,807.80,,,,"     ",5.10,6694.05,0.95
1598,539363929,"01598M15:07:38.162","01598 14:20:21",261.23,807.84,,,,"     ",5.10,6709.05,0.95
1598,539363930,"01598M15:07:39.135","01598 14:20:22",261.29,807.82,,,,"     ",5.10,6669.00,0.95
1598,539363931,"01598M15:07:40.109","01598 14:20:23",261.34,807.72,,,,"     ",5.10,6719.79,0.95
1598,539363932,"01598M15:07:41.082","01598 14:20:24",261.36,807.73,,,,"     ",5.10,6744.13,0.96
1598,539363933,"01598M15:07:42.055","01598 14:20:25",261.37,807.74,,,,"     ",5.10,6586.76,0.93
1598,539363934,"01598M15:07:43.028","01598 14:20:26",261.35,807.75,,,,"     ",5.10,6678.88,0.95
1598,539363935,"01598M15:07:44.002","01598 14:20:27",261.31,807.76,,,,"     ",5.10,6737.72,0.96
1598,539363936,"01598M15:07:44.975","01598 14:20:28",261.25,807.73,,,,"     ",5.10,6764.74,0.96
1598,539363937,"01598M15:07:45.948","01598 14:20:29",261.16,807.77,,,,"     ",5.10,6742.98,0.96
1598,539363938,"01598M15:07:46.921","01598 14:20:30",261.05,807.76,,,,"     ",5.10,6711.67,0.95
1598,539363939,"01598M15:07:47.895","01598 14:20:31",260.92,807.78,,,,"     ",5.10,6665.05,0.94
1598,539363940,"01598M15:07:48.868","01598 14:20:32",260.78,807.72,,,,"     ",5.10,6765.90,0.96
1598,539363941,"01598M15:07:49.841","01598 14:20:33",260.62,807.61,,,,"     ",5.10,6728.78,0.95
1598,539363942,"01598M15:07:50.814","01598 14:20:34",260.45,807.55,,,,"     ",5.10,6734.16,0.95
1598,539363943,"01598M15:07:51.788","01598 14:20:35",260.27,807.65,,,,"     ",5.10,6660.46,0.94
1598,539363944,"01598M15:07:52.761","01598 14:20:36",260.10,807.69,,,,"     ",5.10,6743.79,0.95
1598,539363945,"01598M15:07:53.734","01598 14:20:37",259.93,807.59,,,,"     ",5.10,6798.84,0.96
1598,539363946,"01598M15:07:54.707","01598 14:20:38",259.77,807.69,,,,"     ",5.10,6715.08,0.95
1598,539363947,"01598M15:07:55.681","01598 14:20:39",259.63,807.62,,,,"     ",5.10,6690.16,0.94
1598,539363948,"01598M15:07:56.654","01598 14:20:40",259.49,807.73,,,,"     ",5.10,6672.37,0.94
1598,539363949,"01598M15:07:57.627","01598 14:20:41",259.37,807.64,,,,"     ",5.10,6726.50,0.95
1598,539363950,"01598M15:07:58.600","01598 14:20:42",259.27,807.69,,,,"     ",5.10,6820.93,0.96
1598,539363951,"01598M15:07:59.574","01598 14:20:43",259.18,807.74,,,,"     ",5.10,6744.41,0.95
1598,539363952,"01598M15:08:00.547","01598 14:20:43",259.10,807.70,,,,"     ",5.10,6769.98,0.95
1598,539363953,"01598M15:08:01.520","01598 14:20:44",259.03,807.74,,,,"     ",5.10,6749.16,0.95
1598,539363954,"01598M15:08:02.493","01598 14:20:45",258.96,807.75,,,,"     ",5.10,6654.53,0.94
1598,539363955,"01598M15:08:03.467","01598 14:20:46",258.89,807.77,,,,"     ",5.10,6772.54,0.95
1598,539363956,"01598M15:08:04.440","01598 14:20:47",258.82,807.76,,,,"     ",5.10,6771.42,0.95
1598,539363957,"01598M15:08:05.413","01598 14:20:48",258.74,807.76,,,,"     ",5.10,6637.80,0.93
1598,539363958,"01598M15:08:06.387","01598 14:20:49",258.66,807.80,,,,"     ",5.10,6723.52,0.95
1598,539363959,"01598M15:08:07.360","01598 14:20:50",258.58,807.68,,,,"     ",5.10,6739.06,0.95
1598,539363960,"01598M15:08:08.333","01598 14:20:51",258.49,807.63,,,,"     ",5.10,6730.81,0.95
1598,539363961,"01598M15:08:09.306","01598 14:20:52",257.08,807.68,,,,"     ",5.10,6785.43,0.95
1598,539363962,"01598M15:08:10.280","01598 14:20:53",257.02,807.58,,,,"     ",5.10,6695.15,0.94
1598,539363963,"01598M15:08:11.253","01598 14:20:54",256.96,807.60,,,,"     ",5.10,6746.84,0.95
1598,539363964,"01598M15:08:12.226","01598 14:20:55",256.89,807.60,,,,"     ",5.10,6780.50,0.95
1598,539363965,"01598M15:08:13.199","01598 14:20:56",256.84,807.56,,,,"     ",5.10,6775.08,0.95
1598,539363966,"01598M15:08:14.173","01598 14:20:57",256.78,807.56,,,,"     ",5.10,6740.55,0.95
1598,539363967,"01598M15:08:15.146","01598 14:20:58",256.71,807.60,,,,"     ",5.10,6759.99,0.95
1598,539363968,"01598M15:08:16.119","01598 14:20:59",256.64,807.58,,,,"     ",5.10,6736.46,0.94
1598,539363969,"01598M15:08:17.092","01598 14:21:00",256.56,807.57,,,,"     ",5.10,6802.17,0.95
1598,539363970,"01598M15:08:18.066","01598 14:21:01",256.48,807.60,,,,"     ",5.10,6747.84,0.95
1598,539363971,"01598M15:08:19.039","01598 14:21:02",256.37,807.56,,,,"     ",5.10,6688.33,0.94
1598,539363972,"01598M15:08:20.012","01598 14:21:03",256.26,807.61,,,,"     ",5.10,6746.02,0.94
1598,539363973,"01598M15:08:20.985","01598 14:21:04",256.14,807.72,,,,"     ",5.10,6752.47,0.95
1598,539363974,"01598M15:08:21.959","01598 14:21:05",256.02,807.66,,,,"     ",5.10,6660.38,0.93
1598,539363975,"01598M15:08:22.932","01598 14:21:06",255.91,807.72,,,,"     ",5.10,6768.43,0.95
1598,539363976,"01598M15:08:23.905","01598 14:21:07",255.82,807.81,,,,"     ",5.10,6768.64,0.95
1598,539363977,"01598M15:08:24.878","01598 14:21:08",255.73,807.84,,,,"     ",5.10,6773.80,0.95
1598,539363978,"01598M15:08:25.852","01598 14:21:09",255.64,807.86,,,,"     ",5.10,6740.88,0.94
1598,539363979,"01598M15:08:26.825","01598 14:21:10",255.56,807.83,,,,"     ",5.10,6656.03,0.93
1598,539363980,"01598M15:08:27.798","01598 14:21:11",255.48,807.79,,,,"     ",5.10,6695.97,0.94
1598,539363981,"01598M15:08:28.771","01598 14:21:12",255.41,807.79,,,,"     ",5.10,6682.03,0.93
1598,539363982,"01598M15:08:29.745","01598 14:21:13",255.35,807.90,,,,"     ",5.10,6740.33,0.94
1598,539363983,"01598M15:08:30.718","01598 14:21:14",255.30,807.72,,,,"     ",5.10,6707.42,0.94
1598,539363984,"01598M15:08:31.691","01598 14:21:15",255.27,807.74,,,,"     ",5.10,6842.61,0.96
1598,539363985,"01598M15:08:32.664","01598 14:21:16",255.25,807.66,,,,"     ",5.10,6798.21,0.95
1598,539363986,"01598M15:08:33.638","01598 14:21:17",255.24,807.57,,,,"     ",5.10,6780.12,0.95
1598,539363987,"01598M15:08:34.611","01598 14:21:18",255.24,807.51,,,,"     ",5.10,6767.47,0.94
1598,539363988,"01598M15:08:35.584","01598 14:21:19",255.25,807.38,,,,"     ",5.10,6699.80,0.93
1598,539363989,"01598M15:08:36.557","01598 14:21:19",255.26,807.53,,,,"     ",5.10,6745.83,0.94
1598,539363990,"01598M15:08:37.531","01598 14:21:20",255.27,807.50,,,,"     ",5.10,6749.13,0.94
1598,539363991,"01598M15:08:38.504","01598 14:21:21",255.29,807.68,,,,"     ",5.10,6754.75,0.94
1598,539363992,"01598M15:08:39.477","01598 14:21:22",255.31,807.70,,,,"     ",5.10,6759.27,0.94
1598,539363993,"01598M15:08:40.450","01598 14:21:23",255.32,807.72,,,,"     ",5.10,6793.54,0.95
1598,539363994,"01598M15:08:41.424","01598 14:21:24",255.34,807.73,,,,"     ",5.10,6749.09,0.94
1598,539363995,"01598M15:08:42.397","01598 14:21:25",255.34,807.69,,,,"     ",5.10,6769.07,0.95
1598,539363996,"01598M15:08:43.370","01598 14:21:26",255.32,807.70,,,,"     ",5.10,6745.56,0.94
1598,539363997,"01598M15:08:44.343","01598 14:21:27",255.30,807.68,,,,"     ",5.10,6807.10,0.95
1598,539363998,"01598M15:08:45.317","01598 14:21:28",255.25,807.64,,,,"     ",5.10,6779.13,0.95
1598,539363999,"01598M15:08:46.290","01598 14:21:29",255.21,807.68,,,,"     ",5.10,6659.74,0.93
1598,539364000,"01598M15:08:47.263","01598 14:21:30",255.16,807.61,,,,"     ",5.10,6763.35,0.94
1598,539364001,"01598M15:08:48.236","01598 14:21:31",255.13,807.61,,,,"     ",5.10,6705.43,0.94
1598,539364002,"01598M15:08:49.210","01598 14:21:32",255.11,807.61,,,,"     ",5.10,6828.85,0.95
1598,539364003,"01598M15:08:50.183","01598 14:21:33",255.09,807.55,,,,"     ",5.10,6816.66,0.95
1598,539364004,"01598M15:08:51.156","01598 14:21:34",255.07,807.60,,,,"     ",5.10,6754.37,0.94
1598,539364005,"01598M15:08:52.129","01598 14:21:35",255.06,807.54,,,,"     ",5.10,6727.53,0.94
1598,539364006,"01598M15:08:53.103","01598 14:21:36",255.03,807.61,,,,"     ",5.10,6755.32,0.94
1598,539364007,"01598M15:08:54.076","01598 14:21:37",255.00,807.54,,,,"     ",5.10,6719.76,0.94
1598,539364008,"01598M15:08:55.049","01598 14:21:38",254.95,807.64,,,,"     ",5.10,6713.69,0.94
1598,539364009,"01598M15:08:56.022","01598 14:21:39",254.88,807.64,,,,"     ",5.10,6778.65,0.95
1598,539364010,"01598M15:08:56.996","01598 14:21:40",254.80,807.65,,,,"     ",5.10,6704.60,0.94
1598,539364011,"01598M15:08:57.969","01598 14:21:41",254.71,807.76,,,,"     ",5.10,6778.11,0.95
1598,539364012,"01598M15:08:58.942","01598 14:21:42",254.62,807.69,,,,"     ",5.10,6716.35,0.94
1598,539364013,"01598M15:08:59.915","01598 14:21:43",254.52,807.70,,,,"     ",5.10,6738.98,0.94
1598,539364014,"01598M15:09:00.889","01598 14:21:44",254.41,807.76,,,,"     ",5.10,6690.92,0.93
1598,539364015,"01598M15:09:01.862","01598 14:21:45",254.30,807.75,,,,"     ",5.10,6755.95,0.94
1598,539364016,"01598M15:09:02.835","01598 14:21:46",254.19,807.81,,,,"     ",5.10,6754.78,0.94
1598,539364017,"01598M15:09:03.808","01598 14:21:47",254.09,807.86,,,,"     ",5.10,6678.55,0.93
1598,539364018,"01598M15:09:04.782","01598 14:21:48",254.01,807.81,,,,"     ",5.10,6762.09,0.94
1598,539364019,"01598M15:09:05.755","01598 14:21:49",253.96,807.85,,,,"     ",5.10,6702.66,0.93
1598,539364020,"01598M15:09:06.728","01598 14:21:50",253.95,807.84,,,,"     ",5.10,6780.95,0.95
1598,539364021,"01598M15:09:07.701","01598 14:21:51",253.96,807.73,,,,"     ",5.10,6690.95,0.93
1598,539364022,"01598M15:09:08.675","01598 14:21:52",254.00,807.71,,,,"     ",5.10,6846.53,0.96
1598,539364023,"01598M15:09:09.648","01598 14:21:53",254.06,807.72,,,,"     ",5.10,6717.25,0.94
1598,539364024,"01598M15:09:10.621","01598 14:21:54",254.14,807.65,,,,"     ",5.10,6806.20,0.95
1598,539364025,"01598M15:09:11.594","01598 14:21:55",254.22,807.69,,,,"     ",5.10,6776.36,0.95
1598,539364026,"01598M15:09:12.568","01598 14:21:55",254.32,807.66,,,,"     ",5.10,6697.19,0.93
1598,539364027,"01598M15:09:13.541","01598 14:21:56",254.42,807.61,,,,"     ",5.10,6715.80,0.94
1598,539364028,"01598M15:09:14.514","01598 14:21:57",254.53,807.69,,,,"     ",5.10,6722.70,0.94
1598,539364029,"01598M15:09:15.488","01598 14:21:58",254.63,807.79,,,,"     ",5.10,6686.19,0.93
1598,539364030,"01598M15:09:16.461","01598 14:21:59",254.72,807.75,,,,"     ",5.10,6702.07,0.93
1598,539364031,"01598M15:09:17.434","01598 14:22:00",254.80,807.73,,,,"     ",5.10,6727.33,0.94
1598,539364032,"01598M15:09:18.407","01598 14:22:01",254.87,807.72,,,,"     ",5.10,6752.72,0.94
1598,539364033,"01598M15:09:19.381","01598 14:22:02",254.92,807.73,,,,"     ",5.10,6779.95,0.95
1598,539364034,"01598M15:09:20.354","01598 14:22:03",254.96,807.67,,,,"     ",5.10,6680.73,0.93
1598,539364035,"01598M15:09:21.327","01598 14:22:04",255.00,807.70,,,,"     ",5.10,6765.17,0.94
1598,539364036,"01598M15:09:22.300","01598 14:22:05",255.04,807.66,,,,"     ",5.10,6705.88,0.93
1598,539364037,"01598M15:09:23.274","01598 14:22:06",255.08,807.63,,,,"     ",5.10,6755.78,0.94
1598,539364038,"01598M15:09:24.247","01598 14:22:07",255.13,807.70,,,,"     ",5.10,6785.53,0.95
1598,539364039,"01598M15:09:25.220","01598 14:22:08",255.18,807.72,,,,"     ",5.10,6737.31,0.94
1598,539364040,"01598M15:09:26.193","01598 14:22:09",255.24,807.63,,,,"     ",5.10,6795.08,0.95
1598,539364041,"01598M15:09:27.167","01598 14:22:10",255.30,807.64,,,,"     ",5.10,6808.76,0.95
1598,539364042,"01598M15:09:28.140","01598 14:22:11",255.36,807.67,,,,"     ",5.10,6804.75,0.95
1598,539364043,"01598M15:09:29.113","01598 14:22:12",255.42,807.62,,,,"     ",5.10,6742.20,0.94
1598,539364044,"01598M15:09:30.086","01598 14:22:13",255.49,807.66,,,,"     ",5.10,6677.63,0.93
1598,539364045,"01598M15:09:31.060","01598 14:22:14",255.56,807.62,,,,"     ",5.10,6673.71,0.93
1598,539364046,"01598M15:09:32.033","01598 14:22:15",255.63,807.62,,,,"     ",5.10,6707.58,0.93
1598,539364047,"01598M15:09:33.006","01598 14:22:16",255.71,807.59,,,,"     ",5.10,6867.43,0.96
1598,539364048,"01598M15:09:33.979","01598 14:22:17",255.79,807.62,,,,"     ",5.10,6668.14,0.93
1598,539364049,"01598M15:09:34.953","01598 14:22:18",255.87,807.60,,,,"     ",5.10,6792.07,0.94
1598,539364050,"01598M15:09:35.926","01598 14:22:19",255.95,807.71,,,,"     ",5.10,6720.73,0.93
1598,539364051,"01598M15:09:36.899","01598 14:22:20",256.04,807.62,,,,"     ",5.10,6721.29,0.93
1598,539364052,"01598M15:09:37.872","01598 14:22:21",256.13,807.64,,,,"     ",5.10,6775.88,0.94
1598,539364053,"01598M15:09:38.846","01598 14:22:22",256.34,807.55,,,,"     ",5.10,6801.04,0.94
1598,539364054,"01598M15:09:39.819","01598 14:22:23",256.19,807.56,,,,"     ",5.10,6774.27,0.94
1598,539364055,"01598M15:09:40.792","01598 14:22:24",256.05,807.50,,,,"     ",5.10,6728.60,0.93
1598,539364056,"01598M15:09:41.765","01598 14:22:25",255.92,807.61,,,,"     ",5.10,6786.33,0.94
1598,539364057,"01598M15:09:42.739","01598 14:22:26",255.79,807.61,,,,"     ",5.10,6801.32,0.94
1598,539364058,"01598M15:09:43.712","01598 14:22:27",255.67,807.53,,,,"     ",5.10,6717.89,0.93
1598,539364059,"01598M15:09:44.685","01598 14:22:28",255.56,807.54,,,,"     ",5.10,6803.33,0.94
1598,539364060,"01598M15:09:45.658","01598 14:22:29",255.45,807.56,,,,"     ",5.10,6788.21,0.94
1598,539364061,"01598M15:09:46.632","01598 14:22:30",255.34,807.56,,,,"     ",5.10,6834.50,0.95
1598,539364062,"01598M15:09:47.605","01598 14:22:31",255.25,807.66,,,,"     ",5.10,6849.78,0.95
1598,539364063,"01598M15:09:48.578","01598 14:22:31",255.15,807.66,,,,"     ",5.10,6767.14,0.94
1598,539364064,"01598M15:09:49.551","01598 14:22:32",255.06,807.60,,,,"     ",5.10,6721.72,0.93
1598,539364065,"01598M15:09:50.525","01598 14:22:33",254.98,807.58,,,,"     ",5.10,6788.16,0.94
1598,539364066,"01598M15:09:51.498","01598 14:22:34",254.90,807.53,,,,"     ",5.10,6785.37,0.94
1598,539364067,"01598M15:09:52.471","01598 14:22:35",254.84,807.61,,,,"     ",5.10,6805.85,0.94
1598,539364068,"01598M15:09:53.444","01598 14:22:36",254.80,807.58,,,,"     ",5.10,6724.65,0.93
1598,539364069,"01598M15:09:54.418","01598 14:22:37",254.76,807.63,,,,"     ",5.10,6762.18,0.93
1598,539364070,"01598M15:09:55.391","01598 14:22:38",254.71,807.58,,,,"     ",5.10,6803.55,0.94
1598,539364071,"01598M15:09:56.364","01598 14:22:39",254.67,807.52,,,,"     ",5.10,6740.50,0.93
1598,539364072,"01598M15:09:57.337","01598 14:22:40",254.64,807.48,,,,"     ",5.10,6793.89,0.94
1598,539364073,"01598M15:09:58.311","01598 14:22:41",254.62,807.58,,,,"     ",5.10,6803.34,0.94
1598,539364074,"01598M15:09:59.284","01598 14:22:42",254.60,807.57,,,,"     ",5.10,6800.73,0.94
1598,539364075,"01598M15:10:00.257","01598 14:22:43",254.60,807.49,,,,"     ",5.10,6752.16,0.93
1598,539364076,"01598M15:10:01.230","01598 14:22:44",254.61,807.50,,,,"     ",5.10,6724.68,0.93
1598,539364077,"01598M15:10:02.204","01598 14:22:45",254.62,807.49,,,,"     ",5.10,6784.72,0.93
1598,539364078,"01598M15:10:03.177","01598 14:22:46",254.62,807.48,,,,"     ",5.10,6736.11,0.93
1598,539364079,"01598M15:10:04.150","01598 14:22:47",254.63,807.53,,,,"     ",5.10,6782.05,0.93
1598,539364080,"01598M15:10:05.123","01598 14:22:48",254.63,807.61,,,,"     ",5.10,6756.89,0.93
1598,539364081,"01598M15:10:06.097","01598 14:22:49",254.63,807.46,,,,"     ",5.10,6772.06,0.93
1598,539364082,"01598M15:10:07.070","01598 14:22:50",254.63,807.48,,,,"     ",5.10,6813.15,0.94
1598,539364083,"01598M15:10:08.043","01598 14:22:51",254.63,807.53,,,,"     ",5.10,6822.69,0.94
1598,539364084,"01598M15:10:09.016","01598 14:22:52",254.63,807.46,,,,"     ",5.10,6782.57,0.93
1598,539364085,"01598M15:10:09.990","01598 14:22:53",254.63,807.47,,,,"     ",5.10,6861.70,0.94
1598,539364086,"01598M15:10:10.963","01598 14:22:54",254.63,807.50,,,,"     ",5.10,6852.35,0.94
1598,539364087,"01598M15:10:11.936","01598 14:22:55",254.63,807.46,,,,"     ",5.10,6730.04,0.92
1598,539364088,"01598M15:10:12.909","01598 14:22:56",254.64,807.48,,,,"     ",5.10,6739.26,0.92
1598,539364089,"01598M15:10:13.883","01598 14:22:57",254.66,807.52,,,,"     ",5.10,6806.02,0.93
1598,539364090,"01598M15:10:14.856","01598 14:22:58",254.68,807.54,,,,"     ",5.10,6774.38,0.93
1598,539364091,"01598M15:10:15.829","01598 14:22:59",254.73,807.44,,,,"     ",5.10,6823.46,0.94
1598,539364092,"01598M15:10:16.802","01598 14:23:00",254.79,807.47,,,,"     ",5.10,6825.89,0.94
1598,539364093,"01598M15:10:17.776","01598 14:23:01",254.86,807.51,,,,"     ",5.10,6826.05,0.93
1598,539364094,"01598M15:10:18.749","01598 14:23:02",254.94,807.48,,,,"     ",5.10,6903.76,0.95
1598,539364095,"01598M15:10:19.722","01598 14:23:03",255.01,807.49,,,,"     ",5.10,6760.65,0.92
1598,539364096,"01598M15:10:20.695","01598 14:23:04",255.08,807.46,,,,"     ",5.10,6800.25,0.93
1598,539364097,"01598M15:10:21.669","01598 14:23:05",255.13,807.50,,,,"     ",5.10,6835.70,0.94
1598,539364098,"01598M15:10:22.642","01598 14:23:06",255.19,807.52,,,,"     ",5.10,6798.26,0.93
1598,539364099,"01598M15:10:23.615","01598 14:23:07",255.25,807.52,,,,"     ",5.10,6787.21,0.93
1598,539364100,"01598M15:10:24.588","01598 14:23:07",255.32,807.45,,,,"     ",5.10,6892.49,0.94
1598,539364101,"01598M15:10:25.562","01598 14:23:08",255.39,807.50,,,,"     ",5.10,6796.21,0.93
1598,539364102,"01598M15:10:26.535","01598 14:23:09",255.47,807.47,,,,"     ",5.10,6834.47,0.93
1598,539364103,"01598M15:10:27.508","01598 14:23:10",255.55,807.52,,,,"     ",5.10,6817.02,0.93
1598,539364104,"01598M15:10:28.482","01598 14:23:11",255.61,807.55,,,,"     ",5.10,6889.43,0.94
1598,539364105,"01598M15:10:29.455","01598 14:23:12",255.66,807.53,,,,"     ",5.10,6811.62,0.93
1598,539364106,"01598M15:10:30.428","01598 14:23:13",255.71,807.42,,,,"     ",5.10,6878.01,0.94
1598,539364107,"01598M15:10:31.401","01598 14:23:14",255.73,807.51,,,,"     ",5.10,7013.04,0.96
1598,539364108,"01598M15:10:32.375","01598 14:23:15",255.75,807.49,,,,"     ",5.10,6891.24,0.94
1598,539364109,"01598M15:10:33.348","01598 14:23:16",255.76,807.46,,,,"     ",5.10,6741.71,0.92
1598,539364110,"01598M15:10:34.321","01598 14:23:17",255.77,807.48,,,,"     ",5.10,6812.97,0.93
1598,539364111,"01598M15:10:35.294","01598 14:23:18",255.78,807.49,,,,"     ",5.10,6891.23,0.94
1598,539364112,"01598M15:10:36.268","01598 14:23:19",255.79,807.45,,,,"     ",5.10,6854.21,0.93
1598,539364113,"01598M15:10:37.241","01598 14:23:20",255.80,807.45,,,,"     ",5.10,6918.20,0.94
1598,539364114,"01598M15:10:38.214","01598 14:23:21",255.79,807.53,,,,"     ",5.10,6810.83,0.93
1598,539364115,"01598M15:10:39.187","01598 14:23:22",255.79,807.48,,,,"     ",5.10,6824.49,0.93
1598,539364116,"01598M15:10:40.161","01598 14:23:23",255.79,807.53,,,,"     ",5.10,6889.55,0.94
1598,539364117,"01598M15:10:41.134","01598 14:23:24",255.80,807.56,,,,"     ",5.10,6824.74,0.93
1598,539364118,"01598M15:10:42.107","01598 14:23:25",255.83,807.44,,,,"     ",5.10,6841.31,0.93
1598,539364119,"01598M15:10:43.080","01598 14:23:26",255.86,807.56,,,,"     ",5.10,6858.43,0.93
1598,539364120,"01598M15:10:44.054","01598 14:23:27",255.89,807.38,,,,"     ",5.10,6945.12,0.94
1598,539364121,"01598M15:10:45.027","01598 14:23:28",255.92,807.50,,,,"     ",5.10,6827.01,0.93
1598,539364122,"01598M15:10:46.000","01598 14:23:29",255.95,807.47,,,,"     ",5.10,6908.56,0.94
1598,539364123,"01598M15:10:46.973","01598 14:23:30",255.96,807.45,,,,"     ",5.10,6920.90,0.94
1598,539364124,"01598M15:10:47.947","01598 14:23:31",255.96,807.48,,,,"     ",5.10,6843.38,0.93
1598,539364125,"01598M15:10:48.920","01598 14:23:32",255.96,807.45,,,,"     ",5.10,6837.34,0.93
1598,539364126,"01598M15:10:49.893","01598 14:23:33",255.96,807.39,,,,"     ",5.10,6846.07,0.93
1598,539364127,"01598M15:10:50.866","01598 14:23:34",255.98,807.48,,,,"     ",5.10,6879.42,0.93
1598,539364128,"01598M15:10:51.840","01598 14:23:35",256.00,807.44,,,,"     ",5.10,6861.84,0.93
1598,539364129,"01598M15:10:52.813","01598 14:23:36",256.05,807.51,,,,"     ",5.10,6869.51,0.93
1598,539364130,"01598M15:10:53.786","01598 14:23:37",256.10,807.50,,,,"     ",5.10,6817.48,0.92
1598,539364131,"01598M15:10:54.759","01598 14:23:38",256.16,807.45,,,,"     ",5.10,6813.19,0.92
1598,539364132,"01598M15:10:55.733","01598 14:23:39",256.22,807.37,,,,"     ",5.10,6956.77,0.94
1598,539364133,"01598M15:10:56.706","01598 14:23:40",256.28,807.36,,,,"     ",5.10,6823.46,0.92
1598,539364134,"01598M15:10:57.679","01598 14:23:41",256.32,807.40,,,,"     ",5.10,6854.93,0.93
1598,539364135,"01598M15:10:58.652","01598 14:23:42",256.36,807.39,,,,"     ",5.10,6839.70,0.92
1598,539364136,"01598M15:10:59.626","01598 14:23:43",256.37,807.30,,,,"     ",5.10,6943.47,0.94
1598,539364137,"01598M15:11:00.599","01598 14:23:43",256.37,807.36,,,,"     ",5.10,6859.16,0.93
1598,539364138,"01598M15:11:01.572","01598 14:23:44",256.35,807.34,,,,"     ",5.10,6881.92,0.93
1598,539364139,"01598M15:11:02.545","01598 14:23:45",256.30,807.37,,,,"     ",5.10,6902.03,0.93
1598,539364140,"01598M15:11:03.519","01598 14:23:46",256.24,807.36,,,,"     ",5.10,6963.59,0.94
1598,539364141,"01598M15:11:04.492","01598 14:23:47",256.17,807.30,,,,"     ",5.10,6915.35,0.93
1598,539364142,"01598M15:11:05.465","01598 14:23:48",256.10,807.35,,,,"     ",5.10,6946.88,0.94
1598,539364143,"01598M15:11:06.438","01598 14:23:49",256.04,807.44,,,,"     ",5.10,6951.60,0.94
1598,539364144,"01598M15:11:07.412","01598 14:23:50",255.98,807.30,,,,"     ",5.10,6933.34,0.93
1598,539364145,"01598M15:11:08.385","01598 14:23:51",255.93,807.41,,,,"     ",5.10,6885.22,0.93
1598,539364146,"01598M15:11:09.358","01598 14:23:52",255.87,807.37,,,,"     ",5.10,6811.01,0.92
1598,539364147,"01598M15:11:10.331","01598 14:23:53",255.83,807.42,,,,"     ",5.10,6880.30,0.93
1598,539364148,"01598M15:11:11.305","01598 14:23:54",255.78,807.48,,,,"     ",5.10,6960.64,0.94
1598,539364149,"01598M15:11:12.278","01598 14:23:55",255.73,807.43,,,,"     ",5.10,6906.55,0.93
1598,539364150,"01598M15:11:13.251","01598 14:23:56",255.70,807.43,,,,"     ",5.10,6876.62,0.92
1598,539364151,"01598M15:11:14.224","01598 14:23:57",255.68,807.38,,,,"     ",5.10,6823.02,0.92
1598,539364152,"01598M15:11:15.198","01598 14:23:58",255.67,807.45,,,,"     ",5.10,6930.31,0.93
1598,539364153,"01598M15:11:16.171","01598 14:23:59",255.68,807.37,,,,"     ",5.10,6804.78,0.91
1598,539364154,"01598M15:11:17.144","01598 14:24:00",255.71,807.44,,,,"     ",5.10,6902.04,0.93
1598,539364155,"01598M15:11:18.117","01598 14:24:01",255.74,807.41,,,,"     ",5.10,6947.46,0.93
1598,539364156,"01598M15:11:19.091","01598 14:24:02",255.78,807.47,,,,"     ",5.10,6875.67,0.92
1598,539364157,"01598M15:11:20.064","01598 14:24:03",255.82,807.36,,,,"     ",5.10,6904.98,0.93
1598,539364158,"01598M15:11:21.037","01598 14:24:04",255.87,807.35,,,,"     ",5.10,6819.54,0.92
1598,539364159,"01598M15:11:22.010","01598 14:24:05",255.91,807.38,,,,"     ",5.10,6953.58,0.93
1598,539364160,"01598M15:11:22.984","01598 14:24:06",255.95,807.41,,,,"     ",5.10,6926.25,0.93
1598,539364161,"01598M15:11:23.957","01598 14:24:07",255.97,807.42,,,,"     ",5.10,6904.71,0.93
1598,539364162,"01598M15:11:24.930","01598 14:24:08",255.99,807.34,,,,"     ",5.10,6830.53,0.92
1598,539364163,"01598M15:11:25.903","01598 14:24:09",255.97,807.26,,,,"     ",5.10,6845.95,0.92
1598,539364164,"01598M15:11:26.877","01598 14:24:10",255.93,807.25,,,,"     ",5.10,6880.98,0.92
1598,539364165,"01598M15:11:27.850","01598 14:24:11",255.87,807.24,,,,"     ",5.10,6864.45,0.92
1598,539364166,"01598M15:11:28.823","01598 14:24:12",255.78,807.35,,,,"     ",5.10,6894.98,0.92
1598,539364167,"01598M15:11:29.796","01598 14:24:13",255.69,807.28,,,,"     ",5.10,6927.24,0.93
1598,539364168,"01598M15:11:30.770","01598 14:24:14",255.60,807.28,,,,"     ",5.10,6909.43,0.93
1598,539364169,"01598M15:11:31.743","01598 14:24:15",255.51,807.24,,,,"     ",5.10,6918.44,0.93
1598,539364170,"01598M15:11:32.716","01598 14:24:16",255.45,807.33,,,,"     ",5.10,6851.38,0.92
1598,539364171,"01598M15:11:33.689","01598 14:24:17",255.41,807.27,,,,"     ",5.10,6928.28,0.93
1598,539364172,"01598M15:11:34.663","01598 14:24:18",255.40,807.31,,,,"     ",5.10,6958.97,0.93
1598,539364173,"01598M15:11:35.636","01598 14:24:19",255.40,807.25,,,,"     ",5.10,6903.47,0.92
1598,539364174,"01598M15:11:36.609","01598 14:24:20",255.40,807.30,,,,"     ",5.10,6889.13,0.92
1598,539364175,"01598M15:11:37.583","01598 14:24:20",255.42,807.28,,,,"     ",5.10,6910.03,0.93
1598,539364176,"01598M15:11:38.556","01598 14:24:21",255.43,807.32,,,,"     ",5.10,6961.29,0.93
1598,539364177,"01598M15:11:39.529","01598 14:24:22",255.46,807.27,,,,"     ",5.10,6980.79,0.94
1598,539364178,"01598M15:11:40.502","01598 14:24:23",255.48,807.33,,,,"     ",5.10,6928.74,0.93
1598,539364179,"01598M15:11:41.476","01598 14:24:24",255.49,807.36,,,,"     ",5.10,6889.08,0.92
1598,539364180,"01598M15:11:42.449","01598 14:24:25",255.51,807.35,,,,"     ",5.10,6902.96,0.92
1598,539364181,"01598M15:11:43.422","01598 14:24:26",255.52,807.31,,,,"     ",5.10,6928.42,0.93
1598,539364182,"01598M15:11:44.395","01598 14:24:27",255.52,807.27,,,,"     ",5.10,6867.55,0.92
1598,539364183,"01598M15:11:45.369","01598 14:24:28",255.50,807.32,,,,"     ",5.10,6985.81,0.94
1598,539364184,"01598M15:11:46.342","01598 14:24:29",255.48,807.25,,,,"     ",5.10,6916.48,0.93
1598,539364185,"01598M15:11:47.315","01598 14:24:30",255.45,807.31,,,,"     ",5.10,6842.23,0.92
1598,539364186,"01598M15:11:48.288","01598 14:24:31",255.40,807.31,,,,"     ",5.10,6773.47,0.91
1598,539364187,"01598M15:11:49.262","01598 14:24:32",255.35,807.30,,,,"     ",5.10,6893.52,0.92
1598,539364188,"01598M15:11:50.235","01598 14:24:33",255.29,807.36,,,,"     ",5.10,6906.24,0.93
1598,539364189,"01598M15:11:51.208","01598 14:24:34",255.22,807.38,,,,"     ",5.10,6819.65,0.91
1598,539364190,"01598M15:11:52.181","01598 14:24:35",255.15,807.25,,,,"     ",5.10,6865.31,0.92
1598,539364191,"01598M15:11:53.155","01598 14:24:36",255.07,807.23,,,,"     ",5.10,6849.76,0.92
1598,539364192,"01598M15:11:54.128","01598 14:24:37",254.98,807.33,,,,"     ",5.10,6932.20,0.93
1598,539364193,"01598M15:11:55.101","01598 14:24:38",254.89,807.36,,,,"     ",5.10,6931.15,0.93
1598,539364194,"01598M15:11:56.074","01598 14:24:39",254.80,807.33,,,,"     ",5.10,6830.58,0.91
1598,539364195,"01598M15:11:57.048","01598 14:24:40",254.72,807.33,,,,"     ",5.10,6868.28,0.92
1598,539364196,"01598M15:11:58.021","01598 14:24:41",254.65,807.36,,,,"     ",5.10,6821.07,0.91
1598,539364197,"01598M15:11:58.994","01598 14:24:42",254.58,807.38,,,,"     ",5.10,6864.94,0.92
1598,539364198,"01598M15:11:59.967","01598 14:24:43",254.53,807.25,,,,"     ",5.10,6883.67,0.92
1598,539364199,"01598M15:12:00.941","01598 14:24:44",254.50,807.28,,,,"     ",5.10,6814.75,0.91
1598,539364200,"01598M15:12:01.914","01598 14:24:45",254.46,807.32,,,,"     ",5.10,6802.46,0.91
1598,539364201,"01598M15:12:02.887","01598 14:24:46",254.44,807.23,,,,"     ",5.10,6784.57,0.91
1598,539364202,"01598M15:12:03.860","01598 14:24:47",254.41,807.24,,,,"     ",5.10,6760.66,0.91
1598,539364203,"01598M15:12:04.834","01598 14:24:48",254.38,807.23,,,,"     ",5.10,6842.10,0.92
1598,539364204,"01598M15:12:05.807","01598 14:24:49",254.35,807.17,,,,"     ",5.10,6828.21,0.92
1598,539364205,"01598M15:12:06.780","01598 14:24:50",254.31,807.12,,,,"     ",5.10,6819.89,0.92
1598,539364206,"01598M15:12:07.753","01598 14:24:51",254.28,807.10,,,,"     ",5.10,6841.04,0.92
1598,539364207,"01598M15:12:08.727","01598 14:24:52",254.25,807.13,,,,"     ",5.10,6900.52,0.93
1598,539364208,"01598M15:12:09.700","01598 14:24:53",254.21,807.09,,,,"     ",5.10,6838.97,0.92
1598,539364209,"01598M15:12:10.673","01598 14:24:54",254.17,807.12,,,,"     ",5.10,6858.00,0.92
1598,539364210,"01598M15:12:11.646","01598 14:24:55",254.13,807.22,,,,"     ",5.10,6770.40,0.91
1598,539364211,"01598M15:12:12.620","01598 14:24:56",254.10,807.25,,,,"     ",5.10,6831.93,0.92
1598,539364212,"01598M15:12:13.593","01598 14:24:56",254.08,807.23,,,,"     ",5.10,6793.54,0.92
1598,539364213,"01598M15:12:14.566","01598 14:24:57",254.07,807.22,,,,"     ",5.10,6790.48,0.92
1598,539364214,"01598M15:12:15.539","01598 14:24:58",254.07,807.22,,,,"     ",5.10,6853.27,0.92
1598,539364215,"01598M15:12:16.513","01598 14:24:59",254.08,807.14,,,,"     ",5.10,6772.59,0.91
1598,539364216,"01598M15:12:17.486","01598 14:25:00",254.11,807.25,,,,"     ",5.10,6798.10,0.92
1598,539364217,"01598M15:12:18.459","01598 14:25:01",254.15,807.24,,,,"     ",5.10,6769.57,0.91
1598,539364218,"01598M15:12:19.432","01598 14:25:02",254.21,807.27,,,,"     ",5.10,6741.96,0.91
1598,539364219,"01598M15:12:20.406","01598 14:25:03",254.26,807.23,,,,"     ",5.10,6832.86,0.92
1598,539364220,"01598M15:12:21.379","01598 14:25:04",254.32,807.31,,,,"     ",5.10,6790.26,0.92
1598,539364221,"01598M15:12:22.352","01598 14:25:05",254.36,807.23,,,,"     ",5.10,6769.11,0.92
1598,539364222,"01598M15:12:23.325","01598 14:25:06",254.40,807.21,,,,"     ",5.10,6759.84,0.92
1598,539364223,"01598M15:12:24.299","01598 14:25:07",254.42,807.20,,,,"     ",5.10,6802.18,0.92
1598,539364224,"01598M15:12:25.272","01598 14:25:08",254.44,807.26,,,,"     ",5.10,6771.86,0.92
1598,539364225,"01598M15:12:26.245","01598 14:25:09",254.44,807.24,,,,"     ",5.10,6771.54,0.92
1598,539364226,"01598M15:12:27.218","01598 14:25:10",254.44,807.20,,,,"     ",5.10,6752.81,0.92
1598,539364227,"01598M15:12:28.192","01598 14:25:11",254.43,807.30,,,,"     ",5.10,6786.41,0.92
1598,539364228,"01598M15:12:29.165","01598 14:25:12",254.40,807.21,,,,"     ",5.10,6792.51,0.92
1598,539364229,"01598M15:12:30.138","01598 14:25:13",254.37,807.15,,,,"     ",5.10,6864.83,0.93
1598,539364230,"01598M15:12:31.111","01598 14:25:14",254.32,807.10,,,,"     ",5.10,6755.97,0.92
1598,539364231,"01598M15:12:32.085","01598 14:25:15",254.28,807.17,,,,"     ",5.10,6781.75,0.92
1598,539364232,"01598M15:12:33.058","01598 14:25:16",254.24,807.22,,,,"     ",5.10,6716.63,0.91
1598,539364233,"01598M15:12:34.031","01598 14:25:17",254.22,807.29,,,,"     ",5.10,6811.77,0.93
1598,539364234,"01598M15:12:35.004","01598 14:25:18",254.21,807.21,,,,"     ",5.10,6740.91,0.92
1598,539364235,"01598M15:12:35.978","01598 14:25:19",254.23,807.16,,,,"     ",5.10,6783.09,0.92
1598,539364236,"01598M15:12:36.951","01598 14:25:20",254.26,807.12,,,,"     ",5.10,6742.22,0.92
1598,539364237,"01598M15:12:37.924","01598 14:25:21",254.32,807.06,,,,"     ",5.10,6745.73,0.92
1598,539364238,"01598M15:12:38.897","01598 14:25:22",254.40,807.15,,,,"     ",5.10,6723.25,0.92
1598,539364239,"01598M15:12:39.871","01598 14:25:23",254.49,807.13,,,,"     ",5.10,6818.22,0.93
1598,539364240,"01598M15:12:40.844","01598 14:25:24",254.60,807.14,,,,"     ",5.10,6749.39,0.92
1598,539364241,"01598M15:12:41.817","01598 14:25:25",254.72,807.08,,,,"     ",5.10,6722.77,0.92
1598,539364242,"01598M15:12:42.790","01598 14:25:26",254.87,807.07,,,,"     ",5.10,6688.46,0.91
1598,539364243,"01598M15:12:43.764","01598 14:25:27",255.03,807.10,,,,"     ",5.10,6624.96,0.90
1598,539364244,"01598M15:12:44.737","01598 14:25:28",255.21,807.12,,,,"     ",5.10,6665.56,0.91
1598,539364245,"01598M15:12:45.710","01598 14:25:29",255.40,807.09,,,,"     ",5.10,6745.16,0.92
1598,539364246,"01598M15:12:46.684","01598 14:25:30",255.58,807.11,,,,"     ",5.10,6751.04,0.92
1598,539364247,"01598M15:12:47.657","01598 14:25:31",255.76,807.09,,,,"     ",5.10,6706.57,0.92
1598,539364248,"01598M15:12:48.630","01598 14:25:32",255.92,807.10,,,,"     ",5.10,6717.85,0.92
1598,539364249,"01598M15:12:49.603","01598 14:25:32",256.07,807.13,,,,"     ",5.10,6803.96,0.93
1598,539364250,"01598M15:12:50.577","01598 14:25:33",256.20,807.10,,,,"     ",5.10,6651.56,0.91
1598,539364251,"01598M15:12:51.550","01598 14:25:34",256.33,807.14,,,,"     ",5.10,6728.13,0.92
1598,539364252,"01598M15:12:52.523","01598 14:25:35",256.44,807.19,,,,"     ",5.10,6667.51,0.91
1598,539364253,"01598M15:12:53.496","01598 14:25:36",256.55,807.08,,,,"     ",5.10,6645.94,0.91
1598,539364254,"01598M15:12:54.470","01598 14:25:37",256.65,807.14,,,,"     ",5.10,6749.31,0.93
1598,539364255,"01598M15:12:55.443","01598 14:25:38",256.74,807.16,,,,"     ",5.10,6651.23,0.91
1598,539364256,"01598M15:12:56.416","01598 14:25:39",256.84,807.12,,,,"     ",5.10,6717.88,0.92
1598,539364257,"01598M15:12:57.389","01598 14:25:40",256.93,807.08,,,,"     ",5.10,6667.80,0.92
1598,539364258,"01598M15:12:58.363","01598 14:25:41",257.02,807.12,,,,"     ",5.10,6737.84,0.93
1598,539364259,"01598M15:12:59.336","01598 14:25:42",257.11,807.13,,,,"     ",5.10,6696.57,0.92
1598,539364260,"01598M15:13:00.309","01598 14:25:43",257.20,807.04,,,,"     ",5.10,6672.26,0.92
1598,539364261,"01598M15:13:01.282","01598 14:25:44",257.28,807.09,,,,"     ",5.10,6672.40,0.92
1598,539364262,"01598M15:13:02.256","01598 14:25:45",257.37,807.01,,,,"     ",5.10,6688.69,0.92
1598,539364263,"01598M15:13:03.229","01598 14:25:46",257.45,807.03,,,,"     ",5.10,6710.51,0.92
1598,539364264,"01598M15:13:04.202","01598 14:25:47",257.52,806.94,,,,"     ",5.10,6665.81,0.92
1598,539364265,"01598M15:13:05.175","01598 14:25:48",257.59,806.92,,,,"     ",5.10,6726.42,0.93
1598,539364266,"01598M15:13:06.149","01598 14:25:49",257.65,806.98,,,,"     ",5.10,6693.10,0.92
1598,539364267,"01598M15:13:07.122","01598 14:25:50",257.71,806.96,,,,"     ",5.10,6660.47,0.92
1598,539364268,"01598M15:13:08.095","01598 14:25:51",257.75,806.98,,,,"     ",5.10,6671.78,0.92
1598,539364269,"01598M15:13:09.068","01598 14:25:52",257.79,806.98,,,,"     ",5.10,6613.48,0.91
1598,539364270,"01598M15:13:10.042","01598 14:25:53",257.82,806.98,,,,"     ",5.10,6728.17,0.93
1598,539364271,"01598M15:13:11.015","01598 14:25:54",257.85,807.00,,,,"     ",5.10,6635.64,0.91
1598,539364272,"01598M15:13:11.988","01598 14:25:55",257.87,807.08,,,,"     ",5.10,6628.22,0.91
1598,539364273,"01598M15:13:12.961","01598 14:25:56",257.89,807.08,,,,"     ",5.10,6592.53,0.91
1598,539364274,"01598M15:13:13.935","01598 14:25:57",257.91,807.05,,,,"     ",5.10,6729.30,0.93
1598,539364275,"01598M15:13:14.908","01598 14:25:58",257.94,807.00,,,,"     ",5.10,6657.65,0.92
1598,539364276,"01598M15:13:15.881","01598 14:25:59",257.97,807.11,,,,"     ",5.10,6672.95,0.92
1598,539364277,"01598M15:13:16.854","01598 14:26:00",258.01,807.07,,,,"     ",5.10,6679.75,0.92
1598,539364278,"01598M15:13:17.828","01598 14:26:01",258.07,807.05,,,,"     ",5.10,6594.47,0.91
1598,539364279,"01598M15:13:18.801","01598 14:26:02",258.13,807.01,,,,"     ",5.10,6585.03,0.91
1598,539364280,"01598M15:13:19.774","01598 14:26:03",258.19,807.08,,,,"     ",5.10,6696.43,0.92
1598,539364281,"01598M15:13:20.747","01598 14:26:04",258.26,807.00,,,,"     ",5.10,6643.98,0.92
1598,539364282,"01598M15:13:21.721","01598 14:26:05",258.34,807.02,,,,"     ",5.10,6671.35,0.92
1598,539364283,"01598M15:13:22.694","01598 14:26:06",258.42,807.14,,,,"     ",5.10,6681.78,0.92
1598,539364284,"01598M15:13:23.667","01598 14:26:07",258.51,807.07,,,,"     ",5.10,6749.86,0.93
1598,539364285,"01598M15:13:24.640","01598 14:26:08",258.60,806.94,,,,"     ",5.10,6696.88,0.92
1598,539364286,"01598M15:13:25.614","01598 14:26:08",258.69,807.01,,,,"     ",5.10,6628.56,0.91
1598,539364287,"01598M15:13:26.587","01598 14:26:09",259.72,807.07,,,,"     ",5.10,6606.64,0.91
1598,539364288,"01598M15:13:27.560","01598 14:26:10",259.64,806.95,,,,"     ",5.10,6568.30,0.91
1598,539364289,"01598M15:13:28.533","01598 14:26:11",259.55,807.01,,,,"     ",5.10,6717.02,0.93
1598,539364290,"01598M15:13:29.507","01598 14:26:12",259.46,807.00,,,,"     ",5.10,6645.76,0.92
1598,539364291,"01598M15:13:30.480","01598 14:26:13",259.38,806.99,,,,"     ",5.10,6749.94,0.93
1598,539364292,"01598M15:13:31.453","01598 14:26:14",259.30,807.05,,,,"     ",5.10,6779.36,0.94
1598,539364293,"01598M15:13:32.426","01598 14:26:15",259.21,806.93,,,,"     ",5.10,6668.78,0.92
1598,539364294,"01598M15:13:33.400","01598 14:26:16",259.10,806.99,,,,"     ",5.10,6626.28,0.91
1598,539364295,"01598M15:13:34.373","01598 14:26:17",259.01,806.91,,,,"     ",5.10,6720.01,0.93
1598,539364296,"01598M15:13:35.346","01598 14:26:18",258.93,806.99,,,,"     ",5.10,6698.16,0.92
1598,539364297,"01598M15:13:36.319","01598 14:26:19",258.88,807.08,,,,"     ",5.10,6617.30,0.91
1598,539364298,"01598M15:13:37.293","01598 14:26:20",258.85,807.00,,,,"     ",5.10,6691.58,0.92
1598,539364299,"01598M15:13:38.266","01598 14:26:21",258.83,806.97,,,,"     ",5.10,6712.42,0.93
1598,539364300,"01598M15:13:39.239","01598 14:26:22",258.82,806.91,,,,"     ",5.10,6574.82,0.91
1598,539364301,"01598M15:13:40.212","01598 14:26:23",258.80,807.01,,,,"     ",5.10,6665.81,0.92
1598,539364302,"01598M15:13:41.186","01598 14:26:24",258.79,806.99,,,,"     ",5.10,6704.16,0.93
1598,539364303,"01598M15:13:42.159","01598 14:26:25",258.78,806.95,,,,"     ",5.10,6665.96,0.92
1598,539364304,"01598M15:13:43.132","01598 14:26:26",258.78,807.02,,,,"     ",5.10,6620.04,0.91
1598,539364305,"01598M15:13:44.105","01598 14:26:27",258.79,806.93,,,,"     ",5.10,6731.88,0.93
1598,539364306,"01598M15:13:45.079","01598 14:26:28",258.83,807.00,,,,"     ",5.10,6564.04,0.91
1598,539364307,"01598M15:13:46.052","01598 14:26:29",258.88,807.01,,,,"     ",5.10,6646.72,0.92
1598,539364308,"01598M15:13:47.025","01598 14:26:30",258.96,806.98,,,,"     ",5.10,6704.82,0.93
1598,539364309,"01598M15:13:47.998","01598 14:26:31",259.04,806.98,,,,"     ",5.10,6648.03,0.92
1598,539364310,"01598M15:13:48.972","01598 14:26:32",259.16,807.00,,,,"     ",5.10,6677.97,0.92
1598,539364311,"01598M15:13:49.945","01598 14:26:33",259.27,806.98,,,,"     ",5.10,6680.27,0.92
1598,539364312,"01598M15:13:50.918","01598 14:26:34",259.38,806.96,,,,"     ",5.10,6693.07,0.93
1598,539364313,"01598M15:13:51.891","01598 14:26:35",259.47,807.02,,,,"     ",5.10,6599.41,0.91
1598,539364314,"01598M15:13:52.865","01598 14:26:36",259.56,807.00,,,,"     ",5.10,6660.57,0.92
1598,539364315,"01598M15:13:53.838","01598 14:26:37",259.64,807.02,,,,"     ",5.10,6644.40,0.92
1598,539364316,"01598M15:13:54.811","01598 14:26:38",259.72,807.07,,,,"     ",5.10,6596.79,0.91
1598,539364317,"01598M15:13:55.785","01598 14:26:39",259.80,806.99,,,,"     ",5.10,6654.50,0.92
1598,539364318,"01598M15:13:56.758","01598 14:26:40",259.86,806.92,,,,"     ",5.10,6732.46,0.93
1598,539364319,"01598M15:13:57.731","01598 14:26:41",259.90,806.95,,,,"     ",5.10,6735.01,0.93
1598,539364320,"01598M15:13:58.704","01598 14:26:42",259.93,806.92,,,,"     ",5.10,6711.00,0.93
1598,539364321,"01598M15:13:59.678","01598 14:26:43",259.95,806.94,,,,"     ",5.10,6581.59,0.91
1598,539364322,"01598M15:14:00.651","01598 14:26:44",259.98,806.97,,,,"     ",5.10,6672.01,0.92
1598,539364323,"01598M15:14:01.624","01598 14:26:44",260.03,806.90,,,,"     ",5.10,6648.90,0.92
1598,539364324,"01598M15:14:02.597","01598 14:26:45",260.09,806.88,,,,"     ",5.10,6653.54,0.92
1598,539364325,"01598M15:14:03.571","01598 14:26:46",260.18,806.84,,,,"     ",5.10,6620.38,0.91
1598,539364326,"01598M15:14:04.544","01598 14:26:47",260.29,806.88,,,,"     ",5.10,6610.65,0.91
1598,539364327,"01598M15:14:05.517","01598 14:26:48",260.31,806.93,,,,"     ",5.10,6559.36,0.90
1598,539364328,"01598M15:14:06.490","01598 14:26:49",260.23,806.97,,,,"     ",5.10,6575.72,0.91
1598,539364329,"01598M15:14:07.464","01598 14:26:50",260.13,806.99,,,,"     ",5.10,6654.28,0.92
1598,539364330,"01598M15:14:08.437","01598 14:26:51",260.03,806.98,,,,"     ",5.10,6683.37,0.92
1598,539364331,"01598M15:14:09.410","01598 14:26:52",259.93,806.94,,,,"     ",5.10,6608.46,0.91
1598,539364332,"01598M15:14:10.383","01598 14:26:53",259.82,806.95,,,,"     ",5.10,6723.55,0.93
1598,539364333,"01598M15:14:11.357","01598 14:26:54",259.71,807.03,,,,"     ",5.10,6712.00,0.93
1598,539364334,"01598M15:14:12.330","01598 14:26:55",259.59,806.95,,,,"     ",5.10,6670.37,0.92
1598,539364335,"01598M15:14:13.303","01598 14:26:56",259.48,806.90,,,,"     ",5.10,6736.96,0.93
1598,539364336,"01598M15:14:14.276","01598 14:26:57",259.38,806.97,,,,"     ",5.10,6703.19,0.92
1598,539364337,"01598M15:14:15.250","01598 14:26:58",259.28,806.96,,,,"     ",5.10,6680.77,0.92
1598,539364338,"01598M15:14:16.223","01598 14:26:59",259.18,806.91,,,,"     ",5.10,6697.81,0.92
1598,539364339,"01598M15:14:17.196","01598 14:27:00",259.08,806.95,,,,"     ",5.10,6653.07,0.92
1598,539364340,"01598M15:14:18.169","01598 14:27:01",258.98,806.93,,,,"     ",5.10,6661.03,0.92
1598,539364341,"01598M15:14:19.143","01598 14:27:02",258.88,806.87,,,,"     ",5.10,6694.26,0.92
1598,539364342,"01598M15:14:20.116","01598 14:27:03",257.32,806.94,,,,"     ",5.10,6697.73,0.92
1598,539364343,"01598M15:14:21.089","01598 14:27:04",257.22,806.78,,,,"     ",5.10,6677.94,0.92
1598,539364344,"01598M15:14:22.062","01598 14:27:05",257.13,806.86,,,,"     ",5.10,6728.44,0.92
1598,539364345,"01598M15:14:23.036","01598 14:27:06",257.04,806.85,,,,"     ",5.10,6716.13,0.92
1598,539364346,"01598M15:14:24.009","01598 14:27:07",256.97,806.86,,,,"     ",5.10,6640.98,0.91
1598,539364347,"01598M15:14:24.982","01598 14:27:08",256.92,806.82,,,,"     ",5.10,6707.59,0.92
1598,539364348,"01598M15:14:25.955","01598 14:27:09",256.87,806.75,,,,"     ",5.10,6788.08,0.93
1598,539364349,"01598M15:14:26.929","01598 14:27:10",256.83,806.82,,,,"     ",5.10,6743.06,0.92
1598,539364350,"01598M15:14:27.902","01598 14:27:11",256.79,806.79,,,,"     ",5.10,6673.97,0.91
1598,539364351,"01598M15:14:28.875","01598 14:27:12",256.76,806.77,,,,"     ",5.10,6635.04,0.91
1598,539364352,"01598M15:14:29.848","01598 14:27:13",256.73,806.84,,,,"     ",5.10,6716.85,0.92
1598,539364353,"01598M15:14:30.822","01598 14:27:14",256.71,806.82,,,,"     ",5.10,6729.98,0.92
1598,539364354,"01598M15:14:31.795","01598 14:27:15",256.69,806.87,,,,"     ",5.10,6771.32,0.93
1598,539364355,"01598M15:14:32.768","01598 14:27:16",256.68,806.89,,,,"     ",5.10,6713.89,0.92
1598,539364356,"01598M15:14:33.741","01598 14:27:17",256.68,806.80,,,,"     ",5.10,6744.73,0.92
1598,539364357,"01598M15:14:34.715","01598 14:27:18",256.68,806.79,,,,"     ",5.10,6684.37,0.91
1598,539364358,"01598M15:14:35.688","01598 14:27:19",256.69,806.78,,,,"     ",5.10,6746.48,0.92
1598,539364359,"01598M15:14:36.661","01598 14:27:20",256.70,806.88,,,,"     ",5.10,6819.83,0.93
1598,539364360,"01598M15:14:37.634","01598 14:27:20",256.72,806.80,,,,"     ",5.10,6754.51,0.92
1598,539364361,"01598M15:14:38.608","01598 14:27:21",257.02,806.79,,,,"     ",5.10,6753.72,0.92
1598,539364362,"01598M15:14:39.581","01598 14:27:22",257.01,806.87,,,,"     ",5.10,6794.30,0.93
1598,539364363,"01598M15:14:40.554","01598 14:27:23",257.01,806.76,,,,"     ",5.10,6666.47,0.91
1598,539364364,"01598M15:14:41.527","01598 14:27:24",257.02,806.78,,,,"     ",5.10,6771.64,0.92
1598,539364365,"01598M15:14:42.501","01598 14:27:25",257.05,806.83,,,,"     ",5.10,6732.85,0.92
1598,539364366,"01598M15:14:43.474","01598 14:27:26",257.07,806.81,,,,"     ",5.10,6693.38,0.91
1598,539364367,"01598M15:14:44.447","01598 14:27:27",257.11,806.83,,,,"     ",5.10,6730.54,0.92
1598,539364368,"01598M15:14:45.420","01598 14:27:28",257.15,806.78,,,,"     ",5.10,6696.78,0.91
1598,539364369,"01598M15:14:46.394","01598 14:27:29",257.19,806.75,,,,"     ",5.10,6687.18,0.91
1598,539364370,"01598M15:14:47.367","01598 14:27:30",257.24,806.81,,,,"     ",5.10,6632.38,0.90
1598,539364371,"01598M15:14:48.340","01598 14:27:31",257.29,806.81,,,,"     ",5.10,6723.81,0.91
1598,539364372,"01598M15:14:49.313","01598 14:27:32",257.35,806.79,,,,"     ",5.10,6779.00,0.92
1598,539364373,"01598M15:14:50.287","01598 14:27:33",257.42,806.85,,,,"     ",5.10,6754.06,0.92
1598,539364374,"01598M15:14:51.260","01598 14:27:34",257.50,806.89,,,,"     ",5.10,6808.41,0.92
1598,539364375,"01598M15:14:52.233","01598 14:27:35",257.60,806.92,,,,"     ",5.10,6757.58,0.92
1598,539364376,"01598M15:14:53.206","01598 14:27:36",257.67,806.92,,,,"     ",5.10,6758.76,0.92
1598,539364377,"01598M15:14:54.180","01598 14:27:37",257.70,806.83,,,,"     ",5.10,6746.17,0.91
1598,539364378,"01598M15:14:55.153","01598 14:27:38",257.71,806.86,,,,"     ",5.10,6830.68,0.92
1598,539364379,"01598M15:14:56.126","01598 14:27:39",257.70,806.84,,,,"     ",5.10,6699.14,0.91
1598,539364380,"01598M15:14:57.099","01598 14:27:40",257.68,806.90,,,,"     ",5.10,6817.42,0.92
1598,539364381,"01598M15:14:58.073","01598 14:27:41",257.67,806.86,,,,"     ",5.10,6773.60,0.92
1598,539364382,"01598M15:14:59.046","01598 14:27:42",257.67,806.86,,,,"     ",5.10,6776.46,0.92
1598,539364383,"01598M15:15:00.019","01598 14:27:43",257.68,806.77,,,,"     ",5.10,6926.20,0.94
1598,539364384,"01598M15:15:00.992","01598 14:27:44",257.72,806.76,,,,"     ",5.10,6737.10,0.91
1598,539364385,"01598M15:15:01.966","01598 14:27:45",257.78,806.75,,,,"     ",5.10,6709.58,0.90
1598,539364386,"01598M15:15:02.939","01598 14:27:46",257.85,806.79,,,,"     ",5.10,6726.80,0.91
1598,539364387,"01598M15:15:03.912","01598 14:27:47",257.95,806.80,,,,"     ",5.10,6827.61,0.92
1598,539364388,"01598M15:15:04.886","01598 14:27:48",258.06,806.75,,,,"     ",5.10,6820.01,0.92
1598,539364389,"01598M15:15:05.859","01598 14:27:49",259.44,806.80,,,,"     ",5.10,6769.67,0.91
1598,539364390,"01598M15:15:06.832","01598 14:27:50",259.55,806.75,,,,"     ",5.10,6795.34,0.91
1598,539364391,"01598M15:15:07.805","01598 14:27:51",259.64,806.82,,,,"     ",5.10,6774.19,0.91
1598,539364392,"01598M15:15:08.779","01598 14:27:52",259.71,806.83,,,,"     ",5.10,6819.45,0.92
1598,539364393,"01598M15:15:09.752","01598 14:27:53",259.75,806.86,,,,"     ",5.10,6769.91,0.91
1598,539364394,"01598M15:15:10.725","01598 14:27:54",259.75,806.85,,,,"     ",5.10,6822.92,0.92
1598,539364395,"01598M15:15:11.698","01598 14:27:55",259.74,806.83,,,,"     ",5.10,6734.64,0.90
1598,539364396,"01598M15:15:12.672","01598 14:27:56",259.70,806.83,,,,"     ",5.10,6763.40,0.91
1598,539364397,"01598M15:15:13.645","01598 14:27:56",259.66,806.79,,,,"     ",5.10,6786.22,0.91
1598,539364398,"01598M15:15:14.618","01598 14:27:57",259.62,806.79,,,,"     ",5.10,6759.51,0.91
1598,539364399,"01598M15:15:15.591","01598 14:27:58",259.58,806.78,,,,"     ",5.10,6699.73,0.90
1598,539364400,"01598M15:15:16.565","01598 14:27:59",259.56,806.78,,,,"     ",5.10,6782.53,0.91
1598,539364401,"01598M15:15:17.538","01598 14:28:00",259.55,806.80,,,,"     ",5.10,6852.08,0.92
1598,539364402,"01598M15:15:18.511","01598 14:28:01",259.54,806.78,,,,"     ",5.10,6824.59,0.91
1598,539364403,"01598M15:15:19.484","01598 14:28:02",259.55,806.77,,,,"     ",5.10,6825.14,0.91
1598,539364404,"01598M15:15:20.458","01598 14:28:03",259.56,806.78,,,,"     ",5.10,6793.45,0.91
1598,539364405,"01598M15:15:21.431","01598 14:28:04",259.57,806.86,,,,"     ",5.10,6740.32,0.90
1598,539364406,"01598M15:15:22.404","01598 14:28:05",259.59,806.76,,,,"     ",5.10,6825.94,0.91
1598,539364407,"01598M15:15:23.377","01598 14:28:06",259.61,806.75,,,,"     ",5.10,6787.16,0.91
1598,539364408,"01598M15:15:24.351","01598 14:28:07",259.62,806.82,,,,"     ",5.10,6840.98,0.91
1598,539364409,"01598M15:15:25.324","01598 14:28:08",259.63,806.81,,,,"     ",5.10,6802.30,0.91
1598,539364410,"01598M15:15:26.297","01598 14:28:09",259.63,806.80,,,,"     ",5.10,6799.86,0.91
1598,539364411,"01598M15:15:27.270","01598 14:28:10",259.61,806.82,,,,"     ",5.10,6871.59,0.92
1598,539364412,"01598M15:15:28.244","01598 14:28:11",259.59,806.76,,,,"     ",5.10,6836.52,0.91
1598,539364413,"01598M15:15:29.217","01598 14:28:12",259.55,806.72,,,,"     ",5.10,6769.86,0.90
1598,539364414,"01598M15:15:30.190","01598 14:28:13",259.51,806.65,,,,"     ",5.10,6782.93,0.90
1598,539364415,"01598M15:15:31.163","01598 14:28:14",259.47,806.77,,,,"     ",5.10,6803.74,0.91
1598,539364416,"01598M15:15:32.137","01598 14:28:15",259.43,806.74,,,,"     ",5.10,6860.94,0.91
1598,539364417,"01598M15:15:33.110","01598 14:28:16",259.40,806.69,,,,"     ",5.10,6849.35,0.91
1598,539364418,"01598M15:15:34.083","01598 14:28:17",259.37,806.83,,,,"     ",5.10,6710.21,0.89
1598,539364419,"01598M15:15:35.056","01598 14:28:18",259.35,806.76,,,,"     ",5.10,6778.21,0.90
1598,539364420,"01598M15:15:36.030","01598 14:28:19",259.34,806.79,,,,"     ",5.10,6855.04,0.91
1598,539364421,"01598M15:15:37.003","01598 14:28:20",259.34,806.73,,,,"     ",5.10,6811.35,0.91
1598,539364422,"01598M15:15:37.976","01598 14:28:21",259.34,806.73,,,,"     ",5.10,6833.50,0.91
1598,539364423,"01598M15:15:38.949","01598 14:28:22",259.35,806.63,,,,"     ",5.10,6842.16,0.91
1598,539364424,"01598M15:15:39.923","01598 14:28:23",259.35,806.66,,,,"     ",5.10,6846.85,0.91
1598,539364425,"01598M15:15:40.896","01598 14:28:24",259.35,806.67,,,,"     ",5.10,6807.21,0.91
1598,539364426,"01598M15:15:41.869","01598 14:28:25",259.35,806.64,,,,"     ",5.10,6719.47,0.90
1598,539364427,"01598M15:15:42.842","01598 14:28:26",259.35,806.66,,,,"     ",5.10,6851.26,0.91
1598,539364428,"01598M15:15:43.816","01598 14:28:27",259.34,806.69,,,,"     ",5.10,6793.50,0.91
1598,539364429,"01598M15:15:44.789","01598 14:28:28",259.34,806.70,,,,"     ",5.10,6776.03,0.90
1598,539364430,"01598M15:15:45.762","01598 14:28:29",259.32,806.65,,,,"     ",5.10,6881.87,0.92
1598,539364431,"01598M15:15:46.735","01598 14:28:30",259.31,806.67,,,,"     ",5.10,6864.24,0.92
1598,539364432,"01598M15:15:47.709","01598 14:28:31",259.30,806.70,,,,"     ",5.10,6803.08,0.91
1598,539364433,"01598M15:15:48.682","01598 14:28:32",259.28,806.70,,,,"     ",5.10,6791.06,0.91
1598,539364434,"01598M15:15:49.655","01598 14:28:33",259.28,806.64,,,,"     ",5.10,6782.48,0.90
1598,539364435,"01598M15:15:50.628","01598 14:28:33",259.28,806.75,,,,"     ",5.10,6877.11,0.92
1598,539364436,"01598M15:15:51.602","01598 14:28:34",259.30,806.77,,,,"     ",5.10,6799.77,0.91
1598,539364437,"01598M15:15:52.575","01598 14:28:35",259.33,806.77,,,,"     ",5.10,6777.24,0.90
1598,539364438,"01598M15:15:53.548","01598 14:28:36",259.36,806.80,,,,"     ",5.10,6746.17,0.90
1598,539364439,"01598M15:15:54.521","01598 14:28:37",259.41,806.68,,,,"     ",5.10,6760.17,0.90
1598,539364440,"01598M15:15:55.495","01598 14:28:38",259.47,806.72,,,,"     ",5.10,6815.27,0.91
1598,539364441,"01598M15:15:56.468","01598 14:28:39",259.54,806.71,,,,"     ",5.10,6779.08,0.90
1598,539364442,"01598M15:15:57.441","01598 14:28:40",259.61,806.76,,,,"     ",5.10,6796.76,0.91
1598,539364443,"01598M15:15:58.414","01598 14:28:41",259.69,806.78,,,,"     ",5.10,6880.04,0.92
1598,539364444,"01598M15:15:59.388","01598 14:28:42",259.77,806.67,,,,"     ",5.10,6735.69,0.90
1598,539364445,"01598M15:16:00.361","01598 14:28:43",259.86,806.70,,,,"     ",5.10,6768.55,0.90
1598,539364446,"01598M15:16:01.334","01598 14:28:44",259.94,806.69,,,,"     ",5.10,6738.43,0.90
1598,539364447,"01598M15:16:02.307","01598 14:28:45",260.03,806.79,,,,"     ",5.10,6784.77,0.91
1598,539364448,"01598M15:16:03.281","01598 14:28:46",260.11,806.80,,,,"     ",5.10,6686.52,0.89
1598,539364449,"01598M15:16:04.254","01598 14:28:47",260.19,806.74,,,,"     ",5.10,6905.43,0.92
1598,539364450,"01598M15:16:05.227","01598 14:28:48",260.27,806.73,,,,"     ",5.10,6783.10,0.91
1598,539364451,"01598M15:16:06.200","01598 14:28:49",260.35,806.73,,,,"     ",5.10,6863.08,0.92
1598,539364452,"01598M15:16:07.174","01598 14:28:50",260.43,806.79,,,,"     ",5.10,6834.77,0.91
1598,539364453,"01598M15:16:08.147","01598 14:28:51",260.53,806.78,,,,"     ",5.10,6821.19,0.91
1598,539364454,"01598M15:16:09.120","01598 14:28:52",260.64,806.74,,,,"     ",5.10,6882.03,0.92
1598,539364455,"01598M15:16:10.093","01598 14:28:53",260.75,806.73,,,,"     ",5.10,6788.10,0.91
1598,539364456,"01598M15:16:11.067","01598 14:28:54",260.86,806.67,,,,"     ",5.10,6753.51,0.90
1598,539364457,"01598M15:16:12.040","01598 14:28:55",260.97,806.69,,,,"     ",5.10,6724.82,0.90
1598,539364458,"01598M15:16:13.013","01598 14:28:56",261.06,806.80,,,,"     ",5.10,6812.08,0.91
1598,539364459,"01598M15:16:13.986","01598 14:28:57",261.14,806.65,,,,"     ",5.10,6806.90,0.91
1598,539364460,"01598M15:16:14.960","01598 14:28:58",261.21,806.71,,,,"     ",5.10,6850.58,0.91
1598,539364461,"01598M15:16:15.933","01598 14:28:59",261.27,806.77,,,,"     ",5.10,6753.67,0.90
1598,539364462,"01598M15:16:16.906","01598 14:29:00",261.32,806.67,,,,"     ",5.10,6766.11,0.90
1598,539364463,"01598M15:16:17.880","01598 14:29:01",261.35,806.64,,,,"     ",5.10,6822.64,0.91
1598,539364464,"01598M15:16:18.853","01598 14:29:02",261.37,806.66,,,,"     ",5.10,6781.09,0.90
1598,539364465,"01598M15:16:19.826","01598 14:29:03",261.38,806.64,,,,"     ",5.10,6904.88,0.92
1598,539364466,"01598M15:16:20.799","01598 14:29:04",261.39,806.74,,,,"     ",5.10,6782.97,0.90
1598,539364467,"01598M15:16:21.773","01598 14:29:05",261.39,806.76,,,,"     ",5.10,6893.15,0.92
1598,539364468,"01598M15:16:22.746","01598 14:29:06",261.38,806.75,,,,"     ",5.10,6873.99,0.91
1598,539364469,"01598M15:16:23.719","01598 14:29:07",261.39,806.63,,,,"     ",5.10,6855.35,0.91
1598,539364470,"01598M15:16:24.692","01598 14:29:08",261.40,806.67,,,,"     ",5.10,6902.29,0.92
1598,539364471,"01598M15:16:25.666","01598 14:29:09",261.42,806.61,,,,"     ",5.10,6801.49,0.90
1598,539364472,"01598M15:16:26.639","01598 14:29:09",261.46,806.72,,,,"     ",5.10,6850.18,0.91
1598,539364473,"01598M15:16:27.612","01598 14:29:10",261.50,806.72,,,,"     ",5.10,6826.67,0.91
1598,539364474,"01598M15:16:28.585","01598 14:29:11",261.55,806.66,,,,"     ",5.10,6827.15,0.91
1598,539364475,"01598M15:16:29.559","01598 14:29:12",261.59,806.70,,,,"     ",5.10,6912.33,0.92
1598,539364476,"01598M15:16:30.532","01598 14:29:13",261.63,806.69,,,,"     ",5.10,6868.55,0.91
1598,539364477,"01598M15:16:31.505","01598 14:29:14",261.67,806.78,,,,"     ",5.10,6920.08,0.92
1598,539364478,"01598M15:16:32.478","01598 14:29:15",261.71,806.64,,,,"     ",5.10,6864.15,0.91
1598,539364479,"01598M15:16:33.452","01598 14:29:16",261.75,806.64,,,,"     ",5.10,6878.10,0.91
1598,539364480,"01598M15:16:34.425","01598 14:29:17",261.80,806.74,,,,"     ",5.10,6848.97,0.91
1598,539364481,"01598M15:16:35.398","01598 14:29:18",261.85,806.69,,,,"     ",5.10,6914.65,0.92
1598,539364482,"01598M15:16:36.371","01598 14:29:19",261.90,806.74,,,,"     ",5.10,6838.82,0.91
1598,539364483,"01598M15:16:37.345","01598 14:29:20",261.95,806.64,,,,"     ",5.10,6864.31,0.91
1598,539364484,"01598M15:16:38.318","01598 14:29:21",262.00,806.70,,,,"     ",5.10,6830.11,0.90
1598,539364485,"01598M15:16:39.291","01598 14:29:22",262.05,806.67,,,,"     ",5.10,6931.76,0.92
1598,539364486,"01598M15:16:40.264","01598 14:29:23",262.10,806.73,,,,"     ",5.10,6852.89,0.91
1598,539364487,"01598M15:16:41.238","01598 14:29:24",262.16,806.68,,,,"     ",5.10,6927.27,0.92
1598,539364488,"01598M15:16:42.211","01598 14:29:25",262.23,806.61,,,,"     ",5.10,6861.79,0.91
1598,539364489,"01598M15:16:43.184","01598 14:29:26",262.30,806.65,,,,"     ",5.10,6857.21,0.91
1598,539364490,"01598M15:16:44.157","01598 14:29:27",262.37,806.60,,,,"     ",5.10,6804.75,0.90
1598,539364491,"01598M15:16:45.131","01598 14:29:28",262.44,806.63,,,,"     ",5.10,6776.19,0.89
1598,539364492,"01598M15:16:46.104","01598 14:29:29",262.51,806.56,,,,"     ",5.10,6922.08,0.91
1598,539364493,"01598M15:16:47.077","01598 14:29:30",262.58,806.63,,,,"     ",5.10,6814.62,0.90
1598,539364494,"01598M15:16:48.050","01598 14:29:31",262.65,806.71,,,,"     ",5.10,6907.20,0.91
1598,539364495,"01598M15:16:49.024","01598 14:29:32",262.71,806.60,,,,"     ",5.10,6899.38,0.91
1598,539364496,"01598M15:16:49.997","01598 14:29:33",262.77,806.55,,,,"     ",5.10,6801.17,0.90
1598,539364497,"01598M15:16:50.970","01598 14:29:34",262.83,806.59,,,,"     ",5.10,6845.81,0.90
1598,539364498,"01598M15:16:51.943","01598 14:29:35",262.88,806.59,,,,"     ",5.10,6865.20,0.90
1598,539364499,"01598M15:16:52.917","01598 14:29:36",262.92,806.58,,,,"     ",5.10,6815.97,0.90
1598,539364500,"01598M15:16:53.890","01598 14:29:37",262.96,806.52,,,,"     ",5.10,6860.36,0.90
1598,539364501,"01598M15:16:54.863","01598 14:29:38",262.98,806.59,,,,"     ",5.10,6831.32,0.90
1598,539364502,"01598M15:16:55.836","01598 14:29:39",262.99,806.49,,,,"     ",5.10,6926.54,0.91
1598,539364503,"01598M15:16:56.810","01598 14:29:40",262.98,806.49,,,,"     ",5.10,6842.68,0.90
1598,539364504,"01598M15:16:57.783","01598 14:29:41",262.97,806.51,,,,"     ",5.10,6842.57,0.90
1598,539364505,"01598M15:16:58.756","01598 14:29:42",262.95,806.52,,,,"     ",5.10,6814.71,0.89
1598,539364506,"01598M15:16:59.729","01598 14:29:43",262.94,806.46,,,,"     ",5.10,6860.32,0.90
1598,539364507,"01598M15:17:00.703","01598 14:29:44",262.94,806.55,,,,"     ",5.10,6880.16,0.90
1598,539364508,"01598M15:17:01.676","01598 14:29:45",262.94,806.46,,,,"     ",5.10,6843.34,0.90
1598,539364509,"01598M15:17:02.649","01598 14:29:45",262.95,806.53,,,,"     ",5.10,6904.17,0.90
1598,539364510,"01598M15:17:03.622","01598 14:29:46",262.96,806.55,,,,"     ",5.10,6848.15,0.90
1598,539364511,"01598M15:17:04.596","01598 14:29:47",262.96,806.52,,,,"     ",5.10,6937.13,0.91
1598,539364512,"01598M15:17:05.569","01598 14:29:48",262.94,806.44,,,,"     ",5.10,6900.36,0.90
1598,539364513,"01598M15:17:06.542","01598 14:29:49",262.92,806.47,,,,"     ",5.10,6864.63,0.90
1598,539364514,"01598M15:17:07.515","01598 14:29:50",262.89,806.51,,,,"     ",5.10,6948.20,0.91
1598,539364515,"01598M15:17:08.489","01598 14:29:51",262.85,806.43,,,,"     ",5.10,6892.61,0.90
1598,539364516,"01598M15:17:09.462","01598 14:29:52",262.81,806.40,,,,"     ",5.10,6973.04,0.91
1598,539364517,"01598M15:17:10.435","01598 14:29:53",262.76,806.41,,,,"     ",5.10,6916.55,0.90
1598,539364518,"01598M15:17:11.408","01598 14:29:54",262.72,806.42,,,,"     ",5.10,6896.50,0.90
1598,539364519,"01598M15:17:12.382","01598 14:29:55",262.68,806.46,,,,"     ",5.10,7042.79,0.92
1598,539364520,"01598M15:17:13.355","01598 14:29:56",262.66,806.41,,,,"     ",5.10,6906.83,0.90
1598,539364521,"01598M15:17:14.328","01598 14:29:57",262.64,806.37,,,,"     ",5.10,6876.47,0.90
1598,539364522,"01598M15:17:15.301","01598 14:29:58",262.63,806.46,,,,"     ",5.10,6896.90,0.90
1598,539364523,"01598M15:17:16.275","01598 14:29:59",262.64,806.44,,,,"     ",5.10,6946.14,0.91
1598,539364524,"01598M15:17:17.248","01598 14:30:00",262.67,806.32,,,,"     ",5.10,6902.11,0.90
1598,539364525,"01598M15:17:18.221","01598 14:30:01",262.71,806.36,,,,"     ",5.10,6846.94,0.89
1598,539364526,"01598M15:17:19.194","01598 14:30:02",262.76,806.38,,,,"     ",5.10,6935.49,0.90
1598,539364527,"01598M15:17:20.168","01598 14:30:03",262.81,806.29,,,,"     ",5.10,6933.41,0.90
1598,539364528,"01598M15:17:21.141","01598 14:30:04",262.86,806.26,,,,"     ",5.10,6881.66,0.89
1598,539364529,"01598M15:17:22.114","01598 14:30:05",262.89,806.30,,,,"     ",5.10,7029.95,0.92
1598,539364530,"01598M15:17:23.087","01598 14:30:06",262.91,806.39,,,,"     ",5.10,6874.39,0.89
1598,539364531,"01598M15:17:24.061","01598 14:30:07",262.91,806.40,,,,"     ",5.10,6886.81,0.89
1598,539364532,"01598M15:17:25.034","01598 14:30:08",262.90,806.33,,,,"     ",5.10,6868.36,0.89
1598,539364533,"01598M15:17:26.007","01598 14:30:09",262.89,806.28,,,,"     ",5.10,6927.31,0.90
1598,539364534,"01598M15:17:26.981","01598 14:30:10",262.87,806.28,,,,"     ",5.10,6957.65,0.90
1598,539364535,"01598M15:17:27.954","01598 14:30:11",262.86,806.27,,,,"     ",5.10,6933.09,0.90
1598,539364536,"01598M15:17:28.927","01598 14:30:12",262.84,806.32,,,,"     ",5.10,6921.83,0.90
1598,539364537,"01598M15:17:29.900","01598 14:30:13",262.83,806.32,,,,"     ",5.10,6876.01,0.89
1598,539364538,"01598M15:17:30.874","01598 14:30:14",262.82,806.32,,,,"     ",5.10,6927.28,0.90
1598,539364539,"01598M15:17:31.847","01598 14:30:15",262.81,806.35,,,,"     ",5.10,6949.18,0.90
1598,539364540,"01598M15:17:32.820","01598 14:30:16",262.80,806.34,,,,"     ",5.10,7030.96,0.91
1598,539364541,"01598M15:17:33.793","01598 14:30:17",262.79,806.30,,,,"     ",5.10,6952.29,0.90
1598,539364542,"01598M15:17:34.767","01598 14:30:18",262.77,806.29,,,,"     ",5.10,7028.63,0.91
1598,539364543,"01598M15:17:35.740","01598 14:30:19",262.75,806.28,,,,"     ",5.10,6904.28,0.90
1598,539364544,"01598M15:17:36.713","01598 14:30:20",262.72,806.36,,,,"     ",5.10,6879.35,0.89
1598,539364545,"01598M15:17:37.686","01598 14:30:21",262.68,806.30,,,,"     ",5.10,6946.59,0.90
1598,539364546,"01598M15:17:38.660","01598 14:30:21",262.65,806.30,,,,"     ",5.10,6989.04,0.91
1598,539364547,"01598M15:17:39.633","01598 14:30:22",262.63,806.32,,,,"     ",5.10,6917.98,0.90
1598,539364548,"01598M15:17:40.606","01598 14:30:23",262.61,806.31,,,,"     ",5.10,6866.37,0.89
1598,539364549,"01598M15:17:41.579","01598 14:30:24",262.61,806.35,,,,"     ",5.10,6820.52,0.88
1598,539364550,"01598M15:17:42.553","01598 14:30:25",262.61,806.35,,,,"     ",5.10,6914.94,0.90
1598,539364551,"01598M15:17:43.526","01598 14:30:26",262.63,806.33,,,,"     ",5.10,6863.17,0.89
1598,539364552,"01598M15:17:44.499","01598 14:30:27",262.65,806.32,,,,"     ",5.10,6912.11,0.90
1598,539364553,"01598M15:17:45.472","01598 14:30:28",262.68,806.20,,,,"     ",5.10,6933.37,0.90
1598,539364554,"01598M15:17:46.446","01598 14:30:29",262.69,806.20,,,,"     ",5.10,6952.23,0.90
1598,539364555,"01598M15:17:47.419","01598 14:30:30",262.71,806.23,,,,"     ",5.10,6897.84,0.89
1598,539364556,"01598M15:17:48.392","01598 14:30:31",262.72,806.28,,,,"     ",5.10,7008.60,0.91
1598,539364557,"01598M15:17:49.365","01598 14:30:32",262.72,806.24,,,,"     ",5.10,6956.22,0.90
1598,539364558,"01598M15:17:50.339","01598 14:30:33",262.71,806.31,,,,"     ",5.10,6864.15,0.89
1598,539364559,"01598M15:17:51.312","01598 14:30:34",262.69,806.32,,,,"     ",5.10,6978.70,0.91
1598,539364560,"01598M15:17:52.285","01598 14:30:35",262.67,806.41,,,,"     ",5.10,6883.45,0.89
1598,539364561,"01598M15:17:53.258","01598 14:30:36",262.63,806.33,,,,"     ",5.10,6979.70,0.91
1598,539364562,"01598M15:17:54.232","01598 14:30:37",262.59,806.25,,,,"     ",5.10,6931.39,0.90
1598,539364563,"01598M15:17:55.205","01598 14:30:38",262.54,806.30,,,,"     ",5.10,6874.41,0.89
1598,539364564,"01598M15:17:56.178","01598 14:30:39",262.49,806.30,,,,"     ",5.10,7029.84,0.91
1598,539364565,"01598M15:17:57.151","01598 14:30:40",262.45,806.26,,,,"     ",5.10,6840.65,0.89
1598,539364566,"01598M15:17:58.125","01598 14:30:41",262.40,806.27,,,,"     ",5.10,6901.33,0.89
1598,539364567,"01598M15:17:59.098","01598 14:30:42",262.37,806.27,,,,"     ",5.10,6922.14,0.90
1598,539364568,"01598M15:18:00.071","01598 14:30:43",262.33,806.28,,,,"     ",5.10,6974.86,0.90
1598,539364569,"01598M15:18:01.044","01598 14:30:44",262.29,806.28,,,,"     ",5.10,6866.80,0.89
1598,539364570,"01598M15:18:02.018","01598 14:30:45",262.26,806.23,,,,"     ",5.10,6909.34,0.90
1598,539364571,"01598M15:18:02.991","01598 14:30:46",262.22,806.28,,,,"     ",5.10,6924.63,0.90
1598,539364572,"01598M15:18:03.964","01598 14:30:47",262.18,806.23,,,,"     ",5.10,6864.32,0.89
1598,539364573,"01598M15:18:04.937","01598 14:30:48",262.14,806.26,,,,"     ",5.10,6950.40,0.90
1598,539364574,"01598M15:18:05.911","01598 14:30:49",262.09,806.17,,,,"     ",5.10,6953.95,0.90
1598,539364575,"01598M15:18:06.884","01598 14:30:50",262.05,806.18,,,,"     ",5.10,6931.23,0.90
1598,539364576,"01598M15:18:07.857","01598 14:30:51",262.00,806.12,,,,"     ",5.10,6840.24,0.89
1598,539364577,"01598M15:18:08.830","01598 14:30:52",261.94,806.19,,,,"     ",5.10,6901.74,0.89
1598,539364578,"01598M15:18:09.804","01598 14:30:53",261.87,806.20,,,,"     ",5.10,6893.82,0.89
1598,539364579,"01598M15:18:10.777","01598 14:30:54",261.79,806.14,,,,"     ",5.10,6893.82,0.89
1598,539364580,"01598M15:18:11.750","01598 14:30:55",261.69,806.12,,,,"     ",5.10,6829.84,0.89
1598,539364581,"01598M15:18:12.723","01598 14:30:56",261.59,806.04,,,,"     ",5.10,6770.70,0.88
1598,539364582,"01598M15:18:13.697","01598 14:30:57",261.49,806.18,,,,"     ",5.10,6907.62,0.90
1598,539364583,"01598M15:18:14.670","01598 14:30:57",261.39,806.26,,,,"     ",5.10,6918.54,0.90
1598,539364584,"01598M15:18:15.643","01598 14:30:58",261.31,806.24,,,,"     ",5.10,6943.35,0.90
1598,539364585,"01598M15:18:16.616","01598 14:30:59",261.23,806.28,,,,"     ",5.10,6823.28,0.89
1598,539364586,"01598M15:18:17.590","01598 14:31:00",261.16,806.25,,,,"     ",5.10,6889.18,0.89
1598,539364587,"01598M15:18:18.563","01598 14:31:01",261.09,806.25,,,,"     ",5.10,6927.27,0.90
1598,539364588,"01598M15:18:19.536","01598 14:31:02",261.04,806.22,,,,"     ",5.10,6906.23,0.90
1598,539364589,"01598M15:18:20.509","01598 14:31:03",260.99,806.23,,,,"     ",5.10,6848.88,0.89
1598,539364590,"01598M15:18:21.483","01598 14:31:04",260.95,806.20,,,,"     ",5.10,6887.97,0.89
1598,539364591,"01598M15:18:22.456","01598 14:31:05",260.90,806.11,,,,"     ",5.10,6924.79,0.90
1598,539364592,"01598M15:18:23.429","01598 14:31:06",260.73,806.12,,,,"     ",5.10,6842.46,0.89
1598,539364593,"01598M15:18:24.402","01598 14:31:07",260.56,806.14,,,,"     ",5.10,6906.70,0.90
1598,539364594,"01598M15:18:25.376","01598 14:31:08",260.41,806.11,,,,"     ",5.10,6951.62,0.90
1598,539364595,"01598M15:18:26.349","01598 14:31:09",260.28,806.16,,,,"     ",5.10,6851.94,0.89
1598,539364596,"01598M15:18:27.322","01598 14:31:10",260.14,806.05,,,,"     ",5.10,6906.33,0.90
1598,539364597,"01598M15:18:28.295","01598 14:31:11",260.03,806.20,,,,"     ",5.10,6912.46,0.90
1598,539364598,"01598M15:18:29.269","01598 14:31:12",259.92,806.19,,,,"     ",5.10,6833.83,0.89
1598,539364599,"01598M15:18:30.242","01598 14:31:13",259.83,806.23,,,,"     ",5.10,6858.95,0.89
1598,539364600,"01598M15:18:31.215","01598 14:31:14",259.74,806.12,,,,"     ",5.10,6831.26,0.89
1598,539364601,"01598M15:18:32.188","01598 14:31:15",259.65,806.18,,,,"     ",5.10,6902.76,0.90
1598,539364602,"01598M15:18:33.162","01598 14:31:16",259.58,806.01,,,,"     ",5.10,6758.06,0.88
1598,539364603,"01598M15:18:34.135","01598 14:31:17",259.53,806.04,,,,"     ",5.10,6887.79,0.90
1598,539364604,"01598M15:18:35.108","01598 14:31:18",259.49,806.04,,,,"     ",5.10,6831.70,0.89
1598,539364605,"01598M15:18:36.082","01598 14:31:19",259.45,806.02,,,,"     ",5.10,6933.54,0.91
1598,539364606,"01598M15:18:37.055","01598 14:31:20",259.43,806.02,,,,"     ",5.10,6806.08,0.89
1598,539364607,"01598M15:18:38.028","01598 14:31:21",259.44,806.07,,,,"     ",5.10,6942.38,0.91
1598,539364608,"01598M15:18:39.001","01598 14:31:22",259.48,806.00,,,,"     ",5.10,6770.92,0.88
1598,539364609,"01598M15:18:39.975","01598 14:31:23",259.54,806.04,,,,"     ",5.10,6836.86,0.89
1598,539364610,"01598M15:18:40.948","01598 14:31:24",259.62,806.02,,,,"     ",5.10,6826.39,0.89
1598,539364611,"01598M15:18:41.921","01598 14:31:25",259.73,806.01,,,,"     ",5.10,6893.25,0.90
1598,539364612,"01598M15:18:42.894","01598 14:31:26",259.85,806.00,,,,"     ",5.10,6774.40,0.89
1598,539364613,"01598M15:18:43.868","01598 14:31:27",259.98,806.05,,,,"     ",5.10,6853.49,0.90
1598,539364614,"01598M15:18:44.841","01598 14:31:28",260.11,806.06,,,,"     ",5.10,6902.88,0.90
1598,539364615,"01598M15:18:45.814","01598 14:31:29",260.22,806.11,,,,"     ",5.10,6854.99,0.90
1598,539364616,"01598M15:18:46.787","01598 14:31:30",260.28,806.06,,,,"     ",5.10,6904.19,0.90
1598,539364617,"01598M15:18:47.761","01598 14:31:31",260.29,806.06,,,,"     ",5.10,6876.94,0.90
1598,539364618,"01598M15:18:48.734","01598 14:31:32",260.23,806.12,,,,"     ",5.10,6731.17,0.88
1598,539364619,"01598M15:18:49.707","01598 14:31:33",260.11,806.15,,,,"     ",5.10,6878.22,0.90
1598,539364620,"01598M15:18:50.680","01598 14:31:33",259.92,806.13,,,,"     ",5.10,6887.65,0.90
1598,539364621,"01598M15:18:51.654","01598 14:31:34",259.69,806.09,,,,"     ",5.10,6721.34,0.88
1598,539364622,"01598M15:18:52.627","01598 14:31:35",259.42,806.02,,,,"     ",5.10,6818.33,0.89
1598,539364623,"01598M15:18:53.600","01598 14:31:36",259.15,806.03,,,,"     ",5.10,6801.35,0.89
1598,539364624,"01598M15:18:54.573","01598 14:31:37",258.91,805.98,,,,"     ",5.10,6775.73,0.89
1598,539364625,"01598M15:18:55.547","01598 14:31:38",258.73,806.01,,,,"     ",5.10,6790.13,0.89
1598,539364626,"01598M15:18:56.520","01598 14:31:39",258.61,805.96,,,,"     ",5.10,6839.47,0.90
1598,539364627,"01598M15:18:57.493","01598 14:31:40",258.55,806.00,,,,"     ",5.10,6855.85,0.90
1598,539364628,"01598M15:18:58.466","01598 14:31:41",258.56,806.04,,,,"     ",5.10,6739.29,0.89
1598,539364629,"01598M15:18:59.440","01598 14:31:42",258.61,806.03,,,,"     ",5.10,6774.80,0.89
1598,539364630,"01598M15:19:00.413","01598 14:31:43",258.71,805.96,,,,"     ",5.10,6742.96,0.89
1598,539364631,"01598M15:19:01.386","01598 14:31:44",258.83,806.05,,,,"     ",5.10,6821.48,0.90
1598,539364632,"01598M15:19:02.359","01598 14:31:45",258.96,806.06,,,,"     ",5.10,6758.94,0.89
1598,539364633,"01598M15:19:03.333","01598 14:31:46",259.10,806.01,,,,"     ",5.10,6846.85,0.90
1598,539364634,"01598M15:19:04.306","01598 14:31:47",259.22,806.00,,,,"     ",5.10,6807.98,0.90
1598,539364635,"01598M15:19:05.279","01598 14:31:48",259.32,805.92,,,,"     ",5.10,6766.06,0.89
1598,539364636,"01598M15:19:06.252","01598 14:31:49",259.39,805.97,,,,"     ",5.10,6837.18,0.90
1598,539364637,"01598M15:19:07.226","01598 14:31:50",259.42,805.91,,,,"     ",5.10,6806.01,0.90
1598,539364638,"01598M15:19:08.199","01598 14:31:51",259.40,805.86,,,,"     ",5.10,6712.60,0.89
1598,539364639,"01598M15:19:09.172","01598 14:31:52",259.34,805.87,,,,"     ",5.10,6850.81,0.90
1598,539364640,"01598M15:19:10.145","01598 14:31:53",259.25,805.91,,,,"     ",5.10,6766.90,0.89
1598,539364641,"01598M15:19:11.119","01598 14:31:54",259.11,805.94,,,,"     ",5.10,6645.80,0.88
1598,539364642,"01598M15:19:12.092","01598 14:31:55",258.95,805.98,,,,"     ",5.10,6705.52,0.89
1598,539364643,"01598M15:19:13.065","01598 14:31:56",258.78,805.91,,,,"     ",5.10,6645.25,0.88
1598,539364644,"01598M15:19:14.038","01598 14:31:57",258.59,805.92,,,,"     ",5.10,6737.80,0.89
1598,539364645,"01598M15:19:15.012","01598 14:31:58",258.43,805.84,,,,"     ",5.10,6870.25,0.91
1598,539364646,"01598M15:19:15.985","01598 14:31:59",258.27,805.86,,,,"     ",5.10,6783.11,0.90
1598,539364647,"01598M15:19:16.958","01598 14:32:00",258.14,805.92,,,,"     ",5.10,6743.97,0.89
1598,539364648,"01598M15:19:17.931","01598 14:32:01",258.03,806.02,,,,"     ",5.10,6778.84,0.90
1598,539364649,"01598M15:19:18.905","01598 14:32:02",257.94,806.03,,,,"     ",5.10,6708.89,0.89
1598,539364650,"01598M15:19:19.878","01598 14:32:03",257.89,805.97,,,,"     ",5.10,6764.24,0.90
1598,539364651,"01598M15:19:20.851","01598 14:32:04",257.88,805.97,,,,"     ",5.10,6842.90,0.91
1598,539364652,"01598M15:19:21.824","01598 14:32:05",257.89,806.06,,,,"     ",5.10,6794.78,0.90
1598,539364653,"01598M15:19:22.798","01598 14:32:06",257.93,806.00,,,,"     ",5.10,6786.46,0.90
1598,539364654,"01598M15:19:23.771","01598 14:32:07",258.00,806.01,,,,"     ",5.10,6727.82,0.89
1598,539364655,"01598M15:19:24.744","01598 14:32:08",258.08,805.97,,,,"     ",5.10,6749.81,0.90
1598,539364656,"01598M15:19:25.717","01598 14:32:09",258.14,805.98,,,,"     ",5.10,6780.13,0.90
1598,539364657,"01598M15:19:26.691","01598 14:32:09",258.17,805.89,,,,"     ",5.10,6661.90,0.88
1598,539364658,"01598M15:19:27.664","01598 14:32:10",258.16,805.92,,,,"     ",5.10,6748.43,0.90
1598,539364659,"01598M15:19:28.637","01598 14:32:11",258.11,805.81,,,,"     ",5.10,6780.44,0.90
1598,539364660,"01598M15:19:29.610","01598 14:32:12",258.05,805.86,,,,"     ",5.10,6837.65,0.91
1598,539364661,"01598M15:19:30.584","01598 14:32:13",257.95,805.91,,,,"     ",5.10,6745.38,0.90
1598,539364662,"01598M15:19:31.557","01598 14:32:14",257.83,805.87,,,,"     ",5.10,6760.92,0.90
1598,539364663,"01598M15:19:32.530","01598 14:32:15",257.69,805.95,,,,"     ",5.10,6803.03,0.91
1598,539364664,"01598M15:19:33.503","01598 14:32:16",257.51,805.81,,,,"     ",5.10,6683.40,0.89
1598,539364665,"01598M15:19:34.477","01598 14:32:17",257.32,805.91,,,,"     ",5.10,6771.22,0.90
1598,539364666,"01598M15:19:35.450","01598 14:32:18",257.09,805.83,,,,"     ",5.10,6686.00,0.89
1598,539364667,"01598M15:19:36.423","01598 14:32:19",256.83,805.83,,,,"     ",5.10,6614.30,0.88
1598,539364668,"01598M15:19:37.396","01598 14:32:20",256.54,805.84,,,,"     ",5.10,6715.78,0.89
1598,539364669,"01598M15:19:38.370","01598 14:32:21",256.69,805.89,,,,"     ",5.10,6720.92,0.90
1598,539364670,"01598M15:19:39.343","01598 14:32:22",256.74,805.80,,,,"     ",5.10,6714.69,0.89
1598,539364671,"01598M15:19:40.316","01598 14:32:23",256.79,805.93,,,,"     ",5.10,6746.39,0.90
1598,539364672,"01598M15:19:41.289","01598 14:32:24",256.82,805.99,,,,"     ",5.10,6733.47,0.90
1598,539364673,"01598M15:19:42.263","01598 14:32:25",256.84,805.91,,,,"     ",5.10,6681.40,0.89
1598,539364674,"01598M15:19:43.236","01598 14:32:26",256.87,805.95,,,,"     ",5.10,6698.49,0.89
1598,539364675,"01598M15:19:44.209","01598 14:32:27",256.89,805.88,,,,"     ",5.10,6725.59,0.90
1598,539364676,"01598M15:19:45.183","01598 14:32:28",256.91,805.90,,,,"     ",5.10,6685.41,0.89
1598,539364677,"01598M15:19:46.156","01598 14:32:29",256.91,805.91,,,,"     ",5.10,6708.58,0.90
1598,539364678,"01598M15:19:47.129","01598 14:32:30",256.91,805.79,,,,"     ",5.10,6582.12,0.88
1598,539364679,"01598M15:19:48.102","01598 14:32:31",256.92,805.87,,,,"     ",5.10,6717.83,0.90
1598,539364680,"01598M15:19:49.076","01598 14:32:32",256.92,805.80,,,,"     ",5.10,6700.02,0.90
1598,539364681,"01598M15:19:50.049","01598 14:32:33",256.92,805.85,,,,"     ",5.10,6702.20,0.90
1598,539364682,"01598M15:19:51.022","01598 14:32:34",256.89,805.84,,,,"     ",5.10,6876.79,0.92
1598,539364683,"01598M15:19:51.995","01598 14:32:35",256.86,805.87,,,,"     ",5.10,6645.43,0.89
1598,539364684,"01598M15:19:52.969","01598 14:32:36",256.87,805.80,,,,"     ",5.10,6658.63,0.89
1598,539364685,"01598M15:19:53.942","01598 14:32:37",256.89,805.82,,,,"     ",5.10,6722.79,0.90
1598,539364686,"01598M15:19:54.915","01598 14:32:38",256.91,805.75,,,,"     ",5.10,6586.82,0.88
1598,539364687,"01598M15:19:55.888","01598 14:32:39",256.95,805.84,,,,"     ",5.10,6691.04,0.90
1598,539364688,"01598M15:19:56.862","01598 14:32:40",257.00,805.76,,,,"     ",5.10,6732.64,0.90
1598,539364689,"01598M15:19:57.835","01598 14:32:41",257.07,805.79,,,,"     ",5.10,6689.25,0.90
1598,539364690,"01598M15:19:58.808","01598 14:32:42",257.16,805.80,,,,"     ",5.10,6643.43,0.89
1598,539364691,"01598M15:19:59.781","01598 14:32:43",257.25,805.77,,,,"     ",5.10,6679.19,0.89
1598,539364692,"01598M15:20:00.755","01598 14:32:44",257.36,805.80,,,,"     ",5.10,6637.41,0.89
1598,539364693,"01598M15:20:01.728","01598 14:32:45",257.47,805.76,,,,"     ",5.10,6731.95,0.90
1598,539364694,"01598M15:20:02.701","01598 14:32:45",257.56,805.77,,,,"     ",5.10,6668.49,0.89
1598,539364695,"01598M15:20:03.674","01598 14:32:46",257.64,805.70,,,,"     ",5.10,6711.37,0.90
1598,539364696,"01598M15:20:04.648","01598 14:32:47",257.70,805.75,,,,"     ",5.10,6692.17,0.90
1598,539364697,"01598M15:20:05.621","01598 14:32:48",257.75,805.83,,,,"     ",5.10,6666.30,0.89
1598,539364698,"01598M15:20:06.594","01598 14:32:49",257.79,805.81,,,,"     ",5.10,6712.68,0.90
1598,539364699,"01598M15:20:07.567","01598 14:32:50",257.85,805.83,,,,"     ",5.10,6697.92,0.90
1598,539364700,"01598M15:20:08.541","01598 14:32:51",257.89,805.80,,,,"     ",5.10,6698.98,0.90
1598,539364701,"01598M15:20:09.514","01598 14:32:52",257.93,805.79,,,,"     ",5.10,6664.42,0.89
1598,539364702,"01598M15:20:10.487","01598 14:32:53",257.98,805.81,,,,"     ",5.10,6680.53,0.90
1598,539364703,"01598M15:20:11.460","01598 14:32:54",258.00,805.84,,,,"     ",5.10,6670.43,0.89
1598,539364704,"01598M15:20:12.434","01598 14:32:55",258.01,805.85,,,,"     ",5.10,6733.25,0.90
1598,539364705,"01598M15:20:13.407","01598 14:32:56",258.02,805.84,,,,"     ",5.10,6633.63,0.89
1598,539364706,"01598M15:20:14.380","01598 14:32:57",258.01,805.78,,,,"     ",5.10,6679.06,0.90
1598,539364707,"01598M15:20:15.353","01598 14:32:58",258.01,805.83,,,,"     ",5.10,6682.24,0.90
1598,539364708,"01598M15:20:16.327","01598 14:32:59",258.03,805.83,,,,"     ",5.10,6717.28,0.90
1598,539364709,"01598M15:20:17.300","01598 14:33:00",258.07,805.84,,,,"     ",5.10,6751.74,0.91
1598,539364710,"01598M15:20:18.273","01598 14:33:01",258.14,805.86,,,,"     ",5.10,6621.33,0.89
1598,539364711,"01598M15:20:19.246","01598 14:33:02",258.20,805.84,,,,"     ",5.10,6698.92,0.90
1598,539364712,"01598M15:20:20.220","01598 14:33:03",258.26,805.76,,,,"     ",5.10,6632.30,0.89
1598,539364713,"01598M15:20:21.193","01598 14:33:04",258.30,805.79,,,,"     ",5.10,6712.56,0.90
1598,539364714,"01598M15:20:22.166","01598 14:33:05",258.32,805.76,,,,"     ",5.10,6655.79,0.89
1598,539364715,"01598M15:20:23.139","01598 14:33:06",258.31,805.79,,,,"     ",5.10,6670.09,0.90
1598,539364716,"01598M15:20:24.113","01598 14:33:07",258.27,805.79,,,,"     ",5.10,6657.16,0.89
1598,539364717,"01598M15:20:25.086","01598 14:33:08",258.22,805.80,,,,"     ",5.10,6725.18,0.90
1598,539364718,"01598M15:20:26.059","01598 14:33:09",258.14,805.78,,,,"     ",5.10,6636.37,0.89
1598,539364719,"01598M15:20:27.032","01598 14:33:10",258.07,805.74,,,,"     ",5.10,6609.65,0.89
1598,539364720,"01598M15:20:28.006","01598 14:33:11",257.98,805.81,,,,"     ",5.10,6559.56,0.88
1598,539364721,"01598M15:20:28.979","01598 14:33:12",257.88,805.73,,,,"     ",5.10,6618.45,0.89
1598,539364722,"01598M15:20:29.952","01598 14:33:13",257.78,805.71,,,,"     ",5.10,6716.40,0.90
1598,539364723,"01598M15:20:30.925","01598 14:33:14",257.68,805.77,,,,"     ",5.10,6656.83,0.89
1598,539364724,"01598M15:20:31.899","01598 14:33:15",257.62,805.80,,,,"     ",5.10,6652.38,0.89
1598,539364725,"01598M15:20:32.872","01598 14:33:16",257.57,805.73,,,,"     ",5.10,6679.09,0.90
1598,539364726,"01598M15:20:33.845","01598 14:33:17",257.56,805.69,,,,"     ",5.10,6670.88,0.90
1598,539364727,"01598M15:20:34.818","01598 14:33:18",257.57,805.69,,,,"     ",5.10,6679.29,0.90
1598,539364728,"01598M15:20:35.792","01598 14:33:19",257.60,805.70,,,,"     ",5.10,6661.05,0.89
1598,539364729,"01598M15:20:36.765","01598 14:33:20",257.65,805.81,,,,"     ",5.10,6590.01,0.88
1598,539364730,"01598M15:20:37.738","01598 14:33:21",257.69,805.68,,,,"     ",5.10,6650.27,0.89
1598,539364731,"01598M15:20:38.711","01598 14:33:22",257.71,805.74,,,,"     ",5.10,6689.13,0.90
1598,539364732,"01598M15:20:39.685","01598 14:33:22",257.72,805.73,,,,"     ",5.10,6679.62,0.90
1598,539364733,"01598M15:20:40.658","01598 14:33:23",257.71,805.77,,,,"     ",5.10,6732.88,0.90
1598,539364734,"01598M15:20:41.631","01598 14:33:24",257.70,805.72,,,,"     ",5.10,6612.79,0.89
1598,539364735,"01598M15:20:42.604","01598 14:33:25",257.69,805.74,,,,"     ",5.10,6693.17,0.90
1598,539364736,"01598M15:20:43.578","01598 14:33:26",257.67,805.75,,,,"     ",5.10,6633.55,0.89
1598,539364737,"01598M15:20:44.551","01598 14:33:27",257.63,805.77,,,,"     ",5.10,6711.03,0.90
1598,539364738,"01598M15:20:45.524","01598 14:33:28",257.59,805.79,,,,"     ",5.10,6733.01,0.91
1598,539364739,"01598M15:20:46.497","01598 14:33:29",257.53,805.68,,,,"     ",5.10,6647.60,0.89
1598,539364740,"01598M15:20:47.471","01598 14:33:30",257.46,805.69,,,,"     ",5.10,6732.23,0.91
1598,539364741,"01598M15:20:48.444","01598 14:33:31",257.38,805.71,,,,"     ",5.10,6665.23,0.90
1598,539364742,"01598M15:20:49.417","01598 14:33:32",257.31,805.71,,,,"     ",5.10,6626.48,0.89
1598,539364743,"01598M15:20:50.390","01598 14:33:33",257.26,805.79,,,,"     ",5.10,6717.68,0.90
1598,539364744,"01598M15:20:51.364","01598 14:33:34",257.24,805.71,,,,"     ",5.10,6684.29,0.90
1598,539364745,"01598M15:20:52.337","01598 14:33:35",257.25,805.77,,,,"     ",5.10,6600.53,0.89
1598,539364746,"01598M15:20:53.310","01598 14:33:36",257.28,805.60,,,,"     ",5.10,6610.68,0.89
1598,539364747,"01598M15:20:54.284","01598 14:33:37",257.33,805.72,,,,"     ",5.10,6654.36,0.90
1598,539364748,"01598M15:20:55.257","01598 14:33:38",257.37,805.76,,,,"     ",5.10,6658.74,0.90
1598,539364749,"01598M15:20:56.230","01598 14:33:39",257.43,805.79,,,,"     ",5.10,6686.08,0.90
1598,539364750,"01598M15:20:57.203","01598 14:33:40",257.48,805.66,,,,"     ",5.10,6612.30,0.89
1598,539364751,"01598M15:20:58.177","01598 14:33:41",257.53,805.72,,,,"     ",5.10,6600.27,0.89
1598,539364752,"01598M15:20:59.150","01598 14:33:42",257.58,805.66,,,,"     ",5.10,6578.67,0.89
1598,539364753,"01598M15:21:00.123","01598 14:33:43",257.62,805.62,,,,"     ",5.10,6566.37,0.88
1598,539364754,"01598M15:21:01.096","01598 14:33:44",257.66,805.57,,,,"     ",5.10,6683.71,0.90
1598,539364755,"01598M15:21:02.070","01598 14:33:45",257.67,805.68,,,,"     ",5.10,6702.05,0.90
1598,539364756,"01598M15:21:03.043","01598 14:33:46",257.67,805.72,,,,"     ",5.10,6678.99,0.90
1598,539364757,"01598M15:21:04.016","01598 14:33:47",257.64,805.69,,,,"     ",5.10,6637.62,0.90
1598,539364758,"01598M15:21:04.989","01598 14:33:48",257.62,805.79,,,,"     ",5.10,6719.01,0.91
1598,539364759,"01598M15:21:05.963","01598 14:33:49",257.59,805.64,,,,"     ",5.10,6574.52,0.89
1598,539364760,"01598M15:21:06.936","01598 14:33:50",257.56,805.68,,,,"     ",5.10,6589.84,0.89
1598,539364761,"01598M15:21:07.909","01598 14:33:51",257.53,805.68,,,,"     ",5.10,6569.26,0.89
1598,539364762,"01598M15:21:08.882","01598 14:33:52",257.47,805.65,,,,"     ",5.10,6661.18,0.90
1598,539364763,"01598M15:21:09.856","01598 14:33:53",257.40,805.61,,,,"     ",5.10,6572.42,0.89
1598,539364764,"01598M15:21:10.829","01598 14:33:54",257.33,805.58,,,,"     ",5.10,6558.82,0.88
1598,539364765,"01598M15:21:11.802","01598 14:33:55",257.25,805.70,,,,"     ",5.10,6729.78,0.91
1598,539364766,"01598M15:21:12.775","01598 14:33:56",257.19,805.62,,,,"     ",5.10,6667.61,0.90
1598,539364767,"01598M15:21:13.749","01598 14:33:57",257.16,805.60,,,,"     ",5.10,6572.03,0.89
1598,539364768,"01598M15:21:14.722","01598 14:33:58",257.17,805.64,,,,"     ",5.10,6620.35,0.89
1598,539364769,"01598M15:21:15.695","01598 14:33:58",257.21,805.70,,,,"     ",5.10,6690.22,0.91
1598,539364770,"01598M15:21:16.668","01598 14:33:59",257.29,805.71,,,,"     ",5.10,6599.12,0.89
1598,539364771,"01598M15:21:17.642","01598 14:34:00",257.39,805.70,,,,"     ",5.10,6601.77,0.89
1598,539364772,"01598M15:21:18.615","01598 14:34:01",257.50,805.61,,,,"     ",5.10,6578.71,0.89
1598,539364773,"01598M15:21:19.588","01598 14:34:02",257.60,805.59,,,,"     ",5.10,6675.42,0.90
1598,539364774,"01598M15:21:20.561","01598 14:34:03",257.69,805.61,,,,"     ",5.10,6598.12,0.89
1598,539364775,"01598M15:21:21.535","01598 14:34:04",257.77,805.65,,,,"     ",5.10,6528.84,0.88
1598,539364776,"01598M15:21:22.508","01598 14:34:05",257.83,805.62,,,,"     ",5.10,6632.84,0.90
1598,539364777,"01598M15:21:23.481","01598 14:34:06",257.89,805.73,,,,"     ",5.10,6582.42,0.89
1598,539364778,"01598M15:21:24.454","01598 14:34:07",257.94,805.73,,,,"     ",5.10,6643.39,0.90
1598,539364779,"01598M15:21:25.428","01598 14:34:08",257.99,805.71,,,,"     ",5.10,6637.80,0.90
1598,539364780,"01598M15:21:26.401","01598 14:34:09",258.02,805.70,,,,"     ",5.10,6623.89,0.90
1598,539364781,"01598M15:21:27.374","01598 14:34:10",258.04,805.81,,,,"     ",5.10,6542.81,0.89
1598,539364782,"01598M15:21:28.347","01598 14:34:11",258.05,805.68,,,,"     ",5.10,6741.44,0.91
1598,539364783,"01598M15:21:29.321","01598 14:34:12",258.09,805.67,,,,"     ",5.10,6608.39,0.90
1598,539364784,"01598M15:21:30.294","01598 14:34:13",258.14,805.70,,,,"     ",5.10,6648.65,0.90
1598,539364785,"01598M15:21:31.267","01598 14:34:14",258.25,805.63,,,,"     ",5.10,6532.01,0.89
1598,539364786,"01598M15:21:32.240","01598 14:34:15",258.40,805.58,,,,"     ",5.10,6595.43,0.89
1598,539364787,"01598M15:21:33.214","01598 14:34:16",258.58,805.60,,,,"     ",5.10,6681.92,0.91
1598,539364788,"01598M15:21:34.187","01598 14:34:17",258.78,805.69,,,,"     ",5.10,6518.22,0.88
1598,539364789,"01598M15:21:35.160","01598 14:34:18",258.98,805.64,,,,"     ",5.10,6540.03,0.89
1598,539364790,"01598M15:21:36.133","01598 14:34:19",259.16,805.64,,,,"     ",5.10,6683.43,0.91
1598,539364791,"01598M15:21:37.107","01598 14:34:20",259.29,805.71,,,,"     ",5.10,6695.03,0.91
1598,539364792,"01598M15:21:38.080","01598 14:34:21",259.40,805.71,,,,"     ",5.10,6626.55,0.90
1598,539364793,"01598M15:21:39.053","01598 14:34:22",259.49,805.81,,,,"     ",5.10,6626.69,0.90
1598,539364794,"01598M15:21:40.026","01598 14:34:23",259.54,805.74,,,,"     ",5.10,6671.05,0.90
1598,539364795,"01598M15:21:41.000","01598 14:34:24",259.57,805.75,,,,"     ",5.10,6651.83,0.90
1598,539364796,"01598M15:21:41.973","01598 14:34:25",259.61,805.66,,,,"     ",5.10,6613.65,0.89
1598,539364797,"01598M15:21:42.946","01598 14:34:26",259.67,805.63,,,,"     ",5.10,6620.88,0.90
1598,539364798,"01598M15:21:43.919","01598 14:34:27",259.73,805.59,,,,"     ",5.10,6621.77,0.90
1598,539364799,"01598M15:21:44.893","01598 14:34:28",259.81,805.61,,,,"     ",5.10,6634.34,0.90
1598,539364800,"01598M15:21:45.866","01598 14:34:29",259.90,805.67,,,,"     ",5.10,6606.09,0.89
1598,539364801,"01598M15:21:46.839","01598 14:34:30",260.01,805.66,,,,"     ",5.10,6581.24,0.89
1598,539364802,"01598M15:21:47.812","01598 14:34:31",260.13,805.66,,,,"     ",5.10,6615.77,0.89
1598,539364803,"01598M15:21:48.786","01598 14:34:32",260.26,805.65,,,,"     ",5.10,6678.90,0.90
1598,539364804,"01598M15:21:49.759","01598 14:34:33",260.40,805.72,,,,"     ",5.10,6581.73,0.89
1598,539364805,"01598M15:21:50.732","01598 14:34:34",260.56,805.62,,,,"     ",5.10,6640.84,0.90
1598,539364806,"01598M15:21:51.705","01598 14:34:34",260.73,805.71,,,,"     ",5.10,6652.33,0.90
1598,539364807,"01598M15:21:52.679","01598 14:34:35",260.90,805.68,,,,"     ",5.10,6709.24,0.90
1598,539364808,"01598M15:21:53.652","01598 14:34:36",261.06,805.64,,,,"     ",5.10,6594.87,0.89
1598,539364809,"01598M15:21:54.625","01598 14:34:37",261.20,805.61,,,,"     ",5.10,6603.45,0.89
1598,539364810,"01598M15:21:55.598","01598 14:34:38",261.33,805.57,,,,"     ",5.10,6521.02,0.88
1598,539364811,"01598M15:21:56.572","01598 14:34:39",261.43,805.60,,,,"     ",5.10,6587.14,0.89
1598,539364812,"01598M15:21:57.545","01598 14:34:40",261.51,805.60,,,,"     ",5.10,6696.35,0.90
1598,539364813,"01598M15:21:58.518","01598 14:34:41",261.58,805.61,,,,"     ",5.10,6661.68,0.89
1598,539364814,"01598M15:21:59.491","01598 14:34:42",261.65,805.67,,,,"     ",5.10,6675.77,0.90
1598,539364815,"01598M15:22:00.465","01598 14:34:43",261.71,805.60,,,,"     ",5.10,6720.33,0.90
1598,539364816,"01598M15:22:01.438","01598 14:34:44",261.78,805.59,,,,"     ",5.10,6639.99,0.89
1598,539364817,"01598M15:22:02.411","01598 14:34:45",261.85,805.58,,,,"     ",5.10,6744.98,0.90
1598,539364818,"01598M15:22:03.385","01598 14:34:46",261.92,805.50,,,,"     ",5.10,6732.29,0.90
1598,539364819,"01598M15:22:04.358","01598 14:34:47",262.00,805.62,,,,"     ",5.10,6775.04,0.91
1598,539364820,"01598M15:22:05.331","01598 14:34:48",262.06,805.56,,,,"     ",5.10,6697.43,0.90
1598,539364821,"01598M15:22:06.304","01598 14:34:49",262.12,805.60,,,,"     ",5.10,6766.03,0.91
1598,539364822,"01598M15:22:07.278","01598 14:34:50",262.16,805.53,,,,"     ",5.10,6727.71,0.90
1598,539364823,"01598M15:22:08.251","01598 14:34:51",262.19,805.58,,,,"     ",5.10,6598.22,0.88
1598,539364824,"01598M15:22:09.224","01598 14:34:52",262.23,805.54,,,,"     ",5.10,6738.27,0.90
1598,539364825,"01598M15:22:10.197","01598 14:34:53",262.28,805.55,,,,"     ",5.10,6754.75,0.90
1598,539364826,"01598M15:22:11.171","01598 14:34:54",262.35,805.57,,,,"     ",5.10,6717.70,0.90
1598,539364827,"01598M15:22:12.144","01598 14:34:55",262.44,805.57,,,,"     ",5.10,6604.43,0.88
1598,539364828,"01598M15:22:13.117","01598 14:34:56",262.56,805.66,,,,"     ",5.10,6683.39,0.89
1598,539364829,"01598M15:22:14.090","01598 14:34:57",262.67,805.66,,,,"     ",5.10,6708.36,0.89
1598,539364830,"01598M15:22:15.064","01598 14:34:58",262.79,805.73,,,,"     ",5.10,6734.00,0.90
1598,539364831,"01598M15:22:16.037","01598 14:34:59",262.90,805.68,,,,"     ",5.10,6682.94,0.89
1598,539364832,"01598M15:22:17.010","01598 14:35:00",263.02,805.67,,,,"     ",5.10,6825.22,0.91
1598,539364833,"01598M15:22:17.983","01598 14:35:01",263.14,805.63,,,,"     ",5.10,6826.43,0.91
1598,539364834,"01598M15:22:18.957","01598 14:35:02",263.28,805.62,,,,"     ",5.10,6679.28,0.89
1598,539364835,"01598M15:22:19.930","01598 14:35:03",263.42,805.53,,,,"     ",5.10,6661.09,0.88
1598,539364836,"01598M15:22:20.903","01598 14:35:04",263.54,805.53,,,,"     ",5.10,6775.71,0.90
1598,539364837,"01598M15:22:21.876","01598 14:35:05",263.64,805.52,,,,"     ",5.10,6664.04,0.88
1598,539364838,"01598M15:22:22.850","01598 14:35:06",263.70,805.51,,,,"     ",5.10,6733.85,0.89
1598,539364839,"01598M15:22:23.823","01598 14:35:07",263.72,805.49,,,,"     ",5.10,6774.48,0.90
1598,539364840,"01598M15:22:24.796","01598 14:35:08",263.70,805.54,,,,"     ",5.10,6864.12,0.91
1598,539364841,"01598M15:22:25.769","01598 14:35:09",263.63,805.57,,,,"     ",5.10,6745.83,0.89
1598,539364842,"01598M15:22:26.743","01598 14:35:10",263.52,805.61,,,,"     ",5.10,6796.46,0.90
1598,539364843,"01598M15:22:27.716","01598 14:35:10",263.40,805.58,,,,"     ",5.10,6787.22,0.90
1598,539364844,"01598M15:22:28.689","01598 14:35:11",263.29,805.59,,,,"     ",5.10,6763.43,0.89
1598,539364845,"01598M15:22:29.662","01598 14:35:12",263.17,805.50,,,,"     ",5.10,6695.80,0.88
1598,539364846,"01598M15:22:30.636","01598 14:35:13",263.05,805.57,,,,"     ",5.10,6729.59,0.89
1598,539364847,"01598M15:22:31.609","01598 14:35:14",262.94,805.61,,,,"     ",5.10,6839.05,0.90
1598,539364848,"01598M15:22:32.582","01598 14:35:15",262.84,805.57,,,,"     ",5.10,6751.41,0.89
1598,539364849,"01598M15:22:33.555","01598 14:35:16",262.76,805.56,,,,"     ",5.10,6780.29,0.89
1598,539364850,"01598M15:22:34.529","01598 14:35:17",262.72,805.52,,,,"     ",5.10,6842.93,0.90
1598,539364851,"01598M15:22:35.502","01598 14:35:18",262.73,805.45,,,,"     ",5.10,6804.80,0.89
1598,539364852,"01598M15:22:36.475","01598 14:35:19",262.78,805.46,,,,"     ",5.10,6795.35,0.89
1598,539364853,"01598M15:22:37.448","01598 14:35:20",262.89,805.52,,,,"     ",5.10,6792.64,0.89
1598,539364854,"01598M15:22:38.422","01598 14:35:21",263.02,805.47,,,,"     ",5.10,6768.59,0.89
1598,539364855,"01598M15:22:39.395","01598 14:35:22",263.16,805.51,,,,"     ",5.10,6848.86,0.90
1598,539364856,"01598M15:22:40.368","01598 14:35:23",263.32,805.53,,,,"     ",5.10,6846.07,0.90
1598,539364857,"01598M15:22:41.341","01598 14:35:24",263.48,805.48,,,,"     ",5.10,6784.87,0.89
1598,539364858,"01598M15:22:42.315","01598 14:35:25",263.63,805.54,,,,"     ",5.10,6753.36,0.88
1598,539364859,"01598M15:22:43.288","01598 14:35:26",263.78,805.49,,,,"     ",5.10,6785.14,0.89
1598,539364860,"01598M15:22:44.261","01598 14:35:27",263.91,805.51,,,,"     ",5.10,6834.90,0.89
1598,539364861,"01598M15:22:45.234","01598 14:35:28",264.01,805.52,,,,"     ",5.10,6764.42,0.88
1598,539364862,"01598M15:22:46.208","01598 14:35:29",264.11,805.53,,,,"     ",5.10,6753.43,0.88
1598,539364863,"01598M15:22:47.181","01598 14:35:30",264.19,805.54,,,,"     ",5.10,6761.96,0.88
1598,539364864,"01598M15:22:48.154","01598 14:35:31",264.26,805.55,,,,"     ",5.10,6826.61,0.89
1598,539364865,"01598M15:22:49.127","01598 14:35:32",264.31,805.58,,,,"     ",5.10,6766.30,0.88
1598,539364866,"01598M15:22:50.101","01598 14:35:33",264.35,805.46,,,,"     ",5.10,6786.33,0.88
1598,539364867,"01598M15:22:51.074","01598 14:35:34",264.39,805.49,,,,"     ",5.10,6793.48,0.89
1598,539364868,"01598M15:22:52.047","01598 14:35:35",264.44,805.50,,,,"     ",5.10,6791.38,0.88
1598,539364869,"01598M15:22:53.020","01598 14:35:36",264.51,805.47,,,,"     ",5.10,6817.77,0.89
1598,539364870,"01598M15:22:53.994","01598 14:35:37",264.59,805.48,,,,"     ",5.10,6874.67,0.89
1598,539364871,"01598M15:22:54.967","01598 14:35:38",264.68,805.46,,,,"     ",5.10,6850.56,0.89
1598,539364872,"01598M15:22:55.940","01598 14:35:39",264.78,805.53,,,,"     ",5.10,6840.23,0.89
1598,539364873,"01598M15:22:56.913","01598 14:35:40",264.87,805.53,,,,"     ",5.10,6785.30,0.88
1598,539364874,"01598M15:22:57.887","01598 14:35:41",264.97,805.50,,,,"     ",5.10,6844.14,0.89
1598,539364875,"01598M15:22:58.860","01598 14:35:42",265.08,805.49,,,,"     ",5.10,6865.13,0.89
1598,539364876,"01598M15:22:59.833","01598 14:35:43",265.21,805.48,,,,"     ",5.10,6784.93,0.88
1598,539364877,"01598M15:23:00.806","01598 14:35:44",265.35,805.48,,,,"     ",5.10,6827.50,0.88
1598,539364878,"01598M15:23:01.780","01598 14:35:45",265.48,805.45,,,,"     ",5.10,6853.64,0.89
1598,539364879,"01598M15:23:02.753","01598 14:35:46",265.62,805.55,,,,"     ",5.10,6970.33,0.90
1598,539364880,"01598M15:23:03.726","01598 14:35:46",265.74,805.48,,,,"     ",5.10,6907.74,0.89
1598,539364881,"01598M15:23:04.699","01598 14:35:47",265.85,805.51,,,,"     ",5.10,6884.18,0.89
1598,539364882,"01598M15:23:05.673","01598 14:35:48",265.95,805.44,,,,"     ",5.10,6799.80,0.88
1598,539364883,"01598M15:23:06.646","01598 14:35:49",266.03,805.46,,,,"     ",5.10,6820.38,0.88
1598,539364884,"01598M15:23:07.619","01598 14:35:50",266.11,805.54,,,,"     ",5.10,6895.06,0.89
1598,539364885,"01598M15:23:08.592","01598 14:35:51",266.19,805.50,,,,"     ",5.10,6878.27,0.89
1598,539364886,"01598M15:23:09.566","01598 14:35:52",266.27,805.42,,,,"     ",5.10,6900.73,0.89
1598,539364887,"01598M15:23:10.539","01598 14:35:53",266.35,805.54,,,,"     ",5.10,6790.46,0.87
1598,539364888,"01598M15:23:11.512","01598 14:35:54",266.42,805.52,,,,"     ",5.10,6965.61,0.90
1598,539364889,"01598M15:23:12.485","01598 14:35:55",266.49,805.47,,,,"     ",5.10,6940.24,0.89
1598,539364890,"01598M15:23:13.459","01598 14:35:56",266.55,805.52,,,,"     ",5.10,6963.43,0.90
1598,539364891,"01598M15:23:14.432","01598 14:35:57",266.61,805.54,,,,"     ",5.10,6996.35,0.90
1598,539364892,"01598M15:23:15.405","01598 14:35:58",266.67,805.42,,,,"     ",5.10,6908.52,0.89
1598,539364893,"01598M15:23:16.379","01598 14:35:59",266.72,805.41,,,,"     ",5.10,6794.03,0.87
1598,539364894,"01598M15:23:17.352","01598 14:36:00",266.75,805.42,,,,"     ",5.10,6927.19,0.89
1598,539364895,"01598M15:23:18.325","01598 14:36:01",266.76,805.43,,,,"     ",5.10,6970.55,0.89
1598,539364896,"01598M15:23:19.298","01598 14:36:02",266.76,805.48,,,,"     ",5.10,6930.32,0.89
1598,539364897,"01598M15:23:20.272","01598 14:36:03",266.74,805.50,,,,"     ",5.10,6951.12,0.89
1598,539364898,"01598M15:23:21.245","01598 14:36:04",266.71,805.46,,,,"     ",5.10,6881.96,0.88
1598,539364899,"01598M15:23:22.218","01598 14:36:05",266.67,805.49,,,,"     ",5.10,6898.58,0.88
1598,539364900,"01598M15:23:23.191","01598 14:36:06",266.62,805.55,,,,"     ",5.10,6883.81,0.88
1598,539364901,"01598M15:23:24.165","01598 14:36:07",266.57,805.46,,,,"     ",5.10,6860.54,0.88
1598,539364902,"01598M15:23:25.138","01598 14:36:08",266.52,805.40,,,,"     ",5.10,6893.90,0.88
1598,539364903,"01598M15:23:26.111","01598 14:36:09",266.47,805.46,,,,"     ",5.10,6908.53,0.88
1598,539364904,"01598M15:23:27.084","01598 14:36:10",266.42,805.41,,,,"     ",5.10,6937.03,0.89
1598,539364905,"01598M15:23:28.058","01598 14:36:11",266.39,805.38,,,,"     ",5.10,6839.09,0.87
1598,539364906,"01598M15:23:29.031","01598 14:36:12",266.34,805.41,,,,"     ",5.10,7008.59,0.89
1598,539364907,"01598M15:23:30.004","01598 14:36:13",266.25,805.35,,,,"     ",5.10,6999.69,0.89
1598,539364908,"01598M15:23:30.977","01598 14:36:14",266.18,805.41,,,,"     ",5.10,6898.04,0.88
1598,539364909,"01598M15:23:31.951","01598 14:36:15",266.12,805.44,,,,"     ",5.10,6904.80,0.88
1598,539364910,"01598M15:23:32.924","01598 14:36:16",266.08,805.39,,,,"     ",5.10,6958.13,0.89
1598,539364911,"01598M15:23:33.897","01598 14:36:17",266.05,805.47,,,,"     ",5.10,6924.94,0.88
1598,539364912,"01598M15:23:34.870","01598 14:36:18",266.04,805.46,,,,"     ",5.10,6917.38,0.88
1598,539364913,"01598M15:23:35.844","01598 14:36:19",266.03,805.41,,,,"     ",5.10,6983.32,0.89
1598,539364914,"01598M15:23:36.817","01598 14:36:20",266.03,805.37,,,,"     ",5.10,6960.92,0.89
1598,539364915,"01598M15:23:37.790","01598 14:36:21",266.04,805.40,,,,"     ",5.10,6923.51,0.88
1598,539364916,"01598M15:23:38.763","01598 14:36:22",266.05,805.48,,,,"     ",5.10,6988.87,0.89
1598,539364917,"01598M15:23:39.737","01598 14:36:22",266.06,805.48,,,,"     ",5.10,6948.25,0.88
1598,539364918,"01598M15:23:40.710","01598 14:36:23",266.08,805.45,,,,"     ",5.10,6982.38,0.89
1598,539364919,"01598M15:23:41.683","01598 14:36:24",266.10,805.43,,,,"     ",5.10,6932.63,0.88
1598,539364920,"01598M15:23:42.656","01598 14:36:25",266.13,805.44,,,,"     ",5.10,6927.68,0.88
1598,539364921,"01598M15:23:43.630","01598 14:36:26",266.17,805.41,,,,"     ",5.10,6914.60,0.88
1598,539364922,"01598M15:23:44.603","01598 14:36:27",266.21,805.37,,,,"     ",5.10,7019.62,0.89
1598,539364923,"01598M15:23:45.576","01598 14:36:28",266.26,805.34,,,,"     ",5.10,6969.49,0.88
1598,539364924,"01598M15:23:46.549","01598 14:36:29",266.34,805.37,,,,"     ",5.10,6964.26,0.88
1598,539364925,"01598M15:23:47.523","01598 14:36:30",266.43,805.43,,,,"     ",5.10,7037.48,0.89
1598,539364926,"01598M15:23:48.496","01598 14:36:31",266.53,805.38,,,,"     ",5.10,7002.24,0.89
1598,539364927,"01598M15:23:49.469","01598 14:36:32",266.64,805.42,,,,"     ",5.10,6942.55,0.88
1598,539364928,"01598M15:23:50.442","01598 14:36:33",266.75,805.41,,,,"     ",5.10,6891.10,0.87
1598,539364929,"01598M15:23:51.416","01598 14:36:34",266.78,805.36,,,,"     ",5.10,6990.84,0.89
1598,539364930,"01598M15:23:52.389","01598 14:36:35",266.76,805.35,,,,"     ",5.10,6881.37,0.87
1598,539364931,"01598M15:23:53.362","01598 14:36:36",266.72,805.42,,,,"     ",5.10,6944.94,0.88
1598,539364932,"01598M15:23:54.335","01598 14:36:37",266.68,805.36,,,,"     ",5.10,6995.77,0.88
1598,539364933,"01598M15:23:55.309","01598 14:36:38",266.62,805.41,,,,"     ",5.10,6909.91,0.87
1598,539364934,"01598M15:23:56.282","01598 14:36:39",266.56,805.37,,,,"     ",5.10,6896.41,0.87
1598,539364935,"01598M15:23:57.255","01598 14:36:40",266.50,805.30,,,,"     ",5.10,7019.77,0.89
1598,539364936,"01598M15:23:58.228","01598 14:36:41",266.43,805.30,,,,"     ",5.10,7009.90,0.89
1598,539364937,"01598M15:23:59.202","01598 14:36:42",266.36,805.26,,,,"     ",5.10,6946.24,0.88
1598,539364938,"01598M15:24:00.175","01598 14:36:43",266.29,805.34,,,,"     ",5.10,6937.62,0.88
1598,539364939,"01598M15:24:01.148","01598 14:36:44",266.23,805.38,,,,"     ",5.10,6973.32,0.88
1598,539364940,"01598M15:24:02.121","01598 14:36:45",266.18,805.30,,,,"     ",5.10,7055.50,0.89
1598,539364941,"01598M15:24:03.095","01598 14:36:46",266.14,805.35,,,,"     ",5.10,6971.44,0.88
1598,539364942,"01598M15:24:04.068","01598 14:36:47",266.13,805.33,,,,"     ",5.10,6894.54,0.87
1598,539364943,"01598M15:24:05.041","01598 14:36:48",266.14,805.36,,,,"     ",5.10,7009.45,0.88
1598,539364944,"01598M15:24:06.014","01598 14:36:49",266.17,805.35,,,,"     ",5.10,6969.31,0.88
1598,539364945,"01598M15:24:06.988","01598 14:36:50",266.22,805.32,,,,"     ",5.10,6967.62,0.88
1598,539364946,"01598M15:24:07.961","01598 14:36:51",266.28,805.43,,,,"     ",5.10,6902.68,0.87
1598,539364947,"01598M15:24:08.934","01598 14:36:52",266.34,805.32,,,,"     ",5.10,6952.31,0.87
1598,539364948,"01598M15:24:09.907","01598 14:36:53",266.42,805.31,,,,"     ",5.10,6992.71,0.88
1598,539364949,"01598M15:24:10.881","01598 14:36:54",266.49,805.31,,,,"     ",5.10,6926.85,0.87
1598,539364950,"01598M15:24:11.854","01598 14:36:55",266.57,805.16,,,,"     ",5.10,6994.81,0.88
1598,539364951,"01598M15:24:12.827","01598 14:36:56",266.64,805.28,,,,"     ",5.10,7040.64,0.89
1598,539364952,"01598M15:24:13.800","01598 14:36:57",266.72,805.27,,,,"     ",5.10,6974.05,0.88
1598,539364953,"01598M15:24:14.774","01598 14:36:58",266.79,805.29,,,,"     ",5.10,7049.55,0.89
1598,539364954,"01598M15:24:15.747","01598 14:36:58",266.86,805.40,,,,"     ",5.10,6981.86,0.88
1598,539364955,"01598M15:24:16.720","01598 14:36:59",266.92,805.29,,,,"     ",5.10,6921.22,0.87
1598,539364956,"01598M15:24:17.693","01598 14:37:00",266.98,805.32,,,,"     ",5.10,7034.15,0.88
1598,539364957,"01598M15:24:18.667","01598 14:37:01",267.03,805.34,,,,"     ",5.10,6948.90,0.87
1598,539364958,"01598M15:24:19.640","01598 14:37:02",267.07,805.33,,,,"     ",5.10,7004.88,0.88
1598,539364959,"01598M15:24:20.613","01598 14:37:03",267.10,805.30,,,,"     ",5.10,6962.60,0.87
1598,539364960,"01598M15:24:21.586","01598 14:37:04",267.13,805.29,,,,"     ",5.10,6991.04,0.88
1598,539364961,"01598M15:24:22.560","01598 14:37:05",267.15,805.39,,,,"     ",5.10,6960.94,0.87
1598,539364962,"01598M15:24:23.533","01598 14:37:06",267.16,805.39,,,,"     ",5.10,6934.04,0.87
1598,539364963,"01598M15:24:24.506","01598 14:37:07",267.15,805.40,,,,"     ",5.10,7031.38,0.88
1598,539364964,"01598M15:24:25.480","01598 14:37:08",267.14,805.29,,,,"     ",5.10,7001.50,0.88
1598,539364965,"01598M15:24:26.453","01598 14:37:09",267.13,805.29,,,,"     ",5.10,6952.51,0.87
1598,539364966,"01598M15:24:27.426","01598 14:37:10",267.12,805.28,,,,"     ",5.10,7034.02,0.88
1598,539364967,"01598M15:24:28.399","01598 14:37:11",267.11,805.32,,,,"     ",5.10,7029.78,0.88
1598,539364968,"01598M15:24:29.373","01598 14:37:12",267.10,805.25,,,,"     ",5.10,6971.25,0.87
1598,539364969,"01598M15:24:30.346","01598 14:37:13",267.09,805.31,,,,"     ",5.10,6978.44,0.87
1598,539364970,"01598M15:24:31.319","01598 14:37:14",267.07,805.22,,,,"     ",5.10,6957.06,0.87
1598,539364971,"01598M15:24:32.292","01598 14:37:15",267.05,805.30,,,,"     ",5.10,7024.61,0.88
1598,539364972,"01598M15:24:33.266","01598 14:37:16",267.03,805.39,,,,"     ",5.10,6992.86,0.87
1598,539364973,"01598M15:24:34.239","01598 14:37:17",267.01,805.28,,,,"     ",5.10,7006.69,0.88
1598,539364974,"01598M15:24:35.212","01598 14:37:18",266.98,805.30,,,,"     ",5.10,7005.26,0.87
1598,539364975,"01598M15:24:36.185","01598 14:37:19",266.95,805.25,,,,"     ",5.10,7050.45,0.88
1598,539364976,"01598M15:24:37.159","01598 14:37:20",266.92,805.23,,,,"     ",5.10,7051.83,0.88
1598,539364977,"01598M15:24:38.132","01598 14:37:21",266.80,805.22,,,,"     ",5.10,6970.21,0.87
1598,539364978,"01598M15:24:39.105","01598 14:37:22",266.86,805.29,,,,"     ",5.10,7048.71,0.88
1598,539364979,"01598M15:24:40.078","01598 14:37:23",266.91,805.28,,,,"     ",5.10,7068.03,0.88
1598,539364980,"01598M15:24:41.052","01598 14:37:24",266.96,805.22,,,,"     ",5.10,7082.52,0.88
1598,539364981,"01598M15:24:42.025","01598 14:37:25",267.00,805.25,,,,"     ",5.10,7082.76,0.88
1598,539364982,"01598M15:24:42.998","01598 14:37:26",267.04,805.15,,,,"     ",5.10,6995.39,0.87
1598,539364983,"01598M15:24:43.971","01598 14:37:27",267.07,805.20,,,,"     ",5.10,6971.89,0.87
1598,539364984,"01598M15:24:44.945","01598 14:37:28",267.10,805.17,,,,"     ",5.10,7018.07,0.87
1598,539364985,"01598M15:24:45.918","01598 14:37:29",267.12,805.26,,,,"     ",5.10,6997.18,0.87
1598,539364986,"01598M15:24:46.891","01598 14:37:30",267.14,805.15,,,,"     ",5.10,7074.12,0.88
1598,539364987,"01598M15:24:47.864","01598 14:37:31",267.16,805.23,,,,"     ",5.10,6955.80,0.87
1598,539364988,"01598M15:24:48.838","01598 14:37:32",267.17,805.27,,,,"     ",5.10,6964.37,0.87
1598,539364989,"01598M15:24:49.811","01598 14:37:33",267.17,805.23,,,,"     ",5.10,6975.83,0.87
1598,539364990,"01598M15:24:50.784","01598 14:37:34",267.17,805.30,,,,"     ",5.10,7031.60,0.87
1598,539364991,"01598M15:24:51.757","01598 14:37:35",267.16,805.21,,,,"     ",5.10,7026.13,0.87
1598,539364992,"01598M15:24:52.731","01598 14:37:35",267.15,805.18,,,,"     ",5.10,6957.32,0.86
1598,539364993,"01598M15:24:53.704","01598 14:37:36",267.13,805.18,,,,"     ",5.10,6970.31,0.87
1598,539364994,"01598M15:24:54.677","01598 14:37:37",267.11,805.17,,,,"     ",5.10,6919.34,0.86
1598,539364995,"01598M15:24:55.650","01598 14:37:38",267.09,805.23,,,,"     ",5.10,7053.00,0.88
1598,539364996,"01598M15:24:56.624","01598 14:37:39",267.07,805.28,,,,"     ",5.10,6953.35,0.86
1598,539364997,"01598M15:24:57.597","01598 14:37:40",267.05,805.19,,,,"     ",5.10,7078.65,0.88
1598,539364998,"01598M15:24:58.570","01598 14:37:41",267.04,805.23,,,,"     ",5.10,7023.61,0.87
1598,539364999,"01598M15:24:59.543","01598 14:37:42",267.04,805.30,,,,"     ",5.10,7030.96,0.87
1598,539365000,"01598M15:25:00.517","01598 14:37:43",267.04,805.33,,,,"     ",5.10,7061.90,0.88
1598,539365001,"01598M15:25:01.490","01598 14:37:44",267.05,805.28,,,,"     ",5.10,6942.28,0.86
1598,539365002,"01598M15:25:02.463","01598 14:37:45",267.06,805.31,,,,"     ",5.10,6996.53,0.87
1598,539365003,"01598M15:25:03.436","01598 14:37:46",267.07,805.28,,,,"     ",5.10,7060.46,0.87
1598,539365004,"01598M15:25:04.410","01598 14:37:47",267.10,805.33,,,,"     ",5.10,7022.49,0.87
1598,539365005,"01598M15:25:05.383","01598 14:37:48",267.13,805.33,,,,"     ",5.10,7068.56,0.88
1598,539365006,"01598M15:25:06.356","01598 14:37:49",267.17,805.26,,,,"     ",5.10,6997.89,0.87
1598,539365007,"01598M15:25:07.329","01598 14:37:50",267.21,805.20,,,,"     ",5.10,6992.20,0.87
1598,539365008,"01598M15:25:08.303","01598 14:37:51",267.26,805.28,,,,"     ",5.10,6997.97,0.87
1598,539365009,"01598M15:25:09.276","01598 14:37:52",267.30,805.30,,,,"     ",5.10,7084.23,0.88
1598,539365010,"01598M15:25:10.249","01598 14:37:53",267.35,805.34,,,,"     ",5.10,7124.12,0.88
1598,539365011,"01598M15:25:11.222","01598 14:37:54",267.40,805.35,,,,"     ",5.10,7138.16,0.88
1598,539365012,"01598M15:25:12.196","01598 14:37:55",267.44,805.37,,,,"     ",5.10,7078.06,0.88
1598,539365013,"01598M15:25:13.169","01598 14:37:56",267.48,805.32,,,,"     ",5.10,7065.22,0.87
1598,539365014,"01598M15:25:14.142","01598 14:37:57",267.53,805.29,,,,"     ",5.10,7097.24,0.88
1598,539365015,"01598M15:25:15.115","01598 14:37:58",267.58,805.28,,,,"     ",5.10,7024.95,0.87
1598,539365016,"01598M15:25:16.089","01598 14:37:59",267.62,805.35,,,,"     ",5.10,7002.13,0.87
1598,539365017,"01598M15:25:17.062","01598 14:38:00",267.67,805.34,,,,"     ",5.10,7037.35,0.87
1598,539365018,"01598M15:25:18.035","01598 14:38:01",267.71,805.32,,,,"     ",5.10,7066.95,0.87
1598,539365019,"01598M15:25:19.008","01598 14:38:02",267.75,805.29,,,,"     ",5.10,7014.71,0.87
1598,539365020,"01598M15:25:19.982","01598 14:38:03",267.79,805.30,,,,"     ",5.10,7106.78,0.88
1598,539365021,"01598M15:25:20.955","01598 14:38:04",267.82,805.29,,,,"     ",5.10,7074.47,0.87
1598,539365022,"01598M15:25:21.928","01598 14:38:05",267.84,805.25,,,,"     ",5.10,7124.31,0.88
1598,539365023,"01598M15:25:22.901","01598 14:38:06",267.86,805.18,,,,"     ",5.10,7000.07,0.86
1598,539365024,"01598M15:25:23.875","01598 14:38:07",267.87,805.19,,,,"     ",5.10,7053.36,0.87
1598,539365025,"01598M15:25:24.848","01598 14:38:08",267.88,805.22,,,,"     ",5.10,7064.95,0.87
1598,539365026,"01598M15:25:25.821","01598 14:38:09",267.87,805.27,,,,"     ",5.10,7018.30,0.86
1598,539365027,"01598M15:25:26.794","01598 14:38:10",267.85,805.33,,,,"     ",5.10,7105.35,0.88
1598,539365028,"01598M15:25:27.768","01598 14:38:11",267.81,805.33,,,,"     ",5.10,7044.87,0.87
1598,539365029,"01598M15:25:28.741","01598 14:38:11",267.75,805.30,,,,"     ",5.10,7067.45,0.87
1598,539365030,"01598M15:25:29.714","01598 14:38:12",267.68,805.33,,,,"     ",5.10,7058.79,0.87
1598,539365031,"01598M15:25:30.687","01598 14:38:13",267.60,805.33,,,,"     ",5.10,7097.45,0.87
1598,539365032,"01598M15:25:31.661","01598 14:38:14",267.49,805.26,,,,"     ",5.10,7098.28,0.87
1598,539365033,"01598M15:25:32.634","01598 14:38:15",267.38,805.20,,,,"     ",5.10,6965.55,0.86
1598,539365034,"01598M15:25:33.607","01598 14:38:16",267.25,805.23,,,,"     ",5.10,7072.53,0.87
1598,539365035,"01598M15:25:34.581","01598 14:38:17",267.12,805.27,,,,"     ",5.10,7130.90,0.88
1598,539365036,"01598M15:25:35.554","01598 14:38:18",266.99,805.24,,,,"     ",5.10,7032.30,0.86
1598,539365037,"01598M15:25:36.527","01598 14:38:19",266.86,805.26,,,,"     ",5.10,7094.72,0.87
1598,539365038,"01598M15:25:37.500","01598 14:38:20",266.73,805.32,,,,"     ",5.10,6970.57,0.86
1598,539365039,"01598M15:25:38.474","01598 14:38:21",266.61,805.25,,,,"     ",5.10,7038.57,0.87
1598,539365040,"01598M15:25:39.447","01598 14:38:22",266.49,805.27,,,,"     ",5.10,7116.39,0.88
1598,539365041,"01598M15:25:40.420","01598 14:38:23",266.25,805.19,,,,"     ",5.10,7051.95,0.87
1598,539365042,"01598M15:25:41.393","01598 14:38:24",266.01,805.26,,,,"     ",5.10,7043.19,0.87
1598,539365043,"01598M15:25:42.367","01598 14:38:25",265.79,805.18,,,,"     ",5.10,7066.82,0.87
1598,539365044,"01598M15:25:43.340","01598 14:38:26",265.58,805.16,,,,"     ",5.10,7103.26,0.87
1598,539365045,"01598M15:25:44.313","01598 14:38:27",265.40,805.22,,,,"     ",5.10,7144.43,0.88
1598,539365046,"01598M15:25:45.286","01598 14:38:28",265.24,805.18,,,,"     ",5.10,7064.67,0.87
1598,539365047,"01598M15:25:46.260","01598 14:38:29",265.11,805.18,,,,"     ",5.10,7054.24,0.87
1598,539365048,"01598M15:25:47.233","01598 14:38:30",265.01,805.25,,,,"     ",5.10,7057.85,0.87
1598,539365049,"01598M15:25:48.206","01598 14:38:31",264.93,805.26,,,,"     ",5.10,7077.82,0.87
1598,539365050,"01598M15:25:49.179","01598 14:38:32",264.86,805.23,,,,"     ",5.10,7047.04,0.87
1598,539365051,"01598M15:25:50.153","01598 14:38:33",264.81,805.26,,,,"     ",5.10,7083.78,0.87
1598,539365052,"01598M15:25:51.126","01598 14:38:34",264.76,805.27,,,,"     ",5.10,7044.10,0.87
1598,539365053,"01598M15:25:52.099","01598 14:38:35",264.72,805.17,,,,"     ",5.10,7041.09,0.87
1598,539365054,"01598M15:25:53.072","01598 14:38:36",264.68,805.25,,,,"     ",5.10,6966.69,0.86
1598,539365055,"01598M15:25:54.046","01598 14:38:37",264.65,805.16,,,,"     ",5.10,7022.36,0.86
1598,539365056,"01598M15:25:55.019","01598 14:38:38",264.61,805.21,,,,"     ",5.10,7033.78,0.87
1598,539365057,"01598M15:25:55.992","01598 14:38:39",264.56,805.17,,,,"     ",5.10,7066.89,0.87
1598,539365058,"01598M15:25:56.965","01598 14:38:40",264.48,805.20,,,,"     ",5.10,7022.81,0.87
1598,539365059,"01598M15:25:57.939","01598 14:38:41",264.38,805.13,,,,"     ",5.10,6955.83,0.86
1598,539365060,"01598M15:25:58.912","01598 14:38:42",264.25,805.09,,,,"     ",5.10,7024.21,0.87
1598,539365061,"01598M15:25:59.885","01598 14:38:43",264.11,805.13,,,,"     ",5.10,7000.56,0.86
1598,539365062,"01598M15:26:00.858","01598 14:38:44",263.98,805.16,,,,"     ",5.10,6961.09,0.86
1598,539365063,"01598M15:26:01.832","01598 14:38:45",263.87,805.23,,,,"     ",5.10,7030.91,0.87
1598,539365064,"01598M15:26:02.805","01598 14:38:46",263.78,805.14,,,,"     ",5.10,6951.73,0.86
1598,539365065,"01598M15:26:03.778","01598 14:38:47",263.72,805.11,,,,"     ",5.10,7047.21,0.87
1598,539365066,"01598M15:26:04.751","01598 14:38:47",263.70,805.02,,,,"     ",5.10,6987.16,0.86
1598,539365067,"01598M15:26:05.725","01598 14:38:48",263.70,805.07,,,,"     ",5.10,6961.34,0.86
1598,539365068,"01598M15:26:06.698","01598 14:38:49",263.73,805.16,,,,"     ",5.10,7043.33,0.87
1598,539365069,"01598M15:26:07.671","01598 14:38:50",263.76,805.12,,,,"     ",5.10,7195.96,0.89
1598,539365070,"01598M15:26:08.644","01598 14:38:51",263.80,805.16,,,,"     ",5.10,7040.92,0.87
1598,539365071,"01598M15:26:09.618","01598 14:38:52",263.84,805.19,,,,"     ",5.10,6974.05,0.86
1598,539365072,"01598M15:26:10.591","01598 14:38:53",263.87,805.16,,,,"     ",5.10,7143.46,0.88
1598,539365073,"01598M15:26:11.564","01598 14:38:54",263.92,805.21,,,,"     ",5.10,6954.67,0.86
1598,539365074,"01598M15:26:12.537","01598 14:38:55",263.98,805.20,,,,"     ",5.10,6926.33,0.86
1598,539365075,"01598M15:26:13.511","01598 14:38:56",264.04,805.11,,,,"     ",5.10,6967.21,0.86
1598,539365076,"01598M15:26:14.484","01598 14:38:57",264.10,805.15,,,,"     ",5.10,7041.85,0.87
1598,539365077,"01598M15:26:15.457","01598 14:38:58",264.15,805.20,,,,"     ",5.10,7047.93,0.87
1598,539365078,"01598M15:26:16.430","01598 14:38:59",264.19,805.14,,,,"     ",5.10,7001.54,0.87
1598,539365079,"01598M15:26:17.404","01598 14:39:00",264.23,805.18,,,,"     ",5.10,6968.87,0.86
1598,539365080,"01598M15:26:18.377","01598 14:39:01",264.27,805.11,,,,"     ",5.10,6950.98,0.86
1598,539365081,"01598M15:26:19.350","01598 14:39:02",264.32,805.14,,,,"     ",5.10,7104.18,0.88
1598,539365082,"01598M15:26:20.323","01598 14:39:03",264.39,805.10,,,,"     ",5.10,6979.36,0.86
1598,539365083,"01598M15:26:21.297","01598 14:39:04",264.47,805.18,,,,"     ",5.10,7029.66,0.87
1598,539365084,"01598M15:26:22.270","01598 14:39:05",264.55,805.10,,,,"     ",5.10,7089.15,0.88
1598,539365085,"01598M15:26:23.243","01598 14:39:06",264.63,805.09,,,,"     ",5.10,6980.33,0.86
1598,539365086,"01598M15:26:24.216","01598 14:39:07",264.70,805.11,,,,"     ",5.10,7041.70,0.87
1598,539365087,"01598M15:26:25.190","01598 14:39:08",264.76,805.12,,,,"     ",5.10,6982.68,0.86
1598,539365088,"01598M15:26:26.163","01598 14:39:09",264.82,805.15,,,,"     ",5.10,6971.66,0.86
1598,539365089,"01598M15:26:27.136","01598 14:39:10",264.86,805.04,,,,"     ",5.10,7040.12,0.87
1598,539365090,"01598M15:26:28.109","01598 14:39:11",264.88,805.12,,,,"     ",5.10,7009.07,0.87
1598,539365091,"01598M15:26:29.083","01598 14:39:12",264.87,805.11,,,,"     ",5.10,7076.54,0.88
1598,539365092,"01598M15:26:30.056","01598 14:39:13",264.85,805.17,,,,"     ",5.10,7025.93,0.87
1598,539365093,"01598M15:26:31.029","01598 14:39:14",264.80,805.08,,,,"     ",5.10,6961.61,0.86
1598,539365094,"01598M15:26:32.002","01598 14:39:15",264.73,805.07,,,,"     ",5.10,7036.09,0.87
1598,539365095,"01598M15:26:32.976","01598 14:39:16",264.65,805.10,,,,"     ",5.10,7003.85,0.87
1598,539365096,"01598M15:26:33.949","01598 14:39:17",264.55,805.11,,,,"     ",5.10,6982.10,0.87
1598,539365097,"01598M15:26:34.922","01598 14:39:18",264.44,805.16,,,,"     ",5.10,7005.00,0.87
1598,539365098,"01598M15:26:35.895","01598 14:39:19",264.34,805.05,,,,"     ",5.10,7064.72,0.88
1598,539365099,"01598M15:26:36.869","01598 14:39:20",264.24,804.98,,,,"     ",5.10,7033.95,0.87
1598,539365100,"01598M15:26:37.842","01598 14:39:21",264.16,805.01,,,,"     ",5.10,6961.99,0.86
1598,539365101,"01598M15:26:38.815","01598 14:39:22",264.08,805.08,,,,"     ",5.10,7020.55,0.87
1598,539365102,"01598M15:26:39.788","01598 14:39:23",264.00,805.13,,,,"     ",5.10,6985.54,0.87
1598,539365103,"01598M15:26:40.762","01598 14:39:23",263.92,805.04,,,,"     ",5.10,7070.84,0.88
1598,539365104,"01598M15:26:41.735","01598 14:39:24",263.85,805.03,,,,"     ",5.10,6999.33,0.87
1598,539365105,"01598M15:26:42.708","01598 14:39:25",263.80,805.13,,,,"     ",5.10,7086.34,0.88
1598,539365106,"01598M15:26:43.682","01598 14:39:26",263.77,805.12,,,,"     ",5.10,7047.42,0.87
1598,539365107,"01598M15:26:44.655","01598 14:39:27",263.76,805.00,,,,"     ",5.10,7031.06,0.87
1598,539365108,"01598M15:26:45.628","01598 14:39:28",263.77,805.00,,,,"     ",5.10,7000.93,0.87
1598,539365109,"01598M15:26:46.601","01598 14:39:29",263.79,804.98,,,,"     ",5.10,6979.53,0.86
1598,539365110,"01598M15:26:47.575","01598 14:39:30",263.82,804.95,,,,"     ",5.10,6988.89,0.87
1598,539365111,"01598M15:26:48.548","01598 14:39:31",263.84,804.91,,,,"     ",5.10,7073.65,0.88
1598,539365112,"01598M15:26:49.521","01598 14:39:32",263.85,805.01,,,,"     ",5.10,7019.93,0.87
1598,539365113,"01598M15:26:50.494","01598 14:39:33",263.87,805.07,,,,"     ",5.10,6957.42,0.86
1598,539365114,"01598M15:26:51.468","01598 14:39:34",263.90,805.01,,,,"     ",5.10,6912.38,0.86
1598,539365115,"01598M15:26:52.441","01598 14:39:35",263.94,805.02,,,,"     ",5.10,7080.92,0.88
1598,539365116,"01598M15:26:53.414","01598 14:39:36",264.00,805.03,,,,"     ",5.10,7005.68,0.87
1598,539365117,"01598M15:26:54.387","01598 14:39:37",264.07,804.94,,,,"     ",5.10,6898.01,0.86
1598,539365118,"01598M15:26:55.361","01598 14:39:38",264.15,804.93,,,,"     ",5.10,7058.57,0.88
1598,539365119,"01598M15:26:56.334","01598 14:39:39",264.23,804.95,,,,"     ",5.10,6939.22,0.86
1598,539365120,"01598M15:26:57.307","01598 14:39:40",264.30,805.04,,,,"     ",5.10,6956.13,0.86
1598,539365121,"01598M15:26:58.280","01598 14:39:41",264.37,805.01,,,,"     ",5.10,6939.33,0.86
1598,539365122,"01598M15:26:59.254","01598 14:39:42",264.42,804.99,,,,"     ",5.10,6946.55,0.86
1598,539365123,"01598M15:27:00.227","01598 14:39:43",264.47,805.03,,,,"     ",5.10,6977.25,0.87
1598,539365124,"01598M15:27:01.200","01598 14:39:44",264.54,805.00,,,,"     ",5.10,7005.56,0.87
1598,539365125,"01598M15:27:02.173","01598 14:39:45",264.60,804.98,,,,"     ",5.10,6910.41,0.86
1598,539365126,"01598M15:27:03.147","01598 14:39:46",264.67,805.01,,,,"     ",5.10,6942.40,0.86
1598,539365127,"01598M15:27:04.120","01598 14:39:47",264.75,805.04,,,,"     ",5.10,6990.52,0.87
1598,539365128,"01598M15:27:05.093","01598 14:39:48",264.83,805.11,,,,"     ",5.10,6966.82,0.86
1598,539365129,"01598M15:27:06.066","01598 14:39:49",264.91,805.19,,,,"     ",5.10,6971.47,0.86
1598,539365130,"01598M15:27:07.040","01598 14:39:50",264.99,805.11,,,,"     ",5.10,6973.26,0.86
1598,539365131,"01598M15:27:08.013","01598 14:39:51",265.07,805.02,,,,"     ",5.10,7030.33,0.87
1598,539365132,"01598M15:27:08.986","01598 14:39:52",265.15,805.11,,,,"     ",5.10,6987.12,0.87
1598,539365133,"01598M15:27:09.959","01598 14:39:53",265.25,805.12,,,,"     ",5.10,6965.51,0.86
1598,539365134,"01598M15:27:10.933","01598 14:39:54",265.35,805.08,,,,"     ",5.10,6999.64,0.87
1598,539365135,"01598M15:27:11.906","01598 14:39:55",265.45,805.00,,,,"     ",5.10,7055.27,0.87
1598,539365136,"01598M15:27:12.879","01598 14:39:56",265.55,805.08,,,,"     ",5.10,7023.73,0.87
1598,539365137,"01598M15:27:13.852","01598 14:39:57",265.63,805.06,,,,"     ",5.10,6994.85,0.87
1598,539365138,"01598M15:27:14.826","01598 14:39:58",265.71,805.05,,,,"     ",5.10,7020.74,0.87
1598,539365139,"01598M15:27:15.799","01598 14:39:59",265.77,805.08,,,,"     ",5.10,6982.22,0.87
1598,539365140,"01598M15:27:16.772","01598 14:39:59",265.82,805.02,,,,"     ",5.10,6906.19,0.85
1598,539365141,"01598M15:27:17.745","01598 14:40:00",265.86,805.04,,,,"     ",5.10,7045.19,0.87
1598,539365142,"01598M15:27:18.719","01598 14:40:01",265.90,805.11,,,,"     ",5.10,6995.80,0.87
1598,539365143,"01598M15:27:19.692","01598 14:40:02",265.94,805.15,,,,"     ",5.10,6997.94,0.87
1598,539365144,"01598M15:27:20.665","01598 14:40:03",265.97,805.11,,,,"     ",5.10,7009.83,0.87
1598,539365145,"01598M15:27:21.638","01598 14:40:04",265.99,805.07,,,,"     ",5.10,7013.13,0.87
1598,539365146,"01598M15:27:22.612","01598 14:40:05",266.01,805.03,,,,"     ",5.10,7017.20,0.87
1598,539365147,"01598M15:27:23.585","01598 14:40:06",265.99,805.12,,,,"     ",5.10,6972.15,0.86
1598,539365148,"01598M15:27:24.558","01598 14:40:07",265.99,805.16,,,,"     ",5.10,6979.83,0.86
1598,539365149,"01598M15:27:25.531","01598 14:40:08",266.00,805.00,,,,"     ",5.10,6997.10,0.87
1598,539365150,"01598M15:27:26.505","01598 14:40:09",266.02,805.08,,,,"     ",5.10,6999.95,0.87
1598,539365151,"01598M15:27:27.478","01598 14:40:10",266.05,805.13,,,,"     ",5.10,7022.59,0.87
1598,539365152,"01598M15:27:28.451","01598 14:40:11",266.10,804.98,,,,"     ",5.10,6959.32,0.86
1598,539365153,"01598M15:27:29.424","01598 14:40:12",266.15,804.98,,,,"     ",5.10,6940.38,0.86
1598,539365154,"01598M15:27:30.398","01598 14:40:13",266.20,804.97,,,,"     ",5.10,6999.51,0.86
1598,539365155,"01598M15:27:31.371","01598 14:40:14",266.24,805.06,,,,"     ",5.10,7016.57,0.87
1598,539365156,"01598M15:27:32.344","01598 14:40:15",266.28,804.98,,,,"     ",5.10,7038.42,0.87
1598,539365157,"01598M15:27:33.317","01598 14:40:16",266.31,805.10,,,,"     ",5.10,6967.43,0.86
1598,539365158,"01598M15:27:34.291","01598 14:40:17",266.33,805.05,,,,"     ",5.10,6973.80,0.86
1598,539365159,"01598M15:27:35.264","01598 14:40:18",266.35,805.08,,,,"     ",5.10,6985.77,0.86
1598,539365160,"01598M15:27:36.237","01598 14:40:19",266.37,805.14,,,,"     ",5.10,7008.85,0.86
1598,539365161,"01598M15:27:37.210","01598 14:40:20",266.40,805.13,,,,"     ",5.10,7029.99,0.87
1598,539365162,"01598M15:27:38.184","01598 14:40:21",266.44,805.07,,,,"     ",5.10,6988.93,0.86
1598,539365163,"01598M15:27:39.157","01598 14:40:22",266.49,805.09,,,,"     ",5.10,7011.51,0.86
1598,539365164,"01598M15:27:40.130","01598 14:40:23",266.54,805.10,,,,"     ",5.10,7068.18,0.87
1598,539365165,"01598M15:27:41.103","01598 14:40:24",266.61,805.02,,,,"     ",5.10,7007.78,0.86
1598,539365166,"01598M15:27:42.077","01598 14:40:25",266.67,805.06,,,,"     ",5.10,7097.73,0.87
1598,539365167,"01598M15:27:43.050","01598 14:40:26",266.74,805.02,,,,"     ",5.10,6984.91,0.86
1598,539365168,"01598M15:27:44.023","01598 14:40:27",266.80,805.04,,,,"     ",5.10,7038.79,0.87
1598,539365169,"01598M15:27:44.996","01598 14:40:28",266.85,805.02,,,,"     ",5.10,6971.52,0.86
1598,539365170,"01598M15:27:45.970","01598 14:40:29",266.89,805.00,,,,"     ",5.10,7060.62,0.87
1598,539365171,"01598M15:27:46.943","01598 14:40:30",266.93,805.02,,,,"     ",5.10,7119.95,0.88
1598,539365172,"01598M15:27:47.916","01598 14:40:31",266.96,804.92,,,,"     ",5.10,7029.42,0.86
1598,539365173,"01598M15:27:48.889","01598 14:40:32",266.99,804.87,,,,"     ",5.10,7101.28,0.87
1598,539365174,"01598M15:27:49.863","01598 14:40:33",267.02,804.96,,,,"     ",5.10,7083.04,0.87
1598,539365175,"01598M15:27:50.836","01598 14:40:34",267.05,805.00,,,,"     ",5.10,7035.98,0.86
1598,539365176,"01598M15:27:51.809","01598 14:40:35",267.07,804.98,,,,"     ",5.10,7080.61,0.87
1598,539365177,"01598M15:27:52.783","01598 14:40:35",267.10,804.97,,,,"     ",5.10,7061.36,0.87
1598,539365178,"01598M15:27:53.756","01598 14:40:36",267.12,804.96,,,,"     ",5.10,7140.70,0.88
1598,539365179,"01598M15:27:54.729","01598 14:40:37",267.13,804.94,,,,"     ",5.10,6960.46,0.85
1598,539365180,"01598M15:27:55.702","01598 14:40:38",267.15,805.00,,,,"     ",5.10,7035.43,0.86
1598,539365181,"01598M15:27:56.676","01598 14:40:39",267.15,805.00,,,,"     ",5.10,7003.18,0.86
1598,539365182,"01598M15:27:57.649","01598 14:40:40",267.15,804.95,,,,"     ",5.10,7017.82,0.86
1598,539365183,"01598M15:27:58.622","01598 14:40:41",267.15,804.97,,,,"     ",5.10,6990.28,0.86
1598,539365184,"01598M15:27:59.595","01598 14:40:42",267.15,804.92,,,,"     ",5.10,7017.88,0.86
1598,539365185,"01598M15:28:00.569","01598 14:40:43",267.15,804.95,,,,"     ",5.10,7010.09,0.86
1598,539365186,"01598M15:28:01.542","01598 14:40:44",267.15,804.94,,,,"     ",5.10,6979.21,0.85
1598,539365187,"01598M15:28:02.515","01598 14:40:45",267.16,804.90,,,,"     ",5.10,7033.69,0.86
1598,539365188,"01598M15:28:03.488","01598 14:40:46",267.16,804.90,,,,"     ",5.10,6983.37,0.85
1598,539365189,"01598M15:28:04.462","01598 14:40:47",267.17,804.88,,,,"     ",5.10,7066.39,0.86
1598,539365190,"01598M15:28:05.435","01598 14:40:48",267.18,804.87,,,,"     ",5.10,7046.63,0.86
1598,539365191,"01598M15:28:06.408","01598 14:40:49",267.18,804.85,,,,"     ",5.10,7044.55,0.86
1598,539365192,"01598M15:28:07.381","01598 14:40:50",267.19,804.88,,,,"     ",5.10,7059.61,0.86
1598,539365193,"01598M15:28:08.355","01598 14:40:51",267.20,804.84,,,,"     ",5.10,6966.74,0.85
1598,539365194,"01598M15:28:09.328","01598 14:40:52",267.21,804.84,,,,"     ",5.10,7084.72,0.87
1598,539365195,"01598M15:28:10.301","01598 14:40:53",267.22,804.84,,,,"     ",5.10,7038.02,0.86
1598,539365196,"01598M15:28:11.274","01598 14:40:54",267.23,804.89,,,,"     ",5.10,7052.33,0.86
1598,539365197,"01598M15:28:12.248","01598 14:40:55",267.24,804.81,,,,"     ",5.10,7156.17,0.87
1598,539365198,"01598M15:28:13.221","01598 14:40:56",267.25,804.84,,,,"     ",5.10,7029.39,0.86
1598,539365199,"01598M15:28:14.194","01598 14:40:57",267.26,804.80,,,,"     ",5.10,7065.32,0.86
1598,539365200,"01598M15:28:15.167","01598 14:40:58",267.26,804.83,,,,"     ",5.10,7181.17,0.88
1598,539365201,"01598M15:28:16.141","01598 14:40:59",267.27,804.84,,,,"     ",5.10,7065.31,0.86
1598,539365202,"01598M15:28:17.114","01598 14:41:00",267.29,804.90,,,,"     ",5.10,7065.53,0.86
1598,539365203,"01598M15:28:18.087","01598 14:41:01",267.33,804.94,,,,"     ",5.10,7069.11,0.86
1598,539365204,"01598M15:28:19.060","01598 14:41:02",267.36,804.90,,,,"     ",5.10,7035.74,0.86
1598,539365205,"01598M15:28:20.034","01598 14:41:03",267.40,804.92,,,,"     ",5.10,7109.45,0.87
1598,539365206,"01598M15:28:21.007","01598 14:41:04",267.44,804.81,,,,"     ",5.10,7050.59,0.86
1598,539365207,"01598M15:28:21.980","01598 14:41:05",267.47,804.81,,,,"     ",5.10,7077.97,0.86
1598,539365208,"01598M15:28:22.953","01598 14:41:06",267.50,804.82,,,,"     ",5.10,7025.74,0.86
1598,539365209,"01598M15:28:23.927","01598 14:41:07",267.51,804.85,,,,"     ",5.10,7105.57,0.86
1598,539365210,"01598M15:28:24.900","01598 14:41:08",267.52,804.85,,,,"     ",5.10,7056.82,0.86
1598,539365211,"01598M15:28:25.873","01598 14:41:09",267.52,804.86,,,,"     ",5.10,7112.41,0.87
1598,539365212,"01598M15:28:26.846","01598 14:41:10",267.51,804.78,,,,"     ",5.10,7034.20,0.85
1598,539365213,"01598M15:28:27.820","01598 14:41:11",267.49,804.89,,,,"     ",5.10,7069.42,0.86
1598,539365214,"01598M15:28:28.793","01598 14:41:11",267.47,804.82,,,,"     ",5.10,7125.04,0.87
1598,539365215,"01598M15:28:29.766","01598 14:41:12",267.45,804.82,,,,"     ",5.10,7066.80,0.86
1598,539365216,"01598M15:28:30.739","01598 14:41:13",267.44,804.84,,,,"     ",5.10,7057.24,0.86
1598,539365217,"01598M15:28:31.713","01598 14:41:14",267.42,804.82,,,,"     ",5.10,7098.09,0.86
1598,539365218,"01598M15:28:32.686","01598 14:41:15",267.41,804.82,,,,"     ",5.10,6982.42,0.85
1598,539365219,"01598M15:28:33.659","01598 14:41:16",267.39,804.78,,,,"     ",5.10,7067.12,0.86
1598,539365220,"01598M15:28:34.632","01598 14:41:17",267.38,804.69,,,,"     ",5.10,7115.02,0.86
1598,539365221,"01598M15:28:35.606","01598 14:41:18",267.38,804.68,,,,"     ",5.10,7058.18,0.86
1598,539365222,"01598M15:28:36.579","01598 14:41:19",267.37,804.79,,,,"     ",5.10,7060.43,0.86
1598,539365223,"01598M15:28:37.552","01598 14:41:20",267.37,804.92,,,,"     ",5.10,7062.54,0.86
1598,539365224,"01598M15:28:38.525","01598 14:41:21",267.37,804.76,,,,"     ",5.10,7121.77,0.86
1598,539365225,"01598M15:28:39.499","01598 14:41:22",267.36,804.71,,,,"     ",5.10,7126.16,0.86
1598,539365226,"01598M15:28:40.472","01598 14:41:23",267.35,804.80,,,,"     ",5.10,7040.84,0.85
1598,539365227,"01598M15:28:41.445","01598 14:41:24",267.34,804.71,,,,"     ",5.10,7064.83,0.86
1598,539365228,"01598M15:28:42.418","01598 14:41:25",267.32,804.79,,,,"     ",5.10,7139.33,0.87
1598,539365229,"01598M15:28:43.392","01598 14:41:26",267.29,804.68,,,,"     ",5.10,7172.50,0.87
1598,539365230,"01598M15:28:44.365","01598 14:41:27",267.26,804.75,,,,"     ",5.10,7086.98,0.86
1598,539365231,"01598M15:28:45.338","01598 14:41:28",267.23,804.85,,,,"     ",5.10,7026.15,0.85
1598,539365232,"01598M15:28:46.311","01598 14:41:29",267.20,804.73,,,,"     ",5.10,7124.71,0.86
1598,539365233,"01598M15:28:47.285","01598 14:41:30",267.19,804.73,,,,"     ",5.10,7076.79,0.86
1598,539365234,"01598M15:28:48.258","01598 14:41:31",267.18,804.70,,,,"     ",5.10,7067.06,0.86
1598,539365235,"01598M15:28:49.231","01598 14:41:32",267.19,804.62,,,,"     ",5.10,7042.63,0.85
1598,539365236,"01598M15:28:50.204","01598 14:41:33",267.21,804.60,,,,"     ",5.10,7148.86,0.87
1598,539365237,"01598M15:28:51.178","01598 14:41:34",267.25,804.54,,,,"     ",5.10,7052.18,0.85
1598,539365238,"01598M15:28:52.151","01598 14:41:35",267.29,804.63,,,,"     ",5.10,7121.28,0.86
1598,539365239,"01598M15:28:53.124","01598 14:41:36",267.33,804.74,,,,"     ",5.10,7053.62,0.85
1598,539365240,"01598M15:28:54.097","01598 14:41:37",267.38,804.69,,,,"     ",5.10,7105.09,0.86
1598,539365241,"01598M15:28:55.071","01598 14:41:38",267.43,804.68,,,,"     ",5.10,7027.08,0.85
1598,539365242,"01598M15:28:56.044","01598 14:41:39",267.49,804.81,,,,"     ",5.10,6983.94,0.85
1598,539365243,"01598M15:28:57.017","01598 14:41:40",267.53,804.71,,,,"     ",5.10,7115.58,0.86
1598,539365244,"01598M15:28:57.990","01598 14:41:41",267.58,804.67,,,,"     ",5.10,7123.12,0.86
1598,539365245,"01598M15:28:58.964","01598 14:41:42",267.61,804.73,,,,"     ",5.10,7108.64,0.86
1598,539365246,"01598M15:28:59.937","01598 14:41:43",267.64,804.74,,,,"     ",5.10,7123.38,0.86
1598,539365247,"01598M15:29:00.910","01598 14:41:44",267.66,804.84,,,,"     ",5.10,6993.03,0.85
1598,539365248,"01598M15:29:01.883","01598 14:41:45",267.67,804.80,,,,"     ",5.10,7100.69,0.86
1598,539365249,"01598M15:29:02.857","01598 14:41:46",267.67,804.76,,,,"     ",5.10,7107.25,0.86
1598,539365250,"01598M15:29:03.830","01598 14:41:47",267.65,804.78,,,,"     ",5.10,7087.05,0.86
1598,539365251,"01598M15:29:04.803","01598 14:41:48",267.63,804.80,,,,"     ",5.10,7119.42,0.86
1598,539365252,"01598M15:29:05.777","01598 14:41:48",267.60,804.68,,,,"     ",5.10,7109.10,0.86
1598,539365253,"01598M15:29:06.750","01598 14:41:49",267.57,804.72,,,,"     ",5.10,7098.18,0.86
1598,539365254,"01598M15:29:07.723","01598 14:41:50",267.54,804.75,,,,"     ",5.10,6971.17,0.84
1598,539365255,"01598M15:29:08.696","01598 14:41:51",267.51,804.81,,,,"     ",5.10,7109.89,0.86
1598,539365256,"01598M15:29:09.670","01598 14:41:52",267.49,804.78,,,,"     ",5.10,7066.36,0.85
1598,539365257,"01598M15:29:10.643","01598 14:41:53",267.47,804.80,,,,"     ",5.10,7068.07,0.85
1598,539365258,"01598M15:29:11.616","01598 14:41:54",267.45,804.81,,,,"     ",5.10,7098.66,0.86
1598,539365259,"01598M15:29:12.589","01598 14:41:55",267.44,804.63,,,,"     ",5.10,7118.48,0.86
1598,539365260,"01598M15:29:13.563","01598 14:41:56",267.43,804.64,,,,"     ",5.10,7055.16,0.85
1598,539365261,"01598M15:29:14.536","01598 14:41:57",267.44,804.71,,,,"     ",5.10,7125.37,0.86
1598,539365262,"01598M15:29:15.509","01598 14:41:58",267.45,804.69,,,,"     ",5.10,7061.76,0.85
1598,539365263,"01598M15:29:16.482","01598 14:41:59",267.48,804.65,,,,"     ",5.10,7146.28,0.86
1598,539365264,"01598M15:29:17.456","01598 14:42:00",267.51,804.57,,,,"     ",5.10,7071.47,0.85
1598,539365265,"01598M15:29:18.429","01598 14:42:01",267.54,804.63,,,,"     ",5.10,7159.40,0.86
1598,539365266,"01598M15:29:19.402","01598 14:42:02",267.57,804.71,,,,"     ",5.10,7226.82,0.87
1598,539365267,"01598M15:29:20.375","01598 14:42:03",267.61,804.61,,,,"     ",5.10,7016.70,0.85
1598,539365268,"01598M15:29:21.349","01598 14:42:04",267.66,804.61,,,,"     ",5.10,7094.43,0.86
1598,539365269,"01598M15:29:22.322","01598 14:42:05",267.72,804.66,,,,"     ",5.10,7051.27,0.85
1598,539365270,"01598M15:29:23.295","01598 14:42:06",267.79,804.58,,,,"     ",5.10,7088.06,0.86
1598,539365271,"01598M15:29:24.268","01598 14:42:07",267.87,804.58,,,,"     ",5.10,7074.25,0.85
1598,539365272,"01598M15:29:25.242","01598 14:42:08",267.93,804.50,,,,"     ",5.10,7100.91,0.86
1598,539365273,"01598M15:29:26.215","01598 14:42:09",267.96,804.67,,,,"     ",5.10,7133.10,0.86
1598,539365274,"01598M15:29:27.188","01598 14:42:10",267.95,804.69,,,,"     ",5.10,7074.64,0.85
1598,539365275,"01598M15:29:28.161","01598 14:42:11",267.93,804.65,,,,"     ",5.10,7019.04,0.85
1598,539365276,"01598M15:29:29.135","01598 14:42:12",267.88,804.69,,,,"     ",5.10,7053.52,0.85
1598,539365277,"01598M15:29:30.108","01598 14:42:13",267.81,804.83,,,,"     ",5.10,7100.33,0.86
1598,539365278,"01598M15:29:31.081","01598 14:42:14",267.72,804.82,,,,"     ",5.10,7015.06,0.85
1598,539365279,"01598M15:29:32.054","01598 14:42:15",267.61,804.75,,,,"     ",5.10,7152.95,0.86
1598,539365280,"01598M15:29:33.028","01598 14:42:16",267.48,804.69,,,,"     ",5.10,7017.55,0.85
1598,539365281,"01598M15:29:34.001","01598 14:42:17",267.32,804.64,,,,"     ",5.10,7166.41,0.86
1598,539365282,"01598M15:29:34.974","01598 14:42:18",267.15,804.62,,,,"     ",5.10,7075.81,0.85
1598,539365283,"01598M15:29:35.947","01598 14:42:19",266.95,804.61,,,,"     ",5.10,7168.66,0.86
1598,539365284,"01598M15:29:36.921","01598 14:42:20",266.72,804.63,,,,"     ",5.10,7126.61,0.86
1598,539365285,"01598M15:29:37.894","01598 14:42:21",266.64,804.65,,,,"     ",5.10,7117.74,0.86
1598,539365286,"01598M15:29:38.867","01598 14:42:22",266.41,804.65,,,,"     ",5.10,7033.86,0.85
1598,539365287,"01598M15:29:39.840","01598 14:42:23",266.17,804.56,,,,"     ",5.10,7083.42,0.85
1598,539365288,"01598M15:29:40.814","01598 14:42:24",265.94,804.48,,,,"     ",5.10,7098.43,0.86
1598,539365289,"01598M15:29:41.787","01598 14:42:24",265.70,804.44,,,,"     ",5.10,7123.79,0.86
1598,539365290,"01598M15:29:42.760","01598 14:42:25",265.47,804.55,,,,"     ",5.10,7160.85,0.86
1598,539365291,"01598M15:29:43.733","01598 14:42:26",265.24,804.49,,,,"     ",5.10,7045.86,0.85
1598,539365292,"01598M15:29:44.707","01598 14:42:27",265.00,804.58,,,,"     ",5.10,7149.47,0.86
1598,539365293,"01598M15:29:45.680","01598 14:42:28",264.77,804.62,,,,"     ",5.10,7065.24,0.85
1598,539365294,"01598M15:29:46.653","01598 14:42:29",264.54,804.69,,,,"     ",5.10,7124.12,0.86
1598,539365295,"01598M15:29:47.626","01598 14:42:30",264.30,804.58,,,,"     ",5.10,7073.56,0.85
1598,539365296,"01598M15:29:48.600","01598 14:42:31",264.07,804.53,,,,"     ",5.10,7104.28,0.86
1598,539365297,"01598M15:29:49.573","01598 14:42:32",263.84,804.58,,,,"     ",5.10,7053.59,0.85
1598,539365298,"01598M15:29:50.546","01598 14:42:33",263.60,804.64,,,,"     ",5.10,7134.43,0.86
1598,539365299,"01598M15:29:51.519","01598 14:42:34",263.36,804.70,,,,"     ",5.10,7079.49,0.85
1598,539365300,"01598M15:29:52.493","01598 14:42:35",262.22,804.59,,,,"     ",5.10,7075.79,0.85
1598,539365301,"01598M15:29:53.466","01598 14:42:36",262.04,804.67,,,,"     ",5.10,7099.62,0.86
1598,539365302,"01598M15:29:54.439","01598 14:42:37",261.89,804.73,,,,"     ",5.10,7037.56,0.85
1598,539365303,"01598M15:29:55.412","01598 14:42:38",261.78,804.78,,,,"     ",5.10,7153.61,0.86
1598,539365304,"01598M15:29:56.386","01598 14:42:39",261.72,804.80,,,,"     ",5.10,7047.81,0.85
1598,539365305,"01598M15:29:57.359","01598 14:42:40",261.69,804.71,,,,"     ",5.10,7063.28,0.85
1598,539365306,"01598M15:29:58.332","01598 14:42:41",261.71,804.65,,,,"     ",5.10,7100.59,0.86
1598,539365307,"01598M15:29:59.305","01598 14:42:42",261.77,804.64,,,,"     ",5.10,7088.00,0.86
1598,539365308,"01598M15:30:00.279","01598 14:42:43",261.87,804.64,,,,"     ",5.10,7117.04,0.86
1598,539365309,"01598M15:30:01.252","01598 14:42:44",261.98,804.73,,,,"     ",5.10,7151.63,0.86
1598,539365310,"01598M15:30:02.225","01598 14:42:45",262.11,804.78,,,,"     ",5.10,7081.10,0.86
1598,539365311,"01598M15:30:03.198","01598 14:42:46",262.25,804.67,,,,"     ",5.10,7069.97,0.85
1598,539365312,"01598M15:30:04.172","01598 14:42:47",262.38,804.69,,,,"     ",5.10,7083.83,0.86
1598,539365313,"01598M15:30:05.145","01598 14:42:48",262.52,804.68,,,,"     ",5.10,7006.59,0.85
1598,539365314,"01598M15:30:06.118","01598 14:42:49",262.64,804.73,,,,"     ",5.10,7155.76,0.86
1598,539365315,"01598M15:30:07.091","01598 14:42:50",262.74,804.68,,,,"     ",5.10,7070.19,0.85
1598,539365316,"01598M15:30:08.065","01598 14:42:51",262.83,804.72,,,,"     ",5.10,7060.25,0.85
1598,539365317,"01598M15:30:09.038","01598 14:42:52",262.90,804.74,,,,"     ",5.10,7219.04,0.87
1598,539365318,"01598M15:30:10.011","01598 14:42:53",262.97,804.76,,,,"     ",5.10,7071.02,0.85
1598,539365319,"01598M15:30:10.984","01598 14:42:54",263.03,804.75,,,,"     ",5.10,7087.73,0.86
1598,539365320,"01598M15:30:11.958","01598 14:42:55",263.08,804.78,,,,"     ",5.10,7126.97,0.86
1598,539365321,"01598M15:30:12.931","01598 14:42:56",263.13,804.78,,,,"     ",5.10,7160.48,0.87
1598,539365322,"01598M15:30:13.904","01598 14:42:57",263.17,804.67,,,,"     ",5.10,7088.39,0.86
1598,539365323,"01598M15:30:14.878","01598 14:42:58",263.20,804.67,,,,"     ",5.10,6976.27,0.84
1598,539365324,"01598M15:30:15.851","01598 14:42:59",263.22,804.74,,,,"     ",5.10,7031.29,0.85
1598,539365325,"01598M15:30:16.824","01598 14:43:00",263.22,804.66,,,,"     ",5.10,7014.69,0.85
1598,539365326,"01598M15:30:17.797","01598 14:43:00",263.21,804.65,,,,"     ",5.10,7115.63,0.86
1598,539365327,"01598M15:30:18.771","01598 14:43:01",263.19,804.65,,,,"     ",5.10,7034.94,0.85
1598,539365328,"01598M15:30:19.744","01598 14:43:02",263.15,804.65,,,,"     ",5.10,7103.10,0.86
1598,539365329,"01598M15:30:20.717","01598 14:43:03",263.11,804.72,,,,"     ",5.10,7073.00,0.85
1598,539365330,"01598M15:30:21.690","01598 14:43:04",263.07,804.70,,,,"     ",5.10,6991.37,0.84
1598,539365331,"01598M15:30:22.664","01598 14:43:05",263.03,804.72,,,,"     ",5.10,7122.18,0.86
1598,539365332,"01598M15:30:23.637","01598 14:43:06",262.99,804.72,,,,"     ",5.10,7024.30,0.85
1598,539365333,"01598M15:30:24.610","01598 14:43:07",262.96,804.72,,,,"     ",5.10,7042.32,0.85
1598,539365334,"01598M15:30:25.583","01598 14:43:08",262.93,804.63,,,,"     ",5.10,7014.62,0.85
1598,539365335,"01598M15:30:26.557","01598 14:43:09",262.91,804.64,,,,"     ",5.10,7152.36,0.87
1598,539365336,"01598M15:30:27.530","01598 14:43:10",262.90,804.65,,,,"     ",5.10,7062.06,0.85
1598,539365337,"01598M15:30:28.503","01598 14:43:11",262.90,804.74,,,,"     ",5.10,7065.07,0.85
1598,539365338,"01598M15:30:29.476","01598 14:43:12",262.91,804.73,,,,"     ",5.10,7127.70,0.86
1598,539365339,"01598M15:30:30.450","01598 14:43:13",262.93,804.73,,,,"     ",5.10,7142.07,0.86
1598,539365340,"01598M15:30:31.423","01598 14:43:14",262.96,804.67,,,,"     ",5.10,7123.73,0.86
1598,539365341,"01598M15:30:32.396","01598 14:43:15",263.00,804.67,,,,"     ",5.10,7112.41,0.86
1598,539365342,"01598M15:30:33.369","01598 14:43:16",263.04,804.68,,,,"     ",5.10,7024.90,0.85
1598,539365343,"01598M15:30:34.343","01598 14:43:17",263.09,804.61,,,,"     ",5.10,7055.46,0.85
1598,539365344,"01598M15:30:35.316","01598 14:43:18",263.14,804.68,,,,"     ",5.10,7024.15,0.85
1598,539365345,"01598M15:30:36.289","01598 14:43:19",263.18,804.67,,,,"     ",5.10,7179.56,0.87
1598,539365346,"01598M15:30:37.262","01598 14:43:20",263.22,804.55,,,,"     ",5.10,7072.28,0.85
1598,539365347,"01598M15:30:38.236","01598 14:43:21",263.25,804.50,,,,"     ",5.10,7035.32,0.85
1598,539365348,"01598M15:30:39.209","01598 14:43:22",263.27,804.56,,,,"     ",5.10,7074.98,0.86
1598,539365349,"01598M15:30:40.182","01598 14:43:23",263.28,804.56,,,,"     ",5.10,7047.79,0.85
1598,539365350,"01598M15:30:41.155","01598 14:43:24",263.28,804.51,,,,"     ",5.10,7034.87,0.85
1598,539365351,"01598M15:30:42.129","01598 14:43:25",263.27,804.64,,,,"     ",5.10,7080.78,0.86
1598,539365352,"01598M15:30:43.102","01598 14:43:26",263.26,804.62,,,,"     ",5.10,6978.36,0.84
1598,539365353,"01598M15:30:44.075","01598 14:43:27",263.24,804.53,,,,"     ",5.10,6979.42,0.84
1598,539365354,"01598M15:30:45.048","01598 14:43:28",263.22,804.57,,,,"     ",5.10,7121.59,0.86
1598,539365355,"01598M15:30:46.022","01598 14:43:29",263.22,804.60,,,,"     ",5.10,7067.20,0.85
1598,539365356,"01598M15:30:46.995","01598 14:43:30",263.22,804.55,,,,"     ",5.10,7111.61,0.86
1598,539365357,"01598M15:30:47.968","01598 14:43:31",263.25,804.59,,,,"     ",5.10,7109.35,0.86
1598,539365358,"01598M15:30:48.941","01598 14:43:32",263.29,804.65,,,,"     ",5.10,6980.63,0.84
1598,539365359,"01598M15:30:49.915","01598 14:43:33",263.35,804.65,,,,"     ",5.10,7105.09,0.86
1598,539365360,"01598M15:30:50.888","01598 14:43:34",263.42,804.62,,,,"     ",5.10,7098.60,0.86
1598,539365361,"01598M15:30:51.861","01598 14:43:35",263.52,804.62,,,,"     ",5.10,7106.92,0.86
1598,539365362,"01598M15:30:52.834","01598 14:43:36",263.62,804.61,,,,"     ",5.10,7128.15,0.86
1598,539365363,"01598M15:30:53.808","01598 14:43:36",263.74,804.62,,,,"     ",5.10,7089.46,0.86
1598,539365364,"01598M15:30:54.781","01598 14:43:37",263.85,804.58,,,,"     ",5.10,7049.92,0.85
1598,539365365,"01598M15:30:55.754","01598 14:43:38",263.96,804.67,,,,"     ",5.10,7099.49,0.86
1598,539365366,"01598M15:30:56.727","01598 14:43:39",264.07,804.61,,,,"     ",5.10,7096.14,0.86
1598,539365367,"01598M15:30:57.701","01598 14:43:40",264.59,804.63,,,,"     ",5.10,7155.73,0.86
1598,539365368,"01598M15:30:58.674","01598 14:43:41",264.67,804.61,,,,"     ",5.10,6984.28,0.84
1598,539365369,"01598M15:30:59.647","01598 14:43:42",264.75,804.53,,,,"     ",5.10,7121.42,0.86
1598,539365370,"01598M15:31:00.620","01598 14:43:43",264.80,804.58,,,,"     ",5.10,7143.83,0.86
1598,539365371,"01598M15:31:01.594","01598 14:43:44",264.84,804.69,,,,"     ",5.10,7095.39,0.86
1598,539365372,"01598M15:31:02.567","01598 14:43:45",264.87,804.55,,,,"     ",5.10,7083.62,0.85
1598,539365373,"01598M15:31:03.540","01598 14:43:46",264.88,804.57,,,,"     ",5.10,7081.21,0.85
1598,539365374,"01598M15:31:04.513","01598 14:43:47",264.88,804.60,,,,"     ",5.10,7038.44,0.85
1598,539365375,"01598M15:31:05.487","01598 14:43:48",264.87,804.58,,,,"     ",5.10,7127.64,0.86
1598,539365376,"01598M15:31:06.460","01598 14:43:49",264.84,804.52,,,,"     ",5.10,7111.58,0.86
1598,539365377,"01598M15:31:07.433","01598 14:43:50",264.80,804.54,,,,"     ",5.10,7073.93,0.85
1598,539365378,"01598M15:31:08.406","01598 14:43:51",264.74,804.54,,,,"     ",5.10,7093.81,0.85
1598,539365379,"01598M15:31:09.380","01598 14:43:52",264.67,804.54,,,,"     ",5.10,7027.23,0.85
1598,539365380,"01598M15:31:10.353","01598 14:43:53",264.59,804.56,,,,"     ",5.10,7061.63,0.85
1598,539365381,"01598M15:31:11.326","01598 14:43:54",264.49,804.48,,,,"     ",5.10,7051.72,0.85
1598,539365382,"01598M15:31:12.299","01598 14:43:55",264.40,804.47,,,,"     ",5.10,7018.88,0.85
1598,539365383,"01598M15:31:13.273","01598 14:43:56",264.31,804.50,,,,"     ",5.10,7046.44,0.85
1598,539365384,"01598M15:31:14.246","01598 14:43:57",264.22,804.56,,,,"     ",5.10,7080.14,0.85
1598,539365385,"01598M15:31:15.219","01598 14:43:58",264.14,804.55,,,,"     ",5.10,7073.57,0.85
1598,539365386,"01598M15:31:16.192","01598 14:43:59",264.08,804.61,,,,"     ",5.10,7069.51,0.85
1598,539365387,"01598M15:31:17.166","01598 14:44:00",264.03,804.65,,,,"     ",5.10,7044.47,0.85
1598,539365388,"01598M15:31:18.139","01598 14:44:01",264.00,804.66,,,,"     ",5.10,7126.81,0.86
1598,539365389,"01598M15:31:19.112","01598 14:44:02",263.99,804.65,,,,"     ",5.10,7130.74,0.86
1598,539365390,"01598M15:31:20.085","01598 14:44:03",264.00,804.61,,,,"     ",5.10,7021.78,0.85
1598,539365391,"01598M15:31:21.059","01598 14:44:04",264.01,804.62,,,,"     ",5.10,7120.38,0.86
1598,539365392,"01598M15:31:22.032","01598 14:44:05",264.04,804.61,,,,"     ",5.10,7089.87,0.85
1598,539365393,"01598M15:31:23.005","01598 14:44:06",264.06,804.69,,,,"     ",5.10,7126.40,0.86
1598,539365394,"01598M15:31:23.979","01598 14:44:07",264.09,804.64,,,,"     ",5.10,7045.23,0.85
1598,539365395,"01598M15:31:24.952","01598 14:44:08",264.11,804.67,,,,"     ",5.10,7032.77,0.85
1598,539365396,"01598M15:31:25.925","01598 14:44:09",264.12,804.76,,,,"     ",5.10,7109.11,0.86
1598,539365397,"01598M15:31:26.898","01598 14:44:10",264.12,804.65,,,,"     ",5.10,7060.10,0.85
1598,539365398,"01598M15:31:27.872","01598 14:44:11",264.11,804.61,,,,"     ",5.10,7130.56,0.86
1598,539365399,"01598M15:31:28.845","01598 14:44:12",264.09,804.66,,,,"     ",5.10,6963.73,0.84
1598,539365400,"01598M15:31:29.818","01598 14:44:12",264.06,804.56,,,,"     ",5.10,7128.35,0.86
1598,539365401,"01598M15:31:30.791","01598 14:44:13",264.01,804.67,,,,"     ",5.10,7103.09,0.86
1598,539365402,"01598M15:31:31.765","01598 14:44:14",263.96,804.64,,,,"     ",5.10,7094.46,0.86
1598,539365403,"01598M15:31:32.738","01598 14:44:15",263.91,804.62,,,,"     ",5.10,7032.89,0.85
1598,539365404,"01598M15:31:33.711","01598 14:44:16",263.86,804.66,,,,"     ",5.10,7041.71,0.85
1598,539365405,"01598M15:31:34.684","01598 14:44:17",263.82,804.59,,,,"     ",5.10,7086.61,0.85
1598,539365406,"01598M15:31:35.658","01598 14:44:18",263.80,804.61,,,,"     ",5.10,7064.25,0.85
1598,539365407,"01598M15:31:36.631","01598 14:44:19",263.80,804.51,,,,"     ",5.10,6978.76,0.84
1598,539365408,"01598M15:31:37.604","01598 14:44:20",263.82,804.49,,,,"     ",5.10,7041.86,0.85
1598,539365409,"01598M15:31:38.577","01598 14:44:21",263.85,804.64,,,,"     ",5.10,7104.87,0.86
1598,539365410,"01598M15:31:39.551","01598 14:44:22",263.90,804.63,,,,"     ",5.10,7130.18,0.86
1598,539365411,"01598M15:31:40.524","01598 14:44:23",263.95,804.57,,,,"     ",5.10,7115.49,0.86
1598,539365412,"01598M15:31:41.497","01598 14:44:24",264.02,804.45,,,,"     ",5.10,7067.25,0.85
1598,539365413,"01598M15:31:42.470","01598 14:44:25",264.09,804.48,,,,"     ",5.10,7016.43,0.85
1598,539365414,"01598M15:31:43.444","01598 14:44:26",264.17,804.51,,,,"     ",5.10,7062.68,0.85
1598,539365415,"01598M15:31:44.417","01598 14:44:27",264.26,804.63,,,,"     ",5.10,7030.46,0.85
1598,539365416,"01598M15:31:45.390","01598 14:44:28",264.34,804.66,,,,"     ",5.10,7072.08,0.85
1598,539365417,"01598M15:31:46.363","01598 14:44:29",264.42,804.57,,,,"     ",5.10,7080.82,0.85
1598,539365418,"01598M15:31:47.337","01598 14:44:30",264.49,804.58,,,,"     ",5.10,7081.90,0.85
1598,539365419,"01598M15:31:48.310","01598 14:44:31",264.55,804.63,,,,"     ",5.10,7012.86,0.85
1598,539365420,"01598M15:31:49.283","01598 14:44:32",264.59,804.57,,,,"     ",5.10,7136.56,0.86
1598,539365421,"01598M15:31:50.256","01598 14:44:33",264.62,804.63,,,,"     ",5.10,7117.56,0.86
1598,539365422,"01598M15:31:51.230","01598 14:44:34",264.64,804.67,,,,"     ",5.10,7117.32,0.86
1598,539365423,"01598M15:31:52.203","01598 14:44:35",264.64,804.69,,,,"     ",5.10,7020.63,0.85
1598,539365424,"01598M15:31:53.176","01598 14:44:36",264.62,804.62,,,,"     ",5.10,7115.91,0.86
1598,539365425,"01598M15:31:54.149","01598 14:44:37",264.60,804.64,,,,"     ",5.10,7000.35,0.84
1598,539365426,"01598M15:31:55.123","01598 14:44:38",264.57,804.54,,,,"     ",5.10,7020.92,0.85
1598,539365427,"01598M15:31:56.096","01598 14:44:39",264.52,804.55,,,,"     ",5.10,6982.08,0.84
1598,539365428,"01598M15:31:57.069","01598 14:44:40",264.47,804.51,,,,"     ",5.10,6996.66,0.84
1598,539365429,"01598M15:31:58.042","01598 14:44:41",264.41,804.55,,,,"     ",5.10,7124.64,0.86
1598,539365430,"01598M15:31:59.016","01598 14:44:42",264.35,804.55,,,,"     ",5.10,7094.61,0.86
1598,539365431,"01598M15:31:59.989","01598 14:44:43",264.28,804.46,,,,"     ",5.10,7087.20,0.85
1598,539365432,"01598M15:32:00.962","01598 14:44:44",264.22,804.56,,,,"     ",5.10,7093.87,0.86
1598,539365433,"01598M15:32:01.935","01598 14:44:45",264.16,804.45,,,,"     ",5.10,7063.60,0.85
1598,539365434,"01598M15:32:02.909","01598 14:44:46",264.11,804.55,,,,"     ",5.10,7113.11,0.86
1598,539365435,"01598M15:32:03.882","01598 14:44:47",264.07,804.44,,,,"     ",5.10,6997.25,0.84
1598,539365436,"01598M15:32:04.855","01598 14:44:48",264.04,804.42,,,,"     ",5.10,7080.08,0.85
1598,539365437,"01598M15:32:05.828","01598 14:44:48",264.02,804.48,,,,"     ",5.10,7067.36,0.85
1598,539365438,"01598M15:32:06.802","01598 14:44:49",264.00,804.44,,,,"     ",5.10,7032.55,0.85
1598,539365439,"01598M15:32:07.775","01598 14:44:50",263.98,804.48,,,,"     ",5.10,7000.61,0.84
1598,539365440,"01598M15:32:08.748","01598 14:44:51",263.97,804.47,,,,"     ",5.10,7160.08,0.86
1598,539365441,"01598M15:32:09.721","01598 14:44:52",263.95,804.52,,,,"     ",5.10,7108.85,0.86
1598,539365442,"01598M15:32:10.695","01598 14:44:53",263.94,804.33,,,,"     ",5.10,7120.41,0.86
1598,539365443,"01598M15:32:11.668","01598 14:44:54",263.94,804.52,,,,"     ",5.10,7057.73,0.85
1598,539365444,"01598M15:32:12.641","01598 14:44:55",263.93,804.40,,,,"     ",5.10,7073.86,0.85
1598,539365445,"01598M15:32:13.614","01598 14:44:56",263.93,804.36,,,,"     ",5.10,7038.33,0.85
1598,539365446,"01598M15:32:14.588","01598 14:44:57",263.94,804.40,,,,"     ",5.10,7063.78,0.85
1598,539365447,"01598M15:32:15.561","01598 14:44:58",263.95,804.32,,,,"     ",5.10,7058.34,0.85
1598,539365448,"01598M15:32:16.534","01598 14:44:59",263.97,804.48,,,,"     ",5.10,7046.64,0.85
1598,539365449,"01598M15:32:17.507","01598 14:45:00",264.00,804.37,,,,"     ",5.10,7023.91,0.85
1598,539365450,"01598M15:32:18.481","01598 14:45:01",264.04,804.46,,,,"     ",5.10,7057.17,0.85
1598,539365451,"01598M15:32:19.454","01598 14:45:02",264.09,804.35,,,,"     ",5.10,7082.28,0.85
1598,539365452,"01598M15:32:20.427","01598 14:45:03",264.15,804.35,,,,"     ",5.10,7110.47,0.86
1598,539365453,"01598M15:32:21.400","01598 14:45:04",264.22,804.46,,,,"     ",5.10,7003.48,0.84
1598,539365454,"01598M15:32:22.374","01598 14:45:05",264.29,804.33,,,,"     ",5.10,6958.78,0.84
1598,539365455,"01598M15:32:23.347","01598 14:45:06",264.37,804.40,,,,"     ",5.10,6998.27,0.84
1598,539365456,"01598M15:32:24.320","01598 14:45:07",264.45,804.38,,,,"     ",5.10,7012.56,0.84
1598,539365457,"01598M15:32:25.293","01598 14:45:08",264.53,804.42,,,,"     ",5.10,7048.73,0.85
1598,539365458,"01598M15:32:26.267","01598 14:45:09",264.61,804.36,,,,"     ",5.10,7049.68,0.85
1598,539365459,"01598M15:32:27.240","01598 14:45:10",264.69,804.33,,,,"     ",5.10,7021.82,0.85
1598,539365460,"01598M15:32:28.213","01598 14:45:11",264.77,804.27,,,,"     ",5.10,7106.01,0.86
1598,539365461,"01598M15:32:29.186","01598 14:45:12",264.85,804.37,,,,"     ",5.10,7090.67,0.85
1598,539365462,"01598M15:32:30.160","01598 14:45:13",264.92,804.31,,,,"     ",5.10,7097.63,0.86
1598,539365463,"01598M15:32:31.133","01598 14:45:14",264.97,804.27,,,,"     ",5.10,7029.21,0.85
1598,539365464,"01598M15:32:32.106","01598 14:45:15",265.01,804.19,,,,"     ",5.10,7039.56,0.85
1598,539365465,"01598M15:32:33.080","01598 14:45:16",265.04,804.20,,,,"     ",5.10,7093.35,0.85
1598,539365466,"01598M15:32:34.053","01598 14:45:17",265.05,804.29,,,,"     ",5.10,7087.55,0.85
1598,539365467,"01598M15:32:35.026","01598 14:45:18",265.05,804.27,,,,"     ",5.10,7090.05,0.85
1598,539365468,"01598M15:32:35.999","01598 14:45:19",265.05,804.25,,,,"     ",5.10,6975.91,0.84
1598,539365469,"01598M15:32:36.973","01598 14:45:20",265.05,804.26,,,,"     ",5.10,7019.85,0.84
1598,539365470,"01598M15:32:37.946","01598 14:45:21",265.05,804.16,,,,"     ",5.10,7050.30,0.85
1598,539365471,"01598M15:32:38.919","01598 14:45:22",265.07,804.12,,,,"     ",5.10,6936.34,0.83
1598,539365472,"01598M15:32:39.892","01598 14:45:23",265.10,804.19,,,,"     ",5.10,7038.33,0.85
1598,539365473,"01598M15:32:40.866","01598 14:45:24",265.14,804.23,,,,"     ",5.10,7098.26,0.85
1598,539365474,"01598M15:32:41.839","01598 14:45:24",265.18,804.29,,,,"     ",5.10,7029.78,0.85
1598,539365475,"01598M15:32:42.812","01598 14:45:25",265.24,804.27,,,,"     ",5.10,7027.19,0.85
1598,539365476,"01598M15:32:43.785","01598 14:45:26",265.30,804.31,,,,"     ",5.10,7032.45,0.85
1598,539365477,"01598M15:32:44.759","01598 14:45:27",265.36,804.30,,,,"     ",5.10,7102.67,0.86
1598,539365478,"01598M15:32:45.732","01598 14:45:28",265.42,804.36,,,,"     ",5.10,7031.34,0.85
1598,539365479,"01598M15:32:46.705","01598 14:45:29",265.48,804.35,,,,"     ",5.10,7037.96,0.85
1598,539365480,"01598M15:32:47.678","01598 14:45:30",265.54,804.35,,,,"     ",5.10,7073.46,0.85
1598,539365481,"01598M15:32:48.652","01598 14:45:31",265.60,804.32,,,,"     ",5.10,7020.88,0.84
1598,539365482,"01598M15:32:49.625","01598 14:45:32",265.65,804.37,,,,"     ",5.10,7039.91,0.85
1598,539365483,"01598M15:32:50.598","01598 14:45:33",265.70,804.35,,,,"     ",5.10,7077.93,0.85
1598,539365484,"01598M15:32:51.571","01598 14:45:34",265.75,804.35,,,,"     ",5.10,7148.00,0.86
1598,539365485,"01598M15:32:52.545","01598 14:45:35",265.81,804.33,,,,"     ",5.10,7063.43,0.85
1598,539365486,"01598M15:32:53.518","01598 14:45:36",265.87,804.33,,,,"     ",5.10,7058.65,0.85
1598,539365487,"01598M15:32:54.491","01598 14:45:37",265.94,804.32,,,,"     ",5.10,7055.85,0.85
1598,539365488,"01598M15:32:55.464","01598 14:45:38",266.02,804.33,,,,"     ",5.10,7117.99,0.86
1598,539365489,"01598M15:32:56.438","01598 14:45:39",266.11,804.29,,,,"     ",5.10,6932.91,0.83
1598,539365490,"01598M15:32:57.411","01598 14:45:40",266.20,804.30,,,,"     ",5.10,6984.25,0.84
1598,539365491,"01598M15:32:58.384","01598 14:45:41",266.29,804.28,,,,"     ",5.10,7003.21,0.84
1598,539365492,"01598M15:32:59.357","01598 14:45:42",266.38,804.17,,,,"     ",5.10,7048.08,0.85
1598,539365493,"01598M15:33:00.331","01598 14:45:43",266.47,804.18,,,,"     ",5.10,7033.17,0.84
1598,539365494,"01598M15:33:01.304","01598 14:45:44",266.55,804.25,,,,"     ",5.10,7077.14,0.85
1598,539365495,"01598M15:33:02.277","01598 14:45:45",266.63,804.29,,,,"     ",5.10,7073.28,0.85
1598,539365496,"01598M15:33:03.250","01598 14:45:46",266.70,804.31,,,,"     ",5.10,7031.95,0.84
1598,539365497,"01598M15:33:04.224","01598 14:45:47",266.78,804.34,,,,"     ",5.10,7178.20,0.86
1598,539365498,"01598M15:33:05.197","01598 14:45:48",266.86,804.36,,,,"     ",5.10,7122.22,0.85
1598,539365499,"01598M15:33:06.170","01598 14:45:49",266.93,804.48,,,,"     ",5.10,7057.18,0.85
1598,539365500,"01598M15:33:07.143","01598 14:45:50",267.00,804.37,,,,"     ",5.10,7020.88,0.84
1598,539365501,"01598M15:33:08.117","01598 14:45:51",267.06,804.32,,,,"     ",5.10,7117.77,0.85
1598,539365502,"01598M15:33:09.090","01598 14:45:52",267.12,804.28,,,,"     ",5.10,7093.15,0.85
1598,539365503,"01598M15:33:10.063","01598 14:45:53",267.17,804.32,,,,"     ",5.10,7077.38,0.85
1598,539365504,"01598M15:33:11.036","01598 14:45:54",267.22,804.27,,,,"     ",5.10,7137.95,0.86
1598,539365505,"01598M15:33:12.010","01598 14:45:55",267.25,804.27,,,,"     ",5.10,7168.53,0.86
1598,539365506,"01598M15:33:12.983","01598 14:45:56",267.28,804.26,,,,"     ",5.10,7099.11,0.85
1598,539365507,"01598M15:33:13.956","01598 14:45:57",267.30,804.28,,,,"     ",5.10,7082.34,0.85
1598,539365508,"01598M15:33:14.929","01598 14:45:58",267.30,804.28,,,,"     ",5.10,7112.55,0.85
1598,539365509,"01598M15:33:15.903","01598 14:45:59",267.28,804.24,,,,"     ",5.10,7171.72,0.86
1598,539365510,"01598M15:33:16.876","01598 14:46:00",267.26,804.32,,,,"     ",5.10,7083.53,0.85
1598,539365511,"01598M15:33:17.849","01598 14:46:01",267.24,804.26,,,,"     ",5.10,7058.77,0.84
1598,539365512,"01598M15:33:18.822","01598 14:46:01",267.22,804.25,,,,"     ",5.10,7011.74,0.84
1598,539365513,"01598M15:33:19.796","01598 14:46:02",267.21,804.27,,,,"     ",5.10,7080.60,0.85
1598,539365514,"01598M15:33:20.769","01598 14:46:03",267.20,804.31,,,,"     ",5.10,7074.53,0.85
1598,539365515,"01598M15:33:21.742","01598 14:46:04",267.19,804.27,,,,"     ",5.10,7157.07,0.86
1598,539365516,"01598M15:33:22.715","01598 14:46:05",267.17,804.29,,,,"     ",5.10,7087.82,0.85
1598,539365517,"01598M15:33:23.689","01598 14:46:06",267.15,804.11,,,,"     ",5.10,7077.62,0.84
1598,539365518,"01598M15:33:24.662","01598 14:46:07",267.13,804.21,,,,"     ",5.10,7040.96,0.84
1598,539365519,"01598M15:33:25.635","01598 14:46:08",267.10,804.10,,,,"     ",5.10,7099.03,0.85
1598,539365520,"01598M15:33:26.608","01598 14:46:09",267.07,804.24,,,,"     ",5.10,7059.37,0.84
1598,539365521,"01598M15:33:27.582","01598 14:46:10",267.04,804.22,,,,"     ",5.10,7004.05,0.84
1598,539365522,"01598M15:33:28.555","01598 14:46:11",267.01,804.29,,,,"     ",5.10,7197.67,0.86
1598,539365523,"01598M15:33:29.528","01598 14:46:12",266.99,804.31,,,,"     ",5.10,7075.05,0.84
1598,539365524,"01598M15:33:30.501","01598 14:46:13",266.96,804.30,,,,"     ",5.10,7061.16,0.84
1598,539365525,"01598M15:33:31.475","01598 14:46:14",266.93,804.19,,,,"     ",5.10,6971.21,0.83
1598,539365526,"01598M15:33:32.448","01598 14:46:15",266.88,804.19,,,,"     ",5.10,7115.15,0.85
1598,539365527,"01598M15:33:33.421","01598 14:46:16",266.83,804.23,,,,"     ",5.10,7056.94,0.84
1598,539365528,"01598M15:33:34.394","01598 14:46:17",266.76,804.18,,,,"     ",5.10,7095.25,0.85
1598,539365529,"01598M15:33:35.368","01598 14:46:18",266.69,804.23,,,,"     ",5.10,7156.59,0.85
1598,539365530,"01598M15:33:36.341","01598 14:46:19",266.62,804.22,,,,"     ",5.10,7055.50,0.84
1598,539365531,"01598M15:33:37.314","01598 14:46:20",266.54,804.23,,,,"     ",5.10,7054.34,0.84
1598,539365532,"01598M15:33:38.287","01598 14:46:21",266.44,804.20,,,,"     ",5.10,7219.53,0.86
1598,539365533,"01598M15:33:39.261","01598 14:46:22",266.33,804.21,,,,"     ",5.10,7076.62,0.84
1598,539365534,"01598M15:33:40.234","01598 14:46:23",266.20,804.19,,,,"     ",5.10,7099.13,0.85
1598,539365535,"01598M15:33:41.207","01598 14:46:24",266.05,804.12,,,,"     ",5.10,7075.11,0.84
1598,539365536,"01598M15:33:42.181","01598 14:46:25",265.89,804.16,,,,"     ",5.10,7016.24,0.84
1598,539365537,"01598M15:33:43.154","01598 14:46:26",265.72,804.15,,,,"     ",5.10,7066.51,0.84
1598,539365538,"01598M15:33:44.127","01598 14:46:27",265.55,804.14,,,,"     ",5.10,7106.34,0.85
1598,539365539,"01598M15:33:45.100","01598 14:46:28",265.40,804.17,,,,"     ",5.10,7044.94,0.84
1598,539365540,"01598M15:33:46.074","01598 14:46:29",265.25,804.19,,,,"     ",5.10,7015.00,0.83
1598,539365541,"01598M15:33:47.047","01598 14:46:30",265.11,804.16,,,,"     ",5.10,7132.46,0.85
1598,539365542,"01598M15:33:48.020","01598 14:46:31",264.97,804.15,,,,"     ",5.10,7068.73,0.84
1598,539365543,"01598M15:33:48.993","01598 14:46:32",264.84,804.02,,,,"     ",5.10,7081.09,0.84
1598,539365544,"01598M15:33:49.967","01598 14:46:33",264.71,804.08,,,,"     ",5.10,7051.05,0.84
1598,539365545,"01598M15:33:50.940","01598 14:46:34",264.57,803.99,,,,"     ",5.10,7047.86,0.84
1598,539365546,"01598M15:33:51.913","01598 14:46:35",264.42,804.00,,,,"     ",5.10,7097.51,0.84
1598,539365547,"01598M15:33:52.886","01598 14:46:36",263.68,804.09,,,,"     ",5.10,7088.39,0.84
1598,539365548,"01598M15:33:53.860","01598 14:46:37",263.57,804.14,,,,"     ",5.10,7098.72,0.84
1598,539365549,"01598M15:33:54.833","01598 14:46:37",263.46,804.15,,,,"     ",5.10,7104.93,0.85
1598,539365550,"01598M15:33:55.806","01598 14:46:38",263.36,804.20,,,,"     ",5.10,7095.44,0.84
1598,539365551,"01598M15:33:56.779","01598 14:46:39",263.26,804.12,,,,"     ",5.10,7101.14,0.84
1598,539365552,"01598M15:33:57.753","01598 14:46:40",263.15,804.13,,,,"     ",5.10,7104.95,0.85
1598,539365553,"01598M15:33:58.726","01598 14:46:41",263.05,804.05,,,,"     ",5.10,7122.27,0.85
1598,539365554,"01598M15:33:59.699","01598 14:46:42",262.94,804.09,,,,"     ",5.10,7101.37,0.84
1598,539365555,"01598M15:34:00.672","01598 14:46:43",262.84,803.98,,,,"     ",5.10,7167.40,0.85
1598,539365556,"01598M15:34:01.646","01598 14:46:44",262.74,804.02,,,,"     ",5.10,7091.29,0.84
1598,539365557,"01598M15:34:02.619","01598 14:46:45",262.67,804.05,,,,"     ",5.10,7093.25,0.84
1598,539365558,"01598M15:34:03.592","01598 14:46:46",262.61,804.01,,,,"     ",5.10,7090.88,0.84
1598,539365559,"01598M15:34:04.565","01598 14:46:47",262.57,804.03,,,,"     ",5.10,7122.24,0.85
1598,539365560,"01598M15:34:05.539","01598 14:46:48",262.55,804.05,,,,"     ",5.10,7044.77,0.84
1598,539365561,"01598M15:34:06.512","01598 14:46:49",262.54,804.05,,,,"     ",5.10,7097.49,0.84
1598,539365562,"01598M15:34:07.485","01598 14:46:50",262.55,804.03,,,,"     ",5.10,7036.46,0.84
1598,539365563,"01598M15:34:08.458","01598 14:46:51",262.59,803.97,,,,"     ",5.10,7003.36,0.83
1598,539365564,"01598M15:34:09.432","01598 14:46:52",262.65,803.94,,,,"     ",5.10,7028.52,0.84
1598,539365565,"01598M15:34:10.405","01598 14:46:53",262.73,804.01,,,,"     ",5.10,7032.45,0.84
1598,539365566,"01598M15:34:11.378","01598 14:46:54",262.84,803.95,,,,"     ",5.10,7133.53,0.85
1598,539365567,"01598M15:34:12.351","01598 14:46:55",262.95,803.96,,,,"     ",5.10,7110.50,0.85
1598,539365568,"01598M15:34:13.325","01598 14:46:56",263.06,803.90,,,,"     ",5.10,7049.25,0.84
1598,539365569,"01598M15:34:14.298","01598 14:46:57",263.17,803.93,,,,"     ",5.10,7092.93,0.84
1598,539365570,"01598M15:34:15.271","01598 14:46:58",263.26,803.96,,,,"     ",5.10,7103.30,0.85
1598,539365571,"01598M15:34:16.244","01598 14:46:59",263.34,803.92,,,,"     ",5.10,6963.67,0.83
1598,539365572,"01598M15:34:17.218","01598 14:47:00",263.38,803.91,,,,"     ",5.10,7068.25,0.84
1598,539365573,"01598M15:34:18.191","01598 14:47:01",263.40,803.93,,,,"     ",5.10,7075.43,0.84
1598,539365574,"01598M15:34:19.164","01598 14:47:02",263.39,803.86,,,,"     ",5.10,7087.75,0.84
1598,539365575,"01598M15:34:20.137","01598 14:47:03",263.36,803.92,,,,"     ",5.10,7062.01,0.84
1598,539365576,"01598M15:34:21.111","01598 14:47:04",263.31,803.98,,,,"     ",5.10,6980.67,0.83
1598,539365577,"01598M15:34:22.084","01598 14:47:05",263.25,804.01,,,,"     ",5.10,7073.77,0.84
1598,539365578,"01598M15:34:23.057","01598 14:47:06",263.18,804.02,,,,"     ",5.10,7128.30,0.85
1598,539365579,"01598M15:34:24.030","01598 14:47:07",263.11,804.10,,,,"     ",5.10,7083.36,0.84
1598,539365580,"01598M15:34:25.004","01598 14:47:08",263.03,804.01,,,,"     ",5.10,7132.26,0.85
1598,539365581,"01598M15:34:25.977","01598 14:47:09",262.94,804.00,,,,"     ",5.10,7105.82,0.85
1598,539365582,"01598M15:34:26.950","01598 14:47:10",262.85,803.92,,,,"     ",5.10,7124.68,0.85
1598,539365583,"01598M15:34:27.923","01598 14:47:11",262.74,803.96,,,,"     ",5.10,7130.97,0.85
1598,539365584,"01598M15:34:28.897","01598 14:47:12",262.64,803.96,,,,"     ",5.10,7005.68,0.83
1598,539365585,"01598M15:34:29.870","01598 14:47:13",262.52,803.94,,,,"     ",5.10,7091.77,0.85
1598,539365586,"01598M15:34:30.843","01598 14:47:13",262.40,804.02,,,,"     ",5.10,7144.43,0.85
1598,539365587,"01598M15:34:31.816","01598 14:47:14",262.27,803.99,,,,"     ",5.10,7028.25,0.84
1598,539365588,"01598M15:34:32.790","01598 14:47:15",262.14,803.97,,,,"     ",5.10,7088.66,0.84
1598,539365589,"01598M15:34:33.763","01598 14:47:16",262.00,804.01,,,,"     ",5.10,7002.98,0.83
1598,539365590,"01598M15:34:34.736","01598 14:47:17",261.85,803.94,,,,"     ",5.10,7047.52,0.84
1598,539365591,"01598M15:34:35.709","01598 14:47:18",261.69,803.90,,,,"     ",5.10,7153.85,0.85
1598,539365592,"01598M15:34:36.683","01598 14:47:19",261.53,803.92,,,,"     ",5.10,7087.56,0.84
1598,539365593,"01598M15:34:37.656","01598 14:47:20",261.88,803.86,,,,"     ",5.10,6979.44,0.83
1598,539365594,"01598M15:34:38.629","01598 14:47:21",261.82,803.90,,,,"     ",5.10,7164.20,0.85
1598,539365595,"01598M15:34:39.602","01598 14:47:22",261.76,803.92,,,,"     ",5.10,7059.61,0.84
1598,539365596,"01598M15:34:40.576","01598 14:47:23",261.70,803.81,,,,"     ",5.10,7039.15,0.84
1598,539365597,"01598M15:34:41.549","01598 14:47:24",261.65,803.85,,,,"     ",5.10,7084.55,0.84
1598,539365598,"01598M15:34:42.522","01598 14:47:25",261.59,803.87,,,,"     ",5.10,7049.45,0.84
1598,539365599,"01598M15:34:43.495","01598 14:47:26",261.53,803.88,,,,"     ",5.10,7130.24,0.85
1598,539365600,"01598M15:34:44.469","01598 14:47:27",261.48,803.90,,,,"     ",5.10,6948.05,0.83
1598,539365601,"01598M15:34:45.442","01598 14:47:28",261.42,803.86,,,,"     ",5.10,7152.88,0.85
1598,539365602,"01598M15:34:46.415","01598 14:47:29",261.37,803.85,,,,"     ",5.10,6925.89,0.83
1598,539365603,"01598M15:34:47.388","01598 14:47:30",261.31,803.74,,,,"     ",5.10,7026.63,0.84
1598,539365604,"01598M15:34:48.362","01598 14:47:31",261.26,803.77,,,,"     ",5.10,7096.13,0.85
1598,539365605,"01598M15:34:49.335","01598 14:47:32",261.21,803.68,,,,"     ",5.10,7064.73,0.84
1598,539365606,"01598M15:34:50.308","01598 14:47:33",261.15,803.65,,,,"     ",5.10,7145.64,0.85
1598,539365607,"01598M15:34:51.281","01598 14:47:34",261.09,803.74,,,,"     ",5.10,7156.94,0.85
1598,539365608,"01598M15:34:52.255","01598 14:47:35",261.04,803.85,,,,"     ",5.10,7002.11,0.84
1598,539365609,"01598M15:34:53.228","01598 14:47:36",261.00,803.85,,,,"     ",5.10,7022.07,0.84
1598,539365610,"01598M15:34:54.201","01598 14:47:37",260.96,803.88,,,,"     ",5.10,7071.60,0.84
1598,539365611,"01598M15:34:55.175","01598 14:47:38",260.92,803.89,,,,"     ",5.10,6949.60,0.83
1598,539365612,"01598M15:34:56.148","01598 14:47:39",260.87,803.89,,,,"     ",5.10,7155.17,0.85
1598,539365613,"01598M15:34:57.121","01598 14:47:40",260.81,803.82,,,,"     ",5.10,7051.24,0.84
1598,539365614,"01598M15:34:58.094","01598 14:47:41",260.75,803.82,,,,"     ",5.10,6973.98,0.83
1598,539365615,"01598M15:34:59.068","01598 14:47:42",260.68,803.90,,,,"     ",5.10,7042.29,0.84
1598,539365616,"01598M15:35:00.041","01598 14:47:43",260.61,803.90,,,,"     ",5.10,7041.38,0.84
1598,539365617,"01598M15:35:01.014","01598 14:47:44",260.55,803.86,,,,"     ",5.10,7156.16,0.86
1598,539365618,"01598M15:35:01.987","01598 14:47:45",260.50,803.85,,,,"     ",5.10,6975.01,0.83
1598,539365619,"01598M15:35:02.961","01598 14:47:46",260.46,803.79,,,,"     ",5.10,7020.13,0.84
1598,539365620,"01598M15:35:03.934","01598 14:47:47",260.44,803.91,,,,"     ",5.10,7038.25,0.84
1598,539365621,"01598M15:35:04.907","01598 14:47:48",260.42,803.84,,,,"     ",5.10,7115.66,0.85
1598,539365622,"01598M15:35:05.880","01598 14:47:49",260.41,803.83,,,,"     ",5.10,7088.14,0.85
1598,539365623,"01598M15:35:06.854","01598 14:47:49",260.42,803.79,,,,"     ",5.10,7081.94,0.85
1598,539365624,"01598M15:35:07.827","01598 14:47:50",260.44,803.75,,,,"     ",5.10,6985.18,0.84
1598,539365625,"01598M15:35:08.800","01598 14:47:51",260.48,803.82,,,,"     ",5.10,7078.59,0.85
1598,539365626,"01598M15:35:09.773","01598 14:47:52",260.51,803.82,,,,"     ",5.10,7007.48,0.84
1598,539365627,"01598M15:35:10.747","01598 14:47:53",260.54,803.82,,,,"     ",5.10,7081.92,0.85
1598,539365628,"01598M15:35:11.720","01598 14:47:54",260.56,803.80,,,,"     ",5.10,7011.56,0.84
1598,539365629,"01598M15:35:12.693","01598 14:47:55",260.56,803.83,,,,"     ",5.10,7047.44,0.84
1598,539365630,"01598M15:35:13.666","01598 14:47:56",260.54,803.84,,,,"     ",5.10,7007.15,0.84
1598,539365631,"01598M15:35:14.640","01598 14:47:57",260.50,803.79,,,,"     ",5.10,6963.94,0.83
1598,539365632,"01598M15:35:15.613","01598 14:47:58",260.44,803.71,,,,"     ",5.10,7057.64,0.85
1598,539365633,"01598M15:35:16.586","01598 14:47:59",260.38,803.79,,,,"     ",5.10,7065.61,0.85
1598,539365634,"01598M15:35:17.559","01598 14:48:00",260.32,803.78,,,,"     ",5.10,7096.33,0.85
1598,539365635,"01598M15:35:18.533","01598 14:48:01",260.26,803.77,,,,"     ",5.10,7008.91,0.84
1598,539365636,"01598M15:35:19.506","01598 14:48:02",260.22,803.76,,,,"     ",5.10,7111.97,0.85
1598,539365637,"01598M15:35:20.479","01598 14:48:03",260.18,803.77,,,,"     ",5.10,6951.54,0.83
1598,539365638,"01598M15:35:21.452","01598 14:48:04",260.17,803.79,,,,"     ",5.10,7053.64,0.85
1598,539365639,"01598M15:35:22.426","01598 14:48:05",260.18,803.77,,,,"     ",5.10,6958.23,0.83
1598,539365640,"01598M15:35:23.399","01598 14:48:06",260.21,803.81,,,,"     ",5.10,7029.05,0.84
1598,539365641,"01598M15:35:24.372","01598 14:48:07",260.26,803.80,,,,"     ",5.10,7063.80,0.85
1598,539365642,"01598M15:35:25.345","01598 14:48:08",260.32,803.75,,,,"     ",5.10,7076.39,0.85
1598,539365643,"01598M15:35:26.319","01598 14:48:09",260.39,803.71,,,,"     ",5.10,7120.88,0.85
1598,539365644,"01598M15:35:27.292","01598 14:48:10",260.46,803.65,,,,"     ",5.10,7035.86,0.84
1598,539365645,"01598M15:35:28.265","01598 14:48:11",260.50,803.78,,,,"     ",5.10,6966.93,0.84
1598,539365646,"01598M15:35:29.238","01598 14:48:12",260.54,803.76,,,,"     ",5.10,7100.77,0.85
1598,539365647,"01598M15:35:30.212","01598 14:48:13",260.55,803.74,,,,"     ",5.10,7027.48,0.84
1598,539365648,"01598M15:35:31.185","01598 14:48:14",260.54,803.79,,,,"     ",5.10,6969.74,0.84
1598,539365649,"01598M15:35:32.158","01598 14:48:15",260.52,803.76,,,,"     ",5.10,7056.09,0.85
1598,539365650,"01598M15:35:33.131","01598 14:48:16",260.49,803.79,,,,"     ",5.10,7034.33,0.84
1598,539365651,"01598M15:35:34.105","01598 14:48:17",260.46,803.74,,,,"     ",5.10,7000.23,0.84
1598,539365652,"01598M15:35:35.078","01598 14:48:18",260.42,803.79,,,,"     ",5.10,6973.57,0.84
1598,539365653,"01598M15:35:36.051","01598 14:48:19",260.39,803.71,,,,"     ",5.10,7077.88,0.85
1598,539365654,"01598M15:35:37.024","01598 14:48:20",260.36,803.67,,,,"     ",5.10,7078.80,0.85
1598,539365655,"01598M15:35:37.998","01598 14:48:21",260.34,803.74,,,,"     ",5.10,7010.92,0.84
1598,539365656,"01598M15:35:38.971","01598 14:48:22",260.33,803.82,,,,"     ",5.10,7121.44,0.86
1598,539365657,"01598M15:35:39.944","01598 14:48:23",260.32,803.74,,,,"     ",5.10,7020.19,0.84
1598,539365658,"01598M15:35:40.917","01598 14:48:24",260.32,803.74,,,,"     ",5.10,7065.99,0.85
1598,539365659,"01598M15:35:41.891","01598 14:48:25",260.30,803.75,,,,"     ",5.10,7031.35,0.85
1598,539365660,"01598M15:35:42.864","01598 14:48:25",260.28,803.79,,,,"     ",5.10,7098.62,0.85
1598,539365661,"01598M15:35:43.837","01598 14:48:26",260.24,803.79,,,,"     ",5.10,7082.55,0.85
1598,539365662,"01598M15:35:44.810","01598 14:48:27",260.18,803.79,,,,"     ",5.10,7019.34,0.84
1598,539365663,"01598M15:35:45.784","01598 14:48:28",260.10,803.73,,,,"     ",5.10,6919.35,0.83
1598,539365664,"01598M15:35:46.757","01598 14:48:29",260.00,803.71,,,,"     ",5.10,6935.41,0.83
1598,539365665,"01598M15:35:47.730","01598 14:48:30",259.91,803.74,,,,"     ",5.10,7029.06,0.85
1598,539365666,"01598M15:35:48.703","01598 14:48:31",259.83,803.73,,,,"     ",5.10,6996.09,0.84
1598,539365667,"01598M15:35:49.677","01598 14:48:32",259.76,803.70,,,,"     ",5.10,7108.59,0.86
1598,539365668,"01598M15:35:50.650","01598 14:48:33",259.71,803.76,,,,"     ",5.10,7062.82,0.85
1598,539365669,"01598M15:35:51.623","01598 14:48:34",259.67,803.91,,,,"     ",5.10,7153.86,0.86
1598,539365670,"01598M15:35:52.596","01598 14:48:35",259.66,803.80,,,,"     ",5.10,6941.14,0.84
1598,539365671,"01598M15:35:53.570","01598 14:48:36",259.67,803.77,,,,"     ",5.10,7031.04,0.85
1598,539365672,"01598M15:35:54.543","01598 14:48:37",259.71,803.69,,,,"     ",5.10,7013.06,0.85
1598,539365673,"01598M15:35:55.516","01598 14:48:38",259.76,803.81,,,,"     ",5.10,7074.91,0.85
1598,539365674,"01598M15:35:56.489","01598 14:48:39",259.82,803.78,,,,"     ",5.10,7041.50,0.85
1598,539365675,"01598M15:35:57.463","01598 14:48:40",259.90,803.68,,,,"     ",5.10,7009.07,0.84
1598,539365676,"01598M15:35:58.436","01598 14:48:41",259.98,803.63,,,,"     ",5.10,7012.31,0.85
1598,539365677,"01598M15:35:59.409","01598 14:48:42",260.05,803.63,,,,"     ",5.10,6950.28,0.84
1598,539365678,"01598M15:36:00.382","01598 14:48:43",260.10,803.69,,,,"     ",5.10,6894.40,0.83
1598,539365679,"01598M15:36:01.356","01598 14:48:44",260.14,803.57,,,,"     ",5.10,7010.63,0.85
1598,539365680,"01598M15:36:02.329","01598 14:48:45",260.15,803.55,,,,"     ",5.10,6970.13,0.84
1598,539365681,"01598M15:36:03.302","01598 14:48:46",260.14,803.51,,,,"     ",5.10,6982.96,0.84
1598,539365682,"01598M15:36:04.276","01598 14:48:47",260.12,803.60,,,,"     ",5.10,6979.03,0.84
1598,539365683,"01598M15:36:05.249","01598 14:48:48",260.07,803.60,,,,"     ",5.10,7014.22,0.85
1598,539365684,"01598M15:36:06.222","01598 14:48:49",260.01,803.68,,,,"     ",5.10,7089.27,0.86
1598,539365685,"01598M15:36:07.195","01598 14:48:50",259.93,803.68,,,,"     ",5.10,6935.75,0.84
1598,539365686,"01598M15:36:08.169","01598 14:48:51",259.84,803.69,,,,"     ",5.10,6985.55,0.84
1598,539365687,"01598M15:36:09.142","01598 14:48:52",259.74,803.68,,,,"     ",5.10,7055.20,0.85
1598,539365688,"01598M15:36:10.115","01598 14:48:53",259.63,803.61,,,,"     ",5.10,7010.51,0.85
1598,539365689,"01598M15:36:11.088","01598 14:48:54",259.51,803.71,,,,"     ",5.10,6930.72,0.84
1598,539365690,"01598M15:36:12.062","01598 14:48:55",259.39,803.62,,,,"     ",5.10,7026.13,0.85
1598,539365691,"01598M15:36:13.035","01598 14:48:56",259.28,803.63,,,,"     ",5.10,7115.60,0.86
1598,539365692,"01598M15:36:14.008","01598 14:48:57",259.19,803.61,,,,"     ",5.10,6963.69,0.84
1598,539365693,"01598M15:36:14.981","01598 14:48:58",259.11,803.68,,,,"     ",5.10,6961.94,0.84
1598,539365694,"01598M15:36:15.955","01598 14:48:59",259.04,803.72,,,,"     ",5.10,7031.71,0.85
1598,539365695,"01598M15:36:16.928","01598 14:49:00",258.99,803.72,,,,"     ",5.10,6977.84,0.84
1598,539365696,"01598M15:36:17.901","01598 14:49:01",258.95,803.77,,,,"     ",5.10,7066.22,0.86
1598,539365697,"01598M15:36:18.874","01598 14:49:01",258.93,803.65,,,,"     ",5.10,6896.76,0.83
1598,539365698,"01598M15:36:19.848","01598 14:49:02",258.91,803.64,,,,"     ",5.10,6906.81,0.84
1598,539365699,"01598M15:36:20.821","01598 14:49:03",258.90,803.67,,,,"     ",5.10,6998.63,0.85
1598,539365700,"01598M15:36:21.794","01598 14:49:04",258.90,803.70,,,,"     ",5.10,6978.61,0.85
1598,539365701,"01598M15:36:22.767","01598 14:49:05",258.91,803.66,,,,"     ",5.10,6900.90,0.84
1598,539365702,"01598M15:36:23.741","01598 14:49:06",258.90,803.68,,,,"     ",5.10,7033.80,0.85
1598,539365703,"01598M15:36:24.714","01598 14:49:07",258.90,803.67,,,,"     ",5.10,6843.03,0.83
1598,539365704,"01598M15:36:25.687","01598 14:49:08",258.88,803.70,,,,"     ",5.10,6967.39,0.85
1598,539365705,"01598M15:36:26.660","01598 14:49:09",258.86,803.72,,,,"     ",5.10,6990.11,0.85
1598,539365706,"01598M15:36:27.634","01598 14:49:10",258.83,803.77,,,,"     ",5.10,6900.79,0.84
1598,539365707,"01598M15:36:28.607","01598 14:49:11",258.80,803.78,,,,"     ",5.10,6954.18,0.84
1598,539365708,"01598M15:36:29.580","01598 14:49:12",258.75,803.75,,,,"     ",5.10,6941.19,0.84
1598,539365709,"01598M15:36:30.553","01598 14:49:13",258.71,803.65,,,,"     ",5.10,7009.39,0.85
1598,539365710,"01598M15:36:31.527","01598 14:49:14",258.66,803.72,,,,"     ",5.10,6953.31,0.85
1598,539365711,"01598M15:36:32.500","01598 14:49:15",258.62,803.71,,,,"     ",5.10,7080.07,0.86
1598,539365712,"01598M15:36:33.473","01598 14:49:16",258.59,803.76,,,,"     ",5.10,6983.56,0.85
1598,539365713,"01598M15:36:34.446","01598 14:49:17",258.57,803.74,,,,"     ",5.10,7017.30,0.85
1598,539365714,"01598M15:36:35.420","01598 14:49:18",258.55,803.83,,,,"     ",5.10,7037.19,0.86
1598,539365715,"01598M15:36:36.393","01598 14:49:19",258.55,803.67,,,,"     ",5.10,6925.08,0.84
1598,539365716,"01598M15:36:37.366","01598 14:49:20",258.55,803.71,,,,"     ",5.10,7023.08,0.85
1598,539365717,"01598M15:36:38.339","01598 14:49:21",258.57,803.65,,,,"     ",5.10,6951.52,0.85
1598,539365718,"01598M15:36:39.313","01598 14:49:22",258.60,803.70,,,,"     ",5.10,7021.54,0.85
1598,539365719,"01598M15:36:40.286","01598 14:49:23",258.62,803.71,,,,"     ",5.10,6938.61,0.84
1598,539365720,"01598M15:36:41.259","01598 14:49:24",258.65,803.72,,,,"     ",5.10,6985.22,0.85
1598,539365721,"01598M15:36:42.232","01598 14:49:25",258.67,803.64,,,,"     ",5.10,6964.86,0.85
1598,539365722,"01598M15:36:43.206","01598 14:49:26",258.68,803.63,,,,"     ",5.10,6961.61,0.85
1598,539365723,"01598M15:36:44.179","01598 14:49:27",258.67,803.63,,,,"     ",5.10,6908.80,0.84
1598,539365724,"01598M15:36:45.152","01598 14:49:28",258.65,803.67,,,,"     ",5.10,6986.79,0.85
1598,539365725,"01598M15:36:46.125","01598 14:49:29",258.62,803.74,,,,"     ",5.10,6928.25,0.84
1598,539365726,"01598M15:36:47.099","01598 14:49:30",258.59,803.66,,,,"     ",5.10,6995.17,0.85
1598,539365727,"01598M15:36:48.072","01598 14:49:31",258.57,803.78,,,,"     ",5.10,6964.27,0.85
1598,539365728,"01598M15:36:49.045","01598 14:49:32",258.57,803.75,,,,"     ",5.10,6973.45,0.85
1598,539365729,"01598M15:36:50.018","01598 14:49:33",258.59,803.83,,,,"     ",5.10,6915.23,0.84
1598,539365730,"01598M15:36:50.992","01598 14:49:34",258.63,803.73,,,,"     ",5.10,6907.96,0.84
1598,539365731,"01598M15:36:51.965","01598 14:49:35",258.69,803.61,,,,"     ",5.10,6996.82,0.85
1598,539365732,"01598M15:36:52.938","01598 14:49:36",258.76,803.66,,,,"     ",5.10,6846.43,0.83
1598,539365733,"01598M15:36:53.911","01598 14:49:37",258.84,803.66,,,,"     ",5.10,6924.43,0.84
1598,539365734,"01598M15:36:54.885","01598 14:49:37",258.93,803.61,,,,"     ",5.10,6953.05,0.85
1598,539365735,"01598M15:36:55.858","01598 14:49:38",259.01,803.63,,,,"     ",5.10,6893.85,0.84
1598,539365736,"01598M15:36:56.831","01598 14:49:39",259.09,803.70,,,,"     ",5.10,6945.25,0.85
1598,539365737,"01598M15:36:57.804","01598 14:49:40",259.17,803.71,,,,"     ",5.10,6970.16,0.85
1598,539365738,"01598M15:36:58.778","01598 14:49:41",259.22,803.70,,,,"     ",5.10,6911.09,0.84
1598,539365739,"01598M15:36:59.751","01598 14:49:42",259.26,803.76,,,,"     ",5.10,7009.92,0.86
1598,539365740,"01598M15:37:00.724","01598 14:49:43",259.26,803.67,,,,"     ",5.10,6906.36,0.84
1598,539365741,"01598M15:37:01.697","01598 14:49:44",259.24,803.70,,,,"     ",5.10,6965.59,0.85
1598,539365742,"01598M15:37:02.671","01598 14:49:45",259.20,803.64,,,,"     ",5.10,6919.98,0.84
1598,539365743,"01598M15:37:03.644","01598 14:49:46",259.14,803.51,,,,"     ",5.10,6916.83,0.84
1598,539365744,"01598M15:37:04.617","01598 14:49:47",259.09,803.49,,,,"     ",5.10,6988.89,0.85
1598,539365745,"01598M15:37:05.590","01598 14:49:48",259.04,803.55,,,,"     ",5.10,6936.13,0.85
1598,539365746,"01598M15:37:06.564","01598 14:49:49",259.00,803.49,,,,"     ",5.10,6959.82,0.85
1598,539365747,"01598M15:37:07.537","01598 14:49:50",258.98,803.52,,,,"     ",5.10,7041.31,0.86
1598,539365748,"01598M15:37:08.510","01598 14:49:51",258.98,803.53,,,,"     ",5.10,6974.66,0.85
1598,539365749,"01598M15:37:09.483","01598 14:49:52",258.99,803.55,,,,"     ",5.10,6917.79,0.84
1598,539365750,"01598M15:37:10.457","01598 14:49:53",259.01,803.65,,,,"     ",5.10,6966.93,0.85
1598,539365751,"01598M15:37:11.430","01598 14:49:54",259.04,803.69,,,,"     ",5.10,6872.63,0.84
1598,539365752,"01598M15:37:12.403","01598 14:49:55",259.07,803.58,,,,"     ",5.10,6886.93,0.84
1598,539365753,"01598M15:37:13.377","01598 14:49:56",259.11,803.66,,,,"     ",5.10,6916.69,0.84
1598,539365754,"01598M15:37:14.350","01598 14:49:57",259.14,803.67,,,,"     ",5.10,7018.77,0.86
1598,539365755,"01598M15:37:15.323","01598 14:49:58",259.18,803.66,,,,"     ",5.10,6903.78,0.84
1598,539365756,"01598M15:37:16.296","01598 14:49:59",259.21,803.62,,,,"     ",5.10,6971.80,0.85
1598,539365757,"01598M15:37:17.270","01598 14:50:00",259.23,803.61,,,,"     ",5.10,7023.29,0.86
1598,539365758,"01598M15:37:18.243","01598 14:50:01",259.25,803.62,,,,"     ",5.10,6898.51,0.84
1598,539365759,"01598M15:37:19.216","01598 14:50:02",259.25,803.62,,,,"     ",5.10,6952.66,0.85
1598,539365760,"01598M15:37:20.189","01598 14:50:03",259.25,803.55,,,,"     ",5.10,6962.43,0.85
1598,539365761,"01598M15:37:21.163","01598 14:50:04",259.25,803.59,,,,"     ",5.10,6910.01,0.84
1598,539365762,"01598M15:37:22.136","01598 14:50:05",259.25,803.65,,,,"     ",5.10,6936.29,0.85
1598,539365763,"01598M15:37:23.109","01598 14:50:06",259.25,803.69,,,,"     ",5.10,6917.46,0.84
1598,539365764,"01598M15:37:24.082","01598 14:50:07",259.24,803.62,,,,"     ",5.10,6860.44,0.84
1598,539365765,"01598M15:37:25.056","01598 14:50:08",259.22,803.59,,,,"     ",5.10,6858.18,0.84
1598,539365766,"01598M15:37:26.029","01598 14:50:09",259.21,803.58,,,,"     ",5.10,6923.17,0.84
1598,539365767,"01598M15:37:27.002","01598 14:50:10",259.19,803.64,,,,"     ",5.10,7004.77,0.85
1598,539365768,"01598M15:37:27.975","01598 14:50:11",259.17,803.64,,,,"     ",5.10,6973.03,0.85
1598,539365769,"01598M15:37:28.949","01598 14:50:12",259.15,803.63,,,,"     ",5.10,6837.56,0.83
1598,539365770,"01598M15:37:29.922","01598 14:50:13",259.11,803.66,,,,"     ",5.10,6959.63,0.85
1598,539365771,"01598M15:37:30.895","01598 14:50:13",259.07,803.58,,,,"     ",5.10,6990.06,0.85
1598,539365772,"01598M15:37:31.868","01598 14:50:14",259.03,803.70,,,,"     ",5.10,6944.96,0.85
1598,539365773,"01598M15:37:32.842","01598 14:50:15",258.98,803.61,,,,"     ",5.10,6905.54,0.84
1598,539365774,"01598M15:37:33.815","01598 14:50:16",258.94,803.59,,,,"     ",5.10,6994.74,0.85
1598,539365775,"01598M15:37:34.788","01598 14:50:17",258.90,803.48,,,,"     ",5.10,6945.95,0.85
1598,539365776,"01598M15:37:35.761","01598 14:50:18",258.87,803.54,,,,"     ",5.10,6906.18,0.84
1598,539365777,"01598M15:37:36.735","01598 14:50:19",258.86,803.58,,,,"     ",5.10,6956.81,0.85
1598,539365778,"01598M15:37:37.708","01598 14:50:20",258.87,803.59,,,,"     ",5.10,6956.37,0.85
1598,539365779,"01598M15:37:38.681","01598 14:50:21",258.90,803.66,,,,"     ",5.10,6965.69,0.85
1598,539365780,"01598M15:37:39.654","01598 14:50:22",258.94,803.71,,,,"     ",5.10,6922.02,0.84
1598,539365781,"01598M15:37:40.628","01598 14:50:23",258.99,803.59,,,,"     ",5.10,6843.54,0.83
1598,539365782,"01598M15:37:41.601","01598 14:50:24",259.05,803.63,,,,"     ",5.10,7007.66,0.85
1598,539365783,"01598M15:37:42.574","01598 14:50:25",259.10,803.61,,,,"     ",5.10,6894.46,0.84
1598,539365784,"01598M15:37:43.547","01598 14:50:26",259.13,803.60,,,,"     ",5.10,6987.62,0.85
1598,539365785,"01598M15:37:44.521","01598 14:50:27",259.16,803.63,,,,"     ",5.10,6940.79,0.85
1598,539365786,"01598M15:37:45.494","01598 14:50:28",259.16,803.69,,,,"     ",5.10,6932.29,0.85
1598,539365787,"01598M15:37:46.467","01598 14:50:29",259.14,803.67,,,,"     ",5.10,6895.45,0.84
1598,539365788,"01598M15:37:47.440","01598 14:50:30",259.09,803.64,,,,"     ",5.10,6840.13,0.83
1598,539365789,"01598M15:37:48.414","01598 14:50:31",259.02,803.62,,,,"     ",5.10,6919.71,0.84
1598,539365790,"01598M15:37:49.387","01598 14:50:32",258.92,803.69,,,,"     ",5.10,6900.90,0.84
1598,539365791,"01598M15:37:50.360","01598 14:50:33",258.80,803.70,,,,"     ",5.10,6963.01,0.85
1598,539365792,"01598M15:37:51.333","01598 14:50:34",258.68,803.63,,,,"     ",5.10,6912.04,0.84
1598,539365793,"01598M15:37:52.307","01598 14:50:35",258.56,803.58,,,,"     ",5.10,6905.48,0.84
1598,539365794,"01598M15:37:53.280","01598 14:50:36",258.46,803.55,,,,"     ",5.10,6851.51,0.83
1598,539365795,"01598M15:37:54.253","01598 14:50:37",258.37,803.62,,,,"     ",5.10,6929.86,0.85
1598,539365796,"01598M15:37:55.226","01598 14:50:38",258.30,803.55,,,,"     ",5.10,6981.57,0.85
1598,539365797,"01598M15:37:56.200","01598 14:50:39",258.25,803.59,,,,"     ",5.10,6956.70,0.85
1598,539365798,"01598M15:37:57.173","01598 14:50:40",258.22,803.64,,,,"     ",5.10,6831.36,0.83
1598,539365799,"01598M15:37:58.146","01598 14:50:41",258.21,803.59,,,,"     ",5.10,6888.37,0.84
1598,539365800,"01598M15:37:59.119","01598 14:50:42",258.20,803.56,,,,"     ",5.10,7051.89,0.86
1598,539365801,"01598M15:38:00.093","01598 14:50:43",258.19,803.74,,,,"     ",5.10,6947.64,0.85
1598,539365802,"01598M15:38:01.066","01598 14:50:44",258.18,803.70,,,,"     ",5.10,7000.08,0.85
1598,539365803,"01598M15:38:02.039","01598 14:50:45",258.16,803.79,,,,"     ",5.10,7003.72,0.86
1598,539365804,"01598M15:38:03.012","01598 14:50:46",258.14,803.70,,,,"     ",5.10,6922.10,0.84
1598,539365805,"01598M15:38:03.986","01598 14:50:47",258.12,803.64,,,,"     ",5.10,6942.38,0.85
1598,539365806,"01598M15:38:04.959","01598 14:50:48",258.09,803.66,,,,"     ",5.10,7001.72,0.85
1598,539365807,"01598M15:38:05.932","01598 14:50:49",258.06,803.72,,,,"     ",5.10,7021.34,0.86
1598,539365808,"01598M15:38:06.905","01598 14:50:49",258.03,803.69,,,,"     ",5.10,6925.45,0.84
1598,539365809,"01598M15:38:07.879","01598 14:50:50",258.00,803.68,,,,"     ",5.10,6881.43,0.84
1598,539365810,"01598M15:38:08.852","01598 14:50:51",257.99,803.63,,,,"     ",5.10,6918.76,0.84
1598,539365811,"01598M15:38:09.825","01598 14:50:52",257.98,803.64,,,,"     ",5.10,6952.47,0.85
1598,539365812,"01598M15:38:10.798","01598 14:50:53",257.99,803.59,,,,"     ",5.10,6936.39,0.85
1598,539365813,"01598M15:38:11.772","01598 14:50:54",258.02,803.60,,,,"     ",5.10,6939.14,0.85
1598,539365814,"01598M15:38:12.745","01598 14:50:55",258.05,803.62,,,,"     ",5.10,6886.64,0.84
1598,539365815,"01598M15:38:13.718","01598 14:50:56",258.08,803.75,,,,"     ",5.10,6904.38,0.84
1598,539365816,"01598M15:38:14.691","01598 14:50:57",258.12,803.83,,,,"     ",5.10,6987.60,0.85
1598,539365817,"01598M15:38:15.665","01598 14:50:58",258.16,803.66,,,,"     ",5.10,7015.32,0.86
1598,539365818,"01598M15:38:16.638","01598 14:50:59",258.19,803.72,,,,"     ",5.10,6938.46,0.85
1598,539365819,"01598M15:38:17.611","01598 14:51:00",258.23,803.70,,,,"     ",5.10,6953.86,0.85
1598,539365820,"01598M15:38:18.584","01598 14:51:01",258.26,803.74,,,,"     ",5.10,6969.59,0.85
1598,539365821,"01598M15:38:19.558","01598 14:51:02",258.30,803.67,,,,"     ",5.10,6921.79,0.84
1598,539365822,"01598M15:38:20.531","01598 14:51:03",258.33,803.65,,,,"     ",5.10,6884.56,0.84
1598,539365823,"01598M15:38:21.504","01598 14:51:04",258.36,803.67,,,,"     ",5.10,6953.83,0.85
1598,539365824,"01598M15:38:22.478","01598 14:51:05",258.38,803.67,,,,"     ",5.10,6852.07,0.84
1598,539365825,"01598M15:38:23.451","01598 14:51:06",258.39,803.67,,,,"     ",5.10,6983.13,0.85
1598,539365826,"01598M15:38:24.424","01598 14:51:07",258.40,803.71,,,,"     ",5.10,6882.49,0.84
1598,539365827,"01598M15:38:25.397","01598 14:51:08",258.39,803.73,,,,"     ",5.10,6901.29,0.84
1598,539365828,"01598M15:38:26.371","01598 14:51:09",258.38,803.65,,,,"     ",5.10,6893.44,0.84
1598,539365829,"01598M15:38:27.344","01598 14:51:10",258.38,803.69,,,,"     ",5.10,6929.84,0.85
1598,539365830,"01598M15:38:28.317","01598 14:51:11",258.36,803.64,,,,"     ",5.10,6929.35,0.85
1598,539365831,"01598M15:38:29.290","01598 14:51:12",258.34,803.61,,,,"     ",5.10,6866.86,0.84
1598,539365832,"01598M15:38:30.264","01598 14:51:13",258.31,803.61,,,,"     ",5.10,6891.58,0.84
1598,539365833,"01598M15:38:31.237","01598 14:51:14",258.27,803.60,,,,"     ",5.10,6921.17,0.84
1598,539365834,"01598M15:38:32.210","01598 14:51:15",258.22,803.61,,,,"     ",5.10,6942.02,0.85
1598,539365835,"01598M15:38:33.183","01598 14:51:16",258.17,803.63,,,,"     ",5.10,6902.81,0.84
1598,539365836,"01598M15:38:34.157","01598 14:51:17",258.12,803.49,,,,"     ",5.10,7018.69,0.86
1598,539365837,"01598M15:38:35.130","01598 14:51:18",258.08,803.60,,,,"     ",5.10,6872.81,0.84
1598,539365838,"01598M15:38:36.103","01598 14:51:19",258.05,803.51,,,,"     ",5.10,6924.17,0.84
1598,539365839,"01598M15:38:37.076","01598 14:51:20",258.01,803.51,,,,"     ",5.10,6902.76,0.84
1598,539365840,"01598M15:38:38.050","01598 14:51:21",257.97,803.59,,,,"     ",5.10,6844.52,0.83
1598,539365841,"01598M15:38:39.023","01598 14:51:22",257.92,803.56,,,,"     ",5.10,6947.45,0.85
1598,539365842,"01598M15:38:39.996","01598 14:51:23",257.86,803.55,,,,"     ",5.10,6894.22,0.84
1598,539365843,"01598M15:38:40.969","01598 14:51:24",257.80,803.58,,,,"     ",5.10,6913.35,0.84
1598,539365844,"01598M15:38:41.943","01598 14:51:25",257.72,803.52,,,,"     ",5.10,6951.42,0.85
1598,539365845,"01598M15:38:42.916","01598 14:51:25",257.65,803.56,,,,"     ",5.10,6929.48,0.84
1598,539365846,"01598M15:38:43.889","01598 14:51:26",257.58,803.54,,,,"     ",5.10,6911.24,0.84
1598,539365847,"01598M15:38:44.862","01598 14:51:27",257.53,803.61,,,,"     ",5.10,6875.38,0.84
1598,539365848,"01598M15:38:45.836","01598 14:51:28",257.48,803.65,,,,"     ",5.10,6963.12,0.85
1598,539365849,"01598M15:38:46.809","01598 14:51:29",257.43,803.58,,,,"     ",5.10,6904.50,0.84
1598,539365850,"01598M15:38:47.782","01598 14:51:30",257.40,803.58,,,,"     ",5.10,6908.28,0.84
1598,539365851,"01598M15:38:48.755","01598 14:51:31",257.37,803.47,,,,"     ",5.10,6947.56,0.85
1598,539365852,"01598M15:38:49.729","01598 14:51:32",257.35,803.57,,,,"     ",5.10,7016.16,0.86
1598,539365853,"01598M15:38:50.702","01598 14:51:33",257.33,803.48,,,,"     ",5.10,6934.08,0.85
1598,539365854,"01598M15:38:51.675","01598 14:51:34",257.33,803.60,,,,"     ",5.10,6931.54,0.85
1598,539365855,"01598M15:38:52.648","01598 14:51:35",257.32,803.57,,,,"     ",5.10,7005.69,0.85
1598,539365856,"01598M15:38:53.622","01598 14:51:36",257.31,803.61,,,,"     ",5.10,6952.68,0.85
1598,539365857,"01598M15:38:54.595","01598 14:51:37",257.29,803.50,,,,"     ",5.10,6933.95,0.85
1598,539365858,"01598M15:38:55.568","01598 14:51:38",257.27,803.52,,,,"     ",5.10,6988.20,0.85
1598,539365859,"01598M15:38:56.541","01598 14:51:39",257.23,803.47,,,,"     ",5.10,6877.57,0.84
1598,539365860,"01598M15:38:57.515","01598 14:51:40",257.18,803.40,,,,"     ",5.10,6900.32,0.84
1598,539365861,"01598M15:38:58.488","01598 14:51:41",257.13,803.38,,,,"     ",5.10,6920.81,0.84
1598,539365862,"01598M15:38:59.461","01598 14:51:42",257.07,803.40,,,,"     ",5.10,6886.95,0.84
1598,539365863,"01598M15:39:00.434","01598 14:51:43",257.01,803.51,,,,"     ",5.10,6899.42,0.84
1598,539365864,"01598M15:39:01.408","01598 14:51:44",256.95,803.49,,,,"     ",5.10,6992.42,0.85
1598,539365865,"01598M15:39:02.381","01598 14:51:45",256.88,803.58,,,,"     ",5.10,6908.64,0.84
1598,539365866,"01598M15:39:03.354","01598 14:51:46",256.82,803.51,,,,"     ",5.10,6867.79,0.84
1598,539365867,"01598M15:39:04.327","01598 14:51:47",256.76,803.52,,,,"     ",5.10,6912.97,0.84
1598,539365868,"01598M15:39:05.301","01598 14:51:48",256.71,803.48,,,,"     ",5.10,6937.40,0.85
1598,539365869,"01598M15:39:06.274","01598 14:51:49",256.68,803.54,,,,"     ",5.10,6935.60,0.85
1598,539365870,"01598M15:39:07.247","01598 14:51:50",256.66,803.56,,,,"     ",5.10,6863.20,0.84
1598,539365871,"01598M15:39:08.220","01598 14:51:51",256.64,803.51,,,,"     ",5.10,6922.87,0.84
1598,539365872,"01598M15:39:09.194","01598 14:51:52",256.64,803.53,,,,"     ",5.10,6998.98,0.85
1598,539365873,"01598M15:39:10.167","01598 14:51:53",256.64,803.49,,,,"     ",5.10,6997.88,0.85
1598,539365874,"01598M15:39:11.140","01598 14:51:54",256.64,803.56,,,,"     ",5.10,6994.24,0.85
1598,539365875,"01598M15:39:12.113","01598 14:51:55",256.64,803.59,,,,"     ",5.10,7031.04,0.86
1598,539365876,"01598M15:39:13.087","01598 14:51:56",256.65,803.59,,,,"     ",5.10,6876.21,0.84
1598,539365877,"01598M15:39:14.060","01598 14:51:57",256.67,803.56,,,,"     ",5.10,6988.01,0.85
1598,539365878,"01598M15:39:15.033","01598 14:51:58",256.70,803.55,,,,"     ",5.10,6903.13,0.84
1598,539365879,"01598M15:39:16.006","01598 14:51:59",256.73,803.63,,,,"     ",5.10,6960.84,0.85
1598,539365880,"01598M15:39:16.980","01598 14:52:00",256.76,803.56,,,,"     ",5.10,6919.58,0.85
1598,539365881,"01598M15:39:17.953","01598 14:52:01",256.78,803.60,,,,"     ",5.10,6884.62,0.84
1598,539365882,"01598M15:39:18.926","01598 14:52:01",256.80,803.59,,,,"     ",5.10,6932.07,0.85
1598,539365883,"01598M15:39:19.899","01598 14:52:02",256.81,803.62,,,,"     ",5.10,7018.76,0.86
1598,539365884,"01598M15:39:20.873","01598 14:52:03",256.82,803.57,,,,"     ",5.10,6972.28,0.85
1598,539365885,"01598M15:39:21.846","01598 14:52:04",256.82,803.53,,,,"     ",5.10,6975.06,0.85
1598,539365886,"01598M15:39:22.819","01598 14:52:05",256.81,803.52,,,,"     ",5.10,6887.69,0.84
1598,539365887,"01598M15:39:23.792","01598 14:52:06",256.79,803.56,,,,"     ",5.10,6923.43,0.85
1598,539365888,"01598M15:39:24.766","01598 14:52:07",256.77,803.54,,,,"     ",5.10,6957.14,0.85
1598,539365889,"01598M15:39:25.739","01598 14:52:08",256.75,803.59,,,,"     ",5.10,6875.05,0.84
1598,539365890,"01598M15:39:26.712","01598 14:52:09",256.72,803.56,,,,"     ",5.10,6963.16,0.85
1598,539365891,"01598M15:39:27.685","01598 14:52:10",256.70,803.57,,,,"     ",5.10,6941.30,0.85
1598,539365892,"01598M15:39:28.659","01598 14:52:11",256.69,803.54,,,,"     ",5.10,6990.42,0.85
1598,539365893,"01598M15:39:29.632","01598 14:52:12",256.66,803.64,,,,"     ",5.10,6917.60,0.85
1598,539365894,"01598M15:39:30.605","01598 14:52:13",256.64,803.55,,,,"     ",5.10,6965.73,0.85
1598,539365895,"01598M15:39:31.579","01598 14:52:14",256.62,803.57,,,,"     ",5.10,6877.78,0.84
1598,539365896,"01598M15:39:32.552","01598 14:52:15",256.60,803.59,,,,"     ",5.10,6868.51,0.84
1598,539365897,"01598M15:39:33.525","01598 14:52:16",256.57,803.60,,,,"     ",5.10,6952.67,0.85
1598,539365898,"01598M15:39:34.498","01598 14:52:17",256.55,803.49,,,,"     ",5.10,6891.22,0.84
1598,539365899,"01598M15:39:35.472","01598 14:52:18",256.52,803.59,,,,"     ",5.10,6842.49,0.84
1598,539365900,"01598M15:39:36.445","01598 14:52:19",256.50,803.56,,,,"     ",5.10,6997.86,0.86
1598,539365901,"01598M15:39:37.418","01598 14:52:20",256.87,803.50,,,,"     ",5.10,6928.00,0.85
1598,539365902,"01598M15:39:38.391","01598 14:52:21",257.04,803.46,,,,"     ",5.10,6920.74,0.85
1598,539365903,"01598M15:39:39.365","01598 14:52:22",257.19,803.50,,,,"     ",5.10,6863.77,0.84
1598,539365904,"01598M15:39:40.338","01598 14:52:23",257.32,803.51,,,,"     ",5.10,6926.57,0.85
1598,539365905,"01598M15:39:41.311","01598 14:52:24",257.42,803.49,,,,"     ",5.10,6954.54,0.85
1598,539365906,"01598M15:39:42.284","01598 14:52:25",257.50,803.51,,,,"     ",5.10,6967.44,0.85
1598,539365907,"01598M15:39:43.258","01598 14:52:26",257.56,803.47,,,,"     ",5.10,6893.47,0.84
1598,539365908,"01598M15:39:44.231","01598 14:52:27",257.60,803.50,,,,"     ",5.10,6904.25,0.84
1598,539365909,"01598M15:39:45.204","01598 14:52:28",257.61,803.52,,,,"     ",5.10,6863.56,0.84
1598,539365910,"01598M15:39:46.177","01598 14:52:29",257.61,803.54,,,,"     ",5.10,6847.40,0.84
1598,539365911,"01598M15:39:47.151","01598 14:52:30",257.59,803.51,,,,"     ",5.10,6933.51,0.85
1598,539365912,"01598M15:39:48.124","01598 14:52:31",257.55,803.47,,,,"     ",5.10,6893.16,0.84
1598,539365913,"01598M15:39:49.097","01598 14:52:32",257.47,803.48,,,,"     ",5.10,6916.37,0.85
1598,539365914,"01598M15:39:50.070","01598 14:52:33",257.37,803.50,,,,"     ",5.10,6879.89,0.84
1598,539365915,"01598M15:39:51.044","01598 14:52:34",257.25,803.58,,,,"     ",5.10,6893.42,0.84
1598,539365916,"01598M15:39:52.017","01598 14:52:35",257.13,803.53,,,,"     ",5.10,6838.98,0.84
1598,539365917,"01598M15:39:52.990","01598 14:52:36",257.02,803.50,,,,"     ",5.10,6890.06,0.84
1598,539365918,"01598M15:39:53.963","01598 14:52:37",256.92,803.46,,,,"     ",5.10,6822.54,0.84
1598,539365919,"01598M15:39:54.937","01598 14:52:37",256.83,803.49,,,,"     ",5.10,6828.31,0.84
1598,539365920,"01598M15:39:55.910","01598 14:52:38",256.75,803.40,,,,"     ",5.10,6905.72,0.85
1598,539365921,"01598M15:39:56.883","01598 14:52:39",256.70,803.47,,,,"     ",5.10,6885.53,0.84
1598,539365922,"01598M15:39:57.856","01598 14:52:40",256.68,803.53,,,,"     ",5.10,6892.31,0.85
1598,539365923,"01598M15:39:58.830","01598 14:52:41",256.69,803.53,,,,"     ",5.10,6866.16,0.84
1598,539365924,"01598M15:39:59.803","01598 14:52:42",256.73,803.43,,,,"     ",5.10,6939.36,0.85
1598,539365925,"01598M15:40:00.776","01598 14:52:43",256.78,803.45,,,,"     ",5.10,6919.38,0.85
1598,539365926,"01598M15:40:01.749","01598 14:52:44",256.85,803.51,,,,"     ",5.10,6900.17,0.85
1598,539365927,"01598M15:40:02.723","01598 14:52:45",256.92,803.42,,,,"     ",5.10,6897.96,0.85
1598,539365928,"01598M15:40:03.696","01598 14:52:46",257.00,803.50,,,,"     ",5.10,6873.58,0.84
1598,539365929,"01598M15:40:04.669","01598 14:52:47",257.08,803.49,,,,"     ",5.10,6891.66,0.85
1598,539365930,"01598M15:40:05.642","01598 14:52:48",257.15,803.45,,,,"     ",5.10,6835.00,0.84
1598,539365931,"01598M15:40:06.616","01598 14:52:49",257.22,803.50,,,,"     ",5.10,6832.05,0.84
1598,539365932,"01598M15:40:07.589","01598 14:52:50",257.26,803.42,,,,"     ",5.10,6864.84,0.84
1598,539365933,"01598M15:40:08.562","01598 14:52:51",257.28,803.45,,,,"     ",5.10,6973.86,0.86
1598,539365934,"01598M15:40:09.535","01598 14:52:52",257.29,803.46,,,,"     ",5.10,6889.60,0.85
1598,539365935,"01598M15:40:10.509","01598 14:52:53",257.27,803.46,,,,"     ",5.10,6909.31,0.85
1598,539365936,"01598M15:40:11.482","01598 14:52:54",257.25,803.46,,,,"     ",5.10,6811.95,0.84
1598,539365937,"01598M15:40:12.455","01598 14:52:55",257.22,803.45,,,,"     ",5.10,7033.28,0.86
1598,539365938,"01598M15:40:13.428","01598 14:52:56",257.19,803.39,,,,"     ",5.10,6902.94,0.85
1598,539365939,"01598M15:40:14.402","01598 14:52:57",257.18,803.44,,,,"     ",5.10,6895.89,0.85
1598,539365940,"01598M15:40:15.375","01598 14:52:58",257.17,803.49,,,,"     ",5.10,6836.90,0.84
1598,539365941,"01598M15:40:16.348","01598 14:52:59",257.18,803.45,,,,"     ",5.10,6897.48,0.85
1598,539365942,"01598M15:40:17.321","01598 14:53:00",257.19,803.41,,,,"     ",5.10,6858.42,0.84
1598,539365943,"01598M15:40:18.295","01598 14:53:01",257.20,803.42,,,,"     ",5.10,6917.14,0.85
1598,539365944,"01598M15:40:19.268","01598 14:53:02",257.22,803.41,,,,"     ",5.10,6864.08,0.84
1598,539365945,"01598M15:40:20.241","01598 14:53:03",257.25,803.43,,,,"     ",5.10,6877.47,0.85
1598,539365946,"01598M15:40:21.214","01598 14:53:04",257.28,803.50,,,,"     ",5.10,7004.65,0.86
1598,539365947,"01598M15:40:22.188","01598 14:53:05",257.32,803.42,,,,"     ",5.10,6804.49,0.84
1598,539365948,"01598M15:40:23.161","01598 14:53:06",257.34,803.39,,,,"     ",5.10,6937.85,0.85
1598,539365949,"01598M15:40:24.134","01598 14:53:07",257.35,803.39,,,,"     ",5.10,6964.23,0.86
1598,539365950,"01598M15:40:25.107","01598 14:53:08",257.34,803.37,,,,"     ",5.10,6946.96,0.85
1598,539365951,"01598M15:40:26.081","01598 14:53:09",257.31,803.35,,,,"     ",5.10,6857.04,0.84
1598,539365952,"01598M15:40:27.054","01598 14:53:10",257.27,803.42,,,,"     ",5.10,6903.87,0.85
1598,539365953,"01598M15:40:28.027","01598 14:53:11",257.21,803.36,,,,"     ",5.10,6957.57,0.86
1598,539365954,"01598M15:40:29.000","01598 14:53:12",257.14,803.44,,,,"     ",5.10,6944.92,0.85
1598,539365955,"01598M15:40:29.974","01598 14:53:13",257.06,803.39,,,,"     ",5.10,6850.10,0.84
1598,539365956,"01598M15:40:30.947","01598 14:53:14",257.00,803.41,,,,"     ",5.10,6821.28,0.84
1598,539365957,"01598M15:40:31.920","01598 14:53:14",256.95,803.45,,,,"     ",5.10,6874.45,0.85
1598,539365958,"01598M15:40:32.893","01598 14:53:15",256.92,803.45,,,,"     ",5.10,6877.86,0.85
1598,539365959,"01598M15:40:33.867","01598 14:53:16",256.90,803.52,,,,"     ",5.10,6936.10,0.85
1598,539365960,"01598M15:40:34.840","01598 14:53:17",256.90,803.45,,,,"     ",5.10,6815.22,0.84
1598,539365961,"01598M15:40:35.813","01598 14:53:18",256.90,803.38,,,,"     ",5.10,6807.04,0.84
1598,539365962,"01598M15:40:36.786","01598 14:53:19",256.89,803.39,,,,"     ",5.10,6856.70,0.84
1598,539365963,"01598M15:40:37.760","01598 14:53:20",256.90,803.44,,,,"     ",5.10,6867.92,0.85
1598,539365964,"01598M15:40:38.733","01598 14:53:21",256.90,803.38,,,,"     ",5.10,6811.85,0.84
1598,539365965,"01598M15:40:39.706","01598 14:53:22",256.92,803.34,,,,"     ",5.10,6868.41,0.85
1598,539365966,"01598M15:40:40.679","01598 14:53:23",256.94,803.32,,,,"     ",5.10,6876.42,0.85
1598,539365967,"01598M15:40:41.653","01598 14:53:24",256.97,803.38,,,,"     ",5.10,6877.55,0.85
1598,539365968,"01598M15:40:42.626","01598 14:53:25",257.02,803.34,,,,"     ",5.10,6796.50,0.84
1598,539365969,"01598M15:40:43.599","01598 14:53:26",257.07,803.38,,,,"     ",5.10,6892.89,0.85
1598,539365970,"01598M15:40:44.573","01598 14:53:27",257.13,803.35,,,,"     ",5.10,6864.55,0.85
1598,539365971,"01598M15:40:45.546","01598 14:53:28",257.19,803.47,,,,"     ",5.10,6829.59,0.84
1598,539365972,"01598M15:40:46.519","01598 14:53:29",257.28,803.40,,,,"     ",5.10,6843.47,0.84
1598,539365973,"01598M15:40:47.492","01598 14:53:30",257.37,803.52,,,,"     ",5.10,6832.62,0.84
1598,539365974,"01598M15:40:48.466","01598 14:53:31",257.48,803.41,,,,"     ",5.10,6822.89,0.84
1598,539365975,"01598M15:40:49.439","01598 14:53:32",257.62,803.42,,,,"     ",5.10,6949.45,0.86
1598,539365976,"01598M15:40:50.412","01598 14:53:33",257.76,803.26,,,,"     ",5.10,6795.28,0.84
1598,539365977,"01598M15:40:51.385","01598 14:53:34",257.93,803.29,,,,"     ",5.10,6792.56,0.84
1598,539365978,"01598M15:40:52.359","01598 14:53:35",258.10,803.27,,,,"     ",5.10,6883.97,0.85
1598,539365979,"01598M15:40:53.332","01598 14:53:36",258.29,803.36,,,,"     ",5.10,6901.27,0.85
1598,539365980,"01598M15:40:54.305","01598 14:53:37",258.47,803.36,,,,"     ",5.10,6897.49,0.85
1598,539365981,"01598M15:40:55.278","01598 14:53:38",258.65,803.34,,,,"     ",5.10,6931.23,0.85
1598,539365982,"01598M15:40:56.252","01598 14:53:39",258.83,803.36,,,,"     ",5.10,6730.91,0.83
1598,539365983,"01598M15:40:57.225","01598 14:53:40",258.99,803.33,,,,"     ",5.10,6885.81,0.85
1598,539365984,"01598M15:40:58.198","01598 14:53:41",259.15,803.32,,,,"     ",5.10,6871.47,0.85
1598,539365985,"01598M15:40:59.171","01598 14:53:42",259.30,803.23,,,,"     ",5.10,6902.35,0.85
1598,539365986,"01598M15:41:00.145","01598 14:53:43",259.43,803.25,,,,"     ",5.10,6907.57,0.85
1598,539365987,"01598M15:41:01.118","01598 14:53:44",259.53,803.33,,,,"     ",5.10,6801.33,0.84
1598,539365988,"01598M15:41:02.091","01598 14:53:45",259.62,803.29,,,,"     ",5.10,6954.37,0.86
1598,539365989,"01598M15:41:03.064","01598 14:53:46",259.69,803.29,,,,"     ",5.10,6883.60,0.85
1598,539365990,"01598M15:41:04.038","01598 14:53:47",259.73,803.31,,,,"     ",5.10,6827.52,0.84
1598,539365991,"01598M15:41:05.011","01598 14:53:48",259.75,803.27,,,,"     ",5.10,6865.13,0.84
1598,539365992,"01598M15:41:05.984","01598 14:53:49",259.76,803.32,,,,"     ",5.10,6783.73,0.83
1598,539365993,"01598M15:41:06.957","01598 14:53:50",259.75,803.31,,,,"     ",5.10,6868.70,0.85
1598,539365994,"01598M15:41:07.931","01598 14:53:50",259.73,803.33,,,,"     ",5.10,6856.61,0.84
1598,539365995,"01598M15:41:08.904","01598 14:53:51",259.70,803.32,,,,"     ",5.10,6795.52,0.84
1598,539365996,"01598M15:41:09.877","01598 14:53:52",259.67,803.34,,,,"     ",5.10,6827.20,0.84
1598,539365997,"01598M15:41:10.850","01598 14:53:53",259.64,803.29,,,,"     ",5.10,6938.69,0.85
1598,539365998,"01598M15:41:11.824","01598 14:53:54",259.62,803.22,,,,"     ",5.10,6895.94,0.85
1598,539365999,"01598M15:41:12.797","01598 14:53:55",259.59,803.31,,,,"     ",5.10,6889.98,0.85
1598,539366000,"01598M15:41:13.770","01598 14:53:56",259.56,803.29,,,,"     ",5.10,6887.38,0.85
1598,539366001,"01598M15:41:14.743","01598 14:53:57",259.52,803.38,,,,"     ",5.10,6886.89,0.85
1598,539366002,"01598M15:41:15.717","01598 14:53:58",259.48,803.31,,,,"     ",5.10,6839.37,0.84
1598,539366003,"01598M15:41:16.690","01598 14:53:59",259.43,803.32,,,,"     ",5.10,6920.14,0.85
1598,539366004,"01598M15:41:17.663","01598 14:54:00",259.39,803.34,,,,"     ",5.10,6858.14,0.84
1598,539366005,"01598M15:41:18.636","01598 14:54:01",259.37,803.29,,,,"     ",5.10,6816.01,0.84
1598,539366006,"01598M15:41:19.610","01598 14:54:02",259.35,803.26,,,,"     ",5.10,6918.48,0.85
1598,539366007,"01598M15:41:20.583","01598 14:54:03",259.35,803.24,,,,"     ",5.10,6873.10,0.84
1598,539366008,"01598M15:41:21.556","01598 14:54:04",259.37,803.25,,,,"     ",5.10,6841.53,0.84
1598,539366009,"01598M15:41:22.529","01598 14:54:05",259.41,803.31,,,,"     ",5.10,6868.54,0.84
1598,539366010,"01598M15:41:23.503","01598 14:54:06",259.45,803.32,,,,"     ",5.10,6896.28,0.85
1598,539366011,"01598M15:41:24.476","01598 14:54:07",259.50,803.30,,,,"     ",5.10,6869.69,0.84
1598,539366012,"01598M15:41:25.449","01598 14:54:08",259.54,803.29,,,,"     ",5.10,6885.62,0.85
1598,539366013,"01598M15:41:26.422","01598 14:54:09",259.57,803.32,,,,"     ",5.10,6883.44,0.84
1598,539366014,"01598M15:41:27.396","01598 14:54:10",259.58,803.26,,,,"     ",5.10,6792.41,0.83
1598,539366015,"01598M15:41:28.369","01598 14:54:11",259.57,803.26,,,,"     ",5.10,6858.43,0.84
1598,539366016,"01598M15:41:29.342","01598 14:54:12",259.54,803.30,,,,"     ",5.10,6832.66,0.84
1598,539366017,"01598M15:41:30.315","01598 14:54:13",259.48,803.24,,,,"     ",5.10,6900.52,0.85
1598,539366018,"01598M15:41:31.289","01598 14:54:14",259.41,803.28,,,,"     ",5.10,6812.05,0.83
1598,539366019,"01598M15:41:32.262","01598 14:54:15",259.33,803.22,,,,"     ",5.10,6950.87,0.85
1598,539366020,"01598M15:41:33.235","01598 14:54:16",259.24,803.31,,,,"     ",5.10,6996.43,0.86
1598,539366021,"01598M15:41:34.208","01598 14:54:17",259.14,803.35,,,,"     ",5.10,6915.37,0.85
1598,539366022,"01598M15:41:35.182","01598 14:54:18",259.05,803.31,,,,"     ",5.10,6970.79,0.85
1598,539366023,"01598M15:41:36.155","01598 14:54:19",258.97,803.30,,,,"     ",5.10,6888.57,0.84
1598,539366024,"01598M15:41:37.128","01598 14:54:20",258.90,803.37,,,,"     ",5.10,6818.21,0.83
1598,539366025,"01598M15:41:38.101","01598 14:54:21",258.85,803.30,,,,"     ",5.10,6926.14,0.85
1598,539366026,"01598M15:41:39.075","01598 14:54:22",258.80,803.29,,,,"     ",5.10,6852.07,0.84
1598,539366027,"01598M15:41:40.048","01598 14:54:23",258.78,803.27,,,,"     ",5.10,6898.16,0.84
1598,539366028,"01598M15:41:41.021","01598 14:54:24",258.77,803.25,,,,"     ",5.10,6870.06,0.84
1598,539366029,"01598M15:41:41.994","01598 14:54:25",258.76,803.28,,,,"     ",5.10,6915.34,0.85
1598,539366030,"01598M15:41:42.968","01598 14:54:26",258.76,803.20,,,,"     ",5.10,6773.51,0.83
1598,539366031,"01598M15:41:43.941","01598 14:54:26",258.75,803.15,,,,"     ",5.10,6818.47,0.83
1598,539366032,"01598M15:41:44.914","01598 14:54:27",258.74,803.18,,,,"     ",5.10,6911.46,0.85
1598,539366033,"01598M15:41:45.887","01598 14:54:28",258.72,803.22,,,,"     ",5.10,6892.77,0.84
1598,539366034,"01598M15:41:46.861","01598 14:54:29",258.68,803.19,,,,"     ",5.10,6872.83,0.84
1598,539366035,"01598M15:41:47.834","01598 14:54:30",258.65,803.23,,,,"     ",5.10,6825.66,0.83
1598,539366036,"01598M15:41:48.807","01598 14:54:31",258.60,803.23,,,,"     ",5.10,6919.23,0.85
1598,539366037,"01598M15:41:49.780","01598 14:54:32",258.54,803.24,,,,"     ",5.10,6893.22,0.84
1598,539366038,"01598M15:41:50.754","01598 14:54:33",258.48,803.18,,,,"     ",5.10,6756.72,0.83
1598,539366039,"01598M15:41:51.727","01598 14:54:34",258.41,803.20,,,,"     ",5.10,6894.81,0.84
1598,539366040,"01598M15:41:52.700","01598 14:54:35",258.34,803.18,,,,"     ",5.10,6883.65,0.84
1598,539366041,"01598M15:41:53.674","01598 14:54:36",258.27,803.15,,,,"     ",5.10,6861.98,0.84
1598,539366042,"01598M15:41:54.647","01598 14:54:37",258.20,803.28,,,,"     ",5.10,6933.68,0.85
1598,539366043,"01598M15:41:55.620","01598 14:54:38",258.13,803.16,,,,"     ",5.10,6948.31,0.85
1598,539366044,"01598M15:41:56.593","01598 14:54:39",258.07,803.15,,,,"     ",5.10,6892.12,0.84
1598,539366045,"01598M15:41:57.567","01598 14:54:40",258.02,803.25,,,,"     ",5.10,6848.91,0.84
1598,539366046,"01598M15:41:58.540","01598 14:54:41",257.97,803.21,,,,"     ",5.10,6855.23,0.84
1598,539366047,"01598M15:41:59.513","01598 14:54:42",257.93,803.20,,,,"     ",5.10,6937.27,0.85
1598,539366048,"01598M15:42:00.486","01598 14:54:43",257.90,803.19,,,,"     ",5.10,6807.05,0.83
1598,539366049,"01598M15:42:01.460","01598 14:54:44",257.88,803.20,,,,"     ",5.10,6824.05,0.83
1598,539366050,"01598M15:42:02.433","01598 14:54:45",257.85,803.28,,,,"     ",5.10,6841.36,0.84
1598,539366051,"01598M15:42:03.406","01598 14:54:46",257.81,803.26,,,,"     ",5.10,6847.67,0.84
1598,539366052,"01598M15:42:04.379","01598 14:54:47",257.78,803.15,,,,"     ",5.10,6857.42,0.84
1598,539366053,"01598M15:42:05.353","01598 14:54:48",257.74,803.12,,,,"     ",5.10,6816.88,0.83
1598,539366054,"01598M15:42:06.326","01598 14:54:49",257.70,803.11,,,,"     ",5.10,6883.73,0.84
1598,539366055,"01598M15:42:07.299","01598 14:54:50",257.66,803.21,,,,"     ",5.10,6981.11,0.86
1598,539366056,"01598M15:42:08.272","01598 14:54:51",257.63,803.10,,,,"     ",5.10,6878.66,0.84
1598,539366057,"01598M15:42:09.246","01598 14:54:52",257.60,803.07,,,,"     ",5.10,6779.23,0.83
1598,539366058,"01598M15:42:10.219","01598 14:54:53",257.58,803.04,,,,"     ",5.10,6787.45,0.83
1598,539366059,"01598M15:42:11.192","01598 14:54:54",257.56,803.10,,,,"     ",5.10,6867.06,0.84
1598,539366060,"01598M15:42:12.165","01598 14:54:55",257.55,803.04,,,,"     ",5.10,6839.58,0.84
1598,539366061,"01598M15:42:13.139","01598 14:54:56",257.54,803.12,,,,"     ",5.10,6842.32,0.84
1598,539366062,"01598M15:42:14.112","01598 14:54:57",257.54,803.10,,,,"     ",5.10,6899.12,0.85
1598,539366063,"01598M15:42:15.085","01598 14:54:58",257.53,803.18,,,,"     ",5.10,6889.43,0.85
1598,539366064,"01598M15:42:16.058","01598 14:54:59",257.51,803.15,,,,"     ",5.10,6874.81,0.85
1598,539366065,"01598M15:42:17.032","01598 14:55:00",257.50,803.13,,,,"     ",5.10,6856.75,0.84
1598,539366066,"01598M15:42:18.005","01598 14:55:01",257.47,803.17,,,,"     ",5.10,6831.75,0.84
1598,539366067,"01598M15:42:18.978","01598 14:55:02",257.44,803.13,,,,"     ",5.10,6748.36,0.83
1598,539366068,"01598M15:42:19.951","01598 14:55:02",257.41,803.05,,,,"     ",5.10,6883.23,0.85
1598,539366069,"01598M15:42:20.925","01598 14:55:03",257.37,803.11,,,,"     ",5.10,6757.13,0.83
1598,539366070,"01598M15:42:21.898","01598 14:55:04",257.33,803.15,,,,"     ",5.10,6704.65,0.83
1598,539366071,"01598M15:42:22.871","01598 14:55:05",257.29,803.09,,,,"     ",5.10,6815.77,0.84
1598,539366072,"01598M15:42:23.844","01598 14:55:06",257.28,803.18,,,,"     ",5.10,6868.91,0.85
1598,539366073,"01598M15:42:24.818","01598 14:55:07",257.27,803.03,,,,"     ",5.10,6806.88,0.84
1598,539366074,"01598M15:42:25.791","01598 14:55:08",257.29,803.16,,,,"     ",5.10,6647.56,0.82
1598,539366075,"01598M15:42:26.764","01598 14:55:09",257.32,803.03,,,,"     ",5.10,6796.16,0.84
1598,539366076,"01598M15:42:27.737","01598 14:55:10",257.37,803.04,,,,"     ",5.10,6813.73,0.84
1598,539366077,"01598M15:42:28.711","01598 14:55:11",257.43,803.09,,,,"     ",5.10,6802.14,0.84
1598,539366078,"01598M15:42:29.684","01598 14:55:12",257.50,803.15,,,,"     ",5.10,6683.53,0.83
1598,539366079,"01598M15:42:30.657","01598 14:55:13",257.58,803.10,,,,"     ",5.10,6851.13,0.85
1598,539366080,"01598M15:42:31.630","01598 14:55:14",257.66,803.01,,,,"     ",5.10,6816.60,0.85
1598,539366081,"01598M15:42:32.604","01598 14:55:15",257.75,803.15,,,,"     ",5.10,6728.88,0.83
1598,539366082,"01598M15:42:33.577","01598 14:55:16",257.84,803.11,,,,"     ",5.10,6799.87,0.84
1598,539366083,"01598M15:42:34.550","01598 14:55:17",257.93,803.06,,,,"     ",5.10,6722.57,0.83
1598,539366084,"01598M15:42:35.523","01598 14:55:18",258.02,803.02,,,,"     ",5.10,6702.92,0.83
1598,539366085,"01598M15:42:36.497","01598 14:55:19",258.10,803.01,,,,"     ",5.10,6667.42,0.83
1598,539366086,"01598M15:42:37.470","01598 14:55:20",258.17,803.09,,,,"     ",5.10,6742.10,0.84
1598,539366087,"01598M15:42:38.443","01598 14:55:21",258.22,803.12,,,,"     ",5.10,6802.37,0.85
1598,539366088,"01598M15:42:39.416","01598 14:55:22",258.25,803.18,,,,"     ",5.10,6689.14,0.83
1598,539366089,"01598M15:42:40.390","01598 14:55:23",258.25,803.05,,,,"     ",5.10,6734.57,0.84
1598,539366090,"01598M15:42:41.363","01598 14:55:24",258.23,803.13,,,,"     ",5.10,6669.99,0.83
1598,539366091,"01598M15:42:42.336","01598 14:55:25",258.18,803.10,,,,"     ",5.10,6701.64,0.83
1598,539366092,"01598M15:42:43.309","01598 14:55:26",258.12,803.03,,,,"     ",5.10,6879.31,0.86
1598,539366093,"01598M15:42:44.283","01598 14:55:27",258.05,803.12,,,,"     ",5.10,6816.69,0.85
1598,539366094,"01598M15:42:45.256","01598 14:55:28",257.96,803.04,,,,"     ",5.10,6755.54,0.84
1598,539366095,"01598M15:42:46.229","01598 14:55:29",257.86,803.03,,,,"     ",5.10,6715.16,0.84
1598,539366096,"01598M15:42:47.202","01598 14:55:30",257.76,803.17,,,,"     ",5.10,6753.42,0.84
1598,539366097,"01598M15:42:48.176","01598 14:55:31",257.65,803.14,,,,"     ",5.10,6756.20,0.84
1598,539366098,"01598M15:42:49.149","01598 14:55:32",257.55,803.16,,,,"     ",5.10,6725.01,0.84
1598,539366099,"01598M15:42:50.122","01598 14:55:33",257.46,803.13,,,,"     ",5.10,6748.51,0.84
1598,539366100,"01598M15:42:51.095","01598 14:55:34",257.39,803.15,,,,"     ",5.10,6852.22,0.85
1598,539366101,"01598M15:42:52.069","01598 14:55:35",257.34,803.09,,,,"     ",5.10,6712.47,0.84
1598,539366102,"01598M15:42:53.042","01598 14:55:36",257.30,803.14,,,,"     ",5.10,6697.67,0.83
1598,539366103,"01598M15:42:54.015","01598 14:55:37",257.26,803.06,,,,"     ",5.10,6739.36,0.84
1598,539366104,"01598M15:42:54.988","01598 14:55:38",257.23,803.05,,,,"     ",5.10,6872.87,0.86
1598,539366105,"01598M15:42:55.962","01598 14:55:38",257.19,803.02,,,,"     ",5.10,6778.39,0.84
1598,539366106,"01598M15:42:56.935","01598 14:55:39",257.16,802.99,,,,"     ",5.10,6773.85,0.84
1598,539366107,"01598M15:42:57.908","01598 14:55:40",257.11,803.03,,,,"     ",5.10,6769.84,0.84
1598,539366108,"01598M15:42:58.881","01598 14:55:41",257.07,803.06,,,,"     ",5.10,6807.10,0.85
1598,539366109,"01598M15:42:59.855","01598 14:55:42",257.04,803.08,,,,"     ",5.10,6743.90,0.84
1598,539366110,"01598M15:43:00.828","01598 14:55:43",257.02,803.08,,,,"     ",5.10,6726.73,0.84
1598,539366111,"01598M15:43:01.801","01598 14:55:44",257.00,803.04,,,,"     ",5.10,6786.03,0.84
1598,539366112,"01598M15:43:02.775","01598 14:55:45",257.00,803.07,,,,"     ",5.10,6730.77,0.84
1598,539366113,"01598M15:43:03.748","01598 14:55:46",257.01,803.15,,,,"     ",5.10,6756.59,0.84
1598,539366114,"01598M15:43:04.721","01598 14:55:47",257.02,803.06,,,,"     ",5.10,6767.00,0.84
1598,539366115,"01598M15:43:05.694","01598 14:55:48",257.02,803.12,,,,"     ",5.10,6704.59,0.83
1598,539366116,"01598M15:43:06.668","01598 14:55:49",257.03,803.09,,,,"     ",5.10,6705.40,0.83
1598,539366117,"01598M15:43:07.641","01598 14:55:50",257.03,803.07,,,,"     ",5.10,6818.45,0.85
1598,539366118,"01598M15:43:08.614","01598 14:55:51",257.03,803.11,,,,"     ",5.10,6790.80,0.84
1598,539366119,"01598M15:43:09.587","01598 14:55:52",257.02,803.01,,,,"     ",5.10,6667.05,0.83
1598,539366120,"01598M15:43:10.561","01598 14:55:53",256.99,803.07,,,,"     ",5.10,6848.08,0.85
1598,539366121,"01598M15:43:11.534","01598 14:55:54",256.96,803.05,,,,"     ",5.10,6748.32,0.84
1598,539366122,"01598M15:43:12.507","01598 14:55:55",256.92,803.02,,,,"     ",5.10,6818.76,0.85
1598,539366123,"01598M15:43:13.480","01598 14:55:56",256.88,803.05,,,,"     ",5.10,6731.43,0.84
1598,539366124,"01598M15:43:14.454","01598 14:55:57",256.83,803.04,,,,"     ",5.10,6647.62,0.83
1598,539366125,"01598M15:43:15.427","01598 14:55:58",256.79,803.05,,,,"     ",5.10,6761.08,0.84
1598,539366126,"01598M15:43:16.400","01598 14:55:59",256.75,802.99,,,,"     ",5.10,6817.13,0.85
1598,539366127,"01598M15:43:17.373","01598 14:56:00",256.72,803.02,,,,"     ",5.10,6812.52,0.85
1598,539366128,"01598M15:43:18.347","01598 14:56:01",256.70,802.93,,,,"     ",5.10,6775.57,0.84
1598,539366129,"01598M15:43:19.320","01598 14:56:02",256.70,802.99,,,,"     ",5.10,6843.68,0.85
1598,539366130,"01598M15:43:20.293","01598 14:56:03",256.71,802.94,,,,"     ",5.10,6810.75,0.85
1598,539366131,"01598M15:43:21.266","01598 14:56:04",256.72,803.00,,,,"     ",5.10,6786.46,0.84
1598,539366132,"01598M15:43:22.240","01598 14:56:05",256.73,803.01,,,,"     ",5.10,6730.57,0.84
1598,539366133,"01598M15:43:23.213","01598 14:56:06",256.75,802.99,,,,"     ",5.10,6810.86,0.85
1598,539366134,"01598M15:43:24.186","01598 14:56:07",256.75,803.01,,,,"     ",5.10,6790.23,0.84
1598,539366135,"01598M15:43:25.159","01598 14:56:08",256.76,803.07,,,,"     ",5.10,6799.24,0.84
1598,539366136,"01598M15:43:26.133","01598 14:56:09",256.77,803.02,,,,"     ",5.10,6853.05,0.85
1598,539366137,"01598M15:43:27.106","01598 14:56:10",256.77,803.08,,,,"     ",5.10,6807.65,0.85
1598,539366138,"01598M15:43:28.079","01598 14:56:11",256.78,803.04,,,,"     ",5.10,6723.40,0.83
1598,539366139,"01598M15:43:29.052","01598 14:56:12",256.79,803.03,,,,"     ",5.10,6742.26,0.84
1598,539366140,"01598M15:43:30.026","01598 14:56:13",256.79,802.94,,,,"     ",5.10,6816.92,0.85
1598,539366141,"01598M15:43:30.999","01598 14:56:14",256.80,802.95,,,,"     ",5.10,6749.66,0.84
1598,539366142,"01598M15:43:31.972","01598 14:56:14",256.81,802.93,,,,"     ",5.10,6734.91,0.84
1598,539366143,"01598M15:43:32.945","01598 14:56:15",256.81,802.94,,,,"     ",5.10,6819.57,0.85
1598,539366144,"01598M15:43:33.919","01598 14:56:16",256.83,802.93,,,,"     ",5.10,6784.01,0.84
1598,539366145,"01598M15:43:34.892","01598 14:56:17",256.85,802.98,,,,"     ",5.10,6817.16,0.85
1598,539366146,"01598M15:43:35.865","01598 14:56:18",256.86,803.00,,,,"     ",5.10,6852.01,0.85
1598,539366147,"01598M15:43:36.838","01598 14:56:19",256.87,802.98,,,,"     ",5.10,6730.79,0.83
1598,539366148,"01598M15:43:37.812","01598 14:56:20",256.87,802.96,,,,"     ",5.10,6756.46,0.84
1598,539366149,"01598M15:43:38.785","01598 14:56:21",256.86,802.96,,,,"     ",5.10,6714.60,0.83
1598,539366150,"01598M15:43:39.758","01598 14:56:22",256.85,802.90,,,,"     ",5.10,6807.22,0.84
1598,539366151,"01598M15:43:40.731","01598 14:56:23",256.83,802.89,,,,"     ",5.10,6764.56,0.84
1598,539366152,"01598M15:43:41.705","01598 14:56:24",256.81,802.87,,,,"     ",5.10,6744.32,0.84
1598,539366153,"01598M15:43:42.678","01598 14:56:25",256.80,802.85,,,,"     ",5.10,6808.00,0.84
1598,539366154,"01598M15:43:43.651","01598 14:56:26",256.80,802.83,,,,"     ",5.10,6743.83,0.84
1598,539366155,"01598M15:43:44.624","01598 14:56:27",256.81,802.88,,,,"     ",5.10,6828.33,0.85
1598,539366156,"01598M15:43:45.598","01598 14:56:28",256.83,802.89,,,,"     ",5.10,6751.66,0.84
1598,539366157,"01598M15:43:46.571","01598 14:56:29",256.85,802.93,,,,"     ",5.10,6732.68,0.83
1598,539366158,"01598M15:43:47.544","01598 14:56:30",256.87,802.99,,,,"     ",5.10,6800.27,0.84
1598,539366159,"01598M15:43:48.517","01598 14:56:31",256.89,802.97,,,,"     ",5.10,6751.92,0.84
1598,539366160,"01598M15:43:49.491","01598 14:56:32",256.92,802.90,,,,"     ",5.10,6724.00,0.83
1598,539366161,"01598M15:43:50.464","01598 14:56:33",256.94,802.94,,,,"     ",5.10,6808.19,0.85
1598,539366162,"01598M15:43:51.437","01598 14:56:34",256.96,802.90,,,,"     ",5.10,6770.79,0.84
1598,539366163,"01598M15:43:52.410","01598 14:56:35",256.98,802.88,,,,"     ",5.10,6769.71,0.84
1598,539366164,"01598M15:43:53.384","01598 14:56:36",256.99,802.89,,,,"     ",5.10,6748.65,0.84
1598,539366165,"01598M15:43:54.357","01598 14:56:37",257.00,802.91,,,,"     ",5.10,6781.49,0.84
1598,539366166,"01598M15:43:55.330","01598 14:56:38",256.99,802.79,,,,"     ",5.10,6783.26,0.84
1598,539366167,"01598M15:43:56.303","01598 14:56:39",256.98,802.79,,,,"     ",5.10,6755.20,0.84
1598,539366168,"01598M15:43:57.277","01598 14:56:40",256.97,802.77,,,,"     ",5.10,6847.91,0.85
1598,539366169,"01598M15:43:58.250","01598 14:56:41",256.97,802.86,,,,"     ",5.10,6872.52,0.85
1598,539366170,"01598M15:43:59.223","01598 14:56:42",256.97,802.81,,,,"     ",5.10,6772.74,0.84
1598,539366171,"01598M15:44:00.196","01598 14:56:43",256.99,802.76,,,,"     ",5.10,6751.26,0.84
1598,539366172,"01598M15:44:01.170","01598 14:56:44",257.01,802.72,,,,"     ",5.10,6751.53,0.84
1598,539366173,"01598M15:44:02.143","01598 14:56:45",257.04,802.74,,,,"     ",5.10,6861.90,0.85
1598,539366174,"01598M15:44:03.116","01598 14:56:46",257.07,802.71,,,,"     ",5.10,6673.03,0.83
1598,539366175,"01598M15:44:04.089","01598 14:56:47",257.10,802.76,,,,"     ",5.10,6737.33,0.84
1598,539366176,"01598M15:44:05.063","01598 14:56:48",257.11,802.78,,,,"     ",5.10,6684.48,0.83
1598,539366177,"01598M15:44:06.036","01598 14:56:49",257.12,802.81,,,,"     ",5.10,6767.89,0.84
1598,539366178,"01598M15:44:07.009","01598 14:56:50",257.12,802.85,,,,"     ",5.10,6642.57,0.83
1598,539366179,"01598M15:44:07.982","01598 14:56:50",257.11,802.82,,,,"     ",5.10,6695.79,0.83
1598,539366180,"01598M15:44:08.956","01598 14:56:51",257.10,802.79,,,,"     ",5.10,6736.43,0.84
1598,539366181,"01598M15:44:09.929","01598 14:56:52",257.07,802.83,,,,"     ",5.10,6720.95,0.84
1598,539366182,"01598M15:44:10.902","01598 14:56:53",257.04,802.91,,,,"     ",5.10,6660.09,0.83
1598,539366183,"01598M15:44:11.876","01598 14:56:54",257.00,802.91,,,,"     ",5.10,6752.96,0.84
1598,539366184,"01598M15:44:12.849","01598 14:56:55",256.96,802.90,,,,"     ",5.10,6685.53,0.83
1598,539366185,"01598M15:44:13.822","01598 14:56:56",256.93,802.74,,,,"     ",5.10,6792.61,0.85
1598,539366186,"01598M15:44:14.795","01598 14:56:57",256.91,802.80,,,,"     ",5.10,6641.23,0.83
1598,539366187,"01598M15:44:15.769","01598 14:56:58",256.89,802.77,,,,"     ",5.10,6714.90,0.84
1598,539366188,"01598M15:44:16.742","01598 14:56:59",256.88,802.79,,,,"     ",5.10,6638.94,0.83
1598,539366189,"01598M15:44:17.715","01598 14:57:00",256.87,802.81,,,,"     ",5.10,6751.85,0.84
1598,539366190,"01598M15:44:18.688","01598 14:57:01",256.87,802.81,,,,"     ",5.10,6741.62,0.84
1598,539366191,"01598M15:44:19.662","01598 14:57:02",256.88,802.83,,,,"     ",5.10,6645.31,0.83
1598,539366192,"01598M15:44:20.635","01598 14:57:03",256.89,802.81,,,,"     ",5.10,6747.85,0.84
1598,539366193,"01598M15:44:21.608","01598 14:57:04",256.91,802.81,,,,"     ",5.10,6709.66,0.84
1598,539366194,"01598M15:44:22.581","01598 14:57:05",256.94,802.78,,,,"     ",5.10,6753.74,0.85
1598,539366195,"01598M15:44:23.555","01598 14:57:06",256.97,802.74,,,,"     ",5.10,6662.51,0.83
1598,539366196,"01598M15:44:24.528","01598 14:57:07",256.99,802.76,,,,"     ",5.10,6721.71,0.84
1598,539366197,"01598M15:44:25.501","01598 14:57:08",257.00,802.75,,,,"     ",5.10,6660.45,0.83
1598,539366198,"01598M15:44:26.474","01598 14:57:09",257.00,802.78,,,,"     ",5.10,6615.29,0.83
1598,539366199,"01598M15:44:27.448","01598 14:57:10",257.00,802.73,,,,"     ",5.10,6639.25,0.83
1598,539366200,"01598M15:44:28.421","01598 14:57:11",257.00,802.82,,,,"     ",5.10,6760.31,0.85
1598,539366201,"01598M15:44:29.394","01598 14:57:12",256.99,802.75,,,,"     ",5.10,6706.13,0.84
1598,539366202,"01598M15:44:30.367","01598 14:57:13",256.98,802.73,,,,"     ",5.10,6549.94,0.82
1598,539366203,"01598M15:44:31.341","01598 14:57:14",256.96,802.81,,,,"     ",5.10,6642.97,0.83
1598,539366204,"01598M15:44:32.314","01598 14:57:15",256.95,802.72,,,,"     ",5.10,6688.60,0.84
1598,539366205,"01598M15:44:33.287","01598 14:57:16",256.92,802.70,,,,"     ",5.10,6730.52,0.85
1598,539366206,"01598M15:44:34.260","01598 14:57:17",256.90,802.67,,,,"     ",5.10,6719.32,0.84
1598,539366207,"01598M15:44:35.234","01598 14:57:18",256.86,802.69,,,,"     ",5.10,6748.47,0.85
1598,539366208,"01598M15:44:36.207","01598 14:57:19",256.83,802.71,,,,"     ",5.10,6633.65,0.83
1598,539366209,"01598M15:44:37.180","01598 14:57:20",256.67,802.67,,,,"     ",5.10,6644.76,0.84
1598,539366210,"01598M15:44:38.153","01598 14:57:21",256.68,802.71,,,,"     ",5.10,6620.44,0.83
1598,539366211,"01598M15:44:39.127","01598 14:57:22",256.68,802.83,,,,"     ",5.10,6667.58,0.84
1598,539366212,"01598M15:44:40.100","01598 14:57:23",256.68,802.80,,,,"     ",5.10,6674.61,0.84
1598,539366213,"01598M15:44:41.073","01598 14:57:24",256.68,802.82,,,,"     ",5.10,6628.59,0.84
1598,539366214,"01598M15:44:42.046","01598 14:57:25",256.69,802.77,,,,"     ",5.10,6651.21,0.84
1598,539366215,"01598M15:44:43.020","01598 14:57:26",256.69,802.77,,,,"     ",5.10,6705.47,0.85
1598,539366216,"01598M15:44:43.993","01598 14:57:26",256.59,802.89,,,,"     ",5.10,6631.84,0.84
1598,539366217,"01598M15:44:44.966","01598 14:57:27",256.49,802.69,,,,"     ",5.10,6602.02,0.83
1598,539366218,"01598M15:44:45.939","01598 14:57:28",256.39,802.74,,,,"     ",5.10,6616.34,0.84
1598,539366219,"01598M15:44:46.913","01598 14:57:29",256.31,802.74,,,,"     ",5.10,6644.99,0.84
1598,539366220,"01598M15:44:47.886","01598 14:57:30",256.23,802.78,,,,"     ",5.10,6619.22,0.84
1598,539366221,"01598M15:44:48.859","01598 14:57:31",256.17,802.77,,,,"     ",5.10,6672.58,0.84
1598,539366222,"01598M15:44:49.832","01598 14:57:32",256.12,802.77,,,,"     ",5.10,6694.67,0.85
1598,539366223,"01598M15:44:50.806","01598 14:57:33",256.07,802.72,,,,"     ",5.10,6620.24,0.84
1598,539366224,"01598M15:44:51.779","01598 14:57:34",256.02,802.82,,,,"     ",5.10,6639.70,0.84
1598,539366225,"01598M15:44:52.752","01598 14:57:35",256.00,802.79,,,,"     ",5.10,6640.91,0.84
1598,539366226,"01598M15:44:53.725","01598 14:57:36",256.00,802.73,,,,"     ",5.10,6627.88,0.84
1598,539366227,"01598M15:44:54.699","01598 14:57:37",256.04,802.79,,,,"     ",5.10,6590.14,0.84
1598,539366228,"01598M15:44:55.672","01598 14:57:38",256.09,802.79,,,,"     ",5.10,6593.28,0.84
1598,539366229,"01598M15:44:56.645","01598 14:57:39",256.18,802.73,,,,"     ",5.10,6632.45,0.84
1598,539366230,"01598M15:44:57.618","01598 14:57:40",256.29,802.75,,,,"     ",5.10,6641.83,0.84
1598,539366231,"01598M15:44:58.592","01598 14:57:41",256.40,802.83,,,,"     ",5.10,6592.91,0.84
1598,539366232,"01598M15:44:59.565","01598 14:57:42",256.52,802.81,,,,"     ",5.10,6580.90,0.84
1598,539366233,"01598M15:45:00.538","01598 14:57:43",256.65,802.77,,,,"     ",5.10,6593.38,0.84
1598,539366234,"01598M15:45:01.511","01598 14:57:44",256.75,802.76,,,,"     ",5.10,6602.79,0.84
1598,539366235,"01598M15:45:02.485","01598 14:57:45",256.82,802.70,,,,"     ",5.10,6714.23,0.85
1598,539366236,"01598M15:45:03.458","01598 14:57:46",256.86,802.65,,,,"     ",5.10,6614.70,0.84
1598,539366237,"01598M15:45:04.431","01598 14:57:47",256.88,802.77,,,,"     ",5.10,6715.82,0.86
1598,539366238,"01598M15:45:05.404","01598 14:57:48",256.86,802.74,,,,"     ",5.10,6729.15,0.86
1598,539366239,"01598M15:45:06.378","01598 14:57:49",256.81,802.78,,,,"     ",5.10,6690.97,0.85
1598,539366240,"01598M15:45:07.351","01598 14:57:50",256.73,802.74,,,,"     ",5.10,6601.08,0.84
1598,539366241,"01598M15:45:08.324","01598 14:57:51",256.65,802.74,,,,"     ",5.10,6677.27,0.85
1598,539366242,"01598M15:45:09.297","01598 14:57:52",256.58,802.78,,,,"     ",5.10,6549.50,0.83
1598,539366243,"01598M15:45:10.271","01598 14:57:53",256.51,802.81,,,,"     ",5.10,6565.00,0.84
1598,539366244,"01598M15:45:11.244","01598 14:57:54",256.45,802.78,,,,"     ",5.10,6533.03,0.83
1598,539366245,"01598M15:45:12.217","01598 14:57:55",256.44,802.83,,,,"     ",5.10,6544.73,0.83
1598,539366246,"01598M15:45:13.190","01598 14:57:56",256.42,802.77,,,,"     ",5.10,6649.17,0.85
1598,539366247,"01598M15:45:14.164","01598 14:57:57",256.43,802.70,,,,"     ",5.10,6571.83,0.84
1598,539366248,"01598M15:45:15.137","01598 14:57:58",256.45,802.74,,,,"     ",5.10,6654.22,0.85
1598,539366249,"01598M15:45:16.110","01598 14:57:59",256.47,802.78,,,,"     ",5.10,6633.81,0.85
1598,539366250,"01598M15:45:17.083","01598 14:58:00",256.49,802.72,,,,"     ",5.10,6642.45,0.85
1598,539366251,"01598M15:45:18.057","01598 14:58:01",256.50,802.75,,,,"     ",5.10,6642.23,0.85
1598,539366252,"01598M15:45:19.030","01598 14:58:02",256.50,802.71,,,,"     ",5.10,6666.73,0.85
1598,539366253,"01598M15:45:20.003","01598 14:58:02",256.49,802.60,,,,"     ",5.10,6602.61,0.84
1598,539366254,"01598M15:45:20.977","01598 14:58:03",256.47,802.66,,,,"     ",5.10,6622.02,0.84
1598,539366255,"01598M15:45:21.950","01598 14:58:04",256.42,802.80,,,,"     ",5.10,6697.30,0.85
1598,539366256,"01598M15:45:22.923","01598 14:58:05",256.37,802.71,,,,"     ",5.10,6584.39,0.84
1598,539366257,"01598M15:45:23.896","01598 14:58:06",256.32,802.71,,,,"     ",5.10,6671.76,0.85
1598,539366258,"01598M15:45:24.870","01598 14:58:07",256.27,802.75,,,,"     ",5.10,6650.03,0.85
1598,539366259,"01598M15:45:25.843","01598 14:58:08",256.21,802.71,,,,"     ",5.10,6546.99,0.84
1598,539366260,"01598M15:45:26.816","01598 14:58:09",256.16,802.66,,,,"     ",5.10,6640.46,0.85
1598,539366261,"01598M15:45:27.789","01598 14:58:10",256.12,802.73,,,,"     ",5.10,6549.29,0.84
1598,539366262,"01598M15:45:28.763","01598 14:58:11",256.07,802.76,,,,"     ",5.10,6611.64,0.84
1598,539366263,"01598M15:45:29.736","01598 14:58:12",256.02,802.72,,,,"     ",5.10,6627.17,0.85
1598,539366264,"01598M15:45:30.709","01598 14:58:13",255.99,802.77,,,,"     ",5.10,6518.79,0.83
1598,539366265,"01598M15:45:31.682","01598 14:58:14",255.97,802.67,,,,"     ",5.10,6595.75,0.84
1598,539366266,"01598M15:45:32.656","01598 14:58:15",255.95,802.63,,,,"     ",5.10,6591.70,0.84
1598,539366267,"01598M15:45:33.629","01598 14:58:16",255.94,802.62,,,,"     ",5.10,6585.39,0.84
1598,539366268,"01598M15:45:34.602","01598 14:58:17",255.92,802.60,,,,"     ",5.10,6583.55,0.84
1598,539366269,"01598M15:45:35.575","01598 14:58:18",255.91,802.63,,,,"     ",5.10,6610.84,0.85
1598,539366270,"01598M15:45:36.549","01598 14:58:19",255.88,802.69,,,,"     ",5.10,6504.69,0.83
1598,539366271,"01598M15:45:37.522","01598 14:58:20",255.85,802.63,,,,"     ",5.10,6565.00,0.84
1598,539366272,"01598M15:45:38.495","01598 14:58:21",255.83,802.66,,,,"     ",5.10,6631.65,0.85
1598,539366273,"01598M15:45:39.468","01598 14:58:22",255.81,802.72,,,,"     ",5.10,6502.02,0.83
1598,539366274,"01598M15:45:40.442","01598 14:58:23",255.79,802.62,,,,"     ",5.10,6556.21,0.84
1598,539366275,"01598M15:45:41.415","01598 14:58:24",255.77,802.68,,,,"     ",5.10,6562.43,0.84
1598,539366276,"01598M15:45:42.388","01598 14:58:25",255.75,802.62,,,,"     ",5.10,6559.24,0.84
1598,539366277,"01598M15:45:43.361","01598 14:58:26",255.72,802.54,,,,"     ",5.10,6560.45,0.84
1598,539366278,"01598M15:45:44.335","01598 14:58:27",255.69,802.63,,,,"     ",5.10,6588.28,0.85
1598,539366279,"01598M15:45:45.308","01598 14:58:28",255.64,802.65,,,,"     ",5.10,6595.97,0.85
1598,539366280,"01598M15:45:46.281","01598 14:58:29",255.57,802.60,,,,"     ",5.10,6532.66,0.84
1598,539366281,"01598M15:45:47.254","01598 14:58:30",255.51,802.70,,,,"     ",5.10,6587.25,0.85
1598,539366282,"01598M15:45:48.228","01598 14:58:31",255.45,802.72,,,,"     ",5.10,6554.48,0.84
1598,539366283,"01598M15:45:49.201","01598 14:58:32",255.41,802.56,,,,"     ",5.10,6584.44,0.85
1598,539366284,"01598M15:45:50.174","01598 14:58:33",255.38,802.67,,,,"     ",5.10,6542.56,0.84
1598,539366285,"01598M15:45:51.147","01598 14:58:34",255.36,802.63,,,,"     ",5.10,6523.18,0.84
1598,539366286,"01598M15:45:52.121","01598 14:58:35",255.34,802.59,,,,"     ",5.10,6498.14,0.84
1598,539366287,"01598M15:45:53.094","01598 14:58:36",255.31,802.58,,,,"     ",5.10,6485.59,0.84
1598,539366288,"01598M15:45:54.067","01598 14:58:37",255.27,802.62,,,,"     ",5.10,6462.89,0.83
1598,539366289,"01598M15:45:55.040","01598 14:58:38",255.23,802.58,,,,"     ",5.10,6478.67,0.84
1598,539366290,"01598M15:45:56.014","01598 14:58:38",255.18,802.60,,,,"     ",5.10,6517.13,0.84
1598,539366291,"01598M15:45:56.987","01598 14:58:39",255.14,802.64,,,,"     ",5.10,6444.05,0.83
1598,539366292,"01598M15:45:57.960","01598 14:58:40",255.11,802.62,,,,"     ",5.10,6531.86,0.85
1598,539366293,"01598M15:45:58.933","01598 14:58:41",255.08,802.61,,,,"     ",5.10,6450.85,0.84
1598,539366294,"01598M15:45:59.907","01598 14:58:42",255.05,802.62,,,,"     ",5.10,6447.74,0.83
1598,539366295,"01598M15:46:00.880","01598 14:58:43",255.02,802.62,,,,"     ",5.10,6507.40,0.84
1598,539366296,"01598M15:46:01.853","01598 14:58:44",254.98,802.64,,,,"     ",5.10,6436.05,0.84
1598,539366297,"01598M15:46:02.826","01598 14:58:45",254.95,802.55,,,,"     ",5.10,6501.97,0.84
1598,539366298,"01598M15:46:03.800","01598 14:58:46",254.92,802.55,,,,"     ",5.10,6439.13,0.84
1598,539366299,"01598M15:46:04.773","01598 14:58:47",254.90,802.59,,,,"     ",5.10,6522.99,0.85
1598,539366300,"01598M15:46:05.746","01598 14:58:48",254.89,802.61,,,,"     ",5.10,6545.75,0.85
1598,539366301,"01598M15:46:06.719","01598 14:58:49",254.88,802.66,,,,"     ",5.10,6405.39,0.83
1598,539366302,"01598M15:46:07.693","01598 14:58:50",254.89,802.60,,,,"     ",5.10,6423.68,0.84
1598,539366303,"01598M15:46:08.666","01598 14:58:51",254.90,802.68,,,,"     ",5.10,6543.55,0.85
1598,539366304,"01598M15:46:09.639","01598 14:58:52",254.91,802.58,,,,"     ",5.10,6531.49,0.85
1598,539366305,"01598M15:46:10.612","01598 14:58:53",254.92,802.54,,,,"     ",5.10,6510.43,0.85
1598,539366306,"01598M15:46:11.586","01598 14:58:54",254.94,802.60,,,,"     ",5.10,6415.74,0.84
1598,539366307,"01598M15:46:12.559","01598 14:58:55",254.96,802.51,,,,"     ",5.10,6509.91,0.85
1598,539366308,"01598M15:46:13.532","01598 14:58:56",254.99,802.57,,,,"     ",5.10,6486.13,0.84
1598,539366309,"01598M15:46:14.505","01598 14:58:57",255.04,802.49,,,,"     ",5.10,6455.75,0.84
1598,539366310,"01598M15:46:15.479","01598 14:58:58",255.08,802.53,,,,"     ",5.10,6502.87,0.85
1598,539366311,"01598M15:46:16.452","01598 14:58:59",255.13,802.50,,,,"     ",5.10,6392.10,0.83
1598,539366312,"01598M15:46:17.425","01598 14:59:00",255.17,802.53,,,,"     ",5.10,6516.70,0.85
1598,539366313,"01598M15:46:18.398","01598 14:59:01",255.20,802.44,,,,"     ",5.10,6470.60,0.84
1598,539366314,"01598M15:46:19.372","01598 14:59:02",255.23,802.45,,,,"     ",5.10,6437.47,0.84
1598,539366315,"01598M15:46:20.345","01598 14:59:03",255.24,802.53,,,,"     ",5.10,6469.92,0.84
1598,539366316,"01598M15:46:21.318","01598 14:59:04",255.23,802.54,,,,"     ",5.10,6462.66,0.84
1598,539366317,"01598M15:46:22.291","01598 14:59:05",255.22,802.50,,,,"     ",5.10,6490.34,0.85
1598,539366318,"01598M15:46:23.265","01598 14:59:06",255.18,802.53,,,,"     ",5.10,6519.93,0.85
1598,539366319,"01598M15:46:24.238","01598 14:59:07",255.12,802.46,,,,"     ",5.10,6542.94,0.85
1598,539366320,"01598M15:46:25.211","01598 14:59:08",255.05,802.49,,,,"     ",5.10,6443.50,0.84
1598,539366321,"01598M15:46:26.184","01598 14:59:09",254.98,802.48,,,,"     ",5.10,6479.28,0.85
1598,539366322,"01598M15:46:27.158","01598 14:59:10",254.92,802.49,,,,"     ",5.10,6501.58,0.85
1598,539366323,"01598M15:46:28.131","01598 14:59:11",254.88,802.45,,,,"     ",5.10,6487.83,0.85
1598,539366324,"01598M15:46:29.104","01598 14:59:12",254.85,802.52,,,,"     ",5.10,6465.73,0.84
1598,539366325,"01598M15:46:30.077","01598 14:59:13",254.85,802.50,,,,"     ",5.10,6448.66,0.84
1598,539366326,"01598M15:46:31.051","01598 14:59:14",254.87,802.46,,,,"     ",5.10,6431.88,0.84
1598,539366327,"01598M15:46:32.024","01598 14:59:14",254.88,802.50,,,,"     ",5.10,6516.80,0.85
1598,539366328,"01598M15:46:32.997","01598 14:59:15",254.92,802.46,,,,"     ",5.10,6440.74,0.84
1598,539366329,"01598M15:46:33.971","01598 14:59:16",254.96,802.42,,,,"     ",5.10,6508.11,0.85
1598,539366330,"01598M15:46:34.944","01598 14:59:17",255.02,802.43,,,,"     ",5.10,6504.75,0.85
1598,539366331,"01598M15:46:35.917","01598 14:59:18",255.10,802.35,,,,"     ",5.10,6491.29,0.85
1598,539366332,"01598M15:46:36.890","01598 14:59:19",255.21,802.38,,,,"     ",5.10,6491.41,0.85
1598,539366333,"01598M15:46:37.864","01598 14:59:20",255.35,802.38,,,,"     ",5.10,6466.32,0.84
1598,539366334,"01598M15:46:38.837","01598 14:59:21",255.51,802.32,,,,"     ",5.10,6425.30,0.84
1598,539366335,"01598M15:46:39.810","01598 14:59:22",255.66,802.36,,,,"     ",5.10,6460.81,0.84
1598,539366336,"01598M15:46:40.783","01598 14:59:23",255.82,802.46,,,,"     ",5.10,6487.82,0.85
1598,539366337,"01598M15:46:41.757","01598 14:59:24",255.98,802.43,,,,"     ",5.10,6529.43,0.85
1598,539366338,"01598M15:46:42.730","01598 14:59:25",256.13,802.46,,,,"     ",5.10,6456.16,0.84
1598,539366339,"01598M15:46:43.703","01598 14:59:26",256.28,802.47,,,,"     ",5.10,6464.63,0.84
1598,539366340,"01598M15:46:44.676","01598 14:59:27",256.43,802.40,,,,"     ",5.10,6445.07,0.84
1598,539366341,"01598M15:46:45.650","01598 14:59:28",256.58,802.41,,,,"     ",5.10,6526.16,0.85
1598,539366342,"01598M15:46:46.623","01598 14:59:29",256.72,802.48,,,,"     ",5.10,6500.61,0.85
1598,539366343,"01598M15:46:47.596","01598 14:59:30",256.85,802.46,,,,"     ",5.10,6427.22,0.84
1598,539366344,"01598M15:46:48.569","01598 14:59:31",256.95,802.42,,,,"     ",5.10,6440.63,0.84
1598,539366345,"01598M15:46:49.543","01598 14:59:32",257.03,802.38,,,,"     ",5.10,6457.66,0.84
1598,539366346,"01598M15:46:50.516","01598 14:59:33",257.09,802.37,,,,"     ",5.10,6502.82,0.85
1598,539366347,"01598M15:46:51.489","01598 14:59:34",257.12,802.39,,,,"     ",5.10,6425.71,0.84
1598,539366348,"01598M15:46:52.462","01598 14:59:35",257.12,802.38,,,,"     ",5.10,6433.48,0.84
1598,539366349,"01598M15:46:53.436","01598 14:59:36",257.09,802.45,,,,"     ",5.10,6503.82,0.85
1598,539366350,"01598M15:46:54.409","01598 14:59:37",257.05,802.45,,,,"     ",5.10,6408.73,0.83
1598,539366351,"01598M15:46:55.382","01598 14:59:38",256.97,802.43,,,,"     ",5.10,6498.50,0.85
1598,539366352,"01598M15:46:56.355","01598 14:59:39",256.88,802.50,,,,"     ",5.10,6514.68,0.85
1598,539366353,"01598M15:46:57.329","01598 14:59:40",256.78,802.47,,,,"     ",5.10,6498.47,0.85
1598,539366354,"01598M15:46:58.302","01598 14:59:41",256.68,802.49,,,,"     ",5.10,6503.44,0.85
1598,539366355,"01598M15:46:59.275","01598 14:59:42",256.57,802.45,,,,"     ",5.10,6461.44,0.84
1598,539366356,"01598M15:47:00.248","01598 14:59:43",256.48,802.38,,,,"     ",5.10,6539.40,0.85
1598,539366357,"01598M15:47:01.222","01598 14:59:44",256.42,802.39,,,,"     ",5.10,6469.65,0.84
1598,539366358,"01598M15:47:02.195","01598 14:59:45",256.40,802.42,,,,"     ",5.10,6442.33,0.84
1598,539366359,"01598M15:47:03.168","01598 14:59:46",256.40,802.39,,,,"     ",5.10,6535.26,0.85
1598,539366360,"01598M15:47:04.141","01598 14:59:47",256.45,802.44,,,,"     ",5.10,6503.83,0.85
1598,539366361,"01598M15:47:05.115","01598 14:59:48",256.54,802.43,,,,"     ",5.10,6464.80,0.84
1598,539366362,"01598M15:47:06.088","01598 14:59:49",256.65,802.39,,,,"     ",5.10,6451.17,0.84
1598,539366363,"01598M15:47:07.061","01598 14:59:50",256.78,802.31,,,,"     ",5.10,6485.82,0.84
1598,539366364,"01598M15:47:08.034","01598 14:59:50",256.93,802.37,,,,"     ",5.10,6540.83,0.85
1598,539366365,"01598M15:47:09.008","01598 14:59:51",257.10,802.32,,,,"     ",5.10,6447.12,0.84
1598,539366366,"01598M15:47:09.981","01598 14:59:52",257.28,802.32,,,,"     ",5.10,6537.75,0.85
1598,539366367,"01598M15:47:10.954","01598 14:59:53",257.46,802.25,,,,"     ",5.10,6447.03,0.84
1598,539366368,"01598M15:47:11.927","01598 14:59:54",257.64,802.20,,,,"     ",5.10,6502.38,0.85
1598,539366369,"01598M15:47:12.901","01598 14:59:55",257.79,802.16,,,,"     ",5.10,6520.33,0.85
1598,539366370,"01598M15:47:13.874","01598 14:59:56",257.93,802.28,,,,"     ",5.10,6498.00,0.84
1598,539366371,"01598M15:47:14.847","01598 14:59:57",258.04,802.30,,,,"     ",5.10,6520.03,0.85
1598,539366372,"01598M15:47:15.820","01598 14:59:58",258.13,802.19,,,,"     ",5.10,6449.99,0.84
1598,539366373,"01598M15:47:16.794","01598 14:59:59",258.18,802.30,,,,"     ",5.10,6511.10,0.85
1598,539366374,"01598M15:47:17.767","01598 15:00:00",258.19,802.32,,,,"     ",5.10,6544.87,0.85
1598,539366375,"01598M15:47:18.740","01598 15:00:01",258.16,802.36,,,,"     ",5.10,6516.59,0.85
1598,539366376,"01598M15:47:19.713","01598 15:00:02",258.10,802.34,,,,"     ",5.10,6508.38,0.84
1598,539366377,"01598M15:47:20.687","01598 15:00:03",258.01,802.32,,,,"     ",5.10,6539.65,0.85
1598,539366378,"01598M15:47:21.660","01598 15:00:04",257.91,802.26,,,,"     ",5.10,6555.71,0.85
1598,539366379,"01598M15:47:22.633","01598 15:00:05",257.78,802.33,,,,"     ",5.10,6519.35,0.85
1598,539366380,"01598M15:47:23.606","01598 15:00:06",257.66,802.33,,,,"     ",5.10,6543.01,0.85
1598,539366381,"01598M15:47:24.580","01598 15:00:07",257.54,802.41,,,,"     ",5.10,6494.67,0.84
1598,539366382,"01598M15:47:25.553","01598 15:00:08",257.45,802.40,,,,"     ",5.10,6545.00,0.85
1598,539366383,"01598M15:47:26.526","01598 15:00:09",257.40,802.28,,,,"     ",5.10,6469.71,0.84
1598,539366384,"01598M15:47:27.499","01598 15:00:10",257.39,802.28,,,,"     ",5.10,6499.19,0.84
1598,539366385,"01598M15:47:28.473","01598 15:00:11",257.45,802.34,,,,"     ",5.10,6566.83,0.85
1598,539366386,"01598M15:47:29.446","01598 15:00:12",257.54,802.28,,,,"     ",5.10,6566.15,0.85
1598,539366387,"01598M15:47:30.419","01598 15:00:13",257.66,802.27,,,,"     ",5.10,6477.51,0.84
1598,539366388,"01598M15:47:31.392","01598 15:00:14",257.80,802.32,,,,"     ",5.10,6488.17,0.84
1598,539366389,"01598M15:47:32.366","01598 15:00:15",257.94,802.24,,,,"     ",5.10,6544.25,0.85
1598,539366390,"01598M15:47:33.339","01598 15:00:16",258.07,802.15,,,,"     ",5.10,6531.68,0.85
1598,539366391,"01598M15:47:34.312","01598 15:00:17",258.19,802.17,,,,"     ",5.10,6431.09,0.83
1598,539366392,"01598M15:47:35.285","01598 15:00:18",258.30,802.11,,,,"     ",5.10,6425.62,0.83
1598,539366393,"01598M15:47:36.259","01598 15:00:19",258.40,802.29,,,,"     ",5.10,6551.31,0.85
1598,539366394,"01598M15:47:37.232","01598 15:00:20",258.48,802.28,,,,"     ",5.10,6502.24,0.84
1598,539366395,"01598M15:47:38.205","01598 15:00:21",258.53,802.24,,,,"     ",5.10,6535.78,0.85
1598,539366396,"01598M15:47:39.178","01598 15:00:22",258.56,802.26,,,,"     ",5.10,6549.51,0.85
1598,539366397,"01598M15:47:40.152","01598 15:00:23",258.56,802.31,,,,"     ",5.10,6479.65,0.84
1598,539366398,"01598M15:47:41.125","01598 15:00:24",258.55,802.25,,,,"     ",5.10,6513.77,0.84
1598,539366399,"01598M15:47:42.098","01598 15:00:25",258.50,802.27,,,,"     ",5.10,6535.73,0.85
1598,539366400,"01598M15:47:43.072","01598 15:00:26",258.44,802.22,,,,"     ",5.10,6500.61,0.84
1598,539366401,"01598M15:47:44.045","01598 15:00:26",258.37,802.23,,,,"     ",5.10,6541.29,0.85
1598,539366402,"01598M15:47:45.018","01598 15:00:27",258.29,802.26,,,,"     ",5.10,6575.49,0.85
1598,539366403,"01598M15:47:45.991","01598 15:00:28",258.23,802.29,,,,"     ",5.10,6536.73,0.85
1598,539366404,"01598M15:47:46.965","01598 15:00:29",258.16,802.29,,,,"     ",5.10,6538.44,0.85
1598,539366405,"01598M15:47:47.938","01598 15:00:30",258.10,802.31,,,,"     ",5.10,6516.84,0.84
1598,539366406,"01598M15:47:48.911","01598 15:00:31",258.05,802.35,,,,"     ",5.10,6615.20,0.86
1598,539366407,"01598M15:47:49.884","01598 15:00:32",257.99,802.31,,,,"     ",5.10,6410.00,0.83
1598,539366408,"01598M15:47:50.858","01598 15:00:33",257.93,802.37,,,,"     ",5.10,6528.24,0.84
1598,539366409,"01598M15:47:51.831","01598 15:00:34",257.90,802.22,,,,"     ",5.10,6580.18,0.85
1598,539366410,"01598M15:47:52.804","01598 15:00:35",257.87,802.25,,,,"     ",5.10,6604.21,0.85
1598,539366411,"01598M15:47:53.777","01598 15:00:36",257.85,802.17,,,,"     ",5.10,6423.97,0.83
1598,539366412,"01598M15:47:54.751","01598 15:00:37",257.83,802.12,,,,"     ",5.10,6461.42,0.84
1598,539366413,"01598M15:47:55.724","01598 15:00:38",257.80,802.11,,,,"     ",5.10,6466.59,0.84
1598,539366414,"01598M15:47:56.697","01598 15:00:39",257.77,802.16,,,,"     ",5.10,6560.62,0.85
1598,539366415,"01598M15:47:57.670","01598 15:00:40",257.73,802.18,,,,"     ",5.10,6528.75,0.84
1598,539366416,"01598M15:47:58.644","01598 15:00:41",257.67,802.22,,,,"     ",5.10,6448.84,0.83
1598,539366417,"01598M15:47:59.617","01598 15:00:42",257.61,802.18,,,,"     ",5.10,6502.73,0.84
1598,539366418,"01598M15:48:00.590","01598 15:00:43",257.54,802.19,,,,"     ",5.10,6511.47,0.84
1598,539366419,"01598M15:48:01.563","01598 15:00:44",257.47,802.19,,,,"     ",5.10,6513.39,0.84
1598,539366420,"01598M15:48:02.537","01598 15:00:45",257.40,802.12,,,,"     ",5.10,6512.50,0.84
1598,539366421,"01598M15:48:03.510","01598 15:00:46",257.33,802.12,,,,"     ",5.10,6464.66,0.84
1598,539366422,"01598M15:48:04.483","01598 15:00:47",257.27,802.12,,,,"     ",5.10,6497.56,0.84
1598,539366423,"01598M15:48:05.456","01598 15:00:48",257.21,802.18,,,,"     ",5.10,6497.87,0.84
1598,539366424,"01598M15:48:06.430","01598 15:00:49",257.18,802.27,,,,"     ",5.10,6461.95,0.84
1598,539366425,"01598M15:48:07.403","01598 15:00:50",257.14,802.15,,,,"     ",5.10,6602.25,0.86
1598,539366426,"01598M15:48:08.376","01598 15:00:51",257.11,802.11,,,,"     ",5.10,6427.76,0.83
1598,539366427,"01598M15:48:09.349","01598 15:00:52",257.08,802.18,,,,"     ",5.10,6532.72,0.85
1598,539366428,"01598M15:48:10.323","01598 15:00:53",257.06,802.17,,,,"     ",5.10,6441.88,0.84
1598,539366429,"01598M15:48:11.296","01598 15:00:54",257.05,802.22,,,,"     ",5.10,6441.93,0.84
1598,539366430,"01598M15:48:12.269","01598 15:00:55",257.04,802.12,,,,"     ",5.10,6476.42,0.84
1598,539366431,"01598M15:48:13.242","01598 15:00:56",257.04,802.21,,,,"     ",5.10,6496.45,0.84
1598,539366432,"01598M15:48:14.216","01598 15:00:57",257.03,802.06,,,,"     ",5.10,6614.78,0.86
1598,539366433,"01598M15:48:15.189","01598 15:00:58",257.03,802.18,,,,"     ",5.10,6503.20,0.85
1598,539366434,"01598M15:48:16.162","01598 15:00:59",257.02,802.20,,,,"     ",5.10,6446.23,0.84
1598,539366435,"01598M15:48:17.135","01598 15:01:00",257.01,802.16,,,,"     ",5.10,6441.73,0.84
1598,539366436,"01598M15:48:18.109","01598 15:01:01",256.99,802.17,,,,"     ",5.10,6470.52,0.84
1598,539366437,"01598M15:48:19.082","01598 15:01:02",256.97,802.11,,,,"     ",5.10,6434.76,0.84
1598,539366438,"01598M15:48:20.055","01598 15:01:03",256.94,802.15,,,,"     ",5.10,6366.57,0.83
1598,539366439,"01598M15:48:21.028","01598 15:01:03",256.90,802.14,,,,"     ",5.10,6509.46,0.85
1598,539366440,"01598M15:48:22.002","01598 15:01:04",256.85,802.18,,,,"     ",5.10,6424.53,0.84
1598,539366441,"01598M15:48:22.975","01598 15:01:05",256.80,802.18,,,,"     ",5.10,6484.20,0.85
1598,539366442,"01598M15:48:23.948","01598 15:01:06",256.73,802.22,,,,"     ",5.10,6444.78,0.84
1598,539366443,"01598M15:48:24.921","01598 15:01:07",256.66,802.15,,,,"     ",5.10,6463.25,0.84
1598,539366444,"01598M15:48:25.895","01598 15:01:08",256.60,802.18,,,,"     ",5.10,6441.36,0.84
1598,539366445,"01598M15:48:26.868","01598 15:01:09",256.53,802.20,,,,"     ",5.10,6475.06,0.85
1598,539366446,"01598M15:48:27.841","01598 15:01:10",256.46,802.11,,,,"     ",5.10,6522.28,0.85
1598,539366447,"01598M15:48:28.814","01598 15:01:11",256.40,802.13,,,,"     ",5.10,6357.57,0.83
1598,539366448,"01598M15:48:29.788","01598 15:01:12",256.34,802.11,,,,"     ",5.10,6530.42,0.85
1598,539366449,"01598M15:48:30.761","01598 15:01:13",256.29,802.02,,,,"     ",5.10,6420.25,0.84
1598,539366450,"01598M15:48:31.734","01598 15:01:14",256.24,802.04,,,,"     ",5.10,6407.62,0.84
1598,539366451,"01598M15:48:32.707","01598 15:01:15",256.20,802.08,,,,"     ",5.10,6405.15,0.84
1598,539366452,"01598M15:48:33.681","01598 15:01:16",256.16,802.01,,,,"     ",5.10,6421.33,0.84
1598,539366453,"01598M15:48:34.654","01598 15:01:17",256.13,801.97,,,,"     ",5.10,6471.08,0.85
1598,539366454,"01598M15:48:35.627","01598 15:01:18",256.10,802.07,,,,"     ",5.10,6463.56,0.85
1598,539366455,"01598M15:48:36.600","01598 15:01:19",256.08,802.11,,,,"     ",5.10,6436.70,0.85
1598,539366456,"01598M15:48:37.574","01598 15:01:20",256.07,802.05,,,,"     ",5.10,6429.80,0.84
1598,539366457,"01598M15:48:38.547","01598 15:01:21",256.05,802.07,,,,"     ",5.10,6416.24,0.84
1598,539366458,"01598M15:48:39.520","01598 15:01:22",256.04,802.12,,,,"     ",5.10,6402.81,0.84
1598,539366459,"01598M15:48:40.493","01598 15:01:23",256.04,802.13,,,,"     ",5.10,6401.75,0.84
1598,539366460,"01598M15:48:41.467","01598 15:01:24",256.05,802.08,,,,"     ",5.10,6409.58,0.84
1598,539366461,"01598M15:48:42.440","01598 15:01:25",256.09,802.00,,,,"     ",5.10,6425.78,0.85
1598,539366462,"01598M15:48:43.413","01598 15:01:26",256.15,802.04,,,,"     ",5.10,6470.72,0.85
1598,539366463,"01598M15:48:44.386","01598 15:01:27",256.24,802.10,,,,"     ",5.10,6354.91,0.84
1598,539366464,"01598M15:48:45.360","01598 15:01:28",256.35,802.05,,,,"     ",5.10,6466.46,0.85
1598,539366465,"01598M15:48:46.333","01598 15:01:29",256.49,802.16,,,,"     ",5.10,6357.67,0.84
1598,539366466,"01598M15:48:47.306","01598 15:01:30",256.64,802.14,,,,"     ",5.10,6384.86,0.84
1598,539366467,"01598M15:48:48.279","01598 15:01:31",256.80,802.12,,,,"     ",5.10,6393.61,0.84
1598,539366468,"01598M15:48:49.253","01598 15:01:32",256.95,802.11,,,,"     ",5.10,6336.98,0.84
1598,539366469,"01598M15:48:50.226","01598 15:01:33",257.09,802.13,,,,"     ",5.10,6325.62,0.83
1598,539366470,"01598M15:48:51.199","01598 15:01:34",257.22,802.02,,,,"     ",5.10,6395.89,0.84
1598,539366471,"01598M15:48:52.173","01598 15:01:35",257.32,802.10,,,,"     ",5.10,6435.39,0.85
1598,539366472,"01598M15:48:53.146","01598 15:01:36",257.40,802.10,,,,"     ",5.10,6497.41,0.86
1598,539366473,"01598M15:48:54.119","01598 15:01:37",257.46,802.21,,,,"     ",5.10,6437.14,0.85
1598,539366474,"01598M15:48:55.092","01598 15:01:38",257.49,802.22,,,,"     ",5.10,6386.09,0.84
1598,539366475,"01598M15:48:56.066","01598 15:01:39",257.49,802.10,,,,"     ",5.10,6403.83,0.85
1598,539366476,"01598M15:48:57.039","01598 15:01:39",257.47,802.10,,,,"     ",5.10,6364.22,0.84
1598,539366477,"01598M15:48:58.012","01598 15:01:40",257.43,802.11,,,,"     ",5.10,6422.47,0.85
1598,539366478,"01598M15:48:58.985","01598 15:01:41",257.39,802.07,,,,"     ",5.10,6423.01,0.85
1598,539366479,"01598M15:48:59.959","01598 15:01:42",257.35,802.10,,,,"     ",5.10,6450.91,0.85
1598,539366480,"01598M15:49:00.932","01598 15:01:43",257.30,802.11,,,,"     ",5.10,6321.46,0.83
1598,539366481,"01598M15:49:01.905","01598 15:01:44",257.26,802.12,,,,"     ",5.10,6408.46,0.85
1598,539366482,"01598M15:49:02.878","01598 15:01:45",257.21,802.10,,,,"     ",5.10,6364.22,0.84
1598,539366483,"01598M15:49:03.852","01598 15:01:46",257.15,801.97,,,,"     ",5.10,6461.43,0.85
1598,539366484,"01598M15:49:04.825","01598 15:01:47",257.10,802.00,,,,"     ",5.10,6479.11,0.85
1598,539366485,"01598M15:49:05.798","01598 15:01:48",257.04,801.98,,,,"     ",5.10,6467.83,0.85
1598,539366486,"01598M15:49:06.771","01598 15:01:49",256.98,801.99,,,,"     ",5.10,6431.33,0.85
1598,539366487,"01598M15:49:07.745","01598 15:01:50",256.92,802.07,,,,"     ",5.10,6295.49,0.83
1598,539366488,"01598M15:49:08.718","01598 15:01:51",256.87,801.99,,,,"     ",5.10,6417.41,0.85
1598,539366489,"01598M15:49:09.691","01598 15:01:52",256.82,802.00,,,,"     ",5.10,6438.32,0.85
1598,539366490,"01598M15:49:10.664","01598 15:01:53",256.77,802.01,,,,"     ",5.10,6433.95,0.85
1598,539366491,"01598M15:49:11.638","01598 15:01:54",256.74,802.09,,,,"     ",5.10,6347.43,0.84
1598,539366492,"01598M15:49:12.611","01598 15:01:55",256.73,802.08,,,,"     ",5.10,6417.49,0.85
1598,539366493,"01598M15:49:13.584","01598 15:01:56",256.72,802.03,,,,"     ",5.10,6347.45,0.84
1598,539366494,"01598M15:49:14.557","01598 15:01:57",256.73,802.06,,,,"     ",5.10,6395.44,0.84
1598,539366495,"01598M15:49:15.531","01598 15:01:58",256.77,802.07,,,,"     ",5.10,6470.32,0.85
1598,539366496,"01598M15:49:16.504","01598 15:01:59",256.81,802.11,,,,"     ",5.10,6457.30,0.85
1598,539366497,"01598M15:49:17.477","01598 15:02:00",256.86,802.00,,,,"     ",5.10,6389.80,0.84
1598,539366498,"01598M15:49:18.450","01598 15:02:01",256.90,802.05,,,,"     ",5.10,6398.15,0.84
1598,539366499,"01598M15:49:19.424","01598 15:02:02",256.93,802.00,,,,"     ",5.10,6447.98,0.85
1598,539366500,"01598M15:49:20.397","01598 15:02:03",256.92,802.00,,,,"     ",5.10,6384.17,0.84
1598,539366501,"01598M15:49:21.370","01598 15:02:04",256.91,801.93,,,,"     ",5.10,6404.28,0.84
1598,539366502,"01598M15:49:22.343","01598 15:02:05",256.88,801.99,,,,"     ",5.10,6302.46,0.83
1598,539366503,"01598M15:49:23.317","01598 15:02:06",256.85,802.04,,,,"     ",5.10,6434.61,0.85
1598,539366504,"01598M15:49:24.290","01598 15:02:07",256.84,802.02,,,,"     ",5.10,6436.54,0.85
1598,539366505,"01598M15:49:25.263","01598 15:02:08",256.84,801.94,,,,"     ",5.10,6424.99,0.85
1598,539366506,"01598M15:49:26.236","01598 15:02:09",256.85,802.01,,,,"     ",5.10,6426.11,0.85
1598,539366507,"01598M15:49:27.210","01598 15:02:10",256.86,801.93,,,,"     ",5.10,6407.65,0.84
1598,539366508,"01598M15:49:28.183","01598 15:02:11",256.88,801.94,,,,"     ",5.10,6350.59,0.84
1598,539366509,"01598M15:49:29.156","01598 15:02:12",256.89,801.98,,,,"     ",5.10,6419.49,0.85
1598,539366510,"01598M15:49:30.129","01598 15:02:13",256.91,801.92,,,,"     ",5.10,6427.42,0.85
1598,539366511,"01598M15:49:31.103","01598 15:02:14",256.94,801.99,,,,"     ",5.10,6391.57,0.84
1598,539366512,"01598M15:49:32.076","01598 15:02:15",256.97,801.98,,,,"     ",5.10,6424.53,0.85
1598,539366513,"01598M15:49:33.049","01598 15:02:15",257.00,801.96,,,,"     ",5.10,6346.03,0.84
1598,539366514,"01598M15:49:34.022","01598 15:02:16",257.04,801.99,,,,"     ",5.10,6409.40,0.85
1598,539366515,"01598M15:49:34.996","01598 15:02:17",257.09,801.96,,,,"     ",5.10,6354.92,0.84
1598,539366516,"01598M15:49:35.969","01598 15:02:18",257.14,801.89,,,,"     ",5.10,6360.68,0.84
1598,539366517,"01598M15:49:36.942","01598 15:02:19",256.98,801.95,,,,"     ",5.10,6433.16,0.85
1598,539366518,"01598M15:49:37.915","01598 15:02:20",256.95,801.93,,,,"     ",5.10,6404.41,0.85
1598,539366519,"01598M15:49:38.889","01598 15:02:21",256.92,802.02,,,,"     ",5.10,6484.98,0.86
1598,539366520,"01598M15:49:39.862","01598 15:02:22",256.89,801.87,,,,"     ",5.10,6415.14,0.85
1598,539366521,"01598M15:49:40.835","01598 15:02:23",256.86,801.96,,,,"     ",5.10,6386.53,0.84
1598,539366522,"01598M15:49:41.808","01598 15:02:24",256.84,801.97,,,,"     ",5.10,6419.18,0.85
1598,539366523,"01598M15:49:42.782","01598 15:02:25",256.81,801.91,,,,"     ",5.10,6446.15,0.85
1598,539366524,"01598M15:49:43.755","01598 15:02:26",256.79,801.88,,,,"     ",5.10,6322.42,0.83
1598,539366525,"01598M15:49:44.728","01598 15:02:27",256.76,801.94,,,,"     ",5.10,6439.98,0.85
1598,539366526,"01598M15:49:45.701","01598 15:02:28",256.73,801.94,,,,"     ",5.10,6411.01,0.85
1598,539366527,"01598M15:49:46.675","01598 15:02:29",256.70,801.94,,,,"     ",5.10,6342.38,0.84
1598,539366528,"01598M15:49:47.648","01598 15:02:30",256.68,801.94,,,,"     ",5.10,6360.58,0.84
1598,539366529,"01598M15:49:48.621","01598 15:02:31",256.65,801.98,,,,"     ",5.10,6357.29,0.84
1598,539366530,"01598M15:49:49.594","01598 15:02:32",256.63,801.93,,,,"     ",5.10,6366.39,0.84
1598,539366531,"01598M15:49:50.568","01598 15:02:33",256.61,801.93,,,,"     ",5.10,6483.67,0.86
1598,539366532,"01598M15:49:51.541","01598 15:02:34",256.59,801.92,,,,"     ",5.10,6442.85,0.85
1598,539366533,"01598M15:49:52.514","01598 15:02:35",256.55,801.90,,,,"     ",5.10,6416.70,0.85
1598,539366534,"01598M15:49:53.487","01598 15:02:36",256.51,801.94,,,,"     ",5.10,6395.19,0.85
1598,539366535,"01598M15:49:54.461","01598 15:02:37",256.46,801.95,,,,"     ",5.10,6340.92,0.84
1598,539366536,"01598M15:49:55.434","01598 15:02:38",256.42,801.97,,,,"     ",5.10,6373.18,0.84
1598,539366537,"01598M15:49:56.407","01598 15:02:39",256.38,801.94,,,,"     ",5.10,6443.19,0.85
1598,539366538,"01598M15:49:57.380","01598 15:02:40",256.35,801.98,,,,"     ",5.10,6300.66,0.83
1598,539366539,"01598M15:49:58.354","01598 15:02:41",256.31,801.91,,,,"     ",5.10,6398.57,0.85
1598,539366540,"01598M15:49:59.327","01598 15:02:42",256.27,801.98,,,,"     ",5.10,6397.80,0.85
1598,539366541,"01598M15:50:00.300","01598 15:02:43",256.21,801.92,,,,"     ",5.10,6404.69,0.85
1598,539366542,"01598M15:50:01.274","01598 15:02:44",256.15,801.85,,,,"     ",5.10,6434.65,0.85
1598,539366543,"01598M15:50:02.247","01598 15:02:45",256.10,801.94,,,,"     ",5.10,6385.99,0.85
1598,539366544,"01598M15:50:03.220","01598 15:02:46",256.04,801.99,,,,"     ",5.10,6384.45,0.85
1598,539366545,"01598M15:50:04.193","01598 15:02:47",256.00,801.98,,,,"     ",5.10,6422.89,0.85
1598,539366546,"01598M15:50:05.167","01598 15:02:48",255.96,802.00,,,,"     ",5.10,6388.68,0.85
1598,539366547,"01598M15:50:06.140","01598 15:02:49",255.93,801.96,,,,"     ",5.10,6401.71,0.85
1598,539366548,"01598M15:50:07.113","01598 15:02:50",255.91,801.99,,,,"     ",5.10,6366.56,0.85
1598,539366549,"01598M15:50:08.086","01598 15:02:51",255.91,801.97,,,,"     ",5.10,6369.94,0.85
1598,539366550,"01598M15:50:09.060","01598 15:02:51",255.90,801.91,,,,"     ",5.10,6387.36,0.85
1598,539366551,"01598M15:50:10.033","01598 15:02:52",255.91,801.93,,,,"     ",5.10,6367.45,0.85
1598,539366552,"01598M15:50:11.006","01598 15:02:53",255.93,801.88,,,,"     ",5.10,6394.77,0.85
1598,539366553,"01598M15:50:11.979","01598 15:02:54",255.93,801.97,,,,"     ",5.10,6349.26,0.85
1598,539366554,"01598M15:50:12.953","01598 15:02:55",255.96,802.02,,,,"     ",5.10,6338.69,0.84
1598,539366555,"01598M15:50:13.926","01598 15:02:56",255.97,801.97,,,,"     ",5.10,6344.27,0.85
1598,539366556,"01598M15:50:14.899","01598 15:02:57",255.99,801.98,,,,"     ",5.10,6286.52,0.84
1598,539366557,"01598M15:50:15.872","01598 15:02:58",256.01,801.85,,,,"     ",5.10,6309.86,0.84
1598,539366558,"01598M15:50:16.846","01598 15:02:59",256.03,801.96,,,,"     ",5.10,6349.88,0.85
1598,539366559,"01598M15:50:17.819","01598 15:03:00",256.04,801.97,,,,"     ",5.10,6308.53,0.84
1598,539366560,"01598M15:50:18.792","01598 15:03:01",256.06,801.96,,,,"     ",5.10,6361.72,0.85
1598,539366561,"01598M15:50:19.765","01598 15:03:02",256.09,801.93,,,,"     ",5.10,6304.49,0.84
1598,539366562,"01598M15:50:20.739","01598 15:03:03",256.12,801.89,,,,"     ",5.10,6328.03,0.85
1598,539366563,"01598M15:50:21.712","01598 15:03:04",256.15,801.93,,,,"     ",5.10,6426.44,0.86
1598,539366564,"01598M15:50:22.685","01598 15:03:05",256.19,801.92,,,,"     ",5.10,6316.06,0.84
1598,539366565,"01598M15:50:23.658","01598 15:03:06",256.20,801.98,,,,"     ",5.10,6351.01,0.85
1598,539366566,"01598M15:50:24.632","01598 15:03:07",256.20,801.89,,,,"     ",5.10,6390.03,0.85
1598,539366567,"01598M15:50:25.605","01598 15:03:08",256.19,801.90,,,,"     ",5.10,6441.72,0.86
1598,539366568,"01598M15:50:26.578","01598 15:03:09",256.19,801.92,,,,"     ",5.10,6358.91,0.85
1598,539366569,"01598M15:50:27.551","01598 15:03:10",256.18,801.76,,,,"     ",5.10,6234.19,0.83
1598,539366570,"01598M15:50:28.525","01598 15:03:11",256.17,801.84,,,,"     ",5.10,6347.55,0.85
1598,539366571,"01598M15:50:29.498","01598 15:03:12",256.19,801.79,,,,"     ",5.10,6349.63,0.85
1598,539366572,"01598M15:50:30.471","01598 15:03:13",256.21,801.78,,,,"     ",5.10,6347.50,0.85
1598,539366573,"01598M15:50:31.444","01598 15:03:14",256.22,801.82,,,,"     ",5.10,6409.32,0.86
1598,539366574,"01598M15:50:32.418","01598 15:03:15",256.25,801.86,,,,"     ",5.10,6363.54,0.85
1598,539366575,"01598M15:50:33.391","01598 15:03:16",256.30,801.81,,,,"     ",5.10,6359.97,0.85
1598,539366576,"01598M15:50:34.364","01598 15:03:17",256.35,801.81,,,,"     ",5.10,6260.28,0.84
1598,539366577,"01598M15:50:35.337","01598 15:03:18",256.41,801.74,,,,"     ",5.10,6290.02,0.84
1598,539366578,"01598M15:50:36.311","01598 15:03:19",256.47,801.75,,,,"     ",5.10,6310.25,0.85
1598,539366579,"01598M15:50:37.284","01598 15:03:20",256.54,801.76,,,,"     ",5.10,6377.15,0.85
1598,539366580,"01598M15:50:38.257","01598 15:03:21",256.60,801.76,,,,"     ",5.10,6285.04,0.84
1598,539366581,"01598M15:50:39.230","01598 15:03:22",256.67,801.78,,,,"     ",5.10,6288.85,0.84
1598,539366582,"01598M15:50:40.204","01598 15:03:23",256.72,801.87,,,,"     ",5.10,6294.91,0.84
1598,539366583,"01598M15:50:41.177","01598 15:03:24",256.76,801.87,,,,"     ",5.10,6284.79,0.84
1598,539366584,"01598M15:50:42.150","01598 15:03:25",256.79,801.88,,,,"     ",5.10,6352.77,0.85
1598,539366585,"01598M15:50:43.123","01598 15:03:26",256.82,801.94,,,,"     ",5.10,6423.82,0.86
1598,539366586,"01598M15:50:44.097","01598 15:03:27",256.85,801.92,,,,"     ",5.10,6322.97,0.85
1598,539366587,"01598M15:50:45.070","01598 15:03:27",256.90,801.88,,,,"     ",5.10,6353.31,0.85
1598,539366588,"01598M15:50:46.043","01598 15:03:28",256.95,801.91,,,,"     ",5.10,6258.17,0.84
1598,539366589,"01598M15:50:47.016","01598 15:03:29",257.00,801.94,,,,"     ",5.10,6235.01,0.84
1598,539366590,"01598M15:50:47.990","01598 15:03:30",257.05,801.91,,,,"     ",5.10,6409.44,0.86
1598,539366591,"01598M15:50:48.963","01598 15:03:31",257.09,802.01,,,,"     ",5.10,6272.75,0.84
1598,539366592,"01598M15:50:49.936","01598 15:03:32",257.12,801.92,,,,"     ",5.10,6327.82,0.85
1598,539366593,"01598M15:50:50.909","01598 15:03:33",257.13,801.93,,,,"     ",5.10,6305.79,0.85
1598,539366594,"01598M15:50:51.883","01598 15:03:34",257.13,801.90,,,,"     ",5.10,6359.82,0.85
1598,539366595,"01598M15:50:52.856","01598 15:03:35",257.12,801.90,,,,"     ",5.10,6347.22,0.85
1598,539366596,"01598M15:50:53.829","01598 15:03:36",257.10,801.90,,,,"     ",5.10,6379.24,0.86
1598,539366597,"01598M15:50:54.802","01598 15:03:37",257.07,801.84,,,,"     ",5.10,6250.82,0.84
1598,539366598,"01598M15:50:55.776","01598 15:03:38",257.04,801.87,,,,"     ",5.10,6292.83,0.84
1598,539366599,"01598M15:50:56.749","01598 15:03:39",257.02,801.87,,,,"     ",5.10,6304.13,0.85
1598,539366600,"01598M15:50:57.722","01598 15:03:40",257.00,801.92,,,,"     ",5.10,6317.64,0.85
1598,539366601,"01598M15:50:58.695","01598 15:03:41",256.99,801.87,,,,"     ",5.10,6278.48,0.84
1598,539366602,"01598M15:50:59.669","01598 15:03:42",257.01,801.95,,,,"     ",5.10,6290.06,0.84
1598,539366603,"01598M15:51:00.642","01598 15:03:43",257.04,801.88,,,,"     ",5.10,6326.30,0.85
1598,539366604,"01598M15:51:01.615","01598 15:03:44",257.09,801.96,,,,"     ",5.10,6379.30,0.86
1598,539366605,"01598M15:51:02.588","01598 15:03:45",257.15,801.85,,,,"     ",5.10,6357.87,0.85
1598,539366606,"01598M15:51:03.562","01598 15:03:46",257.22,801.89,,,,"     ",5.10,6316.13,0.85
1598,539366607,"01598M15:51:04.535","01598 15:03:47",257.30,801.93,,,,"     ",5.10,6366.17,0.85
1598,539366608,"01598M15:51:05.508","01598 15:03:48",257.39,801.96,,,,"     ",5.10,6290.76,0.84
1598,539366609,"01598M15:51:06.481","01598 15:03:49",257.48,801.89,,,,"     ",5.10,6269.77,0.84
1598,539366610,"01598M15:51:07.455","01598 15:03:50",257.56,801.95,,,,"     ",5.10,6324.85,0.85
1598,539366611,"01598M15:51:08.428","01598 15:03:51",257.65,801.87,,,,"     ",5.10,6400.54,0.86
1598,539366612,"01598M15:51:09.401","01598 15:03:52",257.73,801.91,,,,"     ",5.10,6288.38,0.84
1598,539366613,"01598M15:51:10.375","01598 15:03:53",257.80,801.78,,,,"     ",5.10,6330.17,0.85
1598,539366614,"01598M15:51:11.348","01598 15:03:54",257.86,801.79,,,,"     ",5.10,6359.02,0.85
1598,539366615,"01598M15:51:12.321","01598 15:03:55",257.89,801.82,,,,"     ",5.10,6293.50,0.84
1598,539366616,"01598M15:51:13.294","01598 15:03:56",257.93,801.79,,,,"     ",5.10,6295.43,0.84
1598,539366617,"01598M15:51:14.268","01598 15:03:57",257.94,801.88,,,,"     ",5.10,6289.43,0.84
1598,539366618,"01598M15:51:15.241","01598 15:03:58",257.94,801.81,,,,"     ",5.10,6330.35,0.85
1598,539366619,"01598M15:51:16.214","01598 15:03:59",257.93,801.75,,,,"     ",5.10,6264.32,0.84
1598,539366620,"01598M15:51:17.187","01598 15:04:00",257.91,801.78,,,,"     ",5.10,6252.36,0.83
1598,539366621,"01598M15:51:18.161","01598 15:04:01",257.88,801.80,,,,"     ",5.10,6347.72,0.85
1598,539366622,"01598M15:51:19.134","01598 15:04:02",257.83,801.84,,,,"     ",5.10,6412.87,0.86
1598,539366623,"01598M15:51:20.107","01598 15:04:03",257.77,801.88,,,,"     ",5.10,6296.54,0.84
1598,539366624,"01598M15:51:21.080","01598 15:04:03",257.70,801.76,,,,"     ",5.10,6453.15,0.86
1598,539366625,"01598M15:51:22.054","01598 15:04:04",257.63,801.83,,,,"     ",5.10,6377.31,0.85
1598,539366626,"01598M15:51:23.027","01598 15:04:05",257.56,801.83,,,,"     ",5.10,6296.31,0.84
1598,539366627,"01598M15:51:24.000","01598 15:04:06",257.49,801.76,,,,"     ",5.10,6374.29,0.85
1598,539366628,"01598M15:51:24.973","01598 15:04:07",257.43,801.82,,,,"     ",5.10,6310.60,0.84
1598,539366629,"01598M15:51:25.947","01598 15:04:08",257.39,801.83,,,,"     ",5.10,6393.08,0.85
1598,539366630,"01598M15:51:26.920","01598 15:04:09",257.36,801.78,,,,"     ",5.10,6364.72,0.85
1598,539366631,"01598M15:51:27.893","01598 15:04:10",257.35,801.77,,,,"     ",5.10,6350.40,0.85
1598,539366632,"01598M15:51:28.866","01598 15:04:11",257.34,801.79,,,,"     ",5.10,6381.26,0.85
1598,539366633,"01598M15:51:29.840","01598 15:04:12",257.34,801.78,,,,"     ",5.10,6339.06,0.85
1598,539366634,"01598M15:51:30.813","01598 15:04:13",257.34,801.71,,,,"     ",5.10,6294.98,0.84
1598,539366635,"01598M15:51:31.786","01598 15:04:14",257.34,801.77,,,,"     ",5.10,6319.97,0.84
1598,539366636,"01598M15:51:32.759","01598 15:04:15",257.35,801.71,,,,"     ",5.10,6304.88,0.84
1598,539366637,"01598M15:51:33.733","01598 15:04:16",257.36,801.74,,,,"     ",5.10,6379.53,0.85
1598,539366638,"01598M15:51:34.706","01598 15:04:17",257.36,801.74,,,,"     ",5.10,6406.97,0.85
1598,539366639,"01598M15:51:35.679","01598 15:04:18",257.37,801.82,,,,"     ",5.10,6407.16,0.85
1598,539366640,"01598M15:51:36.652","01598 15:04:19",257.37,801.75,,,,"     ",5.10,6353.89,0.85
1598,539366641,"01598M15:51:37.626","01598 15:04:20",257.36,801.68,,,,"     ",5.10,6328.87,0.84
1598,539366642,"01598M15:51:38.599","01598 15:04:21",257.34,801.75,,,,"     ",5.10,6357.17,0.85
1598,539366643,"01598M15:51:39.572","01598 15:04:22",257.31,801.73,,,,"     ",5.10,6339.77,0.84
1598,539366644,"01598M15:51:40.545","01598 15:04:23",257.26,801.78,,,,"     ",5.10,6352.48,0.85
1598,539366645,"01598M15:51:41.519","01598 15:04:24",257.20,801.72,,,,"     ",5.10,6296.80,0.84
1598,539366646,"01598M15:51:42.492","01598 15:04:25",257.14,801.82,,,,"     ",5.10,6290.07,0.84
1598,539366647,"01598M15:51:43.465","01598 15:04:26",257.05,801.66,,,,"     ",5.10,6401.68,0.85
1598,539366648,"01598M15:51:44.438","01598 15:04:27",256.98,801.79,,,,"     ",5.10,6352.11,0.85
1598,539366649,"01598M15:51:45.412","01598 15:04:28",256.90,801.71,,,,"     ",5.10,6357.30,0.85
1598,539366650,"01598M15:51:46.385","01598 15:04:29",256.83,801.74,,,,"     ",5.10,6337.67,0.84
1598,539366651,"01598M15:51:47.358","01598 15:04:30",256.75,801.76,,,,"     ",5.10,6418.64,0.86
1598,539366652,"01598M15:51:48.331","01598 15:04:31",256.68,801.77,,,,"     ",5.10,6391.76,0.85
1598,539366653,"01598M15:51:49.305","01598 15:04:32",256.61,801.75,,,,"     ",5.10,6369.28,0.85
1598,539366654,"01598M15:51:50.278","01598 15:04:33",256.56,801.74,,,,"     ",5.10,6362.17,0.85
1598,539366655,"01598M15:51:51.251","01598 15:04:34",256.53,801.76,,,,"     ",5.10,6282.44,0.84
1598,539366656,"01598M15:51:52.224","01598 15:04:35",256.53,801.70,,,,"     ",5.10,6414.34,0.86
1598,539366657,"01598M15:51:53.198","01598 15:04:36",256.54,801.73,,,,"     ",5.10,6346.73,0.85
1598,539366658,"01598M15:51:54.171","01598 15:04:37",256.55,801.67,,,,"     ",5.10,6332.15,0.84
1598,539366659,"01598M15:51:55.144","01598 15:04:38",256.58,801.71,,,,"     ",5.10,6329.26,0.84
1598,539366660,"01598M15:51:56.117","01598 15:04:39",256.61,801.68,,,,"     ",5.10,6310.75,0.84
1598,539366661,"01598M15:51:57.091","01598 15:04:39",256.64,801.67,,,,"     ",5.10,6358.50,0.85
1598,539366662,"01598M15:51:58.064","01598 15:04:40",256.66,801.68,,,,"     ",5.10,6315.00,0.84
1598,539366663,"01598M15:51:59.037","01598 15:04:41",256.69,801.75,,,,"     ",5.10,6270.82,0.84
1598,539366664,"01598M15:52:00.010","01598 15:04:42",256.73,801.70,,,,"     ",5.10,6316.69,0.84
1598,539366665,"01598M15:52:00.984","01598 15:04:43",256.76,801.70,,,,"     ",5.10,6422.21,0.86
1598,539366666,"01598M15:52:01.957","01598 15:04:44",256.80,801.73,,,,"     ",5.10,6336.38,0.85
1598,539366667,"01598M15:52:02.930","01598 15:04:45",256.83,801.62,,,,"     ",5.10,6393.13,0.85
1598,539366668,"01598M15:52:03.903","01598 15:04:46",256.85,801.70,,,,"     ",5.10,6322.15,0.84
1598,539366669,"01598M15:52:04.877","01598 15:04:47",256.83,801.72,,,,"     ",5.10,6333.70,0.85
1598,539366670,"01598M15:52:05.850","01598 15:04:48",256.82,801.64,,,,"     ",5.10,6377.51,0.85
1598,539366671,"01598M15:52:06.823","01598 15:04:49",256.78,801.80,,,,"     ",5.10,6269.40,0.84
1598,539366672,"01598M15:52:07.796","01598 15:04:50",256.74,801.65,,,,"     ",5.10,6351.65,0.85
1598,539366673,"01598M15:52:08.770","01598 15:04:51",256.69,801.70,,,,"     ",5.10,6359.45,0.85
1598,539366674,"01598M15:52:09.743","01598 15:04:52",256.65,801.72,,,,"     ",5.10,6262.24,0.84
1598,539366675,"01598M15:52:10.716","01598 15:04:53",256.61,801.70,,,,"     ",5.10,6311.01,0.84
1598,539366676,"01598M15:52:11.689","01598 15:04:54",256.56,801.66,,,,"     ",5.10,6352.79,0.85
1598,539366677,"01598M15:52:12.663","01598 15:04:55",256.52,801.70,,,,"     ",5.10,6314.01,0.84
1598,539366678,"01598M15:52:13.636","01598 15:04:56",256.49,801.72,,,,"     ",5.10,6380.31,0.85
1598,539366679,"01598M15:52:14.609","01598 15:04:57",256.46,801.78,,,,"     ",5.10,6422.84,0.86
1598,539366680,"01598M15:52:15.582","01598 15:04:58",256.46,801.85,,,,"     ",5.10,6336.06,0.85
1598,539366681,"01598M15:52:16.556","01598 15:04:59",256.47,801.63,,,,"     ",5.10,6308.49,0.84
1598,539366682,"01598M15:52:17.529","01598 15:05:00",256.50,801.65,,,,"     ",5.10,6273.35,0.84
1598,539366683,"01598M15:52:18.502","01598 15:05:01",256.55,801.75,,,,"     ",5.10,6299.54,0.84
1598,539366684,"01598M15:52:19.476","01598 15:05:02",256.61,801.69,,,,"     ",5.10,6423.10,0.86
1598,539366685,"01598M15:52:20.449","01598 15:05:03",256.67,801.83,,,,"     ",5.10,6312.21,0.85
1598,539366686,"01598M15:52:21.422","01598 15:05:04",256.73,801.75,,,,"     ",5.10,6347.83,0.85
1598,539366687,"01598M15:52:22.395","01598 15:05:05",256.80,801.80,,,,"     ",5.10,6339.72,0.85
1598,539366688,"01598M15:52:23.369","01598 15:05:06",256.86,801.67,,,,"     ",5.10,6332.40,0.85
1598,539366689,"01598M15:52:24.342","01598 15:05:07",256.92,801.69,,,,"     ",5.10,6337.69,0.85
1598,539366690,"01598M15:52:25.315","01598 15:05:08",256.97,801.69,,,,"     ",5.10,6263.02,0.84
1598,539366691,"01598M15:52:26.288","01598 15:05:09",257.03,801.67,,,,"     ",5.10,6340.98,0.85
1598,539366692,"01598M15:52:27.262","01598 15:05:10",257.08,801.66,,,,"     ",5.10,6345.61,0.85
1598,539366693,"01598M15:52:28.235","01598 15:05:11",257.13,801.66,,,,"     ",5.10,6304.43,0.85
1598,539366694,"01598M15:52:29.208","01598 15:05:12",257.18,801.64,,,,"     ",5.10,6283.23,0.84
1598,539366695,"01598M15:52:30.181","01598 15:05:13",257.21,801.68,,,,"     ",5.10,6317.79,0.85
1598,539366696,"01598M15:52:31.155","01598 15:05:14",257.23,801.74,,,,"     ",5.10,6361.80,0.85
1598,539366697,"01598M15:52:32.128","01598 15:05:15",257.21,801.67,,,,"     ",5.10,6306.93,0.85
1598,539366698,"01598M15:52:33.101","01598 15:05:15",257.18,801.72,,,,"     ",5.10,6242.52,0.84
1598,539366699,"01598M15:52:34.074","01598 15:05:16",257.12,801.67,,,,"     ",5.10,6320.55,0.85
1598,539366700,"01598M15:52:35.048","01598 15:05:17",257.05,801.67,,,,"     ",5.10,6336.91,0.85
1598,539366701,"01598M15:52:36.021","01598 15:05:18",256.97,801.64,,,,"     ",5.10,6431.69,0.86
1598,539366702,"01598M15:52:36.994","01598 15:05:19",256.87,801.58,,,,"     ",5.10,6369.19,0.85
1598,539366703,"01598M15:52:37.967","01598 15:05:20",256.78,801.67,,,,"     ",5.10,6345.25,0.85
1598,539366704,"01598M15:52:38.941","01598 15:05:21",256.72,801.58,,,,"     ",5.10,6468.15,0.87
1598,539366705,"01598M15:52:39.914","01598 15:05:22",256.66,801.65,,,,"     ",5.10,6312.01,0.85
1598,539366706,"01598M15:52:40.887","01598 15:05:23",256.63,801.61,,,,"     ",5.10,6205.66,0.83
1598,539366707,"01598M15:52:41.860","01598 15:05:24",256.61,801.50,,,,"     ",5.10,6397.17,0.86
1598,539366708,"01598M15:52:42.834","01598 15:05:25",256.60,801.51,,,,"     ",5.10,6292.35,0.84
1598,539366709,"01598M15:52:43.807","01598 15:05:26",256.60,801.48,,,,"     ",5.10,6341.12,0.85
1598,539366710,"01598M15:52:44.780","01598 15:05:27",256.59,801.60,,,,"     ",5.10,6268.41,0.84
1598,539366711,"01598M15:52:45.753","01598 15:05:28",256.59,801.67,,,,"     ",5.10,6343.58,0.85
1598,539366712,"01598M15:52:46.727","01598 15:05:29",256.59,801.77,,,,"     ",5.10,6312.25,0.85
1598,539366713,"01598M15:52:47.700","01598 15:05:30",256.59,801.71,,,,"     ",5.10,6307.57,0.85
1598,539366714,"01598M15:52:48.673","01598 15:05:31",256.59,801.64,,,,"     ",5.10,6364.57,0.85
1598,539366715,"01598M15:52:49.646","01598 15:05:32",256.59,801.59,,,,"     ",5.10,6333.47,0.85
1598,539366716,"01598M15:52:50.620","01598 15:05:33",256.61,801.64,,,,"     ",5.10,6298.78,0.84
1598,539366717,"01598M15:52:51.593","01598 15:05:34",256.64,801.61,,,,"     ",5.10,6291.39,0.84
1598,539366718,"01598M15:52:52.566","01598 15:05:35",256.68,801.56,,,,"     ",5.10,6385.98,0.86
1598,539366719,"01598M15:52:53.539","01598 15:05:36",256.75,801.59,,,,"     ",5.10,6387.15,0.86
1598,539366720,"01598M15:52:54.513","01598 15:05:37",256.84,801.56,,,,"     ",5.10,6268.01,0.84
1598,539366721,"01598M15:52:55.486","01598 15:05:38",256.95,801.57,,,,"     ",5.10,6369.70,0.85
1598,539366722,"01598M15:52:56.459","01598 15:05:39",257.06,801.57,,,,"     ",5.10,6308.66,0.85
1598,539366723,"01598M15:52:57.432","01598 15:05:40",257.20,801.49,,,,"     ",5.10,6387.92,0.86
1598,539366724,"01598M15:52:58.406","01598 15:05:41",257.34,801.57,,,,"     ",5.10,6368.49,0.85
1598,539366725,"01598M15:52:59.379","01598 15:05:42",257.47,801.53,,,,"     ",5.10,6446.80,0.86
1598,539366726,"01598M15:53:00.352","01598 15:05:43",257.58,801.64,,,,"     ",5.10,6249.14,0.84
1598,539366727,"01598M15:53:01.325","01598 15:05:44",257.66,801.63,,,,"     ",5.10,6267.72,0.84
1598,539366728,"01598M15:53:02.299","01598 15:05:45",257.69,801.73,,,,"     ",5.10,6397.80,0.86
1598,539366729,"01598M15:53:03.272","01598 15:05:46",257.70,801.62,,,,"     ",5.10,6343.75,0.85
1598,539366730,"01598M15:53:04.245","01598 15:05:47",257.67,801.66,,,,"     ",5.10,6261.01,0.84
1598,539366731,"01598M15:53:05.218","01598 15:05:48",257.62,801.62,,,,"     ",5.10,6390.79,0.86
1598,539366732,"01598M15:53:06.192","01598 15:05:49",257.56,801.58,,,,"     ",5.10,6385.65,0.86
1598,539366733,"01598M15:53:07.165","01598 15:05:50",257.48,801.57,,,,"     ",5.10,6344.15,0.85
1598,539366734,"01598M15:53:08.138","01598 15:05:51",257.39,801.58,,,,"     ",5.10,6357.90,0.85
1598,539366735,"01598M15:53:09.111","01598 15:05:51",257.31,801.49,,,,"     ",5.10,6345.11,0.85
1598,539366736,"01598M15:53:10.085","01598 15:05:52",257.24,801.51,,,,"     ",5.10,6379.64,0.85
1598,539366737,"01598M15:53:11.058","01598 15:05:53",257.17,801.56,,,,"     ",5.10,6395.06,0.86
1598,539366738,"01598M15:53:12.031","01598 15:05:54",257.12,801.55,,,,"     ",5.10,6300.78,0.84
1598,539366739,"01598M15:53:13.004","01598 15:05:55",257.09,801.55,,,,"     ",5.10,6354.00,0.85
1598,539366740,"01598M15:53:13.978","01598 15:05:56",257.06,801.51,,,,"     ",5.10,6407.58,0.86
1598,539366741,"01598M15:53:14.951","01598 15:05:57",257.04,801.51,,,,"     ",5.10,6398.26,0.86
1598,539366742,"01598M15:53:15.924","01598 15:05:58",257.04,801.42,,,,"     ",5.10,6476.72,0.87
1598,539366743,"01598M15:53:16.897","01598 15:05:59",257.06,801.46,,,,"     ",5.10,6358.72,0.85
1598,539366744,"01598M15:53:17.871","01598 15:06:00",257.10,801.51,,,,"     ",5.10,6219.60,0.83
1598,539366745,"01598M15:53:18.844","01598 15:06:01",257.18,801.53,,,,"     ",5.10,6371.69,0.85
1598,539366746,"01598M15:53:19.817","01598 15:06:02",257.27,801.52,,,,"     ",5.10,6394.41,0.85
1598,539366747,"01598M15:53:20.790","01598 15:06:03",257.39,801.50,,,,"     ",5.10,6410.55,0.86
1598,539366748,"01598M15:53:21.764","01598 15:06:04",257.50,801.60,,,,"     ",5.10,6394.88,0.85
1598,539366749,"01598M15:53:22.737","01598 15:06:05",257.61,801.53,,,,"     ",5.10,6407.35,0.86
1598,539366750,"01598M15:53:23.710","01598 15:06:06",257.71,801.62,,,,"     ",5.10,6290.88,0.84
1598,539366751,"01598M15:53:24.683","01598 15:06:07",257.81,801.56,,,,"     ",5.10,6366.24,0.85
1598,539366752,"01598M15:53:25.657","01598 15:06:08",257.90,801.59,,,,"     ",5.10,6434.64,0.86
1598,539366753,"01598M15:53:26.630","01598 15:06:09",257.98,801.51,,,,"     ",5.10,6372.79,0.85
1598,539366754,"01598M15:53:27.603","01598 15:06:10",258.06,801.52,,,,"     ",5.10,6326.79,0.84
1598,539366755,"01598M15:53:28.576","01598 15:06:11",258.15,801.57,,,,"     ",5.10,6386.62,0.85
1598,539366756,"01598M15:53:29.550","01598 15:06:12",258.24,801.53,,,,"     ",5.10,6329.37,0.84
1598,539366757,"01598M15:53:30.523","01598 15:06:13",258.33,801.53,,,,"     ",5.10,6386.04,0.85
1598,539366758,"01598M15:53:31.496","01598 15:06:14",258.43,801.52,,,,"     ",5.10,6387.29,0.85
1598,539366759,"01598M15:53:32.470","01598 15:06:15",258.53,801.48,,,,"     ",5.10,6311.80,0.84
1598,539366760,"01598M15:53:33.443","01598 15:06:16",258.62,801.52,,,,"     ",5.10,6415.67,0.86
1598,539366761,"01598M15:53:34.416","01598 15:06:17",258.73,801.41,,,,"     ",5.10,6272.77,0.84
1598,539366762,"01598M15:53:35.389","01598 15:06:18",258.84,801.47,,,,"     ",5.10,6380.45,0.85
1598,539366763,"01598M15:53:36.363","01598 15:06:19",258.97,801.51,,,,"     ",5.10,6453.39,0.86
1598,539366764,"01598M15:53:37.336","01598 15:06:20",259.13,801.47,,,,"     ",5.10,6364.56,0.85
1598,539366765,"01598M15:53:38.309","01598 15:06:21",259.31,801.45,,,,"     ",5.10,6343.19,0.85
1598,539366766,"01598M15:53:39.282","01598 15:06:22",259.48,801.41,,,,"     ",5.10,6376.46,0.85
1598,539366767,"01598M15:53:40.256","01598 15:06:23",259.66,801.47,,,,"     ",5.10,6429.37,0.86
1598,539366768,"01598M15:53:41.229","01598 15:06:24",259.83,801.40,,,,"     ",5.10,6314.20,0.84
1598,539366769,"01598M15:53:42.202","01598 15:06:25",259.98,801.51,,,,"     ",5.10,6381.90,0.85
1598,539366770,"01598M15:53:43.175","01598 15:06:26",260.12,801.48,,,,"     ",5.10,6433.52,0.86
1598,539366771,"01598M15:53:44.149","01598 15:06:27",260.26,801.43,,,,"     ",5.10,6473.06,0.86
1598,539366772,"01598M15:53:45.122","01598 15:06:27",260.38,801.43,,,,"     ",5.10,6391.67,0.85
1598,539366773,"01598M15:53:46.095","01598 15:06:28",260.49,801.45,,,,"     ",5.10,6339.76,0.84
1598,539366774,"01598M15:53:47.068","01598 15:06:29",260.58,801.47,,,,"     ",5.10,6533.48,0.87
1598,539366775,"01598M15:53:48.042","01598 15:06:30",260.65,801.52,,,,"     ",5.10,6338.97,0.84
1598,539366776,"01598M15:53:49.015","01598 15:06:31",260.71,801.49,,,,"     ",5.10,6444.84,0.86
1598,539366777,"01598M15:53:49.988","01598 15:06:32",260.75,801.49,,,,"     ",5.10,6418.11,0.85
1598,539366778,"01598M15:53:50.961","01598 15:06:33",260.77,801.52,,,,"     ",5.10,6361.28,0.84
1598,539366779,"01598M15:53:51.935","01598 15:06:34",260.77,801.47,,,,"     ",5.10,6408.64,0.85
1598,539366780,"01598M15:53:52.908","01598 15:06:35",260.75,801.48,,,,"     ",5.10,6437.04,0.85
1598,539366781,"01598M15:53:53.881","01598 15:06:36",260.72,801.43,,,,"     ",5.10,6415.10,0.85
1598,539366782,"01598M15:53:54.854","01598 15:06:37",260.69,801.54,,,,"     ",5.10,6482.95,0.86
1598,539366783,"01598M15:53:55.828","01598 15:06:38",260.65,801.55,,,,"     ",5.10,6406.65,0.85
1598,539366784,"01598M15:53:56.801","01598 15:06:39",260.63,801.45,,,,"     ",5.10,6347.51,0.84
1598,539366785,"01598M15:53:57.774","01598 15:06:40",260.63,801.45,,,,"     ",5.10,6385.81,0.85
1598,539366786,"01598M15:53:58.747","01598 15:06:41",260.65,801.48,,,,"     ",5.10,6387.57,0.85
1598,539366787,"01598M15:53:59.721","01598 15:06:42",260.68,801.42,,,,"     ",5.10,6397.11,0.85
1598,539366788,"01598M15:54:00.694","01598 15:06:43",260.73,801.40,,,,"     ",5.10,6360.78,0.84
1598,539366789,"01598M15:54:01.667","01598 15:06:44",260.80,801.40,,,,"     ",5.10,6390.88,0.85
1598,539366790,"01598M15:54:02.640","01598 15:06:45",260.90,801.39,,,,"     ",5.10,6444.93,0.85
1598,539366791,"01598M15:54:03.614","01598 15:06:46",261.00,801.39,,,,"     ",5.10,6367.74,0.84
1598,539366792,"01598M15:54:04.587","01598 15:06:47",261.12,801.35,,,,"     ",5.10,6434.65,0.85
1598,539366793,"01598M15:54:05.560","01598 15:06:48",261.25,801.35,,,,"     ",5.10,6362.47,0.84
1598,539366794,"01598M15:54:06.533","01598 15:06:49",261.39,801.35,,,,"     ",5.10,6449.75,0.85
1598,539366795,"01598M15:54:07.507","01598 15:06:50",261.54,801.41,,,,"     ",5.10,6350.66,0.84
1598,539366796,"01598M15:54:08.480","01598 15:06:51",261.68,801.51,,,,"     ",5.10,6388.82,0.84
1598,539366797,"01598M15:54:09.453","01598 15:06:52",261.80,801.44,,,,"     ",5.10,6451.99,0.85
1598,539366798,"01598M15:54:10.426","01598 15:06:53",261.91,801.49,,,,"     ",5.10,6336.66,0.84
1598,539366799,"01598M15:54:11.400","01598 15:06:54",262.00,801.37,,,,"     ",5.10,6443.70,0.85
1598,539366800,"01598M15:54:12.373","01598 15:06:55",262.06,801.42,,,,"     ",5.10,6373.97,0.84
1598,539366801,"01598M15:54:13.346","01598 15:06:56",262.12,801.39,,,,"     ",5.10,6415.15,0.85
1598,539366802,"01598M15:54:14.319","01598 15:06:57",262.17,801.39,,,,"     ",5.10,6396.99,0.84
1598,539366803,"01598M15:54:15.293","01598 15:06:58",262.22,801.45,,,,"     ",5.10,6384.16,0.84
1598,539366804,"01598M15:54:16.266","01598 15:06:59",262.29,801.44,,,,"     ",5.10,6431.12,0.85
1598,539366805,"01598M15:54:17.239","01598 15:07:00",262.38,801.44,,,,"     ",5.10,6432.86,0.85
1598,539366806,"01598M15:54:18.212","01598 15:07:01",262.47,801.40,,,,"     ",5.10,6411.85,0.84
1598,539366807,"01598M15:54:19.186","01598 15:07:02",262.56,801.44,,,,"     ",5.10,6433.41,0.85
1598,539366808,"01598M15:54:20.159","01598 15:07:03",262.66,801.37,,,,"     ",5.10,6406.34,0.84
1598,539366809,"01598M15:54:21.132","01598 15:07:03",262.75,801.34,,,,"     ",5.10,6442.72,0.85
1598,539366810,"01598M15:54:22.105","01598 15:07:04",262.85,801.32,,,,"     ",5.10,6407.18,0.84
1598,539366811,"01598M15:54:23.079","01598 15:07:05",262.91,801.40,,,,"     ",5.10,6435.65,0.85
1598,539366812,"01598M15:54:24.052","01598 15:07:06",262.96,801.42,,,,"     ",5.10,6478.52,0.85
1598,539366813,"01598M15:54:25.025","01598 15:07:07",263.03,801.42,,,,"     ",5.10,6456.20,0.85
1598,539366814,"01598M15:54:25.998","01598 15:07:08",263.09,801.35,,,,"     ",5.10,6459.80,0.85
1598,539366815,"01598M15:54:26.972","01598 15:07:09",263.17,801.37,,,,"     ",5.10,6387.12,0.84
1598,539366816,"01598M15:54:27.945","01598 15:07:10",263.24,801.35,,,,"     ",5.10,6396.10,0.84
1598,539366817,"01598M15:54:28.918","01598 15:07:11",263.32,801.25,,,,"     ",5.10,6466.56,0.85
1598,539366818,"01598M15:54:29.891","01598 15:07:12",263.40,801.28,,,,"     ",5.10,6404.83,0.84
1598,539366819,"01598M15:54:30.865","01598 15:07:13",263.47,801.27,,,,"     ",5.10,6521.20,0.86
1598,539366820,"01598M15:54:31.838","01598 15:07:14",263.55,801.31,,,,"     ",5.10,6467.06,0.85
1598,539366821,"01598M15:54:32.811","01598 15:07:15",263.63,801.31,,,,"     ",5.10,6454.13,0.85
1598,539366822,"01598M15:54:33.784","01598 15:07:16",263.71,801.33,,,,"     ",5.10,6485.73,0.85
1598,539366823,"01598M15:54:34.758","01598 15:07:17",263.80,801.30,,,,"     ",5.10,6496.24,0.85
1598,539366824,"01598M15:54:35.731","01598 15:07:18",263.88,801.30,,,,"     ",5.10,6556.31,0.86
1598,539366825,"01598M15:54:36.704","01598 15:07:19",264.13,801.29,,,,"     ",5.10,6395.65,0.84
1598,539366826,"01598M15:54:37.677","01598 15:07:20",264.27,801.33,,,,"     ",5.10,6367.47,0.83
1598,539366827,"01598M15:54:38.651","01598 15:07:21",264.39,801.33,,,,"     ",5.10,6567.28,0.86
1598,539366828,"01598M15:54:39.624","01598 15:07:22",264.52,801.40,,,,"     ",5.10,6566.40,0.86
1598,539366829,"01598M15:54:40.597","01598 15:07:23",264.64,801.42,,,,"     ",5.10,6415.60,0.84
1598,539366830,"01598M15:54:41.571","01598 15:07:24",264.76,801.42,,,,"     ",5.10,6484.14,0.85
1598,539366831,"01598M15:54:42.544","01598 15:07:25",264.87,801.41,,,,"     ",5.10,6406.81,0.84
1598,539366832,"01598M15:54:43.517","01598 15:07:26",264.98,801.38,,,,"     ",5.10,6525.40,0.85
1598,539366833,"01598M15:54:44.490","01598 15:07:27",265.08,801.31,,,,"     ",5.10,6439.95,0.84
1598,539366834,"01598M15:54:45.464","01598 15:07:28",265.18,801.26,,,,"     ",5.10,6501.32,0.85
1598,539366835,"01598M15:54:46.437","01598 15:07:29",265.28,801.35,,,,"     ",5.10,6550.83,0.85
1598,539366836,"01598M15:54:47.410","01598 15:07:30",265.36,801.38,,,,"     ",5.10,6506.54,0.85
1598,539366837,"01598M15:54:48.383","01598 15:07:31",265.45,801.42,,,,"     ",5.10,6367.73,0.83
1598,539366838,"01598M15:54:49.357","01598 15:07:32",265.46,801.37,,,,"     ",5.10,6557.48,0.85
1598,539366839,"01598M15:54:50.330","01598 15:07:33",265.41,801.37,,,,"     ",5.10,6425.00,0.84
1598,539366840,"01598M15:54:51.303","01598 15:07:34",265.40,801.34,,,,"     ",5.10,6521.42,0.85
1598,539366841,"01598M15:54:52.276","01598 15:07:35",265.43,801.37,,,,"     ",5.10,6565.17,0.85
1598,539366842,"01598M15:54:53.250","01598 15:07:36",265.48,801.33,,,,"     ",5.10,6534.09,0.85
1598,539366843,"01598M15:54:54.223","01598 15:07:37",265.56,801.37,,,,"     ",5.10,6511.51,0.84
1598,539366844,"01598M15:54:55.196","01598 15:07:38",265.66,801.41,,,,"     ",5.10,6423.10,0.83
1598,539366845,"01598M15:54:56.169","01598 15:07:39",265.77,801.38,,,,"     ",5.10,6400.77,0.83
1598,539366846,"01598M15:54:57.143","01598 15:07:39",265.89,801.27,,,,"     ",5.10,6556.08,0.85
1598,539366847,"01598M15:54:58.116","01598 15:07:40",266.01,801.17,,,,"     ",5.10,6459.28,0.84
1598,539366848,"01598M15:54:59.089","01598 15:07:41",266.13,801.26,,,,"     ",5.10,6477.85,0.84
1598,539366849,"01598M15:55:00.062","01598 15:07:42",266.21,801.21,,,,"     ",5.10,6607.04,0.86
1598,539366850,"01598M15:55:01.036","01598 15:07:43",266.25,801.16,,,,"     ",5.10,6477.63,0.84
1598,539366851,"01598M15:55:02.009","01598 15:07:44",266.29,801.27,,,,"     ",5.10,6434.16,0.83
1598,539366852,"01598M15:55:02.982","01598 15:07:45",266.33,801.25,,,,"     ",5.10,6537.25,0.85
1598,539366853,"01598M15:55:03.955","01598 15:07:46",266.35,801.22,,,,"     ",5.10,6523.30,0.84
1598,539366854,"01598M15:55:04.929","01598 15:07:47",266.38,801.27,,,,"     ",5.10,6444.45,0.83
1598,539366855,"01598M15:55:05.902","01598 15:07:48",266.40,801.26,,,,"     ",5.10,6569.51,0.85
1598,539366856,"01598M15:55:06.875","01598 15:07:49",266.39,801.25,,,,"     ",5.10,6553.83,0.85
1598,539366857,"01598M15:55:07.848","01598 15:07:50",266.38,801.27,,,,"     ",5.10,6511.41,0.84
1598,539366858,"01598M15:55:08.822","01598 15:07:51",266.37,801.25,,,,"     ",5.10,6597.92,0.85
1598,539366859,"01598M15:55:09.795","01598 15:07:52",266.34,801.24,,,,"     ",5.10,6553.86,0.84
1598,539366860,"01598M15:55:10.768","01598 15:07:53",266.31,801.25,,,,"     ",5.10,6582.61,0.85
1598,539366861,"01598M15:55:11.741","01598 15:07:54",266.27,801.24,,,,"     ",5.10,6515.49,0.84
1598,539366862,"01598M15:55:12.715","01598 15:07:55",266.22,801.20,,,,"     ",5.10,6505.52,0.84
1598,539366863,"01598M15:55:13.688","01598 15:07:56",266.17,801.21,,,,"     ",5.10,6538.37,0.84
1598,539366864,"01598M15:55:14.661","01598 15:07:57",266.11,801.15,,,,"     ",5.10,6475.45,0.83
1598,539366865,"01598M15:55:15.634","01598 15:07:58",266.03,801.17,,,,"     ",5.10,6581.99,0.85
1598,539366866,"01598M15:55:16.608","01598 15:07:59",265.95,801.23,,,,"     ",5.10,6507.16,0.84
1598,539366867,"01598M15:55:17.581","01598 15:08:00",265.86,801.18,,,,"     ",5.10,6493.31,0.83
1598,539366868,"01598M15:55:18.554","01598 15:08:01",265.77,801.19,,,,"     ",5.10,6519.13,0.84
1598,539366869,"01598M15:55:19.527","01598 15:08:02",265.67,801.19,,,,"     ",5.10,6485.86,0.83
1598,539366870,"01598M15:55:20.501","01598 15:08:03",265.57,801.21,,,,"     ",5.10,6482.35,0.83
1598,539366871,"01598M15:55:21.474","01598 15:08:04",265.47,801.26,,,,"     ",5.10,6555.19,0.84
1598,539366872,"01598M15:55:22.447","01598 15:08:05",265.37,801.27,,,,"     ",5.10,6569.57,0.84
1598,539366873,"01598M15:55:23.420","01598 15:08:06",265.29,801.23,,,,"     ",5.10,6563.18,0.84
1598,539366874,"01598M15:55:24.394","01598 15:08:07",265.23,801.24,,,,"     ",5.10,6477.36,0.83
1598,539366875,"01598M15:55:25.367","01598 15:08:08",265.18,801.30,,,,"     ",5.10,6503.92,0.83
1598,539366876,"01598M15:55:26.340","01598 15:08:09",265.15,801.32,,,,"     ",5.10,6628.87,0.85
1598,539366877,"01598M15:55:27.313","01598 15:08:10",265.13,801.21,,,,"     ",5.10,6496.57,0.83
1598,539366878,"01598M15:55:28.287","01598 15:08:11",265.12,801.21,,,,"     ",5.10,6532.84,0.84
1598,539366879,"01598M15:55:29.260","01598 15:08:12",265.10,801.16,,,,"     ",5.10,6455.13,0.83
1598,539366880,"01598M15:55:30.233","01598 15:08:13",265.09,801.18,,,,"     ",5.10,6551.39,0.84
1598,539366881,"01598M15:55:31.206","01598 15:08:14",265.07,801.22,,,,"     ",5.10,6520.60,0.83
1598,539366882,"01598M15:55:32.180","01598 15:08:15",265.06,801.24,,,,"     ",5.10,6557.02,0.84
1598,539366883,"01598M15:55:33.153","01598 15:08:15",264.44,801.27,,,,"     ",5.10,6471.86,0.83
1598,539366884,"01598M15:55:34.126","01598 15:08:16",264.41,801.26,,,,"     ",5.10,6534.82,0.84
1598,539366885,"01598M15:55:35.099","01598 15:08:17",264.37,801.31,,,,"     ",5.10,6559.57,0.84
1598,539366886,"01598M15:55:36.073","01598 15:08:18",264.32,801.31,,,,"     ",5.10,6569.81,0.84
1598,539366887,"01598M15:55:37.046","01598 15:08:19",264.27,801.28,,,,"     ",5.10,6470.01,0.83
1598,539366888,"01598M15:55:38.019","01598 15:08:20",264.20,801.26,,,,"     ",5.10,6573.15,0.84
1598,539366889,"01598M15:55:38.992","01598 15:08:21",264.12,801.29,,,,"     ",5.10,6555.37,0.84
1598,539366890,"01598M15:55:39.966","01598 15:08:22",264.04,801.28,,,,"     ",5.10,6562.97,0.84
1598,539366891,"01598M15:55:40.939","01598 15:08:23",263.97,801.21,,,,"     ",5.10,6523.95,0.83
1598,539366892,"01598M15:55:41.912","01598 15:08:24",263.92,801.26,,,,"     ",5.10,6538.09,0.84
1598,539366893,"01598M15:55:42.885","01598 15:08:25",263.90,801.23,,,,"     ",5.10,6564.49,0.84
1598,539366894,"01598M15:55:43.859","01598 15:08:26",263.92,801.19,,,,"     ",5.10,6552.72,0.84
1598,539366895,"01598M15:55:44.832","01598 15:08:27",263.97,801.19,,,,"     ",5.10,6580.41,0.84
1598,539366896,"01598M15:55:45.805","01598 15:08:28",264.04,801.20,,,,"     ",5.10,6539.56,0.83
1598,539366897,"01598M15:55:46.778","01598 15:08:29",264.12,801.26,,,,"     ",5.10,6493.29,0.83
1598,539366898,"01598M15:55:47.752","01598 15:08:30",264.21,801.22,,,,"     ",5.10,6568.64,0.84
1598,539366899,"01598M15:55:48.725","01598 15:08:31",264.30,801.19,,,,"     ",5.10,6636.43,0.85
1598,539366900,"01598M15:55:49.698","01598 15:08:32",264.38,801.19,,,,"     ",5.10,6606.44,0.84
1598,539366901,"01598M15:55:50.672","01598 15:08:33",264.44,801.30,,,,"     ",5.10,6545.32,0.83
1598,539366902,"01598M15:55:51.645","01598 15:08:34",264.48,801.36,,,,"     ",5.10,6536.13,0.83
1598,539366903,"01598M15:55:52.618","01598 15:08:35",264.49,801.22,,,,"     ",5.10,6556.23,0.84
1598,539366904,"01598M15:55:53.591","01598 15:08:36",264.48,801.33,,,,"     ",5.10,6475.98,0.83
1598,539366905,"01598M15:55:54.565","01598 15:08:37",264.45,801.39,,,,"     ",5.10,6577.31,0.84
1598,539366906,"01598M15:55:55.538","01598 15:08:38",264.40,801.24,,,,"     ",5.10,6467.07,0.82
1598,539366907,"01598M15:55:56.511","01598 15:08:39",264.34,801.34,,,,"     ",5.10,6551.65,0.84
1598,539366908,"01598M15:55:57.484","01598 15:08:40",264.27,801.27,,,,"     ",5.10,6493.76,0.83
1598,539366909,"01598M15:55:58.458","01598 15:08:41",264.22,801.32,,,,"     ",5.10,6571.94,0.84
1598,539366910,"01598M15:55:59.431","01598 15:08:42",264.17,801.29,,,,"     ",5.10,6562.78,0.84
1598,539366911,"01598M15:56:00.404","01598 15:08:43",264.13,801.20,,,,"     ",5.10,6606.53,0.84
1598,539366912,"01598M15:56:01.377","01598 15:08:44",264.10,801.25,,,,"     ",5.10,6616.39,0.84
1598,539366913,"01598M15:56:02.351","01598 15:08:45",264.07,801.29,,,,"     ",5.10,6617.15,0.84
1598,539366914,"01598M15:56:03.324","01598 15:08:46",264.04,801.33,,,,"     ",5.10,6603.28,0.84
1598,539366915,"01598M15:56:04.297","01598 15:08:47",264.00,801.32,,,,"     ",5.10,6594.56,0.84
1598,539366916,"01598M15:56:05.270","01598 15:08:48",263.95,801.27,,,,"     ",5.10,6585.12,0.84
1598,539366917,"01598M15:56:06.244","01598 15:08:49",263.89,801.27,,,,"     ",5.10,6640.12,0.85
1598,539366918,"01598M15:56:07.217","01598 15:08:50",263.81,801.31,,,,"     ",5.10,6591.15,0.84
1598,539366919,"01598M15:56:08.190","01598 15:08:51",263.74,801.22,,,,"     ",5.10,6609.27,0.84
1598,539366920,"01598M15:56:09.163","01598 15:08:52",263.66,801.29,,,,"     ",5.10,6616.33,0.84
1598,539366921,"01598M15:56:10.137","01598 15:08:52",263.58,801.32,,,,"     ",5.10,6561.60,0.84
1598,539366922,"01598M15:56:11.110","01598 15:08:53",263.50,801.30,,,,"     ",5.10,6543.19,0.83
1598,539366923,"01598M15:56:12.083","01598 15:08:54",263.43,801.25,,,,"     ",5.10,6630.10,0.84
1598,539366924,"01598M15:56:13.056","01598 15:08:55",263.36,801.19,,,,"     ",5.10,6545.62,0.83
1598,539366925,"01598M15:56:14.030","01598 15:08:56",263.32,801.34,,,,"     ",5.10,6517.07,0.83
1598,539366926,"01598M15:56:15.003","01598 15:08:57",263.28,801.28,,,,"     ",5.10,6557.15,0.83
1598,539366927,"01598M15:56:15.976","01598 15:08:58",263.26,801.22,,,,"     ",5.10,6547.96,0.83
1598,539366928,"01598M15:56:16.949","01598 15:08:59",263.24,801.20,,,,"     ",5.10,6509.93,0.83
1598,539366929,"01598M15:56:17.923","01598 15:09:00",263.22,801.25,,,,"     ",5.10,6515.70,0.83
1598,539366930,"01598M15:56:18.896","01598 15:09:01",263.20,801.32,,,,"     ",5.10,6594.57,0.84
1598,539366931,"01598M15:56:19.869","01598 15:09:02",263.19,801.25,,,,"     ",5.10,6600.90,0.84
1598,539366932,"01598M15:56:20.842","01598 15:09:03",263.17,801.26,,,,"     ",5.10,6603.52,0.84
1598,539366933,"01598M15:56:21.816","01598 15:09:04",263.15,801.21,,,,"     ",5.10,6579.05,0.84
1598,539366934,"01598M15:56:22.789","01598 15:09:05",263.12,801.24,,,,"     ",5.10,6591.21,0.84
1598,539366935,"01598M15:56:23.762","01598 15:09:06",263.09,801.21,,,,"     ",5.10,6571.21,0.84
1598,539366936,"01598M15:56:24.735","01598 15:09:07",263.04,801.27,,,,"     ",5.10,6527.39,0.83
1598,539366937,"01598M15:56:25.709","01598 15:09:08",263.00,801.23,,,,"     ",5.10,6590.11,0.84
1598,539366938,"01598M15:56:26.682","01598 15:09:09",262.94,801.21,,,,"     ",5.10,6602.97,0.84
1598,539366939,"01598M15:56:27.655","01598 15:09:10",262.87,801.21,,,,"     ",5.10,6590.90,0.84
1598,539366940,"01598M15:56:28.628","01598 15:09:11",262.79,801.21,,,,"     ",5.10,6525.61,0.83
1598,539366941,"01598M15:56:29.602","01598 15:09:12",262.70,801.27,,,,"     ",5.10,6562.88,0.83
1598,539366942,"01598M15:56:30.575","01598 15:09:13",262.59,801.30,,,,"     ",5.10,6623.01,0.84
1598,539366943,"01598M15:56:31.548","01598 15:09:14",262.48,801.19,,,,"     ",5.10,6556.83,0.83
1598,539366944,"01598M15:56:32.521","01598 15:09:15",262.37,801.22,,,,"     ",5.10,6590.14,0.84
1598,539366945,"01598M15:56:33.495","01598 15:09:16",262.27,801.23,,,,"     ",5.10,6564.78,0.83
1598,539366946,"01598M15:56:34.468","01598 15:09:17",262.18,801.23,,,,"     ",5.10,6492.99,0.82
1598,539366947,"01598M15:56:35.441","01598 15:09:18",262.09,801.25,,,,"     ",5.10,6513.39,0.83
1598,539366948,"01598M15:56:36.414","01598 15:09:19",262.03,801.30,,,,"     ",5.10,6543.70,0.83
1598,539366949,"01598M15:56:37.388","01598 15:09:20",262.00,801.29,,,,"     ",5.10,6625.39,0.84
1598,539366950,"01598M15:56:38.361","01598 15:09:21",261.99,801.25,,,,"     ",5.10,6611.62,0.84
1598,539366951,"01598M15:56:39.334","01598 15:09:22",262.01,801.24,,,,"     ",5.10,6543.50,0.83
1598,539366952,"01598M15:56:40.307","01598 15:09:23",262.04,801.23,,,,"     ",5.10,6616.90,0.84
1598,539366953,"01598M15:56:41.281","01598 15:09:24",262.09,801.21,,,,"     ",5.10,6523.65,0.83
1598,539366954,"01598M15:56:42.254","01598 15:09:25",262.13,801.23,,,,"     ",5.10,6597.87,0.84
1598,539366955,"01598M15:56:43.227","01598 15:09:26",262.18,801.16,,,,"     ",5.10,6615.67,0.84
1598,539366956,"01598M15:56:44.200","01598 15:09:27",262.21,801.20,,,,"     ",5.10,6524.42,0.83
1598,539366957,"01598M15:56:45.174","01598 15:09:28",262.25,801.18,,,,"     ",5.10,6620.36,0.84
1598,539366958,"01598M15:56:46.147","01598 15:09:28",262.27,801.13,,,,"     ",5.10,6584.31,0.84
1598,539366959,"01598M15:56:47.120","01598 15:09:29",262.29,801.14,,,,"     ",5.10,6616.02,0.84
1598,539366960,"01598M15:56:48.093","01598 15:09:30",262.31,801.18,,,,"     ",5.10,6520.05,0.83
1598,539366961,"01598M15:56:49.067","01598 15:09:31",262.34,801.14,,,,"     ",5.10,6643.38,0.84
1598,539366962,"01598M15:56:50.040","01598 15:09:32",262.37,801.03,,,,"     ",5.10,6556.63,0.83
1598,539366963,"01598M15:56:51.013","01598 15:09:33",262.42,801.05,,,,"     ",5.10,6575.28,0.83
1598,539366964,"01598M15:56:51.986","01598 15:09:34",262.49,801.04,,,,"     ",5.10,6558.33,0.83
1598,539366965,"01598M15:56:52.960","01598 15:09:35",262.56,800.92,,,,"     ",5.10,6578.40,0.83
1598,539366966,"01598M15:56:53.933","01598 15:09:36",262.64,800.98,,,,"     ",5.10,6516.65,0.83
1598,539366967,"01598M15:56:54.906","01598 15:09:37",262.73,801.06,,,,"     ",5.10,6616.40,0.84
1598,539366968,"01598M15:56:55.879","01598 15:09:38",262.82,801.04,,,,"     ",5.10,6503.26,0.83
1598,539366969,"01598M15:56:56.853","01598 15:09:39",262.91,801.01,,,,"     ",5.10,6655.32,0.84
1598,539366970,"01598M15:56:57.826","01598 15:09:40",262.99,801.12,,,,"     ",5.10,6654.11,0.84
1598,539366971,"01598M15:56:58.799","01598 15:09:41",263.04,801.06,,,,"     ",5.10,6587.87,0.84
1598,539366972,"01598M15:56:59.773","01598 15:09:42",263.07,801.05,,,,"     ",5.10,6504.09,0.83
1598,539366973,"01598M15:57:00.746","01598 15:09:43",263.08,801.00,,,,"     ",5.10,6586.26,0.84
1598,539366974,"01598M15:57:01.719","01598 15:09:44",263.07,800.93,,,,"     ",5.10,6694.25,0.85
1598,539366975,"01598M15:57:02.692","01598 15:09:45",263.05,800.86,,,,"     ",5.10,6576.58,0.83
1598,539366976,"01598M15:57:03.666","01598 15:09:46",263.02,800.99,,,,"     ",5.10,6658.04,0.85
1598,539366977,"01598M15:57:04.639","01598 15:09:47",262.98,801.02,,,,"     ",5.10,6497.34,0.82
1598,539366978,"01598M15:57:05.612","01598 15:09:48",262.96,800.96,,,,"     ",5.10,6593.50,0.84
1598,539366979,"01598M15:57:06.585","01598 15:09:49",262.96,800.91,,,,"     ",5.10,6629.31,0.84
1598,539366980,"01598M15:57:07.559","01598 15:09:50",262.97,800.94,,,,"     ",5.10,6548.27,0.83
1598,539366981,"01598M15:57:08.532","01598 15:09:51",262.99,800.83,,,,"     ",5.10,6537.44,0.83
1598,539366982,"01598M15:57:09.505","01598 15:09:52",263.03,800.91,,,,"     ",5.10,6565.03,0.83
1598,539366983,"01598M15:57:10.478","01598 15:09:53",263.07,800.95,,,,"     ",5.10,6624.16,0.84
1598,539366984,"01598M15:57:11.452","01598 15:09:54",263.09,800.93,,,,"     ",5.10,6573.44,0.83
1598,539366985,"01598M15:57:12.425","01598 15:09:55",263.11,800.99,,,,"     ",5.10,6500.28,0.83
1598,539366986,"01598M15:57:13.398","01598 15:09:56",263.11,801.01,,,,"     ",5.10,6551.03,0.83
1598,539366987,"01598M15:57:14.371","01598 15:09:57",263.08,800.97,,,,"     ",5.10,6633.72,0.84
1598,539366988,"01598M15:57:15.345","01598 15:09:58",263.04,801.01,,,,"     ",5.10,6483.35,0.82
1598,539366989,"01598M15:57:16.318","01598 15:09:59",262.97,801.01,,,,"     ",5.10,6633.51,0.84
1598,539366990,"01598M15:57:17.291","01598 15:10:00",262.88,800.93,,,,"     ",5.10,6584.34,0.84
1598,539366991,"01598M15:57:18.264","01598 15:10:01",262.79,800.99,,,,"     ",5.10,6545.81,0.83
1598,539366992,"01598M15:57:19.238","01598 15:10:02",262.70,801.06,,,,"     ",5.10,6519.95,0.83
1598,539366993,"01598M15:57:20.211","01598 15:10:03",262.61,801.02,,,,"     ",5.10,6567.22,0.84
1598,539366994,"01598M15:57:21.184","01598 15:10:04",262.54,800.94,,,,"     ",5.10,6477.86,0.82
1598,539366995,"01598M15:57:22.157","01598 15:10:04",262.48,801.03,,,,"     ",5.10,6688.34,0.85
1598,539366996,"01598M15:57:23.131","01598 15:10:05",262.42,801.03,,,,"     ",5.10,6548.75,0.83
1598,539366997,"01598M15:57:24.104","01598 15:10:06",262.38,801.06,,,,"     ",5.10,6551.35,0.83
1598,539366998,"01598M15:57:25.077","01598 15:10:07",262.34,800.97,,,,"     ",5.10,6552.41,0.83
1598,539366999,"01598M15:57:26.050","01598 15:10:08",262.31,800.98,,,,"     ",5.10,6647.02,0.85
1598,539367000,"01598M15:57:27.024","01598 15:10:09",262.27,801.06,,,,"     ",5.10,6575.64,0.84
1598,539367001,"01598M15:57:27.997","01598 15:10:10",262.23,801.04,,,,"     ",5.10,6534.81,0.83
1598,539367002,"01598M15:57:28.970","01598 15:10:11",262.16,800.96,,,,"     ",5.10,6570.24,0.84
1598,539367003,"01598M15:57:29.943","01598 15:10:12",262.08,800.97,,,,"     ",5.10,6529.40,0.83
1598,539367004,"01598M15:57:30.917","01598 15:10:13",261.97,800.99,,,,"     ",5.10,6549.09,0.83
1598,539367005,"01598M15:57:31.890","01598 15:10:14",261.84,800.90,,,,"     ",5.10,6498.11,0.83
1598,539367006,"01598M15:57:32.863","01598 15:10:15",261.71,800.92,,,,"     ",5.10,6573.10,0.84
1598,539367007,"01598M15:57:33.836","01598 15:10:16",261.56,800.98,,,,"     ",5.10,6548.49,0.83
1598,539367008,"01598M15:57:34.810","01598 15:10:17",261.41,800.96,,,,"     ",5.10,6588.10,0.84
1598,539367009,"01598M15:57:35.783","01598 15:10:18",261.27,801.05,,,,"     ",5.10,6601.86,0.84
1598,539367010,"01598M15:57:36.756","01598 15:10:19",261.13,800.96,,,,"     ",5.10,6558.37,0.83
1598,539367011,"01598M15:57:37.729","01598 15:10:20",261.00,800.98,,,,"     ",5.10,6608.35,0.84
1598,539367012,"01598M15:57:38.703","01598 15:10:21",260.89,800.99,,,,"     ",5.10,6600.91,0.84
1598,539367013,"01598M15:57:39.676","01598 15:10:22",260.81,801.02,,,,"     ",5.10,6589.87,0.84
1598,539367014,"01598M15:57:40.649","01598 15:10:23",260.74,801.01,,,,"     ",5.10,6627.82,0.84
1598,539367015,"01598M15:57:41.622","01598 15:10:24",260.71,800.96,,,,"     ",5.10,6556.17,0.83
1598,539367016,"01598M15:57:42.596","01598 15:10:25",260.72,800.92,,,,"     ",5.10,6630.02,0.84
1598,539367017,"01598M15:57:43.569","01598 15:10:26",260.74,800.93,,,,"     ",5.10,6400.73,0.81
1598,539367018,"01598M15:57:44.542","01598 15:10:27",260.79,800.99,,,,"     ",5.10,6510.69,0.83
1598,539367019,"01598M15:57:45.515","01598 15:10:28",260.84,800.89,,,,"     ",5.10,6601.13,0.84
1598,539367020,"01598M15:57:46.489","01598 15:10:29",260.89,800.90,,,,"     ",5.10,6562.59,0.83
1598,539367021,"01598M15:57:47.462","01598 15:10:30",260.93,800.90,,,,"     ",5.10,6650.29,0.85
1598,539367022,"01598M15:57:48.435","01598 15:10:31",260.96,800.88,,,,"     ",5.10,6564.76,0.83
1598,539367023,"01598M15:57:49.408","01598 15:10:32",260.97,800.92,,,,"     ",5.10,6567.51,0.83
1598,539367024,"01598M15:57:50.382","01598 15:10:33",260.96,800.91,,,,"     ",5.10,6502.50,0.83
1598,539367025,"01598M15:57:51.355","01598 15:10:34",260.93,800.93,,,,"     ",5.10,6546.94,0.83
1598,539367026,"01598M15:57:52.328","01598 15:10:35",260.88,800.93,,,,"     ",5.10,6557.45,0.83
1598,539367027,"01598M15:57:53.301","01598 15:10:36",260.81,800.90,,,,"     ",5.10,6510.74,0.83
1598,539367028,"01598M15:57:54.275","01598 15:10:37",260.73,800.96,,,,"     ",5.10,6645.79,0.84
1598,539367029,"01598M15:57:55.248","01598 15:10:38",260.64,800.97,,,,"     ",5.10,6552.97,0.83
1598,539367030,"01598M15:57:56.221","01598 15:10:39",260.55,801.02,,,,"     ",5.10,6550.26,0.83
1598,539367031,"01598M15:57:57.194","01598 15:10:40",260.46,800.98,,,,"     ",5.10,6654.92,0.84
1598,539367032,"01598M15:57:58.168","01598 15:10:40",260.38,801.04,,,,"     ",5.10,6635.10,0.84
1598,539367033,"01598M15:57:59.141","01598 15:10:41",260.32,801.01,,,,"     ",5.10,6599.68,0.84
1598,539367034,"01598M15:58:00.114","01598 15:10:42",260.28,800.98,,,,"     ",5.10,6608.80,0.84
1598,539367035,"01598M15:58:01.087","01598 15:10:43",260.27,800.85,,,,"     ",5.10,6528.97,0.83
1598,539367036,"01598M15:58:02.061","01598 15:10:44",260.28,801.01,,,,"     ",5.10,6579.75,0.83
1598,539367037,"01598M15:58:03.034","01598 15:10:45",260.31,800.90,,,,"     ",5.10,6494.05,0.82
1598,539367038,"01598M15:58:04.007","01598 15:10:46",260.37,800.99,,,,"     ",5.10,6542.96,0.83
1598,539367039,"01598M15:58:04.980","01598 15:10:47",260.44,800.97,,,,"     ",5.10,6651.82,0.84
1598,539367040,"01598M15:58:05.954","01598 15:10:48",260.53,800.97,,,,"     ",5.10,6478.84,0.82
1598,539367041,"01598M15:58:06.927","01598 15:10:49",260.65,800.96,,,,"     ",5.10,6598.05,0.84
1598,539367042,"01598M15:58:07.900","01598 15:10:50",260.77,800.95,,,,"     ",5.10,6617.53,0.84
1598,539367043,"01598M15:58:08.874","01598 15:10:51",260.92,800.95,,,,"     ",5.10,6501.46,0.82
1598,539367044,"01598M15:58:09.847","01598 15:10:52",261.09,800.90,,,,"     ",5.10,6623.60,0.84
1598,539367045,"01598M15:58:10.820","01598 15:10:53",261.28,800.94,,,,"     ",5.10,6564.56,0.83
1598,539367046,"01598M15:58:11.793","01598 15:10:54",261.48,800.90,,,,"     ",5.10,6564.64,0.83
1598,539367047,"01598M15:58:12.767","01598 15:10:55",261.69,800.98,,,,"     ",5.10,6562.53,0.83
1598,539367048,"01598M15:58:13.740","01598 15:10:56",261.90,800.84,,,,"     ",5.10,6450.22,0.82
1598,539367049,"01598M15:58:14.713","01598 15:10:57",262.09,800.84,,,,"     ",5.10,6636.99,0.84
1598,539367050,"01598M15:58:15.686","01598 15:10:58",262.26,800.91,,,,"     ",5.10,6483.38,0.82
1598,539367051,"01598M15:58:16.660","01598 15:10:59",262.42,800.89,,,,"     ",5.10,6550.42,0.83
1598,539367052,"01598M15:58:17.633","01598 15:11:00",262.55,800.87,,,,"     ",5.10,6626.74,0.84
1598,539367053,"01598M15:58:18.606","01598 15:11:01",262.68,800.91,,,,"     ",5.10,6628.24,0.84
1598,539367054,"01598M15:58:19.579","01598 15:11:02",262.79,800.90,,,,"     ",5.10,6591.89,0.83
1598,539367055,"01598M15:58:20.553","01598 15:11:03",262.89,800.94,,,,"     ",5.10,6577.90,0.83
1598,539367056,"01598M15:58:21.526","01598 15:11:04",262.97,800.90,,,,"     ",5.10,6627.04,0.84
1598,539367057,"01598M15:58:22.499","01598 15:11:05",263.05,800.87,,,,"     ",5.10,6577.98,0.83
1598,539367058,"01598M15:58:23.472","01598 15:11:06",263.12,800.91,,,,"     ",5.10,6603.46,0.83
1598,539367059,"01598M15:58:24.446","01598 15:11:07",263.19,800.89,,,,"     ",5.10,6645.84,0.84
1598,539367060,"01598M15:58:25.419","01598 15:11:08",263.27,800.90,,,,"     ",5.10,6597.91,0.83
1598,539367061,"01598M15:58:26.392","01598 15:11:09",263.35,800.90,,,,"     ",5.10,6564.00,0.83
1598,539367062,"01598M15:58:27.365","01598 15:11:10",263.45,800.97,,,,"     ",5.10,6633.99,0.84
1598,539367063,"01598M15:58:28.339","01598 15:11:11",263.56,800.77,,,,"     ",5.10,6627.75,0.84
1598,539367064,"01598M15:58:29.312","01598 15:11:12",263.69,800.80,,,,"     ",5.10,6571.53,0.83
1598,539367065,"01598M15:58:30.285","01598 15:11:13",263.84,800.86,,,,"     ",5.10,6567.95,0.83
1598,539367066,"01598M15:58:31.258","01598 15:11:14",263.99,800.85,,,,"     ",5.10,6563.44,0.83
1598,539367067,"01598M15:58:32.232","01598 15:11:15",264.14,800.89,,,,"     ",5.10,6666.37,0.84
1598,539367068,"01598M15:58:33.205","01598 15:11:16",264.30,800.98,,,,"     ",5.10,6617.67,0.83
1598,539367069,"01598M15:58:34.178","01598 15:11:16",264.45,800.89,,,,"     ",5.10,6628.79,0.84
1598,539367070,"01598M15:58:35.151","01598 15:11:17",264.59,800.93,,,,"     ",5.10,6619.53,0.83
1598,539367071,"01598M15:58:36.125","01598 15:11:18",264.71,800.87,,,,"     ",5.10,6570.78,0.83
1598,539367072,"01598M15:58:37.098","01598 15:11:19",264.81,800.76,,,,"     ",5.10,6620.09,0.83
1598,539367073,"01598M15:58:38.071","01598 15:11:20",264.88,800.78,,,,"     ",5.10,6586.61,0.83
1598,539367074,"01598M15:58:39.044","01598 15:11:21",264.93,800.71,,,,"     ",5.10,6588.04,0.83
1598,539367075,"01598M15:58:40.018","01598 15:11:22",264.96,800.65,,,,"     ",5.10,6676.97,0.84
1598,539367076,"01598M15:58:40.991","01598 15:11:23",264.98,800.65,,,,"     ",5.10,6637.64,0.83
1598,539367077,"01598M15:58:41.964","01598 15:11:24",264.99,800.61,,,,"     ",5.10,6645.68,0.84
1598,539367078,"01598M15:58:42.937","01598 15:11:25",264.99,800.64,,,,"     ",5.10,6623.45,0.83
1598,539367079,"01598M15:58:43.911","01598 15:11:26",265.00,800.72,,,,"     ",5.10,6616.91,0.83
1598,539367080,"01598M15:58:44.884","01598 15:11:27",265.01,800.65,,,,"     ",5.10,6756.68,0.85
1598,539367081,"01598M15:58:45.857","01598 15:11:28",265.02,800.65,,,,"     ",5.10,6598.41,0.83
1598,539367082,"01598M15:58:46.830","01598 15:11:29",265.63,800.66,,,,"     ",5.10,6506.20,0.82
1598,539367083,"01598M15:58:47.804","01598 15:11:30",265.68,800.70,,,,"     ",5.10,6582.84,0.83
1598,539367084,"01598M15:58:48.777","01598 15:11:31",265.74,800.73,,,,"     ",5.10,6616.90,0.83
1598,539367085,"01598M15:58:49.750","01598 15:11:32",265.80,800.71,,,,"     ",5.10,6669.72,0.84
1598,539367086,"01598M15:58:50.723","01598 15:11:33",265.85,800.72,,,,"     ",5.10,6687.45,0.84
1598,539367087,"01598M15:58:51.697","01598 15:11:34",265.91,800.64,,,,"     ",5.10,6576.83,0.82
1598,539367088,"01598M15:58:52.670","01598 15:11:35",265.96,800.65,,,,"     ",5.10,6675.11,0.84
1598,539367089,"01598M15:58:53.643","01598 15:11:36",266.01,800.65,,,,"     ",5.10,6719.51,0.84
1598,539367090,"01598M15:58:54.616","01598 15:11:37",266.05,800.73,,,,"     ",5.10,6633.78,0.83
1598,539367091,"01598M15:58:55.590","01598 15:11:38",266.08,800.68,,,,"     ",5.10,6722.50,0.84
1598,539367092,"01598M15:58:56.563","01598 15:11:39",266.11,800.68,,,,"     ",5.10,6550.47,0.82
1598,539367093,"01598M15:58:57.536","01598 15:11:40",266.14,800.76,,,,"     ",5.10,6689.86,0.84
1598,539367094,"01598M15:58:58.509","01598 15:11:41",266.17,800.71,,,,"     ",5.10,6649.81,0.83
1598,539367095,"01598M15:58:59.483","01598 15:11:42",266.21,800.71,,,,"     ",5.10,6675.73,0.84
1598,539367096,"01598M15:59:00.456","01598 15:11:43",266.25,800.66,,,,"     ",5.10,6581.89,0.82
1598,539367097,"01598M15:59:01.429","01598 15:11:44",266.29,800.63,,,,"     ",5.10,6669.85,0.83
1598,539367098,"01598M15:59:02.402","01598 15:11:45",266.33,800.63,,,,"     ",5.10,6659.74,0.83
1598,539367099,"01598M15:59:03.376","01598 15:11:46",266.37,800.76,,,,"     ",5.10,6595.63,0.83
1598,539367100,"01598M15:59:04.349","01598 15:11:47",266.40,800.70,,,,"     ",5.10,6619.26,0.83
1598,539367101,"01598M15:59:05.322","01598 15:11:48",266.43,800.66,,,,"     ",5.10,6657.70,0.83
1598,539367102,"01598M15:59:06.295","01598 15:11:49",266.47,800.76,,,,"     ",5.10,6708.08,0.84
1598,539367103,"01598M15:59:07.269","01598 15:11:50",266.50,800.71,,,,"     ",5.10,6611.39,0.83
1598,539367104,"01598M15:59:08.242","01598 15:11:51",266.54,800.80,,,,"     ",5.10,6587.31,0.82
1598,539367105,"01598M15:59:09.215","01598 15:11:52",266.58,800.85,,,,"     ",5.10,6591.30,0.82
1598,539367106,"01598M15:59:10.188","01598 15:11:52",266.62,800.85,,,,"     ",5.10,6586.71,0.82
1598,539367107,"01598M15:59:11.162","01598 15:11:53",266.66,800.79,,,,"     ",5.10,6688.10,0.84
1598,539367108,"01598M15:59:12.135","01598 15:11:54",266.71,800.69,,,,"     ",5.10,6589.56,0.82
1598,539367109,"01598M15:59:13.108","01598 15:11:55",266.76,800.75,,,,"     ",5.10,6661.40,0.83
1598,539367110,"01598M15:59:14.081","01598 15:11:56",266.81,800.62,,,,"     ",5.10,6695.31,0.84
1598,539367111,"01598M15:59:15.055","01598 15:11:57",266.86,800.72,,,,"     ",5.10,6652.13,0.83
1598,539367112,"01598M15:59:16.028","01598 15:11:58",266.91,800.70,,,,"     ",5.10,6643.07,0.83
1598,539367113,"01598M15:59:17.001","01598 15:11:59",266.94,800.73,,,,"     ",5.10,6624.54,0.83
1598,539367114,"01598M15:59:17.974","01598 15:12:00",266.97,800.66,,,,"     ",5.10,6660.60,0.83
1598,539367115,"01598M15:59:18.948","01598 15:12:01",266.98,800.69,,,,"     ",5.10,6647.73,0.83
1598,539367116,"01598M15:59:19.921","01598 15:12:02",266.98,800.69,,,,"     ",5.10,6649.47,0.83
1598,539367117,"01598M15:59:20.894","01598 15:12:03",266.97,800.79,,,,"     ",5.10,6608.46,0.83
1598,539367118,"01598M15:59:21.868","01598 15:12:04",266.95,800.67,,,,"     ",5.10,6590.10,0.82
1598,539367119,"01598M15:59:22.841","01598 15:12:05",266.94,800.71,,,,"     ",5.10,6634.26,0.83
1598,539367120,"01598M15:59:23.814","01598 15:12:06",266.94,800.69,,,,"     ",5.10,6672.88,0.83
1598,539367121,"01598M15:59:24.787","01598 15:12:07",266.95,800.70,,,,"     ",5.10,6792.84,0.85
1598,539367122,"01598M15:59:25.761","01598 15:12:08",266.95,800.66,,,,"     ",5.10,6664.74,0.83
1598,539367123,"01598M15:59:26.734","01598 15:12:09",266.94,800.71,,,,"     ",5.10,6605.21,0.82
1598,539367124,"01598M15:59:27.707","01598 15:12:10",266.94,800.63,,,,"     ",5.10,6572.47,0.82
1598,539367125,"01598M15:59:28.680","01598 15:12:11",266.93,800.57,,,,"     ",5.10,6650.64,0.83
1598,539367126,"01598M15:59:29.654","01598 15:12:12",266.93,800.72,,,,"     ",5.10,6567.69,0.82
1598,539367127,"01598M15:59:30.627","01598 15:12:13",266.92,800.67,,,,"     ",5.10,6655.84,0.83
1598,539367128,"01598M15:59:31.600","01598 15:12:14",266.91,800.70,,,,"     ",5.10,6676.06,0.83
1598,539367129,"01598M15:59:32.573","01598 15:12:15",266.91,800.65,,,,"     ",5.10,6652.62,0.83
1598,539367130,"01598M15:59:33.547","01598 15:12:16",266.90,800.68,,,,"     ",5.10,6608.03,0.83
1598,539367131,"01598M15:59:34.520","01598 15:12:17",266.89,800.58,,,,"     ",5.10,6679.75,0.83
1598,539367132,"01598M15:59:35.493","01598 15:12:18",266.88,800.69,,,,"     ",5.10,6594.07,0.82
1598,539367133,"01598M15:59:36.466","01598 15:12:19",266.93,800.74,,,,"     ",5.10,6640.14,0.83
1598,539367134,"01598M15:59:37.440","01598 15:12:20",266.98,800.77,,,,"     ",5.10,6625.00,0.83
1598,539367135,"01598M15:59:38.413","01598 15:12:21",267.03,800.76,,,,"     ",5.10,6613.60,0.83
1598,539367136,"01598M15:59:39.386","01598 15:12:22",267.08,800.74,,,,"     ",5.10,6708.16,0.84
1598,539367137,"01598M15:59:40.359","01598 15:12:23",267.14,800.73,,,,"     ",5.10,6614.15,0.83
1598,539367138,"01598M15:59:41.333","01598 15:12:24",267.19,800.66,,,,"     ",5.10,6573.84,0.82
1598,539367139,"01598M15:59:42.306","01598 15:12:25",267.25,800.75,,,,"     ",5.10,6720.83,0.84
1598,539367140,"01598M15:59:43.279","01598 15:12:26",267.31,800.73,,,,"     ",5.10,6624.22,0.83
1598,539367141,"01598M15:59:44.252","01598 15:12:27",267.36,800.77,,,,"     ",5.10,6597.54,0.82
1598,539367142,"01598M15:59:45.226","01598 15:12:28",267.42,800.75,,,,"     ",5.10,6616.56,0.83
1598,539367143,"01598M15:59:46.199","01598 15:12:28",267.48,800.70,,,,"     ",5.10,6626.22,0.83
1598,539367144,"01598M15:59:47.172","01598 15:12:29",267.54,800.74,,,,"     ",5.10,6596.15,0.82
1598,539367145,"01598M15:59:48.145","01598 15:12:30",267.59,800.83,,,,"     ",5.10,6603.39,0.83
1598,539367146,"01598M15:59:49.119","01598 15:12:31",267.66,800.82,,,,"     ",5.10,6635.72,0.83
1598,539367147,"01598M15:59:50.092","01598 15:12:32",267.73,800.75,,,,"     ",5.10,6670.87,0.83
1598,539367148,"01598M15:59:51.065","01598 15:12:33",267.79,800.80,,,,"     ",5.10,6600.08,0.83
1598,539367149,"01598M15:59:52.038","01598 15:12:34",267.85,800.71,,,,"     ",5.10,6598.25,0.82
1598,539367150,"01598M15:59:53.012","01598 15:12:35",267.91,800.70,,,,"     ",5.10,6665.96,0.83
1598,539367151,"01598M15:59:53.985","01598 15:12:36",267.96,800.72,,,,"     ",5.10,6630.10,0.83
1598,539367152,"01598M15:59:54.958","01598 15:12:37",268.01,800.76,,,,"     ",5.10,6529.73,0.82
1598,539367153,"01598M15:59:55.931","01598 15:12:38",268.04,800.64,,,,"     ",5.10,6680.41,0.83
1598,539367154,"01598M15:59:56.905","01598 15:12:39",268.08,800.77,,,,"     ",5.10,6628.09,0.83
1598,539367155,"01598M15:59:57.878","01598 15:12:40",268.10,800.74,,,,"     ",5.10,6621.54,0.83
1598,539367156,"01598M15:59:58.851","01598 15:12:41",268.13,800.76,,,,"     ",5.10,6593.81,0.82
1598,539367157,"01598M15:59:59.824","01598 15:12:42",268.15,800.73,,,,"     ",5.10,6608.61,0.83
1598,539367158,"01598M16:00:00.798","01598 15:12:43",268.16,800.72,,,,"     ",5.10,6575.82,0.82
1598,539367159,"01598M16:00:01.771","01598 15:12:44",268.18,800.69,,,,"     ",5.10,6729.57,0.84
1598,539367160,"01598M16:00:02.744","01598 15:12:45",268.19,800.70,,,,"     ",5.10,6621.43,0.83
1598,539367161,"01598M16:00:03.717","01598 15:12:46",268.20,800.69,,,,"     ",5.10,6632.43,0.83
1598,539367162,"01598M16:00:04.691","01598 15:12:47",268.21,800.68,,,,"     ",5.10,6652.67,0.83
1598,539367163,"01598M16:00:05.664","01598 15:12:48",268.20,800.74,,,,"     ",5.10,6676.46,0.83
1598,539367164,"01598M16:00:06.637","01598 15:12:49",268.19,800.66,,,,"     ",5.10,6670.07,0.83
1598,539367165,"01598M16:00:07.610","01598 15:12:50",268.16,800.69,,,,"     ",5.10,6690.13,0.84
1598,539367166,"01598M16:00:08.584","01598 15:12:51",268.14,800.78,,,,"     ",5.10,6637.84,0.83
1598,539367167,"01598M16:00:09.557","01598 15:12:52",268.10,800.71,,,,"     ",5.10,6609.59,0.83
1598,539367168,"01598M16:00:10.530","01598 15:12:53",268.07,800.77,,,,"     ",5.10,6647.83,0.83
1598,539367169,"01598M16:00:11.503","01598 15:12:54",268.04,800.74,,,,"     ",5.10,6634.41,0.83
1598,539367170,"01598M16:00:12.477","01598 15:12:55",268.01,800.74,,,,"     ",5.10,6556.64,0.82
1598,539367171,"01598M16:00:13.450","01598 15:12:56",267.98,800.79,,,,"     ",5.10,6637.61,0.83
1598,539367172,"01598M16:00:14.423","01598 15:12:57",267.94,800.74,,,,"     ",5.10,6692.71,0.84
1598,539367173,"01598M16:00:15.396","01598 15:12:58",267.89,800.73,,,,"     ",5.10,6664.63,0.83
1598,539367174,"01598M16:00:16.370","01598 15:12:59",267.85,800.72,,,,"     ",5.10,6687.13,0.83
1598,539367175,"01598M16:00:17.343","01598 15:13:00",267.79,800.82,,,,"     ",5.10,6552.32,0.82
1598,539367176,"01598M16:00:18.316","01598 15:13:01",267.74,800.77,,,,"     ",5.10,6580.71,0.82
1598,539367177,"01598M16:00:19.289","01598 15:13:02",267.68,800.87,,,,"     ",5.10,6556.37,0.82
1598,539367178,"01598M16:00:20.263","01598 15:13:03",267.61,800.81,,,,"     ",5.10,6573.19,0.82
1598,539367179,"01598M16:00:21.236","01598 15:13:04",267.55,800.75,,,,"     ",5.10,6642.09,0.83
1598,539367180,"01598M16:00:22.209","01598 15:13:04",267.48,800.77,,,,"     ",5.10,6728.82,0.84
1598,539367181,"01598M16:00:23.182","01598 15:13:05",267.40,800.75,,,,"     ",5.10,6642.97,0.83
1598,539367182,"01598M16:00:24.156","01598 15:13:06",267.32,800.67,,,,"     ",5.10,6578.67,0.82
1598,539367183,"01598M16:00:25.129","01598 15:13:07",267.23,800.71,,,,"     ",5.10,6726.46,0.84
1598,539367184,"01598M16:00:26.102","01598 15:13:08",267.15,800.79,,,,"     ",5.10,6641.78,0.83
1598,539367185,"01598M16:00:27.075","01598 15:13:09",267.07,800.82,,,,"     ",5.10,6609.54,0.82
1598,539367186,"01598M16:00:28.049","01598 15:13:10",267.01,800.72,,,,"     ",5.10,6632.45,0.83
1598,539367187,"01598M16:00:29.022","01598 15:13:11",266.95,800.68,,,,"     ",5.10,6671.11,0.83
1598,539367188,"01598M16:00:29.995","01598 15:13:12",266.86,800.65,,,,"     ",5.10,6645.93,0.83
1598,539367189,"01598M16:00:30.969","01598 15:13:13",266.74,800.65,,,,"     ",5.10,6686.32,0.83
1598,539367190,"01598M16:00:31.942","01598 15:13:14",266.62,800.64,,,,"     ",5.10,6689.00,0.83
1598,539367191,"01598M16:00:32.915","01598 15:13:15",266.51,800.59,,,,"     ",5.10,6742.59,0.84
1598,539367192,"01598M16:00:33.888","01598 15:13:16",266.43,800.59,,,,"     ",5.10,6604.70,0.82
1598,539367193,"01598M16:00:34.862","01598 15:13:17",266.38,800.65,,,,"     ",5.10,6688.91,0.84
1598,539367194,"01598M16:00:35.835","01598 15:13:18",266.35,800.53,,,,"     ",5.10,6594.17,0.82
1598,539367195,"01598M16:00:36.808","01598 15:13:19",266.36,800.55,,,,"     ",5.10,6628.93,0.83
1598,539367196,"01598M16:00:37.781","01598 15:13:20",266.38,800.58,,,,"     ",5.10,6621.06,0.83
1598,539367197,"01598M16:00:38.755","01598 15:13:21",266.41,800.55,,,,"     ",5.10,6685.07,0.84
1598,539367198,"01598M16:00:39.728","01598 15:13:22",266.45,800.71,,,,"     ",5.10,6657.75,0.83
1598,539367199,"01598M16:00:40.701","01598 15:13:23",266.50,800.64,,,,"     ",5.10,6683.12,0.84
1598,539367200,"01598M16:00:41.674","01598 15:13:24",266.55,800.61,,,,"     ",5.10,6671.73,0.83
1598,539367201,"01598M16:00:42.648","01598 15:13:25",266.61,800.76,,,,"     ",5.10,6637.29,0.83
1598,539367202,"01598M16:00:43.621","01598 15:13:26",266.68,800.67,,,,"     ",5.10,6675.79,0.83
1598,539367203,"01598M16:00:44.594","01598 15:13:27",266.77,800.67,,,,"     ",5.10,6603.63,0.83
1598,539367204,"01598M16:00:45.567","01598 15:13:28",266.86,800.66,,,,"     ",5.10,6676.47,0.84
1598,539367205,"01598M16:00:46.541","01598 15:13:29",266.95,800.65,,,,"     ",5.10,6583.85,0.82
1598,539367206,"01598M16:00:47.514","01598 15:13:30",267.04,800.66,,,,"     ",5.10,6622.87,0.83
1598,539367207,"01598M16:00:48.487","01598 15:13:31",267.11,800.60,,,,"     ",5.10,6593.03,0.82
1598,539367208,"01598M16:00:49.460","01598 15:13:32",267.19,800.62,,,,"     ",5.10,6621.68,0.83
1598,539367209,"01598M16:00:50.434","01598 15:13:33",267.26,800.64,,,,"     ",5.10,6598.40,0.83
1598,539367210,"01598M16:00:51.407","01598 15:13:34",267.33,800.59,,,,"     ",5.10,6564.67,0.82
1598,539367211,"01598M16:00:52.380","01598 15:13:35",267.40,800.63,,,,"     ",5.10,6663.61,0.83
1598,539367212,"01598M16:00:53.353","01598 15:13:36",267.45,800.63,,,,"     ",5.10,6621.13,0.83
1598,539367213,"01598M16:00:54.327","01598 15:13:37",267.49,800.58,,,,"     ",5.10,6604.38,0.83
1598,539367214,"01598M16:00:55.300","01598 15:13:38",267.52,800.70,,,,"     ",5.10,6608.80,0.83
1598,539367215,"01598M16:00:56.273","01598 15:13:39",267.54,800.69,,,,"     ",5.10,6591.67,0.82
1598,539367216,"01598M16:00:57.246","01598 15:13:40",267.54,800.70,,,,"     ",5.10,6547.27,0.82
1598,539367217,"01598M16:00:58.220","01598 15:13:40",267.52,800.67,,,,"     ",5.10,6579.56,0.82
1598,539367218,"01598M16:00:59.193","01598 15:13:41",267.50,800.55,,,,"     ",5.10,6626.41,0.83
1598,539367219,"01598M16:01:00.166","01598 15:13:42",267.47,800.54,,,,"     ",5.10,6636.26,0.83
1598,539367220,"01598M16:01:01.139","01598 15:13:43",267.45,800.58,,,,"     ",5.10,6619.93,0.83
1598,539367221,"01598M16:01:02.113","01598 15:13:44",267.43,800.53,,,,"     ",5.10,6639.32,0.83
1598,539367222,"01598M16:01:03.086","01598 15:13:45",267.42,800.51,,,,"     ",5.10,6654.56,0.83
1598,539367223,"01598M16:01:04.059","01598 15:13:46",267.42,800.57,,,,"     ",5.10,6573.41,0.82
1598,539367224,"01598M16:01:05.032","01598 15:13:47",267.43,800.56,,,,"     ",5.10,6632.20,0.83
1598,539367225,"01598M16:01:06.006","01598 15:13:48",267.46,800.60,,,,"     ",5.10,6598.14,0.82
1598,539367226,"01598M16:01:06.979","01598 15:13:49",267.51,800.60,,,,"     ",5.10,6657.51,0.83
1598,539367227,"01598M16:01:07.952","01598 15:13:50",267.58,800.56,,,,"     ",5.10,6598.95,0.82
1598,539367228,"01598M16:01:08.925","01598 15:13:51",267.67,800.56,,,,"     ",5.10,6659.89,0.83
1598,539367229,"01598M16:01:09.899","01598 15:13:52",267.77,800.51,,,,"     ",5.10,6648.87,0.83
1598,539367230,"01598M16:01:10.872","01598 15:13:53",267.87,800.50,,,,"     ",5.10,6546.91,0.82
1598,539367231,"01598M16:01:11.845","01598 15:13:54",267.95,800.55,,,,"     ",5.10,6654.88,0.83
1598,539367232,"01598M16:01:12.818","01598 15:13:55",267.99,800.53,,,,"     ",5.10,6614.80,0.83
1598,539367233,"01598M16:01:13.792","01598 15:13:56",268.04,800.55,,,,"     ",5.10,6633.63,0.83
1598,539367234,"01598M16:01:14.765","01598 15:13:57",268.09,800.68,,,,"     ",5.10,6696.45,0.84
1598,539367235,"01598M16:01:15.738","01598 15:13:58",268.14,800.65,,,,"     ",5.10,6577.91,0.82
1598,539367236,"01598M16:01:16.711","01598 15:13:59",268.20,800.65,,,,"     ",5.10,6709.51,0.84
1598,539367237,"01598M16:01:17.685","01598 15:14:00",268.26,800.68,,,,"     ",5.10,6585.09,0.82
1598,539367238,"01598M16:01:18.658","01598 15:14:01",268.32,800.61,,,,"     ",5.10,6595.86,0.82
1598,539367239,"01598M16:01:19.631","01598 15:14:02",268.38,800.62,,,,"     ",5.10,6621.68,0.83
1598,539367240,"01598M16:01:20.604","01598 15:14:03",268.44,800.65,,,,"     ",5.10,6563.24,0.82
1598,539367241,"01598M16:01:21.578","01598 15:14:04",268.50,800.59,,,,"     ",5.10,6635.37,0.83
1598,539367242,"01598M16:01:22.551","01598 15:14:05",268.56,800.62,,,,"     ",5.10,6679.45,0.83
1598,539367243,"01598M16:01:23.524","01598 15:14:06",268.57,800.51,,,,"     ",5.10,6605.62,0.82
1598,539367244,"01598M16:01:24.497","01598 15:14:07",268.58,800.47,,,,"     ",5.10,6634.88,0.83
1598,539367245,"01598M16:01:25.471","01598 15:14:08",268.59,800.52,,,,"     ",5.10,6673.94,0.83
1598,539367246,"01598M16:01:26.444","01598 15:14:09",268.61,800.51,,,,"     ",5.10,6579.44,0.82
1598,539367247,"01598M16:01:27.417","01598 15:14:10",268.62,800.60,,,,"     ",5.10,6560.58,0.82
1598,539367248,"01598M16:01:28.390","01598 15:14:11",268.63,800.58,,,,"     ",5.10,6652.59,0.83
1598,539367249,"01598M16:01:29.364","01598 15:14:12",268.64,800.53,,,,"     ",5.10,6554.54,0.82
1598,539367250,"01598M16:01:30.337","01598 15:14:13",268.67,800.56,,,,"     ",5.10,6616.87,0.82
1598,539367251,"01598M16:01:31.310","01598 15:14:14",268.70,800.65,,,,"     ",5.10,6581.25,0.82
1598,539367252,"01598M16:01:32.283","01598 15:14:15",268.75,800.65,,,,"     ",5.10,6661.13,0.83
1598,539367253,"01598M16:01:33.257","01598 15:14:16",268.82,800.61,,,,"     ",5.10,6665.21,0.83
1598,539367254,"01598M16:01:34.230","01598 15:14:16",268.90,800.59,,,,"     ",5.10,6643.52,0.83
1598,539367255,"01598M16:01:35.203","01598 15:14:17",268.97,800.60,,,,"     ",5.10,6638.82,0.83
1598,539367256,"01598M16:01:36.176","01598 15:14:18",269.04,800.48,,,,"     ",5.10,6631.59,0.82
1598,539367257,"01598M16:01:37.150","01598 15:14:19",269.09,800.44,,,,"     ",5.10,6730.53,0.84
1598,539367258,"01598M16:01:38.123","01598 15:14:20",269.14,800.46,,,,"     ",5.10,6654.04,0.83
1598,539367259,"01598M16:01:39.096","01598 15:14:21",269.18,800.49,,,,"     ",5.10,6617.65,0.82
1598,539367260,"01598M16:01:40.070","01598 15:14:22",269.20,800.52,,,,"     ",5.10,6716.68,0.84
1598,539367261,"01598M16:01:41.043","01598 15:14:23",269.17,800.49,,,,"     ",5.10,6627.54,0.82
1598,539367262,"01598M16:01:42.016","01598 15:14:24",269.14,800.49,,,,"     ",5.10,6645.93,0.83
1598,539367263,"01598M16:01:42.989","01598 15:14:25",269.09,800.50,,,,"     ",5.10,6547.99,0.81
1598,539367264,"01598M16:01:43.963","01598 15:14:26",269.03,800.49,,,,"     ",5.10,6629.17,0.82
1598,539367265,"01598M16:01:44.936","01598 15:14:27",268.97,800.45,,,,"     ",5.10,6690.63,0.83
1598,539367266,"01598M16:01:45.909","01598 15:14:28",268.91,800.46,,,,"     ",5.10,6616.06,0.82
1598,539367267,"01598M16:01:46.882","01598 15:14:29",268.86,800.48,,,,"     ",5.10,6687.64,0.83
1598,539367268,"01598M16:01:47.856","01598 15:14:30",268.82,800.48,,,,"     ",5.10,6725.43,0.83
1598,539367269,"01598M16:01:48.829","01598 15:14:31",268.80,800.49,,,,"     ",5.10,6743.16,0.84
1598,539367270,"01598M16:01:49.802","01598 15:14:32",268.81,800.49,,,,"     ",5.10,6711.87,0.83
1598,539367271,"01598M16:01:50.775","01598 15:14:33",268.84,800.49,,,,"     ",5.10,6629.51,0.82
1598,539367272,"01598M16:01:51.749","01598 15:14:34",268.89,800.46,,,,"     ",5.10,6618.50,0.82
1598,539367273,"01598M16:01:52.722","01598 15:14:35",268.95,800.43,,,,"     ",5.10,6691.49,0.83
1598,539367274,"01598M16:01:53.695","01598 15:14:36",269.01,800.50,,,,"     ",5.10,6659.87,0.83
1598,539367275,"01598M16:01:54.668","01598 15:14:37",269.07,800.49,,,,"     ",5.10,6588.85,0.82
1598,539367276,"01598M16:01:55.642","01598 15:14:38",269.12,800.48,,,,"     ",5.10,6584.55,0.81
1598,539367277,"01598M16:01:56.615","01598 15:14:39",269.15,800.50,,,,"     ",5.10,6696.79,0.83
1598,539367278,"01598M16:01:57.588","01598 15:14:40",269.16,800.45,,,,"     ",5.10,6720.37,0.83
1598,539367279,"01598M16:01:58.561","01598 15:14:41",269.15,800.52,,,,"     ",5.10,6669.92,0.82
1598,539367280,"01598M16:01:59.535","01598 15:14:42",269.13,800.48,,,,"     ",5.10,6713.16,0.83
1598,539367281,"01598M16:02:00.508","01598 15:14:43",269.08,800.42,,,,"     ",5.10,6604.97,0.82
1598,539367282,"01598M16:02:01.481","01598 15:14:44",269.02,800.37,,,,"     ",5.10,6601.64,0.82
1598,539367283,"01598M16:02:02.454","01598 15:14:45",268.95,800.40,,,,"     ",5.10,6590.38,0.81
1598,539367284,"01598M16:02:03.428","01598 15:14:46",268.87,800.42,,,,"     ",5.10,6648.04,0.82
1598,539367285,"01598M16:02:04.401","01598 15:14:47",268.78,800.57,,,,"     ",5.10,6541.29,0.81
1598,539367286,"01598M16:02:05.374","01598 15:14:48",268.69,800.43,,,,"     ",5.10,6726.42,0.83
1598,539367287,"01598M16:02:06.347","01598 15:14:49",268.61,800.56,,,,"     ",5.10,6693.81,0.83
1598,539367288,"01598M16:02:07.321","01598 15:14:50",268.52,800.57,,,,"     ",5.10,6660.23,0.82
1598,539367289,"01598M16:02:08.294","01598 15:14:51",268.45,800.53,,,,"     ",5.10,6660.31,0.82
1598,539367290,"01598M16:02:09.267","01598 15:14:52",268.39,800.56,,,,"     ",5.10,6654.87,0.82
1598,539367291,"01598M16:02:10.240","01598 15:14:52",268.35,800.51,,,,"     ",5.10,6589.19,0.81
1598,539367292,"01598M16:02:11.214","01598 15:14:53",268.32,800.35,,,,"     ",5.10,6597.02,0.81
1598,539367293,"01598M16:02:12.187","01598 15:14:54",268.30,800.44,,,,"     ",5.10,6670.22,0.82
1598,539367294,"01598M16:02:13.160","01598 15:14:55",268.29,800.40,,,,"     ",5.10,6608.34,0.81
1598,539367295,"01598M16:02:14.133","01598 15:14:56",268.29,800.43,,,,"     ",5.10,6699.89,0.83
1598,539367296,"01598M16:02:15.107","01598 15:14:57",268.31,800.43,,,,"     ",5.10,6677.14,0.82
1598,539367297,"01598M16:02:16.080","01598 15:14:58",268.33,800.51,,,,"     ",5.10,6734.36,0.83
1598,539367298,"01598M16:02:17.053","01598 15:14:59",268.37,800.44,,,,"     ",5.10,6677.91,0.82
1598,539367299,"01598M16:02:18.026","01598 15:15:00",268.41,800.47,,,,"     ",5.10,6631.20,0.82
1598,539367300,"01598M16:02:19.000","01598 15:15:01",268.46,800.52,,,,"     ",5.10,6682.15,0.82
1598,539367301,"01598M16:02:19.973","01598 15:15:02",268.50,800.55,,,,"     ",5.10,6733.23,0.83
1598,539367302,"01598M16:02:20.946","01598 15:15:03",268.52,800.46,,,,"     ",5.10,6636.53,0.82
1598,539367303,"01598M16:02:21.919","01598 15:15:04",268.54,800.45,,,,"     ",5.10,6633.80,0.82
1598,539367304,"01598M16:02:22.893","01598 15:15:05",268.53,800.48,,,,"     ",5.10,6747.27,0.83
1598,539367305,"01598M16:02:23.866","01598 15:15:06",268.50,800.42,,,,"     ",5.10,6629.59,0.82
1598,539367306,"01598M16:02:24.839","01598 15:15:07",268.45,800.40,,,,"     ",5.10,6707.41,0.83
1598,539367307,"01598M16:02:25.812","01598 15:15:08",268.40,800.37,,,,"     ",5.10,6660.10,0.82
1598,539367308,"01598M16:02:26.786","01598 15:15:09",268.34,800.40,,,,"     ",5.10,6689.98,0.82
1598,539367309,"01598M16:02:27.759","01598 15:15:10",268.29,800.41,,,,"     ",5.10,6660.99,0.82
1598,539367310,"01598M16:02:28.732","01598 15:15:11",268.24,800.35,,,,"     ",5.10,6664.28,0.82
1598,539367311,"01598M16:02:29.705","01598 15:15:12",268.20,800.33,,,,"     ",5.10,6717.00,0.83
1598,539367312,"01598M16:02:30.679","01598 15:15:13",268.16,800.34,,,,"     ",5.10,6636.43,0.82
1598,539367313,"01598M16:02:31.652","01598 15:15:14",268.13,800.30,,,,"     ",5.10,6668.11,0.82
1598,539367314,"01598M16:02:32.625","01598 15:15:15",268.12,800.36,,,,"     ",5.10,6653.63,0.82
1598,539367315,"01598M16:02:33.598","01598 15:15:16",268.11,800.30,,,,"     ",5.10,6701.99,0.82
1598,539367316,"01598M16:02:34.572","01598 15:15:17",268.13,800.36,,,,"     ",5.10,6690.49,0.82
1598,539367317,"01598M16:02:35.545","01598 15:15:18",268.15,800.33,,,,"     ",5.10,6720.35,0.83
1598,539367318,"01598M16:02:36.518","01598 15:15:19",268.19,800.34,,,,"     ",5.10,6663.82,0.82
1598,539367319,"01598M16:02:37.491","01598 15:15:20",268.24,800.28,,,,"     ",5.10,6661.52,0.82
1598,539367320,"01598M16:02:38.465","01598 15:15:21",268.28,800.31,,,,"     ",5.10,6724.77,0.83
1598,539367321,"01598M16:02:39.438","01598 15:15:22",268.31,800.37,,,,"     ",5.10,6660.80,0.82
1598,539367322,"01598M16:02:40.411","01598 15:15:23",268.31,800.31,,,,"     ",5.10,6661.73,0.82
1598,539367323,"01598M16:02:41.384","01598 15:15:24",268.30,800.24,,,,"     ",5.10,6759.38,0.83
1598,539367324,"01598M16:02:42.358","01598 15:15:25",268.27,800.24,,,,"     ",5.10,6687.67,0.82
1598,539367325,"01598M16:02:43.331","01598 15:15:26",268.24,800.25,,,,"     ",5.10,6664.76,0.82
1598,539367326,"01598M16:02:44.304","01598 15:15:27",268.20,800.23,,,,"     ",5.10,6719.29,0.83
1598,539367327,"01598M16:02:45.277","01598 15:15:28",268.16,800.16,,,,"     ",5.10,6693.31,0.82
1598,539367328,"01598M16:02:46.251","01598 15:15:28",268.11,800.25,,,,"     ",5.10,6771.82,0.83
1598,539367329,"01598M16:02:47.224","01598 15:15:29",268.07,800.30,,,,"     ",5.10,6669.15,0.82
1598,539367330,"01598M16:02:48.197","01598 15:15:30",268.02,800.21,,,,"     ",5.10,6626.35,0.81
1598,539367331,"01598M16:02:49.171","01598 15:15:31",267.98,800.24,,,,"     ",5.10,6681.67,0.82
1598,539367332,"01598M16:02:50.144","01598 15:15:32",267.94,800.19,,,,"     ",5.10,6724.50,0.83
1598,539367333,"01598M16:02:51.117","01598 15:15:33",267.91,800.24,,,,"     ",5.10,6616.67,0.81
1598,539367334,"01598M16:02:52.090","01598 15:15:34",267.90,800.19,,,,"     ",5.10,6687.25,0.82
1598,539367335,"01598M16:02:53.064","01598 15:15:35",267.90,800.31,,,,"     ",5.10,6713.79,0.82
1598,539367336,"01598M16:02:54.037","01598 15:15:36",267.91,800.25,,,,"     ",5.10,6690.17,0.82
1598,539367337,"01598M16:02:55.010","01598 15:15:37",267.93,800.26,,,,"     ",5.10,6751.84,0.83
1598,539367338,"01598M16:02:55.983","01598 15:15:38",267.94,800.26,,,,"     ",5.10,6713.58,0.82
1598,539367339,"01598M16:02:56.957","01598 15:15:39",267.96,800.34,,,,"     ",5.10,6584.23,0.81
1598,539367340,"01598M16:02:57.930","01598 15:15:40",267.96,800.30,,,,"     ",5.10,6768.64,0.83
1598,539367341,"01598M16:02:58.903","01598 15:15:41",267.94,800.29,,,,"     ",5.10,6695.49,0.82
1598,539367342,"01598M16:02:59.876","01598 15:15:42",267.92,800.31,,,,"     ",5.10,6666.64,0.82
1598,539367343,"01598M16:03:00.850","01598 15:15:43",267.88,800.24,,,,"     ",5.10,6685.15,0.82
1598,539367344,"01598M16:03:01.823","01598 15:15:44",267.84,800.14,,,,"     ",5.10,6777.69,0.83
1598,539367345,"01598M16:03:02.796","01598 15:15:45",267.79,800.14,,,,"     ",5.10,6681.88,0.82
1598,539367346,"01598M16:03:03.769","01598 15:15:46",267.73,800.14,,,,"     ",5.10,6682.86,0.82
1598,539367347,"01598M16:03:04.743","01598 15:15:47",267.68,800.10,,,,"     ",5.10,6766.03,0.83
1598,539367348,"01598M16:03:05.716","01598 15:15:48",267.61,800.21,,,,"     ",5.10,6711.57,0.82
1598,539367349,"01598M16:03:06.689","01598 15:15:49",267.55,800.11,,,,"     ",5.10,6708.68,0.82
1598,539367350,"01598M16:03:07.662","01598 15:15:50",267.49,800.25,,,,"     ",5.10,6673.40,0.82
1598,539367351,"01598M16:03:08.636","01598 15:15:51",267.44,800.24,,,,"     ",5.10,6699.77,0.82
1598,539367352,"01598M16:03:09.609","01598 15:15:52",267.39,800.23,,,,"     ",5.10,6780.63,0.83
1598,539367353,"01598M16:03:10.582","01598 15:15:53",267.35,800.12,,,,"     ",5.10,6757.30,0.83
1598,539367354,"01598M16:03:11.555","01598 15:15:54",267.32,800.14,,,,"     ",5.10,6620.08,0.81
1598,539367355,"01598M16:03:12.529","01598 15:15:55",267.30,800.18,,,,"     ",5.10,6711.36,0.82
1598,539367356,"01598M16:03:13.502","01598 15:15:56",267.28,800.17,,,,"     ",5.10,6720.30,0.82
1598,539367357,"01598M16:03:14.475","01598 15:15:57",267.27,800.07,,,,"     ",5.10,6642.15,0.81
1598,539367358,"01598M16:03:15.448","01598 15:15:58",267.26,800.09,,,,"     ",5.10,6741.24,0.83
1598,539367359,"01598M16:03:16.422","01598 15:15:59",267.27,800.05,,,,"     ",5.10,6704.20,0.82
1598,539367360,"01598M16:03:17.395","01598 15:16:00",267.27,800.18,,,,"     ",5.10,6712.22,0.82
1598,539367361,"01598M16:03:18.368","01598 15:16:01",267.28,800.23,,,,"     ",5.10,6716.52,0.82
1598,539367362,"01598M16:03:19.341","01598 15:16:02",267.29,800.18,,,,"     ",5.10,6649.65,0.81
1598,539367363,"01598M16:03:20.315","01598 15:16:03",267.30,800.15,,,,"     ",5.10,6631.83,0.81
1598,539367364,"01598M16:03:21.288","01598 15:16:04",267.32,800.21,,,,"     ",5.10,6665.70,0.82
1598,539367365,"01598M16:03:22.261","01598 15:16:04",267.34,800.15,,,,"     ",5.10,6744.90,0.83
1598,539367366,"01598M16:03:23.234","01598 15:16:05",267.37,800.22,,,,"     ",5.10,6608.84,0.81
1598,539367367,"01598M16:03:24.208","01598 15:16:06",267.40,800.20,,,,"     ",5.10,6636.94,0.81
1598,539367368,"01598M16:03:25.181","01598 15:16:07",267.41,800.23,,,,"     ",5.10,6692.60,0.82
1598,539367369,"01598M16:03:26.154","01598 15:16:08",267.43,800.19,,,,"     ",5.10,6714.21,0.82
1598,539367370,"01598M16:03:27.127","01598 15:16:09",267.43,800.21,,,,"     ",5.10,6625.50,0.81
1598,539367371,"01598M16:03:28.101","01598 15:16:10",267.44,800.13,,,,"     ",5.10,6706.44,0.82
1598,539367372,"01598M16:03:29.074","01598 15:16:11",267.43,800.16,,,,"     ",5.10,6686.53,0.82
1598,539367373,"01598M16:03:30.047","01598 15:16:12",267.43,800.11,,,,"     ",5.10,6671.98,0.82
1598,539367374,"01598M16:03:31.020","01598 15:16:13",267.42,799.96,,,,"     ",5.10,6686.91,0.82
1598,539367375,"01598M16:03:31.994","01598 15:16:14",267.41,799.92,,,,"     ",5.10,6707.30,0.82
1598,539367376,"01598M16:03:32.967","01598 15:16:15",267.40,800.00,,,,"     ",5.10,6757.91,0.83
1598,539367377,"01598M16:03:33.940","01598 15:16:16",267.39,800.01,,,,"     ",5.10,6724.48,0.82
1598,539367378,"01598M16:03:34.913","01598 15:16:17",267.39,799.90,,,,"     ",5.10,6669.08,0.82
1598,539367379,"01598M16:03:35.887","01598 15:16:18",267.39,800.03,,,,"     ",5.10,6652.89,0.81
1598,539367380,"01598M16:03:36.860","01598 15:16:19",267.40,800.06,,,,"     ",5.10,6731.83,0.82
1598,539367381,"01598M16:03:37.833","01598 15:16:20",267.42,800.12,,,,"     ",5.10,6689.32,0.82
1598,539367382,"01598M16:03:38.806","01598 15:16:21",267.44,800.10,,,,"     ",5.10,6718.13,0.82
1598,539367383,"01598M16:03:39.780","01598 15:16:22",267.46,800.02,,,,"     ",5.10,6725.52,0.82
1598,539367384,"01598M16:03:40.753","01598 15:16:23",267.49,800.05,,,,"     ",5.10,6609.21,0.81
1598,539367385,"01598M16:03:41.726","01598 15:16:24",267.53,800.03,,,,"     ",5.10,6676.88,0.82
1598,539367386,"01598M16:03:42.699","01598 15:16:25",267.57,799.99,,,,"     ",5.10,6725.13,0.82
1598,539367387,"01598M16:03:43.673","01598 15:16:26",267.61,800.00,,,,"     ",5.10,6767.99,0.83
1598,539367388,"01598M16:03:44.646","01598 15:16:27",267.66,800.04,,,,"     ",5.10,6764.83,0.83
1598,539367389,"01598M16:03:45.619","01598 15:16:28",267.70,800.02,,,,"     ",5.10,6794.13,0.83
1598,539367390,"01598M16:03:46.592","01598 15:16:29",267.74,800.00,,,,"     ",5.10,6742.73,0.82
1598,539367391,"01598M16:03:47.566","01598 15:16:30",267.77,800.04,,,,"     ",5.10,6655.19,0.81
1598,539367392,"01598M16:03:48.539","01598 15:16:31",267.80,799.95,,,,"     ",5.10,6729.89,0.82
1598,539367393,"01598M16:03:49.512","01598 15:16:32",267.81,799.89,,,,"     ",5.10,6724.23,0.82
1598,539367394,"01598M16:03:50.485","01598 15:16:33",267.81,799.82,,,,"     ",5.10,6704.39,0.82
1598,539367395,"01598M16:03:51.459","01598 15:16:34",267.81,799.86,,,,"     ",5.10,6708.08,0.82
1598,539367396,"01598M16:03:52.432","01598 15:16:35",267.80,799.84,,,,"     ",5.10,6697.47,0.82
1598,539367397,"01598M16:03:53.405","01598 15:16:36",267.79,799.79,,,,"     ",5.10,6675.21,0.82
1598,539367398,"01598M16:03:54.378","01598 15:16:37",267.79,799.83,,,,"     ",5.10,6750.45,0.83
1598,539367399,"01598M16:03:55.352","01598 15:16:38",267.78,799.87,,,,"     ",5.10,6748.33,0.83
1598,539367400,"01598M16:03:56.325","01598 15:16:39",267.78,799.87,,,,"     ",5.10,6751.72,0.83
1598,539367401,"01598M16:03:57.298","01598 15:16:40",267.77,799.86,,,,"     ",5.10,6741.94,0.82
1598,539367402,"01598M16:03:58.272","01598 15:16:41",267.78,799.90,,,,"     ",5.10,6604.56,0.81
1598,539367403,"01598M16:03:59.245","01598 15:16:41",267.79,799.88,,,,"     ",5.10,6776.01,0.83
1598,539367404,"01598M16:04:00.218","01598 15:16:42",267.82,799.85,,,,"     ",5.10,6747.81,0.82
1598,539367405,"01598M16:04:01.191","01598 15:16:43",267.86,799.88,,,,"     ",5.10,6743.12,0.82
1598,539367406,"01598M16:04:02.165","01598 15:16:44",267.91,799.91,,,,"     ",5.10,6709.25,0.82
1598,539367407,"01598M16:04:03.138","01598 15:16:45",267.97,799.82,,,,"     ",5.10,6695.35,0.82
1598,539367408,"01598M16:04:04.111","01598 15:16:46",268.04,799.85,,,,"     ",5.10,6731.60,0.82
1598,539367409,"01598M16:04:05.084","01598 15:16:47",268.10,799.82,,,,"     ",5.10,6654.96,0.81
1598,539367410,"01598M16:04:06.058","01598 15:16:48",268.17,799.78,,,,"     ",5.10,6765.30,0.83
1598,539367411,"01598M16:04:07.031","01598 15:16:49",268.22,799.74,,,,"     ",5.10,6745.24,0.82
1598,539367412,"01598M16:04:08.004","01598 15:16:50",268.25,799.84,,,,"     ",5.10,6669.36,0.81
1598,539367413,"01598M16:04:08.977","01598 15:16:51",268.27,799.62,,,,"     ",5.10,6712.39,0.82
1598,539367414,"01598M16:04:09.951","01598 15:16:52",268.27,799.83,,,,"     ",5.10,6693.86,0.82
1598,539367415,"01598M16:04:10.924","01598 15:16:53",268.24,799.90,,,,"     ",5.10,6639.36,0.81
1598,539367416,"01598M16:04:11.897","01598 15:16:54",268.18,799.81,,,,"     ",5.10,6637.71,0.81
1598,539367417,"01598M16:04:12.870","01598 15:16:55",268.10,799.79,,,,"     ",5.10,6716.36,0.82
1598,539367418,"01598M16:04:13.844","01598 15:16:56",267.99,799.75,,,,"     ",5.10,6704.32,0.82
1598,539367419,"01598M16:04:14.817","01598 15:16:57",267.86,799.70,,,,"     ",5.10,6756.67,0.83
1598,539367420,"01598M16:04:15.790","01598 15:16:58",267.70,799.70,,,,"     ",5.10,6768.60,0.83
1598,539367421,"01598M16:04:16.763","01598 15:16:59",267.53,799.64,,,,"     ",5.10,6683.38,0.82
1598,539367422,"01598M16:04:17.737","01598 15:17:00",267.34,799.57,,,,"     ",5.10,6735.44,0.82
1598,539367423,"01598M16:04:18.710","01598 15:17:01",267.16,799.49,,,,"     ",5.10,6727.74,0.82
1598,539367424,"01598M16:04:19.683","01598 15:17:02",266.98,799.51,,,,"     ",5.10,6778.48,0.83
1598,539367425,"01598M16:04:20.656","01598 15:17:03",266.81,799.51,,,,"     ",5.10,6661.78,0.81
1598,539367426,"01598M16:04:21.630","01598 15:17:04",266.66,799.71,,,,"     ",5.10,6752.42,0.83
1598,539367427,"01598M16:04:22.603","01598 15:17:05",266.51,799.66,,,,"     ",5.10,6736.37,0.82
1598,539367428,"01598M16:04:23.576","01598 15:17:06",265.78,799.75,,,,"     ",5.10,6710.49,0.82
1598,539367429,"01598M16:04:24.549","01598 15:17:07",265.66,799.76,,,,"     ",5.10,6602.76,0.81
1598,539367430,"01598M16:04:25.523","01598 15:17:08",265.54,799.75,,,,"     ",5.10,6604.90,0.81
1598,539367431,"01598M16:04:26.496","01598 15:17:09",265.41,799.87,,,,"     ",5.10,6633.08,0.81
1598,539367432,"01598M16:04:27.469","01598 15:17:10",265.29,799.89,,,,"     ",5.10,6717.69,0.82
1598,539367433,"01598M16:04:28.442","01598 15:17:11",265.18,799.90,,,,"     ",5.10,6712.05,0.82
1598,539367434,"01598M16:04:29.416","01598 15:17:12",265.08,799.83,,,,"     ",5.10,6731.14,0.82
1598,539367435,"01598M16:04:30.389","01598 15:17:13",264.99,799.89,,,,"     ",5.10,6679.91,0.82
1598,539367436,"01598M16:04:31.362","01598 15:17:14",264.90,799.85,,,,"     ",5.10,6605.39,0.81
1598,539367437,"01598M16:04:32.335","01598 15:17:15",264.82,799.83,,,,"     ",5.10,6777.86,0.83
1598,539367438,"01598M16:04:33.309","01598 15:17:16",264.75,799.79,,,,"     ",5.10,6674.74,0.82
1598,539367439,"01598M16:04:34.282","01598 15:17:17",264.69,799.84,,,,"     ",5.10,6618.98,0.81
1598,539367440,"01598M16:04:35.255","01598 15:17:17",264.63,799.85,,,,"     ",5.10,6700.21,0.82
1598,539367441,"01598M16:04:36.228","01598 15:17:18",264.57,799.90,,,,"     ",5.10,6631.95,0.81
1598,539367442,"01598M16:04:37.202","01598 15:17:19",264.53,799.92,,,,"     ",5.10,6598.16,0.81
1598,539367443,"01598M16:04:38.175","01598 15:17:20",264.49,799.93,,,,"     ",5.10,6640.30,0.81
1598,539370905,"01598M17:00:47.578","01598 16:13:29",264.13,795.04,,,,"     ",5.10,,
1598,539370906,"01598M17:00:48.552","01598 16:13:30",264.01,795.00,,,,"     ",5.10,4456.53,0.94
1598,539370907,"01598M17:00:49.525","01598 16:13:31",263.89,795.05,,,,"     ",5.10,4494.19,0.95
1598,539370908,"01598M17:00:50.498","01598 16:13:32",263.77,795.00,,,,"     ",5.10,4537.67,0.96
1598,539370909,"01598M17:00:51.471","01598 16:13:33",263.65,795.02,,,,"     ",5.10,4438.69,0.93
1598,539370910,"01598M17:00:52.445","01598 16:13:34",263.53,795.00,,,,"     ",5.10,4527.07,0.95
1598,539370911,"01598M17:00:53.418","01598 16:13:35",263.41,794.99,,,,"     ",5.10,4492.65,0.94
1598,539370912,"01598M17:00:54.391","01598 16:13:36",263.29,794.98,,,,"     ",5.10,4552.82,0.95
1598,539370913,"01598M17:00:55.364","01598 16:13:37",263.17,794.95,,,,"     ",5.10,4458.20,0.93
1598,539370914,"01598M17:00:56.338","01598 16:13:38",263.06,794.94,,,,"     ",5.10,4509.69,0.94
1598,539370915,"01598M17:00:57.311","01598 16:13:39",262.94,794.92,,,,"     ",5.10,4485.58,0.94
1598,539370916,"01598M17:00:58.284","01598 16:13:40",262.82,794.90,,,,"     ",5.10,4531.19,0.95
1598,539370917,"01598M17:00:59.257","01598 16:13:41",262.71,794.94,,,,"     ",5.10,4540.35,0.95
1598,539370918,"01598M17:01:00.231","01598 16:13:42",262.59,794.91,,,,"     ",5.10,4502.36,0.94
1598,539370919,"01598M17:01:01.204","01598 16:13:43",262.48,794.95,,,,"     ",5.10,4525.13,0.94
1598,539370920,"01598M17:01:02.177","01598 16:13:44",262.36,794.95,,,,"     ",5.10,4484.69,0.93
1598,539370921,"01598M17:01:03.151","01598 16:13:45",262.25,795.03,,,,"     ",5.10,4525.04,0.94
1598,539370922,"01598M17:01:04.124","01598 16:13:46",262.13,794.95,,,,"     ",5.10,4478.48,0.93
1598,539370923,"01598M17:01:05.097","01598 16:13:47",262.01,795.00,,,,"     ",5.10,4496.17,0.93
1598,539370924,"01598M17:01:06.070","01598 16:13:48",261.90,794.96,,,,"     ",5.10,4566.07,0.95
1598,539370925,"01598M17:01:07.044","01598 16:13:49",261.79,794.97,,,,"     ",5.10,4532.05,0.94
1598,539370926,"01598M17:01:08.017","01598 16:13:50",260.35,795.02,,,,"     ",5.10,4502.21,0.93
1598,539370927,"01598M17:01:08.990","01598 16:13:51",260.26,794.94,,,,"     ",5.10,4526.08,0.93
1598,539370928,"01598M17:01:09.963","01598 16:13:52",260.17,794.88,,,,"     ",5.10,4556.63,0.94
1598,539370929,"01598M17:01:10.937","01598 16:13:53",260.09,794.94,,,,"     ",5.10,4578.93,0.94
1598,539370930,"01598M17:01:11.910","01598 16:13:53",260.01,794.95,,,,"     ",5.10,4551.36,0.94
1598,539370931,"01598M17:01:12.883","01598 16:13:54",259.91,795.03,,,,"     ",5.10,4533.50,0.93
1598,539370932,"01598M17:01:13.856","01598 16:13:55",259.82,795.00,,,,"     ",5.10,4601.19,0.95
1598,539370933,"01598M17:01:14.830","01598 16:13:56",259.72,795.07,,,,"     ",5.10,4522.84,0.93
1598,539370934,"01598M17:01:15.803","01598 16:13:57",259.63,795.00,,,,"     ",5.10,4540.58,0.93
1598,539370935,"01598M17:01:16.776","01598 16:13:58",259.54,794.99,,,,"     ",5.10,4580.95,0.94
1598,539370936,"01598M17:01:17.749","01598 16:13:59",259.46,795.00,,,,"     ",5.10,4594.07,0.94
1598,539370937,"01598M17:01:18.723","01598 16:14:00",259.38,794.93,,,,"     ",5.10,4527.61,0.93
1598,539370938,"01598M17:01:19.696","01598 16:14:01",259.31,794.91,,,,"     ",5.10,4618.08,0.95
1598,539370939,"01598M17:01:20.669","01598 16:14:02",259.25,794.94,,,,"     ",5.10,4560.79,0.93
1598,539370940,"01598M17:01:21.642","01598 16:14:03",259.20,794.95,,,,"     ",5.10,4596.02,0.94
1598,539370941,"01598M17:01:22.616","01598 16:14:04",259.15,794.91,,,,"     ",5.10,4652.84,0.95
1598,539370942,"01598M17:01:23.589","01598 16:14:05",259.11,794.97,,,,"     ",5.10,4595.69,0.94
1598,539370943,"01598M17:01:24.562","01598 16:14:06",259.08,795.03,,,,"     ",5.10,4612.23,0.94
1598,539370944,"01598M17:01:25.535","01598 16:14:07",259.04,794.90,,,,"     ",5.10,4577.87,0.93
1598,539370945,"01598M17:01:26.509","01598 16:14:08",259.00,794.92,,,,"     ",5.10,4561.50,0.93
1598,539370946,"01598M17:01:27.482","01598 16:14:09",258.96,794.86,,,,"     ",5.10,4594.21,0.94
1598,539370947,"01598M17:01:28.455","01598 16:14:10",258.91,794.95,,,,"     ",5.10,4684.77,0.95
1598,539370948,"01598M17:01:29.428","01598 16:14:11",258.85,794.97,,,,"     ",5.10,4629.01,0.94
1598,539370949,"01598M17:01:30.402","01598 16:14:12",258.78,794.96,,,,"     ",5.10,4616.63,0.94
1598,539370950,"01598M17:01:31.375","01598 16:14:13",258.71,794.96,,,,"     ",5.10,4591.09,0.93
1598,539370951,"01598M17:01:32.348","01598 16:14:14",258.63,794.99,,,,"     ",5.10,4573.44,0.93
1598,539370952,"01598M17:01:33.321","01598 16:14:15",258.54,794.96,,,,"     ",5.10,4653.75,0.94
1598,539370953,"01598M17:01:34.295","01598 16:14:16",258.46,794.94,,,,"     ",5.10,4605.14,0.93
1598,539370954,"01598M17:01:35.268","01598 16:14:17",258.39,794.91,,,,"     ",5.10,4626.59,0.94
1598,539370955,"01598M17:01:36.241","01598 16:14:18",258.33,794.90,,,,"     ",5.10,4618.73,0.94
1598,539370956,"01598M17:01:37.214","01598 16:14:19",258.27,794.97,,,,"     ",5.10,4600.24,0.93
1598,539370957,"01598M17:01:38.188","01598 16:14:20",258.21,794.89,,,,"     ",5.10,4598.54,0.93
1598,539370958,"01598M17:01:39.161","01598 16:14:21",258.16,794.83,,,,"     ",5.10,4610.28,0.93
1598,539370959,"01598M17:01:40.134","01598 16:14:22",258.11,794.90,,,,"     ",5.10,4579.98,0.93
1598,539370960,"01598M17:01:41.107","01598 16:14:23",258.08,795.03,,,,"     ",5.10,4616.77,0.93
1598,539370961,"01598M17:01:42.081","01598 16:14:24",258.04,794.88,,,,"     ",5.10,4590.35,0.93
1598,539370962,"01598M17:01:43.054","01598 16:14:25",258.01,794.91,,,,"     ",5.10,4661.88,0.94
1598,539370963,"01598M17:01:44.027","01598 16:14:26",257.99,794.95,,,,"     ",5.10,4591.54,0.93
1598,539370964,"01598M17:01:45.000","01598 16:14:27",257.97,794.93,,,,"     ",5.10,4728.79,0.96
1598,539370965,"01598M17:01:45.974","01598 16:14:28",257.96,794.91,,,,"     ",5.10,4644.77,0.94
1598,539370966,"01598M17:01:46.947","01598 16:14:29",257.95,794.84,,,,"     ",5.10,4646.58,0.94
1598,539370967,"01598M17:01:47.920","01598 16:14:29",257.93,794.92,,,,"     ",5.10,4642.71,0.94
1598,539370968,"01598M17:01:48.893","01598 16:14:30",257.92,794.88,,,,"     ",5.10,4645.71,0.94
1598,539370969,"01598M17:01:49.867","01598 16:14:31",257.90,794.93,,,,"     ",5.10,4703.03,0.95
1598,539370970,"01598M17:01:50.840","01598 16:14:32",257.88,794.89,,,,"     ",5.10,4581.27,0.92
1598,539370971,"01598M17:01:51.813","01598 16:14:33",257.85,794.81,,,,"     ",5.10,4659.74,0.94
1598,539370972,"01598M17:01:52.786","01598 16:14:34",257.83,794.87,,,,"     ",5.10,4576.89,0.92
1598,539370973,"01598M17:01:53.760","01598 16:14:35",257.81,794.91,,,,"     ",5.10,4685.78,0.94
1598,539370974,"01598M17:01:54.733","01598 16:14:36",257.78,794.91,,,,"     ",5.10,4601.39,0.93
1598,539370975,"01598M17:01:55.706","01598 16:14:37",257.74,794.86,,,,"     ",5.10,4634.76,0.93
1598,539370976,"01598M17:01:56.679","01598 16:14:38",257.70,794.92,,,,"     ",5.10,4640.16,0.93
1598,539370977,"01598M17:01:57.653","01598 16:14:39",257.67,794.97,,,,"     ",5.10,4607.07,0.93
1598,539370978,"01598M17:01:58.626","01598 16:14:40",257.63,794.94,,,,"     ",5.10,4641.83,0.93
1598,539370979,"01598M17:01:59.599","01598 16:14:41",257.60,794.92,,,,"     ",5.10,4634.13,0.93
1598,539370980,"01598M17:02:00.572","01598 16:14:42",257.57,794.92,,,,"     ",5.10,4576.47,0.92
1598,539370981,"01598M17:02:01.546","01598 16:14:43",257.55,794.88,,,,"     ",5.10,4606.87,0.93
1598,539370982,"01598M17:02:02.519","01598 16:14:44",257.53,794.75,,,,"     ",5.10,4608.12,0.93
1598,539370983,"01598M17:02:03.492","01598 16:14:45",257.50,794.79,,,,"     ",5.10,4656.90,0.94
1598,539370984,"01598M17:02:04.465","01598 16:14:46",257.48,794.78,,,,"     ",5.10,4674.90,0.94
1598,539370985,"01598M17:02:05.439","01598 16:14:47",257.46,794.81,,,,"     ",5.10,4599.77,0.92
1598,539370986,"01598M17:02:06.412","01598 16:14:48",257.43,794.85,,,,"     ",5.10,4625.77,0.93
1598,539370987,"01598M17:02:07.385","01598 16:14:49",257.41,794.89,,,,"     ",5.10,4639.22,0.93
1598,539370988,"01598M17:02:08.358","01598 16:14:50",257.39,794.78,,,,"     ",5.10,4691.20,0.94
1598,539370989,"01598M17:02:09.332","01598 16:14:51",257.36,794.88,,,,"     ",5.10,4635.71,0.93
1598,539370990,"01598M17:02:10.305","01598 16:14:52",257.34,794.91,,,,"     ",5.10,4608.91,0.93
1598,539370991,"01598M17:02:11.278","01598 16:14:53",257.31,794.92,,,,"     ",5.10,4696.01,0.94
1598,539370992,"01598M17:02:12.252","01598 16:14:54",257.28,794.88,,,,"     ",5.10,4670.07,0.94
1598,539370993,"01598M17:02:13.225","01598 16:14:55",257.25,794.85,,,,"     ",5.10,4657.94,0.93
1598,539370994,"01598M17:02:14.198","01598 16:14:56",257.22,794.88,,,,"     ",5.10,4635.62,0.93
1598,539370995,"01598M17:02:15.171","01598 16:14:57",257.19,794.84,,,,"     ",5.10,4593.01,0.92
1598,539370996,"01598M17:02:16.145","01598 16:14:58",257.17,794.81,,,,"     ",5.10,4611.31,0.92
1598,539370997,"01598M17:02:17.118","01598 16:14:59",257.16,794.78,,,,"     ",5.10,4691.05,0.94
1598,539370998,"01598M17:02:18.091","01598 16:15:00",257.14,794.88,,,,"     ",5.10,4618.58,0.93
1598,539370999,"01598M17:02:19.064","01598 16:15:01",257.13,794.84,,,,"     ",5.10,4679.57,0.94
1598,539371000,"01598M17:02:20.038","01598 16:15:02",257.12,794.94,,,,"     ",5.10,4657.43,0.93
1598,539371001,"01598M17:02:21.011","01598 16:15:03",257.12,794.91,,,,"     ",5.10,4626.42,0.93
1598,539371002,"01598M17:02:21.984","01598 16:15:04",257.11,794.86,,,,"     ",5.10,4707.70,0.94
1598,539371003,"01598M17:02:22.957","01598 16:15:05",257.11,794.93,,,,"     ",5.10,4631.37,0.93
1598,539371004,"01598M17:02:23.931","01598 16:15:05",257.11,794.89,,,,"     ",5.10,4702.13,0.94
1598,539371005,"01598M17:02:24.904","01598 16:15:06",257.12,794.89,,,,"     ",5.10,4702.87,0.94
1598,539371006,"01598M17:02:25.877","01598 16:15:07",257.13,794.87,,,,"     ",5.10,4703.60,0.94
1598,539371007,"01598M17:02:26.850","01598 16:15:08",257.14,794.75,,,,"     ",5.10,4602.72,0.92
1598,539371008,"01598M17:02:27.824","01598 16:15:09",257.13,794.79,,,,"     ",5.10,4625.96,0.93
1598,539371009,"01598M17:02:28.797","01598 16:15:10",257.13,794.82,,,,"     ",5.10,4571.99,0.91
1598,539371010,"01598M17:02:29.770","01598 16:15:11",257.12,794.86,,,,"     ",5.10,4691.69,0.94
1598,539371011,"01598M17:02:30.743","01598 16:15:12",257.11,794.82,,,,"     ",5.10,4671.71,0.94
1598,539371012,"01598M17:02:31.717","01598 16:15:13",257.12,794.80,,,,"     ",5.10,4597.79,0.92
1598,539371013,"01598M17:02:32.690","01598 16:15:14",257.13,794.73,,,,"     ",5.10,4682.50,0.94
1598,539371014,"01598M17:02:33.663","01598 16:15:15",257.14,794.90,,,,"     ",5.10,4590.45,0.92
1598,539371015,"01598M17:02:34.636","01598 16:15:16",257.16,794.95,,,,"     ",5.10,4655.36,0.93
1598,539371016,"01598M17:02:35.610","01598 16:15:17",257.18,794.83,,,,"     ",5.10,4629.13,0.93
1598,539371017,"01598M17:02:36.583","01598 16:15:18",257.19,794.84,,,,"     ",5.10,4627.66,0.92
1598,539371018,"01598M17:02:37.556","01598 16:15:19",257.20,794.87,,,,"     ",5.10,4649.08,0.93
1598,539371019,"01598M17:02:38.529","01598 16:15:20",257.20,794.88,,,,"     ",5.10,4683.88,0.94
1598,539371020,"01598M17:02:39.503","01598 16:15:21",257.20,794.86,,,,"     ",5.10,4690.36,0.94
1598,539371021,"01598M17:02:40.476","01598 16:15:22",257.19,794.80,,,,"     ",5.10,4640.95,0.93
1598,539371022,"01598M17:02:41.449","01598 16:15:23",257.18,794.74,,,,"     ",5.10,4635.72,0.93
1598,539371023,"01598M17:02:42.422","01598 16:15:24",257.17,794.79,,,,"     ",5.10,4604.10,0.92
1598,539371024,"01598M17:02:43.396","01598 16:15:25",257.15,794.76,,,,"     ",5.10,4709.12,0.94
1598,539371025,"01598M17:02:44.369","01598 16:15:26",257.12,794.85,,,,"     ",5.10,4624.69,0.92
1598,539371026,"01598M17:02:45.342","01598 16:15:27",257.08,794.88,,,,"     ",5.10,4658.27,0.93
1598,539371027,"01598M17:02:46.315","01598 16:15:28",257.04,794.84,,,,"     ",5.10,4677.01,0.93
1598,539371028,"01598M17:02:47.289","01598 16:15:29",256.99,794.80,,,,"     ",5.10,4720.88,0.94
1598,539371029,"01598M17:02:48.262","01598 16:15:30",256.96,794.83,,,,"     ",5.10,4664.80,0.93
1598,539371030,"01598M17:02:49.235","01598 16:15:31",256.93,794.76,,,,"     ",5.10,4716.92,0.94
1598,539371031,"01598M17:02:50.208","01598 16:15:32",256.92,794.75,,,,"     ",5.10,4653.92,0.93
1598,539371032,"01598M17:02:51.182","01598 16:15:33",256.92,794.78,,,,"     ",5.10,4707.24,0.94
1598,539371033,"01598M17:02:52.155","01598 16:15:34",256.93,794.80,,,,"     ",5.10,4670.33,0.93
1598,539371034,"01598M17:02:53.128","01598 16:15:35",256.93,794.84,,,,"     ",5.10,4722.62,0.94
1598,539371035,"01598M17:02:54.101","01598 16:15:36",256.94,794.81,,,,"     ",5.10,4615.84,0.92
1598,539371036,"01598M17:02:55.075","01598 16:15:37",256.95,794.87,,,,"     ",5.10,4686.99,0.94
1598,539371037,"01598M17:02:56.048","01598 16:15:38",256.96,794.89,,,,"     ",5.10,4726.08,0.94
1598,539371038,"01598M17:02:57.021","01598 16:15:39",256.98,794.80,,,,"     ",5.10,4668.45,0.93
1598,539371039,"01598M17:02:57.994","01598 16:15:40",256.99,794.83,,,,"     ",5.10,4720.60,0.94
1598,539371040,"01598M17:02:58.968","01598 16:15:41",257.01,794.78,,,,"     ",5.10,4705.74,0.94
1598,539371041,"01598M17:02:59.941","01598 16:15:42",257.04,794.80,,,,"     ",5.10,4686.37,0.93
1598,539371042,"01598M17:03:00.914","01598 16:15:42",257.06,794.81,,,,"     ",5.10,4646.24,0.93
1598,539371043,"01598M17:03:01.887","01598 16:15:43",257.08,794.80,,,,"     ",5.10,4700.39,0.94
1598,539371044,"01598M17:03:02.861","01598 16:15:44",257.10,794.82,,,,"     ",5.10,4692.88,0.94
1598,539371045,"01598M17:03:03.834","01598 16:15:45",257.12,794.84,,,,"     ",5.10,4741.27,0.95
1598,539371046,"01598M17:03:04.807","01598 16:15:46",257.14,794.77,,,,"     ",5.10,4627.83,0.92
1598,539371047,"01598M17:03:05.780","01598 16:15:47",257.15,794.78,,,,"     ",5.10,4642.75,0.93
1598,539371048,"01598M17:03:06.754","01598 16:15:48",257.15,794.86,,,,"     ",5.10,4673.13,0.93
1598,539371049,"01598M17:03:07.727","01598 16:15:49",257.16,794.77,,,,"     ",5.10,4711.09,0.94
1598,539371050,"01598M17:03:08.700","01598 16:15:50",257.15,794.78,,,,"     ",5.10,4655.50,0.93
1598,539371051,"01598M17:03:09.673","01598 16:15:51",257.13,794.72,,,,"     ",5.10,4682.27,0.93
1598,539371052,"01598M17:03:10.647","01598 16:15:52",257.11,794.72,,,,"     ",5.10,4726.68,0.94
1598,539371053,"01598M17:03:11.620","01598 16:15:53",257.09,794.76,,,,"     ",5.10,4630.29,0.92
1598,539371054,"01598M17:03:12.593","01598 16:15:54",257.06,794.78,,,,"     ",5.10,4667.67,0.93
1598,539371055,"01598M17:03:13.566","01598 16:15:55",257.02,794.77,,,,"     ",5.10,4681.11,0.93
1598,539371056,"01598M17:03:14.540","01598 16:15:56",256.99,794.79,,,,"     ",5.10,4688.98,0.94
1598,539371057,"01598M17:03:15.513","01598 16:15:57",256.96,794.77,,,,"     ",5.10,4715.98,0.94
1598,539371058,"01598M17:03:16.486","01598 16:15:58",256.93,794.75,,,,"     ",5.10,4720.80,0.94
1598,539371059,"01598M17:03:17.459","01598 16:15:59",256.91,794.80,,,,"     ",5.10,4641.43,0.93
1598,539371060,"01598M17:03:18.433","01598 16:16:00",256.90,794.81,,,,"     ",5.10,4671.97,0.93
1598,539371061,"01598M17:03:19.406","01598 16:16:01",256.89,794.79,,,,"     ",5.10,4663.37,0.93
1598,539371062,"01598M17:03:20.379","01598 16:16:02",256.89,794.76,,,,"     ",5.10,4682.35,0.93
1598,539371063,"01598M17:03:21.353","01598 16:16:03",256.89,794.81,,,,"     ",5.10,4657.89,0.93
1598,539371064,"01598M17:03:22.326","01598 16:16:04",256.88,794.77,,,,"     ",5.10,4653.63,0.93
1598,539371065,"01598M17:03:23.299","01598 16:16:05",256.87,794.79,,,,"     ",5.10,4588.09,0.92
1598,539371066,"01598M17:03:24.272","01598 16:16:06",256.87,794.81,,,,"     ",5.10,4644.10,0.93
1598,539371067,"01598M17:03:25.246","01598 16:16:07",256.86,794.83,,,,"     ",5.10,4634.38,0.93
1598,539371068,"01598M17:03:26.219","01598 16:16:08",256.85,794.86,,,,"     ",5.10,4596.16,0.92
1598,539371069,"01598M17:03:27.192","01598 16:16:09",256.84,794.75,,,,"     ",5.10,4699.11,0.94
1598,539371070,"01598M17:03:28.165","01598 16:16:10",256.83,794.79,,,,"     ",5.10,4616.39,0.92
1598,539371071,"01598M17:03:29.139","01598 16:16:11",256.83,794.82,,,,"     ",5.10,4667.05,0.93
1598,539371072,"01598M17:03:30.112","01598 16:16:12",256.82,794.78,,,,"     ",5.10,4634.00,0.93
1598,539371073,"01598M17:03:31.085","01598 16:16:13",256.82,794.79,,,,"     ",5.10,4646.74,0.93
1598,539371074,"01598M17:03:32.058","01598 16:16:14",256.83,794.84,,,,"     ",5.10,4632.91,0.93
1598,539371075,"01598M17:03:33.032","01598 16:16:15",256.84,794.82,,,,"     ",5.10,4644.35,0.93
1598,539371076,"01598M17:03:34.005","01598 16:16:16",256.86,794.74,,,,"     ",5.10,4674.59,0.94
1598,539371077,"01598M17:03:34.978","01598 16:16:17",256.90,794.71,,,,"     ",5.10,4690.53,0.94
1598,539371078,"01598M17:03:35.951","01598 16:16:18",256.94,794.76,,,,"     ",5.10,4642.26,0.93
1598,539371079,"01598M17:03:36.925","01598 16:16:18",256.98,794.76,,,,"     ",5.10,4654.74,0.93
1598,539371080,"01598M17:03:37.898","01598 16:16:19",257.02,794.81,,,,"     ",5.10,4651.25,0.93
1598,539371081,"01598M17:03:38.871","01598 16:16:20",257.06,794.77,,,,"     ",5.10,4630.84,0.93
1598,539371082,"01598M17:03:39.844","01598 16:16:21",257.09,794.75,,,,"     ",5.10,4646.07,0.93
1598,539371083,"01598M17:03:40.818","01598 16:16:22",257.13,794.81,,,,"     ",5.10,4687.62,0.94
1598,539371084,"01598M17:03:41.791","01598 16:16:23",257.14,794.81,,,,"     ",5.10,4668.18,0.94
1598,539371085,"01598M17:03:42.764","01598 16:16:24",257.15,794.74,,,,"     ",5.10,4613.86,0.93
1598,539371086,"01598M17:03:43.737","01598 16:16:25",257.15,794.83,,,,"     ",5.10,4644.83,0.94
1598,539371087,"01598M17:03:44.711","01598 16:16:26",257.13,794.79,,,,"     ",5.10,4657.39,0.94
1598,539371088,"01598M17:03:45.684","01598 16:16:27",257.10,794.72,,,,"     ",5.10,4582.42,0.92
1598,539371089,"01598M17:03:46.657","01598 16:16:28",257.06,794.79,,,,"     ",5.10,4641.58,0.93
1598,539371090,"01598M17:03:47.630","01598 16:16:29",257.03,794.76,,,,"     ",5.10,4642.37,0.93
1598,539371091,"01598M17:03:48.604","01598 16:16:30",256.99,794.73,,,,"     ",5.10,4624.45,0.93
1598,539371092,"01598M17:03:49.577","01598 16:16:31",256.96,794.84,,,,"     ",5.10,4653.97,0.94
1598,539371093,"01598M17:03:50.550","01598 16:16:32",256.93,794.81,,,,"     ",5.10,4603.60,0.93
1598,539371094,"01598M17:03:51.523","01598 16:16:33",256.92,794.64,,,,"     ",5.10,4584.41,0.92
1598,539371095,"01598M17:03:52.497","01598 16:16:34",256.90,794.63,,,,"     ",5.10,4587.90,0.93
1598,539371096,"01598M17:03:53.470","01598 16:16:35",256.89,794.67,,,,"     ",5.10,4627.83,0.93
1598,539371097,"01598M17:03:54.443","01598 16:16:36",256.87,794.68,,,,"     ",5.10,4631.92,0.94
1598,539371098,"01598M17:03:55.416","01598 16:16:37",256.85,794.73,,,,"     ",5.10,4666.87,0.94
1598,539371099,"01598M17:03:56.390","01598 16:16:38",256.84,794.63,,,,"     ",5.10,4622.18,0.93
1598,539371100,"01598M17:03:57.363","01598 16:16:39",256.82,794.66,,,,"     ",5.10,4633.49,0.94
1598,539371101,"01598M17:03:58.336","01598 16:16:40",256.81,794.59,,,,"     ",5.10,4566.67,0.92
1598,539371102,"01598M17:03:59.309","01598 16:16:41",256.78,794.53,,,,"     ",5.10,4567.63,0.92
1598,539371103,"01598M17:04:00.283","01598 16:16:42",256.76,794.52,,,,"     ",5.10,4572.07,0.93
1598,539371104,"01598M17:04:01.256","01598 16:16:43",256.73,794.66,,,,"     ",5.10,4657.05,0.94
1598,539371105,"01598M17:04:02.229","01598 16:16:44",256.70,794.80,,,,"     ",5.10,4597.53,0.93
1598,539371106,"01598M17:04:03.202","01598 16:16:45",256.67,794.77,,,,"     ",5.10,4562.45,0.93
1598,539371107,"01598M17:04:04.176","01598 16:16:46",256.64,794.60,,,,"     ",5.10,4573.88,0.93
1598,539371108,"01598M17:04:05.149","01598 16:16:47",256.62,794.74,,,,"     ",5.10,4654.59,0.95
1598,539371109,"01598M17:04:06.122","01598 16:16:48",256.60,794.73,,,,"     ",5.10,4610.41,0.94
1598,539371110,"01598M17:04:07.095","01598 16:16:49",256.59,794.68,,,,"     ",5.10,4688.46,0.95
1598,539371111,"01598M17:04:08.069","01598 16:16:50",256.57,794.69,,,,"     ",5.10,4672.45,0.95
1598,539371112,"01598M17:04:09.042","01598 16:16:51",256.55,794.78,,,,"     ",5.10,4577.47,0.93
1598,539371113,"01598M17:04:10.015","01598 16:16:52",256.54,794.64,,,,"     ",5.10,4615.29,0.94
1598,539371114,"01598M17:04:10.988","01598 16:16:53",256.53,794.65,,,,"     ",5.10,4647.37,0.95
1598,539371115,"01598M17:04:11.962","01598 16:16:54",256.52,794.55,,,,"     ",5.10,4567.91,0.93
1598,539371116,"01598M17:04:12.935","01598 16:16:54",256.51,794.56,,,,"     ",5.10,4570.55,0.93
1598,539371117,"01598M17:04:13.908","01598 16:16:55",256.51,794.60,,,,"     ",5.10,4627.87,0.94
1598,539371118,"01598M17:04:14.881","01598 16:16:56",256.51,794.56,,,,"     ",5.10,4545.16,0.93
1598,539371119,"01598M17:04:15.855","01598 16:16:57",256.51,794.61,,,,"     ",5.10,4516.22,0.92
1598,539371120,"01598M17:04:16.828","01598 16:16:58",256.51,794.67,,,,"     ",5.10,4635.78,0.95
1598,539371121,"01598M17:04:17.801","01598 16:16:59",256.52,794.69,,,,"     ",5.10,4637.01,0.95
1598,539371122,"01598M17:04:18.774","01598 16:17:00",256.53,794.76,,,,"     ",5.10,4603.58,0.94
1598,539371123,"01598M17:04:19.748","01598 16:17:01",256.53,794.77,,,,"     ",5.10,4582.05,0.94
1598,539371124,"01598M17:04:20.721","01598 16:17:02",256.53,794.78,,,,"     ",5.10,4551.91,0.93
1598,539371125,"01598M17:04:21.694","01598 16:17:03",256.53,794.81,,,,"     ",5.10,4557.57,0.93
1598,539371126,"01598M17:04:22.667","01598 16:17:04",256.53,794.78,,,,"     ",5.10,4594.34,0.94
1598,539371127,"01598M17:04:23.641","01598 16:17:05",256.52,794.86,,,,"     ",5.10,4567.82,0.94
1598,539371128,"01598M17:04:24.614","01598 16:17:06",256.51,794.81,,,,"     ",5.10,4617.84,0.95
1598,539371129,"01598M17:04:25.587","01598 16:17:07",256.51,794.77,,,,"     ",5.10,4557.08,0.94
1598,539371130,"01598M17:04:26.560","01598 16:17:08",256.49,794.81,,,,"     ",5.10,4603.12,0.95
1598,539371131,"01598M17:04:27.534","01598 16:17:09",256.48,794.82,,,,"     ",5.10,4562.92,0.94
1598,539371132,"01598M17:04:28.507","01598 16:17:10",256.47,794.79,,,,"     ",5.10,4556.49,0.94
1598,539371133,"01598M17:04:29.480","01598 16:17:11",256.46,794.84,,,,"     ",5.10,4586.10,0.94
1598,539371134,"01598M17:04:30.454","01598 16:17:12",256.45,794.76,,,,"     ",5.10,4548.96,0.94
1598,539371135,"01598M17:04:31.427","01598 16:17:13",256.45,794.79,,,,"     ",5.10,4569.26,0.94
1598,539371136,"01598M17:04:32.400","01598 16:17:14",256.45,794.87,,,,"     ",5.10,4565.07,0.94
1598,539371137,"01598M17:04:33.373","01598 16:17:15",256.46,794.81,,,,"     ",5.10,4525.24,0.93
1598,539371138,"01598M17:04:34.347","01598 16:17:16",256.48,794.75,,,,"     ",5.10,4569.73,0.94
1598,539371139,"01598M17:04:35.320","01598 16:17:17",256.52,794.75,,,,"     ",5.10,4618.15,0.95
1598,539371140,"01598M17:04:36.293","01598 16:17:18",256.56,794.78,,,,"     ",5.10,4590.65,0.95
1598,539371141,"01598M17:04:37.266","01598 16:17:19",256.61,794.79,,,,"     ",5.10,4556.86,0.94
1598,539371142,"01598M17:04:38.240","01598 16:17:20",256.66,794.80,,,,"     ",5.10,4540.16,0.94
1598,539371143,"01598M17:04:39.213","01598 16:17:21",256.71,794.72,,,,"     ",5.10,4580.75,0.94
1598,539371144,"01598M17:04:40.186","01598 16:17:22",256.76,794.72,,,,"     ",5.10,4610.35,0.95
1598,539371145,"01598M17:04:41.159","01598 16:17:23",256.80,794.83,,,,"     ",5.10,4575.13,0.94
1598,539371146,"01598M17:04:42.133","01598 16:17:24",256.83,794.72,,,,"     ",5.10,4576.71,0.94
1598,539371147,"01598M17:04:43.106","01598 16:17:25",256.86,794.76,,,,"     ",5.10,4537.89,0.93
1598,539371148,"01598M17:04:44.079","01598 16:17:26",256.87,794.86,,,,"     ",5.10,4554.68,0.94
1598,539371149,"01598M17:04:45.052","01598 16:17:27",256.87,794.76,,,,"     ",5.10,4601.27,0.95
1598,539371150,"01598M17:04:46.026","01598 16:17:28",256.86,794.82,,,,"     ",5.10,4581.12,0.94
1598,539371151,"01598M17:04:46.999","01598 16:17:29",256.85,794.79,,,,"     ",5.10,4529.70,0.93
1598,539371152,"01598M17:04:47.972","01598 16:17:30",256.85,794.80,,,,"     ",5.10,4595.46,0.95
1598,539371153,"01598M17:04:48.945","01598 16:17:30",256.85,794.78,,,,"     ",5.10,4584.84,0.95
1598,539371154,"01598M17:04:49.919","01598 16:17:31",256.86,794.79,,,,"     ",5.10,4570.46,0.94
1598,539371155,"01598M17:04:50.892","01598 16:17:32",256.87,794.78,,,,"     ",5.10,4508.36,0.93
1598,539371156,"01598M17:04:51.865","01598 16:17:33",256.89,794.76,,,,"     ",5.10,4577.40,0.94
1598,539371157,"01598M17:04:52.838","01598 16:17:34",256.90,794.64,,,,"     ",5.10,4626.95,0.95
1598,539371158,"01598M17:04:53.812","01598 16:17:35",256.90,794.70,,,,"     ",5.10,4551.79,0.94
1598,539371159,"01598M17:04:54.785","01598 16:17:36",256.90,794.73,,,,"     ",5.10,4562.90,0.94
1598,539371160,"01598M17:04:55.758","01598 16:17:37",256.90,794.67,,,,"     ",5.10,4551.04,0.94
1598,539371161,"01598M17:04:56.731","01598 16:17:38",256.89,794.69,,,,"     ",5.10,4518.97,0.93
1598,539371162,"01598M17:04:57.705","01598 16:17:39",256.88,794.72,,,,"     ",5.10,4513.29,0.93
1598,539371163,"01598M17:04:58.678","01598 16:17:40",256.87,794.63,,,,"     ",5.10,4578.38,0.94
1598,539371164,"01598M17:04:59.651","01598 16:17:41",256.85,794.53,,,,"     ",5.10,4531.96,0.93
1598,539371165,"01598M17:05:00.624","01598 16:17:42",256.83,794.63,,,,"     ",5.10,4605.86,0.95
1598,539371166,"01598M17:05:01.598","01598 16:17:43",256.81,794.66,,,,"     ",5.10,4572.91,0.94
1598,539371167,"01598M17:05:02.571","01598 16:17:44",256.79,794.67,,,,"     ",5.10,4490.47,0.93
1598,539371168,"01598M17:05:03.544","01598 16:17:45",256.77,794.68,,,,"     ",5.10,4576.60,0.94
1598,539371169,"01598M17:05:04.517","01598 16:17:46",256.75,794.64,,,,"     ",5.10,4508.14,0.93
1598,539371170,"01598M17:05:05.491","01598 16:17:47",256.74,794.67,,,,"     ",5.10,4543.45,0.94
1598,539371171,"01598M17:05:06.464","01598 16:17:48",256.72,794.78,,,,"     ",5.10,4507.76,0.93
1598,539371172,"01598M17:05:07.437","01598 16:17:49",256.71,794.60,,,,"     ",5.10,4509.46,0.93
1598,539371173,"01598M17:05:08.410","01598 16:17:50",256.69,794.64,,,,"     ",5.10,4575.47,0.94
1598,539371174,"01598M17:05:09.384","01598 16:17:51",256.66,794.67,,,,"     ",5.10,4552.16,0.94
1598,539371175,"01598M17:05:10.357","01598 16:17:52",256.63,794.73,,,,"     ",5.10,4519.19,0.93
1598,539371176,"01598M17:05:11.330","01598 16:17:53",256.61,794.79,,,,"     ",5.10,4536.20,0.94
1598,539371177,"01598M17:05:12.303","01598 16:17:54",256.59,794.75,,,,"     ",5.10,4540.92,0.94
1598,539371178,"01598M17:05:13.277","01598 16:17:55",256.59,794.78,,,,"     ",5.10,4529.66,0.94
1598,539371179,"01598M17:05:14.250","01598 16:17:56",256.60,794.74,,,,"     ",5.10,4571.63,0.95
1598,539371180,"01598M17:05:15.223","01598 16:17:57",256.60,794.73,,,,"     ",5.10,4534.62,0.94
1598,539371181,"01598M17:05:16.196","01598 16:17:58",256.61,794.66,,,,"     ",5.10,4554.40,0.94
1598,539371182,"01598M17:05:17.170","01598 16:17:59",256.62,794.68,,,,"     ",5.10,4547.92,0.94
1598,539371183,"01598M17:05:18.143","01598 16:18:00",256.62,794.75,,,,"     ",5.10,4519.60,0.94
1598,539371184,"01598M17:05:19.116","01598 16:18:01",256.62,794.78,,,,"     ",5.10,4597.46,0.95
1598,539371185,"01598M17:05:20.089","01598 16:18:02",256.62,794.69,,,,"     ",5.10,4543.78,0.94
1598,539371186,"01598M17:05:21.063","01598 16:18:03",256.62,794.75,,,,"     ",5.10,4514.93,0.94
1598,539371187,"01598M17:05:22.036","01598 16:18:04",256.61,794.72,,,,"     ",5.10,4570.66,0.95
1598,539371188,"01598M17:05:23.009","01598 16:18:05",256.60,794.79,,,,"     ",5.10,4529.67,0.94
1598,539371189,"01598M17:05:23.982","01598 16:18:06",256.58,794.70,,,,"     ",5.10,4545.00,0.94
1598,539371190,"01598M17:05:24.956","01598 16:18:06",256.56,794.80,,,,"     ",5.10,4473.60,0.93
1598,539371191,"01598M17:05:25.929","01598 16:18:07",256.52,794.75,,,,"     ",5.10,4574.88,0.95
1598,539371192,"01598M17:05:26.902","01598 16:18:08",256.49,794.65,,,,"     ",5.10,4546.64,0.94
1598,539371193,"01598M17:05:27.875","01598 16:18:09",256.46,794.70,,,,"     ",5.10,4525.60,0.94
1598,539371194,"01598M17:05:28.849","01598 16:18:10",256.43,794.67,,,,"     ",5.10,4548.50,0.95
1598,539371195,"01598M17:05:29.822","01598 16:18:11",256.42,794.75,,,,"     ",5.10,4534.59,0.94
1598,539371196,"01598M17:05:30.795","01598 16:18:12",256.41,794.74,,,,"     ",5.10,4596.64,0.96
1598,539371197,"01598M17:05:31.768","01598 16:18:13",256.40,794.72,,,,"     ",5.10,4489.10,0.93
1598,539371198,"01598M17:05:32.742","01598 16:18:14",256.39,794.74,,,,"     ",5.10,4542.89,0.95
1598,539371199,"01598M17:05:33.715","01598 16:18:15",256.39,794.83,,,,"     ",5.10,4548.41,0.95
1598,539371200,"01598M17:05:34.688","01598 16:18:16",256.38,794.69,,,,"     ",5.10,4536.28,0.95
1598,539371201,"01598M17:05:35.661","01598 16:18:17",256.36,794.66,,,,"     ",5.10,4496.27,0.94
1598,539371202,"01598M17:05:36.635","01598 16:18:18",256.34,794.62,,,,"     ",5.10,4520.09,0.94
1598,539371203,"01598M17:05:37.608","01598 16:18:19",256.32,794.61,,,,"     ",5.10,4486.78,0.94
1598,539371204,"01598M17:05:38.581","01598 16:18:20",256.30,794.80,,,,"     ",5.10,4522.09,0.94
1598,539371205,"01598M17:05:39.554","01598 16:18:21",256.27,794.73,,,,"     ",5.10,4561.32,0.95
1598,539371206,"01598M17:05:40.528","01598 16:18:22",256.24,794.69,,,,"     ",5.10,4503.05,0.94
1598,539371207,"01598M17:05:41.501","01598 16:18:23",256.21,794.70,,,,"     ",5.10,4566.11,0.96
1598,539371208,"01598M17:05:42.474","01598 16:18:24",256.18,794.74,,,,"     ",5.10,4480.33,0.94
1598,539371209,"01598M17:05:43.448","01598 16:18:25",256.15,794.74,,,,"     ",5.10,4452.17,0.93
1598,539371210,"01598M17:05:44.421","01598 16:18:26",256.12,794.57,,,,"     ",5.10,4513.83,0.94
1598,539371211,"01598M17:05:45.394","01598 16:18:27",256.08,794.65,,,,"     ",5.10,4493.74,0.94
1598,539371212,"01598M17:05:46.367","01598 16:18:28",256.04,794.61,,,,"     ",5.10,4537.22,0.95
1598,539374594,"01598M18:00:37.911","01598 17:13:19",249.99,792.69,,,,"     ",5.10,,
1598,539374595,"01598M18:00:38.884","01598 17:13:20",250.05,792.86,,,,"     ",5.10,2307.94,1.25
1598,539374596,"01598M18:00:39.857","01598 17:13:21",250.11,792.91,,,,"     ",5.10,2344.05,1.27
1598,539374597,"01598M18:00:40.830","01598 17:13:22",250.17,792.86,,,,"     ",5.10,2354.93,1.27
1598,539374598,"01598M18:00:41.804","01598 17:13:23",250.22,792.89,,,,"     ",5.10,2326.15,1.26
1598,539374599,"01598M18:00:42.777","01598 17:13:24",250.26,792.96,,,,"     ",5.10,2318.64,1.25
1598,539374600,"01598M18:00:43.750","01598 17:13:25",250.30,792.90,,,,"     ",5.10,2336.62,1.26
1598,539374601,"01598M18:00:44.723","01598 17:13:26",250.34,792.81,,,,"     ",5.10,2315.61,1.25
1598,539374602,"01598M18:00:45.697","01598 17:13:27",250.37,792.78,,,,"     ",5.10,2342.35,1.26
1598,539374603,"01598M18:00:46.670","01598 17:13:28",250.41,792.77,,,,"     ",5.10,2334.63,1.25
1598,539374604,"01598M18:00:47.643","01598 17:13:29",250.43,792.90,,,,"     ",5.10,2336.98,1.25
1598,539374605,"01598M18:00:48.616","01598 17:13:30",250.45,792.86,,,,"     ",5.10,2342.98,1.26
1598,539374606,"01598M18:00:49.590","01598 17:13:31",250.47,792.91,,,,"     ",5.10,2323.52,1.24
1598,539374607,"01598M18:00:50.563","01598 17:13:31",250.48,792.90,,,,"     ",5.10,2340.66,1.25
1598,539374608,"01598M18:00:51.536","01598 17:13:32",250.49,792.82,,,,"     ",5.10,2370.27,1.27
1598,539374609,"01598M18:00:52.509","01598 17:13:33",250.49,792.85,,,,"     ",5.10,2322.48,1.24
1598,539374610,"01598M18:00:53.483","01598 17:13:34",250.49,792.81,,,,"     ",5.10,2354.02,1.26
1598,539374611,"01598M18:00:54.456","01598 17:13:35",250.50,792.88,,,,"     ",5.10,2347.03,1.25
1598,539374612,"01598M18:00:55.429","01598 17:13:36",250.49,792.91,,,,"     ",5.10,2360.00,1.26
1598,539374613,"01598M18:00:56.402","01598 17:13:37",250.49,792.88,,,,"     ",5.10,2341.26,1.25
1598,539374614,"01598M18:00:57.376","01598 17:13:38",250.48,792.90,,,,"     ",5.10,2364.02,1.26
1598,539374615,"01598M18:00:58.349","01598 17:13:39",250.47,792.84,,,,"     ",5.10,2364.63,1.26
1598,539374616,"01598M18:00:59.322","01598 17:13:40",250.46,792.91,,,,"     ",5.10,2356.22,1.25
1598,539374617,"01598M18:01:00.295","01598 17:13:41",250.47,792.88,,,,"     ",5.10,2367.67,1.26
1598,539374618,"01598M18:01:01.269","01598 17:13:42",250.48,792.89,,,,"     ",5.10,2364.69,1.25
1598,539374619,"01598M18:01:02.242","01598 17:13:43",252.08,792.90,,,,"     ",5.10,2346.96,1.24
1598,539374620,"01598M18:01:03.215","01598 17:13:44",252.10,792.91,,,,"     ",5.10,2372.03,1.26
1598,539374621,"01598M18:01:04.188","01598 17:13:45",252.13,792.94,,,,"     ",5.10,2368.88,1.25
1598,539374622,"01598M18:01:05.162","01598 17:13:46",252.16,792.94,,,,"     ",5.10,2338.78,1.24
1598,539374623,"01598M18:01:06.135","01598 17:13:47",252.20,792.77,,,,"     ",5.10,2385.49,1.26
1598,539374624,"01598M18:01:07.108","01598 17:13:48",252.25,792.79,,,,"     ",5.10,2391.75,1.26
1598,539374625,"01598M18:01:08.081","01598 17:13:49",252.31,792.84,,,,"     ",5.10,2392.87,1.26
1598,539374626,"01598M18:01:09.055","01598 17:13:50",252.37,792.85,,,,"     ",5.10,2355.49,1.24
1598,539374627,"01598M18:01:10.028","01598 17:13:51",252.44,792.84,,,,"     ",5.10,2348.99,1.24
1598,539374628,"01598M18:01:11.001","01598 17:13:52",252.52,792.85,,,,"     ",5.10,2396.70,1.26
1598,539374629,"01598M18:01:11.974","01598 17:13:53",252.61,792.92,,,,"     ",5.10,2386.45,1.26
1598,539374630,"01598M18:01:12.948","01598 17:13:54",252.70,792.93,,,,"     ",5.10,2391.65,1.26
1598,539374631,"01598M18:01:13.921","01598 17:13:55",252.80,792.82,,,,"     ",5.10,2399.13,1.26
1598,539374632,"01598M18:01:14.894","01598 17:13:56",252.89,792.81,,,,"     ",5.10,2386.79,1.25
1598,539374633,"01598M18:01:15.867","01598 17:13:57",252.98,792.84,,,,"     ",5.10,2388.70,1.26
1598,539374634,"01598M18:01:16.841","01598 17:13:58",253.06,792.88,,,,"     ",5.10,2404.07,1.26
1598,539374635,"01598M18:01:17.814","01598 17:13:59",253.13,792.84,,,,"     ",5.10,2396.47,1.26
1598,539374636,"01598M18:01:18.787","01598 17:14:00",253.19,792.86,,,,"     ",5.10,2397.75,1.26
1598,539374637,"01598M18:01:19.760","01598 17:14:01",253.23,792.82,,,,"     ",5.10,2409.22,1.26
1598,539374638,"01598M18:01:20.734","01598 17:14:02",253.25,792.84,,,,"     ",5.10,2393.77,1.26
1598,539374639,"01598M18:01:21.707","01598 17:14:03",253.26,792.89,,,,"     ",5.10,2404.82,1.26
1598,539374640,"01598M18:01:22.680","01598 17:14:04",253.26,792.85,,,,"     ",5.10,2392.74,1.25
1598,539374641,"01598M18:01:23.653","01598 17:14:05",253.25,792.98,,,,"     ",5.10,2402.74,1.26
1598,539374642,"01598M18:01:24.627","01598 17:14:06",253.23,792.94,,,,"     ",5.10,2399.65,1.26
1598,539374643,"01598M18:01:25.600","01598 17:14:07",253.21,792.89,,,,"     ",5.10,2392.37,1.25
1598,539374644,"01598M18:01:26.573","01598 17:14:07",253.19,792.86,,,,"     ",5.10,2396.83,1.25
1598,539374645,"01598M18:01:27.546","01598 17:14:08",253.18,792.90,,,,"     ",5.10,2394.56,1.25
1598,539374646,"01598M18:01:28.520","01598 17:14:09",253.17,792.91,,,,"     ",5.10,2399.19,1.25
1598,539374647,"01598M18:01:29.493","01598 17:14:10",253.18,792.90,,,,"     ",5.10,2396.31,1.25
1598,539374648,"01598M18:01:30.466","01598 17:14:11",253.19,792.87,,,,"     ",5.10,2414.64,1.26
1598,539374649,"01598M18:01:31.439","01598 17:14:12",253.21,792.94,,,,"     ",5.10,2408.53,1.26
1598,539374650,"01598M18:01:32.413","01598 17:14:13",253.24,792.89,,,,"     ",5.10,2412.85,1.26
1598,539374651,"01598M18:01:33.386","01598 17:14:14",253.26,792.89,,,,"     ",5.10,2402.83,1.25
1598,539374652,"01598M18:01:34.359","01598 17:14:15",253.29,792.87,,,,"     ",5.10,2390.39,1.25
1598,539374653,"01598M18:01:35.333","01598 17:14:16",253.31,792.90,,,,"     ",5.10,2392.78,1.25
1598,539374654,"01598M18:01:36.306","01598 17:14:17",253.33,792.89,,,,"     ",5.10,2389.94,1.25
1598,539374655,"01598M18:01:37.279","01598 17:14:18",253.33,792.82,,,,"     ",5.10,2406.99,1.25
1598,539374656,"01598M18:01:38.252","01598 17:14:19",253.33,792.93,,,,"     ",5.10,2424.61,1.26
1598,539374657,"01598M18:01:39.226","01598 17:14:20",253.32,792.88,,,,"     ",5.10,2420.09,1.26
1598,539374658,"01598M18:01:40.199","01598 17:14:21",253.31,792.95,,,,"     ",5.10,2428.54,1.26
1598,539374659,"01598M18:01:41.172","01598 17:14:22",253.30,792.88,,,,"     ",5.10,2407.18,1.25
1598,539374660,"01598M18:01:42.145","01598 17:14:23",253.28,792.92,,,,"     ",5.10,2395.35,1.25
1598,539374661,"01598M18:01:43.119","01598 17:14:24",253.26,792.84,,,,"     ",5.10,2399.91,1.25
1598,539374662,"01598M18:01:44.092","01598 17:14:25",253.23,792.84,,,,"     ",5.10,2410.91,1.25
1598,539374663,"01598M18:01:45.065","01598 17:14:26",253.20,792.87,,,,"     ",5.10,2425.46,1.26
1598,539374664,"01598M18:01:46.038","01598 17:14:27",253.16,792.90,,,,"     ",5.10,2386.94,1.24
1598,539374665,"01598M18:01:47.012","01598 17:14:28",253.13,792.81,,,,"     ",5.10,2389.34,1.24
1598,539374666,"01598M18:01:47.985","01598 17:14:29",253.11,792.84,,,,"     ",5.10,2427.20,1.26
1598,539374667,"01598M18:01:48.958","01598 17:14:30",253.08,792.86,,,,"     ",5.10,2440.42,1.27
1598,539374668,"01598M18:01:49.931","01598 17:14:31",253.07,792.78,,,,"     ",5.10,2414.70,1.25
1598,539374669,"01598M18:01:50.905","01598 17:14:32",253.07,792.88,,,,"     ",5.10,2414.78,1.26
1598,539374670,"01598M18:01:51.878","01598 17:14:33",253.07,792.87,,,,"     ",5.10,2430.91,1.26
1598,539374671,"01598M18:01:52.851","01598 17:14:34",253.08,792.89,,,,"     ",5.10,2428.24,1.26
1598,539374672,"01598M18:01:53.824","01598 17:14:35",253.10,792.86,,,,"     ",5.10,2401.78,1.25
1598,539374673,"01598M18:01:54.798","01598 17:14:36",253.13,792.85,,,,"     ",5.10,2408.66,1.25
1598,539374674,"01598M18:01:55.771","01598 17:14:37",253.16,792.78,,,,"     ",5.10,2416.20,1.25
1598,539374675,"01598M18:01:56.744","01598 17:14:38",253.18,792.83,,,,"     ",5.10,2435.86,1.26
1598,539374676,"01598M18:01:57.717","01598 17:14:39",253.20,792.79,,,,"     ",5.10,2406.95,1.25
1598,539374677,"01598M18:01:58.691","01598 17:14:40",253.22,792.83,,,,"     ",5.10,2422.09,1.26
1598,539374678,"01598M18:01:59.664","01598 17:14:41",253.24,792.86,,,,"     ",5.10,2431.32,1.26
1598,539374679,"01598M18:02:00.637","01598 17:14:42",253.25,792.90,,,,"     ",5.10,2415.04,1.25
1598,539374680,"01598M18:02:01.610","01598 17:14:43",253.27,792.88,,,,"     ",5.10,2414.73,1.25
1598,539374681,"01598M18:02:02.584","01598 17:14:43",253.28,792.79,,,,"     ",5.10,2427.61,1.26
1598,539374682,"01598M18:02:03.557","01598 17:14:44",253.30,792.82,,,,"     ",5.10,2419.45,1.25
1598,539374683,"01598M18:02:04.530","01598 17:14:45",253.32,792.82,,,,"     ",5.10,2412.71,1.25
1598,539374684,"01598M18:02:05.503","01598 17:14:46",253.36,792.91,,,,"     ",5.10,2419.58,1.25
1598,539374685,"01598M18:02:06.477","01598 17:14:47",253.40,792.95,,,,"     ",5.10,2432.36,1.26
1598,539374686,"01598M18:02:07.450","01598 17:14:48",253.45,792.81,,,,"     ",5.10,2432.32,1.26
1598,539374687,"01598M18:02:08.423","01598 17:14:49",253.51,792.87,,,,"     ",5.10,2406.03,1.25
1598,539374688,"01598M18:02:09.396","01598 17:14:50",253.57,792.84,,,,"     ",5.10,2418.30,1.25
1598,539374689,"01598M18:02:10.370","01598 17:14:51",253.63,792.89,,,,"     ",5.10,2437.42,1.26
1598,539374690,"01598M18:02:11.343","01598 17:14:52",253.70,792.83,,,,"     ",5.10,2417.52,1.25
1598,539374691,"01598M18:02:12.316","01598 17:14:53",253.76,792.87,,,,"     ",5.10,2415.03,1.25
1598,539374692,"01598M18:02:13.289","01598 17:14:54",253.81,792.90,,,,"     ",5.10,2444.86,1.27
1598,539374693,"01598M18:02:14.263","01598 17:14:55",253.85,792.90,,,,"     ",5.10,2411.66,1.25
1598,539374694,"01598M18:02:15.236","01598 17:14:56",253.88,792.92,,,,"     ",5.10,2437.07,1.26
1598,539374695,"01598M18:02:16.209","01598 17:14:57",253.89,792.96,,,,"     ",5.10,2439.13,1.26
1598,539374696,"01598M18:02:17.182","01598 17:14:58",253.90,792.91,,,,"     ",5.10,2430.72,1.26
1598,539374697,"01598M18:02:18.156","01598 17:14:59",253.90,792.88,,,,"     ",5.10,2454.05,1.27
1598,539374698,"01598M18:02:19.129","01598 17:15:00",253.89,792.91,,,,"     ",5.10,2439.37,1.26
1598,539374699,"01598M18:02:20.102","01598 17:15:01",253.89,792.88,,,,"     ",5.10,2434.78,1.26
1598,539374700,"01598M18:02:21.075","01598 17:15:02",253.89,792.89,,,,"     ",5.10,2423.93,1.26
1598,539374701,"01598M18:02:22.049","01598 17:15:03",253.89,792.83,,,,"     ",5.10,2429.57,1.26
1598,539374702,"01598M18:02:23.022","01598 17:15:04",253.90,792.94,,,,"     ",5.10,2401.98,1.24
1598,539374703,"01598M18:02:23.995","01598 17:15:05",253.90,792.97,,,,"     ",5.10,2425.03,1.26
1598,539374704,"01598M18:02:24.968","01598 17:15:06",253.90,792.91,,,,"     ",5.10,2423.94,1.26
1598,539374705,"01598M18:02:25.942","01598 17:15:07",253.90,792.94,,,,"     ",5.10,2406.89,1.25
1598,539374706,"01598M18:02:26.915","01598 17:15:08",253.90,792.93,,,,"     ",5.10,2415.22,1.25
1598,539374707,"01598M18:02:27.888","01598 17:15:09",253.90,792.97,,,,"     ",5.10,2433.38,1.26
1598,539374708,"01598M18:02:28.861","01598 17:15:10",253.90,792.84,,,,"     ",5.10,2416.07,1.25
1598,539374709,"01598M18:02:29.835","01598 17:15:11",253.91,792.90,,,,"     ",5.10,2441.75,1.27
1598,539374710,"01598M18:02:30.808","01598 17:15:12",253.93,792.92,,,,"     ",5.10,2438.75,1.26
1598,539374711,"01598M18:02:31.781","01598 17:15:13",253.95,793.02,,,,"     ",5.10,2418.72,1.25
1598,539374712,"01598M18:02:32.754","01598 17:15:14",253.99,792.94,,,,"     ",5.10,2403.24,1.25
1598,539374713,"01598M18:02:33.728","01598 17:15:15",254.03,792.98,,,,"     ",5.10,2396.51,1.24
1598,539374714,"01598M18:02:34.701","01598 17:15:16",254.07,792.95,,,,"     ",5.10,2409.83,1.25
1598,539374715,"01598M18:02:35.674","01598 17:15:17",254.12,792.93,,,,"     ",5.10,2433.94,1.26
1598,539374716,"01598M18:02:36.647","01598 17:15:18",254.17,792.98,,,,"     ",5.10,2435.38,1.26
1598,539374717,"01598M18:02:37.621","01598 17:15:19",254.21,792.93,,,,"     ",5.10,2428.52,1.26
1598,539374718,"01598M18:02:38.594","01598 17:15:20",254.26,792.99,,,,"     ",5.10,2392.69,1.24
1598,539374719,"01598M18:02:39.567","01598 17:15:20",254.30,792.95,,,,"     ",5.10,2424.32,1.26
1598,539374720,"01598M18:02:40.540","01598 17:15:21",254.33,792.89,,,,"     ",5.10,2429.24,1.26
1598,539374721,"01598M18:02:41.514","01598 17:15:22",254.36,792.94,,,,"     ",5.10,2438.28,1.26
1598,539374722,"01598M18:02:42.487","01598 17:15:23",254.38,792.87,,,,"     ",5.10,2433.42,1.26
1598,539374723,"01598M18:02:43.460","01598 17:15:24",254.38,792.93,,,,"     ",5.10,2432.50,1.26
1598,539374724,"01598M18:02:44.434","01598 17:15:25",254.37,792.89,,,,"     ",5.10,2424.72,1.26
1598,539374725,"01598M18:02:45.407","01598 17:15:26",254.36,793.03,,,,"     ",5.10,2417.59,1.25
1598,539374726,"01598M18:02:46.380","01598 17:15:27",254.34,793.03,,,,"     ",5.10,2412.58,1.25
1598,539374727,"01598M18:02:47.353","01598 17:15:28",254.32,792.98,,,,"     ",5.10,2440.89,1.27
1598,539374728,"01598M18:02:48.327","01598 17:15:29",254.30,792.94,,,,"     ",5.10,2418.32,1.25
1598,539374729,"01598M18:02:49.300","01598 17:15:30",254.29,792.97,,,,"     ",5.10,2417.59,1.25
1598,539374730,"01598M18:02:50.273","01598 17:15:31",254.28,792.96,,,,"     ",5.10,2454.51,1.27
1598,539374731,"01598M18:02:51.246","01598 17:15:32",254.28,792.99,,,,"     ",5.10,2390.54,1.24
1598,539374732,"01598M18:02:52.220","01598 17:15:33",254.28,792.97,,,,"     ",5.10,2415.14,1.25
1598,539374733,"01598M18:02:53.193","01598 17:15:34",254.29,793.00,,,,"     ",5.10,2409.36,1.25
1598,539374734,"01598M18:02:54.166","01598 17:15:35",254.30,792.97,,,,"     ",5.10,2415.28,1.25
1598,539374735,"01598M18:02:55.139","01598 17:15:36",254.31,793.01,,,,"     ",5.10,2440.28,1.27
1598,539374736,"01598M18:02:56.113","01598 17:15:37",254.33,792.96,,,,"     ",5.10,2447.13,1.27
1598,539374737,"01598M18:02:57.086","01598 17:15:38",254.36,792.98,,,,"     ",5.10,2397.95,1.24
1598,539374738,"01598M18:02:58.059","01598 17:15:39",254.39,793.00,,,,"     ",5.10,2426.62,1.26
1598,539374739,"01598M18:02:59.032","01598 17:15:40",254.43,792.88,,,,"     ",5.10,2418.73,1.26
1598,539374740,"01598M18:03:00.006","01598 17:15:41",254.47,792.93,,,,"     ",5.10,2417.42,1.25
1598,539374741,"01598M18:03:00.979","01598 17:15:42",254.51,792.94,,,,"     ",5.10,2412.15,1.25
1598,539374742,"01598M18:03:01.952","01598 17:15:43",254.55,793.02,,,,"     ",5.10,2434.58,1.26
1598,539374743,"01598M18:03:02.925","01598 17:15:44",254.59,792.98,,,,"     ",5.10,2428.43,1.26
1598,539374744,"01598M18:03:03.899","01598 17:15:45",254.62,793.00,,,,"     ",5.10,2429.60,1.26
1598,539374745,"01598M18:03:04.872","01598 17:15:46",254.65,792.98,,,,"     ",5.10,2417.43,1.26
1598,539374746,"01598M18:03:05.845","01598 17:15:47",254.68,793.01,,,,"     ",5.10,2443.14,1.27
1598,539374747,"01598M18:03:06.818","01598 17:15:48",254.70,792.94,,,,"     ",5.10,2374.28,1.23
1598,539374748,"01598M18:03:07.792","01598 17:15:49",254.73,792.96,,,,"     ",5.10,2423.17,1.26
1598,539374749,"01598M18:03:08.765","01598 17:15:50",254.75,792.95,,,,"     ",5.10,2435.30,1.26
1598,539374750,"01598M18:03:09.738","01598 17:15:51",254.78,792.94,,,,"     ",5.10,2414.15,1.25
1598,539374751,"01598M18:03:10.711","01598 17:15:52",254.80,792.91,,,,"     ",5.10,2410.72,1.25
1598,539374752,"01598M18:03:11.685","01598 17:15:53",254.83,793.00,,,,"     ",5.10,2402.16,1.25
1598,539374753,"01598M18:03:12.658","01598 17:15:54",254.87,792.94,,,,"     ",5.10,2434.41,1.26
1598,539374754,"01598M18:03:13.631","01598 17:15:55",254.92,792.96,,,,"     ",5.10,2418.92,1.26
1598,539374755,"01598M18:03:14.604","01598 17:15:56",254.97,792.96,,,,"     ",5.10,2444.73,1.27
1598,539374756,"01598M18:03:15.578","01598 17:15:56",255.03,792.94,,,,"     ",5.10,2436.61,1.27
1598,539374757,"01598M18:03:16.551","01598 17:15:57",255.08,792.91,,,,"     ",5.10,2412.12,1.25
1598,539374758,"01598M18:03:17.524","01598 17:15:58",255.13,792.97,,,,"     ",5.10,2420.58,1.26
1598,539374759,"01598M18:03:18.497","01598 17:15:59",255.17,793.00,,,,"     ",5.10,2424.53,1.26
1598,539374760,"01598M18:03:19.471","01598 17:16:00",255.21,792.98,,,,"     ",5.10,2409.41,1.25
1598,539374761,"01598M18:03:20.444","01598 17:16:01",255.23,792.95,,,,"     ",5.10,2435.48,1.27
1598,539374762,"01598M18:03:21.417","01598 17:16:02",255.24,792.96,,,,"     ",5.10,2403.05,1.25
1598,539374763,"01598M18:03:22.390","01598 17:16:03",255.25,793.03,,,,"     ",5.10,2382.29,1.24
1598,539374764,"01598M18:03:23.364","01598 17:16:04",255.24,793.02,,,,"     ",5.10,2399.03,1.25
1598,539374765,"01598M18:03:24.337","01598 17:16:05",255.23,793.02,,,,"     ",5.10,2454.48,1.28
1598,539374766,"01598M18:03:25.310","01598 17:16:06",255.22,792.96,,,,"     ",5.10,2434.79,1.27
1598,539374767,"01598M18:03:26.283","01598 17:16:07",255.20,792.99,,,,"     ",5.10,2426.67,1.26
1598,539374768,"01598M18:03:27.257","01598 17:16:08",255.18,793.00,,,,"     ",5.10,2387.63,1.24
1598,539374769,"01598M18:03:28.230","01598 17:16:09",255.18,792.91,,,,"     ",5.10,2405.80,1.25
1598,539374770,"01598M18:03:29.203","01598 17:16:10",255.18,792.99,,,,"     ",5.10,2443.17,1.27
1598,539374771,"01598M18:03:30.176","01598 17:16:11",255.20,792.98,,,,"     ",5.10,2416.22,1.26
1598,539374772,"01598M18:03:31.150","01598 17:16:12",255.23,792.98,,,,"     ",5.10,2412.23,1.26
1598,539374773,"01598M18:03:32.123","01598 17:16:13",255.28,793.04,,,,"     ",5.10,2402.35,1.25
1598,539374774,"01598M18:03:33.096","01598 17:16:14",255.34,793.03,,,,"     ",5.10,2387.99,1.24
1598,539374775,"01598M18:03:34.069","01598 17:16:15",255.41,792.96,,,,"     ",5.10,2426.80,1.26
1598,539374776,"01598M18:03:35.043","01598 17:16:16",255.48,793.00,,,,"     ",5.10,2433.06,1.27
1598,539374777,"01598M18:03:36.016","01598 17:16:17",255.56,792.95,,,,"     ",5.10,2386.79,1.24
1598,539374778,"01598M18:03:36.989","01598 17:16:18",255.63,792.92,,,,"     ",5.10,2408.01,1.25
1598,539374779,"01598M18:03:37.962","01598 17:16:19",255.70,792.95,,,,"     ",5.10,2434.82,1.27
1598,539374780,"01598M18:03:38.936","01598 17:16:20",255.77,792.88,,,,"     ",5.10,2414.36,1.26
1598,539374781,"01598M18:03:39.909","01598 17:16:21",255.82,792.87,,,,"     ",5.10,2437.25,1.27
1598,539374782,"01598M18:03:40.882","01598 17:16:22",255.87,792.85,,,,"     ",5.10,2441.29,1.27
1598,539374783,"01598M18:03:41.855","01598 17:16:23",255.91,792.96,,,,"     ",5.10,2398.74,1.25
1598,539374784,"01598M18:03:42.829","01598 17:16:24",255.94,792.91,,,,"     ",5.10,2435.39,1.27
1598,539374785,"01598M18:03:43.802","01598 17:16:25",255.96,792.91,,,,"     ",5.10,2420.53,1.26
1598,539374786,"01598M18:03:44.775","01598 17:16:26",255.97,792.95,,,,"     ",5.10,2401.85,1.25
1598,539374787,"01598M18:03:45.748","01598 17:16:27",255.98,792.98,,,,"     ",5.10,2427.07,1.27
1598,539374788,"01598M18:03:46.722","01598 17:16:28",255.98,792.92,,,,"     ",5.10,2426.45,1.26
1598,539374789,"01598M18:03:47.695","01598 17:16:29",255.98,792.93,,,,"     ",5.10,2406.33,1.25
1598,539374790,"01598M18:03:48.668","01598 17:16:30",255.97,792.93,,,,"     ",5.10,2411.69,1.26
1598,539374791,"01598M18:03:49.641","01598 17:16:31",255.96,792.98,,,,"     ",5.10,2429.42,1.27
1598,539374792,"01598M18:03:50.615","01598 17:16:32",255.96,792.96,,,,"     ",5.10,2407.52,1.25
1598,539374793,"01598M18:03:51.588","01598 17:16:32",255.96,792.97,,,,"     ",5.10,2440.03,1.27
1598,539374794,"01598M18:03:52.561","01598 17:16:33",255.96,792.96,,,,"     ",5.10,2412.96,1.26
1598,539374795,"01598M18:03:53.535","01598 17:16:34",255.97,793.00,,,,"     ",5.10,2414.32,1.26
1598,539374796,"01598M18:03:54.508","01598 17:16:35",255.98,793.02,,,,"     ",5.10,2413.18,1.26
1598,539374797,"01598M18:03:55.481","01598 17:16:36",255.99,793.05,,,,"     ",5.10,2412.15,1.26
1598,539374798,"01598M18:03:56.454","01598 17:16:37",255.99,793.09,,,,"     ",5.10,2449.67,1.28
1598,539374799,"01598M18:03:57.428","01598 17:16:38",256.00,793.08,,,,"     ",5.10,2412.43,1.26
1598,539374800,"01598M18:03:58.401","01598 17:16:39",256.01,792.97,,,,"     ",5.10,2424.68,1.27
1598,539374801,"01598M18:03:59.374","01598 17:16:40",256.03,792.96,,,,"     ",5.10,2420.63,1.26
1598,539374802,"01598M18:04:00.347","01598 17:16:41",256.05,792.94,,,,"     ",5.10,2415.47,1.26
1598,539374803,"01598M18:04:01.321","01598 17:16:42",256.08,793.00,,,,"     ",5.10,2409.42,1.26
1598,539374804,"01598M18:04:02.294","01598 17:16:43",256.10,792.95,,,,"     ",5.10,2393.38,1.25
1598,539374805,"01598M18:04:03.267","01598 17:16:44",256.13,792.91,,,,"     ",5.10,2406.19,1.26
1598,539374806,"01598M18:04:04.240","01598 17:16:45",256.15,792.96,,,,"     ",5.10,2420.02,1.26
1598,539374807,"01598M18:04:05.214","01598 17:16:46",256.16,792.94,,,,"     ",5.10,2416.88,1.26
1598,539374808,"01598M18:04:06.187","01598 17:16:47",256.18,792.94,,,,"     ",5.10,2399.81,1.25
1598,539374809,"01598M18:04:07.160","01598 17:16:48",256.19,792.97,,,,"     ",5.10,2383.64,1.24
1598,539374810,"01598M18:04:08.133","01598 17:16:49",256.20,792.97,,,,"     ",5.10,2426.01,1.27
1598,539374811,"01598M18:04:09.107","01598 17:16:50",256.21,792.95,,,,"     ",5.10,2438.38,1.27
1598,539374812,"01598M18:04:10.080","01598 17:16:51",256.22,792.97,,,,"     ",5.10,2426.22,1.27
1598,539374813,"01598M18:04:11.053","01598 17:16:52",256.24,792.98,,,,"     ",5.10,2411.60,1.26
1598,539374814,"01598M18:04:12.026","01598 17:16:53",256.26,792.99,,,,"     ",5.10,2421.88,1.27
1598,539374815,"01598M18:04:13.000","01598 17:16:54",256.28,793.00,,,,"     ",5.10,2407.05,1.26
1598,539374816,"01598M18:04:13.973","01598 17:16:55",256.32,792.97,,,,"     ",5.10,2413.89,1.26
1598,539374817,"01598M18:04:14.946","01598 17:16:56",256.36,792.92,,,,"     ",5.10,2447.35,1.28
1598,539374818,"01598M18:04:15.919","01598 17:16:57",256.42,792.91,,,,"     ",5.10,2419.02,1.26
1598,539374819,"01598M18:04:16.893","01598 17:16:58",256.49,793.03,,,,"     ",5.10,2415.91,1.26
1598,539374820,"01598M18:04:17.866","01598 17:16:59",256.56,792.96,,,,"     ",5.10,2424.06,1.27
1598,539374821,"01598M18:04:18.839","01598 17:17:00",256.64,792.97,,,,"     ",5.10,2407.20,1.26
1598,539374822,"01598M18:04:19.812","01598 17:17:01",256.72,792.95,,,,"     ",5.10,2408.15,1.26
1598,539374823,"01598M18:04:20.786","01598 17:17:02",256.80,793.00,,,,"     ",5.10,2395.94,1.25
1598,539374824,"01598M18:04:21.759","01598 17:17:03",256.87,793.03,,,,"     ",5.10,2406.72,1.26
1598,539374825,"01598M18:04:22.732","01598 17:17:04",256.61,793.04,,,,"     ",5.10,2388.54,1.25
1598,539374826,"01598M18:04:23.705","01598 17:17:05",256.65,793.02,,,,"     ",5.10,2396.33,1.25
1598,539374827,"01598M18:04:24.679","01598 17:17:06",256.67,793.03,,,,"     ",5.10,2419.71,1.27
1598,539374828,"01598M18:04:25.652","01598 17:17:07",256.68,793.02,,,,"     ",5.10,2412.48,1.26
1598,539374829,"01598M18:04:26.625","01598 17:17:08",256.67,793.03,,,,"     ",5.10,2423.44,1.27
1598,539374830,"01598M18:04:27.598","01598 17:17:08",256.65,793.01,,,,"     ",5.10,2422.57,1.27
1598,539374831,"01598M18:04:28.572","01598 17:17:09",256.61,792.94,,,,"     ",5.10,2418.44,1.27
1598,539374832,"01598M18:04:29.545","01598 17:17:10",256.89,793.00,,,,"     ",5.10,2435.63,1.27
1598,539374833,"01598M18:04:30.518","01598 17:17:11",256.83,793.04,,,,"     ",5.10,2417.10,1.26
1598,539374834,"01598M18:04:31.491","01598 17:17:12",256.78,792.99,,,,"     ",5.10,2426.95,1.27
1598,539374835,"01598M18:04:32.465","01598 17:17:13",256.73,792.95,,,,"     ",5.10,2424.40,1.27
1598,539374836,"01598M18:04:33.438","01598 17:17:14",256.69,793.04,,,,"     ",5.10,2432.29,1.27
1598,539374837,"01598M18:04:34.411","01598 17:17:15",256.67,793.12,,,,"     ",5.10,2427.59,1.27
1598,539374838,"01598M18:04:35.384","01598 17:17:16",256.66,793.16,,,,"     ",5.10,2425.70,1.27
1598,539374839,"01598M18:04:36.358","01598 17:17:17",256.66,793.04,,,,"     ",5.10,2388.65,1.25
1598,539374840,"01598M18:04:37.331","01598 17:17:18",256.68,793.13,,,,"     ",5.10,2428.62,1.27
1598,539374841,"01598M18:04:38.304","01598 17:17:19",256.71,793.17,,,,"     ",5.10,2388.56,1.25
1598,539374842,"01598M18:04:39.277","01598 17:17:20",256.74,793.03,,,,"     ",5.10,2419.83,1.27
1598,539374843,"01598M18:04:40.251","01598 17:17:21",256.79,793.11,,,,"     ",5.10,2410.40,1.26
1598,539374844,"01598M18:04:41.224","01598 17:17:22",256.83,793.01,,,,"     ",5.10,2402.26,1.26
1598,539374845,"01598M18:04:42.197","01598 17:17:23",256.88,793.04,,,,"     ",5.10,2388.00,1.25
1598,539374846,"01598M18:04:43.170","01598 17:17:24",256.93,793.05,,,,"     ",5.10,2413.35,1.26
1598,539374847,"01598M18:04:44.144","01598 17:17:25",256.65,793.08,,,,"     ",5.10,2423.08,1.27
1598,539374848,"01598M18:04:45.117","01598 17:17:26",256.68,793.01,,,,"     ",5.10,2420.70,1.27
1598,539374849,"01598M18:04:46.090","01598 17:17:27",256.72,793.03,,,,"     ",5.10,2397.88,1.26
1598,539374850,"01598M18:04:47.063","01598 17:17:28",256.76,793.04,,,,"     ",5.10,2387.73,1.25
1598,539374851,"01598M18:04:48.037","01598 17:17:29",256.81,793.04,,,,"     ",5.10,2399.63,1.26
1598,539374852,"01598M18:04:49.010","01598 17:17:30",256.86,793.04,,,,"     ",5.10,2411.64,1.26
1598,539374853,"01598M18:04:49.983","01598 17:17:31",256.90,793.07,,,,"     ",5.10,2434.31,1.28
1598,539374854,"01598M18:04:50.956","01598 17:17:32",256.96,793.05,,,,"     ",5.10,2406.54,1.26
1598,539374855,"01598M18:04:51.930","01598 17:17:33",257.02,792.99,,,,"     ",5.10,2417.07,1.27
1598,539374856,"01598M18:04:52.903","01598 17:17:34",257.09,792.97,,,,"     ",5.10,2376.52,1.25
1598,539374857,"01598M18:04:53.876","01598 17:17:35",257.16,793.01,,,,"     ",5.10,2409.22,1.26
1598,539374858,"01598M18:04:54.849","01598 17:17:36",257.24,793.07,,,,"     ",5.10,2414.86,1.27
1598,539374859,"01598M18:04:55.823","01598 17:17:37",257.32,793.12,,,,"     ",5.10,2409.38,1.26
1598,539374860,"01598M18:04:56.796","01598 17:17:38",257.39,793.02,,,,"     ",5.10,2429.77,1.27
1598,539374861,"01598M18:04:57.769","01598 17:17:39",257.45,792.94,,,,"     ",5.10,2404.22,1.26
1598,539374862,"01598M18:04:58.742","01598 17:17:40",257.49,793.03,,,,"     ",5.10,2401.09,1.26
1598,539374863,"01598M18:04:59.716","01598 17:17:41",257.52,792.96,,,,"     ",5.10,2413.75,1.27
1598,539374864,"01598M18:05:00.689","01598 17:17:42",257.54,793.05,,,,"     ",5.10,2424.53,1.27
1598,539374865,"01598M18:05:01.662","01598 17:17:43",257.54,793.04,,,,"     ",5.10,2437.11,1.28
1598,539374866,"01598M18:05:02.636","01598 17:17:44",257.52,793.04,,,,"     ",5.10,2400.55,1.26
1598,539374867,"01598M18:05:03.609","01598 17:17:44",257.50,793.07,,,,"     ",5.10,2404.63,1.26
1598,539374868,"01598M18:05:04.582","01598 17:17:45",257.48,793.01,,,,"     ",5.10,2385.71,1.25
1598,539374869,"01598M18:05:05.555","01598 17:17:46",257.45,792.96,,,,"     ",5.10,2381.84,1.25
1598,539374870,"01598M18:05:06.529","01598 17:17:47",257.43,793.03,,,,"     ",5.10,2394.05,1.26
1598,539374871,"01598M18:05:07.502","01598 17:17:48",257.41,792.98,,,,"     ",5.10,2400.94,1.26
1598,539374872,"01598M18:05:08.475","01598 17:17:49",257.39,792.98,,,,"     ",5.10,2404.15,1.26
1598,539374873,"01598M18:05:09.448","01598 17:17:50",257.38,792.94,,,,"     ",5.10,2426.82,1.27
1598,539374874,"01598M18:05:10.422","01598 17:17:51",257.38,793.05,,,,"     ",5.10,2428.92,1.27
1598,539374875,"01598M18:05:11.395","01598 17:17:52",257.38,792.97,,,,"     ",5.10,2400.56,1.26
1598,539374876,"01598M18:05:12.368","01598 17:17:53",257.38,793.03,,,,"     ",5.10,2418.80,1.27
1598,539374877,"01598M18:05:13.341","01598 17:17:54",257.38,792.94,,,,"     ",5.10,2370.72,1.24
1598,539374878,"01598M18:05:14.315","01598 17:17:55",257.39,792.95,,,,"     ",5.10,2385.09,1.25
1598,539374879,"01598M18:05:15.288","01598 17:17:56",257.39,793.00,,,,"     ",5.10,2397.02,1.26
1598,539374880,"01598M18:05:16.261","01598 17:17:57",257.39,793.09,,,,"     ",5.10,2425.02,1.27
1598,539374881,"01598M18:05:17.234","01598 17:17:58",257.37,793.03,,,,"     ",5.10,2394.66,1.26
1598,539374882,"01598M18:05:18.208","01598 17:17:59",257.35,792.98,,,,"     ",5.10,2415.57,1.27
1598,539374883,"01598M18:05:19.181","01598 17:18:00",257.33,793.01,,,,"     ",5.10,2407.27,1.26
1598,539374884,"01598M18:05:20.154","01598 17:18:01",257.31,792.97,,,,"     ",5.10,2398.79,1.26
1598,539374885,"01598M18:05:21.127","01598 17:18:02",257.28,793.01,,,,"     ",5.10,2408.72,1.27
1598,539374886,"01598M18:05:22.101","01598 17:18:03",257.27,793.00,,,,"     ",5.10,2382.01,1.25
1598,539374887,"01598M18:05:23.074","01598 17:18:04",257.28,793.03,,,,"     ",5.10,2384.35,1.25
1598,539374888,"01598M18:05:24.047","01598 17:18:05",257.31,793.04,,,,"     ",5.10,2415.43,1.27
1598,539374889,"01598M18:05:25.020","01598 17:18:06",257.36,793.05,,,,"     ",5.10,2400.40,1.26
1598,539374890,"01598M18:05:25.994","01598 17:18:07",257.41,793.08,,,,"     ",5.10,2430.28,1.28
1598,539374891,"01598M18:05:26.967","01598 17:18:08",257.46,793.06,,,,"     ",5.10,2393.22,1.26
1598,539374892,"01598M18:05:27.940","01598 17:18:09",257.52,793.06,,,,"     ",5.10,2399.87,1.26
1598,539374893,"01598M18:05:28.913","01598 17:18:10",257.58,793.14,,,,"     ",5.10,2383.30,1.25
1598,539374894,"01598M18:05:29.887","01598 17:18:11",257.64,793.12,,,,"     ",5.10,2412.93,1.27
1598,539374895,"01598M18:05:30.860","01598 17:18:12",257.71,793.15,,,,"     ",5.10,2387.67,1.26
1598,539374896,"01598M18:05:31.833","01598 17:18:13",257.79,793.07,,,,"     ",5.10,2401.43,1.26
1598,539374897,"01598M18:05:32.806","01598 17:18:14",257.87,793.13,,,,"     ",5.10,2385.39,1.25
1598,539374898,"01598M18:05:33.780","01598 17:18:15",257.95,793.10,,,,"     ",5.10,2381.58,1.25
1598,539374899,"01598M18:05:34.753","01598 17:18:16",258.05,793.04,,,,"     ",5.10,2368.31,1.24
1598,539374900,"01598M18:05:35.726","01598 17:18:17",258.14,793.09,,,,"     ",5.10,2410.96,1.27
1598,539374901,"01598M18:05:36.699","01598 17:18:18",258.24,793.05,,,,"     ",5.10,2396.93,1.26
1598,539378299,"01598M19:00:43.815","01598 18:13:24",242.35,801.67,,,,"     ",5.10,,
1598,539378300,"01598M19:00:44.788","01598 18:13:25",242.39,801.70,,,,"     ",5.10,700.36,1.94
1598,539378301,"01598M19:00:45.761","01598 18:13:26",242.44,801.64,,,,"     ",5.10,695.14,1.92
1598,539378302,"01598M19:00:46.734","01598 18:13:27",242.49,801.65,,,,"     ",5.10,698.32,1.93
1598,539378303,"01598M19:00:47.708","01598 18:13:28",242.54,801.70,,,,"     ",5.10,699.77,1.93
1598,539378304,"01598M19:00:48.681","01598 18:13:29",242.60,801.71,,,,"     ",5.10,701.03,1.93
1598,539378305,"01598M19:00:49.654","01598 18:13:30",242.65,801.80,,,,"     ",5.10,702.00,1.93
1598,539378306,"01598M19:00:50.627","01598 18:13:31",242.70,801.75,,,,"     ",5.10,701.52,1.92
1598,539378307,"01598M19:00:51.601","01598 18:13:32",242.76,801.71,,,,"     ",5.10,704.86,1.93
1598,539378308,"01598M19:00:52.574","01598 18:13:33",242.81,801.71,,,,"     ",5.10,702.61,1.92
1598,539378309,"01598M19:00:53.547","01598 18:13:34",242.87,801.77,,,,"     ",5.10,706.67,1.93
1598,539378310,"01598M19:00:54.520","01598 18:13:35",242.92,801.73,,,,"     ",5.10,706.82,1.92
1598,539378311,"01598M19:00:55.494","01598 18:13:36",242.98,801.79,,,,"     ",5.10,708.65,1.93
1598,539378312,"01598M19:00:56.467","01598 18:13:37",243.03,801.82,,,,"     ",5.10,702.77,1.91
1598,539378313,"01598M19:00:57.440","01598 18:13:38",243.09,801.85,,,,"     ",5.10,715.24,1.94
1598,539378314,"01598M19:00:58.414","01598 18:13:39",243.14,801.75,,,,"     ",5.10,706.92,1.91
1598,539378315,"01598M19:00:59.387","01598 18:13:40",243.20,801.71,,,,"     ",5.10,707.02,1.91
1598,539378316,"01598M19:01:00.360","01598 18:13:41",243.26,801.84,,,,"     ",5.10,707.09,1.91
1598,539378317,"01598M19:01:01.333","01598 18:13:42",243.28,801.79,,,,"     ",5.10,710.79,1.92
1598,539378318,"01598M19:01:02.307","01598 18:13:43",243.25,801.79,,,,"     ",5.10,711.64,1.92
1598,539378319,"01598M19:01:03.280","01598 18:13:44",243.22,801.80,,,,"     ",5.10,707.87,1.90
1598,539378320,"01598M19:01:04.253","01598 18:13:45",243.19,801.85,,,,"     ",5.10,710.47,1.91
1598,539378321,"01598M19:01:05.226","01598 18:13:45",243.16,801.78,,,,"     ",5.10,719.75,1.93
1598,539378322,"01598M19:01:06.200","01598 18:13:46",243.12,801.75,,,,"     ",5.10,715.78,1.92
1598,539378323,"01598M19:01:07.173","01598 18:13:47",243.09,801.75,,,,"     ",5.10,716.14,1.92
1598,539378324,"01598M19:01:08.146","01598 18:13:48",243.05,801.77,,,,"     ",5.10,719.05,1.92
1598,539378325,"01598M19:01:09.119","01598 18:13:49",243.01,801.84,,,,"     ",5.10,720.40,1.92
1598,539378326,"01598M19:01:10.093","01598 18:13:50",242.96,801.84,,,,"     ",5.10,714.96,1.91
1598,539378327,"01598M19:01:11.066","01598 18:13:51",242.91,801.84,,,,"     ",5.10,715.98,1.91
1598,539378328,"01598M19:01:12.039","01598 18:13:52",242.86,801.90,,,,"     ",5.10,722.72,1.93
1598,539378329,"01598M19:01:13.012","01598 18:13:53",242.80,801.88,,,,"     ",5.10,718.36,1.91
1598,539378330,"01598M19:01:13.986","01598 18:13:54",242.74,801.89,,,,"     ",5.10,719.11,1.91
1598,539378331,"01598M19:01:14.959","01598 18:13:55",242.68,801.88,,,,"     ",5.10,719.55,1.91
1598,539378332,"01598M19:01:15.932","01598 18:13:56",242.62,801.89,,,,"     ",5.10,726.83,1.93
1598,539378333,"01598M19:01:16.905","01598 18:13:57",242.56,801.93,,,,"     ",5.10,724.29,1.92
1598,539378334,"01598M19:01:17.879","01598 18:13:58",242.48,801.85,,,,"     ",5.10,725.41,1.92
1598,539378335,"01598M19:01:18.852","01598 18:13:59",242.40,801.86,,,,"     ",5.10,727.46,1.92
1598,539378336,"01598M19:01:19.825","01598 18:14:00",242.32,801.84,,,,"     ",5.10,724.86,1.92
1598,539378337,"01598M19:01:20.798","01598 18:14:01",242.23,801.94,,,,"     ",5.10,722.09,1.91
1598,539378338,"01598M19:01:21.772","01598 18:14:02",242.15,801.87,,,,"     ",5.10,721.30,1.90
1598,539378339,"01598M19:01:22.745","01598 18:14:03",242.07,801.93,,,,"     ",5.10,726.77,1.92
1598,539378340,"01598M19:01:23.718","01598 18:14:04",241.99,801.89,,,,"     ",5.10,725.23,1.91
1598,539378341,"01598M19:01:24.691","01598 18:14:05",241.91,801.96,,,,"     ",5.10,724.68,1.91
1598,539378342,"01598M19:01:25.665","01598 18:14:06",241.68,801.94,,,,"     ",5.10,730.50,1.92
1598,539378343,"01598M19:01:26.638","01598 18:14:07",241.62,801.98,,,,"     ",5.10,728.75,1.92
1598,539378344,"01598M19:01:27.611","01598 18:14:08",241.55,802.02,,,,"     ",5.10,725.16,1.91
1598,539378345,"01598M19:01:28.584","01598 18:14:09",241.48,802.01,,,,"     ",5.10,728.25,1.91
1598,539378346,"01598M19:01:29.558","01598 18:14:10",241.41,802.00,,,,"     ",5.10,728.28,1.91
1598,539378347,"01598M19:01:30.531","01598 18:14:11",241.34,802.00,,,,"     ",5.10,733.77,1.93
1598,539378348,"01598M19:01:31.504","01598 18:14:12",241.26,801.99,,,,"     ",5.10,732.06,1.92
1598,539378349,"01598M19:01:32.477","01598 18:14:13",241.18,801.99,,,,"     ",5.10,727.31,1.91
1598,539378350,"01598M19:01:33.451","01598 18:14:14",241.11,802.09,,,,"     ",5.10,734.29,1.92
1598,539378351,"01598M19:01:34.424","01598 18:14:15",241.03,802.01,,,,"     ",5.10,726.81,1.90
1598,539378352,"01598M19:01:35.397","01598 18:14:16",240.95,802.03,,,,"     ",5.10,739.63,1.94
1598,539378353,"01598M19:01:36.370","01598 18:14:17",240.95,802.00,,,,"     ",5.10,739.42,1.94
1598,539378354,"01598M19:01:37.344","01598 18:14:18",240.84,802.04,,,,"     ",5.10,722.40,1.89
1598,539378355,"01598M19:01:38.317","01598 18:14:19",240.72,802.02,,,,"     ",5.10,736.36,1.93
1598,539378356,"01598M19:01:39.290","01598 18:14:20",240.60,802.13,,,,"     ",5.10,727.36,1.90
1598,539378357,"01598M19:01:40.263","01598 18:14:21",240.48,802.06,,,,"     ",5.10,734.10,1.92
1598,539378358,"01598M19:01:41.237","01598 18:14:21",240.36,802.10,,,,"     ",5.10,730.59,1.91
1598,539378359,"01598M19:01:42.210","01598 18:14:22",240.24,802.13,,,,"     ",5.10,735.90,1.92
1598,539378360,"01598M19:01:43.183","01598 18:14:23",240.12,802.09,,,,"     ",5.10,734.60,1.92
1598,539378361,"01598M19:01:44.156","01598 18:14:24",240.01,802.09,,,,"     ",5.10,728.53,1.90
1598,539378362,"01598M19:01:45.130","01598 18:14:25",239.90,802.17,,,,"     ",5.10,737.06,1.92
1598,539378363,"01598M19:01:46.103","01598 18:14:26",239.80,802.17,,,,"     ",5.10,729.13,1.90
1598,539378364,"01598M19:01:47.076","01598 18:14:27",239.71,802.19,,,,"     ",5.10,737.98,1.93
1598,539378365,"01598M19:01:48.049","01598 18:14:28",239.63,802.18,,,,"     ",5.10,732.98,1.91
1598,539378366,"01598M19:01:49.023","01598 18:14:29",239.55,802.26,,,,"     ",5.10,726.74,1.90
1598,539378367,"01598M19:01:49.996","01598 18:14:30",239.48,802.21,,,,"     ",5.10,737.28,1.92
1598,539378368,"01598M19:01:50.969","01598 18:14:31",239.42,802.17,,,,"     ",5.10,732.19,1.91
1598,539378369,"01598M19:01:51.942","01598 18:14:32",239.36,802.17,,,,"     ",5.10,733.63,1.91
1598,539378370,"01598M19:01:52.916","01598 18:14:33",239.30,802.14,,,,"     ",5.10,729.37,1.90
1598,539378371,"01598M19:01:53.889","01598 18:14:34",239.23,802.20,,,,"     ",5.10,735.30,1.92
1598,539378372,"01598M19:01:54.862","01598 18:14:35",239.17,802.17,,,,"     ",5.10,734.30,1.91
1598,539378373,"01598M19:01:55.835","01598 18:14:36",239.09,802.17,,,,"     ",5.10,729.91,1.90
1598,539378374,"01598M19:01:56.809","01598 18:14:37",239.00,802.14,,,,"     ",5.10,740.13,1.93
1598,539378375,"01598M19:01:57.782","01598 18:14:38",238.90,802.18,,,,"     ",5.10,733.90,1.91
1598,539378376,"01598M19:01:58.755","01598 18:14:39",238.80,802.17,,,,"     ",5.10,732.84,1.91
1598,539378377,"01598M19:01:59.728","01598 18:14:40",238.70,802.18,,,,"     ",5.10,732.09,1.91
1598,539378378,"01598M19:02:00.702","01598 18:14:41",238.60,802.31,,,,"     ",5.10,734.38,1.91
1598,539378379,"01598M19:02:01.675","01598 18:14:42",238.51,802.28,,,,"     ",5.10,729.95,1.90
1598,539378380,"01598M19:02:02.648","01598 18:14:43",238.42,802.25,,,,"     ",5.10,740.28,1.93
1598,539378381,"01598M19:02:03.621","01598 18:14:44",238.35,802.30,,,,"     ",5.10,732.37,1.91
1598,539378382,"01598M19:02:04.595","01598 18:14:45",238.28,802.30,,,,"     ",5.10,735.84,1.92
1598,539378383,"01598M19:02:05.568","01598 18:14:46",238.22,802.25,,,,"     ",5.10,735.68,1.92
1598,539378384,"01598M19:02:06.541","01598 18:14:47",238.17,802.28,,,,"     ",5.10,739.50,1.93
1598,539378385,"01598M19:02:07.515","01598 18:14:48",238.11,802.33,,,,"     ",5.10,737.87,1.92
1598,539378386,"01598M19:02:08.488","01598 18:14:49",238.06,802.23,,,,"     ",5.10,737.30,1.92
1598,539378387,"01598M19:02:09.461","01598 18:14:50",238.00,802.29,,,,"     ",5.10,736.83,1.92
1598,539378388,"01598M19:02:10.434","01598 18:14:51",237.95,802.26,,,,"     ",5.10,738.39,1.92
1598,539378389,"01598M19:02:11.408","01598 18:14:52",237.90,802.34,,,,"     ",5.10,731.42,1.90
1598,539378390,"01598M19:02:12.381","01598 18:14:53",237.84,802.35,,,,"     ",5.10,740.68,1.93
1598,539378391,"01598M19:02:13.354","01598 18:14:54",237.80,802.34,,,,"     ",5.10,735.66,1.92
1598,539378392,"01598M19:02:14.327","01598 18:14:55",237.77,802.30,,,,"     ",5.10,735.63,1.92
1598,539378393,"01598M19:02:15.301","01598 18:14:56",237.74,802.32,,,,"     ",5.10,738.08,1.92
1598,539378394,"01598M19:02:16.274","01598 18:14:57",237.72,802.43,,,,"     ",5.10,745.20,1.94
1598,539378395,"01598M19:02:17.247","01598 18:14:57",237.70,802.37,,,,"     ",5.10,735.33,1.92
1598,539378396,"01598M19:02:18.220","01598 18:14:58",237.68,802.29,,,,"     ",5.10,743.37,1.94
1598,539378397,"01598M19:02:19.194","01598 18:14:59",237.67,802.34,,,,"     ",5.10,741.27,1.93
1598,539378398,"01598M19:02:20.167","01598 18:15:00",237.66,802.45,,,,"     ",5.10,734.28,1.92
1598,539378399,"01598M19:02:21.140","01598 18:15:01",237.66,802.37,,,,"     ",5.10,734.22,1.92
1598,539378400,"01598M19:02:22.113","01598 18:15:02",237.66,802.32,,,,"     ",5.10,740.97,1.93
1598,539378401,"01598M19:02:23.087","01598 18:15:03",237.66,802.52,,,,"     ",5.10,744.62,1.94
1598,539378402,"01598M19:02:24.060","01598 18:15:04",237.66,802.34,,,,"     ",5.10,741.25,1.94
1598,539378403,"01598M19:02:25.033","01598 18:15:05",237.65,802.46,,,,"     ",5.10,732.81,1.91
1598,539378404,"01598M19:02:26.006","01598 18:15:06",237.63,802.39,,,,"     ",5.10,745.94,1.95
1598,539378405,"01598M19:02:26.980","01598 18:15:07",237.62,802.43,,,,"     ",5.10,735.66,1.92
1598,539378406,"01598M19:02:27.953","01598 18:15:08",237.61,802.45,,,,"     ",5.10,735.66,1.92
1598,539378407,"01598M19:02:28.926","01598 18:15:09",237.62,802.38,,,,"     ",5.10,738.52,1.93
1598,539378408,"01598M19:02:29.899","01598 18:15:10",237.63,802.35,,,,"     ",5.10,738.51,1.93
1598,539378409,"01598M19:02:30.873","01598 18:15:11",237.66,802.35,,,,"     ",5.10,738.34,1.93
1598,539378410,"01598M19:02:31.846","01598 18:15:12",237.71,802.34,,,,"     ",5.10,738.85,1.93
1598,539378411,"01598M19:02:32.819","01598 18:15:13",237.77,802.37,,,,"     ",5.10,732.68,1.91
1598,539378412,"01598M19:02:33.792","01598 18:15:14",237.84,802.37,,,,"     ",5.10,740.08,1.93
1598,539378413,"01598M19:02:34.766","01598 18:15:15",237.92,802.43,,,,"     ",5.10,737.22,1.93
1598,539378414,"01598M19:02:35.739","01598 18:15:16",237.98,802.42,,,,"     ",5.10,737.38,1.93
1598,539378415,"01598M19:02:36.712","01598 18:15:17",238.05,802.44,,,,"     ",5.10,733.20,1.92
1598,539378416,"01598M19:02:37.685","01598 18:15:18",238.11,802.49,,,,"     ",5.10,737.20,1.93
1598,539378417,"01598M19:02:38.659","01598 18:15:19",238.16,802.45,,,,"     ",5.10,740.80,1.94
1598,539378418,"01598M19:02:39.632","01598 18:15:20",238.21,802.45,,,,"     ",5.10,740.59,1.94
1598,539378419,"01598M19:02:40.605","01598 18:15:21",238.26,802.49,,,,"     ",5.10,731.92,1.91
1598,539378420,"01598M19:02:41.578","01598 18:15:22",238.31,802.54,,,,"     ",5.10,729.25,1.90
1598,539378421,"01598M19:02:42.552","01598 18:15:23",238.36,802.57,,,,"     ",5.10,742.14,1.94
1598,539378422,"01598M19:02:43.525","01598 18:15:24",238.40,802.48,,,,"     ",5.10,731.20,1.91
1598,539378423,"01598M19:02:44.498","01598 18:15:25",238.45,802.54,,,,"     ",5.10,731.06,1.91
1598,539378424,"01598M19:02:45.471","01598 18:15:26",238.52,802.49,,,,"     ",5.10,742.43,1.94
1598,539378425,"01598M19:02:46.445","01598 18:15:27",238.58,802.51,,,,"     ",5.10,739.78,1.93
1598,539378426,"01598M19:02:47.418","01598 18:15:28",238.66,802.53,,,,"     ",5.10,733.10,1.91
1598,539378427,"01598M19:02:48.391","01598 18:15:29",238.72,802.57,,,,"     ",5.10,736.60,1.93
1598,539378428,"01598M19:02:49.364","01598 18:15:30",238.79,802.52,,,,"     ",5.10,740.10,1.93
1598,539378429,"01598M19:02:50.338","01598 18:15:31",238.84,802.53,,,,"     ",5.10,728.46,1.90
1598,539378430,"01598M19:02:51.311","01598 18:15:32",238.89,802.53,,,,"     ",5.10,741.33,1.94
1598,539378431,"01598M19:02:52.284","01598 18:15:33",238.92,802.55,,,,"     ",5.10,741.46,1.94
1598,539378432,"01598M19:02:53.257","01598 18:15:34",238.95,802.61,,,,"     ",5.10,736.46,1.93
1598,539378433,"01598M19:02:54.231","01598 18:15:34",238.96,802.62,,,,"     ",5.10,737.22,1.93
1598,539378434,"01598M19:02:55.204","01598 18:15:35",238.95,802.59,,,,"     ",5.10,738.89,1.93
1598,539378435,"01598M19:02:56.177","01598 18:15:36",238.94,802.57,,,,"     ",5.10,736.05,1.92
1598,539378436,"01598M19:02:57.150","01598 18:15:37",238.91,802.57,,,,"     ",5.10,738.35,1.93
1598,539378437,"01598M19:02:58.124","01598 18:15:38",238.88,802.61,,,,"     ",5.10,741.54,1.94
1598,539378438,"01598M19:02:59.097","01598 18:15:39",238.85,802.63,,,,"     ",5.10,742.37,1.94
1598,539378439,"01598M19:03:00.070","01598 18:15:40",238.83,802.62,,,,"     ",5.10,732.47,1.91
1598,539378440,"01598M19:03:01.043","01598 18:15:41",238.81,802.63,,,,"     ",5.10,735.83,1.92
1598,539378441,"01598M19:03:02.017","01598 18:15:42",238.81,802.61,,,,"     ",5.10,744.73,1.95
1598,539378442,"01598M19:03:02.990","01598 18:15:43",238.83,802.53,,,,"     ",5.10,741.86,1.94
1598,539378443,"01598M19:03:03.963","01598 18:15:44",238.86,802.65,,,,"     ",5.10,743.71,1.94
1598,539378444,"01598M19:03:04.936","01598 18:15:45",238.91,802.61,,,,"     ",5.10,738.38,1.93
1598,539378445,"01598M19:03:05.910","01598 18:15:46",238.96,802.69,,,,"     ",5.10,738.45,1.93
1598,539378446,"01598M19:03:06.883","01598 18:15:47",239.03,802.67,,,,"     ",5.10,738.48,1.93
1598,539378447,"01598M19:03:07.856","01598 18:15:48",239.09,802.69,,,,"     ",5.10,734.73,1.92
1598,539378448,"01598M19:03:08.829","01598 18:15:49",239.17,802.67,,,,"     ",5.10,736.07,1.92
1598,539378449,"01598M19:03:09.803","01598 18:15:50",239.24,802.64,,,,"     ",5.10,739.86,1.93
1598,539378450,"01598M19:03:10.776","01598 18:15:51",239.32,802.61,,,,"     ",5.10,739.01,1.93
1598,539378451,"01598M19:03:11.749","01598 18:15:52",239.40,802.63,,,,"     ",5.10,737.54,1.93
1598,539378452,"01598M19:03:12.722","01598 18:15:53",239.47,802.70,,,,"     ",5.10,739.18,1.93
1598,539378453,"01598M19:03:13.696","01598 18:15:54",239.55,802.72,,,,"     ",5.10,737.41,1.93
1598,539378454,"01598M19:03:14.669","01598 18:15:55",239.61,802.67,,,,"     ",5.10,737.28,1.93
1598,539378455,"01598M19:03:15.642","01598 18:15:56",239.65,802.64,,,,"     ",5.10,740.86,1.94
1598,539378456,"01598M19:03:16.616","01598 18:15:57",239.70,802.72,,,,"     ",5.10,745.74,1.95
1598,539378457,"01598M19:03:17.589","01598 18:15:58",239.74,802.70,,,,"     ",5.10,738.20,1.93
1598,539378458,"01598M19:03:18.562","01598 18:15:59",239.79,802.76,,,,"     ",5.10,736.02,1.92
1598,539378459,"01598M19:03:19.535","01598 18:16:00",239.84,802.76,,,,"     ",5.10,741.25,1.94
1598,539378460,"01598M19:03:20.509","01598 18:16:01",239.89,802.81,,,,"     ",5.10,732.96,1.91
1598,539378461,"01598M19:03:21.482","01598 18:16:02",239.94,802.84,,,,"     ",5.10,733.91,1.92
1598,539378462,"01598M19:03:22.455","01598 18:16:03",239.99,802.71,,,,"     ",5.10,737.19,1.93
1598,539378463,"01598M19:03:23.428","01598 18:16:04",240.03,802.77,,,,"     ",5.10,739.40,1.93
1598,539378464,"01598M19:03:24.402","01598 18:16:05",240.06,802.68,,,,"     ",5.10,734.07,1.92
1598,539378465,"01598M19:03:25.375","01598 18:16:06",240.09,802.65,,,,"     ",5.10,741.25,1.94
1598,539378466,"01598M19:03:26.348","01598 18:16:07",239.81,802.78,,,,"     ",5.10,739.06,1.93
1598,539378467,"01598M19:03:27.321","01598 18:16:08",239.85,802.78,,,,"     ",5.10,735.73,1.92
1598,539378468,"01598M19:03:28.295","01598 18:16:09",239.89,802.78,,,,"     ",5.10,736.92,1.92
1598,539378469,"01598M19:03:29.268","01598 18:16:10",239.93,802.89,,,,"     ",5.10,743.65,1.94
1598,539378470,"01598M19:03:30.241","01598 18:16:10",239.97,802.89,,,,"     ",5.10,739.91,1.93
1598,539378471,"01598M19:03:31.214","01598 18:16:11",240.00,802.93,,,,"     ",5.10,741.28,1.94
1598,539378472,"01598M19:03:32.188","01598 18:16:12",240.05,802.87,,,,"     ",5.10,745.69,1.95
1598,539378473,"01598M19:03:33.161","01598 18:16:13",240.09,802.95,,,,"     ",5.10,739.47,1.93
1598,539378474,"01598M19:03:34.134","01598 18:16:14",240.15,802.83,,,,"     ",5.10,741.28,1.94
1598,539378475,"01598M19:03:35.107","01598 18:16:15",240.21,802.89,,,,"     ",5.10,739.85,1.93
1598,539378476,"01598M19:03:36.081","01598 18:16:16",240.29,802.84,,,,"     ",5.10,742.94,1.94
1598,539378477,"01598M19:03:37.054","01598 18:16:17",240.38,802.85,,,,"     ",5.10,745.08,1.95
1598,539378478,"01598M19:03:38.027","01598 18:16:18",240.48,802.87,,,,"     ",5.10,739.85,1.93
1598,539378479,"01598M19:03:39.000","01598 18:16:19",240.57,802.90,,,,"     ",5.10,746.12,1.95
1598,539378480,"01598M19:03:39.974","01598 18:16:20",240.67,802.88,,,,"     ",5.10,743.51,1.94
1598,539378481,"01598M19:03:40.947","01598 18:16:21",240.75,802.91,,,,"     ",5.10,740.73,1.93
1598,539378482,"01598M19:03:41.920","01598 18:16:22",240.84,802.96,,,,"     ",5.10,738.72,1.93
1598,539378483,"01598M19:03:42.893","01598 18:16:23",240.91,802.89,,,,"     ",5.10,739.65,1.93
1598,539378484,"01598M19:03:43.867","01598 18:16:24",240.99,802.91,,,,"     ",5.10,741.05,1.94
1598,539378485,"01598M19:03:44.840","01598 18:16:25",241.06,802.95,,,,"     ",5.10,736.93,1.92
1598,539378486,"01598M19:03:45.813","01598 18:16:26",241.12,803.01,,,,"     ",5.10,740.10,1.93
1598,539378487,"01598M19:03:46.786","01598 18:16:27",241.18,802.95,,,,"     ",5.10,741.31,1.94
1598,539378488,"01598M19:03:47.760","01598 18:16:28",241.23,803.01,,,,"     ",5.10,743.40,1.94
1598,539378489,"01598M19:03:48.733","01598 18:16:29",241.27,802.96,,,,"     ",5.10,740.97,1.94
1598,539378490,"01598M19:03:49.706","01598 18:16:30",241.32,802.97,,,,"     ",5.10,739.30,1.93
1598,539378491,"01598M19:03:50.679","01598 18:16:31",241.37,802.99,,,,"     ",5.10,743.80,1.94
1598,539378492,"01598M19:03:51.653","01598 18:16:32",241.43,803.01,,,,"     ",5.10,741.64,1.94
1598,539378493,"01598M19:03:52.626","01598 18:16:33",241.49,802.96,,,,"     ",5.10,735.09,1.92
1598,539378494,"01598M19:03:53.599","01598 18:16:34",241.56,803.04,,,,"     ",5.10,741.64,1.94
1598,539378495,"01598M19:03:54.572","01598 18:16:35",241.64,803.06,,,,"     ",5.10,738.93,1.93
1598,539378496,"01598M19:03:55.546","01598 18:16:36",241.72,803.07,,,,"     ",5.10,739.59,1.93
1598,539378497,"01598M19:03:56.519","01598 18:16:37",241.79,802.99,,,,"     ",5.10,733.72,1.92
1598,539378498,"01598M19:03:57.492","01598 18:16:38",241.86,803.02,,,,"     ",5.10,744.59,1.94
1598,539378499,"01598M19:03:58.465","01598 18:16:39",241.92,803.07,,,,"     ",5.10,744.16,1.94
1598,539378500,"01598M19:03:59.439","01598 18:16:40",241.97,803.06,,,,"     ",5.10,738.39,1.93
1598,539378501,"01598M19:04:00.412","01598 18:16:41",242.02,803.00,,,,"     ",5.10,736.28,1.92
1598,539378502,"01598M19:04:01.385","01598 18:16:42",242.07,803.07,,,,"     ",5.10,746.97,1.95
1598,539378503,"01598M19:04:02.358","01598 18:16:43",242.12,803.00,,,,"     ",5.10,741.40,1.94
1598,539378504,"01598M19:04:03.332","01598 18:16:44",242.18,803.03,,,,"     ",5.10,734.76,1.92
1598,539378505,"01598M19:04:04.305","01598 18:16:45",242.23,803.09,,,,"     ",5.10,740.43,1.93
1598,539378506,"01598M19:04:05.278","01598 18:16:46",242.29,803.17,,,,"     ",5.10,738.26,1.93
1598,539378507,"01598M19:04:06.251","01598 18:16:46",242.33,803.07,,,,"     ",5.10,742.38,1.94
1598,539378508,"01598M19:04:07.225","01598 18:16:47",242.38,803.03,,,,"     ",5.10,731.07,1.91
1598,539378509,"01598M19:04:08.198","01598 18:16:48",242.41,803.08,,,,"     ",5.10,747.51,1.95
1598,539378510,"01598M19:04:09.171","01598 18:16:49",242.45,803.10,,,,"     ",5.10,737.88,1.93
1598,539378511,"01598M19:04:10.144","01598 18:16:50",242.48,803.11,,,,"     ",5.10,749.25,1.96
1598,539378512,"01598M19:04:11.118","01598 18:16:51",242.51,803.12,,,,"     ",5.10,731.40,1.91
1598,539378513,"01598M19:04:12.091","01598 18:16:52",242.54,803.20,,,,"     ",5.10,738.45,1.93
1598,539378514,"01598M19:04:13.064","01598 18:16:53",242.56,803.16,,,,"     ",5.10,746.72,1.95
1598,539378515,"01598M19:04:14.037","01598 18:16:54",242.57,803.19,,,,"     ",5.10,738.16,1.93
1598,539378516,"01598M19:04:15.011","01598 18:16:55",242.58,803.26,,,,"     ",5.10,739.44,1.93
1598,539378517,"01598M19:04:15.984","01598 18:16:56",242.58,803.17,,,,"     ",5.10,748.36,1.95
1598,539378518,"01598M19:04:16.957","01598 18:16:57",242.59,803.22,,,,"     ",5.10,734.86,1.92
1598,539378519,"01598M19:04:17.930","01598 18:16:58",242.59,803.21,,,,"     ",5.10,749.85,1.96
1598,539378520,"01598M19:04:18.904","01598 18:16:59",242.60,803.22,,,,"     ",5.10,741.22,1.93
1598,539378521,"01598M19:04:19.877","01598 18:17:00",242.61,803.23,,,,"     ",5.10,742.01,1.94
1598,539378522,"01598M19:04:20.850","01598 18:17:01",242.64,803.22,,,,"     ",5.10,740.39,1.93
1598,539378523,"01598M19:04:21.823","01598 18:17:02",242.66,803.24,,,,"     ",5.10,742.24,1.94
1598,539378524,"01598M19:04:22.797","01598 18:17:03",242.69,803.16,,,,"     ",5.10,748.26,1.95
1598,539378525,"01598M19:04:23.770","01598 18:17:04",242.72,803.23,,,,"     ",5.10,741.91,1.94
1598,539378526,"01598M19:04:24.743","01598 18:17:05",242.95,803.21,,,,"     ",5.10,731.65,1.91
1598,539378527,"01598M19:04:25.717","01598 18:17:06",242.93,803.22,,,,"     ",5.10,735.05,1.92
1598,539378528,"01598M19:04:26.690","01598 18:17:07",242.91,803.21,,,,"     ",5.10,732.38,1.91
1598,539378529,"01598M19:04:27.663","01598 18:17:08",242.89,803.25,,,,"     ",5.10,737.88,1.93
1598,539378530,"01598M19:04:28.636","01598 18:17:09",242.88,803.21,,,,"     ",5.10,739.16,1.93
1598,539378531,"01598M19:04:29.610","01598 18:17:10",242.88,803.26,,,,"     ",5.10,738.05,1.93
1598,539378532,"01598M19:04:30.583","01598 18:17:11",242.89,803.19,,,,"     ",5.10,740.74,1.93
1598,539378533,"01598M19:04:31.556","01598 18:17:12",242.91,803.20,,,,"     ",5.10,732.86,1.91
1598,539378534,"01598M19:04:32.529","01598 18:17:13",242.93,803.08,,,,"     ",5.10,740.77,1.93
1598,539378535,"01598M19:04:33.503","01598 18:17:14",242.96,803.20,,,,"     ",5.10,736.71,1.92
1598,539378536,"01598M19:04:34.476","01598 18:17:15",242.99,803.22,,,,"     ",5.10,740.74,1.94
1598,539378537,"01598M19:04:35.449","01598 18:17:16",243.02,803.26,,,,"     ",5.10,734.86,1.92
1598,539378538,"01598M19:04:36.422","01598 18:17:17",243.05,803.24,,,,"     ",5.10,741.00,1.94
1598,539378539,"01598M19:04:37.396","01598 18:17:18",243.07,803.31,,,,"     ",5.10,747.93,1.96
1598,539378540,"01598M19:04:38.369","01598 18:17:19",243.08,803.30,,,,"     ",5.10,734.19,1.92
1598,539378541,"01598M19:04:39.342","01598 18:17:20",243.08,803.32,,,,"     ",5.10,733.07,1.91
1598,539378542,"01598M19:04:40.315","01598 18:17:21",243.07,803.31,,,,"     ",5.10,739.45,1.93
1598,539378543,"01598M19:04:41.289","01598 18:17:22",243.06,803.30,,,,"     ",5.10,738.74,1.93
1598,539378544,"01598M19:04:42.262","01598 18:17:22",243.04,803.33,,,,"     ",5.10,737.98,1.93
1598,539378545,"01598M19:04:43.235","01598 18:17:23",243.02,803.27,,,,"     ",5.10,736.42,1.92
1598,539378546,"01598M19:04:44.208","01598 18:17:24",242.99,803.33,,,,"     ",5.10,739.66,1.93
1598,539378547,"01598M19:04:45.182","01598 18:17:25",242.95,803.33,,,,"     ",5.10,738.29,1.93
1598,539378548,"01598M19:04:46.155","01598 18:17:26",242.92,803.29,,,,"     ",5.10,740.65,1.94
1598,539378549,"01598M19:04:47.128","01598 18:17:27",242.88,803.37,,,,"     ",5.10,736.46,1.92
1598,539378550,"01598M19:04:48.101","01598 18:17:28",242.85,803.40,,,,"     ",5.10,746.80,1.95
1598,539378551,"01598M19:04:49.075","01598 18:17:29",242.82,803.47,,,,"     ",5.10,742.68,1.94
1598,539378552,"01598M19:04:50.048","01598 18:17:30",242.79,803.38,,,,"     ",5.10,738.67,1.93
1598,539378553,"01598M19:04:51.021","01598 18:17:31",242.77,803.36,,,,"     ",5.10,738.39,1.93
1598,539378554,"01598M19:04:51.994","01598 18:17:32",242.76,803.33,,,,"     ",5.10,739.51,1.93
1598,539378555,"01598M19:04:52.968","01598 18:17:33",242.77,803.36,,,,"     ",5.10,736.97,1.93
1598,539378556,"01598M19:04:53.941","01598 18:17:34",242.78,803.40,,,,"     ",5.10,743.81,1.95
1598,539378557,"01598M19:04:54.914","01598 18:17:35",242.82,803.33,,,,"     ",5.10,738.01,1.93
1598,539378558,"01598M19:04:55.887","01598 18:17:36",242.86,803.42,,,,"     ",5.10,736.95,1.93
1598,539378559,"01598M19:04:56.861","01598 18:17:37",242.92,803.43,,,,"     ",5.10,738.92,1.93
1598,539378560,"01598M19:04:57.834","01598 18:17:38",242.99,803.48,,,,"     ",5.10,741.33,1.94
1598,539378561,"01598M19:04:58.807","01598 18:17:39",243.05,803.40,,,,"     ",5.10,736.96,1.93
1598,539378562,"01598M19:04:59.780","01598 18:17:40",243.12,803.47,,,,"     ",5.10,736.94,1.93
1598,539378563,"01598M19:05:00.754","01598 18:17:41",243.17,803.57,,,,"     ",5.10,736.93,1.93
1598,539378564,"01598M19:05:01.727","01598 18:17:42",243.21,803.53,,,,"     ",5.10,743.21,1.94
1598,539378565,"01598M19:05:02.700","01598 18:17:43",243.24,803.53,,,,"     ",5.10,734.53,1.92
1598,539378566,"01598M19:05:03.673","01598 18:17:44",243.26,803.40,,,,"     ",5.10,737.82,1.93
1598,539378567,"01598M19:05:04.647","01598 18:17:45",243.27,803.53,,,,"     ",5.10,736.59,1.93
1598,539378568,"01598M19:05:05.620","01598 18:17:46",243.26,803.50,,,,"     ",5.10,738.86,1.93
1598,539378569,"01598M19:05:06.593","01598 18:17:47",243.24,803.56,,,,"     ",5.10,735.24,1.92
1598,539378570,"01598M19:05:07.566","01598 18:17:48",243.21,803.53,,,,"     ",5.10,741.15,1.94
1598,539378571,"01598M19:05:08.540","01598 18:17:49",243.17,803.56,,,,"     ",5.10,735.57,1.92
1598,539378572,"01598M19:05:09.513","01598 18:17:50",243.13,803.58,,,,"     ",5.10,742.64,1.94
1598,539378573,"01598M19:05:10.486","01598 18:17:51",243.08,803.62,,,,"     ",5.10,727.49,1.90
1598,539378574,"01598M19:05:11.459","01598 18:17:52",243.02,803.58,,,,"     ",5.10,740.65,1.94
1598,539378575,"01598M19:05:12.433","01598 18:17:53",242.95,803.59,,,,"     ",5.10,737.38,1.93
1598,539378576,"01598M19:05:13.406","01598 18:17:54",242.88,803.63,,,,"     ",5.10,738.70,1.93
1598,539378577,"01598M19:05:14.379","01598 18:17:55",242.80,803.61,,,,"     ",5.10,741.73,1.94
1598,539378578,"01598M19:05:15.352","01598 18:17:56",242.72,803.59,,,,"     ",5.10,742.78,1.94
1598,539378579,"01598M19:05:16.326","01598 18:17:57",242.65,803.56,,,,"     ",5.10,740.94,1.94
1598,539378580,"01598M19:05:17.299","01598 18:17:58",242.59,803.56,,,,"     ",5.10,734.78,1.92
1598,539378581,"01598M19:05:18.272","01598 18:17:58",242.54,803.64,,,,"     ",5.10,736.77,1.93
1598,539378582,"01598M19:05:19.245","01598 18:17:59",242.50,803.61,,,,"     ",5.10,740.27,1.94
1598,539378583,"01598M19:05:20.219","01598 18:18:00",242.48,803.64,,,,"     ",5.10,732.08,1.92
1598,539378584,"01598M19:05:21.192","01598 18:18:01",242.48,803.60,,,,"     ",5.10,738.38,1.93
1598,539378585,"01598M19:05:22.165","01598 18:18:02",242.49,803.62,,,,"     ",5.10,735.81,1.93
1598,539378586,"01598M19:05:23.138","01598 18:18:03",242.51,803.67,,,,"     ",5.10,735.48,1.93
1598,539378587,"01598M19:05:24.112","01598 18:18:04",242.55,803.59,,,,"     ",5.10,736.41,1.93
1598,539378588,"01598M19:05:25.085","01598 18:18:05",242.57,803.63,,,,"     ",5.10,735.54,1.93
1598,539378589,"01598M19:05:26.058","01598 18:18:06",242.58,803.66,,,,"     ",5.10,735.04,1.93
1598,539378590,"01598M19:05:27.031","01598 18:18:07",242.59,803.63,,,,"     ",5.10,739.18,1.94
1598,539378591,"01598M19:05:28.005","01598 18:18:08",242.60,803.64,,,,"     ",5.10,735.34,1.93
1598,539378592,"01598M19:05:28.978","01598 18:18:09",242.60,803.67,,,,"     ",5.10,738.36,1.93
1598,539378593,"01598M19:05:29.951","01598 18:18:10",242.60,803.77,,,,"     ",5.10,741.88,1.95
1598,539378594,"01598M19:05:30.924","01598 18:18:11",242.61,803.71,,,,"     ",5.10,733.76,1.92
1598,539378595,"01598M19:05:31.898","01598 18:18:12",242.61,803.69,,,,"     ",5.10,734.42,1.92
1598,539378596,"01598M19:05:32.871","01598 18:18:13",242.61,803.71,,,,"     ",5.10,731.12,1.92
1598,539378597,"01598M19:05:33.844","01598 18:18:14",242.61,803.76,,,,"     ",5.10,737.00,1.93
1598,539378598,"01598M19:05:34.818","01598 18:18:15",242.62,803.77,,,,"     ",5.10,730.24,1.91
1598,539378599,"01598M19:05:35.791","01598 18:18:16",242.62,803.77,,,,"     ",5.10,735.37,1.93
1598,539378600,"01598M19:05:36.764","01598 18:18:17",242.62,803.74,,,,"     ",5.10,729.79,1.91
1598,539378601,"01598M19:05:37.737","01598 18:18:18",242.61,803.68,,,,"     ",5.10,735.37,1.93
1598,539378602,"01598M19:05:38.711","01598 18:18:19",242.61,803.74,,,,"     ",5.10,731.59,1.92
1598,539378603,"01598M19:05:39.684","01598 18:18:20",242.60,803.84,,,,"     ",5.10,734.34,1.93
1598,539378604,"01598M19:05:40.657","01598 18:18:21",242.59,803.87,,,,"     ",5.10,729.28,1.91
1598,539378605,"01598M19:05:41.630","01598 18:18:22",242.58,804.00,,,,"     ",5.10,744.17,1.96
1598,539378606,"01598M19:05:42.604","01598 18:18:23",242.57,804.05,,,,"     ",5.10,733.87,1.93
1598,539381996,"01598M20:00:41.933","01598 19:13:22",227.73,823.40,,,,"     ",5.10,,
1598,539381997,"01598M20:00:42.906","01598 19:13:23",227.84,823.37,,,,"     ",5.10,290.08,2.58
1598,539381998,"01598M20:00:43.879","01598 19:13:23",227.93,823.40,,,,"     ",5.10,289.21,2.56
1598,539381999,"01598M20:00:44.853","01598 19:13:24",228.03,823.40,,,,"     ",5.10,289.87,2.56
1598,539382000,"01598M20:00:45.826","01598 19:13:25",228.11,823.32,,,,"     ",5.10,291.08,2.57
1598,539382001,"01598M20:00:46.799","01598 19:13:26",228.19,823.35,,,,"     ",5.10,292.92,2.58
1598,539382002,"01598M20:00:47.772","01598 19:13:27",228.26,823.42,,,,"     ",5.10,292.92,2.58
1598,539382003,"01598M20:00:48.746","01598 19:13:28",228.33,823.37,,,,"     ",5.10,293.10,2.57
1598,539382004,"01598M20:00:49.719","01598 19:13:29",228.39,823.41,,,,"     ",5.10,292.82,2.56
1598,539382005,"01598M20:00:50.692","01598 19:13:30",228.44,823.37,,,,"     ",5.10,293.54,2.57
1598,539382006,"01598M20:00:51.665","01598 19:13:31",228.49,823.35,,,,"     ",5.10,295.02,2.57
1598,539382007,"01598M20:00:52.639","01598 19:13:32",228.54,823.34,,,,"     ",5.10,294.30,2.56
1598,539382008,"01598M20:00:53.612","01598 19:13:33",228.58,823.44,,,,"     ",5.10,296.12,2.57
1598,539382009,"01598M20:00:54.585","01598 19:13:34",228.62,823.35,,,,"     ",5.10,296.77,2.58
1598,539382010,"01598M20:00:55.558","01598 19:13:35",228.65,823.43,,,,"     ",5.10,295.79,2.56
1598,539382011,"01598M20:00:56.532","01598 19:13:36",228.68,823.39,,,,"     ",5.10,295.96,2.56
1598,539382012,"01598M20:00:57.505","01598 19:13:37",228.70,823.41,,,,"     ",5.10,297.48,2.57
1598,539382013,"01598M20:00:58.478","01598 19:13:38",228.72,823.41,,,,"     ",5.10,298.52,2.57
1598,539382014,"01598M20:00:59.451","01598 19:13:39",228.72,823.49,,,,"     ",5.10,299.46,2.58
1598,539382015,"01598M20:01:00.425","01598 19:13:40",228.72,823.50,,,,"     ",5.10,296.31,2.55
1598,539382016,"01598M20:01:01.398","01598 19:13:41",228.71,823.49,,,,"     ",5.10,297.19,2.55
1598,539382017,"01598M20:01:02.371","01598 19:13:42",228.73,823.42,,,,"     ",5.10,297.61,2.55
1598,539382018,"01598M20:01:03.344","01598 19:13:43",228.76,823.48,,,,"     ",5.10,298.27,2.55
1598,539382019,"01598M20:01:04.318","01598 19:13:44",228.79,823.45,,,,"     ",5.10,302.43,2.58
1598,539382020,"01598M20:01:05.291","01598 19:13:45",228.83,823.47,,,,"     ",5.10,301.22,2.57
1598,539382021,"01598M20:01:06.264","01598 19:13:46",228.86,823.39,,,,"     ",5.10,299.60,2.55
1598,539382022,"01598M20:01:07.237","01598 19:13:47",228.90,823.44,,,,"     ",5.10,301.69,2.57
1598,539382023,"01598M20:01:08.211","01598 19:13:48",228.93,823.39,,,,"     ",5.10,300.02,2.55
1598,539382024,"01598M20:01:09.184","01598 19:13:49",228.95,823.43,,,,"     ",5.10,300.09,2.55
1598,539382025,"01598M20:01:10.157","01598 19:13:50",228.97,823.47,,,,"     ",5.10,301.51,2.56
1598,539382026,"01598M20:01:11.130","01598 19:13:51",228.99,823.46,,,,"     ",5.10,302.77,2.57
1598,539382027,"01598M20:01:12.104","01598 19:13:52",229.00,823.46,,,,"     ",5.10,301.81,2.55
1598,539382028,"01598M20:01:13.077","01598 19:13:53",229.00,823.44,,,,"     ",5.10,299.25,2.53
1598,539382029,"01598M20:01:14.050","01598 19:13:54",228.99,823.44,,,,"     ",5.10,300.41,2.54
1598,539382030,"01598M20:01:15.023","01598 19:13:55",228.96,823.46,,,,"     ",5.10,301.92,2.55
1598,539382031,"01598M20:01:15.997","01598 19:13:56",228.92,823.50,,,,"     ",5.10,300.99,2.54
1598,539382032,"01598M20:01:16.970","01598 19:13:57",228.87,823.45,,,,"     ",5.10,303.10,2.55
1598,539382033,"01598M20:01:17.943","01598 19:13:58",228.81,823.53,,,,"     ",5.10,300.52,2.53
1598,539382034,"01598M20:01:18.916","01598 19:13:59",228.75,823.58,,,,"     ",5.10,302.42,2.54
1598,539382035,"01598M20:01:19.890","01598 19:13:59",228.69,823.48,,,,"     ",5.10,300.83,2.53
1598,539382036,"01598M20:01:20.863","01598 19:14:00",228.63,823.57,,,,"     ",5.10,300.32,2.52
1598,539382037,"01598M20:01:21.836","01598 19:14:01",228.57,823.55,,,,"     ",5.10,303.07,2.54
1598,539382038,"01598M20:01:22.809","01598 19:14:02",228.52,823.45,,,,"     ",5.10,300.19,2.51
1598,539382039,"01598M20:01:23.783","01598 19:14:03",228.47,823.48,,,,"     ",5.10,301.91,2.52
1598,539382040,"01598M20:01:24.756","01598 19:14:04",228.42,823.45,,,,"     ",5.10,303.69,2.54
1598,539382041,"01598M20:01:25.729","01598 19:14:05",228.36,823.48,,,,"     ",5.10,301.03,2.51
1598,539382042,"01598M20:01:26.702","01598 19:14:06",228.31,823.45,,,,"     ",5.10,300.29,2.50
1598,539382043,"01598M20:01:27.676","01598 19:14:07",228.27,823.41,,,,"     ",5.10,302.76,2.52
1598,539382044,"01598M20:01:28.649","01598 19:14:08",228.24,823.40,,,,"     ",5.10,300.64,2.50
1598,539382045,"01598M20:01:29.622","01598 19:14:09",228.20,823.47,,,,"     ",5.10,302.04,2.51
1598,539382046,"01598M20:01:30.596","01598 19:14:10",228.16,823.51,,,,"     ",5.10,301.95,2.51
1598,539382047,"01598M20:01:31.569","01598 19:14:11",228.12,823.47,,,,"     ",5.10,302.13,2.51
1598,539382048,"01598M20:01:32.542","01598 19:14:12",228.08,823.47,,,,"     ",5.10,301.12,2.50
1598,539382049,"01598M20:01:33.515","01598 19:14:13",228.04,823.41,,,,"     ",5.10,301.33,2.50
1598,539382050,"01598M20:01:34.489","01598 19:14:14",227.99,823.47,,,,"     ",5.10,304.04,2.52
1598,539382051,"01598M20:01:35.462","01598 19:14:15",227.96,823.51,,,,"     ",5.10,303.74,2.52
1598,539382052,"01598M20:01:36.435","01598 19:14:16",227.94,823.46,,,,"     ",5.10,300.02,2.48
1598,539382053,"01598M20:01:37.408","01598 19:14:17",227.93,823.50,,,,"     ",5.10,303.38,2.51
1598,539382054,"01598M20:01:38.382","01598 19:14:18",227.94,823.51,,,,"     ",5.10,304.29,2.52
1598,539382055,"01598M20:01:39.355","01598 19:14:19",227.95,823.55,,,,"     ",5.10,299.88,2.48
1598,539382056,"01598M20:01:40.328","01598 19:14:20",227.98,823.52,,,,"     ",5.10,302.82,2.50
1598,539382057,"01598M20:01:41.301","01598 19:14:21",228.02,823.51,,,,"     ",5.10,302.86,2.50
1598,539382058,"01598M20:01:42.275","01598 19:14:22",228.05,823.55,,,,"     ",5.10,301.76,2.49
1598,539382059,"01598M20:01:43.248","01598 19:14:23",228.09,823.45,,,,"     ",5.10,301.55,2.49
1598,539382060,"01598M20:01:44.221","01598 19:14:24",228.13,823.49,,,,"     ",5.10,302.45,2.49
1598,539382061,"01598M20:01:45.194","01598 19:14:25",228.16,823.50,,,,"     ",5.10,303.02,2.50
1598,539382062,"01598M20:01:46.168","01598 19:14:26",228.18,823.47,,,,"     ",5.10,304.61,2.51
1598,539382063,"01598M20:01:47.141","01598 19:14:27",228.21,823.56,,,,"     ",5.10,305.41,2.51
1598,539382064,"01598M20:01:48.114","01598 19:14:28",228.23,823.57,,,,"     ",5.10,302.79,2.49
1598,539382065,"01598M20:01:49.087","01598 19:14:29",228.24,823.54,,,,"     ",5.10,304.05,2.50
1598,539382066,"01598M20:01:50.061","01598 19:14:30",228.25,823.63,,,,"     ",5.10,305.37,2.51
1598,539382067,"01598M20:01:51.034","01598 19:14:31",228.24,823.65,,,,"     ",5.10,306.24,2.52
1598,539382068,"01598M20:01:52.007","01598 19:14:32",228.22,823.54,,,,"     ",5.10,305.29,2.51
1598,539382069,"01598M20:01:52.980","01598 19:14:33",228.19,823.54,,,,"     ",5.10,306.16,2.51
1598,539382070,"01598M20:01:53.954","01598 19:14:34",228.17,823.51,,,,"     ",5.10,305.86,2.51
1598,539382071,"01598M20:01:54.927","01598 19:14:35",228.16,823.57,,,,"     ",5.10,305.98,2.51
1598,539382072,"01598M20:01:55.900","01598 19:14:35",228.15,823.54,,,,"     ",5.10,305.22,2.50
1598,539382073,"01598M20:01:56.873","01598 19:14:36",228.16,823.63,,,,"     ",5.10,305.87,2.51
1598,539382074,"01598M20:01:57.847","01598 19:14:37",228.17,823.59,,,,"     ",5.10,305.69,2.50
1598,539382075,"01598M20:01:58.820","01598 19:14:38",228.19,823.51,,,,"     ",5.10,306.28,2.51
1598,539382076,"01598M20:01:59.793","01598 19:14:39",228.20,823.59,,,,"     ",5.10,307.17,2.52
1598,539382077,"01598M20:02:00.766","01598 19:14:40",228.21,823.57,,,,"     ",5.10,309.15,2.53
1598,539382078,"01598M20:02:01.740","01598 19:14:41",228.23,823.52,,,,"     ",5.10,307.24,2.51
1598,539382079,"01598M20:02:02.713","01598 19:14:42",228.26,823.55,,,,"     ",5.10,310.85,2.54
1598,539382080,"01598M20:02:03.686","01598 19:14:43",228.30,823.58,,,,"     ",5.10,308.07,2.52
1598,539382081,"01598M20:02:04.659","01598 19:14:44",228.35,823.53,,,,"     ",5.10,306.30,2.50
1598,539382082,"01598M20:02:05.633","01598 19:14:45",228.38,823.52,,,,"     ",5.10,308.46,2.52
1598,539382083,"01598M20:02:06.606","01598 19:14:46",228.41,823.47,,,,"     ",5.10,310.15,2.53
1598,539382084,"01598M20:02:07.579","01598 19:14:47",228.43,823.52,,,,"     ",5.10,310.75,2.54
1598,539382085,"01598M20:02:08.552","01598 19:14:48",228.12,823.50,,,,"     ",5.10,309.42,2.52
1598,539382086,"01598M20:02:09.526","01598 19:14:49",228.15,823.47,,,,"     ",5.10,308.42,2.51
1598,539382087,"01598M20:02:10.499","01598 19:14:50",228.18,823.57,,,,"     ",5.10,312.51,2.55
1598,539382088,"01598M20:02:11.472","01598 19:14:51",228.20,823.47,,,,"     ",5.10,311.09,2.54
1598,539382089,"01598M20:02:12.445","01598 19:14:52",228.22,823.54,,,,"     ",5.10,308.29,2.51
1598,539382090,"01598M20:02:13.419","01598 19:14:53",228.24,823.58,,,,"     ",5.10,311.01,2.53
1598,539382091,"01598M20:02:14.392","01598 19:14:54",228.26,823.60,,,,"     ",5.10,309.02,2.52
1598,539382092,"01598M20:02:15.365","01598 19:14:55",228.27,823.62,,,,"     ",5.10,311.66,2.54
1598,539382093,"01598M20:02:16.338","01598 19:14:56",228.27,823.60,,,,"     ",5.10,312.04,2.54
1598,539382094,"01598M20:02:17.312","01598 19:14:57",228.27,823.59,,,,"     ",5.10,312.51,2.54
1598,539382095,"01598M20:02:18.285","01598 19:14:58",228.25,823.56,,,,"     ",5.10,313.38,2.55
1598,539382096,"01598M20:02:19.258","01598 19:14:59",228.22,823.65,,,,"     ",5.10,309.26,2.51
1598,539382097,"01598M20:02:20.231","01598 19:15:00",228.17,823.62,,,,"     ",5.10,309.54,2.52
1598,539382098,"01598M20:02:21.205","01598 19:15:01",228.41,823.62,,,,"     ",5.10,309.41,2.51
1598,539382099,"01598M20:02:22.178","01598 19:15:02",228.37,823.71,,,,"     ",5.10,308.82,2.51
1598,539382100,"01598M20:02:23.151","01598 19:15:03",228.33,823.69,,,,"     ",5.10,309.13,2.51
1598,539382101,"01598M20:02:24.124","01598 19:15:04",228.28,823.63,,,,"     ",5.10,308.88,2.51
1598,539382102,"01598M20:02:25.098","01598 19:15:05",228.21,823.70,,,,"     ",5.10,310.11,2.52
1598,539382103,"01598M20:02:26.071","01598 19:15:06",228.13,823.62,,,,"     ",5.10,308.90,2.51
1598,539382104,"01598M20:02:27.044","01598 19:15:07",228.05,823.56,,,,"     ",5.10,309.06,2.51
1598,539382105,"01598M20:02:28.017","01598 19:15:08",227.96,823.59,,,,"     ",5.10,310.99,2.52
1598,539382106,"01598M20:02:28.991","01598 19:15:09",227.88,823.57,,,,"     ",5.10,309.14,2.51
1598,539382107,"01598M20:02:29.964","01598 19:15:10",227.81,823.68,,,,"     ",5.10,306.87,2.49
1598,539382108,"01598M20:02:30.937","01598 19:15:11",227.76,823.63,,,,"     ",5.10,308.31,2.50
1598,539382109,"01598M20:02:31.910","01598 19:15:12",227.73,823.64,,,,"     ",5.10,308.65,2.50
1598,539382110,"01598M20:02:32.884","01598 19:15:12",227.71,823.63,,,,"     ",5.10,307.45,2.49
1598,539382111,"01598M20:02:33.857","01598 19:15:13",227.70,823.64,,,,"     ",5.10,308.68,2.50
1598,539382112,"01598M20:02:34.830","01598 19:15:14",227.70,823.67,,,,"     ",5.10,308.29,2.50
1598,539382113,"01598M20:02:35.803","01598 19:15:15",227.71,823.59,,,,"     ",5.10,306.82,2.49
1598,539382114,"01598M20:02:36.777","01598 19:15:16",227.73,823.62,,,,"     ",5.10,308.23,2.50
1598,539382115,"01598M20:02:37.750","01598 19:15:17",227.76,823.59,,,,"     ",5.10,306.34,2.48
1598,539382116,"01598M20:02:38.723","01598 19:15:18",227.79,823.56,,,,"     ",5.10,308.33,2.50
1598,539382117,"01598M20:02:39.697","01598 19:15:19",227.82,823.62,,,,"     ",5.10,308.32,2.50
1598,539382118,"01598M20:02:40.670","01598 19:15:20",227.85,823.65,,,,"     ",5.10,309.03,2.50
1598,539382119,"01598M20:02:41.643","01598 19:15:21",227.88,823.62,,,,"     ",5.10,308.78,2.50
1598,539382120,"01598M20:02:42.616","01598 19:15:22",227.90,823.62,,,,"     ",5.10,307.43,2.49
1598,539382121,"01598M20:02:43.590","01598 19:15:23",227.92,823.63,,,,"     ",5.10,306.52,2.48
1598,539382122,"01598M20:02:44.563","01598 19:15:24",227.92,823.65,,,,"     ",5.10,305.29,2.47
1598,539382123,"01598M20:02:45.536","01598 19:15:25",227.93,823.73,,,,"     ",5.10,305.83,2.48
1598,539382124,"01598M20:02:46.509","01598 19:15:26",227.93,823.73,,,,"     ",5.10,307.52,2.49
1598,539382125,"01598M20:02:47.483","01598 19:15:27",227.92,823.81,,,,"     ",5.10,307.97,2.49
1598,539382126,"01598M20:02:48.456","01598 19:15:28",227.91,823.70,,,,"     ",5.10,307.29,2.49
1598,539382127,"01598M20:02:49.429","01598 19:15:29",227.91,823.75,,,,"     ",5.10,305.51,2.47
1598,539382128,"01598M20:02:50.402","01598 19:15:30",227.90,823.68,,,,"     ",5.10,305.73,2.47
1598,539382129,"01598M20:02:51.376","01598 19:15:31",227.89,823.68,,,,"     ",5.10,306.71,2.48
1598,539382130,"01598M20:02:52.349","01598 19:15:32",227.89,823.67,,,,"     ",5.10,306.40,2.48
1598,539382131,"01598M20:02:53.322","01598 19:15:33",227.88,823.66,,,,"     ",5.10,307.37,2.49
1598,539382132,"01598M20:02:54.295","01598 19:15:34",227.86,823.68,,,,"     ",5.10,308.38,2.49
1598,539382133,"01598M20:02:55.269","01598 19:15:35",227.84,823.70,,,,"     ",5.10,308.78,2.50
1598,539382134,"01598M20:02:56.242","01598 19:15:36",227.83,823.72,,,,"     ",5.10,309.26,2.50
1598,539382135,"01598M20:02:57.215","01598 19:15:37",227.83,823.78,,,,"     ",5.10,310.71,2.51
1598,539382136,"01598M20:02:58.188","01598 19:15:38",227.84,823.80,,,,"     ",5.10,309.00,2.50
1598,539382137,"01598M20:02:59.162","01598 19:15:39",227.85,823.79,,,,"     ",5.10,308.97,2.50
1598,539382138,"01598M20:03:00.135","01598 19:15:40",227.86,823.73,,,,"     ",5.10,308.34,2.49
1598,539382139,"01598M20:03:01.108","01598 19:15:41",227.88,823.82,,,,"     ",5.10,310.98,2.52
1598,539382140,"01598M20:03:02.081","01598 19:15:42",227.90,823.80,,,,"     ",5.10,310.03,2.51
1598,539382141,"01598M20:03:03.055","01598 19:15:43",227.91,823.78,,,,"     ",5.10,308.99,2.50
1598,539382142,"01598M20:03:04.028","01598 19:15:44",227.93,823.79,,,,"     ",5.10,309.75,2.51
1598,539382143,"01598M20:03:05.001","01598 19:15:45",227.94,823.76,,,,"     ",5.10,308.60,2.50
1598,539382144,"01598M20:03:05.974","01598 19:15:46",227.96,823.85,,,,"     ",5.10,309.90,2.51
1598,539382145,"01598M20:03:06.948","01598 19:15:47",227.97,823.78,,,,"     ",5.10,308.16,2.49
1598,539382146,"01598M20:03:07.921","01598 19:15:48",227.98,823.80,,,,"     ",5.10,306.95,2.48
1598,539382147,"01598M20:03:08.894","01598 19:15:48",227.99,823.84,,,,"     ",5.10,306.73,2.48
1598,539382148,"01598M20:03:09.867","01598 19:15:49",227.99,823.84,,,,"     ",5.10,308.15,2.49
1598,539382149,"01598M20:03:10.841","01598 19:15:50",227.99,823.84,,,,"     ",5.10,307.52,2.49
1598,539382150,"01598M20:03:11.814","01598 19:15:51",227.99,823.87,,,,"     ",5.10,309.76,2.51
1598,539382151,"01598M20:03:12.787","01598 19:15:52",227.99,823.92,,,,"     ",5.10,308.90,2.50
1598,539382152,"01598M20:03:13.760","01598 19:15:53",227.98,823.94,,,,"     ",5.10,310.73,2.52
1598,539382153,"01598M20:03:14.734","01598 19:15:54",227.96,823.86,,,,"     ",5.10,310.15,2.51
1598,539382154,"01598M20:03:15.707","01598 19:15:55",227.94,823.93,,,,"     ",5.10,307.48,2.49
1598,539382155,"01598M20:03:16.680","01598 19:15:56",227.90,823.89,,,,"     ",5.10,308.80,2.50
1598,539382156,"01598M20:03:17.653","01598 19:15:57",227.84,823.97,,,,"     ",5.10,308.36,2.49
1598,539382157,"01598M20:03:18.627","01598 19:15:58",227.77,823.88,,,,"     ",5.10,308.70,2.50
1598,539382158,"01598M20:03:19.600","01598 19:15:59",227.67,823.85,,,,"     ",5.10,306.21,2.48
1598,539382159,"01598M20:03:20.573","01598 19:16:00",227.58,823.85,,,,"     ",5.10,306.32,2.48
1598,539382160,"01598M20:03:21.546","01598 19:16:01",227.48,823.85,,,,"     ",5.10,306.69,2.48
1598,539382161,"01598M20:03:22.520","01598 19:16:02",227.39,823.92,,,,"     ",5.10,307.81,2.49
1598,539382162,"01598M20:03:23.493","01598 19:16:03",227.31,823.89,,,,"     ",5.10,308.71,2.50
1598,539382163,"01598M20:03:24.466","01598 19:16:04",227.25,823.84,,,,"     ",5.10,309.68,2.51
1598,539382164,"01598M20:03:25.439","01598 19:16:05",227.21,823.89,,,,"     ",5.10,307.50,2.49
1598,539382165,"01598M20:03:26.413","01598 19:16:06",227.18,823.91,,,,"     ",5.10,307.79,2.49
1598,539382166,"01598M20:03:27.386","01598 19:16:07",227.16,823.88,,,,"     ",5.10,306.48,2.48
1598,539382167,"01598M20:03:28.359","01598 19:16:08",227.14,823.91,,,,"     ",5.10,305.47,2.47
1598,539382168,"01598M20:03:29.332","01598 19:16:09",227.14,823.95,,,,"     ",5.10,305.32,2.47
1598,539382169,"01598M20:03:30.306","01598 19:16:10",227.15,823.93,,,,"     ",5.10,308.91,2.50
1598,539382170,"01598M20:03:31.279","01598 19:16:11",227.17,823.96,,,,"     ",5.10,305.57,2.47
1598,539382171,"01598M20:03:32.252","01598 19:16:12",227.19,823.97,,,,"     ",5.10,306.09,2.48
1598,539382172,"01598M20:03:33.225","01598 19:16:13",227.22,823.88,,,,"     ",5.10,306.41,2.48
1598,539382173,"01598M20:03:34.199","01598 19:16:14",227.25,824.01,,,,"     ",5.10,308.76,2.50
1598,539382174,"01598M20:03:35.172","01598 19:16:15",227.28,823.92,,,,"     ",5.10,308.98,2.50
1598,539382175,"01598M20:03:36.145","01598 19:16:16",227.31,823.93,,,,"     ",5.10,307.33,2.49
1598,539382176,"01598M20:03:37.118","01598 19:16:17",227.34,823.93,,,,"     ",5.10,305.72,2.48
1598,539382177,"01598M20:03:38.092","01598 19:16:18",227.37,823.90,,,,"     ",5.10,306.44,2.48
1598,539382178,"01598M20:03:39.065","01598 19:16:19",227.39,823.96,,,,"     ",5.10,308.94,2.50
1598,539382179,"01598M20:03:40.038","01598 19:16:20",227.39,824.02,,,,"     ",5.10,309.03,2.50
1598,539382180,"01598M20:03:41.011","01598 19:16:21",227.39,823.95,,,,"     ",5.10,306.11,2.48
1598,539382181,"01598M20:03:41.985","01598 19:16:22",227.38,823.93,,,,"     ",5.10,305.44,2.48
1598,539382182,"01598M20:03:42.958","01598 19:16:23",227.34,823.94,,,,"     ",5.10,304.68,2.47
1598,539382183,"01598M20:03:43.931","01598 19:16:24",227.29,823.98,,,,"     ",5.10,305.56,2.48
1598,539382184,"01598M20:03:44.904","01598 19:16:24",227.23,823.98,,,,"     ",5.10,305.51,2.48
1598,539382185,"01598M20:03:45.878","01598 19:16:25",227.15,823.96,,,,"     ",5.10,305.84,2.48
1598,539382186,"01598M20:03:46.851","01598 19:16:26",227.06,823.98,,,,"     ",5.10,306.81,2.49
1598,539382187,"01598M20:03:47.824","01598 19:16:27",226.98,824.01,,,,"     ",5.10,306.42,2.48
1598,539382188,"01598M20:03:48.798","01598 19:16:28",226.89,824.01,,,,"     ",5.10,307.15,2.49
1598,539382189,"01598M20:03:49.771","01598 19:16:29",226.81,824.05,,,,"     ",5.10,303.27,2.46
1598,539382190,"01598M20:03:50.744","01598 19:16:30",226.73,824.01,,,,"     ",5.10,305.93,2.48
1598,539382191,"01598M20:03:51.717","01598 19:16:31",226.66,823.98,,,,"     ",5.10,304.09,2.47
1598,539382192,"01598M20:03:52.691","01598 19:16:32",226.59,824.03,,,,"     ",5.10,302.77,2.45
1598,539382193,"01598M20:03:53.664","01598 19:16:33",226.52,824.09,,,,"     ",5.10,304.13,2.47
1598,539382194,"01598M20:03:54.637","01598 19:16:34",226.46,824.11,,,,"     ",5.10,304.92,2.47
1598,539382195,"01598M20:03:55.610","01598 19:16:35",226.41,824.10,,,,"     ",5.10,305.90,2.48
1598,539382196,"01598M20:03:56.584","01598 19:16:36",226.37,824.06,,,,"     ",5.10,304.53,2.47
1598,539382197,"01598M20:03:57.557","01598 19:16:37",226.34,824.05,,,,"     ",5.10,302.34,2.45
1598,539382198,"01598M20:03:58.530","01598 19:16:38",226.33,824.11,,,,"     ",5.10,304.46,2.47
1598,539382199,"01598M20:03:59.503","01598 19:16:39",226.32,824.11,,,,"     ",5.10,305.23,2.48
1598,539382200,"01598M20:04:00.477","01598 19:16:40",226.33,824.09,,,,"     ",5.10,304.61,2.47
1598,539382201,"01598M20:04:01.450","01598 19:16:41",226.35,824.07,,,,"     ",5.10,306.07,2.49
1598,539382202,"01598M20:04:02.423","01598 19:16:42",226.37,824.15,,,,"     ",5.10,303.56,2.46
1598,539382203,"01598M20:04:03.396","01598 19:16:43",226.41,824.14,,,,"     ",5.10,302.98,2.46
1598,539382204,"01598M20:04:04.370","01598 19:16:44",226.45,824.11,,,,"     ",5.10,302.63,2.46
1598,539382205,"01598M20:04:05.343","01598 19:16:45",226.51,824.16,,,,"     ",5.10,303.98,2.47
1598,539382206,"01598M20:04:06.316","01598 19:16:46",226.58,824.14,,,,"     ",5.10,304.04,2.47
1598,539382207,"01598M20:04:07.289","01598 19:16:47",226.65,824.15,,,,"     ",5.10,305.08,2.48
1598,539382208,"01598M20:04:08.263","01598 19:16:48",226.72,824.10,,,,"     ",5.10,306.71,2.49
1598,539382209,"01598M20:04:09.236","01598 19:16:49",226.78,824.01,,,,"     ",5.10,303.76,2.47
1598,539382210,"01598M20:04:10.209","01598 19:16:50",226.83,824.12,,,,"     ",5.10,305.41,2.48
1598,539382211,"01598M20:04:11.182","01598 19:16:51",226.87,824.11,,,,"     ",5.10,307.52,2.50
1598,539382212,"01598M20:04:12.156","01598 19:16:52",226.89,824.17,,,,"     ",5.10,304.15,2.47
1598,539382213,"01598M20:04:13.129","01598 19:16:53",226.91,824.11,,,,"     ",5.10,304.65,2.48
1598,539382214,"01598M20:04:14.102","01598 19:16:54",226.91,824.22,,,,"     ",5.10,304.79,2.48
1598,539382215,"01598M20:04:15.075","01598 19:16:55",226.91,824.22,,,,"     ",5.10,305.47,2.49
1598,539382216,"01598M20:04:16.049","01598 19:16:56",226.90,824.25,,,,"     ",5.10,304.08,2.47
1598,539382217,"01598M20:04:17.022","01598 19:16:57",226.87,824.21,,,,"     ",5.10,307.34,2.50
1598,539382218,"01598M20:04:17.995","01598 19:16:58",226.84,824.24,,,,"     ",5.10,303.14,2.47
1598,539382219,"01598M20:04:18.968","01598 19:16:59",226.79,824.24,,,,"     ",5.10,306.39,2.49
1598,539382220,"01598M20:04:19.942","01598 19:17:00",226.73,824.13,,,,"     ",5.10,304.78,2.48
1598,539382221,"01598M20:04:20.915","01598 19:17:00",226.66,824.21,,,,"     ",5.10,306.19,2.49
1598,539382222,"01598M20:04:21.888","01598 19:17:01",226.58,824.24,,,,"     ",5.10,303.21,2.47
1598,539382223,"01598M20:04:22.861","01598 19:17:02",226.50,824.23,,,,"     ",5.10,306.46,2.50
1598,539382224,"01598M20:04:23.835","01598 19:17:03",226.42,824.23,,,,"     ",5.10,304.58,2.48
1598,539382225,"01598M20:04:24.808","01598 19:17:04",226.34,824.17,,,,"     ",5.10,304.61,2.48
1598,539382226,"01598M20:04:25.781","01598 19:17:05",226.26,824.22,,,,"     ",5.10,303.53,2.47
1598,539382227,"01598M20:04:26.754","01598 19:17:06",226.19,824.22,,,,"     ",5.10,303.02,2.47
1598,539382228,"01598M20:04:27.728","01598 19:17:07",226.12,824.17,,,,"     ",5.10,304.08,2.48
1598,539382229,"01598M20:04:28.701","01598 19:17:08",226.05,824.24,,,,"     ",5.10,305.29,2.49
1598,539382230,"01598M20:04:29.674","01598 19:17:09",226.00,824.29,,,,"     ",5.10,304.35,2.48
1598,539382231,"01598M20:04:30.647","01598 19:17:10",225.97,824.26,,,,"     ",5.10,303.87,2.48
1598,539382232,"01598M20:04:31.621","01598 19:17:11",225.95,824.25,,,,"     ",5.10,303.12,2.47
1598,539382233,"01598M20:04:32.594","01598 19:17:12",225.94,824.22,,,,"     ",5.10,302.85,2.47
1598,539382234,"01598M20:04:33.567","01598 19:17:13",225.95,824.16,,,,"     ",5.10,302.90,2.47
1598,539382235,"01598M20:04:34.540","01598 19:17:14",225.95,824.21,,,,"     ",5.10,303.25,2.47
1598,539382236,"01598M20:04:35.514","01598 19:17:15",225.96,824.19,,,,"     ",5.10,303.55,2.48
1598,539382237,"01598M20:04:36.487","01598 19:17:16",225.96,824.18,,,,"     ",5.10,303.22,2.47
1598,539382238,"01598M20:04:37.460","01598 19:17:17",225.96,824.36,,,,"     ",5.10,301.48,2.46
1598,539382239,"01598M20:04:38.433","01598 19:17:18",225.96,824.28,,,,"     ",5.10,301.98,2.46
1598,539382240,"01598M20:04:39.407","01598 19:17:19",225.96,824.37,,,,"     ",5.10,304.33,2.48
1598,539382241,"01598M20:04:40.380","01598 19:17:20",225.96,824.30,,,,"     ",5.10,303.87,2.48
1598,539382242,"01598M20:04:41.353","01598 19:17:21",225.97,824.32,,,,"     ",5.10,301.16,2.46
1598,539382243,"01598M20:04:42.326","01598 19:17:22",225.97,824.37,,,,"     ",5.10,302.07,2.47
1598,539382244,"01598M20:04:43.300","01598 19:17:23",225.96,824.30,,,,"     ",5.10,301.84,2.47
1598,539382245,"01598M20:04:44.273","01598 19:17:24",225.95,824.38,,,,"     ",5.10,303.81,2.48
1598,539382246,"01598M20:04:45.246","01598 19:17:25",225.93,824.31,,,,"     ",5.10,299.71,2.45
1598,539382247,"01598M20:04:46.219","01598 19:17:26",225.90,824.38,,,,"     ",5.10,303.97,2.49
1598,539382248,"01598M20:04:47.193","01598 19:17:27",225.87,824.30,,,,"     ",5.10,300.14,2.45
1598,539382249,"01598M20:04:48.166","01598 19:17:28",225.84,824.30,,,,"     ",5.10,302.09,2.47
1598,539382250,"01598M20:04:49.139","01598 19:17:29",225.80,824.27,,,,"     ",5.10,301.08,2.46
1598,539382251,"01598M20:04:50.112","01598 19:17:30",225.77,824.27,,,,"     ",5.10,300.66,2.46
1598,539382252,"01598M20:04:51.086","01598 19:17:31",225.75,824.29,,,,"     ",5.10,298.34,2.44
1598,539382253,"01598M20:04:52.059","01598 19:17:32",225.75,824.29,,,,"     ",5.10,300.04,2.45
1598,539382254,"01598M20:04:53.032","01598 19:17:33",225.75,824.30,,,,"     ",5.10,301.40,2.47
1598,539382255,"01598M20:04:54.005","01598 19:17:34",225.75,824.29,,,,"     ",5.10,298.07,2.44
1598,539382256,"01598M20:04:54.979","01598 19:17:35",225.76,824.37,,,,"     ",5.10,300.65,2.46
1598,539382257,"01598M20:04:55.952","01598 19:17:36",225.77,824.36,,,,"     ",5.10,301.71,2.47
1598,539382258,"01598M20:04:56.925","01598 19:17:36",225.79,824.36,,,,"     ",5.10,299.12,2.45
1598,539382259,"01598M20:04:57.899","01598 19:17:37",225.81,824.35,,,,"     ",5.10,296.42,2.43
1598,539382260,"01598M20:04:58.872","01598 19:17:38",225.84,824.39,,,,"     ",5.10,300.02,2.46
1598,539382261,"01598M20:04:59.845","01598 19:17:39",225.86,824.38,,,,"     ",5.10,300.19,2.46
1598,539382262,"01598M20:05:00.818","01598 19:17:40",225.89,824.42,,,,"     ",5.10,300.82,2.46
1598,539382263,"01598M20:05:01.792","01598 19:17:41",225.92,824.40,,,,"     ",5.10,300.80,2.46
1598,539382264,"01598M20:05:02.765","01598 19:17:42",225.94,824.42,,,,"     ",5.10,299.85,2.46
1598,539382265,"01598M20:05:03.738","01598 19:17:43",225.95,824.37,,,,"     ",5.10,298.09,2.44
1598,539382266,"01598M20:05:04.711","01598 19:17:44",225.96,824.43,,,,"     ",5.10,301.15,2.47
1598,539382267,"01598M20:05:05.685","01598 19:17:45",225.96,824.41,,,,"     ",5.10,297.86,2.44
1598,539382268,"01598M20:05:06.658","01598 19:17:46",225.96,824.41,,,,"     ",5.10,299.43,2.45
1598,539382269,"01598M20:05:07.631","01598 19:17:47",225.96,824.47,,,,"     ",5.10,298.49,2.45
1598,539382270,"01598M20:05:08.604","01598 19:17:48",225.96,824.37,,,,"     ",5.10,298.94,2.45
1598,539382271,"01598M20:05:09.578","01598 19:17:49",225.95,824.43,,,,"     ",5.10,297.30,2.44
1598,539382272,"01598M20:05:10.551","01598 19:17:50",225.93,824.46,,,,"     ",5.10,299.32,2.45
1598,539382273,"01598M20:05:11.524","01598 19:17:51",225.89,824.47,,,,"     ",5.10,296.45,2.43
1598,539382274,"01598M20:05:12.497","01598 19:17:52",225.85,824.43,,,,"     ",5.10,301.06,2.47
1598,539382275,"01598M20:05:13.471","01598 19:17:53",225.80,824.41,,,,"     ",5.10,300.03,2.46
1598,539382276,"01598M20:05:14.444","01598 19:17:54",225.76,824.36,,,,"     ",5.10,300.18,2.46
1598,539382277,"01598M20:05:15.417","01598 19:17:55",225.72,824.44,,,,"     ",5.10,300.03,2.46
1598,539382278,"01598M20:05:16.390","01598 19:17:56",225.69,824.36,,,,"     ",5.10,298.54,2.45
1598,539382279,"01598M20:05:17.364","01598 19:17:57",225.67,824.35,,,,"     ",5.10,300.11,2.46
1598,539382280,"01598M20:05:18.337","01598 19:17:58",225.66,824.26,,,,"     ",5.10,302.21,2.48
1598,539382281,"01598M20:05:19.310","01598 19:17:59",225.66,824.35,,,,"     ",5.10,301.73,2.48
1598,539382282,"01598M20:05:20.283","01598 19:18:00",225.66,824.44,,,,"     ",5.10,299.88,2.46
1598,539382283,"01598M20:05:21.257","01598 19:18:01",225.68,824.43,,,,"     ",5.10,301.32,2.47
1598,539382284,"01598M20:05:22.230","01598 19:18:02",225.71,824.47,,,,"     ",5.10,301.16,2.47
1598,539382285,"01598M20:05:23.203","01598 19:18:03",225.75,824.53,,,,"     ",5.10,298.88,2.45
1598,539382286,"01598M20:05:24.176","01598 19:18:04",225.78,824.49,,,,"     ",5.10,299.80,2.46
1598,539382287,"01598M20:05:25.150","01598 19:18:05",225.80,824.47,,,,"     ",5.10,300.67,2.47
1598,539382288,"01598M20:05:26.123","01598 19:18:06",225.83,824.49,,,,"     ",5.10,300.16,2.46
1598,539382289,"01598M20:05:27.096","01598 19:18:07",225.85,824.48,,,,"     ",5.10,302.78,2.49
1598,539382290,"01598M20:05:28.069","01598 19:18:08",225.87,824.51,,,,"     ",5.10,302.95,2.49
1598,539382291,"01598M20:05:29.043","01598 19:18:09",225.88,824.54,,,,"     ",5.10,302.39,2.48
1598,539382292,"01598M20:05:30.016","01598 19:18:10",225.90,824.60,,,,"     ",5.10,301.49,2.48
1598,539382293,"01598M20:05:30.989","01598 19:18:11",225.92,824.60,,,,"     ",5.10,301.86,2.48
1598,539382294,"01598M20:05:31.962","01598 19:18:12",225.94,824.52,,,,"     ",5.10,302.41,2.48
1598,539382295,"01598M20:05:32.936","01598 19:18:12",225.96,824.54,,,,"     ",5.10,301.25,2.48
1598,539382296,"01598M20:05:33.909","01598 19:18:13",225.98,824.50,,,,"     ",5.10,300.01,2.47
1598,539382297,"01598M20:05:34.882","01598 19:18:14",225.99,824.49,,,,"     ",5.10,301.13,2.47
1598,539382298,"01598M20:05:35.855","01598 19:18:15",226.01,824.49,,,,"     ",5.10,300.13,2.47
1598,539382299,"01598M20:05:36.829","01598 19:18:16",226.02,824.46,,,,"     ",5.10,300.92,2.47
1598,539382300,"01598M20:05:37.802","01598 19:18:17",226.03,824.55,,,,"     ",5.10,298.42,2.45
1598,539382301,"01598M20:05:38.775","01598 19:18:18",226.05,824.56,,,,"     ",5.10,300.56,2.47
1598,539382302,"01598M20:05:39.748","01598 19:18:19",226.06,824.59,,,,"     ",5.10,301.42,2.48
1598,539382303,"01598M20:05:40.722","01598 19:18:20",226.06,824.56,,,,"     ",5.10,300.50,2.47
1598,539385701,"01598M21:00:47.837","01598 20:13:27",227.28,834.80,,,,"     ",5.10,,
1598,539385702,"01598M21:00:48.810","01598 20:13:28",227.32,834.78,,,,"     ",5.10,192.80,2.88
1598,539385703,"01598M21:00:49.784","01598 20:13:29",227.37,834.68,,,,"     ",5.10,191.16,2.85
1598,539385704,"01598M21:00:50.757","01598 20:13:30",227.41,834.70,,,,"     ",5.10,193.82,2.88
1598,539385705,"01598M21:00:51.730","01598 20:13:31",227.45,834.75,,,,"     ",5.10,193.56,2.87
1598,539385706,"01598M21:00:52.703","01598 20:13:32",226.57,834.75,,,,"     ",5.10,193.14,2.86
1598,539385707,"01598M21:00:53.677","01598 20:13:33",226.59,834.78,,,,"     ",5.10,194.06,2.86
1598,539385708,"01598M21:00:54.650","01598 20:13:34",226.62,834.74,,,,"     ",5.10,194.30,2.86
1598,539385709,"01598M21:00:55.623","01598 20:13:35",226.64,834.84,,,,"     ",5.10,193.50,2.85
1598,539385710,"01598M21:00:56.596","01598 20:13:36",226.66,834.83,,,,"     ",5.10,195.63,2.87
1598,539385711,"01598M21:00:57.570","01598 20:13:37",226.69,834.79,,,,"     ",5.10,195.25,2.86
1598,539385712,"01598M21:00:58.543","01598 20:13:37",226.71,834.84,,,,"     ",5.10,194.01,2.83
1598,539385713,"01598M21:00:59.516","01598 20:13:38",226.73,834.79,,,,"     ",5.10,195.12,2.85
1598,539385714,"01598M21:01:00.489","01598 20:13:39",226.75,834.83,,,,"     ",5.10,196.06,2.85
1598,539385715,"01598M21:01:01.463","01598 20:13:40",226.77,834.84,,,,"     ",5.10,194.78,2.83
1598,539385716,"01598M21:01:02.436","01598 20:13:41",226.78,834.82,,,,"     ",5.10,196.01,2.84
1598,539385717,"01598M21:01:03.409","01598 20:13:42",226.80,834.77,,,,"     ",5.10,194.58,2.82
1598,539385718,"01598M21:01:04.382","01598 20:13:43",226.82,834.78,,,,"     ",5.10,196.56,2.84
1598,539385719,"01598M21:01:05.356","01598 20:13:44",226.84,834.72,,,,"     ",5.10,196.43,2.83
1598,539385720,"01598M21:01:06.329","01598 20:13:45",226.88,834.82,,,,"     ",5.10,196.30,2.83
1598,539385721,"01598M21:01:07.302","01598 20:13:46",226.91,834.76,,,,"     ",5.10,197.56,2.84
1598,539385722,"01598M21:01:08.275","01598 20:13:47",226.95,834.74,,,,"     ",5.10,197.24,2.83
1598,539385723,"01598M21:01:09.249","01598 20:13:48",226.99,834.72,,,,"     ",5.10,197.16,2.83
1598,539385724,"01598M21:01:10.222","01598 20:13:49",227.02,834.79,,,,"     ",5.10,197.32,2.82
1598,539385725,"01598M21:01:11.195","01598 20:13:50",227.05,834.77,,,,"     ",5.10,197.20,2.82
1598,539385726,"01598M21:01:12.168","01598 20:13:51",227.10,834.90,,,,"     ",5.10,197.53,2.82
1598,539385727,"01598M21:01:13.142","01598 20:13:52",227.14,834.90,,,,"     ",5.10,197.26,2.81
1598,539385728,"01598M21:01:14.115","01598 20:13:53",227.18,834.88,,,,"     ",5.10,198.12,2.82
1598,539385729,"01598M21:01:15.088","01598 20:13:54",227.20,834.81,,,,"     ",5.10,197.20,2.80
1598,539385730,"01598M21:01:16.061","01598 20:13:55",227.20,834.86,,,,"     ",5.10,199.31,2.83
1598,539385731,"01598M21:01:17.035","01598 20:13:56",227.17,834.87,,,,"     ",5.10,200.34,2.84
1598,539385732,"01598M21:01:18.008","01598 20:13:57",227.14,834.94,,,,"     ",5.10,200.28,2.84
1598,539385733,"01598M21:01:18.981","01598 20:13:58",227.10,834.86,,,,"     ",5.10,198.40,2.80
1598,539385734,"01598M21:01:19.954","01598 20:13:59",227.08,834.91,,,,"     ",5.10,198.69,2.81
1598,539385735,"01598M21:01:20.928","01598 20:14:00",227.06,834.86,,,,"     ",5.10,198.27,2.80
1598,539385736,"01598M21:01:21.901","01598 20:14:01",227.07,834.88,,,,"     ",5.10,196.93,2.77
1598,539385737,"01598M21:01:22.874","01598 20:14:02",227.08,834.90,,,,"     ",5.10,197.74,2.78
1598,539385738,"01598M21:01:23.847","01598 20:14:03",227.10,834.94,,,,"     ",5.10,199.04,2.80
1598,539385739,"01598M21:01:24.821","01598 20:14:04",227.13,834.90,,,,"     ",5.10,199.44,2.80
1598,539385740,"01598M21:01:25.794","01598 20:14:05",227.16,834.93,,,,"     ",5.10,199.35,2.80
1598,539385741,"01598M21:01:26.767","01598 20:14:06",227.17,834.89,,,,"     ",5.10,198.20,2.78
1598,539385742,"01598M21:01:27.740","01598 20:14:07",227.18,834.91,,,,"     ",5.10,198.50,2.78
1598,539385743,"01598M21:01:28.714","01598 20:14:08",227.19,834.92,,,,"     ",5.10,199.25,2.78
1598,539385744,"01598M21:01:29.687","01598 20:14:09",227.20,834.89,,,,"     ",5.10,199.76,2.79
1598,539385745,"01598M21:01:30.660","01598 20:14:10",227.19,834.86,,,,"     ",5.10,198.96,2.78
1598,539385746,"01598M21:01:31.633","01598 20:14:11",227.16,834.87,,,,"     ",5.10,200.95,2.80
1598,539385747,"01598M21:01:32.607","01598 20:14:12",227.09,834.90,,,,"     ",5.10,200.38,2.79
1598,539385748,"01598M21:01:33.580","01598 20:14:13",227.00,834.80,,,,"     ",5.10,199.80,2.78
1598,539385749,"01598M21:01:34.553","01598 20:14:13",226.90,834.78,,,,"     ",5.10,200.41,2.79
1598,539385750,"01598M21:01:35.526","01598 20:14:14",226.84,834.83,,,,"     ",5.10,201.38,2.80
1598,539385751,"01598M21:01:36.500","01598 20:14:15",226.81,834.85,,,,"     ",5.10,201.37,2.79
1598,539385752,"01598M21:01:37.473","01598 20:14:16",227.83,834.93,,,,"     ",5.10,200.90,2.78
1598,539385753,"01598M21:01:38.446","01598 20:14:17",227.81,834.89,,,,"     ",5.10,201.06,2.78
1598,539385754,"01598M21:01:39.419","01598 20:14:18",227.80,834.92,,,,"     ",5.10,199.73,2.76
1598,539385755,"01598M21:01:40.393","01598 20:14:19",227.81,834.91,,,,"     ",5.10,200.97,2.78
1598,539385756,"01598M21:01:41.366","01598 20:14:20",226.84,834.94,,,,"     ",5.10,201.22,2.78
1598,539385757,"01598M21:01:42.339","01598 20:14:21",226.85,834.82,,,,"     ",5.10,201.37,2.78
1598,539385758,"01598M21:01:43.312","01598 20:14:22",226.87,834.91,,,,"     ",5.10,201.60,2.78
1598,539385759,"01598M21:01:44.286","01598 20:14:23",226.90,834.81,,,,"     ",5.10,201.34,2.78
1598,539385760,"01598M21:01:45.259","01598 20:14:24",226.97,834.82,,,,"     ",5.10,202.50,2.79
1598,539385761,"01598M21:01:46.232","01598 20:14:25",227.07,834.86,,,,"     ",5.10,202.68,2.79
1598,539385762,"01598M21:01:47.205","01598 20:14:26",227.20,834.83,,,,"     ",5.10,201.12,2.77
1598,539385763,"01598M21:01:48.179","01598 20:14:27",227.35,834.82,,,,"     ",5.10,201.89,2.78
1598,539385764,"01598M21:01:49.152","01598 20:14:28",227.49,834.81,,,,"     ",5.10,202.09,2.78
1598,539385765,"01598M21:01:50.125","01598 20:14:29",227.59,834.80,,,,"     ",5.10,203.16,2.79
1598,539385766,"01598M21:01:51.098","01598 20:14:30",227.65,834.84,,,,"     ",5.10,200.82,2.75
1598,539385767,"01598M21:01:52.072","01598 20:14:31",227.66,834.77,,,,"     ",5.10,202.58,2.78
1598,539385768,"01598M21:01:53.045","01598 20:14:32",227.62,834.79,,,,"     ",5.10,201.34,2.76
1598,539385769,"01598M21:01:54.018","01598 20:14:33",227.54,834.68,,,,"     ",5.10,202.75,2.78
1598,539385770,"01598M21:01:54.991","01598 20:14:34",227.45,834.72,,,,"     ",5.10,202.01,2.76
1598,539385771,"01598M21:01:55.965","01598 20:14:35",227.36,834.75,,,,"     ",5.10,203.05,2.78
1598,539385772,"01598M21:01:56.938","01598 20:14:36",227.29,834.79,,,,"     ",5.10,202.34,2.77
1598,539385773,"01598M21:01:57.911","01598 20:14:37",227.23,834.76,,,,"     ",5.10,201.79,2.76
1598,539385774,"01598M21:01:58.884","01598 20:14:38",227.17,834.73,,,,"     ",5.10,202.58,2.77
1598,539385775,"01598M21:01:59.858","01598 20:14:39",227.08,834.75,,,,"     ",5.10,203.76,2.78
1598,539385776,"01598M21:02:00.831","01598 20:14:40",226.98,834.72,,,,"     ",5.10,202.86,2.77
1598,539385777,"01598M21:02:01.804","01598 20:14:41",226.88,834.77,,,,"     ",5.10,204.38,2.79
1598,539385778,"01598M21:02:02.778","01598 20:14:42",226.80,834.78,,,,"     ",5.10,202.74,2.76
1598,539385779,"01598M21:02:03.751","01598 20:14:43",226.77,834.81,,,,"     ",5.10,202.62,2.76
1598,539385780,"01598M21:02:04.724","01598 20:14:44",226.79,834.74,,,,"     ",5.10,203.12,2.77
1598,539385781,"01598M21:02:05.697","01598 20:14:45",226.87,834.70,,,,"     ",5.10,203.63,2.77
1598,539385782,"01598M21:02:06.671","01598 20:14:46",226.99,834.69,,,,"     ",5.10,203.81,2.77
1598,539385783,"01598M21:02:07.644","01598 20:14:47",227.12,834.61,,,,"     ",5.10,204.29,2.78
1598,539385784,"01598M21:02:08.617","01598 20:14:48",227.23,834.68,,,,"     ",5.10,203.30,2.77
1598,539385785,"01598M21:02:09.590","01598 20:14:49",227.34,834.76,,,,"     ",5.10,203.77,2.77
1598,539385786,"01598M21:02:10.564","01598 20:14:50",227.45,834.76,,,,"     ",5.10,205.60,2.79
1598,539385787,"01598M21:02:11.537","01598 20:14:50",227.58,834.75,,,,"     ",5.10,204.95,2.78
1598,539385788,"01598M21:02:12.510","01598 20:14:51",227.74,834.87,,,,"     ",5.10,205.60,2.79
1598,539385789,"01598M21:02:13.483","01598 20:14:52",227.92,834.72,,,,"     ",5.10,205.33,2.79
1598,539385790,"01598M21:02:14.457","01598 20:14:53",228.10,834.74,,,,"     ",5.10,205.30,2.79
1598,539385791,"01598M21:02:15.430","01598 20:14:54",228.28,834.75,,,,"     ",5.10,204.49,2.77
1598,539385792,"01598M21:02:16.403","01598 20:14:55",228.44,834.80,,,,"     ",5.10,205.08,2.78
1598,539385793,"01598M21:02:17.376","01598 20:14:56",228.54,834.79,,,,"     ",5.10,206.08,2.79
1598,539385794,"01598M21:02:18.350","01598 20:14:57",228.59,834.70,,,,"     ",5.10,204.85,2.77
1598,539385795,"01598M21:02:19.323","01598 20:14:58",228.59,834.79,,,,"     ",5.10,204.80,2.77
1598,539385796,"01598M21:02:20.296","01598 20:14:59",228.56,834.79,,,,"     ",5.10,205.62,2.78
1598,539385797,"01598M21:02:21.269","01598 20:15:00",228.52,834.80,,,,"     ",5.10,204.83,2.77
1598,539385798,"01598M21:02:22.243","01598 20:15:01",228.46,834.83,,,,"     ",5.10,205.87,2.78
1598,539385799,"01598M21:02:23.216","01598 20:15:02",228.37,834.76,,,,"     ",5.10,206.71,2.79
1598,539385800,"01598M21:02:24.189","01598 20:15:03",228.28,834.69,,,,"     ",5.10,206.61,2.79
1598,539385801,"01598M21:02:25.162","01598 20:15:04",228.16,834.65,,,,"     ",5.10,208.43,2.81
1598,539385802,"01598M21:02:26.136","01598 20:15:05",228.05,834.70,,,,"     ",5.10,208.24,2.81
1598,539385803,"01598M21:02:27.109","01598 20:15:06",227.95,834.74,,,,"     ",5.10,205.91,2.78
1598,539385804,"01598M21:02:28.082","01598 20:15:07",227.88,834.81,,,,"     ",5.10,207.62,2.80
1598,539385805,"01598M21:02:29.055","01598 20:15:08",227.84,834.74,,,,"     ",5.10,208.28,2.81
1598,539385806,"01598M21:02:30.029","01598 20:15:09",227.84,834.81,,,,"     ",5.10,207.90,2.80
1598,539385807,"01598M21:02:31.002","01598 20:15:10",227.89,834.85,,,,"     ",5.10,207.77,2.80
1598,539385808,"01598M21:02:31.975","01598 20:15:11",227.99,834.79,,,,"     ",5.10,209.23,2.82
1598,539385809,"01598M21:02:32.948","01598 20:15:12",228.13,834.76,,,,"     ",5.10,210.32,2.83
1598,539385810,"01598M21:02:33.922","01598 20:15:13",228.28,834.77,,,,"     ",5.10,209.58,2.82
1598,539385811,"01598M21:02:34.895","01598 20:15:14",228.42,834.85,,,,"     ",5.10,210.64,2.83
1598,539385812,"01598M21:02:35.868","01598 20:15:15",228.57,834.81,,,,"     ",5.10,209.76,2.82
1598,539385813,"01598M21:02:36.841","01598 20:15:16",228.73,834.84,,,,"     ",5.10,208.94,2.81
1598,539385814,"01598M21:02:37.815","01598 20:15:17",228.90,834.84,,,,"     ",5.10,211.07,2.83
1598,539385815,"01598M21:02:38.788","01598 20:15:18",229.07,834.87,,,,"     ",5.10,209.08,2.81
1598,539385816,"01598M21:02:39.761","01598 20:15:19",229.23,834.84,,,,"     ",5.10,211.60,2.84
1598,539385817,"01598M21:02:40.734","01598 20:15:20",229.38,834.76,,,,"     ",5.10,211.09,2.83
1598,539385818,"01598M21:02:41.708","01598 20:15:21",229.51,834.79,,,,"     ",5.10,211.32,2.83
1598,539385819,"01598M21:02:42.681","01598 20:15:22",229.61,834.89,,,,"     ",5.10,210.54,2.82
1598,539385820,"01598M21:02:43.654","01598 20:15:23",229.69,834.90,,,,"     ",5.10,211.97,2.84
1598,539385821,"01598M21:02:44.627","01598 20:15:24",229.76,834.87,,,,"     ",5.10,212.36,2.84
1598,539385822,"01598M21:02:45.601","01598 20:15:25",229.80,834.87,,,,"     ",5.10,211.46,2.83
1598,539385823,"01598M21:02:46.574","01598 20:15:26",229.83,834.88,,,,"     ",5.10,214.20,2.86
1598,539385824,"01598M21:02:47.547","01598 20:15:26",229.84,834.85,,,,"     ",5.10,212.96,2.85
1598,539385825,"01598M21:02:48.520","01598 20:15:27",229.84,834.93,,,,"     ",5.10,211.40,2.82
1598,539385826,"01598M21:02:49.494","01598 20:15:28",229.85,834.89,,,,"     ",5.10,212.87,2.84
1598,539385827,"01598M21:02:50.467","01598 20:15:29",229.85,834.90,,,,"     ",5.10,213.00,2.84
1598,539385828,"01598M21:02:51.440","01598 20:15:30",229.86,834.89,,,,"     ",5.10,214.24,2.86
1598,539385829,"01598M21:02:52.413","01598 20:15:31",229.88,834.83,,,,"     ",5.10,213.26,2.84
1598,539385830,"01598M21:02:53.387","01598 20:15:32",229.89,834.80,,,,"     ",5.10,214.26,2.86
1598,539385831,"01598M21:02:54.360","01598 20:15:33",229.88,834.85,,,,"     ",5.10,214.47,2.86
1598,539385832,"01598M21:02:55.333","01598 20:15:34",229.87,834.86,,,,"     ",5.10,213.23,2.84
1598,539385833,"01598M21:02:56.306","01598 20:15:35",229.84,834.88,,,,"     ",5.10,214.11,2.85
1598,539385834,"01598M21:02:57.280","01598 20:15:36",229.81,834.90,,,,"     ",5.10,213.72,2.84
1598,539385835,"01598M21:02:58.253","01598 20:15:37",229.78,834.88,,,,"     ",5.10,215.99,2.87
1598,539385836,"01598M21:02:59.226","01598 20:15:38",229.71,834.95,,,,"     ",5.10,213.51,2.83
1598,539385837,"01598M21:03:00.199","01598 20:15:39",229.61,835.03,,,,"     ",5.10,215.90,2.87
1598,539385838,"01598M21:03:01.173","01598 20:15:40",229.50,834.83,,,,"     ",5.10,214.76,2.85
1598,539385839,"01598M21:03:02.146","01598 20:15:41",229.40,834.85,,,,"     ",5.10,214.88,2.85
1598,539385840,"01598M21:03:03.119","01598 20:15:42",229.31,834.81,,,,"     ",5.10,216.66,2.87
1598,539385841,"01598M21:03:04.092","01598 20:15:43",229.25,834.86,,,,"     ",5.10,216.16,2.86
1598,539385842,"01598M21:03:05.066","01598 20:15:44",229.20,834.83,,,,"     ",5.10,214.56,2.84
1598,539385843,"01598M21:03:06.039","01598 20:15:45",229.16,834.79,,,,"     ",5.10,213.37,2.82
1598,539385844,"01598M21:03:07.012","01598 20:15:46",229.10,834.72,,,,"     ",5.10,216.49,2.86
1598,539385845,"01598M21:03:07.985","01598 20:15:47",229.01,834.73,,,,"     ",5.10,216.21,2.86
1598,539385846,"01598M21:03:08.959","01598 20:15:48",228.91,834.71,,,,"     ",5.10,215.13,2.84
1598,539385847,"01598M21:03:09.932","01598 20:15:49",228.81,834.71,,,,"     ",5.10,215.89,2.85
1598,539385848,"01598M21:03:10.905","01598 20:15:50",228.72,834.70,,,,"     ",5.10,217.19,2.87
1598,539385849,"01598M21:03:11.879","01598 20:15:51",228.67,834.80,,,,"     ",5.10,216.65,2.86
1598,539385850,"01598M21:03:12.852","01598 20:15:52",228.66,834.78,,,,"     ",5.10,215.15,2.84
1598,539385851,"01598M21:03:13.825","01598 20:15:53",228.68,834.87,,,,"     ",5.10,215.18,2.84
1598,539385852,"01598M21:03:14.798","01598 20:15:54",228.72,834.84,,,,"     ",5.10,215.46,2.84
1598,539385853,"01598M21:03:15.772","01598 20:15:55",228.77,834.84,,,,"     ",5.10,215.23,2.83
1598,539385854,"01598M21:03:16.745","01598 20:15:56",228.81,834.75,,,,"     ",5.10,215.65,2.84
1598,539385855,"01598M21:03:17.718","01598 20:15:57",228.85,834.80,,,,"     ",5.10,216.34,2.85
1598,539385856,"01598M21:03:18.691","01598 20:15:58",228.91,834.84,,,,"     ",5.10,216.59,2.85
1598,539385857,"01598M21:03:19.665","01598 20:15:59",228.99,834.80,,,,"     ",5.10,215.50,2.83
1598,539385858,"01598M21:03:20.638","01598 20:16:00",229.09,834.82,,,,"     ",5.10,216.19,2.84
1598,539385859,"01598M21:03:21.611","01598 20:16:01",229.18,834.74,,,,"     ",5.10,214.78,2.82
1598,539385860,"01598M21:03:22.584","01598 20:16:02",229.25,834.79,,,,"     ",5.10,217.82,2.86
1598,539385861,"01598M21:03:23.558","01598 20:16:02",229.25,834.84,,,,"     ",5.10,217.78,2.86
1598,539385862,"01598M21:03:24.531","01598 20:16:03",229.20,834.75,,,,"     ",5.10,217.36,2.86
1598,539385863,"01598M21:03:25.504","01598 20:16:04",229.12,834.70,,,,"     ",5.10,216.54,2.84
1598,539385864,"01598M21:03:26.477","01598 20:16:05",229.03,834.85,,,,"     ",5.10,217.54,2.86
1598,539385865,"01598M21:03:27.451","01598 20:16:06",228.94,834.77,,,,"     ",5.10,217.02,2.85
1598,539385866,"01598M21:03:28.424","01598 20:16:07",228.88,834.85,,,,"     ",5.10,216.39,2.84
1598,539385867,"01598M21:03:29.397","01598 20:16:08",228.86,834.86,,,,"     ",5.10,215.07,2.82
1598,539385868,"01598M21:03:30.370","01598 20:16:09",228.86,834.84,,,,"     ",5.10,215.97,2.83
1598,539385869,"01598M21:03:31.344","01598 20:16:10",228.86,834.85,,,,"     ",5.10,217.03,2.85
1598,539385870,"01598M21:03:32.317","01598 20:16:11",228.85,834.87,,,,"     ",5.10,215.61,2.83
1598,539385871,"01598M21:03:33.290","01598 20:16:12",228.82,834.97,,,,"     ",5.10,217.33,2.85
1598,539385872,"01598M21:03:34.263","01598 20:16:13",228.78,834.86,,,,"     ",5.10,218.26,2.86
1598,539385873,"01598M21:03:35.237","01598 20:16:14",228.73,834.89,,,,"     ",5.10,217.56,2.85
1598,539385874,"01598M21:03:36.210","01598 20:16:15",228.70,834.90,,,,"     ",5.10,218.00,2.86
1598,539385875,"01598M21:03:37.183","01598 20:16:16",228.67,834.90,,,,"     ",5.10,218.15,2.86
1598,539385876,"01598M21:03:38.156","01598 20:16:17",228.65,834.89,,,,"     ",5.10,216.83,2.84
1598,539385877,"01598M21:03:39.130","01598 20:16:18",228.64,834.84,,,,"     ",5.10,217.07,2.84
1598,539385878,"01598M21:03:40.103","01598 20:16:19",228.62,834.91,,,,"     ",5.10,218.29,2.86
1598,539385879,"01598M21:03:41.076","01598 20:16:20",228.60,834.88,,,,"     ",5.10,217.95,2.86
1598,539385880,"01598M21:03:42.049","01598 20:16:21",228.60,834.86,,,,"     ",5.10,218.08,2.86
1598,539385881,"01598M21:03:43.023","01598 20:16:22",228.63,834.96,,,,"     ",5.10,218.42,2.86
1598,539385882,"01598M21:03:43.996","01598 20:16:23",228.73,834.88,,,,"     ",5.10,219.17,2.87
1598,539385883,"01598M21:03:44.969","01598 20:16:24",228.88,834.83,,,,"     ",5.10,219.84,2.88
1598,539385884,"01598M21:03:45.942","01598 20:16:25",229.05,834.91,,,,"     ",5.10,218.22,2.85
1598,539385885,"01598M21:03:46.916","01598 20:16:26",229.20,834.99,,,,"     ",5.10,219.36,2.87
1598,539385886,"01598M21:03:47.889","01598 20:16:27",229.29,834.98,,,,"     ",5.10,220.77,2.89
1598,539385887,"01598M21:03:48.862","01598 20:16:28",229.34,834.94,,,,"     ",5.10,219.13,2.86
1598,539385888,"01598M21:03:49.835","01598 20:16:29",229.35,834.93,,,,"     ",5.10,220.02,2.88
1598,539385889,"01598M21:03:50.809","01598 20:16:30",229.34,834.88,,,,"     ",5.10,219.09,2.86
1598,539385890,"01598M21:03:51.782","01598 20:16:31",229.32,834.91,,,,"     ",5.10,219.53,2.87
1598,539385891,"01598M21:03:52.755","01598 20:16:32",229.31,834.93,,,,"     ",5.10,220.89,2.88
1598,539385892,"01598M21:03:53.728","01598 20:16:33",229.30,834.94,,,,"     ",5.10,221.46,2.89
1598,539385893,"01598M21:03:54.702","01598 20:16:34",229.29,834.95,,,,"     ",5.10,221.27,2.89
1598,539385894,"01598M21:03:55.675","01598 20:16:35",229.28,834.92,,,,"     ",5.10,221.71,2.89
1598,539385895,"01598M21:03:56.648","01598 20:16:36",229.31,834.88,,,,"     ",5.10,221.23,2.88
1598,539385896,"01598M21:03:57.621","01598 20:16:37",229.38,834.95,,,,"     ",5.10,221.91,2.89
1598,539385897,"01598M21:03:58.595","01598 20:16:38",229.50,834.95,,,,"     ",5.10,222.12,2.89
1598,539385898,"01598M21:03:59.568","01598 20:16:38",229.68,834.97,,,,"     ",5.10,221.46,2.88
1598,539385899,"01598M21:04:00.541","01598 20:16:39",229.91,834.93,,,,"     ",5.10,220.99,2.88
1598,539385900,"01598M21:04:01.514","01598 20:16:40",230.16,835.02,,,,"     ",5.10,223.26,2.91
1598,539385901,"01598M21:04:02.488","01598 20:16:41",230.39,834.95,,,,"     ",5.10,221.62,2.88
1598,539385902,"01598M21:04:03.461","01598 20:16:42",230.58,834.97,,,,"     ",5.10,223.54,2.91
1598,539385903,"01598M21:04:04.434","01598 20:16:43",230.72,835.02,,,,"     ",5.10,222.05,2.88
1598,539385904,"01598M21:04:05.407","01598 20:16:44",230.79,835.05,,,,"     ",5.10,224.10,2.91
1598,539385905,"01598M21:04:06.381","01598 20:16:45",230.82,835.12,,,,"     ",5.10,224.10,2.91
1598,539385906,"01598M21:04:07.354","01598 20:16:46",230.79,835.11,,,,"     ",5.10,223.12,2.90
1598,539385907,"01598M21:04:08.327","01598 20:16:47",230.74,835.16,,,,"     ",5.10,223.06,2.89
1598,539385908,"01598M21:04:09.300","01598 20:16:48",230.67,835.16,,,,"     ",5.10,223.70,2.90
1598,539385909,"01598M21:04:10.274","01598 20:16:49",230.59,835.11,,,,"     ",5.10,223.98,2.90
1598,539385910,"01598M21:04:11.247","01598 20:16:50",230.50,835.19,,,,"     ",5.10,223.99,2.90
1598,539385911,"01598M21:04:12.220","01598 20:16:51",230.42,835.21,,,,"     ",5.10,223.67,2.90
1598,539385912,"01598M21:04:13.193","01598 20:16:52",230.37,835.19,,,,"     ",5.10,225.33,2.92
1598,539385913,"01598M21:04:14.167","01598 20:16:53",230.33,835.24,,,,"     ",5.10,225.15,2.91
1598,539385914,"01598M21:04:15.140","01598 20:16:54",230.31,835.24,,,,"     ",5.10,225.31,2.91
1598,539385915,"01598M21:04:16.113","01598 20:16:55",230.32,835.20,,,,"     ",5.10,227.62,2.94
1598,539385916,"01598M21:04:17.086","01598 20:16:56",230.36,835.22,,,,"     ",5.10,225.01,2.91
1598,539385917,"01598M21:04:18.060","01598 20:16:57",230.42,835.16,,,,"     ",5.10,225.35,2.91
1598,539385918,"01598M21:04:19.033","01598 20:16:58",230.48,835.16,,,,"     ",5.10,225.75,2.91
1598,539385919,"01598M21:04:20.006","01598 20:16:59",230.53,835.17,,,,"     ",5.10,226.70,2.93
1598,539385920,"01598M21:04:20.980","01598 20:17:00",230.58,835.10,,,,"     ",5.10,225.60,2.91
1598,539385921,"01598M21:04:21.953","01598 20:17:01",230.60,835.24,,,,"     ",5.10,227.32,2.93
1598,539385922,"01598M21:04:22.926","01598 20:17:02",230.61,835.25,,,,"     ",5.10,225.33,2.90
1598,539385923,"01598M21:04:23.899","01598 20:17:03",230.59,835.17,,,,"     ",5.10,224.74,2.90
1598,539385924,"01598M21:04:24.873","01598 20:17:04",230.55,835.26,,,,"     ",5.10,227.34,2.93
1598,539385925,"01598M21:04:25.846","01598 20:17:05",230.51,835.24,,,,"     ",5.10,226.73,2.92
1598,539385926,"01598M21:04:26.819","01598 20:17:06",230.47,835.37,,,,"     ",5.10,224.59,2.89
1598,539385927,"01598M21:04:27.792","01598 20:17:07",230.44,835.28,,,,"     ",5.10,226.30,2.91
1598,539385928,"01598M21:04:28.766","01598 20:17:08",230.42,835.28,,,,"     ",5.10,226.10,2.91
1598,539385929,"01598M21:04:29.739","01598 20:17:09",230.43,835.19,,,,"     ",5.10,226.20,2.91
1598,539385930,"01598M21:04:30.712","01598 20:17:10",230.45,835.24,,,,"     ",5.10,225.07,2.89
1598,539385931,"01598M21:04:31.685","01598 20:17:11",230.47,835.32,,,,"     ",5.10,225.30,2.90
1598,539385932,"01598M21:04:32.659","01598 20:17:12",230.48,835.29,,,,"     ",5.10,224.67,2.89
1598,539385933,"01598M21:04:33.632","01598 20:17:13",230.48,835.35,,,,"     ",5.10,225.64,2.90
1598,539385934,"01598M21:04:34.605","01598 20:17:14",230.46,835.33,,,,"     ",5.10,224.10,2.88
1598,539385935,"01598M21:04:35.578","01598 20:17:14",230.45,835.31,,,,"     ",5.10,224.99,2.89
1598,539385936,"01598M21:04:36.552","01598 20:17:15",230.45,835.35,,,,"     ",5.10,225.50,2.90
1598,539385937,"01598M21:04:37.525","01598 20:17:16",230.46,835.29,,,,"     ",5.10,224.34,2.88
1598,539385938,"01598M21:04:38.498","01598 20:17:17",230.49,835.28,,,,"     ",5.10,224.56,2.88
1598,539385939,"01598M21:04:39.471","01598 20:17:18",230.51,835.27,,,,"     ",5.10,224.20,2.88
1598,539385940,"01598M21:04:40.445","01598 20:17:19",230.53,835.23,,,,"     ",5.10,225.31,2.89
1598,539385941,"01598M21:04:41.418","01598 20:17:20",230.53,835.27,,,,"     ",5.10,223.59,2.87
1598,539385942,"01598M21:04:42.391","01598 20:17:21",230.51,835.30,,,,"     ",5.10,225.53,2.90
1598,539385943,"01598M21:04:43.364","01598 20:17:22",230.47,835.41,,,,"     ",5.10,224.04,2.88
1598,539385944,"01598M21:04:44.338","01598 20:17:23",230.42,835.29,,,,"     ",5.10,226.31,2.90
1598,539385945,"01598M21:04:45.311","01598 20:17:24",230.38,835.40,,,,"     ",5.10,224.66,2.88
1598,539385946,"01598M21:04:46.284","01598 20:17:25",230.33,835.41,,,,"     ",5.10,224.45,2.88
1598,539385947,"01598M21:04:47.257","01598 20:17:26",230.30,835.43,,,,"     ",5.10,224.61,2.88
1598,539385948,"01598M21:04:48.231","01598 20:17:27",230.26,835.41,,,,"     ",5.10,224.96,2.88
1598,539385949,"01598M21:04:49.204","01598 20:17:28",230.24,835.32,,,,"     ",5.10,224.36,2.88
1598,539385950,"01598M21:04:50.177","01598 20:17:29",230.22,835.43,,,,"     ",5.10,224.38,2.88
1598,539385951,"01598M21:04:51.150","01598 20:17:30",230.22,835.32,,,,"     ",5.10,226.46,2.90
1598,539385952,"01598M21:04:52.124","01598 20:17:31",230.23,835.29,,,,"     ",5.10,224.20,2.87
1598,539385953,"01598M21:04:53.097","01598 20:17:32",230.22,835.37,,,,"     ",5.10,222.95,2.86
1598,539385954,"01598M21:04:54.070","01598 20:17:33",230.21,835.34,,,,"     ",5.10,222.19,2.85
1598,539385955,"01598M21:04:55.043","01598 20:17:34",230.19,835.37,,,,"     ",5.10,224.09,2.87
1598,539385956,"01598M21:04:56.017","01598 20:17:35",230.15,835.41,,,,"     ",5.10,224.32,2.87
1598,539385957,"01598M21:04:56.990","01598 20:17:36",230.11,835.46,,,,"     ",5.10,224.54,2.87
1598,539385958,"01598M21:04:57.963","01598 20:17:37",230.08,835.46,,,,"     ",5.10,224.98,2.88
1598,539385959,"01598M21:04:58.936","01598 20:17:38",230.06,835.38,,,,"     ",5.10,222.90,2.85
1598,539385960,"01598M21:04:59.910","01598 20:17:39",230.05,835.37,,,,"     ",5.10,223.79,2.86
1598,539385961,"01598M21:05:00.883","01598 20:17:40",230.04,835.33,,,,"     ",5.10,223.18,2.85
1598,539385962,"01598M21:05:01.856","01598 20:17:41",230.02,835.35,,,,"     ",5.10,224.87,2.88
1598,539385963,"01598M21:05:02.829","01598 20:17:42",229.99,835.45,,,,"     ",5.10,223.06,2.85
1598,539385964,"01598M21:05:03.803","01598 20:17:43",229.97,835.39,,,,"     ",5.10,222.00,2.84
1598,539385965,"01598M21:05:04.776","01598 20:17:44",229.97,835.43,,,,"     ",5.10,223.63,2.86
1598,539385966,"01598M21:05:05.749","01598 20:17:45",230.01,835.48,,,,"     ",5.10,223.09,2.85
1598,539385967,"01598M21:05:06.722","01598 20:17:46",230.10,835.44,,,,"     ",5.10,222.45,2.84
1598,539385968,"01598M21:05:07.696","01598 20:17:47",230.23,835.42,,,,"     ",5.10,222.83,2.85
1598,539385969,"01598M21:05:08.669","01598 20:17:48",230.37,835.45,,,,"     ",5.10,222.71,2.85
1598,539385970,"01598M21:05:09.642","01598 20:17:49",230.49,835.40,,,,"     ",5.10,222.99,2.85
1598,539385971,"01598M21:05:10.615","01598 20:17:50",230.58,835.44,,,,"     ",5.10,222.79,2.85
1598,539385972,"01598M21:05:11.589","01598 20:17:50",230.64,835.39,,,,"     ",5.10,221.62,2.83
1598,539385973,"01598M21:05:12.562","01598 20:17:51",230.68,835.35,,,,"     ",5.10,221.97,2.83
1598,539385974,"01598M21:05:13.535","01598 20:17:52",230.71,835.42,,,,"     ",5.10,222.74,2.84
1598,539385975,"01598M21:05:14.508","01598 20:17:53",230.76,835.41,,,,"     ",5.10,224.00,2.86
1598,539385976,"01598M21:05:15.482","01598 20:17:54",230.83,835.35,,,,"     ",5.10,224.54,2.87
1598,539385977,"01598M21:05:16.455","01598 20:17:55",230.93,835.37,,,,"     ",5.10,224.04,2.86
1598,539385978,"01598M21:05:17.428","01598 20:17:56",231.03,835.32,,,,"     ",5.10,224.50,2.87
1598,539385979,"01598M21:05:18.401","01598 20:17:57",231.13,835.41,,,,"     ",5.10,224.63,2.87
1598,539385980,"01598M21:05:19.375","01598 20:17:58",231.23,835.39,,,,"     ",5.10,225.72,2.88
1598,539385981,"01598M21:05:20.348","01598 20:17:59",231.33,835.35,,,,"     ",5.10,224.26,2.86
1598,539385982,"01598M21:05:21.321","01598 20:18:00",231.43,835.37,,,,"     ",5.10,224.74,2.86
1598,539385983,"01598M21:05:22.294","01598 20:18:01",231.53,835.36,,,,"     ",5.10,226.60,2.89
1598,539385984,"01598M21:05:23.268","01598 20:18:02",231.61,835.41,,,,"     ",5.10,225.27,2.87
1598,539385985,"01598M21:05:24.241","01598 20:18:03",231.67,835.39,,,,"     ",5.10,228.07,2.90
1598,539385986,"01598M21:05:25.214","01598 20:18:04",231.71,835.39,,,,"     ",5.10,225.59,2.87
1598,539385987,"01598M21:05:26.187","01598 20:18:05",231.72,835.39,,,,"     ",5.10,226.00,2.87
1598,539385988,"01598M21:05:27.161","01598 20:18:06",231.71,835.44,,,,"     ",5.10,225.78,2.87
1598,539385989,"01598M21:05:28.134","01598 20:18:07",231.69,835.49,,,,"     ",5.10,226.16,2.87
1598,539385990,"01598M21:05:29.107","01598 20:18:08",231.66,835.43,,,,"     ",5.10,227.30,2.89
1598,539385991,"01598M21:05:30.081","01598 20:18:09",231.65,835.40,,,,"     ",5.10,227.32,2.89
1598,539385992,"01598M21:05:31.054","01598 20:18:10",231.64,835.43,,,,"     ",5.10,227.70,2.89
1598,539385993,"01598M21:05:32.027","01598 20:18:11",231.67,835.50,,,,"     ",5.10,227.83,2.89
1598,539385994,"01598M21:05:33.000","01598 20:18:12",231.71,835.44,,,,"     ",5.10,228.79,2.90
1598,539385995,"01598M21:05:33.974","01598 20:18:13",231.79,835.38,,,,"     ",5.10,228.22,2.89
1598,539385996,"01598M21:05:34.947","01598 20:18:14",231.87,835.44,,,,"     ",5.10,228.00,2.89
1598,539385997,"01598M21:05:35.920","01598 20:18:15",231.95,835.49,,,,"     ",5.10,229.21,2.90
1598,539385998,"01598M21:05:36.893","01598 20:18:16",232.03,835.50,,,,"     ",5.10,228.49,2.89
1598,539385999,"01598M21:05:37.867","01598 20:18:17",232.12,835.42,,,,"     ",5.10,228.59,2.89
1598,539386000,"01598M21:05:38.840","01598 20:18:18",232.21,835.51,,,,"     ",5.10,229.34,2.90
1598,539386001,"01598M21:05:39.813","01598 20:18:19",232.30,835.48,,,,"     ",5.10,229.93,2.90
1598,539386002,"01598M21:05:40.786","01598 20:18:20",232.39,835.45,,,,"     ",5.10,229.55,2.90
1598,539386003,"01598M21:05:41.760","01598 20:18:21",232.49,835.50,,,,"     ",5.10,229.04,2.89
1598,539386004,"01598M21:05:42.733","01598 20:18:22",232.59,835.51,,,,"     ",5.10,229.36,2.89
1598,539386005,"01598M21:05:43.706","01598 20:18:23",232.69,835.56,,,,"     ",5.10,229.39,2.89
1598,539386006,"01598M21:05:44.679","01598 20:18:24",232.79,835.55,,,,"     ",5.10,227.90,2.87
1598,539386007,"01598M21:05:45.653","01598 20:18:25",232.89,835.56,,,,"     ",5.10,229.01,2.88
1598,539386008,"01598M21:05:46.626","01598 20:18:26",233.00,835.58,,,,"     ",5.10,230.73,2.91
1598,539386009,"01598M21:05:47.599","01598 20:18:26",231.89,835.49,,,,"     ",5.10,229.84,2.89
1598,539386010,"01598M21:05:48.572","01598 20:18:27",231.89,835.54,,,,"     ",5.10,230.92,2.90
1598,539386011,"01598M21:05:49.546","01598 20:18:28",231.89,835.58,,,,"     ",5.10,229.61,2.89
1598,539386012,"01598M21:05:50.519","01598 20:18:29",231.88,835.66,,,,"     ",5.10,230.48,2.90
1598,539386013,"01598M21:05:51.492","01598 20:18:30",231.86,835.62,,,,"     ",5.10,230.92,2.90
1598,539386014,"01598M21:05:52.465","01598 20:18:31",231.84,835.58,,,,"     ",5.10,229.64,2.88
1598,539386015,"01598M21:05:53.439","01598 20:18:32",231.82,835.52,,,,"     ",5.10,229.35,2.88
1598,539386016,"01598M21:05:54.412","01598 20:18:33",231.78,835.54,,,,"     ",5.10,230.23,2.89
1598,539386017,"01598M21:05:55.385","01598 20:18:34",231.74,835.52,,,,"     ",5.10,231.91,2.91
1598,539386018,"01598M21:05:56.358","01598 20:18:35",231.69,835.53,,,,"     ",5.10,230.72,2.89
1598,539386019,"01598M21:05:57.332","01598 20:18:36",231.64,835.50,,,,"     ",5.10,231.55,2.90
1598,539386020,"01598M21:05:58.305","01598 20:18:37",231.57,835.55,,,,"     ",5.10,231.23,2.90
1598,539386021,"01598M21:05:59.278","01598 20:18:38",231.51,835.59,,,,"     ",5.10,230.67,2.89
1598,539386022,"01598M21:06:00.251","01598 20:18:39",231.45,835.57,,,,"     ",5.10,229.81,2.88
1598,539386023,"01598M21:06:01.225","01598 20:18:40",231.40,835.56,,,,"     ",5.10,231.00,2.89
1598,539386024,"01598M21:06:02.198","01598 20:18:41",231.30,835.60,,,,"     ",5.10,231.95,2.90
1598,539386025,"01598M21:06:03.171","01598 20:18:42",231.18,835.55,,,,"     ",5.10,231.50,2.90
1598,539386026,"01598M21:06:04.144","01598 20:18:43",231.05,835.53,,,,"     ",5.10,230.12,2.88
1598,539386027,"01598M21:06:05.118","01598 20:18:44",230.92,835.56,,,,"     ",5.10,232.22,2.90
1598,539386028,"01598M21:06:06.091","01598 20:18:45",230.82,835.55,,,,"     ",5.10,231.59,2.90
1598,539386029,"01598M21:06:07.064","01598 20:18:46",230.73,835.52,,,,"     ",5.10,232.60,2.91
1598,539386030,"01598M21:06:08.037","01598 20:18:47",230.67,835.48,,,,"     ",5.10,231.52,2.90
1598,539386031,"01598M21:06:09.011","01598 20:18:48",230.63,835.41,,,,"     ",5.10,231.91,2.90
1598,539386032,"01598M21:06:09.984","01598 20:18:49",230.60,835.37,,,,"     ",5.10,233.08,2.91
1598,539386033,"01598M21:06:10.957","01598 20:18:50",230.58,835.35,,,,"     ",5.10,233.36,2.92
1598,539386034,"01598M21:06:11.930","01598 20:18:51",230.58,835.32,,,,"     ",5.10,230.52,2.88
1598,539386035,"01598M21:06:12.904","01598 20:18:52",230.58,835.38,,,,"     ",5.10,232.15,2.90
1598,539386036,"01598M21:06:13.877","01598 20:18:53",230.58,835.34,,,,"     ",5.10,231.98,2.90
1598,539386037,"01598M21:06:14.850","01598 20:18:54",230.57,835.34,,,,"     ",5.10,234.00,2.93
1598,539386038,"01598M21:06:15.823","01598 20:18:55",230.53,835.42,,,,"     ",5.10,231.80,2.90
1598,539386039,"01598M21:06:16.797","01598 20:18:56",230.47,835.42,,,,"     ",5.10,233.62,2.92
1598,539386040,"01598M21:06:17.770","01598 20:18:57",230.40,835.46,,,,"     ",5.10,233.00,2.91
1598,539386041,"01598M21:06:18.743","01598 20:18:58",230.33,835.53,,,,"     ",5.10,233.22,2.92
1598,539386042,"01598M21:06:19.716","01598 20:18:59",230.28,835.47,,,,"     ",5.10,235.01,2.94
1598,539386043,"01598M21:06:20.690","01598 20:19:00",230.25,835.51,,,,"     ",5.10,233.83,2.92
1598,539386044,"01598M21:06:21.663","01598 20:19:01",230.22,835.51,,,,"     ",5.10,234.72,2.94
1598,539386045,"01598M21:06:22.636","01598 20:19:02",230.21,835.47,,,,"     ",5.10,233.59,2.92
1598,539386046,"01598M21:06:23.609","01598 20:19:03",230.21,835.44,,,,"     ",5.10,233.60,2.92
1598,539386047,"01598M21:06:24.583","01598 20:19:03",230.23,835.48,,,,"     ",5.10,233.23,2.92
1598,539386048,"01598M21:06:25.556","01598 20:19:04",230.27,835.42,,,,"     ",5.10,233.51,2.92
1598,539386049,"01598M21:06:26.529","01598 20:19:05",230.33,835.47,,,,"     ",5.10,232.38,2.91
1598,539386050,"01598M21:06:27.502","01598 20:19:06",230.38,835.41,,,,"     ",5.10,232.25,2.91
1598,539386051,"01598M21:06:28.476","01598 20:19:07",230.42,835.44,,,,"     ",5.10,234.46,2.94
1598,539386052,"01598M21:06:29.449","01598 20:19:08",230.45,835.37,,,,"     ",5.10,232.11,2.90
1598,539386053,"01598M21:06:30.422","01598 20:19:09",230.48,835.43,,,,"     ",5.10,232.62,2.91
1598,539386054,"01598M21:06:31.395","01598 20:19:10",230.49,835.41,,,,"     ",5.10,232.90,2.92
1598,539386055,"01598M21:06:32.369","01598 20:19:11",230.48,835.42,,,,"     ",5.10,230.25,2.88
1598,539386056,"01598M21:06:33.342","01598 20:19:12",230.47,835.50,,,,"     ",5.10,232.70,2.91
1598,539386057,"01598M21:06:34.315","01598 20:19:13",230.45,835.43,,,,"     ",5.10,230.54,2.89
1598,539386058,"01598M21:06:35.288","01598 20:19:14",230.41,835.46,,,,"     ",5.10,231.42,2.90
1598,539386059,"01598M21:06:36.262","01598 20:19:15",230.35,835.40,,,,"     ",5.10,229.36,2.87
1598,539386060,"01598M21:06:37.235","01598 20:19:16",230.28,835.41,,,,"     ",5.10,231.66,2.90
1598,539386061,"01598M21:06:38.208","01598 20:19:17",230.21,835.40,,,,"     ",5.10,230.63,2.89
1598,539386062,"01598M21:06:39.182","01598 20:19:18",230.13,835.38,,,,"     ",5.10,231.45,2.90
1598,539386063,"01598M21:06:40.155","01598 20:19:19",230.03,835.34,,,,"     ",5.10,231.53,2.90
1598,539386064,"01598M21:06:41.128","01598 20:19:20",229.90,835.39,,,,"     ",5.10,231.46,2.90
1598,539386065,"01598M21:06:42.101","01598 20:19:21",229.76,835.40,,,,"     ",5.10,229.71,2.88
1598,539386066,"01598M21:06:43.075","01598 20:19:22",229.63,835.45,,,,"     ",5.10,231.09,2.89
1598,539386067,"01598M21:06:44.048","01598 20:19:23",229.51,835.40,,,,"     ",5.10,230.93,2.89
1598,539386068,"01598M21:06:45.021","01598 20:19:24",229.39,835.36,,,,"     ",5.10,230.02,2.88
1598,539386069,"01598M21:06:45.994","01598 20:19:25",229.29,835.46,,,,"     ",5.10,229.37,2.87
1598,539386070,"01598M21:06:46.968","01598 20:19:26",229.23,835.47,,,,"     ",5.10,229.12,2.87
1598,539386071,"01598M21:06:47.941","01598 20:19:27",229.20,835.54,,,,"     ",5.10,228.54,2.86
1598,539386072,"01598M21:06:48.914","01598 20:19:28",229.23,835.40,,,,"     ",5.10,231.33,2.90
1598,539386073,"01598M21:06:49.887","01598 20:19:29",229.31,835.47,,,,"     ",5.10,232.05,2.91
1598,539386074,"01598M21:06:50.861","01598 20:19:30",229.43,835.41,,,,"     ",5.10,230.25,2.89
1598,539386075,"01598M21:06:51.834","01598 20:19:31",229.58,835.45,,,,"     ",5.10,227.71,2.85
1598,539386076,"01598M21:06:52.807","01598 20:19:32",229.73,835.41,,,,"     ",5.10,229.19,2.87
1598,539386077,"01598M21:06:53.780","01598 20:19:33",229.86,835.40,,,,"     ",5.10,228.11,2.86
1598,539386078,"01598M21:06:54.754","01598 20:19:34",229.96,835.48,,,,"     ",5.10,227.07,2.85
1598,539386079,"01598M21:06:55.727","01598 20:19:35",230.02,835.52,,,,"     ",5.10,227.36,2.85
1598,539386080,"01598M21:06:56.700","01598 20:19:36",230.05,835.42,,,,"     ",5.10,228.68,2.87
1598,539386081,"01598M21:06:57.673","01598 20:19:37",230.04,835.50,,,,"     ",5.10,227.46,2.85
1598,539386082,"01598M21:06:58.647","01598 20:19:38",230.02,835.51,,,,"     ",5.10,226.92,2.85
1598,539386083,"01598M21:06:59.620","01598 20:19:39",229.97,835.53,,,,"     ",5.10,229.30,2.88
1598,539386084,"01598M21:07:00.593","01598 20:19:39",229.92,835.55,,,,"     ",5.10,226.76,2.85
1598,539386085,"01598M21:07:01.566","01598 20:19:40",229.87,835.58,,,,"     ",5.10,226.87,2.85
1598,539386086,"01598M21:07:02.540","01598 20:19:41",229.82,835.49,,,,"     ",5.10,227.27,2.85
1598,539386087,"01598M21:07:03.513","01598 20:19:42",229.78,835.40,,,,"     ",5.10,226.27,2.84
1598,539386088,"01598M21:07:04.486","01598 20:19:43",229.75,835.49,,,,"     ",5.10,226.70,2.84
1598,539386089,"01598M21:07:05.459","01598 20:19:44",229.74,835.44,,,,"     ",5.10,225.55,2.83
1598,539386090,"01598M21:07:06.433","01598 20:19:45",229.75,835.45,,,,"     ",5.10,227.90,2.86
1598,539386091,"01598M21:07:07.406","01598 20:19:46",229.79,835.32,,,,"     ",5.10,226.63,2.84
1598,539386092,"01598M21:07:08.379","01598 20:19:47",229.83,835.38,,,,"     ",5.10,228.01,2.86
1598,539386093,"01598M21:07:09.352","01598 20:19:48",229.85,835.41,,,,"     ",5.10,229.26,2.88
1598,539386094,"01598M21:07:10.326","01598 20:19:49",229.85,835.38,,,,"     ",5.10,227.07,2.85
1598,539386095,"01598M21:07:11.299","01598 20:19:50",229.83,835.36,,,,"     ",5.10,226.52,2.84
1598,539386096,"01598M21:07:12.272","01598 20:19:51",229.79,835.28,,,,"     ",5.10,227.55,2.85
1598,539386097,"01598M21:07:13.245","01598 20:19:52",229.74,835.35,,,,"     ",5.10,228.34,2.86
1598,539386098,"01598M21:07:14.219","01598 20:19:53",229.70,835.31,,,,"     ",5.10,228.75,2.87
1598,539386099,"01598M21:07:15.192","01598 20:19:54",229.66,835.24,,,,"     ",5.10,228.29,2.86
1598,539386100,"01598M21:07:16.165","01598 20:19:55",229.64,835.27,,,,"     ",5.10,226.43,2.84
1598,539386101,"01598M21:07:17.138","01598 20:19:56",229.66,835.30,,,,"     ",5.10,227.77,2.86
1598,539386102,"01598M21:07:18.112","01598 20:19:57",229.70,835.43,,,,"     ",5.10,227.47,2.85
1598,539386103,"01598M21:07:19.085","01598 20:19:58",229.74,835.39,,,,"     ",5.10,228.14,2.86
1598,539386104,"01598M21:07:20.058","01598 20:19:59",229.77,835.36,,,,"     ",5.10,229.41,2.88
1598,539386105,"01598M21:07:21.031","01598 20:20:00",229.77,835.33,,,,"     ",5.10,228.69,2.87
1598,539386106,"01598M21:07:22.005","01598 20:20:01",229.77,835.27,,,,"     ",5.10,228.73,2.87
1598,539386107,"01598M21:07:22.978","01598 20:20:02",229.75,835.44,,,,"     ",5.10,228.67,2.87
1598,539386108,"01598M21:07:23.951","01598 20:20:03",229.73,835.43,,,,"     ",5.10,228.39,2.86
1598,539386109,"01598M21:07:24.924","01598 20:20:04",229.69,835.48,,,,"     ",5.10,230.01,2.89
1598,539386110,"01598M21:07:25.898","01598 20:20:05",229.64,835.44,,,,"     ",5.10,229.60,2.88
1598,539386111,"01598M21:07:26.871","01598 20:20:06",229.55,835.43,,,,"     ",5.10,229.04,2.87
1598,539386112,"01598M21:07:27.844","01598 20:20:07",229.42,835.34,,,,"     ",5.10,228.96,2.87
1598,539386113,"01598M21:07:28.817","01598 20:20:08",229.28,835.36,,,,"     ",5.10,228.62,2.87
1598,539386114,"01598M21:07:29.791","01598 20:20:09",229.16,835.37,,,,"     ",5.10,230.04,2.88
1598,539386115,"01598M21:07:30.764","01598 20:20:10",229.08,835.39,,,,"     ",5.10,230.32,2.89
1598,539386116,"01598M21:07:31.737","01598 20:20:11",229.05,835.34,,,,"     ",5.10,230.96,2.90
1598,539386117,"01598M21:07:32.710","01598 20:20:12",229.04,835.42,,,,"     ",5.10,228.28,2.86
1598,539386118,"01598M21:07:33.684","01598 20:20:13",229.05,835.49,,,,"     ",5.10,229.17,2.87
1598,539386119,"01598M21:07:34.657","01598 20:20:14",229.06,835.50,,,,"     ",5.10,231.18,2.90
1598,539386120,"01598M21:07:35.630","01598 20:20:15",229.07,835.52,,,,"     ",5.10,229.85,2.88
1598,539386121,"01598M21:07:36.603","01598 20:20:15",229.05,835.61,,,,"     ",5.10,229.82,2.88
1598,539386122,"01598M21:07:37.577","01598 20:20:16",229.00,835.58,,,,"     ",5.10,229.11,2.87
1598,539386123,"01598M21:07:38.550","01598 20:20:17",228.90,835.53,,,,"     ",5.10,230.20,2.89
1598,539386124,"01598M21:07:39.523","01598 20:20:18",228.76,835.50,,,,"     ",5.10,230.30,2.89
1598,539386125,"01598M21:07:40.496","01598 20:20:19",228.62,835.50,,,,"     ",5.10,230.70,2.90
1598,539386126,"01598M21:07:41.470","01598 20:20:20",228.49,835.47,,,,"     ",5.10,228.82,2.87
1598,539386127,"01598M21:07:42.443","01598 20:20:21",228.41,835.52,,,,"     ",5.10,229.94,2.89
1598,539386128,"01598M21:07:43.416","01598 20:20:22",228.35,835.43,,,,"     ",5.10,230.26,2.89
1598,539386129,"01598M21:07:44.389","01598 20:20:23",228.31,835.51,,,,"     ",5.10,229.69,2.88
1598,539386130,"01598M21:07:45.363","01598 20:20:24",228.29,835.46,,,,"     ",5.10,230.79,2.90
1598,539386131,"01598M21:07:46.336","01598 20:20:25",228.31,835.56,,,,"     ",5.10,230.62,2.89
1598,539386132,"01598M21:07:47.309","01598 20:20:26",228.34,835.53,,,,"     ",5.10,231.20,2.90
1598,539386133,"01598M21:07:48.282","01598 20:20:27",228.41,835.51,,,,"     ",5.10,229.83,2.89
1598,539386134,"01598M21:07:49.256","01598 20:20:28",228.50,835.57,,,,"     ",5.10,231.35,2.91
1598,539386135,"01598M21:07:50.229","01598 20:20:29",228.62,835.61,,,,"     ",5.10,229.17,2.88
1598,539386136,"01598M21:07:51.202","01598 20:20:30",228.75,835.63,,,,"     ",5.10,229.89,2.89
1598,539386137,"01598M21:07:52.176","01598 20:20:31",228.90,835.57,,,,"     ",5.10,232.21,2.92
1598,539386138,"01598M21:07:53.149","01598 20:20:32",229.05,835.57,,,,"     ",5.10,230.71,2.90
1598,539386139,"01598M21:07:54.122","01598 20:20:33",229.18,835.50,,,,"     ",5.10,229.91,2.89
1598,539386140,"01598M21:07:55.095","01598 20:20:34",229.30,835.57,,,,"     ",5.10,229.44,2.88
1598,539386141,"01598M21:07:56.069","01598 20:20:35",229.40,835.65,,,,"     ",5.10,228.36,2.87
1598,539386142,"01598M21:07:57.042","01598 20:20:36",229.45,835.56,,,,"     ",5.10,230.28,2.89
1598,539386143,"01598M21:07:58.015","01598 20:20:37",229.47,835.61,,,,"     ",5.10,229.89,2.89
1598,539386144,"01598M21:07:58.988","01598 20:20:38",229.48,835.64,,,,"     ",5.10,229.52,2.88
1598,539386145,"01598M21:07:59.962","01598 20:20:39",229.49,835.70,,,,"     ",5.10,229.78,2.89
1598,539386146,"01598M21:08:00.935","01598 20:20:40",229.53,835.72,,,,"     ",5.10,230.21,2.89
1598,539386147,"01598M21:08:01.908","01598 20:20:41",229.59,835.67,,,,"     ",5.10,229.68,2.88
1598,539386148,"01598M21:08:02.881","01598 20:20:42",229.65,835.70,,,,"     ",5.10,231.66,2.91
1598,539386149,"01598M21:08:03.855","01598 20:20:43",229.70,835.71,,,,"     ",5.10,232.49,2.92
1598,539386150,"01598M21:08:04.828","01598 20:20:44",229.75,835.75,,,,"     ",5.10,231.08,2.90
1598,539386151,"01598M21:08:05.801","01598 20:20:45",229.78,835.79,,,,"     ",5.10,231.53,2.91
1598,539386152,"01598M21:08:06.774","01598 20:20:46",229.81,835.73,,,,"     ",5.10,230.60,2.89
1598,539386153,"01598M21:08:07.748","01598 20:20:47",229.84,835.80,,,,"     ",5.10,230.68,2.89
1598,539386154,"01598M21:08:08.721","01598 20:20:48",229.89,835.80,,,,"     ",5.10,229.75,2.88
1598,539386155,"01598M21:08:09.694","01598 20:20:49",229.96,835.70,,,,"     ",5.10,229.92,2.88
1598,539386156,"01598M21:08:10.667","01598 20:20:50",230.07,835.82,,,,"     ",5.10,231.34,2.90
1598,539386157,"01598M21:08:11.641","01598 20:20:51",230.18,835.86,,,,"     ",5.10,231.39,2.90
1598,539386158,"01598M21:08:12.614","01598 20:20:51",230.28,835.78,,,,"     ",5.10,229.98,2.88
1598,539386159,"01598M21:08:13.587","01598 20:20:52",230.33,835.74,,,,"     ",5.10,227.79,2.85
1598,539386160,"01598M21:08:14.560","01598 20:20:53",230.33,835.74,,,,"     ",5.10,228.86,2.86
1598,539386161,"01598M21:08:15.534","01598 20:20:54",230.29,835.74,,,,"     ",5.10,231.22,2.89
1598,539386162,"01598M21:08:16.507","01598 20:20:55",230.22,835.74,,,,"     ",5.10,231.20,2.89
1598,539386163,"01598M21:08:17.480","01598 20:20:56",230.14,835.77,,,,"     ",5.10,231.61,2.90
1598,539386164,"01598M21:08:18.453","01598 20:20:57",230.08,835.77,,,,"     ",5.10,230.53,2.88
1598,539386165,"01598M21:08:19.427","01598 20:20:58",230.06,835.80,,,,"     ",5.10,229.75,2.87
1598,539386166,"01598M21:08:20.400","01598 20:20:59",230.05,835.82,,,,"     ",5.10,231.24,2.89
1598,539386167,"01598M21:08:21.373","01598 20:21:00",230.06,835.83,,,,"     ",5.10,232.30,2.91
1598,539386168,"01598M21:08:22.346","01598 20:21:01",230.05,835.89,,,,"     ",5.10,230.90,2.89
1598,539386169,"01598M21:08:23.320","01598 20:21:02",230.05,835.92,,,,"     ",5.10,230.42,2.88
1598,539386170,"01598M21:08:24.293","01598 20:21:03",230.04,835.88,,,,"     ",5.10,231.60,2.90
1598,539386171,"01598M21:08:25.266","01598 20:21:04",230.02,835.84,,,,"     ",5.10,230.58,2.88
1598,539386172,"01598M21:08:26.239","01598 20:21:05",230.01,835.88,,,,"     ",5.10,230.19,2.88
1598,539386173,"01598M21:08:27.213","01598 20:21:06",230.00,835.89,,,,"     ",5.10,229.88,2.87
1598,539386174,"01598M21:08:28.186","01598 20:21:07",229.98,835.86,,,,"     ",5.10,230.47,2.88
1598,539386175,"01598M21:08:29.159","01598 20:21:08",229.94,835.82,,,,"     ",5.10,231.98,2.90
1598,539386176,"01598M21:08:30.132","01598 20:21:09",229.88,835.84,,,,"     ",5.10,233.64,2.92
1598,539386177,"01598M21:08:31.106","01598 20:21:10",229.79,835.92,,,,"     ",5.10,231.95,2.90
1598,539386178,"01598M21:08:32.079","01598 20:21:11",229.68,835.85,,,,"     ",5.10,231.59,2.89
1598,539386179,"01598M21:08:33.052","01598 20:21:12",229.57,835.83,,,,"     ",5.10,231.26,2.89
1598,539386180,"01598M21:08:34.025","01598 20:21:13",229.46,835.86,,,,"     ",5.10,232.06,2.90
1598,539386181,"01598M21:08:34.999","01598 20:21:14",229.35,835.84,,,,"     ",5.10,230.23,2.88
1598,539386182,"01598M21:08:35.972","01598 20:21:15",229.23,835.85,,,,"     ",5.10,229.93,2.87
1598,539386183,"01598M21:08:36.945","01598 20:21:16",229.11,835.80,,,,"     ",5.10,231.88,2.90
1598,539386184,"01598M21:08:37.918","01598 20:21:17",228.98,835.84,,,,"     ",5.10,229.40,2.86
1598,539386185,"01598M21:08:38.892","01598 20:21:18",228.85,835.78,,,,"     ",5.10,231.15,2.89
1598,539386186,"01598M21:08:39.865","01598 20:21:19",228.73,835.83,,,,"     ",5.10,231.86,2.90
1598,539386187,"01598M21:08:40.838","01598 20:21:20",228.64,835.82,,,,"     ",5.10,230.59,2.88
1598,539386188,"01598M21:08:41.811","01598 20:21:21",228.60,835.92,,,,"     ",5.10,231.59,2.89
1598,539386189,"01598M21:08:42.785","01598 20:21:22",228.61,835.91,,,,"     ",5.10,234.70,2.94
1598,539386190,"01598M21:08:43.758","01598 20:21:23",228.67,835.88,,,,"     ",5.10,231.71,2.90
1598,539386191,"01598M21:08:44.731","01598 20:21:24",228.78,835.93,,,,"     ",5.10,234.17,2.93
1598,539386192,"01598M21:08:45.704","01598 20:21:25",228.92,835.85,,,,"     ",5.10,233.28,2.92
1598,539386193,"01598M21:08:46.678","01598 20:21:26",229.07,835.90,,,,"     ",5.10,231.73,2.90
1598,539386194,"01598M21:08:47.651","01598 20:21:27",229.24,835.86,,,,"     ",5.10,231.69,2.90
1598,539386195,"01598M21:08:48.624","01598 20:21:27",229.41,835.89,,,,"     ",5.10,232.18,2.90
1598,539386196,"01598M21:08:49.597","01598 20:21:28",229.55,835.88,,,,"     ",5.10,231.09,2.89
1598,539386197,"01598M21:08:50.571","01598 20:21:29",229.66,835.96,,,,"     ",5.10,232.52,2.91
1598,539386198,"01598M21:08:51.544","01598 20:21:30",229.73,835.96,,,,"     ",5.10,232.86,2.91
1598,539386199,"01598M21:08:52.517","01598 20:21:31",229.75,835.91,,,,"     ",5.10,232.15,2.90
1598,539386200,"01598M21:08:53.490","01598 20:21:32",229.73,835.95,,,,"     ",5.10,232.07,2.90
1598,539386201,"01598M21:08:54.464","01598 20:21:33",229.66,835.97,,,,"     ",5.10,232.47,2.91
1598,539386202,"01598M21:08:55.437","01598 20:21:34",229.58,836.03,,,,"     ",5.10,233.66,2.92
1598,539386203,"01598M21:08:56.410","01598 20:21:35",229.50,835.94,,,,"     ",5.10,233.04,2.91
1598,539386204,"01598M21:08:57.383","01598 20:21:36",229.44,835.94,,,,"     ",5.10,231.97,2.90
1598,539386205,"01598M21:08:58.357","01598 20:21:37",229.43,835.93,,,,"     ",5.10,232.60,2.91
1598,539386206,"01598M21:08:59.330","01598 20:21:38",229.46,835.97,,,,"     ",5.10,232.46,2.90
1598,539386207,"01598M21:09:00.303","01598 20:21:39",229.52,836.03,,,,"     ",5.10,234.02,2.93
1598,539386208,"01598M21:09:01.277","01598 20:21:40",229.59,835.93,,,,"     ",5.10,231.53,2.89
1598,539386209,"01598M21:09:02.250","01598 20:21:41",229.67,835.93,,,,"     ",5.10,233.20,2.91
1598,539386210,"01598M21:09:03.223","01598 20:21:42",229.75,836.03,,,,"     ",5.10,231.87,2.90
1598,539386211,"01598M21:09:04.196","01598 20:21:43",229.83,835.99,,,,"     ",5.10,230.81,2.88
1598,539386212,"01598M21:09:05.170","01598 20:21:44",229.88,835.91,,,,"     ",5.10,232.66,2.91
1598,539386213,"01598M21:09:06.143","01598 20:21:45",229.92,835.95,,,,"     ",5.10,230.21,2.87
1598,539386214,"01598M21:09:07.116","01598 20:21:46",229.93,836.02,,,,"     ",5.10,233.24,2.91
1598,539386215,"01598M21:09:08.089","01598 20:21:47",229.91,836.04,,,,"     ",5.10,232.75,2.91
1598,539386216,"01598M21:09:09.063","01598 20:21:48",229.88,836.03,,,,"     ",5.10,234.55,2.93
1598,539386217,"01598M21:09:10.036","01598 20:21:49",229.84,835.95,,,,"     ",5.10,232.11,2.90
1598,539386218,"01598M21:09:11.009","01598 20:21:50",229.81,835.87,,,,"     ",5.10,231.13,2.88
1598,539386219,"01598M21:09:11.982","01598 20:21:51",229.79,836.03,,,,"     ",5.10,231.52,2.89
1598,539386220,"01598M21:09:12.956","01598 20:21:52",229.78,836.02,,,,"     ",5.10,231.24,2.89
1598,539386221,"01598M21:09:13.929","01598 20:21:53",229.76,836.03,,,,"     ",5.10,231.66,2.89
1598,539386222,"01598M21:09:14.902","01598 20:21:54",229.72,836.04,,,,"     ",5.10,233.21,2.91
1598,539386223,"01598M21:09:15.875","01598 20:21:55",229.67,836.07,,,,"     ",5.10,231.81,2.89
1598,539386224,"01598M21:09:16.849","01598 20:21:56",229.60,836.01,,,,"     ",5.10,229.81,2.86
1598,539386225,"01598M21:09:17.822","01598 20:21:57",229.52,836.04,,,,"     ",5.10,231.64,2.89
1598,539386226,"01598M21:09:18.795","01598 20:21:58",229.45,836.10,,,,"     ",5.10,229.56,2.86
1598,539386227,"01598M21:09:19.768","01598 20:21:59",229.39,836.06,,,,"     ",5.10,232.24,2.90
1598,539386228,"01598M21:09:20.742","01598 20:22:00",229.36,836.05,,,,"     ",5.10,232.32,2.90
1598,539386229,"01598M21:09:21.715","01598 20:22:01",229.34,836.05,,,,"     ",5.10,230.76,2.88
1598,539386230,"01598M21:09:22.688","01598 20:22:02",229.34,836.13,,,,"     ",5.10,230.34,2.87
1598,539386231,"01598M21:09:23.661","01598 20:22:03",229.36,836.14,,,,"     ",5.10,229.61,2.86
1598,539386232,"01598M21:09:24.635","01598 20:22:03",229.40,836.09,,,,"     ",5.10,229.82,2.86
1598,539386233,"01598M21:09:25.608","01598 20:22:04",229.45,836.15,,,,"     ",5.10,231.83,2.89
1598,539386234,"01598M21:09:26.581","01598 20:22:05",229.51,836.16,,,,"     ",5.10,230.70,2.88
1598,539386235,"01598M21:09:27.554","01598 20:22:06",229.58,836.12,,,,"     ",5.10,229.99,2.87
1598,539386236,"01598M21:09:28.528","01598 20:22:07",229.64,836.13,,,,"     ",5.10,229.28,2.86
1598,539386237,"01598M21:09:29.501","01598 20:22:08",229.67,836.22,,,,"     ",5.10,228.54,2.85
1598,539386238,"01598M21:09:30.474","01598 20:22:09",229.67,836.17,,,,"     ",5.10,227.28,2.83
1598,539386239,"01598M21:09:31.447","01598 20:22:10",229.63,836.17,,,,"     ",5.10,227.99,2.84
1598,539386240,"01598M21:09:32.421","01598 20:22:11",229.56,836.19,,,,"     ",5.10,227.85,2.84
1598,539386241,"01598M21:09:33.394","01598 20:22:12",229.44,836.18,,,,"     ",5.10,228.69,2.85
1598,539386242,"01598M21:09:34.367","01598 20:22:13",229.30,836.13,,,,"     ",5.10,227.54,2.83
1598,539386243,"01598M21:09:35.340","01598 20:22:14",229.15,836.10,,,,"     ",5.10,228.62,2.85
1598,539386244,"01598M21:09:36.314","01598 20:22:15",229.01,836.15,,,,"     ",5.10,226.78,2.83
1598,539386245,"01598M21:09:37.287","01598 20:22:16",228.91,836.14,,,,"     ",5.10,227.51,2.84
1598,539386246,"01598M21:09:38.260","01598 20:22:17",228.83,836.11,,,,"     ",5.10,225.59,2.81
1598,539386247,"01598M21:09:39.233","01598 20:22:18",228.77,836.06,,,,"     ",5.10,226.43,2.82
1598,539386248,"01598M21:09:40.207","01598 20:22:19",228.71,836.09,,,,"     ",5.10,226.64,2.83
1598,539386249,"01598M21:09:41.180","01598 20:22:20",228.64,836.16,,,,"     ",5.10,226.97,2.83
1598,539386250,"01598M21:09:42.153","01598 20:22:21",228.58,836.19,,,,"     ",5.10,226.26,2.82
1598,539386251,"01598M21:09:43.126","01598 20:22:22",228.49,836.17,,,,"     ",5.10,227.19,2.83
1598,539386252,"01598M21:09:44.100","01598 20:22:23",228.40,836.12,,,,"     ",5.10,226.09,2.82
1598,539386253,"01598M21:09:45.073","01598 20:22:24",228.30,836.06,,,,"     ",5.10,225.67,2.81
1598,539386254,"01598M21:09:46.046","01598 20:22:25",228.21,836.10,,,,"     ",5.10,224.57,2.80
1598,539386255,"01598M21:09:47.019","01598 20:22:26",228.11,836.09,,,,"     ",5.10,224.78,2.80
1598,539386256,"01598M21:09:47.993","01598 20:22:27",228.03,836.13,,,,"     ",5.10,225.30,2.81
1598,539386257,"01598M21:09:48.966","01598 20:22:28",227.96,836.20,,,,"     ",5.10,226.42,2.83
1598,539386258,"01598M21:09:49.939","01598 20:22:29",227.92,836.18,,,,"     ",5.10,224.66,2.80
1598,539386259,"01598M21:09:50.912","01598 20:22:30",227.89,836.16,,,,"     ",5.10,225.49,2.81
1598,539386260,"01598M21:09:51.886","01598 20:22:31",227.88,836.27,,,,"     ",5.10,225.85,2.82
1598,539386261,"01598M21:09:52.859","01598 20:22:32",227.89,836.15,,,,"     ",5.10,226.37,2.83
1598,539386262,"01598M21:09:53.832","01598 20:22:33",227.93,836.15,,,,"     ",5.10,222.67,2.78
1598,539386263,"01598M21:09:54.805","01598 20:22:34",228.00,836.09,,,,"     ",5.10,224.31,2.80
1598,539386264,"01598M21:09:55.779","01598 20:22:35",228.10,836.12,,,,"     ",5.10,226.32,2.83
1598,539386265,"01598M21:09:56.752","01598 20:22:36",228.22,836.22,,,,"     ",5.10,225.82,2.82
1598,539386266,"01598M21:09:57.725","01598 20:22:37",228.35,836.13,,,,"     ",5.10,223.75,2.79
1598,539386267,"01598M21:09:58.698","01598 20:22:38",228.46,836.12,,,,"     ",5.10,224.68,2.81
1598,539386268,"01598M21:09:59.672","01598 20:22:39",228.53,836.18,,,,"     ",5.10,226.88,2.84
1598,539386269,"01598M21:10:00.645","01598 20:22:39",228.57,836.22,,,,"     ",5.10,227.33,2.84
1598,539386270,"01598M21:10:01.618","01598 20:22:40",228.57,836.15,,,,"     ",5.10,227.37,2.84
1598,539386271,"01598M21:10:02.591","01598 20:22:41",228.55,836.18,,,,"     ",5.10,226.01,2.83
1598,539386272,"01598M21:10:03.565","01598 20:22:42",228.50,836.18,,,,"     ",5.10,225.01,2.81
1598,539386273,"01598M21:10:04.538","01598 20:22:43",228.42,836.24,,,,"     ",5.10,224.65,2.81
1598,539386274,"01598M21:10:05.511","01598 20:22:44",228.33,836.22,,,,"     ",5.10,226.38,2.83
1598,539386275,"01598M21:10:06.484","01598 20:22:45",228.24,836.20,,,,"     ",5.10,225.47,2.82
1598,539386276,"01598M21:10:07.458","01598 20:22:46",228.15,836.23,,,,"     ",5.10,227.98,2.85
1598,539386277,"01598M21:10:08.431","01598 20:22:47",228.05,836.23,,,,"     ",5.10,227.16,2.84
1598,539386278,"01598M21:10:09.404","01598 20:22:48",227.96,836.21,,,,"     ",5.10,224.23,2.80
1598,539386279,"01598M21:10:10.378","01598 20:22:49",227.88,836.20,,,,"     ",5.10,224.74,2.81
1598,539386280,"01598M21:10:11.351","01598 20:22:50",227.82,836.12,,,,"     ",5.10,225.34,2.82
1598,539386281,"01598M21:10:12.324","01598 20:22:51",227.79,836.13,,,,"     ",5.10,225.59,2.82
1598,539386282,"01598M21:10:13.297","01598 20:22:52",227.81,836.17,,,,"     ",5.10,225.21,2.82
1598,539386283,"01598M21:10:14.271","01598 20:22:53",227.86,836.25,,,,"     ",5.10,226.51,2.84
1598,539386284,"01598M21:10:15.244","01598 20:22:54",227.93,836.15,,,,"     ",5.10,224.73,2.81
1598,539386285,"01598M21:10:16.217","01598 20:22:55",228.01,836.11,,,,"     ",5.10,226.93,2.84
1598,539386286,"01598M21:10:17.190","01598 20:22:56",228.10,836.13,,,,"     ",5.10,224.97,2.82
1598,539386287,"01598M21:10:18.164","01598 20:22:57",228.14,836.18,,,,"     ",5.10,225.33,2.82
1598,539386288,"01598M21:10:19.137","01598 20:22:58",228.09,836.18,,,,"     ",5.10,227.24,2.85
1598,539386289,"01598M21:10:20.110","01598 20:22:59",228.03,836.28,,,,"     ",5.10,226.87,2.85
1598,539386290,"01598M21:10:21.083","01598 20:23:00",227.96,836.28,,,,"     ",5.10,224.49,2.81
1598,539386291,"01598M21:10:22.057","01598 20:23:01",227.90,836.19,,,,"     ",5.10,227.38,2.85
1598,539386292,"01598M21:10:23.030","01598 20:23:02",227.84,836.19,,,,"     ",5.10,224.59,2.82
1598,539386293,"01598M21:10:24.003","01598 20:23:03",227.79,836.14,,,,"     ",5.10,223.40,2.80
1598,539386294,"01598M21:10:24.976","01598 20:23:04",227.75,836.14,,,,"     ",5.10,224.50,2.82
1598,539386295,"01598M21:10:25.950","01598 20:23:05",227.72,836.15,,,,"     ",5.10,224.31,2.82
1598,539386296,"01598M21:10:26.923","01598 20:23:06",227.71,836.22,,,,"     ",5.10,225.20,2.83
1598,539386297,"01598M21:10:27.896","01598 20:23:07",227.70,836.29,,,,"     ",5.10,225.18,2.83
1598,539386298,"01598M21:10:28.869","01598 20:23:08",227.69,836.26,,,,"     ",5.10,224.21,2.81
1598,539386299,"01598M21:10:29.843","01598 20:23:09",227.69,836.23,,,,"     ",5.10,225.31,2.83
1598,539386300,"01598M21:10:30.816","01598 20:23:10",227.68,836.31,,,,"     ",5.10,223.87,2.81
1598,539386301,"01598M21:10:31.789","01598 20:23:11",227.66,836.27,,,,"     ",5.10,225.25,2.83
1598,539386302,"01598M21:10:32.762","01598 20:23:12",227.65,836.20,,,,"     ",5.10,223.57,2.81
1598,539386303,"01598M21:10:33.736","01598 20:23:13",227.62,836.20,,,,"     ",5.10,225.15,2.83
1598,539386304,"01598M21:10:34.709","01598 20:23:14",227.60,836.26,,,,"     ",5.10,224.89,2.83
1598,539386305,"01598M21:10:35.682","01598 20:23:15",227.58,836.25,,,,"     ",5.10,224.32,2.82
1598,539386306,"01598M21:10:36.655","01598 20:23:16",227.55,836.26,,,,"     ",5.10,224.95,2.83
1598,539386307,"01598M21:10:37.629","01598 20:23:16",227.52,836.23,,,,"     ",5.10,223.14,2.81
1598,539386308,"01598M21:10:38.602","01598 20:23:17",227.50,836.21,,,,"     ",5.10,222.99,2.81
1598,539386309,"01598M21:10:39.575","01598 20:23:18",227.46,836.21,,,,"     ",5.10,224.95,2.83
1598,539386310,"01598M21:10:40.548","01598 20:23:19",227.39,836.22,,,,"     ",5.10,223.26,2.81
1598,539386311,"01598M21:10:41.522","01598 20:23:20",227.31,836.22,,,,"     ",5.10,223.81,2.82
1598,539386312,"01598M21:10:42.495","01598 20:23:21",227.23,836.26,,,,"     ",5.10,222.87,2.81
1598,539386313,"01598M21:10:43.468","01598 20:23:22",227.15,836.29,,,,"     ",5.10,222.46,2.80
1598,539386314,"01598M21:10:44.441","01598 20:23:23",227.06,836.28,,,,"     ",5.10,223.09,2.81
1598,539386315,"01598M21:10:45.415","01598 20:23:24",226.98,836.32,,,,"     ",5.10,224.40,2.83
1598,539386316,"01598M21:10:46.388","01598 20:23:25",226.90,836.23,,,,"     ",5.10,224.69,2.83
1598,539386317,"01598M21:10:47.361","01598 20:23:26",226.29,836.25,,,,"     ",5.10,223.64,2.82
1598,539386318,"01598M21:10:48.334","01598 20:23:27",226.34,836.23,,,,"     ",5.10,223.58,2.82
1598,539386319,"01598M21:10:49.308","01598 20:23:28",226.40,836.21,,,,"     ",5.10,224.67,2.83
1598,539386320,"01598M21:10:50.281","01598 20:23:29",226.44,836.25,,,,"     ",5.10,224.77,2.84
1598,539386321,"01598M21:10:51.254","01598 20:23:30",226.49,836.31,,,,"     ",5.10,224.70,2.84
1598,539386322,"01598M21:10:52.227","01598 20:23:31",226.53,836.31,,,,"     ",5.10,223.25,2.82
1598,539386323,"01598M21:10:53.201","01598 20:23:32",226.57,836.24,,,,"     ",5.10,225.00,2.84
1598,539386324,"01598M21:10:54.174","01598 20:23:33",226.60,836.30,,,,"     ",5.10,224.37,2.83
1598,539386325,"01598M21:10:55.147","01598 20:23:34",226.63,836.27,,,,"     ",5.10,223.12,2.82
1598,539386326,"01598M21:10:56.120","01598 20:23:35",226.66,836.29,,,,"     ",5.10,225.07,2.84
1598,539386327,"01598M21:10:57.094","01598 20:23:36",226.69,836.32,,,,"     ",5.10,224.69,2.84
1598,539386328,"01598M21:10:58.067","01598 20:23:37",226.71,836.31,,,,"     ",5.10,224.27,2.83
1598,539386329,"01598M21:10:59.040","01598 20:23:38",226.74,836.26,,,,"     ",5.10,223.91,2.83
1598,539386330,"01598M21:11:00.013","01598 20:23:39",226.75,836.26,,,,"     ",5.10,224.29,2.84
1598,539386331,"01598M21:11:00.987","01598 20:23:40",226.77,836.28,,,,"     ",5.10,224.22,2.83
1598,539386332,"01598M21:11:01.960","01598 20:23:41",226.78,836.14,,,,"     ",5.10,224.40,2.84
1598,539386333,"01598M21:11:02.933","01598 20:23:42",226.79,836.26,,,,"     ",5.10,223.79,2.83
1598,539386334,"01598M21:11:03.906","01598 20:23:43",226.78,836.31,,,,"     ",5.10,223.64,2.83
1598,539386335,"01598M21:11:04.880","01598 20:23:44",226.77,836.30,,,,"     ",5.10,223.27,2.82
1598,539386336,"01598M21:11:05.853","01598 20:23:45",226.75,836.31,,,,"     ",5.10,224.93,2.85
1598,539386337,"01598M21:11:06.826","01598 20:23:46",226.74,836.26,,,,"     ",5.10,223.68,2.83
1598,539386338,"01598M21:11:07.799","01598 20:23:47",226.76,836.26,,,,"     ",5.10,222.82,2.82
1598,539386339,"01598M21:11:08.773","01598 20:23:48",226.78,836.31,,,,"     ",5.10,223.14,2.82
1598,539386340,"01598M21:11:09.746","01598 20:23:49",226.81,836.32,,,,"     ",5.10,223.97,2.84
1598,539386341,"01598M21:11:10.719","01598 20:23:50",226.84,836.39,,,,"     ",5.10,224.27,2.84
1598,539386342,"01598M21:11:11.692","01598 20:23:51",226.87,836.40,,,,"     ",5.10,223.72,2.83
1598,539386343,"01598M21:11:12.666","01598 20:23:52",226.89,836.33,,,,"     ",5.10,224.75,2.85
1598,539386344,"01598M21:11:13.639","01598 20:23:52",226.90,836.35,,,,"     ",5.10,223.11,2.83
1598,539386345,"01598M21:11:14.612","01598 20:23:53",226.89,836.36,,,,"     ",5.10,224.60,2.85
1598,539386346,"01598M21:11:15.585","01598 20:23:54",226.86,836.35,,,,"     ",5.10,225.00,2.85
1598,539386347,"01598M21:11:16.559","01598 20:23:55",226.81,836.38,,,,"     ",5.10,224.23,2.84
1598,539386348,"01598M21:11:17.532","01598 20:23:56",226.75,836.42,,,,"     ",5.10,223.53,2.83
1598,539386349,"01598M21:11:18.505","01598 20:23:57",226.68,836.43,,,,"     ",5.10,223.78,2.84
1598,539386350,"01598M21:11:19.479","01598 20:23:58",226.61,836.37,,,,"     ",5.10,222.81,2.82
1598,539386351,"01598M21:11:20.452","01598 20:23:59",226.53,836.45,,,,"     ",5.10,223.52,2.83
1598,539386352,"01598M21:11:21.425","01598 20:24:00",226.46,836.38,,,,"     ",5.10,224.82,2.85
1598,539386353,"01598M21:11:22.398","01598 20:24:01",226.41,836.46,,,,"     ",5.10,222.30,2.82
1598,539386354,"01598M21:11:23.372","01598 20:24:02",226.37,836.45,,,,"     ",5.10,222.28,2.82
1598,539386355,"01598M21:11:24.345","01598 20:24:03",226.35,836.51,,,,"     ",5.10,223.49,2.84
1598,539386356,"01598M21:11:25.318","01598 20:24:04",226.34,836.52,,,,"     ",5.10,223.28,2.83
1598,539386357,"01598M21:11:26.291","01598 20:24:05",226.35,836.47,,,,"     ",5.10,225.11,2.86
1598,539386358,"01598M21:11:27.265","01598 20:24:06",226.38,836.48,,,,"     ",5.10,223.20,2.83
1598,539386359,"01598M21:11:28.238","01598 20:24:07",226.42,836.51,,,,"     ",5.10,223.13,2.83
1598,539386360,"01598M21:11:29.211","01598 20:24:08",226.49,836.57,,,,"     ",5.10,224.03,2.85
1598,539386361,"01598M21:11:30.184","01598 20:24:09",226.56,836.49,,,,"     ",5.10,224.05,2.85
1598,539386362,"01598M21:11:31.158","01598 20:24:10",226.63,836.46,,,,"     ",5.10,223.73,2.84
1598,539386363,"01598M21:11:32.131","01598 20:24:11",226.69,836.47,,,,"     ",5.10,223.71,2.84
1598,539386364,"01598M21:11:33.104","01598 20:24:12",226.74,836.53,,,,"     ",5.10,225.33,2.86
1598,539386365,"01598M21:11:34.077","01598 20:24:13",226.77,836.44,,,,"     ",5.10,222.45,2.82
1598,539386366,"01598M21:11:35.051","01598 20:24:14",226.79,836.52,,,,"     ",5.10,225.63,2.87
1598,539386367,"01598M21:11:36.024","01598 20:24:15",226.81,836.53,,,,"     ",5.10,223.64,2.84
1598,539386368,"01598M21:11:36.997","01598 20:24:16",226.82,836.52,,,,"     ",5.10,224.31,2.85
1598,539386369,"01598M21:11:37.970","01598 20:24:17",226.81,836.50,,,,"     ",5.10,222.31,2.82
1598,539386370,"01598M21:11:38.944","01598 20:24:18",226.80,836.53,,,,"     ",5.10,224.21,2.85
1598,539386371,"01598M21:11:39.917","01598 20:24:19",226.79,836.50,,,,"     ",5.10,224.77,2.86
1598,539386372,"01598M21:11:40.890","01598 20:24:20",226.78,836.56,,,,"     ",5.10,224.78,2.86
1598,539386373,"01598M21:11:41.863","01598 20:24:21",226.76,836.44,,,,"     ",5.10,224.69,2.86
1598,539386374,"01598M21:11:42.837","01598 20:24:22",226.74,836.46,,,,"     ",5.10,223.90,2.85
1598,539386375,"01598M21:11:43.810","01598 20:24:23",226.72,836.48,,,,"     ",5.10,223.45,2.84
1598,539386376,"01598M21:11:44.783","01598 20:24:24",226.72,836.47,,,,"     ",5.10,225.10,2.86
1598,539386377,"01598M21:11:45.756","01598 20:24:25",226.71,836.48,,,,"     ",5.10,226.10,2.88
1598,539386378,"01598M21:11:46.730","01598 20:24:26",226.72,836.46,,,,"     ",5.10,224.45,2.85
1598,539386379,"01598M21:11:47.703","01598 20:24:27",226.73,836.46,,,,"     ",5.10,224.12,2.85
1598,539386380,"01598M21:11:48.676","01598 20:24:28",226.75,836.53,,,,"     ",5.10,227.11,2.89
1598,539386381,"01598M21:11:49.649","01598 20:24:28",226.77,836.52,,,,"     ",5.10,226.32,2.88
1598,539386382,"01598M21:11:50.623","01598 20:24:29",226.79,836.56,,,,"     ",5.10,224.49,2.86
1598,539386383,"01598M21:11:51.596","01598 20:24:30",226.80,836.60,,,,"     ",5.10,226.25,2.88
1598,539386384,"01598M21:11:52.569","01598 20:24:31",226.81,836.60,,,,"     ",5.10,225.73,2.87
1598,539386385,"01598M21:11:53.542","01598 20:24:32",226.81,836.58,,,,"     ",5.10,226.20,2.88
1598,539386386,"01598M21:11:54.516","01598 20:24:33",226.81,836.54,,,,"     ",5.10,226.32,2.88
1598,539386387,"01598M21:11:55.489","01598 20:24:34",226.80,836.58,,,,"     ",5.10,224.39,2.86
1598,539386388,"01598M21:11:56.462","01598 20:24:35",226.80,836.55,,,,"     ",5.10,227.29,2.89
1598,539386389,"01598M21:11:57.435","01598 20:24:36",226.80,836.61,,,,"     ",5.10,226.11,2.88
1598,539386390,"01598M21:11:58.409","01598 20:24:37",226.79,836.64,,,,"     ",5.10,226.25,2.88
1598,539386391,"01598M21:11:59.382","01598 20:24:38",226.77,836.69,,,,"     ",5.10,227.58,2.90
1598,539386392,"01598M21:12:00.355","01598 20:24:39",226.74,836.66,,,,"     ",5.10,226.65,2.89
1598,539386393,"01598M21:12:01.328","01598 20:24:40",226.71,836.59,,,,"     ",5.10,224.53,2.86
1598,539386394,"01598M21:12:02.302","01598 20:24:41",226.67,836.64,,,,"     ",5.10,225.34,2.87
1598,539386395,"01598M21:12:03.275","01598 20:24:42",226.64,836.68,,,,"     ",5.10,225.41,2.87
1598,539386396,"01598M21:12:04.248","01598 20:24:43",226.61,836.69,,,,"     ",5.10,227.58,2.90
1598,539386397,"01598M21:12:05.221","01598 20:24:44",226.60,836.63,,,,"     ",5.10,224.54,2.86
1598,539386398,"01598M21:12:06.195","01598 20:24:45",226.61,836.64,,,,"     ",5.10,225.01,2.87
1598,539386399,"01598M21:12:07.168","01598 20:24:46",226.62,836.68,,,,"     ",5.10,224.79,2.86
1598,539386400,"01598M21:12:08.141","01598 20:24:47",226.63,836.73,,,,"     ",5.10,227.14,2.89
1598,539386401,"01598M21:12:09.114","01598 20:24:48",226.65,836.65,,,,"     ",5.10,225.48,2.87
1598,539386402,"01598M21:12:10.088","01598 20:24:49",226.66,836.70,,,,"     ",5.10,223.63,2.85
1598,539386403,"01598M21:12:11.061","01598 20:24:50",226.66,836.71,,,,"     ",5.10,226.16,2.88
1598,539386404,"01598M21:12:12.034","01598 20:24:51",226.66,836.67,,,,"     ",5.10,225.44,2.87
1598,539386405,"01598M21:12:13.007","01598 20:24:52",226.64,836.73,,,,"     ",5.10,225.74,2.88
1598,539386406,"01598M21:12:13.981","01598 20:24:53",226.63,836.73,,,,"     ",5.10,226.46,2.89
1598,539386407,"01598M21:12:14.954","01598 20:24:54",226.62,836.75,,,,"     ",5.10,226.99,2.89
1598,539386408,"01598M21:12:15.927","01598 20:24:55",226.61,836.69,,,,"     ",5.10,225.90,2.88
1598,539386409,"01598M21:12:16.900","01598 20:24:56",226.61,836.65,,,,"     ",5.10,225.22,2.87
1598,539386410,"01598M21:12:17.874","01598 20:24:57",226.61,836.61,,,,"     ",5.10,225.73,2.88
1598,539386411,"01598M21:12:18.847","01598 20:24:58",226.61,836.66,,,,"     ",5.10,226.14,2.88
1598,539386412,"01598M21:12:19.820","01598 20:24:59",226.62,836.70,,,,"     ",5.10,226.03,2.88
1598,539386413,"01598M21:12:20.793","01598 20:25:00",226.63,836.68,,,,"     ",5.10,225.12,2.87
1598,539386414,"01598M21:12:21.767","01598 20:25:01",226.65,836.65,,,,"     ",5.10,225.23,2.87
1598,539386415,"01598M21:12:22.740","01598 20:25:02",226.67,836.67,,,,"     ",5.10,225.22,2.87
1598,539386416,"01598M21:12:23.713","01598 20:25:03",226.69,836.66,,,,"     ",5.10,224.50,2.86
1598,539386417,"01598M21:12:24.686","01598 20:25:04",226.71,836.63,,,,"     ",5.10,223.97,2.85
1598,539386418,"01598M21:12:25.660","01598 20:25:04",226.72,836.66,,,,"     ",5.10,225.44,2.88
1598,539386419,"01598M21:12:26.633","01598 20:25:05",226.74,836.69,,,,"     ",5.10,224.86,2.87
1598,539386420,"01598M21:12:27.606","01598 20:25:06",226.75,836.78,,,,"     ",5.10,223.76,2.85
1598,539386421,"01598M21:12:28.580","01598 20:25:07",226.75,836.67,,,,"     ",5.10,224.84,2.87
1598,539386422,"01598M21:12:29.553","01598 20:25:08",226.76,836.70,,,,"     ",5.10,225.40,2.87
1598,539386423,"01598M21:12:30.526","01598 20:25:09",226.78,836.65,,,,"     ",5.10,224.82,2.87
1598,539386424,"01598M21:12:31.499","01598 20:25:10",226.80,836.62,,,,"     ",5.10,224.18,2.86
1598,539386425,"01598M21:12:32.473","01598 20:25:11",226.82,836.68,,,,"     ",5.10,225.12,2.87
1598,539386426,"01598M21:12:33.446","01598 20:25:12",226.84,836.68,,,,"     ",5.10,225.49,2.88
1598,539386427,"01598M21:12:34.419","01598 20:25:13",226.85,836.76,,,,"     ",5.10,222.85,2.84
1598,539386428,"01598M21:12:35.392","01598 20:25:14",226.87,836.71,,,,"     ",5.10,222.87,2.84
1598,539386429,"01598M21:12:36.366","01598 20:25:15",226.89,836.71,,,,"     ",5.10,223.75,2.85
1598,539386430,"01598M21:12:37.339","01598 20:25:16",226.93,836.69,,,,"     ",5.10,224.02,2.85
1598,539386431,"01598M21:12:38.312","01598 20:25:17",226.97,836.74,,,,"     ",5.10,224.56,2.86
1598,539386432,"01598M21:12:39.285","01598 20:25:18",227.04,836.72,,,,"     ",5.10,224.82,2.87
1598,539386433,"01598M21:12:40.259","01598 20:25:19",227.11,836.74,,,,"     ",5.10,225.15,2.87
1598,539386434,"01598M21:12:41.232","01598 20:25:20",227.19,836.77,,,,"     ",5.10,225.89,2.88
1598,539386435,"01598M21:12:42.205","01598 20:25:21",227.28,836.68,,,,"     ",5.10,226.64,2.89
1598,539386436,"01598M21:12:43.178","01598 20:25:22",227.37,836.61,,,,"     ",5.10,225.81,2.88
1598,539386437,"01598M21:12:44.152","01598 20:25:23",227.46,836.65,,,,"     ",5.10,225.98,2.88
1598,539386438,"01598M21:12:45.125","01598 20:25:24",227.55,836.64,,,,"     ",5.10,224.87,2.86
1598,539386439,"01598M21:12:46.098","01598 20:25:25",227.64,836.60,,,,"     ",5.10,224.77,2.86
1598,539386440,"01598M21:12:47.071","01598 20:25:26",227.72,836.62,,,,"     ",5.10,225.48,2.87
1598,539386441,"01598M21:12:48.045","01598 20:25:27",227.81,836.56,,,,"     ",5.10,226.76,2.89
1598,539386442,"01598M21:12:49.018","01598 20:25:28",227.91,836.74,,,,"     ",5.10,225.83,2.88
1598,539386443,"01598M21:12:49.991","01598 20:25:29",228.00,836.69,,,,"     ",5.10,225.08,2.86
1598,539386444,"01598M21:12:50.964","01598 20:25:30",228.09,836.72,,,,"     ",5.10,226.83,2.88
1598,539386445,"01598M21:12:51.938","01598 20:25:31",228.16,836.63,,,,"     ",5.10,226.46,2.88
1598,539386446,"01598M21:12:52.911","01598 20:25:32",228.22,836.63,,,,"     ",5.10,226.02,2.87
1598,539386447,"01598M21:12:53.884","01598 20:25:33",228.25,836.69,,,,"     ",5.10,227.95,2.90
1598,539386448,"01598M21:12:54.857","01598 20:25:34",228.26,836.66,,,,"     ",5.10,226.19,2.87
1598,539386449,"01598M21:12:55.831","01598 20:25:35",228.26,836.69,,,,"     ",5.10,227.09,2.88
1598,539386450,"01598M21:12:56.804","01598 20:25:36",228.23,836.73,,,,"     ",5.10,227.32,2.89
1598,539386451,"01598M21:12:57.777","01598 20:25:37",228.19,836.66,,,,"     ",5.10,227.13,2.88
1598,539386452,"01598M21:12:58.750","01598 20:25:38",228.15,836.70,,,,"     ",5.10,228.11,2.90
1598,539386453,"01598M21:12:59.724","01598 20:25:39",228.11,836.61,,,,"     ",5.10,227.14,2.88
1598,539386454,"01598M21:13:00.697","01598 20:25:40",228.06,836.67,,,,"     ",5.10,227.72,2.89
1598,539386455,"01598M21:13:01.670","01598 20:25:40",228.02,836.71,,,,"     ",5.10,228.49,2.90
1598,539386456,"01598M21:13:02.643","01598 20:25:41",227.99,836.70,,,,"     ",5.10,226.93,2.88
1598,539386457,"01598M21:13:03.617","01598 20:25:42",227.97,836.58,,,,"     ",5.10,227.42,2.88
1598,539386458,"01598M21:13:04.590","01598 20:25:43",227.97,836.65,,,,"     ",5.10,227.17,2.88
1598,539386459,"01598M21:13:05.563","01598 20:25:44",227.98,836.66,,,,"     ",5.10,227.36,2.88
1598,539386460,"01598M21:13:06.536","01598 20:25:45",228.01,836.62,,,,"     ",5.10,227.52,2.88
1598,539386461,"01598M21:13:07.510","01598 20:25:46",228.04,836.69,,,,"     ",5.10,227.33,2.88
1598,539386462,"01598M21:13:08.483","01598 20:25:47",228.08,836.67,,,,"     ",5.10,228.32,2.89
1598,539386463,"01598M21:13:09.456","01598 20:25:48",228.11,836.79,,,,"     ",5.10,227.71,2.88
1598,539386464,"01598M21:13:10.429","01598 20:25:49",228.13,836.72,,,,"     ",5.10,228.91,2.90
1598,539386465,"01598M21:13:11.403","01598 20:25:50",228.16,836.78,,,,"     ",5.10,226.88,2.87
1598,539386466,"01598M21:13:12.376","01598 20:25:51",228.18,836.81,,,,"     ",5.10,228.33,2.89
1598,539386467,"01598M21:13:13.349","01598 20:25:52",228.21,836.83,,,,"     ",5.10,227.76,2.88
1598,539386468,"01598M21:13:14.322","01598 20:25:53",228.24,836.84,,,,"     ",5.10,226.85,2.87
1598,539386469,"01598M21:13:15.296","01598 20:25:54",228.26,836.71,,,,"     ",5.10,225.74,2.86
1598,539386470,"01598M21:13:16.269","01598 20:25:55",228.26,836.71,,,,"     ",5.10,227.40,2.88
1598,539386471,"01598M21:13:17.242","01598 20:25:56",228.26,836.75,,,,"     ",5.10,226.84,2.87
1598,539386472,"01598M21:13:18.215","01598 20:25:57",228.24,836.84,,,,"     ",5.10,227.90,2.89
1598,539386473,"01598M21:13:19.189","01598 20:25:58",228.21,836.78,,,,"     ",5.10,225.99,2.86
1598,539386474,"01598M21:13:20.162","01598 20:25:59",228.17,836.84,,,,"     ",5.10,226.89,2.87
1598,539386475,"01598M21:13:21.135","01598 20:26:00",228.12,836.77,,,,"     ",5.10,227.20,2.87
1598,539386476,"01598M21:13:22.108","01598 20:26:01",228.07,836.82,,,,"     ",5.10,226.86,2.87
1598,539386477,"01598M21:13:23.082","01598 20:26:02",228.01,836.83,,,,"     ",5.10,229.11,2.90
1598,539386478,"01598M21:13:24.055","01598 20:26:03",227.96,836.81,,,,"     ",5.10,227.91,2.88
1598,539386479,"01598M21:13:25.028","01598 20:26:04",227.91,836.86,,,,"     ",5.10,226.71,2.87
1598,539386480,"01598M21:13:26.001","01598 20:26:05",227.89,836.84,,,,"     ",5.10,226.90,2.87
1598,539386481,"01598M21:13:26.975","01598 20:26:06",227.87,836.84,,,,"     ",5.10,225.44,2.85
1598,539386482,"01598M21:13:27.948","01598 20:26:07",227.87,836.99,,,,"     ",5.10,227.02,2.87
1598,539386483,"01598M21:13:28.921","01598 20:26:08",227.89,836.86,,,,"     ",5.10,225.31,2.85
1598,539386484,"01598M21:13:29.894","01598 20:26:09",227.93,836.91,,,,"     ",5.10,224.32,2.83
1598,539386485,"01598M21:13:30.868","01598 20:26:10",227.98,836.88,,,,"     ",5.10,226.04,2.86
1598,539386486,"01598M21:13:31.841","01598 20:26:11",228.04,836.85,,,,"     ",5.10,226.31,2.86
1598,539386487,"01598M21:13:32.814","01598 20:26:12",228.12,836.78,,,,"     ",5.10,223.59,2.82
1598,539386488,"01598M21:13:33.787","01598 20:26:13",228.20,836.89,,,,"     ",5.10,224.71,2.84
1598,539386489,"01598M21:13:34.761","01598 20:26:14",228.27,836.96,,,,"     ",5.10,224.79,2.84
1598,539386490,"01598M21:13:35.734","01598 20:26:15",228.34,836.88,,,,"     ",5.10,224.14,2.83
1598,539386491,"01598M21:13:36.707","01598 20:26:16",228.39,836.96,,,,"     ",5.10,224.96,2.84
1598,539386492,"01598M21:13:37.681","01598 20:26:16",228.42,836.94,,,,"     ",5.10,225.08,2.84
1598,539386493,"01598M21:13:38.654","01598 20:26:17",228.43,836.91,,,,"     ",5.10,223.43,2.82
1598,539386494,"01598M21:13:39.627","01598 20:26:18",228.39,836.94,,,,"     ",5.10,226.06,2.86
1598,539386495,"01598M21:13:40.600","01598 20:26:19",228.36,836.96,,,,"     ",5.10,224.74,2.84
1598,539386496,"01598M21:13:41.574","01598 20:26:20",228.33,836.97,,,,"     ",5.10,227.00,2.87
1598,539386497,"01598M21:13:42.547","01598 20:26:21",228.30,836.93,,,,"     ",5.10,224.21,2.83
1598,539386498,"01598M21:13:43.520","01598 20:26:22",228.23,836.98,,,,"     ",5.10,224.48,2.83
1598,539386499,"01598M21:13:44.493","01598 20:26:23",228.12,836.98,,,,"     ",5.10,223.34,2.82
1598,539386500,"01598M21:13:45.467","01598 20:26:24",227.99,836.96,,,,"     ",5.10,225.44,2.85
1598,539386501,"01598M21:13:46.440","01598 20:26:25",227.85,837.04,,,,"     ",5.10,223.18,2.82
1598,539386502,"01598M21:13:47.413","01598 20:26:26",227.71,837.01,,,,"     ",5.10,223.72,2.82
1598,539386503,"01598M21:13:48.386","01598 20:26:27",227.57,837.00,,,,"     ",5.10,224.07,2.83
1598,539386504,"01598M21:13:49.360","01598 20:26:28",227.43,836.97,,,,"     ",5.10,223.99,2.83
1598,539386505,"01598M21:13:50.333","01598 20:26:29",227.30,837.03,,,,"     ",5.10,225.23,2.84
1598,539386506,"01598M21:13:51.306","01598 20:26:30",227.19,837.02,,,,"     ",5.10,224.42,2.83
1598,539386507,"01598M21:13:52.279","01598 20:26:31",227.09,837.08,,,,"     ",5.10,225.13,2.84
1598,539386508,"01598M21:13:53.253","01598 20:26:32",227.01,836.99,,,,"     ",5.10,226.17,2.85
1598,539386509,"01598M21:13:54.226","01598 20:26:33",226.96,837.06,,,,"     ",5.10,225.60,2.85
1598,539386510,"01598M21:13:55.199","01598 20:26:34",226.94,837.03,,,,"     ",5.10,225.00,2.84
1598,539386511,"01598M21:13:56.172","01598 20:26:35",226.94,837.14,,,,"     ",5.10,225.29,2.84
1598,539386512,"01598M21:13:57.146","01598 20:26:36",226.97,837.18,,,,"     ",5.10,223.01,2.81
1598,539386513,"01598M21:13:58.119","01598 20:26:37",227.02,837.13,,,,"     ",5.10,225.48,2.85
1598,539386514,"01598M21:13:59.092","01598 20:26:38",227.10,837.11,,,,"     ",5.10,223.03,2.81
1598,539386515,"01598M21:14:00.065","01598 20:26:39",227.22,837.24,,,,"     ",5.10,223.93,2.83
1598,539386516,"01598M21:14:01.039","01598 20:26:40",227.35,837.14,,,,"     ",5.10,225.12,2.84
1598,539386517,"01598M21:14:02.012","01598 20:26:41",227.51,837.10,,,,"     ",5.10,224.58,2.83
1598,539386518,"01598M21:14:02.985","01598 20:26:42",227.68,837.16,,,,"     ",5.10,223.99,2.83
1598,539386519,"01598M21:14:03.958","01598 20:26:43",227.86,837.13,,,,"     ",5.10,222.60,2.81
1598,539386520,"01598M21:14:04.932","01598 20:26:44",227.96,837.12,,,,"     ",5.10,222.89,2.81
1598,539386521,"01598M21:14:05.905","01598 20:26:45",227.98,837.07,,,,"     ",5.10,222.14,2.80
1598,539386522,"01598M21:14:06.878","01598 20:26:46",228.01,837.13,,,,"     ",5.10,221.39,2.79
1598,539386523,"01598M21:14:07.851","01598 20:26:47",228.05,837.02,,,,"     ",5.10,222.70,2.81
1598,539386524,"01598M21:14:08.825","01598 20:26:48",228.10,837.02,,,,"     ",5.10,222.40,2.81
1598,539386525,"01598M21:14:09.798","01598 20:26:49",228.15,837.02,,,,"     ",5.10,221.31,2.79
1598,539386526,"01598M21:14:10.771","01598 20:26:50",228.20,837.02,,,,"     ",5.10,223.24,2.82
1598,539386527,"01598M21:14:11.744","01598 20:26:51",228.26,837.12,,,,"     ",5.10,224.08,2.83
1598,539386528,"01598M21:14:12.718","01598 20:26:52",228.31,837.14,,,,"     ",5.10,222.99,2.81
1598,539386529,"01598M21:14:13.691","01598 20:26:52",228.36,837.11,,,,"     ",5.10,221.87,2.80
1598,539386530,"01598M21:14:14.664","01598 20:26:53",228.39,837.08,,,,"     ",5.10,223.44,2.82
1598,539386531,"01598M21:14:15.637","01598 20:26:54",228.43,837.15,,,,"     ",5.10,222.84,2.81
1598,539386532,"01598M21:14:16.611","01598 20:26:55",228.47,837.19,,,,"     ",5.10,223.77,2.82
1598,539386533,"01598M21:14:17.584","01598 20:26:56",228.51,837.14,,,,"     ",5.10,224.67,2.83
1598,539386534,"01598M21:14:18.557","01598 20:26:57",228.57,837.17,,,,"     ",5.10,224.11,2.83
1598,539386535,"01598M21:14:19.530","01598 20:26:58",228.64,837.13,,,,"     ",5.10,222.64,2.81
1598,539386536,"01598M21:14:20.504","01598 20:26:59",228.62,837.06,,,,"     ",5.10,223.66,2.82
1598,539386537,"01598M21:14:21.477","01598 20:27:00",228.60,837.12,,,,"     ",5.10,222.93,2.81
1598,539386538,"01598M21:14:22.450","01598 20:27:01",228.61,837.14,,,,"     ",5.10,223.10,2.81
1598,539386539,"01598M21:14:23.423","01598 20:27:02",228.62,837.24,,,,"     ",5.10,224.26,2.83
1598,539386540,"01598M21:14:24.397","01598 20:27:03",228.65,837.27,,,,"     ",5.10,222.65,2.80
1598,539386541,"01598M21:14:25.370","01598 20:27:04",228.69,837.22,,,,"     ",5.10,224.29,2.83
1598,539386542,"01598M21:14:26.343","01598 20:27:05",228.74,837.19,,,,"     ",5.10,222.27,2.80
1598,539386543,"01598M21:14:27.316","01598 20:27:06",228.80,837.15,,,,"     ",5.10,224.18,2.82
1598,539386544,"01598M21:14:28.290","01598 20:27:07",228.87,837.17,,,,"     ",5.10,223.81,2.82
1598,539386545,"01598M21:14:29.263","01598 20:27:08",228.95,837.22,,,,"     ",5.10,222.05,2.80
1598,539386546,"01598M21:14:30.236","01598 20:27:09",229.04,837.25,,,,"     ",5.10,223.06,2.81
1598,539386547,"01598M21:14:31.209","01598 20:27:10",229.12,837.22,,,,"     ",5.10,221.87,2.79
1598,539386548,"01598M21:14:32.183","01598 20:27:11",229.20,837.19,,,,"     ",5.10,224.76,2.83
1598,539386549,"01598M21:14:33.156","01598 20:27:12",229.27,837.18,,,,"     ",5.10,223.28,2.81
1598,539386550,"01598M21:14:34.129","01598 20:27:13",229.34,837.17,,,,"     ",5.10,223.28,2.81
1598,539386551,"01598M21:14:35.102","01598 20:27:14",229.40,837.20,,,,"     ",5.10,224.16,2.82
1598,539386552,"01598M21:14:36.076","01598 20:27:15",229.45,837.22,,,,"     ",5.10,223.67,2.81
1598,539386553,"01598M21:14:37.049","01598 20:27:16",229.49,837.18,,,,"     ",5.10,223.03,2.80
1598,539386554,"01598M21:14:38.022","01598 20:27:17",229.51,837.20,,,,"     ",5.10,223.97,2.81
1598,539386555,"01598M21:14:38.995","01598 20:27:18",229.52,837.22,,,,"     ",5.10,222.57,2.80
1598,539386556,"01598M21:14:39.969","01598 20:27:19",229.51,837.23,,,,"     ",5.10,223.74,2.81
1598,539386557,"01598M21:14:40.942","01598 20:27:20",229.49,837.29,,,,"     ",5.10,224.61,2.82
1598,539386558,"01598M21:14:41.915","01598 20:27:21",229.45,837.20,,,,"     ",5.10,222.41,2.79
1598,539386559,"01598M21:14:42.888","01598 20:27:22",229.42,837.19,,,,"     ",5.10,223.21,2.80
1598,539386560,"01598M21:14:43.862","01598 20:27:23",229.38,837.16,,,,"     ",5.10,222.45,2.79
1598,539386561,"01598M21:14:44.835","01598 20:27:24",229.34,837.13,,,,"     ",5.10,224.10,2.81
1598,539386562,"01598M21:14:45.808","01598 20:27:25",229.31,837.18,,,,"     ",5.10,223.34,2.80
1598,539386563,"01598M21:14:46.781","01598 20:27:26",229.28,837.24,,,,"     ",5.10,222.55,2.79
1598,539386564,"01598M21:14:47.755","01598 20:27:27",229.25,837.26,,,,"     ",5.10,223.63,2.80
1598,539386565,"01598M21:14:48.728","01598 20:27:28",229.22,837.28,,,,"     ",5.10,222.86,2.79
1598,539386566,"01598M21:14:49.701","01598 20:27:29",229.20,837.29,,,,"     ",5.10,223.53,2.80
1598,539386567,"01598M21:14:50.675","01598 20:27:29",229.17,837.25,,,,"     ",5.10,224.48,2.81
1598,539386568,"01598M21:14:51.648","01598 20:27:30",229.15,837.35,,,,"     ",5.10,222.85,2.79
1598,539386569,"01598M21:14:52.621","01598 20:27:31",229.12,837.21,,,,"     ",5.10,222.76,2.79
1598,539386570,"01598M21:14:53.594","01598 20:27:32",229.09,837.21,,,,"     ",5.10,223.95,2.80
1598,539386571,"01598M21:14:54.568","01598 20:27:33",229.07,837.18,,,,"     ",5.10,222.54,2.78
1598,539386572,"01598M21:14:55.541","01598 20:27:34",229.07,837.19,,,,"     ",5.10,222.81,2.78
1598,539386573,"01598M21:14:56.514","01598 20:27:35",229.09,837.21,,,,"     ",5.10,222.79,2.78
1598,539386574,"01598M21:14:57.487","01598 20:27:36",229.13,837.24,,,,"     ",5.10,222.88,2.78
1598,539386575,"01598M21:14:58.461","01598 20:27:37",229.19,837.26,,,,"     ",5.10,222.87,2.78
1598,539386576,"01598M21:14:59.434","01598 20:27:38",229.26,837.29,,,,"     ",5.10,222.22,2.77
1598,539386577,"01598M21:15:00.407","01598 20:27:39",229.33,837.24,,,,"     ",5.10,222.76,2.78
1598,539386578,"01598M21:15:01.380","01598 20:27:40",229.40,837.30,,,,"     ",5.10,223.84,2.79
1598,539386579,"01598M21:15:02.354","01598 20:27:41",229.47,837.32,,,,"     ",5.10,222.25,2.77
1598,539386580,"01598M21:15:03.327","01598 20:27:42",229.51,837.34,,,,"     ",5.10,223.51,2.79
1598,539386581,"01598M21:15:04.300","01598 20:27:43",229.54,837.30,,,,"     ",5.10,222.50,2.78
1598,539386582,"01598M21:15:05.273","01598 20:27:44",229.55,837.25,,,,"     ",5.10,223.43,2.79
1598,539386583,"01598M21:15:06.247","01598 20:27:45",229.53,837.29,,,,"     ",5.10,222.47,2.77
1598,539386584,"01598M21:15:07.220","01598 20:27:46",229.50,837.29,,,,"     ",5.10,224.48,2.80
1598,539386585,"01598M21:15:08.193","01598 20:27:47",229.46,837.28,,,,"     ",5.10,224.08,2.79
1598,539386586,"01598M21:15:09.166","01598 20:27:48",229.41,837.31,,,,"     ",5.10,221.76,2.76
1598,539386587,"01598M21:15:10.140","01598 20:27:49",229.36,837.38,,,,"     ",5.10,222.57,2.77
1598,539386588,"01598M21:15:11.113","01598 20:27:50",229.31,837.29,,,,"     ",5.10,223.04,2.78
1598,539386589,"01598M21:15:12.086","01598 20:27:51",229.26,837.20,,,,"     ",5.10,222.51,2.77
1598,539386590,"01598M21:15:13.059","01598 20:27:52",229.20,837.36,,,,"     ",5.10,223.45,2.78
1598,539386591,"01598M21:15:14.033","01598 20:27:53",229.15,837.33,,,,"     ",5.10,221.55,2.76
1598,539386592,"01598M21:15:15.006","01598 20:27:54",229.09,837.28,,,,"     ",5.10,220.35,2.74
1598,539386593,"01598M21:15:15.979","01598 20:27:55",229.02,837.31,,,,"     ",5.10,223.82,2.79
1598,539386594,"01598M21:15:16.952","01598 20:27:56",228.95,837.31,,,,"     ",5.10,221.29,2.75
1598,539386595,"01598M21:15:17.926","01598 20:27:57",228.88,837.35,,,,"     ",5.10,222.89,2.78
1598,539386596,"01598M21:15:18.899","01598 20:27:58",228.80,837.36,,,,"     ",5.10,222.10,2.77
1598,539386597,"01598M21:15:19.872","01598 20:27:59",228.73,837.38,,,,"     ",5.10,222.06,2.77
1598,539386598,"01598M21:15:20.845","01598 20:28:00",228.68,837.37,,,,"     ",5.10,222.47,2.77
1598,539386599,"01598M21:15:21.819","01598 20:28:01",228.63,837.36,,,,"     ",5.10,222.93,2.78
1598,539386600,"01598M21:15:22.792","01598 20:28:02",228.60,837.39,,,,"     ",5.10,220.05,2.74
1598,539386601,"01598M21:15:23.765","01598 20:28:03",228.57,837.35,,,,"     ",5.10,220.64,2.75
1598,539386602,"01598M21:15:24.738","01598 20:28:04",228.56,837.35,,,,"     ",5.10,221.58,2.76
1598,539386603,"01598M21:15:25.712","01598 20:28:05",228.55,837.37,,,,"     ",5.10,221.30,2.76
1598,539386604,"01598M21:15:26.685","01598 20:28:05",228.54,837.29,,,,"     ",5.10,221.55,2.76
1598,539386605,"01598M21:15:27.658","01598 20:28:06",228.51,837.32,,,,"     ",5.10,222.32,2.77
1598,539386606,"01598M21:15:28.631","01598 20:28:07",228.47,837.39,,,,"     ",5.10,222.57,2.77
1598,539386607,"01598M21:15:29.605","01598 20:28:08",228.42,837.43,,,,"     ",5.10,220.17,2.74
1598,539386608,"01598M21:15:30.578","01598 20:28:09",228.36,837.34,,,,"     ",5.10,223.35,2.78
1598,539386609,"01598M21:15:31.551","01598 20:28:10",228.30,837.39,,,,"     ",5.10,221.11,2.75
1598,539386610,"01598M21:15:32.524","01598 20:28:11",228.24,837.32,,,,"     ",5.10,223.29,2.78
1598,539386611,"01598M21:15:33.498","01598 20:28:12",228.17,837.36,,,,"     ",5.10,221.75,2.76
1598,539386612,"01598M21:15:34.471","01598 20:28:13",228.10,837.36,,,,"     ",5.10,220.80,2.75
1598,539386613,"01598M21:15:35.444","01598 20:28:14",228.04,837.43,,,,"     ",5.10,222.07,2.77
1598,539386614,"01598M21:15:36.417","01598 20:28:15",227.97,837.41,,,,"     ",5.10,224.32,2.80
1598,539386615,"01598M21:15:37.391","01598 20:28:16",227.89,837.43,,,,"     ",5.10,223.77,2.79
1598,539386616,"01598M21:15:38.364","01598 20:28:17",227.82,837.44,,,,"     ",5.10,222.80,2.78
1598,539386617,"01598M21:15:39.337","01598 20:28:18",227.74,837.44,,,,"     ",5.10,223.45,2.79
1598,539386618,"01598M21:15:40.310","01598 20:28:19",227.67,837.44,,,,"     ",5.10,224.22,2.80
1598,539386619,"01598M21:15:41.284","01598 20:28:20",227.59,837.45,,,,"     ",5.10,223.23,2.79
1598,539386620,"01598M21:15:42.257","01598 20:28:21",227.50,837.46,,,,"     ",5.10,221.75,2.77
1598,539386621,"01598M21:15:43.230","01598 20:28:22",227.42,837.46,,,,"     ",5.10,223.03,2.78
1598,539386622,"01598M21:15:44.203","01598 20:28:23",227.33,837.47,,,,"     ",5.10,224.63,2.81
1598,539386623,"01598M21:15:45.177","01598 20:28:24",227.24,837.45,,,,"     ",5.10,224.47,2.80
1598,539386624,"01598M21:15:46.150","01598 20:28:25",227.15,837.47,,,,"     ",5.10,224.14,2.80
1598,539386625,"01598M21:15:47.123","01598 20:28:26",226.56,837.48,,,,"     ",5.10,224.78,2.81
1598,539386626,"01598M21:15:48.096","01598 20:28:27",226.58,837.42,,,,"     ",5.10,223.52,2.79
1598,539386627,"01598M21:15:49.070","01598 20:28:28",226.59,837.57,,,,"     ",5.10,225.09,2.82
1598,539386628,"01598M21:15:50.043","01598 20:28:29",226.59,837.54,,,,"     ",5.10,222.92,2.79
1598,539386629,"01598M21:15:51.016","01598 20:28:30",226.59,837.49,,,,"     ",5.10,222.21,2.78
1598,539386630,"01598M21:15:51.989","01598 20:28:31",226.58,837.47,,,,"     ",5.10,222.81,2.79
1598,539386631,"01598M21:15:52.963","01598 20:28:32",226.56,837.49,,,,"     ",5.10,222.37,2.78
1598,539386632,"01598M21:15:53.936","01598 20:28:33",226.53,837.55,,,,"     ",5.10,222.91,2.79
1598,539386633,"01598M21:15:54.909","01598 20:28:34",226.50,837.47,,,,"     ",5.10,223.04,2.79
1598,539386634,"01598M21:15:55.882","01598 20:28:35",226.46,837.48,,,,"     ",5.10,224.00,2.81
1598,539386635,"01598M21:15:56.856","01598 20:28:36",226.42,837.54,,,,"     ",5.10,222.28,2.79
1598,539386636,"01598M21:15:57.829","01598 20:28:37",226.37,837.56,,,,"     ",5.10,222.51,2.79
1598,539386637,"01598M21:15:58.802","01598 20:28:38",226.31,837.57,,,,"     ",5.10,221.90,2.78
1598,539386638,"01598M21:15:59.776","01598 20:28:39",226.25,837.56,,,,"     ",5.10,223.18,2.80
1598,539386639,"01598M21:16:00.749","01598 20:28:40",226.18,837.50,,,,"     ",5.10,221.52,2.78
1598,539386640,"01598M21:16:01.722","01598 20:28:41",226.11,837.54,,,,"     ",5.10,222.87,2.80
1598,539386641,"01598M21:16:02.695","01598 20:28:41",226.03,837.49,,,,"     ",5.10,222.50,2.80
1598,539386642,"01598M21:16:03.669","01598 20:28:42",225.94,837.46,,,,"     ",5.10,220.23,2.77
1598,539386643,"01598M21:16:04.642","01598 20:28:43",225.85,837.45,,,,"     ",5.10,222.56,2.80
1598,539386644,"01598M21:16:05.615","01598 20:28:44",225.75,837.51,,,,"     ",5.10,221.46,2.78
1598,539386645,"01598M21:16:06.588","01598 20:28:45",225.91,837.52,,,,"     ",5.10,221.57,2.79
1598,539386646,"01598M21:16:07.562","01598 20:28:46",225.84,837.55,,,,"     ",5.10,224.20,2.82
1598,539386647,"01598M21:16:08.535","01598 20:28:47",225.76,837.50,,,,"     ",5.10,220.10,2.77
1598,539386648,"01598M21:16:09.508","01598 20:28:48",225.66,837.52,,,,"     ",5.10,222.97,2.81
1598,539386649,"01598M21:16:10.481","01598 20:28:49",225.57,837.54,,,,"     ",5.10,221.35,2.79
1598,539386650,"01598M21:16:11.455","01598 20:28:50",225.47,837.50,,,,"     ",5.10,222.95,2.81
1598,539386651,"01598M21:16:12.428","01598 20:28:51",225.37,837.50,,,,"     ",5.10,220.86,2.78
1598,539386652,"01598M21:16:13.401","01598 20:28:52",225.28,837.59,,,,"     ",5.10,221.16,2.79
1598,539386653,"01598M21:16:14.374","01598 20:28:53",225.19,837.65,,,,"     ",5.10,221.45,2.79
1598,539386654,"01598M21:16:15.348","01598 20:28:54",225.11,837.53,,,,"     ",5.10,221.43,2.79
1598,539386655,"01598M21:16:16.321","01598 20:28:55",225.05,837.61,,,,"     ",5.10,222.36,2.81
1598,539386656,"01598M21:16:17.294","01598 20:28:56",225.00,837.50,,,,"     ",5.10,220.80,2.79
1598,539386657,"01598M21:16:18.267","01598 20:28:57",224.95,837.46,,,,"     ",5.10,221.50,2.80
1598,539386658,"01598M21:16:19.241","01598 20:28:58",224.92,837.54,,,,"     ",5.10,220.29,2.78
1598,539386659,"01598M21:16:20.214","01598 20:28:59",224.89,837.50,,,,"     ",5.10,222.76,2.82
1598,539386660,"01598M21:16:21.187","01598 20:29:00",224.88,837.56,,,,"     ",5.10,222.82,2.82
1598,539386661,"01598M21:16:22.160","01598 20:29:01",224.87,837.59,,,,"     ",5.10,220.65,2.79
1598,539386662,"01598M21:16:23.134","01598 20:29:02",224.86,837.68,,,,"     ",5.10,222.56,2.82
1598,539386663,"01598M21:16:24.107","01598 20:29:03",224.85,837.63,,,,"     ",5.10,222.32,2.82
1598,539386664,"01598M21:16:25.080","01598 20:29:04",224.85,837.58,,,,"     ",5.10,221.93,2.81
1598,539386665,"01598M21:16:26.053","01598 20:29:05",224.84,837.55,,,,"     ",5.10,221.44,2.81
1598,539386666,"01598M21:16:27.027","01598 20:29:06",224.82,837.54,,,,"     ",5.10,221.09,2.80
1598,539386667,"01598M21:16:28.000","01598 20:29:07",224.81,837.59,,,,"     ",5.10,222.39,2.82
1598,539386668,"01598M21:16:28.973","01598 20:29:08",224.80,837.57,,,,"     ",5.10,222.32,2.82
1598,539386669,"01598M21:16:29.946","01598 20:29:09",224.80,837.51,,,,"     ",5.10,220.82,2.80
1598,539386670,"01598M21:16:30.920","01598 20:29:10",224.81,837.58,,,,"     ",5.10,221.22,2.81
1598,539386671,"01598M21:16:31.893","01598 20:29:11",224.83,837.62,,,,"     ",5.10,222.40,2.82
1598,539386672,"01598M21:16:32.866","01598 20:29:12",224.85,837.54,,,,"     ",5.10,219.81,2.79
1598,539386673,"01598M21:16:33.839","01598 20:29:13",224.86,837.63,,,,"     ",5.10,221.54,2.82
1598,539386674,"01598M21:16:34.813","01598 20:29:14",224.71,837.62,,,,"     ",5.10,220.67,2.81
1598,539386675,"01598M21:16:35.786","01598 20:29:15",224.75,837.62,,,,"     ",5.10,218.70,2.78
1598,539386676,"01598M21:16:36.759","01598 20:29:16",224.78,837.64,,,,"     ",5.10,220.65,2.81
1598,539386677,"01598M21:16:37.732","01598 20:29:17",224.81,837.67,,,,"     ",5.10,219.41,2.79
1598,539386678,"01598M21:16:38.706","01598 20:29:17",224.84,837.71,,,,"     ",5.10,220.42,2.81
1598,539386679,"01598M21:16:39.679","01598 20:29:18",224.87,837.71,,,,"     ",5.10,218.75,2.79
1598,539386680,"01598M21:16:40.652","01598 20:29:19",224.90,837.74,,,,"     ",5.10,219.97,2.80
1598,539386681,"01598M21:16:41.625","01598 20:29:20",224.93,837.71,,,,"     ",5.10,221.71,2.83
1598,539386682,"01598M21:16:42.599","01598 20:29:21",224.96,837.74,,,,"     ",5.10,221.35,2.82
1598,539386683,"01598M21:16:43.572","01598 20:29:22",224.99,837.72,,,,"     ",5.10,220.89,2.82
1598,539386684,"01598M21:16:44.545","01598 20:29:23",225.00,837.76,,,,"     ",5.10,220.76,2.82
1598,539386685,"01598M21:16:45.518","01598 20:29:24",225.00,837.72,,,,"     ",5.10,221.40,2.83
1598,539386686,"01598M21:16:46.492","01598 20:29:25",224.98,837.79,,,,"     ",5.10,218.63,2.79
1598,539386687,"01598M21:16:47.465","01598 20:29:26",224.94,837.67,,,,"     ",5.10,220.21,2.81
1598,539386688,"01598M21:16:48.438","01598 20:29:27",224.90,837.71,,,,"     ",5.10,219.34,2.80
1598,539386689,"01598M21:16:49.411","01598 20:29:28",224.83,837.73,,,,"     ",5.10,219.45,2.80
1598,539386690,"01598M21:16:50.385","01598 20:29:29",224.76,837.72,,,,"     ",5.10,218.92,2.80
1598,539386691,"01598M21:16:51.358","01598 20:29:30",224.81,837.72,,,,"     ",5.10,219.91,2.81
1598,539386692,"01598M21:16:52.331","01598 20:29:31",224.75,837.74,,,,"     ",5.10,217.62,2.78
1598,539386693,"01598M21:16:53.304","01598 20:29:32",224.68,837.76,,,,"     ",5.10,219.08,2.80
1598,539386694,"01598M21:16:54.278","01598 20:29:33",224.61,837.75,,,,"     ",5.10,218.29,2.79
1598,539386695,"01598M21:16:55.251","01598 20:29:34",224.53,837.72,,,,"     ",5.10,219.68,2.81
1598,539386696,"01598M21:16:56.224","01598 20:29:35",224.46,837.70,,,,"     ",5.10,220.69,2.83
1598,539386697,"01598M21:16:57.197","01598 20:29:36",224.39,837.70,,,,"     ",5.10,220.50,2.82
1598,539386698,"01598M21:16:58.171","01598 20:29:37",224.07,837.59,,,,"     ",5.10,219.57,2.81
1598,539386699,"01598M21:16:59.144","01598 20:29:38",224.02,837.73,,,,"     ",5.10,218.45,2.80
1598,539386700,"01598M21:17:00.117","01598 20:29:39",223.97,837.72,,,,"     ",5.10,219.42,2.81
1598,539386701,"01598M21:17:01.090","01598 20:29:40",223.92,837.79,,,,"     ",5.10,221.22,2.84
1598,539386702,"01598M21:17:02.064","01598 20:29:41",223.87,837.76,,,,"     ",5.10,219.26,2.81
1598,539386703,"01598M21:17:03.037","01598 20:29:42",223.82,837.77,,,,"     ",5.10,221.17,2.84
1598,539386704,"01598M21:17:04.010","01598 20:29:43",223.78,837.75,,,,"     ",5.10,220.12,2.82
1598,539386705,"01598M21:17:04.983","01598 20:29:44",223.76,837.76,,,,"     ",5.10,219.69,2.82
1598,539386706,"01598M21:17:05.957","01598 20:29:45",223.76,837.77,,,,"     ",5.10,219.88,2.82
1598,539386707,"01598M21:17:06.930","01598 20:29:46",223.77,837.78,,,,"     ",5.10,220.06,2.82
1598,539386708,"01598M21:17:07.903","01598 20:29:47",223.79,837.77,,,,"     ",5.10,220.73,2.83
1598,539386709,"01598M21:17:08.877","01598 20:29:48",223.81,837.77,,,,"     ",5.10,219.86,2.82
1598,539386710,"01598M21:17:09.850","01598 20:29:49",223.84,837.75,,,,"     ",5.10,220.53,2.83
1598,539386711,"01598M21:17:10.823","01598 20:29:50",223.87,837.83,,,,"     ",5.10,220.33,2.83
1598,539386712,"01598M21:17:11.796","01598 20:29:51",223.91,837.80,,,,"     ",5.10,220.53,2.83
1598,539386713,"01598M21:17:12.770","01598 20:29:52",223.95,837.76,,,,"     ",5.10,219.78,2.83
1598,539386714,"01598M21:17:13.743","01598 20:29:53",223.99,837.86,,,,"     ",5.10,220.57,2.84
1598,539386715,"01598M21:17:14.716","01598 20:29:53",224.04,837.93,,,,"     ",5.10,220.50,2.84
1598,539386716,"01598M21:17:15.689","01598 20:29:54",224.09,837.92,,,,"     ",5.10,220.14,2.83
1598,539386717,"01598M21:17:16.663","01598 20:29:55",224.14,837.92,,,,"     ",5.10,220.19,2.83
1598,539386718,"01598M21:17:17.636","01598 20:29:56",224.18,837.90,,,,"     ",5.10,220.05,2.83
1598,539386719,"01598M21:17:18.609","01598 20:29:57",224.21,837.89,,,,"     ",5.10,219.25,2.82
1598,539386720,"01598M21:17:19.582","01598 20:29:58",224.22,837.93,,,,"     ",5.10,219.86,2.83
1598,539386721,"01598M21:17:20.556","01598 20:29:59",224.23,837.92,,,,"     ",5.10,221.88,2.86
1598,539386722,"01598M21:17:21.529","01598 20:30:00",224.22,837.85,,,,"     ",5.10,221.81,2.86
1598,539386723,"01598M21:17:22.502","01598 20:30:01",224.20,837.84,,,,"     ",5.10,220.67,2.84
1598,539386724,"01598M21:17:23.475","01598 20:30:02",224.18,837.91,,,,"     ",5.10,220.24,2.84
1598,539386725,"01598M21:17:24.449","01598 20:30:03",224.15,837.89,,,,"     ",5.10,220.83,2.85
1598,539386726,"01598M21:17:25.422","01598 20:30:04",224.12,837.85,,,,"     ",5.10,221.52,2.86
1598,539386727,"01598M21:17:26.395","01598 20:30:05",224.08,837.90,,,,"     ",5.10,220.47,2.84
1598,539386728,"01598M21:17:27.368","01598 20:30:06",224.04,837.89,,,,"     ",5.10,221.37,2.86
1598,539386729,"01598M21:17:28.342","01598 20:30:07",223.99,837.88,,,,"     ",5.10,221.95,2.87
1598,539386730,"01598M21:17:29.315","01598 20:30:08",223.94,837.85,,,,"     ",5.10,220.70,2.85
1598,539386731,"01598M21:17:30.288","01598 20:30:09",223.88,837.84,,,,"     ",5.10,220.49,2.85
1598,539386732,"01598M21:17:31.261","01598 20:30:10",223.81,837.81,,,,"     ",5.10,220.23,2.84
1598,539386733,"01598M21:17:32.235","01598 20:30:11",223.74,837.90,,,,"     ",5.10,220.87,2.85
1598,539386734,"01598M21:17:33.208","01598 20:30:12",223.67,837.80,,,,"     ",5.10,219.75,2.84
1598,539386735,"01598M21:17:34.181","01598 20:30:13",223.61,837.86,,,,"     ",5.10,219.60,2.84
1598,539386736,"01598M21:17:35.154","01598 20:30:14",223.56,837.90,,,,"     ",5.10,220.65,2.85
1598,539386737,"01598M21:17:36.128","01598 20:30:15",223.51,837.90,,,,"     ",5.10,220.48,2.85
1598,539386738,"01598M21:17:37.101","01598 20:30:16",223.47,837.86,,,,"     ",5.10,220.15,2.85
1598,539386739,"01598M21:17:38.074","01598 20:30:17",223.45,837.93,,,,"     ",5.10,219.09,2.83
1598,539386740,"01598M21:17:39.047","01598 20:30:18",223.45,837.97,,,,"     ",5.10,217.30,2.81
1598,539386741,"01598M21:17:40.021","01598 20:30:19",223.46,837.98,,,,"     ",5.10,218.66,2.83
1598,539386742,"01598M21:17:40.994","01598 20:30:20",223.48,837.95,,,,"     ",5.10,219.51,2.84
1598,539386743,"01598M21:17:41.967","01598 20:30:21",223.51,837.85,,,,"     ",5.10,216.93,2.81
1598,539386744,"01598M21:17:42.940","01598 20:30:22",223.54,837.96,,,,"     ",5.10,218.03,2.82
1598,539386745,"01598M21:17:43.914","01598 20:30:23",223.56,837.90,,,,"     ",5.10,219.65,2.85
1598,539386746,"01598M21:17:44.887","01598 20:30:24",223.58,837.94,,,,"     ",5.10,217.60,2.82
1598,539386747,"01598M21:17:45.860","01598 20:30:25",223.60,837.93,,,,"     ",5.10,217.20,2.81
1598,539386748,"01598M21:17:46.833","01598 20:30:26",223.61,837.92,,,,"     ",5.10,217.02,2.81
1598,539386749,"01598M21:17:47.807","01598 20:30:27",223.63,838.00,,,,"     ",5.10,217.39,2.82
1598,539386750,"01598M21:17:48.780","01598 20:30:28",223.65,837.91,,,,"     ",5.10,217.50,2.82
1598,539386751,"01598M21:17:49.753","01598 20:30:29",223.67,837.90,,,,"     ",5.10,215.42,2.79
1598,539386752,"01598M21:17:50.726","01598 20:30:29",223.71,837.95,,,,"     ",5.10,216.03,2.80
1598,539386753,"01598M21:17:51.700","01598 20:30:30",223.75,837.94,,,,"     ",5.10,216.91,2.81
1598,539386754,"01598M21:17:52.673","01598 20:30:31",223.80,837.94,,,,"     ",5.10,216.16,2.81
1598,539386755,"01598M21:17:53.646","01598 20:30:32",223.86,837.96,,,,"     ",5.10,215.20,2.79
1598,539386756,"01598M21:17:54.619","01598 20:30:33",223.92,837.94,,,,"     ",5.10,214.95,2.79
1598,539386757,"01598M21:17:55.593","01598 20:30:34",223.98,837.99,,,,"     ",5.10,216.82,2.82
1598,539386758,"01598M21:17:56.566","01598 20:30:35",224.03,837.97,,,,"     ",5.10,216.84,2.82
1598,539386759,"01598M21:17:57.539","01598 20:30:36",224.09,837.94,,,,"     ",5.10,214.91,2.79
1598,539386760,"01598M21:17:58.512","01598 20:30:37",224.15,837.99,,,,"     ",5.10,215.60,2.80
1598,539386761,"01598M21:17:59.486","01598 20:30:38",224.20,837.99,,,,"     ",5.10,215.72,2.80
1598,539386762,"01598M21:18:00.459","01598 20:30:39",224.25,837.97,,,,"     ",5.10,216.14,2.81
1598,539386763,"01598M21:18:01.432","01598 20:30:40",224.30,837.93,,,,"     ",5.10,215.04,2.79
1598,539386764,"01598M21:18:02.405","01598 20:30:41",224.35,838.00,,,,"     ",5.10,214.96,2.79
1598,539386765,"01598M21:18:03.379","01598 20:30:42",224.41,838.03,,,,"     ",5.10,215.90,2.81
1598,539386766,"01598M21:18:04.352","01598 20:30:43",224.47,837.90,,,,"     ",5.10,216.12,2.81
1598,539386767,"01598M21:18:05.325","01598 20:30:44",224.52,837.93,,,,"     ",5.10,215.19,2.80
1598,539386768,"01598M21:18:06.298","01598 20:30:45",224.56,838.06,,,,"     ",5.10,214.44,2.79
1598,539386769,"01598M21:18:07.272","01598 20:30:46",224.60,838.03,,,,"     ",5.10,215.93,2.81
1598,539386770,"01598M21:18:08.245","01598 20:30:47",224.62,838.04,,,,"     ",5.10,214.27,2.79
1598,539386771,"01598M21:18:09.218","01598 20:30:48",224.62,837.98,,,,"     ",5.10,215.98,2.81
1598,539386772,"01598M21:18:10.191","01598 20:30:49",224.60,838.01,,,,"     ",5.10,215.79,2.81
1598,539386773,"01598M21:18:11.165","01598 20:30:50",224.56,837.94,,,,"     ",5.10,214.66,2.79
1598,539386774,"01598M21:18:12.138","01598 20:30:51",224.50,837.98,,,,"     ",5.10,216.26,2.81
1598,539386775,"01598M21:18:13.111","01598 20:30:52",224.44,837.97,,,,"     ",5.10,215.11,2.80
1598,539386776,"01598M21:18:14.084","01598 20:30:53",224.38,837.96,,,,"     ",5.10,213.51,2.78
1598,539386777,"01598M21:18:15.058","01598 20:30:54",224.32,837.98,,,,"     ",5.10,214.69,2.79
1598,539386778,"01598M21:18:16.031","01598 20:30:55",224.27,837.90,,,,"     ",5.10,214.44,2.79
1598,539386779,"01598M21:18:17.004","01598 20:30:56",224.23,838.04,,,,"     ",5.10,212.49,2.76
1598,539386780,"01598M21:18:17.978","01598 20:30:57",224.19,838.01,,,,"     ",5.10,215.08,2.80
1598,539386781,"01598M21:18:18.951","01598 20:30:58",224.15,838.04,,,,"     ",5.10,214.62,2.79
1598,539386782,"01598M21:18:19.924","01598 20:30:59",224.11,838.01,,,,"     ",5.10,213.33,2.78
1598,539386783,"01598M21:18:20.897","01598 20:31:00",224.07,838.01,,,,"     ",5.10,212.47,2.77
1598,539386784,"01598M21:18:21.871","01598 20:31:01",224.01,838.06,,,,"     ",5.10,212.67,2.77
1598,539386785,"01598M21:18:22.844","01598 20:31:02",223.94,838.10,,,,"     ",5.10,214.60,2.80
1598,539386786,"01598M21:18:23.817","01598 20:31:03",223.86,838.05,,,,"     ",5.10,214.08,2.79
1598,539386787,"01598M21:18:24.790","01598 20:31:04",223.77,838.06,,,,"     ",5.10,212.08,2.76
1598,539386788,"01598M21:18:25.764","01598 20:31:05",223.67,838.12,,,,"     ",5.10,213.77,2.79
1598,539386789,"01598M21:18:26.737","01598 20:31:05",223.57,838.06,,,,"     ",5.10,212.97,2.78
1598,539386790,"01598M21:18:27.710","01598 20:31:06",223.48,838.01,,,,"     ",5.10,214.26,2.79
1598,539386791,"01598M21:18:28.683","01598 20:31:07",223.41,838.00,,,,"     ",5.10,213.44,2.78
1598,539386792,"01598M21:18:29.657","01598 20:31:08",223.34,837.90,,,,"     ",5.10,214.15,2.79
1598,539386793,"01598M21:18:30.630","01598 20:31:09",223.28,837.96,,,,"     ",5.10,213.59,2.79
1598,539386794,"01598M21:18:31.603","01598 20:31:10",223.24,838.06,,,,"     ",5.10,213.13,2.78
1598,539386795,"01598M21:18:32.576","01598 20:31:11",223.20,838.06,,,,"     ",5.10,213.26,2.78
1598,539386796,"01598M21:18:33.550","01598 20:31:12",223.17,838.05,,,,"     ",5.10,213.53,2.79
1598,539386797,"01598M21:18:34.523","01598 20:31:13",223.14,838.04,,,,"     ",5.10,213.29,2.78
1598,539386798,"01598M21:18:35.496","01598 20:31:14",223.11,838.17,,,,"     ",5.10,213.80,2.79
1598,539386799,"01598M21:18:36.469","01598 20:31:15",223.09,838.14,,,,"     ",5.10,212.58,2.78
1598,539386800,"01598M21:18:37.443","01598 20:31:16",223.07,838.09,,,,"     ",5.10,213.49,2.79
1598,539386801,"01598M21:18:38.416","01598 20:31:17",223.06,838.12,,,,"     ",5.10,213.14,2.78
1598,539386802,"01598M21:18:39.389","01598 20:31:18",223.07,838.06,,,,"     ",5.10,214.58,2.80
1598,539386803,"01598M21:18:40.362","01598 20:31:19",223.08,838.10,,,,"     ",5.10,213.95,2.80
1598,539386804,"01598M21:18:41.336","01598 20:31:20",223.10,838.14,,,,"     ",5.10,213.86,2.79
1598,539386805,"01598M21:18:42.309","01598 20:31:21",223.13,838.17,,,,"     ",5.10,214.95,2.81
1598,539386806,"01598M21:18:43.282","01598 20:31:22",223.17,838.19,,,,"     ",5.10,214.32,2.80
1598,539386807,"01598M21:18:44.255","01598 20:31:23",223.20,838.15,,,,"     ",5.10,215.49,2.82
1598,539386808,"01598M21:18:45.229","01598 20:31:24",223.24,838.08,,,,"     ",5.10,215.25,2.82
1598,539386809,"01598M21:18:46.202","01598 20:31:25",223.26,838.10,,,,"     ",5.10,215.11,2.81
1598,539386810,"01598M21:18:47.175","01598 20:31:26",223.28,838.14,,,,"     ",5.10,214.73,2.81
1598,539386811,"01598M21:18:48.148","01598 20:31:27",223.30,838.05,,,,"     ",5.10,213.04,2.79
1598,539386812,"01598M21:18:49.122","01598 20:31:28",223.31,838.13,,,,"     ",5.10,215.48,2.82
1598,539386813,"01598M21:18:50.095","01598 20:31:29",223.32,838.11,,,,"     ",5.10,216.37,2.83
1598,539386814,"01598M21:18:51.068","01598 20:31:30",223.33,838.11,,,,"     ",5.10,216.09,2.83
1598,539386815,"01598M21:18:52.041","01598 20:31:31",223.33,838.15,,,,"     ",5.10,214.51,2.81
1598,539386816,"01598M21:18:53.015","01598 20:31:32",223.32,838.15,,,,"     ",5.10,214.29,2.80
1598,539386817,"01598M21:18:53.988","01598 20:31:33",223.31,838.16,,,,"     ",5.10,213.65,2.80
1598,539386818,"01598M21:18:54.961","01598 20:31:34",223.28,838.14,,,,"     ",5.10,216.70,2.84
1598,539386819,"01598M21:18:55.934","01598 20:31:35",223.25,838.26,,,,"     ",5.10,215.42,2.82
1598,539386820,"01598M21:18:56.908","01598 20:31:36",223.21,838.22,,,,"     ",5.10,216.42,2.84
1598,539386821,"01598M21:18:57.881","01598 20:31:37",223.18,838.26,,,,"     ",5.10,215.32,2.82
1598,539386822,"01598M21:18:58.854","01598 20:31:38",223.15,838.21,,,,"     ",5.10,216.07,2.83
1598,539386823,"01598M21:18:59.827","01598 20:31:39",223.12,838.27,,,,"     ",5.10,215.36,2.82
1598,539386824,"01598M21:19:00.801","01598 20:31:40",223.11,838.28,,,,"     ",5.10,215.44,2.82
1598,539386825,"01598M21:19:01.774","01598 20:31:41",223.10,838.28,,,,"     ",5.10,214.76,2.82
1598,539386826,"01598M21:19:02.747","01598 20:31:42",223.10,838.19,,,,"     ",5.10,216.47,2.84
1598,539386827,"01598M21:19:03.720","01598 20:31:42",223.12,838.26,,,,"     ",5.10,215.40,2.82
1598,539386828,"01598M21:19:04.694","01598 20:31:43",223.15,838.33,,,,"     ",5.10,212.86,2.79
1598,539386829,"01598M21:19:05.667","01598 20:31:44",223.18,838.20,,,,"     ",5.10,215.09,2.82
1598,539386830,"01598M21:19:06.640","01598 20:31:45",223.22,838.23,,,,"     ",5.10,215.37,2.82
1598,539386831,"01598M21:19:07.613","01598 20:31:46",223.25,838.23,,,,"     ",5.10,216.71,2.84
1598,539386832,"01598M21:19:08.587","01598 20:31:47",223.27,838.22,,,,"     ",5.10,214.58,2.81
1598,539386833,"01598M21:19:09.560","01598 20:31:48",223.29,838.21,,,,"     ",5.10,214.86,2.82
1598,539386834,"01598M21:19:10.533","01598 20:31:49",223.31,838.23,,,,"     ",5.10,215.18,2.82
1598,539386835,"01598M21:19:11.506","01598 20:31:50",223.33,838.19,,,,"     ",5.10,215.69,2.83
1598,539386836,"01598M21:19:12.480","01598 20:31:51",223.35,838.22,,,,"     ",5.10,216.30,2.84
1598,539386837,"01598M21:19:13.453","01598 20:31:52",223.37,838.33,,,,"     ",5.10,215.03,2.82
1598,539386838,"01598M21:19:14.426","01598 20:31:53",223.40,838.31,,,,"     ",5.10,216.81,2.85
1598,539386839,"01598M21:19:15.399","01598 20:31:54",223.43,838.31,,,,"     ",5.10,216.93,2.85
1598,539386840,"01598M21:19:16.373","01598 20:31:55",223.45,838.26,,,,"     ",5.10,217.18,2.85
1598,539386841,"01598M21:19:17.346","01598 20:31:56",223.45,838.23,,,,"     ",5.10,216.51,2.84
1598,539386842,"01598M21:19:18.319","01598 20:31:57",223.45,838.24,,,,"     ",5.10,215.90,2.83
1598,539386843,"01598M21:19:19.292","01598 20:31:58",223.44,838.24,,,,"     ",5.10,217.55,2.86
1598,539386844,"01598M21:19:20.266","01598 20:31:59",223.42,838.26,,,,"     ",5.10,216.89,2.85
1598,539386845,"01598M21:19:21.239","01598 20:32:00",223.39,838.19,,,,"     ",5.10,216.33,2.84
1598,539386846,"01598M21:19:22.212","01598 20:32:01",223.37,838.29,,,,"     ",5.10,217.19,2.85
1598,539386847,"01598M21:19:23.185","01598 20:32:02",223.34,838.31,,,,"     ",5.10,218.15,2.86
1598,539386848,"01598M21:19:24.159","01598 20:32:03",223.33,838.32,,,,"     ",5.10,218.60,2.87
1598,539386849,"01598M21:19:25.132","01598 20:32:04",223.34,838.25,,,,"     ",5.10,218.81,2.87
1598,539386850,"01598M21:19:26.105","01598 20:32:05",223.36,838.26,,,,"     ",5.10,218.12,2.86
1598,539386851,"01598M21:19:27.079","01598 20:32:06",223.41,838.30,,,,"     ",5.10,220.93,2.90
1598,539386852,"01598M21:19:28.052","01598 20:32:07",223.47,838.29,,,,"     ",5.10,220.22,2.89
1598,539386853,"01598M21:19:29.025","01598 20:32:08",223.53,838.32,,,,"     ",5.10,221.04,2.91
1598,539386854,"01598M21:19:29.998","01598 20:32:09",223.60,838.28,,,,"     ",5.10,220.51,2.90
1598,539386855,"01598M21:19:30.972","01598 20:32:10",223.66,838.31,,,,"     ",5.10,220.66,2.90
1598,539386856,"01598M21:19:31.945","01598 20:32:11",223.70,838.32,,,,"     ",5.10,220.80,2.90
1598,539386857,"01598M21:19:32.918","01598 20:32:12",223.73,838.28,,,,"     ",5.10,220.27,2.89
1598,539386858,"01598M21:19:33.891","01598 20:32:13",223.74,838.37,,,,"     ",5.10,222.08,2.92
1598,539386859,"01598M21:19:34.865","01598 20:32:14",223.75,838.39,,,,"     ",5.10,221.28,2.91
1598,539386860,"01598M21:19:35.838","01598 20:32:15",223.74,838.32,,,,"     ",5.10,221.22,2.91
1598,539386861,"01598M21:19:36.811","01598 20:32:16",223.72,838.37,,,,"     ",5.10,221.84,2.92
1598,539386862,"01598M21:19:37.784","01598 20:32:17",223.71,838.43,,,,"     ",5.10,221.37,2.91
1598,539386863,"01598M21:19:38.758","01598 20:32:18",223.70,838.36,,,,"     ",5.10,222.08,2.92
1598,539386864,"01598M21:19:39.731","01598 20:32:18",223.70,838.42,,,,"     ",5.10,222.53,2.93
1598,539386865,"01598M21:19:40.704","01598 20:32:19",223.70,838.40,,,,"     ",5.10,221.21,2.91
1598,539386866,"01598M21:19:41.677","01598 20:32:20",223.69,838.38,,,,"     ",5.10,220.33,2.90
1598,539386867,"01598M21:19:42.651","01598 20:32:21",223.68,838.41,,,,"     ",5.10,222.80,2.93
1598,539386868,"01598M21:19:43.624","01598 20:32:22",223.66,838.42,,,,"     ",5.10,222.98,2.93
1598,539386869,"01598M21:19:44.597","01598 20:32:23",223.63,838.47,,,,"     ",5.10,220.95,2.91
1598,539386870,"01598M21:19:45.570","01598 20:32:24",223.59,838.46,,,,"     ",5.10,221.06,2.91
1598,539386871,"01598M21:19:46.544","01598 20:32:25",223.55,838.39,,,,"     ",5.10,219.93,2.89
1598,539386872,"01598M21:19:47.517","01598 20:32:26",223.50,838.36,,,,"     ",5.10,221.11,2.91
1598,539386873,"01598M21:19:48.490","01598 20:32:27",223.46,838.49,,,,"     ",5.10,220.88,2.91
1598,539386874,"01598M21:19:49.463","01598 20:32:28",223.42,838.50,,,,"     ",5.10,221.01,2.91
1598,539386875,"01598M21:19:50.437","01598 20:32:29",223.39,838.43,,,,"     ",5.10,219.07,2.88
1598,539386876,"01598M21:19:51.410","01598 20:32:30",223.37,838.50,,,,"     ",5.10,220.81,2.91
1598,539386877,"01598M21:19:52.383","01598 20:32:31",223.36,838.50,,,,"     ",5.10,220.82,2.91
1598,539386878,"01598M21:19:53.356","01598 20:32:32",223.35,838.47,,,,"     ",5.10,219.25,2.88
1598,539386879,"01598M21:19:54.330","01598 20:32:33",223.34,838.41,,,,"     ",5.10,220.85,2.91
1598,539386880,"01598M21:19:55.303","01598 20:32:34",223.33,838.39,,,,"     ",5.10,220.67,2.90
1598,539386881,"01598M21:19:56.276","01598 20:32:35",223.31,838.40,,,,"     ",5.10,220.08,2.90
1598,539386882,"01598M21:19:57.249","01598 20:32:36",223.29,838.41,,,,"     ",5.10,219.15,2.89
1598,539386883,"01598M21:19:58.223","01598 20:32:37",223.26,838.46,,,,"     ",5.10,219.82,2.89
1598,539386884,"01598M21:19:59.196","01598 20:32:38",223.22,838.51,,,,"     ",5.10,219.45,2.89
1598,539386885,"01598M21:20:00.169","01598 20:32:39",223.18,838.48,,,,"     ",5.10,219.52,2.89
1598,539386886,"01598M21:20:01.142","01598 20:32:40",223.14,838.46,,,,"     ",5.10,218.30,2.88
1598,539386887,"01598M21:20:02.116","01598 20:32:41",223.09,838.63,,,,"     ",5.10,220.01,2.90
1598,539386888,"01598M21:20:03.089","01598 20:32:42",223.04,838.66,,,,"     ",5.10,218.26,2.88
1598,539386889,"01598M21:20:04.062","01598 20:32:43",223.00,838.56,,,,"     ",5.10,219.58,2.89
1598,539386890,"01598M21:20:05.035","01598 20:32:44",222.96,838.52,,,,"     ",5.10,218.37,2.88
1598,539386891,"01598M21:20:06.009","01598 20:32:45",222.92,838.56,,,,"     ",5.10,218.93,2.89
1598,539386892,"01598M21:20:06.982","01598 20:32:46",222.88,838.52,,,,"     ",5.10,217.35,2.86
1598,539386893,"01598M21:20:07.955","01598 20:32:47",222.84,838.49,,,,"     ",5.10,219.58,2.90
1598,539386894,"01598M21:20:08.928","01598 20:32:48",222.80,838.49,,,,"     ",5.10,218.35,2.88
1598,539386895,"01598M21:20:09.902","01598 20:32:49",222.77,838.56,,,,"     ",5.10,218.89,2.89
1598,539386896,"01598M21:20:10.875","01598 20:32:50",222.75,838.61,,,,"     ",5.10,217.27,2.87
1598,539386897,"01598M21:20:11.848","01598 20:32:51",222.74,838.47,,,,"     ",5.10,216.27,2.85
1598,539386898,"01598M21:20:12.821","01598 20:32:52",222.74,838.53,,,,"     ",5.10,216.88,2.86
1598,539386899,"01598M21:20:13.795","01598 20:32:53",222.74,838.50,,,,"     ",5.10,217.69,2.87
1598,539386900,"01598M21:20:14.768","01598 20:32:54",222.75,838.54,,,,"     ",5.10,217.54,2.87
1598,539386901,"01598M21:20:15.741","01598 20:32:54",222.77,838.56,,,,"     ",5.10,217.99,2.88
1598,539386902,"01598M21:20:16.714","01598 20:32:55",222.80,838.57,,,,"     ",5.10,216.99,2.86
1598,539386903,"01598M21:20:17.688","01598 20:32:56",222.84,838.55,,,,"     ",5.10,216.91,2.86
1598,539386904,"01598M21:20:18.661","01598 20:32:57",222.89,838.57,,,,"     ",5.10,216.86,2.86
1598,539386905,"01598M21:20:19.634","01598 20:32:58",222.94,838.55,,,,"     ",5.10,217.92,2.88
1598,539386906,"01598M21:20:20.607","01598 20:32:59",222.98,838.52,,,,"     ",5.10,218.19,2.88
1598,539386907,"01598M21:20:21.581","01598 20:33:00",223.02,838.59,,,,"     ",5.10,217.56,2.87
1598,539386908,"01598M21:20:22.554","01598 20:33:01",223.05,838.57,,,,"     ",5.10,217.86,2.88
1598,539386909,"01598M21:20:23.527","01598 20:33:02",223.08,838.60,,,,"     ",5.10,219.23,2.90
1598,539386910,"01598M21:20:24.500","01598 20:33:03",223.09,838.69,,,,"     ",5.10,215.41,2.85
1598,539386911,"01598M21:20:25.474","01598 20:33:04",223.10,838.70,,,,"     ",5.10,215.37,2.85
1598,539386912,"01598M21:20:26.447","01598 20:33:05",223.09,838.70,,,,"     ",5.10,217.42,2.87
1598,539386913,"01598M21:20:27.420","01598 20:33:06",223.06,838.66,,,,"     ",5.10,216.48,2.86
1598,539386914,"01598M21:20:28.393","01598 20:33:07",223.02,838.66,,,,"     ",5.10,214.99,2.84
1598,539386915,"01598M21:20:29.367","01598 20:33:08",222.99,838.63,,,,"     ",5.10,216.33,2.86
1598,539386916,"01598M21:20:30.340","01598 20:33:09",222.96,838.63,,,,"     ",5.10,215.54,2.85
1598,539386917,"01598M21:20:31.313","01598 20:33:10",222.93,838.65,,,,"     ",5.10,215.66,2.85
1598,539386918,"01598M21:20:32.286","01598 20:33:11",222.91,838.62,,,,"     ",5.10,215.73,2.85
1598,539386919,"01598M21:20:33.260","01598 20:33:12",222.88,838.61,,,,"     ",5.10,216.66,2.87
1598,539386920,"01598M21:20:34.233","01598 20:33:13",222.85,838.63,,,,"     ",5.10,214.03,2.83
1598,539386921,"01598M21:20:35.206","01598 20:33:14",222.83,838.61,,,,"     ",5.10,215.97,2.86
1598,539386922,"01598M21:20:36.179","01598 20:33:15",222.80,838.62,,,,"     ",5.10,215.66,2.85
1598,539386923,"01598M21:20:37.153","01598 20:33:16",222.77,838.57,,,,"     ",5.10,215.21,2.85
1598,539386924,"01598M21:20:38.126","01598 20:33:17",222.75,838.60,,,,"     ",5.10,214.16,2.83
1598,539386925,"01598M21:20:39.099","01598 20:33:18",222.72,838.58,,,,"     ",5.10,215.58,2.85
1598,539386926,"01598M21:20:40.073","01598 20:33:19",222.69,838.63,,,,"     ",5.10,214.83,2.85
1598,539386927,"01598M21:20:41.046","01598 20:33:20",222.67,838.63,,,,"     ",5.10,215.54,2.86
1598,539386928,"01598M21:20:42.019","01598 20:33:21",222.64,838.71,,,,"     ",5.10,215.52,2.86
1598,539386929,"01598M21:20:42.992","01598 20:33:22",222.61,838.65,,,,"     ",5.10,214.49,2.84
1598,539386930,"01598M21:20:43.966","01598 20:33:23",222.59,838.70,,,,"     ",5.10,214.05,2.84
1598,539386931,"01598M21:20:44.939","01598 20:33:24",222.56,838.70,,,,"     ",5.10,213.64,2.83
1598,539386932,"01598M21:20:45.912","01598 20:33:25",222.54,838.76,,,,"     ",5.10,213.78,2.83
1598,539386933,"01598M21:20:46.885","01598 20:33:26",222.72,838.72,,,,"     ",5.10,213.29,2.83
1598,539386934,"01598M21:20:47.859","01598 20:33:27",222.76,838.78,,,,"     ",5.10,214.50,2.84
1598,539386935,"01598M21:20:48.832","01598 20:33:28",222.80,838.80,,,,"     ",5.10,214.94,2.85
1598,539386936,"01598M21:20:49.805","01598 20:33:29",222.83,838.80,,,,"     ",5.10,211.58,2.81
1598,539386937,"01598M21:20:50.778","01598 20:33:30",222.85,838.80,,,,"     ",5.10,212.08,2.81
1598,539386938,"01598M21:20:51.752","01598 20:33:30",222.87,838.75,,,,"     ",5.10,214.06,2.84
1598,539386939,"01598M21:20:52.725","01598 20:33:31",222.89,838.80,,,,"     ",5.10,212.30,2.82
1598,539386940,"01598M21:20:53.698","01598 20:33:32",222.90,838.81,,,,"     ",5.10,212.66,2.82
1598,539386941,"01598M21:20:54.671","01598 20:33:33",222.90,838.80,,,,"     ",5.10,211.80,2.81
1598,539386942,"01598M21:20:55.645","01598 20:33:34",222.91,838.77,,,,"     ",5.10,212.04,2.82
1598,539386943,"01598M21:20:56.618","01598 20:33:35",222.90,838.78,,,,"     ",5.10,212.73,2.82
1598,539386944,"01598M21:20:57.591","01598 20:33:36",222.90,838.76,,,,"     ",5.10,212.56,2.82
1598,539386945,"01598M21:20:58.564","01598 20:33:37",222.88,838.76,,,,"     ",5.10,212.30,2.82
1598,539386946,"01598M21:20:59.538","01598 20:33:38",222.87,838.75,,,,"     ",5.10,212.76,2.83
1598,539386947,"01598M21:21:00.511","01598 20:33:39",222.85,838.85,,,,"     ",5.10,211.36,2.81
1598,539386948,"01598M21:21:01.484","01598 20:33:40",222.83,838.82,,,,"     ",5.10,212.42,2.82
1598,539386949,"01598M21:21:02.457","01598 20:33:41",222.80,838.90,,,,"     ",5.10,213.45,2.84
1598,539386950,"01598M21:21:03.431","01598 20:33:42",222.77,838.86,,,,"     ",5.10,213.32,2.84
1598,539386951,"01598M21:21:04.404","01598 20:33:43",222.73,838.97,,,,"     ",5.10,213.29,2.84
1598,539386952,"01598M21:21:05.377","01598 20:33:44",222.68,838.89,,,,"     ",5.10,212.72,2.83
1598,539386953,"01598M21:21:06.350","01598 20:33:45",222.62,838.94,,,,"     ",5.10,212.33,2.82
1598,539386954,"01598M21:21:07.324","01598 20:33:46",222.53,838.90,,,,"     ",5.10,213.65,2.84
1598,539386955,"01598M21:21:08.297","01598 20:33:47",222.44,838.93,,,,"     ",5.10,213.49,2.84
1598,539386956,"01598M21:21:09.270","01598 20:33:48",222.37,838.90,,,,"     ",5.10,213.33,2.84
1598,539386957,"01598M21:21:10.243","01598 20:33:49",222.32,838.89,,,,"     ",5.10,214.33,2.85
1598,539386958,"01598M21:21:11.217","01598 20:33:50",222.28,838.82,,,,"     ",5.10,212.89,2.83
1598,539386959,"01598M21:21:12.190","01598 20:33:51",222.26,838.86,,,,"     ",5.10,211.74,2.82
1598,539386960,"01598M21:21:13.163","01598 20:33:52",222.25,838.92,,,,"     ",5.10,213.21,2.84
1598,539386961,"01598M21:21:14.136","01598 20:33:53",222.26,838.97,,,,"     ",5.10,210.89,2.81
1598,539386962,"01598M21:21:15.110","01598 20:33:54",222.29,838.91,,,,"     ",5.10,212.09,2.82
1598,539386963,"01598M21:21:16.083","01598 20:33:55",222.31,838.92,,,,"     ",5.10,212.55,2.83
1598,539386964,"01598M21:21:17.056","01598 20:33:56",222.33,838.87,,,,"     ",5.10,212.12,2.82
1598,539386965,"01598M21:21:18.029","01598 20:33:57",222.35,839.05,,,,"     ",5.10,212.01,2.82
1598,539386966,"01598M21:21:19.003","01598 20:33:58",222.37,839.08,,,,"     ",5.10,212.74,2.83
1598,539386967,"01598M21:21:19.976","01598 20:33:59",222.39,839.01,,,,"     ",5.10,211.37,2.82
1598,539386968,"01598M21:21:20.949","01598 20:34:00",222.41,839.04,,,,"     ",5.10,213.18,2.84
1598,539386969,"01598M21:21:21.922","01598 20:34:01",222.44,838.89,,,,"     ",5.10,212.37,2.83
1598,539386970,"01598M21:21:22.896","01598 20:34:02",222.48,838.92,,,,"     ",5.10,213.05,2.84
1598,539386971,"01598M21:21:23.869","01598 20:34:03",222.54,838.88,,,,"     ",5.10,212.14,2.83
1598,539386972,"01598M21:21:24.842","01598 20:34:04",222.60,838.96,,,,"     ",5.10,211.52,2.82
1598,539386973,"01598M21:21:25.815","01598 20:34:05",222.67,839.00,,,,"     ",5.10,211.53,2.82
1598,539386974,"01598M21:21:26.789","01598 20:34:06",222.73,838.85,,,,"     ",5.10,210.18,2.80
1598,539386975,"01598M21:21:27.762","01598 20:34:06",222.78,839.00,,,,"     ",5.10,210.38,2.80
1598,539386976,"01598M21:21:28.735","01598 20:34:07",222.82,838.95,,,,"     ",5.10,211.66,2.82
1598,539386977,"01598M21:21:29.708","01598 20:34:08",222.83,838.93,,,,"     ",5.10,210.61,2.81
1598,539386978,"01598M21:21:30.682","01598 20:34:09",222.82,838.96,,,,"     ",5.10,209.34,2.79
1598,539386979,"01598M21:21:31.655","01598 20:34:10",222.79,838.97,,,,"     ",5.10,211.48,2.82
1598,539386980,"01598M21:21:32.628","01598 20:34:11",222.75,839.02,,,,"     ",5.10,210.96,2.81
1598,539386981,"01598M21:21:33.601","01598 20:34:12",222.70,839.10,,,,"     ",5.10,211.40,2.82
1598,539386982,"01598M21:21:34.575","01598 20:34:13",222.66,839.08,,,,"     ",5.10,209.07,2.79
1598,539386983,"01598M21:21:35.548","01598 20:34:14",222.62,838.97,,,,"     ",5.10,210.76,2.81
1598,539386984,"01598M21:21:36.521","01598 20:34:15",222.60,838.99,,,,"     ",5.10,210.67,2.81
1598,539386985,"01598M21:21:37.494","01598 20:34:16",222.59,839.07,,,,"     ",5.10,212.24,2.83
1598,539386986,"01598M21:21:38.468","01598 20:34:17",222.59,839.04,,,,"     ",5.10,212.57,2.84
1598,539386987,"01598M21:21:39.441","01598 20:34:18",222.58,839.07,,,,"     ",5.10,211.57,2.83
1598,539386988,"01598M21:21:40.414","01598 20:34:19",222.57,839.12,,,,"     ",5.10,211.04,2.82
1598,539386989,"01598M21:21:41.387","01598 20:34:20",222.54,839.14,,,,"     ",5.10,212.28,2.84
1598,539386990,"01598M21:21:42.361","01598 20:34:21",222.51,839.11,,,,"     ",5.10,210.22,2.81
1598,539386991,"01598M21:21:43.334","01598 20:34:22",222.46,839.03,,,,"     ",5.10,210.84,2.82
1598,539386992,"01598M21:21:44.307","01598 20:34:23",222.42,839.05,,,,"     ",5.10,209.71,2.80
1598,539386993,"01598M21:21:45.280","01598 20:34:24",222.38,839.09,,,,"     ",5.10,211.62,2.83
1598,539386994,"01598M21:21:46.254","01598 20:34:25",222.34,839.07,,,,"     ",5.10,209.57,2.80
1598,539386995,"01598M21:21:47.227","01598 20:34:26",222.32,839.02,,,,"     ",5.10,208.83,2.79
1598,539386996,"01598M21:21:48.200","01598 20:34:27",222.31,839.01,,,,"     ",5.10,210.00,2.81
1598,539386997,"01598M21:21:49.174","01598 20:34:28",222.31,839.06,,,,"     ",5.10,211.03,2.82
1598,539386998,"01598M21:21:50.147","01598 20:34:29",222.31,839.04,,,,"     ",5.10,210.18,2.81
1598,539386999,"01598M21:21:51.120","01598 20:34:30",222.33,839.15,,,,"     ",5.10,210.20,2.81
1598,539387000,"01598M21:21:52.093","01598 20:34:31",222.34,839.08,,,,"     ",5.10,210.52,2.82
1598,539387001,"01598M21:21:53.067","01598 20:34:32",222.35,839.12,,,,"     ",5.10,211.87,2.84
1598,539387002,"01598M21:21:54.040","01598 20:34:33",222.36,839.15,,,,"     ",5.10,210.28,2.82
1598,539387003,"01598M21:21:55.013","01598 20:34:34",222.38,839.09,,,,"     ",5.10,209.42,2.80
1598,539387004,"01598M21:21:55.986","01598 20:34:35",222.40,839.12,,,,"     ",5.10,210.12,2.81
1598,539387005,"01598M21:21:56.960","01598 20:34:36",222.42,838.98,,,,"     ",5.10,210.18,2.81
1598,539387006,"01598M21:21:57.933","01598 20:34:37",222.44,839.04,,,,"     ",5.10,210.18,2.82
1598,539387007,"01598M21:21:58.906","01598 20:34:38",222.47,839.09,,,,"     ",5.10,210.00,2.81
1598,539387008,"01598M21:21:59.879","01598 20:34:39",222.50,839.12,,,,"     ",5.10,209.39,2.81
1598,539387009,"01598M21:22:00.853","01598 20:34:40",222.53,839.04,,,,"     ",5.10,210.33,2.82
1598,539387010,"01598M21:22:01.826","01598 20:34:41",222.56,839.05,,,,"     ",5.10,210.20,2.82
1598,539387011,"01598M21:22:02.799","01598 20:34:42",222.60,839.09,,,,"     ",5.10,209.04,2.80
1598,539387012,"01598M21:22:03.772","01598 20:34:42",222.63,839.03,,,,"     ",5.10,209.74,2.81
1598,539387013,"01598M21:22:04.746","01598 20:34:43",222.66,839.13,,,,"     ",5.10,210.26,2.82
1598,539387014,"01598M21:22:05.719","01598 20:34:44",222.69,839.04,,,,"     ",5.10,208.98,2.80
1598,539387015,"01598M21:22:06.692","01598 20:34:45",222.71,839.06,,,,"     ",5.10,209.77,2.81
1598,539387016,"01598M21:22:07.665","01598 20:34:46",222.71,839.09,,,,"     ",5.10,210.83,2.83
1598,539387017,"01598M21:22:08.639","01598 20:34:47",222.70,838.97,,,,"     ",5.10,209.30,2.81
1598,539387018,"01598M21:22:09.612","01598 20:34:48",222.66,839.02,,,,"     ",5.10,209.93,2.82
1598,539387019,"01598M21:22:10.585","01598 20:34:49",222.61,839.06,,,,"     ",5.10,209.92,2.82
1598,539387020,"01598M21:22:11.558","01598 20:34:50",222.56,839.09,,,,"     ",5.10,209.60,2.82
1598,539387021,"01598M21:22:12.532","01598 20:34:51",222.51,839.19,,,,"     ",5.10,209.42,2.81
1598,539387022,"01598M21:22:13.505","01598 20:34:52",222.46,839.15,,,,"     ",5.10,209.87,2.82
1598,539387023,"01598M21:22:14.478","01598 20:34:53",222.42,839.21,,,,"     ",5.10,209.16,2.81
1598,539387024,"01598M21:22:15.451","01598 20:34:54",222.39,839.15,,,,"     ",5.10,209.63,2.82
1598,539387025,"01598M21:22:16.425","01598 20:34:55",222.38,839.14,,,,"     ",5.10,209.30,2.81
1598,539387026,"01598M21:22:17.398","01598 20:34:56",222.38,839.13,,,,"     ",5.10,209.45,2.82
1598,539387027,"01598M21:22:18.371","01598 20:34:57",222.40,839.14,,,,"     ",5.10,210.00,2.82
1598,539387028,"01598M21:22:19.344","01598 20:34:58",222.43,839.11,,,,"     ",5.10,210.51,2.83
1598,539387029,"01598M21:22:20.318","01598 20:34:59",222.46,839.08,,,,"     ",5.10,209.95,2.82
1598,539387030,"01598M21:22:21.291","01598 20:35:00",222.50,839.09,,,,"     ",5.10,209.91,2.82
1598,539387031,"01598M21:22:22.264","01598 20:35:01",222.53,839.13,,,,"     ",5.10,209.24,2.82
1598,539387032,"01598M21:22:23.237","01598 20:35:02",222.55,839.17,,,,"     ",5.10,209.22,2.82
1598,539387033,"01598M21:22:24.211","01598 20:35:03",222.56,839.14,,,,"     ",5.10,209.93,2.83
1598,539387034,"01598M21:22:25.184","01598 20:35:04",222.54,839.19,,,,"     ",5.10,210.04,2.83
1598,539387035,"01598M21:22:26.157","01598 20:35:05",222.50,839.14,,,,"     ",5.10,209.78,2.82
1598,539387036,"01598M21:22:27.130","01598 20:35:06",222.46,839.10,,,,"     ",5.10,209.61,2.82
1598,539387037,"01598M21:22:28.104","01598 20:35:07",222.40,839.10,,,,"     ",5.10,209.31,2.82
1598,539387038,"01598M21:22:29.077","01598 20:35:08",222.34,839.06,,,,"     ",5.10,210.12,2.83
1598,539387039,"01598M21:22:30.050","01598 20:35:09",222.28,839.16,,,,"     ",5.10,207.95,2.80
1598,539387040,"01598M21:22:31.023","01598 20:35:10",222.23,839.12,,,,"     ",5.10,208.37,2.81
1598,539387041,"01598M21:22:31.997","01598 20:35:11",222.17,839.17,,,,"     ",5.10,210.37,2.84
1598,539387042,"01598M21:22:32.970","01598 20:35:12",222.11,839.12,,,,"     ",5.10,210.22,2.83
1598,539387043,"01598M21:22:33.943","01598 20:35:13",222.04,839.21,,,,"     ",5.10,210.06,2.83
1598,539387044,"01598M21:22:34.916","01598 20:35:14",221.98,839.18,,,,"     ",5.10,209.63,2.83
1598,539387045,"01598M21:22:35.890","01598 20:35:15",221.92,839.27,,,,"     ",5.10,210.21,2.84
1598,539387046,"01598M21:22:36.863","01598 20:35:16",221.86,839.20,,,,"     ",5.10,209.92,2.83
1598,539387047,"01598M21:22:37.836","01598 20:35:17",221.80,839.15,,,,"     ",5.10,209.52,2.83
1598,539387048,"01598M21:22:38.809","01598 20:35:18",221.77,839.15,,,,"     ",5.10,208.83,2.82
1598,539387049,"01598M21:22:39.783","01598 20:35:18",221.75,839.13,,,,"     ",5.10,209.72,2.83
1598,539387050,"01598M21:22:40.756","01598 20:35:19",221.75,839.15,,,,"     ",5.10,209.81,2.83
1598,539387051,"01598M21:22:41.729","01598 20:35:20",221.78,839.19,,,,"     ",5.10,210.16,2.84
1598,539387052,"01598M21:22:42.702","01598 20:35:21",221.82,839.21,,,,"     ",5.10,208.86,2.82
1598,539387053,"01598M21:22:43.676","01598 20:35:22",221.88,839.17,,,,"     ",5.10,209.16,2.82
1598,539387054,"01598M21:22:44.649","01598 20:35:23",221.94,839.15,,,,"     ",5.10,210.29,2.84
1598,539387055,"01598M21:22:45.622","01598 20:35:24",221.99,839.17,,,,"     ",5.10,209.43,2.83
1598,539387056,"01598M21:22:46.595","01598 20:35:25",222.04,839.20,,,,"     ",5.10,208.58,2.82
1598,539387057,"01598M21:22:47.569","01598 20:35:26",222.06,839.17,,,,"     ",5.10,207.58,2.80
1598,539387058,"01598M21:22:48.542","01598 20:35:27",222.07,839.21,,,,"     ",5.10,208.26,2.82
1598,539387059,"01598M21:22:49.515","01598 20:35:28",222.06,839.25,,,,"     ",5.10,207.49,2.81
1598,539387060,"01598M21:22:50.488","01598 20:35:29",222.03,839.17,,,,"     ",5.10,208.31,2.82
1598,539387061,"01598M21:22:51.462","01598 20:35:30",221.98,839.18,,,,"     ",5.10,207.29,2.80
1598,539387062,"01598M21:22:52.435","01598 20:35:31",221.92,839.19,,,,"     ",5.10,206.97,2.80
1598,539387063,"01598M21:22:53.408","01598 20:35:32",221.86,839.21,,,,"     ",5.10,207.02,2.80
1598,539387064,"01598M21:22:54.381","01598 20:35:33",221.78,839.23,,,,"     ",5.10,207.43,2.81
1598,539387065,"01598M21:22:55.355","01598 20:35:34",221.71,839.29,,,,"     ",5.10,208.57,2.82
1598,539387066,"01598M21:22:56.328","01598 20:35:35",221.63,839.24,,,,"     ",5.10,207.55,2.81
1598,539387067,"01598M21:22:57.301","01598 20:35:36",221.55,839.22,,,,"     ",5.10,207.49,2.81
1598,539387068,"01598M21:22:58.275","01598 20:35:37",221.47,839.19,,,,"     ",5.10,207.13,2.80
1598,539387069,"01598M21:22:59.248","01598 20:35:38",221.39,839.23,,,,"     ",5.10,206.12,2.79
1598,539387070,"01598M21:23:00.221","01598 20:35:39",221.30,839.24,,,,"     ",5.10,208.47,2.83
1598,539387071,"01598M21:23:01.194","01598 20:35:40",221.20,839.20,,,,"     ",5.10,204.55,2.77
1598,539387072,"01598M21:23:02.168","01598 20:35:41",221.11,839.28,,,,"     ",5.10,206.38,2.80
1598,539387073,"01598M21:23:03.141","01598 20:35:42",221.03,839.18,,,,"     ",5.10,206.88,2.80
1598,539387074,"01598M21:23:04.114","01598 20:35:43",220.98,839.16,,,,"     ",5.10,206.75,2.80
1598,539387075,"01598M21:23:05.087","01598 20:35:44",220.94,839.25,,,,"     ",5.10,206.78,2.80
1598,539387076,"01598M21:23:06.061","01598 20:35:45",220.93,839.23,,,,"     ",5.10,206.69,2.80
1598,539387077,"01598M21:23:07.034","01598 20:35:46",220.93,839.21,,,,"     ",5.10,206.05,2.80
1598,539387078,"01598M21:23:08.007","01598 20:35:47",220.93,839.16,,,,"     ",5.10,204.53,2.77
1598,539387079,"01598M21:23:08.980","01598 20:35:48",220.94,839.20,,,,"     ",5.10,205.61,2.79
1598,539387080,"01598M21:23:09.954","01598 20:35:49",220.95,839.20,,,,"     ",5.10,204.44,2.77
1598,539387081,"01598M21:23:10.927","01598 20:35:50",220.96,839.23,,,,"     ",5.10,207.27,2.81
1598,539387082,"01598M21:23:11.900","01598 20:35:51",220.96,839.18,,,,"     ",5.10,205.33,2.79
1598,539387083,"01598M21:23:12.873","01598 20:35:52",220.96,839.22,,,,"     ",5.10,206.29,2.80
1598,539387084,"01598M21:23:13.847","01598 20:35:53",220.95,839.17,,,,"     ",5.10,205.37,2.79
1598,539387085,"01598M21:23:14.820","01598 20:35:54",220.95,839.23,,,,"     ",5.10,205.96,2.80
1598,539387086,"01598M21:23:15.793","01598 20:35:55",220.94,839.21,,,,"     ",5.10,205.16,2.79
1598,539387087,"01598M21:23:16.766","01598 20:35:55",220.93,839.32,,,,"     ",5.10,204.06,2.77
1598,539387088,"01598M21:23:17.740","01598 20:35:56",220.92,839.30,,,,"     ",5.10,205.94,2.80
1598,539387089,"01598M21:23:18.713","01598 20:35:57",220.90,839.33,,,,"     ",5.10,205.53,2.80
1598,539387090,"01598M21:23:19.686","01598 20:35:58",220.88,839.29,,,,"     ",5.10,206.20,2.81
1598,539387091,"01598M21:23:20.659","01598 20:35:59",220.86,839.31,,,,"     ",5.10,204.19,2.78
1598,539387092,"01598M21:23:21.633","01598 20:36:00",220.84,839.22,,,,"     ",5.10,204.76,2.79
1598,539387093,"01598M21:23:22.606","01598 20:36:01",220.82,839.23,,,,"     ",5.10,204.67,2.78
1598,539387094,"01598M21:23:23.579","01598 20:36:02",220.80,839.21,,,,"     ",5.10,205.63,2.80
1598,539387095,"01598M21:23:24.552","01598 20:36:03",220.79,839.27,,,,"     ",5.10,204.09,2.78
1598,539387096,"01598M21:23:25.526","01598 20:36:04",220.78,839.28,,,,"     ",5.10,205.95,2.80
1598,539387097,"01598M21:23:26.499","01598 20:36:05",220.78,839.23,,,,"     ",5.10,205.15,2.79
1598,539387098,"01598M21:23:27.472","01598 20:36:06",220.78,839.27,,,,"     ",5.10,205.40,2.80
1598,539387099,"01598M21:23:28.445","01598 20:36:07",220.80,839.30,,,,"     ",5.10,205.33,2.80
1598,539387100,"01598M21:23:29.419","01598 20:36:08",220.81,839.28,,,,"     ",5.10,206.09,2.81
1598,539387101,"01598M21:23:30.392","01598 20:36:09",220.83,839.25,,,,"     ",5.10,205.44,2.80
1598,539387102,"01598M21:23:31.365","01598 20:36:10",220.86,839.29,,,,"     ",5.10,204.54,2.79
1598,539387103,"01598M21:23:32.338","01598 20:36:11",220.88,839.29,,,,"     ",5.10,205.06,2.80
1598,539387104,"01598M21:23:33.312","01598 20:36:12",220.91,839.33,,,,"     ",5.10,204.80,2.79
1598,539387105,"01598M21:23:34.285","01598 20:36:13",220.92,839.29,,,,"     ",5.10,204.57,2.79
1598,539387106,"01598M21:23:35.258","01598 20:36:14",220.94,839.37,,,,"     ",5.10,204.03,2.78
1598,539387107,"01598M21:23:36.231","01598 20:36:15",220.95,839.43,,,,"     ",5.10,204.06,2.78
1598,539387108,"01598M21:23:37.205","01598 20:36:16",220.96,839.33,,,,"     ",5.10,204.52,2.79
1598,539387109,"01598M21:23:38.178","01598 20:36:17",220.96,839.31,,,,"     ",5.10,204.70,2.79
1598,539387110,"01598M21:23:39.151","01598 20:36:18",220.97,839.32,,,,"     ",5.10,204.06,2.79
1598,539387111,"01598M21:23:40.124","01598 20:36:19",220.98,839.34,,,,"     ",5.10,204.70,2.79
1598,539387112,"01598M21:23:41.098","01598 20:36:20",221.00,839.34,,,,"     ",5.10,206.70,2.82
1598,539387113,"01598M21:23:42.071","01598 20:36:21",221.03,839.38,,,,"     ",5.10,204.65,2.80
1598,539387114,"01598M21:23:43.044","01598 20:36:22",221.05,839.42,,,,"     ",5.10,205.10,2.80
1598,539387115,"01598M21:23:44.017","01598 20:36:23",221.08,839.42,,,,"     ",5.10,204.42,2.79
1598,539387116,"01598M21:23:44.991","01598 20:36:24",221.11,839.39,,,,"     ",5.10,203.54,2.78
1598,539387117,"01598M21:23:45.964","01598 20:36:25",221.13,839.39,,,,"     ",5.10,203.71,2.78
1598,539387118,"01598M21:23:46.937","01598 20:36:26",221.15,839.36,,,,"     ",5.10,202.73,2.77
1598,539387119,"01598M21:23:47.910","01598 20:36:27",221.18,839.36,,,,"     ",5.10,203.75,2.79
1598,539387120,"01598M21:23:48.884","01598 20:36:28",221.20,839.35,,,,"     ",5.10,205.04,2.80
1598,539387121,"01598M21:23:49.857","01598 20:36:29",221.22,839.31,,,,"     ",5.10,203.44,2.78
1598,539387122,"01598M21:23:50.830","01598 20:36:30",221.24,839.37,,,,"     ",5.10,202.35,2.77
1598,539387123,"01598M21:23:51.803","01598 20:36:31",221.27,839.40,,,,"     ",5.10,204.36,2.80
1598,539387124,"01598M21:23:52.777","01598 20:36:31",221.30,839.42,,,,"     ",5.10,203.63,2.79
1598,539387125,"01598M21:23:53.750","01598 20:36:32",221.33,839.40,,,,"     ",5.10,203.49,2.79
1598,539387126,"01598M21:23:54.723","01598 20:36:33",221.35,839.36,,,,"     ",5.10,201.88,2.76
1598,539387127,"01598M21:23:55.696","01598 20:36:34",221.38,839.43,,,,"     ",5.10,204.86,2.81
1598,539387128,"01598M21:23:56.670","01598 20:36:35",221.40,839.40,,,,"     ",5.10,203.69,2.79
1598,539387129,"01598M21:23:57.643","01598 20:36:36",221.44,839.48,,,,"     ",5.10,204.85,2.81
1598,539387130,"01598M21:23:58.616","01598 20:36:37",221.48,839.50,,,,"     ",5.10,204.03,2.79
1598,539387131,"01598M21:23:59.589","01598 20:36:38",221.54,839.45,,,,"     ",5.10,204.95,2.81
1598,539387132,"01598M21:24:00.563","01598 20:36:39",221.60,839.47,,,,"     ",5.10,204.80,2.81
1598,539387133,"01598M21:24:01.536","01598 20:36:40",221.66,839.41,,,,"     ",5.10,204.78,2.81
1598,539387134,"01598M21:24:02.509","01598 20:36:41",221.73,839.52,,,,"     ",5.10,202.70,2.78
1598,539387135,"01598M21:24:03.482","01598 20:36:42",221.80,839.50,,,,"     ",5.10,204.80,2.81
1598,539387136,"01598M21:24:04.456","01598 20:36:43",221.87,839.45,,,,"     ",5.10,205.55,2.82
1598,539387137,"01598M21:24:05.429","01598 20:36:44",221.93,839.48,,,,"     ",5.10,202.93,2.78
1598,539387138,"01598M21:24:06.402","01598 20:36:45",221.99,839.45,,,,"     ",5.10,205.64,2.82
1598,539387139,"01598M21:24:07.376","01598 20:36:46",222.05,839.46,,,,"     ",5.10,204.36,2.80
1598,539387140,"01598M21:24:08.349","01598 20:36:47",222.11,839.47,,,,"     ",5.10,203.74,2.79
1598,539387141,"01598M21:24:09.322","01598 20:36:48",222.16,839.53,,,,"     ",5.10,203.65,2.79
1598,539387142,"01598M21:24:10.295","01598 20:36:49",222.20,839.51,,,,"     ",5.10,205.35,2.82
1598,539387143,"01598M21:24:11.269","01598 20:36:50",222.23,839.42,,,,"     ",5.10,204.97,2.81
1598,539387144,"01598M21:24:12.242","01598 20:36:51",222.26,839.47,,,,"     ",5.10,205.31,2.82
1598,539387145,"01598M21:24:13.215","01598 20:36:52",222.27,839.41,,,,"     ",5.10,205.43,2.82
1598,539387146,"01598M21:24:14.188","01598 20:36:53",222.28,839.51,,,,"     ",5.10,205.80,2.82
1598,539387147,"01598M21:24:15.162","01598 20:36:54",222.28,839.51,,,,"     ",5.10,204.62,2.81
1598,539387148,"01598M21:24:16.135","01598 20:36:55",222.27,839.55,,,,"     ",5.10,205.38,2.82
1598,539387149,"01598M21:24:17.108","01598 20:36:56",222.26,839.55,,,,"     ",5.10,204.37,2.80
1598,539387150,"01598M21:24:18.081","01598 20:36:57",222.26,839.55,,,,"     ",5.10,204.23,2.80
1598,539387151,"01598M21:24:19.055","01598 20:36:58",222.27,839.55,,,,"     ",5.10,205.48,2.82
1598,539387152,"01598M21:24:20.028","01598 20:36:59",222.29,839.51,,,,"     ",5.10,203.70,2.79
1598,539387153,"01598M21:24:21.001","01598 20:37:00",222.32,839.46,,,,"     ",5.10,206.10,2.83
1598,539387154,"01598M21:24:21.974","01598 20:37:01",222.36,839.53,,,,"     ",5.10,204.40,2.81
1598,539387155,"01598M21:24:22.948","01598 20:37:02",222.40,839.59,,,,"     ",5.10,204.75,2.81
1598,539387156,"01598M21:24:23.921","01598 20:37:03",222.43,839.50,,,,"     ",5.10,203.84,2.80
1598,539387157,"01598M21:24:24.894","01598 20:37:04",222.46,839.54,,,,"     ",5.10,204.82,2.81
1598,539387158,"01598M21:24:25.867","01598 20:37:05",222.47,839.56,,,,"     ",5.10,205.42,2.82
1598,539387159,"01598M21:24:26.841","01598 20:37:06",222.46,839.59,,,,"     ",5.10,205.44,2.82
1598,539387160,"01598M21:24:27.814","01598 20:37:07",222.45,839.59,,,,"     ",5.10,205.78,2.83
1598,539387161,"01598M21:24:28.787","01598 20:37:07",222.42,839.56,,,,"     ",5.10,204.28,2.80
1598,539387162,"01598M21:24:29.760","01598 20:37:08",222.38,839.58,,,,"     ",5.10,204.78,2.81
1598,539387163,"01598M21:24:30.734","01598 20:37:09",222.33,839.58,,,,"     ",5.10,204.66,2.81
1598,539387164,"01598M21:24:31.707","01598 20:37:10",222.26,839.61,,,,"     ",5.10,203.21,2.79
1598,539387165,"01598M21:24:32.680","01598 20:37:11",222.19,839.65,,,,"     ",5.10,204.78,2.81
1598,539387166,"01598M21:24:33.653","01598 20:37:12",222.13,839.53,,,,"     ",5.10,203.71,2.80
1598,539387167,"01598M21:24:34.627","01598 20:37:13",222.06,839.55,,,,"     ",5.10,204.15,2.80
1598,539387168,"01598M21:24:35.600","01598 20:37:14",222.00,839.45,,,,"     ",5.10,206.64,2.84
1598,539387169,"01598M21:24:36.573","01598 20:37:15",221.94,839.56,,,,"     ",5.10,204.14,2.80
1598,539387170,"01598M21:24:37.546","01598 20:37:16",221.88,839.55,,,,"     ",5.10,205.38,2.82
1598,539387171,"01598M21:24:38.520","01598 20:37:17",221.83,839.62,,,,"     ",5.10,203.83,2.80
1598,539387172,"01598M21:24:39.493","01598 20:37:18",221.78,839.54,,,,"     ",5.10,204.21,2.81
1598,539387173,"01598M21:24:40.466","01598 20:37:19",221.75,839.57,,,,"     ",5.10,204.61,2.81
1598,539387174,"01598M21:24:41.439","01598 20:37:20",221.73,839.59,,,,"     ",5.10,204.95,2.82
1598,539387175,"01598M21:24:42.413","01598 20:37:21",221.73,839.58,,,,"     ",5.10,204.70,2.81
1598,539387176,"01598M21:24:43.386","01598 20:37:22",221.74,839.53,,,,"     ",5.10,205.57,2.83
1598,539387177,"01598M21:24:44.359","01598 20:37:23",221.77,839.45,,,,"     ",5.10,204.11,2.81
1598,539387178,"01598M21:24:45.332","01598 20:37:24",221.81,839.47,,,,"     ",5.10,206.62,2.84
1598,539387179,"01598M21:24:46.306","01598 20:37:25",221.87,839.46,,,,"     ",5.10,205.53,2.83
1598,539387180,"01598M21:24:47.279","01598 20:37:26",221.92,839.46,,,,"     ",5.10,206.92,2.85
1598,539387181,"01598M21:24:48.252","01598 20:37:27",221.98,839.49,,,,"     ",5.10,207.47,2.85
1598,539387182,"01598M21:24:49.225","01598 20:37:28",222.04,839.47,,,,"     ",5.10,208.36,2.87
1598,539387183,"01598M21:24:50.199","01598 20:37:29",222.08,839.49,,,,"     ",5.10,208.76,2.87
1598,539387184,"01598M21:24:51.172","01598 20:37:30",222.11,839.49,,,,"     ",5.10,207.51,2.85
1598,539387185,"01598M21:24:52.145","01598 20:37:31",222.13,839.54,,,,"     ",5.10,208.72,2.87
1598,539387186,"01598M21:24:53.118","01598 20:37:32",222.13,839.53,,,,"     ",5.10,208.12,2.86
1598,539387187,"01598M21:24:54.092","01598 20:37:33",222.12,839.52,,,,"     ",5.10,206.95,2.85
1598,539387188,"01598M21:24:55.065","01598 20:37:34",222.11,839.50,,,,"     ",5.10,205.27,2.82
1598,539387189,"01598M21:24:56.038","01598 20:37:35",222.10,839.52,,,,"     ",5.10,206.68,2.84
1598,539387190,"01598M21:24:57.011","01598 20:37:36",222.09,839.55,,,,"     ",5.10,207.07,2.85
1598,539387191,"01598M21:24:57.985","01598 20:37:37",222.08,839.49,,,,"     ",5.10,207.49,2.86
1598,539387192,"01598M21:24:58.958","01598 20:37:38",222.08,839.50,,,,"     ",5.10,207.31,2.85
1598,539387193,"01598M21:24:59.931","01598 20:37:39",222.08,839.54,,,,"     ",5.10,207.75,2.86
1598,539387194,"01598M21:25:00.904","01598 20:37:40",222.09,839.54,,,,"     ",5.10,206.99,2.85
1598,539387195,"01598M21:25:01.878","01598 20:37:41",222.10,839.55,,,,"     ",5.10,207.91,2.86
1598,539387196,"01598M21:25:02.851","01598 20:37:42",222.11,839.51,,,,"     ",5.10,206.84,2.85
1598,539387197,"01598M21:25:03.824","01598 20:37:43",222.12,839.49,,,,"     ",5.10,208.63,2.87
1598,539387198,"01598M21:25:04.797","01598 20:37:43",222.14,839.53,,,,"     ",5.10,207.29,2.86
1598,539387199,"01598M21:25:05.771","01598 20:37:44",222.15,839.57,,,,"     ",5.10,209.12,2.88
1598,539387200,"01598M21:25:06.744","01598 20:37:45",222.16,839.58,,,,"     ",5.10,208.78,2.88
1598,539387201,"01598M21:25:07.717","01598 20:37:46",222.17,839.62,,,,"     ",5.10,206.97,2.85
1598,539387202,"01598M21:25:08.690","01598 20:37:47",222.18,839.59,,,,"     ",5.10,208.80,2.88
1598,539387203,"01598M21:25:09.664","01598 20:37:48",222.19,839.52,,,,"     ",5.10,207.24,2.86
1598,539387204,"01598M21:25:10.637","01598 20:37:49",222.19,839.50,,,,"     ",5.10,207.09,2.85
1598,539387205,"01598M21:25:11.610","01598 20:37:50",222.19,839.50,,,,"     ",5.10,206.83,2.85
1598,539387206,"01598M21:25:12.583","01598 20:37:51",222.17,839.49,,,,"     ",5.10,206.71,2.85
1598,539387207,"01598M21:25:13.557","01598 20:37:52",222.13,839.51,,,,"     ",5.10,206.15,2.84
1598,539387208,"01598M21:25:14.530","01598 20:37:53",222.07,839.55,,,,"     ",5.10,207.28,2.86
1598,539387209,"01598M21:25:15.503","01598 20:37:54",222.01,839.50,,,,"     ",5.10,207.29,2.86
1598,539387210,"01598M21:25:16.477","01598 20:37:55",221.93,839.52,,,,"     ",5.10,206.48,2.85
1598,539387211,"01598M21:25:17.450","01598 20:37:56",221.84,839.56,,,,"     ",5.10,208.49,2.88
1598,539387212,"01598M21:25:18.423","01598 20:37:57",221.75,839.53,,,,"     ",5.10,206.39,2.85
1598,539387213,"01598M21:25:19.396","01598 20:37:58",221.67,839.68,,,,"     ",5.10,206.86,2.86
1598,539387214,"01598M21:25:20.370","01598 20:37:59",221.60,839.60,,,,"     ",5.10,205.63,2.84
1598,539387215,"01598M21:25:21.343","01598 20:38:00",221.55,839.56,,,,"     ",5.10,207.34,2.86
1598,539387216,"01598M21:25:22.316","01598 20:38:01",221.51,839.66,,,,"     ",5.10,206.91,2.86
1598,539387217,"01598M21:25:23.289","01598 20:38:02",221.49,839.56,,,,"     ",5.10,208.09,2.87
1598,539387218,"01598M21:25:24.263","01598 20:38:03",221.48,839.55,,,,"     ",5.10,207.30,2.86
1598,539387219,"01598M21:25:25.236","01598 20:38:04",221.48,839.57,,,,"     ",5.10,206.61,2.85
1598,539387220,"01598M21:25:26.209","01598 20:38:05",221.48,839.59,,,,"     ",5.10,205.42,2.84
1598,539387221,"01598M21:25:27.182","01598 20:38:06",221.48,839.57,,,,"     ",5.10,207.18,2.86
1598,539387222,"01598M21:25:28.156","01598 20:38:07",221.48,839.55,,,,"     ",5.10,206.90,2.86
1598,539387223,"01598M21:25:29.129","01598 20:38:08",221.48,839.48,,,,"     ",5.10,206.92,2.86
1598,539387224,"01598M21:25:30.102","01598 20:38:09",221.50,839.49,,,,"     ",5.10,205.18,2.84
1598,539387225,"01598M21:25:31.075","01598 20:38:10",221.51,839.50,,,,"     ",5.10,205.88,2.85
1598,539387226,"01598M21:25:32.049","01598 20:38:11",221.53,839.54,,,,"     ",5.10,207.35,2.87
1598,539387227,"01598M21:25:33.022","01598 20:38:12",221.55,839.61,,,,"     ",5.10,205.85,2.85
1598,539387228,"01598M21:25:33.995","01598 20:38:13",221.58,839.59,,,,"     ",5.10,205.19,2.84
1598,539387229,"01598M21:25:34.968","01598 20:38:14",221.61,839.54,,,,"     ",5.10,204.62,2.83
1598,539387230,"01598M21:25:35.942","01598 20:38:15",221.65,839.52,,,,"     ",5.10,206.51,2.86
1598,539387231,"01598M21:25:36.915","01598 20:38:16",221.68,839.56,,,,"     ",5.10,205.59,2.84
1598,539387232,"01598M21:25:37.888","01598 20:38:17",221.72,839.57,,,,"     ",5.10,204.65,2.83
1598,539387233,"01598M21:25:38.861","01598 20:38:18",221.77,839.55,,,,"     ",5.10,204.76,2.83
1598,539387234,"01598M21:25:39.835","01598 20:38:19",221.81,839.58,,,,"     ",5.10,206.20,2.85
1598,539387235,"01598M21:25:40.808","01598 20:38:19",221.86,839.59,,,,"     ",5.10,205.00,2.84
1598,539387236,"01598M21:25:41.781","01598 20:38:20",221.91,839.69,,,,"     ",5.10,205.68,2.85
1598,539387237,"01598M21:25:42.754","01598 20:38:21",221.96,839.58,,,,"     ",5.10,204.42,2.83
1598,539387238,"01598M21:25:43.728","01598 20:38:22",222.01,839.61,,,,"     ",5.10,204.44,2.83
1598,539387239,"01598M21:25:44.701","01598 20:38:23",222.07,839.55,,,,"     ",5.10,205.39,2.84
1598,539387240,"01598M21:25:45.674","01598 20:38:24",222.13,839.57,,,,"     ",5.10,204.43,2.83
1598,539387241,"01598M21:25:46.647","01598 20:38:25",221.35,839.61,,,,"     ",5.10,204.32,2.83
1598,539387242,"01598M21:25:47.621","01598 20:38:26",221.40,839.58,,,,"     ",5.10,205.00,2.84
1598,539387243,"01598M21:25:48.594","01598 20:38:27",221.44,839.58,,,,"     ",5.10,203.67,2.82
1598,539387244,"01598M21:25:49.567","01598 20:38:28",221.48,839.62,,,,"     ",5.10,205.25,2.84
1598,539387245,"01598M21:25:50.540","01598 20:38:29",221.51,839.63,,,,"     ",5.10,205.56,2.85
1598,539387246,"01598M21:25:51.514","01598 20:38:30",221.53,839.50,,,,"     ",5.10,203.81,2.82
1598,539387247,"01598M21:25:52.487","01598 20:38:31",221.54,839.55,,,,"     ",5.10,204.17,2.83
1598,539387248,"01598M21:25:53.460","01598 20:38:32",221.55,839.57,,,,"     ",5.10,204.89,2.84
1598,539387249,"01598M21:25:54.433","01598 20:38:33",221.56,839.53,,,,"     ",5.10,206.06,2.86
1598,539387250,"01598M21:25:55.407","01598 20:38:34",221.56,839.59,,,,"     ",5.10,204.26,2.83
1598,539387251,"01598M21:25:56.380","01598 20:38:35",221.55,839.60,,,,"     ",5.10,205.03,2.84
1598,539387252,"01598M21:25:57.353","01598 20:38:36",221.54,839.70,,,,"     ",5.10,204.15,2.83
1598,539387253,"01598M21:25:58.326","01598 20:38:37",221.53,839.65,,,,"     ",5.10,203.56,2.82
1598,539387254,"01598M21:25:59.300","01598 20:38:38",221.50,839.64,,,,"     ",5.10,205.48,2.85
1598,539387255,"01598M21:26:00.273","01598 20:38:39",221.48,839.66,,,,"     ",5.10,204.63,2.84
1598,539387256,"01598M21:26:01.246","01598 20:38:40",221.45,839.68,,,,"     ",5.10,203.50,2.83
1598,539387257,"01598M21:26:02.219","01598 20:38:41",221.42,839.74,,,,"     ",5.10,204.83,2.84
1598,539387258,"01598M21:26:03.193","01598 20:38:42",221.38,839.69,,,,"     ",5.10,204.22,2.84
1598,539387259,"01598M21:26:04.166","01598 20:38:43",221.33,839.73,,,,"     ",5.10,203.76,2.83
1598,539387260,"01598M21:26:05.139","01598 20:38:44",221.28,839.69,,,,"     ",5.10,203.11,2.82
1598,539387261,"01598M21:26:06.112","01598 20:38:45",221.23,839.64,,,,"     ",5.10,202.42,2.81
1598,539387262,"01598M21:26:07.086","01598 20:38:46",221.19,839.64,,,,"     ",5.10,203.56,2.83
1598,539387263,"01598M21:26:08.059","01598 20:38:47",221.15,839.63,,,,"     ",5.10,202.63,2.81
1598,539387264,"01598M21:26:09.032","01598 20:38:48",221.10,839.58,,,,"     ",5.10,202.67,2.82
1598,539387265,"01598M21:26:10.005","01598 20:38:49",221.05,839.54,,,,"     ",5.10,203.46,2.83
1598,539387266,"01598M21:26:10.979","01598 20:38:50",221.01,839.61,,,,"     ",5.10,202.72,2.82
1598,539387267,"01598M21:26:11.952","01598 20:38:51",220.97,839.68,,,,"     ",5.10,200.26,2.78
1598,539387268,"01598M21:26:12.925","01598 20:38:52",220.94,839.60,,,,"     ",5.10,203.89,2.84
1598,539387269,"01598M21:26:13.898","01598 20:38:53",220.91,839.66,,,,"     ",5.10,203.37,2.83
1598,539387270,"01598M21:26:14.872","01598 20:38:54",220.89,839.70,,,,"     ",5.10,202.57,2.82
1598,539387271,"01598M21:26:15.845","01598 20:38:55",220.86,839.68,,,,"     ",5.10,200.92,2.79
1598,539387272,"01598M21:26:16.818","01598 20:38:55",220.82,839.73,,,,"     ",5.10,203.11,2.83
1598,539387273,"01598M21:26:17.791","01598 20:38:56",220.78,839.73,,,,"     ",5.10,201.10,2.80
1598,539387274,"01598M21:26:18.765","01598 20:38:57",220.73,839.79,,,,"     ",5.10,202.26,2.82
1598,539387275,"01598M21:26:19.738","01598 20:38:58",220.67,839.75,,,,"     ",5.10,201.16,2.80
1598,539387276,"01598M21:26:20.711","01598 20:38:59",220.60,839.73,,,,"     ",5.10,202.15,2.82
1598,539387277,"01598M21:26:21.684","01598 20:39:00",220.52,839.70,,,,"     ",5.10,200.48,2.79
1598,539387278,"01598M21:26:22.658","01598 20:39:01",220.44,839.68,,,,"     ",5.10,201.35,2.81
1598,539387279,"01598M21:26:23.631","01598 20:39:02",220.36,839.69,,,,"     ",5.10,199.71,2.78
1598,539387280,"01598M21:26:24.604","01598 20:39:03",220.29,839.68,,,,"     ",5.10,202.14,2.82
1598,539387281,"01598M21:26:25.577","01598 20:39:04",220.23,839.63,,,,"     ",5.10,201.57,2.81
1598,539387282,"01598M21:26:26.551","01598 20:39:05",220.20,839.69,,,,"     ",5.10,200.98,2.80
1598,539387283,"01598M21:26:27.524","01598 20:39:06",220.19,839.74,,,,"     ",5.10,202.07,2.82
1598,539387284,"01598M21:26:28.497","01598 20:39:07",220.20,839.70,,,,"     ",5.10,201.44,2.81
1598,539387285,"01598M21:26:29.471","01598 20:39:08",220.22,839.71,,,,"     ",5.10,200.95,2.80
1598,539387286,"01598M21:26:30.444","01598 20:39:09",220.25,839.74,,,,"     ",5.10,199.09,2.78
1598,539387287,"01598M21:26:31.417","01598 20:39:10",220.28,839.67,,,,"     ",5.10,202.14,2.82
1598,539387288,"01598M21:26:32.390","01598 20:39:11",220.30,839.70,,,,"     ",5.10,201.07,2.81
1598,539387289,"01598M21:26:33.364","01598 20:39:12",220.32,839.74,,,,"     ",5.10,201.11,2.81
1598,539387290,"01598M21:26:34.337","01598 20:39:13",220.33,839.75,,,,"     ",5.10,201.02,2.81
1598,539387291,"01598M21:26:35.310","01598 20:39:14",220.33,839.78,,,,"     ",5.10,200.45,2.80
1598,539387292,"01598M21:26:36.283","01598 20:39:15",220.35,839.78,,,,"     ",5.10,201.29,2.81
1598,539387293,"01598M21:26:37.257","01598 20:39:16",220.38,839.82,,,,"     ",5.10,198.36,2.77
1598,539387294,"01598M21:26:38.230","01598 20:39:17",220.42,839.81,,,,"     ",5.10,200.83,2.81
1598,539387295,"01598M21:26:39.203","01598 20:39:18",220.47,839.82,,,,"     ",5.10,201.25,2.81
1598,539387296,"01598M21:26:40.176","01598 20:39:19",220.53,839.80,,,,"     ",5.10,201.01,2.81
1598,539387297,"01598M21:26:41.150","01598 20:39:20",220.59,839.86,,,,"     ",5.10,201.26,2.82
1598,539387298,"01598M21:26:42.123","01598 20:39:21",220.65,839.86,,,,"     ",5.10,201.69,2.82
1598,539387299,"01598M21:26:43.096","01598 20:39:22",220.69,839.88,,,,"     ",5.10,200.43,2.80
1598,539387300,"01598M21:26:44.069","01598 20:39:23",220.72,839.93,,,,"     ",5.10,200.46,2.80
1598,539387301,"01598M21:26:45.043","01598 20:39:24",220.75,839.98,,,,"     ",5.10,199.22,2.79
1598,539387302,"01598M21:26:46.016","01598 20:39:25",220.76,839.87,,,,"     ",5.10,199.50,2.79
1598,539387303,"01598M21:26:46.989","01598 20:39:26",220.77,839.82,,,,"     ",5.10,201.86,2.83
1598,539387304,"01598M21:26:47.962","01598 20:39:27",220.78,839.89,,,,"     ",5.10,200.77,2.81
1598,539387305,"01598M21:26:48.936","01598 20:39:28",220.78,839.85,,,,"     ",5.10,199.40,2.79
1598,539387306,"01598M21:26:49.909","01598 20:39:29",220.79,839.84,,,,"     ",5.10,200.33,2.81
1598,539387307,"01598M21:26:50.882","01598 20:39:30",220.79,839.85,,,,"     ",5.10,200.46,2.81
1598,539387308,"01598M21:26:51.855","01598 20:39:31",220.80,839.91,,,,"     ",5.10,199.41,2.79
1598,539387309,"01598M21:26:52.829","01598 20:39:31",220.80,839.83,,,,"     ",5.10,200.48,2.81
1598,539387310,"01598M21:26:53.802","01598 20:39:32",220.79,839.82,,,,"     ",5.10,200.23,2.81
1598,539387311,"01598M21:26:54.775","01598 20:39:33",220.77,839.88,,,,"     ",5.10,200.35,2.81
1598,539387312,"01598M21:26:55.748","01598 20:39:34",220.74,839.83,,,,"     ",5.10,200.40,2.81
1598,539387313,"01598M21:26:56.722","01598 20:39:35",220.70,839.94,,,,"     ",5.10,200.21,2.81
1598,539387314,"01598M21:26:57.695","01598 20:39:36",220.65,840.00,,,,"     ",5.10,198.70,2.79
1598,539387315,"01598M21:26:58.668","01598 20:39:37",220.61,839.95,,,,"     ",5.10,199.49,2.80
1598,539387316,"01598M21:26:59.641","01598 20:39:38",220.57,839.97,,,,"     ",5.10,199.53,2.80
1598,539387317,"01598M21:27:00.615","01598 20:39:39",220.54,839.90,,,,"     ",5.10,200.18,2.81
1598,539387318,"01598M21:27:01.588","01598 20:39:40",220.52,839.85,,,,"     ",5.10,200.64,2.82
1598,539387319,"01598M21:27:02.561","01598 20:39:41",220.52,839.88,,,,"     ",5.10,200.24,2.81
1598,539387320,"01598M21:27:03.534","01598 20:39:42",220.54,839.94,,,,"     ",5.10,200.05,2.81
1598,539387321,"01598M21:27:04.508","01598 20:39:43",220.58,840.02,,,,"     ",5.10,200.88,2.82
1598,539387322,"01598M21:27:05.481","01598 20:39:44",220.65,840.03,,,,"     ",5.10,198.57,2.79
1598,539387323,"01598M21:27:06.454","01598 20:39:45",220.72,840.08,,,,"     ",5.10,197.86,2.78
1598,539387324,"01598M21:27:07.427","01598 20:39:46",220.80,839.97,,,,"     ",5.10,198.04,2.78
1598,539387325,"01598M21:27:08.401","01598 20:39:47",220.88,839.97,,,,"     ",5.10,198.72,2.79
1598,539387326,"01598M21:27:09.374","01598 20:39:48",220.94,839.96,,,,"     ",5.10,197.98,2.78
1598,539387327,"01598M21:27:10.347","01598 20:39:49",220.99,840.09,,,,"     ",5.10,197.87,2.78
1598,539387328,"01598M21:27:11.320","01598 20:39:50",221.02,840.00,,,,"     ",5.10,198.10,2.79
1598,539387329,"01598M21:27:12.294","01598 20:39:51",221.04,839.97,,,,"     ",5.10,198.86,2.80
1598,539387330,"01598M21:27:13.267","01598 20:39:52",221.05,840.00,,,,"     ",5.10,199.52,2.81
1598,539387331,"01598M21:27:14.240","01598 20:39:53",221.06,840.01,,,,"     ",5.10,196.98,2.77
1598,539387332,"01598M21:27:15.213","01598 20:39:54",221.06,840.06,,,,"     ",5.10,197.82,2.78
1598,539387333,"01598M21:27:16.187","01598 20:39:55",221.06,840.07,,,,"     ",5.10,197.82,2.78
1598,539387334,"01598M21:27:17.160","01598 20:39:56",221.06,840.02,,,,"     ",5.10,198.71,2.80
1598,539387335,"01598M21:27:18.133","01598 20:39:57",221.07,840.00,,,,"     ",5.10,197.96,2.79
1598,539387336,"01598M21:27:19.106","01598 20:39:58",221.07,839.96,,,,"     ",5.10,199.19,2.80
1598,539387337,"01598M21:27:20.080","01598 20:39:59",221.07,840.01,,,,"     ",5.10,197.15,2.78
1598,539387338,"01598M21:27:21.053","01598 20:40:00",221.07,840.00,,,,"     ",5.10,198.23,2.79
1598,539387339,"01598M21:27:22.026","01598 20:40:01",221.07,840.07,,,,"     ",5.10,197.83,2.79
1598,539387340,"01598M21:27:22.999","01598 20:40:02",221.08,839.99,,,,"     ",5.10,199.18,2.81
1598,539387341,"01598M21:27:23.973","01598 20:40:03",221.10,840.05,,,,"     ",5.10,199.07,2.80
1598,539387342,"01598M21:27:24.946","01598 20:40:04",221.11,840.13,,,,"     ",5.10,198.32,2.79
1598,539387343,"01598M21:27:25.919","01598 20:40:05",221.12,840.11,,,,"     ",5.10,200.05,2.82
1598,539387344,"01598M21:27:26.892","01598 20:40:06",221.14,840.09,,,,"     ",5.10,199.68,2.81
1598,539387345,"01598M21:27:27.866","01598 20:40:07",221.17,840.09,,,,"     ",5.10,197.84,2.79
1598,539387346,"01598M21:27:28.839","01598 20:40:08",221.20,840.10,,,,"     ",5.10,199.36,2.81
1598,539387347,"01598M21:27:29.812","01598 20:40:08",221.23,840.04,,,,"     ",5.10,199.45,2.81
1598,539387348,"01598M21:27:30.785","01598 20:40:09",221.27,840.13,,,,"     ",5.10,199.12,2.81
1598,539387349,"01598M21:27:31.759","01598 20:40:10",221.30,840.08,,,,"     ",5.10,199.97,2.82
1598,539387350,"01598M21:27:32.732","01598 20:40:11",221.34,840.04,,,,"     ",5.10,200.23,2.82
1598,539387351,"01598M21:27:33.705","01598 20:40:12",221.37,840.07,,,,"     ",5.10,199.56,2.81
1598,539387352,"01598M21:27:34.678","01598 20:40:13",221.39,840.07,,,,"     ",5.10,199.89,2.82
1598,539387353,"01598M21:27:35.652","01598 20:40:14",221.39,840.10,,,,"     ",5.10,200.17,2.82
1598,539387354,"01598M21:27:36.625","01598 20:40:15",221.39,840.15,,,,"     ",5.10,199.08,2.81
1598,539387355,"01598M21:27:37.598","01598 20:40:16",221.37,840.12,,,,"     ",5.10,199.77,2.82
1598,539387356,"01598M21:27:38.572","01598 20:40:17",221.34,840.07,,,,"     ",5.10,199.93,2.82
1598,539387357,"01598M21:27:39.545","01598 20:40:18",221.30,840.06,,,,"     ",5.10,199.32,2.81
1598,539387358,"01598M21:27:40.518","01598 20:40:19",221.26,840.08,,,,"     ",5.10,199.48,2.82
1598,539387359,"01598M21:27:41.491","01598 20:40:20",221.21,840.06,,,,"     ",5.10,198.35,2.80
1598,539387360,"01598M21:27:42.465","01598 20:40:21",221.16,840.10,,,,"     ",5.10,199.98,2.82
1598,539387361,"01598M21:27:43.438","01598 20:40:22",221.11,840.11,,,,"     ",5.10,199.96,2.82
1598,539387362,"01598M21:27:44.411","01598 20:40:23",221.06,840.14,,,,"     ",5.10,200.22,2.83
1598,539387363,"01598M21:27:45.384","01598 20:40:24",221.01,840.18,,,,"     ",5.10,201.30,2.84
1598,539387364,"01598M21:27:46.358","01598 20:40:25",220.96,840.12,,,,"     ",5.10,201.17,2.84
1598,539387365,"01598M21:27:47.331","01598 20:40:26",220.92,840.16,,,,"     ",5.10,200.63,2.83
1598,539387366,"01598M21:27:48.304","01598 20:40:27",220.88,840.11,,,,"     ",5.10,200.57,2.83
1598,539387367,"01598M21:27:49.277","01598 20:40:28",220.86,840.07,,,,"     ",5.10,200.07,2.83
1598,539387368,"01598M21:27:50.251","01598 20:40:29",220.84,840.13,,,,"     ",5.10,200.34,2.83
1598,539387369,"01598M21:27:51.224","01598 20:40:30",220.85,840.08,,,,"     ",5.10,200.13,2.83
1598,539387370,"01598M21:27:52.197","01598 20:40:31",220.86,840.12,,,,"     ",5.10,201.28,2.84
1598,539387371,"01598M21:27:53.170","01598 20:40:32",220.88,840.15,,,,"     ",5.10,199.56,2.82
1598,539387372,"01598M21:27:54.144","01598 20:40:33",220.91,840.09,,,,"     ",5.10,198.89,2.81
1598,539387373,"01598M21:27:55.117","01598 20:40:34",220.94,840.11,,,,"     ",5.10,200.10,2.83
1598,539387374,"01598M21:27:56.090","01598 20:40:35",220.96,840.14,,,,"     ",5.10,199.57,2.82
1598,539387375,"01598M21:27:57.063","01598 20:40:36",221.00,840.08,,,,"     ",5.10,199.85,2.83
1598,539387376,"01598M21:27:58.037","01598 20:40:37",221.04,840.17,,,,"     ",5.10,199.50,2.82
1598,539387377,"01598M21:27:59.010","01598 20:40:38",221.08,840.17,,,,"     ",5.10,200.99,2.84
1598,539387378,"01598M21:27:59.983","01598 20:40:39",221.12,840.17,,,,"     ",5.10,198.69,2.81
1598,539387379,"01598M21:28:00.956","01598 20:40:40",221.17,840.16,,,,"     ",5.10,200.11,2.83
1598,539387380,"01598M21:28:01.930","01598 20:40:41",221.21,840.19,,,,"     ",5.10,200.20,2.83
1598,539387381,"01598M21:28:02.903","01598 20:40:42",221.26,840.17,,,,"     ",5.10,200.38,2.83
1598,539387382,"01598M21:28:03.876","01598 20:40:43",221.32,840.23,,,,"     ",5.10,201.76,2.86
1598,539387383,"01598M21:28:04.849","01598 20:40:44",221.38,840.19,,,,"     ",5.10,201.45,2.85
1598,539387384,"01598M21:28:05.823","01598 20:40:44",221.44,840.19,,,,"     ",5.10,199.99,2.83
1598,539387385,"01598M21:28:06.796","01598 20:40:45",221.50,840.20,,,,"     ",5.10,201.57,2.85
1598,539387386,"01598M21:28:07.769","01598 20:40:46",221.56,840.16,,,,"     ",5.10,200.17,2.83
1598,539387387,"01598M21:28:08.742","01598 20:40:47",221.62,840.14,,,,"     ",5.10,200.62,2.84
1598,539387388,"01598M21:28:09.716","01598 20:40:48",221.66,840.15,,,,"     ",5.10,199.77,2.83
1598,539387389,"01598M21:28:10.689","01598 20:40:49",221.70,840.20,,,,"     ",5.10,199.02,2.82
1598,539387390,"01598M21:28:11.662","01598 20:40:50",221.73,840.13,,,,"     ",5.10,201.07,2.85
1598,539387391,"01598M21:28:12.635","01598 20:40:51",221.76,840.30,,,,"     ",5.10,199.19,2.82
1598,539387392,"01598M21:28:13.609","01598 20:40:52",221.78,840.21,,,,"     ",5.10,200.05,2.83
1598,539387393,"01598M21:28:14.582","01598 20:40:53",221.80,840.20,,,,"     ",5.10,198.80,2.82
1598,539387394,"01598M21:28:15.555","01598 20:40:54",221.83,840.20,,,,"     ",5.10,200.32,2.84
1598,539387395,"01598M21:28:16.528","01598 20:40:55",221.85,840.18,,,,"     ",5.10,200.27,2.84
1598,539387396,"01598M21:28:17.502","01598 20:40:56",221.88,840.15,,,,"     ",5.10,199.60,2.83
1598,539387397,"01598M21:28:18.475","01598 20:40:57",221.90,840.12,,,,"     ",5.10,200.59,2.84
1598,539387398,"01598M21:28:19.448","01598 20:40:58",221.91,840.21,,,,"     ",5.10,199.67,2.83
1598,539387399,"01598M21:28:20.421","01598 20:40:59",221.92,840.14,,,,"     ",5.10,199.60,2.83
1598,539387400,"01598M21:28:21.395","01598 20:41:00",221.91,840.14,,,,"     ",5.10,200.76,2.85
1598,539387401,"01598M21:28:22.368","01598 20:41:01",221.90,840.15,,,,"     ",5.10,201.25,2.85
1598,539387402,"01598M21:28:23.341","01598 20:41:02",221.89,840.15,,,,"     ",5.10,200.03,2.83
1598,539387403,"01598M21:28:24.314","01598 20:41:03",221.88,840.19,,,,"     ",5.10,199.67,2.83
1598,539387404,"01598M21:28:25.288","01598 20:41:04",221.88,840.24,,,,"     ",5.10,200.08,2.84
1598,539387405,"01598M21:28:26.261","01598 20:41:05",221.88,840.19,,,,"     ",5.10,200.60,2.84
1598,539387406,"01598M21:28:27.234","01598 20:41:06",221.90,840.15,,,,"     ",5.10,200.60,2.84
1598,539387407,"01598M21:28:28.207","01598 20:41:07",221.92,840.19,,,,"     ",5.10,199.67,2.83
1598,539387408,"01598M21:28:29.181","01598 20:41:08",221.95,840.11,,,,"     ",5.10,199.66,2.83
1598,539387409,"01598M21:28:30.154","01598 20:41:09",221.98,840.23,,,,"     ",5.10,198.89,2.82
1598,539387410,"01598M21:28:31.127","01598 20:41:10",222.02,840.26,,,,"     ",5.10,199.28,2.83
1598,539387411,"01598M21:28:32.100","01598 20:41:11",222.07,840.30,,,,"     ",5.10,200.12,2.84
1598,539387412,"01598M21:28:33.074","01598 20:41:12",222.11,840.17,,,,"     ",5.10,199.34,2.83
1598,539387413,"01598M21:28:34.047","01598 20:41:13",222.15,840.17,,,,"     ",5.10,199.91,2.84
1598,539387414,"01598M21:28:35.020","01598 20:41:14",222.19,840.17,,,,"     ",5.10,201.24,2.85
1598,539387415,"01598M21:28:35.993","01598 20:41:15",222.21,840.13,,,,"     ",5.10,199.87,2.83
1598,539387416,"01598M21:28:36.967","01598 20:41:16",222.23,840.08,,,,"     ",5.10,200.29,2.84
1598,539387417,"01598M21:28:37.940","01598 20:41:17",222.23,840.21,,,,"     ",5.10,200.42,2.84
1598,539387418,"01598M21:28:38.913","01598 20:41:18",222.23,840.22,,,,"     ",5.10,199.61,2.83
1598,539387419,"01598M21:28:39.886","01598 20:41:19",222.22,840.12,,,,"     ",5.10,199.46,2.83
1598,539387420,"01598M21:28:40.860","01598 20:41:20",222.20,840.19,,,,"     ",5.10,199.12,2.82
1598,539387421,"01598M21:28:41.833","01598 20:41:20",222.18,840.30,,,,"     ",5.10,199.52,2.83
1598,539387422,"01598M21:28:42.806","01598 20:41:21",222.16,840.33,,,,"     ",5.10,199.69,2.84
1598,539387423,"01598M21:28:43.779","01598 20:41:22",222.13,840.22,,,,"     ",5.10,199.80,2.84
1598,539387424,"01598M21:28:44.753","01598 20:41:23",222.11,840.18,,,,"     ",5.10,200.72,2.85
1598,539387425,"01598M21:28:45.726","01598 20:41:24",222.09,840.14,,,,"     ",5.10,201.45,2.86
1598,539387426,"01598M21:28:46.699","01598 20:41:25",222.07,840.15,,,,"     ",5.10,199.25,2.83
1598,539387427,"01598M21:28:47.673","01598 20:41:26",222.05,840.16,,,,"     ",5.10,201.32,2.86
1598,539387428,"01598M21:28:48.646","01598 20:41:27",222.02,840.25,,,,"     ",5.10,200.90,2.85
1598,539387429,"01598M21:28:49.619","01598 20:41:28",222.01,840.25,,,,"     ",5.10,201.57,2.86
1598,539387430,"01598M21:28:50.592","01598 20:41:29",221.99,840.33,,,,"     ",5.10,199.99,2.84
1598,539387431,"01598M21:28:51.566","01598 20:41:30",221.99,840.29,,,,"     ",5.10,199.99,2.84
1598,539387432,"01598M21:28:52.539","01598 20:41:31",221.98,840.27,,,,"     ",5.10,201.08,2.86
1598,539387433,"01598M21:28:53.512","01598 20:41:32",221.98,840.24,,,,"     ",5.10,199.94,2.84
1598,539387434,"01598M21:28:54.485","01598 20:41:33",221.98,840.20,,,,"     ",5.10,199.73,2.84
1598,539387435,"01598M21:28:55.459","01598 20:41:34",221.98,840.21,,,,"     ",5.10,201.63,2.87
1598,539387436,"01598M21:28:56.432","01598 20:41:35",221.98,840.28,,,,"     ",5.10,198.65,2.82
1598,539387437,"01598M21:28:57.405","01598 20:41:36",221.99,840.33,,,,"     ",5.10,199.98,2.84
1598,539387438,"01598M21:28:58.378","01598 20:41:37",221.99,840.32,,,,"     ",5.10,199.80,2.84
1598,539387439,"01598M21:28:59.352","01598 20:41:38",222.00,840.36,,,,"     ",5.10,200.99,2.86
1598,539387440,"01598M21:29:00.325","01598 20:41:39",222.02,840.26,,,,"     ",5.10,198.53,2.82
1598,539387441,"01598M21:29:01.298","01598 20:41:40",222.03,840.35,,,,"     ",5.10,199.74,2.84
1598,539387442,"01598M21:29:02.271","01598 20:41:41",222.05,840.36,,,,"     ",5.10,199.58,2.84
1598,539387443,"01598M21:29:03.245","01598 20:41:42",222.07,840.39,,,,"     ",5.10,199.40,2.84
1598,539387444,"01598M21:29:04.218","01598 20:41:43",222.10,840.24,,,,"     ",5.10,199.46,2.84
1598,539387445,"01598M21:29:05.191","01598 20:41:44",222.14,840.28,,,,"     ",5.10,201.40,2.87
1598,539387446,"01598M21:29:06.164","01598 20:41:45",222.19,840.31,,,,"     ",5.10,200.04,2.85
1598,539387447,"01598M21:29:07.138","01598 20:41:46",222.25,840.24,,,,"     ",5.10,198.39,2.82
1598,539387448,"01598M21:29:08.111","01598 20:41:47",222.31,840.27,,,,"     ",5.10,199.18,2.83
1598,539387449,"01598M21:29:09.084","01598 20:41:48",222.39,840.25,,,,"     ",5.10,200.64,2.86
1598,539387450,"01598M21:29:10.057","01598 20:41:49",222.47,840.30,,,,"     ",5.10,200.62,2.85
1598,539387451,"01598M21:29:11.031","01598 20:41:50",222.55,840.30,,,,"     ",5.10,199.19,2.83
1598,539387452,"01598M21:29:12.004","01598 20:41:51",222.63,840.36,,,,"     ",5.10,199.73,2.84
1598,539387453,"01598M21:29:12.977","01598 20:41:52",222.70,840.27,,,,"     ",5.10,199.73,2.84
1598,539387454,"01598M21:29:13.950","01598 20:41:53",222.76,840.44,,,,"     ",5.10,198.63,2.83
1598,539387455,"01598M21:29:14.924","01598 20:41:54",222.80,840.41,,,,"     ",5.10,199.23,2.84
1598,539387456,"01598M21:29:15.897","01598 20:41:55",222.83,840.35,,,,"     ",5.10,201.10,2.86
1598,539387457,"01598M21:29:16.870","01598 20:41:56",222.83,840.43,,,,"     ",5.10,199.51,2.84
1598,539387458,"01598M21:29:17.843","01598 20:41:56",222.81,840.46,,,,"     ",5.10,200.12,2.85
1598,539387459,"01598M21:29:18.817","01598 20:41:57",222.78,840.42,,,,"     ",5.10,199.21,2.84
1598,539387460,"01598M21:29:19.790","01598 20:41:58",222.73,840.43,,,,"     ",5.10,199.06,2.83
1598,539387461,"01598M21:29:20.763","01598 20:41:59",222.67,840.38,,,,"     ",5.10,199.56,2.84
1598,539387462,"01598M21:29:21.736","01598 20:42:00",222.61,840.36,,,,"     ",5.10,199.15,2.84
1598,539387463,"01598M21:29:22.710","01598 20:42:01",222.53,840.38,,,,"     ",5.10,199.08,2.83
1598,539387464,"01598M21:29:23.683","01598 20:42:02",222.46,840.33,,,,"     ",5.10,198.86,2.83
1598,539387465,"01598M21:29:24.656","01598 20:42:03",222.40,840.43,,,,"     ",5.10,199.74,2.84
1598,539387466,"01598M21:29:25.629","01598 20:42:04",222.34,840.46,,,,"     ",5.10,199.76,2.85
1598,539387467,"01598M21:29:26.603","01598 20:42:05",222.30,840.38,,,,"     ",5.10,199.99,2.85
1598,539387468,"01598M21:29:27.576","01598 20:42:06",222.28,840.38,,,,"     ",5.10,198.31,2.82
1598,539387469,"01598M21:29:28.549","01598 20:42:07",222.27,840.38,,,,"     ",5.10,198.55,2.83
1598,539387470,"01598M21:29:29.522","01598 20:42:08",222.29,840.49,,,,"     ",5.10,198.86,2.83
1598,539387471,"01598M21:29:30.496","01598 20:42:09",222.31,840.40,,,,"     ",5.10,199.05,2.84
1598,539387472,"01598M21:29:31.469","01598 20:42:10",222.35,840.42,,,,"     ",5.10,199.86,2.85
1598,539387473,"01598M21:29:32.442","01598 20:42:11",222.39,840.29,,,,"     ",5.10,199.41,2.84
1598,539387474,"01598M21:29:33.415","01598 20:42:12",222.43,840.36,,,,"     ",5.10,201.07,2.87
1598,539387475,"01598M21:29:34.389","01598 20:42:13",222.48,840.39,,,,"     ",5.10,200.57,2.86
1598,539387476,"01598M21:29:35.362","01598 20:42:14",222.52,840.36,,,,"     ",5.10,199.27,2.84
1598,539387477,"01598M21:29:36.335","01598 20:42:15",222.56,840.41,,,,"     ",5.10,200.10,2.85
1598,539387478,"01598M21:29:37.308","01598 20:42:16",222.59,840.44,,,,"     ",5.10,198.85,2.83
1598,539387479,"01598M21:29:38.282","01598 20:42:17",222.62,840.45,,,,"     ",5.10,199.61,2.85
1598,539387480,"01598M21:29:39.255","01598 20:42:18",222.63,840.37,,,,"     ",5.10,199.30,2.84
1598,539387481,"01598M21:29:40.228","01598 20:42:19",222.64,840.42,,,,"     ",5.10,199.16,2.84
1598,539387482,"01598M21:29:41.201","01598 20:42:20",222.63,840.43,,,,"     ",5.10,200.44,2.86
1598,539387483,"01598M21:29:42.175","01598 20:42:21",222.60,840.41,,,,"     ",5.10,199.78,2.85
1598,539387484,"01598M21:29:43.148","01598 20:42:22",222.55,840.44,,,,"     ",5.10,198.33,2.83
1598,539387485,"01598M21:29:44.121","01598 20:42:23",222.49,840.45,,,,"     ",5.10,199.76,2.85
1598,539387486,"01598M21:29:45.094","01598 20:42:24",222.42,840.45,,,,"     ",5.10,198.35,2.83
1598,539387487,"01598M21:29:46.068","01598 20:42:25",222.34,840.45,,,,"     ",5.10,198.18,2.83
1598,539387488,"01598M21:29:47.041","01598 20:42:26",222.27,840.43,,,,"     ",5.10,198.78,2.84
1598,539387489,"01598M21:29:48.014","01598 20:42:27",222.21,840.51,,,,"     ",5.10,199.69,2.85
1598,539387490,"01598M21:29:48.987","01598 20:42:28",222.17,840.44,,,,"     ",5.10,198.55,2.83
1598,539387491,"01598M21:29:49.961","01598 20:42:29",222.16,840.46,,,,"     ",5.10,199.23,2.85
1598,539387492,"01598M21:29:50.934","01598 20:42:30",222.16,840.43,,,,"     ",5.10,198.38,2.83
1598,539387493,"01598M21:29:51.907","01598 20:42:31",222.18,840.41,,,,"     ",5.10,197.70,2.82
1598,539387494,"01598M21:29:52.880","01598 20:42:32",222.21,840.52,,,,"     ",5.10,198.90,2.84
1598,539387495,"01598M21:29:53.854","01598 20:42:32",222.25,840.47,,,,"     ",5.10,198.85,2.84
1598,539387496,"01598M21:29:54.827","01598 20:42:33",222.30,840.56,,,,"     ",5.10,198.67,2.84
1598,539387497,"01598M21:29:55.800","01598 20:42:34",222.34,840.49,,,,"     ",5.10,198.84,2.84
1598,539387498,"01598M21:29:56.774","01598 20:42:35",222.38,840.48,,,,"     ",5.10,197.66,2.82
1598,539387499,"01598M21:29:57.747","01598 20:42:36",222.40,840.52,,,,"     ",5.10,199.28,2.85
1598,539387500,"01598M21:29:58.720","01598 20:42:37",222.42,840.47,,,,"     ",5.10,200.43,2.87
1598,539387501,"01598M21:29:59.693","01598 20:42:38",222.44,840.52,,,,"     ",5.10,199.20,2.85
1598,539387502,"01598M21:30:00.667","01598 20:42:39",222.45,840.54,,,,"     ",5.10,199.81,2.86
1598,539387503,"01598M21:30:01.640","01598 20:42:40",222.45,840.56,,,,"     ",5.10,199.56,2.85
1598,539387504,"01598M21:30:02.613","01598 20:42:41",222.45,840.53,,,,"     ",5.10,199.02,2.85
1598,539387505,"01598M21:30:03.586","01598 20:42:42",222.44,840.57,,,,"     ",5.10,198.35,2.84
1598,539387506,"01598M21:30:04.560","01598 20:42:43",222.44,840.58,,,,"     ",5.10,198.46,2.84
1598,539387507,"01598M21:30:05.533","01598 20:42:44",222.43,840.55,,,,"     ",5.10,199.34,2.85
1598,539387508,"01598M21:30:06.506","01598 20:42:45",222.41,840.53,,,,"     ",5.10,198.66,2.84
1598,539387509,"01598M21:30:07.479","01598 20:42:46",222.38,840.51,,,,"     ",5.10,198.67,2.84
1598,539387510,"01598M21:30:08.453","01598 20:42:47",222.35,840.56,,,,"     ",5.10,197.33,2.82
1598,539387511,"01598M21:30:09.426","01598 20:42:48",222.31,840.60,,,,"     ",5.10,199.03,2.85
1598,539387512,"01598M21:30:10.399","01598 20:42:49",222.27,840.60,,,,"     ",5.10,197.34,2.83
1598,539387513,"01598M21:30:11.372","01598 20:42:50",222.23,840.62,,,,"     ",5.10,197.34,2.83
1598,539387514,"01598M21:30:12.346","01598 20:42:51",222.19,840.59,,,,"     ",5.10,196.68,2.82
1598,539387515,"01598M21:30:13.319","01598 20:42:52",222.16,840.58,,,,"     ",5.10,197.15,2.82
1598,539387516,"01598M21:30:14.292","01598 20:42:53",222.13,840.57,,,,"     ",5.10,197.17,2.82
1598,539387517,"01598M21:30:15.265","01598 20:42:54",222.11,840.64,,,,"     ",5.10,197.41,2.83
1598,539387518,"01598M21:30:16.239","01598 20:42:55",222.11,840.62,,,,"     ",5.10,197.91,2.84
1598,539387519,"01598M21:30:17.212","01598 20:42:56",222.11,840.63,,,,"     ",5.10,198.50,2.85
1598,539387520,"01598M21:30:18.185","01598 20:42:57",222.12,840.62,,,,"     ",5.10,196.35,2.82
1598,539387521,"01598M21:30:19.158","01598 20:42:58",222.13,840.65,,,,"     ",5.10,196.65,2.82
1598,539387522,"01598M21:30:20.132","01598 20:42:59",222.15,840.67,,,,"     ",5.10,197.07,2.83
1598,539387523,"01598M21:30:21.105","01598 20:43:00",222.16,840.65,,,,"     ",5.10,196.76,2.82
1598,539387524,"01598M21:30:22.078","01598 20:43:01",222.17,840.60,,,,"     ",5.10,195.73,2.81
1598,539387525,"01598M21:30:23.051","01598 20:43:02",222.17,840.62,,,,"     ",5.10,196.06,2.81
1598,539387526,"01598M21:30:24.025","01598 20:43:03",222.16,840.75,,,,"     ",5.10,196.66,2.82
1598,539387527,"01598M21:30:24.998","01598 20:43:04",222.15,840.74,,,,"     ",5.10,195.53,2.81
1598,539387528,"01598M21:30:25.971","01598 20:43:05",222.13,840.74,,,,"     ",5.10,197.27,2.83
1598,539387529,"01598M21:30:26.944","01598 20:43:06",222.11,840.72,,,,"     ",5.10,195.59,2.81
1598,539387530,"01598M21:30:27.918","01598 20:43:07",222.10,840.67,,,,"     ",5.10,195.97,2.81
1598,539387531,"01598M21:30:28.891","01598 20:43:08",222.10,840.68,,,,"     ",5.10,196.20,2.82
1598,539387532,"01598M21:30:29.864","01598 20:43:08",222.10,840.65,,,,"     ",5.10,194.93,2.80
1598,539387533,"01598M21:30:30.837","01598 20:43:09",222.10,840.68,,,,"     ",5.10,194.98,2.80
1598,539387534,"01598M21:30:31.811","01598 20:43:10",222.10,840.71,,,,"     ",5.10,194.91,2.80
1598,539387535,"01598M21:30:32.784","01598 20:43:11",222.10,840.69,,,,"     ",5.10,196.55,2.82
1598,539387536,"01598M21:30:33.757","01598 20:43:12",222.10,840.75,,,,"     ",5.10,195.15,2.80
1598,539387537,"01598M21:30:34.730","01598 20:43:13",222.10,840.70,,,,"     ",5.10,196.02,2.82
1598,539387538,"01598M21:30:35.704","01598 20:43:14",222.09,840.68,,,,"     ",5.10,192.84,2.77
1598,539387539,"01598M21:30:36.677","01598 20:43:15",222.09,840.67,,,,"     ",5.10,194.92,2.80
1598,539387540,"01598M21:30:37.650","01598 20:43:16",222.08,840.75,,,,"     ",5.10,196.03,2.82
1598,539387541,"01598M21:30:38.623","01598 20:43:17",222.08,840.66,,,,"     ",5.10,194.04,2.79
1598,539387542,"01598M21:30:39.597","01598 20:43:18",222.07,840.75,,,,"     ",5.10,193.71,2.79
1598,539387543,"01598M21:30:40.570","01598 20:43:19",222.06,840.70,,,,"     ",5.10,194.26,2.79
1598,539387544,"01598M21:30:41.543","01598 20:43:20",222.06,840.76,,,,"     ",5.10,193.63,2.79
1598,539387545,"01598M21:30:42.516","01598 20:43:21",222.05,840.78,,,,"     ",5.10,193.72,2.79
1598,539387546,"01598M21:30:43.490","01598 20:43:22",222.04,840.81,,,,"     ",5.10,194.29,2.80
1598,539387547,"01598M21:30:44.463","01598 20:43:23",222.03,840.77,,,,"     ",5.10,193.10,2.78
1598,539387548,"01598M21:30:45.436","01598 20:43:24",222.02,840.86,,,,"     ",5.10,192.07,2.77
1598,539387549,"01598M21:30:46.409","01598 20:43:25",222.11,840.85,,,,"     ",5.10,192.79,2.78
1598,539387550,"01598M21:30:47.383","01598 20:43:26",222.03,840.83,,,,"     ",5.10,192.73,2.78
1598,539387551,"01598M21:30:48.356","01598 20:43:27",221.96,840.85,,,,"     ",5.10,192.51,2.77
1598,539387552,"01598M21:30:49.329","01598 20:43:28",221.89,840.82,,,,"     ",5.10,192.88,2.78
1598,539387553,"01598M21:30:50.302","01598 20:43:29",221.83,840.73,,,,"     ",5.10,193.15,2.78
1598,539387554,"01598M21:30:51.276","01598 20:43:30",221.77,840.71,,,,"     ",5.10,193.46,2.79
1598,539387555,"01598M21:30:52.249","01598 20:43:31",221.72,840.81,,,,"     ",5.10,193.23,2.79
1598,539387556,"01598M21:30:53.222","01598 20:43:32",221.67,840.83,,,,"     ",5.10,191.61,2.76
1598,539387557,"01598M21:30:54.195","01598 20:43:33",221.63,840.83,,,,"     ",5.10,193.61,2.79
1598,539387558,"01598M21:30:55.169","01598 20:43:34",221.59,840.79,,,,"     ",5.10,191.11,2.76
1598,539387559,"01598M21:30:56.142","01598 20:43:35",221.55,840.82,,,,"     ",5.10,192.00,2.77
1598,539387560,"01598M21:30:57.115","01598 20:43:36",221.52,840.83,,,,"     ",5.10,192.10,2.77
1598,539387561,"01598M21:30:58.088","01598 20:43:37",221.49,840.78,,,,"     ",5.10,191.87,2.77
1598,539387562,"01598M21:30:59.062","01598 20:43:38",221.47,840.85,,,,"     ",5.10,191.96,2.77
1598,539387563,"01598M21:31:00.035","01598 20:43:39",221.44,840.85,,,,"     ",5.10,191.70,2.77
1598,539387564,"01598M21:31:01.008","01598 20:43:40",221.43,840.87,,,,"     ",5.10,192.25,2.78
1598,539387565,"01598M21:31:01.981","01598 20:43:41",221.42,840.85,,,,"     ",5.10,193.73,2.80
1598,539387566,"01598M21:31:02.955","01598 20:43:42",221.41,840.86,,,,"     ",5.10,191.69,2.77
1598,539387567,"01598M21:31:03.928","01598 20:43:43",221.42,840.77,,,,"     ",5.10,192.16,2.78
1598,539387568,"01598M21:31:04.901","01598 20:43:44",221.44,840.87,,,,"     ",5.10,192.64,2.79
1598,539387569,"01598M21:31:05.875","01598 20:43:44",221.46,840.83,,,,"     ",5.10,192.59,2.79
1598,539387570,"01598M21:31:06.848","01598 20:43:45",221.45,840.85,,,,"     ",5.10,191.47,2.77
1598,539387571,"01598M21:31:07.821","01598 20:43:46",221.41,840.97,,,,"     ",5.10,191.56,2.77
1598,539387572,"01598M21:31:08.794","01598 20:43:47",221.35,840.81,,,,"     ",5.10,190.76,2.76
1598,539387573,"01598M21:31:09.768","01598 20:43:48",221.27,840.81,,,,"     ",5.10,191.40,2.77
1598,539387574,"01598M21:31:10.741","01598 20:43:49",221.18,840.79,,,,"     ",5.10,192.37,2.79
1598,539387575,"01598M21:31:11.714","01598 20:43:50",221.09,840.80,,,,"     ",5.10,192.54,2.79
1598,539387576,"01598M21:31:12.687","01598 20:43:51",221.02,840.84,,,,"     ",5.10,191.40,2.77
1598,539387577,"01598M21:31:13.661","01598 20:43:52",220.96,840.90,,,,"     ",5.10,192.23,2.78
1598,539387578,"01598M21:31:14.634","01598 20:43:53",220.92,840.85,,,,"     ",5.10,191.52,2.77
1598,539387579,"01598M21:31:15.607","01598 20:43:54",220.91,840.90,,,,"     ",5.10,189.87,2.75
1598,539387580,"01598M21:31:16.580","01598 20:43:55",220.91,840.89,,,,"     ",5.10,191.48,2.78
1598,539387581,"01598M21:31:17.554","01598 20:43:56",220.92,840.90,,,,"     ",5.10,191.02,2.77
1598,539387582,"01598M21:31:18.527","01598 20:43:57",220.94,840.90,,,,"     ",5.10,190.53,2.76
1598,539387583,"01598M21:31:19.500","01598 20:43:58",220.97,840.97,,,,"     ",5.10,191.66,2.78
1598,539387584,"01598M21:31:20.473","01598 20:43:59",220.99,840.94,,,,"     ",5.10,192.19,2.79
1598,539387585,"01598M21:31:21.447","01598 20:44:00",221.00,840.99,,,,"     ",5.10,190.98,2.77
1598,539387586,"01598M21:31:22.420","01598 20:44:01",221.00,840.99,,,,"     ",5.10,191.01,2.77
1598,539387587,"01598M21:31:23.393","01598 20:44:02",220.99,840.94,,,,"     ",5.10,192.23,2.79
1598,539387588,"01598M21:31:24.366","01598 20:44:03",220.99,840.94,,,,"     ",5.10,190.33,2.76
1598,539387589,"01598M21:31:25.340","01598 20:44:04",221.00,840.88,,,,"     ",5.10,190.42,2.76
1598,539387590,"01598M21:31:26.313","01598 20:44:05",221.01,840.82,,,,"     ",5.10,191.03,2.78
1598,539387591,"01598M21:31:27.286","01598 20:44:06",221.04,840.92,,,,"     ",5.10,190.92,2.77
1598,539387592,"01598M21:31:28.259","01598 20:44:07",221.07,840.91,,,,"     ",5.10,191.75,2.79
1598,539387593,"01598M21:31:29.233","01598 20:44:08",221.11,840.93,,,,"     ",5.10,190.76,2.77
1598,539387594,"01598M21:31:30.206","01598 20:44:09",221.15,840.99,,,,"     ",5.10,191.48,2.79
1598,539387595,"01598M21:31:31.179","01598 20:44:10",221.19,840.93,,,,"     ",5.10,191.14,2.78
1598,539387596,"01598M21:31:32.152","01598 20:44:11",221.21,840.86,,,,"     ",5.10,192.56,2.80
1598,539387597,"01598M21:31:33.126","01598 20:44:12",221.22,840.98,,,,"     ",5.10,190.89,2.78
1598,539387598,"01598M21:31:34.099","01598 20:44:13",221.21,840.97,,,,"     ",5.10,190.79,2.78
1598,539387599,"01598M21:31:35.072","01598 20:44:14",221.19,841.12,,,,"     ",5.10,189.73,2.76
1598,539387600,"01598M21:31:36.045","01598 20:44:15",221.16,840.99,,,,"     ",5.10,191.07,2.78
1598,539387601,"01598M21:31:37.019","01598 20:44:16",221.14,841.06,,,,"     ",5.10,190.00,2.77
1598,539387602,"01598M21:31:37.992","01598 20:44:17",221.13,841.01,,,,"     ",5.10,189.72,2.76
1598,539387603,"01598M21:31:38.965","01598 20:44:18",221.14,841.01,,,,"     ",5.10,190.61,2.78
1598,539387604,"01598M21:31:39.938","01598 20:44:19",221.14,840.96,,,,"     ",5.10,191.83,2.79
1598,539387605,"01598M21:31:40.912","01598 20:44:20",221.15,840.95,,,,"     ",5.10,191.39,2.79
1598,539387606,"01598M21:31:41.885","01598 20:44:21",221.15,840.99,,,,"     ",5.10,190.53,2.78
1598,539387607,"01598M21:31:42.858","01598 20:44:21",221.13,841.05,,,,"     ",5.10,190.60,2.78
1598,539387608,"01598M21:31:43.831","01598 20:44:22",221.09,841.07,,,,"     ",5.10,190.80,2.78
1598,539387609,"01598M21:31:44.805","01598 20:44:23",221.03,841.12,,,,"     ",5.10,189.57,2.76
1598,539387610,"01598M21:31:45.778","01598 20:44:24",220.96,841.04,,,,"     ",5.10,190.11,2.77
1598,539387611,"01598M21:31:46.751","01598 20:44:25",220.86,841.08,,,,"     ",5.10,189.20,2.76
1598,539387612,"01598M21:31:47.724","01598 20:44:26",220.76,841.04,,,,"     ",5.10,191.09,2.79
1598,539387613,"01598M21:31:48.698","01598 20:44:27",220.66,841.08,,,,"     ",5.10,191.00,2.79
1598,539387614,"01598M21:31:49.671","01598 20:44:28",220.56,841.10,,,,"     ",5.10,190.09,2.78
1598,539387615,"01598M21:31:50.644","01598 20:44:29",220.46,841.13,,,,"     ",5.10,190.56,2.78
1598,539387616,"01598M21:31:51.617","01598 20:44:30",220.38,841.17,,,,"     ",5.10,190.78,2.79
1598,539387617,"01598M21:31:52.591","01598 20:44:31",220.32,841.07,,,,"     ",5.10,190.76,2.79
1598,539387618,"01598M21:31:53.564","01598 20:44:32",220.28,841.18,,,,"     ",5.10,192.13,2.81
1598,539387619,"01598M21:31:54.537","01598 20:44:33",220.26,841.18,,,,"     ",5.10,191.80,2.80
1598,539387620,"01598M21:31:55.510","01598 20:44:34",220.27,841.15,,,,"     ",5.10,187.98,2.75
1598,539387621,"01598M21:31:56.484","01598 20:44:35",220.29,841.18,,,,"     ",5.10,190.62,2.79
1598,539387622,"01598M21:31:57.457","01598 20:44:36",220.32,841.21,,,,"     ",5.10,190.17,2.78
1598,539387623,"01598M21:31:58.430","01598 20:44:37",220.37,841.23,,,,"     ",5.10,190.71,2.79
1598,539387624,"01598M21:31:59.403","01598 20:44:38",220.41,841.21,,,,"     ",5.10,189.37,2.77
1598,539387625,"01598M21:32:00.377","01598 20:44:39",220.46,841.20,,,,"     ",5.10,192.28,2.81
1598,539387626,"01598M21:32:01.350","01598 20:44:40",220.51,841.13,,,,"     ",5.10,190.23,2.78
1598,539387627,"01598M21:32:02.323","01598 20:44:41",220.56,841.16,,,,"     ",5.10,190.45,2.79
1598,539387628,"01598M21:32:03.296","01598 20:44:42",220.60,841.24,,,,"     ",5.10,189.82,2.78
1598,539387629,"01598M21:32:04.270","01598 20:44:43",220.65,841.19,,,,"     ",5.10,190.25,2.78
1598,539387630,"01598M21:32:05.243","01598 20:44:44",220.70,841.19,,,,"     ",5.10,190.26,2.78
1598,539387631,"01598M21:32:06.216","01598 20:44:45",220.74,841.20,,,,"     ",5.10,190.70,2.79
1598,539387632,"01598M21:32:07.189","01598 20:44:46",220.78,841.25,,,,"     ",5.10,190.96,2.80
1598,539387633,"01598M21:32:08.163","01598 20:44:47",220.81,841.22,,,,"     ",5.10,190.49,2.79
1598,539387634,"01598M21:32:09.136","01598 20:44:48",220.83,841.26,,,,"     ",5.10,190.23,2.79
1598,539387635,"01598M21:32:10.109","01598 20:44:49",220.83,841.34,,,,"     ",5.10,190.45,2.79
1598,539387636,"01598M21:32:11.082","01598 20:44:50",220.83,841.30,,,,"     ",5.10,189.52,2.78
1598,539387637,"01598M21:32:12.056","01598 20:44:51",220.83,841.30,,,,"     ",5.10,190.51,2.79
1598,539387638,"01598M21:32:13.029","01598 20:44:52",220.82,841.25,,,,"     ",5.10,190.61,2.79
1598,539387639,"01598M21:32:14.002","01598 20:44:53",220.81,841.31,,,,"     ",5.10,189.32,2.78
1598,539387640,"01598M21:32:14.975","01598 20:44:54",220.79,841.34,,,,"     ",5.10,189.26,2.78
1598,539387641,"01598M21:32:15.949","01598 20:44:55",220.77,841.28,,,,"     ",5.10,189.43,2.78
1598,539387642,"01598M21:32:16.922","01598 20:44:56",220.75,841.27,,,,"     ",5.10,191.52,2.81
1598,539387643,"01598M21:32:17.895","01598 20:44:57",220.74,841.29,,,,"     ",5.10,190.07,2.79
1598,539387644,"01598M21:32:18.869","01598 20:44:57",220.74,841.28,,,,"     ",5.10,190.83,2.80
1598,539387645,"01598M21:32:19.842","01598 20:44:58",220.74,841.33,,,,"     ",5.10,191.15,2.81
1598,539387646,"01598M21:32:20.815","01598 20:44:59",220.76,841.34,,,,"     ",5.10,189.78,2.78
1598,539387647,"01598M21:32:21.788","01598 20:45:00",220.77,841.39,,,,"     ",5.10,190.11,2.79
1598,539387648,"01598M21:32:22.762","01598 20:45:01",220.79,841.37,,,,"     ",5.10,189.97,2.79
1598,539387649,"01598M21:32:23.735","01598 20:45:02",220.82,841.41,,,,"     ",5.10,188.54,2.77
1598,539387650,"01598M21:32:24.708","01598 20:45:03",220.85,841.38,,,,"     ",5.10,190.86,2.80
1598,539387651,"01598M21:32:25.681","01598 20:45:04",220.89,841.32,,,,"     ",5.10,190.10,2.79
1598,539387652,"01598M21:32:26.655","01598 20:45:05",220.92,841.30,,,,"     ",5.10,190.90,2.80
1598,539387653,"01598M21:32:27.628","01598 20:45:06",220.95,841.31,,,,"     ",5.10,188.06,2.76
1598,539387654,"01598M21:32:28.601","01598 20:45:07",220.98,841.38,,,,"     ",5.10,189.95,2.79
1598,539387655,"01598M21:32:29.574","01598 20:45:08",220.99,841.49,,,,"     ",5.10,189.39,2.78
1598,539387656,"01598M21:32:30.548","01598 20:45:09",221.01,841.52,,,,"     ",5.10,190.81,2.81
1598,539387657,"01598M21:32:31.521","01598 20:45:10",221.01,841.41,,,,"     ",5.10,189.45,2.79
1598,539387658,"01598M21:32:32.494","01598 20:45:11",221.01,841.43,,,,"     ",5.10,189.13,2.78
1598,539387659,"01598M21:32:33.467","01598 20:45:12",221.01,841.50,,,,"     ",5.10,189.60,2.79
1598,539387660,"01598M21:32:34.441","01598 20:45:13",221.00,841.49,,,,"     ",5.10,190.64,2.80
1598,539387661,"01598M21:32:35.414","01598 20:45:14",221.00,841.54,,,,"     ",5.10,190.22,2.80
1598,539387662,"01598M21:32:36.387","01598 20:45:15",221.00,841.55,,,,"     ",5.10,190.49,2.80
1598,539387663,"01598M21:32:37.360","01598 20:45:16",221.01,841.51,,,,"     ",5.10,188.84,2.78
1598,539387664,"01598M21:32:38.334","01598 20:45:17",221.02,841.57,,,,"     ",5.10,189.53,2.79
1598,539387665,"01598M21:32:39.307","01598 20:45:18",221.04,841.56,,,,"     ",5.10,190.35,2.80
1598,539387666,"01598M21:32:40.280","01598 20:45:19",221.06,841.57,,,,"     ",5.10,190.33,2.80
1598,539387667,"01598M21:32:41.253","01598 20:45:20",221.08,841.63,,,,"     ",5.10,189.08,2.78
1598,539387668,"01598M21:32:42.227","01598 20:45:21",221.10,841.54,,,,"     ",5.10,190.18,2.80
1598,539387669,"01598M21:32:43.200","01598 20:45:22",221.12,841.56,,,,"     ",5.10,190.65,2.81
1598,539387670,"01598M21:32:44.173","01598 20:45:23",221.15,841.55,,,,"     ",5.10,189.97,2.80
1598,539387671,"01598M21:32:45.146","01598 20:45:24",221.17,841.59,,,,"     ",5.10,191.41,2.82
1598,539387672,"01598M21:32:46.120","01598 20:45:25",221.19,841.60,,,,"     ",5.10,190.03,2.80
1598,539387673,"01598M21:32:47.093","01598 20:45:26",221.22,841.57,,,,"     ",5.10,191.03,2.82
1598,539387674,"01598M21:32:48.066","01598 20:45:27",221.26,841.60,,,,"     ",5.10,193.09,2.85
1598,539387675,"01598M21:32:49.039","01598 20:45:28",221.30,841.58,,,,"     ",5.10,192.44,2.84
1598,539387676,"01598M21:32:50.013","01598 20:45:29",221.34,841.62,,,,"     ",5.10,191.19,2.82
1598,539387677,"01598M21:32:50.986","01598 20:45:30",221.39,841.57,,,,"     ",5.10,192.71,2.84
1598,539387678,"01598M21:32:51.959","01598 20:45:31",221.44,841.61,,,,"     ",5.10,192.40,2.84
1598,539387679,"01598M21:32:52.932","01598 20:45:32",221.48,841.62,,,,"     ",5.10,192.80,2.84
1598,539387680,"01598M21:32:53.906","01598 20:45:33",221.51,841.64,,,,"     ",5.10,193.34,2.85
1598,539387681,"01598M21:32:54.879","01598 20:45:33",221.52,841.66,,,,"     ",5.10,193.24,2.85
1598,539387682,"01598M21:32:55.852","01598 20:45:34",221.51,841.64,,,,"     ",5.10,193.68,2.86
1598,539387683,"01598M21:32:56.825","01598 20:45:35",221.49,841.63,,,,"     ",5.10,192.82,2.84
1598,539387684,"01598M21:32:57.799","01598 20:45:36",221.46,841.64,,,,"     ",5.10,193.40,2.85
1598,539387685,"01598M21:32:58.772","01598 20:45:37",221.42,841.67,,,,"     ",5.10,192.01,2.83
1598,539387686,"01598M21:32:59.745","01598 20:45:38",221.39,841.70,,,,"     ",5.10,193.70,2.86
1598,539387687,"01598M21:33:00.718","01598 20:45:39",221.38,841.75,,,,"     ",5.10,193.50,2.86
1598,539387688,"01598M21:33:01.692","01598 20:45:40",221.40,841.70,,,,"     ",5.10,193.86,2.86
1598,539387689,"01598M21:33:02.665","01598 20:45:41",221.44,841.65,,,,"     ",5.10,194.01,2.86
1598,539387690,"01598M21:33:03.638","01598 20:45:42",221.49,841.63,,,,"     ",5.10,192.21,2.84
1598,539387691,"01598M21:33:04.611","01598 20:45:43",221.55,841.68,,,,"     ",5.10,193.95,2.86
1598,539387692,"01598M21:33:05.585","01598 20:45:44",221.61,841.69,,,,"     ",5.10,193.06,2.85
1598,539387693,"01598M21:33:06.558","01598 20:45:45",221.67,841.66,,,,"     ",5.10,193.06,2.85
1598,539387694,"01598M21:33:07.531","01598 20:45:46",221.72,841.63,,,,"     ",5.10,194.04,2.86
1598,539387695,"01598M21:33:08.504","01598 20:45:47",221.77,841.66,,,,"     ",5.10,193.20,2.85
1598,539387696,"01598M21:33:09.478","01598 20:45:48",221.80,841.64,,,,"     ",5.10,195.09,2.88
1598,539387697,"01598M21:33:10.451","01598 20:45:49",221.83,841.63,,,,"     ",5.10,193.38,2.86
1598,539387698,"01598M21:33:11.424","01598 20:45:50",221.86,841.66,,,,"     ",5.10,193.47,2.86
1598,539387699,"01598M21:33:12.397","01598 20:45:51",221.88,841.66,,,,"     ",5.10,194.15,2.87
1598,539387700,"01598M21:33:13.371","01598 20:45:52",221.91,841.74,,,,"     ",5.10,194.04,2.87
1598,539387701,"01598M21:33:14.344","01598 20:45:53",221.92,841.77,,,,"     ",5.10,192.00,2.84
1598,539387702,"01598M21:33:15.317","01598 20:45:54",221.93,841.67,,,,"     ",5.10,193.01,2.85
1598,539387703,"01598M21:33:16.290","01598 20:45:55",221.92,841.68,,,,"     ",5.10,192.49,2.84
1598,539387704,"01598M21:33:17.264","01598 20:45:56",221.89,841.76,,,,"     ",5.10,194.24,2.87
1598,539387705,"01598M21:33:18.237","01598 20:45:57",221.85,841.72,,,,"     ",5.10,191.23,2.82
1598,539387706,"01598M21:33:19.210","01598 20:45:58",221.79,841.62,,,,"     ",5.10,193.40,2.86
1598,539387707,"01598M21:33:20.183","01598 20:45:59",221.72,841.64,,,,"     ",5.10,192.77,2.85
1598,539387708,"01598M21:33:21.157","01598 20:46:00",221.65,841.71,,,,"     ",5.10,192.19,2.84
1598,539387709,"01598M21:33:22.130","01598 20:46:01",221.56,841.69,,,,"     ",5.10,193.07,2.85
1598,539387710,"01598M21:33:23.103","01598 20:46:02",221.48,841.67,,,,"     ",5.10,193.37,2.86
1598,539387711,"01598M21:33:24.076","01598 20:46:03",221.40,841.67,,,,"     ",5.10,192.25,2.84
1598,539387712,"01598M21:33:25.050","01598 20:46:04",221.35,841.67,,,,"     ",5.10,192.62,2.85
1598,539387713,"01598M21:33:26.023","01598 20:46:05",221.31,841.73,,,,"     ",5.10,191.29,2.83
1598,539387714,"01598M21:33:26.996","01598 20:46:06",221.30,841.71,,,,"     ",5.10,191.42,2.83
1598,539387715,"01598M21:33:27.970","01598 20:46:07",221.30,841.73,,,,"     ",5.10,193.03,2.85
1598,539387716,"01598M21:33:28.943","01598 20:46:08",221.32,841.70,,,,"     ",5.10,191.08,2.83
1598,539387717,"01598M21:33:29.916","01598 20:46:09",221.34,841.71,,,,"     ",5.10,192.96,2.85
1598,539387718,"01598M21:33:30.889","01598 20:46:09",221.35,841.80,,,,"     ",5.10,192.31,2.85
1598,539387719,"01598M21:33:31.863","01598 20:46:10",221.34,841.84,,,,"     ",5.10,191.45,2.83
1598,539387720,"01598M21:33:32.836","01598 20:46:11",221.32,841.83,,,,"     ",5.10,190.90,2.82
1598,539387721,"01598M21:33:33.809","01598 20:46:12",221.29,841.81,,,,"     ",5.10,191.67,2.84
1598,539387722,"01598M21:33:34.782","01598 20:46:13",221.25,841.75,,,,"     ",5.10,191.68,2.84
1598,539387723,"01598M21:33:35.756","01598 20:46:14",221.21,841.75,,,,"     ",5.10,190.63,2.82
1598,539387724,"01598M21:33:36.729","01598 20:46:15",221.16,841.81,,,,"     ",5.10,190.97,2.83
1598,539387725,"01598M21:33:37.702","01598 20:46:16",221.13,841.72,,,,"     ",5.10,191.71,2.84
1598,539387726,"01598M21:33:38.675","01598 20:46:17",221.09,841.81,,,,"     ",5.10,191.31,2.83
1598,539387727,"01598M21:33:39.649","01598 20:46:18",221.05,841.80,,,,"     ",5.10,190.57,2.82
1598,539387728,"01598M21:33:40.622","01598 20:46:19",220.99,841.74,,,,"     ",5.10,190.87,2.83
1598,539387729,"01598M21:33:41.595","01598 20:46:20",220.93,841.79,,,,"     ",5.10,189.58,2.81
1598,539387730,"01598M21:33:42.568","01598 20:46:21",220.87,841.76,,,,"     ",5.10,190.79,2.83
1598,539387731,"01598M21:33:43.542","01598 20:46:22",220.79,841.78,,,,"     ",5.10,191.99,2.85
1598,539387732,"01598M21:33:44.515","01598 20:46:23",220.71,841.79,,,,"     ",5.10,191.14,2.83
1598,539387733,"01598M21:33:45.488","01598 20:46:24",220.63,841.78,,,,"     ",5.10,190.08,2.82
1598,539387734,"01598M21:33:46.461","01598 20:46:25",220.56,841.72,,,,"     ",5.10,191.34,2.84
1598,539387735,"01598M21:33:47.435","01598 20:46:26",220.50,841.71,,,,"     ",5.10,189.76,2.81
1598,539387736,"01598M21:33:48.408","01598 20:46:27",220.45,841.69,,,,"     ",5.10,189.95,2.82
1598,539387737,"01598M21:33:49.381","01598 20:46:28",220.42,841.70,,,,"     ",5.10,190.92,2.83
1598,539387738,"01598M21:33:50.354","01598 20:46:29",220.42,841.76,,,,"     ",5.10,191.60,2.84
1598,539387739,"01598M21:33:51.328","01598 20:46:30",220.43,841.72,,,,"     ",5.10,189.25,2.81
1598,539387740,"01598M21:33:52.301","01598 20:46:31",220.45,841.70,,,,"     ",5.10,189.44,2.81
1598,539387741,"01598M21:33:53.274","01598 20:46:32",220.48,841.73,,,,"     ",5.10,191.27,2.84
1598,539387742,"01598M21:33:54.247","01598 20:46:33",220.52,841.74,,,,"     ",5.10,189.45,2.81
1598,539387743,"01598M21:33:55.221","01598 20:46:34",220.55,841.76,,,,"     ",5.10,190.57,2.83
1598,539387744,"01598M21:33:56.194","01598 20:46:35",220.59,841.85,,,,"     ",5.10,190.39,2.83
1598,539387745,"01598M21:33:57.167","01598 20:46:36",220.62,841.89,,,,"     ",5.10,189.45,2.81
1598,539387746,"01598M21:33:58.140","01598 20:46:37",220.65,841.87,,,,"     ",5.10,190.16,2.82
1598,539387747,"01598M21:33:59.114","01598 20:46:38",220.67,841.90,,,,"     ",5.10,189.64,2.82
1598,539387748,"01598M21:34:00.087","01598 20:46:39",220.68,841.90,,,,"     ",5.10,190.35,2.83
1598,539387749,"01598M21:34:01.060","01598 20:46:40",220.69,841.85,,,,"     ",5.10,189.58,2.82
1598,539387750,"01598M21:34:02.033","01598 20:46:41",220.70,841.81,,,,"     ",5.10,189.44,2.81
1598,539387751,"01598M21:34:03.007","01598 20:46:42",220.71,841.85,,,,"     ",5.10,190.56,2.83
1598,539387752,"01598M21:34:03.980","01598 20:46:43",220.72,841.86,,,,"     ",5.10,190.23,2.83
1598,539387753,"01598M21:34:04.953","01598 20:46:44",220.74,841.85,,,,"     ",5.10,189.79,2.82
1598,539387754,"01598M21:34:05.926","01598 20:46:45",220.75,841.87,,,,"     ",5.10,190.91,2.84
1598,539387755,"01598M21:34:06.900","01598 20:46:45",220.76,841.89,,,,"     ",5.10,190.53,2.83
1598,539387756,"01598M21:34:07.873","01598 20:46:46",220.75,841.99,,,,"     ",5.10,190.10,2.83
1598,539387757,"01598M21:34:08.846","01598 20:46:47",220.74,841.96,,,,"     ",5.10,189.40,2.82
1598,539387758,"01598M21:34:09.819","01598 20:46:48",220.73,841.91,,,,"     ",5.10,190.12,2.83
1598,539387759,"01598M21:34:10.793","01598 20:46:49",220.71,841.92,,,,"     ",5.10,189.51,2.82
1598,539387760,"01598M21:34:11.766","01598 20:46:50",220.70,841.94,,,,"     ",5.10,190.80,2.84
1598,539387761,"01598M21:34:12.739","01598 20:46:51",220.70,841.92,,,,"     ",5.10,188.96,2.81
1598,539387762,"01598M21:34:13.712","01598 20:46:52",220.70,841.90,,,,"     ",5.10,190.57,2.84
1598,539387763,"01598M21:34:14.686","01598 20:46:53",220.72,841.95,,,,"     ",5.10,190.03,2.83
1598,539387764,"01598M21:34:15.659","01598 20:46:54",220.74,841.96,,,,"     ",5.10,188.94,2.81
1598,539387765,"01598M21:34:16.632","01598 20:46:55",220.78,841.90,,,,"     ",5.10,190.92,2.84
1598,539387766,"01598M21:34:17.605","01598 20:46:56",220.83,841.96,,,,"     ",5.10,190.06,2.83
1598,539387767,"01598M21:34:18.579","01598 20:46:57",220.88,841.95,,,,"     ",5.10,188.57,2.81
1598,539387768,"01598M21:34:19.552","01598 20:46:58",220.95,841.95,,,,"     ",5.10,189.60,2.82
1598,539387769,"01598M21:34:20.525","01598 20:46:59",221.01,841.99,,,,"     ",5.10,189.59,2.82
1598,539387770,"01598M21:34:21.498","01598 20:47:00",221.07,841.97,,,,"     ",5.10,191.08,2.85
1598,539387771,"01598M21:34:22.472","01598 20:47:01",221.12,841.92,,,,"     ",5.10,190.66,2.84
1598,539387772,"01598M21:34:23.445","01598 20:47:02",221.16,841.99,,,,"     ",5.10,188.76,2.81
1598,539387773,"01598M21:34:24.418","01598 20:47:03",221.18,842.06,,,,"     ",5.10,189.82,2.83
1598,539387774,"01598M21:34:25.391","01598 20:47:04",221.20,842.02,,,,"     ",5.10,189.29,2.82
1598,539387775,"01598M21:34:26.365","01598 20:47:05",221.21,841.98,,,,"     ",5.10,189.85,2.83
1598,539387776,"01598M21:34:27.338","01598 20:47:06",221.21,841.99,,,,"     ",5.10,190.32,2.84
1598,539387777,"01598M21:34:28.311","01598 20:47:07",221.21,841.99,,,,"     ",5.10,189.31,2.82
1598,539387778,"01598M21:34:29.284","01598 20:47:08",221.21,842.00,,,,"     ",5.10,189.06,2.82
1598,539387779,"01598M21:34:30.258","01598 20:47:09",221.22,841.94,,,,"     ",5.10,189.52,2.83
1598,539387780,"01598M21:34:31.231","01598 20:47:10",221.23,841.96,,,,"     ",5.10,188.41,2.81
1598,539387781,"01598M21:34:32.204","01598 20:47:11",221.25,841.92,,,,"     ",5.10,189.30,2.83
1598,539387782,"01598M21:34:33.177","01598 20:47:12",221.28,841.96,,,,"     ",5.10,190.23,2.84
1598,539387783,"01598M21:34:34.151","01598 20:47:13",221.30,841.99,,,,"     ",5.10,190.08,2.84
1598,539387784,"01598M21:34:35.124","01598 20:47:14",221.32,841.94,,,,"     ",5.10,190.38,2.84
1598,539387785,"01598M21:34:36.097","01598 20:47:15",221.33,842.02,,,,"     ",5.10,188.54,2.82
1598,539387786,"01598M21:34:37.071","01598 20:47:16",221.34,842.02,,,,"     ",5.10,188.73,2.82
1598,539387787,"01598M21:34:38.044","01598 20:47:17",221.34,842.03,,,,"     ",5.10,189.05,2.83
1598,539387788,"01598M21:34:39.017","01598 20:47:18",221.33,842.01,,,,"     ",5.10,189.36,2.83
1598,539387789,"01598M21:34:39.990","01598 20:47:19",221.32,842.08,,,,"     ",5.10,189.07,2.83
1598,539387790,"01598M21:34:40.964","01598 20:47:20",221.30,841.96,,,,"     ",5.10,190.02,2.84
1598,539387791,"01598M21:34:41.937","01598 20:47:21",221.28,842.05,,,,"     ",5.10,190.42,2.85
1598,539387792,"01598M21:34:42.910","01598 20:47:21",221.27,842.04,,,,"     ",5.10,187.58,2.80
1598,539387793,"01598M21:34:43.883","01598 20:47:22",221.24,842.08,,,,"     ",5.10,189.43,2.83
1598,539387794,"01598M21:34:44.857","01598 20:47:23",221.22,842.10,,,,"     ",5.10,188.82,2.83
1598,539387795,"01598M21:34:45.830","01598 20:47:24",221.19,842.14,,,,"     ",5.10,188.42,2.82
1598,539387796,"01598M21:34:46.803","01598 20:47:25",221.15,842.03,,,,"     ",5.10,187.87,2.81
1598,539387797,"01598M21:34:47.776","01598 20:47:26",221.10,842.03,,,,"     ",5.10,188.85,2.83
1598,539387798,"01598M21:34:48.750","01598 20:47:27",221.05,842.12,,,,"     ",5.10,190.10,2.85
1598,539387799,"01598M21:34:49.723","01598 20:47:28",221.00,841.98,,,,"     ",5.10,187.72,2.81
1598,539387800,"01598M21:34:50.696","01598 20:47:29",220.94,842.10,,,,"     ",5.10,187.93,2.81
1598,539387801,"01598M21:34:51.669","01598 20:47:30",220.90,842.10,,,,"     ",5.10,187.71,2.81
1598,539387802,"01598M21:34:52.643","01598 20:47:31",220.86,842.00,,,,"     ",5.10,187.60,2.81
1598,539387803,"01598M21:34:53.616","01598 20:47:32",220.83,842.11,,,,"     ",5.10,188.69,2.83
1598,539387804,"01598M21:34:54.589","01598 20:47:33",220.82,842.11,,,,"     ",5.10,188.26,2.82
1598,539387805,"01598M21:34:55.562","01598 20:47:34",220.81,842.11,,,,"     ",5.10,186.07,2.79
1598,539387806,"01598M21:34:56.536","01598 20:47:35",220.80,842.02,,,,"     ",5.10,188.52,2.83
1598,539387807,"01598M21:34:57.509","01598 20:47:36",220.81,842.14,,,,"     ",5.10,187.84,2.82
1598,539387808,"01598M21:34:58.482","01598 20:47:37",220.83,842.16,,,,"     ",5.10,186.49,2.80
1598,539387809,"01598M21:34:59.455","01598 20:47:38",220.85,842.12,,,,"     ",5.10,189.09,2.84
1598,539387810,"01598M21:35:00.429","01598 20:47:39",220.88,842.06,,,,"     ",5.10,187.71,2.82
1598,539387811,"01598M21:35:01.402","01598 20:47:40",220.91,842.15,,,,"     ",5.10,187.88,2.82
1598,539387812,"01598M21:35:02.375","01598 20:47:41",220.94,842.23,,,,"     ",5.10,186.85,2.81
1598,539387813,"01598M21:35:03.348","01598 20:47:42",220.98,842.16,,,,"     ",5.10,187.35,2.81
1598,539387814,"01598M21:35:04.322","01598 20:47:43",221.02,842.10,,,,"     ",5.10,186.75,2.80
1598,539387815,"01598M21:35:05.295","01598 20:47:44",221.05,842.05,,,,"     ",5.10,187.45,2.82
1598,539387816,"01598M21:35:06.268","01598 20:47:45",221.06,842.11,,,,"     ",5.10,186.10,2.80
1598,539387817,"01598M21:35:07.241","01598 20:47:46",221.07,842.11,,,,"     ",5.10,186.02,2.80
1598,539387818,"01598M21:35:08.215","01598 20:47:47",221.06,842.09,,,,"     ",5.10,185.65,2.79
1598,539387819,"01598M21:35:09.188","01598 20:47:48",221.03,842.07,,,,"     ",5.10,186.60,2.80
1598,539387820,"01598M21:35:10.161","01598 20:47:49",220.99,842.05,,,,"     ",5.10,186.10,2.80
1598,539387821,"01598M21:35:11.134","01598 20:47:50",220.94,842.03,,,,"     ",5.10,186.23,2.80
1598,539387822,"01598M21:35:12.108","01598 20:47:51",220.88,841.98,,,,"     ",5.10,186.29,2.80
1598,539387823,"01598M21:35:13.081","01598 20:47:52",220.83,841.98,,,,"     ",5.10,186.85,2.81
1598,539387824,"01598M21:35:14.054","01598 20:47:53",220.77,842.01,,,,"     ",5.10,186.23,2.80
1598,539387825,"01598M21:35:15.027","01598 20:47:54",220.71,842.09,,,,"     ",5.10,187.08,2.82
1598,539387826,"01598M21:35:16.001","01598 20:47:55",220.66,842.09,,,,"     ",5.10,186.48,2.81
1598,539387827,"01598M21:35:16.974","01598 20:47:56",220.61,842.08,,,,"     ",5.10,185.32,2.79
1598,539387828,"01598M21:35:17.947","01598 20:47:57",220.58,842.12,,,,"     ",5.10,186.04,2.80
1598,539387829,"01598M21:35:18.920","01598 20:47:57",220.56,842.05,,,,"     ",5.10,185.62,2.80
1598,539387830,"01598M21:35:19.894","01598 20:47:58",220.55,842.04,,,,"     ",5.10,186.26,2.81
1598,539387831,"01598M21:35:20.867","01598 20:47:59",220.55,842.09,,,,"     ",5.10,186.41,2.81
1598,539387832,"01598M21:35:21.840","01598 20:48:00",220.55,842.04,,,,"     ",5.10,185.37,2.79
1598,539387833,"01598M21:35:22.813","01598 20:48:01",220.54,842.09,,,,"     ",5.10,186.28,2.81
1598,539387834,"01598M21:35:23.787","01598 20:48:02",220.54,842.15,,,,"     ",5.10,186.08,2.81
1598,539387835,"01598M21:35:24.760","01598 20:48:03",220.53,842.16,,,,"     ",5.10,185.77,2.80
1598,539387836,"01598M21:35:25.733","01598 20:48:04",220.54,842.15,,,,"     ",5.10,184.29,2.78
1598,539387837,"01598M21:35:26.706","01598 20:48:05",220.54,842.10,,,,"     ",5.10,185.97,2.81
1598,539387838,"01598M21:35:27.680","01598 20:48:06",220.55,842.13,,,,"     ",5.10,186.05,2.81
1598,539387839,"01598M21:35:28.653","01598 20:48:07",220.56,842.05,,,,"     ",5.10,185.24,2.80
1598,539387840,"01598M21:35:29.626","01598 20:48:08",220.56,842.04,,,,"     ",5.10,186.43,2.82
1598,539387841,"01598M21:35:30.599","01598 20:48:09",220.56,842.05,,,,"     ",5.10,186.25,2.81
1598,539387842,"01598M21:35:31.573","01598 20:48:10",220.55,842.09,,,,"     ",5.10,187.58,2.83
1598,539387843,"01598M21:35:32.546","01598 20:48:11",220.54,842.09,,,,"     ",5.10,185.65,2.80
1598,539387844,"01598M21:35:33.519","01598 20:48:12",220.53,841.94,,,,"     ",5.10,185.18,2.80
1598,539387845,"01598M21:35:34.492","01598 20:48:13",220.52,842.01,,,,"     ",5.10,187.06,2.83
1598,539387846,"01598M21:35:35.466","01598 20:48:14",220.50,842.03,,,,"     ",5.10,186.24,2.81
1598,539387847,"01598M21:35:36.439","01598 20:48:15",220.47,842.10,,,,"     ",5.10,185.72,2.81
1598,539387848,"01598M21:35:37.412","01598 20:48:16",220.44,842.12,,,,"     ",5.10,185.13,2.80
1598,539387849,"01598M21:35:38.385","01598 20:48:17",220.41,842.14,,,,"     ",5.10,187.54,2.84
1598,539387850,"01598M21:35:39.359","01598 20:48:18",220.37,842.09,,,,"     ",5.10,186.31,2.82
1598,539387851,"01598M21:35:40.332","01598 20:48:19",220.34,842.14,,,,"     ",5.10,185.54,2.81
1598,539387852,"01598M21:35:41.305","01598 20:48:20",220.29,842.09,,,,"     ",5.10,185.89,2.81
1598,539387853,"01598M21:35:42.278","01598 20:48:21",220.24,842.16,,,,"     ",5.10,185.88,2.81
1598,539387854,"01598M21:35:43.252","01598 20:48:22",220.20,842.15,,,,"     ",5.10,185.35,2.81
1598,539387855,"01598M21:35:44.225","01598 20:48:23",220.14,842.10,,,,"     ",5.10,186.40,2.82
1598,539387856,"01598M21:35:45.198","01598 20:48:24",220.08,842.05,,,,"     ",5.10,185.95,2.82
1598,539387857,"01598M21:35:46.172","01598 20:48:25",220.05,842.07,,,,"     ",5.10,184.82,2.80
1598,539387858,"01598M21:35:47.145","01598 20:48:26",220.10,842.13,,,,"     ",5.10,186.92,2.83
1598,539387859,"01598M21:35:48.118","01598 20:48:27",220.14,842.16,,,,"     ",5.10,185.14,2.81
1598,539387860,"01598M21:35:49.091","01598 20:48:28",220.17,842.10,,,,"     ",5.10,185.39,2.81
1598,539387861,"01598M21:35:50.065","01598 20:48:29",220.20,842.01,,,,"     ",5.10,185.88,2.82
1598,539387862,"01598M21:35:51.038","01598 20:48:30",220.21,842.04,,,,"     ",5.10,186.61,2.83
1598,539387863,"01598M21:35:52.011","01598 20:48:31",220.22,842.06,,,,"     ",5.10,185.20,2.81
1598,539387864,"01598M21:35:52.984","01598 20:48:32",220.23,842.13,,,,"     ",5.10,187.63,2.85
1598,539387865,"01598M21:35:53.958","01598 20:48:33",220.23,842.15,,,,"     ",5.10,186.90,2.84
1598,539387866,"01598M21:35:54.931","01598 20:48:34",220.23,842.21,,,,"     ",5.10,185.30,2.81
1598,539387867,"01598M21:35:55.904","01598 20:48:34",220.22,842.19,,,,"     ",5.10,186.23,2.83
1598,539387868,"01598M21:35:56.877","01598 20:48:35",220.21,842.16,,,,"     ",5.10,185.47,2.81
1598,539387869,"01598M21:35:57.851","01598 20:48:36",220.19,842.08,,,,"     ",5.10,185.99,2.82
1598,539387870,"01598M21:35:58.824","01598 20:48:37",220.15,842.18,,,,"     ",5.10,184.74,2.80
1598,539387871,"01598M21:35:59.797","01598 20:48:38",220.06,842.07,,,,"     ",5.10,186.35,2.83
1598,539387872,"01598M21:36:00.770","01598 20:48:39",220.00,842.12,,,,"     ",5.10,185.94,2.82
1598,539387873,"01598M21:36:01.744","01598 20:48:40",219.97,842.17,,,,"     ",5.10,185.86,2.82
1598,539387874,"01598M21:36:02.717","01598 20:48:41",219.98,842.19,,,,"     ",5.10,185.11,2.81
1598,539387875,"01598M21:36:03.690","01598 20:48:42",220.03,842.18,,,,"     ",5.10,185.91,2.83
1598,539387876,"01598M21:36:04.663","01598 20:48:43",220.10,842.31,,,,"     ",5.10,185.74,2.82
1598,539387877,"01598M21:36:05.637","01598 20:48:44",220.16,842.22,,,,"     ",5.10,188.10,2.86
1598,539387878,"01598M21:36:06.610","01598 20:48:45",220.21,842.11,,,,"     ",5.10,186.58,2.84
1598,539387879,"01598M21:36:07.583","01598 20:48:46",220.26,842.10,,,,"     ",5.10,186.06,2.83
1598,539387880,"01598M21:36:08.556","01598 20:48:47",220.30,842.17,,,,"     ",5.10,186.52,2.84
1598,539387881,"01598M21:36:09.530","01598 20:48:48",220.33,842.16,,,,"     ",5.10,185.90,2.83
1598,539387882,"01598M21:36:10.503","01598 20:48:49",220.34,842.18,,,,"     ",5.10,186.91,2.84
1598,539387883,"01598M21:36:11.476","01598 20:48:50",220.35,842.08,,,,"     ",5.10,186.70,2.84
1598,539387884,"01598M21:36:12.449","01598 20:48:51",220.36,842.12,,,,"     ",5.10,186.15,2.83
1598,539387885,"01598M21:36:13.423","01598 20:48:52",220.35,842.16,,,,"     ",5.10,186.19,2.83
1598,539387886,"01598M21:36:14.396","01598 20:48:53",220.33,842.20,,,,"     ",5.10,187.02,2.85
1598,539387887,"01598M21:36:15.369","01598 20:48:54",220.30,842.25,,,,"     ",5.10,186.18,2.83
1598,539387888,"01598M21:36:16.342","01598 20:48:55",220.29,842.15,,,,"     ",5.10,187.94,2.86
1598,539387889,"01598M21:36:17.316","01598 20:48:56",220.29,842.15,,,,"     ",5.10,187.17,2.85
1598,539387890,"01598M21:36:18.289","01598 20:48:57",220.31,842.21,,,,"     ",5.10,186.77,2.85
1598,539387891,"01598M21:36:19.262","01598 20:48:58",220.36,842.20,,,,"     ",5.10,187.57,2.86
1598,539387892,"01598M21:36:20.235","01598 20:48:59",220.43,842.20,,,,"     ",5.10,185.61,2.83
1598,539387893,"01598M21:36:21.209","01598 20:49:00",220.51,842.17,,,,"     ",5.10,187.25,2.85
1598,539387894,"01598M21:36:22.182","01598 20:49:01",220.58,842.19,,,,"     ",5.10,187.73,2.86
1598,539387895,"01598M21:36:23.155","01598 20:49:02",220.62,842.20,,,,"     ",5.10,186.95,2.85
1598,539387896,"01598M21:36:24.128","01598 20:49:03",220.65,842.25,,,,"     ",5.10,186.74,2.85
1598,539387897,"01598M21:36:25.102","01598 20:49:04",220.68,842.18,,,,"     ",5.10,186.75,2.85
1598,539387898,"01598M21:36:26.075","01598 20:49:05",220.71,842.18,,,,"     ",5.10,186.23,2.84
1598,539387899,"01598M21:36:27.048","01598 20:49:06",220.73,842.20,,,,"     ",5.10,187.30,2.86
1598,539387900,"01598M21:36:28.021","01598 20:49:07",220.76,842.15,,,,"     ",5.10,186.08,2.84
1598,539387901,"01598M21:36:28.995","01598 20:49:08",220.80,842.20,,,,"     ",5.10,187.10,2.85
1598,539387902,"01598M21:36:29.968","01598 20:49:09",220.84,842.18,,,,"     ",5.10,186.86,2.85
1598,539387903,"01598M21:36:30.941","01598 20:49:10",220.87,842.25,,,,"     ",5.10,186.24,2.84
1598,539387904,"01598M21:36:31.914","01598 20:49:10",220.90,842.27,,,,"     ",5.10,187.87,2.87
1598,539387905,"01598M21:36:32.888","01598 20:49:11",220.94,842.22,,,,"     ",5.10,187.03,2.85
1598,539387906,"01598M21:36:33.861","01598 20:49:12",220.98,842.23,,,,"     ",5.10,188.36,2.87
1598,539387907,"01598M21:36:34.834","01598 20:49:13",221.04,842.24,,,,"     ",5.10,189.47,2.89
1598,539387908,"01598M21:36:35.807","01598 20:49:14",221.10,842.22,,,,"     ",5.10,188.62,2.88
1598,539387909,"01598M21:36:36.781","01598 20:49:15",221.15,842.33,,,,"     ",5.10,187.81,2.87
1598,539387910,"01598M21:36:37.754","01598 20:49:16",221.19,842.23,,,,"     ",5.10,189.56,2.89
1598,539387911,"01598M21:36:38.727","01598 20:49:17",221.20,842.16,,,,"     ",5.10,189.35,2.89
1598,539387912,"01598M21:36:39.700","01598 20:49:18",221.20,842.13,,,,"     ",5.10,189.42,2.89
1598,539387913,"01598M21:36:40.674","01598 20:49:19",221.19,842.15,,,,"     ",5.10,189.20,2.89
1598,539387914,"01598M21:36:41.647","01598 20:49:20",221.18,842.23,,,,"     ",5.10,188.85,2.88
1598,539387915,"01598M21:36:42.620","01598 20:49:21",221.17,842.23,,,,"     ",5.10,188.24,2.87
1598,539387916,"01598M21:36:43.593","01598 20:49:22",221.16,842.24,,,,"     ",5.10,189.89,2.90
1598,539387917,"01598M21:36:44.567","01598 20:49:23",221.17,842.22,,,,"     ",5.10,189.26,2.89
1598,539387918,"01598M21:36:45.540","01598 20:49:24",221.20,842.22,,,,"     ",5.10,189.74,2.90
1598,539387919,"01598M21:36:46.513","01598 20:49:25",221.24,842.19,,,,"     ",5.10,189.82,2.90
1598,539387920,"01598M21:36:47.486","01598 20:49:26",221.28,842.19,,,,"     ",5.10,191.13,2.92
1598,539387921,"01598M21:36:48.460","01598 20:49:27",221.31,842.07,,,,"     ",5.10,192.17,2.94
1598,539387922,"01598M21:36:49.433","01598 20:49:28",221.33,842.13,,,,"     ",5.10,190.98,2.92
1598,539387923,"01598M21:36:50.406","01598 20:49:29",221.35,842.18,,,,"     ",5.10,191.83,2.93
1598,539387924,"01598M21:36:51.379","01598 20:49:30",221.36,842.14,,,,"     ",5.10,191.21,2.92
1598,539387925,"01598M21:36:52.353","01598 20:49:31",221.35,842.26,,,,"     ",5.10,190.96,2.92
1598,539387926,"01598M21:36:53.326","01598 20:49:32",221.35,842.28,,,,"     ",5.10,193.36,2.95
1598,539387927,"01598M21:36:54.299","01598 20:49:33",221.37,842.34,,,,"     ",5.10,193.48,2.96
1598,539387928,"01598M21:36:55.273","01598 20:49:34",221.40,842.32,,,,"     ",5.10,195.36,2.98
1598,539387929,"01598M21:36:56.246","01598 20:49:35",221.44,842.30,,,,"     ",5.10,192.73,2.94
1598,539387930,"01598M21:36:57.219","01598 20:49:36",221.48,842.32,,,,"     ",5.10,193.64,2.96
1598,539387931,"01598M21:36:58.192","01598 20:49:37",221.53,842.28,,,,"     ",5.10,195.36,2.99
1598,539387932,"01598M21:36:59.166","01598 20:49:38",221.58,842.36,,,,"     ",5.10,193.76,2.96
1598,539387933,"01598M21:37:00.139","01598 20:49:39",221.63,842.30,,,,"     ",5.10,194.58,2.97
1598,539387934,"01598M21:37:01.112","01598 20:49:40",221.69,842.25,,,,"     ",5.10,194.79,2.97
1598,539387935,"01598M21:37:02.085","01598 20:49:41",221.74,842.28,,,,"     ",5.10,194.52,2.97
1598,539387936,"01598M21:37:03.059","01598 20:49:42",221.78,842.20,,,,"     ",5.10,194.91,2.98
1598,539387937,"01598M21:37:04.032","01598 20:49:43",221.81,842.25,,,,"     ",5.10,195.74,2.99
1598,539387938,"01598M21:37:05.005","01598 20:49:44",221.84,842.24,,,,"     ",5.10,194.58,2.97
1598,539387939,"01598M21:37:05.978","01598 20:49:45",221.86,842.25,,,,"     ",5.10,194.59,2.97
1598,539387940,"01598M21:37:06.952","01598 20:49:46",221.85,842.33,,,,"     ",5.10,196.03,2.99
1598,539387941,"01598M21:37:07.925","01598 20:49:46",221.82,842.33,,,,"     ",5.10,196.11,2.99
1598,539387942,"01598M21:37:08.898","01598 20:49:47",221.78,842.34,,,,"     ",5.10,196.86,3.00
1598,539387943,"01598M21:37:09.871","01598 20:49:48",221.72,842.17,,,,"     ",5.10,195.10,2.98
1598,539387944,"01598M21:37:10.845","01598 20:49:49",221.66,842.28,,,,"     ",5.10,196.17,2.99
1598,539387945,"01598M21:37:11.818","01598 20:49:50",221.60,842.31,,,,"     ",5.10,195.38,2.98
1598,539387946,"01598M21:37:12.791","01598 20:49:51",221.54,842.37,,,,"     ",5.10,195.22,2.98
1598,539387947,"01598M21:37:13.764","01598 20:49:52",221.48,842.31,,,,"     ",5.10,195.22,2.98
1598,539387948,"01598M21:37:14.738","01598 20:49:53",221.41,842.35,,,,"     ",5.10,194.75,2.97
1598,539387949,"01598M21:37:15.711","01598 20:49:54",221.34,842.34,,,,"     ",5.10,194.52,2.97
1598,539387950,"01598M21:37:16.684","01598 20:49:55",221.26,842.29,,,,"     ",5.10,196.86,3.01
1598,539387951,"01598M21:37:17.657","01598 20:49:56",221.20,842.22,,,,"     ",5.10,194.42,2.97
1598,539387952,"01598M21:37:18.631","01598 20:49:57",221.16,842.30,,,,"     ",5.10,194.70,2.97
1598,539387953,"01598M21:37:19.604","01598 20:49:58",221.15,842.35,,,,"     ",5.10,195.00,2.98
1598,539387954,"01598M21:37:20.577","01598 20:49:59",221.18,842.26,,,,"     ",5.10,194.39,2.97
1598,539387955,"01598M21:37:21.550","01598 20:50:00",221.22,842.31,,,,"     ",5.10,194.53,2.97
1598,539387956,"01598M21:37:22.524","01598 20:50:01",221.26,842.24,,,,"     ",5.10,195.31,2.98
1598,539387957,"01598M21:37:23.497","01598 20:50:02",221.31,842.31,,,,"     ",5.10,195.00,2.98
1598,539387958,"01598M21:37:24.470","01598 20:50:03",221.36,842.32,,,,"     ",5.10,192.84,2.94
1598,539387959,"01598M21:37:25.443","01598 20:50:04",221.42,842.26,,,,"     ",5.10,195.09,2.98
1598,539387960,"01598M21:37:26.417","01598 20:50:05",221.46,842.38,,,,"     ",5.10,194.04,2.96
1598,539387961,"01598M21:37:27.390","01598 20:50:06",221.50,842.30,,,,"     ",5.10,193.82,2.96
1598,539387962,"01598M21:37:28.363","01598 20:50:07",221.53,842.32,,,,"     ",5.10,192.53,2.94
1598,539387963,"01598M21:37:29.336","01598 20:50:08",221.54,842.31,,,,"     ",5.10,193.30,2.95
1598,539387964,"01598M21:37:30.310","01598 20:50:09",221.54,842.45,,,,"     ",5.10,193.03,2.95
1598,539387965,"01598M21:37:31.283","01598 20:50:10",221.51,842.41,,,,"     ",5.10,193.66,2.96
1598,539387966,"01598M21:37:32.256","01598 20:50:11",221.47,842.40,,,,"     ",5.10,190.89,2.91
1598,539387967,"01598M21:37:33.229","01598 20:50:12",221.42,842.35,,,,"     ",5.10,192.91,2.95
1598,539387968,"01598M21:37:34.203","01598 20:50:13",221.38,842.33,,,,"     ",5.10,191.90,2.93
1598,539387969,"01598M21:37:35.176","01598 20:50:14",221.35,842.30,,,,"     ",5.10,192.76,2.94
1598,539387970,"01598M21:37:36.149","01598 20:50:15",221.33,842.26,,,,"     ",5.10,190.92,2.91
1598,539387971,"01598M21:37:37.122","01598 20:50:16",221.32,842.27,,,,"     ",5.10,193.79,2.96
1598,539387972,"01598M21:37:38.096","01598 20:50:17",221.29,842.34,,,,"     ",5.10,191.31,2.92
1598,539387973,"01598M21:37:39.069","01598 20:50:18",221.26,842.31,,,,"     ",5.10,192.38,2.94
1598,539387974,"01598M21:37:40.042","01598 20:50:19",221.22,842.41,,,,"     ",5.10,191.23,2.92
1598,539387975,"01598M21:37:41.015","01598 20:50:20",221.16,842.32,,,,"     ",5.10,192.88,2.95
1598,539387976,"01598M21:37:41.989","01598 20:50:21",221.10,842.43,,,,"     ",5.10,191.48,2.93
1598,539387977,"01598M21:37:42.962","01598 20:50:22",221.04,842.36,,,,"     ",5.10,190.33,2.91
1598,539387978,"01598M21:37:43.935","01598 20:50:22",220.98,842.40,,,,"     ",5.10,188.55,2.88
1598,539387979,"01598M21:37:44.908","01598 20:50:23",220.92,842.38,,,,"     ",5.10,189.49,2.89
1598,539387980,"01598M21:37:45.882","01598 20:50:24",220.88,842.40,,,,"     ",5.10,190.73,2.92
1598,539387981,"01598M21:37:46.855","01598 20:50:25",220.86,842.35,,,,"     ",5.10,190.98,2.92
1598,539387982,"01598M21:37:47.828","01598 20:50:26",220.84,842.37,,,,"     ",5.10,190.63,2.91
1598,539387983,"01598M21:37:48.801","01598 20:50:27",220.82,842.41,,,,"     ",5.10,188.44,2.88
1598,539387984,"01598M21:37:49.775","01598 20:50:28",220.79,842.39,,,,"     ",5.10,190.32,2.91
1598,539387985,"01598M21:37:50.748","01598 20:50:29",220.74,842.46,,,,"     ",5.10,190.08,2.91
1598,539387986,"01598M21:37:51.721","01598 20:50:30",220.67,842.38,,,,"     ",5.10,190.09,2.91
1598,539387987,"01598M21:37:52.694","01598 20:50:31",220.60,842.45,,,,"     ",5.10,189.16,2.89
1598,539387988,"01598M21:37:53.668","01598 20:50:32",220.53,842.45,,,,"     ",5.10,189.41,2.90
1598,539387989,"01598M21:37:54.641","01598 20:50:33",220.47,842.49,,,,"     ",5.10,190.47,2.91
1598,539387990,"01598M21:37:55.614","01598 20:50:34",220.44,842.49,,,,"     ",5.10,190.43,2.91
1598,539387991,"01598M21:37:56.587","01598 20:50:35",220.44,842.44,,,,"     ",5.10,189.79,2.90
1598,539387992,"01598M21:37:57.561","01598 20:50:36",220.46,842.47,,,,"     ",5.10,190.94,2.92
1598,539387993,"01598M21:37:58.534","01598 20:50:37",220.49,842.51,,,,"     ",5.10,190.97,2.92
1598,539387994,"01598M21:37:59.507","01598 20:50:38",220.53,842.50,,,,"     ",5.10,190.81,2.92
1598,539387995,"01598M21:38:00.480","01598 20:50:39",220.56,842.42,,,,"     ",5.10,190.52,2.92
1598,539387996,"01598M21:38:01.454","01598 20:50:40",220.58,842.48,,,,"     ",5.10,190.20,2.91
1598,539387997,"01598M21:38:02.427","01598 20:50:41",220.60,842.47,,,,"     ",5.10,192.16,2.94
1598,539387998,"01598M21:38:03.400","01598 20:50:42",220.62,842.47,,,,"     ",5.10,190.05,2.91
1598,539387999,"01598M21:38:04.374","01598 20:50:43",220.66,842.48,,,,"     ",5.10,191.16,2.93
1598,539388000,"01598M21:38:05.347","01598 20:50:44",220.72,842.48,,,,"     ",5.10,189.02,2.90
1598,539388001,"01598M21:38:06.320","01598 20:50:45",220.78,842.37,,,,"     ",5.10,189.50,2.90
1598,539388002,"01598M21:38:07.293","01598 20:50:46",220.81,842.39,,,,"     ",5.10,189.50,2.90
1598,539388003,"01598M21:38:08.267","01598 20:50:47",220.81,842.42,,,,"     ",5.10,190.50,2.92
1598,539388004,"01598M21:38:09.240","01598 20:50:48",220.77,842.48,,,,"     ",5.10,189.65,2.91
1598,539388005,"01598M21:38:10.213","01598 20:50:49",220.72,842.50,,,,"     ",5.10,190.27,2.91
1598,539388006,"01598M21:38:11.186","01598 20:50:50",220.68,842.48,,,,"     ",5.10,189.20,2.90
1598,539388007,"01598M21:38:12.160","01598 20:50:51",220.69,842.62,,,,"     ",5.10,190.02,2.91
1598,539388008,"01598M21:38:13.133","01598 20:50:52",220.73,842.58,,,,"     ",5.10,189.23,2.90
1598,539388009,"01598M21:38:14.106","01598 20:50:53",220.80,842.48,,,,"     ",5.10,188.69,2.89
1598,539388010,"01598M21:38:15.079","01598 20:50:54",220.87,842.45,,,,"     ",5.10,188.35,2.89
1598,539388011,"01598M21:38:16.053","01598 20:50:55",220.92,842.46,,,,"     ",5.10,190.56,2.92
1598,539388012,"01598M21:38:17.026","01598 20:50:56",220.93,842.61,,,,"     ",5.10,188.38,2.89
1598,539388013,"01598M21:38:17.999","01598 20:50:57",220.90,842.56,,,,"     ",5.10,188.79,2.90
1598,539388014,"01598M21:38:18.972","01598 20:50:58",220.84,842.46,,,,"     ",5.10,189.07,2.90
1598,539388015,"01598M21:38:19.946","01598 20:50:58",220.77,842.53,,,,"     ",5.10,188.17,2.89
1598,539388016,"01598M21:38:20.919","01598 20:50:59",220.69,842.45,,,,"     ",5.10,188.44,2.89
1598,539388017,"01598M21:38:21.892","01598 20:51:00",220.62,842.39,,,,"     ",5.10,188.64,2.89
1598,539388018,"01598M21:38:22.865","01598 20:51:01",220.53,842.44,,,,"     ",5.10,188.73,2.90
1598,539388019,"01598M21:38:23.839","01598 20:51:02",220.45,842.48,,,,"     ",5.10,187.77,2.88
1598,539388020,"01598M21:38:24.812","01598 20:51:03",220.38,842.51,,,,"     ",5.10,187.18,2.87
1598,539388021,"01598M21:38:25.785","01598 20:51:04",220.31,842.49,,,,"     ",5.10,188.04,2.89
1598,539388022,"01598M21:38:26.758","01598 20:51:05",220.25,842.51,,,,"     ",5.10,188.49,2.89
1598,539388023,"01598M21:38:27.732","01598 20:51:06",220.20,842.54,,,,"     ",5.10,187.41,2.88
1598,539388024,"01598M21:38:28.705","01598 20:51:07",220.18,842.51,,,,"     ",5.10,188.83,2.90
1598,539388025,"01598M21:38:29.678","01598 20:51:08",220.20,842.48,,,,"     ",5.10,188.24,2.89
1598,539388026,"01598M21:38:30.651","01598 20:51:09",220.25,842.49,,,,"     ",5.10,187.85,2.89
1598,539388027,"01598M21:38:31.625","01598 20:51:10",220.32,842.51,,,,"     ",5.10,187.95,2.89
1598,539388028,"01598M21:38:32.598","01598 20:51:11",220.39,842.54,,,,"     ",5.10,187.23,2.88
1598,539388029,"01598M21:38:33.571","01598 20:51:12",220.44,842.54,,,,"     ",5.10,188.27,2.89
1598,539388030,"01598M21:38:34.544","01598 20:51:13",220.45,842.54,,,,"     ",5.10,186.27,2.86
1598,539388031,"01598M21:38:35.518","01598 20:51:14",220.43,842.58,,,,"     ",5.10,186.30,2.86
1598,539388032,"01598M21:38:36.491","01598 20:51:15",220.39,842.66,,,,"     ",5.10,187.65,2.89
1598,539388033,"01598M21:38:37.464","01598 20:51:16",220.34,842.60,,,,"     ",5.10,187.06,2.88
1598,539388034,"01598M21:38:38.437","01598 20:51:17",220.29,842.57,,,,"     ",5.10,185.41,2.85
1598,539388035,"01598M21:38:39.411","01598 20:51:18",220.23,842.61,,,,"     ",5.10,187.78,2.89
1598,539388036,"01598M21:38:40.384","01598 20:51:19",220.18,842.56,,,,"     ",5.10,186.81,2.87
1598,539388037,"01598M21:38:41.357","01598 20:51:20",220.13,842.59,,,,"     ",5.10,187.73,2.89
1598,539388038,"01598M21:38:42.330","01598 20:51:21",220.11,842.65,,,,"     ",5.10,185.87,2.86
1598,539388039,"01598M21:38:43.304","01598 20:51:22",220.11,842.68,,,,"     ",5.10,187.15,2.88
1598,539388040,"01598M21:38:44.277","01598 20:51:23",220.13,842.55,,,,"     ",5.10,186.83,2.88
1598,539388041,"01598M21:38:45.250","01598 20:51:24",220.16,842.59,,,,"     ",5.10,186.33,2.87
1598,539388042,"01598M21:38:46.223","01598 20:51:25",220.20,842.58,,,,"     ",5.10,185.94,2.86
1598,539388043,"01598M21:38:47.197","01598 20:51:26",220.23,842.52,,,,"     ",5.10,186.58,2.87
1598,539388044,"01598M21:38:48.170","01598 20:51:27",220.26,842.58,,,,"     ",5.10,184.97,2.85
1598,539388045,"01598M21:38:49.143","01598 20:51:28",220.30,842.51,,,,"     ",5.10,186.26,2.87
1598,539388046,"01598M21:38:50.116","01598 20:51:29",220.37,842.53,,,,"     ",5.10,187.55,2.89
1598,539388047,"01598M21:38:51.090","01598 20:51:30",220.44,842.50,,,,"     ",5.10,187.05,2.88
1598,539388048,"01598M21:38:52.063","01598 20:51:31",220.51,842.46,,,,"     ",5.10,187.81,2.90
1598,539388049,"01598M21:38:53.036","01598 20:51:32",220.57,842.44,,,,"     ",5.10,185.62,2.86
1598,539388050,"01598M21:38:54.009","01598 20:51:33",220.62,842.47,,,,"     ",5.10,186.60,2.88
1598,539388051,"01598M21:38:54.983","01598 20:51:34",220.66,842.48,,,,"     ",5.10,185.56,2.86
1598,539388052,"01598M21:38:55.956","01598 20:51:34",220.68,842.49,,,,"     ",5.10,186.34,2.87
1598,539388053,"01598M21:38:56.929","01598 20:51:35",220.69,842.50,,,,"     ",5.10,186.01,2.87
1598,539388054,"01598M21:38:57.902","01598 20:51:36",220.70,842.46,,,,"     ",5.10,186.89,2.88
1598,539388055,"01598M21:38:58.876","01598 20:51:37",220.70,842.51,,,,"     ",5.10,188.49,2.91
1598,539388056,"01598M21:38:59.849","01598 20:51:38",220.70,842.59,,,,"     ",5.10,187.20,2.89
1598,539388057,"01598M21:39:00.822","01598 20:51:39",220.68,842.57,,,,"     ",5.10,186.06,2.87
1598,539388058,"01598M21:39:01.795","01598 20:51:40",220.67,842.59,,,,"     ",5.10,187.53,2.90
1598,539388059,"01598M21:39:02.769","01598 20:51:41",220.67,842.51,,,,"     ",5.10,187.24,2.89
1598,539388060,"01598M21:39:03.742","01598 20:51:42",220.67,842.48,,,,"     ",5.10,187.52,2.90
1598,539388061,"01598M21:39:04.715","01598 20:51:43",220.66,842.53,,,,"     ",5.10,186.63,2.88
1598,539388062,"01598M21:39:05.688","01598 20:51:44",220.65,842.51,,,,"     ",5.10,186.65,2.88
1598,539388063,"01598M21:39:06.662","01598 20:51:45",220.64,842.43,,,,"     ",5.10,187.73,2.90
1598,539388064,"01598M21:39:07.635","01598 20:51:46",220.63,842.49,,,,"     ",5.10,187.99,2.91
1598,539388065,"01598M21:39:08.608","01598 20:51:47",220.63,842.49,,,,"     ",5.10,187.83,2.90
1598,539388066,"01598M21:39:09.581","01598 20:51:48",220.64,842.48,,,,"     ",5.10,187.24,2.89
1598,539388067,"01598M21:39:10.555","01598 20:51:49",220.65,842.43,,,,"     ",5.10,188.34,2.91
1598,539388068,"01598M21:39:11.528","01598 20:51:50",220.65,842.47,,,,"     ",5.10,187.70,2.90
1598,539388069,"01598M21:39:12.501","01598 20:51:51",220.63,842.49,,,,"     ",5.10,187.35,2.90
1598,539388070,"01598M21:39:13.474","01598 20:51:52",220.59,842.54,,,,"     ",5.10,187.79,2.90
1598,539388071,"01598M21:39:14.448","01598 20:51:53",220.53,842.44,,,,"     ",5.10,188.13,2.91
1598,539388072,"01598M21:39:15.421","01598 20:51:54",220.47,842.46,,,,"     ",5.10,188.51,2.91
1598,539388073,"01598M21:39:16.394","01598 20:51:55",220.42,842.44,,,,"     ",5.10,188.13,2.91
1598,539388074,"01598M21:39:17.368","01598 20:51:56",220.38,842.48,,,,"     ",5.10,186.82,2.89
1598,539388075,"01598M21:39:18.341","01598 20:51:57",220.36,842.47,,,,"     ",5.10,188.31,2.91
1598,539388076,"01598M21:39:19.314","01598 20:51:58",220.34,842.43,,,,"     ",5.10,188.60,2.92
1598,539388077,"01598M21:39:20.287","01598 20:51:59",220.33,842.46,,,,"     ",5.10,187.31,2.90
1598,539388078,"01598M21:39:21.261","01598 20:52:00",220.32,842.42,,,,"     ",5.10,189.00,2.92
1598,539388079,"01598M21:39:22.234","01598 20:52:01",220.30,842.46,,,,"     ",5.10,187.86,2.91
1598,539388080,"01598M21:39:23.207","01598 20:52:02",220.31,842.39,,,,"     ",5.10,187.83,2.91
1598,539388081,"01598M21:39:24.180","01598 20:52:03",220.33,842.40,,,,"     ",5.10,188.43,2.92
1598,539388082,"01598M21:39:25.154","01598 20:52:04",220.36,842.44,,,,"     ",5.10,188.42,2.92
1598,539388083,"01598M21:39:26.127","01598 20:52:05",220.40,842.41,,,,"     ",5.10,189.60,2.93
1598,539388084,"01598M21:39:27.100","01598 20:52:06",220.45,842.42,,,,"     ",5.10,189.06,2.93
1598,539388085,"01598M21:39:28.073","01598 20:52:07",220.50,842.34,,,,"     ",5.10,189.13,2.93
1598,539388086,"01598M21:39:29.047","01598 20:52:08",220.54,842.42,,,,"     ",5.10,188.39,2.92
1598,539388087,"01598M21:39:30.020","01598 20:52:09",220.55,842.35,,,,"     ",5.10,188.78,2.92
1598,539388088,"01598M21:39:30.993","01598 20:52:10",220.54,842.35,,,,"     ",5.10,189.18,2.93
1598,539388089,"01598M21:39:31.966","01598 20:52:10",220.51,842.39,,,,"     ",5.10,188.33,2.92
1598,539388090,"01598M21:39:32.940","01598 20:52:11",220.47,842.49,,,,"     ",5.10,188.00,2.91
1598,539388091,"01598M21:39:33.913","01598 20:52:12",220.43,842.38,,,,"     ",5.10,187.06,2.90
1598,539388092,"01598M21:39:34.886","01598 20:52:13",220.41,842.48,,,,"     ",5.10,188.17,2.91
1598,539388093,"01598M21:39:35.859","01598 20:52:14",220.39,842.47,,,,"     ",5.10,188.82,2.93
1598,539388094,"01598M21:39:36.833","01598 20:52:15",220.38,842.45,,,,"     ",5.10,187.44,2.90
1598,539388095,"01598M21:39:37.806","01598 20:52:16",220.37,842.42,,,,"     ",5.10,190.61,2.96
1598,539388096,"01598M21:39:38.779","01598 20:52:17",220.36,842.35,,,,"     ",5.10,187.16,2.90
1598,539388097,"01598M21:39:39.752","01598 20:52:18",220.37,842.37,,,,"     ",5.10,188.50,2.92
1598,539388098,"01598M21:39:40.726","01598 20:52:19",220.41,842.40,,,,"     ",5.10,188.39,2.92
1598,539388099,"01598M21:39:41.699","01598 20:52:20",220.48,842.35,,,,"     ",5.10,187.66,2.91
1598,539388100,"01598M21:39:42.672","01598 20:52:21",220.57,842.37,,,,"     ",5.10,188.05,2.92
1598,539388101,"01598M21:39:43.645","01598 20:52:22",220.68,842.37,,,,"     ",5.10,189.20,2.94
1598,539388102,"01598M21:39:44.619","01598 20:52:23",220.77,842.33,,,,"     ",5.10,187.41,2.91
1598,539388103,"01598M21:39:45.592","01598 20:52:24",220.84,842.36,,,,"     ",5.10,188.17,2.92
1598,539388104,"01598M21:39:46.565","01598 20:52:25",220.87,842.37,,,,"     ",5.10,188.07,2.92
1598,539388105,"01598M21:39:47.538","01598 20:52:26",220.87,842.40,,,,"     ",5.10,188.08,2.92
1598,539388106,"01598M21:39:48.512","01598 20:52:27",220.87,842.36,,,,"     ",5.10,188.93,2.93
1598,539388107,"01598M21:39:49.485","01598 20:52:28",220.87,842.41,,,,"     ",5.10,189.34,2.94
1598,539388108,"01598M21:39:50.458","01598 20:52:29",220.88,842.48,,,,"     ",5.10,189.92,2.95
1598,539388109,"01598M21:39:51.431","01598 20:52:30",220.88,842.43,,,,"     ",5.10,188.72,2.93
1598,539388110,"01598M21:39:52.405","01598 20:52:31",220.88,842.52,,,,"     ",5.10,188.72,2.93
1598,539388111,"01598M21:39:53.378","01598 20:52:32",220.87,842.47,,,,"     ",5.10,189.33,2.94
1598,539388112,"01598M21:39:54.351","01598 20:52:33",220.86,842.54,,,,"     ",5.10,189.46,2.94
1598,539388113,"01598M21:39:55.324","01598 20:52:34",220.85,842.49,,,,"     ",5.10,189.53,2.94
1598,539388114,"01598M21:39:56.298","01598 20:52:35",220.85,842.41,,,,"     ",5.10,189.18,2.94
1598,539388115,"01598M21:39:57.271","01598 20:52:36",220.87,842.42,,,,"     ",5.10,189.81,2.95
1598,539388116,"01598M21:39:58.244","01598 20:52:37",220.91,842.44,,,,"     ",5.10,189.78,2.95
1598,539388117,"01598M21:39:59.217","01598 20:52:38",220.96,842.42,,,,"     ",5.10,190.41,2.96
1598,539388118,"01598M21:40:00.191","01598 20:52:39",221.00,842.46,,,,"     ",5.10,189.26,2.94
1598,539388119,"01598M21:40:01.164","01598 20:52:40",221.03,842.36,,,,"     ",5.10,189.08,2.94
1598,539388120,"01598M21:40:02.137","01598 20:52:41",221.06,842.43,,,,"     ",5.10,188.84,2.93
1598,539388121,"01598M21:40:03.110","01598 20:52:42",221.09,842.37,,,,"     ",5.10,189.06,2.93
1598,539388122,"01598M21:40:04.084","01598 20:52:43",221.12,842.39,,,,"     ",5.10,189.63,2.94
1598,539388123,"01598M21:40:05.057","01598 20:52:44",221.17,842.37,,,,"     ",5.10,190.28,2.95
1598,539388124,"01598M21:40:06.030","01598 20:52:45",221.23,842.38,,,,"     ",5.10,191.23,2.97
1598,539388125,"01598M21:40:07.003","01598 20:52:46",221.30,842.39,,,,"     ",5.10,190.38,2.96
1598,539388126,"01598M21:40:07.977","01598 20:52:47",221.37,842.33,,,,"     ",5.10,192.90,3.00
1598,539388127,"01598M21:40:08.950","01598 20:52:47",221.44,842.42,,,,"     ",5.10,192.12,2.98
1598,539388128,"01598M21:40:09.923","01598 20:52:48",221.51,842.45,,,,"     ",5.10,191.81,2.98
1598,539388129,"01598M21:40:10.896","01598 20:52:49",221.57,842.49,,,,"     ",5.10,192.85,2.99
1598,539388130,"01598M21:40:11.870","01598 20:52:50",221.62,842.45,,,,"     ",5.10,193.56,3.01
1598,539388131,"01598M21:40:12.843","01598 20:52:51",221.67,842.46,,,,"     ",5.10,193.03,3.00
1598,539388132,"01598M21:40:13.816","01598 20:52:52",221.72,842.49,,,,"     ",5.10,193.95,3.01
1598,539388133,"01598M21:40:14.789","01598 20:52:53",221.78,842.48,,,,"     ",5.10,193.77,3.01
1598,539388134,"01598M21:40:15.763","01598 20:52:54",221.83,842.47,,,,"     ",5.10,193.92,3.01
1598,539388135,"01598M21:40:16.736","01598 20:52:55",221.88,842.51,,,,"     ",5.10,193.31,3.00
1598,539388136,"01598M21:40:17.709","01598 20:52:56",221.90,842.50,,,,"     ",5.10,194.78,3.02
1598,539388137,"01598M21:40:18.682","01598 20:52:57",221.89,842.50,,,,"     ",5.10,194.89,3.03
1598,539388138,"01598M21:40:19.656","01598 20:52:58",221.87,842.53,,,,"     ",5.10,195.44,3.04
1598,539388139,"01598M21:40:20.629","01598 20:52:59",221.82,842.47,,,,"     ",5.10,194.22,3.01
1598,539388140,"01598M21:40:21.602","01598 20:53:00",221.77,842.42,,,,"     ",5.10,194.82,3.02
1598,539388141,"01598M21:40:22.575","01598 20:53:01",221.71,842.40,,,,"     ",5.10,195.16,3.03
1598,539388142,"01598M21:40:23.549","01598 20:53:02",221.66,842.46,,,,"     ",5.10,194.21,3.01
1598,539388143,"01598M21:40:24.522","01598 20:53:03",221.61,842.50,,,,"     ",5.10,194.75,3.02
1598,539388144,"01598M21:40:25.495","01598 20:53:04",221.57,842.50,,,,"     ",5.10,193.14,3.00
1598,539388145,"01598M21:40:26.469","01598 20:53:05",221.56,842.46,,,,"     ",5.10,194.37,3.02
1598,539388146,"01598M21:40:27.442","01598 20:53:06",221.57,842.46,,,,"     ",5.10,194.28,3.02
1598,539388147,"01598M21:40:28.415","01598 20:53:07",221.59,842.43,,,,"     ",5.10,194.30,3.02
1598,539388148,"01598M21:40:29.388","01598 20:53:08",221.62,842.48,,,,"     ",5.10,194.28,3.02
1598,539388149,"01598M21:40:30.362","01598 20:53:09",221.64,842.53,,,,"     ",5.10,193.44,3.00
1598,539388150,"01598M21:40:31.335","01598 20:53:10",221.65,842.54,,,,"     ",5.10,192.88,2.99
1598,539388151,"01598M21:40:32.308","01598 20:53:11",221.65,842.58,,,,"     ",5.10,193.72,3.01
1598,539388152,"01598M21:40:33.281","01598 20:53:12",221.65,842.52,,,,"     ",5.10,191.68,2.97
1598,539388153,"01598M21:40:34.255","01598 20:53:13",221.64,842.51,,,,"     ",5.10,193.80,3.01
1598,539388154,"01598M21:40:35.228","01598 20:53:14",221.62,842.48,,,,"     ",5.10,194.13,3.01
1598,539388155,"01598M21:40:36.201","01598 20:53:15",221.59,842.50,,,,"     ",5.10,193.46,3.00
1598,539388156,"01598M21:40:37.174","01598 20:53:16",221.56,842.59,,,,"     ",5.10,192.73,2.99
1598,539388157,"01598M21:40:38.148","01598 20:53:17",221.52,842.56,,,,"     ",5.10,192.44,2.99
1598,539388158,"01598M21:40:39.121","01598 20:53:18",221.47,842.55,,,,"     ",5.10,192.93,3.00
1598,539388159,"01598M21:40:40.094","01598 20:53:19",221.41,842.49,,,,"     ",5.10,192.93,3.00
1598,539388160,"01598M21:40:41.067","01598 20:53:20",221.34,842.41,,,,"     ",5.10,192.18,2.98
1598,539388161,"01598M21:40:42.041","01598 20:53:21",221.27,842.38,,,,"     ",5.10,193.72,3.01
1598,539388162,"01598M21:40:43.014","01598 20:53:22",221.19,842.40,,,,"     ",5.10,192.11,2.98
1598,539388163,"01598M21:40:43.987","01598 20:53:23",221.10,842.38,,,,"     ",5.10,191.80,2.98
1598,539388164,"01598M21:40:44.960","01598 20:53:23",221.01,842.37,,,,"     ",5.10,191.39,2.97
1598,539388165,"01598M21:40:45.934","01598 20:53:24",220.92,842.42,,,,"     ",5.10,191.69,2.98
1598,539388166,"01598M21:40:46.907","01598 20:53:25",220.97,842.52,,,,"     ",5.10,190.41,2.96
1598,539388167,"01598M21:40:47.880","01598 20:53:26",221.00,842.41,,,,"     ",5.10,191.67,2.98
1598,539388168,"01598M21:40:48.853","01598 20:53:27",221.04,842.49,,,,"     ",5.10,191.05,2.97
1598,539388169,"01598M21:40:49.827","01598 20:53:28",221.07,842.43,,,,"     ",5.10,191.43,2.97
1598,539388170,"01598M21:40:50.800","01598 20:53:29",221.09,842.47,,,,"     ",5.10,190.15,2.95
1598,539388171,"01598M21:40:51.773","01598 20:53:30",221.10,842.53,,,,"     ",5.10,190.96,2.97
1598,539388172,"01598M21:40:52.746","01598 20:53:31",221.10,842.48,,,,"     ",5.10,191.19,2.97
1598,539388173,"01598M21:40:53.720","01598 20:53:32",221.10,842.47,,,,"     ",5.10,190.32,2.96
1598,539388174,"01598M21:40:54.693","01598 20:53:33",221.10,842.46,,,,"     ",5.10,190.95,2.97
1598,539388175,"01598M21:40:55.666","01598 20:53:34",221.09,842.44,,,,"     ",5.10,190.96,2.97
1598,539388176,"01598M21:40:56.639","01598 20:53:35",221.07,842.43,,,,"     ",5.10,191.17,2.97
1598,539388177,"01598M21:40:57.613","01598 20:53:36",221.05,842.47,,,,"     ",5.10,189.52,2.95
1598,539388178,"01598M21:40:58.586","01598 20:53:37",221.03,842.43,,,,"     ",5.10,190.22,2.96
1598,539388179,"01598M21:40:59.559","01598 20:53:38",220.97,842.40,,,,"     ",5.10,189.60,2.95
1598,539388180,"01598M21:41:00.532","01598 20:53:39",220.86,842.47,,,,"     ",5.10,190.82,2.97
1598,539388181,"01598M21:41:01.506","01598 20:53:40",220.76,842.44,,,,"     ",5.10,189.77,2.95
1598,539388182,"01598M21:41:02.479","01598 20:53:41",220.66,842.58,,,,"     ",5.10,188.55,2.93
1598,539388183,"01598M21:41:03.452","01598 20:53:42",220.58,842.54,,,,"     ",5.10,188.78,2.94
1598,539388184,"01598M21:41:04.425","01598 20:53:43",220.51,842.58,,,,"     ",5.10,188.40,2.93
1598,539388185,"01598M21:41:05.399","01598 20:53:44",220.45,842.54,,,,"     ",5.10,189.07,2.94
1598,539388186,"01598M21:41:06.372","01598 20:53:45",220.40,842.58,,,,"     ",5.10,188.80,2.94
1598,539388187,"01598M21:41:07.345","01598 20:53:46",220.39,842.54,,,,"     ",5.10,187.44,2.92
1598,539388188,"01598M21:41:08.318","01598 20:53:47",220.41,842.47,,,,"     ",5.10,188.32,2.93
1598,539388189,"01598M21:41:09.292","01598 20:53:48",220.45,842.45,,,,"     ",5.10,188.17,2.93
1598,539388190,"01598M21:41:10.265","01598 20:53:49",220.49,842.45,,,,"     ",5.10,188.34,2.93
1598,539388191,"01598M21:41:11.238","01598 20:53:50",220.53,842.49,,,,"     ",5.10,185.95,2.89
1598,539388192,"01598M21:41:12.211","01598 20:53:51",220.55,842.51,,,,"     ",5.10,186.91,2.91
1598,539388193,"01598M21:41:13.185","01598 20:53:52",220.56,842.56,,,,"     ",5.10,188.40,2.94
1598,539388194,"01598M21:41:14.158","01598 20:53:53",220.55,842.55,,,,"     ",5.10,187.53,2.92
1598,539388195,"01598M21:41:15.131","01598 20:53:54",220.54,842.57,,,,"     ",5.10,187.54,2.92
1598,539388196,"01598M21:41:16.104","01598 20:53:55",220.55,842.65,,,,"     ",5.10,187.13,2.92
1598,539388197,"01598M21:41:17.078","01598 20:53:56",220.57,842.65,,,,"     ",5.10,188.51,2.94
1598,539388198,"01598M21:41:18.051","01598 20:53:57",220.59,842.59,,,,"     ",5.10,186.42,2.91
1598,539388199,"01598M21:41:19.024","01598 20:53:58",220.60,842.59,,,,"     ",5.10,187.29,2.92
1598,539388200,"01598M21:41:19.997","01598 20:53:59",220.60,842.51,,,,"     ",5.10,187.86,2.93
1598,539388201,"01598M21:41:20.971","01598 20:53:59",220.58,842.64,,,,"     ",5.10,186.98,2.92
1598,539388202,"01598M21:41:21.944","01598 20:54:00",220.55,842.58,,,,"     ",5.10,185.80,2.90
1598,539388203,"01598M21:41:22.917","01598 20:54:01",220.52,842.57,,,,"     ",5.10,185.89,2.90
1598,539388204,"01598M21:41:23.890","01598 20:54:02",220.50,842.60,,,,"     ",5.10,185.51,2.90
1598,539388205,"01598M21:41:24.864","01598 20:54:03",220.49,842.62,,,,"     ",5.10,187.50,2.93
1598,539388206,"01598M21:41:25.837","01598 20:54:04",220.50,842.62,,,,"     ",5.10,186.54,2.91
1598,539388207,"01598M21:41:26.810","01598 20:54:05",220.53,842.54,,,,"     ",5.10,186.71,2.92
1598,539388208,"01598M21:41:27.783","01598 20:54:06",220.55,842.52,,,,"     ",5.10,187.03,2.92
1598,539388209,"01598M21:41:28.757","01598 20:54:07",220.58,842.58,,,,"     ",5.10,188.02,2.94
1598,539388210,"01598M21:41:29.730","01598 20:54:08",220.61,842.60,,,,"     ",5.10,188.07,2.94
1598,539388211,"01598M21:41:30.703","01598 20:54:09",220.64,842.59,,,,"     ",5.10,188.69,2.95
1598,539388212,"01598M21:41:31.676","01598 20:54:10",220.67,842.63,,,,"     ",5.10,187.35,2.93
1598,539388213,"01598M21:41:32.650","01598 20:54:11",220.71,842.61,,,,"     ",5.10,188.71,2.95
1598,539388214,"01598M21:41:33.623","01598 20:54:12",220.76,842.62,,,,"     ",5.10,188.58,2.95
1598,539388215,"01598M21:41:34.596","01598 20:54:13",220.80,842.69,,,,"     ",5.10,188.49,2.95
1598,539388216,"01598M21:41:35.570","01598 20:54:14",220.83,842.61,,,,"     ",5.10,188.44,2.95
1598,539388217,"01598M21:41:36.543","01598 20:54:15",220.85,842.55,,,,"     ",5.10,188.19,2.94
1598,539388218,"01598M21:41:37.516","01598 20:54:16",220.87,842.60,,,,"     ",5.10,187.63,2.93
1598,539388219,"01598M21:41:38.489","01598 20:54:17",220.88,842.56,,,,"     ",5.10,190.23,2.98
1598,539388220,"01598M21:41:39.463","01598 20:54:18",220.89,842.61,,,,"     ",5.10,187.72,2.94
1598,539388221,"01598M21:41:40.436","01598 20:54:19",220.92,842.59,,,,"     ",5.10,188.59,2.95
1598,539388222,"01598M21:41:41.409","01598 20:54:20",220.97,842.65,,,,"     ",5.10,186.87,2.92
1598,539388223,"01598M21:41:42.382","01598 20:54:21",221.01,842.71,,,,"     ",5.10,188.85,2.96
1598,539388224,"01598M21:41:43.356","01598 20:54:22",221.06,842.64,,,,"     ",5.10,188.48,2.95
1598,539388225,"01598M21:41:44.329","01598 20:54:23",221.10,842.65,,,,"     ",5.10,188.06,2.94
1598,539388226,"01598M21:41:45.302","01598 20:54:24",221.13,842.64,,,,"     ",5.10,188.60,2.95
1598,539388227,"01598M21:41:46.275","01598 20:54:25",221.15,842.68,,,,"     ",5.10,188.21,2.95
1598,539388228,"01598M21:41:47.249","01598 20:54:26",221.16,842.69,,,,"     ",5.10,187.78,2.94
1598,539388229,"01598M21:41:48.222","01598 20:54:27",221.17,842.69,,,,"     ",5.10,189.21,2.96
1598,539388230,"01598M21:41:49.195","01598 20:54:28",221.15,842.75,,,,"     ",5.10,187.78,2.94
1598,539388231,"01598M21:41:50.168","01598 20:54:29",221.11,842.73,,,,"     ",5.10,187.32,2.93
1598,539388232,"01598M21:41:51.142","01598 20:54:30",221.06,842.69,,,,"     ",5.10,188.85,2.96
1598,539388233,"01598M21:41:52.115","01598 20:54:31",221.01,842.67,,,,"     ",5.10,189.01,2.96
1598,539388234,"01598M21:41:53.088","01598 20:54:32",220.97,842.63,,,,"     ",5.10,188.67,2.96
1598,539388235,"01598M21:41:54.061","01598 20:54:33",220.94,842.70,,,,"     ",5.10,189.88,2.98
1598,539388236,"01598M21:41:55.035","01598 20:54:34",220.93,842.68,,,,"     ",5.10,188.14,2.95
1598,539388237,"01598M21:41:56.008","01598 20:54:35",220.92,842.74,,,,"     ",5.10,189.70,2.97
1598,539388238,"01598M21:41:56.981","01598 20:54:35",220.91,842.76,,,,"     ",5.10,188.51,2.95
1598,539388239,"01598M21:41:57.954","01598 20:54:36",220.88,842.67,,,,"     ",5.10,189.80,2.98
1598,539388240,"01598M21:41:58.928","01598 20:54:37",220.83,842.68,,,,"     ",5.10,189.36,2.97
1598,539388241,"01598M21:41:59.901","01598 20:54:38",220.75,842.75,,,,"     ",5.10,188.50,2.95
1598,539388242,"01598M21:42:00.874","01598 20:54:39",220.63,842.76,,,,"     ",5.10,191.17,3.00
1598,539388243,"01598M21:42:01.847","01598 20:54:40",220.51,842.75,,,,"     ",5.10,190.63,2.99
1598,539388244,"01598M21:42:02.821","01598 20:54:41",220.40,842.79,,,,"     ",5.10,188.68,2.96
1598,539388245,"01598M21:42:03.794","01598 20:54:42",220.33,842.76,,,,"     ",5.10,188.62,2.96
1598,539388246,"01598M21:42:04.767","01598 20:54:43",220.30,842.77,,,,"     ",5.10,189.38,2.97
1598,539388247,"01598M21:42:05.740","01598 20:54:44",220.30,842.79,,,,"     ",5.10,188.75,2.96
1598,539388248,"01598M21:42:06.714","01598 20:54:45",220.32,842.74,,,,"     ",5.10,188.13,2.95
1598,539388249,"01598M21:42:07.687","01598 20:54:46",220.36,842.75,,,,"     ",5.10,190.59,2.99
1598,539388250,"01598M21:42:08.660","01598 20:54:47",220.41,842.79,,,,"     ",5.10,188.57,2.96
1598,539388251,"01598M21:42:09.633","01598 20:54:48",220.50,842.81,,,,"     ",5.10,188.71,2.96
1598,539388252,"01598M21:42:10.607","01598 20:54:49",220.61,842.72,,,,"     ",5.10,188.88,2.96
1598,539388253,"01598M21:42:11.580","01598 20:54:50",220.76,842.67,,,,"     ",5.10,188.92,2.97
1598,539388254,"01598M21:42:12.553","01598 20:54:51",220.93,842.69,,,,"     ",5.10,188.70,2.96
1598,539388255,"01598M21:42:13.526","01598 20:54:52",221.10,842.67,,,,"     ",5.10,189.10,2.97
1598,539388256,"01598M21:42:14.500","01598 20:54:53",221.23,842.70,,,,"     ",5.10,188.84,2.96
1598,539388257,"01598M21:42:15.473","01598 20:54:54",221.33,842.73,,,,"     ",5.10,188.32,2.96
1598,539388258,"01598M21:42:16.446","01598 20:54:55",221.39,842.77,,,,"     ",5.10,189.08,2.97
1598,539388259,"01598M21:42:17.419","01598 20:54:56",221.41,842.79,,,,"     ",5.10,188.63,2.96
1598,539388260,"01598M21:42:18.393","01598 20:54:57",221.41,842.83,,,,"     ",5.10,189.01,2.97
1598,539388261,"01598M21:42:19.366","01598 20:54:58",221.39,842.79,,,,"     ",5.10,188.88,2.97
1598,539388262,"01598M21:42:20.339","01598 20:54:59",221.37,842.83,,,,"     ",5.10,189.32,2.97
1598,539388263,"01598M21:42:21.312","01598 20:55:00",221.36,842.82,,,,"     ",5.10,188.42,2.96
1598,539388264,"01598M21:42:22.286","01598 20:55:01",221.35,842.72,,,,"     ",5.10,190.73,3.00
1598,539388265,"01598M21:42:23.259","01598 20:55:02",221.35,842.73,,,,"     ",5.10,188.00,2.95
1598,539388266,"01598M21:42:24.232","01598 20:55:03",221.35,842.77,,,,"     ",5.10,189.26,2.97
1598,539388267,"01598M21:42:25.205","01598 20:55:04",221.33,842.77,,,,"     ",5.10,189.59,2.98
1598,539388268,"01598M21:42:26.179","01598 20:55:05",221.29,842.82,,,,"     ",5.10,187.76,2.95
1598,539388269,"01598M21:42:27.152","01598 20:55:06",221.25,842.83,,,,"     ",5.10,189.47,2.98
1598,539388270,"01598M21:42:28.125","01598 20:55:07",221.22,842.85,,,,"     ",5.10,189.59,2.98
1598,539388271,"01598M21:42:29.098","01598 20:55:08",221.18,842.83,,,,"     ",5.10,189.60,2.98
1598,539388272,"01598M21:42:30.072","01598 20:55:09",221.15,842.84,,,,"     ",5.10,189.75,2.98
1598,539388273,"01598M21:42:31.045","01598 20:55:10",221.12,842.80,,,,"     ",5.10,188.70,2.97
1598,539388274,"01598M21:42:32.018","01598 20:55:11",221.10,842.77,,,,"     ",5.10,188.92,2.97
1598,539388275,"01598M21:42:32.991","01598 20:55:11",221.08,842.72,,,,"     ",5.10,189.26,2.98
1598,539388276,"01598M21:42:33.965","01598 20:55:12",221.07,842.80,,,,"     ",5.10,188.05,2.96
1598,539388277,"01598M21:42:34.938","01598 20:55:13",221.06,842.89,,,,"     ",5.10,187.48,2.95
1598,539388278,"01598M21:42:35.911","01598 20:55:14",221.05,842.82,,,,"     ",5.10,188.88,2.97
1598,539388279,"01598M21:42:36.884","01598 20:55:15",221.04,842.84,,,,"     ",5.10,188.41,2.96
1598,539388280,"01598M21:42:37.858","01598 20:55:16",221.02,842.79,,,,"     ",5.10,187.62,2.95
1598,539388281,"01598M21:42:38.831","01598 20:55:17",220.98,842.91,,,,"     ",5.10,188.03,2.96
1598,539388282,"01598M21:42:39.804","01598 20:55:18",220.94,842.86,,,,"     ",5.10,187.98,2.96
1598,539388283,"01598M21:42:40.777","01598 20:55:19",220.88,842.87,,,,"     ",5.10,188.07,2.96
1598,539388284,"01598M21:42:41.751","01598 20:55:20",220.84,842.86,,,,"     ",5.10,188.06,2.96
1598,539388285,"01598M21:42:42.724","01598 20:55:21",220.80,842.85,,,,"     ",5.10,188.17,2.96
1598,539388286,"01598M21:42:43.697","01598 20:55:22",220.76,842.86,,,,"     ",5.10,188.32,2.96
1598,539388287,"01598M21:42:44.671","01598 20:55:23",220.74,842.82,,,,"     ",5.10,187.57,2.95
1598,539388288,"01598M21:42:45.644","01598 20:55:24",220.73,842.80,,,,"     ",5.10,186.77,2.94
1598,539388289,"01598M21:42:46.617","01598 20:55:25",220.73,842.86,,,,"     ",5.10,187.42,2.95
1598,539388290,"01598M21:42:47.590","01598 20:55:26",220.73,842.92,,,,"     ",5.10,187.67,2.96
1598,539388291,"01598M21:42:48.564","01598 20:55:27",220.72,842.87,,,,"     ",5.10,186.93,2.95
1598,539388292,"01598M21:42:49.537","01598 20:55:28",220.73,842.93,,,,"     ",5.10,185.80,2.93
1598,539388293,"01598M21:42:50.510","01598 20:55:29",220.75,842.95,,,,"     ",5.10,186.70,2.94
1598,539388294,"01598M21:42:51.483","01598 20:55:30",220.79,842.97,,,,"     ",5.10,185.99,2.93
1598,539388295,"01598M21:42:52.457","01598 20:55:31",220.85,842.92,,,,"     ",5.10,186.86,2.95
1598,539388296,"01598M21:42:53.430","01598 20:55:32",220.90,842.95,,,,"     ",5.10,186.62,2.94
1598,539388297,"01598M21:42:54.403","01598 20:55:33",220.94,842.94,,,,"     ",5.10,186.96,2.95
1598,539388298,"01598M21:42:55.376","01598 20:55:34",220.97,842.96,,,,"     ",5.10,187.72,2.96
1598,539388299,"01598M21:42:56.350","01598 20:55:35",220.98,842.92,,,,"     ",5.10,187.29,2.95
1598,539388300,"01598M21:42:57.323","01598 20:55:36",220.96,842.88,,,,"     ",5.10,186.97,2.95
1598,539388301,"01598M21:42:58.296","01598 20:55:37",220.90,842.95,,,,"     ",5.10,187.52,2.96
1598,539388302,"01598M21:42:59.269","01598 20:55:38",220.83,842.92,,,,"     ",5.10,186.72,2.94
1598,539388303,"01598M21:43:00.243","01598 20:55:39",220.75,842.90,,,,"     ",5.10,187.57,2.96
1598,539388304,"01598M21:43:01.216","01598 20:55:40",220.66,843.00,,,,"     ",5.10,185.88,2.93
1598,539388305,"01598M21:43:02.189","01598 20:55:41",220.57,842.97,,,,"     ",5.10,188.32,2.97
1598,539388306,"01598M21:43:03.162","01598 20:55:42",220.49,842.98,,,,"     ",5.10,188.52,2.98
1598,539388307,"01598M21:43:04.136","01598 20:55:43",220.44,843.03,,,,"     ",5.10,186.16,2.94
1598,539388308,"01598M21:43:05.109","01598 20:55:44",220.42,843.04,,,,"     ",5.10,185.79,2.93
1598,539388309,"01598M21:43:06.082","01598 20:55:45",220.45,843.03,,,,"     ",5.10,185.30,2.92
1598,539388310,"01598M21:43:07.055","01598 20:55:46",220.48,843.07,,,,"     ",5.10,186.73,2.95
1598,539388311,"01598M21:43:08.029","01598 20:55:47",220.54,843.01,,,,"     ",5.10,184.64,2.91
1598,539388312,"01598M21:43:09.002","01598 20:55:47",220.62,842.99,,,,"     ",5.10,184.87,2.92
1598,539388313,"01598M21:43:09.975","01598 20:55:48",220.76,843.03,,,,"     ",5.10,185.36,2.93
1598,539388314,"01598M21:43:10.948","01598 20:55:49",220.92,843.06,,,,"     ",5.10,185.70,2.93
1598,539388315,"01598M21:43:11.922","01598 20:55:50",221.08,843.03,,,,"     ",5.10,186.36,2.95
1598,539388316,"01598M21:43:12.895","01598 20:55:51",221.21,843.03,,,,"     ",5.10,186.51,2.95
1598,539388317,"01598M21:43:13.868","01598 20:55:52",221.30,843.03,,,,"     ",5.10,186.08,2.94
1598,539388318,"01598M21:43:14.841","01598 20:55:53",221.33,843.15,,,,"     ",5.10,185.90,2.94
1598,539388319,"01598M21:43:15.815","01598 20:55:54",221.32,843.08,,,,"     ",5.10,184.51,2.92
1598,539388320,"01598M21:43:16.788","01598 20:55:55",221.26,843.09,,,,"     ",5.10,184.04,2.91
1598,539388321,"01598M21:43:17.761","01598 20:55:56",221.20,843.04,,,,"     ",5.10,185.19,2.93
1598,539388322,"01598M21:43:18.734","01598 20:55:57",221.13,843.10,,,,"     ",5.10,184.84,2.92
1598,539388323,"01598M21:43:19.708","01598 20:55:58",221.08,843.14,,,,"     ",5.10,183.17,2.90
1598,539388324,"01598M21:43:20.681","01598 20:55:59",221.05,843.15,,,,"     ",5.10,183.76,2.91
1598,539388325,"01598M21:43:21.654","01598 20:56:00",221.03,843.22,,,,"     ",5.10,181.90,2.88
1598,539388326,"01598M21:43:22.627","01598 20:56:01",221.02,843.23,,,,"     ",5.10,183.71,2.91
1598,539388327,"01598M21:43:23.601","01598 20:56:02",221.03,843.30,,,,"     ",5.10,183.10,2.90
1598,539388328,"01598M21:43:24.574","01598 20:56:03",221.04,843.30,,,,"     ",5.10,182.17,2.88
1598,539388329,"01598M21:43:25.547","01598 20:56:04",221.06,843.24,,,,"     ",5.10,182.58,2.89
1598,539388330,"01598M21:43:26.520","01598 20:56:05",221.08,843.23,,,,"     ",5.10,182.63,2.89
1598,539388331,"01598M21:43:27.494","01598 20:56:06",221.11,843.26,,,,"     ",5.10,183.69,2.91
1598,539388332,"01598M21:43:28.467","01598 20:56:07",221.14,843.28,,,,"     ",5.10,184.23,2.92
1598,539388333,"01598M21:43:29.440","01598 20:56:08",221.19,843.23,,,,"     ",5.10,184.17,2.92
1598,539388334,"01598M21:43:30.413","01598 20:56:09",221.22,843.23,,,,"     ",5.10,182.82,2.90
1598,539388335,"01598M21:43:31.387","01598 20:56:10",221.24,843.20,,,,"     ",5.10,181.95,2.88
1598,539388336,"01598M21:43:32.360","01598 20:56:11",221.23,843.19,,,,"     ",5.10,183.25,2.91
1598,539388337,"01598M21:43:33.333","01598 20:56:12",221.21,843.20,,,,"     ",5.10,183.31,2.91
1598,539388338,"01598M21:43:34.306","01598 20:56:13",221.21,843.26,,,,"     ",5.10,183.29,2.91
1598,539388339,"01598M21:43:35.280","01598 20:56:14",221.26,843.23,,,,"     ",5.10,183.46,2.91
1598,539388340,"01598M21:43:36.253","01598 20:56:15",221.34,843.26,,,,"     ",5.10,181.99,2.89
1598,539388341,"01598M21:43:37.226","01598 20:56:16",221.48,843.18,,,,"     ",5.10,181.56,2.88
1598,539388342,"01598M21:43:38.199","01598 20:56:17",221.64,843.20,,,,"     ",5.10,182.01,2.89
1598,539388343,"01598M21:43:39.173","01598 20:56:18",221.79,843.22,,,,"     ",5.10,184.34,2.93
1598,539388344,"01598M21:43:40.146","01598 20:56:19",221.91,843.22,,,,"     ",5.10,184.34,2.92
1598,539388345,"01598M21:43:41.119","01598 20:56:20",222.00,843.24,,,,"     ",5.10,182.75,2.90
1598,539388346,"01598M21:43:42.092","01598 20:56:21",222.08,843.29,,,,"     ",5.10,184.47,2.93
1598,539388347,"01598M21:43:43.066","01598 20:56:22",222.16,843.23,,,,"     ",5.10,183.17,2.91
1598,539388348,"01598M21:43:44.039","01598 20:56:23",222.23,843.29,,,,"     ",5.10,184.11,2.92
1598,539388349,"01598M21:43:45.012","01598 20:56:23",222.30,843.30,,,,"     ",5.10,182.74,2.90
1598,539388350,"01598M21:43:45.985","01598 20:56:24",222.36,843.24,,,,"     ",5.10,183.09,2.91
1598,539388351,"01598M21:43:46.959","01598 20:56:25",222.40,843.29,,,,"     ",5.10,183.74,2.92
1598,539388352,"01598M21:43:47.932","01598 20:56:26",222.42,843.27,,,,"     ",5.10,183.39,2.91
1598,539388353,"01598M21:43:48.905","01598 20:56:27",222.41,843.28,,,,"     ",5.10,182.31,2.89
1598,539388354,"01598M21:43:49.878","01598 20:56:28",222.38,843.32,,,,"     ",5.10,181.84,2.89
1598,539388355,"01598M21:43:50.852","01598 20:56:29",222.33,843.29,,,,"     ",5.10,182.64,2.90
1598,539388356,"01598M21:43:51.825","01598 20:56:30",222.27,843.28,,,,"     ",5.10,182.76,2.90
1598,539388357,"01598M21:43:52.798","01598 20:56:31",222.21,843.30,,,,"     ",5.10,183.53,2.91
1598,539388358,"01598M21:43:53.772","01598 20:56:32",222.15,843.30,,,,"     ",5.10,182.77,2.90
1598,539388359,"01598M21:43:54.745","01598 20:56:33",222.11,843.28,,,,"     ",5.10,183.29,2.91
1598,539388360,"01598M21:43:55.718","01598 20:56:34",222.09,843.30,,,,"     ",5.10,184.95,2.94
1598,539388361,"01598M21:43:56.691","01598 20:56:35",222.08,843.32,,,,"     ",5.10,184.56,2.93
1598,539388362,"01598M21:43:57.665","01598 20:56:36",222.05,843.29,,,,"     ",5.10,183.51,2.91
1598,539388363,"01598M21:43:58.638","01598 20:56:37",222.02,843.23,,,,"     ",5.10,182.94,2.90
1598,539388364,"01598M21:43:59.611","01598 20:56:38",221.99,843.30,,,,"     ",5.10,184.58,2.93
1598,539388365,"01598M21:44:00.584","01598 20:56:39",221.99,843.22,,,,"     ",5.10,184.82,2.93
1598,539388366,"01598M21:44:01.558","01598 20:56:40",222.03,843.27,,,,"     ",5.10,184.26,2.92
1598,539388367,"01598M21:44:02.531","01598 20:56:41",222.12,843.24,,,,"     ",5.10,184.72,2.93
1598,539388368,"01598M21:44:03.504","01598 20:56:42",222.24,843.16,,,,"     ",5.10,184.35,2.92
1598,539388369,"01598M21:44:04.477","01598 20:56:43",222.36,843.26,,,,"     ",5.10,184.19,2.92
1598,539388370,"01598M21:44:05.451","01598 20:56:44",222.46,843.24,,,,"     ",5.10,184.57,2.93
1598,539388371,"01598M21:44:06.424","01598 20:56:45",222.55,843.25,,,,"     ",5.10,184.50,2.93
1598,539388372,"01598M21:44:07.397","01598 20:56:46",222.63,843.22,,,,"     ",5.10,186.98,2.97
1598,539388373,"01598M21:44:08.370","01598 20:56:47",222.69,843.31,,,,"     ",5.10,185.45,2.94
1598,539388374,"01598M21:44:09.344","01598 20:56:48",222.75,843.27,,,,"     ",5.10,184.72,2.93
1598,539388375,"01598M21:44:10.317","01598 20:56:49",222.80,843.38,,,,"     ",5.10,185.65,2.95
1598,539388376,"01598M21:44:11.290","01598 20:56:50",222.84,843.30,,,,"     ",5.10,185.38,2.94
1598,539388377,"01598M21:44:12.263","01598 20:56:51",222.87,843.37,,,,"     ",5.10,186.16,2.95
1598,539388378,"01598M21:44:13.237","01598 20:56:52",222.91,843.32,,,,"     ",5.10,187.66,2.98
1598,539388379,"01598M21:44:14.210","01598 20:56:53",222.94,843.30,,,,"     ",5.10,186.09,2.95
1598,539388380,"01598M21:44:15.183","01598 20:56:54",222.97,843.26,,,,"     ",5.10,186.56,2.96
1598,539388381,"01598M21:44:16.156","01598 20:56:55",222.99,843.29,,,,"     ",5.10,186.53,2.96
1598,539388382,"01598M21:44:17.130","01598 20:56:56",223.02,843.35,,,,"     ",5.10,185.92,2.95
1598,539388383,"01598M21:44:18.103","01598 20:56:57",223.05,843.27,,,,"     ",5.10,185.38,2.94
1598,539388384,"01598M21:44:19.076","01598 20:56:58",223.24,843.37,,,,"     ",5.10,186.19,2.95
1598,539388385,"01598M21:44:20.049","01598 20:56:59",223.33,843.35,,,,"     ",5.10,185.95,2.95
1598,539388386,"01598M21:44:21.023","01598 20:57:00",223.44,843.36,,,,"     ",5.10,189.11,3.00
1598,539388387,"01598M21:44:21.996","01598 20:57:00",223.54,843.43,,,,"     ",5.10,186.75,2.96
1598,539388388,"01598M21:44:22.969","01598 20:57:01",223.62,843.38,,,,"     ",5.10,187.47,2.97
1598,539388389,"01598M21:44:23.942","01598 20:57:02",223.68,843.42,,,,"     ",5.10,188.66,2.99
1598,539388390,"01598M21:44:24.916","01598 20:57:03",223.71,843.36,,,,"     ",5.10,186.18,2.95
1598,539388391,"01598M21:44:25.889","01598 20:57:04",223.70,843.40,,,,"     ",5.10,187.74,2.97
1598,539388392,"01598M21:44:26.862","01598 20:57:05",223.67,843.36,,,,"     ",5.10,187.29,2.97
1598,539388393,"01598M21:44:27.835","01598 20:57:06",223.61,843.44,,,,"     ",5.10,188.77,2.99
1598,539388394,"01598M21:44:28.809","01598 20:57:07",223.53,843.39,,,,"     ",5.10,187.94,2.98
1598,539388395,"01598M21:44:29.782","01598 20:57:08",223.45,843.42,,,,"     ",5.10,187.03,2.96
1598,539388396,"01598M21:44:30.755","01598 20:57:09",223.36,843.45,,,,"     ",5.10,188.57,2.98
1598,539388397,"01598M21:44:31.728","01598 20:57:10",223.28,843.43,,,,"     ",5.10,187.75,2.97
1598,539388398,"01598M21:44:32.702","01598 20:57:11",223.23,843.37,,,,"     ",5.10,188.13,2.98
1598,539388399,"01598M21:44:33.675","01598 20:57:12",223.21,843.46,,,,"     ",5.10,186.00,2.94
1598,539388400,"01598M21:44:34.648","01598 20:57:13",223.23,843.48,,,,"     ",5.10,187.47,2.96
1598,539388401,"01598M21:44:35.621","01598 20:57:14",223.27,843.41,,,,"     ",5.10,188.64,2.98
1598,539388402,"01598M21:44:36.595","01598 20:57:15",223.32,843.42,,,,"     ",5.10,188.59,2.98
1598,539388403,"01598M21:44:37.568","01598 20:57:16",223.39,843.49,,,,"     ",5.10,187.70,2.97
1598,539388404,"01598M21:44:38.541","01598 20:57:17",223.47,843.51,,,,"     ",5.10,187.84,2.97
1598,539388405,"01598M21:44:39.514","01598 20:57:18",223.55,843.52,,,,"     ",5.10,186.46,2.95
1598,539388406,"01598M21:44:40.488","01598 20:57:19",223.63,843.50,,,,"     ",5.10,186.94,2.96
1598,539388407,"01598M21:44:41.461","01598 20:57:20",223.70,843.50,,,,"     ",5.10,186.91,2.95
1598,539388408,"01598M21:44:42.434","01598 20:57:21",223.76,843.50,,,,"     ",5.10,187.08,2.96
1598,539388409,"01598M21:44:43.407","01598 20:57:22",223.79,843.52,,,,"     ",5.10,187.58,2.97
1598,539388410,"01598M21:44:44.381","01598 20:57:23",223.77,843.46,,,,"     ",5.10,188.55,2.98
1598,539388411,"01598M21:44:45.354","01598 20:57:24",223.72,843.47,,,,"     ",5.10,187.49,2.96
1598,539388412,"01598M21:44:46.327","01598 20:57:25",223.62,843.53,,,,"     ",5.10,188.33,2.98
1598,539388413,"01598M21:44:47.300","01598 20:57:26",223.52,843.51,,,,"     ",5.10,186.59,2.95
1598,539388414,"01598M21:44:48.274","01598 20:57:27",223.43,843.48,,,,"     ",5.10,185.99,2.94
1598,539388415,"01598M21:44:49.247","01598 20:57:28",223.35,843.50,,,,"     ",5.10,187.19,2.96
1598,539388416,"01598M21:44:50.220","01598 20:57:29",223.30,843.49,,,,"     ",5.10,185.68,2.93
1598,539388417,"01598M21:44:51.193","01598 20:57:30",223.27,843.47,,,,"     ",5.10,185.30,2.93
1598,539388418,"01598M21:44:52.167","01598 20:57:31",223.26,843.46,,,,"     ",5.10,186.61,2.95
1598,539388419,"01598M21:44:53.140","01598 20:57:32",223.24,843.51,,,,"     ",5.10,186.14,2.94
1598,539388420,"01598M21:44:54.113","01598 20:57:33",223.22,843.49,,,,"     ",5.10,185.61,2.93
1598,539388421,"01598M21:44:55.086","01598 20:57:34",223.19,843.56,,,,"     ",5.10,185.39,2.93
1598,539388422,"01598M21:44:56.060","01598 20:57:35",223.15,843.56,,,,"     ",5.10,185.39,2.93
1598,539388423,"01598M21:44:57.033","01598 20:57:36",223.13,843.58,,,,"     ",5.10,185.91,2.94
1598,539388424,"01598M21:44:58.006","01598 20:57:36",223.13,843.53,,,,"     ",5.10,184.86,2.92
1598,539388425,"01598M21:44:58.979","01598 20:57:37",223.15,843.55,,,,"     ",5.10,185.11,2.93
1598,539388426,"01598M21:44:59.953","01598 20:57:38",223.19,843.50,,,,"     ",5.10,184.88,2.92
1598,539388427,"01598M21:45:00.926","01598 20:57:39",223.25,843.54,,,,"     ",5.10,184.96,2.92
1598,539388428,"01598M21:45:01.899","01598 20:57:40",223.31,843.55,,,,"     ",5.10,185.03,2.93
1598,539388429,"01598M21:45:02.872","01598 20:57:41",223.37,843.56,,,,"     ",5.10,184.45,2.92
1598,539388430,"01598M21:45:03.846","01598 20:57:42",223.42,843.60,,,,"     ",5.10,184.06,2.91
1598,539388431,"01598M21:45:04.819","01598 20:57:43",223.48,843.62,,,,"     ",5.10,184.56,2.92
1598,539388432,"01598M21:45:05.792","01598 20:57:44",223.53,843.64,,,,"     ",5.10,184.37,2.92
1598,539388433,"01598M21:45:06.766","01598 20:57:45",223.57,843.64,,,,"     ",5.10,184.04,2.91
1598,539388434,"01598M21:45:07.739","01598 20:57:46",223.60,843.64,,,,"     ",5.10,184.67,2.92
1598,539388435,"01598M21:45:08.712","01598 20:57:47",223.62,843.68,,,,"     ",5.10,182.90,2.90
1598,539388436,"01598M21:45:09.685","01598 20:57:48",223.63,843.63,,,,"     ",5.10,183.54,2.91
1598,539388437,"01598M21:45:10.659","01598 20:57:49",223.62,843.66,,,,"     ",5.10,182.56,2.89
1598,539388438,"01598M21:45:11.632","01598 20:57:50",223.59,843.65,,,,"     ",5.10,183.16,2.90
1598,539388439,"01598M21:45:12.605","01598 20:57:51",223.53,843.66,,,,"     ",5.10,183.64,2.91
1598,539388440,"01598M21:45:13.578","01598 20:57:52",223.46,843.56,,,,"     ",5.10,183.44,2.91
1598,539388441,"01598M21:45:14.552","01598 20:57:53",223.37,843.56,,,,"     ",5.10,184.06,2.92
1598,539388442,"01598M21:45:15.525","01598 20:57:54",223.27,843.61,,,,"     ",5.10,182.39,2.89
1598,539388443,"01598M21:45:16.498","01598 20:57:55",223.17,843.65,,,,"     ",5.10,182.89,2.90
1598,539388444,"01598M21:45:17.471","01598 20:57:56",223.09,843.63,,,,"     ",5.10,182.88,2.90
1598,539388445,"01598M21:45:18.445","01598 20:57:57",223.03,843.57,,,,"     ",5.10,182.23,2.89
1598,539388446,"01598M21:45:19.418","01598 20:57:58",222.98,843.65,,,,"     ",5.10,180.58,2.86
1598,539388447,"01598M21:45:20.391","01598 20:57:59",222.94,843.61,,,,"     ",5.10,181.86,2.88
1598,539388448,"01598M21:45:21.364","01598 20:58:00",222.90,843.69,,,,"     ",5.10,181.71,2.88
1598,539388449,"01598M21:45:22.338","01598 20:58:01",222.85,843.63,,,,"     ",5.10,181.31,2.88
1598,539388450,"01598M21:45:23.311","01598 20:58:02",222.79,843.62,,,,"     ",5.10,181.93,2.89
1598,539388451,"01598M21:45:24.284","01598 20:58:03",222.72,843.68,,,,"     ",5.10,182.04,2.89
1598,539388452,"01598M21:45:25.257","01598 20:58:04",222.64,843.60,,,,"     ",5.10,181.48,2.88
1598,539388453,"01598M21:45:26.231","01598 20:58:05",222.59,843.68,,,,"     ",5.10,180.77,2.87
1598,539388454,"01598M21:45:27.204","01598 20:58:06",222.55,843.68,,,,"     ",5.10,181.18,2.88
1598,539388455,"01598M21:45:28.177","01598 20:58:07",222.54,843.67,,,,"     ",5.10,180.94,2.88
1598,539388456,"01598M21:45:29.150","01598 20:58:08",222.55,843.71,,,,"     ",5.10,179.82,2.86
1598,539388457,"01598M21:45:30.124","01598 20:58:09",222.16,843.71,,,,"     ",5.10,181.29,2.88
1598,539388458,"01598M21:45:31.097","01598 20:58:10",222.15,843.67,,,,"     ",5.10,181.46,2.89
1598,539388459,"01598M21:45:32.070","01598 20:58:11",222.14,843.71,,,,"     ",5.10,180.93,2.88
1598,539388460,"01598M21:45:33.043","01598 20:58:12",222.15,843.76,,,,"     ",5.10,182.12,2.90
1598,539388461,"01598M21:45:34.017","01598 20:58:12",222.18,843.81,,,,"     ",5.10,181.16,2.88
1598,539388462,"01598M21:45:34.990","01598 20:58:13",222.22,843.82,,,,"     ",5.10,180.57,2.87
1598,539388463,"01598M21:45:35.963","01598 20:58:14",222.28,843.73,,,,"     ",5.10,179.46,2.86
1598,539388464,"01598M21:45:36.936","01598 20:58:15",222.35,843.66,,,,"     ",5.10,180.34,2.87
1598,539388465,"01598M21:45:37.910","01598 20:58:16",222.44,843.74,,,,"     ",5.10,180.87,2.88
1598,539388466,"01598M21:45:38.883","01598 20:58:17",222.53,843.80,,,,"     ",5.10,180.59,2.88
1598,539388467,"01598M21:45:39.856","01598 20:58:18",222.64,843.85,,,,"     ",5.10,180.22,2.87
1598,539388468,"01598M21:45:40.829","01598 20:58:19",222.76,843.80,,,,"     ",5.10,180.46,2.88
1598,539388469,"01598M21:45:41.803","01598 20:58:20",222.90,843.88,,,,"     ",5.10,180.62,2.88
1598,539388470,"01598M21:45:42.776","01598 20:58:21",223.04,843.77,,,,"     ",5.10,179.46,2.86
1598,539388471,"01598M21:45:43.749","01598 20:58:22",223.20,843.80,,,,"     ",5.10,179.24,2.86
1598,539388472,"01598M21:45:44.722","01598 20:58:23",223.35,843.85,,,,"     ",5.10,180.62,2.88
1598,539388473,"01598M21:45:45.696","01598 20:58:24",223.28,843.90,,,,"     ",5.10,180.98,2.89
1598,539388474,"01598M21:45:46.669","01598 20:58:25",223.26,843.80,,,,"     ",5.10,180.48,2.88
1598,539388475,"01598M21:45:47.642","01598 20:58:26",223.13,843.83,,,,"     ",5.10,179.76,2.87
1598,539388476,"01598M21:45:48.615","01598 20:58:27",223.01,843.87,,,,"     ",5.10,179.63,2.87
1598,539388477,"01598M21:45:49.589","01598 20:58:28",222.91,843.89,,,,"     ",5.10,178.62,2.85
1598,539388478,"01598M21:45:50.562","01598 20:58:29",222.83,843.92,,,,"     ",5.10,180.15,2.88
1598,539388479,"01598M21:45:51.535","01598 20:58:30",222.75,843.86,,,,"     ",5.10,179.14,2.86
1598,539388480,"01598M21:45:52.508","01598 20:58:31",222.69,843.84,,,,"     ",5.10,181.25,2.90
1598,539388481,"01598M21:45:53.482","01598 20:58:32",222.65,843.92,,,,"     ",5.10,178.73,2.86
1598,539388482,"01598M21:45:54.455","01598 20:58:33",222.62,843.90,,,,"     ",5.10,179.50,2.87
1598,539388483,"01598M21:45:55.428","01598 20:58:34",222.60,843.94,,,,"     ",5.10,180.08,2.88
1598,539388484,"01598M21:45:56.401","01598 20:58:35",222.61,843.94,,,,"     ",5.10,178.27,2.85
1598,539388485,"01598M21:45:57.375","01598 20:58:36",222.63,843.91,,,,"     ",5.10,178.30,2.85
1598,539388486,"01598M21:45:58.348","01598 20:58:37",222.68,843.97,,,,"     ",5.10,179.22,2.87
1598,539388487,"01598M21:45:59.321","01598 20:58:38",222.74,843.96,,,,"     ",5.10,179.02,2.87
1598,539388488,"01598M21:46:00.294","01598 20:58:39",222.79,843.96,,,,"     ",5.10,179.06,2.87
1598,539388489,"01598M21:46:01.268","01598 20:58:40",222.82,843.92,,,,"     ",5.10,178.57,2.86
1598,539388490,"01598M21:46:02.241","01598 20:58:41",222.83,843.91,,,,"     ",5.10,178.92,2.87
1598,539388491,"01598M21:46:03.214","01598 20:58:42",222.82,843.98,,,,"     ",5.10,179.57,2.88
1598,539388492,"01598M21:46:04.187","01598 20:58:43",222.80,843.99,,,,"     ",5.10,178.23,2.85
1598,539388493,"01598M21:46:05.161","01598 20:58:44",222.79,843.94,,,,"     ",5.10,178.27,2.86
1598,539388494,"01598M21:46:06.134","01598 20:58:45",222.78,843.99,,,,"     ",5.10,178.10,2.85
1598,539388495,"01598M21:46:07.107","01598 20:58:46",222.78,844.01,,,,"     ",5.10,178.84,2.87
1598,539388496,"01598M21:46:08.080","01598 20:58:47",222.79,843.94,,,,"     ",5.10,178.05,2.85
1598,539388497,"01598M21:46:09.054","01598 20:58:48",222.78,844.05,,,,"     ",5.10,177.19,2.84
1598,539388498,"01598M21:46:10.027","01598 20:58:48",222.77,844.03,,,,"     ",5.10,177.06,2.84
1598,539388499,"01598M21:46:11.000","01598 20:58:49",222.74,843.98,,,,"     ",5.10,177.34,2.84
1598,539388500,"01598M21:46:11.973","01598 20:58:50",222.70,844.11,,,,"     ",5.10,176.90,2.84
1598,539388501,"01598M21:46:12.947","01598 20:58:51",222.67,844.05,,,,"     ",5.10,176.82,2.83
1598,539388502,"01598M21:46:13.920","01598 20:58:52",222.44,844.03,,,,"     ",5.10,177.02,2.84
1598,539388503,"01598M21:46:14.893","01598 20:58:53",222.46,844.01,,,,"     ",5.10,176.57,2.83
1598,539388504,"01598M21:46:15.867","01598 20:58:54",222.49,844.03,,,,"     ",5.10,177.48,2.85
1598,539388505,"01598M21:46:16.840","01598 20:58:55",222.52,844.00,,,,"     ",5.10,177.63,2.85
1598,539388506,"01598M21:46:17.813","01598 20:58:56",222.53,843.99,,,,"     ",5.10,176.03,2.82
1598,539388507,"01598M21:46:18.786","01598 20:58:57",222.51,843.96,,,,"     ",5.10,176.07,2.83
1598,539388508,"01598M21:46:19.760","01598 20:58:58",222.48,843.98,,,,"     ",5.10,176.43,2.83
1598,539388509,"01598M21:46:20.733","01598 20:58:59",222.43,844.08,,,,"     ",5.10,177.62,2.85
1598,539388510,"01598M21:46:21.706","01598 20:59:00",222.59,844.06,,,,"     ",5.10,176.50,2.83
1598,539388511,"01598M21:46:22.679","01598 20:59:01",222.55,844.07,,,,"     ",5.10,176.48,2.84
1598,539388512,"01598M21:46:23.653","01598 20:59:02",222.53,843.97,,,,"     ",5.10,175.81,2.82
1598,539388513,"01598M21:46:24.626","01598 20:59:03",222.52,844.06,,,,"     ",5.10,176.18,2.83
1598,539388514,"01598M21:46:25.599","01598 20:59:04",222.52,844.08,,,,"     ",5.10,176.43,2.84
1598,539388515,"01598M21:46:26.572","01598 20:59:05",222.50,844.03,,,,"     ",5.10,176.00,2.83
1598,539388516,"01598M21:46:27.546","01598 20:59:06",222.42,844.02,,,,"     ",5.10,174.85,2.81
1598,539388517,"01598M21:46:28.519","01598 20:59:07",222.33,843.97,,,,"     ",5.10,175.89,2.83
1598,539388518,"01598M21:46:29.492","01598 20:59:08",222.25,843.99,,,,"     ",5.10,175.75,2.83
1598,539388519,"01598M21:46:30.465","01598 20:59:09",222.18,844.02,,,,"     ",5.10,175.45,2.82
1598,539388520,"01598M21:46:31.439","01598 20:59:10",222.13,844.00,,,,"     ",5.10,175.83,2.83
1598,539388521,"01598M21:46:32.412","01598 20:59:11",222.10,843.98,,,,"     ",5.10,175.10,2.82
1598,539388522,"01598M21:46:33.385","01598 20:59:12",222.10,843.88,,,,"     ",5.10,175.08,2.82
1598,539388523,"01598M21:46:34.358","01598 20:59:13",222.10,843.97,,,,"     ",5.10,176.17,2.84
1598,539388524,"01598M21:46:35.332","01598 20:59:14",222.13,843.97,,,,"     ",5.10,177.53,2.86
1598,539388525,"01598M21:46:36.305","01598 20:59:15",222.16,844.01,,,,"     ",5.10,174.53,2.81
1598,539388526,"01598M21:46:37.278","01598 20:59:16",222.21,844.00,,,,"     ",5.10,175.43,2.83
1598,539388527,"01598M21:46:38.251","01598 20:59:17",222.26,844.01,,,,"     ",5.10,176.98,2.85
1598,539388528,"01598M21:46:39.225","01598 20:59:18",222.31,844.00,,,,"     ",5.10,175.68,2.83
1598,539388529,"01598M21:46:40.198","01598 20:59:19",222.36,843.97,,,,"     ",5.10,176.22,2.84
1598,539388530,"01598M21:46:41.171","01598 20:59:20",222.40,844.02,,,,"     ",5.10,174.98,2.82
1598,539388531,"01598M21:46:42.144","01598 20:59:21",222.43,843.98,,,,"     ",5.10,175.58,2.83
1598,539388532,"01598M21:46:43.118","01598 20:59:22",222.44,843.93,,,,"     ",5.10,175.51,2.83
1598,539388533,"01598M21:46:44.091","01598 20:59:23",222.44,844.10,,,,"     ",5.10,176.86,2.85
1598,539388534,"01598M21:46:45.064","01598 20:59:24",222.43,844.03,,,,"     ",5.10,176.52,2.85
1598,539388535,"01598M21:46:46.037","01598 20:59:24",222.41,844.07,,,,"     ",5.10,177.15,2.86
1598,539388536,"01598M21:46:47.011","01598 20:59:25",222.39,844.15,,,,"     ",5.10,175.20,2.83
1598,539388537,"01598M21:46:47.984","01598 20:59:26",222.37,844.10,,,,"     ",5.10,176.47,2.85
1598,539388538,"01598M21:46:48.957","01598 20:59:27",222.37,844.02,,,,"     ",5.10,175.68,2.84
1598,539388539,"01598M21:46:49.930","01598 20:59:28",222.34,844.09,,,,"     ",5.10,176.36,2.85
1598,539388540,"01598M21:46:50.904","01598 20:59:29",222.33,843.99,,,,"     ",5.10,175.65,2.84
1598,539388541,"01598M21:46:51.877","01598 20:59:30",222.34,843.98,,,,"     ",5.10,176.41,2.85
1598,539388542,"01598M21:46:52.850","01598 20:59:31",222.35,844.02,,,,"     ",5.10,175.15,2.83
1598,539388543,"01598M21:46:53.823","01598 20:59:32",222.34,844.02,,,,"     ",5.10,176.11,2.85
1598,539388544,"01598M21:46:54.797","01598 20:59:33",222.00,844.08,,,,"     ",5.10,175.53,2.84
1598,539388545,"01598M21:46:55.770","01598 20:59:34",222.03,844.07,,,,"     ",5.10,178.22,2.88
1598,539388546,"01598M21:46:56.743","01598 20:59:35",222.03,844.07,,,,"     ",5.10,178.74,2.89
1598,539388547,"01598M21:46:57.716","01598 20:59:36",222.03,844.07,,,,"     ",5.10,177.28,2.87
1598,539388548,"01598M21:46:58.690","01598 20:59:37",222.02,844.15,,,,"     ",5.10,176.61,2.86
1598,539388549,"01598M21:46:59.663","01598 20:59:38",222.01,844.15,,,,"     ",5.10,175.41,2.84
1598,539388550,"01598M21:47:00.636","01598 20:59:39",222.00,844.16,,,,"     ",5.10,176.15,2.85
1598,539388551,"01598M21:47:01.609","01598 20:59:40",222.00,844.12,,,,"     ",5.10,175.82,2.85
1598,539388552,"01598M21:47:02.583","01598 20:59:41",222.00,844.18,,,,"     ",5.10,175.31,2.84
1598,539388553,"01598M21:47:03.556","01598 20:59:42",221.98,844.20,,,,"     ",5.10,175.88,2.85
1598,539388554,"01598M21:47:04.529","01598 20:59:43",221.96,844.11,,,,"     ",5.10,175.66,2.85
1598,539388555,"01598M21:47:05.502","01598 20:59:44",221.93,844.24,,,,"     ",5.10,176.90,2.87
1598,539388556,"01598M21:47:06.476","01598 20:59:45",221.92,844.20,,,,"     ",5.10,175.51,2.85
1598,539388557,"01598M21:47:07.449","01598 20:59:46",221.93,844.18,,,,"     ",5.10,176.43,2.86
1598,539388558,"01598M21:47:08.422","01598 20:59:47",221.94,844.14,,,,"     ",5.10,176.72,2.87
1598,539388559,"01598M21:47:09.395","01598 20:59:48",221.98,844.20,,,,"     ",5.10,176.36,2.86
1598,539388560,"01598M21:47:10.369","01598 20:59:49",222.02,844.29,,,,"     ",5.10,176.88,2.87
1598,539388561,"01598M21:47:11.342","01598 20:59:50",222.07,844.21,,,,"     ",5.10,174.41,2.83
1598,539388562,"01598M21:47:12.315","01598 20:59:51",222.12,844.31,,,,"     ",5.10,175.38,2.85
1598,539388563,"01598M21:47:13.288","01598 20:59:52",222.16,844.26,,,,"     ",5.10,175.10,2.84
1598,539388564,"01598M21:47:14.262","01598 20:59:53",222.20,844.39,,,,"     ",5.10,174.29,2.83
1598,539388565,"01598M21:47:15.235","01598 20:59:54",222.24,844.34,,,,"     ",5.10,175.04,2.84
1598,539388566,"01598M21:47:16.208","01598 20:59:55",222.35,844.39,,,,"     ",5.10,174.71,2.84
1598,539388567,"01598M21:47:17.181","01598 20:59:56",222.38,844.36,,,,"     ",5.10,175.36,2.85
1598,539388568,"01598M21:47:18.155","01598 20:59:57",222.41,844.41,,,,"     ",5.10,175.81,2.86
1598,539388569,"01598M21:47:19.128","01598 20:59:58",222.45,844.40,,,,"     ",5.10,174.99,2.84
1598,539388570,"01598M21:47:20.101","01598 20:59:59",222.48,844.42,,,,"     ",5.10,174.86,2.84
1598,539388571,"01598M21:47:21.074","01598 21:00:00",222.51,844.39,,,,"     ",5.10,175.84,2.86
1598,539388572,"01598M21:47:22.048","01598 21:00:00",222.53,844.37,,,,"     ",5.10,174.68,2.84
1598,539388573,"01598M21:47:23.021","01598 21:00:01",222.53,844.44,,,,"     ",5.10,174.67,2.84
1598,539388574,"01598M21:47:23.994","01598 21:00:02",222.54,844.49,,,,"     ",5.10,175.05,2.85
1598,539388575,"01598M21:47:24.968","01598 21:00:03",222.53,844.45,,,,"     ",5.10,173.97,2.83
1598,539388576,"01598M21:47:25.941","01598 21:00:04",222.51,844.40,,,,"     ",5.10,173.90,2.83
1598,539388577,"01598M21:47:26.914","01598 21:00:05",222.47,844.40,,,,"     ",5.10,174.15,2.84
1598,539388578,"01598M21:47:27.887","01598 21:00:06",222.43,844.38,,,,"     ",5.10,174.44,2.84
1598,539388579,"01598M21:47:28.861","01598 21:00:07",222.38,844.53,,,,"     ",5.10,174.00,2.83
1598,539388580,"01598M21:47:29.834","01598 21:00:08",222.33,844.51,,,,"     ",5.10,174.06,2.83
1598,539388581,"01598M21:47:30.807","01598 21:00:09",222.30,844.52,,,,"     ",5.10,174.16,2.84
1598,539388582,"01598M21:47:31.780","01598 21:00:10",222.28,844.41,,,,"     ",5.10,174.51,2.84
1598,539388583,"01598M21:47:32.754","01598 21:00:11",222.28,844.51,,,,"     ",5.10,174.70,2.85
1598,539388584,"01598M21:47:33.727","01598 21:00:12",222.29,844.54,,,,"     ",5.10,175.43,2.86
1598,539388585,"01598M21:47:34.700","01598 21:00:13",222.32,844.60,,,,"     ",5.10,173.39,2.83
1598,539388586,"01598M21:47:35.673","01598 21:00:14",222.35,844.59,,,,"     ",5.10,174.19,2.84
1598,539388587,"01598M21:47:36.647","01598 21:00:15",222.39,844.61,,,,"     ",5.10,173.54,2.83
1598,539388588,"01598M21:47:37.620","01598 21:00:16",222.43,844.54,,,,"     ",5.10,175.09,2.86
1598,539388589,"01598M21:47:38.593","01598 21:00:17",222.46,844.59,,,,"     ",5.10,174.59,2.85
1598,539388590,"01598M21:47:39.566","01598 21:00:18",222.48,844.52,,,,"     ",5.10,173.81,2.84
1598,539388591,"01598M21:47:40.540","01598 21:00:19",222.49,844.55,,,,"     ",5.10,173.96,2.84
1598,539388592,"01598M21:47:41.513","01598 21:00:20",222.48,844.57,,,,"     ",5.10,173.99,2.84
1598,539388593,"01598M21:47:42.486","01598 21:00:21",222.47,844.67,,,,"     ",5.10,174.35,2.85
1598,539388594,"01598M21:47:43.459","01598 21:00:22",222.47,844.70,,,,"     ",5.10,173.08,2.82
1598,539388595,"01598M21:47:44.433","01598 21:00:23",222.47,844.70,,,,"     ",5.10,172.99,2.83
1598,539388596,"01598M21:47:45.406","01598 21:00:24",222.48,844.71,,,,"     ",5.10,173.25,2.83
1598,539388597,"01598M21:47:46.379","01598 21:00:25",222.48,844.83,,,,"     ",5.10,174.50,2.85
1598,539388598,"01598M21:47:47.352","01598 21:00:26",222.50,844.77,,,,"     ",5.10,173.48,2.83
1598,539388599,"01598M21:47:48.326","01598 21:00:27",222.51,844.78,,,,"     ",5.10,172.62,2.82
1598,539388600,"01598M21:47:49.299","01598 21:00:28",222.53,844.70,,,,"     ",5.10,172.93,2.82
1598,539388601,"01598M21:47:50.272","01598 21:00:29",222.55,844.77,,,,"     ",5.10,173.44,2.83
1598,539388602,"01598M21:47:51.245","01598 21:00:30",222.59,844.84,,,,"     ",5.10,174.36,2.85
1598,539388603,"01598M21:47:52.219","01598 21:00:31",222.64,844.85,,,,"     ",5.10,172.94,2.83
1598,539388604,"01598M21:47:53.192","01598 21:00:32",222.71,844.76,,,,"     ",5.10,174.44,2.85
1598,539388605,"01598M21:47:54.165","01598 21:00:33",222.79,844.86,,,,"     ",5.10,173.57,2.84
1598,539388606,"01598M21:47:55.138","01598 21:00:34",222.89,844.94,,,,"     ",5.10,173.35,2.83
1598,539388607,"01598M21:47:56.112","01598 21:00:35",222.98,844.83,,,,"     ",5.10,174.99,2.86
1598,539388608,"01598M21:47:57.085","01598 21:00:36",223.04,844.79,,,,"     ",5.10,173.97,2.84
1598,539388609,"01598M21:47:58.058","01598 21:00:36",223.03,844.86,,,,"     ",5.10,174.31,2.85
1598,539388610,"01598M21:47:59.031","01598 21:00:37",223.03,844.79,,,,"     ",5.10,173.34,2.83
1598,539388611,"01598M21:48:00.005","01598 21:00:38",223.04,844.83,,,,"     ",5.10,172.81,2.83
1598,539388612,"01598M21:48:00.978","01598 21:00:39",223.06,844.93,,,,"     ",5.10,174.34,2.85
1598,539388613,"01598M21:48:01.951","01598 21:00:40",223.08,844.84,,,,"     ",5.10,172.21,2.82
1598,539388614,"01598M21:48:02.924","01598 21:00:41",223.09,844.86,,,,"     ",5.10,173.17,2.83
1598,539388615,"01598M21:48:03.898","01598 21:00:42",223.09,844.77,,,,"     ",5.10,172.61,2.82
1598,539388616,"01598M21:48:04.871","01598 21:00:43",223.09,844.79,,,,"     ",5.10,173.70,2.84
1598,539388617,"01598M21:48:05.844","01598 21:00:44",223.08,844.76,,,,"     ",5.10,174.21,2.85
1598,539388618,"01598M21:48:06.817","01598 21:00:45",223.08,844.73,,,,"     ",5.10,174.87,2.86
1598,539388619,"01598M21:48:07.791","01598 21:00:46",223.08,844.83,,,,"     ",5.10,173.24,2.83
1598,539388620,"01598M21:48:08.764","01598 21:00:47",223.09,844.82,,,,"     ",5.10,173.16,2.83
1598,539388621,"01598M21:48:09.737","01598 21:00:48",223.11,844.83,,,,"     ",5.10,173.69,2.84
1598,539388622,"01598M21:48:10.710","01598 21:00:49",223.13,844.79,,,,"     ",5.10,173.54,2.84
1598,539388623,"01598M21:48:11.684","01598 21:00:50",223.14,844.79,,,,"     ",5.10,173.91,2.84
1598,539388624,"01598M21:48:12.657","01598 21:00:51",223.13,844.78,,,,"     ",5.10,173.85,2.84
1598,539388625,"01598M21:48:13.630","01598 21:00:52",223.10,844.79,,,,"     ",5.10,173.63,2.84
1598,539388626,"01598M21:48:14.603","01598 21:00:53",223.07,844.82,,,,"     ",5.10,173.53,2.84
1598,539388627,"01598M21:48:15.577","01598 21:00:54",223.04,844.83,,,,"     ",5.10,173.18,2.83
1598,539388628,"01598M21:48:16.550","01598 21:00:55",222.88,844.85,,,,"     ",5.10,173.11,2.83
1598,539388629,"01598M21:48:17.523","01598 21:00:56",222.89,844.75,,,,"     ",5.10,173.96,2.85
1598,539388630,"01598M21:48:18.496","01598 21:00:57",222.90,844.74,,,,"     ",5.10,174.22,2.85
1598,539388631,"01598M21:48:19.470","01598 21:00:58",222.89,844.68,,,,"     ",5.10,175.08,2.86
1598,539388632,"01598M21:48:20.443","01598 21:00:59",222.87,844.76,,,,"     ",5.10,174.55,2.86
1598,539388633,"01598M21:48:21.416","01598 21:01:00",222.96,844.75,,,,"     ",5.10,174.32,2.85
1598,539388634,"01598M21:48:22.389","01598 21:01:01",222.91,844.75,,,,"     ",5.10,174.33,2.85
1598,539388635,"01598M21:48:23.363","01598 21:01:02",222.86,844.72,,,,"     ",5.10,174.19,2.85
1598,539388636,"01598M21:48:24.336","01598 21:01:03",222.79,844.65,,,,"     ",5.10,174.58,2.86
1598,539388637,"01598M21:48:25.309","01598 21:01:04",222.72,844.65,,,,"     ",5.10,174.24,2.85
1598,539388638,"01598M21:48:26.282","01598 21:01:05",222.65,844.68,,,,"     ",5.10,174.62,2.86
1598,539388639,"01598M21:48:27.256","01598 21:01:06",222.60,844.68,,,,"     ",5.10,174.05,2.85
1598,539388640,"01598M21:48:28.229","01598 21:01:07",222.56,844.74,,,,"     ",5.10,173.39,2.84
1598,539388641,"01598M21:48:29.202","01598 21:01:08",222.52,844.72,,,,"     ",5.10,173.96,2.85
1598,539388642,"01598M21:48:30.175","01598 21:01:09",222.49,844.71,,,,"     ",5.10,174.13,2.85
1598,539388643,"01598M21:48:31.149","01598 21:01:10",222.44,844.69,,,,"     ",5.10,175.65,2.88
1598,539388644,"01598M21:48:32.122","01598 21:01:11",222.14,844.73,,,,"     ",5.10,174.93,2.87
1598,539388645,"01598M21:48:33.095","01598 21:01:12",222.12,844.64,,,,"     ",5.10,174.25,2.85
1598,539388646,"01598M21:48:34.069","01598 21:01:13",222.12,844.67,,,,"     ",5.10,174.42,2.86
1598,539388647,"01598M21:48:35.042","01598 21:01:13",222.15,844.70,,,,"     ",5.10,173.77,2.85
1598,539388648,"01598M21:48:36.015","01598 21:01:14",222.20,844.75,,,,"     ",5.10,174.70,2.86
1598,539388649,"01598M21:48:36.988","01598 21:01:15",222.23,844.72,,,,"     ",5.10,174.28,2.86
1598,539388650,"01598M21:48:37.962","01598 21:01:16",222.24,844.75,,,,"     ",5.10,174.81,2.87
1598,539388651,"01598M21:48:38.935","01598 21:01:17",222.22,844.68,,,,"     ",5.10,174.86,2.87
1598,539388652,"01598M21:48:39.908","01598 21:01:18",222.19,844.62,,,,"     ",5.10,175.00,2.87
1598,539388653,"01598M21:48:40.881","01598 21:01:19",222.15,844.61,,,,"     ",5.10,173.50,2.85
1598,539388654,"01598M21:48:41.855","01598 21:01:20",222.12,844.64,,,,"     ",5.10,174.50,2.86
1598,539388655,"01598M21:48:42.828","01598 21:01:21",222.12,844.65,,,,"     ",5.10,173.71,2.85
1598,539388656,"01598M21:48:43.801","01598 21:01:22",222.12,844.63,,,,"     ",5.10,172.85,2.84
1598,539388657,"01598M21:48:44.774","01598 21:01:23",222.13,844.70,,,,"     ",5.10,174.17,2.86
1598,539388658,"01598M21:48:45.748","01598 21:01:24",222.14,844.62,,,,"     ",5.10,174.05,2.86
1598,539388659,"01598M21:48:46.721","01598 21:01:25",222.14,844.63,,,,"     ",5.10,174.61,2.87
1598,539388660,"01598M21:48:47.694","01598 21:01:26",222.13,844.67,,,,"     ",5.10,174.09,2.86
1598,539388661,"01598M21:48:48.667","01598 21:01:27",222.10,844.62,,,,"     ",5.10,174.69,2.87
1598,539388662,"01598M21:48:49.641","01598 21:01:28",222.08,844.74,,,,"     ",5.10,173.20,2.85
1598,539388663,"01598M21:48:50.614","01598 21:01:29",222.06,844.71,,,,"     ",5.10,173.33,2.85
1598,539388664,"01598M21:48:51.587","01598 21:01:30",222.04,844.76,,,,"     ",5.10,174.06,2.86
1598,539388665,"01598M21:48:52.560","01598 21:01:31",222.01,844.77,,,,"     ",5.10,173.79,2.86
1598,539388666,"01598M21:48:53.534","01598 21:01:32",221.96,844.76,,,,"     ",5.10,174.47,2.87
1598,539388667,"01598M21:48:54.507","01598 21:01:33",221.89,844.76,,,,"     ",5.10,174.35,2.87
1598,539388668,"01598M21:48:55.480","01598 21:01:34",221.81,844.82,,,,"     ",5.10,173.24,2.85
1598,539388669,"01598M21:48:56.453","01598 21:01:35",221.70,844.70,,,,"     ",5.10,173.78,2.86
1598,539388670,"01598M21:48:57.427","01598 21:01:36",221.59,844.73,,,,"     ",5.10,172.87,2.85
1598,539388671,"01598M21:48:58.400","01598 21:01:37",221.48,844.80,,,,"     ",5.10,172.81,2.85
1598,539388672,"01598M21:48:59.373","01598 21:01:38",221.37,844.75,,,,"     ",5.10,174.28,2.87
1598,539388673,"01598M21:49:00.346","01598 21:01:39",221.24,844.84,,,,"     ",5.10,172.25,2.84
1598,539388674,"01598M21:49:01.320","01598 21:01:40",221.11,844.78,,,,"     ",5.10,173.51,2.86
1598,539388675,"01598M21:49:02.293","01598 21:01:41",220.97,844.71,,,,"     ",5.10,174.21,2.87
1598,539388676,"01598M21:49:03.266","01598 21:01:42",220.81,844.71,,,,"     ",5.10,173.69,2.86
1598,539388677,"01598M21:49:04.239","01598 21:01:43",220.67,844.76,,,,"     ",5.10,172.75,2.85
1598,539388678,"01598M21:49:05.213","01598 21:01:44",220.53,844.70,,,,"     ",5.10,174.48,2.88
1598,539388679,"01598M21:49:06.186","01598 21:01:45",220.41,844.76,,,,"     ",5.10,172.74,2.85
1598,539388680,"01598M21:49:07.159","01598 21:01:46",220.32,844.80,,,,"     ",5.10,175.72,2.90
1598,539388681,"01598M21:49:08.132","01598 21:01:47",220.24,844.71,,,,"     ",5.10,171.69,2.83
1598,539388682,"01598M21:49:09.106","01598 21:01:48",220.17,844.69,,,,"     ",5.10,173.23,2.86
1598,539388683,"01598M21:49:10.079","01598 21:01:49",220.10,844.76,,,,"     ",5.10,173.24,2.86
1598,539388684,"01598M21:49:11.052","01598 21:01:49",220.04,844.68,,,,"     ",5.10,173.20,2.86
1598,539388685,"01598M21:49:12.025","01598 21:01:50",220.00,844.70,,,,"     ",5.10,172.99,2.86
1598,539388686,"01598M21:49:12.999","01598 21:01:51",220.01,844.71,,,,"     ",5.10,173.36,2.86
1598,539388687,"01598M21:49:13.972","01598 21:01:52",220.05,844.68,,,,"     ",5.10,173.41,2.87
1598,539388688,"01598M21:49:14.945","01598 21:01:53",220.12,844.76,,,,"     ",5.10,173.12,2.86
1598,539388689,"01598M21:49:15.918","01598 21:01:54",220.19,844.78,,,,"     ",5.10,174.14,2.88
1598,539388690,"01598M21:49:16.892","01598 21:01:55",220.24,844.69,,,,"     ",5.10,172.93,2.86
1598,539388691,"01598M21:49:17.865","01598 21:01:56",220.26,844.75,,,,"     ",5.10,173.58,2.87
1598,539388692,"01598M21:49:18.838","01598 21:01:57",220.25,844.75,,,,"     ",5.10,173.54,2.87
1598,539388693,"01598M21:49:19.811","01598 21:01:58",220.25,844.68,,,,"     ",5.10,174.20,2.88
1598,539388694,"01598M21:49:20.785","01598 21:01:59",220.26,844.74,,,,"     ",5.10,174.68,2.89
1598,539388695,"01598M21:49:21.758","01598 21:02:00",220.30,844.70,,,,"     ",5.10,173.16,2.87
1598,539388696,"01598M21:49:22.731","01598 21:02:01",220.34,844.69,,,,"     ",5.10,173.10,2.87
1598,539388697,"01598M21:49:23.704","01598 21:02:02",220.40,844.79,,,,"     ",5.10,173.52,2.87
1598,539388698,"01598M21:49:24.678","01598 21:02:03",220.45,844.78,,,,"     ",5.10,173.90,2.88
1598,539388699,"01598M21:49:25.651","01598 21:02:04",220.48,844.76,,,,"     ",5.10,173.36,2.87
1598,539388700,"01598M21:49:26.624","01598 21:02:05",220.50,844.76,,,,"     ",5.10,173.95,2.88
1598,539388701,"01598M21:49:27.597","01598 21:02:06",220.51,844.85,,,,"     ",5.10,174.45,2.89
1598,539388702,"01598M21:49:28.571","01598 21:02:07",220.53,844.84,,,,"     ",5.10,174.25,2.89
1598,539388703,"01598M21:49:29.544","01598 21:02:08",220.57,844.86,,,,"     ",5.10,173.47,2.88
1598,539388704,"01598M21:49:30.517","01598 21:02:09",220.64,844.82,,,,"     ",5.10,174.63,2.90
1598,539388705,"01598M21:49:31.490","01598 21:02:10",220.71,844.88,,,,"     ",5.10,173.40,2.88
1598,539388706,"01598M21:49:32.464","01598 21:02:11",220.77,844.91,,,,"     ",5.10,174.15,2.89
1598,539388707,"01598M21:49:33.437","01598 21:02:12",220.82,844.80,,,,"     ",5.10,174.04,2.89
1598,539388708,"01598M21:49:34.410","01598 21:02:13",220.82,844.83,,,,"     ",5.10,174.14,2.89
1598,539388709,"01598M21:49:35.383","01598 21:02:14",220.77,844.79,,,,"     ",5.10,174.00,2.89
1598,539388710,"01598M21:49:36.357","01598 21:02:15",220.68,844.89,,,,"     ",5.10,172.92,2.87
1598,539388711,"01598M21:49:37.330","01598 21:02:16",220.57,844.80,,,,"     ",5.10,172.31,2.86
1598,539388712,"01598M21:49:38.303","01598 21:02:17",220.46,844.80,,,,"     ",5.10,172.69,2.87
1598,539388713,"01598M21:49:39.276","01598 21:02:18",220.35,844.81,,,,"     ",5.10,172.62,2.87
1598,539388714,"01598M21:49:40.250","01598 21:02:19",220.25,844.80,,,,"     ",5.10,172.35,2.87
1598,539388715,"01598M21:49:41.223","01598 21:02:20",220.17,844.85,,,,"     ",5.10,173.06,2.88
1598,539388716,"01598M21:49:42.196","01598 21:02:21",220.11,844.88,,,,"     ",5.10,173.37,2.88
1598,539388717,"01598M21:49:43.170","01598 21:02:22",220.08,844.77,,,,"     ",5.10,173.13,2.88
1598,539388718,"01598M21:49:44.143","01598 21:02:23",220.07,844.82,,,,"     ",5.10,172.22,2.87
1598,539388719,"01598M21:49:45.116","01598 21:02:24",220.10,844.76,,,,"     ",5.10,172.23,2.87
1598,539388720,"01598M21:49:46.089","01598 21:02:25",220.15,844.71,,,,"     ",5.10,172.89,2.88
1598,539388721,"01598M21:49:47.063","01598 21:02:25",220.23,844.77,,,,"     ",5.10,173.48,2.89
1598,539388722,"01598M21:49:48.036","01598 21:02:26",220.33,844.75,,,,"     ",5.10,171.76,2.86
1598,539388723,"01598M21:49:49.009","01598 21:02:27",220.45,844.82,,,,"     ",5.10,172.21,2.87
1598,539388724,"01598M21:49:49.982","01598 21:02:28",220.58,844.85,,,,"     ",5.10,172.20,2.87
1598,539388725,"01598M21:49:50.956","01598 21:02:29",220.69,844.90,,,,"     ",5.10,171.70,2.86
1598,539388726,"01598M21:49:51.929","01598 21:02:30",220.78,844.88,,,,"     ",5.10,172.10,2.87
1598,539388727,"01598M21:49:52.902","01598 21:02:31",220.86,844.79,,,,"     ",5.10,172.63,2.88
1598,539388728,"01598M21:49:53.875","01598 21:02:32",220.92,844.87,,,,"     ",5.10,172.30,2.87
1598,539388729,"01598M21:49:54.849","01598 21:02:33",220.96,844.90,,,,"     ",5.10,173.27,2.89
1598,539388730,"01598M21:49:55.822","01598 21:02:34",220.98,844.96,,,,"     ",5.10,171.84,2.87
1598,539388731,"01598M21:49:56.795","01598 21:02:35",220.96,844.88,,,,"     ",5.10,172.08,2.87
1598,539388732,"01598M21:49:57.768","01598 21:02:36",220.93,844.87,,,,"     ",5.10,172.30,2.88
1598,539388733,"01598M21:49:58.742","01598 21:02:37",220.92,844.83,,,,"     ",5.10,172.18,2.87
1598,539388734,"01598M21:49:59.715","01598 21:02:38",220.94,844.81,,,,"     ",5.10,172.67,2.88
1598,539388735,"01598M21:50:00.688","01598 21:02:39",220.97,844.84,,,,"     ",5.10,171.54,2.86
1598,539388736,"01598M21:50:01.661","01598 21:02:40",221.02,844.82,,,,"     ",5.10,171.55,2.86
1598,539388737,"01598M21:50:02.635","01598 21:02:41",221.62,844.80,,,,"     ",5.10,172.35,2.88
1598,539388738,"01598M21:50:03.608","01598 21:02:42",221.67,844.74,,,,"     ",5.10,173.02,2.89
1598,539388739,"01598M21:50:04.581","01598 21:02:43",221.71,844.75,,,,"     ",5.10,173.03,2.89
1598,539388740,"01598M21:50:05.554","01598 21:02:44",221.73,844.72,,,,"     ",5.10,172.62,2.88
1598,539388741,"01598M21:50:06.528","01598 21:02:45",221.76,844.68,,,,"     ",5.10,173.88,2.90
1598,539388742,"01598M21:50:07.501","01598 21:02:46",221.78,844.72,,,,"     ",5.10,173.54,2.90
1598,539388743,"01598M21:50:08.474","01598 21:02:47",221.80,844.75,,,,"     ",5.10,171.45,2.86
1598,539388744,"01598M21:50:09.447","01598 21:02:48",221.83,844.84,,,,"     ",5.10,173.59,2.90
1598,539388745,"01598M21:50:10.421","01598 21:02:49",221.85,844.79,,,,"     ",5.10,172.47,2.88
1598,539388746,"01598M21:50:11.394","01598 21:02:50",221.88,844.75,,,,"     ",5.10,173.35,2.90
1598,539388747,"01598M21:50:12.367","01598 21:02:51",221.90,844.78,,,,"     ",5.10,173.06,2.89
1598,539388748,"01598M21:50:13.340","01598 21:02:52",221.92,844.75,,,,"     ",5.10,173.05,2.89
1598,539388749,"01598M21:50:14.314","01598 21:02:53",221.94,844.78,,,,"     ",5.10,173.93,2.91
1598,539388750,"01598M21:50:15.287","01598 21:02:54",221.94,844.79,,,,"     ",5.10,174.06,2.91
1598,539388751,"01598M21:50:16.260","01598 21:02:55",221.56,844.90,,,,"     ",5.10,173.74,2.90
1598,539388752,"01598M21:50:17.233","01598 21:02:56",221.58,844.79,,,,"     ",5.10,173.08,2.89
1598,539388753,"01598M21:50:18.207","01598 21:02:57",221.63,844.82,,,,"     ",5.10,173.86,2.91
1598,539388754,"01598M21:50:19.180","01598 21:02:58",221.70,844.78,,,,"     ",5.10,173.57,2.90
1598,539388755,"01598M21:50:20.153","01598 21:02:59",221.78,844.93,,,,"     ",5.10,173.67,2.90
1598,539388756,"01598M21:50:21.126","01598 21:03:00",221.85,844.90,,,,"     ",5.10,174.42,2.92
1598,539388757,"01598M21:50:22.100","01598 21:03:01",221.89,844.94,,,,"     ",5.10,175.33,2.93
1598,539388758,"01598M21:50:23.073","01598 21:03:01",221.93,844.98,,,,"     ",5.10,174.21,2.91
1598,539388759,"01598M21:50:24.046","01598 21:03:02",221.97,845.01,,,,"     ",5.10,173.84,2.91
1598,539388760,"01598M21:50:25.019","01598 21:03:03",222.30,845.00,,,,"     ",5.10,174.20,2.91
1598,539388761,"01598M21:50:25.993","01598 21:03:04",222.34,844.98,,,,"     ",5.10,175.42,2.93
1598,539388762,"01598M21:50:26.966","01598 21:03:05",222.38,845.01,,,,"     ",5.10,175.06,2.93
1598,539388763,"01598M21:50:27.939","01598 21:03:06",222.44,844.99,,,,"     ",5.10,174.85,2.92
1598,539388764,"01598M21:50:28.912","01598 21:03:07",222.52,845.04,,,,"     ",5.10,174.33,2.91
1598,539388765,"01598M21:50:29.886","01598 21:03:08",222.61,845.08,,,,"     ",5.10,173.83,2.91
1598,539388766,"01598M21:50:30.859","01598 21:03:09",222.70,845.12,,,,"     ",5.10,175.03,2.93
1598,539388767,"01598M21:50:31.832","01598 21:03:10",222.78,845.11,,,,"     ",5.10,174.21,2.91
1598,539388768,"01598M21:50:32.805","01598 21:03:11",222.84,845.09,,,,"     ",5.10,175.73,2.94
1598,539388769,"01598M21:50:33.779","01598 21:03:12",222.89,845.04,,,,"     ",5.10,175.25,2.93
1598,539388770,"01598M21:50:34.752","01598 21:03:13",222.93,845.12,,,,"     ",5.10,175.62,2.94
1598,539388771,"01598M21:50:35.725","01598 21:03:14",222.97,845.07,,,,"     ",5.10,174.21,2.91
1598,539388772,"01598M21:50:36.698","01598 21:03:15",223.01,845.09,,,,"     ",5.10,174.99,2.92
1598,539388773,"01598M21:50:37.672","01598 21:03:16",223.05,845.04,,,,"     ",5.10,174.95,2.92
1598,539388774,"01598M21:50:38.645","01598 21:03:17",223.08,845.02,,,,"     ",5.10,174.52,2.91
1598,539388775,"01598M21:50:39.618","01598 21:03:18",223.11,845.09,,,,"     ",5.10,174.93,2.92
1598,539388776,"01598M21:50:40.591","01598 21:03:19",223.14,844.99,,,,"     ",5.10,174.15,2.91
1598,539388777,"01598M21:50:41.565","01598 21:03:20",223.17,845.05,,,,"     ",5.10,175.28,2.93
1598,539388778,"01598M21:50:42.538","01598 21:03:21",223.19,845.04,,,,"     ",5.10,175.17,2.92
1598,539388779,"01598M21:50:43.511","01598 21:03:22",223.20,845.06,,,,"     ",5.10,175.45,2.93
1598,539388780,"01598M21:50:44.484","01598 21:03:23",223.22,845.08,,,,"     ",5.10,174.06,2.90
1598,539388781,"01598M21:50:45.458","01598 21:03:24",224.00,845.10,,,,"     ",5.10,176.68,2.95
1598,539388782,"01598M21:50:46.431","01598 21:03:25",223.93,845.14,,,,"     ",5.10,174.59,2.91
1598,539388783,"01598M21:50:47.404","01598 21:03:26",223.85,845.12,,,,"     ",5.10,175.31,2.92
1598,539388784,"01598M21:50:48.377","01598 21:03:27",223.78,845.08,,,,"     ",5.10,174.40,2.90
1598,539388785,"01598M21:50:49.351","01598 21:03:28",223.72,845.12,,,,"     ",5.10,177.12,2.95
1598,539388786,"01598M21:50:50.324","01598 21:03:29",223.66,845.06,,,,"     ",5.10,176.08,2.93
1598,539388787,"01598M21:50:51.297","01598 21:03:30",223.63,845.00,,,,"     ",5.10,174.71,2.91
1598,539388788,"01598M21:50:52.270","01598 21:03:31",223.90,845.05,,,,"     ",5.10,175.23,2.92
1598,539388789,"01598M21:50:53.244","01598 21:03:32",223.87,845.03,,,,"     ",5.10,175.91,2.93
1598,539388790,"01598M21:50:54.217","01598 21:03:33",223.84,845.11,,,,"     ",5.10,175.17,2.91
1598,539388791,"01598M21:50:55.190","01598 21:03:34",223.81,845.06,,,,"     ",5.10,176.05,2.93
1598,539388792,"01598M21:50:56.164","01598 21:03:35",223.78,845.02,,,,"     ",5.10,175.87,2.92
1598,539388793,"01598M21:50:57.137","01598 21:03:36",223.75,844.98,,,,"     ",5.10,175.94,2.92
1598,539388794,"01598M21:50:58.110","01598 21:03:37",223.72,844.99,,,,"     ",5.10,176.09,2.93
1598,539388795,"01598M21:50:59.083","01598 21:03:37",223.69,844.98,,,,"     ",5.10,177.15,2.95
1598,539388796,"01598M21:51:00.057","01598 21:03:38",223.67,845.08,,,,"     ",5.10,177.10,2.94
1598,539388797,"01598M21:51:01.030","01598 21:03:39",223.64,845.07,,,,"     ",5.10,177.16,2.94
1598,539388798,"01598M21:51:02.003","01598 21:03:40",223.61,845.11,,,,"     ",5.10,177.28,2.95
1598,539388799,"01598M21:51:02.976","01598 21:03:41",223.59,845.07,,,,"     ",5.10,176.59,2.93
1598,539388800,"01598M21:51:03.950","01598 21:03:42",223.57,845.01,,,,"     ",5.10,177.53,2.95
1598,539388801,"01598M21:51:04.923","01598 21:03:43",223.57,845.02,,,,"     ",5.10,177.02,2.94
1598,539388802,"01598M21:51:05.896","01598 21:03:44",223.58,845.08,,,,"     ",5.10,177.38,2.95
1598,539388803,"01598M21:51:06.869","01598 21:03:45",223.59,845.02,,,,"     ",5.10,177.15,2.94
1598,539388804,"01598M21:51:07.843","01598 21:03:46",223.59,845.00,,,,"     ",5.10,175.51,2.91
1598,539388805,"01598M21:51:08.816","01598 21:03:47",223.59,845.02,,,,"     ",5.10,176.58,2.93
1598,539388806,"01598M21:51:09.789","01598 21:03:48",223.58,845.07,,,,"     ",5.10,176.29,2.93
1598,539388807,"01598M21:51:10.762","01598 21:03:49",223.58,845.08,,,,"     ",5.10,175.78,2.92
1598,539388808,"01598M21:51:11.736","01598 21:03:50",223.58,845.05,,,,"     ",5.10,177.27,2.94
1598,539388809,"01598M21:51:12.709","01598 21:03:51",223.58,845.08,,,,"     ",5.10,175.34,2.91
1598,539388810,"01598M21:51:13.682","01598 21:03:52",223.58,845.01,,,,"     ",5.10,176.00,2.92
1598,539388811,"01598M21:51:14.655","01598 21:03:53",223.59,845.09,,,,"     ",5.10,176.42,2.93
1598,539388812,"01598M21:51:15.629","01598 21:03:54",223.59,845.13,,,,"     ",5.10,176.17,2.93
1598,539388813,"01598M21:51:16.602","01598 21:03:55",223.60,845.15,,,,"     ",5.10,176.72,2.94
1598,539388814,"01598M21:51:17.575","01598 21:03:56",223.62,845.17,,,,"     ",5.10,177.00,2.94
1598,539388815,"01598M21:51:18.548","01598 21:03:57",223.64,845.17,,,,"     ",5.10,176.05,2.92
1598,539388816,"01598M21:51:19.522","01598 21:03:58",223.47,845.19,,,,"     ",5.10,175.27,2.91
1598,539388817,"01598M21:51:20.495","01598 21:03:59",223.50,845.24,,,,"     ",5.10,175.60,2.92
1598,539388818,"01598M21:51:21.468","01598 21:04:00",223.53,845.26,,,,"     ",5.10,174.89,2.91
1598,539388819,"01598M21:51:22.441","01598 21:04:01",223.57,845.25,,,,"     ",5.10,176.04,2.93
1598,539388820,"01598M21:51:23.415","01598 21:04:02",223.61,845.29,,,,"     ",5.10,175.25,2.91
1598,539388821,"01598M21:51:24.388","01598 21:04:03",223.66,845.23,,,,"     ",5.10,175.88,2.92
1598,539388822,"01598M21:51:25.361","01598 21:04:04",223.72,845.23,,,,"     ",5.10,175.72,2.92
1598,539388823,"01598M21:51:26.334","01598 21:04:05",223.80,845.20,,,,"     ",5.10,175.30,2.91
1598,539388824,"01598M21:51:27.308","01598 21:04:06",223.90,845.33,,,,"     ",5.10,175.93,2.92
1598,539388825,"01598M21:51:28.281","01598 21:04:07",224.00,845.20,,,,"     ",5.10,175.43,2.91
1598,539388826,"01598M21:51:29.254","01598 21:04:08",224.11,845.27,,,,"     ",5.10,175.87,2.92
1598,539388827,"01598M21:51:30.227","01598 21:04:09",224.22,845.28,,,,"     ",5.10,176.39,2.93
1598,539388828,"01598M21:51:31.201","01598 21:04:10",224.32,845.29,,,,"     ",5.10,176.96,2.94
1598,539388829,"01598M21:51:32.174","01598 21:04:11",224.42,845.33,,,,"     ",5.10,177.30,2.94
1598,539388830,"01598M21:51:33.147","01598 21:04:12",224.49,845.29,,,,"     ",5.10,176.35,2.93
1598,539388831,"01598M21:51:34.120","01598 21:04:13",224.54,845.24,,,,"     ",5.10,177.72,2.95
1598,539388832,"01598M21:51:35.094","01598 21:04:13",224.57,845.24,,,,"     ",5.10,178.12,2.95
1598,539388833,"01598M21:51:36.067","01598 21:04:14",224.59,845.30,,,,"     ",5.10,176.65,2.93
1598,539388834,"01598M21:51:37.040","01598 21:04:15",224.60,845.26,,,,"     ",5.10,178.97,2.97
1598,539388835,"01598M21:51:38.013","01598 21:04:16",224.60,845.31,,,,"     ",5.10,177.28,2.94
1598,539388836,"01598M21:51:38.987","01598 21:04:17",224.61,845.41,,,,"     ",5.10,177.76,2.95
1598,539388837,"01598M21:51:39.960","01598 21:04:18",224.62,845.39,,,,"     ",5.10,178.04,2.95
1598,539388838,"01598M21:51:40.933","01598 21:04:19",224.63,845.42,,,,"     ",5.10,179.19,2.97
1598,539388839,"01598M21:51:41.906","01598 21:04:20",224.65,845.39,,,,"     ",5.10,177.96,2.95
1598,539388840,"01598M21:51:42.880","01598 21:04:21",224.66,845.43,,,,"     ",5.10,179.03,2.97
1598,539388841,"01598M21:51:43.853","01598 21:04:22",224.68,845.47,,,,"     ",5.10,177.54,2.94
1598,539388842,"01598M21:51:44.826","01598 21:04:23",224.69,845.46,,,,"     ",5.10,178.31,2.95
1598,539388843,"01598M21:51:45.799","01598 21:04:24",224.70,845.39,,,,"     ",5.10,179.49,2.97
1598,539388844,"01598M21:51:46.773","01598 21:04:25",224.70,845.40,,,,"     ",5.10,179.16,2.96
1598,539388845,"01598M21:51:47.746","01598 21:04:26",224.71,845.43,,,,"     ",5.10,179.73,2.97
1598,539388846,"01598M21:51:48.719","01598 21:04:27",224.72,845.49,,,,"     ",5.10,180.52,2.99
1598,539388847,"01598M21:51:49.692","01598 21:04:28",224.74,845.54,,,,"     ",5.10,179.75,2.97
1598,539388848,"01598M21:51:50.666","01598 21:04:29",224.75,845.48,,,,"     ",5.10,180.86,2.99
1598,539388849,"01598M21:51:51.639","01598 21:04:30",224.77,845.40,,,,"     ",5.10,182.31,3.02
1598,539388850,"01598M21:51:52.612","01598 21:04:31",224.80,845.25,,,,"     ",5.10,181.61,3.00
1598,539388851,"01598M21:51:53.585","01598 21:04:32",224.83,845.34,,,,"     ",5.10,180.52,2.98
1598,539388852,"01598M21:51:54.559","01598 21:04:33",224.86,845.43,,,,"     ",5.10,181.18,2.99
1598,539388853,"01598M21:51:55.532","01598 21:04:34",224.89,845.33,,,,"     ",5.10,180.97,2.99
1598,539388854,"01598M21:51:56.505","01598 21:04:35",224.90,845.43,,,,"     ",5.10,180.41,2.98
1598,539388855,"01598M21:51:57.478","01598 21:04:36",224.90,845.52,,,,"     ",5.10,182.84,3.02
1598,539388856,"01598M21:51:58.452","01598 21:04:37",224.88,845.58,,,,"     ",5.10,180.71,2.98
1598,539388857,"01598M21:51:59.425","01598 21:04:38",224.84,845.67,,,,"     ",5.10,181.76,3.00
1598,539388858,"01598M21:52:00.398","01598 21:04:39",224.78,845.64,,,,"     ",5.10,181.27,2.99
1598,539388859,"01598M21:52:01.371","01598 21:04:40",224.72,845.62,,,,"     ",5.10,180.22,2.97
1598,539388860,"01598M21:52:02.345","01598 21:04:41",224.66,845.76,,,,"     ",5.10,182.98,3.02
1598,539388861,"01598M21:52:03.318","01598 21:04:42",224.60,845.76,,,,"     ",5.10,181.49,2.99
1598,539388862,"01598M21:52:04.291","01598 21:04:43",224.56,846.01,,,,"     ",5.10,182.42,3.01
1598,539388863,"01598M21:52:05.265","01598 21:04:44",224.52,846.06,,,,"     ",5.10,181.59,3.00
1598,539388864,"01598M21:52:06.238","01598 21:04:45",224.49,846.14,,,,"     ",5.10,180.83,2.98
1598,539388865,"01598M21:52:07.211","01598 21:04:46",224.48,846.05,,,,"     ",5.10,181.91,3.00
1598,539388866,"01598M21:52:08.184","01598 21:04:47",224.46,846.01,,,,"     ",5.10,181.59,2.99
1598,539388867,"01598M21:52:09.158","01598 21:04:48",224.45,845.98,,,,"     ",5.10,183.81,3.03
1598,539388868,"01598M21:52:10.131","01598 21:04:49",224.44,845.96,,,,"     ",5.10,182.36,3.01
1598,539388869,"01598M21:52:11.104","01598 21:04:49",224.43,845.90,,,,"     ",5.10,181.48,2.99
1598,539388870,"01598M21:52:12.077","01598 21:04:50",224.42,845.96,,,,"     ",5.10,181.47,2.99
1598,539388871,"01598M21:52:13.051","01598 21:04:51",224.42,845.88,,,,"     ",5.10,181.58,2.99
1598,539388872,"01598M21:52:14.024","01598 21:04:52",224.43,845.77,,,,"     ",5.10,181.08,2.98
1598,539388873,"01598M21:52:14.997","01598 21:04:53",224.44,845.82,,,,"     ",5.10,181.47,2.99
1598,539388874,"01598M21:52:15.970","01598 21:04:54",224.45,845.75,,,,"     ",5.10,182.14,3.00
1598,539388875,"01598M21:52:16.944","01598 21:04:55",224.48,845.76,,,,"     ",5.10,181.91,3.00
1598,539388876,"01598M21:52:17.917","01598 21:04:56",224.50,845.72,,,,"     ",5.10,180.55,2.97
1598,539388877,"01598M21:52:18.890","01598 21:04:57",224.53,845.76,,,,"     ",5.10,181.74,2.99
1598,539388878,"01598M21:52:19.863","01598 21:04:58",224.54,845.89,,,,"     ",5.10,182.46,3.00
1598,539388879,"01598M21:52:20.837","01598 21:04:59",224.54,845.91,,,,"     ",5.10,181.05,2.98
1598,539388880,"01598M21:52:21.810","01598 21:05:00",224.53,845.88,,,,"     ",5.10,182.09,3.00
1598,539388881,"01598M21:52:22.783","01598 21:05:01",224.52,845.92,,,,"     ",5.10,181.86,2.99
1598,539388882,"01598M21:52:23.756","01598 21:05:02",224.49,846.01,,,,"     ",5.10,183.15,3.02
1598,539388883,"01598M21:52:24.730","01598 21:05:03",224.47,846.07,,,,"     ",5.10,182.00,3.00
1598,539388884,"01598M21:52:25.703","01598 21:05:04",224.45,845.86,,,,"     ",5.10,182.03,3.00
1598,539388885,"01598M21:52:26.676","01598 21:05:05",224.42,845.97,,,,"     ",5.10,183.01,3.01
1598,539388886,"01598M21:52:27.649","01598 21:05:06",224.41,846.06,,,,"     ",5.10,182.13,3.00
1598,539388887,"01598M21:52:28.623","01598 21:05:07",224.41,845.95,,,,"     ",5.10,183.37,3.02
1598,539388888,"01598M21:52:29.596","01598 21:05:08",224.41,846.02,,,,"     ",5.10,181.45,2.99
1598,539388889,"01598M21:52:30.569","01598 21:05:09",224.42,846.13,,,,"     ",5.10,182.74,3.01
1598,539388890,"01598M21:52:31.542","01598 21:05:10",224.43,846.22,,,,"     ",5.10,183.01,3.01
1598,539388891,"01598M21:52:32.516","01598 21:05:11",224.43,846.09,,,,"     ",5.10,182.59,3.01
1598,539388892,"01598M21:52:33.489","01598 21:05:12",224.42,846.06,,,,"     ",5.10,183.76,3.03
1598,539388893,"01598M21:52:34.462","01598 21:05:13",224.42,846.00,,,,"     ",5.10,184.47,3.04
1598,539388894,"01598M21:52:35.435","01598 21:05:14",224.42,845.87,,,,"     ",5.10,181.78,2.99
1598,539388895,"01598M21:52:36.409","01598 21:05:15",224.43,845.86,,,,"     ",5.10,182.88,3.01
1598,539388896,"01598M21:52:37.382","01598 21:05:16",224.45,845.91,,,,"     ",5.10,183.30,3.02
1598,539388897,"01598M21:52:38.355","01598 21:05:17",224.48,846.04,,,,"     ",5.10,182.19,3.00
1598,539388898,"01598M21:52:39.328","01598 21:05:18",224.52,846.07,,,,"     ",5.10,182.10,3.00
1598,539388899,"01598M21:52:40.302","01598 21:05:19",224.55,845.87,,,,"     ",5.10,183.74,3.02
1598,539388900,"01598M21:52:41.275","01598 21:05:20",224.59,845.75,,,,"     ",5.10,182.57,3.00
1598,539388901,"01598M21:52:42.248","01598 21:05:21",224.62,845.88,,,,"     ",5.10,183.82,3.03
1598,539388902,"01598M21:52:43.221","01598 21:05:22",224.64,845.72,,,,"     ",5.10,183.65,3.02
1598,539388903,"01598M21:52:44.195","01598 21:05:23",224.64,845.45,,,,"     ",5.10,183.55,3.02
1598,539388904,"01598M21:52:45.168","01598 21:05:24",224.62,846.06,,,,"     ",5.10,185.08,3.05
1598,539388905,"01598M21:52:46.141","01598 21:05:25",224.60,845.58,,,,"     ",5.10,184.09,3.03
1598,539388906,"01598M21:52:47.114","01598 21:05:26",224.58,845.76,,,,"     ",5.10,185.86,3.06
1598,539388907,"01598M21:52:48.088","01598 21:05:26",224.54,845.95,,,,"     ",5.10,184.41,3.03
1598,539388908,"01598M21:52:49.061","01598 21:05:27",224.51,846.33,,,,"     ",5.10,184.93,3.04
1598,539388909,"01598M21:52:50.034","01598 21:05:28",224.50,846.41,,,,"     ",5.10,184.17,3.03
1598,539388910,"01598M21:52:51.007","01598 21:05:29",224.49,846.03,,,,"     ",5.10,183.30,3.01
1598,539388911,"01598M21:52:51.981","01598 21:05:30",224.50,846.36,,,,"     ",5.10,184.64,3.04
1598,539388912,"01598M21:52:52.954","01598 21:05:31",224.52,846.23,,,,"     ",5.10,184.44,3.04
1598,539388913,"01598M21:52:53.927","01598 21:05:32",224.54,846.23,,,,"     ",5.10,185.87,3.06
1598,539388914,"01598M21:52:54.900","01598 21:05:33",224.58,846.07,,,,"     ",5.10,185.17,3.05
1598,539388915,"01598M21:52:55.874","01598 21:05:34",224.61,846.16,,,,"     ",5.10,186.32,3.07
1598,539388916,"01598M21:52:56.847","01598 21:05:35",224.64,845.97,,,,"     ",5.10,185.78,3.06
1598,539388917,"01598M21:52:57.820","01598 21:05:36",224.68,845.94,,,,"     ",5.10,185.84,3.06
1598,539388918,"01598M21:52:58.793","01598 21:05:37",224.72,845.92,,,,"     ",5.10,185.17,3.04
1598,539388919,"01598M21:52:59.767","01598 21:05:38",224.77,845.90,,,,"     ",5.10,187.17,3.08
1598,539388920,"01598M21:53:00.740","01598 21:05:39",224.82,845.94,,,,"     ",5.10,186.28,3.06
1598,539388921,"01598M21:53:01.713","01598 21:05:40",224.86,845.99,,,,"     ",5.10,185.38,3.05
1598,539388922,"01598M21:53:02.686","01598 21:05:41",224.91,845.96,,,,"     ",5.10,186.69,3.07
1598,539388923,"01598M21:53:03.660","01598 21:05:42",224.96,845.89,,,,"     ",5.10,185.74,3.05
1598,539388924,"01598M21:53:04.633","01598 21:05:43",224.99,845.90,,,,"     ",5.10,186.46,3.06
1598,539388925,"01598M21:53:05.606","01598 21:05:44",225.02,846.06,,,,"     ",5.10,187.30,3.08
1598,539388926,"01598M21:53:06.579","01598 21:05:45",225.04,846.02,,,,"     ",5.10,188.14,3.09
1598,539388927,"01598M21:53:07.553","01598 21:05:46",225.03,845.91,,,,"     ",5.10,186.76,3.07
1598,539388928,"01598M21:53:08.526","01598 21:05:47",225.01,845.86,,,,"     ",5.10,186.01,3.05
1598,539388929,"01598M21:53:09.499","01598 21:05:48",224.97,845.97,,,,"     ",5.10,187.24,3.08
1598,539388930,"01598M21:53:10.472","01598 21:05:49",224.93,845.97,,,,"     ",5.10,187.16,3.07
1598,539388931,"01598M21:53:11.446","01598 21:05:50",224.89,845.84,,,,"     ",5.10,186.41,3.06
1598,539388932,"01598M21:53:12.419","01598 21:05:51",224.85,845.81,,,,"     ",5.10,187.16,3.07
1598,539388933,"01598M21:53:13.392","01598 21:05:52",224.82,845.84,,,,"     ",5.10,187.25,3.08
1598,539388934,"01598M21:53:14.366","01598 21:05:53",224.80,845.92,,,,"     ",5.10,187.00,3.07
1598,539388935,"01598M21:53:15.339","01598 21:05:54",224.80,845.79,,,,"     ",5.10,187.30,3.07
1598,539388936,"01598M21:53:16.312","01598 21:05:55",224.81,845.88,,,,"     ",5.10,187.26,3.08
1598,539388937,"01598M21:53:17.285","01598 21:05:56",224.83,845.96,,,,"     ",5.10,187.48,3.08
1598,539388938,"01598M21:53:18.259","01598 21:05:57",224.86,846.10,,,,"     ",5.10,186.89,3.07
1598,539388939,"01598M21:53:19.232","01598 21:05:58",224.90,846.12,,,,"     ",5.10,187.22,3.07
1598,539388940,"01598M21:53:20.205","01598 21:05:59",224.94,846.20,,,,"     ",5.10,186.71,3.07
1598,539388941,"01598M21:53:21.178","01598 21:06:00",224.97,846.08,,,,"     ",5.10,186.66,3.06
1598,539388942,"01598M21:53:22.152","01598 21:06:01",225.00,846.16,,,,"     ",5.10,187.79,3.08
1598,539388943,"01598M21:53:23.125","01598 21:06:02",225.02,846.21,,,,"     ",5.10,188.00,3.09
1598,539388944,"01598M21:53:24.098","01598 21:06:02",225.03,846.12,,,,"     ",5.10,187.84,3.08
1598,539388945,"01598M21:53:25.071","01598 21:06:03",225.04,846.18,,,,"     ",5.10,188.20,3.09
1598,539388946,"01598M21:53:26.045","01598 21:06:04",225.05,846.33,,,,"     ",5.10,188.16,3.09
1598,539388947,"01598M21:53:27.018","01598 21:06:05",225.06,846.26,,,,"     ",5.10,188.92,3.10
1598,539388948,"01598M21:53:27.991","01598 21:06:06",225.06,846.09,,,,"     ",5.10,187.78,3.08
1598,539388949,"01598M21:53:28.964","01598 21:06:07",225.06,845.83,,,,"     ",5.10,188.59,3.09
1598,539388950,"01598M21:53:29.938","01598 21:06:08",225.04,845.97,,,,"     ",5.10,189.11,3.10
1598,539388951,"01598M21:53:30.911","01598 21:06:09",225.00,846.11,,,,"     ",5.10,188.93,3.10
1598,539388952,"01598M21:53:31.884","01598 21:06:10",224.95,845.91,,,,"     ",5.10,190.08,3.12
1598,539388953,"01598M21:53:32.857","01598 21:06:11",224.87,846.08,,,,"     ",5.10,190.18,3.12
1598,539388954,"01598M21:53:33.831","01598 21:06:12",224.79,846.01,,,,"     ",5.10,189.45,3.11
1598,539388955,"01598M21:53:34.804","01598 21:06:13",224.71,845.99,,,,"     ",5.10,188.35,3.09
1598,539388956,"01598M21:53:35.777","01598 21:06:14",224.64,846.06,,,,"     ",5.10,189.70,3.11
1598,539388957,"01598M21:53:36.750","01598 21:06:15",224.60,845.98,,,,"     ",5.10,190.59,3.12
1598,539388958,"01598M21:53:37.724","01598 21:06:16",224.59,846.01,,,,"     ",5.10,191.17,3.13
1598,539388959,"01598M21:53:38.697","01598 21:06:17",224.63,845.94,,,,"     ",5.10,188.89,3.09
1598,539388960,"01598M21:53:39.670","01598 21:06:18",224.71,845.87,,,,"     ",5.10,189.95,3.11
1598,539388961,"01598M21:53:40.643","01598 21:06:19",224.82,845.86,,,,"     ",5.10,189.50,3.10
1598,539388962,"01598M21:53:41.617","01598 21:06:20",224.96,845.85,,,,"     ",5.10,189.70,3.11
1598,539388963,"01598M21:53:42.590","01598 21:06:21",225.11,845.94,,,,"     ",5.10,191.43,3.14
1598,539388964,"01598M21:53:43.563","01598 21:06:22",225.27,845.87,,,,"     ",5.10,190.34,3.12
1598,539388965,"01598M21:53:44.536","01598 21:06:23",225.42,845.83,,,,"     ",5.10,191.03,3.13
1598,539388966,"01598M21:53:45.510","01598 21:06:24",225.56,845.90,,,,"     ",5.10,192.08,3.15
1598,539388967,"01598M21:53:46.483","01598 21:06:25",225.70,845.79,,,,"     ",5.10,190.72,3.12
1598,539388968,"01598M21:53:47.456","01598 21:06:26",225.82,845.69,,,,"     ",5.10,191.02,3.13
1598,539388969,"01598M21:53:48.429","01598 21:06:27",225.95,845.83,,,,"     ",5.10,191.39,3.13
1598,539388970,"01598M21:53:49.403","01598 21:06:28",226.07,845.78,,,,"     ",5.10,190.82,3.12
1598,539388971,"01598M21:53:50.376","01598 21:06:29",226.19,845.72,,,,"     ",5.10,191.70,3.13
1598,539388972,"01598M21:53:51.349","01598 21:06:30",226.30,845.67,,,,"     ",5.10,192.93,3.15
1598,539388973,"01598M21:53:52.322","01598 21:06:31",226.40,845.79,,,,"     ",5.10,193.20,3.16
1598,539388974,"01598M21:53:53.296","01598 21:06:32",226.48,845.87,,,,"     ",5.10,193.08,3.16
1598,539388975,"01598M21:53:54.269","01598 21:06:33",226.54,846.00,,,,"     ",5.10,192.81,3.15
1598,539388976,"01598M21:53:55.242","01598 21:06:34",226.58,845.88,,,,"     ",5.10,192.66,3.15
1598,539388977,"01598M21:53:56.215","01598 21:06:35",226.59,845.86,,,,"     ",5.10,194.20,3.17
1598,539388978,"01598M21:53:57.189","01598 21:06:36",226.57,845.94,,,,"     ",5.10,194.03,3.17
1598,539388979,"01598M21:53:58.162","01598 21:06:37",226.54,845.87,,,,"     ",5.10,193.71,3.16
1598,539388980,"01598M21:53:59.135","01598 21:06:38",226.49,845.84,,,,"     ",5.10,193.86,3.16
1598,539388981,"01598M21:54:00.108","01598 21:06:38",226.44,845.91,,,,"     ",5.10,193.18,3.15
1598,539388982,"01598M21:54:01.082","01598 21:06:39",226.40,845.88,,,,"     ",5.10,194.62,3.17
1598,539388983,"01598M21:54:02.055","01598 21:06:40",226.37,845.73,,,,"     ",5.10,194.92,3.18
1598,539388984,"01598M21:54:03.028","01598 21:06:41",226.36,845.80,,,,"     ",5.10,196.24,3.20
1598,539388985,"01598M21:54:04.001","01598 21:06:42",226.37,845.77,,,,"     ",5.10,194.51,3.17
1598,539388986,"01598M21:54:04.975","01598 21:06:43",226.39,845.74,,,,"     ",5.10,196.27,3.20
1598,539388987,"01598M21:54:05.948","01598 21:06:44",226.43,845.83,,,,"     ",5.10,195.19,3.18
1598,539388988,"01598M21:54:06.921","01598 21:06:45",226.48,845.80,,,,"     ",5.10,195.71,3.18
1598,539388989,"01598M21:54:07.894","01598 21:06:46",226.54,845.82,,,,"     ",5.10,195.22,3.17
1598,539388990,"01598M21:54:08.868","01598 21:06:47",226.61,845.86,,,,"     ",5.10,195.86,3.18
1598,539388991,"01598M21:54:09.841","01598 21:06:48",226.68,845.75,,,,"     ",5.10,195.33,3.17
1598,539388992,"01598M21:54:10.814","01598 21:06:49",226.75,845.77,,,,"     ",5.10,195.83,3.18
1598,539388993,"01598M21:54:11.787","01598 21:06:50",226.82,845.71,,,,"     ",5.10,195.99,3.18
1598,539388994,"01598M21:54:12.761","01598 21:06:51",226.91,845.66,,,,"     ",5.10,195.66,3.17
1598,539388995,"01598M21:54:13.734","01598 21:06:52",227.00,845.65,,,,"     ",5.10,194.43,3.15
1598,539388996,"01598M21:54:14.707","01598 21:06:53",227.09,845.75,,,,"     ",5.10,194.95,3.16
1598,539388997,"01598M21:54:15.680","01598 21:06:54",227.19,845.77,,,,"     ",5.10,195.91,3.17
1598,539388998,"01598M21:54:16.654","01598 21:06:55",227.29,845.68,,,,"     ",5.10,196.34,3.18
1598,539388999,"01598M21:54:17.627","01598 21:06:56",227.38,845.83,,,,"     ",5.10,195.51,3.16
1598,539389000,"01598M21:54:18.600","01598 21:06:57",227.47,845.86,,,,"     ",5.10,195.96,3.17
1598,539389001,"01598M21:54:19.573","01598 21:06:58",227.55,845.78,,,,"     ",5.10,196.59,3.18
1598,539389002,"01598M21:54:20.547","01598 21:06:59",227.62,845.76,,,,"     ",5.10,198.10,3.20
1598,539389003,"01598M21:54:21.520","01598 21:07:00",227.67,845.65,,,,"     ",5.10,198.92,3.21
1598,539389004,"01598M21:54:22.493","01598 21:07:01",227.71,845.64,,,,"     ",5.10,197.11,3.18
1598,539389005,"01598M21:54:23.467","01598 21:07:02",227.72,845.59,,,,"     ",5.10,197.44,3.18
1598,539389006,"01598M21:54:24.440","01598 21:07:03",227.73,845.57,,,,"     ",5.10,198.24,3.19
1598,539389007,"01598M21:54:25.413","01598 21:07:04",227.73,845.61,,,,"     ",5.10,196.64,3.17
1598,539389008,"01598M21:54:26.386","01598 21:07:05",227.72,845.65,,,,"     ",5.10,198.01,3.19
1598,539389009,"01598M21:54:27.360","01598 21:07:06",227.69,845.70,,,,"     ",5.10,198.03,3.19
1598,539389010,"01598M21:54:28.333","01598 21:07:07",227.66,845.65,,,,"     ",5.10,197.71,3.18
1598,539389011,"01598M21:54:29.306","01598 21:07:08",227.62,845.67,,,,"     ",5.10,197.66,3.18
1598,539389012,"01598M21:54:30.279","01598 21:07:09",227.58,845.68,,,,"     ",5.10,196.58,3.16
1598,539389013,"01598M21:54:31.253","01598 21:07:10",227.54,845.77,,,,"     ",5.10,197.68,3.17
1598,539389014,"01598M21:54:32.226","01598 21:07:11",227.51,845.76,,,,"     ",5.10,198.61,3.19
1598,539389015,"01598M21:54:33.199","01598 21:07:12",227.49,845.78,,,,"     ",5.10,196.79,3.16
1598,539389016,"01598M21:54:34.172","01598 21:07:13",227.48,845.78,,,,"     ",5.10,197.48,3.17
1598,539389017,"01598M21:54:35.146","01598 21:07:14",227.47,845.73,,,,"     ",5.10,195.30,3.13
1598,539389018,"01598M21:54:36.119","01598 21:07:14",227.46,845.75,,,,"     ",5.10,196.06,3.14
1598,539389019,"01598M21:54:37.092","01598 21:07:15",227.46,845.68,,,,"     ",5.10,197.20,3.16
1598,539389020,"01598M21:54:38.065","01598 21:07:16",227.45,845.68,,,,"     ",5.10,195.88,3.13
1598,539389021,"01598M21:54:39.039","01598 21:07:17",227.43,845.67,,,,"     ",5.10,195.86,3.13
1598,539389022,"01598M21:54:40.012","01598 21:07:18",227.41,845.64,,,,"     ",5.10,196.44,3.14
1598,539389023,"01598M21:54:40.985","01598 21:07:19",227.38,845.62,,,,"     ",5.10,195.99,3.13
1598,539389024,"01598M21:54:41.958","01598 21:07:20",227.36,845.60,,,,"     ",5.10,196.45,3.14
1598,539389025,"01598M21:54:42.932","01598 21:07:21",227.33,845.63,,,,"     ",5.10,195.03,3.11
1598,539389026,"01598M21:54:43.905","01598 21:07:22",227.31,845.73,,,,"     ",5.10,197.13,3.14
1598,539389027,"01598M21:54:44.878","01598 21:07:23",227.30,845.74,,,,"     ",5.10,197.31,3.15
1598,539389028,"01598M21:54:45.851","01598 21:07:24",227.29,845.81,,,,"     ",5.10,196.90,3.14
1598,539389029,"01598M21:54:46.825","01598 21:07:25",227.28,845.95,,,,"     ",5.10,195.73,3.12
1598,539389030,"01598M21:54:47.798","01598 21:07:26",227.28,845.94,,,,"     ",5.10,196.45,3.13
1598,539389031,"01598M21:54:48.771","01598 21:07:27",227.28,845.99,,,,"     ",5.10,195.66,3.12
1598,539389032,"01598M21:54:49.744","01598 21:07:28",227.29,846.02,,,,"     ",5.10,195.10,3.11
1598,539389033,"01598M21:54:50.718","01598 21:07:29",227.31,845.90,,,,"     ",5.10,196.84,3.13
1598,539389034,"01598M21:54:51.691","01598 21:07:30",227.32,845.87,,,,"     ",5.10,197.70,3.15
1598,539389035,"01598M21:54:52.664","01598 21:07:31",227.35,845.90,,,,"     ",5.10,195.73,3.11
1598,539389036,"01598M21:54:53.637","01598 21:07:32",227.39,845.95,,,,"     ",5.10,196.75,3.13
1598,539389037,"01598M21:54:54.611","01598 21:07:33",227.43,845.99,,,,"     ",5.10,196.53,3.12
1598,539389038,"01598M21:54:55.584","01598 21:07:34",227.47,846.04,,,,"     ",5.10,196.09,3.12
1598,539389039,"01598M21:54:56.557","01598 21:07:35",227.52,846.05,,,,"     ",5.10,195.30,3.10
1598,539389040,"01598M21:54:57.530","01598 21:07:36",227.56,845.96,,,,"     ",5.10,196.15,3.11
1598,539389041,"01598M21:54:58.504","01598 21:07:37",227.61,846.01,,,,"     ",5.10,196.16,3.11
1598,539389042,"01598M21:54:59.477","01598 21:07:38",227.65,846.01,,,,"     ",5.10,197.56,3.13
1598,539389043,"01598M21:55:00.450","01598 21:07:39",227.68,845.90,,,,"     ",5.10,196.81,3.12
1598,539389044,"01598M21:55:01.423","01598 21:07:40",227.72,845.99,,,,"     ",5.10,197.62,3.13
1598,539389045,"01598M21:55:02.397","01598 21:07:41",227.75,845.88,,,,"     ",5.10,196.02,3.10
1598,539389046,"01598M21:55:03.370","01598 21:07:42",227.78,845.78,,,,"     ",5.10,194.73,3.08
1598,539389047,"01598M21:55:04.343","01598 21:07:43",227.80,845.96,,,,"     ",5.10,196.95,3.12
1598,539389048,"01598M21:55:05.316","01598 21:07:44",227.81,845.90,,,,"     ",5.10,195.81,3.10
1598,539389049,"01598M21:55:06.290","01598 21:07:45",227.81,845.83,,,,"     ",5.10,196.02,3.10
1598,539389050,"01598M21:55:07.263","01598 21:07:46",227.81,845.76,,,,"     ",5.10,196.42,3.11
1598,539389051,"01598M21:55:08.236","01598 21:07:47",227.81,845.83,,,,"     ",5.10,196.58,3.11
1598,539389052,"01598M21:55:09.209","01598 21:07:48",227.81,845.72,,,,"     ",5.10,195.39,3.09
1598,539389053,"01598M21:55:10.183","01598 21:07:49",227.81,845.84,,,,"     ",5.10,195.33,3.09
1598,539389054,"01598M21:55:11.156","01598 21:07:50",227.83,845.73,,,,"     ",5.10,195.04,3.08
1598,539389055,"01598M21:55:12.129","01598 21:07:50",227.86,845.69,,,,"     ",5.10,196.15,3.10
1598,539389056,"01598M21:55:13.102","01598 21:07:51",227.90,845.77,,,,"     ",5.10,195.73,3.09
1598,539389057,"01598M21:55:14.076","01598 21:07:52",227.96,845.77,,,,"     ",5.10,194.37,3.07
1598,539389058,"01598M21:55:15.049","01598 21:07:53",228.03,845.77,,,,"     ",5.10,195.00,3.07
1598,539389059,"01598M21:55:16.022","01598 21:07:54",228.11,845.85,,,,"     ",5.10,195.89,3.09
1598,539389060,"01598M21:55:16.995","01598 21:07:55",228.20,845.82,,,,"     ",5.10,195.50,3.08
1598,539389061,"01598M21:55:17.969","01598 21:07:56",228.29,845.84,,,,"     ",5.10,195.93,3.09
1598,539389062,"01598M21:55:18.942","01598 21:07:57",228.37,845.87,,,,"     ",5.10,195.36,3.08
1598,539389063,"01598M21:55:19.915","01598 21:07:58",228.45,846.01,,,,"     ",5.10,195.63,3.08
1598,539389064,"01598M21:55:20.888","01598 21:07:59",228.51,845.83,,,,"     ",5.10,195.19,3.07
1598,539389065,"01598M21:55:21.862","01598 21:08:00",228.56,845.76,,,,"     ",5.10,195.87,3.08
1598,539389066,"01598M21:55:22.835","01598 21:08:01",228.60,845.87,,,,"     ",5.10,195.30,3.07
1598,539389067,"01598M21:55:23.808","01598 21:08:02",228.62,845.90,,,,"     ",5.10,197.32,3.11
1598,539389068,"01598M21:55:24.781","01598 21:08:03",228.64,845.83,,,,"     ",5.10,197.26,3.10
1598,539389069,"01598M21:55:25.755","01598 21:08:04",228.65,845.86,,,,"     ",5.10,197.74,3.11
1598,539389070,"01598M21:55:26.728","01598 21:08:05",228.67,845.84,,,,"     ",5.10,197.48,3.10
1598,539389071,"01598M21:55:27.701","01598 21:08:06",228.69,845.81,,,,"     ",5.10,197.91,3.11
1598,539389072,"01598M21:55:28.674","01598 21:08:07",228.71,845.79,,,,"     ",5.10,197.91,3.11
1598,539389073,"01598M21:55:29.648","01598 21:08:08",228.74,845.76,,,,"     ",5.10,197.12,3.09
1598,539389074,"01598M21:55:30.621","01598 21:08:09",228.76,845.70,,,,"     ",5.10,198.24,3.11
1598,539389075,"01598M21:55:31.594","01598 21:08:10",228.78,845.79,,,,"     ",5.10,197.07,3.09
1598,539389076,"01598M21:55:32.568","01598 21:08:11",228.80,845.77,,,,"     ",5.10,195.89,3.07
1598,539389077,"01598M21:55:33.541","01598 21:08:12",228.81,845.75,,,,"     ",5.10,198.05,3.10
1598,539389078,"01598M21:55:34.514","01598 21:08:13",228.83,845.80,,,,"     ",5.10,196.59,3.08
1598,539389079,"01598M21:55:35.487","01598 21:08:14",228.84,845.82,,,,"     ",5.10,198.01,3.10
1598,539389080,"01598M21:55:36.461","01598 21:08:15",228.85,845.89,,,,"     ",5.10,198.10,3.10
1598,539389081,"01598M21:55:37.434","01598 21:08:16",228.86,845.91,,,,"     ",5.10,198.30,3.10
1598,539389082,"01598M21:55:38.407","01598 21:08:17",228.87,845.97,,,,"     ",5.10,197.89,3.09
1598,539389083,"01598M21:55:39.380","01598 21:08:18",228.87,846.03,,,,"     ",5.10,197.31,3.08
1598,539389084,"01598M21:55:40.354","01598 21:08:19",228.88,845.99,,,,"     ",5.10,197.82,3.09
1598,539389085,"01598M21:55:41.327","01598 21:08:20",228.89,846.01,,,,"     ",5.10,198.57,3.10
1598,539389086,"01598M21:55:42.300","01598 21:08:21",228.89,846.02,,,,"     ",5.10,197.00,3.07
1598,539389087,"01598M21:55:43.273","01598 21:08:22",228.90,846.02,,,,"     ",5.10,197.74,3.09
1598,539389088,"01598M21:55:44.247","01598 21:08:23",228.90,846.09,,,,"     ",5.10,197.45,3.08
1598,539389089,"01598M21:55:45.220","01598 21:08:24",227.89,846.00,,,,"     ",5.10,197.01,3.07
1598,539389090,"01598M21:55:46.193","01598 21:08:25",227.98,846.01,,,,"     ",5.10,197.95,3.08
1598,539389091,"01598M21:55:47.166","01598 21:08:26",228.06,845.97,,,,"     ",5.10,197.27,3.07
1598,539389092,"01598M21:55:48.140","01598 21:08:26",228.14,845.97,,,,"     ",5.10,196.79,3.06
1598,539389093,"01598M21:55:49.113","01598 21:08:27",228.20,846.02,,,,"     ",5.10,197.00,3.07
1598,539389094,"01598M21:55:50.086","01598 21:08:28",228.26,846.10,,,,"     ",5.10,196.96,3.07
1598,539389095,"01598M21:55:51.059","01598 21:08:29",228.30,846.00,,,,"     ",5.10,197.43,3.07
1598,539389096,"01598M21:55:52.033","01598 21:08:30",228.34,846.01,,,,"     ",5.10,196.19,3.05
1598,539389097,"01598M21:55:53.006","01598 21:08:31",228.37,846.03,,,,"     ",5.10,198.08,3.08
1598,539389098,"01598M21:55:53.979","01598 21:08:32",228.39,846.07,,,,"     ",5.10,196.74,3.06
1598,539389099,"01598M21:55:54.952","01598 21:08:33",228.41,846.16,,,,"     ",5.10,197.71,3.08
1598,539389100,"01598M21:55:55.926","01598 21:08:34",228.42,846.18,,,,"     ",5.10,195.09,3.03
1598,539389101,"01598M21:55:56.899","01598 21:08:35",228.43,846.16,,,,"     ",5.10,197.64,3.07
1598,539389102,"01598M21:55:57.872","01598 21:08:36",228.43,846.11,,,,"     ",5.10,194.99,3.03
1598,539389103,"01598M21:55:58.845","01598 21:08:37",228.41,846.17,,,,"     ",5.10,196.41,3.05
1598,539389104,"01598M21:55:59.819","01598 21:08:38",228.41,846.15,,,,"     ",5.10,197.02,3.06
1598,539389105,"01598M21:56:00.792","01598 21:08:39",228.41,846.13,,,,"     ",5.10,196.03,3.04
1598,539389106,"01598M21:56:01.765","01598 21:08:40",228.40,846.13,,,,"     ",5.10,197.48,3.07
1598,539389107,"01598M21:56:02.738","01598 21:08:41",228.39,846.14,,,,"     ",5.10,195.56,3.04
1598,539389108,"01598M21:56:03.712","01598 21:08:42",228.40,846.13,,,,"     ",5.10,197.35,3.06
1598,539389109,"01598M21:56:04.685","01598 21:08:43",228.43,846.13,,,,"     ",5.10,197.88,3.07
1598,539389110,"01598M21:56:05.658","01598 21:08:44",228.46,846.24,,,,"     ",5.10,196.16,3.04
1598,539389111,"01598M21:56:06.631","01598 21:08:45",228.50,846.14,,,,"     ",5.10,196.53,3.05
1598,539389112,"01598M21:56:07.605","01598 21:08:46",228.52,846.21,,,,"     ",5.10,196.13,3.04
1598,539389113,"01598M21:56:08.578","01598 21:08:47",228.52,846.10,,,,"     ",5.10,195.21,3.03
1598,539389114,"01598M21:56:09.551","01598 21:08:48",228.50,846.04,,,,"     ",5.10,196.52,3.05
1598,539389115,"01598M21:56:10.524","01598 21:08:49",228.45,846.02,,,,"     ",5.10,197.47,3.06
1598,539389116,"01598M21:56:11.498","01598 21:08:50",228.39,845.95,,,,"     ",5.10,196.90,3.05
1598,539389117,"01598M21:56:12.471","01598 21:08:51",228.34,845.94,,,,"     ",5.10,197.05,3.05
1598,539389118,"01598M21:56:13.444","01598 21:08:52",228.31,845.92,,,,"     ",5.10,196.18,3.04
1598,539389119,"01598M21:56:14.417","01598 21:08:53",228.31,845.95,,,,"     ",5.10,196.52,3.04
1598,539389120,"01598M21:56:15.391","01598 21:08:54",228.32,846.08,,,,"     ",5.10,196.26,3.04
1598,539389121,"01598M21:56:16.364","01598 21:08:55",228.35,846.07,,,,"     ",5.10,195.56,3.03
1598,539389122,"01598M21:56:17.337","01598 21:08:56",228.39,846.23,,,,"     ",5.10,195.81,3.03
1598,539389123,"01598M21:56:18.310","01598 21:08:57",228.43,846.09,,,,"     ",5.10,193.98,3.00
1598,539389124,"01598M21:56:19.284","01598 21:08:58",228.43,846.19,,,,"     ",5.10,195.17,3.02
1598,539389125,"01598M21:56:20.257","01598 21:08:59",228.38,846.22,,,,"     ",5.10,197.14,3.05
1598,539389126,"01598M21:56:21.230","01598 21:09:00",228.28,846.20,,,,"     ",5.10,195.75,3.03
1598,539389127,"01598M21:56:22.203","01598 21:09:01",228.15,846.13,,,,"     ",5.10,194.08,3.00
1598,539389128,"01598M21:56:23.177","01598 21:09:02",228.01,846.18,,,,"     ",5.10,195.13,3.02
1598,539389129,"01598M21:56:24.150","01598 21:09:02",227.86,846.18,,,,"     ",5.10,194.10,3.00
1598,539389130,"01598M21:56:25.123","01598 21:09:03",227.72,846.18,,,,"     ",5.10,194.72,3.01
1598,539389131,"01598M21:56:26.096","01598 21:09:04",227.60,846.18,,,,"     ",5.10,194.48,3.00
1598,539389132,"01598M21:56:27.070","01598 21:09:05",227.50,846.28,,,,"     ",5.10,193.29,2.99
1598,539389133,"01598M21:56:28.043","01598 21:09:06",227.45,846.16,,,,"     ",5.10,193.94,3.00
1598,539389134,"01598M21:56:29.016","01598 21:09:07",227.44,846.13,,,,"     ",5.10,194.89,3.01
1598,539389135,"01598M21:56:29.989","01598 21:09:08",227.50,846.10,,,,"     ",5.10,193.95,3.00
1598,539389136,"01598M21:56:30.963","01598 21:09:09",227.61,846.20,,,,"     ",5.10,192.77,2.98
1598,539389137,"01598M21:56:31.936","01598 21:09:10",227.77,846.17,,,,"     ",5.10,192.59,2.97
1598,539389138,"01598M21:56:32.909","01598 21:09:11",227.96,846.15,,,,"     ",5.10,193.71,2.99
1598,539389139,"01598M21:56:33.882","01598 21:09:12",228.16,846.11,,,,"     ",5.10,192.46,2.97
1598,539389140,"01598M21:56:34.856","01598 21:09:13",228.34,846.16,,,,"     ",5.10,191.52,2.96
1598,539389141,"01598M21:56:35.829","01598 21:09:14",228.46,846.19,,,,"     ",5.10,192.57,2.97
1598,539389142,"01598M21:56:36.802","01598 21:09:15",228.51,846.13,,,,"     ",5.10,193.36,2.99
1598,539389143,"01598M21:56:37.775","01598 21:09:16",228.47,846.16,,,,"     ",5.10,193.99,3.00
1598,539389144,"01598M21:56:38.749","01598 21:09:17",228.37,846.22,,,,"     ",5.10,192.19,2.97
1598,539389145,"01598M21:56:39.722","01598 21:09:18",228.21,846.18,,,,"     ",5.10,192.89,2.98
1598,539389146,"01598M21:56:40.695","01598 21:09:19",228.04,846.24,,,,"     ",5.10,193.79,3.00
1598,539389147,"01598M21:56:41.668","01598 21:09:20",227.86,846.18,,,,"     ",5.10,193.80,3.00
1598,539389148,"01598M21:56:42.642","01598 21:09:21",227.72,846.21,,,,"     ",5.10,193.19,2.98
1598,539389149,"01598M21:56:43.615","01598 21:09:22",227.60,846.14,,,,"     ",5.10,193.26,2.99
1598,539389150,"01598M21:56:44.588","01598 21:09:23",227.53,846.18,,,,"     ",5.10,191.58,2.96
1598,539389151,"01598M21:56:45.562","01598 21:09:24",227.53,846.24,,,,"     ",5.10,191.72,2.96
1598,539389152,"01598M21:56:46.535","01598 21:09:25",227.61,846.21,,,,"     ",5.10,192.95,2.98
1598,539389153,"01598M21:56:47.508","01598 21:09:26",227.74,846.25,,,,"     ",5.10,193.56,2.99
1598,539389154,"01598M21:56:48.481","01598 21:09:27",227.91,846.17,,,,"     ",5.10,193.49,2.99
1598,539389155,"01598M21:56:49.455","01598 21:09:28",228.08,846.09,,,,"     ",5.10,192.75,2.98
1598,539389156,"01598M21:56:50.428","01598 21:09:29",228.25,846.04,,,,"     ",5.10,194.27,3.00
1598,539389157,"01598M21:56:51.401","01598 21:09:30",228.38,846.08,,,,"     ",5.10,191.89,2.96
1598,539389158,"01598M21:56:52.374","01598 21:09:31",228.45,846.19,,,,"     ",5.10,193.24,2.98
1598,539389159,"01598M21:56:53.348","01598 21:09:32",228.47,846.09,,,,"     ",5.10,194.12,3.00
1598,539389160,"01598M21:56:54.321","01598 21:09:33",228.42,846.10,,,,"     ",5.10,194.17,3.00
1598,539389161,"01598M21:56:55.294","01598 21:09:34",228.32,846.02,,,,"     ",5.10,193.23,2.98
1598,539389162,"01598M21:56:56.267","01598 21:09:35",228.17,846.03,,,,"     ",5.10,195.03,3.01
1598,539389163,"01598M21:56:57.241","01598 21:09:36",228.01,846.03,,,,"     ",5.10,194.73,3.01
1598,539389164,"01598M21:56:58.214","01598 21:09:37",227.86,846.05,,,,"     ",5.10,193.95,2.99
1598,539389165,"01598M21:56:59.187","01598 21:09:38",227.77,846.00,,,,"     ",5.10,192.96,2.98
1598,539389166,"01598M21:57:00.160","01598 21:09:39",227.73,845.89,,,,"     ",5.10,193.69,2.99
1598,539389167,"01598M21:57:01.134","01598 21:09:39",227.74,845.78,,,,"     ",5.10,193.85,2.99
1598,539389168,"01598M21:57:02.107","01598 21:09:40",227.80,845.92,,,,"     ",5.10,193.10,2.98
1598,539389169,"01598M21:57:03.080","01598 21:09:41",227.91,845.89,,,,"     ",5.10,192.46,2.97
1598,539389170,"01598M21:57:04.053","01598 21:09:42",228.04,845.82,,,,"     ",5.10,192.49,2.97
1598,539389171,"01598M21:57:05.027","01598 21:09:43",228.21,845.95,,,,"     ",5.10,194.04,2.99
1598,539389172,"01598M21:57:06.000","01598 21:09:44",228.39,846.06,,,,"     ",5.10,192.93,2.98
1598,539389173,"01598M21:57:06.973","01598 21:09:45",228.54,845.98,,,,"     ",5.10,194.86,3.00
1598,539389174,"01598M21:57:07.946","01598 21:09:46",228.66,846.01,,,,"     ",5.10,192.70,2.97
1598,539389175,"01598M21:57:08.920","01598 21:09:47",228.73,846.08,,,,"     ",5.10,195.71,3.02
1598,539389176,"01598M21:57:09.893","01598 21:09:48",228.75,846.11,,,,"     ",5.10,195.55,3.01
1598,539389177,"01598M21:57:10.866","01598 21:09:49",228.72,846.29,,,,"     ",5.10,195.03,3.00
1598,539389178,"01598M21:57:11.839","01598 21:09:50",228.66,846.20,,,,"     ",5.10,195.48,3.01
1598,539389179,"01598M21:57:12.813","01598 21:09:51",228.58,846.27,,,,"     ",5.10,193.33,2.97
1598,539389180,"01598M21:57:13.786","01598 21:09:52",228.51,846.33,,,,"     ",5.10,195.68,3.01
1598,539389181,"01598M21:57:14.759","01598 21:09:53",228.48,846.32,,,,"     ",5.10,195.06,3.00
1598,539389182,"01598M21:57:15.732","01598 21:09:54",228.49,846.36,,,,"     ",5.10,195.39,3.00
1598,539389183,"01598M21:57:16.706","01598 21:09:55",228.56,846.37,,,,"     ",5.10,195.76,3.01
1598,539389184,"01598M21:57:17.679","01598 21:09:56",228.68,846.30,,,,"     ",5.10,195.51,3.00
1598,539389185,"01598M21:57:18.652","01598 21:09:57",228.84,846.15,,,,"     ",5.10,195.53,3.00
1598,539389186,"01598M21:57:19.625","01598 21:09:58",229.01,846.04,,,,"     ",5.10,195.04,2.99
1598,539389187,"01598M21:57:20.599","01598 21:09:59",229.16,846.03,,,,"     ",5.10,196.57,3.02
1598,539389188,"01598M21:57:21.572","01598 21:10:00",229.27,846.15,,,,"     ",5.10,195.98,3.01
1598,539389189,"01598M21:57:22.545","01598 21:10:01",229.36,846.34,,,,"     ",5.10,195.12,2.99
1598,539389190,"01598M21:57:23.518","01598 21:10:02",229.41,846.36,,,,"     ",5.10,196.09,3.00
1598,539389191,"01598M21:57:24.492","01598 21:10:03",229.42,846.44,,,,"     ",5.10,195.51,3.00
1598,539389192,"01598M21:57:25.465","01598 21:10:04",229.37,846.40,,,,"     ",5.10,195.11,2.99
1598,539389193,"01598M21:57:26.438","01598 21:10:05",229.28,846.47,,,,"     ",5.10,194.22,2.97
1598,539389194,"01598M21:57:27.411","01598 21:10:06",229.14,846.54,,,,"     ",5.10,195.71,3.00
1598,539389195,"01598M21:57:28.385","01598 21:10:07",228.96,846.43,,,,"     ",5.10,194.26,2.97
1598,539389196,"01598M21:57:29.358","01598 21:10:08",228.77,846.38,,,,"     ",5.10,197.11,3.02
1598,539389197,"01598M21:57:30.331","01598 21:10:09",228.56,846.36,,,,"     ",5.10,196.01,3.00
1598,539389198,"01598M21:57:31.304","01598 21:10:10",228.37,846.49,,,,"     ",5.10,195.57,2.99
1598,539389199,"01598M21:57:32.278","01598 21:10:11",228.21,846.34,,,,"     ",5.10,195.10,2.98
1598,539389200,"01598M21:57:33.251","01598 21:10:12",228.08,846.42,,,,"     ",5.10,195.78,2.99
1598,539389201,"01598M21:57:34.224","01598 21:10:13",227.99,846.43,,,,"     ",5.10,196.61,3.00
1598,539389202,"01598M21:57:35.197","01598 21:10:14",227.94,846.37,,,,"     ",5.10,196.24,3.00
1598,539389203,"01598M21:57:36.171","01598 21:10:15",227.92,846.39,,,,"     ",5.10,195.97,2.99
1598,539389204,"01598M21:57:37.144","01598 21:10:15",227.95,846.39,,,,"     ",5.10,193.78,2.96
1598,539389205,"01598M21:57:38.117","01598 21:10:16",227.99,846.41,,,,"     ",5.10,195.10,2.98
1598,539389206,"01598M21:57:39.090","01598 21:10:17",228.04,846.42,,,,"     ",5.10,195.60,2.98
1598,539389207,"01598M21:57:40.064","01598 21:10:18",228.08,846.35,,,,"     ",5.10,195.48,2.98
1598,539389208,"01598M21:57:41.037","01598 21:10:19",228.13,846.27,,,,"     ",5.10,194.87,2.97
1598,539389209,"01598M21:57:42.010","01598 21:10:20",228.17,846.28,,,,"     ",5.10,195.94,2.99
1598,539389210,"01598M21:57:42.983","01598 21:10:21",228.21,846.31,,,,"     ",5.10,195.82,2.99
1598,539389211,"01598M21:57:43.957","01598 21:10:22",228.22,846.36,,,,"     ",5.10,195.58,2.98
1598,539389212,"01598M21:57:44.930","01598 21:10:23",228.23,846.40,,,,"     ",5.10,196.13,2.99
1598,539389213,"01598M21:57:45.903","01598 21:10:24",228.24,846.32,,,,"     ",5.10,195.48,2.98
1598,539389214,"01598M21:57:46.876","01598 21:10:25",228.25,846.44,,,,"     ",5.10,195.87,2.99
1598,539389215,"01598M21:57:47.850","01598 21:10:26",228.26,846.45,,,,"     ",5.10,196.94,3.00
1598,539389216,"01598M21:57:48.823","01598 21:10:27",228.28,846.47,,,,"     ",5.10,194.29,2.96
1598,539389217,"01598M21:57:49.796","01598 21:10:28",228.28,846.41,,,,"     ",5.10,194.76,2.97
1598,539389218,"01598M21:57:50.769","01598 21:10:29",228.28,846.36,,,,"     ",5.10,195.77,2.98
1598,539389219,"01598M21:57:51.743","01598 21:10:30",228.30,846.37,,,,"     ",5.10,195.14,2.97
1598,539389220,"01598M21:57:52.716","01598 21:10:31",228.33,846.16,,,,"     ",5.10,195.79,2.98
1598,539389221,"01598M21:57:53.689","01598 21:10:32",228.38,846.21,,,,"     ",5.10,195.38,2.98
1598,539389222,"01598M21:57:54.663","01598 21:10:33",228.46,846.36,,,,"     ",5.10,195.96,2.98
1598,539389223,"01598M21:57:55.636","01598 21:10:34",228.57,846.33,,,,"     ",5.10,195.17,2.97
1598,539389224,"01598M21:57:56.609","01598 21:10:35",228.69,846.22,,,,"     ",5.10,196.76,3.00
1598,539389225,"01598M21:57:57.582","01598 21:10:36",228.81,846.22,,,,"     ",5.10,197.81,3.01
1598,539389226,"01598M21:57:58.556","01598 21:10:37",228.93,846.27,,,,"     ",5.10,197.41,3.00
1598,539389227,"01598M21:57:59.529","01598 21:10:38",229.04,846.32,,,,"     ",5.10,197.69,3.01
1598,539389228,"01598M21:58:00.502","01598 21:10:39",229.14,846.14,,,,"     ",5.10,197.81,3.01
1598,539389229,"01598M21:58:01.475","01598 21:10:40",229.23,846.10,,,,"     ",5.10,197.01,2.99
1598,539389230,"01598M21:58:02.449","01598 21:10:41",229.30,846.22,,,,"     ",5.10,198.42,3.02
1598,539389231,"01598M21:58:03.422","01598 21:10:42",229.34,846.09,,,,"     ",5.10,196.40,2.98
1598,539389232,"01598M21:58:04.395","01598 21:10:43",229.35,846.08,,,,"     ",5.10,197.88,3.00
1598,539389233,"01598M21:58:05.368","01598 21:10:44",229.35,846.16,,,,"     ",5.10,197.26,2.99
1598,539389234,"01598M21:58:06.342","01598 21:10:45",229.33,846.21,,,,"     ",5.10,198.17,3.01
1598,539389235,"01598M21:58:07.315","01598 21:10:46",229.28,846.18,,,,"     ",5.10,199.41,3.03
1598,539389236,"01598M21:58:08.288","01598 21:10:47",229.21,846.17,,,,"     ",5.10,198.17,3.01
1598,539389237,"01598M21:58:09.261","01598 21:10:48",229.13,846.31,,,,"     ",5.10,199.43,3.03
1598,539389238,"01598M21:58:10.235","01598 21:10:49",229.06,846.36,,,,"     ",5.10,198.35,3.01
1598,539389239,"01598M21:58:11.208","01598 21:10:50",228.98,846.31,,,,"     ",5.10,197.36,2.99
1598,539389240,"01598M21:58:12.181","01598 21:10:51",228.89,846.31,,,,"     ",5.10,198.66,3.01
1598,539389241,"01598M21:58:13.154","01598 21:10:51",228.81,846.30,,,,"     ",5.10,198.79,3.01
1598,539389242,"01598M21:58:14.128","01598 21:10:52",228.76,846.33,,,,"     ",5.10,198.47,3.01
1598,539389243,"01598M21:58:15.101","01598 21:10:53",228.74,846.36,,,,"     ",5.10,197.72,2.99
1598,539389244,"01598M21:58:16.074","01598 21:10:54",228.74,846.40,,,,"     ",5.10,197.78,2.99
1598,539389245,"01598M21:58:17.047","01598 21:10:55",228.76,846.49,,,,"     ",5.10,199.87,3.03
1598,539389246,"01598M21:58:18.021","01598 21:10:56",228.77,846.37,,,,"     ",5.10,198.86,3.01
1598,539389247,"01598M21:58:18.994","01598 21:10:57",228.78,846.40,,,,"     ",5.10,197.67,2.99
1598,539389248,"01598M21:58:19.967","01598 21:10:58",228.77,846.33,,,,"     ",5.10,199.44,3.02
1598,539389249,"01598M21:58:20.940","01598 21:10:59",228.73,846.39,,,,"     ",5.10,197.40,2.99
1598,539389250,"01598M21:58:21.914","01598 21:11:00",228.66,846.31,,,,"     ",5.10,197.74,2.99
1598,539389251,"01598M21:58:22.887","01598 21:11:01",228.55,846.43,,,,"     ",5.10,199.57,3.02
1598,539389252,"01598M21:58:23.860","01598 21:11:02",228.43,846.33,,,,"     ",5.10,198.98,3.01
1598,539389253,"01598M21:58:24.833","01598 21:11:03",228.31,846.41,,,,"     ",5.10,200.03,3.03
1598,539389254,"01598M21:58:25.807","01598 21:11:04",228.18,846.38,,,,"     ",5.10,198.02,2.99
1598,539389255,"01598M21:58:26.780","01598 21:11:05",228.06,846.46,,,,"     ",5.10,198.90,3.01
1598,539389256,"01598M21:58:27.753","01598 21:11:06",227.96,846.43,,,,"     ",5.10,198.68,3.00
1598,539389257,"01598M21:58:28.726","01598 21:11:07",227.89,846.42,,,,"     ",5.10,199.22,3.01
1598,539389258,"01598M21:58:29.700","01598 21:11:08",227.85,846.46,,,,"     ",5.10,198.50,3.00
1598,539389259,"01598M21:58:30.673","01598 21:11:09",227.85,846.47,,,,"     ",5.10,197.75,2.99
1598,539389260,"01598M21:58:31.646","01598 21:11:10",227.87,846.52,,,,"     ",5.10,197.56,2.99
1598,539389261,"01598M21:58:32.619","01598 21:11:11",227.88,846.57,,,,"     ",5.10,198.11,2.99
1598,539389262,"01598M21:58:33.593","01598 21:11:12",227.89,846.46,,,,"     ",5.10,198.21,3.00
1598,539389263,"01598M21:58:34.566","01598 21:11:13",227.89,846.57,,,,"     ",5.10,197.10,2.98
1598,539389264,"01598M21:58:35.539","01598 21:11:14",227.84,846.61,,,,"     ",5.10,195.76,2.96
1598,539389265,"01598M21:58:36.512","01598 21:11:15",227.75,846.70,,,,"     ",5.10,198.25,3.00
1598,539389266,"01598M21:58:37.486","01598 21:11:16",227.61,846.62,,,,"     ",5.10,197.66,2.99
1598,539389267,"01598M21:58:38.459","01598 21:11:17",227.46,846.86,,,,"     ",5.10,199.47,3.02
1598,539389268,"01598M21:58:39.432","01598 21:11:18",227.31,846.77,,,,"     ",5.10,197.79,2.99
1598,539389269,"01598M21:58:40.405","01598 21:11:19",227.16,846.77,,,,"     ",5.10,198.10,3.00
1598,539389270,"01598M21:58:41.379","01598 21:11:20",227.01,846.70,,,,"     ",5.10,197.66,2.99
1598,539389271,"01598M21:58:42.352","01598 21:11:21",226.87,846.75,,,,"     ",5.10,196.43,2.97
1598,539389272,"01598M21:58:43.325","01598 21:11:22",226.74,846.74,,,,"     ",5.10,197.44,2.99
1598,539389273,"01598M21:58:44.298","01598 21:11:23",226.65,846.81,,,,"     ",5.10,197.21,2.98
1598,539389274,"01598M21:58:45.272","01598 21:11:24",226.59,846.83,,,,"     ",5.10,197.29,2.99
1598,539389275,"01598M21:58:46.245","01598 21:11:25",226.57,846.87,,,,"     ",5.10,197.90,3.00
1598,539389276,"01598M21:58:47.218","01598 21:11:26",226.59,846.81,,,,"     ",5.10,197.56,2.99
1598,539389277,"01598M21:58:48.191","01598 21:11:27",226.63,846.83,,,,"     ",5.10,199.43,3.02
1598,539389278,"01598M21:58:49.165","01598 21:11:27",226.70,846.82,,,,"     ",5.10,197.59,3.00
1598,539389279,"01598M21:58:50.138","01598 21:11:28",226.78,846.83,,,,"     ",5.10,197.52,2.99
1598,539389280,"01598M21:58:51.111","01598 21:11:29",226.86,846.86,,,,"     ",5.10,199.39,3.02
1598,539389281,"01598M21:58:52.084","01598 21:11:30",226.92,846.86,,,,"     ",5.10,198.85,3.02
1598,539389282,"01598M21:58:53.058","01598 21:11:31",226.96,846.82,,,,"     ",5.10,197.49,3.00
1598,539389283,"01598M21:58:54.031","01598 21:11:32",226.99,846.84,,,,"     ",5.10,197.97,3.00
1598,539389284,"01598M21:58:55.004","01598 21:11:33",227.02,846.87,,,,"     ",5.10,197.63,3.00
1598,539389285,"01598M21:58:55.977","01598 21:11:34",227.05,846.76,,,,"     ",5.10,196.92,2.99
1598,539389286,"01598M21:58:56.951","01598 21:11:35",227.09,846.70,,,,"     ",5.10,199.36,3.03
1598,539389287,"01598M21:58:57.924","01598 21:11:36",227.13,846.73,,,,"     ",5.10,197.58,3.00
1598,539389288,"01598M21:58:58.897","01598 21:11:37",227.17,846.78,,,,"     ",5.10,198.33,3.01
1598,539389289,"01598M21:58:59.870","01598 21:11:38",227.20,846.65,,,,"     ",5.10,197.71,3.00
1598,539389290,"01598M21:59:00.844","01598 21:11:39",227.23,846.75,,,,"     ",5.10,198.64,3.02
1598,539389291,"01598M21:59:01.817","01598 21:11:40",227.24,846.75,,,,"     ",5.10,198.88,3.02
1598,539389292,"01598M21:59:02.790","01598 21:11:41",227.25,846.80,,,,"     ",5.10,199.43,3.03
1598,539389293,"01598M21:59:03.764","01598 21:11:42",227.26,846.75,,,,"     ",5.10,199.32,3.03
1598,539389294,"01598M21:59:04.737","01598 21:11:43",227.27,846.78,,,,"     ",5.10,199.32,3.03
1598,539389295,"01598M21:59:05.710","01598 21:11:44",227.26,846.82,,,,"     ",5.10,199.52,3.03
1598,539389296,"01598M21:59:06.683","01598 21:11:45",227.26,846.82,,,,"     ",5.10,199.62,3.04
1598,539389297,"01598M21:59:07.657","01598 21:11:46",227.25,846.87,,,,"     ",5.10,198.13,3.01
1598,539389298,"01598M21:59:08.630","01598 21:11:47",227.22,846.90,,,,"     ",5.10,198.53,3.02
1598,539389299,"01598M21:59:09.603","01598 21:11:48",227.18,846.83,,,,"     ",5.10,199.81,3.04
1598,539389300,"01598M21:59:10.576","01598 21:11:49",227.13,846.87,,,,"     ",5.10,198.71,3.02
1598,539389301,"01598M21:59:11.550","01598 21:11:50",227.07,846.86,,,,"     ",5.10,199.49,3.04
1598,539389302,"01598M21:59:12.523","01598 21:11:51",227.03,846.88,,,,"     ",5.10,198.24,3.02
1598,539389303,"01598M21:59:13.496","01598 21:11:52",226.97,846.90,,,,"     ",5.10,199.38,3.04
1598,539389304,"01598M21:59:14.469","01598 21:11:53",226.92,846.84,,,,"     ",5.10,199.05,3.03
1598,539389305,"01598M21:59:15.443","01598 21:11:54",226.85,846.97,,,,"     ",5.10,198.13,3.02
1598,539389306,"01598M21:59:16.416","01598 21:11:55",226.77,846.91,,,,"     ",5.10,199.15,3.03
1598,539389307,"01598M21:59:17.389","01598 21:11:56",226.69,846.86,,,,"     ",5.10,200.58,3.06
1598,539389308,"01598M21:59:18.362","01598 21:11:57",226.61,846.85,,,,"     ",5.10,198.94,3.03
1598,539389309,"01598M21:59:19.336","01598 21:11:58",226.54,846.83,,,,"     ",5.10,200.28,3.05
1598,539389310,"01598M21:59:20.309","01598 21:11:59",226.47,846.81,,,,"     ",5.10,198.92,3.03
1598,539389311,"01598M21:59:21.282","01598 21:12:00",226.43,846.87,,,,"     ",5.10,197.85,3.02
1598,539389312,"01598M21:59:22.255","01598 21:12:01",226.41,846.88,,,,"     ",5.10,197.04,3.00
1598,539389313,"01598M21:59:23.229","01598 21:12:02",226.41,846.87,,,,"     ",5.10,196.74,3.00
1598,539389314,"01598M21:59:24.202","01598 21:12:03",226.43,846.99,,,,"     ",5.10,197.82,3.02
1598,539389315,"01598M21:59:25.175","01598 21:12:03",226.46,846.95,,,,"     ",5.10,198.24,3.02
1598,539389316,"01598M21:59:26.148","01598 21:12:04",226.51,846.92,,,,"     ",5.10,197.79,3.02
1598,539389317,"01598M21:59:27.122","01598 21:12:05",226.57,847.01,,,,"     ",5.10,198.78,3.03
1598,539389318,"01598M21:59:28.095","01598 21:12:06",226.64,846.94,,,,"     ",5.10,196.72,3.00
1598,539389319,"01598M21:59:29.068","01598 21:12:07",226.72,846.94,,,,"     ",5.10,198.66,3.03
1598,539389320,"01598M21:59:30.041","01598 21:12:08",226.79,846.93,,,,"     ",5.10,198.36,3.03
1598,539389321,"01598M21:59:31.015","01598 21:12:09",226.86,846.91,,,,"     ",5.10,197.55,3.02
1598,539389322,"01598M21:59:31.988","01598 21:12:10",226.91,846.97,,,,"     ",5.10,198.82,3.04
1598,539389323,"01598M21:59:32.961","01598 21:12:11",226.94,847.01,,,,"     ",5.10,198.13,3.03
1598,539389324,"01598M21:59:33.934","01598 21:12:12",226.96,846.93,,,,"     ",5.10,198.39,3.03
1598,539389325,"01598M21:59:34.908","01598 21:12:13",226.96,846.91,,,,"     ",5.10,197.84,3.02
1598,539389326,"01598M21:59:35.881","01598 21:12:14",226.96,846.94,,,,"     ",5.10,198.85,3.04
1598,539389327,"01598M21:59:36.854","01598 21:12:15",226.97,846.92,,,,"     ",5.10,198.77,3.03
1598,539389328,"01598M21:59:37.827","01598 21:12:16",226.99,846.89,,,,"     ",5.10,199.15,3.04
1598,539389329,"01598M21:59:38.801","01598 21:12:17",227.02,846.93,,,,"     ",5.10,197.69,3.02
1598,539389330,"01598M21:59:39.774","01598 21:12:18",227.07,846.90,,,,"     ",5.10,198.84,3.04
1598,539389331,"01598M21:59:40.747","01598 21:12:19",227.11,846.94,,,,"     ",5.10,199.30,3.04
1598,539389332,"01598M21:59:41.720","01598 21:12:20",227.16,846.98,,,,"     ",5.10,198.88,3.04
1598,539389333,"01598M21:59:42.694","01598 21:12:21",227.22,847.07,,,,"     ",5.10,199.20,3.04
1598,539389334,"01598M21:59:43.667","01598 21:12:22",227.25,846.97,,,,"     ",5.10,197.80,3.02
1598,539389335,"01598M21:59:44.640","01598 21:12:23",227.24,847.06,,,,"     ",5.10,198.74,3.04
1598,539389336,"01598M21:59:45.613","01598 21:12:24",227.21,847.08,,,,"     ",5.10,199.21,3.04
1598,539389337,"01598M21:59:46.587","01598 21:12:25",227.16,847.01,,,,"     ",5.10,197.12,3.01
1598,539389338,"01598M21:59:47.560","01598 21:12:26",227.12,846.99,,,,"     ",5.10,198.15,3.03
1598,539389339,"01598M21:59:48.533","01598 21:12:27",227.09,847.07,,,,"     ",5.10,198.23,3.03
1598,539389340,"01598M21:59:49.506","01598 21:12:28",227.08,847.05,,,,"     ",5.10,197.44,3.01
1598,539389341,"01598M21:59:50.480","01598 21:12:29",227.11,847.07,,,,"     ",5.10,197.72,3.02
1598,539389342,"01598M21:59:51.453","01598 21:12:30",227.15,847.09,,,,"     ",5.10,197.49,3.02
1598,539389343,"01598M21:59:52.426","01598 21:12:31",227.21,847.05,,,,"     ",5.10,196.67,3.00
1598,539389344,"01598M21:59:53.399","01598 21:12:32",227.28,847.03,,,,"     ",5.10,197.40,3.02
1598,539389345,"01598M21:59:54.373","01598 21:12:33",227.33,846.98,,,,"     ",5.10,197.81,3.02
1598,539389346,"01598M21:59:55.346","01598 21:12:34",227.37,847.00,,,,"     ",5.10,198.96,3.04
1598,539389347,"01598M21:59:56.319","01598 21:12:35",227.41,846.96,,,,"     ",5.10,199.01,3.04
1598,539389348,"01598M21:59:57.292","01598 21:12:36",227.43,846.97,,,,"     ",5.10,197.06,3.01
1598,539389349,"01598M21:59:58.266","01598 21:12:37",227.46,846.96,,,,"     ",5.10,198.93,3.04
1598,539389350,"01598M21:59:59.239","01598 21:12:38",227.50,846.95,,,,"     ",5.10,198.54,3.04
1598,539389351,"01598M22:00:00.212","01598 21:12:39",227.57,847.02,,,,"     ",5.10,198.35,3.03
1598,539389352,"01598M22:00:01.185","01598 21:12:39",227.66,847.01,,,,"     ",5.10,197.43,3.02
1598,539389353,"01598M22:00:02.159","01598 21:12:40",227.75,847.08,,,,"     ",5.10,197.88,3.03
1598,539389354,"01598M22:00:03.132","01598 21:12:41",227.84,846.97,,,,"     ",5.10,196.24,3.00
1598,539389355,"01598M22:00:04.105","01598 21:12:42",227.91,847.10,,,,"     ",5.10,197.29,3.02
1598,539389356,"01598M22:00:05.078","01598 21:12:43",227.98,847.05,,,,"     ",5.10,197.53,3.02
1598,539389357,"01598M22:00:06.052","01598 21:12:44",228.04,847.05,,,,"     ",5.10,197.78,3.03
1598,539389358,"01598M22:00:07.025","01598 21:12:45",228.09,847.01,,,,"     ",5.10,196.70,3.01
1598,539389359,"01598M22:00:07.998","01598 21:12:46",228.12,847.04,,,,"     ",5.10,197.01,3.01
1598,539389360,"01598M22:00:08.971","01598 21:12:47",228.12,847.00,,,,"     ",5.10,196.46,3.01
1598,539389361,"01598M22:00:09.945","01598 21:12:48",228.07,847.02,,,,"     ",5.10,195.94,3.00
1598,539389362,"01598M22:00:10.918","01598 21:12:49",227.99,847.11,,,,"     ",5.10,198.16,3.03
1598,539389363,"01598M22:00:11.891","01598 21:12:50",227.88,847.13,,,,"     ",5.10,196.46,3.01
1598,539389364,"01598M22:00:12.865","01598 21:12:51",227.77,847.02,,,,"     ",5.10,196.85,3.01
1598,539389365,"01598M22:00:13.838","01598 21:12:52",227.65,847.02,,,,"     ",5.10,196.09,3.00
1598,539389366,"01598M22:00:14.811","01598 21:12:53",227.54,847.09,,,,"     ",5.10,196.87,3.01
1598,539389367,"01598M22:00:15.784","01598 21:12:54",227.47,847.15,,,,"     ",5.10,197.48,3.02
1598,539389368,"01598M22:00:16.758","01598 21:12:55",227.42,847.10,,,,"     ",5.10,195.75,2.99
1598,539389369,"01598M22:00:17.731","01598 21:12:56",227.40,847.12,,,,"     ",5.10,195.86,3.00
1598,539389370,"01598M22:00:18.704","01598 21:12:57",227.39,847.14,,,,"     ",5.10,196.63,3.01
1598,539389371,"01598M22:00:19.677","01598 21:12:58",227.39,847.12,,,,"     ",5.10,194.16,2.97
1598,539389372,"01598M22:00:20.651","01598 21:12:59",227.38,847.14,,,,"     ",5.10,196.35,3.01
1598,539389373,"01598M22:00:21.624","01598 21:13:00",227.35,847.23,,,,"     ",5.10,195.78,3.00
1598,539389374,"01598M22:00:22.597","01598 21:13:01",227.29,847.11,,,,"     ",5.10,195.52,2.99
1598,539389375,"01598M22:00:23.570","01598 21:13:02",227.19,847.21,,,,"     ",5.10,195.97,3.00
1598,539389376,"01598M22:00:24.544","01598 21:13:03",227.06,847.20,,,,"     ",5.10,194.12,2.97
1598,539389377,"01598M22:00:25.517","01598 21:13:04",226.92,847.19,,,,"     ",5.10,195.38,2.99
1598,539389378,"01598M22:00:26.490","01598 21:13:05",226.78,847.21,,,,"     ",5.10,193.79,2.97
1598,539389379,"01598M22:00:27.463","01598 21:13:06",226.66,847.34,,,,"     ",5.10,194.68,2.99
1598,539389380,"01598M22:00:28.437","01598 21:13:07",226.56,847.22,,,,"     ",5.10,193.33,2.96
1598,539389381,"01598M22:00:29.410","01598 21:13:08",226.48,847.27,,,,"     ",5.10,194.34,2.98
1598,539389382,"01598M22:00:30.383","01598 21:13:09",226.43,847.24,,,,"     ",5.10,193.13,2.96
1598,539389383,"01598M22:00:31.356","01598 21:13:10",226.41,847.16,,,,"     ",5.10,193.78,2.97
1598,539389384,"01598M22:00:32.330","01598 21:13:11",226.38,847.31,,,,"     ",5.10,192.89,2.96
1598,539389385,"01598M22:00:33.303","01598 21:13:12",226.35,847.31,,,,"     ",5.10,192.86,2.96
1598,539389386,"01598M22:00:34.276","01598 21:13:13",226.31,847.26,,,,"     ",5.10,193.98,2.98
1598,539389387,"01598M22:00:35.249","01598 21:13:14",226.28,847.27,,,,"     ",5.10,193.67,2.98
1598,539389388,"01598M22:00:36.223","01598 21:13:15",226.25,847.37,,,,"     ",5.10,194.83,2.99
1598,539389389,"01598M22:00:37.196","01598 21:13:15",226.22,847.35,,,,"     ",5.10,193.47,2.97
1598,539389390,"01598M22:00:38.169","01598 21:13:16",226.20,847.31,,,,"     ",5.10,192.72,2.96
1598,539389391,"01598M22:00:39.142","01598 21:13:17",226.18,847.33,,,,"     ",5.10,192.90,2.97
1598,539389392,"01598M22:00:40.116","01598 21:13:18",226.17,847.35,,,,"     ",5.10,193.52,2.98
1598,539389393,"01598M22:00:41.089","01598 21:13:19",226.09,847.49,,,,"     ",5.10,193.51,2.98
1598,539389394,"01598M22:00:42.062","01598 21:13:20",226.01,847.42,,,,"     ",5.10,192.48,2.96
1598,539389395,"01598M22:00:43.035","01598 21:13:21",225.92,847.33,,,,"     ",5.10,192.75,2.97
1598,539389396,"01598M22:00:44.009","01598 21:13:22",225.83,847.25,,,,"     ",5.10,192.50,2.97
1598,539389397,"01598M22:00:44.982","01598 21:13:23",225.85,847.41,,,,"     ",5.10,193.69,2.99
1598,539389398,"01598M22:00:45.955","01598 21:13:24",225.79,847.49,,,,"     ",5.10,193.11,2.98
1598,539389399,"01598M22:00:46.928","01598 21:13:25",225.74,847.50,,,,"     ",5.10,192.46,2.97
1598,539389400,"01598M22:00:47.902","01598 21:13:26",225.70,847.48,,,,"     ",5.10,193.46,2.98
1598,539389401,"01598M22:00:48.875","01598 21:13:27",225.66,847.53,,,,"     ",5.10,192.01,2.96
1598,539389402,"01598M22:00:49.848","01598 21:13:28",225.63,847.47,,,,"     ",5.10,193.05,2.98
1598,539389403,"01598M22:00:50.821","01598 21:13:29",225.61,847.40,,,,"     ",5.10,192.87,2.98
1598,539389404,"01598M22:00:51.795","01598 21:13:30",225.60,847.51,,,,"     ",5.10,191.47,2.96
1598,539389405,"01598M22:00:52.768","01598 21:13:31",225.60,847.46,,,,"     ",5.10,191.57,2.96
1598,539389406,"01598M22:00:53.741","01598 21:13:32",225.60,847.39,,,,"     ",5.10,192.52,2.98
1598,539389407,"01598M22:00:54.714","01598 21:13:33",225.61,847.45,,,,"     ",5.10,191.39,2.96
1598,539389408,"01598M22:00:55.688","01598 21:13:34",225.63,847.48,,,,"     ",5.10,191.50,2.96
1598,539389409,"01598M22:00:56.661","01598 21:13:35",225.65,847.44,,,,"     ",5.10,191.00,2.96
1598,539389410,"01598M22:00:57.634","01598 21:13:36",225.69,847.44,,,,"     ",5.10,192.47,2.98
1598,539389411,"01598M22:00:58.607","01598 21:13:37",225.73,847.40,,,,"     ",5.10,191.86,2.97
1598,539389412,"01598M22:00:59.581","01598 21:13:38",225.80,847.43,,,,"     ",5.10,192.19,2.98
1598,539389413,"01598M22:01:00.554","01598 21:13:39",225.88,847.41,,,,"     ",5.10,192.38,2.98
1598,539389414,"01598M22:01:01.527","01598 21:13:40",225.97,847.34,,,,"     ",5.10,193.01,2.99
1598,539389415,"01598M22:01:02.500","01598 21:13:41",226.07,847.31,,,,"     ",5.10,192.37,2.98
1598,539389416,"01598M22:01:03.474","01598 21:13:42",226.18,847.31,,,,"     ",5.10,192.38,2.98
1598,539389417,"01598M22:01:04.447","01598 21:13:43",226.20,847.31,,,,"     ",5.10,192.02,2.98
1598,539389418,"01598M22:01:05.420","01598 21:13:44",226.21,847.29,,,,"     ",5.10,193.08,2.99
1598,539389419,"01598M22:01:06.393","01598 21:13:45",226.24,847.32,,,,"     ",5.10,192.84,2.99
1598,539389420,"01598M22:01:07.367","01598 21:13:46",226.27,847.36,,,,"     ",5.10,193.19,3.00
1598,539389421,"01598M22:01:08.340","01598 21:13:47",226.32,847.40,,,,"     ",5.10,192.66,2.99
1598,539389422,"01598M22:01:09.313","01598 21:13:48",226.37,847.46,,,,"     ",5.10,194.34,3.02
1598,539389423,"01598M22:01:10.286","01598 21:13:49",226.45,847.45,,,,"     ",5.10,194.78,3.02
1598,539389424,"01598M22:01:11.260","01598 21:13:50",226.55,847.43,,,,"     ",5.10,194.64,3.02
1598,539389425,"01598M22:01:12.233","01598 21:13:51",226.67,847.48,,,,"     ",5.10,194.96,3.03
1598,539389426,"01598M22:01:13.206","01598 21:13:52",226.79,847.47,,,,"     ",5.10,194.80,3.02
1598,539389427,"01598M22:01:14.179","01598 21:13:52",226.89,847.45,,,,"     ",5.10,195.53,3.03
1598,539389428,"01598M22:01:15.153","01598 21:13:53",226.99,847.43,,,,"     ",5.10,195.11,3.03
1598,539389429,"01598M22:01:16.126","01598 21:13:54",227.05,847.42,,,,"     ",5.10,195.10,3.03
1598,539389430,"01598M22:01:17.099","01598 21:13:55",227.08,847.50,,,,"     ",5.10,196.70,3.05
1598,539389431,"01598M22:01:18.072","01598 21:13:56",227.06,847.50,,,,"     ",5.10,195.60,3.04
1598,539389432,"01598M22:01:19.046","01598 21:13:57",227.01,847.47,,,,"     ",5.10,195.69,3.04
1598,539389433,"01598M22:01:20.019","01598 21:13:58",226.93,847.55,,,,"     ",5.10,195.67,3.04
1598,539389434,"01598M22:01:20.992","01598 21:13:59",226.83,847.54,,,,"     ",5.10,196.07,3.04
1598,539389435,"01598M22:01:21.966","01598 21:14:00",226.72,847.58,,,,"     ",5.10,194.00,3.01
1598,539389436,"01598M22:01:22.939","01598 21:14:01",226.60,847.60,,,,"     ",5.10,194.88,3.02
1598,539389437,"01598M22:01:23.912","01598 21:14:02",226.48,847.59,,,,"     ",5.10,197.58,3.07
1598,539389438,"01598M22:01:24.885","01598 21:14:03",226.37,847.48,,,,"     ",5.10,196.61,3.05
1598,539389439,"01598M22:01:25.859","01598 21:14:04",226.28,847.54,,,,"     ",5.10,196.97,3.06
1598,539389440,"01598M22:01:26.832","01598 21:14:05",226.22,847.54,,,,"     ",5.10,196.42,3.05
1598,539389441,"01598M22:01:27.805","01598 21:14:06",226.18,847.52,,,,"     ",5.10,195.89,3.04
1598,539389442,"01598M22:01:28.778","01598 21:14:07",226.15,847.47,,,,"     ",5.10,196.14,3.04
1598,539389443,"01598M22:01:29.752","01598 21:14:08",226.16,847.52,,,,"     ",5.10,196.34,3.05
1598,539389444,"01598M22:01:30.725","01598 21:14:09",226.19,847.54,,,,"     ",5.10,196.51,3.05
1598,539389445,"01598M22:01:31.698","01598 21:14:10",226.25,847.60,,,,"     ",5.10,195.80,3.04
1598,539389446,"01598M22:01:32.671","01598 21:14:11",226.33,847.59,,,,"     ",5.10,195.19,3.03
1598,539389447,"01598M22:01:33.645","01598 21:14:12",226.43,847.55,,,,"     ",5.10,196.48,3.05
1598,539389448,"01598M22:01:34.618","01598 21:14:13",226.53,847.60,,,,"     ",5.10,196.71,3.05
1598,539389449,"01598M22:01:35.591","01598 21:14:14",226.63,847.54,,,,"     ",5.10,196.42,3.05
1598,539389450,"01598M22:01:36.564","01598 21:14:15",226.74,847.54,,,,"     ",5.10,196.27,3.05
1598,539389451,"01598M22:01:37.538","01598 21:14:16",226.84,847.49,,,,"     ",5.10,196.11,3.04
1598,539389452,"01598M22:01:38.511","01598 21:14:17",226.93,847.57,,,,"     ",5.10,196.21,3.04
1598,539389453,"01598M22:01:39.484","01598 21:14:18",227.01,847.52,,,,"     ",5.10,195.79,3.04
1598,539389454,"01598M22:01:40.457","01598 21:14:19",227.08,847.58,,,,"     ",5.10,195.03,3.03
1598,539389455,"01598M22:01:41.431","01598 21:14:20",227.15,847.57,,,,"     ",5.10,195.32,3.03
1598,539389456,"01598M22:01:42.404","01598 21:14:21",227.21,847.60,,,,"     ",5.10,196.38,3.05
1598,539389457,"01598M22:01:43.377","01598 21:14:22",227.25,847.62,,,,"     ",5.10,195.47,3.03
1598,539389458,"01598M22:01:44.350","01598 21:14:23",227.26,847.55,,,,"     ",5.10,194.54,3.02
1598,539389459,"01598M22:01:45.324","01598 21:14:24",227.23,847.50,,,,"     ",5.10,194.96,3.02
1598,539389460,"01598M22:01:46.297","01598 21:14:25",227.17,847.49,,,,"     ",5.10,195.17,3.03
1598,539389461,"01598M22:01:47.270","01598 21:14:26",227.10,847.47,,,,"     ",5.10,194.57,3.02
1598,539389462,"01598M22:01:48.243","01598 21:14:27",227.01,847.57,,,,"     ",5.10,193.09,2.99
1598,539389463,"01598M22:01:49.217","01598 21:14:28",226.93,847.56,,,,"     ",5.10,193.79,3.00
1598,539389464,"01598M22:01:50.190","01598 21:14:28",226.86,847.58,,,,"     ",5.10,193.02,2.99
1598,539389465,"01598M22:01:51.163","01598 21:14:29",226.81,847.57,,,,"     ",5.10,193.48,3.00
1598,539389466,"01598M22:01:52.136","01598 21:14:30",226.77,847.60,,,,"     ",5.10,194.39,3.01
1598,539389467,"01598M22:01:53.110","01598 21:14:31",226.73,847.59,,,,"     ",5.10,192.27,2.98
1598,539389468,"01598M22:01:54.083","01598 21:14:32",226.71,847.57,,,,"     ",5.10,193.61,3.00
1598,539389469,"01598M22:01:55.056","01598 21:14:33",226.68,847.53,,,,"     ",5.10,193.77,3.00
1598,539389470,"01598M22:01:56.029","01598 21:14:34",226.66,847.48,,,,"     ",5.10,192.83,2.99
1598,539389471,"01598M22:01:57.003","01598 21:14:35",226.63,847.60,,,,"     ",5.10,192.71,2.99
1598,539389472,"01598M22:01:57.976","01598 21:14:36",226.61,847.57,,,,"     ",5.10,192.80,2.99
1598,539389473,"01598M22:01:58.949","01598 21:14:37",226.60,847.45,,,,"     ",5.10,193.75,3.00
1598,539389474,"01598M22:01:59.922","01598 21:14:38",226.59,847.52,,,,"     ",5.10,192.02,2.98
1598,539389475,"01598M22:02:00.896","01598 21:14:39",226.58,847.52,,,,"     ",5.10,193.88,3.01
1598,539389476,"01598M22:02:01.869","01598 21:14:40",226.57,847.61,,,,"     ",5.10,193.68,3.00
1598,539389477,"01598M22:02:02.842","01598 21:14:41",226.58,847.57,,,,"     ",5.10,193.93,3.01
1598,539389478,"01598M22:02:03.815","01598 21:14:42",226.60,847.57,,,,"     ",5.10,193.06,2.99
1598,539389479,"01598M22:02:04.789","01598 21:14:43",226.63,847.58,,,,"     ",5.10,192.56,2.98
1598,539389480,"01598M22:02:05.762","01598 21:14:44",226.67,847.62,,,,"     ",5.10,193.71,3.00
1598,539389481,"01598M22:02:06.735","01598 21:14:45",226.71,847.68,,,,"     ",5.10,194.30,3.01
1598,539389482,"01598M22:02:07.708","01598 21:14:46",226.74,847.69,,,,"     ",5.10,193.52,3.00
1598,539389483,"01598M22:02:08.682","01598 21:14:47",226.75,847.70,,,,"     ",5.10,194.95,3.02
1598,539389484,"01598M22:02:09.655","01598 21:14:48",226.75,847.73,,,,"     ",5.10,193.95,3.01
1598,539389485,"01598M22:02:10.628","01598 21:14:49",226.72,847.69,,,,"     ",5.10,193.62,3.00
1598,539389486,"01598M22:02:11.601","01598 21:14:50",226.67,847.60,,,,"     ",5.10,194.01,3.01
1598,539389487,"01598M22:02:12.575","01598 21:14:51",226.62,847.66,,,,"     ",5.10,194.04,3.01
1598,539389488,"01598M22:02:13.548","01598 21:14:52",226.57,847.61,,,,"     ",5.10,194.43,3.01
1598,539389489,"01598M22:02:14.521","01598 21:14:53",226.56,847.59,,,,"     ",5.10,194.90,3.02
1598,539389490,"01598M22:02:15.494","01598 21:14:54",226.59,847.53,,,,"     ",5.10,193.71,3.00
1598,539389491,"01598M22:02:16.468","01598 21:14:55",226.64,847.63,,,,"     ",5.10,193.67,3.00
1598,539389492,"01598M22:02:17.441","01598 21:14:56",226.71,847.67,,,,"     ",5.10,194.06,3.01
1598,539389493,"01598M22:02:18.414","01598 21:14:57",226.78,847.58,,,,"     ",5.10,193.82,3.00
1598,539389494,"01598M22:02:19.387","01598 21:14:58",226.82,847.61,,,,"     ",5.10,193.52,3.00
1598,539389495,"01598M22:02:20.361","01598 21:14:59",226.84,847.63,,,,"     ",5.10,194.27,3.01
1598,539389496,"01598M22:02:21.334","01598 21:15:00",226.83,847.70,,,,"     ",5.10,193.86,3.00
1598,539389497,"01598M22:02:22.307","01598 21:15:01",226.81,847.68,,,,"     ",5.10,193.79,3.00
1598,539389498,"01598M22:02:23.280","01598 21:15:02",226.79,847.66,,,,"     ",5.10,192.49,2.98
1598,539389499,"01598M22:02:24.254","01598 21:15:03",226.75,847.67,,,,"     ",5.10,193.30,2.99
1598,539389500,"01598M22:02:25.227","01598 21:15:04",226.69,847.62,,,,"     ",5.10,193.52,3.00
1598,539389501,"01598M22:02:26.200","01598 21:15:04",226.59,847.63,,,,"     ",5.10,193.53,3.00
1598,539389502,"01598M22:02:27.173","01598 21:15:05",226.46,847.58,,,,"     ",5.10,194.42,3.01
1598,539389503,"01598M22:02:28.147","01598 21:15:06",226.33,847.59,,,,"     ",5.10,193.32,2.99
1598,539389504,"01598M22:02:29.120","01598 21:15:07",226.21,847.55,,,,"     ",5.10,193.15,2.99
1598,539389505,"01598M22:02:30.093","01598 21:15:08",226.11,847.65,,,,"     ",5.10,194.29,3.01
1598,539389506,"01598M22:02:31.066","01598 21:15:09",226.05,847.61,,,,"     ",5.10,194.09,3.01
1598,539389507,"01598M22:02:32.040","01598 21:15:10",226.03,847.57,,,,"     ",5.10,194.01,3.00
1598,539389508,"01598M22:02:33.013","01598 21:15:11",226.08,847.64,,,,"     ",5.10,193.07,2.99
1598,539389509,"01598M22:02:33.986","01598 21:15:12",226.17,847.63,,,,"     ",5.10,193.84,3.00
1598,539389510,"01598M22:02:34.960","01598 21:15:13",226.27,847.55,,,,"     ",5.10,193.10,2.99
1598,539389511,"01598M22:02:35.933","01598 21:15:14",226.38,847.48,,,,"     ",5.10,192.82,2.99
1598,539389512,"01598M22:02:36.906","01598 21:15:15",226.46,847.58,,,,"     ",5.10,194.11,3.01
1598,539389513,"01598M22:02:37.879","01598 21:15:16",226.52,847.51,,,,"     ",5.10,193.19,2.99
1598,539389514,"01598M22:02:38.853","01598 21:15:17",226.57,847.53,,,,"     ",5.10,194.88,3.02
1598,539389515,"01598M22:02:39.826","01598 21:15:18",226.63,847.39,,,,"     ",5.10,194.60,3.01
1598,539389516,"01598M22:02:40.799","01598 21:15:19",226.72,847.43,,,,"     ",5.10,193.23,2.99
1598,539389517,"01598M22:02:41.772","01598 21:15:20",226.84,847.43,,,,"     ",5.10,194.37,3.01
1598,539389518,"01598M22:02:42.746","01598 21:15:21",226.98,847.69,,,,"     ",5.10,194.23,3.01
1598,539389519,"01598M22:02:43.719","01598 21:15:22",227.11,847.66,,,,"     ",5.10,193.92,3.00
1598,539389520,"01598M22:02:44.692","01598 21:15:23",227.20,847.51,,,,"     ",5.10,195.47,3.03
1598,539389521,"01598M22:02:45.665","01598 21:15:24",227.25,847.44,,,,"     ",5.10,194.81,3.02
1598,539389522,"01598M22:02:46.639","01598 21:15:25",227.25,847.55,,,,"     ",5.10,196.63,3.05
1598,539389523,"01598M22:02:47.612","01598 21:15:26",227.24,847.58,,,,"     ",5.10,195.22,3.02
1598,539389524,"01598M22:02:48.585","01598 21:15:27",227.22,847.49,,,,"     ",5.10,196.23,3.04
1598,539389525,"01598M22:02:49.558","01598 21:15:28",227.20,847.58,,,,"     ",5.10,195.03,3.02
1598,539389526,"01598M22:02:50.532","01598 21:15:29",227.18,847.59,,,,"     ",5.10,196.05,3.03
1598,539389527,"01598M22:02:51.505","01598 21:15:30",227.17,847.72,,,,"     ",5.10,196.61,3.04
1598,539389528,"01598M22:02:52.478","01598 21:15:31",227.17,847.72,,,,"     ",5.10,196.85,3.05
1598,539389529,"01598M22:02:53.451","01598 21:15:32",227.18,847.60,,,,"     ",5.10,197.69,3.06
1598,539389530,"01598M22:02:54.425","01598 21:15:33",227.17,847.59,,,,"     ",5.10,196.38,3.04
1598,539389531,"01598M22:02:55.398","01598 21:15:34",227.16,847.65,,,,"     ",5.10,197.13,3.05
1598,539389532,"01598M22:02:56.371","01598 21:15:35",227.15,847.59,,,,"     ",5.10,197.57,3.05
1598,539389533,"01598M22:02:57.344","01598 21:15:36",227.17,847.67,,,,"     ",5.10,197.27,3.05
1598,539389534,"01598M22:02:58.318","01598 21:15:37",227.22,847.70,,,,"     ",5.10,197.76,3.06
1598,539389535,"01598M22:02:59.291","01598 21:15:38",227.33,847.83,,,,"     ",5.10,197.12,3.05
1598,539389536,"01598M22:03:00.264","01598 21:15:39",227.46,847.78,,,,"     ",5.10,197.16,3.05
1598,539389537,"01598M22:03:01.237","01598 21:15:40",227.62,847.75,,,,"     ",5.10,198.64,3.07
1598,539389538,"01598M22:03:02.211","01598 21:15:40",227.74,847.85,,,,"     ",5.10,199.14,3.08
1598,539389539,"01598M22:03:03.184","01598 21:15:41",227.81,847.89,,,,"     ",5.10,196.87,3.04
1598,539389540,"01598M22:03:04.157","01598 21:15:42",227.82,847.79,,,,"     ",5.10,196.73,3.04
1598,539389541,"01598M22:03:05.130","01598 21:15:43",227.80,847.82,,,,"     ",5.10,196.91,3.04
1598,539389542,"01598M22:03:06.104","01598 21:15:44",227.75,847.78,,,,"     ",5.10,198.13,3.06
1598,539389543,"01598M22:03:07.077","01598 21:15:45",227.71,847.88,,,,"     ",5.10,198.32,3.06
1598,539389544,"01598M22:03:08.050","01598 21:15:46",227.70,847.86,,,,"     ",5.10,197.11,3.04
1598,539389545,"01598M22:03:09.023","01598 21:15:47",227.71,847.89,,,,"     ",5.10,198.00,3.05
1598,539389546,"01598M22:03:09.997","01598 21:15:48",227.76,847.76,,,,"     ",5.10,199.30,3.07
1598,539389547,"01598M22:03:10.970","01598 21:15:49",227.83,847.72,,,,"     ",5.10,197.14,3.04
1598,539389548,"01598M22:03:11.943","01598 21:15:50",227.91,847.75,,,,"     ",5.10,199.49,3.07
1598,539389549,"01598M22:03:12.916","01598 21:15:51",227.99,847.78,,,,"     ",5.10,198.16,3.05
1598,539389550,"01598M22:03:13.890","01598 21:15:52",228.07,847.92,,,,"     ",5.10,199.51,3.07
1598,539389551,"01598M22:03:14.863","01598 21:15:53",228.14,847.95,,,,"     ",5.10,198.96,3.06
1598,539389552,"01598M22:03:15.836","01598 21:15:54",228.20,848.05,,,,"     ",5.10,198.69,3.06
1598,539389553,"01598M22:03:16.809","01598 21:15:55",228.26,847.94,,,,"     ",5.10,198.54,3.06
1598,539389554,"01598M22:03:17.783","01598 21:15:56",228.29,848.03,,,,"     ",5.10,198.87,3.06
1598,539389555,"01598M22:03:18.756","01598 21:15:57",228.28,847.94,,,,"     ",5.10,199.89,3.07
1598,539389556,"01598M22:03:19.729","01598 21:15:58",228.23,848.07,,,,"     ",5.10,200.12,3.08
1598,539389557,"01598M22:03:20.702","01598 21:15:59",228.14,847.99,,,,"     ",5.10,198.97,3.06
1598,539389558,"01598M22:03:21.676","01598 21:16:00",228.03,848.05,,,,"     ",5.10,199.40,3.06
1598,539389559,"01598M22:03:22.649","01598 21:16:01",227.89,848.01,,,,"     ",5.10,199.61,3.07
1598,539389560,"01598M22:03:23.622","01598 21:16:02",227.77,848.09,,,,"     ",5.10,198.96,3.06
1598,539389561,"01598M22:03:24.595","01598 21:16:03",227.68,848.07,,,,"     ",5.10,199.79,3.07
1598,539389562,"01598M22:03:25.569","01598 21:16:04",227.63,848.02,,,,"     ",5.10,199.64,3.07
1598,539389563,"01598M22:03:26.542","01598 21:16:05",227.64,848.12,,,,"     ",5.10,198.06,3.04
1598,539389564,"01598M22:03:27.515","01598 21:16:06",227.68,848.06,,,,"     ",5.10,198.91,3.05
1598,539389565,"01598M22:03:28.488","01598 21:16:07",227.74,848.08,,,,"     ",5.10,199.20,3.06
1598,539389566,"01598M22:03:29.462","01598 21:16:08",227.81,848.10,,,,"     ",5.10,198.72,3.05
1598,539389567,"01598M22:03:30.435","01598 21:16:09",227.89,848.05,,,,"     ",5.10,199.49,3.06
1598,539389568,"01598M22:03:31.408","01598 21:16:10",227.95,848.04,,,,"     ",5.10,198.47,3.04
1598,539389569,"01598M22:03:32.381","01598 21:16:11",227.99,848.04,,,,"     ",5.10,199.16,3.05
1598,539389570,"01598M22:03:33.355","01598 21:16:12",228.01,847.99,,,,"     ",5.10,199.92,3.06
1598,539389571,"01598M22:03:34.328","01598 21:16:13",228.00,847.97,,,,"     ",5.10,199.79,3.06
1598,539389572,"01598M22:03:35.301","01598 21:16:14",227.96,847.94,,,,"     ",5.10,198.89,3.05
1598,539389573,"01598M22:03:36.274","01598 21:16:15",227.90,847.97,,,,"     ",5.10,197.60,3.03
1598,539389574,"01598M22:03:37.248","01598 21:16:16",227.84,848.03,,,,"     ",5.10,200.36,3.07
1598,539389575,"01598M22:03:38.221","01598 21:16:16",227.76,847.93,,,,"     ",5.10,198.57,3.04
1598,539389576,"01598M22:03:39.194","01598 21:16:17",227.67,847.93,,,,"     ",5.10,200.18,3.07
1598,539389577,"01598M22:03:40.167","01598 21:16:18",227.59,847.87,,,,"     ",5.10,198.64,3.04
1598,539389578,"01598M22:03:41.141","01598 21:16:19",227.52,847.91,,,,"     ",5.10,197.54,3.02
1598,539389579,"01598M22:03:42.114","01598 21:16:20",227.45,847.96,,,,"     ",5.10,197.89,3.03
1598,539389580,"01598M22:03:43.087","01598 21:16:21",227.38,847.88,,,,"     ",5.10,198.92,3.04
1598,539389581,"01598M22:03:44.061","01598 21:16:22",227.33,847.95,,,,"     ",5.10,197.91,3.03
1598,539389582,"01598M22:03:45.034","01598 21:16:23",227.29,847.96,,,,"     ",5.10,199.15,3.05
1598,539389583,"01598M22:03:46.007","01598 21:16:24",227.25,848.05,,,,"     ",5.10,198.74,3.04
1598,539389584,"01598M22:03:46.980","01598 21:16:25",227.21,847.91,,,,"     ",5.10,197.26,3.02
1598,539389585,"01598M22:03:47.954","01598 21:16:26",227.16,847.76,,,,"     ",5.10,199.42,3.05
1598,539389586,"01598M22:03:48.927","01598 21:16:27",227.13,847.85,,,,"     ",5.10,198.07,3.03
1598,539389587,"01598M22:03:49.900","01598 21:16:28",227.12,847.88,,,,"     ",5.10,198.22,3.03
1598,539389588,"01598M22:03:50.873","01598 21:16:29",227.16,847.88,,,,"     ",5.10,198.28,3.03
1598,539389589,"01598M22:03:51.847","01598 21:16:30",227.22,847.91,,,,"     ",5.10,198.15,3.03
1598,539389590,"01598M22:03:52.820","01598 21:16:31",227.31,848.01,,,,"     ",5.10,196.96,3.01
1598,539389591,"01598M22:03:53.793","01598 21:16:32",227.42,848.00,,,,"     ",5.10,198.26,3.03
1598,539389592,"01598M22:03:54.766","01598 21:16:33",227.53,848.02,,,,"     ",5.10,196.35,3.00
1598,539389593,"01598M22:03:55.740","01598 21:16:34",227.64,847.94,,,,"     ",5.10,198.60,3.04
1598,539389594,"01598M22:03:56.713","01598 21:16:35",227.74,847.92,,,,"     ",5.10,196.80,3.01
1598,539389595,"01598M22:03:57.686","01598 21:16:36",227.82,847.91,,,,"     ",5.10,197.87,3.03
1598,539389596,"01598M22:03:58.659","01598 21:16:37",227.91,847.86,,,,"     ",5.10,197.48,3.02
1598,539389597,"01598M22:03:59.633","01598 21:16:38",228.00,847.95,,,,"     ",5.10,197.17,3.02
1598,539389598,"01598M22:04:00.606","01598 21:16:39",228.10,847.91,,,,"     ",5.10,198.25,3.03
1598,539389599,"01598M22:04:01.579","01598 21:16:40",228.20,847.87,,,,"     ",5.10,197.48,3.02
1598,539389600,"01598M22:04:02.552","01598 21:16:41",228.29,847.96,,,,"     ",5.10,198.21,3.03
1598,539389601,"01598M22:04:03.526","01598 21:16:42",228.35,847.82,,,,"     ",5.10,198.31,3.03
1598,539389602,"01598M22:04:04.499","01598 21:16:43",228.40,847.85,,,,"     ",5.10,199.53,3.05
1598,539389603,"01598M22:04:05.472","01598 21:16:44",228.44,847.92,,,,"     ",5.10,199.50,3.05
1598,539389604,"01598M22:04:06.445","01598 21:16:45",228.47,847.91,,,,"     ",5.10,198.64,3.03
1598,539389605,"01598M22:04:07.419","01598 21:16:46",228.50,847.84,,,,"     ",5.10,199.92,3.05
1598,539389606,"01598M22:04:08.392","01598 21:16:47",228.56,847.87,,,,"     ",5.10,199.67,3.05
1598,539389607,"01598M22:04:09.365","01598 21:16:48",228.64,847.88,,,,"     ",5.10,199.94,3.05
1598,539389608,"01598M22:04:10.338","01598 21:16:49",228.75,848.04,,,,"     ",5.10,199.07,3.04
1598,539389609,"01598M22:04:11.312","01598 21:16:50",228.86,848.15,,,,"     ",5.10,199.10,3.04
1598,539389610,"01598M22:04:12.285","01598 21:16:51",228.95,848.10,,,,"     ",5.10,198.71,3.03
1598,539389611,"01598M22:04:13.258","01598 21:16:52",229.00,848.09,,,,"     ",5.10,200.14,3.05
1598,539389612,"01598M22:04:14.231","01598 21:16:52",229.03,848.09,,,,"     ",5.10,199.82,3.04
1598,539389613,"01598M22:04:15.205","01598 21:16:53",229.05,848.07,,,,"     ",5.10,200.17,3.05
1598,539389614,"01598M22:04:16.178","01598 21:16:54",229.05,848.12,,,,"     ",5.10,199.91,3.04
1598,539389615,"01598M22:04:17.151","01598 21:16:55",229.03,848.12,,,,"     ",5.10,200.66,3.05
1598,539389616,"01598M22:04:18.124","01598 21:16:56",229.02,848.06,,,,"     ",5.10,201.17,3.06
1598,539389617,"01598M22:04:19.098","01598 21:16:57",228.99,848.15,,,,"     ",5.10,201.22,3.06
1598,539389618,"01598M22:04:20.071","01598 21:16:58",228.96,848.15,,,,"     ",5.10,200.66,3.05
1598,539389619,"01598M22:04:21.044","01598 21:16:59",228.91,848.13,,,,"     ",5.10,200.74,3.05
1598,539389620,"01598M22:04:22.017","01598 21:17:00",228.86,848.16,,,,"     ",5.10,200.89,3.05
1598,539389621,"01598M22:04:22.991","01598 21:17:01",228.80,848.24,,,,"     ",5.10,200.73,3.05
1598,539389622,"01598M22:04:23.964","01598 21:17:02",228.75,848.25,,,,"     ",5.10,202.80,3.08
1598,539389623,"01598M22:04:24.937","01598 21:17:03",228.71,848.20,,,,"     ",5.10,202.77,3.08
1598,539389624,"01598M22:04:25.910","01598 21:17:04",228.67,848.26,,,,"     ",5.10,202.62,3.08
1598,539389625,"01598M22:04:26.884","01598 21:17:05",228.63,848.27,,,,"     ",5.10,201.40,3.05
1598,539389626,"01598M22:04:27.857","01598 21:17:06",228.59,848.33,,,,"     ",5.10,201.76,3.06
1598,539389627,"01598M22:04:28.830","01598 21:17:07",228.56,848.30,,,,"     ",5.10,202.31,3.07
1598,539389628,"01598M22:04:29.803","01598 21:17:08",228.54,848.32,,,,"     ",5.10,202.06,3.06
1598,539389629,"01598M22:04:30.777","01598 21:17:09",228.53,848.27,,,,"     ",5.10,203.16,3.08
1598,539389630,"01598M22:04:31.750","01598 21:17:10",228.53,848.27,,,,"     ",5.10,202.59,3.07
1598,539389631,"01598M22:04:32.723","01598 21:17:11",228.51,848.32,,,,"     ",5.10,201.78,3.06
1598,539389632,"01598M22:04:33.696","01598 21:17:12",228.50,848.41,,,,"     ",5.10,201.74,3.05
1598,539389633,"01598M22:04:34.670","01598 21:17:13",228.49,848.41,,,,"     ",5.10,202.65,3.07
1598,539389634,"01598M22:04:35.643","01598 21:17:14",228.50,848.36,,,,"     ",5.10,202.36,3.06
1598,539389635,"01598M22:04:36.616","01598 21:17:15",228.51,848.36,,,,"     ",5.10,203.18,3.08
1598,539389636,"01598M22:04:37.589","01598 21:17:16",228.54,848.43,,,,"     ",5.10,202.24,3.06
1598,539389637,"01598M22:04:38.563","01598 21:17:17",228.56,848.34,,,,"     ",5.10,204.45,3.10
1598,539389638,"01598M22:04:39.536","01598 21:17:18",228.60,848.35,,,,"     ",5.10,202.62,3.07
1598,539389639,"01598M22:04:40.509","01598 21:17:19",228.65,848.35,,,,"     ",5.10,200.97,3.04
1598,539389640,"01598M22:04:41.482","01598 21:17:20",228.70,848.45,,,,"     ",5.10,202.74,3.07
1598,539389641,"01598M22:04:42.456","01598 21:17:21",228.77,848.43,,,,"     ",5.10,201.87,3.05
1598,539389642,"01598M22:04:43.429","01598 21:17:22",228.82,848.40,,,,"     ",5.10,203.19,3.07
1598,539389643,"01598M22:04:44.402","01598 21:17:23",228.86,848.37,,,,"     ",5.10,203.48,3.08
1598,539389644,"01598M22:04:45.375","01598 21:17:24",228.87,848.38,,,,"     ",5.10,200.67,3.03
1598,539389645,"01598M22:04:46.349","01598 21:17:25",228.86,848.36,,,,"     ",5.10,201.85,3.05
1598,539389646,"01598M22:04:47.322","01598 21:17:26",228.82,848.38,,,,"     ",5.10,202.37,3.06
1598,539389647,"01598M22:04:48.295","01598 21:17:27",228.76,848.35,,,,"     ",5.10,203.09,3.07
1598,539389648,"01598M22:04:49.268","01598 21:17:28",228.71,848.46,,,,"     ",5.10,202.20,3.06
1598,539389649,"01598M22:04:50.242","01598 21:17:28",228.64,848.51,,,,"     ",5.10,201.63,3.05
1598,539389650,"01598M22:04:51.215","01598 21:17:29",228.56,848.48,,,,"     ",5.10,200.47,3.03
1598,539389651,"01598M22:04:52.188","01598 21:17:30",228.48,848.49,,,,"     ",5.10,201.01,3.04
1598,539389652,"01598M22:04:53.162","01598 21:17:31",228.40,848.47,,,,"     ",5.10,200.68,3.03
1598,539389653,"01598M22:04:54.135","01598 21:17:32",228.33,848.54,,,,"     ",5.10,201.29,3.04
1598,539389654,"01598M22:04:55.108","01598 21:17:33",228.26,848.56,,,,"     ",5.10,201.47,3.05
1598,539389655,"01598M22:04:56.081","01598 21:17:34",228.21,848.50,,,,"     ",5.10,198.50,3.00
1598,539389656,"01598M22:04:57.055","01598 21:17:35",228.17,848.59,,,,"     ",5.10,200.11,3.02
1598,539389657,"01598M22:04:58.028","01598 21:17:36",228.16,848.66,,,,"     ",5.10,200.59,3.03
1598,539389658,"01598M22:04:59.001","01598 21:17:37",228.17,848.55,,,,"     ",5.10,199.97,3.02
1598,539389659,"01598M22:04:59.974","01598 21:17:38",228.20,848.56,,,,"     ",5.10,197.86,2.99
1598,539389660,"01598M22:05:00.948","01598 21:17:39",228.23,848.46,,,,"     ",5.10,199.28,3.01
1598,539389661,"01598M22:05:01.921","01598 21:17:40",228.22,848.49,,,,"     ",5.10,198.96,3.01
1598,539389662,"01598M22:05:02.894","01598 21:17:41",228.18,848.44,,,,"     ",5.10,198.06,2.99
1598,539389663,"01598M22:05:03.867","01598 21:17:42",228.09,848.50,,,,"     ",5.10,197.26,2.98
1598,539389664,"01598M22:05:04.841","01598 21:17:43",227.97,848.52,,,,"     ",5.10,199.22,3.01
1598,539389665,"01598M22:05:05.814","01598 21:17:44",227.82,848.46,,,,"     ",5.10,198.13,3.00
1598,539389666,"01598M22:05:06.787","01598 21:17:45",227.67,848.50,,,,"     ",5.10,197.13,2.98
1598,539389667,"01598M22:05:07.760","01598 21:17:46",227.54,848.51,,,,"     ",5.10,196.95,2.98
1598,539389668,"01598M22:05:08.734","01598 21:17:47",227.44,848.51,,,,"     ",5.10,197.69,2.99
1598,539389669,"01598M22:05:09.707","01598 21:17:48",227.36,848.49,,,,"     ",5.10,197.11,2.98
1598,539389670,"01598M22:05:10.680","01598 21:17:49",227.30,848.40,,,,"     ",5.10,197.99,3.00
1598,539389671,"01598M22:05:11.653","01598 21:17:50",227.26,848.46,,,,"     ",5.10,196.98,2.98
1598,539389672,"01598M22:05:12.627","01598 21:17:51",227.23,848.45,,,,"     ",5.10,197.92,3.00
1598,539389673,"01598M22:05:13.600","01598 21:17:52",227.21,848.51,,,,"     ",5.10,196.11,2.97
1598,539389674,"01598M22:05:14.573","01598 21:17:53",227.21,848.41,,,,"     ",5.10,197.17,2.99
1598,539389675,"01598M22:05:15.546","01598 21:17:54",227.22,848.48,,,,"     ",5.10,196.57,2.98
1598,539389676,"01598M22:05:16.520","01598 21:17:55",227.23,848.52,,,,"     ",5.10,196.50,2.98
1598,539389677,"01598M22:05:17.493","01598 21:17:56",227.26,848.53,,,,"     ",5.10,195.81,2.97
1598,539389678,"01598M22:05:18.466","01598 21:17:57",227.29,848.51,,,,"     ",5.10,196.15,2.97
1598,539389679,"01598M22:05:19.439","01598 21:17:58",227.28,848.38,,,,"     ",5.10,196.04,2.97
1598,539389680,"01598M22:05:20.413","01598 21:17:59",227.23,848.39,,,,"     ",5.10,196.22,2.98
1598,539389681,"01598M22:05:21.386","01598 21:18:00",227.15,848.44,,,,"     ",5.10,194.82,2.96
1598,539389682,"01598M22:05:22.359","01598 21:18:01",227.03,848.36,,,,"     ",5.10,194.11,2.95
1598,539389683,"01598M22:05:23.332","01598 21:18:02",226.89,848.41,,,,"     ",5.10,194.42,2.95
1598,539389684,"01598M22:05:24.306","01598 21:18:03",226.75,848.41,,,,"     ",5.10,194.14,2.95
1598,539389685,"01598M22:05:25.279","01598 21:18:04",226.63,848.46,,,,"     ",5.10,193.20,2.94
1598,539389686,"01598M22:05:26.252","01598 21:18:05",226.53,848.44,,,,"     ",5.10,194.19,2.95
1598,539389687,"01598M22:05:27.225","01598 21:18:05",226.49,848.52,,,,"     ",5.10,193.81,2.95
1598,539389688,"01598M22:05:28.199","01598 21:18:06",226.49,848.48,,,,"     ",5.10,193.00,2.94
1598,539389689,"01598M22:05:29.172","01598 21:18:07",226.53,848.48,,,,"     ",5.10,193.73,2.95
1598,539389690,"01598M22:05:30.145","01598 21:18:08",226.58,848.57,,,,"     ",5.10,192.81,2.94
1598,539389691,"01598M22:05:31.118","01598 21:18:09",226.63,848.50,,,,"     ",5.10,192.25,2.93
1598,539389692,"01598M22:05:32.092","01598 21:18:10",226.68,848.55,,,,"     ",5.10,193.87,2.95
1598,539389693,"01598M22:05:33.065","01598 21:18:11",226.74,848.60,,,,"     ",5.10,194.53,2.97
1598,539389694,"01598M22:05:34.038","01598 21:18:12",226.79,848.46,,,,"     ",5.10,192.25,2.93
1598,539389695,"01598M22:05:35.011","01598 21:18:13",226.85,848.49,,,,"     ",5.10,192.50,2.94
1598,539389696,"01598M22:05:35.985","01598 21:18:14",226.89,848.43,,,,"     ",5.10,193.71,2.96
1598,539389697,"01598M22:05:36.958","01598 21:18:15",226.92,848.45,,,,"     ",5.10,191.46,2.92
1598,539389698,"01598M22:05:37.931","01598 21:18:16",226.95,848.60,,,,"     ",5.10,193.02,2.95
1598,539389699,"01598M22:05:38.904","01598 21:18:17",226.96,848.51,,,,"     ",5.10,193.52,2.96
1598,539389700,"01598M22:05:39.878","01598 21:18:18",226.97,848.62,,,,"     ",5.10,193.38,2.96
1598,539389701,"01598M22:05:40.851","01598 21:18:19",226.97,848.58,,,,"     ",5.10,192.48,2.94
1598,539389702,"01598M22:05:41.824","01598 21:18:20",226.97,848.54,,,,"     ",5.10,192.37,2.94
1598,539389703,"01598M22:05:42.797","01598 21:18:21",226.95,848.58,,,,"     ",5.10,193.43,2.96
1598,539389704,"01598M22:05:43.771","01598 21:18:22",226.92,848.48,,,,"     ",5.10,192.87,2.95
1598,539389705,"01598M22:05:44.744","01598 21:18:23",226.89,848.52,,,,"     ",5.10,192.27,2.94
1598,539389706,"01598M22:05:45.717","01598 21:18:24",226.84,848.44,,,,"     ",5.10,193.97,2.97
1598,539389707,"01598M22:05:46.690","01598 21:18:25",226.79,848.53,,,,"     ",5.10,193.66,2.97
1598,539393089,"01598M23:00:38.234","01598 22:13:16",216.76,856.93,,,,"     ",5.10,,
1598,539393090,"01598M23:00:39.207","01598 22:13:17",216.68,856.93,,,,"     ",5.10,112.09,4.11
1598,539393091,"01598M23:00:40.180","01598 22:13:18",216.61,856.95,,,,"     ",5.10,111.64,4.08
1598,539393092,"01598M23:00:41.153","01598 22:13:19",216.55,856.88,,,,"     ",5.10,112.04,4.09
1598,539393093,"01598M23:00:42.127","01598 22:13:20",216.49,856.96,,,,"     ",5.10,112.22,4.08
1598,539393094,"01598M23:00:43.100","01598 22:13:21",216.43,856.98,,,,"     ",5.10,111.63,4.05
1598,539393095,"01598M23:00:44.073","01598 22:13:22",216.38,856.99,,,,"     ",5.10,112.13,4.06
1598,539393096,"01598M23:00:45.047","01598 22:13:23",216.34,856.98,,,,"     ",5.10,111.80,4.04
1598,539393097,"01598M23:00:46.020","01598 22:13:24",216.30,857.04,,,,"     ",5.10,112.66,4.06
1598,539393098,"01598M23:00:46.993","01598 22:13:25",216.27,857.03,,,,"     ",5.10,112.59,4.05
1598,539393099,"01598M23:00:47.966","01598 22:13:26",216.25,857.07,,,,"     ",5.10,112.17,4.02
1598,539393100,"01598M23:00:48.940","01598 22:13:27",216.23,856.97,,,,"     ",5.10,112.80,4.04
1598,539393101,"01598M23:00:49.913","01598 22:13:28",216.22,857.09,,,,"     ",5.10,112.52,4.02
1598,539393102,"01598M23:00:50.886","01598 22:13:29",216.21,856.98,,,,"     ",5.10,112.51,4.01
1598,539393103,"01598M23:00:51.859","01598 22:13:30",216.21,856.90,,,,"     ",5.10,112.59,4.00
1598,539393104,"01598M23:00:52.833","01598 22:13:30",216.21,857.04,,,,"     ",5.10,113.22,4.02
1598,539393105,"01598M23:00:53.806","01598 22:13:31",216.22,857.00,,,,"     ",5.10,113.29,4.01
1598,539393106,"01598M23:00:54.779","01598 22:13:32",216.24,857.05,,,,"     ",5.10,112.80,3.99
1598,539393107,"01598M23:00:55.752","01598 22:13:33",216.26,856.96,,,,"     ",5.10,112.72,3.98
1598,539393108,"01598M23:00:56.726","01598 22:13:34",216.29,857.00,,,,"     ",5.10,112.97,3.98
1598,539393109,"01598M23:00:57.699","01598 22:13:35",216.33,857.08,,,,"     ",5.10,113.23,3.98
1598,539393110,"01598M23:00:58.672","01598 22:13:36",216.39,856.98,,,,"     ",5.10,112.96,3.97
1598,539393111,"01598M23:00:59.645","01598 22:13:37",216.46,857.05,,,,"     ",5.10,113.41,3.98
1598,539393112,"01598M23:01:00.619","01598 22:13:38",216.54,857.00,,,,"     ",5.10,113.21,3.96
1598,539393113,"01598M23:01:01.592","01598 22:13:39",216.63,857.07,,,,"     ",5.10,114.42,4.00
1598,539393114,"01598M23:01:02.565","01598 22:13:40",216.73,857.11,,,,"     ",5.10,114.05,3.98
1598,539393115,"01598M23:01:03.538","01598 22:13:41",216.84,856.98,,,,"     ",5.10,114.38,3.98
1598,539393116,"01598M23:01:04.512","01598 22:13:42",216.95,857.01,,,,"     ",5.10,113.85,3.96
1598,539393117,"01598M23:01:05.485","01598 22:13:43",217.06,857.11,,,,"     ",5.10,114.70,3.98
1598,539393118,"01598M23:01:06.458","01598 22:13:44",217.17,857.06,,,,"     ",5.10,114.39,3.96
1598,539393119,"01598M23:01:07.431","01598 22:13:45",217.28,857.02,,,,"     ",5.10,114.12,3.95
1598,539393120,"01598M23:01:08.405","01598 22:13:46",217.38,857.05,,,,"     ",5.10,114.43,3.96
1598,539393121,"01598M23:01:09.378","01598 22:13:47",217.47,857.00,,,,"     ",5.10,115.00,3.97
1598,539393122,"01598M23:01:10.351","01598 22:13:48",217.55,857.07,,,,"     ",5.10,114.63,3.95
1598,539393123,"01598M23:01:11.324","01598 22:13:49",217.62,857.08,,,,"     ",5.10,115.31,3.97
1598,539393124,"01598M23:01:12.298","01598 22:13:50",217.67,857.05,,,,"     ",5.10,115.57,3.97
1598,539393125,"01598M23:01:13.271","01598 22:13:51",217.72,857.07,,,,"     ",5.10,115.55,3.97
1598,539393126,"01598M23:01:14.244","01598 22:13:52",217.74,857.08,,,,"     ",5.10,115.91,3.98
1598,539393127,"01598M23:01:15.217","01598 22:13:53",217.76,857.10,,,,"     ",5.10,115.39,3.95
1598,539393128,"01598M23:01:16.191","01598 22:13:54",217.76,857.08,,,,"     ",5.10,115.21,3.94
1598,539393129,"01598M23:01:17.164","01598 22:13:55",217.75,857.07,,,,"     ",5.10,115.53,3.95
1598,539393130,"01598M23:01:18.137","01598 22:13:56",217.73,857.12,,,,"     ",5.10,114.98,3.92
1598,539393131,"01598M23:01:19.110","01598 22:13:57",217.71,857.11,,,,"     ",5.10,115.05,3.92
1598,539393132,"01598M23:01:20.084","01598 22:13:58",217.67,857.03,,,,"     ",5.10,116.06,3.95
1598,539393133,"01598M23:01:21.057","01598 22:13:59",217.63,857.11,,,,"     ",5.10,114.37,3.89
1598,539393134,"01598M23:01:22.030","01598 22:14:00",217.59,857.06,,,,"     ",5.10,115.85,3.94
1598,539393135,"01598M23:01:23.003","01598 22:14:01",217.54,857.18,,,,"     ",5.10,115.41,3.92
1598,539393136,"01598M23:01:23.977","01598 22:14:02",217.50,857.22,,,,"     ",5.10,115.50,3.92
1598,539393137,"01598M23:01:24.950","01598 22:14:03",217.46,857.21,,,,"     ",5.10,115.05,3.90
1598,539393138,"01598M23:01:25.923","01598 22:14:04",217.43,857.12,,,,"     ",5.10,115.68,3.91
1598,539393139,"01598M23:01:26.896","01598 22:14:05",217.40,857.09,,,,"     ",5.10,115.31,3.90
1598,539393140,"01598M23:01:27.870","01598 22:14:06",217.37,857.15,,,,"     ",5.10,115.50,3.90
1598,539393141,"01598M23:01:28.843","01598 22:14:06",217.34,857.12,,,,"     ",5.10,115.25,3.89
1598,539393142,"01598M23:01:29.816","01598 22:14:07",217.32,857.02,,,,"     ",5.10,115.15,3.88
1598,539393143,"01598M23:01:30.789","01598 22:14:08",217.29,856.90,,,,"     ",5.10,115.74,3.90
1598,539393144,"01598M23:01:31.763","01598 22:14:09",217.26,856.89,,,,"     ",5.10,115.16,3.88
1598,539393145,"01598M23:01:32.736","01598 22:14:10",217.24,856.96,,,,"     ",5.10,116.55,3.92
1598,539393146,"01598M23:01:33.709","01598 22:14:11",217.22,856.93,,,,"     ",5.10,115.84,3.89
1598,539393147,"01598M23:01:34.682","01598 22:14:12",217.21,856.97,,,,"     ",5.10,116.62,3.92
1598,539393148,"01598M23:01:35.656","01598 22:14:13",217.21,856.89,,,,"     ",5.10,116.56,3.91
1598,539393149,"01598M23:01:36.629","01598 22:14:14",217.23,856.95,,,,"     ",5.10,116.05,3.89
1598,539393150,"01598M23:01:37.602","01598 22:14:15",217.25,856.89,,,,"     ",5.10,116.80,3.91
1598,539393151,"01598M23:01:38.575","01598 22:14:16",217.28,856.93,,,,"     ",5.10,116.73,3.91
1598,539393152,"01598M23:01:39.549","01598 22:14:17",217.31,856.93,,,,"     ",5.10,116.63,3.90
1598,539393153,"01598M23:01:40.522","01598 22:14:18",217.35,856.90,,,,"     ",5.10,116.71,3.90
1598,539393154,"01598M23:01:41.495","01598 22:14:19",217.38,856.92,,,,"     ",5.10,116.55,3.89
1598,539393155,"01598M23:01:42.468","01598 22:14:20",217.41,856.96,,,,"     ",5.10,116.78,3.90
1598,539393156,"01598M23:01:43.442","01598 22:14:21",217.44,856.89,,,,"     ",5.10,117.13,3.91
1598,539393157,"01598M23:01:44.415","01598 22:14:22",217.45,856.87,,,,"     ",5.10,116.71,3.89
1598,539393158,"01598M23:01:45.388","01598 22:14:23",217.46,856.82,,,,"     ",5.10,117.02,3.90
1598,539393159,"01598M23:01:46.361","01598 22:14:24",217.45,856.73,,,,"     ",5.10,116.77,3.89
1598,539393160,"01598M23:01:47.335","01598 22:14:25",217.44,856.79,,,,"     ",5.10,116.86,3.89
1598,539393161,"01598M23:01:48.308","01598 22:14:26",217.42,856.81,,,,"     ",5.10,117.74,3.92
1598,539393162,"01598M23:01:49.281","01598 22:14:27",217.39,856.80,,,,"     ",5.10,116.58,3.87
1598,539393163,"01598M23:01:50.254","01598 22:14:28",217.37,856.84,,,,"     ",5.10,116.69,3.88
1598,539393164,"01598M23:01:51.228","01598 22:14:29",217.34,856.84,,,,"     ",5.10,116.71,3.88
1598,539393165,"01598M23:01:52.201","01598 22:14:30",217.31,856.85,,,,"     ",5.10,116.16,3.85
1598,539393166,"01598M23:01:53.174","01598 22:14:31",217.27,856.85,,,,"     ",5.10,116.58,3.87
1598,539393167,"01598M23:01:54.148","01598 22:14:32",217.22,856.82,,,,"     ",5.10,116.84,3.87
1598,539393168,"01598M23:01:55.121","01598 22:14:33",217.16,856.86,,,,"     ",5.10,117.83,3.90
1598,539393169,"01598M23:01:56.094","01598 22:14:34",217.10,856.88,,,,"     ",5.10,116.37,3.85
1598,539393170,"01598M23:01:57.067","01598 22:14:35",217.05,856.87,,,,"     ",5.10,116.06,3.84
1598,539393171,"01598M23:01:58.041","01598 22:14:36",217.01,856.81,,,,"     ",5.10,116.92,3.87
1598,539393172,"01598M23:01:59.014","01598 22:14:37",216.98,856.79,,,,"     ",5.10,117.35,3.88
1598,539393173,"01598M23:01:59.987","01598 22:14:38",216.96,856.81,,,,"     ",5.10,116.75,3.86
1598,539393174,"01598M23:02:00.960","01598 22:14:39",216.97,856.76,,,,"     ",5.10,117.09,3.87
1598,539393175,"01598M23:02:01.934","01598 22:14:40",216.98,856.79,,,,"     ",5.10,116.53,3.85
1598,539393176,"01598M23:02:02.907","01598 22:14:41",217.00,856.87,,,,"     ",5.10,116.67,3.85
1598,539393177,"01598M23:02:03.880","01598 22:14:42",217.03,856.95,,,,"     ",5.10,116.14,3.83
1598,539393178,"01598M23:02:04.853","01598 22:14:42",217.06,856.91,,,,"     ",5.10,116.79,3.85
1598,539393179,"01598M23:02:05.827","01598 22:14:43",217.10,856.88,,,,"     ",5.10,116.37,3.83
1598,539393180,"01598M23:02:06.800","01598 22:14:44",217.14,856.96,,,,"     ",5.10,116.10,3.82
1598,539393181,"01598M23:02:07.773","01598 22:14:45",217.18,856.88,,,,"     ",5.10,116.48,3.83
1598,539393182,"01598M23:02:08.746","01598 22:14:46",217.21,856.81,,,,"     ",5.10,116.19,3.82
1598,539393183,"01598M23:02:09.720","01598 22:14:47",217.25,856.84,,,,"     ",5.10,115.79,3.81
1598,539393184,"01598M23:02:10.693","01598 22:14:48",217.29,856.87,,,,"     ",5.10,115.68,3.80
1598,539393185,"01598M23:02:11.666","01598 22:14:49",217.32,856.76,,,,"     ",5.10,116.77,3.84
1598,539393186,"01598M23:02:12.639","01598 22:14:50",217.35,856.76,,,,"     ",5.10,116.30,3.82
1598,539393187,"01598M23:02:13.613","01598 22:14:51",217.37,856.83,,,,"     ",5.10,116.35,3.82
1598,539393188,"01598M23:02:14.586","01598 22:14:52",217.38,856.84,,,,"     ",5.10,115.67,3.80
1598,539393189,"01598M23:02:15.559","01598 22:14:53",217.38,856.83,,,,"     ",5.10,115.91,3.80
1598,539393190,"01598M23:02:16.532","01598 22:14:54",217.39,856.83,,,,"     ",5.10,116.15,3.81
1598,539393191,"01598M23:02:17.506","01598 22:14:55",217.40,856.90,,,,"     ",5.10,115.80,3.80
1598,539393192,"01598M23:02:18.479","01598 22:14:56",217.41,856.92,,,,"     ",5.10,116.33,3.81
1598,539393193,"01598M23:02:19.452","01598 22:14:57",217.42,856.87,,,,"     ",5.10,115.90,3.80
1598,539393194,"01598M23:02:20.425","01598 22:14:58",217.43,856.83,,,,"     ",5.10,115.56,3.78
1598,539393195,"01598M23:02:21.399","01598 22:14:59",217.44,856.88,,,,"     ",5.10,115.88,3.79
1598,539393196,"01598M23:02:22.372","01598 22:15:00",217.45,856.84,,,,"     ",5.10,115.50,3.78
1598,539393197,"01598M23:02:23.345","01598 22:15:01",217.46,856.83,,,,"     ",5.10,115.58,3.78
1598,539393198,"01598M23:02:24.318","01598 22:15:02",217.47,856.90,,,,"     ",5.10,115.89,3.79
1598,539393199,"01598M23:02:25.292","01598 22:15:03",217.49,856.75,,,,"     ",5.10,116.05,3.79
1598,539393200,"01598M23:02:26.265","01598 22:15:04",217.50,856.81,,,,"     ",5.10,115.84,3.79
1598,539393201,"01598M23:02:27.238","01598 22:15:05",217.51,856.84,,,,"     ",5.10,115.86,3.78
1598,539393202,"01598M23:02:28.211","01598 22:15:06",217.51,856.92,,,,"     ",5.10,115.85,3.79
1598,539393203,"01598M23:02:29.185","01598 22:15:07",217.49,856.93,,,,"     ",5.10,116.47,3.81
1598,539393204,"01598M23:02:30.158","01598 22:15:08",217.47,856.86,,,,"     ",5.10,116.18,3.79
1598,539393205,"01598M23:02:31.131","01598 22:15:09",217.45,856.83,,,,"     ",5.10,116.42,3.80
1598,539393206,"01598M23:02:32.104","01598 22:15:10",217.42,856.90,,,,"     ",5.10,116.26,3.79
1598,539393207,"01598M23:02:33.078","01598 22:15:11",217.40,856.82,,,,"     ",5.10,115.36,3.76
1598,539393208,"01598M23:02:34.051","01598 22:15:12",217.38,856.65,,,,"     ",5.10,115.82,3.78
1598,539393209,"01598M23:02:35.024","01598 22:15:13",217.36,856.69,,,,"     ",5.10,116.34,3.79
1598,539393210,"01598M23:02:35.997","01598 22:15:14",217.36,856.62,,,,"     ",5.10,115.76,3.77
1598,539393211,"01598M23:02:36.971","01598 22:15:15",217.36,856.65,,,,"     ",5.10,116.17,3.78
1598,539393212,"01598M23:02:37.944","01598 22:15:16",217.36,856.61,,,,"     ",5.10,115.88,3.77
1598,539393213,"01598M23:02:38.917","01598 22:15:17",217.37,856.72,,,,"     ",5.10,116.48,3.79
1598,539393214,"01598M23:02:39.890","01598 22:15:18",217.39,856.73,,,,"     ",5.10,116.54,3.79
1598,539393215,"01598M23:02:40.864","01598 22:15:18",217.41,856.65,,,,"     ",5.10,116.71,3.80
1598,539393216,"01598M23:02:41.837","01598 22:15:19",217.43,856.58,,,,"     ",5.10,117.54,3.82
1598,539393217,"01598M23:02:42.810","01598 22:15:20",217.46,856.65,,,,"     ",5.10,116.65,3.79
1598,539393218,"01598M23:02:43.783","01598 22:15:21",217.48,856.75,,,,"     ",5.10,117.05,3.80
1598,539393219,"01598M23:02:44.757","01598 22:15:22",217.51,856.76,,,,"     ",5.10,116.52,3.78
1598,539393220,"01598M23:02:45.730","01598 22:15:23",217.53,856.80,,,,"     ",5.10,117.93,3.83
1598,539393221,"01598M23:02:46.703","01598 22:15:24",217.55,856.84,,,,"     ",5.10,117.65,3.82
1598,539393222,"01598M23:02:47.676","01598 22:15:25",217.56,856.80,,,,"     ",5.10,117.32,3.81
1598,539393223,"01598M23:02:48.650","01598 22:15:26",217.58,856.84,,,,"     ",5.10,117.83,3.82
1598,539393224,"01598M23:02:49.623","01598 22:15:27",217.58,856.74,,,,"     ",5.10,118.24,3.83
1598,539393225,"01598M23:02:50.596","01598 22:15:28",217.59,856.67,,,,"     ",5.10,118.09,3.83
1598,539393226,"01598M23:02:51.569","01598 22:15:29",217.59,856.66,,,,"     ",5.10,118.24,3.83
1598,539393227,"01598M23:02:52.543","01598 22:15:30",217.60,856.66,,,,"     ",5.10,119.43,3.87
1598,539393228,"01598M23:02:53.516","01598 22:15:31",217.60,856.80,,,,"     ",5.10,119.54,3.87
1598,539393229,"01598M23:02:54.489","01598 22:15:32",217.61,856.76,,,,"     ",5.10,118.76,3.84
1598,539393230,"01598M23:02:55.462","01598 22:15:33",217.62,856.81,,,,"     ",5.10,118.88,3.84
1598,539393231,"01598M23:02:56.436","01598 22:15:34",217.64,856.78,,,,"     ",5.10,118.91,3.84
1598,539393232,"01598M23:02:57.409","01598 22:15:35",217.67,856.66,,,,"     ",5.10,118.61,3.83
1598,539393233,"01598M23:02:58.382","01598 22:15:36",217.70,856.73,,,,"     ",5.10,119.51,3.86
1598,539393234,"01598M23:02:59.355","01598 22:15:37",217.75,856.74,,,,"     ",5.10,119.55,3.86
1598,539393235,"01598M23:03:00.329","01598 22:15:38",217.81,856.81,,,,"     ",5.10,119.72,3.86
1598,539393236,"01598M23:03:01.302","01598 22:15:39",217.88,857.02,,,,"     ",5.10,120.40,3.88
1598,539393237,"01598M23:03:02.275","01598 22:15:40",217.96,856.90,,,,"     ",5.10,120.04,3.87
1598,539393238,"01598M23:03:03.248","01598 22:15:41",218.05,856.94,,,,"     ",5.10,120.80,3.89
1598,539393239,"01598M23:03:04.222","01598 22:15:42",218.14,857.00,,,,"     ",5.10,120.61,3.88
1598,539393240,"01598M23:03:05.195","01598 22:15:43",218.23,856.83,,,,"     ",5.10,120.44,3.87
1598,539393241,"01598M23:03:06.168","01598 22:15:44",218.31,856.88,,,,"     ",5.10,120.56,3.88
1598,539393242,"01598M23:03:07.142","01598 22:15:45",218.39,856.99,,,,"     ",5.10,121.02,3.89
1598,539393243,"01598M23:03:08.115","01598 22:15:46",218.46,856.94,,,,"     ",5.10,121.07,3.89
1598,539393244,"01598M23:03:09.088","01598 22:15:47",218.53,856.90,,,,"     ",5.10,120.92,3.88
1598,539393245,"01598M23:03:10.061","01598 22:15:48",218.60,856.94,,,,"     ",5.10,121.29,3.89
1598,539393246,"01598M23:03:11.035","01598 22:15:49",218.66,857.02,,,,"     ",5.10,121.48,3.90
1598,539393247,"01598M23:03:12.008","01598 22:15:50",218.71,856.99,,,,"     ",5.10,121.71,3.90
1598,539393248,"01598M23:03:12.981","01598 22:15:51",218.74,857.16,,,,"     ",5.10,121.93,3.91
1598,539393249,"01598M23:03:13.954","01598 22:15:52",218.76,856.97,,,,"     ",5.10,122.12,3.91
1598,539393250,"01598M23:03:14.928","01598 22:15:53",218.76,857.01,,,,"     ",5.10,122.59,3.93
1598,539393251,"01598M23:03:15.901","01598 22:15:54",218.75,856.99,,,,"     ",5.10,122.05,3.91
1598,539393252,"01598M23:03:16.874","01598 22:15:54",218.72,857.02,,,,"     ",5.10,122.65,3.92
1598,539393253,"01598M23:03:17.847","01598 22:15:55",218.68,856.95,,,,"     ",5.10,123.26,3.94
1598,539393254,"01598M23:03:18.821","01598 22:15:56",218.64,857.01,,,,"     ",5.10,123.48,3.95
1598,539393255,"01598M23:03:19.794","01598 22:15:57",218.59,856.98,,,,"     ",5.10,123.42,3.94
1598,539393256,"01598M23:03:20.767","01598 22:15:58",218.53,857.01,,,,"     ",5.10,123.07,3.93
1598,539393257,"01598M23:03:21.740","01598 22:15:59",218.48,857.03,,,,"     ",5.10,123.32,3.94
1598,539393258,"01598M23:03:22.714","01598 22:16:00",218.43,857.02,,,,"     ",5.10,123.33,3.93
1598,539393259,"01598M23:03:23.687","01598 22:16:01",218.39,857.00,,,,"     ",5.10,123.79,3.95
1598,539393260,"01598M23:03:24.660","01598 22:16:02",218.36,857.08,,,,"     ",5.10,123.14,3.93
1598,539393261,"01598M23:03:25.633","01598 22:16:03",218.33,857.07,,,,"     ",5.10,123.43,3.93
1598,539393262,"01598M23:03:26.607","01598 22:16:04",218.30,857.00,,,,"     ",5.10,123.21,3.92
1598,539393263,"01598M23:03:27.580","01598 22:16:05",218.28,856.97,,,,"     ",5.10,123.66,3.94
1598,539393264,"01598M23:03:28.553","01598 22:16:06",218.27,857.00,,,,"     ",5.10,123.17,3.92
1598,539393265,"01598M23:03:29.526","01598 22:16:07",218.26,857.06,,,,"     ",5.10,122.69,3.90
1598,539393266,"01598M23:03:30.500","01598 22:16:08",218.25,857.06,,,,"     ",5.10,123.02,3.91
1598,539393267,"01598M23:03:31.473","01598 22:16:09",218.25,856.97,,,,"     ",5.10,123.15,3.91
1598,539393268,"01598M23:03:32.446","01598 22:16:10",218.24,857.00,,,,"     ",5.10,123.40,3.92
1598,539393269,"01598M23:03:33.419","01598 22:16:11",218.24,856.89,,,,"     ",5.10,123.40,3.92
1598,539393270,"01598M23:03:34.393","01598 22:16:12",218.24,856.85,,,,"     ",5.10,124.20,3.95
1598,539393271,"01598M23:03:35.366","01598 22:16:13",218.25,856.87,,,,"     ",5.10,123.39,3.92
1598,539393272,"01598M23:03:36.339","01598 22:16:14",218.26,856.93,,,,"     ",5.10,122.77,3.90
1598,539393273,"01598M23:03:37.312","01598 22:16:15",218.27,856.88,,,,"     ",5.10,123.19,3.91
1598,539393274,"01598M23:03:38.286","01598 22:16:16",218.28,856.91,,,,"     ",5.10,122.31,3.88
1598,539393275,"01598M23:03:39.259","01598 22:16:17",218.28,856.88,,,,"     ",5.10,122.49,3.88
1598,539393276,"01598M23:03:40.232","01598 22:16:18",218.27,856.93,,,,"     ",5.10,122.56,3.89
1598,539393277,"01598M23:03:41.205","01598 22:16:19",218.26,856.98,,,,"     ",5.10,122.66,3.89
1598,539393278,"01598M23:03:42.179","01598 22:16:20",218.24,856.90,,,,"     ",5.10,122.97,3.90
1598,539393279,"01598M23:03:43.152","01598 22:16:21",218.22,856.90,,,,"     ",5.10,122.62,3.88
1598,539393280,"01598M23:03:44.125","01598 22:16:22",218.19,856.94,,,,"     ",5.10,122.81,3.89
1598,539393281,"01598M23:03:45.098","01598 22:16:23",218.16,856.97,,,,"     ",5.10,123.15,3.90
1598,539393282,"01598M23:03:46.072","01598 22:16:24",218.14,856.87,,,,"     ",5.10,123.76,3.92
1598,539393283,"01598M23:03:47.045","01598 22:16:25",218.12,857.03,,,,"     ",5.10,121.92,3.86
1598,539393284,"01598M23:03:48.018","01598 22:16:26",218.09,857.02,,,,"     ",5.10,122.52,3.88
1598,539393285,"01598M23:03:48.991","01598 22:16:27",218.06,857.08,,,,"     ",5.10,122.55,3.88
1598,539393286,"01598M23:03:49.965","01598 22:16:28",218.03,857.18,,,,"     ",5.10,122.75,3.88
1598,539393287,"01598M23:03:50.938","01598 22:16:29",218.00,857.09,,,,"     ",5.10,122.57,3.87
1598,539393288,"01598M23:03:51.911","01598 22:16:30",217.97,857.12,,,,"     ",5.10,121.71,3.85
1598,539393289,"01598M23:03:52.884","01598 22:16:30",217.94,857.09,,,,"     ",5.10,122.69,3.88
1598,539393290,"01598M23:03:53.858","01598 22:16:31",217.92,857.11,,,,"     ",5.10,121.78,3.85
1598,539393291,"01598M23:03:54.831","01598 22:16:32",217.90,857.10,,,,"     ",5.10,122.64,3.87
1598,539393292,"01598M23:03:55.804","01598 22:16:33",217.89,857.13,,,,"     ",5.10,122.46,3.87
1598,539393293,"01598M23:03:56.777","01598 22:16:34",217.89,857.13,,,,"     ",5.10,123.00,3.88
1598,539393294,"01598M23:03:57.751","01598 22:16:35",217.89,857.14,,,,"     ",5.10,121.70,3.84
1598,539393295,"01598M23:03:58.724","01598 22:16:36",217.90,857.04,,,,"     ",5.10,121.90,3.85
1598,539393296,"01598M23:03:59.697","01598 22:16:37",217.93,856.97,,,,"     ",5.10,121.38,3.83
1598,539393297,"01598M23:04:00.670","01598 22:16:38",217.96,857.04,,,,"     ",5.10,121.06,3.82
1598,539393298,"01598M23:04:01.644","01598 22:16:39",217.99,857.03,,,,"     ",5.10,122.05,3.85
1598,539393299,"01598M23:04:02.617","01598 22:16:40",218.03,856.99,,,,"     ",5.10,121.48,3.83
1598,539393300,"01598M23:04:03.590","01598 22:16:41",218.07,857.00,,,,"     ",5.10,120.88,3.81
1598,539393301,"01598M23:04:04.563","01598 22:16:42",218.10,856.99,,,,"     ",5.10,121.75,3.84
1598,539393302,"01598M23:04:05.537","01598 22:16:43",218.13,857.00,,,,"     ",5.10,121.34,3.82
1598,539393303,"01598M23:04:06.510","01598 22:16:44",218.15,856.99,,,,"     ",5.10,121.60,3.83
1598,539393304,"01598M23:04:07.483","01598 22:16:45",218.17,856.98,,,,"     ",5.10,121.44,3.83
1598,539393305,"01598M23:04:08.456","01598 22:16:46",218.17,856.99,,,,"     ",5.10,121.64,3.83
1598,539393306,"01598M23:04:09.430","01598 22:16:47",218.16,857.11,,,,"     ",5.10,121.36,3.82
1598,539393307,"01598M23:04:10.403","01598 22:16:48",218.15,857.14,,,,"     ",5.10,121.34,3.82
1598,539393308,"01598M23:04:11.376","01598 22:16:49",218.12,857.11,,,,"     ",5.10,121.26,3.82
1598,539393309,"01598M23:04:12.349","01598 22:16:50",218.10,857.07,,,,"     ",5.10,121.65,3.83
1598,539393310,"01598M23:04:13.323","01598 22:16:51",218.06,857.15,,,,"     ",5.10,121.19,3.82
1598,539393311,"01598M23:04:14.296","01598 22:16:52",218.03,857.17,,,,"     ",5.10,121.70,3.83
1598,539393312,"01598M23:04:15.269","01598 22:16:53",217.98,857.18,,,,"     ",5.10,121.91,3.84
1598,539393313,"01598M23:04:16.243","01598 22:16:54",217.94,857.18,,,,"     ",5.10,121.78,3.83
1598,539393314,"01598M23:04:17.216","01598 22:16:55",217.89,857.21,,,,"     ",5.10,121.60,3.83
1598,539393315,"01598M23:04:18.189","01598 22:16:56",217.85,857.27,,,,"     ",5.10,120.98,3.81
1598,539393316,"01598M23:04:19.162","01598 22:16:57",217.81,857.18,,,,"     ",5.10,120.90,3.80
1598,539393317,"01598M23:04:20.136","01598 22:16:58",217.78,857.25,,,,"     ",5.10,121.57,3.82
1598,539393318,"01598M23:04:21.109","01598 22:16:59",217.76,857.22,,,,"     ",5.10,121.45,3.82
1598,539393319,"01598M23:04:22.082","01598 22:17:00",217.75,857.20,,,,"     ",5.10,121.67,3.83
1598,539393320,"01598M23:04:23.055","01598 22:17:01",217.76,857.20,,,,"     ",5.10,121.66,3.83
1598,539393321,"01598M23:04:24.029","01598 22:17:02",217.77,857.17,,,,"     ",5.10,121.41,3.82
1598,539393322,"01598M23:04:25.002","01598 22:17:03",217.79,857.20,,,,"     ",5.10,120.84,3.80
1598,539393323,"01598M23:04:25.975","01598 22:17:04",217.80,857.18,,,,"     ",5.10,121.66,3.83
1598,539393324,"01598M23:04:26.948","01598 22:17:05",217.82,857.19,,,,"     ",5.10,121.06,3.80
1598,539393325,"01598M23:04:27.922","01598 22:17:06",217.83,857.16,,,,"     ",5.10,121.57,3.82
1598,539393326,"01598M23:04:28.895","01598 22:17:06",217.83,857.17,,,,"     ",5.10,122.02,3.83
1598,539393327,"01598M23:04:29.868","01598 22:17:07",217.82,857.14,,,,"     ",5.10,120.96,3.80
1598,539393328,"01598M23:04:30.841","01598 22:17:08",217.79,857.21,,,,"     ",5.10,121.58,3.82
1598,539393329,"01598M23:04:31.815","01598 22:17:09",217.76,857.24,,,,"     ",5.10,121.06,3.80
1598,539393330,"01598M23:04:32.788","01598 22:17:10",217.72,857.24,,,,"     ",5.10,121.36,3.81
1598,539393331,"01598M23:04:33.761","01598 22:17:11",217.69,857.15,,,,"     ",5.10,121.54,3.82
1598,539393332,"01598M23:04:34.734","01598 22:17:12",217.66,857.21,,,,"     ",5.10,121.22,3.81
1598,539393333,"01598M23:04:35.708","01598 22:17:13",217.64,857.21,,,,"     ",5.10,120.06,3.77
1598,539393334,"01598M23:04:36.681","01598 22:17:14",217.63,857.12,,,,"     ",5.10,121.06,3.80
1598,539393335,"01598M23:04:37.654","01598 22:17:15",217.61,857.15,,,,"     ",5.10,120.92,3.79
1598,539393336,"01598M23:04:38.627","01598 22:17:16",217.60,857.11,,,,"     ",5.10,121.40,3.81
1598,539393337,"01598M23:04:39.601","01598 22:17:17",217.58,857.14,,,,"     ",5.10,121.21,3.80
1598,539393338,"01598M23:04:40.574","01598 22:17:18",217.56,857.16,,,,"     ",5.10,120.30,3.78
1598,539393339,"01598M23:04:41.547","01598 22:17:19",217.54,857.20,,,,"     ",5.10,120.61,3.79
1598,539393340,"01598M23:04:42.520","01598 22:17:20",217.52,857.16,,,,"     ",5.10,120.10,3.77
1598,539393341,"01598M23:04:43.494","01598 22:17:21",217.50,857.22,,,,"     ",5.10,119.54,3.75
1598,539393342,"01598M23:04:44.467","01598 22:17:22",217.47,857.25,,,,"     ",5.10,120.90,3.79
1598,539393343,"01598M23:04:45.440","01598 22:17:23",217.45,857.30,,,,"     ",5.10,120.51,3.78
1598,539393344,"01598M23:04:46.413","01598 22:17:24",217.44,857.32,,,,"     ",5.10,121.50,3.81
1598,539393345,"01598M23:04:47.387","01598 22:17:25",217.43,857.27,,,,"     ",5.10,121.07,3.80
1598,539393346,"01598M23:04:48.360","01598 22:17:26",217.43,857.25,,,,"     ",5.10,119.83,3.76
1598,539393347,"01598M23:04:49.333","01598 22:17:27",217.43,857.30,,,,"     ",5.10,119.99,3.76
1598,539393348,"01598M23:04:50.306","01598 22:17:28",217.42,857.38,,,,"     ",5.10,121.00,3.80
1598,539393349,"01598M23:04:51.280","01598 22:17:29",217.41,857.36,,,,"     ",5.10,119.84,3.76
1598,539393350,"01598M23:04:52.253","01598 22:17:30",217.39,857.28,,,,"     ",5.10,120.40,3.78
1598,539393351,"01598M23:04:53.226","01598 22:17:31",217.35,857.37,,,,"     ",5.10,119.20,3.74
1598,539393352,"01598M23:04:54.199","01598 22:17:32",217.29,857.28,,,,"     ",5.10,119.95,3.76
1598,539393353,"01598M23:04:55.173","01598 22:17:33",217.22,857.27,,,,"     ",5.10,119.81,3.76
1598,539393354,"01598M23:04:56.146","01598 22:17:34",217.15,857.28,,,,"     ",5.10,120.20,3.77
1598,539393355,"01598M23:04:57.119","01598 22:17:35",217.08,857.25,,,,"     ",5.10,119.74,3.76
1598,539393356,"01598M23:04:58.092","01598 22:17:36",217.01,857.10,,,,"     ",5.10,118.95,3.73
1598,539393357,"01598M23:04:59.066","01598 22:17:37",216.96,857.05,,,,"     ",5.10,119.20,3.74
1598,539393358,"01598M23:05:00.039","01598 22:17:38",216.92,857.09,,,,"     ",5.10,119.49,3.75
1598,539393359,"01598M23:05:01.012","01598 22:17:39",216.89,856.97,,,,"     ",5.10,119.22,3.74
1598,539393360,"01598M23:05:01.985","01598 22:17:40",216.86,856.99,,,,"     ",5.10,119.94,3.76
1598,539393361,"01598M23:05:02.959","01598 22:17:41",216.85,857.05,,,,"     ",5.10,119.72,3.76
1598,539393362,"01598M23:05:03.932","01598 22:17:42",216.83,857.11,,,,"     ",5.10,120.26,3.77
1598,539393363,"01598M23:05:04.905","01598 22:17:43",216.81,857.13,,,,"     ",5.10,119.58,3.75
1598,539393364,"01598M23:05:05.878","01598 22:17:43",216.79,857.16,,,,"     ",5.10,119.62,3.75
1598,539393365,"01598M23:05:06.852","01598 22:17:44",216.76,857.03,,,,"     ",5.10,120.07,3.77
1598,539393366,"01598M23:05:07.825","01598 22:17:45",216.74,856.98,,,,"     ",5.10,119.21,3.74
1598,539393367,"01598M23:05:08.798","01598 22:17:46",216.73,856.89,,,,"     ",5.10,119.36,3.74
1598,539393368,"01598M23:05:09.771","01598 22:17:47",216.74,856.96,,,,"     ",5.10,119.77,3.76
1598,539393369,"01598M23:05:10.745","01598 22:17:48",216.76,857.06,,,,"     ",5.10,120.20,3.77
1598,539393370,"01598M23:05:11.718","01598 22:17:49",216.80,857.06,,,,"     ",5.10,119.75,3.76
1598,539393371,"01598M23:05:12.691","01598 22:17:50",216.85,857.11,,,,"     ",5.10,119.49,3.75
1598,539393372,"01598M23:05:13.664","01598 22:17:51",216.91,857.07,,,,"     ",5.10,118.77,3.72
1598,539393373,"01598M23:05:14.638","01598 22:17:52",216.99,857.11,,,,"     ",5.10,119.88,3.76
1598,539393374,"01598M23:05:15.611","01598 22:17:53",217.07,857.11,,,,"     ",5.10,119.45,3.75
1598,539393375,"01598M23:05:16.584","01598 22:17:54",217.16,857.03,,,,"     ",5.10,120.09,3.77
1598,539393376,"01598M23:05:17.557","01598 22:17:55",217.23,856.99,,,,"     ",5.10,120.05,3.76
1598,539393377,"01598M23:05:18.531","01598 22:17:56",217.29,856.91,,,,"     ",5.10,119.81,3.76
1598,539393378,"01598M23:05:19.504","01598 22:17:57",217.33,856.89,,,,"     ",5.10,120.04,3.76
1598,539393379,"01598M23:05:20.477","01598 22:17:58",217.37,856.99,,,,"     ",5.10,120.27,3.77
1598,539393380,"01598M23:05:21.450","01598 22:17:59",217.39,857.08,,,,"     ",5.10,119.74,3.75
1598,539393381,"01598M23:05:22.424","01598 22:18:00",217.41,857.03,,,,"     ",5.10,119.83,3.76
1598,539393382,"01598M23:05:23.397","01598 22:18:01",217.42,857.06,,,,"     ",5.10,119.95,3.76
1598,539393383,"01598M23:05:24.370","01598 22:18:02",217.43,857.03,,,,"     ",5.10,120.13,3.77
1598,539393384,"01598M23:05:25.344","01598 22:18:03",217.43,857.05,,,,"     ",5.10,119.53,3.75
1598,539393385,"01598M23:05:26.317","01598 22:18:04",217.43,857.06,,,,"     ",5.10,120.28,3.77
1598,539393386,"01598M23:05:27.290","01598 22:18:05",217.43,857.07,,,,"     ",5.10,120.53,3.78
1598,539393387,"01598M23:05:28.263","01598 22:18:06",217.42,856.99,,,,"     ",5.10,119.43,3.74
1598,539393388,"01598M23:05:29.237","01598 22:18:07",217.40,856.85,,,,"     ",5.10,119.77,3.75
1598,539393389,"01598M23:05:30.210","01598 22:18:08",217.38,856.85,,,,"     ",5.10,121.00,3.79
1598,539393390,"01598M23:05:31.183","01598 22:18:09",217.35,856.93,,,,"     ",5.10,120.37,3.77
1598,539393391,"01598M23:05:32.156","01598 22:18:10",217.31,857.00,,,,"     ",5.10,121.04,3.79
1598,539393392,"01598M23:05:33.130","01598 22:18:11",217.27,856.93,,,,"     ",5.10,120.34,3.77
1598,539393393,"01598M23:05:34.103","01598 22:18:12",217.22,856.98,,,,"     ",5.10,119.40,3.74
1598,539393394,"01598M23:05:35.076","01598 22:18:13",217.16,856.97,,,,"     ",5.10,119.69,3.75
1598,539393395,"01598M23:05:36.049","01598 22:18:14",217.10,857.10,,,,"     ",5.10,119.28,3.73
1598,539393396,"01598M23:05:37.023","01598 22:18:15",217.03,857.12,,,,"     ",5.10,119.84,3.75
